date,county,fips,population,confirmed_cases,reported_cases,probable_cases,reported_and_probable_cases,reported_deaths
2021-10-11,Alameda,1,1643700,116749,116759,2837,119596,1358
2021-10-11,Alpine,3,1148,102,102,0,102,0
2021-10-11,Amador,5,37829,5285,5286,59,5345,62
2021-10-11,Butte,7,227075,19452,19452,3622,23074,253
2021-10-11,Calaveras,9,45235,3750,3750,45,3795,75
2021-10-11,Colusa,11,21464,2426,2427,574,3001,18
2021-10-11,Contra Costa,13,1133247,96830,96832,2092,98924,960
2021-10-11,Del Norte,15,27424,3510,3510,32,3542,39
2021-10-11,El Dorado,17,186661,15272,15273,1615,16888,146
2021-10-11,Fresno,19,978130,131703,131703,11516,143219,2036
2021-10-11,Glenn,21,27897,3308,3308,951,4259,26
2021-10-11,Humboldt,23,135768,8569,8571,455,9026,101
2021-10-11,Imperial,25,180216,32203,32207,3232,35439,762
2021-10-11,Inyo,27,18085,1862,1862,29,1891,39
2021-10-11,Kern,29,883053,120680,120684,19812,140496,1575
2021-10-11,Kings,31,150075,30178,30180,1888,32068,309
2021-10-11,Lake,33,64148,6361,6361,128,6489,97
2021-10-11,Lassen,35,31185,6499,6499,321,6820,25
2021-10-11,Los Angeles,37,10098052,1406596,1406826,55297,1462123,26346
2021-10-11,Madera,39,155013,21553,21555,1745,23300,272
2021-10-11,Marin,41,260295,17116,17121,425,17546,242
2021-10-11,Mariposa,43,17540,1083,1083,26,1109,5
2021-10-11,Mendocino,45,87422,7064,7064,403,7467,82
2021-10-11,Merced,47,269075,40062,40064,1433,41497,566
2021-10-11,Modoc,49,8938,482,482,169,651,5
2021-10-11,Mono,51,14174,1604,1604,16,1620,3
2021-10-11,Monterey,53,433212,47241,47241,3337,50578,580
2021-10-11,Napa,55,140530,12653,12654,97,12751,96
2021-10-11,Nevada,57,99092,8711,8716,288,9004,90
2021-10-11,Orange,59,3164182,299940,299941,14439,314380,5499
2021-10-11,Placer,61,380077,35173,35173,3499,38672,404
2021-10-11,Plumas,63,18699,1469,1469,30,1499,6
2021-10-11,Riverside,65,2383286,351387,351444,16817,368261,4973
2021-10-11,Sacramento,67,1510023,152679,152681,4208,156889,2169
2021-10-11,San Benito,69,59416,7182,7184,157,7341,71
2021-10-11,San Bernardino,71,2135413,344548,344594,10867,355461,5549
2021-10-11,San Diego,73,3302833,361712,361712,0,361712,4124
2021-10-11,San Francisco,75,870044,51268,51275,2556,53831,643
2021-10-11,San Joaquin,77,732212,96145,96152,5224,101376,1681
2021-10-11,San Luis Obispo,79,281455,28344,28355,1183,29538,327
2021-10-11,San Mateo,81,765935,52292,52298,1396,53694,569
2021-10-11,Santa Barbara,83,443738,43018,43018,1643,44661,515
2021-10-11,Santa Clara,85,1922200,142823,142836,1200,144036,1882
2021-10-11,Santa Cruz,87,273765,19745,19745,1062,20807,217
2021-10-11,Shasta,89,179085,19662,19662,3352,23014,295
2021-10-11,Sierra,91,2930,147,147,16,163,0
2021-10-11,Siskiyou,93,43540,3159,3159,1226,4385,42
2021-10-11,Solano,95,438530,44463,44474,1165,45639,329
2021-10-11,Sonoma,97,501317,40058,40067,508,40575,390
2021-10-11,Stanislaus,99,539301,75459,75478,8330,83808,1118
2021-10-11,Sutter,101,95872,13422,13427,285,13712,165
2021-10-11,Tehama,103,63373,7794,7795,1336,9131,102
2021-10-11,Trinity,105,12862,675,675,177,852,11
2021-10-11,Tulare,107,460477,64094,64094,14130,78224,942
2021-10-11,Tuolumne,109,53932,6602,6602,71,6673,89
2021-10-11,Ventura,111,848112,95872,95876,4313,100189,1160
2021-10-11,Yolo,113,214977,18977,18977,1041,20018,247
2021-10-11,Yuba,115,75493,9655,9657,201,9858,69
2021-10-10,Alameda,1,1643700,116749,116679,2837,119516,1358
2021-10-10,Alpine,3,1148,102,102,0,102,0
2021-10-10,Amador,5,37829,5285,5278,59,5337,62
2021-10-10,Butte,7,227075,19452,19430,3622,23052,253
2021-10-10,Calaveras,9,45235,3750,3747,45,3792,75
2021-10-10,Colusa,11,21464,2426,2425,574,2999,18
2021-10-10,Contra Costa,13,1133247,96830,96760,2092,98852,960
2021-10-10,Del Norte,15,27424,3510,3507,32,3539,39
2021-10-10,El Dorado,17,186661,15272,15250,1615,16865,146
2021-10-10,Fresno,19,978130,131703,131434,11516,142950,2035
2021-10-10,Glenn,21,27897,3308,3297,951,4248,26
2021-10-10,Humboldt,23,135768,8569,8554,455,9009,101
2021-10-10,Imperial,25,180216,32203,32167,3232,35399,762
2021-10-10,Inyo,27,18085,1862,1857,29,1886,39
2021-10-10,Kern,29,883053,120680,120552,19812,140364,1573
2021-10-10,Kings,31,150075,30178,30122,1888,32010,308
2021-10-10,Lake,33,64148,6361,6349,128,6477,97
2021-10-10,Lassen,35,31185,6499,6495,321,6816,26
2021-10-10,Los Angeles,37,10098052,1406596,1406034,55297,1461331,26338
2021-10-10,Madera,39,155013,21553,21486,1745,23231,272
2021-10-10,Marin,41,260295,17116,17112,425,17537,242
2021-10-10,Mariposa,43,17540,1083,1074,26,1100,5
2021-10-10,Mendocino,45,87422,7064,7060,403,7463,81
2021-10-10,Merced,47,269075,40062,40036,1433,41469,566
2021-10-10,Modoc,49,8938,482,482,169,651,5
2021-10-10,Mono,51,14174,1604,1596,16,1612,3
2021-10-10,Monterey,53,433212,47241,47228,3337,50565,580
2021-10-10,Napa,55,140530,12653,12641,97,12738,96
2021-10-10,Nevada,57,99092,8711,8689,288,8977,90
2021-10-10,Orange,59,3164182,299940,299787,14439,314226,5499
2021-10-10,Placer,61,380077,35173,35128,3499,38627,404
2021-10-10,Plumas,63,18699,1469,1468,30,1498,6
2021-10-10,Riverside,65,2383286,351387,351248,16817,368065,4973
2021-10-10,Sacramento,67,1510023,152679,152405,4208,156613,2178
2021-10-10,San Benito,69,59416,7182,7180,157,7337,71
2021-10-10,San Bernardino,71,2135413,344548,344423,10867,355290,5551
2021-10-10,San Diego,73,3302833,361712,361038,0,361038,4113
2021-10-10,San Francisco,75,870044,51268,51216,2556,53772,643
2021-10-10,San Joaquin,77,732212,96145,96084,5224,101308,1681
2021-10-10,San Luis Obispo,79,281455,28344,28343,1183,29526,326
2021-10-10,San Mateo,81,765935,52292,52273,1396,53669,569
2021-10-10,Santa Barbara,83,443738,43018,42987,1643,44630,515
2021-10-10,Santa Clara,85,1922200,142823,142768,1200,143968,1881
2021-10-10,Santa Cruz,87,273765,19745,19727,1062,20789,217
2021-10-10,Shasta,89,179085,19662,19635,3352,22987,296
2021-10-10,Sierra,91,2930,147,147,16,163,0
2021-10-10,Siskiyou,93,43540,3159,3155,1226,4381,42
2021-10-10,Solano,95,438530,44463,44431,1165,45596,329
2021-10-10,Sonoma,97,501317,40058,40027,508,40535,390
2021-10-10,Stanislaus,99,539301,75459,75403,8330,83733,1118
2021-10-10,Sutter,101,95872,13422,13412,285,13697,165
2021-10-10,Tehama,103,63373,7794,7764,1336,9100,102
2021-10-10,Trinity,105,12862,675,669,177,846,11
2021-10-10,Tulare,107,460477,64094,63930,14130,78060,940
2021-10-10,Tuolumne,109,53932,6602,6580,71,6651,89
2021-10-10,Ventura,111,848112,95872,95829,4313,100142,1160
2021-10-10,Yolo,113,214977,18977,18952,1041,19993,247
2021-10-10,Yuba,115,75493,9655,9641,201,9842,69
2021-10-09,Alameda,1,1643700,116740,116253,2837,119090,1356
2021-10-09,Alpine,3,1148,102,102,0,102,0
2021-10-09,Amador,5,37829,5283,5237,59,5296,62
2021-10-09,Butte,7,227075,19451,19277,3622,22899,250
2021-10-09,Calaveras,9,45235,3748,3716,45,3761,75
2021-10-09,Colusa,11,21464,2424,2419,574,2993,18
2021-10-09,Contra Costa,13,1133247,96823,96378,2092,98470,958
2021-10-09,Del Norte,15,27424,3509,3495,32,3527,39
2021-10-09,El Dorado,17,186661,15272,15153,1615,16768,144
2021-10-09,Fresno,19,978130,131688,130508,11516,142024,2018
2021-10-09,Glenn,21,27897,3308,3277,951,4228,26
2021-10-09,Humboldt,23,135768,8568,8448,455,8903,97
2021-10-09,Imperial,25,180216,32189,31989,3232,35221,760
2021-10-09,Inyo,27,18085,1861,1808,29,1837,39
2021-10-09,Kern,29,883053,120668,119795,19812,139607,1559
2021-10-09,Kings,31,150075,30171,29894,1888,31782,308
2021-10-09,Lake,33,64148,6359,6283,128,6411,97
2021-10-09,Lassen,35,31185,6499,6442,321,6763,25
2021-10-09,Los Angeles,37,10098052,1406566,1402810,55297,1458107,26280
2021-10-09,Madera,39,155013,21548,21313,1745,23058,271
2021-10-09,Marin,41,260295,17116,17049,425,17474,242
2021-10-09,Mariposa,43,17540,1083,1042,26,1068,5
2021-10-09,Mendocino,45,87422,7064,7011,403,7414,82
2021-10-09,Merced,47,269075,40060,39784,1433,41217,565
2021-10-09,Modoc,49,8938,482,477,169,646,5
2021-10-09,Mono,51,14174,1604,1577,16,1593,3
2021-10-09,Monterey,53,433212,47237,47168,3337,50505,577
2021-10-09,Napa,55,140530,12653,12586,97,12683,96
2021-10-09,Nevada,57,99092,8711,8613,288,8901,90
2021-10-09,Orange,59,3164182,299914,299089,14439,313528,5457
2021-10-09,Placer,61,380077,35169,34877,3499,38376,393
2021-10-09,Plumas,63,18699,1468,1418,30,1448,6
2021-10-09,Riverside,65,2383286,351374,350082,16817,366899,4965
2021-10-09,Sacramento,67,1510023,152668,151566,4208,155774,2160
2021-10-09,San Benito,69,59416,7181,7123,157,7280,71
2021-10-09,San Bernardino,71,2135413,344531,343452,10867,354319,5556
2021-10-09,San Diego,73,3302833,361701,359909,0,359909,4111
2021-10-09,San Francisco,75,870044,51263,50960,2556,53516,643
2021-10-09,San Joaquin,77,732212,96128,95606,5224,100830,1669
2021-10-09,San Luis Obispo,79,281455,28344,28197,1183,29380,324
2021-10-09,San Mateo,81,765935,52286,52121,1396,53517,569
2021-10-09,Santa Barbara,83,443738,43009,42735,1643,44378,514
2021-10-09,Santa Clara,85,1922200,142815,142298,1200,143498,1873
2021-10-09,Santa Cruz,87,273765,19743,19635,1062,20697,217
2021-10-09,Shasta,89,179085,19662,19437,3352,22789,290
2021-10-09,Sierra,91,2930,147,141,16,157,0
2021-10-09,Siskiyou,93,43540,3159,3124,1226,4350,42
2021-10-09,Solano,95,438530,44460,44265,1165,45430,329
2021-10-09,Sonoma,97,501317,40057,39848,508,40356,387
2021-10-09,Stanislaus,99,539301,75446,74899,8330,83229,1114
2021-10-09,Sutter,101,95872,13416,13314,285,13599,165
2021-10-09,Tehama,103,63373,7791,7670,1336,9006,99
2021-10-09,Trinity,105,12862,675,660,177,837,11
2021-10-09,Tulare,107,460477,64070,63398,14130,77528,932
2021-10-09,Tuolumne,109,53932,6596,6521,71,6592,89
2021-10-09,Ventura,111,848112,95862,95542,4313,99855,1158
2021-10-09,Yolo,113,214977,18976,18850,1041,19891,247
2021-10-09,Yuba,115,75493,9651,9551,201,9752,69
2021-10-08,Alameda,1,1643700,116702,116253,2837,119090,1356
2021-10-08,Alpine,3,1148,102,102,0,102,0
2021-10-08,Amador,5,37829,5278,5237,59,5296,62
2021-10-08,Butte,7,227075,19442,19277,3622,22899,250
2021-10-08,Calaveras,9,45235,3747,3716,45,3761,75
2021-10-08,Colusa,11,21464,2424,2419,574,2993,18
2021-10-08,Contra Costa,13,1133247,96799,96378,2092,98470,958
2021-10-08,Del Norte,15,27424,3508,3495,32,3527,39
2021-10-08,El Dorado,17,186661,15266,15153,1615,16768,144
2021-10-08,Fresno,19,978130,131573,130508,11516,142024,2018
2021-10-08,Glenn,21,27897,3303,3277,951,4228,26
2021-10-08,Humboldt,23,135768,8566,8448,455,8903,97
2021-10-08,Imperial,25,180216,32171,31989,3232,35221,760
2021-10-08,Inyo,27,18085,1854,1808,29,1837,39
2021-10-08,Kern,29,883053,120628,119795,19812,139607,1559
2021-10-08,Kings,31,150075,30157,29894,1888,31782,308
2021-10-08,Lake,33,64148,6357,6283,128,6411,97
2021-10-08,Lassen,35,31185,6499,6442,321,6763,25
2021-10-08,Los Angeles,37,10098052,1406211,1402810,55297,1458107,26280
2021-10-08,Madera,39,155013,21525,21313,1745,23058,271
2021-10-08,Marin,41,260295,17112,17049,425,17474,242
2021-10-08,Mariposa,43,17540,1082,1042,26,1068,5
2021-10-08,Mendocino,45,87422,7058,7011,403,7414,82
2021-10-08,Merced,47,269075,40054,39784,1433,41217,565
2021-10-08,Modoc,49,8938,482,477,169,646,5
2021-10-08,Mono,51,14174,1601,1577,16,1593,3
2021-10-08,Monterey,53,433212,47235,47168,3337,50505,577
2021-10-08,Napa,55,140530,12646,12586,97,12683,96
2021-10-08,Nevada,57,99092,8707,8613,288,8901,90
2021-10-08,Orange,59,3164182,299855,299089,14439,313528,5457
2021-10-08,Placer,61,380077,35156,34877,3499,38376,393
2021-10-08,Plumas,63,18699,1461,1418,30,1448,6
2021-10-08,Riverside,65,2383286,351269,350082,16817,366899,4965
2021-10-08,Sacramento,67,1510023,152569,151566,4208,155774,2160
2021-10-08,San Benito,69,59416,7180,7123,157,7280,71
2021-10-08,San Bernardino,71,2135413,344422,343452,10867,354319,5556
2021-10-08,San Diego,73,3302833,361606,359909,0,359909,4111
2021-10-08,San Francisco,75,870044,51235,50960,2556,53516,643
2021-10-08,San Joaquin,77,732212,96092,95606,5224,100830,1669
2021-10-08,San Luis Obispo,79,281455,28340,28197,1183,29380,324
2021-10-08,San Mateo,81,765935,52276,52121,1396,53517,569
2021-10-08,Santa Barbara,83,443738,42996,42735,1643,44378,514
2021-10-08,Santa Clara,85,1922200,142783,142298,1200,143498,1873
2021-10-08,Santa Cruz,87,273765,19740,19635,1062,20697,217
2021-10-08,Shasta,89,179085,19661,19437,3352,22789,290
2021-10-08,Sierra,91,2930,147,141,16,157,0
2021-10-08,Siskiyou,93,43540,3158,3124,1226,4350,42
2021-10-08,Solano,95,438530,44433,44265,1165,45430,329
2021-10-08,Sonoma,97,501317,40033,39848,508,40356,387
2021-10-08,Stanislaus,99,539301,75425,74899,8330,83229,1114
2021-10-08,Sutter,101,95872,13406,13314,285,13599,165
2021-10-08,Tehama,103,63373,7789,7670,1336,9006,99
2021-10-08,Trinity,105,12862,675,660,177,837,11
2021-10-08,Tulare,107,460477,64041,63398,14130,77528,932
2021-10-08,Tuolumne,109,53932,6591,6521,71,6592,89
2021-10-08,Ventura,111,848112,95841,95542,4313,99855,1158
2021-10-08,Yolo,113,214977,18965,18850,1041,19891,247
2021-10-08,Yuba,115,75493,9639,9551,201,9752,69
2021-10-07,Alameda,1,1643700,116590,116253,2837,119090,1356
2021-10-07,Alpine,3,1148,102,102,0,102,0
2021-10-07,Amador,5,37829,5276,5237,59,5296,62
2021-10-07,Butte,7,227075,19412,19277,3622,22899,250
2021-10-07,Calaveras,9,45235,3744,3716,45,3761,75
2021-10-07,Colusa,11,21464,2424,2419,574,2993,18
2021-10-07,Contra Costa,13,1133247,96703,96378,2092,98470,958
2021-10-07,Del Norte,15,27424,3503,3495,32,3527,39
2021-10-07,El Dorado,17,186661,15238,15153,1615,16768,144
2021-10-07,Fresno,19,978130,131327,130508,11516,142024,2018
2021-10-07,Glenn,21,27897,3299,3277,951,4228,26
2021-10-07,Humboldt,23,135768,8544,8448,455,8903,97
2021-10-07,Imperial,25,180216,32093,31989,3232,35221,760
2021-10-07,Inyo,27,18085,1845,1808,29,1837,39
2021-10-07,Kern,29,883053,120494,119795,19812,139607,1559
2021-10-07,Kings,31,150075,30113,29894,1888,31782,308
2021-10-07,Lake,33,64148,6344,6283,128,6411,97
2021-10-07,Lassen,35,31185,6494,6442,321,6763,25
2021-10-07,Los Angeles,37,10098052,1405377,1402810,55297,1458107,26280
2021-10-07,Madera,39,155013,21467,21313,1745,23058,271
2021-10-07,Marin,41,260295,17100,17049,425,17474,242
2021-10-07,Mariposa,43,17540,1076,1042,26,1068,5
2021-10-07,Mendocino,45,87422,7054,7011,403,7414,82
2021-10-07,Merced,47,269075,40015,39784,1433,41217,565
2021-10-07,Modoc,49,8938,481,477,169,646,5
2021-10-07,Mono,51,14174,1595,1577,16,1593,3
2021-10-07,Monterey,53,433212,47213,47168,3337,50505,577
2021-10-07,Napa,55,140530,12636,12586,97,12683,96
2021-10-07,Nevada,57,99092,8675,8613,288,8901,90
2021-10-07,Orange,59,3164182,299650,299089,14439,313528,5457
2021-10-07,Placer,61,380077,35107,34877,3499,38376,393
2021-10-07,Plumas,63,18699,1448,1418,30,1448,6
2021-10-07,Riverside,65,2383286,351009,350082,16817,366899,4965
2021-10-07,Sacramento,67,1510023,152288,151566,4208,155774,2160
2021-10-07,San Benito,69,59416,7164,7123,157,7280,71
2021-10-07,San Bernardino,71,2135413,344213,343452,10867,354319,5556
2021-10-07,San Diego,73,3302833,361335,359909,0,359909,4111
2021-10-07,San Francisco,75,870044,51190,50960,2556,53516,643
2021-10-07,San Joaquin,77,732212,95971,95606,5224,100830,1669
2021-10-07,San Luis Obispo,79,281455,28312,28197,1183,29380,324
2021-10-07,San Mateo,81,765935,52251,52121,1396,53517,569
2021-10-07,Santa Barbara,83,443738,42950,42735,1643,44378,514
2021-10-07,Santa Clara,85,1922200,142658,142298,1200,143498,1873
2021-10-07,Santa Cruz,87,273765,19722,19635,1062,20697,217
2021-10-07,Shasta,89,179085,19638,19437,3352,22789,290
2021-10-07,Sierra,91,2930,147,141,16,157,0
2021-10-07,Siskiyou,93,43540,3157,3124,1226,4350,42
2021-10-07,Solano,95,438530,44394,44265,1165,45430,329
2021-10-07,Sonoma,97,501317,40005,39848,508,40356,387
2021-10-07,Stanislaus,99,539301,75301,74899,8330,83229,1114
2021-10-07,Sutter,101,95872,13393,13314,285,13599,165
2021-10-07,Tehama,103,63373,7764,7670,1336,9006,99
2021-10-07,Trinity,105,12862,673,660,177,837,11
2021-10-07,Tulare,107,460477,63907,63398,14130,77528,932
2021-10-07,Tuolumne,109,53932,6583,6521,71,6592,89
2021-10-07,Ventura,111,848112,95784,95542,4313,99855,1158
2021-10-07,Yolo,113,214977,18943,18850,1041,19891,247
2021-10-07,Yuba,115,75493,9619,9551,201,9752,69
2021-10-06,Alameda,1,1643700,116479,116058,2837,118895,1353
2021-10-06,Alpine,3,1148,102,102,0,102,0
2021-10-06,Amador,5,37829,5271,5205,59,5264,62
2021-10-06,Butte,7,227075,19355,19208,3622,22830,247
2021-10-06,Calaveras,9,45235,3737,3669,45,3714,75
2021-10-06,Colusa,11,21464,2423,2414,574,2988,18
2021-10-06,Contra Costa,13,1133247,96600,96184,2092,98276,953
2021-10-06,Del Norte,15,27424,3501,3490,32,3522,39
2021-10-06,El Dorado,17,186661,15213,15078,1615,16693,140
2021-10-06,Fresno,19,978130,131068,130074,11516,141590,2008
2021-10-06,Glenn,21,27897,3292,3270,951,4221,26
2021-10-06,Humboldt,23,135768,8526,8416,455,8871,94
2021-10-06,Imperial,25,180216,32069,31930,3232,35162,760
2021-10-06,Inyo,27,18085,1834,1806,29,1835,39
2021-10-06,Kern,29,883053,120314,119491,19812,139303,1552
2021-10-06,Kings,31,150075,30060,29785,1888,31673,308
2021-10-06,Lake,33,64148,6329,6271,128,6399,97
2021-10-06,Lassen,35,31185,6487,6429,321,6750,25
2021-10-06,Los Angeles,37,10098052,1404514,1401675,55297,1456972,26252
2021-10-06,Madera,39,155013,21414,21230,1745,22975,269
2021-10-06,Marin,41,260295,17092,17042,425,17467,242
2021-10-06,Mariposa,43,17540,1070,1036,26,1062,5
2021-10-06,Mendocino,45,87422,7044,6986,403,7389,81
2021-10-06,Merced,47,269075,39949,39666,1433,41099,563
2021-10-06,Modoc,49,8938,481,477,169,646,5
2021-10-06,Mono,51,14174,1588,1568,16,1584,3
2021-10-06,Monterey,53,433212,47185,47136,3337,50473,577
2021-10-06,Napa,55,140530,12622,12552,97,12649,96
2021-10-06,Nevada,57,99092,8650,8582,288,8870,90
2021-10-06,Orange,59,3164182,299462,298785,14439,313224,5448
2021-10-06,Placer,61,380077,35058,34764,3499,38263,390
2021-10-06,Plumas,63,18699,1432,1383,30,1413,6
2021-10-06,Riverside,65,2383286,350737,349645,16817,366462,4953
2021-10-06,Sacramento,67,1510023,151996,151164,4208,155372,2141
2021-10-06,San Benito,69,59416,7151,7108,157,7265,69
2021-10-06,San Bernardino,71,2135413,344004,343022,10867,353889,5551
2021-10-06,San Diego,73,3302833,360991,359564,0,359564,4104
2021-10-06,San Francisco,75,870044,51130,50894,2556,53450,641
2021-10-06,San Joaquin,77,732212,95855,95418,5224,100642,1658
2021-10-06,San Luis Obispo,79,281455,28279,28170,1183,29353,323
2021-10-06,San Mateo,81,765935,52217,52056,1396,53452,569
2021-10-06,Santa Barbara,83,443738,42887,42687,1643,44330,513
2021-10-06,Santa Clara,85,1922200,142536,142124,1200,143324,1872
2021-10-06,Santa Cruz,87,273765,19697,19604,1062,20666,217
2021-10-06,Shasta,89,179085,19596,19325,3352,22677,287
2021-10-06,Sierra,91,2930,147,138,16,154,0
2021-10-06,Siskiyou,93,43540,3150,3116,1226,4342,42
2021-10-06,Solano,95,438530,44356,44185,1165,45350,328
2021-10-06,Sonoma,97,501317,39952,39787,508,40295,383
2021-10-06,Stanislaus,99,539301,75177,74699,8330,83029,1114
2021-10-06,Sutter,101,95872,13382,13284,285,13569,164
2021-10-06,Tehama,103,63373,7732,7629,1336,8965,99
2021-10-06,Trinity,105,12862,669,656,177,833,11
2021-10-06,Tulare,107,460477,63765,63198,14130,77328,926
2021-10-06,Tuolumne,109,53932,6564,6486,71,6557,89
2021-10-06,Ventura,111,848112,95717,95449,4313,99762,1158
2021-10-06,Yolo,113,214977,18919,18815,1041,19856,247
2021-10-06,Yuba,115,75493,9604,9520,201,9721,69
2021-10-05,Alameda,1,1643700,116361,115968,2837,118805,1350
2021-10-05,Alpine,3,1148,102,102,0,102,0
2021-10-05,Amador,5,37829,5250,5194,59,5253,61
2021-10-05,Butte,7,227075,19311,19137,3622,22759,246
2021-10-05,Calaveras,9,45235,3728,3657,45,3702,73
2021-10-05,Colusa,11,21464,2420,2414,574,2988,18
2021-10-05,Contra Costa,13,1133247,96511,96108,2092,98200,941
2021-10-05,Del Norte,15,27424,3498,3485,32,3517,39
2021-10-05,El Dorado,17,186661,15179,15052,1615,16667,140
2021-10-05,Fresno,19,978130,130772,129957,11516,141473,1987
2021-10-05,Glenn,21,27897,3288,3270,951,4221,26
2021-10-05,Humboldt,23,135768,8488,8398,455,8853,94
2021-10-05,Imperial,25,180216,32030,31909,3232,35141,759
2021-10-05,Inyo,27,18085,1829,1800,29,1829,39
2021-10-05,Kern,29,883053,120106,119260,19812,139072,1540
2021-10-05,Kings,31,150075,30003,29749,1888,31637,301
2021-10-05,Lake,33,64148,6319,6264,128,6392,97
2021-10-05,Lassen,35,31185,6468,6417,321,6738,25
2021-10-05,Los Angeles,37,10098052,1403577,1400300,55297,1455597,26223
2021-10-05,Madera,39,155013,21366,21183,1745,22928,269
2021-10-05,Marin,41,260295,17083,17024,425,17449,242
2021-10-05,Mariposa,43,17540,1055,1033,26,1059,5
2021-10-05,Mendocino,45,87422,7026,6972,403,7375,79
2021-10-05,Merced,47,269075,39873,39608,1433,41041,562
2021-10-05,Modoc,49,8938,478,475,169,644,5
2021-10-05,Mono,51,14174,1584,1565,16,1581,3
2021-10-05,Monterey,53,433212,47177,47087,3337,50424,573
2021-10-05,Napa,55,140530,12603,12533,97,12630,96
2021-10-05,Nevada,57,99092,8637,8576,288,8864,90
2021-10-05,Orange,59,3164182,299276,298589,14439,313028,5441
2021-10-05,Placer,61,380077,34994,34728,3499,38227,382
2021-10-05,Plumas,63,18699,1407,1357,30,1387,6
2021-10-05,Riverside,65,2383286,350462,349365,16817,366182,4942
2021-10-05,Sacramento,67,1510023,151710,151111,4208,155319,2126
2021-10-05,San Benito,69,59416,7131,7103,157,7260,69
2021-10-05,San Bernardino,71,2135413,343786,342711,10867,353578,5557
2021-10-05,San Diego,73,3302833,360588,359194,0,359194,4092
2021-10-05,San Francisco,75,870044,51047,50826,2556,53382,641
2021-10-05,San Joaquin,77,732212,95734,95276,5224,100500,1651
2021-10-05,San Luis Obispo,79,281455,28230,28113,1183,29296,324
2021-10-05,San Mateo,81,765935,52179,52008,1396,53404,569
2021-10-05,Santa Barbara,83,443738,42821,42595,1643,44238,511
2021-10-05,Santa Clara,85,1922200,142451,141971,1200,143171,1873
2021-10-05,Santa Cruz,87,273765,19658,19582,1062,20644,216
2021-10-05,Shasta,89,179085,19550,19285,3352,22637,286
2021-10-05,Sierra,91,2930,142,136,16,152,0
2021-10-05,Siskiyou,93,43540,3140,3107,1226,4333,42
2021-10-05,Solano,95,438530,44308,44149,1165,45314,325
2021-10-05,Sonoma,97,501317,39909,39756,508,40264,383
2021-10-05,Stanislaus,99,539301,75054,74599,8330,82929,1114
2021-10-05,Sutter,101,95872,13360,13270,285,13555,164
2021-10-05,Tehama,103,63373,7700,7607,1336,8943,98
2021-10-05,Trinity,105,12862,665,655,177,832,11
2021-10-05,Tulare,107,460477,63602,63093,14130,77223,920
2021-10-05,Tuolumne,109,53932,6554,6473,71,6544,89
2021-10-05,Ventura,111,848112,95648,95351,4313,99664,1155
2021-10-05,Yolo,113,214977,18890,18782,1041,19823,245
2021-10-05,Yuba,115,75493,9578,9504,201,9705,69
2021-10-04,Alameda,1,1643700,116248,115845,2837,118682,1347
2021-10-04,Alpine,3,1148,102,102,0,102,0
2021-10-04,Amador,5,37829,5245,5163,59,5222,61
2021-10-04,Butte,7,227075,19254,19081,3622,22703,245
2021-10-04,Calaveras,9,45235,3721,3641,45,3686,73
2021-10-04,Colusa,11,21464,2418,2414,573,2987,18
2021-10-04,Contra Costa,13,1133247,96397,95958,2092,98050,937
2021-10-04,Del Norte,15,27424,3496,3485,29,3514,39
2021-10-04,El Dorado,17,186661,15125,15031,1609,16640,138
2021-10-04,Fresno,19,978130,130520,129665,11516,141181,1978
2021-10-04,Glenn,21,27897,3279,3270,948,4218,26
2021-10-04,Humboldt,23,135768,8468,8355,455,8810,94
2021-10-04,Imperial,25,180216,31988,31866,3232,35098,757
2021-10-04,Inyo,27,18085,1820,1792,29,1821,39
2021-10-04,Kern,29,883053,119879,118984,19812,138796,1531
2021-10-04,Kings,31,150075,29931,29702,1883,31585,303
2021-10-04,Lake,33,64148,6307,6248,128,6376,97
2021-10-04,Lassen,35,31185,6456,6405,321,6726,25
2021-10-04,Los Angeles,37,10098052,1402688,1399604,55286,1454890,26186
2021-10-04,Madera,39,155013,21323,21126,1745,22871,266
2021-10-04,Marin,41,260295,17074,17008,424,17432,242
2021-10-04,Mariposa,43,17540,1047,1024,26,1050,5
2021-10-04,Mendocino,45,87422,7013,6947,403,7350,79
2021-10-04,Merced,47,269075,39777,39565,1432,40997,558
2021-10-04,Modoc,49,8938,478,473,169,642,5
2021-10-04,Mono,51,14174,1577,1561,16,1577,3
2021-10-04,Monterey,53,433212,47165,47058,3337,50395,571
2021-10-04,Napa,55,140530,12584,12506,97,12603,96
2021-10-04,Nevada,57,99092,8624,8563,288,8851,90
2021-10-04,Orange,59,3164182,299082,298165,14439,312604,5438
2021-10-04,Placer,61,380077,34935,34630,3480,38110,379
2021-10-04,Plumas,63,18699,1382,1329,30,1359,6
2021-10-04,Riverside,65,2383286,350176,348828,16813,365641,4923
2021-10-04,Sacramento,67,1510023,151334,150887,4208,155095,2115
2021-10-04,San Benito,69,59416,7120,7099,157,7256,69
2021-10-04,San Bernardino,71,2135413,343524,342418,10865,353283,5551
2021-10-04,San Diego,73,3302833,360165,358525,0,358525,4090
2021-10-04,San Francisco,75,870044,50980,50798,2556,53354,638
2021-10-04,San Joaquin,77,732212,95554,95198,5195,100393,1649
2021-10-04,San Luis Obispo,79,281455,28195,28090,1182,29272,323
2021-10-04,San Mateo,81,765935,52138,51958,1395,53353,569
2021-10-04,Santa Barbara,83,443738,42761,42585,1643,44228,511
2021-10-04,Santa Clara,85,1922200,142349,141840,1199,143039,1869
2021-10-04,Santa Cruz,87,273765,19641,19559,1060,20619,216
2021-10-04,Shasta,89,179085,19470,19170,3346,22516,279
2021-10-04,Sierra,91,2930,140,136,16,152,0
2021-10-04,Siskiyou,93,43540,3131,3103,1204,4307,42
2021-10-04,Solano,95,438530,44270,44092,1165,45257,322
2021-10-04,Sonoma,97,501317,39873,39720,508,40228,381
2021-10-04,Stanislaus,99,539301,74940,74444,8324,82768,1106
2021-10-04,Sutter,101,95872,13336,13261,283,13544,164
2021-10-04,Tehama,103,63373,7671,7585,1335,8920,95
2021-10-04,Trinity,105,12862,664,649,177,826,11
2021-10-04,Tulare,107,460477,63455,62957,14130,77087,920
2021-10-04,Tuolumne,109,53932,6538,6442,71,6513,89
2021-10-04,Ventura,111,848112,95583,95170,4313,99483,1153
2021-10-04,Yolo,113,214977,18852,18761,1041,19802,242
2021-10-04,Yuba,115,75493,9547,9481,196,9677,68
2021-10-03,Alameda,1,1643700,116151,115751,2827,118578,1349
2021-10-03,Alpine,3,1148,102,102,0,102,0
2021-10-03,Amador,5,37829,5228,5160,57,5217,61
2021-10-03,Butte,7,227075,19180,19066,3620,22686,245
2021-10-03,Calaveras,9,45235,3708,3632,45,3677,73
2021-10-03,Colusa,11,21464,2417,2413,572,2985,18
2021-10-03,Contra Costa,13,1133247,96290,95890,2092,97982,937
2021-10-03,Del Norte,15,27424,3491,3483,29,3512,39
2021-10-03,El Dorado,17,186661,15070,15014,1606,16620,139
2021-10-03,Fresno,19,978130,130201,129365,11503,140868,1978
2021-10-03,Glenn,21,27897,3269,3266,942,4208,26
2021-10-03,Humboldt,23,135768,8438,8352,453,8805,94
2021-10-03,Imperial,25,180216,31931,31844,3228,35072,757
2021-10-03,Inyo,27,18085,1808,1788,29,1817,39
2021-10-03,Kern,29,883053,119640,118851,19793,138644,1535
2021-10-03,Kings,31,150075,29865,29623,1867,31490,300
2021-10-03,Lake,33,64148,6292,6239,128,6367,97
2021-10-03,Lassen,35,31185,6432,6400,320,6720,25
2021-10-03,Los Angeles,37,10098052,1401659,1398790,55244,1454034,26179
2021-10-03,Madera,39,155013,21268,21066,1732,22798,266
2021-10-03,Marin,41,260295,17059,16995,420,17415,242
2021-10-03,Mariposa,43,17540,1040,1011,26,1037,5
2021-10-03,Mendocino,45,87422,6996,6939,392,7331,79
2021-10-03,Merced,47,269075,39669,39516,1418,40934,558
2021-10-03,Modoc,49,8938,477,472,169,641,5
2021-10-03,Mono,51,14174,1570,1554,16,1570,3
2021-10-03,Monterey,53,433212,47153,47049,3328,50377,571
2021-10-03,Napa,55,140530,12560,12489,97,12586,96
2021-10-03,Nevada,57,99092,8603,8545,288,8833,90
2021-10-03,Orange,59,3164182,298878,298027,14421,312448,5447
2021-10-03,Placer,61,380077,34832,34596,3466,38062,379
2021-10-03,Plumas,63,18699,1353,1328,30,1358,6
2021-10-03,Riverside,65,2383286,349802,348593,16800,365393,4924
2021-10-03,Sacramento,67,1510023,150961,150664,4151,154815,2120
2021-10-03,San Benito,69,59416,7111,7095,157,7252,69
2021-10-03,San Bernardino,71,2135413,343207,342302,10859,353161,5555
2021-10-03,San Diego,73,3302833,359703,358153,0,358153,4081
2021-10-03,San Francisco,75,870044,50903,50733,2548,53281,638
2021-10-03,San Joaquin,77,732212,95386,95133,5190,100323,1649
2021-10-03,San Luis Obispo,79,281455,28150,28065,1177,29242,325
2021-10-03,San Mateo,81,765935,52093,51923,1395,53318,569
2021-10-03,Santa Barbara,83,443738,42693,42550,1636,44186,511
2021-10-03,Santa Clara,85,1922200,142212,141737,1197,142934,1869
2021-10-03,Santa Cruz,87,273765,19612,19548,1060,20608,216
2021-10-03,Shasta,89,179085,19386,19132,3323,22455,279
2021-10-03,Sierra,91,2930,138,136,16,152,0
2021-10-03,Siskiyou,93,43540,3119,3096,1196,4292,42
2021-10-03,Solano,95,438530,44229,44051,1162,45213,322
2021-10-03,Sonoma,97,501317,39824,39679,508,40187,381
2021-10-03,Stanislaus,99,539301,74780,74366,8304,82670,1106
2021-10-03,Sutter,101,95872,13322,13248,279,13527,164
2021-10-03,Tehama,103,63373,7629,7564,1333,8897,94
2021-10-03,Trinity,105,12862,662,647,177,824,11
2021-10-03,Tulare,107,460477,63320,62860,14047,76907,924
2021-10-03,Tuolumne,109,53932,6514,6430,71,6501,89
2021-10-03,Ventura,111,848112,95472,95108,4310,99418,1153
2021-10-03,Yolo,113,214977,18827,18720,1036,19756,242
2021-10-03,Yuba,115,75493,9531,9462,196,9658,68
2021-10-02,Alameda,1,1643700,116077,115185,2824,118009,1343
2021-10-02,Alpine,3,1148,102,102,0,102,0
2021-10-02,Amador,5,37829,5221,5105,57,5162,61
2021-10-02,Butte,7,227075,19159,18911,3614,22525,243
2021-10-02,Calaveras,9,45235,3705,3585,45,3630,72
2021-10-02,Colusa,11,21464,2417,2403,572,2975,18
2021-10-02,Contra Costa,13,1133247,96230,95369,2089,97458,933
2021-10-02,Del Norte,15,27424,3486,3468,29,3497,39
2021-10-02,El Dorado,17,186661,15059,14887,1601,16488,136
2021-10-02,Fresno,19,978130,130074,128450,11495,139945,1964
2021-10-02,Glenn,21,27897,3269,3234,942,4176,26
2021-10-02,Humboldt,23,135768,8425,8244,453,8697,94
2021-10-02,Imperial,25,180216,31904,31674,3223,34897,757
2021-10-02,Inyo,27,18085,1801,1746,29,1775,39
2021-10-02,Kern,29,883053,119529,117962,19783,137745,1524
2021-10-02,Kings,31,150075,29826,29339,1865,31204,301
2021-10-02,Lake,33,64148,6286,6191,128,6319,97
2021-10-02,Lassen,35,31185,6430,6360,320,6680,25
2021-10-02,Los Angeles,37,10098052,1401222,1395070,55209,1450279,26126
2021-10-02,Madera,39,155013,21256,20931,1730,22661,266
2021-10-02,Marin,41,260295,17054,16936,420,17356,242
2021-10-02,Mariposa,43,17540,1040,967,26,993,5
2021-10-02,Mendocino,45,87422,6990,6869,392,7261,78
2021-10-02,Merced,47,269075,39648,39196,1413,40609,552
2021-10-02,Modoc,49,8938,477,468,169,637,5
2021-10-02,Mono,51,14174,1570,1540,16,1556,3
2021-10-02,Monterey,53,433212,47111,46964,3326,50290,571
2021-10-02,Napa,55,140530,12555,12433,97,12530,96
2021-10-02,Nevada,57,99092,8594,8474,287,8761,87
2021-10-02,Orange,59,3164182,298745,297307,14390,311697,5435
2021-10-02,Placer,61,380077,34777,34377,3458,37835,381
2021-10-02,Plumas,63,18699,1350,1298,30,1328,6
2021-10-02,Riverside,65,2383286,349599,347227,16788,364015,4895
2021-10-02,Sacramento,67,1510023,150792,149897,4147,154044,2099
2021-10-02,San Benito,69,59416,7105,7055,157,7212,69
2021-10-02,San Bernardino,71,2135413,343069,341212,10809,352021,5540
2021-10-02,San Diego,73,3302833,359447,356454,0,356454,4078
2021-10-02,San Francisco,75,870044,50864,50393,2542,52935,634
2021-10-02,San Joaquin,77,732212,95339,94599,5188,99787,1646
2021-10-02,San Luis Obispo,79,281455,28136,27915,1177,29092,323
2021-10-02,San Mateo,81,765935,52061,51767,1393,53160,573
2021-10-02,Santa Barbara,83,443738,42655,42423,1635,44058,508
2021-10-02,Santa Clara,85,1922200,142115,141231,1197,142428,1862
2021-10-02,Santa Cruz,87,273765,19601,19461,1060,20521,214
2021-10-02,Shasta,89,179085,19358,18912,3319,22231,270
2021-10-02,Sierra,91,2930,138,131,16,147,0
2021-10-02,Siskiyou,93,43540,3118,3053,1194,4247,42
2021-10-02,Solano,95,438530,44196,43800,1159,44959,321
2021-10-02,Sonoma,97,501317,39802,39497,507,40004,382
2021-10-02,Stanislaus,99,539301,74704,73859,8293,82152,1099
2021-10-02,Sutter,101,95872,13314,13160,278,13438,160
2021-10-02,Tehama,103,63373,7618,7453,1332,8785,93
2021-10-02,Trinity,105,12862,661,625,177,802,10
2021-10-02,Tulare,107,460477,63261,62247,14026,76273,908
2021-10-02,Tuolumne,109,53932,6505,6369,71,6440,89
2021-10-02,Ventura,111,848112,95413,94854,4299,99153,1148
2021-10-02,Yolo,113,214977,18806,18640,1034,19674,242
2021-10-02,Yuba,115,75493,9517,9370,196,9566,66
2021-10-01,Alameda,1,1643700,116018,115185,2821,118006,1343
2021-10-01,Alpine,3,1148,102,102,0,102,0
2021-10-01,Amador,5,37829,5208,5105,57,5162,61
2021-10-01,Butte,7,227075,19127,18911,3612,22523,243
2021-10-01,Calaveras,9,45235,3695,3585,45,3630,72
2021-10-01,Colusa,11,21464,2415,2403,572,2975,18
2021-10-01,Contra Costa,13,1133247,96142,95369,2088,97457,933
2021-10-01,Del Norte,15,27424,3483,3468,29,3497,39
2021-10-01,El Dorado,17,186661,15045,14887,1600,16487,136
2021-10-01,Fresno,19,978130,129901,128450,11483,139933,1964
2021-10-01,Glenn,21,27897,3269,3234,940,4174,26
2021-10-01,Humboldt,23,135768,8412,8244,453,8697,94
2021-10-01,Imperial,25,180216,31889,31674,3221,34895,757
2021-10-01,Inyo,27,18085,1795,1746,29,1775,39
2021-10-01,Kern,29,883053,119396,117962,19774,137736,1524
2021-10-01,Kings,31,150075,29800,29339,1863,31202,301
2021-10-01,Lake,33,64148,6277,6191,128,6319,97
2021-10-01,Lassen,35,31185,6428,6360,319,6679,25
2021-10-01,Los Angeles,37,10098052,1400596,1395070,55172,1450242,26126
2021-10-01,Madera,39,155013,21222,20931,1727,22658,266
2021-10-01,Marin,41,260295,17036,16936,418,17354,242
2021-10-01,Mariposa,43,17540,1035,967,26,993,5
2021-10-01,Mendocino,45,87422,6982,6869,392,7261,78
2021-10-01,Merced,47,269075,39623,39196,1402,40598,552
2021-10-01,Modoc,49,8938,476,468,169,637,5
2021-10-01,Mono,51,14174,1569,1540,16,1556,3
2021-10-01,Monterey,53,433212,47094,46964,3324,50288,571
2021-10-01,Napa,55,140530,12545,12433,96,12529,96
2021-10-01,Nevada,57,99092,8584,8474,287,8761,87
2021-10-01,Orange,59,3164182,298587,297307,14377,311684,5435
2021-10-01,Placer,61,380077,34734,34377,3440,37817,381
2021-10-01,Plumas,63,18699,1347,1298,30,1328,6
2021-10-01,Riverside,65,2383286,349348,347227,16785,364012,4895
2021-10-01,Sacramento,67,1510023,150629,149897,4141,154038,2099
2021-10-01,San Benito,69,59416,7102,7055,156,7211,69
2021-10-01,San Bernardino,71,2135413,342898,341212,10805,352017,5540
2021-10-01,San Diego,73,3302833,359116,356454,0,356454,4078
2021-10-01,San Francisco,75,870044,50824,50393,2541,52934,634
2021-10-01,San Joaquin,77,732212,95287,94599,5188,99787,1646
2021-10-01,San Luis Obispo,79,281455,28120,27915,1175,29090,323
2021-10-01,San Mateo,81,765935,52030,51767,1386,53153,573
2021-10-01,Santa Barbara,83,443738,42626,42423,1634,44057,508
2021-10-01,Santa Clara,85,1922200,142036,141231,1196,142427,1862
2021-10-01,Santa Cruz,87,273765,19592,19461,1058,20519,214
2021-10-01,Shasta,89,179085,19301,18912,3311,22223,270
2021-10-01,Sierra,91,2930,138,131,16,147,0
2021-10-01,Siskiyou,93,43540,3117,3053,1193,4246,42
2021-10-01,Solano,95,438530,44152,43800,1156,44956,321
2021-10-01,Sonoma,97,501317,39777,39497,507,40004,382
2021-10-01,Stanislaus,99,539301,74633,73859,8282,82141,1099
2021-10-01,Sutter,101,95872,13304,13160,278,13438,160
2021-10-01,Tehama,103,63373,7609,7453,1331,8784,93
2021-10-01,Trinity,105,12862,659,625,175,800,10
2021-10-01,Tulare,107,460477,63172,62247,13992,76239,908
2021-10-01,Tuolumne,109,53932,6490,6369,71,6440,89
2021-10-01,Ventura,111,848112,95354,94854,4292,99146,1148
2021-10-01,Yolo,113,214977,18789,18640,1030,19670,242
2021-10-01,Yuba,115,75493,9500,9370,196,9566,66
2021-09-30,Alameda,1,1643700,115890,115185,2819,118004,1343
2021-09-30,Alpine,3,1148,102,102,0,102,0
2021-09-30,Amador,5,37829,5197,5105,57,5162,61
2021-09-30,Butte,7,227075,19081,18911,3603,22514,243
2021-09-30,Calaveras,9,45235,3684,3585,45,3630,72
2021-09-30,Colusa,11,21464,2413,2403,572,2975,18
2021-09-30,Contra Costa,13,1133247,96047,95369,2084,97453,933
2021-09-30,Del Norte,15,27424,3479,3468,29,3497,39
2021-09-30,El Dorado,17,186661,15025,14887,1595,16482,136
2021-09-30,Fresno,19,978130,129643,128450,11456,139906,1964
2021-09-30,Glenn,21,27897,3260,3234,940,4174,26
2021-09-30,Humboldt,23,135768,8382,8244,450,8694,94
2021-09-30,Imperial,25,180216,31844,31674,3216,34890,757
2021-09-30,Inyo,27,18085,1785,1746,29,1775,39
2021-09-30,Kern,29,883053,119186,117962,19738,137700,1524
2021-09-30,Kings,31,150075,29724,29339,1862,31201,301
2021-09-30,Lake,33,64148,6265,6191,128,6319,97
2021-09-30,Lassen,35,31185,6421,6360,316,6676,25
2021-09-30,Los Angeles,37,10098052,1399575,1395070,55103,1450173,26126
2021-09-30,Madera,39,155013,21149,20931,1717,22648,266
2021-09-30,Marin,41,260295,17016,16936,418,17354,242
2021-09-30,Mariposa,43,17540,1015,967,26,993,5
2021-09-30,Mendocino,45,87422,6972,6869,384,7253,78
2021-09-30,Merced,47,269075,39536,39196,1399,40595,552
2021-09-30,Modoc,49,8938,476,468,168,636,5
2021-09-30,Mono,51,14174,1560,1540,16,1556,3
2021-09-30,Monterey,53,433212,47077,46964,3300,50264,571
2021-09-30,Napa,55,140530,12528,12433,95,12528,96
2021-09-30,Nevada,57,99092,8571,8474,287,8761,87
2021-09-30,Orange,59,3164182,298354,297307,14354,311661,5435
2021-09-30,Placer,61,380077,34689,34377,3421,37798,381
2021-09-30,Plumas,63,18699,1333,1298,30,1328,6
2021-09-30,Riverside,65,2383286,348961,347227,16771,363998,4895
2021-09-30,Sacramento,67,1510023,150389,149897,4100,153997,2099
2021-09-30,San Benito,69,59416,7095,7055,156,7211,69
2021-09-30,San Bernardino,71,2135413,342617,341212,10791,352003,5540
2021-09-30,San Diego,73,3302833,358688,356454,0,356454,4078
2021-09-30,San Francisco,75,870044,50756,50393,2538,52931,634
2021-09-30,San Joaquin,77,732212,95175,94599,5184,99783,1646
2021-09-30,San Luis Obispo,79,281455,28082,27915,1172,29087,323
2021-09-30,San Mateo,81,765935,51993,51767,1384,53151,573
2021-09-30,Santa Barbara,83,443738,42578,42423,1633,44056,508
2021-09-30,Santa Clara,85,1922200,141906,141231,1194,142425,1862
2021-09-30,Santa Cruz,87,273765,19563,19461,1057,20518,214
2021-09-30,Shasta,89,179085,19245,18912,3300,22212,270
2021-09-30,Sierra,91,2930,137,131,16,147,0
2021-09-30,Siskiyou,93,43540,3110,3053,1189,4242,42
2021-09-30,Solano,95,438530,44113,43800,1154,44954,321
2021-09-30,Sonoma,97,501317,39737,39497,507,40004,382
2021-09-30,Stanislaus,99,539301,74499,73859,8266,82125,1099
2021-09-30,Sutter,101,95872,13285,13160,278,13438,160
2021-09-30,Tehama,103,63373,7570,7453,1323,8776,93
2021-09-30,Trinity,105,12862,655,625,175,800,10
2021-09-30,Tulare,107,460477,63025,62247,13943,76190,908
2021-09-30,Tuolumne,109,53932,6472,6369,71,6440,89
2021-09-30,Ventura,111,848112,95257,94854,4286,99140,1148
2021-09-30,Yolo,113,214977,18762,18640,1030,19670,242
2021-09-30,Yuba,115,75493,9479,9370,195,9565,66
2021-09-29,Alameda,1,1643700,115763,114998,2817,117815,1339
2021-09-29,Alpine,3,1148,102,101,0,101,0
2021-09-29,Amador,5,37829,5178,5058,57,5115,61
2021-09-29,Butte,7,227075,19028,18835,3601,22436,242
2021-09-29,Calaveras,9,45235,3669,3553,44,3597,72
2021-09-29,Colusa,11,21464,2412,2401,572,2973,18
2021-09-29,Contra Costa,13,1133247,95934,95213,2077,97290,929
2021-09-29,Del Norte,15,27424,3474,3467,29,3496,39
2021-09-29,El Dorado,17,186661,15000,14834,1590,16424,136
2021-09-29,Fresno,19,978130,129345,128068,11431,139499,1957
2021-09-29,Glenn,21,27897,3253,3213,939,4152,26
2021-09-29,Humboldt,23,135768,8361,8203,449,8652,94
2021-09-29,Imperial,25,180216,31788,31600,3211,34811,757
2021-09-29,Inyo,27,18085,1776,1740,28,1768,39
2021-09-29,Kern,29,883053,118957,117605,19700,137305,1513
2021-09-29,Kings,31,150075,29645,29195,1847,31042,299
2021-09-29,Lake,33,64148,6251,6164,128,6292,97
2021-09-29,Lassen,35,31185,6412,6347,316,6663,25
2021-09-29,Los Angeles,37,10098052,1398478,1393617,55045,1448662,26098
2021-09-29,Madera,39,155013,21106,20818,1702,22520,266
2021-09-29,Marin,41,260295,16999,16921,415,17336,242
2021-09-29,Mariposa,43,17540,1000,963,26,989,5
2021-09-29,Mendocino,45,87422,6960,6821,376,7197,78
2021-09-29,Merced,47,269075,39443,39026,1386,40412,552
2021-09-29,Modoc,49,8938,474,468,168,636,5
2021-09-29,Mono,51,14174,1559,1527,16,1543,3
2021-09-29,Monterey,53,433212,47049,46917,3285,50202,571
2021-09-29,Napa,55,140530,12509,12416,92,12508,96
2021-09-29,Nevada,57,99092,8558,8434,287,8721,87
2021-09-29,Orange,59,3164182,298111,296936,14329,311265,5429
2021-09-29,Placer,61,380077,34631,34271,3396,37667,379
2021-09-29,Plumas,63,18699,1315,1289,30,1319,6
2021-09-29,Riverside,65,2383286,348527,346558,16760,363318,4886
2021-09-29,Sacramento,67,1510023,150141,149686,4079,153765,2099
2021-09-29,San Benito,69,59416,7084,7039,156,7195,69
2021-09-29,San Bernardino,71,2135413,342322,340672,10776,351448,5539
2021-09-29,San Diego,73,3302833,358218,355899,0,355899,4066
2021-09-29,San Francisco,75,870044,50672,50286,2536,52822,629
2021-09-29,San Joaquin,77,732212,95027,94356,5175,99531,1645
2021-09-29,San Luis Obispo,79,281455,28032,27800,1163,28963,323
2021-09-29,San Mateo,81,765935,51946,51673,1376,53049,573
2021-09-29,Santa Barbara,83,443738,42510,42328,1630,43958,507
2021-09-29,Santa Clara,85,1922200,141786,141036,1190,142226,1861
2021-09-29,Santa Cruz,87,273765,19545,19425,1056,20481,214
2021-09-29,Shasta,89,179085,19172,18805,3289,22094,271
2021-09-29,Sierra,91,2930,133,130,16,146,0
2021-09-29,Siskiyou,93,43540,3099,3043,1183,4226,42
2021-09-29,Solano,95,438530,44059,43724,1149,44873,321
2021-09-29,Sonoma,97,501317,39683,39426,505,39931,370
2021-09-29,Stanislaus,99,539301,74381,73634,8255,81889,1096
2021-09-29,Sutter,101,95872,13258,13135,275,13410,155
2021-09-29,Tehama,103,63373,7536,7409,1307,8716,88
2021-09-29,Trinity,105,12862,653,616,175,791,10
2021-09-29,Tulare,107,460477,62867,62046,13892,75938,908
2021-09-29,Tuolumne,109,53932,6455,6336,70,6406,89
2021-09-29,Ventura,111,848112,95165,94753,4282,99035,1144
2021-09-29,Yolo,113,214977,18729,18587,1028,19615,239
2021-09-29,Yuba,115,75493,9444,9351,195,9546,66
2021-09-28,Alameda,1,1643700,115615,114869,2813,117682,1333
2021-09-28,Alpine,3,1148,102,101,0,101,0
2021-09-28,Amador,5,37829,5158,5049,57,5106,61
2021-09-28,Butte,7,227075,18977,18764,3592,22356,241
2021-09-28,Calaveras,9,45235,3648,3530,44,3574,72
2021-09-28,Colusa,11,21464,2410,2399,571,2970,18
2021-09-28,Contra Costa,13,1133247,95791,95115,2074,97189,929
2021-09-28,Del Norte,15,27424,3472,3462,29,3491,39
2021-09-28,El Dorado,17,186661,14950,14793,1586,16379,133
2021-09-28,Fresno,19,978130,129005,127877,11397,139274,1948
2021-09-28,Glenn,21,27897,3247,3205,938,4143,26
2021-09-28,Humboldt,23,135768,8319,8159,447,8606,91
2021-09-28,Imperial,25,180216,31747,31543,3206,34749,757
2021-09-28,Inyo,27,18085,1763,1708,27,1735,39
2021-09-28,Kern,29,883053,118707,117420,19629,137049,1506
2021-09-28,Kings,31,150075,29554,29141,1836,30977,295
2021-09-28,Lake,33,64148,6237,6155,128,6283,95
2021-09-28,Lassen,35,31185,6407,6340,313,6653,25
2021-09-28,Los Angeles,37,10098052,1397283,1392445,54986,1447431,26068
2021-09-28,Madera,39,155013,21061,20764,1692,22456,266
2021-09-28,Marin,41,260295,16981,16887,413,17300,242
2021-09-28,Mariposa,43,17540,995,952,26,978,5
2021-09-28,Mendocino,45,87422,6939,6804,374,7178,78
2021-09-28,Merced,47,269075,39355,38953,1372,40325,551
2021-09-28,Modoc,49,8938,473,467,168,635,5
2021-09-28,Mono,51,14174,1549,1527,16,1543,3
2021-09-28,Monterey,53,433212,47022,46859,3269,50128,571
2021-09-28,Napa,55,140530,12493,12388,91,12479,96
2021-09-28,Nevada,57,99092,8537,8409,287,8696,84
2021-09-28,Orange,59,3164182,297888,296596,14307,310903,5421
2021-09-28,Placer,61,380077,34566,34187,3380,37567,370
2021-09-28,Plumas,63,18699,1305,1276,29,1305,6
2021-09-28,Riverside,65,2383286,348087,346096,16744,362840,4874
2021-09-28,Sacramento,67,1510023,149859,149310,4051,153361,2086
2021-09-28,San Benito,69,59416,7067,7028,155,7183,69
2021-09-28,San Bernardino,71,2135413,341987,340342,10755,351097,5540
2021-09-28,San Diego,73,3302833,357686,355373,0,355373,4054
2021-09-28,San Francisco,75,870044,50582,50234,2530,52764,627
2021-09-28,San Joaquin,77,732212,94883,94194,5166,99360,1639
2021-09-28,San Luis Obispo,79,281455,27997,27755,1160,28915,321
2021-09-28,San Mateo,81,765935,51907,51620,1371,52991,571
2021-09-28,Santa Barbara,83,443738,42442,42226,1626,43852,506
2021-09-28,Santa Clara,85,1922200,141627,140886,1183,142069,1858
2021-09-28,Santa Cruz,87,273765,19516,19324,1055,20379,214
2021-09-28,Shasta,89,179085,19115,18701,3276,21977,267
2021-09-28,Sierra,91,2930,132,130,15,145,0
2021-09-28,Siskiyou,93,43540,3090,3032,1173,4205,42
2021-09-28,Solano,95,438530,43989,43652,1147,44799,316
2021-09-28,Sonoma,97,501317,39643,39395,505,39900,370
2021-09-28,Stanislaus,99,539301,74220,73528,8243,81771,1094
2021-09-28,Sutter,101,95872,13239,13102,275,13377,155
2021-09-28,Tehama,103,63373,7514,7382,1294,8676,88
2021-09-28,Trinity,105,12862,650,613,175,788,10
2021-09-28,Tulare,107,460477,62710,61916,13838,75754,905
2021-09-28,Tuolumne,109,53932,6433,6308,69,6377,89
2021-09-28,Ventura,111,848112,95044,94632,4278,98910,1143
2021-09-28,Yolo,113,214977,18703,18564,1026,19590,239
2021-09-28,Yuba,115,75493,9424,9323,194,9517,66
2021-09-27,Alameda,1,1643700,115440,114731,2808,117539,1327
2021-09-27,Alpine,3,1148,102,101,0,101,0
2021-09-27,Amador,5,37829,5144,5017,57,5074,59
2021-09-27,Butte,7,227075,18917,18687,3580,22267,239
2021-09-27,Calaveras,9,45235,3626,3514,43,3557,70
2021-09-27,Colusa,11,21464,2409,2393,569,2962,18
2021-09-27,Contra Costa,13,1133247,95662,94979,2066,97045,924
2021-09-27,Del Norte,15,27424,3470,3468,27,3495,37
2021-09-27,El Dorado,17,186661,14915,14764,1581,16345,132
2021-09-27,Fresno,19,978130,128670,127475,11366,138841,1942
2021-09-27,Glenn,21,27897,3233,3189,934,4123,26
2021-09-27,Humboldt,23,135768,8280,8118,446,8564,91
2021-09-27,Imperial,25,180216,31685,31491,3199,34690,756
2021-09-27,Inyo,27,18085,1753,1698,27,1725,39
2021-09-27,Kern,29,883053,118449,117064,19518,136582,1503
2021-09-27,Kings,31,150075,29459,28998,1825,30823,297
2021-09-27,Lake,33,64148,6220,6126,128,6254,95
2021-09-27,Lassen,35,31185,6392,6327,310,6637,25
2021-09-27,Los Angeles,37,10098052,1396060,1391538,54924,1446462,26040
2021-09-27,Madera,39,155013,21002,20691,1683,22374,262
2021-09-27,Marin,41,260295,16960,16861,413,17274,242
2021-09-27,Mariposa,43,17540,986,931,26,957,5
2021-09-27,Mendocino,45,87422,6915,6761,367,7128,74
2021-09-27,Merced,47,269075,39266,38840,1370,40210,548
2021-09-27,Modoc,49,8938,472,465,166,631,5
2021-09-27,Mono,51,14174,1534,1525,16,1541,3
2021-09-27,Monterey,53,433212,46984,46811,3259,50070,571
2021-09-27,Napa,55,140530,12469,12354,90,12444,95
2021-09-27,Nevada,57,99092,8513,8379,286,8665,84
2021-09-27,Orange,59,3164182,297597,296334,14286,310620,5409
2021-09-27,Placer,61,380077,34482,34087,3378,37465,370
2021-09-27,Plumas,63,18699,1297,1269,29,1298,6
2021-09-27,Riverside,65,2383286,347665,345529,16734,362263,4864
2021-09-27,Sacramento,67,1510023,149551,149096,4026,153122,2076
2021-09-27,San Benito,69,59416,7050,7017,155,7172,67
2021-09-27,San Bernardino,71,2135413,341598,339952,10736,350688,5544
2021-09-27,San Diego,73,3302833,357067,354755,0,354755,4054
2021-09-27,San Francisco,75,870044,50499,50157,2526,52683,622
2021-09-27,San Joaquin,77,732212,94704,94085,5161,99246,1633
2021-09-27,San Luis Obispo,79,281455,27943,27674,1158,28832,320
2021-09-27,San Mateo,81,765935,51843,51552,1362,52914,571
2021-09-27,Santa Barbara,83,443738,42378,42012,1622,43634,505
2021-09-27,Santa Clara,85,1922200,141446,140802,1176,141978,1853
2021-09-27,Santa Cruz,87,273765,19494,19292,1055,20347,214
2021-09-27,Shasta,89,179085,19036,18599,3246,21845,267
2021-09-27,Sierra,91,2930,132,128,15,143,0
2021-09-27,Siskiyou,93,43540,3078,3015,1172,4187,42
2021-09-27,Solano,95,438530,43918,43582,1142,44724,314
2021-09-27,Sonoma,97,501317,39589,39347,505,39852,370
2021-09-27,Stanislaus,99,539301,74067,73370,8232,81602,1091
2021-09-27,Sutter,101,95872,13209,13082,273,13355,155
2021-09-27,Tehama,103,63373,7470,7345,1282,8627,88
2021-09-27,Trinity,105,12862,639,605,174,779,9
2021-09-27,Tulare,107,460477,62520,61708,13768,75476,904
2021-09-27,Tuolumne,109,53932,6415,6264,68,6332,89
2021-09-27,Ventura,111,848112,94926,94477,4275,98752,1138
2021-09-27,Yolo,113,214977,18673,18524,1023,19547,239
2021-09-27,Yuba,115,75493,9387,9292,192,9484,64
2021-09-26,Alameda,1,1643700,115250,114601,2803,117404,1326
2021-09-26,Alpine,3,1148,101,101,0,101,0
2021-09-26,Amador,5,37829,5114,5001,56,5057,59
2021-09-26,Butte,7,227075,18847,18634,3563,22197,238
2021-09-26,Calaveras,9,45235,3604,3505,43,3548,70
2021-09-26,Colusa,11,21464,2403,2392,566,2958,18
2021-09-26,Contra Costa,13,1133247,95489,94877,2052,96929,924
2021-09-26,Del Norte,15,27424,3465,3466,26,3492,37
2021-09-26,El Dorado,17,186661,14873,14738,1576,16314,132
2021-09-26,Fresno,19,978130,128329,127235,11335,138570,1939
2021-09-26,Glenn,21,27897,3220,3182,933,4115,26
2021-09-26,Humboldt,23,135768,8244,8098,443,8541,91
2021-09-26,Imperial,25,180216,31627,31462,3196,34658,756
2021-09-26,Inyo,27,18085,1739,1685,27,1712,39
2021-09-26,Kern,29,883053,118124,116927,19416,136343,1502
2021-09-26,Kings,31,150075,29359,28930,1813,30743,293
2021-09-26,Lake,33,64148,6207,6113,128,6241,95
2021-09-26,Lassen,35,31185,6385,6319,305,6624,25
2021-09-26,Los Angeles,37,10098052,1394692,1390577,54856,1445433,26035
2021-09-26,Madera,39,155013,20932,20629,1667,22296,262
2021-09-26,Marin,41,260295,16937,16860,413,17273,242
2021-09-26,Mariposa,43,17540,982,929,26,955,5
2021-09-26,Mendocino,45,87422,6882,6744,352,7096,74
2021-09-26,Merced,47,269075,39105,38717,1367,40084,548
2021-09-26,Modoc,49,8938,472,465,165,630,5
2021-09-26,Mono,51,14174,1532,1516,16,1532,3
2021-09-26,Monterey,53,433212,46940,46792,3247,50039,571
2021-09-26,Napa,55,140530,12445,12340,89,12429,95
2021-09-26,Nevada,57,99092,8484,8356,285,8641,84
2021-09-26,Orange,59,3164182,297288,296085,14257,310342,5409
2021-09-26,Placer,61,380077,34393,34043,3368,37411,370
2021-09-26,Plumas,63,18699,1280,1268,29,1297,6
2021-09-26,Riverside,65,2383286,347148,345257,16718,361975,4864
2021-09-26,Sacramento,67,1510023,149152,148745,4003,152748,2071
2021-09-26,San Benito,69,59416,7033,7012,154,7166,67
2021-09-26,San Bernardino,71,2135413,341157,339771,10721,350492,5545
2021-09-26,San Diego,73,3302833,356468,354414,0,354414,4051
2021-09-26,San Francisco,75,870044,50377,50092,2519,52611,622
2021-09-26,San Joaquin,77,732212,94505,93935,5144,99079,1633
2021-09-26,San Luis Obispo,79,281455,27873,27624,1154,28778,319
2021-09-26,San Mateo,81,765935,51792,51496,1349,52845,571
2021-09-26,Santa Barbara,83,443738,42295,41946,1618,43564,505
2021-09-26,Santa Clara,85,1922200,141250,140667,1170,141837,1852
2021-09-26,Santa Cruz,87,273765,19470,19279,1054,20333,214
2021-09-26,Shasta,89,179085,18931,18566,3226,21792,266
2021-09-26,Sierra,91,2930,132,128,15,143,0
2021-09-26,Siskiyou,93,43540,3065,2998,1162,4160,42
2021-09-26,Solano,95,438530,43855,43537,1141,44678,314
2021-09-26,Sonoma,97,501317,39532,39302,505,39807,370
2021-09-26,Stanislaus,99,539301,73868,73243,8208,81451,1091
2021-09-26,Sutter,101,95872,13174,13045,272,13317,155
2021-09-26,Tehama,103,63373,7422,7323,1274,8597,88
2021-09-26,Trinity,105,12862,636,591,174,765,9
2021-09-26,Tulare,107,460477,62303,61560,13689,75249,904
2021-09-26,Tuolumne,109,53932,6388,6236,66,6302,89
2021-09-26,Ventura,111,848112,94800,94391,4270,98661,1138
2021-09-26,Yolo,113,214977,18640,18496,1016,19512,239
2021-09-26,Yuba,115,75493,9360,9275,191,9466,64
2021-09-25,Alameda,1,1643700,115176,114014,2799,116813,1324
2021-09-25,Alpine,3,1148,101,101,0,101,0
2021-09-25,Amador,5,37829,5101,4934,55,4989,59
2021-09-25,Butte,7,227075,18826,18396,3550,21946,236
2021-09-25,Calaveras,9,45235,3600,3461,43,3504,70
2021-09-25,Colusa,11,21464,2401,2387,565,2952,16
2021-09-25,Contra Costa,13,1133247,95420,94337,2049,96386,924
2021-09-25,Del Norte,15,27424,3464,3404,26,3430,35
2021-09-25,El Dorado,17,186661,14851,14641,1573,16214,130
2021-09-25,Fresno,19,978130,128188,126299,11326,137625,1927
2021-09-25,Glenn,21,27897,3218,3144,932,4076,25
2021-09-25,Humboldt,23,135768,8226,8014,441,8455,88
2021-09-25,Imperial,25,180216,31601,31280,3196,34476,755
2021-09-25,Inyo,27,18085,1731,1657,27,1684,39
2021-09-25,Kern,29,883053,117975,116021,19355,135376,1485
2021-09-25,Kings,31,150075,29309,28636,1810,30446,293
2021-09-25,Lake,33,64148,6202,6046,126,6172,92
2021-09-25,Lassen,35,31185,6375,6248,304,6552,25
2021-09-25,Los Angeles,37,10098052,1394037,1386417,54816,1441233,25964
2021-09-25,Madera,39,155013,20908,20432,1660,22092,262
2021-09-25,Marin,41,260295,16927,16802,411,17213,242
2021-09-25,Mariposa,43,17540,977,906,26,932,5
2021-09-25,Mendocino,45,87422,6863,6657,351,7008,74
2021-09-25,Merced,47,269075,39059,38393,1366,39759,546
2021-09-25,Modoc,49,8938,472,460,165,625,5
2021-09-25,Mono,51,14174,1531,1501,16,1517,3
2021-09-25,Monterey,53,433212,46915,46653,3241,49894,567
2021-09-25,Napa,55,140530,12427,12266,89,12355,95
2021-09-25,Nevada,57,99092,8468,8285,285,8570,84
2021-09-25,Orange,59,3164182,297124,294514,14242,308756,5374
2021-09-25,Placer,61,380077,34326,33764,3365,37129,367
2021-09-25,Plumas,63,18699,1278,1238,29,1267,6
2021-09-25,Riverside,65,2383286,346840,343463,16710,360173,4843
2021-09-25,Sacramento,67,1510023,148977,147728,3992,151720,2049
2021-09-25,San Benito,69,59416,7028,6965,154,7119,67
2021-09-25,San Bernardino,71,2135413,340933,338413,10706,349119,5540
2021-09-25,San Diego,73,3302833,356133,352017,0,352017,4039
2021-09-25,San Francisco,75,870044,50333,49840,2518,52358,615
2021-09-25,San Joaquin,77,732212,94422,93273,5143,98416,1628
2021-09-25,San Luis Obispo,79,281455,27838,27447,1150,28597,318
2021-09-25,San Mateo,81,765935,51742,51266,1337,52603,568
2021-09-25,Santa Barbara,83,443738,42237,41728,1618,43346,505
2021-09-25,Santa Clara,85,1922200,141141,140023,1167,141190,1844
2021-09-25,Santa Cruz,87,273765,19454,19200,1052,20252,214
2021-09-25,Shasta,89,179085,18888,18256,3218,21474,262
2021-09-25,Sierra,91,2930,131,127,15,142,0
2021-09-25,Siskiyou,93,43540,3060,2956,1158,4114,41
2021-09-25,Solano,95,438530,43814,43331,1139,44470,312
2021-09-25,Sonoma,97,501317,39495,39112,505,39617,369
2021-09-25,Stanislaus,99,539301,73759,72628,8193,80821,1091
2021-09-25,Sutter,101,95872,13156,12976,269,13245,154
2021-09-25,Tehama,103,63373,7411,7200,1272,8472,86
2021-09-25,Trinity,105,12862,636,576,174,750,9
2021-09-25,Tulare,107,460477,62223,60909,13641,74550,898
2021-09-25,Tuolumne,109,53932,6378,6168,66,6234,89
2021-09-25,Ventura,111,848112,94745,94059,4267,98326,1129
2021-09-25,Yolo,113,214977,18617,18393,1015,19408,239
2021-09-25,Yuba,115,75493,9342,9191,191,9382,61
2021-09-24,Alameda,1,1643700,115074,114014,2794,116808,1324
2021-09-24,Alpine,3,1148,101,101,0,101,0
2021-09-24,Amador,5,37829,5071,4934,55,4989,59
2021-09-24,Butte,7,227075,18777,18396,3541,21937,236
2021-09-24,Calaveras,9,45235,3592,3461,42,3503,70
2021-09-24,Colusa,11,21464,2399,2387,564,2951,16
2021-09-24,Contra Costa,13,1133247,95315,94337,2045,96382,924
2021-09-24,Del Norte,15,27424,3461,3404,26,3430,35
2021-09-24,El Dorado,17,186661,14837,14641,1572,16213,130
2021-09-24,Fresno,19,978130,127994,126299,11315,137614,1927
2021-09-24,Glenn,21,27897,3213,3144,932,4076,25
2021-09-24,Humboldt,23,135768,8207,8014,438,8452,88
2021-09-24,Imperial,25,180216,31563,31280,3195,34475,755
2021-09-24,Inyo,27,18085,1724,1657,27,1684,39
2021-09-24,Kern,29,883053,117847,116021,19298,135319,1485
2021-09-24,Kings,31,150075,29267,28636,1805,30441,293
2021-09-24,Lake,33,64148,6195,6046,126,6172,92
2021-09-24,Lassen,35,31185,6367,6248,303,6551,25
2021-09-24,Los Angeles,37,10098052,1393217,1386417,54775,1441192,25964
2021-09-24,Madera,39,155013,20881,20432,1652,22084,262
2021-09-24,Marin,41,260295,16914,16802,410,17212,242
2021-09-24,Mariposa,43,17540,964,906,26,932,5
2021-09-24,Mendocino,45,87422,6850,6657,351,7008,74
2021-09-24,Merced,47,269075,39018,38393,1365,39758,546
2021-09-24,Modoc,49,8938,472,460,164,624,5
2021-09-24,Mono,51,14174,1528,1501,16,1517,3
2021-09-24,Monterey,53,433212,46900,46653,3230,49883,567
2021-09-24,Napa,55,140530,12410,12266,89,12355,95
2021-09-24,Nevada,57,99092,8453,8285,285,8570,84
2021-09-24,Orange,59,3164182,296934,294514,14230,308744,5374
2021-09-24,Placer,61,380077,34274,33764,3353,37117,367
2021-09-24,Plumas,63,18699,1275,1238,29,1267,6
2021-09-24,Riverside,65,2383286,346514,343463,16700,360163,4843
2021-09-24,Sacramento,67,1510023,148787,147728,3987,151715,2049
2021-09-24,San Benito,69,59416,7023,6965,154,7119,67
2021-09-24,San Bernardino,71,2135413,340670,338413,10696,349109,5540
2021-09-24,San Diego,73,3302833,355788,352017,0,352017,4039
2021-09-24,San Francisco,75,870044,50268,49840,2511,52351,615
2021-09-24,San Joaquin,77,732212,94311,93273,5140,98413,1628
2021-09-24,San Luis Obispo,79,281455,27809,27447,1145,28592,318
2021-09-24,San Mateo,81,765935,51689,51266,1332,52598,568
2021-09-24,Santa Barbara,83,443738,42200,41728,1618,43346,505
2021-09-24,Santa Clara,85,1922200,141032,140023,1166,141189,1844
2021-09-24,Santa Cruz,87,273765,19431,19200,1051,20251,214
2021-09-24,Shasta,89,179085,18836,18256,3203,21459,262
2021-09-24,Sierra,91,2930,130,127,15,142,0
2021-09-24,Siskiyou,93,43540,3051,2956,1154,4110,41
2021-09-24,Solano,95,438530,43776,43331,1136,44467,312
2021-09-24,Sonoma,97,501317,39464,39112,504,39616,369
2021-09-24,Stanislaus,99,539301,73647,72628,8179,80807,1091
2021-09-24,Sutter,101,95872,13137,12976,268,13244,154
2021-09-24,Tehama,103,63373,7400,7200,1268,8468,86
2021-09-24,Trinity,105,12862,633,576,173,749,9
2021-09-24,Tulare,107,460477,62134,60909,13597,74506,898
2021-09-24,Tuolumne,109,53932,6349,6168,66,6234,89
2021-09-24,Ventura,111,848112,94672,94059,4260,98319,1129
2021-09-24,Yolo,113,214977,18587,18393,1014,19407,239
2021-09-24,Yuba,115,75493,9325,9191,191,9382,61
2021-09-23,Alameda,1,1643700,114922,114014,2789,116803,1324
2021-09-23,Alpine,3,1148,101,101,0,101,0
2021-09-23,Amador,5,37829,5058,4934,55,4989,59
2021-09-23,Butte,7,227075,18719,18396,3513,21909,236
2021-09-23,Calaveras,9,45235,3571,3461,42,3503,70
2021-09-23,Colusa,11,21464,2398,2387,562,2949,16
2021-09-23,Contra Costa,13,1133247,95175,94337,2036,96373,924
2021-09-23,Del Norte,15,27424,3452,3404,25,3429,35
2021-09-23,El Dorado,17,186661,14811,14641,1569,16210,130
2021-09-23,Fresno,19,978130,127700,126299,11304,137603,1927
2021-09-23,Glenn,21,27897,3198,3144,929,4073,25
2021-09-23,Humboldt,23,135768,8182,8014,437,8451,88
2021-09-23,Imperial,25,180216,31530,31280,3195,34475,755
2021-09-23,Inyo,27,18085,1710,1657,27,1684,39
2021-09-23,Kern,29,883053,117596,116021,19220,135241,1485
2021-09-23,Kings,31,150075,29161,28636,1794,30430,293
2021-09-23,Lake,33,64148,6185,6046,126,6172,92
2021-09-23,Lassen,35,31185,6358,6248,298,6546,25
2021-09-23,Los Angeles,37,10098052,1392072,1386417,54709,1441126,25964
2021-09-23,Madera,39,155013,20800,20432,1648,22080,262
2021-09-23,Marin,41,260295,16899,16802,409,17211,242
2021-09-23,Mariposa,43,17540,950,906,26,932,5
2021-09-23,Mendocino,45,87422,6829,6657,349,7006,74
2021-09-23,Merced,47,269075,38917,38393,1359,39752,546
2021-09-23,Modoc,49,8938,471,460,164,624,5
2021-09-23,Mono,51,14174,1526,1501,16,1517,3
2021-09-23,Monterey,53,433212,46861,46653,3212,49865,567
2021-09-23,Napa,55,140530,12393,12266,89,12355,95
2021-09-23,Nevada,57,99092,8426,8285,285,8570,84
2021-09-23,Orange,59,3164182,296648,294514,14213,308727,5374
2021-09-23,Placer,61,380077,34204,33764,3346,37110,367
2021-09-23,Plumas,63,18699,1256,1238,29,1267,6
2021-09-23,Riverside,65,2383286,346061,343463,16693,360156,4843
2021-09-23,Sacramento,67,1510023,148444,147728,3963,151691,2049
2021-09-23,San Benito,69,59416,7012,6965,154,7119,67
2021-09-23,San Bernardino,71,2135413,340315,338413,10680,349093,5540
2021-09-23,San Diego,73,3302833,355342,352017,0,352017,4039
2021-09-23,San Francisco,75,870044,50198,49840,2505,52345,615
2021-09-23,San Joaquin,77,732212,94153,93273,5129,98402,1628
2021-09-23,San Luis Obispo,79,281455,27769,27447,1143,28590,318
2021-09-23,San Mateo,81,765935,51625,51266,1323,52589,568
2021-09-23,Santa Barbara,83,443738,42123,41728,1614,43342,505
2021-09-23,Santa Clara,85,1922200,140884,140023,1160,141183,1844
2021-09-23,Santa Cruz,87,273765,19401,19200,1050,20250,214
2021-09-23,Shasta,89,179085,18757,18256,3187,21443,262
2021-09-23,Sierra,91,2930,130,127,15,142,0
2021-09-23,Siskiyou,93,43540,3047,2956,1143,4099,41
2021-09-23,Solano,95,438530,43711,43331,1133,44464,312
2021-09-23,Sonoma,97,501317,39405,39112,501,39613,369
2021-09-23,Stanislaus,99,539301,73493,72628,8152,80780,1091
2021-09-23,Sutter,101,95872,13109,12976,268,13244,154
2021-09-23,Tehama,103,63373,7365,7200,1262,8462,86
2021-09-23,Trinity,105,12862,619,576,172,748,9
2021-09-23,Tulare,107,460477,61959,60909,13541,74450,898
2021-09-23,Tuolumne,109,53932,6324,6168,65,6233,89
2021-09-23,Ventura,111,848112,94571,94059,4254,98313,1129
2021-09-23,Yolo,113,214977,18556,18393,1009,19402,239
2021-09-23,Yuba,115,75493,9298,9191,190,9381,61
2021-09-22,Alameda,1,1643700,114769,113862,2785,116647,1322
2021-09-22,Alpine,3,1148,101,100,0,100,0
2021-09-22,Amador,5,37829,5043,4915,55,4970,59
2021-09-22,Butte,7,227075,18666,18337,3499,21836,235
2021-09-22,Calaveras,9,45235,3556,3448,42,3490,70
2021-09-22,Colusa,11,21464,2393,2384,561,2945,16
2021-09-22,Contra Costa,13,1133247,94996,94209,2026,96235,924
2021-09-22,Del Norte,15,27424,3441,3386,25,3411,35
2021-09-22,El Dorado,17,186661,14776,14605,1565,16170,127
2021-09-22,Fresno,19,978130,127438,126006,11288,137294,1908
2021-09-22,Glenn,21,27897,3192,3138,927,4065,25
2021-09-22,Humboldt,23,135768,8160,7998,430,8428,80
2021-09-22,Imperial,25,180216,31478,31243,3189,34432,755
2021-09-22,Inyo,27,18085,1700,1651,27,1678,39
2021-09-22,Kern,29,883053,117358,115757,19101,134858,1477
2021-09-22,Kings,31,150075,29079,28589,1788,30377,292
2021-09-22,Lake,33,64148,6171,6035,126,6161,93
2021-09-22,Lassen,35,31185,6341,6209,295,6504,25
2021-09-22,Los Angeles,37,10098052,1390831,1384719,54648,1439367,25930
2021-09-22,Madera,39,155013,20744,20382,1640,22022,262
2021-09-22,Marin,41,260295,16889,16782,406,17188,242
2021-09-22,Mariposa,43,17540,944,901,26,927,5
2021-09-22,Mendocino,45,87422,6803,6624,343,6967,70
2021-09-22,Merced,47,269075,38784,38305,1357,39662,541
2021-09-22,Modoc,49,8938,468,458,164,622,5
2021-09-22,Mono,51,14174,1517,1496,15,1511,3
2021-09-22,Monterey,53,433212,46817,46615,3197,49812,566
2021-09-22,Napa,55,140530,12369,12248,88,12336,95
2021-09-22,Nevada,57,99092,8404,8273,285,8558,84
2021-09-22,Orange,59,3164182,296393,294214,14199,308413,5366
2021-09-22,Placer,61,380077,34112,33661,3335,36996,367
2021-09-22,Plumas,63,18699,1243,1230,29,1259,6
2021-09-22,Riverside,65,2383286,345527,342946,16669,359615,4830
2021-09-22,Sacramento,67,1510023,148136,147533,3929,151462,2043
2021-09-22,San Benito,69,59416,7001,6961,152,7113,67
2021-09-22,San Bernardino,71,2135413,339921,337938,10671,348609,5528
2021-09-22,San Diego,73,3302833,354885,351132,0,351132,4027
2021-09-22,San Francisco,75,870044,50115,49734,2500,52234,610
2021-09-22,San Joaquin,77,732212,93929,93010,5104,98114,1626
2021-09-22,San Luis Obispo,79,281455,27721,27398,1140,28538,315
2021-09-22,San Mateo,81,765935,51560,51197,1313,52510,568
2021-09-22,Santa Barbara,83,443738,42061,41678,1613,43291,504
2021-09-22,Santa Clara,85,1922200,140723,139803,1154,140957,1844
2021-09-22,Santa Cruz,87,273765,19365,19177,1050,20227,214
2021-09-22,Shasta,89,179085,18670,18153,3176,21329,260
2021-09-22,Sierra,91,2930,130,127,15,142,0
2021-09-22,Siskiyou,93,43540,3030,2947,1134,4081,41
2021-09-22,Solano,95,438530,43651,43269,1132,44401,312
2021-09-22,Sonoma,97,501317,39357,39063,500,39563,369
2021-09-22,Stanislaus,99,539301,73330,72355,8134,80489,1091
2021-09-22,Sutter,101,95872,13089,12960,265,13225,153
2021-09-22,Tehama,103,63373,7338,7173,1256,8429,86
2021-09-22,Trinity,105,12862,618,572,172,744,9
2021-09-22,Tulare,107,460477,61749,60776,13467,74243,896
2021-09-22,Tuolumne,109,53932,6303,6155,64,6219,89
2021-09-22,Ventura,111,848112,94466,93978,4247,98225,1122
2021-09-22,Yolo,113,214977,18519,18342,1000,19342,239
2021-09-22,Yuba,115,75493,9270,9169,185,9354,61
2021-09-21,Alameda,1,1643700,114621,113765,2784,116549,1321
2021-09-21,Alpine,3,1148,101,100,0,100,0
2021-09-21,Amador,5,37829,5021,4897,55,4952,59
2021-09-21,Butte,7,227075,18578,18229,3454,21683,232
2021-09-21,Calaveras,9,45235,3539,3437,42,3479,70
2021-09-21,Colusa,11,21464,2390,2378,560,2938,16
2021-09-21,Contra Costa,13,1133247,94808,94101,2010,96111,924
2021-09-21,Del Norte,15,27424,3431,3378,25,3403,34
2021-09-21,El Dorado,17,186661,14752,14578,1561,16139,127
2021-09-21,Fresno,19,978130,127087,125789,11275,137064,1892
2021-09-21,Glenn,21,27897,3184,3134,919,4053,25
2021-09-21,Humboldt,23,135768,8128,7955,425,8380,80
2021-09-21,Imperial,25,180216,31419,31185,3189,34374,755
2021-09-21,Inyo,27,18085,1690,1646,27,1673,39
2021-09-21,Kern,29,883053,117067,115534,18989,134523,1467
2021-09-21,Kings,31,150075,28991,28545,1780,30325,291
2021-09-21,Lake,33,64148,6150,6013,126,6139,90
2021-09-21,Lassen,35,31185,6324,6159,291,6450,25
2021-09-21,Los Angeles,37,10098052,1389459,1383277,54585,1437862,25893
2021-09-21,Madera,39,155013,20684,20317,1627,21944,262
2021-09-21,Marin,41,260295,16874,16748,405,17153,242
2021-09-21,Mariposa,43,17540,940,894,25,919,5
2021-09-21,Mendocino,45,87422,6762,6580,332,6912,68
2021-09-21,Merced,47,269075,38655,38225,1356,39581,539
2021-09-21,Modoc,49,8938,465,458,164,622,5
2021-09-21,Mono,51,14174,1515,1495,13,1508,3
2021-09-21,Monterey,53,433212,46756,46583,3179,49762,565
2021-09-21,Napa,55,140530,12349,12238,88,12326,95
2021-09-21,Nevada,57,99092,8379,8259,282,8541,84
2021-09-21,Orange,59,3164182,296074,293898,14172,308070,5357
2021-09-21,Placer,61,380077,34008,33609,3324,36933,365
2021-09-21,Plumas,63,18699,1240,1225,29,1254,5
2021-09-21,Riverside,65,2383286,344964,342460,16643,359103,4817
2021-09-21,Sacramento,67,1510023,147747,147378,3891,151269,2027
2021-09-21,San Benito,69,59416,6990,6950,151,7101,67
2021-09-21,San Bernardino,71,2135413,339486,337387,10650,348037,5520
2021-09-21,San Diego,73,3302833,354287,350265,0,350265,4021
2021-09-21,San Francisco,75,870044,50026,49653,2494,52147,609
2021-09-21,San Joaquin,77,732212,93698,92762,5092,97854,1621
2021-09-21,San Luis Obispo,79,281455,27662,27318,1136,28454,314
2021-09-21,San Mateo,81,765935,51499,51136,1305,52441,568
2021-09-21,Santa Barbara,83,443738,41994,41644,1608,43252,503
2021-09-21,Santa Clara,85,1922200,140513,139657,1150,140807,1843
2021-09-21,Santa Cruz,87,273765,19337,19140,1049,20189,212
2021-09-21,Shasta,89,179085,18548,18027,3151,21178,258
2021-09-21,Sierra,91,2930,130,127,15,142,0
2021-09-21,Siskiyou,93,43540,3017,2927,1119,4046,36
2021-09-21,Solano,95,438530,43582,43220,1132,44352,311
2021-09-21,Sonoma,97,501317,39306,39042,500,39542,369
2021-09-21,Stanislaus,99,539301,73147,72211,8117,80328,1091
2021-09-21,Sutter,101,95872,13066,12930,261,13191,153
2021-09-21,Tehama,103,63373,7294,7151,1252,8403,85
2021-09-21,Trinity,105,12862,607,572,170,742,9
2021-09-21,Tulare,107,460477,61533,60607,13406,74013,896
2021-09-21,Tuolumne,109,53932,6271,6139,64,6203,89
2021-09-21,Ventura,111,848112,94363,93818,4241,98059,1120
2021-09-21,Yolo,113,214977,18483,18313,996,19309,239
2021-09-21,Yuba,115,75493,9244,9135,185,9320,61
2021-09-20,Alameda,1,1643700,114443,113637,2781,116418,1320
2021-09-20,Alpine,3,1148,101,100,0,100,0
2021-09-20,Amador,5,37829,5003,4883,54,4937,59
2021-09-20,Butte,7,227075,18503,18135,3435,21570,231
2021-09-20,Calaveras,9,45235,3518,3395,41,3436,66
2021-09-20,Colusa,11,21464,2388,2376,557,2933,16
2021-09-20,Contra Costa,13,1133247,94664,93919,2003,95922,924
2021-09-20,Del Norte,15,27424,3423,3374,24,3398,34
2021-09-20,El Dorado,17,186661,14716,14545,1552,16097,127
2021-09-20,Fresno,19,978130,126669,125287,11256,136543,1889
2021-09-20,Glenn,21,27897,3173,3112,916,4028,25
2021-09-20,Humboldt,23,135768,8092,7938,420,8358,80
2021-09-20,Imperial,25,180216,31337,31146,3187,34333,755
2021-09-20,Inyo,27,18085,1682,1641,26,1667,39
2021-09-20,Kern,29,883053,116728,115271,18852,134123,1459
2021-09-20,Kings,31,150075,28903,28471,1774,30245,285
2021-09-20,Lake,33,64148,6136,5984,125,6109,87
2021-09-20,Lassen,35,31185,6295,6132,290,6422,25
2021-09-20,Los Angeles,37,10098052,1388000,1382206,54501,1436707,25858
2021-09-20,Madera,39,155013,20633,20203,1619,21822,257
2021-09-20,Marin,41,260295,16850,16732,403,17135,242
2021-09-20,Mariposa,43,17540,930,887,25,912,5
2021-09-20,Mendocino,45,87422,6728,6568,327,6895,67
2021-09-20,Merced,47,269075,38547,38144,1347,39491,536
2021-09-20,Modoc,49,8938,464,457,162,619,5
2021-09-20,Mono,51,14174,1510,1480,13,1493,3
2021-09-20,Monterey,53,433212,46723,46506,3154,49660,565
2021-09-20,Napa,55,140530,12323,12209,87,12296,95
2021-09-20,Nevada,57,99092,8359,8228,280,8508,84
2021-09-20,Orange,59,3164182,295742,293642,14156,307798,5354
2021-09-20,Placer,61,380077,33916,33531,3309,36840,364
2021-09-20,Plumas,63,18699,1234,1211,29,1240,5
2021-09-20,Riverside,65,2383286,344467,341961,16629,358590,4802
2021-09-20,Sacramento,67,1510023,147371,147016,3863,150879,2016
2021-09-20,San Benito,69,59416,6981,6947,150,7097,67
2021-09-20,San Bernardino,71,2135413,339090,337059,10635,347694,5507
2021-09-20,San Diego,73,3302833,353620,349579,0,349579,4009
2021-09-20,San Francisco,75,870044,49926,49559,2489,52048,605
2021-09-20,San Joaquin,77,732212,93456,92614,5084,97698,1615
2021-09-20,San Luis Obispo,79,281455,27589,27259,1126,28385,313
2021-09-20,San Mateo,81,765935,51422,51100,1295,52395,567
2021-09-20,Santa Barbara,83,443738,41904,41589,1604,43193,500
2021-09-20,Santa Clara,85,1922200,140309,139578,1148,140726,1841
2021-09-20,Santa Cruz,87,273765,19305,19121,1049,20170,211
2021-09-20,Shasta,89,179085,18455,17893,3122,21015,258
2021-09-20,Sierra,91,2930,128,126,15,141,0
2021-09-20,Siskiyou,93,43540,2997,2902,1105,4007,35
2021-09-20,Solano,95,438530,43516,43152,1125,44277,312
2021-09-20,Sonoma,97,501317,39262,38991,500,39491,369
2021-09-20,Stanislaus,99,539301,72947,72031,8103,80134,1091
2021-09-20,Sutter,101,95872,13031,12896,256,13152,153
2021-09-20,Tehama,103,63373,7256,7121,1240,8361,84
2021-09-20,Trinity,105,12862,602,568,169,737,7
2021-09-20,Tulare,107,460477,61331,60302,13349,73651,896
2021-09-20,Tuolumne,109,53932,6246,6113,63,6176,89
2021-09-20,Ventura,111,848112,94247,93700,4232,97932,1120
2021-09-20,Yolo,113,214977,18440,18287,994,19281,239
2021-09-20,Yuba,115,75493,9209,9107,183,9290,61
2021-09-19,Alameda,1,1643700,114236,113446,2776,116222,1320
2021-09-19,Alpine,3,1148,100,100,0,100,0
2021-09-19,Amador,5,37829,4965,4875,53,4928,59
2021-09-19,Butte,7,227075,18414,18063,3416,21479,230
2021-09-19,Calaveras,9,45235,3493,3390,38,3428,66
2021-09-19,Colusa,11,21464,2386,2375,555,2930,16
2021-09-19,Contra Costa,13,1133247,94481,93788,1991,95779,924
2021-09-19,Del Norte,15,27424,3396,3344,23,3367,34
2021-09-19,El Dorado,17,186661,14665,14512,1546,16058,127
2021-09-19,Fresno,19,978130,126281,124985,11231,136216,1888
2021-09-19,Glenn,21,27897,3163,3102,912,4014,25
2021-09-19,Humboldt,23,135768,8047,7914,418,8332,80
2021-09-19,Imperial,25,180216,31268,31122,3184,34306,755
2021-09-19,Inyo,27,18085,1673,1639,26,1665,39
2021-09-19,Kern,29,883053,116417,115074,18746,133820,1459
2021-09-19,Kings,31,150075,28778,28416,1765,30181,284
2021-09-19,Lake,33,64148,6105,5962,125,6087,87
2021-09-19,Lassen,35,31185,6280,6129,284,6413,25
2021-09-19,Los Angeles,37,10098052,1386171,1381200,54354,1435554,25852
2021-09-19,Madera,39,155013,20556,20161,1607,21768,257
2021-09-19,Marin,41,260295,16821,16711,401,17112,242
2021-09-19,Mariposa,43,17540,923,881,25,906,5
2021-09-19,Mendocino,45,87422,6683,6538,321,6859,67
2021-09-19,Merced,47,269075,38390,38068,1341,39409,535
2021-09-19,Modoc,49,8938,461,457,160,617,5
2021-09-19,Mono,51,14174,1506,1480,13,1493,3
2021-09-19,Monterey,53,433212,46681,46486,3141,49627,565
2021-09-19,Napa,55,140530,12302,12190,85,12275,95
2021-09-19,Nevada,57,99092,8331,8203,279,8482,84
2021-09-19,Orange,59,3164182,295387,293258,14141,307399,5354
2021-09-19,Placer,61,380077,33804,33406,3291,36697,364
2021-09-19,Plumas,63,18699,1221,1211,29,1240,5
2021-09-19,Riverside,65,2383286,343877,341566,16618,358184,4804
2021-09-19,Sacramento,67,1510023,147013,146603,3816,150419,2012
2021-09-19,San Benito,69,59416,6962,6942,150,7092,67
2021-09-19,San Bernardino,71,2135413,338615,336688,10623,347311,5506
2021-09-19,San Diego,73,3302833,352921,349225,0,349225,4006
2021-09-19,San Francisco,75,870044,49817,49458,2481,51939,605
2021-09-19,San Joaquin,77,732212,93161,92467,5074,97541,1615
2021-09-19,San Luis Obispo,79,281455,27490,27208,1117,28325,313
2021-09-19,San Mateo,81,765935,51337,51028,1280,52308,567
2021-09-19,Santa Barbara,83,443738,41804,41512,1604,43116,500
2021-09-19,Santa Clara,85,1922200,140128,139410,1142,140552,1841
2021-09-19,Santa Cruz,87,273765,19267,19096,1049,20145,211
2021-09-19,Shasta,89,179085,18342,17813,3086,20899,258
2021-09-19,Sierra,91,2930,127,126,15,141,0
2021-09-19,Siskiyou,93,43540,2973,2882,1096,3978,35
2021-09-19,Solano,95,438530,43431,43056,1120,44176,312
2021-09-19,Sonoma,97,501317,39190,38956,496,39452,369
2021-09-19,Stanislaus,99,539301,72701,71830,8084,79914,1091
2021-09-19,Sutter,101,95872,13004,12868,250,13118,153
2021-09-19,Tehama,103,63373,7199,7081,1228,8309,84
2021-09-19,Trinity,105,12862,592,562,167,729,7
2021-09-19,Tulare,107,460477,61071,60160,13255,73415,896
2021-09-19,Tuolumne,109,53932,6205,6097,63,6160,89
2021-09-19,Ventura,111,848112,94091,93491,4227,97718,1120
2021-09-19,Yolo,113,214977,18391,18238,988,19226,239
2021-09-19,Yuba,115,75493,9183,9087,182,9269,61
2021-09-18,Alameda,1,1643700,114139,113300,2775,116075,1320
2021-09-18,Alpine,3,1148,100,100,0,100,0
2021-09-18,Amador,5,37829,4955,4850,53,4903,59
2021-09-18,Butte,7,227075,18383,17961,3400,21361,230
2021-09-18,Calaveras,9,45235,3487,3361,37,3398,66
2021-09-18,Colusa,11,21464,2386,2373,554,2927,16
2021-09-18,Contra Costa,13,1133247,94393,93656,1988,95644,924
2021-09-18,Del Norte,15,27424,3388,3326,21,3347,34
2021-09-18,El Dorado,17,186661,14641,14472,1542,16014,127
2021-09-18,Fresno,19,978130,126146,124771,11216,135987,1889
2021-09-18,Glenn,21,27897,3159,3086,911,3997,25
2021-09-18,Humboldt,23,135768,8034,7881,416,8297,80
2021-09-18,Imperial,25,180216,31246,31096,3183,34279,755
2021-09-18,Inyo,27,18085,1667,1636,26,1662,39
2021-09-18,Kern,29,883053,116262,114781,18681,133462,1459
2021-09-18,Kings,31,150075,28729,28330,1760,30090,285
2021-09-18,Lake,33,64148,6089,5936,124,6060,87
2021-09-18,Lassen,35,31185,6270,6121,281,6402,25
2021-09-18,Los Angeles,37,10098052,1385438,1379880,54300,1434180,25849
2021-09-18,Madera,39,155013,20513,20126,1596,21722,257
2021-09-18,Marin,41,260295,16804,16685,400,17085,242
2021-09-18,Mariposa,43,17540,920,871,25,896,5
2021-09-18,Mendocino,45,87422,6662,6523,321,6844,67
2021-09-18,Merced,47,269075,38354,37977,1337,39314,535
2021-09-18,Modoc,49,8938,461,457,159,616,5
2021-09-18,Mono,51,14174,1504,1480,13,1493,3
2021-09-18,Monterey,53,433212,46648,46466,3132,49598,565
2021-09-18,Napa,55,140530,12290,12168,85,12253,95
2021-09-18,Nevada,57,99092,8314,8183,279,8462,84
2021-09-18,Orange,59,3164182,295196,293005,14130,307135,5354
2021-09-18,Placer,61,380077,33733,33309,3288,36597,364
2021-09-18,Plumas,63,18699,1221,1204,29,1233,5
2021-09-18,Riverside,65,2383286,343493,341136,16605,357741,4802
2021-09-18,Sacramento,67,1510023,146829,146162,3808,149970,2016
2021-09-18,San Benito,69,59416,6957,6937,150,7087,67
2021-09-18,San Bernardino,71,2135413,338349,336380,10611,346991,5501
2021-09-18,San Diego,73,3302833,352530,348848,0,348848,4006
2021-09-18,San Francisco,75,870044,49755,49359,2475,51834,605
2021-09-18,San Joaquin,77,732212,93055,92242,5064,97306,1615
2021-09-18,San Luis Obispo,79,281455,27453,27181,1115,28296,313
2021-09-18,San Mateo,81,765935,51286,50961,1276,52237,567
2021-09-18,Santa Barbara,83,443738,41741,41465,1604,43069,500
2021-09-18,Santa Clara,85,1922200,140009,139233,1139,140372,1841
2021-09-18,Santa Cruz,87,273765,19248,19079,1049,20128,211
2021-09-18,Shasta,89,179085,18280,17777,3066,20843,258
2021-09-18,Sierra,91,2930,126,125,15,140,0
2021-09-18,Siskiyou,93,43540,2970,2875,1090,3965,35
2021-09-18,Solano,95,438530,43392,42966,1117,44083,312
2021-09-18,Sonoma,97,501317,39157,38891,494,39385,369
2021-09-18,Stanislaus,99,539301,72554,71587,8069,79656,1091
2021-09-18,Sutter,101,95872,12990,12829,250,13079,153
2021-09-18,Tehama,103,63373,7186,7055,1220,8275,84
2021-09-18,Trinity,105,12862,590,561,167,728,7
2021-09-18,Tulare,107,460477,60996,60003,13201,73204,896
2021-09-18,Tuolumne,109,53932,6190,6069,63,6132,89
2021-09-18,Ventura,111,848112,94020,93424,4222,97646,1120
2021-09-18,Yolo,113,214977,18364,18213,982,19195,239
2021-09-18,Yuba,115,75493,9169,9061,181,9242,61
2021-09-17,Alameda,1,1643700,114020,113070,2773,115843,1320
2021-09-17,Alpine,3,1148,100,99,0,99,0
2021-09-17,Amador,5,37829,4939,4835,52,4887,58
2021-09-17,Butte,7,227075,18333,17870,3389,21259,230
2021-09-17,Calaveras,9,45235,3475,3338,36,3374,66
2021-09-17,Colusa,11,21464,2384,2369,549,2918,16
2021-09-17,Contra Costa,13,1133247,94293,93485,1985,95470,924
2021-09-17,Del Norte,15,27424,3383,3311,19,3330,34
2021-09-17,El Dorado,17,186661,14623,14421,1540,15961,127
2021-09-17,Fresno,19,978130,125928,124296,11207,135503,1882
2021-09-17,Glenn,21,27897,3144,3072,910,3982,25
2021-09-17,Humboldt,23,135768,8013,7850,416,8266,80
2021-09-17,Imperial,25,180216,31219,31031,3182,34213,755
2021-09-17,Inyo,27,18085,1659,1634,26,1660,39
2021-09-17,Kern,29,883053,116072,114303,18585,132888,1456
2021-09-17,Kings,31,150075,28664,28240,1758,29998,281
2021-09-17,Lake,33,64148,6076,5915,124,6039,87
2021-09-17,Lassen,35,31185,6255,6080,279,6359,25
2021-09-17,Los Angeles,37,10098052,1384482,1377905,54227,1432132,25820
2021-09-17,Madera,39,155013,20462,20040,1586,21626,257
2021-09-17,Marin,41,260295,16791,16658,398,17056,242
2021-09-17,Mariposa,43,17540,918,869,25,894,5
2021-09-17,Mendocino,45,87422,6643,6498,321,6819,67
2021-09-17,Merced,47,269075,38316,37803,1336,39139,533
2021-09-17,Modoc,49,8938,461,456,159,615,5
2021-09-17,Mono,51,14174,1500,1457,13,1470,3
2021-09-17,Monterey,53,433212,46628,46421,3128,49549,564
2021-09-17,Napa,55,140530,12268,12153,85,12238,95
2021-09-17,Nevada,57,99092,8299,8157,279,8436,84
2021-09-17,Orange,59,3164182,294989,292685,14115,306800,5346
2021-09-17,Placer,61,380077,33670,33188,3277,36465,362
2021-09-17,Plumas,63,18699,1217,1192,28,1220,5
2021-09-17,Riverside,65,2383286,343088,340445,16596,357041,4792
2021-09-17,Sacramento,67,1510023,146630,145985,3797,149782,1999
2021-09-17,San Benito,69,59416,6954,6929,150,7079,67
2021-09-17,San Bernardino,71,2135413,337997,335810,10604,346414,5488
2021-09-17,San Diego,73,3302833,352118,348098,0,348098,4002
2021-09-17,San Francisco,75,870044,49707,49249,2468,51717,605
2021-09-17,San Joaquin,77,732212,92922,91977,5057,97034,1610
2021-09-17,San Luis Obispo,79,281455,27420,27102,1104,28206,311
2021-09-17,San Mateo,81,765935,51236,50854,1270,52124,564
2021-09-17,Santa Barbara,83,443738,41679,41354,1604,42958,498
2021-09-17,Santa Clara,85,1922200,139862,138939,1138,140077,1838
2021-09-17,Santa Cruz,87,273765,19223,19039,1049,20088,211
2021-09-17,Shasta,89,179085,18209,17617,3053,20670,254
2021-09-17,Sierra,91,2930,126,124,15,139,0
2021-09-17,Siskiyou,93,43540,2956,2852,1089,3941,35
2021-09-17,Solano,95,438530,43330,42898,1113,44011,312
2021-09-17,Sonoma,97,501317,39120,38808,493,39301,369
2021-09-17,Stanislaus,99,539301,72448,71408,8055,79463,1091
2021-09-17,Sutter,101,95872,12974,12799,248,13047,153
2021-09-17,Tehama,103,63373,7162,7020,1210,8230,84
2021-09-17,Trinity,105,12862,585,556,166,722,7
2021-09-17,Tulare,107,460477,60885,59689,13165,72854,895
2021-09-17,Tuolumne,109,53932,6172,6047,62,6109,89
2021-09-17,Ventura,111,848112,93900,93273,4219,97492,1116
2021-09-17,Yolo,113,214977,18333,18177,978,19155,239
2021-09-17,Yuba,115,75493,9142,9019,180,9199,61
2021-09-16,Alameda,1,1643700,113843,112770,2769,115539,1318
2021-09-16,Alpine,3,1148,100,99,0,99,0
2021-09-16,Amador,5,37829,4919,4819,52,4871,58
2021-09-16,Butte,7,227075,18262,17750,3375,21125,230
2021-09-16,Calaveras,9,45235,3441,3313,36,3349,66
2021-09-16,Colusa,11,21464,2382,2363,547,2910,16
2021-09-16,Contra Costa,13,1133247,94123,93213,1975,95188,917
2021-09-16,Del Norte,15,27424,3365,3285,19,3304,34
2021-09-16,El Dorado,17,186661,14583,14372,1531,15903,127
2021-09-16,Fresno,19,978130,125583,123853,11176,135029,1868
2021-09-16,Glenn,21,27897,3132,3068,908,3976,24
2021-09-16,Humboldt,23,135768,7980,7809,406,8215,80
2021-09-16,Imperial,25,180216,31177,30966,3173,34139,753
2021-09-16,Inyo,27,18085,1657,1623,26,1649,39
2021-09-16,Kern,29,883053,115801,113828,18518,132346,1448
2021-09-16,Kings,31,150075,28578,28114,1749,29863,280
2021-09-16,Lake,33,64148,6052,5890,122,6012,87
2021-09-16,Lassen,35,31185,6221,6028,272,6300,25
2021-09-16,Los Angeles,37,10098052,1383135,1376277,54151,1430428,25796
2021-09-16,Madera,39,155013,20386,19974,1579,21553,257
2021-09-16,Marin,41,260295,16764,16625,397,17022,242
2021-09-16,Mariposa,43,17540,912,849,25,874,6
2021-09-16,Mendocino,45,87422,6611,6445,312,6757,67
2021-09-16,Merced,47,269075,38208,37675,1333,39008,532
2021-09-16,Modoc,49,8938,459,455,159,614,5
2021-09-16,Mono,51,14174,1491,1449,13,1462,3
2021-09-16,Monterey,53,433212,46581,46342,3115,49457,562
2021-09-16,Napa,55,140530,12244,12115,81,12196,95
2021-09-16,Nevada,57,99092,8272,8121,278,8399,84
2021-09-16,Orange,59,3164182,294656,292183,14103,306286,5340
2021-09-16,Placer,61,380077,33575,33037,3255,36292,354
2021-09-16,Plumas,63,18699,1207,1178,28,1206,5
2021-09-16,Riverside,65,2383286,342561,339770,16582,356352,4786
2021-09-16,Sacramento,67,1510023,146278,145754,3763,149517,1996
2021-09-16,San Benito,69,59416,6941,6913,149,7062,67
2021-09-16,San Bernardino,71,2135413,337577,335129,10598,345727,5474
2021-09-16,San Diego,73,3302833,351501,347472,0,347472,3994
2021-09-16,San Francisco,75,870044,49624,49133,2458,51591,605
2021-09-16,San Joaquin,77,732212,92690,91650,5008,96658,1608
2021-09-16,San Luis Obispo,79,281455,27348,27044,1100,28144,310
2021-09-16,San Mateo,81,765935,51177,50773,1253,52026,564
2021-09-16,Santa Barbara,83,443738,41626,41272,1601,42873,497
2021-09-16,Santa Clara,85,1922200,139712,138685,1134,139819,1835
2021-09-16,Santa Cruz,87,273765,19195,19011,1049,20060,211
2021-09-16,Shasta,89,179085,18089,17438,3017,20455,251
2021-09-16,Sierra,91,2930,126,123,15,138,0
2021-09-16,Siskiyou,93,43540,2938,2819,1081,3900,35
2021-09-16,Solano,95,438530,43263,42792,1107,43899,312
2021-09-16,Sonoma,97,501317,39057,38707,493,39200,369
2021-09-16,Stanislaus,99,539301,72215,71105,8039,79144,1091
2021-09-16,Sutter,101,95872,12930,12729,242,12971,152
2021-09-16,Tehama,103,63373,7126,6953,1198,8151,83
2021-09-16,Trinity,105,12862,582,547,165,712,7
2021-09-16,Tulare,107,460477,60662,59459,13090,72549,894
2021-09-16,Tuolumne,109,53932,6152,5999,61,6060,89
2021-09-16,Ventura,111,848112,93745,93087,4217,97304,1110
2021-09-16,Yolo,113,214977,18300,18135,976,19111,239
2021-09-16,Yuba,115,75493,9108,8981,177,9158,61
2021-09-15,Alameda,1,1643700,113673,112498,2760,115258,1317
2021-09-15,Alpine,3,1148,100,99,0,99,0
2021-09-15,Amador,5,37829,4911,4792,52,4844,58
2021-09-15,Butte,7,227075,18167,17664,3360,21024,228
2021-09-15,Calaveras,9,45235,3408,3293,34,3327,66
2021-09-15,Colusa,11,21464,2380,2352,544,2896,16
2021-09-15,Contra Costa,13,1133247,93944,92989,1963,94952,913
2021-09-15,Del Norte,15,27424,3352,3271,17,3288,34
2021-09-15,El Dorado,17,186661,14558,14309,1523,15832,127
2021-09-15,Fresno,19,978130,125217,123370,11136,134506,1867
2021-09-15,Glenn,21,27897,3119,3051,904,3955,20
2021-09-15,Humboldt,23,135768,7945,7754,401,8155,52
2021-09-15,Imperial,25,180216,31122,30891,3169,34060,753
2021-09-15,Inyo,27,18085,1653,1614,26,1640,39
2021-09-15,Kern,29,883053,115456,113546,18419,131965,1434
2021-09-15,Kings,31,150075,28499,27991,1739,29730,279
2021-09-15,Lake,33,64148,6020,5852,121,5973,85
2021-09-15,Lassen,35,31185,6161,6018,267,6285,25
2021-09-15,Los Angeles,37,10098052,1381696,1374307,54072,1428379,25767
2021-09-15,Madera,39,155013,20312,19880,1573,21453,257
2021-09-15,Marin,41,260295,16729,16592,392,16984,242
2021-09-15,Mariposa,43,17540,901,843,25,868,5
2021-09-15,Mendocino,45,87422,6580,6399,307,6706,66
2021-09-15,Merced,47,269075,38083,37508,1331,38839,529
2021-09-15,Modoc,49,8938,459,454,159,613,5
2021-09-15,Mono,51,14174,1487,1445,13,1458,3
2021-09-15,Monterey,53,433212,46516,46317,3098,49415,562
2021-09-15,Napa,55,140530,12223,12082,81,12163,95
2021-09-15,Nevada,57,99092,8249,8081,275,8356,84
2021-09-15,Orange,59,3164182,294340,291834,14087,305921,5328
2021-09-15,Placer,61,380077,33468,32860,3233,36093,352
2021-09-15,Plumas,63,18699,1198,1164,27,1191,5
2021-09-15,Riverside,65,2383286,341977,339077,16558,355635,4769
2021-09-15,Sacramento,67,1510023,145858,145202,3729,148931,1981
2021-09-15,San Benito,69,59416,6938,6902,149,7051,67
2021-09-15,San Bernardino,71,2135413,337118,334556,10585,345141,5470
2021-09-15,San Diego,73,3302833,350881,346933,0,346933,3983
2021-09-15,San Francisco,75,870044,49517,48999,2452,51451,605
2021-09-15,San Joaquin,77,732212,92420,91322,4963,96285,1607
2021-09-15,San Luis Obispo,79,281455,27265,26943,1094,28037,306
2021-09-15,San Mateo,81,765935,51099,50691,1247,51938,564
2021-09-15,Santa Barbara,83,443738,41525,41077,1597,42674,497
2021-09-15,Santa Clara,85,1922200,139536,138410,1130,139540,1833
2021-09-15,Santa Cruz,87,273765,19159,18984,1047,20031,210
2021-09-15,Shasta,89,179085,17978,17317,2994,20311,250
2021-09-15,Sierra,91,2930,126,123,15,138,0
2021-09-15,Siskiyou,93,43540,2919,2804,1049,3853,35
2021-09-15,Solano,95,438530,43193,42682,1102,43784,312
2021-09-15,Sonoma,97,501317,38999,38629,493,39122,369
2021-09-15,Stanislaus,99,539301,71995,70852,8019,78871,1091
2021-09-15,Sutter,101,95872,12897,12699,237,12936,151
2021-09-15,Tehama,103,63373,7091,6894,1188,8082,79
2021-09-15,Trinity,105,12862,580,541,163,704,7
2021-09-15,Tulare,107,460477,60406,59149,13026,72175,890
2021-09-15,Tuolumne,109,53932,6126,5969,61,6030,89
2021-09-15,Ventura,111,848112,93605,92960,4214,97174,1109
2021-09-15,Yolo,113,214977,18267,18064,968,19032,239
2021-09-15,Yuba,115,75493,9075,8953,177,9130,61
2021-09-14,Alameda,1,1643700,113466,112329,2754,115083,1316
2021-09-14,Alpine,3,1148,100,98,0,98,0
2021-09-14,Amador,5,37829,4891,4790,52,4842,57
2021-09-14,Butte,7,227075,18036,17516,3335,20851,226
2021-09-14,Calaveras,9,45235,3386,3280,31,3311,66
2021-09-14,Colusa,11,21464,2376,2344,541,2885,16
2021-09-14,Contra Costa,13,1133247,93745,92822,1954,94776,908
2021-09-14,Del Norte,15,27424,3336,3252,16,3268,32
2021-09-14,El Dorado,17,186661,14505,14247,1516,15763,123
2021-09-14,Fresno,19,978130,124749,123151,11101,134252,1856
2021-09-14,Glenn,21,27897,3099,3045,899,3944,20
2021-09-14,Humboldt,23,135768,7911,7717,396,8113,52
2021-09-14,Imperial,25,180216,31070,30845,3166,34011,752
2021-09-14,Inyo,27,18085,1644,1605,26,1631,39
2021-09-14,Kern,29,883053,115079,113250,18294,131544,1428
2021-09-14,Kings,31,150075,28424,27955,1729,29684,278
2021-09-14,Lake,33,64148,5988,5845,121,5966,83
2021-09-14,Lassen,35,31185,6147,5977,262,6239,25
2021-09-14,Los Angeles,37,10098052,1379906,1372831,53981,1426812,25729
2021-09-14,Madera,39,155013,20230,19800,1566,21366,254
2021-09-14,Marin,41,260295,16702,16584,390,16974,242
2021-09-14,Mariposa,43,17540,890,834,24,858,5
2021-09-14,Mendocino,45,87422,6545,6372,295,6667,65
2021-09-14,Merced,47,269075,37925,37430,1328,38758,526
2021-09-14,Modoc,49,8938,458,453,159,612,5
2021-09-14,Mono,51,14174,1475,1440,13,1453,4
2021-09-14,Monterey,53,433212,46486,46224,3073,49297,558
2021-09-14,Napa,55,140530,12190,12070,80,12150,91
2021-09-14,Nevada,57,99092,8214,8056,275,8331,83
2021-09-14,Orange,59,3164182,293959,291423,14067,305490,5319
2021-09-14,Placer,61,380077,33342,32735,3212,35947,350
2021-09-14,Plumas,63,18699,1192,1148,27,1175,5
2021-09-14,Riverside,65,2383286,341337,338534,16527,355061,4748
2021-09-14,Sacramento,67,1510023,145495,145051,3678,148729,1977
2021-09-14,San Benito,69,59416,6929,6887,148,7035,64
2021-09-14,San Bernardino,71,2135413,336624,333968,10560,344528,5465
2021-09-14,San Diego,73,3302833,350217,346204,0,346204,3966
2021-09-14,San Francisco,75,870044,49396,48998,2437,51435,603
2021-09-14,San Joaquin,77,732212,92182,91128,4921,96049,1596
2021-09-14,San Luis Obispo,79,281455,27192,26845,1090,27935,304
2021-09-14,San Mateo,81,765935,51009,50602,1235,51837,564
2021-09-14,Santa Barbara,83,443738,41432,40783,1588,42371,495
2021-09-14,Santa Clara,85,1922200,139305,138321,1126,139447,1828
2021-09-14,Santa Cruz,87,273765,19119,18965,1045,20010,210
2021-09-14,Shasta,89,179085,17849,17152,2974,20126,246
2021-09-14,Sierra,91,2930,126,123,15,138,0
2021-09-14,Siskiyou,93,43540,2894,2756,1032,3788,35
2021-09-14,Solano,95,438530,43111,42599,1099,43698,307
2021-09-14,Sonoma,97,501317,38929,38595,489,39084,369
2021-09-14,Stanislaus,99,539301,71737,70697,7993,78690,1091
2021-09-14,Sutter,101,95872,12855,12670,230,12900,149
2021-09-14,Tehama,103,63373,7037,6859,1177,8036,80
2021-09-14,Trinity,105,12862,574,538,162,700,7
2021-09-14,Tulare,107,460477,60155,58961,12956,71917,888
2021-09-14,Tuolumne,109,53932,6104,5951,60,6011,89
2021-09-14,Ventura,111,848112,93420,92841,4198,97039,1107
2021-09-14,Yolo,113,214977,18223,18039,963,19002,239
2021-09-14,Yuba,115,75493,9040,8928,177,9105,61
2021-09-13,Alameda,1,1643700,113249,112159,2749,114908,1309
2021-09-13,Alpine,3,1148,99,98,0,98,0
2021-09-13,Amador,5,37829,4873,4761,52,4813,56
2021-09-13,Butte,7,227075,17916,17393,3313,20706,225
2021-09-13,Calaveras,9,45235,3355,3253,29,3282,65
2021-09-13,Colusa,11,21464,2366,2346,536,2882,16
2021-09-13,Contra Costa,13,1133247,93497,92658,1949,94607,908
2021-09-13,Del Norte,15,27424,3301,3232,16,3248,28
2021-09-13,El Dorado,17,186661,14445,14194,1506,15700,119
2021-09-13,Fresno,19,978130,124291,122650,11057,133707,1853
2021-09-13,Glenn,21,27897,3092,3026,891,3917,20
2021-09-13,Humboldt,23,135768,7880,7659,393,8052,52
2021-09-13,Imperial,25,180216,31017,30802,3164,33966,751
2021-09-13,Inyo,27,18085,1637,1602,26,1628,39
2021-09-13,Kern,29,883053,114699,112930,18164,131094,1424
2021-09-13,Kings,31,150075,28315,27858,1716,29574,275
2021-09-13,Lake,33,64148,5965,5809,121,5930,82
2021-09-13,Lassen,35,31185,6111,5953,261,6214,25
2021-09-13,Los Angeles,37,10098052,1378144,1371423,53901,1425324,25703
2021-09-13,Madera,39,155013,20160,19735,1559,21294,252
2021-09-13,Marin,41,260295,16667,16557,389,16946,242
2021-09-13,Mariposa,43,17540,876,825,24,849,5
2021-09-13,Mendocino,45,87422,6512,6323,285,6608,61
2021-09-13,Merced,47,269075,37774,37291,1324,38615,521
2021-09-13,Modoc,49,8938,457,451,159,610,5
2021-09-13,Mono,51,14174,1469,1435,13,1448,3
2021-09-13,Monterey,53,433212,46405,46188,3051,49239,558
2021-09-13,Napa,55,140530,12172,12039,80,12119,91
2021-09-13,Nevada,57,99092,8186,8021,273,8294,83
2021-09-13,Orange,59,3164182,293543,291128,14055,305183,5312
2021-09-13,Placer,61,380077,33179,32617,3195,35812,343
2021-09-13,Plumas,63,18699,1179,1142,27,1169,5
2021-09-13,Riverside,65,2383286,340693,337876,16509,354385,4731
2021-09-13,Sacramento,67,1510023,145017,144537,3645,148182,1956
2021-09-13,San Benito,69,59416,6914,6867,147,7014,64
2021-09-13,San Bernardino,71,2135413,336141,333613,10536,344149,5441
2021-09-13,San Diego,73,3302833,349431,345647,0,345647,3961
2021-09-13,San Francisco,75,870044,49268,48914,2430,51344,603
2021-09-13,San Joaquin,77,732212,91898,90966,4860,95826,1581
2021-09-13,San Luis Obispo,79,281455,27096,26805,1087,27892,300
2021-09-13,San Mateo,81,765935,50932,50525,1220,51745,564
2021-09-13,Santa Barbara,83,443738,41322,40661,1581,42242,494
2021-09-13,Santa Clara,85,1922200,139061,138152,1121,139273,1820
2021-09-13,Santa Cruz,87,273765,19078,18917,1044,19961,210
2021-09-13,Shasta,89,179085,17720,17033,2933,19966,243
2021-09-13,Sierra,91,2930,126,123,15,138,0
2021-09-13,Siskiyou,93,43540,2879,2745,1020,3765,35
2021-09-13,Solano,95,438530,43012,42501,1095,43596,306
2021-09-13,Sonoma,97,501317,38861,38513,486,38999,368
2021-09-13,Stanislaus,99,539301,71487,70477,7954,78431,1091
2021-09-13,Sutter,101,95872,12797,12624,226,12850,145
2021-09-13,Tehama,103,63373,6974,6803,1165,7968,79
2021-09-13,Trinity,105,12862,572,533,160,693,7
2021-09-13,Tulare,107,460477,59869,58768,12890,71658,887
2021-09-13,Tuolumne,109,53932,6074,5909,60,5969,89
2021-09-13,Ventura,111,848112,93249,92679,4188,96867,1107
2021-09-13,Yolo,113,214977,18182,17974,958,18932,239
2021-09-13,Yuba,115,75493,8995,8884,176,9060,61
2021-09-12,Alameda,1,1643700,112986,111961,2745,114706,1309
2021-09-12,Alpine,3,1148,99,98,0,98,0
2021-09-12,Amador,5,37829,4852,4752,52,4804,56
2021-09-12,Butte,7,227075,17781,17257,3264,20521,221
2021-09-12,Calaveras,9,45235,3323,3236,25,3261,65
2021-09-12,Colusa,11,21464,2364,2344,535,2879,16
2021-09-12,Contra Costa,13,1133247,93231,92498,1937,94435,908
2021-09-12,Del Norte,15,27424,3268,3200,16,3216,28
2021-09-12,El Dorado,17,186661,14373,14167,1489,15656,119
2021-09-12,Fresno,19,978130,123792,122407,11022,133429,1853
2021-09-12,Glenn,21,27897,3072,3016,883,3899,20
2021-09-12,Humboldt,23,135768,7811,7636,382,8018,52
2021-09-12,Imperial,25,180216,30956,30790,3158,33948,751
2021-09-12,Inyo,27,18085,1627,1596,26,1622,39
2021-09-12,Kern,29,883053,114292,112602,18001,130603,1424
2021-09-12,Kings,31,150075,28203,27764,1700,29464,274
2021-09-12,Lake,33,64148,5925,5781,121,5902,82
2021-09-12,Lassen,35,31185,6074,5943,251,6194,25
2021-09-12,Los Angeles,37,10098052,1376147,1365968,53814,1419782,25630
2021-09-12,Madera,39,155013,20074,19691,1547,21238,252
2021-09-12,Marin,41,260295,16644,16526,389,16915,242
2021-09-12,Mariposa,43,17540,865,811,24,835,5
2021-09-12,Mendocino,45,87422,6472,6283,277,6560,61
2021-09-12,Merced,47,269075,37610,37172,1313,38485,521
2021-09-12,Modoc,49,8938,457,451,158,609,5
2021-09-12,Mono,51,14174,1457,1431,13,1444,3
2021-09-12,Monterey,53,433212,46325,46167,3023,49190,558
2021-09-12,Napa,55,140530,12142,12011,80,12091,91
2021-09-12,Nevada,57,99092,8147,7987,270,8257,83
2021-09-12,Orange,59,3164182,293084,290718,14031,304749,5312
2021-09-12,Placer,61,380077,33027,32520,3169,35689,343
2021-09-12,Plumas,63,18699,1159,1138,27,1165,5
2021-09-12,Riverside,65,2383286,340011,337332,16476,353808,4731
2021-09-12,Sacramento,67,1510023,144524,144030,3605,147635,1959
2021-09-12,San Benito,69,59416,6894,6852,146,6998,64
2021-09-12,San Bernardino,71,2135413,335537,333049,10522,343571,5439
2021-09-12,San Diego,73,3302833,348611,345058,0,345058,3942
2021-09-12,San Francisco,75,870044,49157,48819,2422,51241,603
2021-09-12,San Joaquin,77,732212,91570,90730,4844,95574,1581
2021-09-12,San Luis Obispo,79,281455,26979,26729,1074,27803,299
2021-09-12,San Mateo,81,765935,50836,50432,1206,51638,564
2021-09-12,Santa Barbara,83,443738,41217,40600,1574,42174,494
2021-09-12,Santa Clara,85,1922200,138809,137899,1117,139016,1820
2021-09-12,Santa Cruz,87,273765,19046,18892,1042,19934,210
2021-09-12,Shasta,89,179085,17555,16957,2874,19831,243
2021-09-12,Sierra,91,2930,126,123,15,138,0
2021-09-12,Siskiyou,93,43540,2852,2730,1005,3735,35
2021-09-12,Solano,95,438530,42908,42409,1090,43499,306
2021-09-12,Sonoma,97,501317,38786,38456,484,38940,368
2021-09-12,Stanislaus,99,539301,71192,70184,7916,78100,1091
2021-09-12,Sutter,101,95872,12755,12589,220,12809,145
2021-09-12,Tehama,103,63373,6905,6732,1151,7883,79
2021-09-12,Trinity,105,12862,568,529,158,687,7
2021-09-12,Tulare,107,460477,59514,58582,12825,71407,887
2021-09-12,Tuolumne,109,53932,6041,5888,60,5948,89
2021-09-12,Ventura,111,848112,93124,92496,4184,96680,1107
2021-09-12,Yolo,113,214977,18117,17943,950,18893,239
2021-09-12,Yuba,115,75493,8958,8842,176,9018,61
2021-09-11,Alameda,1,1643700,112859,111715,2743,114458,1309
2021-09-11,Alpine,3,1148,99,98,0,98,0
2021-09-11,Amador,5,37829,4839,4728,51,4779,56
2021-09-11,Butte,7,227075,17701,17218,3237,20455,221
2021-09-11,Calaveras,9,45235,3320,3208,24,3232,65
2021-09-11,Colusa,11,21464,2363,2338,532,2870,16
2021-09-11,Contra Costa,13,1133247,93112,92269,1932,94201,908
2021-09-11,Del Norte,15,27424,3253,3184,16,3200,28
2021-09-11,El Dorado,17,186661,14354,14117,1482,15599,119
2021-09-11,Fresno,19,978130,123618,122224,11001,133225,1853
2021-09-11,Glenn,21,27897,3069,3007,881,3888,20
2021-09-11,Humboldt,23,135768,7789,7615,379,7994,52
2021-09-11,Imperial,25,180216,30931,30760,3154,33914,751
2021-09-11,Inyo,27,18085,1624,1590,26,1616,39
2021-09-11,Kern,29,883053,114047,112205,17880,130085,1424
2021-09-11,Kings,31,150075,28156,27631,1694,29325,275
2021-09-11,Lake,33,64148,5905,5761,121,5882,82
2021-09-11,Lassen,35,31185,6060,5930,247,6177,25
2021-09-11,Los Angeles,37,10098052,1375226,1365831,53749,1419580,25630
2021-09-11,Madera,39,155013,20021,19648,1541,21189,252
2021-09-11,Marin,41,260295,16616,16496,388,16884,242
2021-09-11,Mariposa,43,17540,860,799,24,823,5
2021-09-11,Mendocino,45,87422,6448,6257,277,6534,61
2021-09-11,Merced,47,269075,37566,37042,1310,38352,521
2021-09-11,Modoc,49,8938,457,449,158,607,5
2021-09-11,Mono,51,14174,1454,1431,13,1444,3
2021-09-11,Monterey,53,433212,46294,46140,3015,49155,558
2021-09-11,Napa,55,140530,12120,11991,80,12071,91
2021-09-11,Nevada,57,99092,8132,7967,270,8237,83
2021-09-11,Orange,59,3164182,292791,290429,14014,304443,5306
2021-09-11,Placer,61,380077,32944,32414,3158,35572,344
2021-09-11,Plumas,63,18699,1156,1112,26,1138,5
2021-09-11,Riverside,65,2383286,339578,336585,16462,353047,4731
2021-09-11,Sacramento,67,1510023,144235,143557,3590,147147,1955
2021-09-11,San Benito,69,59416,6881,6844,146,6990,64
2021-09-11,San Bernardino,71,2135413,335199,332512,10511,343023,5430
2021-09-11,San Diego,73,3302833,348127,344355,0,344355,3942
2021-09-11,San Francisco,75,870044,49101,48660,2416,51076,603
2021-09-11,San Joaquin,77,732212,91430,90482,4841,95323,1581
2021-09-11,San Luis Obispo,79,281455,26933,26651,1073,27724,299
2021-09-11,San Mateo,81,765935,50773,50341,1204,51545,564
2021-09-11,Santa Barbara,83,443738,41142,40451,1574,42025,494
2021-09-11,Santa Clara,85,1922200,138660,137659,1114,138773,1820
2021-09-11,Santa Cruz,87,273765,19019,18865,1042,19907,210
2021-09-11,Shasta,89,179085,17462,16877,2852,19729,243
2021-09-11,Sierra,91,2930,126,123,15,138,0
2021-09-11,Siskiyou,93,43540,2835,2717,1002,3719,35
2021-09-11,Solano,95,438530,42858,42344,1086,43430,306
2021-09-11,Sonoma,97,501317,38740,38399,482,38881,368
2021-09-11,Stanislaus,99,539301,71068,69974,7901,77875,1091
2021-09-11,Sutter,101,95872,12729,12538,217,12755,145
2021-09-11,Tehama,103,63373,6888,6703,1146,7849,79
2021-09-11,Trinity,105,12862,561,526,158,684,7
2021-09-11,Tulare,107,460477,59404,58321,12777,71098,889
2021-09-11,Tuolumne,109,53932,6022,5879,57,5936,89
2021-09-11,Ventura,111,848112,93039,92328,4179,96507,1107
2021-09-11,Yolo,113,214977,18092,17906,945,18851,239
2021-09-11,Yuba,115,75493,8933,8813,176,8989,61
2021-09-10,Alameda,1,1643700,112670,111386,2742,114128,1306
2021-09-10,Alpine,3,1148,98,97,0,97,0
2021-09-10,Amador,5,37829,4827,4706,51,4757,56
2021-09-10,Butte,7,227075,17630,17051,3219,20270,222
2021-09-10,Calaveras,9,45235,3314,3183,24,3207,65
2021-09-10,Colusa,11,21464,2359,2327,529,2856,16
2021-09-10,Contra Costa,13,1133247,92995,92024,1930,93954,908
2021-09-10,Del Norte,15,27424,3238,3128,15,3143,28
2021-09-10,El Dorado,17,186661,14324,14051,1477,15528,119
2021-09-10,Fresno,19,978130,123305,121659,10982,132641,1846
2021-09-10,Glenn,21,27897,3064,2977,881,3858,20
2021-09-10,Humboldt,23,135768,7756,7543,375,7918,52
2021-09-10,Imperial,25,180216,30907,30716,3152,33868,751
2021-09-10,Inyo,27,18085,1620,1590,26,1616,39
2021-09-10,Kern,29,883053,113792,111832,17760,129592,1419
2021-09-10,Kings,31,150075,28083,27473,1686,29159,274
2021-09-10,Lake,33,64148,5889,5713,119,5832,79
2021-09-10,Lassen,35,31185,6052,5914,244,6158,25
2021-09-10,Los Angeles,37,10098052,1374053,1365709,53677,1419386,25630
2021-09-10,Madera,39,155013,19975,19520,1536,21056,252
2021-09-10,Marin,41,260295,16597,16458,385,16843,242
2021-09-10,Mariposa,43,17540,855,795,24,819,5
2021-09-10,Mendocino,45,87422,6417,6184,276,6460,61
2021-09-10,Merced,47,269075,37518,36884,1310,38194,521
2021-09-10,Modoc,49,8938,457,448,158,606,5
2021-09-10,Mono,51,14174,1451,1422,13,1435,3
2021-09-10,Monterey,53,433212,46267,46084,2996,49080,557
2021-09-10,Napa,55,140530,12096,11948,80,12028,90
2021-09-10,Nevada,57,99092,8114,7932,269,8201,83
2021-09-10,Orange,59,3164182,292487,290022,14005,304027,5302
2021-09-10,Placer,61,380077,32844,32264,3144,35408,343
2021-09-10,Plumas,63,18699,1153,1111,26,1137,5
2021-09-10,Riverside,65,2383286,339104,335988,16455,352443,4720
2021-09-10,Sacramento,67,1510023,143888,143244,3581,146825,1950
2021-09-10,San Benito,69,59416,6877,6824,146,6970,64
2021-09-10,San Bernardino,71,2135413,334781,331894,10503,342397,5422
2021-09-10,San Diego,73,3302833,347582,343173,0,343173,3941
2021-09-10,San Francisco,75,870044,49021,48518,2407,50925,602
2021-09-10,San Joaquin,77,732212,91256,90208,4834,95042,1573
2021-09-10,San Luis Obispo,79,281455,26900,26526,1071,27597,299
2021-09-10,San Mateo,81,765935,50715,50251,1198,51449,564
2021-09-10,Santa Barbara,83,443738,41089,40321,1571,41892,492
2021-09-10,Santa Clara,85,1922200,138479,137337,1113,138450,1817
2021-09-10,Santa Cruz,87,273765,19001,18785,1041,19826,210
2021-09-10,Shasta,89,179085,17369,16667,2824,19491,242
2021-09-10,Sierra,91,2930,126,117,15,132,0
2021-09-10,Siskiyou,93,43540,2823,2702,998,3700,35
2021-09-10,Solano,95,438530,42785,42230,1078,43308,305
2021-09-10,Sonoma,97,501317,38683,38271,481,38752,368
2021-09-10,Stanislaus,99,539301,70909,69617,7881,77498,1091
2021-09-10,Sutter,101,95872,12695,12468,217,12685,145
2021-09-10,Tehama,103,63373,6857,6652,1141,7793,77
2021-09-10,Trinity,105,12862,557,524,158,682,7
2021-09-10,Tulare,107,460477,59259,57930,12731,70661,883
2021-09-10,Tuolumne,109,53932,6005,5842,56,5898,89
2021-09-10,Ventura,111,848112,92944,92145,4174,96319,1104
2021-09-10,Yolo,113,214977,18069,17825,940,18765,239
2021-09-10,Yuba,115,75493,8915,8760,175,8935,62
2021-09-09,Alameda,1,1643700,112456,111014,2734,113748,1306
2021-09-09,Alpine,3,1148,98,94,0,94,0
2021-09-09,Amador,5,37829,4806,4698,50,4748,56
2021-09-09,Butte,7,227075,17484,16874,3198,20072,221
2021-09-09,Calaveras,9,45235,3280,3165,24,3189,65
2021-09-09,Colusa,11,21464,2352,2321,527,2848,16
2021-09-09,Contra Costa,13,1133247,92786,91687,1925,93612,904
2021-09-09,Del Norte,15,27424,3215,3102,15,3117,28
2021-09-09,El Dorado,17,186661,14267,13970,1467,15437,119
2021-09-09,Fresno,19,978130,122837,121040,10951,131991,1838
2021-09-09,Glenn,21,27897,3051,2947,873,3820,20
2021-09-09,Humboldt,23,135768,7707,7471,368,7839,52
2021-09-09,Imperial,25,180216,30870,30661,3149,33810,751
2021-09-09,Inyo,27,18085,1613,1586,26,1612,39
2021-09-09,Kern,29,883053,113444,111390,17599,128989,1414
2021-09-09,Kings,31,150075,27983,27282,1675,28957,273
2021-09-09,Lake,33,64148,5865,5638,117,5755,79
2021-09-09,Lassen,35,31185,6004,5860,238,6098,25
2021-09-09,Los Angeles,37,10098052,1372256,1363735,53603,1417338,25583
2021-09-09,Madera,39,155013,19902,19401,1524,20925,252
2021-09-09,Marin,41,260295,16573,16416,382,16798,242
2021-09-09,Mariposa,43,17540,841,779,23,802,5
2021-09-09,Mendocino,45,87422,6385,6089,267,6356,61
2021-09-09,Merced,47,269075,37371,36634,1299,37933,516
2021-09-09,Modoc,49,8938,457,448,158,606,5
2021-09-09,Mono,51,14174,1446,1420,13,1433,3
2021-09-09,Monterey,53,433212,46226,45991,2972,48963,556
2021-09-09,Napa,55,140530,12066,11878,80,11958,90
2021-09-09,Nevada,57,99092,8076,7855,269,8124,82
2021-09-09,Orange,59,3164182,292088,289109,13978,303087,5299
2021-09-09,Placer,61,380077,32726,32048,3128,35176,342
2021-09-09,Plumas,63,18699,1141,1098,25,1123,5
2021-09-09,Riverside,65,2383286,338470,334774,16437,351211,4701
2021-09-09,Sacramento,67,1510023,143405,142728,3535,146263,1929
2021-09-09,San Benito,69,59416,6867,6820,145,6965,64
2021-09-09,San Bernardino,71,2135413,334221,331040,10491,341531,5417
2021-09-09,San Diego,73,3302833,346863,342149,0,342149,3929
2021-09-09,San Francisco,75,870044,48911,48404,2394,50798,597
2021-09-09,San Joaquin,77,732212,90985,89874,4801,94675,1570
2021-09-09,San Luis Obispo,79,281455,26818,26472,1068,27540,296
2021-09-09,San Mateo,81,765935,50604,50143,1185,51328,561
2021-09-09,Santa Barbara,83,443738,40984,40180,1566,41746,490
2021-09-09,Santa Clara,85,1922200,138260,137017,1109,138126,1816
2021-09-09,Santa Cruz,87,273765,18955,18728,1041,19769,210
2021-09-09,Shasta,89,179085,17224,16401,2780,19181,238
2021-09-09,Sierra,91,2930,126,115,15,130,0
2021-09-09,Siskiyou,93,43540,2801,2683,983,3666,35
2021-09-09,Solano,95,438530,42678,42081,1074,43155,303
2021-09-09,Sonoma,97,501317,38616,38171,480,38651,360
2021-09-09,Stanislaus,99,539301,70620,69178,7856,77034,1074
2021-09-09,Sutter,101,95872,12640,12396,215,12611,144
2021-09-09,Tehama,103,63373,6793,6554,1134,7688,75
2021-09-09,Trinity,105,12862,551,523,156,679,6
2021-09-09,Tulare,107,460477,59013,57564,12671,70235,879
2021-09-09,Tuolumne,109,53932,5977,5802,55,5857,89
2021-09-09,Ventura,111,848112,92796,91610,4163,95773,1098
2021-09-09,Yolo,113,214977,18014,17724,937,18661,239
2021-09-09,Yuba,115,75493,8869,8707,175,8882,55
2021-09-08,Alameda,1,1643700,112197,110781,2730,113511,1305
2021-09-08,Alpine,3,1148,98,94,0,94,0
2021-09-08,Amador,5,37829,4794,4693,50,4743,56
2021-09-08,Butte,7,227075,17355,16775,3175,19950,220
2021-09-08,Calaveras,9,45235,3261,3157,24,3181,63
2021-09-08,Colusa,11,21464,2350,2308,525,2833,16
2021-09-08,Contra Costa,13,1133247,92517,91471,1919,93390,900
2021-09-08,Del Norte,15,27424,3191,3085,15,3100,25
2021-09-08,El Dorado,17,186661,14188,13928,1445,15373,119
2021-09-08,Fresno,19,978130,122354,120644,10900,131544,1831
2021-09-08,Glenn,21,27897,3032,2942,861,3803,20
2021-09-08,Humboldt,23,135768,7664,7438,359,7797,52
2021-09-08,Imperial,25,180216,30837,30609,3136,33745,751
2021-09-08,Inyo,27,18085,1602,1580,26,1606,39
2021-09-08,Kern,29,883053,113049,110933,17458,128391,1409
2021-09-08,Kings,31,150075,27854,27235,1661,28896,267
2021-09-08,Lake,33,64148,5836,5618,116,5734,79
2021-09-08,Lassen,35,31185,5986,5848,230,6078,25
2021-09-08,Los Angeles,37,10098052,1370259,1362029,53505,1415534,25533
2021-09-08,Madera,39,155013,19842,19352,1511,20863,252
2021-09-08,Marin,41,260295,16545,16386,381,16767,242
2021-09-08,Mariposa,43,17540,828,777,22,799,5
2021-09-08,Mendocino,45,87422,6341,6069,258,6327,61
2021-09-08,Merced,47,269075,37216,36500,1291,37791,516
2021-09-08,Modoc,49,8938,457,448,158,606,5
2021-09-08,Mono,51,14174,1443,1418,13,1431,3
2021-09-08,Monterey,53,433212,46188,45959,2954,48913,554
2021-09-08,Napa,55,140530,12029,11842,78,11920,90
2021-09-08,Nevada,57,99092,8040,7843,269,8112,82
2021-09-08,Orange,59,3164182,291691,288511,13959,302470,5290
2021-09-08,Placer,61,380077,32588,31852,3111,34963,337
2021-09-08,Plumas,63,18699,1136,1072,24,1096,5
2021-09-08,Riverside,65,2383286,337712,334037,16409,350446,4683
2021-09-08,Sacramento,67,1510023,142935,142448,3486,145934,1921
2021-09-08,San Benito,69,59416,6850,6800,144,6944,64
2021-09-08,San Bernardino,71,2135413,333623,330279,10474,340753,5411
2021-09-08,San Diego,73,3302833,345934,341437,0,341437,3926
2021-09-08,San Francisco,75,870044,48771,48263,2390,50653,589
2021-09-08,San Joaquin,77,732212,90715,89631,4764,94395,1561
2021-09-08,San Luis Obispo,79,281455,26724,26303,1063,27366,294
2021-09-08,San Mateo,81,765935,50505,50051,1182,51233,561
2021-09-08,Santa Barbara,83,443738,40874,40000,1561,41561,490
2021-09-08,Santa Clara,85,1922200,138039,136836,1103,137939,1810
2021-09-08,Santa Cruz,87,273765,18918,18699,1041,19740,210
2021-09-08,Shasta,89,179085,17073,16227,2736,18963,234
2021-09-08,Sierra,91,2930,126,113,15,128,0
2021-09-08,Siskiyou,93,43540,2769,2643,972,3615,35
2021-09-08,Solano,95,438530,42588,41971,1071,43042,302
2021-09-08,Sonoma,97,501317,38534,38075,479,38554,360
2021-09-08,Stanislaus,99,539301,70375,68945,7825,76770,1074
2021-09-08,Sutter,101,95872,12575,12349,212,12561,144
2021-09-08,Tehama,103,63373,6723,6520,1116,7636,75
2021-09-08,Trinity,105,12862,548,520,152,672,6
2021-09-08,Tulare,107,460477,58689,57425,12615,70040,876
2021-09-08,Tuolumne,109,53932,5945,5783,53,5836,89
2021-09-08,Ventura,111,848112,92632,91345,4145,95490,1096
2021-09-08,Yolo,113,214977,17935,17680,932,18612,239
2021-09-08,Yuba,115,75493,8826,8675,173,8848,55
2021-09-07,Alameda,1,1643700,111894,110550,2723,113273,1301
2021-09-07,Alpine,3,1148,97,94,0,94,0
2021-09-07,Amador,5,37829,4767,4679,50,4729,53
2021-09-07,Butte,7,227075,17203,16723,3136,19859,220
2021-09-07,Calaveras,9,45235,3219,3140,22,3162,63
2021-09-07,Colusa,11,21464,2339,2306,524,2830,16
2021-09-07,Contra Costa,13,1133247,92257,91167,1913,93080,891
2021-09-07,Del Norte,15,27424,3178,3081,15,3096,24
2021-09-07,El Dorado,17,186661,14118,13892,1429,15321,119
2021-09-07,Fresno,19,978130,121815,120268,10847,131115,1828
2021-09-07,Glenn,21,27897,3012,2937,853,3790,20
2021-09-07,Humboldt,23,135768,7606,7397,342,7739,52
2021-09-07,Imperial,25,180216,30798,30584,3128,33712,751
2021-09-07,Inyo,27,18085,1595,1579,25,1604,39
2021-09-07,Kern,29,883053,112621,110674,17293,127967,1408
2021-09-07,Kings,31,150075,27729,27169,1643,28812,267
2021-09-07,Lake,33,64148,5795,5597,109,5706,78
2021-09-07,Lassen,35,31185,5968,5842,224,6066,21
2021-09-07,Los Angeles,37,10098052,1368101,1360407,53406,1413813,25486
2021-09-07,Madera,39,155013,19755,19316,1505,20821,249
2021-09-07,Marin,41,260295,16507,16363,381,16744,242
2021-09-07,Mariposa,43,17540,814,771,22,793,5
2021-09-07,Mendocino,45,87422,6286,6036,247,6283,61
2021-09-07,Merced,47,269075,37044,36400,1286,37686,513
2021-09-07,Modoc,49,8938,455,449,158,607,5
2021-09-07,Mono,51,14174,1434,1416,13,1429,3
2021-09-07,Monterey,53,433212,46122,45911,2922,48833,543
2021-09-07,Napa,55,140530,11988,11814,78,11892,90
2021-09-07,Nevada,57,99092,8012,7829,269,8098,82
2021-09-07,Orange,59,3164182,291264,288225,13932,302157,5274
2021-09-07,Placer,61,380077,32439,31710,3082,34792,337
2021-09-07,Plumas,63,18699,1117,1071,24,1095,5
2021-09-07,Riverside,65,2383286,336926,333390,16389,349779,4666
2021-09-07,Sacramento,67,1510023,142386,142364,3440,145804,1905
2021-09-07,San Benito,69,59416,6832,6786,144,6930,64
2021-09-07,San Bernardino,71,2135413,332885,329962,10446,340408,5407
2021-09-07,San Diego,73,3302833,344932,340709,0,340709,3922
2021-09-07,San Francisco,75,870044,48633,48175,2382,50557,589
2021-09-07,San Joaquin,77,732212,90384,89468,4745,94213,1548
2021-09-07,San Luis Obispo,79,281455,26606,26253,1054,27307,287
2021-09-07,San Mateo,81,765935,50415,49913,1176,51089,561
2021-09-07,Santa Barbara,83,443738,40750,39957,1556,41513,489
2021-09-07,Santa Clara,85,1922200,137758,136631,1096,137727,1807
2021-09-07,Santa Cruz,87,273765,18870,18669,1038,19707,210
2021-09-07,Shasta,89,179085,16919,16096,2683,18779,226
2021-09-07,Sierra,91,2930,126,111,15,126,0
2021-09-07,Siskiyou,93,43540,2744,2607,954,3561,34
2021-09-07,Solano,95,438530,42468,41862,1067,42929,300
2021-09-07,Sonoma,97,501317,38451,38013,476,38489,358
2021-09-07,Stanislaus,99,539301,70088,68831,7802,76633,1074
2021-09-07,Sutter,101,95872,12501,12310,206,12516,138
2021-09-07,Tehama,103,63373,6663,6482,1095,7577,74
2021-09-07,Trinity,105,12862,543,517,152,669,6
2021-09-07,Tulare,107,460477,58336,57228,12533,69761,874
2021-09-07,Tuolumne,109,53932,5909,5759,52,5811,88
2021-09-07,Ventura,111,848112,92414,91246,4138,95384,1093
2021-09-07,Yolo,113,214977,17866,17653,927,18580,235
2021-09-07,Yuba,115,75493,8783,8642,169,8811,55
2021-09-06,Alameda,1,1643700,111587,110357,2714,113071,1301
2021-09-06,Alpine,3,1148,95,94,0,94,0
2021-09-06,Amador,5,37829,4751,4648,49,4697,53
2021-09-06,Butte,7,227075,17017,16588,3090,19678,218
2021-09-06,Calaveras,9,45235,3201,3122,22,3144,63
2021-09-06,Colusa,11,21464,2332,2306,519,2825,16
2021-09-06,Contra Costa,13,1133247,91964,90971,1903,92874,891
2021-09-06,Del Norte,15,27424,3138,3037,14,3051,24
2021-09-06,El Dorado,17,186661,14052,13848,1412,15260,119
2021-09-06,Fresno,19,978130,121255,119738,10789,130527,1828
2021-09-06,Glenn,21,27897,2979,2912,839,3751,20
2021-09-06,Humboldt,23,135768,7531,7320,324,7644,52
2021-09-06,Imperial,25,180216,30734,30576,3123,33699,751
2021-09-06,Inyo,27,18085,1589,1578,10,1588,39
2021-09-06,Kern,29,883053,112113,110347,17101,127448,1408
2021-09-06,Kings,31,150075,27587,27094,1625,28719,264
2021-09-06,Lake,33,64148,5732,5548,102,5650,78
2021-09-06,Lassen,35,31185,5942,5822,213,6035,21
2021-09-06,Los Angeles,37,10098052,1365817,1359348,53283,1412631,25477
2021-09-06,Madera,39,155013,19651,19191,1487,20678,249
2021-09-06,Marin,41,260295,16467,16356,381,16737,242
2021-09-06,Mariposa,43,17540,802,764,22,786,5
2021-09-06,Mendocino,45,87422,6219,5984,233,6217,61
2021-09-06,Merced,47,269075,36832,36300,1281,37581,513
2021-09-06,Modoc,49,8938,452,449,158,607,5
2021-09-06,Mono,51,14174,1431,1416,13,1429,3
2021-09-06,Monterey,53,433212,46058,45833,2878,48711,541
2021-09-06,Napa,55,140530,11946,11792,77,11869,90
2021-09-06,Nevada,57,99092,7964,7748,267,8015,82
2021-09-06,Orange,59,3164182,290776,287948,13882,301830,5274
2021-09-06,Placer,61,380077,32264,31595,3043,34638,337
2021-09-06,Plumas,63,18699,1095,1068,22,1090,5
2021-09-06,Riverside,65,2383286,336111,333052,16368,349420,4666
2021-09-06,Sacramento,67,1510023,141757,141730,3372,145102,1905
2021-09-06,San Benito,69,59416,6809,6777,141,6918,64
2021-09-06,San Bernardino,71,2135413,332004,329693,10415,340108,5398
2021-09-06,San Diego,73,3302833,343927,340222,0,340222,3922
2021-09-06,San Francisco,75,870044,48497,48120,2376,50496,589
2021-09-06,San Joaquin,77,732212,90052,89293,4723,94016,1548
2021-09-06,San Luis Obispo,79,281455,26478,26183,1051,27234,286
2021-09-06,San Mateo,81,765935,50304,49859,1159,51018,561
2021-09-06,Santa Barbara,83,443738,40621,39876,1547,41423,489
2021-09-06,Santa Clara,85,1922200,137473,136458,1093,137551,1807
2021-09-06,Santa Cruz,87,273765,18817,18615,1035,19650,210
2021-09-06,Shasta,89,179085,16739,15985,2627,18612,226
2021-09-06,Sierra,91,2930,126,109,15,124,0
2021-09-06,Siskiyou,93,43540,2701,2595,920,3515,34
2021-09-06,Solano,95,438530,42330,41774,1061,42835,300
2021-09-06,Sonoma,97,501317,38336,37929,474,38403,358
2021-09-06,Stanislaus,99,539301,69715,68596,7764,76360,1074
2021-09-06,Sutter,101,95872,12439,12238,197,12435,138
2021-09-06,Tehama,103,63373,6589,6413,1064,7477,74
2021-09-06,Trinity,105,12862,540,515,150,665,6
2021-09-06,Tulare,107,460477,57984,57068,12452,69520,874
2021-09-06,Tuolumne,109,53932,5874,5697,52,5749,88
2021-09-06,Ventura,111,848112,92228,91132,4128,95260,1093
2021-09-06,Yolo,113,214977,17782,17576,921,18497,235
2021-09-06,Yuba,115,75493,8733,8584,165,8749,55
2021-09-05,Alameda,1,1643700,111396,110173,2711,112884,1301
2021-09-05,Alpine,3,1148,95,94,0,94,0
2021-09-05,Amador,5,37829,4739,4642,49,4691,53
2021-09-05,Butte,7,227075,16930,16504,3061,19565,218
2021-09-05,Calaveras,9,45235,3194,3106,22,3128,63
2021-09-05,Colusa,11,21464,2324,2305,517,2822,16
2021-09-05,Contra Costa,13,1133247,91780,90862,1897,92759,891
2021-09-05,Del Norte,15,27424,3118,3023,14,3037,24
2021-09-05,El Dorado,17,186661,14023,13827,1398,15225,119
2021-09-05,Fresno,19,978130,120962,119384,10759,130143,1828
2021-09-05,Glenn,21,27897,2971,2899,836,3735,20
2021-09-05,Humboldt,23,135768,7498,7312,321,7633,52
2021-09-05,Imperial,25,180216,30705,30548,3121,33669,751
2021-09-05,Inyo,27,18085,1586,1572,10,1582,39
2021-09-05,Kern,29,883053,111818,110073,16935,127008,1408
2021-09-05,Kings,31,150075,27510,26989,1621,28610,264
2021-09-05,Lake,33,64148,5713,5525,102,5627,78
2021-09-05,Lassen,35,31185,5921,5820,209,6029,21
2021-09-05,Los Angeles,37,10098052,1364573,1357748,53208,1410956,25465
2021-09-05,Madera,39,155013,19609,19155,1478,20633,249
2021-09-05,Marin,41,260295,16448,16342,380,16722,242
2021-09-05,Mariposa,43,17540,798,761,22,783,5
2021-09-05,Mendocino,45,87422,6185,5965,233,6198,61
2021-09-05,Merced,47,269075,36757,36243,1280,37523,513
2021-09-05,Modoc,49,8938,452,447,158,605,5
2021-09-05,Mono,51,14174,1431,1416,13,1429,3
2021-09-05,Monterey,53,433212,46034,45795,2865,48660,540
2021-09-05,Napa,55,140530,11921,11770,77,11847,90
2021-09-05,Nevada,57,99092,7942,7722,266,7988,82
2021-09-05,Orange,59,3164182,290492,287614,13869,301483,5274
2021-09-05,Placer,61,380077,32133,31487,3029,34516,337
2021-09-05,Plumas,63,18699,1090,1067,22,1089,5
2021-09-05,Riverside,65,2383286,335661,332604,16357,348961,4654
2021-09-05,Sacramento,67,1510023,141325,141276,3351,144627,1905
2021-09-05,San Benito,69,59416,6808,6764,141,6905,64
2021-09-05,San Bernardino,71,2135413,331621,329062,10402,339464,5392
2021-09-05,San Diego,73,3302833,343370,339427,0,339427,3914
2021-09-05,San Francisco,75,870044,48421,48035,2371,50406,589
2021-09-05,San Joaquin,77,732212,89888,89121,4710,93831,1548
2021-09-05,San Luis Obispo,79,281455,26432,26098,1050,27148,285
2021-09-05,San Mateo,81,765935,50241,49809,1154,50963,561
2021-09-05,Santa Barbara,83,443738,40555,39762,1545,41307,489
2021-09-05,Santa Clara,85,1922200,137267,136146,1091,137237,1807
2021-09-05,Santa Cruz,87,273765,18798,18588,1033,19621,210
2021-09-05,Shasta,89,179085,16659,15960,2601,18561,226
2021-09-05,Sierra,91,2930,125,109,15,124,0
2021-09-05,Siskiyou,93,43540,2685,2585,905,3490,34
2021-09-05,Solano,95,438530,42237,41687,1056,42743,300
2021-09-05,Sonoma,97,501317,38256,37881,473,38354,358
2021-09-05,Stanislaus,99,539301,69565,68434,7740,76174,1074
2021-09-05,Sutter,101,95872,12409,12179,191,12370,138
2021-09-05,Tehama,103,63373,6571,6400,1061,7461,74
2021-09-05,Trinity,105,12862,533,505,149,654,6
2021-09-05,Tulare,107,460477,57817,56915,12407,69322,874
2021-09-05,Tuolumne,109,53932,5862,5688,52,5740,88
2021-09-05,Ventura,111,848112,92099,91004,4122,95126,1093
2021-09-05,Yolo,113,214977,17747,17557,915,18472,235
2021-09-05,Yuba,115,75493,8708,8521,163,8684,55
2021-09-04,Alameda,1,1643700,111271,109944,2704,112648,1301
2021-09-04,Alpine,3,1148,95,94,0,94,0
2021-09-04,Amador,5,37829,4721,4637,48,4685,53
2021-09-04,Butte,7,227075,16877,16403,3041,19444,218
2021-09-04,Calaveras,9,45235,3183,3087,21,3108,63
2021-09-04,Colusa,11,21464,2322,2301,517,2818,16
2021-09-04,Contra Costa,13,1133247,91667,90623,1894,92517,891
2021-09-04,Del Norte,15,27424,3107,2984,14,2998,24
2021-09-04,El Dorado,17,186661,13997,13782,1390,15172,119
2021-09-04,Fresno,19,978130,120770,119033,10743,129776,1828
2021-09-04,Glenn,21,27897,2966,2878,832,3710,20
2021-09-04,Humboldt,23,135768,7467,7298,315,7613,52
2021-09-04,Imperial,25,180216,30683,30526,3119,33645,751
2021-09-04,Inyo,27,18085,1584,1571,10,1581,39
2021-09-04,Kern,29,883053,111572,109751,16804,126555,1408
2021-09-04,Kings,31,150075,27422,26896,1615,28511,263
2021-09-04,Lake,33,64148,5695,5507,102,5609,78
2021-09-04,Lassen,35,31185,5906,5814,201,6015,21
2021-09-04,Los Angeles,37,10098052,1363673,1355634,53148,1408782,25454
2021-09-04,Madera,39,155013,19575,19112,1472,20584,249
2021-09-04,Marin,41,260295,16432,16319,379,16698,242
2021-09-04,Mariposa,43,17540,793,759,22,781,5
2021-09-04,Mendocino,45,87422,6149,5933,233,6166,61
2021-09-04,Merced,47,269075,36712,36083,1278,37361,513
2021-09-04,Modoc,49,8938,452,447,158,605,5
2021-09-04,Mono,51,14174,1431,1417,13,1430,3
2021-09-04,Monterey,53,433212,46012,45756,2852,48608,540
2021-09-04,Napa,55,140530,11896,11760,74,11834,90
2021-09-04,Nevada,57,99092,7927,7691,265,7956,82
2021-09-04,Orange,59,3164182,290230,287244,13849,301093,5274
2021-09-04,Placer,61,380077,32029,31374,3011,34385,337
2021-09-04,Plumas,63,18699,1085,1067,22,1089,5
2021-09-04,Riverside,65,2383286,335191,331958,16345,348303,4654
2021-09-04,Sacramento,67,1510023,141028,140735,3342,144077,1896
2021-09-04,San Benito,69,59416,6799,6758,141,6899,64
2021-09-04,San Bernardino,71,2135413,331290,328425,10389,338814,5393
2021-09-04,San Diego,73,3302833,342935,338748,0,338748,3914
2021-09-04,San Francisco,75,870044,48350,47937,2358,50295,589
2021-09-04,San Joaquin,77,732212,89775,88846,4704,93550,1548
2021-09-04,San Luis Obispo,79,281455,26402,26020,1050,27070,285
2021-09-04,San Mateo,81,765935,50194,49721,1146,50867,560
2021-09-04,Santa Barbara,83,443738,40489,39667,1543,41210,489
2021-09-04,Santa Clara,85,1922200,137082,135845,1088,136933,1806
2021-09-04,Santa Cruz,87,273765,18780,18579,1029,19608,210
2021-09-04,Shasta,89,179085,16580,15924,2575,18499,226
2021-09-04,Sierra,91,2930,123,108,15,123,0
2021-09-04,Siskiyou,93,43540,2660,2563,893,3456,34
2021-09-04,Solano,95,438530,42165,41614,1054,42668,300
2021-09-04,Sonoma,97,501317,38223,37809,473,38282,358
2021-09-04,Stanislaus,99,539301,69406,68210,7721,75931,1074
2021-09-04,Sutter,101,95872,12368,12137,190,12327,138
2021-09-04,Tehama,103,63373,6555,6367,1045,7412,74
2021-09-04,Trinity,105,12862,531,497,149,646,6
2021-09-04,Tulare,107,460477,57710,56719,12364,69083,874
2021-09-04,Tuolumne,109,53932,5844,5667,51,5718,88
2021-09-04,Ventura,111,848112,91974,90904,4120,95024,1090
2021-09-04,Yolo,113,214977,17713,17522,911,18433,235
2021-09-04,Yuba,115,75493,8680,8475,162,8637,55
2021-09-03,Alameda,1,1643700,111130,109636,2703,112339,1301
2021-09-03,Alpine,3,1148,95,94,0,94,0
2021-09-03,Amador,5,37829,4699,4614,48,4662,53
2021-09-03,Butte,7,227075,16793,16259,3012,19271,215
2021-09-03,Calaveras,9,45235,3173,3069,21,3090,63
2021-09-03,Colusa,11,21464,2317,2295,516,2811,16
2021-09-03,Contra Costa,13,1133247,91516,90299,1891,92190,886
2021-09-03,Del Norte,15,27424,3079,2943,13,2956,24
2021-09-03,El Dorado,17,186661,13964,13710,1386,15096,119
2021-09-03,Fresno,19,978130,120444,118508,10729,129237,1822
2021-09-03,Glenn,21,27897,2960,2867,825,3692,20
2021-09-03,Humboldt,23,135768,7443,7194,310,7504,52
2021-09-03,Imperial,25,180216,30660,30475,3114,33589,751
2021-09-03,Inyo,27,18085,1579,1567,10,1577,39
2021-09-03,Kern,29,883053,111359,109296,16687,125983,1407
2021-09-03,Kings,31,150075,27339,26753,1610,28363,263
2021-09-03,Lake,33,64148,5675,5479,100,5579,78
2021-09-03,Lassen,35,31185,5889,5789,196,5985,21
2021-09-03,Los Angeles,37,10098052,1362386,1351185,53073,1404258,25384
2021-09-03,Madera,39,155013,19493,19021,1464,20485,247
2021-09-03,Marin,41,260295,16410,16293,378,16671,242
2021-09-03,Mariposa,43,17540,785,753,22,775,5
2021-09-03,Mendocino,45,87422,6114,5891,232,6123,61
2021-09-03,Merced,47,269075,36658,35941,1270,37211,512
2021-09-03,Modoc,49,8938,452,445,158,603,5
2021-09-03,Mono,51,14174,1430,1410,13,1423,3
2021-09-03,Monterey,53,433212,45985,45707,2837,48544,540
2021-09-03,Napa,55,140530,11875,11733,74,11807,89
2021-09-03,Nevada,57,99092,7895,7632,264,7896,82
2021-09-03,Orange,59,3164182,289909,286818,13821,300639,5253
2021-09-03,Placer,61,380077,31922,31238,2987,34225,335
2021-09-03,Plumas,63,18699,1080,1057,22,1079,5
2021-09-03,Riverside,65,2383286,334658,331011,16330,347341,4653
2021-09-03,Sacramento,67,1510023,140671,139982,3327,143309,1886
2021-09-03,San Benito,69,59416,6793,6746,141,6887,64
2021-09-03,San Bernardino,71,2135413,330880,327599,10378,337977,5381
2021-09-03,San Diego,73,3302833,342309,337627,0,337627,3911
2021-09-03,San Francisco,75,870044,48279,47822,2349,50171,589
2021-09-03,San Joaquin,77,732212,89629,88366,4699,93065,1540
2021-09-03,San Luis Obispo,79,281455,26328,25917,1048,26965,283
2021-09-03,San Mateo,81,765935,50114,49617,1130,50747,560
2021-09-03,Santa Barbara,83,443738,40424,39507,1540,41047,489
2021-09-03,Santa Clara,85,1922200,136878,135522,1084,136606,1801
2021-09-03,Santa Cruz,87,273765,18755,18532,1029,19561,210
2021-09-03,Shasta,89,179085,16506,15778,2550,18328,226
2021-09-03,Sierra,91,2930,121,105,15,120,0
2021-09-03,Siskiyou,93,43540,2648,2529,879,3408,34
2021-09-03,Solano,95,438530,42091,41457,1051,42508,300
2021-09-03,Sonoma,97,501317,38161,37699,473,38172,358
2021-09-03,Stanislaus,99,539301,69229,67887,7702,75589,1074
2021-09-03,Sutter,101,95872,12329,12073,189,12262,139
2021-09-03,Tehama,103,63373,6523,6334,1037,7371,72
2021-09-03,Trinity,105,12862,530,490,144,634,6
2021-09-03,Tulare,107,460477,57582,56401,12311,68712,872
2021-09-03,Tuolumne,109,53932,5803,5630,51,5681,88
2021-09-03,Ventura,111,848112,91833,90742,4116,94858,1088
2021-09-03,Yolo,113,214977,17690,17446,905,18351,235
2021-09-03,Yuba,115,75493,8649,8412,161,8573,55
2021-09-02,Alameda,1,1643700,110874,109377,2699,112076,1301
2021-09-02,Alpine,3,1148,94,92,0,92,0
2021-09-02,Amador,5,37829,4683,4606,48,4654,53
2021-09-02,Butte,7,227075,16674,16154,2989,19143,215
2021-09-02,Calaveras,9,45235,3162,3042,20,3062,62
2021-09-02,Colusa,11,21464,2314,2290,514,2804,16
2021-09-02,Contra Costa,13,1133247,91336,90038,1883,91921,886
2021-09-02,Del Norte,15,27424,3049,2891,13,2904,24
2021-09-02,El Dorado,17,186661,13907,13641,1358,14999,119
2021-09-02,Fresno,19,978130,119959,117974,10695,128669,1804
2021-09-02,Glenn,21,27897,2937,2855,821,3676,20
2021-09-02,Humboldt,23,135768,7396,7141,298,7439,52
2021-09-02,Imperial,25,180216,30617,30449,3111,33560,751
2021-09-02,Inyo,27,18085,1575,1564,9,1573,39
2021-09-02,Kern,29,883053,110949,108930,16537,125467,1404
2021-09-02,Kings,31,150075,27246,26638,1600,28238,263
2021-09-02,Lake,33,64148,5645,5432,95,5527,78
2021-09-02,Lassen,35,31185,5875,5747,189,5936,21
2021-09-02,Los Angeles,37,10098052,1360609,1351105,52979,1404084,25382
2021-09-02,Madera,39,155013,19402,18937,1447,20384,247
2021-09-02,Marin,41,260295,16397,16244,376,16620,242
2021-09-02,Mariposa,43,17540,779,745,19,764,5
2021-09-02,Mendocino,45,87422,6074,5848,229,6077,61
2021-09-02,Merced,47,269075,36500,35820,1262,37082,508
2021-09-02,Modoc,49,8938,452,437,158,595,5
2021-09-02,Mono,51,14174,1430,1409,13,1422,3
2021-09-02,Monterey,53,433212,45933,45648,2809,48457,539
2021-09-02,Napa,55,140530,11847,11684,74,11758,88
2021-09-02,Nevada,57,99092,7843,7575,263,7838,82
2021-09-02,Orange,59,3164182,289455,286326,13794,300120,5240
2021-09-02,Placer,61,380077,31784,31067,2958,34025,330
2021-09-02,Plumas,63,18699,1069,1045,20,1065,5
2021-09-02,Riverside,65,2383286,333946,330190,16304,346494,4644
2021-09-02,Sacramento,67,1510023,140099,139274,3291,142565,1882
2021-09-02,San Benito,69,59416,6788,6734,140,6874,64
2021-09-02,San Bernardino,71,2135413,330273,326940,10304,337244,5369
2021-09-02,San Diego,73,3302833,341355,336382,0,336382,3909
2021-09-02,San Francisco,75,870044,48173,47674,2342,50016,587
2021-09-02,San Joaquin,77,732212,89362,88056,4669,92725,1540
2021-09-02,San Luis Obispo,79,281455,26245,25851,1043,26894,283
2021-09-02,San Mateo,81,765935,50025,49490,1117,50607,558
2021-09-02,Santa Barbara,83,443738,40335,39386,1526,40912,486
2021-09-02,Santa Clara,85,1922200,136581,135216,1079,136295,1799
2021-09-02,Santa Cruz,87,273765,18722,18473,1027,19500,210
2021-09-02,Shasta,89,179085,16367,15670,2519,18189,224
2021-09-02,Sierra,91,2930,121,105,15,120,0
2021-09-02,Siskiyou,93,43540,2629,2513,849,3362,34
2021-09-02,Solano,95,438530,41985,41293,1048,42341,294
2021-09-02,Sonoma,97,501317,38084,37558,473,38031,352
2021-09-02,Stanislaus,99,539301,68979,67576,7680,75256,1074
2021-09-02,Sutter,101,95872,12259,11995,185,12180,138
2021-09-02,Tehama,103,63373,6463,6265,1017,7282,72
2021-09-02,Trinity,105,12862,526,484,142,626,6
2021-09-02,Tulare,107,460477,57356,56105,12256,68361,872
2021-09-02,Tuolumne,109,53932,5748,5578,51,5629,88
2021-09-02,Ventura,111,848112,91644,90610,4110,94720,1084
2021-09-02,Yolo,113,214977,17622,17357,894,18251,235
2021-09-02,Yuba,115,75493,8590,8363,161,8524,55
2021-09-01,Alameda,1,1643700,110603,109075,2695,111770,1299
2021-09-01,Alpine,3,1148,94,92,0,92,0
2021-09-01,Amador,5,37829,4667,4599,48,4647,53
2021-09-01,Butte,7,227075,16567,16046,2958,19004,215
2021-09-01,Calaveras,9,45235,3147,3023,20,3043,59
2021-09-01,Colusa,11,21464,2310,2281,514,2795,16
2021-09-01,Contra Costa,13,1133247,91109,89834,1872,91706,877
2021-09-01,Del Norte,15,27424,3017,2860,13,2873,24
2021-09-01,El Dorado,17,186661,13853,13577,1330,14907,119
2021-09-01,Fresno,19,978130,119473,117492,10641,128133,1800
2021-09-01,Glenn,21,27897,2910,2846,811,3657,20
2021-09-01,Humboldt,23,135768,7348,7090,291,7381,52
2021-09-01,Imperial,25,180216,30580,30393,3107,33500,750
2021-09-01,Inyo,27,18085,1572,1561,7,1568,39
2021-09-01,Kern,29,883053,110530,108449,16392,124841,1400
2021-09-01,Kings,31,150075,27133,26443,1588,28031,263
2021-09-01,Lake,33,64148,5604,5396,90,5486,77
2021-09-01,Lassen,35,31185,5853,5731,185,5916,21
2021-09-01,Los Angeles,37,10098052,1358464,1348589,52866,1401455,25341
2021-09-01,Madera,39,155013,19325,18852,1432,20284,247
2021-09-01,Marin,41,260295,16376,16224,371,16595,240
2021-09-01,Mariposa,43,17540,771,735,19,754,5
2021-09-01,Mendocino,45,87422,6034,5821,224,6045,59
2021-09-01,Merced,47,269075,36329,35686,1257,36943,500
2021-09-01,Modoc,49,8938,447,436,156,592,5
2021-09-01,Mono,51,14174,1430,1400,13,1413,3
2021-09-01,Monterey,53,433212,45864,45590,2783,48373,539
2021-09-01,Napa,55,140530,11816,11653,74,11727,88
2021-09-01,Nevada,57,99092,7791,7508,262,7770,82
2021-09-01,Orange,59,3164182,288990,285840,13756,299596,5233
2021-09-01,Placer,61,380077,31631,30902,2945,33847,330
2021-09-01,Plumas,63,18699,1064,1033,20,1053,5
2021-09-01,Riverside,65,2383286,333134,329388,16270,345658,4634
2021-09-01,Sacramento,67,1510023,139490,138499,3248,141747,1875
2021-09-01,San Benito,69,59416,6771,6716,140,6856,64
2021-09-01,San Bernardino,71,2135413,329629,326250,10274,336524,5364
2021-09-01,San Diego,73,3302833,340316,335302,0,335302,3908
2021-09-01,San Francisco,75,870044,48071,47538,2332,49870,584
2021-09-01,San Joaquin,77,732212,89042,87640,4648,92288,1540
2021-09-01,San Luis Obispo,79,281455,26149,25691,1038,26729,283
2021-09-01,San Mateo,81,765935,49921,49394,1103,50497,558
2021-09-01,Santa Barbara,83,443738,40219,39263,1509,40772,483
2021-09-01,Santa Clara,85,1922200,136319,134855,1074,135929,1796
2021-09-01,Santa Cruz,87,273765,18675,18453,1025,19478,210
2021-09-01,Shasta,89,179085,16234,15552,2475,18027,221
2021-09-01,Sierra,91,2930,120,98,15,113,0
2021-09-01,Siskiyou,93,43540,2600,2482,827,3309,34
2021-09-01,Solano,95,438530,41841,41194,1043,42237,293
2021-09-01,Sonoma,97,501317,37989,37454,472,37926,352
2021-09-01,Stanislaus,99,539301,68687,67287,7659,74946,1075
2021-09-01,Sutter,101,95872,12196,11945,178,12123,136
2021-09-01,Tehama,103,63373,6429,6228,1002,7230,72
2021-09-01,Trinity,105,12862,525,482,139,621,5
2021-09-01,Tulare,107,460477,57073,55768,12219,67987,870
2021-09-01,Tuolumne,109,53932,5708,5553,51,5604,88
2021-09-01,Ventura,111,848112,91419,90471,4095,94566,1089
2021-09-01,Yolo,113,214977,17569,17264,887,18151,235
2021-09-01,Yuba,115,75493,8526,8308,161,8469,55
2021-08-31,Alameda,1,1643700,110294,108837,2688,111525,1297
2021-08-31,Alpine,3,1148,92,92,0,92,0
2021-08-31,Amador,5,37829,4646,4555,48,4603,53
2021-08-31,Butte,7,227075,16432,15896,2918,18814,216
2021-08-31,Calaveras,9,45235,3109,3008,20,3028,59
2021-08-31,Colusa,11,21464,2308,2275,512,2787,16
2021-08-31,Contra Costa,13,1133247,90818,89546,1861,91407,871
2021-08-31,Del Norte,15,27424,2980,2830,13,2843,19
2021-08-31,El Dorado,17,186661,13783,13539,1312,14851,119
2021-08-31,Fresno,19,978130,118908,117155,10576,127731,1801
2021-08-31,Glenn,21,27897,2894,2829,797,3626,20
2021-08-31,Humboldt,23,135768,7272,7030,277,7307,52
2021-08-31,Imperial,25,180216,30544,30348,3099,33447,750
2021-08-31,Inyo,27,18085,1568,1550,7,1557,39
2021-08-31,Kern,29,883053,110032,108151,16210,124361,1393
2021-08-31,Kings,31,150075,26995,26405,1573,27978,260
2021-08-31,Lake,33,64148,5561,5359,87,5446,74
2021-08-31,Lassen,35,31185,5827,5702,182,5884,21
2021-08-31,Los Angeles,37,10098052,1356046,1346686,52784,1399470,25303
2021-08-31,Madera,39,155013,19234,18811,1416,20227,247
2021-08-31,Marin,41,260295,16347,16215,368,16583,240
2021-08-31,Mariposa,43,17540,762,732,19,751,5
2021-08-31,Mendocino,45,87422,5994,5777,222,5999,59
2021-08-31,Merced,47,269075,36161,35512,1252,36764,498
2021-08-31,Modoc,49,8938,446,436,156,592,5
2021-08-31,Mono,51,14174,1414,1398,13,1411,3
2021-08-31,Monterey,53,433212,45800,45550,2750,48300,539
2021-08-31,Napa,55,140530,11769,11618,74,11692,88
2021-08-31,Nevada,57,99092,7725,7460,262,7722,82
2021-08-31,Orange,59,3164182,288404,285310,13719,299029,5229
2021-08-31,Placer,61,380077,31441,30745,2906,33651,325
2021-08-31,Plumas,63,18699,1061,1018,19,1037,5
2021-08-31,Riverside,65,2383286,332163,328556,16237,344793,4627
2021-08-31,Sacramento,67,1510023,138828,137879,3212,141091,1863
2021-08-31,San Benito,69,59416,6759,6694,138,6832,64
2021-08-31,San Bernardino,71,2135413,328896,325446,10255,335701,5350
2021-08-31,San Diego,73,3302833,339045,334377,0,334377,3888
2021-08-31,San Francisco,75,870044,47933,47440,2310,49750,581
2021-08-31,San Joaquin,77,732212,88602,87365,4626,91991,1540
2021-08-31,San Luis Obispo,79,281455,26024,25518,1034,26552,282
2021-08-31,San Mateo,81,765935,49816,49299,1096,50395,556
2021-08-31,Santa Barbara,83,443738,40075,39091,1501,40592,481
2021-08-31,Santa Clara,85,1922200,135972,134637,1070,135707,1793
2021-08-31,Santa Cruz,87,273765,18634,18419,1022,19441,210
2021-08-31,Shasta,89,179085,16081,15368,2446,17814,220
2021-08-31,Sierra,91,2930,117,95,15,110,0
2021-08-31,Siskiyou,93,43540,2584,2435,812,3247,33
2021-08-31,Solano,95,438530,41709,41067,1036,42103,289
2021-08-31,Sonoma,97,501317,37895,37379,471,37850,352
2021-08-31,Stanislaus,99,539301,68323,67004,7625,74629,1075
2021-08-31,Sutter,101,95872,12129,11901,174,12075,136
2021-08-31,Tehama,103,63373,6381,6169,972,7141,72
2021-08-31,Trinity,105,12862,519,480,138,618,3
2021-08-31,Tulare,107,460477,56738,55567,12147,67714,870
2021-08-31,Tuolumne,109,53932,5672,5516,51,5567,88
2021-08-31,Ventura,111,848112,91208,90292,4084,94376,1081
2021-08-31,Yolo,113,214977,17492,17205,878,18083,234
2021-08-31,Yuba,115,75493,8474,8253,161,8414,54
2021-08-30,Alameda,1,1643700,109966,107734,2677,110411,1296
2021-08-30,Alpine,3,1148,92,92,0,92,0
2021-08-30,Amador,5,37829,4635,4507,48,4555,53
2021-08-30,Butte,7,227075,16283,15719,2885,18604,214
2021-08-30,Calaveras,9,45235,3090,2975,20,2995,59
2021-08-30,Colusa,11,21464,2300,2271,508,2779,16
2021-08-30,Contra Costa,13,1133247,90560,87679,1850,89529,872
2021-08-30,Del Norte,15,27424,2938,2796,12,2808,11
2021-08-30,El Dorado,17,186661,13714,13217,1294,14511,119
2021-08-30,Fresno,19,978130,118342,115867,10514,126381,1790
2021-08-30,Glenn,21,27897,2883,2804,794,3598,20
2021-08-30,Humboldt,23,135768,7218,6930,270,7200,52
2021-08-30,Imperial,25,180216,30507,30311,3094,33405,750
2021-08-30,Inyo,27,18085,1563,1544,7,1551,39
2021-08-30,Kern,29,883053,109558,107615,16040,123655,1389
2021-08-30,Kings,31,150075,26878,26236,1558,27794,259
2021-08-30,Lake,33,64148,5527,5323,83,5406,74
2021-08-30,Lassen,35,31185,5805,5667,176,5843,21
2021-08-30,Los Angeles,37,10098052,1353582,1344949,52691,1397640,25269
2021-08-30,Madera,39,155013,19153,18622,1399,20021,247
2021-08-30,Marin,41,260295,16316,16160,368,16528,240
2021-08-30,Mariposa,43,17540,756,715,18,733,5
2021-08-30,Mendocino,45,87422,5962,5721,218,5939,55
2021-08-30,Merced,47,269075,36032,35335,1250,36585,497
2021-08-30,Modoc,49,8938,444,436,155,591,5
2021-08-30,Mono,51,14174,1414,1390,13,1403,3
2021-08-30,Monterey,53,433212,45747,45463,2724,48187,539
2021-08-30,Napa,55,140530,11719,11579,72,11651,87
2021-08-30,Nevada,57,99092,7666,7356,260,7616,82
2021-08-30,Orange,59,3164182,287834,284750,13675,298425,5223
2021-08-30,Placer,61,380077,31284,29825,2881,32706,319
2021-08-30,Plumas,63,18699,1044,998,19,1017,5
2021-08-30,Riverside,65,2383286,331266,327593,16207,343800,4623
2021-08-30,Sacramento,67,1510023,138177,134571,3166,137737,1847
2021-08-30,San Benito,69,59416,6750,6663,138,6801,64
2021-08-30,San Bernardino,71,2135413,328219,324870,10225,335095,5348
2021-08-30,San Diego,73,3302833,337765,333011,0,333011,3885
2021-08-30,San Francisco,75,870044,47796,46966,2292,49258,581
2021-08-30,San Joaquin,77,732212,88274,86203,4620,90823,1528
2021-08-30,San Luis Obispo,79,281455,25900,25422,1027,26449,280
2021-08-30,San Mateo,81,765935,49699,48839,1079,49918,554
2021-08-30,Santa Barbara,83,443738,39929,38998,1495,40493,481
2021-08-30,Santa Clara,85,1922200,135647,133281,1062,134343,1789
2021-08-30,Santa Cruz,87,273765,18579,18326,1018,19344,210
2021-08-30,Shasta,89,179085,15953,15238,2401,17639,217
2021-08-30,Sierra,91,2930,115,91,15,106,0
2021-08-30,Siskiyou,93,43540,2571,2411,802,3213,33
2021-08-30,Solano,95,438530,41569,39986,1032,41018,290
2021-08-30,Sonoma,97,501317,37792,36764,471,37235,352
2021-08-30,Stanislaus,99,539301,67979,66173,7596,73769,1074
2021-08-30,Sutter,101,95872,12058,11791,167,11958,136
2021-08-30,Tehama,103,63373,6295,6085,942,7027,71
2021-08-30,Trinity,105,12862,509,468,135,603,3
2021-08-30,Tulare,107,460477,56428,55140,12068,67208,870
2021-08-30,Tuolumne,109,53932,5625,5492,51,5543,74
2021-08-30,Ventura,111,848112,90988,90149,4075,94224,1082
2021-08-30,Yolo,113,214977,17430,17071,874,17945,231
2021-08-30,Yuba,115,75493,8401,8129,160,8289,54
2021-08-29,Alameda,1,1643700,109627,107494,2662,110156,1296
2021-08-29,Alpine,3,1148,92,92,0,92,0
2021-08-29,Amador,5,37829,4621,4501,47,4548,53
2021-08-29,Butte,7,227075,16124,15602,2844,18446,214
2021-08-29,Calaveras,9,45235,3054,2970,20,2990,59
2021-08-29,Colusa,11,21464,2290,2260,502,2762,16
2021-08-29,Contra Costa,13,1133247,90265,87439,1846,89285,872
2021-08-29,Del Norte,15,27424,2896,2752,12,2764,11
2021-08-29,El Dorado,17,186661,13660,13166,1283,14449,119
2021-08-29,Fresno,19,978130,117750,115502,10467,125969,1790
2021-08-29,Glenn,21,27897,2867,2778,788,3566,20
2021-08-29,Humboldt,23,135768,7173,6922,255,7177,52
2021-08-29,Imperial,25,180216,30445,30293,3084,33377,750
2021-08-29,Inyo,27,18085,1553,1543,6,1549,39
2021-08-29,Kern,29,883053,109118,107324,15864,123188,1389
2021-08-29,Kings,31,150075,26719,26143,1543,27686,259
2021-08-29,Lake,33,64148,5487,5293,73,5366,74
2021-08-29,Lassen,35,31185,5782,5666,172,5838,21
2021-08-29,Los Angeles,37,10098052,1350829,1342541,52570,1395111,25263
2021-08-29,Madera,39,155013,19067,18594,1383,19977,247
2021-08-29,Marin,41,260295,16286,16134,365,16499,240
2021-08-29,Mariposa,43,17540,750,709,17,726,5
2021-08-29,Mendocino,45,87422,5906,5689,205,5894,55
2021-08-29,Merced,47,269075,35794,35250,1240,36490,497
2021-08-29,Modoc,49,8938,441,436,155,591,5
2021-08-29,Mono,51,14174,1408,1387,13,1400,3
2021-08-29,Monterey,53,433212,45664,45424,2679,48103,539
2021-08-29,Napa,55,140530,11688,11552,72,11624,87
2021-08-29,Nevada,57,99092,7609,7294,259,7553,82
2021-08-29,Orange,59,3164182,287225,284432,13636,298068,5223
2021-08-29,Placer,61,380077,31110,29674,2839,32513,319
2021-08-29,Plumas,63,18699,1032,996,19,1015,5
2021-08-29,Riverside,65,2383286,330410,326987,16185,343172,4623
2021-08-29,Sacramento,67,1510023,137436,133981,3118,137099,1843
2021-08-29,San Benito,69,59416,6723,6646,138,6784,64
2021-08-29,San Bernardino,71,2135413,327435,324266,10190,334456,5347
2021-08-29,San Diego,73,3302833,336655,332014,0,332014,3880
2021-08-29,San Francisco,75,870044,47665,46885,2275,49160,581
2021-08-29,San Joaquin,77,732212,87831,85922,4614,90536,1528
2021-08-29,San Luis Obispo,79,281455,25702,25288,1022,26310,280
2021-08-29,San Mateo,81,765935,49594,48737,1069,49806,554
2021-08-29,Santa Barbara,83,443738,39766,38900,1491,40391,481
2021-08-29,Santa Clara,85,1922200,135297,132979,1057,134036,1789
2021-08-29,Santa Cruz,87,273765,18532,18285,1016,19301,210
2021-08-29,Shasta,89,179085,15803,15198,2374,17572,217
2021-08-29,Sierra,91,2930,113,91,15,106,0
2021-08-29,Siskiyou,93,43540,2526,2407,781,3188,33
2021-08-29,Solano,95,438530,41422,39887,1027,40914,290
2021-08-29,Sonoma,97,501317,37656,36650,467,37117,352
2021-08-29,Stanislaus,99,539301,67631,65956,7563,73519,1074
2021-08-29,Sutter,101,95872,12000,11719,160,11879,136
2021-08-29,Tehama,103,63373,6216,6040,916,6956,71
2021-08-29,Trinity,105,12862,507,468,131,599,3
2021-08-29,Tulare,107,460477,56092,54974,11983,66957,870
2021-08-29,Tuolumne,109,53932,5600,5478,50,5528,74
2021-08-29,Ventura,111,848112,90738,90114,4068,94182,1082
2021-08-29,Yolo,113,214977,17334,17015,862,17877,231
2021-08-29,Yuba,115,75493,8337,8042,160,8202,54
2021-08-28,Alameda,1,1643700,109467,107007,2653,109660,1296
2021-08-28,Alpine,3,1148,92,92,0,92,0
2021-08-28,Amador,5,37829,4602,4484,47,4531,53
2021-08-28,Butte,7,227075,16066,15487,2815,18302,214
2021-08-28,Calaveras,9,45235,3046,2926,20,2946,59
2021-08-28,Colusa,11,21464,2286,2252,500,2752,16
2021-08-28,Contra Costa,13,1133247,90052,86938,1843,88781,872
2021-08-28,Del Norte,15,27424,2870,2734,11,2745,11
2021-08-28,El Dorado,17,186661,13621,13089,1277,14366,119
2021-08-28,Fresno,19,978130,117510,115079,10448,125527,1792
2021-08-28,Glenn,21,27897,2860,2773,781,3554,20
2021-08-28,Humboldt,23,135768,7138,6887,250,7137,52
2021-08-28,Imperial,25,180216,30418,30260,3080,33340,750
2021-08-28,Inyo,27,18085,1552,1539,6,1545,39
2021-08-28,Kern,29,883053,108883,107012,15719,122731,1389
2021-08-28,Kings,31,150075,26651,26059,1540,27599,257
2021-08-28,Lake,33,64148,5465,5267,69,5336,74
2021-08-28,Lassen,35,31185,5767,5665,171,5836,21
2021-08-28,Los Angeles,37,10098052,1349646,1337097,52500,1389597,25234
2021-08-28,Madera,39,155013,19017,18553,1368,19921,247
2021-08-28,Marin,41,260295,16271,16106,365,16471,240
2021-08-28,Mariposa,43,17540,748,704,17,721,5
2021-08-28,Mendocino,45,87422,5881,5658,205,5863,55
2021-08-28,Merced,47,269075,35744,35108,1236,36344,497
2021-08-28,Modoc,49,8938,441,436,154,590,5
2021-08-28,Mono,51,14174,1405,1385,13,1398,3
2021-08-28,Monterey,53,433212,45628,45394,2668,48062,539
2021-08-28,Napa,55,140530,11665,11512,71,11583,88
2021-08-28,Nevada,57,99092,7585,7238,257,7495,82
2021-08-28,Orange,59,3164182,286866,283953,13607,297560,5222
2021-08-28,Placer,61,380077,31002,29428,2827,32255,319
2021-08-28,Plumas,63,18699,1026,991,19,1010,5
2021-08-28,Riverside,65,2383286,329822,326222,16175,342397,4623
2021-08-28,Sacramento,67,1510023,137048,132985,3101,136086,1844
2021-08-28,San Benito,69,59416,6716,6636,138,6774,64
2021-08-28,San Bernardino,71,2135413,326996,323672,10181,333853,5348
2021-08-28,San Diego,73,3302833,336069,331330,0,331330,3880
2021-08-28,San Francisco,75,870044,47591,46654,2268,48922,581
2021-08-28,San Joaquin,77,732212,87670,85481,4610,90091,1527
2021-08-28,San Luis Obispo,79,281455,25636,25138,1017,26155,280
2021-08-28,San Mateo,81,765935,49524,48575,1061,49636,554
2021-08-28,Santa Barbara,83,443738,39697,38780,1490,40270,481
2021-08-28,Santa Clara,85,1922200,135090,132488,1055,133543,1789
2021-08-28,Santa Cruz,87,273765,18515,18240,1013,19253,210
2021-08-28,Shasta,89,179085,15702,15147,2355,17502,217
2021-08-28,Sierra,91,2930,109,91,15,106,0
2021-08-28,Siskiyou,93,43540,2518,2402,769,3171,33
2021-08-28,Solano,95,438530,41373,39610,1026,40636,290
2021-08-28,Sonoma,97,501317,37583,36466,465,36931,352
2021-08-28,Stanislaus,99,539301,67470,65670,7545,73215,1074
2021-08-28,Sutter,101,95872,11979,11669,159,11828,136
2021-08-28,Tehama,103,63373,6194,6004,905,6909,71
2021-08-28,Trinity,105,12862,503,463,130,593,3
2021-08-28,Tulare,107,460477,55964,54746,11937,66683,870
2021-08-28,Tuolumne,109,53932,5584,5469,50,5519,74
2021-08-28,Ventura,111,848112,90632,89934,4067,94001,1081
2021-08-28,Yolo,113,214977,17300,16907,854,17761,231
2021-08-28,Yuba,115,75493,8304,7985,160,8145,55
2021-08-27,Alameda,1,1643700,109261,106622,2650,109272,1296
2021-08-27,Alpine,3,1148,92,92,0,92,0
2021-08-27,Amador,5,37829,4586,4458,46,4504,53
2021-08-27,Butte,7,227075,15989,15277,2795,18072,214
2021-08-27,Calaveras,9,45235,3033,2903,20,2923,59
2021-08-27,Colusa,11,21464,2281,2240,498,2738,16
2021-08-27,Contra Costa,13,1133247,89854,86386,1841,88227,872
2021-08-27,Del Norte,15,27424,2838,2695,11,2706,11
2021-08-27,El Dorado,17,186661,13582,12968,1273,14241,119
2021-08-27,Fresno,19,978130,117078,114481,10435,124916,1774
2021-08-27,Glenn,21,27897,2845,2754,772,3526,20
2021-08-27,Humboldt,23,135768,7106,6782,246,7028,52
2021-08-27,Imperial,25,180216,30398,30201,3077,33278,750
2021-08-27,Inyo,27,18085,1551,1529,6,1535,39
2021-08-27,Kern,29,883053,108590,106570,15608,122178,1385
2021-08-27,Kings,31,150075,26575,25957,1538,27495,257
2021-08-27,Lake,33,64148,5441,5228,67,5295,74
2021-08-27,Lassen,35,31185,5752,5646,166,5812,21
2021-08-27,Los Angeles,37,10098052,1348135,1337006,52439,1389445,25230
2021-08-27,Madera,39,155013,18961,18476,1355,19831,247
2021-08-27,Marin,41,260295,16255,16055,363,16418,240
2021-08-27,Mariposa,43,17540,742,690,17,707,5
2021-08-27,Mendocino,45,87422,5850,5602,204,5806,55
2021-08-27,Merced,47,269075,35691,34906,1233,36139,495
2021-08-27,Modoc,49,8938,441,434,154,588,5
2021-08-27,Mono,51,14174,1396,1385,13,1398,3
2021-08-27,Monterey,53,433212,45589,45337,2651,47988,539
2021-08-27,Napa,55,140530,11631,11460,71,11531,87
2021-08-27,Nevada,57,99092,7544,7169,255,7424,82
2021-08-27,Orange,59,3164182,286504,283407,13575,296982,5206
2021-08-27,Placer,61,380077,30869,29157,2806,31963,320
2021-08-27,Plumas,63,18699,1021,984,19,1003,5
2021-08-27,Riverside,65,2383286,329306,325379,16161,341540,4622
2021-08-27,Sacramento,67,1510023,136616,131921,3088,135009,1838
2021-08-27,San Benito,69,59416,6710,6622,138,6760,64
2021-08-27,San Bernardino,71,2135413,326471,322893,10164,333057,5342
2021-08-27,San Diego,73,3302833,335284,330162,0,330162,3877
2021-08-27,San Francisco,75,870044,47517,46456,2247,48703,581
2021-08-27,San Joaquin,77,732212,87489,84949,4600,89549,1524
2021-08-27,San Luis Obispo,79,281455,25589,24952,1014,25966,280
2021-08-27,San Mateo,81,765935,49450,48424,1054,49478,553
2021-08-27,Santa Barbara,83,443738,39606,38675,1487,40162,480
2021-08-27,Santa Clara,85,1922200,134861,132011,1053,133064,1783
2021-08-27,Santa Cruz,87,273765,18475,18163,1009,19172,210
2021-08-27,Shasta,89,179085,15624,14996,2339,17335,217
2021-08-27,Sierra,91,2930,108,91,15,106,0
2021-08-27,Siskiyou,93,43540,2503,2358,755,3113,33
2021-08-27,Solano,95,438530,41284,39347,1021,40368,287
2021-08-27,Sonoma,97,501317,37509,36326,464,36790,342
2021-08-27,Stanislaus,99,539301,67261,65167,7514,72681,1061
2021-08-27,Sutter,101,95872,11933,11590,157,11747,135
2021-08-27,Tehama,103,63373,6169,5964,895,6859,71
2021-08-27,Trinity,105,12862,503,458,129,587,3
2021-08-27,Tulare,107,460477,55829,54443,11891,66334,870
2021-08-27,Tuolumne,109,53932,5552,5438,50,5488,74
2021-08-27,Ventura,111,848112,90520,89774,4062,93836,1076
2021-08-27,Yolo,113,214977,17261,16805,849,17654,231
2021-08-27,Yuba,115,75493,8247,7926,160,8086,54
2021-08-26,Alameda,1,1643700,108982,106146,2639,108785,1296
2021-08-26,Alpine,3,1148,92,92,0,92,0
2021-08-26,Amador,5,37829,4571,4442,45,4487,53
2021-08-26,Butte,7,227075,15857,15159,2759,17918,214
2021-08-26,Calaveras,9,45235,3024,2873,20,2893,59
2021-08-26,Colusa,11,21464,2275,2234,495,2729,16
2021-08-26,Contra Costa,13,1133247,89496,85808,1834,87642,866
2021-08-26,Del Norte,15,27424,2802,2625,11,2636,8
2021-08-26,El Dorado,17,186661,13516,12863,1258,14121,118
2021-08-26,Fresno,19,978130,116580,113854,10398,124252,1770
2021-08-26,Glenn,21,27897,2827,2740,764,3504,20
2021-08-26,Humboldt,23,135768,7048,6695,236,6931,53
2021-08-26,Imperial,25,180216,30350,30121,3069,33190,748
2021-08-26,Inyo,27,18085,1541,1521,5,1526,39
2021-08-26,Kern,29,883053,108166,106051,15460,121511,1380
2021-08-26,Kings,31,150075,26450,25838,1530,27368,260
2021-08-26,Lake,33,64148,5395,5196,64,5260,74
2021-08-26,Lassen,35,31185,5741,5626,164,5790,21
2021-08-26,Los Angeles,37,10098052,1345906,1334372,52339,1386711,25199
2021-08-26,Madera,39,155013,18890,18393,1343,19736,247
2021-08-26,Marin,41,260295,16226,15983,360,16343,240
2021-08-26,Mariposa,43,17540,732,677,17,694,5
2021-08-26,Mendocino,45,87422,5814,5533,199,5732,55
2021-08-26,Merced,47,269075,35523,34755,1218,35973,495
2021-08-26,Modoc,49,8938,441,433,154,587,5
2021-08-26,Mono,51,14174,1394,1385,13,1398,3
2021-08-26,Monterey,53,433212,45534,45265,2623,47888,539
2021-08-26,Napa,55,140530,11609,11394,70,11464,87
2021-08-26,Nevada,57,99092,7486,7086,253,7339,80
2021-08-26,Orange,59,3164182,286017,282814,13560,296374,5200
2021-08-26,Placer,61,380077,30699,28898,2781,31679,319
2021-08-26,Plumas,63,18699,1015,971,18,989,5
2021-08-26,Riverside,65,2383286,328519,324486,16138,340624,4615
2021-08-26,Sacramento,67,1510023,136076,130977,3044,134021,1827
2021-08-26,San Benito,69,59416,6701,6604,138,6742,64
2021-08-26,San Bernardino,71,2135413,325816,322100,10142,332242,5339
2021-08-26,San Diego,73,3302833,334251,328276,0,328276,3869
2021-08-26,San Francisco,75,870044,47395,46288,2237,48525,581
2021-08-26,San Joaquin,77,732212,87114,84429,4594,89023,1513
2021-08-26,San Luis Obispo,79,281455,25441,24831,1008,25839,278
2021-08-26,San Mateo,81,765935,49327,48263,1045,49308,553
2021-08-26,Santa Barbara,83,443738,39524,38566,1486,40052,479
2021-08-26,Santa Clara,85,1922200,134535,131443,1047,132490,1782
2021-08-26,Santa Cruz,87,273765,18414,18072,1007,19079,210
2021-08-26,Shasta,89,179085,15503,14891,2311,17202,217
2021-08-26,Sierra,91,2930,106,90,15,105,0
2021-08-26,Siskiyou,93,43540,2483,2342,740,3082,33
2021-08-26,Solano,95,438530,41139,39027,1013,40040,286
2021-08-26,Sonoma,97,501317,37419,36102,464,36566,337
2021-08-26,Stanislaus,99,539301,66942,64785,7488,72273,1061
2021-08-26,Sutter,101,95872,11873,11499,154,11653,135
2021-08-26,Tehama,103,63373,6108,5913,880,6793,68
2021-08-26,Trinity,105,12862,498,450,127,577,3
2021-08-26,Tulare,107,460477,55574,54157,11838,65995,870
2021-08-26,Tuolumne,109,53932,5532,5387,50,5437,74
2021-08-26,Ventura,111,848112,90352,89595,4053,93648,1080
2021-08-26,Yolo,113,214977,17197,16727,838,17565,231
2021-08-26,Yuba,115,75493,8174,7834,158,7992,54
2021-08-25,Alameda,1,1643700,108655,105636,2631,108267,1296
2021-08-25,Alpine,3,1148,92,92,0,92,0
2021-08-25,Amador,5,37829,4556,4415,45,4460,53
2021-08-25,Butte,7,227075,15755,15039,2718,17757,214
2021-08-25,Calaveras,9,45235,3004,2851,20,2871,59
2021-08-25,Colusa,11,21464,2269,2227,486,2713,16
2021-08-25,Contra Costa,13,1133247,89115,85322,1828,87150,863
2021-08-25,Del Norte,15,27424,2758,2573,11,2584,8
2021-08-25,El Dorado,17,186661,13456,12787,1242,14029,118
2021-08-25,Fresno,19,978130,116046,113384,10358,123742,1761
2021-08-25,Glenn,21,27897,2806,2728,752,3480,20
2021-08-25,Humboldt,23,135768,6983,6653,226,6879,52
2021-08-25,Imperial,25,180216,30314,30085,3064,33149,748
2021-08-25,Inyo,27,18085,1537,1518,5,1523,39
2021-08-25,Kern,29,883053,107739,105687,15300,120987,1379
2021-08-25,Kings,31,150075,26343,25676,1523,27199,258
2021-08-25,Lake,33,64148,5365,5163,61,5224,74
2021-08-25,Lassen,35,31185,5726,5583,163,5746,21
2021-08-25,Los Angeles,37,10098052,1343317,1331400,52250,1383650,25170
2021-08-25,Madera,39,155013,18825,18311,1326,19637,247
2021-08-25,Marin,41,260295,16204,15938,355,16293,240
2021-08-25,Mariposa,43,17540,726,676,17,693,5
2021-08-25,Mendocino,45,87422,5780,5486,194,5680,53
2021-08-25,Merced,47,269075,35386,34600,1213,35813,492
2021-08-25,Modoc,49,8938,441,433,154,587,5
2021-08-25,Mono,51,14174,1390,1382,13,1395,3
2021-08-25,Monterey,53,433212,45472,45196,2596,47792,539
2021-08-25,Napa,55,140530,11575,11348,69,11417,87
2021-08-25,Nevada,57,99092,7420,7000,252,7252,77
2021-08-25,Orange,59,3164182,285499,282061,13529,295590,5193
2021-08-25,Placer,61,380077,30531,28740,2749,31489,319
2021-08-25,Plumas,63,18699,998,962,18,980,5
2021-08-25,Riverside,65,2383286,327677,323548,16116,339664,4610
2021-08-25,Sacramento,67,1510023,135371,130046,3003,133049,1827
2021-08-25,San Benito,69,59416,6680,6587,137,6724,64
2021-08-25,San Bernardino,71,2135413,325126,321228,10124,331352,5337
2021-08-25,San Diego,73,3302833,332972,327166,0,327166,3859
2021-08-25,San Francisco,75,870044,47250,46107,2227,48334,578
2021-08-25,San Joaquin,77,732212,86735,84002,4588,88590,1510
2021-08-25,San Luis Obispo,79,281455,25248,24607,1005,25612,276
2021-08-25,San Mateo,81,765935,49214,48153,1027,49180,553
2021-08-25,Santa Barbara,83,443738,39396,38450,1486,39936,479
2021-08-25,Santa Clara,85,1922200,134166,130995,1044,132039,1783
2021-08-25,Santa Cruz,87,273765,18354,17987,1004,18991,210
2021-08-25,Shasta,89,179085,15378,14752,2277,17029,217
2021-08-25,Sierra,91,2930,103,90,15,105,0
2021-08-25,Siskiyou,93,43540,2438,2322,721,3043,33
2021-08-25,Solano,95,438530,40976,38848,1003,39851,286
2021-08-25,Sonoma,97,501317,37296,35986,461,36447,336
2021-08-25,Stanislaus,99,539301,66651,64441,7454,71895,1061
2021-08-25,Sutter,101,95872,11805,11451,150,11601,134
2021-08-25,Tehama,103,63373,6053,5861,864,6725,68
2021-08-25,Trinity,105,12862,492,450,126,576,3
2021-08-25,Tulare,107,460477,55291,53877,11769,65646,866
2021-08-25,Tuolumne,109,53932,5506,5354,50,5404,74
2021-08-25,Ventura,111,848112,90177,89379,4040,93419,1068
2021-08-25,Yolo,113,214977,17133,16667,828,17495,231
2021-08-25,Yuba,115,75493,8108,7771,157,7928,54
2021-08-24,Alameda,1,1643700,108316,105319,2620,107939,1296
2021-08-24,Alpine,3,1148,92,92,0,92,0
2021-08-24,Amador,5,37829,4537,4380,45,4425,50
2021-08-24,Butte,7,227075,15604,14964,2684,17648,214
2021-08-24,Calaveras,9,45235,2963,2811,20,2831,59
2021-08-24,Colusa,11,21464,2261,2221,482,2703,16
2021-08-24,Contra Costa,13,1133247,88752,84963,1822,86785,857
2021-08-24,Del Norte,15,27424,2731,2543,11,2554,8
2021-08-24,El Dorado,17,186661,13380,12732,1226,13958,118
2021-08-24,Fresno,19,978130,115440,113024,10313,123337,1761
2021-08-24,Glenn,21,27897,2792,2717,744,3461,20
2021-08-24,Humboldt,23,135768,6921,6585,213,6798,52
2021-08-24,Imperial,25,180216,30253,30045,3058,33103,748
2021-08-24,Inyo,27,18085,1532,1512,5,1517,39
2021-08-24,Kern,29,883053,107283,105399,15129,120528,1375
2021-08-24,Kings,31,150075,26223,25629,1507,27136,258
2021-08-24,Lake,33,64148,5330,5135,61,5196,72
2021-08-24,Lassen,35,31185,5711,5576,161,5737,21
2021-08-24,Los Angeles,37,10098052,1340471,1328777,52150,1380927,25135
2021-08-24,Madera,39,155013,18750,18251,1309,19560,247
2021-08-24,Marin,41,260295,16168,15900,353,16253,240
2021-08-24,Mariposa,43,17540,719,670,17,687,5
2021-08-24,Mendocino,45,87422,5737,5416,187,5603,52
2021-08-24,Merced,47,269075,35217,34490,1204,35694,491
2021-08-24,Modoc,49,8938,441,432,154,586,5
2021-08-24,Mono,51,14174,1388,1382,13,1395,3
2021-08-24,Monterey,53,433212,45420,45126,2565,47691,539
2021-08-24,Napa,55,140530,11543,11299,67,11366,85
2021-08-24,Nevada,57,99092,7352,6981,248,7229,77
2021-08-24,Orange,59,3164182,284902,281461,13504,294965,5187
2021-08-24,Placer,61,380077,30329,28618,2708,31326,318
2021-08-24,Plumas,63,18699,986,953,18,971,5
2021-08-24,Riverside,65,2383286,326806,322620,16084,338704,4605
2021-08-24,Sacramento,67,1510023,134701,129542,2948,132490,1812
2021-08-24,San Benito,69,59416,6667,6576,137,6713,64
2021-08-24,San Bernardino,71,2135413,324374,320300,10095,330395,5328
2021-08-24,San Diego,73,3302833,331506,325823,0,325823,3851
2021-08-24,San Francisco,75,870044,47079,46010,2208,48218,574
2021-08-24,San Joaquin,77,732212,86300,83684,4564,88248,1508
2021-08-24,San Luis Obispo,79,281455,25073,24443,994,25437,274
2021-08-24,San Mateo,81,765935,49076,48050,1014,49064,553
2021-08-24,Santa Barbara,83,443738,39268,38307,1485,39792,478
2021-08-24,Santa Clara,85,1922200,133736,130763,1039,131802,1779
2021-08-24,Santa Cruz,87,273765,18281,17928,997,18925,209
2021-08-24,Shasta,89,179085,15272,14664,2245,16909,217
2021-08-24,Sierra,91,2930,101,90,15,105,0
2021-08-24,Siskiyou,93,43540,2418,2294,706,3000,33
2021-08-24,Solano,95,438530,40771,38724,991,39715,283
2021-08-24,Sonoma,97,501317,37169,35849,459,36308,336
2021-08-24,Stanislaus,99,539301,66295,64195,7413,71608,1058
2021-08-24,Sutter,101,95872,11738,11384,147,11531,134
2021-08-24,Tehama,103,63373,6012,5826,848,6674,67
2021-08-24,Trinity,105,12862,482,446,118,564,3
2021-08-24,Tulare,107,460477,54941,53702,11681,65383,856
2021-08-24,Tuolumne,109,53932,5475,5287,50,5337,74
2021-08-24,Ventura,111,848112,90001,89167,4030,93197,1068
2021-08-24,Yolo,113,214977,17059,16492,815,17307,231
2021-08-24,Yuba,115,75493,8025,7723,155,7878,54
2021-08-23,Alameda,1,1643700,107910,104922,2607,107529,1294
2021-08-23,Alpine,3,1148,92,91,0,91,0
2021-08-23,Amador,5,37829,4523,4369,45,4414,50
2021-08-23,Butte,7,227075,15458,14847,2650,17497,211
2021-08-23,Calaveras,9,45235,2928,2803,20,2823,59
2021-08-23,Colusa,11,21464,2257,2206,479,2685,16
2021-08-23,Contra Costa,13,1133247,88375,84651,1816,86467,857
2021-08-23,Del Norte,15,27424,2685,2499,11,2510,8
2021-08-23,El Dorado,17,186661,13278,12684,1204,13888,118
2021-08-23,Fresno,19,978130,114880,112445,10273,122718,1759
2021-08-23,Glenn,21,27897,2774,2696,737,3433,20
2021-08-23,Humboldt,23,135768,6848,6498,197,6695,52
2021-08-23,Imperial,25,180216,30202,30011,3055,33066,748
2021-08-23,Inyo,27,18085,1525,1509,5,1514,39
2021-08-23,Kern,29,883053,106831,104995,14970,119965,1375
2021-08-23,Kings,31,150075,26094,25465,1500,26965,257
2021-08-23,Lake,33,64148,5291,5099,59,5158,69
2021-08-23,Lassen,35,31185,5699,5562,161,5723,21
2021-08-23,Los Angeles,37,10098052,1337553,1326412,52020,1378432,25096
2021-08-23,Madera,39,155013,18665,18155,1296,19451,246
2021-08-23,Marin,41,260295,16120,15856,349,16205,240
2021-08-23,Mariposa,43,17540,709,645,17,662,5
2021-08-23,Mendocino,45,87422,5670,5374,180,5554,51
2021-08-23,Merced,47,269075,35034,34322,1199,35521,488
2021-08-23,Modoc,49,8938,438,431,153,584,6
2021-08-23,Mono,51,14174,1386,1384,13,1397,3
2021-08-23,Monterey,53,433212,45342,45047,2532,47579,538
2021-08-23,Napa,55,140530,11505,11257,67,11324,85
2021-08-23,Nevada,57,99092,7273,6930,246,7176,77
2021-08-23,Orange,59,3164182,284271,280891,13472,294363,5181
2021-08-23,Placer,61,380077,30134,28540,2670,31210,314
2021-08-23,Plumas,63,18699,978,934,18,952,5
2021-08-23,Riverside,65,2383286,325894,321650,16058,337708,4598
2021-08-23,Sacramento,67,1510023,133933,128969,2875,131844,1807
2021-08-23,San Benito,69,59416,6649,6562,135,6697,64
2021-08-23,San Bernardino,71,2135413,323574,319577,10055,329632,5324
2021-08-23,San Diego,73,3302833,330048,324536,0,324536,3848
2021-08-23,San Francisco,75,870044,46932,45945,2192,48137,573
2021-08-23,San Joaquin,77,732212,85876,83466,4547,88013,1499
2021-08-23,San Luis Obispo,79,281455,24892,24317,992,25309,274
2021-08-23,San Mateo,81,765935,48946,47935,1002,48937,553
2021-08-23,Santa Barbara,83,443738,39091,38181,1483,39664,478
2021-08-23,Santa Clara,85,1922200,133337,130489,1034,131523,1778
2021-08-23,Santa Cruz,87,273765,18226,17871,994,18865,209
2021-08-23,Shasta,89,179085,15147,14537,2205,16742,216
2021-08-23,Sierra,91,2930,101,90,15,105,0
2021-08-23,Siskiyou,93,43540,2397,2274,685,2959,33
2021-08-23,Solano,95,438530,40623,38612,983,39595,283
2021-08-23,Sonoma,97,501317,37050,35769,457,36226,336
2021-08-23,Stanislaus,99,539301,65942,63922,7373,71295,1058
2021-08-23,Sutter,101,95872,11650,11314,139,11453,133
2021-08-23,Tehama,103,63373,5961,5805,831,6636,67
2021-08-23,Trinity,105,12862,479,435,115,550,3
2021-08-23,Tulare,107,460477,54636,53370,11609,64979,856
2021-08-23,Tuolumne,109,53932,5433,5240,50,5290,73
2021-08-23,Ventura,111,848112,89788,88960,4018,92978,1063
2021-08-23,Yolo,113,214977,16972,16445,799,17244,226
2021-08-23,Yuba,115,75493,7954,7653,154,7807,54
2021-08-22,Alameda,1,1643700,107469,104539,2566,107105,1294
2021-08-22,Alpine,3,1148,92,91,0,91,0
2021-08-22,Amador,5,37829,4494,4349,45,4394,50
2021-08-22,Butte,7,227075,15319,14791,2611,17402,211
2021-08-22,Calaveras,9,45235,2887,2771,20,2791,59
2021-08-22,Colusa,11,21464,2249,2201,473,2674,16
2021-08-22,Contra Costa,13,1133247,87834,84371,1801,86172,857
2021-08-22,Del Norte,15,27424,2630,2455,11,2466,8
2021-08-22,El Dorado,17,186661,13172,12629,1184,13813,118
2021-08-22,Fresno,19,978130,114282,112057,10216,122273,1759
2021-08-22,Glenn,21,27897,2753,2678,722,3400,20
2021-08-22,Humboldt,23,135768,6772,6483,179,6662,52
2021-08-22,Imperial,25,180216,30144,29993,3051,33044,748
2021-08-22,Inyo,27,18085,1519,1505,5,1510,39
2021-08-22,Kern,29,883053,106308,104691,14813,119504,1375
2021-08-22,Kings,31,150075,25941,25391,1482,26873,257
2021-08-22,Lake,33,64148,5245,5069,56,5125,69
2021-08-22,Lassen,35,31185,5667,5556,156,5712,21
2021-08-22,Los Angeles,37,10098052,1334260,1324151,51890,1376041,25089
2021-08-22,Madera,39,155013,18547,18120,1285,19405,246
2021-08-22,Marin,41,260295,16068,15822,342,16164,240
2021-08-22,Mariposa,43,17540,699,638,15,653,5
2021-08-22,Mendocino,45,87422,5612,5336,180,5516,51
2021-08-22,Merced,47,269075,34831,34234,1190,35424,488
2021-08-22,Modoc,49,8938,437,431,153,584,6
2021-08-22,Mono,51,14174,1385,1378,13,1391,3
2021-08-22,Monterey,53,433212,45255,45017,2506,47523,538
2021-08-22,Napa,55,140530,11461,11231,67,11298,85
2021-08-22,Nevada,57,99092,7199,6864,244,7108,77
2021-08-22,Orange,59,3164182,283588,280390,13428,293818,5181
2021-08-22,Placer,61,380077,29926,28395,2632,31027,314
2021-08-22,Plumas,63,18699,956,923,17,940,5
2021-08-22,Riverside,65,2383286,324871,320836,16008,336844,4594
2021-08-22,Sacramento,67,1510023,133157,128231,2829,131060,1802
2021-08-22,San Benito,69,59416,6633,6550,135,6685,64
2021-08-22,San Bernardino,71,2135413,322609,318839,10019,328858,5324
2021-08-22,San Diego,73,3302833,328719,323591,0,323591,3848
2021-08-22,San Francisco,75,870044,46774,45831,2174,48005,573
2021-08-22,San Joaquin,77,732212,85425,83121,4536,87657,1498
2021-08-22,San Luis Obispo,79,281455,24687,24250,985,25235,274
2021-08-22,San Mateo,81,765935,48800,47821,963,48784,553
2021-08-22,Santa Barbara,83,443738,38914,38099,1474,39573,478
2021-08-22,Santa Clara,85,1922200,132920,130189,1027,131216,1778
2021-08-22,Santa Cruz,87,273765,18165,17823,989,18812,209
2021-08-22,Shasta,89,179085,15009,14478,2170,16648,216
2021-08-22,Sierra,91,2930,101,87,15,102,0
2021-08-22,Siskiyou,93,43540,2368,2261,667,2928,33
2021-08-22,Solano,95,438530,40429,38489,970,39459,283
2021-08-22,Sonoma,97,501317,36895,35676,455,36131,336
2021-08-22,Stanislaus,99,539301,65581,63683,7298,70981,1058
2021-08-22,Sutter,101,95872,11568,11251,135,11386,133
2021-08-22,Tehama,103,63373,5921,5791,811,6602,67
2021-08-22,Trinity,105,12862,472,433,113,546,3
2021-08-22,Tulare,107,460477,54319,53220,11523,64743,856
2021-08-22,Tuolumne,109,53932,5391,5214,50,5264,73
2021-08-22,Ventura,111,848112,89582,88791,4001,92792,1063
2021-08-22,Yolo,113,214977,16871,16374,789,17163,226
2021-08-22,Yuba,115,75493,7881,7626,153,7779,54
2021-08-21,Alameda,1,1643700,107274,104281,2558,106839,1294
2021-08-21,Alpine,3,1148,92,91,0,91,0
2021-08-21,Amador,5,37829,4484,4338,43,4381,50
2021-08-21,Butte,7,227075,15252,14714,2589,17303,211
2021-08-21,Calaveras,9,45235,2874,2744,20,2764,59
2021-08-21,Colusa,11,21464,2244,2192,468,2660,16
2021-08-21,Contra Costa,13,1133247,87578,84136,1795,85931,857
2021-08-21,Del Norte,15,27424,2608,2409,11,2420,8
2021-08-21,El Dorado,17,186661,13129,12590,1180,13770,118
2021-08-21,Fresno,19,978130,114090,111765,10207,121972,1759
2021-08-21,Glenn,21,27897,2743,2654,715,3369,20
2021-08-21,Humboldt,23,135768,6736,6446,171,6617,52
2021-08-21,Imperial,25,180216,30101,29976,3048,33024,748
2021-08-21,Inyo,27,18085,1516,1500,5,1505,39
2021-08-21,Kern,29,883053,106052,104443,14686,119129,1375
2021-08-21,Kings,31,150075,25868,25313,1477,26790,257
2021-08-21,Lake,33,64148,5225,5055,54,5109,69
2021-08-21,Lassen,35,31185,5653,5553,156,5709,21
2021-08-21,Los Angeles,37,10098052,1332990,1321308,51799,1373107,25080
2021-08-21,Madera,39,155013,18510,18067,1279,19346,246
2021-08-21,Marin,41,260295,16034,15775,340,16115,240
2021-08-21,Mariposa,43,17540,689,634,15,649,5
2021-08-21,Mendocino,45,87422,5567,5307,179,5486,51
2021-08-21,Merced,47,269075,34727,34148,1185,35333,488
2021-08-21,Modoc,49,8938,437,430,153,583,6
2021-08-21,Mono,51,14174,1385,1378,13,1391,3
2021-08-21,Monterey,53,433212,45217,44969,2491,47460,538
2021-08-21,Napa,55,140530,11426,11211,67,11278,85
2021-08-21,Nevada,57,99092,7155,6810,243,7053,77
2021-08-21,Orange,59,3164182,283142,279855,13396,293251,5181
2021-08-21,Placer,61,380077,29791,28289,2607,30896,314
2021-08-21,Plumas,63,18699,954,916,16,932,5
2021-08-21,Riverside,65,2383286,324290,320086,15994,336080,4594
2021-08-21,Sacramento,67,1510023,132663,127751,2817,130568,1809
2021-08-21,San Benito,69,59416,6623,6542,134,6676,64
2021-08-21,San Bernardino,71,2135413,322162,318293,9998,328291,5324
2021-08-21,San Diego,73,3302833,328053,322620,0,322620,3848
2021-08-21,San Francisco,75,870044,46681,45637,2159,47796,573
2021-08-21,San Joaquin,77,732212,85213,82825,4531,87356,1498
2021-08-21,San Luis Obispo,79,281455,24633,24169,985,25154,273
2021-08-21,San Mateo,81,765935,48708,47685,957,48642,553
2021-08-21,Santa Barbara,83,443738,38834,37951,1470,39421,478
2021-08-21,Santa Clara,85,1922200,132655,129911,1023,130934,1778
2021-08-21,Santa Cruz,87,273765,18128,17763,984,18747,209
2021-08-21,Shasta,89,179085,14935,14417,2156,16573,217
2021-08-21,Sierra,91,2930,96,85,15,100,0
2021-08-21,Siskiyou,93,43540,2355,2246,655,2901,33
2021-08-21,Solano,95,438530,40320,38423,960,39383,281
2021-08-21,Sonoma,97,501317,36809,35582,454,36036,336
2021-08-21,Stanislaus,99,539301,65389,63512,7279,70791,1058
2021-08-21,Sutter,101,95872,11524,11204,133,11337,133
2021-08-21,Tehama,103,63373,5898,5757,804,6561,67
2021-08-21,Trinity,105,12862,467,431,111,542,3
2021-08-21,Tulare,107,460477,54175,53045,11478,64523,857
2021-08-21,Tuolumne,109,53932,5360,5193,50,5243,73
2021-08-21,Ventura,111,848112,89439,88558,3987,92545,1063
2021-08-21,Yolo,113,214977,16825,16322,783,17105,226
2021-08-21,Yuba,115,75493,7835,7580,152,7732,54
2021-08-20,Alameda,1,1643700,107028,103812,2548,106360,1294
2021-08-20,Alpine,3,1148,92,91,0,91,0
2021-08-20,Amador,5,37829,4458,4323,43,4366,50
2021-08-20,Butte,7,227075,15180,14617,2568,17185,211
2021-08-20,Calaveras,9,45235,2859,2717,20,2737,59
2021-08-20,Colusa,11,21464,2239,2178,466,2644,16
2021-08-20,Contra Costa,13,1133247,87304,83721,1788,85509,857
2021-08-20,Del Norte,15,27424,2576,2316,11,2327,8
2021-08-20,El Dorado,17,186661,13091,12495,1172,13667,118
2021-08-20,Fresno,19,978130,113741,111315,10188,121503,1759
2021-08-20,Glenn,21,27897,2736,2642,710,3352,20
2021-08-20,Humboldt,23,135768,6685,6349,166,6515,52
2021-08-20,Imperial,25,180216,30077,29934,3048,32982,747
2021-08-20,Inyo,27,18085,1510,1495,5,1500,39
2021-08-20,Kern,29,883053,105769,104048,14554,118602,1373
2021-08-20,Kings,31,150075,25803,25241,1474,26715,256
2021-08-20,Lake,33,64148,5210,5024,51,5075,69
2021-08-20,Lassen,35,31185,5633,5539,156,5695,21
2021-08-20,Los Angeles,37,10098052,1331138,1317541,51700,1369241,25049
2021-08-20,Madera,39,155013,18463,18018,1263,19281,246
2021-08-20,Marin,41,260295,16016,15727,337,16064,240
2021-08-20,Mariposa,43,17540,684,630,15,645,5
2021-08-20,Mendocino,45,87422,5522,5241,177,5418,51
2021-08-20,Merced,47,269075,34661,34035,1181,35216,486
2021-08-20,Modoc,49,8938,437,429,153,582,6
2021-08-20,Mono,51,14174,1384,1368,13,1381,3
2021-08-20,Monterey,53,433212,45187,44890,2477,47367,538
2021-08-20,Napa,55,140530,11394,11152,67,11219,83
2021-08-20,Nevada,57,99092,7114,6753,236,6989,77
2021-08-20,Orange,59,3164182,282707,279193,13373,292566,5179
2021-08-20,Placer,61,380077,29695,28156,2579,30735,313
2021-08-20,Plumas,63,18699,947,908,16,924,5
2021-08-20,Riverside,65,2383286,323595,319072,15963,335035,4594
2021-08-20,Sacramento,67,1510023,132189,127226,2799,130025,1797
2021-08-20,San Benito,69,59416,6609,6508,134,6642,64
2021-08-20,San Bernardino,71,2135413,321549,317372,9969,327341,5322
2021-08-20,San Diego,73,3302833,327148,321102,0,321102,3846
2021-08-20,San Francisco,75,870044,46592,45432,2139,47571,573
2021-08-20,San Joaquin,77,732212,84988,82419,4520,86939,1496
2021-08-20,San Luis Obispo,79,281455,24556,23986,981,24967,273
2021-08-20,San Mateo,81,765935,48600,47561,946,48507,551
2021-08-20,Santa Barbara,83,443738,38750,37794,1464,39258,477
2021-08-20,Santa Clara,85,1922200,132374,129510,1018,130528,1774
2021-08-20,Santa Cruz,87,273765,18089,17701,981,18682,209
2021-08-20,Shasta,89,179085,14856,14277,2137,16414,215
2021-08-20,Sierra,91,2930,94,83,15,98,0
2021-08-20,Siskiyou,93,43540,2339,2226,650,2876,33
2021-08-20,Solano,95,438530,40180,38214,949,39163,277
2021-08-20,Sonoma,97,501317,36741,35416,453,35869,336
2021-08-20,Stanislaus,99,539301,65187,63219,7259,70478,1047
2021-08-20,Sutter,101,95872,11467,11136,132,11268,133
2021-08-20,Tehama,103,63373,5884,5730,792,6522,66
2021-08-20,Trinity,105,12862,467,422,110,532,3
2021-08-20,Tulare,107,460477,54041,52855,11435,64290,856
2021-08-20,Tuolumne,109,53932,5336,5153,49,5202,73
2021-08-20,Ventura,111,848112,89276,88285,3984,92269,1061
2021-08-20,Yolo,113,214977,16772,16236,777,17013,225
2021-08-20,Yuba,115,75493,7795,7523,152,7675,54
2021-08-19,Alameda,1,1643700,106578,103276,2523,105799,1294
2021-08-19,Alpine,3,1148,92,91,0,91,0
2021-08-19,Amador,5,37829,4451,4317,42,4359,50
2021-08-19,Butte,7,227075,15048,14518,2540,17058,211
2021-08-19,Calaveras,9,45235,2840,2673,20,2693,59
2021-08-19,Colusa,11,21464,2230,2167,462,2629,16
2021-08-19,Contra Costa,13,1133247,86868,83296,1774,85070,852
2021-08-19,Del Norte,15,27424,2528,2257,11,2268,8
2021-08-19,El Dorado,17,186661,13009,12410,1151,13561,118
2021-08-19,Fresno,19,978130,113307,110947,10153,121100,1759
2021-08-19,Glenn,21,27897,2717,2629,703,3332,20
2021-08-19,Humboldt,23,135768,6624,6246,160,6406,52
2021-08-19,Imperial,25,180216,30031,29865,3044,32909,747
2021-08-19,Inyo,27,18085,1503,1494,5,1499,39
2021-08-19,Kern,29,883053,105375,103731,14410,118141,1371
2021-08-19,Kings,31,150075,25672,25128,1461,26589,256
2021-08-19,Lake,33,64148,5180,4991,47,5038,69
2021-08-19,Lassen,35,31185,5615,5520,155,5675,21
2021-08-19,Los Angeles,37,10098052,1328176,1314453,51556,1366009,25020
2021-08-19,Madera,39,155013,18399,17947,1251,19198,246
2021-08-19,Marin,41,260295,15983,15672,333,16005,240
2021-08-19,Mariposa,43,17540,670,618,15,633,5
2021-08-19,Mendocino,45,87422,5489,5167,175,5342,51
2021-08-19,Merced,47,269075,34526,33851,1167,35018,486
2021-08-19,Modoc,49,8938,437,427,153,580,6
2021-08-19,Mono,51,14174,1380,1349,13,1362,3
2021-08-19,Monterey,53,433212,45124,44821,2457,47278,538
2021-08-19,Napa,55,140530,11342,11104,67,11171,83
2021-08-19,Nevada,57,99092,7047,6695,234,6929,77
2021-08-19,Orange,59,3164182,282080,278562,13321,291883,5172
2021-08-19,Placer,61,380077,29516,27953,2561,30514,313
2021-08-19,Plumas,63,18699,937,896,16,912,5
2021-08-19,Riverside,65,2383286,322566,318056,15931,333987,4589
2021-08-19,Sacramento,67,1510023,131503,126720,2762,129482,1801
2021-08-19,San Benito,69,59416,6591,6493,132,6625,64
2021-08-19,San Bernardino,71,2135413,320726,316398,9943,326341,5318
2021-08-19,San Diego,73,3302833,325884,319582,0,319582,3839
2021-08-19,San Francisco,75,870044,46434,45220,2121,47341,571
2021-08-19,San Joaquin,77,732212,84547,82047,4482,86529,1491
2021-08-19,San Luis Obispo,79,281455,24416,23878,974,24852,271
2021-08-19,San Mateo,81,765935,48470,47431,937,48368,551
2021-08-19,Santa Barbara,83,443738,38609,37693,1460,39153,477
2021-08-19,Santa Clara,85,1922200,131982,129133,1011,130144,1774
2021-08-19,Santa Cruz,87,273765,18027,17644,974,18618,209
2021-08-19,Shasta,89,179085,14732,14200,2114,16314,214
2021-08-19,Sierra,91,2930,90,83,15,98,0
2021-08-19,Siskiyou,93,43540,2325,2218,638,2856,33
2021-08-19,Solano,95,438530,40028,38025,938,38963,273
2021-08-19,Sonoma,97,501317,36653,35233,452,35685,336
2021-08-19,Stanislaus,99,539301,64833,62928,7210,70138,1047
2021-08-19,Sutter,101,95872,11386,11057,130,11187,133
2021-08-19,Tehama,103,63373,5849,5683,764,6447,66
2021-08-19,Trinity,105,12862,463,414,108,522,3
2021-08-19,Tulare,107,460477,53809,52685,11370,64055,856
2021-08-19,Tuolumne,109,53932,5300,5112,48,5160,64
2021-08-19,Ventura,111,848112,89078,88073,3969,92042,1060
2021-08-19,Yolo,113,214977,16688,16153,768,16921,225
2021-08-19,Yuba,115,75493,7744,7458,151,7609,51
2021-08-18,Alameda,1,1643700,106174,102696,2492,105188,1294
2021-08-18,Alpine,3,1148,91,91,0,91,0
2021-08-18,Amador,5,37829,4434,4279,41,4320,50
2021-08-18,Butte,7,227075,14937,14426,2513,16939,208
2021-08-18,Calaveras,9,45235,2798,2643,19,2662,59
2021-08-18,Colusa,11,21464,2223,2160,458,2618,16
2021-08-18,Contra Costa,13,1133247,86374,82767,1768,84535,851
2021-08-18,Del Norte,15,27424,2471,2219,11,2230,8
2021-08-18,El Dorado,17,186661,12924,12306,1136,13442,118
2021-08-18,Fresno,19,978130,112855,110523,10110,120633,1759
2021-08-18,Glenn,21,27897,2690,2623,696,3319,20
2021-08-18,Humboldt,23,135768,6554,6195,154,6349,52
2021-08-18,Imperial,25,180216,29999,29821,3041,32862,746
2021-08-18,Inyo,27,18085,1500,1494,5,1499,39
2021-08-18,Kern,29,883053,105030,103440,14313,117753,1370
2021-08-18,Kings,31,150075,25564,24984,1454,26438,256
2021-08-18,Lake,33,64148,5139,4957,46,5003,69
2021-08-18,Lassen,35,31185,5596,5506,154,5660,21
2021-08-18,Los Angeles,37,10098052,1325052,1311477,51422,1362899,24984
2021-08-18,Madera,39,155013,18342,17871,1244,19115,246
2021-08-18,Marin,41,260295,15945,15610,330,15940,240
2021-08-18,Mariposa,43,17540,658,615,15,630,5
2021-08-18,Mendocino,45,87422,5438,5129,172,5301,51
2021-08-18,Merced,47,269075,34361,33708,1160,34868,484
2021-08-18,Modoc,49,8938,437,427,152,579,6
2021-08-18,Mono,51,14174,1377,1344,13,1357,3
2021-08-18,Monterey,53,433212,45054,44735,2427,47162,532
2021-08-18,Napa,55,140530,11303,11060,66,11126,83
2021-08-18,Nevada,57,99092,6980,6633,234,6867,76
2021-08-18,Orange,59,3164182,281439,277795,13267,291062,5168
2021-08-18,Placer,61,380077,29295,27741,2531,30272,312
2021-08-18,Plumas,63,18699,928,874,16,890,5
2021-08-18,Riverside,65,2383286,321563,317107,15897,333004,4585
2021-08-18,Sacramento,67,1510023,130741,125599,2729,128328,1781
2021-08-18,San Benito,69,59416,6580,6481,131,6612,64
2021-08-18,San Bernardino,71,2135413,319926,315477,9924,325401,5304
2021-08-18,San Diego,73,3302833,324543,318152,0,318152,3834
2021-08-18,San Francisco,75,870044,46237,44957,2105,47062,568
2021-08-18,San Joaquin,77,732212,84104,81601,4460,86061,1491
2021-08-18,San Luis Obispo,79,281455,24268,23726,963,24689,270
2021-08-18,San Mateo,81,765935,48312,47255,926,48181,551
2021-08-18,Santa Barbara,83,443738,38478,37599,1453,39052,475
2021-08-18,Santa Clara,85,1922200,131620,128563,1007,129570,1773
2021-08-18,Santa Cruz,87,273765,17973,17566,969,18535,209
2021-08-18,Shasta,89,179085,14633,14087,2096,16183,213
2021-08-18,Sierra,91,2930,89,83,15,98,0
2021-08-18,Siskiyou,93,43540,2296,2204,626,2830,33
2021-08-18,Solano,95,438530,39824,37812,926,38738,271
2021-08-18,Sonoma,97,501317,36510,35063,451,35514,333
2021-08-18,Stanislaus,99,539301,64484,62613,7182,69795,1047
2021-08-18,Sutter,101,95872,11314,11004,125,11129,130
2021-08-18,Tehama,103,63373,5813,5653,754,6407,66
2021-08-18,Trinity,105,12862,456,409,106,515,3
2021-08-18,Tulare,107,460477,53568,52486,11300,63786,856
2021-08-18,Tuolumne,109,53932,5264,5081,48,5129,64
2021-08-18,Ventura,111,848112,88848,87835,3958,91793,1055
2021-08-18,Yolo,113,214977,16607,16047,748,16795,225
2021-08-18,Yuba,115,75493,7679,7391,151,7542,51
2021-08-17,Alameda,1,1643700,105762,102379,2478,104857,1290
2021-08-17,Alpine,3,1148,91,91,0,91,0
2021-08-17,Amador,5,37829,4405,4266,41,4307,50
2021-08-17,Butte,7,227075,14833,14357,2478,16835,206
2021-08-17,Calaveras,9,45235,2757,2624,19,2643,59
2021-08-17,Colusa,11,21464,2214,2156,454,2610,16
2021-08-17,Contra Costa,13,1133247,85926,82482,1758,84240,848
2021-08-17,Del Norte,15,27424,2419,2188,11,2199,8
2021-08-17,El Dorado,17,186661,12838,12242,1121,13363,118
2021-08-17,Fresno,19,978130,112376,110263,10059,120322,1755
2021-08-17,Glenn,21,27897,2676,2608,688,3296,20
2021-08-17,Humboldt,23,135768,6475,6155,151,6306,52
2021-08-17,Imperial,25,180216,29948,29768,3037,32805,746
2021-08-17,Inyo,27,18085,1497,1492,5,1497,39
2021-08-17,Kern,29,883053,104638,103048,14185,117233,1367
2021-08-17,Kings,31,150075,25456,24930,1443,26373,254
2021-08-17,Lake,33,64148,5096,4930,40,4970,68
2021-08-17,Lassen,35,31185,5579,5499,152,5651,21
2021-08-17,Los Angeles,37,10098052,1321529,1307999,51288,1359287,24952
2021-08-17,Madera,39,155013,18269,17838,1224,19062,246
2021-08-17,Marin,41,260295,15890,15570,330,15900,240
2021-08-17,Mariposa,43,17540,650,609,14,623,5
2021-08-17,Mendocino,45,87422,5383,5097,172,5269,51
2021-08-17,Merced,47,269075,34213,33508,1150,34658,482
2021-08-17,Modoc,49,8938,434,424,150,574,6
2021-08-17,Mono,51,14174,1371,1341,13,1354,3
2021-08-17,Monterey,53,433212,44977,44672,2411,47083,528
2021-08-17,Napa,55,140530,11262,11007,65,11072,83
2021-08-17,Nevada,57,99092,6905,6605,232,6837,75
2021-08-17,Orange,59,3164182,280804,277121,13233,290354,5164
2021-08-17,Placer,61,380077,29083,27634,2501,30135,312
2021-08-17,Plumas,63,18699,918,860,16,876,5
2021-08-17,Riverside,65,2383286,320549,316051,15860,331911,4582
2021-08-17,Sacramento,67,1510023,129961,125151,2687,127838,1774
2021-08-17,San Benito,69,59416,6561,6470,131,6601,64
2021-08-17,San Bernardino,71,2135413,319000,314402,9881,324283,5302
2021-08-17,San Diego,73,3302833,322930,317058,0,317058,3824
2021-08-17,San Francisco,75,870044,46042,44820,2094,46914,567
2021-08-17,San Joaquin,77,732212,83635,81300,4441,85741,1489
2021-08-17,San Luis Obispo,79,281455,24110,23556,960,24516,268
2021-08-17,San Mateo,81,765935,48168,47127,908,48035,551
2021-08-17,Santa Barbara,83,443738,38323,37478,1446,38924,475
2021-08-17,Santa Clara,85,1922200,131217,128354,1003,129357,1773
2021-08-17,Santa Cruz,87,273765,17887,17528,967,18495,209
2021-08-17,Shasta,89,179085,14504,14012,2078,16090,214
2021-08-17,Sierra,91,2930,88,82,15,97,0
2021-08-17,Siskiyou,93,43540,2281,2183,612,2795,33
2021-08-17,Solano,95,438530,39611,37662,916,38578,269
2021-08-17,Sonoma,97,501317,36361,34943,447,35390,333
2021-08-17,Stanislaus,99,539301,64136,62385,7129,69514,1047
2021-08-17,Sutter,101,95872,11242,10973,124,11097,130
2021-08-17,Tehama,103,63373,5779,5612,732,6344,66
2021-08-17,Trinity,105,12862,451,406,103,509,3
2021-08-17,Tulare,107,460477,53300,52362,11232,63594,856
2021-08-17,Tuolumne,109,53932,5221,5042,47,5089,64
2021-08-17,Ventura,111,848112,88608,87601,3937,91538,1053
2021-08-17,Yolo,113,214977,16517,15975,733,16708,225
2021-08-17,Yuba,115,75493,7609,7355,151,7506,51
2021-08-16,Alameda,1,1643700,105264,102052,2465,104517,1287
2021-08-16,Alpine,3,1148,91,91,0,91,0
2021-08-16,Amador,5,37829,4395,4235,41,4276,50
2021-08-16,Butte,7,227075,14714,14283,2445,16728,206
2021-08-16,Calaveras,9,45235,2696,2609,19,2628,57
2021-08-16,Colusa,11,21464,2203,2147,450,2597,16
2021-08-16,Contra Costa,13,1133247,85387,82070,1748,83818,848
2021-08-16,Del Norte,15,27424,2348,2125,11,2136,8
2021-08-16,El Dorado,17,186661,12737,12139,1107,13246,118
2021-08-16,Fresno,19,978130,111878,109623,10016,119639,1753
2021-08-16,Glenn,21,27897,2657,2593,682,3275,20
2021-08-16,Humboldt,23,135768,6403,6064,128,6192,52
2021-08-16,Imperial,25,180216,29911,29737,3022,32759,746
2021-08-16,Inyo,27,18085,1494,1490,5,1495,39
2021-08-16,Kern,29,883053,104268,102690,14060,116750,1367
2021-08-16,Kings,31,150075,25356,24817,1433,26250,254
2021-08-16,Lake,33,64148,5069,4898,39,4937,68
2021-08-16,Lassen,35,31185,5562,5481,144,5625,21
2021-08-16,Los Angeles,37,10098052,1318155,1305330,51133,1356463,24923
2021-08-16,Madera,39,155013,18193,17756,1205,18961,246
2021-08-16,Marin,41,260295,15830,15497,329,15826,239
2021-08-16,Mariposa,43,17540,633,597,14,611,5
2021-08-16,Mendocino,45,87422,5327,5037,170,5207,49
2021-08-16,Merced,47,269075,34006,33364,1148,34512,481
2021-08-16,Modoc,49,8938,432,421,149,570,5
2021-08-16,Mono,51,14174,1362,1339,13,1352,3
2021-08-16,Monterey,53,433212,44916,44595,2382,46977,527
2021-08-16,Napa,55,140530,11233,10946,65,11011,83
2021-08-16,Nevada,57,99092,6852,6535,231,6766,74
2021-08-16,Orange,59,3164182,280015,275985,13191,289176,5161
2021-08-16,Placer,61,380077,28903,27384,2467,29851,306
2021-08-16,Plumas,63,18699,908,851,16,867,5
2021-08-16,Riverside,65,2383286,319459,314774,15825,330599,4582
2021-08-16,Sacramento,67,1510023,129165,124554,2645,127199,1762
2021-08-16,San Benito,69,59416,6537,6452,131,6583,64
2021-08-16,San Bernardino,71,2135413,318046,313617,9855,323472,5301
2021-08-16,San Diego,73,3302833,321326,315348,0,315348,3824
2021-08-16,San Francisco,75,870044,45845,44681,2076,46757,567
2021-08-16,San Joaquin,77,732212,83137,81087,4423,85510,1488
2021-08-16,San Luis Obispo,79,281455,23961,23452,951,24403,265
2021-08-16,San Mateo,81,765935,48004,47024,886,47910,548
2021-08-16,Santa Barbara,83,443738,38156,37358,1441,38799,475
2021-08-16,Santa Clara,85,1922200,130753,127978,998,128976,1773
2021-08-16,Santa Cruz,87,273765,17826,17491,960,18451,209
2021-08-16,Shasta,89,179085,14415,13862,2059,15921,211
2021-08-16,Sierra,91,2930,85,82,15,97,0
2021-08-16,Siskiyou,93,43540,2264,2169,592,2761,33
2021-08-16,Solano,95,438530,39340,37436,902,38338,263
2021-08-16,Sonoma,97,501317,36190,34844,445,35289,333
2021-08-16,Stanislaus,99,539301,63774,62033,7091,69124,1039
2021-08-16,Sutter,101,95872,11173,10902,123,11025,130
2021-08-16,Tehama,103,63373,5716,5565,727,6292,66
2021-08-16,Trinity,105,12862,445,400,102,502,3
2021-08-16,Tulare,107,460477,53059,52162,11158,63320,856
2021-08-16,Tuolumne,109,53932,5182,4984,46,5030,64
2021-08-16,Ventura,111,848112,88358,86954,3919,90873,1052
2021-08-16,Yolo,113,214977,16420,15922,725,16647,225
2021-08-16,Yuba,115,75493,7525,7314,150,7464,51
2021-08-15,Alameda,1,1643700,104778,101660,2449,104109,1287
2021-08-15,Alpine,3,1148,91,91,0,91,0
2021-08-15,Amador,5,37829,4368,4231,41,4272,49
2021-08-15,Butte,7,227075,14590,14263,2421,16684,206
2021-08-15,Calaveras,9,45235,2649,2599,19,2618,57
2021-08-15,Colusa,11,21464,2192,2140,440,2580,16
2021-08-15,Contra Costa,13,1133247,84906,81781,1731,83512,848
2021-08-15,Del Norte,15,27424,2281,2060,11,2071,8
2021-08-15,El Dorado,17,186661,12603,12057,1090,13147,118
2021-08-15,Fresno,19,978130,111405,109382,9959,119341,1753
2021-08-15,Glenn,21,27897,2633,2592,670,3262,20
2021-08-15,Humboldt,23,135768,6331,6024,121,6145,52
2021-08-15,Imperial,25,180216,29846,29711,3015,32726,746
2021-08-15,Inyo,27,18085,1493,1489,5,1494,39
2021-08-15,Kern,29,883053,103827,102524,13945,116469,1367
2021-08-15,Kings,31,150075,25208,24736,1423,26159,254
2021-08-15,Lake,33,64148,5010,4886,38,4924,68
2021-08-15,Lassen,35,31185,5546,5482,142,5624,21
2021-08-15,Los Angeles,37,10098052,1314642,1302882,50958,1353840,24918
2021-08-15,Madera,39,155013,18105,17714,1193,18907,246
2021-08-15,Marin,41,260295,15772,15461,327,15788,239
2021-08-15,Mariposa,43,17540,626,591,14,605,5
2021-08-15,Mendocino,45,87422,5270,5022,164,5186,49
2021-08-15,Merced,47,269075,33762,33305,1138,34443,481
2021-08-15,Modoc,49,8938,430,421,149,570,5
2021-08-15,Mono,51,14174,1354,1334,13,1347,3
2021-08-15,Monterey,53,433212,44804,44567,2350,46917,527
2021-08-15,Napa,55,140530,11178,10919,65,10984,83
2021-08-15,Nevada,57,99092,6765,6486,231,6717,74
2021-08-15,Orange,59,3164182,279243,275447,13154,288601,5161
2021-08-15,Placer,61,380077,28679,27220,2419,29639,306
2021-08-15,Plumas,63,18699,897,850,16,866,5
2021-08-15,Riverside,65,2383286,318321,314133,15793,329926,4582
2021-08-15,Sacramento,67,1510023,128364,123924,2612,126536,1761
2021-08-15,San Benito,69,59416,6519,6446,130,6576,64
2021-08-15,San Bernardino,71,2135413,316967,313120,9825,322945,5301
2021-08-15,San Diego,73,3302833,319841,314247,0,314247,3824
2021-08-15,San Francisco,75,870044,45621,44531,2053,46584,567
2021-08-15,San Joaquin,77,732212,82653,80832,4394,85226,1488
2021-08-15,San Luis Obispo,79,281455,23765,23404,941,24345,265
2021-08-15,San Mateo,81,765935,47845,46897,866,47763,548
2021-08-15,Santa Barbara,83,443738,37988,37276,1434,38710,475
2021-08-15,Santa Clara,85,1922200,130322,127715,992,128707,1773
2021-08-15,Santa Cruz,87,273765,17757,17440,952,18392,209
2021-08-15,Shasta,89,179085,14312,13835,2033,15868,211
2021-08-15,Sierra,91,2930,84,82,14,96,0
2021-08-15,Siskiyou,93,43540,2243,2169,578,2747,33
2021-08-15,Solano,95,438530,39101,37320,891,38211,263
2021-08-15,Sonoma,97,501317,35996,34706,437,35143,333
2021-08-15,Stanislaus,99,539301,63384,61795,7039,68834,1039
2021-08-15,Sutter,101,95872,11082,10863,123,10986,130
2021-08-15,Tehama,103,63373,5667,5550,721,6271,66
2021-08-15,Trinity,105,12862,442,400,100,500,3
2021-08-15,Tulare,107,460477,52803,52046,11097,63143,856
2021-08-15,Tuolumne,109,53932,5144,4934,45,4979,64
2021-08-15,Ventura,111,848112,88050,86797,3905,90702,1052
2021-08-15,Yolo,113,214977,16326,15873,714,16587,225
2021-08-15,Yuba,115,75493,7446,7265,149,7414,51
2021-08-14,Alameda,1,1643700,104569,101305,2446,103751,1287
2021-08-14,Alpine,3,1148,91,91,0,91,0
2021-08-14,Amador,5,37829,4350,4206,41,4247,49
2021-08-14,Butte,7,227075,14554,14192,2405,16597,206
2021-08-14,Calaveras,9,45235,2644,2579,19,2598,57
2021-08-14,Colusa,11,21464,2182,2134,436,2570,16
2021-08-14,Contra Costa,13,1133247,84657,81458,1723,83181,848
2021-08-14,Del Norte,15,27424,2254,2015,11,2026,8
2021-08-14,El Dorado,17,186661,12567,12019,1081,13100,118
2021-08-14,Fresno,19,978130,111246,109056,9943,118999,1753
2021-08-14,Glenn,21,27897,2622,2583,668,3251,20
2021-08-14,Humboldt,23,135768,6277,5998,117,6115,52
2021-08-14,Imperial,25,180216,29818,29671,3015,32686,746
2021-08-14,Inyo,27,18085,1491,1487,5,1492,39
2021-08-14,Kern,29,883053,103634,102306,13848,116154,1367
2021-08-14,Kings,31,150075,25114,24647,1414,26061,254
2021-08-14,Lake,33,64148,4993,4850,37,4887,68
2021-08-14,Lassen,35,31185,5539,5475,141,5616,21
2021-08-14,Los Angeles,37,10098052,1312891,1299346,50817,1350163,24911
2021-08-14,Madera,39,155013,18058,17691,1189,18880,246
2021-08-14,Marin,41,260295,15738,15441,326,15767,239
2021-08-14,Mariposa,43,17540,622,584,14,598,5
2021-08-14,Mendocino,45,87422,5234,4977,161,5138,49
2021-08-14,Merced,47,269075,33698,33234,1132,34366,481
2021-08-14,Modoc,49,8938,430,421,149,570,5
2021-08-14,Mono,51,14174,1352,1332,13,1345,3
2021-08-14,Monterey,53,433212,44765,44514,2342,46856,527
2021-08-14,Napa,55,140530,11148,10878,64,10942,83
2021-08-14,Nevada,57,99092,6729,6419,230,6649,74
2021-08-14,Orange,59,3164182,278808,274732,13133,287865,5161
2021-08-14,Placer,61,380077,28533,27115,2394,29509,306
2021-08-14,Plumas,63,18699,888,849,16,865,5
2021-08-14,Riverside,65,2383286,317609,313264,15770,329034,4582
2021-08-14,Sacramento,67,1510023,127880,123438,2595,126033,1758
2021-08-14,San Benito,69,59416,6506,6428,130,6558,64
2021-08-14,San Bernardino,71,2135413,316418,312142,9804,321946,5301
2021-08-14,San Diego,73,3302833,319167,313589,0,313589,3824
2021-08-14,San Francisco,75,870044,45494,44353,2032,46385,567
2021-08-14,San Joaquin,77,732212,82439,80585,4382,84967,1488
2021-08-14,San Luis Obispo,79,281455,23706,23328,938,24266,265
2021-08-14,San Mateo,81,765935,47737,46792,855,47647,548
2021-08-14,Santa Barbara,83,443738,37895,37118,1430,38548,475
2021-08-14,Santa Clara,85,1922200,130042,127432,989,128421,1772
2021-08-14,Santa Cruz,87,273765,17718,17384,951,18335,209
2021-08-14,Shasta,89,179085,14235,13813,2012,15825,211
2021-08-14,Sierra,91,2930,84,81,14,95,0
2021-08-14,Siskiyou,93,43540,2233,2160,568,2728,33
2021-08-14,Solano,95,438530,39015,37237,879,38116,263
2021-08-14,Sonoma,97,501317,35873,34606,435,35041,333
2021-08-14,Stanislaus,99,539301,63195,61564,7006,68570,1039
2021-08-14,Sutter,101,95872,11037,10808,122,10930,130
2021-08-14,Tehama,103,63373,5643,5530,717,6247,66
2021-08-14,Trinity,105,12862,437,399,100,499,3
2021-08-14,Tulare,107,460477,52668,51951,11050,63001,856
2021-08-14,Tuolumne,109,53932,5109,4924,45,4969,64
2021-08-14,Ventura,111,848112,87894,86569,3885,90454,1052
2021-08-14,Yolo,113,214977,16281,15815,704,16519,225
2021-08-14,Yuba,115,75493,7397,7223,149,7372,51
2021-08-13,Alameda,1,1643700,104270,100930,2436,103366,1284
2021-08-13,Alpine,3,1148,91,91,0,91,0
2021-08-13,Amador,5,37829,4322,4169,41,4210,49
2021-08-13,Butte,7,227075,14483,14100,2388,16488,206
2021-08-13,Calaveras,9,45235,2635,2564,19,2583,57
2021-08-13,Colusa,11,21464,2175,2123,431,2554,16
2021-08-13,Contra Costa,13,1133247,84344,81046,1715,82761,848
2021-08-13,Del Norte,15,27424,2213,1973,11,1984,8
2021-08-13,El Dorado,17,186661,12528,11951,1068,13019,118
2021-08-13,Fresno,19,978130,110959,108638,9924,118562,1753
2021-08-13,Glenn,21,27897,2611,2574,666,3240,20
2021-08-13,Humboldt,23,135768,6232,5882,113,5995,52
2021-08-13,Imperial,25,180216,29790,29654,3014,32668,745
2021-08-13,Inyo,27,18085,1490,1484,5,1489,39
2021-08-13,Kern,29,883053,103424,102029,13739,115768,1364
2021-08-13,Kings,31,150075,25031,24531,1406,25937,253
2021-08-13,Lake,33,64148,4970,4811,36,4847,68
2021-08-13,Lassen,35,31185,5531,5455,140,5595,21
2021-08-13,Los Angeles,37,10098052,1310588,1295406,50682,1346088,24891
2021-08-13,Madera,39,155013,18009,17614,1182,18796,246
2021-08-13,Marin,41,260295,15708,15380,326,15706,239
2021-08-13,Mariposa,43,17540,616,577,14,591,5
2021-08-13,Mendocino,45,87422,5187,4924,159,5083,49
2021-08-13,Merced,47,269075,33650,33111,1129,34240,480
2021-08-13,Modoc,49,8938,429,421,148,569,5
2021-08-13,Mono,51,14174,1349,1331,13,1344,3
2021-08-13,Monterey,53,433212,44712,44450,2334,46784,527
2021-08-13,Napa,55,140530,11112,10830,64,10894,83
2021-08-13,Nevada,57,99092,6690,6356,229,6585,74
2021-08-13,Orange,59,3164182,278313,274004,13085,287089,5159
2021-08-13,Placer,61,380077,28434,26987,2365,29352,306
2021-08-13,Plumas,63,18699,874,842,16,858,5
2021-08-13,Riverside,65,2383286,316868,312408,15745,328153,4581
2021-08-13,Sacramento,67,1510023,127416,122868,2568,125436,1758
2021-08-13,San Benito,69,59416,6500,6422,128,6550,64
2021-08-13,San Bernardino,71,2135413,315755,311378,9786,321164,5301
2021-08-13,San Diego,73,3302833,318120,312293,0,312293,3821
2021-08-13,San Francisco,75,870044,45359,44196,2007,46203,567
2021-08-13,San Joaquin,77,732212,82225,80232,4372,84604,1481
2021-08-13,San Luis Obispo,79,281455,23645,23226,935,24161,265
2021-08-13,San Mateo,81,765935,47627,46660,846,47506,548
2021-08-13,Santa Barbara,83,443738,37812,37023,1426,38449,474
2021-08-13,Santa Clara,85,1922200,129754,126958,984,127942,1769
2021-08-13,Santa Cruz,87,273765,17679,17332,944,18276,209
2021-08-13,Shasta,89,179085,14170,13698,1998,15696,211
2021-08-13,Sierra,91,2930,83,81,14,95,0
2021-08-13,Siskiyou,93,43540,2224,2147,564,2711,33
2021-08-13,Solano,95,438530,38884,37104,869,37973,264
2021-08-13,Sonoma,97,501317,35768,34464,435,34899,333
2021-08-13,Stanislaus,99,539301,63013,61294,6972,68266,1039
2021-08-13,Sutter,101,95872,10993,10751,121,10872,130
2021-08-13,Tehama,103,63373,5618,5496,715,6211,66
2021-08-13,Trinity,105,12862,434,392,100,492,3
2021-08-13,Tulare,107,460477,52564,51770,10974,62744,856
2021-08-13,Tuolumne,109,53932,5076,4899,45,4944,64
2021-08-13,Ventura,111,848112,87729,86368,3871,90239,1052
2021-08-13,Yolo,113,214977,16228,15761,694,16455,225
2021-08-13,Yuba,115,75493,7359,7184,149,7333,51
2021-08-12,Alameda,1,1643700,103767,100472,2423,102895,1284
2021-08-12,Alpine,3,1148,91,91,0,91,0
2021-08-12,Amador,5,37829,4292,4161,40,4201,49
2021-08-12,Butte,7,227075,14406,14006,2369,16375,206
2021-08-12,Calaveras,9,45235,2615,2531,19,2550,57
2021-08-12,Colusa,11,21464,2170,2111,430,2541,17
2021-08-12,Contra Costa,13,1133247,83863,80738,1706,82444,846
2021-08-12,Del Norte,15,27424,2141,1923,11,1934,8
2021-08-12,El Dorado,17,186661,12415,11880,1060,12940,118
2021-08-12,Fresno,19,978130,110540,108193,9884,118077,1753
2021-08-12,Glenn,21,27897,2603,2559,659,3218,20
2021-08-12,Humboldt,23,135768,6163,5845,109,5954,52
2021-08-12,Imperial,25,180216,29733,29585,3008,32593,745
2021-08-12,Inyo,27,18085,1488,1483,5,1488,39
2021-08-12,Kern,29,883053,103141,101698,13656,115354,1364
2021-08-12,Kings,31,150075,24932,24423,1396,25819,252
2021-08-12,Lake,33,64148,4945,4774,35,4809,68
2021-08-12,Lassen,35,31185,5510,5428,139,5567,21
2021-08-12,Los Angeles,37,10098052,1307420,1291875,50543,1342418,24874
2021-08-12,Madera,39,155013,17945,17564,1174,18738,246
2021-08-12,Marin,41,260295,15659,15277,322,15599,239
2021-08-12,Mariposa,43,17540,607,568,13,581,5
2021-08-12,Mendocino,45,87422,5157,4873,153,5026,49
2021-08-12,Merced,47,269075,33526,32960,1126,34086,480
2021-08-12,Modoc,49,8938,428,423,148,571,5
2021-08-12,Mono,51,14174,1345,1325,13,1338,3
2021-08-12,Monterey,53,433212,44648,44383,2306,46689,527
2021-08-12,Napa,55,140530,11063,10780,63,10843,83
2021-08-12,Nevada,57,99092,6628,6283,229,6512,74
2021-08-12,Orange,59,3164182,277638,273167,13031,286198,5158
2021-08-12,Placer,61,380077,28230,26856,2341,29197,306
2021-08-12,Plumas,63,18699,866,829,16,845,5
2021-08-12,Riverside,65,2383286,315861,311304,15711,327015,4575
2021-08-12,Sacramento,67,1510023,126651,122222,2538,124760,1758
2021-08-12,San Benito,69,59416,6484,6398,125,6523,64
2021-08-12,San Bernardino,71,2135413,314887,310420,9755,320175,5297
2021-08-12,San Diego,73,3302833,316744,310596,0,310596,3821
2021-08-12,San Francisco,75,870044,45156,43774,1990,45764,564
2021-08-12,San Joaquin,77,732212,81833,79945,4349,84294,1479
2021-08-12,San Luis Obispo,79,281455,23547,23101,921,24022,264
2021-08-12,San Mateo,81,765935,47494,46435,831,47266,548
2021-08-12,Santa Barbara,83,443738,37678,36881,1415,38296,473
2021-08-12,Santa Clara,85,1922200,129304,126614,978,127592,1769
2021-08-12,Santa Cruz,87,273765,17616,17261,942,18203,209
2021-08-12,Shasta,89,179085,14083,13621,1972,15593,211
2021-08-12,Sierra,91,2930,83,81,14,95,0
2021-08-12,Siskiyou,93,43540,2217,2134,554,2688,33
2021-08-12,Solano,95,438530,38659,36980,861,37841,262
2021-08-12,Sonoma,97,501317,35620,34299,432,34731,333
2021-08-12,Stanislaus,99,539301,62737,61026,6929,67955,1039
2021-08-12,Sutter,101,95872,10932,10695,119,10814,130
2021-08-12,Tehama,103,63373,5590,5462,705,6167,66
2021-08-12,Trinity,105,12862,430,386,99,485,3
2021-08-12,Tulare,107,460477,52419,51632,10922,62554,856
2021-08-12,Tuolumne,109,53932,5029,4845,43,4888,64
2021-08-12,Ventura,111,848112,87493,86106,3847,89953,1052
2021-08-12,Yolo,113,214977,16158,15686,681,16367,224
2021-08-12,Yuba,115,75493,7309,7128,148,7276,51
2021-08-11,Alameda,1,1643700,103230,100040,2418,102458,1281
2021-08-11,Alpine,3,1148,91,91,0,91,0
2021-08-11,Amador,5,37829,4269,4127,39,4166,49
2021-08-11,Butte,7,227075,14299,13905,2344,16249,206
2021-08-11,Calaveras,9,45235,2591,2505,19,2524,57
2021-08-11,Colusa,11,21464,2160,2101,428,2529,16
2021-08-11,Contra Costa,13,1133247,83365,80275,1692,81967,843
2021-08-11,Del Norte,15,27424,2083,1893,11,1904,8
2021-08-11,El Dorado,17,186661,12302,11799,1048,12847,119
2021-08-11,Fresno,19,978130,110081,107773,9849,117622,1751
2021-08-11,Glenn,21,27897,2595,2547,652,3199,20
2021-08-11,Humboldt,23,135768,6116,5765,108,5873,52
2021-08-11,Imperial,25,180216,29690,29565,3004,32569,745
2021-08-11,Inyo,27,18085,1488,1483,5,1488,39
2021-08-11,Kern,29,883053,102831,101448,13542,114990,1363
2021-08-11,Kings,31,150075,24819,24304,1387,25691,250
2021-08-11,Lake,33,64148,4908,4713,34,4747,68
2021-08-11,Lassen,35,31185,5501,5408,137,5545,21
2021-08-11,Los Angeles,37,10098052,1304129,1288238,50350,1338588,24851
2021-08-11,Madera,39,155013,17896,17511,1164,18675,245
2021-08-11,Marin,41,260295,15610,15235,322,15557,239
2021-08-11,Mariposa,43,17540,597,554,12,566,5
2021-08-11,Mendocino,45,87422,5088,4796,145,4941,49
2021-08-11,Merced,47,269075,33393,32802,1121,33923,479
2021-08-11,Modoc,49,8938,428,421,148,569,5
2021-08-11,Mono,51,14174,1341,1320,13,1333,3
2021-08-11,Monterey,53,433212,44558,44314,2279,46593,527
2021-08-11,Napa,55,140530,11022,10732,63,10795,83
2021-08-11,Nevada,57,99092,6574,6172,226,6398,74
2021-08-11,Orange,59,3164182,276795,272212,12994,285206,5155
2021-08-11,Placer,61,380077,28018,26687,2316,29003,305
2021-08-11,Plumas,63,18699,859,824,16,840,5
2021-08-11,Riverside,65,2383286,314875,310265,15667,325932,4570
2021-08-11,Sacramento,67,1510023,125850,121603,2497,124100,1757
2021-08-11,San Benito,69,59416,6471,6381,125,6506,64
2021-08-11,San Bernardino,71,2135413,313998,309498,9734,319232,5296
2021-08-11,San Diego,73,3302833,315268,309406,0,309406,3818
2021-08-11,San Francisco,75,870044,44936,43555,1980,45535,564
2021-08-11,San Joaquin,77,732212,81431,79641,4325,83966,1478
2021-08-11,San Luis Obispo,79,281455,23444,22920,915,23835,264
2021-08-11,San Mateo,81,765935,47341,46300,818,47118,548
2021-08-11,Santa Barbara,83,443738,37518,36699,1405,38104,472
2021-08-11,Santa Clara,85,1922200,128825,126301,969,127270,1769
2021-08-11,Santa Cruz,87,273765,17550,17191,939,18130,209
2021-08-11,Shasta,89,179085,14009,13546,1955,15501,211
2021-08-11,Sierra,91,2930,82,81,14,95,0
2021-08-11,Siskiyou,93,43540,2203,2124,547,2671,33
2021-08-11,Solano,95,438530,38432,36862,848,37710,262
2021-08-11,Sonoma,97,501317,35445,34188,427,34615,333
2021-08-11,Stanislaus,99,539301,62394,60767,6899,67666,1037
2021-08-11,Sutter,101,95872,10861,10628,119,10747,130
2021-08-11,Tehama,103,63373,5562,5410,688,6098,66
2021-08-11,Trinity,105,12862,428,385,99,484,3
2021-08-11,Tulare,107,460477,52254,51464,10874,62338,854
2021-08-11,Tuolumne,109,53932,4997,4794,43,4837,64
2021-08-11,Ventura,111,848112,87239,85863,3825,89688,1051
2021-08-11,Yolo,113,214977,16085,15593,667,16260,218
2021-08-11,Yuba,115,75493,7250,7063,147,7210,53
2021-08-10,Alameda,1,1643700,102749,99771,2410,102181,1281
2021-08-10,Alpine,3,1148,91,91,0,91,0
2021-08-10,Amador,5,37829,4253,4093,39,4132,49
2021-08-10,Butte,7,227075,14215,13853,2322,16175,205
2021-08-10,Calaveras,9,45235,2569,2491,17,2508,57
2021-08-10,Colusa,11,21464,2147,2088,419,2507,16
2021-08-10,Contra Costa,13,1133247,82827,80018,1682,81700,840
2021-08-10,Del Norte,15,27424,2040,1870,11,1881,8
2021-08-10,El Dorado,17,186661,12203,11734,1037,12771,117
2021-08-10,Fresno,19,978130,109630,107616,9815,117431,1747
2021-08-10,Glenn,21,27897,2582,2538,645,3183,20
2021-08-10,Humboldt,23,135768,6062,5718,105,5823,52
2021-08-10,Imperial,25,180216,29654,29522,2998,32520,745
2021-08-10,Inyo,27,18085,1488,1482,5,1487,39
2021-08-10,Kern,29,883053,102508,101254,13439,114693,1359
2021-08-10,Kings,31,150075,24691,24252,1371,25623,251
2021-08-10,Lake,33,64148,4868,4700,33,4733,67
2021-08-10,Lassen,35,31185,5483,5401,137,5538,21
2021-08-10,Los Angeles,37,10098052,1300417,1285140,50179,1335319,24821
2021-08-10,Madera,39,155013,17824,17481,1157,18638,245
2021-08-10,Marin,41,260295,15563,15194,322,15516,239
2021-08-10,Mariposa,43,17540,584,550,12,562,5
2021-08-10,Mendocino,45,87422,5042,4775,142,4917,49
2021-08-10,Merced,47,269075,33246,32721,1113,33834,477
2021-08-10,Modoc,49,8938,427,421,148,569,5
2021-08-10,Mono,51,14174,1336,1320,13,1333,3
2021-08-10,Monterey,53,433212,44508,44259,2253,46512,527
2021-08-10,Napa,55,140530,10966,10703,62,10765,83
2021-08-10,Nevada,57,99092,6508,6151,225,6376,73
2021-08-10,Orange,59,3164182,275933,271688,12952,284640,5155
2021-08-10,Placer,61,380077,27796,26561,2272,28833,305
2021-08-10,Plumas,63,18699,850,816,16,832,5
2021-08-10,Riverside,65,2383286,313761,309529,15642,325171,4564
2021-08-10,Sacramento,67,1510023,125001,121159,2468,123627,1755
2021-08-10,San Benito,69,59416,6457,6371,125,6496,64
2021-08-10,San Bernardino,71,2135413,313077,308672,9717,318389,5295
2021-08-10,San Diego,73,3302833,313613,308288,0,308288,3815
2021-08-10,San Francisco,75,870044,44695,43389,1951,45340,564
2021-08-10,San Joaquin,77,732212,81039,79391,4311,83702,1478
2021-08-10,San Luis Obispo,79,281455,23318,22776,913,23689,264
2021-08-10,San Mateo,81,765935,47177,46184,799,46983,548
2021-08-10,Santa Barbara,83,443738,37354,36574,1398,37972,472
2021-08-10,Santa Clara,85,1922200,128362,126019,960,126979,1770
2021-08-10,Santa Cruz,87,273765,17467,17142,937,18079,209
2021-08-10,Shasta,89,179085,13932,13461,1930,15391,211
2021-08-10,Sierra,91,2930,82,76,14,90,0
2021-08-10,Siskiyou,93,43540,2195,2088,539,2627,33
2021-08-10,Solano,95,438530,38197,36767,839,37606,262
2021-08-10,Sonoma,97,501317,35300,34054,424,34478,333
2021-08-10,Stanislaus,99,539301,62047,60605,6863,67468,1037
2021-08-10,Sutter,101,95872,10796,10569,119,10688,130
2021-08-10,Tehama,103,63373,5533,5392,683,6075,66
2021-08-10,Trinity,105,12862,428,384,99,483,3
2021-08-10,Tulare,107,460477,52092,51390,10822,62212,854
2021-08-10,Tuolumne,109,53932,4969,4780,42,4822,64
2021-08-10,Ventura,111,848112,86953,85714,3804,89518,1051
2021-08-10,Yolo,113,214977,15999,15568,655,16223,218
2021-08-10,Yuba,115,75493,7200,7028,147,7175,50
2021-08-09,Alameda,1,1643700,102203,99496,2406,101902,1276
2021-08-09,Alpine,3,1148,91,91,0,91,0
2021-08-09,Amador,5,37829,4227,4078,39,4117,48
2021-08-09,Butte,7,227075,14120,13813,2290,16103,205
2021-08-09,Calaveras,9,45235,2540,2472,17,2489,57
2021-08-09,Colusa,11,21464,2137,2075,411,2486,16
2021-08-09,Contra Costa,13,1133247,82283,79740,1671,81411,840
2021-08-09,Del Norte,15,27424,1972,1848,11,1859,8
2021-08-09,El Dorado,17,186661,12096,11672,1023,12695,117
2021-08-09,Fresno,19,978130,109140,107310,9789,117099,1747
2021-08-09,Glenn,21,27897,2571,2532,635,3167,20
2021-08-09,Humboldt,23,135768,5972,5632,103,5735,52
2021-08-09,Imperial,25,180216,29610,29512,2994,32506,745
2021-08-09,Inyo,27,18085,1488,1481,5,1486,39
2021-08-09,Kern,29,883053,102199,101069,13351,114420,1359
2021-08-09,Kings,31,150075,24585,24155,1354,25509,250
2021-08-09,Lake,33,64148,4833,4670,31,4701,66
2021-08-09,Lassen,35,31185,5461,5393,136,5529,21
2021-08-09,Los Angeles,37,10098052,1296430,1282891,49982,1332873,24798
2021-08-09,Madera,39,155013,17765,17429,1139,18568,245
2021-08-09,Marin,41,260295,15510,15154,321,15475,239
2021-08-09,Mariposa,43,17540,570,545,12,557,5
2021-08-09,Mendocino,45,87422,4991,4732,134,4866,49
2021-08-09,Merced,47,269075,33100,32666,1109,33775,477
2021-08-09,Modoc,49,8938,427,419,148,567,5
2021-08-09,Mono,51,14174,1333,1337,13,1350,3
2021-08-09,Monterey,53,433212,44444,44190,2228,46418,527
2021-08-09,Napa,55,140530,10920,10679,62,10741,83
2021-08-09,Nevada,57,99092,6437,6088,224,6312,73
2021-08-09,Orange,59,3164182,274912,271036,12921,283957,5153
2021-08-09,Placer,61,380077,27578,26457,2238,28695,305
2021-08-09,Plumas,63,18699,834,803,16,819,5
2021-08-09,Riverside,65,2383286,312684,308678,15622,324300,4562
2021-08-09,Sacramento,67,1510023,124179,120812,2446,123258,1748
2021-08-09,San Benito,69,59416,6437,6359,123,6482,63
2021-08-09,San Bernardino,71,2135413,312096,308038,9694,317732,5295
2021-08-09,San Diego,73,3302833,311946,306855,0,306855,3811
2021-08-09,San Francisco,75,870044,44455,43261,1931,45192,564
2021-08-09,San Joaquin,77,732212,80657,79198,4296,83494,1469
2021-08-09,San Luis Obispo,79,281455,23181,22695,904,23599,264
2021-08-09,San Mateo,81,765935,47021,46040,780,46820,548
2021-08-09,Santa Barbara,83,443738,37171,36474,1391,37865,470
2021-08-09,Santa Clara,85,1922200,127858,125791,950,126741,2187
2021-08-09,Santa Cruz,87,273765,17406,17082,937,18019,209
2021-08-09,Shasta,89,179085,13815,13397,1919,15316,210
2021-08-09,Sierra,91,2930,81,75,14,89,0
2021-08-09,Siskiyou,93,43540,2184,2047,521,2568,32
2021-08-09,Solano,95,438530,37932,36653,837,37490,262
2021-08-09,Sonoma,97,501317,35120,33933,422,34355,333
2021-08-09,Stanislaus,99,539301,61768,60410,6820,67230,1037
2021-08-09,Sutter,101,95872,10748,10525,116,10641,129
2021-08-09,Tehama,103,63373,5490,5373,681,6054,66
2021-08-09,Trinity,105,12862,427,378,98,476,3
2021-08-09,Tulare,107,460477,51935,51274,10756,62030,854
2021-08-09,Tuolumne,109,53932,4927,4745,42,4787,64
2021-08-09,Ventura,111,848112,86679,85514,3793,89307,1047
2021-08-09,Yolo,113,214977,15921,15521,634,16155,218
2021-08-09,Yuba,115,75493,7143,6994,147,7141,50
2021-08-08,Alameda,1,1643700,101648,99135,2398,101533,1276
2021-08-08,Alpine,3,1148,91,91,0,91,0
2021-08-08,Amador,5,37829,4192,4057,38,4095,48
2021-08-08,Butte,7,227075,14034,13791,2273,16064,205
2021-08-08,Calaveras,9,45235,2507,2462,17,2479,57
2021-08-08,Colusa,11,21464,2120,2070,404,2474,16
2021-08-08,Contra Costa,13,1133247,81759,79454,1664,81118,840
2021-08-08,Del Norte,15,27424,1926,1810,11,1821,8
2021-08-08,El Dorado,17,186661,11980,11631,1012,12643,117
2021-08-08,Fresno,19,978130,108704,107078,9766,116844,1747
2021-08-08,Glenn,21,27897,2561,2527,630,3157,20
2021-08-08,Humboldt,23,135768,5881,5571,103,5674,52
2021-08-08,Imperial,25,180216,29586,29485,2984,32469,745
2021-08-08,Inyo,27,18085,1488,1481,5,1486,39
2021-08-08,Kern,29,883053,101882,100909,13237,114146,1359
2021-08-08,Kings,31,150075,24472,24095,1345,25440,250
2021-08-08,Lake,33,64148,4784,4636,30,4666,66
2021-08-08,Lassen,35,31185,5446,5391,135,5526,21
2021-08-08,Los Angeles,37,10098052,1292203,1279982,49794,1329776,24793
2021-08-08,Madera,39,155013,17689,17398,1123,18521,245
2021-08-08,Marin,41,260295,15461,15124,319,15443,239
2021-08-08,Mariposa,43,17540,566,538,12,550,5
2021-08-08,Mendocino,45,87422,4929,4702,120,4822,49
2021-08-08,Merced,47,269075,32954,32634,1103,33737,477
2021-08-08,Modoc,49,8938,426,419,147,566,5
2021-08-08,Mono,51,14174,1329,1336,13,1349,3
2021-08-08,Monterey,53,433212,44383,44171,2207,46378,527
2021-08-08,Napa,55,140530,10884,10668,62,10730,83
2021-08-08,Nevada,57,99092,6350,6009,222,6231,73
2021-08-08,Orange,59,3164182,274011,270532,12884,283416,5153
2021-08-08,Placer,61,380077,27371,26332,2196,28528,305
2021-08-08,Plumas,63,18699,826,803,16,819,5
2021-08-08,Riverside,65,2383286,311566,308042,15600,323642,4562
2021-08-08,Sacramento,67,1510023,123355,120109,2434,122543,1744
2021-08-08,San Benito,69,59416,6420,6350,122,6472,63
2021-08-08,San Bernardino,71,2135413,310952,307378,9663,317041,5295
2021-08-08,San Diego,73,3302833,310599,305983,0,305983,3811
2021-08-08,San Francisco,75,870044,44201,43098,1905,45003,564
2021-08-08,San Joaquin,77,732212,80209,79002,4281,83283,1469
2021-08-08,San Luis Obispo,79,281455,23007,22668,896,23564,263
2021-08-08,San Mateo,81,765935,46847,45927,765,46692,548
2021-08-08,Santa Barbara,83,443738,36995,36417,1384,37801,470
2021-08-08,Santa Clara,85,1922200,127408,125553,944,126497,2187
2021-08-08,Santa Cruz,87,273765,17332,17035,931,17966,209
2021-08-08,Shasta,89,179085,13730,13381,1909,15290,210
2021-08-08,Sierra,91,2930,81,74,14,88,0
2021-08-08,Siskiyou,93,43540,2168,2041,516,2557,32
2021-08-08,Solano,95,438530,37702,36551,835,37386,262
2021-08-08,Sonoma,97,501317,34874,33805,421,34226,333
2021-08-08,Stanislaus,99,539301,61426,60269,6788,67057,1037
2021-08-08,Sutter,101,95872,10688,10481,115,10596,129
2021-08-08,Tehama,103,63373,5452,5359,678,6037,66
2021-08-08,Trinity,105,12862,422,378,98,476,3
2021-08-08,Tulare,107,460477,51754,51220,10696,61916,854
2021-08-08,Tuolumne,109,53932,4888,4731,42,4773,64
2021-08-08,Ventura,111,848112,86388,85382,3783,89165,1047
2021-08-08,Yolo,113,214977,15830,15477,627,16104,218
2021-08-08,Yuba,115,75493,7104,6967,147,7114,50
2021-08-07,Alameda,1,1643700,101404,98812,2393,101205,1276
2021-08-07,Alpine,3,1148,91,91,0,91,0
2021-08-07,Amador,5,37829,4175,4041,37,4078,48
2021-08-07,Butte,7,227075,13984,13714,2261,15975,205
2021-08-07,Calaveras,9,45235,2497,2446,17,2463,57
2021-08-07,Colusa,11,21464,2115,2067,395,2462,16
2021-08-07,Contra Costa,13,1133247,81464,79168,1660,80828,840
2021-08-07,Del Norte,15,27424,1894,1791,11,1802,8
2021-08-07,El Dorado,17,186661,11930,11575,1002,12577,117
2021-08-07,Fresno,19,978130,108504,106861,9743,116604,1747
2021-08-07,Glenn,21,27897,2555,2515,628,3143,20
2021-08-07,Humboldt,23,135768,5831,5510,100,5610,52
2021-08-07,Imperial,25,180216,29567,29470,2984,32454,745
2021-08-07,Inyo,27,18085,1486,1476,5,1481,39
2021-08-07,Kern,29,883053,101726,100693,13181,113874,1359
2021-08-07,Kings,31,150075,24413,24048,1339,25387,250
2021-08-07,Lake,33,64148,4763,4613,30,4643,66
2021-08-07,Lassen,35,31185,5442,5386,135,5521,21
2021-08-07,Los Angeles,37,10098052,1290211,1276853,49636,1326489,24786
2021-08-07,Madera,39,155013,17658,17366,1117,18483,245
2021-08-07,Marin,41,260295,15428,15085,317,15402,239
2021-08-07,Mariposa,43,17540,563,530,12,542,5
2021-08-07,Mendocino,45,87422,4892,4690,118,4808,49
2021-08-07,Merced,47,269075,32890,32569,1101,33670,477
2021-08-07,Modoc,49,8938,426,419,147,566,5
2021-08-07,Mono,51,14174,1327,1329,13,1342,3
2021-08-07,Monterey,53,433212,44335,44124,2198,46322,527
2021-08-07,Napa,55,140530,10863,10658,61,10719,83
2021-08-07,Nevada,57,99092,6300,5967,220,6187,73
2021-08-07,Orange,59,3164182,273429,269900,12863,282763,5153
2021-08-07,Placer,61,380077,27191,26244,2187,28431,305
2021-08-07,Plumas,63,18699,822,801,16,817,5
2021-08-07,Riverside,65,2383286,310896,307326,15591,322917,4562
2021-08-07,Sacramento,67,1510023,122867,119636,2429,122065,1744
2021-08-07,San Benito,69,59416,6410,6332,122,6454,63
2021-08-07,San Bernardino,71,2135413,310364,306663,9645,316308,5295
2021-08-07,San Diego,73,3302833,309848,304974,0,304974,3811
2021-08-07,San Francisco,75,870044,44041,42926,1878,44804,564
2021-08-07,San Joaquin,77,732212,80046,78769,4267,83036,1469
2021-08-07,San Luis Obispo,79,281455,22941,22579,895,23474,263
2021-08-07,San Mateo,81,765935,46730,45804,754,46558,548
2021-08-07,Santa Barbara,83,443738,36899,36303,1378,37681,470
2021-08-07,Santa Clara,85,1922200,127138,125196,938,126134,2188
2021-08-07,Santa Cruz,87,273765,17290,16994,929,17923,209
2021-08-07,Shasta,89,179085,13675,13361,1901,15262,210
2021-08-07,Sierra,91,2930,81,74,14,88,0
2021-08-07,Siskiyou,93,43540,2156,2039,514,2553,32
2021-08-07,Solano,95,438530,37586,36458,827,37285,262
2021-08-07,Sonoma,97,501317,34750,33716,421,34137,333
2021-08-07,Stanislaus,99,539301,61240,60093,6764,66857,1037
2021-08-07,Sutter,101,95872,10651,10447,115,10562,129
2021-08-07,Tehama,103,63373,5442,5343,673,6016,66
2021-08-07,Trinity,105,12862,418,377,97,474,3
2021-08-07,Tulare,107,460477,51668,51133,10658,61791,854
2021-08-07,Tuolumne,109,53932,4858,4721,42,4763,64
2021-08-07,Ventura,111,848112,86211,85232,3767,88999,1047
2021-08-07,Yolo,113,214977,15789,15423,619,16042,218
2021-08-07,Yuba,115,75493,7080,6937,145,7082,50
2021-08-06,Alameda,1,1643700,101072,98487,2386,100873,1275
2021-08-06,Alpine,3,1148,91,91,0,91,0
2021-08-06,Amador,5,37829,4154,4002,37,4039,48
2021-08-06,Butte,7,227075,13937,13626,2249,15875,205
2021-08-06,Calaveras,9,45235,2487,2419,17,2436,57
2021-08-06,Colusa,11,21464,2109,2045,389,2434,16
2021-08-06,Contra Costa,13,1133247,81170,78796,1654,80450,840
2021-08-06,Del Norte,15,27424,1869,1755,11,1766,8
2021-08-06,El Dorado,17,186661,11882,11498,990,12488,117
2021-08-06,Fresno,19,978130,108244,106542,9722,116264,1747
2021-08-06,Glenn,21,27897,2540,2504,626,3130,20
2021-08-06,Humboldt,23,135768,5780,5421,97,5518,52
2021-08-06,Imperial,25,180216,29556,29404,2980,32384,745
2021-08-06,Inyo,27,18085,1483,1471,5,1476,39
2021-08-06,Kern,29,883053,101549,100427,13095,113522,1359
2021-08-06,Kings,31,150075,24356,23974,1335,25309,250
2021-08-06,Lake,33,64148,4740,4557,30,4587,66
2021-08-06,Lassen,35,31185,5422,5368,133,5501,21
2021-08-06,Los Angeles,37,10098052,1287732,1273081,49485,1322566,24772
2021-08-06,Madera,39,155013,17618,17324,1109,18433,245
2021-08-06,Marin,41,260295,15396,15051,317,15368,239
2021-08-06,Mariposa,43,17540,554,511,12,523,5
2021-08-06,Mendocino,45,87422,4851,4649,117,4766,49
2021-08-06,Merced,47,269075,32830,32456,1098,33554,477
2021-08-06,Modoc,49,8938,426,419,147,566,5
2021-08-06,Mono,51,14174,1325,1328,13,1341,3
2021-08-06,Monterey,53,433212,44277,44058,2175,46233,527
2021-08-06,Napa,55,140530,10836,10620,61,10681,83
2021-08-06,Nevada,57,99092,6244,5874,220,6094,73
2021-08-06,Orange,59,3164182,272870,269077,12846,281923,5151
2021-08-06,Placer,61,380077,27065,26086,2164,28250,305
2021-08-06,Plumas,63,18699,813,795,16,811,5
2021-08-06,Riverside,65,2383286,310183,306304,15579,321883,4562
2021-08-06,Sacramento,67,1510023,122393,119169,2409,121578,1740
2021-08-06,San Benito,69,59416,6393,6315,122,6437,63
2021-08-06,San Bernardino,71,2135413,309664,305806,9637,315443,5286
2021-08-06,San Diego,73,3302833,308819,303691,0,303691,3810
2021-08-06,San Francisco,75,870044,43889,42659,1855,44514,565
2021-08-06,San Joaquin,77,732212,79899,78405,4256,82661,1469
2021-08-06,San Luis Obispo,79,281455,22875,22472,890,23362,263
2021-08-06,San Mateo,81,765935,46597,45665,739,46404,548
2021-08-06,Santa Barbara,83,443738,36810,36208,1373,37581,470
2021-08-06,Santa Clara,85,1922200,126849,124767,933,125700,2185
2021-08-06,Santa Cruz,87,273765,17248,16924,925,17849,207
2021-08-06,Shasta,89,179085,13609,13284,1895,15179,210
2021-08-06,Sierra,91,2930,81,73,14,87,0
2021-08-06,Siskiyou,93,43540,2146,2030,510,2540,32
2021-08-06,Solano,95,438530,37477,36351,818,37169,262
2021-08-06,Sonoma,97,501317,34663,33594,420,34014,333
2021-08-06,Stanislaus,99,539301,61088,59854,6746,66600,1037
2021-08-06,Sutter,101,95872,10608,10391,115,10506,128
2021-08-06,Tehama,103,63373,5419,5325,672,5997,66
2021-08-06,Trinity,105,12862,417,371,96,467,3
2021-08-06,Tulare,107,460477,51569,51018,10609,61627,854
2021-08-06,Tuolumne,109,53932,4831,4674,42,4716,64
2021-08-06,Ventura,111,848112,86044,85046,3755,88801,1047
2021-08-06,Yolo,113,214977,15737,15299,612,15911,218
2021-08-06,Yuba,115,75493,7057,6904,145,7049,50
2021-08-05,Alameda,1,1643700,100567,98052,2382,100434,1275
2021-08-05,Alpine,3,1148,91,91,0,91,0
2021-08-05,Amador,5,37829,4134,3992,37,4029,48
2021-08-05,Butte,7,227075,13883,13564,2227,15791,206
2021-08-05,Calaveras,9,45235,2469,2397,17,2414,57
2021-08-05,Colusa,11,21464,2097,2036,385,2421,16
2021-08-05,Contra Costa,13,1133247,80743,78514,1646,80160,840
2021-08-05,Del Norte,15,27424,1842,1731,11,1742,8
2021-08-05,El Dorado,17,186661,11797,11408,979,12387,117
2021-08-05,Fresno,19,978130,107874,106219,9686,115905,1747
2021-08-05,Glenn,21,27897,2535,2494,623,3117,20
2021-08-05,Humboldt,23,135768,5706,5328,96,5424,52
2021-08-05,Imperial,25,180216,29525,29383,2976,32359,745
2021-08-05,Inyo,27,18085,1479,1468,5,1473,38
2021-08-05,Kern,29,883053,101328,100091,13011,113102,1358
2021-08-05,Kings,31,150075,24271,23906,1330,25236,249
2021-08-05,Lake,33,64148,4701,4490,28,4518,66
2021-08-05,Lassen,35,31185,5414,5344,133,5477,21
2021-08-05,Los Angeles,37,10098052,1284536,1269445,49356,1318801,24756
2021-08-05,Madera,39,155013,17578,17301,1101,18402,245
2021-08-05,Marin,41,260295,15353,15005,313,15318,239
2021-08-05,Mariposa,43,17540,543,504,11,515,5
2021-08-05,Mendocino,45,87422,4809,4597,107,4704,49
2021-08-05,Merced,47,269075,32763,32381,1087,33468,477
2021-08-05,Modoc,49,8938,425,418,147,565,5
2021-08-05,Mono,51,14174,1315,1309,13,1322,3
2021-08-05,Monterey,53,433212,44225,43992,2154,46146,527
2021-08-05,Napa,55,140530,10800,10591,59,10650,83
2021-08-05,Nevada,57,99092,6162,5778,217,5995,73
2021-08-05,Orange,59,3164182,272102,268329,12826,281155,5149
2021-08-05,Placer,61,380077,26869,25965,2135,28100,305
2021-08-05,Plumas,63,18699,807,787,15,802,5
2021-08-05,Riverside,65,2383286,309264,305415,15551,320966,4562
2021-08-05,Sacramento,67,1510023,121683,118590,2399,120989,1739
2021-08-05,San Benito,69,59416,6375,6305,122,6427,63
2021-08-05,San Bernardino,71,2135413,308833,304956,9616,314572,5284
2021-08-05,San Diego,73,3302833,307541,302220,0,302220,3806
2021-08-05,San Francisco,75,870044,43683,42301,1842,44143,564
2021-08-05,San Joaquin,77,732212,79539,78151,4247,82398,1468
2021-08-05,San Luis Obispo,79,281455,22762,22362,885,23247,263
2021-08-05,San Mateo,81,765935,46434,45554,726,46280,548
2021-08-05,Santa Barbara,83,443738,36705,36112,1370,37482,470
2021-08-05,Santa Clara,85,1922200,126518,124490,933,125423,2185
2021-08-05,Santa Cruz,87,273765,17205,16867,922,17789,207
2021-08-05,Shasta,89,179085,13552,13217,1886,15103,210
2021-08-05,Sierra,91,2930,76,73,14,87,0
2021-08-05,Siskiyou,93,43540,2126,2024,499,2523,32
2021-08-05,Solano,95,438530,37304,36250,811,37061,262
2021-08-05,Sonoma,97,501317,34527,33455,419,33874,330
2021-08-05,Stanislaus,99,539301,60842,59692,6707,66399,1037
2021-08-05,Sutter,101,95872,10553,10349,115,10464,127
2021-08-05,Tehama,103,63373,5401,5305,668,5973,66
2021-08-05,Trinity,105,12862,411,367,96,463,3
2021-08-05,Tulare,107,460477,51455,50889,10550,61439,854
2021-08-05,Tuolumne,109,53932,4801,4619,42,4661,64
2021-08-05,Ventura,111,848112,85795,84837,3742,88579,1047
2021-08-05,Yolo,113,214977,15676,15250,601,15851,218
2021-08-05,Yuba,115,75493,7014,6872,143,7015,50
2021-08-04,Alameda,1,1643700,100062,97477,2370,99847,1274
2021-08-04,Alpine,3,1148,91,91,0,91,0
2021-08-04,Amador,5,37829,4104,3962,36,3998,48
2021-08-04,Butte,7,227075,13818,13509,2209,15718,205
2021-08-04,Calaveras,9,45235,2446,2374,17,2391,57
2021-08-04,Colusa,11,21464,2085,2025,379,2404,16
2021-08-04,Contra Costa,13,1133247,80227,77966,1640,79606,840
2021-08-04,Del Norte,15,27424,1819,1701,11,1712,8
2021-08-04,El Dorado,17,186661,11719,11319,968,12287,117
2021-08-04,Fresno,19,978130,107510,105899,9649,115548,1747
2021-08-04,Glenn,21,27897,2528,2487,623,3110,20
2021-08-04,Humboldt,23,135768,5630,5271,95,5366,52
2021-08-04,Imperial,25,180216,29477,29375,2974,32349,745
2021-08-04,Inyo,27,18085,1478,1465,5,1470,38
2021-08-04,Kern,29,883053,101078,99868,12926,112794,1358
2021-08-04,Kings,31,150075,24202,23840,1322,25162,250
2021-08-04,Lake,33,64148,4670,4423,22,4445,65
2021-08-04,Lassen,35,31185,5405,5340,133,5473,21
2021-08-04,Los Angeles,37,10098052,1281071,1265788,49192,1314980,24737
2021-08-04,Madera,39,155013,17543,17251,1094,18345,245
2021-08-04,Marin,41,260295,15306,14950,312,15262,239
2021-08-04,Mariposa,43,17540,528,497,11,508,5
2021-08-04,Mendocino,45,87422,4785,4560,103,4663,49
2021-08-04,Merced,47,269075,32625,32274,1084,33358,476
2021-08-04,Modoc,49,8938,425,416,147,563,5
2021-08-04,Mono,51,14174,1312,1307,13,1320,3
2021-08-04,Monterey,53,433212,44166,43926,2137,46063,526
2021-08-04,Napa,55,140530,10762,10544,59,10603,82
2021-08-04,Nevada,57,99092,6096,5702,216,5918,73
2021-08-04,Orange,59,3164182,271241,267199,12801,280000,5146
2021-08-04,Placer,61,380077,26658,25688,2115,27803,305
2021-08-04,Plumas,63,18699,800,784,15,799,5
2021-08-04,Riverside,65,2383286,308339,304272,15525,319797,4562
2021-08-04,Sacramento,67,1510023,120939,117882,2373,120255,1736
2021-08-04,San Benito,69,59416,6360,6300,122,6422,63
2021-08-04,San Bernardino,71,2135413,307985,304164,9598,313762,5285
2021-08-04,San Diego,73,3302833,306022,301100,0,301100,3805
2021-08-04,San Francisco,75,870044,43434,41913,1826,43739,562
2021-08-04,San Joaquin,77,732212,79186,77846,4236,82082,1466
2021-08-04,San Luis Obispo,79,281455,22655,22245,879,23124,262
2021-08-04,San Mateo,81,765935,46267,45392,718,46110,548
2021-08-04,Santa Barbara,83,443738,36578,36013,1361,37374,470
2021-08-04,Santa Clara,85,1922200,126126,124127,926,125053,2183
2021-08-04,Santa Cruz,87,273765,17143,16820,915,17735,208
2021-08-04,Shasta,89,179085,13500,13134,1875,15009,211
2021-08-04,Sierra,91,2930,76,73,14,87,0
2021-08-04,Siskiyou,93,43540,2106,2010,494,2504,32
2021-08-04,Solano,95,438530,37108,36025,802,36827,262
2021-08-04,Sonoma,97,501317,34357,33311,417,33728,330
2021-08-04,Stanislaus,99,539301,60602,59396,6678,66074,1037
2021-08-04,Sutter,101,95872,10516,10294,115,10409,127
2021-08-04,Tehama,103,63373,5375,5281,664,5945,66
2021-08-04,Trinity,105,12862,409,362,93,455,3
2021-08-04,Tulare,107,460477,51347,50797,10504,61301,855
2021-08-04,Tuolumne,109,53932,4776,4584,42,4626,64
2021-08-04,Ventura,111,848112,85539,84406,3719,88125,1047
2021-08-04,Yolo,113,214977,15599,15189,588,15777,215
2021-08-04,Yuba,115,75493,6974,6827,142,6969,50
2021-08-03,Alameda,1,1643700,99608,97275,2365,99640,1270
2021-08-03,Alpine,3,1148,91,91,0,91,0
2021-08-03,Amador,5,37829,4069,3953,36,3989,48
2021-08-03,Butte,7,227075,13753,13468,2194,15662,205
2021-08-03,Calaveras,9,45235,2422,2356,17,2373,57
2021-08-03,Colusa,11,21464,2072,2023,373,2396,16
2021-08-03,Contra Costa,13,1133247,79743,77739,1634,79373,836
2021-08-03,Del Norte,15,27424,1788,1691,10,1701,8
2021-08-03,El Dorado,17,186661,11629,11255,959,12214,117
2021-08-03,Fresno,19,978130,107151,105732,9619,115351,1746
2021-08-03,Glenn,21,27897,2521,2481,619,3100,20
2021-08-03,Humboldt,23,135768,5564,5199,90,5289,52
2021-08-03,Imperial,25,180216,29455,29333,2967,32300,745
2021-08-03,Inyo,27,18085,1475,1459,5,1464,38
2021-08-03,Kern,29,883053,100817,99708,12847,112555,1358
2021-08-03,Kings,31,150075,24114,23780,1315,25095,249
2021-08-03,Lake,33,64148,4613,4408,18,4426,66
2021-08-03,Lassen,35,31185,5395,5341,133,5474,21
2021-08-03,Los Angeles,37,10098052,1277353,1262678,49015,1311693,24721
2021-08-03,Madera,39,155013,17505,17220,1078,18298,245
2021-08-03,Marin,41,260295,15257,14906,309,15215,243
2021-08-03,Mariposa,43,17540,517,495,11,506,5
2021-08-03,Mendocino,45,87422,4735,4546,101,4647,49
2021-08-03,Merced,47,269075,32542,32197,1082,33279,476
2021-08-03,Modoc,49,8938,425,416,147,563,5
2021-08-03,Mono,51,14174,1306,1303,13,1316,3
2021-08-03,Monterey,53,433212,44106,43872,2121,45993,525
2021-08-03,Napa,55,140530,10719,10527,58,10585,82
2021-08-03,Nevada,57,99092,6015,5685,215,5900,73
2021-08-03,Orange,59,3164182,270503,266649,12770,279419,5146
2021-08-03,Placer,61,380077,26460,25624,2091,27715,305
2021-08-03,Plumas,63,18699,794,779,15,794,5
2021-08-03,Riverside,65,2383286,307413,303499,15499,318998,4562
2021-08-03,Sacramento,67,1510023,120220,117591,2352,119943,1732
2021-08-03,San Benito,69,59416,6344,6284,121,6405,63
2021-08-03,San Bernardino,71,2135413,307074,303386,9578,312964,5265
2021-08-03,San Diego,73,3302833,304574,300189,0,300189,3803
2021-08-03,San Francisco,75,870044,43153,41758,1801,43559,562
2021-08-03,San Joaquin,77,732212,78839,77615,4217,81832,1461
2021-08-03,San Luis Obispo,79,281455,22520,22166,873,23039,264
2021-08-03,San Mateo,81,765935,46090,45255,698,45953,548
2021-08-03,Santa Barbara,83,443738,36459,35912,1355,37267,469
2021-08-03,Santa Clara,85,1922200,125704,123914,920,124834,2183
2021-08-03,Santa Cruz,87,273765,17076,16778,912,17690,207
2021-08-03,Shasta,89,179085,13425,13091,1865,14956,211
2021-08-03,Sierra,91,2930,76,72,14,86,0
2021-08-03,Siskiyou,93,43540,2095,1998,489,2487,32
2021-08-03,Solano,95,438530,36898,35953,790,36743,261
2021-08-03,Sonoma,97,501317,34174,33243,416,33659,330
2021-08-03,Stanislaus,99,539301,60370,59282,6660,65942,1037
2021-08-03,Sutter,101,95872,10476,10263,115,10378,127
2021-08-03,Tehama,103,63373,5350,5269,659,5928,66
2021-08-03,Trinity,105,12862,405,361,90,451,3
2021-08-03,Tulare,107,460477,51252,50729,10457,61186,854
2021-08-03,Tuolumne,109,53932,4741,4563,42,4605,64
2021-08-03,Ventura,111,848112,85303,84270,3696,87966,1046
2021-08-03,Yolo,113,214977,15511,15149,573,15722,215
2021-08-03,Yuba,115,75493,6938,6781,142,6923,50
2021-08-02,Alameda,1,1643700,99064,96954,2360,99314,1270
2021-08-02,Alpine,3,1148,91,91,0,91,0
2021-08-02,Amador,5,37829,4049,3927,36,3963,48
2021-08-02,Butte,7,227075,13676,13442,2175,15617,205
2021-08-02,Calaveras,9,45235,2392,2347,17,2364,57
2021-08-02,Colusa,11,21464,2060,2019,370,2389,16
2021-08-02,Contra Costa,13,1133247,79236,77516,1619,79135,836
2021-08-02,Del Norte,15,27424,1760,1653,10,1663,8
2021-08-02,El Dorado,17,186661,11524,11226,945,12171,116
2021-08-02,Fresno,19,978130,106807,105471,9582,115053,1744
2021-08-02,Glenn,21,27897,2513,2477,617,3094,20
2021-08-02,Humboldt,23,135768,5480,5161,88,5249,52
2021-08-02,Imperial,25,180216,29421,29302,2964,32266,743
2021-08-02,Inyo,27,18085,1469,1455,5,1460,38
2021-08-02,Kern,29,883053,100562,99556,12752,112308,1357
2021-08-02,Kings,31,150075,24045,23722,1308,25030,249
2021-08-02,Lake,33,64148,4571,4375,18,4393,66
2021-08-02,Lassen,35,31185,5373,5338,131,5469,21
2021-08-02,Los Angeles,37,10098052,1273647,1260807,48802,1309609,24705
2021-08-02,Madera,39,155013,17462,17158,1064,18222,245
2021-08-02,Marin,41,260295,15214,14859,307,15166,239
2021-08-02,Mariposa,43,17540,508,490,11,501,5
2021-08-02,Mendocino,45,87422,4695,4512,98,4610,49
2021-08-02,Merced,47,269075,32444,32163,1078,33241,474
2021-08-02,Modoc,49,8938,425,415,147,562,5
2021-08-02,Mono,51,14174,1302,1296,13,1309,3
2021-08-02,Monterey,53,433212,44048,43842,2111,45953,525
2021-08-02,Napa,55,140530,10676,10490,55,10545,82
2021-08-02,Nevada,57,99092,5944,5611,214,5825,73
2021-08-02,Orange,59,3164182,269595,266050,12725,278775,5146
2021-08-02,Placer,61,380077,26314,25516,2055,27571,306
2021-08-02,Plumas,63,18699,787,762,15,777,5
2021-08-02,Riverside,65,2383286,306476,302756,15483,318239,4562
2021-08-02,Sacramento,67,1510023,119514,117183,2334,119517,1728
2021-08-02,San Benito,69,59416,6325,6276,120,6396,63
2021-08-02,San Bernardino,71,2135413,306202,303000,9544,312544,5253
2021-08-02,San Diego,73,3302833,303083,299021,0,299021,3798
2021-08-02,San Francisco,75,870044,42861,41553,1773,43326,562
2021-08-02,San Joaquin,77,732212,78501,77447,4186,81633,1461
2021-08-02,San Luis Obispo,79,281455,22427,22093,868,22961,261
2021-08-02,San Mateo,81,765935,45924,45154,675,45829,548
2021-08-02,Santa Barbara,83,443738,36322,35851,1349,37200,469
2021-08-02,Santa Clara,85,1922200,125234,123655,912,124567,2183
2021-08-02,Santa Cruz,87,273765,17019,16746,908,17654,207
2021-08-02,Shasta,89,179085,13361,13049,1851,14900,212
2021-08-02,Sierra,91,2930,76,71,14,85,0
2021-08-02,Siskiyou,93,43540,2084,1992,475,2467,31
2021-08-02,Solano,95,438530,36655,35852,781,36633,260
2021-08-02,Sonoma,97,501317,33946,33132,411,33543,330
2021-08-02,Stanislaus,99,539301,60137,59160,6645,65805,1037
2021-08-02,Sutter,101,95872,10430,10220,115,10335,127
2021-08-02,Tehama,103,63373,5326,5260,655,5915,66
2021-08-02,Trinity,105,12862,400,359,89,448,3
2021-08-02,Tulare,107,460477,51151,50640,10383,61023,854
2021-08-02,Tuolumne,109,53932,4675,4524,42,4566,64
2021-08-02,Ventura,111,848112,85120,84143,3673,87816,1044
2021-08-02,Yolo,113,214977,15413,15072,554,15626,215
2021-08-02,Yuba,115,75493,6896,6743,142,6885,50
2021-08-01,Alameda,1,1643700,98534,96775,2355,99130,1270
2021-08-01,Alpine,3,1148,91,91,0,91,0
2021-08-01,Amador,5,37829,4012,3923,35,3958,48
2021-08-01,Butte,7,227075,13596,13406,2158,15564,205
2021-08-01,Calaveras,9,45235,2367,2341,17,2358,57
2021-08-01,Colusa,11,21464,2049,2014,368,2382,16
2021-08-01,Contra Costa,13,1133247,78800,77360,1611,78971,836
2021-08-01,Del Norte,15,27424,1730,1642,10,1652,8
2021-08-01,El Dorado,17,186661,11423,11189,935,12124,116
2021-08-01,Fresno,19,978130,106482,105339,9536,114875,1744
2021-08-01,Glenn,21,27897,2507,2476,615,3091,20
2021-08-01,Humboldt,23,135768,5404,5118,84,5202,52
2021-08-01,Imperial,25,180216,29386,29297,2960,32257,743
2021-08-01,Inyo,27,18085,1467,1454,5,1459,38
2021-08-01,Kern,29,883053,100287,99396,12675,112071,1357
2021-08-01,Kings,31,150075,23957,23700,1302,25002,249
2021-08-01,Lake,33,64148,4492,4356,18,4374,66
2021-08-01,Lassen,35,31185,5361,5336,129,5465,21
2021-08-01,Los Angeles,37,10098052,1269976,1258461,48572,1307033,24700
2021-08-01,Madera,39,155013,17405,17146,1059,18205,245
2021-08-01,Marin,41,260295,15141,14844,306,15150,239
2021-08-01,Mariposa,43,17540,501,482,11,493,5
2021-08-01,Mendocino,45,87422,4649,4476,94,4570,49
2021-08-01,Merced,47,269075,32356,32144,1074,33218,474
2021-08-01,Modoc,49,8938,424,413,147,560,5
2021-08-01,Mono,51,14174,1299,1294,13,1307,3
2021-08-01,Monterey,53,433212,44002,43808,2096,45904,525
2021-08-01,Napa,55,140530,10630,10473,53,10526,82
2021-08-01,Nevada,57,99092,5860,5561,213,5774,73
2021-08-01,Orange,59,3164182,268800,265467,12681,278148,5146
2021-08-01,Placer,61,380077,26100,25464,2025,27489,306
2021-08-01,Plumas,63,18699,781,761,15,776,5
2021-08-01,Riverside,65,2383286,305547,302256,15464,317720,4562
2021-08-01,Sacramento,67,1510023,118797,116923,2317,119240,1727
2021-08-01,San Benito,69,59416,6308,6271,120,6391,63
2021-08-01,San Bernardino,71,2135413,305269,302542,9533,312075,5248
2021-08-01,San Diego,73,3302833,301889,298002,0,298002,3798
2021-08-01,San Francisco,75,870044,42524,41432,1759,43191,562
2021-08-01,San Joaquin,77,732212,78135,77338,4159,81497,1461
2021-08-01,San Luis Obispo,79,281455,22324,22083,863,22946,261
2021-08-01,San Mateo,81,765935,45757,45036,659,45695,548
2021-08-01,Santa Barbara,83,443738,36202,35809,1345,37154,469
2021-08-01,Santa Clara,85,1922200,124824,123511,903,124414,2183
2021-08-01,Santa Cruz,87,273765,16943,16709,898,17607,207
2021-08-01,Shasta,89,179085,13291,13036,1842,14878,212
2021-08-01,Sierra,91,2930,74,71,14,85,0
2021-08-01,Siskiyou,93,43540,2078,1989,469,2458,31
2021-08-01,Solano,95,438530,36438,35800,774,36574,260
2021-08-01,Sonoma,97,501317,33754,33076,408,33484,330
2021-08-01,Stanislaus,99,539301,59898,59078,6624,65702,1037
2021-08-01,Sutter,101,95872,10375,10198,112,10310,127
2021-08-01,Tehama,103,63373,5310,5252,650,5902,66
2021-08-01,Trinity,105,12862,397,359,88,447,3
2021-08-01,Tulare,107,460477,50996,50600,10319,60919,854
2021-08-01,Tuolumne,109,53932,4637,4489,42,4531,64
2021-08-01,Ventura,111,848112,84896,84040,3657,87697,1044
2021-08-01,Yolo,113,214977,15342,15042,544,15586,215
2021-08-01,Yuba,115,75493,6858,6721,142,6863,50
2021-07-31,Alameda,1,1643700,98225,95279,2349,97628,1265
2021-07-31,Alpine,3,1148,91,89,0,89,0
2021-07-31,Amador,5,37829,3992,3877,35,3912,48
2021-07-31,Butte,7,227075,13565,13235,2137,15372,205
2021-07-31,Calaveras,9,45235,2360,2294,17,2311,57
2021-07-31,Colusa,11,21464,2043,2006,366,2372,16
2021-07-31,Contra Costa,13,1133247,78521,75866,1609,77475,832
2021-07-31,Del Norte,15,27424,1707,1576,10,1586,8
2021-07-31,El Dorado,17,186661,11370,11017,929,11946,116
2021-07-31,Fresno,19,978130,106325,104639,9521,114160,1744
2021-07-31,Glenn,21,27897,2502,2465,611,3076,20
2021-07-31,Humboldt,23,135768,5349,4978,83,5061,52
2021-07-31,Imperial,25,180216,29369,29164,2957,32121,743
2021-07-31,Inyo,27,18085,1464,1442,5,1447,38
2021-07-31,Kern,29,883053,100124,98903,12614,111517,1357
2021-07-31,Kings,31,150075,23905,23548,1297,24845,248
2021-07-31,Lake,33,64148,4468,4238,17,4255,66
2021-07-31,Lassen,35,31185,5355,5320,129,5449,21
2021-07-31,Los Angeles,37,10098052,1267799,1248545,48420,1296965,24691
2021-07-31,Madera,39,155013,17372,17058,1054,18112,245
2021-07-31,Marin,41,260295,15097,14701,305,15006,239
2021-07-31,Mariposa,43,17540,492,470,11,481,5
2021-07-31,Mendocino,45,87422,4624,4400,91,4491,49
2021-07-31,Merced,47,269075,32309,31959,1068,33027,474
2021-07-31,Modoc,49,8938,424,413,147,560,5
2021-07-31,Mono,51,14174,1298,1287,13,1300,3
2021-07-31,Monterey,53,433212,43965,43720,2087,45807,525
2021-07-31,Napa,55,140530,10610,10401,52,10453,82
2021-07-31,Nevada,57,99092,5821,5373,212,5585,72
2021-07-31,Orange,59,3164182,268233,263446,12660,276106,5144
2021-07-31,Placer,61,380077,25965,25104,2018,27122,306
2021-07-31,Plumas,63,18699,778,743,15,758,5
2021-07-31,Riverside,65,2383286,304931,300315,15455,315770,4554
2021-07-31,Sacramento,67,1510023,118398,115259,2313,117572,1720
2021-07-31,San Benito,69,59416,6297,6251,120,6371,63
2021-07-31,San Bernardino,71,2135413,304703,300726,9530,310256,5240
2021-07-31,San Diego,73,3302833,301211,295054,0,295054,3798
2021-07-31,San Francisco,75,870044,42308,40412,1733,42145,562
2021-07-31,San Joaquin,77,732212,77970,76575,4147,80722,1443
2021-07-31,San Luis Obispo,79,281455,22269,21922,861,22783,260
2021-07-31,San Mateo,81,765935,45611,44622,647,45269,548
2021-07-31,Santa Barbara,83,443738,36123,35531,1343,36874,467
2021-07-31,Santa Clara,85,1922200,124567,122614,901,123515,2099
2021-07-31,Santa Cruz,87,273765,16904,16576,897,17473,207
2021-07-31,Shasta,89,179085,13257,12918,1834,14752,212
2021-07-31,Sierra,91,2930,74,68,14,82,0
2021-07-31,Siskiyou,93,43540,2069,1976,463,2439,31
2021-07-31,Solano,95,438530,36340,35340,768,36108,263
2021-07-31,Sonoma,97,501317,33629,32601,408,33009,329
2021-07-31,Stanislaus,99,539301,59739,58586,6603,65189,1035
2021-07-31,Sutter,101,95872,10339,10068,111,10179,127
2021-07-31,Tehama,103,63373,5295,5216,647,5863,66
2021-07-31,Trinity,105,12862,396,354,87,441,3
2021-07-31,Tulare,107,460477,50913,50409,10261,60670,854
2021-07-31,Tuolumne,109,53932,4598,4362,42,4404,64
2021-07-31,Ventura,111,848112,84741,83509,3640,87149,1044
2021-07-31,Yolo,113,214977,15295,14863,532,15395,215
2021-07-31,Yuba,115,75493,6835,6615,141,6756,50
2021-07-30,Alameda,1,1643700,97891,95279,2344,97623,1265
2021-07-30,Alpine,3,1148,91,89,0,89,0
2021-07-30,Amador,5,37829,3969,3877,35,3912,48
2021-07-30,Butte,7,227075,13510,13235,2124,15359,205
2021-07-30,Calaveras,9,45235,2355,2294,17,2311,57
2021-07-30,Colusa,11,21464,2039,2006,364,2370,16
2021-07-30,Contra Costa,13,1133247,78279,75866,1605,77471,832
2021-07-30,Del Norte,15,27424,1689,1576,10,1586,8
2021-07-30,El Dorado,17,186661,11338,11017,922,11939,116
2021-07-30,Fresno,19,978130,106130,104639,9509,114148,1744
2021-07-30,Glenn,21,27897,2497,2465,610,3075,20
2021-07-30,Humboldt,23,135768,5285,4978,80,5058,52
2021-07-30,Imperial,25,180216,29355,29164,2954,32118,743
2021-07-30,Inyo,27,18085,1463,1442,5,1447,38
2021-07-30,Kern,29,883053,100000,98903,12565,111468,1357
2021-07-30,Kings,31,150075,23864,23548,1293,24841,248
2021-07-30,Lake,33,64148,4440,4238,17,4255,66
2021-07-30,Lassen,35,31185,5351,5320,129,5449,21
2021-07-30,Los Angeles,37,10098052,1265489,1248545,48263,1296808,24691
2021-07-30,Madera,39,155013,17331,17058,1051,18109,245
2021-07-30,Marin,41,260295,15063,14701,305,15006,239
2021-07-30,Mariposa,43,17540,489,470,11,481,5
2021-07-30,Mendocino,45,87422,4594,4400,90,4490,49
2021-07-30,Merced,47,269075,32269,31959,1063,33022,474
2021-07-30,Modoc,49,8938,422,413,147,560,5
2021-07-30,Mono,51,14174,1292,1287,13,1300,3
2021-07-30,Monterey,53,433212,43933,43720,2077,45797,525
2021-07-30,Napa,55,140530,10588,10401,51,10452,82
2021-07-30,Nevada,57,99092,5763,5373,212,5585,72
2021-07-30,Orange,59,3164182,267606,263446,12631,276077,5144
2021-07-30,Placer,61,380077,25877,25104,2000,27104,306
2021-07-30,Plumas,63,18699,773,743,15,758,5
2021-07-30,Riverside,65,2383286,304294,300315,15444,315759,4554
2021-07-30,Sacramento,67,1510023,117958,115259,2308,117567,1720
2021-07-30,San Benito,69,59416,6290,6251,120,6371,63
2021-07-30,San Bernardino,71,2135413,304190,300726,9524,310250,5240
2021-07-30,San Diego,73,3302833,300441,295054,0,295054,3798
2021-07-30,San Francisco,75,870044,42095,40412,1717,42129,562
2021-07-30,San Joaquin,77,732212,77817,76575,4144,80719,1443
2021-07-30,San Luis Obispo,79,281455,22233,21922,857,22779,260
2021-07-30,San Mateo,81,765935,45490,44622,631,45253,548
2021-07-30,Santa Barbara,83,443738,36055,35531,1337,36868,467
2021-07-30,Santa Clara,85,1922200,124341,122614,899,123513,2099
2021-07-30,Santa Cruz,87,273765,16878,16576,895,17471,207
2021-07-30,Shasta,89,179085,13210,12918,1834,14752,212
2021-07-30,Sierra,91,2930,73,68,14,82,0
2021-07-30,Siskiyou,93,43540,2060,1976,462,2438,31
2021-07-30,Solano,95,438530,36250,35340,752,36092,263
2021-07-30,Sonoma,97,501317,33535,32601,408,33009,329
2021-07-30,Stanislaus,99,539301,59594,58586,6583,65169,1035
2021-07-30,Sutter,101,95872,10303,10068,111,10179,127
2021-07-30,Tehama,103,63373,5284,5216,647,5863,66
2021-07-30,Trinity,105,12862,396,354,87,441,3
2021-07-30,Tulare,107,460477,50870,50409,10224,60633,854
2021-07-30,Tuolumne,109,53932,4580,4362,42,4404,64
2021-07-30,Ventura,111,848112,84579,83509,3623,87132,1044
2021-07-30,Yolo,113,214977,15234,14863,528,15391,215
2021-07-30,Yuba,115,75493,6799,6615,140,6755,50
2021-07-29,Alameda,1,1643700,97464,95279,2339,97618,1265
2021-07-29,Alpine,3,1148,91,89,0,89,0
2021-07-29,Amador,5,37829,3950,3877,35,3912,48
2021-07-29,Butte,7,227075,13462,13235,2116,15351,205
2021-07-29,Calaveras,9,45235,2335,2294,17,2311,57
2021-07-29,Colusa,11,21464,2032,2006,364,2370,16
2021-07-29,Contra Costa,13,1133247,77841,75866,1601,77467,832
2021-07-29,Del Norte,15,27424,1665,1576,10,1586,8
2021-07-29,El Dorado,17,186661,11272,11017,910,11927,116
2021-07-29,Fresno,19,978130,105868,104639,9482,114121,1744
2021-07-29,Glenn,21,27897,2487,2465,609,3074,20
2021-07-29,Humboldt,23,135768,5224,4978,78,5056,52
2021-07-29,Imperial,25,180216,29309,29164,2951,32115,743
2021-07-29,Inyo,27,18085,1459,1442,5,1447,38
2021-07-29,Kern,29,883053,99793,98903,12487,111390,1357
2021-07-29,Kings,31,150075,23821,23548,1288,24836,248
2021-07-29,Lake,33,64148,4405,4238,17,4255,66
2021-07-29,Lassen,35,31185,5343,5320,126,5446,21
2021-07-29,Los Angeles,37,10098052,1262418,1248545,48071,1296616,24691
2021-07-29,Madera,39,155013,17286,17058,1046,18104,245
2021-07-29,Marin,41,260295,15019,14701,305,15006,239
2021-07-29,Mariposa,43,17540,485,470,11,481,5
2021-07-29,Mendocino,45,87422,4571,4400,88,4488,49
2021-07-29,Merced,47,269075,32214,31959,1063,33022,474
2021-07-29,Modoc,49,8938,422,413,147,560,5
2021-07-29,Mono,51,14174,1289,1287,13,1300,3
2021-07-29,Monterey,53,433212,43884,43720,2066,45786,525
2021-07-29,Napa,55,140530,10556,10401,49,10450,82
2021-07-29,Nevada,57,99092,5710,5373,212,5585,72
2021-07-29,Orange,59,3164182,266902,263446,12598,276044,5144
2021-07-29,Placer,61,380077,25755,25104,1984,27088,306
2021-07-29,Plumas,63,18699,765,743,15,758,5
2021-07-29,Riverside,65,2383286,303588,300315,15420,315735,4554
2021-07-29,Sacramento,67,1510023,117409,115259,2296,117555,1720
2021-07-29,San Benito,69,59416,6279,6251,120,6371,63
2021-07-29,San Bernardino,71,2135413,303557,300726,9514,310240,5240
2021-07-29,San Diego,73,3302833,299379,295054,0,295054,3798
2021-07-29,San Francisco,75,870044,41850,40412,1693,42105,562
2021-07-29,San Joaquin,77,732212,77561,76575,4138,80713,1443
2021-07-29,San Luis Obispo,79,281455,22178,21922,855,22777,260
2021-07-29,San Mateo,81,765935,45365,44622,621,45243,548
2021-07-29,Santa Barbara,83,443738,35970,35531,1335,36866,467
2021-07-29,Santa Clara,85,1922200,124045,122614,896,123510,2099
2021-07-29,Santa Cruz,87,273765,16825,16576,893,17469,207
2021-07-29,Shasta,89,179085,13157,12918,1825,14743,212
2021-07-29,Sierra,91,2930,73,68,14,82,0
2021-07-29,Siskiyou,93,43540,2055,1976,460,2436,31
2021-07-29,Solano,95,438530,36095,35340,742,36082,263
2021-07-29,Sonoma,97,501317,33361,32601,406,33007,329
2021-07-29,Stanislaus,99,539301,59420,58586,6565,65151,1035
2021-07-29,Sutter,101,95872,10257,10068,110,10178,127
2021-07-29,Tehama,103,63373,5272,5216,641,5857,66
2021-07-29,Trinity,105,12862,394,354,86,440,3
2021-07-29,Tulare,107,460477,50782,50409,10182,60591,854
2021-07-29,Tuolumne,109,53932,4542,4362,41,4403,64
2021-07-29,Ventura,111,848112,84410,83509,3616,87125,1044
2021-07-29,Yolo,113,214977,15167,14863,515,15378,215
2021-07-29,Yuba,115,75493,6751,6615,139,6754,50
2021-07-28,Alameda,1,1643700,96985,94965,2331,97296,1262
2021-07-28,Alpine,3,1148,91,89,0,89,0
2021-07-28,Amador,5,37829,3936,3870,35,3905,48
2021-07-28,Butte,7,227075,13406,13184,2103,15287,205
2021-07-28,Calaveras,9,45235,2320,2289,17,2306,57
2021-07-28,Colusa,11,21464,2028,2001,363,2364,16
2021-07-28,Contra Costa,13,1133247,77357,75487,1593,77080,832
2021-07-28,Del Norte,15,27424,1634,1545,10,1555,8
2021-07-28,El Dorado,17,186661,11225,10967,900,11867,116
2021-07-28,Fresno,19,978130,105622,104458,9462,113920,1744
2021-07-28,Glenn,21,27897,2483,2464,606,3070,20
2021-07-28,Humboldt,23,135768,5173,4946,77,5023,52
2021-07-28,Imperial,25,180216,29262,29096,2951,32047,743
2021-07-28,Inyo,27,18085,1453,1439,4,1443,38
2021-07-28,Kern,29,883053,99640,98781,12437,111218,1352
2021-07-28,Kings,31,150075,23757,23503,1278,24781,248
2021-07-28,Lake,33,64148,4358,4191,15,4206,65
2021-07-28,Lassen,35,31185,5335,5318,126,5444,21
2021-07-28,Los Angeles,37,10098052,1259270,1245485,47896,1293381,24673
2021-07-28,Madera,39,155013,17245,17024,1040,18064,245
2021-07-28,Marin,41,260295,14965,14652,305,14957,239
2021-07-28,Mariposa,43,17540,478,469,11,480,5
2021-07-28,Mendocino,45,87422,4543,4377,88,4465,49
2021-07-28,Merced,47,269075,32150,31886,1059,32945,474
2021-07-28,Modoc,49,8938,420,413,147,560,5
2021-07-28,Mono,51,14174,1289,1286,13,1299,3
2021-07-28,Monterey,53,433212,43837,43668,2056,45724,524
2021-07-28,Napa,55,140530,10516,10376,47,10423,82
2021-07-28,Nevada,57,99092,5656,5320,212,5532,72
2021-07-28,Orange,59,3164182,266114,262735,12566,275301,5143
2021-07-28,Placer,61,380077,25611,24978,1969,26947,306
2021-07-28,Plumas,63,18699,760,754,15,769,5
2021-07-28,Riverside,65,2383286,302819,299611,15400,315011,4554
2021-07-28,Sacramento,67,1510023,116763,114665,2275,116940,1714
2021-07-28,San Benito,69,59416,6268,6236,120,6356,63
2021-07-28,San Bernardino,71,2135413,302925,300121,9501,309622,5236
2021-07-28,San Diego,73,3302833,298096,294176,0,294176,3798
2021-07-28,San Francisco,75,870044,41515,40144,1666,41810,561
2021-07-28,San Joaquin,77,732212,77312,76312,4106,80418,1443
2021-07-28,San Luis Obispo,79,281455,22118,21865,854,22719,260
2021-07-28,San Mateo,81,765935,45220,44477,611,45088,547
2021-07-28,Santa Barbara,83,443738,35895,35431,1330,36761,467
2021-07-28,Santa Clara,85,1922200,123784,122345,894,123239,2099
2021-07-28,Santa Cruz,87,273765,16787,16551,892,17443,207
2021-07-28,Shasta,89,179085,13112,12882,1814,14696,212
2021-07-28,Sierra,91,2930,69,67,14,81,0
2021-07-28,Siskiyou,93,43540,2046,1971,457,2428,31
2021-07-28,Solano,95,438530,35927,35204,734,35938,262
2021-07-28,Sonoma,97,501317,33218,32434,403,32837,328
2021-07-28,Stanislaus,99,539301,59221,58427,6552,64979,1035
2021-07-28,Sutter,101,95872,10225,10033,109,10142,126
2021-07-28,Tehama,103,63373,5260,5209,638,5847,66
2021-07-28,Trinity,105,12862,393,352,86,438,3
2021-07-28,Tulare,107,460477,50694,50363,10133,60496,854
2021-07-28,Tuolumne,109,53932,4504,4313,41,4354,64
2021-07-28,Ventura,111,848112,84219,83360,3600,86960,1043
2021-07-28,Yolo,113,214977,15097,14801,508,15309,215
2021-07-28,Yuba,115,75493,6718,6591,139,6730,51
2021-07-27,Alameda,1,1643700,96571,94682,2321,97003,1256
2021-07-27,Alpine,3,1148,91,89,0,89,0
2021-07-27,Amador,5,37829,3920,3861,35,3896,48
2021-07-27,Butte,7,227075,13359,13127,2092,15219,205
2021-07-27,Calaveras,9,45235,2308,2280,17,2297,57
2021-07-27,Colusa,11,21464,2020,1999,362,2361,16
2021-07-27,Contra Costa,13,1133247,76868,75227,1589,76816,830
2021-07-27,Del Norte,15,27424,1614,1538,10,1548,8
2021-07-27,El Dorado,17,186661,11165,10941,890,11831,116
2021-07-27,Fresno,19,978130,105329,104288,9437,113725,1746
2021-07-27,Glenn,21,27897,2475,2460,604,3064,20
2021-07-27,Humboldt,23,135768,5119,4925,76,5001,52
2021-07-27,Imperial,25,180216,29217,29048,2950,31998,743
2021-07-27,Inyo,27,18085,1451,1430,4,1434,38
2021-07-27,Kern,29,883053,99472,98724,12379,111103,1352
2021-07-27,Kings,31,150075,23702,23463,1267,24730,248
2021-07-27,Lake,33,64148,4319,4157,15,4172,65
2021-07-27,Lassen,35,31185,5329,5315,126,5441,21
2021-07-27,Los Angeles,37,10098052,1255847,1243336,47719,1291055,24658
2021-07-27,Madera,39,155013,17193,16998,1034,18032,245
2021-07-27,Marin,41,260295,14919,14631,302,14933,239
2021-07-27,Mariposa,43,17540,475,468,11,479,5
2021-07-27,Mendocino,45,87422,4519,4371,88,4459,49
2021-07-27,Merced,47,269075,32084,31825,1055,32880,473
2021-07-27,Modoc,49,8938,419,413,147,560,5
2021-07-27,Mono,51,14174,1285,1288,13,1301,3
2021-07-27,Monterey,53,433212,43797,43646,2045,45691,523
2021-07-27,Napa,55,140530,10486,10354,47,10401,82
2021-07-27,Nevada,57,99092,5578,5305,210,5515,72
2021-07-27,Orange,59,3164182,265379,262193,12541,274734,5143
2021-07-27,Placer,61,380077,25450,24916,1943,26859,306
2021-07-27,Plumas,63,18699,757,752,15,767,5
2021-07-27,Riverside,65,2383286,302087,299160,15381,314541,4554
2021-07-27,Sacramento,67,1510023,116167,114413,2266,116679,1710
2021-07-27,San Benito,69,59416,6259,6229,120,6349,63
2021-07-27,San Bernardino,71,2135413,302220,299593,9479,309072,5236
2021-07-27,San Diego,73,3302833,297003,293408,0,293408,3798
2021-07-27,San Francisco,75,870044,41157,39939,1646,41585,561
2021-07-27,San Joaquin,77,732212,77053,76166,4086,80252,1442
2021-07-27,San Luis Obispo,79,281455,22064,21803,844,22647,260
2021-07-27,San Mateo,81,765935,45069,44378,606,44984,547
2021-07-27,Santa Barbara,83,443738,35796,35355,1328,36683,467
2021-07-27,Santa Clara,85,1922200,123490,122154,892,123046,2099
2021-07-27,Santa Cruz,87,273765,16741,16523,891,17414,207
2021-07-27,Shasta,89,179085,13062,12846,1801,14647,212
2021-07-27,Sierra,91,2930,69,65,14,79,0
2021-07-27,Siskiyou,93,43540,2041,1964,454,2418,31
2021-07-27,Solano,95,438530,35800,35093,724,35817,261
2021-07-27,Sonoma,97,501317,33074,32367,401,32768,328
2021-07-27,Stanislaus,99,539301,59050,58333,6537,64870,1033
2021-07-27,Sutter,101,95872,10184,9998,109,10107,115
2021-07-27,Tehama,103,63373,5239,5192,636,5828,66
2021-07-27,Trinity,105,12862,392,351,86,437,3
2021-07-27,Tulare,107,460477,50628,50324,10101,60425,854
2021-07-27,Tuolumne,109,53932,4452,4282,41,4323,64
2021-07-27,Ventura,111,848112,84014,83189,3587,86776,1043
2021-07-27,Yolo,113,214977,15024,14759,502,15261,215
2021-07-27,Yuba,115,75493,6696,6564,137,6701,51
2021-07-26,Alameda,1,1643700,96113,94436,2313,96749,1259
2021-07-26,Alpine,3,1148,91,89,0,89,0
2021-07-26,Amador,5,37829,3910,3854,35,3889,48
2021-07-26,Butte,7,227075,13306,13082,2079,15161,203
2021-07-26,Calaveras,9,45235,2303,2276,17,2293,57
2021-07-26,Colusa,11,21464,2013,1996,360,2356,16
2021-07-26,Contra Costa,13,1133247,76368,74854,1582,76436,830
2021-07-26,Del Norte,15,27424,1594,1530,10,1540,8
2021-07-26,El Dorado,17,186661,11103,10899,887,11786,116
2021-07-26,Fresno,19,978130,105127,104143,9414,113557,1742
2021-07-26,Glenn,21,27897,2473,2461,603,3064,20
2021-07-26,Humboldt,23,135768,5080,4906,74,4980,52
2021-07-26,Imperial,25,180216,29177,29034,2950,31984,743
2021-07-26,Inyo,27,18085,1446,1429,4,1433,38
2021-07-26,Kern,29,883053,99307,98633,12313,110946,1351
2021-07-26,Kings,31,150075,23653,23426,1263,24689,247
2021-07-26,Lake,33,64148,4298,4133,15,4148,65
2021-07-26,Lassen,35,31185,5324,5314,126,5440,21
2021-07-26,Los Angeles,37,10098052,1252538,1241527,47549,1289076,24647
2021-07-26,Madera,39,155013,17166,16971,1025,17996,245
2021-07-26,Marin,41,260295,14862,14579,301,14880,239
2021-07-26,Mariposa,43,17540,474,467,11,478,5
2021-07-26,Mendocino,45,87422,4499,4354,88,4442,49
2021-07-26,Merced,47,269075,32000,31774,1053,32827,473
2021-07-26,Modoc,49,8938,419,413,147,560,5
2021-07-26,Mono,51,14174,1284,1286,13,1299,3
2021-07-26,Monterey,53,433212,43754,43595,2031,45626,521
2021-07-26,Napa,55,140530,10463,10332,47,10379,82
2021-07-26,Nevada,57,99092,5491,5280,210,5490,72
2021-07-26,Orange,59,3164182,264746,261803,12520,274323,5142
2021-07-26,Placer,61,380077,25317,24842,1922,26764,304
2021-07-26,Plumas,63,18699,753,750,15,765,5
2021-07-26,Riverside,65,2383286,301396,298626,15365,313991,4553
2021-07-26,Sacramento,67,1510023,115582,113986,2248,116234,1705
2021-07-26,San Benito,69,59416,6253,6222,120,6342,63
2021-07-26,San Bernardino,71,2135413,301606,299238,9465,308703,5237
2021-07-26,San Diego,73,3302833,295890,292688,0,292688,3793
2021-07-26,San Francisco,75,870044,40804,39800,1616,41416,561
2021-07-26,San Joaquin,77,732212,76818,76033,4082,80115,1440
2021-07-26,San Luis Obispo,79,281455,22015,21752,841,22593,260
2021-07-26,San Mateo,81,765935,44920,44297,595,44892,547
2021-07-26,Santa Barbara,83,443738,35724,35311,1316,36627,467
2021-07-26,Santa Clara,85,1922200,123179,121978,883,122861,2099
2021-07-26,Santa Cruz,87,273765,16702,16493,888,17381,207
2021-07-26,Shasta,89,179085,13013,12819,1788,14607,211
2021-07-26,Sierra,91,2930,68,65,14,79,0
2021-07-26,Siskiyou,93,43540,2038,1962,452,2414,31
2021-07-26,Solano,95,438530,35651,34990,716,35706,259
2021-07-26,Sonoma,97,501317,32938,32283,399,32682,328
2021-07-26,Stanislaus,99,539301,58905,58219,6522,64741,1033
2021-07-26,Sutter,101,95872,10144,9963,106,10069,115
2021-07-26,Tehama,103,63373,5229,5183,632,5815,66
2021-07-26,Trinity,105,12862,392,351,85,436,3
2021-07-26,Tulare,107,460477,50565,50265,10067,60332,854
2021-07-26,Tuolumne,109,53932,4420,4271,41,4312,64
2021-07-26,Ventura,111,848112,83844,83072,3571,86643,1041
2021-07-26,Yolo,113,214977,14965,14727,489,15216,215
2021-07-26,Yuba,115,75493,6662,6538,136,6674,51
2021-07-25,Alameda,1,1643700,95626,94146,2307,96453,1259
2021-07-25,Alpine,3,1148,89,89,0,89,0
2021-07-25,Amador,5,37829,3895,3848,35,3883,48
2021-07-25,Butte,7,227075,13267,13074,2068,15142,203
2021-07-25,Calaveras,9,45235,2292,2275,17,2292,57
2021-07-25,Colusa,11,21464,2004,1996,356,2352,16
2021-07-25,Contra Costa,13,1133247,75883,74634,1568,76202,830
2021-07-25,Del Norte,15,27424,1574,1526,10,1536,8
2021-07-25,El Dorado,17,186661,11045,10878,884,11762,116
2021-07-25,Fresno,19,978130,104886,104019,9398,113417,1742
2021-07-25,Glenn,21,27897,2464,2461,601,3062,20
2021-07-25,Humboldt,23,135768,5021,4892,72,4964,52
2021-07-25,Imperial,25,180216,29141,29037,2950,31987,743
2021-07-25,Inyo,27,18085,1441,1427,4,1431,38
2021-07-25,Kern,29,883053,99136,98503,12240,110743,1351
2021-07-25,Kings,31,150075,23600,23396,1259,24655,247
2021-07-25,Lake,33,64148,4244,4109,14,4123,65
2021-07-25,Lassen,35,31185,5320,5314,126,5440,21
2021-07-25,Los Angeles,37,10098052,1249152,1239596,47371,1286967,24643
2021-07-25,Madera,39,155013,17131,16947,1018,17965,245
2021-07-25,Marin,41,260295,14811,14558,298,14856,239
2021-07-25,Mariposa,43,17540,471,465,11,476,5
2021-07-25,Mendocino,45,87422,4469,4335,86,4421,49
2021-07-25,Merced,47,269075,31928,31760,1052,32812,473
2021-07-25,Modoc,49,8938,419,413,147,560,5
2021-07-25,Mono,51,14174,1282,1286,13,1299,3
2021-07-25,Monterey,53,433212,43715,43590,2023,45613,521
2021-07-25,Napa,55,140530,10426,10316,46,10362,82
2021-07-25,Nevada,57,99092,5426,5256,207,5463,72
2021-07-25,Orange,59,3164182,264050,261351,12495,273846,5142
2021-07-25,Placer,61,380077,25198,24755,1901,26656,304
2021-07-25,Plumas,63,18699,751,750,15,765,5
2021-07-25,Riverside,65,2383286,300629,298181,15349,313530,4553
2021-07-25,Sacramento,67,1510023,115040,113611,2230,115841,1704
2021-07-25,San Benito,69,59416,6246,6217,120,6337,63
2021-07-25,San Bernardino,71,2135413,300954,298982,9459,308441,5237
2021-07-25,San Diego,73,3302833,294817,290626,0,290626,3793
2021-07-25,San Francisco,75,870044,40466,39663,1589,41252,561
2021-07-25,San Joaquin,77,732212,76564,75926,4063,79989,1440
2021-07-25,San Luis Obispo,79,281455,21944,21741,838,22579,260
2021-07-25,San Mateo,81,765935,44758,44189,589,44778,547
2021-07-25,Santa Barbara,83,443738,35647,35261,1313,36574,467
2021-07-25,Santa Clara,85,1922200,122848,121800,877,122677,2099
2021-07-25,Santa Cruz,87,273765,16655,16474,887,17361,207
2021-07-25,Shasta,89,179085,12966,12815,1783,14598,211
2021-07-25,Sierra,91,2930,68,65,14,79,0
2021-07-25,Siskiyou,93,43540,2030,1963,449,2412,31
2021-07-25,Solano,95,438530,35465,34863,713,35576,259
2021-07-25,Sonoma,97,501317,32810,32202,396,32598,328
2021-07-25,Stanislaus,99,539301,58738,58154,6517,64671,1033
2021-07-25,Sutter,101,95872,10090,9937,104,10041,115
2021-07-25,Tehama,103,63373,5213,5181,631,5812,66
2021-07-25,Trinity,105,12862,390,351,83,434,3
2021-07-25,Tulare,107,460477,50490,50221,10027,60248,854
2021-07-25,Tuolumne,109,53932,4368,4267,41,4308,64
2021-07-25,Ventura,111,848112,83630,82986,3549,86535,1041
2021-07-25,Yolo,113,214977,14906,14693,474,15167,215
2021-07-25,Yuba,115,75493,6630,6519,136,6655,51
2021-07-24,Alameda,1,1643700,95355,93170,2302,95472,1259
2021-07-24,Alpine,3,1148,89,89,0,89,0
2021-07-24,Amador,5,37829,3886,3816,35,3851,48
2021-07-24,Butte,7,227075,13237,12982,2066,15048,203
2021-07-24,Calaveras,9,45235,2288,2267,17,2284,57
2021-07-24,Colusa,11,21464,2003,1992,354,2346,16
2021-07-24,Contra Costa,13,1133247,75658,73682,1565,75247,830
2021-07-24,Del Norte,15,27424,1563,1497,10,1507,8
2021-07-24,El Dorado,17,186661,11011,10773,881,11654,116
2021-07-24,Fresno,19,978130,104767,103637,9389,113026,1736
2021-07-24,Glenn,21,27897,2463,2457,601,3058,20
2021-07-24,Humboldt,23,135768,4987,4780,71,4851,52
2021-07-24,Imperial,25,180216,29121,28996,2950,31946,742
2021-07-24,Inyo,27,18085,1438,1424,4,1428,38
2021-07-24,Kern,29,883053,99057,98261,12217,110478,1350
2021-07-24,Kings,31,150075,23569,23304,1256,24560,246
2021-07-24,Lake,33,64148,4221,3963,14,3977,64
2021-07-24,Lassen,35,31185,5319,5311,126,5437,21
2021-07-24,Los Angeles,37,10098052,1247394,1232164,47249,1279413,24623
2021-07-24,Madera,39,155013,17107,16885,1016,17901,245
2021-07-24,Marin,41,260295,14773,14454,298,14752,238
2021-07-24,Mariposa,43,17540,471,453,11,464,5
2021-07-24,Mendocino,45,87422,4444,4293,86,4379,49
2021-07-24,Merced,47,269075,31906,31661,1051,32712,473
2021-07-24,Modoc,49,8938,419,413,147,560,5
2021-07-24,Mono,51,14174,1280,1284,13,1297,3
2021-07-24,Monterey,53,433212,43690,43525,2016,45541,521
2021-07-24,Napa,55,140530,10410,10230,46,10276,81
2021-07-24,Nevada,57,99092,5393,5183,207,5390,72
2021-07-24,Orange,59,3164182,263587,259973,12482,272455,5141
2021-07-24,Placer,61,380077,25115,24530,1895,26425,303
2021-07-24,Plumas,63,18699,750,737,15,752,4
2021-07-24,Riverside,65,2383286,300160,296912,15339,312251,4552
2021-07-24,Sacramento,67,1510023,114730,112438,2226,114664,1698
2021-07-24,San Benito,69,59416,6242,6200,119,6319,63
2021-07-24,San Bernardino,71,2135413,300561,297899,9450,307349,5236
2021-07-24,San Diego,73,3302833,294351,289368,0,289368,3788
2021-07-24,San Francisco,75,870044,40304,38954,1572,40526,561
2021-07-24,San Joaquin,77,732212,76437,75461,4052,79513,1436
2021-07-24,San Luis Obispo,79,281455,21913,21616,836,22452,260
2021-07-24,San Mateo,81,765935,44642,43880,583,44463,542
2021-07-24,Santa Barbara,83,443738,35589,35071,1308,36379,465
2021-07-24,Santa Clara,85,1922200,122636,121092,876,121968,2099
2021-07-24,Santa Cruz,87,273765,16633,16416,887,17303,207
2021-07-24,Shasta,89,179085,12938,12759,1780,14539,211
2021-07-24,Sierra,91,2930,67,64,14,78,0
2021-07-24,Siskiyou,93,43540,2030,1951,449,2400,31
2021-07-24,Solano,95,438530,35373,34499,704,35203,259
2021-07-24,Sonoma,97,501317,32686,31928,394,32322,327
2021-07-24,Stanislaus,99,539301,58646,57879,6504,64383,1030
2021-07-24,Sutter,101,95872,10063,9890,104,9994,115
2021-07-24,Tehama,103,63373,5206,5166,629,5795,65
2021-07-24,Trinity,105,12862,390,345,83,428,3
2021-07-24,Tulare,107,460477,50447,50104,10009,60113,854
2021-07-24,Tuolumne,109,53932,4342,4216,41,4257,64
2021-07-24,Ventura,111,848112,83503,82687,3532,86219,1041
2021-07-24,Yolo,113,214977,14870,14557,471,15028,214
2021-07-24,Yuba,115,75493,6611,6449,136,6585,51
2021-07-23,Alameda,1,1643700,95104,93170,2297,95467,1259
2021-07-23,Alpine,3,1148,89,89,0,89,0
2021-07-23,Amador,5,37829,3879,3816,35,3851,48
2021-07-23,Butte,7,227075,13208,12982,2058,15040,203
2021-07-23,Calaveras,9,45235,2286,2267,17,2284,57
2021-07-23,Colusa,11,21464,2002,1992,354,2346,16
2021-07-23,Contra Costa,13,1133247,75401,73682,1555,75237,830
2021-07-23,Del Norte,15,27424,1555,1497,10,1507,8
2021-07-23,El Dorado,17,186661,10983,10773,877,11650,116
2021-07-23,Fresno,19,978130,104637,103637,9379,113016,1736
2021-07-23,Glenn,21,27897,2461,2457,598,3055,20
2021-07-23,Humboldt,23,135768,4967,4780,69,4849,52
2021-07-23,Imperial,25,180216,29109,28996,2950,31946,742
2021-07-23,Inyo,27,18085,1435,1424,4,1428,38
2021-07-23,Kern,29,883053,98974,98261,12191,110452,1350
2021-07-23,Kings,31,150075,23538,23304,1253,24557,246
2021-07-23,Lake,33,64148,4191,3963,14,3977,64
2021-07-23,Lassen,35,31185,5317,5311,126,5437,21
2021-07-23,Los Angeles,37,10098052,1245475,1232164,47161,1279325,24623
2021-07-23,Madera,39,155013,17077,16885,1012,17897,245
2021-07-23,Marin,41,260295,14736,14454,296,14750,238
2021-07-23,Mariposa,43,17540,468,453,11,464,5
2021-07-23,Mendocino,45,87422,4431,4293,86,4379,49
2021-07-23,Merced,47,269075,31880,31661,1051,32712,473
2021-07-23,Modoc,49,8938,419,413,147,560,5
2021-07-23,Mono,51,14174,1279,1284,13,1297,3
2021-07-23,Monterey,53,433212,43665,43525,2016,45541,521
2021-07-23,Napa,55,140530,10389,10230,46,10276,81
2021-07-23,Nevada,57,99092,5348,5183,207,5390,72
2021-07-23,Orange,59,3164182,263134,259973,12460,272433,5141
2021-07-23,Placer,61,380077,25033,24530,1879,26409,303
2021-07-23,Plumas,63,18699,748,737,15,752,4
2021-07-23,Riverside,65,2383286,299695,296912,15327,312239,4552
2021-07-23,Sacramento,67,1510023,114379,112438,2224,114662,1698
2021-07-23,San Benito,69,59416,6236,6200,119,6319,63
2021-07-23,San Bernardino,71,2135413,300182,297899,9441,307340,5236
2021-07-23,San Diego,73,3302833,293754,289368,0,289368,3788
2021-07-23,San Francisco,75,870044,40124,38954,1557,40511,561
2021-07-23,San Joaquin,77,732212,76337,75461,4037,79498,1436
2021-07-23,San Luis Obispo,79,281455,21876,21616,835,22451,260
2021-07-23,San Mateo,81,765935,44538,43880,578,44458,542
2021-07-23,Santa Barbara,83,443738,35525,35071,1307,36378,465
2021-07-23,Santa Clara,85,1922200,122418,121092,872,121964,2099
2021-07-23,Santa Cruz,87,273765,16609,16416,886,17302,207
2021-07-23,Shasta,89,179085,12911,12759,1777,14536,211
2021-07-23,Sierra,91,2930,67,64,14,78,0
2021-07-23,Siskiyou,93,43540,2028,1951,449,2400,31
2021-07-23,Solano,95,438530,35280,34499,700,35199,259
2021-07-23,Sonoma,97,501317,32593,31928,393,32321,327
2021-07-23,Stanislaus,99,539301,58565,57879,6494,64373,1030
2021-07-23,Sutter,101,95872,10034,9890,104,9994,115
2021-07-23,Tehama,103,63373,5197,5166,629,5795,65
2021-07-23,Trinity,105,12862,389,345,82,427,3
2021-07-23,Tulare,107,460477,50402,50104,9983,60087,854
2021-07-23,Tuolumne,109,53932,4320,4216,41,4257,64
2021-07-23,Ventura,111,848112,83342,82687,3514,86201,1041
2021-07-23,Yolo,113,214977,14831,14557,464,15021,214
2021-07-23,Yuba,115,75493,6585,6449,136,6585,51
2021-07-22,Alameda,1,1643700,94744,93170,2292,95462,1259
2021-07-22,Alpine,3,1148,89,89,0,89,0
2021-07-22,Amador,5,37829,3870,3816,35,3851,48
2021-07-22,Butte,7,227075,13174,12982,2049,15031,203
2021-07-22,Calaveras,9,45235,2283,2267,17,2284,57
2021-07-22,Colusa,11,21464,2000,1992,352,2344,16
2021-07-22,Contra Costa,13,1133247,75065,73682,1551,75233,830
2021-07-22,Del Norte,15,27424,1539,1497,10,1507,8
2021-07-22,El Dorado,17,186661,10949,10773,869,11642,116
2021-07-22,Fresno,19,978130,104507,103637,9369,113006,1736
2021-07-22,Glenn,21,27897,2458,2457,597,3054,20
2021-07-22,Humboldt,23,135768,4936,4780,66,4846,52
2021-07-22,Imperial,25,180216,29079,28996,2950,31946,742
2021-07-22,Inyo,27,18085,1433,1424,4,1428,38
2021-07-22,Kern,29,883053,98863,98261,12146,110407,1350
2021-07-22,Kings,31,150075,23499,23304,1251,24555,246
2021-07-22,Lake,33,64148,4140,3963,14,3977,64
2021-07-22,Lassen,35,31185,5314,5311,126,5437,21
2021-07-22,Los Angeles,37,10098052,1243085,1232164,46998,1279162,24623
2021-07-22,Madera,39,155013,17043,16885,1010,17895,245
2021-07-22,Marin,41,260295,14695,14454,295,14749,238
2021-07-22,Mariposa,43,17540,461,453,11,464,5
2021-07-22,Mendocino,45,87422,4418,4293,85,4378,49
2021-07-22,Merced,47,269075,31838,31661,1049,32710,473
2021-07-22,Modoc,49,8938,419,413,147,560,5
2021-07-22,Mono,51,14174,1278,1284,13,1297,3
2021-07-22,Monterey,53,433212,43636,43525,2010,45535,521
2021-07-22,Napa,55,140530,10371,10230,46,10276,81
2021-07-22,Nevada,57,99092,5322,5183,206,5389,72
2021-07-22,Orange,59,3164182,262583,259973,12451,272424,5141
2021-07-22,Placer,61,380077,24939,24530,1868,26398,303
2021-07-22,Plumas,63,18699,747,737,15,752,4
2021-07-22,Riverside,65,2383286,299186,296912,15306,312218,4552
2021-07-22,Sacramento,67,1510023,113954,112438,2215,114653,1698
2021-07-22,San Benito,69,59416,6228,6200,119,6319,63
2021-07-22,San Bernardino,71,2135413,299786,297899,9425,307324,5236
2021-07-22,San Diego,73,3302833,293038,289368,0,289368,3788
2021-07-22,San Francisco,75,870044,39912,38954,1544,40498,561
2021-07-22,San Joaquin,77,732212,76195,75461,4023,79484,1436
2021-07-22,San Luis Obispo,79,281455,21840,21616,830,22446,260
2021-07-22,San Mateo,81,765935,44425,43880,573,44453,542
2021-07-22,Santa Barbara,83,443738,35464,35071,1305,36376,465
2021-07-22,Santa Clara,85,1922200,122175,121092,869,121961,2099
2021-07-22,Santa Cruz,87,273765,16572,16416,886,17302,207
2021-07-22,Shasta,89,179085,12887,12759,1773,14532,211
2021-07-22,Sierra,91,2930,65,64,14,78,0
2021-07-22,Siskiyou,93,43540,2025,1951,449,2400,31
2021-07-22,Solano,95,438530,35133,34499,693,35192,259
2021-07-22,Sonoma,97,501317,32484,31928,391,32319,327
2021-07-22,Stanislaus,99,539301,58437,57879,6482,64361,1030
2021-07-22,Sutter,101,95872,10013,9890,104,9994,115
2021-07-22,Tehama,103,63373,5191,5166,629,5795,65
2021-07-22,Trinity,105,12862,388,345,82,427,3
2021-07-22,Tulare,107,460477,50359,50104,9955,60059,854
2021-07-22,Tuolumne,109,53932,4309,4216,41,4257,64
2021-07-22,Ventura,111,848112,83207,82687,3501,86188,1041
2021-07-22,Yolo,113,214977,14794,14557,463,15020,214
2021-07-22,Yuba,115,75493,6554,6449,136,6585,51
2021-07-21,Alameda,1,1643700,94411,92840,2286,95126,1256
2021-07-21,Alpine,3,1148,89,89,0,89,0
2021-07-21,Amador,5,37829,3857,3813,35,3848,48
2021-07-21,Butte,7,227075,13133,12939,2044,14983,203
2021-07-21,Calaveras,9,45235,2282,2257,17,2274,57
2021-07-21,Colusa,11,21464,1996,1988,351,2339,16
2021-07-21,Contra Costa,13,1133247,74800,73320,1542,74862,827
2021-07-21,Del Norte,15,27424,1529,1492,10,1502,8
2021-07-21,El Dorado,17,186661,10914,10742,865,11607,116
2021-07-21,Fresno,19,978130,104362,103504,9359,112863,1736
2021-07-21,Glenn,21,27897,2456,2455,596,3051,20
2021-07-21,Humboldt,23,135768,4902,4763,64,4827,52
2021-07-21,Imperial,25,180216,29067,28964,2947,31911,742
2021-07-21,Inyo,27,18085,1433,1423,4,1427,38
2021-07-21,Kern,29,883053,98747,98152,12103,110255,1350
2021-07-21,Kings,31,150075,23471,23270,1247,24517,246
2021-07-21,Lake,33,64148,4075,3896,14,3910,64
2021-07-21,Lassen,35,31185,5311,5310,126,5436,21
2021-07-21,Los Angeles,37,10098052,1240612,1229598,46872,1276470,24609
2021-07-21,Madera,39,155013,17024,16858,1007,17865,245
2021-07-21,Marin,41,260295,14646,14427,295,14722,238
2021-07-21,Mariposa,43,17540,457,449,11,460,5
2021-07-21,Mendocino,45,87422,4400,4274,85,4359,49
2021-07-21,Merced,47,269075,31799,31607,1044,32651,473
2021-07-21,Modoc,49,8938,419,413,147,560,5
2021-07-21,Mono,51,14174,1275,1282,13,1295,3
2021-07-21,Monterey,53,433212,43606,43502,2006,45508,515
2021-07-21,Napa,55,140530,10346,10209,46,10255,81
2021-07-21,Nevada,57,99092,5287,5152,206,5358,72
2021-07-21,Orange,59,3164182,262037,259615,12419,272034,5139
2021-07-21,Placer,61,380077,24830,24441,1857,26298,303
2021-07-21,Plumas,63,18699,747,736,15,751,4
2021-07-21,Riverside,65,2383286,298673,296419,15289,311708,4552
2021-07-21,Sacramento,67,1510023,113545,112043,2204,114247,1696
2021-07-21,San Benito,69,59416,6218,6196,119,6315,63
2021-07-21,San Bernardino,71,2135413,299332,297519,9417,306936,5230
2021-07-21,San Diego,73,3302833,292192,288682,0,288682,3787
2021-07-21,San Francisco,75,870044,39687,38699,1539,40238,559
2021-07-21,San Joaquin,77,732212,76006,75288,4011,79299,1434
2021-07-21,San Luis Obispo,79,281455,21804,21579,827,22406,260
2021-07-21,San Mateo,81,765935,44333,43755,569,44324,542
2021-07-21,Santa Barbara,83,443738,35407,34998,1287,36285,465
2021-07-21,Santa Clara,85,1922200,121966,120838,866,121704,2099
2021-07-21,Santa Cruz,87,273765,16538,16407,886,17293,207
2021-07-21,Shasta,89,179085,12855,12751,1769,14520,211
2021-07-21,Sierra,91,2930,65,64,14,78,0
2021-07-21,Siskiyou,93,43540,2023,1943,447,2390,31
2021-07-21,Solano,95,438530,34978,34374,688,35062,258
2021-07-21,Sonoma,97,501317,32368,31789,391,32180,327
2021-07-21,Stanislaus,99,539301,58335,57774,6473,64247,1028
2021-07-21,Sutter,101,95872,9989,9862,104,9966,113
2021-07-21,Tehama,103,63373,5187,5161,629,5790,65
2021-07-21,Trinity,105,12862,387,345,81,426,3
2021-07-21,Tulare,107,460477,50300,50066,9928,59994,854
2021-07-21,Tuolumne,109,53932,4272,4156,41,4197,64
2021-07-21,Ventura,111,848112,83085,82573,3489,86062,1041
2021-07-21,Yolo,113,214977,14754,14525,462,14987,213
2021-07-21,Yuba,115,75493,6527,6425,136,6561,52
2021-07-20,Alameda,1,1643700,94034,92625,2273,94898,1256
2021-07-20,Alpine,3,1148,89,89,0,89,0
2021-07-20,Amador,5,37829,3846,3807,35,3842,48
2021-07-20,Butte,7,227075,13096,12916,2039,14955,203
2021-07-20,Calaveras,9,45235,2279,2249,17,2266,57
2021-07-20,Colusa,11,21464,1996,1985,351,2336,16
2021-07-20,Contra Costa,13,1133247,74515,73143,1523,74666,825
2021-07-20,Del Norte,15,27424,1519,1490,10,1500,8
2021-07-20,El Dorado,17,186661,10873,10727,860,11587,116
2021-07-20,Fresno,19,978130,104226,103438,9339,112777,1736
2021-07-20,Glenn,21,27897,2456,2453,596,3049,20
2021-07-20,Humboldt,23,135768,4858,4735,62,4797,52
2021-07-20,Imperial,25,180216,29047,28933,2947,31880,742
2021-07-20,Inyo,27,18085,1429,1420,4,1424,36
2021-07-20,Kern,29,883053,98639,98082,12074,110156,1350
2021-07-20,Kings,31,150075,23430,23254,1243,24497,246
2021-07-20,Lake,33,64148,4050,3871,14,3885,64
2021-07-20,Lassen,35,31185,5311,5306,126,5432,21
2021-07-20,Los Angeles,37,10098052,1237844,1227404,46713,1274117,24603
2021-07-20,Madera,39,155013,17003,16856,1003,17859,245
2021-07-20,Marin,41,260295,14612,14396,292,14688,234
2021-07-20,Mariposa,43,17540,456,448,11,459,5
2021-07-20,Mendocino,45,87422,4383,4259,85,4344,49
2021-07-20,Merced,47,269075,31761,31578,1036,32614,473
2021-07-20,Modoc,49,8938,419,413,147,560,5
2021-07-20,Mono,51,14174,1271,1281,13,1294,3
2021-07-20,Monterey,53,433212,43575,43481,2003,45484,515
2021-07-20,Napa,55,140530,10323,10191,46,10237,81
2021-07-20,Nevada,57,99092,5268,5148,205,5353,72
2021-07-20,Orange,59,3164182,261489,259303,12388,271691,5139
2021-07-20,Placer,61,380077,24744,24408,1831,26239,303
2021-07-20,Plumas,63,18699,745,736,15,751,4
2021-07-20,Riverside,65,2383286,298139,296118,15275,311393,4543
2021-07-20,Sacramento,67,1510023,113107,111796,2174,113970,1695
2021-07-20,San Benito,69,59416,6211,6196,119,6315,63
2021-07-20,San Bernardino,71,2135413,298911,297222,9392,306614,5231
2021-07-20,San Diego,73,3302833,291275,288209,0,288209,3786
2021-07-20,San Francisco,75,870044,39431,38536,1528,40064,558
2021-07-20,San Joaquin,77,732212,75834,75198,3998,79196,1433
2021-07-20,San Luis Obispo,79,281455,21759,21556,826,22382,259
2021-07-20,San Mateo,81,765935,44218,43670,567,44237,542
2021-07-20,Santa Barbara,83,443738,35337,34935,1280,36215,462
2021-07-20,Santa Clara,85,1922200,121709,120704,864,121568,2098
2021-07-20,Santa Cruz,87,273765,16509,16399,886,17285,207
2021-07-20,Shasta,89,179085,12829,12734,1764,14498,211
2021-07-20,Sierra,91,2930,65,64,14,78,0
2021-07-20,Siskiyou,93,43540,2019,1931,446,2377,31
2021-07-20,Solano,95,438530,34851,34337,681,35018,258
2021-07-20,Sonoma,97,501317,32250,31763,390,32153,326
2021-07-20,Stanislaus,99,539301,58219,57706,6467,64173,1028
2021-07-20,Sutter,101,95872,9963,9854,101,9955,114
2021-07-20,Tehama,103,63373,5185,5153,629,5782,65
2021-07-20,Trinity,105,12862,385,344,80,424,3
2021-07-20,Tulare,107,460477,50259,50047,9910,59957,854
2021-07-20,Tuolumne,109,53932,4253,4156,41,4197,64
2021-07-20,Ventura,111,848112,82932,82504,3472,85976,1041
2021-07-20,Yolo,113,214977,14691,14495,459,14954,213
2021-07-20,Yuba,115,75493,6502,6393,134,6527,52
2021-07-19,Alameda,1,1643700,93663,92357,2257,94614,1256
2021-07-19,Alpine,3,1148,89,89,0,89,0
2021-07-19,Amador,5,37829,3842,3802,35,3837,48
2021-07-19,Butte,7,227075,13051,12901,2033,14934,202
2021-07-19,Calaveras,9,45235,2278,2245,17,2262,57
2021-07-19,Colusa,11,21464,1994,1981,350,2331,16
2021-07-19,Contra Costa,13,1133247,74205,72935,1502,74437,825
2021-07-19,Del Norte,15,27424,1507,1484,10,1494,8
2021-07-19,El Dorado,17,186661,10843,10703,852,11555,114
2021-07-19,Fresno,19,978130,104101,103350,9322,112672,1731
2021-07-19,Glenn,21,27897,2456,2452,595,3047,20
2021-07-19,Humboldt,23,135768,4828,4719,60,4779,52
2021-07-19,Imperial,25,180216,29021,28888,2947,31835,742
2021-07-19,Inyo,27,18085,1428,1417,4,1421,36
2021-07-19,Kern,29,883053,98528,97999,12038,110037,1349
2021-07-19,Kings,31,150075,23397,23221,1237,24458,246
2021-07-19,Lake,33,64148,4014,3848,14,3862,64
2021-07-19,Lassen,35,31185,5310,5305,126,5431,21
2021-07-19,Los Angeles,37,10098052,1235268,1225946,46523,1272469,24600
2021-07-19,Madera,39,155013,16980,16846,1000,17846,244
2021-07-19,Marin,41,260295,14577,14369,289,14658,234
2021-07-19,Mariposa,43,17540,450,447,11,458,5
2021-07-19,Mendocino,45,87422,4365,4251,85,4336,49
2021-07-19,Merced,47,269075,31697,31565,1029,32594,472
2021-07-19,Modoc,49,8938,419,413,147,560,5
2021-07-19,Mono,51,14174,1269,1280,13,1293,3
2021-07-19,Monterey,53,433212,43551,43436,2002,45438,515
2021-07-19,Napa,55,140530,10298,10180,44,10224,81
2021-07-19,Nevada,57,99092,5240,5133,204,5337,72
2021-07-19,Orange,59,3164182,260974,258927,12355,271282,5138
2021-07-19,Placer,61,380077,24644,24359,1809,26168,303
2021-07-19,Plumas,63,18699,745,730,15,745,4
2021-07-19,Riverside,65,2383286,297648,295736,15237,310973,4543
2021-07-19,Sacramento,67,1510023,112749,111470,2148,113618,1696
2021-07-19,San Benito,69,59416,6208,6193,119,6312,63
2021-07-19,San Bernardino,71,2135413,298544,296929,9372,306301,5235
2021-07-19,San Diego,73,3302833,290387,287695,0,287695,3786
2021-07-19,San Francisco,75,870044,39163,38463,1514,39977,560
2021-07-19,San Joaquin,77,732212,75668,75086,3992,79078,1431
2021-07-19,San Luis Obispo,79,281455,21714,21531,822,22353,259
2021-07-19,San Mateo,81,765935,44072,43563,558,44121,542
2021-07-19,Santa Barbara,83,443738,35265,34904,1277,36181,461
2021-07-19,Santa Clara,85,1922200,121451,120554,863,121417,2098
2021-07-19,Santa Cruz,87,273765,16493,16387,886,17273,207
2021-07-19,Shasta,89,179085,12811,12723,1762,14485,209
2021-07-19,Sierra,91,2930,64,64,14,78,0
2021-07-19,Siskiyou,93,43540,2014,1927,444,2371,31
2021-07-19,Solano,95,438530,34682,34262,670,34932,261
2021-07-19,Sonoma,97,501317,32127,31713,389,32102,325
2021-07-19,Stanislaus,99,539301,58118,57644,6456,64100,1027
2021-07-19,Sutter,101,95872,9947,9834,101,9935,114
2021-07-19,Tehama,103,63373,5178,5152,627,5779,65
2021-07-19,Trinity,105,12862,385,344,79,423,3
2021-07-19,Tulare,107,460477,50214,49994,9892,59886,855
2021-07-19,Tuolumne,109,53932,4243,4151,41,4192,64
2021-07-19,Ventura,111,848112,82836,82409,3450,85859,1041
2021-07-19,Yolo,113,214977,14660,14439,457,14896,213
2021-07-19,Yuba,115,75493,6478,6370,134,6504,52
2021-07-18,Alameda,1,1643700,93319,92162,2242,94404,1256
2021-07-18,Alpine,3,1148,89,89,0,89,0
2021-07-18,Amador,5,37829,3831,3799,35,3834,48
2021-07-18,Butte,7,227075,13010,12888,2027,14915,202
2021-07-18,Calaveras,9,45235,2277,2243,17,2260,57
2021-07-18,Colusa,11,21464,1994,1981,349,2330,16
2021-07-18,Contra Costa,13,1133247,73890,72849,1484,74333,825
2021-07-18,Del Norte,15,27424,1498,1482,10,1492,8
2021-07-18,El Dorado,17,186661,10805,10687,844,11531,114
2021-07-18,Fresno,19,978130,103949,103298,9303,112601,1731
2021-07-18,Glenn,21,27897,2455,2452,594,3046,20
2021-07-18,Humboldt,23,135768,4792,4714,60,4774,52
2021-07-18,Imperial,25,180216,28985,28877,2946,31823,742
2021-07-18,Inyo,27,18085,1424,1417,4,1421,36
2021-07-18,Kern,29,883053,98402,97963,11996,109959,1349
2021-07-18,Kings,31,150075,23376,23203,1233,24436,246
2021-07-18,Lake,33,64148,3978,3825,14,3839,64
2021-07-18,Lassen,35,31185,5310,5305,126,5431,21
2021-07-18,Los Angeles,37,10098052,1232607,1224691,46339,1271030,24598
2021-07-18,Madera,39,155013,16955,16838,996,17834,244
2021-07-18,Marin,41,260295,14541,14358,287,14645,234
2021-07-18,Mariposa,43,17540,449,447,11,458,5
2021-07-18,Mendocino,45,87422,4345,4246,85,4331,49
2021-07-18,Merced,47,269075,31666,31537,1027,32564,471
2021-07-18,Modoc,49,8938,419,413,147,560,5
2021-07-18,Mono,51,14174,1268,1280,13,1293,3
2021-07-18,Monterey,53,433212,43533,43422,1993,45415,515
2021-07-18,Napa,55,140530,10281,10174,41,10215,81
2021-07-18,Nevada,57,99092,5214,5124,204,5328,72
2021-07-18,Orange,59,3164182,260491,258724,12325,271049,5138
2021-07-18,Placer,61,380077,24580,24313,1782,26095,303
2021-07-18,Plumas,63,18699,745,730,15,745,4
2021-07-18,Riverside,65,2383286,297155,295522,15196,310718,4543
2021-07-18,Sacramento,67,1510023,112323,111255,2117,113372,1696
2021-07-18,San Benito,69,59416,6200,6191,119,6310,63
2021-07-18,San Bernardino,71,2135413,298061,296739,9356,306095,5233
2021-07-18,San Diego,73,3302833,289572,286287,0,286287,3786
2021-07-18,San Francisco,75,870044,38932,38367,1502,39869,560
2021-07-18,San Joaquin,77,732212,75493,74997,3979,78976,1431
2021-07-18,San Luis Obispo,79,281455,21678,21527,819,22346,259
2021-07-18,San Mateo,81,765935,43958,43506,552,44058,542
2021-07-18,Santa Barbara,83,443738,35200,34880,1275,36155,461
2021-07-18,Santa Clara,85,1922200,121238,120438,855,121293,2098
2021-07-18,Santa Cruz,87,273765,16461,16372,885,17257,207
2021-07-18,Shasta,89,179085,12786,12714,1758,14472,209
2021-07-18,Sierra,91,2930,64,64,14,78,0
2021-07-18,Siskiyou,93,43540,2008,1927,439,2366,31
2021-07-18,Solano,95,438530,34563,34215,666,34881,261
2021-07-18,Sonoma,97,501317,32023,31675,388,32063,325
2021-07-18,Stanislaus,99,539301,58007,57600,6431,64031,1028
2021-07-18,Sutter,101,95872,9915,9826,100,9926,114
2021-07-18,Tehama,103,63373,5175,5150,626,5776,65
2021-07-18,Trinity,105,12862,385,344,79,423,3
2021-07-18,Tulare,107,460477,50162,49985,9869,59854,855
2021-07-18,Tuolumne,109,53932,4225,4149,41,4190,64
2021-07-18,Ventura,111,848112,82725,82361,3424,85785,1041
2021-07-18,Yolo,113,214977,14603,14425,451,14876,213
2021-07-18,Yuba,115,75493,6437,6357,134,6491,52
2021-07-17,Alameda,1,1643700,93103,91346,2229,93575,1255
2021-07-17,Alpine,3,1148,89,89,0,89,0
2021-07-17,Amador,5,37829,3822,3785,35,3820,48
2021-07-17,Butte,7,227075,12997,12824,2022,14846,202
2021-07-17,Calaveras,9,45235,2271,2237,17,2254,57
2021-07-17,Colusa,11,21464,1991,1976,349,2325,16
2021-07-17,Contra Costa,13,1133247,73710,72254,1470,73724,824
2021-07-17,Del Norte,15,27424,1490,1475,10,1485,8
2021-07-17,El Dorado,17,186661,10778,10622,840,11462,114
2021-07-17,Fresno,19,978130,103877,103055,9290,112345,1730
2021-07-17,Glenn,21,27897,2454,2451,594,3045,20
2021-07-17,Humboldt,23,135768,4779,4654,59,4713,52
2021-07-17,Imperial,25,180216,28969,28840,2946,31786,742
2021-07-17,Inyo,27,18085,1424,1416,4,1420,36
2021-07-17,Kern,29,883053,98346,97796,11959,109755,1348
2021-07-17,Kings,31,150075,23355,23163,1232,24395,246
2021-07-17,Lake,33,64148,3953,3760,14,3774,64
2021-07-17,Lassen,35,31185,5310,5302,126,5428,21
2021-07-17,Los Angeles,37,10098052,1231104,1219733,46189,1265922,24582
2021-07-17,Madera,39,155013,16947,16804,996,17800,240
2021-07-17,Marin,41,260295,14523,14297,285,14582,234
2021-07-17,Mariposa,43,17540,449,445,11,456,5
2021-07-17,Mendocino,45,87422,4333,4209,85,4294,49
2021-07-17,Merced,47,269075,31645,31451,1023,32474,471
2021-07-17,Modoc,49,8938,419,412,147,559,5
2021-07-17,Mono,51,14174,1266,1277,13,1290,3
2021-07-17,Monterey,53,433212,43511,43367,1987,45354,515
2021-07-17,Napa,55,140530,10265,10129,41,10170,81
2021-07-17,Nevada,57,99092,5199,5066,204,5270,72
2021-07-17,Orange,59,3164182,260183,257805,12285,270090,5136
2021-07-17,Placer,61,380077,24513,24169,1768,25937,303
2021-07-17,Plumas,63,18699,740,721,15,736,4
2021-07-17,Riverside,65,2383286,296847,294751,15164,309915,4542
2021-07-17,Sacramento,67,1510023,112089,110432,2095,112527,1694
2021-07-17,San Benito,69,59416,6194,6181,119,6300,63
2021-07-17,San Bernardino,71,2135413,297834,296048,9337,305385,5218
2021-07-17,San Diego,73,3302833,289166,285698,0,285698,3786
2021-07-17,San Francisco,75,870044,38812,37978,1498,39476,560
2021-07-17,San Joaquin,77,732212,75407,74695,3971,78666,1430
2021-07-17,San Luis Obispo,79,281455,21652,21462,818,22280,258
2021-07-17,San Mateo,81,765935,43888,43324,550,43874,542
2021-07-17,Santa Barbara,83,443738,35160,34769,1273,36042,461
2021-07-17,Santa Clara,85,1922200,121066,119980,852,120832,2097
2021-07-17,Santa Cruz,87,273765,16454,16337,885,17222,207
2021-07-17,Shasta,89,179085,12771,12683,1753,14436,210
2021-07-17,Sierra,91,2930,64,62,14,76,0
2021-07-17,Siskiyou,93,43540,2003,1922,436,2358,29
2021-07-17,Solano,95,438530,34499,34015,658,34673,263
2021-07-17,Sonoma,97,501317,31956,31536,387,31923,322
2021-07-17,Stanislaus,99,539301,57929,57400,6417,63817,1028
2021-07-17,Sutter,101,95872,9905,9778,100,9878,114
2021-07-17,Tehama,103,63373,5172,5145,626,5771,64
2021-07-17,Trinity,105,12862,384,341,79,420,3
2021-07-17,Tulare,107,460477,50141,49937,9857,59794,854
2021-07-17,Tuolumne,109,53932,4215,4131,41,4172,64
2021-07-17,Ventura,111,848112,82658,82125,3412,85537,1041
2021-07-17,Yolo,113,214977,14574,14356,443,14799,213
2021-07-17,Yuba,115,75493,6426,6309,134,6443,52
2021-07-16,Alameda,1,1643700,92872,91346,2217,93563,1255
2021-07-16,Alpine,3,1148,89,89,0,89,0
2021-07-16,Amador,5,37829,3819,3785,35,3820,48
2021-07-16,Butte,7,227075,12972,12824,2019,14843,202
2021-07-16,Calaveras,9,45235,2271,2237,17,2254,57
2021-07-16,Colusa,11,21464,1989,1976,348,2324,16
2021-07-16,Contra Costa,13,1133247,73521,72254,1465,73719,824
2021-07-16,Del Norte,15,27424,1488,1475,10,1485,8
2021-07-16,El Dorado,17,186661,10759,10622,839,11461,114
2021-07-16,Fresno,19,978130,103825,103055,9271,112326,1730
2021-07-16,Glenn,21,27897,2454,2451,594,3045,20
2021-07-16,Humboldt,23,135768,4757,4654,59,4713,52
2021-07-16,Imperial,25,180216,28957,28840,2946,31786,742
2021-07-16,Inyo,27,18085,1422,1416,4,1420,36
2021-07-16,Kern,29,883053,98284,97796,11918,109714,1348
2021-07-16,Kings,31,150075,23332,23163,1229,24392,246
2021-07-16,Lake,33,64148,3926,3760,14,3774,64
2021-07-16,Lassen,35,31185,5309,5302,126,5428,21
2021-07-16,Los Angeles,37,10098052,1229616,1219733,46041,1265774,24582
2021-07-16,Madera,39,155013,16929,16804,996,17800,240
2021-07-16,Marin,41,260295,14499,14297,282,14579,234
2021-07-16,Mariposa,43,17540,449,445,11,456,5
2021-07-16,Mendocino,45,87422,4324,4209,84,4293,49
2021-07-16,Merced,47,269075,31623,31451,1021,32472,471
2021-07-16,Modoc,49,8938,419,412,147,559,5
2021-07-16,Mono,51,14174,1265,1277,13,1290,3
2021-07-16,Monterey,53,433212,43489,43367,1986,45353,515
2021-07-16,Napa,55,140530,10241,10129,40,10169,81
2021-07-16,Nevada,57,99092,5189,5066,204,5270,72
2021-07-16,Orange,59,3164182,259910,257805,12245,270050,5136
2021-07-16,Placer,61,380077,24461,24169,1762,25931,303
2021-07-16,Plumas,63,18699,739,721,15,736,4
2021-07-16,Riverside,65,2383286,296571,294751,15138,309889,4542
2021-07-16,Sacramento,67,1510023,111874,110432,2083,112515,1694
2021-07-16,San Benito,69,59416,6192,6181,119,6300,63
2021-07-16,San Bernardino,71,2135413,297560,296048,9320,305368,5218
2021-07-16,San Diego,73,3302833,288720,285698,0,285698,3786
2021-07-16,San Francisco,75,870044,38695,37978,1493,39471,560
2021-07-16,San Joaquin,77,732212,75314,74695,3968,78663,1430
2021-07-16,San Luis Obispo,79,281455,21635,21462,818,22280,258
2021-07-16,San Mateo,81,765935,43835,43324,548,43872,542
2021-07-16,Santa Barbara,83,443738,35122,34769,1273,36042,461
2021-07-16,Santa Clara,85,1922200,120918,119980,844,120824,2097
2021-07-16,Santa Cruz,87,273765,16441,16337,885,17222,207
2021-07-16,Shasta,89,179085,12761,12683,1752,14435,210
2021-07-16,Sierra,91,2930,64,62,14,76,0
2021-07-16,Siskiyou,93,43540,2001,1922,434,2356,29
2021-07-16,Solano,95,438530,34435,34015,650,34665,263
2021-07-16,Sonoma,97,501317,31904,31536,384,31920,322
2021-07-16,Stanislaus,99,539301,57881,57400,6405,63805,1028
2021-07-16,Sutter,101,95872,9893,9778,100,9878,114
2021-07-16,Tehama,103,63373,5170,5145,626,5771,64
2021-07-16,Trinity,105,12862,384,341,78,419,3
2021-07-16,Tulare,107,460477,50117,49937,9847,59784,854
2021-07-16,Tuolumne,109,53932,4209,4131,41,4172,64
2021-07-16,Ventura,111,848112,82594,82125,3405,85530,1041
2021-07-16,Yolo,113,214977,14548,14356,439,14795,213
2021-07-16,Yuba,115,75493,6404,6309,134,6443,52
2021-07-15,Alameda,1,1643700,92577,91346,2208,93554,1255
2021-07-15,Alpine,3,1148,89,89,0,89,0
2021-07-15,Amador,5,37829,3816,3785,35,3820,48
2021-07-15,Butte,7,227075,12946,12824,2017,14841,202
2021-07-15,Calaveras,9,45235,2269,2237,17,2254,57
2021-07-15,Colusa,11,21464,1988,1976,347,2323,16
2021-07-15,Contra Costa,13,1133247,73308,72254,1457,73711,824
2021-07-15,Del Norte,15,27424,1485,1475,10,1485,8
2021-07-15,El Dorado,17,186661,10732,10622,837,11459,114
2021-07-15,Fresno,19,978130,103729,103055,9250,112305,1730
2021-07-15,Glenn,21,27897,2454,2451,594,3045,20
2021-07-15,Humboldt,23,135768,4739,4654,58,4712,52
2021-07-15,Imperial,25,180216,28934,28840,2946,31786,742
2021-07-15,Inyo,27,18085,1422,1416,4,1420,36
2021-07-15,Kern,29,883053,98214,97796,11891,109687,1348
2021-07-15,Kings,31,150075,23295,23163,1226,24389,246
2021-07-15,Lake,33,64148,3887,3760,14,3774,64
2021-07-15,Lassen,35,31185,5308,5302,126,5428,21
2021-07-15,Los Angeles,37,10098052,1227650,1219733,45876,1265609,24582
2021-07-15,Madera,39,155013,16907,16804,992,17796,240
2021-07-15,Marin,41,260295,14475,14297,282,14579,234
2021-07-15,Mariposa,43,17540,449,445,11,456,5
2021-07-15,Mendocino,45,87422,4316,4209,83,4292,49
2021-07-15,Merced,47,269075,31593,31451,1021,32472,471
2021-07-15,Modoc,49,8938,419,412,147,559,5
2021-07-15,Mono,51,14174,1265,1277,13,1290,3
2021-07-15,Monterey,53,433212,43460,43367,1983,45350,515
2021-07-15,Napa,55,140530,10216,10129,39,10168,81
2021-07-15,Nevada,57,99092,5171,5066,203,5269,72
2021-07-15,Orange,59,3164182,259557,257805,12223,270028,5136
2021-07-15,Placer,61,380077,24402,24169,1745,25914,303
2021-07-15,Plumas,63,18699,738,721,15,736,4
2021-07-15,Riverside,65,2383286,296250,294751,15122,309873,4542
2021-07-15,Sacramento,67,1510023,111575,110432,2066,112498,1694
2021-07-15,San Benito,69,59416,6190,6181,119,6300,63
2021-07-15,San Bernardino,71,2135413,297254,296048,9306,305354,5218
2021-07-15,San Diego,73,3302833,288088,285698,0,285698,3786
2021-07-15,San Francisco,75,870044,38545,37978,1484,39462,560
2021-07-15,San Joaquin,77,732212,75199,74695,3963,78658,1430
2021-07-15,San Luis Obispo,79,281455,21602,21462,818,22280,258
2021-07-15,San Mateo,81,765935,43733,43324,544,43868,542
2021-07-15,Santa Barbara,83,443738,35069,34769,1272,36041,461
2021-07-15,Santa Clara,85,1922200,120796,119980,841,120821,2097
2021-07-15,Santa Cruz,87,273765,16428,16337,885,17222,207
2021-07-15,Shasta,89,179085,12753,12683,1747,14430,210
2021-07-15,Sierra,91,2930,64,62,14,76,0
2021-07-15,Siskiyou,93,43540,2000,1922,434,2356,29
2021-07-15,Solano,95,438530,34361,34015,644,34659,263
2021-07-15,Sonoma,97,501317,31843,31536,384,31920,322
2021-07-15,Stanislaus,99,539301,57813,57400,6392,63792,1028
2021-07-15,Sutter,101,95872,9873,9778,100,9878,114
2021-07-15,Tehama,103,63373,5164,5145,625,5770,64
2021-07-15,Trinity,105,12862,384,341,78,419,3
2021-07-15,Tulare,107,460477,50096,49937,9830,59767,854
2021-07-15,Tuolumne,109,53932,4197,4131,41,4172,64
2021-07-15,Ventura,111,848112,82517,82125,3400,85525,1041
2021-07-15,Yolo,113,214977,14522,14356,438,14794,213
2021-07-15,Yuba,115,75493,6389,6309,134,6443,52
2021-07-14,Alameda,1,1643700,92322,91092,2189,93281,1255
2021-07-14,Alpine,3,1148,89,89,0,89,0
2021-07-14,Amador,5,37829,3808,3784,35,3819,48
2021-07-14,Butte,7,227075,12919,12813,2010,14823,202
2021-07-14,Calaveras,9,45235,2261,2234,17,2251,57
2021-07-14,Colusa,11,21464,1985,1974,347,2321,16
2021-07-14,Contra Costa,13,1133247,73083,72091,1444,73535,823
2021-07-14,Del Norte,15,27424,1484,1472,10,1482,8
2021-07-14,El Dorado,17,186661,10706,10598,834,11432,114
2021-07-14,Fresno,19,978130,103650,102966,9238,112204,1728
2021-07-14,Glenn,21,27897,2454,2449,594,3043,20
2021-07-14,Humboldt,23,135768,4716,4644,56,4700,52
2021-07-14,Imperial,25,180216,28904,28822,2946,31768,742
2021-07-14,Inyo,27,18085,1421,1415,4,1419,36
2021-07-14,Kern,29,883053,98151,97736,11865,109601,1346
2021-07-14,Kings,31,150075,23282,23142,1226,24368,246
2021-07-14,Lake,33,64148,3854,3739,14,3753,63
2021-07-14,Lassen,35,31185,5307,5298,126,5424,21
2021-07-14,Los Angeles,37,10098052,1225648,1218265,45729,1263994,24578
2021-07-14,Madera,39,155013,16895,16786,990,17776,240
2021-07-14,Marin,41,260295,14441,14269,280,14549,233
2021-07-14,Mariposa,43,17540,447,445,11,456,5
2021-07-14,Mendocino,45,87422,4303,4193,83,4276,49
2021-07-14,Merced,47,269075,31556,31412,1018,32430,471
2021-07-14,Modoc,49,8938,419,412,147,559,4
2021-07-14,Mono,51,14174,1265,1278,13,1291,3
2021-07-14,Monterey,53,433212,43437,43347,1980,45327,504
2021-07-14,Napa,55,140530,10194,10121,39,10160,81
2021-07-14,Nevada,57,99092,5152,5058,203,5261,72
2021-07-14,Orange,59,3164182,259239,257558,12194,269752,5137
2021-07-14,Placer,61,380077,24351,24125,1733,25858,303
2021-07-14,Plumas,63,18699,731,719,15,734,4
2021-07-14,Riverside,65,2383286,295925,294511,15105,309616,4542
2021-07-14,Sacramento,67,1510023,111248,110193,2044,112237,1688
2021-07-14,San Benito,69,59416,6187,6177,119,6296,63
2021-07-14,San Bernardino,71,2135413,296957,295820,9291,305111,5193
2021-07-14,San Diego,73,3302833,287522,285269,0,285269,3786
2021-07-14,San Francisco,75,870044,38405,37836,1477,39313,559
2021-07-14,San Joaquin,77,732212,75108,74599,3954,78553,1416
2021-07-14,San Luis Obispo,79,281455,21580,21444,816,22260,258
2021-07-14,San Mateo,81,765935,43636,43249,540,43789,542
2021-07-14,Santa Barbara,83,443738,35029,34719,1270,35989,461
2021-07-14,Santa Clara,85,1922200,120646,119844,838,120682,2098
2021-07-14,Santa Cruz,87,273765,16414,16326,885,17211,207
2021-07-14,Shasta,89,179085,12733,12669,1744,14413,209
2021-07-14,Sierra,91,2930,64,62,14,76,0
2021-07-14,Siskiyou,93,43540,1993,1922,431,2353,29
2021-07-14,Solano,95,438530,34289,33948,644,34592,268
2021-07-14,Sonoma,97,501317,31791,31470,384,31854,322
2021-07-14,Stanislaus,99,539301,57738,57340,6380,63720,1028
2021-07-14,Sutter,101,95872,9850,9766,100,9866,114
2021-07-14,Tehama,103,63373,5162,5142,625,5767,64
2021-07-14,Trinity,105,12862,384,341,78,419,3
2021-07-14,Tulare,107,460477,50080,49908,9815,59723,853
2021-07-14,Tuolumne,109,53932,4194,4128,40,4168,64
2021-07-14,Ventura,111,848112,82424,82041,3388,85429,1040
2021-07-14,Yolo,113,214977,14489,14332,435,14767,213
2021-07-14,Yuba,115,75493,6371,6294,134,6428,52
2021-07-13,Alameda,1,1643700,92055,90874,2178,93052,1255
2021-07-13,Alpine,3,1148,89,89,0,89,0
2021-07-13,Amador,5,37829,3800,3783,35,3818,48
2021-07-13,Butte,7,227075,12906,12802,2008,14810,202
2021-07-13,Calaveras,9,45235,2257,2230,17,2247,57
2021-07-13,Colusa,11,21464,1983,1972,343,2315,16
2021-07-13,Contra Costa,13,1133247,72859,71963,1435,73398,823
2021-07-13,Del Norte,15,27424,1482,1471,10,1481,8
2021-07-13,El Dorado,17,186661,10688,10581,831,11412,114
2021-07-13,Fresno,19,978130,103574,102909,9229,112138,1727
2021-07-13,Glenn,21,27897,2452,2448,594,3042,20
2021-07-13,Humboldt,23,135768,4701,4634,56,4690,51
2021-07-13,Imperial,25,180216,28893,28792,2946,31738,741
2021-07-13,Inyo,27,18085,1420,1415,4,1419,36
2021-07-13,Kern,29,883053,98064,97698,11825,109523,1346
2021-07-13,Kings,31,150075,23264,23132,1226,24358,246
2021-07-13,Lake,33,64148,3827,3719,13,3732,63
2021-07-13,Lassen,35,31185,5305,5292,126,5418,21
2021-07-13,Los Angeles,37,10098052,1223812,1217184,45555,1262739,24569
2021-07-13,Madera,39,155013,16886,16773,986,17759,240
2021-07-13,Marin,41,260295,14412,14254,279,14533,233
2021-07-13,Mariposa,43,17540,446,443,11,454,5
2021-07-13,Mendocino,45,87422,4296,4185,83,4268,49
2021-07-13,Merced,47,269075,31535,31379,1015,32394,471
2021-07-13,Modoc,49,8938,419,411,147,558,4
2021-07-13,Mono,51,14174,1264,1277,13,1290,3
2021-07-13,Monterey,53,433212,43419,43333,1976,45309,504
2021-07-13,Napa,55,140530,10173,10118,39,10157,81
2021-07-13,Nevada,57,99092,5127,5053,203,5256,72
2021-07-13,Orange,59,3164182,258906,257339,12164,269503,5136
2021-07-13,Placer,61,380077,24304,24091,1720,25811,303
2021-07-13,Plumas,63,18699,730,716,15,731,4
2021-07-13,Riverside,65,2383286,295603,294302,15078,309380,4541
2021-07-13,Sacramento,67,1510023,110945,109990,2023,112013,1687
2021-07-13,San Benito,69,59416,6185,6173,119,6292,63
2021-07-13,San Bernardino,71,2135413,296673,295596,9269,304865,5183
2021-07-13,San Diego,73,3302833,286980,284997,0,284997,3785
2021-07-13,San Francisco,75,870044,38261,37725,1470,39195,559
2021-07-13,San Joaquin,77,732212,74991,74500,3950,78450,1417
2021-07-13,San Luis Obispo,79,281455,21554,21423,813,22236,258
2021-07-13,San Mateo,81,765935,43568,43180,539,43719,542
2021-07-13,Santa Barbara,83,443738,34980,34679,1267,35946,461
2021-07-13,Santa Clara,85,1922200,120491,119727,834,120561,2098
2021-07-13,Santa Cruz,87,273765,16405,16315,883,17198,207
2021-07-13,Shasta,89,179085,12720,12659,1737,14396,209
2021-07-13,Sierra,91,2930,64,62,14,76,0
2021-07-13,Siskiyou,93,43540,1992,1916,429,2345,29
2021-07-13,Solano,95,438530,34227,33918,638,34556,268
2021-07-13,Sonoma,97,501317,31732,31431,384,31815,322
2021-07-13,Stanislaus,99,539301,57670,57282,6366,63648,1028
2021-07-13,Sutter,101,95872,9832,9752,99,9851,114
2021-07-13,Tehama,103,63373,5155,5144,625,5769,64
2021-07-13,Trinity,105,12862,384,341,77,418,3
2021-07-13,Tulare,107,460477,50056,49891,9799,59690,853
2021-07-13,Tuolumne,109,53932,4186,4122,39,4161,64
2021-07-13,Ventura,111,848112,82341,81982,3362,85344,1040
2021-07-13,Yolo,113,214977,14461,14320,428,14748,213
2021-07-13,Yuba,115,75493,6355,6279,134,6413,52
2021-07-12,Alameda,1,1643700,91800,90720,2169,92889,1254
2021-07-12,Alpine,3,1148,89,89,0,89,0
2021-07-12,Amador,5,37829,3793,3781,35,3816,47
2021-07-12,Butte,7,227075,12886,12796,2006,14802,202
2021-07-12,Calaveras,9,45235,2254,2228,17,2245,57
2021-07-12,Colusa,11,21464,1979,1971,342,2313,16
2021-07-12,Contra Costa,13,1133247,72658,71833,1430,73263,823
2021-07-12,Del Norte,15,27424,1479,1469,10,1479,8
2021-07-12,El Dorado,17,186661,10659,10569,829,11398,114
2021-07-12,Fresno,19,978130,103481,102853,9217,112070,1728
2021-07-12,Glenn,21,27897,2452,2446,594,3040,20
2021-07-12,Humboldt,23,135768,4685,4621,56,4677,51
2021-07-12,Imperial,25,180216,28863,28789,2946,31735,741
2021-07-12,Inyo,27,18085,1420,1415,4,1419,36
2021-07-12,Kern,29,883053,97995,97660,11800,109460,1346
2021-07-12,Kings,31,150075,23244,23124,1224,24348,246
2021-07-12,Lake,33,64148,3807,3706,13,3719,63
2021-07-12,Lassen,35,31185,5304,5292,126,5418,21
2021-07-12,Los Angeles,37,10098052,1222037,1216230,45410,1261640,24559
2021-07-12,Madera,39,155013,16876,16772,986,17758,240
2021-07-12,Marin,41,260295,14387,14238,278,14516,233
2021-07-12,Mariposa,43,17540,446,442,11,453,5
2021-07-12,Mendocino,45,87422,4285,4175,83,4258,49
2021-07-12,Merced,47,269075,31504,31374,1014,32388,471
2021-07-12,Modoc,49,8938,418,411,147,558,4
2021-07-12,Mono,51,14174,1262,1275,13,1288,3
2021-07-12,Monterey,53,433212,43398,43315,1972,45287,504
2021-07-12,Napa,55,140530,10155,10104,38,10142,81
2021-07-12,Nevada,57,99092,5104,5046,203,5249,72
2021-07-12,Orange,59,3164182,258554,257171,12139,269310,5136
2021-07-12,Placer,61,380077,24255,24052,1714,25766,302
2021-07-12,Plumas,63,18699,730,716,15,731,4
2021-07-12,Riverside,65,2383286,295294,294108,15048,309156,4541
2021-07-12,Sacramento,67,1510023,110729,109849,2001,111850,1685
2021-07-12,San Benito,69,59416,6182,6166,119,6285,63
2021-07-12,San Bernardino,71,2135413,296408,295447,9255,304702,5171
2021-07-12,San Diego,73,3302833,286515,284648,0,284648,3785
2021-07-12,San Francisco,75,870044,38114,37656,1466,39122,559
2021-07-12,San Joaquin,77,732212,74897,74424,3940,78364,1415
2021-07-12,San Luis Obispo,79,281455,21535,21408,812,22220,258
2021-07-12,San Mateo,81,765935,43475,43138,532,43670,542
2021-07-12,Santa Barbara,83,443738,34938,34664,1265,35929,461
2021-07-12,Santa Clara,85,1922200,120327,119634,831,120465,2098
2021-07-12,Santa Cruz,87,273765,16380,16310,882,17192,207
2021-07-12,Shasta,89,179085,12712,12648,1734,14382,208
2021-07-12,Sierra,91,2930,64,62,14,76,0
2021-07-12,Siskiyou,93,43540,1987,1916,424,2340,29
2021-07-12,Solano,95,438530,34141,33859,629,34488,268
2021-07-12,Sonoma,97,501317,31684,31377,383,31760,322
2021-07-12,Stanislaus,99,539301,57597,57243,6359,63602,1028
2021-07-12,Sutter,101,95872,9815,9736,98,9834,114
2021-07-12,Tehama,103,63373,5150,5138,624,5762,63
2021-07-12,Trinity,105,12862,380,340,75,415,3
2021-07-12,Tulare,107,460477,50029,49882,9785,59667,853
2021-07-12,Tuolumne,109,53932,4182,4116,39,4155,64
2021-07-12,Ventura,111,848112,82241,81919,3340,85259,1040
2021-07-12,Yolo,113,214977,14432,14303,424,14727,213
2021-07-12,Yuba,115,75493,6340,6266,134,6400,52
2021-07-11,Alameda,1,1643700,91474,90597,2154,92751,1254
2021-07-11,Alpine,3,1148,89,89,0,89,0
2021-07-11,Amador,5,37829,3791,3779,35,3814,47
2021-07-11,Butte,7,227075,12866,12794,1999,14793,202
2021-07-11,Calaveras,9,45235,2246,2226,16,2242,57
2021-07-11,Colusa,11,21464,1979,1971,341,2312,16
2021-07-11,Contra Costa,13,1133247,72449,71744,1423,73167,823
2021-07-11,Del Norte,15,27424,1475,1467,9,1476,8
2021-07-11,El Dorado,17,186661,10630,10554,827,11381,114
2021-07-11,Fresno,19,978130,103386,102813,9198,112011,1728
2021-07-11,Glenn,21,27897,2451,2446,594,3040,20
2021-07-11,Humboldt,23,135768,4672,4611,55,4666,51
2021-07-11,Imperial,25,180216,28845,28787,2945,31732,741
2021-07-11,Inyo,27,18085,1418,1415,4,1419,36
2021-07-11,Kern,29,883053,97922,97637,11784,109421,1346
2021-07-11,Kings,31,150075,23213,23116,1221,24337,246
2021-07-11,Lake,33,64148,3776,3699,13,3712,63
2021-07-11,Lassen,35,31185,5301,5291,126,5417,21
2021-07-11,Los Angeles,37,10098052,1220300,1215182,45247,1260429,24558
2021-07-11,Madera,39,155013,16858,16766,985,17751,240
2021-07-11,Marin,41,260295,14362,14231,278,14509,233
2021-07-11,Mariposa,43,17540,445,442,11,453,5
2021-07-11,Mendocino,45,87422,4266,4167,83,4250,49
2021-07-11,Merced,47,269075,31480,31366,1009,32375,471
2021-07-11,Modoc,49,8938,417,411,147,558,4
2021-07-11,Mono,51,14174,1262,1275,13,1288,3
2021-07-11,Monterey,53,433212,43380,43307,1967,45274,504
2021-07-11,Napa,55,140530,10151,10100,38,10138,81
2021-07-11,Nevada,57,99092,5093,5035,202,5237,72
2021-07-11,Orange,59,3164182,258243,257009,12111,269120,5136
2021-07-11,Placer,61,380077,24199,24017,1702,25719,302
2021-07-11,Plumas,63,18699,730,716,15,731,4
2021-07-11,Riverside,65,2383286,295030,293969,15030,308999,4541
2021-07-11,Sacramento,67,1510023,110457,109696,1991,111687,1685
2021-07-11,San Benito,69,59416,6177,6163,119,6282,63
2021-07-11,San Bernardino,71,2135413,296103,295342,9231,304573,5167
2021-07-11,San Diego,73,3302833,286102,283819,0,283819,3784
2021-07-11,San Francisco,75,870044,37987,37596,1460,39056,559
2021-07-11,San Joaquin,77,732212,74782,74376,3923,78299,1415
2021-07-11,San Luis Obispo,79,281455,21501,21403,811,22214,258
2021-07-11,San Mateo,81,765935,43395,43107,525,43632,542
2021-07-11,Santa Barbara,83,443738,34892,34646,1265,35911,461
2021-07-11,Santa Clara,85,1922200,120173,119549,830,120379,2098
2021-07-11,Santa Cruz,87,273765,16364,16303,882,17185,207
2021-07-11,Shasta,89,179085,12695,12647,1732,14379,208
2021-07-11,Sierra,91,2930,64,62,14,76,0
2021-07-11,Siskiyou,93,43540,1983,1915,422,2337,29
2021-07-11,Solano,95,438530,34063,33837,625,34462,268
2021-07-11,Sonoma,97,501317,31601,31352,383,31735,322
2021-07-11,Stanislaus,99,539301,57524,57230,6347,63577,1028
2021-07-11,Sutter,101,95872,9801,9728,98,9826,114
2021-07-11,Tehama,103,63373,5147,5138,624,5762,63
2021-07-11,Trinity,105,12862,379,340,75,415,3
2021-07-11,Tulare,107,460477,50005,49877,9765,59642,853
2021-07-11,Tuolumne,109,53932,4176,4116,39,4155,64
2021-07-11,Ventura,111,848112,82169,81875,3320,85195,1040
2021-07-11,Yolo,113,214977,14408,14285,416,14701,213
2021-07-11,Yuba,115,75493,6330,6260,134,6394,52
2021-07-10,Alameda,1,1643700,91325,90090,2150,92240,1252
2021-07-10,Alpine,3,1148,89,89,0,89,0
2021-07-10,Amador,5,37829,3785,3773,35,3808,47
2021-07-10,Butte,7,227075,12855,12764,1996,14760,202
2021-07-10,Calaveras,9,45235,2245,2214,16,2230,57
2021-07-10,Colusa,11,21464,1977,1969,341,2310,16
2021-07-10,Contra Costa,13,1133247,72350,71376,1422,72798,821
2021-07-10,Del Norte,15,27424,1473,1451,9,1460,8
2021-07-10,El Dorado,17,186661,10614,10508,823,11331,114
2021-07-10,Fresno,19,978130,103353,102675,9191,111866,1730
2021-07-10,Glenn,21,27897,2448,2440,593,3033,20
2021-07-10,Humboldt,23,135768,4663,4574,55,4629,51
2021-07-10,Imperial,25,180216,28832,28729,2945,31674,741
2021-07-10,Inyo,27,18085,1417,1415,4,1419,36
2021-07-10,Kern,29,883053,97883,97538,11766,109304,1346
2021-07-10,Kings,31,150075,23206,23090,1220,24310,246
2021-07-10,Lake,33,64148,3759,3667,13,3680,63
2021-07-10,Lassen,35,31185,5301,5290,126,5416,21
2021-07-10,Los Angeles,37,10098052,1219285,1212043,45142,1257185,24542
2021-07-10,Madera,39,155013,16852,16744,982,17726,241
2021-07-10,Marin,41,260295,14348,14194,278,14472,233
2021-07-10,Mariposa,43,17540,445,442,11,453,5
2021-07-10,Mendocino,45,87422,4259,4153,82,4235,49
2021-07-10,Merced,47,269075,31467,31328,1009,32337,470
2021-07-10,Modoc,49,8938,417,410,147,557,4
2021-07-10,Mono,51,14174,1262,1275,13,1288,3
2021-07-10,Monterey,53,433212,43366,43251,1965,45216,499
2021-07-10,Napa,55,140530,10139,10077,38,10115,81
2021-07-10,Nevada,57,99092,5084,5000,202,5202,72
2021-07-10,Orange,59,3164182,258072,256438,12096,268534,5135
2021-07-10,Placer,61,380077,24168,23916,1692,25608,302
2021-07-10,Plumas,63,18699,729,717,15,732,4
2021-07-10,Riverside,65,2383286,294844,293474,15016,308490,4541
2021-07-10,Sacramento,67,1510023,110305,109091,1986,111077,1682
2021-07-10,San Benito,69,59416,6172,6141,119,6260,63
2021-07-10,San Bernardino,71,2135413,295916,294932,9219,304151,5117
2021-07-10,San Diego,73,3302833,285812,283577,0,283577,3783
2021-07-10,San Francisco,75,870044,37904,37338,1455,38793,559
2021-07-10,San Joaquin,77,732212,74725,74150,3917,78067,1412
2021-07-10,San Luis Obispo,79,281455,21490,21375,810,22185,258
2021-07-10,San Mateo,81,765935,43345,42948,523,43471,542
2021-07-10,Santa Barbara,83,443738,34866,34595,1265,35860,460
2021-07-10,Santa Clara,85,1922200,120070,119330,827,120157,2094
2021-07-10,Santa Cruz,87,273765,16357,16286,882,17168,207
2021-07-10,Shasta,89,179085,12683,12623,1727,14350,206
2021-07-10,Sierra,91,2930,64,61,14,75,0
2021-07-10,Siskiyou,93,43540,1981,1909,419,2328,29
2021-07-10,Solano,95,438530,34023,33678,619,34297,268
2021-07-10,Sonoma,97,501317,31549,31231,383,31614,317
2021-07-10,Stanislaus,99,539301,57483,57104,6337,63441,1026
2021-07-10,Sutter,101,95872,9788,9692,98,9790,114
2021-07-10,Tehama,103,63373,5144,5131,624,5755,63
2021-07-10,Trinity,105,12862,379,341,75,416,3
2021-07-10,Tulare,107,460477,49995,49850,9759,59609,853
2021-07-10,Tuolumne,109,53932,4174,4114,39,4153,64
2021-07-10,Ventura,111,848112,82124,81713,3302,85015,1039
2021-07-10,Yolo,113,214977,14387,14250,413,14663,213
2021-07-10,Yuba,115,75493,6320,6238,134,6372,52
2021-07-09,Alameda,1,1643700,91174,90090,2144,92234,1252
2021-07-09,Alpine,3,1148,89,89,0,89,0
2021-07-09,Amador,5,37829,3784,3773,35,3808,47
2021-07-09,Butte,7,227075,12844,12764,1994,14758,202
2021-07-09,Calaveras,9,45235,2243,2214,16,2230,57
2021-07-09,Colusa,11,21464,1976,1969,341,2310,16
2021-07-09,Contra Costa,13,1133247,72225,71376,1421,72797,821
2021-07-09,Del Norte,15,27424,1469,1451,9,1460,8
2021-07-09,El Dorado,17,186661,10599,10508,822,11330,114
2021-07-09,Fresno,19,978130,103297,102675,9184,111859,1730
2021-07-09,Glenn,21,27897,2447,2440,591,3031,20
2021-07-09,Humboldt,23,135768,4644,4574,55,4629,51
2021-07-09,Imperial,25,180216,28824,28729,2944,31673,741
2021-07-09,Inyo,27,18085,1416,1415,4,1419,36
2021-07-09,Kern,29,883053,97845,97538,11754,109292,1346
2021-07-09,Kings,31,150075,23196,23090,1219,24309,246
2021-07-09,Lake,33,64148,3745,3667,13,3680,63
2021-07-09,Lassen,35,31185,5299,5290,125,5415,21
2021-07-09,Los Angeles,37,10098052,1218285,1212043,45065,1257108,24542
2021-07-09,Madera,39,155013,16843,16744,981,17725,241
2021-07-09,Marin,41,260295,14328,14194,276,14470,233
2021-07-09,Mariposa,43,17540,445,442,11,453,5
2021-07-09,Mendocino,45,87422,4252,4153,82,4235,49
2021-07-09,Merced,47,269075,31452,31328,1009,32337,470
2021-07-09,Modoc,49,8938,417,410,147,557,4
2021-07-09,Mono,51,14174,1262,1275,13,1288,3
2021-07-09,Monterey,53,433212,43357,43251,1965,45216,499
2021-07-09,Napa,55,140530,10132,10077,38,10115,81
2021-07-09,Nevada,57,99092,5075,5000,202,5202,72
2021-07-09,Orange,59,3164182,257869,256438,12081,268519,5135
2021-07-09,Placer,61,380077,24146,23916,1686,25602,302
2021-07-09,Plumas,63,18699,727,717,15,732,4
2021-07-09,Riverside,65,2383286,294657,293474,15002,308476,4541
2021-07-09,Sacramento,67,1510023,110153,109091,1978,111069,1682
2021-07-09,San Benito,69,59416,6170,6141,119,6260,63
2021-07-09,San Bernardino,71,2135413,295767,294932,9212,304144,5117
2021-07-09,San Diego,73,3302833,285526,283577,0,283577,3783
2021-07-09,San Francisco,75,870044,37826,37338,1448,38786,559
2021-07-09,San Joaquin,77,732212,74653,74150,3909,78059,1412
2021-07-09,San Luis Obispo,79,281455,21478,21375,810,22185,258
2021-07-09,San Mateo,81,765935,43300,42948,518,43466,542
2021-07-09,Santa Barbara,83,443738,34846,34595,1264,35859,460
2021-07-09,Santa Clara,85,1922200,119959,119330,827,120157,2094
2021-07-09,Santa Cruz,87,273765,16354,16286,882,17168,207
2021-07-09,Shasta,89,179085,12677,12623,1722,14345,206
2021-07-09,Sierra,91,2930,64,61,14,75,0
2021-07-09,Siskiyou,93,43540,1979,1909,418,2327,29
2021-07-09,Solano,95,438530,33988,33678,615,34293,268
2021-07-09,Sonoma,97,501317,31513,31231,383,31614,317
2021-07-09,Stanislaus,99,539301,57441,57104,6335,63439,1026
2021-07-09,Sutter,101,95872,9779,9692,98,9790,114
2021-07-09,Tehama,103,63373,5142,5131,624,5755,63
2021-07-09,Trinity,105,12862,378,341,72,413,3
2021-07-09,Tulare,107,460477,49982,49850,9753,59603,853
2021-07-09,Tuolumne,109,53932,4171,4114,39,4153,64
2021-07-09,Ventura,111,848112,82069,81713,3293,85006,1039
2021-07-09,Yolo,113,214977,14372,14250,409,14659,213
2021-07-09,Yuba,115,75493,6307,6238,134,6372,52
2021-07-08,Alameda,1,1643700,90965,90090,2139,92229,1252
2021-07-08,Alpine,3,1148,89,89,0,89,0
2021-07-08,Amador,5,37829,3782,3773,35,3808,47
2021-07-08,Butte,7,227075,12831,12764,1991,14755,202
2021-07-08,Calaveras,9,45235,2238,2214,15,2229,57
2021-07-08,Colusa,11,21464,1976,1969,341,2310,16
2021-07-08,Contra Costa,13,1133247,72097,71376,1416,72792,821
2021-07-08,Del Norte,15,27424,1467,1451,9,1460,8
2021-07-08,El Dorado,17,186661,10582,10508,817,11325,114
2021-07-08,Fresno,19,978130,103237,102675,9173,111848,1730
2021-07-08,Glenn,21,27897,2447,2440,591,3031,20
2021-07-08,Humboldt,23,135768,4629,4574,54,4628,51
2021-07-08,Imperial,25,180216,28811,28729,2943,31672,741
2021-07-08,Inyo,27,18085,1416,1415,4,1419,36
2021-07-08,Kern,29,883053,97801,97538,11736,109274,1346
2021-07-08,Kings,31,150075,23187,23090,1219,24309,246
2021-07-08,Lake,33,64148,3731,3667,13,3680,63
2021-07-08,Lassen,35,31185,5296,5290,125,5415,21
2021-07-08,Los Angeles,37,10098052,1217079,1212043,44967,1257010,24542
2021-07-08,Madera,39,155013,16828,16744,981,17725,241
2021-07-08,Marin,41,260295,14313,14194,276,14470,233
2021-07-08,Mariposa,43,17540,444,442,11,453,5
2021-07-08,Mendocino,45,87422,4249,4153,82,4235,49
2021-07-08,Merced,47,269075,31438,31328,1007,32335,470
2021-07-08,Modoc,49,8938,417,410,147,557,4
2021-07-08,Mono,51,14174,1262,1275,13,1288,3
2021-07-08,Monterey,53,433212,43337,43251,1959,45210,499
2021-07-08,Napa,55,140530,10128,10077,38,10115,81
2021-07-08,Nevada,57,99092,5069,5000,202,5202,72
2021-07-08,Orange,59,3164182,257676,256438,12060,268498,5135
2021-07-08,Placer,61,380077,24108,23916,1678,25594,302
2021-07-08,Plumas,63,18699,726,717,15,732,4
2021-07-08,Riverside,65,2383286,294456,293474,14986,308460,4541
2021-07-08,Sacramento,67,1510023,109934,109091,1971,111062,1682
2021-07-08,San Benito,69,59416,6167,6141,119,6260,63
2021-07-08,San Bernardino,71,2135413,295593,294932,9203,304135,5117
2021-07-08,San Diego,73,3302833,285198,283577,0,283577,3783
2021-07-08,San Francisco,75,870044,37748,37338,1443,38781,559
2021-07-08,San Joaquin,77,732212,74565,74150,3898,78048,1412
2021-07-08,San Luis Obispo,79,281455,21466,21375,807,22182,258
2021-07-08,San Mateo,81,765935,43250,42948,517,43465,542
2021-07-08,Santa Barbara,83,443738,34820,34595,1262,35857,460
2021-07-08,Santa Clara,85,1922200,119866,119330,826,120156,2094
2021-07-08,Santa Cruz,87,273765,16348,16286,882,17168,207
2021-07-08,Shasta,89,179085,12671,12623,1718,14341,206
2021-07-08,Sierra,91,2930,64,61,14,75,0
2021-07-08,Siskiyou,93,43540,1974,1909,415,2324,29
2021-07-08,Solano,95,438530,33936,33678,607,34285,268
2021-07-08,Sonoma,97,501317,31482,31231,382,31613,317
2021-07-08,Stanislaus,99,539301,57407,57104,6330,63434,1026
2021-07-08,Sutter,101,95872,9764,9692,96,9788,114
2021-07-08,Tehama,103,63373,5139,5131,623,5754,63
2021-07-08,Trinity,105,12862,378,341,72,413,3
2021-07-08,Tulare,107,460477,49965,49850,9744,59594,853
2021-07-08,Tuolumne,109,53932,4169,4114,39,4153,64
2021-07-08,Ventura,111,848112,82005,81713,3276,84989,1039
2021-07-08,Yolo,113,214977,14354,14250,407,14657,213
2021-07-08,Yuba,115,75493,6299,6238,134,6372,52
2021-07-07,Alameda,1,1643700,90781,89995,2133,92128,1253
2021-07-07,Alpine,3,1148,89,89,0,89,0
2021-07-07,Amador,5,37829,3777,3770,35,3805,47
2021-07-07,Butte,7,227075,12818,12750,1986,14736,202
2021-07-07,Calaveras,9,45235,2234,2212,15,2227,57
2021-07-07,Colusa,11,21464,1972,1969,341,2310,16
2021-07-07,Contra Costa,13,1133247,71953,71308,1414,72722,821
2021-07-07,Del Norte,15,27424,1462,1446,9,1455,8
2021-07-07,El Dorado,17,186661,10562,10494,815,11309,114
2021-07-07,Fresno,19,978130,103187,102639,9166,111805,1729
2021-07-07,Glenn,21,27897,2447,2441,591,3032,20
2021-07-07,Humboldt,23,135768,4615,4566,54,4620,51
2021-07-07,Imperial,25,180216,28804,28701,2943,31644,740
2021-07-07,Inyo,27,18085,1415,1415,4,1419,36
2021-07-07,Kern,29,883053,97759,97507,11720,109227,1348
2021-07-07,Kings,31,150075,23174,23085,1216,24301,245
2021-07-07,Lake,33,64148,3712,3660,13,3673,63
2021-07-07,Lassen,35,31185,5296,5286,125,5411,21
2021-07-07,Los Angeles,37,10098052,1215908,1211316,44856,1256172,24531
2021-07-07,Madera,39,155013,16818,16733,979,17712,241
2021-07-07,Marin,41,260295,14293,14183,275,14458,233
2021-07-07,Mariposa,43,17540,442,442,11,453,5
2021-07-07,Mendocino,45,87422,4240,4145,82,4227,49
2021-07-07,Merced,47,269075,31423,31317,1007,32324,470
2021-07-07,Modoc,49,8938,417,410,147,557,4
2021-07-07,Mono,51,14174,1261,1274,13,1287,3
2021-07-07,Monterey,53,433212,43313,43233,1957,45190,494
2021-07-07,Napa,55,140530,10117,10078,38,10116,81
2021-07-07,Nevada,57,99092,5062,4996,202,5198,72
2021-07-07,Orange,59,3164182,257449,256301,12037,268338,5132
2021-07-07,Placer,61,380077,24070,23901,1668,25569,302
2021-07-07,Plumas,63,18699,726,710,15,725,4
2021-07-07,Riverside,65,2383286,294242,293331,14975,308306,4538
2021-07-07,Sacramento,67,1510023,109745,108954,1963,110917,1682
2021-07-07,San Benito,69,59416,6162,6137,119,6256,63
2021-07-07,San Bernardino,71,2135413,295421,294787,9196,303983,5087
2021-07-07,San Diego,73,3302833,284880,283377,0,283377,3782
2021-07-07,San Francisco,75,870044,37656,37284,1440,38724,558
2021-07-07,San Joaquin,77,732212,74489,74095,3882,77977,1410
2021-07-07,San Luis Obispo,79,281455,21457,21360,805,22165,258
2021-07-07,San Mateo,81,765935,43195,42908,514,43422,542
2021-07-07,Santa Barbara,83,443738,34794,34582,1262,35844,460
2021-07-07,Santa Clara,85,1922200,119768,119250,825,120075,2094
2021-07-07,Santa Cruz,87,273765,16339,16279,881,17160,207
2021-07-07,Shasta,89,179085,12663,12613,1715,14328,206
2021-07-07,Sierra,91,2930,64,60,14,74,0
2021-07-07,Siskiyou,93,43540,1968,1908,411,2319,29
2021-07-07,Solano,95,438530,33888,33659,600,34259,268
2021-07-07,Sonoma,97,501317,31435,31172,382,31554,316
2021-07-07,Stanislaus,99,539301,57362,57102,6325,63427,1028
2021-07-07,Sutter,101,95872,9754,9683,96,9779,114
2021-07-07,Tehama,103,63373,5138,5129,623,5752,63
2021-07-07,Trinity,105,12862,378,341,72,413,3
2021-07-07,Tulare,107,460477,49961,49835,9735,59570,853
2021-07-07,Tuolumne,109,53932,4165,4115,38,4153,64
2021-07-07,Ventura,111,848112,81962,81608,3261,84869,1036
2021-07-07,Yolo,113,214977,14344,14236,404,14640,213
2021-07-07,Yuba,115,75493,6283,6233,134,6367,51
2021-07-06,Alameda,1,1643700,90585,89918,2124,92042,1253
2021-07-06,Alpine,3,1148,89,89,0,89,0
2021-07-06,Amador,5,37829,3776,3768,34,3802,47
2021-07-06,Butte,7,227075,12805,12744,1983,14727,201
2021-07-06,Calaveras,9,45235,2234,2211,15,2226,55
2021-07-06,Colusa,11,21464,1971,1967,338,2305,16
2021-07-06,Contra Costa,13,1133247,71824,71262,1412,72674,820
2021-07-06,Del Norte,15,27424,1458,1445,9,1454,8
2021-07-06,El Dorado,17,186661,10544,10484,814,11298,113
2021-07-06,Fresno,19,978130,103135,102616,9156,111772,1727
2021-07-06,Glenn,21,27897,2446,2438,591,3029,20
2021-07-06,Humboldt,23,135768,4601,4565,53,4618,49
2021-07-06,Imperial,25,180216,28789,28693,2941,31634,739
2021-07-06,Inyo,27,18085,1415,1412,4,1416,36
2021-07-06,Kern,29,883053,97718,97491,11709,109200,1346
2021-07-06,Kings,31,150075,23166,23077,1215,24292,245
2021-07-06,Lake,33,64148,3702,3659,13,3672,63
2021-07-06,Lassen,35,31185,5295,5288,124,5412,21
2021-07-06,Los Angeles,37,10098052,1214701,1210965,44756,1255721,24525
2021-07-06,Madera,39,155013,16808,16730,979,17709,241
2021-07-06,Marin,41,260295,14279,14181,275,14456,233
2021-07-06,Mariposa,43,17540,442,442,11,453,5
2021-07-06,Mendocino,45,87422,4233,4143,82,4225,49
2021-07-06,Merced,47,269075,31406,31317,1006,32323,470
2021-07-06,Modoc,49,8938,417,411,147,558,4
2021-07-06,Mono,51,14174,1259,1274,13,1287,3
2021-07-06,Monterey,53,433212,43291,43224,1956,45180,494
2021-07-06,Napa,55,140530,10106,10081,38,10119,81
2021-07-06,Nevada,57,99092,5053,4988,202,5190,72
2021-07-06,Orange,59,3164182,257208,256227,12020,268247,5129
2021-07-06,Placer,61,380077,24029,23876,1662,25538,302
2021-07-06,Plumas,63,18699,725,708,15,723,4
2021-07-06,Riverside,65,2383286,294036,293227,14956,308183,4539
2021-07-06,Sacramento,67,1510023,109537,108850,1955,110805,1679
2021-07-06,San Benito,69,59416,6158,6137,119,6256,63
2021-07-06,San Bernardino,71,2135413,295246,294712,9183,303895,5056
2021-07-06,San Diego,73,3302833,284525,283278,0,283278,3782
2021-07-06,San Francisco,75,870044,37540,37251,1437,38688,558
2021-07-06,San Joaquin,77,732212,74420,74019,3870,77889,1410
2021-07-06,San Luis Obispo,79,281455,21440,21354,804,22158,257
2021-07-06,San Mateo,81,765935,43120,42895,514,43409,541
2021-07-06,Santa Barbara,83,443738,34776,34572,1260,35832,460
2021-07-06,Santa Clara,85,1922200,119650,119194,822,120016,2095
2021-07-06,Santa Cruz,87,273765,16334,16274,880,17154,207
2021-07-06,Shasta,89,179085,12653,12606,1713,14319,205
2021-07-06,Sierra,91,2930,63,60,14,74,0
2021-07-06,Siskiyou,93,43540,1965,1905,407,2312,29
2021-07-06,Solano,95,438530,33838,33619,597,34216,268
2021-07-06,Sonoma,97,501317,31371,31130,381,31511,316
2021-07-06,Stanislaus,99,539301,57300,57120,6313,63433,1029
2021-07-06,Sutter,101,95872,9745,9674,95,9769,114
2021-07-06,Tehama,103,63373,5135,5126,622,5748,63
2021-07-06,Trinity,105,12862,378,341,72,413,3
2021-07-06,Tulare,107,460477,49946,49826,9724,59550,853
2021-07-06,Tuolumne,109,53932,4163,4113,38,4151,64
2021-07-06,Ventura,111,848112,81921,81534,3235,84769,1033
2021-07-06,Yolo,113,214977,14323,14227,399,14626,213
2021-07-06,Yuba,115,75493,6272,6231,134,6365,51
2021-07-05,Alameda,1,1643700,90408,89892,2118,92010,1253
2021-07-05,Alpine,3,1148,89,89,0,89,0
2021-07-05,Amador,5,37829,3774,3768,34,3802,47
2021-07-05,Butte,7,227075,12797,12740,1973,14713,201
2021-07-05,Calaveras,9,45235,2232,2211,15,2226,55
2021-07-05,Colusa,11,21464,1969,1966,337,2303,16
2021-07-05,Contra Costa,13,1133247,71698,71235,1412,72647,820
2021-07-05,Del Norte,15,27424,1454,1446,9,1455,8
2021-07-05,El Dorado,17,186661,10519,10481,814,11295,113
2021-07-05,Fresno,19,978130,103078,102592,9138,111730,1727
2021-07-05,Glenn,21,27897,2443,2438,590,3028,20
2021-07-05,Humboldt,23,135768,4587,4563,53,4616,49
2021-07-05,Imperial,25,180216,28769,28689,2941,31630,739
2021-07-05,Inyo,27,18085,1415,1412,4,1416,36
2021-07-05,Kern,29,883053,97670,97479,11688,109167,1346
2021-07-05,Kings,31,150075,23158,23065,1212,24277,245
2021-07-05,Lake,33,64148,3684,3645,13,3658,63
2021-07-05,Lassen,35,31185,5292,5288,123,5411,21
2021-07-05,Los Angeles,37,10098052,1213523,1210653,44649,1255302,24522
2021-07-05,Madera,39,155013,16798,16722,978,17700,241
2021-07-05,Marin,41,260295,14257,14178,275,14453,233
2021-07-05,Mariposa,43,17540,442,441,11,452,5
2021-07-05,Mendocino,45,87422,4228,4139,82,4221,49
2021-07-05,Merced,47,269075,31386,31312,1006,32318,470
2021-07-05,Modoc,49,8938,417,410,147,557,4
2021-07-05,Mono,51,14174,1259,1273,13,1286,3
2021-07-05,Monterey,53,433212,43271,43218,1951,45169,494
2021-07-05,Napa,55,140530,10100,10074,38,10112,81
2021-07-05,Nevada,57,99092,5035,4980,201,5181,72
2021-07-05,Orange,59,3164182,257006,256173,12001,268174,5129
2021-07-05,Placer,61,380077,23983,23867,1654,25521,302
2021-07-05,Plumas,63,18699,724,708,15,723,4
2021-07-05,Riverside,65,2383286,293842,293193,14943,308136,4539
2021-07-05,Sacramento,67,1510023,109356,108758,1947,110705,1679
2021-07-05,San Benito,69,59416,6151,6137,119,6256,63
2021-07-05,San Bernardino,71,2135413,295087,294647,9176,303823,5037
2021-07-05,San Diego,73,3302833,284165,282834,0,282834,3782
2021-07-05,San Francisco,75,870044,37453,37237,1432,38669,558
2021-07-05,San Joaquin,77,732212,74350,73999,3864,77863,1410
2021-07-05,San Luis Obispo,79,281455,21427,21351,803,22154,257
2021-07-05,San Mateo,81,765935,43068,42876,511,43387,541
2021-07-05,Santa Barbara,83,443738,34756,34569,1260,35829,460
2021-07-05,Santa Clara,85,1922200,119546,119184,820,120004,2095
2021-07-05,Santa Cruz,87,273765,16324,16273,879,17152,208
2021-07-05,Shasta,89,179085,12644,12603,1711,14314,205
2021-07-05,Sierra,91,2930,63,60,14,74,0
2021-07-05,Siskiyou,93,43540,1964,1904,405,2309,29
2021-07-05,Solano,95,438530,33769,33612,591,34203,268
2021-07-05,Sonoma,97,501317,31317,31116,380,31496,316
2021-07-05,Stanislaus,99,539301,57264,57109,6303,63412,1029
2021-07-05,Sutter,101,95872,9733,9667,95,9762,114
2021-07-05,Tehama,103,63373,5134,5125,622,5747,63
2021-07-05,Trinity,105,12862,377,341,71,412,3
2021-07-05,Tulare,107,460477,49928,49818,9721,59539,853
2021-07-05,Tuolumne,109,53932,4159,4112,38,4150,64
2021-07-05,Ventura,111,848112,81872,81519,3214,84733,1033
2021-07-05,Yolo,113,214977,14305,14225,390,14615,213
2021-07-05,Yuba,115,75493,6264,6223,134,6357,51
2021-07-04,Alameda,1,1643700,90242,89683,2113,91796,1253
2021-07-04,Alpine,3,1148,89,89,0,89,0
2021-07-04,Amador,5,37829,3773,3758,34,3792,46
2021-07-04,Butte,7,227075,12787,12684,1973,14657,201
2021-07-04,Calaveras,9,45235,2232,2200,15,2215,55
2021-07-04,Colusa,11,21464,1969,1969,337,2306,15
2021-07-04,Contra Costa,13,1133247,71592,70941,1407,72348,818
2021-07-04,Del Norte,15,27424,1451,1439,9,1448,8
2021-07-04,El Dorado,17,186661,10510,10433,813,11246,113
2021-07-04,Fresno,19,978130,103034,102512,9119,111631,1727
2021-07-04,Glenn,21,27897,2441,2442,589,3031,20
2021-07-04,Humboldt,23,135768,4579,4530,53,4583,49
2021-07-04,Imperial,25,180216,28763,28661,2941,31602,739
2021-07-04,Inyo,27,18085,1415,1412,4,1416,35
2021-07-04,Kern,29,883053,97652,97421,11678,109099,1347
2021-07-04,Kings,31,150075,23151,23051,1212,24263,245
2021-07-04,Lake,33,64148,3674,3623,13,3636,62
2021-07-04,Lassen,35,31185,5291,5277,123,5400,20
2021-07-04,Los Angeles,37,10098052,1212679,1208705,44555,1253260,24506
2021-07-04,Madera,39,155013,16786,16696,976,17672,240
2021-07-04,Marin,41,260295,14243,14143,275,14418,233
2021-07-04,Mariposa,43,17540,442,441,11,452,5
2021-07-04,Mendocino,45,87422,4218,4122,82,4204,49
2021-07-04,Merced,47,269075,31375,31297,1006,32303,469
2021-07-04,Modoc,49,8938,417,410,147,557,4
2021-07-04,Mono,51,14174,1259,1275,13,1288,3
2021-07-04,Monterey,53,433212,43255,43212,1950,45162,492
2021-07-04,Napa,55,140530,10092,10045,37,10082,81
2021-07-04,Nevada,57,99092,5026,4966,201,5167,72
2021-07-04,Orange,59,3164182,256831,255823,11980,267803,5126
2021-07-04,Placer,61,380077,23946,23764,1647,25411,299
2021-07-04,Plumas,63,18699,724,707,15,722,4
2021-07-04,Riverside,65,2383286,293683,293260,14935,308195,4536
2021-07-04,Sacramento,67,1510023,109192,108257,1942,110199,1676
2021-07-04,San Benito,69,59416,6144,6108,119,6227,63
2021-07-04,San Bernardino,71,2135413,294925,294294,9169,303463,5003
2021-07-04,San Diego,73,3302833,283941,282692,0,282692,3780
2021-07-04,San Francisco,75,870044,37398,37107,1426,38533,558
2021-07-04,San Joaquin,77,732212,74283,73841,3856,77697,1409
2021-07-04,San Luis Obispo,79,281455,21421,21330,802,22132,256
2021-07-04,San Mateo,81,765935,43034,42691,511,43202,541
2021-07-04,Santa Barbara,83,443738,34734,34526,1259,35785,456
2021-07-04,Santa Clara,85,1922200,119456,118966,819,119785,2090
2021-07-04,Santa Cruz,87,273765,16313,16254,879,17133,208
2021-07-04,Shasta,89,179085,12640,12582,1710,14292,204
2021-07-04,Sierra,91,2930,62,60,14,74,0
2021-07-04,Siskiyou,93,43540,1960,1899,404,2303,29
2021-07-04,Solano,95,438530,33728,33486,589,34075,268
2021-07-04,Sonoma,97,501317,31287,31000,379,31379,316
2021-07-04,Stanislaus,99,539301,57241,57018,6297,63315,1018
2021-07-04,Sutter,101,95872,9722,9644,95,9739,114
2021-07-04,Tehama,103,63373,5130,5124,622,5746,63
2021-07-04,Trinity,105,12862,376,341,71,412,3
2021-07-04,Tulare,107,460477,49918,49789,9718,59507,853
2021-07-04,Tuolumne,109,53932,4151,4113,38,4151,64
2021-07-04,Ventura,111,848112,81815,81425,3203,84628,1033
2021-07-04,Yolo,113,214977,14286,14188,387,14575,213
2021-07-04,Yuba,115,75493,6256,6197,134,6331,51
2021-07-03,Alameda,1,1643700,90159,89683,2106,91789,1253
2021-07-03,Alpine,3,1148,89,89,0,89,0
2021-07-03,Amador,5,37829,3773,3758,34,3792,46
2021-07-03,Butte,7,227075,12783,12684,1972,14656,201
2021-07-03,Calaveras,9,45235,2231,2200,15,2215,55
2021-07-03,Colusa,11,21464,1969,1969,336,2305,15
2021-07-03,Contra Costa,13,1133247,71533,70941,1404,72345,818
2021-07-03,Del Norte,15,27424,1448,1439,9,1448,8
2021-07-03,El Dorado,17,186661,10503,10433,811,11244,113
2021-07-03,Fresno,19,978130,103009,102512,9110,111622,1727
2021-07-03,Glenn,21,27897,2441,2442,589,3031,20
2021-07-03,Humboldt,23,135768,4574,4530,53,4583,49
2021-07-03,Imperial,25,180216,28753,28661,2941,31602,739
2021-07-03,Inyo,27,18085,1415,1412,4,1416,35
2021-07-03,Kern,29,883053,97632,97421,11670,109091,1347
2021-07-03,Kings,31,150075,23151,23051,1211,24262,245
2021-07-03,Lake,33,64148,3664,3623,13,3636,62
2021-07-03,Lassen,35,31185,5290,5277,123,5400,20
2021-07-03,Los Angeles,37,10098052,1212253,1208705,44525,1253230,24506
2021-07-03,Madera,39,155013,16778,16696,973,17669,240
2021-07-03,Marin,41,260295,14239,14143,275,14418,233
2021-07-03,Mariposa,43,17540,442,441,11,452,5
2021-07-03,Mendocino,45,87422,4217,4122,82,4204,49
2021-07-03,Merced,47,269075,31362,31297,1005,32302,469
2021-07-03,Modoc,49,8938,416,410,147,557,4
2021-07-03,Mono,51,14174,1258,1275,13,1288,3
2021-07-03,Monterey,53,433212,43243,43212,1947,45159,492
2021-07-03,Napa,55,140530,10087,10045,37,10082,81
2021-07-03,Nevada,57,99092,5012,4966,201,5167,72
2021-07-03,Orange,59,3164182,256747,255823,11973,267796,5126
2021-07-03,Placer,61,380077,23927,23764,1644,25408,299
2021-07-03,Plumas,63,18699,724,707,15,722,4
2021-07-03,Riverside,65,2383286,293591,293260,14931,308191,4536
2021-07-03,Sacramento,67,1510023,109117,108257,1939,110196,1676
2021-07-03,San Benito,69,59416,6137,6108,119,6227,63
2021-07-03,San Bernardino,71,2135413,294838,294294,9166,303460,5003
2021-07-03,San Diego,73,3302833,283809,282692,0,282692,3780
2021-07-03,San Francisco,75,870044,37357,37107,1423,38530,558
2021-07-03,San Joaquin,77,732212,74248,73841,3850,77691,1409
2021-07-03,San Luis Obispo,79,281455,21409,21330,802,22132,256
2021-07-03,San Mateo,81,765935,43009,42691,510,43201,541
2021-07-03,Santa Barbara,83,443738,34725,34526,1258,35784,456
2021-07-03,Santa Clara,85,1922200,119410,118966,819,119785,2090
2021-07-03,Santa Cruz,87,273765,16306,16254,879,17133,208
2021-07-03,Shasta,89,179085,12636,12582,1708,14290,204
2021-07-03,Sierra,91,2930,62,60,14,74,0
2021-07-03,Siskiyou,93,43540,1959,1899,403,2302,29
2021-07-03,Solano,95,438530,33686,33486,589,34075,268
2021-07-03,Sonoma,97,501317,31253,31000,379,31379,316
2021-07-03,Stanislaus,99,539301,57227,57018,6289,63307,1018
2021-07-03,Sutter,101,95872,9712,9644,95,9739,114
2021-07-03,Tehama,103,63373,5128,5124,622,5746,63
2021-07-03,Trinity,105,12862,376,341,71,412,3
2021-07-03,Tulare,107,460477,49912,49789,9712,59501,853
2021-07-03,Tuolumne,109,53932,4150,4113,38,4151,64
2021-07-03,Ventura,111,848112,81785,81425,3195,84620,1033
2021-07-03,Yolo,113,214977,14276,14188,384,14572,213
2021-07-03,Yuba,115,75493,6250,6197,134,6331,51
2021-07-02,Alameda,1,1643700,90077,89683,2105,91788,1253
2021-07-02,Alpine,3,1148,89,89,0,89,0
2021-07-02,Amador,5,37829,3771,3758,34,3792,46
2021-07-02,Butte,7,227075,12776,12684,1972,14656,201
2021-07-02,Calaveras,9,45235,2230,2200,15,2215,55
2021-07-02,Colusa,11,21464,1968,1969,335,2304,15
2021-07-02,Contra Costa,13,1133247,71463,70941,1400,72341,818
2021-07-02,Del Norte,15,27424,1448,1439,9,1448,8
2021-07-02,El Dorado,17,186661,10495,10433,811,11244,113
2021-07-02,Fresno,19,978130,102980,102512,9104,111616,1727
2021-07-02,Glenn,21,27897,2440,2442,588,3030,20
2021-07-02,Humboldt,23,135768,4571,4530,52,4582,49
2021-07-02,Imperial,25,180216,28747,28661,2940,31601,739
2021-07-02,Inyo,27,18085,1415,1412,4,1416,35
2021-07-02,Kern,29,883053,97614,97421,11661,109082,1347
2021-07-02,Kings,31,150075,23141,23051,1211,24262,245
2021-07-02,Lake,33,64148,3658,3623,13,3636,62
2021-07-02,Lassen,35,31185,5290,5277,123,5400,20
2021-07-02,Los Angeles,37,10098052,1211779,1208705,44486,1253191,24506
2021-07-02,Madera,39,155013,16769,16696,972,17668,240
2021-07-02,Marin,41,260295,14234,14143,275,14418,233
2021-07-02,Mariposa,43,17540,442,441,11,452,5
2021-07-02,Mendocino,45,87422,4213,4122,81,4203,49
2021-07-02,Merced,47,269075,31353,31297,1005,32302,469
2021-07-02,Modoc,49,8938,416,410,147,557,4
2021-07-02,Mono,51,14174,1257,1275,13,1288,3
2021-07-02,Monterey,53,433212,43235,43212,1946,45158,492
2021-07-02,Napa,55,140530,10082,10045,37,10082,81
2021-07-02,Nevada,57,99092,5003,4966,201,5167,72
2021-07-02,Orange,59,3164182,256634,255823,11966,267789,5126
2021-07-02,Placer,61,380077,23910,23764,1637,25401,299
2021-07-02,Plumas,63,18699,724,707,15,722,4
2021-07-02,Riverside,65,2383286,293494,293260,14926,308186,4536
2021-07-02,Sacramento,67,1510023,109036,108257,1938,110195,1676
2021-07-02,San Benito,69,59416,6134,6108,119,6227,63
2021-07-02,San Bernardino,71,2135413,294745,294294,9164,303458,5003
2021-07-02,San Diego,73,3302833,283664,282692,0,282692,3780
2021-07-02,San Francisco,75,870044,37310,37107,1421,38528,558
2021-07-02,San Joaquin,77,732212,74216,73841,3844,77685,1409
2021-07-02,San Luis Obispo,79,281455,21403,21330,801,22131,256
2021-07-02,San Mateo,81,765935,42973,42691,510,43201,541
2021-07-02,Santa Barbara,83,443738,34716,34526,1258,35784,456
2021-07-02,Santa Clara,85,1922200,119332,118966,819,119785,2090
2021-07-02,Santa Cruz,87,273765,16302,16254,879,17133,208
2021-07-02,Shasta,89,179085,12632,12582,1708,14290,204
2021-07-02,Sierra,91,2930,61,60,14,74,0
2021-07-02,Siskiyou,93,43540,1956,1899,402,2301,29
2021-07-02,Solano,95,438530,33661,33486,589,34075,268
2021-07-02,Sonoma,97,501317,31230,31000,379,31379,316
2021-07-02,Stanislaus,99,539301,57205,57018,6288,63306,1018
2021-07-02,Sutter,101,95872,9707,9644,95,9739,114
2021-07-02,Tehama,103,63373,5126,5124,620,5744,63
2021-07-02,Trinity,105,12862,376,341,71,412,3
2021-07-02,Tulare,107,460477,49902,49789,9704,59493,853
2021-07-02,Tuolumne,109,53932,4147,4113,38,4151,64
2021-07-02,Ventura,111,848112,81742,81425,3187,84612,1033
2021-07-02,Yolo,113,214977,14261,14188,382,14570,213
2021-07-02,Yuba,115,75493,6242,6197,134,6331,51
2021-07-01,Alameda,1,1643700,89973,89683,2103,91786,1253
2021-07-01,Alpine,3,1148,89,89,0,89,0
2021-07-01,Amador,5,37829,3770,3758,34,3792,46
2021-07-01,Butte,7,227075,12764,12684,1970,14654,201
2021-07-01,Calaveras,9,45235,2228,2200,15,2215,55
2021-07-01,Colusa,11,21464,1968,1969,333,2302,15
2021-07-01,Contra Costa,13,1133247,71392,70941,1399,72340,818
2021-07-01,Del Norte,15,27424,1447,1439,9,1448,8
2021-07-01,El Dorado,17,186661,10483,10433,811,11244,113
2021-07-01,Fresno,19,978130,102941,102512,9099,111611,1727
2021-07-01,Glenn,21,27897,2440,2442,588,3030,20
2021-07-01,Humboldt,23,135768,4569,4530,52,4582,49
2021-07-01,Imperial,25,180216,28730,28661,2940,31601,739
2021-07-01,Inyo,27,18085,1415,1412,4,1416,35
2021-07-01,Kern,29,883053,97588,97421,11650,109071,1347
2021-07-01,Kings,31,150075,23127,23051,1211,24262,245
2021-07-01,Lake,33,64148,3655,3623,13,3636,62
2021-07-01,Lassen,35,31185,5288,5277,123,5400,20
2021-07-01,Los Angeles,37,10098052,1211182,1208705,44430,1253135,24506
2021-07-01,Madera,39,155013,16760,16696,971,17667,240
2021-07-01,Marin,41,260295,14230,14143,275,14418,233
2021-07-01,Mariposa,43,17540,442,441,11,452,5
2021-07-01,Mendocino,45,87422,4209,4122,80,4202,49
2021-07-01,Merced,47,269075,31347,31297,1005,32302,469
2021-07-01,Modoc,49,8938,416,410,147,557,4
2021-07-01,Mono,51,14174,1256,1275,13,1288,3
2021-07-01,Monterey,53,433212,43227,43212,1942,45154,492
2021-07-01,Napa,55,140530,10075,10045,37,10082,81
2021-07-01,Nevada,57,99092,4998,4966,201,5167,72
2021-07-01,Orange,59,3164182,256516,255823,11946,267769,5126
2021-07-01,Placer,61,380077,23892,23764,1634,25398,299
2021-07-01,Plumas,63,18699,721,707,13,720,4
2021-07-01,Riverside,65,2383286,293386,293260,14918,308178,4536
2021-07-01,Sacramento,67,1510023,108915,108257,1931,110188,1676
2021-07-01,San Benito,69,59416,6130,6108,119,6227,63
2021-07-01,San Bernardino,71,2135413,294623,294294,9158,303452,5003
2021-07-01,San Diego,73,3302833,283486,282692,0,282692,3780
2021-07-01,San Francisco,75,870044,37274,37107,1419,38526,558
2021-07-01,San Joaquin,77,732212,74165,73841,3840,77681,1409
2021-07-01,San Luis Obispo,79,281455,21388,21330,800,22130,256
2021-07-01,San Mateo,81,765935,42944,42691,509,43200,541
2021-07-01,Santa Barbara,83,443738,34705,34526,1258,35784,456
2021-07-01,Santa Clara,85,1922200,119283,118966,819,119785,2090
2021-07-01,Santa Cruz,87,273765,16298,16254,878,17132,208
2021-07-01,Shasta,89,179085,12624,12582,1707,14289,204
2021-07-01,Sierra,91,2930,61,60,14,74,0
2021-07-01,Siskiyou,93,43540,1956,1899,402,2301,29
2021-07-01,Solano,95,438530,33620,33486,588,34074,268
2021-07-01,Sonoma,97,501317,31185,31000,379,31379,316
2021-07-01,Stanislaus,99,539301,57182,57018,6284,63302,1018
2021-07-01,Sutter,101,95872,9698,9644,95,9739,114
2021-07-01,Tehama,103,63373,5126,5124,619,5743,63
2021-07-01,Trinity,105,12862,376,341,71,412,3
2021-07-01,Tulare,107,460477,49893,49789,9697,59486,853
2021-07-01,Tuolumne,109,53932,4140,4113,38,4151,64
2021-07-01,Ventura,111,848112,81711,81425,3176,84601,1033
2021-07-01,Yolo,113,214977,14246,14188,380,14568,213
2021-07-01,Yuba,115,75493,6235,6197,134,6331,51
2021-06-30,Alameda,1,1643700,89887,89597,2097,91694,1256
2021-06-30,Alpine,3,1148,89,89,0,89,0
2021-06-30,Amador,5,37829,3768,3756,34,3790,46
2021-06-30,Butte,7,227075,12757,12676,1961,14637,201
2021-06-30,Calaveras,9,45235,2223,2198,15,2213,55
2021-06-30,Colusa,11,21464,1966,1967,330,2297,15
2021-06-30,Contra Costa,13,1133247,71328,70869,1396,72265,818
2021-06-30,Del Norte,15,27424,1442,1435,9,1444,8
2021-06-30,El Dorado,17,186661,10464,10420,811,11231,113
2021-06-30,Fresno,19,978130,102905,102490,9096,111586,1727
2021-06-30,Glenn,21,27897,2438,2440,588,3028,20
2021-06-30,Humboldt,23,135768,4553,4522,50,4572,49
2021-06-30,Imperial,25,180216,28722,28651,2940,31591,739
2021-06-30,Inyo,27,18085,1415,1409,4,1413,35
2021-06-30,Kern,29,883053,97550,97267,11638,108905,1348
2021-06-30,Kings,31,150075,23122,23038,1210,24248,245
2021-06-30,Lake,33,64148,3642,3601,13,3614,56
2021-06-30,Lassen,35,31185,5283,5269,123,5392,20
2021-06-30,Los Angeles,37,10098052,1210515,1208246,44385,1252631,24499
2021-06-30,Madera,39,155013,16753,16688,969,17657,240
2021-06-30,Marin,41,260295,14222,14133,273,14406,232
2021-06-30,Mariposa,43,17540,441,441,11,452,5
2021-06-30,Mendocino,45,87422,4199,4115,80,4195,49
2021-06-30,Merced,47,269075,31337,31286,1005,32291,469
2021-06-30,Modoc,49,8938,416,410,147,557,4
2021-06-30,Mono,51,14174,1256,1275,13,1288,3
2021-06-30,Monterey,53,433212,43222,43209,1940,45149,492
2021-06-30,Napa,55,140530,10067,10039,37,10076,81
2021-06-30,Nevada,57,99092,4987,4958,201,5159,72
2021-06-30,Orange,59,3164182,256388,255764,11936,267700,5125
2021-06-30,Placer,61,380077,23868,23721,1630,25351,299
2021-06-30,Plumas,63,18699,721,705,13,718,4
2021-06-30,Riverside,65,2383286,293274,293280,14906,308186,4535
2021-06-30,Sacramento,67,1510023,108777,108137,1926,110063,1676
2021-06-30,San Benito,69,59416,6126,6105,119,6224,63
2021-06-30,San Bernardino,71,2135413,294473,294211,9153,303364,4975
2021-06-30,San Diego,73,3302833,283350,282583,0,282583,3780
2021-06-30,San Francisco,75,870044,37225,37065,1414,38479,558
2021-06-30,San Joaquin,77,732212,74104,73777,3838,77615,1409
2021-06-30,San Luis Obispo,79,281455,21375,21326,799,22125,256
2021-06-30,San Mateo,81,765935,42907,42599,508,43107,537
2021-06-30,Santa Barbara,83,443738,34689,34521,1258,35779,456
2021-06-30,Santa Clara,85,1922200,119236,118930,816,119746,2090
2021-06-30,Santa Cruz,87,273765,16292,16250,878,17128,208
2021-06-30,Shasta,89,179085,12618,12564,1707,14271,204
2021-06-30,Sierra,91,2930,61,60,14,74,0
2021-06-30,Siskiyou,93,43540,1954,1900,399,2299,29
2021-06-30,Solano,95,438530,33582,33453,586,34039,268
2021-06-30,Sonoma,97,501317,31155,30947,379,31326,316
2021-06-30,Stanislaus,99,539301,57160,56997,6283,63280,1018
2021-06-30,Sutter,101,95872,9688,9638,95,9733,114
2021-06-30,Tehama,103,63373,5124,5124,619,5743,63
2021-06-30,Trinity,105,12862,376,341,71,412,3
2021-06-30,Tulare,107,460477,49882,49764,9686,59450,853
2021-06-30,Tuolumne,109,53932,4137,4112,38,4150,64
2021-06-30,Ventura,111,848112,81668,81392,3171,84563,1032
2021-06-30,Yolo,113,214977,14240,14178,377,14555,213
2021-06-30,Yuba,115,75493,6227,6191,134,6325,51
2021-06-29,Alameda,1,1643700,89784,89519,2096,91615,1257
2021-06-29,Alpine,3,1148,89,89,0,89,0
2021-06-29,Amador,5,37829,3764,3754,34,3788,46
2021-06-29,Butte,7,227075,12749,12669,1961,14630,201
2021-06-29,Calaveras,9,45235,2217,2198,15,2213,55
2021-06-29,Colusa,11,21464,1964,1967,330,2297,15
2021-06-29,Contra Costa,13,1133247,71254,70775,1396,72171,817
2021-06-29,Del Norte,15,27424,1441,1435,9,1444,8
2021-06-29,El Dorado,17,186661,10451,10403,807,11210,113
2021-06-29,Fresno,19,978130,102871,102464,9093,111557,1725
2021-06-29,Glenn,21,27897,2437,2439,588,3027,20
2021-06-29,Humboldt,23,135768,4549,4514,49,4563,49
2021-06-29,Imperial,25,180216,28713,28645,2939,31584,737
2021-06-29,Inyo,27,18085,1415,1408,4,1412,35
2021-06-29,Kern,29,883053,97529,97173,11632,108805,1347
2021-06-29,Kings,31,150075,23113,23035,1209,24244,245
2021-06-29,Lake,33,64148,3636,3594,13,3607,56
2021-06-29,Lassen,35,31185,5276,5268,123,5391,20
2021-06-29,Los Angeles,37,10098052,1209913,1207895,44349,1252244,24498
2021-06-29,Madera,39,155013,16748,16680,968,17648,240
2021-06-29,Marin,41,260295,14210,14127,273,14400,232
2021-06-29,Mariposa,43,17540,441,441,11,452,5
2021-06-29,Mendocino,45,87422,4196,4107,79,4186,49
2021-06-29,Merced,47,269075,31325,31277,1005,32282,469
2021-06-29,Modoc,49,8938,415,408,147,555,3
2021-06-29,Mono,51,14174,1256,1275,13,1288,3
2021-06-29,Monterey,53,433212,43212,43196,1938,45134,471
2021-06-29,Napa,55,140530,10061,10033,37,10070,81
2021-06-29,Nevada,57,99092,4980,4952,201,5153,72
2021-06-29,Orange,59,3164182,256289,255686,11921,267607,5124
2021-06-29,Placer,61,380077,23849,23693,1628,25321,299
2021-06-29,Plumas,63,18699,721,704,13,717,4
2021-06-29,Riverside,65,2383286,293175,292962,14899,307861,4524
2021-06-29,Sacramento,67,1510023,108624,108067,1923,109990,1677
2021-06-29,San Benito,69,59416,6115,6099,119,6218,63
2021-06-29,San Bernardino,71,2135413,294363,294118,9151,303269,4940
2021-06-29,San Diego,73,3302833,283196,282499,0,282499,3780
2021-06-29,San Francisco,75,870044,37187,37041,1411,38452,558
2021-06-29,San Joaquin,77,732212,74056,73724,3835,77559,1409
2021-06-29,San Luis Obispo,79,281455,21366,21324,797,22121,256
2021-06-29,San Mateo,81,765935,42875,42540,506,43046,540
2021-06-29,Santa Barbara,83,443738,34679,34507,1257,35764,455
2021-06-29,Santa Clara,85,1922200,119181,118893,815,119708,2090
2021-06-29,Santa Cruz,87,273765,16286,16249,878,17127,208
2021-06-29,Shasta,89,179085,12606,12564,1706,14270,204
2021-06-29,Sierra,91,2930,61,59,14,73,0
2021-06-29,Siskiyou,93,43540,1951,1897,395,2292,29
2021-06-29,Solano,95,438530,33549,33440,584,34024,268
2021-06-29,Sonoma,97,501317,31113,30950,377,31327,316
2021-06-29,Stanislaus,99,539301,57132,56980,6276,63256,1018
2021-06-29,Sutter,101,95872,9677,9634,95,9729,114
2021-06-29,Tehama,103,63373,5124,5124,619,5743,63
2021-06-29,Trinity,105,12862,376,341,71,412,3
2021-06-29,Tulare,107,460477,49869,49751,9681,59432,852
2021-06-29,Tuolumne,109,53932,4135,4111,38,4149,64
2021-06-29,Ventura,111,848112,81630,81363,3165,84528,1032
2021-06-29,Yolo,113,214977,14228,14171,376,14547,213
2021-06-29,Yuba,115,75493,6217,6188,134,6322,51
2021-06-28,Alameda,1,1643700,89691,89638,2094,91732,1259
2021-06-28,Alpine,3,1148,89,89,0,89,0
2021-06-28,Amador,5,37829,3763,3753,34,3787,46
2021-06-28,Butte,7,227075,12740,12697,1959,14656,198
2021-06-28,Calaveras,9,45235,2214,2203,15,2218,55
2021-06-28,Colusa,11,21464,1963,1974,329,2303,15
2021-06-28,Contra Costa,13,1133247,71180,70807,1394,72201,816
2021-06-28,Del Norte,15,27424,1441,1436,9,1445,8
2021-06-28,El Dorado,17,186661,10441,10422,803,11225,115
2021-06-28,Fresno,19,978130,102841,103121,9091,112212,1727
2021-06-28,Glenn,21,27897,2437,2439,588,3027,20
2021-06-28,Humboldt,23,135768,4542,4520,48,4568,49
2021-06-28,Imperial,25,180216,28705,28981,2938,31919,741
2021-06-28,Inyo,27,18085,1412,1407,4,1411,35
2021-06-28,Kern,29,883053,97510,97252,11627,108879,1348
2021-06-28,Kings,31,150075,23107,23134,1209,24343,246
2021-06-28,Lake,33,64148,3628,3591,13,3604,56
2021-06-28,Lassen,35,31185,5274,5268,123,5391,20
2021-06-28,Los Angeles,37,10098052,1209398,1207714,44311,1252025,24496
2021-06-28,Madera,39,155013,16738,16683,967,17650,240
2021-06-28,Marin,41,260295,14195,14186,273,14459,232
2021-06-28,Mariposa,43,17540,441,440,11,451,5
2021-06-28,Mendocino,45,87422,4187,4102,78,4180,49
2021-06-28,Merced,47,269075,31313,31277,1005,32282,469
2021-06-28,Modoc,49,8938,415,411,146,557,3
2021-06-28,Mono,51,14174,1256,1276,13,1289,3
2021-06-28,Monterey,53,433212,43208,43202,1937,45139,462
2021-06-28,Napa,55,140530,10052,10050,36,10086,81
2021-06-28,Nevada,57,99092,4976,4951,201,5152,72
2021-06-28,Orange,59,3164182,256201,255755,11907,267662,5123
2021-06-28,Placer,61,380077,23829,23756,1623,25379,299
2021-06-28,Plumas,63,18699,719,704,13,717,4
2021-06-28,Riverside,65,2383286,293050,292647,14886,307533,4507
2021-06-28,Sacramento,67,1510023,108490,108342,1919,110261,1675
2021-06-28,San Benito,69,59416,6113,6101,119,6220,63
2021-06-28,San Bernardino,71,2135413,294261,294151,9146,303297,4928
2021-06-28,San Diego,73,3302833,283033,282417,0,282417,3780
2021-06-28,San Francisco,75,870044,37151,37372,1409,38781,559
2021-06-28,San Joaquin,77,732212,74007,73973,3830,77803,1411
2021-06-28,San Luis Obispo,79,281455,21362,21340,796,22136,256
2021-06-28,San Mateo,81,765935,42842,42927,505,43432,540
2021-06-28,Santa Barbara,83,443738,34672,34534,1255,35789,455
2021-06-28,Santa Clara,85,1922200,119117,120377,814,121191,2103
2021-06-28,Santa Cruz,87,273765,16281,16245,878,17123,208
2021-06-28,Shasta,89,179085,12602,12642,1704,14346,203
2021-06-28,Sierra,91,2930,61,58,14,72,0
2021-06-28,Siskiyou,93,43540,1950,1896,395,2291,29
2021-06-28,Solano,95,438530,33513,33524,582,34106,267
2021-06-28,Sonoma,97,501317,31076,31137,376,31513,315
2021-06-28,Stanislaus,99,539301,57113,57047,6272,63319,1018
2021-06-28,Sutter,101,95872,9673,9682,95,9777,114
2021-06-28,Tehama,103,63373,5122,5122,619,5741,63
2021-06-28,Trinity,105,12862,376,341,71,412,3
2021-06-28,Tulare,107,460477,49860,49751,9676,59427,850
2021-06-28,Tuolumne,109,53932,4128,4121,38,4159,64
2021-06-28,Ventura,111,848112,81573,81393,3160,84553,1032
2021-06-28,Yolo,113,214977,14219,14199,373,14572,213
2021-06-28,Yuba,115,75493,6212,6207,134,6341,51
2021-06-27,Alameda,1,1643700,89606,89611,2090,91701,1259
2021-06-27,Alpine,3,1148,89,89,0,89,0
2021-06-27,Amador,5,37829,3762,3752,34,3786,46
2021-06-27,Butte,7,227075,12731,12696,1958,14654,198
2021-06-27,Calaveras,9,45235,2213,2203,15,2218,55
2021-06-27,Colusa,11,21464,1963,1974,329,2303,15
2021-06-27,Contra Costa,13,1133247,71093,70762,1390,72152,816
2021-06-27,Del Norte,15,27424,1438,1436,9,1445,8
2021-06-27,El Dorado,17,186661,10429,10418,800,11218,115
2021-06-27,Fresno,19,978130,102812,103110,9089,112199,1727
2021-06-27,Glenn,21,27897,2436,2439,587,3026,20
2021-06-27,Humboldt,23,135768,4530,4513,45,4558,49
2021-06-27,Imperial,25,180216,28691,28987,2938,31925,741
2021-06-27,Inyo,27,18085,1412,1407,4,1411,35
2021-06-27,Kern,29,883053,97485,97249,11620,108869,1348
2021-06-27,Kings,31,150075,23097,23132,1209,24341,246
2021-06-27,Lake,33,64148,3621,3581,13,3594,56
2021-06-27,Lassen,35,31185,5273,5265,123,5388,20
2021-06-27,Los Angeles,37,10098052,1208854,1207461,44271,1251732,24493
2021-06-27,Madera,39,155013,16730,16680,967,17647,240
2021-06-27,Marin,41,260295,14186,14182,273,14455,232
2021-06-27,Mariposa,43,17540,441,440,11,451,5
2021-06-27,Mendocino,45,87422,4180,4100,78,4178,49
2021-06-27,Merced,47,269075,31301,31266,1005,32271,469
2021-06-27,Modoc,49,8938,415,411,146,557,3
2021-06-27,Mono,51,14174,1256,1279,13,1292,3
2021-06-27,Monterey,53,433212,43195,43199,1937,45136,462
2021-06-27,Napa,55,140530,10046,10046,36,10082,81
2021-06-27,Nevada,57,99092,4970,4946,201,5147,72
2021-06-27,Orange,59,3164182,256088,255710,11896,267606,5123
2021-06-27,Placer,61,380077,23796,23731,1620,25351,299
2021-06-27,Plumas,63,18699,719,704,13,717,4
2021-06-27,Riverside,65,2383286,292947,292641,14880,307521,4507
2021-06-27,Sacramento,67,1510023,108357,108279,1915,110194,1675
2021-06-27,San Benito,69,59416,6107,6101,119,6220,63
2021-06-27,San Bernardino,71,2135413,294149,294115,9144,303259,4927
2021-06-27,San Diego,73,3302833,282894,282359,0,282359,3780
2021-06-27,San Francisco,75,870044,37114,37360,1408,38768,559
2021-06-27,San Joaquin,77,732212,73971,73960,3828,77788,1411
2021-06-27,San Luis Obispo,79,281455,21355,21340,795,22135,256
2021-06-27,San Mateo,81,765935,42814,42925,502,43427,539
2021-06-27,Santa Barbara,83,443738,34658,34533,1252,35785,455
2021-06-27,Santa Clara,85,1922200,119065,120352,812,121164,2103
2021-06-27,Santa Cruz,87,273765,16272,16241,878,17119,208
2021-06-27,Shasta,89,179085,12596,12640,1703,14343,203
2021-06-27,Sierra,91,2930,61,58,14,72,0
2021-06-27,Siskiyou,93,43540,1948,1896,394,2290,29
2021-06-27,Solano,95,438530,33485,33516,582,34098,267
2021-06-27,Sonoma,97,501317,31038,31129,376,31505,315
2021-06-27,Stanislaus,99,539301,57066,57021,6269,63290,1018
2021-06-27,Sutter,101,95872,9667,9678,95,9773,114
2021-06-27,Tehama,103,63373,5118,5122,619,5741,63
2021-06-27,Trinity,105,12862,376,341,70,411,3
2021-06-27,Tulare,107,460477,49848,49749,9669,59418,850
2021-06-27,Tuolumne,109,53932,4126,4121,38,4159,64
2021-06-27,Ventura,111,848112,81539,81361,3151,84512,1032
2021-06-27,Yolo,113,214977,14204,14194,369,14563,213
2021-06-27,Yuba,115,75493,6206,6205,134,6339,51
2021-06-26,Alameda,1,1643700,89549,89560,2089,91649,1259
2021-06-26,Alpine,3,1148,89,89,0,89,0
2021-06-26,Amador,5,37829,3762,3748,34,3782,46
2021-06-26,Butte,7,227075,12727,12693,1955,14648,198
2021-06-26,Calaveras,9,45235,2211,2202,15,2217,55
2021-06-26,Colusa,11,21464,1963,1973,329,2302,15
2021-06-26,Contra Costa,13,1133247,71050,70712,1389,72101,816
2021-06-26,Del Norte,15,27424,1437,1432,9,1441,8
2021-06-26,El Dorado,17,186661,10421,10414,799,11213,115
2021-06-26,Fresno,19,978130,102792,103091,9087,112178,1727
2021-06-26,Glenn,21,27897,2434,2441,587,3028,20
2021-06-26,Humboldt,23,135768,4527,4509,45,4554,49
2021-06-26,Imperial,25,180216,28687,28970,2938,31908,741
2021-06-26,Inyo,27,18085,1412,1407,4,1411,35
2021-06-26,Kern,29,883053,97459,97239,11611,108850,1348
2021-06-26,Kings,31,150075,23093,23128,1208,24336,246
2021-06-26,Lake,33,64148,3610,3576,13,3589,56
2021-06-26,Lassen,35,31185,5270,5263,123,5386,20
2021-06-26,Los Angeles,37,10098052,1208552,1207198,44235,1251433,24490
2021-06-26,Madera,39,155013,16723,16679,966,17645,240
2021-06-26,Marin,41,260295,14177,14180,273,14453,232
2021-06-26,Mariposa,43,17540,441,440,11,451,5
2021-06-26,Mendocino,45,87422,4178,4096,78,4174,49
2021-06-26,Merced,47,269075,31295,31259,1004,32263,469
2021-06-26,Modoc,49,8938,415,411,146,557,3
2021-06-26,Mono,51,14174,1256,1279,13,1292,3
2021-06-26,Monterey,53,433212,43192,43192,1937,45129,462
2021-06-26,Napa,55,140530,10040,10043,36,10079,81
2021-06-26,Nevada,57,99092,4965,4939,201,5140,72
2021-06-26,Orange,59,3164182,256012,255640,11889,267529,5123
2021-06-26,Placer,61,380077,23782,23702,1618,25320,299
2021-06-26,Plumas,63,18699,719,704,13,717,4
2021-06-26,Riverside,65,2383286,292890,292480,14874,307354,4505
2021-06-26,Sacramento,67,1510023,108287,108179,1913,110092,1675
2021-06-26,San Benito,69,59416,6103,6100,119,6219,63
2021-06-26,San Bernardino,71,2135413,294056,294034,9139,303173,4928
2021-06-26,San Diego,73,3302833,282809,282263,0,282263,3780
2021-06-26,San Francisco,75,870044,37082,37348,1407,38755,559
2021-06-26,San Joaquin,77,732212,73942,73928,3827,77755,1411
2021-06-26,San Luis Obispo,79,281455,21354,21330,794,22124,256
2021-06-26,San Mateo,81,765935,42793,42898,502,43400,539
2021-06-26,Santa Barbara,83,443738,34649,34525,1252,35777,455
2021-06-26,Santa Clara,85,1922200,119032,120321,812,121133,2103
2021-06-26,Santa Cruz,87,273765,16269,16239,878,17117,208
2021-06-26,Shasta,89,179085,12592,12635,1699,14334,203
2021-06-26,Sierra,91,2930,61,58,14,72,0
2021-06-26,Siskiyou,93,43540,1947,1896,393,2289,29
2021-06-26,Solano,95,438530,33467,33489,580,34069,267
2021-06-26,Sonoma,97,501317,31011,31088,376,31464,315
2021-06-26,Stanislaus,99,539301,57045,57006,6267,63273,1018
2021-06-26,Sutter,101,95872,9666,9669,95,9764,114
2021-06-26,Tehama,103,63373,5118,5119,619,5738,63
2021-06-26,Trinity,105,12862,376,341,70,411,3
2021-06-26,Tulare,107,460477,49842,49745,9669,59414,850
2021-06-26,Tuolumne,109,53932,4126,4121,38,4159,64
2021-06-26,Ventura,111,848112,81515,81352,3150,84502,1032
2021-06-26,Yolo,113,214977,14195,14184,369,14553,213
2021-06-26,Yuba,115,75493,6203,6200,134,6334,51
2021-06-25,Alameda,1,1643700,89483,89453,2086,91539,1271
2021-06-25,Alpine,3,1148,89,89,0,89,0
2021-06-25,Amador,5,37829,3761,3746,34,3780,46
2021-06-25,Butte,7,227075,12722,12682,1952,14634,198
2021-06-25,Calaveras,9,45235,2210,2201,15,2216,55
2021-06-25,Colusa,11,21464,1963,1972,329,2301,15
2021-06-25,Contra Costa,13,1133247,71014,70659,1389,72048,815
2021-06-25,Del Norte,15,27424,1437,1426,9,1435,8
2021-06-25,El Dorado,17,186661,10413,10406,796,11202,115
2021-06-25,Fresno,19,978130,102775,103073,9083,112156,1727
2021-06-25,Glenn,21,27897,2434,2441,587,3028,20
2021-06-25,Humboldt,23,135768,4521,4503,43,4546,49
2021-06-25,Imperial,25,180216,28684,28968,2938,31906,740
2021-06-25,Inyo,27,18085,1411,1406,4,1410,35
2021-06-25,Kern,29,883053,97440,97182,11607,108789,1347
2021-06-25,Kings,31,150075,23087,23118,1208,24326,246
2021-06-25,Lake,33,64148,3604,3571,13,3584,56
2021-06-25,Lassen,35,31185,5269,5259,123,5382,20
2021-06-25,Los Angeles,37,10098052,1208276,1206909,44217,1251126,24483
2021-06-25,Madera,39,155013,16720,16670,966,17636,240
2021-06-25,Marin,41,260295,14174,14179,273,14452,232
2021-06-25,Mariposa,43,17540,441,440,11,451,5
2021-06-25,Mendocino,45,87422,4175,4089,78,4167,49
2021-06-25,Merced,47,269075,31287,31256,1004,32260,467
2021-06-25,Modoc,49,8938,415,411,146,557,3
2021-06-25,Mono,51,14174,1256,1279,13,1292,3
2021-06-25,Monterey,53,433212,43187,43184,1936,45120,462
2021-06-25,Napa,55,140530,10035,10037,36,10073,81
2021-06-25,Nevada,57,99092,4962,4932,201,5133,72
2021-06-25,Orange,59,3164182,255942,255574,11886,267460,5119
2021-06-25,Placer,61,380077,23763,23672,1617,25289,299
2021-06-25,Plumas,63,18699,719,702,12,714,4
2021-06-25,Riverside,65,2383286,292823,291663,14868,306531,4490
2021-06-25,Sacramento,67,1510023,108213,108034,1910,109944,1673
2021-06-25,San Benito,69,59416,6099,6098,119,6217,63
2021-06-25,San Bernardino,71,2135413,294001,293941,9137,303078,4911
2021-06-25,San Diego,73,3302833,282749,282157,0,282157,3779
2021-06-25,San Francisco,75,870044,37059,37338,1406,38744,559
2021-06-25,San Joaquin,77,732212,73909,73860,3825,77685,1410
2021-06-25,San Luis Obispo,79,281455,21351,21325,793,22118,256
2021-06-25,San Mateo,81,765935,42775,42849,502,43351,537
2021-06-25,Santa Barbara,83,443738,34641,34518,1251,35769,454
2021-06-25,Santa Clara,85,1922200,119012,120272,812,121084,2103
2021-06-25,Santa Cruz,87,273765,16266,16230,876,17106,208
2021-06-25,Shasta,89,179085,12582,12633,1698,14331,202
2021-06-25,Sierra,91,2930,61,58,14,72,0
2021-06-25,Siskiyou,93,43540,1946,1894,393,2287,29
2021-06-25,Solano,95,438530,33447,33449,580,34029,267
2021-06-25,Sonoma,97,501317,30988,31043,376,31419,314
2021-06-25,Stanislaus,99,539301,57026,56973,6260,63233,1018
2021-06-25,Sutter,101,95872,9659,9664,95,9759,114
2021-06-25,Tehama,103,63373,5117,5119,619,5738,63
2021-06-25,Trinity,105,12862,376,338,70,408,3
2021-06-25,Tulare,107,460477,49836,49731,9665,59396,850
2021-06-25,Tuolumne,109,53932,4125,4121,38,4159,64
2021-06-25,Ventura,111,848112,81486,81342,3144,84486,1032
2021-06-25,Yolo,113,214977,14189,14172,369,14541,213
2021-06-25,Yuba,115,75493,6199,6195,134,6329,51
2021-06-24,Alameda,1,1643700,89412,89358,2082,91440,1268
2021-06-24,Alpine,3,1148,89,89,0,89,0
2021-06-24,Amador,5,37829,3757,3745,34,3779,46
2021-06-24,Butte,7,227075,12716,12673,1950,14623,198
2021-06-24,Calaveras,9,45235,2206,2202,15,2217,55
2021-06-24,Colusa,11,21464,1962,1972,329,2301,15
2021-06-24,Contra Costa,13,1133247,70955,70590,1389,71979,813
2021-06-24,Del Norte,15,27424,1436,1421,9,1430,8
2021-06-24,El Dorado,17,186661,10406,10402,796,11198,115
2021-06-24,Fresno,19,978130,102755,103061,9080,112141,1727
2021-06-24,Glenn,21,27897,2433,2439,587,3026,20
2021-06-24,Humboldt,23,135768,4516,4493,43,4536,49
2021-06-24,Imperial,25,180216,28681,28981,2938,31919,740
2021-06-24,Inyo,27,18085,1410,1406,4,1410,35
2021-06-24,Kern,29,883053,97421,97129,11594,108723,1346
2021-06-24,Kings,31,150075,23083,23114,1206,24320,246
2021-06-24,Lake,33,64148,3598,3571,13,3584,56
2021-06-24,Lassen,35,31185,5268,5258,123,5381,20
2021-06-24,Los Angeles,37,10098052,1207953,1206590,44193,1250783,24480
2021-06-24,Madera,39,155013,16709,16662,966,17628,240
2021-06-24,Marin,41,260295,14170,14180,273,14453,232
2021-06-24,Mariposa,43,17540,441,440,11,451,5
2021-06-24,Mendocino,45,87422,4167,4085,78,4163,49
2021-06-24,Merced,47,269075,31276,31248,1004,32252,466
2021-06-24,Modoc,49,8938,415,411,146,557,3
2021-06-24,Mono,51,14174,1256,1276,13,1289,3
2021-06-24,Monterey,53,433212,43180,43180,1936,45116,451
2021-06-24,Napa,55,140530,10033,10036,36,10072,80
2021-06-24,Nevada,57,99092,4960,4927,201,5128,72
2021-06-24,Orange,59,3164182,255878,255520,11878,267398,5117
2021-06-24,Placer,61,380077,23738,23659,1615,25274,299
2021-06-24,Plumas,63,18699,718,702,12,714,4
2021-06-24,Riverside,65,2383286,292743,291067,14857,305924,4473
2021-06-24,Sacramento,67,1510023,108125,107965,1908,109873,1672
2021-06-24,San Benito,69,59416,6096,6098,119,6217,63
2021-06-24,San Bernardino,71,2135413,293932,293895,9132,303027,4898
2021-06-24,San Diego,73,3302833,282644,282053,0,282053,3778
2021-06-24,San Francisco,75,870044,37037,37320,1404,38724,559
2021-06-24,San Joaquin,77,732212,73861,73814,3825,77639,1408
2021-06-24,San Luis Obispo,79,281455,21345,21326,793,22119,256
2021-06-24,San Mateo,81,765935,42749,42814,501,43315,542
2021-06-24,Santa Barbara,83,443738,34635,34512,1250,35762,454
2021-06-24,Santa Clara,85,1922200,118982,120274,811,121085,2103
2021-06-24,Santa Cruz,87,273765,16265,16227,876,17103,208
2021-06-24,Shasta,89,179085,12577,12629,1694,14323,202
2021-06-24,Sierra,91,2930,61,58,14,72,0
2021-06-24,Siskiyou,93,43540,1946,1892,393,2285,28
2021-06-24,Solano,95,438530,33425,33432,578,34010,267
2021-06-24,Sonoma,97,501317,30959,31020,376,31396,314
2021-06-24,Stanislaus,99,539301,56995,56946,6259,63205,1018
2021-06-24,Sutter,101,95872,9652,9660,95,9755,113
2021-06-24,Tehama,103,63373,5114,5115,619,5734,63
2021-06-24,Trinity,105,12862,375,338,70,408,3
2021-06-24,Tulare,107,460477,49826,49730,9662,59392,850
2021-06-24,Tuolumne,109,53932,4123,4120,38,4158,64
2021-06-24,Ventura,111,848112,81458,81332,3143,84475,1032
2021-06-24,Yolo,113,214977,14181,14169,365,14534,213
2021-06-24,Yuba,115,75493,6194,6195,134,6329,51
2021-06-23,Alameda,1,1643700,89340,89338,2081,91419,1266
2021-06-23,Alpine,3,1148,89,88,0,88,0
2021-06-23,Amador,5,37829,3755,3743,34,3777,46
2021-06-23,Butte,7,227075,12709,12666,1950,14616,198
2021-06-23,Calaveras,9,45235,2205,2199,15,2214,55
2021-06-23,Colusa,11,21464,1961,1972,329,2301,15
2021-06-23,Contra Costa,13,1133247,70890,70526,1388,71914,813
2021-06-23,Del Norte,15,27424,1432,1418,9,1427,8
2021-06-23,El Dorado,17,186661,10397,10395,793,11188,115
2021-06-23,Fresno,19,978130,102725,103020,9078,112098,1724
2021-06-23,Glenn,21,27897,2433,2437,586,3023,20
2021-06-23,Humboldt,23,135768,4507,4490,43,4533,48
2021-06-23,Imperial,25,180216,28674,28908,2938,31846,740
2021-06-23,Inyo,27,18085,1410,1406,4,1410,35
2021-06-23,Kern,29,883053,97394,97078,11580,108658,1345
2021-06-23,Kings,31,150075,23076,23105,1204,24309,245
2021-06-23,Lake,33,64148,3589,3566,13,3579,53
2021-06-23,Lassen,35,31185,5265,5257,123,5380,20
2021-06-23,Los Angeles,37,10098052,1207616,1206358,44182,1250540,24472
2021-06-23,Madera,39,155013,16704,16660,966,17626,240
2021-06-23,Marin,41,260295,14164,14177,273,14450,230
2021-06-23,Mariposa,43,17540,441,439,11,450,5
2021-06-23,Mendocino,45,87422,4163,4078,78,4156,49
2021-06-23,Merced,47,269075,31267,31260,1004,32264,465
2021-06-23,Modoc,49,8938,413,407,146,553,3
2021-06-23,Mono,51,14174,1256,1279,13,1292,3
2021-06-23,Monterey,53,433212,43171,43166,1936,45102,439
2021-06-23,Napa,55,140530,10024,10032,36,10068,80
2021-06-23,Nevada,57,99092,4957,4924,201,5125,72
2021-06-23,Orange,59,3164182,255813,255479,11870,267349,5116
2021-06-23,Placer,61,380077,23710,23630,1608,25238,299
2021-06-23,Plumas,63,18699,717,701,12,713,4
2021-06-23,Riverside,65,2383286,292660,290343,14855,305198,4462
2021-06-23,Sacramento,67,1510023,108031,107868,1903,109771,1671
2021-06-23,San Benito,69,59416,6092,6097,119,6216,63
2021-06-23,San Bernardino,71,2135413,293855,293816,9127,302943,4886
2021-06-23,San Diego,73,3302833,282544,281937,0,281937,3777
2021-06-23,San Francisco,75,870044,37013,37304,1403,38707,559
2021-06-23,San Joaquin,77,732212,73822,73764,3823,77587,1405
2021-06-23,San Luis Obispo,79,281455,21341,21323,792,22115,257
2021-06-23,San Mateo,81,765935,42733,42756,500,43256,542
2021-06-23,Santa Barbara,83,443738,34625,34505,1250,35755,454
2021-06-23,Santa Clara,85,1922200,118953,120233,811,121044,2098
2021-06-23,Santa Cruz,87,273765,16261,16215,876,17091,209
2021-06-23,Shasta,89,179085,12570,12604,1692,14296,202
2021-06-23,Sierra,91,2930,61,57,14,71,0
2021-06-23,Siskiyou,93,43540,1944,1892,393,2285,28
2021-06-23,Solano,95,438530,33381,33408,578,33986,267
2021-06-23,Sonoma,97,501317,30919,30959,374,31333,314
2021-06-23,Stanislaus,99,539301,56962,56926,6258,63184,1017
2021-06-23,Sutter,101,95872,9646,9653,95,9748,113
2021-06-23,Tehama,103,63373,5114,5119,618,5737,63
2021-06-23,Trinity,105,12862,375,338,70,408,3
2021-06-23,Tulare,107,460477,49820,49711,9657,59368,850
2021-06-23,Tuolumne,109,53932,4120,4120,38,4158,64
2021-06-23,Ventura,111,848112,81435,81312,3140,84452,1032
2021-06-23,Yolo,113,214977,14171,14161,365,14526,212
2021-06-23,Yuba,115,75493,6191,6190,134,6324,51
2021-06-22,Alameda,1,1643700,89272,89308,2081,91389,1263
2021-06-22,Alpine,3,1148,89,88,0,88,0
2021-06-22,Amador,5,37829,3752,3743,34,3777,46
2021-06-22,Butte,7,227075,12705,12662,1948,14610,198
2021-06-22,Calaveras,9,45235,2204,2198,15,2213,55
2021-06-22,Colusa,11,21464,1960,1971,329,2300,15
2021-06-22,Contra Costa,13,1133247,70834,70480,1387,71867,813
2021-06-22,Del Norte,15,27424,1429,1417,9,1426,8
2021-06-22,El Dorado,17,186661,10392,10380,792,11172,113
2021-06-22,Fresno,19,978130,102706,102996,9074,112070,1724
2021-06-22,Glenn,21,27897,2432,2435,584,3019,19
2021-06-22,Humboldt,23,135768,4497,4483,43,4526,42
2021-06-22,Imperial,25,180216,28669,28880,2938,31818,740
2021-06-22,Inyo,27,18085,1410,1405,4,1409,35
2021-06-22,Kern,29,883053,97380,97013,11576,108589,1342
2021-06-22,Kings,31,150075,23068,23098,1203,24301,245
2021-06-22,Lake,33,64148,3587,3564,13,3577,45
2021-06-22,Lassen,35,31185,5260,5254,123,5377,20
2021-06-22,Los Angeles,37,10098052,1207303,1206146,44170,1250316,24461
2021-06-22,Madera,39,155013,16699,16652,966,17618,240
2021-06-22,Marin,41,260295,14162,14174,273,14447,230
2021-06-22,Mariposa,43,17540,441,439,11,450,5
2021-06-22,Mendocino,45,87422,4157,4072,78,4150,49
2021-06-22,Merced,47,269075,31256,31267,1004,32271,464
2021-06-22,Modoc,49,8938,412,405,145,550,3
2021-06-22,Mono,51,14174,1256,1277,13,1290,3
2021-06-22,Monterey,53,433212,43168,43162,1935,45097,427
2021-06-22,Napa,55,140530,10019,10029,36,10065,80
2021-06-22,Nevada,57,99092,4951,4923,201,5124,72
2021-06-22,Orange,59,3164182,255746,255452,11859,267311,5114
2021-06-22,Placer,61,380077,23689,23603,1608,25211,299
2021-06-22,Plumas,63,18699,717,697,12,709,4
2021-06-22,Riverside,65,2383286,292599,289839,14851,304690,4456
2021-06-22,Sacramento,67,1510023,107930,107801,1898,109699,1670
2021-06-22,San Benito,69,59416,6091,6098,119,6217,63
2021-06-22,San Bernardino,71,2135413,293776,293770,9121,302891,4873
2021-06-22,San Diego,73,3302833,282440,281867,0,281867,3771
2021-06-22,San Francisco,75,870044,36999,37287,1403,38690,556
2021-06-22,San Joaquin,77,732212,73792,73723,3822,77545,1405
2021-06-22,San Luis Obispo,79,281455,21338,21321,791,22112,257
2021-06-22,San Mateo,81,765935,42720,42725,494,43219,542
2021-06-22,Santa Barbara,83,443738,34614,34500,1249,35749,454
2021-06-22,Santa Clara,85,1922200,118921,120194,811,121005,2095
2021-06-22,Santa Cruz,87,273765,16256,16218,876,17094,209
2021-06-22,Shasta,89,179085,12560,12616,1688,14304,202
2021-06-22,Sierra,91,2930,60,57,14,71,0
2021-06-22,Siskiyou,93,43540,1944,1892,393,2285,28
2021-06-22,Solano,95,438530,33363,33397,577,33974,267
2021-06-22,Sonoma,97,501317,30879,30933,374,31307,314
2021-06-22,Stanislaus,99,539301,56942,56915,6256,63171,1017
2021-06-22,Sutter,101,95872,9639,9649,95,9744,113
2021-06-22,Tehama,103,63373,5112,5118,617,5735,63
2021-06-22,Trinity,105,12862,373,337,70,407,3
2021-06-22,Tulare,107,460477,49812,49706,9652,59358,850
2021-06-22,Tuolumne,109,53932,4118,4119,38,4157,64
2021-06-22,Ventura,111,848112,81421,81300,3139,84439,1032
2021-06-22,Yolo,113,214977,14166,14157,363,14520,212
2021-06-22,Yuba,115,75493,6187,6181,134,6315,51
2021-06-21,Alameda,1,1643700,89212,89281,2080,91361,1262
2021-06-21,Alpine,3,1148,89,88,0,88,0
2021-06-21,Amador,5,37829,3746,3742,34,3776,46
2021-06-21,Butte,7,227075,12699,12668,1946,14614,195
2021-06-21,Calaveras,9,45235,2203,2194,15,2209,55
2021-06-21,Colusa,11,21464,1959,1970,328,2298,15
2021-06-21,Contra Costa,13,1133247,70764,70439,1385,71824,813
2021-06-21,Del Norte,15,27424,1425,1416,9,1425,8
2021-06-21,El Dorado,17,186661,10386,10375,791,11166,113
2021-06-21,Fresno,19,978130,102687,102971,9071,112042,1724
2021-06-21,Glenn,21,27897,2431,2433,584,3017,19
2021-06-21,Humboldt,23,135768,4488,4478,42,4520,42
2021-06-21,Imperial,25,180216,28665,28855,2938,31793,740
2021-06-21,Inyo,27,18085,1409,1405,4,1409,35
2021-06-21,Kern,29,883053,97351,96995,11567,108562,1342
2021-06-21,Kings,31,150075,23061,23091,1200,24291,245
2021-06-21,Lake,33,64148,3581,3563,13,3576,45
2021-06-21,Lassen,35,31185,5258,5233,123,5356,19
2021-06-21,Los Angeles,37,10098052,1207016,1205994,44145,1250139,24459
2021-06-21,Madera,39,155013,16690,16647,965,17612,240
2021-06-21,Marin,41,260295,14158,14173,273,14446,230
2021-06-21,Mariposa,43,17540,441,439,11,450,5
2021-06-21,Mendocino,45,87422,4154,4085,78,4163,49
2021-06-21,Merced,47,269075,31246,31264,1003,32267,465
2021-06-21,Modoc,49,8938,412,405,145,550,3
2021-06-21,Mono,51,14174,1256,1277,13,1290,3
2021-06-21,Monterey,53,433212,43165,43157,1935,45092,427
2021-06-21,Napa,55,140530,10015,10028,36,10064,80
2021-06-21,Nevada,57,99092,4947,4921,201,5122,72
2021-06-21,Orange,59,3164182,255676,255400,11851,267251,5113
2021-06-21,Placer,61,380077,23664,23577,1608,25185,298
2021-06-21,Plumas,63,18699,715,697,12,709,4
2021-06-21,Riverside,65,2383286,292525,289797,14846,304643,4456
2021-06-21,Sacramento,67,1510023,107819,107757,1897,109654,1669
2021-06-21,San Benito,69,59416,6087,6098,119,6217,63
2021-06-21,San Bernardino,71,2135413,293688,293736,9116,302852,4850
2021-06-21,San Diego,73,3302833,282334,281811,0,281811,3771
2021-06-21,San Francisco,75,870044,36983,37275,1402,38677,556
2021-06-21,San Joaquin,77,732212,73751,73687,3821,77508,1405
2021-06-21,San Luis Obispo,79,281455,21329,21316,791,22107,257
2021-06-21,San Mateo,81,765935,42702,42685,493,43178,542
2021-06-21,Santa Barbara,83,443738,34609,34492,1249,35741,455
2021-06-21,Santa Clara,85,1922200,118888,120192,810,121002,2093
2021-06-21,Santa Cruz,87,273765,16254,16212,876,17088,208
2021-06-21,Shasta,89,179085,12547,12617,1685,14302,201
2021-06-21,Sierra,91,2930,60,57,14,71,0
2021-06-21,Siskiyou,93,43540,1944,1892,393,2285,27
2021-06-21,Solano,95,438530,33340,33383,575,33958,266
2021-06-21,Sonoma,97,501317,30858,30912,374,31286,314
2021-06-21,Stanislaus,99,539301,56912,56891,6251,63142,1017
2021-06-21,Sutter,101,95872,9638,9649,95,9744,113
2021-06-21,Tehama,103,63373,5112,5115,616,5731,63
2021-06-21,Trinity,105,12862,373,337,70,407,3
2021-06-21,Tulare,107,460477,49803,49689,9646,59335,849
2021-06-21,Tuolumne,109,53932,4114,4119,38,4157,63
2021-06-21,Ventura,111,848112,81393,81291,3135,84426,1031
2021-06-21,Yolo,113,214977,14160,14165,363,14528,212
2021-06-21,Yuba,115,75493,6186,6172,134,6306,51
2021-06-20,Alameda,1,1643700,89149,89255,2080,91335,1263
2021-06-20,Alpine,3,1148,89,88,0,88,0
2021-06-20,Amador,5,37829,3743,3740,34,3774,46
2021-06-20,Butte,7,227075,12692,12668,1945,14613,194
2021-06-20,Calaveras,9,45235,2201,2193,15,2208,55
2021-06-20,Colusa,11,21464,1959,1970,328,2298,15
2021-06-20,Contra Costa,13,1133247,70707,70401,1383,71784,813
2021-06-20,Del Norte,15,27424,1421,1416,9,1425,8
2021-06-20,El Dorado,17,186661,10372,10372,789,11161,113
2021-06-20,Fresno,19,978130,102647,102947,9067,112014,1724
2021-06-20,Glenn,21,27897,2431,2434,584,3018,19
2021-06-20,Humboldt,23,135768,4482,4472,42,4514,42
2021-06-20,Imperial,25,180216,28656,28855,2938,31793,740
2021-06-20,Inyo,27,18085,1408,1405,4,1409,35
2021-06-20,Kern,29,883053,97330,96985,11556,108541,1342
2021-06-20,Kings,31,150075,23056,23088,1198,24286,245
2021-06-20,Lake,33,64148,3579,3563,13,3576,45
2021-06-20,Lassen,35,31185,5255,5230,123,5353,19
2021-06-20,Los Angeles,37,10098052,1206720,1205874,44135,1250009,24456
2021-06-20,Madera,39,155013,16682,16638,963,17601,240
2021-06-20,Marin,41,260295,14155,14166,273,14439,230
2021-06-20,Mariposa,43,17540,439,439,11,450,5
2021-06-20,Mendocino,45,87422,4147,4080,78,4158,49
2021-06-20,Merced,47,269075,31233,31265,1003,32268,465
2021-06-20,Modoc,49,8938,412,405,145,550,3
2021-06-20,Mono,51,14174,1256,1275,13,1288,3
2021-06-20,Monterey,53,433212,43156,43156,1934,45090,427
2021-06-20,Napa,55,140530,10008,10026,35,10061,80
2021-06-20,Nevada,57,99092,4940,4919,201,5120,72
2021-06-20,Orange,59,3164182,255614,255377,11839,267216,5113
2021-06-20,Placer,61,380077,23631,23562,1604,25166,298
2021-06-20,Plumas,63,18699,714,697,12,709,4
2021-06-20,Riverside,65,2383286,292450,289770,14836,304606,4456
2021-06-20,Sacramento,67,1510023,107711,107700,1894,109594,1669
2021-06-20,San Benito,69,59416,6087,6098,119,6217,63
2021-06-20,San Bernardino,71,2135413,293590,293713,9112,302825,4845
2021-06-20,San Diego,73,3302833,282228,281750,0,281750,3771
2021-06-20,San Francisco,75,870044,36961,37269,1402,38671,556
2021-06-20,San Joaquin,77,732212,73708,73676,3813,77489,1405
2021-06-20,San Luis Obispo,79,281455,21327,21313,791,22104,257
2021-06-20,San Mateo,81,765935,42674,42681,493,43174,542
2021-06-20,Santa Barbara,83,443738,34600,34487,1249,35736,455
2021-06-20,Santa Clara,85,1922200,118853,120163,810,120973,2093
2021-06-20,Santa Cruz,87,273765,16247,16210,876,17086,208
2021-06-20,Shasta,89,179085,12542,12617,1683,14300,201
2021-06-20,Sierra,91,2930,60,57,14,71,0
2021-06-20,Siskiyou,93,43540,1943,1891,393,2284,27
2021-06-20,Solano,95,438530,33318,33361,573,33934,266
2021-06-20,Sonoma,97,501317,30812,30884,370,31254,314
2021-06-20,Stanislaus,99,539301,56877,56868,6250,63118,1017
2021-06-20,Sutter,101,95872,9635,9645,95,9740,113
2021-06-20,Tehama,103,63373,5108,5115,616,5731,63
2021-06-20,Trinity,105,12862,373,337,70,407,3
2021-06-20,Tulare,107,460477,49794,49685,9644,59329,849
2021-06-20,Tuolumne,109,53932,4111,4117,38,4155,63
2021-06-20,Ventura,111,848112,81377,81282,3133,84415,1031
2021-06-20,Yolo,113,214977,14153,14160,363,14523,212
2021-06-20,Yuba,115,75493,6179,6167,134,6301,51
2021-06-19,Alameda,1,1643700,89116,89202,2080,91282,1263
2021-06-19,Alpine,3,1148,89,88,0,88,0
2021-06-19,Amador,5,37829,3741,3739,34,3773,46
2021-06-19,Butte,7,227075,12688,12659,1945,14604,194
2021-06-19,Calaveras,9,45235,2201,2192,15,2207,55
2021-06-19,Colusa,11,21464,1959,1969,328,2297,15
2021-06-19,Contra Costa,13,1133247,70673,70334,1382,71716,813
2021-06-19,Del Norte,15,27424,1420,1416,9,1425,8
2021-06-19,El Dorado,17,186661,10371,10363,788,11151,113
2021-06-19,Fresno,19,978130,102634,102922,9064,111986,1724
2021-06-19,Glenn,21,27897,2430,2434,583,3017,19
2021-06-19,Humboldt,23,135768,4471,4463,42,4505,42
2021-06-19,Imperial,25,180216,28655,28813,2938,31751,740
2021-06-19,Inyo,27,18085,1408,1405,4,1409,35
2021-06-19,Kern,29,883053,97314,96966,11552,108518,1342
2021-06-19,Kings,31,150075,23053,23086,1198,24284,245
2021-06-19,Lake,33,64148,3575,3563,13,3576,45
2021-06-19,Lassen,35,31185,5254,5225,123,5348,19
2021-06-19,Los Angeles,37,10098052,1206523,1205602,44120,1249722,24454
2021-06-19,Madera,39,155013,16680,16632,963,17595,240
2021-06-19,Marin,41,260295,14147,14152,273,14425,230
2021-06-19,Mariposa,43,17540,439,439,11,450,5
2021-06-19,Mendocino,45,87422,4141,4077,78,4155,49
2021-06-19,Merced,47,269075,31231,31256,1003,32259,465
2021-06-19,Modoc,49,8938,411,402,145,547,3
2021-06-19,Mono,51,14174,1256,1275,13,1288,3
2021-06-19,Monterey,53,433212,43150,43153,1934,45087,427
2021-06-19,Napa,55,140530,10004,10025,35,10060,80
2021-06-19,Nevada,57,99092,4935,4910,201,5111,72
2021-06-19,Orange,59,3164182,255569,255329,11835,267164,5112
2021-06-19,Placer,61,380077,23615,23537,1601,25138,298
2021-06-19,Plumas,63,18699,713,697,12,709,4
2021-06-19,Riverside,65,2383286,292404,289720,14836,304556,4456
2021-06-19,Sacramento,67,1510023,107667,107631,1891,109522,1669
2021-06-19,San Benito,69,59416,6086,6098,119,6217,63
2021-06-19,San Bernardino,71,2135413,293547,293673,9109,302782,4844
2021-06-19,San Diego,73,3302833,282168,281682,0,281682,3771
2021-06-19,San Francisco,75,870044,36949,37256,1401,38657,556
2021-06-19,San Joaquin,77,732212,73692,73652,3809,77461,1405
2021-06-19,San Luis Obispo,79,281455,21325,21308,791,22099,257
2021-06-19,San Mateo,81,765935,42659,42646,491,43137,542
2021-06-19,Santa Barbara,83,443738,34598,34472,1249,35721,455
2021-06-19,Santa Clara,85,1922200,118830,120110,809,120919,2093
2021-06-19,Santa Cruz,87,273765,16243,16206,876,17082,208
2021-06-19,Shasta,89,179085,12540,12615,1682,14297,201
2021-06-19,Sierra,91,2930,60,57,14,71,0
2021-06-19,Siskiyou,93,43540,1943,1891,392,2283,27
2021-06-19,Solano,95,438530,33308,33341,572,33913,266
2021-06-19,Sonoma,97,501317,30771,30841,369,31210,314
2021-06-19,Stanislaus,99,539301,56858,56847,6247,63094,1017
2021-06-19,Sutter,101,95872,9632,9645,95,9740,113
2021-06-19,Tehama,103,63373,5107,5115,616,5731,63
2021-06-19,Trinity,105,12862,373,337,70,407,3
2021-06-19,Tulare,107,460477,49787,49681,9639,59320,849
2021-06-19,Tuolumne,109,53932,4111,4117,38,4155,63
2021-06-19,Ventura,111,848112,81364,81270,3132,84402,1031
2021-06-19,Yolo,113,214977,14149,14156,362,14518,212
2021-06-19,Yuba,115,75493,6178,6157,134,6291,51
2021-06-18,Alameda,1,1643700,89079,89123,2080,91203,1263
2021-06-18,Alpine,3,1148,89,88,0,88,0
2021-06-18,Amador,5,37829,3741,3739,34,3773,46
2021-06-18,Butte,7,227075,12685,12653,1942,14595,194
2021-06-18,Calaveras,9,45235,2201,2191,15,2206,55
2021-06-18,Colusa,11,21464,1958,1969,328,2297,15
2021-06-18,Contra Costa,13,1133247,70631,70271,1380,71651,813
2021-06-18,Del Norte,15,27424,1420,1415,9,1424,8
2021-06-18,El Dorado,17,186661,10369,10348,786,11134,113
2021-06-18,Fresno,19,978130,102618,102894,9062,111956,1722
2021-06-18,Glenn,21,27897,2429,2430,583,3013,19
2021-06-18,Humboldt,23,135768,4463,4450,42,4492,42
2021-06-18,Imperial,25,180216,28653,28809,2938,31747,740
2021-06-18,Inyo,27,18085,1408,1405,4,1409,35
2021-06-18,Kern,29,883053,97303,96948,11546,108494,1341
2021-06-18,Kings,31,150075,23048,23082,1198,24280,245
2021-06-18,Lake,33,64148,3571,3563,13,3576,45
2021-06-18,Lassen,35,31185,5253,5224,123,5347,19
2021-06-18,Los Angeles,37,10098052,1206368,1205472,44102,1249574,24451
2021-06-18,Madera,39,155013,16674,16625,963,17588,241
2021-06-18,Marin,41,260295,14144,14147,273,14420,230
2021-06-18,Mariposa,43,17540,439,439,11,450,5
2021-06-18,Mendocino,45,87422,4136,4068,78,4146,49
2021-06-18,Merced,47,269075,31229,31262,1003,32265,464
2021-06-18,Modoc,49,8938,411,402,145,547,3
2021-06-18,Mono,51,14174,1255,1275,12,1287,3
2021-06-18,Monterey,53,433212,43147,43148,1934,45082,427
2021-06-18,Napa,55,140530,10000,10021,35,10056,80
2021-06-18,Nevada,57,99092,4927,4903,201,5104,72
2021-06-18,Orange,59,3164182,255533,255274,11832,267106,5108
2021-06-18,Placer,61,380077,23606,23500,1598,25098,298
2021-06-18,Plumas,63,18699,713,697,12,709,4
2021-06-18,Riverside,65,2383286,292356,289676,14835,304511,4457
2021-06-18,Sacramento,67,1510023,107620,107570,1891,109461,1669
2021-06-18,San Benito,69,59416,6085,6097,119,6216,63
2021-06-18,San Bernardino,71,2135413,293505,293629,9104,302733,4826
2021-06-18,San Diego,73,3302833,282092,281608,0,281608,3771
2021-06-18,San Francisco,75,870044,36940,37246,1401,38647,556
2021-06-18,San Joaquin,77,732212,73674,73623,3807,77430,1403
2021-06-18,San Luis Obispo,79,281455,21321,21301,790,22091,257
2021-06-18,San Mateo,81,765935,42648,42630,490,43120,542
2021-06-18,Santa Barbara,83,443738,34588,34469,1249,35718,455
2021-06-18,Santa Clara,85,1922200,118809,120081,808,120889,2093
2021-06-18,Santa Cruz,87,273765,16239,16202,876,17078,208
2021-06-18,Shasta,89,179085,12536,12607,1680,14287,201
2021-06-18,Sierra,91,2930,59,57,14,71,0
2021-06-18,Siskiyou,93,43540,1943,1890,392,2282,27
2021-06-18,Solano,95,438530,33294,33323,572,33895,266
2021-06-18,Sonoma,97,501317,30754,30816,367,31183,313
2021-06-18,Stanislaus,99,539301,56843,56803,6245,63048,1012
2021-06-18,Sutter,101,95872,9629,9643,95,9738,113
2021-06-18,Tehama,103,63373,5105,5114,616,5730,63
2021-06-18,Trinity,105,12862,373,337,69,406,3
2021-06-18,Tulare,107,460477,49785,49664,9632,59296,849
2021-06-18,Tuolumne,109,53932,4109,4116,38,4154,63
2021-06-18,Ventura,111,848112,81354,81256,3128,84384,1031
2021-06-18,Yolo,113,214977,14146,14148,360,14508,212
2021-06-18,Yuba,115,75493,6172,6150,134,6284,51
2021-06-17,Alameda,1,1643700,89033,89087,2080,91167,1262
2021-06-17,Alpine,3,1148,89,88,0,88,0
2021-06-17,Amador,5,37829,3739,3731,34,3765,46
2021-06-17,Butte,7,227075,12675,12644,1941,14585,194
2021-06-17,Calaveras,9,45235,2200,2189,15,2204,55
2021-06-17,Colusa,11,21464,1957,1969,328,2297,15
2021-06-17,Contra Costa,13,1133247,70592,70190,1377,71567,810
2021-06-17,Del Norte,15,27424,1418,1413,9,1422,8
2021-06-17,El Dorado,17,186661,10359,10341,786,11127,113
2021-06-17,Fresno,19,978130,102592,102867,9058,111925,1722
2021-06-17,Glenn,21,27897,2429,2430,583,3013,19
2021-06-17,Humboldt,23,135768,4454,4438,42,4480,42
2021-06-17,Imperial,25,180216,28645,28801,2938,31739,741
2021-06-17,Inyo,27,18085,1408,1405,4,1409,35
2021-06-17,Kern,29,883053,97288,96840,11539,108379,1340
2021-06-17,Kings,31,150075,23044,23078,1197,24275,245
2021-06-17,Lake,33,64148,3568,3563,9,3572,45
2021-06-17,Lassen,35,31185,5249,5223,123,5346,19
2021-06-17,Los Angeles,37,10098052,1206158,1205301,44072,1249373,24444
2021-06-17,Madera,39,155013,16669,16618,963,17581,241
2021-06-17,Marin,41,260295,14144,14141,273,14414,229
2021-06-17,Mariposa,43,17540,439,439,11,450,5
2021-06-17,Mendocino,45,87422,4129,4054,78,4132,49
2021-06-17,Merced,47,269075,31224,31262,1003,32265,464
2021-06-17,Modoc,49,8938,410,401,145,546,3
2021-06-17,Mono,51,14174,1254,1275,12,1287,3
2021-06-17,Monterey,53,433212,43140,43140,1934,45074,416
2021-06-17,Napa,55,140530,10000,10014,35,10049,80
2021-06-17,Nevada,57,99092,4923,4898,201,5099,72
2021-06-17,Orange,59,3164182,255489,255240,11820,267060,5109
2021-06-17,Placer,61,380077,23590,23461,1596,25057,298
2021-06-17,Plumas,63,18699,712,697,12,709,4
2021-06-17,Riverside,65,2383286,292303,289627,14832,304459,4458
2021-06-17,Sacramento,67,1510023,107556,107492,1889,109381,1666
2021-06-17,San Benito,69,59416,6085,6097,119,6216,63
2021-06-17,San Bernardino,71,2135413,293468,293560,9104,302664,4811
2021-06-17,San Diego,73,3302833,282015,281531,0,281531,3771
2021-06-17,San Francisco,75,870044,36929,37243,1400,38643,556
2021-06-17,San Joaquin,77,732212,73651,73560,3802,77362,1403
2021-06-17,San Luis Obispo,79,281455,21319,21297,790,22087,257
2021-06-17,San Mateo,81,765935,42642,42615,490,43105,542
2021-06-17,Santa Barbara,83,443738,34582,34466,1249,35715,453
2021-06-17,Santa Clara,85,1922200,118784,120032,807,120839,2093
2021-06-17,Santa Cruz,87,273765,16235,16197,876,17073,208
2021-06-17,Shasta,89,179085,12528,12597,1680,14277,201
2021-06-17,Sierra,91,2930,59,56,14,70,0
2021-06-17,Siskiyou,93,43540,1942,1889,392,2281,27
2021-06-17,Solano,95,438530,33274,33296,570,33866,266
2021-06-17,Sonoma,97,501317,30723,30793,367,31160,323
2021-06-17,Stanislaus,99,539301,56812,56752,6239,62991,1012
2021-06-17,Sutter,101,95872,9626,9629,95,9724,113
2021-06-17,Tehama,103,63373,5104,5112,614,5726,63
2021-06-17,Trinity,105,12862,372,337,69,406,3
2021-06-17,Tulare,107,460477,49780,49649,9624,59273,849
2021-06-17,Tuolumne,109,53932,4108,4116,38,4154,63
2021-06-17,Ventura,111,848112,81345,81248,3125,84373,1030
2021-06-17,Yolo,113,214977,14138,14141,360,14501,212
2021-06-17,Yuba,115,75493,6163,6140,134,6274,51
2021-06-16,Alameda,1,1643700,88982,89045,2076,91121,1265
2021-06-16,Alpine,3,1148,89,88,0,88,0
2021-06-16,Amador,5,37829,3738,3730,34,3764,46
2021-06-16,Butte,7,227075,12673,12635,1939,14574,194
2021-06-16,Calaveras,9,45235,2198,2188,15,2203,55
2021-06-16,Colusa,11,21464,1957,1967,328,2295,15
2021-06-16,Contra Costa,13,1133247,70540,70136,1376,71512,810
2021-06-16,Del Norte,15,27424,1415,1413,9,1422,8
2021-06-16,El Dorado,17,186661,10353,10334,785,11119,113
2021-06-16,Fresno,19,978130,102562,102842,9054,111896,1722
2021-06-16,Glenn,21,27897,2429,2430,583,3013,19
2021-06-16,Humboldt,23,135768,4445,4427,41,4468,42
2021-06-16,Imperial,25,180216,28642,28796,2938,31734,741
2021-06-16,Inyo,27,18085,1407,1405,4,1409,35
2021-06-16,Kern,29,883053,97267,96789,11530,108319,1339
2021-06-16,Kings,31,150075,23043,23072,1196,24268,245
2021-06-16,Lake,33,64148,3568,3562,9,3571,45
2021-06-16,Lassen,35,31185,5246,5216,123,5339,19
2021-06-16,Los Angeles,37,10098052,1205935,1205102,44060,1249162,24439
2021-06-16,Madera,39,155013,16665,16603,963,17566,240
2021-06-16,Marin,41,260295,14142,14137,273,14410,229
2021-06-16,Mariposa,43,17540,439,437,11,448,5
2021-06-16,Mendocino,45,87422,4121,4041,78,4119,49
2021-06-16,Merced,47,269075,31216,31250,1003,32253,463
2021-06-16,Modoc,49,8938,409,383,144,527,3
2021-06-16,Mono,51,14174,1254,1275,12,1287,3
2021-06-16,Monterey,53,433212,43137,43122,1934,45056,416
2021-06-16,Napa,55,140530,9996,10011,35,10046,80
2021-06-16,Nevada,57,99092,4918,4894,201,5095,72
2021-06-16,Orange,59,3164182,255440,255188,11813,267001,5109
2021-06-16,Placer,61,380077,23580,23425,1592,25017,298
2021-06-16,Plumas,63,18699,712,697,12,709,4
2021-06-16,Riverside,65,2383286,292242,289539,14830,304369,4457
2021-06-16,Sacramento,67,1510023,107485,107422,1885,109307,1665
2021-06-16,San Benito,69,59416,6085,6090,119,6209,63
2021-06-16,San Bernardino,71,2135413,293419,293499,9102,302601,4797
2021-06-16,San Diego,73,3302833,281937,281423,0,281423,3770
2021-06-16,San Francisco,75,870044,36916,37222,1398,38620,555
2021-06-16,San Joaquin,77,732212,73614,73530,3798,77328,1399
2021-06-16,San Luis Obispo,79,281455,21314,21294,790,22084,257
2021-06-16,San Mateo,81,765935,42626,42601,490,43091,542
2021-06-16,Santa Barbara,83,443738,34576,34459,1249,35708,460
2021-06-16,Santa Clara,85,1922200,118752,119982,807,120789,2087
2021-06-16,Santa Cruz,87,273765,16232,16187,876,17063,208
2021-06-16,Shasta,89,179085,12523,12592,1679,14271,200
2021-06-16,Sierra,91,2930,59,56,14,70,0
2021-06-16,Siskiyou,93,43540,1941,1886,392,2278,26
2021-06-16,Solano,95,438530,33245,33276,570,33846,266
2021-06-16,Sonoma,97,501317,30687,30741,367,31108,323
2021-06-16,Stanislaus,99,539301,56781,56738,6237,62975,984
2021-06-16,Sutter,101,95872,9622,9620,95,9715,113
2021-06-16,Tehama,103,63373,5102,5106,614,5720,63
2021-06-16,Trinity,105,12862,371,332,69,401,3
2021-06-16,Tulare,107,460477,49775,49578,9620,59198,849
2021-06-16,Tuolumne,109,53932,4108,4110,38,4148,63
2021-06-16,Ventura,111,848112,81331,81229,3123,84352,1029
2021-06-16,Yolo,113,214977,14129,14135,359,14494,212
2021-06-16,Yuba,115,75493,6153,6134,134,6268,51
2021-06-15,Alameda,1,1643700,88940,89008,2076,91084,1262
2021-06-15,Alpine,3,1148,89,88,0,88,0
2021-06-15,Amador,5,37829,3735,3723,34,3757,46
2021-06-15,Butte,7,227075,12665,12620,1938,14558,194
2021-06-15,Calaveras,9,45235,2197,2188,15,2203,55
2021-06-15,Colusa,11,21464,1957,1967,326,2293,15
2021-06-15,Contra Costa,13,1133247,70478,70101,1376,71477,810
2021-06-15,Del Norte,15,27424,1414,1411,9,1420,8
2021-06-15,El Dorado,17,186661,10344,10330,785,11115,113
2021-06-15,Fresno,19,978130,102532,102828,9053,111881,1722
2021-06-15,Glenn,21,27897,2428,2426,583,3009,19
2021-06-15,Humboldt,23,135768,4436,4414,40,4454,42
2021-06-15,Imperial,25,180216,28636,28789,2938,31727,741
2021-06-15,Inyo,27,18085,1407,1405,4,1409,35
2021-06-15,Kern,29,883053,97239,96782,11521,108303,1338
2021-06-15,Kings,31,150075,23037,23070,1195,24265,245
2021-06-15,Lake,33,64148,3567,3559,9,3568,45
2021-06-15,Lassen,35,31185,5245,5211,123,5334,19
2021-06-15,Los Angeles,37,10098052,1205707,1204926,44051,1248977,24435
2021-06-15,Madera,39,155013,16658,16600,962,17562,240
2021-06-15,Marin,41,260295,14134,14135,273,14408,229
2021-06-15,Mariposa,43,17540,439,437,11,448,5
2021-06-15,Mendocino,45,87422,4114,4034,78,4112,49
2021-06-15,Merced,47,269075,31210,31244,1003,32247,461
2021-06-15,Modoc,49,8938,408,383,144,527,3
2021-06-15,Mono,51,14174,1254,1275,12,1287,3
2021-06-15,Monterey,53,433212,43131,43118,1934,45052,416
2021-06-15,Napa,55,140530,9994,10010,35,10045,80
2021-06-15,Nevada,57,99092,4915,4888,201,5089,72
2021-06-15,Orange,59,3164182,255403,255127,11804,266931,5105
2021-06-15,Placer,61,380077,23558,23396,1591,24987,298
2021-06-15,Plumas,63,18699,711,697,12,709,4
2021-06-15,Riverside,65,2383286,292185,289508,14826,304334,4455
2021-06-15,Sacramento,67,1510023,107411,107370,1878,109248,1662
2021-06-15,San Benito,69,59416,6084,6089,119,6208,63
2021-06-15,San Bernardino,71,2135413,293367,293463,9098,302561,4790
2021-06-15,San Diego,73,3302833,281853,281375,0,281375,3770
2021-06-15,San Francisco,75,870044,36907,37210,1397,38607,555
2021-06-15,San Joaquin,77,732212,73575,73494,3794,77288,1399
2021-06-15,San Luis Obispo,79,281455,21309,21293,789,22082,257
2021-06-15,San Mateo,81,765935,42613,42593,490,43083,543
2021-06-15,Santa Barbara,83,443738,34571,34451,1249,35700,460
2021-06-15,Santa Clara,85,1922200,118714,119963,807,120770,2086
2021-06-15,Santa Cruz,87,273765,16225,16180,876,17056,208
2021-06-15,Shasta,89,179085,12517,12583,1679,14262,201
2021-06-15,Sierra,91,2930,58,55,14,69,0
2021-06-15,Siskiyou,93,43540,1940,1887,392,2279,26
2021-06-15,Solano,95,438530,33226,33264,570,33834,266
2021-06-15,Sonoma,97,501317,30648,30707,366,31073,323
2021-06-15,Stanislaus,99,539301,56752,56724,6234,62958,979
2021-06-15,Sutter,101,95872,9613,9616,95,9711,113
2021-06-15,Tehama,103,63373,5100,5102,614,5716,63
2021-06-15,Trinity,105,12862,370,332,69,401,3
2021-06-15,Tulare,107,460477,49769,49561,9616,59177,848
2021-06-15,Tuolumne,109,53932,4108,4111,38,4149,63
2021-06-15,Ventura,111,848112,81320,81215,3120,84335,1029
2021-06-15,Yolo,113,214977,14125,14127,357,14484,212
2021-06-15,Yuba,115,75493,6142,6130,134,6264,51
2021-06-14,Alameda,1,1643700,88889,88966,2075,91041,1264
2021-06-14,Alpine,3,1148,89,88,0,88,0
2021-06-14,Amador,5,37829,3734,3722,34,3756,46
2021-06-14,Butte,7,227075,12654,12613,1934,14547,194
2021-06-14,Calaveras,9,45235,2195,2190,15,2205,55
2021-06-14,Colusa,11,21464,1956,1966,326,2292,15
2021-06-14,Contra Costa,13,1133247,70425,70069,1374,71443,810
2021-06-14,Del Norte,15,27424,1414,1411,9,1420,8
2021-06-14,El Dorado,17,186661,10335,10327,784,11111,113
2021-06-14,Fresno,19,978130,102510,102812,9052,111864,1719
2021-06-14,Glenn,21,27897,2428,2426,583,3009,19
2021-06-14,Humboldt,23,135768,4428,4407,39,4446,42
2021-06-14,Imperial,25,180216,28624,28836,2938,31774,741
2021-06-14,Inyo,27,18085,1406,1405,4,1409,35
2021-06-14,Kern,29,883053,97221,96760,11510,108270,1337
2021-06-14,Kings,31,150075,23035,23071,1193,24264,245
2021-06-14,Lake,33,64148,3566,3557,9,3566,45
2021-06-14,Lassen,35,31185,5242,5209,122,5331,19
2021-06-14,Los Angeles,37,10098052,1205475,1204748,44041,1248789,24434
2021-06-14,Madera,39,155013,16653,16597,961,17558,240
2021-06-14,Marin,41,260295,14132,14133,273,14406,229
2021-06-14,Mariposa,43,17540,438,437,11,448,5
2021-06-14,Mendocino,45,87422,4108,4028,78,4106,49
2021-06-14,Merced,47,269075,31201,31241,1002,32243,461
2021-06-14,Modoc,49,8938,399,382,142,524,3
2021-06-14,Mono,51,14174,1254,1275,12,1287,3
2021-06-14,Monterey,53,433212,43128,43110,1934,45044,415
2021-06-14,Napa,55,140530,9990,10000,35,10035,80
2021-06-14,Nevada,57,99092,4908,4885,201,5086,72
2021-06-14,Orange,59,3164182,255365,255069,11800,266869,5103
2021-06-14,Placer,61,380077,23533,23379,1590,24969,298
2021-06-14,Plumas,63,18699,711,696,12,708,4
2021-06-14,Riverside,65,2383286,292134,289476,14824,304300,4453
2021-06-14,Sacramento,67,1510023,107359,107334,1872,109206,1661
2021-06-14,San Benito,69,59416,6084,6087,119,6206,63
2021-06-14,San Bernardino,71,2135413,293313,293446,9094,302540,4790
2021-06-14,San Diego,73,3302833,281748,281314,0,281314,3770
2021-06-14,San Francisco,75,870044,36894,37206,1397,38603,555
2021-06-14,San Joaquin,77,732212,73546,73453,3794,77247,1398
2021-06-14,San Luis Obispo,79,281455,21307,21302,789,22091,256
2021-06-14,San Mateo,81,765935,42598,42619,489,43108,543
2021-06-14,Santa Barbara,83,443738,34568,34449,1249,35698,460
2021-06-14,Santa Clara,85,1922200,118683,119957,806,120763,2085
2021-06-14,Santa Cruz,87,273765,16223,16175,876,17051,208
2021-06-14,Shasta,89,179085,12507,12561,1676,14237,201
2021-06-14,Sierra,91,2930,57,55,14,69,0
2021-06-14,Siskiyou,93,43540,1940,1886,392,2278,26
2021-06-14,Solano,95,438530,33208,33243,569,33812,266
2021-06-14,Sonoma,97,501317,30616,30679,365,31044,323
2021-06-14,Stanislaus,99,539301,56715,56689,6233,62922,975
2021-06-14,Sutter,101,95872,9610,9607,95,9702,112
2021-06-14,Tehama,103,63373,5098,5102,614,5716,63
2021-06-14,Trinity,105,12862,370,332,69,401,3
2021-06-14,Tulare,107,460477,49765,49538,9612,59150,848
2021-06-14,Tuolumne,109,53932,4105,4108,38,4146,63
2021-06-14,Ventura,111,848112,81310,81209,3120,84329,1028
2021-06-14,Yolo,113,214977,14117,14123,357,14480,212
2021-06-14,Yuba,115,75493,6135,6127,134,6261,50
2021-06-13,Alameda,1,1643700,88833,88947,2073,91020,1264
2021-06-13,Alpine,3,1148,88,88,0,88,0
2021-06-13,Amador,5,37829,3730,3721,34,3755,46
2021-06-13,Butte,7,227075,12643,12586,1931,14517,194
2021-06-13,Calaveras,9,45235,2195,2189,15,2204,55
2021-06-13,Colusa,11,21464,1956,1965,325,2290,15
2021-06-13,Contra Costa,13,1133247,70371,70040,1372,71412,810
2021-06-13,Del Norte,15,27424,1412,1412,9,1421,8
2021-06-13,El Dorado,17,186661,10326,10324,784,11108,113
2021-06-13,Fresno,19,978130,102480,102795,9047,111842,1719
2021-06-13,Glenn,21,27897,2427,2425,581,3006,19
2021-06-13,Humboldt,23,135768,4415,4401,39,4440,42
2021-06-13,Imperial,25,180216,28615,28800,2938,31738,741
2021-06-13,Inyo,27,18085,1406,1405,4,1409,35
2021-06-13,Kern,29,883053,97198,96743,11497,108240,1337
2021-06-13,Kings,31,150075,23030,23069,1192,24261,245
2021-06-13,Lake,33,64148,3566,3556,9,3565,45
2021-06-13,Lassen,35,31185,5237,5209,122,5331,19
2021-06-13,Los Angeles,37,10098052,1205215,1204614,44028,1248642,24433
2021-06-13,Madera,39,155013,16639,16590,961,17551,240
2021-06-13,Marin,41,260295,14126,14126,273,14399,229
2021-06-13,Mariposa,43,17540,438,434,11,445,5
2021-06-13,Mendocino,45,87422,4101,4026,78,4104,49
2021-06-13,Merced,47,269075,31194,31240,1002,32242,461
2021-06-13,Modoc,49,8938,397,382,140,522,3
2021-06-13,Mono,51,14174,1254,1275,12,1287,3
2021-06-13,Monterey,53,433212,43120,43108,1934,45042,415
2021-06-13,Napa,55,140530,9984,9995,35,10030,80
2021-06-13,Nevada,57,99092,4903,4883,201,5084,72
2021-06-13,Orange,59,3164182,255312,255043,11798,266841,5103
2021-06-13,Placer,61,380077,23506,23365,1588,24953,295
2021-06-13,Plumas,63,18699,710,696,12,708,4
2021-06-13,Riverside,65,2383286,292067,289447,14821,304268,4453
2021-06-13,Sacramento,67,1510023,107286,107289,1869,109158,1658
2021-06-13,San Benito,69,59416,6084,6086,119,6205,63
2021-06-13,San Bernardino,71,2135413,293261,293416,9088,302504,4788
2021-06-13,San Diego,73,3302833,281669,281268,0,281268,3770
2021-06-13,San Francisco,75,870044,36883,37197,1397,38594,555
2021-06-13,San Joaquin,77,732212,73515,73438,3792,77230,1398
2021-06-13,San Luis Obispo,79,281455,21301,21298,788,22086,256
2021-06-13,San Mateo,81,765935,42584,42611,489,43100,542
2021-06-13,Santa Barbara,83,443738,34557,34449,1248,35697,460
2021-06-13,Santa Clara,85,1922200,118659,119946,806,120752,2085
2021-06-13,Santa Cruz,87,273765,16216,16172,876,17048,208
2021-06-13,Shasta,89,179085,12498,12560,1675,14235,201
2021-06-13,Sierra,91,2930,57,55,14,69,0
2021-06-13,Siskiyou,93,43540,1939,1885,392,2277,26
2021-06-13,Solano,95,438530,33186,33234,569,33803,266
2021-06-13,Sonoma,97,501317,30581,30663,363,31026,323
2021-06-13,Stanislaus,99,539301,56688,56671,6232,62903,975
2021-06-13,Sutter,101,95872,9603,9603,95,9698,112
2021-06-13,Tehama,103,63373,5096,5100,614,5714,63
2021-06-13,Trinity,105,12862,369,332,69,401,3
2021-06-13,Tulare,107,460477,49756,49537,9607,59144,848
2021-06-13,Tuolumne,109,53932,4103,4107,37,4144,63
2021-06-13,Ventura,111,848112,81296,81201,3120,84321,1028
2021-06-13,Yolo,113,214977,14110,14120,355,14475,212
2021-06-13,Yuba,115,75493,6128,6125,134,6259,50
2021-06-12,Alameda,1,1643700,88804,88901,2073,90974,1271
2021-06-12,Alpine,3,1148,88,88,0,88,0
2021-06-12,Amador,5,37829,3729,3721,34,3755,46
2021-06-12,Butte,7,227075,12639,12576,1931,14507,194
2021-06-12,Calaveras,9,45235,2195,2189,15,2204,55
2021-06-12,Colusa,11,21464,1956,1965,325,2290,15
2021-06-12,Contra Costa,13,1133247,70340,69989,1369,71358,810
2021-06-12,Del Norte,15,27424,1412,1412,9,1421,8
2021-06-12,El Dorado,17,186661,10321,10320,783,11103,113
2021-06-12,Fresno,19,978130,102470,102783,9046,111829,1720
2021-06-12,Glenn,21,27897,2425,2425,581,3006,19
2021-06-12,Humboldt,23,135768,4407,4396,39,4435,42
2021-06-12,Imperial,25,180216,28612,28799,2938,31737,741
2021-06-12,Inyo,27,18085,1406,1405,4,1409,35
2021-06-12,Kern,29,883053,97183,96731,11493,108224,1337
2021-06-12,Kings,31,150075,23028,23067,1192,24259,245
2021-06-12,Lake,33,64148,3565,3552,9,3561,45
2021-06-12,Lassen,35,31185,5237,5208,122,5330,19
2021-06-12,Los Angeles,37,10098052,1205079,1204439,44020,1248459,24434
2021-06-12,Madera,39,155013,16635,16586,961,17547,240
2021-06-12,Marin,41,260295,14123,14121,273,14394,229
2021-06-12,Mariposa,43,17540,438,434,11,445,5
2021-06-12,Mendocino,45,87422,4098,4024,78,4102,49
2021-06-12,Merced,47,269075,31191,31236,1002,32238,461
2021-06-12,Modoc,49,8938,396,382,140,522,3
2021-06-12,Mono,51,14174,1254,1275,12,1287,3
2021-06-12,Monterey,53,433212,43115,43103,1934,45037,415
2021-06-12,Napa,55,140530,9980,9986,35,10021,80
2021-06-12,Nevada,57,99092,4897,4878,201,5079,72
2021-06-12,Orange,59,3164182,255283,255004,11796,266800,5103
2021-06-12,Placer,61,380077,23488,23345,1588,24933,295
2021-06-12,Plumas,63,18699,710,696,12,708,4
2021-06-12,Riverside,65,2383286,292025,289413,14818,304231,4453
2021-06-12,Sacramento,67,1510023,107226,107199,1866,109065,1658
2021-06-12,San Benito,69,59416,6082,6083,119,6202,63
2021-06-12,San Bernardino,71,2135413,293228,293375,9086,302461,4788
2021-06-12,San Diego,73,3302833,281612,281203,0,281203,3770
2021-06-12,San Francisco,75,870044,36873,37189,1397,38586,555
2021-06-12,San Joaquin,77,732212,73496,73413,3791,77204,1398
2021-06-12,San Luis Obispo,79,281455,21298,21293,788,22081,256
2021-06-12,San Mateo,81,765935,42578,42604,489,43093,542
2021-06-12,Santa Barbara,83,443738,34553,34450,1248,35698,460
2021-06-12,Santa Clara,85,1922200,118619,119894,806,120700,2085
2021-06-12,Santa Cruz,87,273765,16208,16170,876,17046,208
2021-06-12,Shasta,89,179085,12495,12556,1674,14230,201
2021-06-12,Sierra,91,2930,57,55,14,69,0
2021-06-12,Siskiyou,93,43540,1938,1884,392,2276,25
2021-06-12,Solano,95,438530,33177,33219,569,33788,266
2021-06-12,Sonoma,97,501317,30553,30647,362,31009,323
2021-06-12,Stanislaus,99,539301,56671,56649,6231,62880,974
2021-06-12,Sutter,101,95872,9599,9603,95,9698,112
2021-06-12,Tehama,103,63373,5096,5099,613,5712,63
2021-06-12,Trinity,105,12862,369,332,69,401,3
2021-06-12,Tulare,107,460477,49751,49533,9600,59133,848
2021-06-12,Tuolumne,109,53932,4102,4105,37,4142,63
2021-06-12,Ventura,111,848112,81284,81197,3120,84317,1028
2021-06-12,Yolo,113,214977,14107,14118,353,14471,212
2021-06-12,Yuba,115,75493,6123,6120,134,6254,50
2021-06-11,Alameda,1,1643700,88776,88844,2073,90917,1278
2021-06-11,Alpine,3,1148,88,88,0,88,0
2021-06-11,Amador,5,37829,3729,3710,34,3744,46
2021-06-11,Butte,7,227075,12635,12576,1929,14505,194
2021-06-11,Calaveras,9,45235,2195,2188,15,2203,55
2021-06-11,Colusa,11,21464,1955,1964,325,2289,15
2021-06-11,Contra Costa,13,1133247,70307,69940,1367,71307,808
2021-06-11,Del Norte,15,27424,1412,1409,9,1418,8
2021-06-11,El Dorado,17,186661,10318,10316,783,11099,113
2021-06-11,Fresno,19,978130,102452,102770,9045,111815,1720
2021-06-11,Glenn,21,27897,2425,2425,581,3006,19
2021-06-11,Humboldt,23,135768,4403,4389,39,4428,42
2021-06-11,Imperial,25,180216,28607,28793,2938,31731,741
2021-06-11,Inyo,27,18085,1406,1405,4,1409,35
2021-06-11,Kern,29,883053,97171,96718,11489,108207,1340
2021-06-11,Kings,31,150075,23024,23069,1191,24260,245
2021-06-11,Lake,33,64148,3564,3550,9,3559,45
2021-06-11,Lassen,35,31185,5236,5204,122,5326,18
2021-06-11,Los Angeles,37,10098052,1204934,1204259,44006,1248265,24434
2021-06-11,Madera,39,155013,16632,16582,961,17543,240
2021-06-11,Marin,41,260295,14120,14116,273,14389,229
2021-06-11,Mariposa,43,17540,438,434,11,445,5
2021-06-11,Mendocino,45,87422,4095,4022,78,4100,49
2021-06-11,Merced,47,269075,31186,31231,1002,32233,461
2021-06-11,Modoc,49,8938,396,382,139,521,3
2021-06-11,Mono,51,14174,1254,1274,12,1286,3
2021-06-11,Monterey,53,433212,43111,43097,1934,45031,415
2021-06-11,Napa,55,140530,9977,9977,35,10012,80
2021-06-11,Nevada,57,99092,4895,4873,201,5074,72
2021-06-11,Orange,59,3164182,255257,254975,11792,266767,5101
2021-06-11,Placer,61,380077,23483,23330,1588,24918,294
2021-06-11,Plumas,63,18699,710,696,12,708,4
2021-06-11,Riverside,65,2383286,291987,289376,14815,304191,4451
2021-06-11,Sacramento,67,1510023,107166,107119,1865,108984,1659
2021-06-11,San Benito,69,59416,6081,6082,119,6201,63
2021-06-11,San Bernardino,71,2135413,293191,293335,9082,302417,4788
2021-06-11,San Diego,73,3302833,281572,281144,0,281144,3768
2021-06-11,San Francisco,75,870044,36868,37177,1397,38574,555
2021-06-11,San Joaquin,77,732212,73479,73347,3788,77135,1397
2021-06-11,San Luis Obispo,79,281455,21297,21288,788,22076,256
2021-06-11,San Mateo,81,765935,42564,42585,489,43074,542
2021-06-11,Santa Barbara,83,443738,34550,34438,1248,35686,460
2021-06-11,Santa Clara,85,1922200,118600,119860,806,120666,2083
2021-06-11,Santa Cruz,87,273765,16200,16164,876,17040,208
2021-06-11,Shasta,89,179085,12487,12550,1672,14222,201
2021-06-11,Sierra,91,2930,57,55,14,69,0
2021-06-11,Siskiyou,93,43540,1937,1882,392,2274,25
2021-06-11,Solano,95,438530,33157,33179,568,33747,266
2021-06-11,Sonoma,97,501317,30535,30624,362,30986,323
2021-06-11,Stanislaus,99,539301,56645,56617,6227,62844,974
2021-06-11,Sutter,101,95872,9596,9600,94,9694,112
2021-06-11,Tehama,103,63373,5095,5099,613,5712,63
2021-06-11,Trinity,105,12862,369,331,69,400,3
2021-06-11,Tulare,107,460477,49745,49516,9599,59115,848
2021-06-11,Tuolumne,109,53932,4099,4104,37,4141,63
2021-06-11,Ventura,111,848112,81274,81189,3120,84309,1026
2021-06-11,Yolo,113,214977,14100,14111,349,14460,212
2021-06-11,Yuba,115,75493,6119,6113,134,6247,50
2021-06-10,Alameda,1,1643700,88731,88806,2072,90878,1275
2021-06-10,Alpine,3,1148,88,88,0,88,0
2021-06-10,Amador,5,37829,3725,3709,34,3743,46
2021-06-10,Butte,7,227075,12618,12565,1929,14494,194
2021-06-10,Calaveras,9,45235,2195,2188,15,2203,55
2021-06-10,Colusa,11,21464,1953,1964,325,2289,15
2021-06-10,Contra Costa,13,1133247,70253,69876,1367,71243,807
2021-06-10,Del Norte,15,27424,1412,1405,9,1414,8
2021-06-10,El Dorado,17,186661,10311,10314,779,11093,113
2021-06-10,Fresno,19,978130,102427,102724,9044,111768,1717
2021-06-10,Glenn,21,27897,2425,2425,581,3006,19
2021-06-10,Humboldt,23,135768,4395,4384,39,4423,42
2021-06-10,Imperial,25,180216,28601,28779,2938,31717,739
2021-06-10,Inyo,27,18085,1406,1405,4,1409,35
2021-06-10,Kern,29,883053,97157,96706,11484,108190,1336
2021-06-10,Kings,31,150075,23023,23067,1191,24258,245
2021-06-10,Lake,33,64148,3559,3550,9,3559,45
2021-06-10,Lassen,35,31185,5234,5201,122,5323,18
2021-06-10,Los Angeles,37,10098052,1204771,1204110,43989,1248099,24440
2021-06-10,Madera,39,155013,16625,16581,961,17542,240
2021-06-10,Marin,41,260295,14117,14118,273,14391,229
2021-06-10,Mariposa,43,17540,436,434,11,445,5
2021-06-10,Mendocino,45,87422,4090,4016,78,4094,48
2021-06-10,Merced,47,269075,31178,31231,999,32230,461
2021-06-10,Modoc,49,8938,395,381,139,520,3
2021-06-10,Mono,51,14174,1253,1274,12,1286,3
2021-06-10,Monterey,53,433212,43105,43090,1934,45024,415
2021-06-10,Napa,55,140530,9976,9974,35,10009,80
2021-06-10,Nevada,57,99092,4890,4866,201,5067,72
2021-06-10,Orange,59,3164182,255229,254950,11785,266735,5097
2021-06-10,Placer,61,380077,23469,23296,1588,24884,293
2021-06-10,Plumas,63,18699,710,696,12,708,4
2021-06-10,Riverside,65,2383286,291946,289335,14809,304144,4450
2021-06-10,Sacramento,67,1510023,107104,107049,1865,108914,1658
2021-06-10,San Benito,69,59416,6081,6079,119,6198,63
2021-06-10,San Bernardino,71,2135413,293150,293281,9079,302360,4782
2021-06-10,San Diego,73,3302833,281514,281052,0,281052,3766
2021-06-10,San Francisco,75,870044,36858,37159,1395,38554,552
2021-06-10,San Joaquin,77,732212,73445,73276,3787,77063,1393
2021-06-10,San Luis Obispo,79,281455,21294,21280,788,22068,256
2021-06-10,San Mateo,81,765935,42558,42562,489,43051,666
2021-06-10,Santa Barbara,83,443738,34546,34434,1248,35682,460
2021-06-10,Santa Clara,85,1922200,118565,119832,805,120637,2075
2021-06-10,Santa Cruz,87,273765,16199,16159,876,17035,208
2021-06-10,Shasta,89,179085,12477,12536,1671,14207,201
2021-06-10,Sierra,91,2930,56,55,14,69,0
2021-06-10,Siskiyou,93,43540,1937,1881,392,2273,25
2021-06-10,Solano,95,438530,33140,33150,567,33717,265
2021-06-10,Sonoma,97,501317,30499,30571,360,30931,323
2021-06-10,Stanislaus,99,539301,56624,56588,6223,62811,974
2021-06-10,Sutter,101,95872,9589,9594,94,9688,112
2021-06-10,Tehama,103,63373,5095,5096,613,5709,63
2021-06-10,Trinity,105,12862,369,331,69,400,3
2021-06-10,Tulare,107,460477,49737,49503,9599,59102,848
2021-06-10,Tuolumne,109,53932,4099,4100,37,4137,63
2021-06-10,Ventura,111,848112,81263,81172,3119,84291,1026
2021-06-10,Yolo,113,214977,14097,14107,349,14456,212
2021-06-10,Yuba,115,75493,6115,6112,134,6246,50
2021-06-09,Alameda,1,1643700,88685,88762,2070,90832,1271
2021-06-09,Alpine,3,1148,88,88,0,88,0
2021-06-09,Amador,5,37829,3721,3706,34,3740,46
2021-06-09,Butte,7,227075,12612,12555,1927,14482,194
2021-06-09,Calaveras,9,45235,2193,2184,15,2199,55
2021-06-09,Colusa,11,21464,1953,1962,324,2286,15
2021-06-09,Contra Costa,13,1133247,70216,69829,1366,71195,803
2021-06-09,Del Norte,15,27424,1409,1403,9,1412,8
2021-06-09,El Dorado,17,186661,10308,10312,778,11090,113
2021-06-09,Fresno,19,978130,102408,102690,9039,111729,1717
2021-06-09,Glenn,21,27897,2424,2424,581,3005,19
2021-06-09,Humboldt,23,135768,4390,4379,38,4417,42
2021-06-09,Imperial,25,180216,28598,28754,2938,31692,739
2021-06-09,Inyo,27,18085,1406,1405,4,1409,35
2021-06-09,Kern,29,883053,97144,96697,11474,108171,1328
2021-06-09,Kings,31,150075,23021,23061,1191,24252,245
2021-06-09,Lake,33,64148,3556,3541,9,3550,45
2021-06-09,Lassen,35,31185,5233,5200,122,5322,18
2021-06-09,Los Angeles,37,10098052,1204587,1203955,43978,1247933,24432
2021-06-09,Madera,39,155013,16620,16580,961,17541,240
2021-06-09,Marin,41,260295,14112,14114,273,14387,229
2021-06-09,Mariposa,43,17540,436,434,11,445,5
2021-06-09,Mendocino,45,87422,4084,4008,78,4086,47
2021-06-09,Merced,47,269075,31174,31225,999,32224,461
2021-06-09,Modoc,49,8938,393,377,138,515,3
2021-06-09,Mono,51,14174,1253,1274,12,1286,3
2021-06-09,Monterey,53,433212,43098,43082,1934,45016,415
2021-06-09,Napa,55,140530,9970,9971,35,10006,80
2021-06-09,Nevada,57,99092,4880,4863,200,5063,72
2021-06-09,Orange,59,3164182,255185,254893,11781,266674,5080
2021-06-09,Placer,61,380077,23451,23237,1588,24825,293
2021-06-09,Plumas,63,18699,709,697,12,709,4
2021-06-09,Riverside,65,2383286,291902,289299,14807,304106,4450
2021-06-09,Sacramento,67,1510023,107041,106971,1862,108833,1657
2021-06-09,San Benito,69,59416,6077,6078,119,6197,63
2021-06-09,San Bernardino,71,2135413,293107,293222,9079,302301,4782
2021-06-09,San Diego,73,3302833,281449,280941,0,280941,3765
2021-06-09,San Francisco,75,870044,36845,37143,1394,38537,552
2021-06-09,San Joaquin,77,732212,73420,73232,3786,77018,1392
2021-06-09,San Luis Obispo,79,281455,21293,21259,788,22047,256
2021-06-09,San Mateo,81,765935,42542,42502,488,42990,666
2021-06-09,Santa Barbara,83,443738,34535,34422,1248,35670,460
2021-06-09,Santa Clara,85,1922200,118527,119793,804,120597,2068
2021-06-09,Santa Cruz,87,273765,16196,16155,876,17031,208
2021-06-09,Shasta,89,179085,12467,12521,1669,14190,201
2021-06-09,Sierra,91,2930,55,55,14,69,0
2021-06-09,Siskiyou,93,43540,1936,1871,392,2263,25
2021-06-09,Solano,95,438530,33124,33137,566,33703,264
2021-06-09,Sonoma,97,501317,30477,30540,360,30900,323
2021-06-09,Stanislaus,99,539301,56604,56560,6220,62780,974
2021-06-09,Sutter,101,95872,9580,9586,93,9679,111
2021-06-09,Tehama,103,63373,5094,5093,613,5706,63
2021-06-09,Trinity,105,12862,368,331,69,400,3
2021-06-09,Tulare,107,460477,49733,49496,9597,59093,847
2021-06-09,Tuolumne,109,53932,4096,4100,37,4137,63
2021-06-09,Ventura,111,848112,81253,81154,3118,84272,1026
2021-06-09,Yolo,113,214977,14095,14102,348,14450,212
2021-06-09,Yuba,115,75493,6111,6109,134,6243,50
2021-06-08,Alameda,1,1643700,88637,88731,2070,90801,1267
2021-06-08,Alpine,3,1148,88,88,0,88,0
2021-06-08,Amador,5,37829,3720,3704,34,3738,46
2021-06-08,Butte,7,227075,12606,12540,1924,14464,194
2021-06-08,Calaveras,9,45235,2192,2181,15,2196,55
2021-06-08,Colusa,11,21464,1953,1961,324,2285,15
2021-06-08,Contra Costa,13,1133247,70167,69762,1365,71127,803
2021-06-08,Del Norte,15,27424,1407,1402,9,1411,8
2021-06-08,El Dorado,17,186661,10303,10306,776,11082,113
2021-06-08,Fresno,19,978130,102383,102680,9037,111717,1717
2021-06-08,Glenn,21,27897,2423,2423,581,3004,19
2021-06-08,Humboldt,23,135768,4385,4363,38,4401,42
2021-06-08,Imperial,25,180216,28589,28752,2938,31690,738
2021-06-08,Inyo,27,18085,1406,1405,4,1409,35
2021-06-08,Kern,29,883053,97124,96671,11467,108138,1325
2021-06-08,Kings,31,150075,23020,23036,1191,24227,245
2021-06-08,Lake,33,64148,3555,3540,9,3549,45
2021-06-08,Lassen,35,31185,5233,5200,122,5322,18
2021-06-08,Los Angeles,37,10098052,1204393,1203794,43966,1247760,24426
2021-06-08,Madera,39,155013,16614,16579,960,17539,240
2021-06-08,Marin,41,260295,14110,14111,272,14383,229
2021-06-08,Mariposa,43,17540,436,434,11,445,5
2021-06-08,Mendocino,45,87422,4077,4002,78,4080,47
2021-06-08,Merced,47,269075,31166,31225,999,32224,461
2021-06-08,Modoc,49,8938,387,377,137,514,3
2021-06-08,Mono,51,14174,1253,1274,12,1286,3
2021-06-08,Monterey,53,433212,43092,43078,1933,45011,415
2021-06-08,Napa,55,140530,9966,9962,35,9997,80
2021-06-08,Nevada,57,99092,4875,4861,200,5061,72
2021-06-08,Orange,59,3164182,255145,254852,11774,266626,5078
2021-06-08,Placer,61,380077,23433,23209,1584,24793,293
2021-06-08,Plumas,63,18699,709,692,12,704,4
2021-06-08,Riverside,65,2383286,291868,289268,14798,304066,4452
2021-06-08,Sacramento,67,1510023,106980,106901,1860,108761,1654
2021-06-08,San Benito,69,59416,6075,6076,119,6195,63
2021-06-08,San Bernardino,71,2135413,293058,293186,9075,302261,4778
2021-06-08,San Diego,73,3302833,281387,280879,0,280879,3764
2021-06-08,San Francisco,75,870044,36830,37134,1393,38527,552
2021-06-08,San Joaquin,77,732212,73376,73186,3781,76967,1390
2021-06-08,San Luis Obispo,79,281455,21287,21251,787,22038,255
2021-06-08,San Mateo,81,765935,42529,42488,488,42976,663
2021-06-08,Santa Barbara,83,443738,34531,34418,1248,35666,459
2021-06-08,Santa Clara,85,1922200,118508,119770,803,120573,2068
2021-06-08,Santa Cruz,87,273765,16193,16160,876,17036,208
2021-06-08,Shasta,89,179085,12452,12498,1669,14167,201
2021-06-08,Sierra,91,2930,55,55,14,69,0
2021-06-08,Siskiyou,93,43540,1934,1870,390,2260,21
2021-06-08,Solano,95,438530,33103,33130,566,33696,259
2021-06-08,Sonoma,97,501317,30450,30523,358,30881,323
2021-06-08,Stanislaus,99,539301,56577,56548,6218,62766,973
2021-06-08,Sutter,101,95872,9577,9581,93,9674,111
2021-06-08,Tehama,103,63373,5091,5093,613,5706,63
2021-06-08,Trinity,105,12862,368,330,68,398,3
2021-06-08,Tulare,107,460477,49722,49485,9591,59076,847
2021-06-08,Tuolumne,109,53932,4093,4099,37,4136,63
2021-06-08,Ventura,111,848112,81237,81142,3117,84259,1026
2021-06-08,Yolo,113,214977,14090,14099,347,14446,212
2021-06-08,Yuba,115,75493,6109,6103,134,6237,50
2021-06-07,Alameda,1,1643700,88579,88688,2070,90758,1267
2021-06-07,Alpine,3,1148,88,88,0,88,0
2021-06-07,Amador,5,37829,3710,3697,34,3731,46
2021-06-07,Butte,7,227075,12599,12533,1923,14456,194
2021-06-07,Calaveras,9,45235,2191,2181,15,2196,55
2021-06-07,Colusa,11,21464,1952,1960,324,2284,15
2021-06-07,Contra Costa,13,1133247,70111,69718,1364,71082,817
2021-06-07,Del Norte,15,27424,1407,1401,9,1410,8
2021-06-07,El Dorado,17,186661,10298,10305,776,11081,113
2021-06-07,Fresno,19,978130,102355,102659,9030,111689,1717
2021-06-07,Glenn,21,27897,2423,2423,581,3004,19
2021-06-07,Humboldt,23,135768,4377,4354,38,4392,42
2021-06-07,Imperial,25,180216,28587,28754,2938,31692,738
2021-06-07,Inyo,27,18085,1406,1404,4,1408,35
2021-06-07,Kern,29,883053,97109,96645,11460,108105,1324
2021-06-07,Kings,31,150075,23016,23023,1191,24214,244
2021-06-07,Lake,33,64148,3553,3540,9,3549,45
2021-06-07,Lassen,35,31185,5228,5198,122,5320,18
2021-06-07,Los Angeles,37,10098052,1204172,1203664,43951,1247615,24413
2021-06-07,Madera,39,155013,16607,16572,960,17532,240
2021-06-07,Marin,41,260295,14106,14108,271,14379,229
2021-06-07,Mariposa,43,17540,436,434,11,445,5
2021-06-07,Mendocino,45,87422,4071,3998,78,4076,47
2021-06-07,Merced,47,269075,31154,31212,998,32210,459
2021-06-07,Modoc,49,8938,386,375,134,509,3
2021-06-07,Mono,51,14174,1253,1275,12,1287,3
2021-06-07,Monterey,53,433212,43085,43077,1933,45010,415
2021-06-07,Napa,55,140530,9957,9962,35,9997,80
2021-06-07,Nevada,57,99092,4873,4860,200,5060,72
2021-06-07,Orange,59,3164182,255105,254808,11767,266575,5073
2021-06-07,Placer,61,380077,23415,23176,1582,24758,293
2021-06-07,Plumas,63,18699,709,692,12,704,4
2021-06-07,Riverside,65,2383286,291825,289232,14795,304027,4451
2021-06-07,Sacramento,67,1510023,106901,106841,1856,108697,1655
2021-06-07,San Benito,69,59416,6074,6074,119,6193,63
2021-06-07,San Bernardino,71,2135413,293020,293129,9074,302203,4775
2021-06-07,San Diego,73,3302833,281305,280808,0,280808,3764
2021-06-07,San Francisco,75,870044,36814,37122,1393,38515,552
2021-06-07,San Joaquin,77,732212,73331,73130,3774,76904,1388
2021-06-07,San Luis Obispo,79,281455,21274,21252,787,22039,255
2021-06-07,San Mateo,81,765935,42512,42479,488,42967,664
2021-06-07,Santa Barbara,83,443738,34525,34407,1248,35655,459
2021-06-07,Santa Clara,85,1922200,118481,119743,803,120546,2066
2021-06-07,Santa Cruz,87,273765,16191,16159,876,17035,208
2021-06-07,Shasta,89,179085,12438,12483,1664,14147,200
2021-06-07,Sierra,91,2930,55,55,14,69,0
2021-06-07,Siskiyou,93,43540,1934,1869,390,2259,21
2021-06-07,Solano,95,438530,33081,33124,565,33689,258
2021-06-07,Sonoma,97,501317,30414,30504,357,30861,323
2021-06-07,Stanislaus,99,539301,56544,56521,6215,62736,972
2021-06-07,Sutter,101,95872,9573,9571,93,9664,111
2021-06-07,Tehama,103,63373,5087,5092,613,5705,63
2021-06-07,Trinity,105,12862,368,329,68,397,3
2021-06-07,Tulare,107,460477,49716,49471,9591,59062,847
2021-06-07,Tuolumne,109,53932,4092,4098,37,4135,63
2021-06-07,Ventura,111,848112,81220,81137,3116,84253,1025
2021-06-07,Yolo,113,214977,14085,14097,346,14443,211
2021-06-07,Yuba,115,75493,6107,6099,131,6230,49
2021-06-06,Alameda,1,1643700,88539,88636,2069,90705,1267
2021-06-06,Alpine,3,1148,88,88,0,88,0
2021-06-06,Amador,5,37829,3707,3696,34,3730,46
2021-06-06,Butte,7,227075,12588,12527,1922,14449,194
2021-06-06,Calaveras,9,45235,2190,2181,15,2196,55
2021-06-06,Colusa,11,21464,1950,1959,324,2283,15
2021-06-06,Contra Costa,13,1133247,70046,69659,1362,71021,817
2021-06-06,Del Norte,15,27424,1402,1401,8,1409,8
2021-06-06,El Dorado,17,186661,10291,10294,776,11070,113
2021-06-06,Fresno,19,978130,102322,102642,9027,111669,1717
2021-06-06,Glenn,21,27897,2422,2423,581,3004,19
2021-06-06,Humboldt,23,135768,4366,4353,38,4391,42
2021-06-06,Imperial,25,180216,28581,28762,2938,31700,738
2021-06-06,Inyo,27,18085,1405,1404,4,1408,35
2021-06-06,Kern,29,883053,97091,96623,11453,108076,1324
2021-06-06,Kings,31,150075,23010,23021,1191,24212,244
2021-06-06,Lake,33,64148,3553,3535,9,3544,45
2021-06-06,Lassen,35,31185,5226,5191,122,5313,18
2021-06-06,Los Angeles,37,10098052,1203975,1203539,43939,1247478,24410
2021-06-06,Madera,39,155013,16601,16567,960,17527,240
2021-06-06,Marin,41,260295,14100,14106,270,14376,229
2021-06-06,Mariposa,43,17540,435,435,11,446,5
2021-06-06,Mendocino,45,87422,4067,3993,78,4071,47
2021-06-06,Merced,47,269075,31146,31215,998,32213,459
2021-06-06,Modoc,49,8938,386,375,133,508,3
2021-06-06,Mono,51,14174,1253,1275,12,1287,3
2021-06-06,Monterey,53,433212,43080,43078,1933,45011,415
2021-06-06,Napa,55,140530,9951,9963,35,9998,80
2021-06-06,Nevada,57,99092,4866,4854,199,5053,72
2021-06-06,Orange,59,3164182,255071,254782,11762,266544,5073
2021-06-06,Placer,61,380077,23390,23156,1578,24734,293
2021-06-06,Plumas,63,18699,709,692,12,704,4
2021-06-06,Riverside,65,2383286,291791,289201,14790,303991,4451
2021-06-06,Sacramento,67,1510023,106815,106749,1855,108604,1655
2021-06-06,San Benito,69,59416,6068,6074,119,6193,63
2021-06-06,San Bernardino,71,2135413,292972,293117,9065,302182,4773
2021-06-06,San Diego,73,3302833,281225,280743,0,280743,3764
2021-06-06,San Francisco,75,870044,36802,37118,1392,38510,552
2021-06-06,San Joaquin,77,732212,73299,73105,3770,76875,1388
2021-06-06,San Luis Obispo,79,281455,21271,21246,787,22033,255
2021-06-06,San Mateo,81,765935,42495,42457,488,42945,664
2021-06-06,Santa Barbara,83,443738,34521,34403,1247,35650,459
2021-06-06,Santa Clara,85,1922200,118459,119711,803,120514,2066
2021-06-06,Santa Cruz,87,273765,16190,16158,876,17034,208
2021-06-06,Shasta,89,179085,12423,12478,1660,14138,200
2021-06-06,Sierra,91,2930,55,55,14,69,0
2021-06-06,Siskiyou,93,43540,1931,1869,390,2259,21
2021-06-06,Solano,95,438530,33054,33093,565,33658,258
2021-06-06,Sonoma,97,501317,30383,30478,356,30834,323
2021-06-06,Stanislaus,99,539301,56501,56486,6212,62698,972
2021-06-06,Sutter,101,95872,9566,9567,93,9660,111
2021-06-06,Tehama,103,63373,5083,5092,612,5704,63
2021-06-06,Trinity,105,12862,368,328,68,396,3
2021-06-06,Tulare,107,460477,49709,49466,9585,59051,847
2021-06-06,Tuolumne,109,53932,4090,4097,37,4134,63
2021-06-06,Ventura,111,848112,81209,81130,3113,84243,1025
2021-06-06,Yolo,113,214977,14077,14089,345,14434,210
2021-06-06,Yuba,115,75493,6099,6096,131,6227,49
2021-06-05,Alameda,1,1643700,88508,88612,2068,90680,1268
2021-06-05,Alpine,3,1148,88,88,0,88,0
2021-06-05,Amador,5,37829,3707,3694,34,3728,46
2021-06-05,Butte,7,227075,12582,12514,1921,14435,194
2021-06-05,Calaveras,9,45235,2190,2181,15,2196,55
2021-06-05,Colusa,11,21464,1950,1959,324,2283,15
2021-06-05,Contra Costa,13,1133247,70017,69601,1362,70963,817
2021-06-05,Del Norte,15,27424,1402,1400,8,1408,8
2021-06-05,El Dorado,17,186661,10289,10288,775,11063,113
2021-06-05,Fresno,19,978130,102313,102626,9027,111653,1717
2021-06-05,Glenn,21,27897,2421,2423,581,3004,19
2021-06-05,Humboldt,23,135768,4361,4346,38,4384,42
2021-06-05,Imperial,25,180216,28578,28764,2938,31702,738
2021-06-05,Inyo,27,18085,1405,1405,4,1409,35
2021-06-05,Kern,29,883053,97079,96597,11448,108045,1324
2021-06-05,Kings,31,150075,23007,23017,1191,24208,244
2021-06-05,Lake,33,64148,3550,3534,9,3543,45
2021-06-05,Lassen,35,31185,5225,5191,122,5313,18
2021-06-05,Los Angeles,37,10098052,1203849,1203338,43929,1247267,24411
2021-06-05,Madera,39,155013,16597,16563,960,17523,240
2021-06-05,Marin,41,260295,14098,14101,270,14371,229
2021-06-05,Mariposa,43,17540,435,435,11,446,5
2021-06-05,Mendocino,45,87422,4064,3989,78,4067,47
2021-06-05,Merced,47,269075,31144,31212,998,32210,459
2021-06-05,Modoc,49,8938,386,375,132,507,3
2021-06-05,Mono,51,14174,1253,1274,12,1286,3
2021-06-05,Monterey,53,433212,43076,43071,1932,45003,415
2021-06-05,Napa,55,140530,9946,9960,35,9995,80
2021-06-05,Nevada,57,99092,4864,4849,199,5048,72
2021-06-05,Orange,59,3164182,255047,254752,11759,266511,5069
2021-06-05,Placer,61,380077,23375,23133,1577,24710,293
2021-06-05,Plumas,63,18699,709,692,12,704,4
2021-06-05,Riverside,65,2383286,291756,289157,14786,303943,4451
2021-06-05,Sacramento,67,1510023,106764,106688,1852,108540,1655
2021-06-05,San Benito,69,59416,6066,6074,119,6193,63
2021-06-05,San Bernardino,71,2135413,292937,293081,9063,302144,4772
2021-06-05,San Diego,73,3302833,281184,280676,0,280676,3764
2021-06-05,San Francisco,75,870044,36793,37111,1392,38503,552
2021-06-05,San Joaquin,77,732212,73283,73078,3763,76841,1388
2021-06-05,San Luis Obispo,79,281455,21268,21236,787,22023,255
2021-06-05,San Mateo,81,765935,42486,42433,488,42921,664
2021-06-05,Santa Barbara,83,443738,34518,34399,1246,35645,459
2021-06-05,Santa Clara,85,1922200,118437,119676,801,120477,2066
2021-06-05,Santa Cruz,87,273765,16190,16154,876,17030,208
2021-06-05,Shasta,89,179085,12414,12472,1659,14131,200
2021-06-05,Sierra,91,2930,55,55,14,69,0
2021-06-05,Siskiyou,93,43540,1931,1867,390,2257,21
2021-06-05,Solano,95,438530,33039,33074,565,33639,257
2021-06-05,Sonoma,97,501317,30356,30450,354,30804,323
2021-06-05,Stanislaus,99,539301,56480,56463,6210,62673,973
2021-06-05,Sutter,101,95872,9563,9559,93,9652,111
2021-06-05,Tehama,103,63373,5082,5092,611,5703,63
2021-06-05,Trinity,105,12862,368,328,68,396,3
2021-06-05,Tulare,107,460477,49704,49463,9584,59047,847
2021-06-05,Tuolumne,109,53932,4088,4098,37,4135,63
2021-06-05,Ventura,111,848112,81200,81119,3111,84230,1025
2021-06-05,Yolo,113,214977,14075,14088,345,14433,210
2021-06-05,Yuba,115,75493,6098,6087,131,6218,49
2021-06-04,Alameda,1,1643700,88481,88585,2066,90651,1263
2021-06-04,Alpine,3,1148,88,88,0,88,0
2021-06-04,Amador,5,37829,3707,3690,34,3724,46
2021-06-04,Butte,7,227075,12571,12494,1918,14412,193
2021-06-04,Calaveras,9,45235,2190,2179,15,2194,55
2021-06-04,Colusa,11,21464,1950,1959,324,2283,15
2021-06-04,Contra Costa,13,1133247,69982,69540,1359,70899,816
2021-06-04,Del Norte,15,27424,1402,1398,8,1406,8
2021-06-04,El Dorado,17,186661,10285,10284,773,11057,112
2021-06-04,Fresno,19,978130,102297,102601,9027,111628,1712
2021-06-04,Glenn,21,27897,2421,2423,580,3003,19
2021-06-04,Humboldt,23,135768,4356,4327,38,4365,42
2021-06-04,Imperial,25,180216,28574,28753,2938,31691,738
2021-06-04,Inyo,27,18085,1405,1404,4,1408,35
2021-06-04,Kern,29,883053,97061,96573,11446,108019,1327
2021-06-04,Kings,31,150075,23007,23002,1191,24193,244
2021-06-04,Lake,33,64148,3548,3528,9,3537,45
2021-06-04,Lassen,35,31185,5225,5180,122,5302,18
2021-06-04,Los Angeles,37,10098052,1203728,1203106,43919,1247025,24400
2021-06-04,Madera,39,155013,16595,16557,960,17517,240
2021-06-04,Marin,41,260295,14097,14099,269,14368,229
2021-06-04,Mariposa,43,17540,435,435,11,446,5
2021-06-04,Mendocino,45,87422,4055,3983,78,4061,47
2021-06-04,Merced,47,269075,31139,31204,997,32201,459
2021-06-04,Modoc,49,8938,384,375,132,507,3
2021-06-04,Mono,51,14174,1253,1275,12,1287,3
2021-06-04,Monterey,53,433212,43072,43068,1932,45000,415
2021-06-04,Napa,55,140530,9942,9958,35,9993,80
2021-06-04,Nevada,57,99092,4860,4844,199,5043,72
2021-06-04,Orange,59,3164182,255011,254730,11756,266486,5059
2021-06-04,Placer,61,380077,23360,23110,1576,24686,293
2021-06-04,Plumas,63,18699,709,691,12,703,4
2021-06-04,Riverside,65,2383286,291730,289098,14782,303880,4452
2021-06-04,Sacramento,67,1510023,106712,106616,1850,108466,1654
2021-06-04,San Benito,69,59416,6064,6073,119,6192,63
2021-06-04,San Bernardino,71,2135413,292913,293056,9061,302117,4768
2021-06-04,San Diego,73,3302833,281142,280556,0,280556,3763
2021-06-04,San Francisco,75,870044,36788,37079,1391,38470,551
2021-06-04,San Joaquin,77,732212,73264,73039,3761,76800,1388
2021-06-04,San Luis Obispo,79,281455,21265,21234,786,22020,255
2021-06-04,San Mateo,81,765935,42474,42413,488,42901,478
2021-06-04,Santa Barbara,83,443738,34512,34402,1245,35647,459
2021-06-04,Santa Clara,85,1922200,118408,119619,801,120420,2065
2021-06-04,Santa Cruz,87,273765,16188,16150,876,17026,207
2021-06-04,Shasta,89,179085,12408,12458,1654,14112,200
2021-06-04,Sierra,91,2930,55,55,14,69,0
2021-06-04,Siskiyou,93,43540,1930,1865,390,2255,21
2021-06-04,Solano,95,438530,33028,33058,565,33623,256
2021-06-04,Sonoma,97,501317,30335,30411,354,30765,323
2021-06-04,Stanislaus,99,539301,56457,56442,6207,62649,973
2021-06-04,Sutter,101,95872,9558,9554,93,9647,111
2021-06-04,Tehama,103,63373,5077,5090,611,5701,63
2021-06-04,Trinity,105,12862,368,328,68,396,3
2021-06-04,Tulare,107,460477,49695,49452,9582,59034,847
2021-06-04,Tuolumne,109,53932,4087,4095,37,4132,63
2021-06-04,Ventura,111,848112,81193,81104,3109,84213,1023
2021-06-04,Yolo,113,214977,14073,14083,345,14428,210
2021-06-04,Yuba,115,75493,6095,6084,131,6215,49
2021-06-03,Alameda,1,1643700,88443,88555,2063,90618,1257
2021-06-03,Alpine,3,1148,88,88,0,88,0
2021-06-03,Amador,5,37829,3699,3688,34,3722,46
2021-06-03,Butte,7,227075,12567,12478,1917,14395,193
2021-06-03,Calaveras,9,45235,2190,2179,15,2194,55
2021-06-03,Colusa,11,21464,1950,1957,324,2281,15
2021-06-03,Contra Costa,13,1133247,69927,69500,1354,70854,816
2021-06-03,Del Norte,15,27424,1400,1397,8,1405,8
2021-06-03,El Dorado,17,186661,10279,10284,770,11054,112
2021-06-03,Fresno,19,978130,102281,102566,9027,111593,1709
2021-06-03,Glenn,21,27897,2421,2421,580,3001,19
2021-06-03,Humboldt,23,135768,4348,4314,38,4352,42
2021-06-03,Imperial,25,180216,28562,28737,2938,31675,738
2021-06-03,Inyo,27,18085,1405,1404,4,1408,35
2021-06-03,Kern,29,883053,97034,96507,11432,107939,1326
2021-06-03,Kings,31,150075,23003,22982,1191,24173,244
2021-06-03,Lake,33,64148,3546,3526,9,3535,45
2021-06-03,Lassen,35,31185,5216,5177,122,5299,12
2021-06-03,Los Angeles,37,10098052,1203554,1202923,43911,1246834,24386
2021-06-03,Madera,39,155013,16589,16554,960,17514,240
2021-06-03,Marin,41,260295,14092,14095,269,14364,230
2021-06-03,Mariposa,43,17540,435,435,11,446,5
2021-06-03,Mendocino,45,87422,4048,3978,78,4056,47
2021-06-03,Merced,47,269075,31135,31199,997,32196,459
2021-06-03,Modoc,49,8938,383,376,131,507,3
2021-06-03,Mono,51,14174,1253,1275,12,1287,3
2021-06-03,Monterey,53,433212,43069,43063,1932,44995,415
2021-06-03,Napa,55,140530,9935,9957,35,9992,81
2021-06-03,Nevada,57,99092,4856,4837,199,5036,72
2021-06-03,Orange,59,3164182,254983,254676,11746,266422,5056
2021-06-03,Placer,61,380077,23351,23100,1575,24675,293
2021-06-03,Plumas,63,18699,709,691,12,703,4
2021-06-03,Riverside,65,2383286,291676,289035,14778,303813,4447
2021-06-03,Sacramento,67,1510023,106634,106526,1848,108374,1654
2021-06-03,San Benito,69,59416,6064,6073,119,6192,63
2021-06-03,San Bernardino,71,2135413,292881,293021,9060,302081,4762
2021-06-03,San Diego,73,3302833,281079,280430,0,280430,3761
2021-06-03,San Francisco,75,870044,36782,37072,1391,38463,551
2021-06-03,San Joaquin,77,732212,73236,72989,3757,76746,1388
2021-06-03,San Luis Obispo,79,281455,21260,21224,786,22010,255
2021-06-03,San Mateo,81,765935,42461,42396,488,42884,467
2021-06-03,Santa Barbara,83,443738,34509,34391,1245,35636,459
2021-06-03,Santa Clara,85,1922200,118386,119592,799,120391,2058
2021-06-03,Santa Cruz,87,273765,16186,16144,876,17020,207
2021-06-03,Shasta,89,179085,12393,12441,1652,14093,199
2021-06-03,Sierra,91,2930,55,55,14,69,0
2021-06-03,Siskiyou,93,43540,1930,1862,389,2251,21
2021-06-03,Solano,95,438530,33015,33019,565,33584,256
2021-06-03,Sonoma,97,501317,30313,30383,353,30736,322
2021-06-03,Stanislaus,99,539301,56427,56401,6200,62601,973
2021-06-03,Sutter,101,95872,9549,9539,93,9632,111
2021-06-03,Tehama,103,63373,5077,5087,611,5698,63
2021-06-03,Trinity,105,12862,368,328,68,396,3
2021-06-03,Tulare,107,460477,49692,49442,9578,59020,848
2021-06-03,Tuolumne,109,53932,4085,4095,37,4132,63
2021-06-03,Ventura,111,848112,81181,81078,3107,84185,1023
2021-06-03,Yolo,113,214977,14069,14078,342,14420,210
2021-06-03,Yuba,115,75493,6088,6077,131,6208,49
2021-06-02,Alameda,1,1643700,88398,88525,2061,90586,1254
2021-06-02,Alpine,3,1148,88,88,0,88,0
2021-06-02,Amador,5,37829,3697,3687,34,3721,46
2021-06-02,Butte,7,227075,12547,12432,1914,14346,193
2021-06-02,Calaveras,9,45235,2188,2174,14,2188,55
2021-06-02,Colusa,11,21464,1949,1957,324,2281,15
2021-06-02,Contra Costa,13,1133247,69876,69455,1352,70807,814
2021-06-02,Del Norte,15,27424,1398,1395,8,1403,8
2021-06-02,El Dorado,17,186661,10275,10275,770,11045,110
2021-06-02,Fresno,19,978130,102258,102547,9024,111571,1707
2021-06-02,Glenn,21,27897,2421,2421,580,3001,19
2021-06-02,Humboldt,23,135768,4333,4302,38,4340,42
2021-06-02,Imperial,25,180216,28557,28737,2936,31673,738
2021-06-02,Inyo,27,18085,1404,1403,4,1407,35
2021-06-02,Kern,29,883053,97008,96481,11423,107904,1326
2021-06-02,Kings,31,150075,23001,22981,1191,24172,244
2021-06-02,Lake,33,64148,3541,3522,9,3531,45
2021-06-02,Lassen,35,31185,5215,5177,122,5299,6
2021-06-02,Los Angeles,37,10098052,1203353,1202760,43902,1246662,24375
2021-06-02,Madera,39,155013,16581,16550,960,17510,240
2021-06-02,Marin,41,260295,14090,14091,269,14360,229
2021-06-02,Mariposa,43,17540,435,434,11,445,5
2021-06-02,Mendocino,45,87422,4042,3970,78,4048,47
2021-06-02,Merced,47,269075,31122,31195,996,32191,458
2021-06-02,Modoc,49,8938,382,375,130,505,3
2021-06-02,Mono,51,14174,1253,1275,12,1287,3
2021-06-02,Monterey,53,433212,43067,43056,1932,44988,380
2021-06-02,Napa,55,140530,9934,9953,35,9988,82
2021-06-02,Nevada,57,99092,4853,4833,199,5032,72
2021-06-02,Orange,59,3164182,254938,254637,11742,266379,5055
2021-06-02,Placer,61,380077,23330,23058,1573,24631,293
2021-06-02,Plumas,63,18699,709,690,12,702,4
2021-06-02,Riverside,65,2383286,291621,289012,14768,303780,4445
2021-06-02,Sacramento,67,1510023,106570,106435,1841,108276,1649
2021-06-02,San Benito,69,59416,6063,6073,119,6192,63
2021-06-02,San Bernardino,71,2135413,292835,293004,9055,302059,4760
2021-06-02,San Diego,73,3302833,280999,280347,0,280347,3760
2021-06-02,San Francisco,75,870044,36762,37050,1390,38440,550
2021-06-02,San Joaquin,77,732212,73205,72893,3754,76647,1387
2021-06-02,San Luis Obispo,79,281455,21253,21214,785,21999,255
2021-06-02,San Mateo,81,765935,42451,42383,487,42870,464
2021-06-02,Santa Barbara,83,443738,34502,34381,1245,35626,456
2021-06-02,Santa Clara,85,1922200,118358,119553,798,120351,2058
2021-06-02,Santa Cruz,87,273765,16183,16144,876,17020,207
2021-06-02,Shasta,89,179085,12375,12426,1648,14074,199
2021-06-02,Sierra,91,2930,55,55,14,69,0
2021-06-02,Siskiyou,93,43540,1930,1861,387,2248,21
2021-06-02,Solano,95,438530,33003,33007,564,33571,256
2021-06-02,Sonoma,97,501317,30294,30359,348,30707,322
2021-06-02,Stanislaus,99,539301,56398,56377,6195,62572,973
2021-06-02,Sutter,101,95872,9546,9533,93,9626,111
2021-06-02,Tehama,103,63373,5074,5081,611,5692,63
2021-06-02,Trinity,105,12862,366,328,68,396,3
2021-06-02,Tulare,107,460477,49684,49434,9574,59008,846
2021-06-02,Tuolumne,109,53932,4085,4095,37,4132,63
2021-06-02,Ventura,111,848112,81156,81033,3107,84140,1020
2021-06-02,Yolo,113,214977,14066,14074,341,14415,210
2021-06-02,Yuba,115,75493,6082,6072,131,6203,48
2021-06-01,Alameda,1,1643700,88365,88472,2059,90531,1253
2021-06-01,Alpine,3,1148,88,88,0,88,0
2021-06-01,Amador,5,37829,3695,3687,34,3721,46
2021-06-01,Butte,7,227075,12533,12427,1913,14340,193
2021-06-01,Calaveras,9,45235,2186,2173,14,2187,55
2021-06-01,Colusa,11,21464,1948,1955,323,2278,15
2021-06-01,Contra Costa,13,1133247,69819,69404,1352,70756,813
2021-06-01,Del Norte,15,27424,1397,1394,8,1402,8
2021-06-01,El Dorado,17,186661,10269,10271,770,11041,110
2021-06-01,Fresno,19,978130,102234,102534,9021,111555,1706
2021-06-01,Glenn,21,27897,2421,2422,580,3002,18
2021-06-01,Humboldt,23,135768,4323,4299,38,4337,42
2021-06-01,Imperial,25,180216,28553,28722,2935,31657,736
2021-06-01,Inyo,27,18085,1404,1403,4,1407,35
2021-06-01,Kern,29,883053,96981,96477,11415,107892,1319
2021-06-01,Kings,31,150075,22997,22977,1191,24168,244
2021-06-01,Lake,33,64148,3540,3523,9,3532,45
2021-06-01,Lassen,35,31185,5208,5172,122,5294,6
2021-06-01,Los Angeles,37,10098052,1203120,1202673,43889,1246562,24367
2021-06-01,Madera,39,155013,16572,16549,959,17508,240
2021-06-01,Marin,41,260295,14088,14081,269,14350,229
2021-06-01,Mariposa,43,17540,435,431,11,442,5
2021-06-01,Mendocino,45,87422,4035,3966,78,4044,47
2021-06-01,Merced,47,269075,31113,31195,996,32191,456
2021-06-01,Modoc,49,8938,381,375,130,505,3
2021-06-01,Mono,51,14174,1253,1275,12,1287,3
2021-06-01,Monterey,53,433212,43061,43051,1932,44983,379
2021-06-01,Napa,55,140530,9932,9949,35,9984,82
2021-06-01,Nevada,57,99092,4848,4825,199,5024,72
2021-06-01,Orange,59,3164182,254903,254603,11734,266337,5051
2021-06-01,Placer,61,380077,23300,23021,1571,24592,293
2021-06-01,Plumas,63,18699,708,690,12,702,4
2021-06-01,Riverside,65,2383286,291570,288996,14762,303758,4442
2021-06-01,Sacramento,67,1510023,106497,106330,1839,108169,1644
2021-06-01,San Benito,69,59416,6062,6073,118,6191,63
2021-06-01,San Bernardino,71,2135413,292813,292990,9054,302044,4758
2021-06-01,San Diego,73,3302833,280895,280305,0,280305,3756
2021-06-01,San Francisco,75,870044,36746,37031,1390,38421,550
2021-06-01,San Joaquin,77,732212,73173,72858,3752,76610,1383
2021-06-01,San Luis Obispo,79,281455,21248,21217,785,22002,256
2021-06-01,San Mateo,81,765935,42435,42383,486,42869,462
2021-06-01,Santa Barbara,83,443738,34499,34374,1245,35619,456
2021-06-01,Santa Clara,85,1922200,118330,119528,798,120326,2057
2021-06-01,Santa Cruz,87,273765,16179,16143,875,17018,207
2021-06-01,Shasta,89,179085,12366,12409,1643,14052,199
2021-06-01,Sierra,91,2930,55,55,14,69,0
2021-06-01,Siskiyou,93,43540,1924,1860,386,2246,21
2021-06-01,Solano,95,438530,32978,32974,563,33537,256
2021-06-01,Sonoma,97,501317,30255,30324,347,30671,322
2021-06-01,Stanislaus,99,539301,56374,56348,6193,62541,973
2021-06-01,Sutter,101,95872,9539,9528,93,9621,111
2021-06-01,Tehama,103,63373,5072,5079,611,5690,63
2021-06-01,Trinity,105,12862,365,328,67,395,3
2021-06-01,Tulare,107,460477,49676,49419,9570,58989,845
2021-06-01,Tuolumne,109,53932,4085,4094,37,4131,63
2021-06-01,Ventura,111,848112,81140,81018,3106,84124,1021
2021-06-01,Yolo,113,214977,14061,14067,340,14407,210
2021-06-01,Yuba,115,75493,6078,6067,131,6198,48
2021-05-31,Alameda,1,1643700,88328,88458,2055,90513,1253
2021-05-31,Alpine,3,1148,88,88,0,88,0
2021-05-31,Amador,5,37829,3689,3687,34,3721,46
2021-05-31,Butte,7,227075,12520,12429,1913,14342,193
2021-05-31,Calaveras,9,45235,2185,2171,14,2185,55
2021-05-31,Colusa,11,21464,1948,1956,322,2278,15
2021-05-31,Contra Costa,13,1133247,69782,69390,1350,70740,813
2021-05-31,Del Norte,15,27424,1394,1394,8,1402,8
2021-05-31,El Dorado,17,186661,10263,10271,768,11039,110
2021-05-31,Fresno,19,978130,102198,102507,9020,111527,1706
2021-05-31,Glenn,21,27897,2420,2422,579,3001,18
2021-05-31,Humboldt,23,135768,4311,4295,38,4333,42
2021-05-31,Imperial,25,180216,28547,28732,2932,31664,736
2021-05-31,Inyo,27,18085,1403,1403,4,1407,35
2021-05-31,Kern,29,883053,96945,96457,11406,107863,1319
2021-05-31,Kings,31,150075,22993,22977,1191,24168,244
2021-05-31,Lake,33,64148,3535,3523,9,3532,45
2021-05-31,Lassen,35,31185,5206,5172,121,5293,6
2021-05-31,Los Angeles,37,10098052,1202879,1202567,43881,1246448,24364
2021-05-31,Madera,39,155013,16571,16543,958,17501,240
2021-05-31,Marin,41,260295,14086,14080,268,14348,229
2021-05-31,Mariposa,43,17540,435,430,11,441,5
2021-05-31,Mendocino,45,87422,4026,3961,78,4039,47
2021-05-31,Merced,47,269075,31108,31194,996,32190,456
2021-05-31,Modoc,49,8938,380,374,130,504,3
2021-05-31,Mono,51,14174,1253,1275,12,1287,3
2021-05-31,Monterey,53,433212,43057,43051,1932,44983,379
2021-05-31,Napa,55,140530,9925,9948,35,9983,82
2021-05-31,Nevada,57,99092,4838,4823,198,5021,72
2021-05-31,Orange,59,3164182,254876,254572,11727,266299,5051
2021-05-31,Placer,61,380077,23273,23019,1566,24585,293
2021-05-31,Plumas,63,18699,707,690,12,702,4
2021-05-31,Riverside,65,2383286,291513,288970,14750,303720,4442
2021-05-31,Sacramento,67,1510023,106400,106278,1833,108111,1644
2021-05-31,San Benito,69,59416,6062,6072,118,6190,63
2021-05-31,San Bernardino,71,2135413,292765,292973,9053,302026,4758
2021-05-31,San Diego,73,3302833,280791,280254,0,280254,3756
2021-05-31,San Francisco,75,870044,36731,37022,1389,38411,550
2021-05-31,San Joaquin,77,732212,73126,72856,3745,76601,1383
2021-05-31,San Luis Obispo,79,281455,21240,21215,785,22000,256
2021-05-31,San Mateo,81,765935,42419,42389,486,42875,442
2021-05-31,Santa Barbara,83,443738,34486,34369,1243,35612,456
2021-05-31,Santa Clara,85,1922200,118286,119515,798,120313,2057
2021-05-31,Santa Cruz,87,273765,16176,16139,875,17014,207
2021-05-31,Shasta,89,179085,12350,12408,1640,14048,199
2021-05-31,Sierra,91,2930,55,55,14,69,0
2021-05-31,Siskiyou,93,43540,1923,1856,385,2241,21
2021-05-31,Solano,95,438530,32927,32973,563,33536,256
2021-05-31,Sonoma,97,501317,30212,30314,347,30661,322
2021-05-31,Stanislaus,99,539301,56323,56335,6190,62525,973
2021-05-31,Sutter,101,95872,9520,9523,93,9616,111
2021-05-31,Tehama,103,63373,5070,5076,610,5686,63
2021-05-31,Trinity,105,12862,365,328,67,395,3
2021-05-31,Tulare,107,460477,49665,49404,9565,58969,845
2021-05-31,Tuolumne,109,53932,4083,4095,37,4132,63
2021-05-31,Ventura,111,848112,81125,81017,3103,84120,1021
2021-05-31,Yolo,113,214977,14057,14064,340,14404,210
2021-05-31,Yuba,115,75493,6072,6063,128,6191,48
2021-05-30,Alameda,1,1643700,88303,88429,2055,90484,1253
2021-05-30,Alpine,3,1148,88,88,0,88,0
2021-05-30,Amador,5,37829,3685,3685,34,3719,46
2021-05-30,Butte,7,227075,12510,12427,1911,14338,190
2021-05-30,Calaveras,9,45235,2181,2166,14,2180,55
2021-05-30,Colusa,11,21464,1948,1954,322,2276,15
2021-05-30,Contra Costa,13,1133247,69748,69381,1348,70729,813
2021-05-30,Del Norte,15,27424,1393,1393,8,1401,8
2021-05-30,El Dorado,17,186661,10260,10271,768,11039,110
2021-05-30,Fresno,19,978130,102181,102499,9016,111515,1706
2021-05-30,Glenn,21,27897,2420,2422,578,3000,18
2021-05-30,Humboldt,23,135768,4302,4291,38,4329,42
2021-05-30,Imperial,25,180216,28542,28732,2931,31663,736
2021-05-30,Inyo,27,18085,1403,1403,4,1407,35
2021-05-30,Kern,29,883053,96929,96443,11403,107846,1319
2021-05-30,Kings,31,150075,22992,22974,1190,24164,244
2021-05-30,Lake,33,64148,3535,3517,9,3526,45
2021-05-30,Lassen,35,31185,5204,5171,121,5292,6
2021-05-30,Los Angeles,37,10098052,1202775,1202425,43874,1246299,24360
2021-05-30,Madera,39,155013,16567,16538,958,17496,240
2021-05-30,Marin,41,260295,14082,14083,267,14350,229
2021-05-30,Mariposa,43,17540,435,430,11,441,5
2021-05-30,Mendocino,45,87422,4019,3955,78,4033,47
2021-05-30,Merced,47,269075,31104,31189,995,32184,456
2021-05-30,Modoc,49,8938,380,374,130,504,3
2021-05-30,Mono,51,14174,1253,1275,12,1287,3
2021-05-30,Monterey,53,433212,43054,43049,1932,44981,379
2021-05-30,Napa,55,140530,9924,9948,35,9983,82
2021-05-30,Nevada,57,99092,4832,4818,198,5016,72
2021-05-30,Orange,59,3164182,254852,254559,11726,266285,5051
2021-05-30,Placer,61,380077,23267,23016,1566,24582,293
2021-05-30,Plumas,63,18699,705,690,12,702,4
2021-05-30,Riverside,65,2383286,291492,288961,14748,303709,4442
2021-05-30,Sacramento,67,1510023,106355,106252,1831,108083,1644
2021-05-30,San Benito,69,59416,6062,6072,118,6190,63
2021-05-30,San Bernardino,71,2135413,292740,292981,9052,302033,4758
2021-05-30,San Diego,73,3302833,280735,280209,0,280209,3756
2021-05-30,San Francisco,75,870044,36713,37016,1388,38404,550
2021-05-30,San Joaquin,77,732212,73109,72853,3744,76597,1383
2021-05-30,San Luis Obispo,79,281455,21232,21211,784,21995,256
2021-05-30,San Mateo,81,765935,42410,42386,486,42872,439
2021-05-30,Santa Barbara,83,443738,34482,34369,1242,35611,456
2021-05-30,Santa Clara,85,1922200,118264,119510,794,120304,2057
2021-05-30,Santa Cruz,87,273765,16174,16140,875,17015,207
2021-05-30,Shasta,89,179085,12348,12408,1637,14045,199
2021-05-30,Sierra,91,2930,55,55,14,69,0
2021-05-30,Siskiyou,93,43540,1923,1856,385,2241,21
2021-05-30,Solano,95,438530,32916,32952,562,33514,256
2021-05-30,Sonoma,97,501317,30196,30310,345,30655,322
2021-05-30,Stanislaus,99,539301,56304,56323,6189,62512,973
2021-05-30,Sutter,101,95872,9519,9519,92,9611,111
2021-05-30,Tehama,103,63373,5070,5073,610,5683,63
2021-05-30,Trinity,105,12862,365,328,67,395,3
2021-05-30,Tulare,107,460477,49658,49397,9557,58954,845
2021-05-30,Tuolumne,109,53932,4083,4094,37,4131,63
2021-05-30,Ventura,111,848112,81122,81012,3101,84113,1021
2021-05-30,Yolo,113,214977,14052,14059,339,14398,210
2021-05-30,Yuba,115,75493,6065,6063,127,6190,48
2021-05-29,Alameda,1,1643700,88280,88433,2053,90486,1253
2021-05-29,Alpine,3,1148,88,88,0,88,0
2021-05-29,Amador,5,37829,3684,3683,34,3717,46
2021-05-29,Butte,7,227075,12504,12425,1911,14336,190
2021-05-29,Calaveras,9,45235,2180,2166,14,2180,55
2021-05-29,Colusa,11,21464,1945,1954,322,2276,15
2021-05-29,Contra Costa,13,1133247,69715,69351,1348,70699,813
2021-05-29,Del Norte,15,27424,1393,1391,8,1399,8
2021-05-29,El Dorado,17,186661,10259,10269,766,11035,110
2021-05-29,Fresno,19,978130,102169,102470,9013,111483,1706
2021-05-29,Glenn,21,27897,2420,2422,577,2999,18
2021-05-29,Humboldt,23,135768,4296,4283,38,4321,42
2021-05-29,Imperial,25,180216,28539,28729,2930,31659,736
2021-05-29,Inyo,27,18085,1403,1404,4,1408,35
2021-05-29,Kern,29,883053,96919,96424,11389,107813,1319
2021-05-29,Kings,31,150075,22991,22970,1189,24159,244
2021-05-29,Lake,33,64148,3535,3515,9,3524,45
2021-05-29,Lassen,35,31185,5204,5171,121,5292,6
2021-05-29,Los Angeles,37,10098052,1202652,1202264,43871,1246135,24359
2021-05-29,Madera,39,155013,16565,16535,958,17493,240
2021-05-29,Marin,41,260295,14078,14071,266,14337,229
2021-05-29,Mariposa,43,17540,434,428,11,439,5
2021-05-29,Mendocino,45,87422,4013,3952,78,4030,47
2021-05-29,Merced,47,269075,31093,31187,995,32182,456
2021-05-29,Modoc,49,8938,380,374,130,504,3
2021-05-29,Mono,51,14174,1253,1275,12,1287,3
2021-05-29,Monterey,53,433212,43052,43042,1932,44974,379
2021-05-29,Napa,55,140530,9921,9948,35,9983,82
2021-05-29,Nevada,57,99092,4831,4816,198,5014,72
2021-05-29,Orange,59,3164182,254830,254537,11716,266253,5049
2021-05-29,Placer,61,380077,23253,23009,1565,24574,293
2021-05-29,Plumas,63,18699,705,689,12,701,4
2021-05-29,Riverside,65,2383286,291472,288908,14747,303655,4442
2021-05-29,Sacramento,67,1510023,106326,106218,1830,108048,1643
2021-05-29,San Benito,69,59416,6061,6072,118,6190,63
2021-05-29,San Bernardino,71,2135413,292708,292961,9051,302012,4757
2021-05-29,San Diego,73,3302833,280676,280151,0,280151,3756
2021-05-29,San Francisco,75,870044,36704,37008,1388,38396,550
2021-05-29,San Joaquin,77,732212,73093,72827,3742,76569,1383
2021-05-29,San Luis Obispo,79,281455,21230,21201,784,21985,256
2021-05-29,San Mateo,81,765935,42402,42375,485,42860,439
2021-05-29,Santa Barbara,83,443738,34478,34367,1242,35609,456
2021-05-29,Santa Clara,85,1922200,118240,119498,793,120291,2056
2021-05-29,Santa Cruz,87,273765,16173,16137,875,17012,207
2021-05-29,Shasta,89,179085,12340,12401,1636,14037,199
2021-05-29,Sierra,91,2930,55,55,14,69,0
2021-05-29,Siskiyou,93,43540,1918,1856,385,2241,21
2021-05-29,Solano,95,438530,32907,32917,562,33479,256
2021-05-29,Sonoma,97,501317,30173,30298,344,30642,322
2021-05-29,Stanislaus,99,539301,56284,56305,6187,62492,974
2021-05-29,Sutter,101,95872,9515,9516,92,9608,111
2021-05-29,Tehama,103,63373,5069,5070,610,5680,63
2021-05-29,Trinity,105,12862,365,328,67,395,3
2021-05-29,Tulare,107,460477,49648,49392,9553,58945,845
2021-05-29,Tuolumne,109,53932,4083,4093,37,4130,63
2021-05-29,Ventura,111,848112,81114,81008,3101,84109,1021
2021-05-29,Yolo,113,214977,14051,14055,339,14394,210
2021-05-29,Yuba,115,75493,6065,6059,127,6186,48
2021-05-28,Alameda,1,1643700,88256,88391,2049,90440,1261
2021-05-28,Alpine,3,1148,88,88,0,88,0
2021-05-28,Amador,5,37829,3684,3680,34,3714,46
2021-05-28,Butte,7,227075,12501,12407,1910,14317,190
2021-05-28,Calaveras,9,45235,2179,2165,14,2179,55
2021-05-28,Colusa,11,21464,1945,1954,320,2274,15
2021-05-28,Contra Costa,13,1133247,69679,69290,1347,70637,813
2021-05-28,Del Norte,15,27424,1392,1390,8,1398,8
2021-05-28,El Dorado,17,186661,10256,10265,766,11031,110
2021-05-28,Fresno,19,978130,102155,102437,9013,111450,1705
2021-05-28,Glenn,21,27897,2420,2419,577,2996,18
2021-05-28,Humboldt,23,135768,4290,4265,38,4303,42
2021-05-28,Imperial,25,180216,28536,28722,2930,31652,736
2021-05-28,Inyo,27,18085,1403,1404,4,1408,35
2021-05-28,Kern,29,883053,96902,96396,11381,107777,1320
2021-05-28,Kings,31,150075,22989,22962,1189,24151,244
2021-05-28,Lake,33,64148,3533,3515,9,3524,45
2021-05-28,Lassen,35,31185,5204,5169,121,5290,6
2021-05-28,Los Angeles,37,10098052,1202544,1202103,43859,1245962,24357
2021-05-28,Madera,39,155013,16563,16530,958,17488,240
2021-05-28,Marin,41,260295,14077,14063,265,14328,229
2021-05-28,Mariposa,43,17540,434,428,11,439,5
2021-05-28,Mendocino,45,87422,4008,3947,78,4025,47
2021-05-28,Merced,47,269075,31090,31176,995,32171,455
2021-05-28,Modoc,49,8938,380,374,130,504,3
2021-05-28,Mono,51,14174,1253,1274,12,1286,3
2021-05-28,Monterey,53,433212,43051,43036,1932,44968,379
2021-05-28,Napa,55,140530,9921,9941,35,9976,82
2021-05-28,Nevada,57,99092,4829,4813,198,5011,71
2021-05-28,Orange,59,3164182,254812,254494,11714,266208,5047
2021-05-28,Placer,61,380077,23243,22987,1563,24550,293
2021-05-28,Plumas,63,18699,703,688,12,700,4
2021-05-28,Riverside,65,2383286,291450,288872,14745,303617,4442
2021-05-28,Sacramento,67,1510023,106268,106131,1829,107960,1642
2021-05-28,San Benito,69,59416,6061,6074,118,6192,63
2021-05-28,San Bernardino,71,2135413,292684,292905,9051,301956,4757
2021-05-28,San Diego,73,3302833,280614,280043,0,280043,3756
2021-05-28,San Francisco,75,870044,36698,36987,1388,38375,546
2021-05-28,San Joaquin,77,732212,73063,72793,3740,76533,1383
2021-05-28,San Luis Obispo,79,281455,21226,21190,782,21972,256
2021-05-28,San Mateo,81,765935,42396,42364,485,42849,439
2021-05-28,Santa Barbara,83,443738,34477,34371,1241,35612,455
2021-05-28,Santa Clara,85,1922200,118216,119462,793,120255,2056
2021-05-28,Santa Cruz,87,273765,16172,16129,875,17004,207
2021-05-28,Shasta,89,179085,12331,12383,1634,14017,198
2021-05-28,Sierra,91,2930,55,54,14,68,0
2021-05-28,Siskiyou,93,43540,1916,1850,385,2235,19
2021-05-28,Solano,95,438530,32892,32892,562,33454,256
2021-05-28,Sonoma,97,501317,30154,30270,344,30614,321
2021-05-28,Stanislaus,99,539301,56261,56278,6184,62462,974
2021-05-28,Sutter,101,95872,9511,9511,92,9603,111
2021-05-28,Tehama,103,63373,5063,5064,610,5674,63
2021-05-28,Trinity,105,12862,365,328,67,395,3
2021-05-28,Tulare,107,460477,49642,49375,9543,58918,846
2021-05-28,Tuolumne,109,53932,4083,4090,37,4127,63
2021-05-28,Ventura,111,848112,81103,80985,3100,84085,1021
2021-05-28,Yolo,113,214977,14047,14050,338,14388,210
2021-05-28,Yuba,115,75493,6063,6050,126,6176,48
2021-05-27,Alameda,1,1643700,88220,88342,2048,90390,1274
2021-05-27,Alpine,3,1148,88,88,0,88,0
2021-05-27,Amador,5,37829,3682,3680,34,3714,46
2021-05-27,Butte,7,227075,12496,12401,1909,14310,190
2021-05-27,Calaveras,9,45235,2178,2163,14,2177,55
2021-05-27,Colusa,11,21464,1942,1952,320,2272,15
2021-05-27,Contra Costa,13,1133247,69637,69245,1345,70590,813
2021-05-27,Del Norte,15,27424,1392,1388,8,1396,8
2021-05-27,El Dorado,17,186661,10255,10248,766,11014,112
2021-05-27,Fresno,19,978130,102139,102413,9010,111423,1704
2021-05-27,Glenn,21,27897,2420,2415,577,2992,18
2021-05-27,Humboldt,23,135768,4282,4260,38,4298,42
2021-05-27,Imperial,25,180216,28525,28728,2930,31658,736
2021-05-27,Inyo,27,18085,1403,1404,4,1408,35
2021-05-27,Kern,29,883053,96886,96364,11373,107737,1322
2021-05-27,Kings,31,150075,22986,22953,1189,24142,245
2021-05-27,Lake,33,64148,3528,3509,9,3518,45
2021-05-27,Lassen,35,31185,5203,5170,120,5290,6
2021-05-27,Los Angeles,37,10098052,1202383,1201927,43843,1245770,24348
2021-05-27,Madera,39,155013,16554,16527,958,17485,240
2021-05-27,Marin,41,260295,14073,14061,265,14326,229
2021-05-27,Mariposa,43,17540,432,427,11,438,5
2021-05-27,Mendocino,45,87422,4002,3945,78,4023,47
2021-05-27,Merced,47,269075,31078,31161,995,32156,455
2021-05-27,Modoc,49,8938,379,374,130,504,3
2021-05-27,Mono,51,14174,1253,1276,12,1288,3
2021-05-27,Monterey,53,433212,43045,43032,1932,44964,379
2021-05-27,Napa,55,140530,9920,9934,35,9969,82
2021-05-27,Nevada,57,99092,4825,4807,196,5003,71
2021-05-27,Orange,59,3164182,254776,254438,11709,266147,5059
2021-05-27,Placer,61,380077,23234,22966,1563,24529,293
2021-05-27,Plumas,63,18699,703,687,12,699,4
2021-05-27,Riverside,65,2383286,291415,288835,14740,303575,4443
2021-05-27,Sacramento,67,1510023,106194,106015,1827,107842,1642
2021-05-27,San Benito,69,59416,6060,6074,118,6192,63
2021-05-27,San Bernardino,71,2135413,292645,292755,9049,301804,4756
2021-05-27,San Diego,73,3302833,280540,279960,0,279960,3756
2021-05-27,San Francisco,75,870044,36693,36980,1384,38364,546
2021-05-27,San Joaquin,77,732212,73031,72714,3736,76450,1388
2021-05-27,San Luis Obispo,79,281455,21223,21171,782,21953,256
2021-05-27,San Mateo,81,765935,42387,42345,485,42830,436
2021-05-27,Santa Barbara,83,443738,34473,34355,1241,35596,456
2021-05-27,Santa Clara,85,1922200,118197,119452,793,120245,2053
2021-05-27,Santa Cruz,87,273765,16169,16134,875,17009,207
2021-05-27,Shasta,89,179085,12320,12380,1634,14014,202
2021-05-27,Sierra,91,2930,55,54,14,68,0
2021-05-27,Siskiyou,93,43540,1913,1846,385,2231,18
2021-05-27,Solano,95,438530,32851,32855,561,33416,257
2021-05-27,Sonoma,97,501317,30127,30253,340,30593,321
2021-05-27,Stanislaus,99,539301,56233,56207,6183,62390,974
2021-05-27,Sutter,101,95872,9507,9501,92,9593,111
2021-05-27,Tehama,103,63373,5060,5064,609,5673,63
2021-05-27,Trinity,105,12862,365,328,67,395,3
2021-05-27,Tulare,107,460477,49628,49366,9534,58900,840
2021-05-27,Tuolumne,109,53932,4082,4090,37,4127,66
2021-05-27,Ventura,111,848112,81090,80965,3097,84062,1023
2021-05-27,Yolo,113,214977,14044,14036,337,14373,213
2021-05-27,Yuba,115,75493,6058,6040,125,6165,48
2021-05-26,Alameda,1,1643700,88191,88297,2048,90345,1266
2021-05-26,Alpine,3,1148,88,88,0,88,0
2021-05-26,Amador,5,37829,3682,3679,34,3713,46
2021-05-26,Butte,7,227075,12487,12332,1908,14240,190
2021-05-26,Calaveras,9,45235,2176,2154,14,2168,55
2021-05-26,Colusa,11,21464,1941,1952,320,2272,15
2021-05-26,Contra Costa,13,1133247,69600,69210,1345,70555,812
2021-05-26,Del Norte,15,27424,1392,1386,7,1393,8
2021-05-26,El Dorado,17,186661,10251,10242,765,11007,112
2021-05-26,Fresno,19,978130,102107,102374,9005,111379,1702
2021-05-26,Glenn,21,27897,2419,2415,577,2992,18
2021-05-26,Humboldt,23,135768,4277,4246,38,4284,42
2021-05-26,Imperial,25,180216,28520,28712,2928,31640,734
2021-05-26,Inyo,27,18085,1403,1403,4,1407,36
2021-05-26,Kern,29,883053,96862,96343,11365,107708,1320
2021-05-26,Kings,31,150075,22982,22950,1188,24138,245
2021-05-26,Lake,33,64148,3527,3508,9,3517,45
2021-05-26,Lassen,35,31185,5202,5164,120,5284,6
2021-05-26,Los Angeles,37,10098052,1202219,1198100,43825,1241925,24221
2021-05-26,Madera,39,155013,16552,16520,958,17478,240
2021-05-26,Marin,41,260295,14070,14061,264,14325,227
2021-05-26,Mariposa,43,17540,432,427,11,438,5
2021-05-26,Mendocino,45,87422,3996,3938,78,4016,47
2021-05-26,Merced,47,269075,31069,31139,995,32134,455
2021-05-26,Modoc,49,8938,379,371,129,500,3
2021-05-26,Mono,51,14174,1253,1274,12,1286,3
2021-05-26,Monterey,53,433212,43039,43018,1931,44949,379
2021-05-26,Napa,55,140530,9913,9932,33,9965,82
2021-05-26,Nevada,57,99092,4820,4803,196,4999,70
2021-05-26,Orange,59,3164182,254741,254368,11705,266073,5058
2021-05-26,Placer,61,380077,23210,22940,1563,24503,293
2021-05-26,Plumas,63,18699,702,685,12,697,4
2021-05-26,Riverside,65,2383286,291369,288782,14733,303515,4443
2021-05-26,Sacramento,67,1510023,106108,105919,1823,107742,1637
2021-05-26,San Benito,69,59416,6060,6074,118,6192,63
2021-05-26,San Bernardino,71,2135413,292607,292662,9048,301710,4755
2021-05-26,San Diego,73,3302833,280465,279859,0,279859,3755
2021-05-26,San Francisco,75,870044,36681,36954,1384,38338,546
2021-05-26,San Joaquin,77,732212,72990,72681,3733,76414,1388
2021-05-26,San Luis Obispo,79,281455,21218,21163,782,21945,256
2021-05-26,San Mateo,81,765935,42378,42331,484,42815,436
2021-05-26,Santa Barbara,83,443738,34464,34348,1241,35589,459
2021-05-26,Santa Clara,85,1922200,118170,119421,792,120213,2031
2021-05-26,Santa Cruz,87,273765,16168,16139,875,17014,207
2021-05-26,Shasta,89,179085,12306,12357,1631,13988,202
2021-05-26,Sierra,91,2930,55,54,14,68,0
2021-05-26,Siskiyou,93,43540,1911,1847,383,2230,18
2021-05-26,Solano,95,438530,32815,32831,561,33392,257
2021-05-26,Sonoma,97,501317,30101,30230,340,30570,321
2021-05-26,Stanislaus,99,539301,56211,56193,6180,62373,974
2021-05-26,Sutter,101,95872,9502,9495,92,9587,112
2021-05-26,Tehama,103,63373,5059,5054,606,5660,63
2021-05-26,Trinity,105,12862,365,328,67,395,3
2021-05-26,Tulare,107,460477,49621,49352,9530,58882,839
2021-05-26,Tuolumne,109,53932,4078,4088,36,4124,66
2021-05-26,Ventura,111,848112,81067,80944,3095,84039,1023
2021-05-26,Yolo,113,214977,14041,14025,337,14362,213
2021-05-26,Yuba,115,75493,6053,6036,125,6161,49
2021-05-25,Alameda,1,1643700,88162,88237,2048,90285,1263
2021-05-25,Alpine,3,1148,88,88,0,88,0
2021-05-25,Amador,5,37829,3677,3676,34,3710,46
2021-05-25,Butte,7,227075,12476,12295,1907,14202,189
2021-05-25,Calaveras,9,45235,2174,2148,14,2162,55
2021-05-25,Colusa,11,21464,1940,1949,320,2269,15
2021-05-25,Contra Costa,13,1133247,69547,69167,1340,70507,809
2021-05-25,Del Norte,15,27424,1392,1385,7,1392,8
2021-05-25,El Dorado,17,186661,10244,10240,764,11004,112
2021-05-25,Fresno,19,978130,102085,102329,9005,111334,1701
2021-05-25,Glenn,21,27897,2418,2414,576,2990,17
2021-05-25,Humboldt,23,135768,4270,4231,36,4267,42
2021-05-25,Imperial,25,180216,28513,28586,2928,31514,735
2021-05-25,Inyo,27,18085,1403,1402,4,1406,36
2021-05-25,Kern,29,883053,96831,96319,11351,107670,1319
2021-05-25,Kings,31,150075,22976,22944,1187,24131,245
2021-05-25,Lake,33,64148,3526,3508,9,3517,44
2021-05-25,Lassen,35,31185,5198,5164,120,5284,6
2021-05-25,Los Angeles,37,10098052,1202045,1197940,43806,1241746,24212
2021-05-25,Madera,39,155013,16547,16519,957,17476,240
2021-05-25,Marin,41,260295,14064,14053,264,14317,227
2021-05-25,Mariposa,43,17540,431,427,11,438,5
2021-05-25,Mendocino,45,87422,3991,3928,78,4006,47
2021-05-25,Merced,47,269075,31048,31132,995,32127,455
2021-05-25,Modoc,49,8938,378,367,129,496,3
2021-05-25,Mono,51,14174,1253,1274,12,1286,3
2021-05-25,Monterey,53,433212,43035,43012,1930,44942,379
2021-05-25,Napa,55,140530,9911,9926,33,9959,82
2021-05-25,Nevada,57,99092,4814,4795,196,4991,70
2021-05-25,Orange,59,3164182,254712,254321,11704,266025,5057
2021-05-25,Placer,61,380077,23199,22920,1561,24481,292
2021-05-25,Plumas,63,18699,702,684,12,696,4
2021-05-25,Riverside,65,2383286,291330,288725,14730,303455,4443
2021-05-25,Sacramento,67,1510023,106028,105828,1819,107647,1633
2021-05-25,San Benito,69,59416,6060,6073,118,6191,63
2021-05-25,San Bernardino,71,2135413,292555,292485,9047,301532,4755
2021-05-25,San Diego,73,3302833,280386,279786,0,279786,3753
2021-05-25,San Francisco,75,870044,36658,36939,1384,38323,546
2021-05-25,San Joaquin,77,732212,72950,72628,3729,76357,1387
2021-05-25,San Luis Obispo,79,281455,21215,21153,782,21935,256
2021-05-25,San Mateo,81,765935,42368,42268,484,42752,435
2021-05-25,Santa Barbara,83,443738,34461,34337,1241,35578,459
2021-05-25,Santa Clara,85,1922200,118145,119393,791,120184,2032
2021-05-25,Santa Cruz,87,273765,16163,16141,875,17016,207
2021-05-25,Shasta,89,179085,12296,12328,1628,13956,202
2021-05-25,Sierra,91,2930,54,54,14,68,0
2021-05-25,Siskiyou,93,43540,1910,1845,382,2227,18
2021-05-25,Solano,95,438530,32797,32817,560,33377,256
2021-05-25,Sonoma,97,501317,30072,30207,339,30546,321
2021-05-25,Stanislaus,99,539301,56174,56168,6178,62346,974
2021-05-25,Sutter,101,95872,9498,9495,92,9587,112
2021-05-25,Tehama,103,63373,5057,5048,605,5653,63
2021-05-25,Trinity,105,12862,365,328,66,394,3
2021-05-25,Tulare,107,460477,49611,49326,9522,58848,838
2021-05-25,Tuolumne,109,53932,4078,4084,36,4120,66
2021-05-25,Ventura,111,848112,81049,80905,3095,84000,1022
2021-05-25,Yolo,113,214977,14034,14018,335,14353,213
2021-05-25,Yuba,115,75493,6046,6028,125,6153,49
2021-05-24,Alameda,1,1643700,88100,88182,2047,90229,1263
2021-05-24,Alpine,3,1148,88,88,0,88,0
2021-05-24,Amador,5,37829,3675,3675,34,3709,46
2021-05-24,Butte,7,227075,12463,12279,1904,14183,189
2021-05-24,Calaveras,9,45235,2173,2146,14,2160,54
2021-05-24,Colusa,11,21464,1940,1949,320,2269,15
2021-05-24,Contra Costa,13,1133247,69508,69107,1336,70443,809
2021-05-24,Del Norte,15,27424,1391,1384,7,1391,8
2021-05-24,El Dorado,17,186661,10234,10227,763,10990,112
2021-05-24,Fresno,19,978130,102045,102289,9003,111292,1698
2021-05-24,Glenn,21,27897,2418,2413,576,2989,17
2021-05-24,Humboldt,23,135768,4263,4225,36,4261,42
2021-05-24,Imperial,25,180216,28511,28575,2928,31503,735
2021-05-24,Inyo,27,18085,1403,1402,4,1406,36
2021-05-24,Kern,29,883053,96804,96296,11346,107642,1319
2021-05-24,Kings,31,150075,22972,22940,1187,24127,246
2021-05-24,Lake,33,64148,3524,3506,9,3515,43
2021-05-24,Lassen,35,31185,5194,5163,120,5283,6
2021-05-24,Los Angeles,37,10098052,1201873,1197782,43791,1241573,24201
2021-05-24,Madera,39,155013,16544,16513,956,17469,239
2021-05-24,Marin,41,260295,14062,14051,264,14315,227
2021-05-24,Mariposa,43,17540,430,427,11,438,5
2021-05-24,Mendocino,45,87422,3989,3919,78,3997,47
2021-05-24,Merced,47,269075,31038,31128,994,32122,455
2021-05-24,Modoc,49,8938,378,366,128,494,3
2021-05-24,Mono,51,14174,1253,1270,12,1282,3
2021-05-24,Monterey,53,433212,43030,43005,1929,44934,379
2021-05-24,Napa,55,140530,9911,9924,33,9957,82
2021-05-24,Nevada,57,99092,4811,4790,196,4986,70
2021-05-24,Orange,59,3164182,254678,254287,11694,265981,5056
2021-05-24,Placer,61,380077,23179,22895,1560,24455,292
2021-05-24,Plumas,63,18699,701,683,12,695,4
2021-05-24,Riverside,65,2383286,291277,288669,14719,303388,4442
2021-05-24,Sacramento,67,1510023,105913,105716,1818,107534,1632
2021-05-24,San Benito,69,59416,6060,6072,118,6190,63
2021-05-24,San Bernardino,71,2135413,292517,292343,9046,301389,4747
2021-05-24,San Diego,73,3302833,280277,279715,0,279715,3749
2021-05-24,San Francisco,75,870044,36639,36934,1383,38317,547
2021-05-24,San Joaquin,77,732212,72918,72586,3728,76314,1371
2021-05-24,San Luis Obispo,79,281455,21197,21146,781,21927,256
2021-05-24,San Mateo,81,765935,42359,42249,484,42733,433
2021-05-24,Santa Barbara,83,443738,34456,34322,1241,35563,459
2021-05-24,Santa Clara,85,1922200,118113,119358,791,120149,2030
2021-05-24,Santa Cruz,87,273765,16158,16135,875,17010,207
2021-05-24,Shasta,89,179085,12280,12315,1625,13940,201
2021-05-24,Sierra,91,2930,54,54,14,68,0
2021-05-24,Siskiyou,93,43540,1907,1840,382,2222,17
2021-05-24,Solano,95,438530,32773,32792,559,33351,254
2021-05-24,Sonoma,97,501317,30057,30187,339,30526,321
2021-05-24,Stanislaus,99,539301,56140,56128,6174,62302,974
2021-05-24,Sutter,101,95872,9492,9486,92,9578,113
2021-05-24,Tehama,103,63373,5054,5043,603,5646,63
2021-05-24,Trinity,105,12862,365,328,66,394,3
2021-05-24,Tulare,107,460477,49604,49318,9518,58836,838
2021-05-24,Tuolumne,109,53932,4078,4083,36,4119,65
2021-05-24,Ventura,111,848112,81036,80876,3093,83969,1022
2021-05-24,Yolo,113,214977,14017,14012,332,14344,213
2021-05-24,Yuba,115,75493,6037,6022,125,6147,49
2021-05-23,Alameda,1,1643700,88029,88157,2044,90201,1263
2021-05-23,Alpine,3,1148,88,88,0,88,0
2021-05-23,Amador,5,37829,3674,3673,34,3707,46
2021-05-23,Butte,7,227075,12449,12271,1903,14174,189
2021-05-23,Calaveras,9,45235,2163,2144,14,2158,54
2021-05-23,Colusa,11,21464,1940,1949,318,2267,15
2021-05-23,Contra Costa,13,1133247,69462,69075,1334,70409,809
2021-05-23,Del Norte,15,27424,1387,1383,7,1390,8
2021-05-23,El Dorado,17,186661,10228,10222,763,10985,112
2021-05-23,Fresno,19,978130,102001,102270,8998,111268,1698
2021-05-23,Glenn,21,27897,2416,2413,576,2989,17
2021-05-23,Humboldt,23,135768,4245,4216,36,4252,42
2021-05-23,Imperial,25,180216,28505,28569,2927,31496,735
2021-05-23,Inyo,27,18085,1403,1402,4,1406,36
2021-05-23,Kern,29,883053,96782,96282,11337,107619,1319
2021-05-23,Kings,31,150075,22959,22939,1185,24124,246
2021-05-23,Lake,33,64148,3521,3504,9,3513,43
2021-05-23,Lassen,35,31185,5190,5163,119,5282,6
2021-05-23,Los Angeles,37,10098052,1201691,1197633,43777,1241410,24197
2021-05-23,Madera,39,155013,16539,16504,955,17459,239
2021-05-23,Marin,41,260295,14053,14048,264,14312,227
2021-05-23,Mariposa,43,17540,430,427,11,438,5
2021-05-23,Mendocino,45,87422,3983,3913,77,3990,47
2021-05-23,Merced,47,269075,31028,31118,994,32112,455
2021-05-23,Modoc,49,8938,374,366,128,494,3
2021-05-23,Mono,51,14174,1252,1270,12,1282,3
2021-05-23,Monterey,53,433212,43020,43003,1929,44932,379
2021-05-23,Napa,55,140530,9907,9923,33,9956,82
2021-05-23,Nevada,57,99092,4801,4790,196,4986,70
2021-05-23,Orange,59,3164182,254640,254277,11687,265964,5050
2021-05-23,Placer,61,380077,23160,22888,1560,24448,292
2021-05-23,Plumas,63,18699,700,683,12,695,4
2021-05-23,Riverside,65,2383286,291210,288641,14715,303356,4442
2021-05-23,Sacramento,67,1510023,105795,105663,1816,107479,1632
2021-05-23,San Benito,69,59416,6059,6072,118,6190,63
2021-05-23,San Bernardino,71,2135413,292465,292327,9044,301371,4747
2021-05-23,San Diego,73,3302833,280187,279690,0,279690,3751
2021-05-23,San Francisco,75,870044,36628,36927,1382,38309,547
2021-05-23,San Joaquin,77,732212,72869,72571,3726,76297,1371
2021-05-23,San Luis Obispo,79,281455,21187,21141,780,21921,256
2021-05-23,San Mateo,81,765935,42342,42248,484,42732,433
2021-05-23,Santa Barbara,83,443738,34449,34319,1241,35560,459
2021-05-23,Santa Clara,85,1922200,118089,119333,791,120124,2030
2021-05-23,Santa Cruz,87,273765,16155,16130,875,17005,207
2021-05-23,Shasta,89,179085,12263,12313,1622,13935,201
2021-05-23,Sierra,91,2930,54,54,14,68,0
2021-05-23,Siskiyou,93,43540,1902,1826,375,2201,17
2021-05-23,Solano,95,438530,32755,32780,558,33338,254
2021-05-23,Sonoma,97,501317,30028,30168,338,30506,321
2021-05-23,Stanislaus,99,539301,56089,56104,6171,62275,974
2021-05-23,Sutter,101,95872,9483,9479,92,9571,113
2021-05-23,Tehama,103,63373,5047,5041,601,5642,63
2021-05-23,Trinity,105,12862,365,328,66,394,3
2021-05-23,Tulare,107,460477,49590,49310,9514,58824,838
2021-05-23,Tuolumne,109,53932,4075,4081,36,4117,65
2021-05-23,Ventura,111,848112,81006,80872,3092,83964,1022
2021-05-23,Yolo,113,214977,14005,14004,329,14333,213
2021-05-23,Yuba,115,75493,6032,6017,125,6142,49
2021-05-22,Alameda,1,1643700,88004,88101,2043,90144,1263
2021-05-22,Alpine,3,1148,88,88,0,88,0
2021-05-22,Amador,5,37829,3673,3672,34,3706,46
2021-05-22,Butte,7,227075,12437,12265,1902,14167,189
2021-05-22,Calaveras,9,45235,2161,2141,14,2155,54
2021-05-22,Colusa,11,21464,1936,1949,317,2266,15
2021-05-22,Contra Costa,13,1133247,69429,69004,1333,70337,809
2021-05-22,Del Norte,15,27424,1386,1381,7,1388,8
2021-05-22,El Dorado,17,186661,10223,10215,763,10978,112
2021-05-22,Fresno,19,978130,101987,102238,8996,111234,1698
2021-05-22,Glenn,21,27897,2416,2412,576,2988,17
2021-05-22,Humboldt,23,135768,4236,4194,35,4229,42
2021-05-22,Imperial,25,180216,28496,28574,2927,31501,735
2021-05-22,Inyo,27,18085,1403,1402,4,1406,36
2021-05-22,Kern,29,883053,96770,96260,11330,107590,1319
2021-05-22,Kings,31,150075,22959,22936,1185,24121,246
2021-05-22,Lake,33,64148,3518,3502,9,3511,43
2021-05-22,Lassen,35,31185,5190,5163,119,5282,6
2021-05-22,Los Angeles,37,10098052,1201586,1197454,43768,1241222,24192
2021-05-22,Madera,39,155013,16536,16503,955,17458,239
2021-05-22,Marin,41,260295,14050,14043,264,14307,227
2021-05-22,Mariposa,43,17540,430,427,11,438,5
2021-05-22,Mendocino,45,87422,3977,3908,77,3985,47
2021-05-22,Merced,47,269075,31018,31099,994,32093,455
2021-05-22,Modoc,49,8938,374,366,128,494,3
2021-05-22,Mono,51,14174,1250,1270,12,1282,3
2021-05-22,Monterey,53,433212,43014,42998,1929,44927,379
2021-05-22,Napa,55,140530,9905,9918,33,9951,82
2021-05-22,Nevada,57,99092,4794,4787,195,4982,70
2021-05-22,Orange,59,3164182,254619,254238,11681,265919,5048
2021-05-22,Placer,61,380077,23146,22865,1559,24424,292
2021-05-22,Plumas,63,18699,699,683,12,695,4
2021-05-22,Riverside,65,2383286,291180,288580,14714,303294,4442
2021-05-22,Sacramento,67,1510023,105721,105551,1813,107364,1632
2021-05-22,San Benito,69,59416,6059,6071,118,6189,63
2021-05-22,San Bernardino,71,2135413,292441,292292,9044,301336,4747
2021-05-22,San Diego,73,3302833,280128,279614,0,279614,3751
2021-05-22,San Francisco,75,870044,36618,36906,1380,38286,547
2021-05-22,San Joaquin,77,732212,72847,72528,3723,76251,1371
2021-05-22,San Luis Obispo,79,281455,21179,21134,779,21913,256
2021-05-22,San Mateo,81,765935,42332,42218,484,42702,433
2021-05-22,Santa Barbara,83,443738,34445,34313,1240,35553,459
2021-05-22,Santa Clara,85,1922200,118066,119292,791,120083,2030
2021-05-22,Santa Cruz,87,273765,16155,16125,875,17000,207
2021-05-22,Shasta,89,179085,12257,12307,1619,13926,201
2021-05-22,Sierra,91,2930,54,54,14,68,0
2021-05-22,Siskiyou,93,43540,1901,1824,374,2198,17
2021-05-22,Solano,95,438530,32742,32753,558,33311,254
2021-05-22,Sonoma,97,501317,30015,30154,338,30492,321
2021-05-22,Stanislaus,99,539301,56064,56069,6169,62238,974
2021-05-22,Sutter,101,95872,9478,9476,92,9568,113
2021-05-22,Tehama,103,63373,5046,5036,601,5637,63
2021-05-22,Trinity,105,12862,365,328,66,394,3
2021-05-22,Tulare,107,460477,49584,49299,9509,58808,838
2021-05-22,Tuolumne,109,53932,4075,4078,36,4114,65
2021-05-22,Ventura,111,848112,81002,80859,3092,83951,1022
2021-05-22,Yolo,113,214977,14003,13997,329,14326,213
2021-05-22,Yuba,115,75493,6029,6010,125,6135,49
2021-05-21,Alameda,1,1643700,87977,88041,2042,90083,1263
2021-05-21,Alpine,3,1148,88,88,0,88,0
2021-05-21,Amador,5,37829,3670,3672,34,3706,46
2021-05-21,Butte,7,227075,12430,12236,1900,14136,188
2021-05-21,Calaveras,9,45235,2159,2138,14,2152,54
2021-05-21,Colusa,11,21464,1936,1947,317,2264,15
2021-05-21,Contra Costa,13,1133247,69386,68965,1332,70297,810
2021-05-21,Del Norte,15,27424,1385,1376,7,1383,8
2021-05-21,El Dorado,17,186661,10219,10204,763,10967,112
2021-05-21,Fresno,19,978130,101959,102189,8994,111183,1698
2021-05-21,Glenn,21,27897,2416,2408,576,2984,17
2021-05-21,Humboldt,23,135768,4229,4175,35,4210,42
2021-05-21,Imperial,25,180216,28489,28572,2926,31498,732
2021-05-21,Inyo,27,18085,1403,1402,4,1406,36
2021-05-21,Kern,29,883053,96756,96233,11323,107556,1318
2021-05-21,Kings,31,150075,22959,22927,1185,24112,246
2021-05-21,Lake,33,64148,3516,3500,9,3509,43
2021-05-21,Lassen,35,31185,5189,5161,119,5280,6
2021-05-21,Los Angeles,37,10098052,1201476,1197263,43759,1241022,24180
2021-05-21,Madera,39,155013,16535,16500,954,17454,238
2021-05-21,Marin,41,260295,14045,14042,264,14306,227
2021-05-21,Mariposa,43,17540,429,427,11,438,5
2021-05-21,Mendocino,45,87422,3971,3897,77,3974,47
2021-05-21,Merced,47,269075,31010,31076,994,32070,455
2021-05-21,Modoc,49,8938,374,365,128,493,3
2021-05-21,Mono,51,14174,1250,1269,12,1281,3
2021-05-21,Monterey,53,433212,43012,42995,1929,44924,379
2021-05-21,Napa,55,140530,9901,9913,33,9946,82
2021-05-21,Nevada,57,99092,4793,4779,195,4974,70
2021-05-21,Orange,59,3164182,254600,254171,11678,265849,5042
2021-05-21,Placer,61,380077,23138,22853,1559,24412,292
2021-05-21,Plumas,63,18699,699,683,11,694,4
2021-05-21,Riverside,65,2383286,291153,288499,14707,303206,4442
2021-05-21,Sacramento,67,1510023,105654,105476,1810,107286,1632
2021-05-21,San Benito,69,59416,6059,6068,118,6186,63
2021-05-21,San Bernardino,71,2135413,292411,292205,9041,301246,4744
2021-05-21,San Diego,73,3302833,280057,279554,0,279554,3748
2021-05-21,San Francisco,75,870044,36612,36879,1380,38259,546
2021-05-21,San Joaquin,77,732212,72828,72467,3721,76188,1371
2021-05-21,San Luis Obispo,79,281455,21173,21128,776,21904,256
2021-05-21,San Mateo,81,765935,42319,42163,483,42646,432
2021-05-21,Santa Barbara,83,443738,34440,34302,1240,35542,459
2021-05-21,Santa Clara,85,1922200,118039,119247,791,120038,2029
2021-05-21,Santa Cruz,87,273765,16151,16120,875,16995,207
2021-05-21,Shasta,89,179085,12240,12289,1617,13906,201
2021-05-21,Sierra,91,2930,54,54,14,68,0
2021-05-21,Siskiyou,93,43540,1900,1815,374,2189,16
2021-05-21,Solano,95,438530,32727,32742,558,33300,254
2021-05-21,Sonoma,97,501317,30002,30126,338,30464,321
2021-05-21,Stanislaus,99,539301,56033,56036,6167,62203,975
2021-05-21,Sutter,101,95872,9476,9470,92,9562,113
2021-05-21,Tehama,103,63373,5040,5030,601,5631,63
2021-05-21,Trinity,105,12862,365,329,65,394,3
2021-05-21,Tulare,107,460477,49579,49271,9507,58778,838
2021-05-21,Tuolumne,109,53932,4073,4079,36,4115,65
2021-05-21,Ventura,111,848112,80994,80821,3089,83910,1021
2021-05-21,Yolo,113,214977,13996,13983,329,14312,213
2021-05-21,Yuba,115,75493,6023,6006,125,6131,49
2021-05-20,Alameda,1,1643700,87930,87975,2041,90016,1264
2021-05-20,Alpine,3,1148,88,88,0,88,0
2021-05-20,Amador,5,37829,3669,3671,34,3705,46
2021-05-20,Butte,7,227075,12423,12220,1897,14117,188
2021-05-20,Calaveras,9,45235,2155,2138,14,2152,54
2021-05-20,Colusa,11,21464,1935,1946,315,2261,15
2021-05-20,Contra Costa,13,1133247,69341,68913,1330,70243,809
2021-05-20,Del Norte,15,27424,1385,1373,7,1380,8
2021-05-20,El Dorado,17,186661,10210,10188,763,10951,112
2021-05-20,Fresno,19,978130,101939,102135,8992,111127,1696
2021-05-20,Glenn,21,27897,2413,2406,576,2982,17
2021-05-20,Humboldt,23,135768,4212,4162,35,4197,42
2021-05-20,Imperial,25,180216,28484,28551,2926,31477,732
2021-05-20,Inyo,27,18085,1403,1402,4,1406,36
2021-05-20,Kern,29,883053,96735,96204,11316,107520,1317
2021-05-20,Kings,31,150075,22957,22922,1185,24107,246
2021-05-20,Lake,33,64148,3513,3500,9,3509,43
2021-05-20,Lassen,35,31185,5187,5160,118,5278,6
2021-05-20,Los Angeles,37,10098052,1201322,1197073,43748,1240821,24168
2021-05-20,Madera,39,155013,16529,16499,952,17451,238
2021-05-20,Marin,41,260295,14041,14036,263,14299,227
2021-05-20,Mariposa,43,17540,429,426,11,437,5
2021-05-20,Mendocino,45,87422,3964,3897,77,3974,47
2021-05-20,Merced,47,269075,30997,31046,993,32039,454
2021-05-20,Modoc,49,8938,374,365,128,493,3
2021-05-20,Mono,51,14174,1249,1269,12,1281,3
2021-05-20,Monterey,53,433212,43006,42984,1928,44912,379
2021-05-20,Napa,55,140530,9898,9913,33,9946,82
2021-05-20,Nevada,57,99092,4792,4775,195,4970,70
2021-05-20,Orange,59,3164182,254556,254127,11675,265802,5038
2021-05-20,Placer,61,380077,23126,22823,1557,24380,292
2021-05-20,Plumas,63,18699,697,682,11,693,4
2021-05-20,Riverside,65,2383286,291108,288453,14702,303155,4442
2021-05-20,Sacramento,67,1510023,105559,105414,1806,107220,1629
2021-05-20,San Benito,69,59416,6058,6067,118,6185,63
2021-05-20,San Bernardino,71,2135413,292365,292153,9040,301193,4728
2021-05-20,San Diego,73,3302833,279969,279490,0,279490,3749
2021-05-20,San Francisco,75,870044,36603,36860,1380,38240,546
2021-05-20,San Joaquin,77,732212,72790,72388,3720,76108,1371
2021-05-20,San Luis Obispo,79,281455,21161,21095,774,21869,256
2021-05-20,San Mateo,81,765935,42305,42152,481,42633,432
2021-05-20,Santa Barbara,83,443738,34436,34293,1240,35533,459
2021-05-20,Santa Clara,85,1922200,118018,119222,791,120013,2029
2021-05-20,Santa Cruz,87,273765,16146,16119,875,16994,207
2021-05-20,Shasta,89,179085,12228,12266,1613,13879,200
2021-05-20,Sierra,91,2930,54,54,14,68,0
2021-05-20,Siskiyou,93,43540,1893,1811,373,2184,16
2021-05-20,Solano,95,438530,32712,32725,558,33283,253
2021-05-20,Sonoma,97,501317,29985,30107,337,30444,321
2021-05-20,Stanislaus,99,539301,56002,55979,6165,62144,970
2021-05-20,Sutter,101,95872,9472,9467,92,9559,113
2021-05-20,Tehama,103,63373,5038,5029,601,5630,63
2021-05-20,Trinity,105,12862,365,329,64,393,3
2021-05-20,Tulare,107,460477,49568,49217,9504,58721,837
2021-05-20,Tuolumne,109,53932,4072,4077,36,4113,65
2021-05-20,Ventura,111,848112,80983,80800,3089,83889,1019
2021-05-20,Yolo,113,214977,13991,13973,329,14302,211
2021-05-20,Yuba,115,75493,6014,6002,125,6127,49
2021-05-19,Alameda,1,1643700,87889,87889,2039,89928,1260
2021-05-19,Alpine,3,1148,88,88,0,88,0
2021-05-19,Amador,5,37829,3669,3669,34,3703,46
2021-05-19,Butte,7,227075,12413,12198,1897,14095,188
2021-05-19,Calaveras,9,45235,2151,2132,14,2146,54
2021-05-19,Colusa,11,21464,1935,1945,313,2258,15
2021-05-19,Contra Costa,13,1133247,69294,68836,1330,70166,808
2021-05-19,Del Norte,15,27424,1383,1371,7,1378,8
2021-05-19,El Dorado,17,186661,10205,10179,762,10941,112
2021-05-19,Fresno,19,978130,101910,102085,8988,111073,1693
2021-05-19,Glenn,21,27897,2413,2404,576,2980,17
2021-05-19,Humboldt,23,135768,4202,4143,35,4178,42
2021-05-19,Imperial,25,180216,28475,28550,2926,31476,732
2021-05-19,Inyo,27,18085,1403,1402,4,1406,36
2021-05-19,Kern,29,883053,96708,96173,11308,107481,1316
2021-05-19,Kings,31,150075,22951,22919,1185,24104,246
2021-05-19,Lake,33,64148,3513,3497,9,3506,43
2021-05-19,Lassen,35,31185,5186,5157,118,5275,6
2021-05-19,Los Angeles,37,10098052,1201130,1196856,43733,1240589,24143
2021-05-19,Madera,39,155013,16526,16496,952,17448,238
2021-05-19,Marin,41,260295,14037,14033,261,14294,227
2021-05-19,Mariposa,43,17540,429,425,11,436,5
2021-05-19,Mendocino,45,87422,3960,3886,77,3963,47
2021-05-19,Merced,47,269075,30981,31044,993,32037,452
2021-05-19,Modoc,49,8938,374,364,126,490,3
2021-05-19,Mono,51,14174,1249,1266,12,1278,3
2021-05-19,Monterey,53,433212,43001,42973,1927,44900,379
2021-05-19,Napa,55,140530,9895,9906,33,9939,82
2021-05-19,Nevada,57,99092,4790,4769,195,4964,70
2021-05-19,Orange,59,3164182,254520,254087,11665,265752,5035
2021-05-19,Placer,61,380077,23108,22784,1551,24335,291
2021-05-19,Plumas,63,18699,697,682,11,693,4
2021-05-19,Riverside,65,2383286,291063,288398,14700,303098,4442
2021-05-19,Sacramento,67,1510023,105482,105225,1805,107030,1629
2021-05-19,San Benito,69,59416,6057,6064,118,6182,63
2021-05-19,San Bernardino,71,2135413,292319,292078,9037,301115,4725
2021-05-19,San Diego,73,3302833,279885,279345,0,279345,3746
2021-05-19,San Francisco,75,870044,36590,36835,1379,38214,546
2021-05-19,San Joaquin,77,732212,72747,72338,3715,76053,1369
2021-05-19,San Luis Obispo,79,281455,21153,21085,773,21858,256
2021-05-19,San Mateo,81,765935,42298,42126,481,42607,429
2021-05-19,Santa Barbara,83,443738,34428,34292,1240,35532,459
2021-05-19,Santa Clara,85,1922200,117979,119176,790,119966,2015
2021-05-19,Santa Cruz,87,273765,16142,16121,874,16995,207
2021-05-19,Shasta,89,179085,12210,12233,1609,13842,200
2021-05-19,Sierra,91,2930,54,54,14,68,0
2021-05-19,Siskiyou,93,43540,1890,1803,372,2175,16
2021-05-19,Solano,95,438530,32685,32678,556,33234,253
2021-05-19,Sonoma,97,501317,29970,30080,337,30417,321
2021-05-19,Stanislaus,99,539301,55980,55912,6160,62072,967
2021-05-19,Sutter,101,95872,9465,9459,91,9550,113
2021-05-19,Tehama,103,63373,5030,5026,598,5624,63
2021-05-19,Trinity,105,12862,365,329,64,393,3
2021-05-19,Tulare,107,460477,49556,49163,9499,58662,837
2021-05-19,Tuolumne,109,53932,4072,4074,36,4110,64
2021-05-19,Ventura,111,848112,80967,80747,3088,83835,1019
2021-05-19,Yolo,113,214977,13985,13961,328,14289,211
2021-05-19,Yuba,115,75493,6010,5993,125,6118,49
2021-05-18,Alameda,1,1643700,87816,87816,2039,89855,1254
2021-05-18,Alpine,3,1148,88,88,0,88,0
2021-05-18,Amador,5,37829,3669,3669,34,3703,46
2021-05-18,Butte,7,227075,12401,12164,1894,14058,191
2021-05-18,Calaveras,9,45235,2147,2131,14,2145,54
2021-05-18,Colusa,11,21464,1935,1943,313,2256,14
2021-05-18,Contra Costa,13,1133247,69237,68750,1329,70079,808
2021-05-18,Del Norte,15,27424,1380,1371,7,1378,8
2021-05-18,El Dorado,17,186661,10194,10169,761,10930,112
2021-05-18,Fresno,19,978130,101874,102056,8985,111041,1690
2021-05-18,Glenn,21,27897,2407,2403,575,2978,17
2021-05-18,Humboldt,23,135768,4183,4132,35,4167,42
2021-05-18,Imperial,25,180216,28469,28538,2924,31462,730
2021-05-18,Inyo,27,18085,1403,1401,4,1405,36
2021-05-18,Kern,29,883053,96674,96128,11294,107422,1315
2021-05-18,Kings,31,150075,22945,22916,1185,24101,247
2021-05-18,Lake,33,64148,3511,3495,9,3504,43
2021-05-18,Lassen,35,31185,5185,5157,117,5274,6
2021-05-18,Los Angeles,37,10098052,1200953,1196668,43720,1240388,24133
2021-05-18,Madera,39,155013,16516,16491,952,17443,238
2021-05-18,Marin,41,260295,14034,14026,261,14287,227
2021-05-18,Mariposa,43,17540,429,424,11,435,5
2021-05-18,Mendocino,45,87422,3949,3877,76,3953,47
2021-05-18,Merced,47,269075,30963,31036,993,32029,452
2021-05-18,Modoc,49,8938,373,364,126,490,3
2021-05-18,Mono,51,14174,1248,1265,12,1277,3
2021-05-18,Monterey,53,433212,42995,43001,1927,44928,379
2021-05-18,Napa,55,140530,9895,9905,33,9938,82
2021-05-18,Nevada,57,99092,4783,4762,195,4957,70
2021-05-18,Orange,59,3164182,254480,254041,11655,265696,5031
2021-05-18,Placer,61,380077,23076,22726,1547,24273,291
2021-05-18,Plumas,63,18699,697,682,11,693,4
2021-05-18,Riverside,65,2383286,291011,288354,14693,303047,4438
2021-05-18,Sacramento,67,1510023,105383,105083,1803,106886,1629
2021-05-18,San Benito,69,59416,6056,6065,118,6183,63
2021-05-18,San Bernardino,71,2135413,292270,292014,9032,301046,4722
2021-05-18,San Diego,73,3302833,279777,279254,0,279254,3742
2021-05-18,San Francisco,75,870044,36570,36818,1379,38197,546
2021-05-18,San Joaquin,77,732212,72701,72282,3711,75993,1368
2021-05-18,San Luis Obispo,79,281455,21143,21080,771,21851,256
2021-05-18,San Mateo,81,765935,42286,42099,480,42579,428
2021-05-18,Santa Barbara,83,443738,34419,34278,1240,35518,459
2021-05-18,Santa Clara,85,1922200,117952,119171,790,119961,2014
2021-05-18,Santa Cruz,87,273765,16134,16137,874,17011,207
2021-05-18,Shasta,89,179085,12192,12197,1603,13800,200
2021-05-18,Sierra,91,2930,54,54,14,68,0
2021-05-18,Siskiyou,93,43540,1889,1799,372,2171,16
2021-05-18,Solano,95,438530,32660,32644,556,33200,253
2021-05-18,Sonoma,97,501317,29950,30054,336,30390,321
2021-05-18,Stanislaus,99,539301,55942,55860,6160,62020,959
2021-05-18,Sutter,101,95872,9457,9453,91,9544,113
2021-05-18,Tehama,103,63373,5026,5020,595,5615,63
2021-05-18,Trinity,105,12862,365,329,63,392,3
2021-05-18,Tulare,107,460477,49548,49142,9494,58636,836
2021-05-18,Tuolumne,109,53932,4070,4073,36,4109,64
2021-05-18,Ventura,111,848112,80952,80726,3085,83811,1017
2021-05-18,Yolo,113,214977,13978,13951,327,14278,211
2021-05-18,Yuba,115,75493,6006,5989,124,6113,49
2021-05-17,Alameda,1,1643700,87764,87766,2036,89802,1253
2021-05-17,Alpine,3,1148,88,88,0,88,0
2021-05-17,Amador,5,37829,3666,3668,34,3702,46
2021-05-17,Butte,7,227075,12393,12144,1894,14038,192
2021-05-17,Calaveras,9,45235,2147,2131,14,2145,53
2021-05-17,Colusa,11,21464,1935,1943,313,2256,14
2021-05-17,Contra Costa,13,1133247,69182,68720,1328,70048,805
2021-05-17,Del Norte,15,27424,1375,1369,7,1376,8
2021-05-17,El Dorado,17,186661,10177,10163,761,10924,112
2021-05-17,Fresno,19,978130,101831,102013,8978,110991,1690
2021-05-17,Glenn,21,27897,2407,2401,575,2976,17
2021-05-17,Humboldt,23,135768,4172,4112,35,4147,42
2021-05-17,Imperial,25,180216,28464,28533,2922,31455,729
2021-05-17,Inyo,27,18085,1403,1401,4,1405,36
2021-05-17,Kern,29,883053,96645,96095,11277,107372,1315
2021-05-17,Kings,31,150075,22942,22918,1185,24103,246
2021-05-17,Lake,33,64148,3506,3489,9,3498,43
2021-05-17,Lassen,35,31185,5182,5156,116,5272,6
2021-05-17,Los Angeles,37,10098052,1200780,1196556,43714,1240270,24123
2021-05-17,Madera,39,155013,16512,16486,952,17438,238
2021-05-17,Marin,41,260295,14028,14021,261,14282,227
2021-05-17,Mariposa,43,17540,428,423,11,434,5
2021-05-17,Mendocino,45,87422,3940,3868,76,3944,46
2021-05-17,Merced,47,269075,30948,31031,993,32024,450
2021-05-17,Modoc,49,8938,372,362,126,488,3
2021-05-17,Mono,51,14174,1244,1265,12,1277,3
2021-05-17,Monterey,53,433212,42988,42995,1927,44922,379
2021-05-17,Napa,55,140530,9894,9894,33,9927,82
2021-05-17,Nevada,57,99092,4779,4761,194,4955,70
2021-05-17,Orange,59,3164182,254435,253993,11648,265641,5031
2021-05-17,Placer,61,380077,23051,22706,1540,24246,289
2021-05-17,Plumas,63,18699,697,682,11,693,4
2021-05-17,Riverside,65,2383286,290946,288304,14689,302993,4433
2021-05-17,Sacramento,67,1510023,105277,105035,1801,106836,1629
2021-05-17,San Benito,69,59416,6053,6067,118,6185,63
2021-05-17,San Bernardino,71,2135413,292223,291989,9025,301014,4724
2021-05-17,San Diego,73,3302833,279645,279146,0,279146,3742
2021-05-17,San Francisco,75,870044,36558,36816,1377,38193,546
2021-05-17,San Joaquin,77,732212,72663,72234,3708,75942,1359
2021-05-17,San Luis Obispo,79,281455,21134,21079,769,21848,256
2021-05-17,San Mateo,81,765935,42258,42083,480,42563,428
2021-05-17,Santa Barbara,83,443738,34412,34275,1240,35515,459
2021-05-17,Santa Clara,85,1922200,117915,119116,788,119904,2015
2021-05-17,Santa Cruz,87,273765,16131,16151,874,17025,206
2021-05-17,Shasta,89,179085,12170,12163,1602,13765,200
2021-05-17,Sierra,91,2930,54,54,14,68,0
2021-05-17,Siskiyou,93,43540,1880,1795,369,2164,15
2021-05-17,Solano,95,438530,32642,32627,556,33183,253
2021-05-17,Sonoma,97,501317,29929,30043,335,30378,321
2021-05-17,Stanislaus,99,539301,55891,55839,6153,61992,951
2021-05-17,Sutter,101,95872,9450,9447,91,9538,113
2021-05-17,Tehama,103,63373,5023,5016,594,5610,63
2021-05-17,Trinity,105,12862,365,328,63,391,3
2021-05-17,Tulare,107,460477,49526,49107,9487,58594,836
2021-05-17,Tuolumne,109,53932,4070,4071,36,4107,64
2021-05-17,Ventura,111,848112,80932,80699,3085,83784,1017
2021-05-17,Yolo,113,214977,13972,13941,327,14268,211
2021-05-17,Yuba,115,75493,5998,5987,124,6111,49
2021-05-16,Alameda,1,1643700,87701,87743,2036,89779,1253
2021-05-16,Alpine,3,1148,88,88,0,88,0
2021-05-16,Amador,5,37829,3665,3667,34,3701,46
2021-05-16,Butte,7,227075,12379,12140,1894,14034,192
2021-05-16,Calaveras,9,45235,2145,2129,14,2143,53
2021-05-16,Colusa,11,21464,1933,1943,313,2256,14
2021-05-16,Contra Costa,13,1133247,69114,68694,1325,70019,805
2021-05-16,Del Norte,15,27424,1372,1365,7,1372,8
2021-05-16,El Dorado,17,186661,10161,10159,760,10919,112
2021-05-16,Fresno,19,978130,101787,101987,8973,110960,1690
2021-05-16,Glenn,21,27897,2407,2401,574,2975,17
2021-05-16,Humboldt,23,135768,4158,4104,35,4139,42
2021-05-16,Imperial,25,180216,28453,28516,2921,31437,729
2021-05-16,Inyo,27,18085,1403,1401,4,1405,36
2021-05-16,Kern,29,883053,96612,96083,11256,107339,1315
2021-05-16,Kings,31,150075,22938,22918,1182,24100,246
2021-05-16,Lake,33,64148,3503,3489,9,3498,43
2021-05-16,Lassen,35,31185,5181,5156,116,5272,6
2021-05-16,Los Angeles,37,10098052,1200562,1196397,43697,1240094,24120
2021-05-16,Madera,39,155013,16508,16483,949,17432,238
2021-05-16,Marin,41,260295,14025,14015,261,14276,227
2021-05-16,Mariposa,43,17540,428,423,11,434,5
2021-05-16,Mendocino,45,87422,3930,3863,76,3939,46
2021-05-16,Merced,47,269075,30925,31023,993,32016,450
2021-05-16,Modoc,49,8938,372,362,126,488,3
2021-05-16,Mono,51,14174,1244,1265,12,1277,3
2021-05-16,Monterey,53,433212,42983,42991,1927,44918,379
2021-05-16,Napa,55,140530,9891,9891,33,9924,82
2021-05-16,Nevada,57,99092,4775,4755,194,4949,70
2021-05-16,Orange,59,3164182,254402,253962,11645,265607,5031
2021-05-16,Placer,61,380077,23019,22696,1534,24230,289
2021-05-16,Plumas,63,18699,696,682,11,693,4
2021-05-16,Riverside,65,2383286,290875,288259,14679,302938,4433
2021-05-16,Sacramento,67,1510023,105162,105013,1799,106812,1628
2021-05-16,San Benito,69,59416,6052,6067,117,6184,63
2021-05-16,San Bernardino,71,2135413,292146,291940,9023,300963,4724
2021-05-16,San Diego,73,3302833,279527,279099,0,279099,3742
2021-05-16,San Francisco,75,870044,36537,36808,1376,38184,546
2021-05-16,San Joaquin,77,732212,72615,72218,3703,75921,1359
2021-05-16,San Luis Obispo,79,281455,21127,21072,768,21840,256
2021-05-16,San Mateo,81,765935,42246,42063,479,42542,428
2021-05-16,Santa Barbara,83,443738,34405,34270,1240,35510,459
2021-05-16,Santa Clara,85,1922200,117886,119098,787,119885,2015
2021-05-16,Santa Cruz,87,273765,16129,16143,874,17017,206
2021-05-16,Shasta,89,179085,12154,12156,1598,13754,200
2021-05-16,Sierra,91,2930,54,54,14,68,0
2021-05-16,Siskiyou,93,43540,1876,1790,368,2158,15
2021-05-16,Solano,95,438530,32608,32619,554,33173,253
2021-05-16,Sonoma,97,501317,29910,30033,335,30368,321
2021-05-16,Stanislaus,99,539301,55836,55814,6141,61955,951
2021-05-16,Sutter,101,95872,9443,9445,91,9536,113
2021-05-16,Tehama,103,63373,5019,5013,593,5606,63
2021-05-16,Trinity,105,12862,365,328,63,391,3
2021-05-16,Tulare,107,460477,49510,49091,9483,58574,837
2021-05-16,Tuolumne,109,53932,4066,4070,36,4106,64
2021-05-16,Ventura,111,848112,80901,80689,3085,83774,1017
2021-05-16,Yolo,113,214977,13957,13938,327,14265,211
2021-05-16,Yuba,115,75493,5995,5987,124,6111,49
2021-05-15,Alameda,1,1643700,87675,87677,2035,89712,1252
2021-05-15,Alpine,3,1148,88,88,0,88,0
2021-05-15,Amador,5,37829,3665,3666,34,3700,46
2021-05-15,Butte,7,227075,12372,12095,1893,13988,192
2021-05-15,Calaveras,9,45235,2144,2126,14,2140,53
2021-05-15,Colusa,11,21464,1933,1941,311,2252,14
2021-05-15,Contra Costa,13,1133247,69068,68658,1325,69983,805
2021-05-15,Del Norte,15,27424,1367,1359,7,1366,8
2021-05-15,El Dorado,17,186661,10149,10156,759,10915,112
2021-05-15,Fresno,19,978130,101751,101957,8970,110927,1690
2021-05-15,Glenn,21,27897,2407,2400,574,2974,17
2021-05-15,Humboldt,23,135768,4148,4080,35,4115,42
2021-05-15,Imperial,25,180216,28450,28504,2920,31424,729
2021-05-15,Inyo,27,18085,1403,1402,4,1406,36
2021-05-15,Kern,29,883053,96599,96061,11240,107301,1315
2021-05-15,Kings,31,150075,22937,22913,1182,24095,246
2021-05-15,Lake,33,64148,3502,3485,9,3494,43
2021-05-15,Lassen,35,31185,5177,5156,115,5271,6
2021-05-15,Los Angeles,37,10098052,1200441,1196255,43683,1239938,24115
2021-05-15,Madera,39,155013,16505,16482,949,17431,238
2021-05-15,Marin,41,260295,14021,14012,261,14273,227
2021-05-15,Mariposa,43,17540,428,423,11,434,5
2021-05-15,Mendocino,45,87422,3927,3861,76,3937,46
2021-05-15,Merced,47,269075,30904,31012,993,32005,450
2021-05-15,Modoc,49,8938,372,362,126,488,3
2021-05-15,Mono,51,14174,1244,1265,12,1277,3
2021-05-15,Monterey,53,433212,42979,42982,1927,44909,379
2021-05-15,Napa,55,140530,9888,9887,33,9920,82
2021-05-15,Nevada,57,99092,4774,4755,194,4949,70
2021-05-15,Orange,59,3164182,254375,253919,11638,265557,5030
2021-05-15,Placer,61,380077,22998,22688,1534,24222,289
2021-05-15,Plumas,63,18699,696,681,11,692,4
2021-05-15,Riverside,65,2383286,290833,288203,14674,302877,4433
2021-05-15,Sacramento,67,1510023,105089,104929,1796,106725,1628
2021-05-15,San Benito,69,59416,6052,6066,117,6183,63
2021-05-15,San Bernardino,71,2135413,292106,291892,9021,300913,4724
2021-05-15,San Diego,73,3302833,279456,278991,0,278991,3737
2021-05-15,San Francisco,75,870044,36521,36795,1374,38169,546
2021-05-15,San Joaquin,77,732212,72589,72197,3701,75898,1359
2021-05-15,San Luis Obispo,79,281455,21124,21061,767,21828,256
2021-05-15,San Mateo,81,765935,42230,42059,479,42538,428
2021-05-15,Santa Barbara,83,443738,34398,34259,1240,35499,459
2021-05-15,Santa Clara,85,1922200,117866,119060,787,119847,2016
2021-05-15,Santa Cruz,87,273765,16125,16137,874,17011,206
2021-05-15,Shasta,89,179085,12142,12152,1595,13747,200
2021-05-15,Sierra,91,2930,54,54,14,68,0
2021-05-15,Siskiyou,93,43540,1870,1788,366,2154,15
2021-05-15,Solano,95,438530,32599,32604,553,33157,253
2021-05-15,Sonoma,97,501317,29891,30020,335,30355,321
2021-05-15,Stanislaus,99,539301,55804,55795,6134,61929,952
2021-05-15,Sutter,101,95872,9441,9436,91,9527,113
2021-05-15,Tehama,103,63373,5015,5012,591,5603,63
2021-05-15,Trinity,105,12862,365,328,63,391,3
2021-05-15,Tulare,107,460477,49501,49080,9478,58558,837
2021-05-15,Tuolumne,109,53932,4064,4064,36,4100,63
2021-05-15,Ventura,111,848112,80890,80662,3085,83747,1017
2021-05-15,Yolo,113,214977,13950,13932,326,14258,211
2021-05-15,Yuba,115,75493,5992,5979,124,6103,49
2021-05-14,Alameda,1,1643700,87641,87621,2033,89654,1249
2021-05-14,Alpine,3,1148,88,88,0,88,0
2021-05-14,Amador,5,37829,3665,3665,34,3699,46
2021-05-14,Butte,7,227075,12363,12076,1890,13966,192
2021-05-14,Calaveras,9,45235,2140,2121,14,2135,53
2021-05-14,Colusa,11,21464,1932,1940,310,2250,14
2021-05-14,Contra Costa,13,1133247,69026,68589,1323,69912,806
2021-05-14,Del Norte,15,27424,1367,1355,7,1362,8
2021-05-14,El Dorado,17,186661,10142,10143,758,10901,113
2021-05-14,Fresno,19,978130,101722,101917,8964,110881,1688
2021-05-14,Glenn,21,27897,2406,2398,574,2972,17
2021-05-14,Humboldt,23,135768,4140,4050,35,4085,37
2021-05-14,Imperial,25,180216,28443,28485,2919,31404,728
2021-05-14,Inyo,27,18085,1403,1400,4,1404,36
2021-05-14,Kern,29,883053,96569,96033,11231,107264,1311
2021-05-14,Kings,31,150075,22936,22910,1182,24092,246
2021-05-14,Lake,33,64148,3498,3483,9,3492,43
2021-05-14,Lassen,35,31185,5177,5154,115,5269,6
2021-05-14,Los Angeles,37,10098052,1200309,1196038,43678,1239716,24101
2021-05-14,Madera,39,155013,16502,16474,949,17423,238
2021-05-14,Marin,41,260295,14017,14010,261,14271,227
2021-05-14,Mariposa,43,17540,428,422,11,433,5
2021-05-14,Mendocino,45,87422,3925,3855,76,3931,46
2021-05-14,Merced,47,269075,30894,31010,993,32003,450
2021-05-14,Modoc,49,8938,372,362,126,488,3
2021-05-14,Mono,51,14174,1243,1265,12,1277,3
2021-05-14,Monterey,53,433212,42974,42973,1927,44900,380
2021-05-14,Napa,55,140530,9885,9883,33,9916,82
2021-05-14,Nevada,57,99092,4769,4745,194,4939,70
2021-05-14,Orange,59,3164182,254342,253855,11631,265486,5028
2021-05-14,Placer,61,380077,22979,22660,1528,24188,287
2021-05-14,Plumas,63,18699,695,680,11,691,4
2021-05-14,Riverside,65,2383286,290782,288140,14671,302811,4433
2021-05-14,Sacramento,67,1510023,105001,104828,1795,106623,1627
2021-05-14,San Benito,69,59416,6052,6064,117,6181,63
2021-05-14,San Bernardino,71,2135413,292057,291834,9021,300855,4721
2021-05-14,San Diego,73,3302833,279384,278853,0,278853,3732
2021-05-14,San Francisco,75,870044,36512,36771,1370,38141,545
2021-05-14,San Joaquin,77,732212,72556,72160,3694,75854,1359
2021-05-14,San Luis Obispo,79,281455,21121,21051,766,21817,256
2021-05-14,San Mateo,81,765935,42219,42041,479,42520,428
2021-05-14,Santa Barbara,83,443738,34388,34243,1240,35483,456
2021-05-14,Santa Clara,85,1922200,117837,119006,787,119793,2014
2021-05-14,Santa Cruz,87,273765,16120,16130,874,17004,207
2021-05-14,Shasta,89,179085,12136,12130,1590,13720,200
2021-05-14,Sierra,91,2930,54,54,14,68,0
2021-05-14,Siskiyou,93,43540,1863,1779,365,2144,14
2021-05-14,Solano,95,438530,32579,32585,552,33137,252
2021-05-14,Sonoma,97,501317,29873,30007,335,30342,321
2021-05-14,Stanislaus,99,539301,55768,55752,6128,61880,950
2021-05-14,Sutter,101,95872,9432,9433,89,9522,113
2021-05-14,Tehama,103,63373,5008,5005,591,5596,63
2021-05-14,Trinity,105,12862,365,328,63,391,3
2021-05-14,Tulare,107,460477,49485,49060,9472,58532,836
2021-05-14,Tuolumne,109,53932,4064,4060,36,4096,63
2021-05-14,Ventura,111,848112,80876,80628,3085,83713,1014
2021-05-14,Yolo,113,214977,13945,13922,322,14244,210
2021-05-14,Yuba,115,75493,5988,5970,124,6094,47
2021-05-13,Alameda,1,1643700,87596,87557,2032,89589,1250
2021-05-13,Alpine,3,1148,88,88,0,88,0
2021-05-13,Amador,5,37829,3665,3662,34,3696,46
2021-05-13,Butte,7,227075,12350,12051,1889,13940,196
2021-05-13,Calaveras,9,45235,2140,2120,14,2134,53
2021-05-13,Colusa,11,21464,1931,1939,306,2245,14
2021-05-13,Contra Costa,13,1133247,68978,68522,1322,69844,806
2021-05-13,Del Norte,15,27424,1365,1354,7,1361,8
2021-05-13,El Dorado,17,186661,10140,10133,758,10891,112
2021-05-13,Fresno,19,978130,101693,101862,8963,110825,1687
2021-05-13,Glenn,21,27897,2405,2395,574,2969,17
2021-05-13,Humboldt,23,135768,4122,4027,35,4062,37
2021-05-13,Imperial,25,180216,28428,28468,2917,31385,729
2021-05-13,Inyo,27,18085,1403,1400,4,1404,36
2021-05-13,Kern,29,883053,96546,95996,11212,107208,1311
2021-05-13,Kings,31,150075,22935,22904,1182,24086,246
2021-05-13,Lake,33,64148,3496,3479,9,3488,43
2021-05-13,Lassen,35,31185,5177,5152,114,5266,6
2021-05-13,Los Angeles,37,10098052,1200120,1195504,43664,1239168,24083
2021-05-13,Madera,39,155013,16495,16467,949,17416,238
2021-05-13,Marin,41,260295,14012,14004,259,14263,227
2021-05-13,Mariposa,43,17540,428,422,11,433,5
2021-05-13,Mendocino,45,87422,3921,3846,76,3922,46
2021-05-13,Merced,47,269075,30886,30989,993,31982,450
2021-05-13,Modoc,49,8938,372,362,126,488,3
2021-05-13,Mono,51,14174,1243,1265,12,1277,3
2021-05-13,Monterey,53,433212,42960,42966,1926,44892,380
2021-05-13,Napa,55,140530,9878,9877,33,9910,82
2021-05-13,Nevada,57,99092,4765,4743,193,4936,70
2021-05-13,Orange,59,3164182,254299,253778,11629,265407,5026
2021-05-13,Placer,61,380077,22954,22668,1521,24189,288
2021-05-13,Plumas,63,18699,695,680,11,691,4
2021-05-13,Riverside,65,2383286,290722,288067,14668,302735,4433
2021-05-13,Sacramento,67,1510023,104916,104711,1792,106503,1626
2021-05-13,San Benito,69,59416,6050,6062,117,6179,63
2021-05-13,San Bernardino,71,2135413,291993,291765,9021,300786,4722
2021-05-13,San Diego,73,3302833,279270,278592,0,278592,3729
2021-05-13,San Francisco,75,870044,36488,36741,1368,38109,544
2021-05-13,San Joaquin,77,732212,72514,72096,3690,75786,1357
2021-05-13,San Luis Obispo,79,281455,21106,21043,765,21808,255
2021-05-13,San Mateo,81,765935,42201,42059,479,42538,426
2021-05-13,Santa Barbara,83,443738,34376,34242,1240,35482,456
2021-05-13,Santa Clara,85,1922200,117811,118952,787,119739,2013
2021-05-13,Santa Cruz,87,273765,16114,16129,874,17003,208
2021-05-13,Shasta,89,179085,12116,12111,1586,13697,200
2021-05-13,Sierra,91,2930,54,54,14,68,0
2021-05-13,Siskiyou,93,43540,1856,1769,362,2131,14
2021-05-13,Solano,95,438530,32566,32548,550,33098,252
2021-05-13,Sonoma,97,501317,29848,29991,335,30326,321
2021-05-13,Stanislaus,99,539301,55731,55678,6122,61800,949
2021-05-13,Sutter,101,95872,9428,9431,87,9518,112
2021-05-13,Tehama,103,63373,5003,4997,591,5588,63
2021-05-13,Trinity,105,12862,365,327,62,389,3
2021-05-13,Tulare,107,460477,49460,49032,9463,58495,837
2021-05-13,Tuolumne,109,53932,4063,4059,36,4095,63
2021-05-13,Ventura,111,848112,80846,80615,3084,83699,1012
2021-05-13,Yolo,113,214977,13936,13914,320,14234,210
2021-05-13,Yuba,115,75493,5979,5962,124,6086,47
2021-05-12,Alameda,1,1643700,87562,87482,2030,89512,1261
2021-05-12,Alpine,3,1148,88,88,0,88,0
2021-05-12,Amador,5,37829,3665,3658,34,3692,46
2021-05-12,Butte,7,227075,12340,12026,1889,13915,199
2021-05-12,Calaveras,9,45235,2137,2119,14,2133,53
2021-05-12,Colusa,11,21464,1929,1939,305,2244,14
2021-05-12,Contra Costa,13,1133247,68919,68462,1316,69778,805
2021-05-12,Del Norte,15,27424,1363,1352,7,1359,8
2021-05-12,El Dorado,17,186661,10131,10123,758,10881,112
2021-05-12,Fresno,19,978130,101645,101838,8952,110790,1688
2021-05-12,Glenn,21,27897,2402,2391,574,2965,17
2021-05-12,Humboldt,23,135768,4094,3982,35,4017,37
2021-05-12,Imperial,25,180216,28410,28443,2914,31357,726
2021-05-12,Inyo,27,18085,1403,1400,4,1404,36
2021-05-12,Kern,29,883053,96511,95955,11204,107159,1310
2021-05-12,Kings,31,150075,22933,22896,1182,24078,246
2021-05-12,Lake,33,64148,3494,3476,9,3485,43
2021-05-12,Lassen,35,31185,5175,5151,114,5265,6
2021-05-12,Los Angeles,37,10098052,1199940,1195318,43647,1238965,24067
2021-05-12,Madera,39,155013,16491,16462,948,17410,238
2021-05-12,Marin,41,260295,14007,13997,259,14256,227
2021-05-12,Mariposa,43,17540,428,422,11,433,5
2021-05-12,Mendocino,45,87422,3911,3836,76,3912,46
2021-05-12,Merced,47,269075,30870,30941,993,31934,450
2021-05-12,Modoc,49,8938,371,362,126,488,3
2021-05-12,Mono,51,14174,1243,1265,12,1277,3
2021-05-12,Monterey,53,433212,42948,42950,1925,44875,380
2021-05-12,Napa,55,140530,9872,9870,33,9903,82
2021-05-12,Nevada,57,99092,4761,4738,193,4931,70
2021-05-12,Orange,59,3164182,254248,253587,11626,265213,5024
2021-05-12,Placer,61,380077,22936,22652,1514,24166,288
2021-05-12,Plumas,63,18699,695,681,11,692,4
2021-05-12,Riverside,65,2383286,290652,287830,14663,302493,4431
2021-05-12,Sacramento,67,1510023,104819,104592,1791,106383,1621
2021-05-12,San Benito,69,59416,6050,6062,117,6179,63
2021-05-12,San Bernardino,71,2135413,291949,291505,9016,300521,4715
2021-05-12,San Diego,73,3302833,279166,278402,0,278402,3729
2021-05-12,San Francisco,75,870044,36469,36720,1367,38087,544
2021-05-12,San Joaquin,77,732212,72460,72043,3686,75729,1356
2021-05-12,San Luis Obispo,79,281455,21096,21021,765,21786,255
2021-05-12,San Mateo,81,765935,42192,42038,477,42515,426
2021-05-12,Santa Barbara,83,443738,34369,34218,1240,35458,456
2021-05-12,Santa Clara,85,1922200,117768,118897,787,119684,2005
2021-05-12,Santa Cruz,87,273765,16108,16123,874,16997,207
2021-05-12,Shasta,89,179085,12096,12092,1584,13676,200
2021-05-12,Sierra,91,2930,54,54,14,68,0
2021-05-12,Siskiyou,93,43540,1852,1760,360,2120,13
2021-05-12,Solano,95,438530,32542,32519,550,33069,252
2021-05-12,Sonoma,97,501317,29836,29976,335,30311,320
2021-05-12,Stanislaus,99,539301,55692,55632,6113,61745,919
2021-05-12,Sutter,101,95872,9425,9427,87,9514,112
2021-05-12,Tehama,103,63373,4999,4989,591,5580,62
2021-05-12,Trinity,105,12862,365,327,62,389,3
2021-05-12,Tulare,107,460477,49444,49001,9455,58456,838
2021-05-12,Tuolumne,109,53932,4062,4056,36,4092,63
2021-05-12,Ventura,111,848112,80827,80577,3084,83661,1010
2021-05-12,Yolo,113,214977,13929,13910,319,14229,210
2021-05-12,Yuba,115,75493,5976,5956,124,6080,47
2021-05-11,Alameda,1,1643700,87498,87413,2026,89439,1290
2021-05-11,Alpine,3,1148,88,88,0,88,0
2021-05-11,Amador,5,37829,3663,3657,34,3691,46
2021-05-11,Butte,7,227075,12325,12008,1886,13894,199
2021-05-11,Calaveras,9,45235,2137,2118,14,2132,52
2021-05-11,Colusa,11,21464,1928,1939,305,2244,14
2021-05-11,Contra Costa,13,1133247,68859,68406,1315,69721,806
2021-05-11,Del Norte,15,27424,1361,1347,7,1354,8
2021-05-11,El Dorado,17,186661,10125,10108,757,10865,112
2021-05-11,Fresno,19,978130,101600,101792,8946,110738,1686
2021-05-11,Glenn,21,27897,2401,2387,573,2960,17
2021-05-11,Humboldt,23,135768,4073,3964,34,3998,37
2021-05-11,Imperial,25,180216,28402,28413,2910,31323,722
2021-05-11,Inyo,27,18085,1402,1402,4,1406,36
2021-05-11,Kern,29,883053,96485,95938,11190,107128,1310
2021-05-11,Kings,31,150075,22925,22887,1182,24069,246
2021-05-11,Lake,33,64148,3494,3473,9,3482,43
2021-05-11,Lassen,35,31185,5173,5148,114,5262,6
2021-05-11,Los Angeles,37,10098052,1199706,1195100,43634,1238734,24048
2021-05-11,Madera,39,155013,16488,16459,948,17407,238
2021-05-11,Marin,41,260295,14000,13987,259,14246,227
2021-05-11,Mariposa,43,17540,428,421,11,432,5
2021-05-11,Mendocino,45,87422,3903,3821,76,3897,46
2021-05-11,Merced,47,269075,30861,30893,993,31886,449
2021-05-11,Modoc,49,8938,371,362,125,487,3
2021-05-11,Mono,51,14174,1243,1265,12,1277,3
2021-05-11,Monterey,53,433212,42940,42934,1924,44858,380
2021-05-11,Napa,55,140530,9865,9870,33,9903,81
2021-05-11,Nevada,57,99092,4757,4737,193,4930,70
2021-05-11,Orange,59,3164182,254185,253545,11618,265163,5017
2021-05-11,Placer,61,380077,22915,22615,1510,24125,287
2021-05-11,Plumas,63,18699,693,679,11,690,4
2021-05-11,Riverside,65,2383286,290592,287757,14658,302415,4429
2021-05-11,Sacramento,67,1510023,104722,104496,1788,106284,1616
2021-05-11,San Benito,69,59416,6047,6058,117,6175,63
2021-05-11,San Bernardino,71,2135413,291887,291421,9014,300435,4707
2021-05-11,San Diego,73,3302833,279031,278308,0,278308,3725
2021-05-11,San Francisco,75,870044,36449,36707,1367,38074,543
2021-05-11,San Joaquin,77,732212,72412,71999,3682,75681,1356
2021-05-11,San Luis Obispo,79,281455,21089,21008,763,21771,255
2021-05-11,San Mateo,81,765935,42173,41985,476,42461,425
2021-05-11,Santa Barbara,83,443738,34360,34207,1240,35447,456
2021-05-11,Santa Clara,85,1922200,117722,118857,786,119643,2005
2021-05-11,Santa Cruz,87,273765,16104,16113,874,16987,206
2021-05-11,Shasta,89,179085,12073,12050,1578,13628,200
2021-05-11,Sierra,91,2930,54,54,14,68,0
2021-05-11,Siskiyou,93,43540,1843,1756,358,2114,13
2021-05-11,Solano,95,438530,32525,32499,548,33047,250
2021-05-11,Sonoma,97,501317,29820,29966,335,30301,318
2021-05-11,Stanislaus,99,539301,55643,55589,6109,61698,909
2021-05-11,Sutter,101,95872,9418,9417,87,9504,112
2021-05-11,Tehama,103,63373,4995,4985,590,5575,62
2021-05-11,Trinity,105,12862,365,327,61,388,3
2021-05-11,Tulare,107,460477,49418,48974,9440,58414,837
2021-05-11,Tuolumne,109,53932,4061,4056,36,4092,63
2021-05-11,Ventura,111,848112,80803,80544,3081,83625,1008
2021-05-11,Yolo,113,214977,13916,13902,316,14218,210
2021-05-11,Yuba,115,75493,5967,5950,124,6074,46
2021-05-10,Alameda,1,1643700,87427,87366,2025,89391,1284
2021-05-10,Alpine,3,1148,88,88,0,88,0
2021-05-10,Amador,5,37829,3662,3657,34,3691,46
2021-05-10,Butte,7,227075,12310,11993,1880,13873,199
2021-05-10,Calaveras,9,45235,2130,2118,14,2132,52
2021-05-10,Colusa,11,21464,1928,1939,305,2244,14
2021-05-10,Contra Costa,13,1133247,68796,68357,1315,69672,806
2021-05-10,Del Norte,15,27424,1358,1339,7,1346,8
2021-05-10,El Dorado,17,186661,10111,10093,757,10850,113
2021-05-10,Fresno,19,978130,101569,101755,8940,110695,1682
2021-05-10,Glenn,21,27897,2400,2384,571,2955,17
2021-05-10,Humboldt,23,135768,4043,3961,34,3995,36
2021-05-10,Imperial,25,180216,28388,28397,2906,31303,722
2021-05-10,Inyo,27,18085,1402,1401,4,1405,36
2021-05-10,Kern,29,883053,96443,95920,11176,107096,1310
2021-05-10,Kings,31,150075,22914,22884,1181,24065,246
2021-05-10,Lake,33,64148,3486,3471,9,3480,43
2021-05-10,Lassen,35,31185,5170,5148,113,5261,5
2021-05-10,Los Angeles,37,10098052,1199452,1194976,43616,1238592,24030
2021-05-10,Madera,39,155013,16478,16450,948,17398,238
2021-05-10,Marin,41,260295,13997,13981,259,14240,228
2021-05-10,Mariposa,43,17540,427,420,11,431,5
2021-05-10,Mendocino,45,87422,3897,3818,76,3894,46
2021-05-10,Merced,47,269075,30851,30880,993,31873,448
2021-05-10,Modoc,49,8938,371,361,125,486,3
2021-05-10,Mono,51,14174,1243,1265,12,1277,3
2021-05-10,Monterey,53,433212,42934,42927,1919,44846,380
2021-05-10,Napa,55,140530,9863,9860,33,9893,81
2021-05-10,Nevada,57,99092,4750,4735,193,4928,70
2021-05-10,Orange,59,3164182,254133,253484,11612,265096,5008
2021-05-10,Placer,61,380077,22894,22590,1507,24097,286
2021-05-10,Plumas,63,18699,692,679,11,690,4
2021-05-10,Riverside,65,2383286,290527,287689,14652,302341,4427
2021-05-10,Sacramento,67,1510023,104609,104378,1783,106161,1613
2021-05-10,San Benito,69,59416,6046,6058,117,6175,63
2021-05-10,San Bernardino,71,2135413,291835,291360,9013,300373,4707
2021-05-10,San Diego,73,3302833,278866,278183,0,278183,3725
2021-05-10,San Francisco,75,870044,36430,36683,1367,38050,543
2021-05-10,San Joaquin,77,732212,72375,71954,3667,75621,1356
2021-05-10,San Luis Obispo,79,281455,21071,20993,762,21755,256
2021-05-10,San Mateo,81,765935,42154,41926,476,42402,424
2021-05-10,Santa Barbara,83,443738,34353,34201,1240,35441,456
2021-05-10,Santa Clara,85,1922200,117664,118822,785,119607,2003
2021-05-10,Santa Cruz,87,273765,16098,16114,874,16988,206
2021-05-10,Shasta,89,179085,12059,12036,1574,13610,200
2021-05-10,Sierra,91,2930,54,54,14,68,0
2021-05-10,Siskiyou,93,43540,1833,1752,356,2108,13
2021-05-10,Solano,95,438530,32505,32466,546,33012,250
2021-05-10,Sonoma,97,501317,29805,29955,334,30289,318
2021-05-10,Stanislaus,99,539301,55568,55541,6103,61644,898
2021-05-10,Sutter,101,95872,9412,9412,87,9499,111
2021-05-10,Tehama,103,63373,4991,4980,590,5570,62
2021-05-10,Trinity,105,12862,365,327,59,386,3
2021-05-10,Tulare,107,460477,49394,48956,9434,58390,837
2021-05-10,Tuolumne,109,53932,4057,4054,36,4090,63
2021-05-10,Ventura,111,848112,80787,80501,3079,83580,1008
2021-05-10,Yolo,113,214977,13904,13898,314,14212,209
2021-05-10,Yuba,115,75493,5965,5942,124,6066,46
2021-05-09,Alameda,1,1643700,87356,87292,2022,89314,1284
2021-05-09,Alpine,3,1148,88,88,0,88,0
2021-05-09,Amador,5,37829,3660,3655,34,3689,46
2021-05-09,Butte,7,227075,12291,11985,1876,13861,199
2021-05-09,Calaveras,9,45235,2129,2116,14,2130,52
2021-05-09,Colusa,11,21464,1927,1940,305,2245,14
2021-05-09,Contra Costa,13,1133247,68732,68302,1313,69615,806
2021-05-09,Del Norte,15,27424,1351,1338,7,1345,8
2021-05-09,El Dorado,17,186661,10097,10089,754,10843,113
2021-05-09,Fresno,19,978130,101531,101729,8931,110660,1682
2021-05-09,Glenn,21,27897,2393,2382,568,2950,17
2021-05-09,Humboldt,23,135768,4023,3950,34,3984,36
2021-05-09,Imperial,25,180216,28365,28388,2899,31287,722
2021-05-09,Inyo,27,18085,1402,1401,3,1404,36
2021-05-09,Kern,29,883053,96415,95903,11165,107068,1310
2021-05-09,Kings,31,150075,22905,22878,1181,24059,246
2021-05-09,Lake,33,64148,3482,3471,9,3480,43
2021-05-09,Lassen,35,31185,5168,5147,113,5260,5
2021-05-09,Los Angeles,37,10098052,1199194,1194820,43601,1238421,24026
2021-05-09,Madera,39,155013,16469,16444,942,17386,238
2021-05-09,Marin,41,260295,13986,13979,258,14237,228
2021-05-09,Mariposa,43,17540,424,420,11,431,5
2021-05-09,Mendocino,45,87422,3887,3814,76,3890,46
2021-05-09,Merced,47,269075,30828,30883,993,31876,448
2021-05-09,Modoc,49,8938,371,360,125,485,3
2021-05-09,Mono,51,14174,1243,1264,12,1276,3
2021-05-09,Monterey,53,433212,42917,42918,1919,44837,380
2021-05-09,Napa,55,140530,9852,9857,33,9890,81
2021-05-09,Nevada,57,99092,4743,4727,193,4920,70
2021-05-09,Orange,59,3164182,254081,253451,11604,265055,5008
2021-05-09,Placer,61,380077,22868,22566,1504,24070,286
2021-05-09,Plumas,63,18699,691,679,11,690,4
2021-05-09,Riverside,65,2383286,290449,287644,14646,302290,4427
2021-05-09,Sacramento,67,1510023,104465,104309,1776,106085,1612
2021-05-09,San Benito,69,59416,6044,6056,117,6173,63
2021-05-09,San Bernardino,71,2135413,291752,291337,9007,300344,4707
2021-05-09,San Diego,73,3302833,278699,277950,0,277950,3725
2021-05-09,San Francisco,75,870044,36404,36669,1365,38034,543
2021-05-09,San Joaquin,77,732212,72331,71927,3666,75593,1356
2021-05-09,San Luis Obispo,79,281455,21061,20999,762,21761,256
2021-05-09,San Mateo,81,765935,42125,41903,476,42379,424
2021-05-09,Santa Barbara,83,443738,34340,34196,1239,35435,456
2021-05-09,Santa Clara,85,1922200,117610,118798,784,119582,2003
2021-05-09,Santa Cruz,87,273765,16092,16094,874,16968,206
2021-05-09,Shasta,89,179085,12029,12034,1569,13603,200
2021-05-09,Sierra,91,2930,54,54,14,68,0
2021-05-09,Siskiyou,93,43540,1827,1741,353,2094,13
2021-05-09,Solano,95,438530,32466,32434,543,32977,250
2021-05-09,Sonoma,97,501317,29790,29953,333,30286,318
2021-05-09,Stanislaus,99,539301,55501,55511,6099,61610,898
2021-05-09,Sutter,101,95872,9406,9413,87,9500,111
2021-05-09,Tehama,103,63373,4986,4979,590,5569,62
2021-05-09,Trinity,105,12862,365,327,59,386,3
2021-05-09,Tulare,107,460477,49367,48948,9429,58377,837
2021-05-09,Tuolumne,109,53932,4056,4053,36,4089,63
2021-05-09,Ventura,111,848112,80772,80487,3078,83565,1008
2021-05-09,Yolo,113,214977,13893,13897,313,14210,209
2021-05-09,Yuba,115,75493,5959,5934,124,6058,46
2021-05-08,Alameda,1,1643700,87314,87213,2018,89231,1284
2021-05-08,Alpine,3,1148,88,88,0,88,0
2021-05-08,Amador,5,37829,3658,3652,34,3686,46
2021-05-08,Butte,7,227075,12279,11962,1875,13837,199
2021-05-08,Calaveras,9,45235,2128,2114,14,2128,52
2021-05-08,Colusa,11,21464,1927,1939,305,2244,14
2021-05-08,Contra Costa,13,1133247,68699,68223,1311,69534,803
2021-05-08,Del Norte,15,27424,1348,1335,7,1342,8
2021-05-08,El Dorado,17,186661,10083,10079,754,10833,113
2021-05-08,Fresno,19,978130,101496,101676,8926,110602,1682
2021-05-08,Glenn,21,27897,2391,2382,566,2948,17
2021-05-08,Humboldt,23,135768,4007,3939,34,3973,36
2021-05-08,Imperial,25,180216,28357,28373,2899,31272,721
2021-05-08,Inyo,27,18085,1402,1402,3,1405,36
2021-05-08,Kern,29,883053,96391,95880,11152,107032,1310
2021-05-08,Kings,31,150075,22902,22872,1180,24052,246
2021-05-08,Lake,33,64148,3481,3470,9,3479,43
2021-05-08,Lassen,35,31185,5167,5145,113,5258,5
2021-05-08,Los Angeles,37,10098052,1199046,1194584,43585,1238169,24022
2021-05-08,Madera,39,155013,16465,16442,942,17384,238
2021-05-08,Marin,41,260295,13983,13974,257,14231,228
2021-05-08,Mariposa,43,17540,424,420,11,431,5
2021-05-08,Mendocino,45,87422,3882,3810,75,3885,46
2021-05-08,Merced,47,269075,30819,30876,993,31869,448
2021-05-08,Modoc,49,8938,371,360,124,484,3
2021-05-08,Mono,51,14174,1243,1262,12,1274,3
2021-05-08,Monterey,53,433212,42912,42914,1918,44832,380
2021-05-08,Napa,55,140530,9845,9853,33,9886,81
2021-05-08,Nevada,57,99092,4740,4716,193,4909,70
2021-05-08,Orange,59,3164182,254045,253412,11601,265013,5006
2021-05-08,Placer,61,380077,22850,22547,1502,24049,286
2021-05-08,Plumas,63,18699,690,679,11,690,4
2021-05-08,Riverside,65,2383286,290407,287574,14644,302218,4427
2021-05-08,Sacramento,67,1510023,104381,104208,1772,105980,1610
2021-05-08,San Benito,69,59416,6043,6048,117,6165,63
2021-05-08,San Bernardino,71,2135413,291709,291296,9007,300303,4707
2021-05-08,San Diego,73,3302833,278615,277760,0,277760,3725
2021-05-08,San Francisco,75,870044,36381,36642,1365,38007,543
2021-05-08,San Joaquin,77,732212,72302,71869,3657,75526,1356
2021-05-08,San Luis Obispo,79,281455,21050,20992,762,21754,256
2021-05-08,San Mateo,81,765935,42114,41871,476,42347,424
2021-05-08,Santa Barbara,83,443738,34327,34185,1239,35424,456
2021-05-08,Santa Clara,85,1922200,117579,118751,784,119535,2003
2021-05-08,Santa Cruz,87,273765,16089,16089,874,16963,206
2021-05-08,Shasta,89,179085,12019,12030,1565,13595,200
2021-05-08,Sierra,91,2930,54,54,14,68,0
2021-05-08,Siskiyou,93,43540,1826,1741,349,2090,13
2021-05-08,Solano,95,438530,32441,32395,541,32936,249
2021-05-08,Sonoma,97,501317,29777,29942,333,30275,318
2021-05-08,Stanislaus,99,539301,55468,55467,6095,61562,898
2021-05-08,Sutter,101,95872,9403,9413,87,9500,111
2021-05-08,Tehama,103,63373,4984,4977,590,5567,62
2021-05-08,Trinity,105,12862,365,327,59,386,3
2021-05-08,Tulare,107,460477,49353,48929,9419,58348,837
2021-05-08,Tuolumne,109,53932,4055,4050,36,4086,63
2021-05-08,Ventura,111,848112,80761,80481,3075,83556,1008
2021-05-08,Yolo,113,214977,13890,13894,312,14206,209
2021-05-08,Yuba,115,75493,5951,5928,124,6052,46
2021-05-07,Alameda,1,1643700,87263,87128,2018,89146,1280
2021-05-07,Alpine,3,1148,88,88,0,88,0
2021-05-07,Amador,5,37829,3655,3651,34,3685,46
2021-05-07,Butte,7,227075,12261,11943,1870,13813,199
2021-05-07,Calaveras,9,45235,2126,2114,14,2128,52
2021-05-07,Colusa,11,21464,1927,1937,305,2242,14
2021-05-07,Contra Costa,13,1133247,68653,68156,1309,69465,804
2021-05-07,Del Norte,15,27424,1343,1329,7,1336,8
2021-05-07,El Dorado,17,186661,10070,10065,752,10817,112
2021-05-07,Fresno,19,978130,101464,101625,8925,110550,1684
2021-05-07,Glenn,21,27897,2388,2381,565,2946,17
2021-05-07,Humboldt,23,135768,3992,3919,34,3953,36
2021-05-07,Imperial,25,180216,28349,28352,2898,31250,721
2021-05-07,Inyo,27,18085,1402,1402,3,1405,36
2021-05-07,Kern,29,883053,96378,95839,11140,106979,1308
2021-05-07,Kings,31,150075,22901,22857,1179,24036,246
2021-05-07,Lake,33,64148,3479,3467,9,3476,43
2021-05-07,Lassen,35,31185,5166,5144,112,5256,5
2021-05-07,Los Angeles,37,10098052,1198876,1194294,43575,1237869,24008
2021-05-07,Madera,39,155013,16460,16439,942,17381,238
2021-05-07,Marin,41,260295,13979,13968,257,14225,228
2021-05-07,Mariposa,43,17540,423,419,11,430,5
2021-05-07,Mendocino,45,87422,3876,3805,75,3880,46
2021-05-07,Merced,47,269075,30816,30862,993,31855,446
2021-05-07,Modoc,49,8938,371,360,124,484,3
2021-05-07,Mono,51,14174,1242,1261,12,1273,3
2021-05-07,Monterey,53,433212,42906,42909,1916,44825,380
2021-05-07,Napa,55,140530,9844,9849,33,9882,81
2021-05-07,Nevada,57,99092,4736,4704,193,4897,70
2021-05-07,Orange,59,3164182,254008,253338,11591,264929,5000
2021-05-07,Placer,61,380077,22830,22524,1499,24023,286
2021-05-07,Plumas,63,18699,690,678,11,689,4
2021-05-07,Riverside,65,2383286,290350,287479,14643,302122,4426
2021-05-07,Sacramento,67,1510023,104308,104068,1767,105835,1609
2021-05-07,San Benito,69,59416,6042,6048,117,6165,63
2021-05-07,San Bernardino,71,2135413,291670,291185,9002,300187,4697
2021-05-07,San Diego,73,3302833,278531,277534,0,277534,3718
2021-05-07,San Francisco,75,870044,36368,36616,1364,37980,543
2021-05-07,San Joaquin,77,732212,72262,71804,3655,75459,1351
2021-05-07,San Luis Obispo,79,281455,21043,20979,762,21741,256
2021-05-07,San Mateo,81,765935,42098,41844,476,42320,424
2021-05-07,Santa Barbara,83,443738,34317,34166,1239,35405,453
2021-05-07,Santa Clara,85,1922200,117546,118691,783,119474,2002
2021-05-07,Santa Cruz,87,273765,16086,16074,874,16948,206
2021-05-07,Shasta,89,179085,11997,12005,1563,13568,200
2021-05-07,Sierra,91,2930,54,54,14,68,0
2021-05-07,Siskiyou,93,43540,1823,1723,349,2072,13
2021-05-07,Solano,95,438530,32414,32352,539,32891,249
2021-05-07,Sonoma,97,501317,29759,29925,331,30256,318
2021-05-07,Stanislaus,99,539301,55427,55407,6089,61496,896
2021-05-07,Sutter,101,95872,9403,9407,86,9493,111
2021-05-07,Tehama,103,63373,4977,4974,590,5564,57
2021-05-07,Trinity,105,12862,365,327,59,386,3
2021-05-07,Tulare,107,460477,49336,48913,9414,58327,837
2021-05-07,Tuolumne,109,53932,4053,4048,36,4084,63
2021-05-07,Ventura,111,848112,80737,80444,3075,83519,1008
2021-05-07,Yolo,113,214977,13885,13875,311,14186,209
2021-05-07,Yuba,115,75493,5941,5910,124,6034,46
2021-05-06,Alameda,1,1643700,87185,87028,2014,89042,1278
2021-05-06,Alpine,3,1148,88,88,0,88,0
2021-05-06,Amador,5,37829,3653,3650,34,3684,46
2021-05-06,Butte,7,227075,12241,11929,1865,13794,198
2021-05-06,Calaveras,9,45235,2125,2111,14,2125,52
2021-05-06,Colusa,11,21464,1927,1935,305,2240,14
2021-05-06,Contra Costa,13,1133247,68598,68076,1306,69382,802
2021-05-06,Del Norte,15,27424,1335,1324,7,1331,6
2021-05-06,El Dorado,17,186661,10063,10048,752,10800,112
2021-05-06,Fresno,19,978130,101423,101536,8919,110455,1680
2021-05-06,Glenn,21,27897,2387,2380,564,2944,17
2021-05-06,Humboldt,23,135768,3968,3898,33,3931,36
2021-05-06,Imperial,25,180216,28338,28311,2897,31208,720
2021-05-06,Inyo,27,18085,1402,1401,3,1404,36
2021-05-06,Kern,29,883053,96353,95801,11123,106924,1307
2021-05-06,Kings,31,150075,22894,22848,1178,24026,246
2021-05-06,Lake,33,64148,3478,3465,9,3474,43
2021-05-06,Lassen,35,31185,5165,5143,112,5255,1
2021-05-06,Los Angeles,37,10098052,1198636,1193954,43558,1237512,23991
2021-05-06,Madera,39,155013,16452,16430,942,17372,238
2021-05-06,Marin,41,260295,13975,13956,257,14213,228
2021-05-06,Mariposa,43,17540,422,419,11,430,5
2021-05-06,Mendocino,45,87422,3865,3802,75,3877,46
2021-05-06,Merced,47,269075,30801,30863,992,31855,444
2021-05-06,Modoc,49,8938,371,360,124,484,3
2021-05-06,Mono,51,14174,1240,1261,12,1273,3
2021-05-06,Monterey,53,433212,42891,42899,1916,44815,379
2021-05-06,Napa,55,140530,9838,9843,33,9876,81
2021-05-06,Nevada,57,99092,4735,4687,193,4880,70
2021-05-06,Orange,59,3164182,253941,253286,11584,264870,4991
2021-05-06,Placer,61,380077,22809,22493,1499,23992,286
2021-05-06,Plumas,63,18699,690,678,11,689,4
2021-05-06,Riverside,65,2383286,290277,287399,14638,302037,4422
2021-05-06,Sacramento,67,1510023,104192,103956,1764,105720,1609
2021-05-06,San Benito,69,59416,6041,6045,117,6162,63
2021-05-06,San Bernardino,71,2135413,291600,291085,9001,300086,4683
2021-05-06,San Diego,73,3302833,278407,277324,0,277324,3716
2021-05-06,San Francisco,75,870044,36353,36599,1364,37963,543
2021-05-06,San Joaquin,77,732212,72207,71729,3652,75381,1350
2021-05-06,San Luis Obispo,79,281455,21031,20965,760,21725,256
2021-05-06,San Mateo,81,765935,42080,41802,475,42277,424
2021-05-06,Santa Barbara,83,443738,34304,34152,1239,35391,453
2021-05-06,Santa Clara,85,1922200,117505,118591,783,119374,2001
2021-05-06,Santa Cruz,87,273765,16079,16050,874,16924,206
2021-05-06,Shasta,89,179085,11975,11983,1557,13540,199
2021-05-06,Sierra,91,2930,54,54,14,68,0
2021-05-06,Siskiyou,93,43540,1814,1711,347,2058,12
2021-05-06,Solano,95,438530,32388,32320,531,32851,249
2021-05-06,Sonoma,97,501317,29751,29911,331,30242,318
2021-05-06,Stanislaus,99,539301,55371,55323,6086,61409,834
2021-05-06,Sutter,101,95872,9397,9396,86,9482,111
2021-05-06,Tehama,103,63373,4972,4970,590,5560,53
2021-05-06,Trinity,105,12862,365,327,59,386,3
2021-05-06,Tulare,107,460477,49313,48890,9399,58289,836
2021-05-06,Tuolumne,109,53932,4049,4047,36,4083,63
2021-05-06,Ventura,111,848112,80706,80411,3072,83483,1005
2021-05-06,Yolo,113,214977,13877,13871,307,14178,209
2021-05-06,Yuba,115,75493,5929,5901,124,6025,46
2021-05-05,Alameda,1,1643700,87124,86950,2012,88962,1278
2021-05-05,Alpine,3,1148,88,88,0,88,0
2021-05-05,Amador,5,37829,3650,3650,34,3684,46
2021-05-05,Butte,7,227075,12223,11907,1862,13769,198
2021-05-05,Calaveras,9,45235,2121,2103,14,2117,52
2021-05-05,Colusa,11,21464,1926,1933,305,2238,14
2021-05-05,Contra Costa,13,1133247,68533,67997,1301,69298,803
2021-05-05,Del Norte,15,27424,1332,1317,7,1324,6
2021-05-05,El Dorado,17,186661,10052,10020,751,10771,111
2021-05-05,Fresno,19,978130,101374,101491,8910,110401,1680
2021-05-05,Glenn,21,27897,2384,2380,563,2943,17
2021-05-05,Humboldt,23,135768,3949,3886,32,3918,36
2021-05-05,Imperial,25,180216,28297,28295,2890,31185,720
2021-05-05,Inyo,27,18085,1401,1401,3,1404,36
2021-05-05,Kern,29,883053,96312,95753,11118,106871,1304
2021-05-05,Kings,31,150075,22888,22840,1177,24017,246
2021-05-05,Lake,33,64148,3475,3458,9,3467,43
2021-05-05,Lassen,35,31185,5165,5143,111,5254,1
2021-05-05,Los Angeles,37,10098052,1198371,1193608,43545,1237153,23977
2021-05-05,Madera,39,155013,16450,16423,942,17365,235
2021-05-05,Marin,41,260295,13967,13950,256,14206,228
2021-05-05,Mariposa,43,17540,422,418,11,429,5
2021-05-05,Mendocino,45,87422,3861,3799,75,3874,46
2021-05-05,Merced,47,269075,30780,30844,992,31836,444
2021-05-05,Modoc,49,8938,370,361,123,484,3
2021-05-05,Mono,51,14174,1240,1260,12,1272,3
2021-05-05,Monterey,53,433212,42878,42870,1913,44783,379
2021-05-05,Napa,55,140530,9832,9833,33,9866,81
2021-05-05,Nevada,57,99092,4732,4666,193,4859,70
2021-05-05,Orange,59,3164182,253886,253237,11579,264816,4978
2021-05-05,Placer,61,380077,22777,22362,1495,23857,287
2021-05-05,Plumas,63,18699,690,677,11,688,4
2021-05-05,Riverside,65,2383286,290188,287353,14628,301981,4414
2021-05-05,Sacramento,67,1510023,104102,103476,1759,105235,1607
2021-05-05,San Benito,69,59416,6032,6046,117,6163,63
2021-05-05,San Bernardino,71,2135413,291526,291008,8997,300005,4677
2021-05-05,San Diego,73,3302833,278270,277098,0,277098,3716
2021-05-05,San Francisco,75,870044,36338,36577,1363,37940,543
2021-05-05,San Joaquin,77,732212,72155,71638,3649,75287,1345
2021-05-05,San Luis Obispo,79,281455,21023,20958,760,21718,256
2021-05-05,San Mateo,81,765935,42049,41755,474,42229,415
2021-05-05,Santa Barbara,83,443738,34290,34139,1238,35377,453
2021-05-05,Santa Clara,85,1922200,117475,118482,779,119261,1992
2021-05-05,Santa Cruz,87,273765,16073,16013,874,16887,207
2021-05-05,Shasta,89,179085,11959,11939,1553,13492,200
2021-05-05,Sierra,91,2930,54,54,14,68,0
2021-05-05,Siskiyou,93,43540,1797,1706,339,2045,11
2021-05-05,Solano,95,438530,32353,32250,529,32779,249
2021-05-05,Sonoma,97,501317,29738,29879,331,30210,318
2021-05-05,Stanislaus,99,539301,55313,55231,6084,61315,807
2021-05-05,Sutter,101,95872,9391,9387,86,9473,111
2021-05-05,Tehama,103,63373,4969,4968,590,5558,53
2021-05-05,Trinity,105,12862,365,326,59,385,3
2021-05-05,Tulare,107,460477,49292,48875,9389,58264,835
2021-05-05,Tuolumne,109,53932,4046,4040,36,4076,63
2021-05-05,Ventura,111,848112,80677,80372,3068,83440,1005
2021-05-05,Yolo,113,214977,13873,13846,305,14151,209
2021-05-05,Yuba,115,75493,5919,5895,123,6018,44
2021-05-04,Alameda,1,1643700,87032,86894,2012,88906,1277
2021-05-04,Alpine,3,1148,88,88,0,88,0
2021-05-04,Amador,5,37829,3650,3650,34,3684,46
2021-05-04,Butte,7,227075,12199,11883,1860,13743,198
2021-05-04,Calaveras,9,45235,2116,2100,14,2114,52
2021-05-04,Colusa,11,21464,1925,1933,305,2238,14
2021-05-04,Contra Costa,13,1133247,68454,67931,1297,69228,799
2021-05-04,Del Norte,15,27424,1332,1314,7,1321,6
2021-05-04,El Dorado,17,186661,10041,10009,747,10756,110
2021-05-04,Fresno,19,978130,101320,101451,8903,110354,1677
2021-05-04,Glenn,21,27897,2381,2379,560,2939,17
2021-05-04,Humboldt,23,135768,3923,3877,32,3909,36
2021-05-04,Imperial,25,180216,28277,28276,2886,31162,720
2021-05-04,Inyo,27,18085,1401,1399,3,1402,36
2021-05-04,Kern,29,883053,96279,95720,11099,106819,1301
2021-05-04,Kings,31,150075,22874,22822,1174,23996,246
2021-05-04,Lake,33,64148,3474,3454,9,3463,43
2021-05-04,Lassen,35,31185,5164,5142,111,5253,1
2021-05-04,Los Angeles,37,10098052,1198082,1193453,43533,1236986,23957
2021-05-04,Madera,39,155013,16449,16418,942,17360,235
2021-05-04,Marin,41,260295,13960,13935,256,14191,228
2021-05-04,Mariposa,43,17540,422,418,11,429,5
2021-05-04,Mendocino,45,87422,3856,3794,75,3869,46
2021-05-04,Merced,47,269075,30763,30829,992,31821,444
2021-05-04,Modoc,49,8938,369,360,122,482,3
2021-05-04,Mono,51,14174,1240,1260,12,1272,3
2021-05-04,Monterey,53,433212,42866,42845,1912,44757,380
2021-05-04,Napa,55,140530,9823,9824,33,9857,81
2021-05-04,Nevada,57,99092,4725,4656,193,4849,70
2021-05-04,Orange,59,3164182,253819,253177,11569,264746,4977
2021-05-04,Placer,61,380077,22748,22326,1492,23818,287
2021-05-04,Plumas,63,18699,689,675,11,686,4
2021-05-04,Riverside,65,2383286,290104,287285,14621,301906,4411
2021-05-04,Sacramento,67,1510023,103973,103383,1754,105137,1604
2021-05-04,San Benito,69,59416,6031,6039,117,6156,63
2021-05-04,San Bernardino,71,2135413,291444,290934,8990,299924,4668
2021-05-04,San Diego,73,3302833,278104,276879,0,276879,3713
2021-05-04,San Francisco,75,870044,36320,36550,1363,37913,541
2021-05-04,San Joaquin,77,732212,72094,71582,3645,75227,1342
2021-05-04,San Luis Obispo,79,281455,21018,20923,758,21681,255
2021-05-04,San Mateo,81,765935,42023,41708,474,42182,415
2021-05-04,Santa Barbara,83,443738,34274,34131,1238,35369,453
2021-05-04,Santa Clara,85,1922200,117412,118431,778,119209,1988
2021-05-04,Santa Cruz,87,273765,16067,16005,874,16879,207
2021-05-04,Shasta,89,179085,11939,11923,1547,13470,198
2021-05-04,Sierra,91,2930,54,54,14,68,0
2021-05-04,Siskiyou,93,43540,1790,1694,337,2031,11
2021-05-04,Solano,95,438530,32312,32220,527,32747,249
2021-05-04,Sonoma,97,501317,29719,29867,330,30197,318
2021-05-04,Stanislaus,99,539301,55258,55165,6081,61246,807
2021-05-04,Sutter,101,95872,9386,9375,86,9461,111
2021-05-04,Tehama,103,63373,4967,4959,589,5548,53
2021-05-04,Trinity,105,12862,365,326,59,385,3
2021-05-04,Tulare,107,460477,49266,48857,9379,58236,835
2021-05-04,Tuolumne,109,53932,4044,4041,36,4077,61
2021-05-04,Ventura,111,848112,80648,80351,3066,83417,1005
2021-05-04,Yolo,113,214977,13860,13820,303,14123,208
2021-05-04,Yuba,115,75493,5913,5891,123,6014,44
2021-05-03,Alameda,1,1643700,86955,86845,2006,88851,1272
2021-05-03,Alpine,3,1148,88,88,0,88,0
2021-05-03,Amador,5,37829,3650,3651,34,3685,46
2021-05-03,Butte,7,227075,12189,11864,1857,13721,198
2021-05-03,Calaveras,9,45235,2115,2099,14,2113,50
2021-05-03,Colusa,11,21464,1924,1931,303,2234,14
2021-05-03,Contra Costa,13,1133247,68395,67895,1293,69188,799
2021-05-03,Del Norte,15,27424,1327,1306,6,1312,6
2021-05-03,El Dorado,17,186661,10023,9984,742,10726,110
2021-05-03,Fresno,19,978130,101267,101405,8892,110297,1678
2021-05-03,Glenn,21,27897,2381,2375,559,2934,17
2021-05-03,Humboldt,23,135768,3908,3865,32,3897,36
2021-05-03,Imperial,25,180216,28255,28280,2883,31163,720
2021-05-03,Inyo,27,18085,1400,1398,3,1401,36
2021-05-03,Kern,29,883053,96245,95693,11086,106779,1299
2021-05-03,Kings,31,150075,22865,22821,1174,23995,246
2021-05-03,Lake,33,64148,3472,3446,9,3455,43
2021-05-03,Lassen,35,31185,5163,5142,111,5253,1
2021-05-03,Los Angeles,37,10098052,1197818,1193261,43504,1236765,23942
2021-05-03,Madera,39,155013,16445,16414,941,17355,235
2021-05-03,Marin,41,260295,13954,13927,256,14183,228
2021-05-03,Mariposa,43,17540,422,418,11,429,5
2021-05-03,Mendocino,45,87422,3849,3792,75,3867,46
2021-05-03,Merced,47,269075,30752,30814,990,31804,444
2021-05-03,Modoc,49,8938,369,360,122,482,3
2021-05-03,Mono,51,14174,1240,1259,12,1271,3
2021-05-03,Monterey,53,433212,42856,42837,1910,44747,380
2021-05-03,Napa,55,140530,9818,9815,33,9848,81
2021-05-03,Nevada,57,99092,4717,4650,193,4843,70
2021-05-03,Orange,59,3164182,253760,253107,11560,264667,4968
2021-05-03,Placer,61,380077,22717,22289,1486,23775,287
2021-05-03,Plumas,63,18699,688,675,11,686,4
2021-05-03,Riverside,65,2383286,290032,287233,14620,301853,4412
2021-05-03,Sacramento,67,1510023,103820,103303,1746,105049,1602
2021-05-03,San Benito,69,59416,6030,6038,117,6155,63
2021-05-03,San Bernardino,71,2135413,291376,290886,8987,299873,4659
2021-05-03,San Diego,73,3302833,277941,276693,0,276693,3712
2021-05-03,San Francisco,75,870044,36295,36538,1362,37900,541
2021-05-03,San Joaquin,77,732212,72043,71504,3642,75146,1325
2021-05-03,San Luis Obispo,79,281455,21002,20915,755,21670,254
2021-05-03,San Mateo,81,765935,42000,41689,473,42162,413
2021-05-03,Santa Barbara,83,443738,34262,34119,1238,35357,453
2021-05-03,Santa Clara,85,1922200,117358,118373,777,119150,1988
2021-05-03,Santa Cruz,87,273765,16064,16000,874,16874,207
2021-05-03,Shasta,89,179085,11916,11890,1542,13432,197
2021-05-03,Sierra,91,2930,54,54,14,68,0
2021-05-03,Siskiyou,93,43540,1784,1683,331,2014,11
2021-05-03,Solano,95,438530,32271,32201,526,32727,249
2021-05-03,Sonoma,97,501317,29707,29855,327,30182,318
2021-05-03,Stanislaus,99,539301,55194,55116,6070,61186,774
2021-05-03,Sutter,101,95872,9374,9370,86,9456,111
2021-05-03,Tehama,103,63373,4958,4952,589,5541,53
2021-05-03,Trinity,105,12862,365,326,59,385,3
2021-05-03,Tulare,107,460477,49249,48844,9369,58213,835
2021-05-03,Tuolumne,109,53932,4043,4038,36,4074,61
2021-05-03,Ventura,111,848112,80626,80291,3066,83357,1005
2021-05-03,Yolo,113,214977,13847,13809,301,14110,208
2021-05-03,Yuba,115,75493,5908,5880,123,6003,44
2021-05-02,Alameda,1,1643700,86869,86784,2005,88789,1272
2021-05-02,Alpine,3,1148,88,88,0,88,0
2021-05-02,Amador,5,37829,3650,3650,34,3684,46
2021-05-02,Butte,7,227075,12165,11859,1854,13713,198
2021-05-02,Calaveras,9,45235,2111,2098,14,2112,50
2021-05-02,Colusa,11,21464,1923,1931,302,2233,14
2021-05-02,Contra Costa,13,1133247,68309,67843,1290,69133,800
2021-05-02,Del Norte,15,27424,1320,1305,6,1311,6
2021-05-02,El Dorado,17,186661,10008,9962,741,10703,110
2021-05-02,Fresno,19,978130,101196,101372,8883,110255,1678
2021-05-02,Glenn,21,27897,2380,2374,557,2931,17
2021-05-02,Humboldt,23,135768,3896,3858,31,3889,36
2021-05-02,Imperial,25,180216,28221,28275,2874,31149,721
2021-05-02,Inyo,27,18085,1398,1398,3,1401,36
2021-05-02,Kern,29,883053,96187,95668,11079,106747,1299
2021-05-02,Kings,31,150075,22847,22816,1173,23989,246
2021-05-02,Lake,33,64148,3470,3443,9,3452,43
2021-05-02,Lassen,35,31185,5162,5142,110,5252,1
2021-05-02,Los Angeles,37,10098052,1197472,1193056,43480,1236536,23943
2021-05-02,Madera,39,155013,16439,16410,941,17351,235
2021-05-02,Marin,41,260295,13944,13917,256,14173,228
2021-05-02,Mariposa,43,17540,422,419,11,430,5
2021-05-02,Mendocino,45,87422,3844,3787,75,3862,46
2021-05-02,Merced,47,269075,30730,30793,988,31781,444
2021-05-02,Modoc,49,8938,369,360,122,482,3
2021-05-02,Mono,51,14174,1239,1259,12,1271,3
2021-05-02,Monterey,53,433212,42843,42837,1908,44745,380
2021-05-02,Napa,55,140530,9814,9805,33,9838,81
2021-05-02,Nevada,57,99092,4701,4635,193,4828,70
2021-05-02,Orange,59,3164182,253685,253025,11547,264572,4968
2021-05-02,Placer,61,380077,22688,22264,1483,23747,287
2021-05-02,Plumas,63,18699,688,675,11,686,4
2021-05-02,Riverside,65,2383286,289933,287197,14610,301807,4412
2021-05-02,Sacramento,67,1510023,103685,103153,1739,104892,1602
2021-05-02,San Benito,69,59416,6025,6037,117,6154,63
2021-05-02,San Bernardino,71,2135413,291276,290859,8985,299844,4655
2021-05-02,San Diego,73,3302833,277745,276521,0,276521,3712
2021-05-02,San Francisco,75,870044,36269,36522,1362,37884,541
2021-05-02,San Joaquin,77,732212,71979,71447,3635,75082,1325
2021-05-02,San Luis Obispo,79,281455,20982,20910,754,21664,254
2021-05-02,San Mateo,81,765935,41984,41656,472,42128,412
2021-05-02,Santa Barbara,83,443738,34248,34106,1238,35344,453
2021-05-02,Santa Clara,85,1922200,117284,118321,777,119098,1988
2021-05-02,Santa Cruz,87,273765,16059,15995,873,16868,207
2021-05-02,Shasta,89,179085,11900,11885,1534,13419,197
2021-05-02,Sierra,91,2930,54,54,14,68,0
2021-05-02,Siskiyou,93,43540,1773,1661,330,1991,11
2021-05-02,Solano,95,438530,32232,32151,522,32673,249
2021-05-02,Sonoma,97,501317,29684,29842,327,30169,318
2021-05-02,Stanislaus,99,539301,55121,55057,6063,61120,774
2021-05-02,Sutter,101,95872,9367,9363,86,9449,111
2021-05-02,Tehama,103,63373,4953,4950,587,5537,53
2021-05-02,Trinity,105,12862,365,326,59,385,3
2021-05-02,Tulare,107,460477,49231,48834,9361,58195,835
2021-05-02,Tuolumne,109,53932,4040,4038,36,4074,61
2021-05-02,Ventura,111,848112,80589,80284,3065,83349,1005
2021-05-02,Yolo,113,214977,13835,13799,300,14099,208
2021-05-02,Yuba,115,75493,5898,5879,123,6002,44
2021-05-01,Alameda,1,1643700,86825,86704,2002,88706,1270
2021-05-01,Alpine,3,1148,88,88,0,88,0
2021-05-01,Amador,5,37829,3650,3650,34,3684,46
2021-05-01,Butte,7,227075,12151,11845,1849,13694,198
2021-05-01,Calaveras,9,45235,2109,2096,14,2110,50
2021-05-01,Colusa,11,21464,1922,1931,302,2233,14
2021-05-01,Contra Costa,13,1133247,68257,67779,1287,69066,800
2021-05-01,Del Norte,15,27424,1319,1292,6,1298,6
2021-05-01,El Dorado,17,186661,9994,9944,739,10683,110
2021-05-01,Fresno,19,978130,101151,101326,8877,110203,1678
2021-05-01,Glenn,21,27897,2377,2369,556,2925,17
2021-05-01,Humboldt,23,135768,3882,3845,31,3876,36
2021-05-01,Imperial,25,180216,28214,28262,2874,31136,721
2021-05-01,Inyo,27,18085,1398,1397,3,1400,36
2021-05-01,Kern,29,883053,96160,95645,11067,106712,1299
2021-05-01,Kings,31,150075,22845,22797,1171,23968,246
2021-05-01,Lake,33,64148,3468,3441,9,3450,43
2021-05-01,Lassen,35,31185,5160,5142,110,5252,1
2021-05-01,Los Angeles,37,10098052,1197305,1192781,43465,1236246,23946
2021-05-01,Madera,39,155013,16435,16408,941,17349,235
2021-05-01,Marin,41,260295,13937,13902,256,14158,228
2021-05-01,Mariposa,43,17540,422,418,11,429,5
2021-05-01,Mendocino,45,87422,3842,3782,75,3857,46
2021-05-01,Merced,47,269075,30712,30771,988,31759,444
2021-05-01,Modoc,49,8938,369,361,122,483,3
2021-05-01,Mono,51,14174,1239,1258,12,1270,3
2021-05-01,Monterey,53,433212,42837,42828,1908,44736,379
2021-05-01,Napa,55,140530,9811,9800,33,9833,81
2021-05-01,Nevada,57,99092,4696,4625,193,4818,70
2021-05-01,Orange,59,3164182,253642,252969,11536,264505,4964
2021-05-01,Placer,61,380077,22662,22240,1481,23721,287
2021-05-01,Plumas,63,18699,687,675,11,686,4
2021-05-01,Riverside,65,2383286,289894,287129,14608,301737,4412
2021-05-01,Sacramento,67,1510023,103606,103043,1738,104781,1602
2021-05-01,San Benito,69,59416,6022,6030,117,6147,63
2021-05-01,San Bernardino,71,2135413,291233,290802,8984,299786,4652
2021-05-01,San Diego,73,3302833,277621,276367,0,276367,3706
2021-05-01,San Francisco,75,870044,36254,36496,1362,37858,541
2021-05-01,San Joaquin,77,732212,71931,71389,3633,75022,1325
2021-05-01,San Luis Obispo,79,281455,20977,20896,754,21650,254
2021-05-01,San Mateo,81,765935,41955,41617,471,42088,411
2021-05-01,Santa Barbara,83,443738,34243,34085,1237,35322,453
2021-05-01,Santa Clara,85,1922200,117233,118265,775,119040,1988
2021-05-01,Santa Cruz,87,273765,16056,15984,873,16857,207
2021-05-01,Shasta,89,179085,11880,11878,1526,13404,197
2021-05-01,Sierra,91,2930,54,53,14,67,0
2021-05-01,Siskiyou,93,43540,1765,1653,329,1982,11
2021-05-01,Solano,95,438530,32202,32124,514,32638,249
2021-05-01,Sonoma,97,501317,29681,29835,327,30162,318
2021-05-01,Stanislaus,99,539301,55086,55005,6057,61062,774
2021-05-01,Sutter,101,95872,9364,9358,86,9444,110
2021-05-01,Tehama,103,63373,4952,4950,586,5536,53
2021-05-01,Trinity,105,12862,365,326,58,384,3
2021-05-01,Tulare,107,460477,49224,48818,9355,58173,835
2021-05-01,Tuolumne,109,53932,4034,4035,36,4071,61
2021-05-01,Ventura,111,848112,80571,80268,3065,83333,1005
2021-05-01,Yolo,113,214977,13828,13784,298,14082,208
2021-05-01,Yuba,115,75493,5896,5875,123,5998,44
2021-04-30,Alameda,1,1643700,86763,86602,1999,88601,1268
2021-04-30,Alpine,3,1148,88,88,0,88,0
2021-04-30,Amador,5,37829,3648,3650,34,3684,46
2021-04-30,Butte,7,227075,12132,11812,1845,13657,197
2021-04-30,Calaveras,9,45235,2108,2087,14,2101,50
2021-04-30,Colusa,11,21464,1922,1931,301,2232,14
2021-04-30,Contra Costa,13,1133247,68209,67684,1284,68968,800
2021-04-30,Del Norte,15,27424,1307,1276,6,1282,6
2021-04-30,El Dorado,17,186661,9980,9906,739,10645,110
2021-04-30,Fresno,19,978130,101105,101263,8873,110136,1670
2021-04-30,Glenn,21,27897,2376,2369,556,2925,17
2021-04-30,Humboldt,23,135768,3869,3834,31,3865,36
2021-04-30,Imperial,25,180216,28205,28244,2871,31115,721
2021-04-30,Inyo,27,18085,1398,1397,3,1400,36
2021-04-30,Kern,29,883053,96144,95605,11062,106667,1298
2021-04-30,Kings,31,150075,22842,22793,1170,23963,246
2021-04-30,Lake,33,64148,3464,3440,9,3449,43
2021-04-30,Lassen,35,31185,5159,5140,110,5250,1
2021-04-30,Los Angeles,37,10098052,1197098,1192393,43451,1235844,23919
2021-04-30,Madera,39,155013,16429,16395,941,17336,235
2021-04-30,Marin,41,260295,13929,13895,254,14149,228
2021-04-30,Mariposa,43,17540,422,417,11,428,5
2021-04-30,Mendocino,45,87422,3838,3777,75,3852,46
2021-04-30,Merced,47,269075,30699,30740,987,31727,444
2021-04-30,Modoc,49,8938,368,360,122,482,3
2021-04-30,Mono,51,14174,1239,1258,12,1270,3
2021-04-30,Monterey,53,433212,42823,42810,1907,44717,379
2021-04-30,Napa,55,140530,9807,9792,33,9825,81
2021-04-30,Nevada,57,99092,4688,4608,193,4801,70
2021-04-30,Orange,59,3164182,253587,252883,11530,264413,4956
2021-04-30,Placer,61,380077,22643,22190,1477,23667,287
2021-04-30,Plumas,63,18699,687,677,11,688,4
2021-04-30,Riverside,65,2383286,289840,287030,14601,301631,4412
2021-04-30,Sacramento,67,1510023,103505,102864,1734,104598,1596
2021-04-30,San Benito,69,59416,6018,6024,116,6140,63
2021-04-30,San Bernardino,71,2135413,291179,290704,8983,299687,4640
2021-04-30,San Diego,73,3302833,277527,276157,0,276157,3702
2021-04-30,San Francisco,75,870044,36243,36453,1361,37814,538
2021-04-30,San Joaquin,77,732212,71880,71311,3630,74941,1306
2021-04-30,San Luis Obispo,79,281455,20971,20884,754,21638,255
2021-04-30,San Mateo,81,765935,41940,41583,470,42053,380
2021-04-30,Santa Barbara,83,443738,34230,34061,1237,35298,451
2021-04-30,Santa Clara,85,1922200,117175,118170,771,118941,1988
2021-04-30,Santa Cruz,87,273765,16051,15975,873,16848,207
2021-04-30,Shasta,89,179085,11859,11848,1523,13371,197
2021-04-30,Sierra,91,2930,54,53,14,67,0
2021-04-30,Siskiyou,93,43540,1754,1628,326,1954,11
2021-04-30,Solano,95,438530,32170,32050,511,32561,249
2021-04-30,Sonoma,97,501317,29671,29816,325,30141,318
2021-04-30,Stanislaus,99,539301,55035,54938,6054,60992,774
2021-04-30,Sutter,101,95872,9362,9353,86,9439,110
2021-04-30,Tehama,103,63373,4950,4944,586,5530,53
2021-04-30,Trinity,105,12862,365,326,58,384,3
2021-04-30,Tulare,107,460477,49215,48797,9338,58135,836
2021-04-30,Tuolumne,109,53932,4033,4033,36,4069,61
2021-04-30,Ventura,111,848112,80531,80232,3060,83292,1004
2021-04-30,Yolo,113,214977,13815,13756,298,14054,208
2021-04-30,Yuba,115,75493,5888,5870,123,5993,44
2021-04-29,Alameda,1,1643700,86698,86490,1997,88487,1263
2021-04-29,Alpine,3,1148,88,88,0,88,0
2021-04-29,Amador,5,37829,3648,3649,34,3683,46
2021-04-29,Butte,7,227075,12117,11787,1843,13630,196
2021-04-29,Calaveras,9,45235,2105,2082,14,2096,50
2021-04-29,Colusa,11,21464,1922,1929,301,2230,14
2021-04-29,Contra Costa,13,1133247,68154,67606,1281,68887,795
2021-04-29,Del Norte,15,27424,1303,1271,6,1277,6
2021-04-29,El Dorado,17,186661,9961,9884,736,10620,107
2021-04-29,Fresno,19,978130,101051,101189,8862,110051,1667
2021-04-29,Glenn,21,27897,2373,2369,556,2925,17
2021-04-29,Humboldt,23,135768,3855,3815,31,3846,36
2021-04-29,Imperial,25,180216,28193,28235,2870,31105,720
2021-04-29,Inyo,27,18085,1398,1396,3,1399,36
2021-04-29,Kern,29,883053,96111,95547,11058,106605,1295
2021-04-29,Kings,31,150075,22832,22777,1165,23942,245
2021-04-29,Lake,33,64148,3456,3438,9,3447,43
2021-04-29,Lassen,35,31185,5159,5140,110,5250,1
2021-04-29,Los Angeles,37,10098052,1196823,1192068,43430,1235498,23899
2021-04-29,Madera,39,155013,16424,16383,940,17323,235
2021-04-29,Marin,41,260295,13925,13884,246,14130,228
2021-04-29,Mariposa,43,17540,421,416,11,427,5
2021-04-29,Mendocino,45,87422,3832,3774,75,3849,46
2021-04-29,Merced,47,269075,30679,30706,987,31693,444
2021-04-29,Modoc,49,8938,368,360,122,482,3
2021-04-29,Mono,51,14174,1237,1259,12,1271,3
2021-04-29,Monterey,53,433212,42807,42797,1906,44703,379
2021-04-29,Napa,55,140530,9793,9789,33,9822,81
2021-04-29,Nevada,57,99092,4677,4590,193,4783,70
2021-04-29,Orange,59,3164182,253518,252823,11515,264338,4934
2021-04-29,Placer,61,380077,22618,22161,1475,23636,286
2021-04-29,Plumas,63,18699,686,676,11,687,4
2021-04-29,Riverside,65,2383286,289773,286947,14598,301545,4409
2021-04-29,Sacramento,67,1510023,103373,102686,1724,104410,1593
2021-04-29,San Benito,69,59416,6017,6023,116,6139,63
2021-04-29,San Bernardino,71,2135413,291106,290606,8978,299584,4609
2021-04-29,San Diego,73,3302833,277378,275961,0,275961,3700
2021-04-29,San Francisco,75,870044,36217,36412,1361,37773,537
2021-04-29,San Joaquin,77,732212,71814,71225,3625,74850,1301
2021-04-29,San Luis Obispo,79,281455,20960,20876,754,21630,255
2021-04-29,San Mateo,81,765935,41911,41538,469,42007,358
2021-04-29,Santa Barbara,83,443738,34214,34039,1235,35274,448
2021-04-29,Santa Clara,85,1922200,117120,118082,769,118851,1984
2021-04-29,Santa Cruz,87,273765,16045,15961,873,16834,205
2021-04-29,Shasta,89,179085,11829,11836,1514,13350,193
2021-04-29,Sierra,91,2930,54,53,14,67,0
2021-04-29,Siskiyou,93,43540,1745,1615,323,1938,11
2021-04-29,Solano,95,438530,32130,32002,506,32508,248
2021-04-29,Sonoma,97,501317,29656,29785,322,30107,318
2021-04-29,Stanislaus,99,539301,54968,54836,6049,60885,774
2021-04-29,Sutter,101,95872,9355,9346,86,9432,110
2021-04-29,Tehama,103,63373,4942,4939,586,5525,53
2021-04-29,Trinity,105,12862,365,326,58,384,3
2021-04-29,Tulare,107,460477,49199,48785,9325,58110,832
2021-04-29,Tuolumne,109,53932,4032,4030,36,4066,58
2021-04-29,Ventura,111,848112,80497,80188,3058,83246,1002
2021-04-29,Yolo,113,214977,13795,13745,297,14042,205
2021-04-29,Yuba,115,75493,5878,5865,123,5988,44
2021-04-28,Alameda,1,1643700,86626,86390,1993,88383,1260
2021-04-28,Alpine,3,1148,88,88,0,88,0
2021-04-28,Amador,5,37829,3648,3646,34,3680,46
2021-04-28,Butte,7,227075,12097,11762,1838,13600,196
2021-04-28,Calaveras,9,45235,2101,2078,13,2091,50
2021-04-28,Colusa,11,21464,1919,1927,300,2227,14
2021-04-28,Contra Costa,13,1133247,68094,67539,1280,68819,795
2021-04-28,Del Norte,15,27424,1295,1267,6,1273,6
2021-04-28,El Dorado,17,186661,9937,9873,736,10609,107
2021-04-28,Fresno,19,978130,101004,101161,8851,110012,1666
2021-04-28,Glenn,21,27897,2370,2368,556,2924,17
2021-04-28,Humboldt,23,135768,3839,3796,31,3827,36
2021-04-28,Imperial,25,180216,28179,28177,2869,31046,720
2021-04-28,Inyo,27,18085,1398,1396,2,1398,36
2021-04-28,Kern,29,883053,96081,95494,11049,106543,1295
2021-04-28,Kings,31,150075,22821,22767,1162,23929,245
2021-04-28,Lake,33,64148,3453,3433,9,3442,43
2021-04-28,Lassen,35,31185,5159,5138,110,5248,1
2021-04-28,Los Angeles,37,10098052,1196528,1191729,43403,1235132,23858
2021-04-28,Madera,39,155013,16420,16372,940,17312,235
2021-04-28,Marin,41,260295,13914,13866,246,14112,227
2021-04-28,Mariposa,43,17540,418,415,11,426,5
2021-04-28,Mendocino,45,87422,3826,3770,73,3843,46
2021-04-28,Merced,47,269075,30660,30649,987,31636,443
2021-04-28,Modoc,49,8938,368,360,122,482,3
2021-04-28,Mono,51,14174,1237,1258,12,1270,3
2021-04-28,Monterey,53,433212,42802,42776,1906,44682,379
2021-04-28,Napa,55,140530,9782,9777,33,9810,81
2021-04-28,Nevada,57,99092,4658,4570,193,4763,70
2021-04-28,Orange,59,3164182,253440,252747,11500,264247,4931
2021-04-28,Placer,61,380077,22591,22115,1474,23589,285
2021-04-28,Plumas,63,18699,686,676,11,687,4
2021-04-28,Riverside,65,2383286,289717,286868,14593,301461,4407
2021-04-28,Sacramento,67,1510023,103250,102613,1720,104333,1591
2021-04-28,San Benito,69,59416,6015,6021,116,6137,63
2021-04-28,San Bernardino,71,2135413,291033,290548,8967,299515,4582
2021-04-28,San Diego,73,3302833,277223,275821,0,275821,3698
2021-04-28,San Francisco,75,870044,36188,36382,1360,37742,534
2021-04-28,San Joaquin,77,732212,71734,71171,3617,74788,1301
2021-04-28,San Luis Obispo,79,281455,20952,20851,754,21605,255
2021-04-28,San Mateo,81,765935,41887,41498,467,41965,358
2021-04-28,Santa Barbara,83,443738,34200,34003,1235,35238,448
2021-04-28,Santa Clara,85,1922200,117051,117997,766,118763,1969
2021-04-28,Santa Cruz,87,273765,16041,15943,872,16815,205
2021-04-28,Shasta,89,179085,11814,11815,1506,13321,192
2021-04-28,Sierra,91,2930,54,51,14,65,0
2021-04-28,Siskiyou,93,43540,1732,1603,321,1924,11
2021-04-28,Solano,95,438530,32098,31982,502,32484,248
2021-04-28,Sonoma,97,501317,29642,29773,318,30091,318
2021-04-28,Stanislaus,99,539301,54913,54745,6045,60790,774
2021-04-28,Sutter,101,95872,9350,9343,86,9429,110
2021-04-28,Tehama,103,63373,4936,4930,585,5515,53
2021-04-28,Trinity,105,12862,365,326,58,384,3
2021-04-28,Tulare,107,460477,49182,48754,9309,58063,832
2021-04-28,Tuolumne,109,53932,4029,4029,36,4065,58
2021-04-28,Ventura,111,848112,80462,80172,3056,83228,1000
2021-04-28,Yolo,113,214977,13780,13721,296,14017,205
2021-04-28,Yuba,115,75493,5872,5857,123,5980,44
2021-04-27,Alameda,1,1643700,86529,86301,1988,88289,1260
2021-04-27,Alpine,3,1148,88,88,0,88,0
2021-04-27,Amador,5,37829,3648,3645,34,3679,46
2021-04-27,Butte,7,227075,12072,11738,1832,13570,196
2021-04-27,Calaveras,9,45235,2098,2076,13,2089,50
2021-04-27,Colusa,11,21464,1918,1926,300,2226,14
2021-04-27,Contra Costa,13,1133247,68025,67470,1276,68746,791
2021-04-27,Del Norte,15,27424,1283,1266,6,1272,6
2021-04-27,El Dorado,17,186661,9908,9866,733,10599,106
2021-04-27,Fresno,19,978130,100941,101138,8839,109977,1663
2021-04-27,Glenn,21,27897,2370,2368,556,2924,17
2021-04-27,Humboldt,23,135768,3827,3780,31,3811,35
2021-04-27,Imperial,25,180216,28163,28149,2863,31012,720
2021-04-27,Inyo,27,18085,1398,1396,2,1398,36
2021-04-27,Kern,29,883053,96026,95466,11036,106502,1295
2021-04-27,Kings,31,150075,22807,22759,1159,23918,244
2021-04-27,Lake,33,64148,3452,3431,9,3440,43
2021-04-27,Lassen,35,31185,5159,5137,110,5247,1
2021-04-27,Los Angeles,37,10098052,1196209,1191504,43372,1234876,23825
2021-04-27,Madera,39,155013,16413,16365,940,17305,235
2021-04-27,Marin,41,260295,13893,13855,245,14100,227
2021-04-27,Mariposa,43,17540,417,413,11,424,5
2021-04-27,Mendocino,45,87422,3822,3765,73,3838,46
2021-04-27,Merced,47,269075,30620,30620,987,31607,443
2021-04-27,Modoc,49,8938,367,360,122,482,3
2021-04-27,Mono,51,14174,1237,1257,12,1269,3
2021-04-27,Monterey,53,433212,42784,42752,1903,44655,379
2021-04-27,Napa,55,140530,9775,9774,33,9807,81
2021-04-27,Nevada,57,99092,4643,4557,193,4750,70
2021-04-27,Orange,59,3164182,253372,252667,11494,264161,4925
2021-04-27,Placer,61,380077,22560,22050,1471,23521,285
2021-04-27,Plumas,63,18699,685,675,11,686,4
2021-04-27,Riverside,65,2383286,289644,286820,14588,301408,4405
2021-04-27,Sacramento,67,1510023,103123,102595,1710,104305,1589
2021-04-27,San Benito,69,59416,6010,6016,116,6132,63
2021-04-27,San Bernardino,71,2135413,290963,290461,8962,299423,4575
2021-04-27,San Diego,73,3302833,277067,275685,0,275685,3692
2021-04-27,San Francisco,75,870044,36160,36358,1359,37717,533
2021-04-27,San Joaquin,77,732212,71681,71104,3612,74716,1301
2021-04-27,San Luis Obispo,79,281455,20945,20841,754,21595,255
2021-04-27,San Mateo,81,765935,41853,41474,466,41940,358
2021-04-27,Santa Barbara,83,443738,34176,33973,1234,35207,448
2021-04-27,Santa Clara,85,1922200,117001,117945,765,118710,1969
2021-04-27,Santa Cruz,87,273765,16034,15905,871,16776,205
2021-04-27,Shasta,89,179085,11787,11802,1499,13301,192
2021-04-27,Sierra,91,2930,54,51,14,65,0
2021-04-27,Siskiyou,93,43540,1717,1597,320,1917,11
2021-04-27,Solano,95,438530,32050,31964,501,32465,248
2021-04-27,Sonoma,97,501317,29623,29761,317,30078,318
2021-04-27,Stanislaus,99,539301,54843,54695,6037,60732,752
2021-04-27,Sutter,101,95872,9345,9342,86,9428,110
2021-04-27,Tehama,103,63373,4933,4922,581,5503,53
2021-04-27,Trinity,105,12862,365,326,58,384,3
2021-04-27,Tulare,107,460477,49166,48744,9299,58043,832
2021-04-27,Tuolumne,109,53932,4026,4028,36,4064,58
2021-04-27,Ventura,111,848112,80433,80152,3054,83206,1000
2021-04-27,Yolo,113,214977,13767,13697,294,13991,205
2021-04-27,Yuba,115,75493,5872,5853,123,5976,44
2021-04-26,Alameda,1,1643700,86438,86230,1984,88214,1256
2021-04-26,Alpine,3,1148,88,88,0,88,0
2021-04-26,Amador,5,37829,3647,3645,34,3679,46
2021-04-26,Butte,7,227075,12048,11720,1828,13548,196
2021-04-26,Calaveras,9,45235,2089,2074,13,2087,50
2021-04-26,Colusa,11,21464,1918,1925,299,2224,14
2021-04-26,Contra Costa,13,1133247,67957,67392,1272,68664,789
2021-04-26,Del Norte,15,27424,1274,1263,6,1269,6
2021-04-26,El Dorado,17,186661,9887,9849,732,10581,106
2021-04-26,Fresno,19,978130,100886,101099,8826,109925,1662
2021-04-26,Glenn,21,27897,2368,2367,556,2923,17
2021-04-26,Humboldt,23,135768,3817,3764,30,3794,35
2021-04-26,Imperial,25,180216,28150,28148,2860,31008,720
2021-04-26,Inyo,27,18085,1397,1396,2,1398,36
2021-04-26,Kern,29,883053,96000,95429,11029,106458,1295
2021-04-26,Kings,31,150075,22804,22756,1156,23912,244
2021-04-26,Lake,33,64148,3447,3428,9,3437,43
2021-04-26,Lassen,35,31185,5159,5138,110,5248,1
2021-04-26,Los Angeles,37,10098052,1195886,1191253,43351,1234604,23802
2021-04-26,Madera,39,155013,16401,16353,939,17292,231
2021-04-26,Marin,41,260295,13878,13849,245,14094,227
2021-04-26,Mariposa,43,17540,416,410,11,421,5
2021-04-26,Mendocino,45,87422,3820,3757,73,3830,46
2021-04-26,Merced,47,269075,30603,30611,984,31595,443
2021-04-26,Modoc,49,8938,367,360,122,482,3
2021-04-26,Mono,51,14174,1237,1258,12,1270,3
2021-04-26,Monterey,53,433212,42768,42740,1902,44642,379
2021-04-26,Napa,55,140530,9763,9769,33,9802,79
2021-04-26,Nevada,57,99092,4622,4548,193,4741,70
2021-04-26,Orange,59,3164182,253287,252592,11483,264075,4919
2021-04-26,Placer,61,380077,22531,22032,1466,23498,285
2021-04-26,Plumas,63,18699,685,670,11,681,4
2021-04-26,Riverside,65,2383286,289583,286724,14579,301303,4401
2021-04-26,Sacramento,67,1510023,102951,102459,1696,104155,1587
2021-04-26,San Benito,69,59416,6008,6013,116,6129,63
2021-04-26,San Bernardino,71,2135413,290913,290394,8960,299354,4572
2021-04-26,San Diego,73,3302833,276893,275541,0,275541,3692
2021-04-26,San Francisco,75,870044,36133,36330,1357,37687,532
2021-04-26,San Joaquin,77,732212,71615,71050,3604,74654,1301
2021-04-26,San Luis Obispo,79,281455,20937,20830,753,21583,255
2021-04-26,San Mateo,81,765935,41823,41457,466,41923,357
2021-04-26,Santa Barbara,83,443738,34145,33948,1234,35182,448
2021-04-26,Santa Clara,85,1922200,116902,117874,761,118635,1968
2021-04-26,Santa Cruz,87,273765,16025,15877,871,16748,205
2021-04-26,Shasta,89,179085,11770,11787,1492,13279,192
2021-04-26,Sierra,91,2930,53,51,14,65,0
2021-04-26,Siskiyou,93,43540,1707,1592,316,1908,11
2021-04-26,Solano,95,438530,32005,31913,499,32412,247
2021-04-26,Sonoma,97,501317,29600,29755,315,30070,318
2021-04-26,Stanislaus,99,539301,54753,54638,6031,60669,744
2021-04-26,Sutter,101,95872,9340,9328,86,9414,110
2021-04-26,Tehama,103,63373,4928,4920,578,5498,53
2021-04-26,Trinity,105,12862,365,326,58,384,3
2021-04-26,Tulare,107,460477,49146,48735,9290,58025,831
2021-04-26,Tuolumne,109,53932,4025,4024,36,4060,58
2021-04-26,Ventura,111,848112,80408,80137,3051,83188,999
2021-04-26,Yolo,113,214977,13747,13684,291,13975,205
2021-04-26,Yuba,115,75493,5870,5851,123,5974,44
2021-04-25,Alameda,1,1643700,86331,86162,1977,88139,1256
2021-04-25,Alpine,3,1148,88,87,0,87,0
2021-04-25,Amador,5,37829,3646,3643,34,3677,46
2021-04-25,Butte,7,227075,12019,11709,1821,13530,196
2021-04-25,Calaveras,9,45235,2083,2072,12,2084,50
2021-04-25,Colusa,11,21464,1917,1924,299,2223,14
2021-04-25,Contra Costa,13,1133247,67865,67316,1271,68587,789
2021-04-25,Del Norte,15,27424,1268,1259,6,1265,6
2021-04-25,El Dorado,17,186661,9871,9837,730,10567,106
2021-04-25,Fresno,19,978130,100828,101061,8814,109875,1662
2021-04-25,Glenn,21,27897,2368,2366,556,2922,17
2021-04-25,Humboldt,23,135768,3804,3751,30,3781,35
2021-04-25,Imperial,25,180216,28125,28136,2856,30992,720
2021-04-25,Inyo,27,18085,1397,1396,2,1398,36
2021-04-25,Kern,29,883053,95938,95398,11015,106413,1295
2021-04-25,Kings,31,150075,22790,22755,1154,23909,244
2021-04-25,Lake,33,64148,3445,3427,9,3436,43
2021-04-25,Lassen,35,31185,5157,5138,110,5248,1
2021-04-25,Los Angeles,37,10098052,1195555,1190970,43329,1234299,23799
2021-04-25,Madera,39,155013,16389,16346,939,17285,231
2021-04-25,Marin,41,260295,13869,13852,245,14097,227
2021-04-25,Mariposa,43,17540,416,410,11,421,5
2021-04-25,Mendocino,45,87422,3813,3757,73,3830,46
2021-04-25,Merced,47,269075,30568,30586,984,31570,443
2021-04-25,Modoc,49,8938,367,360,122,482,3
2021-04-25,Mono,51,14174,1237,1257,12,1269,3
2021-04-25,Monterey,53,433212,42755,42737,1900,44637,379
2021-04-25,Napa,55,140530,9758,9762,33,9795,79
2021-04-25,Nevada,57,99092,4610,4536,193,4729,70
2021-04-25,Orange,59,3164182,253209,252531,11476,264007,4919
2021-04-25,Placer,61,380077,22484,22011,1458,23469,285
2021-04-25,Plumas,63,18699,684,670,11,681,4
2021-04-25,Riverside,65,2383286,289490,286651,14573,301224,4401
2021-04-25,Sacramento,67,1510023,102782,102319,1686,104005,1587
2021-04-25,San Benito,69,59416,6006,6014,115,6129,63
2021-04-25,San Bernardino,71,2135413,290836,290357,8952,299309,4571
2021-04-25,San Diego,73,3302833,276680,275412,0,275412,3692
2021-04-25,San Francisco,75,870044,36103,36310,1357,37667,532
2021-04-25,San Joaquin,77,732212,71520,70987,3594,74581,1301
2021-04-25,San Luis Obispo,79,281455,20918,20820,751,21571,255
2021-04-25,San Mateo,81,765935,41789,41465,465,41930,356
2021-04-25,Santa Barbara,83,443738,34119,33931,1234,35165,448
2021-04-25,Santa Clara,85,1922200,116823,117778,759,118537,1968
2021-04-25,Santa Cruz,87,273765,16019,15868,869,16737,205
2021-04-25,Shasta,89,179085,11747,11784,1487,13271,192
2021-04-25,Sierra,91,2930,53,51,14,65,0
2021-04-25,Siskiyou,93,43540,1696,1580,314,1894,11
2021-04-25,Solano,95,438530,31958,31864,491,32355,247
2021-04-25,Sonoma,97,501317,29582,29756,315,30071,318
2021-04-25,Stanislaus,99,539301,54658,54543,6022,60565,744
2021-04-25,Sutter,101,95872,9334,9326,86,9412,110
2021-04-25,Tehama,103,63373,4924,4916,576,5492,53
2021-04-25,Trinity,105,12862,365,326,58,384,3
2021-04-25,Tulare,107,460477,49131,48728,9276,58004,831
2021-04-25,Tuolumne,109,53932,4023,4022,36,4058,58
2021-04-25,Ventura,111,848112,80384,80110,3051,83161,999
2021-04-25,Yolo,113,214977,13725,13667,289,13956,205
2021-04-25,Yuba,115,75493,5867,5849,122,5971,44
2021-04-24,Alameda,1,1643700,86277,86016,1975,87991,1257
2021-04-24,Alpine,3,1148,88,86,0,86,0
2021-04-24,Amador,5,37829,3645,3640,34,3674,46
2021-04-24,Butte,7,227075,12003,11678,1819,13497,196
2021-04-24,Calaveras,9,45235,2080,2067,12,2079,50
2021-04-24,Colusa,11,21464,1916,1921,299,2220,14
2021-04-24,Contra Costa,13,1133247,67796,67222,1269,68491,789
2021-04-24,Del Norte,15,27424,1263,1255,6,1261,6
2021-04-24,El Dorado,17,186661,9860,9814,729,10543,106
2021-04-24,Fresno,19,978130,100797,100991,8808,109799,1662
2021-04-24,Glenn,21,27897,2368,2363,556,2919,17
2021-04-24,Humboldt,23,135768,3790,3722,30,3752,35
2021-04-24,Imperial,25,180216,28118,28124,2855,30979,720
2021-04-24,Inyo,27,18085,1396,1396,2,1398,36
2021-04-24,Kern,29,883053,95920,95365,11004,106369,1295
2021-04-24,Kings,31,150075,22787,22749,1154,23903,244
2021-04-24,Lake,33,64148,3444,3426,9,3435,43
2021-04-24,Lassen,35,31185,5156,5137,110,5247,1
2021-04-24,Los Angeles,37,10098052,1195333,1190603,43309,1233912,23802
2021-04-24,Madera,39,155013,16386,16338,939,17277,231
2021-04-24,Marin,41,260295,13861,13847,245,14092,227
2021-04-24,Mariposa,43,17540,416,409,11,420,5
2021-04-24,Mendocino,45,87422,3811,3754,72,3826,46
2021-04-24,Merced,47,269075,30548,30559,984,31543,443
2021-04-24,Modoc,49,8938,367,360,122,482,3
2021-04-24,Mono,51,14174,1237,1256,12,1268,3
2021-04-24,Monterey,53,433212,42743,42727,1899,44626,379
2021-04-24,Napa,55,140530,9752,9756,33,9789,79
2021-04-24,Nevada,57,99092,4603,4522,193,4715,70
2021-04-24,Orange,59,3164182,253165,252441,11471,263912,4910
2021-04-24,Placer,61,380077,22472,21983,1457,23440,285
2021-04-24,Plumas,63,18699,683,670,11,681,4
2021-04-24,Riverside,65,2383286,289422,286552,14569,301121,4400
2021-04-24,Sacramento,67,1510023,102698,102179,1679,103858,1587
2021-04-24,San Benito,69,59416,6004,6007,115,6122,63
2021-04-24,San Bernardino,71,2135413,290787,290264,8950,299214,4568
2021-04-24,San Diego,73,3302833,276576,275252,0,275252,3688
2021-04-24,San Francisco,75,870044,36074,36285,1353,37638,532
2021-04-24,San Joaquin,77,732212,71477,70911,3590,74501,1301
2021-04-24,San Luis Obispo,79,281455,20908,20797,750,21547,255
2021-04-24,San Mateo,81,765935,41776,41424,463,41887,355
2021-04-24,Santa Barbara,83,443738,34104,33911,1233,35144,448
2021-04-24,Santa Clara,85,1922200,116768,117674,757,118431,1968
2021-04-24,Santa Cruz,87,273765,16011,15840,869,16709,205
2021-04-24,Shasta,89,179085,11729,11770,1484,13254,192
2021-04-24,Sierra,91,2930,53,51,14,65,0
2021-04-24,Siskiyou,93,43540,1686,1574,313,1887,11
2021-04-24,Solano,95,438530,31935,31821,489,32310,247
2021-04-24,Sonoma,97,501317,29580,29739,315,30054,318
2021-04-24,Stanislaus,99,539301,54609,54455,6019,60474,744
2021-04-24,Sutter,101,95872,9331,9316,86,9402,110
2021-04-24,Tehama,103,63373,4919,4907,576,5483,53
2021-04-24,Trinity,105,12862,365,326,58,384,3
2021-04-24,Tulare,107,460477,49120,48705,9266,57971,830
2021-04-24,Tuolumne,109,53932,4019,4020,36,4056,58
2021-04-24,Ventura,111,848112,80371,80097,3049,83146,999
2021-04-24,Yolo,113,214977,13714,13653,289,13942,205
2021-04-24,Yuba,115,75493,5865,5837,122,5959,44
2021-04-23,Alameda,1,1643700,86206,85935,1973,87908,1256
2021-04-23,Alpine,3,1148,87,86,0,86,0
2021-04-23,Amador,5,37829,3644,3637,34,3671,46
2021-04-23,Butte,7,227075,11982,11672,1814,13486,196
2021-04-23,Calaveras,9,45235,2078,2064,12,2076,50
2021-04-23,Colusa,11,21464,1915,1921,299,2220,14
2021-04-23,Contra Costa,13,1133247,67742,67164,1265,68429,785
2021-04-23,Del Norte,15,27424,1262,1254,6,1260,6
2021-04-23,El Dorado,17,186661,9843,9788,726,10514,106
2021-04-23,Fresno,19,978130,100757,100928,8801,109729,1662
2021-04-23,Glenn,21,27897,2368,2361,555,2916,17
2021-04-23,Humboldt,23,135768,3779,3698,30,3728,35
2021-04-23,Imperial,25,180216,28103,28108,2854,30962,720
2021-04-23,Inyo,27,18085,1396,1395,2,1397,36
2021-04-23,Kern,29,883053,95895,95330,10999,106329,1295
2021-04-23,Kings,31,150075,22784,22735,1154,23889,244
2021-04-23,Lake,33,64148,3442,3425,9,3434,43
2021-04-23,Lassen,35,31185,5156,5141,110,5251,1
2021-04-23,Los Angeles,37,10098052,1195071,1190264,43283,1233547,23785
2021-04-23,Madera,39,155013,16377,16328,939,17267,231
2021-04-23,Marin,41,260295,13856,13838,245,14083,227
2021-04-23,Mariposa,43,17540,415,405,11,416,5
2021-04-23,Mendocino,45,87422,3809,3745,71,3816,46
2021-04-23,Merced,47,269075,30530,30530,984,31514,443
2021-04-23,Modoc,49,8938,367,360,122,482,3
2021-04-23,Mono,51,14174,1235,1256,12,1268,3
2021-04-23,Monterey,53,433212,42737,42722,1899,44621,377
2021-04-23,Napa,55,140530,9746,9752,33,9785,79
2021-04-23,Nevada,57,99092,4594,4510,193,4703,70
2021-04-23,Orange,59,3164182,253122,252399,11464,263863,4904
2021-04-23,Placer,61,380077,22449,21959,1456,23415,282
2021-04-23,Plumas,63,18699,682,670,11,681,4
2021-04-23,Riverside,65,2383286,289365,286456,14564,301020,4399
2021-04-23,Sacramento,67,1510023,102611,102041,1676,103717,1586
2021-04-23,San Benito,69,59416,6002,6005,115,6120,63
2021-04-23,San Bernardino,71,2135413,290738,290189,8948,299137,4568
2021-04-23,San Diego,73,3302833,276437,275097,0,275097,3684
2021-04-23,San Francisco,75,870044,36057,36252,1352,37604,532
2021-04-23,San Joaquin,77,732212,71421,70840,3587,74427,1295
2021-04-23,San Luis Obispo,79,281455,20899,20781,749,21530,255
2021-04-23,San Mateo,81,765935,41749,41386,463,41849,355
2021-04-23,Santa Barbara,83,443738,34094,33895,1231,35126,447
2021-04-23,Santa Clara,85,1922200,116707,117593,756,118349,1965
2021-04-23,Santa Cruz,87,273765,16004,15802,869,16671,205
2021-04-23,Shasta,89,179085,11722,11759,1483,13242,192
2021-04-23,Sierra,91,2930,53,51,14,65,0
2021-04-23,Siskiyou,93,43540,1674,1567,311,1878,11
2021-04-23,Solano,95,438530,31903,31784,485,32269,247
2021-04-23,Sonoma,97,501317,29567,29727,315,30042,318
2021-04-23,Stanislaus,99,539301,54546,54391,6011,60402,744
2021-04-23,Sutter,101,95872,9329,9312,86,9398,110
2021-04-23,Tehama,103,63373,4916,4906,576,5482,53
2021-04-23,Trinity,105,12862,365,326,58,384,3
2021-04-23,Tulare,107,460477,49103,48694,9258,57952,829
2021-04-23,Tuolumne,109,53932,4018,4020,36,4056,58
2021-04-23,Ventura,111,848112,80352,80095,3049,83144,996
2021-04-23,Yolo,113,214977,13703,13647,288,13935,205
2021-04-23,Yuba,115,75493,5862,5828,122,5950,44
2021-04-22,Alameda,1,1643700,86114,85829,1972,87801,1253
2021-04-22,Alpine,3,1148,87,86,0,86,0
2021-04-22,Amador,5,37829,3643,3633,34,3667,46
2021-04-22,Butte,7,227075,11968,11656,1811,13467,196
2021-04-22,Calaveras,9,45235,2076,2059,12,2071,50
2021-04-22,Colusa,11,21464,1913,1920,297,2217,14
2021-04-22,Contra Costa,13,1133247,67671,67029,1259,68288,782
2021-04-22,Del Norte,15,27424,1257,1252,6,1258,6
2021-04-22,El Dorado,17,186661,9832,9773,723,10496,106
2021-04-22,Fresno,19,978130,100713,100864,8791,109655,1657
2021-04-22,Glenn,21,27897,2367,2361,555,2916,17
2021-04-22,Humboldt,23,135768,3770,3680,30,3710,35
2021-04-22,Imperial,25,180216,28081,28096,2851,30947,720
2021-04-22,Inyo,27,18085,1395,1394,2,1396,36
2021-04-22,Kern,29,883053,95853,95292,10984,106276,1299
2021-04-22,Kings,31,150075,22774,22725,1154,23879,243
2021-04-22,Lake,33,64148,3440,3423,9,3432,43
2021-04-22,Lassen,35,31185,5156,5155,110,5265,1
2021-04-22,Los Angeles,37,10098052,1194754,1189878,43260,1233138,23762
2021-04-22,Madera,39,155013,16358,16316,939,17255,231
2021-04-22,Marin,41,260295,13848,13832,245,14077,227
2021-04-22,Mariposa,43,17540,414,403,11,414,5
2021-04-22,Mendocino,45,87422,3803,3729,71,3800,46
2021-04-22,Merced,47,269075,30495,30490,983,31473,443
2021-04-22,Modoc,49,8938,367,360,122,482,3
2021-04-22,Mono,51,14174,1235,1254,12,1266,3
2021-04-22,Monterey,53,433212,42730,42708,1897,44605,377
2021-04-22,Napa,55,140530,9736,9734,33,9767,79
2021-04-22,Nevada,57,99092,4585,4504,191,4695,70
2021-04-22,Orange,59,3164182,253051,252307,11452,263759,4898
2021-04-22,Placer,61,380077,22419,21916,1452,23368,282
2021-04-22,Plumas,63,18699,681,670,11,681,4
2021-04-22,Riverside,65,2383286,289270,286362,14555,300917,4398
2021-04-22,Sacramento,67,1510023,102462,101870,1666,103536,1585
2021-04-22,San Benito,69,59416,5998,5998,115,6113,63
2021-04-22,San Bernardino,71,2135413,290665,290125,8940,299065,4571
2021-04-22,San Diego,73,3302833,276271,275913,0,275913,3684
2021-04-22,San Francisco,75,870044,36035,36218,1349,37567,532
2021-04-22,San Joaquin,77,732212,71362,70751,3581,74332,1295
2021-04-22,San Luis Obispo,79,281455,20885,20761,749,21510,255
2021-04-22,San Mateo,81,765935,41722,41345,461,41806,355
2021-04-22,Santa Barbara,83,443738,34071,33870,1230,35100,446
2021-04-22,Santa Clara,85,1922200,116619,117457,752,118209,1954
2021-04-22,Santa Cruz,87,273765,16001,15737,868,16605,205
2021-04-22,Shasta,89,179085,11707,11738,1480,13218,192
2021-04-22,Sierra,91,2930,53,51,14,65,0
2021-04-22,Siskiyou,93,43540,1670,1564,310,1874,11
2021-04-22,Solano,95,438530,31857,31731,482,32213,247
2021-04-22,Sonoma,97,501317,29553,29705,311,30016,318
2021-04-22,Stanislaus,99,539301,54473,54313,6005,60318,744
2021-04-22,Sutter,101,95872,9325,9302,86,9388,110
2021-04-22,Tehama,103,63373,4910,4896,572,5468,53
2021-04-22,Trinity,105,12862,365,326,58,384,3
2021-04-22,Tulare,107,460477,49084,48669,9248,57917,828
2021-04-22,Tuolumne,109,53932,4014,4020,36,4056,58
2021-04-22,Ventura,111,848112,80327,80073,3047,83120,996
2021-04-22,Yolo,113,214977,13682,13616,288,13904,205
2021-04-22,Yuba,115,75493,5851,5825,122,5947,44
2021-04-21,Alameda,1,1643700,86032,85762,1970,87732,1249
2021-04-21,Alpine,3,1148,87,86,0,86,0
2021-04-21,Amador,5,37829,3640,3632,34,3666,46
2021-04-21,Butte,7,227075,11948,11643,1809,13452,196
2021-04-21,Calaveras,9,45235,2065,2057,12,2069,50
2021-04-21,Colusa,11,21464,1911,1920,296,2216,14
2021-04-21,Contra Costa,13,1133247,67605,66981,1258,68239,782
2021-04-21,Del Norte,15,27424,1253,1252,6,1258,6
2021-04-21,El Dorado,17,186661,9815,9760,721,10481,106
2021-04-21,Fresno,19,978130,100657,100838,8785,109623,1654
2021-04-21,Glenn,21,27897,2366,2361,555,2916,17
2021-04-21,Humboldt,23,135768,3750,3642,30,3672,35
2021-04-21,Imperial,25,180216,28069,28052,2850,30902,719
2021-04-21,Inyo,27,18085,1395,1392,2,1394,36
2021-04-21,Kern,29,883053,95809,95257,10974,106231,1297
2021-04-21,Kings,31,150075,22767,22713,1153,23866,243
2021-04-21,Lake,33,64148,3437,3421,9,3430,43
2021-04-21,Lassen,35,31185,5155,5156,110,5266,1
2021-04-21,Los Angeles,37,10098052,1194418,1189530,43236,1232766,23729
2021-04-21,Madera,39,155013,16353,16309,939,17248,231
2021-04-21,Marin,41,260295,13833,13822,245,14067,227
2021-04-21,Mariposa,43,17540,413,402,11,413,5
2021-04-21,Mendocino,45,87422,3801,3729,71,3800,46
2021-04-21,Merced,47,269075,30474,30471,982,31453,442
2021-04-21,Modoc,49,8938,367,360,122,482,3
2021-04-21,Mono,51,14174,1235,1254,12,1266,3
2021-04-21,Monterey,53,433212,42715,42699,1895,44594,377
2021-04-21,Napa,55,140530,9730,9727,33,9760,79
2021-04-21,Nevada,57,99092,4571,4499,191,4690,70
2021-04-21,Orange,59,3164182,252976,252243,11439,263682,4889
2021-04-21,Placer,61,380077,22389,21896,1447,23343,282
2021-04-21,Plumas,63,18699,681,670,11,681,4
2021-04-21,Riverside,65,2383286,289175,286299,14548,300847,4388
2021-04-21,Sacramento,67,1510023,102336,101803,1660,103463,1579
2021-04-21,San Benito,69,59416,5995,5998,115,6113,63
2021-04-21,San Bernardino,71,2135413,290590,290049,8938,298987,4572
2021-04-21,San Diego,73,3302833,276063,275632,0,275632,3681
2021-04-21,San Francisco,75,870044,36015,36194,1348,37542,529
2021-04-21,San Joaquin,77,732212,71308,70687,3570,74257,1295
2021-04-21,San Luis Obispo,79,281455,20870,20724,748,21472,255
2021-04-21,San Mateo,81,765935,41691,41318,460,41778,355
2021-04-21,Santa Barbara,83,443738,34052,33830,1229,35059,445
2021-04-21,Santa Clara,85,1922200,116543,117318,746,118064,1946
2021-04-21,Santa Cruz,87,273765,15992,15698,868,16566,204
2021-04-21,Shasta,89,179085,11688,11722,1478,13200,192
2021-04-21,Sierra,91,2930,53,51,14,65,0
2021-04-21,Siskiyou,93,43540,1663,1557,310,1867,11
2021-04-21,Solano,95,438530,31818,31712,481,32193,244
2021-04-21,Sonoma,97,501317,29541,29697,309,30006,318
2021-04-21,Stanislaus,99,539301,54412,54290,5999,60289,742
2021-04-21,Sutter,101,95872,9317,9297,86,9383,110
2021-04-21,Tehama,103,63373,4903,4893,571,5464,53
2021-04-21,Trinity,105,12862,365,326,58,384,3
2021-04-21,Tulare,107,460477,49069,48653,9235,57888,828
2021-04-21,Tuolumne,109,53932,4011,4019,36,4055,58
2021-04-21,Ventura,111,848112,80295,80039,3044,83083,996
2021-04-21,Yolo,113,214977,13662,13606,287,13893,200
2021-04-21,Yuba,115,75493,5844,5822,121,5943,44
2021-04-20,Alameda,1,1643700,85938,85652,1968,87620,1248
2021-04-20,Alpine,3,1148,86,85,0,85,0
2021-04-20,Amador,5,37829,3639,3631,34,3665,46
2021-04-20,Butte,7,227075,11930,11619,1807,13426,196
2021-04-20,Calaveras,9,45235,2063,2053,12,2065,50
2021-04-20,Colusa,11,21464,1911,1915,295,2210,14
2021-04-20,Contra Costa,13,1133247,67521,66889,1255,68144,782
2021-04-20,Del Norte,15,27424,1252,1250,6,1256,6
2021-04-20,El Dorado,17,186661,9787,9743,719,10462,106
2021-04-20,Fresno,19,978130,100599,100768,8775,109543,1650
2021-04-20,Glenn,21,27897,2364,2359,554,2913,17
2021-04-20,Humboldt,23,135768,3729,3612,30,3642,35
2021-04-20,Imperial,25,180216,28050,28024,2847,30871,719
2021-04-20,Inyo,27,18085,1395,1393,2,1395,36
2021-04-20,Kern,29,883053,95773,95223,10957,106180,1295
2021-04-20,Kings,31,150075,22761,22693,1150,23843,243
2021-04-20,Lake,33,64148,3435,3418,9,3427,43
2021-04-20,Lassen,35,31185,5155,5155,110,5265,1
2021-04-20,Los Angeles,37,10098052,1194075,1189256,43206,1232462,23694
2021-04-20,Madera,39,155013,16347,16301,939,17240,231
2021-04-20,Marin,41,260295,13819,13807,245,14052,227
2021-04-20,Mariposa,43,17540,412,402,11,413,5
2021-04-20,Mendocino,45,87422,3800,3726,71,3797,46
2021-04-20,Merced,47,269075,30446,30439,982,31421,441
2021-04-20,Modoc,49,8938,367,359,122,481,3
2021-04-20,Mono,51,14174,1234,1254,12,1266,3
2021-04-20,Monterey,53,433212,42704,42663,1892,44555,363
2021-04-20,Napa,55,140530,9726,9711,33,9744,79
2021-04-20,Nevada,57,99092,4554,4485,190,4675,70
2021-04-20,Orange,59,3164182,252887,252134,11428,263562,4887
2021-04-20,Placer,61,380077,22355,21846,1443,23289,282
2021-04-20,Plumas,63,18699,680,670,11,681,4
2021-04-20,Riverside,65,2383286,289082,286194,14542,300736,4388
2021-04-20,Sacramento,67,1510023,102198,101629,1652,103281,1574
2021-04-20,San Benito,69,59416,5992,5988,115,6103,63
2021-04-20,San Bernardino,71,2135413,290509,289905,8935,298840,4569
2021-04-20,San Diego,73,3302833,275833,275369,0,275369,3674
2021-04-20,San Francisco,75,870044,35996,36117,1347,37464,529
2021-04-20,San Joaquin,77,732212,71235,70590,3561,74151,1289
2021-04-20,San Luis Obispo,79,281455,20847,20691,740,21431,254
2021-04-20,San Mateo,81,765935,41660,41251,460,41711,355
2021-04-20,Santa Barbara,83,443738,34034,33803,1229,35032,445
2021-04-20,Santa Clara,85,1922200,116446,117228,741,117969,1944
2021-04-20,Santa Cruz,87,273765,15980,15647,868,16515,204
2021-04-20,Shasta,89,179085,11672,11677,1475,13152,189
2021-04-20,Sierra,91,2930,53,51,14,65,0
2021-04-20,Siskiyou,93,43540,1655,1551,309,1860,10
2021-04-20,Solano,95,438530,31763,31673,477,32150,243
2021-04-20,Sonoma,97,501317,29531,29676,307,29983,311
2021-04-20,Stanislaus,99,539301,54347,54236,5986,60222,735
2021-04-20,Sutter,101,95872,9313,9279,86,9365,109
2021-04-20,Tehama,103,63373,4898,4887,570,5457,52
2021-04-20,Trinity,105,12862,365,326,58,384,3
2021-04-20,Tulare,107,460477,49049,48650,9224,57874,831
2021-04-20,Tuolumne,109,53932,4011,4014,36,4050,58
2021-04-20,Ventura,111,848112,80267,80018,3042,83060,995
2021-04-20,Yolo,113,214977,13643,13581,285,13866,200
2021-04-20,Yuba,115,75493,5834,5814,121,5935,44
2021-04-19,Alameda,1,1643700,85816,85583,1965,87548,1247
2021-04-19,Alpine,3,1148,86,85,0,85,0
2021-04-19,Amador,5,37829,3638,3629,34,3663,46
2021-04-19,Butte,7,227075,11911,11601,1802,13403,196
2021-04-19,Calaveras,9,45235,2060,2050,12,2062,50
2021-04-19,Colusa,11,21464,1911,1913,294,2207,14
2021-04-19,Contra Costa,13,1133247,67444,66833,1252,68085,782
2021-04-19,Del Norte,15,27424,1250,1247,6,1253,6
2021-04-19,El Dorado,17,186661,9771,9726,714,10440,106
2021-04-19,Fresno,19,978130,100531,100702,8763,109465,1646
2021-04-19,Glenn,21,27897,2364,2358,553,2911,17
2021-04-19,Humboldt,23,135768,3709,3602,28,3630,35
2021-04-19,Imperial,25,180216,28029,27995,2847,30842,719
2021-04-19,Inyo,27,18085,1395,1392,2,1394,36
2021-04-19,Kern,29,883053,95744,95162,10942,106104,1290
2021-04-19,Kings,31,150075,22745,22688,1150,23838,243
2021-04-19,Lake,33,64148,3434,3416,9,3425,43
2021-04-19,Lassen,35,31185,5154,5156,110,5266,1
2021-04-19,Los Angeles,37,10098052,1193699,1188945,43179,1232124,23666
2021-04-19,Madera,39,155013,16336,16289,938,17227,231
2021-04-19,Marin,41,260295,13808,13804,244,14048,226
2021-04-19,Mariposa,43,17540,411,401,11,412,5
2021-04-19,Mendocino,45,87422,3798,3722,71,3793,46
2021-04-19,Merced,47,269075,30417,30422,981,31403,441
2021-04-19,Modoc,49,8938,367,359,122,481,3
2021-04-19,Mono,51,14174,1233,1254,12,1266,3
2021-04-19,Monterey,53,433212,42691,42642,1887,44529,356
2021-04-19,Napa,55,140530,9718,9680,33,9713,79
2021-04-19,Nevada,57,99092,4538,4477,190,4667,70
2021-04-19,Orange,59,3164182,252769,252013,11414,263427,4883
2021-04-19,Placer,61,380077,22332,21814,1439,23253,282
2021-04-19,Plumas,63,18699,680,665,11,676,4
2021-04-19,Riverside,65,2383286,288991,286087,14532,300619,4371
2021-04-19,Sacramento,67,1510023,102065,101482,1640,103122,1572
2021-04-19,San Benito,69,59416,5984,5989,115,6104,63
2021-04-19,San Bernardino,71,2135413,290425,289738,8929,298667,4561
2021-04-19,San Diego,73,3302833,275585,275113,0,275113,3674
2021-04-19,San Francisco,75,870044,35961,36094,1344,37438,529
2021-04-19,San Joaquin,77,732212,71156,70514,3553,74067,1289
2021-04-19,San Luis Obispo,79,281455,20821,20669,734,21403,254
2021-04-19,San Mateo,81,765935,41627,41226,459,41685,355
2021-04-19,Santa Barbara,83,443738,34020,33786,1229,35015,446
2021-04-19,Santa Clara,85,1922200,116335,117099,737,117836,1944
2021-04-19,Santa Cruz,87,273765,15968,15600,868,16468,204
2021-04-19,Shasta,89,179085,11657,11662,1467,13129,189
2021-04-19,Sierra,91,2930,53,51,14,65,0
2021-04-19,Siskiyou,93,43540,1645,1544,309,1853,10
2021-04-19,Solano,95,438530,31725,31643,472,32115,239
2021-04-19,Sonoma,97,501317,29512,29667,307,29974,311
2021-04-19,Stanislaus,99,539301,54271,54179,5982,60161,728
2021-04-19,Sutter,101,95872,9302,9269,86,9355,109
2021-04-19,Tehama,103,63373,4893,4878,570,5448,52
2021-04-19,Trinity,105,12862,365,326,58,384,3
2021-04-19,Tulare,107,460477,49033,48630,9211,57841,831
2021-04-19,Tuolumne,109,53932,4010,4010,36,4046,58
2021-04-19,Ventura,111,848112,80241,80000,3040,83040,996
2021-04-19,Yolo,113,214977,13631,13572,282,13854,200
2021-04-19,Yuba,115,75493,5827,5804,120,5924,44
2021-04-18,Alameda,1,1643700,85702,85481,1958,87439,1247
2021-04-18,Alpine,3,1148,86,85,0,85,0
2021-04-18,Amador,5,37829,3635,3627,34,3661,46
2021-04-18,Butte,7,227075,11893,11591,1797,13388,196
2021-04-18,Calaveras,9,45235,2056,2047,12,2059,50
2021-04-18,Colusa,11,21464,1907,1912,293,2205,14
2021-04-18,Contra Costa,13,1133247,67340,66750,1247,67997,782
2021-04-18,Del Norte,15,27424,1250,1240,6,1246,6
2021-04-18,El Dorado,17,186661,9748,9710,712,10422,106
2021-04-18,Fresno,19,978130,100474,100621,8757,109378,1646
2021-04-18,Glenn,21,27897,2359,2358,553,2911,17
2021-04-18,Humboldt,23,135768,3681,3590,28,3618,35
2021-04-18,Imperial,25,180216,28014,27991,2842,30833,719
2021-04-18,Inyo,27,18085,1394,1392,2,1394,36
2021-04-18,Kern,29,883053,95711,95129,10925,106054,1290
2021-04-18,Kings,31,150075,22736,22685,1150,23835,243
2021-04-18,Lake,33,64148,3433,3413,9,3422,43
2021-04-18,Lassen,35,31185,5151,5156,110,5266,1
2021-04-18,Los Angeles,37,10098052,1193247,1188620,43153,1231773,23648
2021-04-18,Madera,39,155013,16325,16277,937,17214,231
2021-04-18,Marin,41,260295,13801,13801,243,14044,226
2021-04-18,Mariposa,43,17540,410,400,10,410,5
2021-04-18,Mendocino,45,87422,3795,3722,71,3793,46
2021-04-18,Merced,47,269075,30380,30405,979,31384,441
2021-04-18,Modoc,49,8938,367,359,122,481,3
2021-04-18,Mono,51,14174,1233,1254,12,1266,3
2021-04-18,Monterey,53,433212,42679,42638,1886,44524,356
2021-04-18,Napa,55,140530,9702,9674,33,9707,79
2021-04-18,Nevada,57,99092,4523,4464,190,4654,70
2021-04-18,Orange,59,3164182,252654,251940,11406,263346,4883
2021-04-18,Placer,61,380077,22289,21783,1432,23215,282
2021-04-18,Plumas,63,18699,679,665,11,676,4
2021-04-18,Riverside,65,2383286,288902,286043,14527,300570,4371
2021-04-18,Sacramento,67,1510023,101889,101354,1634,102988,1572
2021-04-18,San Benito,69,59416,5982,5989,115,6104,63
2021-04-18,San Bernardino,71,2135413,290334,289691,8920,298611,4556
2021-04-18,San Diego,73,3302833,275306,274961,0,274961,3674
2021-04-18,San Francisco,75,870044,35926,36073,1340,37413,525
2021-04-18,San Joaquin,77,732212,71075,70466,3544,74010,1289
2021-04-18,San Luis Obispo,79,281455,20800,20656,727,21383,254
2021-04-18,San Mateo,81,765935,41598,41201,458,41659,352
2021-04-18,Santa Barbara,83,443738,33986,33769,1228,34997,446
2021-04-18,Santa Clara,85,1922200,116208,116996,722,117718,1944
2021-04-18,Santa Cruz,87,273765,15958,15580,867,16447,204
2021-04-18,Shasta,89,179085,11636,11658,1464,13122,189
2021-04-18,Sierra,91,2930,53,51,14,65,0
2021-04-18,Siskiyou,93,43540,1634,1538,307,1845,10
2021-04-18,Solano,95,438530,31675,31606,471,32077,239
2021-04-18,Sonoma,97,501317,29496,29660,305,29965,311
2021-04-18,Stanislaus,99,539301,54191,54132,5973,60105,728
2021-04-18,Sutter,101,95872,9288,9261,86,9347,109
2021-04-18,Tehama,103,63373,4884,4877,569,5446,52
2021-04-18,Trinity,105,12862,365,326,58,384,3
2021-04-18,Tulare,107,460477,49021,48618,9205,57823,829
2021-04-18,Tuolumne,109,53932,4009,4008,35,4043,58
2021-04-18,Ventura,111,848112,80211,79984,3036,83020,996
2021-04-18,Yolo,113,214977,13619,13562,280,13842,200
2021-04-18,Yuba,115,75493,5820,5804,120,5924,44
2021-04-17,Alameda,1,1643700,85629,85367,1954,87321,1247
2021-04-17,Alpine,3,1148,86,85,0,85,0
2021-04-17,Amador,5,37829,3633,3625,34,3659,46
2021-04-17,Butte,7,227075,11873,11573,1793,13366,196
2021-04-17,Calaveras,9,45235,2053,2045,12,2057,50
2021-04-17,Colusa,11,21464,1907,1912,293,2205,14
2021-04-17,Contra Costa,13,1133247,67292,66657,1239,67896,782
2021-04-17,Del Norte,15,27424,1250,1238,6,1244,6
2021-04-17,El Dorado,17,186661,9733,9692,709,10401,106
2021-04-17,Fresno,19,978130,100442,100562,8750,109312,1646
2021-04-17,Glenn,21,27897,2359,2357,553,2910,17
2021-04-17,Humboldt,23,135768,3658,3579,28,3607,35
2021-04-17,Imperial,25,180216,28003,27987,2841,30828,719
2021-04-17,Inyo,27,18085,1391,1392,2,1394,36
2021-04-17,Kern,29,883053,95693,95102,10922,106024,1290
2021-04-17,Kings,31,150075,22731,22678,1149,23827,243
2021-04-17,Lake,33,64148,3432,3409,9,3418,43
2021-04-17,Lassen,35,31185,5151,5154,110,5264,1
2021-04-17,Los Angeles,37,10098052,1192992,1188262,43120,1231382,23653
2021-04-17,Madera,39,155013,16321,16260,936,17196,231
2021-04-17,Marin,41,260295,13797,13797,242,14039,226
2021-04-17,Mariposa,43,17540,409,398,10,408,5
2021-04-17,Mendocino,45,87422,3792,3721,71,3792,46
2021-04-17,Merced,47,269075,30365,30392,977,31369,441
2021-04-17,Modoc,49,8938,367,357,122,479,3
2021-04-17,Mono,51,14174,1233,1253,12,1265,3
2021-04-17,Monterey,53,433212,42670,42630,1884,44514,356
2021-04-17,Napa,55,140530,9698,9666,33,9699,79
2021-04-17,Nevada,57,99092,4515,4457,190,4647,70
2021-04-17,Orange,59,3164182,252585,251873,11394,263267,4878
2021-04-17,Placer,61,380077,22267,21736,1427,23163,282
2021-04-17,Plumas,63,18699,678,666,11,677,4
2021-04-17,Riverside,65,2383286,288833,285963,14519,300482,4371
2021-04-17,Sacramento,67,1510023,101779,101172,1622,102794,1572
2021-04-17,San Benito,69,59416,5976,5986,115,6101,63
2021-04-17,San Bernardino,71,2135413,290281,289624,8917,298541,4555
2021-04-17,San Diego,73,3302833,275159,274812,0,274812,3674
2021-04-17,San Francisco,75,870044,35905,36032,1337,37369,523
2021-04-17,San Joaquin,77,732212,71036,70372,3533,73905,1288
2021-04-17,San Luis Obispo,79,281455,20789,20642,722,21364,254
2021-04-17,San Mateo,81,765935,41575,41157,458,41615,352
2021-04-17,Santa Barbara,83,443738,33955,33738,1226,34964,446
2021-04-17,Santa Clara,85,1922200,116117,116887,719,117606,1944
2021-04-17,Santa Cruz,87,273765,15952,15571,867,16438,204
2021-04-17,Shasta,89,179085,11621,11647,1463,13110,189
2021-04-17,Sierra,91,2930,53,51,14,65,0
2021-04-17,Siskiyou,93,43540,1629,1539,306,1845,10
2021-04-17,Solano,95,438530,31644,31541,468,32009,239
2021-04-17,Sonoma,97,501317,29489,29637,305,29942,311
2021-04-17,Stanislaus,99,539301,54154,54058,5968,60026,728
2021-04-17,Sutter,101,95872,9282,9252,86,9338,109
2021-04-17,Tehama,103,63373,4878,4875,568,5443,52
2021-04-17,Trinity,105,12862,365,326,58,384,3
2021-04-17,Tulare,107,460477,49009,48603,9201,57804,829
2021-04-17,Tuolumne,109,53932,4007,4005,35,4040,58
2021-04-17,Ventura,111,848112,80191,79964,3036,83000,996
2021-04-17,Yolo,113,214977,13609,13580,280,13860,200
2021-04-17,Yuba,115,75493,5815,5802,119,5921,44
2021-04-16,Alameda,1,1643700,85549,85243,1952,87195,1245
2021-04-16,Alpine,3,1148,86,85,0,85,0
2021-04-16,Amador,5,37829,3628,3621,34,3655,46
2021-04-16,Butte,7,227075,11861,11549,1791,13340,196
2021-04-16,Calaveras,9,45235,2051,2042,12,2054,50
2021-04-16,Colusa,11,21464,1905,1911,293,2204,14
2021-04-16,Contra Costa,13,1133247,67237,66569,1236,67805,782
2021-04-16,Del Norte,15,27424,1249,1237,6,1243,6
2021-04-16,El Dorado,17,186661,9713,9665,705,10370,106
2021-04-16,Fresno,19,978130,100393,100500,8743,109243,1643
2021-04-16,Glenn,21,27897,2359,2355,553,2908,17
2021-04-16,Humboldt,23,135768,3637,3570,27,3597,35
2021-04-16,Imperial,25,180216,27993,27962,2840,30802,719
2021-04-16,Inyo,27,18085,1391,1392,2,1394,36
2021-04-16,Kern,29,883053,95664,95066,10919,105985,1288
2021-04-16,Kings,31,150075,22728,22667,1147,23814,243
2021-04-16,Lake,33,64148,3426,3406,9,3415,43
2021-04-16,Lassen,35,31185,5150,5155,110,5265,1
2021-04-16,Los Angeles,37,10098052,1192694,1187818,43081,1230899,23627
2021-04-16,Madera,39,155013,16316,16250,934,17184,231
2021-04-16,Marin,41,260295,13794,13788,242,14030,226
2021-04-16,Mariposa,43,17540,408,396,9,405,5
2021-04-16,Mendocino,45,87422,3790,3719,71,3790,46
2021-04-16,Merced,47,269075,30350,30355,977,31332,438
2021-04-16,Modoc,49,8938,367,355,122,477,3
2021-04-16,Mono,51,14174,1233,1253,12,1265,3
2021-04-16,Monterey,53,433212,42659,42620,1882,44502,351
2021-04-16,Napa,55,140530,9690,9653,33,9686,79
2021-04-16,Nevada,57,99092,4506,4443,190,4633,70
2021-04-16,Orange,59,3164182,252522,251770,11385,263155,4873
2021-04-16,Placer,61,380077,22239,21680,1421,23101,282
2021-04-16,Plumas,63,18699,677,665,11,676,4
2021-04-16,Riverside,65,2383286,288757,285818,14517,300335,4369
2021-04-16,Sacramento,67,1510023,101680,100993,1617,102610,1572
2021-04-16,San Benito,69,59416,5974,5982,115,6097,63
2021-04-16,San Bernardino,71,2135413,290232,289424,8915,298339,4550
2021-04-16,San Diego,73,3302833,275005,274567,0,274567,3662
2021-04-16,San Francisco,75,870044,35880,35993,1333,37326,517
2021-04-16,San Joaquin,77,732212,70970,70280,3524,73804,1288
2021-04-16,San Luis Obispo,79,281455,20777,20623,721,21344,253
2021-04-16,San Mateo,81,765935,41545,41107,457,41564,352
2021-04-16,Santa Barbara,83,443738,33937,33703,1226,34929,446
2021-04-16,Santa Clara,85,1922200,116017,116693,716,117409,1941
2021-04-16,Santa Cruz,87,273765,15950,15539,867,16406,204
2021-04-16,Shasta,89,179085,11609,11623,1461,13084,189
2021-04-16,Sierra,91,2930,53,51,14,65,0
2021-04-16,Siskiyou,93,43540,1625,1530,304,1834,10
2021-04-16,Solano,95,438530,31605,31470,465,31935,239
2021-04-16,Sonoma,97,501317,29478,29617,305,29922,311
2021-04-16,Stanislaus,99,539301,54106,53983,5966,59949,728
2021-04-16,Sutter,101,95872,9276,9247,86,9333,109
2021-04-16,Tehama,103,63373,4877,4866,568,5434,52
2021-04-16,Trinity,105,12862,365,326,58,384,3
2021-04-16,Tulare,107,460477,48998,48583,9198,57781,830
2021-04-16,Tuolumne,109,53932,4004,4005,35,4040,58
2021-04-16,Ventura,111,848112,80166,79942,3031,82973,994
2021-04-16,Yolo,113,214977,13596,13559,278,13837,198
2021-04-16,Yuba,115,75493,5812,5795,118,5913,44
2021-04-15,Alameda,1,1643700,85442,85089,1950,87039,1246
2021-04-15,Alpine,3,1148,86,85,0,85,0
2021-04-15,Amador,5,37829,3627,3616,34,3650,46
2021-04-15,Butte,7,227075,11846,11529,1787,13316,196
2021-04-15,Calaveras,9,45235,2050,2039,12,2051,50
2021-04-15,Colusa,11,21464,1903,1909,292,2201,14
2021-04-15,Contra Costa,13,1133247,67163,66480,1232,67712,781
2021-04-15,Del Norte,15,27424,1242,1235,6,1241,6
2021-04-15,El Dorado,17,186661,9700,9639,703,10342,106
2021-04-15,Fresno,19,978130,100334,100431,8736,109167,1642
2021-04-15,Glenn,21,27897,2359,2354,553,2907,17
2021-04-15,Humboldt,23,135768,3615,3561,27,3588,35
2021-04-15,Imperial,25,180216,27965,27920,2837,30757,718
2021-04-15,Inyo,27,18085,1391,1393,2,1395,36
2021-04-15,Kern,29,883053,95633,94989,10904,105893,1289
2021-04-15,Kings,31,150075,22714,22648,1147,23795,242
2021-04-15,Lake,33,64148,3425,3399,9,3408,43
2021-04-15,Lassen,35,31185,5149,5152,110,5262,1
2021-04-15,Los Angeles,37,10098052,1192301,1187274,43041,1230315,23598
2021-04-15,Madera,39,155013,16301,16234,934,17168,231
2021-04-15,Marin,41,260295,13790,13783,241,14024,226
2021-04-15,Mariposa,43,17540,406,395,9,404,5
2021-04-15,Mendocino,45,87422,3789,3714,71,3785,46
2021-04-15,Merced,47,269075,30324,30325,976,31301,437
2021-04-15,Modoc,49,8938,367,355,122,477,3
2021-04-15,Mono,51,14174,1232,1253,12,1265,3
2021-04-15,Monterey,53,433212,42649,42604,1880,44484,347
2021-04-15,Napa,55,140530,9682,9645,33,9678,79
2021-04-15,Nevada,57,99092,4494,4434,189,4623,70
2021-04-15,Orange,59,3164182,252427,251679,11372,263051,4857
2021-04-15,Placer,61,380077,22210,21614,1414,23028,281
2021-04-15,Plumas,63,18699,675,665,11,676,4
2021-04-15,Riverside,65,2383286,288657,285698,14510,300208,4363
2021-04-15,Sacramento,67,1510023,101552,100782,1603,102385,1570
2021-04-15,San Benito,69,59416,5971,5969,114,6083,63
2021-04-15,San Bernardino,71,2135413,290144,289288,8907,298195,4544
2021-04-15,San Diego,73,3302833,274759,274250,0,274250,3653
2021-04-15,San Francisco,75,870044,35862,35947,1330,37277,510
2021-04-15,San Joaquin,77,732212,70889,70189,3516,73705,1288
2021-04-15,San Luis Obispo,79,281455,20761,20591,718,21309,253
2021-04-15,San Mateo,81,765935,41506,41050,456,41506,352
2021-04-15,Santa Barbara,83,443738,33919,33672,1222,34894,446
2021-04-15,Santa Clara,85,1922200,115911,116602,712,117314,1927
2021-04-15,Santa Cruz,87,273765,15940,15509,867,16376,203
2021-04-15,Shasta,89,179085,11595,11597,1457,13054,191
2021-04-15,Sierra,91,2930,53,51,14,65,0
2021-04-15,Siskiyou,93,43540,1619,1524,304,1828,10
2021-04-15,Solano,95,438530,31567,31394,464,31858,239
2021-04-15,Sonoma,97,501317,29464,29587,305,29892,311
2021-04-15,Stanislaus,99,539301,54052,53918,5958,59876,728
2021-04-15,Sutter,101,95872,9269,9237,86,9323,109
2021-04-15,Tehama,103,63373,4875,4854,567,5421,52
2021-04-15,Trinity,105,12862,365,326,58,384,3
2021-04-15,Tulare,107,460477,48977,48556,9198,57754,829
2021-04-15,Tuolumne,109,53932,4004,4003,35,4038,57
2021-04-15,Ventura,111,848112,80147,79917,3029,82946,989
2021-04-15,Yolo,113,214977,13577,13547,276,13823,198
2021-04-15,Yuba,115,75493,5809,5788,118,5906,44
2021-04-14,Alameda,1,1643700,85343,85009,1949,86958,1247
2021-04-14,Alpine,3,1148,86,85,0,85,0
2021-04-14,Amador,5,37829,3626,3613,34,3647,46
2021-04-14,Butte,7,227075,11833,11513,1786,13299,196
2021-04-14,Calaveras,9,45235,2048,2037,12,2049,50
2021-04-14,Colusa,11,21464,1903,1905,292,2197,14
2021-04-14,Contra Costa,13,1133247,67077,66400,1226,67626,781
2021-04-14,Del Norte,15,27424,1242,1228,6,1234,6
2021-04-14,El Dorado,17,186661,9685,9625,698,10323,106
2021-04-14,Fresno,19,978130,100277,100376,8723,109099,1640
2021-04-14,Glenn,21,27897,2359,2353,553,2906,17
2021-04-14,Humboldt,23,135768,3594,3551,26,3577,35
2021-04-14,Imperial,25,180216,27944,27907,2834,30741,718
2021-04-14,Inyo,27,18085,1391,1392,2,1394,36
2021-04-14,Kern,29,883053,95608,94947,10897,105844,1287
2021-04-14,Kings,31,150075,22705,22641,1146,23787,243
2021-04-14,Lake,33,64148,3420,3396,9,3405,43
2021-04-14,Lassen,35,31185,5148,5151,110,5261,1
2021-04-14,Los Angeles,37,10098052,1191906,1186821,42991,1229812,23579
2021-04-14,Madera,39,155013,16292,16218,934,17152,231
2021-04-14,Marin,41,260295,13788,13768,240,14008,226
2021-04-14,Mariposa,43,17540,405,394,9,403,5
2021-04-14,Mendocino,45,87422,3784,3711,71,3782,46
2021-04-14,Merced,47,269075,30306,30296,976,31272,436
2021-04-14,Modoc,49,8938,367,355,122,477,3
2021-04-14,Mono,51,14174,1232,1252,12,1264,3
2021-04-14,Monterey,53,433212,42633,42595,1876,44471,347
2021-04-14,Napa,55,140530,9671,9643,33,9676,79
2021-04-14,Nevada,57,99092,4487,4421,189,4610,70
2021-04-14,Orange,59,3164182,252321,251568,11352,262920,4849
2021-04-14,Placer,61,380077,22177,21575,1413,22988,280
2021-04-14,Plumas,63,18699,675,665,11,676,4
2021-04-14,Riverside,65,2383286,288547,285583,14504,300087,4358
2021-04-14,Sacramento,67,1510023,101379,100645,1589,102234,1570
2021-04-14,San Benito,69,59416,5969,5960,114,6074,62
2021-04-14,San Bernardino,71,2135413,290075,289078,8904,297982,4523
2021-04-14,San Diego,73,3302833,274548,273969,0,273969,3648
2021-04-14,San Francisco,75,870044,35824,35898,1329,37227,510
2021-04-14,San Joaquin,77,732212,70819,70095,3510,73605,1288
2021-04-14,San Luis Obispo,79,281455,20738,20561,708,21269,253
2021-04-14,San Mateo,81,765935,41467,40982,453,41435,352
2021-04-14,Santa Barbara,83,443738,33890,33650,1222,34872,445
2021-04-14,Santa Clara,85,1922200,115794,116488,709,117197,1922
2021-04-14,Santa Cruz,87,273765,15930,15481,867,16348,203
2021-04-14,Shasta,89,179085,11569,11581,1455,13036,190
2021-04-14,Sierra,91,2930,53,51,14,65,0
2021-04-14,Siskiyou,93,43540,1611,1518,303,1821,10
2021-04-14,Solano,95,438530,31515,31357,456,31813,239
2021-04-14,Sonoma,97,501317,29456,29572,303,29875,311
2021-04-14,Stanislaus,99,539301,53981,53836,5949,59785,727
2021-04-14,Sutter,101,95872,9261,9230,86,9316,106
2021-04-14,Tehama,103,63373,4870,4853,565,5418,52
2021-04-14,Trinity,105,12862,365,326,58,384,3
2021-04-14,Tulare,107,460477,48951,48527,9195,57722,827
2021-04-14,Tuolumne,109,53932,4003,3997,35,4032,57
2021-04-14,Ventura,111,848112,80111,79891,3027,82918,986
2021-04-14,Yolo,113,214977,13561,13530,274,13804,198
2021-04-14,Yuba,115,75493,5807,5778,118,5896,44
2021-04-13,Alameda,1,1643700,85237,84921,1944,86865,1239
2021-04-13,Alpine,3,1148,86,85,0,85,0
2021-04-13,Amador,5,37829,3623,3609,34,3643,46
2021-04-13,Butte,7,227075,11815,11497,1783,13280,196
2021-04-13,Calaveras,9,45235,2045,2035,12,2047,50
2021-04-13,Colusa,11,21464,1901,1905,290,2195,14
2021-04-13,Contra Costa,13,1133247,66987,66304,1226,67530,778
2021-04-13,Del Norte,15,27424,1237,1221,6,1227,6
2021-04-13,El Dorado,17,186661,9660,9609,696,10305,106
2021-04-13,Fresno,19,978130,100197,100357,8718,109075,1636
2021-04-13,Glenn,21,27897,2358,2351,553,2904,17
2021-04-13,Humboldt,23,135768,3577,3540,26,3566,35
2021-04-13,Imperial,25,180216,27926,27887,2825,30712,718
2021-04-13,Inyo,27,18085,1391,1391,2,1393,36
2021-04-13,Kern,29,883053,95565,94908,10885,105793,1285
2021-04-13,Kings,31,150075,22689,22636,1145,23781,243
2021-04-13,Lake,33,64148,3417,3390,9,3399,43
2021-04-13,Lassen,35,31185,5147,5147,110,5257,1
2021-04-13,Los Angeles,37,10098052,1191457,1186482,42945,1229427,23526
2021-04-13,Madera,39,155013,16282,16207,932,17139,231
2021-04-13,Marin,41,260295,13780,13760,239,13999,224
2021-04-13,Mariposa,43,17540,404,394,6,400,5
2021-04-13,Mendocino,45,87422,3778,3702,71,3773,46
2021-04-13,Merced,47,269075,30275,30276,974,31250,435
2021-04-13,Modoc,49,8938,367,355,122,477,3
2021-04-13,Mono,51,14174,1232,1251,12,1263,3
2021-04-13,Monterey,53,433212,42622,42577,1876,44453,347
2021-04-13,Napa,55,140530,9661,9627,33,9660,79
2021-04-13,Nevada,57,99092,4475,4415,189,4604,69
2021-04-13,Orange,59,3164182,252225,251491,11334,262825,4836
2021-04-13,Placer,61,380077,22140,21534,1410,22944,280
2021-04-13,Plumas,63,18699,674,665,11,676,4
2021-04-13,Riverside,65,2383286,288430,285505,14497,300002,4348
2021-04-13,Sacramento,67,1510023,101204,100551,1584,102135,1569
2021-04-13,San Benito,69,59416,5966,5946,114,6060,62
2021-04-13,San Bernardino,71,2135413,289957,288929,8898,297827,4521
2021-04-13,San Diego,73,3302833,274294,273709,0,273709,3623
2021-04-13,San Francisco,75,870044,35788,35869,1325,37194,506
2021-04-13,San Joaquin,77,732212,70711,70034,3502,73536,1288
2021-04-13,San Luis Obispo,79,281455,20711,20536,698,21234,253
2021-04-13,San Mateo,81,765935,41422,40955,453,41408,353
2021-04-13,Santa Barbara,83,443738,33868,33613,1219,34832,444
2021-04-13,Santa Clara,85,1922200,115665,116363,707,117070,1923
2021-04-13,Santa Cruz,87,273765,15923,15449,867,16316,203
2021-04-13,Shasta,89,179085,11549,11536,1452,12988,189
2021-04-13,Sierra,91,2930,53,51,14,65,0
2021-04-13,Siskiyou,93,43540,1603,1511,299,1810,10
2021-04-13,Solano,95,438530,31467,31335,452,31787,239
2021-04-13,Sonoma,97,501317,29449,29544,302,29846,311
2021-04-13,Stanislaus,99,539301,53909,53797,5939,59736,722
2021-04-13,Sutter,101,95872,9257,9226,86,9312,106
2021-04-13,Tehama,103,63373,4863,4850,562,5412,52
2021-04-13,Trinity,105,12862,365,326,58,384,3
2021-04-13,Tulare,107,460477,48939,48511,9191,57702,825
2021-04-13,Tuolumne,109,53932,4001,3995,35,4030,57
2021-04-13,Ventura,111,848112,80079,79854,3025,82879,986
2021-04-13,Yolo,113,214977,13549,13516,273,13789,198
2021-04-13,Yuba,115,75493,5798,5776,118,5894,44
2021-04-12,Alameda,1,1643700,85134,84817,1942,86759,1238
2021-04-12,Alpine,3,1148,86,85,0,85,0
2021-04-12,Amador,5,37829,3622,3607,34,3641,46
2021-04-12,Butte,7,227075,11800,11488,1779,13267,193
2021-04-12,Calaveras,9,45235,2043,2033,12,2045,50
2021-04-12,Colusa,11,21464,1899,1904,288,2192,14
2021-04-12,Contra Costa,13,1133247,66906,66176,1226,67402,777
2021-04-12,Del Norte,15,27424,1234,1216,6,1222,6
2021-04-12,El Dorado,17,186661,9643,9588,694,10282,106
2021-04-12,Fresno,19,978130,100136,100277,8694,108971,1633
2021-04-12,Glenn,21,27897,2357,2349,553,2902,17
2021-04-12,Humboldt,23,135768,3563,3533,25,3558,35
2021-04-12,Imperial,25,180216,27896,27851,2819,30670,717
2021-04-12,Inyo,27,18085,1391,1390,2,1392,36
2021-04-12,Kern,29,883053,95531,94861,10873,105734,1283
2021-04-12,Kings,31,150075,22681,22621,1144,23765,241
2021-04-12,Lake,33,64148,3413,3380,9,3389,43
2021-04-12,Lassen,35,31185,5146,5147,110,5257,1
2021-04-12,Los Angeles,37,10098052,1190962,1186145,42903,1229048,23505
2021-04-12,Madera,39,155013,16271,16174,930,17104,231
2021-04-12,Marin,41,260295,13768,13751,236,13987,224
2021-04-12,Mariposa,43,17540,403,394,6,400,5
2021-04-12,Mendocino,45,87422,3777,3699,71,3770,46
2021-04-12,Merced,47,269075,30243,30261,972,31233,435
2021-04-12,Modoc,49,8938,365,352,122,474,3
2021-04-12,Mono,51,14174,1232,1251,12,1263,3
2021-04-12,Monterey,53,433212,42608,42555,1874,44429,346
2021-04-12,Napa,55,140530,9647,9603,33,9636,80
2021-04-12,Nevada,57,99092,4464,4408,189,4597,69
2021-04-12,Orange,59,3164182,252139,251350,11313,262663,4826
2021-04-12,Placer,61,380077,22091,21475,1405,22880,278
2021-04-12,Plumas,63,18699,672,666,11,677,4
2021-04-12,Riverside,65,2383286,288323,285361,14491,299852,4336
2021-04-12,Sacramento,67,1510023,101031,100394,1579,101973,1566
2021-04-12,San Benito,69,59416,5958,5942,113,6055,62
2021-04-12,San Bernardino,71,2135413,289849,288736,8886,297622,4493
2021-04-12,San Diego,73,3302833,274035,273431,0,273431,3621
2021-04-12,San Francisco,75,870044,35755,35841,1323,37164,506
2021-04-12,San Joaquin,77,732212,70640,69968,3493,73461,1288
2021-04-12,San Luis Obispo,79,281455,20667,20515,684,21199,253
2021-04-12,San Mateo,81,765935,41380,40920,449,41369,353
2021-04-12,Santa Barbara,83,443738,33837,33606,1219,34825,444
2021-04-12,Santa Clara,85,1922200,115537,116252,705,116957,1923
2021-04-12,Santa Cruz,87,273765,15904,15406,867,16273,203
2021-04-12,Shasta,89,179085,11532,11509,1448,12957,189
2021-04-12,Sierra,91,2930,53,51,14,65,0
2021-04-12,Siskiyou,93,43540,1592,1511,297,1808,7
2021-04-12,Solano,95,438530,31426,31305,449,31754,238
2021-04-12,Sonoma,97,501317,29421,29500,302,29802,310
2021-04-12,Stanislaus,99,539301,53844,53722,5932,59654,707
2021-04-12,Sutter,101,95872,9246,9221,86,9307,106
2021-04-12,Tehama,103,63373,4854,4834,558,5392,52
2021-04-12,Trinity,105,12862,365,324,58,382,3
2021-04-12,Tulare,107,460477,48919,48495,9181,57676,824
2021-04-12,Tuolumne,109,53932,3997,3993,35,4028,57
2021-04-12,Ventura,111,848112,80046,79818,3023,82841,985
2021-04-12,Yolo,113,214977,13535,13510,272,13782,198
2021-04-12,Yuba,115,75493,5792,5773,118,5891,43
2021-04-11,Alameda,1,1643700,84997,84756,1937,86693,1238
2021-04-11,Alpine,3,1148,86,85,0,85,0
2021-04-11,Amador,5,37829,3620,3605,34,3639,46
2021-04-11,Butte,7,227075,11765,11487,1776,13263,193
2021-04-11,Calaveras,9,45235,2038,2036,12,2048,50
2021-04-11,Colusa,11,21464,1898,1904,287,2191,14
2021-04-11,Contra Costa,13,1133247,66797,66107,1223,67330,777
2021-04-11,Del Norte,15,27424,1228,1214,6,1220,6
2021-04-11,El Dorado,17,186661,9629,9575,691,10266,106
2021-04-11,Fresno,19,978130,100070,100230,8682,108912,1633
2021-04-11,Glenn,21,27897,2353,2348,552,2900,17
2021-04-11,Humboldt,23,135768,3554,3523,25,3548,35
2021-04-11,Imperial,25,180216,27872,27841,2817,30658,717
2021-04-11,Inyo,27,18085,1391,1390,2,1392,36
2021-04-11,Kern,29,883053,95473,94830,10864,105694,1283
2021-04-11,Kings,31,150075,22672,22618,1141,23759,241
2021-04-11,Lake,33,64148,3409,3377,9,3386,43
2021-04-11,Lassen,35,31185,5142,5147,110,5257,1
2021-04-11,Los Angeles,37,10098052,1190454,1185757,42859,1228616,23503
2021-04-11,Madera,39,155013,16253,16166,928,17094,231
2021-04-11,Marin,41,260295,13762,13741,234,13975,226
2021-04-11,Mariposa,43,17540,403,394,6,400,5
2021-04-11,Mendocino,45,87422,3775,3696,71,3767,46
2021-04-11,Merced,47,269075,30205,30249,971,31220,435
2021-04-11,Modoc,49,8938,364,352,120,472,3
2021-04-11,Mono,51,14174,1231,1250,12,1262,3
2021-04-11,Monterey,53,433212,42601,42547,1867,44414,346
2021-04-11,Napa,55,140530,9636,9592,33,9625,80
2021-04-11,Nevada,57,99092,4450,4394,189,4583,69
2021-04-11,Orange,59,3164182,252014,251233,11300,262533,4826
2021-04-11,Placer,61,380077,22034,21458,1400,22858,278
2021-04-11,Plumas,63,18699,672,666,11,677,4
2021-04-11,Riverside,65,2383286,288196,285269,14480,299749,4336
2021-04-11,Sacramento,67,1510023,100862,100296,1566,101862,1566
2021-04-11,San Benito,69,59416,5950,5941,112,6053,62
2021-04-11,San Bernardino,71,2135413,289735,288686,8879,297565,4492
2021-04-11,San Diego,73,3302833,273738,273287,0,273287,3621
2021-04-11,San Francisco,75,870044,35719,35815,1320,37135,498
2021-04-11,San Joaquin,77,732212,70552,69939,3482,73421,1288
2021-04-11,San Luis Obispo,79,281455,20641,20501,681,21182,253
2021-04-11,San Mateo,81,765935,41321,40901,448,41349,353
2021-04-11,Santa Barbara,83,443738,33803,33591,1218,34809,444
2021-04-11,Santa Clara,85,1922200,115403,116161,702,116863,1923
2021-04-11,Santa Cruz,87,273765,15892,15382,867,16249,203
2021-04-11,Shasta,89,179085,11488,11504,1447,12951,189
2021-04-11,Sierra,91,2930,53,51,14,65,0
2021-04-11,Siskiyou,93,43540,1586,1509,293,1802,7
2021-04-11,Solano,95,438530,31374,31268,445,31713,238
2021-04-11,Sonoma,97,501317,29395,29496,298,29794,310
2021-04-11,Stanislaus,99,539301,53762,53683,5922,59605,707
2021-04-11,Sutter,101,95872,9237,9222,86,9308,106
2021-04-11,Tehama,103,63373,4851,4832,556,5388,52
2021-04-11,Trinity,105,12862,365,324,58,382,3
2021-04-11,Tulare,107,460477,48905,48479,9174,57653,824
2021-04-11,Tuolumne,109,53932,3995,3993,35,4028,57
2021-04-11,Ventura,111,848112,80000,79800,3016,82816,985
2021-04-11,Yolo,113,214977,13514,13496,270,13766,198
2021-04-11,Yuba,115,75493,5782,5768,118,5886,43
2021-04-10,Alameda,1,1643700,84932,84626,1937,86563,1238
2021-04-10,Alpine,3,1148,86,85,0,85,0
2021-04-10,Amador,5,37829,3618,3603,34,3637,46
2021-04-10,Butte,7,227075,11754,11482,1775,13257,193
2021-04-10,Calaveras,9,45235,2038,2032,12,2044,50
2021-04-10,Colusa,11,21464,1898,1902,287,2189,14
2021-04-10,Contra Costa,13,1133247,66736,66001,1220,67221,778
2021-04-10,Del Norte,15,27424,1225,1212,6,1218,6
2021-04-10,El Dorado,17,186661,9617,9549,688,10237,106
2021-04-10,Fresno,19,978130,100037,100135,8675,108810,1633
2021-04-10,Glenn,21,27897,2353,2343,552,2895,17
2021-04-10,Humboldt,23,135768,3544,3508,25,3533,35
2021-04-10,Imperial,25,180216,27858,27816,2817,30633,717
2021-04-10,Inyo,27,18085,1391,1387,2,1389,36
2021-04-10,Kern,29,883053,95459,94802,10858,105660,1284
2021-04-10,Kings,31,150075,22668,22614,1139,23753,241
2021-04-10,Lake,33,64148,3404,3368,9,3377,43
2021-04-10,Lassen,35,31185,5142,5146,109,5255,1
2021-04-10,Los Angeles,37,10098052,1190184,1185246,42839,1228085,23493
2021-04-10,Madera,39,155013,16245,16143,927,17070,231
2021-04-10,Marin,41,260295,13757,13731,234,13965,226
2021-04-10,Mariposa,43,17540,400,393,6,399,5
2021-04-10,Mendocino,45,87422,3773,3696,71,3767,46
2021-04-10,Merced,47,269075,30184,30225,971,31196,435
2021-04-10,Modoc,49,8938,364,352,120,472,3
2021-04-10,Mono,51,14174,1231,1249,12,1261,3
2021-04-10,Monterey,53,433212,42590,42527,1866,44393,346
2021-04-10,Napa,55,140530,9629,9569,33,9602,79
2021-04-10,Nevada,57,99092,4443,4379,189,4568,69
2021-04-10,Orange,59,3164182,251921,251139,11292,262431,4818
2021-04-10,Placer,61,380077,22003,21402,1394,22796,278
2021-04-10,Plumas,63,18699,672,666,11,677,4
2021-04-10,Riverside,65,2383286,288117,285082,14472,299554,4336
2021-04-10,Sacramento,67,1510023,100760,100048,1564,101612,1566
2021-04-10,San Benito,69,59416,5939,5932,111,6043,62
2021-04-10,San Bernardino,71,2135413,289671,288590,8872,297462,4489
2021-04-10,San Diego,73,3302833,273522,273058,0,273058,3613
2021-04-10,San Francisco,75,870044,35689,35774,1316,37090,498
2021-04-10,San Joaquin,77,732212,70517,69852,3472,73324,1288
2021-04-10,San Luis Obispo,79,281455,20626,20461,679,21140,253
2021-04-10,San Mateo,81,765935,41288,40878,448,41326,350
2021-04-10,Santa Barbara,83,443738,33775,33541,1216,34757,444
2021-04-10,Santa Clara,85,1922200,115307,116015,701,116716,1923
2021-04-10,Santa Cruz,87,273765,15886,15360,867,16227,203
2021-04-10,Shasta,89,179085,11480,11492,1443,12935,189
2021-04-10,Sierra,91,2930,53,51,14,65,0
2021-04-10,Siskiyou,93,43540,1583,1512,293,1805,7
2021-04-10,Solano,95,438530,31340,31218,441,31659,238
2021-04-10,Sonoma,97,501317,29380,29469,297,29766,310
2021-04-10,Stanislaus,99,539301,53728,53596,5915,59511,707
2021-04-10,Sutter,101,95872,9235,9214,86,9300,106
2021-04-10,Tehama,103,63373,4849,4820,554,5374,52
2021-04-10,Trinity,105,12862,365,324,58,382,3
2021-04-10,Tulare,107,460477,48896,48470,9168,57638,824
2021-04-10,Tuolumne,109,53932,3992,3991,35,4026,57
2021-04-10,Ventura,111,848112,79972,79758,3014,82772,985
2021-04-10,Yolo,113,214977,13505,13494,269,13763,198
2021-04-10,Yuba,115,75493,5779,5757,117,5874,43
2021-04-09,Alameda,1,1643700,84859,84404,1929,86333,1237
2021-04-09,Alpine,3,1148,86,85,0,85,0
2021-04-09,Amador,5,37829,3617,3600,34,3634,46
2021-04-09,Butte,7,227075,11744,11454,1774,13228,193
2021-04-09,Calaveras,9,45235,2037,2028,12,2040,50
2021-04-09,Colusa,11,21464,1898,1898,287,2185,14
2021-04-09,Contra Costa,13,1133247,66643,65857,1214,67071,777
2021-04-09,Del Norte,15,27424,1224,1207,6,1213,6
2021-04-09,El Dorado,17,186661,9594,9528,684,10212,106
2021-04-09,Fresno,19,978130,100003,100027,8670,108697,1630
2021-04-09,Glenn,21,27897,2353,2337,552,2889,17
2021-04-09,Humboldt,23,135768,3534,3496,25,3521,35
2021-04-09,Imperial,25,180216,27843,27764,2815,30579,717
2021-04-09,Inyo,27,18085,1390,1386,2,1388,36
2021-04-09,Kern,29,883053,95421,94675,10856,105531,1282
2021-04-09,Kings,31,150075,22659,22595,1136,23731,242
2021-04-09,Lake,33,64148,3400,3362,9,3371,43
2021-04-09,Lassen,35,31185,5142,5140,109,5249,1
2021-04-09,Los Angeles,37,10098052,1189819,1184501,42807,1227308,23458
2021-04-09,Madera,39,155013,16242,16118,927,17045,231
2021-04-09,Marin,41,260295,13750,13721,234,13955,226
2021-04-09,Mariposa,43,17540,400,393,6,399,5
2021-04-09,Mendocino,45,87422,3771,3693,71,3764,46
2021-04-09,Merced,47,269075,30155,30179,970,31149,435
2021-04-09,Modoc,49,8938,363,352,120,472,3
2021-04-09,Mono,51,14174,1231,1247,12,1259,3
2021-04-09,Monterey,53,433212,42581,42481,1862,44343,344
2021-04-09,Napa,55,140530,9610,9574,33,9607,80
2021-04-09,Nevada,57,99092,4435,4373,189,4562,69
2021-04-09,Orange,59,3164182,251847,250852,11287,262139,4813
2021-04-09,Placer,61,380077,21972,21327,1386,22713,278
2021-04-09,Plumas,63,18699,671,666,11,677,4
2021-04-09,Riverside,65,2383286,288034,284562,14466,299028,4325
2021-04-09,Sacramento,67,1510023,100605,99722,1556,101278,1564
2021-04-09,San Benito,69,59416,5934,5925,110,6035,62
2021-04-09,San Bernardino,71,2135413,289602,288000,8869,296869,4467
2021-04-09,San Diego,73,3302833,273324,272697,0,272697,3600
2021-04-09,San Francisco,75,870044,35647,35716,1311,37027,497
2021-04-09,San Joaquin,77,732212,70454,69675,3460,73135,1281
2021-04-09,San Luis Obispo,79,281455,20613,20427,678,21105,252
2021-04-09,San Mateo,81,765935,41252,40800,447,41247,350
2021-04-09,Santa Barbara,83,443738,33752,33424,1213,34637,444
2021-04-09,Santa Clara,85,1922200,115223,115749,699,116448,1923
2021-04-09,Santa Cruz,87,273765,15881,15331,867,16198,203
2021-04-09,Shasta,89,179085,11470,11478,1440,12918,188
2021-04-09,Sierra,91,2930,53,51,14,65,0
2021-04-09,Siskiyou,93,43540,1580,1510,292,1802,7
2021-04-09,Solano,95,438530,31307,31166,436,31602,238
2021-04-09,Sonoma,97,501317,29366,29433,297,29730,310
2021-04-09,Stanislaus,99,539301,53673,53504,5906,59410,705
2021-04-09,Sutter,101,95872,9228,9201,86,9287,106
2021-04-09,Tehama,103,63373,4843,4806,554,5360,52
2021-04-09,Trinity,105,12862,364,324,58,382,3
2021-04-09,Tulare,107,460477,48892,48430,9162,57592,824
2021-04-09,Tuolumne,109,53932,3991,3986,35,4021,57
2021-04-09,Ventura,111,848112,79944,79698,3014,82712,987
2021-04-09,Yolo,113,214977,13494,13478,267,13745,198
2021-04-09,Yuba,115,75493,5772,5754,117,5871,43
2021-04-08,Alameda,1,1643700,84758,84213,1925,86138,1232
2021-04-08,Alpine,3,1148,86,85,0,85,0
2021-04-08,Amador,5,37829,3613,3595,34,3629,46
2021-04-08,Butte,7,227075,11733,11414,1773,13187,193
2021-04-08,Calaveras,9,45235,2035,2027,12,2039,50
2021-04-08,Colusa,11,21464,1897,1897,287,2184,14
2021-04-08,Contra Costa,13,1133247,66533,65706,1211,66917,775
2021-04-08,Del Norte,15,27424,1218,1201,6,1207,6
2021-04-08,El Dorado,17,186661,9578,9513,678,10191,106
2021-04-08,Fresno,19,978130,99940,99935,8663,108598,1627
2021-04-08,Glenn,21,27897,2351,2337,552,2889,17
2021-04-08,Humboldt,23,135768,3524,3486,25,3511,35
2021-04-08,Imperial,25,180216,27816,27744,2812,30556,713
2021-04-08,Inyo,27,18085,1389,1386,2,1388,36
2021-04-08,Kern,29,883053,95377,94493,10842,105335,1281
2021-04-08,Kings,31,150075,22653,22589,1133,23722,243
2021-04-08,Lake,33,64148,3393,3360,9,3369,43
2021-04-08,Lassen,35,31185,5141,5136,109,5245,1
2021-04-08,Los Angeles,37,10098052,1189321,1184443,42768,1227211,23416
2021-04-08,Madera,39,155013,16230,16103,927,17030,231
2021-04-08,Marin,41,260295,13743,13704,234,13938,226
2021-04-08,Mariposa,43,17540,399,393,6,399,5
2021-04-08,Mendocino,45,87422,3769,3690,71,3761,45
2021-04-08,Merced,47,269075,30133,30163,970,31133,430
2021-04-08,Modoc,49,8938,363,352,120,472,3
2021-04-08,Mono,51,14174,1229,1247,12,1259,3
2021-04-08,Monterey,53,433212,42560,42437,1857,44294,342
2021-04-08,Napa,55,140530,9593,9569,33,9602,80
2021-04-08,Nevada,57,99092,4424,4367,189,4556,69
2021-04-08,Orange,59,3164182,251740,250529,11271,261800,4797
2021-04-08,Placer,61,380077,21932,21258,1377,22635,277
2021-04-08,Plumas,63,18699,671,665,11,676,4
2021-04-08,Riverside,65,2383286,287923,283853,14461,298314,4296
2021-04-08,Sacramento,67,1510023,100463,99319,1544,100863,1561
2021-04-08,San Benito,69,59416,5931,5914,108,6022,62
2021-04-08,San Bernardino,71,2135413,289504,287190,8866,296056,4445
2021-04-08,San Diego,73,3302833,273095,272495,0,272495,3592
2021-04-08,San Francisco,75,870044,35624,35657,1310,36967,494
2021-04-08,San Joaquin,77,732212,70384,69479,3454,72933,1279
2021-04-08,San Luis Obispo,79,281455,20594,20402,675,21077,252
2021-04-08,San Mateo,81,765935,41212,40749,447,41196,350
2021-04-08,Santa Barbara,83,443738,33728,33309,1212,34521,444
2021-04-08,Santa Clara,85,1922200,115117,115487,698,116185,1905
2021-04-08,Santa Cruz,87,273765,15875,15296,867,16163,203
2021-04-08,Shasta,89,179085,11460,11466,1436,12902,186
2021-04-08,Sierra,91,2930,53,51,14,65,0
2021-04-08,Siskiyou,93,43540,1577,1511,292,1803,7
2021-04-08,Solano,95,438530,31258,31120,436,31556,238
2021-04-08,Sonoma,97,501317,29347,29410,296,29706,310
2021-04-08,Stanislaus,99,539301,53595,53401,5896,59297,706
2021-04-08,Sutter,101,95872,9224,9195,86,9281,106
2021-04-08,Tehama,103,63373,4839,4802,554,5356,52
2021-04-08,Trinity,105,12862,364,324,58,382,3
2021-04-08,Tulare,107,460477,48879,48409,9151,57560,821
2021-04-08,Tuolumne,109,53932,3991,3986,35,4021,57
2021-04-08,Ventura,111,848112,79907,79626,3010,82636,986
2021-04-08,Yolo,113,214977,13485,13468,266,13734,198
2021-04-08,Yuba,115,75493,5768,5743,117,5860,43
2021-04-07,Alameda,1,1643700,84674,84130,1921,86051,1224
2021-04-07,Alpine,3,1148,86,85,0,85,0
2021-04-07,Amador,5,37829,3610,3590,34,3624,46
2021-04-07,Butte,7,227075,11729,11405,1770,13175,193
2021-04-07,Calaveras,9,45235,2031,2022,12,2034,50
2021-04-07,Colusa,11,21464,1893,1894,286,2180,14
2021-04-07,Contra Costa,13,1133247,66447,65619,1210,66829,775
2021-04-07,Del Norte,15,27424,1216,1198,6,1204,6
2021-04-07,El Dorado,17,186661,9557,9500,673,10173,106
2021-04-07,Fresno,19,978130,99875,99865,8653,108518,1627
2021-04-07,Glenn,21,27897,2348,2337,551,2888,17
2021-04-07,Humboldt,23,135768,3512,3484,25,3509,35
2021-04-07,Imperial,25,180216,27792,27704,2806,30510,713
2021-04-07,Inyo,27,18085,1388,1386,2,1388,36
2021-04-07,Kern,29,883053,95342,94456,10827,105283,1275
2021-04-07,Kings,31,150075,22651,22589,1133,23722,243
2021-04-07,Lake,33,64148,3391,3358,9,3367,43
2021-04-07,Lassen,35,31185,5141,5137,109,5246,1
2021-04-07,Los Angeles,37,10098052,1188889,1183862,42743,1226605,23372
2021-04-07,Madera,39,155013,16211,16090,926,17016,231
2021-04-07,Marin,41,260295,13732,13688,232,13920,225
2021-04-07,Mariposa,43,17540,398,391,6,397,5
2021-04-07,Mendocino,45,87422,3768,3691,71,3762,45
2021-04-07,Merced,47,269075,30110,30132,965,31097,430
2021-04-07,Modoc,49,8938,363,351,120,471,3
2021-04-07,Mono,51,14174,1229,1246,12,1258,3
2021-04-07,Monterey,53,433212,42542,42427,1856,44283,341
2021-04-07,Napa,55,140530,9579,9556,33,9589,80
2021-04-07,Nevada,57,99092,4418,4364,189,4553,69
2021-04-07,Orange,59,3164182,251618,250378,11247,261625,4778
2021-04-07,Placer,61,380077,21886,21227,1369,22596,276
2021-04-07,Plumas,63,18699,671,665,11,676,4
2021-04-07,Riverside,65,2383286,287813,283749,14451,298200,4285
2021-04-07,Sacramento,67,1510023,100297,99202,1538,100740,1544
2021-04-07,San Benito,69,59416,5926,5912,107,6019,62
2021-04-07,San Bernardino,71,2135413,289385,286978,8861,295839,4433
2021-04-07,San Diego,73,3302833,272870,272195,0,272195,3588
2021-04-07,San Francisco,75,870044,35584,35618,1306,36924,493
2021-04-07,San Joaquin,77,732212,70315,69375,3449,72824,1278
2021-04-07,San Luis Obispo,79,281455,20568,20373,672,21045,252
2021-04-07,San Mateo,81,765935,41169,40693,447,41140,350
2021-04-07,Santa Barbara,83,443738,33703,33289,1209,34498,444
2021-04-07,Santa Clara,85,1922200,114987,115311,696,116007,1900
2021-04-07,Santa Cruz,87,273765,15865,15275,866,16141,203
2021-04-07,Shasta,89,179085,11448,11456,1431,12887,184
2021-04-07,Sierra,91,2930,53,51,14,65,0
2021-04-07,Siskiyou,93,43540,1571,1512,291,1803,7
2021-04-07,Solano,95,438530,31208,31097,435,31532,238
2021-04-07,Sonoma,97,501317,29328,29394,295,29689,310
2021-04-07,Stanislaus,99,539301,53527,53344,5886,59230,686
2021-04-07,Sutter,101,95872,9221,9188,86,9274,106
2021-04-07,Tehama,103,63373,4832,4802,551,5353,52
2021-04-07,Trinity,105,12862,364,322,58,380,3
2021-04-07,Tulare,107,460477,48866,48386,9139,57525,820
2021-04-07,Tuolumne,109,53932,3990,3982,35,4017,57
2021-04-07,Ventura,111,848112,79873,79595,3008,82603,986
2021-04-07,Yolo,113,214977,13469,13450,264,13714,198
2021-04-07,Yuba,115,75493,5764,5737,117,5854,43
2021-04-06,Alameda,1,1643700,84562,84091,1916,86007,1223
2021-04-06,Alpine,3,1148,86,85,0,85,0
2021-04-06,Amador,5,37829,3609,3587,34,3621,45
2021-04-06,Butte,7,227075,11714,11396,1769,13165,193
2021-04-06,Calaveras,9,45235,2028,2021,12,2033,50
2021-04-06,Colusa,11,21464,1891,1894,284,2178,14
2021-04-06,Contra Costa,13,1133247,66370,65575,1209,66784,774
2021-04-06,Del Norte,15,27424,1211,1197,6,1203,6
2021-04-06,El Dorado,17,186661,9528,9489,671,10160,106
2021-04-06,Fresno,19,978130,99811,99814,8647,108461,1626
2021-04-06,Glenn,21,27897,2347,2335,551,2886,17
2021-04-06,Humboldt,23,135768,3503,3477,25,3502,35
2021-04-06,Imperial,25,180216,27759,27661,2796,30457,713
2021-04-06,Inyo,27,18085,1388,1379,2,1381,36
2021-04-06,Kern,29,883053,95298,94422,10821,105243,1259
2021-04-06,Kings,31,150075,22645,22587,1133,23720,240
2021-04-06,Lake,33,64148,3388,3358,9,3367,43
2021-04-06,Lassen,35,31185,5139,5137,109,5246,1
2021-04-06,Los Angeles,37,10098052,1188384,1183499,42698,1226197,23323
2021-04-06,Madera,39,155013,16192,16085,921,17006,230
2021-04-06,Marin,41,260295,13723,13675,229,13904,224
2021-04-06,Mariposa,43,17540,398,390,6,396,5
2021-04-06,Mendocino,45,87422,3766,3686,71,3757,45
2021-04-06,Merced,47,269075,30081,30100,960,31060,430
2021-04-06,Modoc,49,8938,362,351,120,471,3
2021-04-06,Mono,51,14174,1229,1246,12,1258,3
2021-04-06,Monterey,53,433212,42533,42412,1855,44267,341
2021-04-06,Napa,55,140530,9560,9509,33,9542,78
2021-04-06,Nevada,57,99092,4408,4356,187,4543,69
2021-04-06,Orange,59,3164182,251511,250304,11232,261536,4771
2021-04-06,Placer,61,380077,21839,21184,1366,22550,276
2021-04-06,Plumas,63,18699,671,665,11,676,4
2021-04-06,Riverside,65,2383286,287636,283622,14440,298062,4264
2021-04-06,Sacramento,67,1510023,100089,99110,1529,100639,1537
2021-04-06,San Benito,69,59416,5917,5907,107,6014,62
2021-04-06,San Bernardino,71,2135413,289274,286792,8851,295643,4428
2021-04-06,San Diego,73,3302833,272608,271867,0,271867,3585
2021-04-06,San Francisco,75,870044,35541,35572,1306,36878,488
2021-04-06,San Joaquin,77,732212,70232,69316,3436,72752,1278
2021-04-06,San Luis Obispo,79,281455,20547,20350,668,21018,252
2021-04-06,San Mateo,81,765935,41121,40649,446,41095,350
2021-04-06,Santa Barbara,83,443738,33685,33257,1208,34465,443
2021-04-06,Santa Clara,85,1922200,114817,115184,694,115878,1900
2021-04-06,Santa Cruz,87,273765,15855,15252,866,16118,203
2021-04-06,Shasta,89,179085,11427,11443,1429,12872,184
2021-04-06,Sierra,91,2930,53,51,14,65,0
2021-04-06,Siskiyou,93,43540,1567,1510,288,1798,7
2021-04-06,Solano,95,438530,31161,31078,434,31512,237
2021-04-06,Sonoma,97,501317,29303,29386,293,29679,311
2021-04-06,Stanislaus,99,539301,53469,53304,5880,59184,686
2021-04-06,Sutter,101,95872,9211,9179,86,9265,106
2021-04-06,Tehama,103,63373,4823,4798,551,5349,52
2021-04-06,Trinity,105,12862,364,321,58,379,3
2021-04-06,Tulare,107,460477,48823,48372,9135,57507,819
2021-04-06,Tuolumne,109,53932,3990,3981,35,4016,57
2021-04-06,Ventura,111,848112,79836,79556,3006,82562,983
2021-04-06,Yolo,113,214977,13456,13443,263,13706,198
2021-04-06,Yuba,115,75493,5760,5733,116,5849,43
2021-04-05,Alameda,1,1643700,84445,84007,1911,85918,1219
2021-04-05,Alpine,3,1148,86,85,0,85,0
2021-04-05,Amador,5,37829,3606,3584,34,3618,45
2021-04-05,Butte,7,227075,11699,11384,1767,13151,193
2021-04-05,Calaveras,9,45235,2024,2019,12,2031,50
2021-04-05,Colusa,11,21464,1891,1894,283,2177,14
2021-04-05,Contra Costa,13,1133247,66303,65457,1207,66664,774
2021-04-05,Del Norte,15,27424,1209,1189,6,1195,6
2021-04-05,El Dorado,17,186661,9513,9463,671,10134,106
2021-04-05,Fresno,19,978130,99724,99755,8638,108393,1622
2021-04-05,Glenn,21,27897,2346,2335,551,2886,17
2021-04-05,Humboldt,23,135768,3494,3475,25,3500,35
2021-04-05,Imperial,25,180216,27728,27604,2790,30394,710
2021-04-05,Inyo,27,18085,1385,1377,2,1379,36
2021-04-05,Kern,29,883053,95244,94401,10795,105196,1249
2021-04-05,Kings,31,150075,22641,22580,1133,23713,239
2021-04-05,Lake,33,64148,3380,3359,9,3368,43
2021-04-05,Lassen,35,31185,5139,5138,108,5246,1
2021-04-05,Los Angeles,37,10098052,1187850,1183200,42646,1225846,23302
2021-04-05,Madera,39,155013,16178,16065,920,16985,230
2021-04-05,Marin,41,260295,13709,13666,225,13891,221
2021-04-05,Mariposa,43,17540,398,390,6,396,5
2021-04-05,Mendocino,45,87422,3764,3687,71,3758,45
2021-04-05,Merced,47,269075,30054,30068,959,31027,427
2021-04-05,Modoc,49,8938,360,346,120,466,3
2021-04-05,Mono,51,14174,1229,1246,12,1258,3
2021-04-05,Monterey,53,433212,42520,42396,1851,44247,341
2021-04-05,Napa,55,140530,9537,9492,33,9525,78
2021-04-05,Nevada,57,99092,4397,4346,187,4533,69
2021-04-05,Orange,59,3164182,251398,250177,11208,261385,4759
2021-04-05,Placer,61,380077,21793,21133,1358,22491,276
2021-04-05,Plumas,63,18699,671,666,11,677,4
2021-04-05,Riverside,65,2383286,287505,283549,14428,297977,4237
2021-04-05,Sacramento,67,1510023,99928,98908,1521,100429,1533
2021-04-05,San Benito,69,59416,5911,5904,107,6011,61
2021-04-05,San Bernardino,71,2135413,289162,286597,8848,295445,4425
2021-04-05,San Diego,73,3302833,272360,271655,0,271655,3583
2021-04-05,San Francisco,75,870044,35511,35538,1306,36844,488
2021-04-05,San Joaquin,77,732212,70145,69214,3426,72640,1268
2021-04-05,San Luis Obispo,79,281455,20510,20333,668,21001,252
2021-04-05,San Mateo,81,765935,41078,40609,445,41054,350
2021-04-05,Santa Barbara,83,443738,33652,33235,1208,34443,443
2021-04-05,Santa Clara,85,1922200,114652,115091,691,115782,1893
2021-04-05,Santa Cruz,87,273765,15848,15228,866,16094,201
2021-04-05,Shasta,89,179085,11408,11435,1424,12859,184
2021-04-05,Sierra,91,2930,53,50,14,64,0
2021-04-05,Siskiyou,93,43540,1564,1509,286,1795,7
2021-04-05,Solano,95,438530,31121,31026,432,31458,237
2021-04-05,Sonoma,97,501317,29272,29361,291,29652,311
2021-04-05,Stanislaus,99,539301,53389,53238,5877,59115,686
2021-04-05,Sutter,101,95872,9204,9169,86,9255,106
2021-04-05,Tehama,103,63373,4817,4794,551,5345,52
2021-04-05,Trinity,105,12862,363,321,58,379,3
2021-04-05,Tulare,107,460477,48811,48356,9128,57484,818
2021-04-05,Tuolumne,109,53932,3989,3980,35,4015,57
2021-04-05,Ventura,111,848112,79806,79549,3002,82551,983
2021-04-05,Yolo,113,214977,13442,13427,262,13689,198
2021-04-05,Yuba,115,75493,5755,5728,115,5843,43
2021-04-04,Alameda,1,1643700,84327,83951,1907,85858,1219
2021-04-04,Alpine,3,1148,86,85,0,85,0
2021-04-04,Amador,5,37829,3600,3582,34,3616,45
2021-04-04,Butte,7,227075,11684,11375,1766,13141,193
2021-04-04,Calaveras,9,45235,2020,2020,12,2032,50
2021-04-04,Colusa,11,21464,1890,1893,283,2176,14
2021-04-04,Contra Costa,13,1133247,66197,65408,1202,66610,774
2021-04-04,Del Norte,15,27424,1201,1186,6,1192,6
2021-04-04,El Dorado,17,186661,9494,9455,667,10122,106
2021-04-04,Fresno,19,978130,99650,99702,8625,108327,1622
2021-04-04,Glenn,21,27897,2343,2335,550,2885,17
2021-04-04,Humboldt,23,135768,3483,3472,25,3497,35
2021-04-04,Imperial,25,180216,27672,27588,2788,30376,710
2021-04-04,Inyo,27,18085,1381,1377,2,1379,36
2021-04-04,Kern,29,883053,95203,94388,10771,105159,1247
2021-04-04,Kings,31,150075,22639,22580,1132,23712,239
2021-04-04,Lake,33,64148,3374,3355,8,3363,43
2021-04-04,Lassen,35,31185,5138,5138,108,5246,1
2021-04-04,Los Angeles,37,10098052,1187311,1182872,42598,1225470,23301
2021-04-04,Madera,39,155013,16152,16052,916,16968,230
2021-04-04,Marin,41,260295,13696,13663,224,13887,221
2021-04-04,Mariposa,43,17540,398,390,6,396,5
2021-04-04,Mendocino,45,87422,3761,3684,71,3755,45
2021-04-04,Merced,47,269075,30011,30048,956,31004,427
2021-04-04,Modoc,49,8938,360,346,120,466,3
2021-04-04,Mono,51,14174,1228,1245,12,1257,3
2021-04-04,Monterey,53,433212,42503,42391,1850,44241,341
2021-04-04,Napa,55,140530,9525,9486,33,9519,78
2021-04-04,Nevada,57,99092,4385,4337,186,4523,69
2021-04-04,Orange,59,3164182,251262,250117,11193,261310,4759
2021-04-04,Placer,61,380077,21748,21104,1339,22443,276
2021-04-04,Plumas,63,18699,671,666,11,677,4
2021-04-04,Riverside,65,2383286,287380,283537,14424,297961,4237
2021-04-04,Sacramento,67,1510023,99728,98821,1513,100334,1531
2021-04-04,San Benito,69,59416,5901,5901,103,6004,61
2021-04-04,San Bernardino,71,2135413,289020,286561,8840,295401,4423
2021-04-04,San Diego,73,3302833,272049,271528,0,271528,3583
2021-04-04,San Francisco,75,870044,35457,35525,1303,36828,488
2021-04-04,San Joaquin,77,732212,70044,69147,3414,72561,1268
2021-04-04,San Luis Obispo,79,281455,20478,20328,660,20988,252
2021-04-04,San Mateo,81,765935,41035,40587,442,41029,350
2021-04-04,Santa Barbara,83,443738,33616,33213,1208,34421,443
2021-04-04,Santa Clara,85,1922200,114486,114976,684,115660,1893
2021-04-04,Santa Cruz,87,273765,15839,15219,866,16085,201
2021-04-04,Shasta,89,179085,11382,11433,1423,12856,184
2021-04-04,Sierra,91,2930,53,50,14,64,0
2021-04-04,Siskiyou,93,43540,1561,1509,282,1791,7
2021-04-04,Solano,95,438530,31074,31002,430,31432,237
2021-04-04,Sonoma,97,501317,29240,29340,289,29629,311
2021-04-04,Stanislaus,99,539301,53296,53181,5869,59050,686
2021-04-04,Sutter,101,95872,9197,9164,86,9250,106
2021-04-04,Tehama,103,63373,4805,4792,550,5342,52
2021-04-04,Trinity,105,12862,361,321,58,379,3
2021-04-04,Tulare,107,460477,48796,48343,9120,57463,818
2021-04-04,Tuolumne,109,53932,3981,3980,35,4015,57
2021-04-04,Ventura,111,848112,79763,79526,3001,82527,983
2021-04-04,Yolo,113,214977,13421,13425,261,13686,198
2021-04-04,Yuba,115,75493,5748,5722,115,5837,43
2021-04-03,Alameda,1,1643700,84259,83861,1905,85766,1218
2021-04-03,Alpine,3,1148,86,85,0,85,0
2021-04-03,Amador,5,37829,3597,3577,34,3611,45
2021-04-03,Butte,7,227075,11680,11359,1762,13121,193
2021-04-03,Calaveras,9,45235,2018,2019,12,2031,50
2021-04-03,Colusa,11,21464,1890,1891,283,2174,14
2021-04-03,Contra Costa,13,1133247,66125,65338,1202,66540,774
2021-04-03,Del Norte,15,27424,1196,1183,6,1189,6
2021-04-03,El Dorado,17,186661,9485,9448,666,10114,106
2021-04-03,Fresno,19,978130,99593,99602,8620,108222,1622
2021-04-03,Glenn,21,27897,2343,2334,549,2883,17
2021-04-03,Humboldt,23,135768,3481,3467,25,3492,35
2021-04-03,Imperial,25,180216,27657,27572,2784,30356,710
2021-04-03,Inyo,27,18085,1380,1376,2,1378,36
2021-04-03,Kern,29,883053,95180,94369,10753,105122,1243
2021-04-03,Kings,31,150075,22637,22580,1132,23712,239
2021-04-03,Lake,33,64148,3373,3350,8,3358,43
2021-04-03,Lassen,35,31185,5137,5136,108,5244,1
2021-04-03,Los Angeles,37,10098052,1187013,1182402,42579,1224981,23301
2021-04-03,Madera,39,155013,16143,16051,914,16965,230
2021-04-03,Marin,41,260295,13688,13658,223,13881,221
2021-04-03,Mariposa,43,17540,398,390,5,395,5
2021-04-03,Mendocino,45,87422,3760,3684,71,3755,45
2021-04-03,Merced,47,269075,29996,30031,956,30987,427
2021-04-03,Modoc,49,8938,360,346,120,466,3
2021-04-03,Mono,51,14174,1228,1245,12,1257,3
2021-04-03,Monterey,53,433212,42490,42376,1848,44224,341
2021-04-03,Napa,55,140530,9516,9473,33,9506,78
2021-04-03,Nevada,57,99092,4381,4323,186,4509,69
2021-04-03,Orange,59,3164182,251183,249982,11174,261156,4755
2021-04-03,Placer,61,380077,21717,21060,1335,22395,276
2021-04-03,Plumas,63,18699,671,666,11,677,4
2021-04-03,Riverside,65,2383286,287302,283423,14421,297844,4237
2021-04-03,Sacramento,67,1510023,99620,98660,1507,100167,1531
2021-04-03,San Benito,69,59416,5898,5893,102,5995,61
2021-04-03,San Bernardino,71,2135413,288952,286473,8834,295307,4422
2021-04-03,San Diego,73,3302833,271880,271335,0,271335,3571
2021-04-03,San Francisco,75,870044,35439,35488,1301,36789,489
2021-04-03,San Joaquin,77,732212,70003,69100,3398,72498,1268
2021-04-03,San Luis Obispo,79,281455,20459,20301,660,20961,252
2021-04-03,San Mateo,81,765935,41010,40560,442,41002,350
2021-04-03,Santa Barbara,83,443738,33590,33172,1207,34379,443
2021-04-03,Santa Clara,85,1922200,114378,114865,682,115547,1893
2021-04-03,Santa Cruz,87,273765,15832,15205,866,16071,201
2021-04-03,Shasta,89,179085,11374,11418,1423,12841,184
2021-04-03,Sierra,91,2930,53,50,14,64,0
2021-04-03,Siskiyou,93,43540,1560,1509,282,1791,7
2021-04-03,Solano,95,438530,31053,30970,427,31397,237
2021-04-03,Sonoma,97,501317,29224,29315,288,29603,311
2021-04-03,Stanislaus,99,539301,53261,53137,5863,59000,686
2021-04-03,Sutter,101,95872,9191,9158,86,9244,106
2021-04-03,Tehama,103,63373,4798,4788,550,5338,52
2021-04-03,Trinity,105,12862,361,321,58,379,3
2021-04-03,Tulare,107,460477,48786,48327,9116,57443,818
2021-04-03,Tuolumne,109,53932,3981,3980,35,4015,57
2021-04-03,Ventura,111,848112,79742,79489,2999,82488,983
2021-04-03,Yolo,113,214977,13415,13414,261,13675,198
2021-04-03,Yuba,115,75493,5742,5716,115,5831,43
2021-04-02,Alameda,1,1643700,84186,83776,1900,85676,1217
2021-04-02,Alpine,3,1148,86,85,0,85,0
2021-04-02,Amador,5,37829,3593,3573,33,3606,45
2021-04-02,Butte,7,227075,11671,11350,1762,13112,193
2021-04-02,Calaveras,9,45235,2018,2010,12,2022,50
2021-04-02,Colusa,11,21464,1890,1891,283,2174,14
2021-04-02,Contra Costa,13,1133247,66061,65299,1201,66500,774
2021-04-02,Del Norte,15,27424,1193,1174,6,1180,6
2021-04-02,El Dorado,17,186661,9472,9437,663,10100,106
2021-04-02,Fresno,19,978130,99539,99551,8609,108160,1620
2021-04-02,Glenn,21,27897,2343,2331,549,2880,17
2021-04-02,Humboldt,23,135768,3477,3465,25,3490,35
2021-04-02,Imperial,25,180216,27646,27553,2776,30329,710
2021-04-02,Inyo,27,18085,1380,1377,2,1379,36
2021-04-02,Kern,29,883053,95163,94348,10749,105097,1233
2021-04-02,Kings,31,150075,22637,22571,1129,23700,239
2021-04-02,Lake,33,64148,3371,3348,8,3356,43
2021-04-02,Lassen,35,31185,5137,5134,108,5242,1
2021-04-02,Los Angeles,37,10098052,1186704,1181682,42555,1224237,23264
2021-04-02,Madera,39,155013,16134,16036,913,16949,230
2021-04-02,Marin,41,260295,13680,13649,223,13872,221
2021-04-02,Mariposa,43,17540,396,390,5,395,5
2021-04-02,Mendocino,45,87422,3757,3682,71,3753,45
2021-04-02,Merced,47,269075,29972,29998,956,30954,426
2021-04-02,Modoc,49,8938,357,346,120,466,3
2021-04-02,Mono,51,14174,1228,1246,12,1258,3
2021-04-02,Monterey,53,433212,42480,42359,1845,44204,341
2021-04-02,Napa,55,140530,9501,9453,33,9486,78
2021-04-02,Nevada,57,99092,4377,4323,186,4509,69
2021-04-02,Orange,59,3164182,251087,249891,11160,261051,4748
2021-04-02,Placer,61,380077,21682,21035,1328,22363,275
2021-04-02,Plumas,63,18699,671,666,11,677,4
2021-04-02,Riverside,65,2383286,287218,283328,14413,297741,4213
2021-04-02,Sacramento,67,1510023,99513,98648,1500,100148,1527
2021-04-02,San Benito,69,59416,5896,5888,100,5988,61
2021-04-02,San Bernardino,71,2135413,288879,286308,8830,295138,4417
2021-04-02,San Diego,73,3302833,271693,271036,0,271036,3568
2021-04-02,San Francisco,75,870044,35405,35451,1298,36749,488
2021-04-02,San Joaquin,77,732212,69939,68996,3382,72378,1268
2021-04-02,San Luis Obispo,79,281455,20442,20271,659,20930,252
2021-04-02,San Mateo,81,765935,40968,40514,442,40956,350
2021-04-02,Santa Barbara,83,443738,33562,33145,1207,34352,443
2021-04-02,Santa Clara,85,1922200,114267,114777,680,115457,1882
2021-04-02,Santa Cruz,87,273765,15824,15216,866,16082,202
2021-04-02,Shasta,89,179085,11369,11377,1415,12792,181
2021-04-02,Sierra,91,2930,53,50,14,64,0
2021-04-02,Siskiyou,93,43540,1560,1508,281,1789,7
2021-04-02,Solano,95,438530,31025,30951,424,31375,237
2021-04-02,Sonoma,97,501317,29203,29288,287,29575,311
2021-04-02,Stanislaus,99,539301,53216,53073,5856,58929,687
2021-04-02,Sutter,101,95872,9183,9131,86,9217,106
2021-04-02,Tehama,103,63373,4791,4775,549,5324,52
2021-04-02,Trinity,105,12862,361,320,58,378,3
2021-04-02,Tulare,107,460477,48780,48306,9110,57416,818
2021-04-02,Tuolumne,109,53932,3978,3980,35,4015,57
2021-04-02,Ventura,111,848112,79714,79434,2997,82431,982
2021-04-02,Yolo,113,214977,13405,13381,261,13642,197
2021-04-02,Yuba,115,75493,5739,5709,115,5824,44
2021-04-01,Alameda,1,1643700,84103,83574,1896,85470,1216
2021-04-01,Alpine,3,1148,86,85,0,85,0
2021-04-01,Amador,5,37829,3589,3558,33,3591,45
2021-04-01,Butte,7,227075,11653,11328,1760,13088,193
2021-04-01,Calaveras,9,45235,2017,2006,12,2018,50
2021-04-01,Colusa,11,21464,1887,1890,283,2173,14
2021-04-01,Contra Costa,13,1133247,66001,65176,1199,66375,771
2021-04-01,Del Norte,15,27424,1188,1138,6,1144,6
2021-04-01,El Dorado,17,186661,9463,9393,659,10052,106
2021-04-01,Fresno,19,978130,99487,99317,8601,107918,1616
2021-04-01,Glenn,21,27897,2343,2322,548,2870,17
2021-04-01,Humboldt,23,135768,3473,3464,25,3489,35
2021-04-01,Imperial,25,180216,27616,27520,2770,30290,710
2021-04-01,Inyo,27,18085,1379,1374,2,1376,36
2021-04-01,Kern,29,883053,95130,94244,10735,104979,1233
2021-04-01,Kings,31,150075,22630,22560,1128,23688,239
2021-04-01,Lake,33,64148,3366,3337,8,3345,43
2021-04-01,Lassen,35,31185,5136,5132,108,5240,1
2021-04-01,Los Angeles,37,10098052,1186217,1181101,42528,1223629,23220
2021-04-01,Madera,39,155013,16118,16023,913,16936,230
2021-04-01,Marin,41,260295,13670,13635,223,13858,221
2021-04-01,Mariposa,43,17540,394,389,5,394,5
2021-04-01,Mendocino,45,87422,3757,3680,71,3751,45
2021-04-01,Merced,47,269075,29938,29820,956,30776,425
2021-04-01,Modoc,49,8938,356,346,120,466,3
2021-04-01,Mono,51,14174,1228,1245,12,1257,3
2021-04-01,Monterey,53,433212,42472,42324,1843,44167,339
2021-04-01,Napa,55,140530,9489,9410,33,9443,78
2021-04-01,Nevada,57,99092,4367,4288,185,4473,68
2021-04-01,Orange,59,3164182,250968,249617,11142,260759,4742
2021-04-01,Placer,61,380077,21645,20909,1315,22224,274
2021-04-01,Plumas,63,18699,671,664,11,675,4
2021-04-01,Riverside,65,2383286,287116,283128,14411,297539,4193
2021-04-01,Sacramento,67,1510023,99370,97952,1486,99438,1521
2021-04-01,San Benito,69,59416,5888,5878,99,5977,61
2021-04-01,San Bernardino,71,2135413,288763,286086,8822,294908,4404
2021-04-01,San Diego,73,3302833,271469,270540,0,270540,3555
2021-04-01,San Francisco,75,870044,35385,35386,1294,36680,488
2021-04-01,San Joaquin,77,732212,69856,68802,3374,72176,1262
2021-04-01,San Luis Obispo,79,281455,20414,20235,658,20893,252
2021-04-01,San Mateo,81,765935,40927,40454,442,40896,350
2021-04-01,Santa Barbara,83,443738,33517,33096,1202,34298,443
2021-04-01,Santa Clara,85,1922200,114154,114606,679,115285,1874
2021-04-01,Santa Cruz,87,273765,15809,15271,866,16137,202
2021-04-01,Shasta,89,179085,11354,11355,1409,12764,181
2021-04-01,Sierra,91,2930,53,50,14,64,0
2021-04-01,Siskiyou,93,43540,1558,1507,280,1787,7
2021-04-01,Solano,95,438530,30992,30850,421,31271,237
2021-04-01,Sonoma,97,501317,29171,29241,280,29521,311
2021-04-01,Stanislaus,99,539301,53153,52825,5850,58675,687
2021-04-01,Sutter,101,95872,9171,9105,86,9191,106
2021-04-01,Tehama,103,63373,4785,4764,546,5310,52
2021-04-01,Trinity,105,12862,361,319,58,377,3
2021-04-01,Tulare,107,460477,48757,48279,9100,57379,817
2021-04-01,Tuolumne,109,53932,3977,3978,35,4013,57
2021-04-01,Ventura,111,848112,79690,79369,2996,82365,977
2021-04-01,Yolo,113,214977,13392,13342,261,13603,197
2021-04-01,Yuba,115,75493,5734,5694,115,5809,44
2021-03-31,Alameda,1,1643700,84021,83475,1891,85366,1215
2021-03-31,Alpine,3,1148,86,85,0,85,0
2021-03-31,Amador,5,37829,3586,3556,33,3589,45
2021-03-31,Butte,7,227075,11643,11321,1757,13078,193
2021-03-31,Calaveras,9,45235,2013,2005,12,2017,50
2021-03-31,Colusa,11,21464,1887,1890,283,2173,14
2021-03-31,Contra Costa,13,1133247,65916,65109,1198,66307,769
2021-03-31,Del Norte,15,27424,1179,1129,6,1135,6
2021-03-31,El Dorado,17,186661,9446,9390,659,10049,106
2021-03-31,Fresno,19,978130,99397,99240,8585,107825,1616
2021-03-31,Glenn,21,27897,2338,2318,546,2864,17
2021-03-31,Humboldt,23,135768,3467,3460,25,3485,35
2021-03-31,Imperial,25,180216,27596,27506,2769,30275,710
2021-03-31,Inyo,27,18085,1376,1373,2,1375,35
2021-03-31,Kern,29,883053,95090,94205,10726,104931,1229
2021-03-31,Kings,31,150075,22627,22540,1128,23668,239
2021-03-31,Lake,33,64148,3362,3332,8,3340,43
2021-03-31,Lassen,35,31185,5132,5132,108,5240,1
2021-03-31,Los Angeles,37,10098052,1185756,1180538,42486,1223024,23171
2021-03-31,Madera,39,155013,16104,16015,911,16926,229
2021-03-31,Marin,41,260295,13659,13624,223,13847,221
2021-03-31,Mariposa,43,17540,394,389,5,394,5
2021-03-31,Mendocino,45,87422,3751,3675,71,3746,45
2021-03-31,Merced,47,269075,29909,29780,956,30736,423
2021-03-31,Modoc,49,8938,356,346,120,466,3
2021-03-31,Mono,51,14174,1228,1245,12,1257,3
2021-03-31,Monterey,53,433212,42455,42309,1841,44150,338
2021-03-31,Napa,55,140530,9471,9401,33,9434,78
2021-03-31,Nevada,57,99092,4361,4283,185,4468,68
2021-03-31,Orange,59,3164182,250857,249518,11127,260645,4731
2021-03-31,Placer,61,380077,21595,20885,1307,22192,271
2021-03-31,Plumas,63,18699,670,663,11,674,4
2021-03-31,Riverside,65,2383286,287017,283006,14400,297406,4171
2021-03-31,Sacramento,67,1510023,99193,97760,1478,99238,1519
2021-03-31,San Benito,69,59416,5878,5875,99,5974,61
2021-03-31,San Bernardino,71,2135413,288668,285916,8819,294735,4356
2021-03-31,San Diego,73,3302833,271238,270288,0,270288,3555
2021-03-31,San Francisco,75,870044,35341,35347,1292,36639,474
2021-03-31,San Joaquin,77,732212,69768,68685,3357,72042,1259
2021-03-31,San Luis Obispo,79,281455,20393,20215,657,20872,251
2021-03-31,San Mateo,81,765935,40897,40423,442,40865,350
2021-03-31,Santa Barbara,83,443738,33486,33052,1200,34252,443
2021-03-31,Santa Clara,85,1922200,114027,114499,679,115178,1874
2021-03-31,Santa Cruz,87,273765,15797,15295,865,16160,201
2021-03-31,Shasta,89,179085,11342,11327,1401,12728,179
2021-03-31,Sierra,91,2930,53,50,14,64,0
2021-03-31,Siskiyou,93,43540,1557,1505,280,1785,7
2021-03-31,Solano,95,438530,30946,30824,420,31244,235
2021-03-31,Sonoma,97,501317,29145,29216,280,29496,311
2021-03-31,Stanislaus,99,539301,53085,52782,5838,58620,687
2021-03-31,Sutter,101,95872,9160,9111,86,9197,106
2021-03-31,Tehama,103,63373,4780,4762,543,5305,52
2021-03-31,Trinity,105,12862,361,319,58,377,3
2021-03-31,Tulare,107,460477,48738,48261,9083,57344,816
2021-03-31,Tuolumne,109,53932,3977,3976,35,4011,57
2021-03-31,Ventura,111,848112,79658,79326,2992,82318,969
2021-03-31,Yolo,113,214977,13374,13359,260,13619,197
2021-03-31,Yuba,115,75493,5727,5686,115,5801,44
2021-03-30,Alameda,1,1643700,83921,83395,1888,85283,1211
2021-03-30,Alpine,3,1148,86,85,0,85,0
2021-03-30,Amador,5,37829,3583,3551,33,3584,45
2021-03-30,Butte,7,227075,11630,11296,1754,13050,193
2021-03-30,Calaveras,9,45235,2009,1997,12,2009,50
2021-03-30,Colusa,11,21464,1886,1890,282,2172,14
2021-03-30,Contra Costa,13,1133247,65828,65041,1196,66237,767
2021-03-30,Del Norte,15,27424,1171,1118,5,1123,6
2021-03-30,El Dorado,17,186661,9427,9381,656,10037,105
2021-03-30,Fresno,19,978130,99334,99156,8573,107729,1609
2021-03-30,Glenn,21,27897,2338,2310,544,2854,17
2021-03-30,Humboldt,23,135768,3464,3461,25,3486,35
2021-03-30,Imperial,25,180216,27567,27471,2767,30238,706
2021-03-30,Inyo,27,18085,1376,1374,2,1376,35
2021-03-30,Kern,29,883053,95049,94151,10717,104868,1221
2021-03-30,Kings,31,150075,22623,22530,1126,23656,238
2021-03-30,Lake,33,64148,3356,3330,8,3338,43
2021-03-30,Lassen,35,31185,5132,5132,108,5240,1
2021-03-30,Los Angeles,37,10098052,1185266,1180044,42461,1222505,23136
2021-03-30,Madera,39,155013,16094,16003,908,16911,229
2021-03-30,Marin,41,260295,13650,13611,215,13826,221
2021-03-30,Mariposa,43,17540,394,388,5,393,5
2021-03-30,Mendocino,45,87422,3749,3670,71,3741,45
2021-03-30,Merced,47,269075,29873,29731,956,30687,423
2021-03-30,Modoc,49,8938,355,346,120,466,3
2021-03-30,Mono,51,14174,1227,1245,12,1257,3
2021-03-30,Monterey,53,433212,42429,42308,1838,44146,338
2021-03-30,Napa,55,140530,9456,9391,33,9424,78
2021-03-30,Nevada,57,99092,4349,4266,184,4450,68
2021-03-30,Orange,59,3164182,250729,249412,11099,260511,4727
2021-03-30,Placer,61,380077,21555,20866,1300,22166,271
2021-03-30,Plumas,63,18699,670,661,11,672,4
2021-03-30,Riverside,65,2383286,286898,282930,14391,297321,4154
2021-03-30,Sacramento,67,1510023,99057,97718,1474,99192,1516
2021-03-30,San Benito,69,59416,5872,5870,99,5969,61
2021-03-30,San Bernardino,71,2135413,288560,285758,8810,294568,4343
2021-03-30,San Diego,73,3302833,271001,269998,0,269998,3555
2021-03-30,San Francisco,75,870044,35291,35325,1291,36616,474
2021-03-30,San Joaquin,77,732212,69681,68613,3346,71959,1232
2021-03-30,San Luis Obispo,79,281455,20373,20194,657,20851,251
2021-03-30,San Mateo,81,765935,40852,40377,442,40819,349
2021-03-30,Santa Barbara,83,443738,33461,33016,1200,34216,441
2021-03-30,Santa Clara,85,1922200,113904,114413,678,115091,1873
2021-03-30,Santa Cruz,87,273765,15791,15278,865,16143,201
2021-03-30,Shasta,89,179085,11334,11316,1400,12716,184
2021-03-30,Sierra,91,2930,53,50,14,64,0
2021-03-30,Siskiyou,93,43540,1556,1501,280,1781,7
2021-03-30,Solano,95,438530,30917,30802,419,31221,232
2021-03-30,Sonoma,97,501317,29114,29198,280,29478,311
2021-03-30,Stanislaus,99,539301,53007,52690,5830,58520,677
2021-03-30,Sutter,101,95872,9156,9107,85,9192,106
2021-03-30,Tehama,103,63373,4771,4748,542,5290,52
2021-03-30,Trinity,105,12862,361,316,58,374,3
2021-03-30,Tulare,107,460477,48725,48249,9073,57322,815
2021-03-30,Tuolumne,109,53932,3972,3972,35,4007,57
2021-03-30,Ventura,111,848112,79614,79282,2989,82271,958
2021-03-30,Yolo,113,214977,13361,13353,260,13613,195
2021-03-30,Yuba,115,75493,5716,5679,109,5788,42
2021-03-29,Alameda,1,1643700,83820,83338,1887,85225,1211
2021-03-29,Alpine,3,1148,86,85,0,85,0
2021-03-29,Amador,5,37829,3577,3549,33,3582,45
2021-03-29,Butte,7,227075,11621,11291,1751,13042,191
2021-03-29,Calaveras,9,45235,2005,1998,12,2010,50
2021-03-29,Colusa,11,21464,1886,1889,281,2170,14
2021-03-29,Contra Costa,13,1133247,65760,64971,1195,66166,767
2021-03-29,Del Norte,15,27424,1166,1116,4,1120,6
2021-03-29,El Dorado,17,186661,9407,9374,650,10024,105
2021-03-29,Fresno,19,978130,99251,99085,8561,107646,1606
2021-03-29,Glenn,21,27897,2332,2310,544,2854,17
2021-03-29,Humboldt,23,135768,3459,3459,25,3484,34
2021-03-29,Imperial,25,180216,27547,27442,2763,30205,704
2021-03-29,Inyo,27,18085,1376,1372,2,1374,35
2021-03-29,Kern,29,883053,95001,94098,10696,104794,1220
2021-03-29,Kings,31,150075,22611,22522,1125,23647,238
2021-03-29,Lake,33,64148,3353,3325,8,3333,43
2021-03-29,Lassen,35,31185,5132,5131,108,5239,1
2021-03-29,Los Angeles,37,10098052,1184776,1179736,42420,1222156,23108
2021-03-29,Madera,39,155013,16074,15987,906,16893,210
2021-03-29,Marin,41,260295,13638,13600,211,13811,220
2021-03-29,Mariposa,43,17540,393,388,5,393,5
2021-03-29,Mendocino,45,87422,3746,3667,71,3738,45
2021-03-29,Merced,47,269075,29849,29699,956,30655,422
2021-03-29,Modoc,49,8938,354,344,120,464,3
2021-03-29,Mono,51,14174,1226,1243,12,1255,3
2021-03-29,Monterey,53,433212,42413,42305,1833,44138,337
2021-03-29,Napa,55,140530,9440,9379,33,9412,78
2021-03-29,Nevada,57,99092,4342,4258,184,4442,68
2021-03-29,Orange,59,3164182,250616,249295,11087,260382,4713
2021-03-29,Placer,61,380077,21520,20827,1293,22120,267
2021-03-29,Plumas,63,18699,669,660,11,671,4
2021-03-29,Riverside,65,2383286,286809,282867,14389,297256,4133
2021-03-29,Sacramento,67,1510023,98864,97577,1466,99043,1514
2021-03-29,San Benito,69,59416,5865,5865,99,5964,61
2021-03-29,San Bernardino,71,2135413,288462,285615,8806,294421,4335
2021-03-29,San Diego,73,3302833,270735,269771,0,269771,3547
2021-03-29,San Francisco,75,870044,35257,35291,1287,36578,474
2021-03-29,San Joaquin,77,732212,69595,68537,3332,71869,1211
2021-03-29,San Luis Obispo,79,281455,20338,20176,655,20831,250
2021-03-29,San Mateo,81,765935,40810,40357,441,40798,348
2021-03-29,Santa Barbara,83,443738,33427,32983,1199,34182,439
2021-03-29,Santa Clara,85,1922200,113798,114335,673,115008,1871
2021-03-29,Santa Cruz,87,273765,15780,15249,864,16113,201
2021-03-29,Shasta,89,179085,11316,11313,1398,12711,183
2021-03-29,Sierra,91,2930,53,50,14,64,0
2021-03-29,Siskiyou,93,43540,1555,1497,279,1776,6
2021-03-29,Solano,95,438530,30878,30762,417,31179,232
2021-03-29,Sonoma,97,501317,29090,29184,277,29461,310
2021-03-29,Stanislaus,99,539301,52923,52614,5822,58436,677
2021-03-29,Sutter,101,95872,9149,9105,85,9190,106
2021-03-29,Tehama,103,63373,4763,4742,541,5283,52
2021-03-29,Trinity,105,12862,361,314,58,372,3
2021-03-29,Tulare,107,460477,48698,48226,9062,57288,815
2021-03-29,Tuolumne,109,53932,3970,3969,35,4004,57
2021-03-29,Ventura,111,848112,79573,79252,2988,82240,956
2021-03-29,Yolo,113,214977,13343,13346,260,13606,195
2021-03-29,Yuba,115,75493,5709,5671,108,5779,42
2021-03-28,Alameda,1,1643700,83698,83239,1885,85124,1212
2021-03-28,Alpine,3,1148,86,85,0,85,0
2021-03-28,Amador,5,37829,3573,3541,33,3574,45
2021-03-28,Butte,7,227075,11608,11285,1749,13034,191
2021-03-28,Calaveras,9,45235,2002,1995,12,2007,50
2021-03-28,Colusa,11,21464,1885,1889,281,2170,14
2021-03-28,Contra Costa,13,1133247,65686,64878,1191,66069,767
2021-03-28,Del Norte,15,27424,1159,1107,2,1109,6
2021-03-28,El Dorado,17,186661,9392,9371,648,10019,105
2021-03-28,Fresno,19,978130,99169,99004,8549,107553,1606
2021-03-28,Glenn,21,27897,2329,2309,542,2851,17
2021-03-28,Humboldt,23,135768,3456,3452,24,3476,34
2021-03-28,Imperial,25,180216,27519,27426,2760,30186,704
2021-03-28,Inyo,27,18085,1375,1372,2,1374,35
2021-03-28,Kern,29,883053,94958,94084,10684,104768,1219
2021-03-28,Kings,31,150075,22607,22514,1121,23635,238
2021-03-28,Lake,33,64148,3348,3320,8,3328,43
2021-03-28,Lassen,35,31185,5132,5131,107,5238,1
2021-03-28,Los Angeles,37,10098052,1184226,1179316,42358,1221674,23101
2021-03-28,Madera,39,155013,16059,15973,905,16878,210
2021-03-28,Marin,41,260295,13625,13594,209,13803,221
2021-03-28,Mariposa,43,17540,393,388,5,393,5
2021-03-28,Mendocino,45,87422,3744,3666,71,3737,45
2021-03-28,Merced,47,269075,29791,29679,956,30635,422
2021-03-28,Modoc,49,8938,354,344,120,464,3
2021-03-28,Mono,51,14174,1225,1242,12,1254,3
2021-03-28,Monterey,53,433212,42390,42294,1829,44123,337
2021-03-28,Napa,55,140530,9426,9368,33,9401,78
2021-03-28,Nevada,57,99092,4328,4239,184,4423,68
2021-03-28,Orange,59,3164182,250463,249238,11076,260314,4713
2021-03-28,Placer,61,380077,21477,20796,1286,22082,267
2021-03-28,Plumas,63,18699,667,657,11,668,4
2021-03-28,Riverside,65,2383286,286706,282811,14381,297192,4132
2021-03-28,Sacramento,67,1510023,98690,97425,1460,98885,1514
2021-03-28,San Benito,69,59416,5860,5862,99,5961,61
2021-03-28,San Bernardino,71,2135413,288345,285570,8795,294365,4332
2021-03-28,San Diego,73,3302833,270462,269476,0,269476,3547
2021-03-28,San Francisco,75,870044,35210,35286,1283,36569,474
2021-03-28,San Joaquin,77,732212,69470,68459,3312,71771,1211
2021-03-28,San Luis Obispo,79,281455,20303,20172,652,20824,250
2021-03-28,San Mateo,81,765935,40765,40305,440,40745,348
2021-03-28,Santa Barbara,83,443738,33388,32953,1198,34151,439
2021-03-28,Santa Clara,85,1922200,113699,114232,669,114901,1871
2021-03-28,Santa Cruz,87,273765,15766,15238,863,16101,201
2021-03-28,Shasta,89,179085,11290,11308,1387,12695,183
2021-03-28,Sierra,91,2930,53,50,14,64,0
2021-03-28,Siskiyou,93,43540,1555,1497,278,1775,6
2021-03-28,Solano,95,438530,30841,30719,415,31134,232
2021-03-28,Sonoma,97,501317,29055,29161,274,29435,310
2021-03-28,Stanislaus,99,539301,52837,52567,5807,58374,678
2021-03-28,Sutter,101,95872,9140,9094,85,9179,106
2021-03-28,Tehama,103,63373,4754,4740,536,5276,52
2021-03-28,Trinity,105,12862,359,314,57,371,3
2021-03-28,Tulare,107,460477,48669,48218,9056,57274,815
2021-03-28,Tuolumne,109,53932,3968,3969,34,4003,57
2021-03-28,Ventura,111,848112,79521,79222,2983,82205,956
2021-03-28,Yolo,113,214977,13325,13325,259,13584,194
2021-03-28,Yuba,115,75493,5705,5662,108,5770,42
2021-03-27,Alameda,1,1643700,83626,83169,1881,85050,1211
2021-03-27,Alpine,3,1148,86,85,0,85,0
2021-03-27,Amador,5,37829,3568,3538,33,3571,45
2021-03-27,Butte,7,227075,11601,11278,1748,13026,191
2021-03-27,Calaveras,9,45235,2002,1992,12,2004,50
2021-03-27,Colusa,11,21464,1885,1889,281,2170,14
2021-03-27,Contra Costa,13,1133247,65617,64804,1188,65992,767
2021-03-27,Del Norte,15,27424,1149,1104,2,1106,6
2021-03-27,El Dorado,17,186661,9378,9367,648,10015,105
2021-03-27,Fresno,19,978130,99117,98901,8544,107445,1606
2021-03-27,Glenn,21,27897,2328,2308,542,2850,17
2021-03-27,Humboldt,23,135768,3451,3442,24,3466,34
2021-03-27,Imperial,25,180216,27507,27406,2757,30163,704
2021-03-27,Inyo,27,18085,1373,1372,2,1374,35
2021-03-27,Kern,29,883053,94940,94041,10670,104711,1217
2021-03-27,Kings,31,150075,22604,22502,1121,23623,238
2021-03-27,Lake,33,64148,3346,3317,8,3325,43
2021-03-27,Lassen,35,31185,5132,5129,107,5236,1
2021-03-27,Los Angeles,37,10098052,1183913,1178831,42329,1221160,23103
2021-03-27,Madera,39,155013,16052,15968,903,16871,210
2021-03-27,Marin,41,260295,13620,13579,209,13788,222
2021-03-27,Mariposa,43,17540,393,386,5,391,5
2021-03-27,Mendocino,45,87422,3743,3666,71,3737,45
2021-03-27,Merced,47,269075,29758,29647,954,30601,422
2021-03-27,Modoc,49,8938,354,344,120,464,3
2021-03-27,Mono,51,14174,1223,1241,12,1253,3
2021-03-27,Monterey,53,433212,42380,42271,1829,44100,337
2021-03-27,Napa,55,140530,9414,9360,33,9393,78
2021-03-27,Nevada,57,99092,4318,4231,184,4415,68
2021-03-27,Orange,59,3164182,250369,249160,11060,260220,4698
2021-03-27,Placer,61,380077,21457,20717,1279,21996,267
2021-03-27,Plumas,63,18699,666,655,11,666,4
2021-03-27,Riverside,65,2383286,286644,282707,14373,297080,4132
2021-03-27,Sacramento,67,1510023,98600,97247,1458,98705,1513
2021-03-27,San Benito,69,59416,5858,5862,97,5959,61
2021-03-27,San Bernardino,71,2135413,288283,285480,8793,294273,4325
2021-03-27,San Diego,73,3302833,270292,269271,0,269271,3540
2021-03-27,San Francisco,75,870044,35186,35244,1281,36525,474
2021-03-27,San Joaquin,77,732212,69410,68365,3303,71668,1211
2021-03-27,San Luis Obispo,79,281455,20292,20153,649,20802,250
2021-03-27,San Mateo,81,765935,40741,40264,440,40704,348
2021-03-27,Santa Barbara,83,443738,33365,32921,1198,34119,439
2021-03-27,Santa Clara,85,1922200,113602,114124,667,114791,1871
2021-03-27,Santa Cruz,87,273765,15760,15215,863,16078,201
2021-03-27,Shasta,89,179085,11279,11288,1385,12673,183
2021-03-27,Sierra,91,2930,53,50,14,64,0
2021-03-27,Siskiyou,93,43540,1555,1497,278,1775,6
2021-03-27,Solano,95,438530,30813,30669,414,31083,232
2021-03-27,Sonoma,97,501317,29040,29133,272,29405,310
2021-03-27,Stanislaus,99,539301,52774,52497,5798,58295,678
2021-03-27,Sutter,101,95872,9132,9093,85,9178,106
2021-03-27,Tehama,103,63373,4748,4738,534,5272,52
2021-03-27,Trinity,105,12862,359,313,57,370,3
2021-03-27,Tulare,107,460477,48653,48203,9048,57251,813
2021-03-27,Tuolumne,109,53932,3965,3968,34,4002,57
2021-03-27,Ventura,111,848112,79494,79184,2981,82165,956
2021-03-27,Yolo,113,214977,13320,13317,258,13575,194
2021-03-27,Yuba,115,75493,5703,5657,108,5765,42
2021-03-26,Alameda,1,1643700,83564,83043,1879,84922,1208
2021-03-26,Alpine,3,1148,86,85,0,85,0
2021-03-26,Amador,5,37829,3563,3532,33,3565,45
2021-03-26,Butte,7,227075,11591,11278,1748,13026,191
2021-03-26,Calaveras,9,45235,2001,1989,12,2001,50
2021-03-26,Colusa,11,21464,1885,1889,281,2170,14
2021-03-26,Contra Costa,13,1133247,65557,64699,1186,65885,761
2021-03-26,Del Norte,15,27424,1146,1101,2,1103,6
2021-03-26,El Dorado,17,186661,9373,9353,648,10001,105
2021-03-26,Fresno,19,978130,99056,98731,8532,107263,1601
2021-03-26,Glenn,21,27897,2328,2307,541,2848,17
2021-03-26,Humboldt,23,135768,3449,3431,24,3455,34
2021-03-26,Imperial,25,180216,27483,27374,2757,30131,701
2021-03-26,Inyo,27,18085,1372,1369,2,1371,35
2021-03-26,Kern,29,883053,94914,93949,10664,104613,1211
2021-03-26,Kings,31,150075,22596,22493,1119,23612,239
2021-03-26,Lake,33,64148,3345,3314,8,3322,43
2021-03-26,Lassen,35,31185,5131,5131,107,5238,1
2021-03-26,Los Angeles,37,10098052,1183578,1178213,42314,1220527,23080
2021-03-26,Madera,39,155013,16042,15952,903,16855,210
2021-03-26,Marin,41,260295,13614,13553,204,13757,221
2021-03-26,Mariposa,43,17540,393,386,5,391,5
2021-03-26,Mendocino,45,87422,3742,3664,71,3735,45
2021-03-26,Merced,47,269075,29735,29613,952,30565,419
2021-03-26,Modoc,49,8938,354,344,120,464,3
2021-03-26,Mono,51,14174,1222,1236,12,1248,3
2021-03-26,Monterey,53,433212,42367,42241,1825,44066,338
2021-03-26,Napa,55,140530,9404,9349,33,9382,78
2021-03-26,Nevada,57,99092,4298,4222,184,4406,83
2021-03-26,Orange,59,3164182,250306,248995,11046,260041,4671
2021-03-26,Placer,61,380077,21431,20679,1277,21956,259
2021-03-26,Plumas,63,18699,665,654,11,665,4
2021-03-26,Riverside,65,2383286,286566,282602,14367,296969,4109
2021-03-26,Sacramento,67,1510023,98500,97040,1453,98493,1509
2021-03-26,San Benito,69,59416,5855,5855,97,5952,61
2021-03-26,San Bernardino,71,2135413,288226,285313,8790,294103,4288
2021-03-26,San Diego,73,3302833,270114,269045,0,269045,3525
2021-03-26,San Francisco,75,870044,35161,35186,1281,36467,472
2021-03-26,San Joaquin,77,732212,69348,68249,3298,71547,1202
2021-03-26,San Luis Obispo,79,281455,20279,20118,649,20767,250
2021-03-26,San Mateo,81,765935,40706,40199,440,40639,348
2021-03-26,Santa Barbara,83,443738,33335,32895,1198,34093,439
2021-03-26,Santa Clara,85,1922200,113504,113959,666,114625,1868
2021-03-26,Santa Cruz,87,273765,15746,15199,862,16061,201
2021-03-26,Shasta,89,179085,11270,11276,1379,12655,182
2021-03-26,Sierra,91,2930,53,50,14,64,0
2021-03-26,Siskiyou,93,43540,1555,1493,277,1770,6
2021-03-26,Solano,95,438530,30788,30640,414,31054,205
2021-03-26,Sonoma,97,501317,29024,29101,269,29370,310
2021-03-26,Stanislaus,99,539301,52706,52420,5794,58214,678
2021-03-26,Sutter,101,95872,9130,9082,85,9167,104
2021-03-26,Tehama,103,63373,4747,4722,533,5255,51
2021-03-26,Trinity,105,12862,359,311,57,368,3
2021-03-26,Tulare,107,460477,48639,48179,9039,57218,813
2021-03-26,Tuolumne,109,53932,3964,3965,34,3999,57
2021-03-26,Ventura,111,848112,79461,79122,2979,82101,953
2021-03-26,Yolo,113,214977,13312,13299,256,13555,194
2021-03-26,Yuba,115,75493,5693,5653,108,5761,42
2021-03-25,Alameda,1,1643700,83466,82945,1877,84822,1206
2021-03-25,Alpine,3,1148,86,84,0,84,0
2021-03-25,Amador,5,37829,3561,3530,33,3563,45
2021-03-25,Butte,7,227075,11581,11270,1748,13018,188
2021-03-25,Calaveras,9,45235,1996,1982,12,1994,50
2021-03-25,Colusa,11,21464,1885,1888,281,2169,14
2021-03-25,Contra Costa,13,1133247,65490,64606,1182,65788,757
2021-03-25,Del Norte,15,27424,1140,1095,2,1097,6
2021-03-25,El Dorado,17,186661,9363,9331,648,9979,105
2021-03-25,Fresno,19,978130,98940,98602,8517,107119,1593
2021-03-25,Glenn,21,27897,2327,2302,540,2842,17
2021-03-25,Humboldt,23,135768,3444,3423,24,3447,34
2021-03-25,Imperial,25,180216,27467,27352,2756,30108,699
2021-03-25,Inyo,27,18085,1372,1369,2,1371,35
2021-03-25,Kern,29,883053,94882,93857,10659,104516,1206
2021-03-25,Kings,31,150075,22585,22472,1119,23591,237
2021-03-25,Lake,33,64148,3340,3312,8,3320,43
2021-03-25,Lassen,35,31185,5131,5129,107,5236,1
2021-03-25,Los Angeles,37,10098052,1183152,1177490,42276,1219766,23051
2021-03-25,Madera,39,155013,16023,15937,901,16838,210
2021-03-25,Marin,41,260295,13605,13538,201,13739,219
2021-03-25,Mariposa,43,17540,393,386,5,391,5
2021-03-25,Mendocino,45,87422,3741,3664,71,3735,45
2021-03-25,Merced,47,269075,29701,29576,943,30519,416
2021-03-25,Modoc,49,8938,354,343,120,463,3
2021-03-25,Mono,51,14174,1222,1235,12,1247,3
2021-03-25,Monterey,53,433212,42346,42220,1820,44040,336
2021-03-25,Napa,55,140530,9385,9321,33,9354,78
2021-03-25,Nevada,57,99092,4280,4202,182,4384,84
2021-03-25,Orange,59,3164182,250194,248871,11024,259895,4655
2021-03-25,Placer,61,380077,21392,20639,1270,21909,252
2021-03-25,Plumas,63,18699,665,654,11,665,4
2021-03-25,Riverside,65,2383286,286469,282492,14356,296848,4078
2021-03-25,Sacramento,67,1510023,98356,96823,1450,98273,1505
2021-03-25,San Benito,69,59416,5852,5850,97,5947,61
2021-03-25,San Bernardino,71,2135413,288146,285134,8785,293919,4222
2021-03-25,San Diego,73,3302833,269887,268623,0,268623,3520
2021-03-25,San Francisco,75,870044,35122,35154,1279,36433,468
2021-03-25,San Joaquin,77,732212,69252,68089,3249,71338,1196
2021-03-25,San Luis Obispo,79,281455,20262,20076,648,20724,250
2021-03-25,San Mateo,81,765935,40666,40147,440,40587,348
2021-03-25,Santa Barbara,83,443738,33308,32857,1197,34054,439
2021-03-25,Santa Clara,85,1922200,113401,113877,664,114541,1868
2021-03-25,Santa Cruz,87,273765,15725,15170,862,16032,201
2021-03-25,Shasta,89,179085,11253,11262,1377,12639,181
2021-03-25,Sierra,91,2930,53,50,14,64,0
2021-03-25,Siskiyou,93,43540,1553,1491,276,1767,6
2021-03-25,Solano,95,438530,30728,30583,412,30995,193
2021-03-25,Sonoma,97,501317,28990,29060,265,29325,310
2021-03-25,Stanislaus,99,539301,52639,52321,5787,58108,678
2021-03-25,Sutter,101,95872,9121,9069,85,9154,104
2021-03-25,Tehama,103,63373,4745,4719,532,5251,52
2021-03-25,Trinity,105,12862,359,310,57,367,3
2021-03-25,Tulare,107,460477,48614,48148,9026,57174,811
2021-03-25,Tuolumne,109,53932,3963,3962,34,3996,57
2021-03-25,Ventura,111,848112,79421,79045,2975,82020,952
2021-03-25,Yolo,113,214977,13305,13287,256,13543,194
2021-03-25,Yuba,115,75493,5687,5647,102,5749,42
2021-03-24,Alameda,1,1643700,83372,82871,1874,84745,1199
2021-03-24,Alpine,3,1148,86,84,0,84,0
2021-03-24,Amador,5,37829,3555,3529,33,3562,45
2021-03-24,Butte,7,227075,11571,11252,1744,12996,187
2021-03-24,Calaveras,9,45235,1992,1975,12,1987,50
2021-03-24,Colusa,11,21464,1885,1886,280,2166,14
2021-03-24,Contra Costa,13,1133247,65410,64539,1181,65720,755
2021-03-24,Del Norte,15,27424,1135,1087,2,1089,6
2021-03-24,El Dorado,17,186661,9357,9319,647,9966,105
2021-03-24,Fresno,19,978130,98851,98437,8502,106939,1585
2021-03-24,Glenn,21,27897,2326,2297,539,2836,17
2021-03-24,Humboldt,23,135768,3441,3414,24,3438,34
2021-03-24,Imperial,25,180216,27458,27325,2756,30081,699
2021-03-24,Inyo,27,18085,1372,1368,2,1370,35
2021-03-24,Kern,29,883053,94834,93800,10650,104450,1198
2021-03-24,Kings,31,150075,22570,22456,1117,23573,237
2021-03-24,Lake,33,64148,3336,3307,8,3315,43
2021-03-24,Lassen,35,31185,5129,5130,106,5236,1
2021-03-24,Los Angeles,37,10098052,1182680,1177015,42239,1219254,22993
2021-03-24,Madera,39,155013,16014,15918,900,16818,210
2021-03-24,Marin,41,260295,13592,13526,199,13725,219
2021-03-24,Mariposa,43,17540,393,384,5,389,5
2021-03-24,Mendocino,45,87422,3738,3660,71,3731,45
2021-03-24,Merced,47,269075,29660,29525,943,30468,415
2021-03-24,Modoc,49,8938,353,341,120,461,3
2021-03-24,Mono,51,14174,1221,1243,12,1255,3
2021-03-24,Monterey,53,433212,42324,42201,1817,44018,335
2021-03-24,Napa,55,140530,9365,9310,33,9343,78
2021-03-24,Nevada,57,99092,4266,4191,181,4372,85
2021-03-24,Orange,59,3164182,250078,248775,11005,259780,4638
2021-03-24,Placer,61,380077,21362,20606,1262,21868,250
2021-03-24,Plumas,63,18699,663,652,11,663,4
2021-03-24,Riverside,65,2383286,286386,282410,14354,296764,4058
2021-03-24,Sacramento,67,1510023,98182,96628,1438,98066,1500
2021-03-24,San Benito,69,59416,5851,5847,97,5944,61
2021-03-24,San Bernardino,71,2135413,288061,284983,8784,293767,4170
2021-03-24,San Diego,73,3302833,269672,268413,0,268413,3509
2021-03-24,San Francisco,75,870044,35094,35103,1276,36379,462
2021-03-24,San Joaquin,77,732212,69181,67978,3237,71215,1196
2021-03-24,San Luis Obispo,79,281455,20232,20021,647,20668,250
2021-03-24,San Mateo,81,765935,40617,40083,440,40523,348
2021-03-24,Santa Barbara,83,443738,33281,32810,1197,34007,438
2021-03-24,Santa Clara,85,1922200,113287,113757,660,114417,1851
2021-03-24,Santa Cruz,87,273765,15712,15138,860,15998,202
2021-03-24,Shasta,89,179085,11234,11243,1375,12618,181
2021-03-24,Sierra,91,2930,53,50,14,64,0
2021-03-24,Siskiyou,93,43540,1551,1490,276,1766,6
2021-03-24,Solano,95,438530,30691,30552,411,30963,178
2021-03-24,Sonoma,97,501317,28971,29034,260,29294,310
2021-03-24,Stanislaus,99,539301,52563,52259,5779,58038,677
2021-03-24,Sutter,101,95872,9105,9049,85,9134,104
2021-03-24,Tehama,103,63373,4739,4719,531,5250,49
2021-03-24,Trinity,105,12862,358,310,57,367,3
2021-03-24,Tulare,107,460477,48604,48109,9013,57122,808
2021-03-24,Tuolumne,109,53932,3962,3961,34,3995,57
2021-03-24,Ventura,111,848112,79369,78993,2968,81961,944
2021-03-24,Yolo,113,214977,13294,13269,256,13525,194
2021-03-24,Yuba,115,75493,5681,5634,99,5733,42
2021-03-23,Alameda,1,1643700,83270,82799,1870,84669,1190
2021-03-23,Alpine,3,1148,86,84,0,84,0
2021-03-23,Amador,5,37829,3549,3524,33,3557,45
2021-03-23,Butte,7,227075,11560,11227,1743,12970,187
2021-03-23,Calaveras,9,45235,1992,1971,12,1983,50
2021-03-23,Colusa,11,21464,1883,1885,279,2164,14
2021-03-23,Contra Costa,13,1133247,65311,64491,1180,65671,750
2021-03-23,Del Norte,15,27424,1130,1082,2,1084,6
2021-03-23,El Dorado,17,186661,9347,9318,645,9963,105
2021-03-23,Fresno,19,978130,98740,98362,8477,106839,1575
2021-03-23,Glenn,21,27897,2321,2293,537,2830,17
2021-03-23,Humboldt,23,135768,3432,3405,24,3429,34
2021-03-23,Imperial,25,180216,27450,27320,2756,30076,699
2021-03-23,Inyo,27,18085,1370,1364,2,1366,35
2021-03-23,Kern,29,883053,94727,93728,10643,104371,1191
2021-03-23,Kings,31,150075,22559,22439,1115,23554,237
2021-03-23,Lake,33,64148,3334,3294,8,3302,43
2021-03-23,Lassen,35,31185,5129,5130,106,5236,1
2021-03-23,Los Angeles,37,10098052,1182168,1176572,42199,1218771,22904
2021-03-23,Madera,39,155013,15998,15908,899,16807,210
2021-03-23,Marin,41,260295,13569,13514,197,13711,221
2021-03-23,Mariposa,43,17540,392,384,5,389,5
2021-03-23,Mendocino,45,87422,3736,3652,71,3723,45
2021-03-23,Merced,47,269075,29628,29485,943,30428,415
2021-03-23,Modoc,49,8938,352,342,120,462,3
2021-03-23,Mono,51,14174,1220,1263,12,1275,3
2021-03-23,Monterey,53,433212,42313,42180,1815,43995,335
2021-03-23,Napa,55,140530,9340,9299,33,9332,78
2021-03-23,Nevada,57,99092,4247,4179,180,4359,89
2021-03-23,Orange,59,3164182,249952,248661,10986,259647,4626
2021-03-23,Placer,61,380077,21327,20567,1258,21825,248
2021-03-23,Plumas,63,18699,663,652,11,663,4
2021-03-23,Riverside,65,2383286,286292,282317,14346,296663,4035
2021-03-23,Sacramento,67,1510023,97990,96521,1433,97954,1496
2021-03-23,San Benito,69,59416,5846,5845,96,5941,61
2021-03-23,San Bernardino,71,2135413,287977,284875,8776,293651,4134
2021-03-23,San Diego,73,3302833,269427,268156,0,268156,3498
2021-03-23,San Francisco,75,870044,35037,35071,1269,36340,462
2021-03-23,San Joaquin,77,732212,69085,67903,3219,71122,1182
2021-03-23,San Luis Obispo,79,281455,20192,20009,646,20655,250
2021-03-23,San Mateo,81,765935,40559,40032,439,40471,348
2021-03-23,Santa Barbara,83,443738,33243,32771,1196,33967,438
2021-03-23,Santa Clara,85,1922200,113170,113645,657,114302,1848
2021-03-23,Santa Cruz,87,273765,15697,15106,860,15966,201
2021-03-23,Shasta,89,179085,11221,11234,1374,12608,175
2021-03-23,Sierra,91,2930,53,50,14,64,0
2021-03-23,Siskiyou,93,43540,1546,1485,274,1759,6
2021-03-23,Solano,95,438530,30650,30524,410,30934,178
2021-03-23,Sonoma,97,501317,28935,29020,258,29278,310
2021-03-23,Stanislaus,99,539301,52463,52148,5771,57919,677
2021-03-23,Sutter,101,95872,9097,9039,85,9124,104
2021-03-23,Tehama,103,63373,4728,4707,530,5237,46
2021-03-23,Trinity,105,12862,358,310,57,367,3
2021-03-23,Tulare,107,460477,48577,48095,8997,57092,808
2021-03-23,Tuolumne,109,53932,3959,3957,34,3991,57
2021-03-23,Ventura,111,848112,79308,78930,2965,81895,932
2021-03-23,Yolo,113,214977,13283,13255,256,13511,194
2021-03-23,Yuba,115,75493,5676,5628,99,5727,42
2021-03-22,Alameda,1,1643700,83178,82748,1865,84613,1189
2021-03-22,Alpine,3,1148,85,83,0,83,0
2021-03-22,Amador,5,37829,3541,3522,33,3555,44
2021-03-22,Butte,7,227075,11551,11211,1741,12952,185
2021-03-22,Calaveras,9,45235,1989,1963,12,1975,49
2021-03-22,Colusa,11,21464,1882,1885,278,2163,13
2021-03-22,Contra Costa,13,1133247,65216,64432,1178,65610,740
2021-03-22,Del Norte,15,27424,1124,1082,2,1084,6
2021-03-22,El Dorado,17,186661,9331,9310,642,9952,105
2021-03-22,Fresno,19,978130,98644,98276,8463,106739,1556
2021-03-22,Glenn,21,27897,2313,2291,537,2828,17
2021-03-22,Humboldt,23,135768,3427,3403,24,3427,34
2021-03-22,Imperial,25,180216,27435,27302,2752,30054,699
2021-03-22,Inyo,27,18085,1367,1363,2,1365,35
2021-03-22,Kern,29,883053,94657,93675,10626,104301,1178
2021-03-22,Kings,31,150075,22546,22433,1110,23543,236
2021-03-22,Lake,33,64148,3333,3290,8,3298,43
2021-03-22,Lassen,35,31185,5127,5129,106,5235,1
2021-03-22,Los Angeles,37,10098052,1181663,1176205,42164,1218369,22843
2021-03-22,Madera,39,155013,15983,15904,899,16803,210
2021-03-22,Marin,41,260295,13560,13501,196,13697,221
2021-03-22,Mariposa,43,17540,391,381,5,386,5
2021-03-22,Mendocino,45,87422,3734,3653,71,3724,45
2021-03-22,Merced,47,269075,29585,29468,940,30408,413
2021-03-22,Modoc,49,8938,350,342,120,462,3
2021-03-22,Mono,51,14174,1215,1263,12,1275,3
2021-03-22,Monterey,53,433212,42296,42161,1813,43974,335
2021-03-22,Napa,55,140530,9329,9288,33,9321,77
2021-03-22,Nevada,57,99092,4237,4174,175,4349,89
2021-03-22,Orange,59,3164182,249802,248517,10951,259468,4599
2021-03-22,Placer,61,380077,21291,20543,1253,21796,242
2021-03-22,Plumas,63,18699,663,652,11,663,4
2021-03-22,Riverside,65,2383286,286199,282242,14335,296577,4009
2021-03-22,Sacramento,67,1510023,97813,96385,1423,97808,1493
2021-03-22,San Benito,69,59416,5843,5844,95,5939,61
2021-03-22,San Bernardino,71,2135413,287888,284771,8763,293534,4107
2021-03-22,San Diego,73,3302833,269216,267913,0,267913,3494
2021-03-22,San Francisco,75,870044,34995,35040,1265,36305,462
2021-03-22,San Joaquin,77,732212,68994,67815,3200,71015,1182
2021-03-22,San Luis Obispo,79,281455,20168,20000,645,20645,250
2021-03-22,San Mateo,81,765935,40509,40024,437,40461,348
2021-03-22,Santa Barbara,83,443738,33198,32756,1193,33949,437
2021-03-22,Santa Clara,85,1922200,113051,113575,657,114232,1845
2021-03-22,Santa Cruz,87,273765,15685,15077,859,15936,201
2021-03-22,Shasta,89,179085,11207,11218,1373,12591,150
2021-03-22,Sierra,91,2930,53,50,14,64,0
2021-03-22,Siskiyou,93,43540,1545,1487,273,1760,5
2021-03-22,Solano,95,438530,30611,30490,406,30896,171
2021-03-22,Sonoma,97,501317,28906,29010,254,29264,310
2021-03-22,Stanislaus,99,539301,52379,52083,5766,57849,677
2021-03-22,Sutter,101,95872,9084,9024,85,9109,104
2021-03-22,Tehama,103,63373,4720,4704,530,5234,45
2021-03-22,Trinity,105,12862,358,310,57,367,3
2021-03-22,Tulare,107,460477,48562,48074,8976,57050,807
2021-03-22,Tuolumne,109,53932,3956,3954,34,3988,57
2021-03-22,Ventura,111,848112,79260,78890,2962,81852,927
2021-03-22,Yolo,113,214977,13271,13243,255,13498,190
2021-03-22,Yuba,115,75493,5665,5627,97,5724,42
2021-03-21,Alameda,1,1643700,83090,82684,1862,84546,1187
2021-03-21,Alpine,3,1148,85,83,0,83,0
2021-03-21,Amador,5,37829,3537,3519,33,3552,44
2021-03-21,Butte,7,227075,11535,11208,1735,12943,185
2021-03-21,Calaveras,9,45235,1986,1962,12,1974,49
2021-03-21,Colusa,11,21464,1882,1885,278,2163,13
2021-03-21,Contra Costa,13,1133247,65134,64382,1174,65556,740
2021-03-21,Del Norte,15,27424,1109,1076,2,1078,6
2021-03-21,El Dorado,17,186661,9321,9302,637,9939,105
2021-03-21,Fresno,19,978130,98532,98211,8439,106650,1556
2021-03-21,Glenn,21,27897,2310,2288,536,2824,17
2021-03-21,Humboldt,23,135768,3422,3402,24,3426,34
2021-03-21,Imperial,25,180216,27418,27267,2743,30010,699
2021-03-21,Inyo,27,18085,1367,1363,2,1365,35
2021-03-21,Kern,29,883053,94593,93649,10615,104264,1170
2021-03-21,Kings,31,150075,22529,22422,1109,23531,236
2021-03-21,Lake,33,64148,3329,3286,8,3294,43
2021-03-21,Lassen,35,31185,5127,5129,106,5235,1
2021-03-21,Los Angeles,37,10098052,1181140,1175684,42113,1217797,22834
2021-03-21,Madera,39,155013,15964,15895,897,16792,210
2021-03-21,Marin,41,260295,13544,13495,195,13690,220
2021-03-21,Mariposa,43,17540,391,381,5,386,5
2021-03-21,Mendocino,45,87422,3731,3651,71,3722,45
2021-03-21,Merced,47,269075,29525,29446,934,30380,413
2021-03-21,Modoc,49,8938,350,341,120,461,3
2021-03-21,Mono,51,14174,1210,1263,12,1275,3
2021-03-21,Monterey,53,433212,42271,42153,1810,43963,335
2021-03-21,Napa,55,140530,9309,9282,33,9315,77
2021-03-21,Nevada,57,99092,4224,4169,175,4344,89
2021-03-21,Orange,59,3164182,249670,248442,10923,259365,4598
2021-03-21,Placer,61,380077,21255,20520,1245,21765,242
2021-03-21,Plumas,63,18699,663,653,11,664,4
2021-03-21,Riverside,65,2383286,286094,282187,14323,296510,4009
2021-03-21,Sacramento,67,1510023,97618,96269,1415,97684,1489
2021-03-21,San Benito,69,59416,5837,5842,95,5937,61
2021-03-21,San Bernardino,71,2135413,287794,284732,8756,293488,4094
2021-03-21,San Diego,73,3302833,268956,267724,0,267724,3494
2021-03-21,San Francisco,75,870044,34948,35012,1258,36270,460
2021-03-21,San Joaquin,77,732212,68872,67729,3182,70911,1182
2021-03-21,San Luis Obispo,79,281455,20136,19979,643,20622,250
2021-03-21,San Mateo,81,765935,40465,39988,436,40424,344
2021-03-21,Santa Barbara,83,443738,33159,32743,1191,33934,437
2021-03-21,Santa Clara,85,1922200,112922,113487,654,114141,1840
2021-03-21,Santa Cruz,87,273765,15678,15064,859,15923,199
2021-03-21,Shasta,89,179085,11187,11215,1372,12587,150
2021-03-21,Sierra,91,2930,53,50,14,64,0
2021-03-21,Siskiyou,93,43540,1545,1486,272,1758,5
2021-03-21,Solano,95,438530,30571,30474,403,30877,171
2021-03-21,Sonoma,97,501317,28878,28986,253,29239,310
2021-03-21,Stanislaus,99,539301,52289,52014,5765,57779,677
2021-03-21,Sutter,101,95872,9071,9021,85,9106,104
2021-03-21,Tehama,103,63373,4716,4701,530,5231,45
2021-03-21,Trinity,105,12862,356,310,57,367,3
2021-03-21,Tulare,107,460477,48546,48060,8964,57024,807
2021-03-21,Tuolumne,109,53932,3954,3953,34,3987,57
2021-03-21,Ventura,111,848112,79196,78863,2957,81820,927
2021-03-21,Yolo,113,214977,13250,13235,255,13490,190
2021-03-21,Yuba,115,75493,5655,5624,97,5721,42
2021-03-20,Alameda,1,1643700,83021,82614,1860,84474,1178
2021-03-20,Alpine,3,1148,85,83,0,83,0
2021-03-20,Amador,5,37829,3535,3518,33,3551,44
2021-03-20,Butte,7,227075,11529,11199,1733,12932,185
2021-03-20,Calaveras,9,45235,1982,1961,12,1973,49
2021-03-20,Colusa,11,21464,1882,1883,278,2161,12
2021-03-20,Contra Costa,13,1133247,65074,64313,1174,65487,713
2021-03-20,Del Norte,15,27424,1108,1075,2,1077,6
2021-03-20,El Dorado,17,186661,9315,9290,637,9927,105
2021-03-20,Fresno,19,978130,98472,98112,8432,106544,1532
2021-03-20,Glenn,21,27897,2309,2288,534,2822,17
2021-03-20,Humboldt,23,135768,3415,3399,24,3423,33
2021-03-20,Imperial,25,180216,27412,27239,2741,29980,695
2021-03-20,Inyo,27,18085,1367,1362,2,1364,35
2021-03-20,Kern,29,883053,94564,93606,10610,104216,1155
2021-03-20,Kings,31,150075,22524,22415,1108,23523,236
2021-03-20,Lake,33,64148,3325,3280,8,3288,43
2021-03-20,Lassen,35,31185,5127,5128,106,5234,1
2021-03-20,Los Angeles,37,10098052,1180845,1175290,42085,1217375,22810
2021-03-20,Madera,39,155013,15956,15891,896,16787,210
2021-03-20,Marin,41,260295,13532,13470,191,13661,220
2021-03-20,Mariposa,43,17540,390,381,5,386,5
2021-03-20,Mendocino,45,87422,3730,3639,71,3710,43
2021-03-20,Merced,47,269075,29494,29411,931,30342,412
2021-03-20,Modoc,49,8938,349,341,120,461,3
2021-03-20,Mono,51,14174,1210,1256,12,1268,3
2021-03-20,Monterey,53,433212,42262,42146,1809,43955,334
2021-03-20,Napa,55,140530,9301,9274,33,9307,77
2021-03-20,Nevada,57,99092,4213,4164,174,4338,89
2021-03-20,Orange,59,3164182,249589,248348,10910,259258,4522
2021-03-20,Placer,61,380077,21233,20505,1243,21748,242
2021-03-20,Plumas,63,18699,660,652,11,663,4
2021-03-20,Riverside,65,2383286,286021,282081,14319,296400,4000
2021-03-20,Sacramento,67,1510023,97508,96126,1411,97537,1488
2021-03-20,San Benito,69,59416,5833,5840,95,5935,61
2021-03-20,San Bernardino,71,2135413,287731,284690,8752,293442,3965
2021-03-20,San Diego,73,3302833,268785,267532,0,267532,3493
2021-03-20,San Francisco,75,870044,34925,34968,1251,36219,453
2021-03-20,San Joaquin,77,732212,68831,67662,3175,70837,1161
2021-03-20,San Luis Obispo,79,281455,20120,19951,637,20588,250
2021-03-20,San Mateo,81,765935,40431,39958,435,40393,344
2021-03-20,Santa Barbara,83,443738,33135,32723,1190,33913,434
2021-03-20,Santa Clara,85,1922200,112830,113384,653,114037,1799
2021-03-20,Santa Cruz,87,273765,15662,15053,859,15912,199
2021-03-20,Shasta,89,179085,11181,11211,1372,12583,147
2021-03-20,Sierra,91,2930,53,50,14,64,0
2021-03-20,Siskiyou,93,43540,1545,1483,272,1755,5
2021-03-20,Solano,95,438530,30541,30439,403,30842,170
2021-03-20,Sonoma,97,501317,28863,28962,252,29214,309
2021-03-20,Stanislaus,99,539301,52233,51925,5757,57682,673
2021-03-20,Sutter,101,95872,9063,9014,85,9099,103
2021-03-20,Tehama,103,63373,4711,4696,528,5224,33
2021-03-20,Trinity,105,12862,355,310,57,367,3
2021-03-20,Tulare,107,460477,48531,48030,8947,56977,804
2021-03-20,Tuolumne,109,53932,3951,3950,34,3984,57
2021-03-20,Ventura,111,848112,79159,78818,2955,81773,922
2021-03-20,Yolo,113,214977,13246,13226,255,13481,190
2021-03-20,Yuba,115,75493,5652,5621,96,5717,42
2021-03-19,Alameda,1,1643700,82948,82499,1858,84357,1187
2021-03-19,Alpine,3,1148,84,82,0,82,0
2021-03-19,Amador,5,37829,3532,3515,33,3548,44
2021-03-19,Butte,7,227075,11520,11191,1730,12921,185
2021-03-19,Calaveras,9,45235,1981,1957,12,1969,49
2021-03-19,Colusa,11,21464,1881,1883,278,2161,12
2021-03-19,Contra Costa,13,1133247,65015,64195,1171,65366,737
2021-03-19,Del Norte,15,27424,1102,1071,0,1071,6
2021-03-19,El Dorado,17,186661,9306,9274,637,9911,105
2021-03-19,Fresno,19,978130,98391,97969,8417,106386,1527
2021-03-19,Glenn,21,27897,2309,2282,534,2816,17
2021-03-19,Humboldt,23,135768,3406,3388,24,3412,33
2021-03-19,Imperial,25,180216,27401,27218,2736,29954,695
2021-03-19,Inyo,27,18085,1365,1356,2,1358,35
2021-03-19,Kern,29,883053,94531,93534,10597,104131,1152
2021-03-19,Kings,31,150075,22515,22369,1105,23474,235
2021-03-19,Lake,33,64148,3319,3262,8,3270,43
2021-03-19,Lassen,35,31185,5127,5126,106,5232,1
2021-03-19,Los Angeles,37,10098052,1180510,1174818,42069,1216887,22752
2021-03-19,Madera,39,155013,15949,15877,895,16772,210
2021-03-19,Marin,41,260295,13520,13441,191,13632,220
2021-03-19,Mariposa,43,17540,389,380,5,385,5
2021-03-19,Mendocino,45,87422,3729,3639,71,3710,45
2021-03-19,Merced,47,269075,29465,29376,930,30306,412
2021-03-19,Modoc,49,8938,349,341,120,461,3
2021-03-19,Mono,51,14174,1208,1244,12,1256,3
2021-03-19,Monterey,53,433212,42253,42125,1807,43932,335
2021-03-19,Napa,55,140530,9289,9256,33,9289,77
2021-03-19,Nevada,57,99092,4202,4156,174,4330,88
2021-03-19,Orange,59,3164182,249490,248146,10897,259043,4501
2021-03-19,Placer,61,380077,21215,20451,1241,21692,242
2021-03-19,Plumas,63,18699,660,650,11,661,4
2021-03-19,Riverside,65,2383286,285939,281937,14314,296251,3989
2021-03-19,Sacramento,67,1510023,97406,95934,1408,97342,1486
2021-03-19,San Benito,69,59416,5833,5845,95,5940,61
2021-03-19,San Bernardino,71,2135413,287664,284501,8750,293251,4017
2021-03-19,San Diego,73,3302833,268650,267173,0,267173,3491
2021-03-19,San Francisco,75,870044,34879,34936,1248,36184,461
2021-03-19,San Joaquin,77,732212,68761,67515,3161,70676,1180
2021-03-19,San Luis Obispo,79,281455,20100,19913,635,20548,249
2021-03-19,San Mateo,81,765935,40407,39893,435,40328,344
2021-03-19,Santa Barbara,83,443738,33106,32685,1189,33874,435
2021-03-19,Santa Clara,85,1922200,112756,113232,652,113884,1797
2021-03-19,Santa Cruz,87,273765,15655,15026,859,15885,199
2021-03-19,Shasta,89,179085,11174,11104,1370,12474,103
2021-03-19,Sierra,91,2930,52,49,14,63,0
2021-03-19,Siskiyou,93,43540,1545,1480,271,1751,5
2021-03-19,Solano,95,438530,30511,30395,401,30796,172
2021-03-19,Sonoma,97,501317,28842,28932,250,29182,292
2021-03-19,Stanislaus,99,539301,52175,51755,5754,57509,679
2021-03-19,Sutter,101,95872,9061,9005,85,9090,103
2021-03-19,Tehama,103,63373,4703,4685,528,5213,33
2021-03-19,Trinity,105,12862,355,310,57,367,3
2021-03-19,Tulare,107,460477,48508,47989,8924,56913,805
2021-03-19,Tuolumne,109,53932,3948,3946,34,3980,57
2021-03-19,Ventura,111,848112,79121,78753,2950,81703,920
2021-03-19,Yolo,113,214977,13238,13197,255,13452,189
2021-03-19,Yuba,115,75493,5649,5615,95,5710,42
2021-03-18,Alameda,1,1643700,82864,82419,1855,84274,1189
2021-03-18,Alpine,3,1148,84,82,0,82,0
2021-03-18,Amador,5,37829,3528,3513,33,3546,44
2021-03-18,Butte,7,227075,11509,11179,1728,12907,185
2021-03-18,Calaveras,9,45235,1979,1954,12,1966,49
2021-03-18,Colusa,11,21464,1881,1882,278,2160,12
2021-03-18,Contra Costa,13,1133247,64942,64103,1168,65271,739
2021-03-18,Del Norte,15,27424,1093,1059,0,1059,6
2021-03-18,El Dorado,17,186661,9293,9261,636,9897,105
2021-03-18,Fresno,19,978130,98296,97856,8402,106258,1527
2021-03-18,Glenn,21,27897,2305,2275,533,2808,17
2021-03-18,Humboldt,23,135768,3398,3381,24,3405,34
2021-03-18,Imperial,25,180216,27385,27190,2730,29920,695
2021-03-18,Inyo,27,18085,1362,1354,2,1356,35
2021-03-18,Kern,29,883053,94474,93458,10583,104041,1158
2021-03-18,Kings,31,150075,22508,22354,1104,23458,235
2021-03-18,Lake,33,64148,3316,3260,8,3268,43
2021-03-18,Lassen,35,31185,5126,5126,106,5232,1
2021-03-18,Los Angeles,37,10098052,1180081,1174205,42038,1216243,22689
2021-03-18,Madera,39,155013,15937,15860,893,16753,211
2021-03-18,Marin,41,260295,13502,13435,190,13625,219
2021-03-18,Mariposa,43,17540,387,380,5,385,5
2021-03-18,Mendocino,45,87422,3719,3630,71,3701,45
2021-03-18,Merced,47,269075,29430,29317,930,30247,410
2021-03-18,Modoc,49,8938,349,341,120,461,3
2021-03-18,Mono,51,14174,1204,1215,12,1227,3
2021-03-18,Monterey,53,433212,42239,42105,1807,43912,335
2021-03-18,Napa,55,140530,9280,9243,33,9276,77
2021-03-18,Nevada,57,99092,4195,4154,174,4328,74
2021-03-18,Orange,59,3164182,249387,248050,10884,258934,4514
2021-03-18,Placer,61,380077,21182,20421,1238,21659,243
2021-03-18,Plumas,63,18699,658,648,11,659,4
2021-03-18,Riverside,65,2383286,285860,281789,14307,296096,3957
2021-03-18,Sacramento,67,1510023,97255,95819,1404,97223,1481
2021-03-18,San Benito,69,59416,5831,5842,95,5937,61
2021-03-18,San Bernardino,71,2135413,287585,284294,8720,293014,4076
2021-03-18,San Diego,73,3302833,268498,266752,0,266752,3478
2021-03-18,San Francisco,75,870044,34841,34904,1247,36151,461
2021-03-18,San Joaquin,77,732212,68661,67301,3149,70450,1169
2021-03-18,San Luis Obispo,79,281455,20071,19894,634,20528,249
2021-03-18,San Mateo,81,765935,40366,39874,435,40309,344
2021-03-18,Santa Barbara,83,443738,33064,32640,1189,33829,434
2021-03-18,Santa Clara,85,1922200,112639,113119,648,113767,1808
2021-03-18,Santa Cruz,87,273765,15645,14998,859,15857,198
2021-03-18,Shasta,89,179085,11160,11059,1368,12427,100
2021-03-18,Sierra,91,2930,52,49,14,63,0
2021-03-18,Siskiyou,93,43540,1542,1480,270,1750,5
2021-03-18,Solano,95,438530,30469,30352,398,30750,172
2021-03-18,Sonoma,97,501317,28820,28915,248,29163,292
2021-03-18,Stanislaus,99,539301,52103,51615,5750,57365,682
2021-03-18,Sutter,101,95872,9049,8999,85,9084,103
2021-03-18,Tehama,103,63373,4697,4683,527,5210,35
2021-03-18,Trinity,105,12862,355,310,57,367,3
2021-03-18,Tulare,107,460477,48489,47964,8909,56873,805
2021-03-18,Tuolumne,109,53932,3948,3942,34,3976,57
2021-03-18,Ventura,111,848112,79065,78697,2950,81647,918
2021-03-18,Yolo,113,214977,13225,13183,255,13438,191
2021-03-18,Yuba,115,75493,5645,5612,95,5707,42
2021-03-17,Alameda,1,1643700,82789,82353,1850,84203,1185
2021-03-17,Alpine,3,1148,84,82,0,82,0
2021-03-17,Amador,5,37829,3526,3511,33,3544,44
2021-03-17,Butte,7,227075,11500,11170,1726,12896,185
2021-03-17,Calaveras,9,45235,1978,1946,12,1958,49
2021-03-17,Colusa,11,21464,1880,1882,278,2160,12
2021-03-17,Contra Costa,13,1133247,64872,64026,1167,65193,737
2021-03-17,Del Norte,15,27424,1089,1053,0,1053,6
2021-03-17,El Dorado,17,186661,9283,9252,636,9888,105
2021-03-17,Fresno,19,978130,98186,97727,8383,106110,1507
2021-03-17,Glenn,21,27897,2298,2269,532,2801,17
2021-03-17,Humboldt,23,135768,3390,3365,24,3389,33
2021-03-17,Imperial,25,180216,27368,27168,2728,29896,691
2021-03-17,Inyo,27,18085,1360,1351,2,1353,35
2021-03-17,Kern,29,883053,94418,93392,10570,103962,1149
2021-03-17,Kings,31,150075,22492,22336,1103,23439,233
2021-03-17,Lake,33,64148,3309,3251,8,3259,43
2021-03-17,Lassen,35,31185,5125,5125,106,5231,1
2021-03-17,Los Angeles,37,10098052,1179634,1173416,42004,1215420,22602
2021-03-17,Madera,39,155013,15930,15835,892,16727,214
2021-03-17,Marin,41,260295,13484,13428,189,13617,218
2021-03-17,Mariposa,43,17540,387,379,5,384,5
2021-03-17,Mendocino,45,87422,3715,3625,71,3696,44
2021-03-17,Merced,47,269075,29402,29250,926,30176,408
2021-03-17,Modoc,49,8938,349,341,120,461,3
2021-03-17,Mono,51,14174,1202,1212,12,1224,3
2021-03-17,Monterey,53,433212,42220,42061,1804,43865,334
2021-03-17,Napa,55,140530,9265,9219,33,9252,76
2021-03-17,Nevada,57,99092,4185,4145,174,4319,74
2021-03-17,Orange,59,3164182,249269,247943,10856,258799,4502
2021-03-17,Placer,61,380077,21155,20369,1236,21605,243
2021-03-17,Plumas,63,18699,657,645,11,656,4
2021-03-17,Riverside,65,2383286,285748,281649,14299,295948,3925
2021-03-17,Sacramento,67,1510023,97128,95650,1398,97048,1477
2021-03-17,San Benito,69,59416,5828,5841,95,5936,61
2021-03-17,San Bernardino,71,2135413,287470,284170,8715,292885,4049
2021-03-17,San Diego,73,3302833,268287,266313,0,266313,3470
2021-03-17,San Francisco,75,870044,34806,34873,1246,36119,457
2021-03-17,San Joaquin,77,732212,68579,67093,3133,70226,1164
2021-03-17,San Luis Obispo,79,281455,20048,19858,630,20488,249
2021-03-17,San Mateo,81,765935,40335,39838,434,40272,344
2021-03-17,Santa Barbara,83,443738,33044,32585,1188,33773,433
2021-03-17,Santa Clara,85,1922200,112546,112983,647,113630,1805
2021-03-17,Santa Cruz,87,273765,15637,14967,859,15826,199
2021-03-17,Shasta,89,179085,11155,11045,1365,12410,100
2021-03-17,Sierra,91,2930,52,49,14,63,0
2021-03-17,Siskiyou,93,43540,1541,1479,268,1747,5
2021-03-17,Solano,95,438530,30443,30320,396,30716,171
2021-03-17,Sonoma,97,501317,28796,28877,247,29124,292
2021-03-17,Stanislaus,99,539301,52030,51524,5743,57267,682
2021-03-17,Sutter,101,95872,9039,8982,85,9067,103
2021-03-17,Tehama,103,63373,4691,4670,527,5197,34
2021-03-17,Trinity,105,12862,355,308,57,365,3
2021-03-17,Tulare,107,460477,48469,47929,8899,56828,805
2021-03-17,Tuolumne,109,53932,3945,3938,34,3972,57
2021-03-17,Ventura,111,848112,79010,78648,2947,81595,916
2021-03-17,Yolo,113,214977,13210,13169,254,13423,190
2021-03-17,Yuba,115,75493,5642,5603,95,5698,42
2021-03-16,Alameda,1,1643700,82676,82259,1848,84107,1177
2021-03-16,Alpine,3,1148,84,82,0,82,0
2021-03-16,Amador,5,37829,3524,3510,33,3543,44
2021-03-16,Butte,7,227075,11488,11154,1725,12879,184
2021-03-16,Calaveras,9,45235,1973,1945,12,1957,49
2021-03-16,Colusa,11,21464,1879,1882,278,2160,12
2021-03-16,Contra Costa,13,1133247,64791,63951,1163,65114,736
2021-03-16,Del Norte,15,27424,1081,1048,0,1048,6
2021-03-16,El Dorado,17,186661,9267,9249,636,9885,105
2021-03-16,Fresno,19,978130,98053,97638,8359,105997,1498
2021-03-16,Glenn,21,27897,2290,2267,528,2795,17
2021-03-16,Humboldt,23,135768,3386,3351,24,3375,33
2021-03-16,Imperial,25,180216,27357,27143,2726,29869,689
2021-03-16,Inyo,27,18085,1359,1346,2,1348,35
2021-03-16,Kern,29,883053,94353,93340,10554,103894,1144
2021-03-16,Kings,31,150075,22456,22320,1102,23422,233
2021-03-16,Lake,33,64148,3301,3246,8,3254,43
2021-03-16,Lassen,35,31185,5124,5126,106,5232,1
2021-03-16,Los Angeles,37,10098052,1179104,1172676,41964,1214640,22527
2021-03-16,Madera,39,155013,15914,15822,890,16712,214
2021-03-16,Marin,41,260295,13466,13419,189,13608,218
2021-03-16,Mariposa,43,17540,384,379,5,384,5
2021-03-16,Mendocino,45,87422,3710,3623,71,3694,44
2021-03-16,Merced,47,269075,29349,29198,925,30123,407
2021-03-16,Modoc,49,8938,349,341,120,461,3
2021-03-16,Mono,51,14174,1201,1207,12,1219,3
2021-03-16,Monterey,53,433212,42201,42023,1804,43827,334
2021-03-16,Napa,55,140530,9255,9209,33,9242,75
2021-03-16,Nevada,57,99092,4176,4132,173,4305,67
2021-03-16,Orange,59,3164182,249133,247843,10836,258679,4479
2021-03-16,Placer,61,380077,21122,20339,1231,21570,240
2021-03-16,Plumas,63,18699,656,643,11,654,4
2021-03-16,Riverside,65,2383286,285643,281540,14287,295827,3893
2021-03-16,Sacramento,67,1510023,96991,95522,1395,96917,1466
2021-03-16,San Benito,69,59416,5823,5831,95,5926,61
2021-03-16,San Bernardino,71,2135413,287343,283980,8707,292687,4032
2021-03-16,San Diego,73,3302833,268055,265903,0,265903,3462
2021-03-16,San Francisco,75,870044,34777,34833,1241,36074,456
2021-03-16,San Joaquin,77,732212,68477,66856,3120,69976,1163
2021-03-16,San Luis Obispo,79,281455,20019,19832,628,20460,248
2021-03-16,San Mateo,81,765935,40301,39806,433,40239,344
2021-03-16,Santa Barbara,83,443738,33012,32556,1187,33743,433
2021-03-16,Santa Clara,85,1922200,112428,112845,644,113489,1797
2021-03-16,Santa Cruz,87,273765,15631,14926,859,15785,199
2021-03-16,Shasta,89,179085,11141,11035,1362,12397,100
2021-03-16,Sierra,91,2930,51,49,14,63,0
2021-03-16,Siskiyou,93,43540,1537,1477,268,1745,5
2021-03-16,Solano,95,438530,30409,30298,395,30693,171
2021-03-16,Sonoma,97,501317,28765,28850,245,29095,291
2021-03-16,Stanislaus,99,539301,51950,51410,5736,57146,683
2021-03-16,Sutter,101,95872,9031,8970,85,9055,102
2021-03-16,Tehama,103,63373,4687,4660,526,5186,34
2021-03-16,Trinity,105,12862,355,308,56,364,3
2021-03-16,Tulare,107,460477,48421,47895,8891,56786,803
2021-03-16,Tuolumne,109,53932,3942,3938,34,3972,57
2021-03-16,Ventura,111,848112,78943,78671,2940,81611,916
2021-03-16,Yolo,113,214977,13195,13162,254,13416,190
2021-03-16,Yuba,115,75493,5639,5596,94,5690,42
2021-03-15,Alameda,1,1643700,82589,82159,1848,84007,1167
2021-03-15,Alpine,3,1148,84,82,0,82,0
2021-03-15,Amador,5,37829,3523,3506,33,3539,44
2021-03-15,Butte,7,227075,11475,11141,1721,12862,185
2021-03-15,Calaveras,9,45235,1969,1941,12,1953,49
2021-03-15,Colusa,11,21464,1879,1883,278,2161,12
2021-03-15,Contra Costa,13,1133247,64729,63847,1162,65009,732
2021-03-15,Del Norte,15,27424,1078,1048,0,1048,6
2021-03-15,El Dorado,17,186661,9261,9235,635,9870,103
2021-03-15,Fresno,19,978130,97927,97520,8343,105863,1496
2021-03-15,Glenn,21,27897,2285,2261,525,2786,15
2021-03-15,Humboldt,23,135768,3380,3337,24,3361,32
2021-03-15,Imperial,25,180216,27336,27122,2724,29846,684
2021-03-15,Inyo,27,18085,1359,1346,2,1348,35
2021-03-15,Kern,29,883053,94293,93266,10547,103813,1141
2021-03-15,Kings,31,150075,22439,22294,1097,23391,233
2021-03-15,Lake,33,64148,3289,3237,8,3245,43
2021-03-15,Lassen,35,31185,5124,5125,106,5231,1
2021-03-15,Los Angeles,37,10098052,1178545,1172445,41923,1214368,22477
2021-03-15,Madera,39,155013,15903,15806,888,16694,214
2021-03-15,Marin,41,260295,13460,13408,188,13596,218
2021-03-15,Mariposa,43,17540,384,376,5,381,5
2021-03-15,Mendocino,45,87422,3706,3615,71,3686,44
2021-03-15,Merced,47,269075,29309,29169,924,30093,407
2021-03-15,Modoc,49,8938,349,340,120,460,3
2021-03-15,Mono,51,14174,1200,1206,12,1218,3
2021-03-15,Monterey,53,433212,42173,42011,1801,43812,333
2021-03-15,Napa,55,140530,9244,9196,33,9229,75
2021-03-15,Nevada,57,99092,4171,4123,172,4295,66
2021-03-15,Orange,59,3164182,249021,247697,10816,258513,4481
2021-03-15,Placer,61,380077,21099,20308,1231,21539,238
2021-03-15,Plumas,63,18699,656,642,11,653,4
2021-03-15,Riverside,65,2383286,285500,281367,14275,295642,3856
2021-03-15,Sacramento,67,1510023,96837,95414,1389,96803,1463
2021-03-15,San Benito,69,59416,5820,5831,95,5926,61
2021-03-15,San Bernardino,71,2135413,287250,283815,8699,292514,4004
2021-03-15,San Diego,73,3302833,267804,265646,0,265646,3452
2021-03-15,San Francisco,75,870044,34741,34820,1237,36057,456
2021-03-15,San Joaquin,77,732212,68373,66622,3107,69729,1140
2021-03-15,San Luis Obispo,79,281455,19989,19813,623,20436,247
2021-03-15,San Mateo,81,765935,40248,39765,433,40198,344
2021-03-15,Santa Barbara,83,443738,32990,32529,1184,33713,431
2021-03-15,Santa Clara,85,1922200,112327,112729,642,113371,1798
2021-03-15,Santa Cruz,87,273765,15625,14899,857,15756,200
2021-03-15,Shasta,89,179085,11125,11019,1357,12376,92
2021-03-15,Sierra,91,2930,51,49,14,63,0
2021-03-15,Siskiyou,93,43540,1537,1475,268,1743,5
2021-03-15,Solano,95,438530,30380,30258,394,30652,171
2021-03-15,Sonoma,97,501317,28747,28814,242,29056,285
2021-03-15,Stanislaus,99,539301,51873,51357,5729,57086,683
2021-03-15,Sutter,101,95872,9025,8962,85,9047,102
2021-03-15,Tehama,103,63373,4677,4650,525,5175,34
2021-03-15,Trinity,105,12862,355,308,56,364,3
2021-03-15,Tulare,107,460477,48391,47857,8876,56733,800
2021-03-15,Tuolumne,109,53932,3940,3937,33,3970,57
2021-03-15,Ventura,111,848112,78889,78626,2939,81565,910
2021-03-15,Yolo,113,214977,13176,13131,252,13383,190
2021-03-15,Yuba,115,75493,5634,5585,93,5678,42
2021-03-14,Alameda,1,1643700,82503,82116,1845,83961,1168
2021-03-14,Alpine,3,1148,84,82,0,82,0
2021-03-14,Amador,5,37829,3518,3504,33,3537,44
2021-03-14,Butte,7,227075,11462,11140,1717,12857,185
2021-03-14,Calaveras,9,45235,1965,1939,12,1951,49
2021-03-14,Colusa,11,21464,1879,1883,278,2161,12
2021-03-14,Contra Costa,13,1133247,64625,63808,1160,64968,731
2021-03-14,Del Norte,15,27424,1064,1048,0,1048,6
2021-03-14,El Dorado,17,186661,9251,9231,635,9866,103
2021-03-14,Fresno,19,978130,97820,97461,8324,105785,1496
2021-03-14,Glenn,21,27897,2280,2260,522,2782,15
2021-03-14,Humboldt,23,135768,3366,3335,24,3359,32
2021-03-14,Imperial,25,180216,27318,27122,2720,29842,685
2021-03-14,Inyo,27,18085,1355,1346,2,1348,35
2021-03-14,Kern,29,883053,94213,93252,10526,103778,1141
2021-03-14,Kings,31,150075,22421,22292,1094,23386,232
2021-03-14,Lake,33,64148,3284,3237,8,3245,43
2021-03-14,Lassen,35,31185,5122,5125,106,5231,1
2021-03-14,Los Angeles,37,10098052,1177978,1172100,41884,1213984,22476
2021-03-14,Madera,39,155013,15878,15804,888,16692,214
2021-03-14,Marin,41,260295,13444,13405,186,13591,218
2021-03-14,Mariposa,43,17540,382,376,5,381,5
2021-03-14,Mendocino,45,87422,3701,3613,71,3684,44
2021-03-14,Merced,47,269075,29241,29149,920,30069,407
2021-03-14,Modoc,49,8938,349,340,120,460,3
2021-03-14,Mono,51,14174,1194,1206,12,1218,3
2021-03-14,Monterey,53,433212,42151,42007,1797,43804,333
2021-03-14,Napa,55,140530,9226,9194,33,9227,75
2021-03-14,Nevada,57,99092,4165,4122,170,4292,66
2021-03-14,Orange,59,3164182,248886,247656,10794,258450,4460
2021-03-14,Placer,61,380077,21066,20288,1223,21511,238
2021-03-14,Plumas,63,18699,654,642,11,653,4
2021-03-14,Riverside,65,2383286,285348,281332,14266,295598,3845
2021-03-14,Sacramento,67,1510023,96661,95343,1384,96727,1462
2021-03-14,San Benito,69,59416,5811,5829,95,5924,61
2021-03-14,San Bernardino,71,2135413,287124,283791,8688,292479,3996
2021-03-14,San Diego,73,3302833,267569,265468,0,265468,3452
2021-03-14,San Francisco,75,870044,34703,34810,1233,36043,455
2021-03-14,San Joaquin,77,732212,68245,66563,3090,69653,1140
2021-03-14,San Luis Obispo,79,281455,19961,19806,621,20427,247
2021-03-14,San Mateo,81,765935,40209,39744,433,40177,342
2021-03-14,Santa Barbara,83,443738,32946,32514,1182,33696,431
2021-03-14,Santa Clara,85,1922200,112200,112648,641,113289,1796
2021-03-14,Santa Cruz,87,273765,15608,14887,855,15742,200
2021-03-14,Shasta,89,179085,11109,11019,1350,12369,92
2021-03-14,Sierra,91,2930,51,49,14,63,0
2021-03-14,Siskiyou,93,43540,1533,1473,267,1740,5
2021-03-14,Solano,95,438530,30348,30230,389,30619,171
2021-03-14,Sonoma,97,501317,28713,28798,238,29036,284
2021-03-14,Stanislaus,99,539301,51753,51306,5720,57026,690
2021-03-14,Sutter,101,95872,9009,8958,85,9043,102
2021-03-14,Tehama,103,63373,4665,4650,524,5174,34
2021-03-14,Trinity,105,12862,354,308,55,363,3
2021-03-14,Tulare,107,460477,48358,47845,8855,56700,800
2021-03-14,Tuolumne,109,53932,3938,3937,33,3970,57
2021-03-14,Ventura,111,848112,78836,78611,2933,81544,910
2021-03-14,Yolo,113,214977,13154,13128,248,13376,189
2021-03-14,Yuba,115,75493,5624,5583,93,5676,42
2021-03-13,Alameda,1,1643700,82443,82010,1845,83855,1168
2021-03-13,Alpine,3,1148,84,82,0,82,0
2021-03-13,Amador,5,37829,3515,3504,33,3537,44
2021-03-13,Butte,7,227075,11452,11131,1716,12847,185
2021-03-13,Calaveras,9,45235,1961,1939,12,1951,49
2021-03-13,Colusa,11,21464,1879,1882,278,2160,12
2021-03-13,Contra Costa,13,1133247,64565,63689,1160,64849,731
2021-03-13,Del Norte,15,27424,1060,1041,0,1041,6
2021-03-13,El Dorado,17,186661,9243,9221,635,9856,103
2021-03-13,Fresno,19,978130,97761,97324,8304,105628,1495
2021-03-13,Glenn,21,27897,2279,2260,521,2781,15
2021-03-13,Humboldt,23,135768,3359,3325,24,3349,32
2021-03-13,Imperial,25,180216,27313,27099,2715,29814,677
2021-03-13,Inyo,27,18085,1354,1344,2,1346,35
2021-03-13,Kern,29,883053,94174,93197,10519,103716,1140
2021-03-13,Kings,31,150075,22405,22265,1093,23358,232
2021-03-13,Lake,33,64148,3277,3234,7,3241,43
2021-03-13,Lassen,35,31185,5122,5125,106,5231,1
2021-03-13,Los Angeles,37,10098052,1177663,1171505,41840,1213345,22451
2021-03-13,Madera,39,155013,15866,15780,888,16668,214
2021-03-13,Marin,41,260295,13438,13391,184,13575,218
2021-03-13,Mariposa,43,17540,381,376,5,381,5
2021-03-13,Mendocino,45,87422,3697,3611,71,3682,44
2021-03-13,Merced,47,269075,29210,29106,920,30026,406
2021-03-13,Modoc,49,8938,349,340,119,459,3
2021-03-13,Mono,51,14174,1194,1207,12,1219,3
2021-03-13,Monterey,53,433212,42141,41989,1795,43784,332
2021-03-13,Napa,55,140530,9220,9190,33,9223,75
2021-03-13,Nevada,57,99092,4158,4111,169,4280,66
2021-03-13,Orange,59,3164182,248806,247514,10778,258292,4423
2021-03-13,Placer,61,380077,21046,20238,1220,21458,239
2021-03-13,Plumas,63,18699,652,642,11,653,4
2021-03-13,Riverside,65,2383286,285261,281191,14258,295449,3848
2021-03-13,Sacramento,67,1510023,96575,95192,1382,96574,1461
2021-03-13,San Benito,69,59416,5808,5823,95,5918,61
2021-03-13,San Bernardino,71,2135413,287073,283727,8682,292409,3972
2021-03-13,San Diego,73,3302833,267414,265270,0,265270,3444
2021-03-13,San Francisco,75,870044,34686,34784,1224,36008,455
2021-03-13,San Joaquin,77,732212,68189,66480,3068,69548,1141
2021-03-13,San Luis Obispo,79,281455,19943,19789,620,20409,247
2021-03-13,San Mateo,81,765935,40182,39689,432,40121,341
2021-03-13,Santa Barbara,83,443738,32921,32486,1181,33667,431
2021-03-13,Santa Clara,85,1922200,112115,112531,640,113171,1790
2021-03-13,Santa Cruz,87,273765,15601,14875,855,15730,199
2021-03-13,Shasta,89,179085,11101,11021,1347,12368,108
2021-03-13,Sierra,91,2930,50,49,14,63,0
2021-03-13,Siskiyou,93,43540,1532,1470,267,1737,5
2021-03-13,Solano,95,438530,30331,30198,389,30587,171
2021-03-13,Sonoma,97,501317,28693,28762,234,28996,285
2021-03-13,Stanislaus,99,539301,51703,51257,5715,56972,695
2021-03-13,Sutter,101,95872,9002,8948,85,9033,102
2021-03-13,Tehama,103,63373,4663,4647,524,5171,33
2021-03-13,Trinity,105,12862,354,306,55,361,3
2021-03-13,Tulare,107,460477,48333,47818,8846,56664,798
2021-03-13,Tuolumne,109,53932,3935,3937,33,3970,57
2021-03-13,Ventura,111,848112,78787,78693,2933,81626,906
2021-03-13,Yolo,113,214977,13146,13087,247,13334,189
2021-03-13,Yuba,115,75493,5623,5577,93,5670,42
2021-03-12,Alameda,1,1643700,82365,81898,1844,83742,1164
2021-03-12,Alpine,3,1148,84,82,0,82,0
2021-03-12,Amador,5,37829,3512,3503,33,3536,44
2021-03-12,Butte,7,227075,11442,11126,1714,12840,184
2021-03-12,Calaveras,9,45235,1959,1916,12,1928,49
2021-03-12,Colusa,11,21464,1879,1883,278,2161,12
2021-03-12,Contra Costa,13,1133247,64490,63583,1159,64742,728
2021-03-12,Del Norte,15,27424,1054,1033,0,1033,6
2021-03-12,El Dorado,17,186661,9234,9219,635,9854,103
2021-03-12,Fresno,19,978130,97666,97185,8292,105477,1489
2021-03-12,Glenn,21,27897,2278,2258,520,2778,15
2021-03-12,Humboldt,23,135768,3354,3315,24,3339,32
2021-03-12,Imperial,25,180216,27302,27071,2713,29784,677
2021-03-12,Inyo,27,18085,1352,1339,2,1341,35
2021-03-12,Kern,29,883053,94139,93142,10503,103645,1132
2021-03-12,Kings,31,150075,22386,22233,1093,23326,232
2021-03-12,Lake,33,64148,3271,3226,6,3232,43
2021-03-12,Lassen,35,31185,5122,5125,105,5230,1
2021-03-12,Los Angeles,37,10098052,1177267,1170860,41823,1212683,22409
2021-03-12,Madera,39,155013,15854,15761,885,16646,214
2021-03-12,Marin,41,260295,13431,13375,184,13559,218
2021-03-12,Mariposa,43,17540,379,376,5,381,5
2021-03-12,Mendocino,45,87422,3694,3605,71,3676,43
2021-03-12,Merced,47,269075,29179,29064,920,29984,403
2021-03-12,Modoc,49,8938,349,340,119,459,3
2021-03-12,Mono,51,14174,1193,1206,12,1218,3
2021-03-12,Monterey,53,433212,42127,41964,1790,43754,329
2021-03-12,Napa,55,140530,9211,9180,33,9213,75
2021-03-12,Nevada,57,99092,4148,4101,169,4270,66
2021-03-12,Orange,59,3164182,248714,247388,10767,258155,4401
2021-03-12,Placer,61,380077,21013,20210,1215,21425,239
2021-03-12,Plumas,63,18699,651,641,11,652,4
2021-03-12,Riverside,65,2383286,285163,281037,14250,295287,3854
2021-03-12,Sacramento,67,1510023,96452,95061,1375,96436,1460
2021-03-12,San Benito,69,59416,5805,5817,95,5912,61
2021-03-12,San Bernardino,71,2135413,287018,283558,8677,292235,3917
2021-03-12,San Diego,73,3302833,267251,264886,0,264886,3434
2021-03-12,San Francisco,75,870044,34665,34758,1221,35979,452
2021-03-12,San Joaquin,77,732212,68119,66482,3058,69540,1144
2021-03-12,San Luis Obispo,79,281455,19929,19769,618,20387,247
2021-03-12,San Mateo,81,765935,40146,39638,430,40068,341
2021-03-12,Santa Barbara,83,443738,32898,32457,1178,33635,429
2021-03-12,Santa Clara,85,1922200,112021,112396,639,113035,1766
2021-03-12,Santa Cruz,87,273765,15589,14846,853,15699,195
2021-03-12,Shasta,89,179085,11093,11143,1345,12488,153
2021-03-12,Sierra,91,2930,50,49,14,63,0
2021-03-12,Siskiyou,93,43540,1532,1468,266,1734,5
2021-03-12,Solano,95,438530,30312,30180,388,30568,171
2021-03-12,Sonoma,97,501317,28666,28714,234,28948,285
2021-03-12,Stanislaus,99,539301,51644,51146,5708,56854,701
2021-03-12,Sutter,101,95872,8996,8940,85,9025,101
2021-03-12,Tehama,103,63373,4659,4638,523,5161,33
2021-03-12,Trinity,105,12862,353,306,54,360,3
2021-03-12,Tulare,107,460477,48309,47772,8839,56611,798
2021-03-12,Tuolumne,109,53932,3934,3936,33,3969,57
2021-03-12,Ventura,111,848112,78744,78698,2929,81627,899
2021-03-12,Yolo,113,214977,13136,13061,240,13301,189
2021-03-12,Yuba,115,75493,5616,5563,92,5655,42
2021-03-11,Alameda,1,1643700,82272,81809,1839,83648,1164
2021-03-11,Alpine,3,1148,84,78,0,78,0
2021-03-11,Amador,5,37829,3511,3498,33,3531,42
2021-03-11,Butte,7,227075,11431,11110,1712,12822,185
2021-03-11,Calaveras,9,45235,1956,1915,12,1927,49
2021-03-11,Colusa,11,21464,1879,1883,278,2161,12
2021-03-11,Contra Costa,13,1133247,64417,63469,1157,64626,728
2021-03-11,Del Norte,15,27424,1049,1027,0,1027,6
2021-03-11,El Dorado,17,186661,9220,9211,635,9846,101
2021-03-11,Fresno,19,978130,97551,97026,8264,105290,1481
2021-03-11,Glenn,21,27897,2275,2255,520,2775,15
2021-03-11,Humboldt,23,135768,3337,3302,24,3326,32
2021-03-11,Imperial,25,180216,27295,27045,2709,29754,675
2021-03-11,Inyo,27,18085,1347,1335,2,1337,35
2021-03-11,Kern,29,883053,94084,93052,10464,103516,1121
2021-03-11,Kings,31,150075,22371,22183,1090,23273,230
2021-03-11,Lake,33,64148,3267,3214,6,3220,42
2021-03-11,Lassen,35,31185,5121,5124,105,5229,1
2021-03-11,Los Angeles,37,10098052,1176738,1170111,41789,1211900,22316
2021-03-11,Madera,39,155013,15843,15725,884,16609,214
2021-03-11,Marin,41,260295,13419,13356,183,13539,217
2021-03-11,Mariposa,43,17540,379,376,5,381,5
2021-03-11,Mendocino,45,87422,3687,3604,71,3675,42
2021-03-11,Merced,47,269075,29130,29001,919,29920,401
2021-03-11,Modoc,49,8938,349,340,119,459,3
2021-03-11,Mono,51,14174,1192,1206,12,1218,3
2021-03-11,Monterey,53,433212,42104,41936,1784,43720,329
2021-03-11,Napa,55,140530,9198,9173,33,9206,75
2021-03-11,Nevada,57,99092,4136,4085,167,4252,66
2021-03-11,Orange,59,3164182,248576,247217,10751,257968,4373
2021-03-11,Placer,61,380077,20969,20178,1211,21389,239
2021-03-11,Plumas,63,18699,650,640,11,651,4
2021-03-11,Riverside,65,2383286,284998,280881,14237,295118,3842
2021-03-11,Sacramento,67,1510023,96312,94912,1372,96284,1455
2021-03-11,San Benito,69,59416,5802,5816,95,5911,61
2021-03-11,San Bernardino,71,2135413,286925,283312,8671,291983,3869
2021-03-11,San Diego,73,3302833,267087,264524,0,264524,3422
2021-03-11,San Francisco,75,870044,34629,34722,1215,35937,452
2021-03-11,San Joaquin,77,732212,68007,66522,3050,69572,1157
2021-03-11,San Luis Obispo,79,281455,19904,19748,617,20365,247
2021-03-11,San Mateo,81,765935,40108,39590,429,40019,341
2021-03-11,Santa Barbara,83,443738,32871,32408,1175,33583,430
2021-03-11,Santa Clara,85,1922200,111891,112246,636,112882,1765
2021-03-11,Santa Cruz,87,273765,15577,14812,852,15664,193
2021-03-11,Shasta,89,179085,11083,11139,1340,12479,158
2021-03-11,Sierra,91,2930,50,48,14,62,0
2021-03-11,Siskiyou,93,43540,1529,1466,266,1732,5
2021-03-11,Solano,95,438530,30285,30138,387,30525,171
2021-03-11,Sonoma,97,501317,28636,28677,234,28911,285
2021-03-11,Stanislaus,99,539301,51560,51038,5700,56738,707
2021-03-11,Sutter,101,95872,8990,8933,85,9018,101
2021-03-11,Tehama,103,63373,4650,4632,522,5154,33
2021-03-11,Trinity,105,12862,352,304,53,357,3
2021-03-11,Tulare,107,460477,48273,47709,8827,56536,797
2021-03-11,Tuolumne,109,53932,3932,3934,33,3967,57
2021-03-11,Ventura,111,848112,78694,78697,2925,81622,889
2021-03-11,Yolo,113,214977,13118,13041,238,13279,190
2021-03-11,Yuba,115,75493,5612,5553,92,5645,42
2021-03-10,Alameda,1,1643700,82164,81701,1833,83534,1160
2021-03-10,Alpine,3,1148,83,78,0,78,0
2021-03-10,Amador,5,37829,3509,3496,33,3529,42
2021-03-10,Butte,7,227075,11421,11096,1712,12808,185
2021-03-10,Calaveras,9,45235,1952,1913,12,1925,48
2021-03-10,Colusa,11,21464,1879,1882,278,2160,12
2021-03-10,Contra Costa,13,1133247,64318,63372,1153,64525,725
2021-03-10,Del Norte,15,27424,1047,1020,0,1020,5
2021-03-10,El Dorado,17,186661,9208,9203,635,9838,100
2021-03-10,Fresno,19,978130,97446,96866,8247,105113,1471
2021-03-10,Glenn,21,27897,2272,2253,518,2771,15
2021-03-10,Humboldt,23,135768,3327,3296,23,3319,32
2021-03-10,Imperial,25,180216,27280,27051,2709,29760,675
2021-03-10,Inyo,27,18085,1347,1328,2,1330,35
2021-03-10,Kern,29,883053,94018,92965,10441,103406,1102
2021-03-10,Kings,31,150075,22352,22166,1088,23254,226
2021-03-10,Lake,33,64148,3257,3207,6,3213,42
2021-03-10,Lassen,35,31185,5121,5120,105,5225,1
2021-03-10,Los Angeles,37,10098052,1176195,1169079,41759,1210838,22199
2021-03-10,Madera,39,155013,15822,15705,881,16586,212
2021-03-10,Marin,41,260295,13409,13348,182,13530,216
2021-03-10,Mariposa,43,17540,379,376,5,381,5
2021-03-10,Mendocino,45,87422,3682,3602,71,3673,42
2021-03-10,Merced,47,269075,29093,28927,917,29844,401
2021-03-10,Modoc,49,8938,348,338,119,457,3
2021-03-10,Mono,51,14174,1189,1204,12,1216,3
2021-03-10,Monterey,53,433212,42082,41920,1780,43700,329
2021-03-10,Napa,55,140530,9189,9165,33,9198,75
2021-03-10,Nevada,57,99092,4132,4074,167,4241,66
2021-03-10,Orange,59,3164182,248432,247075,10731,257806,4342
2021-03-10,Placer,61,380077,20934,20144,1205,21349,239
2021-03-10,Plumas,63,18699,649,639,11,650,4
2021-03-10,Riverside,65,2383286,284861,280708,14223,294931,3822
2021-03-10,Sacramento,67,1510023,96182,94796,1366,96162,1452
2021-03-10,San Benito,69,59416,5793,5811,95,5906,61
2021-03-10,San Bernardino,71,2135413,286835,283140,8664,291804,3841
2021-03-10,San Diego,73,3302833,266866,264094,0,264094,3413
2021-03-10,San Francisco,75,870044,34595,34688,1206,35894,450
2021-03-10,San Joaquin,77,732212,67906,66483,3032,69515,1156
2021-03-10,San Luis Obispo,79,281455,19880,19710,613,20323,247
2021-03-10,San Mateo,81,765935,40083,39571,429,40000,338
2021-03-10,Santa Barbara,83,443738,32844,32356,1172,33528,429
2021-03-10,Santa Clara,85,1922200,111785,112103,632,112735,1759
2021-03-10,Santa Cruz,87,273765,15562,14790,851,15641,192
2021-03-10,Shasta,89,179085,11073,11125,1337,12462,155
2021-03-10,Sierra,91,2930,50,48,14,62,0
2021-03-10,Siskiyou,93,43540,1527,1458,266,1724,5
2021-03-10,Solano,95,438530,30255,30111,386,30497,170
2021-03-10,Sonoma,97,501317,28601,28638,233,28871,286
2021-03-10,Stanislaus,99,539301,51471,50968,5686,56654,706
2021-03-10,Sutter,101,95872,8979,8918,85,9003,101
2021-03-10,Tehama,103,63373,4640,4623,522,5145,33
2021-03-10,Trinity,105,12862,352,304,53,357,3
2021-03-10,Tulare,107,460477,48225,47659,8808,56467,793
2021-03-10,Tuolumne,109,53932,3931,3931,33,3964,57
2021-03-10,Ventura,111,848112,78617,78609,2923,81532,878
2021-03-10,Yolo,113,214977,13095,13021,237,13258,189
2021-03-10,Yuba,115,75493,5598,5545,91,5636,42
2021-03-09,Alameda,1,1643700,82079,81618,1833,83451,1151
2021-03-09,Alpine,3,1148,83,78,0,78,0
2021-03-09,Amador,5,37829,3507,3494,33,3527,42
2021-03-09,Butte,7,227075,11408,11092,1710,12802,185
2021-03-09,Calaveras,9,45235,1950,1913,12,1925,48
2021-03-09,Colusa,11,21464,1879,1880,278,2158,11
2021-03-09,Contra Costa,13,1133247,64225,63314,1151,64465,723
2021-03-09,Del Norte,15,27424,1039,1017,0,1017,5
2021-03-09,El Dorado,17,186661,9201,9198,635,9833,98
2021-03-09,Fresno,19,978130,97327,96744,8221,104965,1463
2021-03-09,Glenn,21,27897,2268,2251,516,2767,15
2021-03-09,Humboldt,23,135768,3315,3288,22,3310,32
2021-03-09,Imperial,25,180216,27271,27045,2705,29750,675
2021-03-09,Inyo,27,18085,1345,1324,2,1326,35
2021-03-09,Kern,29,883053,93939,92924,10423,103347,1088
2021-03-09,Kings,31,150075,22327,22143,1086,23229,226
2021-03-09,Lake,33,64148,3251,3202,6,3208,42
2021-03-09,Lassen,35,31185,5121,5120,105,5225,1
2021-03-09,Los Angeles,37,10098052,1175603,1167967,41723,1209690,22080
2021-03-09,Madera,39,155013,15811,15701,878,16579,211
2021-03-09,Marin,41,260295,13391,13335,180,13515,214
2021-03-09,Mariposa,43,17540,379,376,5,381,5
2021-03-09,Mendocino,45,87422,3678,3595,71,3666,42
2021-03-09,Merced,47,269075,29032,28876,916,29792,399
2021-03-09,Modoc,49,8938,348,338,118,456,3
2021-03-09,Mono,51,14174,1188,1203,12,1215,3
2021-03-09,Monterey,53,433212,42064,41894,1771,43665,329
2021-03-09,Napa,55,140530,9175,9155,33,9188,75
2021-03-09,Nevada,57,99092,4124,4062,167,4229,66
2021-03-09,Orange,59,3164182,248290,246989,10710,257699,4310
2021-03-09,Placer,61,380077,20891,20122,1201,21323,239
2021-03-09,Plumas,63,18699,646,639,11,650,4
2021-03-09,Riverside,65,2383286,284733,280562,14217,294779,3821
2021-03-09,Sacramento,67,1510023,96014,94720,1360,96080,1442
2021-03-09,San Benito,69,59416,5789,5800,95,5895,61
2021-03-09,San Bernardino,71,2135413,286716,282971,8657,291628,3823
2021-03-09,San Diego,73,3302833,266633,263745,0,263745,3405
2021-03-09,San Francisco,75,870044,34565,34654,1202,35856,450
2021-03-09,San Joaquin,77,732212,67778,66383,3022,69405,1150
2021-03-09,San Luis Obispo,79,281455,19862,19672,606,20278,245
2021-03-09,San Mateo,81,765935,40035,39535,427,39962,336
2021-03-09,Santa Barbara,83,443738,32803,32314,1170,33484,428
2021-03-09,Santa Clara,85,1922200,111674,111963,627,112590,1756
2021-03-09,Santa Cruz,87,273765,15541,14764,849,15613,188
2021-03-09,Shasta,89,179085,11067,11113,1331,12444,155
2021-03-09,Sierra,91,2930,50,48,14,62,0
2021-03-09,Siskiyou,93,43540,1523,1447,264,1711,5
2021-03-09,Solano,95,438530,30219,30090,384,30474,169
2021-03-09,Sonoma,97,501317,28551,28601,230,28831,284
2021-03-09,Stanislaus,99,539301,51377,50884,5677,56561,703
2021-03-09,Sutter,101,95872,8966,8914,85,8999,101
2021-03-09,Tehama,103,63373,4632,4620,521,5141,33
2021-03-09,Trinity,105,12862,352,304,53,357,3
2021-03-09,Tulare,107,460477,48199,47637,8785,56422,792
2021-03-09,Tuolumne,109,53932,3929,3929,33,3962,56
2021-03-09,Ventura,111,848112,78547,78526,2921,81447,863
2021-03-09,Yolo,113,214977,13084,13015,236,13251,189
2021-03-09,Yuba,115,75493,5591,5539,91,5630,42
2021-03-08,Alameda,1,1643700,81965,81543,1832,83375,1142
2021-03-08,Alpine,3,1148,83,78,0,78,0
2021-03-08,Amador,5,37829,3504,3490,33,3523,42
2021-03-08,Butte,7,227075,11393,11082,1709,12791,185
2021-03-08,Calaveras,9,45235,1949,1909,12,1921,48
2021-03-08,Colusa,11,21464,1879,1877,278,2155,11
2021-03-08,Contra Costa,13,1133247,64132,63240,1151,64391,719
2021-03-08,Del Norte,15,27424,1034,1012,0,1012,5
2021-03-08,El Dorado,17,186661,9198,9188,634,9822,97
2021-03-08,Fresno,19,978130,97232,96665,8197,104862,1442
2021-03-08,Glenn,21,27897,2267,2249,516,2765,15
2021-03-08,Humboldt,23,135768,3301,3278,22,3300,31
2021-03-08,Imperial,25,180216,27264,27033,2702,29735,663
2021-03-08,Inyo,27,18085,1343,1320,2,1322,35
2021-03-08,Kern,29,883053,93871,92857,10402,103259,1087
2021-03-08,Kings,31,150075,22307,22130,1083,23213,226
2021-03-08,Lake,33,64148,3239,3195,6,3201,42
2021-03-08,Lassen,35,31185,5121,5119,105,5224,1
2021-03-08,Los Angeles,37,10098052,1174988,1163409,41689,1205098,21868
2021-03-08,Madera,39,155013,15801,15691,876,16567,211
2021-03-08,Marin,41,260295,13371,13328,178,13506,214
2021-03-08,Mariposa,43,17540,379,376,5,381,5
2021-03-08,Mendocino,45,87422,3676,3590,70,3660,42
2021-03-08,Merced,47,269075,28971,28841,915,29756,398
2021-03-08,Modoc,49,8938,348,338,118,456,3
2021-03-08,Mono,51,14174,1187,1200,12,1212,3
2021-03-08,Monterey,53,433212,42043,41863,1770,43633,328
2021-03-08,Napa,55,140530,9172,9146,33,9179,75
2021-03-08,Nevada,57,99092,4116,4059,167,4226,66
2021-03-08,Orange,59,3164182,248119,246900,10678,257578,4243
2021-03-08,Placer,61,380077,20858,20102,1190,21292,239
2021-03-08,Plumas,63,18699,645,635,11,646,4
2021-03-08,Riverside,65,2383286,284593,280463,14208,294671,3783
2021-03-08,Sacramento,67,1510023,95842,94654,1355,96009,1438
2021-03-08,San Benito,69,59416,5786,5797,95,5892,61
2021-03-08,San Bernardino,71,2135413,286612,282894,8649,291543,3811
2021-03-08,San Diego,73,3302833,266392,263272,0,263272,3390
2021-03-08,San Francisco,75,870044,34538,34634,1198,35832,446
2021-03-08,San Joaquin,77,732212,67663,66307,3013,69320,1139
2021-03-08,San Luis Obispo,79,281455,19822,19656,602,20258,245
2021-03-08,San Mateo,81,765935,39988,39492,425,39917,335
2021-03-08,Santa Barbara,83,443738,32771,32293,1170,33463,427
2021-03-08,Santa Clara,85,1922200,111547,111882,625,112507,1756
2021-03-08,Santa Cruz,87,273765,15521,14729,849,15578,188
2021-03-08,Shasta,89,179085,11059,11088,1326,12414,155
2021-03-08,Sierra,91,2930,50,48,14,62,0
2021-03-08,Siskiyou,93,43540,1522,1440,264,1704,5
2021-03-08,Solano,95,438530,30179,30068,382,30450,169
2021-03-08,Sonoma,97,501317,28507,28571,229,28800,284
2021-03-08,Stanislaus,99,539301,51297,50825,5672,56497,690
2021-03-08,Sutter,101,95872,8963,8905,85,8990,100
2021-03-08,Tehama,103,63373,4629,4615,520,5135,33
2021-03-08,Trinity,105,12862,351,302,53,355,3
2021-03-08,Tulare,107,460477,48161,47587,8758,56345,791
2021-03-08,Tuolumne,109,53932,3928,3921,33,3954,56
2021-03-08,Ventura,111,848112,78476,78526,2913,81439,852
2021-03-08,Yolo,113,214977,13061,13000,235,13235,189
2021-03-08,Yuba,115,75493,5581,5530,91,5621,42
2021-03-07,Alameda,1,1643700,81846,81413,1831,83244,1145
2021-03-07,Alpine,3,1148,83,78,0,78,0
2021-03-07,Amador,5,37829,3501,3489,33,3522,42
2021-03-07,Butte,7,227075,11378,11075,1708,12783,185
2021-03-07,Calaveras,9,45235,1948,1906,12,1918,48
2021-03-07,Colusa,11,21464,1878,1876,278,2154,11
2021-03-07,Contra Costa,13,1133247,64035,63148,1148,64296,719
2021-03-07,Del Norte,15,27424,1029,1010,0,1010,5
2021-03-07,El Dorado,17,186661,9196,9184,633,9817,97
2021-03-07,Fresno,19,978130,97058,96549,8172,104721,1442
2021-03-07,Glenn,21,27897,2265,2244,516,2760,15
2021-03-07,Humboldt,23,135768,3291,3274,22,3296,31
2021-03-07,Imperial,25,180216,27255,27019,2700,29719,658
2021-03-07,Inyo,27,18085,1340,1320,2,1322,35
2021-03-07,Kern,29,883053,93785,92746,10370,103116,1086
2021-03-07,Kings,31,150075,22287,22103,1081,23184,224
2021-03-07,Lake,33,64148,3233,3192,6,3198,42
2021-03-07,Lassen,35,31185,5120,5119,105,5224,1
2021-03-07,Los Angeles,37,10098052,1174268,1162749,41649,1204398,21857
2021-03-07,Madera,39,155013,15782,15675,876,16551,211
2021-03-07,Marin,41,260295,13363,13313,176,13489,214
2021-03-07,Mariposa,43,17540,378,376,5,381,5
2021-03-07,Mendocino,45,87422,3673,3581,70,3651,42
2021-03-07,Merced,47,269075,28899,28829,911,29740,399
2021-03-07,Modoc,49,8938,348,338,118,456,3
2021-03-07,Mono,51,14174,1185,1199,12,1211,3
2021-03-07,Monterey,53,433212,42022,41858,1767,43625,328
2021-03-07,Napa,55,140530,9162,9137,33,9170,75
2021-03-07,Nevada,57,99092,4102,4052,166,4218,66
2021-03-07,Orange,59,3164182,247930,246771,10651,257422,4218
2021-03-07,Placer,61,380077,20820,20070,1186,21256,239
2021-03-07,Plumas,63,18699,644,635,11,646,4
2021-03-07,Riverside,65,2383286,284448,280379,14198,294577,3779
2021-03-07,Sacramento,67,1510023,95665,94513,1347,95860,1437
2021-03-07,San Benito,69,59416,5779,5795,95,5890,61
2021-03-07,San Bernardino,71,2135413,286460,282860,8643,291503,3810
2021-03-07,San Diego,73,3302833,266110,262965,0,262965,3390
2021-03-07,San Francisco,75,870044,34504,34594,1193,35787,445
2021-03-07,San Joaquin,77,732212,67528,66252,2999,69251,1139
2021-03-07,San Luis Obispo,79,281455,19784,19614,600,20214,245
2021-03-07,San Mateo,81,765935,39949,39436,422,39858,329
2021-03-07,Santa Barbara,83,443738,32724,32218,1169,33387,425
2021-03-07,Santa Clara,85,1922200,111400,111745,621,112366,1752
2021-03-07,Santa Cruz,87,273765,15499,14715,848,15563,189
2021-03-07,Shasta,89,179085,11046,11083,1318,12401,156
2021-03-07,Sierra,91,2930,49,48,14,62,0
2021-03-07,Siskiyou,93,43540,1519,1435,260,1695,5
2021-03-07,Solano,95,438530,30142,30027,382,30409,169
2021-03-07,Sonoma,97,501317,28456,28533,227,28760,284
2021-03-07,Stanislaus,99,539301,51165,50783,5654,56437,699
2021-03-07,Sutter,101,95872,8953,8900,85,8985,100
2021-03-07,Tehama,103,63373,4619,4614,517,5131,33
2021-03-07,Trinity,105,12862,351,302,53,355,3
2021-03-07,Tulare,107,460477,48104,47569,8725,56294,790
2021-03-07,Tuolumne,109,53932,3927,3922,33,3955,56
2021-03-07,Ventura,111,848112,78378,78487,2909,81396,851
2021-03-07,Yolo,113,214977,13042,12988,235,13223,189
2021-03-07,Yuba,115,75493,5577,5516,91,5607,42
2021-03-06,Alameda,1,1643700,81792,81310,1830,83140,1143
2021-03-06,Alpine,3,1148,83,78,0,78,0
2021-03-06,Amador,5,37829,3497,3487,33,3520,42
2021-03-06,Butte,7,227075,11374,11065,1707,12772,185
2021-03-06,Calaveras,9,45235,1944,1904,12,1916,48
2021-03-06,Colusa,11,21464,1876,1874,278,2152,11
2021-03-06,Contra Costa,13,1133247,63975,63040,1144,64184,719
2021-03-06,Del Norte,15,27424,1024,1000,0,1000,5
2021-03-06,El Dorado,17,186661,9192,9166,633,9799,97
2021-03-06,Fresno,19,978130,96967,96366,8157,104523,1440
2021-03-06,Glenn,21,27897,2265,2241,516,2757,15
2021-03-06,Humboldt,23,135768,3281,3260,22,3282,31
2021-03-06,Imperial,25,180216,27251,27009,2695,29704,658
2021-03-06,Inyo,27,18085,1337,1312,2,1314,35
2021-03-06,Kern,29,883053,93739,92684,10349,103033,1082
2021-03-06,Kings,31,150075,22270,22094,1081,23175,224
2021-03-06,Lake,33,64148,3231,3189,6,3195,42
2021-03-06,Lassen,35,31185,5120,5119,105,5224,1
2021-03-06,Los Angeles,37,10098052,1173835,1161745,41617,1203362,21843
2021-03-06,Madera,39,155013,15773,15646,874,16520,211
2021-03-06,Marin,41,260295,13354,13289,176,13465,213
2021-03-06,Mariposa,43,17540,378,376,5,381,5
2021-03-06,Mendocino,45,87422,3671,3579,70,3649,42
2021-03-06,Merced,47,269075,28857,28771,911,29682,399
2021-03-06,Modoc,49,8938,347,338,118,456,3
2021-03-06,Mono,51,14174,1184,1198,12,1210,3
2021-03-06,Monterey,53,433212,42017,41838,1764,43602,327
2021-03-06,Napa,55,140530,9154,9129,33,9162,75
2021-03-06,Nevada,57,99092,4096,4044,166,4210,66
2021-03-06,Orange,59,3164182,247839,246634,10637,257271,4165
2021-03-06,Placer,61,380077,20797,20030,1184,21214,239
2021-03-06,Plumas,63,18699,644,634,11,645,4
2021-03-06,Riverside,65,2383286,284357,280225,14189,294414,3781
2021-03-06,Sacramento,67,1510023,95577,94332,1338,95670,1436
2021-03-06,San Benito,69,59416,5774,5793,95,5888,61
2021-03-06,San Bernardino,71,2135413,286379,282737,8641,291378,3791
2021-03-06,San Diego,73,3302833,265923,262778,0,262778,3385
2021-03-06,San Francisco,75,870044,34474,34560,1188,35748,435
2021-03-06,San Joaquin,77,732212,67454,66162,2988,69150,1138
2021-03-06,San Luis Obispo,79,281455,19765,19592,597,20189,245
2021-03-06,San Mateo,81,765935,39926,39384,422,39806,329
2021-03-06,Santa Barbara,83,443738,32693,32176,1168,33344,424
2021-03-06,Santa Clara,85,1922200,111304,111570,619,112189,1749
2021-03-06,Santa Cruz,87,273765,15488,14701,848,15549,188
2021-03-06,Shasta,89,179085,11037,11076,1316,12392,158
2021-03-06,Sierra,91,2930,49,48,14,62,0
2021-03-06,Siskiyou,93,43540,1517,1432,260,1692,5
2021-03-06,Solano,95,438530,30113,30000,381,30381,169
2021-03-06,Sonoma,97,501317,28434,28484,225,28709,284
2021-03-06,Stanislaus,99,539301,51096,50691,5647,56338,711
2021-03-06,Sutter,101,95872,8947,8887,85,8972,100
2021-03-06,Tehama,103,63373,4619,4610,515,5125,33
2021-03-06,Trinity,105,12862,351,302,53,355,3
2021-03-06,Tulare,107,460477,48073,47515,8695,56210,789
2021-03-06,Tuolumne,109,53932,3925,3920,33,3953,56
2021-03-06,Ventura,111,848112,78323,78439,2908,81347,848
2021-03-06,Yolo,113,214977,13036,12951,235,13186,189
2021-03-06,Yuba,115,75493,5568,5504,91,5595,42
2021-03-05,Alameda,1,1643700,81706,81215,1828,83043,1141
2021-03-05,Alpine,3,1148,83,78,0,78,0
2021-03-05,Amador,5,37829,3496,3484,33,3517,42
2021-03-05,Butte,7,227075,11363,11050,1706,12756,185
2021-03-05,Calaveras,9,45235,1940,1902,12,1914,48
2021-03-05,Colusa,11,21464,1876,1874,278,2152,11
2021-03-05,Contra Costa,13,1133247,63895,62886,1141,64027,711
2021-03-05,Del Norte,15,27424,1020,995,0,995,5
2021-03-05,El Dorado,17,186661,9187,9150,632,9782,97
2021-03-05,Fresno,19,978130,96861,96184,8136,104320,1432
2021-03-05,Glenn,21,27897,2260,2241,516,2757,15
2021-03-05,Humboldt,23,135768,3274,3234,22,3256,31
2021-03-05,Imperial,25,180216,27241,26970,2686,29656,651
2021-03-05,Inyo,27,18085,1333,1309,2,1311,35
2021-03-05,Kern,29,883053,93701,92601,10335,102936,1076
2021-03-05,Kings,31,150075,22253,22063,1079,23142,224
2021-03-05,Lake,33,64148,3229,3185,6,3191,42
2021-03-05,Lassen,35,31185,5120,5117,103,5220,1
2021-03-05,Los Angeles,37,10098052,1173350,1160688,41583,1202271,21745
2021-03-05,Madera,39,155013,15763,15624,872,16496,211
2021-03-05,Marin,41,260295,13341,13275,175,13450,215
2021-03-05,Mariposa,43,17540,378,375,5,380,4
2021-03-05,Mendocino,45,87422,3668,3577,70,3647,42
2021-03-05,Merced,47,269075,28823,28734,910,29644,399
2021-03-05,Modoc,49,8938,347,337,118,455,3
2021-03-05,Mono,51,14174,1183,1197,12,1209,3
2021-03-05,Monterey,53,433212,42004,41802,1764,43566,325
2021-03-05,Napa,55,140530,9146,9109,33,9142,75
2021-03-05,Nevada,57,99092,4092,4033,166,4199,66
2021-03-05,Orange,59,3164182,247725,246489,10624,257113,4108
2021-03-05,Placer,61,380077,20771,19973,1180,21153,239
2021-03-05,Plumas,63,18699,644,635,11,646,4
2021-03-05,Riverside,65,2383286,284247,280075,14183,294258,3781
2021-03-05,Sacramento,67,1510023,95478,94182,1331,95513,1430
2021-03-05,San Benito,69,59416,5771,5790,95,5885,61
2021-03-05,San Bernardino,71,2135413,286286,282640,8637,291277,3774
2021-03-05,San Diego,73,3302833,265691,262357,0,262357,3371
2021-03-05,San Francisco,75,870044,34434,34526,1184,35710,430
2021-03-05,San Joaquin,77,732212,67376,66041,2977,69018,1133
2021-03-05,San Luis Obispo,79,281455,19743,19557,595,20152,244
2021-03-05,San Mateo,81,765935,39894,39305,422,39727,326
2021-03-05,Santa Barbara,83,443738,32658,32139,1163,33302,424
2021-03-05,Santa Clara,85,1922200,111208,111384,619,112003,1745
2021-03-05,Santa Cruz,87,273765,15477,14694,848,15542,188
2021-03-05,Shasta,89,179085,11025,11062,1310,12372,148
2021-03-05,Sierra,91,2930,49,48,14,62,0
2021-03-05,Siskiyou,93,43540,1513,1429,259,1688,5
2021-03-05,Solano,95,438530,30096,29951,379,30330,168
2021-03-05,Sonoma,97,501317,28407,28417,225,28642,279
2021-03-05,Stanislaus,99,539301,51045,50606,5637,56243,721
2021-03-05,Sutter,101,95872,8940,8876,85,8961,100
2021-03-05,Tehama,103,63373,4610,4606,515,5121,33
2021-03-05,Trinity,105,12862,351,302,53,355,3
2021-03-05,Tulare,107,460477,48046,47469,8674,56143,789
2021-03-05,Tuolumne,109,53932,3923,3917,33,3950,56
2021-03-05,Ventura,111,848112,78256,78368,2906,81274,839
2021-03-05,Yolo,113,214977,13024,12920,234,13154,188
2021-03-05,Yuba,115,75493,5556,5496,91,5587,42
2021-03-04,Alameda,1,1643700,81594,81115,1828,82943,1136
2021-03-04,Alpine,3,1148,83,78,0,78,0
2021-03-04,Amador,5,37829,3495,3480,33,3513,42
2021-03-04,Butte,7,227075,11356,11033,1705,12738,185
2021-03-04,Calaveras,9,45235,1939,1896,12,1908,48
2021-03-04,Colusa,11,21464,1874,1873,273,2146,11
2021-03-04,Contra Costa,13,1133247,63797,62789,1138,63927,708
2021-03-04,Del Norte,15,27424,1012,989,0,989,5
2021-03-04,El Dorado,17,186661,9172,9133,632,9765,97
2021-03-04,Fresno,19,978130,96700,96023,8118,104141,1422
2021-03-04,Glenn,21,27897,2256,2236,513,2749,15
2021-03-04,Humboldt,23,135768,3261,3212,22,3234,31
2021-03-04,Imperial,25,180216,27230,26946,2682,29628,646
2021-03-04,Inyo,27,18085,1330,1300,2,1302,35
2021-03-04,Kern,29,883053,93614,92525,10315,102840,1070
2021-03-04,Kings,31,150075,22228,22025,1076,23101,224
2021-03-04,Lake,33,64148,3221,3181,6,3187,42
2021-03-04,Lassen,35,31185,5120,5116,103,5219,1
2021-03-04,Los Angeles,37,10098052,1172740,1159405,41532,1200937,21610
2021-03-04,Madera,39,155013,15729,15596,868,16464,208
2021-03-04,Marin,41,260295,13324,13240,172,13412,215
2021-03-04,Mariposa,43,17540,378,376,5,381,4
2021-03-04,Mendocino,45,87422,3665,3569,70,3639,42
2021-03-04,Merced,47,269075,28773,28671,908,29579,396
2021-03-04,Modoc,49,8938,346,336,118,454,3
2021-03-04,Mono,51,14174,1183,1197,12,1209,3
2021-03-04,Monterey,53,433212,41984,41771,1761,43532,325
2021-03-04,Napa,55,140530,9138,9094,33,9127,74
2021-03-04,Nevada,57,99092,4082,4020,166,4186,66
2021-03-04,Orange,59,3164182,247571,246354,10606,256960,4096
2021-03-04,Placer,61,380077,20739,19900,1174,21074,239
2021-03-04,Plumas,63,18699,644,634,11,645,4
2021-03-04,Riverside,65,2383286,284121,279871,14170,294041,3766
2021-03-04,Sacramento,67,1510023,95345,93982,1328,95310,1426
2021-03-04,San Benito,69,59416,5771,5781,95,5876,61
2021-03-04,San Bernardino,71,2135413,286157,282407,8633,291040,3757
2021-03-04,San Diego,73,3302833,265432,261858,0,261858,3359
2021-03-04,San Francisco,75,870044,34400,34480,1181,35661,426
2021-03-04,San Joaquin,77,732212,67283,65931,2967,68898,1129
2021-03-04,San Luis Obispo,79,281455,19705,19520,593,20113,243
2021-03-04,San Mateo,81,765935,39850,39225,421,39646,322
2021-03-04,Santa Barbara,83,443738,32621,32090,1162,33252,423
2021-03-04,Santa Clara,85,1922200,111075,111194,616,111810,1723
2021-03-04,Santa Cruz,87,273765,15458,14669,848,15517,186
2021-03-04,Shasta,89,179085,11022,11050,1301,12351,150
2021-03-04,Sierra,91,2930,49,48,14,62,0
2021-03-04,Siskiyou,93,43540,1507,1427,259,1686,5
2021-03-04,Solano,95,438530,30069,29905,378,30283,168
2021-03-04,Sonoma,97,501317,28352,28379,224,28603,279
2021-03-04,Stanislaus,99,539301,50956,50521,5629,56150,731
2021-03-04,Sutter,101,95872,8928,8849,85,8934,100
2021-03-04,Tehama,103,63373,4604,4604,515,5119,33
2021-03-04,Trinity,105,12862,351,302,53,355,3
2021-03-04,Tulare,107,460477,48002,47398,8648,56046,784
2021-03-04,Tuolumne,109,53932,3917,3916,33,3949,56
2021-03-04,Ventura,111,848112,78169,78184,2904,81088,831
2021-03-04,Yolo,113,214977,13004,12895,234,13129,189
2021-03-04,Yuba,115,75493,5544,5483,91,5574,41
2021-03-03,Alameda,1,1643700,81474,80972,1826,82798,1127
2021-03-03,Alpine,3,1148,83,77,0,77,0
2021-03-03,Amador,5,37829,3493,3478,32,3510,42
2021-03-03,Butte,7,227075,11349,11014,1704,12718,184
2021-03-03,Calaveras,9,45235,1936,1893,12,1905,48
2021-03-03,Colusa,11,21464,1873,1873,273,2146,11
2021-03-03,Contra Costa,13,1133247,63699,62668,1135,63803,708
2021-03-03,Del Norte,15,27424,1009,988,0,988,5
2021-03-03,El Dorado,17,186661,9162,9121,632,9753,97
2021-03-03,Fresno,19,978130,96556,95893,8100,103993,1415
2021-03-03,Glenn,21,27897,2256,2233,513,2746,15
2021-03-03,Humboldt,23,135768,3249,3196,22,3218,30
2021-03-03,Imperial,25,180216,27212,26939,2677,29616,640
2021-03-03,Inyo,27,18085,1322,1294,2,1296,35
2021-03-03,Kern,29,883053,93540,92434,10297,102731,1063
2021-03-03,Kings,31,150075,22212,22009,1075,23084,223
2021-03-03,Lake,33,64148,3214,3175,6,3181,40
2021-03-03,Lassen,35,31185,5120,5115,103,5218,1
2021-03-03,Los Angeles,37,10098052,1172103,1157911,41489,1199400,21500
2021-03-03,Madera,39,155013,15710,15553,862,16415,203
2021-03-03,Marin,41,260295,13311,13216,172,13388,214
2021-03-03,Mariposa,43,17540,377,376,5,381,4
2021-03-03,Mendocino,45,87422,3657,3564,70,3634,42
2021-03-03,Merced,47,269075,28720,28625,908,29533,393
2021-03-03,Modoc,49,8938,346,333,117,450,3
2021-03-03,Mono,51,14174,1183,1191,12,1203,3
2021-03-03,Monterey,53,433212,41951,41731,1758,43489,325
2021-03-03,Napa,55,140530,9130,9090,33,9123,72
2021-03-03,Nevada,57,99092,4072,4009,166,4175,66
2021-03-03,Orange,59,3164182,247427,246120,10590,256710,4072
2021-03-03,Placer,61,380077,20713,19851,1171,21022,239
2021-03-03,Plumas,63,18699,643,631,11,642,4
2021-03-03,Riverside,65,2383286,283992,279626,14165,293791,3735
2021-03-03,Sacramento,67,1510023,95186,93819,1319,95138,1419
2021-03-03,San Benito,69,59416,5770,5774,95,5869,61
2021-03-03,San Bernardino,71,2135413,286016,282138,8626,290764,3664
2021-03-03,San Diego,73,3302833,265170,261350,0,261350,3342
2021-03-03,San Francisco,75,870044,34369,34443,1178,35621,426
2021-03-03,San Joaquin,77,732212,67172,65855,2960,68815,1115
2021-03-03,San Luis Obispo,79,281455,19680,19479,589,20068,241
2021-03-03,San Mateo,81,765935,39804,39189,420,39609,319
2021-03-03,Santa Barbara,83,443738,32584,32027,1162,33189,421
2021-03-03,Santa Clara,85,1922200,110920,110991,614,111605,1720
2021-03-03,Santa Cruz,87,273765,15447,14645,848,15493,185
2021-03-03,Shasta,89,179085,11012,11023,1294,12317,150
2021-03-03,Sierra,91,2930,49,48,14,62,0
2021-03-03,Siskiyou,93,43540,1505,1424,259,1683,5
2021-03-03,Solano,95,438530,30033,29866,377,30243,167
2021-03-03,Sonoma,97,501317,28312,28307,223,28530,279
2021-03-03,Stanislaus,99,539301,50879,50438,5621,56059,730
2021-03-03,Sutter,101,95872,8919,8840,85,8925,99
2021-03-03,Tehama,103,63373,4601,4601,515,5116,32
2021-03-03,Trinity,105,12862,351,302,53,355,3
2021-03-03,Tulare,107,460477,47952,47348,8617,55965,778
2021-03-03,Tuolumne,109,53932,3915,3914,32,3946,56
2021-03-03,Ventura,111,848112,78086,78057,2898,80955,822
2021-03-03,Yolo,113,214977,12991,12890,234,13124,189
2021-03-03,Yuba,115,75493,5531,5479,91,5570,41
2021-03-02,Alameda,1,1643700,81357,80904,1824,82728,1116
2021-03-02,Alpine,3,1148,83,77,0,77,0
2021-03-02,Amador,5,37829,3491,3474,32,3506,42
2021-03-02,Butte,7,227075,11339,11007,1702,12709,182
2021-03-02,Calaveras,9,45235,1929,1890,12,1902,48
2021-03-02,Colusa,11,21464,1873,1872,272,2144,11
2021-03-02,Contra Costa,13,1133247,63588,62557,1130,63687,694
2021-03-02,Del Norte,15,27424,1002,983,0,983,5
2021-03-02,El Dorado,17,186661,9154,9116,632,9748,98
2021-03-02,Fresno,19,978130,96412,95785,8072,103857,1410
2021-03-02,Glenn,21,27897,2250,2232,512,2744,15
2021-03-02,Humboldt,23,135768,3230,3184,22,3206,30
2021-03-02,Imperial,25,180216,27202,26926,2675,29601,637
2021-03-02,Inyo,27,18085,1318,1292,2,1294,35
2021-03-02,Kern,29,883053,93435,92313,10268,102581,1046
2021-03-02,Kings,31,150075,22160,21999,1073,23072,217
2021-03-02,Lake,33,64148,3208,3169,6,3175,40
2021-03-02,Lassen,35,31185,5115,5115,102,5217,1
2021-03-02,Los Angeles,37,10098052,1171465,1156826,41442,1198268,21395
2021-03-02,Madera,39,155013,15690,15523,860,16383,194
2021-03-02,Marin,41,260295,13288,13186,171,13357,214
2021-03-02,Mariposa,43,17540,377,376,5,381,4
2021-03-02,Mendocino,45,87422,3654,3562,69,3631,41
2021-03-02,Merced,47,269075,28663,28598,908,29506,389
2021-03-02,Modoc,49,8938,346,332,117,449,3
2021-03-02,Mono,51,14174,1182,1191,12,1203,3
2021-03-02,Monterey,53,433212,41924,41716,1756,43472,325
2021-03-02,Napa,55,140530,9118,9080,33,9113,71
2021-03-02,Nevada,57,99092,4063,3983,164,4147,66
2021-03-02,Orange,59,3164182,247281,246004,10574,256578,4037
2021-03-02,Placer,61,380077,20658,19828,1168,20996,239
2021-03-02,Plumas,63,18699,641,628,11,639,4
2021-03-02,Riverside,65,2383286,283826,279486,14157,293643,3721
2021-03-02,Sacramento,67,1510023,95019,93690,1318,95008,1411
2021-03-02,San Benito,69,59416,5763,5770,95,5865,60
2021-03-02,San Bernardino,71,2135413,285881,281919,8619,290538,3604
2021-03-02,San Diego,73,3302833,264926,260998,0,260998,3317
2021-03-02,San Francisco,75,870044,34328,34387,1174,35561,424
2021-03-02,San Joaquin,77,732212,67065,65769,2940,68709,1111
2021-03-02,San Luis Obispo,79,281455,19648,19452,588,20040,241
2021-03-02,San Mateo,81,765935,39752,39148,419,39567,317
2021-03-02,Santa Barbara,83,443738,32536,31964,1158,33122,416
2021-03-02,Santa Clara,85,1922200,110742,110832,613,111445,1706
2021-03-02,Santa Cruz,87,273765,15433,14611,846,15457,185
2021-03-02,Shasta,89,179085,10998,11012,1283,12295,149
2021-03-02,Sierra,91,2930,49,48,14,62,0
2021-03-02,Siskiyou,93,43540,1501,1412,257,1669,5
2021-03-02,Solano,95,438530,30000,29827,375,30202,167
2021-03-02,Sonoma,97,501317,28258,28261,223,28484,279
2021-03-02,Stanislaus,99,539301,50792,50359,5607,55966,724
2021-03-02,Sutter,101,95872,8910,8832,85,8917,99
2021-03-02,Tehama,103,63373,4599,4597,515,5112,32
2021-03-02,Trinity,105,12862,351,301,53,354,3
2021-03-02,Tulare,107,460477,47895,47326,8592,55918,783
2021-03-02,Tuolumne,109,53932,3911,3908,32,3940,53
2021-03-02,Ventura,111,848112,77995,77952,2894,80846,780
2021-03-02,Yolo,113,214977,12974,12867,234,13101,189
2021-03-02,Yuba,115,75493,5523,5475,91,5566,41
2021-03-01,Alameda,1,1643700,81231,80805,1822,82627,1105
2021-03-01,Alpine,3,1148,81,77,0,77,0
2021-03-01,Amador,5,37829,3488,3469,32,3501,42
2021-03-01,Butte,7,227075,11323,10981,1697,12678,180
2021-03-01,Calaveras,9,45235,1923,1885,12,1897,46
2021-03-01,Colusa,11,21464,1872,1871,272,2143,11
2021-03-01,Contra Costa,13,1133247,63479,62458,1129,63587,694
2021-03-01,Del Norte,15,27424,997,982,0,982,5
2021-03-01,El Dorado,17,186661,9130,9085,632,9717,98
2021-03-01,Fresno,19,978130,96275,95677,8049,103726,1405
2021-03-01,Glenn,21,27897,2245,2232,511,2743,15
2021-03-01,Humboldt,23,135768,3211,3179,22,3201,30
2021-03-01,Imperial,25,180216,27192,26913,2667,29580,636
2021-03-01,Inyo,27,18085,1315,1285,2,1287,35
2021-03-01,Kern,29,883053,93348,92219,10241,102460,1041
2021-03-01,Kings,31,150075,22143,21988,1067,23055,217
2021-03-01,Lake,33,64148,3203,3164,6,3170,40
2021-03-01,Lassen,35,31185,5113,5111,102,5213,1
2021-03-01,Los Angeles,37,10098052,1170815,1155984,41397,1197381,21293
2021-03-01,Madera,39,155013,15661,15505,849,16354,194
2021-03-01,Marin,41,260295,13262,13161,170,13331,214
2021-03-01,Mariposa,43,17540,377,375,5,380,4
2021-03-01,Mendocino,45,87422,3647,3561,69,3630,41
2021-03-01,Merced,47,269075,28618,28575,904,29479,385
2021-03-01,Modoc,49,8938,343,331,116,447,3
2021-03-01,Mono,51,14174,1181,1192,12,1204,3
2021-03-01,Monterey,53,433212,41899,41697,1754,43451,324
2021-03-01,Napa,55,140530,9109,9056,33,9089,70
2021-03-01,Nevada,57,99092,4044,3979,164,4143,66
2021-03-01,Orange,59,3164182,247089,245852,10560,256412,3976
2021-03-01,Placer,61,380077,20620,19803,1165,20968,239
2021-03-01,Plumas,63,18699,641,628,11,639,4
2021-03-01,Riverside,65,2383286,283611,279323,14149,293472,3680
2021-03-01,Sacramento,67,1510023,94874,93546,1316,94862,1401
2021-03-01,San Benito,69,59416,5758,5772,95,5867,57
2021-03-01,San Bernardino,71,2135413,285738,281685,8615,290300,3603
2021-03-01,San Diego,73,3302833,264611,260622,0,260622,3303
2021-03-01,San Francisco,75,870044,34284,34318,1166,35484,424
2021-03-01,San Joaquin,77,732212,66958,65699,2928,68627,1097
2021-03-01,San Luis Obispo,79,281455,19626,19429,586,20015,239
2021-03-01,San Mateo,81,765935,39700,39096,418,39514,314
2021-03-01,Santa Barbara,83,443738,32494,31909,1157,33066,413
2021-03-01,Santa Clara,85,1922200,110584,110684,610,111294,1704
2021-03-01,Santa Cruz,87,273765,15414,14575,845,15420,185
2021-03-01,Shasta,89,179085,10986,10990,1280,12270,149
2021-03-01,Sierra,91,2930,49,48,14,62,0
2021-03-01,Siskiyou,93,43540,1497,1408,255,1663,5
2021-03-01,Solano,95,438530,29957,29779,374,30153,166
2021-03-01,Sonoma,97,501317,28211,28222,221,28443,278
2021-03-01,Stanislaus,99,539301,50718,50293,5600,55893,722
2021-03-01,Sutter,101,95872,8898,8825,85,8910,99
2021-03-01,Tehama,103,63373,4595,4595,515,5110,32
2021-03-01,Trinity,105,12862,351,298,52,350,3
2021-03-01,Tulare,107,460477,47858,47275,8557,55832,781
2021-03-01,Tuolumne,109,53932,3908,3907,32,3939,53
2021-03-01,Ventura,111,848112,77913,77849,2893,80742,775
2021-03-01,Yolo,113,214977,12957,12854,232,13086,188
2021-03-01,Yuba,115,75493,5511,5466,91,5557,41
2021-02-28,Alameda,1,1643700,81108,80727,1820,82547,1105
2021-02-28,Alpine,3,1148,81,77,0,77,0
2021-02-28,Amador,5,37829,3483,3466,31,3497,42
2021-02-28,Butte,7,227075,11308,10970,1697,12667,180
2021-02-28,Calaveras,9,45235,1917,1881,12,1893,46
2021-02-28,Colusa,11,21464,1872,1871,271,2142,11
2021-02-28,Contra Costa,13,1133247,63352,62386,1124,63510,694
2021-02-28,Del Norte,15,27424,995,981,0,981,5
2021-02-28,El Dorado,17,186661,9119,9082,632,9714,98
2021-02-28,Fresno,19,978130,96096,95548,8014,103562,1405
2021-02-28,Glenn,21,27897,2243,2230,509,2739,15
2021-02-28,Humboldt,23,135768,3188,3179,22,3201,30
2021-02-28,Imperial,25,180216,27166,26909,2660,29569,636
2021-02-28,Inyo,27,18085,1310,1282,2,1284,35
2021-02-28,Kern,29,883053,93234,92169,10219,102388,1012
2021-02-28,Kings,31,150075,22122,21967,1066,23033,217
2021-02-28,Lake,33,64148,3198,3164,6,3170,40
2021-02-28,Lassen,35,31185,5112,5106,102,5208,1
2021-02-28,Los Angeles,37,10098052,1170039,1155141,41333,1196474,21261
2021-02-28,Madera,39,155013,15619,15496,846,16342,199
2021-02-28,Marin,41,260295,13239,13152,168,13320,214
2021-02-28,Mariposa,43,17540,377,374,5,379,4
2021-02-28,Mendocino,45,87422,3641,3558,69,3627,41
2021-02-28,Merced,47,269075,28555,28546,903,29449,384
2021-02-28,Modoc,49,8938,343,331,116,447,3
2021-02-28,Mono,51,14174,1178,1192,12,1204,3
2021-02-28,Monterey,53,433212,41867,41683,1753,43436,323
2021-02-28,Napa,55,140530,9090,9053,33,9086,70
2021-02-28,Nevada,57,99092,4031,3972,164,4136,66
2021-02-28,Orange,59,3164182,246890,245706,10552,256258,3970
2021-02-28,Placer,61,380077,20574,19775,1163,20938,239
2021-02-28,Plumas,63,18699,641,628,11,639,4
2021-02-28,Riverside,65,2383286,283391,279214,14138,293352,3661
2021-02-28,Sacramento,67,1510023,94690,93463,1311,94774,1398
2021-02-28,San Benito,69,59416,5747,5772,95,5867,57
2021-02-28,San Bernardino,71,2135413,285605,281620,8602,290222,3595
2021-02-28,San Diego,73,3302833,264315,260353,0,260353,3303
2021-02-28,San Francisco,75,870044,34243,34291,1159,35450,417
2021-02-28,San Joaquin,77,732212,66850,65662,2919,68581,1097
2021-02-28,San Luis Obispo,79,281455,19591,19422,583,20005,237
2021-02-28,San Mateo,81,765935,39647,39059,417,39476,314
2021-02-28,Santa Barbara,83,443738,32442,31877,1157,33034,413
2021-02-28,Santa Clara,85,1922200,110386,110556,607,111163,1704
2021-02-28,Santa Cruz,87,273765,15385,14571,842,15413,185
2021-02-28,Shasta,89,179085,10965,10990,1276,12266,149
2021-02-28,Sierra,91,2930,49,48,14,62,0
2021-02-28,Siskiyou,93,43540,1489,1408,254,1662,5
2021-02-28,Solano,95,438530,29901,29758,369,30127,166
2021-02-28,Sonoma,97,501317,28149,28193,220,28413,279
2021-02-28,Stanislaus,99,539301,50628,50228,5586,55814,728
2021-02-28,Sutter,101,95872,8883,8825,85,8910,99
2021-02-28,Tehama,103,63373,4588,4590,515,5105,32
2021-02-28,Trinity,105,12862,351,298,52,350,3
2021-02-28,Tulare,107,460477,47796,47258,8526,55784,780
2021-02-28,Tuolumne,109,53932,3903,3905,32,3937,53
2021-02-28,Ventura,111,848112,77802,77749,2890,80639,775
2021-02-28,Yolo,113,214977,12935,12851,232,13083,188
2021-02-28,Yuba,115,75493,5501,5461,91,5552,41
2021-02-27,Alameda,1,1643700,81034,80565,1818,82383,1108
2021-02-27,Alpine,3,1148,81,77,0,77,0
2021-02-27,Amador,5,37829,3481,3463,31,3494,42
2021-02-27,Butte,7,227075,11296,10962,1697,12659,180
2021-02-27,Calaveras,9,45235,1915,1875,12,1887,46
2021-02-27,Colusa,11,21464,1871,1869,271,2140,11
2021-02-27,Contra Costa,13,1133247,63281,62248,1121,63369,693
2021-02-27,Del Norte,15,27424,993,978,0,978,5
2021-02-27,El Dorado,17,186661,9115,9072,632,9704,98
2021-02-27,Fresno,19,978130,96023,95393,8000,103393,1400
2021-02-27,Glenn,21,27897,2243,2225,508,2733,15
2021-02-27,Humboldt,23,135768,3182,3167,22,3189,30
2021-02-27,Imperial,25,180216,27158,26903,2659,29562,633
2021-02-27,Inyo,27,18085,1307,1275,2,1277,35
2021-02-27,Kern,29,883053,93174,92053,10204,102257,996
2021-02-27,Kings,31,150075,22112,21955,1063,23018,216
2021-02-27,Lake,33,64148,3195,3156,6,3162,40
2021-02-27,Lassen,35,31185,5112,5106,102,5208,1
2021-02-27,Los Angeles,37,10098052,1169534,1154275,41303,1195578,21158
2021-02-27,Madera,39,155013,15602,15467,845,16312,199
2021-02-27,Marin,41,260295,13215,13134,168,13302,214
2021-02-27,Mariposa,43,17540,377,374,5,379,4
2021-02-27,Mendocino,45,87422,3638,3555,69,3624,41
2021-02-27,Merced,47,269075,28514,28501,894,29395,384
2021-02-27,Modoc,49,8938,343,331,115,446,3
2021-02-27,Mono,51,14174,1176,1191,12,1203,3
2021-02-27,Monterey,53,433212,41858,41665,1753,43418,322
2021-02-27,Napa,55,140530,9079,9038,33,9071,71
2021-02-27,Nevada,57,99092,4025,3960,164,4124,66
2021-02-27,Orange,59,3164182,246764,245542,10540,256082,3960
2021-02-27,Placer,61,380077,20538,19726,1160,20886,239
2021-02-27,Plumas,63,18699,641,628,11,639,4
2021-02-27,Riverside,65,2383286,283282,279048,14128,293176,3663
2021-02-27,Sacramento,67,1510023,94608,93281,1300,94581,1396
2021-02-27,San Benito,69,59416,5746,5767,94,5861,57
2021-02-27,San Bernardino,71,2135413,285529,281471,8595,290066,3527
2021-02-27,San Diego,73,3302833,264126,260091,0,260091,3284
2021-02-27,San Francisco,75,870044,34210,34260,1156,35416,413
2021-02-27,San Joaquin,77,732212,66804,65578,2917,68495,1100
2021-02-27,San Luis Obispo,79,281455,19570,19411,582,19993,237
2021-02-27,San Mateo,81,765935,39606,38998,416,39414,313
2021-02-27,Santa Barbara,83,443738,32408,31805,1156,32961,411
2021-02-27,Santa Clara,85,1922200,110239,110361,605,110966,1703
2021-02-27,Santa Cruz,87,273765,15376,14552,841,15393,185
2021-02-27,Shasta,89,179085,10959,10985,1272,12257,149
2021-02-27,Sierra,91,2930,49,48,14,62,0
2021-02-27,Siskiyou,93,43540,1487,1407,253,1660,5
2021-02-27,Solano,95,438530,29873,29718,368,30086,165
2021-02-27,Sonoma,97,501317,28105,28141,214,28355,281
2021-02-27,Stanislaus,99,539301,50574,50147,5576,55723,733
2021-02-27,Sutter,101,95872,8878,8820,85,8905,99
2021-02-27,Tehama,103,63373,4585,4584,515,5099,32
2021-02-27,Trinity,105,12862,351,298,52,350,3
2021-02-27,Tulare,107,460477,47760,47209,8499,55708,770
2021-02-27,Tuolumne,109,53932,3900,3899,32,3931,53
2021-02-27,Ventura,111,848112,77730,77623,2887,80510,771
2021-02-27,Yolo,113,214977,12923,12834,232,13066,188
2021-02-27,Yuba,115,75493,5498,5450,91,5541,39
2021-02-26,Alameda,1,1643700,80939,80387,1813,82200,1106
2021-02-26,Alpine,3,1148,81,77,0,77,0
2021-02-26,Amador,5,37829,3475,3457,31,3488,42
2021-02-26,Butte,7,227075,11286,10941,1696,12637,180
2021-02-26,Calaveras,9,45235,1914,1873,12,1885,46
2021-02-26,Colusa,11,21464,1871,1865,271,2136,11
2021-02-26,Contra Costa,13,1133247,63199,62114,1121,63235,685
2021-02-26,Del Norte,15,27424,989,968,0,968,5
2021-02-26,El Dorado,17,186661,9110,9038,630,9668,98
2021-02-26,Fresno,19,978130,95920,95202,7992,103194,1391
2021-02-26,Glenn,21,27897,2240,2220,508,2728,15
2021-02-26,Humboldt,23,135768,3176,3152,22,3174,30
2021-02-26,Imperial,25,180216,27150,26888,2657,29545,631
2021-02-26,Inyo,27,18085,1305,1271,2,1273,34
2021-02-26,Kern,29,883053,93095,91884,10188,102072,997
2021-02-26,Kings,31,150075,22096,21917,1060,22977,216
2021-02-26,Lake,33,64148,3190,3153,6,3159,40
2021-02-26,Lassen,35,31185,5112,5102,102,5204,1
2021-02-26,Los Angeles,37,10098052,1168966,1153131,41240,1194371,21070
2021-02-26,Madera,39,155013,15586,15436,843,16279,199
2021-02-26,Marin,41,260295,13201,13091,168,13259,214
2021-02-26,Mariposa,43,17540,377,375,5,380,4
2021-02-26,Mendocino,45,87422,3633,3549,69,3618,41
2021-02-26,Merced,47,269075,28482,28455,893,29348,382
2021-02-26,Modoc,49,8938,342,330,115,445,3
2021-02-26,Mono,51,14174,1174,1191,12,1203,3
2021-02-26,Monterey,53,433212,41832,41607,1753,43360,322
2021-02-26,Napa,55,140530,9073,9014,33,9047,70
2021-02-26,Nevada,57,99092,4014,3952,164,4116,66
2021-02-26,Orange,59,3164182,246624,245278,10530,255808,3918
2021-02-26,Placer,61,380077,20512,19712,1154,20866,239
2021-02-26,Plumas,63,18699,641,628,11,639,4
2021-02-26,Riverside,65,2383286,283138,278772,14122,292894,3653
2021-02-26,Sacramento,67,1510023,94485,93180,1297,94477,1390
2021-02-26,San Benito,69,59416,5745,5759,94,5853,57
2021-02-26,San Bernardino,71,2135413,285426,281132,8593,289725,3461
2021-02-26,San Diego,73,3302833,263899,259641,0,259641,3271
2021-02-26,San Francisco,75,870044,34180,34213,1151,35364,413
2021-02-26,San Joaquin,77,732212,66723,65492,2911,68403,1070
2021-02-26,San Luis Obispo,79,281455,19554,19359,580,19939,234
2021-02-26,San Mateo,81,765935,39560,38922,416,39338,313
2021-02-26,Santa Barbara,83,443738,32365,31724,1155,32879,410
2021-02-26,Santa Clara,85,1922200,110109,110168,603,110771,1700
2021-02-26,Santa Cruz,87,273765,15364,14528,840,15368,185
2021-02-26,Shasta,89,179085,10953,10972,1262,12234,149
2021-02-26,Sierra,91,2930,49,47,14,61,0
2021-02-26,Siskiyou,93,43540,1487,1401,253,1654,5
2021-02-26,Solano,95,438530,29839,29651,367,30018,165
2021-02-26,Sonoma,97,501317,28077,28063,213,28276,280
2021-02-26,Stanislaus,99,539301,50518,50054,5568,55622,737
2021-02-26,Sutter,101,95872,8869,8806,85,8891,99
2021-02-26,Tehama,103,63373,4583,4581,515,5096,32
2021-02-26,Trinity,105,12862,350,298,52,350,3
2021-02-26,Tulare,107,460477,47725,47135,8468,55603,770
2021-02-26,Tuolumne,109,53932,3899,3896,32,3928,53
2021-02-26,Ventura,111,848112,77630,77534,2885,80419,765
2021-02-26,Yolo,113,214977,12916,12816,232,13048,188
2021-02-26,Yuba,115,75493,5493,5438,91,5529,39
2021-02-25,Alameda,1,1643700,80818,80181,1812,81993,1093
2021-02-25,Alpine,3,1148,81,77,0,77,0
2021-02-25,Amador,5,37829,3472,3448,31,3479,41
2021-02-25,Butte,7,227075,11265,10922,1691,12613,178
2021-02-25,Calaveras,9,45235,1906,1868,12,1880,46
2021-02-25,Colusa,11,21464,1868,1863,270,2133,11
2021-02-25,Contra Costa,13,1133247,63097,61910,1121,63031,686
2021-02-25,Del Norte,15,27424,979,966,0,966,5
2021-02-25,El Dorado,17,186661,9094,9012,630,9642,98
2021-02-25,Fresno,19,978130,95777,95015,7970,102985,1377
2021-02-25,Glenn,21,27897,2237,2219,507,2726,15
2021-02-25,Humboldt,23,135768,3169,3129,21,3150,30
2021-02-25,Imperial,25,180216,27144,26855,2653,29508,628
2021-02-25,Inyo,27,18085,1299,1264,2,1266,33
2021-02-25,Kern,29,883053,92980,91735,10162,101897,992
2021-02-25,Kings,31,150075,22087,21900,1057,22957,216
2021-02-25,Lake,33,64148,3181,3141,6,3147,40
2021-02-25,Lassen,35,31185,5111,5097,100,5197,1
2021-02-25,Los Angeles,37,10098052,1168229,1151846,41180,1193026,20931
2021-02-25,Madera,39,155013,15551,15414,839,16253,194
2021-02-25,Marin,41,260295,13177,13067,168,13235,214
2021-02-25,Mariposa,43,17540,377,375,5,380,4
2021-02-25,Mendocino,45,87422,3628,3542,69,3611,41
2021-02-25,Merced,47,269075,28432,28383,892,29275,382
2021-02-25,Modoc,49,8938,342,329,115,444,3
2021-02-25,Mono,51,14174,1173,1190,12,1202,3
2021-02-25,Monterey,53,433212,41807,41564,1748,43312,321
2021-02-25,Napa,55,140530,9047,8998,33,9031,70
2021-02-25,Nevada,57,99092,3997,3940,163,4103,66
2021-02-25,Orange,59,3164182,246450,245000,10520,255520,3882
2021-02-25,Placer,61,380077,20471,19661,1152,20813,239
2021-02-25,Plumas,63,18699,641,626,11,637,4
2021-02-25,Riverside,65,2383286,282953,278544,14098,292642,3646
2021-02-25,Sacramento,67,1510023,94326,92961,1284,94245,1386
2021-02-25,San Benito,69,59416,5740,5752,94,5846,58
2021-02-25,San Bernardino,71,2135413,285293,280946,8584,289530,3409
2021-02-25,San Diego,73,3302833,263604,258979,0,258979,3260
2021-02-25,San Francisco,75,870044,34138,34138,1148,35286,408
2021-02-25,San Joaquin,77,732212,66640,65389,2899,68288,1047
2021-02-25,San Luis Obispo,79,281455,19533,19335,578,19913,234
2021-02-25,San Mateo,81,765935,39514,38872,416,39288,300
2021-02-25,Santa Barbara,83,443738,32289,31631,1154,32785,408
2021-02-25,Santa Clara,85,1922200,109945,109923,602,110525,1677
2021-02-25,Santa Cruz,87,273765,15346,14492,838,15330,185
2021-02-25,Shasta,89,179085,10941,10947,1257,12204,148
2021-02-25,Sierra,91,2930,49,47,14,61,0
2021-02-25,Siskiyou,93,43540,1483,1390,250,1640,4
2021-02-25,Solano,95,438530,29807,29616,367,29983,161
2021-02-25,Sonoma,97,501317,28023,28004,210,28214,278
2021-02-25,Stanislaus,99,539301,50429,49964,5557,55521,738
2021-02-25,Sutter,101,95872,8855,8789,84,8873,99
2021-02-25,Tehama,103,63373,4579,4578,513,5091,32
2021-02-25,Trinity,105,12862,350,297,52,349,3
2021-02-25,Tulare,107,460477,47677,47052,8440,55492,765
2021-02-25,Tuolumne,109,53932,3896,3894,32,3926,53
2021-02-25,Ventura,111,848112,77525,77395,2879,80274,751
2021-02-25,Yolo,113,214977,12899,12787,232,13019,188
2021-02-25,Yuba,115,75493,5485,5429,91,5520,39
2021-02-24,Alameda,1,1643700,80695,80070,1808,81878,1082
2021-02-24,Alpine,3,1148,80,77,0,77,0
2021-02-24,Amador,5,37829,3467,3444,31,3475,41
2021-02-24,Butte,7,227075,11253,10915,1687,12602,178
2021-02-24,Calaveras,9,45235,1903,1864,12,1876,31
2021-02-24,Colusa,11,21464,1866,1863,270,2133,11
2021-02-24,Contra Costa,13,1133247,62989,61776,1121,62897,663
2021-02-24,Del Norte,15,27424,978,960,0,960,5
2021-02-24,El Dorado,17,186661,9082,8993,630,9623,98
2021-02-24,Fresno,19,978130,95631,94794,7953,102747,1369
2021-02-24,Glenn,21,27897,2235,2210,507,2717,14
2021-02-24,Humboldt,23,135768,3157,3123,21,3144,29
2021-02-24,Imperial,25,180216,27129,26843,2649,29492,596
2021-02-24,Inyo,27,18085,1294,1253,2,1255,32
2021-02-24,Kern,29,883053,92847,91525,10146,101671,992
2021-02-24,Kings,31,150075,22064,21871,1053,22924,216
2021-02-24,Lake,33,64148,3174,3134,6,3140,40
2021-02-24,Lassen,35,31185,5107,5095,99,5194,1
2021-02-24,Los Angeles,37,10098052,1167475,1150322,41130,1191452,20817
2021-02-24,Madera,39,155013,15524,15390,839,16229,194
2021-02-24,Marin,41,260295,13154,13044,167,13211,214
2021-02-24,Mariposa,43,17540,377,374,5,379,4
2021-02-24,Mendocino,45,87422,3621,3540,69,3609,41
2021-02-24,Merced,47,269075,28393,28295,889,29184,383
2021-02-24,Modoc,49,8938,341,329,115,444,3
2021-02-24,Mono,51,14174,1171,1189,12,1201,3
2021-02-24,Monterey,53,433212,41781,41495,1746,43241,320
2021-02-24,Napa,55,140530,9030,8976,32,9008,70
2021-02-24,Nevada,57,99092,3987,3927,163,4090,66
2021-02-24,Orange,59,3164182,246233,244743,10506,255249,3835
2021-02-24,Placer,61,380077,20433,19648,1146,20794,239
2021-02-24,Plumas,63,18699,639,626,11,637,4
2021-02-24,Riverside,65,2383286,282732,278293,14088,292381,3603
2021-02-24,Sacramento,67,1510023,94173,92742,1279,94021,1375
2021-02-24,San Benito,69,59416,5739,5743,94,5837,57
2021-02-24,San Bernardino,71,2135413,285144,280583,8580,289163,3360
2021-02-24,San Diego,73,3302833,263311,258460,0,258460,3230
2021-02-24,San Francisco,75,870044,34093,34061,1144,35205,406
2021-02-24,San Joaquin,77,732212,66530,65274,2896,68170,1019
2021-02-24,San Luis Obispo,79,281455,19510,19309,576,19885,233
2021-02-24,San Mateo,81,765935,39477,38763,415,39178,300
2021-02-24,Santa Barbara,83,443738,32238,31563,1151,32714,405
2021-02-24,Santa Clara,85,1922200,109793,109671,601,110272,1674
2021-02-24,Santa Cruz,87,273765,15325,14458,838,15296,185
2021-02-24,Shasta,89,179085,10926,10922,1254,12176,148
2021-02-24,Sierra,91,2930,49,47,14,61,0
2021-02-24,Siskiyou,93,43540,1476,1385,246,1631,4
2021-02-24,Solano,95,438530,29768,29577,364,29941,158
2021-02-24,Sonoma,97,501317,27958,27954,206,28160,278
2021-02-24,Stanislaus,99,539301,50360,49851,5548,55399,732
2021-02-24,Sutter,101,95872,8845,8778,84,8862,99
2021-02-24,Tehama,103,63373,4575,4566,513,5079,31
2021-02-24,Trinity,105,12862,350,294,51,345,3
2021-02-24,Tulare,107,460477,47623,46976,8410,55386,759
2021-02-24,Tuolumne,109,53932,3893,3887,32,3919,53
2021-02-24,Ventura,111,848112,77418,77238,2877,80115,718
2021-02-24,Yolo,113,214977,12887,12760,227,12987,188
2021-02-24,Yuba,115,75493,5474,5425,89,5514,39
2021-02-23,Alameda,1,1643700,80557,79948,1804,81752,1070
2021-02-23,Alpine,3,1148,79,77,0,77,0
2021-02-23,Amador,5,37829,3465,3440,31,3471,41
2021-02-23,Butte,7,227075,11238,10887,1683,12570,176
2021-02-23,Calaveras,9,45235,1902,1863,12,1875,21
2021-02-23,Colusa,11,21464,1863,1862,270,2132,11
2021-02-23,Contra Costa,13,1133247,62855,61613,1119,62732,661
2021-02-23,Del Norte,15,27424,976,953,0,953,3
2021-02-23,El Dorado,17,186661,9069,8969,630,9599,96
2021-02-23,Fresno,19,978130,95470,94741,7939,102680,1356
2021-02-23,Glenn,21,27897,2233,2209,507,2716,14
2021-02-23,Humboldt,23,135768,3140,3108,21,3129,29
2021-02-23,Imperial,25,180216,27109,26816,2644,29460,591
2021-02-23,Inyo,27,18085,1290,1250,2,1252,32
2021-02-23,Kern,29,883053,92710,91390,10117,101507,982
2021-02-23,Kings,31,150075,22049,21839,1049,22888,216
2021-02-23,Lake,33,64148,3166,3121,6,3127,40
2021-02-23,Lassen,35,31185,5104,5092,99,5191,1
2021-02-23,Los Angeles,37,10098052,1166613,1148965,41073,1190038,19887
2021-02-23,Madera,39,155013,15510,15352,833,16185,193
2021-02-23,Marin,41,260295,13134,13015,166,13181,214
2021-02-23,Mariposa,43,17540,377,374,5,379,4
2021-02-23,Mendocino,45,87422,3619,3540,68,3608,41
2021-02-23,Merced,47,269075,28305,28209,888,29097,381
2021-02-23,Modoc,49,8938,340,328,114,442,3
2021-02-23,Mono,51,14174,1171,1189,12,1201,3
2021-02-23,Monterey,53,433212,41740,41439,1740,43179,317
2021-02-23,Napa,55,140530,9019,8967,32,8999,70
2021-02-23,Nevada,57,99092,3979,3912,163,4075,66
2021-02-23,Orange,59,3164182,246037,244566,10489,255055,3843
2021-02-23,Placer,61,380077,20407,19608,1142,20750,238
2021-02-23,Plumas,63,18699,638,626,11,637,4
2021-02-23,Riverside,65,2383286,282500,278075,14075,292150,3599
2021-02-23,Sacramento,67,1510023,94016,92632,1273,93905,1370
2021-02-23,San Benito,69,59416,5733,5731,93,5824,57
2021-02-23,San Bernardino,71,2135413,284956,280279,8573,288852,3283
2021-02-23,San Diego,73,3302833,262936,257802,0,257802,3218
2021-02-23,San Francisco,75,870044,34044,33994,1143,35137,405
2021-02-23,San Joaquin,77,732212,66432,65141,2888,68029,1004
2021-02-23,San Luis Obispo,79,281455,19481,19233,575,19808,230
2021-02-23,San Mateo,81,765935,39416,38662,415,39077,299
2021-02-23,Santa Barbara,83,443738,32185,31483,1149,32632,402
2021-02-23,Santa Clara,85,1922200,109597,109449,597,110046,1661
2021-02-23,Santa Cruz,87,273765,15298,14435,834,15269,178
2021-02-23,Shasta,89,179085,10914,10903,1250,12153,146
2021-02-23,Sierra,91,2930,49,47,14,61,0
2021-02-23,Siskiyou,93,43540,1471,1380,244,1624,4
2021-02-23,Solano,95,438530,29728,29545,361,29906,154
2021-02-23,Sonoma,97,501317,27915,27882,203,28085,278
2021-02-23,Stanislaus,99,539301,50284,49749,5530,55279,722
2021-02-23,Sutter,101,95872,8832,8766,84,8850,98
2021-02-23,Tehama,103,63373,4571,4556,512,5068,30
2021-02-23,Trinity,105,12862,350,292,50,342,3
2021-02-23,Tulare,107,460477,47544,46937,8374,55311,757
2021-02-23,Tuolumne,109,53932,3889,3864,32,3896,53
2021-02-23,Ventura,111,848112,77302,77093,2868,79961,689
2021-02-23,Yolo,113,214977,12858,12729,227,12956,188
2021-02-23,Yuba,115,75493,5461,5417,88,5505,38
2021-02-22,Alameda,1,1643700,80405,79796,1801,81597,1062
2021-02-22,Alpine,3,1148,79,77,0,77,0
2021-02-22,Amador,5,37829,3460,3438,31,3469,39
2021-02-22,Butte,7,227075,11226,10855,1677,12532,176
2021-02-22,Calaveras,9,45235,1899,1862,12,1874,21
2021-02-22,Colusa,11,21464,1863,1860,270,2130,11
2021-02-22,Contra Costa,13,1133247,62720,61478,1117,62595,661
2021-02-22,Del Norte,15,27424,975,948,0,948,3
2021-02-22,El Dorado,17,186661,9052,8940,630,9570,96
2021-02-22,Fresno,19,978130,95307,94584,7920,102504,1351
2021-02-22,Glenn,21,27897,2227,2207,505,2712,14
2021-02-22,Humboldt,23,135768,3128,3095,21,3116,29
2021-02-22,Imperial,25,180216,27086,26778,2636,29414,590
2021-02-22,Inyo,27,18085,1285,1248,2,1250,32
2021-02-22,Kern,29,883053,92595,91201,10094,101295,982
2021-02-22,Kings,31,150075,22028,21801,1046,22847,214
2021-02-22,Lake,33,64148,3160,3107,6,3113,40
2021-02-22,Lassen,35,31185,5104,5088,98,5186,1
2021-02-22,Los Angeles,37,10098052,1165742,1147541,41015,1188556,19730
2021-02-22,Madera,39,155013,15485,15325,829,16154,193
2021-02-22,Marin,41,260295,13110,12991,163,13154,213
2021-02-22,Mariposa,43,17540,376,374,5,379,4
2021-02-22,Mendocino,45,87422,3613,3535,68,3603,41
2021-02-22,Merced,47,269075,28237,28166,886,29052,379
2021-02-22,Modoc,49,8938,340,329,114,443,3
2021-02-22,Mono,51,14174,1167,1189,12,1201,3
2021-02-22,Monterey,53,433212,41689,41397,1733,43130,311
2021-02-22,Napa,55,140530,8992,8950,32,8982,69
2021-02-22,Nevada,57,99092,3970,3900,161,4061,66
2021-02-22,Orange,59,3164182,245800,244118,10471,254589,3843
2021-02-22,Placer,61,380077,20370,19587,1134,20721,238
2021-02-22,Plumas,63,18699,638,625,11,636,4
2021-02-22,Riverside,65,2383286,282241,277730,14066,291796,3567
2021-02-22,Sacramento,67,1510023,93850,92476,1263,93739,1359
2021-02-22,San Benito,69,59416,5731,5723,93,5816,57
2021-02-22,San Bernardino,71,2135413,284776,279984,8560,288544,3259
2021-02-22,San Diego,73,3302833,262527,257348,0,257348,3189
2021-02-22,San Francisco,75,870044,33985,33947,1137,35084,405
2021-02-22,San Joaquin,77,732212,66331,65060,2875,67935,1001
2021-02-22,San Luis Obispo,79,281455,19444,19198,573,19771,229
2021-02-22,San Mateo,81,765935,39359,38542,412,38954,282
2021-02-22,Santa Barbara,83,443738,32120,31421,1146,32567,399
2021-02-22,Santa Clara,85,1922200,109386,109213,585,109798,1655
2021-02-22,Santa Cruz,87,273765,15272,14417,834,15251,176
2021-02-22,Shasta,89,179085,10899,10872,1245,12117,145
2021-02-22,Sierra,91,2930,49,47,14,61,0
2021-02-22,Siskiyou,93,43540,1465,1373,243,1616,4
2021-02-22,Solano,95,438530,29689,29508,360,29868,150
2021-02-22,Sonoma,97,501317,27870,27845,202,28047,278
2021-02-22,Stanislaus,99,539301,50180,49630,5509,55139,722
2021-02-22,Sutter,101,95872,8824,8698,84,8782,98
2021-02-22,Tehama,103,63373,4562,4550,512,5062,30
2021-02-22,Trinity,105,12862,350,287,49,336,3
2021-02-22,Tulare,107,460477,47483,46879,8341,55220,751
2021-02-22,Tuolumne,109,53932,3885,3856,32,3888,53
2021-02-22,Ventura,111,848112,77175,76947,2862,79809,677
2021-02-22,Yolo,113,214977,12832,12689,226,12915,183
2021-02-22,Yuba,115,75493,5458,5404,87,5491,38
2021-02-21,Alameda,1,1643700,80207,79649,1796,81445,1061
2021-02-21,Alpine,3,1148,79,77,0,77,0
2021-02-21,Amador,5,37829,3452,3435,31,3466,39
2021-02-21,Butte,7,227075,11203,10855,1675,12530,176
2021-02-21,Calaveras,9,45235,1898,1860,12,1872,21
2021-02-21,Colusa,11,21464,1862,1860,266,2126,11
2021-02-21,Contra Costa,13,1133247,62555,61364,1114,62478,661
2021-02-21,Del Norte,15,27424,969,942,0,942,3
2021-02-21,El Dorado,17,186661,9034,8927,629,9556,96
2021-02-21,Fresno,19,978130,95161,94374,7901,102275,1349
2021-02-21,Glenn,21,27897,2225,2201,503,2704,14
2021-02-21,Humboldt,23,135768,3116,3096,21,3117,29
2021-02-21,Imperial,25,180216,27067,26779,2632,29411,590
2021-02-21,Inyo,27,18085,1279,1232,2,1234,32
2021-02-21,Kern,29,883053,92470,91141,10055,101196,980
2021-02-21,Kings,31,150075,21994,21784,1043,22827,213
2021-02-21,Lake,33,64148,3152,3100,6,3106,40
2021-02-21,Lassen,35,31185,5096,5077,98,5175,1
2021-02-21,Los Angeles,37,10098052,1164715,1146756,40960,1187716,19711
2021-02-21,Madera,39,155013,15454,15298,826,16124,192
2021-02-21,Marin,41,260295,13080,12968,163,13131,212
2021-02-21,Mariposa,43,17540,376,373,5,378,4
2021-02-21,Mendocino,45,87422,3608,3535,68,3603,41
2021-02-21,Merced,47,269075,28147,28106,874,28980,379
2021-02-21,Modoc,49,8938,337,329,114,443,3
2021-02-21,Mono,51,14174,1167,1189,12,1201,3
2021-02-21,Monterey,53,433212,41634,41373,1722,43095,309
2021-02-21,Napa,55,140530,8977,8929,32,8961,69
2021-02-21,Nevada,57,99092,3957,3895,161,4056,66
2021-02-21,Orange,59,3164182,245503,243985,10451,254436,3801
2021-02-21,Placer,61,380077,20333,19553,1130,20683,238
2021-02-21,Plumas,63,18699,638,625,11,636,4
2021-02-21,Riverside,65,2383286,282010,277555,14053,291608,3564
2021-02-21,Sacramento,67,1510023,93638,92288,1249,93537,1354
2021-02-21,San Benito,69,59416,5721,5716,90,5806,57
2021-02-21,San Bernardino,71,2135413,284527,279870,8546,288416,3247
2021-02-21,San Diego,73,3302833,262093,257027,0,257027,3190
2021-02-21,San Francisco,75,870044,33920,33891,1133,35024,405
2021-02-21,San Joaquin,77,732212,66182,64997,2862,67859,1001
2021-02-21,San Luis Obispo,79,281455,19412,19178,571,19749,229
2021-02-21,San Mateo,81,765935,39299,38448,408,38856,282
2021-02-21,Santa Barbara,83,443738,32058,31374,1143,32517,399
2021-02-21,Santa Clara,85,1922200,109161,108992,575,109567,1654
2021-02-21,Santa Cruz,87,273765,15248,14401,833,15234,176
2021-02-21,Shasta,89,179085,10884,10867,1240,12107,145
2021-02-21,Sierra,91,2930,49,47,14,61,0
2021-02-21,Siskiyou,93,43540,1459,1371,243,1614,4
2021-02-21,Solano,95,438530,29632,29471,359,29830,150
2021-02-21,Sonoma,97,501317,27804,27793,194,27987,278
2021-02-21,Stanislaus,99,539301,50056,49527,5492,55019,726
2021-02-21,Sutter,101,95872,8806,8687,83,8770,97
2021-02-21,Tehama,103,63373,4550,4547,512,5059,30
2021-02-21,Trinity,105,12862,348,286,49,335,3
2021-02-21,Tulare,107,460477,47416,46830,8304,55134,749
2021-02-21,Tuolumne,109,53932,3871,3828,32,3860,53
2021-02-21,Ventura,111,848112,77027,76862,2848,79710,677
2021-02-21,Yolo,113,214977,12801,12670,226,12896,183
2021-02-21,Yuba,115,75493,5450,5396,86,5482,38
2021-02-20,Alameda,1,1643700,80114,79496,1792,81288,1055
2021-02-20,Alpine,3,1148,79,77,0,77,0
2021-02-20,Amador,5,37829,3450,3432,31,3463,39
2021-02-20,Butte,7,227075,11195,10838,1673,12511,176
2021-02-20,Calaveras,9,45235,1897,1858,12,1870,21
2021-02-20,Colusa,11,21464,1861,1858,266,2124,11
2021-02-20,Contra Costa,13,1133247,62466,61205,1112,62317,663
2021-02-20,Del Norte,15,27424,965,937,0,937,3
2021-02-20,El Dorado,17,186661,9023,8911,629,9540,96
2021-02-20,Fresno,19,978130,95074,94234,7882,102116,1341
2021-02-20,Glenn,21,27897,2222,2199,502,2701,14
2021-02-20,Humboldt,23,135768,3108,3073,21,3094,29
2021-02-20,Imperial,25,180216,27059,26771,2632,29403,590
2021-02-20,Inyo,27,18085,1275,1226,2,1228,32
2021-02-20,Kern,29,883053,92399,91025,10021,101046,968
2021-02-20,Kings,31,150075,21976,21773,1042,22815,212
2021-02-20,Lake,33,64148,3145,3089,6,3095,40
2021-02-20,Lassen,35,31185,5094,5067,98,5165,1
2021-02-20,Los Angeles,37,10098052,1164153,1145594,40916,1186510,19630
2021-02-20,Madera,39,155013,15434,15274,825,16099,191
2021-02-20,Marin,41,260295,13059,12945,161,13106,211
2021-02-20,Mariposa,43,17540,376,372,5,377,4
2021-02-20,Mendocino,45,87422,3606,3533,68,3601,40
2021-02-20,Merced,47,269075,28102,28066,872,28938,379
2021-02-20,Modoc,49,8938,337,328,114,442,3
2021-02-20,Mono,51,14174,1166,1187,12,1199,3
2021-02-20,Monterey,53,433212,41614,41313,1720,43033,309
2021-02-20,Napa,55,140530,8968,8910,32,8942,69
2021-02-20,Nevada,57,99092,3947,3887,160,4047,66
2021-02-20,Orange,59,3164182,245337,243761,10435,254196,3755
2021-02-20,Placer,61,380077,20292,19509,1126,20635,236
2021-02-20,Plumas,63,18699,638,626,11,637,4
2021-02-20,Riverside,65,2383286,281859,277267,14041,291308,3559
2021-02-20,Sacramento,67,1510023,93513,92057,1247,93304,1352
2021-02-20,San Benito,69,59416,5709,5709,90,5799,57
2021-02-20,San Bernardino,71,2135413,284427,279608,8541,288149,3203
2021-02-20,San Diego,73,3302833,261851,256510,0,256510,3188
2021-02-20,San Francisco,75,870044,33877,33820,1124,34944,399
2021-02-20,San Joaquin,77,732212,66110,64916,2857,67773,1001
2021-02-20,San Luis Obispo,79,281455,19389,19138,569,19707,229
2021-02-20,San Mateo,81,765935,39256,38371,407,38778,282
2021-02-20,Santa Barbara,83,443738,32024,31289,1141,32430,396
2021-02-20,Santa Clara,85,1922200,108985,108728,572,109300,1649
2021-02-20,Santa Cruz,87,273765,15237,14378,831,15209,176
2021-02-20,Shasta,89,179085,10870,10850,1235,12085,146
2021-02-20,Sierra,91,2930,49,47,14,61,0
2021-02-20,Siskiyou,93,43540,1456,1366,243,1609,4
2021-02-20,Solano,95,438530,29617,29440,357,29797,150
2021-02-20,Sonoma,97,501317,27775,27703,191,27894,278
2021-02-20,Stanislaus,99,539301,50001,49445,5479,54924,733
2021-02-20,Sutter,101,95872,8800,8681,83,8764,97
2021-02-20,Tehama,103,63373,4549,4545,512,5057,30
2021-02-20,Trinity,105,12862,347,285,48,333,3
2021-02-20,Tulare,107,460477,47380,46769,8281,55050,739
2021-02-20,Tuolumne,109,53932,3866,3823,32,3855,53
2021-02-20,Ventura,111,848112,76931,76757,2845,79602,671
2021-02-20,Yolo,113,214977,12787,12639,225,12864,183
2021-02-20,Yuba,115,75493,5447,5386,86,5472,38
2021-02-19,Alameda,1,1643700,80007,79318,1788,81106,1047
2021-02-19,Alpine,3,1148,79,77,0,77,0
2021-02-19,Amador,5,37829,3446,3427,31,3458,39
2021-02-19,Butte,7,227075,11185,10823,1668,12491,176
2021-02-19,Calaveras,9,45235,1896,1856,12,1868,21
2021-02-19,Colusa,11,21464,1861,1858,266,2124,11
2021-02-19,Contra Costa,13,1133247,62357,61017,1110,62127,651
2021-02-19,Del Norte,15,27424,960,932,0,932,2
2021-02-19,El Dorado,17,186661,9014,8882,628,9510,96
2021-02-19,Fresno,19,978130,94944,93973,7863,101836,1330
2021-02-19,Glenn,21,27897,2217,2199,501,2700,14
2021-02-19,Humboldt,23,135768,3096,3037,21,3058,29
2021-02-19,Imperial,25,180216,27054,26751,2629,29380,589
2021-02-19,Inyo,27,18085,1270,1212,2,1214,32
2021-02-19,Kern,29,883053,92330,90807,9978,100785,963
2021-02-19,Kings,31,150075,21962,21724,1039,22763,211
2021-02-19,Lake,33,64148,3139,3078,6,3084,40
2021-02-19,Lassen,35,31185,5093,5057,98,5155,1
2021-02-19,Los Angeles,37,10098052,1163408,1143828,40872,1184700,19498
2021-02-19,Madera,39,155013,15417,15222,823,16045,188
2021-02-19,Marin,41,260295,13035,12919,159,13078,210
2021-02-19,Mariposa,43,17540,376,371,5,376,4
2021-02-19,Mendocino,45,87422,3604,3526,68,3594,39
2021-02-19,Merced,47,269075,28071,27985,869,28854,376
2021-02-19,Modoc,49,8938,337,328,114,442,3
2021-02-19,Mono,51,14174,1166,1186,12,1198,3
2021-02-19,Monterey,53,433212,41585,41209,1716,42925,309
2021-02-19,Napa,55,140530,8957,8899,32,8931,69
2021-02-19,Nevada,57,99092,3941,3863,160,4023,66
2021-02-19,Orange,59,3164182,245159,243397,10421,253818,3715
2021-02-19,Placer,61,380077,20270,19457,1126,20583,236
2021-02-19,Plumas,63,18699,636,624,11,635,4
2021-02-19,Riverside,65,2383286,281688,276941,14024,290965,3541
2021-02-19,Sacramento,67,1510023,93392,91815,1243,93058,1351
2021-02-19,San Benito,69,59416,5704,5699,90,5789,57
2021-02-19,San Bernardino,71,2135413,284303,279209,8535,287744,3117
2021-02-19,San Diego,73,3302833,261561,255799,0,255799,3169
2021-02-19,San Francisco,75,870044,33829,33746,1118,34864,387
2021-02-19,San Joaquin,77,732212,66039,64774,2848,67622,988
2021-02-19,San Luis Obispo,79,281455,19359,19061,567,19628,230
2021-02-19,San Mateo,81,765935,39198,38256,405,38661,282
2021-02-19,Santa Barbara,83,443738,31960,31204,1140,32344,392
2021-02-19,Santa Clara,85,1922200,108772,108400,570,108970,1634
2021-02-19,Santa Cruz,87,273765,15222,14354,831,15185,176
2021-02-19,Shasta,89,179085,10858,10833,1232,12065,140
2021-02-19,Sierra,91,2930,49,47,14,61,0
2021-02-19,Siskiyou,93,43540,1452,1363,241,1604,4
2021-02-19,Solano,95,438530,29586,29383,356,29739,150
2021-02-19,Sonoma,97,501317,27728,27595,189,27784,280
2021-02-19,Stanislaus,99,539301,49940,49282,5463,54745,739
2021-02-19,Sutter,101,95872,8790,8665,83,8748,96
2021-02-19,Tehama,103,63373,4547,4535,512,5047,30
2021-02-19,Trinity,105,12862,346,282,45,327,3
2021-02-19,Tulare,107,460477,47336,46662,8253,54915,736
2021-02-19,Tuolumne,109,53932,3860,3817,31,3848,52
2021-02-19,Ventura,111,848112,76851,76582,2842,79424,667
2021-02-19,Yolo,113,214977,12771,12606,225,12831,183
2021-02-19,Yuba,115,75493,5437,5376,86,5462,38
2021-02-18,Alameda,1,1643700,79860,79111,1781,80892,1012
2021-02-18,Alpine,3,1148,79,77,0,77,0
2021-02-18,Amador,5,37829,3442,3417,30,3447,38
2021-02-18,Butte,7,227075,11166,10791,1665,12456,175
2021-02-18,Calaveras,9,45235,1891,1873,12,1885,21
2021-02-18,Colusa,11,21464,1859,1856,264,2120,11
2021-02-18,Contra Costa,13,1133247,62245,60868,1109,61977,640
2021-02-18,Del Norte,15,27424,955,929,0,929,2
2021-02-18,El Dorado,17,186661,9000,8850,627,9477,94
2021-02-18,Fresno,19,978130,94775,93734,7835,101569,1323
2021-02-18,Glenn,21,27897,2211,2195,501,2696,14
2021-02-18,Humboldt,23,135768,3084,3023,21,3044,29
2021-02-18,Imperial,25,180216,27028,26731,2624,29355,591
2021-02-18,Inyo,27,18085,1266,1213,1,1214,32
2021-02-18,Kern,29,883053,92173,90655,9948,100603,961
2021-02-18,Kings,31,150075,21941,21648,1037,22685,211
2021-02-18,Lake,33,64148,3131,3066,6,3072,40
2021-02-18,Lassen,35,31185,5084,5052,98,5150,1
2021-02-18,Los Angeles,37,10098052,1162453,1141930,40803,1182733,19358
2021-02-18,Madera,39,155013,15396,15175,818,15993,188
2021-02-18,Marin,41,260295,13021,12895,159,13054,209
2021-02-18,Mariposa,43,17540,375,369,5,374,4
2021-02-18,Mendocino,45,87422,3601,3519,67,3586,39
2021-02-18,Merced,47,269075,28021,27870,863,28733,372
2021-02-18,Modoc,49,8938,335,327,113,440,3
2021-02-18,Mono,51,14174,1166,1182,12,1194,3
2021-02-18,Monterey,53,433212,41522,41091,1707,42798,307
2021-02-18,Napa,55,140530,8940,8877,32,8909,68
2021-02-18,Nevada,57,99092,3932,3836,159,3995,66
2021-02-18,Orange,59,3164182,244941,243098,10402,253500,3673
2021-02-18,Placer,61,380077,20244,19429,1125,20554,232
2021-02-18,Plumas,63,18699,636,624,11,635,4
2021-02-18,Riverside,65,2383286,281409,276595,14003,290598,3510
2021-02-18,Sacramento,67,1510023,93229,91476,1237,92713,1334
2021-02-18,San Benito,69,59416,5701,5697,89,5786,58
2021-02-18,San Bernardino,71,2135413,284093,278887,8521,287408,3066
2021-02-18,San Diego,73,3302833,261208,254987,0,254987,3135
2021-02-18,San Francisco,75,870044,33771,33650,1115,34765,386
2021-02-18,San Joaquin,77,732212,65954,64634,2837,67471,982
2021-02-18,San Luis Obispo,79,281455,19317,18987,564,19551,230
2021-02-18,San Mateo,81,765935,39136,38185,401,38586,282
2021-02-18,Santa Barbara,83,443738,31881,31054,1132,32186,387
2021-02-18,Santa Clara,85,1922200,108546,108210,567,108777,1605
2021-02-18,Santa Cruz,87,273765,15196,14314,831,15145,176
2021-02-18,Shasta,89,179085,10838,10811,1229,12040,139
2021-02-18,Sierra,91,2930,48,47,14,61,0
2021-02-18,Siskiyou,93,43540,1447,1359,240,1599,4
2021-02-18,Solano,95,438530,29559,29349,355,29704,150
2021-02-18,Sonoma,97,501317,27660,27512,188,27700,281
2021-02-18,Stanislaus,99,539301,49843,49150,5448,54598,738
2021-02-18,Sutter,101,95872,8782,8654,83,8737,96
2021-02-18,Tehama,103,63373,4544,4528,511,5039,30
2021-02-18,Trinity,105,12862,345,282,45,327,3
2021-02-18,Tulare,107,460477,47277,46591,8211,54802,728
2021-02-18,Tuolumne,109,53932,3823,3811,31,3842,52
2021-02-18,Ventura,111,848112,76720,76442,2832,79274,659
2021-02-18,Yolo,113,214977,12744,12549,222,12771,183
2021-02-18,Yuba,115,75493,5420,5358,86,5444,38
2021-02-17,Alameda,1,1643700,79698,78895,1779,80674,1002
2021-02-17,Alpine,3,1148,79,77,0,77,0
2021-02-17,Amador,5,37829,3438,3415,30,3445,38
2021-02-17,Butte,7,227075,11148,10770,1662,12432,174
2021-02-17,Calaveras,9,45235,1891,1876,12,1888,21
2021-02-17,Colusa,11,21464,1856,1854,264,2118,10
2021-02-17,Contra Costa,13,1133247,62104,60723,1106,61829,635
2021-02-17,Del Norte,15,27424,949,920,0,920,2
2021-02-17,El Dorado,17,186661,8988,8847,627,9474,94
2021-02-17,Fresno,19,978130,94642,93555,7809,101364,1307
2021-02-17,Glenn,21,27897,2211,2189,500,2689,14
2021-02-17,Humboldt,23,135768,3069,3006,21,3027,29
2021-02-17,Imperial,25,180216,27013,26726,2622,29348,580
2021-02-17,Inyo,27,18085,1258,1197,1,1198,32
2021-02-17,Kern,29,883053,92054,90454,9901,100355,962
2021-02-17,Kings,31,150075,21904,21617,1033,22650,211
2021-02-17,Lake,33,64148,3120,3057,2,3059,38
2021-02-17,Lassen,35,31185,5079,5052,97,5149,1
2021-02-17,Los Angeles,37,10098052,1161407,1139786,40736,1180522,19213
2021-02-17,Madera,39,155013,15370,15135,809,15944,177
2021-02-17,Marin,41,260295,12995,12881,159,13040,207
2021-02-17,Mariposa,43,17540,375,368,4,372,4
2021-02-17,Mendocino,45,87422,3599,3494,66,3560,39
2021-02-17,Merced,47,269075,27967,27824,854,28678,372
2021-02-17,Modoc,49,8938,335,327,113,440,3
2021-02-17,Mono,51,14174,1166,1180,12,1192,3
2021-02-17,Monterey,53,433212,41468,41014,1695,42709,304
2021-02-17,Napa,55,140530,8926,8865,32,8897,68
2021-02-17,Nevada,57,99092,3913,3822,156,3978,52
2021-02-17,Orange,59,3164182,244673,242716,10369,253085,3626
2021-02-17,Placer,61,380077,20211,19405,1120,20525,230
2021-02-17,Plumas,63,18699,635,623,11,634,4
2021-02-17,Riverside,65,2383286,281134,276289,13980,290269,3491
2021-02-17,Sacramento,67,1510023,93074,91309,1230,92539,1326
2021-02-17,San Benito,69,59416,5695,5661,89,5750,57
2021-02-17,San Bernardino,71,2135413,283889,278461,8501,286962,3020
2021-02-17,San Diego,73,3302833,260832,254177,0,254177,3099
2021-02-17,San Francisco,75,870044,33694,33558,1110,34668,379
2021-02-17,San Joaquin,77,732212,65853,64556,2830,67386,979
2021-02-17,San Luis Obispo,79,281455,19272,18964,564,19528,230
2021-02-17,San Mateo,81,765935,39071,38124,399,38523,282
2021-02-17,Santa Barbara,83,443738,31814,30927,1131,32058,384
2021-02-17,Santa Clara,85,1922200,108314,107949,565,108514,1592
2021-02-17,Santa Cruz,87,273765,15163,14268,828,15096,174
2021-02-17,Shasta,89,179085,10818,10770,1228,11998,139
2021-02-17,Sierra,91,2930,48,47,14,61,0
2021-02-17,Siskiyou,93,43540,1441,1352,237,1589,4
2021-02-17,Solano,95,438530,29504,29288,355,29643,149
2021-02-17,Sonoma,97,501317,27587,27408,183,27591,281
2021-02-17,Stanislaus,99,539301,49734,49050,5431,54481,730
2021-02-17,Sutter,101,95872,8772,8681,83,8764,95
2021-02-17,Tehama,103,63373,4540,4511,510,5021,30
2021-02-17,Trinity,105,12862,345,277,43,320,3
2021-02-17,Tulare,107,460477,47216,46495,8180,54675,726
2021-02-17,Tuolumne,109,53932,3814,3806,31,3837,49
2021-02-17,Ventura,111,848112,76595,76234,2825,79059,646
2021-02-17,Yolo,113,214977,12727,12506,220,12726,182
2021-02-17,Yuba,115,75493,5411,5345,86,5431,38
2021-02-16,Alameda,1,1643700,79523,78756,1775,80531,997
2021-02-16,Alpine,3,1148,79,76,0,76,0
2021-02-16,Amador,5,37829,3431,3413,30,3443,39
2021-02-16,Butte,7,227075,11122,10748,1659,12407,164
2021-02-16,Calaveras,9,45235,1889,1872,12,1884,21
2021-02-16,Colusa,11,21464,1853,1852,262,2114,10
2021-02-16,Contra Costa,13,1133247,61956,60564,1101,61665,631
2021-02-16,Del Norte,15,27424,941,913,0,913,2
2021-02-16,El Dorado,17,186661,8978,8836,626,9462,94
2021-02-16,Fresno,19,978130,94470,93363,7778,101141,1293
2021-02-16,Glenn,21,27897,2202,2189,495,2684,14
2021-02-16,Humboldt,23,135768,3045,2994,21,3015,29
2021-02-16,Imperial,25,180216,27000,26711,2618,29329,580
2021-02-16,Inyo,27,18085,1250,1191,1,1192,32
2021-02-16,Kern,29,883053,91922,90267,9868,100135,959
2021-02-16,Kings,31,150075,21858,21583,1029,22612,206
2021-02-16,Lake,33,64148,3111,3041,2,3043,38
2021-02-16,Lassen,35,31185,5067,5047,97,5144,1
2021-02-16,Los Angeles,37,10098052,1160163,1138262,40672,1178934,19044
2021-02-16,Madera,39,155013,15331,15120,805,15925,172
2021-02-16,Marin,41,260295,12971,12832,159,12991,205
2021-02-16,Mariposa,43,17540,375,367,4,371,4
2021-02-16,Mendocino,45,87422,3595,3489,66,3555,39
2021-02-16,Merced,47,269075,27895,27724,847,28571,368
2021-02-16,Modoc,49,8938,335,326,113,439,3
2021-02-16,Mono,51,14174,1166,1180,12,1192,3
2021-02-16,Monterey,53,433212,41394,40962,1686,42648,303
2021-02-16,Napa,55,140530,8913,8854,32,8886,66
2021-02-16,Nevada,57,99092,3900,3774,155,3929,47
2021-02-16,Orange,59,3164182,244352,242382,10353,252735,3612
2021-02-16,Placer,61,380077,20179,19367,1117,20484,230
2021-02-16,Plumas,63,18699,635,619,11,630,4
2021-02-16,Riverside,65,2383286,280833,275954,13957,289911,3471
2021-02-16,Sacramento,67,1510023,92819,91246,1223,92469,1305
2021-02-16,San Benito,69,59416,5687,5659,88,5747,56
2021-02-16,San Bernardino,71,2135413,283666,277947,8490,286437,2978
2021-02-16,San Diego,73,3302833,260369,253638,0,253638,3042
2021-02-16,San Francisco,75,870044,33624,33491,1105,34596,373
2021-02-16,San Joaquin,77,732212,65733,64448,2826,67274,979
2021-02-16,San Luis Obispo,79,281455,19227,18925,561,19486,229
2021-02-16,San Mateo,81,765935,39012,38041,397,38438,277
2021-02-16,Santa Barbara,83,443738,31741,30865,1127,31992,378
2021-02-16,Santa Clara,85,1922200,108061,107754,562,108316,1591
2021-02-16,Santa Cruz,87,273765,15144,14256,826,15082,174
2021-02-16,Shasta,89,179085,10802,10736,1226,11962,139
2021-02-16,Sierra,91,2930,48,47,14,61,0
2021-02-16,Siskiyou,93,43540,1437,1351,237,1588,4
2021-02-16,Solano,95,438530,29464,29246,354,29600,148
2021-02-16,Sonoma,97,501317,27524,27380,177,27557,279
2021-02-16,Stanislaus,99,539301,49616,48927,5414,54341,716
2021-02-16,Sutter,101,95872,8749,8671,83,8754,95
2021-02-16,Tehama,103,63373,4531,4501,509,5010,30
2021-02-16,Trinity,105,12862,341,275,43,318,3
2021-02-16,Tulare,107,460477,47152,46444,8134,54578,716
2021-02-16,Tuolumne,109,53932,3812,3796,31,3827,49
2021-02-16,Ventura,111,848112,76450,76043,2821,78864,631
2021-02-16,Yolo,113,214977,12696,12457,220,12677,175
2021-02-16,Yuba,115,75493,5404,5332,85,5417,38
2021-02-15,Alameda,1,1643700,79323,78647,1764,80411,996
2021-02-15,Alpine,3,1148,79,76,0,76,0
2021-02-15,Amador,5,37829,3427,3409,30,3439,39
2021-02-15,Butte,7,227075,11104,10723,1655,12378,155
2021-02-15,Calaveras,9,45235,1886,1871,12,1883,21
2021-02-15,Colusa,11,21464,1853,1849,258,2107,10
2021-02-15,Contra Costa,13,1133247,61781,60444,1094,61538,631
2021-02-15,Del Norte,15,27424,937,913,0,913,2
2021-02-15,El Dorado,17,186661,8961,8816,626,9442,94
2021-02-15,Fresno,19,978130,94271,93231,7740,100971,1288
2021-02-15,Glenn,21,27897,2199,2185,492,2677,14
2021-02-15,Humboldt,23,135768,3038,2997,21,3018,29
2021-02-15,Imperial,25,180216,26982,26700,2613,29313,580
2021-02-15,Inyo,27,18085,1231,1184,1,1185,32
2021-02-15,Kern,29,883053,91778,90181,9835,100016,959
2021-02-15,Kings,31,150075,21813,21574,1025,22599,205
2021-02-15,Lake,33,64148,3097,3030,1,3031,38
2021-02-15,Lassen,35,31185,5065,5047,96,5143,1
2021-02-15,Los Angeles,37,10098052,1158774,1137164,40609,1177773,18925
2021-02-15,Madera,39,155013,15300,15108,804,15912,106
2021-02-15,Marin,41,260295,12951,12810,156,12966,203
2021-02-15,Mariposa,43,17540,373,367,4,371,4
2021-02-15,Mendocino,45,87422,3583,3481,66,3547,39
2021-02-15,Merced,47,269075,27820,27656,840,28496,368
2021-02-15,Modoc,49,8938,335,326,113,439,3
2021-02-15,Mono,51,14174,1163,1178,12,1190,3
2021-02-15,Monterey,53,433212,41332,40911,1672,42583,302
2021-02-15,Napa,55,140530,8899,8837,32,8869,57
2021-02-15,Nevada,57,99092,3883,3767,154,3921,47
2021-02-15,Orange,59,3164182,244034,242176,10326,252502,3586
2021-02-15,Placer,61,380077,20152,19361,1116,20477,230
2021-02-15,Plumas,63,18699,635,620,11,631,4
2021-02-15,Riverside,65,2383286,280487,275771,13942,289713,3468
2021-02-15,Sacramento,67,1510023,92492,91091,1218,92309,1304
2021-02-15,San Benito,69,59416,5678,5649,88,5737,56
2021-02-15,San Bernardino,71,2135413,283411,277869,8482,286351,2945
2021-02-15,San Diego,73,3302833,259857,252940,0,252940,3037
2021-02-15,San Francisco,75,870044,33551,33454,1097,34551,373
2021-02-15,San Joaquin,77,732212,65568,64382,2819,67201,979
2021-02-15,San Luis Obispo,79,281455,19174,18891,559,19450,227
2021-02-15,San Mateo,81,765935,38935,37969,394,38363,277
2021-02-15,Santa Barbara,83,443738,31640,30810,1124,31934,378
2021-02-15,Santa Clara,85,1922200,107827,107630,560,108190,1588
2021-02-15,Santa Cruz,87,273765,15112,14239,823,15062,175
2021-02-15,Shasta,89,179085,10782,10730,1221,11951,139
2021-02-15,Sierra,91,2930,48,47,14,61,0
2021-02-15,Siskiyou,93,43540,1429,1345,236,1581,4
2021-02-15,Solano,95,438530,29409,29225,354,29579,148
2021-02-15,Sonoma,97,501317,27437,27359,173,27532,276
2021-02-15,Stanislaus,99,539301,49492,48808,5400,54208,716
2021-02-15,Sutter,101,95872,8734,8652,83,8735,95
2021-02-15,Tehama,103,63373,4520,4492,507,4999,30
2021-02-15,Trinity,105,12862,340,274,43,317,3
2021-02-15,Tulare,107,460477,47079,46344,8093,54437,715
2021-02-15,Tuolumne,109,53932,3802,3794,31,3825,49
2021-02-15,Ventura,111,848112,76294,75889,2818,78707,629
2021-02-15,Yolo,113,214977,12660,12412,213,12625,175
2021-02-15,Yuba,115,75493,5387,5320,84,5404,38
2021-02-14,Alameda,1,1643700,79166,78442,1763,80205,995
2021-02-14,Alpine,3,1148,79,76,0,76,0
2021-02-14,Amador,5,37829,3422,3398,30,3428,39
2021-02-14,Butte,7,227075,11080,10717,1650,12367,155
2021-02-14,Calaveras,9,45235,1883,1866,12,1878,21
2021-02-14,Colusa,11,21464,1849,1845,255,2100,10
2021-02-14,Contra Costa,13,1133247,61633,60272,1091,61363,631
2021-02-14,Del Norte,15,27424,933,911,0,911,2
2021-02-14,El Dorado,17,186661,8931,8790,624,9414,94
2021-02-14,Fresno,19,978130,94107,93065,7715,100780,1287
2021-02-14,Glenn,21,27897,2197,2184,492,2676,14
2021-02-14,Humboldt,23,135768,3025,2992,21,3013,29
2021-02-14,Imperial,25,180216,26974,26696,2612,29308,580
2021-02-14,Inyo,27,18085,1225,1177,1,1178,32
2021-02-14,Kern,29,883053,91620,90038,9780,99818,959
2021-02-14,Kings,31,150075,21787,21538,1023,22561,205
2021-02-14,Lake,33,64148,3088,3030,1,3031,38
2021-02-14,Lassen,35,31185,5061,5037,96,5133,1
2021-02-14,Los Angeles,37,10098052,1157436,1135450,40521,1175971,18898
2021-02-14,Madera,39,155013,15268,15089,800,15889,106
2021-02-14,Marin,41,260295,12927,12784,156,12940,201
2021-02-14,Mariposa,43,17540,373,365,4,369,4
2021-02-14,Mendocino,45,87422,3578,3475,66,3541,39
2021-02-14,Merced,47,269075,27743,27601,834,28435,368
2021-02-14,Modoc,49,8938,335,326,113,439,3
2021-02-14,Mono,51,14174,1162,1180,12,1192,3
2021-02-14,Monterey,53,433212,41283,40842,1668,42510,302
2021-02-14,Napa,55,140530,8879,8826,32,8858,57
2021-02-14,Nevada,57,99092,3867,3761,154,3915,47
2021-02-14,Orange,59,3164182,243727,241859,10305,252164,3564
2021-02-14,Placer,61,380077,20114,19313,1111,20424,230
2021-02-14,Plumas,63,18699,634,620,11,631,4
2021-02-14,Riverside,65,2383286,280173,275518,13921,289439,3471
2021-02-14,Sacramento,67,1510023,92285,90856,1214,92070,1304
2021-02-14,San Benito,69,59416,5670,5641,87,5728,56
2021-02-14,San Bernardino,71,2135413,283094,277664,8463,286127,2929
2021-02-14,San Diego,73,3302833,259365,252247,0,252247,3037
2021-02-14,San Francisco,75,870044,33479,33374,1087,34461,372
2021-02-14,San Joaquin,77,732212,65469,64243,2805,67048,979
2021-02-14,San Luis Obispo,79,281455,19136,18868,556,19424,225
2021-02-14,San Mateo,81,765935,38851,37859,394,38253,277
2021-02-14,Santa Barbara,83,443738,31548,30744,1120,31864,377
2021-02-14,Santa Clara,85,1922200,107627,107412,556,107968,1582
2021-02-14,Santa Cruz,87,273765,15084,14225,818,15043,175
2021-02-14,Shasta,89,179085,10752,10720,1215,11935,139
2021-02-14,Sierra,91,2930,48,47,14,61,0
2021-02-14,Siskiyou,93,43540,1425,1340,236,1576,4
2021-02-14,Solano,95,438530,29371,29150,350,29500,148
2021-02-14,Sonoma,97,501317,27360,27266,171,27437,276
2021-02-14,Stanislaus,99,539301,49386,48672,5384,54056,716
2021-02-14,Sutter,101,95872,8711,8642,83,8725,95
2021-02-14,Tehama,103,63373,4512,4490,505,4995,30
2021-02-14,Trinity,105,12862,340,272,43,315,3
2021-02-14,Tulare,107,460477,47004,46263,8038,54301,715
2021-02-14,Tuolumne,109,53932,3801,3764,31,3795,49
2021-02-14,Ventura,111,848112,76119,75742,2807,78549,629
2021-02-14,Yolo,113,214977,12631,12399,212,12611,175
2021-02-14,Yuba,115,75493,5377,5314,84,5398,38
2021-02-13,Alameda,1,1643700,79048,78246,1760,80006,995
2021-02-13,Alpine,3,1148,79,76,0,76,0
2021-02-13,Amador,5,37829,3419,3387,30,3417,38
2021-02-13,Butte,7,227075,11064,10699,1649,12348,155
2021-02-13,Calaveras,9,45235,1879,1863,12,1875,21
2021-02-13,Colusa,11,21464,1849,1837,255,2092,10
2021-02-13,Contra Costa,13,1133247,61513,60100,1091,61191,629
2021-02-13,Del Norte,15,27424,931,908,0,908,2
2021-02-13,El Dorado,17,186661,8920,8758,623,9381,93
2021-02-13,Fresno,19,978130,93999,92807,7691,100498,1287
2021-02-13,Glenn,21,27897,2196,2182,492,2674,14
2021-02-13,Humboldt,23,135768,3012,2974,20,2994,29
2021-02-13,Imperial,25,180216,26967,26680,2610,29290,580
2021-02-13,Inyo,27,18085,1221,1168,1,1169,32
2021-02-13,Kern,29,883053,91532,89915,9754,99669,957
2021-02-13,Kings,31,150075,21772,21513,1021,22534,205
2021-02-13,Lake,33,64148,3082,3025,1,3026,37
2021-02-13,Lassen,35,31185,5058,5028,96,5124,1
2021-02-13,Los Angeles,37,10098052,1156579,1133752,40471,1174223,18822
2021-02-13,Madera,39,155013,15259,15053,795,15848,106
2021-02-13,Marin,41,260295,12906,12757,156,12913,201
2021-02-13,Mariposa,43,17540,373,365,4,369,4
2021-02-13,Mendocino,45,87422,3568,3466,66,3532,38
2021-02-13,Merced,47,269075,27699,27541,831,28372,368
2021-02-13,Modoc,49,8938,335,325,113,438,3
2021-02-13,Mono,51,14174,1162,1176,12,1188,3
2021-02-13,Monterey,53,433212,41252,40731,1666,42397,301
2021-02-13,Napa,55,140530,8870,8809,32,8841,57
2021-02-13,Nevada,57,99092,3858,3742,153,3895,47
2021-02-13,Orange,59,3164182,243523,241545,10284,251829,3520
2021-02-13,Placer,61,380077,20094,19214,1111,20325,230
2021-02-13,Plumas,63,18699,634,616,11,627,4
2021-02-13,Riverside,65,2383286,279945,275276,13911,289187,3462
2021-02-13,Sacramento,67,1510023,92117,90401,1211,91612,1302
2021-02-13,San Benito,69,59416,5656,5633,87,5720,56
2021-02-13,San Bernardino,71,2135413,282943,277405,8451,285856,2899
2021-02-13,San Diego,73,3302833,259035,251679,0,251679,3009
2021-02-13,San Francisco,75,870044,33430,33291,1076,34367,364
2021-02-13,San Joaquin,77,732212,65401,64105,2795,66900,977
2021-02-13,San Luis Obispo,79,281455,19108,18803,550,19353,225
2021-02-13,San Mateo,81,765935,38798,37745,394,38139,277
2021-02-13,Santa Barbara,83,443738,31497,30594,1118,31712,374
2021-02-13,Santa Clara,85,1922200,107442,107125,552,107677,1570
2021-02-13,Santa Cruz,87,273765,15057,14198,817,15015,173
2021-02-13,Shasta,89,179085,10740,10713,1210,11923,139
2021-02-13,Sierra,91,2930,48,47,14,61,0
2021-02-13,Siskiyou,93,43540,1422,1336,236,1572,4
2021-02-13,Solano,95,438530,29335,29084,350,29434,148
2021-02-13,Sonoma,97,501317,27314,27157,169,27326,276
2021-02-13,Stanislaus,99,539301,49317,48568,5378,53946,697
2021-02-13,Sutter,101,95872,8699,8626,83,8709,94
2021-02-13,Tehama,103,63373,4503,4484,504,4988,30
2021-02-13,Trinity,105,12862,339,272,42,314,3
2021-02-13,Tulare,107,460477,46960,46162,8001,54163,709
2021-02-13,Tuolumne,109,53932,3800,3752,31,3783,49
2021-02-13,Ventura,111,848112,75982,75481,2801,78282,618
2021-02-13,Yolo,113,214977,12619,12374,211,12585,175
2021-02-13,Yuba,115,75493,5369,5289,84,5373,38
2021-02-12,Alameda,1,1643700,78913,77958,1754,79712,974
2021-02-12,Alpine,3,1148,79,76,0,76,0
2021-02-12,Amador,5,37829,3415,3381,30,3411,38
2021-02-12,Butte,7,227075,11049,10655,1642,12297,155
2021-02-12,Calaveras,9,45235,1876,1860,12,1872,21
2021-02-12,Colusa,11,21464,1849,1836,255,2091,10
2021-02-12,Contra Costa,13,1133247,61363,59878,1087,60965,620
2021-02-12,Del Norte,15,27424,921,901,0,901,2
2021-02-12,El Dorado,17,186661,8904,8725,620,9345,92
2021-02-12,Fresno,19,978130,93852,92520,7670,100190,1273
2021-02-12,Glenn,21,27897,2193,2175,492,2667,14
2021-02-12,Humboldt,23,135768,3004,2961,20,2981,29
2021-02-12,Imperial,25,180216,26958,26646,2608,29254,585
2021-02-12,Inyo,27,18085,1215,1156,1,1157,32
2021-02-12,Kern,29,883053,91422,89532,9718,99250,949
2021-02-12,Kings,31,150075,21741,21462,1015,22477,202
2021-02-12,Lake,33,64148,3078,3012,1,3013,36
2021-02-12,Lassen,35,31185,5056,5015,96,5111,1
2021-02-12,Los Angeles,37,10098052,1155376,1131185,40400,1171585,18637
2021-02-12,Madera,39,155013,15232,15022,792,15814,106
2021-02-12,Marin,41,260295,12880,12720,156,12876,200
2021-02-12,Mariposa,43,17540,372,365,4,369,4
2021-02-12,Mendocino,45,87422,3566,3447,66,3513,38
2021-02-12,Merced,47,269075,27648,27453,828,28281,367
2021-02-12,Modoc,49,8938,335,324,113,437,3
2021-02-12,Mono,51,14174,1161,1172,12,1184,3
2021-02-12,Monterey,53,433212,41205,40633,1657,42290,297
2021-02-12,Napa,55,140530,8858,8785,32,8817,55
2021-02-12,Nevada,57,99092,3853,3728,153,3881,47
2021-02-12,Orange,59,3164182,243286,241075,10268,251343,3505
2021-02-12,Placer,61,380077,20054,19174,1106,20280,230
2021-02-12,Plumas,63,18699,633,614,11,625,4
2021-02-12,Riverside,65,2383286,279671,274792,13893,288685,3438
2021-02-12,Sacramento,67,1510023,91913,90252,1210,91462,1295
2021-02-12,San Benito,69,59416,5640,5622,86,5708,56
2021-02-12,San Bernardino,71,2135413,282751,276890,8439,285329,2827
2021-02-12,San Diego,73,3302833,258653,250788,0,250788,2979
2021-02-12,San Francisco,75,870044,33370,33179,1072,34251,359
2021-02-12,San Joaquin,77,732212,65307,63966,2787,66753,975
2021-02-12,San Luis Obispo,79,281455,19067,18687,549,19236,224
2021-02-12,San Mateo,81,765935,38726,37560,394,37954,254
2021-02-12,Santa Barbara,83,443738,31426,30454,1113,31567,372
2021-02-12,Santa Clara,85,1922200,107273,106759,549,107308,1543
2021-02-12,Santa Cruz,87,273765,15037,14147,817,14964,170
2021-02-12,Shasta,89,179085,10722,10693,1200,11893,142
2021-02-12,Sierra,91,2930,47,45,14,59,0
2021-02-12,Siskiyou,93,43540,1418,1324,233,1557,4
2021-02-12,Solano,95,438530,29303,28996,347,29343,147
2021-02-12,Sonoma,97,501317,27258,27064,165,27229,275
2021-02-12,Stanislaus,99,539301,49234,48418,5353,53771,697
2021-02-12,Sutter,101,95872,8685,8609,83,8692,93
2021-02-12,Tehama,103,63373,4495,4470,503,4973,27
2021-02-12,Trinity,105,12862,339,269,42,311,3
2021-02-12,Tulare,107,460477,46882,46016,7974,53990,710
2021-02-12,Tuolumne,109,53932,3798,3736,30,3766,49
2021-02-12,Ventura,111,848112,75815,75210,2793,78003,605
2021-02-12,Yolo,113,214977,12599,12340,211,12551,175
2021-02-12,Yuba,115,75493,5361,5274,84,5358,38
2021-02-11,Alameda,1,1643700,78685,77564,1749,79313,960
2021-02-11,Alpine,3,1148,78,76,0,76,0
2021-02-11,Amador,5,37829,3411,3368,30,3398,35
2021-02-11,Butte,7,227075,11025,10624,1640,12264,155
2021-02-11,Calaveras,9,45235,1873,1856,12,1868,21
2021-02-11,Colusa,11,21464,1844,1823,253,2076,10
2021-02-11,Contra Costa,13,1133247,61196,59633,1083,60716,605
2021-02-11,Del Norte,15,27424,916,894,0,894,2
2021-02-11,El Dorado,17,186661,8883,8698,620,9318,92
2021-02-11,Fresno,19,978130,93699,92168,7643,99811,1255
2021-02-11,Glenn,21,27897,2191,2166,490,2656,14
2021-02-11,Humboldt,23,135768,2991,2954,19,2973,29
2021-02-11,Imperial,25,180216,26935,26545,2606,29151,578
2021-02-11,Inyo,27,18085,1206,1144,1,1145,32
2021-02-11,Kern,29,883053,91235,89224,9671,98895,941
2021-02-11,Kings,31,150075,21711,21373,1012,22385,202
2021-02-11,Lake,33,64148,3068,3002,1,3003,36
2021-02-11,Lassen,35,31185,5045,5004,93,5097,1
2021-02-11,Los Angeles,37,10098052,1153750,1128437,40328,1168765,18500
2021-02-11,Madera,39,155013,15211,14984,790,15774,106
2021-02-11,Marin,41,260295,12843,12682,156,12838,200
2021-02-11,Mariposa,43,17540,372,361,4,365,4
2021-02-11,Mendocino,45,87422,3559,3420,66,3486,38
2021-02-11,Merced,47,269075,27583,27325,824,28149,363
2021-02-11,Modoc,49,8938,334,317,113,430,3
2021-02-11,Mono,51,14174,1157,1173,12,1185,3
2021-02-11,Monterey,53,433212,41097,40469,1650,42119,295
2021-02-11,Napa,55,140530,8837,8777,32,8809,55
2021-02-11,Nevada,57,99092,3837,3720,153,3873,47
2021-02-11,Orange,59,3164182,242922,240590,10244,250834,3476
2021-02-11,Placer,61,380077,20014,19118,1105,20223,224
2021-02-11,Plumas,63,18699,632,592,11,603,4
2021-02-11,Riverside,65,2383286,279306,274313,13878,288191,3394
2021-02-11,Sacramento,67,1510023,91667,89988,1204,91192,1286
2021-02-11,San Benito,69,59416,5631,5609,86,5695,56
2021-02-11,San Bernardino,71,2135413,282433,276349,8425,284774,2774
2021-02-11,San Diego,73,3302833,258102,249971,0,249971,2955
2021-02-11,San Francisco,75,870044,33287,33076,1060,34136,356
2021-02-11,San Joaquin,77,732212,65137,63719,2776,66495,971
2021-02-11,San Luis Obispo,79,281455,19002,18615,545,19160,219
2021-02-11,San Mateo,81,765935,38636,37439,391,37830,253
2021-02-11,Santa Barbara,83,443738,31333,30375,1108,31483,370
2021-02-11,Santa Clara,85,1922200,107017,106392,543,106935,1507
2021-02-11,Santa Cruz,87,273765,15015,14088,811,14899,165
2021-02-11,Shasta,89,179085,10698,10672,1196,11868,140
2021-02-11,Sierra,91,2930,47,45,14,59,0
2021-02-11,Siskiyou,93,43540,1403,1320,233,1553,4
2021-02-11,Solano,95,438530,29251,28885,347,29232,138
2021-02-11,Sonoma,97,501317,27175,26971,162,27133,272
2021-02-11,Stanislaus,99,539301,49090,48205,5342,53547,697
2021-02-11,Sutter,101,95872,8671,8590,82,8672,93
2021-02-11,Tehama,103,63373,4489,4463,503,4966,26
2021-02-11,Trinity,105,12862,339,269,42,311,3
2021-02-11,Tulare,107,460477,46790,45897,7929,53826,706
2021-02-11,Tuolumne,109,53932,3761,3716,30,3746,48
2021-02-11,Ventura,111,848112,75614,74959,2784,77743,590
2021-02-11,Yolo,113,214977,12576,12303,209,12512,173
2021-02-11,Yuba,115,75493,5347,5261,82,5343,38
2021-02-10,Alameda,1,1643700,78481,77344,1747,79091,944
2021-02-10,Alpine,3,1148,78,76,0,76,0
2021-02-10,Amador,5,37829,3399,3348,30,3378,35
2021-02-10,Butte,7,227075,10999,10594,1639,12233,155
2021-02-10,Calaveras,9,45235,1871,1850,12,1862,21
2021-02-10,Colusa,11,21464,1837,1815,251,2066,10
2021-02-10,Contra Costa,13,1133247,61024,59488,1081,60569,590
2021-02-10,Del Norte,15,27424,910,888,0,888,2
2021-02-10,El Dorado,17,186661,8853,8682,616,9298,87
2021-02-10,Fresno,19,978130,93527,91876,7617,99493,1247
2021-02-10,Glenn,21,27897,2189,2160,488,2648,14
2021-02-10,Humboldt,23,135768,2983,2924,19,2943,29
2021-02-10,Imperial,25,180216,26895,26522,2603,29125,578
2021-02-10,Inyo,27,18085,1194,1138,1,1139,30
2021-02-10,Kern,29,883053,91031,88933,9614,98547,926
2021-02-10,Kings,31,150075,21669,21294,1008,22302,197
2021-02-10,Lake,33,64148,3055,2975,1,2976,36
2021-02-10,Lassen,35,31185,5041,4993,93,5086,1
2021-02-10,Los Angeles,37,10098052,1152010,1125437,40194,1165631,18338
2021-02-10,Madera,39,155013,15173,14925,788,15713,105
2021-02-10,Marin,41,260295,12806,12651,156,12807,199
2021-02-10,Mariposa,43,17540,370,360,4,364,4
2021-02-10,Mendocino,45,87422,3544,3395,66,3461,38
2021-02-10,Merced,47,269075,27501,27246,813,28059,359
2021-02-10,Modoc,49,8938,333,315,111,426,3
2021-02-10,Mono,51,14174,1153,1170,12,1182,3
2021-02-10,Monterey,53,433212,41018,40366,1636,42002,288
2021-02-10,Napa,55,140530,8818,8769,32,8801,55
2021-02-10,Nevada,57,99092,3822,3693,151,3844,47
2021-02-10,Orange,59,3164182,242505,239974,10212,250186,3439
2021-02-10,Placer,61,380077,19974,19062,1100,20162,220
2021-02-10,Plumas,63,18699,629,589,11,600,2
2021-02-10,Riverside,65,2383286,278893,273721,13868,287589,3374
2021-02-10,Sacramento,67,1510023,91419,89653,1199,90852,1275
2021-02-10,San Benito,69,59416,5617,5591,86,5677,55
2021-02-10,San Bernardino,71,2135413,282075,275616,8407,284023,2696
2021-02-10,San Diego,73,3302833,257521,248858,0,248858,2904
2021-02-10,San Francisco,75,870044,33205,32955,1057,34012,351
2021-02-10,San Joaquin,77,732212,64996,63484,2762,66246,954
2021-02-10,San Luis Obispo,79,281455,18923,18549,543,19092,216
2021-02-10,San Mateo,81,765935,38546,37323,391,37714,245
2021-02-10,Santa Barbara,83,443738,31244,30216,1103,31319,359
2021-02-10,Santa Clara,85,1922200,106779,106048,540,106588,1489
2021-02-10,Santa Cruz,87,273765,14980,14007,808,14815,165
2021-02-10,Shasta,89,179085,10674,10645,1193,11838,142
2021-02-10,Sierra,91,2930,47,45,14,59,0
2021-02-10,Siskiyou,93,43540,1398,1314,232,1546,4
2021-02-10,Solano,95,438530,29176,28835,345,29180,137
2021-02-10,Sonoma,97,501317,27084,26881,160,27041,271
2021-02-10,Stanislaus,99,539301,48976,48016,5324,53340,696
2021-02-10,Sutter,101,95872,8654,8571,82,8653,93
2021-02-10,Tehama,103,63373,4481,4445,503,4948,23
2021-02-10,Trinity,105,12862,337,268,42,310,3
2021-02-10,Tulare,107,460477,46675,45782,7889,53671,696
2021-02-10,Tuolumne,109,53932,3753,3691,30,3721,48
2021-02-10,Ventura,111,848112,75388,74651,2766,77417,580
2021-02-10,Yolo,113,214977,12550,12276,208,12484,174
2021-02-10,Yuba,115,75493,5329,5241,82,5323,38
2021-02-09,Alameda,1,1643700,78215,77018,1744,78762,936
2021-02-09,Alpine,3,1148,78,76,0,76,0
2021-02-09,Amador,5,37829,3391,3347,30,3377,35
2021-02-09,Butte,7,227075,10972,10563,1637,12200,153
2021-02-09,Calaveras,9,45235,1865,1847,12,1859,21
2021-02-09,Colusa,11,21464,1828,1812,246,2058,10
2021-02-09,Contra Costa,13,1133247,60836,59307,1075,60382,583
2021-02-09,Del Norte,15,27424,904,886,0,886,2
2021-02-09,El Dorado,17,186661,8828,8663,615,9278,87
2021-02-09,Fresno,19,978130,93292,91730,7583,99313,1211
2021-02-09,Glenn,21,27897,2185,2156,487,2643,14
2021-02-09,Humboldt,23,135768,2975,2904,19,2923,29
2021-02-09,Imperial,25,180216,26867,26509,2600,29109,568
2021-02-09,Inyo,27,18085,1186,1137,1,1138,30
2021-02-09,Kern,29,883053,90784,88684,9566,98250,920
2021-02-09,Kings,31,150075,21628,21275,1006,22281,196
2021-02-09,Lake,33,64148,3044,2955,1,2956,36
2021-02-09,Lassen,35,31185,5034,4983,93,5076,1
2021-02-09,Los Angeles,37,10098052,1150048,1122745,40103,1162848,18198
2021-02-09,Madera,39,155013,15153,14912,785,15697,105
2021-02-09,Marin,41,260295,12773,12623,155,12778,197
2021-02-09,Mariposa,43,17540,368,355,4,359,4
2021-02-09,Mendocino,45,87422,3526,3369,66,3435,38
2021-02-09,Merced,47,269075,27403,27166,808,27974,354
2021-02-09,Modoc,49,8938,332,316,111,427,3
2021-02-09,Mono,51,14174,1152,1167,12,1179,3
2021-02-09,Monterey,53,433212,40909,40279,1625,41904,285
2021-02-09,Napa,55,140530,8805,8749,32,8781,55
2021-02-09,Nevada,57,99092,3806,3687,151,3838,44
2021-02-09,Orange,59,3164182,242090,239169,10179,249348,3406
2021-02-09,Placer,61,380077,19911,19008,1092,20100,220
2021-02-09,Plumas,63,18699,629,584,11,595,2
2021-02-09,Riverside,65,2383286,278406,273465,13853,287318,3334
2021-02-09,Sacramento,67,1510023,91109,89378,1196,90574,1265
2021-02-09,San Benito,69,59416,5605,5566,85,5651,54
2021-02-09,San Bernardino,71,2135413,281700,274998,8393,283391,2613
2021-02-09,San Diego,73,3302833,256865,248048,0,248048,2853
2021-02-09,San Francisco,75,870044,33126,32782,1047,33829,349
2021-02-09,San Joaquin,77,732212,64822,63341,2757,66098,937
2021-02-09,San Luis Obispo,79,281455,18864,18489,542,19031,216
2021-02-09,San Mateo,81,765935,38416,37227,390,37617,235
2021-02-09,Santa Barbara,83,443738,31134,30118,1096,31214,351
2021-02-09,Santa Clara,85,1922200,106472,105762,537,106299,1463
2021-02-09,Santa Cruz,87,273765,14930,13958,803,14761,162
2021-02-09,Shasta,89,179085,10648,10595,1191,11786,139
2021-02-09,Sierra,91,2930,47,44,14,58,0
2021-02-09,Siskiyou,93,43540,1391,1306,229,1535,4
2021-02-09,Solano,95,438530,29100,28769,341,29110,131
2021-02-09,Sonoma,97,501317,26992,26826,158,26984,267
2021-02-09,Stanislaus,99,539301,48815,47906,5307,53213,679
2021-02-09,Sutter,101,95872,8637,8541,82,8623,92
2021-02-09,Tehama,103,63373,4474,4416,501,4917,22
2021-02-09,Trinity,105,12862,337,266,42,308,3
2021-02-09,Tulare,107,460477,46545,45704,7830,53534,686
2021-02-09,Tuolumne,109,53932,3733,3673,30,3703,48
2021-02-09,Ventura,111,848112,75138,74333,2758,77091,567
2021-02-09,Yolo,113,214977,12507,12220,207,12427,174
2021-02-09,Yuba,115,75493,5320,5235,82,5317,35
2021-02-08,Alameda,1,1643700,77947,76735,1739,78474,924
2021-02-08,Alpine,3,1148,78,73,0,73,0
2021-02-08,Amador,5,37829,3384,3344,29,3373,33
2021-02-08,Butte,7,227075,10949,10524,1634,12158,152
2021-02-08,Calaveras,9,45235,1860,1840,12,1852,21
2021-02-08,Colusa,11,21464,1820,1802,242,2044,10
2021-02-08,Contra Costa,13,1133247,60628,59039,1073,60112,567
2021-02-08,Del Norte,15,27424,901,885,0,885,2
2021-02-08,El Dorado,17,186661,8797,8627,613,9240,86
2021-02-08,Fresno,19,978130,93079,91430,7555,98985,1207
2021-02-08,Glenn,21,27897,2178,2148,485,2633,14
2021-02-08,Humboldt,23,135768,2967,2902,19,2921,29
2021-02-08,Imperial,25,180216,26848,26526,2598,29124,567
2021-02-08,Inyo,27,18085,1173,1126,1,1127,30
2021-02-08,Kern,29,883053,90569,88380,9507,97887,920
2021-02-08,Kings,31,150075,21566,21232,1003,22235,195
2021-02-08,Lake,33,64148,3025,2949,1,2950,36
2021-02-08,Lassen,35,31185,5021,4976,93,5069,1
2021-02-08,Los Angeles,37,10098052,1147960,1120179,39980,1160159,17977
2021-02-08,Madera,39,155013,15117,14887,778,15665,93
2021-02-08,Marin,41,260295,12744,12591,155,12746,194
2021-02-08,Mariposa,43,17540,368,355,4,359,4
2021-02-08,Mendocino,45,87422,3512,3355,66,3421,38
2021-02-08,Merced,47,269075,27319,27082,803,27885,346
2021-02-08,Modoc,49,8938,330,318,111,429,3
2021-02-08,Mono,51,14174,1152,1165,12,1177,3
2021-02-08,Monterey,53,433212,40786,40186,1606,41792,283
2021-02-08,Napa,55,140530,8790,8719,32,8751,55
2021-02-08,Nevada,57,99092,3794,3671,151,3822,44
2021-02-08,Orange,59,3164182,241622,238715,10154,248869,3361
2021-02-08,Placer,61,380077,19868,18944,1085,20029,211
2021-02-08,Plumas,63,18699,628,584,11,595,2
2021-02-08,Riverside,65,2383286,277847,272904,13829,286733,3301
2021-02-08,Sacramento,67,1510023,90821,89267,1193,90460,1247
2021-02-08,San Benito,69,59416,5600,5553,84,5637,52
2021-02-08,San Bernardino,71,2135413,281300,274661,8387,283048,2587
2021-02-08,San Diego,73,3302833,256123,247259,0,247259,2821
2021-02-08,San Francisco,75,870044,33031,32679,1039,33718,348
2021-02-08,San Joaquin,77,732212,64661,63148,2747,65895,929
2021-02-08,San Luis Obispo,79,281455,18807,18421,537,18958,214
2021-02-08,San Mateo,81,765935,38307,37084,390,37474,232
2021-02-08,Santa Barbara,83,443738,31021,29978,1089,31067,340
2021-02-08,Santa Clara,85,1922200,106147,105413,529,105942,1456
2021-02-08,Santa Cruz,87,273765,14891,13921,796,14717,161
2021-02-08,Shasta,89,179085,10622,10574,1185,11759,137
2021-02-08,Sierra,91,2930,47,44,14,58,0
2021-02-08,Siskiyou,93,43540,1388,1303,229,1532,4
2021-02-08,Solano,95,438530,29037,28644,339,28983,130
2021-02-08,Sonoma,97,501317,26904,26760,157,26917,259
2021-02-08,Stanislaus,99,539301,48663,47704,5278,52982,679
2021-02-08,Sutter,101,95872,8618,8526,82,8608,92
2021-02-08,Tehama,103,63373,4459,4403,499,4902,22
2021-02-08,Trinity,105,12862,335,266,42,308,3
2021-02-08,Tulare,107,460477,46439,45617,7789,53406,673
2021-02-08,Tuolumne,109,53932,3725,3647,30,3677,48
2021-02-08,Ventura,111,848112,74881,74068,2752,76820,565
2021-02-08,Yolo,113,214977,12475,12169,206,12375,162
2021-02-08,Yuba,115,75493,5304,5215,82,5297,35
2021-02-07,Alameda,1,1643700,77644,76500,1730,78230,924
2021-02-07,Alpine,3,1148,75,72,0,72,0
2021-02-07,Amador,5,37829,3363,3343,29,3372,33
2021-02-07,Butte,7,227075,10916,10513,1624,12137,152
2021-02-07,Calaveras,9,45235,1852,1837,12,1849,21
2021-02-07,Colusa,11,21464,1809,1795,240,2035,10
2021-02-07,Contra Costa,13,1133247,60392,58836,1067,59903,566
2021-02-07,Del Norte,15,27424,897,881,0,881,2
2021-02-07,El Dorado,17,186661,8768,8596,611,9207,86
2021-02-07,Fresno,19,978130,92855,91184,7515,98699,1207
2021-02-07,Glenn,21,27897,2174,2141,481,2622,14
2021-02-07,Humboldt,23,135768,2946,2895,19,2914,28
2021-02-07,Imperial,25,180216,26822,26518,2591,29109,567
2021-02-07,Inyo,27,18085,1162,1124,1,1125,27
2021-02-07,Kern,29,883053,90324,88146,9450,97596,920
2021-02-07,Kings,31,150075,21506,21180,1000,22180,192
2021-02-07,Lake,33,64148,3009,2940,1,2941,36
2021-02-07,Lassen,35,31185,5010,4973,93,5066,1
2021-02-07,Los Angeles,37,10098052,1145215,1117551,39847,1157398,17889
2021-02-07,Madera,39,155013,15083,14850,774,15624,93
2021-02-07,Marin,41,260295,12710,12571,153,12724,194
2021-02-07,Mariposa,43,17540,367,355,4,359,4
2021-02-07,Mendocino,45,87422,3495,3348,66,3414,38
2021-02-07,Merced,47,269075,27208,26977,791,27768,346
2021-02-07,Modoc,49,8938,330,317,107,424,3
2021-02-07,Mono,51,14174,1149,1165,12,1177,3
2021-02-07,Monterey,53,433212,40650,40113,1585,41698,283
2021-02-07,Napa,55,140530,8767,8701,32,8733,55
2021-02-07,Nevada,57,99092,3783,3643,151,3794,44
2021-02-07,Orange,59,3164182,241024,238155,10122,248277,3336
2021-02-07,Placer,61,380077,19820,18903,1072,19975,211
2021-02-07,Plumas,63,18699,628,584,11,595,2
2021-02-07,Riverside,65,2383286,277335,272301,13807,286108,3267
2021-02-07,Sacramento,67,1510023,90488,88919,1184,90103,1246
2021-02-07,San Benito,69,59416,5581,5548,83,5631,52
2021-02-07,San Bernardino,71,2135413,280715,274316,8364,282680,2587
2021-02-07,San Diego,73,3302833,255337,246561,0,246561,2821
2021-02-07,San Francisco,75,870044,32911,32609,1027,33636,348
2021-02-07,San Joaquin,77,732212,64390,63051,2731,65782,929
2021-02-07,San Luis Obispo,79,281455,18735,18349,530,18879,214
2021-02-07,San Mateo,81,765935,38173,36984,388,37372,232
2021-02-07,Santa Barbara,83,443738,30885,29815,1078,30893,340
2021-02-07,Santa Clara,85,1922200,105807,105118,519,105637,1450
2021-02-07,Santa Cruz,87,273765,14837,13887,792,14679,161
2021-02-07,Shasta,89,179085,10602,10570,1177,11747,137
2021-02-07,Sierra,91,2930,47,43,14,57,0
2021-02-07,Siskiyou,93,43540,1381,1295,227,1522,4
2021-02-07,Solano,95,438530,28927,28567,338,28905,130
2021-02-07,Sonoma,97,501317,26799,26684,153,26837,257
2021-02-07,Stanislaus,99,539301,48472,47551,5246,52797,679
2021-02-07,Sutter,101,95872,8591,8515,82,8597,92
2021-02-07,Tehama,103,63373,4445,4396,497,4893,22
2021-02-07,Trinity,105,12862,332,264,40,304,3
2021-02-07,Tulare,107,460477,46318,45520,7709,53229,671
2021-02-07,Tuolumne,109,53932,3701,3619,29,3648,48
2021-02-07,Ventura,111,848112,74573,73759,2739,76498,561
2021-02-07,Yolo,113,214977,12430,12135,206,12341,162
2021-02-07,Yuba,115,75493,5289,5198,80,5278,35
2021-02-06,Alameda,1,1643700,77485,76170,1719,77889,922
2021-02-06,Alpine,3,1148,75,72,0,72,0
2021-02-06,Amador,5,37829,3357,3306,29,3335,33
2021-02-06,Butte,7,227075,10899,10480,1620,12100,150
2021-02-06,Calaveras,9,45235,1850,1832,12,1844,21
2021-02-06,Colusa,11,21464,1807,1791,239,2030,10
2021-02-06,Contra Costa,13,1133247,60246,58567,1061,59628,566
2021-02-06,Del Norte,15,27424,893,879,0,879,2
2021-02-06,El Dorado,17,186661,8761,8575,607,9182,86
2021-02-06,Fresno,19,978130,92745,90944,7493,98437,1207
2021-02-06,Glenn,21,27897,2173,2136,479,2615,14
2021-02-06,Humboldt,23,135768,2935,2880,19,2899,28
2021-02-06,Imperial,25,180216,26812,26514,2590,29104,567
2021-02-06,Inyo,27,18085,1159,1113,1,1114,27
2021-02-06,Kern,29,883053,90173,87919,9403,97322,912
2021-02-06,Kings,31,150075,21476,21156,1000,22156,190
2021-02-06,Lake,33,64148,3004,2920,1,2921,34
2021-02-06,Lassen,35,31185,5006,4964,92,5056,1
2021-02-06,Los Angeles,37,10098052,1143865,1114718,39746,1154464,17793
2021-02-06,Madera,39,155013,15062,14807,772,15579,93
2021-02-06,Marin,41,260295,12691,12531,152,12683,194
2021-02-06,Mariposa,43,17540,366,355,3,358,4
2021-02-06,Mendocino,45,87422,3477,3316,65,3381,38
2021-02-06,Merced,47,269075,27123,26881,783,27664,346
2021-02-06,Modoc,49,8938,330,313,107,420,3
2021-02-06,Mono,51,14174,1148,1159,12,1171,3
2021-02-06,Monterey,53,433212,40594,39995,1577,41572,282
2021-02-06,Napa,55,140530,8754,8639,32,8671,55
2021-02-06,Nevada,57,99092,3771,3624,151,3775,43
2021-02-06,Orange,59,3164182,240663,237391,10086,247477,3293
2021-02-06,Placer,61,380077,19783,18836,1069,19905,211
2021-02-06,Plumas,63,18699,628,584,11,595,2
2021-02-06,Riverside,65,2383286,276976,271741,13788,285529,3243
2021-02-06,Sacramento,67,1510023,90270,88532,1175,89707,1237
2021-02-06,San Benito,69,59416,5563,5516,83,5599,52
2021-02-06,San Bernardino,71,2135413,280411,273718,8341,282059,2564
2021-02-06,San Diego,73,3302833,254841,245331,0,245331,2812
2021-02-06,San Francisco,75,870044,32840,32437,1016,33453,346
2021-02-06,San Joaquin,77,732212,64313,62840,2718,65558,906
2021-02-06,San Luis Obispo,79,281455,18693,18284,526,18810,214
2021-02-06,San Mateo,81,765935,38105,36824,385,37209,232
2021-02-06,Santa Barbara,83,443738,30810,29645,1076,30721,337
2021-02-06,Santa Clara,85,1922200,105586,104639,514,105153,1439
2021-02-06,Santa Cruz,87,273765,14806,13845,788,14633,161
2021-02-06,Shasta,89,179085,10591,10561,1175,11736,137
2021-02-06,Sierra,91,2930,47,43,14,57,0
2021-02-06,Siskiyou,93,43540,1378,1289,226,1515,4
2021-02-06,Solano,95,438530,28891,28446,337,28783,129
2021-02-06,Sonoma,97,501317,26763,26564,151,26715,257
2021-02-06,Stanislaus,99,539301,48374,47325,5230,52555,679
2021-02-06,Sutter,101,95872,8583,8485,82,8567,92
2021-02-06,Tehama,103,63373,4438,4380,495,4875,22
2021-02-06,Trinity,105,12862,332,263,40,303,3
2021-02-06,Tulare,107,460477,46253,45349,7659,53008,664
2021-02-06,Tuolumne,109,53932,3694,3612,29,3641,48
2021-02-06,Ventura,111,848112,74393,73431,2733,76164,552
2021-02-06,Yolo,113,214977,12407,12061,206,12267,161
2021-02-06,Yuba,115,75493,5279,5177,79,5256,35
2021-02-05,Alameda,1,1643700,77259,75716,1716,77432,916
2021-02-05,Alpine,3,1148,75,72,0,72,0
2021-02-05,Amador,5,37829,3352,3299,28,3327,33
2021-02-05,Butte,7,227075,10881,10421,1614,12035,150
2021-02-05,Calaveras,9,45235,1845,1818,12,1830,21
2021-02-05,Colusa,11,21464,1803,1785,239,2024,10
2021-02-05,Contra Costa,13,1133247,60085,58195,1059,59254,560
2021-02-05,Del Norte,15,27424,892,874,0,874,2
2021-02-05,El Dorado,17,186661,8741,8527,605,9132,86
2021-02-05,Fresno,19,978130,92541,90513,7472,97985,1194
2021-02-05,Glenn,21,27897,2167,2122,474,2596,14
2021-02-05,Humboldt,23,135768,2925,2857,19,2876,28
2021-02-05,Imperial,25,180216,26793,26474,2590,29064,557
2021-02-05,Inyo,27,18085,1155,1104,1,1105,27
2021-02-05,Kern,29,883053,90005,87470,9335,96805,906
2021-02-05,Kings,31,150075,21439,21021,996,22017,190
2021-02-05,Lake,33,64148,2992,2906,1,2907,33
2021-02-05,Lassen,35,31185,5002,4936,92,5028,1
2021-02-05,Los Angeles,37,10098052,1141774,1110384,39604,1149988,17608
2021-02-05,Madera,39,155013,15028,14752,767,15519,95
2021-02-05,Marin,41,260295,12656,12479,152,12631,193
2021-02-05,Mariposa,43,17540,366,352,3,355,4
2021-02-05,Mendocino,45,87422,3463,3272,65,3337,38
2021-02-05,Merced,47,269075,27063,26760,782,27542,345
2021-02-05,Modoc,49,8938,330,312,107,419,3
2021-02-05,Mono,51,14174,1147,1157,12,1169,3
2021-02-05,Monterey,53,433212,40530,39840,1566,41406,281
2021-02-05,Napa,55,140530,8740,8598,32,8630,55
2021-02-05,Nevada,57,99092,3768,3607,151,3758,43
2021-02-05,Orange,59,3164182,240241,236335,10057,246392,3260
2021-02-05,Placer,61,380077,19748,18756,1067,19823,211
2021-02-05,Plumas,63,18699,626,578,11,589,2
2021-02-05,Riverside,65,2383286,276570,270666,13769,284435,3235
2021-02-05,Sacramento,67,1510023,90091,87992,1168,89160,1231
2021-02-05,San Benito,69,59416,5552,5502,83,5585,51
2021-02-05,San Bernardino,71,2135413,280073,272938,8323,281261,2495
2021-02-05,San Diego,73,3302833,254265,244066,0,244066,2777
2021-02-05,San Francisco,75,870044,32751,32229,1004,33233,337
2021-02-05,San Joaquin,77,732212,64165,62565,2710,65275,902
2021-02-05,San Luis Obispo,79,281455,18632,18152,522,18674,213
2021-02-05,San Mateo,81,765935,38020,36582,384,36966,227
2021-02-05,Santa Barbara,83,443738,30717,29455,1061,30516,334
2021-02-05,Santa Clara,85,1922200,105337,104112,512,104624,1421
2021-02-05,Santa Cruz,87,273765,14785,13776,786,14562,161
2021-02-05,Shasta,89,179085,10575,10507,1168,11675,136
2021-02-05,Sierra,91,2930,47,42,14,56,0
2021-02-05,Siskiyou,93,43540,1371,1276,224,1500,4
2021-02-05,Solano,95,438530,28841,28283,337,28620,127
2021-02-05,Sonoma,97,501317,26695,26423,148,26571,252
2021-02-05,Stanislaus,99,539301,48232,47024,5212,52236,678
2021-02-05,Sutter,101,95872,8563,8443,82,8525,92
2021-02-05,Tehama,103,63373,4430,4355,495,4850,22
2021-02-05,Trinity,105,12862,331,260,40,300,3
2021-02-05,Tulare,107,460477,46177,45138,7608,52746,663
2021-02-05,Tuolumne,109,53932,3668,3595,29,3624,45
2021-02-05,Ventura,111,848112,74148,72953,2722,75675,546
2021-02-05,Yolo,113,214977,12388,12025,201,12226,162
2021-02-05,Yuba,115,75493,5262,5145,79,5224,35
2021-02-04,Alameda,1,1643700,76974,75422,1710,77132,899
2021-02-04,Alpine,3,1148,74,72,0,72,0
2021-02-04,Amador,5,37829,3349,3288,28,3316,33
2021-02-04,Butte,7,227075,10849,10386,1604,11990,147
2021-02-04,Calaveras,9,45235,1845,1808,12,1820,21
2021-02-04,Colusa,11,21464,1799,1777,237,2014,10
2021-02-04,Contra Costa,13,1133247,59895,57991,1055,59046,550
2021-02-04,Del Norte,15,27424,886,870,0,870,2
2021-02-04,El Dorado,17,186661,8715,8490,602,9092,86
2021-02-04,Fresno,19,978130,92328,90126,7444,97570,1114
2021-02-04,Glenn,21,27897,2163,2102,474,2576,14
2021-02-04,Humboldt,23,135768,2915,2827,19,2846,28
2021-02-04,Imperial,25,180216,26747,26411,2587,28998,556
2021-02-04,Inyo,27,18085,1143,1084,1,1085,27
2021-02-04,Kern,29,883053,89733,87156,9256,96412,898
2021-02-04,Kings,31,150075,21389,20918,988,21906,187
2021-02-04,Lake,33,64148,2980,2882,1,2883,34
2021-02-04,Lassen,35,31185,4999,4927,92,5019,1
2021-02-04,Los Angeles,37,10098052,1138987,1106323,39473,1145796,17396
2021-02-04,Madera,39,155013,14999,14706,763,15469,95
2021-02-04,Marin,41,260295,12620,12431,152,12583,192
2021-02-04,Mariposa,43,17540,366,348,3,351,4
2021-02-04,Mendocino,45,87422,3445,3240,63,3303,38
2021-02-04,Merced,47,269075,26970,26629,779,27408,345
2021-02-04,Modoc,49,8938,330,309,107,416,3
2021-02-04,Mono,51,14174,1145,1153,12,1165,3
2021-02-04,Monterey,53,433212,40422,39619,1548,41167,279
2021-02-04,Napa,55,140530,8711,8573,32,8605,55
2021-02-04,Nevada,57,99092,3748,3590,150,3740,37
2021-02-04,Orange,59,3164182,239599,235677,10016,245693,3238
2021-02-04,Placer,61,380077,19688,18711,1058,19769,210
2021-02-04,Plumas,63,18699,623,562,11,573,2
2021-02-04,Riverside,65,2383286,275831,269851,13729,283580,3230
2021-02-04,Sacramento,67,1510023,89788,87658,1156,88814,1222
2021-02-04,San Benito,69,59416,5538,5488,82,5570,51
2021-02-04,San Bernardino,71,2135413,279526,272223,8303,280526,2409
2021-02-04,San Diego,73,3302833,253477,242613,0,242613,2738
2021-02-04,San Francisco,75,870044,32638,32116,995,33111,326
2021-02-04,San Joaquin,77,732212,63939,62374,2702,65076,883
2021-02-04,San Luis Obispo,79,281455,18566,18058,519,18577,211
2021-02-04,San Mateo,81,765935,37900,36437,381,36818,226
2021-02-04,Santa Barbara,83,443738,30585,29344,1043,30387,322
2021-02-04,Santa Clara,85,1922200,104988,103781,509,104290,1404
2021-02-04,Santa Cruz,87,273765,14752,13713,778,14491,156
2021-02-04,Shasta,89,179085,10548,10466,1163,11629,131
2021-02-04,Sierra,91,2930,47,42,14,56,0
2021-02-04,Siskiyou,93,43540,1362,1273,224,1497,4
2021-02-04,Solano,95,438530,28738,28192,336,28528,120
2021-02-04,Sonoma,97,501317,26613,26276,144,26420,249
2021-02-04,Stanislaus,99,539301,48071,46822,5190,52012,678
2021-02-04,Sutter,101,95872,8543,8401,82,8483,92
2021-02-04,Tehama,103,63373,4414,4327,495,4822,21
2021-02-04,Trinity,105,12862,330,260,39,299,3
2021-02-04,Tulare,107,460477,46053,44983,7541,52524,656
2021-02-04,Tuolumne,109,53932,3628,3585,29,3614,45
2021-02-04,Ventura,111,848112,73816,72595,2709,75304,537
2021-02-04,Yolo,113,214977,12354,11982,200,12182,161
2021-02-04,Yuba,115,75493,5236,5135,79,5214,34
2021-02-03,Alameda,1,1643700,76639,74968,1706,76674,880
2021-02-03,Alpine,3,1148,74,72,0,72,0
2021-02-03,Amador,5,37829,3345,3281,28,3309,33
2021-02-03,Butte,7,227075,10813,10355,1597,11952,144
2021-02-03,Calaveras,9,45235,1835,1799,11,1810,21
2021-02-03,Colusa,11,21464,1794,1773,236,2009,10
2021-02-03,Contra Costa,13,1133247,59655,57762,1043,58805,537
2021-02-03,Del Norte,15,27424,881,869,0,869,2
2021-02-03,El Dorado,17,186661,8695,8428,601,9029,86
2021-02-03,Fresno,19,978130,92111,89748,7404,97152,1015
2021-02-03,Glenn,21,27897,2154,2098,472,2570,14
2021-02-03,Humboldt,23,135768,2905,2800,19,2819,27
2021-02-03,Imperial,25,180216,26713,26363,2581,28944,547
2021-02-03,Inyo,27,18085,1133,1071,1,1072,27
2021-02-03,Kern,29,883053,89491,86771,9215,95986,877
2021-02-03,Kings,31,150075,21330,20831,984,21815,172
2021-02-03,Lake,33,64148,2963,2869,1,2870,33
2021-02-03,Lassen,35,31185,4988,4910,92,5002,1
2021-02-03,Los Angeles,37,10098052,1135922,1101890,39340,1141230,17163
2021-02-03,Madera,39,155013,14961,14605,761,15366,94
2021-02-03,Marin,41,260295,12586,12406,152,12558,190
2021-02-03,Mariposa,43,17540,365,347,3,350,4
2021-02-03,Mendocino,45,87422,3419,3236,62,3298,38
2021-02-03,Merced,47,269075,26854,26520,774,27294,343
2021-02-03,Modoc,49,8938,329,308,107,415,3
2021-02-03,Mono,51,14174,1138,1146,12,1158,3
2021-02-03,Monterey,53,433212,40294,39500,1530,41030,279
2021-02-03,Napa,55,140530,8676,8534,32,8566,54
2021-02-03,Nevada,57,99092,3734,3572,150,3722,35
2021-02-03,Orange,59,3164182,238855,234738,9984,244722,3189
2021-02-03,Placer,61,380077,19632,18646,1056,19702,210
2021-02-03,Plumas,63,18699,623,559,11,570,2
2021-02-03,Riverside,65,2383286,275107,269019,13697,282716,3195
2021-02-03,Sacramento,67,1510023,89465,87415,1151,88566,1212
2021-02-03,San Benito,69,59416,5520,5463,79,5542,51
2021-02-03,San Bernardino,71,2135413,279045,271477,8278,279755,2308
2021-02-03,San Diego,73,3302833,252576,241015,0,241015,2683
2021-02-03,San Francisco,75,870044,32508,31983,990,32973,325
2021-02-03,San Joaquin,77,732212,63714,61976,2691,64667,880
2021-02-03,San Luis Obispo,79,281455,18489,17922,516,18438,206
2021-02-03,San Mateo,81,765935,37762,36227,377,36604,225
2021-02-03,Santa Barbara,83,443738,30439,29121,1033,30154,315
2021-02-03,Santa Clara,85,1922200,104673,103278,505,103783,1364
2021-02-03,Santa Cruz,87,273765,14698,13611,770,14381,154
2021-02-03,Shasta,89,179085,10505,10422,1158,11580,130
2021-02-03,Sierra,91,2930,47,42,14,56,0
2021-02-03,Siskiyou,93,43540,1351,1268,223,1491,4
2021-02-03,Solano,95,438530,28616,28057,336,28393,119
2021-02-03,Sonoma,97,501317,26530,26155,143,26298,248
2021-02-03,Stanislaus,99,539301,47897,46598,5170,51768,662
2021-02-03,Sutter,101,95872,8518,8379,82,8461,90
2021-02-03,Tehama,103,63373,4392,4309,492,4801,21
2021-02-03,Trinity,105,12862,330,260,38,298,3
2021-02-03,Tulare,107,460477,45886,44838,7480,52318,640
2021-02-03,Tuolumne,109,53932,3617,3568,29,3597,45
2021-02-03,Ventura,111,848112,73480,72124,2697,74821,526
2021-02-03,Yolo,113,214977,12330,11933,199,12132,161
2021-02-03,Yuba,115,75493,5218,5124,79,5203,34
2021-02-02,Alameda,1,1643700,76293,74642,1691,76333,869
2021-02-02,Alpine,3,1148,74,72,0,72,0
2021-02-02,Amador,5,37829,3314,3275,28,3303,33
2021-02-02,Butte,7,227075,10786,10307,1589,11896,141
2021-02-02,Calaveras,9,45235,1827,1786,11,1797,21
2021-02-02,Colusa,11,21464,1786,1769,231,2000,9
2021-02-02,Contra Costa,13,1133247,59376,57551,1038,58589,536
2021-02-02,Del Norte,15,27424,875,868,0,868,2
2021-02-02,El Dorado,17,186661,8655,8405,601,9006,84
2021-02-02,Fresno,19,978130,91809,89542,7369,96911,1009
2021-02-02,Glenn,21,27897,2143,2090,468,2558,14
2021-02-02,Humboldt,23,135768,2894,2784,19,2803,25
2021-02-02,Imperial,25,180216,26662,26317,2576,28893,535
2021-02-02,Inyo,27,18085,1130,1074,1,1075,27
2021-02-02,Kern,29,883053,89190,86485,9138,95623,867
2021-02-02,Kings,31,150075,21253,20785,975,21760,172
2021-02-02,Lake,33,64148,2943,2857,1,2858,33
2021-02-02,Lassen,35,31185,4981,4908,92,5000,1
2021-02-02,Los Angeles,37,10098052,1132553,1097573,39170,1136743,16913
2021-02-02,Madera,39,155013,14911,14595,756,15351,94
2021-02-02,Marin,41,260295,12557,12367,152,12519,189
2021-02-02,Mariposa,43,17540,362,345,3,348,4
2021-02-02,Mendocino,45,87422,3386,3210,62,3272,38
2021-02-02,Merced,47,269075,26758,26427,766,27193,340
2021-02-02,Modoc,49,8938,324,306,107,413,3
2021-02-02,Mono,51,14174,1136,1147,12,1159,3
2021-02-02,Monterey,53,433212,40158,39371,1516,40887,278
2021-02-02,Napa,55,140530,8647,8505,32,8537,53
2021-02-02,Nevada,57,99092,3719,3548,150,3698,20
2021-02-02,Orange,59,3164182,238057,233783,9948,243731,3152
2021-02-02,Placer,61,380077,19573,18615,1052,19667,205
2021-02-02,Plumas,63,18699,623,560,11,571,2
2021-02-02,Riverside,65,2383286,274271,267901,13663,281564,3169
2021-02-02,Sacramento,67,1510023,89173,87107,1140,88247,1202
2021-02-02,San Benito,69,59416,5506,5444,78,5522,50
2021-02-02,San Bernardino,71,2135413,278373,270486,8246,278732,2244
2021-02-02,San Diego,73,3302833,251539,240047,0,240047,2629
2021-02-02,San Francisco,75,870044,32352,31788,979,32767,324
2021-02-02,San Joaquin,77,732212,63495,61708,2676,64384,878
2021-02-02,San Luis Obispo,79,281455,18395,17811,514,18325,201
2021-02-02,San Mateo,81,765935,37598,36004,371,36375,225
2021-02-02,Santa Barbara,83,443738,30270,28951,1026,29977,304
2021-02-02,Santa Clara,85,1922200,104210,102872,500,103372,1349
2021-02-02,Santa Cruz,87,273765,14639,13572,766,14338,150
2021-02-02,Shasta,89,179085,10480,10371,1146,11517,128
2021-02-02,Sierra,91,2930,47,42,14,56,0
2021-02-02,Siskiyou,93,43540,1344,1252,220,1472,4
2021-02-02,Solano,95,438530,28520,27963,332,28295,118
2021-02-02,Sonoma,97,501317,26413,26054,143,26197,247
2021-02-02,Stanislaus,99,539301,47678,46306,5137,51443,641
2021-02-02,Sutter,101,95872,8495,8340,82,8422,89
2021-02-02,Tehama,103,63373,4379,4289,490,4779,21
2021-02-02,Trinity,105,12862,330,260,38,298,3
2021-02-02,Tulare,107,460477,45732,44720,7412,52132,625
2021-02-02,Tuolumne,109,53932,3605,3548,29,3577,39
2021-02-02,Ventura,111,848112,73062,71557,2687,74244,514
2021-02-02,Yolo,113,214977,12283,11886,192,12078,158
2021-02-02,Yuba,115,75493,5200,5111,79,5190,34
2021-02-01,Alameda,1,1643700,75937,74374,1685,76059,858
2021-02-01,Alpine,3,1148,74,72,0,72,0
2021-02-01,Amador,5,37829,3303,3234,28,3262,32
2021-02-01,Butte,7,227075,10744,10263,1585,11848,141
2021-02-01,Calaveras,9,45235,1808,1785,11,1796,21
2021-02-01,Colusa,11,21464,1781,1763,222,1985,9
2021-02-01,Contra Costa,13,1133247,59131,57324,1037,58361,531
2021-02-01,Del Norte,15,27424,872,865,0,865,2
2021-02-01,El Dorado,17,186661,8616,8337,601,8938,83
2021-02-01,Fresno,19,978130,91480,89272,7331,96603,994
2021-02-01,Glenn,21,27897,2128,2086,460,2546,14
2021-02-01,Humboldt,23,135768,2872,2773,18,2791,25
2021-02-01,Imperial,25,180216,26619,26224,2574,28798,530
2021-02-01,Inyo,27,18085,1120,1072,1,1073,27
2021-02-01,Kern,29,883053,88795,86170,9067,95237,862
2021-02-01,Kings,31,150075,21163,20746,966,21712,172
2021-02-01,Lake,33,64148,2927,2843,1,2844,33
2021-02-01,Lassen,35,31185,4961,4907,92,4999,1
2021-02-01,Los Angeles,37,10098052,1128747,1094341,38992,1133333,16695
2021-02-01,Madera,39,155013,14876,14572,753,15325,94
2021-02-01,Marin,41,260295,12519,12341,151,12492,188
2021-02-01,Mariposa,43,17540,360,344,3,347,4
2021-02-01,Mendocino,45,87422,3353,3192,62,3254,37
2021-02-01,Merced,47,269075,26632,26282,757,27039,337
2021-02-01,Modoc,49,8938,318,303,103,406,1
2021-02-01,Mono,51,14174,1133,1145,12,1157,3
2021-02-01,Monterey,53,433212,39978,39196,1494,40690,278
2021-02-01,Napa,55,140530,8615,8449,32,8481,52
2021-02-01,Nevada,57,99092,3702,3535,149,3684,20
2021-02-01,Orange,59,3164182,237148,233155,9902,243057,3100
2021-02-01,Placer,61,380077,19506,18574,1045,19619,204
2021-02-01,Plumas,63,18699,621,554,11,565,2
2021-02-01,Riverside,65,2383286,273364,267025,13624,280649,3092
2021-02-01,Sacramento,67,1510023,88776,86856,1128,87984,1193
2021-02-01,San Benito,69,59416,5488,5432,78,5510,48
2021-02-01,San Bernardino,71,2135413,277684,270012,8203,278215,2172
2021-02-01,San Diego,73,3302833,250317,239121,0,239121,2619
2021-02-01,San Francisco,75,870044,32220,31703,966,32669,324
2021-02-01,San Joaquin,77,732212,63291,61542,2665,64207,877
2021-02-01,San Luis Obispo,79,281455,18277,17690,506,18196,199
2021-02-01,San Mateo,81,765935,37449,35843,371,36214,220
2021-02-01,Santa Barbara,83,443738,30101,28837,1018,29855,297
2021-02-01,Santa Clara,85,1922200,103795,102462,499,102961,1343
2021-02-01,Santa Cruz,87,273765,14586,13524,764,14288,149
2021-02-01,Shasta,89,179085,10455,10329,1140,11469,112
2021-02-01,Sierra,91,2930,47,42,14,56,0
2021-02-01,Siskiyou,93,43540,1337,1238,217,1455,4
2021-02-01,Solano,95,438530,28415,27844,331,28175,117
2021-02-01,Sonoma,97,501317,26324,26011,142,26153,243
2021-02-01,Stanislaus,99,539301,47420,46112,5109,51221,642
2021-02-01,Sutter,101,95872,8455,8313,82,8395,89
2021-02-01,Tehama,103,63373,4355,4263,490,4753,21
2021-02-01,Trinity,105,12862,328,260,38,298,3
2021-02-01,Tulare,107,460477,45588,44569,7330,51899,618
2021-02-01,Tuolumne,109,53932,3597,3534,29,3563,39
2021-02-01,Ventura,111,848112,72655,71104,2671,73775,502
2021-02-01,Yolo,113,214977,12239,11824,184,12008,151
2021-02-01,Yuba,115,75493,5187,5084,78,5162,33
2021-01-31,Alameda,1,1643700,75508,73979,1677,75656,857
2021-01-31,Alpine,3,1148,74,72,0,72,0
2021-01-31,Amador,5,37829,3293,3212,26,3238,32
2021-01-31,Butte,7,227075,10702,10215,1574,11789,140
2021-01-31,Calaveras,9,45235,1787,1778,11,1789,21
2021-01-31,Colusa,11,21464,1774,1754,217,1971,9
2021-01-31,Contra Costa,13,1133247,58800,57079,1037,58116,531
2021-01-31,Del Norte,15,27424,870,865,0,865,2
2021-01-31,El Dorado,17,186661,8580,8317,598,8915,83
2021-01-31,Fresno,19,978130,91166,88852,7279,96131,994
2021-01-31,Glenn,21,27897,2117,2083,459,2542,14
2021-01-31,Humboldt,23,135768,2856,2767,18,2785,25
2021-01-31,Imperial,25,180216,26548,26206,2564,28770,530
2021-01-31,Inyo,27,18085,1107,1072,1,1073,27
2021-01-31,Kern,29,883053,88301,85872,8978,94850,861
2021-01-31,Kings,31,150075,21080,20709,953,21662,172
2021-01-31,Lake,33,64148,2906,2826,1,2827,33
2021-01-31,Lassen,35,31185,4945,4900,92,4992,1
2021-01-31,Los Angeles,37,10098052,1124144,1090304,38779,1129083,16609
2021-01-31,Madera,39,155013,14822,14496,745,15241,94
2021-01-31,Marin,41,260295,12472,12297,147,12444,185
2021-01-31,Mariposa,43,17540,358,344,3,347,4
2021-01-31,Mendocino,45,87422,3330,3181,61,3242,37
2021-01-31,Merced,47,269075,26488,26222,752,26974,337
2021-01-31,Modoc,49,8938,315,304,101,405,1
2021-01-31,Mono,51,14174,1130,1146,12,1158,3
2021-01-31,Monterey,53,433212,39799,39035,1466,40501,278
2021-01-31,Napa,55,140530,8573,8404,32,8436,52
2021-01-31,Nevada,57,99092,3680,3518,147,3665,20
2021-01-31,Orange,59,3164182,236135,232347,9861,242208,3053
2021-01-31,Placer,61,380077,19432,18506,1033,19539,204
2021-01-31,Plumas,63,18699,620,554,11,565,2
2021-01-31,Riverside,65,2383286,272394,266145,13576,279721,3074
2021-01-31,Sacramento,67,1510023,88335,86560,1112,87672,1186
2021-01-31,San Benito,69,59416,5466,5425,76,5501,48
2021-01-31,San Bernardino,71,2135413,276646,269533,8170,277703,2156
2021-01-31,San Diego,73,3302833,249004,238039,0,238039,2619
2021-01-31,San Francisco,75,870044,32033,31563,954,32517,323
2021-01-31,San Joaquin,77,732212,62887,61379,2655,64034,877
2021-01-31,San Luis Obispo,79,281455,18143,17615,501,18116,199
2021-01-31,San Mateo,81,765935,37258,35659,368,36027,219
2021-01-31,Santa Barbara,83,443738,29862,28570,1009,29579,297
2021-01-31,Santa Clara,85,1922200,103246,101986,490,102476,1330
2021-01-31,Santa Cruz,87,273765,14491,13469,750,14219,149
2021-01-31,Shasta,89,179085,10410,10313,1131,11444,112
2021-01-31,Sierra,91,2930,46,43,14,57,0
2021-01-31,Siskiyou,93,43540,1327,1238,217,1455,4
2021-01-31,Solano,95,438530,28285,27678,331,28009,118
2021-01-31,Sonoma,97,501317,26223,25925,141,26066,243
2021-01-31,Stanislaus,99,539301,47137,45971,5068,51039,642
2021-01-31,Sutter,101,95872,8410,8289,82,8371,89
2021-01-31,Tehama,103,63373,4335,4256,489,4745,21
2021-01-31,Trinity,105,12862,326,260,38,298,3
2021-01-31,Tulare,107,460477,45421,44440,7248,51688,618
2021-01-31,Tuolumne,109,53932,3558,3519,29,3548,39
2021-01-31,Ventura,111,848112,72060,70635,2658,73293,502
2021-01-31,Yolo,113,214977,12178,11771,178,11949,151
2021-01-31,Yuba,115,75493,5167,5071,77,5148,33
2021-01-30,Alameda,1,1643700,75305,73622,1672,75294,850
2021-01-30,Alpine,3,1148,74,72,0,72,0
2021-01-30,Amador,5,37829,3289,3181,26,3207,32
2021-01-30,Butte,7,227075,10667,10177,1565,11742,139
2021-01-30,Calaveras,9,45235,1775,1763,11,1774,21
2021-01-30,Colusa,11,21464,1772,1748,217,1965,9
2021-01-30,Contra Costa,13,1133247,58615,56763,1033,57796,531
2021-01-30,Del Norte,15,27424,869,865,0,865,2
2021-01-30,El Dorado,17,186661,8560,8299,597,8896,83
2021-01-30,Fresno,19,978130,90989,88476,7259,95735,964
2021-01-30,Glenn,21,27897,2114,2074,457,2531,14
2021-01-30,Humboldt,23,135768,2845,2742,18,2760,24
2021-01-30,Imperial,25,180216,26527,26160,2563,28723,530
2021-01-30,Inyo,27,18085,1103,1068,1,1069,27
2021-01-30,Kern,29,883053,88100,85572,8912,94484,848
2021-01-30,Kings,31,150075,21010,20605,947,21552,169
2021-01-30,Lake,33,64148,2900,2809,1,2810,33
2021-01-30,Lassen,35,31185,4942,4890,92,4982,1
2021-01-30,Los Angeles,37,10098052,1121781,1084763,38632,1123395,16484
2021-01-30,Madera,39,155013,14780,14443,740,15183,94
2021-01-30,Marin,41,260295,12444,12225,146,12371,185
2021-01-30,Mariposa,43,17540,356,344,3,347,4
2021-01-30,Mendocino,45,87422,3316,3153,60,3213,36
2021-01-30,Merced,47,269075,26413,26078,751,26829,335
2021-01-30,Modoc,49,8938,315,303,101,404,1
2021-01-30,Mono,51,14174,1130,1143,12,1155,3
2021-01-30,Monterey,53,433212,39738,38847,1463,40310,277
2021-01-30,Napa,55,140530,8557,8342,32,8374,52
2021-01-30,Nevada,57,99092,3661,3499,147,3646,20
2021-01-30,Orange,59,3164182,235591,231358,9822,241180,3013
2021-01-30,Placer,61,380077,19381,18430,1027,19457,205
2021-01-30,Plumas,63,18699,618,554,11,565,2
2021-01-30,Riverside,65,2383286,271804,265137,13543,278680,3061
2021-01-30,Sacramento,67,1510023,88141,86388,1106,87494,1184
2021-01-30,San Benito,69,59416,5448,5401,75,5476,48
2021-01-30,San Bernardino,71,2135413,276233,268660,8151,276811,2122
2021-01-30,San Diego,73,3302833,248246,236765,0,236765,2603
2021-01-30,San Francisco,75,870044,31933,31427,950,32377,316
2021-01-30,San Joaquin,77,732212,62753,61120,2645,63765,864
2021-01-30,San Luis Obispo,79,281455,18065,17522,498,18020,198
2021-01-30,San Mateo,81,765935,37119,35451,367,35818,219
2021-01-30,Santa Barbara,83,443738,29721,28342,1005,29347,296
2021-01-30,Santa Clara,85,1922200,102896,101471,487,101958,1307
2021-01-30,Santa Cruz,87,273765,14451,13383,749,14132,149
2021-01-30,Shasta,89,179085,10392,10283,1127,11410,112
2021-01-30,Sierra,91,2930,46,43,14,57,0
2021-01-30,Siskiyou,93,43540,1325,1236,215,1451,4
2021-01-30,Solano,95,438530,28202,27511,329,27840,118
2021-01-30,Sonoma,97,501317,26173,25810,138,25948,243
2021-01-30,Stanislaus,99,539301,47008,45697,5044,50741,642
2021-01-30,Sutter,101,95872,8394,8226,82,8308,87
2021-01-30,Tehama,103,63373,4321,4229,488,4717,21
2021-01-30,Trinity,105,12862,326,259,38,297,3
2021-01-30,Tulare,107,460477,45287,44203,7210,51413,615
2021-01-30,Tuolumne,109,53932,3554,3508,29,3537,36
2021-01-30,Ventura,111,848112,71749,69931,2641,72572,493
2021-01-30,Yolo,113,214977,12165,11698,176,11874,151
2021-01-30,Yuba,115,75493,5157,5042,76,5118,33
2021-01-29,Alameda,1,1643700,75027,73210,1665,74875,841
2021-01-29,Alpine,3,1148,74,72,0,72,0
2021-01-29,Amador,5,37829,3277,3134,25,3159,32
2021-01-29,Butte,7,227075,10636,10122,1555,11677,138
2021-01-29,Calaveras,9,45235,1771,1757,11,1768,21
2021-01-29,Colusa,11,21464,1768,1734,216,1950,8
2021-01-29,Contra Costa,13,1133247,58441,56318,1031,57349,529
2021-01-29,Del Norte,15,27424,868,865,0,865,2
2021-01-29,El Dorado,17,186661,8543,8231,596,8827,83
2021-01-29,Fresno,19,978130,90776,87936,7220,95156,962
2021-01-29,Glenn,21,27897,2109,2061,456,2517,14
2021-01-29,Humboldt,23,135768,2832,2707,18,2725,24
2021-01-29,Imperial,25,180216,26512,26045,2560,28605,521
2021-01-29,Inyo,27,18085,1091,1048,1,1049,27
2021-01-29,Kern,29,883053,87875,85044,8859,93903,836
2021-01-29,Kings,31,150075,20971,20466,942,21408,169
2021-01-29,Lake,33,64148,2891,2792,1,2793,32
2021-01-29,Lassen,35,31185,4939,4874,92,4966,1
2021-01-29,Los Angeles,37,10098052,1118317,1078329,38475,1116804,16190
2021-01-29,Madera,39,155013,14729,14377,740,15117,94
2021-01-29,Marin,41,260295,12401,12145,145,12290,185
2021-01-29,Mariposa,43,17540,355,342,3,345,4
2021-01-29,Mendocino,45,87422,3307,3131,59,3190,36
2021-01-29,Merced,47,269075,26338,25865,747,26612,334
2021-01-29,Modoc,49,8938,314,297,101,398,1
2021-01-29,Mono,51,14174,1128,1139,12,1151,3
2021-01-29,Monterey,53,433212,39617,38539,1454,39993,277
2021-01-29,Napa,55,140530,8525,8276,32,8308,52
2021-01-29,Nevada,57,99092,3652,3487,146,3633,20
2021-01-29,Orange,59,3164182,234904,229917,9783,239700,2967
2021-01-29,Placer,61,380077,19325,18367,1023,19390,203
2021-01-29,Plumas,63,18699,617,548,11,559,2
2021-01-29,Riverside,65,2383286,271013,263504,13508,277012,3008
2021-01-29,Sacramento,67,1510023,87887,86320,1102,87422,1169
2021-01-29,San Benito,69,59416,5440,5386,75,5461,48
2021-01-29,San Bernardino,71,2135413,275720,267490,8109,275599,2095
2021-01-29,San Diego,73,3302833,247304,234637,0,234637,2571
2021-01-29,San Francisco,75,870044,31793,31294,941,32235,307
2021-01-29,San Joaquin,77,732212,62605,60899,2630,63529,858
2021-01-29,San Luis Obispo,79,281455,18005,17440,493,17933,193
2021-01-29,San Mateo,81,765935,36986,35223,364,35587,218
2021-01-29,Santa Barbara,83,443738,29591,28105,999,29104,291
2021-01-29,Santa Clara,85,1922200,102530,101010,485,101495,1273
2021-01-29,Santa Cruz,87,273765,14397,13311,746,14057,148
2021-01-29,Shasta,89,179085,10375,10220,1123,11343,112
2021-01-29,Sierra,91,2930,46,43,14,57,0
2021-01-29,Siskiyou,93,43540,1324,1227,215,1442,4
2021-01-29,Solano,95,438530,28116,27352,326,27678,116
2021-01-29,Sonoma,97,501317,26110,25710,137,25847,243
2021-01-29,Stanislaus,99,539301,46859,45466,5024,50490,642
2021-01-29,Sutter,101,95872,8375,8181,82,8263,87
2021-01-29,Tehama,103,63373,4308,4191,486,4677,20
2021-01-29,Trinity,105,12862,326,260,38,298,3
2021-01-29,Tulare,107,460477,45182,43925,7168,51093,606
2021-01-29,Tuolumne,109,53932,3544,3483,29,3512,36
2021-01-29,Ventura,111,848112,71325,69511,2627,72138,484
2021-01-29,Yolo,113,214977,12128,11612,175,11787,151
2021-01-29,Yuba,115,75493,5141,5018,76,5094,32
2021-01-28,Alameda,1,1643700,74590,72758,1657,74415,833
2021-01-28,Alpine,3,1148,74,72,0,72,0
2021-01-28,Amador,5,37829,3240,3124,25,3149,31
2021-01-28,Butte,7,227075,10595,10037,1544,11581,138
2021-01-28,Calaveras,9,45235,1762,1747,10,1757,21
2021-01-28,Colusa,11,21464,1761,1731,212,1943,8
2021-01-28,Contra Costa,13,1133247,58197,55999,1021,57020,525
2021-01-28,Del Norte,15,27424,867,862,0,862,2
2021-01-28,El Dorado,17,186661,8530,8198,591,8789,79
2021-01-28,Fresno,19,978130,90490,87401,7170,94571,949
2021-01-28,Glenn,21,27897,2104,2043,447,2490,14
2021-01-28,Humboldt,23,135768,2815,2686,18,2704,24
2021-01-28,Imperial,25,180216,26468,25984,2553,28537,517
2021-01-28,Inyo,27,18085,1086,1039,1,1040,27
2021-01-28,Kern,29,883053,87548,84708,8772,93480,817
2021-01-28,Kings,31,150075,20912,20328,937,21265,167
2021-01-28,Lake,33,64148,2876,2772,1,2773,32
2021-01-28,Lassen,35,31185,4933,4865,92,4957,1
2021-01-28,Los Angeles,37,10098052,1114433,1072412,38272,1110684,15967
2021-01-28,Madera,39,155013,14673,14301,736,15037,94
2021-01-28,Marin,41,260295,12348,12079,144,12223,183
2021-01-28,Mariposa,43,17540,355,334,3,337,4
2021-01-28,Mendocino,45,87422,3290,3110,59,3169,36
2021-01-28,Merced,47,269075,26214,25620,738,26358,328
2021-01-28,Modoc,49,8938,313,297,101,398,0
2021-01-28,Mono,51,14174,1126,1131,12,1143,3
2021-01-28,Monterey,53,433212,39414,38312,1436,39748,274
2021-01-28,Napa,55,140530,8477,8233,32,8265,50
2021-01-28,Nevada,57,99092,3637,3452,145,3597,19
2021-01-28,Orange,59,3164182,233924,228636,9752,238388,2860
2021-01-28,Placer,61,380077,19256,18246,1020,19266,198
2021-01-28,Plumas,63,18699,616,547,11,558,2
2021-01-28,Riverside,65,2383286,270250,262342,13458,275800,2981
2021-01-28,Sacramento,67,1510023,87521,85698,1091,86789,1149
2021-01-28,San Benito,69,59416,5422,5344,74,5418,47
2021-01-28,San Bernardino,71,2135413,275026,266456,8087,274543,2057
2021-01-28,San Diego,73,3302833,246155,232967,0,232967,2534
2021-01-28,San Francisco,75,870044,31655,31193,925,32118,290
2021-01-28,San Joaquin,77,732212,62340,60627,2614,63241,854
2021-01-28,San Luis Obispo,79,281455,17906,17279,491,17770,189
2021-01-28,San Mateo,81,765935,36817,34931,348,35279,218
2021-01-28,Santa Barbara,83,443738,29372,27674,986,28660,284
2021-01-28,Santa Clara,85,1922200,102065,100470,482,100952,1219
2021-01-28,Santa Cruz,87,273765,14308,13188,740,13928,145
2021-01-28,Shasta,89,179085,10341,10176,1115,11291,110
2021-01-28,Sierra,91,2930,46,43,14,57,0
2021-01-28,Siskiyou,93,43540,1317,1218,213,1431,4
2021-01-28,Solano,95,438530,27956,27163,325,27488,114
2021-01-28,Sonoma,97,501317,26017,25564,137,25701,236
2021-01-28,Stanislaus,99,539301,46641,45162,4999,50161,640
2021-01-28,Sutter,101,95872,8327,8136,82,8218,85
2021-01-28,Tehama,103,63373,4289,4163,483,4646,20
2021-01-28,Trinity,105,12862,324,260,38,298,3
2021-01-28,Tulare,107,460477,45026,43742,7087,50829,595
2021-01-28,Tuolumne,109,53932,3530,3472,29,3501,32
2021-01-28,Ventura,111,848112,70815,68896,2608,71504,475
2021-01-28,Yolo,113,214977,12086,11500,170,11670,151
2021-01-28,Yuba,115,75493,5125,4994,75,5069,32
2021-01-27,Alameda,1,1643700,74158,72188,1648,73836,815
2021-01-27,Alpine,3,1148,74,72,0,72,0
2021-01-27,Amador,5,37829,3224,3116,25,3141,31
2021-01-27,Butte,7,227075,10556,9988,1532,11520,138
2021-01-27,Calaveras,9,45235,1754,1737,10,1747,21
2021-01-27,Colusa,11,21464,1755,1724,210,1934,8
2021-01-27,Contra Costa,13,1133247,57897,55578,1018,56596,507
2021-01-27,Del Norte,15,27424,866,859,0,859,2
2021-01-27,El Dorado,17,186661,8505,8141,590,8731,76
2021-01-27,Fresno,19,978130,90196,86886,7128,94014,938
2021-01-27,Glenn,21,27897,2101,2042,445,2487,14
2021-01-27,Humboldt,23,135768,2793,2630,18,2648,24
2021-01-27,Imperial,25,180216,26414,25861,2540,28401,504
2021-01-27,Inyo,27,18085,1082,1023,1,1024,27
2021-01-27,Kern,29,883053,87236,84244,8702,92946,809
2021-01-27,Kings,31,150075,20806,20211,929,21140,167
2021-01-27,Lake,33,64148,2856,2750,1,2751,32
2021-01-27,Lassen,35,31185,4927,4851,92,4943,1
2021-01-27,Los Angeles,37,10098052,1109674,1066569,38055,1104624,15757
2021-01-27,Madera,39,155013,14633,14194,731,14925,86
2021-01-27,Marin,41,260295,12311,12028,143,12171,180
2021-01-27,Mariposa,43,17540,355,333,3,336,4
2021-01-27,Mendocino,45,87422,3270,3095,59,3154,36
2021-01-27,Merced,47,269075,26055,25439,727,26166,315
2021-01-27,Modoc,49,8938,313,297,98,395,0
2021-01-27,Mono,51,14174,1124,1131,12,1143,3
2021-01-27,Monterey,53,433212,39212,38139,1417,39556,268
2021-01-27,Napa,55,140530,8406,8187,32,8219,46
2021-01-27,Nevada,57,99092,3615,3431,145,3576,18
2021-01-27,Orange,59,3164182,232805,227110,9697,236807,2832
2021-01-27,Placer,61,380077,19185,18106,1009,19115,198
2021-01-27,Plumas,63,18699,616,544,11,555,2
2021-01-27,Riverside,65,2383286,269079,260796,13405,274201,2931
2021-01-27,Sacramento,67,1510023,87155,85428,1080,86508,1142
2021-01-27,San Benito,69,59416,5407,5284,74,5358,47
2021-01-27,San Bernardino,71,2135413,274176,265153,8058,273211,2019
2021-01-27,San Diego,73,3302833,244826,231478,0,231478,2465
2021-01-27,San Francisco,75,870044,31513,31082,918,32000,287
2021-01-27,San Joaquin,77,732212,62071,60131,2590,62721,853
2021-01-27,San Luis Obispo,79,281455,17799,17119,487,17606,188
2021-01-27,San Mateo,81,765935,36664,34619,344,34963,216
2021-01-27,Santa Barbara,83,443738,29198,27435,980,28415,282
2021-01-27,Santa Clara,85,1922200,101662,99732,478,100210,1184
2021-01-27,Santa Cruz,87,273765,14238,13111,737,13848,143
2021-01-27,Shasta,89,179085,10307,10106,1109,11215,105
2021-01-27,Sierra,91,2930,46,44,14,58,0
2021-01-27,Siskiyou,93,43540,1311,1214,210,1424,4
2021-01-27,Solano,95,438530,27779,26982,318,27300,112
2021-01-27,Sonoma,97,501317,25919,25361,137,25498,237
2021-01-27,Stanislaus,99,539301,46456,44874,4971,49845,624
2021-01-27,Sutter,101,95872,8284,8093,82,8175,83
2021-01-27,Tehama,103,63373,4264,4133,479,4612,20
2021-01-27,Trinity,105,12862,324,260,38,298,3
2021-01-27,Tulare,107,460477,44841,43462,7012,50474,583
2021-01-27,Tuolumne,109,53932,3520,3464,29,3493,32
2021-01-27,Ventura,111,848112,70342,68291,2583,70874,468
2021-01-27,Yolo,113,214977,12039,11427,166,11593,151
2021-01-27,Yuba,115,75493,5109,4968,75,5043,32
2021-01-26,Alameda,1,1643700,73776,71851,1630,73481,789
2021-01-26,Alpine,3,1148,74,72,0,72,0
2021-01-26,Amador,5,37829,3213,3113,25,3138,31
2021-01-26,Butte,7,227075,10514,9943,1526,11469,136
2021-01-26,Calaveras,9,45235,1742,1723,10,1733,21
2021-01-26,Colusa,11,21464,1748,1719,207,1926,8
2021-01-26,Contra Costa,13,1133247,57616,55337,1010,56347,491
2021-01-26,Del Norte,15,27424,865,856,0,856,2
2021-01-26,El Dorado,17,186661,8480,8115,587,8702,71
2021-01-26,Fresno,19,978130,89840,86673,7083,93756,923
2021-01-26,Glenn,21,27897,2091,2034,441,2475,13
2021-01-26,Humboldt,23,135768,2771,2612,17,2629,24
2021-01-26,Imperial,25,180216,26344,25812,2525,28337,498
2021-01-26,Inyo,27,18085,1075,1018,1,1019,27
2021-01-26,Kern,29,883053,86811,83868,8623,92491,790
2021-01-26,Kings,31,150075,20748,20156,924,21080,159
2021-01-26,Lake,33,64148,2847,2748,1,2749,32
2021-01-26,Lassen,35,31185,4921,4844,92,4936,1
2021-01-26,Los Angeles,37,10098052,1104427,1060492,37838,1098330,15458
2021-01-26,Madera,39,155013,14576,14130,725,14855,86
2021-01-26,Marin,41,260295,12266,11993,141,12134,179
2021-01-26,Mariposa,43,17540,353,332,3,335,3
2021-01-26,Mendocino,45,87422,3244,3076,58,3134,36
2021-01-26,Merced,47,269075,25915,25359,720,26079,309
2021-01-26,Modoc,49,8938,306,291,97,388,0
2021-01-26,Mono,51,14174,1123,1120,12,1132,3
2021-01-26,Monterey,53,433212,39014,37963,1396,39359,255
2021-01-26,Napa,55,140530,8349,8145,32,8177,43
2021-01-26,Nevada,57,99092,3608,3410,144,3554,18
2021-01-26,Orange,59,3164182,231676,225987,9653,235640,2760
2021-01-26,Placer,61,380077,19111,18016,1007,19023,193
2021-01-26,Plumas,63,18699,614,536,11,547,2
2021-01-26,Riverside,65,2383286,267748,259399,13343,272742,2898
2021-01-26,Sacramento,67,1510023,86801,85062,1073,86135,1127
2021-01-26,San Benito,69,59416,5393,5251,73,5324,45
2021-01-26,San Bernardino,71,2135413,273187,263736,8013,271749,1970
2021-01-26,San Diego,73,3302833,243335,230063,0,230063,2421
2021-01-26,San Francisco,75,870044,31383,30874,897,31771,286
2021-01-26,San Joaquin,77,732212,61817,59889,2573,62462,847
2021-01-26,San Luis Obispo,79,281455,17718,17016,484,17500,186
2021-01-26,San Mateo,81,765935,36469,34441,333,34774,213
2021-01-26,Santa Barbara,83,443738,29026,27321,968,28289,273
2021-01-26,Santa Clara,85,1922200,101186,99215,473,99688,1171
2021-01-26,Santa Cruz,87,273765,14173,13045,731,13776,134
2021-01-26,Shasta,89,179085,10272,10036,1101,11137,103
2021-01-26,Sierra,91,2930,46,43,14,57,0
2021-01-26,Siskiyou,93,43540,1297,1208,208,1416,4
2021-01-26,Solano,95,438530,27623,26858,312,27170,110
2021-01-26,Sonoma,97,501317,25798,25273,135,25408,236
2021-01-26,Stanislaus,99,539301,46273,44703,4928,49631,599
2021-01-26,Sutter,101,95872,8242,8067,82,8149,83
2021-01-26,Tehama,103,63373,4233,4115,479,4594,20
2021-01-26,Trinity,105,12862,324,260,38,298,3
2021-01-26,Tulare,107,460477,44640,43394,6940,50334,579
2021-01-26,Tuolumne,109,53932,3510,3451,29,3480,30
2021-01-26,Ventura,111,848112,69811,67526,2556,70082,448
2021-01-26,Yolo,113,214977,11994,11361,163,11524,148
2021-01-26,Yuba,115,75493,5084,4944,73,5017,31
2021-01-25,Alameda,1,1643700,73335,71255,1620,72875,780
2021-01-25,Alpine,3,1148,74,72,0,72,0
2021-01-25,Amador,5,37829,3173,3074,25,3099,30
2021-01-25,Butte,7,227075,10449,9865,1518,11383,133
2021-01-25,Calaveras,9,45235,1725,1713,10,1723,21
2021-01-25,Colusa,11,21464,1736,1709,203,1912,8
2021-01-25,Contra Costa,13,1133247,57254,54989,1003,55992,488
2021-01-25,Del Norte,15,27424,864,855,0,855,2
2021-01-25,El Dorado,17,186661,8456,8060,587,8647,66
2021-01-25,Fresno,19,978130,89472,86336,7050,93386,913
2021-01-25,Glenn,21,27897,2080,2028,441,2469,13
2021-01-25,Humboldt,23,135768,2737,2587,17,2604,24
2021-01-25,Imperial,25,180216,26294,25745,2516,28261,491
2021-01-25,Inyo,27,18085,1069,1015,1,1016,27
2021-01-25,Kern,29,883053,86420,83401,8530,91931,787
2021-01-25,Kings,31,150075,20628,20067,920,20987,159
2021-01-25,Lake,33,64148,2828,2729,1,2730,32
2021-01-25,Lassen,35,31185,4895,4835,92,4927,1
2021-01-25,Los Angeles,37,10098052,1098503,1055181,37604,1092785,15163
2021-01-25,Madera,39,155013,14522,14068,721,14789,86
2021-01-25,Marin,41,260295,12213,11923,137,12060,177
2021-01-25,Mariposa,43,17540,350,331,3,334,3
2021-01-25,Mendocino,45,87422,3233,3054,58,3112,35
2021-01-25,Merced,47,269075,25776,25181,711,25892,305
2021-01-25,Modoc,49,8938,305,288,93,381,0
2021-01-25,Mono,51,14174,1120,1114,11,1125,3
2021-01-25,Monterey,53,433212,38757,37726,1375,39101,255
2021-01-25,Napa,55,140530,8315,8057,31,8088,43
2021-01-25,Nevada,57,99092,3594,3365,144,3509,18
2021-01-25,Orange,59,3164182,230473,225105,9612,234717,2696
2021-01-25,Placer,61,380077,19018,17936,992,18928,193
2021-01-25,Plumas,63,18699,611,533,11,544,2
2021-01-25,Riverside,65,2383286,266069,258082,13288,271370,2789
2021-01-25,Sacramento,67,1510023,86349,84653,1065,85718,1118
2021-01-25,San Benito,69,59416,5356,5238,72,5310,43
2021-01-25,San Bernardino,71,2135413,272236,263174,7975,271149,1947
2021-01-25,San Diego,73,3302833,241725,228630,0,228630,2375
2021-01-25,San Francisco,75,870044,31235,30734,874,31608,288
2021-01-25,San Joaquin,77,732212,61523,59291,2543,61834,838
2021-01-25,San Luis Obispo,79,281455,17583,16868,479,17347,179
2021-01-25,San Mateo,81,765935,36235,34187,326,34513,213
2021-01-25,Santa Barbara,83,443738,28796,27065,957,28022,269
2021-01-25,Santa Clara,85,1922200,100615,98647,465,99112,1143
2021-01-25,Santa Cruz,87,273765,14087,12973,725,13698,133
2021-01-25,Shasta,89,179085,10231,9991,1090,11081,103
2021-01-25,Sierra,91,2930,46,42,14,56,0
2021-01-25,Siskiyou,93,43540,1289,1205,205,1410,4
2021-01-25,Solano,95,438530,27454,26648,311,26959,109
2021-01-25,Sonoma,97,501317,25687,25160,133,25293,233
2021-01-25,Stanislaus,99,539301,46030,44293,4885,49178,599
2021-01-25,Sutter,101,95872,8199,8023,82,8105,83
2021-01-25,Tehama,103,63373,4205,4082,475,4557,20
2021-01-25,Trinity,105,12862,324,262,38,300,3
2021-01-25,Tulare,107,460477,44426,43124,6833,49957,578
2021-01-25,Tuolumne,109,53932,3501,3422,29,3451,29
2021-01-25,Ventura,111,848112,69168,66910,2538,69448,439
2021-01-25,Yolo,113,214977,11907,11276,161,11437,140
2021-01-25,Yuba,115,75493,5060,4900,71,4971,31
2021-01-24,Alameda,1,1643700,72829,70823,1608,72431,780
2021-01-24,Alpine,3,1148,74,72,0,72,0
2021-01-24,Amador,5,37829,3140,3054,25,3079,30
2021-01-24,Butte,7,227075,10365,9820,1499,11319,133
2021-01-24,Calaveras,9,45235,1710,1704,10,1714,21
2021-01-24,Colusa,11,21464,1725,1689,197,1886,8
2021-01-24,Contra Costa,13,1133247,56865,54694,990,55684,488
2021-01-24,Del Norte,15,27424,859,855,0,855,2
2021-01-24,El Dorado,17,186661,8422,8003,583,8586,66
2021-01-24,Fresno,19,978130,89035,85808,7010,92818,911
2021-01-24,Glenn,21,27897,2073,2026,439,2465,13
2021-01-24,Humboldt,23,135768,2698,2562,17,2579,24
2021-01-24,Imperial,25,180216,26200,25707,2486,28193,488
2021-01-24,Inyo,27,18085,1053,1007,1,1008,27
2021-01-24,Kern,29,883053,85982,83125,8417,91542,785
2021-01-24,Kings,31,150075,20502,19988,902,20890,159
2021-01-24,Lake,33,64148,2810,2724,0,2724,32
2021-01-24,Lassen,35,31185,4884,4828,89,4917,1
2021-01-24,Los Angeles,37,10098052,1092143,1048757,37284,1086041,15119
2021-01-24,Madera,39,155013,14430,14000,715,14715,86
2021-01-24,Marin,41,260295,12147,11872,135,12007,177
2021-01-24,Mariposa,43,17540,346,322,3,325,3
2021-01-24,Mendocino,45,87422,3212,3037,57,3094,33
2021-01-24,Merced,47,269075,25563,25047,703,25750,305
2021-01-24,Modoc,49,8938,305,285,93,378,0
2021-01-24,Mono,51,14174,1113,1113,11,1124,3
2021-01-24,Monterey,53,433212,38485,37527,1342,38869,254
2021-01-24,Napa,55,140530,8273,8005,31,8036,43
2021-01-24,Nevada,57,99092,3552,3349,142,3491,18
2021-01-24,Orange,59,3164182,229044,223853,9546,233399,2632
2021-01-24,Placer,61,380077,18907,17839,972,18811,193
2021-01-24,Plumas,63,18699,608,532,11,543,2
2021-01-24,Riverside,65,2383286,264469,256767,13209,269976,2761
2021-01-24,Sacramento,67,1510023,85775,84110,1058,85168,1112
2021-01-24,San Benito,69,59416,5314,5223,69,5292,43
2021-01-24,San Bernardino,71,2135413,270917,262370,7917,270287,1935
2021-01-24,San Diego,73,3302833,240035,227193,0,227193,2375
2021-01-24,San Francisco,75,870044,31046,30559,851,31410,275
2021-01-24,San Joaquin,77,732212,61099,59021,2527,61548,838
2021-01-24,San Luis Obispo,79,281455,17462,16758,476,17234,179
2021-01-24,San Mateo,81,765935,35991,33956,321,34277,213
2021-01-24,Santa Barbara,83,443738,28483,26735,947,27682,269
2021-01-24,Santa Clara,85,1922200,99963,98103,461,98564,1109
2021-01-24,Santa Cruz,87,273765,14002,12905,716,13621,133
2021-01-24,Shasta,89,179085,10160,9978,1081,11059,103
2021-01-24,Sierra,91,2930,45,42,14,56,0
2021-01-24,Siskiyou,93,43540,1282,1195,205,1400,4
2021-01-24,Solano,95,438530,27266,26515,307,26822,109
2021-01-24,Sonoma,97,501317,25497,25045,132,25177,233
2021-01-24,Stanislaus,99,539301,45720,44031,4826,48857,599
2021-01-24,Sutter,101,95872,8131,7980,81,8061,83
2021-01-24,Tehama,103,63373,4165,4062,467,4529,20
2021-01-24,Trinity,105,12862,324,262,38,300,3
2021-01-24,Tulare,107,460477,44214,43006,6734,49740,577
2021-01-24,Tuolumne,109,53932,3491,3416,29,3445,29
2021-01-24,Ventura,111,848112,68452,66347,2513,68860,439
2021-01-24,Yolo,113,214977,11822,11210,157,11367,140
2021-01-24,Yuba,115,75493,5020,4875,70,4945,31
2021-01-23,Alameda,1,1643700,72586,70080,1599,71679,780
2021-01-23,Alpine,3,1148,74,72,0,72,0
2021-01-23,Amador,5,37829,3137,3049,25,3074,30
2021-01-23,Butte,7,227075,10335,9757,1494,11251,133
2021-01-23,Calaveras,9,45235,1707,1695,10,1705,21
2021-01-23,Colusa,11,21464,1721,1672,196,1868,8
2021-01-23,Contra Costa,13,1133247,56654,54162,982,55144,487
2021-01-23,Del Norte,15,27424,858,855,0,855,2
2021-01-23,El Dorado,17,186661,8406,7984,581,8565,66
2021-01-23,Fresno,19,978130,88852,85274,6979,92253,910
2021-01-23,Glenn,21,27897,2070,2015,435,2450,13
2021-01-23,Humboldt,23,135768,2679,2493,16,2509,23
2021-01-23,Imperial,25,180216,26169,25581,2477,28058,487
2021-01-23,Inyo,27,18085,1044,987,1,988,27
2021-01-23,Kern,29,883053,85740,82602,8341,90943,783
2021-01-23,Kings,31,150075,20458,19904,900,20804,159
2021-01-23,Lake,33,64148,2802,2673,0,2673,32
2021-01-23,Lassen,35,31185,4883,4816,86,4902,1
2021-01-23,Los Angeles,37,10098052,1088945,1040961,37115,1078076,15034
2021-01-23,Madera,39,155013,14394,13858,713,14571,86
2021-01-23,Marin,41,260295,12091,11796,133,11929,177
2021-01-23,Mariposa,43,17540,346,323,3,326,3
2021-01-23,Mendocino,45,87422,3198,2991,57,3048,32
2021-01-23,Merced,47,269075,25471,24787,689,25476,303
2021-01-23,Modoc,49,8938,305,285,93,378,0
2021-01-23,Mono,51,14174,1111,1111,11,1122,3
2021-01-23,Monterey,53,433212,38403,37165,1337,38502,253
2021-01-23,Napa,55,140530,8248,7893,31,7924,43
2021-01-23,Nevada,57,99092,3541,3332,141,3473,18
2021-01-23,Orange,59,3164182,228277,221722,9503,231225,2618
2021-01-23,Placer,61,380077,18858,17617,967,18584,193
2021-01-23,Plumas,63,18699,607,528,11,539,2
2021-01-23,Riverside,65,2383286,263595,253636,13153,266789,2733
2021-01-23,Sacramento,67,1510023,85548,83408,1055,84463,1108
2021-01-23,San Benito,69,59416,5290,5166,68,5234,43
2021-01-23,San Bernardino,71,2135413,270373,260381,7883,268264,1922
2021-01-23,San Diego,73,3302833,238977,225556,0,225556,2344
2021-01-23,San Francisco,75,870044,30941,30308,821,31129,268
2021-01-23,San Joaquin,77,732212,60977,58164,2515,60679,836
2021-01-23,San Luis Obispo,79,281455,17399,16652,473,17125,176
2021-01-23,San Mateo,81,765935,35814,33696,310,34006,213
2021-01-23,Santa Barbara,83,443738,28302,26234,938,27172,264
2021-01-23,Santa Clara,85,1922200,99608,97189,460,97649,1086
2021-01-23,Santa Cruz,87,273765,13944,12771,713,13484,127
2021-01-23,Shasta,89,179085,10130,9951,1080,11031,103
2021-01-23,Sierra,91,2930,45,41,14,55,0
2021-01-23,Siskiyou,93,43540,1272,1190,204,1394,4
2021-01-23,Solano,95,438530,27172,26261,305,26566,107
2021-01-23,Sonoma,97,501317,25421,24790,132,24922,232
2021-01-23,Stanislaus,99,539301,45558,43723,4796,48519,599
2021-01-23,Sutter,101,95872,8113,7943,80,8023,80
2021-01-23,Tehama,103,63373,4146,4006,466,4472,20
2021-01-23,Trinity,105,12862,324,262,38,300,3
2021-01-23,Tulare,107,460477,44067,42661,6668,49329,575
2021-01-23,Tuolumne,109,53932,3484,3407,29,3436,29
2021-01-23,Ventura,111,848112,68006,65581,2488,68069,438
2021-01-23,Yolo,113,214977,11780,11087,153,11240,141
2021-01-23,Yuba,115,75493,5009,4831,68,4899,30
2021-01-22,Alameda,1,1643700,72260,69693,1593,71286,751
2021-01-22,Alpine,3,1148,74,71,0,71,0
2021-01-22,Amador,5,37829,3132,3042,25,3067,30
2021-01-22,Butte,7,227075,10286,9711,1481,11192,133
2021-01-22,Calaveras,9,45235,1702,1672,10,1682,21
2021-01-22,Colusa,11,21464,1719,1668,196,1864,7
2021-01-22,Contra Costa,13,1133247,56414,53887,976,54863,485
2021-01-22,Del Norte,15,27424,857,852,0,852,2
2021-01-22,El Dorado,17,186661,8373,7877,578,8455,64
2021-01-22,Fresno,19,978130,88517,84744,6948,91692,892
2021-01-22,Glenn,21,27897,2066,1985,430,2415,13
2021-01-22,Humboldt,23,135768,2655,2452,16,2468,23
2021-01-22,Imperial,25,180216,26134,25562,2462,28024,474
2021-01-22,Inyo,27,18085,1033,961,1,962,26
2021-01-22,Kern,29,883053,85444,82101,8266,90367,771
2021-01-22,Kings,31,150075,20382,19760,896,20656,159
2021-01-22,Lake,33,64148,2790,2681,0,2681,32
2021-01-22,Lassen,35,31185,4875,4765,85,4850,1
2021-01-22,Los Angeles,37,10098052,1084513,1031177,36914,1068091,14777
2021-01-22,Madera,39,155013,14333,13781,712,14493,86
2021-01-22,Marin,41,260295,12054,11769,131,11900,177
2021-01-22,Mariposa,43,17540,346,323,3,326,3
2021-01-22,Mendocino,45,87422,3173,2994,56,3050,32
2021-01-22,Merced,47,269075,25348,24616,681,25297,290
2021-01-22,Modoc,49,8938,305,285,93,378,0
2021-01-22,Mono,51,14174,1111,1108,11,1119,3
2021-01-22,Monterey,53,433212,38249,36909,1331,38240,253
2021-01-22,Napa,55,140530,8202,7828,31,7859,40
2021-01-22,Nevada,57,99092,3516,3296,140,3436,18
2021-01-22,Orange,59,3164182,227331,220384,9454,229838,2542
2021-01-22,Placer,61,380077,18803,17636,952,18588,193
2021-01-22,Plumas,63,18699,605,522,11,533,2
2021-01-22,Riverside,65,2383286,262472,252440,13085,265525,2710
2021-01-22,Sacramento,67,1510023,85218,82861,1047,83908,1094
2021-01-22,San Benito,69,59416,5265,5143,68,5211,43
2021-01-22,San Bernardino,71,2135413,269547,259121,7848,266969,1849
2021-01-22,San Diego,73,3302833,237738,222576,0,222576,2301
2021-01-22,San Francisco,75,870044,30830,30027,800,30827,266
2021-01-22,San Joaquin,77,732212,60795,58485,2502,60987,812
2021-01-22,San Luis Obispo,79,281455,17310,16336,470,16806,172
2021-01-22,San Mateo,81,765935,35594,33401,307,33708,211
2021-01-22,Santa Barbara,83,443738,28102,25989,927,26916,256
2021-01-22,Santa Clara,85,1922200,99167,96435,457,96892,1062
2021-01-22,Santa Cruz,87,273765,13887,12687,708,13395,123
2021-01-22,Shasta,89,179085,10111,9866,1078,10944,103
2021-01-22,Sierra,91,2930,45,40,14,54,0
2021-01-22,Siskiyou,93,43540,1268,1182,202,1384,4
2021-01-22,Solano,95,438530,27083,26048,303,26351,107
2021-01-22,Sonoma,97,501317,25342,24659,132,24791,232
2021-01-22,Stanislaus,99,539301,45403,43489,4759,48248,599
2021-01-22,Sutter,101,95872,8087,7878,80,7958,80
2021-01-22,Tehama,103,63373,4127,3993,465,4458,19
2021-01-22,Trinity,105,12862,323,263,38,301,3
2021-01-22,Tulare,107,460477,43890,42307,6595,48902,573
2021-01-22,Tuolumne,109,53932,3455,3379,29,3408,29
2021-01-22,Ventura,111,848112,67500,64404,2471,66875,426
2021-01-22,Yolo,113,214977,11746,11014,145,11159,141
2021-01-22,Yuba,115,75493,4985,4789,66,4855,29
2021-01-21,Alameda,1,1643700,71816,69314,1576,70890,739
2021-01-21,Alpine,3,1148,74,71,0,71,0
2021-01-21,Amador,5,37829,3110,3038,25,3063,29
2021-01-21,Butte,7,227075,10215,9643,1474,11117,130
2021-01-21,Calaveras,9,45235,1693,1647,10,1657,21
2021-01-21,Colusa,11,21464,1712,1662,193,1855,7
2021-01-21,Contra Costa,13,1133247,56000,53595,962,54557,478
2021-01-21,Del Norte,15,27424,855,850,0,850,2
2021-01-21,El Dorado,17,186661,8324,7823,575,8398,58
2021-01-21,Fresno,19,978130,88114,84137,6907,91044,889
2021-01-21,Glenn,21,27897,2057,1964,426,2390,13
2021-01-21,Humboldt,23,135768,2633,2423,16,2439,23
2021-01-21,Imperial,25,180216,26043,25509,2444,27953,463
2021-01-21,Inyo,27,18085,1024,946,1,947,26
2021-01-21,Kern,29,883053,85032,81328,8145,89473,769
2021-01-21,Kings,31,150075,20312,19633,877,20510,158
2021-01-21,Lake,33,64148,2774,2669,0,2669,32
2021-01-21,Lassen,35,31185,4869,4763,85,4848,1
2021-01-21,Los Angeles,37,10098052,1077883,1023055,36576,1059631,14537
2021-01-21,Madera,39,155013,14266,13664,704,14368,86
2021-01-21,Marin,41,260295,11997,11732,129,11861,173
2021-01-21,Mariposa,43,17540,342,322,3,325,3
2021-01-21,Mendocino,45,87422,3150,2967,54,3021,32
2021-01-21,Merced,47,269075,25193,24426,675,25101,245
2021-01-21,Modoc,49,8938,302,284,92,376,0
2021-01-21,Mono,51,14174,1106,1104,11,1115,3
2021-01-21,Monterey,53,433212,37969,36149,1320,37469,253
2021-01-21,Napa,55,140530,8138,7774,31,7805,40
2021-01-21,Nevada,57,99092,3487,3274,139,3413,18
2021-01-21,Orange,59,3164182,225956,218867,9396,228263,2540
2021-01-21,Placer,61,380077,18719,17553,948,18501,190
2021-01-21,Plumas,63,18699,601,518,11,529,2
2021-01-21,Riverside,65,2383286,260757,251007,13002,264009,2676
2021-01-21,Sacramento,67,1510023,84739,82303,1027,83330,1084
2021-01-21,San Benito,69,59416,5232,5100,62,5162,43
2021-01-21,San Bernardino,71,2135413,268201,257754,7780,265534,1832
2021-01-21,San Diego,73,3302833,235964,219729,0,219729,2222
2021-01-21,San Francisco,75,870044,30654,29801,766,30567,266
2021-01-21,San Joaquin,77,732212,60486,58270,2481,60751,806
2021-01-21,San Luis Obispo,79,281455,17224,16153,462,16615,169
2021-01-21,San Mateo,81,765935,35348,33156,293,33449,210
2021-01-21,Santa Barbara,83,443738,27819,25654,913,26567,253
2021-01-21,Santa Clara,85,1922200,98546,96028,449,96477,1062
2021-01-21,Santa Cruz,87,273765,13803,12548,698,13246,119
2021-01-21,Shasta,89,179085,10069,9795,1060,10855,98
2021-01-21,Sierra,91,2930,45,40,14,54,0
2021-01-21,Siskiyou,93,43540,1265,1178,199,1377,4
2021-01-21,Solano,95,438530,26902,25885,299,26184,106
2021-01-21,Sonoma,97,501317,25200,24440,130,24570,230
2021-01-21,Stanislaus,99,539301,45099,43223,4713,47936,599
2021-01-21,Sutter,101,95872,8053,7822,80,7902,80
2021-01-21,Tehama,103,63373,4092,3938,465,4403,19
2021-01-21,Trinity,105,12862,323,261,38,299,3
2021-01-21,Tulare,107,460477,43685,42082,6513,48595,569
2021-01-21,Tuolumne,109,53932,3445,3365,29,3394,29
2021-01-21,Ventura,111,848112,66808,63995,2449,66444,420
2021-01-21,Yolo,113,214977,11654,10940,137,11077,141
2021-01-21,Yuba,115,75493,4953,4757,65,4822,29
2021-01-20,Alameda,1,1643700,71296,68785,1561,70346,702
2021-01-20,Alpine,3,1148,74,71,0,71,0
2021-01-20,Amador,5,37829,3079,3036,25,3061,29
2021-01-20,Butte,7,227075,10158,9582,1463,11045,130
2021-01-20,Calaveras,9,45235,1671,1637,9,1646,21
2021-01-20,Colusa,11,21464,1696,1630,188,1818,7
2021-01-20,Contra Costa,13,1133247,55545,53108,956,54064,461
2021-01-20,Del Norte,15,27424,854,848,0,848,2
2021-01-20,El Dorado,17,186661,8278,7785,571,8356,53
2021-01-20,Fresno,19,978130,87693,83591,6854,90445,872
2021-01-20,Glenn,21,27897,2039,1955,423,2378,13
2021-01-20,Humboldt,23,135768,2590,2390,16,2406,22
2021-01-20,Imperial,25,180216,25976,25380,2406,27786,461
2021-01-20,Inyo,27,18085,1014,901,1,902,26
2021-01-20,Kern,29,883053,84582,80701,8038,88739,754
2021-01-20,Kings,31,150075,20223,19522,868,20390,146
2021-01-20,Lake,33,64148,2751,2646,0,2646,31
2021-01-20,Lassen,35,31185,4861,4758,83,4841,1
2021-01-20,Los Angeles,37,10098052,1070416,1015608,36281,1051889,14299
2021-01-20,Madera,39,155013,14201,13585,699,14284,86
2021-01-20,Marin,41,260295,11943,11684,127,11811,171
2021-01-20,Mariposa,43,17540,340,322,3,325,3
2021-01-20,Mendocino,45,87422,3135,2957,54,3011,32
2021-01-20,Merced,47,269075,25019,24220,654,24874,243
2021-01-20,Modoc,49,8938,301,282,92,374,0
2021-01-20,Mono,51,14174,1099,1105,10,1115,3
2021-01-20,Monterey,53,433212,37652,35960,1297,37257,249
2021-01-20,Napa,55,140530,8069,7731,30,7761,40
2021-01-20,Nevada,57,99092,3455,3238,139,3377,18
2021-01-20,Orange,59,3164182,224420,216893,9330,226223,2500
2021-01-20,Placer,61,380077,18616,17455,929,18384,186
2021-01-20,Plumas,63,18699,599,512,11,523,2
2021-01-20,Riverside,65,2383286,258747,248686,12914,261600,2615
2021-01-20,Sacramento,67,1510023,84174,81687,1016,82703,1072
2021-01-20,San Benito,69,59416,5202,5036,61,5097,35
2021-01-20,San Bernardino,71,2135413,266840,255921,7727,263648,1801
2021-01-20,San Diego,73,3302833,234111,218553,0,218553,2174
2021-01-20,San Francisco,75,870044,30458,29665,745,30410,262
2021-01-20,San Joaquin,77,732212,60083,58025,2472,60497,783
2021-01-20,San Luis Obispo,79,281455,17042,15936,453,16389,164
2021-01-20,San Mateo,81,765935,35124,32929,292,33221,210
2021-01-20,Santa Barbara,83,443738,27505,25312,900,26212,248
2021-01-20,Santa Clara,85,1922200,97866,94995,448,95443,1040
2021-01-20,Santa Cruz,87,273765,13697,12460,684,13144,107
2021-01-20,Shasta,89,179085,10017,9697,1049,10746,98
2021-01-20,Sierra,91,2930,45,40,14,54,0
2021-01-20,Siskiyou,93,43540,1259,1163,198,1361,4
2021-01-20,Solano,95,438530,26708,25659,295,25954,106
2021-01-20,Sonoma,97,501317,25053,24262,128,24390,223
2021-01-20,Stanislaus,99,539301,44809,42955,4666,47621,585
2021-01-20,Sutter,101,95872,8001,7772,78,7850,80
2021-01-20,Tehama,103,63373,4067,3892,464,4356,19
2021-01-20,Trinity,105,12862,323,260,38,298,3
2021-01-20,Tulare,107,460477,43433,41799,6413,48212,559
2021-01-20,Tuolumne,109,53932,3431,3355,28,3383,29
2021-01-20,Ventura,111,848112,65852,63413,2420,65833,395
2021-01-20,Yolo,113,214977,11583,10852,134,10986,141
2021-01-20,Yuba,115,75493,4926,4729,65,4794,29
2021-01-19,Alameda,1,1643700,70631,68434,1551,69985,680
2021-01-19,Alpine,3,1148,74,71,0,71,0
2021-01-19,Amador,5,37829,3070,3024,25,3049,28
2021-01-19,Butte,7,227075,10093,9528,1449,10977,129
2021-01-19,Calaveras,9,45235,1657,1621,8,1629,21
2021-01-19,Colusa,11,21464,1674,1617,180,1797,7
2021-01-19,Contra Costa,13,1133247,55049,52730,943,53673,448
2021-01-19,Del Norte,15,27424,853,843,0,843,2
2021-01-19,El Dorado,17,186661,8217,7743,563,8306,47
2021-01-19,Fresno,19,978130,87177,83200,6802,90002,857
2021-01-19,Glenn,21,27897,2028,1948,417,2365,13
2021-01-19,Humboldt,23,135768,2566,2359,13,2372,22
2021-01-19,Imperial,25,180216,25897,25333,2388,27721,452
2021-01-19,Inyo,27,18085,1007,891,1,892,26
2021-01-19,Kern,29,883053,83995,80272,7931,88203,742
2021-01-19,Kings,31,150075,20084,19375,856,20231,143
2021-01-19,Lake,33,64148,2737,2625,0,2625,31
2021-01-19,Lassen,35,31185,4854,4753,83,4836,1
2021-01-19,Los Angeles,37,10098052,1061772,1010375,35994,1046369,14014
2021-01-19,Madera,39,155013,14084,13528,691,14219,86
2021-01-19,Marin,41,260295,11885,11654,123,11777,169
2021-01-19,Mariposa,43,17540,340,322,3,325,3
2021-01-19,Mendocino,45,87422,3118,2930,54,2984,32
2021-01-19,Merced,47,269075,24805,24108,648,24756,242
2021-01-19,Modoc,49,8938,300,281,92,373,0
2021-01-19,Mono,51,14174,1098,1106,10,1116,3
2021-01-19,Monterey,53,433212,37325,35840,1273,37113,248
2021-01-19,Napa,55,140530,8010,7672,30,7702,38
2021-01-19,Nevada,57,99092,3437,3216,137,3353,18
2021-01-19,Orange,59,3164182,222676,215244,9262,224506,2468
2021-01-19,Placer,61,380077,18516,17348,919,18267,182
2021-01-19,Plumas,63,18699,592,509,11,520,2
2021-01-19,Riverside,65,2383286,256688,246248,12835,259083,2585
2021-01-19,Sacramento,67,1510023,83642,81183,996,82179,1053
2021-01-19,San Benito,69,59416,5156,4988,60,5048,35
2021-01-19,San Bernardino,71,2135413,265081,253651,7667,261318,1777
2021-01-19,San Diego,73,3302833,231692,216833,0,216833,2109
2021-01-19,San Francisco,75,870044,30241,29502,712,30214,261
2021-01-19,San Joaquin,77,732212,59701,57655,2457,60112,782
2021-01-19,San Luis Obispo,79,281455,16779,15855,450,16305,161
2021-01-19,San Mateo,81,765935,34839,32730,280,33010,208
2021-01-19,Santa Barbara,83,443738,27125,24991,881,25872,236
2021-01-19,Santa Clara,85,1922200,97081,94483,446,94929,1010
2021-01-19,Santa Cruz,87,273765,13582,12410,674,13084,106
2021-01-19,Shasta,89,179085,9981,9614,1039,10653,93
2021-01-19,Sierra,91,2930,45,40,12,52,0
2021-01-19,Siskiyou,93,43540,1251,1149,197,1346,4
2021-01-19,Solano,95,438530,26461,25520,295,25815,106
2021-01-19,Sonoma,97,501317,24874,24133,126,24259,223
2021-01-19,Stanislaus,99,539301,44458,42723,4608,47331,561
2021-01-19,Sutter,101,95872,7950,7709,72,7781,80
2021-01-19,Tehama,103,63373,4033,3876,462,4338,19
2021-01-19,Trinity,105,12862,322,260,38,298,3
2021-01-19,Tulare,107,460477,43159,41559,6310,47869,549
2021-01-19,Tuolumne,109,53932,3404,3328,28,3356,29
2021-01-19,Ventura,111,848112,65174,62656,2393,65049,383
2021-01-19,Yolo,113,214977,11501,10789,134,10923,134
2021-01-19,Yuba,115,75493,4892,4695,64,4759,29
2021-01-18,Alameda,1,1643700,69950,67938,1533,69471,680
2021-01-18,Alpine,3,1148,74,71,0,71,0
2021-01-18,Amador,5,37829,3056,3016,25,3041,28
2021-01-18,Butte,7,227075,10006,9474,1436,10910,129
2021-01-18,Calaveras,9,45235,1637,1617,7,1624,21
2021-01-18,Colusa,11,21464,1657,1608,175,1783,7
2021-01-18,Contra Costa,13,1133247,54528,52323,935,53258,448
2021-01-18,Del Norte,15,27424,852,840,0,840,2
2021-01-18,El Dorado,17,186661,8148,7707,561,8268,47
2021-01-18,Fresno,19,978130,86568,82485,6733,89218,857
2021-01-18,Glenn,21,27897,2011,1935,413,2348,13
2021-01-18,Humboldt,23,135768,2528,2343,13,2356,22
2021-01-18,Imperial,25,180216,25829,25317,2361,27678,452
2021-01-18,Inyo,27,18085,995,872,1,873,26
2021-01-18,Kern,29,883053,83356,79930,7838,87768,740
2021-01-18,Kings,31,150075,19916,19267,843,20110,141
2021-01-18,Lake,33,64148,2720,2591,0,2591,30
2021-01-18,Lassen,35,31185,4818,4749,82,4831,1
2021-01-18,Los Angeles,37,10098052,1052294,1002614,35694,1038308,13828
2021-01-18,Madera,39,155013,13970,13443,683,14126,85
2021-01-18,Marin,41,260295,11835,11607,121,11728,165
2021-01-18,Mariposa,43,17540,337,320,2,322,3
2021-01-18,Mendocino,45,87422,3095,2919,54,2973,31
2021-01-18,Merced,47,269075,24561,23927,631,24558,242
2021-01-18,Modoc,49,8938,297,281,89,370,0
2021-01-18,Mono,51,14174,1095,1101,10,1111,3
2021-01-18,Monterey,53,433212,36852,35549,1255,36804,247
2021-01-18,Napa,55,140530,7936,7601,30,7631,38
2021-01-18,Nevada,57,99092,3399,3199,136,3335,17
2021-01-18,Orange,59,3164182,220762,213866,9202,223068,2405
2021-01-18,Placer,61,380077,18399,17263,909,18172,182
2021-01-18,Plumas,63,18699,588,506,11,517,2
2021-01-18,Riverside,65,2383286,254412,244151,12743,256894,2568
2021-01-18,Sacramento,67,1510023,82965,80546,980,81526,1046
2021-01-18,San Benito,69,59416,5105,4963,58,5021,35
2021-01-18,San Bernardino,71,2135413,263287,252808,7609,260417,1775
2021-01-18,San Diego,73,3302833,229050,214335,0,214335,2103
2021-01-18,San Francisco,75,870044,30034,29321,688,30009,259
2021-01-18,San Joaquin,77,732212,59178,57405,2434,59839,782
2021-01-18,San Luis Obispo,79,281455,16592,15742,440,16182,158
2021-01-18,San Mateo,81,765935,34524,32515,261,32776,208
2021-01-18,Santa Barbara,83,443738,26752,24638,867,25505,235
2021-01-18,Santa Clara,85,1922200,96183,93688,442,94130,992
2021-01-18,Santa Cruz,87,273765,13450,12298,661,12959,106
2021-01-18,Shasta,89,179085,9943,9600,1027,10627,92
2021-01-18,Sierra,91,2930,44,40,12,52,0
2021-01-18,Siskiyou,93,43540,1239,1144,195,1339,4
2021-01-18,Solano,95,438530,26175,25344,290,25634,105
2021-01-18,Sonoma,97,501317,24599,24068,125,24193,223
2021-01-18,Stanislaus,99,539301,44101,42413,4558,46971,562
2021-01-18,Sutter,101,95872,7893,7680,69,7749,78
2021-01-18,Tehama,103,63373,3985,3854,455,4309,19
2021-01-18,Trinity,105,12862,322,260,38,298,3
2021-01-18,Tulare,107,460477,42873,41196,6191,47387,549
2021-01-18,Tuolumne,109,53932,3381,3318,27,3345,28
2021-01-18,Ventura,111,848112,64745,61859,2370,64229,379
2021-01-18,Yolo,113,214977,11369,10620,131,10751,134
2021-01-18,Yuba,115,75493,4864,4671,62,4733,29
2021-01-17,Alameda,1,1643700,69375,67375,1513,68888,676
2021-01-17,Alpine,3,1148,74,71,0,71,0
2021-01-17,Amador,5,37829,3049,3001,25,3026,28
2021-01-17,Butte,7,227075,9934,9411,1414,10825,129
2021-01-17,Calaveras,9,45235,1624,1608,7,1615,21
2021-01-17,Colusa,11,21464,1644,1588,169,1757,7
2021-01-17,Contra Costa,13,1133247,54035,51932,928,52860,447
2021-01-17,Del Norte,15,27424,852,838,0,838,2
2021-01-17,El Dorado,17,186661,8092,7659,548,8207,47
2021-01-17,Fresno,19,978130,86013,82039,6656,88695,857
2021-01-17,Glenn,21,27897,1999,1924,408,2332,9
2021-01-17,Humboldt,23,135768,2490,2322,11,2333,22
2021-01-17,Imperial,25,180216,25757,25253,2316,27569,451
2021-01-17,Inyo,27,18085,989,864,1,865,26
2021-01-17,Kern,29,883053,82808,79489,7752,87241,738
2021-01-17,Kings,31,150075,19780,19201,829,20030,131
2021-01-17,Lake,33,64148,2702,2572,0,2572,30
2021-01-17,Lassen,35,31185,4810,4740,81,4821,1
2021-01-17,Los Angeles,37,10098052,1045698,993028,35265,1028293,13741
2021-01-17,Madera,39,155013,13878,13328,677,14005,85
2021-01-17,Marin,41,260295,11783,11552,119,11671,164
2021-01-17,Mariposa,43,17540,337,319,2,321,3
2021-01-17,Mendocino,45,87422,3067,2912,53,2965,31
2021-01-17,Merced,47,269075,24345,23800,618,24418,242
2021-01-17,Modoc,49,8938,296,279,89,368,0
2021-01-17,Mono,51,14174,1089,1091,9,1100,3
2021-01-17,Monterey,53,433212,36620,35340,1230,36570,244
2021-01-17,Napa,55,140530,7880,7521,30,7551,38
2021-01-17,Nevada,57,99092,3374,3176,134,3310,17
2021-01-17,Orange,59,3164182,218758,212389,9122,221511,2359
2021-01-17,Placer,61,380077,18279,17194,893,18087,181
2021-01-17,Plumas,63,18699,587,505,10,515,2
2021-01-17,Riverside,65,2383286,252325,242206,12618,254824,2534
2021-01-17,Sacramento,67,1510023,82372,80154,966,81120,1045
2021-01-17,San Benito,69,59416,5067,4941,58,4999,35
2021-01-17,San Bernardino,71,2135413,261154,251487,7519,259006,1775
2021-01-17,San Diego,73,3302833,226857,211785,0,211785,2103
2021-01-17,San Francisco,75,870044,29845,29139,649,29788,255
2021-01-17,San Joaquin,77,732212,58812,57094,2418,59512,780
2021-01-17,San Luis Obispo,79,281455,16470,15658,431,16089,157
2021-01-17,San Mateo,81,765935,34273,32186,236,32422,208
2021-01-17,Santa Barbara,83,443738,26305,24401,851,25252,235
2021-01-17,Santa Clara,85,1922200,95423,92752,440,93192,976
2021-01-17,Santa Cruz,87,273765,13338,12196,658,12854,106
2021-01-17,Shasta,89,179085,9885,9588,1019,10607,92
2021-01-17,Sierra,91,2930,44,38,11,49,0
2021-01-17,Siskiyou,93,43540,1232,1136,192,1328,4
2021-01-17,Solano,95,438530,25944,25216,288,25504,105
2021-01-17,Sonoma,97,501317,24425,23871,125,23996,223
2021-01-17,Stanislaus,99,539301,43783,42221,4506,46727,562
2021-01-17,Sutter,101,95872,7830,7604,67,7671,77
2021-01-17,Tehama,103,63373,3956,3837,450,4287,18
2021-01-17,Trinity,105,12862,322,261,38,299,3
2021-01-17,Tulare,107,460477,42588,41016,6062,47078,549
2021-01-17,Tuolumne,109,53932,3364,3287,27,3314,27
2021-01-17,Ventura,111,848112,63903,61257,2322,63579,376
2021-01-17,Yolo,113,214977,11268,10519,130,10649,134
2021-01-17,Yuba,115,75493,4813,4640,60,4700,28
2021-01-16,Alameda,1,1643700,69069,66583,1499,68082,673
2021-01-16,Alpine,3,1148,74,71,0,71,0
2021-01-16,Amador,5,37829,3046,2986,25,3011,28
2021-01-16,Butte,7,227075,9904,9359,1394,10753,129
2021-01-16,Calaveras,9,45235,1612,1596,7,1603,21
2021-01-16,Colusa,11,21464,1632,1578,169,1747,7
2021-01-16,Contra Costa,13,1133247,53777,51363,919,52282,443
2021-01-16,Del Norte,15,27424,847,833,0,833,2
2021-01-16,El Dorado,17,186661,8070,7575,547,8122,47
2021-01-16,Fresno,19,978130,85742,81294,6602,87896,846
2021-01-16,Glenn,21,27897,1995,1894,404,2298,9
2021-01-16,Humboldt,23,135768,2470,2294,9,2303,22
2021-01-16,Imperial,25,180216,25724,25140,2308,27448,451
2021-01-16,Inyo,27,18085,985,845,1,846,25
2021-01-16,Kern,29,883053,82445,78865,7696,86561,733
2021-01-16,Kings,31,150075,19724,19072,826,19898,131
2021-01-16,Lake,33,64148,2693,2504,0,2504,30
2021-01-16,Lassen,35,31185,4800,4719,81,4800,1
2021-01-16,Los Angeles,37,10098052,1041634,982684,35016,1017700,13654
2021-01-16,Madera,39,155013,13814,13193,673,13866,85
2021-01-16,Marin,41,260295,11739,11482,119,11601,164
2021-01-16,Mariposa,43,17540,336,317,2,319,3
2021-01-16,Mendocino,45,87422,3053,2890,51,2941,31
2021-01-16,Merced,47,269075,24256,23478,606,24084,242
2021-01-16,Modoc,49,8938,296,278,89,367,0
2021-01-16,Mono,51,14174,1088,1079,9,1088,3
2021-01-16,Monterey,53,433212,36523,34972,1212,36184,243
2021-01-16,Napa,55,140530,7841,7356,30,7386,39
2021-01-16,Nevada,57,99092,3341,3144,134,3278,17
2021-01-16,Orange,59,3164182,217725,210111,9062,219173,2312
2021-01-16,Placer,61,380077,18220,16995,891,17886,177
2021-01-16,Plumas,63,18699,585,502,10,512,2
2021-01-16,Riverside,65,2383286,250977,239412,12496,251908,2506
2021-01-16,Sacramento,67,1510023,81999,79122,948,80070,1033
2021-01-16,San Benito,69,59416,5031,4875,58,4933,35
2021-01-16,San Bernardino,71,2135413,260392,249401,7453,256854,1755
2021-01-16,San Diego,73,3302833,225561,209895,0,209895,2065
2021-01-16,San Francisco,75,870044,29719,28853,617,29470,244
2021-01-16,San Joaquin,77,732212,58571,56642,2385,59027,776
2021-01-16,San Luis Obispo,79,281455,16370,15466,429,15895,152
2021-01-16,San Mateo,81,765935,34107,31805,230,32035,208
2021-01-16,Santa Barbara,83,443738,26111,24088,843,24931,229
2021-01-16,Santa Clara,85,1922200,94962,91584,433,92017,954
2021-01-16,Santa Cruz,87,273765,13279,12026,656,12682,106
2021-01-16,Shasta,89,179085,9852,9547,1015,10562,92
2021-01-16,Sierra,91,2930,43,38,11,49,0
2021-01-16,Siskiyou,93,43540,1227,1124,192,1316,4
2021-01-16,Solano,95,438530,25839,24732,281,25013,103
2021-01-16,Sonoma,97,501317,24341,23607,124,23731,223
2021-01-16,Stanislaus,99,539301,43594,41809,4456,46265,562
2021-01-16,Sutter,101,95872,7798,7560,67,7627,76
2021-01-16,Tehama,103,63373,3943,3783,450,4233,18
2021-01-16,Trinity,105,12862,322,261,38,299,3
2021-01-16,Tulare,107,460477,42402,40655,5986,46641,542
2021-01-16,Tuolumne,109,53932,3357,3269,27,3296,27
2021-01-16,Ventura,111,848112,63350,60368,2292,62660,369
2021-01-16,Yolo,113,214977,11219,10406,129,10535,134
2021-01-16,Yuba,115,75493,4782,4602,60,4662,27
2021-01-15,Alameda,1,1643700,68647,65416,1488,66904,672
2021-01-15,Alpine,3,1148,74,71,0,71,0
2021-01-15,Amador,5,37829,3039,2953,25,2978,28
2021-01-15,Butte,7,227075,9866,9233,1376,10609,129
2021-01-15,Calaveras,9,45235,1605,1538,7,1545,21
2021-01-15,Colusa,11,21464,1621,1541,165,1706,7
2021-01-15,Contra Costa,13,1133247,53451,50408,912,51320,428
2021-01-15,Del Norte,15,27424,843,828,0,828,2
2021-01-15,El Dorado,17,186661,8022,7439,538,7977,47
2021-01-15,Fresno,19,978130,85204,79950,6568,86518,832
2021-01-15,Glenn,21,27897,1990,1824,402,2226,9
2021-01-15,Humboldt,23,135768,2443,2218,8,2226,22
2021-01-15,Imperial,25,180216,25690,24944,2302,27246,446
2021-01-15,Inyo,27,18085,967,814,1,815,25
2021-01-15,Kern,29,883053,82036,77873,7631,85504,719
2021-01-15,Kings,31,150075,19617,18661,818,19479,131
2021-01-15,Lake,33,64148,2665,2434,0,2434,28
2021-01-15,Lassen,35,31185,4789,4693,79,4772,1
2021-01-15,Los Angeles,37,10098052,1034619,968979,34713,1003692,13404
2021-01-15,Madera,39,155013,13725,12883,670,13553,85
2021-01-15,Marin,41,260295,11689,11310,119,11429,160
2021-01-15,Mariposa,43,17540,334,307,2,309,3
2021-01-15,Mendocino,45,87422,3042,2835,51,2886,31
2021-01-15,Merced,47,269075,24143,23060,602,23662,239
2021-01-15,Modoc,49,8938,296,278,87,365,0
2021-01-15,Mono,51,14174,1085,1057,9,1066,3
2021-01-15,Monterey,53,433212,36314,34460,1152,35612,243
2021-01-15,Napa,55,140530,7779,7231,30,7261,38
2021-01-15,Nevada,57,99092,3328,3099,130,3229,17
2021-01-15,Orange,59,3164182,216357,207129,9009,216138,2254
2021-01-15,Placer,61,380077,18119,16712,881,17593,173
2021-01-15,Plumas,63,18699,582,499,10,509,2
2021-01-15,Riverside,65,2383286,249144,235235,12417,247652,2458
2021-01-15,Sacramento,67,1510023,81581,80279,940,81219,1023
2021-01-15,San Benito,69,59416,4987,4766,56,4822,35
2021-01-15,San Bernardino,71,2135413,259242,246182,7395,253577,1726
2021-01-15,San Diego,73,3302833,223813,206868,0,206868,2037
2021-01-15,San Francisco,75,870044,29549,28574,595,29169,242
2021-01-15,San Joaquin,77,732212,58341,55885,2370,58255,748
2021-01-15,San Luis Obispo,79,281455,16236,15129,423,15552,148
2021-01-15,San Mateo,81,765935,33862,31291,226,31517,208
2021-01-15,Santa Barbara,83,443738,25836,23487,831,24318,226
2021-01-15,Santa Clara,85,1922200,94313,90103,428,90531,942
2021-01-15,Santa Cruz,87,273765,13170,11776,641,12417,105
2021-01-15,Shasta,89,179085,9813,9459,1007,10466,91
2021-01-15,Sierra,91,2930,42,36,10,46,0
2021-01-15,Siskiyou,93,43540,1223,1119,191,1310,4
2021-01-15,Solano,95,438530,25690,24222,278,24500,103
2021-01-15,Sonoma,97,501317,24212,23204,123,23327,222
2021-01-15,Stanislaus,99,539301,43351,41178,4418,45596,562
2021-01-15,Sutter,101,95872,7751,7484,66,7550,75
2021-01-15,Tehama,103,63373,3922,3714,449,4163,17
2021-01-15,Trinity,105,12862,322,262,38,300,3
2021-01-15,Tulare,107,460477,42151,39951,5902,45853,535
2021-01-15,Tuolumne,109,53932,3341,3231,27,3258,27
2021-01-15,Ventura,111,848112,62606,59061,2258,61319,353
2021-01-15,Yolo,113,214977,11160,10240,128,10368,134
2021-01-15,Yuba,115,75493,4761,4549,60,4609,27
2021-01-14,Alameda,1,1643700,68010,64364,1473,65837,686
2021-01-14,Alpine,3,1148,74,71,0,71,0
2021-01-14,Amador,5,37829,3033,2940,25,2965,28
2021-01-14,Butte,7,227075,9782,9127,1354,10481,129
2021-01-14,Calaveras,9,45235,1588,1513,7,1520,21
2021-01-14,Colusa,11,21464,1606,1535,162,1697,7
2021-01-14,Contra Costa,13,1133247,52895,49545,895,50440,415
2021-01-14,Del Norte,15,27424,837,821,0,821,2
2021-01-14,El Dorado,17,186661,7949,7321,529,7850,45
2021-01-14,Fresno,19,978130,84570,79033,6494,85527,814
2021-01-14,Glenn,21,27897,1977,1798,397,2195,9
2021-01-14,Humboldt,23,135768,2400,2169,8,2177,22
2021-01-14,Imperial,25,180216,25583,24882,2263,27145,447
2021-01-14,Inyo,27,18085,960,790,1,791,25
2021-01-14,Kern,29,883053,81371,77070,7527,84597,705
2021-01-14,Kings,31,150075,19488,18405,812,19217,108
2021-01-14,Lake,33,64148,2623,2378,0,2378,27
2021-01-14,Lassen,35,31185,4779,4673,77,4750,1
2021-01-14,Los Angeles,37,10098052,1024638,954652,34313,988965,13147
2021-01-14,Madera,39,155013,13608,12742,659,13401,85
2021-01-14,Marin,41,260295,11614,11155,118,11273,159
2021-01-14,Mariposa,43,17540,331,302,2,304,3
2021-01-14,Mendocino,45,87422,3028,2801,49,2850,31
2021-01-14,Merced,47,269075,23915,22780,592,23372,239
2021-01-14,Modoc,49,8938,296,273,87,360,0
2021-01-14,Mono,51,14174,1077,1020,9,1029,3
2021-01-14,Monterey,53,433212,35907,34105,1134,35239,242
2021-01-14,Napa,55,140530,7694,7117,30,7147,38
2021-01-14,Nevada,57,99092,3301,3075,128,3203,17
2021-01-14,Orange,59,3164182,214433,204442,8916,213358,2162
2021-01-14,Placer,61,380077,17958,16488,873,17361,169
2021-01-14,Plumas,63,18699,574,496,10,506,2
2021-01-14,Riverside,65,2383286,246527,231684,12313,243997,2357
2021-01-14,Sacramento,67,1510023,80944,79137,915,80052,1007
2021-01-14,San Benito,69,59416,4953,4678,55,4733,35
2021-01-14,San Bernardino,71,2135413,257284,243379,7319,250698,1750
2021-01-14,San Diego,73,3302833,221423,204173,0,204173,2005
2021-01-14,San Francisco,75,870044,29307,28200,542,28742,238
2021-01-14,San Joaquin,77,732212,57829,55058,2355,57413,739
2021-01-14,San Luis Obispo,79,281455,16077,14851,413,15264,146
2021-01-14,San Mateo,81,765935,33494,30694,217,30911,208
2021-01-14,Santa Barbara,83,443738,25429,23126,804,23930,219
2021-01-14,Santa Clara,85,1922200,93421,88505,421,88926,910
2021-01-14,Santa Cruz,87,273765,13023,11583,625,12208,109
2021-01-14,Shasta,89,179085,9765,9334,990,10324,90
2021-01-14,Sierra,91,2930,42,35,9,44,0
2021-01-14,Siskiyou,93,43540,1212,1108,188,1296,3
2021-01-14,Solano,95,438530,25429,23782,274,24056,103
2021-01-14,Sonoma,97,501317,23966,22910,123,23033,202
2021-01-14,Stanislaus,99,539301,43032,40597,4376,44973,574
2021-01-14,Sutter,101,95872,7692,7416,63,7479,74
2021-01-14,Tehama,103,63373,3892,3664,445,4109,17
2021-01-14,Trinity,105,12862,322,261,37,298,3
2021-01-14,Tulare,107,460477,41770,39565,5789,45354,533
2021-01-14,Tuolumne,109,53932,3320,3215,27,3242,28
2021-01-14,Ventura,111,848112,61734,57941,2220,60161,347
2021-01-14,Yolo,113,214977,11049,10097,122,10219,135
2021-01-14,Yuba,115,75493,4729,4496,60,4556,27
2021-01-13,Alameda,1,1643700,67266,63568,1454,65022,690
2021-01-13,Alpine,3,1148,74,71,0,71,0
2021-01-13,Amador,5,37829,3019,2914,25,2939,26
2021-01-13,Butte,7,227075,9703,9013,1339,10352,126
2021-01-13,Calaveras,9,45235,1567,1493,7,1500,21
2021-01-13,Colusa,11,21464,1594,1524,157,1681,7
2021-01-13,Contra Costa,13,1133247,52319,48877,882,49759,403
2021-01-13,Del Norte,15,27424,833,820,0,820,2
2021-01-13,El Dorado,17,186661,7856,7247,521,7768,43
2021-01-13,Fresno,19,978130,83863,78278,6441,84719,804
2021-01-13,Glenn,21,27897,1963,1792,389,2181,9
2021-01-13,Humboldt,23,135768,2368,2114,8,2122,22
2021-01-13,Imperial,25,180216,25455,24717,2230,26947,463
2021-01-13,Inyo,27,18085,948,785,1,786,25
2021-01-13,Kern,29,883053,80707,76049,7436,83485,704
2021-01-13,Kings,31,150075,19323,18121,786,18907,108
2021-01-13,Lake,33,64148,2578,2305,0,2305,27
2021-01-13,Lassen,35,31185,4772,4663,76,4739,1
2021-01-13,Los Angeles,37,10098052,1013904,937985,33882,971867,12873
2021-01-13,Madera,39,155013,13484,12570,653,13223,85
2021-01-13,Marin,41,260295,11557,11039,118,11157,161
2021-01-13,Mariposa,43,17540,329,304,2,306,3
2021-01-13,Mendocino,45,87422,3008,2790,49,2839,31
2021-01-13,Merced,47,269075,23675,22497,580,23077,241
2021-01-13,Modoc,49,8938,295,274,84,358,0
2021-01-13,Mono,51,14174,1073,1017,9,1026,3
2021-01-13,Monterey,53,433212,35490,33748,1109,34857,241
2021-01-13,Napa,55,140530,7580,7028,30,7058,36
2021-01-13,Nevada,57,99092,3278,3037,124,3161,17
2021-01-13,Orange,59,3164182,212361,201158,8847,210005,2172
2021-01-13,Placer,61,380077,17832,16272,859,17131,172
2021-01-13,Plumas,63,18699,572,490,10,500,2
2021-01-13,Riverside,65,2383286,243401,228192,12188,240380,2278
2021-01-13,Sacramento,67,1510023,80290,78268,908,79176,996
2021-01-13,San Benito,69,59416,4898,4583,54,4637,35
2021-01-13,San Bernardino,71,2135413,254911,240191,7243,247434,1759
2021-01-13,San Diego,73,3302833,218810,201578,0,201578,1952
2021-01-13,San Francisco,75,870044,29068,27863,518,28381,238
2021-01-13,San Joaquin,77,732212,57204,54373,2323,56696,738
2021-01-13,San Luis Obispo,79,281455,15924,14625,402,15027,140
2021-01-13,San Mateo,81,765935,33151,30195,215,30410,207
2021-01-13,Santa Barbara,83,443738,24999,22714,778,23492,216
2021-01-13,Santa Clara,85,1922200,92446,87187,418,87605,911
2021-01-13,Santa Cruz,87,273765,12851,11423,611,12034,110
2021-01-13,Shasta,89,179085,9702,9180,975,10155,93
2021-01-13,Sierra,91,2930,42,33,9,42,0
2021-01-13,Siskiyou,93,43540,1206,1102,184,1286,3
2021-01-13,Solano,95,438530,25150,23503,273,23776,105
2021-01-13,Sonoma,97,501317,23723,22610,122,22732,206
2021-01-13,Stanislaus,99,539301,42635,40167,4320,44487,574
2021-01-13,Sutter,101,95872,7646,7350,62,7412,73
2021-01-13,Tehama,103,63373,3843,3589,440,4029,17
2021-01-13,Trinity,105,12862,322,260,37,297,3
2021-01-13,Tulare,107,460477,41365,39129,5679,44808,522
2021-01-13,Tuolumne,109,53932,3306,3196,27,3223,28
2021-01-13,Ventura,111,848112,60721,56453,2182,58635,338
2021-01-13,Yolo,113,214977,10948,9933,118,10051,135
2021-01-13,Yuba,115,75493,4687,4448,57,4505,27
2021-01-12,Alameda,1,1643700,66458,62642,1434,64076,677
2021-01-12,Alpine,3,1148,74,71,0,71,0
2021-01-12,Amador,5,37829,3002,2897,25,2922,26
2021-01-12,Butte,7,227075,9619,8883,1318,10201,124
2021-01-12,Calaveras,9,45235,1530,1475,7,1482,21
2021-01-12,Colusa,11,21464,1582,1510,153,1663,7
2021-01-12,Contra Costa,13,1133247,51673,48242,866,49108,399
2021-01-12,Del Norte,15,27424,829,816,0,816,2
2021-01-12,El Dorado,17,186661,7773,7156,510,7666,41
2021-01-12,Fresno,19,978130,82999,77651,6371,84022,796
2021-01-12,Glenn,21,27897,1935,1781,383,2164,9
2021-01-12,Humboldt,23,135768,2314,2077,7,2084,22
2021-01-12,Imperial,25,180216,25368,24566,2187,26753,457
2021-01-12,Inyo,27,18085,931,773,1,774,25
2021-01-12,Kern,29,883053,80006,75320,7333,82653,689
2021-01-12,Kings,31,150075,19115,18072,773,18845,108
2021-01-12,Lake,33,64148,2530,2260,0,2260,27
2021-01-12,Lassen,35,31185,4750,4659,74,4733,1
2021-01-12,Los Angeles,37,10098052,1002285,926295,33456,959751,12610
2021-01-12,Madera,39,155013,13343,12485,645,13130,85
2021-01-12,Marin,41,260295,11448,10960,118,11078,157
2021-01-12,Mariposa,43,17540,327,302,2,304,3
2021-01-12,Mendocino,45,87422,2988,2762,45,2807,31
2021-01-12,Merced,47,269075,23425,22172,557,22729,239
2021-01-12,Modoc,49,8938,293,274,84,358,0
2021-01-12,Mono,51,14174,1064,1008,9,1017,3
2021-01-12,Monterey,53,433212,34991,33381,1087,34468,240
2021-01-12,Napa,55,140530,7497,6936,30,6966,36
2021-01-12,Nevada,57,99092,3250,3014,122,3136,17
2021-01-12,Orange,59,3164182,210073,198260,8760,207020,2142
2021-01-12,Placer,61,380077,17651,16087,853,16940,163
2021-01-12,Plumas,63,18699,566,483,10,493,2
2021-01-12,Riverside,65,2383286,240284,225580,12043,237623,2266
2021-01-12,Sacramento,67,1510023,79546,77201,899,78100,985
2021-01-12,San Benito,69,59416,4831,4515,54,4569,35
2021-01-12,San Bernardino,71,2135413,252342,237008,7168,244176,1739
2021-01-12,San Diego,73,3302833,215900,198317,0,198317,1898
2021-01-12,San Francisco,75,870044,28792,27531,482,28013,238
2021-01-12,San Joaquin,77,732212,56554,53630,2292,55922,725
2021-01-12,San Luis Obispo,79,281455,15678,14367,394,14761,132
2021-01-12,San Mateo,81,765935,32760,29747,203,29950,206
2021-01-12,Santa Barbara,83,443738,24590,22182,750,22932,209
2021-01-12,Santa Clara,85,1922200,91385,86075,409,86484,904
2021-01-12,Santa Cruz,87,273765,12636,11267,594,11861,110
2021-01-12,Shasta,89,179085,9629,9086,962,10048,84
2021-01-12,Sierra,91,2930,40,33,8,41,0
2021-01-12,Siskiyou,93,43540,1196,1091,178,1269,3
2021-01-12,Solano,95,438530,24847,23160,268,23428,102
2021-01-12,Sonoma,97,501317,23421,22403,122,22525,205
2021-01-12,Stanislaus,99,539301,42184,39615,4284,43899,571
2021-01-12,Sutter,101,95872,7583,7276,61,7337,73
2021-01-12,Tehama,103,63373,3808,3567,436,4003,17
2021-01-12,Trinity,105,12862,322,258,37,295,3
2021-01-12,Tulare,107,460477,40913,38797,5557,44354,509
2021-01-12,Tuolumne,109,53932,3272,3178,27,3205,28
2021-01-12,Ventura,111,848112,59749,55342,2149,57491,324
2021-01-12,Yolo,113,214977,10812,9857,107,9964,133
2021-01-12,Yuba,115,75493,4647,4389,57,4446,27
2021-01-11,Alameda,1,1643700,65606,61949,1416,63365,652
2021-01-11,Alpine,3,1148,74,70,0,70,0
2021-01-11,Amador,5,37829,2988,2867,25,2892,24
2021-01-11,Butte,7,227075,9507,8757,1300,10057,119
2021-01-11,Calaveras,9,45235,1512,1460,7,1467,21
2021-01-11,Colusa,11,21464,1564,1494,149,1643,7
2021-01-11,Contra Costa,13,1133247,51000,47728,856,48584,398
2021-01-11,Del Norte,15,27424,825,810,0,810,2
2021-01-11,El Dorado,17,186661,7681,6987,500,7487,36
2021-01-11,Fresno,19,978130,82121,76581,6291,82872,775
2021-01-11,Glenn,21,27897,1906,1763,374,2137,9
2021-01-11,Humboldt,23,135768,2274,2069,7,2076,22
2021-01-11,Imperial,25,180216,25254,24418,2150,26568,453
2021-01-11,Inyo,27,18085,913,763,1,764,25
2021-01-11,Kern,29,883053,79154,74489,7229,81718,682
2021-01-11,Kings,31,150075,18851,17909,765,18674,108
2021-01-11,Lake,33,64148,2480,2205,0,2205,26
2021-01-11,Lassen,35,31185,4727,4647,73,4720,1
2021-01-11,Los Angeles,37,10098052,989135,914434,32963,947397,12304
2021-01-11,Madera,39,155013,13210,12366,634,13000,85
2021-01-11,Marin,41,260295,11352,10814,115,10929,156
2021-01-11,Mariposa,43,17540,320,296,2,298,3
2021-01-11,Mendocino,45,87422,2961,2728,45,2773,31
2021-01-11,Merced,47,269075,23101,21884,543,22427,238
2021-01-11,Modoc,49,8938,292,271,83,354,0
2021-01-11,Mono,51,14174,1058,1006,9,1015,3
2021-01-11,Monterey,53,433212,34456,32858,1023,33881,239
2021-01-11,Napa,55,140530,7395,6822,30,6852,36
2021-01-11,Nevada,57,99092,3223,2980,122,3102,17
2021-01-11,Orange,59,3164182,207511,196340,8659,204999,2113
2021-01-11,Placer,61,380077,17471,15919,840,16759,163
2021-01-11,Plumas,63,18699,562,477,10,487,2
2021-01-11,Riverside,65,2383286,236789,222907,11886,234793,2222
2021-01-11,Sacramento,67,1510023,78627,76009,882,76891,974
2021-01-11,San Benito,69,59416,4754,4482,47,4529,34
2021-01-11,San Bernardino,71,2135413,249518,235543,7066,242609,1739
2021-01-11,San Diego,73,3302833,212635,194793,0,194793,1857
2021-01-11,San Francisco,75,870044,28521,27264,458,27722,238
2021-01-11,San Joaquin,77,732212,55941,53002,2262,55264,725
2021-01-11,San Luis Obispo,79,281455,15308,14213,386,14599,126
2021-01-11,San Mateo,81,765935,32315,29355,190,29545,206
2021-01-11,Santa Barbara,83,443738,24153,21740,733,22473,200
2021-01-11,Santa Clara,85,1922200,90186,84851,400,85251,877
2021-01-11,Santa Cruz,87,273765,12459,11093,567,11660,106
2021-01-11,Shasta,89,179085,9531,8977,948,9925,81
2021-01-11,Sierra,91,2930,39,33,8,41,0
2021-01-11,Siskiyou,93,43540,1188,1087,175,1262,3
2021-01-11,Solano,95,438530,24527,22893,263,23156,101
2021-01-11,Sonoma,97,501317,23177,22191,122,22313,205
2021-01-11,Stanislaus,99,539301,41694,39149,4230,43379,571
2021-01-11,Sutter,101,95872,7525,7204,60,7264,71
2021-01-11,Tehama,103,63373,3744,3524,413,3937,17
2021-01-11,Trinity,105,12862,322,256,37,293,2
2021-01-11,Tulare,107,460477,40515,38380,5465,43845,497
2021-01-11,Tuolumne,109,53932,3261,3165,27,3192,27
2021-01-11,Ventura,111,848112,58614,54202,2123,56325,320
2021-01-11,Yolo,113,214977,10598,9699,105,9804,129
2021-01-11,Yuba,115,75493,4609,4349,50,4399,27
2021-01-10,Alameda,1,1643700,64632,61111,1387,62498,650
2021-01-10,Alpine,3,1148,74,70,0,70,0
2021-01-10,Amador,5,37829,2964,2861,25,2886,24
2021-01-10,Butte,7,227075,9390,8665,1273,9938,119
2021-01-10,Calaveras,9,45235,1486,1449,7,1456,21
2021-01-10,Colusa,11,21464,1540,1478,147,1625,7
2021-01-10,Contra Costa,13,1133247,50213,47109,838,47947,398
2021-01-10,Del Norte,15,27424,822,809,0,809,2
2021-01-10,El Dorado,17,186661,7594,6904,482,7386,36
2021-01-10,Fresno,19,978130,81309,75621,6169,81790,775
2021-01-10,Glenn,21,27897,1882,1746,366,2112,9
2021-01-10,Humboldt,23,135768,2212,2049,7,2056,22
2021-01-10,Imperial,25,180216,25094,24233,2093,26326,453
2021-01-10,Inyo,27,18085,885,748,1,749,25
2021-01-10,Kern,29,883053,78330,73712,7094,80806,679
2021-01-10,Kings,31,150075,18633,17812,757,18569,108
2021-01-10,Lake,33,64148,2429,2174,0,2174,26
2021-01-10,Lassen,35,31185,4705,4642,72,4714,1
2021-01-10,Los Angeles,37,10098052,974602,901783,32303,934086,12170
2021-01-10,Madera,39,155013,13023,12179,619,12798,85
2021-01-10,Marin,41,260295,11233,10737,113,10850,155
2021-01-10,Mariposa,43,17540,320,291,2,293,3
2021-01-10,Mendocino,45,87422,2930,2706,42,2748,31
2021-01-10,Merced,47,269075,22826,21691,533,22224,238
2021-01-10,Modoc,49,8938,292,271,81,352,0
2021-01-10,Mono,51,14174,1041,965,9,974,3
2021-01-10,Monterey,53,433212,34016,32571,991,33562,237
2021-01-10,Napa,55,140530,7291,6687,28,6715,36
2021-01-10,Nevada,57,99092,3204,2959,118,3077,17
2021-01-10,Orange,59,3164182,204758,193766,8536,202302,2104
2021-01-10,Placer,61,380077,17295,15779,818,16597,163
2021-01-10,Plumas,63,18699,552,477,10,487,2
2021-01-10,Riverside,65,2383286,233449,219486,11693,231179,2216
2021-01-10,Sacramento,67,1510023,77672,75394,852,76246,965
2021-01-10,San Benito,69,59416,4660,4434,46,4480,34
2021-01-10,San Bernardino,71,2135413,245916,232171,6962,239133,1736
2021-01-10,San Diego,73,3302833,208981,191886,0,191886,1857
2021-01-10,San Francisco,75,870044,28140,27054,422,27476,238
2021-01-10,San Joaquin,77,732212,55080,52535,2228,54763,725
2021-01-10,San Luis Obispo,79,281455,14980,13968,372,14340,122
2021-01-10,San Mateo,81,765935,31826,28972,175,29147,206
2021-01-10,Santa Barbara,83,443738,23611,21290,708,21998,200
2021-01-10,Santa Clara,85,1922200,89009,83779,389,84168,858
2021-01-10,Santa Cruz,87,273765,12248,10951,543,11494,106
2021-01-10,Shasta,89,179085,9421,8936,931,9867,81
2021-01-10,Sierra,91,2930,38,32,8,40,0
2021-01-10,Siskiyou,93,43540,1182,1075,172,1247,3
2021-01-10,Solano,95,438530,24127,22621,260,22881,101
2021-01-10,Sonoma,97,501317,22909,21925,122,22047,204
2021-01-10,Stanislaus,99,539301,41134,38809,4147,42956,571
2021-01-10,Sutter,101,95872,7464,7133,57,7190,71
2021-01-10,Tehama,103,63373,3672,3504,400,3904,17
2021-01-10,Trinity,105,12862,322,253,36,289,2
2021-01-10,Tulare,107,460477,40103,38012,5328,43340,497
2021-01-10,Tuolumne,109,53932,3227,3143,26,3169,27
2021-01-10,Ventura,111,848112,57347,53095,2077,55172,319
2021-01-10,Yolo,113,214977,10449,9610,104,9714,129
2021-01-10,Yuba,115,75493,4557,4300,47,4347,27
2021-01-09,Alameda,1,1643700,64127,60125,1369,61494,649
2021-01-09,Alpine,3,1148,74,70,0,70,0
2021-01-09,Amador,5,37829,2957,2809,25,2834,24
2021-01-09,Butte,7,227075,9309,8552,1249,9801,118
2021-01-09,Calaveras,9,45235,1475,1425,7,1432,21
2021-01-09,Colusa,11,21464,1534,1468,146,1614,7
2021-01-09,Contra Costa,13,1133247,49867,46406,824,47230,393
2021-01-09,Del Norte,15,27424,820,802,0,802,2
2021-01-09,El Dorado,17,186661,7562,6800,479,7279,36
2021-01-09,Fresno,19,978130,80901,74816,6127,80943,773
2021-01-09,Glenn,21,27897,1867,1707,361,2068,9
2021-01-09,Humboldt,23,135768,2194,2026,7,2033,22
2021-01-09,Imperial,25,180216,25027,24028,2078,26106,448
2021-01-09,Inyo,27,18085,875,734,1,735,25
2021-01-09,Kern,29,883053,77872,73015,7013,80028,677
2021-01-09,Kings,31,150075,18538,17679,753,18432,108
2021-01-09,Lake,33,64148,2395,2144,0,2144,26
2021-01-09,Lassen,35,31185,4693,4613,71,4684,1
2021-01-09,Los Angeles,37,10098052,969078,887949,31842,919791,12011
2021-01-09,Madera,39,155013,12938,12063,614,12677,85
2021-01-09,Marin,41,260295,11169,10634,112,10746,154
2021-01-09,Mariposa,43,17540,317,287,2,289,3
2021-01-09,Mendocino,45,87422,2912,2664,42,2706,31
2021-01-09,Merced,47,269075,22685,21357,523,21880,237
2021-01-09,Modoc,49,8938,292,271,80,351,0
2021-01-09,Mono,51,14174,1036,964,9,973,3
2021-01-09,Monterey,53,433212,33873,31948,982,32930,235
2021-01-09,Napa,55,140530,7221,6594,25,6619,36
2021-01-09,Nevada,57,99092,3182,2932,115,3047,17
2021-01-09,Orange,59,3164182,203260,191004,8444,199448,2034
2021-01-09,Placer,61,380077,17195,15609,816,16425,162
2021-01-09,Plumas,63,18699,550,477,10,487,2
2021-01-09,Riverside,65,2383286,231746,216076,11545,227621,2201
2021-01-09,Sacramento,67,1510023,77148,74482,847,75329,953
2021-01-09,San Benito,69,59416,4611,4335,46,4381,34
2021-01-09,San Bernardino,71,2135413,244740,228857,6892,235749,1714
2021-01-09,San Diego,73,3302833,207289,188598,0,188598,1824
2021-01-09,San Francisco,75,870044,27966,26708,377,27085,235
2021-01-09,San Joaquin,77,732212,54734,51927,2207,54134,724
2021-01-09,San Luis Obispo,79,281455,14857,13647,361,14008,121
2021-01-09,San Mateo,81,765935,31529,28512,168,28680,205
2021-01-09,Santa Barbara,83,443738,23403,20971,699,21670,197
2021-01-09,Santa Clara,85,1922200,88168,82269,377,82646,808
2021-01-09,Santa Cruz,87,273765,12151,10717,538,11255,107
2021-01-09,Shasta,89,179085,9388,8893,927,9820,81
2021-01-09,Sierra,91,2930,36,32,8,40,0
2021-01-09,Siskiyou,93,43540,1179,1062,168,1230,3
2021-01-09,Solano,95,438530,23972,22226,259,22485,101
2021-01-09,Sonoma,97,501317,22794,21393,122,21515,202
2021-01-09,Stanislaus,99,539301,40842,38403,4105,42508,567
2021-01-09,Sutter,101,95872,7428,7072,56,7128,69
2021-01-09,Tehama,103,63373,3643,3451,388,3839,15
2021-01-09,Trinity,105,12862,322,252,36,288,2
2021-01-09,Tulare,107,460477,39861,37684,5254,42938,496
2021-01-09,Tuolumne,109,53932,3219,3117,25,3142,26
2021-01-09,Ventura,111,848112,56520,51988,2050,54038,306
2021-01-09,Yolo,113,214977,10378,9524,101,9625,129
2021-01-09,Yuba,115,75493,4529,4265,47,4312,27
2021-01-08,Alameda,1,1643700,63566,59172,1358,60530,646
2021-01-08,Alpine,3,1148,74,70,0,70,0
2021-01-08,Amador,5,37829,2950,2792,25,2817,24
2021-01-08,Butte,7,227075,9250,8430,1233,9663,115
2021-01-08,Calaveras,9,45235,1462,1385,7,1392,21
2021-01-08,Colusa,11,21464,1521,1448,145,1593,7
2021-01-08,Contra Costa,13,1133247,49341,45667,820,46487,381
2021-01-08,Del Norte,15,27424,818,795,0,795,2
2021-01-08,El Dorado,17,186661,7492,6690,467,7157,36
2021-01-08,Fresno,19,978130,80088,73689,6062,79751,771
2021-01-08,Glenn,21,27897,1851,1680,357,2037,9
2021-01-08,Humboldt,23,135768,2170,1988,7,1995,22
2021-01-08,Imperial,25,180216,24959,23751,2063,25814,446
2021-01-08,Inyo,27,18085,861,682,1,683,24
2021-01-08,Kern,29,883053,77312,71978,6940,78918,674
2021-01-08,Kings,31,150075,18410,17441,748,18189,108
2021-01-08,Lake,33,64148,2368,2098,0,2098,26
2021-01-08,Lassen,35,31185,4685,4598,69,4667,1
2021-01-08,Los Angeles,37,10098052,958321,871188,31387,902575,11796
2021-01-08,Madera,39,155013,12787,11846,605,12451,85
2021-01-08,Marin,41,260295,11074,10531,111,10642,153
2021-01-08,Mariposa,43,17540,316,273,2,275,3
2021-01-08,Mendocino,45,87422,2893,2634,39,2673,31
2021-01-08,Merced,47,269075,22490,20862,518,21380,236
2021-01-08,Modoc,49,8938,292,266,80,346,0
2021-01-08,Mono,51,14174,1026,951,9,960,3
2021-01-08,Monterey,53,433212,33608,31543,969,32512,224
2021-01-08,Napa,55,140530,7151,6544,25,6569,32
2021-01-08,Nevada,57,99092,3160,2888,115,3003,17
2021-01-08,Orange,59,3164182,201273,186608,8357,194965,1991
2021-01-08,Placer,61,380077,17068,15401,809,16210,161
2021-01-08,Plumas,63,18699,544,465,10,475,2
2021-01-08,Riverside,65,2383286,229388,212122,11407,223529,2184
2021-01-08,Sacramento,67,1510023,76572,73245,841,74086,939
2021-01-08,San Benito,69,59416,4573,4225,45,4270,33
2021-01-08,San Bernardino,71,2135413,242855,224267,6819,231086,1703
2021-01-08,San Diego,73,3302833,204754,185060,0,185060,1771
2021-01-08,San Francisco,75,870044,27719,26378,352,26730,207
2021-01-08,San Joaquin,77,732212,54396,50990,2176,53166,710
2021-01-08,San Luis Obispo,79,281455,14724,13286,347,13633,119
2021-01-08,San Mateo,81,765935,31179,28072,165,28237,204
2021-01-08,Santa Barbara,83,443738,23125,20461,690,21151,189
2021-01-08,Santa Clara,85,1922200,87143,80561,374,80935,789
2021-01-08,Santa Cruz,87,273765,12012,10486,528,11014,106
2021-01-08,Shasta,89,179085,9338,8772,912,9684,81
2021-01-08,Sierra,91,2930,36,31,8,39,0
2021-01-08,Siskiyou,93,43540,1176,1027,167,1194,3
2021-01-08,Solano,95,438530,23804,21832,259,22091,100
2021-01-08,Sonoma,97,501317,22656,21178,122,21300,201
2021-01-08,Stanislaus,99,539301,40541,37858,4068,41926,566
2021-01-08,Sutter,101,95872,7378,6982,56,7038,68
2021-01-08,Tehama,103,63373,3620,3406,383,3789,15
2021-01-08,Trinity,105,12862,322,247,36,283,2
2021-01-08,Tulare,107,460477,39597,36946,5137,42083,491
2021-01-08,Tuolumne,109,53932,3210,3099,25,3124,19
2021-01-08,Ventura,111,848112,55657,50553,2025,52578,294
2021-01-08,Yolo,113,214977,10290,9391,97,9488,129
2021-01-08,Yuba,115,75493,4487,4195,46,4241,26
2021-01-07,Alameda,1,1643700,62605,57921,1330,59251,632
2021-01-07,Alpine,3,1148,72,70,0,70,0
2021-01-07,Amador,5,37829,2937,2740,24,2764,24
2021-01-07,Butte,7,227075,9154,8278,1204,9482,112
2021-01-07,Calaveras,9,45235,1445,1342,6,1348,21
2021-01-07,Colusa,11,21464,1509,1420,138,1558,7
2021-01-07,Contra Costa,13,1133247,48564,44756,803,45559,376
2021-01-07,Del Norte,15,27424,816,791,0,791,2
2021-01-07,El Dorado,17,186661,7393,6545,453,6998,36
2021-01-07,Fresno,19,978130,79136,72557,5957,78514,765
2021-01-07,Glenn,21,27897,1835,1639,348,1987,9
2021-01-07,Humboldt,23,135768,2143,1954,7,1961,22
2021-01-07,Imperial,25,180216,24766,23608,2010,25618,431
2021-01-07,Inyo,27,18085,848,656,1,657,20
2021-01-07,Kern,29,883053,76458,70953,6787,77740,660
2021-01-07,Kings,31,150075,18282,17238,739,17977,108
2021-01-07,Lake,33,64148,2313,2054,0,2054,26
2021-01-07,Lassen,35,31185,4680,4581,67,4648,1
2021-01-07,Los Angeles,37,10098052,943462,853187,30824,884011,11480
2021-01-07,Madera,39,155013,12631,11644,593,12237,76
2021-01-07,Marin,41,260295,10983,10364,109,10473,153
2021-01-07,Mariposa,43,17540,314,264,2,266,3
2021-01-07,Mendocino,45,87422,2838,2585,35,2620,30
2021-01-07,Merced,47,269075,22169,20510,503,21013,234
2021-01-07,Modoc,49,8938,292,265,80,345,0
2021-01-07,Mono,51,14174,1015,905,9,914,3
2021-01-07,Monterey,53,433212,33079,30903,947,31850,222
2021-01-07,Napa,55,140530,7041,6408,25,6433,32
2021-01-07,Nevada,57,99092,3126,2847,110,2957,17
2021-01-07,Orange,59,3164182,198444,181922,8253,190175,1974
2021-01-07,Placer,61,380077,16885,15155,779,15934,144
2021-01-07,Plumas,63,18699,542,454,10,464,2
2021-01-07,Riverside,65,2383286,226057,208177,11217,219394,2156
2021-01-07,Sacramento,67,1510023,75667,72342,820,73162,919
2021-01-07,San Benito,69,59416,4511,4112,41,4153,33
2021-01-07,San Bernardino,71,2135413,239323,219691,6735,226426,1666
2021-01-07,San Diego,73,3302833,201450,180510,0,180510,1738
2021-01-07,San Francisco,75,870044,27385,25885,335,26220,202
2021-01-07,San Joaquin,77,732212,53711,50156,2144,52300,689
2021-01-07,San Luis Obispo,79,281455,14486,12810,333,13143,118
2021-01-07,San Mateo,81,765935,30668,27494,161,27655,201
2021-01-07,Santa Barbara,83,443738,22707,19931,676,20607,187
2021-01-07,Santa Clara,85,1922200,85924,78808,370,79178,775
2021-01-07,Santa Cruz,87,273765,11803,10228,521,10749,104
2021-01-07,Shasta,89,179085,9251,8612,904,9516,81
2021-01-07,Sierra,91,2930,36,31,8,39,0
2021-01-07,Siskiyou,93,43540,1171,1010,165,1175,3
2021-01-07,Solano,95,438530,23409,21384,255,21639,100
2021-01-07,Sonoma,97,501317,22395,20857,121,20978,200
2021-01-07,Stanislaus,99,539301,40116,37296,4016,41312,553
2021-01-07,Sutter,101,95872,7319,6890,55,6945,65
2021-01-07,Tehama,103,63373,3596,3330,376,3706,15
2021-01-07,Trinity,105,12862,322,247,36,283,2
2021-01-07,Tulare,107,460477,39194,36397,4993,41390,482
2021-01-07,Tuolumne,109,53932,3190,3068,24,3092,14
2021-01-07,Ventura,111,848112,54497,49083,1996,51079,288
2021-01-07,Yolo,113,214977,10153,9207,95,9302,128
2021-01-07,Yuba,115,75493,4445,4128,46,4174,25
2021-01-06,Alameda,1,1643700,61723,57081,1300,58381,616
2021-01-06,Alpine,3,1148,72,70,0,70,0
2021-01-06,Amador,5,37829,2916,2717,23,2740,24
2021-01-06,Butte,7,227075,9043,8147,1185,9332,110
2021-01-06,Calaveras,9,45235,1420,1321,6,1327,21
2021-01-06,Colusa,11,21464,1489,1385,132,1517,7
2021-01-06,Contra Costa,13,1133247,47762,44054,785,44839,358
2021-01-06,Del Norte,15,27424,810,780,0,780,2
2021-01-06,El Dorado,17,186661,7282,6397,440,6837,35
2021-01-06,Fresno,19,978130,78294,71404,5854,77258,752
2021-01-06,Glenn,21,27897,1811,1622,342,1964,9
2021-01-06,Humboldt,23,135768,2117,1912,7,1919,22
2021-01-06,Imperial,25,180216,24513,23400,1968,25368,431
2021-01-06,Inyo,27,18085,832,630,1,631,20
2021-01-06,Kern,29,883053,75519,69893,6649,76542,646
2021-01-06,Kings,31,150075,18088,17019,716,17735,108
2021-01-06,Lake,33,64148,2275,2033,0,2033,26
2021-01-06,Lassen,35,31185,4668,4560,63,4623,1
2021-01-06,Los Angeles,37,10098052,927573,835052,30096,865148,11285
2021-01-06,Madera,39,155013,12497,11407,587,11994,67
2021-01-06,Marin,41,260295,10856,10282,108,10390,153
2021-01-06,Mariposa,43,17540,311,259,2,261,3
2021-01-06,Mendocino,45,87422,2808,2561,35,2596,30
2021-01-06,Merced,47,269075,21826,20258,487,20745,232
2021-01-06,Modoc,49,8938,292,263,80,343,0
2021-01-06,Mono,51,14174,984,905,9,914,3
2021-01-06,Monterey,53,433212,32490,30387,910,31297,222
2021-01-06,Napa,55,140530,6911,6342,25,6367,32
2021-01-06,Nevada,57,99092,3106,2805,110,2915,15
2021-01-06,Orange,59,3164182,194991,177686,8109,185795,1935
2021-01-06,Placer,61,380077,16699,14940,760,15700,134
2021-01-06,Plumas,63,18699,534,445,10,455,2
2021-01-06,Riverside,65,2383286,222049,203714,10998,214712,2121
2021-01-06,Sacramento,67,1510023,74648,71572,803,72375,909
2021-01-06,San Benito,69,59416,4434,4031,40,4071,32
2021-01-06,San Bernardino,71,2135413,235618,215286,6620,221906,1634
2021-01-06,San Diego,73,3302833,197955,176660,0,176660,1691
2021-01-06,San Francisco,75,870044,27014,25424,325,25749,199
2021-01-06,San Joaquin,77,732212,52948,49286,2101,51387,673
2021-01-06,San Luis Obispo,79,281455,14089,12305,326,12631,115
2021-01-06,San Mateo,81,765935,30244,27050,158,27208,200
2021-01-06,Santa Barbara,83,443738,22227,19453,664,20117,177
2021-01-06,Santa Clara,85,1922200,84522,77485,363,77848,746
2021-01-06,Santa Cruz,87,273765,11585,9954,501,10455,97
2021-01-06,Shasta,89,179085,9180,8482,897,9379,78
2021-01-06,Sierra,91,2930,35,31,8,39,0
2021-01-06,Siskiyou,93,43540,1159,998,161,1159,3
2021-01-06,Solano,95,438530,23021,21102,252,21354,99
2021-01-06,Sonoma,97,501317,22090,20558,121,20679,196
2021-01-06,Stanislaus,99,539301,39521,36751,3953,40704,553
2021-01-06,Sutter,101,95872,7237,6839,54,6893,59
2021-01-06,Tehama,103,63373,3569,3306,370,3676,15
2021-01-06,Trinity,105,12862,322,246,36,282,2
2021-01-06,Tulare,107,460477,38632,35882,4882,40764,465
2021-01-06,Tuolumne,109,53932,3170,3008,24,3032,14
2021-01-06,Ventura,111,848112,53253,47428,1971,49399,280
2021-01-06,Yolo,113,214977,9992,9083,92,9175,127
2021-01-06,Yuba,115,75493,4398,4097,46,4143,25
2021-01-05,Alameda,1,1643700,60570,56432,1263,57695,602
2021-01-05,Alpine,3,1148,72,70,0,70,0
2021-01-05,Amador,5,37829,2876,2695,23,2718,24
2021-01-05,Butte,7,227075,8904,8008,1158,9166,107
2021-01-05,Calaveras,9,45235,1371,1292,6,1298,21
2021-01-05,Colusa,11,21464,1464,1376,126,1502,7
2021-01-05,Contra Costa,13,1133247,46880,43442,774,44216,353
2021-01-05,Del Norte,15,27424,803,770,0,770,2
2021-01-05,El Dorado,17,186661,7164,6270,419,6689,32
2021-01-05,Fresno,19,978130,77066,70971,5758,76729,741
2021-01-05,Glenn,21,27897,1786,1608,330,1938,9
2021-01-05,Humboldt,23,135768,2080,1884,7,1891,22
2021-01-05,Imperial,25,180216,24351,23165,1919,25084,421
2021-01-05,Inyo,27,18085,818,627,1,628,20
2021-01-05,Kern,29,883053,74448,68257,6503,74760,624
2021-01-05,Kings,31,150075,17890,16860,692,17552,108
2021-01-05,Lake,33,64148,2227,2015,0,2015,25
2021-01-05,Lassen,35,31185,4654,4554,59,4613,1
2021-01-05,Los Angeles,37,10098052,908910,823783,29405,853188,11028
2021-01-05,Madera,39,155013,12321,11359,574,11933,67
2021-01-05,Marin,41,260295,10706,10214,106,10320,151
2021-01-05,Mariposa,43,17540,305,257,2,259,3
2021-01-05,Mendocino,45,87422,2773,2501,35,2536,30
2021-01-05,Merced,47,269075,21476,20051,474,20525,230
2021-01-05,Modoc,49,8938,292,254,80,334,0
2021-01-05,Mono,51,14174,978,896,9,905,3
2021-01-05,Monterey,53,433212,31918,30045,872,30917,213
2021-01-05,Napa,55,140530,6824,6264,25,6289,29
2021-01-05,Nevada,57,99092,3078,2781,109,2890,15
2021-01-05,Orange,59,3164182,191343,174869,7910,182779,1918
2021-01-05,Placer,61,380077,16468,14723,736,15459,133
2021-01-05,Plumas,63,18699,527,428,10,438,2
2021-01-05,Riverside,65,2383286,217935,200439,10795,211234,2069
2021-01-05,Sacramento,67,1510023,73717,70677,775,71452,888
2021-01-05,San Benito,69,59416,4331,3961,38,3999,28
2021-01-05,San Bernardino,71,2135413,231692,212522,6503,219025,1615
2021-01-05,San Diego,73,3302833,193819,172845,0,172845,1654
2021-01-05,San Francisco,75,870044,26648,24989,306,25295,196
2021-01-05,San Joaquin,77,732212,52076,48969,2058,51027,663
2021-01-05,San Luis Obispo,79,281455,13690,12027,316,12343,106
2021-01-05,San Mateo,81,765935,29759,26486,156,26642,198
2021-01-05,Santa Barbara,83,443738,21795,19063,653,19716,172
2021-01-05,Santa Clara,85,1922200,82989,76355,349,76704,729
2021-01-05,Santa Cruz,87,273765,11313,9753,476,10229,93
2021-01-05,Shasta,89,179085,9074,8345,877,9222,73
2021-01-05,Sierra,91,2930,35,31,8,39,0
2021-01-05,Siskiyou,93,43540,1147,985,159,1144,3
2021-01-05,Solano,95,438530,22615,20860,247,21107,97
2021-01-05,Sonoma,97,501317,21726,20247,120,20367,194
2021-01-05,Stanislaus,99,539301,38978,36363,3905,40268,553
2021-01-05,Sutter,101,95872,7138,6769,53,6822,59
2021-01-05,Tehama,103,63373,3512,3255,365,3620,9
2021-01-05,Trinity,105,12862,322,246,36,282,2
2021-01-05,Tulare,107,460477,38017,35585,4740,40325,455
2021-01-05,Tuolumne,109,53932,3146,2996,19,3015,13
2021-01-05,Ventura,111,848112,52006,46456,1948,48404,264
2021-01-05,Yolo,113,214977,9818,8980,91,9071,127
2021-01-05,Yuba,115,75493,4340,4053,45,4098,21
2021-01-04,Alameda,1,1643700,59344,55899,1229,57128,583
2021-01-04,Alpine,3,1148,72,68,0,68,0
2021-01-04,Amador,5,37829,2836,2596,23,2619,24
2021-01-04,Butte,7,227075,8745,7893,1134,9027,105
2021-01-04,Calaveras,9,45235,1331,1276,5,1281,21
2021-01-04,Colusa,11,21464,1439,1368,112,1480,7
2021-01-04,Contra Costa,13,1133247,46028,43019,748,43767,353
2021-01-04,Del Norte,15,27424,794,770,0,770,2
2021-01-04,El Dorado,17,186661,7030,6152,403,6555,27
2021-01-04,Fresno,19,978130,75808,69871,5656,75527,726
2021-01-04,Glenn,21,27897,1755,1590,322,1912,9
2021-01-04,Humboldt,23,135768,2044,1845,7,1852,22
2021-01-04,Imperial,25,180216,24200,23035,1865,24900,420
2021-01-04,Inyo,27,18085,791,623,1,624,20
2021-01-04,Kern,29,883053,73373,67418,6297,73715,623
2021-01-04,Kings,31,150075,17619,16801,665,17466,108
2021-01-04,Lake,33,64148,2185,1984,0,1984,25
2021-01-04,Lassen,35,31185,4632,4550,58,4608,1
2021-01-04,Los Angeles,37,10098052,888897,813022,28488,841510,10790
2021-01-04,Madera,39,155013,12100,11204,552,11756,67
2021-01-04,Marin,41,260295,10571,10115,103,10218,151
2021-01-04,Mariposa,43,17540,299,253,2,255,3
2021-01-04,Mendocino,45,87422,2733,2460,31,2491,28
2021-01-04,Merced,47,269075,21062,19804,455,20259,230
2021-01-04,Modoc,49,8938,276,250,78,328,0
2021-01-04,Mono,51,14174,967,895,9,904,3
2021-01-04,Monterey,53,433212,31265,29659,849,30508,212
2021-01-04,Napa,55,140530,6683,6187,25,6212,29
2021-01-04,Nevada,57,99092,3041,2765,104,2869,15
2021-01-04,Orange,59,3164182,187457,172458,7777,180235,1918
2021-01-04,Placer,61,380077,16194,14622,722,15344,133
2021-01-04,Plumas,63,18699,517,419,10,429,1
2021-01-04,Riverside,65,2383286,213461,196809,10580,207389,2066
2021-01-04,Sacramento,67,1510023,72658,70164,765,70929,870
2021-01-04,San Benito,69,59416,4218,3914,38,3952,28
2021-01-04,San Bernardino,71,2135413,227485,210868,6338,217206,1615
2021-01-04,San Diego,73,3302833,189251,171031,0,171031,1598
2021-01-04,San Francisco,75,870044,26263,24753,299,25052,191
2021-01-04,San Joaquin,77,732212,51177,48644,2016,50660,661
2021-01-04,San Luis Obispo,79,281455,13204,11945,308,12253,96
2021-01-04,San Mateo,81,765935,29197,26150,151,26301,198
2021-01-04,Santa Barbara,83,443738,21279,18735,620,19355,165
2021-01-04,Santa Clara,85,1922200,81235,75297,342,75639,727
2021-01-04,Santa Cruz,87,273765,11026,9680,459,10139,85
2021-01-04,Shasta,89,179085,8969,8224,861,9085,72
2021-01-04,Sierra,91,2930,34,30,8,38,0
2021-01-04,Siskiyou,93,43540,1131,980,154,1134,3
2021-01-04,Solano,95,438530,22110,20588,240,20828,97
2021-01-04,Sonoma,97,501317,21384,20210,119,20329,194
2021-01-04,Stanislaus,99,539301,38417,36141,3846,39987,553
2021-01-04,Sutter,101,95872,7040,6712,52,6764,56
2021-01-04,Tehama,103,63373,3439,3190,359,3549,9
2021-01-04,Trinity,105,12862,319,245,36,281,2
2021-01-04,Tulare,107,460477,37460,35060,4632,39692,455
2021-01-04,Tuolumne,109,53932,3121,2987,19,3006,13
2021-01-04,Ventura,111,848112,50505,45014,1929,46943,255
2021-01-04,Yolo,113,214977,9622,8834,85,8919,121
2021-01-04,Yuba,115,75493,4281,4023,45,4068,21
2021-01-03,Alameda,1,1643700,58120,55082,1198,56280,580
2021-01-03,Alpine,3,1148,70,68,0,68,0
2021-01-03,Amador,5,37829,2772,2565,23,2588,24
2021-01-03,Butte,7,227075,8555,7837,1079,8916,105
2021-01-03,Calaveras,9,45235,1295,1249,3,1252,21
2021-01-03,Colusa,11,21464,1410,1337,106,1443,7
2021-01-03,Contra Costa,13,1133247,45135,42432,723,43155,352
2021-01-03,Del Norte,15,27424,782,768,0,768,2
2021-01-03,El Dorado,17,186661,6902,6034,386,6420,27
2021-01-03,Fresno,19,978130,74664,69326,5531,74857,719
2021-01-03,Glenn,21,27897,1730,1581,311,1892,9
2021-01-03,Humboldt,23,135768,2007,1833,7,1840,21
2021-01-03,Imperial,25,180216,23948,22951,1779,24730,419
2021-01-03,Inyo,27,18085,774,615,1,616,20
2021-01-03,Kern,29,883053,72121,66895,6113,73008,609
2021-01-03,Kings,31,150075,17352,16593,631,17224,108
2021-01-03,Lake,33,64148,2132,1976,0,1976,24
2021-01-03,Lassen,35,31185,4599,4531,57,4588,1
2021-01-03,Los Angeles,37,10098052,866998,792168,27381,819549,10633
2021-01-03,Madera,39,155013,11875,11152,528,11680,67
2021-01-03,Marin,41,260295,10421,10034,98,10132,150
2021-01-03,Mariposa,43,17540,292,248,2,250,3
2021-01-03,Mendocino,45,87422,2693,2445,30,2475,24
2021-01-03,Merced,47,269075,20592,19600,428,20028,230
2021-01-03,Modoc,49,8938,272,245,77,322,0
2021-01-03,Mono,51,14174,942,893,9,902,3
2021-01-03,Monterey,53,433212,30676,29357,812,30169,191
2021-01-03,Napa,55,140530,6582,6094,25,6119,29
2021-01-03,Nevada,57,99092,2982,2742,101,2843,15
2021-01-03,Orange,59,3164182,183292,169881,7582,177463,1919
2021-01-03,Placer,61,380077,15947,14319,697,15016,133
2021-01-03,Plumas,63,18699,504,416,10,426,1
2021-01-03,Riverside,65,2383286,208683,195048,10302,205350,2005
2021-01-03,Sacramento,67,1510023,71457,68558,744,69302,859
2021-01-03,San Benito,69,59416,4119,3882,37,3919,28
2021-01-03,San Bernardino,71,2135413,222201,208294,6158,214452,1592
2021-01-03,San Diego,73,3302833,183996,168018,0,168018,1592
2021-01-03,San Francisco,75,870044,25765,24588,281,24869,193
2021-01-03,San Joaquin,77,732212,50076,47899,1953,49852,661
2021-01-03,San Luis Obispo,79,281455,12735,11636,298,11934,95
2021-01-03,San Mateo,81,765935,28605,25770,145,25915,196
2021-01-03,Santa Barbara,83,443738,20562,18267,603,18870,164
2021-01-03,Santa Clara,85,1922200,79682,74534,336,74870,720
2021-01-03,Santa Cruz,87,273765,10725,9528,440,9968,84
2021-01-03,Shasta,89,179085,8843,8192,819,9011,72
2021-01-03,Sierra,91,2930,34,30,8,38,0
2021-01-03,Siskiyou,93,43540,1099,976,144,1120,3
2021-01-03,Solano,95,438530,21577,20105,235,20340,97
2021-01-03,Sonoma,97,501317,20996,19982,115,20097,193
2021-01-03,Stanislaus,99,539301,37730,35762,3762,39524,553
2021-01-03,Sutter,101,95872,6942,6664,51,6715,53
2021-01-03,Tehama,103,63373,3379,3176,350,3526,9
2021-01-03,Trinity,105,12862,316,243,35,278,2
2021-01-03,Tulare,107,460477,36907,34747,4485,39232,455
2021-01-03,Tuolumne,109,53932,3059,2978,16,2994,13
2021-01-03,Ventura,111,848112,48681,43748,1911,45659,254
2021-01-03,Yolo,113,214977,9461,8674,81,8755,121
2021-01-03,Yuba,115,75493,4227,3966,44,4010,20
2021-01-02,Alameda,1,1643700,57528,54518,1168,55686,581
2021-01-02,Alpine,3,1148,70,68,0,68,0
2021-01-02,Amador,5,37829,2753,2540,23,2563,24
2021-01-02,Butte,7,227075,8447,7750,1058,8808,105
2021-01-02,Calaveras,9,45235,1276,1230,3,1233,21
2021-01-02,Colusa,11,21464,1400,1332,105,1437,7
2021-01-02,Contra Costa,13,1133247,44611,41993,711,42704,352
2021-01-02,Del Norte,15,27424,780,764,0,764,2
2021-01-02,El Dorado,17,186661,6847,5959,382,6341,27
2021-01-02,Fresno,19,978130,74133,68740,5416,74156,717
2021-01-02,Glenn,21,27897,1715,1546,310,1856,9
2021-01-02,Humboldt,23,135768,1983,1815,7,1822,21
2021-01-02,Imperial,25,180216,23870,22867,1739,24606,420
2021-01-02,Inyo,27,18085,761,609,1,610,20
2021-01-02,Kern,29,883053,71407,66457,6003,72460,610
2021-01-02,Kings,31,150075,17260,16515,627,17142,108
2021-01-02,Lake,33,64148,2096,1925,0,1925,24
2021-01-02,Lassen,35,31185,4588,4457,56,4513,1
2021-01-02,Los Angeles,37,10098052,858729,791892,26642,818534,10633
2021-01-02,Madera,39,155013,11766,11039,516,11555,67
2021-01-02,Marin,41,260295,10376,9924,95,10019,151
2021-01-02,Mariposa,43,17540,285,243,2,245,3
2021-01-02,Mendocino,45,87422,2651,2428,29,2457,24
2021-01-02,Merced,47,269075,20451,19395,411,19806,230
2021-01-02,Modoc,49,8938,271,245,77,322,0
2021-01-02,Mono,51,14174,932,884,9,893,3
2021-01-02,Monterey,53,433212,30469,28991,801,29792,191
2021-01-02,Napa,55,140530,6523,5994,25,6019,29
2021-01-02,Nevada,57,99092,2955,2706,97,2803,15
2021-01-02,Orange,59,3164182,181116,168457,7426,175883,1918
2021-01-02,Placer,61,380077,15773,14182,687,14869,133
2021-01-02,Plumas,63,18699,501,413,10,423,1
2021-01-02,Riverside,65,2383286,206124,192069,10056,202125,2008
2021-01-02,Sacramento,67,1510023,70815,67810,729,68539,858
2021-01-02,San Benito,69,59416,4039,3829,37,3866,28
2021-01-02,San Bernardino,71,2135413,220589,206939,6024,212963,1597
2021-01-02,San Diego,73,3302833,181404,164498,0,164498,1592
2021-01-02,San Francisco,75,870044,25505,24414,274,24688,194
2021-01-02,San Joaquin,77,732212,49712,47310,1921,49231,662
2021-01-02,San Luis Obispo,79,281455,12601,11467,293,11760,95
2021-01-02,San Mateo,81,765935,28269,25483,137,25620,196
2021-01-02,Santa Barbara,83,443738,20278,18135,599,18734,164
2021-01-02,Santa Clara,85,1922200,78514,73662,329,73991,720
2021-01-02,Santa Cruz,87,273765,10574,9340,431,9771,85
2021-01-02,Shasta,89,179085,8777,8154,807,8961,72
2021-01-02,Sierra,91,2930,34,28,8,36,0
2021-01-02,Siskiyou,93,43540,1088,949,142,1091,3
2021-01-02,Solano,95,438530,21381,19805,225,20030,97
2021-01-02,Sonoma,97,501317,20838,19761,115,19876,194
2021-01-02,Stanislaus,99,539301,37417,35431,3693,39124,553
2021-01-02,Sutter,101,95872,6887,6621,51,6672,53
2021-01-02,Tehama,103,63373,3354,3146,346,3492,9
2021-01-02,Trinity,105,12862,313,243,35,278,2
2021-01-02,Tulare,107,460477,36590,34479,4415,38894,455
2021-01-02,Tuolumne,109,53932,3045,2942,14,2956,13
2021-01-02,Ventura,111,848112,47531,43397,1876,45273,254
2021-01-02,Yolo,113,214977,9367,8571,79,8650,122
2021-01-02,Yuba,115,75493,4189,3930,43,3973,21
2021-01-01,Alameda,1,1643700,56892,53518,1151,54669,579
2021-01-01,Alpine,3,1148,70,68,0,68,0
2021-01-01,Amador,5,37829,2727,2513,21,2534,24
2021-01-01,Butte,7,227075,8346,7589,1033,8622,105
2021-01-01,Calaveras,9,45235,1261,1186,3,1189,21
2021-01-01,Colusa,11,21464,1391,1314,103,1417,7
2021-01-01,Contra Costa,13,1133247,44137,41412,689,42101,351
2021-01-01,Del Norte,15,27424,774,758,0,758,2
2021-01-01,El Dorado,17,186661,6758,5832,371,6203,27
2021-01-01,Fresno,19,978130,73067,67484,5328,72812,717
2021-01-01,Glenn,21,27897,1699,1520,307,1827,9
2021-01-01,Humboldt,23,135768,1945,1783,7,1790,21
2021-01-01,Imperial,25,180216,23786,22715,1687,24402,418
2021-01-01,Inyo,27,18085,737,606,1,607,20
2021-01-01,Kern,29,883053,70584,65571,5891,71462,609
2021-01-01,Kings,31,150075,17077,16358,621,16979,108
2021-01-01,Lake,33,64148,2066,1888,0,1888,24
2021-01-01,Lassen,35,31185,4582,4377,56,4433,1
2021-01-01,Los Angeles,37,10098052,844607,775578,25912,801490,10515
2021-01-01,Madera,39,155013,11607,10752,507,11259,66
2021-01-01,Marin,41,260295,10269,9821,95,9916,148
2021-01-01,Mariposa,43,17540,277,236,2,238,3
2021-01-01,Mendocino,45,87422,2597,2400,29,2429,24
2021-01-01,Merced,47,269075,20267,19118,395,19513,229
2021-01-01,Modoc,49,8938,271,241,77,318,0
2021-01-01,Mono,51,14174,914,884,9,893,3
2021-01-01,Monterey,53,433212,30239,28465,793,29258,191
2021-01-01,Napa,55,140530,6437,5899,25,5924,28
2021-01-01,Nevada,57,99092,2931,2663,97,2760,15
2021-01-01,Orange,59,3164182,178331,165440,7276,172716,1893
2021-01-01,Placer,61,380077,15609,13987,669,14656,133
2021-01-01,Plumas,63,18699,496,412,10,422,1
2021-01-01,Riverside,65,2383286,202899,188674,9774,198448,1990
2021-01-01,Sacramento,67,1510023,70214,66956,711,67667,848
2021-01-01,San Benito,69,59416,4003,3773,37,3810,28
2021-01-01,San Bernardino,71,2135413,217771,203651,5885,209536,1590
2021-01-01,San Diego,73,3302833,178343,160071,0,160071,1592
2021-01-01,San Francisco,75,870044,25230,24145,262,24407,187
2021-01-01,San Joaquin,77,732212,49431,46640,1873,48513,657
2021-01-01,San Luis Obispo,79,281455,12379,11160,285,11445,94
2021-01-01,San Mateo,81,765935,27820,25041,133,25174,194
2021-01-01,Santa Barbara,83,443738,19959,17759,589,18348,164
2021-01-01,Santa Clara,85,1922200,77246,71904,324,72228,680
2021-01-01,Santa Cruz,87,273765,10397,9146,419,9565,84
2021-01-01,Shasta,89,179085,8695,8102,790,8892,72
2021-01-01,Sierra,91,2930,34,26,8,34,0
2021-01-01,Siskiyou,93,43540,1074,944,137,1081,3
2021-01-01,Solano,95,438530,21169,19393,223,19616,97
2021-01-01,Sonoma,97,501317,20649,19513,115,19628,189
2021-01-01,Stanislaus,99,539301,37141,34978,3625,38603,553
2021-01-01,Sutter,101,95872,6831,6553,50,6603,52
2021-01-01,Tehama,103,63373,3298,3079,337,3416,9
2021-01-01,Trinity,105,12862,313,243,35,278,2
2021-01-01,Tulare,107,460477,36186,33994,4313,38307,454
2021-01-01,Tuolumne,109,53932,3029,2909,14,2923,13
2021-01-01,Ventura,111,848112,46038,42026,1848,43874,253
2021-01-01,Yolo,113,214977,9255,8461,77,8538,120
2021-01-01,Yuba,115,75493,4130,3845,42,3887,19
2020-12-31,Alameda,1,1643700,56385,52475,1119,53594,579
2020-12-31,Alpine,3,1148,70,66,0,66,0
2020-12-31,Amador,5,37829,2713,2493,21,2514,24
2020-12-31,Butte,7,227075,8273,7405,1014,8419,105
2020-12-31,Calaveras,9,45235,1249,1161,3,1164,21
2020-12-31,Colusa,11,21464,1383,1301,100,1401,7
2020-12-31,Contra Costa,13,1133247,43765,40512,674,41186,336
2020-12-31,Del Norte,15,27424,773,748,0,748,2
2020-12-31,El Dorado,17,186661,6706,5662,362,6024,26
2020-12-31,Fresno,19,978130,72650,66442,5264,71706,711
2020-12-31,Glenn,21,27897,1679,1484,302,1786,9
2020-12-31,Humboldt,23,135768,1928,1713,7,1720,21
2020-12-31,Imperial,25,180216,23722,22494,1671,24165,417
2020-12-31,Inyo,27,18085,729,591,1,592,20
2020-12-31,Kern,29,883053,70119,64904,5796,70700,609
2020-12-31,Kings,31,150075,17002,16077,613,16690,108
2020-12-31,Lake,33,64148,2054,1848,0,1848,23
2020-12-31,Lassen,35,31185,4576,4340,55,4395,1
2020-12-31,Los Angeles,37,10098052,839333,755844,25418,781262,10320
2020-12-31,Madera,39,155013,11540,10609,496,11105,64
2020-12-31,Marin,41,260295,10228,9731,94,9825,148
2020-12-31,Mariposa,43,17540,275,217,2,219,3
2020-12-31,Mendocino,45,87422,2582,2367,25,2392,24
2020-12-31,Merced,47,269075,20180,18808,385,19193,226
2020-12-31,Modoc,49,8938,271,238,77,315,0
2020-12-31,Mono,51,14174,907,868,9,877,3
2020-12-31,Monterey,53,433212,30051,27720,781,28501,188
2020-12-31,Napa,55,140530,6374,5801,25,5826,28
2020-12-31,Nevada,57,99092,2908,2619,95,2714,15
2020-12-31,Orange,59,3164182,176456,161586,7140,168726,1866
2020-12-31,Placer,61,380077,15459,13708,666,14374,126
2020-12-31,Plumas,63,18699,491,401,9,410,1
2020-12-31,Riverside,65,2383286,201401,184193,9609,193802,1958
2020-12-31,Sacramento,67,1510023,69697,65817,699,66516,830
2020-12-31,San Benito,69,59416,3981,3673,37,3710,28
2020-12-31,San Bernardino,71,2135413,216215,199115,5812,204927,1586
2020-12-31,San Diego,73,3302833,176581,155593,0,155593,1534
2020-12-31,San Francisco,75,870044,25005,23740,254,23994,183
2020-12-31,San Joaquin,77,732212,49127,45764,1832,47596,646
2020-12-31,San Luis Obispo,79,281455,12269,10846,285,11131,89
2020-12-31,San Mateo,81,765935,27490,24570,127,24697,192
2020-12-31,Santa Barbara,83,443738,19717,17434,582,18016,161
2020-12-31,Santa Clara,85,1922200,76483,70032,319,70351,665
2020-12-31,Santa Cruz,87,273765,10279,8909,406,9315,84
2020-12-31,Shasta,89,179085,8630,7996,780,8776,69
2020-12-31,Sierra,91,2930,34,26,8,34,0
2020-12-31,Siskiyou,93,43540,1058,940,134,1074,3
2020-12-31,Solano,95,438530,20942,18942,222,19164,97
2020-12-31,Sonoma,97,501317,20533,19129,114,19243,188
2020-12-31,Stanislaus,99,539301,36847,34398,3569,37967,552
2020-12-31,Sutter,101,95872,6801,6432,49,6481,51
2020-12-31,Tehama,103,63373,3269,3036,336,3372,9
2020-12-31,Trinity,105,12862,312,241,35,276,2
2020-12-31,Tulare,107,460477,36026,33412,4259,37671,446
2020-12-31,Tuolumne,109,53932,3021,2902,14,2916,12
2020-12-31,Ventura,111,848112,45532,40854,1830,42684,251
2020-12-31,Yolo,113,214977,9171,8295,76,8371,117
2020-12-31,Yuba,115,75493,4091,3799,41,3840,18
2020-12-30,Alameda,1,1643700,55625,50158,1068,51226,573
2020-12-30,Alpine,3,1148,70,66,0,66,0
2020-12-30,Amador,5,37829,2693,2418,20,2438,24
2020-12-30,Butte,7,227075,8114,7140,997,8137,103
2020-12-30,Calaveras,9,45235,1224,1135,3,1138,21
2020-12-30,Colusa,11,21464,1367,1289,94,1383,7
2020-12-30,Contra Costa,13,1133247,43182,39601,662,40263,337
2020-12-30,Del Norte,15,27424,768,726,0,726,2
2020-12-30,El Dorado,17,186661,6607,5595,350,5945,27
2020-12-30,Fresno,19,978130,71809,65566,5100,70666,711
2020-12-30,Glenn,21,27897,1650,1471,289,1760,9
2020-12-30,Humboldt,23,135768,1894,1654,7,1661,22
2020-12-30,Imperial,25,180216,23556,22098,1592,23690,412
2020-12-30,Inyo,27,18085,722,572,1,573,20
2020-12-30,Kern,29,883053,69398,63292,5645,68937,604
2020-12-30,Kings,31,150075,16883,15862,605,16467,108
2020-12-30,Lake,33,64148,2031,1731,0,1731,23
2020-12-30,Lassen,35,31185,4567,4300,55,4355,1
2020-12-30,Los Angeles,37,10098052,828504,741907,24689,766596,10046
2020-12-30,Madera,39,155013,11431,10249,485,10734,65
2020-12-30,Marin,41,260295,10140,9569,87,9656,148
2020-12-30,Mariposa,43,17540,271,214,2,216,3
2020-12-30,Mendocino,45,87422,2564,2291,22,2313,24
2020-12-30,Merced,47,269075,19888,18519,375,18894,225
2020-12-30,Modoc,49,8938,268,234,77,311,0
2020-12-30,Mono,51,14174,904,868,9,877,3
2020-12-30,Monterey,53,433212,29444,26977,758,27735,186
2020-12-30,Napa,55,140530,6268,5754,25,5779,28
2020-12-30,Nevada,57,99092,2873,2595,93,2688,15
2020-12-30,Orange,59,3164182,173798,153951,6945,160896,1863
2020-12-30,Placer,61,380077,15207,13540,654,14194,127
2020-12-30,Plumas,63,18699,486,397,9,406,1
2020-12-30,Riverside,65,2383286,198461,176402,9418,185820,1919
2020-12-30,Sacramento,67,1510023,68826,64119,681,64800,847
2020-12-30,San Benito,69,59416,3900,3464,33,3497,29
2020-12-30,San Bernardino,71,2135413,213639,192648,5723,198371,1591
2020-12-30,San Diego,73,3302833,172949,152510,0,152510,1472
2020-12-30,San Francisco,75,870044,24714,23099,248,23347,182
2020-12-30,San Joaquin,77,732212,48440,44465,1789,46254,634
2020-12-30,San Luis Obispo,79,281455,12001,10542,277,10819,89
2020-12-30,San Mateo,81,765935,27058,24150,123,24273,190
2020-12-30,Santa Barbara,83,443738,19326,16895,558,17453,161
2020-12-30,Santa Clara,85,1922200,75217,67218,315,67533,661
2020-12-30,Santa Cruz,87,273765,10086,8787,396,9183,86
2020-12-30,Shasta,89,179085,8518,7818,766,8584,69
2020-12-30,Sierra,91,2930,34,25,8,33,0
2020-12-30,Siskiyou,93,43540,1051,913,124,1037,3
2020-12-30,Solano,95,438530,20546,18300,219,18519,96
2020-12-30,Sonoma,97,501317,20274,18947,114,19061,191
2020-12-30,Stanislaus,99,539301,36367,33730,3494,37224,526
2020-12-30,Sutter,101,95872,6740,6328,48,6376,51
2020-12-30,Tehama,103,63373,3225,2969,332,3301,9
2020-12-30,Trinity,105,12862,311,231,35,266,2
2020-12-30,Tulare,107,460477,35476,32413,4194,36607,430
2020-12-30,Tuolumne,109,53932,3008,2772,12,2784,12
2020-12-30,Ventura,111,848112,44244,39039,1805,40844,251
2020-12-30,Yolo,113,214977,9065,8067,73,8140,117
2020-12-30,Yuba,115,75493,4023,3612,41,3653,18
2020-12-29,Alameda,1,1643700,54567,50946,1031,51977,552
2020-12-29,Alpine,3,1148,70,65,0,65,0
2020-12-29,Amador,5,37829,2641,2388,19,2407,23
2020-12-29,Butte,7,227075,7943,7178,973,8151,98
2020-12-29,Calaveras,9,45235,1178,1111,2,1113,21
2020-12-29,Colusa,11,21464,1346,1272,89,1361,7
2020-12-29,Contra Costa,13,1133247,42378,39225,631,39856,325
2020-12-29,Del Norte,15,27424,761,724,0,724,2
2020-12-29,El Dorado,17,186661,6479,5551,335,5886,22
2020-12-29,Fresno,19,978130,70440,65149,4938,70087,688
2020-12-29,Glenn,21,27897,1616,1454,282,1736,9
2020-12-29,Humboldt,23,135768,1846,1616,7,1623,19
2020-12-29,Imperial,25,180216,23348,22105,1500,23605,407
2020-12-29,Inyo,27,18085,705,571,1,572,19
2020-12-29,Kern,29,883053,68239,63096,5467,68563,589
2020-12-29,Kings,31,150075,16714,15777,593,16370,108
2020-12-29,Lake,33,64148,1999,1805,0,1805,22
2020-12-29,Lassen,35,31185,4552,4288,55,4343,1
2020-12-29,Los Angeles,37,10098052,808380,731907,23784,755691,9786
2020-12-29,Madera,39,155013,11117,10251,469,10720,64
2020-12-29,Marin,41,260295,9989,9595,84,9679,146
2020-12-29,Mariposa,43,17540,263,212,2,214,3
2020-12-29,Mendocino,45,87422,2521,2249,21,2270,24
2020-12-29,Merced,47,269075,19538,18464,360,18824,221
2020-12-29,Modoc,49,8938,265,232,77,309,0
2020-12-29,Mono,51,14174,895,868,9,877,3
2020-12-29,Monterey,53,433212,28809,26894,730,27624,185
2020-12-29,Napa,55,140530,6148,5663,25,5688,28
2020-12-29,Nevada,57,99092,2825,2550,92,2642,15
2020-12-29,Orange,59,3164182,170006,154411,6771,161182,1839
2020-12-29,Placer,61,380077,14970,13392,631,14023,126
2020-12-29,Plumas,63,18699,477,395,9,404,1
2020-12-29,Riverside,65,2383286,193864,177624,9152,186776,1904
2020-12-29,Sacramento,67,1510023,67789,65078,666,65744,820
2020-12-29,San Benito,69,59416,3781,3474,32,3506,25
2020-12-29,San Bernardino,71,2135413,208819,190476,5582,196058,1557
2020-12-29,San Diego,73,3302833,168728,150062,0,150062,1435
2020-12-29,San Francisco,75,870044,24377,22996,239,23235,178
2020-12-29,San Joaquin,77,732212,47525,44699,1733,46432,622
2020-12-29,San Luis Obispo,79,281455,11707,10387,269,10656,80
2020-12-29,San Mateo,81,765935,26516,23773,112,23885,189
2020-12-29,Santa Barbara,83,443738,18864,16797,532,17329,155
2020-12-29,Santa Clara,85,1922200,73673,67581,312,67893,621
2020-12-29,Santa Cruz,87,273765,9816,8492,387,8879,84
2020-12-29,Shasta,89,179085,8413,7782,751,8533,65
2020-12-29,Sierra,91,2930,32,24,7,31,0
2020-12-29,Siskiyou,93,43540,1036,926,122,1048,3
2020-12-29,Solano,95,438530,20165,18412,214,18626,96
2020-12-29,Sonoma,97,501317,19937,18790,112,18902,187
2020-12-29,Stanislaus,99,539301,35869,33775,3430,37205,508
2020-12-29,Sutter,101,95872,6672,6302,48,6350,50
2020-12-29,Tehama,103,63373,3158,2962,317,3279,9
2020-12-29,Trinity,105,12862,311,241,35,276,2
2020-12-29,Tulare,107,460477,34817,32545,4062,36607,419
2020-12-29,Tuolumne,109,53932,2966,2797,12,2809,12
2020-12-29,Ventura,111,848112,42991,38669,1777,40446,235
2020-12-29,Yolo,113,214977,8936,8124,71,8195,111
2020-12-29,Yuba,115,75493,3943,3723,41,3764,18
2020-12-28,Alameda,1,1643700,53533,50405,1008,51413,551
2020-12-28,Alpine,3,1148,69,65,0,65,0
2020-12-28,Amador,5,37829,2571,2255,19,2274,23
2020-12-28,Butte,7,227075,7777,7053,943,7996,86
2020-12-28,Calaveras,9,45235,1156,1102,2,1104,21
2020-12-28,Colusa,11,21464,1322,1255,74,1329,7
2020-12-28,Contra Costa,13,1133247,41447,38872,604,39476,324
2020-12-28,Del Norte,15,27424,751,718,0,718,2
2020-12-28,El Dorado,17,186661,6322,5441,323,5764,18
2020-12-28,Fresno,19,978130,69174,64274,4781,69055,679
2020-12-28,Glenn,21,27897,1582,1435,270,1705,9
2020-12-28,Humboldt,23,135768,1811,1579,7,1586,19
2020-12-28,Imperial,25,180216,23086,22003,1423,23426,405
2020-12-28,Inyo,27,18085,698,569,1,570,19
2020-12-28,Kern,29,883053,67178,62392,5258,67650,579
2020-12-28,Kings,31,150075,16498,15733,575,16308,108
2020-12-28,Lake,33,64148,1957,1785,0,1785,22
2020-12-28,Lassen,35,31185,4445,4284,54,4338,1
2020-12-28,Los Angeles,37,10098052,786115,720699,22931,743630,9544
2020-12-28,Madera,39,155013,10943,10123,446,10569,64
2020-12-28,Marin,41,260295,9880,9546,77,9623,145
2020-12-28,Mariposa,43,17540,239,211,2,213,3
2020-12-28,Mendocino,45,87422,2486,2214,21,2235,23
2020-12-28,Merced,47,269075,19217,18245,342,18587,213
2020-12-28,Modoc,49,8938,260,220,76,296,0
2020-12-28,Mono,51,14174,891,848,9,857,3
2020-12-28,Monterey,53,433212,27976,26529,717,27246,182
2020-12-28,Napa,55,140530,6039,5576,25,5601,26
2020-12-28,Nevada,57,99092,2778,2532,87,2619,15
2020-12-28,Orange,59,3164182,165896,152089,6590,158679,1839
2020-12-28,Placer,61,380077,14629,13234,603,13837,126
2020-12-28,Plumas,63,18699,473,391,9,400,0
2020-12-28,Riverside,65,2383286,189033,174029,8843,182872,1855
2020-12-28,Sacramento,67,1510023,66561,64322,641,64963,813
2020-12-28,San Benito,69,59416,3710,3429,31,3460,24
2020-12-28,San Bernardino,71,2135413,203731,188919,5459,194378,1552
2020-12-28,San Diego,73,3302833,163990,147528,0,147528,1404
2020-12-28,San Francisco,75,870044,24016,22726,233,22959,178
2020-12-28,San Joaquin,77,732212,46590,44172,1702,45874,618
2020-12-28,San Luis Obispo,79,281455,11357,10260,264,10524,76
2020-12-28,San Mateo,81,765935,26043,23467,109,23576,189
2020-12-28,Santa Barbara,83,443738,18406,16579,518,17097,155
2020-12-28,Santa Clara,85,1922200,72184,66418,305,66723,619
2020-12-28,Santa Cruz,87,273765,9549,8310,377,8687,81
2020-12-28,Shasta,89,179085,8294,7688,738,8426,65
2020-12-28,Sierra,91,2930,29,24,7,31,0
2020-12-28,Siskiyou,93,43540,1021,915,116,1031,3
2020-12-28,Solano,95,438530,19591,18171,208,18379,96
2020-12-28,Sonoma,97,501317,19592,18667,110,18777,185
2020-12-28,Stanislaus,99,539301,35324,33473,3364,36837,507
2020-12-28,Sutter,101,95872,6589,6253,48,6301,49
2020-12-28,Tehama,103,63373,3105,2934,308,3242,9
2020-12-28,Trinity,105,12862,309,240,35,275,2
2020-12-28,Tulare,107,460477,34135,32010,3950,35960,404
2020-12-28,Tuolumne,109,53932,2950,2777,12,2789,12
2020-12-28,Ventura,111,848112,41324,37151,1727,38878,230
2020-12-28,Yolo,113,214977,8781,8031,70,8101,111
2020-12-28,Yuba,115,75493,3881,3679,40,3719,18
2020-12-27,Alameda,1,1643700,52295,49764,979,50743,551
2020-12-27,Alpine,3,1148,67,65,0,65,0
2020-12-27,Amador,5,37829,2450,2218,19,2237,23
2020-12-27,Butte,7,227075,7623,7016,906,7922,86
2020-12-27,Calaveras,9,45235,1111,1097,2,1099,21
2020-12-27,Colusa,11,21464,1297,1253,71,1324,7
2020-12-27,Contra Costa,13,1133247,40528,38428,574,39002,324
2020-12-27,Del Norte,15,27424,728,712,0,712,2
2020-12-27,El Dorado,17,186661,6109,5388,297,5685,18
2020-12-27,Fresno,19,978130,67932,63811,4566,68377,679
2020-12-27,Glenn,21,27897,1556,1434,255,1689,9
2020-12-27,Humboldt,23,135768,1768,1575,7,1582,17
2020-12-27,Imperial,25,180216,22800,21934,1304,23238,405
2020-12-27,Inyo,27,18085,676,565,1,566,18
2020-12-27,Kern,29,883053,65907,61914,5085,66999,568
2020-12-27,Kings,31,150075,16262,15593,540,16133,108
2020-12-27,Lake,33,64148,1903,1769,0,1769,22
2020-12-27,Lassen,35,31185,4368,4230,47,4277,1
2020-12-27,Los Angeles,37,10098052,764717,707260,21985,729245,9476
2020-12-27,Madera,39,155013,10685,10005,436,10441,64
2020-12-27,Marin,41,260295,9757,9477,71,9548,144
2020-12-27,Mariposa,43,17540,232,208,2,210,3
2020-12-27,Mendocino,45,87422,2438,2209,21,2230,23
2020-12-27,Merced,47,269075,18849,18075,326,18401,213
2020-12-27,Modoc,49,8938,251,221,72,293,0
2020-12-27,Mono,51,14174,872,849,9,858,3
2020-12-27,Monterey,53,433212,27435,26322,700,27022,181
2020-12-27,Napa,55,140530,5904,5496,25,5521,26
2020-12-27,Nevada,57,99092,2742,2519,87,2606,15
2020-12-27,Orange,59,3164182,161508,149276,6395,155671,1839
2020-12-27,Placer,61,380077,14341,13017,570,13587,126
2020-12-27,Plumas,63,18699,467,390,9,399,0
2020-12-27,Riverside,65,2383286,184222,171995,8526,180521,1836
2020-12-27,Sacramento,67,1510023,65359,63416,615,64031,811
2020-12-27,San Benito,69,59416,3624,3394,31,3425,24
2020-12-27,San Bernardino,71,2135413,198676,186776,5311,192087,1551
2020-12-27,San Diego,73,3302833,159585,145777,0,145777,1402
2020-12-27,San Francisco,75,870044,23667,22514,224,22738,178
2020-12-27,San Joaquin,77,732212,45553,43529,1649,45178,618
2020-12-27,San Luis Obispo,79,281455,10950,10154,259,10413,76
2020-12-27,San Mateo,81,765935,25477,23136,105,23241,187
2020-12-27,Santa Barbara,83,443738,17888,16364,489,16853,155
2020-12-27,Santa Clara,85,1922200,70564,65288,299,65587,619
2020-12-27,Santa Cruz,87,273765,9281,8234,368,8602,81
2020-12-27,Shasta,89,179085,8170,7671,714,8385,65
2020-12-27,Sierra,91,2930,29,24,6,30,0
2020-12-27,Siskiyou,93,43540,1010,914,111,1025,3
2020-12-27,Solano,95,438530,19098,17840,202,18042,96
2020-12-27,Sonoma,97,501317,19303,18487,109,18596,185
2020-12-27,Stanislaus,99,539301,34724,33076,3268,36344,506
2020-12-27,Sutter,101,95872,6507,6218,46,6264,48
2020-12-27,Tehama,103,63373,3034,2922,290,3212,9
2020-12-27,Trinity,105,12862,305,240,33,273,2
2020-12-27,Tulare,107,460477,33540,31864,3828,35692,400
2020-12-27,Tuolumne,109,53932,2843,2750,10,2760,12
2020-12-27,Ventura,111,848112,40264,36661,1672,38333,230
2020-12-27,Yolo,113,214977,8591,7919,64,7983,111
2020-12-27,Yuba,115,75493,3819,3665,38,3703,18
2020-12-26,Alameda,1,1643700,51688,49084,966,50050,551
2020-12-26,Alpine,3,1148,67,65,0,65,0
2020-12-26,Amador,5,37829,2436,2189,19,2208,23
2020-12-26,Butte,7,227075,7529,6968,884,7852,86
2020-12-26,Calaveras,9,45235,1105,1084,2,1086,21
2020-12-26,Colusa,11,21464,1287,1240,71,1311,7
2020-12-26,Contra Costa,13,1133247,40066,38008,560,38568,324
2020-12-26,Del Norte,15,27424,722,709,0,709,2
2020-12-26,El Dorado,17,186661,6054,5279,293,5572,18
2020-12-26,Fresno,19,978130,67465,63080,4501,67581,679
2020-12-26,Glenn,21,27897,1535,1413,249,1662,9
2020-12-26,Humboldt,23,135768,1730,1545,7,1552,17
2020-12-26,Imperial,25,180216,22711,21734,1251,22985,405
2020-12-26,Inyo,27,18085,663,554,1,555,18
2020-12-26,Kern,29,883053,65244,61174,4925,66099,564
2020-12-26,Kings,31,150075,16144,15517,535,16052,108
2020-12-26,Lake,33,64148,1860,1710,0,1710,22
2020-12-26,Lassen,35,31185,4347,3981,47,4028,1
2020-12-26,Los Angeles,37,10098052,756215,694149,21445,715594,9424
2020-12-26,Madera,39,155013,10611,9908,422,10330,64
2020-12-26,Marin,41,260295,9722,9413,70,9483,143
2020-12-26,Mariposa,43,17540,231,206,2,208,3
2020-12-26,Mendocino,45,87422,2392,2194,21,2215,23
2020-12-26,Merced,47,269075,18692,17890,321,18211,213
2020-12-26,Modoc,49,8938,248,222,72,294,0
2020-12-26,Mono,51,14174,866,850,9,859,3
2020-12-26,Monterey,53,433212,27302,26010,691,26701,182
2020-12-26,Napa,55,140530,5846,5427,25,5452,26
2020-12-26,Nevada,57,99092,2714,2480,87,2567,15
2020-12-26,Orange,59,3164182,159319,147304,6297,153601,1838
2020-12-26,Placer,61,380077,14175,12816,554,13370,122
2020-12-26,Plumas,63,18699,464,381,9,390,0
2020-12-26,Riverside,65,2383286,181794,169360,8361,177721,1834
2020-12-26,Sacramento,67,1510023,64737,62435,605,63040,807
2020-12-26,San Benito,69,59416,3551,3330,31,3361,24
2020-12-26,San Bernardino,71,2135413,197035,185111,5223,190334,1551
2020-12-26,San Diego,73,3302833,157063,142644,0,142644,1402
2020-12-26,San Francisco,75,870044,23434,22319,223,22542,177
2020-12-26,San Joaquin,77,732212,45167,42887,1600,44487,618
2020-12-26,San Luis Obispo,79,281455,10864,9945,253,10198,76
2020-12-26,San Mateo,81,765935,25139,22908,99,23007,187
2020-12-26,Santa Barbara,83,443738,17651,16159,483,16642,155
2020-12-26,Santa Clara,85,1922200,69502,64185,296,64481,618
2020-12-26,Santa Cruz,87,273765,9157,8113,358,8471,81
2020-12-26,Shasta,89,179085,8111,7641,701,8342,65
2020-12-26,Sierra,91,2930,29,24,6,30,0
2020-12-26,Siskiyou,93,43540,1004,909,106,1015,2
2020-12-26,Solano,95,438530,18858,17528,202,17730,96
2020-12-26,Sonoma,97,501317,19103,18261,107,18368,184
2020-12-26,Stanislaus,99,539301,34434,32678,3217,35895,505
2020-12-26,Sutter,101,95872,6448,6121,46,6167,48
2020-12-26,Tehama,103,63373,3007,2884,285,3169,9
2020-12-26,Trinity,105,12862,305,237,32,269,2
2020-12-26,Tulare,107,460477,33242,31665,3774,35439,398
2020-12-26,Tuolumne,109,53932,2832,2703,10,2713,12
2020-12-26,Ventura,111,848112,39302,36064,1637,37701,230
2020-12-26,Yolo,113,214977,8489,7785,61,7846,111
2020-12-26,Yuba,115,75493,3792,3599,38,3637,18
2020-12-25,Alameda,1,1643700,51129,48365,951,49316,542
2020-12-25,Alpine,3,1148,67,64,0,64,0
2020-12-25,Amador,5,37829,2393,2172,19,2191,23
2020-12-25,Butte,7,227075,7432,6873,863,7736,85
2020-12-25,Calaveras,9,45235,1102,1062,2,1064,21
2020-12-25,Colusa,11,21464,1275,1219,70,1289,7
2020-12-25,Contra Costa,13,1133247,39594,37480,534,38014,324
2020-12-25,Del Norte,15,27424,719,692,0,692,2
2020-12-25,El Dorado,17,186661,5990,5170,278,5448,16
2020-12-25,Fresno,19,978130,66607,62251,4413,66664,679
2020-12-25,Glenn,21,27897,1520,1390,241,1631,9
2020-12-25,Humboldt,23,135768,1692,1532,7,1539,16
2020-12-25,Imperial,25,180216,22621,21646,1239,22885,405
2020-12-25,Inyo,27,18085,654,546,1,547,18
2020-12-25,Kern,29,883053,64521,60417,4773,65190,562
2020-12-25,Kings,31,150075,16034,15460,530,15990,108
2020-12-25,Lake,33,64148,1840,1669,0,1669,20
2020-12-25,Lassen,35,31185,4332,3926,47,3973,1
2020-12-25,Los Angeles,37,10098052,742605,665600,20735,686335,9292
2020-12-25,Madera,39,155013,10441,9770,414,10184,64
2020-12-25,Marin,41,260295,9674,9375,67,9442,143
2020-12-25,Mariposa,43,17540,225,203,2,205,3
2020-12-25,Mendocino,45,87422,2350,2176,21,2197,23
2020-12-25,Merced,47,269075,18532,17726,314,18040,213
2020-12-25,Modoc,49,8938,247,221,72,293,0
2020-12-25,Mono,51,14174,864,843,9,852,3
2020-12-25,Monterey,53,433212,27031,25788,682,26470,182
2020-12-25,Napa,55,140530,5766,5351,25,5376,26
2020-12-25,Nevada,57,99092,2688,2458,85,2543,15
2020-12-25,Orange,59,3164182,156643,144542,6094,150636,1814
2020-12-25,Placer,61,380077,13994,12660,531,13191,122
2020-12-25,Plumas,63,18699,457,381,9,390,0
2020-12-25,Riverside,65,2383286,178550,166690,8032,174722,1825
2020-12-25,Sacramento,67,1510023,64043,61630,578,62208,796
2020-12-25,San Benito,69,59416,3513,3281,29,3310,24
2020-12-25,San Bernardino,71,2135413,194396,181812,5102,186914,1546
2020-12-25,San Diego,73,3302833,154583,139958,0,139958,1402
2020-12-25,San Francisco,75,870044,23158,22130,218,22348,175
2020-12-25,San Joaquin,77,732212,44863,42089,1541,43630,614
2020-12-25,San Luis Obispo,79,281455,10681,9749,246,9995,76
2020-12-25,San Mateo,81,765935,24816,22568,96,22664,187
2020-12-25,Santa Barbara,83,443738,17427,15936,474,16410,155
2020-12-25,Santa Clara,85,1922200,68386,63173,287,63460,612
2020-12-25,Santa Cruz,87,273765,9016,8018,334,8352,81
2020-12-25,Shasta,89,179085,8038,7612,678,8290,65
2020-12-25,Sierra,91,2930,29,24,5,29,0
2020-12-25,Siskiyou,93,43540,998,905,103,1008,2
2020-12-25,Solano,95,438530,18688,17280,200,17480,96
2020-12-25,Sonoma,97,501317,18926,18035,105,18140,184
2020-12-25,Stanislaus,99,539301,34144,32290,3168,35458,498
2020-12-25,Sutter,101,95872,6389,6051,45,6096,47
2020-12-25,Tehama,103,63373,2962,2839,271,3110,9
2020-12-25,Trinity,105,12862,302,236,32,268,2
2020-12-25,Tulare,107,460477,32859,31323,3706,35029,398
2020-12-25,Tuolumne,109,53932,2813,2674,10,2684,12
2020-12-25,Ventura,111,848112,38148,35514,1586,37100,230
2020-12-25,Yolo,113,214977,8392,7700,59,7759,111
2020-12-25,Yuba,115,75493,3757,3549,37,3586,17
2020-12-24,Alameda,1,1643700,50802,47527,930,48457,541
2020-12-24,Alpine,3,1148,67,64,0,64,0
2020-12-24,Amador,5,37829,2381,2145,19,2164,23
2020-12-24,Butte,7,227075,7394,6716,848,7564,84
2020-12-24,Calaveras,9,45235,1098,1032,2,1034,21
2020-12-24,Colusa,11,21464,1270,1188,69,1257,7
2020-12-24,Contra Costa,13,1133247,39349,36623,522,37145,311
2020-12-24,Del Norte,15,27424,719,678,0,678,2
2020-12-24,El Dorado,17,186661,5964,5042,270,5312,16
2020-12-24,Fresno,19,978130,66384,61435,4399,65834,663
2020-12-24,Glenn,21,27897,1509,1363,233,1596,9
2020-12-24,Humboldt,23,135768,1669,1516,7,1523,16
2020-12-24,Imperial,25,180216,22572,21545,1230,22775,402
2020-12-24,Inyo,27,18085,652,532,1,533,17
2020-12-24,Kern,29,883053,64234,59601,4760,64361,556
2020-12-24,Kings,31,150075,15994,15211,529,15740,108
2020-12-24,Lake,33,64148,1825,1629,0,1629,20
2020-12-24,Lassen,35,31185,4319,3894,47,3941,1
2020-12-24,Los Angeles,37,10098052,738460,664840,20465,685305,9288
2020-12-24,Madera,39,155013,10403,9547,407,9954,63
2020-12-24,Marin,41,260295,9641,9287,67,9354,143
2020-12-24,Mariposa,43,17540,221,197,2,199,3
2020-12-24,Mendocino,45,87422,2340,2150,21,2171,23
2020-12-24,Merced,47,269075,18461,17485,310,17795,212
2020-12-24,Modoc,49,8938,247,220,71,291,0
2020-12-24,Mono,51,14174,862,817,9,826,3
2020-12-24,Monterey,53,433212,26927,25131,675,25806,180
2020-12-24,Napa,55,140530,5712,5265,25,5290,26
2020-12-24,Nevada,57,99092,2664,2429,85,2514,15
2020-12-24,Orange,59,3164182,155167,141205,6043,147248,1775
2020-12-24,Placer,61,380077,13916,12457,524,12981,121
2020-12-24,Plumas,63,18699,454,376,9,385,0
2020-12-24,Riverside,65,2383286,177646,162435,7993,170428,1816
2020-12-24,Sacramento,67,1510023,63768,60596,576,61172,788
2020-12-24,San Benito,69,59416,3483,3183,29,3212,24
2020-12-24,San Bernardino,71,2135413,193389,176866,5067,181933,1533
2020-12-24,San Diego,73,3302833,153501,136952,0,136952,1382
2020-12-24,San Francisco,75,870044,22993,21830,215,22045,175
2020-12-24,San Joaquin,77,732212,44703,41324,1522,42846,611
2020-12-24,San Luis Obispo,79,281455,10612,9504,244,9748,77
2020-12-24,San Mateo,81,765935,24618,22093,96,22189,186
2020-12-24,Santa Barbara,83,443738,17323,15644,466,16110,153
2020-12-24,Santa Clara,85,1922200,67784,61742,280,62022,591
2020-12-24,Santa Cruz,87,273765,8945,7856,322,8178,82
2020-12-24,Shasta,89,179085,7998,7540,660,8200,65
2020-12-24,Sierra,91,2930,27,23,2,25,0
2020-12-24,Siskiyou,93,43540,994,900,96,996,2
2020-12-24,Solano,95,438530,18547,16872,195,17067,96
2020-12-24,Sonoma,97,501317,18828,17710,105,17815,183
2020-12-24,Stanislaus,99,539301,33950,31848,3143,34991,498
2020-12-24,Sutter,101,95872,6348,5960,44,6004,47
2020-12-24,Tehama,103,63373,2946,2779,271,3050,9
2020-12-24,Trinity,105,12862,301,235,32,267,2
2020-12-24,Tulare,107,460477,32745,30827,3679,34506,390
2020-12-24,Tuolumne,109,53932,2805,2653,10,2663,12
2020-12-24,Ventura,111,848112,37870,34400,1579,35979,224
2020-12-24,Yolo,113,214977,8351,7566,59,7625,113
2020-12-24,Yuba,115,75493,3732,3483,37,3520,16
2020-12-23,Alameda,1,1643700,50237,46753,902,47655,537
2020-12-23,Alpine,3,1148,67,64,0,64,0
2020-12-23,Amador,5,37829,2313,2108,18,2126,23
2020-12-23,Butte,7,227075,7308,6588,820,7408,84
2020-12-23,Calaveras,9,45235,1091,1002,1,1003,21
2020-12-23,Colusa,11,21464,1259,1167,69,1236,7
2020-12-23,Contra Costa,13,1133247,38951,36190,508,36698,311
2020-12-23,Del Norte,15,27424,712,670,0,670,2
2020-12-23,El Dorado,17,186661,5890,4967,261,5228,14
2020-12-23,Fresno,19,978130,65778,60488,4331,64819,654
2020-12-23,Glenn,21,27897,1495,1349,229,1578,9
2020-12-23,Humboldt,23,135768,1644,1458,7,1465,16
2020-12-23,Imperial,25,180216,22478,21323,1200,22523,399
2020-12-23,Inyo,27,18085,640,517,1,518,17
2020-12-23,Kern,29,883053,63722,58656,4661,63317,549
2020-12-23,Kings,31,150075,15916,14923,526,15449,105
2020-12-23,Lake,33,64148,1811,1595,0,1595,20
2020-12-23,Lassen,35,31185,4309,3865,44,3909,1
2020-12-23,Los Angeles,37,10098052,729472,651958,19893,671851,9146
2020-12-23,Madera,39,155013,10246,9371,392,9763,63
2020-12-23,Marin,41,260295,9583,9199,64,9263,142
2020-12-23,Mariposa,43,17540,219,194,2,196,3
2020-12-23,Mendocino,45,87422,2328,2121,21,2142,23
2020-12-23,Merced,47,269075,18305,17250,303,17553,203
2020-12-23,Modoc,49,8938,243,197,70,267,0
2020-12-23,Mono,51,14174,860,814,9,823,3
2020-12-23,Monterey,53,433212,26629,24856,669,25525,176
2020-12-23,Napa,55,140530,5644,5172,25,5197,25
2020-12-23,Nevada,57,99092,2619,2406,84,2490,15
2020-12-23,Orange,59,3164182,152721,138050,5871,143921,1771
2020-12-23,Placer,61,380077,13710,12213,516,12729,111
2020-12-23,Plumas,63,18699,447,369,9,378,0
2020-12-23,Riverside,65,2383286,175422,158110,7825,165935,1790
2020-12-23,Sacramento,67,1510023,63123,59661,561,60222,779
2020-12-23,San Benito,69,59416,3428,3073,27,3100,24
2020-12-23,San Bernardino,71,2135413,191360,172888,4998,177886,1509
2020-12-23,San Diego,73,3302833,151079,134695,0,134695,1350
2020-12-23,San Francisco,75,870044,22770,21498,212,21710,174
2020-12-23,San Joaquin,77,732212,44179,35664,1480,37144,602
2020-12-23,San Luis Obispo,79,281455,10471,9267,238,9505,74
2020-12-23,San Mateo,81,765935,24315,21780,94,21874,186
2020-12-23,Santa Barbara,83,443738,17116,15399,436,15835,152
2020-12-23,Santa Clara,85,1922200,66877,60455,275,60730,579
2020-12-23,Santa Cruz,87,273765,8785,7637,304,7941,75
2020-12-23,Shasta,89,179085,7925,7487,653,8140,66
2020-12-23,Sierra,91,2930,27,23,0,23,0
2020-12-23,Siskiyou,93,43540,974,891,93,984,2
2020-12-23,Solano,95,438530,18340,16626,190,16816,95
2020-12-23,Sonoma,97,501317,18624,17397,105,17502,182
2020-12-23,Stanislaus,99,539301,33609,31492,3086,34578,499
2020-12-23,Sutter,101,95872,6282,5871,44,5915,46
2020-12-23,Tehama,103,63373,2926,2737,267,3004,9
2020-12-23,Trinity,105,12862,301,234,32,266,2
2020-12-23,Tulare,107,460477,32451,30315,3637,33952,385
2020-12-23,Tuolumne,109,53932,2765,2540,10,2550,12
2020-12-23,Ventura,111,848112,37481,33377,1545,34922,216
2020-12-23,Yolo,113,214977,8273,7508,57,7565,112
2020-12-23,Yuba,115,75493,3681,3438,36,3474,14
2020-12-22,Alameda,1,1643700,49352,45751,869,46620,534
2020-12-22,Alpine,3,1148,67,64,0,64,0
2020-12-22,Amador,5,37829,2302,1839,18,1857,23
2020-12-22,Butte,7,227075,7181,6467,803,7270,85
2020-12-22,Calaveras,9,45235,1064,988,0,988,21
2020-12-22,Colusa,11,21464,1236,1150,65,1215,7
2020-12-22,Contra Costa,13,1133247,38328,35681,495,36176,301
2020-12-22,Del Norte,15,27424,706,666,0,666,2
2020-12-22,El Dorado,17,186661,5769,4885,247,5132,12
2020-12-22,Fresno,19,978130,64751,59640,4218,63858,640
2020-12-22,Glenn,21,27897,1472,1337,218,1555,9
2020-12-22,Humboldt,23,135768,1610,1440,7,1447,16
2020-12-22,Imperial,25,180216,22290,21128,1156,22284,398
2020-12-22,Inyo,27,18085,619,506,1,507,17
2020-12-22,Kern,29,883053,62779,57816,4514,62330,547
2020-12-22,Kings,31,150075,15777,14855,519,15374,102
2020-12-22,Lake,33,64148,1787,1569,0,1569,20
2020-12-22,Lassen,35,31185,4167,3848,42,3890,1
2020-12-22,Los Angeles,37,10098052,712287,635931,19161,655092,9013
2020-12-22,Madera,39,155013,10128,9187,376,9563,63
2020-12-22,Marin,41,260295,9520,9115,63,9178,142
2020-12-22,Mariposa,43,17540,216,194,2,196,3
2020-12-22,Mendocino,45,87422,2295,2092,21,2113,23
2020-12-22,Merced,47,269075,18060,17012,299,17311,201
2020-12-22,Modoc,49,8938,235,182,69,251,0
2020-12-22,Mono,51,14174,850,786,9,795,3
2020-12-22,Monterey,53,433212,25966,24152,649,24801,176
2020-12-22,Napa,55,140530,5557,5059,25,5084,23
2020-12-22,Nevada,57,99092,2592,2367,83,2450,14
2020-12-22,Orange,59,3164182,149374,134850,5697,140547,1774
2020-12-22,Placer,61,380077,13479,11943,495,12438,105
2020-12-22,Plumas,63,18699,441,360,9,369,0
2020-12-22,Riverside,65,2383286,171651,155059,7543,162602,1777
2020-12-22,Sacramento,67,1510023,62198,57966,541,58507,772
2020-12-22,San Benito,69,59416,3351,2998,27,3025,24
2020-12-22,San Bernardino,71,2135413,186800,169266,4844,174110,1500
2020-12-22,San Diego,73,3302833,147727,132097,0,132097,1311
2020-12-22,San Francisco,75,870044,22501,21232,208,21440,174
2020-12-22,San Joaquin,77,732212,43426,39423,1432,40855,592
2020-12-22,San Luis Obispo,79,281455,10128,9174,233,9407,69
2020-12-22,San Mateo,81,765935,23987,21382,78,21460,186
2020-12-22,Santa Barbara,83,443738,16855,15189,426,15615,150
2020-12-22,Santa Clara,85,1922200,65711,59192,268,59460,569
2020-12-22,Santa Cruz,87,273765,8607,7471,277,7748,72
2020-12-22,Shasta,89,179085,7846,7371,636,8007,64
2020-12-22,Sierra,91,2930,27,23,0,23,0
2020-12-22,Siskiyou,93,43540,969,880,90,970,2
2020-12-22,Solano,95,438530,17936,16229,187,16416,95
2020-12-22,Sonoma,97,501317,18306,17216,105,17321,180
2020-12-22,Stanislaus,99,539301,33232,30914,3011,33925,499
2020-12-22,Sutter,101,95872,6221,5791,43,5834,46
2020-12-22,Tehama,103,63373,2879,2688,259,2947,9
2020-12-22,Trinity,105,12862,301,231,32,263,2
2020-12-22,Tulare,107,460477,31989,30025,3565,33590,377
2020-12-22,Tuolumne,109,53932,2710,2526,10,2536,12
2020-12-22,Ventura,111,848112,36720,32488,1498,33986,213
2020-12-22,Yolo,113,214977,8159,7388,56,7444,113
2020-12-22,Yuba,115,75493,3631,3379,36,3415,14
2020-12-21,Alameda,1,1643700,48452,44756,840,45596,518
2020-12-21,Alpine,3,1148,66,64,0,64,0
2020-12-21,Amador,5,37829,2225,1815,18,1833,23
2020-12-21,Butte,7,227075,7026,6335,779,7114,81
2020-12-21,Calaveras,9,45235,1034,963,0,963,21
2020-12-21,Colusa,11,21464,1209,1135,60,1195,7
2020-12-21,Contra Costa,13,1133247,37581,35207,458,35665,300
2020-12-21,Del Norte,15,27424,695,660,0,660,2
2020-12-21,El Dorado,17,186661,5623,4805,233,5038,10
2020-12-21,Fresno,19,978130,63605,58568,4066,62634,634
2020-12-21,Glenn,21,27897,1440,1323,210,1533,9
2020-12-21,Humboldt,23,135768,1586,1419,7,1426,16
2020-12-21,Imperial,25,180216,22020,20994,1111,22105,395
2020-12-21,Inyo,27,18085,598,482,1,483,17
2020-12-21,Kern,29,883053,61890,56836,4374,61210,541
2020-12-21,Kings,31,150075,15528,14760,503,15263,100
2020-12-21,Lake,33,64148,1733,1538,0,1538,20
2020-12-21,Lassen,35,31185,4007,3798,40,3838,1
2020-12-21,Los Angeles,37,10098052,693288,624129,18442,642571,8918
2020-12-21,Madera,39,155013,9934,9069,356,9425,63
2020-12-21,Marin,41,260295,9451,9035,63,9098,142
2020-12-21,Mariposa,43,17540,211,186,2,188,3
2020-12-21,Mendocino,45,87422,2265,2066,20,2086,23
2020-12-21,Merced,47,269075,17813,16710,282,16992,198
2020-12-21,Modoc,49,8938,221,181,68,249,0
2020-12-21,Mono,51,14174,838,781,9,790,3
2020-12-21,Monterey,53,433212,25434,23673,635,24308,174
2020-12-21,Napa,55,140530,5469,4952,25,4977,23
2020-12-21,Nevada,57,99092,2559,2337,83,2420,13
2020-12-21,Orange,59,3164182,145978,130444,5537,135981,1772
2020-12-21,Placer,61,380077,13254,11715,475,12190,105
2020-12-21,Plumas,63,18699,437,353,9,362,0
2020-12-21,Riverside,65,2383286,167462,151713,7199,158912,1743
2020-12-21,Sacramento,67,1510023,61182,57064,524,57588,759
2020-12-21,San Benito,69,59416,3282,2921,27,2948,22
2020-12-21,San Bernardino,71,2135413,182030,165086,4668,169754,1476
2020-12-21,San Diego,73,3302833,144281,129716,0,129716,1284
2020-12-21,San Francisco,75,870044,22219,21086,204,21290,174
2020-12-21,San Joaquin,77,732212,42631,38811,1379,40190,586
2020-12-21,San Luis Obispo,79,281455,9940,9006,228,9234,64
2020-12-21,San Mateo,81,765935,23581,21035,74,21109,185
2020-12-21,Santa Barbara,83,443738,16584,14988,421,15409,149
2020-12-21,Santa Clara,85,1922200,64519,57699,256,57955,570
2020-12-21,Santa Cruz,87,273765,8394,7315,263,7578,69
2020-12-21,Shasta,89,179085,7781,7299,626,7925,64
2020-12-21,Sierra,91,2930,24,23,0,23,0
2020-12-21,Siskiyou,93,43540,961,878,89,967,2
2020-12-21,Solano,95,438530,17465,15878,182,16060,95
2020-12-21,Sonoma,97,501317,18031,17075,101,17176,176
2020-12-21,Stanislaus,99,539301,32776,30437,2936,33373,499
2020-12-21,Sutter,101,95872,6125,5708,43,5751,46
2020-12-21,Tehama,103,63373,2812,2656,251,2907,9
2020-12-21,Trinity,105,12862,299,226,31,257,2
2020-12-21,Tulare,107,460477,31502,29482,3471,32953,373
2020-12-21,Tuolumne,109,53932,2685,2423,8,2431,12
2020-12-21,Ventura,111,848112,35639,31759,1461,33220,212
2020-12-21,Yolo,113,214977,8013,7266,52,7318,109
2020-12-21,Yuba,115,75493,3572,3329,36,3365,14
2020-12-20,Alameda,1,1643700,47571,44004,818,44822,516
2020-12-20,Alpine,3,1148,66,64,0,64,0
2020-12-20,Amador,5,37829,2167,1771,17,1788,23
2020-12-20,Butte,7,227075,6880,6228,741,6969,81
2020-12-20,Calaveras,9,45235,1010,926,0,926,21
2020-12-20,Colusa,11,21464,1182,1121,52,1173,7
2020-12-20,Contra Costa,13,1133247,36995,34798,439,35237,301
2020-12-20,Del Norte,15,27424,673,652,0,652,2
2020-12-20,El Dorado,17,186661,5496,4697,224,4921,10
2020-12-20,Fresno,19,978130,62624,57616,3923,61539,634
2020-12-20,Glenn,21,27897,1431,1295,203,1498,9
2020-12-20,Humboldt,23,135768,1549,1386,6,1392,15
2020-12-20,Imperial,25,180216,21777,20882,1004,21886,395
2020-12-20,Inyo,27,18085,584,476,1,477,17
2020-12-20,Kern,29,883053,60793,55983,4214,60197,540
2020-12-20,Kings,31,150075,15310,14629,483,15112,100
2020-12-20,Lake,33,64148,1687,1463,0,1463,20
2020-12-20,Lassen,35,31185,3953,3669,38,3707,1
2020-12-20,Los Angeles,37,10098052,675295,612975,17664,630639,8862
2020-12-20,Madera,39,155013,9724,8871,347,9218,63
2020-12-20,Marin,41,260295,9354,8948,59,9007,142
2020-12-20,Mariposa,43,17540,210,179,2,181,3
2020-12-20,Mendocino,45,87422,2240,2033,20,2053,23
2020-12-20,Merced,47,269075,17496,16435,275,16710,198
2020-12-20,Modoc,49,8938,221,181,66,247,0
2020-12-20,Mono,51,14174,817,774,9,783,3
2020-12-20,Monterey,53,433212,24960,23250,591,23841,173
2020-12-20,Napa,55,140530,5347,4865,23,4888,23
2020-12-20,Nevada,57,99092,2513,2289,77,2366,13
2020-12-20,Orange,59,3164182,142495,128780,5383,134163,1763
2020-12-20,Placer,61,380077,13022,11496,456,11952,105
2020-12-20,Plumas,63,18699,429,347,9,356,0
2020-12-20,Riverside,65,2383286,163284,148714,6898,155612,1742
2020-12-20,Sacramento,67,1510023,60188,56017,505,56522,755
2020-12-20,San Benito,69,59416,3210,2885,26,2911,21
2020-12-20,San Bernardino,71,2135413,177072,162810,4505,167315,1458
2020-12-20,San Diego,73,3302833,140568,126465,0,126465,1280
2020-12-20,San Francisco,75,870044,21904,20937,200,21137,174
2020-12-20,San Joaquin,77,732212,41795,38268,1314,39582,587
2020-12-20,San Luis Obispo,79,281455,9647,8881,221,9102,63
2020-12-20,San Mateo,81,765935,23145,20764,70,20834,185
2020-12-20,Santa Barbara,83,443738,16269,14817,400,15217,148
2020-12-20,Santa Clara,85,1922200,63117,56860,250,57110,566
2020-12-20,Santa Cruz,87,273765,8189,7178,250,7428,69
2020-12-20,Shasta,89,179085,7666,7256,612,7868,64
2020-12-20,Sierra,91,2930,24,22,0,22,0
2020-12-20,Siskiyou,93,43540,951,870,88,958,2
2020-12-20,Solano,95,438530,17087,15533,171,15704,95
2020-12-20,Sonoma,97,501317,17756,16802,100,16902,175
2020-12-20,Stanislaus,99,539301,32255,29995,2832,32827,498
2020-12-20,Sutter,101,95872,6038,5601,43,5644,43
2020-12-20,Tehama,103,63373,2764,2602,231,2833,9
2020-12-20,Trinity,105,12862,294,221,30,251,2
2020-12-20,Tulare,107,460477,30988,29078,3370,32448,373
2020-12-20,Tuolumne,109,53932,2573,2152,7,2159,12
2020-12-20,Ventura,111,848112,34936,31335,1426,32761,210
2020-12-20,Yolo,113,214977,7859,7121,49,7170,109
2020-12-20,Yuba,115,75493,3524,3254,34,3288,12
2020-12-19,Alameda,1,1643700,47127,43109,811,43920,516
2020-12-19,Alpine,3,1148,66,64,0,64,0
2020-12-19,Amador,5,37829,2143,1754,17,1771,23
2020-12-19,Butte,7,227075,6780,6118,717,6835,81
2020-12-19,Calaveras,9,45235,992,900,0,900,21
2020-12-19,Colusa,11,21464,1174,1096,50,1146,7
2020-12-19,Contra Costa,13,1133247,36685,34321,423,34744,301
2020-12-19,Del Norte,15,27424,671,641,0,641,2
2020-12-19,El Dorado,17,186661,5430,4588,215,4803,10
2020-12-19,Fresno,19,978130,62303,55428,3853,59281,634
2020-12-19,Glenn,21,27897,1396,1286,202,1488,9
2020-12-19,Humboldt,23,135768,1532,1357,6,1363,15
2020-12-19,Imperial,25,180216,21690,20711,953,21664,395
2020-12-19,Inyo,27,18085,577,475,1,476,17
2020-12-19,Kern,29,883053,60312,55118,4102,59220,540
2020-12-19,Kings,31,150075,15231,14474,481,14955,100
2020-12-19,Lake,33,64148,1653,1438,0,1438,20
2020-12-19,Lassen,35,31185,3925,3595,38,3633,1
2020-12-19,Los Angeles,37,10098052,668260,599888,17106,616994,8804
2020-12-19,Madera,39,155013,9633,8717,335,9052,63
2020-12-19,Marin,41,260295,9315,8864,59,8923,142
2020-12-19,Mariposa,43,17540,208,177,2,179,3
2020-12-19,Mendocino,45,87422,2215,2008,20,2028,23
2020-12-19,Merced,47,269075,17358,16230,266,16496,198
2020-12-19,Modoc,49,8938,218,181,66,247,0
2020-12-19,Mono,51,14174,813,766,9,775,3
2020-12-19,Monterey,53,433212,24849,22799,585,23384,172
2020-12-19,Napa,55,140530,5285,4772,23,4795,23
2020-12-19,Nevada,57,99092,2491,2260,77,2337,13
2020-12-19,Orange,59,3164182,140584,125574,5227,130801,1733
2020-12-19,Placer,61,380077,12869,11246,450,11696,105
2020-12-19,Plumas,63,18699,426,343,9,352,0
2020-12-19,Riverside,65,2383286,161320,146703,6655,153358,1737
2020-12-19,Sacramento,67,1510023,59657,55169,490,55659,746
2020-12-19,San Benito,69,59416,3164,2820,25,2845,21
2020-12-19,San Bernardino,71,2135413,175525,159883,4393,164276,1433
2020-12-19,San Diego,73,3302833,138802,122972,0,122972,1280
2020-12-19,San Francisco,75,870044,21754,20643,199,20842,174
2020-12-19,San Joaquin,77,732212,41396,37340,1258,38598,586
2020-12-19,San Luis Obispo,79,281455,9577,8788,218,9006,63
2020-12-19,San Mateo,81,765935,22935,20393,63,20456,182
2020-12-19,Santa Barbara,83,443738,16114,14667,392,15059,148
2020-12-19,Santa Clara,85,1922200,62309,55540,245,55785,558
2020-12-19,Santa Cruz,87,273765,8087,7054,244,7298,68
2020-12-19,Shasta,89,179085,7613,7221,600,7821,63
2020-12-19,Sierra,91,2930,24,23,0,23,0
2020-12-19,Siskiyou,93,43540,948,853,87,940,2
2020-12-19,Solano,95,438530,16921,15204,167,15371,95
2020-12-19,Sonoma,97,501317,17648,16553,100,16653,175
2020-12-19,Stanislaus,99,539301,31936,29555,2758,32313,498
2020-12-19,Sutter,101,95872,5980,5506,43,5549,41
2020-12-19,Tehama,103,63373,2713,2574,228,2802,9
2020-12-19,Trinity,105,12862,294,219,30,249,2
2020-12-19,Tulare,107,460477,30770,28734,3301,32035,375
2020-12-19,Tuolumne,109,53932,2560,2107,7,2114,12
2020-12-19,Ventura,111,848112,34656,30843,1396,32239,209
2020-12-19,Yolo,113,214977,7790,7025,48,7073,109
2020-12-19,Yuba,115,75493,3492,3168,34,3202,11
2020-12-18,Alameda,1,1643700,46591,42196,794,42990,515
2020-12-18,Alpine,3,1148,66,64,0,64,0
2020-12-18,Amador,5,37829,2126,1727,15,1742,20
2020-12-18,Butte,7,227075,6697,5891,690,6581,81
2020-12-18,Calaveras,9,45235,983,870,0,870,21
2020-12-18,Colusa,11,21464,1165,1068,50,1118,7
2020-12-18,Contra Costa,13,1133247,36404,33610,409,34019,300
2020-12-18,Del Norte,15,27424,666,627,0,627,2
2020-12-18,El Dorado,17,186661,5369,4494,204,4698,10
2020-12-18,Fresno,19,978130,61477,52643,3789,56432,613
2020-12-18,Glenn,21,27897,1380,1264,196,1460,9
2020-12-18,Humboldt,23,135768,1517,1331,6,1337,15
2020-12-18,Imperial,25,180216,21612,20430,906,21336,393
2020-12-18,Inyo,27,18085,557,454,1,455,17
2020-12-18,Kern,29,883053,59655,54220,4016,58236,533
2020-12-18,Kings,31,150075,15106,14284,475,14759,98
2020-12-18,Lake,33,64148,1642,1397,0,1397,20
2020-12-18,Lassen,35,31185,3917,3486,38,3524,1
2020-12-18,Los Angeles,37,10098052,656182,586413,16583,602996,8744
2020-12-18,Madera,39,155013,9531,8609,330,8939,63
2020-12-18,Marin,41,260295,9232,8799,59,8858,142
2020-12-18,Mariposa,43,17540,205,176,2,178,3
2020-12-18,Mendocino,45,87422,2197,1977,20,1997,24
2020-12-18,Merced,47,269075,17277,15956,263,16219,195
2020-12-18,Modoc,49,8938,218,179,66,245,0
2020-12-18,Mono,51,14174,807,731,9,740,3
2020-12-18,Monterey,53,433212,24557,22336,579,22915,165
2020-12-18,Napa,55,140530,5237,4688,23,4711,23
2020-12-18,Nevada,57,99092,2474,2220,76,2296,13
2020-12-18,Orange,59,3164182,138158,121681,5068,126749,1725
2020-12-18,Placer,61,380077,12705,10995,441,11436,104
2020-12-18,Plumas,63,18699,420,336,9,345,0
2020-12-18,Riverside,65,2383286,158503,142375,6380,148755,1733
2020-12-18,Sacramento,67,1510023,59029,53980,472,54452,736
2020-12-18,San Benito,69,59416,3116,2744,25,2769,21
2020-12-18,San Bernardino,71,2135413,173232,154272,4258,158530,1430
2020-12-18,San Diego,73,3302833,136628,120463,0,120463,1253
2020-12-18,San Francisco,75,870044,21587,20315,193,20508,173
2020-12-18,San Joaquin,77,732212,41040,36484,1222,37706,559
2020-12-18,San Luis Obispo,79,281455,9478,8598,213,8811,62
2020-12-18,San Mateo,81,765935,22620,19971,59,20030,182
2020-12-18,Santa Barbara,83,443738,15974,14361,379,14740,148
2020-12-18,Santa Clara,85,1922200,61442,53992,232,54224,539
2020-12-18,Santa Cruz,87,273765,7972,6838,236,7074,68
2020-12-18,Shasta,89,179085,7577,7114,588,7702,62
2020-12-18,Sierra,91,2930,24,23,0,23,0
2020-12-18,Siskiyou,93,43540,946,840,87,927,2
2020-12-18,Solano,95,438530,16769,14667,163,14830,95
2020-12-18,Sonoma,97,501317,17528,16261,100,16361,173
2020-12-18,Stanislaus,99,539301,31667,28967,2719,31686,490
2020-12-18,Sutter,101,95872,5896,5399,43,5442,39
2020-12-18,Tehama,103,63373,2696,2523,219,2742,9
2020-12-18,Trinity,105,12862,293,215,30,245,2
2020-12-18,Tulare,107,460477,30504,28322,3215,31537,370
2020-12-18,Tuolumne,109,53932,2549,2067,7,2074,12
2020-12-18,Ventura,111,848112,34155,29907,1352,31259,209
2020-12-18,Yolo,113,214977,7722,6901,47,6948,109
2020-12-18,Yuba,115,75493,3434,3097,34,3131,11
2020-12-17,Alameda,1,1643700,45790,41548,761,42309,508
2020-12-17,Alpine,3,1148,66,64,0,64,0
2020-12-17,Amador,5,37829,2078,1703,13,1716,19
2020-12-17,Butte,7,227075,6573,5746,670,6416,78
2020-12-17,Calaveras,9,45235,960,848,0,848,21
2020-12-17,Colusa,11,21464,1154,1053,48,1101,7
2020-12-17,Contra Costa,13,1133247,35883,33006,374,33380,293
2020-12-17,Del Norte,15,27424,661,583,0,583,1
2020-12-17,El Dorado,17,186661,5225,4327,191,4518,9
2020-12-17,Fresno,19,978130,60619,49918,3660,53578,597
2020-12-17,Glenn,21,27897,1356,1244,189,1433,9
2020-12-17,Humboldt,23,135768,1484,1322,6,1328,14
2020-12-17,Imperial,25,180216,21454,20208,828,21036,391
2020-12-17,Inyo,27,18085,539,450,1,451,16
2020-12-17,Kern,29,883053,58706,53683,3875,57558,526
2020-12-17,Kings,31,150075,15007,14057,459,14516,98
2020-12-17,Lake,33,64148,1617,1374,0,1374,20
2020-12-17,Lassen,35,31185,3881,3417,38,3455,1
2020-12-17,Los Angeles,37,10098052,640609,571093,15995,587088,8657
2020-12-17,Madera,39,155013,9415,8465,325,8790,62
2020-12-17,Marin,41,260295,9175,8721,56,8777,142
2020-12-17,Mariposa,43,17540,201,172,2,174,3
2020-12-17,Mendocino,45,87422,2163,1942,20,1962,23
2020-12-17,Merced,47,269075,17014,15648,255,15903,192
2020-12-17,Modoc,49,8938,215,179,66,245,0
2020-12-17,Mono,51,14174,798,718,9,727,3
2020-12-17,Monterey,53,433212,24038,21951,564,22515,163
2020-12-17,Napa,55,140530,5125,4612,23,4635,23
2020-12-17,Nevada,57,99092,2433,2173,73,2246,13
2020-12-17,Orange,59,3164182,134780,118367,4932,123299,1725
2020-12-17,Placer,61,380077,12437,10756,427,11183,99
2020-12-17,Plumas,63,18699,411,324,9,333,0
2020-12-17,Riverside,65,2383286,154649,139325,6156,145481,1696
2020-12-17,Sacramento,67,1510023,58127,53189,449,53638,721
2020-12-17,San Benito,69,59416,3047,2645,24,2669,20
2020-12-17,San Bernardino,71,2135413,169315,149838,4133,153971,1425
2020-12-17,San Diego,73,3302833,133834,116852,0,116852,1239
2020-12-17,San Francisco,75,870044,21298,19939,188,20127,170
2020-12-17,San Joaquin,77,732212,40312,35894,1185,37079,554
2020-12-17,San Luis Obispo,79,281455,9358,8365,211,8576,59
2020-12-17,San Mateo,81,765935,22248,19647,59,19706,181
2020-12-17,Santa Barbara,83,443738,15741,14207,372,14579,147
2020-12-17,Santa Clara,85,1922200,60274,52559,225,52784,527
2020-12-17,Santa Cruz,87,273765,7817,6687,221,6908,64
2020-12-17,Shasta,89,179085,7499,7000,569,7569,62
2020-12-17,Sierra,91,2930,23,23,0,23,0
2020-12-17,Siskiyou,93,43540,939,827,86,913,2
2020-12-17,Solano,95,438530,16462,14361,161,14522,96
2020-12-17,Sonoma,97,501317,17256,15993,99,16092,171
2020-12-17,Stanislaus,99,539301,31244,28582,2658,31240,489
2020-12-17,Sutter,101,95872,5797,5309,42,5351,39
2020-12-17,Tehama,103,63373,2648,2480,213,2693,9
2020-12-17,Trinity,105,12862,289,213,30,243,2
2020-12-17,Tulare,107,460477,30111,27852,3134,30986,358
2020-12-17,Tuolumne,109,53932,2238,1992,7,1999,11
2020-12-17,Ventura,111,848112,33547,29404,1314,30718,208
2020-12-17,Yolo,113,214977,7598,6800,46,6846,105
2020-12-17,Yuba,115,75493,3375,3035,32,3067,12
2020-12-16,Alameda,1,1643700,44936,40751,733,41484,497
2020-12-16,Alpine,3,1148,66,64,0,64,0
2020-12-16,Amador,5,37829,2031,1693,12,1705,19
2020-12-16,Butte,7,227075,6384,5659,640,6299,76
2020-12-16,Calaveras,9,45235,925,821,0,821,21
2020-12-16,Colusa,11,21464,1141,1038,43,1081,7
2020-12-16,Contra Costa,13,1133247,35329,32429,351,32780,293
2020-12-16,Del Norte,15,27424,659,575,0,575,1
2020-12-16,El Dorado,17,186661,5104,4237,180,4417,9
2020-12-16,Fresno,19,978130,59665,49173,3556,52729,584
2020-12-16,Glenn,21,27897,1338,1236,178,1414,9
2020-12-16,Humboldt,23,135768,1452,1308,5,1313,12
2020-12-16,Imperial,25,180216,21275,19980,756,20736,388
2020-12-16,Inyo,27,18085,526,444,1,445,16
2020-12-16,Kern,29,883053,57834,52896,3738,56634,522
2020-12-16,Kings,31,150075,14828,13734,441,14175,99
2020-12-16,Lake,33,64148,1577,1363,0,1363,20
2020-12-16,Lassen,35,31185,3848,3396,37,3433,1
2020-12-16,Los Angeles,37,10098052,624149,557907,15288,573195,8561
2020-12-16,Madera,39,155013,9290,8278,317,8595,62
2020-12-16,Marin,41,260295,9105,8641,56,8697,142
2020-12-16,Mariposa,43,17540,198,175,2,177,3
2020-12-16,Mendocino,45,87422,2127,1929,20,1949,23
2020-12-16,Merced,47,269075,16727,15443,251,15694,190
2020-12-16,Modoc,49,8938,212,178,66,244,0
2020-12-16,Mono,51,14174,781,702,9,711,3
2020-12-16,Monterey,53,433212,23481,21107,553,21660,163
2020-12-16,Napa,55,140530,5027,4544,23,4567,23
2020-12-16,Nevada,57,99092,2397,2149,71,2220,13
2020-12-16,Orange,59,3164182,131315,115260,4752,120012,1712
2020-12-16,Placer,61,380077,12206,10554,405,10959,96
2020-12-16,Plumas,63,18699,402,319,9,328,0
2020-12-16,Riverside,65,2383286,150538,135751,5898,141649,1664
2020-12-16,Sacramento,67,1510023,57156,52166,422,52588,715
2020-12-16,San Benito,69,59416,2957,2582,24,2606,20
2020-12-16,San Bernardino,71,2135413,164711,143565,3994,147559,1403
2020-12-16,San Diego,73,3302833,130734,114248,0,114248,1217
2020-12-16,San Francisco,75,870044,21040,19624,187,19811,170
2020-12-16,San Joaquin,77,732212,39488,35010,1143,36153,547
2020-12-16,San Luis Obispo,79,281455,9163,8252,202,8454,58
2020-12-16,San Mateo,81,765935,21922,19292,55,19347,179
2020-12-16,Santa Barbara,83,443738,15499,13966,359,14325,144
2020-12-16,Santa Clara,85,1922200,59035,51502,222,51724,523
2020-12-16,Santa Cruz,87,273765,7632,6536,209,6745,63
2020-12-16,Shasta,89,179085,7427,6914,547,7461,62
2020-12-16,Sierra,91,2930,23,23,0,23,0
2020-12-16,Siskiyou,93,43540,931,818,86,904,2
2020-12-16,Solano,95,438530,15997,14157,156,14313,96
2020-12-16,Sonoma,97,501317,17000,15768,99,15867,170
2020-12-16,Stanislaus,99,539301,30741,28279,2584,30863,489
2020-12-16,Sutter,101,95872,5717,5223,42,5265,39
2020-12-16,Tehama,103,63373,2617,2441,187,2628,9
2020-12-16,Trinity,105,12862,284,212,30,242,2
2020-12-16,Tulare,107,460477,29698,27500,3027,30527,352
2020-12-16,Tuolumne,109,53932,2192,1941,7,1948,11
2020-12-16,Ventura,111,848112,32775,28566,1269,29835,203
2020-12-16,Yolo,113,214977,7468,6649,45,6694,103
2020-12-16,Yuba,115,75493,3289,2980,31,3011,11
2020-12-15,Alameda,1,1643700,44080,40026,710,40736,492
2020-12-15,Alpine,3,1148,66,64,0,64,0
2020-12-15,Amador,5,37829,1918,1669,10,1679,19
2020-12-15,Butte,7,227075,6248,5565,608,6173,75
2020-12-15,Calaveras,9,45235,893,799,0,799,21
2020-12-15,Colusa,11,21464,1128,1026,41,1067,7
2020-12-15,Contra Costa,13,1133247,34676,31423,335,31758,281
2020-12-15,Del Norte,15,27424,648,564,0,564,1
2020-12-15,El Dorado,17,186661,4998,4113,164,4277,9
2020-12-15,Fresno,19,978130,58298,47316,3417,50733,574
2020-12-15,Glenn,21,27897,1325,1207,161,1368,9
2020-12-15,Humboldt,23,135768,1432,1276,5,1281,12
2020-12-15,Imperial,25,180216,21057,19756,673,20429,380
2020-12-15,Inyo,27,18085,513,394,1,395,16
2020-12-15,Kern,29,883053,56822,52002,3633,55635,511
2020-12-15,Kings,31,150075,14664,13652,422,14074,97
2020-12-15,Lake,33,64148,1552,1341,0,1341,21
2020-12-15,Lassen,35,31185,3676,3378,36,3414,1
2020-12-15,Los Angeles,37,10098052,607850,536258,14613,550871,8429
2020-12-15,Madera,39,155013,9134,8118,308,8426,60
2020-12-15,Marin,41,260295,8998,8528,54,8582,141
2020-12-15,Mariposa,43,17540,194,171,2,173,3
2020-12-15,Mendocino,45,87422,2100,1883,20,1903,24
2020-12-15,Merced,47,269075,16424,15120,247,15367,190
2020-12-15,Modoc,49,8938,210,179,66,245,0
2020-12-15,Mono,51,14174,765,702,9,711,3
2020-12-15,Monterey,53,433212,22882,19905,490,20395,161
2020-12-15,Napa,55,140530,4923,4440,23,4463,23
2020-12-15,Nevada,57,99092,2364,2117,69,2186,11
2020-12-15,Orange,59,3164182,127660,112893,4595,117488,1689
2020-12-15,Placer,61,380077,11977,10301,383,10684,95
2020-12-15,Plumas,63,18699,397,313,9,322,0
2020-12-15,Riverside,65,2383286,146491,131822,5611,137433,1624
2020-12-15,Sacramento,67,1510023,56140,51076,409,51485,703
2020-12-15,San Benito,69,59416,2877,2520,23,2543,19
2020-12-15,San Bernardino,71,2135413,160271,137548,3829,141377,1351
2020-12-15,San Diego,73,3302833,127173,111441,0,111441,1194
2020-12-15,San Francisco,75,870044,20731,19283,184,19467,171
2020-12-15,San Joaquin,77,732212,38564,33849,1106,34955,537
2020-12-15,San Luis Obispo,79,281455,9054,8074,199,8273,55
2020-12-15,San Mateo,81,765935,21511,18907,53,18960,178
2020-12-15,Santa Barbara,83,443738,15279,13782,350,14132,144
2020-12-15,Santa Clara,85,1922200,57600,50311,218,50529,505
2020-12-15,Santa Cruz,87,273765,7448,6361,193,6554,59
2020-12-15,Shasta,89,179085,7370,6794,521,7315,54
2020-12-15,Sierra,91,2930,23,23,0,23,0
2020-12-15,Siskiyou,93,43540,922,812,85,897,2
2020-12-15,Solano,95,438530,15648,13796,156,13952,95
2020-12-15,Sonoma,97,501317,16778,15406,99,15505,167
2020-12-15,Stanislaus,99,539301,30231,27823,2497,30320,485
2020-12-15,Sutter,101,95872,5620,5080,41,5121,36
2020-12-15,Tehama,103,63373,2580,2392,182,2574,9
2020-12-15,Trinity,105,12862,279,213,28,241,1
2020-12-15,Tulare,107,460477,29203,27026,2936,29962,342
2020-12-15,Tuolumne,109,53932,2161,1874,7,1881,8
2020-12-15,Ventura,111,848112,32154,27936,1221,29157,201
2020-12-15,Yolo,113,214977,7346,6531,43,6574,104
2020-12-15,Yuba,115,75493,3195,2891,30,2921,11
2020-12-14,Alameda,1,1643700,43187,39252,690,39942,487
2020-12-14,Alpine,3,1148,66,63,0,63,0
2020-12-14,Amador,5,37829,1846,1609,10,1619,19
2020-12-14,Butte,7,227075,6080,5202,591,5793,75
2020-12-14,Calaveras,9,45235,855,718,0,718,21
2020-12-14,Colusa,11,21464,1104,949,40,989,7
2020-12-14,Contra Costa,13,1133247,33978,30594,320,30914,281
2020-12-14,Del Norte,15,27424,642,560,0,560,1
2020-12-14,El Dorado,17,186661,4843,4018,147,4165,9
2020-12-14,Fresno,19,978130,57280,44726,3230,47956,560
2020-12-14,Glenn,21,27897,1299,1186,153,1339,9
2020-12-14,Humboldt,23,135768,1419,1256,5,1261,9
2020-12-14,Imperial,25,180216,20819,19608,591,20199,379
2020-12-14,Inyo,27,18085,499,382,1,383,16
2020-12-14,Kern,29,883053,55791,50538,3506,54044,510
2020-12-14,Kings,31,150075,14481,13491,393,13884,97
2020-12-14,Lake,33,64148,1501,1301,0,1301,21
2020-12-14,Lassen,35,31185,3577,2905,33,2938,1
2020-12-14,Los Angeles,37,10098052,590294,524668,13947,538615,8340
2020-12-14,Madera,39,155013,8861,8011,299,8310,60
2020-12-14,Marin,41,260295,8913,8475,52,8527,141
2020-12-14,Mariposa,43,17540,193,171,2,173,3
2020-12-14,Mendocino,45,87422,2079,1845,20,1865,24
2020-12-14,Merced,47,269075,16022,14572,233,14805,189
2020-12-14,Modoc,49,8938,204,180,64,244,0
2020-12-14,Mono,51,14174,757,685,9,694,3
2020-12-14,Monterey,53,433212,22365,19154,483,19637,155
2020-12-14,Napa,55,140530,4830,4289,23,4312,22
2020-12-14,Nevada,57,99092,2325,2070,66,2136,11
2020-12-14,Orange,59,3164182,123788,108602,4454,113056,1688
2020-12-14,Placer,61,380077,11685,9551,372,9923,95
2020-12-14,Plumas,63,18699,385,309,9,318,0
2020-12-14,Riverside,65,2383286,142380,123715,5341,129056,1588
2020-12-14,Sacramento,67,1510023,55032,50304,383,50687,691
2020-12-14,San Benito,69,59416,2810,2467,22,2489,19
2020-12-14,San Bernardino,71,2135413,155849,129151,3691,132842,1347
2020-12-14,San Diego,73,3302833,123442,109578,0,109578,1162
2020-12-14,San Francisco,75,870044,20355,18904,182,19086,171
2020-12-14,San Joaquin,77,732212,37724,32522,1057,33579,534
2020-12-14,San Luis Obispo,79,281455,8807,7791,193,7984,52
2020-12-14,San Mateo,81,765935,21011,18361,51,18412,178
2020-12-14,Santa Barbara,83,443738,15010,13587,343,13930,144
2020-12-14,Santa Clara,85,1922200,56040,49180,206,49386,502
2020-12-14,Santa Cruz,87,273765,7262,6049,177,6226,54
2020-12-14,Shasta,89,179085,7282,6665,503,7168,54
2020-12-14,Sierra,91,2930,23,21,0,21,0
2020-12-14,Siskiyou,93,43540,899,764,79,843,2
2020-12-14,Solano,95,438530,15284,13352,154,13506,93
2020-12-14,Sonoma,97,501317,16472,14807,98,14905,167
2020-12-14,Stanislaus,99,539301,29700,27311,2446,29757,485
2020-12-14,Sutter,101,95872,5510,5001,34,5035,35
2020-12-14,Tehama,103,63373,2533,2344,179,2523,9
2020-12-14,Trinity,105,12862,276,205,26,231,1
2020-12-14,Tulare,107,460477,28731,25735,2838,28573,341
2020-12-14,Tuolumne,109,53932,2104,1647,7,1654,8
2020-12-14,Ventura,111,848112,31234,27436,1158,28594,202
2020-12-14,Yolo,113,214977,7185,6389,42,6431,95
2020-12-14,Yuba,115,75493,3133,2851,30,2881,11
2020-12-13,Alameda,1,1643700,41995,38064,663,38727,486
2020-12-13,Alpine,3,1148,66,63,0,63,0
2020-12-13,Amador,5,37829,1790,1457,9,1466,19
2020-12-13,Butte,7,227075,5931,5103,546,5649,75
2020-12-13,Calaveras,9,45235,819,710,0,710,21
2020-12-13,Colusa,11,21464,1088,945,36,981,7
2020-12-13,Contra Costa,13,1133247,33251,29667,312,29979,281
2020-12-13,Del Norte,15,27424,589,542,0,542,1
2020-12-13,El Dorado,17,186661,4744,3770,135,3905,9
2020-12-13,Fresno,19,978130,56178,44114,3062,47176,559
2020-12-13,Glenn,21,27897,1286,1171,142,1313,9
2020-12-13,Humboldt,23,135768,1396,1238,4,1242,9
2020-12-13,Imperial,25,180216,20536,19472,451,19923,379
2020-12-13,Inyo,27,18085,478,380,1,381,16
2020-12-13,Kern,29,883053,54771,49051,3344,52395,510
2020-12-13,Kings,31,150075,14204,13357,372,13729,97
2020-12-13,Lake,33,64148,1458,1271,0,1271,21
2020-12-13,Lassen,35,31185,3470,2867,28,2895,1
2020-12-13,Los Angeles,37,10098052,572769,517472,13198,530670,8294
2020-12-13,Madera,39,155013,8677,7909,284,8193,60
2020-12-13,Marin,41,260295,8792,8409,52,8461,141
2020-12-13,Mariposa,43,17540,189,167,2,169,3
2020-12-13,Mendocino,45,87422,2045,1793,20,1813,24
2020-12-13,Merced,47,269075,15673,14384,230,14614,189
2020-12-13,Modoc,49,8938,192,179,58,237,0
2020-12-13,Mono,51,14174,741,675,9,684,3
2020-12-13,Monterey,53,433212,21943,18913,467,19380,153
2020-12-13,Napa,55,140530,4724,4194,23,4217,22
2020-12-13,Nevada,57,99092,2274,2030,64,2094,11
2020-12-13,Orange,59,3164182,119878,104768,4267,109035,1688
2020-12-13,Placer,61,380077,11375,9405,354,9759,95
2020-12-13,Plumas,63,18699,379,291,9,300,0
2020-12-13,Riverside,65,2383286,138268,119691,5063,124754,1581
2020-12-13,Sacramento,67,1510023,53771,49480,352,49832,682
2020-12-13,San Benito,69,59416,2738,2408,21,2429,19
2020-12-13,San Bernardino,71,2135413,150969,126718,3522,130240,1333
2020-12-13,San Diego,73,3302833,119847,107372,0,107372,1162
2020-12-13,San Francisco,75,870044,20011,18686,172,18858,167
2020-12-13,San Joaquin,77,732212,36924,32170,1014,33184,534
2020-12-13,San Luis Obispo,79,281455,8615,7625,185,7810,52
2020-12-13,San Mateo,81,765935,20520,18090,45,18135,177
2020-12-13,Santa Barbara,83,443738,14746,13249,326,13575,144
2020-12-13,Santa Clara,85,1922200,54613,47920,197,48117,499
2020-12-13,Santa Cruz,87,273765,7014,5986,166,6152,54
2020-12-13,Shasta,89,179085,7208,6647,477,7124,54
2020-12-13,Sierra,91,2930,23,21,0,21,0
2020-12-13,Siskiyou,93,43540,887,762,74,836,2
2020-12-13,Solano,95,438530,14845,13276,151,13427,93
2020-12-13,Sonoma,97,501317,16157,14495,97,14592,167
2020-12-13,Stanislaus,99,539301,29139,26569,2379,28948,485
2020-12-13,Sutter,101,95872,5383,4798,29,4827,34
2020-12-13,Tehama,103,63373,2489,2325,162,2487,9
2020-12-13,Trinity,105,12862,272,204,25,229,1
2020-12-13,Tulare,107,460477,28240,25496,2744,28240,340
2020-12-13,Tuolumne,109,53932,2041,1611,7,1618,8
2020-12-13,Ventura,111,848112,30235,26588,1092,27680,202
2020-12-13,Yolo,113,214977,7003,6265,35,6300,95
2020-12-13,Yuba,115,75493,3068,2754,27,2781,11
2020-12-12,Alameda,1,1643700,41559,37027,642,37669,486
2020-12-12,Alpine,3,1148,66,63,0,63,0
2020-12-12,Amador,5,37829,1762,1236,8,1244,19
2020-12-12,Butte,7,227075,5859,4972,532,5504,73
2020-12-12,Calaveras,9,45235,809,708,0,708,21
2020-12-12,Colusa,11,21464,1068,945,34,979,7
2020-12-12,Contra Costa,13,1133247,32908,29506,302,29808,281
2020-12-12,Del Norte,15,27424,581,529,0,529,1
2020-12-12,El Dorado,17,186661,4669,3706,117,3823,9
2020-12-12,Fresno,19,978130,55828,43756,3001,46757,559
2020-12-12,Glenn,21,27897,1278,1143,138,1281,8
2020-12-12,Humboldt,23,135768,1377,1208,4,1212,9
2020-12-12,Imperial,25,180216,20455,18947,390,19337,379
2020-12-12,Inyo,27,18085,474,380,1,381,16
2020-12-12,Kern,29,883053,54256,48194,3252,51446,507
2020-12-12,Kings,31,150075,14117,13205,367,13572,96
2020-12-12,Lake,33,64148,1441,1232,0,1232,21
2020-12-12,Lassen,35,31185,3448,2866,24,2890,1
2020-12-12,Los Angeles,37,10098052,566023,504317,12660,516977,8269
2020-12-12,Madera,39,155013,8554,7765,281,8046,59
2020-12-12,Marin,41,260295,8736,8363,51,8414,141
2020-12-12,Mariposa,43,17540,188,164,2,166,3
2020-12-12,Mendocino,45,87422,2009,1771,20,1791,24
2020-12-12,Merced,47,269075,15583,14181,226,14407,188
2020-12-12,Modoc,49,8938,191,169,55,224,0
2020-12-12,Mono,51,14174,734,640,9,649,3
2020-12-12,Monterey,53,433212,21832,18596,438,19034,151
2020-12-12,Napa,55,140530,4680,4113,23,4136,22
2020-12-12,Nevada,57,99092,2256,1981,62,2043,10
2020-12-12,Orange,59,3164182,118009,100468,4108,104576,1674
2020-12-12,Placer,61,380077,11218,9390,348,9738,95
2020-12-12,Plumas,63,18699,373,291,9,300,0
2020-12-12,Riverside,65,2383286,136222,118335,4845,123180,1579
2020-12-12,Sacramento,67,1510023,53189,48319,337,48656,673
2020-12-12,San Benito,69,59416,2682,2355,21,2376,19
2020-12-12,San Bernardino,71,2135413,149351,125741,3410,129151,1321
2020-12-12,San Diego,73,3302833,118227,104958,0,104958,1151
2020-12-12,San Francisco,75,870044,19822,18413,168,18581,167
2020-12-12,San Joaquin,77,732212,36599,32200,981,33181,534
2020-12-12,San Luis Obispo,79,281455,8520,7462,176,7638,50
2020-12-12,San Mateo,81,765935,20300,17574,44,17618,177
2020-12-12,Santa Barbara,83,443738,14594,13174,318,13492,144
2020-12-12,Santa Clara,85,1922200,53659,45892,194,46086,498
2020-12-12,Santa Cruz,87,273765,6915,5905,156,6061,54
2020-12-12,Shasta,89,179085,7173,6551,459,7010,54
2020-12-12,Sierra,91,2930,23,21,0,21,0
2020-12-12,Siskiyou,93,43540,885,762,71,833,2
2020-12-12,Solano,95,438530,14648,12748,144,12892,93
2020-12-12,Sonoma,97,501317,16037,14466,97,14563,166
2020-12-12,Stanislaus,99,539301,28838,26246,2322,28568,483
2020-12-12,Sutter,101,95872,5321,4717,29,4746,32
2020-12-12,Tehama,103,63373,2473,2252,156,2408,9
2020-12-12,Trinity,105,12862,270,204,23,227,1
2020-12-12,Tulare,107,460477,27979,25333,2685,28018,341
2020-12-12,Tuolumne,109,53932,1998,1536,7,1543,8
2020-12-12,Ventura,111,848112,29791,25955,1059,27014,202
2020-12-12,Yolo,113,214977,6920,6116,33,6149,95
2020-12-12,Yuba,115,75493,3041,2692,26,2718,10
2020-12-11,Alameda,1,1643700,40990,36281,630,36911,482
2020-12-11,Alpine,3,1148,66,63,0,63,0
2020-12-11,Amador,5,37829,1746,1213,8,1221,19
2020-12-11,Butte,7,227075,5788,4941,511,5452,73
2020-12-11,Calaveras,9,45235,793,697,0,697,21
2020-12-11,Colusa,11,21464,1058,923,32,955,7
2020-12-11,Contra Costa,13,1133247,32479,29036,298,29334,282
2020-12-11,Del Norte,15,27424,575,505,0,505,1
2020-12-11,El Dorado,17,186661,4588,3669,102,3771,9
2020-12-11,Fresno,19,978130,54819,43071,2934,46005,550
2020-12-11,Glenn,21,27897,1262,1135,133,1268,8
2020-12-11,Humboldt,23,135768,1359,1190,4,1194,9
2020-12-11,Imperial,25,180216,20368,18599,343,18942,377
2020-12-11,Inyo,27,18085,462,372,1,373,16
2020-12-11,Kern,29,883053,53583,47664,3186,50850,502
2020-12-11,Kings,31,150075,13975,13118,361,13479,94
2020-12-11,Lake,33,64148,1429,1205,0,1205,21
2020-12-11,Lassen,35,31185,3437,2790,22,2812,1
2020-12-11,Los Angeles,37,10098052,554267,493592,12229,505821,8198
2020-12-11,Madera,39,155013,8464,7648,271,7919,59
2020-12-11,Marin,41,260295,8640,8317,50,8367,141
2020-12-11,Mariposa,43,17540,187,164,2,166,3
2020-12-11,Mendocino,45,87422,1986,1769,20,1789,24
2020-12-11,Merced,47,269075,15464,14038,218,14256,186
2020-12-11,Modoc,49,8938,191,168,54,222,0
2020-12-11,Mono,51,14174,725,631,9,640,3
2020-12-11,Monterey,53,433212,21531,18421,433,18854,150
2020-12-11,Napa,55,140530,4624,4054,23,4077,22
2020-12-11,Nevada,57,99092,2239,1959,59,2018,10
2020-12-11,Orange,59,3164182,115715,98357,4004,102361,1656
2020-12-11,Placer,61,380077,11060,8904,332,9236,93
2020-12-11,Plumas,63,18699,365,286,9,295,0
2020-12-11,Riverside,65,2383286,133170,115329,4613,119942,1573
2020-12-11,Sacramento,67,1510023,52524,47468,328,47796,669
2020-12-11,San Benito,69,59416,2631,2319,21,2340,19
2020-12-11,San Bernardino,71,2135413,146672,123092,3284,126376,1313
2020-12-11,San Diego,73,3302833,116270,102468,0,102468,1137
2020-12-11,San Francisco,75,870044,19592,18246,167,18413,165
2020-12-11,San Joaquin,77,732212,36256,32044,952,32996,534
2020-12-11,San Luis Obispo,79,281455,8360,7415,173,7588,49
2020-12-11,San Mateo,81,765935,20028,17240,33,17273,177
2020-12-11,Santa Barbara,83,443738,14452,12997,310,13307,144
2020-12-11,Santa Clara,85,1922200,52652,45101,184,45285,494
2020-12-11,Santa Cruz,87,273765,6803,5764,145,5909,50
2020-12-11,Shasta,89,179085,7128,6459,452,6911,54
2020-12-11,Sierra,91,2930,23,19,0,19,0
2020-12-11,Siskiyou,93,43540,878,753,68,821,2
2020-12-11,Solano,95,438530,14462,12554,140,12694,92
2020-12-11,Sonoma,97,501317,15871,14298,94,14392,166
2020-12-11,Stanislaus,99,539301,28572,25928,2276,28204,464
2020-12-11,Sutter,101,95872,5257,4600,28,4628,30
2020-12-11,Tehama,103,63373,2444,2232,152,2384,9
2020-12-11,Trinity,105,12862,268,204,22,226,1
2020-12-11,Tulare,107,460477,27623,24953,2635,27588,338
2020-12-11,Tuolumne,109,53932,1983,1510,7,1517,8
2020-12-11,Ventura,111,848112,29186,24999,1036,26035,202
2020-12-11,Yolo,113,214977,6815,6006,31,6037,95
2020-12-11,Yuba,115,75493,2980,2649,25,2674,10
2020-12-10,Alameda,1,1643700,40221,35686,608,36294,477
2020-12-10,Alpine,3,1148,66,63,0,63,0
2020-12-10,Amador,5,37829,1689,1191,8,1199,18
2020-12-10,Butte,7,227075,5672,4863,484,5347,72
2020-12-10,Calaveras,9,45235,774,684,0,684,21
2020-12-10,Colusa,11,21464,1035,909,27,936,7
2020-12-10,Contra Costa,13,1133247,31797,28413,292,28705,276
2020-12-10,Del Norte,15,27424,566,501,0,501,1
2020-12-10,El Dorado,17,186661,4470,3557,97,3654,9
2020-12-10,Fresno,19,978130,53841,42461,2787,45248,540
2020-12-10,Glenn,21,27897,1242,1126,124,1250,8
2020-12-10,Humboldt,23,135768,1339,1140,4,1144,9
2020-12-10,Imperial,25,180216,20154,18333,262,18595,370
2020-12-10,Inyo,27,18085,441,365,1,366,15
2020-12-10,Kern,29,883053,52604,47176,3016,50192,499
2020-12-10,Kings,31,150075,13824,12993,355,13348,92
2020-12-10,Lake,33,64148,1388,1167,0,1167,21
2020-12-10,Lassen,35,31185,3415,2764,18,2782,0
2020-12-10,Los Angeles,37,10098052,540357,480354,11672,492026,8149
2020-12-10,Madera,39,155013,8359,7445,256,7701,59
2020-12-10,Marin,41,260295,8594,8245,49,8294,140
2020-12-10,Mariposa,43,17540,186,160,2,162,3
2020-12-10,Mendocino,45,87422,1960,1748,17,1765,24
2020-12-10,Merced,47,269075,15218,13756,215,13971,186
2020-12-10,Modoc,49,8938,186,165,52,217,0
2020-12-10,Mono,51,14174,719,601,9,610,3
2020-12-10,Monterey,53,433212,21054,18266,423,18689,145
2020-12-10,Napa,55,140530,4538,3974,22,3996,22
2020-12-10,Nevada,57,99092,2202,1919,59,1978,10
2020-12-10,Orange,59,3164182,112630,95297,3831,99128,1651
2020-12-10,Placer,61,380077,10809,8906,313,9219,90
2020-12-10,Plumas,63,18699,354,281,9,290,0
2020-12-10,Riverside,65,2383286,129500,112794,4334,117128,1552
2020-12-10,Sacramento,67,1510023,51631,46471,307,46778,664
2020-12-10,San Benito,69,59416,2572,2268,20,2288,19
2020-12-10,San Bernardino,71,2135413,142465,120186,3095,123281,1306
2020-12-10,San Diego,73,3302833,113746,99601,0,99601,1114
2020-12-10,San Francisco,75,870044,19278,17945,159,18104,164
2020-12-10,San Joaquin,77,732212,35624,31228,921,32149,534
2020-12-10,San Luis Obispo,79,281455,8196,7245,162,7407,49
2020-12-10,San Mateo,81,765935,19586,16701,23,16724,177
2020-12-10,Santa Barbara,83,443738,14276,12788,300,13088,143
2020-12-10,Santa Clara,85,1922200,51517,43939,168,44107,491
2020-12-10,Santa Cruz,87,273765,6630,5645,131,5776,48
2020-12-10,Shasta,89,179085,7059,6312,426,6738,53
2020-12-10,Sierra,91,2930,23,18,0,18,0
2020-12-10,Siskiyou,93,43540,868,712,67,779,2
2020-12-10,Solano,95,438530,14095,12017,134,12151,90
2020-12-10,Sonoma,97,501317,15616,14282,93,14375,167
2020-12-10,Stanislaus,99,539301,28104,25582,2206,27788,464
2020-12-10,Sutter,101,95872,5126,4528,26,4554,27
2020-12-10,Tehama,103,63373,2396,2190,141,2331,9
2020-12-10,Trinity,105,12862,265,202,21,223,1
2020-12-10,Tulare,107,460477,27175,24506,2569,27075,337
2020-12-10,Tuolumne,109,53932,1724,1451,7,1458,8
2020-12-10,Ventura,111,848112,28334,24075,992,25067,202
2020-12-10,Yolo,113,214977,6695,5896,30,5926,95
2020-12-10,Yuba,115,75493,2916,2604,24,2628,10
2020-12-09,Alameda,1,1643700,39378,35047,586,35633,470
2020-12-09,Alpine,3,1148,66,58,0,58,0
2020-12-09,Amador,5,37829,1646,1121,8,1129,19
2020-12-09,Butte,7,227075,5531,4733,461,5194,70
2020-12-09,Calaveras,9,45235,746,670,0,670,21
2020-12-09,Colusa,11,21464,1020,896,26,922,7
2020-12-09,Contra Costa,13,1133247,31093,28308,280,28588,273
2020-12-09,Del Norte,15,27424,552,481,0,481,2
2020-12-09,El Dorado,17,186661,4334,3449,89,3538,8
2020-12-09,Fresno,19,978130,52845,41954,2628,44582,533
2020-12-09,Glenn,21,27897,1228,1107,118,1225,8
2020-12-09,Humboldt,23,135768,1307,1086,4,1090,10
2020-12-09,Imperial,25,180216,19895,17757,222,17979,368
2020-12-09,Inyo,27,18085,427,356,1,357,15
2020-12-09,Kern,29,883053,51449,46379,2868,49247,494
2020-12-09,Kings,31,150075,13679,12716,346,13062,92
2020-12-09,Lake,33,64148,1361,1158,0,1158,20
2020-12-09,Lassen,35,31185,3346,2331,16,2347,0
2020-12-09,Los Angeles,37,10098052,526934,467971,11098,479069,8075
2020-12-09,Madera,39,155013,8247,7216,251,7467,59
2020-12-09,Marin,41,260295,8535,8182,48,8230,138
2020-12-09,Mariposa,43,17540,184,154,2,156,3
2020-12-09,Mendocino,45,87422,1934,1703,16,1719,24
2020-12-09,Merced,47,269075,14980,13588,207,13795,183
2020-12-09,Modoc,49,8938,181,146,43,189,0
2020-12-09,Mono,51,14174,704,601,9,610,3
2020-12-09,Monterey,53,433212,20660,17891,414,18305,143
2020-12-09,Napa,55,140530,4453,3858,21,3879,21
2020-12-09,Nevada,57,99092,2149,1864,59,1923,10
2020-12-09,Orange,59,3164182,109548,93763,3658,97421,1629
2020-12-09,Placer,61,380077,10541,8588,299,8887,85
2020-12-09,Plumas,63,18699,346,271,9,280,0
2020-12-09,Riverside,65,2383286,125816,110376,4122,114498,1543
2020-12-09,Sacramento,67,1510023,50571,45284,280,45564,659
2020-12-09,San Benito,69,59416,2493,2217,17,2234,19
2020-12-09,San Bernardino,71,2135413,138203,114516,2888,117404,1305
2020-12-09,San Diego,73,3302833,110770,97551,0,97551,1103
2020-12-09,San Francisco,75,870044,18976,17628,158,17786,163
2020-12-09,San Joaquin,77,732212,34802,30539,895,31434,531
2020-12-09,San Luis Obispo,79,281455,7978,7105,154,7259,47
2020-12-09,San Mateo,81,765935,19134,16422,22,16444,175
2020-12-09,Santa Barbara,83,443738,14076,12630,291,12921,142
2020-12-09,Santa Clara,85,1922200,50373,42912,152,43064,489
2020-12-09,Santa Cruz,87,273765,6472,5527,115,5642,47
2020-12-09,Shasta,89,179085,6994,6105,412,6517,52
2020-12-09,Sierra,91,2930,23,18,0,18,0
2020-12-09,Siskiyou,93,43540,857,713,66,779,2
2020-12-09,Solano,95,438530,13749,11862,125,11987,90
2020-12-09,Sonoma,97,501317,15360,13994,90,14084,164
2020-12-09,Stanislaus,99,539301,27606,25157,2144,27301,463
2020-12-09,Sutter,101,95872,5013,4418,22,4440,24
2020-12-09,Tehama,103,63373,2361,2102,138,2240,9
2020-12-09,Trinity,105,12862,257,199,20,219,0
2020-12-09,Tulare,107,460477,26579,24124,2487,26611,334
2020-12-09,Tuolumne,109,53932,1683,1319,7,1326,8
2020-12-09,Ventura,111,848112,27474,23830,948,24778,201
2020-12-09,Yolo,113,214977,6568,5760,28,5788,95
2020-12-09,Yuba,115,75493,2848,2513,23,2536,10
2020-12-08,Alameda,1,1643700,38481,34373,569,34942,469
2020-12-08,Alpine,3,1148,65,53,0,53,0
2020-12-08,Amador,5,37829,1360,1043,8,1051,17
2020-12-08,Butte,7,227075,5375,4651,417,5068,70
2020-12-08,Calaveras,9,45235,722,657,0,657,21
2020-12-08,Colusa,11,21464,1003,875,25,900,6
2020-12-08,Contra Costa,13,1133247,30391,27926,264,28190,270
2020-12-08,Del Norte,15,27424,537,465,0,465,2
2020-12-08,El Dorado,17,186661,4210,3296,77,3373,8
2020-12-08,Fresno,19,978130,51589,41574,2459,44033,529
2020-12-08,Glenn,21,27897,1208,1094,110,1204,8
2020-12-08,Humboldt,23,135768,1281,1059,4,1063,10
2020-12-08,Imperial,25,180216,19377,17568,213,17781,363
2020-12-08,Inyo,27,18085,404,333,1,334,15
2020-12-08,Kern,29,883053,50158,45116,2709,47825,487
2020-12-08,Kings,31,150075,13527,12623,335,12958,90
2020-12-08,Lake,33,64148,1320,1127,0,1127,20
2020-12-08,Lassen,35,31185,3190,2165,16,2181,0
2020-12-08,Los Angeles,37,10098052,514290,459738,10596,470334,8004
2020-12-08,Madera,39,155013,8115,7082,238,7320,59
2020-12-08,Marin,41,260295,8453,8099,47,8146,137
2020-12-08,Mariposa,43,17540,180,150,2,152,2
2020-12-08,Mendocino,45,87422,1892,1666,16,1682,23
2020-12-08,Merced,47,269075,14672,13380,206,13586,181
2020-12-08,Modoc,49,8938,173,138,40,178,0
2020-12-08,Mono,51,14174,685,597,9,606,3
2020-12-08,Monterey,53,433212,20093,17752,407,18159,134
2020-12-08,Napa,55,140530,4365,3778,20,3798,22
2020-12-08,Nevada,57,99092,2095,1809,56,1865,11
2020-12-08,Orange,59,3164182,106347,91406,3487,94893,1629
2020-12-08,Placer,61,380077,10271,8224,293,8517,82
2020-12-08,Plumas,63,18699,336,258,9,267,0
2020-12-08,Riverside,65,2383286,122479,107620,3934,111554,1514
2020-12-08,Sacramento,67,1510023,49504,44635,262,44897,649
2020-12-08,San Benito,69,59416,2437,2180,17,2197,18
2020-12-08,San Bernardino,71,2135413,133861,110676,2759,113435,1301
2020-12-08,San Diego,73,3302833,107400,95447,0,95447,1088
2020-12-08,San Francisco,75,870044,18667,17384,154,17538,162
2020-12-08,San Joaquin,77,732212,33910,30225,862,31087,530
2020-12-08,San Luis Obispo,79,281455,7849,6903,143,7046,45
2020-12-08,San Mateo,81,765935,18736,16305,22,16327,175
2020-12-08,Santa Barbara,83,443738,13892,12516,281,12797,141
2020-12-08,Santa Clara,85,1922200,49069,41309,141,41450,484
2020-12-08,Santa Cruz,87,273765,6295,5374,111,5485,45
2020-12-08,Shasta,89,179085,6885,5946,404,6350,50
2020-12-08,Sierra,91,2930,22,18,0,18,0
2020-12-08,Siskiyou,93,43540,843,704,64,768,2
2020-12-08,Solano,95,438530,13346,11669,123,11792,89
2020-12-08,Sonoma,97,501317,15099,13601,89,13690,164
2020-12-08,Stanislaus,99,539301,27122,24793,2079,26872,461
2020-12-08,Sutter,101,95872,4915,4342,21,4363,24
2020-12-08,Tehama,103,63373,2278,2057,128,2185,9
2020-12-08,Trinity,105,12862,252,198,19,217,0
2020-12-08,Tulare,107,460477,25983,23607,2421,26028,330
2020-12-08,Tuolumne,109,53932,1654,1264,7,1271,7
2020-12-08,Ventura,111,848112,26812,23665,904,24569,195
2020-12-08,Yolo,113,214977,6437,5560,28,5588,90
2020-12-08,Yuba,115,75493,2772,2477,23,2500,10
2020-12-07,Alameda,1,1643700,37618,33887,533,34420,466
2020-12-07,Alpine,3,1148,64,53,0,53,0
2020-12-07,Amador,5,37829,1285,993,7,1000,17
2020-12-07,Butte,7,227075,5239,4604,395,4999,67
2020-12-07,Calaveras,9,45235,690,606,0,606,21
2020-12-07,Colusa,11,21464,978,825,23,848,6
2020-12-07,Contra Costa,13,1133247,29778,27307,251,27558,270
2020-12-07,Del Norte,15,27424,525,424,0,424,2
2020-12-07,El Dorado,17,186661,4030,3275,70,3345,8
2020-12-07,Fresno,19,978130,50123,41098,2331,43429,526
2020-12-07,Glenn,21,27897,1189,1085,104,1189,8
2020-12-07,Humboldt,23,135768,1246,1023,4,1027,9
2020-12-07,Imperial,25,180216,18957,17234,201,17435,364
2020-12-07,Inyo,27,18085,389,333,1,334,15
2020-12-07,Kern,29,883053,49139,44409,2564,46973,486
2020-12-07,Kings,31,150075,13387,12412,322,12734,90
2020-12-07,Lake,33,64148,1291,1090,0,1090,20
2020-12-07,Lassen,35,31185,3093,2167,16,2183,0
2020-12-07,Los Angeles,37,10098052,500668,451052,10129,461181,7937
2020-12-07,Madera,39,155013,7851,6935,232,7167,59
2020-12-07,Marin,41,260295,8396,8049,46,8095,136
2020-12-07,Mariposa,43,17540,177,146,2,148,2
2020-12-07,Mendocino,45,87422,1857,1638,14,1652,23
2020-12-07,Merced,47,269075,14312,13250,196,13446,179
2020-12-07,Modoc,49,8938,166,128,37,165,0
2020-12-07,Mono,51,14174,675,590,9,599,3
2020-12-07,Monterey,53,433212,19612,17746,395,18141,132
2020-12-07,Napa,55,140530,4274,3684,20,3704,21
2020-12-07,Nevada,57,99092,2046,1777,55,1832,11
2020-12-07,Orange,59,3164182,103093,89793,3369,93162,1628
2020-12-07,Placer,61,380077,9946,7911,279,8190,82
2020-12-07,Plumas,63,18699,325,256,5,261,0
2020-12-07,Riverside,65,2383286,119293,102363,3741,106104,1491
2020-12-07,Sacramento,67,1510023,48412,43419,244,43663,638
2020-12-07,San Benito,69,59416,2386,2165,16,2181,18
2020-12-07,San Bernardino,71,2135413,129924,108161,2631,110792,1295
2020-12-07,San Diego,73,3302833,104612,94171,0,94171,1062
2020-12-07,San Francisco,75,870044,18377,17220,146,17366,161
2020-12-07,San Joaquin,77,732212,33035,28188,835,29023,530
2020-12-07,San Luis Obispo,79,281455,7667,6782,136,6918,45
2020-12-07,San Mateo,81,765935,18296,16029,21,16050,175
2020-12-07,Santa Barbara,83,443738,13651,12362,270,12632,141
2020-12-07,Santa Clara,85,1922200,47687,40621,131,40752,484
2020-12-07,Santa Cruz,87,273765,6131,5152,104,5256,41
2020-12-07,Shasta,89,179085,6762,5742,389,6131,50
2020-12-07,Sierra,91,2930,20,18,0,18,0
2020-12-07,Siskiyou,93,43540,817,652,63,715,2
2020-12-07,Solano,95,438530,13007,11354,119,11473,89
2020-12-07,Sonoma,97,501317,14812,13376,89,13465,164
2020-12-07,Stanislaus,99,539301,26568,24479,2025,26504,454
2020-12-07,Sutter,101,95872,4775,4106,21,4127,24
2020-12-07,Tehama,103,63373,2226,2030,122,2152,9
2020-12-07,Trinity,105,12862,249,194,19,213,0
2020-12-07,Tulare,107,460477,25461,22760,2359,25119,328
2020-12-07,Tuolumne,109,53932,1571,1256,6,1262,7
2020-12-07,Ventura,111,848112,26228,23354,867,24221,191
2020-12-07,Yolo,113,214977,6275,5537,27,5564,90
2020-12-07,Yuba,115,75493,2703,2428,21,2449,10
2020-12-06,Alameda,1,1643700,36648,33477,510,33987,465
2020-12-06,Alpine,3,1148,60,53,0,53,0
2020-12-06,Amador,5,37829,1223,952,6,958,17
2020-12-06,Butte,7,227075,5089,4527,359,4886,67
2020-12-06,Calaveras,9,45235,671,606,0,606,21
2020-12-06,Colusa,11,21464,961,824,20,844,6
2020-12-06,Contra Costa,13,1133247,29172,26566,243,26809,270
2020-12-06,Del Norte,15,27424,488,414,0,414,2
2020-12-06,El Dorado,17,186661,3893,3086,65,3151,8
2020-12-06,Fresno,19,978130,49174,40869,2210,43079,526
2020-12-06,Glenn,21,27897,1179,1067,100,1167,8
2020-12-06,Humboldt,23,135768,1221,1004,4,1008,9
2020-12-06,Imperial,25,180216,18645,16922,191,17113,364
2020-12-06,Inyo,27,18085,376,333,1,334,15
2020-12-06,Kern,29,883053,48156,43899,2385,46284,486
2020-12-06,Kings,31,150075,13118,12056,304,12360,90
2020-12-06,Lake,33,64148,1252,1075,0,1075,20
2020-12-06,Lassen,35,31185,2989,2168,14,2182,0
2020-12-06,Los Angeles,37,10098052,487139,443230,9656,452886,7910
2020-12-06,Madera,39,155013,7680,6826,224,7050,59
2020-12-06,Marin,41,260295,8317,8013,44,8057,136
2020-12-06,Mariposa,43,17540,176,144,2,146,2
2020-12-06,Mendocino,45,87422,1816,1614,14,1628,23
2020-12-06,Merced,47,269075,13977,12928,187,13115,179
2020-12-06,Modoc,49,8938,153,125,29,154,0
2020-12-06,Mono,51,14174,652,586,8,594,3
2020-12-06,Monterey,53,433212,18994,17426,385,17811,130
2020-12-06,Napa,55,140530,4162,3644,20,3664,21
2020-12-06,Nevada,57,99092,1988,1710,52,1762,10
2020-12-06,Orange,59,3164182,100036,87737,3234,90971,1627
2020-12-06,Placer,61,380077,9672,7837,257,8094,82
2020-12-06,Plumas,63,18699,312,254,4,258,0
2020-12-06,Riverside,65,2383286,116219,100088,3505,103593,1482
2020-12-06,Sacramento,67,1510023,47170,42808,229,43037,638
2020-12-06,San Benito,69,59416,2349,2135,16,2151,18
2020-12-06,San Bernardino,71,2135413,125796,106927,2467,109394,1286
2020-12-06,San Diego,73,3302833,101582,92173,0,92173,1062
2020-12-06,San Francisco,75,870044,18055,17107,138,17245,161
2020-12-06,San Joaquin,77,732212,32204,28188,807,28995,530
2020-12-06,San Luis Obispo,79,281455,7500,6723,132,6855,45
2020-12-06,San Mateo,81,765935,17793,15855,18,15873,175
2020-12-06,Santa Barbara,83,443738,13421,12252,262,12514,141
2020-12-06,Santa Clara,85,1922200,46313,39112,125,39237,482
2020-12-06,Santa Cruz,87,273765,5959,5069,98,5167,40
2020-12-06,Shasta,89,179085,6621,5743,367,6110,49
2020-12-06,Sierra,91,2930,20,17,0,17,0
2020-12-06,Siskiyou,93,43540,799,652,61,713,2
2020-12-06,Solano,95,438530,12719,11354,109,11463,88
2020-12-06,Sonoma,97,501317,14522,13238,88,13326,164
2020-12-06,Stanislaus,99,539301,26017,24036,1959,25995,454
2020-12-06,Sutter,101,95872,4661,4009,20,4029,21
2020-12-06,Tehama,103,63373,2170,1982,111,2093,9
2020-12-06,Trinity,105,12862,244,181,18,199,0
2020-12-06,Tulare,107,460477,24943,22756,2287,25043,327
2020-12-06,Tuolumne,109,53932,1474,1210,6,1216,7
2020-12-06,Ventura,111,848112,25685,23035,840,23875,191
2020-12-06,Yolo,113,214977,6116,5465,22,5487,90
2020-12-06,Yuba,115,75493,2659,2340,20,2360,10
2020-12-05,Alameda,1,1643700,36289,32781,499,33280,465
2020-12-05,Alpine,3,1148,59,53,0,53,0
2020-12-05,Amador,5,37829,1199,847,6,853,17
2020-12-05,Butte,7,227075,5020,4455,340,4795,66
2020-12-05,Calaveras,9,45235,660,606,0,606,21
2020-12-05,Colusa,11,21464,944,825,17,842,6
2020-12-05,Contra Costa,13,1133247,28879,26217,236,26453,270
2020-12-05,Del Norte,15,27424,482,408,0,408,2
2020-12-05,El Dorado,17,186661,3829,3061,60,3121,8
2020-12-05,Fresno,19,978130,48854,40568,2154,42722,525
2020-12-05,Glenn,21,27897,1166,1056,94,1150,8
2020-12-05,Humboldt,23,135768,1188,979,4,983,9
2020-12-05,Imperial,25,180216,18483,16544,189,16733,362
2020-12-05,Inyo,27,18085,371,332,1,333,15
2020-12-05,Kern,29,883053,47697,43332,2294,45626,484
2020-12-05,Kings,31,150075,13039,11898,301,12199,90
2020-12-05,Lake,33,64148,1227,1069,0,1069,20
2020-12-05,Lassen,35,31185,2798,2168,12,2180,0
2020-12-05,Los Angeles,37,10098052,481368,433120,9314,442434,7888
2020-12-05,Madera,39,155013,7591,6619,217,6836,59
2020-12-05,Marin,41,260295,8291,7961,44,8005,136
2020-12-05,Mariposa,43,17540,171,143,2,145,2
2020-12-05,Mendocino,45,87422,1777,1585,14,1599,23
2020-12-05,Merced,47,269075,13872,12747,176,12923,180
2020-12-05,Modoc,49,8938,153,118,28,146,0
2020-12-05,Mono,51,14174,648,554,8,562,3
2020-12-05,Monterey,53,433212,18848,17077,381,17458,127
2020-12-05,Napa,55,140530,4092,3565,20,3585,21
2020-12-05,Nevada,57,99092,1974,1642,50,1692,10
2020-12-05,Orange,59,3164182,98580,85735,3138,88873,1612
2020-12-05,Placer,61,380077,9554,7811,248,8059,78
2020-12-05,Plumas,63,18699,305,246,1,247,0
2020-12-05,Riverside,65,2383286,114621,98612,3316,101928,1477
2020-12-05,Sacramento,67,1510023,46506,41878,214,42092,625
2020-12-05,San Benito,69,59416,2308,2073,16,2089,18
2020-12-05,San Bernardino,71,2135413,124278,105382,2329,107711,1283
2020-12-05,San Diego,73,3302833,100233,90470,0,90470,1055
2020-12-05,San Francisco,75,870044,17871,16786,134,16920,161
2020-12-05,San Joaquin,77,732212,31945,28105,772,28877,523
2020-12-05,San Luis Obispo,79,281455,7433,6623,129,6752,44
2020-12-05,San Mateo,81,765935,17536,15512,18,15530,175
2020-12-05,Santa Barbara,83,443738,13321,12107,256,12363,141
2020-12-05,Santa Clara,85,1922200,45578,38339,120,38459,474
2020-12-05,Santa Cruz,87,273765,5885,4997,96,5093,40
2020-12-05,Shasta,89,179085,6560,5653,356,6009,49
2020-12-05,Sierra,91,2930,20,17,0,17,0
2020-12-05,Siskiyou,93,43540,791,649,60,709,2
2020-12-05,Solano,95,438530,12550,11351,107,11458,87
2020-12-05,Sonoma,97,501317,14426,13137,88,13225,164
2020-12-05,Stanislaus,99,539301,25712,23662,1923,25585,454
2020-12-05,Sutter,101,95872,4594,3937,20,3957,20
2020-12-05,Tehama,103,63373,2156,1926,109,2035,9
2020-12-05,Trinity,105,12862,243,177,18,195,0
2020-12-05,Tulare,107,460477,24733,22660,2225,24885,324
2020-12-05,Tuolumne,109,53932,1418,1180,6,1186,7
2020-12-05,Ventura,111,848112,25316,22710,824,23534,191
2020-12-05,Yolo,113,214977,6038,5351,21,5372,90
2020-12-05,Yuba,115,75493,2623,2275,20,2295,10
2020-12-04,Alameda,1,1643700,35739,31871,486,32357,465
2020-12-04,Alpine,3,1148,59,53,0,53,0
2020-12-04,Amador,5,37829,1185,766,3,769,16
2020-12-04,Butte,7,227075,4949,4336,318,4654,65
2020-12-04,Calaveras,9,45235,655,585,0,585,21
2020-12-04,Colusa,11,21464,930,790,16,806,6
2020-12-04,Contra Costa,13,1133247,28538,25705,224,25929,264
2020-12-04,Del Norte,15,27424,471,401,0,401,2
2020-12-04,El Dorado,17,186661,3741,2933,57,2990,7
2020-12-04,Fresno,19,978130,48146,40108,2085,42193,522
2020-12-04,Glenn,21,27897,1160,1017,86,1103,8
2020-12-04,Humboldt,23,135768,1170,960,4,964,9
2020-12-04,Imperial,25,180216,18240,16484,189,16673,362
2020-12-04,Inyo,27,18085,363,324,1,325,15
2020-12-04,Kern,29,883053,47150,42497,2188,44685,485
2020-12-04,Kings,31,150075,12946,11767,295,12062,88
2020-12-04,Lake,33,64148,1199,1018,0,1018,20
2020-12-04,Lassen,35,31185,2791,2167,10,2177,0
2020-12-04,Los Angeles,37,10098052,472782,424164,9002,433166,7845
2020-12-04,Madera,39,155013,7502,6479,214,6693,58
2020-12-04,Marin,41,260295,8241,7896,42,7938,136
2020-12-04,Mariposa,43,17540,171,136,2,138,2
2020-12-04,Mendocino,45,87422,1758,1563,13,1576,23
2020-12-04,Merced,47,269075,13757,12474,168,12642,177
2020-12-04,Modoc,49,8938,153,115,28,143,0
2020-12-04,Mono,51,14174,643,549,8,557,3
2020-12-04,Monterey,53,433212,18643,16737,372,17109,127
2020-12-04,Napa,55,140530,4039,3432,20,3452,19
2020-12-04,Nevada,57,99092,1949,1560,47,1607,10
2020-12-04,Orange,59,3164182,96663,83738,3069,86807,1597
2020-12-04,Placer,61,380077,9427,7461,234,7695,76
2020-12-04,Plumas,63,18699,298,232,0,232,0
2020-12-04,Riverside,65,2383286,112431,95255,3153,98408,1475
2020-12-04,Sacramento,67,1510023,45745,41061,197,41258,618
2020-12-04,San Benito,69,59416,2280,2006,16,2022,17
2020-12-04,San Bernardino,71,2135413,122012,102418,2218,104636,1290
2020-12-04,San Diego,73,3302833,98751,88183,0,88183,1047
2020-12-04,San Francisco,75,870044,17682,16499,133,16632,161
2020-12-04,San Joaquin,77,732212,31509,27806,734,28540,522
2020-12-04,San Luis Obispo,79,281455,7348,6473,126,6599,42
2020-12-04,San Mateo,81,765935,17248,15112,17,15129,173
2020-12-04,Santa Barbara,83,443738,13215,11947,248,12195,141
2020-12-04,Santa Clara,85,1922200,44660,37465,114,37579,468
2020-12-04,Santa Cruz,87,273765,5800,4985,94,5079,32
2020-12-04,Shasta,89,179085,6472,5439,346,5785,49
2020-12-04,Sierra,91,2930,19,17,0,17,0
2020-12-04,Siskiyou,93,43540,784,639,57,696,2
2020-12-04,Solano,95,438530,12404,11037,104,11141,87
2020-12-04,Sonoma,97,501317,14278,12962,87,13049,164
2020-12-04,Stanislaus,99,539301,25447,23206,1877,25083,448
2020-12-04,Sutter,101,95872,4522,3791,15,3806,20
2020-12-04,Tehama,103,63373,2117,1876,103,1979,9
2020-12-04,Trinity,105,12862,241,172,18,190,0
2020-12-04,Tulare,107,460477,24452,22273,2150,24423,322
2020-12-04,Tuolumne,109,53932,1387,1134,6,1140,7
2020-12-04,Ventura,111,848112,24940,22024,806,22830,189
2020-12-04,Yolo,113,214977,5964,5294,20,5314,87
2020-12-04,Yuba,115,75493,2580,2225,19,2244,10
2020-12-03,Alameda,1,1643700,34981,31184,467,31651,465
2020-12-03,Alpine,3,1148,58,53,0,53,0
2020-12-03,Amador,5,37829,1134,653,3,656,16
2020-12-03,Butte,7,227075,4855,4305,297,4602,65
2020-12-03,Calaveras,9,45235,636,572,0,572,21
2020-12-03,Colusa,11,21464,917,774,16,790,6
2020-12-03,Contra Costa,13,1133247,28040,25464,216,25680,265
2020-12-03,Del Norte,15,27424,467,388,0,388,2
2020-12-03,El Dorado,17,186661,3615,2740,55,2795,6
2020-12-03,Fresno,19,978130,47399,39680,2010,41690,516
2020-12-03,Glenn,21,27897,1143,997,77,1074,8
2020-12-03,Humboldt,23,135768,1140,923,4,927,9
2020-12-03,Imperial,25,180216,18035,16436,178,16614,359
2020-12-03,Inyo,27,18085,360,321,1,322,15
2020-12-03,Kern,29,883053,46309,42062,2081,44143,483
2020-12-03,Kings,31,150075,12847,11658,282,11940,87
2020-12-03,Lake,33,64148,1185,991,0,991,20
2020-12-03,Lassen,35,31185,2751,2128,9,2137,0
2020-12-03,Los Angeles,37,10098052,462712,415805,8621,424426,7787
2020-12-03,Madera,39,155013,7381,6398,210,6608,58
2020-12-03,Marin,41,260295,8182,7861,38,7899,136
2020-12-03,Mariposa,43,17540,167,132,2,134,2
2020-12-03,Mendocino,45,87422,1742,1547,9,1556,23
2020-12-03,Merced,47,269075,13511,12310,160,12470,177
2020-12-03,Modoc,49,8938,151,114,28,142,0
2020-12-03,Mono,51,14174,622,527,8,535,3
2020-12-03,Monterey,53,433212,18181,16218,361,16579,125
2020-12-03,Napa,55,140530,3926,3360,20,3380,19
2020-12-03,Nevada,57,99092,1872,1472,46,1518,10
2020-12-03,Orange,59,3164182,94151,82187,2996,85183,1591
2020-12-03,Placer,61,380077,9221,7270,218,7488,73
2020-12-03,Plumas,63,18699,284,223,0,223,0
2020-12-03,Riverside,65,2383286,109684,92489,2980,95469,1461
2020-12-03,Sacramento,67,1510023,44697,40280,184,40464,614
2020-12-03,San Benito,69,59416,2236,1967,16,1983,16
2020-12-03,San Bernardino,71,2135413,118693,100787,2129,102916,1283
2020-12-03,San Diego,73,3302833,96943,86144,0,86144,1040
2020-12-03,San Francisco,75,870044,17460,16236,132,16368,161
2020-12-03,San Joaquin,77,732212,30789,27239,685,27924,522
2020-12-03,San Luis Obispo,79,281455,7180,6388,125,6513,42
2020-12-03,San Mateo,81,765935,16897,14909,16,14925,173
2020-12-03,Santa Barbara,83,443738,13087,11829,242,12071,141
2020-12-03,Santa Clara,85,1922200,43464,36621,108,36729,465
2020-12-03,Santa Cruz,87,273765,5658,4850,90,4940,28
2020-12-03,Shasta,89,179085,6363,5330,339,5669,48
2020-12-03,Sierra,91,2930,19,17,0,17,0
2020-12-03,Siskiyou,93,43540,769,629,54,683,2
2020-12-03,Solano,95,438530,12193,10857,101,10958,87
2020-12-03,Sonoma,97,501317,14034,12772,86,12858,164
2020-12-03,Stanislaus,99,539301,25042,22821,1824,24645,447
2020-12-03,Sutter,101,95872,4439,3727,14,3741,20
2020-12-03,Tehama,103,63373,2066,1832,94,1926,9
2020-12-03,Trinity,105,12862,239,166,18,184,0
2020-12-03,Tulare,107,460477,24057,21993,2054,24047,321
2020-12-03,Tuolumne,109,53932,1346,1105,6,1111,7
2020-12-03,Ventura,111,848112,24237,21555,791,22346,187
2020-12-03,Yolo,113,214977,5826,5069,20,5089,87
2020-12-03,Yuba,115,75493,2511,2182,17,2199,10
2020-12-02,Alameda,1,1643700,34359,30697,455,31152,463
2020-12-02,Alpine,3,1148,57,52,0,52,0
2020-12-02,Amador,5,37829,1062,585,3,588,16
2020-12-02,Butte,7,227075,4733,4243,287,4530,65
2020-12-02,Calaveras,9,45235,619,553,0,553,21
2020-12-02,Colusa,11,21464,901,756,15,771,6
2020-12-02,Contra Costa,13,1133247,27583,25147,203,25350,264
2020-12-02,Del Norte,15,27424,453,384,0,384,2
2020-12-02,El Dorado,17,186661,3515,2638,49,2687,5
2020-12-02,Fresno,19,978130,46654,39324,1900,41224,507
2020-12-02,Glenn,21,27897,1126,995,69,1064,7
2020-12-02,Humboldt,23,135768,1114,899,4,903,9
2020-12-02,Imperial,25,180216,17611,16360,169,16529,356
2020-12-02,Inyo,27,18085,353,314,1,315,15
2020-12-02,Kern,29,883053,45419,41660,1976,43636,479
2020-12-02,Kings,31,150075,12494,11531,268,11799,86
2020-12-02,Lake,33,64148,1156,971,0,971,20
2020-12-02,Lassen,35,31185,2692,2115,9,2124,0
2020-12-02,Los Angeles,37,10098052,452698,408289,8262,416551,7739
2020-12-02,Madera,39,155013,7258,6370,202,6572,57
2020-12-02,Marin,41,260295,8136,7819,36,7855,136
2020-12-02,Mariposa,43,17540,164,131,2,133,2
2020-12-02,Mendocino,45,87422,1709,1524,9,1533,23
2020-12-02,Merced,47,269075,13269,12168,153,12321,173
2020-12-02,Modoc,49,8938,148,113,28,141,0
2020-12-02,Mono,51,14174,613,520,8,528,3
2020-12-02,Monterey,53,433212,17704,16064,322,16386,121
2020-12-02,Napa,55,140530,3823,3298,19,3317,19
2020-12-02,Nevada,57,99092,1810,1430,45,1475,9
2020-12-02,Orange,59,3164182,91958,81046,2915,83961,1569
2020-12-02,Placer,61,380077,8989,6941,203,7144,73
2020-12-02,Plumas,63,18699,271,218,0,218,0
2020-12-02,Riverside,65,2383286,106973,90089,2791,92880,1451
2020-12-02,Sacramento,67,1510023,43668,39334,173,39507,597
2020-12-02,San Benito,69,59416,2172,1921,16,1937,16
2020-12-02,San Bernardino,71,2135413,115140,98567,2011,100578,1240
2020-12-02,San Diego,73,3302833,95029,84640,0,84640,1035
2020-12-02,San Francisco,75,870044,17222,16058,130,16188,157
2020-12-02,San Joaquin,77,732212,30168,26740,661,27401,519
2020-12-02,San Luis Obispo,79,281455,7082,6324,122,6446,42
2020-12-02,San Mateo,81,765935,16535,14757,15,14772,170
2020-12-02,Santa Barbara,83,443738,12936,11705,229,11934,140
2020-12-02,Santa Clara,85,1922200,42347,35878,107,35985,458
2020-12-02,Santa Cruz,87,273765,5526,4766,87,4853,27
2020-12-02,Shasta,89,179085,6239,5188,322,5510,47
2020-12-02,Sierra,91,2930,19,17,0,17,0
2020-12-02,Siskiyou,93,43540,753,624,52,676,1
2020-12-02,Solano,95,438530,11948,10701,96,10797,87
2020-12-02,Sonoma,97,501317,13794,12635,85,12720,163
2020-12-02,Stanislaus,99,539301,24547,22615,1764,24379,448
2020-12-02,Sutter,101,95872,4278,3604,14,3618,18
2020-12-02,Tehama,103,63373,2023,1800,78,1878,9
2020-12-02,Trinity,105,12862,232,165,18,183,0
2020-12-02,Tulare,107,460477,23681,21789,1967,23756,321
2020-12-02,Tuolumne,109,53932,1306,1076,6,1082,7
2020-12-02,Ventura,111,848112,23829,21208,772,21980,186
2020-12-02,Yolo,113,214977,5715,5053,19,5072,87
2020-12-02,Yuba,115,75493,2434,2119,16,2135,10
2020-12-01,Alameda,1,1643700,33672,30252,443,30695,460
2020-12-01,Alpine,3,1148,57,41,0,41,0
2020-12-01,Amador,5,37829,915,575,2,577,16
2020-12-01,Butte,7,227075,4629,4177,271,4448,65
2020-12-01,Calaveras,9,45235,601,544,0,544,21
2020-12-01,Colusa,11,21464,884,747,15,762,6
2020-12-01,Contra Costa,13,1133247,27010,24788,195,24983,264
2020-12-01,Del Norte,15,27424,425,357,0,357,2
2020-12-01,El Dorado,17,186661,3370,2542,44,2586,4
2020-12-01,Fresno,19,978130,45756,39004,1816,40820,505
2020-12-01,Glenn,21,27897,1105,989,65,1054,7
2020-12-01,Humboldt,23,135768,1083,886,4,890,9
2020-12-01,Imperial,25,180216,17298,16278,166,16444,356
2020-12-01,Inyo,27,18085,346,304,1,305,15
2020-12-01,Kern,29,883053,44619,41345,1840,43185,478
2020-12-01,Kings,31,150075,12181,11415,252,11667,86
2020-12-01,Lake,33,64148,1138,969,0,969,19
2020-12-01,Lassen,35,31185,2526,2047,8,2055,0
2020-12-01,Los Angeles,37,10098052,442359,403266,7920,411186,7704
2020-12-01,Madera,39,155013,7142,6270,193,6463,57
2020-12-01,Marin,41,260295,8066,7787,35,7822,136
2020-12-01,Mariposa,43,17540,159,128,2,130,2
2020-12-01,Mendocino,45,87422,1675,1497,9,1506,23
2020-12-01,Merced,47,269075,13026,12032,144,12176,172
2020-12-01,Modoc,49,8938,143,113,24,137,0
2020-12-01,Mono,51,14174,603,520,8,528,3
2020-12-01,Monterey,53,433212,17197,15835,312,16147,121
2020-12-01,Napa,55,140530,3739,3124,18,3142,19
2020-12-01,Nevada,57,99092,1748,1411,44,1455,9
2020-12-01,Orange,59,3164182,89862,79468,2824,82292,1567
2020-12-01,Placer,61,380077,8662,6794,196,6990,72
2020-12-01,Plumas,63,18699,259,201,0,201,0
2020-12-01,Riverside,65,2383286,104178,88530,2623,91153,1448
2020-12-01,Sacramento,67,1510023,42621,38966,168,39134,589
2020-12-01,San Benito,69,59416,2117,1888,16,1904,15
2020-12-01,San Bernardino,71,2135413,111673,95854,1880,97734,1220
2020-12-01,San Diego,73,3302833,92772,83423,0,83423,1019
2020-12-01,San Francisco,75,870044,16941,15797,126,15923,157
2020-12-01,San Joaquin,77,732212,29366,26432,639,27071,514
2020-12-01,San Luis Obispo,79,281455,6942,6264,117,6381,40
2020-12-01,San Mateo,81,765935,16210,14495,15,14510,170
2020-12-01,Santa Barbara,83,443738,12796,11611,219,11830,140
2020-12-01,Santa Clara,85,1922200,41091,35397,102,35499,452
2020-12-01,Santa Cruz,87,273765,5370,4638,79,4717,27
2020-12-01,Shasta,89,179085,6111,5077,300,5377,47
2020-12-01,Sierra,91,2930,19,17,0,17,0
2020-12-01,Siskiyou,93,43540,739,608,48,656,1
2020-12-01,Solano,95,438530,11690,10604,90,10694,87
2020-12-01,Sonoma,97,501317,13589,12491,82,12573,163
2020-12-01,Stanislaus,99,539301,24092,22351,1706,24057,447
2020-12-01,Sutter,101,95872,4137,3538,14,3552,17
2020-12-01,Tehama,103,63373,1964,1773,69,1842,9
2020-12-01,Trinity,105,12862,223,165,17,182,0
2020-12-01,Tulare,107,460477,23229,21645,1892,23537,319
2020-12-01,Tuolumne,109,53932,1270,1052,3,1055,7
2020-12-01,Ventura,111,848112,23216,20604,750,21354,186
2020-12-01,Yolo,113,214977,5575,4928,19,4947,86
2020-12-01,Yuba,115,75493,2368,2088,15,2103,10
2020-11-30,Alameda,1,1643700,32856,29972,425,30397,457
2020-11-30,Alpine,3,1148,55,41,0,41,0
2020-11-30,Amador,5,37829,874,559,2,561,16
2020-11-30,Butte,7,227075,4512,4148,254,4402,65
2020-11-30,Calaveras,9,45235,579,478,0,478,21
2020-11-30,Colusa,11,21464,857,737,11,748,6
2020-11-30,Contra Costa,13,1133247,26434,24365,191,24556,264
2020-11-30,Del Norte,15,27424,402,339,0,339,2
2020-11-30,El Dorado,17,186661,3196,2488,39,2527,4
2020-11-30,Fresno,19,978130,44650,38712,1696,40408,500
2020-11-30,Glenn,21,27897,1082,954,60,1014,5
2020-11-30,Humboldt,23,135768,1036,870,4,874,9
2020-11-30,Imperial,25,180216,17046,16212,140,16352,356
2020-11-30,Inyo,27,18085,341,304,1,305,15
2020-11-30,Kern,29,883053,43863,40941,1696,42637,473
2020-11-30,Kings,31,150075,12035,11346,235,11581,85
2020-11-30,Lake,33,64148,1107,939,0,939,18
2020-11-30,Lassen,35,31185,2433,1793,8,1801,0
2020-11-30,Los Angeles,37,10098052,431714,396202,7572,403774,7658
2020-11-30,Madera,39,155013,6974,6210,179,6389,57
2020-11-30,Marin,41,260295,8024,7764,34,7798,136
2020-11-30,Mariposa,43,17540,152,123,2,125,2
2020-11-30,Mendocino,45,87422,1648,1482,9,1491,23
2020-11-30,Merced,47,269075,12752,11913,133,12046,172
2020-11-30,Modoc,49,8938,133,113,24,137,0
2020-11-30,Mono,51,14174,581,519,8,527,3
2020-11-30,Monterey,53,433212,16768,15837,304,16141,119
2020-11-30,Napa,55,140530,3640,3091,17,3108,18
2020-11-30,Nevada,57,99092,1661,1347,41,1388,9
2020-11-30,Orange,59,3164182,87757,78711,2726,81437,1568
2020-11-30,Placer,61,380077,8366,6575,183,6758,72
2020-11-30,Plumas,63,18699,248,192,0,192,0
2020-11-30,Riverside,65,2383286,101192,87722,2468,90190,1446
2020-11-30,Sacramento,67,1510023,41543,37834,160,37994,586
2020-11-30,San Benito,69,59416,2068,1875,15,1890,15
2020-11-30,San Bernardino,71,2135413,107947,92704,1761,94465,1220
2020-11-30,San Diego,73,3302833,90412,82045,0,82045,997
2020-11-30,San Francisco,75,870044,16643,15638,123,15761,157
2020-11-30,San Joaquin,77,732212,28662,25742,612,26354,509
2020-11-30,San Luis Obispo,79,281455,6807,6224,115,6339,36
2020-11-30,San Mateo,81,765935,15849,14276,15,14291,170
2020-11-30,Santa Barbara,83,443738,12618,11572,212,11784,140
2020-11-30,Santa Clara,85,1922200,39884,35019,101,35120,451
2020-11-30,Santa Cruz,87,273765,5231,4558,75,4633,26
2020-11-30,Shasta,89,179085,5970,4933,266,5199,44
2020-11-30,Sierra,91,2930,19,16,0,16,0
2020-11-30,Siskiyou,93,43540,730,605,44,649,1
2020-11-30,Solano,95,438530,11428,10392,85,10477,87
2020-11-30,Sonoma,97,501317,13343,12232,78,12310,163
2020-11-30,Stanislaus,99,539301,23634,22110,1660,23770,446
2020-11-30,Sutter,101,95872,3980,3430,13,3443,16
2020-11-30,Tehama,103,63373,1916,1724,63,1787,9
2020-11-30,Trinity,105,12862,217,162,17,179,0
2020-11-30,Tulare,107,460477,22845,20833,1795,22628,319
2020-11-30,Tuolumne,109,53932,1225,1027,3,1030,7
2020-11-30,Ventura,111,848112,22457,20308,734,21042,180
2020-11-30,Yolo,113,214977,5463,4894,19,4913,81
2020-11-30,Yuba,115,75493,2308,2028,13,2041,10
2020-11-29,Alameda,1,1643700,32071,29918,403,30321,457
2020-11-29,Alpine,3,1148,52,41,0,41,0
2020-11-29,Amador,5,37829,723,548,2,550,16
2020-11-29,Butte,7,227075,4414,4008,232,4240,65
2020-11-29,Calaveras,9,45235,547,478,0,478,21
2020-11-29,Colusa,11,21464,828,723,7,730,6
2020-11-29,Contra Costa,13,1133247,25931,24165,185,24350,264
2020-11-29,Del Norte,15,27424,396,339,0,339,2
2020-11-29,El Dorado,17,186661,3066,2447,38,2485,4
2020-11-29,Fresno,19,978130,43702,38568,1620,40188,500
2020-11-29,Glenn,21,27897,1059,951,58,1009,4
2020-11-29,Humboldt,23,135768,1007,856,4,860,9
2020-11-29,Imperial,25,180216,16819,16138,111,16249,356
2020-11-29,Inyo,27,18085,326,289,1,290,15
2020-11-29,Kern,29,883053,43105,40596,1545,42141,473
2020-11-29,Kings,31,150075,11887,11247,215,11462,85
2020-11-29,Lake,33,64148,1083,927,0,927,18
2020-11-29,Lassen,35,31185,2330,1793,8,1801,0
2020-11-29,Los Angeles,37,10098052,421344,391162,7253,398415,7642
2020-11-29,Madera,39,155013,6831,6184,173,6357,57
2020-11-29,Marin,41,260295,7958,7739,32,7771,135
2020-11-29,Mariposa,43,17540,148,123,2,125,2
2020-11-29,Mendocino,45,87422,1614,1473,9,1482,23
2020-11-29,Merced,47,269075,12513,11773,124,11897,172
2020-11-29,Modoc,49,8938,129,105,22,127,0
2020-11-29,Mono,51,14174,558,515,8,523,3
2020-11-29,Monterey,53,433212,16457,15621,297,15918,119
2020-11-29,Napa,55,140530,3535,3090,16,3106,18
2020-11-29,Nevada,57,99092,1580,1311,39,1350,9
2020-11-29,Orange,59,3164182,85735,78057,2677,80734,1567
2020-11-29,Placer,61,380077,8082,6535,169,6704,72
2020-11-29,Plumas,63,18699,243,191,0,191,0
2020-11-29,Riverside,65,2383286,98811,87383,2312,89695,1442
2020-11-29,Sacramento,67,1510023,40467,37415,152,37567,585
2020-11-29,San Benito,69,59416,2024,1860,15,1875,15
2020-11-29,San Bernardino,71,2135413,104609,92052,1656,93708,1223
2020-11-29,San Diego,73,3302833,88001,81086,0,81086,997
2020-11-29,San Francisco,75,870044,16363,15571,116,15687,153
2020-11-29,San Joaquin,77,732212,27921,25740,606,26346,509
2020-11-29,San Luis Obispo,79,281455,6685,6145,115,6260,36
2020-11-29,San Mateo,81,765935,15515,14177,15,14192,169
2020-11-29,Santa Barbara,83,443738,12464,11520,208,11728,140
2020-11-29,Santa Clara,85,1922200,38679,34234,95,34329,451
2020-11-29,Santa Cruz,87,273765,5072,4490,73,4563,26
2020-11-29,Shasta,89,179085,5799,4935,234,5169,43
2020-11-29,Sierra,91,2930,19,16,0,16,0
2020-11-29,Siskiyou,93,43540,707,590,42,632,1
2020-11-29,Solano,95,438530,11196,10393,81,10474,87
2020-11-29,Sonoma,97,501317,13090,12052,74,12126,163
2020-11-29,Stanislaus,99,539301,23142,21701,1620,23321,446
2020-11-29,Sutter,101,95872,3863,3297,13,3310,16
2020-11-29,Tehama,103,63373,1865,1710,47,1757,9
2020-11-29,Trinity,105,12862,214,159,16,175,0
2020-11-29,Tulare,107,460477,22486,20793,1710,22503,319
2020-11-29,Tuolumne,109,53932,1189,988,3,991,7
2020-11-29,Ventura,111,848112,21773,19952,721,20673,179
2020-11-29,Yolo,113,214977,5325,4830,18,4848,80
2020-11-29,Yuba,115,75493,2252,1959,13,1972,10
2020-11-28,Alameda,1,1643700,31762,29368,398,29766,456
2020-11-28,Alpine,3,1148,52,41,0,41,0
2020-11-28,Amador,5,37829,646,536,2,538,16
2020-11-28,Butte,7,227075,4356,3894,228,4122,65
2020-11-28,Calaveras,9,45235,543,478,0,478,21
2020-11-28,Colusa,11,21464,819,711,5,716,6
2020-11-28,Contra Costa,13,1133247,25597,23798,181,23979,264
2020-11-28,Del Norte,15,27424,386,328,0,328,2
2020-11-28,El Dorado,17,186661,2998,2415,32,2447,4
2020-11-28,Fresno,19,978130,43358,38288,1579,39867,500
2020-11-28,Glenn,21,27897,1048,925,54,979,4
2020-11-28,Humboldt,23,135768,973,844,4,848,9
2020-11-28,Imperial,25,180216,16755,16019,109,16128,356
2020-11-28,Inyo,27,18085,318,289,1,290,15
2020-11-28,Kern,29,883053,42744,40255,1456,41711,473
2020-11-28,Kings,31,150075,11823,11070,206,11276,85
2020-11-28,Lake,33,64148,1068,920,0,920,18
2020-11-28,Lassen,35,31185,2263,1714,8,1722,0
2020-11-28,Los Angeles,37,10098052,416437,386194,7091,393285,7625
2020-11-28,Madera,39,155013,6729,6119,166,6285,57
2020-11-28,Marin,41,260295,7929,7696,28,7724,135
2020-11-28,Mariposa,43,17540,145,120,2,122,2
2020-11-28,Mendocino,45,87422,1583,1458,9,1467,22
2020-11-28,Merced,47,269075,12416,11688,117,11805,172
2020-11-28,Modoc,49,8938,126,103,22,125,0
2020-11-28,Mono,51,14174,552,505,8,513,3
2020-11-28,Monterey,53,433212,16291,15328,293,15621,118
2020-11-28,Napa,55,140530,3484,3033,15,3048,18
2020-11-28,Nevada,57,99092,1552,1272,37,1309,9
2020-11-28,Orange,59,3164182,84640,76882,2629,79511,1568
2020-11-28,Placer,61,380077,7926,6497,166,6663,70
2020-11-28,Plumas,63,18699,236,188,0,188,0
2020-11-28,Riverside,65,2383286,97409,86854,2205,89059,1440
2020-11-28,Sacramento,67,1510023,39885,36905,148,37053,580
2020-11-28,San Benito,69,59416,1978,1835,15,1850,15
2020-11-28,San Bernardino,71,2135413,103216,91183,1552,92735,1224
2020-11-28,San Diego,73,3302833,86748,80020,0,80020,997
2020-11-28,San Francisco,75,870044,16186,15450,108,15558,153
2020-11-28,San Joaquin,77,732212,27726,25742,591,26333,509
2020-11-28,San Luis Obispo,79,281455,6615,6106,111,6217,36
2020-11-28,San Mateo,81,765935,15325,14040,15,14055,169
2020-11-28,Santa Barbara,83,443738,12362,11481,203,11684,140
2020-11-28,Santa Clara,85,1922200,37933,33701,93,33794,449
2020-11-28,Santa Cruz,87,273765,4995,4426,73,4499,26
2020-11-28,Shasta,89,179085,5721,4882,227,5109,43
2020-11-28,Sierra,91,2930,19,16,0,16,0
2020-11-28,Siskiyou,93,43540,697,558,39,597,1
2020-11-28,Solano,95,438530,11077,10252,79,10331,87
2020-11-28,Sonoma,97,501317,12987,12008,64,12072,162
2020-11-28,Stanislaus,99,539301,22907,21574,1582,23156,446
2020-11-28,Sutter,101,95872,3779,3244,13,3257,15
2020-11-28,Tehama,103,63373,1849,1678,43,1721,9
2020-11-28,Trinity,105,12862,212,157,14,171,0
2020-11-28,Tulare,107,460477,22297,20701,1662,22363,319
2020-11-28,Tuolumne,109,53932,1167,976,3,979,7
2020-11-28,Ventura,111,848112,21475,19510,711,20221,179
2020-11-28,Yolo,113,214977,5251,4739,16,4755,80
2020-11-28,Yuba,115,75493,2198,1912,13,1925,10
2020-11-27,Alameda,1,1643700,31324,29064,387,29451,450
2020-11-27,Alpine,3,1148,52,41,0,41,0
2020-11-27,Amador,5,37829,599,498,1,499,16
2020-11-27,Butte,7,227075,4315,3894,222,4116,65
2020-11-27,Calaveras,9,45235,534,478,0,478,21
2020-11-27,Colusa,11,21464,802,694,3,697,6
2020-11-27,Contra Costa,13,1133247,25338,23463,175,23638,264
2020-11-27,Del Norte,15,27424,380,307,0,307,2
2020-11-27,El Dorado,17,186661,2926,2238,29,2267,4
2020-11-27,Fresno,19,978130,42952,37994,1519,39513,500
2020-11-27,Glenn,21,27897,1035,891,49,940,4
2020-11-27,Humboldt,23,135768,954,795,3,798,9
2020-11-27,Imperial,25,180216,16688,15960,99,16059,356
2020-11-27,Inyo,27,18085,312,289,1,290,15
2020-11-27,Kern,29,883053,42326,39707,1380,41087,473
2020-11-27,Kings,31,150075,11737,10667,188,10855,85
2020-11-27,Lake,33,64148,1032,909,0,909,18
2020-11-27,Lassen,35,31185,2251,1714,8,1722,0
2020-11-27,Los Angeles,37,10098052,409941,382740,6924,389664,7606
2020-11-27,Madera,39,155013,6657,6050,160,6210,57
2020-11-27,Marin,41,260295,7886,7660,28,7688,135
2020-11-27,Mariposa,43,17540,143,118,2,120,2
2020-11-27,Mendocino,45,87422,1568,1387,8,1395,22
2020-11-27,Merced,47,269075,12310,11550,110,11660,172
2020-11-27,Modoc,49,8938,125,100,22,122,0
2020-11-27,Mono,51,14174,548,498,8,506,3
2020-11-27,Monterey,53,433212,16124,14753,293,15046,113
2020-11-27,Napa,55,140530,3444,2988,15,3003,18
2020-11-27,Nevada,57,99092,1522,1184,35,1219,9
2020-11-27,Orange,59,3164182,83354,75151,2589,77740,1568
2020-11-27,Placer,61,380077,7770,6283,156,6439,68
2020-11-27,Plumas,63,18699,233,188,0,188,0
2020-11-27,Riverside,65,2383286,95810,85769,2043,87812,1440
2020-11-27,Sacramento,67,1510023,39264,36579,144,36723,579
2020-11-27,San Benito,69,59416,1944,1805,14,1819,15
2020-11-27,San Bernardino,71,2135413,101709,90254,1467,91721,1224
2020-11-27,San Diego,73,3302833,85555,78161,0,78161,996
2020-11-27,San Francisco,75,870044,16031,15377,106,15483,153
2020-11-27,San Joaquin,77,732212,27506,25741,570,26311,509
2020-11-27,San Luis Obispo,79,281455,6532,6039,108,6147,36
2020-11-27,San Mateo,81,765935,15122,13872,14,13886,169
2020-11-27,Santa Barbara,83,443738,12269,11340,200,11540,140
2020-11-27,Santa Clara,85,1922200,37257,32935,86,33021,449
2020-11-27,Santa Cruz,87,273765,4924,4358,71,4429,26
2020-11-27,Shasta,89,179085,5644,4710,214,4924,43
2020-11-27,Sierra,91,2930,18,16,0,16,0
2020-11-27,Siskiyou,93,43540,682,554,36,590,1
2020-11-27,Solano,95,438530,10958,10044,76,10120,87
2020-11-27,Sonoma,97,501317,12855,11924,62,11986,162
2020-11-27,Stanislaus,99,539301,22681,21185,1551,22736,446
2020-11-27,Sutter,101,95872,3713,3101,12,3113,15
2020-11-27,Tehama,103,63373,1821,1649,39,1688,9
2020-11-27,Trinity,105,12862,208,151,14,165,0
2020-11-27,Tulare,107,460477,22111,20634,1603,22237,319
2020-11-27,Tuolumne,109,53932,1135,881,3,884,7
2020-11-27,Ventura,111,848112,21153,19379,689,20068,179
2020-11-27,Yolo,113,214977,5202,4737,16,4753,79
2020-11-27,Yuba,115,75493,2169,1864,12,1876,10
2020-11-26,Alameda,1,1643700,30912,28797,368,29165,447
2020-11-26,Alpine,3,1148,52,41,0,41,0
2020-11-26,Amador,5,37829,591,488,1,489,16
2020-11-26,Butte,7,227075,4252,3894,216,4110,65
2020-11-26,Calaveras,9,45235,506,478,0,478,21
2020-11-26,Colusa,11,21464,788,694,3,697,6
2020-11-26,Contra Costa,13,1133247,25004,23468,169,23637,264
2020-11-26,Del Norte,15,27424,369,307,0,307,2
2020-11-26,El Dorado,17,186661,2845,2217,27,2244,4
2020-11-26,Fresno,19,978130,42551,37724,1472,39196,500
2020-11-26,Glenn,21,27897,1020,892,46,938,4
2020-11-26,Humboldt,23,135768,931,795,2,797,9
2020-11-26,Imperial,25,180216,16580,15722,94,15816,355
2020-11-26,Inyo,27,18085,311,289,1,290,15
2020-11-26,Kern,29,883053,41889,39123,1308,40431,471
2020-11-26,Kings,31,150075,11682,10475,175,10650,85
2020-11-26,Lake,33,64148,1019,890,0,890,18
2020-11-26,Lassen,35,31185,2236,1714,8,1722,0
2020-11-26,Los Angeles,37,10098052,404807,378340,6674,385014,7581
2020-11-26,Madera,39,155013,6583,6003,154,6157,57
2020-11-26,Marin,41,260295,7849,7610,28,7638,135
2020-11-26,Mariposa,43,17540,138,116,2,118,2
2020-11-26,Mendocino,45,87422,1554,1387,6,1393,22
2020-11-26,Merced,47,269075,12162,11440,108,11548,172
2020-11-26,Modoc,49,8938,123,100,22,122,0
2020-11-26,Mono,51,14174,540,485,8,493,2
2020-11-26,Monterey,53,433212,15888,14750,285,15035,113
2020-11-26,Napa,55,140530,3379,2988,15,3003,18
2020-11-26,Nevada,57,99092,1476,1184,35,1219,9
2020-11-26,Orange,59,3164182,81992,74264,2522,76786,1563
2020-11-26,Placer,61,380077,7605,6278,147,6425,68
2020-11-26,Plumas,63,18699,225,188,0,188,0
2020-11-26,Riverside,65,2383286,94222,85774,1909,87683,1440
2020-11-26,Sacramento,67,1510023,38621,35854,136,35990,580
2020-11-26,San Benito,69,59416,1917,1769,14,1783,15
2020-11-26,San Bernardino,71,2135413,100067,89727,1371,91098,1223
2020-11-26,San Diego,73,3302833,83945,76359,0,76359,996
2020-11-26,San Francisco,75,870044,15894,15156,103,15259,153
2020-11-26,San Joaquin,77,732212,27253,25738,556,26294,509
2020-11-26,San Luis Obispo,79,281455,6439,5964,105,6069,36
2020-11-26,San Mateo,81,765935,14935,13715,12,13727,169
2020-11-26,Santa Barbara,83,443738,12188,11277,199,11476,139
2020-11-26,Santa Clara,85,1922200,36616,32411,77,32488,446
2020-11-26,Santa Cruz,87,273765,4794,4269,65,4334,26
2020-11-26,Shasta,89,179085,5563,4712,202,4914,43
2020-11-26,Sierra,91,2930,18,15,0,15,0
2020-11-26,Siskiyou,93,43540,672,526,35,561,1
2020-11-26,Solano,95,438530,10815,9941,74,10015,87
2020-11-26,Sonoma,97,501317,12707,11922,60,11982,162
2020-11-26,Stanislaus,99,539301,22453,21186,1507,22693,445
2020-11-26,Sutter,101,95872,3619,3101,11,3112,15
2020-11-26,Tehama,103,63373,1780,1612,35,1647,9
2020-11-26,Trinity,105,12862,204,139,14,153,0
2020-11-26,Tulare,107,460477,21877,20649,1534,22183,319
2020-11-26,Tuolumne,109,53932,1107,871,3,874,7
2020-11-26,Ventura,111,848112,20657,19058,674,19732,179
2020-11-26,Yolo,113,214977,5114,4566,16,4582,76
2020-11-26,Yuba,115,75493,2111,1865,10,1875,10
2020-11-25,Alameda,1,1643700,30696,28378,360,28738,447
2020-11-25,Alpine,3,1148,52,41,0,41,0
2020-11-25,Amador,5,37829,581,484,1,485,16
2020-11-25,Butte,7,227075,4222,3848,213,4061,64
2020-11-25,Calaveras,9,45235,503,475,0,475,21
2020-11-25,Colusa,11,21464,771,693,3,696,6
2020-11-25,Contra Costa,13,1133247,24849,23307,168,23475,263
2020-11-25,Del Norte,15,27424,368,304,0,304,2
2020-11-25,El Dorado,17,186661,2809,2154,27,2181,4
2020-11-25,Fresno,19,978130,42319,37349,1450,38799,494
2020-11-25,Glenn,21,27897,1003,891,44,935,4
2020-11-25,Humboldt,23,135768,923,777,2,779,9
2020-11-25,Imperial,25,180216,16510,15640,92,15732,355
2020-11-25,Inyo,27,18085,309,289,1,290,15
2020-11-25,Kern,29,883053,41733,38878,1289,40167,467
2020-11-25,Kings,31,150075,11647,10417,171,10588,85
2020-11-25,Lake,33,64148,1002,878,0,878,18
2020-11-25,Lassen,35,31185,2194,1701,8,1709,0
2020-11-25,Los Angeles,37,10098052,401788,373919,6562,380481,7545
2020-11-25,Madera,39,155013,6561,5989,151,6140,57
2020-11-25,Marin,41,260295,7822,7601,27,7628,135
2020-11-25,Mariposa,43,17540,137,114,2,116,2
2020-11-25,Mendocino,45,87422,1535,1373,6,1379,22
2020-11-25,Merced,47,269075,12104,11346,108,11454,172
2020-11-25,Modoc,49,8938,123,96,22,118,0
2020-11-25,Mono,51,14174,535,487,8,495,2
2020-11-25,Monterey,53,433212,15771,14695,283,14978,113
2020-11-25,Napa,55,140530,3346,2945,15,2960,17
2020-11-25,Nevada,57,99092,1458,1170,33,1203,9
2020-11-25,Orange,59,3164182,81241,73014,2502,75516,1551
2020-11-25,Placer,61,380077,7531,6221,146,6367,68
2020-11-25,Plumas,63,18699,220,183,0,183,0
2020-11-25,Riverside,65,2383286,93685,85077,1887,86964,1438
2020-11-25,Sacramento,67,1510023,38281,35687,133,35820,574
2020-11-25,San Benito,69,59416,1895,1764,14,1778,15
2020-11-25,San Bernardino,71,2135413,99230,88469,1341,89810,1225
2020-11-25,San Diego,73,3302833,83292,75307,0,75307,988
2020-11-25,San Francisco,75,870044,15789,15053,101,15154,153
2020-11-25,San Joaquin,77,732212,27128,25556,543,26099,515
2020-11-25,San Luis Obispo,79,281455,6396,5913,104,6017,34
2020-11-25,San Mateo,81,765935,14820,13614,12,13626,170
2020-11-25,Santa Barbara,83,443738,12138,11183,199,11382,138
2020-11-25,Santa Clara,85,1922200,36169,32032,76,32108,442
2020-11-25,Santa Cruz,87,273765,4743,4202,63,4265,25
2020-11-25,Shasta,89,179085,5517,4588,195,4783,43
2020-11-25,Sierra,91,2930,18,15,0,15,0
2020-11-25,Siskiyou,93,43540,665,499,35,534,1
2020-11-25,Solano,95,438530,10710,9832,73,9905,87
2020-11-25,Sonoma,97,501317,12644,11775,59,11834,162
2020-11-25,Stanislaus,99,539301,22324,21022,1478,22500,445
2020-11-25,Sutter,101,95872,3575,3064,11,3075,14
2020-11-25,Tehama,103,63373,1768,1587,31,1618,9
2020-11-25,Trinity,105,12862,202,135,14,149,0
2020-11-25,Tulare,107,460477,21787,20528,1502,22030,318
2020-11-25,Tuolumne,109,53932,1090,842,3,845,7
2020-11-25,Ventura,111,848112,20564,18914,668,19582,179
2020-11-25,Yolo,113,214977,5078,4527,16,4543,76
2020-11-25,Yuba,115,75493,2085,1840,10,1850,10
2020-11-24,Alameda,1,1643700,30218,28030,349,28379,444
2020-11-24,Alpine,3,1148,52,41,0,41,0
2020-11-24,Amador,5,37829,556,470,1,471,16
2020-11-24,Butte,7,227075,4136,3798,205,4003,63
2020-11-24,Calaveras,9,45235,496,466,0,466,21
2020-11-24,Colusa,11,21464,753,682,3,685,6
2020-11-24,Contra Costa,13,1133247,24495,23072,162,23234,259
2020-11-24,Del Norte,15,27424,358,298,0,298,2
2020-11-24,El Dorado,17,186661,2704,2005,26,2031,4
2020-11-24,Fresno,19,978130,41918,37021,1371,38392,493
2020-11-24,Glenn,21,27897,985,883,40,923,4
2020-11-24,Humboldt,23,135768,904,774,2,776,9
2020-11-24,Imperial,25,180216,16408,15600,85,15685,355
2020-11-24,Inyo,27,18085,308,282,1,283,15
2020-11-24,Kern,29,883053,41262,38551,1210,39761,465
2020-11-24,Kings,31,150075,11380,10338,158,10496,85
2020-11-24,Lake,33,64148,986,872,0,872,18
2020-11-24,Lassen,35,31185,2172,1657,8,1665,0
2020-11-24,Los Angeles,37,10098052,395484,370008,6321,376329,7501
2020-11-24,Madera,39,155013,6478,5881,144,6025,57
2020-11-24,Marin,41,260295,7775,7591,27,7618,135
2020-11-24,Mariposa,43,17540,127,114,1,115,2
2020-11-24,Mendocino,45,87422,1513,1346,5,1351,22
2020-11-24,Merced,47,269075,11915,11268,103,11371,171
2020-11-24,Modoc,49,8938,119,91,22,113,0
2020-11-24,Mono,51,14174,531,483,8,491,2
2020-11-24,Monterey,53,433212,15513,14354,271,14625,113
2020-11-24,Napa,55,140530,3280,2904,15,2919,17
2020-11-24,Nevada,57,99092,1395,1156,30,1186,9
2020-11-24,Orange,59,3164182,79799,71975,2417,74392,1547
2020-11-24,Placer,61,380077,7351,6147,139,6286,67
2020-11-24,Plumas,63,18699,217,180,0,180,0
2020-11-24,Riverside,65,2383286,91935,83685,1754,85439,1420
2020-11-24,Sacramento,67,1510023,37602,35097,126,35223,568
2020-11-24,San Benito,69,59416,1864,1740,13,1753,15
2020-11-24,San Bernardino,71,2135413,96902,86645,1234,87879,1226
2020-11-24,San Diego,73,3302833,81886,74363,0,74363,984
2020-11-24,San Francisco,75,870044,15594,14874,98,14972,153
2020-11-24,San Joaquin,77,732212,26814,25318,512,25830,517
2020-11-24,San Luis Obispo,79,281455,6333,5805,103,5908,34
2020-11-24,San Mateo,81,765935,14611,13558,11,13569,170
2020-11-24,Santa Barbara,83,443738,12032,11154,197,11351,138
2020-11-24,Santa Clara,85,1922200,35383,31564,72,31636,438
2020-11-24,Santa Cruz,87,273765,4631,4132,62,4194,25
2020-11-24,Shasta,89,179085,5417,4410,176,4586,43
2020-11-24,Sierra,91,2930,18,15,0,15,0
2020-11-24,Siskiyou,93,43540,647,473,32,505,1
2020-11-24,Solano,95,438530,10539,9716,72,9788,86
2020-11-24,Sonoma,97,501317,12464,11644,56,11700,162
2020-11-24,Stanislaus,99,539301,22083,20830,1434,22264,438
2020-11-24,Sutter,101,95872,3469,2974,11,2985,14
2020-11-24,Tehama,103,63373,1718,1565,26,1591,9
2020-11-24,Trinity,105,12862,196,129,14,143,0
2020-11-24,Tulare,107,460477,21541,20319,1436,21755,315
2020-11-24,Tuolumne,109,53932,1061,832,3,835,7
2020-11-24,Ventura,111,848112,20183,18637,656,19293,179
2020-11-24,Yolo,113,214977,4994,4420,16,4436,76
2020-11-24,Yuba,115,75493,2034,1804,8,1812,10
2020-11-23,Alameda,1,1643700,29804,27718,336,28054,444
2020-11-23,Alpine,3,1148,50,41,0,41,0
2020-11-23,Amador,5,37829,515,457,1,458,16
2020-11-23,Butte,7,227075,4072,3765,199,3964,61
2020-11-23,Calaveras,9,45235,479,434,0,434,21
2020-11-23,Colusa,11,21464,739,662,3,665,6
2020-11-23,Contra Costa,13,1133247,24224,22674,156,22830,260
2020-11-23,Del Norte,15,27424,336,296,0,296,2
2020-11-23,El Dorado,17,186661,2584,2005,25,2030,4
2020-11-23,Fresno,19,978130,41472,36688,1309,37997,488
2020-11-23,Glenn,21,27897,959,853,40,893,4
2020-11-23,Humboldt,23,135768,891,746,2,748,9
2020-11-23,Imperial,25,180216,16238,15104,79,15183,355
2020-11-23,Inyo,27,18085,301,279,1,280,15
2020-11-23,Kern,29,883053,40751,38245,1145,39390,463
2020-11-23,Kings,31,150075,10961,10204,150,10354,85
2020-11-23,Lake,33,64148,963,840,0,840,18
2020-11-23,Lassen,35,31185,2092,1271,7,1278,0
2020-11-23,Los Angeles,37,10098052,389403,366374,6062,372436,7447
2020-11-23,Madera,39,155013,6353,5787,139,5926,56
2020-11-23,Marin,41,260295,7733,7543,27,7570,135
2020-11-23,Mariposa,43,17540,126,97,1,98,2
2020-11-23,Mendocino,45,87422,1483,1330,5,1335,22
2020-11-23,Merced,47,269075,11728,11148,100,11248,169
2020-11-23,Modoc,49,8938,105,91,21,112,0
2020-11-23,Mono,51,14174,518,480,8,488,2
2020-11-23,Monterey,53,433212,15235,14265,264,14529,112
2020-11-23,Napa,55,140530,3214,2811,14,2825,17
2020-11-23,Nevada,57,99092,1306,1087,30,1117,9
2020-11-23,Orange,59,3164182,78398,71074,2369,73443,1546
2020-11-23,Placer,61,380077,7148,5999,138,6137,66
2020-11-23,Plumas,63,18699,213,172,0,172,0
2020-11-23,Riverside,65,2383286,90156,82175,1692,83867,1415
2020-11-23,Sacramento,67,1510023,37042,34141,117,34258,556
2020-11-23,San Benito,69,59416,1835,1729,12,1741,15
2020-11-23,San Bernardino,71,2135413,94796,84387,1170,85557,1224
2020-11-23,San Diego,73,3302833,80424,72817,0,72817,968
2020-11-23,San Francisco,75,870044,15435,14646,96,14742,153
2020-11-23,San Joaquin,77,732212,26465,24622,508,25130,517
2020-11-23,San Luis Obispo,79,281455,6251,5772,101,5873,34
2020-11-23,San Mateo,81,765935,14419,13364,11,13375,170
2020-11-23,Santa Barbara,83,443738,11924,10944,193,11137,137
2020-11-23,Santa Clara,85,1922200,34733,31064,68,31132,435
2020-11-23,Santa Cruz,87,273765,4522,4003,57,4060,25
2020-11-23,Shasta,89,179085,5300,4100,163,4263,43
2020-11-23,Sierra,91,2930,17,15,0,15,0
2020-11-23,Siskiyou,93,43540,620,460,31,491,0
2020-11-23,Solano,95,438530,10382,9394,69,9463,86
2020-11-23,Sonoma,97,501317,12291,11507,52,11559,160
2020-11-23,Stanislaus,99,539301,21792,20487,1401,21888,436
2020-11-23,Sutter,101,95872,3331,2840,10,2850,14
2020-11-23,Tehama,103,63373,1670,1526,23,1549,9
2020-11-23,Trinity,105,12862,190,120,12,132,0
2020-11-23,Tulare,107,460477,21254,19818,1362,21180,315
2020-11-23,Tuolumne,109,53932,1021,774,3,777,7
2020-11-23,Ventura,111,848112,19808,18480,644,19124,179
2020-11-23,Yolo,113,214977,4914,4265,15,4280,75
2020-11-23,Yuba,115,75493,1967,1702,8,1710,10
2020-11-22,Alameda,1,1643700,29370,27472,324,27796,444
2020-11-22,Alpine,3,1148,47,41,0,41,0
2020-11-22,Amador,5,37829,503,450,1,451,16
2020-11-22,Butte,7,227075,4023,3712,189,3901,61
2020-11-22,Calaveras,9,45235,467,434,0,434,21
2020-11-22,Colusa,11,21464,721,642,2,644,6
2020-11-22,Contra Costa,13,1133247,23919,22407,151,22558,260
2020-11-22,Del Norte,15,27424,312,271,0,271,2
2020-11-22,El Dorado,17,186661,2474,1917,22,1939,4
2020-11-22,Fresno,19,978130,40992,36315,1250,37565,488
2020-11-22,Glenn,21,27897,939,832,34,866,4
2020-11-22,Humboldt,23,135768,875,729,2,731,9
2020-11-22,Imperial,25,180216,16034,15109,33,15142,355
2020-11-22,Inyo,27,18085,294,279,1,280,15
2020-11-22,Kern,29,883053,40174,37904,1108,39012,463
2020-11-22,Kings,31,150075,10860,10035,141,10176,85
2020-11-22,Lake,33,64148,941,834,0,834,18
2020-11-22,Lassen,35,31185,1927,1211,6,1217,0
2020-11-22,Los Angeles,37,10098052,383134,360341,5800,366141,7438
2020-11-22,Madera,39,155013,6273,5745,128,5873,56
2020-11-22,Marin,41,260295,7698,7506,26,7532,135
2020-11-22,Mariposa,43,17540,125,95,1,96,2
2020-11-22,Mendocino,45,87422,1459,1285,3,1288,22
2020-11-22,Merced,47,269075,11579,10939,100,11039,169
2020-11-22,Modoc,49,8938,104,87,19,106,0
2020-11-22,Mono,51,14174,503,481,8,489,2
2020-11-22,Monterey,53,433212,14994,13887,258,14145,111
2020-11-22,Napa,55,140530,3133,2778,14,2792,17
2020-11-22,Nevada,57,99092,1248,1052,30,1082,9
2020-11-22,Orange,59,3164182,76986,69913,2329,72242,1546
2020-11-22,Placer,61,380077,6932,5880,127,6007,66
2020-11-22,Plumas,63,18699,200,172,0,172,0
2020-11-22,Riverside,65,2383286,88568,81565,1629,83194,1409
2020-11-22,Sacramento,67,1510023,36310,33421,104,33525,555
2020-11-22,San Benito,69,59416,1806,1704,12,1716,15
2020-11-22,San Bernardino,71,2135413,92457,83505,1095,84600,1224
2020-11-22,San Diego,73,3302833,78689,71649,0,71649,968
2020-11-22,San Francisco,75,870044,15264,14515,95,14610,153
2020-11-22,San Joaquin,77,732212,26169,24619,495,25114,517
2020-11-22,San Luis Obispo,79,281455,6149,5664,100,5764,34
2020-11-22,San Mateo,81,765935,14215,13228,11,13239,170
2020-11-22,Santa Barbara,83,443738,11789,10946,187,11133,137
2020-11-22,Santa Clara,85,1922200,34056,30633,66,30699,434
2020-11-22,Santa Cruz,87,273765,4440,3896,50,3946,25
2020-11-22,Shasta,89,179085,5143,4100,144,4244,43
2020-11-22,Sierra,91,2930,17,13,0,13,0
2020-11-22,Siskiyou,93,43540,588,411,31,442,0
2020-11-22,Solano,95,438530,10212,9363,65,9428,86
2020-11-22,Sonoma,97,501317,12133,11415,50,11465,159
2020-11-22,Stanislaus,99,539301,21468,20223,1367,21590,436
2020-11-22,Sutter,101,95872,3213,2677,10,2687,13
2020-11-22,Tehama,103,63373,1636,1457,18,1475,9
2020-11-22,Trinity,105,12862,186,114,12,126,0
2020-11-22,Tulare,107,460477,21006,19818,1289,21107,314
2020-11-22,Tuolumne,109,53932,995,689,3,692,7
2020-11-22,Ventura,111,848112,19447,18105,632,18737,179
2020-11-22,Yolo,113,214977,4814,4206,15,4221,75
2020-11-22,Yuba,115,75493,1914,1672,8,1680,10
2020-11-21,Alameda,1,1643700,29187,27424,322,27746,444
2020-11-21,Alpine,3,1148,47,41,0,41,0
2020-11-21,Amador,5,37829,489,450,1,451,16
2020-11-21,Butte,7,227075,3975,3664,186,3850,61
2020-11-21,Calaveras,9,45235,461,434,0,434,21
2020-11-21,Colusa,11,21464,712,642,2,644,6
2020-11-21,Contra Costa,13,1133247,23765,22338,149,22487,260
2020-11-21,Del Norte,15,27424,307,271,0,271,2
2020-11-21,El Dorado,17,186661,2425,1900,21,1921,4
2020-11-21,Fresno,19,978130,40737,35973,1217,37190,482
2020-11-21,Glenn,21,27897,934,829,32,861,4
2020-11-21,Humboldt,23,135768,865,728,2,730,9
2020-11-21,Imperial,25,180216,15956,15053,33,15086,355
2020-11-21,Inyo,27,18085,292,283,1,284,15
2020-11-21,Kern,29,883053,39924,37403,1070,38473,463
2020-11-21,Kings,31,150075,10812,10019,137,10156,85
2020-11-21,Lake,33,64148,928,832,0,832,18
2020-11-21,Lassen,35,31185,1859,1211,6,1217,0
2020-11-21,Los Angeles,37,10098052,379973,357754,5645,363399,7428
2020-11-21,Madera,39,155013,6236,5706,128,5834,56
2020-11-21,Marin,41,260295,7675,7488,25,7513,134
2020-11-21,Mariposa,43,17540,125,92,1,93,2
2020-11-21,Mendocino,45,87422,1428,1282,3,1285,22
2020-11-21,Merced,47,269075,11518,10849,99,10948,169
2020-11-21,Modoc,49,8938,100,87,18,105,0
2020-11-21,Mono,51,14174,498,469,8,477,2
2020-11-21,Monterey,53,433212,14896,13886,252,14138,110
2020-11-21,Napa,55,140530,3099,2757,14,2771,17
2020-11-21,Nevada,57,99092,1236,1018,29,1047,9
2020-11-21,Orange,59,3164182,76182,69021,2298,71319,1543
2020-11-21,Placer,61,380077,6821,5778,124,5902,65
2020-11-21,Plumas,63,18699,195,172,0,172,0
2020-11-21,Riverside,65,2383286,87796,80676,1580,82256,1407
2020-11-21,Sacramento,67,1510023,35918,33133,96,33229,548
2020-11-21,San Benito,69,59416,1787,1691,12,1703,15
2020-11-21,San Bernardino,71,2135413,91586,83206,1014,84220,1222
2020-11-21,San Diego,73,3302833,77910,70711,0,70711,966
2020-11-21,San Francisco,75,870044,15161,14445,94,14539,153
2020-11-21,San Joaquin,77,732212,26037,24620,479,25099,517
2020-11-21,San Luis Obispo,79,281455,6097,5618,97,5715,34
2020-11-21,San Mateo,81,765935,14113,13138,11,13149,170
2020-11-21,Santa Barbara,83,443738,11738,10922,184,11106,137
2020-11-21,Santa Clara,85,1922200,33674,30377,63,30440,433
2020-11-21,Santa Cruz,87,273765,4384,3898,49,3947,25
2020-11-21,Shasta,89,179085,5070,4095,141,4236,42
2020-11-21,Sierra,91,2930,17,13,0,13,0
2020-11-21,Siskiyou,93,43540,572,403,31,434,0
2020-11-21,Solano,95,438530,10123,9290,61,9351,86
2020-11-21,Sonoma,97,501317,12058,11394,48,11442,158
2020-11-21,Stanislaus,99,539301,21325,20111,1342,21453,435
2020-11-21,Sutter,101,95872,3153,2615,9,2624,13
2020-11-21,Tehama,103,63373,1616,1435,17,1452,9
2020-11-21,Trinity,105,12862,183,110,11,121,0
2020-11-21,Tulare,107,460477,20880,19752,1255,21007,313
2020-11-21,Tuolumne,109,53932,976,690,3,693,7
2020-11-21,Ventura,111,848112,19284,18040,622,18662,177
2020-11-21,Yolo,113,214977,4738,4147,14,4161,75
2020-11-21,Yuba,115,75493,1882,1643,8,1651,10
2020-11-20,Alameda,1,1643700,28976,27221,314,27535,444
2020-11-20,Alpine,3,1148,47,20,0,20,0
2020-11-20,Amador,5,37829,485,446,1,447,16
2020-11-20,Butte,7,227075,3943,3618,182,3800,60
2020-11-20,Calaveras,9,45235,449,424,0,424,21
2020-11-20,Colusa,11,21464,704,631,1,632,6
2020-11-20,Contra Costa,13,1133247,23579,22116,144,22260,260
2020-11-20,Del Norte,15,27424,303,264,0,264,2
2020-11-20,El Dorado,17,186661,2330,1868,19,1887,4
2020-11-20,Fresno,19,978130,40446,35635,1184,36819,480
2020-11-20,Glenn,21,27897,922,826,30,856,4
2020-11-20,Humboldt,23,135768,856,714,1,715,9
2020-11-20,Imperial,25,180216,15894,14864,29,14893,353
2020-11-20,Inyo,27,18085,290,262,1,263,15
2020-11-20,Kern,29,883053,39632,37143,1044,38187,462
2020-11-20,Kings,31,150075,10765,9903,135,10038,85
2020-11-20,Lake,33,64148,919,820,0,820,18
2020-11-20,Lassen,35,31185,1774,1212,5,1217,0
2020-11-20,Los Angeles,37,10098052,376094,353554,5478,359032,7398
2020-11-20,Madera,39,155013,6144,5635,126,5761,54
2020-11-20,Marin,41,260295,7651,7467,24,7491,134
2020-11-20,Mariposa,43,17540,117,89,1,90,2
2020-11-20,Mendocino,45,87422,1408,1269,3,1272,22
2020-11-20,Merced,47,269075,11432,10729,99,10828,167
2020-11-20,Modoc,49,8938,100,83,18,101,0
2020-11-20,Mono,51,14174,496,469,8,477,2
2020-11-20,Monterey,53,433212,14771,13738,243,13981,110
2020-11-20,Napa,55,140530,3069,2718,14,2732,17
2020-11-20,Nevada,57,99092,1218,990,28,1018,9
2020-11-20,Orange,59,3164182,75352,68212,2257,70469,1532
2020-11-20,Placer,61,380077,6690,5687,108,5795,66
2020-11-20,Plumas,63,18699,193,163,0,163,0
2020-11-20,Riverside,65,2383286,86789,79613,1512,81125,1405
2020-11-20,Sacramento,67,1510023,35537,32832,86,32918,549
2020-11-20,San Benito,69,59416,1775,1668,12,1680,15
2020-11-20,San Bernardino,71,2135413,90222,81203,930,82133,1220
2020-11-20,San Diego,73,3302833,76912,69233,0,69233,960
2020-11-20,San Francisco,75,870044,15057,14327,93,14420,153
2020-11-20,San Joaquin,77,732212,25885,24460,465,24925,515
2020-11-20,San Luis Obispo,79,281455,6043,5524,94,5618,34
2020-11-20,San Mateo,81,765935,13980,12980,10,12990,169
2020-11-20,Santa Barbara,83,443738,11681,10825,178,11003,136
2020-11-20,Santa Clara,85,1922200,33253,30002,57,30059,431
2020-11-20,Santa Cruz,87,273765,4317,3815,49,3864,25
2020-11-20,Shasta,89,179085,4996,3861,136,3997,42
2020-11-20,Sierra,91,2930,17,12,0,12,0
2020-11-20,Siskiyou,93,43540,559,387,29,416,0
2020-11-20,Solano,95,438530,10032,9216,58,9274,85
2020-11-20,Sonoma,97,501317,11974,11316,47,11363,158
2020-11-20,Stanislaus,99,539301,21171,19889,1315,21204,433
2020-11-20,Sutter,101,95872,3103,2580,9,2589,13
2020-11-20,Tehama,103,63373,1602,1410,13,1423,9
2020-11-20,Trinity,105,12862,182,102,11,113,0
2020-11-20,Tulare,107,460477,20749,19568,1214,20782,311
2020-11-20,Tuolumne,109,53932,937,662,3,665,7
2020-11-20,Ventura,111,848112,19117,17741,594,18335,175
2020-11-20,Yolo,113,214977,4660,4081,13,4094,74
2020-11-20,Yuba,115,75493,1854,1611,8,1619,10
2020-11-19,Alameda,1,1643700,28631,26971,305,27276,441
2020-11-19,Alpine,3,1148,44,20,0,20,0
2020-11-19,Amador,5,37829,481,436,1,437,16
2020-11-19,Butte,7,227075,3894,3576,175,3751,60
2020-11-19,Calaveras,9,45235,440,417,0,417,21
2020-11-19,Colusa,11,21464,686,621,1,622,6
2020-11-19,Contra Costa,13,1133247,23309,21886,141,22027,259
2020-11-19,Del Norte,15,27424,295,251,0,251,2
2020-11-19,El Dorado,17,186661,2256,1825,18,1843,4
2020-11-19,Fresno,19,978130,40001,35278,1124,36402,478
2020-11-19,Glenn,21,27897,900,806,29,835,4
2020-11-19,Humboldt,23,135768,836,693,1,694,9
2020-11-19,Imperial,25,180216,15684,14507,29,14536,349
2020-11-19,Inyo,27,18085,288,262,1,263,15
2020-11-19,Kern,29,883053,39213,36779,1000,37779,459
2020-11-19,Kings,31,150075,10618,9763,127,9890,85
2020-11-19,Lake,33,64148,905,809,0,809,18
2020-11-19,Lassen,35,31185,1657,1201,3,1204,0
2020-11-19,Los Angeles,37,10098052,371086,349493,5300,354793,7365
2020-11-19,Madera,39,155013,6072,5540,119,5659,54
2020-11-19,Marin,41,260295,7620,7451,24,7475,134
2020-11-19,Mariposa,43,17540,110,88,0,88,2
2020-11-19,Mendocino,45,87422,1387,1237,3,1240,23
2020-11-19,Merced,47,269075,11291,10634,93,10727,167
2020-11-19,Modoc,49,8938,97,82,18,100,0
2020-11-19,Mono,51,14174,488,468,8,476,2
2020-11-19,Monterey,53,433212,14556,13369,232,13601,108
2020-11-19,Napa,55,140530,3015,2641,14,2655,17
2020-11-19,Nevada,57,99092,1177,945,27,972,9
2020-11-19,Orange,59,3164182,74089,66998,2210,69208,1530
2020-11-19,Placer,61,380077,6501,5612,107,5719,65
2020-11-19,Plumas,63,18699,188,158,0,158,0
2020-11-19,Riverside,65,2383286,85319,78535,1440,79975,1402
2020-11-19,Sacramento,67,1510023,35020,32367,84,32451,546
2020-11-19,San Benito,69,59416,1752,1643,12,1655,15
2020-11-19,San Bernardino,71,2135413,88332,79244,846,80090,1215
2020-11-19,San Diego,73,3302833,75664,68142,0,68142,952
2020-11-19,San Francisco,75,870044,14900,14178,87,14265,153
2020-11-19,San Joaquin,77,732212,25566,24270,453,24723,516
2020-11-19,San Luis Obispo,79,281455,5967,5410,91,5501,34
2020-11-19,San Mateo,81,765935,13842,12714,10,12724,169
2020-11-19,Santa Barbara,83,443738,11601,10741,175,10916,136
2020-11-19,Santa Clara,85,1922200,32694,29630,56,29686,424
2020-11-19,Santa Cruz,87,273765,4226,3679,47,3726,25
2020-11-19,Shasta,89,179085,4859,3685,125,3810,42
2020-11-19,Sierra,91,2930,17,11,0,11,0
2020-11-19,Siskiyou,93,43540,534,360,28,388,0
2020-11-19,Solano,95,438530,9895,9093,54,9147,84
2020-11-19,Sonoma,97,501317,11804,11205,45,11250,156
2020-11-19,Stanislaus,99,539301,20929,19736,1273,21009,433
2020-11-19,Sutter,101,95872,3006,2509,9,2518,13
2020-11-19,Tehama,103,63373,1569,1373,10,1383,9
2020-11-19,Trinity,105,12862,176,97,11,108,0
2020-11-19,Tulare,107,460477,20528,19384,1147,20531,304
2020-11-19,Tuolumne,109,53932,905,602,3,605,7
2020-11-19,Ventura,111,848112,18764,17300,581,17881,174
2020-11-19,Yolo,113,214977,4565,3973,13,3986,72
2020-11-19,Yuba,115,75493,1814,1568,8,1576,10
2020-11-18,Alameda,1,1643700,28369,26610,300,26910,440
2020-11-18,Alpine,3,1148,43,16,0,16,0
2020-11-18,Amador,5,37829,476,430,1,431,16
2020-11-18,Butte,7,227075,3841,3537,162,3699,59
2020-11-18,Calaveras,9,45235,434,409,0,409,21
2020-11-18,Colusa,11,21464,673,611,1,612,6
2020-11-18,Contra Costa,13,1133247,23042,21685,137,21822,258
2020-11-18,Del Norte,15,27424,281,240,0,240,2
2020-11-18,El Dorado,17,186661,2169,1799,17,1816,4
2020-11-18,Fresno,19,978130,39564,34997,1070,36067,474
2020-11-18,Glenn,21,27897,884,803,27,830,4
2020-11-18,Humboldt,23,135768,822,690,1,691,9
2020-11-18,Imperial,25,180216,15461,14428,28,14456,348
2020-11-18,Inyo,27,18085,286,262,1,263,15
2020-11-18,Kern,29,883053,38827,36537,947,37484,456
2020-11-18,Kings,31,150075,10470,9696,124,9820,85
2020-11-18,Lake,33,64148,892,802,0,802,18
2020-11-18,Lassen,35,31185,1557,1124,3,1127,0
2020-11-18,Los Angeles,37,10098052,366229,344675,5107,349782,7338
2020-11-18,Madera,39,155013,5985,5519,107,5626,54
2020-11-18,Marin,41,260295,7596,7435,24,7459,134
2020-11-18,Mariposa,43,17540,107,88,0,88,2
2020-11-18,Mendocino,45,87422,1367,1237,3,1240,23
2020-11-18,Merced,47,269075,11176,10536,91,10627,166
2020-11-18,Modoc,49,8938,94,77,18,95,0
2020-11-18,Mono,51,14174,483,468,8,476,2
2020-11-18,Monterey,53,433212,14364,13340,217,13557,108
2020-11-18,Napa,55,140530,2968,2607,14,2621,17
2020-11-18,Nevada,57,99092,1138,933,25,958,9
2020-11-18,Orange,59,3164182,72997,66381,2186,68567,1521
2020-11-18,Placer,61,380077,6325,5543,102,5645,64
2020-11-18,Plumas,63,18699,183,143,0,143,0
2020-11-18,Riverside,65,2383286,83855,77739,1338,79077,1387
2020-11-18,Sacramento,67,1510023,34395,31816,76,31892,541
2020-11-18,San Benito,69,59416,1727,1632,11,1643,15
2020-11-18,San Bernardino,71,2135413,86576,77400,763,78163,1206
2020-11-18,San Diego,73,3302833,74372,67243,0,67243,945
2020-11-18,San Francisco,75,870044,14756,14057,85,14142,153
2020-11-18,San Joaquin,77,732212,25299,24146,438,24584,517
2020-11-18,San Luis Obispo,79,281455,5892,5322,90,5412,34
2020-11-18,San Mateo,81,765935,13689,12631,9,12640,169
2020-11-18,Santa Barbara,83,443738,11522,10684,168,10852,136
2020-11-18,Santa Clara,85,1922200,32229,29285,51,29336,421
2020-11-18,Santa Cruz,87,273765,4134,3618,45,3663,25
2020-11-18,Shasta,89,179085,4723,3547,121,3668,42
2020-11-18,Sierra,91,2930,17,11,0,11,0
2020-11-18,Siskiyou,93,43540,502,351,27,378,0
2020-11-18,Solano,95,438530,9763,8994,52,9046,84
2020-11-18,Sonoma,97,501317,11697,11129,42,11171,155
2020-11-18,Stanislaus,99,539301,20687,19609,1248,20857,431
2020-11-18,Sutter,101,95872,2888,2442,9,2451,13
2020-11-18,Tehama,103,63373,1530,1338,10,1348,8
2020-11-18,Trinity,105,12862,166,95,11,106,0
2020-11-18,Tulare,107,460477,20322,19286,1092,20378,306
2020-11-18,Tuolumne,109,53932,869,590,3,593,7
2020-11-18,Ventura,111,848112,18439,17169,567,17736,173
2020-11-18,Yolo,113,214977,4491,3929,13,3942,71
2020-11-18,Yuba,115,75493,1761,1540,8,1548,10
2020-11-17,Alameda,1,1643700,28045,26425,290,26715,439
2020-11-17,Alpine,3,1148,41,12,0,12,0
2020-11-17,Amador,5,37829,465,423,1,424,16
2020-11-17,Butte,7,227075,3799,3500,152,3652,59
2020-11-17,Calaveras,9,45235,419,405,0,405,21
2020-11-17,Colusa,11,21464,662,606,0,606,6
2020-11-17,Contra Costa,13,1133247,22769,21557,132,21689,256
2020-11-17,Del Norte,15,27424,276,233,0,233,2
2020-11-17,El Dorado,17,186661,2110,1758,17,1775,4
2020-11-17,Fresno,19,978130,38969,34765,1010,35775,472
2020-11-17,Glenn,21,27897,873,795,26,821,4
2020-11-17,Humboldt,23,135768,800,685,1,686,9
2020-11-17,Imperial,25,180216,15226,14204,27,14231,346
2020-11-17,Inyo,27,18085,285,263,1,264,15
2020-11-17,Kern,29,883053,38377,36164,893,37057,455
2020-11-17,Kings,31,150075,10397,9653,117,9770,85
2020-11-17,Lake,33,64148,872,792,0,792,18
2020-11-17,Lassen,35,31185,1478,1124,3,1127,0
2020-11-17,Los Angeles,37,10098052,361289,340933,4939,345872,7302
2020-11-17,Madera,39,155013,5896,5485,100,5585,54
2020-11-17,Marin,41,260295,7564,7404,23,7427,134
2020-11-17,Mariposa,43,17540,104,87,0,87,2
2020-11-17,Mendocino,45,87422,1346,1216,3,1219,23
2020-11-17,Merced,47,269075,11032,10457,85,10542,162
2020-11-17,Modoc,49,8938,88,71,17,88,0
2020-11-17,Mono,51,14174,478,459,8,467,2
2020-11-17,Monterey,53,433212,14136,13220,207,13427,108
2020-11-17,Napa,55,140530,2914,2568,14,2582,17
2020-11-17,Nevada,57,99092,1097,918,24,942,9
2020-11-17,Orange,59,3164182,71851,65757,2155,67912,1519
2020-11-17,Placer,61,380077,6165,5435,96,5531,63
2020-11-17,Plumas,63,18699,175,142,0,142,0
2020-11-17,Riverside,65,2383286,82478,77079,1245,78324,1379
2020-11-17,Sacramento,67,1510023,33801,31341,72,31413,538
2020-11-17,San Benito,69,59416,1712,1611,4,1615,15
2020-11-17,San Bernardino,71,2135413,84765,76134,671,76805,1188
2020-11-17,San Diego,73,3302833,73120,66321,0,66321,933
2020-11-17,San Francisco,75,870044,14590,13952,84,14036,153
2020-11-17,San Joaquin,77,732212,25027,23997,419,24416,516
2020-11-17,San Luis Obispo,79,281455,5797,5235,90,5325,34
2020-11-17,San Mateo,81,765935,13526,12491,8,12499,169
2020-11-17,Santa Barbara,83,443738,11435,10597,162,10759,136
2020-11-17,Santa Clara,85,1922200,31681,29013,50,29063,419
2020-11-17,Santa Cruz,87,273765,4050,3548,42,3590,25
2020-11-17,Shasta,89,179085,4563,3457,108,3565,40
2020-11-17,Sierra,91,2930,15,11,0,11,0
2020-11-17,Siskiyou,93,43540,454,333,26,359,0
2020-11-17,Solano,95,438530,9618,8905,51,8956,84
2020-11-17,Sonoma,97,501317,11563,11084,40,11124,155
2020-11-17,Stanislaus,99,539301,20464,19466,1219,20685,425
2020-11-17,Sutter,101,95872,2805,2370,8,2378,12
2020-11-17,Tehama,103,63373,1480,1290,10,1300,7
2020-11-17,Trinity,105,12862,153,83,11,94,0
2020-11-17,Tulare,107,460477,20104,19176,1027,20203,305
2020-11-17,Tuolumne,109,53932,831,568,3,571,7
2020-11-17,Ventura,111,848112,18166,16797,548,17345,173
2020-11-17,Yolo,113,214977,4314,3887,12,3899,70
2020-11-17,Yuba,115,75493,1713,1519,8,1527,10
2020-11-16,Alameda,1,1643700,27698,26063,285,26348,436
2020-11-16,Alpine,3,1148,38,12,0,12,0
2020-11-16,Amador,5,37829,457,414,1,415,16
2020-11-16,Butte,7,227075,3760,3490,143,3633,58
2020-11-16,Calaveras,9,45235,412,402,0,402,21
2020-11-16,Colusa,11,21464,653,601,0,601,6
2020-11-16,Contra Costa,13,1133247,22502,21386,127,21513,256
2020-11-16,Del Norte,15,27424,269,225,0,225,2
2020-11-16,El Dorado,17,186661,2049,1694,15,1709,4
2020-11-16,Fresno,19,978130,38484,34593,953,35546,471
2020-11-16,Glenn,21,27897,861,786,25,811,4
2020-11-16,Humboldt,23,135768,782,660,1,661,9
2020-11-16,Imperial,25,180216,14979,14111,27,14138,346
2020-11-16,Inyo,27,18085,282,263,1,264,15
2020-11-16,Kern,29,883053,37985,36049,849,36898,455
2020-11-16,Kings,31,150075,10131,9569,113,9682,85
2020-11-16,Lake,33,64148,860,784,0,784,18
2020-11-16,Lassen,35,31185,1297,1124,3,1127,0
2020-11-16,Los Angeles,37,10098052,356562,338778,4749,343527,7277
2020-11-16,Madera,39,155013,5810,5433,93,5526,54
2020-11-16,Marin,41,260295,7535,7359,23,7382,134
2020-11-16,Mariposa,43,17540,101,86,0,86,2
2020-11-16,Mendocino,45,87422,1321,1209,3,1212,23
2020-11-16,Merced,47,269075,10894,10399,82,10481,162
2020-11-16,Modoc,49,8938,86,71,17,88,0
2020-11-16,Mono,51,14174,476,453,8,461,2
2020-11-16,Monterey,53,433212,13893,13089,194,13283,107
2020-11-16,Napa,55,140530,2838,2536,14,2550,17
2020-11-16,Nevada,57,99092,1054,889,22,911,9
2020-11-16,Orange,59,3164182,70755,65396,2140,67536,1519
2020-11-16,Placer,61,380077,6045,5387,87,5474,63
2020-11-16,Plumas,63,18699,168,127,0,127,0
2020-11-16,Riverside,65,2383286,81110,76449,1177,77626,1379
2020-11-16,Sacramento,67,1510023,33161,30954,65,31019,534
2020-11-16,San Benito,69,59416,1694,1603,3,1606,15
2020-11-16,San Bernardino,71,2135413,82941,74401,599,75000,1186
2020-11-16,San Diego,73,3302833,71812,65603,0,65603,926
2020-11-16,San Francisco,75,870044,14431,13847,81,13928,153
2020-11-16,San Joaquin,77,732212,24740,23515,409,23924,513
2020-11-16,San Luis Obispo,79,281455,5693,5161,85,5246,34
2020-11-16,San Mateo,81,765935,13366,12398,8,12406,169
2020-11-16,Santa Barbara,83,443738,11371,10565,158,10723,135
2020-11-16,Santa Clara,85,1922200,31114,28673,48,28721,419
2020-11-16,Santa Cruz,87,273765,3977,3520,42,3562,25
2020-11-16,Shasta,89,179085,4413,3284,103,3387,37
2020-11-16,Sierra,91,2930,15,11,0,11,0
2020-11-16,Siskiyou,93,43540,427,294,26,320,0
2020-11-16,Solano,95,438530,9420,8827,51,8878,84
2020-11-16,Sonoma,97,501317,11472,10961,39,11000,155
2020-11-16,Stanislaus,99,539301,20228,19333,1191,20524,425
2020-11-16,Sutter,101,95872,2698,2322,8,2330,12
2020-11-16,Tehama,103,63373,1435,1261,6,1267,7
2020-11-16,Trinity,105,12862,145,67,11,78,0
2020-11-16,Tulare,107,460477,19928,18891,970,19861,305
2020-11-16,Tuolumne,109,53932,795,543,3,546,7
2020-11-16,Ventura,111,848112,17828,16691,540,17231,172
2020-11-16,Yolo,113,214977,4217,3858,12,3870,70
2020-11-16,Yuba,115,75493,1677,1500,7,1507,10
2020-11-15,Alameda,1,1643700,27378,25879,279,26158,436
2020-11-15,Alpine,3,1148,36,12,0,12,0
2020-11-15,Amador,5,37829,445,409,1,410,16
2020-11-15,Butte,7,227075,3707,3452,133,3585,58
2020-11-15,Calaveras,9,45235,399,386,0,386,21
2020-11-15,Colusa,11,21464,644,601,0,601,6
2020-11-15,Contra Costa,13,1133247,22203,21179,126,21305,256
2020-11-15,Del Norte,15,27424,253,224,0,224,2
2020-11-15,El Dorado,17,186661,1987,1683,14,1697,4
2020-11-15,Fresno,19,978130,37976,34297,913,35210,471
2020-11-15,Glenn,21,27897,849,783,24,807,4
2020-11-15,Humboldt,23,135768,754,653,1,654,9
2020-11-15,Imperial,25,180216,14742,13940,27,13967,346
2020-11-15,Inyo,27,18085,272,263,1,264,15
2020-11-15,Kern,29,883053,37582,35911,812,36723,455
2020-11-15,Kings,31,150075,9938,9533,109,9642,85
2020-11-15,Lake,33,64148,851,777,0,777,17
2020-11-15,Lassen,35,31185,1250,1124,3,1127,0
2020-11-15,Los Angeles,37,10098052,351530,336035,4568,340603,7271
2020-11-15,Madera,39,155013,5713,5391,87,5478,54
2020-11-15,Marin,41,260295,7509,7347,23,7370,133
2020-11-15,Mariposa,43,17540,98,86,0,86,2
2020-11-15,Mendocino,45,87422,1302,1197,3,1200,22
2020-11-15,Merced,47,269075,10760,10350,82,10432,162
2020-11-15,Modoc,49,8938,85,68,17,85,0
2020-11-15,Mono,51,14174,474,453,8,461,2
2020-11-15,Monterey,53,433212,13696,12999,181,13180,107
2020-11-15,Napa,55,140530,2779,2509,12,2521,17
2020-11-15,Nevada,57,99092,999,859,22,881,9
2020-11-15,Orange,59,3164182,69716,65008,2121,67129,1519
2020-11-15,Placer,61,380077,5892,5330,79,5409,63
2020-11-15,Plumas,63,18699,162,127,0,127,0
2020-11-15,Riverside,65,2383286,79791,75531,1116,76647,1374
2020-11-15,Sacramento,67,1510023,32536,30601,61,30662,534
2020-11-15,San Benito,69,59416,1669,1589,2,1591,15
2020-11-15,San Bernardino,71,2135413,80799,73769,516,74285,1185
2020-11-15,San Diego,73,3302833,70313,64770,0,64770,926
2020-11-15,San Francisco,75,870044,14254,13757,80,13837,153
2020-11-15,San Joaquin,77,732212,24531,23516,393,23909,513
2020-11-15,San Luis Obispo,79,281455,5570,5120,82,5202,34
2020-11-15,San Mateo,81,765935,13188,12348,8,12356,169
2020-11-15,Santa Barbara,83,443738,11276,10516,156,10672,135
2020-11-15,Santa Clara,85,1922200,30660,28289,47,28336,418
2020-11-15,Santa Cruz,87,273765,3839,3439,41,3480,25
2020-11-15,Shasta,89,179085,4239,3290,94,3384,37
2020-11-15,Sierra,91,2930,15,11,0,11,0
2020-11-15,Siskiyou,93,43540,408,294,26,320,0
2020-11-15,Solano,95,438530,9259,8713,48,8761,84
2020-11-15,Sonoma,97,501317,11352,10833,38,10871,154
2020-11-15,Stanislaus,99,539301,19957,19228,1164,20392,425
2020-11-15,Sutter,101,95872,2609,2230,8,2238,12
2020-11-15,Tehama,103,63373,1384,1222,5,1227,7
2020-11-15,Trinity,105,12862,137,67,10,77,0
2020-11-15,Tulare,107,460477,19711,18891,915,19806,305
2020-11-15,Tuolumne,109,53932,754,486,3,489,7
2020-11-15,Ventura,111,848112,17554,16564,532,17096,172
2020-11-15,Yolo,113,214977,4114,3819,11,3830,67
2020-11-15,Yuba,115,75493,1636,1470,6,1476,10
2020-11-14,Alameda,1,1643700,27112,25714,276,25990,435
2020-11-14,Alpine,3,1148,36,12,0,12,0
2020-11-14,Amador,5,37829,436,404,0,404,16
2020-11-14,Butte,7,227075,3671,3434,119,3553,58
2020-11-14,Calaveras,9,45235,398,386,0,386,21
2020-11-14,Colusa,11,21464,632,601,0,601,6
2020-11-14,Contra Costa,13,1133247,22064,20975,119,21094,256
2020-11-14,Del Norte,15,27424,247,219,0,219,2
2020-11-14,El Dorado,17,186661,1943,1648,14,1662,4
2020-11-14,Fresno,19,978130,37726,33969,878,34847,471
2020-11-14,Glenn,21,27897,840,772,21,793,3
2020-11-14,Humboldt,23,135768,739,643,1,644,9
2020-11-14,Imperial,25,180216,14649,13932,26,13958,346
2020-11-14,Inyo,27,18085,271,263,1,264,15
2020-11-14,Kern,29,883053,37372,35626,793,36419,454
2020-11-14,Kings,31,150075,9903,9490,106,9596,85
2020-11-14,Lake,33,64148,842,773,0,773,17
2020-11-14,Lassen,35,31185,1236,833,3,836,0
2020-11-14,Los Angeles,37,10098052,348830,333021,4454,337475,7269
2020-11-14,Madera,39,155013,5683,5371,85,5456,54
2020-11-14,Marin,41,260295,7493,7325,23,7348,133
2020-11-14,Mariposa,43,17540,97,86,0,86,2
2020-11-14,Mendocino,45,87422,1286,1181,3,1184,22
2020-11-14,Merced,47,269075,10704,10286,80,10366,161
2020-11-14,Modoc,49,8938,84,64,16,80,0
2020-11-14,Mono,51,14174,474,453,8,461,2
2020-11-14,Monterey,53,433212,13600,12854,171,13025,105
2020-11-14,Napa,55,140530,2745,2473,12,2485,17
2020-11-14,Nevada,57,99092,983,835,22,857,9
2020-11-14,Orange,59,3164182,69096,64340,2108,66448,1517
2020-11-14,Placer,61,380077,5816,5215,73,5288,63
2020-11-14,Plumas,63,18699,157,128,0,128,0
2020-11-14,Riverside,65,2383286,79053,74910,1075,75985,1373
2020-11-14,Sacramento,67,1510023,32210,30298,60,30358,532
2020-11-14,San Benito,69,59416,1654,1573,2,1575,15
2020-11-14,San Bernardino,71,2135413,79867,72868,483,73351,1184
2020-11-14,San Diego,73,3302833,69548,63715,0,63715,926
2020-11-14,San Francisco,75,870044,14167,13661,79,13740,153
2020-11-14,San Joaquin,77,732212,24440,23516,385,23901,511
2020-11-14,San Luis Obispo,79,281455,5507,5073,76,5149,34
2020-11-14,San Mateo,81,765935,13080,12293,8,12301,169
2020-11-14,Santa Barbara,83,443738,11222,10482,154,10636,135
2020-11-14,Santa Clara,85,1922200,30375,27962,45,28007,416
2020-11-14,Santa Cruz,87,273765,3784,3402,41,3443,25
2020-11-14,Shasta,89,179085,4154,3195,92,3287,37
2020-11-14,Sierra,91,2930,15,11,0,11,0
2020-11-14,Siskiyou,93,43540,395,292,26,318,0
2020-11-14,Solano,95,438530,9179,8655,47,8702,84
2020-11-14,Sonoma,97,501317,11299,10769,38,10807,154
2020-11-14,Stanislaus,99,539301,19815,19068,1142,20210,424
2020-11-14,Sutter,101,95872,2565,2182,8,2190,12
2020-11-14,Tehama,103,63373,1363,1206,4,1210,7
2020-11-14,Trinity,105,12862,132,67,10,77,0
2020-11-14,Tulare,107,460477,19617,18853,886,19739,305
2020-11-14,Tuolumne,109,53932,726,448,3,451,7
2020-11-14,Ventura,111,848112,17409,16297,520,16817,172
2020-11-14,Yolo,113,214977,4072,3765,9,3774,65
2020-11-14,Yuba,115,75493,1607,1453,6,1459,10
2020-11-13,Alameda,1,1643700,26896,25515,271,25786,434
2020-11-13,Alpine,3,1148,36,12,0,12,0
2020-11-13,Amador,5,37829,433,397,0,397,16
2020-11-13,Butte,7,227075,3647,3402,110,3512,58
2020-11-13,Calaveras,9,45235,394,378,0,378,21
2020-11-13,Colusa,11,21464,624,598,0,598,6
2020-11-13,Contra Costa,13,1133247,21892,20799,119,20918,256
2020-11-13,Del Norte,15,27424,245,208,0,208,2
2020-11-13,El Dorado,17,186661,1898,1611,13,1624,4
2020-11-13,Fresno,19,978130,37479,33693,864,34557,470
2020-11-13,Glenn,21,27897,826,755,17,772,3
2020-11-13,Humboldt,23,135768,724,638,1,639,9
2020-11-13,Imperial,25,180216,14579,13790,25,13815,341
2020-11-13,Inyo,27,18085,270,262,1,263,15
2020-11-13,Kern,29,883053,37171,35431,776,36207,453
2020-11-13,Kings,31,150075,9844,9428,105,9533,85
2020-11-13,Lake,33,64148,836,770,0,770,17
2020-11-13,Lassen,35,31185,1227,832,3,835,0
2020-11-13,Los Angeles,37,10098052,345710,329364,4340,333704,7248
2020-11-13,Madera,39,155013,5643,5340,84,5424,54
2020-11-13,Marin,41,260295,7480,7307,22,7329,133
2020-11-13,Mariposa,43,17540,95,86,0,86,2
2020-11-13,Mendocino,45,87422,1274,1173,3,1176,22
2020-11-13,Merced,47,269075,10649,10185,77,10262,159
2020-11-13,Modoc,49,8938,84,63,14,77,0
2020-11-13,Mono,51,14174,474,448,7,455,2
2020-11-13,Monterey,53,433212,13405,12681,159,12840,104
2020-11-13,Napa,55,140530,2706,2440,12,2452,17
2020-11-13,Nevada,57,99092,964,798,22,820,9
2020-11-13,Orange,59,3164182,68496,63804,2089,65893,1514
2020-11-13,Placer,61,380077,5711,5122,67,5189,63
2020-11-13,Plumas,63,18699,151,125,0,125,0
2020-11-13,Riverside,65,2383286,78316,74138,1047,75185,1372
2020-11-13,Sacramento,67,1510023,31893,29787,55,29842,524
2020-11-13,San Benito,69,59416,1642,1553,1,1554,15
2020-11-13,San Bernardino,71,2135413,78821,71895,461,72356,1184
2020-11-13,San Diego,73,3302833,68701,62978,0,62978,921
2020-11-13,San Francisco,75,870044,14074,13516,77,13593,146
2020-11-13,San Joaquin,77,732212,24345,23314,378,23692,510
2020-11-13,San Luis Obispo,79,281455,5440,4960,73,5033,34
2020-11-13,San Mateo,81,765935,12987,12182,8,12190,169
2020-11-13,Santa Barbara,83,443738,11170,10405,152,10557,134
2020-11-13,Santa Clara,85,1922200,30048,27609,43,27652,415
2020-11-13,Santa Cruz,87,273765,3711,3343,41,3384,25
2020-11-13,Shasta,89,179085,4069,2983,88,3071,37
2020-11-13,Sierra,91,2930,15,11,0,11,0
2020-11-13,Siskiyou,93,43540,390,280,25,305,0
2020-11-13,Solano,95,438530,9088,8525,47,8572,84
2020-11-13,Sonoma,97,501317,11238,10685,36,10721,151
2020-11-13,Stanislaus,99,539301,19692,18936,1112,20048,422
2020-11-13,Sutter,101,95872,2519,2121,7,2128,12
2020-11-13,Tehama,103,63373,1335,1167,4,1171,7
2020-11-13,Trinity,105,12862,130,64,10,74,0
2020-11-13,Tulare,107,460477,19495,18714,843,19557,305
2020-11-13,Tuolumne,109,53932,693,427,3,430,7
2020-11-13,Ventura,111,848112,17264,16172,505,16677,171
2020-11-13,Yolo,113,214977,4021,3716,9,3725,65
2020-11-13,Yuba,115,75493,1580,1435,6,1441,10
2020-11-12,Alameda,1,1643700,26629,25345,271,25616,432
2020-11-12,Alpine,3,1148,35,12,0,12,0
2020-11-12,Amador,5,37829,432,392,0,392,16
2020-11-12,Butte,7,227075,3598,3347,107,3454,58
2020-11-12,Calaveras,9,45235,389,373,0,373,21
2020-11-12,Colusa,11,21464,619,591,0,591,6
2020-11-12,Contra Costa,13,1133247,21684,20619,117,20736,255
2020-11-12,Del Norte,15,27424,238,203,0,203,2
2020-11-12,El Dorado,17,186661,1852,1573,9,1582,4
2020-11-12,Fresno,19,978130,37134,33459,821,34280,468
2020-11-12,Glenn,21,27897,807,727,17,744,3
2020-11-12,Humboldt,23,135768,711,625,1,626,9
2020-11-12,Imperial,25,180216,14414,13619,25,13644,341
2020-11-12,Inyo,27,18085,269,255,1,256,15
2020-11-12,Kern,29,883053,36907,35207,759,35966,451
2020-11-12,Kings,31,150075,9778,9335,103,9438,85
2020-11-12,Lake,33,64148,827,764,0,764,17
2020-11-12,Lassen,35,31185,1158,832,2,834,0
2020-11-12,Los Angeles,37,10098052,341972,327001,4237,331238,7223
2020-11-12,Madera,39,155013,5609,5273,79,5352,54
2020-11-12,Marin,41,260295,7451,7268,22,7290,133
2020-11-12,Mariposa,43,17540,93,84,0,84,2
2020-11-12,Mendocino,45,87422,1255,1142,3,1145,22
2020-11-12,Merced,47,269075,10535,10107,74,10181,158
2020-11-12,Modoc,49,8938,84,63,14,77,0
2020-11-12,Mono,51,14174,473,442,7,449,2
2020-11-12,Monterey,53,433212,13285,12489,144,12633,100
2020-11-12,Napa,55,140530,2644,2398,12,2410,16
2020-11-12,Nevada,57,99092,941,780,21,801,9
2020-11-12,Orange,59,3164182,67752,63232,2068,65300,1514
2020-11-12,Placer,61,380077,5601,5044,57,5101,62
2020-11-12,Plumas,63,18699,147,121,0,121,0
2020-11-12,Riverside,65,2383286,77391,73381,1001,74382,1362
2020-11-12,Sacramento,67,1510023,31404,29459,48,29507,520
2020-11-12,San Benito,69,59416,1622,1525,1,1526,15
2020-11-12,San Bernardino,71,2135413,77457,70758,422,71180,1183
2020-11-12,San Diego,73,3302833,67722,62336,0,62336,918
2020-11-12,San Francisco,75,870044,13975,13289,76,13365,146
2020-11-12,San Joaquin,77,732212,24151,23002,356,23358,509
2020-11-12,San Luis Obispo,79,281455,5376,4898,72,4970,33
2020-11-12,San Mateo,81,765935,12864,12086,7,12093,169
2020-11-12,Santa Barbara,83,443738,11108,10325,146,10471,134
2020-11-12,Santa Clara,85,1922200,29673,27261,42,27303,414
2020-11-12,Santa Cruz,87,273765,3628,3317,39,3356,25
2020-11-12,Shasta,89,179085,3931,2825,77,2902,37
2020-11-12,Sierra,91,2930,15,11,0,11,0
2020-11-12,Siskiyou,93,43540,373,275,20,295,0
2020-11-12,Solano,95,438530,8988,8417,46,8463,85
2020-11-12,Sonoma,97,501317,11136,10602,35,10637,151
2020-11-12,Stanislaus,99,539301,19527,18787,1080,19867,422
2020-11-12,Sutter,101,95872,2435,2075,7,2082,12
2020-11-12,Tehama,103,63373,1308,1117,4,1121,7
2020-11-12,Trinity,105,12862,123,62,10,72,0
2020-11-12,Tulare,107,460477,19383,18545,806,19351,305
2020-11-12,Tuolumne,109,53932,654,353,3,356,7
2020-11-12,Ventura,111,848112,17015,16013,498,16511,158
2020-11-12,Yolo,113,214977,3977,3646,9,3655,63
2020-11-12,Yuba,115,75493,1545,1410,6,1416,10
2020-11-11,Alameda,1,1643700,26387,25140,269,25409,429
2020-11-11,Alpine,3,1148,30,12,0,12,0
2020-11-11,Amador,5,37829,425,389,0,389,16
2020-11-11,Butte,7,227075,3573,3348,93,3441,58
2020-11-11,Calaveras,9,45235,379,373,0,373,21
2020-11-11,Colusa,11,21464,613,591,0,591,6
2020-11-11,Contra Costa,13,1133247,21465,20452,115,20567,255
2020-11-11,Del Norte,15,27424,231,203,0,203,2
2020-11-11,El Dorado,17,186661,1806,1564,8,1572,4
2020-11-11,Fresno,19,978130,36815,33287,787,34074,468
2020-11-11,Glenn,21,27897,791,722,16,738,3
2020-11-11,Humboldt,23,135768,697,623,1,624,9
2020-11-11,Imperial,25,180216,14243,13623,23,13646,340
2020-11-11,Inyo,27,18085,267,255,1,256,15
2020-11-11,Kern,29,883053,36634,35014,741,35755,449
2020-11-11,Kings,31,150075,9672,9263,100,9363,85
2020-11-11,Lake,33,64148,817,763,0,763,17
2020-11-11,Lassen,35,31185,1133,831,2,833,0
2020-11-11,Los Angeles,37,10098052,338617,324567,4143,328710,7220
2020-11-11,Madera,39,155013,5575,5248,76,5324,54
2020-11-11,Marin,41,260295,7428,7268,22,7290,133
2020-11-11,Mariposa,43,17540,93,84,0,84,2
2020-11-11,Mendocino,45,87422,1243,1142,3,1145,22
2020-11-11,Merced,47,269075,10464,10074,72,10146,157
2020-11-11,Modoc,49,8938,80,62,13,75,0
2020-11-11,Mono,51,14174,471,443,7,450,2
2020-11-11,Monterey,53,433212,13143,12417,140,12557,100
2020-11-11,Napa,55,140530,2595,2365,9,2374,15
2020-11-11,Nevada,57,99092,899,741,21,762,9
2020-11-11,Orange,59,3164182,67115,62929,2045,64974,1506
2020-11-11,Placer,61,380077,5518,4981,49,5030,60
2020-11-11,Plumas,63,18699,145,111,0,111,0
2020-11-11,Riverside,65,2383286,76490,72953,954,73907,1361
2020-11-11,Sacramento,67,1510023,30950,28968,46,29014,520
2020-11-11,San Benito,69,59416,1608,1512,1,1513,15
2020-11-11,San Bernardino,71,2135413,76173,70374,393,70767,1182
2020-11-11,San Diego,73,3302833,66787,61746,0,61746,918
2020-11-11,San Francisco,75,870044,13867,13287,74,13361,146
2020-11-11,San Joaquin,77,732212,23992,23001,350,23351,509
2020-11-11,San Luis Obispo,79,281455,5301,4832,69,4901,33
2020-11-11,San Mateo,81,765935,12749,12008,7,12015,169
2020-11-11,Santa Barbara,83,443738,11043,10278,146,10424,134
2020-11-11,Santa Clara,85,1922200,29319,27075,40,27115,413
2020-11-11,Santa Cruz,87,273765,3560,3247,39,3286,25
2020-11-11,Shasta,89,179085,3808,2766,67,2833,36
2020-11-11,Sierra,91,2930,13,11,0,11,0
2020-11-11,Siskiyou,93,43540,342,261,17,278,0
2020-11-11,Solano,95,438530,8871,8353,43,8396,85
2020-11-11,Sonoma,97,501317,11062,10498,35,10533,150
2020-11-11,Stanislaus,99,539301,19389,18671,1048,19719,422
2020-11-11,Sutter,101,95872,2387,2049,6,2055,12
2020-11-11,Tehama,103,63373,1266,1105,3,1108,7
2020-11-11,Trinity,105,12862,114,62,10,72,0
2020-11-11,Tulare,107,460477,19253,18500,774,19274,305
2020-11-11,Tuolumne,109,53932,598,354,3,357,7
2020-11-11,Ventura,111,848112,16800,15801,484,16285,158
2020-11-11,Yolo,113,214977,3926,3606,9,3615,63
2020-11-11,Yuba,115,75493,1530,1400,6,1406,10
2020-11-10,Alameda,1,1643700,26157,25008,266,25274,424
2020-11-10,Alpine,3,1148,30,9,0,9,0
2020-11-10,Amador,5,37829,419,384,0,384,16
2020-11-10,Butte,7,227075,3537,3327,89,3416,58
2020-11-10,Calaveras,9,45235,374,367,0,367,21
2020-11-10,Colusa,11,21464,606,590,0,590,6
2020-11-10,Contra Costa,13,1133247,21259,20326,112,20438,255
2020-11-10,Del Norte,15,27424,225,196,0,196,2
2020-11-10,El Dorado,17,186661,1745,1551,8,1559,4
2020-11-10,Fresno,19,978130,36548,33024,749,33773,465
2020-11-10,Glenn,21,27897,783,719,12,731,3
2020-11-10,Humboldt,23,135768,680,610,1,611,9
2020-11-10,Imperial,25,180216,14113,13570,23,13593,338
2020-11-10,Inyo,27,18085,266,252,1,253,14
2020-11-10,Kern,29,883053,36357,34858,722,35580,448
2020-11-10,Kings,31,150075,9625,9236,93,9329,85
2020-11-10,Lake,33,64148,807,762,0,762,16
2020-11-10,Lassen,35,31185,1118,830,2,832,0
2020-11-10,Los Angeles,37,10098052,335372,322569,4023,326592,7205
2020-11-10,Madera,39,155013,5533,5229,70,5299,54
2020-11-10,Marin,41,260295,7409,7259,22,7281,133
2020-11-10,Mariposa,43,17540,91,84,0,84,2
2020-11-10,Mendocino,45,87422,1235,1137,3,1140,22
2020-11-10,Merced,47,269075,10402,9992,66,10058,157
2020-11-10,Modoc,49,8938,78,61,13,74,0
2020-11-10,Mono,51,14174,469,443,7,450,2
2020-11-10,Monterey,53,433212,13005,12335,132,12467,100
2020-11-10,Napa,55,140530,2557,2341,7,2348,15
2020-11-10,Nevada,57,99092,883,734,21,755,9
2020-11-10,Orange,59,3164182,66566,62597,2034,64631,1504
2020-11-10,Placer,61,380077,5438,4902,48,4950,60
2020-11-10,Plumas,63,18699,141,108,0,108,0
2020-11-10,Riverside,65,2383286,75849,72316,928,73244,1359
2020-11-10,Sacramento,67,1510023,30540,28677,43,28720,519
2020-11-10,San Benito,69,59416,1593,1508,1,1509,15
2020-11-10,San Bernardino,71,2135413,75004,69666,358,70024,1182
2020-11-10,San Diego,73,3302833,65897,61085,0,61085,915
2020-11-10,San Francisco,75,870044,13750,13210,74,13284,146
2020-11-10,San Joaquin,77,732212,23828,22865,343,23208,508
2020-11-10,San Luis Obispo,79,281455,5239,4780,65,4845,33
2020-11-10,San Mateo,81,765935,12648,11939,7,11946,169
2020-11-10,Santa Barbara,83,443738,10976,10252,142,10394,134
2020-11-10,Santa Clara,85,1922200,28978,26917,38,26955,409
2020-11-10,Santa Cruz,87,273765,3496,3221,39,3260,25
2020-11-10,Shasta,89,179085,3666,2686,59,2745,36
2020-11-10,Sierra,91,2930,12,10,0,10,0
2020-11-10,Siskiyou,93,43540,326,263,16,279,0
2020-11-10,Solano,95,438530,8773,8299,43,8342,85
2020-11-10,Sonoma,97,501317,10975,10414,35,10449,150
2020-11-10,Stanislaus,99,539301,19256,18592,1024,19616,420
2020-11-10,Sutter,101,95872,2292,2035,5,2040,12
2020-11-10,Tehama,103,63373,1240,1099,2,1101,7
2020-11-10,Trinity,105,12862,105,62,9,71,0
2020-11-10,Tulare,107,460477,19139,18430,750,19180,305
2020-11-10,Tuolumne,109,53932,550,353,2,355,7
2020-11-10,Ventura,111,848112,16617,15625,482,16107,158
2020-11-10,Yolo,113,214977,3864,3573,9,3582,63
2020-11-10,Yuba,115,75493,1507,1392,6,1398,10
2020-11-09,Alameda,1,1643700,25908,24899,262,25161,424
2020-11-09,Alpine,3,1148,28,6,0,6,0
2020-11-09,Amador,5,37829,410,380,0,380,16
2020-11-09,Butte,7,227075,3492,3301,80,3381,57
2020-11-09,Calaveras,9,45235,370,360,0,360,21
2020-11-09,Colusa,11,21464,600,583,0,583,6
2020-11-09,Contra Costa,13,1133247,21086,20193,110,20303,255
2020-11-09,Del Norte,15,27424,219,195,0,195,2
2020-11-09,El Dorado,17,186661,1704,1515,8,1523,4
2020-11-09,Fresno,19,978130,36239,32755,705,33460,465
2020-11-09,Glenn,21,27897,777,714,9,723,3
2020-11-09,Humboldt,23,135768,667,607,1,608,9
2020-11-09,Imperial,25,180216,13996,13508,22,13530,338
2020-11-09,Inyo,27,18085,266,252,1,253,14
2020-11-09,Kern,29,883053,36129,34764,683,35447,448
2020-11-09,Kings,31,150075,9555,9141,91,9232,84
2020-11-09,Lake,33,64148,798,755,0,755,16
2020-11-09,Lassen,35,31185,1022,799,2,801,0
2020-11-09,Los Angeles,37,10098052,332281,320370,3942,324312,7180
2020-11-09,Madera,39,155013,5487,5209,67,5276,54
2020-11-09,Marin,41,260295,7383,7237,21,7258,131
2020-11-09,Mariposa,43,17540,91,84,0,84,2
2020-11-09,Mendocino,45,87422,1223,1132,3,1135,22
2020-11-09,Merced,47,269075,10299,9922,63,9985,157
2020-11-09,Modoc,49,8938,74,54,12,66,0
2020-11-09,Mono,51,14174,466,352,7,359,2
2020-11-09,Monterey,53,433212,12859,12148,124,12272,98
2020-11-09,Napa,55,140530,2514,2309,7,2316,15
2020-11-09,Nevada,57,99092,846,729,20,749,9
2020-11-09,Orange,59,3164182,65926,62335,2022,64357,1501
2020-11-09,Placer,61,380077,5354,4843,36,4879,60
2020-11-09,Plumas,63,18699,134,102,0,102,0
2020-11-09,Riverside,65,2383286,75068,72059,894,72953,1346
2020-11-09,Sacramento,67,1510023,30068,28200,43,28243,516
2020-11-09,San Benito,69,59416,1584,1506,1,1507,15
2020-11-09,San Bernardino,71,2135413,73953,69015,317,69332,1182
2020-11-09,San Diego,73,3302833,65042,60572,0,60572,908
2020-11-09,San Francisco,75,870044,13631,12984,71,13055,146
2020-11-09,San Joaquin,77,732212,23663,22512,338,22850,505
2020-11-09,San Luis Obispo,79,281455,5155,4746,62,4808,32
2020-11-09,San Mateo,81,765935,12541,11857,7,11864,169
2020-11-09,Santa Barbara,83,443738,10919,10214,136,10350,134
2020-11-09,Santa Clara,85,1922200,28583,26693,38,26731,409
2020-11-09,Santa Cruz,87,273765,3438,3194,39,3233,25
2020-11-09,Shasta,89,179085,3511,2581,50,2631,36
2020-11-09,Sierra,91,2930,10,10,0,10,0
2020-11-09,Siskiyou,93,43540,315,257,14,271,0
2020-11-09,Solano,95,438530,8657,8254,42,8296,85
2020-11-09,Sonoma,97,501317,10867,10310,35,10345,150
2020-11-09,Stanislaus,99,539301,19106,18482,1005,19487,418
2020-11-09,Sutter,101,95872,2224,2010,4,2014,12
2020-11-09,Tehama,103,63373,1204,1071,1,1072,7
2020-11-09,Trinity,105,12862,101,46,9,55,0
2020-11-09,Tulare,107,460477,19019,18272,718,18990,304
2020-11-09,Tuolumne,109,53932,496,346,2,348,7
2020-11-09,Ventura,111,848112,16415,15568,479,16047,156
2020-11-09,Yolo,113,214977,3804,3522,9,3531,62
2020-11-09,Yuba,115,75493,1474,1380,6,1386,10
2020-11-08,Alameda,1,1643700,25680,24731,262,24993,424
2020-11-08,Alpine,3,1148,25,6,0,6,0
2020-11-08,Amador,5,37829,403,376,0,376,16
2020-11-08,Butte,7,227075,3454,3285,74,3359,57
2020-11-08,Calaveras,9,45235,368,360,0,360,21
2020-11-08,Colusa,11,21464,597,583,0,583,6
2020-11-08,Contra Costa,13,1133247,20915,20031,108,20139,254
2020-11-08,Del Norte,15,27424,210,195,0,195,2
2020-11-08,El Dorado,17,186661,1666,1502,8,1510,4
2020-11-08,Fresno,19,978130,35906,32619,667,33286,465
2020-11-08,Glenn,21,27897,771,707,8,715,3
2020-11-08,Humboldt,23,135768,651,605,1,606,9
2020-11-08,Imperial,25,180216,13880,13428,22,13450,338
2020-11-08,Inyo,27,18085,262,252,1,253,14
2020-11-08,Kern,29,883053,35911,34644,665,35309,448
2020-11-08,Kings,31,150075,9422,9026,88,9114,84
2020-11-08,Lake,33,64148,790,754,0,754,16
2020-11-08,Lassen,35,31185,874,799,2,801,0
2020-11-08,Los Angeles,37,10098052,329161,318960,3868,322828,7176
2020-11-08,Madera,39,155013,5419,5196,64,5260,54
2020-11-08,Marin,41,260295,7363,7227,21,7248,131
2020-11-08,Mariposa,43,17540,91,83,0,83,2
2020-11-08,Mendocino,45,87422,1214,1129,3,1132,22
2020-11-08,Merced,47,269075,10224,9885,61,9946,157
2020-11-08,Modoc,49,8938,70,54,12,66,0
2020-11-08,Mono,51,14174,460,352,7,359,2
2020-11-08,Monterey,53,433212,12715,12122,112,12234,98
2020-11-08,Napa,55,140530,2474,2274,7,2281,15
2020-11-08,Nevada,57,99092,830,715,20,735,9
2020-11-08,Orange,59,3164182,65339,62034,2008,64042,1501
2020-11-08,Placer,61,380077,5253,4800,31,4831,60
2020-11-08,Plumas,63,18699,129,102,0,102,0
2020-11-08,Riverside,65,2383286,74417,71442,850,72292,1345
2020-11-08,Sacramento,67,1510023,29507,28059,39,28098,515
2020-11-08,San Benito,69,59416,1569,1496,1,1497,15
2020-11-08,San Bernardino,71,2135413,72712,68412,278,68690,1182
2020-11-08,San Diego,73,3302833,64197,60199,0,60199,908
2020-11-08,San Francisco,75,870044,13500,12985,66,13051,146
2020-11-08,San Joaquin,77,732212,23471,22514,333,22847,505
2020-11-08,San Luis Obispo,79,281455,5089,4698,57,4755,32
2020-11-08,San Mateo,81,765935,12422,11783,7,11790,169
2020-11-08,Santa Barbara,83,443738,10849,10180,134,10314,134
2020-11-08,Santa Clara,85,1922200,28209,26442,37,26479,410
2020-11-08,Santa Cruz,87,273765,3381,3134,39,3173,25
2020-11-08,Shasta,89,179085,3375,2582,44,2626,36
2020-11-08,Sierra,91,2930,10,7,0,7,0
2020-11-08,Siskiyou,93,43540,303,246,13,259,0
2020-11-08,Solano,95,438530,8536,8132,41,8173,85
2020-11-08,Sonoma,97,501317,10760,10229,35,10264,149
2020-11-08,Stanislaus,99,539301,18934,18413,982,19395,418
2020-11-08,Sutter,101,95872,2167,1980,4,1984,12
2020-11-08,Tehama,103,63373,1180,1054,1,1055,7
2020-11-08,Trinity,105,12862,98,46,9,55,0
2020-11-08,Tulare,107,460477,18879,18272,685,18957,304
2020-11-08,Tuolumne,109,53932,469,341,2,343,7
2020-11-08,Ventura,111,848112,16220,15504,471,15975,156
2020-11-08,Yolo,113,214977,3741,3492,9,3501,61
2020-11-08,Yuba,115,75493,1453,1369,6,1375,10
2020-11-07,Alameda,1,1643700,25570,24578,260,24838,424
2020-11-07,Alpine,3,1148,25,6,0,6,0
2020-11-07,Amador,5,37829,400,375,0,375,16
2020-11-07,Butte,7,227075,3442,3277,69,3346,57
2020-11-07,Calaveras,9,45235,366,360,0,360,21
2020-11-07,Colusa,11,21464,597,583,0,583,6
2020-11-07,Contra Costa,13,1133247,20813,19943,107,20050,254
2020-11-07,Del Norte,15,27424,206,194,0,194,2
2020-11-07,El Dorado,17,186661,1641,1495,7,1502,4
2020-11-07,Fresno,19,978130,35753,32497,645,33142,465
2020-11-07,Glenn,21,27897,763,707,8,715,3
2020-11-07,Humboldt,23,135768,640,590,1,591,9
2020-11-07,Imperial,25,180216,13822,13388,21,13409,338
2020-11-07,Inyo,27,18085,260,252,1,253,14
2020-11-07,Kern,29,883053,35757,34513,654,35167,448
2020-11-07,Kings,31,150075,9389,9005,82,9087,84
2020-11-07,Lake,33,64148,786,751,0,751,16
2020-11-07,Lassen,35,31185,858,799,2,801,0
2020-11-07,Los Angeles,37,10098052,327660,316756,3793,320549,7174
2020-11-07,Madera,39,155013,5397,5177,62,5239,54
2020-11-07,Marin,41,260295,7352,7215,21,7236,131
2020-11-07,Mariposa,43,17540,91,81,0,81,2
2020-11-07,Mendocino,45,87422,1204,1118,3,1121,22
2020-11-07,Merced,47,269075,10192,9855,57,9912,157
2020-11-07,Modoc,49,8938,70,51,12,63,0
2020-11-07,Mono,51,14174,457,352,7,359,2
2020-11-07,Monterey,53,433212,12646,12030,108,12138,98
2020-11-07,Napa,55,140530,2444,2260,6,2266,15
2020-11-07,Nevada,57,99092,814,710,20,730,9
2020-11-07,Orange,59,3164182,65053,62038,2001,64039,1505
2020-11-07,Placer,61,380077,5191,4745,31,4776,60
2020-11-07,Plumas,63,18699,127,94,0,94,0
2020-11-07,Riverside,65,2383286,74023,71153,820,71973,1345
2020-11-07,Sacramento,67,1510023,29256,27773,39,27812,515
2020-11-07,San Benito,69,59416,1557,1489,1,1490,15
2020-11-07,San Bernardino,71,2135413,72197,67935,267,68202,1182
2020-11-07,San Diego,73,3302833,63685,59682,0,59682,909
2020-11-07,San Francisco,75,870044,13439,12980,65,13045,146
2020-11-07,San Joaquin,77,732212,23363,22517,326,22843,505
2020-11-07,San Luis Obispo,79,281455,5040,4668,54,4722,32
2020-11-07,San Mateo,81,765935,12359,11711,7,11718,169
2020-11-07,Santa Barbara,83,443738,10807,10157,132,10289,134
2020-11-07,Santa Clara,85,1922200,28004,26244,36,26280,410
2020-11-07,Santa Cruz,87,273765,3343,3130,39,3169,25
2020-11-07,Shasta,89,179085,3306,2547,42,2589,36
2020-11-07,Sierra,91,2930,10,7,0,7,0
2020-11-07,Siskiyou,93,43540,299,241,13,254,0
2020-11-07,Solano,95,438530,8484,8066,41,8107,85
2020-11-07,Sonoma,97,501317,10714,10200,35,10235,149
2020-11-07,Stanislaus,99,539301,18826,18386,964,19350,418
2020-11-07,Sutter,101,95872,2127,1973,4,1977,12
2020-11-07,Tehama,103,63373,1156,1043,1,1044,7
2020-11-07,Trinity,105,12862,98,42,8,50,0
2020-11-07,Tulare,107,460477,18824,18229,667,18896,304
2020-11-07,Tuolumne,109,53932,458,327,2,329,7
2020-11-07,Ventura,111,848112,16160,15364,466,15830,156
2020-11-07,Yolo,113,214977,3710,3486,9,3495,61
2020-11-07,Yuba,115,75493,1438,1349,6,1355,10
2020-11-06,Alameda,1,1643700,25438,24389,258,24647,420
2020-11-06,Alpine,3,1148,25,6,0,6,0
2020-11-06,Amador,5,37829,398,369,0,369,16
2020-11-06,Butte,7,227075,3417,3254,61,3315,57
2020-11-06,Calaveras,9,45235,365,359,0,359,21
2020-11-06,Colusa,11,21464,595,580,0,580,6
2020-11-06,Contra Costa,13,1133247,20664,19744,107,19851,252
2020-11-06,Del Norte,15,27424,203,194,0,194,2
2020-11-06,El Dorado,17,186661,1615,1475,7,1482,4
2020-11-06,Fresno,19,978130,35565,32278,628,32906,460
2020-11-06,Glenn,21,27897,757,707,7,714,3
2020-11-06,Humboldt,23,135768,637,587,1,588,9
2020-11-06,Imperial,25,180216,13769,13230,21,13251,338
2020-11-06,Inyo,27,18085,258,246,1,247,14
2020-11-06,Kern,29,883053,35594,34360,635,34995,443
2020-11-06,Kings,31,150075,9366,8883,79,8962,83
2020-11-06,Lake,33,64148,785,741,0,741,16
2020-11-06,Lassen,35,31185,850,794,2,796,0
2020-11-06,Los Angeles,37,10098052,325692,314356,3737,318093,7160
2020-11-06,Madera,39,155013,5381,5136,61,5197,54
2020-11-06,Marin,41,260295,7331,7184,21,7205,131
2020-11-06,Mariposa,43,17540,90,79,0,79,2
2020-11-06,Mendocino,45,87422,1199,1113,3,1116,22
2020-11-06,Merced,47,269075,10153,9778,53,9831,157
2020-11-06,Modoc,49,8938,70,48,12,60,0
2020-11-06,Mono,51,14174,452,308,7,315,1
2020-11-06,Monterey,53,433212,12529,11914,107,12021,96
2020-11-06,Napa,55,140530,2419,2189,6,2195,15
2020-11-06,Nevada,57,99092,801,692,19,711,9
2020-11-06,Orange,59,3164182,64750,61049,1992,63041,1494
2020-11-06,Placer,61,380077,5116,4680,31,4711,60
2020-11-06,Plumas,63,18699,122,90,0,90,0
2020-11-06,Riverside,65,2383286,73576,70409,776,71185,1341
2020-11-06,Sacramento,67,1510023,28966,27489,37,27526,514
2020-11-06,San Benito,69,59416,1548,1479,1,1480,15
2020-11-06,San Bernardino,71,2135413,71603,66740,246,66986,1179
2020-11-06,San Diego,73,3302833,63162,59143,0,59143,907
2020-11-06,San Francisco,75,870044,13370,12825,63,12888,146
2020-11-06,San Joaquin,77,732212,23277,22424,316,22740,502
2020-11-06,San Luis Obispo,79,281455,4976,4531,48,4579,32
2020-11-06,San Mateo,81,765935,12284,11587,7,11594,168
2020-11-06,Santa Barbara,83,443738,10771,10118,127,10245,133
2020-11-06,Santa Clara,85,1922200,27761,25831,36,25867,402
2020-11-06,Santa Cruz,87,273765,3306,3063,39,3102,25
2020-11-06,Shasta,89,179085,3234,2475,40,2515,35
2020-11-06,Sierra,91,2930,9,7,0,7,0
2020-11-06,Siskiyou,93,43540,286,237,12,249,0
2020-11-06,Solano,95,438530,8419,7959,41,8000,85
2020-11-06,Sonoma,97,501317,10664,10142,35,10177,149
2020-11-06,Stanislaus,99,539301,18738,18250,955,19205,417
2020-11-06,Sutter,101,95872,2100,1937,2,1939,12
2020-11-06,Tehama,103,63373,1135,1024,1,1025,6
2020-11-06,Trinity,105,12862,95,41,8,49,0
2020-11-06,Tulare,107,460477,18762,18136,640,18776,300
2020-11-06,Tuolumne,109,53932,437,316,2,318,5
2020-11-06,Ventura,111,848112,16074,15222,463,15685,154
2020-11-06,Yolo,113,214977,3681,3420,9,3429,62
2020-11-06,Yuba,115,75493,1425,1335,6,1341,10
2020-11-05,Alameda,1,1643700,25260,24270,258,24528,420
2020-11-05,Alpine,3,1148,25,6,0,6,0
2020-11-05,Amador,5,37829,395,363,0,363,16
2020-11-05,Butte,7,227075,3394,3239,55,3294,57
2020-11-05,Calaveras,9,45235,358,333,0,333,19
2020-11-05,Colusa,11,21464,591,574,0,574,6
2020-11-05,Contra Costa,13,1133247,20482,19656,105,19761,252
2020-11-05,Del Norte,15,27424,201,192,0,192,2
2020-11-05,El Dorado,17,186661,1591,1466,7,1473,4
2020-11-05,Fresno,19,978130,35330,32056,605,32661,460
2020-11-05,Glenn,21,27897,737,702,7,709,3
2020-11-05,Humboldt,23,135768,626,581,1,582,9
2020-11-05,Imperial,25,180216,13677,13178,20,13198,337
2020-11-05,Inyo,27,18085,258,247,1,248,14
2020-11-05,Kern,29,883053,35394,34232,621,34853,443
2020-11-05,Kings,31,150075,9211,8846,76,8922,83
2020-11-05,Lake,33,64148,781,739,0,739,16
2020-11-05,Lassen,35,31185,819,782,2,784,0
2020-11-05,Los Angeles,37,10098052,323341,312381,3681,316062,7146
2020-11-05,Madera,39,155013,5343,5129,58,5187,54
2020-11-05,Marin,41,260295,7309,7171,21,7192,131
2020-11-05,Mariposa,43,17540,89,79,0,79,2
2020-11-05,Mendocino,45,87422,1187,1112,3,1115,22
2020-11-05,Merced,47,269075,10094,9753,48,9801,155
2020-11-05,Modoc,49,8938,69,47,11,58,0
2020-11-05,Mono,51,14174,450,307,7,314,1
2020-11-05,Monterey,53,433212,12421,11784,103,11887,96
2020-11-05,Napa,55,140530,2392,2158,6,2164,15
2020-11-05,Nevada,57,99092,779,687,18,705,9
2020-11-05,Orange,59,3164182,64304,60740,1982,62722,1484
2020-11-05,Placer,61,380077,5049,4627,26,4653,60
2020-11-05,Plumas,63,18699,114,90,0,90,0
2020-11-05,Riverside,65,2383286,72866,70094,716,70810,1338
2020-11-05,Sacramento,67,1510023,28583,27232,36,27268,512
2020-11-05,San Benito,69,59416,1533,1477,1,1478,15
2020-11-05,San Bernardino,71,2135413,70778,66407,231,66638,1174
2020-11-05,San Diego,73,3302833,62536,58659,0,58659,904
2020-11-05,San Francisco,75,870044,13258,12726,62,12788,146
2020-11-05,San Joaquin,77,732212,23114,22318,311,22629,502
2020-11-05,San Luis Obispo,79,281455,4908,4459,46,4505,32
2020-11-05,San Mateo,81,765935,12190,11535,7,11542,168
2020-11-05,Santa Barbara,83,443738,10727,10080,122,10202,133
2020-11-05,Santa Clara,85,1922200,27493,25651,36,25687,402
2020-11-05,Santa Cruz,87,273765,3268,3023,39,3062,25
2020-11-05,Shasta,89,179085,3144,2401,39,2440,34
2020-11-05,Sierra,91,2930,9,6,0,6,0
2020-11-05,Siskiyou,93,43540,275,228,12,240,0
2020-11-05,Solano,95,438530,8336,7842,41,7883,85
2020-11-05,Sonoma,97,501317,10552,10064,34,10098,145
2020-11-05,Stanislaus,99,539301,18624,18194,942,19136,417
2020-11-05,Sutter,101,95872,2068,1925,2,1927,12
2020-11-05,Tehama,103,63373,1113,1015,1,1016,6
2020-11-05,Trinity,105,12862,81,41,8,49,0
2020-11-05,Tulare,107,460477,18677,18049,608,18657,301
2020-11-05,Tuolumne,109,53932,408,312,2,314,5
2020-11-05,Ventura,111,848112,15908,15113,452,15565,155
2020-11-05,Yolo,113,214977,3631,3391,9,3400,61
2020-11-05,Yuba,115,75493,1407,1322,6,1328,10
2020-11-04,Alameda,1,1643700,25082,24172,256,24428,418
2020-11-04,Alpine,3,1148,21,5,0,5,0
2020-11-04,Amador,5,37829,392,362,0,362,16
2020-11-04,Butte,7,227075,3368,3218,52,3270,57
2020-11-04,Calaveras,9,45235,355,290,0,290,19
2020-11-04,Colusa,11,21464,589,571,0,571,6
2020-11-04,Contra Costa,13,1133247,20317,19472,101,19573,251
2020-11-04,Del Norte,15,27424,197,188,0,188,2
2020-11-04,El Dorado,17,186661,1576,1448,4,1452,4
2020-11-04,Fresno,19,978130,35100,31952,576,32528,457
2020-11-04,Glenn,21,27897,733,701,6,707,3
2020-11-04,Humboldt,23,135768,617,571,1,572,9
2020-11-04,Imperial,25,180216,13579,13087,20,13107,335
2020-11-04,Inyo,27,18085,257,247,1,248,14
2020-11-04,Kern,29,883053,35240,34027,609,34636,439
2020-11-04,Kings,31,150075,9177,8817,74,8891,83
2020-11-04,Lake,33,64148,774,735,0,735,16
2020-11-04,Lassen,35,31185,814,781,2,783,0
2020-11-04,Los Angeles,37,10098052,321040,310456,3592,314048,7124
2020-11-04,Madera,39,155013,5323,5083,54,5137,54
2020-11-04,Marin,41,260295,7297,7157,21,7178,131
2020-11-04,Mariposa,43,17540,89,79,0,79,2
2020-11-04,Mendocino,45,87422,1169,1089,3,1092,22
2020-11-04,Merced,47,269075,10044,9717,46,9763,153
2020-11-04,Modoc,49,8938,59,47,11,58,0
2020-11-04,Mono,51,14174,447,237,6,243,1
2020-11-04,Monterey,53,433212,12217,11743,96,11839,96
2020-11-04,Napa,55,140530,2338,2133,6,2139,15
2020-11-04,Nevada,57,99092,760,675,18,693,9
2020-11-04,Orange,59,3164182,63872,60463,1958,62421,1483
2020-11-04,Placer,61,380077,4971,4526,23,4549,60
2020-11-04,Plumas,63,18699,112,88,0,88,0
2020-11-04,Riverside,65,2383286,72251,69562,655,70217,1335
2020-11-04,Sacramento,67,1510023,28236,27005,35,27040,510
2020-11-04,San Benito,69,59416,1518,1464,1,1465,15
2020-11-04,San Bernardino,71,2135413,69983,65891,206,66097,1169
2020-11-04,San Diego,73,3302833,61891,58126,0,58126,904
2020-11-04,San Francisco,75,870044,13174,12649,59,12708,146
2020-11-04,San Joaquin,77,732212,22977,22197,298,22495,500
2020-11-04,San Luis Obispo,79,281455,4841,4389,44,4433,32
2020-11-04,San Mateo,81,765935,12095,11456,7,11463,168
2020-11-04,Santa Barbara,83,443738,10689,10026,121,10147,132
2020-11-04,Santa Clara,85,1922200,27230,25487,36,25523,393
2020-11-04,Santa Cruz,87,273765,3231,2997,39,3036,25
2020-11-04,Shasta,89,179085,3013,2321,34,2355,34
2020-11-04,Sierra,91,2930,9,6,0,6,0
2020-11-04,Siskiyou,93,43540,266,222,12,234,0
2020-11-04,Solano,95,438530,8237,7733,41,7774,85
2020-11-04,Sonoma,97,501317,10458,9965,34,9999,142
2020-11-04,Stanislaus,99,539301,18508,18114,926,19040,416
2020-11-04,Sutter,101,95872,2034,1916,2,1918,12
2020-11-04,Tehama,103,63373,1089,997,1,998,6
2020-11-04,Trinity,105,12862,79,37,8,45,0
2020-11-04,Tulare,107,460477,18569,17952,580,18532,298
2020-11-04,Tuolumne,109,53932,386,310,2,312,5
2020-11-04,Ventura,111,848112,15768,14936,448,15384,155
2020-11-04,Yolo,113,214977,3590,3361,9,3370,62
2020-11-04,Yuba,115,75493,1386,1312,6,1318,10
2020-11-03,Alameda,1,1643700,24898,24055,254,24309,418
2020-11-03,Alpine,3,1148,20,4,0,4,0
2020-11-03,Amador,5,37829,387,361,0,361,16
2020-11-03,Butte,7,227075,3345,3211,46,3257,57
2020-11-03,Calaveras,9,45235,351,287,0,287,19
2020-11-03,Colusa,11,21464,584,572,0,572,6
2020-11-03,Contra Costa,13,1133247,20162,19416,101,19517,250
2020-11-03,Del Norte,15,27424,196,187,0,187,2
2020-11-03,El Dorado,17,186661,1554,1445,3,1448,4
2020-11-03,Fresno,19,978130,34834,31856,551,32407,457
2020-11-03,Glenn,21,27897,727,698,6,704,3
2020-11-03,Humboldt,23,135768,611,570,1,571,8
2020-11-03,Imperial,25,180216,13490,13044,19,13063,335
2020-11-03,Inyo,27,18085,256,244,1,245,14
2020-11-03,Kern,29,883053,35050,33957,597,34554,439
2020-11-03,Kings,31,150075,9014,8783,69,8852,83
2020-11-03,Lake,33,64148,764,732,0,732,16
2020-11-03,Lassen,35,31185,805,782,2,784,0
2020-11-03,Los Angeles,37,10098052,318590,308812,3517,312329,7104
2020-11-03,Madera,39,155013,5286,5058,53,5111,54
2020-11-03,Marin,41,260295,7277,7147,20,7167,131
2020-11-03,Mariposa,43,17540,88,79,0,79,2
2020-11-03,Mendocino,45,87422,1154,1084,3,1087,22
2020-11-03,Merced,47,269075,9991,9713,45,9758,153
2020-11-03,Modoc,49,8938,57,47,9,56,0
2020-11-03,Mono,51,14174,443,210,6,216,1
2020-11-03,Monterey,53,433212,12149,11703,89,11792,94
2020-11-03,Napa,55,140530,2302,2130,6,2136,15
2020-11-03,Nevada,57,99092,740,670,17,687,9
2020-11-03,Orange,59,3164182,63444,60283,1947,62230,1477
2020-11-03,Placer,61,380077,4897,4514,23,4537,60
2020-11-03,Plumas,63,18699,109,86,0,86,0
2020-11-03,Riverside,65,2383286,71635,69300,627,69927,1325
2020-11-03,Sacramento,67,1510023,27854,26841,34,26875,510
2020-11-03,San Benito,69,59416,1508,1463,1,1464,15
2020-11-03,San Bernardino,71,2135413,69176,65320,202,65522,1159
2020-11-03,San Diego,73,3302833,61215,57722,0,57722,901
2020-11-03,San Francisco,75,870044,13051,12585,58,12643,146
2020-11-03,San Joaquin,77,732212,22843,22109,292,22401,500
2020-11-03,San Luis Obispo,79,281455,4758,4371,42,4413,32
2020-11-03,San Mateo,81,765935,12001,11406,7,11413,162
2020-11-03,Santa Barbara,83,443738,10635,10008,115,10123,132
2020-11-03,Santa Clara,85,1922200,26955,25386,35,25421,393
2020-11-03,Santa Cruz,87,273765,3181,2980,38,3018,25
2020-11-03,Shasta,89,179085,2918,2288,28,2316,33
2020-11-03,Sierra,91,2930,7,6,0,6,0
2020-11-03,Siskiyou,93,43540,262,219,11,230,0
2020-11-03,Solano,95,438530,8154,7691,41,7732,85
2020-11-03,Sonoma,97,501317,10356,9906,34,9940,142
2020-11-03,Stanislaus,99,539301,18390,18080,913,18993,416
2020-11-03,Sutter,101,95872,2001,1914,2,1916,12
2020-11-03,Tehama,103,63373,1068,988,1,989,6
2020-11-03,Trinity,105,12862,73,36,7,43,0
2020-11-03,Tulare,107,460477,18466,17890,552,18442,297
2020-11-03,Tuolumne,109,53932,363,302,2,304,5
2020-11-03,Ventura,111,848112,15641,14816,441,15257,155
2020-11-03,Yolo,113,214977,3539,3343,9,3352,61
2020-11-03,Yuba,115,75493,1373,1295,6,1301,10
2020-11-02,Alameda,1,1643700,24702,23991,251,24242,419
2020-11-02,Alpine,3,1148,17,4,0,4,0
2020-11-02,Amador,5,37829,379,357,0,357,16
2020-11-02,Butte,7,227075,3325,3198,43,3241,57
2020-11-02,Calaveras,9,45235,351,282,0,282,18
2020-11-02,Colusa,11,21464,579,571,0,571,6
2020-11-02,Contra Costa,13,1133247,20008,19339,100,19439,250
2020-11-02,Del Norte,15,27424,193,175,0,175,2
2020-11-02,El Dorado,17,186661,1530,1405,3,1408,4
2020-11-02,Fresno,19,978130,34567,31738,534,32272,451
2020-11-02,Glenn,21,27897,721,692,5,697,3
2020-11-02,Humboldt,23,135768,602,569,1,570,8
2020-11-02,Imperial,25,180216,13410,13004,18,13022,334
2020-11-02,Inyo,27,18085,253,243,1,244,14
2020-11-02,Kern,29,883053,34894,33834,587,34421,437
2020-11-02,Kings,31,150075,8984,8654,66,8720,82
2020-11-02,Lake,33,64148,758,728,0,728,17
2020-11-02,Lassen,35,31185,797,782,2,784,0
2020-11-02,Los Angeles,37,10098052,316247,307620,3436,311056,7079
2020-11-02,Madera,39,155013,5256,5033,52,5085,54
2020-11-02,Marin,41,260295,7259,7132,19,7151,125
2020-11-02,Mariposa,43,17540,88,79,0,79,2
2020-11-02,Mendocino,45,87422,1140,1076,3,1079,21
2020-11-02,Merced,47,269075,9929,9664,39,9703,152
2020-11-02,Modoc,49,8938,54,45,5,50,0
2020-11-02,Mono,51,14174,441,211,6,217,1
2020-11-02,Monterey,53,433212,12042,11602,86,11688,93
2020-11-02,Napa,55,140530,2260,2081,6,2087,15
2020-11-02,Nevada,57,99092,724,656,17,673,9
2020-11-02,Orange,59,3164182,63041,59996,1929,61925,1474
2020-11-02,Placer,61,380077,4828,4461,21,4482,60
2020-11-02,Plumas,63,18699,101,86,0,86,0
2020-11-02,Riverside,65,2383286,71004,68833,586,69419,1321
2020-11-02,Sacramento,67,1510023,27514,26676,32,26708,508
2020-11-02,San Benito,69,59416,1496,1459,1,1460,15
2020-11-02,San Bernardino,71,2135413,68321,64629,195,64824,1157
2020-11-02,San Diego,73,3302833,60492,57429,0,57429,891
2020-11-02,San Francisco,75,870044,12954,12436,57,12493,145
2020-11-02,San Joaquin,77,732212,22704,21919,283,22202,500
2020-11-02,San Luis Obispo,79,281455,4657,4303,39,4342,31
2020-11-02,San Mateo,81,765935,11892,11328,7,11335,161
2020-11-02,Santa Barbara,83,443738,10594,9985,110,10095,130
2020-11-02,Santa Clara,85,1922200,26666,25222,35,25257,387
2020-11-02,Santa Cruz,87,273765,3139,2943,38,2981,25
2020-11-02,Shasta,89,179085,2813,2174,24,2198,33
2020-11-02,Sierra,91,2930,7,6,0,6,0
2020-11-02,Siskiyou,93,43540,252,216,11,227,0
2020-11-02,Solano,95,438530,8036,7665,41,7706,84
2020-11-02,Sonoma,97,501317,10272,9796,33,9829,140
2020-11-02,Stanislaus,99,539301,18294,18005,904,18909,412
2020-11-02,Sutter,101,95872,1977,1895,2,1897,12
2020-11-02,Tehama,103,63373,1045,971,1,972,6
2020-11-02,Trinity,105,12862,69,30,7,37,0
2020-11-02,Tulare,107,460477,18375,17774,530,18304,299
2020-11-02,Tuolumne,109,53932,343,302,2,304,5
2020-11-02,Ventura,111,848112,15506,14767,421,15188,156
2020-11-02,Yolo,113,214977,3490,3318,9,3327,61
2020-11-02,Yuba,115,75493,1360,1280,6,1286,10
2020-11-01,Alameda,1,1643700,24540,23892,249,24141,419
2020-11-01,Alpine,3,1148,11,4,0,4,0
2020-11-01,Amador,5,37829,376,352,0,352,16
2020-11-01,Butte,7,227075,3302,3185,41,3226,57
2020-11-01,Calaveras,9,45235,350,282,0,282,18
2020-11-01,Colusa,11,21464,577,567,0,567,6
2020-11-01,Contra Costa,13,1133247,19834,19246,99,19345,250
2020-11-01,Del Norte,15,27424,189,175,0,175,2
2020-11-01,El Dorado,17,186661,1514,1394,3,1397,4
2020-11-01,Fresno,19,978130,34313,31613,516,32129,451
2020-11-01,Glenn,21,27897,712,688,3,691,3
2020-11-01,Humboldt,23,135768,594,568,1,569,8
2020-11-01,Imperial,25,180216,13319,12969,16,12985,334
2020-11-01,Inyo,27,18085,251,241,1,242,14
2020-11-01,Kern,29,883053,34714,33760,475,34235,437
2020-11-01,Kings,31,150075,8946,8641,65,8706,82
2020-11-01,Lake,33,64148,752,727,0,727,17
2020-11-01,Lassen,35,31185,797,782,2,784,0
2020-11-01,Los Angeles,37,10098052,313687,306217,3337,309554,7077
2020-11-01,Madera,39,155013,5209,5019,50,5069,54
2020-11-01,Marin,41,260295,7242,7124,19,7143,125
2020-11-01,Mariposa,43,17540,84,79,0,79,2
2020-11-01,Mendocino,45,87422,1127,1074,3,1077,21
2020-11-01,Merced,47,269075,9868,9626,39,9665,152
2020-11-01,Modoc,49,8938,53,45,5,50,0
2020-11-01,Mono,51,14174,411,211,5,216,1
2020-11-01,Monterey,53,433212,11934,11587,83,11670,93
2020-11-01,Napa,55,140530,2226,2067,6,2073,15
2020-11-01,Nevada,57,99092,708,646,16,662,9
2020-11-01,Orange,59,3164182,62639,59733,1901,61634,1475
2020-11-01,Placer,61,380077,4763,4422,20,4442,58
2020-11-01,Plumas,63,18699,96,86,0,86,0
2020-11-01,Riverside,65,2383286,70375,68493,550,69043,1319
2020-11-01,Sacramento,67,1510023,27196,26442,32,26474,508
2020-11-01,San Benito,69,59416,1481,1451,1,1452,15
2020-11-01,San Bernardino,71,2135413,67481,64339,175,64514,1157
2020-11-01,San Diego,73,3302833,59804,57122,0,57122,891
2020-11-01,San Francisco,75,870044,12832,12436,52,12488,145
2020-11-01,San Joaquin,77,732212,22576,21919,276,22195,500
2020-11-01,San Luis Obispo,79,281455,4577,4303,38,4341,31
2020-11-01,San Mateo,81,765935,11812,11280,7,11287,160
2020-11-01,Santa Barbara,83,443738,10543,9969,94,10063,130
2020-11-01,Santa Clara,85,1922200,26389,25090,35,25125,386
2020-11-01,Santa Cruz,87,273765,3086,2921,38,2959,25
2020-11-01,Shasta,89,179085,2677,2172,23,2195,33
2020-11-01,Sierra,91,2930,7,6,0,6,0
2020-11-01,Siskiyou,93,43540,247,205,11,216,0
2020-11-01,Solano,95,438530,7946,7591,41,7632,84
2020-11-01,Sonoma,97,501317,10180,9688,33,9721,140
2020-11-01,Stanislaus,99,539301,18193,17961,884,18845,412
2020-11-01,Sutter,101,95872,1951,1888,1,1889,12
2020-11-01,Tehama,103,63373,1028,965,1,966,5
2020-11-01,Trinity,105,12862,67,30,6,36,0
2020-11-01,Tulare,107,460477,18263,17774,499,18273,299
2020-11-01,Tuolumne,109,53932,321,295,2,297,5
2020-11-01,Ventura,111,848112,15360,14686,386,15072,156
2020-11-01,Yolo,113,214977,3441,3303,9,3312,60
2020-11-01,Yuba,115,75493,1343,1273,6,1279,10
2020-10-31,Alameda,1,1643700,24425,23780,245,24025,416
2020-10-31,Alpine,3,1148,11,4,0,4,0
2020-10-31,Amador,5,37829,372,347,0,347,16
2020-10-31,Butte,7,227075,3289,3172,39,3211,57
2020-10-31,Calaveras,9,45235,350,280,0,280,18
2020-10-31,Colusa,11,21464,575,555,0,555,6
2020-10-31,Contra Costa,13,1133247,19728,19161,99,19260,249
2020-10-31,Del Norte,15,27424,188,175,0,175,2
2020-10-31,El Dorado,17,186661,1505,1390,3,1393,4
2020-10-31,Fresno,19,978130,34177,31558,512,32070,451
2020-10-31,Glenn,21,27897,710,678,3,681,3
2020-10-31,Humboldt,23,135768,591,561,1,562,8
2020-10-31,Imperial,25,180216,13277,12912,16,12928,334
2020-10-31,Inyo,27,18085,250,241,1,242,14
2020-10-31,Kern,29,883053,34611,33666,465,34131,437
2020-10-31,Kings,31,150075,8925,8612,63,8675,82
2020-10-31,Lake,33,64148,748,724,0,724,16
2020-10-31,Lassen,35,31185,792,782,2,784,0
2020-10-31,Los Angeles,37,10098052,312318,304704,3292,307996,7073
2020-10-31,Madera,39,155013,5192,5013,47,5060,54
2020-10-31,Marin,41,260295,7226,7112,19,7131,125
2020-10-31,Mariposa,43,17540,84,79,0,79,2
2020-10-31,Mendocino,45,87422,1119,1066,3,1069,21
2020-10-31,Merced,47,269075,9835,9597,38,9635,151
2020-10-31,Modoc,49,8938,52,34,4,38,0
2020-10-31,Mono,51,14174,262,194,4,198,1
2020-10-31,Monterey,53,433212,11866,11539,79,11618,93
2020-10-31,Napa,55,140530,2207,2040,6,2046,15
2020-10-31,Nevada,57,99092,690,644,16,660,9
2020-10-31,Orange,59,3164182,62380,59488,1883,61371,1473
2020-10-31,Placer,61,380077,4714,4374,19,4393,58
2020-10-31,Plumas,63,18699,95,85,0,85,0
2020-10-31,Riverside,65,2383286,70019,68178,527,68705,1319
2020-10-31,Sacramento,67,1510023,26996,26316,30,26346,507
2020-10-31,San Benito,69,59416,1474,1448,1,1449,15
2020-10-31,San Bernardino,71,2135413,67056,64016,165,64181,1157
2020-10-31,San Diego,73,3302833,59351,56769,0,56769,891
2020-10-31,San Francisco,75,870044,12758,12438,51,12489,145
2020-10-31,San Joaquin,77,732212,22501,21918,266,22184,500
2020-10-31,San Luis Obispo,79,281455,4508,4285,35,4320,31
2020-10-31,San Mateo,81,765935,11760,11253,7,11260,160
2020-10-31,Santa Barbara,83,443738,10515,9957,86,10043,130
2020-10-31,Santa Clara,85,1922200,26221,24957,35,24992,379
2020-10-31,Santa Cruz,87,273765,3051,2895,37,2932,25
2020-10-31,Shasta,89,179085,2627,2122,22,2144,33
2020-10-31,Sierra,91,2930,7,6,0,6,0
2020-10-31,Siskiyou,93,43540,245,200,11,211,0
2020-10-31,Solano,95,438530,7882,7545,41,7586,84
2020-10-31,Sonoma,97,501317,10127,9648,33,9681,140
2020-10-31,Stanislaus,99,539301,18131,17920,867,18787,412
2020-10-31,Sutter,101,95872,1942,1876,1,1877,12
2020-10-31,Tehama,103,63373,1018,953,1,954,5
2020-10-31,Trinity,105,12862,64,30,6,36,0
2020-10-31,Tulare,107,460477,18214,17758,491,18249,299
2020-10-31,Tuolumne,109,53932,315,290,2,292,5
2020-10-31,Ventura,111,848112,15277,14635,367,15002,155
2020-10-31,Yolo,113,214977,3406,3290,9,3299,60
2020-10-31,Yuba,115,75493,1327,1260,5,1265,10
2020-10-30,Alameda,1,1643700,24346,23676,242,23918,401
2020-10-30,Alpine,3,1148,11,4,0,4,0
2020-10-30,Amador,5,37829,372,344,0,344,16
2020-10-30,Butte,7,227075,3284,3160,39,3199,57
2020-10-30,Calaveras,9,45235,349,279,0,279,18
2020-10-30,Colusa,11,21464,573,554,0,554,6
2020-10-30,Contra Costa,13,1133247,19656,19074,99,19173,249
2020-10-30,Del Norte,15,27424,187,175,0,175,2
2020-10-30,El Dorado,17,186661,1492,1386,3,1389,4
2020-10-30,Fresno,19,978130,34057,31409,504,31913,446
2020-10-30,Glenn,21,27897,704,674,2,676,3
2020-10-30,Humboldt,23,135768,590,561,1,562,7
2020-10-30,Imperial,25,180216,13236,12853,16,12869,334
2020-10-30,Inyo,27,18085,249,241,1,242,14
2020-10-30,Kern,29,883053,34518,33583,464,34047,437
2020-10-30,Kings,31,150075,8915,8564,61,8625,82
2020-10-30,Lake,33,64148,748,720,0,720,16
2020-10-30,Lassen,35,31185,786,777,2,779,0
2020-10-30,Los Angeles,37,10098052,310884,303425,3253,306678,7060
2020-10-30,Madera,39,155013,5180,4991,45,5036,54
2020-10-30,Marin,41,260295,7206,7097,19,7116,125
2020-10-30,Mariposa,43,17540,84,78,0,78,2
2020-10-30,Mendocino,45,87422,1117,1062,3,1065,21
2020-10-30,Merced,47,269075,9803,9539,38,9577,150
2020-10-30,Modoc,49,8938,51,34,3,37,0
2020-10-30,Mono,51,14174,261,193,4,197,1
2020-10-30,Monterey,53,433212,11804,11491,73,11564,92
2020-10-30,Napa,55,140530,2189,2028,6,2034,15
2020-10-30,Nevada,57,99092,684,634,16,650,9
2020-10-30,Orange,59,3164182,62139,59334,1870,61204,1469
2020-10-30,Placer,61,380077,4667,4335,19,4354,58
2020-10-30,Plumas,63,18699,92,80,0,80,0
2020-10-30,Riverside,65,2383286,69678,67752,507,68259,1317
2020-10-30,Sacramento,67,1510023,26849,26147,30,26177,505
2020-10-30,San Benito,69,59416,1468,1440,1,1441,15
2020-10-30,San Bernardino,71,2135413,66640,63512,164,63676,1156
2020-10-30,San Diego,73,3302833,58946,56387,0,56387,888
2020-10-30,San Francisco,75,870044,12703,12384,51,12435,145
2020-10-30,San Joaquin,77,732212,22435,21849,259,22108,500
2020-10-30,San Luis Obispo,79,281455,4465,4256,35,4291,31
2020-10-30,San Mateo,81,765935,11701,11207,7,11214,159
2020-10-30,Santa Barbara,83,443738,10492,9937,86,10023,128
2020-10-30,Santa Clara,85,1922200,26072,24811,35,24846,378
2020-10-30,Santa Cruz,87,273765,3033,2874,37,2911,25
2020-10-30,Shasta,89,179085,2583,2048,21,2069,32
2020-10-30,Sierra,91,2930,7,6,0,6,0
2020-10-30,Siskiyou,93,43540,245,192,11,203,0
2020-10-30,Solano,95,438530,7821,7497,41,7538,84
2020-10-30,Sonoma,97,501317,10053,9602,32,9634,140
2020-10-30,Stanislaus,99,539301,18084,17861,850,18711,410
2020-10-30,Sutter,101,95872,1929,1860,1,1861,12
2020-10-30,Tehama,103,63373,1014,932,1,933,5
2020-10-30,Trinity,105,12862,64,29,6,35,0
2020-10-30,Tulare,107,460477,18171,17682,473,18155,299
2020-10-30,Tuolumne,109,53932,308,286,2,288,4
2020-10-30,Ventura,111,848112,15206,14578,352,14930,154
2020-10-30,Yolo,113,214977,3389,3263,9,3272,60
2020-10-30,Yuba,115,75493,1319,1256,5,1261,10
2020-10-29,Alameda,1,1643700,24183,23530,241,23771,401
2020-10-29,Alpine,3,1148,8,4,0,4,0
2020-10-29,Amador,5,37829,368,338,0,338,16
2020-10-29,Butte,7,227075,3266,3143,38,3181,57
2020-10-29,Calaveras,9,45235,347,278,0,278,13
2020-10-29,Colusa,11,21464,569,552,0,552,6
2020-10-29,Contra Costa,13,1133247,19557,18933,98,19031,249
2020-10-29,Del Norte,15,27424,185,174,0,174,2
2020-10-29,El Dorado,17,186661,1470,1370,3,1373,4
2020-10-29,Fresno,19,978130,33902,31321,496,31817,445
2020-10-29,Glenn,21,27897,702,673,2,675,3
2020-10-29,Humboldt,23,135768,585,559,1,560,7
2020-10-29,Imperial,25,180216,13192,12769,16,12785,334
2020-10-29,Inyo,27,18085,247,238,1,239,14
2020-10-29,Kern,29,883053,34417,33460,459,33919,437
2020-10-29,Kings,31,150075,8761,8502,60,8562,82
2020-10-29,Lake,33,64148,745,702,0,702,16
2020-10-29,Lassen,35,31185,785,772,2,774,0
2020-10-29,Los Angeles,37,10098052,309264,302246,3200,305446,7046
2020-10-29,Madera,39,155013,5151,4970,43,5013,53
2020-10-29,Marin,41,260295,7192,7083,19,7102,125
2020-10-29,Mariposa,43,17540,82,78,0,78,2
2020-10-29,Mendocino,45,87422,1111,1058,3,1061,21
2020-10-29,Merced,47,269075,9750,9496,38,9534,150
2020-10-29,Modoc,49,8938,49,31,3,34,0
2020-10-29,Mono,51,14174,254,176,4,180,1
2020-10-29,Monterey,53,433212,11723,11425,71,11496,92
2020-10-29,Napa,55,140530,2165,2009,6,2015,15
2020-10-29,Nevada,57,99092,677,632,16,648,9
2020-10-29,Orange,59,3164182,61871,59046,1850,60896,1464
2020-10-29,Placer,61,380077,4622,4270,17,4287,58
2020-10-29,Plumas,63,18699,90,69,0,69,0
2020-10-29,Riverside,65,2383286,69301,67268,478,67746,1304
2020-10-29,Sacramento,67,1510023,26637,25978,29,26007,507
2020-10-29,San Benito,69,59416,1463,1431,1,1432,15
2020-10-29,San Bernardino,71,2135413,66072,62968,154,63122,1150
2020-10-29,San Diego,73,3302833,58482,55916,0,55916,885
2020-10-29,San Francisco,75,870044,12624,12312,51,12363,145
2020-10-29,San Joaquin,77,732212,22352,21736,246,21982,498
2020-10-29,San Luis Obispo,79,281455,4435,4223,33,4256,31
2020-10-29,San Mateo,81,765935,11655,11145,7,11152,157
2020-10-29,Santa Barbara,83,443738,10459,9902,84,9986,128
2020-10-29,Santa Clara,85,1922200,25920,24614,35,24649,377
2020-10-29,Santa Cruz,87,273765,3008,2850,37,2887,24
2020-10-29,Shasta,89,179085,2520,2008,21,2029,32
2020-10-29,Sierra,91,2930,6,6,0,6,0
2020-10-29,Siskiyou,93,43540,229,185,11,196,0
2020-10-29,Solano,95,438530,7758,7453,41,7494,78
2020-10-29,Sonoma,97,501317,9989,9533,32,9565,140
2020-10-29,Stanislaus,99,539301,18031,17790,828,18618,410
2020-10-29,Sutter,101,95872,1921,1852,1,1853,12
2020-10-29,Tehama,103,63373,996,925,1,926,5
2020-10-29,Trinity,105,12862,59,28,6,34,0
2020-10-29,Tulare,107,460477,18094,17627,453,18080,299
2020-10-29,Tuolumne,109,53932,303,279,2,281,4
2020-10-29,Ventura,111,848112,15116,14486,347,14833,154
2020-10-29,Yolo,113,214977,3360,3246,9,3255,60
2020-10-29,Yuba,115,75493,1308,1248,5,1253,10
2020-10-28,Alameda,1,1643700,24083,23468,240,23708,400
2020-10-28,Alpine,3,1148,7,4,0,4,0
2020-10-28,Amador,5,37829,365,337,0,337,16
2020-10-28,Butte,7,227075,3250,3134,35,3169,56
2020-10-28,Calaveras,9,45235,346,278,0,278,13
2020-10-28,Colusa,11,21464,566,551,0,551,6
2020-10-28,Contra Costa,13,1133247,19470,18828,97,18925,246
2020-10-28,Del Norte,15,27424,182,173,0,173,2
2020-10-28,El Dorado,17,186661,1458,1363,3,1366,4
2020-10-28,Fresno,19,978130,33783,31195,490,31685,444
2020-10-28,Glenn,21,27897,698,673,2,675,3
2020-10-28,Humboldt,23,135768,581,559,1,560,7
2020-10-28,Imperial,25,180216,13143,12730,16,12746,333
2020-10-28,Inyo,27,18085,247,238,1,239,14
2020-10-28,Kern,29,883053,34315,33424,440,33864,436
2020-10-28,Kings,31,150075,8739,8486,59,8545,82
2020-10-28,Lake,33,64148,742,700,0,700,15
2020-10-28,Lassen,35,31185,781,771,2,773,0
2020-10-28,Los Angeles,37,10098052,307806,300726,3158,303884,7031
2020-10-28,Madera,39,155013,5135,4954,42,4996,53
2020-10-28,Marin,41,260295,7181,7079,19,7098,126
2020-10-28,Mariposa,43,17540,82,78,0,78,2
2020-10-28,Mendocino,45,87422,1110,1037,3,1040,20
2020-10-28,Merced,47,269075,9724,9480,37,9517,150
2020-10-28,Modoc,49,8938,48,31,2,33,0
2020-10-28,Mono,51,14174,236,176,4,180,1
2020-10-28,Monterey,53,433212,11665,11330,69,11399,89
2020-10-28,Napa,55,140530,2139,1998,5,2003,15
2020-10-28,Nevada,57,99092,669,629,16,645,9
2020-10-28,Orange,59,3164182,61608,58801,1833,60634,1459
2020-10-28,Placer,61,380077,4566,4236,17,4253,57
2020-10-28,Plumas,63,18699,89,67,0,67,0
2020-10-28,Riverside,65,2383286,68903,67003,454,67457,1302
2020-10-28,Sacramento,67,1510023,26440,25838,28,25866,506
2020-10-28,San Benito,69,59416,1455,1429,1,1430,15
2020-10-28,San Bernardino,71,2135413,65613,62778,149,62927,1154
2020-10-28,San Diego,73,3302833,58099,55556,0,55556,881
2020-10-28,San Francisco,75,870044,12566,12261,50,12311,145
2020-10-28,San Joaquin,77,732212,22269,21707,234,21941,498
2020-10-28,San Luis Obispo,79,281455,4394,4197,30,4227,31
2020-10-28,San Mateo,81,765935,11591,11101,7,11108,157
2020-10-28,Santa Barbara,83,443738,10435,9872,82,9954,127
2020-10-28,Santa Clara,85,1922200,25776,24503,35,24538,375
2020-10-28,Santa Cruz,87,273765,2977,2836,37,2873,24
2020-10-28,Shasta,89,179085,2440,1996,20,2016,31
2020-10-28,Sierra,91,2930,6,6,0,6,0
2020-10-28,Siskiyou,93,43540,226,182,10,192,0
2020-10-28,Solano,95,438530,7699,7362,41,7403,77
2020-10-28,Sonoma,97,501317,9898,9457,27,9484,140
2020-10-28,Stanislaus,99,539301,17966,17765,819,18584,409
2020-10-28,Sutter,101,95872,1912,1840,1,1841,12
2020-10-28,Tehama,103,63373,985,921,1,922,5
2020-10-28,Trinity,105,12862,55,28,6,34,0
2020-10-28,Tulare,107,460477,18038,17569,435,18004,297
2020-10-28,Tuolumne,109,53932,300,277,2,279,4
2020-10-28,Ventura,111,848112,15043,14409,338,14747,153
2020-10-28,Yolo,113,214977,3336,3230,9,3239,60
2020-10-28,Yuba,115,75493,1296,1245,5,1250,10
2020-10-27,Alameda,1,1643700,23972,23365,237,23602,400
2020-10-27,Alpine,3,1148,7,3,0,3,0
2020-10-27,Amador,5,37829,362,335,0,335,16
2020-10-27,Butte,7,227075,3234,3107,32,3139,56
2020-10-27,Calaveras,9,45235,344,277,0,277,13
2020-10-27,Colusa,11,21464,561,549,0,549,6
2020-10-27,Contra Costa,13,1133247,19365,18766,97,18863,246
2020-10-27,Del Norte,15,27424,179,173,0,173,2
2020-10-27,El Dorado,17,186661,1445,1351,3,1354,4
2020-10-27,Fresno,19,978130,33667,31096,485,31581,442
2020-10-27,Glenn,21,27897,696,667,1,668,3
2020-10-27,Humboldt,23,135768,578,559,1,560,7
2020-10-27,Imperial,25,180216,13094,12680,16,12696,333
2020-10-27,Inyo,27,18085,247,231,1,232,14
2020-10-27,Kern,29,883053,34198,33328,436,33764,436
2020-10-27,Kings,31,150075,8708,8411,59,8470,83
2020-10-27,Lake,33,64148,739,700,0,700,15
2020-10-27,Lassen,35,31185,779,764,2,766,0
2020-10-27,Los Angeles,37,10098052,306426,299438,3127,302565,7008
2020-10-27,Madera,39,155013,5105,4942,41,4983,53
2020-10-27,Marin,41,260295,7165,7070,19,7089,126
2020-10-27,Mariposa,43,17540,81,78,0,78,2
2020-10-27,Mendocino,45,87422,1103,1033,2,1035,20
2020-10-27,Merced,47,269075,9684,9449,37,9486,150
2020-10-27,Modoc,49,8938,46,31,2,33,0
2020-10-27,Mono,51,14174,222,169,4,173,1
2020-10-27,Monterey,53,433212,11609,11261,67,11328,88
2020-10-27,Napa,55,140530,2123,1979,5,1984,15
2020-10-27,Nevada,57,99092,663,622,16,638,8
2020-10-27,Orange,59,3164182,61338,58550,1816,60366,1448
2020-10-27,Placer,61,380077,4518,4197,15,4212,57
2020-10-27,Plumas,63,18699,86,63,0,63,0
2020-10-27,Riverside,65,2383286,68550,66699,409,67108,1299
2020-10-27,Sacramento,67,1510023,26254,25701,27,25728,501
2020-10-27,San Benito,69,59416,1450,1428,1,1429,15
2020-10-27,San Bernardino,71,2135413,65153,62357,138,62495,1154
2020-10-27,San Diego,73,3302833,57626,55226,0,55226,877
2020-10-27,San Francisco,75,870044,12492,12218,49,12267,140
2020-10-27,San Joaquin,77,732212,22178,21637,225,21862,496
2020-10-27,San Luis Obispo,79,281455,4367,4148,26,4174,31
2020-10-27,San Mateo,81,765935,11542,11074,7,11081,156
2020-10-27,Santa Barbara,83,443738,10406,9874,81,9955,125
2020-10-27,Santa Clara,85,1922200,25634,24368,35,24403,367
2020-10-27,Santa Cruz,87,273765,2947,2815,36,2851,24
2020-10-27,Shasta,89,179085,2353,1962,20,1982,29
2020-10-27,Sierra,91,2930,6,6,0,6,0
2020-10-27,Siskiyou,93,43540,217,181,10,191,0
2020-10-27,Solano,95,438530,7630,7298,41,7339,77
2020-10-27,Sonoma,97,501317,9831,9389,27,9416,140
2020-10-27,Stanislaus,99,539301,17899,17720,811,18531,408
2020-10-27,Sutter,101,95872,1899,1832,1,1833,12
2020-10-27,Tehama,103,63373,971,913,1,914,5
2020-10-27,Trinity,105,12862,52,28,6,34,0
2020-10-27,Tulare,107,460477,17975,17520,412,17932,296
2020-10-27,Tuolumne,109,53932,296,275,2,277,4
2020-10-27,Ventura,111,848112,14960,14347,331,14678,153
2020-10-27,Yolo,113,214977,3322,3216,9,3225,58
2020-10-27,Yuba,115,75493,1283,1235,5,1240,10
2020-10-26,Alameda,1,1643700,23860,23284,236,23520,398
2020-10-26,Alpine,3,1148,5,3,0,3,0
2020-10-26,Amador,5,37829,358,331,0,331,16
2020-10-26,Butte,7,227075,3222,3095,30,3125,56
2020-10-26,Calaveras,9,45235,340,274,0,274,13
2020-10-26,Colusa,11,21464,559,548,0,548,6
2020-10-26,Contra Costa,13,1133247,19269,18718,96,18814,245
2020-10-26,Del Norte,15,27424,179,171,0,171,2
2020-10-26,El Dorado,17,186661,1431,1336,3,1339,4
2020-10-26,Fresno,19,978130,33555,30969,478,31447,441
2020-10-26,Glenn,21,27897,689,660,1,661,3
2020-10-26,Humboldt,23,135768,570,554,1,555,7
2020-10-26,Imperial,25,180216,13040,12654,12,12666,333
2020-10-26,Inyo,27,18085,247,226,1,227,14
2020-10-26,Kern,29,883053,34114,33233,431,33664,432
2020-10-26,Kings,31,150075,8686,8264,57,8321,82
2020-10-26,Lake,33,64148,737,697,0,697,15
2020-10-26,Lassen,35,31185,776,764,2,766,0
2020-10-26,Los Angeles,37,10098052,305000,297961,3084,301045,6979
2020-10-26,Madera,39,155013,5084,4922,40,4962,53
2020-10-26,Marin,41,260295,7159,7064,18,7082,104
2020-10-26,Mariposa,43,17540,81,77,0,77,2
2020-10-26,Mendocino,45,87422,1095,1026,2,1028,20
2020-10-26,Merced,47,269075,9637,9375,36,9411,150
2020-10-26,Modoc,49,8938,44,28,0,28,0
2020-10-26,Mono,51,14174,216,167,4,171,1
2020-10-26,Monterey,53,433212,11559,11207,63,11270,87
2020-10-26,Napa,55,140530,2091,1966,5,1971,14
2020-10-26,Nevada,57,99092,656,618,16,634,8
2020-10-26,Orange,59,3164182,61135,58377,1796,60173,1442
2020-10-26,Placer,61,380077,4475,4161,14,4175,57
2020-10-26,Plumas,63,18699,84,63,0,63,0
2020-10-26,Riverside,65,2383286,68096,66475,385,66860,1294
2020-10-26,Sacramento,67,1510023,26071,25555,25,25580,496
2020-10-26,San Benito,69,59416,1442,1424,1,1425,15
2020-10-26,San Bernardino,71,2135413,64681,61871,137,62008,1153
2020-10-26,San Diego,73,3302833,57235,54957,0,54957,870
2020-10-26,San Francisco,75,870044,12432,12072,49,12121,138
2020-10-26,San Joaquin,77,732212,22095,21459,219,21678,495
2020-10-26,San Luis Obispo,79,281455,4342,4133,26,4159,31
2020-10-26,San Mateo,81,765935,11498,11037,7,11044,156
2020-10-26,Santa Barbara,83,443738,10383,9827,81,9908,122
2020-10-26,Santa Clara,85,1922200,25444,24258,34,24292,365
2020-10-26,Santa Cruz,87,273765,2921,2808,36,2844,24
2020-10-26,Shasta,89,179085,2300,1889,20,1909,29
2020-10-26,Sierra,91,2930,6,6,0,6,0
2020-10-26,Siskiyou,93,43540,209,179,10,189,0
2020-10-26,Solano,95,438530,7550,7271,41,7312,62
2020-10-26,Sonoma,97,501317,9751,9315,27,9342,140
2020-10-26,Stanislaus,99,539301,17849,17666,801,18467,400
2020-10-26,Sutter,101,95872,1891,1817,1,1818,12
2020-10-26,Tehama,103,63373,951,892,1,893,5
2020-10-26,Trinity,105,12862,51,26,6,32,0
2020-10-26,Tulare,107,460477,17898,17432,389,17821,296
2020-10-26,Tuolumne,109,53932,287,271,2,273,4
2020-10-26,Ventura,111,848112,14890,14330,328,14658,154
2020-10-26,Yolo,113,214977,3302,3206,9,3215,58
2020-10-26,Yuba,115,75493,1267,1226,5,1231,10
2020-10-25,Alameda,1,1643700,23754,23192,236,23428,398
2020-10-25,Alpine,3,1148,4,3,0,3,0
2020-10-25,Amador,5,37829,347,330,0,330,16
2020-10-25,Butte,7,227075,3203,3087,30,3117,56
2020-10-25,Calaveras,9,45235,339,274,0,274,13
2020-10-25,Colusa,11,21464,555,548,0,548,6
2020-10-25,Contra Costa,13,1133247,19168,18640,96,18736,245
2020-10-25,Del Norte,15,27424,175,171,0,171,2
2020-10-25,El Dorado,17,186661,1416,1328,3,1331,4
2020-10-25,Fresno,19,978130,33426,30858,467,31325,441
2020-10-25,Glenn,21,27897,686,652,1,653,3
2020-10-25,Humboldt,23,135768,567,554,1,555,7
2020-10-25,Imperial,25,180216,12990,12572,12,12584,333
2020-10-25,Inyo,27,18085,244,226,1,227,14
2020-10-25,Kern,29,883053,34007,33185,427,33612,432
2020-10-25,Kings,31,150075,8653,8246,55,8301,82
2020-10-25,Lake,33,64148,720,695,0,695,15
2020-10-25,Lassen,35,31185,773,764,2,766,0
2020-10-25,Los Angeles,37,10098052,303428,297110,3044,300154,6973
2020-10-25,Madera,39,155013,5054,4909,35,4944,53
2020-10-25,Marin,41,260295,7149,7052,18,7070,102
2020-10-25,Mariposa,43,17540,81,77,0,77,2
2020-10-25,Mendocino,45,87422,1088,1024,2,1026,20
2020-10-25,Merced,47,269075,9572,9352,34,9386,150
2020-10-25,Modoc,49,8938,39,28,0,28,0
2020-10-25,Mono,51,14174,208,167,4,171,1
2020-10-25,Monterey,53,433212,11476,11182,58,11240,87
2020-10-25,Napa,55,140530,2061,1962,5,1967,14
2020-10-25,Nevada,57,99092,648,616,16,632,8
2020-10-25,Orange,59,3164182,60846,58185,1786,59971,1443
2020-10-25,Placer,61,380077,4423,4140,14,4154,57
2020-10-25,Plumas,63,18699,84,63,0,63,0
2020-10-25,Riverside,65,2383286,67644,66192,369,66561,1289
2020-10-25,Sacramento,67,1510023,25856,25445,22,25467,496
2020-10-25,San Benito,69,59416,1435,1423,1,1424,15
2020-10-25,San Bernardino,71,2135413,64142,61551,129,61680,1153
2020-10-25,San Diego,73,3302833,56772,54599,0,54599,870
2020-10-25,San Francisco,75,870044,12359,12072,49,12121,137
2020-10-25,San Joaquin,77,732212,21988,21459,210,21669,495
2020-10-25,San Luis Obispo,79,281455,4300,4126,24,4150,31
2020-10-25,San Mateo,81,765935,11453,10987,7,10994,156
2020-10-25,Santa Barbara,83,443738,10363,9814,81,9895,122
2020-10-25,Santa Clara,85,1922200,25257,24087,34,24121,365
2020-10-25,Santa Cruz,87,273765,2894,2789,36,2825,24
2020-10-25,Shasta,89,179085,2237,1889,20,1909,29
2020-10-25,Sierra,91,2930,6,6,0,6,0
2020-10-25,Siskiyou,93,43540,206,176,10,186,0
2020-10-25,Solano,95,438530,7473,7197,41,7238,60
2020-10-25,Sonoma,97,501317,9657,9235,26,9261,140
2020-10-25,Stanislaus,99,539301,17792,17641,791,18432,400
2020-10-25,Sutter,101,95872,1873,1811,1,1812,12
2020-10-25,Tehama,103,63373,934,880,1,881,5
2020-10-25,Trinity,105,12862,47,26,6,32,0
2020-10-25,Tulare,107,460477,17826,17431,379,17810,296
2020-10-25,Tuolumne,109,53932,282,271,2,273,4
2020-10-25,Ventura,111,848112,14797,14300,322,14622,154
2020-10-25,Yolo,113,214977,3281,3190,9,3199,58
2020-10-25,Yuba,115,75493,1259,1219,5,1224,10
2020-10-24,Alameda,1,1643700,23683,23099,233,23332,398
2020-10-24,Alpine,3,1148,4,3,0,3,0
2020-10-24,Amador,5,37829,346,328,0,328,16
2020-10-24,Butte,7,227075,3194,3078,30,3108,56
2020-10-24,Calaveras,9,45235,337,274,0,274,13
2020-10-24,Colusa,11,21464,550,548,0,548,6
2020-10-24,Contra Costa,13,1133247,19101,18567,96,18663,244
2020-10-24,Del Norte,15,27424,174,171,0,171,2
2020-10-24,El Dorado,17,186661,1400,1317,3,1320,4
2020-10-24,Fresno,19,978130,33365,30752,463,31215,441
2020-10-24,Glenn,21,27897,683,650,1,651,3
2020-10-24,Humboldt,23,135768,565,553,1,554,7
2020-10-24,Imperial,25,180216,12963,12469,12,12481,333
2020-10-24,Inyo,27,18085,244,226,1,227,14
2020-10-24,Kern,29,883053,33948,33105,422,33527,432
2020-10-24,Kings,31,150075,8643,8228,54,8282,82
2020-10-24,Lake,33,64148,715,696,0,696,15
2020-10-24,Lassen,35,31185,772,764,2,766,0
2020-10-24,Los Angeles,37,10098052,302611,296323,3020,299343,6969
2020-10-24,Madera,39,155013,5041,4898,34,4932,53
2020-10-24,Marin,41,260295,7140,7042,18,7060,102
2020-10-24,Mariposa,43,17540,81,77,0,77,2
2020-10-24,Mendocino,45,87422,1076,1022,2,1024,20
2020-10-24,Merced,47,269075,9548,9351,34,9385,150
2020-10-24,Modoc,49,8938,38,28,0,28,0
2020-10-24,Mono,51,14174,194,167,4,171,1
2020-10-24,Monterey,53,433212,11409,11153,57,11210,87
2020-10-24,Napa,55,140530,2044,1957,5,1962,14
2020-10-24,Nevada,57,99092,644,608,16,624,8
2020-10-24,Orange,59,3164182,60693,57928,1775,59703,1441
2020-10-24,Placer,61,380077,4393,4093,14,4107,57
2020-10-24,Plumas,63,18699,78,63,0,63,0
2020-10-24,Riverside,65,2383286,67435,65902,355,66257,1288
2020-10-24,Sacramento,67,1510023,25775,25372,22,25394,496
2020-10-24,San Benito,69,59416,1430,1417,1,1418,15
2020-10-24,San Bernardino,71,2135413,63902,61351,121,61472,1153
2020-10-24,San Diego,73,3302833,56495,54330,0,54330,868
2020-10-24,San Francisco,75,870044,12301,12073,48,12121,137
2020-10-24,San Joaquin,77,732212,21937,21458,205,21663,495
2020-10-24,San Luis Obispo,79,281455,4275,4119,23,4142,31
2020-10-24,San Mateo,81,765935,11414,10942,7,10949,155
2020-10-24,Santa Barbara,83,443738,10346,9781,81,9862,122
2020-10-24,Santa Clara,85,1922200,25170,23978,34,24012,365
2020-10-24,Santa Cruz,87,273765,2875,2775,36,2811,24
2020-10-24,Shasta,89,179085,2192,1878,20,1898,29
2020-10-24,Sierra,91,2930,6,6,0,6,0
2020-10-24,Siskiyou,93,43540,205,174,10,184,0
2020-10-24,Solano,95,438530,7420,7189,41,7230,60
2020-10-24,Sonoma,97,501317,9623,9179,26,9205,140
2020-10-24,Stanislaus,99,539301,17749,17574,774,18348,400
2020-10-24,Sutter,101,95872,1864,1804,1,1805,12
2020-10-24,Tehama,103,63373,926,872,1,873,5
2020-10-24,Trinity,105,12862,47,25,6,31,0
2020-10-24,Tulare,107,460477,17804,17406,367,17773,295
2020-10-24,Tuolumne,109,53932,279,269,2,271,4
2020-10-24,Ventura,111,848112,14744,14240,321,14561,154
2020-10-24,Yolo,113,214977,3270,3164,9,3173,57
2020-10-24,Yuba,115,75493,1256,1210,5,1215,10
2020-10-23,Alameda,1,1643700,23611,23047,231,23278,393
2020-10-23,Alpine,3,1148,4,3,0,3,0
2020-10-23,Amador,5,37829,345,324,0,324,16
2020-10-23,Butte,7,227075,3185,3059,30,3089,55
2020-10-23,Calaveras,9,45235,336,273,0,273,13
2020-10-23,Colusa,11,21464,550,547,0,547,6
2020-10-23,Contra Costa,13,1133247,19030,18483,95,18578,244
2020-10-23,Del Norte,15,27424,174,171,0,171,2
2020-10-23,El Dorado,17,186661,1391,1310,3,1313,4
2020-10-23,Fresno,19,978130,33298,30590,459,31049,441
2020-10-23,Glenn,21,27897,680,644,1,645,3
2020-10-23,Humboldt,23,135768,563,553,1,554,7
2020-10-23,Imperial,25,180216,12932,12398,12,12410,333
2020-10-23,Inyo,27,18085,243,226,1,227,14
2020-10-23,Kern,29,883053,33880,33077,417,33494,431
2020-10-23,Kings,31,150075,8634,8218,54,8272,82
2020-10-23,Lake,33,64148,713,689,0,689,15
2020-10-23,Lassen,35,31185,771,764,2,766,0
2020-10-23,Los Angeles,37,10098052,301532,294287,2989,297276,6956
2020-10-23,Madera,39,155013,5036,4888,34,4922,53
2020-10-23,Marin,41,260295,7127,7029,18,7047,102
2020-10-23,Mariposa,43,17540,81,77,0,77,2
2020-10-23,Mendocino,45,87422,1073,1019,2,1021,20
2020-10-23,Merced,47,269075,9534,9327,34,9361,149
2020-10-23,Modoc,49,8938,38,28,0,28,0
2020-10-23,Mono,51,14174,193,159,4,163,1
2020-10-23,Monterey,53,433212,11362,11099,53,11152,86
2020-10-23,Napa,55,140530,2036,1942,5,1947,14
2020-10-23,Nevada,57,99092,641,604,16,620,8
2020-10-23,Orange,59,3164182,60522,57595,1760,59355,1430
2020-10-23,Placer,61,380077,4347,4073,14,4087,57
2020-10-23,Plumas,63,18699,75,63,0,63,0
2020-10-23,Riverside,65,2383286,67196,65512,347,65859,1279
2020-10-23,Sacramento,67,1510023,25668,25224,22,25246,496
2020-10-23,San Benito,69,59416,1428,1412,1,1413,15
2020-10-23,San Bernardino,71,2135413,63618,60854,111,60965,1150
2020-10-23,San Diego,73,3302833,56189,53944,0,53944,867
2020-10-23,San Francisco,75,870044,12270,12015,48,12063,137
2020-10-23,San Joaquin,77,732212,21881,21361,199,21560,495
2020-10-23,San Luis Obispo,79,281455,4249,4102,23,4125,31
2020-10-23,San Mateo,81,765935,11365,10872,7,10879,155
2020-10-23,Santa Barbara,83,443738,10330,9751,81,9832,121
2020-10-23,Santa Clara,85,1922200,25068,23822,34,23856,364
2020-10-23,Santa Cruz,87,273765,2861,2757,36,2793,24
2020-10-23,Shasta,89,179085,2155,1846,19,1865,29
2020-10-23,Sierra,91,2930,6,6,0,6,0
2020-10-23,Siskiyou,93,43540,201,172,10,182,0
2020-10-23,Solano,95,438530,7389,7174,41,7215,59
2020-10-23,Sonoma,97,501317,9567,9112,26,9138,139
2020-10-23,Stanislaus,99,539301,17712,17496,766,18262,395
2020-10-23,Sutter,101,95872,1857,1797,1,1798,12
2020-10-23,Tehama,103,63373,917,862,1,863,5
2020-10-23,Trinity,105,12862,47,26,6,32,0
2020-10-23,Tulare,107,460477,17759,17334,355,17689,295
2020-10-23,Tuolumne,109,53932,277,254,2,256,4
2020-10-23,Ventura,111,848112,14715,14192,321,14513,155
2020-10-23,Yolo,113,214977,3257,3140,9,3149,57
2020-10-23,Yuba,115,75493,1252,1206,5,1211,10
2020-10-22,Alameda,1,1643700,23510,22915,231,23146,393
2020-10-22,Alpine,3,1148,4,3,0,3,0
2020-10-22,Amador,5,37829,341,317,0,317,16
2020-10-22,Butte,7,227075,3175,3046,28,3074,55
2020-10-22,Calaveras,9,45235,333,273,0,273,13
2020-10-22,Colusa,11,21464,550,547,0,547,6
2020-10-22,Contra Costa,13,1133247,18958,18393,95,18488,243
2020-10-22,Del Norte,15,27424,173,168,0,168,2
2020-10-22,El Dorado,17,186661,1381,1308,3,1311,4
2020-10-22,Fresno,19,978130,33189,30471,451,30922,438
2020-10-22,Glenn,21,27897,673,643,1,644,3
2020-10-22,Humboldt,23,135768,562,548,1,549,7
2020-10-22,Imperial,25,180216,12879,12311,12,12323,333
2020-10-22,Inyo,27,18085,240,220,1,221,14
2020-10-22,Kern,29,883053,33799,32991,414,33405,431
2020-10-22,Kings,31,150075,8383,8201,54,8255,82
2020-10-22,Lake,33,64148,709,678,0,678,15
2020-10-22,Lassen,35,31185,768,764,2,766,0
2020-10-22,Los Angeles,37,10098052,300159,291599,2929,294528,6935
2020-10-22,Madera,39,155013,5015,4847,34,4881,52
2020-10-22,Marin,41,260295,7121,7014,18,7032,102
2020-10-22,Mariposa,43,17540,81,77,0,77,2
2020-10-22,Mendocino,45,87422,1068,1016,2,1018,20
2020-10-22,Merced,47,269075,9506,9323,34,9357,149
2020-10-22,Modoc,49,8938,34,26,0,26,0
2020-10-22,Mono,51,14174,188,156,4,160,1
2020-10-22,Monterey,53,433212,11303,11059,50,11109,84
2020-10-22,Napa,55,140530,2021,1928,5,1933,14
2020-10-22,Nevada,57,99092,635,600,16,616,8
2020-10-22,Orange,59,3164182,60308,57418,1743,59161,1422
2020-10-22,Placer,61,380077,4297,4036,14,4050,57
2020-10-22,Plumas,63,18699,72,62,0,62,0
2020-10-22,Riverside,65,2383286,66862,65104,327,65431,1279
2020-10-22,Sacramento,67,1510023,25531,25054,22,25076,492
2020-10-22,San Benito,69,59416,1424,1403,1,1404,15
2020-10-22,San Bernardino,71,2135413,63218,60402,98,60500,1149
2020-10-22,San Diego,73,3302833,55804,53514,0,53514,866
2020-10-22,San Francisco,75,870044,12212,11991,46,12037,137
2020-10-22,San Joaquin,77,732212,21807,21282,193,21475,495
2020-10-22,San Luis Obispo,79,281455,4233,4081,23,4104,31
2020-10-22,San Mateo,81,765935,11309,10796,7,10803,155
2020-10-22,Santa Barbara,83,443738,10296,9710,79,9789,120
2020-10-22,Santa Clara,85,1922200,24913,23621,34,23655,363
2020-10-22,Santa Cruz,87,273765,2843,2738,35,2773,24
2020-10-22,Shasta,89,179085,2109,1799,19,1818,29
2020-10-22,Sierra,91,2930,6,6,0,6,0
2020-10-22,Siskiyou,93,43540,201,169,10,179,0
2020-10-22,Solano,95,438530,7343,7116,41,7157,59
2020-10-22,Sonoma,97,501317,9501,9052,25,9077,139
2020-10-22,Stanislaus,99,539301,17659,17440,753,18193,395
2020-10-22,Sutter,101,95872,1843,1794,1,1795,12
2020-10-22,Tehama,103,63373,906,852,1,853,5
2020-10-22,Trinity,105,12862,46,26,6,32,0
2020-10-22,Tulare,107,460477,17693,17265,342,17607,293
2020-10-22,Tuolumne,109,53932,275,252,2,254,4
2020-10-22,Ventura,111,848112,14668,14124,319,14443,154
2020-10-22,Yolo,113,214977,3245,3116,9,3125,58
2020-10-22,Yuba,115,75493,1245,1199,5,1204,10
2020-10-21,Alameda,1,1643700,23422,22853,229,23082,392
2020-10-21,Alpine,3,1148,4,3,0,3,0
2020-10-21,Amador,5,37829,336,313,0,313,16
2020-10-21,Butte,7,227075,3163,3041,28,3069,55
2020-10-21,Calaveras,9,45235,332,272,0,272,13
2020-10-21,Colusa,11,21464,550,546,0,546,6
2020-10-21,Contra Costa,13,1133247,18884,18299,95,18394,243
2020-10-21,Del Norte,15,27424,173,169,0,169,2
2020-10-21,El Dorado,17,186661,1369,1305,2,1307,4
2020-10-21,Fresno,19,978130,33093,30328,449,30777,433
2020-10-21,Glenn,21,27897,668,640,1,641,3
2020-10-21,Humboldt,23,135768,561,548,1,549,7
2020-10-21,Imperial,25,180216,12822,12210,12,12222,331
2020-10-21,Inyo,27,18085,236,220,1,221,14
2020-10-21,Kern,29,883053,33725,32956,412,33368,430
2020-10-21,Kings,31,150075,8356,8186,54,8240,80
2020-10-21,Lake,33,64148,708,676,0,676,15
2020-10-21,Lassen,35,31185,767,764,2,766,0
2020-10-21,Los Angeles,37,10098052,298823,288096,2886,290982,6923
2020-10-21,Madera,39,155013,4990,4831,34,4865,52
2020-10-21,Marin,41,260295,7112,7002,18,7020,102
2020-10-21,Mariposa,43,17540,81,77,0,77,2
2020-10-21,Mendocino,45,87422,1066,1011,2,1013,21
2020-10-21,Merced,47,269075,9482,9319,32,9351,149
2020-10-21,Modoc,49,8938,33,26,0,26,0
2020-10-21,Mono,51,14174,186,156,4,160,1
2020-10-21,Monterey,53,433212,11265,11005,49,11054,83
2020-10-21,Napa,55,140530,2005,1918,5,1923,13
2020-10-21,Nevada,57,99092,629,597,16,613,8
2020-10-21,Orange,59,3164182,60096,57189,1732,58921,1409
2020-10-21,Placer,61,380077,4261,4007,14,4021,56
2020-10-21,Plumas,63,18699,69,58,0,58,0
2020-10-21,Riverside,65,2383286,66569,64778,301,65079,1278
2020-10-21,Sacramento,67,1510023,25339,24908,22,24930,490
2020-10-21,San Benito,69,59416,1423,1401,1,1402,14
2020-10-21,San Bernardino,71,2135413,62812,59948,91,60039,1141
2020-10-21,San Diego,73,3302833,55452,53279,0,53279,863
2020-10-21,San Francisco,75,870044,12163,11976,45,12021,137
2020-10-21,San Joaquin,77,732212,21731,21201,187,21388,495
2020-10-21,San Luis Obispo,79,281455,4219,4055,21,4076,31
2020-10-21,San Mateo,81,765935,11260,10730,7,10737,155
2020-10-21,Santa Barbara,83,443738,10278,9681,78,9759,121
2020-10-21,Santa Clara,85,1922200,24788,23537,34,23571,361
2020-10-21,Santa Cruz,87,273765,2820,2729,35,2764,24
2020-10-21,Shasta,89,179085,2072,1777,19,1796,27
2020-10-21,Sierra,91,2930,6,6,0,6,0
2020-10-21,Siskiyou,93,43540,197,169,10,179,0
2020-10-21,Solano,95,438530,7298,7088,41,7129,59
2020-10-21,Sonoma,97,501317,9421,8987,25,9012,138
2020-10-21,Stanislaus,99,539301,17610,17419,744,18163,392
2020-10-21,Sutter,101,95872,1828,1786,1,1787,12
2020-10-21,Tehama,103,63373,890,824,1,825,5
2020-10-21,Trinity,105,12862,43,25,6,31,0
2020-10-21,Tulare,107,460477,17657,17204,328,17532,292
2020-10-21,Tuolumne,109,53932,274,251,2,253,4
2020-10-21,Ventura,111,848112,14605,14050,316,14366,153
2020-10-21,Yolo,113,214977,3226,3095,9,3104,58
2020-10-21,Yuba,115,75493,1236,1194,5,1199,10
2020-10-20,Alameda,1,1643700,23319,22750,225,22975,391
2020-10-20,Alpine,3,1148,4,3,0,3,0
2020-10-20,Amador,5,37829,335,313,0,313,16
2020-10-20,Butte,7,227075,3151,3027,28,3055,56
2020-10-20,Calaveras,9,45235,331,273,0,273,13
2020-10-20,Colusa,11,21464,547,546,0,546,6
2020-10-20,Contra Costa,13,1133247,18792,18246,95,18341,241
2020-10-20,Del Norte,15,27424,172,169,0,169,2
2020-10-20,El Dorado,17,186661,1363,1295,2,1297,4
2020-10-20,Fresno,19,978130,32991,30220,443,30663,431
2020-10-20,Glenn,21,27897,663,638,1,639,3
2020-10-20,Humboldt,23,135768,557,545,1,546,7
2020-10-20,Imperial,25,180216,12753,12114,12,12126,330
2020-10-20,Inyo,27,18085,236,218,1,219,14
2020-10-20,Kern,29,883053,33650,32889,399,33288,429
2020-10-20,Kings,31,150075,8338,8178,53,8231,80
2020-10-20,Lake,33,64148,706,675,0,675,15
2020-10-20,Lassen,35,31185,766,757,2,759,0
2020-10-20,Los Angeles,37,10098052,297335,287727,2833,290560,6891
2020-10-20,Madera,39,155013,4973,4823,34,4857,52
2020-10-20,Marin,41,260295,7097,6994,18,7012,101
2020-10-20,Mariposa,43,17540,80,77,0,77,2
2020-10-20,Mendocino,45,87422,1064,1004,2,1006,21
2020-10-20,Merced,47,269075,9460,9323,32,9355,149
2020-10-20,Modoc,49,8938,32,26,0,26,0
2020-10-20,Mono,51,14174,186,156,4,160,1
2020-10-20,Monterey,53,433212,11222,10942,46,10988,81
2020-10-20,Napa,55,140530,1986,1912,5,1917,13
2020-10-20,Nevada,57,99092,620,596,16,612,8
2020-10-20,Orange,59,3164182,59832,56914,1723,58637,1397
2020-10-20,Placer,61,380077,4223,3997,14,4011,56
2020-10-20,Plumas,63,18699,66,53,0,53,0
2020-10-20,Riverside,65,2383286,66188,64452,289,64741,1275
2020-10-20,Sacramento,67,1510023,25213,24767,21,24788,485
2020-10-20,San Benito,69,59416,1420,1398,1,1399,14
2020-10-20,San Bernardino,71,2135413,62434,59571,86,59657,1109
2020-10-20,San Diego,73,3302833,55116,53004,0,53004,857
2020-10-20,San Francisco,75,870044,12116,12013,44,12057,126
2020-10-20,San Joaquin,77,732212,21653,21173,176,21349,490
2020-10-20,San Luis Obispo,79,281455,4201,4043,20,4063,31
2020-10-20,San Mateo,81,765935,11214,10659,7,10666,155
2020-10-20,Santa Barbara,83,443738,10249,9664,76,9740,121
2020-10-20,Santa Clara,85,1922200,24652,23406,34,23440,358
2020-10-20,Santa Cruz,87,273765,2797,2710,35,2745,23
2020-10-20,Shasta,89,179085,2049,1747,19,1766,20
2020-10-20,Sierra,91,2930,6,6,0,6,0
2020-10-20,Siskiyou,93,43540,189,168,10,178,0
2020-10-20,Solano,95,438530,7249,7044,41,7085,57
2020-10-20,Sonoma,97,501317,9358,8904,23,8927,135
2020-10-20,Stanislaus,99,539301,17556,17367,740,18107,393
2020-10-20,Sutter,101,95872,1819,1783,1,1784,12
2020-10-20,Tehama,103,63373,875,813,1,814,5
2020-10-20,Trinity,105,12862,42,25,6,31,0
2020-10-20,Tulare,107,460477,17591,17156,322,17478,289
2020-10-20,Tuolumne,109,53932,272,250,2,252,4
2020-10-20,Ventura,111,848112,14541,13980,314,14294,152
2020-10-20,Yolo,113,214977,3203,3083,9,3092,56
2020-10-20,Yuba,115,75493,1226,1191,5,1196,10
2020-10-19,Alameda,1,1643700,23210,22647,224,22871,392
2020-10-19,Alpine,3,1148,4,3,0,3,0
2020-10-19,Amador,5,37829,329,313,0,313,16
2020-10-19,Butte,7,227075,3140,3026,28,3054,55
2020-10-19,Calaveras,9,45235,330,268,0,268,13
2020-10-19,Colusa,11,21464,547,544,0,544,6
2020-10-19,Contra Costa,13,1133247,18694,18173,95,18268,239
2020-10-19,Del Norte,15,27424,169,167,0,167,2
2020-10-19,El Dorado,17,186661,1342,1287,2,1289,4
2020-10-19,Fresno,19,978130,32883,30152,438,30590,431
2020-10-19,Glenn,21,27897,658,635,0,635,3
2020-10-19,Humboldt,23,135768,557,543,1,544,7
2020-10-19,Imperial,25,180216,12699,12036,11,12047,330
2020-10-19,Inyo,27,18085,235,218,1,219,14
2020-10-19,Kern,29,883053,33575,32840,396,33236,428
2020-10-19,Kings,31,150075,8320,8173,53,8226,80
2020-10-19,Lake,33,64148,703,673,0,673,15
2020-10-19,Lassen,35,31185,765,757,2,759,0
2020-10-19,Los Angeles,37,10098052,295853,287119,2793,289912,6858
2020-10-19,Madera,39,155013,4958,4787,34,4821,52
2020-10-19,Marin,41,260295,7079,6981,18,6999,100
2020-10-19,Mariposa,43,17540,80,77,0,77,2
2020-10-19,Mendocino,45,87422,1059,1001,2,1003,21
2020-10-19,Merced,47,269075,9436,9305,27,9332,148
2020-10-19,Modoc,49,8938,31,26,0,26,0
2020-10-19,Mono,51,14174,181,156,4,160,1
2020-10-19,Monterey,53,433212,11161,10907,46,10953,80
2020-10-19,Napa,55,140530,1972,1892,5,1897,12
2020-10-19,Nevada,57,99092,617,590,16,606,8
2020-10-19,Orange,59,3164182,59547,56652,1709,58361,1396
2020-10-19,Placer,61,380077,4175,3962,14,3976,49
2020-10-19,Plumas,63,18699,64,52,0,52,0
2020-10-19,Riverside,65,2383286,65758,64016,272,64288,1272
2020-10-19,Sacramento,67,1510023,25074,24542,21,24563,483
2020-10-19,San Benito,69,59416,1413,1395,1,1396,14
2020-10-19,San Bernardino,71,2135413,61985,59265,78,59343,1100
2020-10-19,San Diego,73,3302833,54730,52739,0,52739,853
2020-10-19,San Francisco,75,870044,12072,11879,44,11923,126
2020-10-19,San Joaquin,77,732212,21578,20930,168,21098,489
2020-10-19,San Luis Obispo,79,281455,4185,4016,20,4036,31
2020-10-19,San Mateo,81,765935,11168,10568,7,10575,154
2020-10-19,Santa Barbara,83,443738,10214,9632,76,9708,121
2020-10-19,Santa Clara,85,1922200,24501,23301,34,23335,352
2020-10-19,Santa Cruz,87,273765,2780,2705,35,2740,19
2020-10-19,Shasta,89,179085,2005,1709,18,1727,20
2020-10-19,Sierra,91,2930,6,6,0,6,0
2020-10-19,Siskiyou,93,43540,182,167,10,177,0
2020-10-19,Solano,95,438530,7208,7003,41,7044,57
2020-10-19,Sonoma,97,501317,9271,8830,23,8853,135
2020-10-19,Stanislaus,99,539301,17504,17342,730,18072,390
2020-10-19,Sutter,101,95872,1814,1773,1,1774,12
2020-10-19,Tehama,103,63373,872,793,1,794,5
2020-10-19,Trinity,105,12862,40,23,6,29,0
2020-10-19,Tulare,107,460477,17542,17047,314,17361,291
2020-10-19,Tuolumne,109,53932,270,247,2,249,4
2020-10-19,Ventura,111,848112,14475,13930,311,14241,152
2020-10-19,Yolo,113,214977,3190,3069,9,3078,56
2020-10-19,Yuba,115,75493,1219,1183,5,1188,10
2020-10-18,Alameda,1,1643700,23106,22546,223,22769,392
2020-10-18,Alpine,3,1148,4,3,0,3,0
2020-10-18,Amador,5,37829,317,313,0,313,16
2020-10-18,Butte,7,227075,3127,3019,28,3047,55
2020-10-18,Calaveras,9,45235,329,267,0,267,13
2020-10-18,Colusa,11,21464,545,544,0,544,6
2020-10-18,Contra Costa,13,1133247,18595,18120,95,18215,237
2020-10-18,Del Norte,15,27424,169,167,0,167,2
2020-10-18,El Dorado,17,186661,1333,1283,2,1285,4
2020-10-18,Fresno,19,978130,32759,30051,430,30481,430
2020-10-18,Glenn,21,27897,656,634,0,634,3
2020-10-18,Humboldt,23,135768,554,540,1,541,7
2020-10-18,Imperial,25,180216,12637,11987,10,11997,330
2020-10-18,Inyo,27,18085,232,215,1,216,14
2020-10-18,Kern,29,883053,33502,32799,389,33188,428
2020-10-18,Kings,31,150075,8305,8159,53,8212,80
2020-10-18,Lake,33,64148,696,670,0,670,15
2020-10-18,Lassen,35,31185,765,757,2,759,0
2020-10-18,Los Angeles,37,10098052,294150,286187,2745,288932,6857
2020-10-18,Madera,39,155013,4933,4770,33,4803,52
2020-10-18,Marin,41,260295,7058,6969,18,6987,99
2020-10-18,Mariposa,43,17540,80,77,0,77,2
2020-10-18,Mendocino,45,87422,1057,988,2,990,21
2020-10-18,Merced,47,269075,9401,9292,27,9319,148
2020-10-18,Modoc,49,8938,30,26,0,26,0
2020-10-18,Mono,51,14174,176,155,4,159,1
2020-10-18,Monterey,53,433212,11109,10872,46,10918,80
2020-10-18,Napa,55,140530,1959,1882,5,1887,12
2020-10-18,Nevada,57,99092,611,582,16,598,8
2020-10-18,Orange,59,3164182,59248,56394,1693,58087,1396
2020-10-18,Placer,61,380077,4127,3938,14,3952,49
2020-10-18,Plumas,63,18699,62,52,0,52,0
2020-10-18,Riverside,65,2383286,65448,63765,249,64014,1270
2020-10-18,Sacramento,67,1510023,24919,24425,21,24446,482
2020-10-18,San Benito,69,59416,1406,1395,1,1396,14
2020-10-18,San Bernardino,71,2135413,61486,58893,71,58964,1098
2020-10-18,San Diego,73,3302833,54341,52359,0,52359,853
2020-10-18,San Francisco,75,870044,12033,11878,44,11922,126
2020-10-18,San Joaquin,77,732212,21496,20931,155,21086,489
2020-10-18,San Luis Obispo,79,281455,4154,4009,18,4027,31
2020-10-18,San Mateo,81,765935,11109,10503,7,10510,154
2020-10-18,Santa Barbara,83,443738,10175,9608,75,9683,121
2020-10-18,Santa Clara,85,1922200,24327,23169,34,23203,352
2020-10-18,Santa Cruz,87,273765,2766,2692,35,2727,19
2020-10-18,Shasta,89,179085,1980,1708,18,1726,20
2020-10-18,Sierra,91,2930,6,6,0,6,0
2020-10-18,Siskiyou,93,43540,181,167,10,177,0
2020-10-18,Solano,95,438530,7161,6962,41,7003,57
2020-10-18,Sonoma,97,501317,9195,8781,21,8802,134
2020-10-18,Stanislaus,99,539301,17448,17290,721,18011,390
2020-10-18,Sutter,101,95872,1805,1764,1,1765,12
2020-10-18,Tehama,103,63373,840,774,1,775,5
2020-10-18,Trinity,105,12862,40,20,6,26,0
2020-10-18,Tulare,107,460477,17450,17048,304,17352,290
2020-10-18,Tuolumne,109,53932,265,245,2,247,4
2020-10-18,Ventura,111,848112,14396,13901,310,14211,151
2020-10-18,Yolo,113,214977,3151,3059,9,3068,55
2020-10-18,Yuba,115,75493,1208,1176,5,1181,10
2020-10-17,Alameda,1,1643700,23060,22394,221,22615,398
2020-10-17,Alpine,3,1148,4,3,0,3,0
2020-10-17,Amador,5,37829,315,309,0,309,16
2020-10-17,Butte,7,227075,3119,3012,26,3038,55
2020-10-17,Calaveras,9,45235,329,267,0,267,13
2020-10-17,Colusa,11,21464,544,544,0,544,6
2020-10-17,Contra Costa,13,1133247,18542,18005,95,18100,237
2020-10-17,Del Norte,15,27424,169,167,0,167,2
2020-10-17,El Dorado,17,186661,1329,1277,2,1279,4
2020-10-17,Fresno,19,978130,32705,29911,428,30339,430
2020-10-17,Glenn,21,27897,653,633,0,633,3
2020-10-17,Humboldt,23,135768,551,535,1,536,7
2020-10-17,Imperial,25,180216,12609,11962,10,11972,330
2020-10-17,Inyo,27,18085,227,212,1,213,14
2020-10-17,Kern,29,883053,33451,32710,386,33096,428
2020-10-17,Kings,31,150075,8299,8151,52,8203,80
2020-10-17,Lake,33,64148,693,663,0,663,15
2020-10-17,Lassen,35,31185,765,757,2,759,0
2020-10-17,Los Angeles,37,10098052,293398,285858,2717,288575,6844
2020-10-17,Madera,39,155013,4927,4759,33,4792,53
2020-10-17,Marin,41,260295,7055,6958,18,6976,99
2020-10-17,Mariposa,43,17540,79,77,0,77,2
2020-10-17,Mendocino,45,87422,1050,977,2,979,21
2020-10-17,Merced,47,269075,9387,9275,27,9302,148
2020-10-17,Modoc,49,8938,30,26,0,26,0
2020-10-17,Mono,51,14174,175,155,4,159,1
2020-10-17,Monterey,53,433212,11069,10807,45,10852,80
2020-10-17,Napa,55,140530,1952,1866,5,1871,12
2020-10-17,Nevada,57,99092,610,580,16,596,8
2020-10-17,Orange,59,3164182,59108,56197,1684,57881,1396
2020-10-17,Placer,61,380077,4100,3898,14,3912,49
2020-10-17,Plumas,63,18699,62,52,0,52,0
2020-10-17,Riverside,65,2383286,65251,63171,238,63409,1270
2020-10-17,Sacramento,67,1510023,24834,24304,21,24325,482
2020-10-17,San Benito,69,59416,1402,1389,1,1390,14
2020-10-17,San Bernardino,71,2135413,61216,58415,67,58482,1097
2020-10-17,San Diego,73,3302833,54116,51986,0,51986,853
2020-10-17,San Francisco,75,870044,12005,11877,43,11920,126
2020-10-17,San Joaquin,77,732212,21442,20932,149,21081,489
2020-10-17,San Luis Obispo,79,281455,4139,3979,18,3997,31
2020-10-17,San Mateo,81,765935,11081,10423,7,10430,153
2020-10-17,Santa Barbara,83,443738,10156,9588,73,9661,121
2020-10-17,Santa Clara,85,1922200,24238,22997,34,23031,349
2020-10-17,Santa Cruz,87,273765,2752,2680,35,2715,19
2020-10-17,Shasta,89,179085,1954,1679,18,1697,20
2020-10-17,Sierra,91,2930,6,6,0,6,0
2020-10-17,Siskiyou,93,43540,180,167,10,177,0
2020-10-17,Solano,95,438530,7135,6929,41,6970,57
2020-10-17,Sonoma,97,501317,9152,8725,21,8746,134
2020-10-17,Stanislaus,99,539301,17409,17232,711,17943,390
2020-10-17,Sutter,101,95872,1803,1762,1,1763,12
2020-10-17,Tehama,103,63373,824,764,1,765,5
2020-10-17,Trinity,105,12862,40,20,6,26,0
2020-10-17,Tulare,107,460477,17420,16995,295,17290,290
2020-10-17,Tuolumne,109,53932,265,241,2,243,4
2020-10-17,Ventura,111,848112,14351,13845,307,14152,151
2020-10-17,Yolo,113,214977,3136,3045,7,3052,55
2020-10-17,Yuba,115,75493,1203,1164,5,1169,10
2020-10-16,Alameda,1,1643700,23006,22315,221,22536,397
2020-10-16,Alpine,3,1148,4,3,0,3,0
2020-10-16,Amador,5,37829,315,309,0,309,16
2020-10-16,Butte,7,227075,3108,3004,26,3030,54
2020-10-16,Calaveras,9,45235,329,267,0,267,13
2020-10-16,Colusa,11,21464,543,544,0,544,6
2020-10-16,Contra Costa,13,1133247,18489,17956,95,18051,237
2020-10-16,Del Norte,15,27424,169,166,0,166,2
2020-10-16,El Dorado,17,186661,1323,1273,2,1275,4
2020-10-16,Fresno,19,978130,32630,29796,426,30222,427
2020-10-16,Glenn,21,27897,648,632,0,632,3
2020-10-16,Humboldt,23,135768,551,533,1,534,7
2020-10-16,Imperial,25,180216,12569,11885,10,11895,330
2020-10-16,Inyo,27,18085,223,212,1,213,14
2020-10-16,Kern,29,883053,33408,32660,384,33044,428
2020-10-16,Kings,31,150075,8290,8146,51,8197,80
2020-10-16,Lake,33,64148,691,644,0,644,14
2020-10-16,Lassen,35,31185,765,757,2,759,0
2020-10-16,Los Angeles,37,10098052,292338,284988,2694,287682,6835
2020-10-16,Madera,39,155013,4915,4736,32,4768,53
2020-10-16,Marin,41,260295,7045,6933,18,6951,99
2020-10-16,Mariposa,43,17540,79,76,0,76,2
2020-10-16,Mendocino,45,87422,1043,974,2,976,21
2020-10-16,Merced,47,269075,9370,9246,27,9273,148
2020-10-16,Modoc,49,8938,30,26,0,26,0
2020-10-16,Mono,51,14174,173,155,4,159,1
2020-10-16,Monterey,53,433212,11035,10727,45,10772,79
2020-10-16,Napa,55,140530,1943,1855,5,1860,12
2020-10-16,Nevada,57,99092,608,579,16,595,8
2020-10-16,Orange,59,3164182,58932,56091,1677,57768,1388
2020-10-16,Placer,61,380077,4080,3864,14,3878,49
2020-10-16,Plumas,63,18699,61,52,0,52,0
2020-10-16,Riverside,65,2383286,65026,62986,237,63223,1267
2020-10-16,Sacramento,67,1510023,24739,24144,21,24165,479
2020-10-16,San Benito,69,59416,1399,1388,1,1389,14
2020-10-16,San Bernardino,71,2135413,60948,58233,67,58300,1069
2020-10-16,San Diego,73,3302833,53875,51785,0,51785,850
2020-10-16,San Francisco,75,870044,11983,11840,42,11882,126
2020-10-16,San Joaquin,77,732212,21397,20910,148,21058,489
2020-10-16,San Luis Obispo,79,281455,4125,3952,18,3970,32
2020-10-16,San Mateo,81,765935,11056,10405,7,10412,153
2020-10-16,Santa Barbara,83,443738,10138,9549,73,9622,119
2020-10-16,Santa Clara,85,1922200,24152,22920,34,22954,345
2020-10-16,Santa Cruz,87,273765,2739,2666,35,2701,20
2020-10-16,Shasta,89,179085,1932,1660,18,1678,20
2020-10-16,Sierra,91,2930,6,6,0,6,0
2020-10-16,Siskiyou,93,43540,178,167,10,177,0
2020-10-16,Solano,95,438530,7112,6879,41,6920,55
2020-10-16,Sonoma,97,501317,9096,8652,21,8673,133
2020-10-16,Stanislaus,99,539301,17376,17201,702,17903,366
2020-10-16,Sutter,101,95872,1795,1756,1,1757,12
2020-10-16,Tehama,103,63373,823,737,1,738,3
2020-10-16,Trinity,105,12862,40,20,6,26,0
2020-10-16,Tulare,107,460477,17388,16965,287,17252,290
2020-10-16,Tuolumne,109,53932,262,237,2,239,4
2020-10-16,Ventura,111,848112,14308,13805,302,14107,152
2020-10-16,Yolo,113,214977,3127,3030,7,3037,55
2020-10-16,Yuba,115,75493,1203,1155,5,1160,10
2020-10-15,Alameda,1,1643700,22937,22267,220,22487,390
2020-10-15,Alpine,3,1148,4,3,0,3,0
2020-10-15,Amador,5,37829,315,309,0,309,16
2020-10-15,Butte,7,227075,3096,3000,25,3025,54
2020-10-15,Calaveras,9,45235,327,267,0,267,13
2020-10-15,Colusa,11,21464,542,543,0,543,6
2020-10-15,Contra Costa,13,1133247,18422,17893,94,17987,237
2020-10-15,Del Norte,15,27424,169,164,0,164,2
2020-10-15,El Dorado,17,186661,1318,1265,2,1267,4
2020-10-15,Fresno,19,978130,32537,29727,424,30151,425
2020-10-15,Glenn,21,27897,643,632,0,632,3
2020-10-15,Humboldt,23,135768,547,531,1,532,7
2020-10-15,Imperial,25,180216,12528,11820,9,11829,330
2020-10-15,Inyo,27,18085,223,210,1,211,14
2020-10-15,Kern,29,883053,33328,32593,381,32974,427
2020-10-15,Kings,31,150075,8275,8134,51,8185,80
2020-10-15,Lake,33,64148,689,642,0,642,14
2020-10-15,Lassen,35,31185,764,752,2,754,0
2020-10-15,Los Angeles,37,10098052,291061,284019,2655,286674,6807
2020-10-15,Madera,39,155013,4903,4723,31,4754,50
2020-10-15,Marin,41,260295,7037,6912,18,6930,99
2020-10-15,Mariposa,43,17540,79,76,0,76,2
2020-10-15,Mendocino,45,87422,1038,963,2,965,21
2020-10-15,Merced,47,269075,9343,9213,27,9240,147
2020-10-15,Modoc,49,8938,30,26,0,26,0
2020-10-15,Mono,51,14174,173,155,4,159,1
2020-10-15,Monterey,53,433212,10968,10677,44,10721,79
2020-10-15,Napa,55,140530,1930,1842,5,1847,12
2020-10-15,Nevada,57,99092,604,575,16,591,8
2020-10-15,Orange,59,3164182,58716,55952,1665,57617,1379
2020-10-15,Placer,61,380077,4052,3848,14,3862,48
2020-10-15,Plumas,63,18699,58,52,0,52,0
2020-10-15,Riverside,65,2383286,64695,62819,234,63053,1266
2020-10-15,Sacramento,67,1510023,24621,24068,21,24089,474
2020-10-15,San Benito,69,59416,1396,1384,1,1385,14
2020-10-15,San Bernardino,71,2135413,60611,58068,67,58135,1067
2020-10-15,San Diego,73,3302833,53591,51472,0,51472,847
2020-10-15,San Francisco,75,870044,11955,11808,39,11847,126
2020-10-15,San Joaquin,77,732212,21324,20880,142,21022,487
2020-10-15,San Luis Obispo,79,281455,4110,3934,18,3952,32
2020-10-15,San Mateo,81,765935,11016,10340,7,10347,152
2020-10-15,Santa Barbara,83,443738,10114,9526,72,9598,117
2020-10-15,Santa Clara,85,1922200,24035,22808,34,22842,343
2020-10-15,Santa Cruz,87,273765,2725,2656,35,2691,13
2020-10-15,Shasta,89,179085,1921,1635,18,1653,20
2020-10-15,Sierra,91,2930,6,6,0,6,0
2020-10-15,Siskiyou,93,43540,174,166,10,176,0
2020-10-15,Solano,95,438530,7073,6830,41,6871,55
2020-10-15,Sonoma,97,501317,9004,8571,21,8592,133
2020-10-15,Stanislaus,99,539301,17338,17151,688,17839,366
2020-10-15,Sutter,101,95872,1792,1752,1,1753,12
2020-10-15,Tehama,103,63373,796,726,1,727,3
2020-10-15,Trinity,105,12862,40,20,6,26,0
2020-10-15,Tulare,107,460477,17328,16918,271,17189,289
2020-10-15,Tuolumne,109,53932,260,236,2,238,4
2020-10-15,Ventura,111,848112,14252,13750,297,14047,152
2020-10-15,Yolo,113,214977,3107,3014,7,3021,55
2020-10-15,Yuba,115,75493,1196,1151,5,1156,10
2020-10-14,Alameda,1,1643700,22840,22227,219,22446,398
2020-10-14,Alpine,3,1148,4,3,0,3,0
2020-10-14,Amador,5,37829,313,308,0,308,16
2020-10-14,Butte,7,227075,3088,2995,25,3020,54
2020-10-14,Calaveras,9,45235,327,266,0,266,12
2020-10-14,Colusa,11,21464,542,543,0,543,6
2020-10-14,Contra Costa,13,1133247,18365,17820,92,17912,236
2020-10-14,Del Norte,15,27424,168,163,0,163,2
2020-10-14,El Dorado,17,186661,1312,1264,2,1266,4
2020-10-14,Fresno,19,978130,32425,29650,419,30069,424
2020-10-14,Glenn,21,27897,642,629,0,629,3
2020-10-14,Humboldt,23,135768,544,531,1,532,7
2020-10-14,Imperial,25,180216,12491,11765,8,11773,330
2020-10-14,Inyo,27,18085,222,209,1,210,14
2020-10-14,Kern,29,883053,33254,32528,378,32906,425
2020-10-14,Kings,31,150075,8258,8118,50,8168,80
2020-10-14,Lake,33,64148,688,642,0,642,14
2020-10-14,Lassen,35,31185,762,752,2,754,0
2020-10-14,Los Angeles,37,10098052,289750,282918,2608,285526,6786
2020-10-14,Madera,39,155013,4888,4713,30,4743,50
2020-10-14,Marin,41,260295,7031,6907,18,6925,99
2020-10-14,Mariposa,43,17540,78,76,0,76,2
2020-10-14,Mendocino,45,87422,1032,955,2,957,21
2020-10-14,Merced,47,269075,9318,9201,25,9226,147
2020-10-14,Modoc,49,8938,30,27,0,27,0
2020-10-14,Mono,51,14174,173,155,4,159,1
2020-10-14,Monterey,53,433212,10917,10616,44,10660,78
2020-10-14,Napa,55,140530,1913,1837,5,1842,12
2020-10-14,Nevada,57,99092,602,573,16,589,7
2020-10-14,Orange,59,3164182,58505,55756,1654,57410,1348
2020-10-14,Placer,61,380077,4029,3829,14,3843,48
2020-10-14,Plumas,63,18699,54,52,0,52,0
2020-10-14,Riverside,65,2383286,64412,62607,233,62840,1261
2020-10-14,Sacramento,67,1510023,24478,24013,21,24034,472
2020-10-14,San Benito,69,59416,1394,1381,0,1381,14
2020-10-14,San Bernardino,71,2135413,60285,57774,65,57839,1063
2020-10-14,San Diego,73,3302833,53273,51329,0,51329,844
2020-10-14,San Francisco,75,870044,11923,11783,38,11821,123
2020-10-14,San Joaquin,77,732212,21245,20845,128,20973,487
2020-10-14,San Luis Obispo,79,281455,4087,3901,17,3918,32
2020-10-14,San Mateo,81,765935,10965,10309,7,10316,132
2020-10-14,Santa Barbara,83,443738,10079,9509,72,9581,117
2020-10-14,Santa Clara,85,1922200,23887,22735,34,22769,343
2020-10-14,Santa Cruz,87,273765,2715,2618,35,2653,13
2020-10-14,Shasta,89,179085,1883,1553,18,1571,20
2020-10-14,Sierra,91,2930,6,6,0,6,0
2020-10-14,Siskiyou,93,43540,174,166,10,176,0
2020-10-14,Solano,95,438530,7017,6786,41,6827,55
2020-10-14,Sonoma,97,501317,8951,8514,21,8535,133
2020-10-14,Stanislaus,99,539301,17293,17105,685,17790,365
2020-10-14,Sutter,101,95872,1783,1747,1,1748,12
2020-10-14,Tehama,103,63373,785,721,1,722,3
2020-10-14,Trinity,105,12862,39,20,6,26,0
2020-10-14,Tulare,107,460477,17266,16863,258,17121,287
2020-10-14,Tuolumne,109,53932,259,236,2,238,4
2020-10-14,Ventura,111,848112,14199,13697,293,13990,152
2020-10-14,Yolo,113,214977,3089,3007,7,3014,55
2020-10-14,Yuba,115,75493,1188,1147,5,1152,10
2020-10-13,Alameda,1,1643700,22736,22185,217,22402,389
2020-10-13,Alpine,3,1148,4,3,0,3,0
2020-10-13,Amador,5,37829,311,306,0,306,16
2020-10-13,Butte,7,227075,3079,2992,25,3017,54
2020-10-13,Calaveras,9,45235,323,262,0,262,12
2020-10-13,Colusa,11,21464,542,541,0,541,6
2020-10-13,Contra Costa,13,1133247,18307,17783,92,17875,234
2020-10-13,Del Norte,15,27424,168,163,0,163,2
2020-10-13,El Dorado,17,186661,1303,1262,2,1264,4
2020-10-13,Fresno,19,978130,32305,29579,415,29994,424
2020-10-13,Glenn,21,27897,641,629,0,629,3
2020-10-13,Humboldt,23,135768,542,523,1,524,7
2020-10-13,Imperial,25,180216,12456,11727,8,11735,327
2020-10-13,Inyo,27,18085,219,207,1,208,14
2020-10-13,Kern,29,883053,33180,32497,376,32873,419
2020-10-13,Kings,31,150075,8249,8111,50,8161,80
2020-10-13,Lake,33,64148,685,639,0,639,12
2020-10-13,Lassen,35,31185,760,752,2,754,0
2020-10-13,Los Angeles,37,10098052,288476,281716,2565,284281,6767
2020-10-13,Madera,39,155013,4870,4700,30,4730,50
2020-10-13,Marin,41,260295,7009,6900,18,6918,97
2020-10-13,Mariposa,43,17540,78,76,0,76,2
2020-10-13,Mendocino,45,87422,1023,950,2,952,21
2020-10-13,Merced,47,269075,9301,9181,25,9206,146
2020-10-13,Modoc,49,8938,29,28,0,28,0
2020-10-13,Mono,51,14174,173,155,3,158,1
2020-10-13,Monterey,53,433212,10856,10574,43,10617,78
2020-10-13,Napa,55,140530,1904,1825,5,1830,12
2020-10-13,Nevada,57,99092,596,572,16,588,7
2020-10-13,Orange,59,3164182,58293,55515,1640,57155,1326
2020-10-13,Placer,61,380077,3992,3825,14,3839,48
2020-10-13,Plumas,63,18699,52,51,0,51,0
2020-10-13,Riverside,65,2383286,64093,62279,231,62510,1254
2020-10-13,Sacramento,67,1510023,24400,23930,21,23951,466
2020-10-13,San Benito,69,59416,1386,1380,0,1380,14
2020-10-13,San Bernardino,71,2135413,59946,57411,64,57475,1061
2020-10-13,San Diego,73,3302833,52981,51026,0,51026,840
2020-10-13,San Francisco,75,870044,11888,11659,38,11697,122
2020-10-13,San Joaquin,77,732212,21183,20822,124,20946,481
2020-10-13,San Luis Obispo,79,281455,4076,3892,16,3908,32
2020-10-13,San Mateo,81,765935,10922,10286,7,10293,130
2020-10-13,Santa Barbara,83,443738,10048,9489,72,9561,117
2020-10-13,Santa Clara,85,1922200,23761,22678,34,22712,343
2020-10-13,Santa Cruz,87,273765,2697,2603,35,2638,13
2020-10-13,Shasta,89,179085,1859,1606,18,1624,20
2020-10-13,Sierra,91,2930,6,6,0,6,0
2020-10-13,Siskiyou,93,43540,173,163,10,173,0
2020-10-13,Solano,95,438530,6982,6761,41,6802,55
2020-10-13,Sonoma,97,501317,8868,8456,21,8477,133
2020-10-13,Stanislaus,99,539301,17248,17082,680,17762,362
2020-10-13,Sutter,101,95872,1774,1748,1,1749,12
2020-10-13,Tehama,103,63373,777,717,1,718,3
2020-10-13,Trinity,105,12862,35,19,5,24,0
2020-10-13,Tulare,107,460477,17208,16822,250,17072,286
2020-10-13,Tuolumne,109,53932,257,235,2,237,4
2020-10-13,Ventura,111,848112,14146,13645,288,13933,151
2020-10-13,Yolo,113,214977,3081,2983,6,2989,55
2020-10-13,Yuba,115,75493,1183,1143,5,1148,10
2020-10-12,Alameda,1,1643700,22657,22126,216,22342,389
2020-10-12,Alpine,3,1148,4,3,0,3,0
2020-10-12,Amador,5,37829,310,305,0,305,16
2020-10-12,Butte,7,227075,3073,2975,25,3000,54
2020-10-12,Calaveras,9,45235,323,262,0,262,12
2020-10-12,Colusa,11,21464,542,541,0,541,6
2020-10-12,Contra Costa,13,1133247,18232,17728,92,17820,233
2020-10-12,Del Norte,15,27424,168,161,0,161,2
2020-10-12,El Dorado,17,186661,1300,1254,2,1256,4
2020-10-12,Fresno,19,978130,32172,29523,411,29934,421
2020-10-12,Glenn,21,27897,640,626,0,626,3
2020-10-12,Humboldt,23,135768,539,522,1,523,7
2020-10-12,Imperial,25,180216,12417,11689,8,11697,328
2020-10-12,Inyo,27,18085,216,201,1,202,14
2020-10-12,Kern,29,883053,33087,32425,373,32798,419
2020-10-12,Kings,31,150075,8243,8106,49,8155,80
2020-10-12,Lake,33,64148,679,633,0,633,12
2020-10-12,Lassen,35,31185,760,752,2,754,0
2020-10-12,Los Angeles,37,10098052,287263,280961,2534,283495,6747
2020-10-12,Madera,39,155013,4851,4689,30,4719,50
2020-10-12,Marin,41,260295,6992,6886,18,6904,97
2020-10-12,Mariposa,43,17540,78,76,0,76,2
2020-10-12,Mendocino,45,87422,1017,947,2,949,21
2020-10-12,Merced,47,269075,9280,9141,25,9166,146
2020-10-12,Modoc,49,8938,29,27,0,27,0
2020-10-12,Mono,51,14174,173,154,3,157,1
2020-10-12,Monterey,53,433212,10790,10473,43,10516,77
2020-10-12,Napa,55,140530,1896,1819,5,1824,11
2020-10-12,Nevada,57,99092,592,570,16,586,7
2020-10-12,Orange,59,3164182,58063,55373,1630,57003,1326
2020-10-12,Placer,61,380077,3959,3808,13,3821,48
2020-10-12,Plumas,63,18699,52,51,0,51,0
2020-10-12,Riverside,65,2383286,63781,62279,228,62507,1254
2020-10-12,Sacramento,67,1510023,24293,23807,21,23828,466
2020-10-12,San Benito,69,59416,1383,1376,0,1376,13
2020-10-12,San Bernardino,71,2135413,59577,57235,64,57299,1061
2020-10-12,San Diego,73,3302833,52691,50748,0,50748,826
2020-10-12,San Francisco,75,870044,11856,11659,38,11697,122
2020-10-12,San Joaquin,77,732212,21120,20701,118,20819,480
2020-10-12,San Luis Obispo,79,281455,4052,3874,16,3890,32
2020-10-12,San Mateo,81,765935,10874,10262,7,10269,130
2020-10-12,Santa Barbara,83,443738,10011,9462,72,9534,117
2020-10-12,Santa Clara,85,1922200,23646,22578,34,22612,343
2020-10-12,Santa Cruz,87,273765,2680,2590,35,2625,13
2020-10-12,Shasta,89,179085,1834,1515,18,1533,20
2020-10-12,Sierra,91,2930,6,6,0,6,0
2020-10-12,Siskiyou,93,43540,172,162,10,172,0
2020-10-12,Solano,95,438530,6943,6742,41,6783,55
2020-10-12,Sonoma,97,501317,8797,8377,21,8398,133
2020-10-12,Stanislaus,99,539301,17199,17051,671,17722,361
2020-10-12,Sutter,101,95872,1766,1741,1,1742,12
2020-10-12,Tehama,103,63373,761,708,1,709,3
2020-10-12,Trinity,105,12862,34,19,5,24,0
2020-10-12,Tulare,107,460477,17156,16742,243,16985,286
2020-10-12,Tuolumne,109,53932,252,234,2,236,4
2020-10-12,Ventura,111,848112,14084,13617,284,13901,151
2020-10-12,Yolo,113,214977,3066,2964,6,2970,55
2020-10-12,Yuba,115,75493,1172,1141,5,1146,10
2020-10-11,Alameda,1,1643700,22568,22057,212,22269,392
2020-10-11,Alpine,3,1148,4,3,0,3,0
2020-10-11,Amador,5,37829,308,305,0,305,16
2020-10-11,Butte,7,227075,3065,2967,24,2991,54
2020-10-11,Calaveras,9,45235,321,262,0,262,12
2020-10-11,Colusa,11,21464,540,541,0,541,6
2020-10-11,Contra Costa,13,1133247,18150,17678,92,17770,233
2020-10-11,Del Norte,15,27424,166,161,0,161,2
2020-10-11,El Dorado,17,186661,1291,1242,2,1244,4
2020-10-11,Fresno,19,978130,32035,29419,404,29823,421
2020-10-11,Glenn,21,27897,638,625,0,625,3
2020-10-11,Humboldt,23,135768,538,521,1,522,7
2020-10-11,Imperial,25,180216,12357,11614,8,11622,328
2020-10-11,Inyo,27,18085,212,201,1,202,14
2020-10-11,Kern,29,883053,33000,32399,366,32765,418
2020-10-11,Kings,31,150075,8226,8094,48,8142,80
2020-10-11,Lake,33,64148,666,631,0,631,12
2020-10-11,Lassen,35,31185,759,752,2,754,0
2020-10-11,Los Angeles,37,10098052,285827,280190,2492,282682,6745
2020-10-11,Madera,39,155013,4823,4680,29,4709,50
2020-10-11,Marin,41,260295,6983,6870,18,6888,97
2020-10-11,Mariposa,43,17540,78,76,0,76,2
2020-10-11,Mendocino,45,87422,1010,944,2,946,21
2020-10-11,Merced,47,269075,9262,9124,25,9149,146
2020-10-11,Modoc,49,8938,29,27,0,27,0
2020-10-11,Mono,51,14174,173,154,3,157,1
2020-10-11,Monterey,53,433212,10739,10445,41,10486,77
2020-10-11,Napa,55,140530,1880,1811,5,1816,11
2020-10-11,Nevada,57,99092,590,569,16,585,7
2020-10-11,Orange,59,3164182,57833,55202,1624,56826,1326
2020-10-11,Placer,61,380077,3938,3787,13,3800,48
2020-10-11,Plumas,63,18699,52,51,0,51,0
2020-10-11,Riverside,65,2383286,63492,62112,224,62336,1254
2020-10-11,Sacramento,67,1510023,24153,23778,21,23799,466
2020-10-11,San Benito,69,59416,1382,1374,0,1374,13
2020-10-11,San Bernardino,71,2135413,59124,56997,64,57061,1061
2020-10-11,San Diego,73,3302833,52342,50553,0,50553,826
2020-10-11,San Francisco,75,870044,11813,11659,38,11697,122
2020-10-11,San Joaquin,77,732212,21045,20700,108,20808,480
2020-10-11,San Luis Obispo,79,281455,4035,3874,15,3889,32
2020-10-11,San Mateo,81,765935,10843,10240,7,10247,130
2020-10-11,Santa Barbara,83,443738,9981,9440,71,9511,117
2020-10-11,Santa Clara,85,1922200,23504,22487,33,22520,336
2020-10-11,Santa Cruz,87,273765,2666,2578,35,2613,13
2020-10-11,Shasta,89,179085,1804,1515,17,1532,20
2020-10-11,Sierra,91,2930,6,6,0,6,0
2020-10-11,Siskiyou,93,43540,171,162,10,172,0
2020-10-11,Solano,95,438530,6889,6685,41,6726,53
2020-10-11,Sonoma,97,501317,8740,8319,21,8340,133
2020-10-11,Stanislaus,99,539301,17136,17007,654,17661,360
2020-10-11,Sutter,101,95872,1763,1742,1,1743,12
2020-10-11,Tehama,103,63373,737,702,1,703,3
2020-10-11,Trinity,105,12862,34,19,5,24,0
2020-10-11,Tulare,107,460477,17093,16741,235,16976,286
2020-10-11,Tuolumne,109,53932,248,234,2,236,4
2020-10-11,Ventura,111,848112,14023,13604,279,13883,151
2020-10-11,Yolo,113,214977,3036,2952,6,2958,55
2020-10-11,Yuba,115,75493,1160,1137,5,1142,10
2020-10-10,Alameda,1,1643700,22518,21979,211,22190,398
2020-10-10,Alpine,3,1148,4,3,0,3,0
2020-10-10,Amador,5,37829,307,304,0,304,16
2020-10-10,Butte,7,227075,3060,2962,23,2985,54
2020-10-10,Calaveras,9,45235,320,262,0,262,12
2020-10-10,Colusa,11,21464,540,541,0,541,6
2020-10-10,Contra Costa,13,1133247,18114,17566,91,17657,233
2020-10-10,Del Norte,15,27424,166,161,0,161,2
2020-10-10,El Dorado,17,186661,1289,1240,2,1242,4
2020-10-10,Fresno,19,978130,31972,29286,402,29688,421
2020-10-10,Glenn,21,27897,638,623,0,623,3
2020-10-10,Humboldt,23,135768,535,518,1,519,7
2020-10-10,Imperial,25,180216,12342,11591,8,11599,327
2020-10-10,Inyo,27,18085,209,201,1,202,14
2020-10-10,Kern,29,883053,32963,32338,366,32704,418
2020-10-10,Kings,31,150075,8222,8078,48,8126,80
2020-10-10,Lake,33,64148,665,630,0,630,11
2020-10-10,Lassen,35,31185,759,752,2,754,0
2020-10-10,Los Angeles,37,10098052,285108,279213,2458,281671,6743
2020-10-10,Madera,39,155013,4810,4662,29,4691,50
2020-10-10,Marin,41,260295,6974,6852,18,6870,97
2020-10-10,Mariposa,43,17540,78,76,0,76,2
2020-10-10,Mendocino,45,87422,1003,935,2,937,21
2020-10-10,Merced,47,269075,9256,9105,24,9129,146
2020-10-10,Modoc,49,8938,29,27,0,27,0
2020-10-10,Mono,51,14174,173,154,3,157,1
2020-10-10,Monterey,53,433212,10706,10410,41,10451,75
2020-10-10,Napa,55,140530,1873,1804,5,1809,11
2020-10-10,Nevada,57,99092,587,564,16,580,6
2020-10-10,Orange,59,3164182,57712,54965,1619,56584,1324
2020-10-10,Placer,61,380077,3921,3757,13,3770,48
2020-10-10,Plumas,63,18699,52,51,0,51,0
2020-10-10,Riverside,65,2383286,63289,61845,221,62066,1254
2020-10-10,Sacramento,67,1510023,24087,23689,21,23710,466
2020-10-10,San Benito,69,59416,1380,1370,0,1370,13
2020-10-10,San Bernardino,71,2135413,58962,56683,64,56747,1061
2020-10-10,San Diego,73,3302833,52112,50145,0,50145,825
2020-10-10,San Francisco,75,870044,11792,11663,38,11701,122
2020-10-10,San Joaquin,77,732212,21017,20700,104,20804,481
2020-10-10,San Luis Obispo,79,281455,4015,3832,15,3847,32
2020-10-10,San Mateo,81,765935,10806,10218,7,10225,130
2020-10-10,Santa Barbara,83,443738,9970,9417,71,9488,116
2020-10-10,Santa Clara,85,1922200,23412,22354,33,22387,330
2020-10-10,Santa Cruz,87,273765,2652,2572,35,2607,13
2020-10-10,Shasta,89,179085,1787,1473,17,1490,20
2020-10-10,Sierra,91,2930,6,6,0,6,0
2020-10-10,Siskiyou,93,43540,171,161,10,171,0
2020-10-10,Solano,95,438530,6863,6655,41,6696,53
2020-10-10,Sonoma,97,501317,8720,8235,21,8256,133
2020-10-10,Stanislaus,99,539301,17101,16960,646,17606,360
2020-10-10,Sutter,101,95872,1760,1735,1,1736,12
2020-10-10,Tehama,103,63373,730,693,1,694,3
2020-10-10,Trinity,105,12862,34,19,5,24,0
2020-10-10,Tulare,107,460477,17059,16709,230,16939,286
2020-10-10,Tuolumne,109,53932,248,233,2,235,4
2020-10-10,Ventura,111,848112,13998,13520,279,13799,151
2020-10-10,Yolo,113,214977,3027,2939,6,2945,55
2020-10-10,Yuba,115,75493,1158,1134,5,1139,10
2020-10-09,Alameda,1,1643700,22470,21924,211,22135,399
2020-10-09,Alpine,3,1148,4,3,0,3,0
2020-10-09,Amador,5,37829,307,303,0,303,16
2020-10-09,Butte,7,227075,3057,2956,23,2979,51
2020-10-09,Calaveras,9,45235,318,262,0,262,11
2020-10-09,Colusa,11,21464,540,541,0,541,6
2020-10-09,Contra Costa,13,1133247,18064,17487,91,17578,229
2020-10-09,Del Norte,15,27424,165,161,0,161,2
2020-10-09,El Dorado,17,186661,1285,1234,2,1236,4
2020-10-09,Fresno,19,978130,31899,29208,400,29608,417
2020-10-09,Glenn,21,27897,633,617,0,617,3
2020-10-09,Humboldt,23,135768,533,516,1,517,7
2020-10-09,Imperial,25,180216,12315,11516,8,11524,330
2020-10-09,Inyo,27,18085,206,200,1,201,14
2020-10-09,Kern,29,883053,32920,32237,364,32601,417
2020-10-09,Kings,31,150075,8215,7993,46,8039,80
2020-10-09,Lake,33,64148,655,610,0,610,11
2020-10-09,Lassen,35,31185,759,751,2,753,0
2020-10-09,Los Angeles,37,10098052,283976,278039,2433,280472,6715
2020-10-09,Madera,39,155013,4800,4646,29,4675,50
2020-10-09,Marin,41,260295,6960,6838,18,6856,96
2020-10-09,Mariposa,43,17540,78,76,0,76,2
2020-10-09,Mendocino,45,87422,993,933,2,935,20
2020-10-09,Merced,47,269075,9242,9095,24,9119,145
2020-10-09,Modoc,49,8938,29,27,0,27,0
2020-10-09,Mono,51,14174,173,154,3,157,1
2020-10-09,Monterey,53,433212,10672,10369,41,10410,75
2020-10-09,Napa,55,140530,1863,1795,5,1800,11
2020-10-09,Nevada,57,99092,582,561,16,577,6
2020-10-09,Orange,59,3164182,57543,54746,1613,56359,1305
2020-10-09,Placer,61,380077,3908,3737,13,3750,48
2020-10-09,Plumas,63,18699,52,50,0,50,0
2020-10-09,Riverside,65,2383286,63053,61529,220,61749,1252
2020-10-09,Sacramento,67,1510023,24017,23606,21,23627,457
2020-10-09,San Benito,69,59416,1375,1367,0,1367,13
2020-10-09,San Bernardino,71,2135413,58722,56434,64,56498,1057
2020-10-09,San Diego,73,3302833,51836,49825,0,49825,821
2020-10-09,San Francisco,75,870044,11762,11620,38,11658,120
2020-10-09,San Joaquin,77,732212,20988,20648,94,20742,481
2020-10-09,San Luis Obispo,79,281455,3996,3810,15,3825,32
2020-10-09,San Mateo,81,765935,10778,10140,7,10147,130
2020-10-09,Santa Barbara,83,443738,9942,9396,71,9467,116
2020-10-09,Santa Clara,85,1922200,23310,22251,32,22283,328
2020-10-09,Santa Cruz,87,273765,2643,2555,35,2590,13
2020-10-09,Shasta,89,179085,1760,1353,16,1369,20
2020-10-09,Sierra,91,2930,6,6,0,6,0
2020-10-09,Siskiyou,93,43540,169,156,10,166,0
2020-10-09,Solano,95,438530,6824,6614,41,6655,53
2020-10-09,Sonoma,97,501317,8666,8133,21,8154,133
2020-10-09,Stanislaus,99,539301,17078,16904,637,17541,362
2020-10-09,Sutter,101,95872,1756,1732,1,1733,12
2020-10-09,Tehama,103,63373,724,682,1,683,3
2020-10-09,Trinity,105,12862,34,25,5,30,0
2020-10-09,Tulare,107,460477,17019,16644,221,16865,286
2020-10-09,Tuolumne,109,53932,245,230,2,232,4
2020-10-09,Ventura,111,848112,13962,13469,276,13745,151
2020-10-09,Yolo,113,214977,3020,2928,6,2934,55
2020-10-09,Yuba,115,75493,1157,1129,5,1134,10
2020-10-08,Alameda,1,1643700,22390,21826,210,22036,395
2020-10-08,Alpine,3,1148,4,3,0,3,0
2020-10-08,Amador,5,37829,306,302,0,302,16
2020-10-08,Butte,7,227075,3047,2935,23,2958,51
2020-10-08,Calaveras,9,45235,317,262,0,262,11
2020-10-08,Colusa,11,21464,540,539,0,539,6
2020-10-08,Contra Costa,13,1133247,18004,17418,90,17508,228
2020-10-08,Del Norte,15,27424,165,151,0,151,2
2020-10-08,El Dorado,17,186661,1284,1230,2,1232,4
2020-10-08,Fresno,19,978130,31794,29111,400,29511,416
2020-10-08,Glenn,21,27897,630,616,0,616,3
2020-10-08,Humboldt,23,135768,529,515,1,516,7
2020-10-08,Imperial,25,180216,12276,11405,8,11413,330
2020-10-08,Inyo,27,18085,203,199,1,200,14
2020-10-08,Kern,29,883053,32862,32169,359,32528,411
2020-10-08,Kings,31,150075,8209,7968,46,8014,80
2020-10-08,Lake,33,64148,650,604,0,604,11
2020-10-08,Lassen,35,31185,754,751,2,753,0
2020-10-08,Los Angeles,37,10098052,282779,276763,2392,279155,6699
2020-10-08,Madera,39,155013,4781,4637,29,4666,50
2020-10-08,Marin,41,260295,6946,6810,18,6828,96
2020-10-08,Mariposa,43,17540,78,76,0,76,2
2020-10-08,Mendocino,45,87422,988,930,2,932,20
2020-10-08,Merced,47,269075,9222,9069,24,9093,144
2020-10-08,Modoc,49,8938,29,27,0,27,0
2020-10-08,Mono,51,14174,173,153,3,156,1
2020-10-08,Monterey,53,433212,10605,10343,41,10384,75
2020-10-08,Napa,55,140530,1848,1779,5,1784,11
2020-10-08,Nevada,57,99092,579,556,16,572,6
2020-10-08,Orange,59,3164182,57349,54523,1601,56124,1293
2020-10-08,Placer,61,380077,3890,3715,13,3728,48
2020-10-08,Plumas,63,18699,52,50,0,50,0
2020-10-08,Riverside,65,2383286,62785,61105,218,61323,1244
2020-10-08,Sacramento,67,1510023,23909,23482,21,23503,454
2020-10-08,San Benito,69,59416,1370,1367,0,1367,13
2020-10-08,San Bernardino,71,2135413,58359,56152,64,56216,1048
2020-10-08,San Diego,73,3302833,51556,49468,0,49468,819
2020-10-08,San Francisco,75,870044,11725,11608,38,11646,115
2020-10-08,San Joaquin,77,732212,20937,20576,89,20665,478
2020-10-08,San Luis Obispo,79,281455,3980,3785,15,3800,32
2020-10-08,San Mateo,81,765935,10746,10044,7,10051,130
2020-10-08,Santa Barbara,83,443738,9912,9374,71,9445,116
2020-10-08,Santa Clara,85,1922200,23208,22095,32,22127,323
2020-10-08,Santa Cruz,87,273765,2631,2535,35,2570,13
2020-10-08,Shasta,89,179085,1726,1305,16,1321,20
2020-10-08,Sierra,91,2930,6,6,0,6,0
2020-10-08,Siskiyou,93,43540,169,156,10,166,0
2020-10-08,Solano,95,438530,6800,6556,41,6597,53
2020-10-08,Sonoma,97,501317,8600,8063,21,8084,132
2020-10-08,Stanislaus,99,539301,17032,16821,629,17450,360
2020-10-08,Sutter,101,95872,1756,1725,1,1726,12
2020-10-08,Tehama,103,63373,715,676,1,677,3
2020-10-08,Trinity,105,12862,34,25,5,30,0
2020-10-08,Tulare,107,460477,16958,16573,212,16785,283
2020-10-08,Tuolumne,109,53932,244,230,2,232,4
2020-10-08,Ventura,111,848112,13915,13399,273,13672,151
2020-10-08,Yolo,113,214977,3003,2914,6,2920,55
2020-10-08,Yuba,115,75493,1152,1126,5,1131,10
2020-10-07,Alameda,1,1643700,22313,21736,210,21946,395
2020-10-07,Alpine,3,1148,4,3,0,3,0
2020-10-07,Amador,5,37829,306,302,0,302,16
2020-10-07,Butte,7,227075,3035,2927,23,2950,47
2020-10-07,Calaveras,9,45235,315,262,0,262,11
2020-10-07,Colusa,11,21464,539,539,0,539,6
2020-10-07,Contra Costa,13,1133247,17933,17346,89,17435,225
2020-10-07,Del Norte,15,27424,164,149,0,149,2
2020-10-07,El Dorado,17,186661,1276,1219,2,1221,4
2020-10-07,Fresno,19,978130,31672,29069,395,29464,413
2020-10-07,Glenn,21,27897,630,615,0,615,3
2020-10-07,Humboldt,23,135768,526,512,1,513,7
2020-10-07,Imperial,25,180216,12239,11289,8,11297,330
2020-10-07,Inyo,27,18085,203,199,1,200,14
2020-10-07,Kern,29,883053,32790,32068,358,32426,410
2020-10-07,Kings,31,150075,8194,7948,46,7994,80
2020-10-07,Lake,33,64148,649,599,0,599,11
2020-10-07,Lassen,35,31185,754,751,2,753,0
2020-10-07,Los Angeles,37,10098052,281606,275559,2354,277913,6681
2020-10-07,Madera,39,155013,4761,4618,29,4647,50
2020-10-07,Marin,41,260295,6919,6790,18,6808,95
2020-10-07,Mariposa,43,17540,78,75,0,75,2
2020-10-07,Mendocino,45,87422,982,927,2,929,19
2020-10-07,Merced,47,269075,9185,9045,23,9068,144
2020-10-07,Modoc,49,8938,29,27,0,27,0
2020-10-07,Mono,51,14174,172,153,2,155,1
2020-10-07,Monterey,53,433212,10546,10272,41,10313,75
2020-10-07,Napa,55,140530,1835,1774,5,1779,11
2020-10-07,Nevada,57,99092,575,552,16,568,6
2020-10-07,Orange,59,3164182,57130,54332,1591,55923,1277
2020-10-07,Placer,61,380077,3874,3693,13,3706,48
2020-10-07,Plumas,63,18699,52,50,0,50,0
2020-10-07,Riverside,65,2383286,62438,60857,214,61071,1241
2020-10-07,Sacramento,67,1510023,23813,23380,21,23401,452
2020-10-07,San Benito,69,59416,1367,1363,0,1363,13
2020-10-07,San Bernardino,71,2135413,58011,55738,63,55801,1043
2020-10-07,San Diego,73,3302833,51240,49177,0,49177,813
2020-10-07,San Francisco,75,870044,11690,11551,38,11589,115
2020-10-07,San Joaquin,77,732212,20885,20527,81,20608,478
2020-10-07,San Luis Obispo,79,281455,3950,3749,15,3764,32
2020-10-07,San Mateo,81,765935,10704,9980,7,9987,130
2020-10-07,Santa Barbara,83,443738,9884,9350,70,9420,116
2020-10-07,Santa Clara,85,1922200,23081,21993,32,22025,320
2020-10-07,Santa Cruz,87,273765,2619,2518,35,2553,14
2020-10-07,Shasta,89,179085,1683,1268,16,1284,20
2020-10-07,Sierra,91,2930,6,6,0,6,0
2020-10-07,Siskiyou,93,43540,167,154,10,164,0
2020-10-07,Solano,95,438530,6765,6526,41,6567,53
2020-10-07,Sonoma,97,501317,8523,7993,21,8014,130
2020-10-07,Stanislaus,99,539301,16997,16786,623,17409,357
2020-10-07,Sutter,101,95872,1752,1723,1,1724,12
2020-10-07,Tehama,103,63373,706,666,1,667,3
2020-10-07,Trinity,105,12862,32,25,5,30,0
2020-10-07,Tulare,107,460477,16917,16483,203,16686,282
2020-10-07,Tuolumne,109,53932,244,227,2,229,3
2020-10-07,Ventura,111,848112,13865,13333,267,13600,150
2020-10-07,Yolo,113,214977,2977,2904,6,2910,55
2020-10-07,Yuba,115,75493,1146,1120,5,1125,10
2020-10-06,Alameda,1,1643700,22223,21698,208,21906,385
2020-10-06,Alpine,3,1148,4,3,0,3,0
2020-10-06,Amador,5,37829,304,301,0,301,16
2020-10-06,Butte,7,227075,3028,2925,23,2948,47
2020-10-06,Calaveras,9,45235,315,261,0,261,11
2020-10-06,Colusa,11,21464,538,538,0,538,6
2020-10-06,Contra Costa,13,1133247,17854,17295,89,17384,219
2020-10-06,Del Norte,15,27424,164,144,0,144,2
2020-10-06,El Dorado,17,186661,1272,1211,2,1213,4
2020-10-06,Fresno,19,978130,31530,29022,392,29414,412
2020-10-06,Glenn,21,27897,627,604,0,604,3
2020-10-06,Humboldt,23,135768,523,508,1,509,7
2020-10-06,Imperial,25,180216,12201,11196,8,11204,327
2020-10-06,Inyo,27,18085,201,198,1,199,14
2020-10-06,Kern,29,883053,32713,32006,356,32362,407
2020-10-06,Kings,31,150075,8178,7943,46,7989,81
2020-10-06,Lake,33,64148,643,596,0,596,11
2020-10-06,Lassen,35,31185,754,743,2,745,0
2020-10-06,Los Angeles,37,10098052,280374,274115,2301,276416,6657
2020-10-06,Madera,39,155013,4749,4608,29,4637,50
2020-10-06,Marin,41,260295,6905,6766,18,6784,91
2020-10-06,Mariposa,43,17540,78,75,0,75,2
2020-10-06,Mendocino,45,87422,975,920,2,922,19
2020-10-06,Merced,47,269075,9149,9034,22,9056,143
2020-10-06,Modoc,49,8938,29,26,0,26,0
2020-10-06,Mono,51,14174,172,153,2,155,1
2020-10-06,Monterey,53,433212,10490,10235,40,10275,72
2020-10-06,Napa,55,140530,1829,1770,5,1775,11
2020-10-06,Nevada,57,99092,573,551,16,567,6
2020-10-06,Orange,59,3164182,56915,54203,1583,55786,1273
2020-10-06,Placer,61,380077,3852,3680,13,3693,48
2020-10-06,Plumas,63,18699,52,49,0,49,0
2020-10-06,Riverside,65,2383286,62174,60593,211,60804,1238
2020-10-06,Sacramento,67,1510023,23726,23322,21,23343,442
2020-10-06,San Benito,69,59416,1366,1358,0,1358,12
2020-10-06,San Bernardino,71,2135413,57696,55416,62,55478,1040
2020-10-06,San Diego,73,3302833,50903,48823,0,48823,806
2020-10-06,San Francisco,75,870044,11664,11513,37,11550,115
2020-10-06,San Joaquin,77,732212,20845,20481,78,20559,477
2020-10-06,San Luis Obispo,79,281455,3915,3723,15,3738,32
2020-10-06,San Mateo,81,765935,10671,9934,7,9941,129
2020-10-06,Santa Barbara,83,443738,9855,9331,69,9400,116
2020-10-06,Santa Clara,85,1922200,22986,21914,32,21946,320
2020-10-06,Santa Cruz,87,273765,2597,2510,35,2545,12
2020-10-06,Shasta,89,179085,1643,1242,16,1258,18
2020-10-06,Sierra,91,2930,6,6,0,6,0
2020-10-06,Siskiyou,93,43540,167,154,10,164,0
2020-10-06,Solano,95,438530,6719,6506,41,6547,52
2020-10-06,Sonoma,97,501317,8431,7895,21,7916,130
2020-10-06,Stanislaus,99,539301,16952,16759,617,17376,354
2020-10-06,Sutter,101,95872,1750,1722,1,1723,12
2020-10-06,Tehama,103,63373,697,660,1,661,3
2020-10-06,Trinity,105,12862,32,25,5,30,0
2020-10-06,Tulare,107,460477,16875,16456,195,16651,280
2020-10-06,Tuolumne,109,53932,243,227,2,229,2
2020-10-06,Ventura,111,848112,13798,13242,262,13504,150
2020-10-06,Yolo,113,214977,2963,2899,6,2905,56
2020-10-06,Yuba,115,75493,1145,1114,5,1119,10
2020-10-05,Alameda,1,1643700,22135,21637,205,21842,383
2020-10-05,Alpine,3,1148,4,2,0,2,0
2020-10-05,Amador,5,37829,304,299,0,299,16
2020-10-05,Butte,7,227075,3018,2910,23,2933,46
2020-10-05,Calaveras,9,45235,315,259,0,259,11
2020-10-05,Colusa,11,21464,538,537,0,537,6
2020-10-05,Contra Costa,13,1133247,17777,17250,89,17339,216
2020-10-05,Del Norte,15,27424,161,142,0,142,2
2020-10-05,El Dorado,17,186661,1268,1202,2,1204,4
2020-10-05,Fresno,19,978130,31413,29136,392,29528,408
2020-10-05,Glenn,21,27897,625,603,0,603,3
2020-10-05,Humboldt,23,135768,522,506,1,507,6
2020-10-05,Imperial,25,180216,12162,11169,8,11177,327
2020-10-05,Inyo,27,18085,201,197,1,198,14
2020-10-05,Kern,29,883053,32634,31933,352,32285,404
2020-10-05,Kings,31,150075,8081,7932,46,7978,80
2020-10-05,Lake,33,64148,639,592,0,592,10
2020-10-05,Lassen,35,31185,753,743,2,745,0
2020-10-05,Los Angeles,37,10098052,279294,273200,2257,275457,6632
2020-10-05,Madera,39,155013,4741,4598,27,4625,50
2020-10-05,Marin,41,260295,6888,6751,18,6769,91
2020-10-05,Mariposa,43,17540,78,75,0,75,2
2020-10-05,Mendocino,45,87422,967,913,2,915,19
2020-10-05,Merced,47,269075,9130,9021,21,9042,143
2020-10-05,Modoc,49,8938,29,26,0,26,0
2020-10-05,Mono,51,14174,172,152,2,154,1
2020-10-05,Monterey,53,433212,10443,10187,40,10227,72
2020-10-05,Napa,55,140530,1819,1760,5,1765,11
2020-10-05,Nevada,57,99092,570,550,15,565,6
2020-10-05,Orange,59,3164182,56700,54103,1568,55671,1271
2020-10-05,Placer,61,380077,3826,3670,13,3683,46
2020-10-05,Plumas,63,18699,51,49,0,49,0
2020-10-05,Riverside,65,2383286,61855,60454,207,60661,1232
2020-10-05,Sacramento,67,1510023,23622,23207,21,23228,438
2020-10-05,San Benito,69,59416,1363,1356,0,1356,12
2020-10-05,San Bernardino,71,2135413,57389,55100,62,55162,1031
2020-10-05,San Diego,73,3302833,50567,48662,0,48662,803
2020-10-05,San Francisco,75,870044,11625,11476,34,11510,110
2020-10-05,San Joaquin,77,732212,20774,20319,75,20394,476
2020-10-05,San Luis Obispo,79,281455,3889,3710,15,3725,32
2020-10-05,San Mateo,81,765935,10644,9896,7,9903,128
2020-10-05,Santa Barbara,83,443738,9833,9309,69,9378,116
2020-10-05,Santa Clara,85,1922200,22871,21861,32,21893,319
2020-10-05,Santa Cruz,87,273765,2585,2492,35,2527,9
2020-10-05,Shasta,89,179085,1610,1158,16,1174,18
2020-10-05,Sierra,91,2930,6,6,0,6,0
2020-10-05,Siskiyou,93,43540,167,153,10,163,0
2020-10-05,Solano,95,438530,6680,6475,41,6516,52
2020-10-05,Sonoma,97,501317,8339,7817,21,7838,130
2020-10-05,Stanislaus,99,539301,16917,16730,610,17340,351
2020-10-05,Sutter,101,95872,1742,1719,1,1720,12
2020-10-05,Tehama,103,63373,689,642,1,643,3
2020-10-05,Trinity,105,12862,32,22,5,27,0
2020-10-05,Tulare,107,460477,16817,16343,191,16534,278
2020-10-05,Tuolumne,109,53932,240,226,2,228,2
2020-10-05,Ventura,111,848112,13731,13224,240,13464,149
2020-10-05,Yolo,113,214977,2944,2889,6,2895,56
2020-10-05,Yuba,115,75493,1132,1108,5,1113,9
2020-10-04,Alameda,1,1643700,22039,21597,205,21802,383
2020-10-04,Alpine,3,1148,4,2,0,2,0
2020-10-04,Amador,5,37829,302,297,0,297,16
2020-10-04,Butte,7,227075,3004,2903,23,2926,46
2020-10-04,Calaveras,9,45235,315,259,0,259,11
2020-10-04,Colusa,11,21464,537,537,0,537,6
2020-10-04,Contra Costa,13,1133247,17712,17192,89,17281,214
2020-10-04,Del Norte,15,27424,157,142,0,142,2
2020-10-04,El Dorado,17,186661,1264,1196,2,1198,4
2020-10-04,Fresno,19,978130,31290,29065,392,29457,408
2020-10-04,Glenn,21,27897,623,601,0,601,3
2020-10-04,Humboldt,23,135768,521,506,1,507,6
2020-10-04,Imperial,25,180216,12122,11127,8,11135,327
2020-10-04,Inyo,27,18085,198,195,1,196,14
2020-10-04,Kern,29,883053,32560,31906,350,32256,404
2020-10-04,Kings,31,150075,8066,7919,46,7965,80
2020-10-04,Lake,33,64148,625,589,0,589,10
2020-10-04,Lassen,35,31185,753,743,2,745,0
2020-10-04,Los Angeles,37,10098052,277912,272822,2206,275028,6625
2020-10-04,Madera,39,155013,4725,4587,27,4614,50
2020-10-04,Marin,41,260295,6868,6741,18,6759,91
2020-10-04,Mariposa,43,17540,78,75,0,75,2
2020-10-04,Mendocino,45,87422,954,905,2,907,18
2020-10-04,Merced,47,269075,9105,9006,21,9027,140
2020-10-04,Modoc,49,8938,29,26,0,26,0
2020-10-04,Mono,51,14174,171,152,1,153,1
2020-10-04,Monterey,53,433212,10402,10141,39,10180,72
2020-10-04,Napa,55,140530,1807,1759,5,1764,11
2020-10-04,Nevada,57,99092,566,547,14,561,6
2020-10-04,Orange,59,3164182,56464,53966,1559,55525,1270
2020-10-04,Placer,61,380077,3805,3664,13,3677,46
2020-10-04,Plumas,63,18699,51,49,0,49,0
2020-10-04,Riverside,65,2383286,61569,60251,202,60453,1226
2020-10-04,Sacramento,67,1510023,23509,23162,21,23183,438
2020-10-04,San Benito,69,59416,1363,1355,0,1355,12
2020-10-04,San Bernardino,71,2135413,56945,55100,62,55162,1031
2020-10-04,San Diego,73,3302833,50201,48438,0,48438,803
2020-10-04,San Francisco,75,870044,11593,11474,32,11506,110
2020-10-04,San Joaquin,77,732212,20697,20320,69,20389,476
2020-10-04,San Luis Obispo,79,281455,3864,3688,15,3703,31
2020-10-04,San Mateo,81,765935,10583,9858,7,9865,128
2020-10-04,Santa Barbara,83,443738,9807,9276,67,9343,116
2020-10-04,Santa Clara,85,1922200,22735,21780,32,21812,316
2020-10-04,Santa Cruz,87,273765,2569,2483,35,2518,9
2020-10-04,Shasta,89,179085,1512,1158,15,1173,18
2020-10-04,Sierra,91,2930,6,6,0,6,0
2020-10-04,Siskiyou,93,43540,167,153,10,163,0
2020-10-04,Solano,95,438530,6629,6445,41,6486,52
2020-10-04,Sonoma,97,501317,8251,7794,21,7815,129
2020-10-04,Stanislaus,99,539301,16867,16711,601,17312,351
2020-10-04,Sutter,101,95872,1737,1711,1,1712,11
2020-10-04,Tehama,103,63373,674,637,1,638,3
2020-10-04,Trinity,105,12862,32,21,5,26,0
2020-10-04,Tulare,107,460477,16743,16343,179,16522,278
2020-10-04,Tuolumne,109,53932,238,226,2,228,2
2020-10-04,Ventura,111,848112,13649,13197,223,13420,149
2020-10-04,Yolo,113,214977,2933,2875,6,2881,56
2020-10-04,Yuba,115,75493,1128,1103,5,1108,9
2020-10-03,Alameda,1,1643700,21993,21510,204,21714,386
2020-10-03,Alpine,3,1148,4,2,0,2,0
2020-10-03,Amador,5,37829,301,296,0,296,16
2020-10-03,Butte,7,227075,2998,2894,23,2917,46
2020-10-03,Calaveras,9,45235,315,259,0,259,11
2020-10-03,Colusa,11,21464,536,537,0,537,6
2020-10-03,Contra Costa,13,1133247,17662,17087,87,17174,213
2020-10-03,Del Norte,15,27424,153,142,0,142,2
2020-10-03,El Dorado,17,186661,1257,1188,2,1190,4
2020-10-03,Fresno,19,978130,31231,28975,391,29366,408
2020-10-03,Glenn,21,27897,621,601,0,601,3
2020-10-03,Humboldt,23,135768,520,504,1,505,6
2020-10-03,Imperial,25,180216,12099,11090,8,11098,327
2020-10-03,Inyo,27,18085,198,194,1,195,14
2020-10-03,Kern,29,883053,32510,31864,347,32211,403
2020-10-03,Kings,31,150075,8062,7887,46,7933,80
2020-10-03,Lake,33,64148,615,588,0,588,10
2020-10-03,Lassen,35,31185,753,743,2,745,0
2020-10-03,Los Angeles,37,10098052,277208,271869,2176,274045,6620
2020-10-03,Madera,39,155013,4708,4565,27,4592,50
2020-10-03,Marin,41,260295,6862,6728,18,6746,91
2020-10-03,Mariposa,43,17540,78,75,0,75,2
2020-10-03,Mendocino,45,87422,952,898,2,900,18
2020-10-03,Merced,47,269075,9092,8986,21,9007,139
2020-10-03,Modoc,49,8938,29,26,0,26,0
2020-10-03,Mono,51,14174,171,152,1,153,1
2020-10-03,Monterey,53,433212,10368,10092,36,10128,72
2020-10-03,Napa,55,140530,1803,1752,5,1757,11
2020-10-03,Nevada,57,99092,564,544,14,558,6
2020-10-03,Orange,59,3164182,56347,53573,1554,55127,1268
2020-10-03,Placer,61,380077,3794,3648,13,3661,47
2020-10-03,Plumas,63,18699,51,48,0,48,0
2020-10-03,Riverside,65,2383286,61414,59991,201,60192,1226
2020-10-03,Sacramento,67,1510023,23457,23076,21,23097,437
2020-10-03,San Benito,69,59416,1363,1351,0,1351,12
2020-10-03,San Bernardino,71,2135413,56773,55004,62,55066,1031
2020-10-03,San Diego,73,3302833,49970,48202,0,48202,798
2020-10-03,San Francisco,75,870044,11568,11475,30,11505,110
2020-10-03,San Joaquin,77,732212,20671,20322,69,20391,476
2020-10-03,San Luis Obispo,79,281455,3840,3670,15,3685,31
2020-10-03,San Mateo,81,765935,10557,9822,6,9828,128
2020-10-03,Santa Barbara,83,443738,9794,9256,67,9323,116
2020-10-03,Santa Clara,85,1922200,22655,21672,32,21704,309
2020-10-03,Santa Cruz,87,273765,2561,2476,35,2511,9
2020-10-03,Shasta,89,179085,1484,1117,14,1131,18
2020-10-03,Sierra,91,2930,6,6,0,6,0
2020-10-03,Siskiyou,93,43540,167,152,10,162,0
2020-10-03,Solano,95,438530,6603,6419,41,6460,52
2020-10-03,Sonoma,97,501317,8208,7747,21,7768,129
2020-10-03,Stanislaus,99,539301,16834,16645,597,17242,351
2020-10-03,Sutter,101,95872,1733,1705,1,1706,11
2020-10-03,Tehama,103,63373,668,630,1,631,3
2020-10-03,Trinity,105,12862,32,15,5,20,0
2020-10-03,Tulare,107,460477,16701,16322,174,16496,278
2020-10-03,Tuolumne,109,53932,237,224,2,226,2
2020-10-03,Ventura,111,848112,13610,13150,219,13369,148
2020-10-03,Yolo,113,214977,2926,2863,6,2869,56
2020-10-03,Yuba,115,75493,1120,1097,5,1102,8
2020-10-02,Alameda,1,1643700,21939,21404,203,21607,382
2020-10-02,Alpine,3,1148,4,2,0,2,0
2020-10-02,Amador,5,37829,300,296,0,296,16
2020-10-02,Butte,7,227075,2988,2879,23,2902,46
2020-10-02,Calaveras,9,45235,314,259,0,259,11
2020-10-02,Colusa,11,21464,535,537,0,537,6
2020-10-02,Contra Costa,13,1133247,17619,17002,87,17089,213
2020-10-02,Del Norte,15,27424,152,141,0,141,2
2020-10-02,El Dorado,17,186661,1250,1168,2,1170,4
2020-10-02,Fresno,19,978130,31148,28855,391,29246,403
2020-10-02,Glenn,21,27897,616,594,0,594,3
2020-10-02,Humboldt,23,135768,519,503,1,504,6
2020-10-02,Imperial,25,180216,12077,11024,8,11032,327
2020-10-02,Inyo,27,18085,196,191,1,192,14
2020-10-02,Kern,29,883053,32458,31790,345,32135,399
2020-10-02,Kings,31,150075,8053,7716,46,7762,79
2020-10-02,Lake,33,64148,609,579,0,579,10
2020-10-02,Lassen,35,31185,753,742,2,744,0
2020-10-02,Los Angeles,37,10098052,276307,270935,2147,273082,6602
2020-10-02,Madera,39,155013,4699,4537,27,4564,49
2020-10-02,Marin,41,260295,6845,6717,18,6735,91
2020-10-02,Mariposa,43,17540,78,75,0,75,2
2020-10-02,Mendocino,45,87422,948,883,2,885,18
2020-10-02,Merced,47,269075,9082,8961,21,8982,139
2020-10-02,Modoc,49,8938,29,26,0,26,0
2020-10-02,Mono,51,14174,171,150,1,151,1
2020-10-02,Monterey,53,433212,10334,9997,36,10033,71
2020-10-02,Napa,55,140530,1797,1737,5,1742,11
2020-10-02,Nevada,57,99092,561,543,14,557,6
2020-10-02,Orange,59,3164182,56216,53299,1547,54846,1262
2020-10-02,Placer,61,380077,3774,3612,13,3625,46
2020-10-02,Plumas,63,18699,51,48,0,48,0
2020-10-02,Riverside,65,2383286,61193,59673,198,59871,1223
2020-10-02,Sacramento,67,1510023,23394,22818,21,22839,436
2020-10-02,San Benito,69,59416,1359,1347,0,1347,12
2020-10-02,San Bernardino,71,2135413,56586,54613,62,54675,1028
2020-10-02,San Diego,73,3302833,49718,47793,0,47793,794
2020-10-02,San Francisco,75,870044,11545,11398,30,11428,110
2020-10-02,San Joaquin,77,732212,20638,20235,67,20302,474
2020-10-02,San Luis Obispo,79,281455,3817,3654,15,3669,31
2020-10-02,San Mateo,81,765935,10516,9745,6,9751,128
2020-10-02,Santa Barbara,83,443738,9772,9234,67,9301,116
2020-10-02,Santa Clara,85,1922200,22574,21545,32,21577,305
2020-10-02,Santa Cruz,87,273765,2544,2463,35,2498,9
2020-10-02,Shasta,89,179085,1449,1046,14,1060,18
2020-10-02,Sierra,91,2930,6,6,0,6,0
2020-10-02,Siskiyou,93,43540,167,151,10,161,0
2020-10-02,Solano,95,438530,6573,6385,41,6426,52
2020-10-02,Sonoma,97,501317,8151,7662,21,7683,125
2020-10-02,Stanislaus,99,539301,16793,16609,588,17197,349
2020-10-02,Sutter,101,95872,1732,1693,1,1694,11
2020-10-02,Tehama,103,63373,663,619,1,620,3
2020-10-02,Trinity,105,12862,32,15,5,20,0
2020-10-02,Tulare,107,460477,16661,16245,167,16412,278
2020-10-02,Tuolumne,109,53932,235,225,2,227,2
2020-10-02,Ventura,111,848112,13573,13120,213,13333,146
2020-10-02,Yolo,113,214977,2921,2845,6,2851,55
2020-10-02,Yuba,115,75493,1118,1090,5,1095,8
2020-10-01,Alameda,1,1643700,21879,21349,199,21548,383
2020-10-01,Alpine,3,1148,4,2,0,2,0
2020-10-01,Amador,5,37829,300,294,0,294,16
2020-10-01,Butte,7,227075,2980,2865,23,2888,45
2020-10-01,Calaveras,9,45235,314,257,0,257,11
2020-10-01,Colusa,11,21464,535,536,0,536,6
2020-10-01,Contra Costa,13,1133247,17557,16898,87,16985,211
2020-10-01,Del Norte,15,27424,147,140,0,140,2
2020-10-01,El Dorado,17,186661,1246,1162,1,1163,4
2020-10-01,Fresno,19,978130,31068,28796,389,29185,397
2020-10-01,Glenn,21,27897,612,593,0,593,3
2020-10-01,Humboldt,23,135768,519,499,1,500,6
2020-10-01,Imperial,25,180216,12034,10928,8,10936,325
2020-10-01,Inyo,27,18085,196,191,1,192,14
2020-10-01,Kern,29,883053,32395,31678,340,32018,399
2020-10-01,Kings,31,150075,8042,7688,43,7731,79
2020-10-01,Lake,33,64148,603,572,0,572,11
2020-10-01,Lassen,35,31185,750,742,2,744,0
2020-10-01,Los Angeles,37,10098052,275268,271513,2110,273623,6621
2020-10-01,Madera,39,155013,4676,4508,27,4535,48
2020-10-01,Marin,41,260295,6831,6710,18,6728,92
2020-10-01,Mariposa,43,17540,78,76,0,76,2
2020-10-01,Mendocino,45,87422,943,874,2,876,19
2020-10-01,Merced,47,269075,9054,8942,21,8963,138
2020-10-01,Modoc,49,8938,29,26,0,26,0
2020-10-01,Mono,51,14174,169,150,1,151,1
2020-10-01,Monterey,53,433212,10258,9958,36,9994,71
2020-10-01,Napa,55,140530,1789,1729,5,1734,11
2020-10-01,Nevada,57,99092,560,543,14,557,6
2020-10-01,Orange,59,3164182,56051,53088,1534,54622,1257
2020-10-01,Placer,61,380077,3746,3599,13,3612,45
2020-10-01,Plumas,63,18699,51,48,0,48,0
2020-10-01,Riverside,65,2383286,60943,59293,191,59484,1223
2020-10-01,Sacramento,67,1510023,23284,22714,20,22734,433
2020-10-01,San Benito,69,59416,1357,1346,0,1346,12
2020-10-01,San Bernardino,71,2135413,56292,54350,60,54410,1021
2020-10-01,San Diego,73,3302833,49436,47487,0,47487,792
2020-10-01,San Francisco,75,870044,11514,11284,28,11312,110
2020-10-01,San Joaquin,77,732212,20590,20204,64,20268,471
2020-10-01,San Luis Obispo,79,281455,3790,3625,15,3640,31
2020-10-01,San Mateo,81,765935,10471,9681,6,9687,128
2020-10-01,Santa Barbara,83,443738,9730,9215,67,9282,118
2020-10-01,Santa Clara,85,1922200,22473,21398,32,21430,305
2020-10-01,Santa Cruz,87,273765,2529,2418,35,2453,10
2020-10-01,Shasta,89,179085,1398,991,14,1005,18
2020-10-01,Sierra,91,2930,6,6,0,6,0
2020-10-01,Siskiyou,93,43540,164,150,10,160,0
2020-10-01,Solano,95,438530,6535,6352,41,6393,52
2020-10-01,Sonoma,97,501317,8084,7569,21,7590,125
2020-10-01,Stanislaus,99,539301,16760,16555,582,17137,346
2020-10-01,Sutter,101,95872,1727,1684,1,1685,11
2020-10-01,Tehama,103,63373,653,606,1,607,3
2020-10-01,Trinity,105,12862,32,15,5,20,0
2020-10-01,Tulare,107,460477,16588,16182,164,16346,275
2020-10-01,Tuolumne,109,53932,235,223,2,225,2
2020-10-01,Ventura,111,848112,13524,13057,197,13254,146
2020-10-01,Yolo,113,214977,2903,2833,6,2839,55
2020-10-01,Yuba,115,75493,1114,1082,5,1087,8
2020-09-30,Alameda,1,1643700,21802,21271,195,21466,380
2020-09-30,Alpine,3,1148,4,2,0,2,0
2020-09-30,Amador,5,37829,300,294,0,294,16
2020-09-30,Butte,7,227075,2972,2858,23,2881,44
2020-09-30,Calaveras,9,45235,313,258,0,258,11
2020-09-30,Colusa,11,21464,534,534,0,534,6
2020-09-30,Contra Costa,13,1133247,17488,16819,87,16906,211
2020-09-30,Del Norte,15,27424,146,140,0,140,2
2020-09-30,El Dorado,17,186661,1234,1157,1,1158,4
2020-09-30,Fresno,19,978130,30977,28706,386,29092,395
2020-09-30,Glenn,21,27897,607,592,0,592,3
2020-09-30,Humboldt,23,135768,517,497,1,498,6
2020-09-30,Imperial,25,180216,12009,10868,8,10876,287
2020-09-30,Inyo,27,18085,196,189,0,189,14
2020-09-30,Kern,29,883053,32321,31601,339,31940,398
2020-09-30,Kings,31,150075,8013,7685,43,7728,79
2020-09-30,Lake,33,64148,597,567,0,567,10
2020-09-30,Lassen,35,31185,747,742,2,744,0
2020-09-30,Los Angeles,37,10098052,274031,270260,2076,272336,6568
2020-09-30,Madera,39,155013,4667,4477,27,4504,47
2020-09-30,Marin,41,260295,6807,6700,17,6717,91
2020-09-30,Mariposa,43,17540,78,76,0,76,2
2020-09-30,Mendocino,45,87422,937,867,2,869,17
2020-09-30,Merced,47,269075,9034,8926,21,8947,136
2020-09-30,Modoc,49,8938,29,26,0,26,0
2020-09-30,Mono,51,14174,169,150,1,151,1
2020-09-30,Monterey,53,433212,10208,9898,35,9933,70
2020-09-30,Napa,55,140530,1775,1728,5,1733,11
2020-09-30,Nevada,57,99092,558,540,14,554,6
2020-09-30,Orange,59,3164182,55859,52916,1518,54434,1251
2020-09-30,Placer,61,380077,3725,3585,13,3598,43
2020-09-30,Plumas,63,18699,51,48,0,48,0
2020-09-30,Riverside,65,2383286,60591,59074,186,59260,1220
2020-09-30,Sacramento,67,1510023,23181,22613,20,22633,429
2020-09-30,San Benito,69,59416,1354,1342,0,1342,12
2020-09-30,San Bernardino,71,2135413,56014,53988,60,54048,1018
2020-09-30,San Diego,73,3302833,49134,47182,0,47182,783
2020-09-30,San Francisco,75,870044,11484,11247,28,11275,106
2020-09-30,San Joaquin,77,732212,20507,20150,62,20212,461
2020-09-30,San Luis Obispo,79,281455,3765,3597,15,3612,31
2020-09-30,San Mateo,81,765935,10429,9634,6,9640,128
2020-09-30,Santa Barbara,83,443738,9705,9186,67,9253,115
2020-09-30,Santa Clara,85,1922200,22368,21318,32,21350,302
2020-09-30,Santa Cruz,87,273765,2516,2405,35,2440,10
2020-09-30,Shasta,89,179085,1342,976,13,989,17
2020-09-30,Sierra,91,2930,6,6,0,6,0
2020-09-30,Siskiyou,93,43540,162,150,10,160,0
2020-09-30,Solano,95,438530,6493,6315,41,6356,51
2020-09-30,Sonoma,97,501317,7995,7494,21,7515,125
2020-09-30,Stanislaus,99,539301,16713,16531,576,17107,343
2020-09-30,Sutter,101,95872,1711,1680,1,1681,10
2020-09-30,Tehama,103,63373,647,594,1,595,3
2020-09-30,Trinity,105,12862,29,15,5,20,0
2020-09-30,Tulare,107,460477,16522,16117,157,16274,274
2020-09-30,Tuolumne,109,53932,233,224,2,226,2
2020-09-30,Ventura,111,848112,13489,12968,181,13149,145
2020-09-30,Yolo,113,214977,2890,2822,6,2828,55
2020-09-30,Yuba,115,75493,1111,1075,5,1080,8
2020-09-29,Alameda,1,1643700,21726,21241,191,21432,374
2020-09-29,Alpine,3,1148,4,2,0,2,0
2020-09-29,Amador,5,37829,298,294,0,294,16
2020-09-29,Butte,7,227075,2958,2848,23,2871,44
2020-09-29,Calaveras,9,45235,311,261,0,261,11
2020-09-29,Colusa,11,21464,534,534,0,534,6
2020-09-29,Contra Costa,13,1133247,17433,16716,85,16801,209
2020-09-29,Del Norte,15,27424,142,142,0,142,2
2020-09-29,El Dorado,17,186661,1225,1151,1,1152,4
2020-09-29,Fresno,19,978130,30882,28621,385,29006,394
2020-09-29,Glenn,21,27897,603,589,0,589,3
2020-09-29,Humboldt,23,135768,515,497,1,498,6
2020-09-29,Imperial,25,180216,11975,10811,8,10819,283
2020-09-29,Inyo,27,18085,195,188,0,188,14
2020-09-29,Kern,29,883053,32266,31534,338,31872,397
2020-09-29,Kings,31,150075,7957,7681,42,7723,78
2020-09-29,Lake,33,64148,595,566,0,566,11
2020-09-29,Lassen,35,31185,747,741,2,743,0
2020-09-29,Los Angeles,37,10098052,272813,269246,2046,271292,6545
2020-09-29,Madera,39,155013,4643,4453,27,4480,47
2020-09-29,Marin,41,260295,6786,6692,17,6709,91
2020-09-29,Mariposa,43,17540,78,74,0,74,2
2020-09-29,Mendocino,45,87422,927,854,2,856,17
2020-09-29,Merced,47,269075,9021,8892,19,8911,136
2020-09-29,Modoc,49,8938,29,26,0,26,0
2020-09-29,Mono,51,14174,169,149,1,150,1
2020-09-29,Monterey,53,433212,10153,9826,33,9859,70
2020-09-29,Napa,55,140530,1772,1727,5,1732,11
2020-09-29,Nevada,57,99092,553,539,14,553,6
2020-09-29,Orange,59,3164182,55673,52755,1507,54262,1231
2020-09-29,Placer,61,380077,3704,3570,13,3583,42
2020-09-29,Plumas,63,18699,51,48,0,48,0
2020-09-29,Riverside,65,2383286,60262,58863,177,59040,1208
2020-09-29,Sacramento,67,1510023,23060,22547,20,22567,425
2020-09-29,San Benito,69,59416,1349,1341,0,1341,12
2020-09-29,San Bernardino,71,2135413,55706,53753,60,53813,1012
2020-09-29,San Diego,73,3302833,48859,46987,0,46987,781
2020-09-29,San Francisco,75,870044,11448,11142,28,11170,104
2020-09-29,San Joaquin,77,732212,20442,20094,60,20154,454
2020-09-29,San Luis Obispo,79,281455,3745,3581,15,3596,31
2020-09-29,San Mateo,81,765935,10382,9619,6,9625,127
2020-09-29,Santa Barbara,83,443738,9685,9149,66,9215,114
2020-09-29,Santa Clara,85,1922200,22234,21233,31,21264,302
2020-09-29,Santa Cruz,87,273765,2501,2383,34,2417,10
2020-09-29,Shasta,89,179085,1281,943,13,956,17
2020-09-29,Sierra,91,2930,6,6,0,6,0
2020-09-29,Siskiyou,93,43540,156,150,10,160,0
2020-09-29,Solano,95,438530,6459,6303,41,6344,51
2020-09-29,Sonoma,97,501317,7923,7426,21,7447,125
2020-09-29,Stanislaus,99,539301,16683,16505,570,17075,341
2020-09-29,Sutter,101,95872,1705,1677,1,1678,10
2020-09-29,Tehama,103,63373,629,585,1,586,2
2020-09-29,Trinity,105,12862,29,16,5,21,0
2020-09-29,Tulare,107,460477,16459,16055,148,16203,270
2020-09-29,Tuolumne,109,53932,233,224,2,226,2
2020-09-29,Ventura,111,848112,13434,12875,178,13053,145
2020-09-29,Yolo,113,214977,2877,2818,6,2824,55
2020-09-29,Yuba,115,75493,1109,1071,5,1076,8
2020-09-28,Alameda,1,1643700,21641,21133,191,21324,370
2020-09-28,Alpine,3,1148,4,2,0,2,0
2020-09-28,Amador,5,37829,296,294,0,294,16
2020-09-28,Butte,7,227075,2943,2837,23,2860,44
2020-09-28,Calaveras,9,45235,311,257,0,257,11
2020-09-28,Colusa,11,21464,533,531,0,531,6
2020-09-28,Contra Costa,13,1133247,17368,16653,85,16738,195
2020-09-28,Del Norte,15,27424,142,138,0,138,2
2020-09-28,El Dorado,17,186661,1218,1144,1,1145,4
2020-09-28,Fresno,19,978130,30800,28517,377,28894,389
2020-09-28,Glenn,21,27897,601,585,0,585,3
2020-09-28,Humboldt,23,135768,509,495,1,496,6
2020-09-28,Imperial,25,180216,11941,10777,8,10785,283
2020-09-28,Inyo,27,18085,194,188,0,188,14
2020-09-28,Kern,29,883053,32201,31481,334,31815,395
2020-09-28,Kings,31,150075,7816,7661,40,7701,78
2020-09-28,Lake,33,64148,591,559,0,559,10
2020-09-28,Lassen,35,31185,746,737,2,739,0
2020-09-28,Los Angeles,37,10098052,271699,268404,2015,270419,6508
2020-09-28,Madera,39,155013,4622,4438,27,4465,47
2020-09-28,Marin,41,260295,6770,6676,17,6693,91
2020-09-28,Mariposa,43,17540,78,74,0,74,2
2020-09-28,Mendocino,45,87422,912,850,2,852,17
2020-09-28,Merced,47,269075,8993,8869,19,8888,136
2020-09-28,Modoc,49,8938,29,26,0,26,0
2020-09-28,Mono,51,14174,169,148,1,149,1
2020-09-28,Monterey,53,433212,10089,9780,31,9811,69
2020-09-28,Napa,55,140530,1760,1705,5,1710,11
2020-09-28,Nevada,57,99092,545,538,14,552,6
2020-09-28,Orange,59,3164182,55468,52633,1498,54131,1196
2020-09-28,Placer,61,380077,3683,3572,13,3585,42
2020-09-28,Plumas,63,18699,50,48,0,48,0
2020-09-28,Riverside,65,2383286,59963,58570,168,58738,1198
2020-09-28,Sacramento,67,1510023,22912,22392,20,22412,423
2020-09-28,San Benito,69,59416,1346,1336,0,1336,11
2020-09-28,San Bernardino,71,2135413,55363,53501,60,53561,988
2020-09-28,San Diego,73,3302833,48541,46736,0,46736,776
2020-09-28,San Francisco,75,870044,11414,11114,28,11142,100
2020-09-28,San Joaquin,77,732212,20393,19982,59,20041,448
2020-09-28,San Luis Obispo,79,281455,3724,3567,15,3582,31
2020-09-28,San Mateo,81,765935,10332,9582,6,9588,127
2020-09-28,Santa Barbara,83,443738,9667,9121,66,9187,114
2020-09-28,Santa Clara,85,1922200,22118,21180,31,21211,271
2020-09-28,Santa Cruz,87,273765,2491,2359,34,2393,9
2020-09-28,Shasta,89,179085,1227,883,10,893,17
2020-09-28,Sierra,91,2930,6,6,0,6,0
2020-09-28,Siskiyou,93,43540,156,149,10,159,0
2020-09-28,Solano,95,438530,6423,6254,41,6295,51
2020-09-28,Sonoma,97,501317,7847,7369,21,7390,125
2020-09-28,Stanislaus,99,539301,16643,16467,563,17030,336
2020-09-28,Sutter,101,95872,1698,1676,1,1677,10
2020-09-28,Tehama,103,63373,621,579,1,580,2
2020-09-28,Trinity,105,12862,29,16,5,21,0
2020-09-28,Tulare,107,460477,16407,15918,142,16060,270
2020-09-28,Tuolumne,109,53932,233,225,2,227,2
2020-09-28,Ventura,111,848112,13358,12812,171,12983,139
2020-09-28,Yolo,113,214977,2860,2809,6,2815,55
2020-09-28,Yuba,115,75493,1106,1062,5,1067,7
2020-09-27,Alameda,1,1643700,21561,21077,186,21263,370
2020-09-27,Alpine,3,1148,4,2,0,2,0
2020-09-27,Amador,5,37829,296,291,0,291,16
2020-09-27,Butte,7,227075,2932,2833,22,2855,44
2020-09-27,Calaveras,9,45235,310,257,0,257,11
2020-09-27,Colusa,11,21464,532,531,0,531,6
2020-09-27,Contra Costa,13,1133247,17266,16596,84,16680,195
2020-09-27,Del Norte,15,27424,142,138,0,138,2
2020-09-27,El Dorado,17,186661,1203,1130,1,1131,4
2020-09-27,Fresno,19,978130,30695,28441,376,28817,389
2020-09-27,Glenn,21,27897,597,576,0,576,3
2020-09-27,Humboldt,23,135768,507,492,1,493,6
2020-09-27,Imperial,25,180216,11907,10743,8,10751,283
2020-09-27,Inyo,27,18085,192,188,0,188,14
2020-09-27,Kern,29,883053,32082,31462,331,31793,395
2020-09-27,Kings,31,150075,7796,7641,40,7681,78
2020-09-27,Lake,33,64148,587,555,0,555,10
2020-09-27,Lassen,35,31185,746,737,2,739,0
2020-09-27,Los Angeles,37,10098052,270523,267754,1993,269747,6507
2020-09-27,Madera,39,155013,4593,4416,27,4443,47
2020-09-27,Marin,41,260295,6760,6663,17,6680,91
2020-09-27,Mariposa,43,17540,78,74,0,74,2
2020-09-27,Mendocino,45,87422,906,846,2,848,17
2020-09-27,Merced,47,269075,8959,8853,19,8872,136
2020-09-27,Modoc,49,8938,29,26,0,26,0
2020-09-27,Mono,51,14174,169,148,1,149,1
2020-09-27,Monterey,53,433212,10029,9724,30,9754,69
2020-09-27,Napa,55,140530,1755,1690,5,1695,11
2020-09-27,Nevada,57,99092,544,537,14,551,6
2020-09-27,Orange,59,3164182,55195,52458,1488,53946,1195
2020-09-27,Placer,61,380077,3670,3562,13,3575,42
2020-09-27,Plumas,63,18699,50,48,0,48,0
2020-09-27,Riverside,65,2383286,59667,58509,160,58669,1191
2020-09-27,Sacramento,67,1510023,22815,22356,19,22375,422
2020-09-27,San Benito,69,59416,1346,1331,0,1331,11
2020-09-27,San Bernardino,71,2135413,54927,53127,60,53187,988
2020-09-27,San Diego,73,3302833,48197,46612,0,46612,776
2020-09-27,San Francisco,75,870044,11362,11114,28,11142,100
2020-09-27,San Joaquin,77,732212,20333,19981,59,20040,448
2020-09-27,San Luis Obispo,79,281455,3703,3562,15,3577,31
2020-09-27,San Mateo,81,765935,10264,9566,6,9572,127
2020-09-27,Santa Barbara,83,443738,9646,9090,65,9155,114
2020-09-27,Santa Clara,85,1922200,22009,21091,31,21122,271
2020-09-27,Santa Cruz,87,273765,2469,2359,34,2393,9
2020-09-27,Shasta,89,179085,1184,883,9,892,17
2020-09-27,Sierra,91,2930,6,6,0,6,0
2020-09-27,Siskiyou,93,43540,155,149,10,159,0
2020-09-27,Solano,95,438530,6388,6211,41,6252,51
2020-09-27,Sonoma,97,501317,7766,7336,21,7357,124
2020-09-27,Stanislaus,99,539301,16593,16448,556,17004,336
2020-09-27,Sutter,101,95872,1691,1672,1,1673,10
2020-09-27,Tehama,103,63373,604,573,1,574,2
2020-09-27,Trinity,105,12862,29,16,5,21,0
2020-09-27,Tulare,107,460477,16331,15918,132,16050,270
2020-09-27,Tuolumne,109,53932,232,224,2,226,2
2020-09-27,Ventura,111,848112,13273,12775,162,12937,139
2020-09-27,Yolo,113,214977,2846,2796,6,2802,55
2020-09-27,Yuba,115,75493,1096,1059,5,1064,7
2020-09-26,Alameda,1,1643700,21503,21019,185,21204,370
2020-09-26,Alpine,3,1148,4,2,0,2,0
2020-09-26,Amador,5,37829,295,291,0,291,16
2020-09-26,Butte,7,227075,2924,2827,22,2849,44
2020-09-26,Calaveras,9,45235,310,257,0,257,11
2020-09-26,Colusa,11,21464,532,529,0,529,6
2020-09-26,Contra Costa,13,1133247,17224,16508,84,16592,194
2020-09-26,Del Norte,15,27424,142,138,0,138,2
2020-09-26,El Dorado,17,186661,1198,1127,1,1128,4
2020-09-26,Fresno,19,978130,30628,28336,376,28712,389
2020-09-26,Glenn,21,27897,597,576,0,576,3
2020-09-26,Humboldt,23,135768,507,491,1,492,6
2020-09-26,Imperial,25,180216,11890,10721,8,10729,283
2020-09-26,Inyo,27,18085,191,187,0,187,14
2020-09-26,Kern,29,883053,32031,31410,331,31741,394
2020-09-26,Kings,31,150075,7784,7537,40,7577,78
2020-09-26,Lake,33,64148,584,549,0,549,10
2020-09-26,Lassen,35,31185,746,737,2,739,0
2020-09-26,Los Angeles,37,10098052,269888,266931,1976,268907,6497
2020-09-26,Madera,39,155013,4577,4410,27,4437,47
2020-09-26,Marin,41,260295,6747,6641,17,6658,91
2020-09-26,Mariposa,43,17540,77,74,0,74,2
2020-09-26,Mendocino,45,87422,901,836,2,838,17
2020-09-26,Merced,47,269075,8947,8841,18,8859,136
2020-09-26,Modoc,49,8938,29,26,0,26,0
2020-09-26,Mono,51,14174,169,148,1,149,1
2020-09-26,Monterey,53,433212,10002,9651,30,9681,68
2020-09-26,Napa,55,140530,1753,1681,5,1686,11
2020-09-26,Nevada,57,99092,544,534,14,548,6
2020-09-26,Orange,59,3164182,55055,52203,1482,53685,1194
2020-09-26,Placer,61,380077,3657,3551,13,3564,42
2020-09-26,Plumas,63,18699,49,48,0,48,0
2020-09-26,Riverside,65,2383286,59532,58076,158,58234,1190
2020-09-26,Sacramento,67,1510023,22758,22269,19,22288,421
2020-09-26,San Benito,69,59416,1344,1325,0,1325,11
2020-09-26,San Bernardino,71,2135413,54793,53122,60,53182,988
2020-09-26,San Diego,73,3302833,47992,46333,0,46333,775
2020-09-26,San Francisco,75,870044,11334,11113,28,11141,100
2020-09-26,San Joaquin,77,732212,20297,19982,57,20039,449
2020-09-26,San Luis Obispo,79,281455,3686,3546,15,3561,31
2020-09-26,San Mateo,81,765935,10230,9509,6,9515,127
2020-09-26,Santa Barbara,83,443738,9635,9061,65,9126,114
2020-09-26,Santa Clara,85,1922200,21938,20967,30,20997,270
2020-09-26,Santa Cruz,87,273765,2461,2336,34,2370,9
2020-09-26,Shasta,89,179085,1134,856,8,864,17
2020-09-26,Sierra,91,2930,6,6,0,6,0
2020-09-26,Siskiyou,93,43540,154,149,10,159,0
2020-09-26,Solano,95,438530,6369,6209,41,6250,51
2020-09-26,Sonoma,97,501317,7741,7285,20,7305,124
2020-09-26,Stanislaus,99,539301,16568,16421,547,16968,336
2020-09-26,Sutter,101,95872,1686,1662,1,1663,10
2020-09-26,Tehama,103,63373,592,560,1,561,2
2020-09-26,Trinity,105,12862,27,16,5,21,0
2020-09-26,Tulare,107,460477,16307,15881,130,16011,270
2020-09-26,Tuolumne,109,53932,232,223,2,225,2
2020-09-26,Ventura,111,848112,13241,12729,160,12889,137
2020-09-26,Yolo,113,214977,2844,2789,6,2795,55
2020-09-26,Yuba,115,75493,1092,1056,5,1061,7
2020-09-25,Alameda,1,1643700,21449,20911,185,21096,367
2020-09-25,Alpine,3,1148,4,2,0,2,0
2020-09-25,Amador,5,37829,295,289,0,289,16
2020-09-25,Butte,7,227075,2919,2819,22,2841,43
2020-09-25,Calaveras,9,45235,310,257,0,257,11
2020-09-25,Colusa,11,21464,532,528,0,528,6
2020-09-25,Contra Costa,13,1133247,17165,16401,84,16485,194
2020-09-25,Del Norte,15,27424,142,138,0,138,2
2020-09-25,El Dorado,17,186661,1194,1104,1,1105,4
2020-09-25,Fresno,19,978130,30569,28199,375,28574,385
2020-09-25,Glenn,21,27897,595,570,0,570,3
2020-09-25,Humboldt,23,135768,506,489,1,490,5
2020-09-25,Imperial,25,180216,11872,10681,8,10689,283
2020-09-25,Inyo,27,18085,189,187,0,187,14
2020-09-25,Kern,29,883053,31978,31333,329,31662,393
2020-09-25,Kings,31,150075,7779,7450,40,7490,77
2020-09-25,Lake,33,64148,583,539,0,539,9
2020-09-25,Lassen,35,31185,746,737,2,739,0
2020-09-25,Los Angeles,37,10098052,269100,265713,1962,267675,6483
2020-09-25,Madera,39,155013,4558,4369,27,4396,48
2020-09-25,Marin,41,260295,6744,6622,17,6639,90
2020-09-25,Mariposa,43,17540,77,74,0,74,2
2020-09-25,Mendocino,45,87422,886,819,2,821,17
2020-09-25,Merced,47,269075,8931,8830,18,8848,135
2020-09-25,Modoc,49,8938,29,26,0,26,0
2020-09-25,Mono,51,14174,169,149,1,150,1
2020-09-25,Monterey,53,433212,9950,9581,30,9611,68
2020-09-25,Napa,55,140530,1751,1669,5,1674,11
2020-09-25,Nevada,57,99092,542,529,14,543,6
2020-09-25,Orange,59,3164182,54928,52031,1473,53504,1184
2020-09-25,Placer,61,380077,3646,3527,13,3540,41
2020-09-25,Plumas,63,18699,49,48,0,48,0
2020-09-25,Riverside,65,2383286,59356,57783,153,57936,1183
2020-09-25,Sacramento,67,1510023,22680,22132,19,22151,418
2020-09-25,San Benito,69,59416,1343,1318,0,1318,11
2020-09-25,San Bernardino,71,2135413,54639,52814,60,52874,987
2020-09-25,San Diego,73,3302833,47790,46003,0,46003,775
2020-09-25,San Francisco,75,870044,11300,11066,27,11093,100
2020-09-25,San Joaquin,77,732212,20245,19909,57,19966,449
2020-09-25,San Luis Obispo,79,281455,3676,3512,15,3527,31
2020-09-25,San Mateo,81,765935,10194,9447,6,9453,127
2020-09-25,Santa Barbara,83,443738,9611,9026,65,9091,114
2020-09-25,Santa Clara,85,1922200,21875,20812,29,20841,265
2020-09-25,Santa Cruz,87,273765,2449,2309,33,2342,9
2020-09-25,Shasta,89,179085,1100,806,8,814,16
2020-09-25,Sierra,91,2930,6,6,0,6,0
2020-09-25,Siskiyou,93,43540,154,149,10,159,0
2020-09-25,Solano,95,438530,6353,6179,41,6220,50
2020-09-25,Sonoma,97,501317,7701,7202,20,7222,124
2020-09-25,Stanislaus,99,539301,16550,16381,545,16926,326
2020-09-25,Sutter,101,95872,1683,1655,1,1656,10
2020-09-25,Tehama,103,63373,584,546,1,547,2
2020-09-25,Trinity,105,12862,27,15,5,20,0
2020-09-25,Tulare,107,460477,16268,15815,127,15942,267
2020-09-25,Tuolumne,109,53932,232,223,2,225,2
2020-09-25,Ventura,111,848112,13199,12664,157,12821,137
2020-09-25,Yolo,113,214977,2836,2784,6,2790,55
2020-09-25,Yuba,115,75493,1087,1049,5,1054,5
2020-09-24,Alameda,1,1643700,21374,20838,182,21020,364
2020-09-24,Alpine,3,1148,4,2,0,2,0
2020-09-24,Amador,5,37829,295,288,0,288,16
2020-09-24,Butte,7,227075,2908,2803,22,2825,43
2020-09-24,Calaveras,9,45235,310,258,0,258,11
2020-09-24,Colusa,11,21464,532,523,0,523,6
2020-09-24,Contra Costa,13,1133247,17083,16252,84,16336,192
2020-09-24,Del Norte,15,27424,138,137,0,137,2
2020-09-24,El Dorado,17,186661,1185,1093,1,1094,4
2020-09-24,Fresno,19,978130,30465,28106,371,28477,375
2020-09-24,Glenn,21,27897,591,567,0,567,3
2020-09-24,Humboldt,23,135768,503,482,1,483,5
2020-09-24,Imperial,25,180216,11848,10622,8,10630,283
2020-09-24,Inyo,27,18085,189,187,0,187,13
2020-09-24,Kern,29,883053,31915,31273,327,31600,388
2020-09-24,Kings,31,150075,7763,7428,40,7468,76
2020-09-24,Lake,33,64148,574,531,0,531,9
2020-09-24,Lassen,35,31185,745,737,2,739,0
2020-09-24,Los Angeles,37,10098052,268056,264374,1943,266317,6452
2020-09-24,Madera,39,155013,4539,4344,27,4371,48
2020-09-24,Marin,41,260295,6716,6588,17,6605,85
2020-09-24,Mariposa,43,17540,77,74,0,74,2
2020-09-24,Mendocino,45,87422,882,810,2,812,17
2020-09-24,Merced,47,269075,8902,8813,17,8830,135
2020-09-24,Modoc,49,8938,29,24,0,24,0
2020-09-24,Mono,51,14174,169,149,1,150,1
2020-09-24,Monterey,53,433212,9884,9544,27,9571,67
2020-09-24,Napa,55,140530,1739,1661,5,1666,11
2020-09-24,Nevada,57,99092,541,527,14,541,6
2020-09-24,Orange,59,3164182,54720,51749,1455,53204,1164
2020-09-24,Placer,61,380077,3631,3514,13,3527,41
2020-09-24,Plumas,63,18699,49,48,0,48,0
2020-09-24,Riverside,65,2383286,59088,57491,147,57638,1172
2020-09-24,Sacramento,67,1510023,22554,21985,19,22004,417
2020-09-24,San Benito,69,59416,1341,1308,0,1308,11
2020-09-24,San Bernardino,71,2135413,54304,52455,60,52515,988
2020-09-24,San Diego,73,3302833,47521,45598,0,45598,773
2020-09-24,San Francisco,75,870044,11253,10992,27,11019,99
2020-09-24,San Joaquin,77,732212,20208,19851,56,19907,444
2020-09-24,San Luis Obispo,79,281455,3660,3480,15,3495,31
2020-09-24,San Mateo,81,765935,10146,9376,6,9382,127
2020-09-24,Santa Barbara,83,443738,9560,8988,64,9052,114
2020-09-24,Santa Clara,85,1922200,21787,20689,29,20718,262
2020-09-24,Santa Cruz,87,273765,2429,2300,31,2331,9
2020-09-24,Shasta,89,179085,1063,773,5,778,14
2020-09-24,Sierra,91,2930,6,6,0,6,0
2020-09-24,Siskiyou,93,43540,154,149,10,159,0
2020-09-24,Solano,95,438530,6320,6137,41,6178,49
2020-09-24,Sonoma,97,501317,7620,7163,20,7183,122
2020-09-24,Stanislaus,99,539301,16513,16326,540,16866,326
2020-09-24,Sutter,101,95872,1680,1646,1,1647,10
2020-09-24,Tehama,103,63373,581,540,1,541,2
2020-09-24,Trinity,105,12862,27,15,5,20,0
2020-09-24,Tulare,107,460477,16203,15754,126,15880,267
2020-09-24,Tuolumne,109,53932,232,224,2,226,2
2020-09-24,Ventura,111,848112,13117,12617,156,12773,138
2020-09-24,Yolo,113,214977,2829,2776,6,2782,55
2020-09-24,Yuba,115,75493,1082,1042,5,1047,5
2020-09-23,Alameda,1,1643700,21306,20718,180,20898,361
2020-09-23,Alpine,3,1148,4,2,0,2,0
2020-09-23,Amador,5,37829,294,288,0,288,16
2020-09-23,Butte,7,227075,2900,2790,22,2812,43
2020-09-23,Calaveras,9,45235,309,258,0,258,11
2020-09-23,Colusa,11,21464,531,521,0,521,6
2020-09-23,Contra Costa,13,1133247,17019,16167,83,16250,192
2020-09-23,Del Norte,15,27424,136,137,0,137,2
2020-09-23,El Dorado,17,186661,1171,1088,1,1089,4
2020-09-23,Fresno,19,978130,30371,28019,368,28387,371
2020-09-23,Glenn,21,27897,584,561,0,561,3
2020-09-23,Humboldt,23,135768,499,477,1,478,5
2020-09-23,Imperial,25,180216,11822,10587,8,10595,284
2020-09-23,Inyo,27,18085,188,177,0,177,13
2020-09-23,Kern,29,883053,31871,31172,325,31497,387
2020-09-23,Kings,31,150075,7741,7406,40,7446,76
2020-09-23,Lake,33,64148,569,519,0,519,9
2020-09-23,Lassen,35,31185,745,736,2,738,0
2020-09-23,Los Angeles,37,10098052,267011,263318,1913,265231,6421
2020-09-23,Madera,39,155013,4524,4311,27,4338,48
2020-09-23,Marin,41,260295,6697,6567,17,6584,85
2020-09-23,Mariposa,43,17540,77,74,0,74,2
2020-09-23,Mendocino,45,87422,881,801,1,802,17
2020-09-23,Merced,47,269075,8881,8785,16,8801,134
2020-09-23,Modoc,49,8938,29,24,0,24,0
2020-09-23,Mono,51,14174,169,149,1,150,1
2020-09-23,Monterey,53,433212,9815,9452,27,9479,67
2020-09-23,Napa,55,140530,1730,1653,5,1658,11
2020-09-23,Nevada,57,99092,540,523,14,537,6
2020-09-23,Orange,59,3164182,54492,51658,1448,53106,1155
2020-09-23,Placer,61,380077,3619,3506,13,3519,41
2020-09-23,Plumas,63,18699,49,48,0,48,0
2020-09-23,Riverside,65,2383286,58785,57257,144,57401,1165
2020-09-23,Sacramento,67,1510023,22477,21821,19,21840,415
2020-09-23,San Benito,69,59416,1335,1305,0,1305,10
2020-09-23,San Bernardino,71,2135413,54010,52132,59,52191,973
2020-09-23,San Diego,73,3302833,47245,45427,0,45427,767
2020-09-23,San Francisco,75,870044,11204,10926,27,10953,95
2020-09-23,San Joaquin,77,732212,20155,19785,56,19841,439
2020-09-23,San Luis Obispo,79,281455,3642,3447,15,3462,31
2020-09-23,San Mateo,81,765935,10106,9351,6,9357,127
2020-09-23,Santa Barbara,83,443738,9532,8952,64,9016,112
2020-09-23,Santa Clara,85,1922200,21677,20575,26,20601,260
2020-09-23,Santa Cruz,87,273765,2410,2283,31,2314,9
2020-09-23,Shasta,89,179085,1024,756,4,760,14
2020-09-23,Sierra,91,2930,6,6,0,6,0
2020-09-23,Siskiyou,93,43540,154,149,10,159,0
2020-09-23,Solano,95,438530,6295,6123,41,6164,50
2020-09-23,Sonoma,97,501317,7544,7091,20,7111,122
2020-09-23,Stanislaus,99,539301,16483,16271,537,16808,317
2020-09-23,Sutter,101,95872,1676,1646,1,1647,10
2020-09-23,Tehama,103,63373,575,533,1,534,2
2020-09-23,Trinity,105,12862,27,15,5,20,0
2020-09-23,Tulare,107,460477,16139,15664,124,15788,266
2020-09-23,Tuolumne,109,53932,232,223,2,225,2
2020-09-23,Ventura,111,848112,13062,12591,153,12744,137
2020-09-23,Yolo,113,214977,2811,2766,6,2772,55
2020-09-23,Yuba,115,75493,1080,1038,5,1043,5
2020-09-22,Alameda,1,1643700,21227,20607,178,20785,355
2020-09-22,Alpine,3,1148,3,2,0,2,0
2020-09-22,Amador,5,37829,293,287,0,287,16
2020-09-22,Butte,7,227075,2895,2776,22,2798,43
2020-09-22,Calaveras,9,45235,309,258,0,258,11
2020-09-22,Colusa,11,21464,529,518,0,518,6
2020-09-22,Contra Costa,13,1133247,16929,16090,83,16173,190
2020-09-22,Del Norte,15,27424,136,137,0,137,2
2020-09-22,El Dorado,17,186661,1152,1076,1,1077,4
2020-09-22,Fresno,19,978130,30277,27944,365,28309,369
2020-09-22,Glenn,21,27897,581,560,0,560,3
2020-09-22,Humboldt,23,135768,498,476,1,477,5
2020-09-22,Imperial,25,180216,11793,10529,8,10537,284
2020-09-22,Inyo,27,18085,188,177,0,177,13
2020-09-22,Kern,29,883053,31803,31110,318,31428,383
2020-09-22,Kings,31,150075,7684,7395,39,7434,76
2020-09-22,Lake,33,64148,561,516,0,516,9
2020-09-22,Lassen,35,31185,744,736,2,738,0
2020-09-22,Los Angeles,37,10098052,265935,262117,1884,264001,6394
2020-09-22,Madera,39,155013,4508,4303,27,4330,47
2020-09-22,Marin,41,260295,6683,6561,17,6578,84
2020-09-22,Mariposa,43,17540,77,74,0,74,2
2020-09-22,Mendocino,45,87422,861,794,1,795,18
2020-09-22,Merced,47,269075,8851,8769,16,8785,132
2020-09-22,Modoc,49,8938,29,24,0,24,0
2020-09-22,Mono,51,14174,168,149,1,150,1
2020-09-22,Monterey,53,433212,9757,9393,27,9420,67
2020-09-22,Napa,55,140530,1713,1652,5,1657,11
2020-09-22,Nevada,57,99092,540,523,14,537,6
2020-09-22,Orange,59,3164182,54242,51528,1440,52968,1132
2020-09-22,Placer,61,380077,3606,3492,13,3505,40
2020-09-22,Plumas,63,18699,49,48,0,48,0
2020-09-22,Riverside,65,2383286,58299,57066,140,57206,1162
2020-09-22,Sacramento,67,1510023,22358,21745,19,21764,410
2020-09-22,San Benito,69,59416,1330,1305,0,1305,10
2020-09-22,San Bernardino,71,2135413,53737,51899,59,51958,971
2020-09-22,San Diego,73,3302833,46938,45149,0,45149,765
2020-09-22,San Francisco,75,870044,11160,10893,26,10919,95
2020-09-22,San Joaquin,77,732212,20108,19755,55,19810,426
2020-09-22,San Luis Obispo,79,281455,3625,3420,15,3435,31
2020-09-22,San Mateo,81,765935,10068,9291,6,9297,127
2020-09-22,Santa Barbara,83,443738,9502,8927,63,8990,111
2020-09-22,Santa Clara,85,1922200,21559,20514,26,20540,253
2020-09-22,Santa Cruz,87,273765,2386,2264,31,2295,8
2020-09-22,Shasta,89,179085,989,723,4,727,14
2020-09-22,Sierra,91,2930,6,6,0,6,0
2020-09-22,Siskiyou,93,43540,154,149,10,159,0
2020-09-22,Solano,95,438530,6264,6107,41,6148,48
2020-09-22,Sonoma,97,501317,7465,7068,19,7087,117
2020-09-22,Stanislaus,99,539301,16461,16231,529,16760,316
2020-09-22,Sutter,101,95872,1670,1638,1,1639,10
2020-09-22,Tehama,103,63373,567,529,1,530,2
2020-09-22,Trinity,105,12862,27,15,5,20,0
2020-09-22,Tulare,107,460477,16073,15616,120,15736,263
2020-09-22,Tuolumne,109,53932,231,224,2,226,1
2020-09-22,Ventura,111,848112,13011,12507,149,12656,136
2020-09-22,Yolo,113,214977,2804,2763,6,2769,54
2020-09-22,Yuba,115,75493,1071,1035,5,1040,5
2020-09-21,Alameda,1,1643700,21148,20501,177,20678,343
2020-09-21,Alpine,3,1148,3,2,0,2,0
2020-09-21,Amador,5,37829,291,286,0,286,16
2020-09-21,Butte,7,227075,2882,2769,22,2791,41
2020-09-21,Calaveras,9,45235,307,256,0,256,10
2020-09-21,Colusa,11,21464,528,517,0,517,6
2020-09-21,Contra Costa,13,1133247,16841,16008,83,16091,189
2020-09-21,Del Norte,15,27424,136,132,0,132,2
2020-09-21,El Dorado,17,186661,1143,1074,1,1075,4
2020-09-21,Fresno,19,978130,30175,27843,358,28201,362
2020-09-21,Glenn,21,27897,577,556,0,556,3
2020-09-21,Humboldt,23,135768,494,473,1,474,5
2020-09-21,Imperial,25,180216,11762,10521,8,10529,284
2020-09-21,Inyo,27,18085,187,177,0,177,12
2020-09-21,Kern,29,883053,31732,31031,316,31347,379
2020-09-21,Kings,31,150075,7572,7297,37,7334,76
2020-09-21,Lake,33,64148,556,508,0,508,8
2020-09-21,Lassen,35,31185,742,735,2,737,0
2020-09-21,Los Angeles,37,10098052,264850,261418,1839,263257,6360
2020-09-21,Madera,39,155013,4497,4275,26,4301,47
2020-09-21,Marin,41,260295,6672,6538,16,6554,84
2020-09-21,Mariposa,43,17540,76,74,0,74,2
2020-09-21,Mendocino,45,87422,846,778,0,778,18
2020-09-21,Merced,47,269075,8832,8749,14,8763,128
2020-09-21,Modoc,49,8938,29,22,0,22,0
2020-09-21,Mono,51,14174,168,147,1,148,1
2020-09-21,Monterey,53,433212,9693,9331,24,9355,66
2020-09-21,Napa,55,140530,1702,1641,5,1646,11
2020-09-21,Nevada,57,99092,538,515,14,529,6
2020-09-21,Orange,59,3164182,54022,51363,1433,52796,1110
2020-09-21,Placer,61,380077,3595,3473,13,3486,40
2020-09-21,Plumas,63,18699,49,47,0,47,0
2020-09-21,Riverside,65,2383286,58026,57001,132,57133,1153
2020-09-21,Sacramento,67,1510023,22176,21568,19,21587,404
2020-09-21,San Benito,69,59416,1328,1298,0,1298,10
2020-09-21,San Bernardino,71,2135413,53451,51654,59,51713,970
2020-09-21,San Diego,73,3302833,46655,44927,0,44927,760
2020-09-21,San Francisco,75,870044,11112,10743,26,10769,95
2020-09-21,San Joaquin,77,732212,20050,19579,55,19634,423
2020-09-21,San Luis Obispo,79,281455,3598,3406,15,3421,27
2020-09-21,San Mateo,81,765935,10016,9239,6,9245,127
2020-09-21,Santa Barbara,83,443738,9474,8911,63,8974,110
2020-09-21,Santa Clara,85,1922200,21458,20432,26,20458,252
2020-09-21,Santa Cruz,87,273765,2369,2257,29,2286,8
2020-09-21,Shasta,89,179085,939,696,4,700,14
2020-09-21,Sierra,91,2930,6,6,0,6,0
2020-09-21,Siskiyou,93,43540,154,146,10,156,0
2020-09-21,Solano,95,438530,6240,6019,41,6060,46
2020-09-21,Sonoma,97,501317,7389,7017,19,7036,117
2020-09-21,Stanislaus,99,539301,16431,16186,529,16715,310
2020-09-21,Sutter,101,95872,1663,1634,1,1635,10
2020-09-21,Tehama,103,63373,548,513,1,514,2
2020-09-21,Trinity,105,12862,27,15,5,20,0
2020-09-21,Tulare,107,460477,15999,15528,111,15639,260
2020-09-21,Tuolumne,109,53932,231,221,2,223,1
2020-09-21,Ventura,111,848112,12929,12477,143,12620,133
2020-09-21,Yolo,113,214977,2798,2752,6,2758,54
2020-09-21,Yuba,115,75493,1067,1033,5,1038,1
2020-09-20,Alameda,1,1643700,21048,20425,174,20599,343
2020-09-20,Alpine,3,1148,3,2,0,2,0
2020-09-20,Amador,5,37829,290,286,0,286,16
2020-09-20,Butte,7,227075,2870,2764,22,2786,39
2020-09-20,Calaveras,9,45235,303,256,0,256,10
2020-09-20,Colusa,11,21464,526,510,0,510,6
2020-09-20,Contra Costa,13,1133247,16707,15917,82,15999,189
2020-09-20,Del Norte,15,27424,134,132,0,132,2
2020-09-20,El Dorado,17,186661,1128,1073,1,1074,4
2020-09-20,Fresno,19,978130,30061,27769,352,28121,362
2020-09-20,Glenn,21,27897,573,550,0,550,3
2020-09-20,Humboldt,23,135768,494,472,1,473,5
2020-09-20,Imperial,25,180216,11735,10496,7,10503,284
2020-09-20,Inyo,27,18085,187,177,0,177,12
2020-09-20,Kern,29,883053,31649,30992,312,31304,379
2020-09-20,Kings,31,150075,7525,7159,36,7195,76
2020-09-20,Lake,33,64148,544,492,0,492,8
2020-09-20,Lassen,35,31185,742,735,2,737,0
2020-09-20,Los Angeles,37,10098052,263617,260770,1810,262580,6347
2020-09-20,Madera,39,155013,4477,4257,26,4283,47
2020-09-20,Marin,41,260295,6646,6533,16,6549,83
2020-09-20,Mariposa,43,17540,76,74,0,74,2
2020-09-20,Mendocino,45,87422,834,765,0,765,18
2020-09-20,Merced,47,269075,8805,8745,14,8759,128
2020-09-20,Modoc,49,8938,27,22,0,22,0
2020-09-20,Mono,51,14174,167,147,1,148,1
2020-09-20,Monterey,53,433212,9615,9312,24,9336,65
2020-09-20,Napa,55,140530,1693,1626,5,1631,11
2020-09-20,Nevada,57,99092,535,511,14,525,6
2020-09-20,Orange,59,3164182,53783,51233,1421,52654,1110
2020-09-20,Placer,61,380077,3580,3452,13,3465,40
2020-09-20,Plumas,63,18699,49,47,0,47,0
2020-09-20,Riverside,65,2383286,57826,56783,126,56909,1147
2020-09-20,Sacramento,67,1510023,21989,21394,18,21412,401
2020-09-20,San Benito,69,59416,1317,1291,0,1291,9
2020-09-20,San Bernardino,71,2135413,53131,51559,57,51616,970
2020-09-20,San Diego,73,3302833,46282,44579,0,44579,760
2020-09-20,San Francisco,75,870044,11058,10743,26,10769,95
2020-09-20,San Joaquin,77,732212,19986,19578,47,19625,423
2020-09-20,San Luis Obispo,79,281455,3570,3393,15,3408,27
2020-09-20,San Mateo,81,765935,9949,9198,6,9204,127
2020-09-20,Santa Barbara,83,443738,9440,8880,62,8942,110
2020-09-20,Santa Clara,85,1922200,21338,20330,25,20355,252
2020-09-20,Santa Cruz,87,273765,2349,2199,29,2228,8
2020-09-20,Shasta,89,179085,898,696,3,699,14
2020-09-20,Sierra,91,2930,6,6,0,6,0
2020-09-20,Siskiyou,93,43540,154,146,10,156,0
2020-09-20,Solano,95,438530,6196,6020,41,6061,46
2020-09-20,Sonoma,97,501317,7285,6954,19,6973,117
2020-09-20,Stanislaus,99,539301,16400,16159,522,16681,310
2020-09-20,Sutter,101,95872,1657,1624,1,1625,10
2020-09-20,Tehama,103,63373,535,509,1,510,2
2020-09-20,Trinity,105,12862,27,15,5,20,0
2020-09-20,Tulare,107,460477,15915,15528,105,15633,260
2020-09-20,Tuolumne,109,53932,231,221,2,223,1
2020-09-20,Ventura,111,848112,12864,12406,139,12545,133
2020-09-20,Yolo,113,214977,2790,2745,6,2751,54
2020-09-20,Yuba,115,75493,1060,1029,5,1034,1
2020-09-19,Alameda,1,1643700,20997,20349,171,20520,343
2020-09-19,Alpine,3,1148,3,2,0,2,0
2020-09-19,Amador,5,37829,290,285,0,285,16
2020-09-19,Butte,7,227075,2864,2748,22,2770,38
2020-09-19,Calaveras,9,45235,303,256,0,256,10
2020-09-19,Colusa,11,21464,526,507,0,507,6
2020-09-19,Contra Costa,13,1133247,16644,15783,82,15865,186
2020-09-19,Del Norte,15,27424,133,132,0,132,2
2020-09-19,El Dorado,17,186661,1122,1068,0,1068,4
2020-09-19,Fresno,19,978130,29988,27668,352,28020,362
2020-09-19,Glenn,21,27897,570,547,0,547,3
2020-09-19,Humboldt,23,135768,493,471,1,472,5
2020-09-19,Imperial,25,180216,11720,10496,7,10503,284
2020-09-19,Inyo,27,18085,187,177,0,177,12
2020-09-19,Kern,29,883053,31595,30886,309,31195,379
2020-09-19,Kings,31,150075,7519,7130,36,7166,76
2020-09-19,Lake,33,64148,544,465,0,465,8
2020-09-19,Lassen,35,31185,742,731,2,733,0
2020-09-19,Los Angeles,37,10098052,262994,259801,1794,261595,6325
2020-09-19,Madera,39,155013,4454,4237,26,4263,47
2020-09-19,Marin,41,260295,6639,6513,15,6528,81
2020-09-19,Mariposa,43,17540,76,74,0,74,2
2020-09-19,Mendocino,45,87422,831,750,0,750,18
2020-09-19,Merced,47,269075,8794,8717,13,8730,128
2020-09-19,Modoc,49,8938,27,22,0,22,0
2020-09-19,Mono,51,14174,167,147,1,148,1
2020-09-19,Monterey,53,433212,9573,9237,24,9261,65
2020-09-19,Napa,55,140530,1685,1614,5,1619,11
2020-09-19,Nevada,57,99092,533,505,14,519,6
2020-09-19,Orange,59,3164182,53654,50999,1414,52413,1105
2020-09-19,Placer,61,380077,3572,3412,13,3425,40
2020-09-19,Plumas,63,18699,49,47,0,47,0
2020-09-19,Riverside,65,2383286,57702,56562,125,56687,1147
2020-09-19,Sacramento,67,1510023,21935,21297,18,21315,396
2020-09-19,San Benito,69,59416,1313,1276,0,1276,9
2020-09-19,San Bernardino,71,2135413,52975,51353,55,51408,971
2020-09-19,San Diego,73,3302833,46054,44295,0,44295,773
2020-09-19,San Francisco,75,870044,11025,10741,26,10767,95
2020-09-19,San Joaquin,77,732212,19949,19580,47,19627,424
2020-09-19,San Luis Obispo,79,281455,3549,3369,15,3384,27
2020-09-19,San Mateo,81,765935,9918,9158,6,9164,127
2020-09-19,Santa Barbara,83,443738,9419,8862,62,8924,106
2020-09-19,Santa Clara,85,1922200,21249,20170,25,20195,251
2020-09-19,Santa Cruz,87,273765,2335,2198,29,2227,8
2020-09-19,Shasta,89,179085,871,687,3,690,14
2020-09-19,Sierra,91,2930,6,6,0,6,0
2020-09-19,Siskiyou,93,43540,154,146,10,156,0
2020-09-19,Solano,95,438530,6180,5998,41,6039,46
2020-09-19,Sonoma,97,501317,7251,6905,19,6924,117
2020-09-19,Stanislaus,99,539301,16360,16109,515,16624,313
2020-09-19,Sutter,101,95872,1656,1602,1,1603,10
2020-09-19,Tehama,103,63373,530,498,1,499,2
2020-09-19,Trinity,105,12862,27,15,5,20,0
2020-09-19,Tulare,107,460477,15866,15485,102,15587,260
2020-09-19,Tuolumne,109,53932,231,217,2,219,1
2020-09-19,Ventura,111,848112,12832,12328,139,12467,133
2020-09-19,Yolo,113,214977,2782,2739,6,2745,54
2020-09-19,Yuba,115,75493,1053,1023,5,1028,1
2020-09-18,Alameda,1,1643700,20932,20222,165,20387,341
2020-09-18,Alpine,3,1148,3,2,0,2,0
2020-09-18,Amador,5,37829,290,285,0,285,16
2020-09-18,Butte,7,227075,2862,2738,22,2760,37
2020-09-18,Calaveras,9,45235,303,255,0,255,9
2020-09-18,Colusa,11,21464,526,504,0,504,6
2020-09-18,Contra Costa,13,1133247,16559,15667,82,15749,185
2020-09-18,Del Norte,15,27424,133,131,0,131,2
2020-09-18,El Dorado,17,186661,1109,1063,0,1063,4
2020-09-18,Fresno,19,978130,29923,27560,352,27912,359
2020-09-18,Glenn,21,27897,567,541,0,541,3
2020-09-18,Humboldt,23,135768,490,470,1,471,5
2020-09-18,Imperial,25,180216,11705,10460,7,10467,283
2020-09-18,Inyo,27,18085,187,177,0,177,12
2020-09-18,Kern,29,883053,31537,30742,306,31048,373
2020-09-18,Kings,31,150075,7509,7062,36,7098,74
2020-09-18,Lake,33,64148,538,458,0,458,8
2020-09-18,Lassen,35,31185,741,731,2,733,0
2020-09-18,Los Angeles,37,10098052,262220,258488,1774,260262,6324
2020-09-18,Madera,39,155013,4442,4211,26,4237,45
2020-09-18,Marin,41,260295,6624,6475,15,6490,81
2020-09-18,Mariposa,43,17540,76,74,0,74,2
2020-09-18,Mendocino,45,87422,823,739,0,739,18
2020-09-18,Merced,47,269075,8782,8691,12,8703,127
2020-09-18,Modoc,49,8938,27,22,0,22,0
2020-09-18,Mono,51,14174,165,147,1,148,1
2020-09-18,Monterey,53,433212,9531,9183,24,9207,64
2020-09-18,Napa,55,140530,1679,1604,5,1609,11
2020-09-18,Nevada,57,99092,530,504,14,518,6
2020-09-18,Orange,59,3164182,53507,50733,1402,52135,1107
2020-09-18,Placer,61,380077,3561,3389,13,3402,40
2020-09-18,Plumas,63,18699,49,45,0,45,0
2020-09-18,Riverside,65,2383286,57582,56248,121,56369,1143
2020-09-18,Sacramento,67,1510023,21850,21105,18,21123,391
2020-09-18,San Benito,69,59416,1305,1257,0,1257,8
2020-09-18,San Bernardino,71,2135413,52832,51106,54,51160,970
2020-09-18,San Diego,73,3302833,45804,44009,0,44009,757
2020-09-18,San Francisco,75,870044,10987,10644,25,10669,95
2020-09-18,San Joaquin,77,732212,19906,19531,45,19576,423
2020-09-18,San Luis Obispo,79,281455,3525,3328,15,3343,27
2020-09-18,San Mateo,81,765935,9878,9062,6,9068,127
2020-09-18,Santa Barbara,83,443738,9397,8824,62,8886,107
2020-09-18,Santa Clara,85,1922200,21152,20058,25,20083,252
2020-09-18,Santa Cruz,87,273765,2314,2180,28,2208,8
2020-09-18,Shasta,89,179085,836,668,3,671,14
2020-09-18,Sierra,91,2930,6,6,0,6,0
2020-09-18,Siskiyou,93,43540,153,146,10,156,0
2020-09-18,Solano,95,438530,6164,5961,41,6002,46
2020-09-18,Sonoma,97,501317,7203,6856,19,6875,114
2020-09-18,Stanislaus,99,539301,16332,16042,509,16551,277
2020-09-18,Sutter,101,95872,1648,1586,1,1587,10
2020-09-18,Tehama,103,63373,530,490,1,491,2
2020-09-18,Trinity,105,12862,27,15,4,19,0
2020-09-18,Tulare,107,460477,15833,15435,98,15533,259
2020-09-18,Tuolumne,109,53932,230,216,2,218,1
2020-09-18,Ventura,111,848112,12771,12236,135,12371,133
2020-09-18,Yolo,113,214977,2776,2732,6,2738,54
2020-09-18,Yuba,115,75493,1049,1020,5,1025,1
2020-09-17,Alameda,1,1643700,20834,20146,165,20311,339
2020-09-17,Alpine,3,1148,3,2,0,2,0
2020-09-17,Amador,5,37829,288,284,0,284,16
2020-09-17,Butte,7,227075,2844,2720,22,2742,38
2020-09-17,Calaveras,9,45235,303,254,0,254,9
2020-09-17,Colusa,11,21464,524,499,0,499,6
2020-09-17,Contra Costa,13,1133247,16469,15576,82,15658,184
2020-09-17,Del Norte,15,27424,133,131,0,131,2
2020-09-17,El Dorado,17,186661,1100,1057,0,1057,4
2020-09-17,Fresno,19,978130,29814,27487,347,27834,355
2020-09-17,Glenn,21,27897,566,541,0,541,3
2020-09-17,Humboldt,23,135768,484,466,1,467,5
2020-09-17,Imperial,25,180216,11688,10436,7,10443,281
2020-09-17,Inyo,27,18085,187,176,0,176,12
2020-09-17,Kern,29,883053,31476,30627,299,30926,372
2020-09-17,Kings,31,150075,7438,7015,36,7051,72
2020-09-17,Lake,33,64148,528,433,0,433,8
2020-09-17,Lassen,35,31185,739,731,2,733,0
2020-09-17,Los Angeles,37,10098052,261277,257246,1759,259005,6318
2020-09-17,Madera,39,155013,4408,4152,26,4178,45
2020-09-17,Marin,41,260295,6603,6457,15,6472,81
2020-09-17,Mariposa,43,17540,75,74,0,74,2
2020-09-17,Mendocino,45,87422,812,737,0,737,18
2020-09-17,Merced,47,269075,8763,8671,12,8683,119
2020-09-17,Modoc,49,8938,27,22,0,22,0
2020-09-17,Mono,51,14174,165,147,1,148,1
2020-09-17,Monterey,53,433212,9469,9113,23,9136,62
2020-09-17,Napa,55,140530,1668,1592,5,1597,11
2020-09-17,Nevada,57,99092,528,494,14,508,6
2020-09-17,Orange,59,3164182,53328,50537,1388,51925,1098
2020-09-17,Placer,61,380077,3541,3368,13,3381,40
2020-09-17,Plumas,63,18699,49,45,0,45,0
2020-09-17,Riverside,65,2383286,57357,56007,118,56125,1134
2020-09-17,Sacramento,67,1510023,21617,20895,18,20913,385
2020-09-17,San Benito,69,59416,1302,1252,0,1252,8
2020-09-17,San Bernardino,71,2135413,52631,50770,54,50824,904
2020-09-17,San Diego,73,3302833,45525,43621,0,43621,754
2020-09-17,San Francisco,75,870044,10893,10564,25,10589,95
2020-09-17,San Joaquin,77,732212,19847,19439,45,19484,416
2020-09-17,San Luis Obispo,79,281455,3498,3299,15,3314,27
2020-09-17,San Mateo,81,765935,9836,8984,6,8990,127
2020-09-17,Santa Barbara,83,443738,9373,8779,62,8841,107
2020-09-17,Santa Clara,85,1922200,21037,19825,25,19850,254
2020-09-17,Santa Cruz,87,273765,2298,2155,28,2183,7
2020-09-17,Shasta,89,179085,797,660,3,663,12
2020-09-17,Sierra,91,2930,6,6,0,6,0
2020-09-17,Siskiyou,93,43540,153,146,10,156,0
2020-09-17,Solano,95,438530,6141,5915,41,5956,44
2020-09-17,Sonoma,97,501317,7139,6754,19,6773,114
2020-09-17,Stanislaus,99,539301,16299,15984,505,16489,277
2020-09-17,Sutter,101,95872,1643,1572,1,1573,10
2020-09-17,Tehama,103,63373,516,487,1,488,2
2020-09-17,Trinity,105,12862,27,15,4,19,0
2020-09-17,Tulare,107,460477,15780,15344,96,15440,258
2020-09-17,Tuolumne,109,53932,229,214,2,216,1
2020-09-17,Ventura,111,848112,12686,12167,131,12298,130
2020-09-17,Yolo,113,214977,2767,2724,6,2730,53
2020-09-17,Yuba,115,75493,1045,1015,5,1020,1
2020-09-16,Alameda,1,1643700,20738,20009,163,20172,333
2020-09-16,Alpine,3,1148,3,2,0,2,0
2020-09-16,Amador,5,37829,288,284,0,284,16
2020-09-16,Butte,7,227075,2834,2704,22,2726,38
2020-09-16,Calaveras,9,45235,303,254,0,254,9
2020-09-16,Colusa,11,21464,522,497,0,497,6
2020-09-16,Contra Costa,13,1133247,16383,15473,82,15555,183
2020-09-16,Del Norte,15,27424,133,131,0,131,2
2020-09-16,El Dorado,17,186661,1092,1049,0,1049,4
2020-09-16,Fresno,19,978130,29708,27381,345,27726,343
2020-09-16,Glenn,21,27897,564,539,0,539,3
2020-09-16,Humboldt,23,135768,483,455,1,456,4
2020-09-16,Imperial,25,180216,11665,10401,7,10408,277
2020-09-16,Inyo,27,18085,186,176,0,176,12
2020-09-16,Kern,29,883053,31417,30570,298,30868,371
2020-09-16,Kings,31,150075,7413,7002,34,7036,71
2020-09-16,Lake,33,64148,517,417,0,417,6
2020-09-16,Lassen,35,31185,738,730,2,732,0
2020-09-16,Los Angeles,37,10098052,260280,256101,1740,257841,6299
2020-09-16,Madera,39,155013,4385,4138,26,4164,45
2020-09-16,Marin,41,260295,6576,6430,15,6445,77
2020-09-16,Mariposa,43,17540,75,74,0,74,2
2020-09-16,Mendocino,45,87422,803,727,0,727,18
2020-09-16,Merced,47,269075,8742,8646,12,8658,118
2020-09-16,Modoc,49,8938,27,22,0,22,0
2020-09-16,Mono,51,14174,165,147,1,148,1
2020-09-16,Monterey,53,433212,9415,8997,23,9020,62
2020-09-16,Napa,55,140530,1654,1587,5,1592,11
2020-09-16,Nevada,57,99092,523,495,13,508,6
2020-09-16,Orange,59,3164182,53128,50414,1379,51793,1096
2020-09-16,Placer,61,380077,3523,3351,13,3364,39
2020-09-16,Plumas,63,18699,49,45,0,45,0
2020-09-16,Riverside,65,2383286,57165,55811,110,55921,1127
2020-09-16,Sacramento,67,1510023,21522,20610,18,20628,377
2020-09-16,San Benito,69,59416,1294,1244,0,1244,8
2020-09-16,San Bernardino,71,2135413,52405,50509,54,50563,907
2020-09-16,San Diego,73,3302833,45234,43447,0,43447,748
2020-09-16,San Francisco,75,870044,10846,10502,25,10527,90
2020-09-16,San Joaquin,77,732212,19793,19377,44,19421,409
2020-09-16,San Luis Obispo,79,281455,3469,3285,15,3300,28
2020-09-16,San Mateo,81,765935,9771,8944,6,8950,127
2020-09-16,Santa Barbara,83,443738,9341,8764,62,8826,107
2020-09-16,Santa Clara,85,1922200,20918,19684,25,19709,253
2020-09-16,Santa Cruz,87,273765,2257,2089,27,2116,7
2020-09-16,Shasta,89,179085,771,635,3,638,11
2020-09-16,Sierra,91,2930,6,6,0,6,0
2020-09-16,Siskiyou,93,43540,152,145,10,155,0
2020-09-16,Solano,95,438530,6111,5899,41,5940,44
2020-09-16,Sonoma,97,501317,7078,6731,19,6750,104
2020-09-16,Stanislaus,99,539301,16251,15897,497,16394,263
2020-09-16,Sutter,101,95872,1630,1567,1,1568,10
2020-09-16,Tehama,103,63373,508,485,1,486,2
2020-09-16,Trinity,105,12862,27,15,4,19,0
2020-09-16,Tulare,107,460477,15738,15314,88,15402,258
2020-09-16,Tuolumne,109,53932,228,210,2,212,1
2020-09-16,Ventura,111,848112,12618,12073,130,12203,130
2020-09-16,Yolo,113,214977,2760,2709,6,2715,53
2020-09-16,Yuba,115,75493,1043,1000,5,1005,1
2020-09-15,Alameda,1,1643700,20632,19931,160,20091,327
2020-09-15,Alpine,3,1148,3,2,0,2,0
2020-09-15,Amador,5,37829,287,282,0,282,16
2020-09-15,Butte,7,227075,2821,2695,20,2715,38
2020-09-15,Calaveras,9,45235,303,248,0,248,5
2020-09-15,Colusa,11,21464,516,497,0,497,6
2020-09-15,Contra Costa,13,1133247,16280,15423,81,15504,180
2020-09-15,Del Norte,15,27424,133,129,0,129,2
2020-09-15,El Dorado,17,186661,1087,1046,0,1046,4
2020-09-15,Fresno,19,978130,29602,27312,340,27652,343
2020-09-15,Glenn,21,27897,563,531,0,531,3
2020-09-15,Humboldt,23,135768,481,456,1,457,4
2020-09-15,Imperial,25,180216,11640,10376,7,10383,277
2020-09-15,Inyo,27,18085,186,176,0,176,12
2020-09-15,Kern,29,883053,31305,30429,295,30724,368
2020-09-15,Kings,31,150075,7255,6977,34,7011,70
2020-09-15,Lake,33,64148,503,416,0,416,4
2020-09-15,Lassen,35,31185,734,719,2,721,0
2020-09-15,Los Angeles,37,10098052,259166,255048,1715,256763,6269
2020-09-15,Madera,39,155013,4366,4122,26,4148,45
2020-09-15,Marin,41,260295,6545,6423,15,6438,77
2020-09-15,Mariposa,43,17540,75,74,0,74,2
2020-09-15,Mendocino,45,87422,785,724,0,724,18
2020-09-15,Merced,47,269075,8712,8633,12,8645,114
2020-09-15,Modoc,49,8938,26,21,0,21,0
2020-09-15,Mono,51,14174,165,147,1,148,1
2020-09-15,Monterey,53,433212,9366,8943,23,8966,62
2020-09-15,Napa,55,140530,1640,1580,5,1585,11
2020-09-15,Nevada,57,99092,518,494,13,507,6
2020-09-15,Orange,59,3164182,52946,50294,1364,51658,1088
2020-09-15,Placer,61,380077,3499,3331,13,3344,38
2020-09-15,Plumas,63,18699,49,44,0,44,0
2020-09-15,Riverside,65,2383286,56873,55569,100,55669,1118
2020-09-15,Sacramento,67,1510023,21379,20487,18,20505,372
2020-09-15,San Benito,69,59416,1287,1237,0,1237,7
2020-09-15,San Bernardino,71,2135413,52189,50333,53,50386,904
2020-09-15,San Diego,73,3302833,44916,43183,0,43183,742
2020-09-15,San Francisco,75,870044,10788,10414,25,10439,90
2020-09-15,San Joaquin,77,732212,19741,19313,44,19357,401
2020-09-15,San Luis Obispo,79,281455,3448,3262,15,3277,28
2020-09-15,San Mateo,81,765935,9701,8895,6,8901,127
2020-09-15,Santa Barbara,83,443738,9316,8724,61,8785,104
2020-09-15,Santa Clara,85,1922200,20782,19610,25,19635,252
2020-09-15,Santa Cruz,87,273765,2231,2079,26,2105,7
2020-09-15,Shasta,89,179085,759,627,3,630,11
2020-09-15,Sierra,91,2930,6,6,0,6,0
2020-09-15,Siskiyou,93,43540,152,143,10,153,0
2020-09-15,Solano,95,438530,6077,5878,41,5919,45
2020-09-15,Sonoma,97,501317,7039,6701,19,6720,104
2020-09-15,Stanislaus,99,539301,16203,15880,495,16375,260
2020-09-15,Sutter,101,95872,1618,1556,1,1557,10
2020-09-15,Tehama,103,63373,496,484,1,485,2
2020-09-15,Trinity,105,12862,27,15,4,19,0
2020-09-15,Tulare,107,460477,15661,15203,86,15289,254
2020-09-15,Tuolumne,109,53932,228,209,2,211,1
2020-09-15,Ventura,111,848112,12566,11932,129,12061,128
2020-09-15,Yolo,113,214977,2756,2708,6,2714,53
2020-09-15,Yuba,115,75493,1037,991,4,995,1
2020-09-14,Alameda,1,1643700,20505,19851,159,20010,306
2020-09-14,Alpine,3,1148,3,2,0,2,0
2020-09-14,Amador,5,37829,285,281,0,281,16
2020-09-14,Butte,7,227075,2804,2642,20,2662,37
2020-09-14,Calaveras,9,45235,303,244,0,244,3
2020-09-14,Colusa,11,21464,515,486,0,486,6
2020-09-14,Contra Costa,13,1133247,16155,15354,80,15434,174
2020-09-14,Del Norte,15,27424,130,116,0,116,2
2020-09-14,El Dorado,17,186661,1083,1039,0,1039,3
2020-09-14,Fresno,19,978130,29517,27232,337,27569,344
2020-09-14,Glenn,21,27897,555,521,0,521,3
2020-09-14,Humboldt,23,135768,478,437,1,438,4
2020-09-14,Imperial,25,180216,11620,10340,7,10347,273
2020-09-14,Inyo,27,18085,186,176,0,176,12
2020-09-14,Kern,29,883053,31219,30344,292,30636,368
2020-09-14,Kings,31,150075,7173,6950,34,6984,70
2020-09-14,Lake,33,64148,483,407,0,407,4
2020-09-14,Lassen,35,31185,734,719,2,721,0
2020-09-14,Los Angeles,37,10098052,258134,254622,1686,256308,6226
2020-09-14,Madera,39,155013,4352,4104,26,4130,45
2020-09-14,Marin,41,260295,6524,6409,15,6424,70
2020-09-14,Mariposa,43,17540,75,74,0,74,2
2020-09-14,Mendocino,45,87422,768,710,0,710,17
2020-09-14,Merced,47,269075,8693,8593,12,8605,112
2020-09-14,Modoc,49,8938,26,21,0,21,0
2020-09-14,Mono,51,14174,165,147,1,148,1
2020-09-14,Monterey,53,433212,9295,8845,22,8867,61
2020-09-14,Napa,55,140530,1623,1576,5,1581,11
2020-09-14,Nevada,57,99092,513,489,13,502,6
2020-09-14,Orange,59,3164182,52787,50149,1348,51497,1079
2020-09-14,Placer,61,380077,3478,3302,13,3315,38
2020-09-14,Plumas,63,18699,48,42,0,42,0
2020-09-14,Riverside,65,2383286,56654,55488,94,55582,1113
2020-09-14,Sacramento,67,1510023,21186,20377,17,20394,367
2020-09-14,San Benito,69,59416,1272,1233,0,1233,7
2020-09-14,San Bernardino,71,2135413,51966,50163,52,50215,895
2020-09-14,San Diego,73,3302833,44605,42889,0,42889,734
2020-09-14,San Francisco,75,870044,10722,10255,23,10278,90
2020-09-14,San Joaquin,77,732212,19666,19111,43,19154,397
2020-09-14,San Luis Obispo,79,281455,3423,3248,15,3263,25
2020-09-14,San Mateo,81,765935,9638,8847,6,8853,127
2020-09-14,Santa Barbara,83,443738,9290,8692,61,8753,104
2020-09-14,Santa Clara,85,1922200,20594,19545,25,19570,247
2020-09-14,Santa Cruz,87,273765,2211,2016,23,2039,7
2020-09-14,Shasta,89,179085,737,584,3,587,10
2020-09-14,Sierra,91,2930,6,6,0,6,0
2020-09-14,Siskiyou,93,43540,151,143,10,153,0
2020-09-14,Solano,95,438530,6042,5834,41,5875,44
2020-09-14,Sonoma,97,501317,6976,6630,19,6649,102
2020-09-14,Stanislaus,99,539301,16158,15812,492,16304,253
2020-09-14,Sutter,101,95872,1607,1549,1,1550,10
2020-09-14,Tehama,103,63373,493,475,1,476,1
2020-09-14,Trinity,105,12862,26,14,4,18,0
2020-09-14,Tulare,107,460477,15592,15096,80,15176,254
2020-09-14,Tuolumne,109,53932,227,208,2,210,1
2020-09-14,Ventura,111,848112,12465,11903,126,12029,125
2020-09-14,Yolo,113,214977,2745,2687,6,2693,53
2020-09-14,Yuba,115,75493,1029,977,4,981,1
2020-09-13,Alameda,1,1643700,20399,19815,156,19971,306
2020-09-13,Alpine,3,1148,3,2,0,2,0
2020-09-13,Amador,5,37829,282,279,0,279,16
2020-09-13,Butte,7,227075,2782,2640,20,2660,37
2020-09-13,Calaveras,9,45235,302,246,0,246,3
2020-09-13,Colusa,11,21464,511,486,0,486,6
2020-09-13,Contra Costa,13,1133247,16049,15284,79,15363,172
2020-09-13,Del Norte,15,27424,127,116,0,116,1
2020-09-13,El Dorado,17,186661,1078,1035,0,1035,2
2020-09-13,Fresno,19,978130,29410,27196,329,27525,345
2020-09-13,Glenn,21,27897,551,517,0,517,3
2020-09-13,Humboldt,23,135768,478,434,1,435,4
2020-09-13,Imperial,25,180216,11583,10304,7,10311,273
2020-09-13,Inyo,27,18085,186,176,0,176,12
2020-09-13,Kern,29,883053,31126,30277,285,30562,368
2020-09-13,Kings,31,150075,7154,6937,34,6971,70
2020-09-13,Lake,33,64148,464,397,0,397,4
2020-09-13,Lassen,35,31185,731,719,2,721,0
2020-09-13,Los Angeles,37,10098052,256988,253950,1670,255620,6203
2020-09-13,Madera,39,155013,4295,4090,26,4116,45
2020-09-13,Marin,41,260295,6503,6395,15,6410,70
2020-09-13,Mariposa,43,17540,75,74,0,74,2
2020-09-13,Mendocino,45,87422,761,707,0,707,17
2020-09-13,Merced,47,269075,8659,8575,12,8587,112
2020-09-13,Modoc,49,8938,26,21,0,21,0
2020-09-13,Mono,51,14174,165,147,1,148,1
2020-09-13,Monterey,53,433212,9213,8826,21,8847,61
2020-09-13,Napa,55,140530,1616,1563,5,1568,11
2020-09-13,Nevada,57,99092,505,486,13,499,6
2020-09-13,Orange,59,3164182,52574,50061,1341,51402,1075
2020-09-13,Placer,61,380077,3448,3291,13,3304,38
2020-09-13,Plumas,63,18699,48,42,0,42,0
2020-09-13,Riverside,65,2383286,56447,55235,83,55318,1108
2020-09-13,Sacramento,67,1510023,20838,20279,17,20296,367
2020-09-13,San Benito,69,59416,1264,1217,0,1217,7
2020-09-13,San Bernardino,71,2135413,51681,49968,52,50020,895
2020-09-13,San Diego,73,3302833,44280,42681,0,42681,734
2020-09-13,San Francisco,75,870044,10644,10254,23,10277,90
2020-09-13,San Joaquin,77,732212,19594,19110,42,19152,396
2020-09-13,San Luis Obispo,79,281455,3387,3240,15,3255,24
2020-09-13,San Mateo,81,765935,9577,8811,6,8817,127
2020-09-13,Santa Barbara,83,443738,9253,8690,61,8751,104
2020-09-13,Santa Clara,85,1922200,20459,19456,24,19480,245
2020-09-13,Santa Cruz,87,273765,2178,2016,21,2037,7
2020-09-13,Shasta,89,179085,725,583,3,586,10
2020-09-13,Sierra,91,2930,6,6,0,6,0
2020-09-13,Siskiyou,93,43540,151,143,9,152,0
2020-09-13,Solano,95,438530,5996,5810,41,5851,43
2020-09-13,Sonoma,97,501317,6911,6592,19,6611,95
2020-09-13,Stanislaus,99,539301,16095,15759,480,16239,253
2020-09-13,Sutter,101,95872,1595,1539,1,1540,10
2020-09-13,Tehama,103,63373,489,476,1,477,1
2020-09-13,Trinity,105,12862,26,14,4,18,0
2020-09-13,Tulare,107,460477,15520,15098,79,15177,254
2020-09-13,Tuolumne,109,53932,224,208,2,210,1
2020-09-13,Ventura,111,848112,12360,11855,125,11980,123
2020-09-13,Yolo,113,214977,2733,2675,6,2681,53
2020-09-13,Yuba,115,75493,1024,967,4,971,1
2020-09-12,Alameda,1,1643700,20340,19758,156,19914,307
2020-09-12,Alpine,3,1148,3,2,0,2,0
2020-09-12,Amador,5,37829,281,278,0,278,16
2020-09-12,Butte,7,227075,2775,2629,19,2648,37
2020-09-12,Calaveras,9,45235,300,246,0,246,3
2020-09-12,Colusa,11,21464,507,486,0,486,6
2020-09-12,Contra Costa,13,1133247,15976,15135,78,15213,174
2020-09-12,Del Norte,15,27424,126,116,0,116,1
2020-09-12,El Dorado,17,186661,1071,1034,0,1034,2
2020-09-12,Fresno,19,978130,29340,27076,328,27404,345
2020-09-12,Glenn,21,27897,550,517,0,517,3
2020-09-12,Humboldt,23,135768,477,430,1,431,4
2020-09-12,Imperial,25,180216,11571,10305,7,10312,273
2020-09-12,Inyo,27,18085,186,177,0,177,12
2020-09-12,Kern,29,883053,31060,30202,285,30487,368
2020-09-12,Kings,31,150075,7144,6895,34,6929,70
2020-09-12,Lake,33,64148,458,393,0,393,4
2020-09-12,Lassen,35,31185,731,719,2,721,0
2020-09-12,Los Angeles,37,10098052,256429,253156,1649,254805,6193
2020-09-12,Madera,39,155013,4284,4058,26,4084,43
2020-09-12,Marin,41,260295,6494,6393,15,6408,69
2020-09-12,Mariposa,43,17540,75,72,0,72,2
2020-09-12,Mendocino,45,87422,758,700,0,700,17
2020-09-12,Merced,47,269075,8650,8533,12,8545,112
2020-09-12,Modoc,49,8938,25,21,0,21,0
2020-09-12,Mono,51,14174,165,147,1,148,1
2020-09-12,Monterey,53,433212,9177,8743,21,8764,61
2020-09-12,Napa,55,140530,1613,1556,5,1561,11
2020-09-12,Nevada,57,99092,504,482,13,495,6
2020-09-12,Orange,59,3164182,52460,49895,1337,51232,1078
2020-09-12,Placer,61,380077,3431,3280,13,3293,38
2020-09-12,Plumas,63,18699,48,42,0,42,0
2020-09-12,Riverside,65,2383286,56320,55058,78,55136,1108
2020-09-12,Sacramento,67,1510023,20770,20184,17,20201,367
2020-09-12,San Benito,69,59416,1261,1208,0,1208,7
2020-09-12,San Bernardino,71,2135413,51590,49945,51,49996,896
2020-09-12,San Diego,73,3302833,44086,42416,0,42416,747
2020-09-12,San Francisco,75,870044,10599,10257,23,10280,90
2020-09-12,San Joaquin,77,732212,19566,19108,42,19150,396
2020-09-12,San Luis Obispo,79,281455,3361,3220,15,3235,24
2020-09-12,San Mateo,81,765935,9532,8759,6,8765,127
2020-09-12,Santa Barbara,83,443738,9238,8642,61,8703,104
2020-09-12,Santa Clara,85,1922200,20375,19330,24,19354,237
2020-09-12,Santa Cruz,87,273765,2166,2016,21,2037,7
2020-09-12,Shasta,89,179085,713,569,3,572,10
2020-09-12,Sierra,91,2930,6,6,0,6,0
2020-09-12,Siskiyou,93,43540,151,141,9,150,0
2020-09-12,Solano,95,438530,5972,5772,41,5813,43
2020-09-12,Sonoma,97,501317,6887,6531,19,6550,95
2020-09-12,Stanislaus,99,539301,16063,15675,477,16152,253
2020-09-12,Sutter,101,95872,1589,1529,1,1530,10
2020-09-12,Tehama,103,63373,486,471,1,472,1
2020-09-12,Trinity,105,12862,26,15,4,19,0
2020-09-12,Tulare,107,460477,15475,15018,78,15096,254
2020-09-12,Tuolumne,109,53932,224,208,2,210,1
2020-09-12,Ventura,111,848112,12309,11759,123,11882,123
2020-09-12,Yolo,113,214977,2726,2646,6,2652,53
2020-09-12,Yuba,115,75493,1020,963,4,967,1
2020-09-11,Alameda,1,1643700,20285,19625,155,19780,298
2020-09-11,Alpine,3,1148,3,2,0,2,0
2020-09-11,Amador,5,37829,281,277,0,277,16
2020-09-11,Butte,7,227075,2764,2605,19,2624,37
2020-09-11,Calaveras,9,45235,299,242,0,242,1
2020-09-11,Colusa,11,21464,506,484,0,484,6
2020-09-11,Contra Costa,13,1133247,15923,15001,75,15076,173
2020-09-11,Del Norte,15,27424,126,115,0,115,1
2020-09-11,El Dorado,17,186661,1068,1024,0,1024,2
2020-09-11,Fresno,19,978130,29260,26917,327,27244,344
2020-09-11,Glenn,21,27897,545,515,0,515,3
2020-09-11,Humboldt,23,135768,475,426,1,427,4
2020-09-11,Imperial,25,180216,11553,10286,7,10293,273
2020-09-11,Inyo,27,18085,186,176,0,176,12
2020-09-11,Kern,29,883053,30993,30059,284,30343,365
2020-09-11,Kings,31,150075,7127,6770,34,6804,70
2020-09-11,Lake,33,64148,451,382,0,382,4
2020-09-11,Lassen,35,31185,731,719,2,721,0
2020-09-11,Los Angeles,37,10098052,255748,252057,1638,253695,6172
2020-09-11,Madera,39,155013,4265,4018,26,4044,43
2020-09-11,Marin,41,260295,6491,6364,15,6379,69
2020-09-11,Mariposa,43,17540,75,72,0,72,2
2020-09-11,Mendocino,45,87422,747,700,0,700,17
2020-09-11,Merced,47,269075,8629,8489,12,8501,109
2020-09-11,Modoc,49,8938,25,21,0,21,0
2020-09-11,Mono,51,14174,165,145,1,146,1
2020-09-11,Monterey,53,433212,9129,8595,21,8616,61
2020-09-11,Napa,55,140530,1602,1543,5,1548,11
2020-09-11,Nevada,57,99092,497,483,13,496,6
2020-09-11,Orange,59,3164182,52333,49755,1324,51079,1068
2020-09-11,Placer,61,380077,3416,3254,13,3267,37
2020-09-11,Plumas,63,18699,48,42,0,42,0
2020-09-11,Riverside,65,2383286,56187,54717,75,54792,1099
2020-09-11,Sacramento,67,1510023,20683,20012,17,20029,358
2020-09-11,San Benito,69,59416,1251,1202,0,1202,7
2020-09-11,San Bernardino,71,2135413,51490,49682,51,49733,871
2020-09-11,San Diego,73,3302833,43866,41971,0,41971,730
2020-09-11,San Francisco,75,870044,10550,10133,22,10155,89
2020-09-11,San Joaquin,77,732212,19519,19019,42,19061,391
2020-09-11,San Luis Obispo,79,281455,3343,3190,15,3205,24
2020-09-11,San Mateo,81,765935,9490,8611,6,8617,127
2020-09-11,Santa Barbara,83,443738,9204,8592,60,8652,103
2020-09-11,Santa Clara,85,1922200,20286,19065,24,19089,234
2020-09-11,Santa Cruz,87,273765,2149,1997,21,2018,7
2020-09-11,Shasta,89,179085,703,568,3,571,10
2020-09-11,Sierra,91,2930,6,6,0,6,0
2020-09-11,Siskiyou,93,43540,150,139,9,148,0
2020-09-11,Solano,95,438530,5955,5742,41,5783,42
2020-09-11,Sonoma,97,501317,6842,6469,19,6488,91
2020-09-11,Stanislaus,99,539301,16025,15613,474,16087,253
2020-09-11,Sutter,101,95872,1579,1505,1,1506,11
2020-09-11,Tehama,103,63373,483,466,1,467,1
2020-09-11,Trinity,105,12862,26,16,4,20,0
2020-09-11,Tulare,107,460477,15444,14932,76,15008,251
2020-09-11,Tuolumne,109,53932,224,208,2,210,1
2020-09-11,Ventura,111,848112,12255,11700,121,11821,123
2020-09-11,Yolo,113,214977,2715,2632,6,2638,53
2020-09-11,Yuba,115,75493,1012,946,4,950,1
2020-09-10,Alameda,1,1643700,20211,19509,155,19664,292
2020-09-10,Alpine,3,1148,3,2,0,2,0
2020-09-10,Amador,5,37829,280,277,0,277,16
2020-09-10,Butte,7,227075,2747,2590,19,2609,37
2020-09-10,Calaveras,9,45235,299,244,0,244,1
2020-09-10,Colusa,11,21464,504,482,0,482,6
2020-09-10,Contra Costa,13,1133247,15853,14909,75,14984,172
2020-09-10,Del Norte,15,27424,125,112,0,112,1
2020-09-10,El Dorado,17,186661,1065,1020,0,1020,2
2020-09-10,Fresno,19,978130,29139,26783,327,27110,338
2020-09-10,Glenn,21,27897,535,511,0,511,3
2020-09-10,Humboldt,23,135768,464,422,1,423,4
2020-09-10,Imperial,25,180216,11537,10251,7,10258,270
2020-09-10,Inyo,27,18085,185,176,0,176,11
2020-09-10,Kern,29,883053,30911,29988,280,30268,363
2020-09-10,Kings,31,150075,7097,6739,34,6773,70
2020-09-10,Lake,33,64148,444,377,0,377,4
2020-09-10,Lassen,35,31185,730,716,2,718,0
2020-09-10,Los Angeles,37,10098052,254770,251003,1616,252619,6132
2020-09-10,Madera,39,155013,4247,3979,26,4005,43
2020-09-10,Marin,41,260295,6480,6344,15,6359,68
2020-09-10,Mariposa,43,17540,75,72,0,72,2
2020-09-10,Mendocino,45,87422,737,697,0,697,16
2020-09-10,Merced,47,269075,8583,8461,12,8473,109
2020-09-10,Modoc,49,8938,25,21,0,21,0
2020-09-10,Mono,51,14174,165,145,1,146,1
2020-09-10,Monterey,53,433212,9059,8570,21,8591,59
2020-09-10,Napa,55,140530,1596,1536,5,1541,11
2020-09-10,Nevada,57,99092,493,478,13,491,6
2020-09-10,Orange,59,3164182,52170,49617,1317,50934,1057
2020-09-10,Placer,61,380077,3397,3233,13,3246,37
2020-09-10,Plumas,63,18699,48,42,0,42,0
2020-09-10,Riverside,65,2383286,55869,54417,72,54489,1091
2020-09-10,Sacramento,67,1510023,20563,19618,15,19633,354
2020-09-10,San Benito,69,59416,1245,1201,0,1201,5
2020-09-10,San Bernardino,71,2135413,51301,49467,50,49517,867
2020-09-10,San Diego,73,3302833,43600,41610,0,41610,725
2020-09-10,San Francisco,75,870044,10473,10082,22,10104,89
2020-09-10,San Joaquin,77,732212,19466,18854,42,18896,389
2020-09-10,San Luis Obispo,79,281455,3330,3161,15,3176,24
2020-09-10,San Mateo,81,765935,9444,8529,6,8535,125
2020-09-10,Santa Barbara,83,443738,9160,8552,60,8612,100
2020-09-10,Santa Clara,85,1922200,20172,18870,24,18894,231
2020-09-10,Santa Cruz,87,273765,2134,1986,19,2005,7
2020-09-10,Shasta,89,179085,692,566,3,569,10
2020-09-10,Sierra,91,2930,6,6,0,6,0
2020-09-10,Siskiyou,93,43540,150,137,9,146,0
2020-09-10,Solano,95,438530,5915,5696,41,5737,42
2020-09-10,Sonoma,97,501317,6793,6424,19,6443,91
2020-09-10,Stanislaus,99,539301,15971,15509,469,15978,243
2020-09-10,Sutter,101,95872,1567,1494,1,1495,11
2020-09-10,Tehama,103,63373,476,466,1,467,1
2020-09-10,Trinity,105,12862,26,15,4,19,0
2020-09-10,Tulare,107,460477,15389,14860,73,14933,250
2020-09-10,Tuolumne,109,53932,223,205,2,207,1
2020-09-10,Ventura,111,848112,12162,11600,114,11714,122
2020-09-10,Yolo,113,214977,2710,2612,6,2618,53
2020-09-10,Yuba,115,75493,1006,941,4,945,1
2020-09-09,Alameda,1,1643700,20132,19399,154,19553,289
2020-09-09,Alpine,3,1148,3,2,0,2,0
2020-09-09,Amador,5,37829,279,276,0,276,16
2020-09-09,Butte,7,227075,2730,2561,19,2580,37
2020-09-09,Calaveras,9,45235,299,242,0,242,1
2020-09-09,Colusa,11,21464,499,479,0,479,6
2020-09-09,Contra Costa,13,1133247,15767,14816,75,14891,171
2020-09-09,Del Norte,15,27424,121,109,0,109,1
2020-09-09,El Dorado,17,186661,1064,1020,0,1020,2
2020-09-09,Fresno,19,978130,29036,26724,322,27046,329
2020-09-09,Glenn,21,27897,532,508,0,508,3
2020-09-09,Humboldt,23,135768,462,420,1,421,4
2020-09-09,Imperial,25,180216,11516,10233,7,10240,268
2020-09-09,Inyo,27,18085,184,173,0,173,2
2020-09-09,Kern,29,883053,30813,29925,277,30202,355
2020-09-09,Kings,31,150075,7079,6721,34,6755,72
2020-09-09,Lake,33,64148,436,371,0,371,4
2020-09-09,Lassen,35,31185,729,714,2,716,0
2020-09-09,Los Angeles,37,10098052,253888,249876,1597,251473,6091
2020-09-09,Madera,39,155013,4222,3926,26,3952,43
2020-09-09,Marin,41,260295,6461,6321,15,6336,68
2020-09-09,Mariposa,43,17540,74,72,0,72,2
2020-09-09,Mendocino,45,87422,729,695,0,695,16
2020-09-09,Merced,47,269075,8557,8441,12,8453,107
2020-09-09,Modoc,49,8938,24,20,0,20,0
2020-09-09,Mono,51,14174,165,145,1,146,1
2020-09-09,Monterey,53,433212,8987,8527,21,8548,59
2020-09-09,Napa,55,140530,1586,1531,5,1536,11
2020-09-09,Nevada,57,99092,489,476,13,489,6
2020-09-09,Orange,59,3164182,51991,49394,1309,50703,1054
2020-09-09,Placer,61,380077,3377,3222,13,3235,36
2020-09-09,Plumas,63,18699,46,42,0,42,0
2020-09-09,Riverside,65,2383286,55640,54320,69,54389,1081
2020-09-09,Sacramento,67,1510023,20457,19474,15,19489,347
2020-09-09,San Benito,69,59416,1241,1199,0,1199,5
2020-09-09,San Bernardino,71,2135413,51103,49264,50,49314,866
2020-09-09,San Diego,73,3302833,43311,41326,0,41326,721
2020-09-09,San Francisco,75,870044,10423,9996,21,10017,86
2020-09-09,San Joaquin,77,732212,19402,18799,41,18840,388
2020-09-09,San Luis Obispo,79,281455,3312,3131,15,3146,24
2020-09-09,San Mateo,81,765935,9383,8478,6,8484,125
2020-09-09,Santa Barbara,83,443738,9117,8528,60,8588,97
2020-09-09,Santa Clara,85,1922200,20040,18759,24,18783,228
2020-09-09,Santa Cruz,87,273765,2111,1967,19,1986,7
2020-09-09,Shasta,89,179085,680,562,3,565,10
2020-09-09,Sierra,91,2930,6,6,0,6,0
2020-09-09,Siskiyou,93,43540,148,137,9,146,0
2020-09-09,Solano,95,438530,5883,5680,41,5721,36
2020-09-09,Sonoma,97,501317,6726,6397,19,6416,92
2020-09-09,Stanislaus,99,539301,15933,15469,456,15925,243
2020-09-09,Sutter,101,95872,1559,1487,1,1488,11
2020-09-09,Tehama,103,63373,473,462,1,463,1
2020-09-09,Trinity,105,12862,26,14,4,18,0
2020-09-09,Tulare,107,460477,15340,14787,68,14855,249
2020-09-09,Tuolumne,109,53932,222,204,2,206,1
2020-09-09,Ventura,111,848112,12074,11497,111,11608,121
2020-09-09,Yolo,113,214977,2699,2604,6,2610,53
2020-09-09,Yuba,115,75493,1001,936,4,940,1
2020-09-08,Alameda,1,1643700,20022,19293,154,19447,288
2020-09-08,Alpine,3,1148,3,2,0,2,0
2020-09-08,Amador,5,37829,279,276,0,276,16
2020-09-08,Butte,7,227075,2712,2453,19,2472,36
2020-09-08,Calaveras,9,45235,297,233,0,233,1
2020-09-08,Colusa,11,21464,497,475,0,475,6
2020-09-08,Contra Costa,13,1133247,15639,14740,72,14812,171
2020-09-08,Del Norte,15,27424,121,109,0,109,2
2020-09-08,El Dorado,17,186661,1061,1011,0,1011,2
2020-09-08,Fresno,19,978130,28917,26640,318,26958,329
2020-09-08,Glenn,21,27897,528,492,0,492,3
2020-09-08,Humboldt,23,135768,460,420,1,421,4
2020-09-08,Imperial,25,180216,11500,10198,7,10205,267
2020-09-08,Inyo,27,18085,184,169,0,169,2
2020-09-08,Kern,29,883053,30728,29850,275,30125,351
2020-09-08,Kings,31,150075,7041,6658,34,6692,72
2020-09-08,Lake,33,64148,426,370,0,370,4
2020-09-08,Lassen,35,31185,729,710,2,712,0
2020-09-08,Los Angeles,37,10098052,252953,249217,1569,250786,6034
2020-09-08,Madera,39,155013,4198,3904,26,3930,43
2020-09-08,Marin,41,260295,6430,6313,15,6328,68
2020-09-08,Mariposa,43,17540,74,72,0,72,2
2020-09-08,Mendocino,45,87422,722,690,0,690,16
2020-09-08,Merced,47,269075,8534,8381,12,8393,104
2020-09-08,Modoc,49,8938,24,20,0,20,0
2020-09-08,Mono,51,14174,165,145,1,146,1
2020-09-08,Monterey,53,433212,8902,8491,21,8512,59
2020-09-08,Napa,55,140530,1582,1518,5,1523,11
2020-09-08,Nevada,57,99092,489,470,13,483,6
2020-09-08,Orange,59,3164182,51850,49214,1305,50519,1044
2020-09-08,Placer,61,380077,3363,3205,13,3218,36
2020-09-08,Plumas,63,18699,46,42,0,42,0
2020-09-08,Riverside,65,2383286,55428,54168,66,54234,1069
2020-09-08,Sacramento,67,1510023,20222,19411,15,19426,347
2020-09-08,San Benito,69,59416,1234,1188,0,1188,5
2020-09-08,San Bernardino,71,2135413,50914,49034,49,49083,856
2020-09-08,San Diego,73,3302833,42995,41079,0,41079,709
2020-09-08,San Francisco,75,870044,10350,9821,21,9842,86
2020-09-08,San Joaquin,77,732212,19324,18550,41,18591,388
2020-09-08,San Luis Obispo,79,281455,3298,3120,15,3135,23
2020-09-08,San Mateo,81,765935,9308,8460,6,8466,125
2020-09-08,Santa Barbara,83,443738,9083,8488,59,8547,96
2020-09-08,Santa Clara,85,1922200,19863,18645,24,18669,228
2020-09-08,Santa Cruz,87,273765,2083,1903,19,1922,7
2020-09-08,Shasta,89,179085,672,556,3,559,10
2020-09-08,Sierra,91,2930,6,6,0,6,0
2020-09-08,Siskiyou,93,43540,146,136,9,145,0
2020-09-08,Solano,95,438530,5846,5654,41,5695,36
2020-09-08,Sonoma,97,501317,6657,6356,19,6375,92
2020-09-08,Stanislaus,99,539301,15869,15415,444,15859,238
2020-09-08,Sutter,101,95872,1544,1473,1,1474,11
2020-09-08,Tehama,103,63373,469,458,1,459,1
2020-09-08,Trinity,105,12862,25,13,4,17,0
2020-09-08,Tulare,107,460477,15260,14635,67,14702,249
2020-09-08,Tuolumne,109,53932,221,197,2,199,1
2020-09-08,Ventura,111,848112,12006,11475,109,11584,118
2020-09-08,Yolo,113,214977,2689,2580,6,2586,53
2020-09-08,Yuba,115,75493,989,923,4,927,1
2020-09-07,Alameda,1,1643700,19901,19188,149,19337,281
2020-09-07,Alpine,3,1148,3,2,0,2,0
2020-09-07,Amador,5,37829,279,276,0,276,16
2020-09-07,Butte,7,227075,2679,2450,18,2468,30
2020-09-07,Calaveras,9,45235,287,234,0,234,1
2020-09-07,Colusa,11,21464,496,475,0,475,6
2020-09-07,Contra Costa,13,1133247,15526,14637,69,14706,172
2020-09-07,Del Norte,15,27424,121,109,0,109,2
2020-09-07,El Dorado,17,186661,1050,1011,0,1011,2
2020-09-07,Fresno,19,978130,28824,26565,314,26879,329
2020-09-07,Glenn,21,27897,523,488,0,488,3
2020-09-07,Humboldt,23,135768,451,416,1,417,4
2020-09-07,Imperial,25,180216,11469,10199,7,10206,267
2020-09-07,Inyo,27,18085,184,169,0,169,2
2020-09-07,Kern,29,883053,30607,29790,270,30060,348
2020-09-07,Kings,31,150075,6917,6630,34,6664,72
2020-09-07,Lake,33,64148,403,367,0,367,2
2020-09-07,Lassen,35,31185,729,709,2,711,0
2020-09-07,Los Angeles,37,10098052,251908,248804,1546,250350,6030
2020-09-07,Madera,39,155013,4167,3889,26,3915,43
2020-09-07,Marin,41,260295,6400,6296,15,6311,67
2020-09-07,Mariposa,43,17540,74,72,0,72,2
2020-09-07,Mendocino,45,87422,714,687,0,687,16
2020-09-07,Merced,47,269075,8487,8381,12,8393,104
2020-09-07,Modoc,49,8938,23,20,0,20,0
2020-09-07,Mono,51,14174,165,145,1,146,1
2020-09-07,Monterey,53,433212,8823,8463,21,8484,57
2020-09-07,Napa,55,140530,1570,1514,5,1519,11
2020-09-07,Nevada,57,99092,487,469,13,482,6
2020-09-07,Orange,59,3164182,51679,49132,1301,50433,1042
2020-09-07,Placer,61,380077,3332,3188,12,3200,36
2020-09-07,Plumas,63,18699,45,42,0,42,0
2020-09-07,Riverside,65,2383286,55153,54178,60,54238,1069
2020-09-07,Sacramento,67,1510023,19980,19292,15,19307,345
2020-09-07,San Benito,69,59416,1228,1180,0,1180,4
2020-09-07,San Bernardino,71,2135413,50690,49043,49,49092,821
2020-09-07,San Diego,73,3302833,42595,40868,0,40868,708
2020-09-07,San Francisco,75,870044,10300,9813,20,9833,85
2020-09-07,San Joaquin,77,732212,19243,18552,39,18591,386
2020-09-07,San Luis Obispo,79,281455,3261,3116,15,3131,23
2020-09-07,San Mateo,81,765935,9226,8409,6,8415,125
2020-09-07,Santa Barbara,83,443738,9041,8479,59,8538,95
2020-09-07,Santa Clara,85,1922200,19705,18596,23,18619,226
2020-09-07,Santa Cruz,87,273765,2055,1902,19,1921,7
2020-09-07,Shasta,89,179085,662,556,3,559,10
2020-09-07,Sierra,91,2930,6,6,0,6,0
2020-09-07,Siskiyou,93,43540,145,133,9,142,0
2020-09-07,Solano,95,438530,5781,5640,41,5681,36
2020-09-07,Sonoma,97,501317,6590,6268,19,6287,85
2020-09-07,Stanislaus,99,539301,15804,15343,431,15774,236
2020-09-07,Sutter,101,95872,1527,1468,1,1469,11
2020-09-07,Tehama,103,63373,466,453,1,454,1
2020-09-07,Trinity,105,12862,25,13,4,17,0
2020-09-07,Tulare,107,460477,15154,14637,65,14702,249
2020-09-07,Tuolumne,109,53932,220,196,2,198,1
2020-09-07,Ventura,111,848112,11913,11463,107,11570,118
2020-09-07,Yolo,113,214977,2672,2565,5,2570,53
2020-09-07,Yuba,115,75493,973,923,3,926,1
2020-09-06,Alameda,1,1643700,19843,19029,147,19176,281
2020-09-06,Alpine,3,1148,3,2,0,2,0
2020-09-06,Amador,5,37829,277,275,0,275,16
2020-09-06,Butte,7,227075,2670,2446,18,2464,30
2020-09-06,Calaveras,9,45235,287,235,0,235,1
2020-09-06,Colusa,11,21464,492,475,0,475,6
2020-09-06,Contra Costa,13,1133247,15446,14565,68,14633,171
2020-09-06,Del Norte,15,27424,121,109,0,109,2
2020-09-06,El Dorado,17,186661,1048,1008,0,1008,2
2020-09-06,Fresno,19,978130,28760,26471,312,26783,329
2020-09-06,Glenn,21,27897,517,474,0,474,3
2020-09-06,Humboldt,23,135768,448,404,1,405,4
2020-09-06,Imperial,25,180216,11452,10152,7,10159,267
2020-09-06,Inyo,27,18085,184,169,0,169,2
2020-09-06,Kern,29,883053,30552,29699,266,29965,348
2020-09-06,Kings,31,150075,6897,6561,33,6594,72
2020-09-06,Lake,33,64148,400,362,0,362,2
2020-09-06,Lassen,35,31185,729,709,2,711,0
2020-09-06,Los Angeles,37,10098052,251280,248316,1530,249846,6004
2020-09-06,Madera,39,155013,4123,3867,26,3893,42
2020-09-06,Marin,41,260295,6388,6276,15,6291,67
2020-09-06,Mariposa,43,17540,74,72,0,72,2
2020-09-06,Mendocino,45,87422,713,672,0,672,16
2020-09-06,Merced,47,269075,8467,8327,12,8339,104
2020-09-06,Modoc,49,8938,23,20,0,20,0
2020-09-06,Mono,51,14174,164,145,1,146,1
2020-09-06,Monterey,53,433212,8784,8403,20,8423,56
2020-09-06,Napa,55,140530,1566,1501,3,1504,11
2020-09-06,Nevada,57,99092,487,467,13,480,6
2020-09-06,Orange,59,3164182,51566,48931,1296,50227,1042
2020-09-06,Placer,61,380077,3315,3169,12,3181,36
2020-09-06,Plumas,63,18699,44,42,0,42,0
2020-09-06,Riverside,65,2383286,55037,53970,58,54028,1069
2020-09-06,Sacramento,67,1510023,19885,19128,15,19143,340
2020-09-06,San Benito,69,59416,1226,1178,0,1178,4
2020-09-06,San Bernardino,71,2135413,50581,48923,49,48972,823
2020-09-06,San Diego,73,3302833,42347,40652,0,40652,707
2020-09-06,San Francisco,75,870044,10226,9813,20,9833,85
2020-09-06,San Joaquin,77,732212,19194,18558,39,18597,386
2020-09-06,San Luis Obispo,79,281455,3250,3101,15,3116,23
2020-09-06,San Mateo,81,765935,9173,8387,6,8393,125
2020-09-06,Santa Barbara,83,443738,9012,8434,59,8493,95
2020-09-06,Santa Clara,85,1922200,19604,18495,23,18518,207
2020-09-06,Santa Cruz,87,273765,2048,1902,19,1921,7
2020-09-06,Shasta,89,179085,656,550,3,553,10
2020-09-06,Sierra,91,2930,6,6,0,6,0
2020-09-06,Siskiyou,93,43540,145,132,9,141,0
2020-09-06,Solano,95,438530,5755,5619,41,5660,37
2020-09-06,Sonoma,97,501317,6561,6212,19,6231,85
2020-09-06,Stanislaus,99,539301,15761,15288,426,15714,236
2020-09-06,Sutter,101,95872,1514,1451,1,1452,11
2020-09-06,Tehama,103,63373,465,455,1,456,1
2020-09-06,Trinity,105,12862,24,13,4,17,0
2020-09-06,Tulare,107,460477,15111,14636,64,14700,249
2020-09-06,Tuolumne,109,53932,217,194,2,196,1
2020-09-06,Ventura,111,848112,11871,11315,106,11421,118
2020-09-06,Yolo,113,214977,2659,2556,5,2561,53
2020-09-06,Yuba,115,75493,965,913,3,916,1
2020-09-05,Alameda,1,1643700,19796,18973,145,19118,279
2020-09-05,Alpine,3,1148,3,2,0,2,0
2020-09-05,Amador,5,37829,277,274,0,274,16
2020-09-05,Butte,7,227075,2654,2406,17,2423,30
2020-09-05,Calaveras,9,45235,287,237,0,237,1
2020-09-05,Colusa,11,21464,488,472,0,472,6
2020-09-05,Contra Costa,13,1133247,15370,14456,66,14522,173
2020-09-05,Del Norte,15,27424,121,109,0,109,2
2020-09-05,El Dorado,17,186661,1048,1007,0,1007,2
2020-09-05,Fresno,19,978130,28692,26325,312,26637,331
2020-09-05,Glenn,21,27897,516,474,0,474,3
2020-09-05,Humboldt,23,135768,446,402,1,403,4
2020-09-05,Imperial,25,180216,11435,10151,7,10158,268
2020-09-05,Inyo,27,18085,184,169,0,169,2
2020-09-05,Kern,29,883053,30492,29645,262,29907,347
2020-09-05,Kings,31,150075,6888,6518,33,6551,66
2020-09-05,Lake,33,64148,397,359,0,359,2
2020-09-05,Lassen,35,31185,729,709,2,711,0
2020-09-05,Los Angeles,37,10098052,250746,247572,1517,249089,6001
2020-09-05,Madera,39,155013,4082,3851,26,3877,42
2020-09-05,Marin,41,260295,6381,6259,15,6274,66
2020-09-05,Mariposa,43,17540,74,72,0,72,2
2020-09-05,Mendocino,45,87422,712,658,0,658,16
2020-09-05,Merced,47,269075,8435,8297,10,8307,104
2020-09-05,Modoc,49,8938,23,19,0,19,0
2020-09-05,Mono,51,14174,164,145,1,146,1
2020-09-05,Monterey,53,433212,8754,8301,20,8321,56
2020-09-05,Napa,55,140530,1560,1484,3,1487,11
2020-09-05,Nevada,57,99092,484,461,13,474,6
2020-09-05,Orange,59,3164182,51464,48726,1291,50017,1039
2020-09-05,Placer,61,380077,3305,3141,12,3153,35
2020-09-05,Plumas,63,18699,44,42,0,42,0
2020-09-05,Riverside,65,2383286,54931,53780,58,53838,1066
2020-09-05,Sacramento,67,1510023,19795,18955,15,18970,339
2020-09-05,San Benito,69,59416,1224,1153,0,1153,4
2020-09-05,San Bernardino,71,2135413,50506,48800,48,48848,825
2020-09-05,San Diego,73,3302833,42155,40344,0,40344,717
2020-09-05,San Francisco,75,870044,10193,9812,19,9831,85
2020-09-05,San Joaquin,77,732212,19166,18557,39,18596,386
2020-09-05,San Luis Obispo,79,281455,3240,3083,15,3098,23
2020-09-05,San Mateo,81,765935,9128,8352,6,8358,124
2020-09-05,Santa Barbara,83,443738,8995,8404,59,8463,96
2020-09-05,Santa Clara,85,1922200,19519,18311,23,18334,207
2020-09-05,Santa Cruz,87,273765,2040,1904,19,1923,7
2020-09-05,Shasta,89,179085,655,544,3,547,10
2020-09-05,Sierra,91,2930,6,6,0,6,0
2020-09-05,Siskiyou,93,43540,144,131,9,140,0
2020-09-05,Solano,95,438530,5743,5579,41,5620,37
2020-09-05,Sonoma,97,501317,6528,6149,19,6168,85
2020-09-05,Stanislaus,99,539301,15713,15198,422,15620,236
2020-09-05,Sutter,101,95872,1507,1445,1,1446,11
2020-09-05,Tehama,103,63373,464,447,1,448,1
2020-09-05,Trinity,105,12862,24,13,4,17,0
2020-09-05,Tulare,107,460477,15055,14576,62,14638,249
2020-09-05,Tuolumne,109,53932,217,194,2,196,1
2020-09-05,Ventura,111,848112,11829,11254,106,11360,118
2020-09-05,Yolo,113,214977,2649,2534,5,2539,53
2020-09-05,Yuba,115,75493,959,902,3,905,1
2020-09-04,Alameda,1,1643700,19728,18843,143,18986,276
2020-09-04,Alpine,3,1148,3,2,0,2,0
2020-09-04,Amador,5,37829,276,274,0,274,16
2020-09-04,Butte,7,227075,2631,2325,17,2342,28
2020-09-04,Calaveras,9,45235,285,237,0,237,1
2020-09-04,Colusa,11,21464,486,467,0,467,6
2020-09-04,Contra Costa,13,1133247,15290,14355,65,14420,164
2020-09-04,Del Norte,15,27424,121,109,0,109,2
2020-09-04,El Dorado,17,186661,1044,992,0,992,2
2020-09-04,Fresno,19,978130,28587,26147,311,26458,321
2020-09-04,Glenn,21,27897,508,463,0,463,3
2020-09-04,Humboldt,23,135768,441,390,1,391,4
2020-09-04,Imperial,25,180216,11426,10136,7,10143,267
2020-09-04,Inyo,27,18085,184,169,0,169,2
2020-09-04,Kern,29,883053,30424,29526,259,29785,345
2020-09-04,Kings,31,150075,6875,6259,33,6292,66
2020-09-04,Lake,33,64148,397,347,0,347,2
2020-09-04,Lassen,35,31185,729,708,2,710,0
2020-09-04,Los Angeles,37,10098052,250174,246396,1496,247892,5977
2020-09-04,Madera,39,155013,4069,3838,26,3864,42
2020-09-04,Marin,41,260295,6369,6251,15,6266,66
2020-09-04,Mariposa,43,17540,74,72,0,72,2
2020-09-04,Mendocino,45,87422,710,646,0,646,16
2020-09-04,Merced,47,269075,8415,8214,10,8224,104
2020-09-04,Modoc,49,8938,23,15,0,15,0
2020-09-04,Mono,51,14174,164,145,1,146,1
2020-09-04,Monterey,53,433212,8709,8208,20,8228,56
2020-09-04,Napa,55,140530,1551,1475,3,1478,11
2020-09-04,Nevada,57,99092,481,455,13,468,6
2020-09-04,Orange,59,3164182,51340,48488,1284,49772,1031
2020-09-04,Placer,61,380077,3293,3101,12,3113,35
2020-09-04,Plumas,63,18699,44,42,0,42,0
2020-09-04,Riverside,65,2383286,54818,53606,53,53659,1066
2020-09-04,Sacramento,67,1510023,19707,18765,15,18780,337
2020-09-04,San Benito,69,59416,1215,1137,0,1137,4
2020-09-04,San Bernardino,71,2135413,50414,48497,48,48545,800
2020-09-04,San Diego,73,3302833,41925,39901,0,39901,701
2020-09-04,San Francisco,75,870044,10153,9694,18,9712,85
2020-09-04,San Joaquin,77,732212,19112,18438,39,18477,376
2020-09-04,San Luis Obispo,79,281455,3225,3049,14,3063,21
2020-09-04,San Mateo,81,765935,9084,8275,6,8281,122
2020-09-04,Santa Barbara,83,443738,8964,8340,59,8399,96
2020-09-04,Santa Clara,85,1922200,19411,18074,23,18097,209
2020-09-04,Santa Cruz,87,273765,2023,1896,18,1914,7
2020-09-04,Shasta,89,179085,652,536,3,539,10
2020-09-04,Sierra,91,2930,6,6,0,6,0
2020-09-04,Siskiyou,93,43540,144,129,9,138,0
2020-09-04,Solano,95,438530,5730,5552,41,5593,37
2020-09-04,Sonoma,97,501317,6463,6050,19,6069,85
2020-09-04,Stanislaus,99,539301,15678,15074,413,15487,233
2020-09-04,Sutter,101,95872,1491,1425,1,1426,11
2020-09-04,Tehama,103,63373,460,442,1,443,1
2020-09-04,Trinity,105,12862,24,13,4,17,0
2020-09-04,Tulare,107,460477,15027,14501,58,14559,247
2020-09-04,Tuolumne,109,53932,217,193,2,195,1
2020-09-04,Ventura,111,848112,11787,11171,106,11277,114
2020-09-04,Yolo,113,214977,2634,2495,5,2500,53
2020-09-04,Yuba,115,75493,954,884,3,887,1
2020-09-03,Alameda,1,1643700,19625,18687,143,18830,275
2020-09-03,Alpine,3,1148,3,2,0,2,0
2020-09-03,Amador,5,37829,276,274,0,274,16
2020-09-03,Butte,7,227075,2586,2274,17,2291,27
2020-09-03,Calaveras,9,45235,284,238,0,238,1
2020-09-03,Colusa,11,21464,484,464,0,464,6
2020-09-03,Contra Costa,13,1133247,15183,14206,62,14268,159
2020-09-03,Del Norte,15,27424,118,109,0,109,2
2020-09-03,El Dorado,17,186661,1040,983,0,983,2
2020-09-03,Fresno,19,978130,28469,25978,305,26283,313
2020-09-03,Glenn,21,27897,504,460,0,460,3
2020-09-03,Humboldt,23,135768,436,390,1,391,4
2020-09-03,Imperial,25,180216,11406,10083,7,10090,255
2020-09-03,Inyo,27,18085,182,171,0,171,3
2020-09-03,Kern,29,883053,30332,29426,244,29670,340
2020-09-03,Kings,31,150075,6795,6200,33,6233,64
2020-09-03,Lake,33,64148,388,347,0,347,2
2020-09-03,Lassen,35,31185,729,707,2,709,0
2020-09-03,Los Angeles,37,10098052,249298,245026,1474,246500,5931
2020-09-03,Madera,39,155013,4050,3780,26,3806,43
2020-09-03,Marin,41,260295,6350,6175,15,6190,66
2020-09-03,Mariposa,43,17540,74,71,0,71,2
2020-09-03,Mendocino,45,87422,701,638,0,638,16
2020-09-03,Merced,47,269075,8373,8136,10,8146,105
2020-09-03,Modoc,49,8938,23,14,0,14,0
2020-09-03,Mono,51,14174,163,144,1,145,1
2020-09-03,Monterey,53,433212,8655,8128,20,8148,56
2020-09-03,Napa,55,140530,1544,1466,3,1469,10
2020-09-03,Nevada,57,99092,478,453,13,466,6
2020-09-03,Orange,59,3164182,51153,48226,1268,49494,1009
2020-09-03,Placer,61,380077,3275,3069,12,3081,34
2020-09-03,Plumas,63,18699,44,39,0,39,0
2020-09-03,Riverside,65,2383286,54638,53341,49,53390,1052
2020-09-03,Sacramento,67,1510023,19579,18553,14,18567,328
2020-09-03,San Benito,69,59416,1204,1121,0,1121,4
2020-09-03,San Bernardino,71,2135413,50249,48165,48,48213,800
2020-09-03,San Diego,73,3302833,41610,39448,0,39448,700
2020-09-03,San Francisco,75,870044,10087,9636,16,9652,84
2020-09-03,San Joaquin,77,732212,19035,18331,39,18370,371
2020-09-03,San Luis Obispo,79,281455,3208,3023,14,3037,21
2020-09-03,San Mateo,81,765935,9010,8211,6,8217,122
2020-09-03,Santa Barbara,83,443738,8917,8277,59,8336,96
2020-09-03,Santa Clara,85,1922200,19231,17879,23,17902,208
2020-09-03,Santa Cruz,87,273765,2008,1870,18,1888,7
2020-09-03,Shasta,89,179085,647,535,3,538,10
2020-09-03,Sierra,91,2930,6,6,0,6,0
2020-09-03,Siskiyou,93,43540,144,128,9,137,0
2020-09-03,Solano,95,438530,5710,5499,40,5539,36
2020-09-03,Sonoma,97,501317,6401,5997,19,6016,62
2020-09-03,Stanislaus,99,539301,15626,14985,409,15394,217
2020-09-03,Sutter,101,95872,1481,1412,1,1413,11
2020-09-03,Tehama,103,63373,456,436,1,437,1
2020-09-03,Trinity,105,12862,23,13,4,17,0
2020-09-03,Tulare,107,460477,14961,14408,57,14465,244
2020-09-03,Tuolumne,109,53932,217,193,2,195,1
2020-09-03,Ventura,111,848112,11670,11109,103,11212,112
2020-09-03,Yolo,113,214977,2618,2475,5,2480,53
2020-09-03,Yuba,115,75493,947,867,3,870,1
2020-09-02,Alameda,1,1643700,19507,18522,140,18662,260
2020-09-02,Alpine,3,1148,3,2,0,2,0
2020-09-02,Amador,5,37829,276,245,0,245,14
2020-09-02,Butte,7,227075,2540,2241,17,2258,27
2020-09-02,Calaveras,9,45235,283,235,0,235,1
2020-09-02,Colusa,11,21464,480,460,0,460,6
2020-09-02,Contra Costa,13,1133247,15095,14097,59,14156,159
2020-09-02,Del Norte,15,27424,117,109,0,109,2
2020-09-02,El Dorado,17,186661,1036,975,0,975,2
2020-09-02,Fresno,19,978130,28322,25785,302,26087,292
2020-09-02,Glenn,21,27897,499,457,0,457,3
2020-09-02,Humboldt,23,135768,433,381,1,382,4
2020-09-02,Imperial,25,180216,11390,9832,7,9839,255
2020-09-02,Inyo,27,18085,182,171,0,171,3
2020-09-02,Kern,29,883053,30240,29288,238,29526,335
2020-09-02,Kings,31,150075,6710,6142,33,6175,64
2020-09-02,Lake,33,64148,384,342,0,342,2
2020-09-02,Lassen,35,31185,727,706,2,708,0
2020-09-02,Los Angeles,37,10098052,248356,243999,1447,245446,5887
2020-09-02,Madera,39,155013,4030,3735,26,3761,41
2020-09-02,Marin,41,260295,6335,6131,15,6146,66
2020-09-02,Mariposa,43,17540,74,71,0,71,2
2020-09-02,Mendocino,45,87422,691,636,0,636,15
2020-09-02,Merced,47,269075,8342,8097,9,8106,103
2020-09-02,Modoc,49,8938,22,11,0,11,0
2020-09-02,Mono,51,14174,163,145,1,146,1
2020-09-02,Monterey,53,433212,8591,8070,20,8090,56
2020-09-02,Napa,55,140530,1532,1454,3,1457,10
2020-09-02,Nevada,57,99092,472,452,12,464,6
2020-09-02,Orange,59,3164182,50971,47871,1259,49130,994
2020-09-02,Placer,61,380077,3250,3047,11,3058,33
2020-09-02,Plumas,63,18699,44,39,0,39,0
2020-09-02,Riverside,65,2383286,54436,52923,46,52969,1032
2020-09-02,Sacramento,67,1510023,19345,18355,14,18369,316
2020-09-02,San Benito,69,59416,1191,1107,0,1107,4
2020-09-02,San Bernardino,71,2135413,50086,47766,47,47813,794
2020-09-02,San Diego,73,3302833,41290,39123,0,39123,695
2020-09-02,San Francisco,75,870044,10018,9587,16,9603,84
2020-09-02,San Joaquin,77,732212,18954,18194,38,18232,352
2020-09-02,San Luis Obispo,79,281455,3182,3002,13,3015,21
2020-09-02,San Mateo,81,765935,8953,8148,6,8154,122
2020-09-02,Santa Barbara,83,443738,8862,8206,58,8264,94
2020-09-02,Santa Clara,85,1922200,19078,17673,23,17696,206
2020-09-02,Santa Cruz,87,273765,1985,1850,18,1868,7
2020-09-02,Shasta,89,179085,646,531,3,534,10
2020-09-02,Sierra,91,2930,6,6,0,6,0
2020-09-02,Siskiyou,93,43540,143,127,9,136,0
2020-09-02,Solano,95,438530,5682,5463,40,5503,36
2020-09-02,Sonoma,97,501317,6339,5846,19,5865,62
2020-09-02,Stanislaus,99,539301,15556,14854,402,15256,220
2020-09-02,Sutter,101,95872,1466,1401,1,1402,10
2020-09-02,Tehama,103,63373,453,429,1,430,1
2020-09-02,Trinity,105,12862,23,13,4,17,0
2020-09-02,Tulare,107,460477,14895,14298,56,14354,244
2020-09-02,Tuolumne,109,53932,217,190,2,192,1
2020-09-02,Ventura,111,848112,11583,11031,102,11133,111
2020-09-02,Yolo,113,214977,2597,2449,5,2454,54
2020-09-02,Yuba,115,75493,940,856,3,859,1
2020-09-01,Alameda,1,1643700,19367,18382,137,18519,248
2020-09-01,Alpine,3,1148,3,2,0,2,0
2020-09-01,Amador,5,37829,275,244,0,244,13
2020-09-01,Butte,7,227075,2484,2146,16,2162,26
2020-09-01,Calaveras,9,45235,275,228,0,228,1
2020-09-01,Colusa,11,21464,476,454,0,454,6
2020-09-01,Contra Costa,13,1133247,15001,13998,57,14055,158
2020-09-01,Del Norte,15,27424,116,108,0,108,2
2020-09-01,El Dorado,17,186661,1028,972,0,972,2
2020-09-01,Fresno,19,978130,28178,25542,298,25840,290
2020-09-01,Glenn,21,27897,492,449,0,449,3
2020-09-01,Humboldt,23,135768,427,378,1,379,4
2020-09-01,Imperial,25,180216,11364,9782,7,9789,250
2020-09-01,Inyo,27,18085,182,171,0,171,3
2020-09-01,Kern,29,883053,30150,29162,233,29395,332
2020-09-01,Kings,31,150075,6679,6088,33,6121,62
2020-09-01,Lake,33,64148,381,341,0,341,2
2020-09-01,Lassen,35,31185,724,706,2,708,0
2020-09-01,Los Angeles,37,10098052,247252,242633,1420,244053,5832
2020-09-01,Madera,39,155013,4001,3703,25,3728,41
2020-09-01,Marin,41,260295,6320,6102,15,6117,67
2020-09-01,Mariposa,43,17540,73,72,0,72,2
2020-09-01,Mendocino,45,87422,676,626,0,626,15
2020-09-01,Merced,47,269075,8289,8046,8,8054,103
2020-09-01,Modoc,49,8938,20,10,0,10,0
2020-09-01,Mono,51,14174,163,145,1,146,1
2020-09-01,Monterey,53,433212,8483,7926,20,7946,56
2020-09-01,Napa,55,140530,1517,1446,3,1449,10
2020-09-01,Nevada,57,99092,466,450,12,462,6
2020-09-01,Orange,59,3164182,50806,47671,1240,48911,976
2020-09-01,Placer,61,380077,3228,3013,11,3024,33
2020-09-01,Plumas,63,18699,44,39,0,39,0
2020-09-01,Riverside,65,2383286,54217,52785,45,52830,1027
2020-09-01,Sacramento,67,1510023,19161,18217,13,18230,305
2020-09-01,San Benito,69,59416,1179,1089,0,1089,4
2020-09-01,San Bernardino,71,2135413,49879,47371,47,47418,786
2020-09-01,San Diego,73,3302833,40932,38873,0,38873,688
2020-09-01,San Francisco,75,870044,9949,9492,16,9508,83
2020-09-01,San Joaquin,77,732212,18872,17915,37,17952,341
2020-09-01,San Luis Obispo,79,281455,3156,2970,13,2983,21
2020-09-01,San Mateo,81,765935,8873,8132,6,8138,122
2020-09-01,Santa Barbara,83,443738,8812,8142,57,8199,93
2020-09-01,Santa Clara,85,1922200,18900,17319,23,17342,204
2020-09-01,Santa Cruz,87,273765,1961,1752,18,1770,7
2020-09-01,Shasta,89,179085,638,527,3,530,9
2020-09-01,Sierra,91,2930,6,6,0,6,0
2020-09-01,Siskiyou,93,43540,140,128,8,136,0
2020-09-01,Solano,95,438530,5656,5438,40,5478,34
2020-09-01,Sonoma,97,501317,6249,5733,19,5752,60
2020-09-01,Stanislaus,99,539301,15481,14784,392,15176,212
2020-09-01,Sutter,101,95872,1455,1389,1,1390,10
2020-09-01,Tehama,103,63373,449,422,1,423,1
2020-09-01,Trinity,105,12862,23,13,4,17,0
2020-09-01,Tulare,107,460477,14813,14156,56,14212,241
2020-09-01,Tuolumne,109,53932,211,183,2,185,1
2020-09-01,Ventura,111,848112,11509,10899,96,10995,108
2020-09-01,Yolo,113,214977,2580,2440,5,2445,51
2020-09-01,Yuba,115,75493,931,841,3,844,1
2020-08-31,Alameda,1,1643700,19223,18148,137,18285,248
2020-08-31,Alpine,3,1148,3,2,0,2,0
2020-08-31,Amador,5,37829,275,243,0,243,13
2020-08-31,Butte,7,227075,2421,2069,16,2085,26
2020-08-31,Calaveras,9,45235,270,212,0,212,1
2020-08-31,Colusa,11,21464,475,443,0,443,6
2020-08-31,Contra Costa,13,1133247,14874,13902,54,13956,153
2020-08-31,Del Norte,15,27424,116,108,0,108,2
2020-08-31,El Dorado,17,186661,1021,965,0,965,2
2020-08-31,Fresno,19,978130,27959,25185,292,25477,290
2020-08-31,Glenn,21,27897,480,437,0,437,3
2020-08-31,Humboldt,23,135768,425,374,1,375,4
2020-08-31,Imperial,25,180216,11333,9759,7,9766,250
2020-08-31,Inyo,27,18085,181,160,0,160,3
2020-08-31,Kern,29,883053,30052,29067,232,29299,318
2020-08-31,Kings,31,150075,6411,6037,33,6070,62
2020-08-31,Lake,33,64148,365,341,0,341,2
2020-08-31,Lassen,35,31185,721,706,2,708,0
2020-08-31,Los Angeles,37,10098052,246138,241793,1392,243185,5787
2020-08-31,Madera,39,155013,3978,3662,24,3686,35
2020-08-31,Marin,41,260295,6283,6074,15,6089,67
2020-08-31,Mariposa,43,17540,73,69,0,69,2
2020-08-31,Mendocino,45,87422,664,618,0,618,15
2020-08-31,Merced,47,269075,8227,7991,8,7999,79
2020-08-31,Modoc,49,8938,18,10,0,10,0
2020-08-31,Mono,51,14174,163,145,1,146,1
2020-08-31,Monterey,53,433212,8376,7839,20,7859,56
2020-08-31,Napa,55,140530,1509,1434,3,1437,10
2020-08-31,Nevada,57,99092,464,447,12,459,6
2020-08-31,Orange,59,3164182,50608,47392,1211,48603,965
2020-08-31,Placer,61,380077,3177,2989,11,3000,33
2020-08-31,Plumas,63,18699,43,39,0,39,0
2020-08-31,Riverside,65,2383286,53997,52508,43,52551,1020
2020-08-31,Sacramento,67,1510023,18926,17999,13,18012,303
2020-08-31,San Benito,69,59416,1163,1080,0,1080,4
2020-08-31,San Bernardino,71,2135413,49669,47370,46,47416,755
2020-08-31,San Diego,73,3302833,40565,38606,0,38606,682
2020-08-31,San Francisco,75,870044,9870,9293,13,9306,83
2020-08-31,San Joaquin,77,732212,18785,17807,36,17843,338
2020-08-31,San Luis Obispo,79,281455,3133,2951,12,2963,21
2020-08-31,San Mateo,81,765935,8803,8065,6,8071,122
2020-08-31,Santa Barbara,83,443738,8765,8124,57,8181,94
2020-08-31,Santa Clara,85,1922200,18711,17211,23,17234,202
2020-08-31,Santa Cruz,87,273765,1936,1742,18,1760,7
2020-08-31,Shasta,89,179085,633,528,3,531,9
2020-08-31,Sierra,91,2930,6,6,0,6,0
2020-08-31,Siskiyou,93,43540,139,127,8,135,0
2020-08-31,Solano,95,438530,5624,5302,39,5341,34
2020-08-31,Sonoma,97,501317,6174,5650,19,5669,60
2020-08-31,Stanislaus,99,539301,15408,14685,382,15067,213
2020-08-31,Sutter,101,95872,1440,1365,1,1366,10
2020-08-31,Tehama,103,63373,446,421,1,422,1
2020-08-31,Trinity,105,12862,23,13,4,17,0
2020-08-31,Tulare,107,460477,14726,13985,55,14040,237
2020-08-31,Tuolumne,109,53932,211,178,2,180,1
2020-08-31,Ventura,111,848112,11426,10866,95,10961,108
2020-08-31,Yolo,113,214977,2562,2423,5,2428,51
2020-08-31,Yuba,115,75493,917,830,3,833,1
2020-08-30,Alameda,1,1643700,19099,18099,134,18233,248
2020-08-30,Alpine,3,1148,3,2,0,2,0
2020-08-30,Amador,5,37829,274,240,0,240,13
2020-08-30,Butte,7,227075,2341,1988,16,2004,26
2020-08-30,Calaveras,9,45235,261,211,0,211,1
2020-08-30,Colusa,11,21464,474,440,0,440,6
2020-08-30,Contra Costa,13,1133247,14735,13780,54,13834,150
2020-08-30,Del Norte,15,27424,115,108,0,108,2
2020-08-30,El Dorado,17,186661,1011,962,0,962,2
2020-08-30,Fresno,19,978130,27835,24963,291,25254,291
2020-08-30,Glenn,21,27897,473,437,0,437,3
2020-08-30,Humboldt,23,135768,414,362,1,363,4
2020-08-30,Imperial,25,180216,11314,9703,7,9710,250
2020-08-30,Inyo,27,18085,181,160,0,160,3
2020-08-30,Kern,29,883053,29959,28987,232,29219,317
2020-08-30,Kings,31,150075,6365,6000,33,6033,62
2020-08-30,Lake,33,64148,360,334,0,334,2
2020-08-30,Lassen,35,31185,719,706,2,708,0
2020-08-30,Los Angeles,37,10098052,244986,240775,1358,242133,5772
2020-08-30,Madera,39,155013,3949,3626,24,3650,33
2020-08-30,Marin,41,260295,6253,6060,15,6075,66
2020-08-30,Mariposa,43,17540,73,69,0,69,2
2020-08-30,Mendocino,45,87422,658,611,0,611,13
2020-08-30,Merced,47,269075,8152,7960,8,7968,79
2020-08-30,Modoc,49,8938,13,10,0,10,0
2020-08-30,Mono,51,14174,163,145,1,146,1
2020-08-30,Monterey,53,433212,8293,7816,20,7836,54
2020-08-30,Napa,55,140530,1497,1423,3,1426,10
2020-08-30,Nevada,57,99092,461,445,12,457,6
2020-08-30,Orange,59,3164182,50414,47283,1195,48478,965
2020-08-30,Placer,61,380077,3144,2961,11,2972,32
2020-08-30,Plumas,63,18699,42,39,0,39,0
2020-08-30,Riverside,65,2383286,53818,52227,41,52268,1017
2020-08-30,Sacramento,67,1510023,18746,17751,13,17764,300
2020-08-30,San Benito,69,59416,1153,1071,0,1071,4
2020-08-30,San Bernardino,71,2135413,49413,47201,46,47247,755
2020-08-30,San Diego,73,3302833,40167,38302,0,38302,682
2020-08-30,San Francisco,75,870044,9772,9294,10,9304,83
2020-08-30,San Joaquin,77,732212,18668,17637,35,17672,338
2020-08-30,San Luis Obispo,79,281455,3108,2934,12,2946,21
2020-08-30,San Mateo,81,765935,8726,8013,5,8018,122
2020-08-30,Santa Barbara,83,443738,8705,8088,57,8145,93
2020-08-30,Santa Clara,85,1922200,18535,17045,23,17068,202
2020-08-30,Santa Cruz,87,273765,1910,1743,18,1761,7
2020-08-30,Shasta,89,179085,630,525,3,528,9
2020-08-30,Sierra,91,2930,6,6,0,6,0
2020-08-30,Siskiyou,93,43540,137,125,8,133,0
2020-08-30,Solano,95,438530,5580,5303,39,5342,34
2020-08-30,Sonoma,97,501317,6116,5590,19,5609,60
2020-08-30,Stanislaus,99,539301,15337,14580,373,14953,209
2020-08-30,Sutter,101,95872,1418,1351,1,1352,10
2020-08-30,Tehama,103,63373,437,419,1,420,1
2020-08-30,Trinity,105,12862,23,13,4,17,0
2020-08-30,Tulare,107,460477,14631,13985,54,14039,236
2020-08-30,Tuolumne,109,53932,207,178,2,180,1
2020-08-30,Ventura,111,848112,11314,10775,90,10865,108
2020-08-30,Yolo,113,214977,2534,2391,4,2395,51
2020-08-30,Yuba,115,75493,903,832,3,835,1
2020-08-29,Alameda,1,1643700,19032,17888,134,18022,250
2020-08-29,Alpine,3,1148,3,2,0,2,0
2020-08-29,Amador,5,37829,274,239,0,239,13
2020-08-29,Butte,7,227075,2310,1948,16,1964,26
2020-08-29,Calaveras,9,45235,257,211,0,211,1
2020-08-29,Colusa,11,21464,471,440,0,440,6
2020-08-29,Contra Costa,13,1133247,14662,13663,53,13716,159
2020-08-29,Del Norte,15,27424,115,108,0,108,1
2020-08-29,El Dorado,17,186661,1008,958,0,958,2
2020-08-29,Fresno,19,978130,27780,24821,291,25112,291
2020-08-29,Glenn,21,27897,467,437,0,437,3
2020-08-29,Humboldt,23,135768,411,363,1,364,4
2020-08-29,Imperial,25,180216,11299,9698,7,9705,250
2020-08-29,Inyo,27,18085,181,160,0,160,3
2020-08-29,Kern,29,883053,29918,28947,231,29178,317
2020-08-29,Kings,31,150075,6350,5906,33,5939,62
2020-08-29,Lake,33,64148,359,329,0,329,2
2020-08-29,Lassen,35,31185,719,706,2,708,0
2020-08-29,Los Angeles,37,10098052,244331,239815,1345,241160,5762
2020-08-29,Madera,39,155013,3940,3605,23,3628,33
2020-08-29,Marin,41,260295,6241,6007,15,6022,64
2020-08-29,Mariposa,43,17540,73,69,0,69,2
2020-08-29,Mendocino,45,87422,653,596,0,596,13
2020-08-29,Merced,47,269075,8122,7867,8,7875,79
2020-08-29,Modoc,49,8938,13,9,0,9,0
2020-08-29,Mono,51,14174,163,145,1,146,1
2020-08-29,Monterey,53,433212,8248,7680,20,7700,53
2020-08-29,Napa,55,140530,1494,1413,3,1416,10
2020-08-29,Nevada,57,99092,461,442,12,454,5
2020-08-29,Orange,59,3164182,50308,47007,1184,48191,960
2020-08-29,Placer,61,380077,3128,2935,11,2946,32
2020-08-29,Plumas,63,18699,41,39,0,39,0
2020-08-29,Riverside,65,2383286,53707,51918,39,51957,1016
2020-08-29,Sacramento,67,1510023,18675,17588,13,17601,291
2020-08-29,San Benito,69,59416,1144,1045,0,1045,4
2020-08-29,San Bernardino,71,2135413,49299,46849,46,46895,755
2020-08-29,San Diego,73,3302833,39901,38049,0,38049,694
2020-08-29,San Francisco,75,870044,9744,9291,9,9300,83
2020-08-29,San Joaquin,77,732212,18624,17493,35,17528,335
2020-08-29,San Luis Obispo,79,281455,3084,2917,12,2929,21
2020-08-29,San Mateo,81,765935,8684,7928,5,7933,122
2020-08-29,Santa Barbara,83,443738,8679,8052,56,8108,93
2020-08-29,Santa Clara,85,1922200,18438,16898,22,16920,202
2020-08-29,Santa Cruz,87,273765,1898,1746,18,1764,7
2020-08-29,Shasta,89,179085,622,522,3,525,9
2020-08-29,Sierra,91,2930,6,6,0,6,0
2020-08-29,Siskiyou,93,43540,137,121,8,129,0
2020-08-29,Solano,95,438530,5559,5303,39,5342,34
2020-08-29,Sonoma,97,501317,6082,5537,19,5556,60
2020-08-29,Stanislaus,99,539301,15288,14479,363,14842,208
2020-08-29,Sutter,101,95872,1413,1333,1,1334,9
2020-08-29,Tehama,103,63373,436,417,1,418,1
2020-08-29,Trinity,105,12862,23,11,4,15,0
2020-08-29,Tulare,107,460477,14593,13890,53,13943,236
2020-08-29,Tuolumne,109,53932,207,178,2,180,1
2020-08-29,Ventura,111,848112,11274,10705,90,10795,108
2020-08-29,Yolo,113,214977,2516,2357,4,2361,51
2020-08-29,Yuba,115,75493,894,822,3,825,1
2020-08-28,Alameda,1,1643700,18949,17729,133,17862,237
2020-08-28,Alpine,3,1148,3,2,0,2,0
2020-08-28,Amador,5,37829,274,234,0,234,13
2020-08-28,Butte,7,227075,2280,1886,16,1902,25
2020-08-28,Calaveras,9,45235,255,207,0,207,1
2020-08-28,Colusa,11,21464,470,441,0,441,6
2020-08-28,Contra Costa,13,1133247,14591,13522,52,13574,158
2020-08-28,Del Norte,15,27424,115,107,0,107,1
2020-08-28,El Dorado,17,186661,1002,949,0,949,2
2020-08-28,Fresno,19,978130,27646,24612,291,24903,282
2020-08-28,Glenn,21,27897,460,429,0,429,3
2020-08-28,Humboldt,23,135768,407,362,1,363,4
2020-08-28,Imperial,25,180216,11285,9656,7,9663,241
2020-08-28,Inyo,27,18085,180,160,0,160,2
2020-08-28,Kern,29,883053,29871,28744,231,28975,306
2020-08-28,Kings,31,150075,6343,5829,32,5861,62
2020-08-28,Lake,33,64148,354,320,0,320,2
2020-08-28,Lassen,35,31185,719,704,2,706,0
2020-08-28,Los Angeles,37,10098052,243522,238544,1320,239864,5740
2020-08-28,Madera,39,155013,3921,3552,23,3575,33
2020-08-28,Marin,41,260295,6219,5991,15,6006,63
2020-08-28,Mariposa,43,17540,73,67,0,67,2
2020-08-28,Mendocino,45,87422,648,588,0,588,11
2020-08-28,Merced,47,269075,8092,7803,8,7811,77
2020-08-28,Modoc,49,8938,13,6,0,6,0
2020-08-28,Mono,51,14174,163,145,1,146,1
2020-08-28,Monterey,53,433212,8191,7591,20,7611,53
2020-08-28,Napa,55,140530,1486,1403,3,1406,10
2020-08-28,Nevada,57,99092,460,438,12,450,5
2020-08-28,Orange,59,3164182,50208,46696,1169,47865,942
2020-08-28,Placer,61,380077,3117,2891,11,2902,32
2020-08-28,Plumas,63,18699,41,39,0,39,0
2020-08-28,Riverside,65,2383286,53576,51510,36,51546,1008
2020-08-28,Sacramento,67,1510023,18577,17119,13,17132,283
2020-08-28,San Benito,69,59416,1128,1016,0,1016,3
2020-08-28,San Bernardino,71,2135413,49182,46553,46,46599,754
2020-08-28,San Diego,73,3302833,39671,37786,0,37786,676
2020-08-28,San Francisco,75,870044,9690,9135,9,9144,83
2020-08-28,San Joaquin,77,732212,18571,17114,34,17148,314
2020-08-28,San Luis Obispo,79,281455,3067,2849,12,2861,20
2020-08-28,San Mateo,81,765935,8637,7783,5,7788,121
2020-08-28,Santa Barbara,83,443738,8645,8001,56,8057,92
2020-08-28,Santa Clara,85,1922200,18307,16696,22,16718,201
2020-08-28,Santa Cruz,87,273765,1886,1747,18,1765,7
2020-08-28,Shasta,89,179085,618,516,3,519,9
2020-08-28,Sierra,91,2930,6,6,0,6,0
2020-08-28,Siskiyou,93,43540,135,119,8,127,0
2020-08-28,Solano,95,438530,5540,5219,39,5258,34
2020-08-28,Sonoma,97,501317,6047,5425,18,5443,58
2020-08-28,Stanislaus,99,539301,15246,14176,359,14535,190
2020-08-28,Sutter,101,95872,1403,1308,1,1309,9
2020-08-28,Tehama,103,63373,431,410,1,411,1
2020-08-28,Trinity,105,12862,23,11,4,15,0
2020-08-28,Tulare,107,460477,14547,13776,53,13829,236
2020-08-28,Tuolumne,109,53932,207,176,2,178,1
2020-08-28,Ventura,111,848112,11238,10606,88,10694,103
2020-08-28,Yolo,113,214977,2507,2323,4,2327,51
2020-08-28,Yuba,115,75493,885,810,3,813,1
2020-08-27,Alameda,1,1643700,18805,17584,130,17714,234
2020-08-27,Alpine,3,1148,3,2,0,2,0
2020-08-27,Amador,5,37829,273,233,0,233,13
2020-08-27,Butte,7,227075,2214,1803,15,1818,25
2020-08-27,Calaveras,9,45235,249,204,0,204,1
2020-08-27,Colusa,11,21464,468,438,0,438,6
2020-08-27,Contra Costa,13,1133247,14491,13379,51,13430,158
2020-08-27,Del Norte,15,27424,115,107,0,107,1
2020-08-27,El Dorado,17,186661,998,942,0,942,2
2020-08-27,Fresno,19,978130,27464,24367,287,24654,272
2020-08-27,Glenn,21,27897,452,429,0,429,3
2020-08-27,Humboldt,23,135768,399,358,1,359,4
2020-08-27,Imperial,25,180216,11258,9608,7,9615,235
2020-08-27,Inyo,27,18085,180,157,0,157,2
2020-08-27,Kern,29,883053,29799,28635,222,28857,294
2020-08-27,Kings,31,150075,6321,5759,32,5791,62
2020-08-27,Lake,33,64148,352,314,0,314,2
2020-08-27,Lassen,35,31185,719,703,2,705,0
2020-08-27,Los Angeles,37,10098052,242511,237103,1302,238405,5704
2020-08-27,Madera,39,155013,3895,3465,23,3488,33
2020-08-27,Marin,41,260295,6195,5929,15,5944,62
2020-08-27,Mariposa,43,17540,73,67,0,67,2
2020-08-27,Mendocino,45,87422,639,581,0,581,10
2020-08-27,Merced,47,269075,8048,7765,8,7773,75
2020-08-27,Modoc,49,8938,11,5,0,5,0
2020-08-27,Mono,51,14174,163,145,1,146,1
2020-08-27,Monterey,53,433212,8097,7501,20,7521,52
2020-08-27,Napa,55,140530,1480,1397,3,1400,10
2020-08-27,Nevada,57,99092,457,435,12,447,5
2020-08-27,Orange,59,3164182,50051,46449,1158,47607,935
2020-08-27,Placer,61,380077,3086,2869,11,2880,32
2020-08-27,Plumas,63,18699,40,39,0,39,0
2020-08-27,Riverside,65,2383286,53369,51306,33,51339,999
2020-08-27,Sacramento,67,1510023,18378,16875,13,16888,281
2020-08-27,San Benito,69,59416,1112,987,0,987,3
2020-08-27,San Bernardino,71,2135413,48956,46345,46,46391,751
2020-08-27,San Diego,73,3302833,39400,37501,0,37501,673
2020-08-27,San Francisco,75,870044,9624,9014,9,9023,83
2020-08-27,San Joaquin,77,732212,18491,16989,34,17023,314
2020-08-27,San Luis Obispo,79,281455,3042,2808,12,2820,20
2020-08-27,San Mateo,81,765935,8529,7728,5,7733,121
2020-08-27,Santa Barbara,83,443738,8607,7934,56,7990,92
2020-08-27,Santa Clara,85,1922200,18124,16495,22,16517,199
2020-08-27,Santa Cruz,87,273765,1869,1734,18,1752,7
2020-08-27,Shasta,89,179085,612,512,3,515,9
2020-08-27,Sierra,91,2930,6,6,0,6,0
2020-08-27,Siskiyou,93,43540,135,118,8,126,0
2020-08-27,Solano,95,438530,5502,5167,39,5206,34
2020-08-27,Sonoma,97,501317,5935,5357,18,5375,58
2020-08-27,Stanislaus,99,539301,15166,14080,355,14435,186
2020-08-27,Sutter,101,95872,1383,1296,1,1297,9
2020-08-27,Tehama,103,63373,426,398,1,399,1
2020-08-27,Trinity,105,12862,23,11,4,15,0
2020-08-27,Tulare,107,460477,14455,13666,52,13718,231
2020-08-27,Tuolumne,109,53932,202,174,2,176,1
2020-08-27,Ventura,111,848112,11175,10483,84,10567,102
2020-08-27,Yolo,113,214977,2483,2293,4,2297,51
2020-08-27,Yuba,115,75493,874,807,3,810,1
2020-08-26,Alameda,1,1643700,18644,17373,130,17503,233
2020-08-26,Alpine,3,1148,3,2,0,2,0
2020-08-26,Amador,5,37829,273,229,0,229,13
2020-08-26,Butte,7,227075,2147,1765,13,1778,25
2020-08-26,Calaveras,9,45235,241,201,0,201,1
2020-08-26,Colusa,11,21464,462,433,0,433,5
2020-08-26,Contra Costa,13,1133247,14353,13248,51,13299,157
2020-08-26,Del Norte,15,27424,114,86,0,86,1
2020-08-26,El Dorado,17,186661,996,938,0,938,2
2020-08-26,Fresno,19,978130,27316,24071,285,24356,255
2020-08-26,Glenn,21,27897,450,429,0,429,3
2020-08-26,Humboldt,23,135768,387,357,1,358,4
2020-08-26,Imperial,25,180216,11236,9453,7,9460,227
2020-08-26,Inyo,27,18085,177,157,0,157,2
2020-08-26,Kern,29,883053,29661,28507,218,28725,286
2020-08-26,Kings,31,150075,6301,5720,32,5752,62
2020-08-26,Lake,33,64148,348,308,0,308,2
2020-08-26,Lassen,35,31185,719,702,2,704,0
2020-08-26,Los Angeles,37,10098052,241477,235499,1269,236768,5665
2020-08-26,Madera,39,155013,3866,3458,23,3481,32
2020-08-26,Marin,41,260295,6178,5887,15,5902,56
2020-08-26,Mariposa,43,17540,73,68,0,68,2
2020-08-26,Mendocino,45,87422,628,581,0,581,10
2020-08-26,Merced,47,269075,8015,7720,8,7728,74
2020-08-26,Modoc,49,8938,8,5,0,5,0
2020-08-26,Mono,51,14174,163,141,1,142,1
2020-08-26,Monterey,53,433212,8004,7439,20,7459,51
2020-08-26,Napa,55,140530,1467,1382,3,1385,10
2020-08-26,Nevada,57,99092,454,432,12,444,2
2020-08-26,Orange,59,3164182,49867,46157,1143,47300,905
2020-08-26,Placer,61,380077,3064,2846,9,2855,32
2020-08-26,Plumas,63,18699,39,39,0,39,0
2020-08-26,Riverside,65,2383286,53127,51138,33,51171,987
2020-08-26,Sacramento,67,1510023,18215,16708,13,16721,271
2020-08-26,San Benito,69,59416,1097,978,0,978,3
2020-08-26,San Bernardino,71,2135413,48747,45840,46,45886,743
2020-08-26,San Diego,73,3302833,39062,37224,0,37224,668
2020-08-26,San Francisco,75,870044,9549,8938,9,8947,81
2020-08-26,San Joaquin,77,732212,18402,16845,33,16878,309
2020-08-26,San Luis Obispo,79,281455,3014,2761,12,2773,20
2020-08-26,San Mateo,81,765935,8462,7655,5,7660,121
2020-08-26,Santa Barbara,83,443738,8574,7904,56,7960,90
2020-08-26,Santa Clara,85,1922200,17947,16283,22,16305,198
2020-08-26,Santa Cruz,87,273765,1858,1726,18,1744,7
2020-08-26,Shasta,89,179085,607,511,3,514,9
2020-08-26,Sierra,91,2930,6,6,0,6,0
2020-08-26,Siskiyou,93,43540,132,109,8,117,0
2020-08-26,Solano,95,438530,5478,5131,38,5169,34
2020-08-26,Sonoma,97,501317,5861,5283,18,5301,58
2020-08-26,Stanislaus,99,539301,15089,13964,349,14313,186
2020-08-26,Sutter,101,95872,1365,1275,1,1276,9
2020-08-26,Tehama,103,63373,423,396,1,397,1
2020-08-26,Trinity,105,12862,23,10,4,14,0
2020-08-26,Tulare,107,460477,14388,13568,52,13620,232
2020-08-26,Tuolumne,109,53932,201,172,2,174,1
2020-08-26,Ventura,111,848112,11104,10412,77,10489,100
2020-08-26,Yolo,113,214977,2460,2279,4,2283,49
2020-08-26,Yuba,115,75493,859,779,3,782,1
2020-08-25,Alameda,1,1643700,18487,17278,130,17408,232
2020-08-25,Alpine,3,1148,3,2,0,2,0
2020-08-25,Amador,5,37829,273,227,0,227,13
2020-08-25,Butte,7,227075,2080,1718,13,1731,24
2020-08-25,Calaveras,9,45235,239,196,0,196,1
2020-08-25,Colusa,11,21464,455,430,0,430,5
2020-08-25,Contra Costa,13,1133247,14215,13181,50,13231,156
2020-08-25,Del Norte,15,27424,113,83,0,83,1
2020-08-25,El Dorado,17,186661,993,928,0,928,2
2020-08-25,Fresno,19,978130,27127,23932,284,24216,250
2020-08-25,Glenn,21,27897,447,429,0,429,3
2020-08-25,Humboldt,23,135768,382,342,1,343,4
2020-08-25,Imperial,25,180216,11208,9381,7,9388,217
2020-08-25,Inyo,27,18085,175,144,0,144,1
2020-08-25,Kern,29,883053,29524,28416,218,28634,285
2020-08-25,Kings,31,150075,6144,5702,32,5734,59
2020-08-25,Lake,33,64148,343,304,0,304,2
2020-08-25,Lassen,35,31185,718,692,2,694,0
2020-08-25,Los Angeles,37,10098052,240155,233961,1222,235183,5612
2020-08-25,Madera,39,155013,3851,3446,22,3468,32
2020-08-25,Marin,41,260295,6140,5860,15,5875,56
2020-08-25,Mariposa,43,17540,73,67,0,67,2
2020-08-25,Mendocino,45,87422,620,571,0,571,10
2020-08-25,Merced,47,269075,7948,7693,7,7700,69
2020-08-25,Modoc,49,8938,8,5,0,5,0
2020-08-25,Mono,51,14174,163,129,1,130,1
2020-08-25,Monterey,53,433212,7924,7333,20,7353,51
2020-08-25,Napa,55,140530,1460,1374,3,1377,10
2020-08-25,Nevada,57,99092,451,430,12,442,2
2020-08-25,Orange,59,3164182,49673,45737,1126,46863,902
2020-08-25,Placer,61,380077,3045,2829,6,2835,31
2020-08-25,Plumas,63,18699,39,39,0,39,0
2020-08-25,Riverside,65,2383286,52898,50889,33,50922,981
2020-08-25,Sacramento,67,1510023,18063,16601,13,16614,265
2020-08-25,San Benito,69,59416,1081,973,0,973,3
2020-08-25,San Bernardino,71,2135413,48512,45544,46,45590,727
2020-08-25,San Diego,73,3302833,38783,36996,0,36996,665
2020-08-25,San Francisco,75,870044,9472,8848,9,8857,81
2020-08-25,San Joaquin,77,732212,18275,16795,33,16828,306
2020-08-25,San Luis Obispo,79,281455,2956,2731,10,2741,20
2020-08-25,San Mateo,81,765935,8402,7636,5,7641,120
2020-08-25,Santa Barbara,83,443738,8522,7854,56,7910,90
2020-08-25,Santa Clara,85,1922200,17775,16199,22,16221,194
2020-08-25,Santa Cruz,87,273765,1839,1708,18,1726,7
2020-08-25,Shasta,89,179085,603,511,3,514,9
2020-08-25,Sierra,91,2930,6,6,0,6,0
2020-08-25,Siskiyou,93,43540,131,109,8,117,0
2020-08-25,Solano,95,438530,5417,5114,38,5152,34
2020-08-25,Sonoma,97,501317,5776,5148,18,5166,56
2020-08-25,Stanislaus,99,539301,14981,13886,338,14224,182
2020-08-25,Sutter,101,95872,1348,1259,1,1260,9
2020-08-25,Tehama,103,63373,420,394,1,395,1
2020-08-25,Trinity,105,12862,21,10,4,14,0
2020-08-25,Tulare,107,460477,14285,13514,51,13565,224
2020-08-25,Tuolumne,109,53932,199,172,2,174,1
2020-08-25,Ventura,111,848112,11019,10313,72,10385,99
2020-08-25,Yolo,113,214977,2447,2254,4,2258,50
2020-08-25,Yuba,115,75493,849,775,3,778,1
2020-08-24,Alameda,1,1643700,18293,16913,129,17042,231
2020-08-24,Alpine,3,1148,3,2,0,2,0
2020-08-24,Amador,5,37829,271,227,0,227,13
2020-08-24,Butte,7,227075,1996,1649,13,1662,23
2020-08-24,Calaveras,9,45235,229,187,0,187,1
2020-08-24,Colusa,11,21464,451,425,0,425,5
2020-08-24,Contra Costa,13,1133247,14099,12906,48,12954,153
2020-08-24,Del Norte,15,27424,113,80,0,80,1
2020-08-24,El Dorado,17,186661,985,908,0,908,2
2020-08-24,Fresno,19,978130,26942,23618,277,23895,235
2020-08-24,Glenn,21,27897,445,421,0,421,2
2020-08-24,Humboldt,23,135768,378,340,1,341,4
2020-08-24,Imperial,25,180216,11174,9323,7,9330,210
2020-08-24,Inyo,27,18085,171,144,0,144,2
2020-08-24,Kern,29,883053,29427,28157,212,28369,277
2020-08-24,Kings,31,150075,6056,5652,32,5684,60
2020-08-24,Lake,33,64148,329,302,0,302,2
2020-08-24,Lassen,35,31185,718,693,2,695,0
2020-08-24,Los Angeles,37,10098052,238790,233036,1200,234236,5562
2020-08-24,Madera,39,155013,3824,3418,22,3440,32
2020-08-24,Marin,41,260295,6077,5834,15,5849,56
2020-08-24,Mariposa,43,17540,71,66,0,66,2
2020-08-24,Mendocino,45,87422,605,550,0,550,10
2020-08-24,Merced,47,269075,7870,7605,7,7612,69
2020-08-24,Modoc,49,8938,8,5,0,5,0
2020-08-24,Mono,51,14174,163,129,1,130,1
2020-08-24,Monterey,53,433212,7815,7212,19,7231,50
2020-08-24,Napa,55,140530,1447,1358,3,1361,10
2020-08-24,Nevada,57,99092,446,423,12,435,2
2020-08-24,Orange,59,3164182,49482,45536,1115,46651,887
2020-08-24,Placer,61,380077,2999,2793,6,2799,31
2020-08-24,Plumas,63,18699,39,37,0,37,0
2020-08-24,Riverside,65,2383286,52621,50496,33,50529,975
2020-08-24,Sacramento,67,1510023,17865,16318,13,16331,249
2020-08-24,San Benito,69,59416,1060,961,0,961,3
2020-08-24,San Bernardino,71,2135413,48248,45199,45,45244,720
2020-08-24,San Diego,73,3302833,38496,36729,0,36729,660
2020-08-24,San Francisco,75,870044,9389,8621,9,8630,81
2020-08-24,San Joaquin,77,732212,18134,16565,32,16597,305
2020-08-24,San Luis Obispo,79,281455,2928,2705,10,2715,20
2020-08-24,San Mateo,81,765935,8335,7502,5,7507,120
2020-08-24,Santa Barbara,83,443738,8481,7784,56,7840,90
2020-08-24,Santa Clara,85,1922200,17571,16049,22,16071,192
2020-08-24,Santa Cruz,87,273765,1819,1627,17,1644,6
2020-08-24,Shasta,89,179085,601,505,3,508,9
2020-08-24,Sierra,91,2930,6,6,0,6,0
2020-08-24,Siskiyou,93,43540,127,107,8,115,0
2020-08-24,Solano,95,438530,5368,4979,36,5015,32
2020-08-24,Sonoma,97,501317,5674,5071,18,5089,56
2020-08-24,Stanislaus,99,539301,14883,13521,323,13844,171
2020-08-24,Sutter,101,95872,1329,1219,1,1220,9
2020-08-24,Tehama,103,63373,415,388,1,389,1
2020-08-24,Trinity,105,12862,21,10,4,14,0
2020-08-24,Tulare,107,460477,14178,13360,50,13410,223
2020-08-24,Tuolumne,109,53932,198,170,2,172,1
2020-08-24,Ventura,111,848112,10939,10261,69,10330,99
2020-08-24,Yolo,113,214977,2412,2239,4,2243,47
2020-08-24,Yuba,115,75493,832,750,3,753,1
2020-08-23,Alameda,1,1643700,18070,16786,129,16915,231
2020-08-23,Alpine,3,1148,3,2,0,2,0
2020-08-23,Amador,5,37829,268,227,0,227,13
2020-08-23,Butte,7,227075,1882,1637,13,1650,23
2020-08-23,Calaveras,9,45235,219,187,0,187,1
2020-08-23,Colusa,11,21464,444,424,0,424,5
2020-08-23,Contra Costa,13,1133247,13939,12642,48,12690,153
2020-08-23,Del Norte,15,27424,113,80,0,80,1
2020-08-23,El Dorado,17,186661,972,901,0,901,2
2020-08-23,Fresno,19,978130,26740,23414,272,23686,235
2020-08-23,Glenn,21,27897,438,421,0,421,2
2020-08-23,Humboldt,23,135768,376,341,1,342,4
2020-08-23,Imperial,25,180216,11146,9243,7,9250,210
2020-08-23,Inyo,27,18085,168,144,0,144,2
2020-08-23,Kern,29,883053,29279,28028,206,28234,277
2020-08-23,Kings,31,150075,6014,5628,32,5660,60
2020-08-23,Lake,33,64148,325,299,0,299,2
2020-08-23,Lassen,35,31185,717,693,2,695,0
2020-08-23,Los Angeles,37,10098052,237192,231833,1123,232956,5549
2020-08-23,Madera,39,155013,3792,3401,21,3422,32
2020-08-23,Marin,41,260295,6037,5807,14,5821,50
2020-08-23,Mariposa,43,17540,71,66,0,66,2
2020-08-23,Mendocino,45,87422,601,550,0,550,10
2020-08-23,Merced,47,269075,7801,7574,6,7580,69
2020-08-23,Modoc,49,8938,7,5,0,5,0
2020-08-23,Mono,51,14174,163,129,1,130,1
2020-08-23,Monterey,53,433212,7725,7173,19,7192,50
2020-08-23,Napa,55,140530,1435,1348,3,1351,10
2020-08-23,Nevada,57,99092,441,421,12,433,2
2020-08-23,Orange,59,3164182,49246,45267,1102,46369,887
2020-08-23,Placer,61,380077,2960,2772,6,2778,31
2020-08-23,Plumas,63,18699,39,37,0,37,0
2020-08-23,Riverside,65,2383286,52352,50293,31,50324,955
2020-08-23,Sacramento,67,1510023,17641,16084,12,16096,243
2020-08-23,San Benito,69,59416,1047,938,0,938,3
2020-08-23,San Bernardino,71,2135413,47979,45010,45,45055,719
2020-08-23,San Diego,73,3302833,38175,36542,0,36542,660
2020-08-23,San Francisco,75,870044,9294,8564,8,8572,80
2020-08-23,San Joaquin,77,732212,18001,16069,31,16100,305
2020-08-23,San Luis Obispo,79,281455,2886,2679,10,2689,20
2020-08-23,San Mateo,81,765935,8240,7450,5,7455,120
2020-08-23,Santa Barbara,83,443738,8413,7725,56,7781,90
2020-08-23,Santa Clara,85,1922200,17377,15912,20,15932,191
2020-08-23,Santa Cruz,87,273765,1793,1627,17,1644,6
2020-08-23,Shasta,89,179085,596,501,3,504,9
2020-08-23,Sierra,91,2930,6,6,0,6,0
2020-08-23,Siskiyou,93,43540,122,107,8,115,0
2020-08-23,Solano,95,438530,5310,4977,34,5011,32
2020-08-23,Sonoma,97,501317,5586,5018,18,5036,56
2020-08-23,Stanislaus,99,539301,14749,13483,299,13782,171
2020-08-23,Sutter,101,95872,1307,1203,1,1204,9
2020-08-23,Tehama,103,63373,405,381,1,382,1
2020-08-23,Trinity,105,12862,21,10,4,14,0
2020-08-23,Tulare,107,460477,14047,13303,46,13349,223
2020-08-23,Tuolumne,109,53932,194,164,2,166,1
2020-08-23,Ventura,111,848112,10839,10126,64,10190,99
2020-08-23,Yolo,113,214977,2384,2210,4,2214,47
2020-08-23,Yuba,115,75493,811,750,3,753,1
2020-08-22,Alameda,1,1643700,17976,16648,128,16776,231
2020-08-22,Alpine,3,1148,3,2,0,2,0
2020-08-22,Amador,5,37829,267,224,0,224,13
2020-08-22,Butte,7,227075,1832,1618,13,1631,22
2020-08-22,Calaveras,9,45235,216,187,0,187,1
2020-08-22,Colusa,11,21464,440,419,0,419,5
2020-08-22,Contra Costa,13,1133247,13852,12522,48,12570,153
2020-08-22,Del Norte,15,27424,112,80,0,80,1
2020-08-22,El Dorado,17,186661,970,900,0,900,2
2020-08-22,Fresno,19,978130,26643,23197,271,23468,235
2020-08-22,Glenn,21,27897,437,421,0,421,2
2020-08-22,Humboldt,23,135768,366,334,1,335,4
2020-08-22,Imperial,25,180216,11138,9244,7,9251,210
2020-08-22,Inyo,27,18085,168,144,0,144,1
2020-08-22,Kern,29,883053,29225,27807,206,28013,277
2020-08-22,Kings,31,150075,6005,5447,32,5479,60
2020-08-22,Lake,33,64148,323,291,0,291,2
2020-08-22,Lassen,35,31185,717,693,2,695,0
2020-08-22,Los Angeles,37,10098052,236535,230858,1104,231962,5540
2020-08-22,Madera,39,155013,3773,3330,21,3351,32
2020-08-22,Marin,41,260295,6025,5789,14,5803,49
2020-08-22,Mariposa,43,17540,71,66,0,66,2
2020-08-22,Mendocino,45,87422,598,529,0,529,10
2020-08-22,Merced,47,269075,7773,7493,6,7499,69
2020-08-22,Modoc,49,8938,7,5,0,5,0
2020-08-22,Mono,51,14174,163,129,1,130,1
2020-08-22,Monterey,53,433212,7677,7081,19,7100,50
2020-08-22,Napa,55,140530,1430,1328,3,1331,11
2020-08-22,Nevada,57,99092,441,411,12,423,2
2020-08-22,Orange,59,3164182,49104,45131,1096,46227,885
2020-08-22,Placer,61,380077,2946,2734,6,2740,30
2020-08-22,Plumas,63,18699,39,37,0,37,0
2020-08-22,Riverside,65,2383286,52203,49944,30,49974,953
2020-08-22,Sacramento,67,1510023,17530,15516,12,15528,239
2020-08-22,San Benito,69,59416,1031,912,0,912,3
2020-08-22,San Bernardino,71,2135413,47850,44803,44,44847,719
2020-08-22,San Diego,73,3302833,37993,36205,0,36205,673
2020-08-22,San Francisco,75,870044,9234,8568,8,8576,80
2020-08-22,San Joaquin,77,732212,17945,16068,31,16099,305
2020-08-22,San Luis Obispo,79,281455,2861,2660,10,2670,20
2020-08-22,San Mateo,81,765935,8193,7361,5,7366,120
2020-08-22,Santa Barbara,83,443738,8387,7685,56,7741,90
2020-08-22,Santa Clara,85,1922200,17270,15590,20,15610,190
2020-08-22,Santa Cruz,87,273765,1777,1628,16,1644,6
2020-08-22,Shasta,89,179085,594,493,3,496,9
2020-08-22,Sierra,91,2930,6,6,0,6,0
2020-08-22,Siskiyou,93,43540,122,106,8,114,0
2020-08-22,Solano,95,438530,5280,4944,33,4977,32
2020-08-22,Sonoma,97,501317,5540,4891,18,4909,57
2020-08-22,Stanislaus,99,539301,14701,13380,280,13660,170
2020-08-22,Sutter,101,95872,1300,1189,1,1190,8
2020-08-22,Tehama,103,63373,404,368,1,369,1
2020-08-22,Trinity,105,12862,21,8,4,12,0
2020-08-22,Tulare,107,460477,13980,13196,46,13242,222
2020-08-22,Tuolumne,109,53932,192,162,2,164,1
2020-08-22,Ventura,111,848112,10784,9959,62,10021,99
2020-08-22,Yolo,113,214977,2368,2188,4,2192,47
2020-08-22,Yuba,115,75493,799,738,3,741,1
2020-08-21,Alameda,1,1643700,17885,16413,128,16541,232
2020-08-21,Alpine,3,1148,3,2,0,2,0
2020-08-21,Amador,5,37829,266,223,0,223,11
2020-08-21,Butte,7,227075,1793,1582,13,1595,19
2020-08-21,Calaveras,9,45235,216,182,0,182,1
2020-08-21,Colusa,11,21464,438,418,0,418,5
2020-08-21,Contra Costa,13,1133247,13762,12333,47,12380,149
2020-08-21,Del Norte,15,27424,112,78,0,78,1
2020-08-21,El Dorado,17,186661,966,885,0,885,2
2020-08-21,Fresno,19,978130,26473,22840,270,23110,232
2020-08-21,Glenn,21,27897,433,418,0,418,2
2020-08-21,Humboldt,23,135768,363,331,1,332,4
2020-08-21,Imperial,25,180216,11122,9166,7,9173,204
2020-08-21,Inyo,27,18085,168,144,0,144,1
2020-08-21,Kern,29,883053,29166,27567,204,27771,269
2020-08-21,Kings,31,150075,5983,5391,32,5423,60
2020-08-21,Lake,33,64148,321,281,0,281,2
2020-08-21,Lassen,35,31185,717,693,2,695,0
2020-08-21,Los Angeles,37,10098052,235659,229235,1082,230317,5494
2020-08-21,Madera,39,155013,3743,3271,21,3292,31
2020-08-21,Marin,41,260295,6005,5762,14,5776,49
2020-08-21,Mariposa,43,17540,71,66,0,66,2
2020-08-21,Mendocino,45,87422,588,505,0,505,10
2020-08-21,Merced,47,269075,7744,7357,6,7363,69
2020-08-21,Modoc,49,8938,7,5,0,5,0
2020-08-21,Mono,51,14174,163,128,1,129,1
2020-08-21,Monterey,53,433212,7605,6974,19,6993,49
2020-08-21,Napa,55,140530,1421,1317,3,1320,10
2020-08-21,Nevada,57,99092,440,406,12,418,2
2020-08-21,Orange,59,3164182,48963,44625,1088,45713,875
2020-08-21,Placer,61,380077,2930,2698,5,2703,30
2020-08-21,Plumas,63,18699,39,36,0,36,0
2020-08-21,Riverside,65,2383286,52010,49409,30,49439,932
2020-08-21,Sacramento,67,1510023,17407,15247,12,15259,237
2020-08-21,San Benito,69,59416,1021,891,0,891,3
2020-08-21,San Bernardino,71,2135413,47730,44249,44,44293,668
2020-08-21,San Diego,73,3302833,37789,35914,0,35914,652
2020-08-21,San Francisco,75,870044,9184,8375,8,8383,80
2020-08-21,San Joaquin,77,732212,17862,15888,29,15917,301
2020-08-21,San Luis Obispo,79,281455,2838,2640,10,2650,19
2020-08-21,San Mateo,81,765935,8135,7253,5,7258,120
2020-08-21,Santa Barbara,83,443738,8346,7645,56,7701,86
2020-08-21,Santa Clara,85,1922200,17118,15399,20,15419,190
2020-08-21,Santa Cruz,87,273765,1765,1617,16,1633,6
2020-08-21,Shasta,89,179085,594,486,3,489,9
2020-08-21,Sierra,91,2930,6,6,0,6,0
2020-08-21,Siskiyou,93,43540,122,103,6,109,0
2020-08-21,Solano,95,438530,5257,4891,32,4923,32
2020-08-21,Sonoma,97,501317,5470,4816,18,4834,57
2020-08-21,Stanislaus,99,539301,14632,13282,265,13547,161
2020-08-21,Sutter,101,95872,1287,1173,1,1174,8
2020-08-21,Tehama,103,63373,402,357,1,358,1
2020-08-21,Trinity,105,12862,21,8,4,12,0
2020-08-21,Tulare,107,460477,13908,13002,45,13047,217
2020-08-21,Tuolumne,109,53932,184,161,2,163,1
2020-08-21,Ventura,111,848112,10720,9865,60,9925,98
2020-08-21,Yolo,113,214977,2353,2164,4,2168,46
2020-08-21,Yuba,115,75493,795,717,3,720,1
2020-08-20,Alameda,1,1643700,17726,16174,128,16302,229
2020-08-20,Alpine,3,1148,3,2,0,2,0
2020-08-20,Amador,5,37829,264,222,0,222,11
2020-08-20,Butte,7,227075,1742,1549,13,1562,18
2020-08-20,Calaveras,9,45235,213,179,0,179,1
2020-08-20,Colusa,11,21464,436,415,0,415,5
2020-08-20,Contra Costa,13,1133247,13634,12108,46,12154,144
2020-08-20,Del Norte,15,27424,112,78,0,78,1
2020-08-20,El Dorado,17,186661,962,881,0,881,2
2020-08-20,Fresno,19,978130,26291,22535,265,22800,228
2020-08-20,Glenn,21,27897,428,414,0,414,2
2020-08-20,Humboldt,23,135768,358,318,1,319,4
2020-08-20,Imperial,25,180216,11103,9086,7,9093,196
2020-08-20,Inyo,27,18085,167,144,0,144,1
2020-08-20,Kern,29,883053,28998,27337,193,27530,267
2020-08-20,Kings,31,150075,5943,5347,31,5378,59
2020-08-20,Lake,33,64148,316,280,0,280,2
2020-08-20,Lassen,35,31185,716,693,2,695,0
2020-08-20,Los Angeles,37,10098052,234424,227492,1063,228555,5445
2020-08-20,Madera,39,155013,3717,3197,21,3218,31
2020-08-20,Marin,41,260295,5987,5745,14,5759,47
2020-08-20,Mariposa,43,17540,71,67,0,67,2
2020-08-20,Mendocino,45,87422,577,497,0,497,10
2020-08-20,Merced,47,269075,7669,7173,6,7179,68
2020-08-20,Modoc,49,8938,7,5,0,5,0
2020-08-20,Mono,51,14174,163,128,1,129,1
2020-08-20,Monterey,53,433212,7534,6892,19,6911,47
2020-08-20,Napa,55,140530,1413,1306,3,1309,10
2020-08-20,Nevada,57,99092,439,401,12,413,2
2020-08-20,Orange,59,3164182,48736,44299,1077,45376,849
2020-08-20,Placer,61,380077,2914,2681,5,2686,30
2020-08-20,Plumas,63,18699,39,36,0,36,0
2020-08-20,Riverside,65,2383286,51793,48953,29,48982,927
2020-08-20,Sacramento,67,1510023,17164,14992,12,15004,231
2020-08-20,San Benito,69,59416,1008,866,0,866,3
2020-08-20,San Bernardino,71,2135413,47473,43627,44,43671,665
2020-08-20,San Diego,73,3302833,37569,35610,0,35610,644
2020-08-20,San Francisco,75,870044,9098,8262,8,8270,72
2020-08-20,San Joaquin,77,732212,17769,15778,29,15807,297
2020-08-20,San Luis Obispo,79,281455,2818,2590,10,2600,19
2020-08-20,San Mateo,81,765935,8069,7188,5,7193,120
2020-08-20,Santa Barbara,83,443738,8308,7571,56,7627,81
2020-08-20,Santa Clara,85,1922200,16947,15162,20,15182,190
2020-08-20,Santa Cruz,87,273765,1752,1581,16,1597,6
2020-08-20,Shasta,89,179085,593,478,3,481,9
2020-08-20,Sierra,91,2930,6,6,0,6,0
2020-08-20,Siskiyou,93,43540,121,102,1,103,0
2020-08-20,Solano,95,438530,5213,4843,32,4875,31
2020-08-20,Sonoma,97,501317,5398,4737,18,4755,54
2020-08-20,Stanislaus,99,539301,14536,13120,256,13376,161
2020-08-20,Sutter,101,95872,1263,1158,1,1159,8
2020-08-20,Tehama,103,63373,396,350,1,351,1
2020-08-20,Trinity,105,12862,21,8,4,12,0
2020-08-20,Tulare,107,460477,13800,12907,44,12951,217
2020-08-20,Tuolumne,109,53932,180,159,2,161,1
2020-08-20,Ventura,111,848112,10607,9744,59,9803,93
2020-08-20,Yolo,113,214977,2331,2150,4,2154,47
2020-08-20,Yuba,115,75493,778,709,3,712,1
2020-08-19,Alameda,1,1643700,17568,15874,127,16001,226
2020-08-19,Alpine,3,1148,3,2,0,2,0
2020-08-19,Amador,5,37829,263,219,0,219,9
2020-08-19,Butte,7,227075,1699,1517,13,1530,16
2020-08-19,Calaveras,9,45235,210,177,0,177,1
2020-08-19,Colusa,11,21464,435,415,0,415,5
2020-08-19,Contra Costa,13,1133247,13522,11895,44,11939,142
2020-08-19,Del Norte,15,27424,112,78,0,78,1
2020-08-19,El Dorado,17,186661,956,870,0,870,2
2020-08-19,Fresno,19,978130,26101,22167,257,22424,221
2020-08-19,Glenn,21,27897,426,414,0,414,2
2020-08-19,Humboldt,23,135768,355,316,1,317,4
2020-08-19,Imperial,25,180216,11075,9041,7,9048,192
2020-08-19,Inyo,27,18085,165,140,0,140,1
2020-08-19,Kern,29,883053,28881,27142,189,27331,263
2020-08-19,Kings,31,150075,5771,5301,31,5332,59
2020-08-19,Lake,33,64148,313,277,0,277,2
2020-08-19,Lassen,35,31185,708,693,2,695,0
2020-08-19,Los Angeles,37,10098052,233142,226006,1023,227029,5399
2020-08-19,Madera,39,155013,3683,3158,19,3177,30
2020-08-19,Marin,41,260295,5963,5723,13,5736,46
2020-08-19,Mariposa,43,17540,71,64,0,64,2
2020-08-19,Mendocino,45,87422,561,495,0,495,8
2020-08-19,Merced,47,269075,7542,7082,3,7085,66
2020-08-19,Modoc,49,8938,7,5,0,5,0
2020-08-19,Mono,51,14174,163,128,1,129,1
2020-08-19,Monterey,53,433212,7432,6693,19,6712,45
2020-08-19,Napa,55,140530,1408,1293,3,1296,10
2020-08-19,Nevada,57,99092,432,398,12,410,2
2020-08-19,Orange,59,3164182,48532,43938,1072,45010,829
2020-08-19,Placer,61,380077,2891,2659,5,2664,28
2020-08-19,Plumas,63,18699,39,36,0,36,0
2020-08-19,Riverside,65,2383286,51545,48741,28,48769,922
2020-08-19,Sacramento,67,1510023,16981,14764,12,14776,229
2020-08-19,San Benito,69,59416,991,853,0,853,3
2020-08-19,San Bernardino,71,2135413,47174,43224,43,43267,661
2020-08-19,San Diego,73,3302833,37320,35378,0,35378,638
2020-08-19,San Francisco,75,870044,9033,8236,8,8244,72
2020-08-19,San Joaquin,77,732212,17642,15677,28,15705,296
2020-08-19,San Luis Obispo,79,281455,2779,2553,10,2563,19
2020-08-19,San Mateo,81,765935,8002,7146,5,7151,119
2020-08-19,Santa Barbara,83,443738,8259,7499,56,7555,80
2020-08-19,Santa Clara,85,1922200,16802,14994,20,15014,189
2020-08-19,Santa Cruz,87,273765,1726,1554,16,1570,6
2020-08-19,Shasta,89,179085,589,475,3,478,9
2020-08-19,Sierra,91,2930,6,6,0,6,0
2020-08-19,Siskiyou,93,43540,120,103,1,104,0
2020-08-19,Solano,95,438530,5172,4807,32,4839,31
2020-08-19,Sonoma,97,501317,5319,4614,18,4632,54
2020-08-19,Stanislaus,99,539301,14434,13084,234,13318,160
2020-08-19,Sutter,101,95872,1229,1146,1,1147,8
2020-08-19,Tehama,103,63373,390,342,1,343,1
2020-08-19,Trinity,105,12862,20,8,4,12,0
2020-08-19,Tulare,107,460477,13702,12756,44,12800,217
2020-08-19,Tuolumne,109,53932,177,159,2,161,1
2020-08-19,Ventura,111,848112,10515,9587,57,9644,91
2020-08-19,Yolo,113,214977,2308,2126,4,2130,47
2020-08-19,Yuba,115,75493,766,701,3,704,1
2020-08-18,Alameda,1,1643700,17392,15627,124,15751,223
2020-08-18,Alpine,3,1148,3,2,0,2,0
2020-08-18,Amador,5,37829,262,215,0,215,9
2020-08-18,Butte,7,227075,1666,1491,13,1504,16
2020-08-18,Calaveras,9,45235,206,174,0,174,1
2020-08-18,Colusa,11,21464,434,415,0,415,5
2020-08-18,Contra Costa,13,1133247,13402,11689,42,11731,141
2020-08-18,Del Norte,15,27424,111,78,0,78,0
2020-08-18,El Dorado,17,186661,951,866,0,866,2
2020-08-18,Fresno,19,978130,25882,21798,251,22049,212
2020-08-18,Glenn,21,27897,426,407,0,407,2
2020-08-18,Humboldt,23,135768,353,315,1,316,4
2020-08-18,Imperial,25,180216,11041,8968,7,8975,189
2020-08-18,Inyo,27,18085,164,140,0,140,1
2020-08-18,Kern,29,883053,28729,26978,184,27162,263
2020-08-18,Kings,31,150075,5744,5269,30,5299,58
2020-08-18,Lake,33,64148,310,274,0,274,2
2020-08-18,Lassen,35,31185,708,693,2,695,0
2020-08-18,Los Angeles,37,10098052,231864,224218,984,225202,5339
2020-08-18,Madera,39,155013,3655,3125,19,3144,28
2020-08-18,Marin,41,260295,5933,5708,13,5721,47
2020-08-18,Mariposa,43,17540,71,61,0,61,2
2020-08-18,Mendocino,45,87422,552,468,0,468,8
2020-08-18,Merced,47,269075,7494,6940,3,6943,66
2020-08-18,Modoc,49,8938,7,5,0,5,0
2020-08-18,Mono,51,14174,162,129,1,130,1
2020-08-18,Monterey,53,433212,7341,6691,18,6709,44
2020-08-18,Napa,55,140530,1405,1274,3,1277,10
2020-08-18,Nevada,57,99092,425,389,12,401,2
2020-08-18,Orange,59,3164182,48307,43659,1056,44715,809
2020-08-18,Placer,61,380077,2865,2644,4,2648,28
2020-08-18,Plumas,63,18699,39,34,0,34,0
2020-08-18,Riverside,65,2383286,51216,48447,28,48475,917
2020-08-18,Sacramento,67,1510023,16752,14610,11,14621,222
2020-08-18,San Benito,69,59416,971,836,0,836,3
2020-08-18,San Bernardino,71,2135413,46893,42827,42,42869,648
2020-08-18,San Diego,73,3302833,37028,35164,0,35164,633
2020-08-18,San Francisco,75,870044,8948,8016,8,8024,72
2020-08-18,San Joaquin,77,732212,17525,15509,27,15536,290
2020-08-18,San Luis Obispo,79,281455,2755,2535,9,2544,18
2020-08-18,San Mateo,81,765935,7940,7074,5,7079,119
2020-08-18,Santa Barbara,83,443738,8217,7472,56,7528,81
2020-08-18,Santa Clara,85,1922200,16629,14786,19,14805,184
2020-08-18,Santa Cruz,87,273765,1713,1509,16,1525,6
2020-08-18,Shasta,89,179085,585,468,3,471,9
2020-08-18,Sierra,91,2930,6,6,0,6,0
2020-08-18,Siskiyou,93,43540,119,103,1,104,0
2020-08-18,Solano,95,438530,5145,4700,32,4732,31
2020-08-18,Sonoma,97,501317,5250,4506,18,4524,48
2020-08-18,Stanislaus,99,539301,14336,12935,218,13153,149
2020-08-18,Sutter,101,95872,1210,1126,1,1127,8
2020-08-18,Tehama,103,63373,380,333,1,334,1
2020-08-18,Trinity,105,12862,19,8,4,12,0
2020-08-18,Tulare,107,460477,13570,12637,41,12678,212
2020-08-18,Tuolumne,109,53932,174,159,2,161,1
2020-08-18,Ventura,111,848112,10425,9536,52,9588,89
2020-08-18,Yolo,113,214977,2285,2102,4,2106,47
2020-08-18,Yuba,115,75493,758,679,3,682,1
2020-08-17,Alameda,1,1643700,17202,15454,122,15576,221
2020-08-17,Alpine,3,1148,3,2,0,2,0
2020-08-17,Amador,5,37829,262,215,0,215,9
2020-08-17,Butte,7,227075,1621,1463,13,1476,15
2020-08-17,Calaveras,9,45235,202,167,0,167,1
2020-08-17,Colusa,11,21464,431,408,0,408,5
2020-08-17,Contra Costa,13,1133247,13264,11442,42,11484,141
2020-08-17,Del Norte,15,27424,107,77,0,77,0
2020-08-17,El Dorado,17,186661,948,846,0,846,2
2020-08-17,Fresno,19,978130,25676,21316,244,21560,211
2020-08-17,Glenn,21,27897,425,402,0,402,2
2020-08-17,Humboldt,23,135768,349,302,1,303,4
2020-08-17,Imperial,25,180216,11000,8897,7,8904,188
2020-08-17,Inyo,27,18085,156,124,0,124,1
2020-08-17,Kern,29,883053,28581,26773,173,26946,249
2020-08-17,Kings,31,150075,5707,5249,30,5279,58
2020-08-17,Lake,33,64148,305,270,0,270,2
2020-08-17,Lassen,35,31185,708,666,2,668,0
2020-08-17,Los Angeles,37,10098052,230349,223418,933,224351,5282
2020-08-17,Madera,39,155013,3612,3050,18,3068,26
2020-08-17,Marin,41,260295,5910,5683,12,5695,46
2020-08-17,Mariposa,43,17540,71,61,0,61,2
2020-08-17,Mendocino,45,87422,534,454,0,454,8
2020-08-17,Merced,47,269075,7398,6814,3,6817,66
2020-08-17,Modoc,49,8938,7,5,0,5,0
2020-08-17,Mono,51,14174,162,126,1,127,1
2020-08-17,Monterey,53,433212,7242,6553,18,6571,44
2020-08-17,Napa,55,140530,1384,1255,3,1258,10
2020-08-17,Nevada,57,99092,420,383,12,395,2
2020-08-17,Orange,59,3164182,48097,43621,1045,44666,804
2020-08-17,Placer,61,380077,2840,2609,4,2613,28
2020-08-17,Plumas,63,18699,39,33,0,33,0
2020-08-17,Riverside,65,2383286,50887,48062,26,48088,916
2020-08-17,Sacramento,67,1510023,16528,14333,11,14344,219
2020-08-17,San Benito,69,59416,956,822,0,822,2
2020-08-17,San Bernardino,71,2135413,46551,42005,42,42047,604
2020-08-17,San Diego,73,3302833,36762,34962,0,34962,626
2020-08-17,San Francisco,75,870044,8876,7600,8,7608,72
2020-08-17,San Joaquin,77,732212,17361,15323,26,15349,280
2020-08-17,San Luis Obispo,79,281455,2722,2527,9,2536,18
2020-08-17,San Mateo,81,765935,7883,6987,4,6991,118
2020-08-17,Santa Barbara,83,443738,8175,7438,56,7494,80
2020-08-17,Santa Clara,85,1922200,16409,14546,19,14565,183
2020-08-17,Santa Cruz,87,273765,1697,1453,15,1468,6
2020-08-17,Shasta,89,179085,579,467,3,470,9
2020-08-17,Sierra,91,2930,6,6,0,6,0
2020-08-17,Siskiyou,93,43540,118,103,0,103,0
2020-08-17,Solano,95,438530,5088,4479,32,4511,31
2020-08-17,Sonoma,97,501317,5161,4402,16,4418,48
2020-08-17,Stanislaus,99,539301,14211,12745,211,12956,148
2020-08-17,Sutter,101,95872,1194,1071,1,1072,8
2020-08-17,Tehama,103,63373,371,324,1,325,1
2020-08-17,Trinity,105,12862,19,8,4,12,0
2020-08-17,Tulare,107,460477,13457,12487,40,12527,210
2020-08-17,Tuolumne,109,53932,171,157,2,159,1
2020-08-17,Ventura,111,848112,10303,9490,47,9537,89
2020-08-17,Yolo,113,214977,2258,2083,4,2087,47
2020-08-17,Yuba,115,75493,743,647,3,650,1
2020-08-16,Alameda,1,1643700,16912,15338,122,15460,221
2020-08-16,Alpine,3,1148,3,2,0,2,0
2020-08-16,Amador,5,37829,259,215,0,215,9
2020-08-16,Butte,7,227075,1583,1432,13,1445,15
2020-08-16,Calaveras,9,45235,195,167,0,167,1
2020-08-16,Colusa,11,21464,429,407,0,407,5
2020-08-16,Contra Costa,13,1133247,13078,11255,42,11297,140
2020-08-16,Del Norte,15,27424,103,77,0,77,0
2020-08-16,El Dorado,17,186661,936,843,0,843,2
2020-08-16,Fresno,19,978130,25457,21010,239,21249,211
2020-08-16,Glenn,21,27897,423,400,0,400,2
2020-08-16,Humboldt,23,135768,347,301,1,302,4
2020-08-16,Imperial,25,180216,10956,8883,7,8890,188
2020-08-16,Inyo,27,18085,149,125,0,125,1
2020-08-16,Kern,29,883053,28382,26520,165,26685,249
2020-08-16,Kings,31,150075,5676,5146,30,5176,58
2020-08-16,Lake,33,64148,301,269,0,269,2
2020-08-16,Lassen,35,31185,708,666,2,668,0
2020-08-16,Los Angeles,37,10098052,228782,222236,902,223138,5263
2020-08-16,Madera,39,155013,3567,3013,18,3031,26
2020-08-16,Marin,41,260295,5884,5664,12,5676,46
2020-08-16,Mariposa,43,17540,71,61,0,61,2
2020-08-16,Mendocino,45,87422,526,451,0,451,8
2020-08-16,Merced,47,269075,7316,6744,3,6747,66
2020-08-16,Modoc,49,8938,7,5,0,5,0
2020-08-16,Mono,51,14174,162,126,1,127,1
2020-08-16,Monterey,53,433212,7144,6516,17,6533,44
2020-08-16,Napa,55,140530,1366,1241,2,1243,10
2020-08-16,Nevada,57,99092,409,379,12,391,2
2020-08-16,Orange,59,3164182,47847,43303,1034,44337,803
2020-08-16,Placer,61,380077,2811,2583,3,2586,28
2020-08-16,Plumas,63,18699,39,33,0,33,0
2020-08-16,Riverside,65,2383286,50556,47669,26,47695,910
2020-08-16,Sacramento,67,1510023,16287,14210,11,14221,219
2020-08-16,San Benito,69,59416,927,815,0,815,2
2020-08-16,San Bernardino,71,2135413,46128,41724,41,41765,603
2020-08-16,San Diego,73,3302833,36499,34680,0,34680,626
2020-08-16,San Francisco,75,870044,8788,7602,8,7610,72
2020-08-16,San Joaquin,77,732212,17159,15288,26,15314,280
2020-08-16,San Luis Obispo,79,281455,2693,2494,9,2503,17
2020-08-16,San Mateo,81,765935,7807,6942,4,6946,118
2020-08-16,Santa Barbara,83,443738,8126,7368,56,7424,79
2020-08-16,Santa Clara,85,1922200,16211,14329,19,14348,183
2020-08-16,Santa Cruz,87,273765,1670,1449,14,1463,6
2020-08-16,Shasta,89,179085,572,465,3,468,9
2020-08-16,Sierra,91,2930,6,6,0,6,0
2020-08-16,Siskiyou,93,43540,117,102,0,102,0
2020-08-16,Solano,95,438530,5028,4479,32,4511,31
2020-08-16,Sonoma,97,501317,5057,4329,16,4345,46
2020-08-16,Stanislaus,99,539301,14056,12668,198,12866,148
2020-08-16,Sutter,101,95872,1176,1071,1,1072,8
2020-08-16,Tehama,103,63373,362,318,1,319,1
2020-08-16,Trinity,105,12862,18,8,4,12,0
2020-08-16,Tulare,107,460477,13325,12334,36,12370,211
2020-08-16,Tuolumne,109,53932,171,156,2,158,1
2020-08-16,Ventura,111,848112,10194,9408,42,9450,89
2020-08-16,Yolo,113,214977,2239,2057,4,2061,47
2020-08-16,Yuba,115,75493,734,647,2,649,1
2020-08-15,Alameda,1,1643700,16835,15165,122,15287,221
2020-08-15,Alpine,3,1148,3,2,0,2,0
2020-08-15,Amador,5,37829,259,210,0,210,9
2020-08-15,Butte,7,227075,1561,1409,13,1422,15
2020-08-15,Calaveras,9,45235,193,167,0,167,1
2020-08-15,Colusa,11,21464,428,401,0,401,5
2020-08-15,Contra Costa,13,1133247,12982,11106,42,11148,138
2020-08-15,Del Norte,15,27424,103,77,0,77,0
2020-08-15,El Dorado,17,186661,931,838,0,838,2
2020-08-15,Fresno,19,978130,25341,20603,237,20840,211
2020-08-15,Glenn,21,27897,423,398,0,398,2
2020-08-15,Humboldt,23,135768,346,301,1,302,4
2020-08-15,Imperial,25,180216,10936,8794,7,8801,188
2020-08-15,Inyo,27,18085,149,123,0,123,1
2020-08-15,Kern,29,883053,28294,26338,165,26503,249
2020-08-15,Kings,31,150075,5658,5039,30,5069,56
2020-08-15,Lake,33,64148,299,268,0,268,2
2020-08-15,Lassen,35,31185,708,666,2,668,0
2020-08-15,Los Angeles,37,10098052,228029,221043,893,221936,5252
2020-08-15,Madera,39,155013,3517,2950,18,2968,26
2020-08-15,Marin,41,260295,5877,5628,12,5640,46
2020-08-15,Mariposa,43,17540,71,61,0,61,2
2020-08-15,Mendocino,45,87422,522,444,0,444,8
2020-08-15,Merced,47,269075,7282,6656,3,6659,66
2020-08-15,Modoc,49,8938,7,5,0,5,0
2020-08-15,Mono,51,14174,162,126,1,127,1
2020-08-15,Monterey,53,433212,7099,6162,17,6179,44
2020-08-15,Napa,55,140530,1356,1232,2,1234,10
2020-08-15,Nevada,57,99092,409,376,12,388,2
2020-08-15,Orange,59,3164182,47734,42811,1023,43834,801
2020-08-15,Placer,61,380077,2789,2551,3,2554,27
2020-08-15,Plumas,63,18699,39,33,0,33,0
2020-08-15,Riverside,65,2383286,50405,46720,26,46746,910
2020-08-15,Sacramento,67,1510023,16177,14018,11,14029,219
2020-08-15,San Benito,69,59416,914,805,0,805,2
2020-08-15,San Bernardino,71,2135413,45977,41231,39,41270,602
2020-08-15,San Diego,73,3302833,36333,34346,0,34346,639
2020-08-15,San Francisco,75,870044,8724,7601,8,7609,69
2020-08-15,San Joaquin,77,732212,17086,15113,26,15139,280
2020-08-15,San Luis Obispo,79,281455,2676,2461,9,2470,17
2020-08-15,San Mateo,81,765935,7770,6860,4,6864,118
2020-08-15,Santa Barbara,83,443738,8098,7338,56,7394,79
2020-08-15,Santa Clara,85,1922200,16115,14105,19,14124,183
2020-08-15,Santa Cruz,87,273765,1649,1449,14,1463,6
2020-08-15,Shasta,89,179085,569,458,3,461,9
2020-08-15,Sierra,91,2930,6,6,0,6,0
2020-08-15,Siskiyou,93,43540,116,100,0,100,0
2020-08-15,Solano,95,438530,5006,4477,32,4509,31
2020-08-15,Sonoma,97,501317,5002,4134,16,4150,45
2020-08-15,Stanislaus,99,539301,13993,12541,196,12737,149
2020-08-15,Sutter,101,95872,1165,1046,1,1047,8
2020-08-15,Tehama,103,63373,361,312,1,313,1
2020-08-15,Trinity,105,12862,16,6,4,10,0
2020-08-15,Tulare,107,460477,13287,12262,36,12298,211
2020-08-15,Tuolumne,109,53932,171,155,2,157,1
2020-08-15,Ventura,111,848112,10136,9379,40,9419,89
2020-08-15,Yolo,113,214977,2227,2031,4,2035,46
2020-08-15,Yuba,115,75493,730,623,2,625,1
2020-08-14,Alameda,1,1643700,16696,14909,122,15031,221
2020-08-14,Alpine,3,1148,3,2,0,2,0
2020-08-14,Amador,5,37829,259,209,0,209,9
2020-08-14,Butte,7,227075,1552,1384,13,1397,15
2020-08-14,Calaveras,9,45235,189,165,0,165,1
2020-08-14,Colusa,11,21464,426,399,0,399,5
2020-08-14,Contra Costa,13,1133247,12870,10893,42,10935,137
2020-08-14,Del Norte,15,27424,103,76,0,76,0
2020-08-14,El Dorado,17,186661,923,827,0,827,2
2020-08-14,Fresno,19,978130,25207,19900,237,20137,208
2020-08-14,Glenn,21,27897,421,395,0,395,2
2020-08-14,Humboldt,23,135768,340,294,1,295,4
2020-08-14,Imperial,25,180216,10912,8756,7,8763,185
2020-08-14,Inyo,27,18085,148,115,0,115,1
2020-08-14,Kern,29,883053,28190,25893,164,26057,249
2020-08-14,Kings,31,150075,5644,4953,30,4983,56
2020-08-14,Lake,33,64148,290,267,0,267,2
2020-08-14,Lassen,35,31185,708,665,2,667,0
2020-08-14,Los Angeles,37,10098052,226866,219083,875,219958,5222
2020-08-14,Madera,39,155013,3487,2876,18,2894,26
2020-08-14,Marin,41,260295,5866,5601,12,5613,46
2020-08-14,Mariposa,43,17540,70,61,0,61,2
2020-08-14,Mendocino,45,87422,513,432,0,432,8
2020-08-14,Merced,47,269075,7253,6466,3,6469,67
2020-08-14,Modoc,49,8938,7,5,0,5,0
2020-08-14,Mono,51,14174,162,126,1,127,1
2020-08-14,Monterey,53,433212,7048,6121,17,6138,41
2020-08-14,Napa,55,140530,1346,1230,2,1232,10
2020-08-14,Nevada,57,99092,405,377,12,389,2
2020-08-14,Orange,59,3164182,47585,42399,1009,43408,798
2020-08-14,Placer,61,380077,2770,2546,3,2549,26
2020-08-14,Plumas,63,18699,38,33,0,33,0
2020-08-14,Riverside,65,2383286,50176,46456,26,46482,891
2020-08-14,Sacramento,67,1510023,16027,13645,11,13656,212
2020-08-14,San Benito,69,59416,897,783,0,783,2
2020-08-14,San Bernardino,71,2135413,45791,40442,39,40481,594
2020-08-14,San Diego,73,3302833,36139,34067,0,34067,622
2020-08-14,San Francisco,75,870044,8665,7467,8,7475,69
2020-08-14,San Joaquin,77,732212,16987,14925,26,14951,276
2020-08-14,San Luis Obispo,79,281455,2661,2422,9,2431,17
2020-08-14,San Mateo,81,765935,7711,6655,4,6659,118
2020-08-14,Santa Barbara,83,443738,8048,7302,56,7358,77
2020-08-14,Santa Clara,85,1922200,15949,13785,18,13803,183
2020-08-14,Santa Cruz,87,273765,1627,1418,13,1431,6
2020-08-14,Shasta,89,179085,564,446,3,449,9
2020-08-14,Sierra,91,2930,6,5,0,5,0
2020-08-14,Siskiyou,93,43540,116,98,0,98,0
2020-08-14,Solano,95,438530,4985,4421,32,4453,31
2020-08-14,Sonoma,97,501317,4943,4087,13,4100,45
2020-08-14,Stanislaus,99,539301,13916,12379,192,12571,140
2020-08-14,Sutter,101,95872,1157,1039,1,1040,8
2020-08-14,Tehama,103,63373,357,305,1,306,1
2020-08-14,Trinity,105,12862,16,6,4,10,0
2020-08-14,Tulare,107,460477,13210,12009,36,12045,211
2020-08-14,Tuolumne,109,53932,170,155,2,157,1
2020-08-14,Ventura,111,848112,10061,9313,40,9353,89
2020-08-14,Yolo,113,214977,2213,1991,4,1995,45
2020-08-14,Yuba,115,75493,714,606,2,608,1
2020-08-13,Alameda,1,1643700,16422,14385,122,14507,218
2020-08-13,Alpine,3,1148,3,2,0,2,0
2020-08-13,Amador,5,37829,259,198,0,198,8
2020-08-13,Butte,7,227075,1527,1345,13,1358,15
2020-08-13,Calaveras,9,45235,187,162,0,162,1
2020-08-13,Colusa,11,21464,426,395,0,395,5
2020-08-13,Contra Costa,13,1133247,12716,10545,41,10586,136
2020-08-13,Del Norte,15,27424,102,74,0,74,0
2020-08-13,El Dorado,17,186661,918,803,0,803,2
2020-08-13,Fresno,19,978130,24983,19157,230,19387,201
2020-08-13,Glenn,21,27897,417,392,0,392,1
2020-08-13,Humboldt,23,135768,332,281,1,282,4
2020-08-13,Imperial,25,180216,10881,8640,7,8647,170
2020-08-13,Inyo,27,18085,144,97,0,97,1
2020-08-13,Kern,29,883053,28023,25472,161,25633,242
2020-08-13,Kings,31,150075,5610,4824,30,4854,52
2020-08-13,Lake,33,64148,285,263,0,263,2
2020-08-13,Lassen,35,31185,708,652,2,654,0
2020-08-13,Los Angeles,37,10098052,225457,216497,855,217352,5179
2020-08-13,Madera,39,155013,3444,2675,17,2692,25
2020-08-13,Marin,41,260295,5850,5503,12,5515,44
2020-08-13,Mariposa,43,17540,69,61,0,61,2
2020-08-13,Mendocino,45,87422,508,401,0,401,8
2020-08-13,Merced,47,269075,7135,5945,3,5948,63
2020-08-13,Modoc,49,8938,7,5,0,5,0
2020-08-13,Mono,51,14174,162,124,1,125,1
2020-08-13,Monterey,53,433212,6965,5925,17,5942,38
2020-08-13,Napa,55,140530,1337,1179,2,1181,10
2020-08-13,Nevada,57,99092,401,362,12,374,1
2020-08-13,Orange,59,3164182,47346,42019,997,43016,773
2020-08-13,Placer,61,380077,2749,2460,3,2463,26
2020-08-13,Plumas,63,18699,38,32,0,32,0
2020-08-13,Riverside,65,2383286,49883,45327,26,45353,885
2020-08-13,Sacramento,67,1510023,15827,13237,11,13248,197
2020-08-13,San Benito,69,59416,868,757,0,757,2
2020-08-13,San Bernardino,71,2135413,45397,39395,38,39433,591
2020-08-13,San Diego,73,3302833,35903,33661,0,33661,627
2020-08-13,San Francisco,75,870044,8571,7277,8,7285,69
2020-08-13,San Joaquin,77,732212,16833,14537,25,14562,261
2020-08-13,San Luis Obispo,79,281455,2640,2283,9,2292,16
2020-08-13,San Mateo,81,765935,7649,6503,4,6507,117
2020-08-13,Santa Barbara,83,443738,8003,7129,55,7184,74
2020-08-13,Santa Clara,85,1922200,15726,13257,18,13275,182
2020-08-13,Santa Cruz,87,273765,1602,1383,13,1396,6
2020-08-13,Shasta,89,179085,560,428,3,431,9
2020-08-13,Sierra,91,2930,6,5,0,5,0
2020-08-13,Siskiyou,93,43540,116,95,0,95,0
2020-08-13,Solano,95,438530,4948,4305,32,4337,31
2020-08-13,Sonoma,97,501317,4869,3902,13,3915,45
2020-08-13,Stanislaus,99,539301,13786,11953,176,12129,136
2020-08-13,Sutter,101,95872,1136,992,1,993,8
2020-08-13,Tehama,103,63373,348,302,1,303,1
2020-08-13,Trinity,105,12862,16,6,4,10,0
2020-08-13,Tulare,107,460477,13067,11692,33,11725,210
2020-08-13,Tuolumne,109,53932,169,152,2,154,1
2020-08-13,Ventura,111,848112,9972,9114,40,9154,90
2020-08-13,Yolo,113,214977,2186,1938,4,1942,44
2020-08-13,Yuba,115,75493,698,568,2,570,1
2020-08-12,Alameda,1,1643700,16209,14214,122,14336,215
2020-08-12,Alpine,3,1148,3,2,0,2,0
2020-08-12,Amador,5,37829,256,197,0,197,8
2020-08-12,Butte,7,227075,1499,1317,13,1330,15
2020-08-12,Calaveras,9,45235,184,157,0,157,1
2020-08-12,Colusa,11,21464,421,394,0,394,5
2020-08-12,Contra Costa,13,1133247,12572,10304,39,10343,134
2020-08-12,Del Norte,15,27424,101,74,0,74,0
2020-08-12,El Dorado,17,186661,900,794,0,794,2
2020-08-12,Fresno,19,978130,24753,18690,224,18914,194
2020-08-12,Glenn,21,27897,414,388,0,388,1
2020-08-12,Humboldt,23,135768,325,281,1,282,4
2020-08-12,Imperial,25,180216,10859,8566,7,8573,167
2020-08-12,Inyo,27,18085,127,97,0,97,1
2020-08-12,Kern,29,883053,27832,25191,159,25350,232
2020-08-12,Kings,31,150075,5571,4736,30,4766,50
2020-08-12,Lake,33,64148,283,253,0,253,2
2020-08-12,Lassen,35,31185,707,651,2,653,0
2020-08-12,Los Angeles,37,10098052,224000,214542,839,215381,5119
2020-08-12,Madera,39,155013,3410,2681,15,2696,23
2020-08-12,Marin,41,260295,5828,5423,12,5435,44
2020-08-12,Mariposa,43,17540,69,61,0,61,2
2020-08-12,Mendocino,45,87422,489,386,0,386,9
2020-08-12,Merced,47,269075,7073,5777,3,5780,66
2020-08-12,Modoc,49,8938,7,5,0,5,0
2020-08-12,Mono,51,14174,161,124,1,125,1
2020-08-12,Monterey,53,433212,6861,5919,17,5936,38
2020-08-12,Napa,55,140530,1327,1161,2,1163,10
2020-08-12,Nevada,57,99092,396,357,12,369,1
2020-08-12,Orange,59,3164182,47095,41576,972,42548,754
2020-08-12,Placer,61,380077,2716,2417,3,2420,25
2020-08-12,Plumas,63,18699,38,31,0,31,0
2020-08-12,Riverside,65,2383286,49534,44747,26,44773,867
2020-08-12,Sacramento,67,1510023,15612,12528,11,12539,189
2020-08-12,San Benito,69,59416,855,751,0,751,2
2020-08-12,San Bernardino,71,2135413,45055,38811,37,38848,589
2020-08-12,San Diego,73,3302833,35694,33395,0,33395,608
2020-08-12,San Francisco,75,870044,8487,7194,8,7202,66
2020-08-12,San Joaquin,77,732212,16690,14154,25,14179,253
2020-08-12,San Luis Obispo,79,281455,2615,2263,9,2272,15
2020-08-12,San Mateo,81,765935,7571,6427,4,6431,117
2020-08-12,Santa Barbara,83,443738,7943,7049,53,7102,74
2020-08-12,Santa Clara,85,1922200,15550,13002,18,13020,182
2020-08-12,Santa Cruz,87,273765,1573,1382,12,1394,6
2020-08-12,Shasta,89,179085,556,417,3,420,9
2020-08-12,Sierra,91,2930,5,4,0,4,0
2020-08-12,Siskiyou,93,43540,115,90,0,90,0
2020-08-12,Solano,95,438530,4903,4258,32,4290,31
2020-08-12,Sonoma,97,501317,4795,3847,13,3860,47
2020-08-12,Stanislaus,99,539301,13648,11682,167,11849,136
2020-08-12,Sutter,101,95872,1112,987,1,988,7
2020-08-12,Tehama,103,63373,338,289,1,290,1
2020-08-12,Trinity,105,12862,15,6,4,10,0
2020-08-12,Tulare,107,460477,12939,11460,33,11493,211
2020-08-12,Tuolumne,109,53932,168,150,2,152,1
2020-08-12,Ventura,111,848112,9887,9005,39,9044,87
2020-08-12,Yolo,113,214977,2162,1921,4,1925,44
2020-08-12,Yuba,115,75493,676,549,1,550,1
2020-08-11,Alameda,1,1643700,15951,13960,119,14079,204
2020-08-11,Alpine,3,1148,3,2,0,2,0
2020-08-11,Amador,5,37829,250,187,0,187,3
2020-08-11,Butte,7,227075,1472,1296,13,1309,15
2020-08-11,Calaveras,9,45235,182,161,0,161,1
2020-08-11,Colusa,11,21464,416,390,0,390,5
2020-08-11,Contra Costa,13,1133247,12383,10012,37,10049,131
2020-08-11,Del Norte,15,27424,100,73,0,73,0
2020-08-11,El Dorado,17,186661,893,786,0,786,2
2020-08-11,Fresno,19,978130,24433,18344,221,18565,187
2020-08-11,Glenn,21,27897,412,380,0,380,1
2020-08-11,Humboldt,23,135768,320,283,1,284,4
2020-08-11,Imperial,25,180216,10803,8518,7,8525,165
2020-08-11,Inyo,27,18085,122,97,0,97,1
2020-08-11,Kern,29,883053,27498,25042,156,25198,230
2020-08-11,Kings,31,150075,5386,4696,30,4726,50
2020-08-11,Lake,33,64148,280,243,0,243,2
2020-08-11,Lassen,35,31185,701,605,2,607,0
2020-08-11,Los Angeles,37,10098052,222499,212421,814,213235,5065
2020-08-11,Madera,39,155013,3356,2673,15,2688,22
2020-08-11,Marin,41,260295,5800,5287,11,5298,44
2020-08-11,Mariposa,43,17540,68,60,0,60,2
2020-08-11,Mendocino,45,87422,479,385,0,385,9
2020-08-11,Merced,47,269075,6978,5322,2,5324,65
2020-08-11,Modoc,49,8938,7,5,0,5,0
2020-08-11,Mono,51,14174,161,124,1,125,1
2020-08-11,Monterey,53,433212,6753,5624,17,5641,36
2020-08-11,Napa,55,140530,1316,1143,1,1144,11
2020-08-11,Nevada,57,99092,393,358,12,370,1
2020-08-11,Orange,59,3164182,46875,41205,949,42154,742
2020-08-11,Placer,61,380077,2684,2393,3,2396,24
2020-08-11,Plumas,63,18699,38,31,0,31,0
2020-08-11,Riverside,65,2383286,49175,44237,26,44263,836
2020-08-11,Sacramento,67,1510023,15325,12298,10,12308,182
2020-08-11,San Benito,69,59416,843,750,0,750,2
2020-08-11,San Bernardino,71,2135413,44714,38467,36,38503,584
2020-08-11,San Diego,73,3302833,35427,33159,0,33159,602
2020-08-11,San Francisco,75,870044,8391,6988,8,6996,66
2020-08-11,San Joaquin,77,732212,16513,13997,20,14017,251
2020-08-11,San Luis Obispo,79,281455,2558,2234,9,2243,15
2020-08-11,San Mateo,81,765935,7495,6339,4,6343,117
2020-08-11,Santa Barbara,83,443738,7893,6942,53,6995,70
2020-08-11,Santa Clara,85,1922200,15329,12920,18,12938,183
2020-08-11,Santa Cruz,87,273765,1550,1352,12,1364,4
2020-08-11,Shasta,89,179085,552,416,3,419,9
2020-08-11,Sierra,91,2930,5,4,0,4,0
2020-08-11,Siskiyou,93,43540,115,90,0,90,0
2020-08-11,Solano,95,438530,4855,4206,31,4237,31
2020-08-11,Sonoma,97,501317,4701,3752,13,3765,45
2020-08-11,Stanislaus,99,539301,13544,11592,155,11747,128
2020-08-11,Sutter,101,95872,1090,964,1,965,7
2020-08-11,Tehama,103,63373,334,289,1,290,1
2020-08-11,Trinity,105,12862,15,5,4,9,0
2020-08-11,Tulare,107,460477,12814,11392,32,11424,201
2020-08-11,Tuolumne,109,53932,164,146,2,148,1
2020-08-11,Ventura,111,848112,9819,8953,38,8991,88
2020-08-11,Yolo,113,214977,2140,1912,4,1916,44
2020-08-11,Yuba,115,75493,665,540,1,541,1
2020-08-10,Alameda,1,1643700,15710,13420,118,13538,203
2020-08-10,Alpine,3,1148,3,2,0,2,0
2020-08-10,Amador,5,37829,249,172,0,172,2
2020-08-10,Butte,7,227075,1448,1174,12,1186,15
2020-08-10,Calaveras,9,45235,172,121,0,121,1
2020-08-10,Colusa,11,21464,414,387,0,387,4
2020-08-10,Contra Costa,13,1133247,12230,9454,35,9489,130
2020-08-10,Del Norte,15,27424,98,69,0,69,0
2020-08-10,El Dorado,17,186661,881,771,0,771,2
2020-08-10,Fresno,19,978130,24152,17978,220,18198,183
2020-08-10,Glenn,21,27897,409,381,0,381,1
2020-08-10,Humboldt,23,135768,314,277,1,278,4
2020-08-10,Imperial,25,180216,10759,8465,7,8472,165
2020-08-10,Inyo,27,18085,122,97,0,97,1
2020-08-10,Kern,29,883053,27272,24499,155,24654,215
2020-08-10,Kings,31,150075,5280,4588,30,4618,50
2020-08-10,Lake,33,64148,273,239,0,239,2
2020-08-10,Lassen,35,31185,701,588,2,590,0
2020-08-10,Los Angeles,37,10098052,220918,211035,795,211830,5003
2020-08-10,Madera,39,155013,3323,2365,14,2379,22
2020-08-10,Marin,41,260295,5755,5242,10,5252,44
2020-08-10,Mariposa,43,17540,68,57,0,57,2
2020-08-10,Mendocino,45,87422,455,364,0,364,1
2020-08-10,Merced,47,269075,6897,4913,2,4915,51
2020-08-10,Modoc,49,8938,7,5,0,5,0
2020-08-10,Mono,51,14174,161,123,1,124,1
2020-08-10,Monterey,53,433212,6643,5358,17,5375,34
2020-08-10,Napa,55,140530,1298,1084,1,1085,8
2020-08-10,Nevada,57,99092,385,356,12,368,1
2020-08-10,Orange,59,3164182,46607,40445,931,41376,721
2020-08-10,Placer,61,380077,2645,2298,3,2301,21
2020-08-10,Plumas,63,18699,38,27,0,27,0
2020-08-10,Riverside,65,2383286,48789,43296,25,43321,830
2020-08-10,Sacramento,67,1510023,15012,12059,10,12069,168
2020-08-10,San Benito,69,59416,830,743,0,743,2
2020-08-10,San Bernardino,71,2135413,44337,37367,34,37401,579
2020-08-10,San Diego,73,3302833,35161,32977,0,32977,594
2020-08-10,San Francisco,75,870044,8300,6816,7,6823,66
2020-08-10,San Joaquin,77,732212,16331,13308,20,13328,240
2020-08-10,San Luis Obispo,79,281455,2459,2208,9,2217,15
2020-08-10,San Mateo,81,765935,7418,6222,4,6226,117
2020-08-10,Santa Barbara,83,443738,7838,6869,53,6922,66
2020-08-10,Santa Clara,85,1922200,15069,12615,18,12633,182
2020-08-10,Santa Cruz,87,273765,1530,1239,11,1250,4
2020-08-10,Shasta,89,179085,548,384,3,387,9
2020-08-10,Sierra,91,2930,5,3,0,3,0
2020-08-10,Siskiyou,93,43540,112,88,0,88,0
2020-08-10,Solano,95,438530,4795,4101,31,4132,31
2020-08-10,Sonoma,97,501317,4532,3640,9,3649,42
2020-08-10,Stanislaus,99,539301,13363,10855,138,10993,106
2020-08-10,Sutter,101,95872,1065,865,1,866,7
2020-08-10,Tehama,103,63373,327,282,1,283,1
2020-08-10,Trinity,105,12862,13,5,4,9,0
2020-08-10,Tulare,107,460477,12641,10750,30,10780,194
2020-08-10,Tuolumne,109,53932,164,143,1,144,1
2020-08-10,Ventura,111,848112,9735,8851,37,8888,85
2020-08-10,Yolo,113,214977,2117,1840,4,1844,45
2020-08-10,Yuba,115,75493,648,527,1,528,1
2020-08-09,Alameda,1,1643700,15432,13241,116,13357,203
2020-08-09,Alpine,3,1148,3,2,0,2,0
2020-08-09,Amador,5,37829,244,153,0,153,2
2020-08-09,Butte,7,227075,1404,1155,12,1167,15
2020-08-09,Calaveras,9,45235,167,122,0,122,1
2020-08-09,Colusa,11,21464,410,371,0,371,4
2020-08-09,Contra Costa,13,1133247,12003,9214,33,9247,130
2020-08-09,Del Norte,15,27424,98,69,0,69,0
2020-08-09,El Dorado,17,186661,873,748,0,748,2
2020-08-09,Fresno,19,978130,23844,17846,216,18062,183
2020-08-09,Glenn,21,27897,407,354,0,354,1
2020-08-09,Humboldt,23,135768,308,279,1,280,4
2020-08-09,Imperial,25,180216,10715,8310,6,8316,165
2020-08-09,Inyo,27,18085,117,86,0,86,1
2020-08-09,Kern,29,883053,27016,23680,155,23835,215
2020-08-09,Kings,31,150075,5237,4446,29,4475,50
2020-08-09,Lake,33,64148,266,225,0,225,2
2020-08-09,Lassen,35,31185,695,589,2,591,0
2020-08-09,Los Angeles,37,10098052,218856,208810,772,209582,4984
2020-08-09,Madera,39,155013,3264,2322,10,2332,22
2020-08-09,Marin,41,260295,5712,5204,10,5214,44
2020-08-09,Mariposa,43,17540,66,56,0,56,2
2020-08-09,Mendocino,45,87422,445,283,0,283,1
2020-08-09,Merced,47,269075,6799,4735,1,4736,51
2020-08-09,Modoc,49,8938,7,4,0,4,0
2020-08-09,Mono,51,14174,160,113,1,114,1
2020-08-09,Monterey,53,433212,6519,5199,17,5216,34
2020-08-09,Napa,55,140530,1279,1062,1,1063,8
2020-08-09,Nevada,57,99092,377,332,12,344,1
2020-08-09,Orange,59,3164182,46309,39244,916,40160,722
2020-08-09,Placer,61,380077,2617,2211,3,2214,20
2020-08-09,Plumas,63,18699,38,27,0,27,0
2020-08-09,Riverside,65,2383286,48445,41894,24,41918,828
2020-08-09,Sacramento,67,1510023,14734,11301,10,11311,167
2020-08-09,San Benito,69,59416,811,687,0,687,2
2020-08-09,San Bernardino,71,2135413,43862,36092,34,36126,579
2020-08-09,San Diego,73,3302833,34870,32749,0,32749,594
2020-08-09,San Francisco,75,870044,8185,6820,7,6827,66
2020-08-09,San Joaquin,77,732212,16126,12933,19,12952,240
2020-08-09,San Luis Obispo,79,281455,2423,2124,9,2133,15
2020-08-09,San Mateo,81,765935,7323,6094,4,6098,117
2020-08-09,Santa Barbara,83,443738,7751,6669,53,6722,66
2020-08-09,Santa Clara,85,1922200,14799,11878,18,11896,181
2020-08-09,Santa Cruz,87,273765,1506,1246,11,1257,4
2020-08-09,Shasta,89,179085,544,361,3,364,9
2020-08-09,Sierra,91,2930,5,3,0,3,0
2020-08-09,Siskiyou,93,43540,111,74,0,74,0
2020-08-09,Solano,95,438530,4742,3954,30,3984,31
2020-08-09,Sonoma,97,501317,4396,3531,7,3538,41
2020-08-09,Stanislaus,99,539301,13154,10264,124,10388,106
2020-08-09,Sutter,101,95872,1031,857,1,858,7
2020-08-09,Tehama,103,63373,319,265,1,266,1
2020-08-09,Trinity,105,12862,13,5,4,9,0
2020-08-09,Tulare,107,460477,12449,10630,27,10657,194
2020-08-09,Tuolumne,109,53932,161,143,1,144,1
2020-08-09,Ventura,111,848112,9588,8633,36,8669,85
2020-08-09,Yolo,113,214977,2086,1765,4,1769,44
2020-08-09,Yuba,115,75493,628,442,1,443,1
2020-08-08,Alameda,1,1643700,15322,13087,116,13203,204
2020-08-08,Alpine,3,1148,3,2,0,2,0
2020-08-08,Amador,5,37829,244,139,0,139,2
2020-08-08,Butte,7,227075,1386,1140,12,1152,15
2020-08-08,Calaveras,9,45235,166,122,0,122,1
2020-08-08,Colusa,11,21464,409,368,0,368,4
2020-08-08,Contra Costa,13,1133247,11894,9104,33,9137,129
2020-08-08,Del Norte,15,27424,97,69,0,69,0
2020-08-08,El Dorado,17,186661,866,734,0,734,2
2020-08-08,Fresno,19,978130,23708,17538,214,17752,183
2020-08-08,Glenn,21,27897,407,344,0,344,1
2020-08-08,Humboldt,23,135768,305,277,1,278,4
2020-08-08,Imperial,25,180216,10700,8213,6,8219,165
2020-08-08,Inyo,27,18085,113,86,0,86,1
2020-08-08,Kern,29,883053,26902,22803,155,22958,215
2020-08-08,Kings,31,150075,5223,4367,29,4396,49
2020-08-08,Lake,33,64148,264,221,0,221,2
2020-08-08,Lassen,35,31185,695,589,2,591,0
2020-08-08,Los Angeles,37,10098052,217968,206971,761,207732,4974
2020-08-08,Madera,39,155013,3233,2275,10,2285,22
2020-08-08,Marin,41,260295,5692,5118,10,5128,44
2020-08-08,Mariposa,43,17540,65,55,0,55,2
2020-08-08,Mendocino,45,87422,443,264,0,264,1
2020-08-08,Merced,47,269075,6759,4570,1,4571,51
2020-08-08,Modoc,49,8938,7,4,0,4,0
2020-08-08,Mono,51,14174,160,113,1,114,1
2020-08-08,Monterey,53,433212,6461,5101,17,5118,33
2020-08-08,Napa,55,140530,1271,1062,1,1063,8
2020-08-08,Nevada,57,99092,375,325,12,337,1
2020-08-08,Orange,59,3164182,46184,38688,907,39595,718
2020-08-08,Placer,61,380077,2600,2153,3,2156,20
2020-08-08,Plumas,63,18699,38,27,0,27,0
2020-08-08,Riverside,65,2383286,48241,41412,24,41436,823
2020-08-08,Sacramento,67,1510023,14604,11144,10,11154,166
2020-08-08,San Benito,69,59416,803,684,0,684,2
2020-08-08,San Bernardino,71,2135413,43666,35691,33,35724,531
2020-08-08,San Diego,73,3302833,34681,32332,0,32332,593
2020-08-08,San Francisco,75,870044,8119,6820,7,6827,66
2020-08-08,San Joaquin,77,732212,16045,12559,18,12577,240
2020-08-08,San Luis Obispo,79,281455,2400,2081,9,2090,15
2020-08-08,San Mateo,81,765935,7264,6021,4,6025,117
2020-08-08,Santa Barbara,83,443738,7713,6598,53,6651,66
2020-08-08,Santa Clara,85,1922200,14647,11615,18,11633,181
2020-08-08,Santa Cruz,87,273765,1492,1247,11,1258,4
2020-08-08,Shasta,89,179085,542,343,3,346,9
2020-08-08,Sierra,91,2930,5,3,0,3,0
2020-08-08,Siskiyou,93,43540,111,73,0,73,0
2020-08-08,Solano,95,438530,4721,3889,29,3918,31
2020-08-08,Sonoma,97,501317,4364,3399,7,3406,41
2020-08-08,Stanislaus,99,539301,13079,9963,118,10081,105
2020-08-08,Sutter,101,95872,1021,830,1,831,7
2020-08-08,Tehama,103,63373,318,251,1,252,1
2020-08-08,Trinity,105,12862,13,5,4,9,0
2020-08-08,Tulare,107,460477,12373,10505,27,10532,192
2020-08-08,Tuolumne,109,53932,161,143,1,144,1
2020-08-08,Ventura,111,848112,9534,8462,35,8497,85
2020-08-08,Yolo,113,214977,2073,1725,4,1729,44
2020-08-08,Yuba,115,75493,619,430,1,431,1
2020-08-07,Alameda,1,1643700,15213,12805,116,12921,204
2020-08-07,Alpine,3,1148,3,2,0,2,0
2020-08-07,Amador,5,37829,242,125,0,125,2
2020-08-07,Butte,7,227075,1368,1092,12,1104,13
2020-08-07,Calaveras,9,45235,166,119,0,119,1
2020-08-07,Colusa,11,21464,408,358,0,358,4
2020-08-07,Contra Costa,13,1133247,11745,8810,33,8843,126
2020-08-07,Del Norte,15,27424,97,69,0,69,0
2020-08-07,El Dorado,17,186661,861,724,0,724,2
2020-08-07,Fresno,19,978130,23548,17290,214,17504,171
2020-08-07,Glenn,21,27897,406,339,0,339,1
2020-08-07,Humboldt,23,135768,301,274,1,275,4
2020-08-07,Imperial,25,180216,10675,8085,6,8091,164
2020-08-07,Inyo,27,18085,112,81,0,81,1
2020-08-07,Kern,29,883053,26776,22143,152,22295,206
2020-08-07,Kings,31,150075,5206,4315,29,4344,48
2020-08-07,Lake,33,64148,262,215,0,215,1
2020-08-07,Lassen,35,31185,694,588,2,590,0
2020-08-07,Los Angeles,37,10098052,216511,204406,749,205155,4924
2020-08-07,Madera,39,155013,3201,2245,10,2255,20
2020-08-07,Marin,41,260295,5663,5094,10,5104,43
2020-08-07,Mariposa,43,17540,65,53,0,53,2
2020-08-07,Mendocino,45,87422,429,262,0,262,1
2020-08-07,Merced,47,269075,6716,4358,1,4359,30
2020-08-07,Modoc,49,8938,7,4,0,4,0
2020-08-07,Mono,51,14174,160,112,1,113,1
2020-08-07,Monterey,53,433212,6386,5041,17,5058,33
2020-08-07,Napa,55,140530,1266,1055,1,1056,8
2020-08-07,Nevada,57,99092,372,324,12,336,1
2020-08-07,Orange,59,3164182,45972,38459,890,39349,701
2020-08-07,Placer,61,380077,2583,2078,3,2081,20
2020-08-07,Plumas,63,18699,38,25,0,25,0
2020-08-07,Riverside,65,2383286,47977,40902,23,40925,810
2020-08-07,Sacramento,67,1510023,14459,10798,10,10808,160
2020-08-07,San Benito,69,59416,797,647,0,647,2
2020-08-07,San Bernardino,71,2135413,43420,35200,32,35232,524
2020-08-07,San Diego,73,3302833,34496,31781,0,31781,586
2020-08-07,San Francisco,75,870044,8041,6765,7,6772,66
2020-08-07,San Joaquin,77,732212,15961,12392,18,12410,223
2020-08-07,San Luis Obispo,79,281455,2369,2050,9,2059,14
2020-08-07,San Mateo,81,765935,7205,5948,4,5952,117
2020-08-07,Santa Barbara,83,443738,7662,6509,53,6562,66
2020-08-07,Santa Clara,85,1922200,14448,11409,18,11427,180
2020-08-07,Santa Cruz,87,273765,1474,1234,11,1245,5
2020-08-07,Shasta,89,179085,537,342,3,345,9
2020-08-07,Sierra,91,2930,5,3,0,3,0
2020-08-07,Siskiyou,93,43540,108,73,0,73,0
2020-08-07,Solano,95,438530,4689,3844,28,3872,31
2020-08-07,Sonoma,97,501317,4300,3329,7,3336,34
2020-08-07,Stanislaus,99,539301,12958,9665,107,9772,98
2020-08-07,Sutter,101,95872,1017,807,1,808,6
2020-08-07,Tehama,103,63373,314,246,1,247,1
2020-08-07,Trinity,105,12862,12,5,4,9,0
2020-08-07,Tulare,107,460477,12296,10292,27,10319,195
2020-08-07,Tuolumne,109,53932,160,136,1,137,1
2020-08-07,Ventura,111,848112,9474,8356,33,8389,84
2020-08-07,Yolo,113,214977,2047,1689,4,1693,37
2020-08-07,Yuba,115,75493,614,413,1,414,1
2020-08-06,Alameda,1,1643700,14992,12474,115,12589,200
2020-08-06,Alpine,3,1148,3,2,0,2,0
2020-08-06,Amador,5,37829,228,125,0,125,0
2020-08-06,Butte,7,227075,1349,1060,12,1072,13
2020-08-06,Calaveras,9,45235,164,117,0,117,1
2020-08-06,Colusa,11,21464,405,358,0,358,3
2020-08-06,Contra Costa,13,1133247,11551,8583,32,8615,124
2020-08-06,Del Norte,15,27424,97,69,0,69,0
2020-08-06,El Dorado,17,186661,850,703,0,703,1
2020-08-06,Fresno,19,978130,23253,17031,206,17237,161
2020-08-06,Glenn,21,27897,401,332,0,332,1
2020-08-06,Humboldt,23,135768,296,266,1,267,4
2020-08-06,Imperial,25,180216,10632,8064,6,8070,163
2020-08-06,Inyo,27,18085,104,83,0,83,1
2020-08-06,Kern,29,883053,26540,21843,151,21994,197
2020-08-06,Kings,31,150075,5146,4264,27,4291,47
2020-08-06,Lake,33,64148,259,209,0,209,1
2020-08-06,Lassen,35,31185,692,588,2,590,0
2020-08-06,Los Angeles,37,10098052,214432,201372,732,202104,4874
2020-08-06,Madera,39,155013,3153,2240,9,2249,19
2020-08-06,Marin,41,260295,5631,5058,10,5068,43
2020-08-06,Mariposa,43,17540,64,52,0,52,2
2020-08-06,Mendocino,45,87422,415,260,0,260,1
2020-08-06,Merced,47,269075,6615,4235,1,4236,30
2020-08-06,Modoc,49,8938,7,4,0,4,0
2020-08-06,Mono,51,14174,159,111,1,112,1
2020-08-06,Monterey,53,433212,6277,5001,16,5017,33
2020-08-06,Napa,55,140530,1252,1032,1,1033,8
2020-08-06,Nevada,57,99092,367,321,12,333,1
2020-08-06,Orange,59,3164182,45680,38399,885,39284,694
2020-08-06,Placer,61,380077,2556,2045,3,2048,20
2020-08-06,Plumas,63,18699,37,25,0,25,0
2020-08-06,Riverside,65,2383286,47582,40269,23,40292,781
2020-08-06,Sacramento,67,1510023,14228,10548,10,10558,153
2020-08-06,San Benito,69,59416,789,626,0,626,2
2020-08-06,San Bernardino,71,2135413,43017,34819,32,34851,516
2020-08-06,San Diego,73,3302833,34229,31129,0,31129,583
2020-08-06,San Francisco,75,870044,7948,6737,6,6743,60
2020-08-06,San Joaquin,77,732212,15802,12269,18,12287,203
2020-08-06,San Luis Obispo,79,281455,2345,2000,9,2009,13
2020-08-06,San Mateo,81,765935,7106,5885,4,5889,117
2020-08-06,Santa Barbara,83,443738,7602,6620,53,6673,65
2020-08-06,Santa Clara,85,1922200,14218,11280,18,11298,178
2020-08-06,Santa Cruz,87,273765,1453,1215,11,1226,4
2020-08-06,Shasta,89,179085,528,343,3,346,9
2020-08-06,Sierra,91,2930,5,3,0,3,0
2020-08-06,Siskiyou,93,43540,108,73,0,73,0
2020-08-06,Solano,95,438530,4646,3784,28,3812,29
2020-08-06,Sonoma,97,501317,4236,3259,7,3266,33
2020-08-06,Stanislaus,99,539301,12809,9566,90,9656,98
2020-08-06,Sutter,101,95872,986,797,1,798,6
2020-08-06,Tehama,103,63373,311,242,1,243,1
2020-08-06,Trinity,105,12862,10,5,4,9,0
2020-08-06,Tulare,107,460477,12137,10169,27,10196,195
2020-08-06,Tuolumne,109,53932,159,136,1,137,1
2020-08-06,Ventura,111,848112,9363,8245,30,8275,80
2020-08-06,Yolo,113,214977,2023,1662,4,1666,36
2020-08-06,Yuba,115,75493,605,407,0,407,1
2020-08-05,Alameda,1,1643700,14779,12140,114,12254,193
2020-08-05,Alpine,3,1148,3,2,0,2,0
2020-08-05,Amador,5,37829,218,123,0,123,0
2020-08-05,Butte,7,227075,1315,1038,12,1050,13
2020-08-05,Calaveras,9,45235,161,116,0,116,1
2020-08-05,Colusa,11,21464,401,354,0,354,3
2020-08-05,Contra Costa,13,1133247,11387,8362,32,8394,122
2020-08-05,Del Norte,15,27424,96,69,0,69,0
2020-08-05,El Dorado,17,186661,842,692,0,692,1
2020-08-05,Fresno,19,978130,23011,16625,199,16824,159
2020-08-05,Glenn,21,27897,398,330,0,330,1
2020-08-05,Humboldt,23,135768,294,249,1,250,4
2020-08-05,Imperial,25,180216,10597,8036,6,8042,163
2020-08-05,Inyo,27,18085,102,62,0,62,1
2020-08-05,Kern,29,883053,26352,21540,146,21686,194
2020-08-05,Kings,31,150075,5101,4192,25,4217,47
2020-08-05,Lake,33,64148,252,209,0,209,1
2020-08-05,Lassen,35,31185,645,557,2,559,0
2020-08-05,Los Angeles,37,10098052,212514,198355,711,199066,4832
2020-08-05,Madera,39,155013,3111,2172,9,2181,19
2020-08-05,Marin,41,260295,5599,5036,10,5046,43
2020-08-05,Mariposa,43,17540,64,52,0,52,2
2020-08-05,Mendocino,45,87422,403,248,0,248,1
2020-08-05,Merced,47,269075,6480,4119,1,4120,30
2020-08-05,Modoc,49,8938,7,3,0,3,0
2020-08-05,Mono,51,14174,159,104,1,105,1
2020-08-05,Monterey,53,433212,6162,4936,16,4952,32
2020-08-05,Napa,55,140530,1240,1020,1,1021,8
2020-08-05,Nevada,57,99092,358,327,12,339,2
2020-08-05,Orange,59,3164182,45371,37907,878,38785,663
2020-08-05,Placer,61,380077,2515,1989,3,1992,18
2020-08-05,Plumas,63,18699,36,25,0,25,0
2020-08-05,Riverside,65,2383286,47191,39454,21,39475,761
2020-08-05,Sacramento,67,1510023,14009,10261,9,10270,151
2020-08-05,San Benito,69,59416,780,613,0,613,2
2020-08-05,San Bernardino,71,2135413,42554,34442,30,34472,504
2020-08-05,San Diego,73,3302833,34005,30866,0,30866,578
2020-08-05,San Francisco,75,870044,7855,6701,6,6707,60
2020-08-05,San Joaquin,77,732212,15639,12148,18,12166,199
2020-08-05,San Luis Obispo,79,281455,2322,1928,9,1937,13
2020-08-05,San Mateo,81,765935,7010,5695,4,5699,116
2020-08-05,Santa Barbara,83,443738,7541,6597,53,6650,63
2020-08-05,Santa Clara,85,1922200,13983,11074,18,11092,176
2020-08-05,Santa Cruz,87,273765,1433,1192,9,1201,4
2020-08-05,Shasta,89,179085,522,338,3,341,9
2020-08-05,Sierra,91,2930,5,3,0,3,0
2020-08-05,Siskiyou,93,43540,104,72,0,72,0
2020-08-05,Solano,95,438530,4595,3750,27,3777,29
2020-08-05,Sonoma,97,501317,4154,3173,7,3180,33
2020-08-05,Stanislaus,99,539301,12650,9408,85,9493,97
2020-08-05,Sutter,101,95872,975,780,1,781,6
2020-08-05,Tehama,103,63373,308,231,1,232,1
2020-08-05,Trinity,105,12862,10,5,4,9,0
2020-08-05,Tulare,107,460477,11997,9924,27,9951,192
2020-08-05,Tuolumne,109,53932,159,137,1,138,0
2020-08-05,Ventura,111,848112,9255,8162,27,8189,75
2020-08-05,Yolo,113,214977,1995,1634,4,1638,36
2020-08-05,Yuba,115,75493,588,400,0,400,1
2020-08-04,Alameda,1,1643700,14562,11983,113,12096,192
2020-08-04,Alpine,3,1148,3,2,0,2,0
2020-08-04,Amador,5,37829,203,123,0,123,0
2020-08-04,Butte,7,227075,1291,1011,12,1023,10
2020-08-04,Calaveras,9,45235,157,116,0,116,1
2020-08-04,Colusa,11,21464,396,354,0,354,3
2020-08-04,Contra Costa,13,1133247,11221,8210,32,8242,122
2020-08-04,Del Norte,15,27424,94,69,0,69,0
2020-08-04,El Dorado,17,186661,832,668,0,668,1
2020-08-04,Fresno,19,978130,22728,16272,191,16463,154
2020-08-04,Glenn,21,27897,397,325,0,325,1
2020-08-04,Humboldt,23,135768,284,241,1,242,4
2020-08-04,Imperial,25,180216,10560,7974,6,7980,163
2020-08-04,Inyo,27,18085,88,59,0,59,1
2020-08-04,Kern,29,883053,26068,21403,146,21549,190
2020-08-04,Kings,31,150075,5040,4163,25,4188,47
2020-08-04,Lake,33,64148,252,206,0,206,1
2020-08-04,Lassen,35,31185,642,556,2,558,0
2020-08-04,Los Angeles,37,10098052,210550,196014,680,196694,4764
2020-08-04,Madera,39,155013,3068,2161,4,2165,19
2020-08-04,Marin,41,260295,5568,5020,9,5029,43
2020-08-04,Mariposa,43,17540,64,51,0,51,2
2020-08-04,Mendocino,45,87422,378,248,0,248,1
2020-08-04,Merced,47,269075,6366,4085,1,4086,30
2020-08-04,Modoc,49,8938,7,3,0,3,0
2020-08-04,Mono,51,14174,158,104,0,104,1
2020-08-04,Monterey,53,433212,6048,4892,16,4908,32
2020-08-04,Napa,55,140530,1227,994,0,994,8
2020-08-04,Nevada,57,99092,357,322,12,334,2
2020-08-04,Orange,59,3164182,44997,37844,873,38717,659
2020-08-04,Placer,61,380077,2476,1964,3,1967,17
2020-08-04,Plumas,63,18699,36,25,0,25,0
2020-08-04,Riverside,65,2383286,46806,38991,20,39011,743
2020-08-04,Sacramento,67,1510023,13790,10205,9,10214,146
2020-08-04,San Benito,69,59416,764,608,0,608,2
2020-08-04,San Bernardino,71,2135413,42009,34215,29,34244,495
2020-08-04,San Diego,73,3302833,33712,30518,0,30518,568
2020-08-04,San Francisco,75,870044,7768,6568,6,6574,60
2020-08-04,San Joaquin,77,732212,15510,12087,15,12102,189
2020-08-04,San Luis Obispo,79,281455,2292,1886,9,1895,13
2020-08-04,San Mateo,81,765935,6904,5690,4,5694,116
2020-08-04,Santa Barbara,83,443738,7481,6591,53,6644,61
2020-08-04,Santa Clara,85,1922200,13683,10986,18,11004,175
2020-08-04,Santa Cruz,87,273765,1414,1202,9,1211,4
2020-08-04,Shasta,89,179085,516,335,3,338,9
2020-08-04,Sierra,91,2930,5,1,0,1,0
2020-08-04,Siskiyou,93,43540,102,71,0,71,0
2020-08-04,Solano,95,438530,4524,3690,27,3717,29
2020-08-04,Sonoma,97,501317,4087,3108,7,3115,33
2020-08-04,Stanislaus,99,539301,12481,9359,77,9436,97
2020-08-04,Sutter,101,95872,961,761,1,762,6
2020-08-04,Tehama,103,63373,301,226,1,227,1
2020-08-04,Trinity,105,12862,10,5,4,9,0
2020-08-04,Tulare,107,460477,11817,9866,27,9893,192
2020-08-04,Tuolumne,109,53932,158,127,1,128,0
2020-08-04,Ventura,111,848112,9147,8134,25,8159,75
2020-08-04,Yolo,113,214977,1969,1626,4,1630,37
2020-08-04,Yuba,115,75493,573,398,0,398,1
2020-08-03,Alameda,1,1643700,14379,11817,109,11926,189
2020-08-03,Alpine,3,1148,3,2,0,2,0
2020-08-03,Amador,5,37829,199,119,0,119,0
2020-08-03,Butte,7,227075,1245,989,11,1000,9
2020-08-03,Calaveras,9,45235,154,117,0,117,1
2020-08-03,Colusa,11,21464,392,336,0,336,2
2020-08-03,Contra Costa,13,1133247,11025,8069,28,8097,120
2020-08-03,Del Norte,15,27424,90,68,0,68,0
2020-08-03,El Dorado,17,186661,821,645,0,645,1
2020-08-03,Fresno,19,978130,22433,15945,185,16130,151
2020-08-03,Glenn,21,27897,390,316,0,316,1
2020-08-03,Humboldt,23,135768,277,234,1,235,4
2020-08-03,Imperial,25,180216,10506,7953,6,7959,161
2020-08-03,Inyo,27,18085,85,57,0,57,1
2020-08-03,Kern,29,883053,25701,21285,139,21424,176
2020-08-03,Kings,31,150075,4928,4107,25,4132,47
2020-08-03,Lake,33,64148,245,201,0,201,1
2020-08-03,Lassen,35,31185,642,555,2,557,0
2020-08-03,Los Angeles,37,10098052,208507,194103,649,194752,4706
2020-08-03,Madera,39,155013,3019,2143,3,2146,18
2020-08-03,Marin,41,260295,5521,5001,9,5010,43
2020-08-03,Mariposa,43,17540,63,52,0,52,2
2020-08-03,Mendocino,45,87422,355,248,0,248,1
2020-08-03,Merced,47,269075,6244,4028,1,4029,29
2020-08-03,Modoc,49,8938,7,2,0,2,0
2020-08-03,Mono,51,14174,158,104,0,104,1
2020-08-03,Monterey,53,433212,5897,4806,13,4819,28
2020-08-03,Napa,55,140530,1212,973,0,973,8
2020-08-03,Nevada,57,99092,352,315,12,327,2
2020-08-03,Orange,59,3164182,44603,37705,864,38569,651
2020-08-03,Placer,61,380077,2421,1947,2,1949,16
2020-08-03,Plumas,63,18699,36,25,0,25,0
2020-08-03,Riverside,65,2383286,46338,38642,20,38662,740
2020-08-03,Sacramento,67,1510023,13593,10143,9,10152,142
2020-08-03,San Benito,69,59416,752,603,0,603,2
2020-08-03,San Bernardino,71,2135413,41482,33979,28,34007,444
2020-08-03,San Diego,73,3302833,33399,30228,0,30228,565
2020-08-03,San Francisco,75,870044,7674,6319,6,6325,60
2020-08-03,San Joaquin,77,732212,15312,12007,14,12021,189
2020-08-03,San Luis Obispo,79,281455,2250,1863,6,1869,14
2020-08-03,San Mateo,81,765935,6823,5661,4,5665,115
2020-08-03,Santa Barbara,83,443738,7437,6580,53,6633,59
2020-08-03,Santa Clara,85,1922200,13407,10747,18,10765,172
2020-08-03,Santa Cruz,87,273765,1394,1154,9,1163,4
2020-08-03,Shasta,89,179085,509,322,3,325,9
2020-08-03,Sierra,91,2930,5,1,0,1,0
2020-08-03,Siskiyou,93,43540,98,67,0,67,0
2020-08-03,Solano,95,438530,4455,3610,26,3636,29
2020-08-03,Sonoma,97,501317,3988,3079,6,3085,33
2020-08-03,Stanislaus,99,539301,12274,9308,69,9377,96
2020-08-03,Sutter,101,95872,937,713,1,714,6
2020-08-03,Tehama,103,63373,293,225,1,226,1
2020-08-03,Trinity,105,12862,10,5,4,9,0
2020-08-03,Tulare,107,460477,11633,9703,27,9730,188
2020-08-03,Tuolumne,109,53932,158,123,1,124,0
2020-08-03,Ventura,111,848112,9061,8084,23,8107,74
2020-08-03,Yolo,113,214977,1934,1598,3,1601,37
2020-08-03,Yuba,115,75493,549,393,0,393,1
2020-08-02,Alameda,1,1643700,14135,11696,95,11791,188
2020-08-02,Alpine,3,1148,3,2,0,2,0
2020-08-02,Amador,5,37829,194,117,0,117,0
2020-08-02,Butte,7,227075,1210,987,11,998,9
2020-08-02,Calaveras,9,45235,151,116,0,116,1
2020-08-02,Colusa,11,21464,387,335,0,335,2
2020-08-02,Contra Costa,13,1133247,10787,7995,28,8023,118
2020-08-02,Del Norte,15,27424,89,68,0,68,0
2020-08-02,El Dorado,17,186661,811,643,0,643,1
2020-08-02,Fresno,19,978130,22158,15759,178,15937,151
2020-08-02,Glenn,21,27897,389,315,0,315,1
2020-08-02,Humboldt,23,135768,272,232,1,233,4
2020-08-02,Imperial,25,180216,10443,7919,6,7925,157
2020-08-02,Inyo,27,18085,84,45,0,45,1
2020-08-02,Kern,29,883053,25403,21162,137,21299,176
2020-08-02,Kings,31,150075,4866,3964,24,3988,47
2020-08-02,Lake,33,64148,240,201,0,201,1
2020-08-02,Lassen,35,31185,642,555,2,557,0
2020-08-02,Los Angeles,37,10098052,206407,192480,631,193111,4698
2020-08-02,Madera,39,155013,2953,2123,1,2124,18
2020-08-02,Marin,41,260295,5486,4985,9,4994,43
2020-08-02,Mariposa,43,17540,61,52,0,52,2
2020-08-02,Mendocino,45,87422,345,247,0,247,1
2020-08-02,Merced,47,269075,6103,4011,1,4012,29
2020-08-02,Modoc,49,8938,7,2,0,2,0
2020-08-02,Mono,51,14174,151,104,0,104,1
2020-08-02,Monterey,53,433212,5772,4698,13,4711,28
2020-08-02,Napa,55,140530,1197,956,0,956,8
2020-08-02,Nevada,57,99092,349,314,12,326,2
2020-08-02,Orange,59,3164182,44222,37266,853,38119,651
2020-08-02,Placer,61,380077,2381,1920,2,1922,15
2020-08-02,Plumas,63,18699,36,25,0,25,0
2020-08-02,Riverside,65,2383286,45905,38507,20,38527,735
2020-08-02,Sacramento,67,1510023,13308,10099,9,10108,142
2020-08-02,San Benito,69,59416,738,599,0,599,2
2020-08-02,San Bernardino,71,2135413,40883,33643,28,33671,443
2020-08-02,San Diego,73,3302833,33060,29885,0,29885,565
2020-08-02,San Francisco,75,870044,7556,6297,6,6303,60
2020-08-02,San Joaquin,77,732212,15026,11937,12,11949,189
2020-08-02,San Luis Obispo,79,281455,2188,1821,6,1827,14
2020-08-02,San Mateo,81,765935,6708,5618,4,5622,115
2020-08-02,Santa Barbara,83,443738,7346,6532,53,6585,59
2020-08-02,Santa Clara,85,1922200,13189,10577,18,10595,172
2020-08-02,Santa Cruz,87,273765,1374,1162,9,1171,4
2020-08-02,Shasta,89,179085,505,318,3,321,9
2020-08-02,Sierra,91,2930,4,1,0,1,0
2020-08-02,Siskiyou,93,43540,98,65,0,65,0
2020-08-02,Solano,95,438530,4396,3609,26,3635,29
2020-08-02,Sonoma,97,501317,3904,3005,6,3011,33
2020-08-02,Stanislaus,99,539301,12059,9277,63,9340,96
2020-08-02,Sutter,101,95872,902,714,1,715,6
2020-08-02,Tehama,103,63373,287,222,1,223,1
2020-08-02,Trinity,105,12862,10,5,4,9,0
2020-08-02,Tulare,107,460477,11424,9593,27,9620,188
2020-08-02,Tuolumne,109,53932,155,123,1,124,0
2020-08-02,Ventura,111,848112,8919,8014,23,8037,73
2020-08-02,Yolo,113,214977,1910,1588,3,1591,37
2020-08-02,Yuba,115,75493,529,393,0,393,1
2020-08-01,Alameda,1,1643700,14023,11590,95,11685,188
2020-08-01,Alpine,3,1148,3,2,0,2,0
2020-08-01,Amador,5,37829,190,109,0,109,0
2020-08-01,Butte,7,227075,1196,976,11,987,9
2020-08-01,Calaveras,9,45235,147,116,0,116,1
2020-08-01,Colusa,11,21464,386,327,0,327,2
2020-08-01,Contra Costa,13,1133247,10654,7867,27,7894,116
2020-08-01,Del Norte,15,27424,89,68,0,68,0
2020-08-01,El Dorado,17,186661,808,637,0,637,1
2020-08-01,Fresno,19,978130,22021,15448,178,15626,149
2020-08-01,Glenn,21,27897,388,311,0,311,1
2020-08-01,Humboldt,23,135768,271,232,1,233,4
2020-08-01,Imperial,25,180216,10407,7919,6,7925,156
2020-08-01,Inyo,27,18085,82,45,0,45,1
2020-08-01,Kern,29,883053,25243,20796,133,20929,176
2020-08-01,Kings,31,150075,4840,3948,24,3972,47
2020-08-01,Lake,33,64148,238,194,0,194,1
2020-08-01,Lassen,35,31185,641,555,2,557,0
2020-08-01,Los Angeles,37,10098052,205517,191023,603,191626,4674
2020-08-01,Madera,39,155013,2915,2103,1,2104,18
2020-08-01,Marin,41,260295,5472,4945,8,4953,43
2020-08-01,Mariposa,43,17540,61,50,0,50,2
2020-08-01,Mendocino,45,87422,338,243,0,243,1
2020-08-01,Merced,47,269075,6055,3972,1,3973,29
2020-08-01,Modoc,49,8938,7,2,0,2,0
2020-08-01,Mono,51,14174,150,104,0,104,1
2020-08-01,Monterey,53,433212,5705,4611,12,4623,28
2020-08-01,Napa,55,140530,1188,923,0,923,8
2020-08-01,Nevada,57,99092,345,305,12,317,2
2020-08-01,Orange,59,3164182,43995,36703,847,37550,648
2020-08-01,Placer,61,380077,2348,1891,2,1893,14
2020-08-01,Plumas,63,18699,35,25,0,25,0
2020-08-01,Riverside,65,2383286,45693,38216,19,38235,704
2020-08-01,Sacramento,67,1510023,13151,10044,9,10053,141
2020-08-01,San Benito,69,59416,727,579,0,579,2
2020-08-01,San Bernardino,71,2135413,40648,32947,28,32975,440
2020-08-01,San Diego,73,3302833,32843,29579,0,29579,565
2020-08-01,San Francisco,75,870044,7494,6296,6,6302,60
2020-08-01,San Joaquin,77,732212,14954,11807,11,11818,189
2020-08-01,San Luis Obispo,79,281455,2161,1798,6,1804,13
2020-08-01,San Mateo,81,765935,6653,5520,4,5524,115
2020-08-01,Santa Barbara,83,443738,7306,6465,53,6518,59
2020-08-01,Santa Clara,85,1922200,13038,10281,18,10299,171
2020-08-01,Santa Cruz,87,273765,1358,1164,9,1173,4
2020-08-01,Shasta,89,179085,500,312,3,315,9
2020-08-01,Sierra,91,2930,3,1,0,1,0
2020-08-01,Siskiyou,93,43540,98,64,0,64,0
2020-08-01,Solano,95,438530,4362,3591,25,3616,29
2020-08-01,Sonoma,97,501317,3858,2890,6,2896,29
2020-08-01,Stanislaus,99,539301,11941,9221,55,9276,96
2020-08-01,Sutter,101,95872,898,714,1,715,6
2020-08-01,Tehama,103,63373,284,220,1,221,1
2020-08-01,Trinity,105,12862,10,5,4,9,0
2020-08-01,Tulare,107,460477,11356,9520,27,9547,188
2020-08-01,Tuolumne,109,53932,155,123,1,124,0
2020-08-01,Ventura,111,848112,8873,7819,23,7842,73
2020-08-01,Yolo,113,214977,1900,1557,3,1560,37
2020-08-01,Yuba,115,75493,524,387,0,387,1
2020-07-31,Alameda,1,1643700,13892,11441,95,11536,187
2020-07-31,Alpine,3,1148,3,2,0,2,0
2020-07-31,Amador,5,37829,189,98,0,98,0
2020-07-31,Butte,7,227075,1173,925,11,936,7
2020-07-31,Calaveras,9,45235,147,112,0,112,1
2020-07-31,Colusa,11,21464,376,319,0,319,2
2020-07-31,Contra Costa,13,1133247,10506,7697,26,7723,113
2020-07-31,Del Norte,15,27424,88,68,0,68,0
2020-07-31,El Dorado,17,186661,797,616,0,616,1
2020-07-31,Fresno,19,978130,21802,15083,178,15261,133
2020-07-31,Glenn,21,27897,381,304,0,304,1
2020-07-31,Humboldt,23,135768,264,229,1,230,4
2020-07-31,Imperial,25,180216,10375,7886,6,7892,155
2020-07-31,Inyo,27,18085,72,45,0,45,1
2020-07-31,Kern,29,883053,25002,20061,128,20189,173
2020-07-31,Kings,31,150075,4812,3807,24,3831,45
2020-07-31,Lake,33,64148,237,191,0,191,1
2020-07-31,Lassen,35,31185,636,544,2,546,0
2020-07-31,Los Angeles,37,10098052,203909,188688,591,189279,4628
2020-07-31,Madera,39,155013,2868,2036,1,2037,19
2020-07-31,Marin,41,260295,5428,4885,5,4890,43
2020-07-31,Mariposa,43,17540,61,49,0,49,2
2020-07-31,Mendocino,45,87422,323,232,0,232,1
2020-07-31,Merced,47,269075,5972,3789,1,3790,30
2020-07-31,Modoc,49,8938,6,0,0,0,0
2020-07-31,Mono,51,14174,149,104,0,104,1
2020-07-31,Monterey,53,433212,5613,4493,12,4505,24
2020-07-31,Napa,55,140530,1176,897,0,897,7
2020-07-31,Nevada,57,99092,343,302,12,314,2
2020-07-31,Orange,59,3164182,43695,36196,831,37027,620
2020-07-31,Placer,61,380077,2324,1853,2,1855,14
2020-07-31,Plumas,63,18699,34,25,0,25,0
2020-07-31,Riverside,65,2383286,45303,37612,19,37631,694
2020-07-31,Sacramento,67,1510023,12970,9872,9,9881,132
2020-07-31,San Benito,69,59416,719,567,0,567,2
2020-07-31,San Bernardino,71,2135413,40319,32332,27,32359,434
2020-07-31,San Diego,73,3302833,32609,29050,0,29050,561
2020-07-31,San Francisco,75,870044,7395,6126,6,6132,60
2020-07-31,San Joaquin,77,732212,14818,11561,11,11572,177
2020-07-31,San Luis Obispo,79,281455,2091,1746,6,1752,12
2020-07-31,San Mateo,81,765935,6581,5416,4,5420,115
2020-07-31,Santa Barbara,83,443738,7239,6375,53,6428,58
2020-07-31,Santa Clara,85,1922200,12817,9863,18,9881,171
2020-07-31,Santa Cruz,87,273765,1335,1118,9,1127,4
2020-07-31,Shasta,89,179085,490,305,3,308,9
2020-07-31,Sierra,91,2930,3,1,0,1,0
2020-07-31,Siskiyou,93,43540,96,61,0,61,0
2020-07-31,Solano,95,438530,4315,3510,24,3534,29
2020-07-31,Sonoma,97,501317,3800,2745,6,2751,27
2020-07-31,Stanislaus,99,539301,11834,9061,50,9111,94
2020-07-31,Sutter,101,95872,893,714,1,715,6
2020-07-31,Tehama,103,63373,281,213,1,214,1
2020-07-31,Trinity,105,12862,10,5,4,9,0
2020-07-31,Tulare,107,460477,11235,9365,27,9392,184
2020-07-31,Tuolumne,109,53932,155,120,1,121,0
2020-07-31,Ventura,111,848112,8798,7521,23,7544,71
2020-07-31,Yolo,113,214977,1874,1522,3,1525,38
2020-07-31,Yuba,115,75493,515,369,0,369,1
2020-07-30,Alameda,1,1643700,13693,11303,52,11355,185
2020-07-30,Alpine,3,1148,3,2,0,2,0
2020-07-30,Amador,5,37829,171,97,0,97,0
2020-07-30,Butte,7,227075,1157,915,11,926,7
2020-07-30,Calaveras,9,45235,143,111,0,111,1
2020-07-30,Colusa,11,21464,373,315,0,315,2
2020-07-30,Contra Costa,13,1133247,10321,7615,25,7640,112
2020-07-30,Del Norte,15,27424,88,68,0,68,0
2020-07-30,El Dorado,17,186661,790,608,0,608,1
2020-07-30,Fresno,19,978130,21467,14793,172,14965,133
2020-07-30,Glenn,21,27897,374,297,0,297,1
2020-07-30,Humboldt,23,135768,262,228,1,229,4
2020-07-30,Imperial,25,180216,10316,7849,6,7855,151
2020-07-30,Inyo,27,18085,68,44,0,44,1
2020-07-30,Kern,29,883053,24709,19552,124,19676,171
2020-07-30,Kings,31,150075,4708,3785,24,3809,43
2020-07-30,Lake,33,64148,231,181,0,181,1
2020-07-30,Lassen,35,31185,633,544,2,546,0
2020-07-30,Los Angeles,37,10098052,201874,186177,558,186735,4564
2020-07-30,Madera,39,155013,2798,2007,1,2008,18
2020-07-30,Marin,41,260295,5386,4835,4,4839,39
2020-07-30,Mariposa,43,17540,61,49,0,49,1
2020-07-30,Mendocino,45,87422,316,232,0,232,1
2020-07-30,Merced,47,269075,5807,3695,1,3696,30
2020-07-30,Modoc,49,8938,6,0,0,0,0
2020-07-30,Mono,51,14174,148,104,0,104,1
2020-07-30,Monterey,53,433212,5501,4352,12,4364,24
2020-07-30,Napa,55,140530,1159,874,0,874,7
2020-07-30,Nevada,57,99092,338,292,12,304,2
2020-07-30,Orange,59,3164182,43281,36105,806,36911,607
2020-07-30,Placer,61,380077,2270,1821,2,1823,14
2020-07-30,Plumas,63,18699,33,25,0,25,0
2020-07-30,Riverside,65,2383286,44762,37308,19,37327,685
2020-07-30,Sacramento,67,1510023,12749,9704,9,9713,126
2020-07-30,San Benito,69,59416,706,558,0,558,2
2020-07-30,San Bernardino,71,2135413,39795,32010,27,32037,427
2020-07-30,San Diego,73,3302833,32262,28670,0,28670,558
2020-07-30,San Francisco,75,870044,7295,6107,6,6113,59
2020-07-30,San Joaquin,77,732212,14623,11435,11,11446,161
2020-07-30,San Luis Obispo,79,281455,2056,1703,6,1709,12
2020-07-30,San Mateo,81,765935,6486,5369,4,5373,115
2020-07-30,Santa Barbara,83,443738,7159,6273,53,6326,52
2020-07-30,Santa Clara,85,1922200,12579,9708,17,9725,170
2020-07-30,Santa Cruz,87,273765,1308,1087,9,1096,4
2020-07-30,Shasta,89,179085,486,306,3,309,8
2020-07-30,Sierra,91,2930,3,1,0,1,0
2020-07-30,Siskiyou,93,43540,95,60,0,60,0
2020-07-30,Solano,95,438530,4264,3463,24,3487,29
2020-07-30,Sonoma,97,501317,3728,2684,6,2690,25
2020-07-30,Stanislaus,99,539301,11621,8890,42,8932,94
2020-07-30,Sutter,101,95872,874,698,1,699,6
2020-07-30,Tehama,103,63373,278,208,1,209,1
2020-07-30,Trinity,105,12862,10,4,4,8,0
2020-07-30,Tulare,107,460477,11106,9167,27,9194,177
2020-07-30,Tuolumne,109,53932,154,119,1,120,0
2020-07-30,Ventura,111,848112,8686,7304,21,7325,69
2020-07-30,Yolo,113,214977,1853,1511,3,1514,37
2020-07-30,Yuba,115,75493,502,362,0,362,1
2020-07-29,Alameda,1,1643700,13474,11177,47,11224,180
2020-07-29,Alpine,3,1148,3,2,0,2,0
2020-07-29,Amador,5,37829,163,80,0,80,0
2020-07-29,Butte,7,227075,1131,889,9,898,7
2020-07-29,Calaveras,9,45235,137,107,0,107,1
2020-07-29,Colusa,11,21464,369,302,0,302,2
2020-07-29,Contra Costa,13,1133247,10118,7520,25,7545,108
2020-07-29,Del Norte,15,27424,88,68,0,68,0
2020-07-29,El Dorado,17,186661,780,588,0,588,1
2020-07-29,Fresno,19,978130,21176,14312,172,14484,125
2020-07-29,Glenn,21,27897,367,294,0,294,1
2020-07-29,Humboldt,23,135768,259,221,1,222,4
2020-07-29,Imperial,25,180216,10268,7825,6,7831,147
2020-07-29,Inyo,27,18085,63,44,0,44,1
2020-07-29,Kern,29,883053,24371,19073,121,19194,162
2020-07-29,Kings,31,150075,4660,3755,24,3779,43
2020-07-29,Lake,33,64148,229,179,0,179,1
2020-07-29,Lassen,35,31185,618,513,2,515,0
2020-07-29,Los Angeles,37,10098052,199840,183600,541,184141,4523
2020-07-29,Madera,39,155013,2744,1941,1,1942,18
2020-07-29,Marin,41,260295,5348,4747,4,4751,34
2020-07-29,Mariposa,43,17540,60,47,0,47,1
2020-07-29,Mendocino,45,87422,308,228,0,228,0
2020-07-29,Merced,47,269075,5667,3605,1,3606,25
2020-07-29,Modoc,49,8938,5,0,0,0,0
2020-07-29,Mono,51,14174,145,102,0,102,1
2020-07-29,Monterey,53,433212,5402,4252,12,4264,24
2020-07-29,Napa,55,140530,1131,866,0,866,7
2020-07-29,Nevada,57,99092,334,288,12,300,1
2020-07-29,Orange,59,3164182,42847,35339,794,36133,589
2020-07-29,Placer,61,380077,2238,1798,2,1800,14
2020-07-29,Plumas,63,18699,33,25,0,25,0
2020-07-29,Riverside,65,2383286,44171,36968,19,36987,678
2020-07-29,Sacramento,67,1510023,12506,9538,9,9547,122
2020-07-29,San Benito,69,59416,691,537,0,537,2
2020-07-29,San Bernardino,71,2135413,39306,31168,26,31194,417
2020-07-29,San Diego,73,3302833,31937,28289,0,28289,552
2020-07-29,San Francisco,75,870044,7201,6041,6,6047,56
2020-07-29,San Joaquin,77,732212,14375,11249,8,11257,154
2020-07-29,San Luis Obispo,79,281455,2036,1673,6,1679,11
2020-07-29,San Mateo,81,765935,6398,5305,4,5309,114
2020-07-29,Santa Barbara,83,443738,7089,6215,53,6268,31
2020-07-29,Santa Clara,85,1922200,12371,9567,17,9584,165
2020-07-29,Santa Cruz,87,273765,1284,1051,9,1060,4
2020-07-29,Shasta,89,179085,474,297,3,300,8
2020-07-29,Sierra,91,2930,2,1,0,1,0
2020-07-29,Siskiyou,93,43540,93,58,0,58,0
2020-07-29,Solano,95,438530,4210,3380,24,3404,29
2020-07-29,Sonoma,97,501317,3651,2598,6,2604,26
2020-07-29,Stanislaus,99,539301,11400,8745,36,8781,94
2020-07-29,Sutter,101,95872,846,678,1,679,6
2020-07-29,Tehama,103,63373,274,206,1,207,1
2020-07-29,Trinity,105,12862,10,4,4,8,0
2020-07-29,Tulare,107,460477,10935,9028,27,9055,156
2020-07-29,Tuolumne,109,53932,154,118,1,119,0
2020-07-29,Ventura,111,848112,8581,7161,21,7182,68
2020-07-29,Yolo,113,214977,1827,1488,3,1491,36
2020-07-29,Yuba,115,75493,486,350,0,350,1
2020-07-28,Alameda,1,1643700,13249,10875,46,10921,180
2020-07-28,Alpine,3,1148,3,2,0,2,0
2020-07-28,Amador,5,37829,153,77,0,77,0
2020-07-28,Butte,7,227075,1096,857,9,866,7
2020-07-28,Calaveras,9,45235,136,105,0,105,1
2020-07-28,Colusa,11,21464,363,290,0,290,2
2020-07-28,Contra Costa,13,1133247,9896,7426,25,7451,107
2020-07-28,Del Norte,15,27424,87,68,0,68,0
2020-07-28,El Dorado,17,186661,765,558,0,558,1
2020-07-28,Fresno,19,978130,20842,13933,166,14099,125
2020-07-28,Glenn,21,27897,365,289,0,289,1
2020-07-28,Humboldt,23,135768,258,218,1,219,4
2020-07-28,Imperial,25,180216,10232,7804,6,7810,145
2020-07-28,Inyo,27,18085,61,43,0,43,1
2020-07-28,Kern,29,883053,24008,18834,115,18949,155
2020-07-28,Kings,31,150075,4614,3721,24,3745,41
2020-07-28,Lake,33,64148,225,179,0,179,1
2020-07-28,Lassen,35,31185,612,508,2,510,0
2020-07-28,Los Angeles,37,10098052,197606,179107,519,179626,4435
2020-07-28,Madera,39,155013,2678,1889,1,1890,18
2020-07-28,Marin,41,260295,5279,4698,4,4702,23
2020-07-28,Mariposa,43,17540,58,45,0,45,1
2020-07-28,Mendocino,45,87422,297,222,0,222,0
2020-07-28,Merced,47,269075,5522,3446,1,3447,23
2020-07-28,Modoc,49,8938,4,0,0,0,0
2020-07-28,Mono,51,14174,144,102,0,102,1
2020-07-28,Monterey,53,433212,5281,4047,12,4059,22
2020-07-28,Napa,55,140530,1109,824,0,824,6
2020-07-28,Nevada,57,99092,329,278,12,290,1
2020-07-28,Orange,59,3164182,42389,34832,780,35612,582
2020-07-28,Placer,61,380077,2205,1759,2,1761,14
2020-07-28,Plumas,63,18699,33,22,0,22,0
2020-07-28,Riverside,65,2383286,43572,36458,19,36477,668
2020-07-28,Sacramento,67,1510023,12255,9429,9,9438,117
2020-07-28,San Benito,69,59416,681,503,0,503,2
2020-07-28,San Bernardino,71,2135413,38785,30493,26,30519,412
2020-07-28,San Diego,73,3302833,31587,28007,0,28007,547
2020-07-28,San Francisco,75,870044,7088,5888,6,5894,56
2020-07-28,San Joaquin,77,732212,14092,10958,6,10964,141
2020-07-28,San Luis Obispo,79,281455,2005,1636,6,1642,9
2020-07-28,San Mateo,81,765935,6324,5171,4,5175,114
2020-07-28,Santa Barbara,83,443738,7026,6110,51,6161,31
2020-07-28,Santa Clara,85,1922200,12136,9307,17,9324,165
2020-07-28,Santa Cruz,87,273765,1257,1018,9,1027,4
2020-07-28,Shasta,89,179085,462,275,3,278,8
2020-07-28,Sierra,91,2930,2,1,0,1,0
2020-07-28,Siskiyou,93,43540,89,57,0,57,0
2020-07-28,Solano,95,438530,4163,3292,23,3315,29
2020-07-28,Sonoma,97,501317,3578,2553,6,2559,20
2020-07-28,Stanislaus,99,539301,11180,8492,27,8519,92
2020-07-28,Sutter,101,95872,809,653,0,653,2
2020-07-28,Tehama,103,63373,269,199,1,200,1
2020-07-28,Trinity,105,12862,10,3,4,7,0
2020-07-28,Tulare,107,460477,10748,8787,27,8814,96
2020-07-28,Tuolumne,109,53932,153,116,1,117,0
2020-07-28,Ventura,111,848112,8455,7045,20,7065,68
2020-07-28,Yolo,113,214977,1799,1459,3,1462,36
2020-07-28,Yuba,115,75493,469,333,0,333,1
2020-07-27,Alameda,1,1643700,13022,10645,43,10688,176
2020-07-27,Alpine,3,1148,3,2,0,2,0
2020-07-27,Amador,5,37829,148,72,0,72,0
2020-07-27,Butte,7,227075,1069,843,9,852,7
2020-07-27,Calaveras,9,45235,132,103,0,103,1
2020-07-27,Colusa,11,21464,356,271,0,271,2
2020-07-27,Contra Costa,13,1133247,9674,7256,25,7281,104
2020-07-27,Del Norte,15,27424,86,67,0,67,0
2020-07-27,El Dorado,17,186661,753,548,0,548,1
2020-07-27,Fresno,19,978130,20496,13485,160,13645,117
2020-07-27,Glenn,21,27897,363,277,0,277,1
2020-07-27,Humboldt,23,135768,253,218,1,219,4
2020-07-27,Imperial,25,180216,10182,7789,6,7795,144
2020-07-27,Inyo,27,18085,61,43,0,43,1
2020-07-27,Kern,29,883053,23506,17994,109,18103,148
2020-07-27,Kings,31,150075,4365,3685,24,3709,39
2020-07-27,Lake,33,64148,221,176,0,176,1
2020-07-27,Lassen,35,31185,612,503,2,505,0
2020-07-27,Los Angeles,37,10098052,195155,176351,498,176849,4379
2020-07-27,Madera,39,155013,2613,1793,1,1794,17
2020-07-27,Marin,41,260295,5191,4669,4,4673,22
2020-07-27,Mariposa,43,17540,58,43,0,43,1
2020-07-27,Mendocino,45,87422,284,209,0,209,0
2020-07-27,Merced,47,269075,5382,3292,1,3293,23
2020-07-27,Modoc,49,8938,3,0,0,0,0
2020-07-27,Mono,51,14174,140,99,0,99,1
2020-07-27,Monterey,53,433212,5091,3960,12,3972,21
2020-07-27,Napa,55,140530,1094,769,0,769,6
2020-07-27,Nevada,57,99092,325,268,12,280,1
2020-07-27,Orange,59,3164182,41949,34649,764,35413,566
2020-07-27,Placer,61,380077,2155,1679,2,1681,12
2020-07-27,Plumas,63,18699,33,22,0,22,0
2020-07-27,Riverside,65,2383286,42894,35822,19,35841,667
2020-07-27,Sacramento,67,1510023,11960,9091,9,9100,114
2020-07-27,San Benito,69,59416,666,498,0,498,2
2020-07-27,San Bernardino,71,2135413,38194,29928,26,29954,401
2020-07-27,San Diego,73,3302833,31213,27509,0,27509,533
2020-07-27,San Francisco,75,870044,7001,5825,6,5831,55
2020-07-27,San Joaquin,77,732212,13801,10728,6,10734,129
2020-07-27,San Luis Obispo,79,281455,1960,1612,6,1618,9
2020-07-27,San Mateo,81,765935,6215,5108,4,5112,113
2020-07-27,Santa Barbara,83,443738,6945,6026,49,6075,30
2020-07-27,Santa Clara,85,1922200,11869,9157,16,9173,166
2020-07-27,Santa Cruz,87,273765,1235,984,9,993,4
2020-07-27,Shasta,89,179085,455,275,3,278,8
2020-07-27,Sierra,91,2930,2,1,0,1,0
2020-07-27,Siskiyou,93,43540,87,54,0,54,0
2020-07-27,Solano,95,438530,4096,3198,22,3220,29
2020-07-27,Sonoma,97,501317,3487,2504,6,2510,20
2020-07-27,Stanislaus,99,539301,10953,8288,19,8307,84
2020-07-27,Sutter,101,95872,783,620,0,620,2
2020-07-27,Tehama,103,63373,261,192,1,193,1
2020-07-27,Trinity,105,12862,10,3,4,7,0
2020-07-27,Tulare,107,460477,10530,8462,27,8489,172
2020-07-27,Tuolumne,109,53932,150,115,1,116,0
2020-07-27,Ventura,111,848112,8327,6998,20,7018,68
2020-07-27,Yolo,113,214977,1754,1439,3,1442,33
2020-07-27,Yuba,115,75493,449,328,0,328,1
2020-07-26,Alameda,1,1643700,12784,10489,43,10532,176
2020-07-26,Alpine,3,1148,3,2,0,2,0
2020-07-26,Amador,5,37829,142,67,0,67,0
2020-07-26,Butte,7,227075,1033,822,9,831,5
2020-07-26,Calaveras,9,45235,129,103,0,103,1
2020-07-26,Colusa,11,21464,347,270,0,270,2
2020-07-26,Contra Costa,13,1133247,9437,7095,25,7120,104
2020-07-26,Del Norte,15,27424,84,67,0,67,0
2020-07-26,El Dorado,17,186661,735,539,0,539,1
2020-07-26,Fresno,19,978130,20105,13209,152,13361,117
2020-07-26,Glenn,21,27897,355,265,0,265,1
2020-07-26,Humboldt,23,135768,247,214,1,215,4
2020-07-26,Imperial,25,180216,10109,7781,6,7787,144
2020-07-26,Inyo,27,18085,56,43,0,43,1
2020-07-26,Kern,29,883053,22982,17394,106,17500,148
2020-07-26,Kings,31,150075,4306,3591,24,3615,39
2020-07-26,Lake,33,64148,213,174,0,174,1
2020-07-26,Lassen,35,31185,571,503,2,505,0
2020-07-26,Los Angeles,37,10098052,192581,174322,478,174800,4364
2020-07-26,Madera,39,155013,2526,1744,1,1745,17
2020-07-26,Marin,41,260295,5145,4595,4,4599,22
2020-07-26,Mariposa,43,17540,56,43,0,43,1
2020-07-26,Mendocino,45,87422,275,206,0,206,0
2020-07-26,Merced,47,269075,5202,3251,1,3252,23
2020-07-26,Modoc,49,8938,3,0,0,0,0
2020-07-26,Mono,51,14174,136,82,0,82,1
2020-07-26,Monterey,53,433212,4925,3901,12,3913,21
2020-07-26,Napa,55,140530,1075,769,0,769,6
2020-07-26,Nevada,57,99092,322,261,12,273,1
2020-07-26,Orange,59,3164182,41424,34352,733,35085,564
2020-07-26,Placer,61,380077,2087,1628,2,1630,12
2020-07-26,Plumas,63,18699,33,22,0,22,0
2020-07-26,Riverside,65,2383286,42335,35636,19,35655,665
2020-07-26,Sacramento,67,1510023,11657,8972,9,8981,114
2020-07-26,San Benito,69,59416,654,495,0,495,2
2020-07-26,San Bernardino,71,2135413,37557,29545,24,29569,400
2020-07-26,San Diego,73,3302833,30818,26986,0,26986,533
2020-07-26,San Francisco,75,870044,6893,5823,6,5829,55
2020-07-26,San Joaquin,77,732212,13509,10637,6,10643,129
2020-07-26,San Luis Obispo,79,281455,1917,1565,6,1571,8
2020-07-26,San Mateo,81,765935,6109,5078,4,5082,113
2020-07-26,Santa Barbara,83,443738,6843,5939,49,5988,30
2020-07-26,Santa Clara,85,1922200,11639,8986,16,9002,166
2020-07-26,Santa Cruz,87,273765,1208,970,9,979,4
2020-07-26,Shasta,89,179085,448,265,3,268,8
2020-07-26,Sierra,91,2930,2,1,0,1,0
2020-07-26,Siskiyou,93,43540,85,54,0,54,0
2020-07-26,Solano,95,438530,4016,3197,20,3217,29
2020-07-26,Sonoma,97,501317,3398,2503,5,2508,20
2020-07-26,Stanislaus,99,539301,10693,8228,17,8245,84
2020-07-26,Sutter,101,95872,769,612,0,612,2
2020-07-26,Tehama,103,63373,254,175,1,176,1
2020-07-26,Trinity,105,12862,10,3,4,7,0
2020-07-26,Tulare,107,460477,10323,8392,27,8419,172
2020-07-26,Tuolumne,109,53932,145,113,1,114,0
2020-07-26,Ventura,111,848112,8121,6844,20,6864,67
2020-07-26,Yolo,113,214977,1723,1408,3,1411,33
2020-07-26,Yuba,115,75493,430,313,0,313,1
2020-07-25,Alameda,1,1643700,12687,10361,41,10402,176
2020-07-25,Alpine,3,1148,3,2,0,2,0
2020-07-25,Amador,5,37829,139,67,0,67,0
2020-07-25,Butte,7,227075,1024,810,9,819,5
2020-07-25,Calaveras,9,45235,125,103,0,103,1
2020-07-25,Colusa,11,21464,340,265,0,265,2
2020-07-25,Contra Costa,13,1133247,9292,6920,25,6945,104
2020-07-25,Del Norte,15,27424,84,67,0,67,0
2020-07-25,El Dorado,17,186661,724,528,0,528,1
2020-07-25,Fresno,19,978130,19919,12866,152,13018,117
2020-07-25,Glenn,21,27897,353,260,0,260,1
2020-07-25,Humboldt,23,135768,244,212,1,213,4
2020-07-25,Imperial,25,180216,10083,7727,6,7733,144
2020-07-25,Inyo,27,18085,55,43,0,43,1
2020-07-25,Kern,29,883053,22764,16910,105,17015,148
2020-07-25,Kings,31,150075,4289,3516,24,3540,39
2020-07-25,Lake,33,64148,211,173,0,173,1
2020-07-25,Lassen,35,31185,571,503,2,505,0
2020-07-25,Los Angeles,37,10098052,191450,172611,470,173081,4357
2020-07-25,Madera,39,155013,2494,1724,1,1725,17
2020-07-25,Marin,41,260295,5129,4562,4,4566,22
2020-07-25,Mariposa,43,17540,55,43,0,43,1
2020-07-25,Mendocino,45,87422,269,190,0,190,0
2020-07-25,Merced,47,269075,5123,3176,1,3177,23
2020-07-25,Modoc,49,8938,3,0,0,0,0
2020-07-25,Mono,51,14174,136,82,0,82,1
2020-07-25,Monterey,53,433212,4848,3805,12,3817,21
2020-07-25,Napa,55,140530,1062,746,0,746,6
2020-07-25,Nevada,57,99092,320,257,12,269,1
2020-07-25,Orange,59,3164182,41204,33978,711,34689,561
2020-07-25,Placer,61,380077,2070,1596,2,1598,12
2020-07-25,Plumas,63,18699,33,22,0,22,0
2020-07-25,Riverside,65,2383286,42066,34921,19,34940,655
2020-07-25,Sacramento,67,1510023,11509,8674,9,8683,113
2020-07-25,San Benito,69,59416,638,492,0,492,2
2020-07-25,San Bernardino,71,2135413,37278,29265,24,29289,394
2020-07-25,San Diego,73,3302833,30557,26703,0,26703,533
2020-07-25,San Francisco,75,870044,6835,5644,6,5650,55
2020-07-25,San Joaquin,77,732212,13383,10347,6,10353,129
2020-07-25,San Luis Obispo,79,281455,1897,1530,5,1535,8
2020-07-25,San Mateo,81,765935,6046,5023,4,5027,113
2020-07-25,Santa Barbara,83,443738,6808,5880,49,5929,30
2020-07-25,Santa Clara,85,1922200,11505,8767,16,8783,166
2020-07-25,Santa Cruz,87,273765,1191,939,9,948,4
2020-07-25,Shasta,89,179085,443,263,1,264,8
2020-07-25,Sierra,91,2930,2,1,0,1,0
2020-07-25,Siskiyou,93,43540,83,54,0,54,0
2020-07-25,Solano,95,438530,3976,3107,18,3125,29
2020-07-25,Sonoma,97,501317,3359,2412,5,2417,20
2020-07-25,Stanislaus,99,539301,10590,7994,14,8008,84
2020-07-25,Sutter,101,95872,750,603,0,603,2
2020-07-25,Tehama,103,63373,253,169,1,170,1
2020-07-25,Trinity,105,12862,10,3,4,7,0
2020-07-25,Tulare,107,460477,10223,8310,27,8337,172
2020-07-25,Tuolumne,109,53932,144,99,1,100,0
2020-07-25,Ventura,111,848112,8048,6662,20,6682,62
2020-07-25,Yolo,113,214977,1708,1357,3,1360,35
2020-07-25,Yuba,115,75493,424,312,0,312,1
2020-07-24,Alameda,1,1643700,12545,10216,38,10254,176
2020-07-24,Alpine,3,1148,3,2,0,2,0
2020-07-24,Amador,5,37829,137,66,0,66,0
2020-07-24,Butte,7,227075,1012,751,9,760,5
2020-07-24,Calaveras,9,45235,121,102,0,102,0
2020-07-24,Colusa,11,21464,337,255,0,255,2
2020-07-24,Contra Costa,13,1133247,9146,6814,25,6839,100
2020-07-24,Del Norte,15,27424,84,66,0,66,0
2020-07-24,El Dorado,17,186661,702,516,0,516,1
2020-07-24,Fresno,19,978130,19693,12564,152,12716,115
2020-07-24,Glenn,21,27897,350,251,0,251,1
2020-07-24,Humboldt,23,135768,241,210,1,211,4
2020-07-24,Imperial,25,180216,10061,7686,6,7692,141
2020-07-24,Inyo,27,18085,55,41,0,41,1
2020-07-24,Kern,29,883053,22523,16124,105,16229,143
2020-07-24,Kings,31,150075,4260,3471,24,3495,39
2020-07-24,Lake,33,64148,209,167,0,167,1
2020-07-24,Lassen,35,31185,571,503,2,505,0
2020-07-24,Los Angeles,37,10098052,189431,169078,457,169535,4302
2020-07-24,Madera,39,155013,2461,1679,1,1680,16
2020-07-24,Marin,41,260295,5102,4517,4,4521,22
2020-07-24,Mariposa,43,17540,55,41,0,41,1
2020-07-24,Mendocino,45,87422,262,188,0,188,0
2020-07-24,Merced,47,269075,5038,3100,1,3101,23
2020-07-24,Modoc,49,8938,3,0,0,0,0
2020-07-24,Mono,51,14174,135,82,0,82,1
2020-07-24,Monterey,53,433212,4776,3748,12,3760,21
2020-07-24,Napa,55,140530,1049,741,0,741,6
2020-07-24,Nevada,57,99092,317,255,12,267,1
2020-07-24,Orange,59,3164182,40917,33530,694,34224,557
2020-07-24,Placer,61,380077,2040,1551,2,1553,12
2020-07-24,Plumas,63,18699,33,22,0,22,0
2020-07-24,Riverside,65,2383286,41643,34513,18,34531,631
2020-07-24,Sacramento,67,1510023,11324,8570,9,8579,110
2020-07-24,San Benito,69,59416,631,485,0,485,2
2020-07-24,San Bernardino,71,2135413,36906,28990,24,29014,386
2020-07-24,San Diego,73,3302833,30257,26100,0,26100,524
2020-07-24,San Francisco,75,870044,6741,5611,6,5617,55
2020-07-24,San Joaquin,77,732212,13235,10190,6,10196,118
2020-07-24,San Luis Obispo,79,281455,1873,1476,5,1481,8
2020-07-24,San Mateo,81,765935,5983,4954,4,4958,112
2020-07-24,Santa Barbara,83,443738,6754,5776,47,5823,30
2020-07-24,Santa Clara,85,1922200,11341,8658,16,8674,165
2020-07-24,Santa Cruz,87,273765,1171,930,9,939,4
2020-07-24,Shasta,89,179085,435,262,1,263,8
2020-07-24,Sierra,91,2930,2,1,0,1,0
2020-07-24,Siskiyou,93,43540,83,53,0,53,0
2020-07-24,Solano,95,438530,3940,3062,15,3077,29
2020-07-24,Sonoma,97,501317,3306,2345,5,2350,20
2020-07-24,Stanislaus,99,539301,10418,7861,11,7872,82
2020-07-24,Sutter,101,95872,739,593,0,593,2
2020-07-24,Tehama,103,63373,245,170,1,171,1
2020-07-24,Trinity,105,12862,9,3,4,7,0
2020-07-24,Tulare,107,460477,10129,8167,25,8192,167
2020-07-24,Tuolumne,109,53932,138,99,1,100,0
2020-07-24,Ventura,111,848112,7963,6553,20,6573,60
2020-07-24,Yolo,113,214977,1694,1329,3,1332,35
2020-07-24,Yuba,115,75493,409,307,0,307,1
2020-07-23,Alameda,1,1643700,12306,9924,38,9962,171
2020-07-23,Alpine,3,1148,3,2,0,2,0
2020-07-23,Amador,5,37829,120,61,0,61,0
2020-07-23,Butte,7,227075,997,726,9,735,5
2020-07-23,Calaveras,9,45235,114,102,0,102,0
2020-07-23,Colusa,11,21464,329,242,0,242,2
2020-07-23,Contra Costa,13,1133247,8945,6619,23,6642,98
2020-07-23,Del Norte,15,27424,84,66,0,66,0
2020-07-23,El Dorado,17,186661,691,491,0,491,1
2020-07-23,Fresno,19,978130,19337,12164,149,12313,112
2020-07-23,Glenn,21,27897,345,246,0,246,1
2020-07-23,Humboldt,23,135768,240,208,1,209,4
2020-07-23,Imperial,25,180216,10011,7604,6,7610,138
2020-07-23,Inyo,27,18085,53,38,0,38,1
2020-07-23,Kern,29,883053,22116,14491,101,14592,128
2020-07-23,Kings,31,150075,4152,3371,24,3395,39
2020-07-23,Lake,33,64148,200,160,0,160,1
2020-07-23,Lassen,35,31185,568,503,2,505,0
2020-07-23,Los Angeles,37,10098052,186884,167198,431,167629,4265
2020-07-23,Madera,39,155013,2394,1659,1,1660,13
2020-07-23,Marin,41,260295,5050,4423,4,4427,22
2020-07-23,Mariposa,43,17540,55,40,0,40,1
2020-07-23,Mendocino,45,87422,252,178,0,178,0
2020-07-23,Merced,47,269075,4882,2972,1,2973,22
2020-07-23,Modoc,49,8938,3,0,0,0,0
2020-07-23,Mono,51,14174,131,82,0,82,1
2020-07-23,Monterey,53,433212,4659,3655,12,3667,21
2020-07-23,Napa,55,140530,1025,713,0,713,5
2020-07-23,Nevada,57,99092,314,247,12,259,1
2020-07-23,Orange,59,3164182,40421,32863,663,33526,544
2020-07-23,Placer,61,380077,1996,1519,2,1521,12
2020-07-23,Plumas,63,18699,32,21,0,21,0
2020-07-23,Riverside,65,2383286,41038,33833,18,33851,630
2020-07-23,Sacramento,67,1510023,11094,8222,9,8231,108
2020-07-23,San Benito,69,59416,616,478,0,478,2
2020-07-23,San Bernardino,71,2135413,36387,28121,23,28144,369
2020-07-23,San Diego,73,3302833,29883,25109,0,25109,505
2020-07-23,San Francisco,75,870044,6639,5543,6,5549,55
2020-07-23,San Joaquin,77,732212,13016,9861,6,9867,111
2020-07-23,San Luis Obispo,79,281455,1847,1438,5,1443,7
2020-07-23,San Mateo,81,765935,5878,4895,4,4899,113
2020-07-23,Santa Barbara,83,443738,6680,5628,47,5675,30
2020-07-23,Santa Clara,85,1922200,11123,8458,16,8474,165
2020-07-23,Santa Cruz,87,273765,1135,887,9,896,3
2020-07-23,Shasta,89,179085,424,254,1,255,9
2020-07-23,Sierra,91,2930,2,1,0,1,0
2020-07-23,Siskiyou,93,43540,81,53,0,53,0
2020-07-23,Solano,95,438530,3876,2962,13,2975,29
2020-07-23,Sonoma,97,501317,3230,2289,5,2294,18
2020-07-23,Stanislaus,99,539301,10176,7603,11,7614,71
2020-07-23,Sutter,101,95872,706,570,0,570,2
2020-07-23,Tehama,103,63373,239,158,1,159,1
2020-07-23,Trinity,105,12862,8,3,4,7,0
2020-07-23,Tulare,107,460477,9940,7898,25,7923,168
2020-07-23,Tuolumne,109,53932,138,93,1,94,0
2020-07-23,Ventura,111,848112,7839,6303,20,6323,56
2020-07-23,Yolo,113,214977,1676,1279,3,1282,35
2020-07-23,Yuba,115,75493,389,297,0,297,1
2020-07-22,Alameda,1,1643700,12087,9678,37,9715,169
2020-07-22,Alpine,3,1148,3,2,0,2,0
2020-07-22,Amador,5,37829,118,58,0,58,0
2020-07-22,Butte,7,227075,962,694,8,702,5
2020-07-22,Calaveras,9,45235,114,98,0,98,0
2020-07-22,Colusa,11,21464,322,236,0,236,0
2020-07-22,Contra Costa,13,1133247,8719,6401,23,6424,98
2020-07-22,Del Norte,15,27424,84,66,0,66,0
2020-07-22,El Dorado,17,186661,678,466,0,466,1
2020-07-22,Fresno,19,978130,18977,11756,143,11899,110
2020-07-22,Glenn,21,27897,339,236,0,236,1
2020-07-22,Humboldt,23,135768,238,201,1,202,4
2020-07-22,Imperial,25,180216,9952,7533,6,7539,134
2020-07-22,Inyo,27,18085,49,38,0,38,1
2020-07-22,Kern,29,883053,21683,13513,94,13607,127
2020-07-22,Kings,31,150075,4098,3271,24,3295,38
2020-07-22,Lake,33,64148,197,160,0,160,1
2020-07-22,Lassen,35,31185,565,500,2,502,0
2020-07-22,Los Angeles,37,10098052,184223,165242,407,165649,4218
2020-07-22,Madera,39,155013,2319,1578,1,1579,10
2020-07-22,Marin,41,260295,4994,4373,4,4377,23
2020-07-22,Mariposa,43,17540,55,38,0,38,1
2020-07-22,Mendocino,45,87422,245,166,0,166,0
2020-07-22,Merced,47,269075,4755,2828,1,2829,15
2020-07-22,Modoc,49,8938,3,0,0,0,0
2020-07-22,Mono,51,14174,128,82,0,82,1
2020-07-22,Monterey,53,433212,4558,3533,12,3545,20
2020-07-22,Napa,55,140530,1003,687,0,687,5
2020-07-22,Nevada,57,99092,308,239,11,250,1
2020-07-22,Orange,59,3164182,39922,32047,654,32701,522
2020-07-22,Placer,61,380077,1939,1469,2,1471,12
2020-07-22,Plumas,63,18699,31,20,0,20,0
2020-07-22,Riverside,65,2383286,40404,33093,18,33111,612
2020-07-22,Sacramento,67,1510023,10829,8028,8,8036,106
2020-07-22,San Benito,69,59416,602,465,0,465,2
2020-07-22,San Bernardino,71,2135413,35867,26820,23,26843,348
2020-07-22,San Diego,73,3302833,29495,25109,0,25109,505
2020-07-22,San Francisco,75,870044,6535,5473,5,5478,53
2020-07-22,San Joaquin,77,732212,12740,9628,6,9634,102
2020-07-22,San Luis Obispo,79,281455,1803,1373,5,1378,7
2020-07-22,San Mateo,81,765935,5789,4796,4,4800,112
2020-07-22,Santa Barbara,83,443738,6593,5508,45,5553,29
2020-07-22,Santa Clara,85,1922200,10878,8266,16,8282,166
2020-07-22,Santa Cruz,87,273765,1112,866,9,875,3
2020-07-22,Shasta,89,179085,414,246,1,247,9
2020-07-22,Sierra,91,2930,1,1,0,1,0
2020-07-22,Siskiyou,93,43540,80,52,0,52,0
2020-07-22,Solano,95,438530,3815,2839,12,2851,29
2020-07-22,Sonoma,97,501317,3153,2255,5,2260,17
2020-07-22,Stanislaus,99,539301,10005,7401,11,7412,71
2020-07-22,Sutter,101,95872,682,551,0,551,2
2020-07-22,Tehama,103,63373,231,155,1,156,1
2020-07-22,Trinity,105,12862,8,3,4,7,0
2020-07-22,Tulare,107,460477,9707,7640,25,7665,167
2020-07-22,Tuolumne,109,53932,134,91,1,92,0
2020-07-22,Ventura,111,848112,7712,6223,18,6241,56
2020-07-22,Yolo,113,214977,1633,1233,3,1236,34
2020-07-22,Yuba,115,75493,374,288,0,288,1
2020-07-21,Alameda,1,1643700,11873,9390,37,9427,166
2020-07-21,Alpine,3,1148,3,2,0,2,0
2020-07-21,Amador,5,37829,113,55,0,55,0
2020-07-21,Butte,7,227075,917,659,7,666,5
2020-07-21,Calaveras,9,45235,109,96,0,96,0
2020-07-21,Colusa,11,21464,298,227,0,227,0
2020-07-21,Contra Costa,13,1133247,8477,6210,23,6233,98
2020-07-21,Del Norte,15,27424,84,66,0,66,0
2020-07-21,El Dorado,17,186661,670,440,0,440,1
2020-07-21,Fresno,19,978130,18578,11412,137,11549,107
2020-07-21,Glenn,21,27897,332,229,0,229,1
2020-07-21,Humboldt,23,135768,236,198,1,199,4
2020-07-21,Imperial,25,180216,9903,7458,6,7464,128
2020-07-21,Inyo,27,18085,48,38,0,38,1
2020-07-21,Kern,29,883053,21261,11998,88,12086,119
2020-07-21,Kings,31,150075,4034,3187,24,3211,38
2020-07-21,Lake,33,64148,197,157,0,157,1
2020-07-21,Lassen,35,31185,563,474,2,476,0
2020-07-21,Los Angeles,37,10098052,181219,162205,385,162590,4159
2020-07-21,Madera,39,155013,2254,1508,1,1509,10
2020-07-21,Marin,41,260295,4922,4318,4,4322,21
2020-07-21,Mariposa,43,17540,54,37,0,37,1
2020-07-21,Mendocino,45,87422,234,160,0,160,0
2020-07-21,Merced,47,269075,4576,2725,1,2726,15
2020-07-21,Modoc,49,8938,3,0,0,0,0
2020-07-21,Mono,51,14174,124,79,0,79,1
2020-07-21,Monterey,53,433212,4426,3404,11,3415,20
2020-07-21,Napa,55,140530,976,660,0,660,5
2020-07-21,Nevada,57,99092,306,228,9,237,1
2020-07-21,Orange,59,3164182,39426,31356,620,31976,515
2020-07-21,Placer,61,380077,1899,1413,2,1415,11
2020-07-21,Plumas,63,18699,31,19,0,19,0
2020-07-21,Riverside,65,2383286,39703,32231,18,32249,583
2020-07-21,Sacramento,67,1510023,10557,7789,7,7796,102
2020-07-21,San Benito,69,59416,591,444,0,444,2
2020-07-21,San Bernardino,71,2135413,35222,25323,22,25345,343
2020-07-21,San Diego,73,3302833,29046,24522,0,24522,487
2020-07-21,San Francisco,75,870044,6426,5377,5,5382,53
2020-07-21,San Joaquin,77,732212,12415,9150,6,9156,99
2020-07-21,San Luis Obispo,79,281455,1755,1338,5,1343,7
2020-07-21,San Mateo,81,765935,5697,4733,4,4737,111
2020-07-21,Santa Barbara,83,443738,6511,5422,44,5466,29
2020-07-21,Santa Clara,85,1922200,10615,7989,16,8005,164
2020-07-21,Santa Cruz,87,273765,1079,835,9,844,3
2020-07-21,Shasta,89,179085,406,241,1,242,9
2020-07-21,Sierra,91,2930,1,1,0,1,0
2020-07-21,Siskiyou,93,43540,80,48,0,48,0
2020-07-21,Solano,95,438530,3742,2727,12,2739,27
2020-07-21,Sonoma,97,501317,3096,2200,5,2205,17
2020-07-21,Stanislaus,99,539301,9741,6984,11,6995,69
2020-07-21,Sutter,101,95872,666,533,0,533,2
2020-07-21,Tehama,103,63373,221,150,1,151,1
2020-07-21,Trinity,105,12862,8,2,4,6,0
2020-07-21,Tulare,107,460477,9504,7447,25,7472,167
2020-07-21,Tuolumne,109,53932,132,75,1,76,0
2020-07-21,Ventura,111,848112,7580,6131,18,6149,55
2020-07-21,Yolo,113,214977,1580,1204,3,1207,34
2020-07-21,Yuba,115,75493,368,269,0,269,1
2020-07-20,Alameda,1,1643700,11619,9244,36,9280,162
2020-07-20,Alpine,3,1148,3,2,0,2,0
2020-07-20,Amador,5,37829,110,53,0,53,0
2020-07-20,Butte,7,227075,879,586,7,593,4
2020-07-20,Calaveras,9,45235,106,90,0,90,0
2020-07-20,Colusa,11,21464,287,217,0,217,0
2020-07-20,Contra Costa,13,1133247,8269,5823,23,5846,97
2020-07-20,Del Norte,15,27424,84,61,0,61,0
2020-07-20,El Dorado,17,186661,647,407,0,407,0
2020-07-20,Fresno,19,978130,18137,10891,136,11027,106
2020-07-20,Glenn,21,27897,324,225,0,225,1
2020-07-20,Humboldt,23,135768,229,194,1,195,4
2020-07-20,Imperial,25,180216,9863,7337,6,7343,124
2020-07-20,Inyo,27,18085,46,38,0,38,1
2020-07-20,Kern,29,883053,20751,10908,84,10992,118
2020-07-20,Kings,31,150075,3986,3093,24,3117,37
2020-07-20,Lake,33,64148,194,147,0,147,1
2020-07-20,Lassen,35,31185,561,474,2,476,0
2020-07-20,Los Angeles,37,10098052,178249,159202,357,159559,4108
2020-07-20,Madera,39,155013,2179,1433,1,1434,10
2020-07-20,Marin,41,260295,4841,4255,4,4259,21
2020-07-20,Mariposa,43,17540,53,36,0,36,1
2020-07-20,Mendocino,45,87422,221,153,0,153,0
2020-07-20,Merced,47,269075,4406,2584,1,2585,15
2020-07-20,Modoc,49,8938,3,0,0,0,0
2020-07-20,Mono,51,14174,118,78,0,78,1
2020-07-20,Monterey,53,433212,4320,3205,11,3216,19
2020-07-20,Napa,55,140530,939,632,0,632,5
2020-07-20,Nevada,57,99092,298,218,9,227,1
2020-07-20,Orange,59,3164182,38819,30337,589,30926,507
2020-07-20,Placer,61,380077,1851,1364,2,1366,11
2020-07-20,Plumas,63,18699,30,17,0,17,0
2020-07-20,Riverside,65,2383286,38875,31163,18,31181,581
2020-07-20,Sacramento,67,1510023,10229,7369,7,7376,99
2020-07-20,San Benito,69,59416,573,433,0,433,2
2020-07-20,San Bernardino,71,2135413,34412,24226,21,24247,338
2020-07-20,San Diego,73,3302833,28604,24137,0,24137,478
2020-07-20,San Francisco,75,870044,6305,5090,5,5095,53
2020-07-20,San Joaquin,77,732212,12058,8583,6,8589,97
2020-07-20,San Luis Obispo,79,281455,1715,1282,5,1287,6
2020-07-20,San Mateo,81,765935,5596,4609,4,4613,111
2020-07-20,Santa Barbara,83,443738,6389,5266,42,5308,29
2020-07-20,Santa Clara,85,1922200,10387,7711,15,7726,164
2020-07-20,Santa Cruz,87,273765,1047,758,9,767,3
2020-07-20,Shasta,89,179085,391,233,1,234,9
2020-07-20,Sierra,91,2930,1,1,0,1,0
2020-07-20,Siskiyou,93,43540,76,42,0,42,0
2020-07-20,Solano,95,438530,3659,2537,12,2549,26
2020-07-20,Sonoma,97,501317,2989,2148,5,2153,17
2020-07-20,Stanislaus,99,539301,9458,6835,11,6846,58
2020-07-20,Sutter,101,95872,633,507,0,507,2
2020-07-20,Tehama,103,63373,211,146,1,147,1
2020-07-20,Trinity,105,12862,8,2,4,6,0
2020-07-20,Tulare,107,460477,9270,6974,25,6999,166
2020-07-20,Tuolumne,109,53932,131,75,1,76,0
2020-07-20,Ventura,111,848112,7447,5912,18,5930,52
2020-07-20,Yolo,113,214977,1540,1155,3,1158,30
2020-07-20,Yuba,115,75493,348,258,0,258,1
2020-07-19,Alameda,1,1643700,11381,9227,30,9257,162
2020-07-19,Alpine,3,1148,3,2,0,2,0
2020-07-19,Amador,5,37829,103,51,0,51,0
2020-07-19,Butte,7,227075,854,555,7,562,4
2020-07-19,Calaveras,9,45235,104,89,0,89,0
2020-07-19,Colusa,11,21464,279,187,0,187,0
2020-07-19,Contra Costa,13,1133247,7978,5691,21,5712,95
2020-07-19,Del Norte,15,27424,83,61,0,61,0
2020-07-19,El Dorado,17,186661,629,385,0,385,0
2020-07-19,Fresno,19,978130,17616,10639,124,10763,106
2020-07-19,Glenn,21,27897,310,215,0,215,0
2020-07-19,Humboldt,23,135768,221,195,1,196,4
2020-07-19,Imperial,25,180216,9772,7280,6,7286,124
2020-07-19,Inyo,27,18085,42,38,0,38,1
2020-07-19,Kern,29,883053,20134,10094,77,10171,115
2020-07-19,Kings,31,150075,3900,3035,24,3059,37
2020-07-19,Lake,33,64148,189,144,0,144,1
2020-07-19,Lassen,35,31185,542,474,2,476,0
2020-07-19,Los Angeles,37,10098052,174808,156039,334,156373,4100
2020-07-19,Madera,39,155013,2102,1301,1,1302,10
2020-07-19,Marin,41,260295,4786,4172,4,4176,21
2020-07-19,Mariposa,43,17540,49,35,0,35,1
2020-07-19,Mendocino,45,87422,216,137,0,137,0
2020-07-19,Merced,47,269075,4199,2460,1,2461,15
2020-07-19,Modoc,49,8938,3,0,0,0,0
2020-07-19,Mono,51,14174,107,63,0,63,1
2020-07-19,Monterey,53,433212,4200,3079,11,3090,18
2020-07-19,Napa,55,140530,910,612,0,612,5
2020-07-19,Nevada,57,99092,292,210,9,219,1
2020-07-19,Orange,59,3164182,38256,29941,576,30517,505
2020-07-19,Placer,61,380077,1803,1246,2,1248,11
2020-07-19,Plumas,63,18699,30,17,0,17,0
2020-07-19,Riverside,65,2383286,38172,30340,18,30358,581
2020-07-19,Sacramento,67,1510023,9843,6985,7,6992,97
2020-07-19,San Benito,69,59416,557,412,0,412,2
2020-07-19,San Bernardino,71,2135413,33642,23928,21,23949,337
2020-07-19,San Diego,73,3302833,28104,23684,0,23684,478
2020-07-19,San Francisco,75,870044,6158,5094,5,5099,52
2020-07-19,San Joaquin,77,732212,11653,8308,6,8314,93
2020-07-19,San Luis Obispo,79,281455,1671,1262,4,1266,6
2020-07-19,San Mateo,81,765935,5489,4522,4,4526,110
2020-07-19,Santa Barbara,83,443738,6284,5145,39,5184,29
2020-07-19,Santa Clara,85,1922200,10143,7403,15,7418,164
2020-07-19,Santa Cruz,87,273765,1003,753,9,762,3
2020-07-19,Shasta,89,179085,378,218,1,219,9
2020-07-19,Sierra,91,2930,1,1,0,1,0
2020-07-19,Siskiyou,93,43540,74,42,0,42,0
2020-07-19,Solano,95,438530,3555,2551,12,2563,26
2020-07-19,Sonoma,97,501317,2888,2074,5,2079,17
2020-07-19,Stanislaus,99,539301,9162,6508,11,6519,58
2020-07-19,Sutter,101,95872,602,480,0,480,2
2020-07-19,Tehama,103,63373,207,138,1,139,1
2020-07-19,Trinity,105,12862,8,2,4,6,0
2020-07-19,Tulare,107,460477,9021,6856,25,6881,166
2020-07-19,Tuolumne,109,53932,126,75,1,76,0
2020-07-19,Ventura,111,848112,7257,5706,18,5724,52
2020-07-19,Yolo,113,214977,1500,1127,3,1130,30
2020-07-19,Yuba,115,75493,328,240,0,240,1
2020-07-18,Alameda,1,1643700,11245,9089,28,9117,162
2020-07-18,Alpine,3,1148,3,2,0,2,0
2020-07-18,Amador,5,37829,99,49,0,49,0
2020-07-18,Butte,7,227075,845,551,7,558,4
2020-07-18,Calaveras,9,45235,100,89,0,89,0
2020-07-18,Colusa,11,21464,274,182,0,182,0
2020-07-18,Contra Costa,13,1133247,7843,5617,21,5638,95
2020-07-18,Del Norte,15,27424,83,61,0,61,0
2020-07-18,El Dorado,17,186661,626,385,0,385,0
2020-07-18,Fresno,19,978130,17367,10381,122,10503,106
2020-07-18,Glenn,21,27897,304,212,0,212,0
2020-07-18,Humboldt,23,135768,218,189,1,190,4
2020-07-18,Imperial,25,180216,9741,7268,6,7274,124
2020-07-18,Inyo,27,18085,42,38,0,38,1
2020-07-18,Kern,29,883053,19831,9250,74,9324,114
2020-07-18,Kings,31,150075,3862,2996,23,3019,37
2020-07-18,Lake,33,64148,186,142,0,142,1
2020-07-18,Lassen,35,31185,541,474,2,476,0
2020-07-18,Los Angeles,37,10098052,173362,153265,319,153584,4088
2020-07-18,Madera,39,155013,2056,1260,1,1261,9
2020-07-18,Marin,41,260295,4757,4089,4,4093,21
2020-07-18,Mariposa,43,17540,49,35,0,35,1
2020-07-18,Mendocino,45,87422,209,137,0,137,0
2020-07-18,Merced,47,269075,4080,2424,1,2425,15
2020-07-18,Modoc,49,8938,3,0,0,0,0
2020-07-18,Mono,51,14174,105,54,0,54,1
2020-07-18,Monterey,53,433212,4133,3020,11,3031,17
2020-07-18,Napa,55,140530,899,609,0,609,5
2020-07-18,Nevada,57,99092,288,204,8,212,1
2020-07-18,Orange,59,3164182,37937,29603,554,30157,493
2020-07-18,Placer,61,380077,1779,1233,2,1235,11
2020-07-18,Plumas,63,18699,30,17,0,17,0
2020-07-18,Riverside,65,2383286,37820,30245,17,30262,581
2020-07-18,Sacramento,67,1510023,9600,6739,7,6746,95
2020-07-18,San Benito,69,59416,542,407,0,407,2
2020-07-18,San Bernardino,71,2135413,33183,23680,21,23701,336
2020-07-18,San Diego,73,3302833,27801,23116,0,23116,478
2020-07-18,San Francisco,75,870044,6056,5051,5,5056,52
2020-07-18,San Joaquin,77,732212,11441,8118,6,8124,93
2020-07-18,San Luis Obispo,79,281455,1638,1234,4,1238,6
2020-07-18,San Mateo,81,765935,5429,4488,4,4492,110
2020-07-18,Santa Barbara,83,443738,6224,5110,37,5147,29
2020-07-18,Santa Clara,85,1922200,9993,7255,14,7269,164
2020-07-18,Santa Cruz,87,273765,986,751,9,760,3
2020-07-18,Shasta,89,179085,369,216,1,217,9
2020-07-18,Sierra,91,2930,1,1,0,1,0
2020-07-18,Siskiyou,93,43540,70,42,0,42,0
2020-07-18,Solano,95,438530,3514,2503,12,2515,26
2020-07-18,Sonoma,97,501317,2837,2019,5,2024,15
2020-07-18,Stanislaus,99,539301,9027,6344,11,6355,58
2020-07-18,Sutter,101,95872,596,473,0,473,2
2020-07-18,Tehama,103,63373,202,136,1,137,1
2020-07-18,Trinity,105,12862,8,2,4,6,0
2020-07-18,Tulare,107,460477,8930,6810,24,6834,167
2020-07-18,Tuolumne,109,53932,123,75,1,76,0
2020-07-18,Ventura,111,848112,7175,5630,18,5648,52
2020-07-18,Yolo,113,214977,1472,1077,3,1080,30
2020-07-18,Yuba,115,75493,317,237,0,237,1
2020-07-17,Alameda,1,1643700,11105,8893,27,8920,160
2020-07-17,Alpine,3,1148,3,1,0,1,0
2020-07-17,Amador,5,37829,97,48,0,48,0
2020-07-17,Butte,7,227075,831,497,7,504,4
2020-07-17,Calaveras,9,45235,98,86,0,86,0
2020-07-17,Colusa,11,21464,272,146,0,146,0
2020-07-17,Contra Costa,13,1133247,7695,5483,21,5504,93
2020-07-17,Del Norte,15,27424,82,60,0,60,0
2020-07-17,El Dorado,17,186661,610,368,0,368,0
2020-07-17,Fresno,19,978130,17069,9954,122,10076,104
2020-07-17,Glenn,21,27897,297,203,0,203,0
2020-07-17,Humboldt,23,135768,217,185,1,186,4
2020-07-17,Imperial,25,180216,9719,7193,6,7199,120
2020-07-17,Inyo,27,18085,42,38,0,38,1
2020-07-17,Kern,29,883053,19511,8291,72,8363,113
2020-07-17,Kings,31,150075,3824,2978,23,3001,37
2020-07-17,Lake,33,64148,184,139,0,139,1
2020-07-17,Lassen,35,31185,522,391,2,393,0
2020-07-17,Los Angeles,37,10098052,170992,150481,306,150787,4052
2020-07-17,Madera,39,155013,2012,1214,1,1215,9
2020-07-17,Marin,41,260295,4720,3839,4,3843,21
2020-07-17,Mariposa,43,17540,47,35,0,35,1
2020-07-17,Mendocino,45,87422,201,126,0,126,0
2020-07-17,Merced,47,269075,4004,2328,1,2329,12
2020-07-17,Modoc,49,8938,2,0,0,0,0
2020-07-17,Mono,51,14174,100,54,0,54,1
2020-07-17,Monterey,53,433212,4004,2922,11,2933,18
2020-07-17,Napa,55,140530,885,598,0,598,5
2020-07-17,Nevada,57,99092,281,200,8,208,1
2020-07-17,Orange,59,3164182,37475,28962,520,29482,485
2020-07-17,Placer,61,380077,1751,1207,2,1209,11
2020-07-17,Plumas,63,18699,27,16,0,16,0
2020-07-17,Riverside,65,2383286,37221,29639,17,29656,580
2020-07-17,Sacramento,67,1510023,9356,6563,7,6570,95
2020-07-17,San Benito,69,59416,527,399,0,399,2
2020-07-17,San Bernardino,71,2135413,32665,23057,21,23078,322
2020-07-17,San Diego,73,3302833,27413,22491,0,22491,472
2020-07-17,San Francisco,75,870044,5962,4967,5,4972,52
2020-07-17,San Joaquin,77,732212,11196,7925,6,7931,86
2020-07-17,San Luis Obispo,79,281455,1602,1190,4,1194,6
2020-07-17,San Mateo,81,765935,5333,4407,4,4411,110
2020-07-17,Santa Barbara,83,443738,6151,5001,36,5037,29
2020-07-17,Santa Clara,85,1922200,9776,7080,14,7094,164
2020-07-17,Santa Cruz,87,273765,964,716,9,725,3
2020-07-17,Shasta,89,179085,357,213,1,214,8
2020-07-17,Sierra,91,2930,1,1,0,1,0
2020-07-17,Siskiyou,93,43540,69,40,0,40,0
2020-07-17,Solano,95,438530,3465,2452,12,2464,26
2020-07-17,Sonoma,97,501317,2789,1982,5,1987,15
2020-07-17,Stanislaus,99,539301,8853,6220,11,6231,56
2020-07-17,Sutter,101,95872,583,458,0,458,2
2020-07-17,Tehama,103,63373,198,128,1,129,1
2020-07-17,Trinity,105,12862,8,2,4,6,0
2020-07-17,Tulare,107,460477,8794,6671,24,6695,166
2020-07-17,Tuolumne,109,53932,122,73,1,74,0
2020-07-17,Ventura,111,848112,7092,5451,18,5469,51
2020-07-17,Yolo,113,214977,1448,1055,3,1058,30
2020-07-17,Yuba,115,75493,307,231,0,231,1
2020-07-16,Alameda,1,1643700,10871,8719,21,8740,153
2020-07-16,Alpine,3,1148,3,1,0,1,0
2020-07-16,Amador,5,37829,94,46,0,46,0
2020-07-16,Butte,7,227075,794,465,6,471,4
2020-07-16,Calaveras,9,45235,96,82,0,82,0
2020-07-16,Colusa,11,21464,263,140,0,140,0
2020-07-16,Contra Costa,13,1133247,7483,5338,15,5353,91
2020-07-16,Del Norte,15,27424,82,60,0,60,0
2020-07-16,El Dorado,17,186661,593,357,0,357,0
2020-07-16,Fresno,19,978130,16558,9481,113,9594,101
2020-07-16,Glenn,21,27897,288,190,0,190,0
2020-07-16,Humboldt,23,135768,215,184,1,185,4
2020-07-16,Imperial,25,180216,9624,7148,6,7154,113
2020-07-16,Inyo,27,18085,42,38,0,38,1
2020-07-16,Kern,29,883053,18989,7435,70,7505,112
2020-07-16,Kings,31,150075,3658,2937,23,2960,37
2020-07-16,Lake,33,64148,179,128,0,128,1
2020-07-16,Lassen,35,31185,521,355,2,357,0
2020-07-16,Los Angeles,37,10098052,167742,147759,282,148041,3994
2020-07-16,Madera,39,155013,1948,1192,1,1193,8
2020-07-16,Marin,41,260295,4648,3546,4,3550,21
2020-07-16,Mariposa,43,17540,45,34,0,34,1
2020-07-16,Mendocino,45,87422,196,121,0,121,0
2020-07-16,Merced,47,269075,3842,2228,1,2229,12
2020-07-16,Modoc,49,8938,1,0,0,0,0
2020-07-16,Mono,51,14174,97,53,0,53,1
2020-07-16,Monterey,53,433212,3899,2857,10,2867,18
2020-07-16,Napa,55,140530,856,581,0,581,5
2020-07-16,Nevada,57,99092,278,191,8,199,1
2020-07-16,Orange,59,3164182,36774,28525,482,29007,471
2020-07-16,Placer,61,380077,1701,1168,2,1170,11
2020-07-16,Plumas,63,18699,25,16,0,16,0
2020-07-16,Riverside,65,2383286,36476,28904,16,28920,577
2020-07-16,Sacramento,67,1510023,9041,6440,7,6447,91
2020-07-16,San Benito,69,59416,510,389,0,389,2
2020-07-16,San Bernardino,71,2135413,31808,22355,19,22374,321
2020-07-16,San Diego,73,3302833,26926,21857,0,21857,465
2020-07-16,San Francisco,75,870044,5821,4838,5,4843,52
2020-07-16,San Joaquin,77,732212,10833,7713,6,7719,82
2020-07-16,San Luis Obispo,79,281455,1558,1146,4,1150,6
2020-07-16,San Mateo,81,765935,5229,4336,4,4340,110
2020-07-16,Santa Barbara,83,443738,6055,4872,35,4907,28
2020-07-16,Santa Clara,85,1922200,9496,6990,12,7002,164
2020-07-16,Santa Cruz,87,273765,923,698,9,707,3
2020-07-16,Shasta,89,179085,342,208,1,209,7
2020-07-16,Sierra,91,2930,1,1,0,1,0
2020-07-16,Siskiyou,93,43540,66,39,0,39,0
2020-07-16,Solano,95,438530,3371,2372,12,2384,25
2020-07-16,Sonoma,97,501317,2698,1954,5,1959,14
2020-07-16,Stanislaus,99,539301,8571,6077,10,6087,56
2020-07-16,Sutter,101,95872,567,444,0,444,2
2020-07-16,Tehama,103,63373,188,126,1,127,1
2020-07-16,Trinity,105,12862,8,2,3,5,0
2020-07-16,Tulare,107,460477,8578,6467,23,6490,163
2020-07-16,Tuolumne,109,53932,117,71,1,72,0
2020-07-16,Ventura,111,848112,6930,5231,18,5249,50
2020-07-16,Yolo,113,214977,1406,1034,3,1037,29
2020-07-16,Yuba,115,75493,289,221,0,221,1
2020-07-15,Alameda,1,1643700,10669,8615,15,8630,153
2020-07-15,Alpine,3,1148,3,1,0,1,0
2020-07-15,Amador,5,37829,73,44,0,44,0
2020-07-15,Butte,7,227075,753,420,6,426,4
2020-07-15,Calaveras,9,45235,96,75,0,75,0
2020-07-15,Colusa,11,21464,258,135,0,135,0
2020-07-15,Contra Costa,13,1133247,7252,5246,15,5261,90
2020-07-15,Del Norte,15,27424,81,60,0,60,0
2020-07-15,El Dorado,17,186661,569,339,0,339,0
2020-07-15,Fresno,19,978130,16085,9124,106,9230,101
2020-07-15,Glenn,21,27897,279,184,0,184,0
2020-07-15,Humboldt,23,135768,213,181,1,182,4
2020-07-15,Imperial,25,180216,9557,7110,6,7116,110
2020-07-15,Inyo,27,18085,42,36,0,36,1
2020-07-15,Kern,29,883053,18369,7155,67,7222,108
2020-07-15,Kings,31,150075,3597,2906,23,2929,37
2020-07-15,Lake,33,64148,177,122,0,122,1
2020-07-15,Lassen,35,31185,517,319,2,321,0
2020-07-15,Los Angeles,37,10098052,164277,143343,267,143610,3946
2020-07-15,Madera,39,155013,1879,1147,1,1148,4
2020-07-15,Marin,41,260295,4593,3458,4,3462,21
2020-07-15,Mariposa,43,17540,45,34,0,34,1
2020-07-15,Mendocino,45,87422,193,119,0,119,0
2020-07-15,Merced,47,269075,3692,2156,1,2157,12
2020-07-15,Modoc,49,8938,1,0,0,0,0
2020-07-15,Mono,51,14174,95,52,0,52,1
2020-07-15,Monterey,53,433212,3788,2780,10,2790,18
2020-07-15,Napa,55,140530,830,573,0,573,5
2020-07-15,Nevada,57,99092,274,185,6,191,1
2020-07-15,Orange,59,3164182,35971,27718,447,28165,454
2020-07-15,Placer,61,380077,1645,1145,2,1147,11
2020-07-15,Plumas,63,18699,25,16,0,16,0
2020-07-15,Riverside,65,2383286,35697,28492,14,28506,568
2020-07-15,Sacramento,67,1510023,8664,6217,7,6224,91
2020-07-15,San Benito,69,59416,501,388,0,388,2
2020-07-15,San Bernardino,71,2135413,31022,21508,19,21527,317
2020-07-15,San Diego,73,3302833,26459,21448,0,21448,448
2020-07-15,San Francisco,75,870044,5707,4757,5,4762,50
2020-07-15,San Joaquin,77,732212,10400,7381,5,7386,75
2020-07-15,San Luis Obispo,79,281455,1515,1097,4,1101,6
2020-07-15,San Mateo,81,765935,5116,4258,4,4262,109
2020-07-15,Santa Barbara,83,443738,5939,4733,35,4768,28
2020-07-15,Santa Clara,85,1922200,9193,6900,12,6912,164
2020-07-15,Santa Cruz,87,273765,887,660,8,668,3
2020-07-15,Shasta,89,179085,333,193,1,194,7
2020-07-15,Sierra,91,2930,1,1,0,1,0
2020-07-15,Siskiyou,93,43540,65,38,0,38,0
2020-07-15,Solano,95,438530,3277,2343,12,2355,25
2020-07-15,Sonoma,97,501317,2601,1920,5,1925,14
2020-07-15,Stanislaus,99,539301,8274,5777,10,5787,56
2020-07-15,Sutter,101,95872,541,433,0,433,2
2020-07-15,Tehama,103,63373,180,126,1,127,1
2020-07-15,Trinity,105,12862,7,2,3,5,0
2020-07-15,Tulare,107,460477,8365,6320,22,6342,156
2020-07-15,Tuolumne,109,53932,110,68,1,69,0
2020-07-15,Ventura,111,848112,6753,5087,18,5105,50
2020-07-15,Yolo,113,214977,1373,1002,3,1005,27
2020-07-15,Yuba,115,75493,277,221,0,221,1
2020-07-14,Alameda,1,1643700,10328,8388,9,8397,151
2020-07-14,Alpine,3,1148,3,1,0,1,0
2020-07-14,Amador,5,37829,69,44,0,44,0
2020-07-14,Butte,7,227075,707,382,6,388,4
2020-07-14,Calaveras,9,45235,94,74,0,74,0
2020-07-14,Colusa,11,21464,248,128,0,128,0
2020-07-14,Contra Costa,13,1133247,7016,5110,13,5123,90
2020-07-14,Del Norte,15,27424,80,60,0,60,0
2020-07-14,El Dorado,17,186661,554,324,0,324,0
2020-07-14,Fresno,19,978130,15665,8941,102,9043,98
2020-07-14,Glenn,21,27897,269,177,0,177,0
2020-07-14,Humboldt,23,135768,210,175,1,176,4
2020-07-14,Imperial,25,180216,9430,7095,6,7101,109
2020-07-14,Inyo,27,18085,42,35,0,35,1
2020-07-14,Kern,29,883053,17610,6979,54,7033,107
2020-07-14,Kings,31,150075,3530,2867,22,2889,37
2020-07-14,Lake,33,64148,171,120,0,120,1
2020-07-14,Lassen,35,31185,500,263,2,265,0
2020-07-14,Los Angeles,37,10098052,161141,140632,236,140868,3900
2020-07-14,Madera,39,155013,1805,1118,1,1119,4
2020-07-14,Marin,41,260295,4479,3451,4,3455,21
2020-07-14,Mariposa,43,17540,41,32,0,32,1
2020-07-14,Mendocino,45,87422,185,110,0,110,0
2020-07-14,Merced,47,269075,3513,2084,1,2085,12
2020-07-14,Modoc,49,8938,1,0,0,0,0
2020-07-14,Mono,51,14174,85,48,0,48,1
2020-07-14,Monterey,53,433212,3674,2724,10,2734,18
2020-07-14,Napa,55,140530,774,557,0,557,4
2020-07-14,Nevada,57,99092,257,180,5,185,1
2020-07-14,Orange,59,3164182,35090,26915,400,27315,432
2020-07-14,Placer,61,380077,1588,1122,2,1124,11
2020-07-14,Plumas,63,18699,24,14,0,14,0
2020-07-14,Riverside,65,2383286,34942,27850,13,27863,547
2020-07-14,Sacramento,67,1510023,8311,5978,7,5985,87
2020-07-14,San Benito,69,59416,482,360,0,360,2
2020-07-14,San Bernardino,71,2135413,30173,20489,19,20508,316
2020-07-14,San Diego,73,3302833,25840,20887,0,20887,436
2020-07-14,San Francisco,75,870044,5557,4659,4,4663,50
2020-07-14,San Joaquin,77,732212,9973,7143,5,7148,75
2020-07-14,San Luis Obispo,79,281455,1477,1060,4,1064,5
2020-07-14,San Mateo,81,765935,5023,4173,4,4177,108
2020-07-14,Santa Barbara,83,443738,5815,4641,33,4674,28
2020-07-14,Santa Clara,85,1922200,8866,6686,9,6695,164
2020-07-14,Santa Cruz,87,273765,848,639,8,647,3
2020-07-14,Shasta,89,179085,324,190,1,191,7
2020-07-14,Sierra,91,2930,1,1,0,1,0
2020-07-14,Siskiyou,93,43540,64,38,0,38,0
2020-07-14,Solano,95,438530,3177,2266,10,2276,25
2020-07-14,Sonoma,97,501317,2509,1866,5,1871,14
2020-07-14,Stanislaus,99,539301,7900,5631,9,5640,53
2020-07-14,Sutter,101,95872,522,405,0,405,2
2020-07-14,Tehama,103,63373,168,123,1,124,1
2020-07-14,Trinity,105,12862,7,2,3,5,0
2020-07-14,Tulare,107,460477,8119,6199,22,6221,156
2020-07-14,Tuolumne,109,53932,105,68,1,69,0
2020-07-14,Ventura,111,848112,6592,4950,18,4968,50
2020-07-14,Yolo,113,214977,1325,966,3,969,27
2020-07-14,Yuba,115,75493,260,210,0,210,1
2020-07-13,Alameda,1,1643700,10020,8115,9,8124,148
2020-07-13,Alpine,3,1148,3,1,0,1,0
2020-07-13,Amador,5,37829,65,42,0,42,0
2020-07-13,Butte,7,227075,672,354,6,360,4
2020-07-13,Calaveras,9,45235,86,63,0,63,0
2020-07-13,Colusa,11,21464,242,116,0,116,0
2020-07-13,Contra Costa,13,1133247,6742,4882,11,4893,88
2020-07-13,Del Norte,15,27424,74,59,0,59,0
2020-07-13,El Dorado,17,186661,523,298,0,298,0
2020-07-13,Fresno,19,978130,15238,8666,98,8764,95
2020-07-13,Glenn,21,27897,262,168,0,168,0
2020-07-13,Humboldt,23,135768,205,174,1,175,4
2020-07-13,Imperial,25,180216,9345,7052,6,7058,109
2020-07-13,Inyo,27,18085,41,35,0,35,1
2020-07-13,Kern,29,883053,16925,6808,50,6858,107
2020-07-13,Kings,31,150075,3479,2824,22,2846,37
2020-07-13,Lake,33,64148,166,118,0,118,1
2020-07-13,Lassen,35,31185,495,237,2,239,0
2020-07-13,Los Angeles,37,10098052,157903,136368,222,136590,3829
2020-07-13,Madera,39,155013,1736,1059,1,1060,4
2020-07-13,Marin,41,260295,4376,3402,4,3406,21
2020-07-13,Mariposa,43,17540,40,31,0,31,1
2020-07-13,Mendocino,45,87422,181,87,0,87,0
2020-07-13,Merced,47,269075,3364,2007,1,2008,12
2020-07-13,Modoc,49,8938,1,0,0,0,0
2020-07-13,Mono,51,14174,81,47,0,47,1
2020-07-13,Monterey,53,433212,3551,2613,7,2620,18
2020-07-13,Napa,55,140530,738,534,0,534,4
2020-07-13,Nevada,57,99092,243,172,5,177,1
2020-07-13,Orange,59,3164182,34227,25978,369,26347,423
2020-07-13,Placer,61,380077,1541,1096,2,1098,11
2020-07-13,Plumas,63,18699,22,14,0,14,0
2020-07-13,Riverside,65,2383286,34016,27136,11,27147,545
2020-07-13,Sacramento,67,1510023,8016,5747,7,5754,85
2020-07-13,San Benito,69,59416,469,343,0,343,2
2020-07-13,San Bernardino,71,2135413,29297,19610,16,19626,313
2020-07-13,San Diego,73,3302833,25273,20348,0,20348,422
2020-07-13,San Francisco,75,870044,5429,4534,3,4537,50
2020-07-13,San Joaquin,77,732212,9556,6927,5,6932,71
2020-07-13,San Luis Obispo,79,281455,1446,989,4,993,5
2020-07-13,San Mateo,81,765935,4892,4057,4,4061,108
2020-07-13,Santa Barbara,83,443738,5701,4441,32,4473,28
2020-07-13,Santa Clara,85,1922200,8542,6488,8,6496,164
2020-07-13,Santa Cruz,87,273765,810,574,8,582,3
2020-07-13,Shasta,89,179085,313,185,1,186,6
2020-07-13,Sierra,91,2930,1,1,0,1,0
2020-07-13,Siskiyou,93,43540,60,37,0,37,0
2020-07-13,Solano,95,438530,3065,2046,10,2056,23
2020-07-13,Sonoma,97,501317,2398,1818,5,1823,14
2020-07-13,Stanislaus,99,539301,7597,5324,7,5331,53
2020-07-13,Sutter,101,95872,484,379,0,379,2
2020-07-13,Tehama,103,63373,155,112,1,113,1
2020-07-13,Trinity,105,12862,7,2,3,5,0
2020-07-13,Tulare,107,460477,7858,5930,20,5950,147
2020-07-13,Tuolumne,109,53932,97,56,1,57,0
2020-07-13,Ventura,111,848112,6402,4800,15,4815,50
2020-07-13,Yolo,113,214977,1280,941,3,944,27
2020-07-13,Yuba,115,75493,245,194,0,194,1
2020-07-12,Alameda,1,1643700,9749,8056,9,8065,148
2020-07-12,Alpine,3,1148,3,1,0,1,0
2020-07-12,Amador,5,37829,55,40,0,40,0
2020-07-12,Butte,7,227075,622,341,6,347,4
2020-07-12,Calaveras,9,45235,86,62,0,62,0
2020-07-12,Colusa,11,21464,208,116,0,116,0
2020-07-12,Contra Costa,13,1133247,6470,4708,9,4717,88
2020-07-12,Del Norte,15,27424,63,59,0,59,0
2020-07-12,El Dorado,17,186661,501,290,0,290,0
2020-07-12,Fresno,19,978130,14813,8407,95,8502,95
2020-07-12,Glenn,21,27897,249,166,0,166,0
2020-07-12,Humboldt,23,135768,201,174,1,175,4
2020-07-12,Imperial,25,180216,9225,6999,6,7005,109
2020-07-12,Inyo,27,18085,39,35,0,35,1
2020-07-12,Kern,29,883053,16182,6662,47,6709,105
2020-07-12,Kings,31,150075,3417,2779,22,2801,34
2020-07-12,Lake,33,64148,157,114,0,114,1
2020-07-12,Lassen,35,31185,488,237,2,239,0
2020-07-12,Los Angeles,37,10098052,154481,133830,193,134023,3816
2020-07-12,Madera,39,155013,1681,1025,1,1026,4
2020-07-12,Marin,41,260295,4299,3358,4,3362,21
2020-07-12,Mariposa,43,17540,39,31,0,31,1
2020-07-12,Mendocino,45,87422,162,88,0,88,0
2020-07-12,Merced,47,269075,3234,1908,1,1909,12
2020-07-12,Modoc,49,8938,1,0,0,0,0
2020-07-12,Mono,51,14174,71,45,0,45,1
2020-07-12,Monterey,53,433212,3436,2521,7,2528,18
2020-07-12,Napa,55,140530,706,519,0,519,4
2020-07-12,Nevada,57,99092,233,166,5,171,1
2020-07-12,Orange,59,3164182,33353,25399,360,25759,422
2020-07-12,Placer,61,380077,1484,1058,2,1060,11
2020-07-12,Plumas,63,18699,21,14,0,14,0
2020-07-12,Riverside,65,2383286,33258,26404,11,26415,542
2020-07-12,Sacramento,67,1510023,7707,5515,6,5521,85
2020-07-12,San Benito,69,59416,454,324,0,324,2
2020-07-12,San Bernardino,71,2135413,28387,19042,11,19053,312
2020-07-12,San Diego,73,3302833,24646,19929,0,19929,422
2020-07-12,San Francisco,75,870044,5280,4535,3,4538,50
2020-07-12,San Joaquin,77,732212,9194,6703,5,6708,71
2020-07-12,San Luis Obispo,79,281455,1399,972,4,976,5
2020-07-12,San Mateo,81,765935,4774,3988,4,3992,108
2020-07-12,Santa Barbara,83,443738,5571,4353,31,4384,28
2020-07-12,Santa Clara,85,1922200,8303,6252,8,6260,164
2020-07-12,Santa Cruz,87,273765,768,573,6,579,3
2020-07-12,Shasta,89,179085,307,173,1,174,6
2020-07-12,Sierra,91,2930,1,1,0,1,0
2020-07-12,Siskiyou,93,43540,58,36,0,36,0
2020-07-12,Solano,95,438530,2940,2037,10,2047,23
2020-07-12,Sonoma,97,501317,2303,1743,5,1748,13
2020-07-12,Stanislaus,99,539301,7293,5177,7,5184,53
2020-07-12,Sutter,101,95872,466,362,0,362,2
2020-07-12,Tehama,103,63373,148,111,1,112,1
2020-07-12,Trinity,105,12862,7,2,3,5,0
2020-07-12,Tulare,107,460477,7603,5864,19,5883,146
2020-07-12,Tuolumne,109,53932,89,52,1,53,0
2020-07-12,Ventura,111,848112,6186,4724,14,4738,50
2020-07-12,Yolo,113,214977,1239,889,3,892,27
2020-07-12,Yuba,115,75493,234,188,0,188,1
2020-07-11,Alameda,1,1643700,9647,7845,9,7854,148
2020-07-11,Alpine,3,1148,3,1,0,1,0
2020-07-11,Amador,5,37829,51,37,0,37,0
2020-07-11,Butte,7,227075,606,325,6,331,4
2020-07-11,Calaveras,9,45235,83,62,0,62,0
2020-07-11,Colusa,11,21464,203,110,0,110,0
2020-07-11,Contra Costa,13,1133247,6353,4650,9,4659,87
2020-07-11,Del Norte,15,27424,63,59,0,59,0
2020-07-11,El Dorado,17,186661,490,283,0,283,0
2020-07-11,Fresno,19,978130,14553,8086,93,8179,95
2020-07-11,Glenn,21,27897,241,161,0,161,0
2020-07-11,Humboldt,23,135768,200,174,1,175,4
2020-07-11,Imperial,25,180216,9186,6884,6,6890,109
2020-07-11,Inyo,27,18085,39,35,0,35,1
2020-07-11,Kern,29,883053,15826,6509,46,6555,103
2020-07-11,Kings,31,150075,3390,2753,22,2775,33
2020-07-11,Lake,33,64148,156,110,0,110,1
2020-07-11,Lassen,35,31185,487,237,2,239,0
2020-07-11,Los Angeles,37,10098052,152763,130479,183,130662,3802
2020-07-11,Madera,39,155013,1640,988,1,989,4
2020-07-11,Marin,41,260295,4271,3191,4,3195,21
2020-07-11,Mariposa,43,17540,39,31,0,31,1
2020-07-11,Mendocino,45,87422,158,88,0,88,0
2020-07-11,Merced,47,269075,3153,1851,1,1852,12
2020-07-11,Modoc,49,8938,1,0,0,0,0
2020-07-11,Mono,51,14174,68,45,0,45,1
2020-07-11,Monterey,53,433212,3347,2376,6,2382,18
2020-07-11,Napa,55,140530,694,509,0,509,4
2020-07-11,Nevada,57,99092,224,163,4,167,1
2020-07-11,Orange,59,3164182,32976,24430,346,24776,422
2020-07-11,Placer,61,380077,1449,1029,2,1031,11
2020-07-11,Plumas,63,18699,21,12,0,12,0
2020-07-11,Riverside,65,2383286,32866,25994,11,26005,538
2020-07-11,Sacramento,67,1510023,7533,5367,6,5373,84
2020-07-11,San Benito,69,59416,439,314,0,314,2
2020-07-11,San Bernardino,71,2135413,27950,18907,11,18918,310
2020-07-11,San Diego,73,3302833,24261,19371,0,19371,422
2020-07-11,San Francisco,75,870044,5184,4430,2,4432,50
2020-07-11,San Joaquin,77,732212,9016,6518,5,6523,72
2020-07-11,San Luis Obispo,79,281455,1351,930,4,934,4
2020-07-11,San Mateo,81,765935,4706,3956,4,3960,108
2020-07-11,Santa Barbara,83,443738,5502,4283,30,4313,28
2020-07-11,Santa Clara,85,1922200,8143,5959,8,5967,164
2020-07-11,Santa Cruz,87,273765,737,571,6,577,3
2020-07-11,Shasta,89,179085,300,168,1,169,6
2020-07-11,Sierra,91,2930,1,1,0,1,0
2020-07-11,Siskiyou,93,43540,58,36,0,36,0
2020-07-11,Solano,95,438530,2899,2034,10,2044,23
2020-07-11,Sonoma,97,501317,2266,1690,5,1695,13
2020-07-11,Stanislaus,99,539301,7152,4911,7,4918,51
2020-07-11,Sutter,101,95872,450,352,0,352,2
2020-07-11,Tehama,103,63373,146,111,1,112,1
2020-07-11,Trinity,105,12862,7,2,3,5,0
2020-07-11,Tulare,107,460477,7497,5780,19,5799,149
2020-07-11,Tuolumne,109,53932,87,50,1,51,0
2020-07-11,Ventura,111,848112,6090,4545,13,4558,49
2020-07-11,Yolo,113,214977,1209,833,3,836,27
2020-07-11,Yuba,115,75493,224,175,0,175,1
2020-07-10,Alameda,1,1643700,9490,7551,9,7560,147
2020-07-10,Alpine,3,1148,3,1,0,1,0
2020-07-10,Amador,5,37829,47,37,0,37,0
2020-07-10,Butte,7,227075,595,318,6,324,4
2020-07-10,Calaveras,9,45235,83,61,0,61,0
2020-07-10,Colusa,11,21464,197,103,0,103,0
2020-07-10,Contra Costa,13,1133247,6210,4482,9,4491,86
2020-07-10,Del Norte,15,27424,63,57,0,57,0
2020-07-10,El Dorado,17,186661,472,266,0,266,0
2020-07-10,Fresno,19,978130,14221,7760,90,7850,93
2020-07-10,Glenn,21,27897,236,157,0,157,0
2020-07-10,Humboldt,23,135768,199,168,1,169,4
2020-07-10,Imperial,25,180216,9141,6878,6,6884,98
2020-07-10,Inyo,27,18085,39,35,0,35,1
2020-07-10,Kern,29,883053,15393,6344,45,6389,102
2020-07-10,Kings,31,150075,3355,2707,22,2729,33
2020-07-10,Lake,33,64148,149,104,0,104,1
2020-07-10,Lassen,35,31185,486,235,2,237,0
2020-07-10,Los Angeles,37,10098052,150345,127503,177,127680,3750
2020-07-10,Madera,39,155013,1594,914,1,915,4
2020-07-10,Marin,41,260295,4208,3101,4,3105,21
2020-07-10,Mariposa,43,17540,38,31,0,31,1
2020-07-10,Mendocino,45,87422,150,88,0,88,0
2020-07-10,Merced,47,269075,3074,1802,1,1803,12
2020-07-10,Modoc,49,8938,1,0,0,0,0
2020-07-10,Mono,51,14174,67,45,0,45,1
2020-07-10,Monterey,53,433212,3268,2285,6,2291,18
2020-07-10,Napa,55,140530,683,496,0,496,4
2020-07-10,Nevada,57,99092,219,161,4,165,1
2020-07-10,Orange,59,3164182,32389,23692,342,24034,416
2020-07-10,Placer,61,380077,1408,1002,2,1004,11
2020-07-10,Plumas,63,18699,19,12,0,12,0
2020-07-10,Riverside,65,2383286,32348,25481,11,25492,533
2020-07-10,Sacramento,67,1510023,7276,5181,6,5187,81
2020-07-10,San Benito,69,59416,430,302,0,302,2
2020-07-10,San Bernardino,71,2135413,27424,18242,11,18253,308
2020-07-10,San Diego,73,3302833,23880,18862,0,18862,420
2020-07-10,San Francisco,75,870044,5093,4305,2,4307,50
2020-07-10,San Joaquin,77,732212,8783,6225,5,6230,67
2020-07-10,San Luis Obispo,79,281455,1313,891,4,895,4
2020-07-10,San Mateo,81,765935,4641,3844,4,3848,107
2020-07-10,Santa Barbara,83,443738,5405,4177,29,4206,28
2020-07-10,Santa Clara,85,1922200,7919,5819,8,5827,164
2020-07-10,Santa Cruz,87,273765,710,540,6,546,3
2020-07-10,Shasta,89,179085,296,158,1,159,6
2020-07-10,Sierra,91,2930,1,1,0,1,0
2020-07-10,Siskiyou,93,43540,58,31,0,31,0
2020-07-10,Solano,95,438530,2852,1950,10,1960,23
2020-07-10,Sonoma,97,501317,2219,1606,4,1610,13
2020-07-10,Stanislaus,99,539301,6982,4781,7,4788,46
2020-07-10,Sutter,101,95872,443,338,0,338,2
2020-07-10,Tehama,103,63373,145,107,1,108,1
2020-07-10,Trinity,105,12862,7,2,3,5,0
2020-07-10,Tulare,107,460477,7360,5677,19,5696,150
2020-07-10,Tuolumne,109,53932,86,49,1,50,0
2020-07-10,Ventura,111,848112,5978,4416,13,4429,48
2020-07-10,Yolo,113,214977,1185,794,3,797,27
2020-07-10,Yuba,115,75493,210,164,0,164,1
2020-07-09,Alameda,1,1643700,9254,7433,9,7442,146
2020-07-09,Alpine,3,1148,3,1,0,1,0
2020-07-09,Amador,5,37829,44,36,0,36,0
2020-07-09,Butte,7,227075,564,295,6,301,4
2020-07-09,Calaveras,9,45235,82,59,0,59,0
2020-07-09,Colusa,11,21464,189,97,0,97,0
2020-07-09,Contra Costa,13,1133247,5966,4388,9,4397,86
2020-07-09,Del Norte,15,27424,63,57,0,57,0
2020-07-09,El Dorado,17,186661,448,255,0,255,0
2020-07-09,Fresno,19,978130,13765,7385,88,7473,90
2020-07-09,Glenn,21,27897,226,150,0,150,0
2020-07-09,Humboldt,23,135768,196,166,1,167,4
2020-07-09,Imperial,25,180216,9045,6778,6,6784,87
2020-07-09,Inyo,27,18085,37,35,0,35,1
2020-07-09,Kern,29,883053,14748,6100,43,6143,95
2020-07-09,Kings,31,150075,3292,2686,21,2707,33
2020-07-09,Lake,33,64148,146,99,0,99,1
2020-07-09,Lassen,35,31185,430,221,2,223,0
2020-07-09,Los Angeles,37,10098052,147079,125062,150,125212,3698
2020-07-09,Madera,39,155013,1517,850,1,851,4
2020-07-09,Marin,41,260295,4056,2975,4,2979,20
2020-07-09,Mariposa,43,17540,38,32,0,32,1
2020-07-09,Mendocino,45,87422,146,88,0,88,0
2020-07-09,Merced,47,269075,2941,1728,1,1729,11
2020-07-09,Modoc,49,8938,1,0,0,0,0
2020-07-09,Mono,51,14174,63,45,0,45,1
2020-07-09,Monterey,53,433212,3143,2223,6,2229,17
2020-07-09,Napa,55,140530,666,468,0,468,4
2020-07-09,Nevada,57,99092,213,156,4,160,1
2020-07-09,Orange,59,3164182,31420,22960,324,23284,407
2020-07-09,Placer,61,380077,1363,982,2,984,11
2020-07-09,Plumas,63,18699,19,12,0,12,0
2020-07-09,Riverside,65,2383286,31454,24980,11,24991,529
2020-07-09,Sacramento,67,1510023,6951,4950,6,4956,81
2020-07-09,San Benito,69,59416,414,295,0,295,2
2020-07-09,San Bernardino,71,2135413,26553,17339,10,17349,307
2020-07-09,San Diego,73,3302833,23288,18404,0,18404,415
2020-07-09,San Francisco,75,870044,4961,4143,2,4145,50
2020-07-09,San Joaquin,77,732212,8424,6004,5,6009,66
2020-07-09,San Luis Obispo,79,281455,1274,869,4,873,3
2020-07-09,San Mateo,81,765935,4514,3792,4,3796,106
2020-07-09,Santa Barbara,83,443738,5272,4068,29,4097,28
2020-07-09,Santa Clara,85,1922200,7662,5638,8,5646,164
2020-07-09,Santa Cruz,87,273765,683,526,6,532,3
2020-07-09,Shasta,89,179085,290,155,1,156,5
2020-07-09,Sierra,91,2930,1,1,0,1,0
2020-07-09,Siskiyou,93,43540,54,31,0,31,0
2020-07-09,Solano,95,438530,2754,1892,10,1902,23
2020-07-09,Sonoma,97,501317,2133,1584,4,1588,13
2020-07-09,Stanislaus,99,539301,6666,4633,6,4639,46
2020-07-09,Sutter,101,95872,426,321,0,321,2
2020-07-09,Tehama,103,63373,140,102,1,103,1
2020-07-09,Trinity,105,12862,7,2,3,5,0
2020-07-09,Tulare,107,460477,7143,5501,17,5518,146
2020-07-09,Tuolumne,109,53932,85,47,1,48,0
2020-07-09,Ventura,111,848112,5810,4278,13,4291,47
2020-07-09,Yolo,113,214977,1138,764,3,767,27
2020-07-09,Yuba,115,75493,193,152,0,152,1
2020-07-08,Alameda,1,1643700,8961,7335,9,7344,142
2020-07-08,Alpine,3,1148,3,1,0,1,0
2020-07-08,Amador,5,37829,41,35,0,35,0
2020-07-08,Butte,7,227075,527,281,6,287,3
2020-07-08,Calaveras,9,45235,76,58,0,58,0
2020-07-08,Colusa,11,21464,176,90,0,90,0
2020-07-08,Contra Costa,13,1133247,5720,4268,7,4275,84
2020-07-08,Del Norte,15,27424,61,57,0,57,0
2020-07-08,El Dorado,17,186661,427,248,0,248,0
2020-07-08,Fresno,19,978130,13350,7102,82,7184,86
2020-07-08,Glenn,21,27897,215,146,0,146,0
2020-07-08,Humboldt,23,135768,193,162,1,163,4
2020-07-08,Imperial,25,180216,8957,6727,6,6733,76
2020-07-08,Inyo,27,18085,37,35,0,35,1
2020-07-08,Kern,29,883053,14170,5873,42,5915,91
2020-07-08,Kings,31,150075,3232,2629,19,2648,33
2020-07-08,Lake,33,64148,139,97,0,97,1
2020-07-08,Lassen,35,31185,334,221,2,223,0
2020-07-08,Los Angeles,37,10098052,143867,123462,121,123583,3650
2020-07-08,Madera,39,155013,1447,828,1,829,4
2020-07-08,Marin,41,260295,3957,2756,4,2760,17
2020-07-08,Mariposa,43,17540,38,31,0,31,1
2020-07-08,Mendocino,45,87422,133,84,0,84,0
2020-07-08,Merced,47,269075,2822,1578,1,1579,11
2020-07-08,Modoc,49,8938,1,0,0,0,0
2020-07-08,Mono,51,14174,60,45,0,45,1
2020-07-08,Monterey,53,433212,3025,2182,5,2187,17
2020-07-08,Napa,55,140530,643,468,0,468,4
2020-07-08,Nevada,57,99092,204,156,4,160,1
2020-07-08,Orange,59,3164182,30468,22088,319,22407,378
2020-07-08,Placer,61,380077,1318,948,2,950,11
2020-07-08,Plumas,63,18699,19,12,0,12,0
2020-07-08,Riverside,65,2383286,30490,24042,10,24052,508
2020-07-08,Sacramento,67,1510023,6662,4799,6,4805,80
2020-07-08,San Benito,69,59416,398,282,0,282,2
2020-07-08,San Bernardino,71,2135413,25703,16510,9,16519,296
2020-07-08,San Diego,73,3302833,22721,17844,0,17844,406
2020-07-08,San Francisco,75,870044,4872,4093,2,4095,50
2020-07-08,San Joaquin,77,732212,8082,5759,5,5764,61
2020-07-08,San Luis Obispo,79,281455,1223,825,4,829,2
2020-07-08,San Mateo,81,765935,4393,3733,4,3737,106
2020-07-08,Santa Barbara,83,443738,5153,3985,29,4014,28
2020-07-08,Santa Clara,85,1922200,7429,5510,8,5518,164
2020-07-08,Santa Cruz,87,273765,650,509,5,514,3
2020-07-08,Shasta,89,179085,281,148,1,149,6
2020-07-08,Sierra,91,2930,1,1,0,1,0
2020-07-08,Siskiyou,93,43540,54,31,0,31,0
2020-07-08,Solano,95,438530,2638,1821,10,1831,23
2020-07-08,Sonoma,97,501317,2059,1495,4,1499,9
2020-07-08,Stanislaus,99,539301,6366,4344,6,4350,46
2020-07-08,Sutter,101,95872,401,298,0,298,2
2020-07-08,Tehama,103,63373,134,100,1,101,1
2020-07-08,Trinity,105,12862,6,2,3,5,0
2020-07-08,Tulare,107,460477,6951,5307,12,5319,138
2020-07-08,Tuolumne,109,53932,81,42,1,43,0
2020-07-08,Ventura,111,848112,5645,4139,13,4152,47
2020-07-08,Yolo,113,214977,1095,727,3,730,26
2020-07-08,Yuba,115,75493,180,145,0,145,1
2020-07-07,Alameda,1,1643700,8642,7097,9,7106,141
2020-07-07,Alpine,3,1148,3,1,0,1,0
2020-07-07,Amador,5,37829,41,33,0,33,0
2020-07-07,Butte,7,227075,483,269,6,275,3
2020-07-07,Calaveras,9,45235,74,58,0,58,0
2020-07-07,Colusa,11,21464,143,84,0,84,0
2020-07-07,Contra Costa,13,1133247,5482,4131,6,4137,84
2020-07-07,Del Norte,15,27424,61,57,0,57,0
2020-07-07,El Dorado,17,186661,407,244,0,244,0
2020-07-07,Fresno,19,978130,12897,6738,82,6820,84
2020-07-07,Glenn,21,27897,206,145,0,145,0
2020-07-07,Humboldt,23,135768,190,150,1,151,4
2020-07-07,Imperial,25,180216,8858,6678,6,6684,51
2020-07-07,Inyo,27,18085,36,32,0,32,1
2020-07-07,Kern,29,883053,13471,5645,38,5683,88
2020-07-07,Kings,31,150075,3171,2623,15,2638,33
2020-07-07,Lake,33,64148,129,94,0,94,1
2020-07-07,Lassen,35,31185,263,219,2,221,0
2020-07-07,Los Angeles,37,10098052,140299,121026,113,121139,3588
2020-07-07,Madera,39,155013,1403,794,1,795,4
2020-07-07,Marin,41,260295,3868,2627,4,2631,17
2020-07-07,Mariposa,43,17540,38,31,0,31,1
2020-07-07,Mendocino,45,87422,125,82,0,82,0
2020-07-07,Merced,47,269075,2648,1531,1,1532,10
2020-07-07,Modoc,49,8938,1,0,0,0,0
2020-07-07,Mono,51,14174,59,42,0,42,1
2020-07-07,Monterey,53,433212,2882,2166,5,2171,17
2020-07-07,Napa,55,140530,624,459,0,459,4
2020-07-07,Nevada,57,99092,198,150,4,154,1
2020-07-07,Orange,59,3164182,29457,21741,305,22046,373
2020-07-07,Placer,61,380077,1277,930,2,932,11
2020-07-07,Plumas,63,18699,17,12,0,12,0
2020-07-07,Riverside,65,2383286,29476,23279,10,23289,499
2020-07-07,Sacramento,67,1510023,6320,4592,6,4598,76
2020-07-07,San Benito,69,59416,380,274,0,274,2
2020-07-07,San Bernardino,71,2135413,24835,16004,8,16012,277
2020-07-07,San Diego,73,3302833,22007,17580,0,17580,399
2020-07-07,San Francisco,75,870044,4780,4045,1,4046,50
2020-07-07,San Joaquin,77,732212,7741,5547,5,5552,59
2020-07-07,San Luis Obispo,79,281455,1162,795,4,799,2
2020-07-07,San Mateo,81,765935,4278,3691,4,3695,106
2020-07-07,Santa Barbara,83,443738,5025,3866,28,3894,27
2020-07-07,Santa Clara,85,1922200,7159,5438,8,5446,164
2020-07-07,Santa Cruz,87,273765,616,502,4,506,2
2020-07-07,Shasta,89,179085,268,144,1,145,6
2020-07-07,Sierra,91,2930,1,1,0,1,0
2020-07-07,Siskiyou,93,43540,53,30,0,30,0
2020-07-07,Solano,95,438530,2527,1776,9,1785,22
2020-07-07,Sonoma,97,501317,1988,1473,4,1477,8
2020-07-07,Stanislaus,99,539301,6027,4101,6,4107,46
2020-07-07,Sutter,101,95872,375,273,0,273,2
2020-07-07,Tehama,103,63373,125,95,1,96,1
2020-07-07,Trinity,105,12862,6,2,3,5,0
2020-07-07,Tulare,107,460477,6773,5189,10,5199,137
2020-07-07,Tuolumne,109,53932,75,40,1,41,0
2020-07-07,Ventura,111,848112,5476,3992,11,4003,46
2020-07-07,Yolo,113,214977,1027,706,3,709,26
2020-07-07,Yuba,115,75493,160,138,0,138,1
2020-07-06,Alameda,1,1643700,8404,6970,9,6979,141
2020-07-06,Alpine,3,1148,2,1,0,1,0
2020-07-06,Amador,5,37829,39,33,0,33,0
2020-07-06,Butte,7,227075,427,257,6,263,2
2020-07-06,Calaveras,9,45235,71,45,0,45,0
2020-07-06,Colusa,11,21464,134,80,0,80,0
2020-07-06,Contra Costa,13,1133247,5252,3901,5,3906,83
2020-07-06,Del Norte,15,27424,60,57,0,57,0
2020-07-06,El Dorado,17,186661,392,232,0,232,0
2020-07-06,Fresno,19,978130,12431,6364,75,6439,82
2020-07-06,Glenn,21,27897,198,129,0,129,0
2020-07-06,Humboldt,23,135768,188,148,1,149,3
2020-07-06,Imperial,25,180216,8739,6443,6,6449,47
2020-07-06,Inyo,27,18085,36,32,0,32,1
2020-07-06,Kern,29,883053,12665,5491,36,5527,82
2020-07-06,Kings,31,150075,3122,2583,9,2592,33
2020-07-06,Lake,33,64148,122,93,0,93,1
2020-07-06,Lassen,35,31185,261,219,2,221,0
2020-07-06,Los Angeles,37,10098052,136686,116707,99,116806,3541
2020-07-06,Madera,39,155013,1333,734,1,735,4
2020-07-06,Marin,41,260295,3628,2136,4,2140,17
2020-07-06,Mariposa,43,17540,36,31,0,31,1
2020-07-06,Mendocino,45,87422,108,72,0,72,0
2020-07-06,Merced,47,269075,2497,1396,1,1397,10
2020-07-06,Modoc,49,8938,1,0,0,0,0
2020-07-06,Mono,51,14174,58,40,0,40,1
2020-07-06,Monterey,53,433212,2794,2078,5,2083,15
2020-07-06,Napa,55,140530,606,454,0,454,4
2020-07-06,Nevada,57,99092,192,146,4,150,1
2020-07-06,Orange,59,3164182,28398,20167,267,20434,372
2020-07-06,Placer,61,380077,1217,904,2,906,11
2020-07-06,Plumas,63,18699,17,11,0,11,0
2020-07-06,Riverside,65,2383286,28427,22485,10,22495,477
2020-07-06,Sacramento,67,1510023,5968,4420,6,4426,71
2020-07-06,San Benito,69,59416,365,264,0,264,2
2020-07-06,San Bernardino,71,2135413,23980,15346,8,15354,272
2020-07-06,San Diego,73,3302833,21294,17002,0,17002,387
2020-07-06,San Francisco,75,870044,4659,3861,1,3862,50
2020-07-06,San Joaquin,77,732212,7371,5104,5,5109,57
2020-07-06,San Luis Obispo,79,281455,1105,751,4,755,2
2020-07-06,San Mateo,81,765935,4186,3650,4,3654,106
2020-07-06,Santa Barbara,83,443738,4888,3763,27,3790,27
2020-07-06,Santa Clara,85,1922200,6889,5369,8,5377,165
2020-07-06,Santa Cruz,87,273765,594,466,3,469,2
2020-07-06,Shasta,89,179085,258,143,1,144,6
2020-07-06,Sierra,91,2930,1,1,0,1,0
2020-07-06,Siskiyou,93,43540,49,30,0,30,0
2020-07-06,Solano,95,438530,2394,1668,9,1677,22
2020-07-06,Sonoma,97,501317,1924,1369,4,1373,8
2020-07-06,Stanislaus,99,539301,5625,3983,6,3989,46
2020-07-06,Sutter,101,95872,348,250,0,250,2
2020-07-06,Tehama,103,63373,122,95,1,96,1
2020-07-06,Trinity,105,12862,5,2,3,5,0
2020-07-06,Tulare,107,460477,6569,5039,8,5047,136
2020-07-06,Tuolumne,109,53932,72,30,1,31,0
2020-07-06,Ventura,111,848112,5283,3912,11,3923,44
2020-07-06,Yolo,113,214977,971,685,3,688,26
2020-07-06,Yuba,115,75493,146,124,0,124,1
2020-07-05,Alameda,1,1643700,8152,6861,9,6870,141
2020-07-05,Alpine,3,1148,2,1,0,1,0
2020-07-05,Amador,5,37829,37,31,0,31,0
2020-07-05,Butte,7,227075,392,248,6,254,2
2020-07-05,Calaveras,9,45235,69,45,0,45,0
2020-07-05,Colusa,11,21464,124,79,0,79,0
2020-07-05,Contra Costa,13,1133247,5012,3665,4,3669,80
2020-07-05,Del Norte,15,27424,60,57,0,57,0
2020-07-05,El Dorado,17,186661,374,227,0,227,0
2020-07-05,Fresno,19,978130,11866,6186,73,6259,82
2020-07-05,Glenn,21,27897,195,129,0,129,0
2020-07-05,Humboldt,23,135768,184,147,1,148,3
2020-07-05,Imperial,25,180216,8605,6441,6,6447,47
2020-07-05,Inyo,27,18085,35,32,0,32,1
2020-07-05,Kern,29,883053,11954,5351,36,5387,82
2020-07-05,Kings,31,150075,3039,2546,8,2554,31
2020-07-05,Lake,33,64148,122,92,0,92,1
2020-07-05,Lassen,35,31185,255,219,2,221,0
2020-07-05,Los Angeles,37,10098052,133466,115133,93,115226,3495
2020-07-05,Madera,39,155013,1254,564,1,565,4
2020-07-05,Marin,41,260295,3445,2080,4,2084,17
2020-07-05,Mariposa,43,17540,36,31,0,31,1
2020-07-05,Mendocino,45,87422,105,72,0,72,0
2020-07-05,Merced,47,269075,2352,1340,1,1341,10
2020-07-05,Modoc,49,8938,1,0,0,0,0
2020-07-05,Mono,51,14174,54,39,0,39,1
2020-07-05,Monterey,53,433212,2691,1994,5,1999,15
2020-07-05,Napa,55,140530,576,450,0,450,4
2020-07-05,Nevada,57,99092,186,141,4,145,1
2020-07-05,Orange,59,3164182,27456,19430,252,19682,372
2020-07-05,Placer,61,380077,1161,855,2,857,11
2020-07-05,Plumas,63,18699,16,11,0,11,0
2020-07-05,Riverside,65,2383286,27569,21511,10,21521,474
2020-07-05,Sacramento,67,1510023,5651,4265,2,4267,71
2020-07-05,San Benito,69,59416,346,258,0,258,2
2020-07-05,San Bernardino,71,2135413,23102,15026,8,15034,270
2020-07-05,San Diego,73,3302833,20606,16728,0,16728,387
2020-07-05,San Francisco,75,870044,4541,3861,1,3862,50
2020-07-05,San Joaquin,77,732212,7052,5015,5,5020,57
2020-07-05,San Luis Obispo,79,281455,1025,730,4,734,2
2020-07-05,San Mateo,81,765935,4075,3575,4,3579,106
2020-07-05,Santa Barbara,83,443738,4741,3671,24,3695,27
2020-07-05,Santa Clara,85,1922200,6600,5237,8,5245,162
2020-07-05,Santa Cruz,87,273765,576,467,1,468,2
2020-07-05,Shasta,89,179085,252,138,1,139,6
2020-07-05,Sierra,91,2930,1,1,0,1,0
2020-07-05,Siskiyou,93,43540,45,30,0,30,0
2020-07-05,Solano,95,438530,2274,1547,9,1556,22
2020-07-05,Sonoma,97,501317,1843,1369,4,1373,8
2020-07-05,Stanislaus,99,539301,5294,3777,6,3783,45
2020-07-05,Sutter,101,95872,320,241,0,241,2
2020-07-05,Tehama,103,63373,120,95,1,96,1
2020-07-05,Trinity,105,12862,5,2,3,5,0
2020-07-05,Tulare,107,460477,6310,4981,6,4987,135
2020-07-05,Tuolumne,109,53932,67,30,1,31,0
2020-07-05,Ventura,111,848112,5080,3866,11,3877,44
2020-07-05,Yolo,113,214977,931,644,3,647,26
2020-07-05,Yuba,115,75493,136,115,0,115,1
2020-07-04,Alameda,1,1643700,8040,6737,9,6746,141
2020-07-04,Alpine,3,1148,2,1,0,1,0
2020-07-04,Amador,5,37829,36,31,0,31,0
2020-07-04,Butte,7,227075,374,224,6,230,2
2020-07-04,Calaveras,9,45235,69,45,0,45,0
2020-07-04,Colusa,11,21464,123,76,0,76,0
2020-07-04,Contra Costa,13,1133247,4865,3583,4,3587,80
2020-07-04,Del Norte,15,27424,60,50,0,50,0
2020-07-04,El Dorado,17,186661,354,211,0,211,0
2020-07-04,Fresno,19,978130,11550,5999,71,6070,82
2020-07-04,Glenn,21,27897,188,128,0,128,0
2020-07-04,Humboldt,23,135768,177,144,1,145,3
2020-07-04,Imperial,25,180216,8557,6441,6,6447,47
2020-07-04,Inyo,27,18085,35,32,0,32,1
2020-07-04,Kern,29,883053,11650,5231,36,5267,81
2020-07-04,Kings,31,150075,2996,2509,8,2517,31
2020-07-04,Lake,33,64148,114,86,0,86,1
2020-07-04,Lassen,35,31185,255,219,2,221,0
2020-07-04,Los Angeles,37,10098052,131650,107256,82,107338,3462
2020-07-04,Madera,39,155013,1208,568,1,569,4
2020-07-04,Marin,41,260295,3416,1962,4,1966,17
2020-07-04,Mariposa,43,17540,36,28,0,28,1
2020-07-04,Mendocino,45,87422,105,72,0,72,0
2020-07-04,Merced,47,269075,2249,1252,1,1253,10
2020-07-04,Modoc,49,8938,1,0,0,0,0
2020-07-04,Mono,51,14174,54,37,0,37,1
2020-07-04,Monterey,53,433212,2611,1878,5,1883,15
2020-07-04,Napa,55,140530,567,426,0,426,4
2020-07-04,Nevada,57,99092,183,125,4,129,1
2020-07-04,Orange,59,3164182,27024,19247,237,19484,372
2020-07-04,Placer,61,380077,1125,796,2,798,11
2020-07-04,Plumas,63,18699,16,11,0,11,0
2020-07-04,Riverside,65,2383286,27201,21508,10,21518,474
2020-07-04,Sacramento,67,1510023,5484,4039,2,4041,71
2020-07-04,San Benito,69,59416,333,255,0,255,2
2020-07-04,San Bernardino,71,2135413,22675,14636,8,14644,270
2020-07-04,San Diego,73,3302833,20146,16166,0,16166,387
2020-07-04,San Francisco,75,870044,4449,3861,1,3862,50
2020-07-04,San Joaquin,77,732212,6839,4807,5,4812,57
2020-07-04,San Luis Obispo,79,281455,985,699,4,703,2
2020-07-04,San Mateo,81,765935,4012,3532,4,3536,106
2020-07-04,Santa Barbara,83,443738,4666,3520,22,3542,27
2020-07-04,Santa Clara,85,1922200,6408,5045,8,5053,161
2020-07-04,Santa Cruz,87,273765,566,466,1,467,2
2020-07-04,Shasta,89,179085,249,135,1,136,6
2020-07-04,Sierra,91,2930,1,1,0,1,0
2020-07-04,Siskiyou,93,43540,38,30,0,30,0
2020-07-04,Solano,95,438530,2238,1548,9,1557,22
2020-07-04,Sonoma,97,501317,1817,1370,4,1374,8
2020-07-04,Stanislaus,99,539301,5136,3572,6,3578,44
2020-07-04,Sutter,101,95872,301,225,0,225,2
2020-07-04,Tehama,103,63373,117,92,1,93,1
2020-07-04,Trinity,105,12862,5,2,3,5,0
2020-07-04,Tulare,107,460477,6198,4802,5,4807,135
2020-07-04,Tuolumne,109,53932,63,30,1,31,0
2020-07-04,Ventura,111,848112,4956,3687,11,3698,44
2020-07-04,Yolo,113,214977,906,615,3,618,26
2020-07-04,Yuba,115,75493,129,102,0,102,1
2020-07-03,Alameda,1,1643700,7919,6486,9,6495,141
2020-07-03,Alpine,3,1148,2,1,0,1,0
2020-07-03,Amador,5,37829,36,25,0,25,0
2020-07-03,Butte,7,227075,362,212,6,218,2
2020-07-03,Calaveras,9,45235,69,44,0,44,0
2020-07-03,Colusa,11,21464,117,70,0,70,0
2020-07-03,Contra Costa,13,1133247,4731,3447,4,3451,78
2020-07-03,Del Norte,15,27424,60,50,0,50,0
2020-07-03,El Dorado,17,186661,342,201,0,201,0
2020-07-03,Fresno,19,978130,11245,5783,69,5852,81
2020-07-03,Glenn,21,27897,183,122,0,122,0
2020-07-03,Humboldt,23,135768,173,143,1,144,3
2020-07-03,Imperial,25,180216,8509,6345,6,6351,47
2020-07-03,Inyo,27,18085,35,32,0,32,1
2020-07-03,Kern,29,883053,11389,5213,36,5249,81
2020-07-03,Kings,31,150075,2960,2492,8,2500,31
2020-07-03,Lake,33,64148,107,83,0,83,0
2020-07-03,Lassen,35,31185,255,219,2,221,0
2020-07-03,Los Angeles,37,10098052,130133,107236,78,107314,3461
2020-07-03,Madera,39,155013,1163,565,1,566,4
2020-07-03,Marin,41,260295,3387,1776,4,1780,17
2020-07-03,Mariposa,43,17540,36,28,0,28,1
2020-07-03,Mendocino,45,87422,104,72,0,72,0
2020-07-03,Merced,47,269075,2183,1188,1,1189,10
2020-07-03,Modoc,49,8938,1,0,0,0,0
2020-07-03,Mono,51,14174,54,37,0,37,1
2020-07-03,Monterey,53,433212,2540,1804,5,1809,15
2020-07-03,Napa,55,140530,549,388,0,388,4
2020-07-03,Nevada,57,99092,182,125,4,129,1
2020-07-03,Orange,59,3164182,26633,18819,228,19047,366
2020-07-03,Placer,61,380077,1098,745,2,747,11
2020-07-03,Plumas,63,18699,16,11,0,11,0
2020-07-03,Riverside,65,2383286,26895,21171,10,21181,472
2020-07-03,Sacramento,67,1510023,5348,3711,2,3713,71
2020-07-03,San Benito,69,59416,326,243,0,243,2
2020-07-03,San Bernardino,71,2135413,22286,14040,8,14048,269
2020-07-03,San Diego,73,3302833,19690,15698,0,15698,387
2020-07-03,San Francisco,75,870044,4402,3781,1,3782,50
2020-07-03,San Joaquin,77,732212,6701,4416,4,4420,56
2020-07-03,San Luis Obispo,79,281455,950,676,4,680,2
2020-07-03,San Mateo,81,765935,3955,3439,4,3443,106
2020-07-03,Santa Barbara,83,443738,4579,3406,21,3427,27
2020-07-03,Santa Clara,85,1922200,6297,4820,8,4828,161
2020-07-03,Santa Cruz,87,273765,553,436,1,437,2
2020-07-03,Shasta,89,179085,241,113,1,114,6
2020-07-03,Sierra,91,2930,1,1,0,1,0
2020-07-03,Siskiyou,93,43540,35,30,0,30,0
2020-07-03,Solano,95,438530,2194,1496,8,1504,22
2020-07-03,Sonoma,97,501317,1769,1282,4,1286,8
2020-07-03,Stanislaus,99,539301,5011,3021,6,3027,43
2020-07-03,Sutter,101,95872,291,205,0,205,2
2020-07-03,Tehama,103,63373,115,89,1,90,1
2020-07-03,Trinity,105,12862,5,2,3,5,0
2020-07-03,Tulare,107,460477,6084,4656,5,4661,134
2020-07-03,Tuolumne,109,53932,61,27,1,28,0
2020-07-03,Ventura,111,848112,4860,3536,11,3547,44
2020-07-03,Yolo,113,214977,872,586,3,589,25
2020-07-03,Yuba,115,75493,124,96,0,96,1
2020-07-02,Alameda,1,1643700,7793,6386,9,6395,139
2020-07-02,Alpine,3,1148,2,1,0,1,0
2020-07-02,Amador,5,37829,35,23,0,23,0
2020-07-02,Butte,7,227075,345,199,6,205,2
2020-07-02,Calaveras,9,45235,65,42,0,42,0
2020-07-02,Colusa,11,21464,109,60,0,60,0
2020-07-02,Contra Costa,13,1133247,4548,3347,4,3351,77
2020-07-02,Del Norte,15,27424,59,50,0,50,0
2020-07-02,El Dorado,17,186661,331,193,0,193,0
2020-07-02,Fresno,19,978130,10788,5402,68,5470,78
2020-07-02,Glenn,21,27897,177,114,0,114,0
2020-07-02,Humboldt,23,135768,169,138,1,139,3
2020-07-02,Imperial,25,180216,8406,6236,6,6242,47
2020-07-02,Inyo,27,18085,35,29,0,29,1
2020-07-02,Kern,29,883053,10854,5036,34,5070,78
2020-07-02,Kings,31,150075,2910,2419,8,2427,31
2020-07-02,Lake,33,64148,104,81,0,81,0
2020-07-02,Lassen,35,31185,253,218,2,220,0
2020-07-02,Los Angeles,37,10098052,128114,107144,55,107199,3458
2020-07-02,Madera,39,155013,1095,548,1,549,4
2020-07-02,Marin,41,260295,3302,1706,4,1710,17
2020-07-02,Mariposa,43,17540,35,28,0,28,1
2020-07-02,Mendocino,45,87422,100,71,0,71,0
2020-07-02,Merced,47,269075,2086,1122,1,1123,10
2020-07-02,Modoc,49,8938,1,0,0,0,0
2020-07-02,Mono,51,14174,54,37,0,37,1
2020-07-02,Monterey,53,433212,2480,1796,5,1801,15
2020-07-02,Napa,55,140530,532,352,0,352,4
2020-07-02,Nevada,57,99092,176,118,4,122,1
2020-07-02,Orange,59,3164182,25871,17056,215,17271,360
2020-07-02,Placer,61,380077,1073,740,2,742,11
2020-07-02,Plumas,63,18699,15,8,0,8,0
2020-07-02,Riverside,65,2383286,26324,20253,10,20263,458
2020-07-02,Sacramento,67,1510023,5114,3587,2,3589,70
2020-07-02,San Benito,69,59416,318,236,0,236,2
2020-07-02,San Bernardino,71,2135413,21750,13185,8,13193,260
2020-07-02,San Diego,73,3302833,19228,15208,0,15208,377
2020-07-02,San Francisco,75,870044,4307,3676,1,3677,50
2020-07-02,San Joaquin,77,732212,6354,4243,4,4247,56
2020-07-02,San Luis Obispo,79,281455,905,659,4,663,2
2020-07-02,San Mateo,81,765935,3874,3390,4,3394,107
2020-07-02,Santa Barbara,83,443738,4479,3385,19,3404,27
2020-07-02,Santa Clara,85,1922200,6171,4722,8,4730,160
2020-07-02,Santa Cruz,87,273765,530,414,1,415,2
2020-07-02,Shasta,89,179085,238,110,1,111,5
2020-07-02,Sierra,91,2930,1,1,0,1,0
2020-07-02,Siskiyou,93,43540,35,30,0,30,0
2020-07-02,Solano,95,438530,2111,1429,8,1437,21
2020-07-02,Sonoma,97,501317,1711,1244,4,1248,6
2020-07-02,Stanislaus,99,539301,4839,2850,6,2856,41
2020-07-02,Sutter,101,95872,279,195,0,195,2
2020-07-02,Tehama,103,63373,113,86,1,87,1
2020-07-02,Trinity,105,12862,5,2,3,5,0
2020-07-02,Tulare,107,460477,5918,4559,4,4563,132
2020-07-02,Tuolumne,109,53932,58,23,1,24,0
2020-07-02,Ventura,111,848112,4704,3394,11,3405,42
2020-07-02,Yolo,113,214977,840,554,3,557,24
2020-07-02,Yuba,115,75493,114,93,0,93,1
2020-07-01,Alameda,1,1643700,7572,6125,9,6134,137
2020-07-01,Alpine,3,1148,2,1,0,1,0
2020-07-01,Amador,5,37829,34,22,0,22,0
2020-07-01,Butte,7,227075,320,185,6,191,2
2020-07-01,Calaveras,9,45235,63,37,0,37,0
2020-07-01,Colusa,11,21464,103,53,0,53,0
2020-07-01,Contra Costa,13,1133247,4336,3259,4,3263,76
2020-07-01,Del Norte,15,27424,59,50,0,50,0
2020-07-01,El Dorado,17,186661,304,183,0,183,0
2020-07-01,Fresno,19,978130,10354,5111,65,5176,76
2020-07-01,Glenn,21,27897,170,110,0,110,0
2020-07-01,Humboldt,23,135768,164,134,0,134,3
2020-07-01,Imperial,25,180216,8308,6150,6,6156,46
2020-07-01,Inyo,27,18085,34,30,0,30,1
2020-07-01,Kern,29,883053,10223,4853,31,4884,78
2020-07-01,Kings,31,150075,2842,2360,8,2368,30
2020-07-01,Lake,33,64148,103,75,0,75,0
2020-07-01,Lassen,35,31185,252,217,2,219,0
2020-07-01,Los Angeles,37,10098052,124910,105325,44,105369,3408
2020-07-01,Madera,39,155013,1054,519,1,520,4
2020-07-01,Marin,41,260295,3145,1636,4,1640,17
2020-07-01,Mariposa,43,17540,35,29,0,29,1
2020-07-01,Mendocino,45,87422,96,70,0,70,0
2020-07-01,Merced,47,269075,1986,1052,1,1053,10
2020-07-01,Modoc,49,8938,1,0,0,0,0
2020-07-01,Mono,51,14174,51,37,0,37,1
2020-07-01,Monterey,53,433212,2373,1703,5,1708,15
2020-07-01,Napa,55,140530,509,347,0,347,4
2020-07-01,Nevada,57,99092,166,115,4,119,1
2020-07-01,Orange,59,3164182,24987,15662,193,15855,343
2020-07-01,Placer,61,380077,1024,713,2,715,11
2020-07-01,Plumas,63,18699,13,8,0,8,0
2020-07-01,Riverside,65,2383286,25483,19537,10,19547,457
2020-07-01,Sacramento,67,1510023,4863,3425,2,3427,64
2020-07-01,San Benito,69,59416,309,219,0,219,2
2020-07-01,San Bernardino,71,2135413,20852,12712,8,12720,253
2020-07-01,San Diego,73,3302833,18670,14624,0,14624,372
2020-07-01,San Francisco,75,870044,4214,3626,1,3627,50
2020-07-01,San Joaquin,77,732212,5995,3990,4,3994,54
2020-07-01,San Luis Obispo,79,281455,879,613,4,617,1
2020-07-01,San Mateo,81,765935,3812,3326,4,3330,84
2020-07-01,Santa Barbara,83,443738,4359,3268,18,3286,27
2020-07-01,Santa Clara,85,1922200,5985,4547,7,4554,159
2020-07-01,Santa Cruz,87,273765,509,398,0,398,2
2020-07-01,Shasta,89,179085,233,104,1,105,5
2020-07-01,Sierra,91,2930,1,1,0,1,0
2020-07-01,Siskiyou,93,43540,35,28,0,28,0
2020-07-01,Solano,95,438530,2022,1350,8,1358,21
2020-07-01,Sonoma,97,501317,1615,1178,4,1182,6
2020-07-01,Stanislaus,99,539301,4559,2619,6,2625,41
2020-07-01,Sutter,101,95872,266,188,0,188,2
2020-07-01,Tehama,103,63373,106,80,1,81,1
2020-07-01,Trinity,105,12862,5,2,2,4,0
2020-07-01,Tulare,107,460477,5740,4359,4,4363,128
2020-07-01,Tuolumne,109,53932,55,17,1,18,0
2020-07-01,Ventura,111,848112,4561,3224,9,3233,41
2020-07-01,Yolo,113,214977,790,526,3,529,24
2020-07-01,Yuba,115,75493,109,57,0,57,1
2020-06-30,Alameda,1,1643700,7323,5959,7,5966,137
2020-06-30,Alpine,3,1148,2,1,0,1,0
2020-06-30,Amador,5,37829,34,21,0,21,0
2020-06-30,Butte,7,227075,303,163,6,169,2
2020-06-30,Calaveras,9,45235,58,31,0,31,0
2020-06-30,Colusa,11,21464,94,33,0,33,0
2020-06-30,Contra Costa,13,1133247,4130,3140,4,3144,75
2020-06-30,Del Norte,15,27424,59,48,0,48,0
2020-06-30,El Dorado,17,186661,291,175,0,175,0
2020-06-30,Fresno,19,978130,9907,4826,61,4887,75
2020-06-30,Glenn,21,27897,165,96,0,96,0
2020-06-30,Humboldt,23,135768,160,132,0,132,3
2020-06-30,Imperial,25,180216,8211,5968,6,5974,45
2020-06-30,Inyo,27,18085,34,30,0,30,1
2020-06-30,Kern,29,883053,9574,4721,27,4748,75
2020-06-30,Kings,31,150075,2793,2315,5,2320,30
2020-06-30,Lake,33,64148,95,56,0,56,0
2020-06-30,Lassen,35,31185,245,215,2,217,0
2020-06-30,Los Angeles,37,10098052,121318,103640,41,103681,3378
2020-06-30,Madera,39,155013,997,475,1,476,4
2020-06-30,Marin,41,260295,3074,1614,4,1618,17
2020-06-30,Mariposa,43,17540,34,27,0,27,1
2020-06-30,Mendocino,45,87422,91,65,0,65,0
2020-06-30,Merced,47,269075,1849,970,1,971,10
2020-06-30,Modoc,49,8938,1,0,0,0,0
2020-06-30,Mono,51,14174,49,36,0,36,1
2020-06-30,Monterey,53,433212,2275,1657,5,1662,15
2020-06-30,Napa,55,140530,484,342,0,342,4
2020-06-30,Nevada,57,99092,158,113,4,117,1
2020-06-30,Orange,59,3164182,24057,14354,183,14537,335
2020-06-30,Placer,61,380077,998,667,2,669,11
2020-06-30,Plumas,63,18699,12,8,0,8,0
2020-06-30,Riverside,65,2383286,24766,18656,10,18666,449
2020-06-30,Sacramento,67,1510023,4573,3246,2,3248,64
2020-06-30,San Benito,69,59416,298,200,0,200,2
2020-06-30,San Bernardino,71,2135413,19867,12375,8,12383,249
2020-06-30,San Diego,73,3302833,17967,14150,0,14150,365
2020-06-30,San Francisco,75,870044,4108,3555,1,3556,50
2020-06-30,San Joaquin,77,732212,5621,3744,4,3748,52
2020-06-30,San Luis Obispo,79,281455,843,583,4,587,1
2020-06-30,San Mateo,81,765935,3735,3268,4,3272,84
2020-06-30,Santa Barbara,83,443738,4242,3102,18,3120,25
2020-06-30,Santa Clara,85,1922200,5785,4346,7,4353,157
2020-06-30,Santa Cruz,87,273765,484,379,0,379,2
2020-06-30,Shasta,89,179085,217,100,1,101,5
2020-06-30,Sierra,91,2930,1,1,0,1,0
2020-06-30,Siskiyou,93,43540,34,26,0,26,0
2020-06-30,Solano,95,438530,1930,1256,8,1264,21
2020-06-30,Sonoma,97,501317,1550,1122,4,1126,6
2020-06-30,Stanislaus,99,539301,4262,2578,6,2584,41
2020-06-30,Sutter,101,95872,243,168,0,168,2
2020-06-30,Tehama,103,63373,104,75,1,76,1
2020-06-30,Trinity,105,12862,5,2,2,4,0
2020-06-30,Tulare,107,460477,5533,4207,4,4211,117
2020-06-30,Tuolumne,109,53932,51,16,1,17,0
2020-06-30,Ventura,111,848112,4427,3030,9,3039,40
2020-06-30,Yolo,113,214977,752,515,3,518,24
2020-06-30,Yuba,115,75493,105,55,0,55,1
2020-06-29,Alameda,1,1643700,7113,5766,7,5773,135
2020-06-29,Alpine,3,1148,2,1,0,1,0
2020-06-29,Amador,5,37829,31,20,0,20,0
2020-06-29,Butte,7,227075,282,157,6,163,2
2020-06-29,Calaveras,9,45235,56,30,0,30,0
2020-06-29,Colusa,11,21464,89,17,0,17,0
2020-06-29,Contra Costa,13,1133247,3967,2976,3,2979,75
2020-06-29,Del Norte,15,27424,59,47,0,47,0
2020-06-29,El Dorado,17,186661,277,163,0,163,0
2020-06-29,Fresno,19,978130,9560,4531,60,4591,74
2020-06-29,Glenn,21,27897,156,77,0,77,0
2020-06-29,Humboldt,23,135768,159,128,0,128,3
2020-06-29,Imperial,25,180216,8080,5512,6,5518,45
2020-06-29,Inyo,27,18085,33,29,0,29,1
2020-06-29,Kern,29,883053,8911,4613,25,4638,73
2020-06-29,Kings,31,150075,2729,2280,5,2285,20
2020-06-29,Lake,33,64148,88,53,0,53,0
2020-06-29,Lassen,35,31185,237,77,2,79,0
2020-06-29,Los Angeles,37,10098052,118269,100846,35,100881,3337
2020-06-29,Madera,39,155013,940,422,1,423,4
2020-06-29,Marin,41,260295,2998,1517,4,1521,17
2020-06-29,Mariposa,43,17540,32,25,0,25,1
2020-06-29,Mendocino,45,87422,88,63,0,63,0
2020-06-29,Merced,47,269075,1743,848,1,849,10
2020-06-29,Modoc,49,8938,1,0,0,0,0
2020-06-29,Mono,51,14174,47,35,0,35,1
2020-06-29,Monterey,53,433212,2203,1614,5,1619,14
2020-06-29,Napa,55,140530,463,317,0,317,4
2020-06-29,Nevada,57,99092,155,107,3,110,1
2020-06-29,Orange,59,3164182,23066,13682,167,13849,324
2020-06-29,Placer,61,380077,959,628,2,630,11
2020-06-29,Plumas,63,18699,12,6,0,6,0
2020-06-29,Riverside,65,2383286,23733,17683,10,17693,432
2020-06-29,Sacramento,67,1510023,4291,2985,2,2987,62
2020-06-29,San Benito,69,59416,283,193,0,193,2
2020-06-29,San Bernardino,71,2135413,18905,11643,8,11651,245
2020-06-29,San Diego,73,3302833,17391,13834,0,13834,361
2020-06-29,San Francisco,75,870044,4031,3389,1,3390,50
2020-06-29,San Joaquin,77,732212,5263,3202,4,3206,52
2020-06-29,San Luis Obispo,79,281455,809,544,4,548,1
2020-06-29,San Mateo,81,765935,3681,3170,4,3174,84
2020-06-29,Santa Barbara,83,443738,4132,2933,17,2950,25
2020-06-29,Santa Clara,85,1922200,5613,4231,7,4238,157
2020-06-29,Santa Cruz,87,273765,466,348,0,348,2
2020-06-29,Shasta,89,179085,209,94,1,95,5
2020-06-29,Sierra,91,2930,1,1,0,1,0
2020-06-29,Siskiyou,93,43540,34,25,0,25,0
2020-06-29,Solano,95,438530,1828,1077,8,1085,21
2020-06-29,Sonoma,97,501317,1478,1103,4,1107,5
2020-06-29,Stanislaus,99,539301,4056,2400,5,2405,36
2020-06-29,Sutter,101,95872,221,152,0,152,2
2020-06-29,Tehama,103,63373,100,63,1,64,1
2020-06-29,Trinity,105,12862,5,2,2,4,0
2020-06-29,Tulare,107,460477,5379,3906,4,3910,117
2020-06-29,Tuolumne,109,53932,47,16,1,17,0
2020-06-29,Ventura,111,848112,4280,2794,9,2803,40
2020-06-29,Yolo,113,214977,719,483,3,486,24
2020-06-29,Yuba,115,75493,92,55,0,55,1
2020-06-28,Alameda,1,1643700,6854,5698,7,5705,135
2020-06-28,Alpine,3,1148,2,1,0,1,0
2020-06-28,Amador,5,37829,29,20,0,20,0
2020-06-28,Butte,7,227075,263,150,6,156,2
2020-06-28,Calaveras,9,45235,51,30,0,30,0
2020-06-28,Colusa,11,21464,74,17,0,17,0
2020-06-28,Contra Costa,13,1133247,3777,2803,3,2806,73
2020-06-28,Del Norte,15,27424,58,47,0,47,0
2020-06-28,El Dorado,17,186661,265,162,0,162,0
2020-06-28,Fresno,19,978130,9199,4365,60,4425,74
2020-06-28,Glenn,21,27897,148,77,0,77,0
2020-06-28,Humboldt,23,135768,156,127,0,127,3
2020-06-28,Imperial,25,180216,7891,5513,6,5519,45
2020-06-28,Inyo,27,18085,33,29,0,29,1
2020-06-28,Kern,29,883053,8358,4541,23,4564,72
2020-06-28,Kings,31,150075,2670,2234,5,2239,18
2020-06-28,Lake,33,64148,84,53,0,53,0
2020-06-28,Lassen,35,31185,237,77,2,79,0
2020-06-28,Los Angeles,37,10098052,115065,98003,31,98034,3316
2020-06-28,Madera,39,155013,893,424,1,425,4
2020-06-28,Marin,41,260295,2652,1473,4,1477,17
2020-06-28,Mariposa,43,17540,32,24,0,24,1
2020-06-28,Mendocino,45,87422,86,63,0,63,0
2020-06-28,Merced,47,269075,1630,814,1,815,10
2020-06-28,Modoc,49,8938,1,0,0,0,0
2020-06-28,Mono,51,14174,47,35,0,35,1
2020-06-28,Monterey,53,433212,2121,1560,5,1565,13
2020-06-28,Napa,55,140530,429,307,0,307,4
2020-06-28,Nevada,57,99092,144,102,3,105,1
2020-06-28,Orange,59,3164182,22091,13213,149,13362,324
2020-06-28,Placer,61,380077,919,618,2,620,11
2020-06-28,Plumas,63,18699,11,6,0,6,0
2020-06-28,Riverside,65,2383286,22906,16848,9,16857,432
2020-06-28,Sacramento,67,1510023,4063,2803,2,2805,63
2020-06-28,San Benito,69,59416,272,190,0,190,2
2020-06-28,San Bernardino,71,2135413,18151,11344,7,11351,245
2020-06-28,San Diego,73,3302833,16846,13333,0,13333,361
2020-06-28,San Francisco,75,870044,3952,3388,1,3389,50
2020-06-28,San Joaquin,77,732212,4928,3201,4,3205,52
2020-06-28,San Luis Obispo,79,281455,770,531,4,535,1
2020-06-28,San Mateo,81,765935,3603,3124,4,3128,84
2020-06-28,Santa Barbara,83,443738,3987,2872,17,2889,25
2020-06-28,Santa Clara,85,1922200,5453,4131,7,4138,156
2020-06-28,Santa Cruz,87,273765,443,349,0,349,2
2020-06-28,Shasta,89,179085,196,89,0,89,5
2020-06-28,Sierra,91,2930,1,1,0,1,0
2020-06-28,Siskiyou,93,43540,34,25,0,25,0
2020-06-28,Solano,95,438530,1753,1077,8,1085,21
2020-06-28,Sonoma,97,501317,1424,1084,4,1088,5
2020-06-28,Stanislaus,99,539301,3850,2376,5,2381,36
2020-06-28,Sutter,101,95872,195,145,0,145,2
2020-06-28,Tehama,103,63373,93,63,1,64,1
2020-06-28,Trinity,105,12862,5,2,2,4,0
2020-06-28,Tulare,107,460477,5214,3812,4,3816,117
2020-06-28,Tuolumne,109,53932,42,14,1,15,0
2020-06-28,Ventura,111,848112,4122,2650,9,2659,40
2020-06-28,Yolo,113,214977,684,468,3,471,24
2020-06-28,Yuba,115,75493,88,39,0,39,1
2020-06-27,Alameda,1,1643700,6759,5581,7,5588,135
2020-06-27,Alpine,3,1148,2,1,0,1,0
2020-06-27,Amador,5,37829,27,20,0,20,0
2020-06-27,Butte,7,227075,255,137,6,143,2
2020-06-27,Calaveras,9,45235,49,30,0,30,0
2020-06-27,Colusa,11,21464,68,17,0,17,0
2020-06-27,Contra Costa,13,1133247,3682,2717,2,2719,72
2020-06-27,Del Norte,15,27424,58,47,0,47,0
2020-06-27,El Dorado,17,186661,259,159,0,159,0
2020-06-27,Fresno,19,978130,8953,4238,60,4298,74
2020-06-27,Glenn,21,27897,144,77,0,77,0
2020-06-27,Humboldt,23,135768,154,127,0,127,3
2020-06-27,Imperial,25,180216,7829,5513,6,5519,45
2020-06-27,Inyo,27,18085,33,29,0,29,1
2020-06-27,Kern,29,883053,8096,4411,22,4433,70
2020-06-27,Kings,31,150075,2644,2187,5,2192,18
2020-06-27,Lake,33,64148,81,42,0,42,0
2020-06-27,Lassen,35,31185,237,33,2,35,0
2020-06-27,Los Angeles,37,10098052,113324,95341,28,95369,3291
2020-06-27,Madera,39,155013,850,427,0,427,4
2020-06-27,Marin,41,260295,2607,1423,4,1427,17
2020-06-27,Mariposa,43,17540,31,22,0,22,1
2020-06-27,Mendocino,45,87422,86,63,0,63,0
2020-06-27,Merced,47,269075,1572,807,0,807,10
2020-06-27,Modoc,49,8938,1,0,0,0,0
2020-06-27,Mono,51,14174,46,35,0,35,1
2020-06-27,Monterey,53,433212,2057,1455,5,1460,12
2020-06-27,Napa,55,140530,419,282,0,282,3
2020-06-27,Nevada,57,99092,140,102,2,104,1
2020-06-27,Orange,59,3164182,21582,12951,144,13095,320
2020-06-27,Placer,61,380077,898,584,2,586,10
2020-06-27,Plumas,63,18699,11,6,0,6,0
2020-06-27,Riverside,65,2383286,22517,16209,9,16218,432
2020-06-27,Sacramento,67,1510023,3945,2685,2,2687,63
2020-06-27,San Benito,69,59416,265,182,0,182,2
2020-06-27,San Bernardino,71,2135413,17773,11238,7,11245,243
2020-06-27,San Diego,73,3302833,16481,12836,0,12836,360
2020-06-27,San Francisco,75,870044,3897,3332,1,3333,49
2020-06-27,San Joaquin,77,732212,4763,2995,4,2999,52
2020-06-27,San Luis Obispo,79,281455,746,505,4,509,1
2020-06-27,San Mateo,81,765935,3546,3083,4,3087,83
2020-06-27,Santa Barbara,83,443738,3915,2799,17,2816,25
2020-06-27,Santa Clara,85,1922200,5348,4006,7,4013,157
2020-06-27,Santa Cruz,87,273765,436,347,0,347,2
2020-06-27,Shasta,89,179085,191,87,0,87,5
2020-06-27,Sierra,91,2930,1,1,0,1,0
2020-06-27,Siskiyou,93,43540,34,25,0,25,0
2020-06-27,Solano,95,438530,1720,1076,8,1084,21
2020-06-27,Sonoma,97,501317,1393,1004,4,1008,5
2020-06-27,Stanislaus,99,539301,3750,2164,5,2169,36
2020-06-27,Sutter,101,95872,188,141,0,141,2
2020-06-27,Tehama,103,63373,90,63,1,64,1
2020-06-27,Trinity,105,12862,5,2,2,4,0
2020-06-27,Tulare,107,460477,5118,3810,4,3814,117
2020-06-27,Tuolumne,109,53932,41,13,1,14,0
2020-06-27,Ventura,111,848112,4023,2471,9,2480,40
2020-06-27,Yolo,113,214977,659,432,3,435,24
2020-06-27,Yuba,115,75493,80,39,0,39,1
2020-06-26,Alameda,1,1643700,6673,5502,6,5508,132
2020-06-26,Alpine,3,1148,2,1,0,1,0
2020-06-26,Amador,5,37829,26,20,0,20,0
2020-06-26,Butte,7,227075,240,135,6,141,2
2020-06-26,Calaveras,9,45235,47,30,0,30,0
2020-06-26,Colusa,11,21464,63,17,0,17,0
2020-06-26,Contra Costa,13,1133247,3569,2676,2,2678,72
2020-06-26,Del Norte,15,27424,57,47,0,47,0
2020-06-26,El Dorado,17,186661,251,159,0,159,0
2020-06-26,Fresno,19,978130,8727,4166,60,4226,74
2020-06-26,Glenn,21,27897,137,71,0,71,0
2020-06-26,Humboldt,23,135768,152,126,0,126,3
2020-06-26,Imperial,25,180216,7765,5400,6,5406,44
2020-06-26,Inyo,27,18085,32,29,0,29,1
2020-06-26,Kern,29,883053,7764,4366,22,4388,70
2020-06-26,Kings,31,150075,2612,2176,4,2180,18
2020-06-26,Lake,33,64148,80,42,0,42,0
2020-06-26,Lassen,35,31185,236,30,2,32,0
2020-06-26,Los Angeles,37,10098052,111159,93328,28,93356,3275
2020-06-26,Madera,39,155013,818,409,0,409,4
2020-06-26,Marin,41,260295,2571,1406,4,1410,17
2020-06-26,Mariposa,43,17540,30,21,0,21,1
2020-06-26,Mendocino,45,87422,83,63,0,63,0
2020-06-26,Merced,47,269075,1526,797,0,797,10
2020-06-26,Modoc,49,8938,1,0,0,0,0
2020-06-26,Mono,51,14174,45,35,0,35,1
2020-06-26,Monterey,53,433212,2005,1449,5,1454,12
2020-06-26,Napa,55,140530,409,277,0,277,3
2020-06-26,Nevada,57,99092,136,101,1,102,1
2020-06-26,Orange,59,3164182,20906,12659,141,12800,320
2020-06-26,Placer,61,380077,871,584,2,586,10
2020-06-26,Plumas,63,18699,11,6,0,6,0
2020-06-26,Riverside,65,2383286,22055,15858,9,15867,430
2020-06-26,Sacramento,67,1510023,3781,2687,2,2689,63
2020-06-26,San Benito,69,59416,261,176,0,176,2
2020-06-26,San Bernardino,71,2135413,17396,11111,7,11118,243
2020-06-26,San Diego,73,3302833,16116,12402,0,12402,358
2020-06-26,San Francisco,75,870044,3841,3330,1,3331,49
2020-06-26,San Joaquin,77,732212,4549,2943,4,2947,52
2020-06-26,San Luis Obispo,79,281455,731,498,4,502,1
2020-06-26,San Mateo,81,765935,3494,3055,4,3059,83
2020-06-26,Santa Barbara,83,443738,3825,2784,15,2799,25
2020-06-26,Santa Clara,85,1922200,5247,3968,7,3975,156
2020-06-26,Santa Cruz,87,273765,429,344,0,344,2
2020-06-26,Shasta,89,179085,184,86,0,86,5
2020-06-26,Sierra,91,2930,1,1,0,1,0
2020-06-26,Siskiyou,93,43540,33,24,0,24,0
2020-06-26,Solano,95,438530,1678,1068,8,1076,21
2020-06-26,Sonoma,97,501317,1361,977,4,981,5
2020-06-26,Stanislaus,99,539301,3637,2157,5,2162,36
2020-06-26,Sutter,101,95872,181,138,0,138,2
2020-06-26,Tehama,103,63373,87,63,1,64,1
2020-06-26,Trinity,105,12862,5,2,2,4,0
2020-06-26,Tulare,107,460477,5029,3720,4,3724,117
2020-06-26,Tuolumne,109,53932,39,10,1,11,0
2020-06-26,Ventura,111,848112,3937,2444,9,2453,40
2020-06-26,Yolo,113,214977,635,418,3,421,24
2020-06-26,Yuba,115,75493,74,38,0,38,1
2020-06-25,Alameda,1,1643700,6482,5398,6,5404,130
2020-06-25,Alpine,3,1148,2,1,0,1,0
2020-06-25,Amador,5,37829,25,18,0,18,0
2020-06-25,Butte,7,227075,235,127,6,133,1
2020-06-25,Calaveras,9,45235,42,26,0,26,0
2020-06-25,Colusa,11,21464,53,14,0,14,0
2020-06-25,Contra Costa,13,1133247,3384,2591,2,2593,71
2020-06-25,Del Norte,15,27424,55,47,0,47,0
2020-06-25,El Dorado,17,186661,243,150,0,150,0
2020-06-25,Fresno,19,978130,8414,3938,59,3997,71
2020-06-25,Glenn,21,27897,132,59,0,59,0
2020-06-25,Humboldt,23,135768,151,121,0,121,3
2020-06-25,Imperial,25,180216,7636,5192,6,5198,44
2020-06-25,Inyo,27,18085,29,27,0,27,1
2020-06-25,Kern,29,883053,7339,4236,19,4255,69
2020-06-25,Kings,31,150075,2560,2110,4,2114,17
2020-06-25,Lake,33,64148,79,42,0,42,0
2020-06-25,Lassen,35,31185,230,13,2,15,0
2020-06-25,Los Angeles,37,10098052,108393,91524,28,91552,3239
2020-06-25,Madera,39,155013,774,380,0,380,4
2020-06-25,Marin,41,260295,2469,1321,4,1325,17
2020-06-25,Mariposa,43,17540,29,20,0,20,1
2020-06-25,Mendocino,45,87422,80,61,0,61,0
2020-06-25,Merced,47,269075,1439,747,0,747,10
2020-06-25,Modoc,49,8938,1,0,0,0,0
2020-06-25,Mono,51,14174,44,35,0,35,1
2020-06-25,Monterey,53,433212,1917,1426,4,1430,12
2020-06-25,Napa,55,140530,391,260,0,260,3
2020-06-25,Nevada,57,99092,128,92,1,93,1
2020-06-25,Orange,59,3164182,19982,12221,139,12360,311
2020-06-25,Placer,61,380077,821,574,2,576,10
2020-06-25,Plumas,63,18699,10,6,0,6,0
2020-06-25,Riverside,65,2383286,21301,15224,9,15233,427
2020-06-25,Sacramento,67,1510023,3560,2519,2,2521,62
2020-06-25,San Benito,69,59416,253,174,0,174,2
2020-06-25,San Bernardino,71,2135413,16644,10590,7,10597,242
2020-06-25,San Diego,73,3302833,15577,11963,0,11963,352
2020-06-25,San Francisco,75,870044,3776,3252,1,3253,48
2020-06-25,San Joaquin,77,732212,4277,2803,4,2807,50
2020-06-25,San Luis Obispo,79,281455,699,473,4,477,1
2020-06-25,San Mateo,81,765935,3426,2996,4,3000,82
2020-06-25,Santa Barbara,83,443738,3719,2622,14,2636,25
2020-06-25,Santa Clara,85,1922200,5099,3871,7,3878,156
2020-06-25,Santa Cruz,87,273765,417,335,0,335,2
2020-06-25,Shasta,89,179085,174,84,0,84,5
2020-06-25,Sierra,91,2930,1,1,0,1,0
2020-06-25,Siskiyou,93,43540,32,24,0,24,0
2020-06-25,Solano,95,438530,1625,1034,8,1042,21
2020-06-25,Sonoma,97,501317,1314,953,3,956,5
2020-06-25,Stanislaus,99,539301,3425,2130,5,2135,36
2020-06-25,Sutter,101,95872,169,126,0,126,2
2020-06-25,Tehama,103,63373,83,59,1,60,1
2020-06-25,Trinity,105,12862,5,2,2,4,0
2020-06-25,Tulare,107,460477,4899,3656,4,3660,117
2020-06-25,Tuolumne,109,53932,38,10,1,11,0
2020-06-25,Ventura,111,848112,3755,2346,8,2354,40
2020-06-25,Yolo,113,214977,605,397,3,400,24
2020-06-25,Yuba,115,75493,63,38,0,38,1
2020-06-24,Alameda,1,1643700,6320,5242,6,5248,123
2020-06-24,Alpine,3,1148,2,1,0,1,0
2020-06-24,Amador,5,37829,23,16,0,16,0
2020-06-24,Butte,7,227075,218,119,6,125,1
2020-06-24,Calaveras,9,45235,40,26,0,26,0
2020-06-24,Colusa,11,21464,44,11,0,11,0
2020-06-24,Contra Costa,13,1133247,3229,2520,2,2522,66
2020-06-24,Del Norte,15,27424,49,47,0,47,0
2020-06-24,El Dorado,17,186661,227,149,0,149,0
2020-06-24,Fresno,19,978130,8083,3765,59,3824,71
2020-06-24,Glenn,21,27897,124,54,0,54,0
2020-06-24,Humboldt,23,135768,151,117,0,117,3
2020-06-24,Imperial,25,180216,7518,5138,6,5144,38
2020-06-24,Inyo,27,18085,29,28,0,28,1
2020-06-24,Kern,29,883053,6946,4155,17,4172,67
2020-06-24,Kings,31,150075,2498,2063,4,2067,16
2020-06-24,Lake,33,64148,66,40,0,40,0
2020-06-24,Lassen,35,31185,229,9,2,11,0
2020-06-24,Los Angeles,37,10098052,105635,89566,28,89594,3186
2020-06-24,Madera,39,155013,753,373,0,373,4
2020-06-24,Marin,41,260295,2241,1261,4,1265,17
2020-06-24,Mariposa,43,17540,28,19,0,19,1
2020-06-24,Mendocino,45,87422,80,60,0,60,0
2020-06-24,Merced,47,269075,1353,696,0,696,8
2020-06-24,Modoc,49,8938,1,0,0,0,0
2020-06-24,Mono,51,14174,42,35,0,35,1
2020-06-24,Monterey,53,433212,1840,1407,4,1411,12
2020-06-24,Napa,55,140530,373,258,0,258,3
2020-06-24,Nevada,57,99092,122,92,1,93,1
2020-06-24,Orange,59,3164182,18988,11804,121,11925,303
2020-06-24,Placer,61,380077,782,548,2,550,10
2020-06-24,Plumas,63,18699,10,6,0,6,0
2020-06-24,Riverside,65,2383286,20455,14946,9,14955,410
2020-06-24,Sacramento,67,1510023,3355,2446,2,2448,62
2020-06-24,San Benito,69,59416,249,171,0,171,2
2020-06-24,San Bernardino,71,2135413,15833,10211,6,10217,239
2020-06-24,San Diego,73,3302833,15077,11628,0,11628,347
2020-06-24,San Francisco,75,870044,3713,3216,1,3217,48
2020-06-24,San Joaquin,77,732212,4055,2680,4,2684,49
2020-06-24,San Luis Obispo,79,281455,668,461,3,464,1
2020-06-24,San Mateo,81,765935,3369,2964,4,2968,82
2020-06-24,Santa Barbara,83,443738,3599,2569,12,2581,22
2020-06-24,Santa Clara,85,1922200,4969,3812,7,3819,155
2020-06-24,Santa Cruz,87,273765,405,329,0,329,2
2020-06-24,Shasta,89,179085,166,83,0,83,5
2020-06-24,Sierra,91,2930,1,1,0,1,0
2020-06-24,Siskiyou,93,43540,31,24,0,24,0
2020-06-24,Solano,95,438530,1535,979,7,986,21
2020-06-24,Sonoma,97,501317,1265,933,3,936,4
2020-06-24,Stanislaus,99,539301,3246,2039,5,2044,36
2020-06-24,Sutter,101,95872,156,118,0,118,2
2020-06-24,Tehama,103,63373,81,55,1,56,1
2020-06-24,Trinity,105,12862,5,2,2,4,0
2020-06-24,Tulare,107,460477,4747,3541,4,3545,116
2020-06-24,Tuolumne,109,53932,33,9,1,10,0
2020-06-24,Ventura,111,848112,3414,2314,8,2322,42
2020-06-24,Yolo,113,214977,570,376,3,379,24
2020-06-24,Yuba,115,75493,57,37,0,37,1
2020-06-23,Alameda,1,1643700,6139,5159,6,5165,121
2020-06-23,Alpine,3,1148,2,1,0,1,0
2020-06-23,Amador,5,37829,22,13,0,13,0
2020-06-23,Butte,7,227075,200,111,6,117,1
2020-06-23,Calaveras,9,45235,40,26,0,26,0
2020-06-23,Colusa,11,21464,40,7,0,7,0
2020-06-23,Contra Costa,13,1133247,3103,2453,2,2455,60
2020-06-23,Del Norte,15,27424,48,46,0,46,0
2020-06-23,El Dorado,17,186661,218,142,0,142,0
2020-06-23,Fresno,19,978130,7433,3569,57,3626,67
2020-06-23,Glenn,21,27897,120,47,0,47,0
2020-06-23,Humboldt,23,135768,151,110,0,110,3
2020-06-23,Imperial,25,180216,7355,5025,6,5031,38
2020-06-23,Inyo,27,18085,29,26,0,26,1
2020-06-23,Kern,29,883053,6580,4087,14,4101,64
2020-06-23,Kings,31,150075,2433,1727,4,1731,16
2020-06-23,Lake,33,64148,60,40,0,40,0
2020-06-23,Lassen,35,31185,225,9,2,11,0
2020-06-23,Los Angeles,37,10098052,102699,88433,26,88459,3152
2020-06-23,Madera,39,155013,714,369,0,369,4
2020-06-23,Marin,41,260295,1973,1139,4,1143,17
2020-06-23,Mariposa,43,17540,26,18,0,18,1
2020-06-23,Mendocino,45,87422,79,61,0,61,0
2020-06-23,Merced,47,269075,1256,656,0,656,8
2020-06-23,Modoc,49,8938,1,0,0,0,0
2020-06-23,Mono,51,14174,42,35,0,35,1
2020-06-23,Monterey,53,433212,1770,1346,4,1350,12
2020-06-23,Napa,55,140530,358,230,0,230,3
2020-06-23,Nevada,57,99092,116,81,1,82,1
2020-06-23,Orange,59,3164182,18018,11071,118,11189,278
2020-06-23,Placer,61,380077,754,525,2,527,10
2020-06-23,Plumas,63,18699,9,6,0,6,0
2020-06-23,Riverside,65,2383286,19436,14469,9,14478,406
2020-06-23,Sacramento,67,1510023,3178,2374,2,2376,62
2020-06-23,San Benito,69,59416,235,167,0,167,2
2020-06-23,San Bernardino,71,2135413,15049,9771,6,9777,229
2020-06-23,San Diego,73,3302833,14557,11296,0,11296,341
2020-06-23,San Francisco,75,870044,3640,3177,1,3178,48
2020-06-23,San Joaquin,77,732212,3796,2502,4,2506,48
2020-06-23,San Luis Obispo,79,281455,637,445,3,448,1
2020-06-23,San Mateo,81,765935,3304,2907,4,2911,81
2020-06-23,Santa Barbara,83,443738,3503,2498,12,2510,22
2020-06-23,Santa Clara,85,1922200,4823,3700,7,3707,155
2020-06-23,Santa Cruz,87,273765,395,313,0,313,2
2020-06-23,Shasta,89,179085,157,81,0,81,5
2020-06-23,Sierra,91,2930,1,1,0,1,0
2020-06-23,Siskiyou,93,43540,29,24,0,24,0
2020-06-23,Solano,95,438530,1478,941,6,947,21
2020-06-23,Sonoma,97,501317,1212,912,3,915,4
2020-06-23,Stanislaus,99,539301,3070,1850,5,1855,35
2020-06-23,Sutter,101,95872,146,112,0,112,2
2020-06-23,Tehama,103,63373,79,50,1,51,1
2020-06-23,Trinity,105,12862,5,2,2,4,0
2020-06-23,Tulare,107,460477,4625,3456,4,3460,111
2020-06-23,Tuolumne,109,53932,28,9,1,10,0
2020-06-23,Ventura,111,848112,3254,2209,7,2216,40
2020-06-23,Yolo,113,214977,544,350,0,350,24
2020-06-23,Yuba,115,75493,54,35,0,35,1
2020-06-22,Alameda,1,1643700,5988,4944,6,4950,121
2020-06-22,Alpine,3,1148,2,1,0,1,0
2020-06-22,Amador,5,37829,19,12,0,12,0
2020-06-22,Butte,7,227075,181,104,6,110,1
2020-06-22,Calaveras,9,45235,38,20,0,20,0
2020-06-22,Colusa,11,21464,37,7,0,7,0
2020-06-22,Contra Costa,13,1133247,2961,2363,2,2365,60
2020-06-22,Del Norte,15,27424,48,46,0,46,0
2020-06-22,El Dorado,17,186661,209,137,0,137,0
2020-06-22,Fresno,19,978130,6901,3425,57,3482,67
2020-06-22,Glenn,21,27897,111,40,0,40,0
2020-06-22,Humboldt,23,135768,148,110,0,110,3
2020-06-22,Imperial,25,180216,7199,4700,6,4706,38
2020-06-22,Inyo,27,18085,29,26,0,26,1
2020-06-22,Kern,29,883053,6228,3982,12,3994,60
2020-06-22,Kings,31,150075,2385,1513,4,1517,13
2020-06-22,Lake,33,64148,54,37,0,37,0
2020-06-22,Lassen,35,31185,115,7,2,9,0
2020-06-22,Los Angeles,37,10098052,99803,85925,25,85950,3117
2020-06-22,Madera,39,155013,689,333,0,333,4
2020-06-22,Marin,41,260295,1716,1029,4,1033,17
2020-06-22,Mariposa,43,17540,25,18,0,18,1
2020-06-22,Mendocino,45,87422,74,48,0,48,0
2020-06-22,Merced,47,269075,1167,619,0,619,8
2020-06-22,Modoc,49,8938,1,0,0,0,0
2020-06-22,Mono,51,14174,42,34,0,34,1
2020-06-22,Monterey,53,433212,1709,1293,4,1297,12
2020-06-22,Napa,55,140530,334,222,0,222,3
2020-06-22,Nevada,57,99092,111,79,1,80,1
2020-06-22,Orange,59,3164182,17088,10711,116,10827,275
2020-06-22,Placer,61,380077,729,512,2,514,9
2020-06-22,Plumas,63,18699,7,6,0,6,0
2020-06-22,Riverside,65,2383286,18463,13948,9,13957,403
2020-06-22,Sacramento,67,1510023,2964,2243,2,2245,62
2020-06-22,San Benito,69,59416,226,164,0,164,2
2020-06-22,San Bernardino,71,2135413,14273,9133,6,9139,229
2020-06-22,San Diego,73,3302833,14066,11098,0,11098,338
2020-06-22,San Francisco,75,870044,3547,3000,1,3001,47
2020-06-22,San Joaquin,77,732212,3549,2332,4,2336,48
2020-06-22,San Luis Obispo,79,281455,605,422,3,425,1
2020-06-22,San Mateo,81,765935,3231,2813,4,2817,81
2020-06-22,Santa Barbara,83,443738,3411,2447,12,2459,21
2020-06-22,Santa Clara,85,1922200,4663,3580,7,3587,155
2020-06-22,Santa Cruz,87,273765,382,290,0,290,3
2020-06-22,Shasta,89,179085,154,77,0,77,5
2020-06-22,Sierra,91,2930,1,1,0,1,0
2020-06-22,Siskiyou,93,43540,29,23,0,23,0
2020-06-22,Solano,95,438530,1400,784,5,789,21
2020-06-22,Sonoma,97,501317,1167,860,1,861,4
2020-06-22,Stanislaus,99,539301,2885,1784,5,1789,35
2020-06-22,Sutter,101,95872,137,100,0,100,2
2020-06-22,Tehama,103,63373,75,38,1,39,1
2020-06-22,Trinity,105,12862,5,2,2,4,0
2020-06-22,Tulare,107,460477,4488,3185,4,3189,111
2020-06-22,Tuolumne,109,53932,19,8,1,9,0
2020-06-22,Ventura,111,848112,3105,2065,7,2072,39
2020-06-22,Yolo,113,214977,518,333,0,333,24
2020-06-22,Yuba,115,75493,49,36,0,36,1
2020-06-21,Alameda,1,1643700,5792,4835,6,4841,121
2020-06-21,Alpine,3,1148,2,1,0,1,0
2020-06-21,Amador,5,37829,14,12,0,12,0
2020-06-21,Butte,7,227075,167,97,6,103,1
2020-06-21,Calaveras,9,45235,38,20,0,20,0
2020-06-21,Colusa,11,21464,29,7,0,7,0
2020-06-21,Contra Costa,13,1133247,2835,2282,2,2284,60
2020-06-21,Del Norte,15,27424,47,46,0,46,0
2020-06-21,El Dorado,17,186661,200,132,0,132,0
2020-06-21,Fresno,19,978130,6331,3296,56,3352,67
2020-06-21,Glenn,21,27897,102,40,0,40,0
2020-06-21,Humboldt,23,135768,143,108,0,108,3
2020-06-21,Imperial,25,180216,7015,4701,6,4707,38
2020-06-21,Inyo,27,18085,27,26,0,26,1
2020-06-21,Kern,29,883053,5936,3918,11,3929,60
2020-06-21,Kings,31,150075,2322,1334,4,1338,11
2020-06-21,Lake,33,64148,49,36,0,36,0
2020-06-21,Lassen,35,31185,22,7,2,9,0
2020-06-21,Los Angeles,37,10098052,96924,83383,25,83408,3101
2020-06-21,Madera,39,155013,655,319,0,319,4
2020-06-21,Marin,41,260295,1559,907,4,911,17
2020-06-21,Mariposa,43,17540,22,18,0,18,1
2020-06-21,Mendocino,45,87422,71,48,0,48,0
2020-06-21,Merced,47,269075,1072,577,0,577,8
2020-06-21,Modoc,49,8938,1,0,0,0,0
2020-06-21,Mono,51,14174,42,34,0,34,1
2020-06-21,Monterey,53,433212,1636,1227,4,1231,12
2020-06-21,Napa,55,140530,319,218,0,218,3
2020-06-21,Nevada,57,99092,108,79,1,80,1
2020-06-21,Orange,59,3164182,16251,10563,112,10675,275
2020-06-21,Placer,61,380077,690,498,2,500,9
2020-06-21,Plumas,63,18699,7,6,0,6,0
2020-06-21,Riverside,65,2383286,17758,13528,8,13536,402
2020-06-21,Sacramento,67,1510023,2764,2156,2,2158,62
2020-06-21,San Benito,69,59416,212,151,0,151,2
2020-06-21,San Bernardino,71,2135413,13497,8925,5,8930,229
2020-06-21,San Diego,73,3302833,13521,10796,0,10796,338
2020-06-21,San Francisco,75,870044,3441,3000,1,3001,47
2020-06-21,San Joaquin,77,732212,3313,2188,4,2192,48
2020-06-21,San Luis Obispo,79,281455,580,418,3,421,1
2020-06-21,San Mateo,81,765935,3173,2781,4,2785,81
2020-06-21,Santa Barbara,83,443738,3304,2430,11,2441,21
2020-06-21,Santa Clara,85,1922200,4525,3514,7,3521,154
2020-06-21,Santa Cruz,87,273765,372,290,0,290,3
2020-06-21,Shasta,89,179085,144,75,0,75,5
2020-06-21,Sierra,91,2930,1,1,0,1,0
2020-06-21,Siskiyou,93,43540,29,23,0,23,0
2020-06-21,Solano,95,438530,1300,783,4,787,21
2020-06-21,Sonoma,97,501317,1117,836,1,837,4
2020-06-21,Stanislaus,99,539301,2699,1688,5,1693,35
2020-06-21,Sutter,101,95872,129,96,0,96,2
2020-06-21,Tehama,103,63373,64,35,1,36,1
2020-06-21,Trinity,105,12862,5,2,2,4,0
2020-06-21,Tulare,107,460477,4320,3173,4,3177,111
2020-06-21,Tuolumne,109,53932,17,8,1,9,0
2020-06-21,Ventura,111,848112,2927,2021,7,2028,39
2020-06-21,Yolo,113,214977,486,323,0,323,24
2020-06-21,Yuba,115,75493,45,35,0,35,1
2020-06-20,Alameda,1,1643700,5730,4758,6,4764,119
2020-06-20,Alpine,3,1148,2,1,0,1,0
2020-06-20,Amador,5,37829,14,12,0,12,0
2020-06-20,Butte,7,227075,160,94,6,100,1
2020-06-20,Calaveras,9,45235,38,20,0,20,0
2020-06-20,Colusa,11,21464,26,7,0,7,0
2020-06-20,Contra Costa,13,1133247,2777,2231,2,2233,54
2020-06-20,Del Norte,15,27424,47,46,0,46,0
2020-06-20,El Dorado,17,186661,195,130,0,130,0
2020-06-20,Fresno,19,978130,6206,3222,54,3276,67
2020-06-20,Glenn,21,27897,97,40,0,40,0
2020-06-20,Humboldt,23,135768,143,108,0,108,3
2020-06-20,Imperial,25,180216,6934,4616,6,4622,37
2020-06-20,Inyo,27,18085,27,26,0,26,1
2020-06-20,Kern,29,883053,5772,3836,11,3847,59
2020-06-20,Kings,31,150075,2298,1331,4,1335,9
2020-06-20,Lake,33,64148,49,37,0,37,0
2020-06-20,Lassen,35,31185,21,7,2,9,0
2020-06-20,Los Angeles,37,10098052,95352,81604,24,81628,3093
2020-06-20,Madera,39,155013,622,321,0,321,4
2020-06-20,Marin,41,260295,1539,879,4,883,17
2020-06-20,Mariposa,43,17540,22,18,0,18,1
2020-06-20,Mendocino,45,87422,70,48,0,48,0
2020-06-20,Merced,47,269075,1032,566,0,566,8
2020-06-20,Modoc,49,8938,1,0,0,0,0
2020-06-20,Mono,51,14174,42,34,0,34,1
2020-06-20,Monterey,53,433212,1600,1181,4,1185,12
2020-06-20,Napa,55,140530,310,212,0,212,3
2020-06-20,Nevada,57,99092,105,73,1,74,1
2020-06-20,Orange,59,3164182,15904,10284,108,10392,273
2020-06-20,Placer,61,380077,666,483,2,485,9
2020-06-20,Plumas,63,18699,6,6,0,6,0
2020-06-20,Riverside,65,2383286,17459,13021,8,13029,402
2020-06-20,Sacramento,67,1510023,2695,2069,2,2071,63
2020-06-20,San Benito,69,59416,208,139,0,139,2
2020-06-20,San Bernardino,71,2135413,13136,8718,5,8723,229
2020-06-20,San Diego,73,3302833,13198,10486,0,10486,338
2020-06-20,San Francisco,75,870044,3398,2999,1,3000,47
2020-06-20,San Joaquin,77,732212,3230,2046,4,2050,48
2020-06-20,San Luis Obispo,79,281455,567,405,3,408,1
2020-06-20,San Mateo,81,765935,3125,2755,4,2759,81
2020-06-20,Santa Barbara,83,443738,3248,2358,10,2368,21
2020-06-20,Santa Clara,85,1922200,4453,3435,7,3442,154
2020-06-20,Santa Cruz,87,273765,370,287,0,287,3
2020-06-20,Shasta,89,179085,138,66,0,66,5
2020-06-20,Sierra,91,2930,1,1,0,1,0
2020-06-20,Siskiyou,93,43540,28,22,0,22,0
2020-06-20,Solano,95,438530,1276,784,4,788,21
2020-06-20,Sonoma,97,501317,1081,806,1,807,4
2020-06-20,Stanislaus,99,539301,2591,1598,5,1603,35
2020-06-20,Sutter,101,95872,127,89,0,89,2
2020-06-20,Tehama,103,63373,62,35,1,36,1
2020-06-20,Trinity,105,12862,5,2,2,4,0
2020-06-20,Tulare,107,460477,4247,3172,4,3176,111
2020-06-20,Tuolumne,109,53932,14,8,1,9,0
2020-06-20,Ventura,111,848112,2862,1946,7,1953,37
2020-06-20,Yolo,113,214977,470,309,0,309,24
2020-06-20,Yuba,115,75493,43,34,0,34,1
2020-06-19,Alameda,1,1643700,5659,4646,6,4652,119
2020-06-19,Alpine,3,1148,2,1,0,1,0
2020-06-19,Amador,5,37829,14,12,0,12,0
2020-06-19,Butte,7,227075,155,91,6,97,1
2020-06-19,Calaveras,9,45235,37,20,0,20,0
2020-06-19,Colusa,11,21464,24,7,0,7,0
2020-06-19,Contra Costa,13,1133247,2697,2106,2,2108,54
2020-06-19,Del Norte,15,27424,47,46,0,46,0
2020-06-19,El Dorado,17,186661,186,124,0,124,0
2020-06-19,Fresno,19,978130,6044,3109,52,3161,61
2020-06-19,Glenn,21,27897,91,40,0,40,0
2020-06-19,Humboldt,23,135768,141,106,0,106,3
2020-06-19,Imperial,25,180216,6843,4504,6,4510,36
2020-06-19,Inyo,27,18085,27,26,0,26,1
2020-06-19,Kern,29,883053,5549,3742,10,3752,57
2020-06-19,Kings,31,150075,2277,1285,4,1289,9
2020-06-19,Lake,33,64148,46,36,0,36,0
2020-06-19,Lassen,35,31185,20,7,2,9,0
2020-06-19,Los Angeles,37,10098052,93372,79572,24,79596,3047
2020-06-19,Madera,39,155013,602,300,0,300,4
2020-06-19,Marin,41,260295,1510,829,4,833,17
2020-06-19,Mariposa,43,17540,21,18,0,18,1
2020-06-19,Mendocino,45,87422,69,48,0,48,0
2020-06-19,Merced,47,269075,987,529,0,529,8
2020-06-19,Modoc,49,8938,1,0,0,0,0
2020-06-19,Mono,51,14174,42,34,0,34,1
2020-06-19,Monterey,53,433212,1571,1159,4,1163,12
2020-06-19,Napa,55,140530,300,209,0,209,3
2020-06-19,Nevada,57,99092,102,71,1,72,1
2020-06-19,Orange,59,3164182,15379,9972,100,10072,260
2020-06-19,Placer,61,380077,648,464,2,466,9
2020-06-19,Plumas,63,18699,6,5,0,5,0
2020-06-19,Riverside,65,2383286,17053,12710,8,12718,398
2020-06-19,Sacramento,67,1510023,2611,1976,2,1978,64
2020-06-19,San Benito,69,59416,207,136,0,136,2
2020-06-19,San Bernardino,71,2135413,12730,8454,4,8458,226
2020-06-19,San Diego,73,3302833,12835,10352,0,10352,332
2020-06-19,San Francisco,75,870044,3343,2968,1,2969,47
2020-06-19,San Joaquin,77,732212,3107,1969,4,1973,48
2020-06-19,San Luis Obispo,79,281455,552,392,3,395,1
2020-06-19,San Mateo,81,765935,3086,2713,4,2717,81
2020-06-19,Santa Barbara,83,443738,3175,2284,8,2292,21
2020-06-19,Santa Clara,85,1922200,4378,3376,7,3383,154
2020-06-19,Santa Cruz,87,273765,360,283,0,283,3
2020-06-19,Shasta,89,179085,134,58,0,58,5
2020-06-19,Sierra,91,2930,1,1,0,1,0
2020-06-19,Siskiyou,93,43540,28,21,0,21,0
2020-06-19,Solano,95,438530,1238,755,4,759,21
2020-06-19,Sonoma,97,501317,1054,803,1,804,4
2020-06-19,Stanislaus,99,539301,2481,1549,5,1554,35
2020-06-19,Sutter,101,95872,126,89,0,89,2
2020-06-19,Tehama,103,63373,61,35,1,36,1
2020-06-19,Trinity,105,12862,5,2,2,4,0
2020-06-19,Tulare,107,460477,4175,3053,4,3057,107
2020-06-19,Tuolumne,109,53932,13,8,1,9,0
2020-06-19,Ventura,111,848112,2778,1865,7,1872,37
2020-06-19,Yolo,113,214977,451,303,0,303,24
2020-06-19,Yuba,115,75493,42,33,0,33,1
2020-06-18,Alameda,1,1643700,5530,4589,6,4595,118
2020-06-18,Alpine,3,1148,2,1,0,1,0
2020-06-18,Amador,5,37829,13,12,0,12,0
2020-06-18,Butte,7,227075,150,88,6,94,1
2020-06-18,Calaveras,9,45235,37,20,0,20,0
2020-06-18,Colusa,11,21464,20,7,0,7,0
2020-06-18,Contra Costa,13,1133247,2591,2072,2,2074,53
2020-06-18,Del Norte,15,27424,47,46,0,46,0
2020-06-18,El Dorado,17,186661,182,121,0,121,0
2020-06-18,Fresno,19,978130,5777,2947,51,2998,57
2020-06-18,Glenn,21,27897,82,35,0,35,0
2020-06-18,Humboldt,23,135768,140,106,0,106,3
2020-06-18,Imperial,25,180216,6694,4366,6,4372,36
2020-06-18,Inyo,27,18085,26,25,0,25,1
2020-06-18,Kern,29,883053,5331,3634,10,3644,57
2020-06-18,Kings,31,150075,2218,1141,4,1145,8
2020-06-18,Lake,33,64148,45,36,0,36,0
2020-06-18,Lassen,35,31185,19,5,2,7,0
2020-06-18,Los Angeles,37,10098052,91108,78244,24,78268,3009
2020-06-18,Madera,39,155013,567,288,0,288,4
2020-06-18,Marin,41,260295,1447,819,4,823,17
2020-06-18,Mariposa,43,17540,19,18,0,18,1
2020-06-18,Mendocino,45,87422,65,45,0,45,0
2020-06-18,Merced,47,269075,934,486,0,486,7
2020-06-18,Modoc,49,8938,1,0,0,0,0
2020-06-18,Mono,51,14174,42,34,0,34,1
2020-06-18,Monterey,53,433212,1504,1127,4,1131,12
2020-06-18,Napa,55,140530,285,205,0,205,3
2020-06-18,Nevada,57,99092,98,68,1,69,1
2020-06-18,Orange,59,3164182,14723,9597,81,9678,255
2020-06-18,Placer,61,380077,626,457,2,459,9
2020-06-18,Plumas,63,18699,6,5,0,5,0
2020-06-18,Riverside,65,2383286,16440,12410,8,12418,392
2020-06-18,Sacramento,67,1510023,2496,1938,2,1940,63
2020-06-18,San Benito,69,59416,201,134,0,134,2
2020-06-18,San Bernardino,71,2135413,12094,8141,4,8145,226
2020-06-18,San Diego,73,3302833,12413,10094,0,10094,331
2020-06-18,San Francisco,75,870044,3294,2951,1,2952,47
2020-06-18,San Joaquin,77,732212,2955,1908,4,1912,47
2020-06-18,San Luis Obispo,79,281455,533,378,3,381,1
2020-06-18,San Mateo,81,765935,3047,2674,4,2678,78
2020-06-18,Santa Barbara,83,443738,3101,2201,8,2209,19
2020-06-18,Santa Clara,85,1922200,4278,3338,7,3345,152
2020-06-18,Santa Cruz,87,273765,343,275,0,275,3
2020-06-18,Shasta,89,179085,123,51,0,51,4
2020-06-18,Sierra,91,2930,1,1,0,1,0
2020-06-18,Siskiyou,93,43540,28,18,0,18,0
2020-06-18,Solano,95,438530,1200,735,4,739,21
2020-06-18,Sonoma,97,501317,1012,789,1,790,4
2020-06-18,Stanislaus,99,539301,2347,1495,5,1500,35
2020-06-18,Sutter,101,95872,122,85,0,85,2
2020-06-18,Tehama,103,63373,56,31,1,32,1
2020-06-18,Trinity,105,12862,5,2,2,4,0
2020-06-18,Tulare,107,460477,4055,3005,4,3009,107
2020-06-18,Tuolumne,109,53932,12,8,1,9,0
2020-06-18,Ventura,111,848112,2652,1781,7,1788,37
2020-06-18,Yolo,113,214977,418,294,0,294,24
2020-06-18,Yuba,115,75493,41,32,0,32,1
2020-06-17,Alameda,1,1643700,5407,4485,6,4491,117
2020-06-17,Alpine,3,1148,2,1,0,1,0
2020-06-17,Amador,5,37829,12,10,0,10,0
2020-06-17,Butte,7,227075,141,81,6,87,1
2020-06-17,Calaveras,9,45235,37,20,0,20,0
2020-06-17,Colusa,11,21464,19,7,0,7,0
2020-06-17,Contra Costa,13,1133247,2494,2020,2,2022,45
2020-06-17,Del Norte,15,27424,47,45,0,45,0
2020-06-17,El Dorado,17,186661,175,116,0,116,0
2020-06-17,Fresno,19,978130,5553,2801,49,2850,56
2020-06-17,Glenn,21,27897,75,31,0,31,0
2020-06-17,Humboldt,23,135768,138,105,0,105,3
2020-06-17,Imperial,25,180216,6522,4108,6,4114,36
2020-06-17,Inyo,27,18085,25,25,0,25,1
2020-06-17,Kern,29,883053,5130,3547,10,3557,56
2020-06-17,Kings,31,150075,2188,1097,4,1101,7
2020-06-17,Lake,33,64148,44,32,0,32,0
2020-06-17,Lassen,35,31185,15,5,2,7,0
2020-06-17,Los Angeles,37,10098052,88801,77166,24,77190,2973
2020-06-17,Madera,39,155013,545,258,0,258,4
2020-06-17,Marin,41,260295,1255,771,3,774,17
2020-06-17,Mariposa,43,17540,18,18,0,18,1
2020-06-17,Mendocino,45,87422,63,42,0,42,0
2020-06-17,Merced,47,269075,862,460,0,460,7
2020-06-17,Modoc,49,8938,1,0,0,0,0
2020-06-17,Mono,51,14174,42,34,0,34,1
2020-06-17,Monterey,53,433212,1452,1077,4,1081,12
2020-06-17,Napa,55,140530,270,202,0,202,3
2020-06-17,Nevada,57,99092,94,57,1,58,1
2020-06-17,Orange,59,3164182,14120,9278,76,9354,230
2020-06-17,Placer,61,380077,604,427,2,429,9
2020-06-17,Plumas,63,18699,6,5,0,5,0
2020-06-17,Riverside,65,2383286,15807,11859,8,11867,370
2020-06-17,Sacramento,67,1510023,2388,1889,2,1891,63
2020-06-17,San Benito,69,59416,196,116,0,116,2
2020-06-17,San Bernardino,71,2135413,11542,7670,4,7674,225
2020-06-17,San Diego,73,3302833,12034,9856,0,9856,327
2020-06-17,San Francisco,75,870044,3255,2906,1,2907,46
2020-06-17,San Joaquin,77,732212,2783,1825,4,1829,46
2020-06-17,San Luis Obispo,79,281455,516,362,3,365,1
2020-06-17,San Mateo,81,765935,3000,2649,4,2653,78
2020-06-17,Santa Barbara,83,443738,3028,2147,6,2153,19
2020-06-17,Santa Clara,85,1922200,4187,3264,6,3270,148
2020-06-17,Santa Cruz,87,273765,337,265,0,265,2
2020-06-17,Shasta,89,179085,121,51,0,51,4
2020-06-17,Sierra,91,2930,1,1,0,1,0
2020-06-17,Siskiyou,93,43540,27,16,0,16,0
2020-06-17,Solano,95,438530,1150,722,4,726,21
2020-06-17,Sonoma,97,501317,986,748,1,749,4
2020-06-17,Stanislaus,99,539301,2224,1387,5,1392,35
2020-06-17,Sutter,101,95872,116,79,0,79,2
2020-06-17,Tehama,103,63373,41,24,1,25,1
2020-06-17,Trinity,105,12862,5,2,2,4,0
2020-06-17,Tulare,107,460477,3946,2882,4,2886,106
2020-06-17,Tuolumne,109,53932,12,7,1,8,0
2020-06-17,Ventura,111,848112,2552,1729,7,1736,37
2020-06-17,Yolo,113,214977,398,277,0,277,24
2020-06-17,Yuba,115,75493,40,30,0,30,1
2020-06-16,Alameda,1,1643700,5291,4428,6,4434,113
2020-06-16,Alpine,3,1148,2,1,0,1,0
2020-06-16,Amador,5,37829,12,10,0,10,0
2020-06-16,Butte,7,227075,137,79,6,85,1
2020-06-16,Calaveras,9,45235,34,19,0,19,0
2020-06-16,Colusa,11,21464,16,7,0,7,0
2020-06-16,Contra Costa,13,1133247,2403,1971,1,1972,45
2020-06-16,Del Norte,15,27424,47,45,0,45,0
2020-06-16,El Dorado,17,186661,169,115,0,115,0
2020-06-16,Fresno,19,978130,5316,2731,48,2779,50
2020-06-16,Glenn,21,27897,71,30,0,30,0
2020-06-16,Humboldt,23,135768,135,105,0,105,3
2020-06-16,Imperial,25,180216,6362,3939,6,3945,36
2020-06-16,Inyo,27,18085,25,24,0,24,1
2020-06-16,Kern,29,883053,4906,3496,10,3506,55
2020-06-16,Kings,31,150075,2142,1044,4,1048,6
2020-06-16,Lake,33,64148,44,31,0,31,0
2020-06-16,Lassen,35,31185,12,5,2,7,0
2020-06-16,Los Angeles,37,10098052,86479,75051,24,75075,2942
2020-06-16,Madera,39,155013,519,239,0,239,3
2020-06-16,Marin,41,260295,1202,725,3,728,17
2020-06-16,Mariposa,43,17540,18,17,0,17,1
2020-06-16,Mendocino,45,87422,62,35,0,35,0
2020-06-16,Merced,47,269075,814,436,0,436,7
2020-06-16,Modoc,49,8938,1,0,0,0,0
2020-06-16,Mono,51,14174,42,34,0,34,1
2020-06-16,Monterey,53,433212,1404,1019,4,1023,12
2020-06-16,Napa,55,140530,255,196,0,196,3
2020-06-16,Nevada,57,99092,91,53,1,54,1
2020-06-16,Orange,59,3164182,13537,9163,74,9237,223
2020-06-16,Placer,61,380077,570,392,2,394,9
2020-06-16,Plumas,63,18699,6,5,0,5,0
2020-06-16,Riverside,65,2383286,15132,11638,8,11646,364
2020-06-16,Sacramento,67,1510023,2278,1825,2,1827,60
2020-06-16,San Benito,69,59416,188,110,0,110,2
2020-06-16,San Bernardino,71,2135413,11000,7463,4,7467,225
2020-06-16,San Diego,73,3302833,11672,9732,0,9732,323
2020-06-16,San Francisco,75,870044,3204,2893,1,2894,46
2020-06-16,San Joaquin,77,732212,2631,1718,4,1722,47
2020-06-16,San Luis Obispo,79,281455,493,343,3,346,1
2020-06-16,San Mateo,81,765935,2946,2618,4,2622,77
2020-06-16,Santa Barbara,83,443738,2961,2090,6,2096,16
2020-06-16,Santa Clara,85,1922200,4080,3228,5,3233,148
2020-06-16,Santa Cruz,87,273765,321,257,0,257,2
2020-06-16,Shasta,89,179085,112,51,0,51,4
2020-06-16,Sierra,91,2930,1,1,0,1,0
2020-06-16,Siskiyou,93,43540,26,15,0,15,0
2020-06-16,Solano,95,438530,1060,694,4,698,19
2020-06-16,Sonoma,97,501317,954,739,1,740,4
2020-06-16,Stanislaus,99,539301,2071,1278,5,1283,36
2020-06-16,Sutter,101,95872,109,73,0,73,2
2020-06-16,Tehama,103,63373,37,24,1,25,1
2020-06-16,Trinity,105,12862,5,2,2,4,0
2020-06-16,Tulare,107,460477,3828,2802,4,2806,96
2020-06-16,Tuolumne,109,53932,12,7,1,8,0
2020-06-16,Ventura,111,848112,2451,1676,7,1683,37
2020-06-16,Yolo,113,214977,374,262,0,262,24
2020-06-16,Yuba,115,75493,39,29,0,29,1
2020-06-15,Alameda,1,1643700,5166,4323,6,4329,112
2020-06-15,Alpine,3,1148,2,1,0,1,0
2020-06-15,Amador,5,37829,12,10,0,10,0
2020-06-15,Butte,7,227075,129,78,6,84,1
2020-06-15,Calaveras,9,45235,34,18,0,18,0
2020-06-15,Colusa,11,21464,14,7,0,7,0
2020-06-15,Contra Costa,13,1133247,2326,1918,1,1919,43
2020-06-15,Del Norte,15,27424,47,45,0,45,0
2020-06-15,El Dorado,17,186661,159,114,0,114,0
2020-06-15,Fresno,19,978130,5104,2616,47,2663,48
2020-06-15,Glenn,21,27897,66,21,0,21,0
2020-06-15,Humboldt,23,135768,133,105,0,105,3
2020-06-15,Imperial,25,180216,6187,3726,6,3732,36
2020-06-15,Inyo,27,18085,25,23,0,23,1
2020-06-15,Kern,29,883053,4683,3417,10,3427,55
2020-06-15,Kings,31,150075,2065,1022,4,1026,6
2020-06-15,Lake,33,64148,44,31,0,31,0
2020-06-15,Lassen,35,31185,12,5,2,7,0
2020-06-15,Los Angeles,37,10098052,84291,73705,24,73729,2908
2020-06-15,Madera,39,155013,497,203,0,203,3
2020-06-15,Marin,41,260295,1035,708,3,711,17
2020-06-15,Mariposa,43,17540,18,17,0,17,1
2020-06-15,Mendocino,45,87422,53,33,0,33,0
2020-06-15,Merced,47,269075,768,414,0,414,7
2020-06-15,Modoc,49,8938,1,0,0,0,0
2020-06-15,Mono,51,14174,42,34,0,34,1
2020-06-15,Monterey,53,433212,1338,998,4,1002,12
2020-06-15,Napa,55,140530,247,187,0,187,3
2020-06-15,Nevada,57,99092,85,52,1,53,1
2020-06-15,Orange,59,3164182,12971,8944,67,9011,212
2020-06-15,Placer,61,380077,549,386,2,388,9
2020-06-15,Plumas,63,18699,6,4,0,4,0
2020-06-15,Riverside,65,2383286,14510,11376,8,11384,364
2020-06-15,Sacramento,67,1510023,2163,1791,2,1793,60
2020-06-15,San Benito,69,59416,182,108,0,108,2
2020-06-15,San Bernardino,71,2135413,10495,7189,4,7193,224
2020-06-15,San Diego,73,3302833,11332,9612,0,9612,320
2020-06-15,San Francisco,75,870044,3160,2833,1,2834,45
2020-06-15,San Joaquin,77,732212,2495,1667,4,1671,43
2020-06-15,San Luis Obispo,79,281455,480,332,3,335,1
2020-06-15,San Mateo,81,765935,2899,2591,4,2595,75
2020-06-15,Santa Barbara,83,443738,2893,2054,6,2060,16
2020-06-15,Santa Clara,85,1922200,3980,3204,5,3209,148
2020-06-15,Santa Cruz,87,273765,310,254,0,254,2
2020-06-15,Shasta,89,179085,106,50,0,50,4
2020-06-15,Sierra,91,2930,1,1,0,1,0
2020-06-15,Siskiyou,93,43540,25,14,0,14,0
2020-06-15,Solano,95,438530,1000,638,4,642,19
2020-06-15,Sonoma,97,501317,925,726,1,727,4
2020-06-15,Stanislaus,99,539301,1954,1253,5,1258,35
2020-06-15,Sutter,101,95872,99,71,0,71,2
2020-06-15,Tehama,103,63373,37,17,1,18,1
2020-06-15,Trinity,105,12862,4,2,2,4,0
2020-06-15,Tulare,107,460477,3714,2662,4,2666,96
2020-06-15,Tuolumne,109,53932,11,7,1,8,0
2020-06-15,Ventura,111,848112,2370,1656,7,1663,37
2020-06-15,Yolo,113,214977,354,255,0,255,24
2020-06-15,Yuba,115,75493,39,28,0,28,1
2020-06-14,Alameda,1,1643700,5021,4271,6,4277,112
2020-06-14,Alpine,3,1148,2,1,0,1,0
2020-06-14,Amador,5,37829,12,10,0,10,0
2020-06-14,Butte,7,227075,122,78,6,84,1
2020-06-14,Calaveras,9,45235,33,18,0,18,0
2020-06-14,Colusa,11,21464,13,7,0,7,0
2020-06-14,Contra Costa,13,1133247,2257,1893,1,1894,43
2020-06-14,Del Norte,15,27424,47,45,0,45,0
2020-06-14,El Dorado,17,186661,155,110,0,110,0
2020-06-14,Fresno,19,978130,4919,2585,46,2631,48
2020-06-14,Glenn,21,27897,51,21,0,21,0
2020-06-14,Humboldt,23,135768,129,105,0,105,3
2020-06-14,Imperial,25,180216,5955,3730,6,3736,36
2020-06-14,Inyo,27,18085,24,23,0,23,1
2020-06-14,Kern,29,883053,4472,3328,10,3338,55
2020-06-14,Kings,31,150075,2014,1022,4,1026,6
2020-06-14,Lake,33,64148,41,31,0,31,0
2020-06-14,Lassen,35,31185,12,5,2,7,0
2020-06-14,Los Angeles,37,10098052,81964,72932,24,72956,2887
2020-06-14,Madera,39,155013,479,203,0,203,3
2020-06-14,Marin,41,260295,870,689,2,691,17
2020-06-14,Mariposa,43,17540,18,16,0,16,1
2020-06-14,Mendocino,45,87422,50,33,0,33,0
2020-06-14,Merced,47,269075,717,403,0,403,7
2020-06-14,Modoc,49,8938,1,0,0,0,0
2020-06-14,Mono,51,14174,42,34,0,34,1
2020-06-14,Monterey,53,433212,1277,949,4,953,12
2020-06-14,Napa,55,140530,225,181,0,181,3
2020-06-14,Nevada,57,99092,81,52,1,53,1
2020-06-14,Orange,59,3164182,12545,8744,64,8808,211
2020-06-14,Placer,61,380077,523,369,2,371,9
2020-06-14,Plumas,63,18699,5,4,0,4,0
2020-06-14,Riverside,65,2383286,14067,11218,8,11226,364
2020-06-14,Sacramento,67,1510023,2078,1750,2,1752,60
2020-06-14,San Benito,69,59416,171,104,0,104,2
2020-06-14,San Bernardino,71,2135413,9954,7015,4,7019,224
2020-06-14,San Diego,73,3302833,10957,9442,0,9442,319
2020-06-14,San Francisco,75,870044,3120,2834,1,2835,45
2020-06-14,San Joaquin,77,732212,2344,1603,4,1607,43
2020-06-14,San Luis Obispo,79,281455,465,330,3,333,1
2020-06-14,San Mateo,81,765935,2842,2571,4,2575,75
2020-06-14,Santa Barbara,83,443738,2816,2049,6,2055,17
2020-06-14,Santa Clara,85,1922200,3887,3178,5,3183,148
2020-06-14,Santa Cruz,87,273765,296,254,0,254,2
2020-06-14,Shasta,89,179085,100,48,0,48,4
2020-06-14,Sierra,91,2930,1,1,0,1,0
2020-06-14,Siskiyou,93,43540,24,13,0,13,0
2020-06-14,Solano,95,438530,951,638,4,642,19
2020-06-14,Sonoma,97,501317,897,724,1,725,4
2020-06-14,Stanislaus,99,539301,1806,1159,5,1164,35
2020-06-14,Sutter,101,95872,94,63,0,63,2
2020-06-14,Tehama,103,63373,34,17,1,18,1
2020-06-14,Trinity,105,12862,4,2,2,4,0
2020-06-14,Tulare,107,460477,3582,2646,4,2650,96
2020-06-14,Tuolumne,109,53932,11,7,1,8,0
2020-06-14,Ventura,111,848112,2272,1610,6,1616,37
2020-06-14,Yolo,113,214977,338,254,0,254,24
2020-06-14,Yuba,115,75493,38,28,0,28,1
2020-06-13,Alameda,1,1643700,4958,4196,6,4202,112
2020-06-13,Alpine,3,1148,2,1,0,1,0
2020-06-13,Amador,5,37829,11,10,0,10,0
2020-06-13,Butte,7,227075,113,72,6,78,1
2020-06-13,Calaveras,9,45235,31,18,0,18,0
2020-06-13,Colusa,11,21464,12,7,0,7,0
2020-06-13,Contra Costa,13,1133247,2221,1868,1,1869,43
2020-06-13,Del Norte,15,27424,47,45,0,45,0
2020-06-13,El Dorado,17,186661,151,110,0,110,0
2020-06-13,Fresno,19,978130,4821,2499,46,2545,48
2020-06-13,Glenn,21,27897,49,21,0,21,0
2020-06-13,Humboldt,23,135768,128,104,0,104,3
2020-06-13,Imperial,25,180216,5882,3646,6,3652,36
2020-06-13,Inyo,27,18085,24,23,0,23,1
2020-06-13,Kern,29,883053,4363,3239,10,3249,55
2020-06-13,Kings,31,150075,1994,1023,4,1027,6
2020-06-13,Lake,33,64148,40,29,0,29,0
2020-06-13,Lassen,35,31185,12,5,2,7,0
2020-06-13,Los Angeles,37,10098052,80925,71938,23,71961,2874
2020-06-13,Madera,39,155013,475,203,0,203,3
2020-06-13,Marin,41,260295,839,677,2,679,17
2020-06-13,Mariposa,43,17540,18,16,0,16,1
2020-06-13,Mendocino,45,87422,50,33,0,33,0
2020-06-13,Merced,47,269075,699,376,0,376,7
2020-06-13,Modoc,49,8938,1,0,0,0,0
2020-06-13,Mono,51,14174,42,35,0,35,1
2020-06-13,Monterey,53,433212,1239,900,4,904,11
2020-06-13,Napa,55,140530,222,171,0,171,3
2020-06-13,Nevada,57,99092,79,52,1,53,1
2020-06-13,Orange,59,3164182,12302,8581,60,8641,211
2020-06-13,Placer,61,380077,506,346,2,348,9
2020-06-13,Plumas,63,18699,5,4,0,4,0
2020-06-13,Riverside,65,2383286,13787,10931,8,10939,364
2020-06-13,Sacramento,67,1510023,2024,1713,2,1715,60
2020-06-13,San Benito,69,59416,164,99,0,99,2
2020-06-13,San Bernardino,71,2135413,9729,6885,4,6889,224
2020-06-13,San Diego,73,3302833,10785,9316,0,9316,319
2020-06-13,San Francisco,75,870044,3100,2834,1,2835,44
2020-06-13,San Joaquin,77,732212,2263,1461,4,1465,43
2020-06-13,San Luis Obispo,79,281455,454,326,3,329,1
2020-06-13,San Mateo,81,765935,2819,2551,4,2555,75
2020-06-13,Santa Barbara,83,443738,2758,1999,6,2005,15
2020-06-13,Santa Clara,85,1922200,3845,3141,5,3146,148
2020-06-13,Santa Cruz,87,273765,290,254,0,254,2
2020-06-13,Shasta,89,179085,98,48,0,48,4
2020-06-13,Sierra,91,2930,1,1,0,1,0
2020-06-13,Siskiyou,93,43540,24,13,0,13,0
2020-06-13,Solano,95,438530,923,637,4,641,19
2020-06-13,Sonoma,97,501317,882,711,1,712,4
2020-06-13,Stanislaus,99,539301,1749,1122,5,1127,33
2020-06-13,Sutter,101,95872,93,62,0,62,2
2020-06-13,Tehama,103,63373,33,17,1,18,1
2020-06-13,Trinity,105,12862,4,2,2,4,0
2020-06-13,Tulare,107,460477,3550,2626,4,2630,96
2020-06-13,Tuolumne,109,53932,10,7,1,8,0
2020-06-13,Ventura,111,848112,2226,1567,6,1573,37
2020-06-13,Yolo,113,214977,317,251,0,251,24
2020-06-13,Yuba,115,75493,38,28,0,28,1
2020-06-12,Alameda,1,1643700,4885,4167,6,4173,109
2020-06-12,Alpine,3,1148,2,1,0,1,0
2020-06-12,Amador,5,37829,11,10,0,10,0
2020-06-12,Butte,7,227075,109,71,6,77,1
2020-06-12,Calaveras,9,45235,28,18,0,18,0
2020-06-12,Colusa,11,21464,12,7,0,7,0
2020-06-12,Contra Costa,13,1133247,2184,1827,1,1828,43
2020-06-12,Del Norte,15,27424,47,45,0,45,0
2020-06-12,El Dorado,17,186661,151,110,0,110,0
2020-06-12,Fresno,19,978130,4685,2428,46,2474,47
2020-06-12,Glenn,21,27897,46,21,0,21,0
2020-06-12,Humboldt,23,135768,126,105,0,105,3
2020-06-12,Imperial,25,180216,5798,3543,6,3549,36
2020-06-12,Inyo,27,18085,24,23,0,23,1
2020-06-12,Kern,29,883053,4246,3152,10,3162,54
2020-06-12,Kings,31,150075,1981,987,4,991,6
2020-06-12,Lake,33,64148,39,29,0,29,0
2020-06-12,Lassen,35,31185,12,5,2,7,0
2020-06-12,Los Angeles,37,10098052,79517,70385,23,70408,2814
2020-06-12,Madera,39,155013,450,187,0,187,3
2020-06-12,Marin,41,260295,836,649,2,651,17
2020-06-12,Mariposa,43,17540,18,16,0,16,1
2020-06-12,Mendocino,45,87422,50,33,0,33,0
2020-06-12,Merced,47,269075,664,372,0,372,7
2020-06-12,Modoc,49,8938,1,0,0,0,0
2020-06-12,Mono,51,14174,39,35,0,35,1
2020-06-12,Monterey,53,433212,1198,864,3,867,11
2020-06-12,Napa,55,140530,219,162,0,162,3
2020-06-12,Nevada,57,99092,73,52,1,53,1
2020-06-12,Orange,59,3164182,11997,8440,59,8499,203
2020-06-12,Placer,61,380077,490,333,2,335,9
2020-06-12,Plumas,63,18699,5,4,0,4,0
2020-06-12,Riverside,65,2383286,13450,10616,8,10624,364
2020-06-12,Sacramento,67,1510023,1969,1702,2,1704,60
2020-06-12,San Benito,69,59416,157,96,0,96,2
2020-06-12,San Bernardino,71,2135413,9461,6707,4,6711,223
2020-06-12,San Diego,73,3302833,10615,9132,0,9132,313
2020-06-12,San Francisco,75,870044,3066,2823,1,2824,44
2020-06-12,San Joaquin,77,732212,2183,1406,4,1410,43
2020-06-12,San Luis Obispo,79,281455,438,321,3,324,1
2020-06-12,San Mateo,81,765935,2784,2533,4,2537,75
2020-06-12,Santa Barbara,83,443738,2704,1969,6,1975,14
2020-06-12,Santa Clara,85,1922200,3803,3099,5,3104,149
2020-06-12,Santa Cruz,87,273765,282,251,0,251,2
2020-06-12,Shasta,89,179085,91,48,0,48,5
2020-06-12,Sierra,91,2930,1,1,0,1,0
2020-06-12,Siskiyou,93,43540,24,13,0,13,0
2020-06-12,Solano,95,438530,909,620,4,624,19
2020-06-12,Sonoma,97,501317,863,696,1,697,4
2020-06-12,Stanislaus,99,539301,1690,1092,5,1097,33
2020-06-12,Sutter,101,95872,92,56,0,56,2
2020-06-12,Tehama,103,63373,32,13,1,14,1
2020-06-12,Trinity,105,12862,4,2,2,4,0
2020-06-12,Tulare,107,460477,3496,2552,4,2556,95
2020-06-12,Tuolumne,109,53932,10,7,1,8,0
2020-06-12,Ventura,111,848112,2174,1534,6,1540,35
2020-06-12,Yolo,113,214977,305,243,0,243,24
2020-06-12,Yuba,115,75493,36,27,0,27,1
2020-06-11,Alameda,1,1643700,4755,4073,5,4078,108
2020-06-11,Alpine,3,1148,2,1,0,1,0
2020-06-11,Amador,5,37829,10,10,0,10,0
2020-06-11,Butte,7,227075,103,72,6,78,1
2020-06-11,Calaveras,9,45235,27,16,0,16,0
2020-06-11,Colusa,11,21464,12,7,0,7,0
2020-06-11,Contra Costa,13,1133247,2131,1797,1,1798,43
2020-06-11,Del Norte,15,27424,47,45,0,45,0
2020-06-11,El Dorado,17,186661,143,109,0,109,0
2020-06-11,Fresno,19,978130,4530,2338,46,2384,45
2020-06-11,Glenn,21,27897,42,21,0,21,0
2020-06-11,Humboldt,23,135768,122,113,0,113,3
2020-06-11,Imperial,25,180216,5641,3463,6,3469,36
2020-06-11,Inyo,27,18085,22,23,0,23,1
2020-06-11,Kern,29,883053,4094,3047,8,3055,54
2020-06-11,Kings,31,150075,1947,963,4,967,6
2020-06-11,Lake,33,64148,39,28,0,28,0
2020-06-11,Lassen,35,31185,12,5,2,7,0
2020-06-11,Los Angeles,37,10098052,77850,68807,22,68829,2800
2020-06-11,Madera,39,155013,432,178,0,178,3
2020-06-11,Marin,41,260295,788,637,2,639,17
2020-06-11,Mariposa,43,17540,18,16,0,16,1
2020-06-11,Mendocino,45,87422,41,35,0,35,0
2020-06-11,Merced,47,269075,624,370,0,370,7
2020-06-11,Modoc,49,8938,1,0,0,0,0
2020-06-11,Mono,51,14174,39,35,0,35,1
2020-06-11,Monterey,53,433212,1151,813,3,816,11
2020-06-11,Napa,55,140530,210,162,0,162,3
2020-06-11,Nevada,57,99092,67,50,1,51,1
2020-06-11,Orange,59,3164182,11689,8304,58,8362,188
2020-06-11,Placer,61,380077,470,321,2,323,9
2020-06-11,Plumas,63,18699,5,4,0,4,0
2020-06-11,Riverside,65,2383286,13098,10014,8,10022,361
2020-06-11,Sacramento,67,1510023,1921,1669,2,1671,60
2020-06-11,San Benito,69,59416,151,94,0,94,2
2020-06-11,San Bernardino,71,2135413,9164,6509,4,6513,221
2020-06-11,San Diego,73,3302833,10385,9000,0,9000,308
2020-06-11,San Francisco,75,870044,3037,2766,1,2767,44
2020-06-11,San Joaquin,77,732212,2071,1351,4,1355,43
2020-06-11,San Luis Obispo,79,281455,424,307,3,310,1
2020-06-11,San Mateo,81,765935,2746,2499,4,2503,74
2020-06-11,Santa Barbara,83,443738,2639,1895,6,1901,14
2020-06-11,Santa Clara,85,1922200,3737,3049,5,3054,149
2020-06-11,Santa Cruz,87,273765,278,247,0,247,2
2020-06-11,Shasta,89,179085,84,47,0,47,5
2020-06-11,Sierra,91,2930,1,1,0,1,0
2020-06-11,Siskiyou,93,43540,24,14,0,14,0
2020-06-11,Solano,95,438530,883,616,4,620,19
2020-06-11,Sonoma,97,501317,840,682,1,683,4
2020-06-11,Stanislaus,99,539301,1599,1062,5,1067,30
2020-06-11,Sutter,101,95872,89,56,0,56,2
2020-06-11,Tehama,103,63373,27,10,1,11,1
2020-06-11,Trinity,105,12862,3,2,2,4,0
2020-06-11,Tulare,107,460477,3399,2473,4,2477,95
2020-06-11,Tuolumne,109,53932,10,7,1,8,0
2020-06-11,Ventura,111,848112,2097,1491,6,1497,34
2020-06-11,Yolo,113,214977,297,230,0,230,24
2020-06-11,Yuba,115,75493,36,27,0,27,1
2020-06-10,Alameda,1,1643700,4655,4027,4,4031,107
2020-06-10,Alpine,3,1148,2,1,0,1,0
2020-06-10,Amador,5,37829,10,10,0,10,0
2020-06-10,Butte,7,227075,100,71,6,77,1
2020-06-10,Calaveras,9,45235,27,16,0,16,0
2020-06-10,Colusa,11,21464,11,7,0,7,0
2020-06-10,Contra Costa,13,1133247,2087,1778,1,1779,43
2020-06-10,Del Norte,15,27424,47,45,0,45,0
2020-06-10,El Dorado,17,186661,140,109,0,109,0
2020-06-10,Fresno,19,978130,4354,2324,46,2370,45
2020-06-10,Glenn,21,27897,39,21,0,21,0
2020-06-10,Humboldt,23,135768,118,112,0,112,3
2020-06-10,Imperial,25,180216,5493,3454,6,3460,36
2020-06-10,Inyo,27,18085,22,23,0,23,1
2020-06-10,Kern,29,883053,3969,3000,8,3008,54
2020-06-10,Kings,31,150075,1900,952,3,955,6
2020-06-10,Lake,33,64148,39,28,0,28,0
2020-06-10,Lassen,35,31185,12,5,2,7,0
2020-06-10,Los Angeles,37,10098052,76329,67018,22,67040,2752
2020-06-10,Madera,39,155013,418,176,0,176,3
2020-06-10,Marin,41,260295,756,633,2,635,17
2020-06-10,Mariposa,43,17540,17,16,0,16,1
2020-06-10,Mendocino,45,87422,40,35,0,35,0
2020-06-10,Merced,47,269075,591,370,0,370,7
2020-06-10,Modoc,49,8938,1,0,0,0,0
2020-06-10,Mono,51,14174,39,35,0,35,1
2020-06-10,Monterey,53,433212,1097,791,3,794,11
2020-06-10,Napa,55,140530,207,159,0,159,3
2020-06-10,Nevada,57,99092,65,50,1,51,1
2020-06-10,Orange,59,3164182,11413,8222,55,8277,184
2020-06-10,Placer,61,380077,444,309,2,311,9
2020-06-10,Plumas,63,18699,5,4,0,4,0
2020-06-10,Riverside,65,2383286,12775,9857,8,9865,361
2020-06-10,Sacramento,67,1510023,1882,1643,2,1645,59
2020-06-10,San Benito,69,59416,142,94,0,94,2
2020-06-10,San Bernardino,71,2135413,8872,6438,4,6442,219
2020-06-10,San Diego,73,3302833,10221,8839,0,8839,305
2020-06-10,San Francisco,75,870044,3012,2774,1,2775,44
2020-06-10,San Joaquin,77,732212,1942,1282,4,1286,41
2020-06-10,San Luis Obispo,79,281455,405,306,3,309,1
2020-06-10,San Mateo,81,765935,2705,2492,4,2496,74
2020-06-10,Santa Barbara,83,443738,2583,1878,6,1884,13
2020-06-10,Santa Clara,85,1922200,3686,3032,5,3037,149
2020-06-10,Santa Cruz,87,273765,274,242,0,242,2
2020-06-10,Shasta,89,179085,79,45,0,45,5
2020-06-10,Sierra,91,2930,1,1,0,1,0
2020-06-10,Siskiyou,93,43540,24,14,0,14,0
2020-06-10,Solano,95,438530,847,608,4,612,19
2020-06-10,Sonoma,97,501317,822,673,1,674,4
2020-06-10,Stanislaus,99,539301,1509,1030,5,1035,29
2020-06-10,Sutter,101,95872,88,56,0,56,2
2020-06-10,Tehama,103,63373,25,10,1,11,1
2020-06-10,Trinity,105,12862,3,2,2,4,0
2020-06-10,Tulare,107,460477,3307,2455,4,2459,95
2020-06-10,Tuolumne,109,53932,10,7,1,8,0
2020-06-10,Ventura,111,848112,2051,1446,5,1451,34
2020-06-10,Yolo,113,214977,289,226,0,226,24
2020-06-10,Yuba,115,75493,35,27,0,27,1
2020-06-09,Alameda,1,1643700,4545,3963,4,3967,103
2020-06-09,Alpine,3,1148,2,1,0,1,0
2020-06-09,Amador,5,37829,10,10,0,10,0
2020-06-09,Butte,7,227075,99,70,6,76,1
2020-06-09,Calaveras,9,45235,27,16,0,16,0
2020-06-09,Colusa,11,21464,10,7,0,7,0
2020-06-09,Contra Costa,13,1133247,2046,1744,1,1745,42
2020-06-09,Del Norte,15,27424,47,45,0,45,0
2020-06-09,El Dorado,17,186661,134,108,0,108,0
2020-06-09,Fresno,19,978130,4202,2278,46,2324,43
2020-06-09,Glenn,21,27897,38,19,0,19,0
2020-06-09,Humboldt,23,135768,116,113,0,113,2
2020-06-09,Imperial,25,180216,5341,3067,6,3073,36
2020-06-09,Inyo,27,18085,22,22,0,22,1
2020-06-09,Kern,29,883053,3842,2920,8,2928,51
2020-06-09,Kings,31,150075,1868,934,3,937,6
2020-06-09,Lake,33,64148,39,28,0,28,0
2020-06-09,Lassen,35,31185,12,5,2,7,0
2020-06-09,Los Angeles,37,10098052,74671,65827,22,65849,2692
2020-06-09,Madera,39,155013,403,172,0,172,3
2020-06-09,Marin,41,260295,720,616,2,618,17
2020-06-09,Mariposa,43,17540,17,16,0,16,1
2020-06-09,Mendocino,45,87422,36,35,0,35,0
2020-06-09,Merced,47,269075,562,349,0,349,7
2020-06-09,Modoc,49,8938,1,0,0,0,0
2020-06-09,Mono,51,14174,39,35,0,35,1
2020-06-09,Monterey,53,433212,1056,772,3,775,11
2020-06-09,Napa,55,140530,197,156,0,156,3
2020-06-09,Nevada,57,99092,57,50,1,51,1
2020-06-09,Orange,59,3164182,11172,7991,53,8044,174
2020-06-09,Placer,61,380077,431,301,2,303,9
2020-06-09,Plumas,63,18699,5,4,0,4,0
2020-06-09,Riverside,65,2383286,12397,9511,8,9519,354
2020-06-09,Sacramento,67,1510023,1828,1625,2,1627,59
2020-06-09,San Benito,69,59416,136,95,0,95,2
2020-06-09,San Bernardino,71,2135413,8548,6268,3,6271,217
2020-06-09,San Diego,73,3302833,10036,8731,0,8731,301
2020-06-09,San Francisco,75,870044,2987,2749,1,2750,44
2020-06-09,San Joaquin,77,732212,1836,1240,4,1244,41
2020-06-09,San Luis Obispo,79,281455,392,301,2,303,1
2020-06-09,San Mateo,81,765935,2674,2463,4,2467,74
2020-06-09,Santa Barbara,83,443738,2521,1854,6,1860,13
2020-06-09,Santa Clara,85,1922200,3619,3006,5,3011,147
2020-06-09,Santa Cruz,87,273765,268,237,0,237,2
2020-06-09,Shasta,89,179085,75,44,0,44,4
2020-06-09,Sierra,91,2930,1,1,0,1,0
2020-06-09,Siskiyou,93,43540,19,10,0,10,0
2020-06-09,Solano,95,438530,812,596,4,600,18
2020-06-09,Sonoma,97,501317,799,661,1,662,4
2020-06-09,Stanislaus,99,539301,1408,993,5,998,25
2020-06-09,Sutter,101,95872,85,56,0,56,2
2020-06-09,Tehama,103,63373,25,9,1,10,1
2020-06-09,Trinity,105,12862,3,2,2,4,0
2020-06-09,Tulare,107,460477,3241,2393,4,2397,91
2020-06-09,Tuolumne,109,53932,10,8,1,9,0
2020-06-09,Ventura,111,848112,1985,1407,5,1412,34
2020-06-09,Yolo,113,214977,278,226,0,226,24
2020-06-09,Yuba,115,75493,34,27,0,27,1
2020-06-08,Alameda,1,1643700,4465,3937,4,3941,103
2020-06-08,Alpine,3,1148,2,1,0,1,0
2020-06-08,Amador,5,37829,10,10,0,10,0
2020-06-08,Butte,7,227075,95,68,6,74,1
2020-06-08,Calaveras,9,45235,27,16,0,16,0
2020-06-08,Colusa,11,21464,9,7,0,7,0
2020-06-08,Contra Costa,13,1133247,2003,1714,1,1715,41
2020-06-08,Del Norte,15,27424,47,45,0,45,0
2020-06-08,El Dorado,17,186661,130,107,0,107,0
2020-06-08,Fresno,19,978130,4077,2194,45,2239,42
2020-06-08,Glenn,21,27897,36,17,0,17,0
2020-06-08,Humboldt,23,135768,116,112,0,112,2
2020-06-08,Imperial,25,180216,5189,3051,6,3057,21
2020-06-08,Inyo,27,18085,22,22,0,22,1
2020-06-08,Kern,29,883053,3712,2853,8,2861,49
2020-06-08,Kings,31,150075,1792,892,3,895,6
2020-06-08,Lake,33,64148,39,28,0,28,0
2020-06-08,Lassen,35,31185,12,4,2,6,0
2020-06-08,Los Angeles,37,10098052,73209,64634,22,64656,2640
2020-06-08,Madera,39,155013,373,154,0,154,3
2020-06-08,Marin,41,260295,679,596,2,598,17
2020-06-08,Mariposa,43,17540,16,16,0,16,1
2020-06-08,Mendocino,45,87422,34,32,0,32,0
2020-06-08,Merced,47,269075,528,331,0,331,7
2020-06-08,Modoc,49,8938,1,0,0,0,0
2020-06-08,Mono,51,14174,39,35,0,35,1
2020-06-08,Monterey,53,433212,1005,751,2,753,10
2020-06-08,Napa,55,140530,181,151,0,151,3
2020-06-08,Nevada,57,99092,56,50,1,51,1
2020-06-08,Orange,59,3164182,10920,7786,52,7838,160
2020-06-08,Placer,61,380077,414,290,2,292,9
2020-06-08,Plumas,63,18699,5,4,0,4,0
2020-06-08,Riverside,65,2383286,12028,9246,8,9254,347
2020-06-08,Sacramento,67,1510023,1778,1591,2,1593,59
2020-06-08,San Benito,69,59416,129,93,0,93,2
2020-06-08,San Bernardino,71,2135413,8227,6122,3,6125,214
2020-06-08,San Diego,73,3302833,9879,8621,0,8621,296
2020-06-08,San Francisco,75,870044,2960,2715,1,2716,43
2020-06-08,San Joaquin,77,732212,1729,1198,4,1202,40
2020-06-08,San Luis Obispo,79,281455,386,300,2,302,1
2020-06-08,San Mateo,81,765935,2643,2431,3,2434,74
2020-06-08,Santa Barbara,83,443738,2458,1824,6,1830,13
2020-06-08,Santa Clara,85,1922200,3574,2971,5,2976,146
2020-06-08,Santa Cruz,87,273765,267,234,0,234,2
2020-06-08,Shasta,89,179085,71,43,0,43,4
2020-06-08,Sierra,91,2930,1,1,0,1,0
2020-06-08,Siskiyou,93,43540,19,8,0,8,0
2020-06-08,Solano,95,438530,785,560,4,564,19
2020-06-08,Sonoma,97,501317,783,654,1,655,4
2020-06-08,Stanislaus,99,539301,1326,956,5,961,28
2020-06-08,Sutter,101,95872,78,55,0,55,2
2020-06-08,Tehama,103,63373,19,8,1,9,1
2020-06-08,Trinity,105,12862,3,2,2,4,0
2020-06-08,Tulare,107,460477,3158,2301,4,2305,91
2020-06-08,Tuolumne,109,53932,9,8,1,9,0
2020-06-08,Ventura,111,848112,1927,1382,5,1387,30
2020-06-08,Yolo,113,214977,267,228,0,228,24
2020-06-08,Yuba,115,75493,32,27,0,27,1
2020-06-07,Alameda,1,1643700,4352,3866,4,3870,102
2020-06-07,Alpine,3,1148,2,1,0,1,0
2020-06-07,Amador,5,37829,10,10,0,10,0
2020-06-07,Butte,7,227075,93,64,5,69,1
2020-06-07,Calaveras,9,45235,25,16,0,16,0
2020-06-07,Colusa,11,21464,9,7,0,7,0
2020-06-07,Contra Costa,13,1133247,1952,1653,0,1653,38
2020-06-07,Del Norte,15,27424,45,45,0,45,0
2020-06-07,El Dorado,17,186661,130,104,0,104,0
2020-06-07,Fresno,19,978130,3947,2144,45,2189,41
2020-06-07,Glenn,21,27897,29,16,0,16,0
2020-06-07,Humboldt,23,135768,116,112,0,112,2
2020-06-07,Imperial,25,180216,5037,3048,6,3054,19
2020-06-07,Inyo,27,18085,22,21,0,21,1
2020-06-07,Kern,29,883053,3582,2771,8,2779,46
2020-06-07,Kings,31,150075,1743,882,3,885,6
2020-06-07,Lake,33,64148,36,28,0,28,0
2020-06-07,Lassen,35,31185,11,4,2,6,0
2020-06-07,Los Angeles,37,10098052,71507,63750,22,63772,2629
2020-06-07,Madera,39,155013,356,149,0,149,3
2020-06-07,Marin,41,260295,665,584,2,586,17
2020-06-07,Mariposa,43,17540,16,16,0,16,1
2020-06-07,Mendocino,45,87422,34,32,0,32,0
2020-06-07,Merced,47,269075,495,318,0,318,7
2020-06-07,Modoc,49,8938,1,0,0,0,0
2020-06-07,Mono,51,14174,39,35,0,35,1
2020-06-07,Monterey,53,433212,958,732,2,734,10
2020-06-07,Napa,55,140530,173,142,0,142,3
2020-06-07,Nevada,57,99092,55,50,1,51,1
2020-06-07,Orange,59,3164182,10663,7643,50,7693,158
2020-06-07,Placer,61,380077,392,273,2,275,9
2020-06-07,Plumas,63,18699,5,4,0,4,0
2020-06-07,Riverside,65,2383286,11732,9105,8,9113,344
2020-06-07,Sacramento,67,1510023,1732,1568,2,1570,59
2020-06-07,San Benito,69,59416,126,92,0,92,2
2020-06-07,San Bernardino,71,2135413,7944,6033,3,6036,214
2020-06-07,San Diego,73,3302833,9700,8478,0,8478,296
2020-06-07,San Francisco,75,870044,2916,2674,0,2674,43
2020-06-07,San Joaquin,77,732212,1628,1126,4,1130,37
2020-06-07,San Luis Obispo,79,281455,376,296,2,298,1
2020-06-07,San Mateo,81,765935,2616,2399,3,2402,73
2020-06-07,Santa Barbara,83,443738,2397,1818,6,1824,13
2020-06-07,Santa Clara,85,1922200,3523,2947,5,2952,146
2020-06-07,Santa Cruz,87,273765,259,230,0,230,2
2020-06-07,Shasta,89,179085,70,41,0,41,4
2020-06-07,Sierra,91,2930,1,1,0,1,0
2020-06-07,Siskiyou,93,43540,19,8,0,8,0
2020-06-07,Solano,95,438530,762,560,4,564,19
2020-06-07,Sonoma,97,501317,752,639,1,640,4
2020-06-07,Stanislaus,99,539301,1246,905,5,910,28
2020-06-07,Sutter,101,95872,70,55,0,55,2
2020-06-07,Tehama,103,63373,16,8,1,9,1
2020-06-07,Trinity,105,12862,2,2,2,4,0
2020-06-07,Tulare,107,460477,3036,2219,4,2223,90
2020-06-07,Tuolumne,109,53932,9,4,1,5,0
2020-06-07,Ventura,111,848112,1862,1337,5,1342,30
2020-06-07,Yolo,113,214977,257,224,0,224,24
2020-06-07,Yuba,115,75493,32,27,0,27,1
2020-06-06,Alameda,1,1643700,4307,3801,4,3805,102
2020-06-06,Alpine,3,1148,2,1,0,1,0
2020-06-06,Amador,5,37829,10,10,0,10,0
2020-06-06,Butte,7,227075,92,63,5,68,1
2020-06-06,Calaveras,9,45235,23,16,0,16,0
2020-06-06,Colusa,11,21464,9,7,0,7,0
2020-06-06,Contra Costa,13,1133247,1931,1619,0,1619,37
2020-06-06,Del Norte,15,27424,45,45,0,45,0
2020-06-06,El Dorado,17,186661,127,104,0,104,0
2020-06-06,Fresno,19,978130,3893,2117,45,2162,41
2020-06-06,Glenn,21,27897,27,16,0,16,0
2020-06-06,Humboldt,23,135768,116,112,0,112,2
2020-06-06,Imperial,25,180216,4961,3047,6,3053,19
2020-06-06,Inyo,27,18085,22,21,0,21,1
2020-06-06,Kern,29,883053,3512,2695,8,2703,46
2020-06-06,Kings,31,150075,1724,882,3,885,6
2020-06-06,Lake,33,64148,36,28,0,28,0
2020-06-06,Lassen,35,31185,11,4,2,6,0
2020-06-06,Los Angeles,37,10098052,70760,62269,22,62291,2607
2020-06-06,Madera,39,155013,347,149,0,149,3
2020-06-06,Marin,41,260295,660,556,2,558,17
2020-06-06,Mariposa,43,17540,16,16,0,16,1
2020-06-06,Mendocino,45,87422,34,32,0,32,0
2020-06-06,Merced,47,269075,493,315,0,315,7
2020-06-06,Modoc,49,8938,1,0,0,0,0
2020-06-06,Mono,51,14174,39,35,0,35,1
2020-06-06,Monterey,53,433212,934,679,2,681,10
2020-06-06,Napa,55,140530,167,136,0,136,3
2020-06-06,Nevada,57,99092,54,50,1,51,1
2020-06-06,Orange,59,3164182,10504,7576,49,7625,157
2020-06-06,Placer,61,380077,381,270,2,272,9
2020-06-06,Plumas,63,18699,5,4,0,4,0
2020-06-06,Riverside,65,2383286,11553,8935,8,8943,345
2020-06-06,Sacramento,67,1510023,1709,1533,2,1535,59
2020-06-06,San Benito,69,59416,116,92,0,92,2
2020-06-06,San Bernardino,71,2135413,7796,5946,3,5949,214
2020-06-06,San Diego,73,3302833,9579,8347,0,8347,296
2020-06-06,San Francisco,75,870044,2901,2674,0,2674,43
2020-06-06,San Joaquin,77,732212,1588,1076,4,1080,37
2020-06-06,San Luis Obispo,79,281455,370,295,2,297,1
2020-06-06,San Mateo,81,765935,2601,2342,3,2345,72
2020-06-06,Santa Barbara,83,443738,2357,1815,6,1821,13
2020-06-06,Santa Clara,85,1922200,3482,2934,5,2939,144
2020-06-06,Santa Cruz,87,273765,257,226,0,226,2
2020-06-06,Shasta,89,179085,70,40,0,40,4
2020-06-06,Sierra,91,2930,1,1,0,1,0
2020-06-06,Siskiyou,93,43540,17,8,0,8,0
2020-06-06,Solano,95,438530,747,560,4,564,19
2020-06-06,Sonoma,97,501317,740,622,1,623,4
2020-06-06,Stanislaus,99,539301,1212,858,5,863,27
2020-06-06,Sutter,101,95872,70,51,0,51,2
2020-06-06,Tehama,103,63373,15,8,1,9,1
2020-06-06,Trinity,105,12862,2,2,1,3,0
2020-06-06,Tulare,107,460477,3003,2213,4,2217,90
2020-06-06,Tuolumne,109,53932,9,4,1,5,0
2020-06-06,Ventura,111,848112,1838,1303,5,1308,30
2020-06-06,Yolo,113,214977,255,223,0,223,24
2020-06-06,Yuba,115,75493,32,27,0,27,1
2020-06-05,Alameda,1,1643700,4256,3734,4,3738,102
2020-06-05,Alpine,3,1148,2,1,0,1,0
2020-06-05,Amador,5,37829,10,10,0,10,0
2020-06-05,Butte,7,227075,89,61,5,66,1
2020-06-05,Calaveras,9,45235,22,16,0,16,0
2020-06-05,Colusa,11,21464,9,7,0,7,0
2020-06-05,Contra Costa,13,1133247,1916,1575,0,1575,37
2020-06-05,Del Norte,15,27424,45,45,0,45,0
2020-06-05,El Dorado,17,186661,126,101,0,101,0
2020-06-05,Fresno,19,978130,3829,2051,44,2095,38
2020-06-05,Glenn,21,27897,25,16,0,16,0
2020-06-05,Humboldt,23,135768,115,111,0,111,2
2020-06-05,Imperial,25,180216,4855,2778,6,2784,19
2020-06-05,Inyo,27,18085,22,21,0,21,1
2020-06-05,Kern,29,883053,3423,2624,8,2632,46
2020-06-05,Kings,31,150075,1709,865,3,868,6
2020-06-05,Lake,33,64148,35,28,0,28,0
2020-06-05,Lassen,35,31185,10,4,2,6,0
2020-06-05,Los Angeles,37,10098052,69613,60955,22,60977,2553
2020-06-05,Madera,39,155013,325,144,0,144,3
2020-06-05,Marin,41,260295,651,546,2,548,17
2020-06-05,Mariposa,43,17540,16,16,0,16,1
2020-06-05,Mendocino,45,87422,34,32,0,32,0
2020-06-05,Merced,47,269075,491,309,0,309,7
2020-06-05,Modoc,49,8938,1,0,0,0,0
2020-06-05,Mono,51,14174,39,35,0,35,1
2020-06-05,Monterey,53,433212,902,649,2,651,10
2020-06-05,Napa,55,140530,164,123,0,123,3
2020-06-05,Nevada,57,99092,54,50,1,51,1
2020-06-05,Orange,59,3164182,10309,7391,47,7438,153
2020-06-05,Placer,61,380077,371,265,2,267,9
2020-06-05,Plumas,63,18699,5,4,0,4,0
2020-06-05,Riverside,65,2383286,11293,8700,8,8708,345
2020-06-05,Sacramento,67,1510023,1687,1514,2,1516,59
2020-06-05,San Benito,69,59416,114,92,0,92,2
2020-06-05,San Bernardino,71,2135413,7614,5869,2,5871,212
2020-06-05,San Diego,73,3302833,9464,8182,0,8182,294
2020-06-05,San Francisco,75,870044,2883,2675,0,2675,43
2020-06-05,San Joaquin,77,732212,1509,1046,4,1050,36
2020-06-05,San Luis Obispo,79,281455,363,293,2,295,1
2020-06-05,San Mateo,81,765935,2576,2331,3,2334,72
2020-06-05,Santa Barbara,83,443738,2322,1795,6,1801,13
2020-06-05,Santa Clara,85,1922200,3457,2902,5,2907,144
2020-06-05,Santa Cruz,87,273765,254,222,0,222,2
2020-06-05,Shasta,89,179085,69,40,0,40,4
2020-06-05,Sierra,91,2930,1,1,0,1,0
2020-06-05,Siskiyou,93,43540,15,8,0,8,0
2020-06-05,Solano,95,438530,740,558,4,562,19
2020-06-05,Sonoma,97,501317,719,618,1,619,4
2020-06-05,Stanislaus,99,539301,1179,842,5,847,27
2020-06-05,Sutter,101,95872,70,49,0,49,2
2020-06-05,Tehama,103,63373,15,7,1,8,1
2020-06-05,Trinity,105,12862,2,1,1,2,0
2020-06-05,Tulare,107,460477,2954,2180,4,2184,90
2020-06-05,Tuolumne,109,53932,9,4,1,5,0
2020-06-05,Ventura,111,848112,1805,1274,5,1279,30
2020-06-05,Yolo,113,214977,254,216,0,216,24
2020-06-05,Yuba,115,75493,32,27,0,27,1
2020-06-04,Alameda,1,1643700,4157,3643,4,3647,99
2020-06-04,Alpine,3,1148,2,1,0,1,0
2020-06-04,Amador,5,37829,10,10,0,10,0
2020-06-04,Butte,7,227075,85,57,4,61,1
2020-06-04,Calaveras,9,45235,22,15,0,15,0
2020-06-04,Colusa,11,21464,9,7,0,7,0
2020-06-04,Contra Costa,13,1133247,1858,1551,0,1551,37
2020-06-04,Del Norte,15,27424,45,45,0,45,0
2020-06-04,El Dorado,17,186661,124,101,0,101,0
2020-06-04,Fresno,19,978130,3723,2007,44,2051,35
2020-06-04,Glenn,21,27897,22,16,0,16,0
2020-06-04,Humboldt,23,135768,115,109,0,109,2
2020-06-04,Imperial,25,180216,4672,2631,6,2637,19
2020-06-04,Inyo,27,18085,22,20,0,20,1
2020-06-04,Kern,29,883053,3308,2530,8,2538,46
2020-06-04,Kings,31,150075,1639,842,3,845,6
2020-06-04,Lake,33,64148,34,27,0,27,0
2020-06-04,Lassen,35,31185,8,4,2,6,0
2020-06-04,Los Angeles,37,10098052,68145,59596,22,59618,2515
2020-06-04,Madera,39,155013,317,127,0,127,3
2020-06-04,Marin,41,260295,629,533,2,535,14
2020-06-04,Mariposa,43,17540,16,16,0,16,1
2020-06-04,Mendocino,45,87422,34,29,0,29,0
2020-06-04,Merced,47,269075,471,304,0,304,7
2020-06-04,Modoc,49,8938,1,0,0,0,0
2020-06-04,Mono,51,14174,39,35,0,35,1
2020-06-04,Monterey,53,433212,867,621,1,622,10
2020-06-04,Napa,55,140530,160,117,0,117,3
2020-06-04,Nevada,57,99092,53,49,1,50,1
2020-06-04,Orange,59,3164182,10058,7192,46,7238,148
2020-06-04,Placer,61,380077,354,256,2,258,9
2020-06-04,Plumas,63,18699,4,4,0,4,0
2020-06-04,Riverside,65,2383286,11015,8473,8,8481,341
2020-06-04,Sacramento,67,1510023,1660,1492,2,1494,58
2020-06-04,San Benito,69,59416,112,88,0,88,2
2020-06-04,San Bernardino,71,2135413,7346,5726,2,5728,207
2020-06-04,San Diego,73,3302833,9301,7942,0,7942,288
2020-06-04,San Francisco,75,870044,2850,2636,0,2636,43
2020-06-04,San Joaquin,77,732212,1447,1016,4,1020,36
2020-06-04,San Luis Obispo,79,281455,355,288,2,290,1
2020-06-04,San Mateo,81,765935,2550,2284,3,2287,72
2020-06-04,Santa Barbara,83,443738,2283,1750,6,1756,13
2020-06-04,Santa Clara,85,1922200,3425,2871,5,2876,144
2020-06-04,Santa Cruz,87,273765,248,218,0,218,2
2020-06-04,Shasta,89,179085,63,40,0,40,4
2020-06-04,Sierra,91,2930,1,1,0,1,0
2020-06-04,Siskiyou,93,43540,14,8,0,8,0
2020-06-04,Solano,95,438530,723,551,4,555,19
2020-06-04,Sonoma,97,501317,700,591,1,592,4
2020-06-04,Stanislaus,99,539301,1103,806,5,811,28
2020-06-04,Sutter,101,95872,65,46,0,46,2
2020-06-04,Tehama,103,63373,14,6,1,7,1
2020-06-04,Trinity,105,12862,2,1,1,2,0
2020-06-04,Tulare,107,460477,2838,2086,4,2090,90
2020-06-04,Tuolumne,109,53932,8,4,1,5,0
2020-06-04,Ventura,111,848112,1762,1236,5,1241,30
2020-06-04,Yolo,113,214977,249,216,0,216,24
2020-06-04,Yuba,115,75493,31,27,0,27,1
2020-06-03,Alameda,1,1643700,4098,3589,3,3592,99
2020-06-03,Alpine,3,1148,2,1,0,1,0
2020-06-03,Amador,5,37829,10,10,0,10,0
2020-06-03,Butte,7,227075,83,53,4,57,1
2020-06-03,Calaveras,9,45235,21,15,0,15,0
2020-06-03,Colusa,11,21464,9,7,0,7,0
2020-06-03,Contra Costa,13,1133247,1810,1511,0,1511,37
2020-06-03,Del Norte,15,27424,45,39,0,39,0
2020-06-03,El Dorado,17,186661,121,90,0,90,0
2020-06-03,Fresno,19,978130,3627,1943,44,1987,35
2020-06-03,Glenn,21,27897,22,16,0,16,0
2020-06-03,Humboldt,23,135768,115,103,0,103,2
2020-06-03,Imperial,25,180216,4500,2540,6,2546,19
2020-06-03,Inyo,27,18085,22,20,0,20,1
2020-06-03,Kern,29,883053,3213,2452,8,2460,44
2020-06-03,Kings,31,150075,1574,744,3,747,6
2020-06-03,Lake,33,64148,32,26,0,26,0
2020-06-03,Lassen,35,31185,8,4,2,6,0
2020-06-03,Los Angeles,37,10098052,66539,58166,22,58188,2472
2020-06-03,Madera,39,155013,309,117,0,117,3
2020-06-03,Marin,41,260295,611,527,2,529,14
2020-06-03,Mariposa,43,17540,16,16,0,16,1
2020-06-03,Mendocino,45,87422,33,29,0,29,0
2020-06-03,Merced,47,269075,457,299,0,299,7
2020-06-03,Modoc,49,8938,1,0,0,0,0
2020-06-03,Mono,51,14174,39,35,0,35,1
2020-06-03,Monterey,53,433212,839,592,1,593,10
2020-06-03,Napa,55,140530,159,116,0,116,3
2020-06-03,Nevada,57,99092,52,43,1,44,1
2020-06-03,Orange,59,3164182,9831,6939,45,6984,145
2020-06-03,Placer,61,380077,336,243,2,245,9
2020-06-03,Plumas,63,18699,4,4,0,4,0
2020-06-03,Riverside,65,2383286,10740,8208,8,8216,335
2020-06-03,Sacramento,67,1510023,1630,1457,2,1459,58
2020-06-03,San Benito,69,59416,106,88,0,88,2
2020-06-03,San Bernardino,71,2135413,7123,5565,2,5567,203
2020-06-03,San Diego,73,3302833,9153,7800,0,7800,283
2020-06-03,San Francisco,75,870044,2819,2608,0,2608,43
2020-06-03,San Joaquin,77,732212,1382,1004,4,1008,35
2020-06-03,San Luis Obispo,79,281455,350,279,2,281,1
2020-06-03,San Mateo,81,765935,2522,2243,3,2246,71
2020-06-03,Santa Barbara,83,443738,2240,1722,6,1728,12
2020-06-03,Santa Clara,85,1922200,3385,2836,5,2841,144
2020-06-03,Santa Cruz,87,273765,242,217,0,217,2
2020-06-03,Shasta,89,179085,60,40,0,40,4
2020-06-03,Sierra,91,2930,1,1,0,1,0
2020-06-03,Siskiyou,93,43540,13,8,0,8,0
2020-06-03,Solano,95,438530,698,543,2,545,18
2020-06-03,Sonoma,97,501317,688,578,1,579,4
2020-06-03,Stanislaus,99,539301,1063,780,5,785,27
2020-06-03,Sutter,101,95872,57,45,0,45,2
2020-06-03,Tehama,103,63373,14,6,1,7,1
2020-06-03,Trinity,105,12862,2,1,1,2,0
2020-06-03,Tulare,107,460477,2769,2041,4,2045,88
2020-06-03,Tuolumne,109,53932,6,4,1,5,0
2020-06-03,Ventura,111,848112,1698,1202,5,1207,30
2020-06-03,Yolo,113,214977,245,213,0,213,24
2020-06-03,Yuba,115,75493,31,27,0,27,1
2020-06-02,Alameda,1,1643700,4022,3517,3,3520,99
2020-06-02,Alpine,3,1148,2,1,0,1,0
2020-06-02,Amador,5,37829,10,10,0,10,0
2020-06-02,Butte,7,227075,79,51,3,54,1
2020-06-02,Calaveras,9,45235,21,15,0,15,0
2020-06-02,Colusa,11,21464,9,7,0,7,0
2020-06-02,Contra Costa,13,1133247,1778,1505,0,1505,37
2020-06-02,Del Norte,15,27424,45,39,0,39,0
2020-06-02,El Dorado,17,186661,120,88,0,88,0
2020-06-02,Fresno,19,978130,3515,1917,44,1961,34
2020-06-02,Glenn,21,27897,21,16,0,16,0
2020-06-02,Humboldt,23,135768,115,101,0,101,2
2020-06-02,Imperial,25,180216,4307,2459,6,2465,19
2020-06-02,Inyo,27,18085,20,20,0,20,1
2020-06-02,Kern,29,883053,3114,2406,6,2412,41
2020-06-02,Kings,31,150075,1546,720,3,723,5
2020-06-02,Lake,33,64148,32,25,0,25,0
2020-06-02,Lassen,35,31185,7,4,2,6,0
2020-06-02,Los Angeles,37,10098052,65138,57144,22,57166,2430
2020-06-02,Madera,39,155013,288,110,0,110,2
2020-06-02,Marin,41,260295,584,509,2,511,14
2020-06-02,Mariposa,43,17540,16,16,0,16,1
2020-06-02,Mendocino,45,87422,33,29,0,29,0
2020-06-02,Merced,47,269075,441,297,0,297,6
2020-06-02,Modoc,49,8938,1,0,0,0,0
2020-06-02,Mono,51,14174,39,35,0,35,1
2020-06-02,Monterey,53,433212,809,582,1,583,10
2020-06-02,Napa,55,140530,150,116,0,116,3
2020-06-02,Nevada,57,99092,51,41,1,42,1
2020-06-02,Orange,59,3164182,9630,6790,44,6834,142
2020-06-02,Placer,61,380077,322,226,2,228,9
2020-06-02,Plumas,63,18699,4,4,0,4,0
2020-06-02,Riverside,65,2383286,10445,8091,7,8098,330
2020-06-02,Sacramento,67,1510023,1601,1428,2,1430,58
2020-06-02,San Benito,69,59416,105,86,0,86,2
2020-06-02,San Bernardino,71,2135413,6917,5438,2,5440,202
2020-06-02,San Diego,73,3302833,9007,7676,0,7676,276
2020-06-02,San Francisco,75,870044,2784,2554,0,2554,43
2020-06-02,San Joaquin,77,732212,1316,985,4,989,35
2020-06-02,San Luis Obispo,79,281455,345,275,2,277,1
2020-06-02,San Mateo,81,765935,2487,2203,3,2206,71
2020-06-02,Santa Barbara,83,443738,2195,1703,6,1709,12
2020-06-02,Santa Clara,85,1922200,3335,2819,5,2824,144
2020-06-02,Santa Cruz,87,273765,237,215,0,215,2
2020-06-02,Shasta,89,179085,59,38,0,38,4
2020-06-02,Sierra,91,2930,1,1,0,1,0
2020-06-02,Siskiyou,93,43540,12,8,0,8,0
2020-06-02,Solano,95,438530,683,537,1,538,18
2020-06-02,Sonoma,97,501317,677,571,1,572,4
2020-06-02,Stanislaus,99,539301,1004,772,5,777,27
2020-06-02,Sutter,101,95872,54,43,0,43,2
2020-06-02,Tehama,103,63373,14,6,1,7,1
2020-06-02,Trinity,105,12862,2,1,1,2,0
2020-06-02,Tulare,107,460477,2689,2012,4,2016,86
2020-06-02,Tuolumne,109,53932,6,4,1,5,0
2020-06-02,Ventura,111,848112,1648,1178,5,1183,30
2020-06-02,Yolo,113,214977,243,213,0,213,24
2020-06-02,Yuba,115,75493,31,27,0,27,1
2020-06-01,Alameda,1,1643700,3957,3460,3,3463,98
2020-06-01,Alpine,3,1148,2,1,0,1,0
2020-06-01,Amador,5,37829,10,10,0,10,0
2020-06-01,Butte,7,227075,78,50,2,52,1
2020-06-01,Calaveras,9,45235,21,15,0,15,0
2020-06-01,Colusa,11,21464,9,7,0,7,0
2020-06-01,Contra Costa,13,1133247,1742,1486,0,1486,37
2020-06-01,Del Norte,15,27424,45,38,0,38,0
2020-06-01,El Dorado,17,186661,118,88,0,88,0
2020-06-01,Fresno,19,978130,3420,1854,42,1896,33
2020-06-01,Glenn,21,27897,21,16,0,16,0
2020-06-01,Humboldt,23,135768,115,98,0,98,2
2020-06-01,Imperial,25,180216,4084,2366,6,2372,14
2020-06-01,Inyo,27,18085,20,20,0,20,1
2020-06-01,Kern,29,883053,3031,2366,6,2372,38
2020-06-01,Kings,31,150075,1278,703,3,706,4
2020-06-01,Lake,33,64148,32,22,0,22,0
2020-06-01,Lassen,35,31185,7,4,2,6,0
2020-06-01,Los Angeles,37,10098052,63673,55899,22,55921,2367
2020-06-01,Madera,39,155013,276,103,0,103,2
2020-06-01,Marin,41,260295,543,495,2,497,14
2020-06-01,Mariposa,43,17540,16,16,0,16,1
2020-06-01,Mendocino,45,87422,33,28,0,28,0
2020-06-01,Merced,47,269075,422,289,0,289,6
2020-06-01,Modoc,49,8938,1,0,0,0,0
2020-06-01,Mono,51,14174,39,35,0,35,1
2020-06-01,Monterey,53,433212,784,554,1,555,10
2020-06-01,Napa,55,140530,147,114,0,114,3
2020-06-01,Nevada,57,99092,51,41,1,42,1
2020-06-01,Orange,59,3164182,9434,6640,43,6683,135
2020-06-01,Placer,61,380077,310,218,2,220,9
2020-06-01,Plumas,63,18699,4,4,0,4,0
2020-06-01,Riverside,65,2383286,9994,7921,7,7928,322
2020-06-01,Sacramento,67,1510023,1562,1415,2,1417,58
2020-06-01,San Benito,69,59416,102,86,0,86,2
2020-06-01,San Bernardino,71,2135413,6711,5310,2,5312,202
2020-06-01,San Diego,73,3302833,8827,7556,0,7556,269
2020-06-01,San Francisco,75,870044,2747,2546,0,2546,43
2020-06-01,San Joaquin,77,732212,1251,957,4,961,35
2020-06-01,San Luis Obispo,79,281455,341,275,2,277,1
2020-06-01,San Mateo,81,765935,2457,2190,3,2193,71
2020-06-01,Santa Barbara,83,443738,2154,1671,5,1676,10
2020-06-01,Santa Clara,85,1922200,3296,2797,4,2801,142
2020-06-01,Santa Cruz,87,273765,233,215,0,215,2
2020-06-01,Shasta,89,179085,59,38,0,38,4
2020-06-01,Sierra,91,2930,1,1,0,1,0
2020-06-01,Siskiyou,93,43540,12,7,0,7,0
2020-06-01,Solano,95,438530,659,529,1,530,17
2020-06-01,Sonoma,97,501317,661,565,1,566,4
2020-06-01,Stanislaus,99,539301,967,758,5,763,27
2020-06-01,Sutter,101,95872,49,43,0,43,2
2020-06-01,Tehama,103,63373,11,5,1,6,1
2020-06-01,Trinity,105,12862,1,1,1,2,0
2020-06-01,Tulare,107,460477,2575,1976,4,1980,84
2020-06-01,Tuolumne,109,53932,5,4,1,5,0
2020-06-01,Ventura,111,848112,1598,1163,5,1168,29
2020-06-01,Yolo,113,214977,240,212,0,212,24
2020-06-01,Yuba,115,75493,30,26,0,26,1
2020-05-31,Alameda,1,1643700,3851,3362,3,3365,98
2020-05-31,Alpine,3,1148,2,1,0,1,0
2020-05-31,Amador,5,37829,10,10,0,10,0
2020-05-31,Butte,7,227075,76,51,2,53,0
2020-05-31,Calaveras,9,45235,18,15,0,15,0
2020-05-31,Colusa,11,21464,9,5,0,5,0
2020-05-31,Contra Costa,13,1133247,1708,1458,0,1458,37
2020-05-31,Del Norte,15,27424,45,37,0,37,0
2020-05-31,El Dorado,17,186661,114,88,0,88,0
2020-05-31,Fresno,19,978130,3260,1780,40,1820,31
2020-05-31,Glenn,21,27897,20,16,0,16,0
2020-05-31,Humboldt,23,135768,113,98,0,98,2
2020-05-31,Imperial,25,180216,3817,2197,6,2203,14
2020-05-31,Inyo,27,18085,20,20,0,20,1
2020-05-31,Kern,29,883053,2896,2300,6,2306,38
2020-05-31,Kings,31,150075,1241,703,3,706,3
2020-05-31,Lake,33,64148,32,19,0,19,0
2020-05-31,Lassen,35,31185,7,4,2,6,0
2020-05-31,Los Angeles,37,10098052,62384,54925,22,54947,2344
2020-05-31,Madera,39,155013,258,101,0,101,2
2020-05-31,Marin,41,260295,533,486,2,488,14
2020-05-31,Mariposa,43,17540,16,16,0,16,1
2020-05-31,Mendocino,45,87422,33,24,0,24,0
2020-05-31,Merced,47,269075,395,288,0,288,6
2020-05-31,Modoc,49,8938,0,0,0,0,0
2020-05-31,Mono,51,14174,39,34,0,34,1
2020-05-31,Monterey,53,433212,711,545,1,546,10
2020-05-31,Napa,55,140530,145,114,0,114,3
2020-05-31,Nevada,57,99092,50,41,1,42,1
2020-05-31,Orange,59,3164182,9223,6532,42,6574,135
2020-05-31,Placer,61,380077,287,215,2,217,9
2020-05-31,Plumas,63,18699,4,4,0,4,0
2020-05-31,Riverside,65,2383286,9738,7704,7,7711,321
2020-05-31,Sacramento,67,1510023,1531,1398,2,1400,57
2020-05-31,San Benito,69,59416,96,85,0,85,2
2020-05-31,San Bernardino,71,2135413,6443,5185,2,5187,198
2020-05-31,San Diego,73,3302833,8633,7483,0,7483,269
2020-05-31,San Francisco,75,870044,2711,2501,0,2501,43
2020-05-31,San Joaquin,77,732212,1186,888,4,892,34
2020-05-31,San Luis Obispo,79,281455,331,271,2,273,1
2020-05-31,San Mateo,81,765935,2411,2169,3,2172,71
2020-05-31,Santa Barbara,83,443738,2098,1662,5,1667,9
2020-05-31,Santa Clara,85,1922200,3252,2785,4,2789,142
2020-05-31,Santa Cruz,87,273765,230,210,0,210,2
2020-05-31,Shasta,89,179085,57,38,0,38,4
2020-05-31,Sierra,91,2930,1,1,0,1,0
2020-05-31,Siskiyou,93,43540,11,7,0,7,0
2020-05-31,Solano,95,438530,633,512,1,513,6
2020-05-31,Sonoma,97,501317,641,555,1,556,4
2020-05-31,Stanislaus,99,539301,913,738,5,743,27
2020-05-31,Sutter,101,95872,47,42,0,42,2
2020-05-31,Tehama,103,63373,10,4,1,5,1
2020-05-31,Trinity,105,12862,1,1,1,2,0
2020-05-31,Tulare,107,460477,2503,1884,4,1888,82
2020-05-31,Tuolumne,109,53932,5,4,1,5,0
2020-05-31,Ventura,111,848112,1543,1151,5,1156,30
2020-05-31,Yolo,113,214977,234,211,0,211,24
2020-05-31,Yuba,115,75493,30,26,0,26,1
2020-05-30,Alameda,1,1643700,3825,3304,3,3307,96
2020-05-30,Alpine,3,1148,2,1,0,1,0
2020-05-30,Amador,5,37829,10,10,0,10,0
2020-05-30,Butte,7,227075,75,44,2,46,0
2020-05-30,Calaveras,9,45235,17,15,0,15,0
2020-05-30,Colusa,11,21464,8,5,0,5,0
2020-05-30,Contra Costa,13,1133247,1693,1429,0,1429,37
2020-05-30,Del Norte,15,27424,45,37,0,37,0
2020-05-30,El Dorado,17,186661,113,86,0,86,0
2020-05-30,Fresno,19,978130,3199,1744,39,1783,31
2020-05-30,Glenn,21,27897,19,16,0,16,0
2020-05-30,Humboldt,23,135768,112,98,0,98,2
2020-05-30,Imperial,25,180216,3727,2091,6,2097,14
2020-05-30,Inyo,27,18085,20,20,0,20,1
2020-05-30,Kern,29,883053,2827,2217,6,2223,38
2020-05-30,Kings,31,150075,1227,703,3,706,3
2020-05-30,Lake,33,64148,31,18,0,18,0
2020-05-30,Lassen,35,31185,7,4,2,6,0
2020-05-30,Los Angeles,37,10098052,61848,53627,22,53649,2319
2020-05-30,Madera,39,155013,253,101,0,101,2
2020-05-30,Marin,41,260295,533,462,2,464,14
2020-05-30,Mariposa,43,17540,16,16,0,16,1
2020-05-30,Mendocino,45,87422,33,24,0,24,0
2020-05-30,Merced,47,269075,394,285,0,285,6
2020-05-30,Modoc,49,8938,0,0,0,0,0
2020-05-30,Mono,51,14174,39,34,0,34,1
2020-05-30,Monterey,53,433212,695,520,1,521,10
2020-05-30,Napa,55,140530,143,113,0,113,3
2020-05-30,Nevada,57,99092,50,41,1,42,1
2020-05-30,Orange,59,3164182,9068,6354,42,6396,134
2020-05-30,Placer,61,380077,279,199,1,200,9
2020-05-30,Plumas,63,18699,4,4,0,4,0
2020-05-30,Riverside,65,2383286,9594,7492,7,7499,316
2020-05-30,Sacramento,67,1510023,1520,1384,2,1386,57
2020-05-30,San Benito,69,59416,95,85,0,85,2
2020-05-30,San Bernardino,71,2135413,6334,5122,2,5124,198
2020-05-30,San Diego,73,3302833,8540,7387,0,7387,269
2020-05-30,San Francisco,75,870044,2686,2496,0,2496,41
2020-05-30,San Joaquin,77,732212,1148,888,4,892,34
2020-05-30,San Luis Obispo,79,281455,326,270,2,272,1
2020-05-30,San Mateo,81,765935,2387,2129,3,2132,71
2020-05-30,Santa Barbara,83,443738,2071,1660,5,1665,9
2020-05-30,Santa Clara,85,1922200,3236,2741,4,2745,141
2020-05-30,Santa Cruz,87,273765,230,206,0,206,2
2020-05-30,Shasta,89,179085,57,36,0,36,4
2020-05-30,Sierra,91,2930,1,1,0,1,0
2020-05-30,Siskiyou,93,43540,10,7,0,7,0
2020-05-30,Solano,95,438530,626,512,1,513,6
2020-05-30,Sonoma,97,501317,631,551,1,552,4
2020-05-30,Stanislaus,99,539301,896,712,5,717,27
2020-05-30,Sutter,101,95872,46,40,0,40,2
2020-05-30,Tehama,103,63373,10,4,1,5,1
2020-05-30,Trinity,105,12862,1,1,1,2,0
2020-05-30,Tulare,107,460477,2466,1879,4,1883,81
2020-05-30,Tuolumne,109,53932,5,4,1,5,0
2020-05-30,Ventura,111,848112,1526,1116,5,1121,30
2020-05-30,Yolo,113,214977,230,210,0,210,24
2020-05-30,Yuba,115,75493,30,25,0,25,1
2020-05-29,Alameda,1,1643700,3790,3209,3,3212,96
2020-05-29,Alpine,3,1148,2,1,0,1,0
2020-05-29,Amador,5,37829,10,10,0,10,0
2020-05-29,Butte,7,227075,71,41,2,43,0
2020-05-29,Calaveras,9,45235,17,15,0,15,0
2020-05-29,Colusa,11,21464,8,5,0,5,0
2020-05-29,Contra Costa,13,1133247,1677,1411,0,1411,37
2020-05-29,Del Norte,15,27424,45,37,0,37,0
2020-05-29,El Dorado,17,186661,112,85,0,85,0
2020-05-29,Fresno,19,978130,3151,1687,39,1726,31
2020-05-29,Glenn,21,27897,19,14,0,14,0
2020-05-29,Humboldt,23,135768,111,98,0,98,2
2020-05-29,Imperial,25,180216,3609,1607,6,1613,14
2020-05-29,Inyo,27,18085,20,20,0,20,1
2020-05-29,Kern,29,883053,2769,2128,6,2134,36
2020-05-29,Kings,31,150075,1216,693,3,696,3
2020-05-29,Lake,33,64148,30,17,0,17,0
2020-05-29,Lassen,35,31185,7,0,2,2,0
2020-05-29,Los Angeles,37,10098052,60892,51578,22,51600,2273
2020-05-29,Madera,39,155013,238,98,0,98,2
2020-05-29,Marin,41,260295,525,448,2,450,14
2020-05-29,Mariposa,43,17540,16,16,0,16,1
2020-05-29,Mendocino,45,87422,31,25,0,25,0
2020-05-29,Merced,47,269075,389,285,0,285,7
2020-05-29,Modoc,49,8938,0,0,0,0,0
2020-05-29,Mono,51,14174,38,34,0,34,1
2020-05-29,Monterey,53,433212,665,479,1,480,10
2020-05-29,Napa,55,140530,140,113,0,113,3
2020-05-29,Nevada,57,99092,50,41,1,42,1
2020-05-29,Orange,59,3164182,8873,6176,40,6216,133
2020-05-29,Placer,61,380077,261,199,1,200,9
2020-05-29,Plumas,63,18699,4,4,0,4,0
2020-05-29,Riverside,65,2383286,9408,7376,7,7383,313
2020-05-29,Sacramento,67,1510023,1497,1360,2,1362,57
2020-05-29,San Benito,69,59416,95,84,0,84,2
2020-05-29,San Bernardino,71,2135413,6227,4983,2,4985,196
2020-05-29,San Diego,73,3302833,8417,7242,0,7242,266
2020-05-29,San Francisco,75,870044,2662,2453,0,2453,41
2020-05-29,San Joaquin,77,732212,1111,855,4,859,34
2020-05-29,San Luis Obispo,79,281455,322,270,2,272,1
2020-05-29,San Mateo,81,765935,2371,2103,3,2106,71
2020-05-29,Santa Barbara,83,443738,2039,1656,5,1661,9
2020-05-29,Santa Clara,85,1922200,3208,2707,4,2711,141
2020-05-29,Santa Cruz,87,273765,227,203,0,203,2
2020-05-29,Shasta,89,179085,57,36,0,36,4
2020-05-29,Sierra,91,2930,1,1,0,1,0
2020-05-29,Siskiyou,93,43540,10,7,0,7,0
2020-05-29,Solano,95,438530,618,498,1,499,6
2020-05-29,Sonoma,97,501317,620,537,1,538,4
2020-05-29,Stanislaus,99,539301,866,698,5,703,27
2020-05-29,Sutter,101,95872,44,40,0,40,2
2020-05-29,Tehama,103,63373,9,4,1,5,1
2020-05-29,Trinity,105,12862,1,1,1,2,0
2020-05-29,Tulare,107,460477,2428,1852,4,1856,80
2020-05-29,Tuolumne,109,53932,5,4,1,5,0
2020-05-29,Ventura,111,848112,1503,1093,5,1098,29
2020-05-29,Yolo,113,214977,226,211,0,211,24
2020-05-29,Yuba,115,75493,29,25,0,25,1
2020-05-28,Alameda,1,1643700,3691,3083,3,3086,94
2020-05-28,Alpine,3,1148,2,1,0,1,0
2020-05-28,Amador,5,37829,10,10,0,10,0
2020-05-28,Butte,7,227075,70,40,2,42,0
2020-05-28,Calaveras,9,45235,16,15,0,15,0
2020-05-28,Colusa,11,21464,8,5,0,5,0
2020-05-28,Contra Costa,13,1133247,1638,1392,0,1392,37
2020-05-28,Del Norte,15,27424,45,37,0,37,0
2020-05-28,El Dorado,17,186661,109,82,0,82,0
2020-05-28,Fresno,19,978130,3071,1653,38,1691,31
2020-05-28,Glenn,21,27897,18,14,0,14,0
2020-05-28,Humboldt,23,135768,110,97,0,97,2
2020-05-28,Imperial,25,180216,3414,1430,6,1436,14
2020-05-28,Inyo,27,18085,20,20,0,20,1
2020-05-28,Kern,29,883053,2691,2069,6,2075,36
2020-05-28,Kings,31,150075,879,626,3,629,3
2020-05-28,Lake,33,64148,29,17,0,17,0
2020-05-28,Lassen,35,31185,7,0,2,2,0
2020-05-28,Los Angeles,37,10098052,59314,49861,22,49883,2222
2020-05-28,Madera,39,155013,220,93,0,93,2
2020-05-28,Marin,41,260295,500,443,2,445,14
2020-05-28,Mariposa,43,17540,16,16,0,16,1
2020-05-28,Mendocino,45,87422,29,24,0,24,0
2020-05-28,Merced,47,269075,380,283,0,283,7
2020-05-28,Modoc,49,8938,0,0,0,0,0
2020-05-28,Mono,51,14174,38,34,0,34,1
2020-05-28,Monterey,53,433212,633,471,1,472,10
2020-05-28,Napa,55,140530,137,113,0,113,3
2020-05-28,Nevada,57,99092,45,41,1,42,1
2020-05-28,Orange,59,3164182,8677,6045,40,6085,130
2020-05-28,Placer,61,380077,254,196,1,197,9
2020-05-28,Plumas,63,18699,4,4,0,4,0
2020-05-28,Riverside,65,2383286,9006,7240,7,7247,304
2020-05-28,Sacramento,67,1510023,1477,1339,2,1341,57
2020-05-28,San Benito,69,59416,94,82,0,82,2
2020-05-28,San Bernardino,71,2135413,6062,4831,2,4833,191
2020-05-28,San Diego,73,3302833,8260,7102,0,7102,260
2020-05-28,San Francisco,75,870044,2628,2417,0,2417,40
2020-05-28,San Joaquin,77,732212,1076,840,4,844,34
2020-05-28,San Luis Obispo,79,281455,319,267,2,269,1
2020-05-28,San Mateo,81,765935,2344,2070,3,2073,71
2020-05-28,Santa Barbara,83,443738,1992,1642,4,1646,9
2020-05-28,Santa Clara,85,1922200,3169,2698,4,2702,140
2020-05-28,Santa Cruz,87,273765,226,201,0,201,2
2020-05-28,Shasta,89,179085,55,36,0,36,4
2020-05-28,Sierra,91,2930,1,1,0,1,0
2020-05-28,Siskiyou,93,43540,8,6,0,6,0
2020-05-28,Solano,95,438530,601,489,1,490,6
2020-05-28,Sonoma,97,501317,598,529,1,530,4
2020-05-28,Stanislaus,99,539301,825,684,5,689,27
2020-05-28,Sutter,101,95872,44,40,0,40,2
2020-05-28,Tehama,103,63373,9,4,1,5,1
2020-05-28,Trinity,105,12862,1,1,1,2,0
2020-05-28,Tulare,107,460477,2392,1832,4,1836,79
2020-05-28,Tuolumne,109,53932,5,4,1,5,0
2020-05-28,Ventura,111,848112,1473,1083,5,1088,29
2020-05-28,Yolo,113,214977,223,206,0,206,22
2020-05-28,Yuba,115,75493,28,24,0,24,1
2020-05-27,Alameda,1,1643700,3609,3037,3,3040,94
2020-05-27,Alpine,3,1148,2,1,0,1,0
2020-05-27,Amador,5,37829,10,10,0,10,0
2020-05-27,Butte,7,227075,67,40,1,41,0
2020-05-27,Calaveras,9,45235,15,15,0,15,0
2020-05-27,Colusa,11,21464,8,5,0,5,0
2020-05-27,Contra Costa,13,1133247,1598,1373,0,1373,37
2020-05-27,Del Norte,15,27424,45,34,0,34,0
2020-05-27,El Dorado,17,186661,108,82,0,82,0
2020-05-27,Fresno,19,978130,2984,1620,38,1658,27
2020-05-27,Glenn,21,27897,18,14,0,14,0
2020-05-27,Humboldt,23,135768,110,86,0,86,2
2020-05-27,Imperial,25,180216,3234,1369,6,1375,14
2020-05-27,Inyo,27,18085,20,20,0,20,1
2020-05-27,Kern,29,883053,2626,1999,6,2005,37
2020-05-27,Kings,31,150075,852,586,3,589,3
2020-05-27,Lake,33,64148,29,13,0,13,0
2020-05-27,Lassen,35,31185,7,0,2,2,0
2020-05-27,Los Angeles,37,10098052,57936,48711,22,48733,2177
2020-05-27,Madera,39,155013,211,91,0,91,2
2020-05-27,Marin,41,260295,471,439,2,441,14
2020-05-27,Mariposa,43,17540,16,16,0,16,1
2020-05-27,Mendocino,45,87422,28,21,0,21,0
2020-05-27,Merced,47,269075,376,278,0,278,7
2020-05-27,Modoc,49,8938,0,0,0,0,0
2020-05-27,Mono,51,14174,38,34,0,34,1
2020-05-27,Monterey,53,433212,593,443,1,444,8
2020-05-27,Napa,55,140530,132,112,0,112,3
2020-05-27,Nevada,57,99092,44,41,1,42,1
2020-05-27,Orange,59,3164182,8521,5849,40,5889,121
2020-05-27,Placer,61,380077,235,196,1,197,9
2020-05-27,Plumas,63,18699,4,4,0,4,0
2020-05-27,Riverside,65,2383286,8627,7156,7,7163,299
2020-05-27,Sacramento,67,1510023,1449,1318,2,1320,50
2020-05-27,San Benito,69,59416,91,74,0,74,2
2020-05-27,San Bernardino,71,2135413,5878,4708,2,4710,183
2020-05-27,San Diego,73,3302833,8110,6985,0,6985,255
2020-05-27,San Francisco,75,870044,2599,2394,0,2394,40
2020-05-27,San Joaquin,77,732212,1035,825,4,829,34
2020-05-27,San Luis Obispo,79,281455,314,266,2,268,1
2020-05-27,San Mateo,81,765935,2304,2045,3,2048,71
2020-05-27,Santa Barbara,83,443738,1973,1629,4,1633,9
2020-05-27,Santa Clara,85,1922200,3137,2680,4,2684,140
2020-05-27,Santa Cruz,87,273765,222,202,0,202,2
2020-05-27,Shasta,89,179085,52,36,0,36,4
2020-05-27,Sierra,91,2930,1,1,0,1,0
2020-05-27,Siskiyou,93,43540,8,6,0,6,0
2020-05-27,Solano,95,438530,581,477,1,478,5
2020-05-27,Sonoma,97,501317,584,521,1,522,4
2020-05-27,Stanislaus,99,539301,800,675,5,680,27
2020-05-27,Sutter,101,95872,43,40,0,40,2
2020-05-27,Tehama,103,63373,9,3,1,4,1
2020-05-27,Trinity,105,12862,1,1,1,2,0
2020-05-27,Tulare,107,460477,2340,1817,4,1821,77
2020-05-27,Tuolumne,109,53932,5,4,1,5,0
2020-05-27,Ventura,111,848112,1451,1065,5,1070,28
2020-05-27,Yolo,113,214977,222,204,0,204,22
2020-05-27,Yuba,115,75493,28,24,0,24,1
2020-05-26,Alameda,1,1643700,3516,2956,3,2959,92
2020-05-26,Alpine,3,1148,2,1,0,1,0
2020-05-26,Amador,5,37829,10,10,0,10,0
2020-05-26,Butte,7,227075,65,37,1,38,0
2020-05-26,Calaveras,9,45235,15,13,0,13,0
2020-05-26,Colusa,11,21464,8,4,0,4,0
2020-05-26,Contra Costa,13,1133247,1563,1352,0,1352,37
2020-05-26,Del Norte,15,27424,44,30,0,30,0
2020-05-26,El Dorado,17,186661,104,79,0,79,0
2020-05-26,Fresno,19,978130,2899,1496,38,1534,22
2020-05-26,Glenn,21,27897,16,12,0,12,0
2020-05-26,Humboldt,23,135768,108,81,0,81,2
2020-05-26,Imperial,25,180216,3018,1369,6,1375,14
2020-05-26,Inyo,27,18085,20,20,0,20,1
2020-05-26,Kern,29,883053,2548,1890,6,1896,31
2020-05-26,Kings,31,150075,784,449,2,451,2
2020-05-26,Lake,33,64148,27,12,0,12,0
2020-05-26,Lassen,35,31185,6,0,2,2,0
2020-05-26,Los Angeles,37,10098052,56468,47760,22,47782,2121
2020-05-26,Madera,39,155013,195,83,0,83,2
2020-05-26,Marin,41,260295,459,424,2,426,14
2020-05-26,Mariposa,43,17540,16,16,0,16,1
2020-05-26,Mendocino,45,87422,26,20,0,20,0
2020-05-26,Merced,47,269075,362,266,0,266,7
2020-05-26,Modoc,49,8938,0,1,0,1,0
2020-05-26,Mono,51,14174,37,34,0,34,1
2020-05-26,Monterey,53,433212,565,424,0,424,8
2020-05-26,Napa,55,140530,127,109,0,109,3
2020-05-26,Nevada,57,99092,43,41,1,42,1
2020-05-26,Orange,59,3164182,8253,5651,39,5690,115
2020-05-26,Placer,61,380077,230,188,1,189,9
2020-05-26,Plumas,63,18699,4,4,0,4,0
2020-05-26,Riverside,65,2383286,8180,6917,7,6924,284
2020-05-26,Sacramento,67,1510023,1423,1298,2,1300,50
2020-05-26,San Benito,69,59416,86,69,0,69,2
2020-05-26,San Bernardino,71,2135413,5710,4430,2,4432,175
2020-05-26,San Diego,73,3302833,7967,6884,0,6884,249
2020-05-26,San Francisco,75,870044,2566,2363,0,2363,40
2020-05-26,San Joaquin,77,732212,988,760,4,764,33
2020-05-26,San Luis Obispo,79,281455,312,260,2,262,1
2020-05-26,San Mateo,81,765935,2266,1967,2,1969,71
2020-05-26,Santa Barbara,83,443738,1949,1590,4,1594,9
2020-05-26,Santa Clara,85,1922200,3104,2659,4,2663,139
2020-05-26,Santa Cruz,87,273765,220,197,0,197,2
2020-05-26,Shasta,89,179085,52,36,0,36,4
2020-05-26,Sierra,91,2930,1,1,0,1,0
2020-05-26,Siskiyou,93,43540,7,6,0,6,0
2020-05-26,Solano,95,438530,563,470,1,471,5
2020-05-26,Sonoma,97,501317,576,509,0,509,4
2020-05-26,Stanislaus,99,539301,779,663,5,668,27
2020-05-26,Sutter,101,95872,42,39,0,39,2
2020-05-26,Tehama,103,63373,8,2,1,3,1
2020-05-26,Trinity,105,12862,1,1,1,2,0
2020-05-26,Tulare,107,460477,2284,1768,4,1772,76
2020-05-26,Tuolumne,109,53932,5,2,1,3,0
2020-05-26,Ventura,111,848112,1417,1033,3,1036,27
2020-05-26,Yolo,113,214977,216,198,0,198,22
2020-05-26,Yuba,115,75493,27,24,0,24,1
2020-05-25,Alameda,1,1643700,3423,2900,2,2902,92
2020-05-25,Alpine,3,1148,2,1,0,1,0
2020-05-25,Amador,5,37829,10,10,0,10,0
2020-05-25,Butte,7,227075,62,37,1,38,0
2020-05-25,Calaveras,9,45235,15,13,0,13,0
2020-05-25,Colusa,11,21464,7,4,0,4,0
2020-05-25,Contra Costa,13,1133247,1530,1348,0,1348,37
2020-05-25,Del Norte,15,27424,44,20,0,20,0
2020-05-25,El Dorado,17,186661,96,78,0,78,0
2020-05-25,Fresno,19,978130,2796,1496,35,1531,22
2020-05-25,Glenn,21,27897,16,12,0,12,0
2020-05-25,Humboldt,23,135768,107,81,0,81,2
2020-05-25,Imperial,25,180216,2807,1369,6,1375,14
2020-05-25,Inyo,27,18085,19,20,0,20,1
2020-05-25,Kern,29,883053,2477,1890,6,1896,31
2020-05-25,Kings,31,150075,755,447,2,449,2
2020-05-25,Lake,33,64148,25,13,0,13,0
2020-05-25,Lassen,35,31185,6,0,2,2,0
2020-05-25,Los Angeles,37,10098052,54652,45952,22,45974,2094
2020-05-25,Madera,39,155013,183,83,0,83,2
2020-05-25,Marin,41,260295,441,415,2,417,14
2020-05-25,Mariposa,43,17540,16,15,0,15,1
2020-05-25,Mendocino,45,87422,23,19,0,19,0
2020-05-25,Merced,47,269075,355,262,0,262,6
2020-05-25,Modoc,49,8938,0,1,0,1,0
2020-05-25,Mono,51,14174,37,34,0,34,1
2020-05-25,Monterey,53,433212,535,418,0,418,8
2020-05-25,Napa,55,140530,127,107,0,107,3
2020-05-25,Nevada,57,99092,43,41,1,42,1
2020-05-25,Orange,59,3164182,8033,5601,38,5639,115
2020-05-25,Placer,61,380077,227,186,1,187,9
2020-05-25,Plumas,63,18699,4,4,0,4,0
2020-05-25,Riverside,65,2383286,7949,6900,7,6907,284
2020-05-25,Sacramento,67,1510023,1403,1290,1,1291,50
2020-05-25,San Benito,69,59416,85,70,0,70,2
2020-05-25,San Bernardino,71,2135413,5520,4393,2,4395,175
2020-05-25,San Diego,73,3302833,7791,6799,0,6799,249
2020-05-25,San Francisco,75,870044,2529,2358,0,2358,40
2020-05-25,San Joaquin,77,732212,962,760,4,764,33
2020-05-25,San Luis Obispo,79,281455,310,260,2,262,1
2020-05-25,San Mateo,81,765935,2230,1938,2,1940,71
2020-05-25,Santa Barbara,83,443738,1932,1590,4,1594,9
2020-05-25,Santa Clara,85,1922200,3072,2647,4,2651,139
2020-05-25,Santa Cruz,87,273765,218,191,0,191,2
2020-05-25,Shasta,89,179085,51,36,0,36,4
2020-05-25,Sierra,91,2930,1,1,0,1,0
2020-05-25,Siskiyou,93,43540,7,6,0,6,0
2020-05-25,Solano,95,438530,549,437,1,438,5
2020-05-25,Sonoma,97,501317,564,496,0,496,4
2020-05-25,Stanislaus,99,539301,749,651,5,656,27
2020-05-25,Sutter,101,95872,42,38,0,38,2
2020-05-25,Tehama,103,63373,7,2,1,3,1
2020-05-25,Trinity,105,12862,1,1,1,2,0
2020-05-25,Tulare,107,460477,2221,1747,4,1751,76
2020-05-25,Tuolumne,109,53932,5,2,1,3,0
2020-05-25,Ventura,111,848112,1377,1020,3,1023,27
2020-05-25,Yolo,113,214977,214,197,0,197,22
2020-05-25,Yuba,115,75493,26,24,0,24,1
2020-05-24,Alameda,1,1643700,3350,2830,2,2832,92
2020-05-24,Alpine,3,1148,2,1,0,1,0
2020-05-24,Amador,5,37829,10,9,0,9,0
2020-05-24,Butte,7,227075,60,35,1,36,0
2020-05-24,Calaveras,9,45235,15,13,0,13,0
2020-05-24,Colusa,11,21464,7,4,0,4,0
2020-05-24,Contra Costa,13,1133247,1502,1325,0,1325,37
2020-05-24,Del Norte,15,27424,43,16,0,16,0
2020-05-24,El Dorado,17,186661,95,76,0,76,0
2020-05-24,Fresno,19,978130,2730,1455,33,1488,22
2020-05-24,Glenn,21,27897,15,12,0,12,0
2020-05-24,Humboldt,23,135768,107,81,0,81,2
2020-05-24,Imperial,25,180216,2681,1369,6,1375,14
2020-05-24,Inyo,27,18085,19,20,0,20,1
2020-05-24,Kern,29,883053,2404,1861,5,1866,31
2020-05-24,Kings,31,150075,744,446,2,448,2
2020-05-24,Lake,33,64148,24,12,0,12,0
2020-05-24,Lassen,35,31185,5,0,2,2,0
2020-05-24,Los Angeles,37,10098052,53638,44954,22,44976,2085
2020-05-24,Madera,39,155013,178,83,0,83,2
2020-05-24,Marin,41,260295,439,401,2,403,14
2020-05-24,Mariposa,43,17540,16,15,0,15,1
2020-05-24,Mendocino,45,87422,22,19,0,19,0
2020-05-24,Merced,47,269075,354,258,0,258,6
2020-05-24,Modoc,49,8938,0,0,0,0,0
2020-05-24,Mono,51,14174,37,34,0,34,1
2020-05-24,Monterey,53,433212,507,405,0,405,8
2020-05-24,Napa,55,140530,125,104,0,104,3
2020-05-24,Nevada,57,99092,43,41,1,42,1
2020-05-24,Orange,59,3164182,7878,5439,37,5476,113
2020-05-24,Placer,61,380077,219,184,1,185,9
2020-05-24,Plumas,63,18699,4,4,0,4,0
2020-05-24,Riverside,65,2383286,7808,6571,7,6578,284
2020-05-24,Sacramento,67,1510023,1386,1283,1,1284,50
2020-05-24,San Benito,69,59416,84,67,0,67,2
2020-05-24,San Bernardino,71,2135413,5412,4262,2,4264,175
2020-05-24,San Diego,73,3302833,7648,6703,0,6703,249
2020-05-24,San Francisco,75,870044,2505,2318,0,2318,40
2020-05-24,San Joaquin,77,732212,943,760,4,764,33
2020-05-24,San Luis Obispo,79,281455,308,257,2,259,1
2020-05-24,San Mateo,81,765935,2195,1925,2,1927,71
2020-05-24,Santa Barbara,83,443738,1916,1573,4,1577,9
2020-05-24,Santa Clara,85,1922200,3052,2623,4,2627,139
2020-05-24,Santa Cruz,87,273765,215,185,0,185,2
2020-05-24,Shasta,89,179085,50,36,0,36,4
2020-05-24,Sierra,91,2930,1,1,0,1,0
2020-05-24,Siskiyou,93,43540,6,6,0,6,0
2020-05-24,Solano,95,438530,541,436,0,436,5
2020-05-24,Sonoma,97,501317,553,485,0,485,4
2020-05-24,Stanislaus,99,539301,729,634,5,639,27
2020-05-24,Sutter,101,95872,42,38,0,38,2
2020-05-24,Tehama,103,63373,5,2,1,3,1
2020-05-24,Trinity,105,12862,1,1,1,2,0
2020-05-24,Tulare,107,460477,2175,1684,4,1688,74
2020-05-24,Tuolumne,109,53932,5,2,0,2,0
2020-05-24,Ventura,111,848112,1365,982,3,985,27
2020-05-24,Yolo,113,214977,212,192,0,192,22
2020-05-24,Yuba,115,75493,26,24,0,24,1
2020-05-23,Alameda,1,1643700,3309,2783,2,2785,91
2020-05-23,Alpine,3,1148,2,1,0,1,0
2020-05-23,Amador,5,37829,10,9,0,9,0
2020-05-23,Butte,7,227075,59,34,1,35,0
2020-05-23,Calaveras,9,45235,15,13,0,13,0
2020-05-23,Colusa,11,21464,7,4,0,4,0
2020-05-23,Contra Costa,13,1133247,1491,1302,0,1302,36
2020-05-23,Del Norte,15,27424,43,10,0,10,0
2020-05-23,El Dorado,17,186661,95,74,0,74,0
2020-05-23,Fresno,19,978130,2710,1447,33,1480,21
2020-05-23,Glenn,21,27897,15,12,0,12,0
2020-05-23,Humboldt,23,135768,105,80,0,80,2
2020-05-23,Imperial,25,180216,2593,1283,6,1289,14
2020-05-23,Inyo,27,18085,19,20,0,20,1
2020-05-23,Kern,29,883053,2361,1806,5,1811,31
2020-05-23,Kings,31,150075,740,444,2,446,2
2020-05-23,Lake,33,64148,23,10,0,10,0
2020-05-23,Lassen,35,31185,5,0,2,2,0
2020-05-23,Los Angeles,37,10098052,53097,44029,22,44051,2069
2020-05-23,Madera,39,155013,174,83,0,83,2
2020-05-23,Marin,41,260295,439,393,1,394,14
2020-05-23,Mariposa,43,17540,16,15,0,15,1
2020-05-23,Mendocino,45,87422,22,13,0,13,0
2020-05-23,Merced,47,269075,351,247,0,247,6
2020-05-23,Modoc,49,8938,0,0,0,0,0
2020-05-23,Mono,51,14174,36,34,0,34,1
2020-05-23,Monterey,53,433212,493,397,0,397,8
2020-05-23,Napa,55,140530,121,101,0,101,3
2020-05-23,Nevada,57,99092,43,41,1,42,1
2020-05-23,Orange,59,3164182,7720,5313,36,5349,113
2020-05-23,Placer,61,380077,213,184,1,185,9
2020-05-23,Plumas,63,18699,4,4,0,4,0
2020-05-23,Riverside,65,2383286,7717,6460,7,6467,284
2020-05-23,Sacramento,67,1510023,1370,1275,1,1276,50
2020-05-23,San Benito,69,59416,79,67,0,67,2
2020-05-23,San Bernardino,71,2135413,5319,4172,2,4174,175
2020-05-23,San Diego,73,3302833,7557,6561,0,6561,249
2020-05-23,San Francisco,75,870044,2486,2312,0,2312,40
2020-05-23,San Joaquin,77,732212,928,759,4,763,33
2020-05-23,San Luis Obispo,79,281455,305,256,2,258,1
2020-05-23,San Mateo,81,765935,2167,1862,2,1864,71
2020-05-23,Santa Barbara,83,443738,1905,1566,4,1570,9
2020-05-23,Santa Clara,85,1922200,3039,2593,4,2597,139
2020-05-23,Santa Cruz,87,273765,213,177,0,177,2
2020-05-23,Shasta,89,179085,50,35,0,35,4
2020-05-23,Sierra,91,2930,1,1,0,1,0
2020-05-23,Siskiyou,93,43540,6,6,0,6,0
2020-05-23,Solano,95,438530,536,435,0,435,5
2020-05-23,Sonoma,97,501317,539,462,0,462,4
2020-05-23,Stanislaus,99,539301,721,625,5,630,27
2020-05-23,Sutter,101,95872,41,38,0,38,2
2020-05-23,Tehama,103,63373,5,2,1,3,1
2020-05-23,Trinity,105,12862,1,1,1,2,0
2020-05-23,Tulare,107,460477,2154,1682,4,1686,73
2020-05-23,Tuolumne,109,53932,5,2,0,2,0
2020-05-23,Ventura,111,848112,1345,961,3,964,27
2020-05-23,Yolo,113,214977,211,188,0,188,22
2020-05-23,Yuba,115,75493,26,24,0,24,1
2020-05-22,Alameda,1,1643700,3255,2722,2,2724,91
2020-05-22,Alpine,3,1148,2,1,0,1,0
2020-05-22,Amador,5,37829,10,9,0,9,0
2020-05-22,Butte,7,227075,57,34,1,35,0
2020-05-22,Calaveras,9,45235,15,13,0,13,0
2020-05-22,Colusa,11,21464,7,4,0,4,0
2020-05-22,Contra Costa,13,1133247,1479,1272,0,1272,36
2020-05-22,Del Norte,15,27424,41,9,0,9,0
2020-05-22,El Dorado,17,186661,92,74,0,74,0
2020-05-22,Fresno,19,978130,2651,1399,32,1431,20
2020-05-22,Glenn,21,27897,15,12,0,12,0
2020-05-22,Humboldt,23,135768,105,80,0,80,2
2020-05-22,Imperial,25,180216,2493,1214,6,1220,14
2020-05-22,Inyo,27,18085,19,20,0,20,1
2020-05-22,Kern,29,883053,2313,1749,5,1754,28
2020-05-22,Kings,31,150075,737,428,2,430,2
2020-05-22,Lake,33,64148,22,10,0,10,0
2020-05-22,Lassen,35,31185,3,0,2,2,0
2020-05-22,Los Angeles,37,10098052,52304,43025,22,43047,2027
2020-05-22,Madera,39,155013,170,82,0,82,2
2020-05-22,Marin,41,260295,435,372,1,373,14
2020-05-22,Mariposa,43,17540,16,15,0,15,1
2020-05-22,Mendocino,45,87422,21,13,0,13,0
2020-05-22,Merced,47,269075,351,233,0,233,6
2020-05-22,Modoc,49,8938,0,0,0,0,0
2020-05-22,Mono,51,14174,36,34,0,34,1
2020-05-22,Monterey,53,433212,482,372,0,372,8
2020-05-22,Napa,55,140530,119,97,0,97,3
2020-05-22,Nevada,57,99092,42,41,1,42,1
2020-05-22,Orange,59,3164182,7526,5144,34,5178,113
2020-05-22,Placer,61,380077,213,181,1,182,9
2020-05-22,Plumas,63,18699,4,4,0,4,0
2020-05-22,Riverside,65,2383286,7602,6351,7,6358,283
2020-05-22,Sacramento,67,1510023,1354,1262,1,1263,50
2020-05-22,San Benito,69,59416,78,64,0,64,2
2020-05-22,San Bernardino,71,2135413,5244,4107,2,4109,173
2020-05-22,San Diego,73,3302833,7471,6436,0,6436,242
2020-05-22,San Francisco,75,870044,2468,2251,0,2251,40
2020-05-22,San Joaquin,77,732212,915,747,4,751,33
2020-05-22,San Luis Obispo,79,281455,305,254,2,256,1
2020-05-22,San Mateo,81,765935,2148,1847,2,1849,71
2020-05-22,Santa Barbara,83,443738,1889,1554,4,1558,9
2020-05-22,Santa Clara,85,1922200,3021,2537,4,2541,139
2020-05-22,Santa Cruz,87,273765,210,171,0,171,2
2020-05-22,Shasta,89,179085,50,34,0,34,4
2020-05-22,Sierra,91,2930,1,0,0,0,0
2020-05-22,Siskiyou,93,43540,6,6,0,6,0
2020-05-22,Solano,95,438530,533,431,0,431,4
2020-05-22,Sonoma,97,501317,535,444,0,444,4
2020-05-22,Stanislaus,99,539301,711,616,5,621,27
2020-05-22,Sutter,101,95872,41,38,0,38,2
2020-05-22,Tehama,103,63373,5,2,0,2,1
2020-05-22,Trinity,105,12862,1,1,1,2,0
2020-05-22,Tulare,107,460477,2124,1662,4,1666,73
2020-05-22,Tuolumne,109,53932,5,2,0,2,0
2020-05-22,Ventura,111,848112,1327,937,3,940,27
2020-05-22,Yolo,113,214977,209,187,0,187,22
2020-05-22,Yuba,115,75493,26,24,0,24,1
2020-05-21,Alameda,1,1643700,3190,2606,2,2608,89
2020-05-21,Alpine,3,1148,2,1,0,1,0
2020-05-21,Amador,5,37829,10,9,0,9,0
2020-05-21,Butte,7,227075,56,31,1,32,0
2020-05-21,Calaveras,9,45235,14,13,0,13,0
2020-05-21,Colusa,11,21464,7,4,0,4,0
2020-05-21,Contra Costa,13,1133247,1443,1243,0,1243,36
2020-05-21,Del Norte,15,27424,38,9,0,9,0
2020-05-21,El Dorado,17,186661,91,67,0,67,0
2020-05-21,Fresno,19,978130,2561,1362,32,1394,20
2020-05-21,Glenn,21,27897,14,12,0,12,0
2020-05-21,Humboldt,23,135768,104,79,0,79,0
2020-05-21,Imperial,25,180216,2331,1096,6,1102,14
2020-05-21,Inyo,27,18085,19,20,0,20,1
2020-05-21,Kern,29,883053,2237,1684,4,1688,27
2020-05-21,Kings,31,150075,716,417,2,419,2
2020-05-21,Lake,33,64148,17,10,0,10,0
2020-05-21,Lassen,35,31185,3,0,2,2,0
2020-05-21,Los Angeles,37,10098052,51265,42063,22,42085,1996
2020-05-21,Madera,39,155013,167,82,0,82,2
2020-05-21,Marin,41,260295,424,359,1,360,14
2020-05-21,Mariposa,43,17540,16,15,0,15,1
2020-05-21,Mendocino,45,87422,21,12,0,12,0
2020-05-21,Merced,47,269075,340,226,0,226,6
2020-05-21,Modoc,49,8938,0,0,0,0,0
2020-05-21,Mono,51,14174,36,33,0,33,1
2020-05-21,Monterey,53,433212,471,363,0,363,8
2020-05-21,Napa,55,140530,117,96,0,96,3
2020-05-21,Nevada,57,99092,42,41,1,42,1
2020-05-21,Orange,59,3164182,7324,4975,34,5009,106
2020-05-21,Placer,61,380077,206,176,1,177,8
2020-05-21,Plumas,63,18699,4,4,0,4,0
2020-05-21,Riverside,65,2383286,7415,6245,7,6252,279
2020-05-21,Sacramento,67,1510023,1341,1258,1,1259,56
2020-05-21,San Benito,69,59416,75,61,0,61,2
2020-05-21,San Bernardino,71,2135413,5097,3950,2,3952,167
2020-05-21,San Diego,73,3302833,7335,6317,0,6317,241
2020-05-21,San Francisco,75,870044,2444,2248,0,2248,37
2020-05-21,San Joaquin,77,732212,879,730,4,734,33
2020-05-21,San Luis Obispo,79,281455,305,251,1,252,1
2020-05-21,San Mateo,81,765935,2111,1791,2,1793,74
2020-05-21,Santa Barbara,83,443738,1869,1541,4,1545,10
2020-05-21,Santa Clara,85,1922200,3001,2520,4,2524,138
2020-05-21,Santa Cruz,87,273765,202,164,0,164,3
2020-05-21,Shasta,89,179085,48,34,0,34,4
2020-05-21,Sierra,91,2930,1,0,0,0,0
2020-05-21,Siskiyou,93,43540,6,6,0,6,0
2020-05-21,Solano,95,438530,524,424,0,424,4
2020-05-21,Sonoma,97,501317,517,427,0,427,4
2020-05-21,Stanislaus,99,539301,700,602,5,607,27
2020-05-21,Sutter,101,95872,40,38,0,38,2
2020-05-21,Tehama,103,63373,4,2,0,2,1
2020-05-21,Trinity,105,12862,1,1,1,2,0
2020-05-21,Tulare,107,460477,2074,1606,4,1610,73
2020-05-21,Tuolumne,109,53932,3,2,0,2,0
2020-05-21,Ventura,111,848112,1280,907,3,910,30
2020-05-21,Yolo,113,214977,206,185,0,185,22
2020-05-21,Yuba,115,75493,26,24,0,24,1
2020-05-20,Alameda,1,1643700,3117,2554,2,2556,89
2020-05-20,Alpine,3,1148,2,1,0,1,0
2020-05-20,Amador,5,37829,10,9,0,9,0
2020-05-20,Butte,7,227075,53,30,1,31,0
2020-05-20,Calaveras,9,45235,14,13,0,13,0
2020-05-20,Colusa,11,21464,7,3,0,3,0
2020-05-20,Contra Costa,13,1133247,1413,1223,0,1223,33
2020-05-20,Del Norte,15,27424,31,9,0,9,0
2020-05-20,El Dorado,17,186661,90,67,0,67,0
2020-05-20,Fresno,19,978130,2489,1329,31,1360,17
2020-05-20,Glenn,21,27897,13,12,0,12,0
2020-05-20,Humboldt,23,135768,101,73,0,73,0
2020-05-20,Imperial,25,180216,2220,1047,6,1053,14
2020-05-20,Inyo,27,18085,19,20,0,20,1
2020-05-20,Kern,29,883053,2174,1639,3,1642,27
2020-05-20,Kings,31,150075,573,403,2,405,2
2020-05-20,Lake,33,64148,17,9,0,9,0
2020-05-20,Lassen,35,31185,2,0,2,2,0
2020-05-20,Los Angeles,37,10098052,50269,40932,22,40954,1955
2020-05-20,Madera,39,155013,165,82,0,82,2
2020-05-20,Marin,41,260295,397,348,1,349,14
2020-05-20,Mariposa,43,17540,16,15,0,15,1
2020-05-20,Mendocino,45,87422,21,12,0,12,0
2020-05-20,Merced,47,269075,333,225,0,225,6
2020-05-20,Modoc,49,8938,0,0,0,0,0
2020-05-20,Mono,51,14174,36,33,0,33,1
2020-05-20,Monterey,53,433212,457,356,0,356,8
2020-05-20,Napa,55,140530,110,93,0,93,3
2020-05-20,Nevada,57,99092,42,41,1,42,1
2020-05-20,Orange,59,3164182,7118,4866,33,4899,96
2020-05-20,Placer,61,380077,204,176,1,177,8
2020-05-20,Plumas,63,18699,4,4,0,4,0
2020-05-20,Riverside,65,2383286,7272,6090,7,6097,265
2020-05-20,Sacramento,67,1510023,1331,1244,1,1245,56
2020-05-20,San Benito,69,59416,74,61,0,61,2
2020-05-20,San Bernardino,71,2135413,4971,3771,2,3773,161
2020-05-20,San Diego,73,3302833,7218,6142,0,6142,230
2020-05-20,San Francisco,75,870044,2421,2199,0,2199,37
2020-05-20,San Joaquin,77,732212,843,713,4,717,33
2020-05-20,San Luis Obispo,79,281455,299,249,1,250,1
2020-05-20,San Mateo,81,765935,2058,1739,2,1741,74
2020-05-20,Santa Barbara,83,443738,1847,1524,4,1528,10
2020-05-20,Santa Clara,85,1922200,2981,2508,4,2512,138
2020-05-20,Santa Cruz,87,273765,199,163,0,163,3
2020-05-20,Shasta,89,179085,48,34,0,34,4
2020-05-20,Sierra,91,2930,1,0,0,0,0
2020-05-20,Siskiyou,93,43540,6,6,0,6,0
2020-05-20,Solano,95,438530,519,418,0,418,4
2020-05-20,Sonoma,97,501317,508,411,0,411,4
2020-05-20,Stanislaus,99,539301,684,584,4,588,25
2020-05-20,Sutter,101,95872,40,38,0,38,2
2020-05-20,Tehama,103,63373,4,2,0,2,1
2020-05-20,Trinity,105,12862,1,1,1,2,0
2020-05-20,Tulare,107,460477,2036,1585,4,1589,71
2020-05-20,Tuolumne,109,53932,3,2,0,2,0
2020-05-20,Ventura,111,848112,1248,879,3,882,29
2020-05-20,Yolo,113,214977,203,184,0,184,22
2020-05-20,Yuba,115,75493,26,23,0,23,1
2020-05-19,Alameda,1,1643700,3042,2493,0,2493,88
2020-05-19,Alpine,3,1148,2,1,0,1,0
2020-05-19,Amador,5,37829,10,9,0,9,0
2020-05-19,Butte,7,227075,51,25,1,26,0
2020-05-19,Calaveras,9,45235,14,13,0,13,0
2020-05-19,Colusa,11,21464,5,3,0,3,0
2020-05-19,Contra Costa,13,1133247,1390,1205,0,1205,33
2020-05-19,Del Norte,15,27424,28,8,0,8,0
2020-05-19,El Dorado,17,186661,87,67,0,67,0
2020-05-19,Fresno,19,978130,2382,1288,30,1318,15
2020-05-19,Glenn,21,27897,13,12,0,12,0
2020-05-19,Humboldt,23,135768,101,72,0,72,0
2020-05-19,Imperial,25,180216,2059,1012,6,1018,14
2020-05-19,Inyo,27,18085,19,20,0,20,1
2020-05-19,Kern,29,883053,2078,1601,3,1604,26
2020-05-19,Kings,31,150075,563,393,2,395,2
2020-05-19,Lake,33,64148,14,11,0,11,0
2020-05-19,Lassen,35,31185,2,0,2,2,0
2020-05-19,Los Angeles,37,10098052,49062,39670,22,39692,1906
2020-05-19,Madera,39,155013,162,80,0,80,2
2020-05-19,Marin,41,260295,373,340,1,341,14
2020-05-19,Mariposa,43,17540,16,15,0,15,1
2020-05-19,Mendocino,45,87422,21,12,0,12,0
2020-05-19,Merced,47,269075,325,222,0,222,5
2020-05-19,Modoc,49,8938,0,0,0,0,0
2020-05-19,Mono,51,14174,36,33,0,33,1
2020-05-19,Monterey,53,433212,445,350,0,350,8
2020-05-19,Napa,55,140530,109,93,0,93,3
2020-05-19,Nevada,57,99092,42,41,1,42,1
2020-05-19,Orange,59,3164182,6923,4746,33,4779,90
2020-05-19,Placer,61,380077,202,177,1,178,8
2020-05-19,Plumas,63,18699,4,5,0,5,0
2020-05-19,Riverside,65,2383286,7113,5963,7,5970,265
2020-05-19,Sacramento,67,1510023,1317,1239,1,1240,57
2020-05-19,San Benito,69,59416,72,59,0,59,2
2020-05-19,San Bernardino,71,2135413,4821,3656,2,3658,158
2020-05-19,San Diego,73,3302833,7074,6028,0,6028,222
2020-05-19,San Francisco,75,870044,2387,2186,0,2186,37
2020-05-19,San Joaquin,77,732212,821,705,4,709,33
2020-05-19,San Luis Obispo,79,281455,299,245,1,246,1
2020-05-19,San Mateo,81,765935,2017,1704,2,1706,71
2020-05-19,Santa Barbara,83,443738,1830,1521,4,1525,10
2020-05-19,Santa Clara,85,1922200,2933,2480,4,2484,138
2020-05-19,Santa Cruz,87,273765,188,161,0,161,3
2020-05-19,Shasta,89,179085,48,34,0,34,4
2020-05-19,Sierra,91,2930,0,0,0,0,0
2020-05-19,Siskiyou,93,43540,6,6,0,6,0
2020-05-19,Solano,95,438530,505,415,0,415,4
2020-05-19,Sonoma,97,501317,497,389,0,389,4
2020-05-19,Stanislaus,99,539301,670,582,4,586,25
2020-05-19,Sutter,101,95872,40,38,0,38,2
2020-05-19,Tehama,103,63373,4,2,0,2,1
2020-05-19,Trinity,105,12862,1,1,0,1,0
2020-05-19,Tulare,107,460477,1990,1551,4,1555,68
2020-05-19,Tuolumne,109,53932,3,2,0,2,0
2020-05-19,Ventura,111,848112,1211,861,2,863,28
2020-05-19,Yolo,113,214977,201,183,0,183,22
2020-05-19,Yuba,115,75493,26,23,0,23,1
2020-05-18,Alameda,1,1643700,2970,2442,0,2442,84
2020-05-18,Alpine,3,1148,1,1,0,1,0
2020-05-18,Amador,5,37829,10,8,0,8,0
2020-05-18,Butte,7,227075,49,24,1,25,0
2020-05-18,Calaveras,9,45235,14,13,0,13,0
2020-05-18,Colusa,11,21464,5,3,0,3,0
2020-05-18,Contra Costa,13,1133247,1359,1173,0,1173,33
2020-05-18,Del Norte,15,27424,23,8,0,8,0
2020-05-18,El Dorado,17,186661,85,67,0,67,0
2020-05-18,Fresno,19,978130,2306,1244,30,1274,14
2020-05-18,Glenn,21,27897,13,11,0,11,0
2020-05-18,Humboldt,23,135768,101,70,0,70,0
2020-05-18,Imperial,25,180216,1905,767,6,773,14
2020-05-18,Inyo,27,18085,19,20,0,20,1
2020-05-18,Kern,29,883053,2029,1566,3,1569,26
2020-05-18,Kings,31,150075,532,381,2,383,2
2020-05-18,Lake,33,64148,13,9,0,9,0
2020-05-18,Lassen,35,31185,2,0,2,2,0
2020-05-18,Los Angeles,37,10098052,48041,38477,22,38499,1825
2020-05-18,Madera,39,155013,156,74,0,74,2
2020-05-18,Marin,41,260295,360,329,1,330,14
2020-05-18,Mariposa,43,17540,16,15,0,15,1
2020-05-18,Mendocino,45,87422,16,12,0,12,0
2020-05-18,Merced,47,269075,316,217,0,217,5
2020-05-18,Modoc,49,8938,0,0,0,0,0
2020-05-18,Mono,51,14174,36,33,0,33,1
2020-05-18,Monterey,53,433212,434,345,0,345,8
2020-05-18,Napa,55,140530,105,92,0,92,3
2020-05-18,Nevada,57,99092,42,41,1,42,1
2020-05-18,Orange,59,3164182,6733,4558,30,4588,88
2020-05-18,Placer,61,380077,200,176,1,177,8
2020-05-18,Plumas,63,18699,4,5,0,5,0
2020-05-18,Riverside,65,2383286,6913,5873,7,5880,253
2020-05-18,Sacramento,67,1510023,1311,1233,0,1233,57
2020-05-18,San Benito,69,59416,70,59,0,59,2
2020-05-18,San Bernardino,71,2135413,4674,3558,2,3560,156
2020-05-18,San Diego,73,3302833,6941,5948,0,5948,211
2020-05-18,San Francisco,75,870044,2364,2183,0,2183,36
2020-05-18,San Joaquin,77,732212,809,697,4,701,33
2020-05-18,San Luis Obispo,79,281455,295,243,1,244,1
2020-05-18,San Mateo,81,765935,1979,1701,2,1703,68
2020-05-18,Santa Barbara,83,443738,1813,1501,4,1505,10
2020-05-18,Santa Clara,85,1922200,2902,2468,4,2472,137
2020-05-18,Santa Cruz,87,273765,186,160,0,160,3
2020-05-18,Shasta,89,179085,47,34,0,34,4
2020-05-18,Sierra,91,2930,0,0,0,0,0
2020-05-18,Siskiyou,93,43540,6,6,0,6,0
2020-05-18,Solano,95,438530,495,398,0,398,4
2020-05-18,Sonoma,97,501317,479,387,0,387,4
2020-05-18,Stanislaus,99,539301,658,572,4,576,25
2020-05-18,Sutter,101,95872,40,38,0,38,2
2020-05-18,Tehama,103,63373,4,2,0,2,1
2020-05-18,Trinity,105,12862,1,1,0,1,0
2020-05-18,Tulare,107,460477,1945,1491,4,1495,63
2020-05-18,Tuolumne,109,53932,3,2,0,2,0
2020-05-18,Ventura,111,848112,1189,850,1,851,27
2020-05-18,Yolo,113,214977,196,183,0,183,22
2020-05-18,Yuba,115,75493,26,23,0,23,1
2020-05-17,Alameda,1,1643700,2875,2389,0,2389,83
2020-05-17,Alpine,3,1148,1,1,0,1,0
2020-05-17,Amador,5,37829,10,8,0,8,0
2020-05-17,Butte,7,227075,49,23,1,24,0
2020-05-17,Calaveras,9,45235,14,13,0,13,0
2020-05-17,Colusa,11,21464,3,3,0,3,0
2020-05-17,Contra Costa,13,1133247,1321,1155,0,1155,33
2020-05-17,Del Norte,15,27424,23,7,0,7,0
2020-05-17,El Dorado,17,186661,85,65,0,65,0
2020-05-17,Fresno,19,978130,2207,1213,27,1240,14
2020-05-17,Glenn,21,27897,13,9,0,9,0
2020-05-17,Humboldt,23,135768,94,70,0,70,0
2020-05-17,Imperial,25,180216,1756,715,5,720,14
2020-05-17,Inyo,27,18085,19,20,0,20,1
2020-05-17,Kern,29,883053,1951,1546,3,1549,26
2020-05-17,Kings,31,150075,485,356,2,358,2
2020-05-17,Lake,33,64148,13,7,0,7,0
2020-05-17,Lassen,35,31185,2,0,2,2,0
2020-05-17,Los Angeles,37,10098052,46806,37996,22,38018,1807
2020-05-17,Madera,39,155013,154,69,0,69,2
2020-05-17,Marin,41,260295,349,315,1,316,14
2020-05-17,Mariposa,43,17540,15,15,0,15,1
2020-05-17,Mendocino,45,87422,15,10,0,10,0
2020-05-17,Merced,47,269075,305,214,0,214,5
2020-05-17,Modoc,49,8938,0,0,0,0,0
2020-05-17,Mono,51,14174,36,32,0,32,1
2020-05-17,Monterey,53,433212,414,342,0,342,8
2020-05-17,Napa,55,140530,102,89,0,89,3
2020-05-17,Nevada,57,99092,42,41,1,42,1
2020-05-17,Orange,59,3164182,6553,4466,30,4496,88
2020-05-17,Placer,61,380077,194,175,1,176,8
2020-05-17,Plumas,63,18699,4,4,0,4,0
2020-05-17,Riverside,65,2383286,6740,5776,7,5783,245
2020-05-17,Sacramento,67,1510023,1300,1224,0,1224,56
2020-05-17,San Benito,69,59416,69,59,0,59,2
2020-05-17,San Bernardino,71,2135413,4524,3467,2,3469,155
2020-05-17,San Diego,73,3302833,6809,5838,0,5838,209
2020-05-17,San Francisco,75,870044,2337,2132,0,2132,36
2020-05-17,San Joaquin,77,732212,779,688,4,692,32
2020-05-17,San Luis Obispo,79,281455,293,242,1,243,1
2020-05-17,San Mateo,81,765935,1942,1680,2,1682,68
2020-05-17,Santa Barbara,83,443738,1787,1457,4,1461,10
2020-05-17,Santa Clara,85,1922200,2864,2453,4,2457,135
2020-05-17,Santa Cruz,87,273765,175,155,0,155,3
2020-05-17,Shasta,89,179085,46,34,0,34,4
2020-05-17,Sierra,91,2930,0,0,0,0,0
2020-05-17,Siskiyou,93,43540,6,6,0,6,0
2020-05-17,Solano,95,438530,483,392,0,392,4
2020-05-17,Sonoma,97,501317,458,376,0,376,4
2020-05-17,Stanislaus,99,539301,647,566,4,570,25
2020-05-17,Sutter,101,95872,39,38,0,38,2
2020-05-17,Tehama,103,63373,3,2,0,2,1
2020-05-17,Trinity,105,12862,1,1,0,1,0
2020-05-17,Tulare,107,460477,1886,1430,3,1433,63
2020-05-17,Tuolumne,109,53932,3,2,0,2,0
2020-05-17,Ventura,111,848112,1147,838,1,839,27
2020-05-17,Yolo,113,214977,194,182,0,182,22
2020-05-17,Yuba,115,75493,26,21,0,21,1
2020-05-16,Alameda,1,1643700,2825,2327,0,2327,83
2020-05-16,Alpine,3,1148,1,1,0,1,0
2020-05-16,Amador,5,37829,10,8,0,8,0
2020-05-16,Butte,7,227075,44,22,1,23,0
2020-05-16,Calaveras,9,45235,14,13,0,13,0
2020-05-16,Colusa,11,21464,3,3,0,3,0
2020-05-16,Contra Costa,13,1133247,1303,1136,0,1136,33
2020-05-16,Del Norte,15,27424,19,4,0,4,0
2020-05-16,El Dorado,17,186661,85,65,0,65,0
2020-05-16,Fresno,19,978130,2152,1177,27,1204,14
2020-05-16,Glenn,21,27897,13,9,0,9,0
2020-05-16,Humboldt,23,135768,92,69,0,69,0
2020-05-16,Imperial,25,180216,1691,712,5,717,14
2020-05-16,Inyo,27,18085,19,20,0,20,1
2020-05-16,Kern,29,883053,1915,1509,3,1512,26
2020-05-16,Kings,31,150075,476,356,2,358,2
2020-05-16,Lake,33,64148,13,7,0,7,0
2020-05-16,Lassen,35,31185,1,0,2,2,0
2020-05-16,Los Angeles,37,10098052,46229,37352,22,37374,1778
2020-05-16,Madera,39,155013,152,70,0,70,2
2020-05-16,Marin,41,260295,345,297,1,298,14
2020-05-16,Mariposa,43,17540,15,15,0,15,1
2020-05-16,Mendocino,45,87422,15,10,0,10,0
2020-05-16,Merced,47,269075,303,201,0,201,5
2020-05-16,Modoc,49,8938,0,0,0,0,0
2020-05-16,Mono,51,14174,36,32,0,32,1
2020-05-16,Monterey,53,433212,399,329,0,329,8
2020-05-16,Napa,55,140530,102,86,0,86,3
2020-05-16,Nevada,57,99092,42,41,1,42,1
2020-05-16,Orange,59,3164182,6477,4396,30,4426,87
2020-05-16,Placer,61,380077,192,174,1,175,8
2020-05-16,Plumas,63,18699,4,4,0,4,0
2020-05-16,Riverside,65,2383286,6654,5633,7,5640,243
2020-05-16,Sacramento,67,1510023,1293,1209,0,1209,55
2020-05-16,San Benito,69,59416,64,58,0,58,2
2020-05-16,San Bernardino,71,2135413,4452,3362,2,3364,155
2020-05-16,San Diego,73,3302833,6723,5664,0,5664,209
2020-05-16,San Francisco,75,870044,2314,2094,0,2094,36
2020-05-16,San Joaquin,77,732212,771,668,4,672,32
2020-05-16,San Luis Obispo,79,281455,292,240,1,241,1
2020-05-16,San Mateo,81,765935,1927,1652,2,1654,68
2020-05-16,Santa Barbara,83,443738,1775,1422,3,1425,10
2020-05-16,Santa Clara,85,1922200,2849,2420,3,2423,135
2020-05-16,Santa Cruz,87,273765,172,154,0,154,3
2020-05-16,Shasta,89,179085,46,33,0,33,4
2020-05-16,Sierra,91,2930,0,0,0,0,0
2020-05-16,Siskiyou,93,43540,6,6,0,6,0
2020-05-16,Solano,95,438530,478,392,0,392,4
2020-05-16,Sonoma,97,501317,445,356,0,356,4
2020-05-16,Stanislaus,99,539301,638,546,4,550,24
2020-05-16,Sutter,101,95872,39,35,0,35,2
2020-05-16,Tehama,103,63373,3,2,0,2,1
2020-05-16,Trinity,105,12862,1,1,0,1,0
2020-05-16,Tulare,107,460477,1868,1426,3,1429,63
2020-05-16,Tuolumne,109,53932,3,2,0,2,0
2020-05-16,Ventura,111,848112,1122,813,1,814,25
2020-05-16,Yolo,113,214977,193,181,0,181,22
2020-05-16,Yuba,115,75493,26,21,0,21,1
2020-05-15,Alameda,1,1643700,2791,2289,0,2289,83
2020-05-15,Alpine,3,1148,1,1,0,1,0
2020-05-15,Amador,5,37829,10,8,0,8,0
2020-05-15,Butte,7,227075,42,22,1,23,0
2020-05-15,Calaveras,9,45235,14,13,0,13,0
2020-05-15,Colusa,11,21464,3,3,0,3,0
2020-05-15,Contra Costa,13,1133247,1285,1106,0,1106,33
2020-05-15,Del Norte,15,27424,14,4,0,4,0
2020-05-15,El Dorado,17,186661,85,64,0,64,0
2020-05-15,Fresno,19,978130,2086,1126,27,1153,14
2020-05-15,Glenn,21,27897,13,9,0,9,0
2020-05-15,Humboldt,23,135768,91,60,0,60,0
2020-05-15,Imperial,25,180216,1608,680,5,685,14
2020-05-15,Inyo,27,18085,19,20,0,20,1
2020-05-15,Kern,29,883053,1859,1472,3,1475,25
2020-05-15,Kings,31,150075,473,347,2,349,2
2020-05-15,Lake,33,64148,13,7,0,7,0
2020-05-15,Lassen,35,31185,1,0,2,2,0
2020-05-15,Los Angeles,37,10098052,45442,36317,22,36339,1734
2020-05-15,Madera,39,155013,151,71,0,71,2
2020-05-15,Marin,41,260295,337,295,1,296,14
2020-05-15,Mariposa,43,17540,15,15,0,15,1
2020-05-15,Mendocino,45,87422,15,10,0,10,0
2020-05-15,Merced,47,269075,300,191,0,191,5
2020-05-15,Modoc,49,8938,0,0,0,0,0
2020-05-15,Mono,51,14174,36,31,0,31,1
2020-05-15,Monterey,53,433212,393,321,0,321,8
2020-05-15,Napa,55,140530,102,83,0,83,3
2020-05-15,Nevada,57,99092,42,41,1,42,1
2020-05-15,Orange,59,3164182,6306,4281,30,4311,87
2020-05-15,Placer,61,380077,190,174,1,175,8
2020-05-15,Plumas,63,18699,4,4,0,4,0
2020-05-15,Riverside,65,2383286,6540,5496,7,5503,233
2020-05-15,Sacramento,67,1510023,1283,1203,0,1203,55
2020-05-15,San Benito,69,59416,61,57,0,57,2
2020-05-15,San Bernardino,71,2135413,4374,3225,2,3227,153
2020-05-15,San Diego,73,3302833,6616,5525,0,5525,208
2020-05-15,San Francisco,75,870044,2298,2062,0,2062,36
2020-05-15,San Joaquin,77,732212,765,656,4,660,32
2020-05-15,San Luis Obispo,79,281455,291,237,1,238,1
2020-05-15,San Mateo,81,765935,1905,1612,2,1614,68
2020-05-15,Santa Barbara,83,443738,1761,1409,3,1412,10
2020-05-15,Santa Clara,85,1922200,2823,2395,3,2398,135
2020-05-15,Santa Cruz,87,273765,171,146,0,146,3
2020-05-15,Shasta,89,179085,45,33,0,33,4
2020-05-15,Sierra,91,2930,0,0,0,0,0
2020-05-15,Siskiyou,93,43540,5,5,0,5,0
2020-05-15,Solano,95,438530,474,388,0,388,4
2020-05-15,Sonoma,97,501317,437,349,0,349,4
2020-05-15,Stanislaus,99,539301,631,540,4,544,23
2020-05-15,Sutter,101,95872,38,35,0,35,2
2020-05-15,Tehama,103,63373,3,1,0,1,1
2020-05-15,Trinity,105,12862,1,1,0,1,0
2020-05-15,Tulare,107,460477,1841,1356,3,1359,61
2020-05-15,Tuolumne,109,53932,3,2,0,2,0
2020-05-15,Ventura,111,848112,1105,789,0,789,25
2020-05-15,Yolo,113,214977,192,182,0,182,22
2020-05-15,Yuba,115,75493,26,21,0,21,1
2020-05-14,Alameda,1,1643700,2699,2255,0,2255,80
2020-05-14,Alpine,3,1148,1,1,0,1,0
2020-05-14,Amador,5,37829,10,8,0,8,0
2020-05-14,Butte,7,227075,40,22,1,23,0
2020-05-14,Calaveras,9,45235,14,13,0,13,0
2020-05-14,Colusa,11,21464,3,3,0,3,0
2020-05-14,Contra Costa,13,1133247,1259,1090,0,1090,32
2020-05-14,Del Norte,15,27424,14,4,0,4,0
2020-05-14,El Dorado,17,186661,76,59,0,59,0
2020-05-14,Fresno,19,978130,2034,1038,24,1062,12
2020-05-14,Glenn,21,27897,12,8,0,8,0
2020-05-14,Humboldt,23,135768,89,59,0,59,0
2020-05-14,Imperial,25,180216,1491,652,5,657,13
2020-05-14,Inyo,27,18085,19,20,0,20,1
2020-05-14,Kern,29,883053,1817,1430,3,1433,21
2020-05-14,Kings,31,150075,457,342,2,344,1
2020-05-14,Lake,33,64148,13,7,0,7,0
2020-05-14,Lassen,35,31185,1,0,2,2,0
2020-05-14,Los Angeles,37,10098052,44267,35427,22,35449,1693
2020-05-14,Madera,39,155013,142,69,0,69,2
2020-05-14,Marin,41,260295,319,283,1,284,14
2020-05-14,Mariposa,43,17540,15,15,0,15,0
2020-05-14,Mendocino,45,87422,14,10,0,10,0
2020-05-14,Merced,47,269075,290,182,0,182,3
2020-05-14,Modoc,49,8938,0,0,0,0,0
2020-05-14,Mono,51,14174,36,31,0,31,1
2020-05-14,Monterey,53,433212,383,317,0,317,7
2020-05-14,Napa,55,140530,100,83,0,83,3
2020-05-14,Nevada,57,99092,41,41,1,42,1
2020-05-14,Orange,59,3164182,6130,4163,28,4191,83
2020-05-14,Placer,61,380077,190,172,1,173,8
2020-05-14,Plumas,63,18699,4,4,0,4,0
2020-05-14,Riverside,65,2383286,6357,5339,7,5346,224
2020-05-14,Sacramento,67,1510023,1271,1181,0,1181,55
2020-05-14,San Benito,69,59416,59,56,0,56,2
2020-05-14,San Bernardino,71,2135413,4196,3149,2,3151,149
2020-05-14,San Diego,73,3302833,6482,5393,0,5393,200
2020-05-14,San Francisco,75,870044,2265,2029,0,2029,36
2020-05-14,San Joaquin,77,732212,750,643,4,647,31
2020-05-14,San Luis Obispo,79,281455,288,236,1,237,1
2020-05-14,San Mateo,81,765935,1873,1588,2,1590,67
2020-05-14,Santa Barbara,83,443738,1743,1395,3,1398,11
2020-05-14,Santa Clara,85,1922200,2802,2380,3,2383,134
2020-05-14,Santa Cruz,87,273765,169,145,0,145,3
2020-05-14,Shasta,89,179085,45,33,0,33,4
2020-05-14,Sierra,91,2930,0,0,0,0,0
2020-05-14,Siskiyou,93,43540,5,5,0,5,0
2020-05-14,Solano,95,438530,465,372,0,372,4
2020-05-14,Sonoma,97,501317,420,333,0,333,4
2020-05-14,Stanislaus,99,539301,612,533,4,537,23
2020-05-14,Sutter,101,95872,38,34,0,34,2
2020-05-14,Tehama,103,63373,3,1,0,1,1
2020-05-14,Trinity,105,12862,1,1,0,1,0
2020-05-14,Tulare,107,460477,1808,1317,3,1320,55
2020-05-14,Tuolumne,109,53932,3,2,0,2,0
2020-05-14,Ventura,111,848112,1077,760,0,760,25
2020-05-14,Yolo,113,214977,192,180,0,180,22
2020-05-14,Yuba,115,75493,26,21,0,21,1
2020-05-13,Alameda,1,1643700,2641,2181,0,2181,78
2020-05-13,Alpine,3,1148,1,1,0,1,0
2020-05-13,Amador,5,37829,10,8,0,8,0
2020-05-13,Butte,7,227075,39,21,1,22,0
2020-05-13,Calaveras,9,45235,14,13,0,13,0
2020-05-13,Colusa,11,21464,3,3,0,3,0
2020-05-13,Contra Costa,13,1133247,1237,1082,0,1082,32
2020-05-13,Del Norte,15,27424,13,4,0,4,0
2020-05-13,El Dorado,17,186661,75,58,0,58,0
2020-05-13,Fresno,19,978130,1943,993,24,1017,10
2020-05-13,Glenn,21,27897,11,6,0,6,0
2020-05-13,Humboldt,23,135768,83,58,0,58,0
2020-05-13,Imperial,25,180216,1421,610,5,615,11
2020-05-13,Inyo,27,18085,19,20,0,20,1
2020-05-13,Kern,29,883053,1773,1390,3,1393,19
2020-05-13,Kings,31,150075,444,314,2,316,1
2020-05-13,Lake,33,64148,13,7,0,7,0
2020-05-13,Lassen,35,31185,1,0,2,2,0
2020-05-13,Los Angeles,37,10098052,42957,34574,22,34596,1643
2020-05-13,Madera,39,155013,133,69,0,69,2
2020-05-13,Marin,41,260295,306,278,1,279,14
2020-05-13,Mariposa,43,17540,15,15,0,15,0
2020-05-13,Mendocino,45,87422,14,10,0,10,0
2020-05-13,Merced,47,269075,287,176,0,176,3
2020-05-13,Modoc,49,8938,0,0,0,0,0
2020-05-13,Mono,51,14174,35,31,0,31,1
2020-05-13,Monterey,53,433212,373,309,0,309,6
2020-05-13,Napa,55,140530,100,81,0,81,3
2020-05-13,Nevada,57,99092,41,41,1,42,1
2020-05-13,Orange,59,3164182,5884,4025,26,4051,79
2020-05-13,Placer,61,380077,189,170,1,171,8
2020-05-13,Plumas,63,18699,4,4,0,4,0
2020-05-13,Riverside,65,2383286,6234,5204,7,5211,216
2020-05-13,Sacramento,67,1510023,1256,1173,0,1173,53
2020-05-13,San Benito,69,59416,59,55,0,55,2
2020-05-13,San Bernardino,71,2135413,3941,3064,1,3065,140
2020-05-13,San Diego,73,3302833,6346,5280,0,5280,194
2020-05-13,San Francisco,75,870044,2237,2004,0,2004,35
2020-05-13,San Joaquin,77,732212,729,639,3,642,31
2020-05-13,San Luis Obispo,79,281455,286,231,1,232,1
2020-05-13,San Mateo,81,765935,1841,1550,2,1552,66
2020-05-13,Santa Barbara,83,443738,1727,1382,3,1385,10
2020-05-13,Santa Clara,85,1922200,2783,2370,3,2373,132
2020-05-13,Santa Cruz,87,273765,165,142,0,142,2
2020-05-13,Shasta,89,179085,45,32,0,32,4
2020-05-13,Sierra,91,2930,0,0,0,0,0
2020-05-13,Siskiyou,93,43540,5,5,0,5,0
2020-05-13,Solano,95,438530,452,368,0,368,4
2020-05-13,Sonoma,97,501317,410,330,0,330,4
2020-05-13,Stanislaus,99,539301,603,521,4,525,15
2020-05-13,Sutter,101,95872,38,33,0,33,2
2020-05-13,Tehama,103,63373,3,1,0,1,1
2020-05-13,Trinity,105,12862,1,2,0,2,0
2020-05-13,Tulare,107,460477,1775,1283,3,1286,54
2020-05-13,Tuolumne,109,53932,3,2,0,2,0
2020-05-13,Ventura,111,848112,1050,742,0,742,25
2020-05-13,Yolo,113,214977,190,178,0,178,22
2020-05-13,Yuba,115,75493,24,19,0,19,1
2020-05-12,Alameda,1,1643700,2578,2146,0,2146,74
2020-05-12,Alpine,3,1148,1,1,0,1,0
2020-05-12,Amador,5,37829,10,8,0,8,0
2020-05-12,Butte,7,227075,37,20,1,21,0
2020-05-12,Calaveras,9,45235,13,13,0,13,0
2020-05-12,Colusa,11,21464,3,3,0,3,0
2020-05-12,Contra Costa,13,1133247,1206,1067,0,1067,32
2020-05-12,Del Norte,15,27424,10,3,0,3,0
2020-05-12,El Dorado,17,186661,72,56,0,56,0
2020-05-12,Fresno,19,978130,1861,978,24,1002,9
2020-05-12,Glenn,21,27897,10,6,0,6,0
2020-05-12,Humboldt,23,135768,80,58,0,58,0
2020-05-12,Imperial,25,180216,1290,602,3,605,9
2020-05-12,Inyo,27,18085,19,20,0,20,1
2020-05-12,Kern,29,883053,1732,1363,3,1366,18
2020-05-12,Kings,31,150075,423,302,2,304,1
2020-05-12,Lake,33,64148,13,7,0,7,0
2020-05-12,Lassen,35,31185,1,0,2,2,0
2020-05-12,Los Angeles,37,10098052,41961,33281,21,33302,1601
2020-05-12,Madera,39,155013,129,69,0,69,2
2020-05-12,Marin,41,260295,301,274,1,275,14
2020-05-12,Mariposa,43,17540,15,15,0,15,0
2020-05-12,Mendocino,45,87422,14,10,0,10,0
2020-05-12,Merced,47,269075,276,175,0,175,3
2020-05-12,Modoc,49,8938,0,0,0,0,0
2020-05-12,Mono,51,14174,35,31,0,31,1
2020-05-12,Monterey,53,433212,366,298,0,298,6
2020-05-12,Napa,55,140530,98,80,0,80,3
2020-05-12,Nevada,57,99092,41,41,1,42,1
2020-05-12,Orange,59,3164182,5702,3843,24,3867,78
2020-05-12,Placer,61,380077,188,170,1,171,8
2020-05-12,Plumas,63,18699,4,4,0,4,0
2020-05-12,Riverside,65,2383286,6113,5134,7,5141,210
2020-05-12,Sacramento,67,1510023,1236,1166,0,1166,52
2020-05-12,San Benito,69,59416,59,55,0,55,2
2020-05-12,San Bernardino,71,2135413,3790,2997,1,2998,131
2020-05-12,San Diego,73,3302833,6202,3,0,3,0
2020-05-12,San Francisco,75,870044,2202,1981,0,1981,35
2020-05-12,San Joaquin,77,732212,714,625,3,628,30
2020-05-12,San Luis Obispo,79,281455,283,226,1,227,1
2020-05-12,San Mateo,81,765935,1815,1533,2,1535,66
2020-05-12,Santa Barbara,83,443738,1688,1377,3,1380,10
2020-05-12,Santa Clara,85,1922200,2753,2362,3,2365,131
2020-05-12,Santa Cruz,87,273765,163,141,0,141,2
2020-05-12,Shasta,89,179085,44,33,0,33,4
2020-05-12,Sierra,91,2930,0,0,0,0,0
2020-05-12,Siskiyou,93,43540,5,5,0,5,0
2020-05-12,Solano,95,438530,444,361,0,361,4
2020-05-12,Sonoma,97,501317,387,308,0,308,4
2020-05-12,Stanislaus,99,539301,596,515,4,519,15
2020-05-12,Sutter,101,95872,38,33,0,33,2
2020-05-12,Tehama,103,63373,3,1,0,1,1
2020-05-12,Trinity,105,12862,1,1,0,1,0
2020-05-12,Tulare,107,460477,1745,1261,2,1263,52
2020-05-12,Tuolumne,109,53932,3,2,0,2,0
2020-05-12,Ventura,111,848112,1013,718,0,718,20
2020-05-12,Yolo,113,214977,189,176,0,176,22
2020-05-12,Yuba,115,75493,24,19,0,19,1
2020-05-11,Alameda,1,1643700,2528,2103,0,2103,71
2020-05-11,Alpine,3,1148,1,1,0,1,0
2020-05-11,Amador,5,37829,10,8,0,8,0
2020-05-11,Butte,7,227075,36,19,1,20,0
2020-05-11,Calaveras,9,45235,13,13,0,13,0
2020-05-11,Colusa,11,21464,3,3,0,3,0
2020-05-11,Contra Costa,13,1133247,1192,1052,0,1052,32
2020-05-11,Del Norte,15,27424,8,3,0,3,0
2020-05-11,El Dorado,17,186661,72,55,0,55,0
2020-05-11,Fresno,19,978130,1775,937,22,959,8
2020-05-11,Glenn,21,27897,10,6,0,6,0
2020-05-11,Humboldt,23,135768,77,56,0,56,0
2020-05-11,Imperial,25,180216,1184,562,1,563,9
2020-05-11,Inyo,27,18085,19,20,0,20,1
2020-05-11,Kern,29,883053,1680,1331,3,1334,17
2020-05-11,Kings,31,150075,400,289,1,290,1
2020-05-11,Lake,33,64148,12,7,0,7,0
2020-05-11,Lassen,35,31185,1,0,2,2,0
2020-05-11,Los Angeles,37,10098052,40783,32279,21,32300,1553
2020-05-11,Madera,39,155013,121,68,0,68,2
2020-05-11,Marin,41,260295,292,271,1,272,14
2020-05-11,Mariposa,43,17540,15,15,0,15,0
2020-05-11,Mendocino,45,87422,14,10,0,10,0
2020-05-11,Merced,47,269075,261,158,0,158,3
2020-05-11,Modoc,49,8938,0,0,0,0,0
2020-05-11,Mono,51,14174,35,30,0,30,1
2020-05-11,Monterey,53,433212,363,286,0,286,6
2020-05-11,Napa,55,140530,92,79,0,79,2
2020-05-11,Nevada,57,99092,41,41,1,42,1
2020-05-11,Orange,59,3164182,5495,3699,20,3719,77
2020-05-11,Placer,61,380077,188,170,1,171,8
2020-05-11,Plumas,63,18699,4,4,0,4,0
2020-05-11,Riverside,65,2383286,5956,5082,7,5089,203
2020-05-11,Sacramento,67,1510023,1221,1160,0,1160,52
2020-05-11,San Benito,69,59416,57,52,0,52,2
2020-05-11,San Bernardino,71,2135413,3680,2945,1,2946,124
2020-05-11,San Diego,73,3302833,6049,5067,0,5067,175
2020-05-11,San Francisco,75,870044,2155,1974,0,1974,35
2020-05-11,San Joaquin,77,732212,704,620,3,623,30
2020-05-11,San Luis Obispo,79,281455,281,224,1,225,1
2020-05-11,San Mateo,81,765935,1789,1499,2,1501,66
2020-05-11,Santa Barbara,83,443738,1667,1372,3,1375,10
2020-05-11,Santa Clara,85,1922200,2737,2340,3,2343,129
2020-05-11,Santa Cruz,87,273765,160,140,0,140,2
2020-05-11,Shasta,89,179085,44,31,0,31,4
2020-05-11,Sierra,91,2930,0,0,0,0,0
2020-05-11,Siskiyou,93,43540,5,5,0,5,0
2020-05-11,Solano,95,438530,439,354,0,354,4
2020-05-11,Sonoma,97,501317,377,303,0,303,3
2020-05-11,Stanislaus,99,539301,586,507,4,511,14
2020-05-11,Sutter,101,95872,37,32,0,32,2
2020-05-11,Tehama,103,63373,3,1,0,1,1
2020-05-11,Trinity,105,12862,1,1,0,1,0
2020-05-11,Tulare,107,460477,1696,1203,2,1205,49
2020-05-11,Tuolumne,109,53932,3,2,0,2,0
2020-05-11,Ventura,111,848112,969,698,0,698,19
2020-05-11,Yolo,113,214977,189,174,0,174,20
2020-05-11,Yuba,115,75493,24,18,0,18,1
2020-05-10,Alameda,1,1643700,2451,2047,0,2047,71
2020-05-10,Alpine,3,1148,1,1,0,1,0
2020-05-10,Amador,5,37829,10,8,0,8,0
2020-05-10,Butte,7,227075,32,18,1,19,0
2020-05-10,Calaveras,9,45235,13,13,0,13,0
2020-05-10,Colusa,11,21464,3,3,0,3,0
2020-05-10,Contra Costa,13,1133247,1178,1046,0,1046,31
2020-05-10,Del Norte,15,27424,7,3,0,3,0
2020-05-10,El Dorado,17,186661,72,55,0,55,0
2020-05-10,Fresno,19,978130,1694,894,22,916,8
2020-05-10,Glenn,21,27897,10,6,0,6,0
2020-05-10,Humboldt,23,135768,73,56,0,56,0
2020-05-10,Imperial,25,180216,1088,509,1,510,7
2020-05-10,Inyo,27,18085,19,20,0,20,1
2020-05-10,Kern,29,883053,1631,1300,2,1302,16
2020-05-10,Kings,31,150075,387,266,1,267,1
2020-05-10,Lake,33,64148,12,7,0,7,0
2020-05-10,Lassen,35,31185,1,0,2,2,0
2020-05-10,Los Angeles,37,10098052,39523,31711,21,31732,1514
2020-05-10,Madera,39,155013,119,65,0,65,2
2020-05-10,Marin,41,260295,284,267,1,268,14
2020-05-10,Mariposa,43,17540,15,15,0,15,0
2020-05-10,Mendocino,45,87422,13,10,0,10,0
2020-05-10,Merced,47,269075,246,154,0,154,3
2020-05-10,Modoc,49,8938,0,0,0,0,0
2020-05-10,Mono,51,14174,35,27,0,27,1
2020-05-10,Monterey,53,433212,349,282,0,282,6
2020-05-10,Napa,55,140530,86,79,0,79,2
2020-05-10,Nevada,57,99092,41,41,1,42,1
2020-05-10,Orange,59,3164182,5350,3627,20,3647,76
2020-05-10,Placer,61,380077,187,168,1,169,8
2020-05-10,Plumas,63,18699,4,4,0,4,0
2020-05-10,Riverside,65,2383286,5834,4951,7,4958,193
2020-05-10,Sacramento,67,1510023,1205,1152,0,1152,52
2020-05-10,San Benito,69,59416,57,52,0,52,2
2020-05-10,San Bernardino,71,2135413,3582,2910,1,2911,121
2020-05-10,San Diego,73,3302833,5897,4928,0,4928,175
2020-05-10,San Francisco,75,870044,2137,1953,0,1953,35
2020-05-10,San Joaquin,77,732212,689,611,3,614,29
2020-05-10,San Luis Obispo,79,281455,278,218,1,219,1
2020-05-10,San Mateo,81,765935,1767,1463,2,1465,65
2020-05-10,Santa Barbara,83,443738,1646,1323,3,1326,10
2020-05-10,Santa Clara,85,1922200,2713,2331,3,2334,129
2020-05-10,Santa Cruz,87,273765,159,139,0,139,2
2020-05-10,Shasta,89,179085,44,31,0,31,4
2020-05-10,Sierra,91,2930,0,0,0,0,0
2020-05-10,Siskiyou,93,43540,5,5,0,5,0
2020-05-10,Solano,95,438530,429,322,0,322,4
2020-05-10,Sonoma,97,501317,367,290,0,290,3
2020-05-10,Stanislaus,99,539301,579,498,4,502,14
2020-05-10,Sutter,101,95872,34,31,0,31,2
2020-05-10,Tehama,103,63373,3,1,0,1,1
2020-05-10,Trinity,105,12862,1,1,0,1,0
2020-05-10,Tulare,107,460477,1628,1143,2,1145,47
2020-05-10,Tuolumne,109,53932,3,2,0,2,0
2020-05-10,Ventura,111,848112,921,690,0,690,19
2020-05-10,Yolo,113,214977,189,173,0,173,20
2020-05-10,Yuba,115,75493,23,17,0,17,1
2020-05-09,Alameda,1,1643700,2408,2011,0,2011,71
2020-05-09,Alpine,3,1148,1,1,0,1,0
2020-05-09,Amador,5,37829,9,8,0,8,0
2020-05-09,Butte,7,227075,31,18,1,19,0
2020-05-09,Calaveras,9,45235,13,13,0,13,0
2020-05-09,Colusa,11,21464,3,3,0,3,0
2020-05-09,Contra Costa,13,1133247,1164,1039,0,1039,31
2020-05-09,Del Norte,15,27424,7,3,0,3,0
2020-05-09,El Dorado,17,186661,69,54,0,54,0
2020-05-09,Fresno,19,978130,1657,861,21,882,8
2020-05-09,Glenn,21,27897,9,6,0,6,0
2020-05-09,Humboldt,23,135768,71,55,0,55,0
2020-05-09,Imperial,25,180216,1032,474,1,475,7
2020-05-09,Inyo,27,18085,19,20,0,20,1
2020-05-09,Kern,29,883053,1595,1262,1,1263,15
2020-05-09,Kings,31,150075,382,264,1,265,1
2020-05-09,Lake,33,64148,12,7,0,7,0
2020-05-09,Lassen,35,31185,1,0,2,2,0
2020-05-09,Los Angeles,37,10098052,38900,31268,21,31289,1499
2020-05-09,Madera,39,155013,118,61,0,61,2
2020-05-09,Marin,41,260295,283,261,1,262,14
2020-05-09,Mariposa,43,17540,15,15,0,15,0
2020-05-09,Mendocino,45,87422,13,10,0,10,0
2020-05-09,Merced,47,269075,242,153,0,153,3
2020-05-09,Modoc,49,8938,0,0,0,0,0
2020-05-09,Mono,51,14174,35,27,0,27,1
2020-05-09,Monterey,53,433212,342,273,0,273,6
2020-05-09,Napa,55,140530,85,78,0,78,2
2020-05-09,Nevada,57,99092,41,41,1,42,1
2020-05-09,Orange,59,3164182,5268,3506,19,3525,75
2020-05-09,Placer,61,380077,186,168,1,169,8
2020-05-09,Plumas,63,18699,4,4,0,4,0
2020-05-09,Riverside,65,2383286,5740,4871,7,4878,183
2020-05-09,Sacramento,67,1510023,1201,1150,0,1150,52
2020-05-09,San Benito,69,59416,56,52,0,52,2
2020-05-09,San Bernardino,71,2135413,3526,2825,1,2826,121
2020-05-09,San Diego,73,3302833,5785,4778,0,4778,175
2020-05-09,San Francisco,75,870044,2122,1944,0,1944,34
2020-05-09,San Joaquin,77,732212,680,605,3,608,28
2020-05-09,San Luis Obispo,79,281455,274,213,1,214,1
2020-05-09,San Mateo,81,765935,1748,1453,2,1455,65
2020-05-09,Santa Barbara,83,443738,1633,1245,3,1248,10
2020-05-09,Santa Clara,85,1922200,2702,2317,3,2320,128
2020-05-09,Santa Cruz,87,273765,158,138,0,138,2
2020-05-09,Shasta,89,179085,44,31,0,31,4
2020-05-09,Sierra,91,2930,0,0,0,0,0
2020-05-09,Siskiyou,93,43540,5,5,0,5,0
2020-05-09,Solano,95,438530,423,321,0,321,4
2020-05-09,Sonoma,97,501317,363,288,0,288,3
2020-05-09,Stanislaus,99,539301,571,491,4,495,12
2020-05-09,Sutter,101,95872,34,31,0,31,2
2020-05-09,Tehama,103,63373,2,1,0,1,1
2020-05-09,Trinity,105,12862,1,1,0,1,0
2020-05-09,Tulare,107,460477,1600,1083,2,1085,47
2020-05-09,Tuolumne,109,53932,3,2,0,2,0
2020-05-09,Ventura,111,848112,900,679,0,679,19
2020-05-09,Yolo,113,214977,189,172,0,172,18
2020-05-09,Yuba,115,75493,23,17,0,17,1
2020-05-08,Alameda,1,1643700,2365,1955,0,1955,70
2020-05-08,Alpine,3,1148,1,1,0,1,0
2020-05-08,Amador,5,37829,9,8,0,8,0
2020-05-08,Butte,7,227075,31,18,1,19,0
2020-05-08,Calaveras,9,45235,13,13,0,13,0
2020-05-08,Colusa,11,21464,3,3,0,3,0
2020-05-08,Contra Costa,13,1133247,1152,1024,0,1024,29
2020-05-08,Del Norte,15,27424,7,3,0,3,0
2020-05-08,El Dorado,17,186661,68,54,0,54,0
2020-05-08,Fresno,19,978130,1622,838,20,858,8
2020-05-08,Glenn,21,27897,8,6,0,6,0
2020-05-08,Humboldt,23,135768,68,54,0,54,0
2020-05-08,Imperial,25,180216,986,467,1,468,7
2020-05-08,Inyo,27,18085,19,20,0,20,1
2020-05-08,Kern,29,883053,1564,1214,1,1215,13
2020-05-08,Kings,31,150075,373,236,1,237,1
2020-05-08,Lake,33,64148,12,7,0,7,0
2020-05-08,Lassen,35,31185,1,0,2,2,0
2020-05-08,Los Angeles,37,10098052,38171,30357,21,30378,1447
2020-05-08,Madera,39,155013,115,57,0,57,2
2020-05-08,Marin,41,260295,283,257,1,258,14
2020-05-08,Mariposa,43,17540,15,15,0,15,0
2020-05-08,Mendocino,45,87422,13,10,0,10,0
2020-05-08,Merced,47,269075,241,151,0,151,3
2020-05-08,Modoc,49,8938,0,0,0,0,0
2020-05-08,Mono,51,14174,32,27,0,27,1
2020-05-08,Monterey,53,433212,334,265,0,265,6
2020-05-08,Napa,55,140530,84,78,0,78,2
2020-05-08,Nevada,57,99092,41,41,1,42,1
2020-05-08,Orange,59,3164182,5124,3395,19,3414,72
2020-05-08,Placer,61,380077,184,166,1,167,8
2020-05-08,Plumas,63,18699,4,4,0,4,0
2020-05-08,Riverside,65,2383286,5641,4672,7,4679,181
2020-05-08,Sacramento,67,1510023,1196,1145,0,1145,51
2020-05-08,San Benito,69,59416,56,51,0,51,2
2020-05-08,San Bernardino,71,2135413,3478,2631,1,2632,119
2020-05-08,San Diego,73,3302833,5678,4664,0,4664,169
2020-05-08,San Francisco,75,870044,2104,1890,0,1890,33
2020-05-08,San Joaquin,77,732212,673,595,3,598,28
2020-05-08,San Luis Obispo,79,281455,271,210,1,211,1
2020-05-08,San Mateo,81,765935,1663,1423,2,1425,62
2020-05-08,Santa Barbara,83,443738,1620,1054,2,1056,8
2020-05-08,Santa Clara,85,1922200,2679,2285,3,2288,128
2020-05-08,Santa Cruz,87,273765,154,137,0,137,2
2020-05-08,Shasta,89,179085,44,31,0,31,4
2020-05-08,Sierra,91,2930,0,0,0,0,0
2020-05-08,Siskiyou,93,43540,5,5,0,5,0
2020-05-08,Solano,95,438530,418,314,0,314,4
2020-05-08,Sonoma,97,501317,358,285,0,285,3
2020-05-08,Stanislaus,99,539301,557,487,4,491,12
2020-05-08,Sutter,101,95872,34,30,0,30,2
2020-05-08,Tehama,103,63373,2,1,0,1,1
2020-05-08,Trinity,105,12862,1,0,0,0,0
2020-05-08,Tulare,107,460477,1555,1050,2,1052,43
2020-05-08,Tuolumne,109,53932,3,2,0,2,0
2020-05-08,Ventura,111,848112,883,665,0,665,19
2020-05-08,Yolo,113,214977,188,172,0,172,18
2020-05-08,Yuba,115,75493,22,16,0,16,1
2020-05-07,Alameda,1,1643700,2305,1914,0,1914,68
2020-05-07,Alpine,3,1148,1,1,0,1,0
2020-05-07,Amador,5,37829,9,8,0,8,0
2020-05-07,Butte,7,227075,31,19,1,20,0
2020-05-07,Calaveras,9,45235,13,13,0,13,0
2020-05-07,Colusa,11,21464,3,3,0,3,0
2020-05-07,Contra Costa,13,1133247,1138,1005,0,1005,29
2020-05-07,Del Norte,15,27424,6,3,0,3,0
2020-05-07,El Dorado,17,186661,67,54,0,54,0
2020-05-07,Fresno,19,978130,1543,812,19,831,8
2020-05-07,Glenn,21,27897,8,5,0,5,0
2020-05-07,Humboldt,23,135768,67,54,0,54,0
2020-05-07,Imperial,25,180216,923,442,1,443,6
2020-05-07,Inyo,27,18085,19,20,0,20,1
2020-05-07,Kern,29,883053,1522,1176,1,1177,13
2020-05-07,Kings,31,150075,351,219,1,220,1
2020-05-07,Lake,33,64148,11,7,0,7,0
2020-05-07,Lassen,35,31185,1,0,2,2,0
2020-05-07,Los Angeles,37,10098052,37049,29544,21,29565,1399
2020-05-07,Madera,39,155013,111,54,0,54,2
2020-05-07,Marin,41,260295,276,252,1,253,14
2020-05-07,Mariposa,43,17540,15,15,0,15,0
2020-05-07,Mendocino,45,87422,13,10,0,10,0
2020-05-07,Merced,47,269075,233,146,0,146,3
2020-05-07,Modoc,49,8938,0,0,0,0,0
2020-05-07,Mono,51,14174,32,26,0,26,1
2020-05-07,Monterey,53,433212,326,249,0,249,6
2020-05-07,Napa,55,140530,84,78,0,78,2
2020-05-07,Nevada,57,99092,41,41,1,42,1
2020-05-07,Orange,59,3164182,4941,3283,18,3301,69
2020-05-07,Placer,61,380077,184,165,1,166,8
2020-05-07,Plumas,63,18699,4,4,0,4,0
2020-05-07,Riverside,65,2383286,5525,4608,7,4615,170
2020-05-07,Sacramento,67,1510023,1190,1139,0,1139,50
2020-05-07,San Benito,69,59416,56,50,0,50,2
2020-05-07,San Bernardino,71,2135413,3386,2522,1,2523,115
2020-05-07,San Diego,73,3302833,5521,4431,0,4431,165
2020-05-07,San Francisco,75,870044,2073,1852,0,1852,33
2020-05-07,San Joaquin,77,732212,660,583,3,586,28
2020-05-07,San Luis Obispo,79,281455,260,209,1,210,1
2020-05-07,San Mateo,81,765935,1641,1398,2,1400,58
2020-05-07,Santa Barbara,83,443738,1590,720,2,722,8
2020-05-07,Santa Clara,85,1922200,2642,2281,3,2284,127
2020-05-07,Santa Cruz,87,273765,151,136,0,136,2
2020-05-07,Shasta,89,179085,43,31,0,31,4
2020-05-07,Sierra,91,2930,0,0,0,0,0
2020-05-07,Siskiyou,93,43540,5,5,0,5,0
2020-05-07,Solano,95,438530,412,307,0,307,4
2020-05-07,Sonoma,97,501317,346,282,0,282,3
2020-05-07,Stanislaus,99,539301,548,466,4,470,10
2020-05-07,Sutter,101,95872,34,29,0,29,2
2020-05-07,Tehama,103,63373,2,1,0,1,1
2020-05-07,Trinity,105,12862,1,0,0,0,0
2020-05-07,Tulare,107,460477,1491,1001,2,1003,41
2020-05-07,Tuolumne,109,53932,3,2,0,2,0
2020-05-07,Ventura,111,848112,861,647,0,647,19
2020-05-07,Yolo,113,214977,187,172,0,172,18
2020-05-07,Yuba,115,75493,22,16,0,16,1
2020-05-06,Alameda,1,1643700,2267,1864,0,1864,67
2020-05-06,Alpine,3,1148,1,1,0,1,0
2020-05-06,Amador,5,37829,9,8,0,8,0
2020-05-06,Butte,7,227075,30,19,1,20,0
2020-05-06,Calaveras,9,45235,13,13,0,13,0
2020-05-06,Colusa,11,21464,3,3,0,3,0
2020-05-06,Contra Costa,13,1133247,1117,990,0,990,29
2020-05-06,Del Norte,15,27424,6,3,0,3,0
2020-05-06,El Dorado,17,186661,65,53,0,53,0
2020-05-06,Fresno,19,978130,1482,773,17,790,8
2020-05-06,Glenn,21,27897,8,3,0,3,0
2020-05-06,Humboldt,23,135768,66,54,0,54,0
2020-05-06,Imperial,25,180216,855,399,1,400,6
2020-05-06,Inyo,27,18085,19,20,0,20,1
2020-05-06,Kern,29,883053,1467,1112,1,1113,12
2020-05-06,Kings,31,150075,333,208,1,209,1
2020-05-06,Lake,33,64148,11,7,0,7,0
2020-05-06,Lassen,35,31185,1,0,2,2,0
2020-05-06,Los Angeles,37,10098052,36046,28687,21,28708,1347
2020-05-06,Madera,39,155013,109,55,0,55,2
2020-05-06,Marin,41,260295,269,244,1,245,14
2020-05-06,Mariposa,43,17540,15,14,0,14,0
2020-05-06,Mendocino,45,87422,13,10,0,10,0
2020-05-06,Merced,47,269075,226,140,0,140,3
2020-05-06,Modoc,49,8938,0,0,0,0,0
2020-05-06,Mono,51,14174,32,26,0,26,1
2020-05-06,Monterey,53,433212,318,246,0,246,6
2020-05-06,Napa,55,140530,83,78,0,78,2
2020-05-06,Nevada,57,99092,41,41,1,42,1
2020-05-06,Orange,59,3164182,4756,3156,17,3173,66
2020-05-06,Placer,61,380077,181,164,1,165,8
2020-05-06,Plumas,63,18699,4,4,0,4,0
2020-05-06,Riverside,65,2383286,5380,4535,7,4542,163
2020-05-06,Sacramento,67,1510023,1183,1135,0,1135,49
2020-05-06,San Benito,69,59416,55,50,0,50,2
2020-05-06,San Bernardino,71,2135413,3264,2426,0,2426,110
2020-05-06,San Diego,73,3302833,5388,4321,0,4321,158
2020-05-06,San Francisco,75,870044,2048,1804,0,1804,32
2020-05-06,San Joaquin,77,732212,647,581,3,584,28
2020-05-06,San Luis Obispo,79,281455,257,207,1,208,1
2020-05-06,San Mateo,81,765935,1610,1348,2,1350,57
2020-05-06,Santa Barbara,83,443738,1543,565,2,567,8
2020-05-06,Santa Clara,85,1922200,2627,2270,3,2273,127
2020-05-06,Santa Cruz,87,273765,147,135,0,135,2
2020-05-06,Shasta,89,179085,43,31,0,31,4
2020-05-06,Sierra,91,2930,0,0,0,0,0
2020-05-06,Siskiyou,93,43540,5,5,0,5,0
2020-05-06,Solano,95,438530,402,300,0,300,4
2020-05-06,Sonoma,97,501317,330,269,0,269,3
2020-05-06,Stanislaus,99,539301,532,434,4,438,9
2020-05-06,Sutter,101,95872,34,29,0,29,2
2020-05-06,Tehama,103,63373,2,1,0,1,1
2020-05-06,Trinity,105,12862,1,0,0,0,0
2020-05-06,Tulare,107,460477,1443,963,2,965,40
2020-05-06,Tuolumne,109,53932,3,2,0,2,0
2020-05-06,Ventura,111,848112,836,619,0,619,19
2020-05-06,Yolo,113,214977,186,172,0,172,18
2020-05-06,Yuba,115,75493,22,15,0,15,1
2020-05-05,Alameda,1,1643700,2224,1819,0,1819,67
2020-05-05,Alpine,3,1148,1,1,0,1,0
2020-05-05,Amador,5,37829,9,8,0,8,0
2020-05-05,Butte,7,227075,29,19,1,20,0
2020-05-05,Calaveras,9,45235,13,13,0,13,0
2020-05-05,Colusa,11,21464,3,3,0,3,0
2020-05-05,Contra Costa,13,1133247,1099,976,0,976,29
2020-05-05,Del Norte,15,27424,6,3,0,3,0
2020-05-05,El Dorado,17,186661,63,54,0,54,0
2020-05-05,Fresno,19,978130,1411,726,14,740,8
2020-05-05,Glenn,21,27897,8,3,0,3,0
2020-05-05,Humboldt,23,135768,63,54,0,54,0
2020-05-05,Imperial,25,180216,800,389,1,390,6
2020-05-05,Inyo,27,18085,19,20,0,20,1
2020-05-05,Kern,29,883053,1416,1084,1,1085,11
2020-05-05,Kings,31,150075,317,187,1,188,1
2020-05-05,Lake,33,64148,10,7,0,7,0
2020-05-05,Lassen,35,31185,1,0,2,2,0
2020-05-05,Los Angeles,37,10098052,34977,27867,21,27888,1289
2020-05-05,Madera,39,155013,106,53,0,53,2
2020-05-05,Marin,41,260295,263,244,1,245,14
2020-05-05,Mariposa,43,17540,15,14,0,14,0
2020-05-05,Mendocino,45,87422,13,10,0,10,0
2020-05-05,Merced,47,269075,221,141,0,141,3
2020-05-05,Modoc,49,8938,0,0,0,0,0
2020-05-05,Mono,51,14174,32,25,0,25,1
2020-05-05,Monterey,53,433212,304,240,0,240,6
2020-05-05,Napa,55,140530,83,74,0,74,2
2020-05-05,Nevada,57,99092,41,41,1,42,1
2020-05-05,Orange,59,3164182,4633,3041,17,3058,63
2020-05-05,Placer,61,380077,181,162,1,163,8
2020-05-05,Plumas,63,18699,4,4,0,4,0
2020-05-05,Riverside,65,2383286,5270,4309,7,4316,161
2020-05-05,Sacramento,67,1510023,1176,1125,0,1125,48
2020-05-05,San Benito,69,59416,54,50,0,50,2
2020-05-05,San Bernardino,71,2135413,3171,2345,0,2345,104
2020-05-05,San Diego,73,3302833,5245,4162,0,4162,150
2020-05-05,San Francisco,75,870044,2013,1779,0,1779,31
2020-05-05,San Joaquin,77,732212,638,577,3,580,26
2020-05-05,San Luis Obispo,79,281455,256,203,1,204,1
2020-05-05,San Mateo,81,765935,1578,1335,2,1337,56
2020-05-05,Santa Barbara,83,443738,1317,541,2,543,7
2020-05-05,Santa Clara,85,1922200,2585,2249,3,2252,124
2020-05-05,Santa Cruz,87,273765,144,134,0,134,2
2020-05-05,Shasta,89,179085,42,31,0,31,4
2020-05-05,Sierra,91,2930,0,0,0,0,0
2020-05-05,Siskiyou,93,43540,5,5,0,5,0
2020-05-05,Solano,95,438530,386,299,0,299,4
2020-05-05,Sonoma,97,501317,327,263,0,263,3
2020-05-05,Stanislaus,99,539301,520,430,4,434,9
2020-05-05,Sutter,101,95872,34,29,0,29,2
2020-05-05,Tehama,103,63373,2,1,0,1,1
2020-05-05,Trinity,105,12862,1,0,0,0,0
2020-05-05,Tulare,107,460477,1354,869,2,871,40
2020-05-05,Tuolumne,109,53932,3,2,0,2,0
2020-05-05,Ventura,111,848112,813,607,0,607,19
2020-05-05,Yolo,113,214977,184,171,0,171,18
2020-05-05,Yuba,115,75493,22,15,0,15,1
2020-05-04,Alameda,1,1643700,2165,1762,0,1762,65
2020-05-04,Alpine,3,1148,1,1,0,1,0
2020-05-04,Amador,5,37829,8,8,0,8,0
2020-05-04,Butte,7,227075,28,16,1,17,0
2020-05-04,Calaveras,9,45235,13,13,0,13,0
2020-05-04,Colusa,11,21464,3,3,0,3,0
2020-05-04,Contra Costa,13,1133247,1081,949,0,949,28
2020-05-04,Del Norte,15,27424,5,3,0,3,0
2020-05-04,El Dorado,17,186661,62,51,0,51,0
2020-05-04,Fresno,19,978130,1344,680,13,693,8
2020-05-04,Glenn,21,27897,8,4,0,4,0
2020-05-04,Humboldt,23,135768,61,54,0,54,0
2020-05-04,Imperial,25,180216,747,351,1,352,6
2020-05-04,Inyo,27,18085,19,20,0,20,1
2020-05-04,Kern,29,883053,1376,1047,1,1048,8
2020-05-04,Kings,31,150075,300,153,1,154,1
2020-05-04,Lake,33,64148,9,7,0,7,0
2020-05-04,Lassen,35,31185,1,0,2,2,0
2020-05-04,Los Angeles,37,10098052,33676,26243,20,26263,1235
2020-05-04,Madera,39,155013,105,52,0,52,2
2020-05-04,Marin,41,260295,258,244,1,245,13
2020-05-04,Mariposa,43,17540,15,13,0,13,0
2020-05-04,Mendocino,45,87422,13,10,0,10,0
2020-05-04,Merced,47,269075,221,138,0,138,3
2020-05-04,Modoc,49,8938,0,0,0,0,0
2020-05-04,Mono,51,14174,32,25,0,25,1
2020-05-04,Monterey,53,433212,293,237,0,237,6
2020-05-04,Napa,55,140530,83,72,0,72,2
2020-05-04,Nevada,57,99092,41,41,1,42,1
2020-05-04,Orange,59,3164182,4496,2931,16,2947,57
2020-05-04,Placer,61,380077,179,162,1,163,8
2020-05-04,Plumas,63,18699,4,4,0,4,0
2020-05-04,Riverside,65,2383286,5177,4221,7,4228,147
2020-05-04,Sacramento,67,1510023,1166,1119,0,1119,44
2020-05-04,San Benito,69,59416,52,49,0,49,2
2020-05-04,San Bernardino,71,2135413,3029,2184,0,2184,99
2020-05-04,San Diego,73,3302833,5104,4022,0,4022,144
2020-05-04,San Francisco,75,870044,1975,1760,0,1760,31
2020-05-04,San Joaquin,77,732212,624,574,3,577,26
2020-05-04,San Luis Obispo,79,281455,253,202,1,203,1
2020-05-04,San Mateo,81,765935,1553,1313,2,1315,53
2020-05-04,Santa Barbara,83,443738,1060,524,2,526,7
2020-05-04,Santa Clara,85,1922200,2571,2238,3,2241,119
2020-05-04,Santa Cruz,87,273765,143,133,0,133,2
2020-05-04,Shasta,89,179085,40,31,0,31,4
2020-05-04,Sierra,91,2930,0,0,0,0,0
2020-05-04,Siskiyou,93,43540,5,5,0,5,0
2020-05-04,Solano,95,438530,372,293,0,293,4
2020-05-04,Sonoma,97,501317,313,256,0,256,4
2020-05-04,Stanislaus,99,539301,514,422,4,426,8
2020-05-04,Sutter,101,95872,31,28,0,28,2
2020-05-04,Tehama,103,63373,2,1,0,1,1
2020-05-04,Trinity,105,12862,0,0,0,0,0
2020-05-04,Tulare,107,460477,1276,760,2,762,40
2020-05-04,Tuolumne,109,53932,3,3,0,3,0
2020-05-04,Ventura,111,848112,793,590,0,590,19
2020-05-04,Yolo,113,214977,183,171,0,171,18
2020-05-04,Yuba,115,75493,19,16,0,16,1
2020-05-03,Alameda,1,1643700,2109,1731,0,1731,64
2020-05-03,Alpine,3,1148,1,1,0,1,0
2020-05-03,Amador,5,37829,8,8,0,8,0
2020-05-03,Butte,7,227075,28,17,1,18,0
2020-05-03,Calaveras,9,45235,13,13,0,13,0
2020-05-03,Colusa,11,21464,3,3,0,3,0
2020-05-03,Contra Costa,13,1133247,1065,945,0,945,28
2020-05-03,Del Norte,15,27424,5,3,0,3,0
2020-05-03,El Dorado,17,186661,60,49,0,49,0
2020-05-03,Fresno,19,978130,1252,646,11,657,8
2020-05-03,Glenn,21,27897,7,5,0,5,0
2020-05-03,Humboldt,23,135768,60,54,0,54,0
2020-05-03,Imperial,25,180216,690,351,1,352,6
2020-05-03,Inyo,27,18085,19,20,0,20,1
2020-05-03,Kern,29,883053,1322,1025,1,1026,8
2020-05-03,Kings,31,150075,280,137,1,138,1
2020-05-03,Lake,33,64148,9,7,0,7,0
2020-05-03,Lassen,35,31185,1,0,2,2,0
2020-05-03,Los Angeles,37,10098052,32693,25708,20,25728,1210
2020-05-03,Madera,39,155013,98,46,0,46,2
2020-05-03,Marin,41,260295,253,243,1,244,13
2020-05-03,Mariposa,43,17540,15,13,0,13,0
2020-05-03,Mendocino,45,87422,13,10,0,10,0
2020-05-03,Merced,47,269075,213,134,0,134,3
2020-05-03,Modoc,49,8938,0,0,0,0,0
2020-05-03,Mono,51,14174,32,25,0,25,1
2020-05-03,Monterey,53,433212,284,235,0,235,6
2020-05-03,Napa,55,140530,83,72,0,72,2
2020-05-03,Nevada,57,99092,41,41,1,42,1
2020-05-03,Orange,59,3164182,4325,2859,15,2874,55
2020-05-03,Placer,61,380077,179,161,1,162,8
2020-05-03,Plumas,63,18699,4,4,0,4,0
2020-05-03,Riverside,65,2383286,5072,4034,7,4041,139
2020-05-03,Sacramento,67,1510023,1157,1109,0,1109,43
2020-05-03,San Benito,69,59416,52,49,0,49,2
2020-05-03,San Bernardino,71,2135413,2968,2123,0,2123,99
2020-05-03,San Diego,73,3302833,4967,3929,0,3929,142
2020-05-03,San Francisco,75,870044,1947,1692,0,1692,30
2020-05-03,San Joaquin,77,732212,617,570,3,573,26
2020-05-03,San Luis Obispo,79,281455,250,200,1,201,1
2020-05-03,San Mateo,81,765935,1525,1277,2,1279,53
2020-05-03,Santa Barbara,83,443738,692,512,2,514,7
2020-05-03,Santa Clara,85,1922200,2543,2235,3,2238,116
2020-05-03,Santa Cruz,87,273765,143,133,0,133,2
2020-05-03,Shasta,89,179085,38,31,0,31,4
2020-05-03,Sierra,91,2930,0,0,0,0,0
2020-05-03,Siskiyou,93,43540,5,5,0,5,0
2020-05-03,Solano,95,438530,362,266,0,266,4
2020-05-03,Sonoma,97,501317,304,254,0,254,4
2020-05-03,Stanislaus,99,539301,486,411,4,415,8
2020-05-03,Sutter,101,95872,30,28,0,28,2
2020-05-03,Tehama,103,63373,2,1,0,1,1
2020-05-03,Trinity,105,12862,0,0,0,0,0
2020-05-03,Tulare,107,460477,1198,736,2,738,40
2020-05-03,Tuolumne,109,53932,3,3,0,3,0
2020-05-03,Ventura,111,848112,762,583,0,583,19
2020-05-03,Yolo,113,214977,182,171,0,171,18
2020-05-03,Yuba,115,75493,19,16,0,16,1
2020-05-02,Alameda,1,1643700,2072,1678,0,1678,63
2020-05-02,Alpine,3,1148,1,1,0,1,0
2020-05-02,Amador,5,37829,8,8,0,8,0
2020-05-02,Butte,7,227075,28,17,1,18,0
2020-05-02,Calaveras,9,45235,13,13,0,13,0
2020-05-02,Colusa,11,21464,3,3,0,3,0
2020-05-02,Contra Costa,13,1133247,1048,929,0,929,28
2020-05-02,Del Norte,15,27424,5,3,0,3,0
2020-05-02,El Dorado,17,186661,60,47,0,47,0
2020-05-02,Fresno,19,978130,1229,629,10,639,8
2020-05-02,Glenn,21,27897,7,5,0,5,0
2020-05-02,Humboldt,23,135768,60,54,0,54,0
2020-05-02,Imperial,25,180216,663,345,1,346,6
2020-05-02,Inyo,27,18085,19,20,0,20,1
2020-05-02,Kern,29,883053,1296,1007,1,1008,8
2020-05-02,Kings,31,150075,277,120,1,121,1
2020-05-02,Lake,33,64148,9,7,0,7,0
2020-05-02,Lassen,35,31185,1,0,2,2,0
2020-05-02,Los Angeles,37,10098052,32165,24955,20,24975,1192
2020-05-02,Madera,39,155013,98,46,0,46,2
2020-05-02,Marin,41,260295,252,243,1,244,13
2020-05-02,Mariposa,43,17540,15,13,0,13,0
2020-05-02,Mendocino,45,87422,13,10,0,10,0
2020-05-02,Merced,47,269075,210,131,0,131,3
2020-05-02,Modoc,49,8938,0,0,0,0,0
2020-05-02,Mono,51,14174,32,25,0,25,1
2020-05-02,Monterey,53,433212,278,225,0,225,5
2020-05-02,Napa,55,140530,83,71,0,71,2
2020-05-02,Nevada,57,99092,41,41,1,42,1
2020-05-02,Orange,59,3164182,4211,2774,15,2789,52
2020-05-02,Placer,61,380077,177,150,1,151,8
2020-05-02,Plumas,63,18699,4,4,0,4,0
2020-05-02,Riverside,65,2383286,5006,3997,7,4004,137
2020-05-02,Sacramento,67,1510023,1154,1097,0,1097,43
2020-05-02,San Benito,69,59416,52,49,0,49,2
2020-05-02,San Bernardino,71,2135413,2929,2124,0,2124,99
2020-05-02,San Diego,73,3302833,4865,3844,0,3844,138
2020-05-02,San Francisco,75,870044,1924,1632,0,1632,29
2020-05-02,San Joaquin,77,732212,609,559,3,562,25
2020-05-02,San Luis Obispo,79,281455,244,193,1,194,1
2020-05-02,San Mateo,81,765935,1509,1272,2,1274,52
2020-05-02,Santa Barbara,83,443738,680,506,2,508,7
2020-05-02,Santa Clara,85,1922200,2533,2203,3,2206,115
2020-05-02,Santa Cruz,87,273765,142,131,0,131,2
2020-05-02,Shasta,89,179085,38,31,0,31,4
2020-05-02,Sierra,91,2930,0,0,0,0,0
2020-05-02,Siskiyou,93,43540,5,5,0,5,0
2020-05-02,Solano,95,438530,355,267,0,267,4
2020-05-02,Sonoma,97,501317,301,250,0,250,3
2020-05-02,Stanislaus,99,539301,478,388,4,392,8
2020-05-02,Sutter,101,95872,30,28,0,28,2
2020-05-02,Tehama,103,63373,2,1,0,1,1
2020-05-02,Trinity,105,12862,0,0,0,0,0
2020-05-02,Tulare,107,460477,1158,711,2,713,35
2020-05-02,Tuolumne,109,53932,3,3,0,3,0
2020-05-02,Ventura,111,848112,748,564,0,564,19
2020-05-02,Yolo,113,214977,182,169,0,169,17
2020-05-02,Yuba,115,75493,19,16,0,16,1
2020-05-01,Alameda,1,1643700,2035,1630,0,1630,63
2020-05-01,Alpine,3,1148,1,1,0,1,0
2020-05-01,Amador,5,37829,8,8,0,8,0
2020-05-01,Butte,7,227075,28,17,1,18,0
2020-05-01,Calaveras,9,45235,13,13,0,13,0
2020-05-01,Colusa,11,21464,3,3,0,3,0
2020-05-01,Contra Costa,13,1133247,1034,915,0,915,28
2020-05-01,Del Norte,15,27424,5,3,0,3,0
2020-05-01,El Dorado,17,186661,60,47,0,47,0
2020-05-01,Fresno,19,978130,1198,617,10,627,7
2020-05-01,Glenn,21,27897,7,4,0,4,0
2020-05-01,Humboldt,23,135768,60,54,0,54,0
2020-05-01,Imperial,25,180216,626,337,1,338,6
2020-05-01,Inyo,27,18085,19,20,0,20,1
2020-05-01,Kern,29,883053,1269,972,1,973,8
2020-05-01,Kings,31,150075,260,112,1,113,1
2020-05-01,Lake,33,64148,9,6,0,6,0
2020-05-01,Lassen,35,31185,1,0,2,2,0
2020-05-01,Los Angeles,37,10098052,31411,24306,20,24326,1155
2020-05-01,Madera,39,155013,94,46,0,46,2
2020-05-01,Marin,41,260295,252,242,1,243,13
2020-05-01,Mariposa,43,17540,15,10,0,10,0
2020-05-01,Mendocino,45,87422,13,11,0,11,0
2020-05-01,Merced,47,269075,207,131,0,131,3
2020-05-01,Modoc,49,8938,0,0,0,0,0
2020-05-01,Mono,51,14174,32,25,0,25,1
2020-05-01,Monterey,53,433212,274,222,0,222,5
2020-05-01,Napa,55,140530,83,69,0,69,2
2020-05-01,Nevada,57,99092,41,41,1,42,1
2020-05-01,Orange,59,3164182,4133,2660,14,2674,51
2020-05-01,Placer,61,380077,176,149,1,150,8
2020-05-01,Plumas,63,18699,4,4,0,4,0
2020-05-01,Riverside,65,2383286,4943,3893,7,3900,132
2020-05-01,Sacramento,67,1510023,1149,1081,0,1081,43
2020-05-01,San Benito,69,59416,52,49,0,49,2
2020-05-01,San Bernardino,71,2135413,2874,2084,0,2084,98
2020-05-01,San Diego,73,3302833,4775,3713,0,3713,134
2020-05-01,San Francisco,75,870044,1880,1552,0,1552,29
2020-05-01,San Joaquin,77,732212,605,554,3,557,25
2020-05-01,San Luis Obispo,79,281455,241,186,1,187,1
2020-05-01,San Mateo,81,765935,1487,1222,2,1224,52
2020-05-01,Santa Barbara,83,443738,672,499,2,501,7
2020-05-01,Santa Clara,85,1922200,2523,2176,3,2179,112
2020-05-01,Santa Cruz,87,273765,142,127,0,127,2
2020-05-01,Shasta,89,179085,38,31,0,31,4
2020-05-01,Sierra,91,2930,0,0,0,0,0
2020-05-01,Siskiyou,93,43540,5,5,0,5,0
2020-05-01,Solano,95,438530,347,266,0,266,4
2020-05-01,Sonoma,97,501317,298,242,0,242,3
2020-05-01,Stanislaus,99,539301,473,384,4,388,8
2020-05-01,Sutter,101,95872,30,28,0,28,2
2020-05-01,Tehama,103,63373,2,1,0,1,1
2020-05-01,Trinity,105,12862,0,0,0,0,0
2020-05-01,Tulare,107,460477,1114,685,2,687,32
2020-05-01,Tuolumne,109,53932,3,3,0,3,0
2020-05-01,Ventura,111,848112,735,556,0,556,18
2020-05-01,Yolo,113,214977,182,165,0,165,18
2020-05-01,Yuba,115,75493,19,16,0,16,1
2020-04-30,Alameda,1,1643700,1975,1599,0,1599,60
2020-04-30,Alpine,3,1148,1,1,0,1,0
2020-04-30,Amador,5,37829,8,8,0,8,0
2020-04-30,Butte,7,227075,28,16,1,17,0
2020-04-30,Calaveras,9,45235,13,13,0,13,0
2020-04-30,Colusa,11,21464,3,3,0,3,0
2020-04-30,Contra Costa,13,1133247,1012,900,0,900,25
2020-04-30,Del Norte,15,27424,4,3,0,3,0
2020-04-30,El Dorado,17,186661,60,44,0,44,0
2020-04-30,Fresno,19,978130,1134,562,7,569,7
2020-04-30,Glenn,21,27897,7,4,0,4,0
2020-04-30,Humboldt,23,135768,60,54,0,54,0
2020-04-30,Imperial,25,180216,579,322,1,323,6
2020-04-30,Inyo,27,18085,19,20,0,20,1
2020-04-30,Kern,29,883053,1238,941,1,942,8
2020-04-30,Kings,31,150075,248,87,1,88,1
2020-04-30,Lake,33,64148,9,6,0,6,0
2020-04-30,Lassen,35,31185,1,0,2,2,0
2020-04-30,Los Angeles,37,10098052,30404,23284,20,23304,1099
2020-04-30,Madera,39,155013,83,46,0,46,2
2020-04-30,Marin,41,260295,252,240,1,241,13
2020-04-30,Mariposa,43,17540,15,3,0,3,0
2020-04-30,Mendocino,45,87422,13,11,0,11,0
2020-04-30,Merced,47,269075,200,122,0,122,3
2020-04-30,Modoc,49,8938,0,0,0,0,0
2020-04-30,Mono,51,14174,31,25,0,25,1
2020-04-30,Monterey,53,433212,264,213,0,213,5
2020-04-30,Napa,55,140530,81,69,0,69,2
2020-04-30,Nevada,57,99092,41,41,1,42,1
2020-04-30,Orange,59,3164182,3919,2591,13,2604,46
2020-04-30,Placer,61,380077,175,148,1,149,8
2020-04-30,Plumas,63,18699,4,4,0,4,0
2020-04-30,Riverside,65,2383286,4843,3820,6,3826,124
2020-04-30,Sacramento,67,1510023,1143,1071,0,1071,43
2020-04-30,San Benito,69,59416,52,48,0,48,2
2020-04-30,San Bernardino,71,2135413,2673,2020,0,2020,96
2020-04-30,San Diego,73,3302833,4604,3566,0,3566,124
2020-04-30,San Francisco,75,870044,1846,1518,0,1518,26
2020-04-30,San Joaquin,77,732212,598,548,3,551,25
2020-04-30,San Luis Obispo,79,281455,238,182,1,183,1
2020-04-30,San Mateo,81,765935,1457,1194,2,1196,52
2020-04-30,Santa Barbara,83,443738,654,490,2,492,7
2020-04-30,Santa Clara,85,1922200,2487,2172,3,2175,111
2020-04-30,Santa Cruz,87,273765,141,126,0,126,2
2020-04-30,Shasta,89,179085,37,31,0,31,4
2020-04-30,Sierra,91,2930,0,0,0,0,0
2020-04-30,Siskiyou,93,43540,5,5,0,5,0
2020-04-30,Solano,95,438530,337,262,0,262,4
2020-04-30,Sonoma,97,501317,289,233,0,233,3
2020-04-30,Stanislaus,99,539301,466,378,4,382,7
2020-04-30,Sutter,101,95872,30,28,0,28,2
2020-04-30,Tehama,103,63373,1,1,0,1,1
2020-04-30,Trinity,105,12862,0,0,0,0,0
2020-04-30,Tulare,107,460477,1050,637,2,639,31
2020-04-30,Tuolumne,109,53932,3,3,0,3,0
2020-04-30,Ventura,111,848112,707,547,0,547,18
2020-04-30,Yolo,113,214977,181,164,0,164,16
2020-04-30,Yuba,115,75493,19,15,0,15,1
2020-04-29,Alameda,1,1643700,1917,1564,0,1564,60
2020-04-29,Alpine,3,1148,1,1,0,1,0
2020-04-29,Amador,5,37829,8,8,0,8,0
2020-04-29,Butte,7,227075,28,16,1,17,0
2020-04-29,Calaveras,9,45235,13,13,0,13,0
2020-04-29,Colusa,11,21464,3,3,0,3,0
2020-04-29,Contra Costa,13,1133247,993,885,0,885,25
2020-04-29,Del Norte,15,27424,4,3,0,3,0
2020-04-29,El Dorado,17,186661,58,44,0,44,0
2020-04-29,Fresno,19,978130,1082,544,7,551,7
2020-04-29,Glenn,21,27897,7,4,0,4,0
2020-04-29,Humboldt,23,135768,60,53,0,53,0
2020-04-29,Imperial,25,180216,550,300,1,301,6
2020-04-29,Inyo,27,18085,19,20,0,20,1
2020-04-29,Kern,29,883053,1195,910,1,911,6
2020-04-29,Kings,31,150075,229,80,1,81,1
2020-04-29,Lake,33,64148,9,6,0,6,0
2020-04-29,Lassen,35,31185,1,0,2,2,0
2020-04-29,Los Angeles,37,10098052,29427,22560,20,22580,1043
2020-04-29,Madera,39,155013,82,45,0,45,2
2020-04-29,Marin,41,260295,249,234,1,235,13
2020-04-29,Mariposa,43,17540,15,1,0,1,0
2020-04-29,Mendocino,45,87422,13,11,0,11,0
2020-04-29,Merced,47,269075,193,116,0,116,3
2020-04-29,Modoc,49,8938,0,0,0,0,0
2020-04-29,Mono,51,14174,31,25,0,25,1
2020-04-29,Monterey,53,433212,256,204,0,204,5
2020-04-29,Napa,55,140530,79,68,0,68,2
2020-04-29,Nevada,57,99092,41,41,1,42,1
2020-04-29,Orange,59,3164182,3788,2421,12,2433,43
2020-04-29,Placer,61,380077,173,145,1,146,8
2020-04-29,Plumas,63,18699,4,4,0,4,0
2020-04-29,Riverside,65,2383286,4767,3700,6,3706,116
2020-04-29,Sacramento,67,1510023,1121,1055,0,1055,41
2020-04-29,San Benito,69,59416,52,48,0,48,2
2020-04-29,San Bernardino,71,2135413,2586,1975,0,1975,91
2020-04-29,San Diego,73,3302833,4463,3434,0,3434,120
2020-04-29,San Francisco,75,870044,1818,1489,0,1489,23
2020-04-29,San Joaquin,77,732212,590,540,3,543,25
2020-04-29,San Luis Obispo,79,281455,236,181,1,182,1
2020-04-29,San Mateo,81,765935,1431,1170,2,1172,50
2020-04-29,Santa Barbara,83,443738,640,477,2,479,7
2020-04-29,Santa Clara,85,1922200,2467,2147,3,2150,108
2020-04-29,Santa Cruz,87,273765,140,124,0,124,2
2020-04-29,Shasta,89,179085,37,31,0,31,4
2020-04-29,Sierra,91,2930,0,0,0,0,0
2020-04-29,Siskiyou,93,43540,5,5,0,5,0
2020-04-29,Solano,95,438530,314,252,0,252,3
2020-04-29,Sonoma,97,501317,281,230,0,230,2
2020-04-29,Stanislaus,99,539301,453,374,4,378,5
2020-04-29,Sutter,101,95872,30,28,0,28,2
2020-04-29,Tehama,103,63373,1,1,0,1,1
2020-04-29,Trinity,105,12862,0,0,0,0,0
2020-04-29,Tulare,107,460477,980,615,2,617,30
2020-04-29,Tuolumne,109,53932,3,4,0,4,0
2020-04-29,Ventura,111,848112,684,530,0,530,18
2020-04-29,Yolo,113,214977,178,161,0,161,11
2020-04-29,Yuba,115,75493,19,15,0,15,1
2020-04-28,Alameda,1,1643700,1860,1525,0,1525,55
2020-04-28,Alpine,3,1148,1,1,0,1,0
2020-04-28,Amador,5,37829,8,8,0,8,0
2020-04-28,Butte,7,227075,28,16,1,17,0
2020-04-28,Calaveras,9,45235,13,13,0,13,0
2020-04-28,Colusa,11,21464,3,3,0,3,0
2020-04-28,Contra Costa,13,1133247,986,866,0,866,25
2020-04-28,Del Norte,15,27424,4,3,0,3,0
2020-04-28,El Dorado,17,186661,57,43,0,43,0
2020-04-28,Fresno,19,978130,1032,525,6,531,7
2020-04-28,Glenn,21,27897,5,4,0,4,0
2020-04-28,Humboldt,23,135768,59,53,0,53,0
2020-04-28,Imperial,25,180216,516,295,1,296,6
2020-04-28,Inyo,27,18085,19,20,0,20,1
2020-04-28,Kern,29,883053,1153,882,1,883,5
2020-04-28,Kings,31,150075,216,57,1,58,1
2020-04-28,Lake,33,64148,9,6,0,6,0
2020-04-28,Lassen,35,31185,1,0,2,2,0
2020-04-28,Los Angeles,37,10098052,28362,21029,20,21049,984
2020-04-28,Madera,39,155013,82,44,0,44,2
2020-04-28,Marin,41,260295,248,228,1,229,12
2020-04-28,Mariposa,43,17540,15,0,0,0,0
2020-04-28,Mendocino,45,87422,13,10,0,10,0
2020-04-28,Merced,47,269075,186,108,0,108,3
2020-04-28,Modoc,49,8938,0,0,0,0,0
2020-04-28,Mono,51,14174,31,25,0,25,1
2020-04-28,Monterey,53,433212,250,191,0,191,5
2020-04-28,Napa,55,140530,78,67,0,67,2
2020-04-28,Nevada,57,99092,41,41,1,42,1
2020-04-28,Orange,59,3164182,3625,2324,11,2335,42
2020-04-28,Placer,61,380077,163,143,1,144,8
2020-04-28,Plumas,63,18699,4,4,0,4,0
2020-04-28,Riverside,65,2383286,4672,3504,6,3510,113
2020-04-28,Sacramento,67,1510023,1107,1044,0,1044,41
2020-04-28,San Benito,69,59416,51,46,0,46,2
2020-04-28,San Bernardino,71,2135413,2509,1891,0,1891,89
2020-04-28,San Diego,73,3302833,4333,3316,0,3316,118
2020-04-28,San Francisco,75,870044,1783,1471,0,1471,23
2020-04-28,San Joaquin,77,732212,584,532,3,535,25
2020-04-28,San Luis Obispo,79,281455,230,172,1,173,1
2020-04-28,San Mateo,81,765935,1418,1129,2,1131,48
2020-04-28,Santa Barbara,83,443738,633,469,2,471,7
2020-04-28,Santa Clara,85,1922200,2437,2130,3,2133,106
2020-04-28,Santa Cruz,87,273765,140,123,0,123,2
2020-04-28,Shasta,89,179085,37,29,0,29,4
2020-04-28,Sierra,91,2930,0,0,0,0,0
2020-04-28,Siskiyou,93,43540,5,5,0,5,0
2020-04-28,Solano,95,438530,295,246,0,246,3
2020-04-28,Sonoma,97,501317,278,226,0,226,1
2020-04-28,Stanislaus,99,539301,437,330,4,334,5
2020-04-28,Sutter,101,95872,30,25,0,25,2
2020-04-28,Tehama,103,63373,1,1,0,1,1
2020-04-28,Trinity,105,12862,0,0,0,0,0
2020-04-28,Tulare,107,460477,886,579,2,581,30
2020-04-28,Tuolumne,109,53932,3,4,0,4,0
2020-04-28,Ventura,111,848112,666,517,0,517,17
2020-04-28,Yolo,113,214977,178,160,0,160,10
2020-04-28,Yuba,115,75493,19,15,0,15,1
2020-04-27,Alameda,1,1643700,1800,1494,0,1494,53
2020-04-27,Alpine,3,1148,1,1,0,1,0
2020-04-27,Amador,5,37829,8,8,0,8,0
2020-04-27,Butte,7,227075,27,16,1,17,0
2020-04-27,Calaveras,9,45235,13,13,0,13,0
2020-04-27,Colusa,11,21464,3,3,0,3,0
2020-04-27,Contra Costa,13,1133247,974,843,0,843,25
2020-04-27,Del Norte,15,27424,4,3,0,3,0
2020-04-27,El Dorado,17,186661,56,43,0,43,0
2020-04-27,Fresno,19,978130,929,504,5,509,7
2020-04-27,Glenn,21,27897,5,4,0,4,0
2020-04-27,Humboldt,23,135768,59,52,0,52,0
2020-04-27,Imperial,25,180216,486,290,1,291,6
2020-04-27,Inyo,27,18085,19,20,0,20,1
2020-04-27,Kern,29,883053,1115,865,1,866,4
2020-04-27,Kings,31,150075,193,48,1,49,1
2020-04-27,Lake,33,64148,8,6,0,6,0
2020-04-27,Lassen,35,31185,1,0,2,2,0
2020-04-27,Los Angeles,37,10098052,27345,20456,20,20476,931
2020-04-27,Madera,39,155013,80,42,0,42,2
2020-04-27,Marin,41,260295,243,227,1,228,12
2020-04-27,Mariposa,43,17540,14,0,0,0,0
2020-04-27,Mendocino,45,87422,13,10,0,10,0
2020-04-27,Merced,47,269075,183,108,0,108,3
2020-04-27,Modoc,49,8938,0,0,0,0,0
2020-04-27,Mono,51,14174,31,23,0,23,1
2020-04-27,Monterey,53,433212,243,185,0,185,4
2020-04-27,Napa,55,140530,75,64,0,64,2
2020-04-27,Nevada,57,99092,41,39,1,40,1
2020-04-27,Orange,59,3164182,3456,2198,11,2209,42
2020-04-27,Placer,61,380077,163,142,1,143,8
2020-04-27,Plumas,63,18699,4,4,0,4,0
2020-04-27,Riverside,65,2383286,4549,3381,6,3387,100
2020-04-27,Sacramento,67,1510023,1092,1035,0,1035,41
2020-04-27,San Benito,69,59416,49,45,0,45,2
2020-04-27,San Bernardino,71,2135413,2394,1742,0,1742,82
2020-04-27,San Diego,73,3302833,4207,3143,0,3143,113
2020-04-27,San Francisco,75,870044,1729,1453,0,1453,23
2020-04-27,San Joaquin,77,732212,578,522,3,525,25
2020-04-27,San Luis Obispo,79,281455,223,166,1,167,1
2020-04-27,San Mateo,81,765935,1396,1092,2,1094,46
2020-04-27,Santa Barbara,83,443738,620,466,2,468,7
2020-04-27,Santa Clara,85,1922200,2417,2104,2,2106,105
2020-04-27,Santa Cruz,87,273765,140,123,0,123,2
2020-04-27,Shasta,89,179085,37,29,0,29,4
2020-04-27,Sierra,91,2930,0,0,0,0,0
2020-04-27,Siskiyou,93,43540,5,5,0,5,0
2020-04-27,Solano,95,438530,295,222,0,222,3
2020-04-27,Sonoma,97,501317,269,220,0,220,1
2020-04-27,Stanislaus,99,539301,421,316,4,320,5
2020-04-27,Sutter,101,95872,29,26,0,26,2
2020-04-27,Tehama,103,63373,1,1,0,1,1
2020-04-27,Trinity,105,12862,0,0,0,0,0
2020-04-27,Tulare,107,460477,815,535,2,537,28
2020-04-27,Tuolumne,109,53932,3,3,0,3,0
2020-04-27,Ventura,111,848112,649,513,0,513,17
2020-04-27,Yolo,113,214977,175,160,0,160,9
2020-04-27,Yuba,115,75493,19,15,0,15,1
2020-04-26,Alameda,1,1643700,1739,1449,0,1449,52
2020-04-26,Alpine,3,1148,1,1,0,1,0
2020-04-26,Amador,5,37829,8,8,0,8,0
2020-04-26,Butte,7,227075,27,16,1,17,0
2020-04-26,Calaveras,9,45235,13,13,0,13,0
2020-04-26,Colusa,11,21464,3,3,0,3,0
2020-04-26,Contra Costa,13,1133247,958,830,0,830,25
2020-04-26,Del Norte,15,27424,3,3,0,3,0
2020-04-26,El Dorado,17,186661,54,41,0,41,0
2020-04-26,Fresno,19,978130,838,476,5,481,7
2020-04-26,Glenn,21,27897,5,4,0,4,0
2020-04-26,Humboldt,23,135768,59,53,0,53,0
2020-04-26,Imperial,25,180216,452,272,1,273,6
2020-04-26,Inyo,27,18085,19,20,0,20,1
2020-04-26,Kern,29,883053,1065,831,1,832,4
2020-04-26,Kings,31,150075,168,33,1,34,1
2020-04-26,Lake,33,64148,8,6,0,6,0
2020-04-26,Lassen,35,31185,1,0,2,2,0
2020-04-26,Los Angeles,37,10098052,26196,19570,20,19590,901
2020-04-26,Madera,39,155013,78,39,0,39,2
2020-04-26,Marin,41,260295,237,225,1,226,12
2020-04-26,Mariposa,43,17540,14,0,0,0,0
2020-04-26,Mendocino,45,87422,13,5,0,5,0
2020-04-26,Merced,47,269075,166,104,0,104,3
2020-04-26,Modoc,49,8938,0,0,0,0,0
2020-04-26,Mono,51,14174,31,23,0,23,1
2020-04-26,Monterey,53,433212,236,182,0,182,4
2020-04-26,Napa,55,140530,74,62,0,62,2
2020-04-26,Nevada,57,99092,41,37,1,38,1
2020-04-26,Orange,59,3164182,3291,2124,11,2135,40
2020-04-26,Placer,61,380077,163,141,1,142,8
2020-04-26,Plumas,63,18699,4,4,0,4,0
2020-04-26,Riverside,65,2383286,4408,3301,6,3307,95
2020-04-26,Sacramento,67,1510023,1083,1027,0,1027,41
2020-04-26,San Benito,69,59416,49,45,0,45,2
2020-04-26,San Bernardino,71,2135413,2297,1681,0,1681,82
2020-04-26,San Diego,73,3302833,4065,3045,0,3045,111
2020-04-26,San Francisco,75,870044,1690,1403,0,1403,23
2020-04-26,San Joaquin,77,732212,570,514,3,517,25
2020-04-26,San Luis Obispo,79,281455,220,165,1,166,1
2020-04-26,San Mateo,81,765935,1370,1070,2,1072,46
2020-04-26,Santa Barbara,83,443738,608,464,2,466,7
2020-04-26,Santa Clara,85,1922200,2398,2097,1,2098,102
2020-04-26,Santa Cruz,87,273765,140,116,0,116,2
2020-04-26,Shasta,89,179085,34,29,0,29,4
2020-04-26,Sierra,91,2930,0,0,0,0,0
2020-04-26,Siskiyou,93,43540,5,5,0,5,0
2020-04-26,Solano,95,438530,286,205,0,205,3
2020-04-26,Sonoma,97,501317,258,216,0,216,1
2020-04-26,Stanislaus,99,539301,406,294,4,298,4
2020-04-26,Sutter,101,95872,29,26,0,26,2
2020-04-26,Tehama,103,63373,1,1,0,1,1
2020-04-26,Trinity,105,12862,0,0,0,0,0
2020-04-26,Tulare,107,460477,758,497,2,499,28
2020-04-26,Tuolumne,109,53932,3,3,0,3,0
2020-04-26,Ventura,111,848112,634,509,0,509,17
2020-04-26,Yolo,113,214977,174,158,0,158,8
2020-04-26,Yuba,115,75493,18,15,0,15,1
2020-04-25,Alameda,1,1643700,1714,1396,0,1396,52
2020-04-25,Alpine,3,1148,1,1,0,1,0
2020-04-25,Amador,5,37829,8,8,0,8,0
2020-04-25,Butte,7,227075,26,16,1,17,0
2020-04-25,Calaveras,9,45235,13,12,0,12,0
2020-04-25,Colusa,11,21464,3,3,0,3,0
2020-04-25,Contra Costa,13,1133247,944,821,0,821,24
2020-04-25,Del Norte,15,27424,2,2,0,2,0
2020-04-25,El Dorado,17,186661,53,41,0,41,0
2020-04-25,Fresno,19,978130,808,459,4,463,7
2020-04-25,Glenn,21,27897,5,4,0,4,0
2020-04-25,Humboldt,23,135768,59,53,0,53,0
2020-04-25,Imperial,25,180216,435,232,1,233,6
2020-04-25,Inyo,27,18085,19,20,0,20,1
2020-04-25,Kern,29,883053,1034,802,1,803,4
2020-04-25,Kings,31,150075,156,33,1,34,1
2020-04-25,Lake,33,64148,6,6,0,6,0
2020-04-25,Lassen,35,31185,1,0,2,2,0
2020-04-25,Los Angeles,37,10098052,25562,19144,20,19164,881
2020-04-25,Madera,39,155013,75,39,0,39,2
2020-04-25,Marin,41,260295,237,215,1,216,12
2020-04-25,Mariposa,43,17540,14,0,0,0,0
2020-04-25,Mendocino,45,87422,12,5,0,5,0
2020-04-25,Merced,47,269075,166,103,0,103,3
2020-04-25,Modoc,49,8938,0,0,0,0,0
2020-04-25,Mono,51,14174,31,23,0,23,1
2020-04-25,Monterey,53,433212,234,173,0,173,4
2020-04-25,Napa,55,140530,74,60,0,60,2
2020-04-25,Nevada,57,99092,41,37,1,38,1
2020-04-25,Orange,59,3164182,3185,2047,11,2058,40
2020-04-25,Placer,61,380077,163,137,1,138,8
2020-04-25,Plumas,63,18699,4,4,0,4,0
2020-04-25,Riverside,65,2383286,4320,3037,6,3043,93
2020-04-25,Sacramento,67,1510023,1081,1015,0,1015,41
2020-04-25,San Benito,69,59416,49,45,0,45,2
2020-04-25,San Bernardino,71,2135413,2252,1675,0,1675,82
2020-04-25,San Diego,73,3302833,3965,2945,0,2945,111
2020-04-25,San Francisco,75,870044,1665,1341,0,1341,22
2020-04-25,San Joaquin,77,732212,563,497,3,500,24
2020-04-25,San Luis Obispo,79,281455,219,159,1,160,1
2020-04-25,San Mateo,81,765935,1352,1054,2,1056,46
2020-04-25,Santa Barbara,83,443738,600,457,2,459,7
2020-04-25,Santa Clara,85,1922200,2381,2045,1,2046,99
2020-04-25,Santa Cruz,87,273765,140,112,0,112,2
2020-04-25,Shasta,89,179085,34,29,0,29,4
2020-04-25,Sierra,91,2930,0,0,0,0,0
2020-04-25,Siskiyou,93,43540,5,5,0,5,0
2020-04-25,Solano,95,438530,282,203,0,203,3
2020-04-25,Sonoma,97,501317,254,199,0,199,1
2020-04-25,Stanislaus,99,539301,398,276,4,280,4
2020-04-25,Sutter,101,95872,29,24,0,24,2
2020-04-25,Tehama,103,63373,1,1,0,1,1
2020-04-25,Trinity,105,12862,0,0,0,0,0
2020-04-25,Tulare,107,460477,725,478,2,480,28
2020-04-25,Tuolumne,109,53932,3,2,0,2,0
2020-04-25,Ventura,111,848112,620,494,0,494,16
2020-04-25,Yolo,113,214977,174,157,0,157,8
2020-04-25,Yuba,115,75493,17,15,0,15,1
2020-04-24,Alameda,1,1643700,1683,1385,0,1385,50
2020-04-24,Alpine,3,1148,1,1,0,1,0
2020-04-24,Amador,5,37829,8,8,0,8,0
2020-04-24,Butte,7,227075,26,15,1,16,0
2020-04-24,Calaveras,9,45235,13,12,0,12,0
2020-04-24,Colusa,11,21464,3,3,0,3,0
2020-04-24,Contra Costa,13,1133247,935,806,0,806,23
2020-04-24,Del Norte,15,27424,2,2,0,2,0
2020-04-24,El Dorado,17,186661,52,41,0,41,0
2020-04-24,Fresno,19,978130,789,449,4,453,7
2020-04-24,Glenn,21,27897,5,4,0,4,0
2020-04-24,Humboldt,23,135768,59,53,0,53,0
2020-04-24,Imperial,25,180216,419,232,1,233,6
2020-04-24,Inyo,27,18085,19,20,0,20,0
2020-04-24,Kern,29,883053,1010,770,1,771,4
2020-04-24,Kings,31,150075,127,30,1,31,1
2020-04-24,Lake,33,64148,6,6,0,6,0
2020-04-24,Lassen,35,31185,1,0,2,2,0
2020-04-24,Los Angeles,37,10098052,24630,18553,20,18573,836
2020-04-24,Madera,39,155013,75,39,0,39,2
2020-04-24,Marin,41,260295,237,211,1,212,11
2020-04-24,Mariposa,43,17540,8,0,0,0,0
2020-04-24,Mendocino,45,87422,12,5,0,5,0
2020-04-24,Merced,47,269075,163,102,0,102,3
2020-04-24,Modoc,49,8938,0,0,0,0,0
2020-04-24,Mono,51,14174,30,23,0,23,1
2020-04-24,Monterey,53,433212,227,167,0,167,4
2020-04-24,Napa,55,140530,73,59,0,59,2
2020-04-24,Nevada,57,99092,41,36,1,37,1
2020-04-24,Orange,59,3164182,3077,1945,11,1956,39
2020-04-24,Placer,61,380077,161,137,1,138,8
2020-04-24,Plumas,63,18699,4,4,0,4,0
2020-04-24,Riverside,65,2383286,4239,3044,6,3050,87
2020-04-24,Sacramento,67,1510023,1075,1009,0,1009,41
2020-04-24,San Benito,69,59416,49,45,0,45,2
2020-04-24,San Bernardino,71,2135413,2217,1667,0,1667,80
2020-04-24,San Diego,73,3302833,3854,2828,0,2828,102
2020-04-24,San Francisco,75,870044,1607,1345,0,1345,22
2020-04-24,San Joaquin,77,732212,556,484,3,487,24
2020-04-24,San Luis Obispo,79,281455,216,151,1,152,1
2020-04-24,San Mateo,81,765935,1329,1004,2,1006,43
2020-04-24,Santa Barbara,83,443738,593,450,2,452,6
2020-04-24,Santa Clara,85,1922200,2351,2026,1,2027,98
2020-04-24,Santa Cruz,87,273765,136,111,0,111,2
2020-04-24,Shasta,89,179085,34,28,0,28,4
2020-04-24,Sierra,91,2930,0,0,0,0,0
2020-04-24,Siskiyou,93,43540,5,5,0,5,0
2020-04-24,Solano,95,438530,280,203,0,203,3
2020-04-24,Sonoma,97,501317,250,199,0,199,1
2020-04-24,Stanislaus,99,539301,395,273,4,277,4
2020-04-24,Sutter,101,95872,28,24,0,24,2
2020-04-24,Tehama,103,63373,1,1,0,1,1
2020-04-24,Trinity,105,12862,0,0,0,0,0
2020-04-24,Tulare,107,460477,697,459,2,461,27
2020-04-24,Tuolumne,109,53932,3,2,0,2,0
2020-04-24,Ventura,111,848112,611,489,0,489,16
2020-04-24,Yolo,113,214977,173,155,0,155,8
2020-04-24,Yuba,115,75493,16,15,0,15,1
2020-04-23,Alameda,1,1643700,1645,1336,0,1336,46
2020-04-23,Alpine,3,1148,1,1,0,1,0
2020-04-23,Amador,5,37829,8,8,0,8,0
2020-04-23,Butte,7,227075,25,15,1,16,0
2020-04-23,Calaveras,9,45235,13,12,0,12,0
2020-04-23,Colusa,11,21464,3,3,0,3,0
2020-04-23,Contra Costa,13,1133247,914,786,0,786,23
2020-04-23,Del Norte,15,27424,2,2,0,2,0
2020-04-23,El Dorado,17,186661,51,39,0,39,0
2020-04-23,Fresno,19,978130,751,426,4,430,7
2020-04-23,Glenn,21,27897,5,3,0,3,0
2020-04-23,Humboldt,23,135768,59,53,0,53,0
2020-04-23,Imperial,25,180216,399,181,1,182,4
2020-04-23,Inyo,27,18085,19,19,0,19,0
2020-04-23,Kern,29,883053,962,732,1,733,4
2020-04-23,Kings,31,150075,112,28,1,29,1
2020-04-23,Lake,33,64148,6,6,0,6,0
2020-04-23,Lassen,35,31185,1,0,2,2,0
2020-04-23,Los Angeles,37,10098052,23569,17548,19,17567,784
2020-04-23,Madera,39,155013,73,37,0,37,2
2020-04-23,Marin,41,260295,224,209,1,210,11
2020-04-23,Mariposa,43,17540,7,0,0,0,0
2020-04-23,Mendocino,45,87422,10,5,0,5,0
2020-04-23,Merced,47,269075,159,98,0,98,3
2020-04-23,Modoc,49,8938,0,0,0,0,0
2020-04-23,Mono,51,14174,30,23,0,23,1
2020-04-23,Monterey,53,433212,223,161,0,161,4
2020-04-23,Napa,55,140530,66,59,0,59,2
2020-04-23,Nevada,57,99092,41,36,1,37,1
2020-04-23,Orange,59,3164182,2899,1841,10,1851,37
2020-04-23,Placer,61,380077,158,136,1,137,8
2020-04-23,Plumas,63,18699,4,4,0,4,0
2020-04-23,Riverside,65,2383286,4126,2935,6,2941,78
2020-04-23,Sacramento,67,1510023,1063,978,0,978,41
2020-04-23,San Benito,69,59416,46,43,0,43,2
2020-04-23,San Bernardino,71,2135413,2152,1604,0,1604,79
2020-04-23,San Diego,73,3302833,3693,2645,0,2645,100
2020-04-23,San Francisco,75,870044,1582,1312,0,1312,21
2020-04-23,San Joaquin,77,732212,546,479,3,482,20
2020-04-23,San Luis Obispo,79,281455,212,146,1,147,1
2020-04-23,San Mateo,81,765935,1289,970,2,972,42
2020-04-23,Santa Barbara,83,443738,583,445,2,447,6
2020-04-23,Santa Clara,85,1922200,2321,1996,1,1997,95
2020-04-23,Santa Cruz,87,273765,135,110,0,110,2
2020-04-23,Shasta,89,179085,34,27,0,27,3
2020-04-23,Sierra,91,2930,0,0,0,0,0
2020-04-23,Siskiyou,93,43540,5,5,0,5,0
2020-04-23,Solano,95,438530,266,196,0,196,3
2020-04-23,Sonoma,97,501317,238,187,0,187,1
2020-04-23,Stanislaus,99,539301,391,254,4,258,4
2020-04-23,Sutter,101,95872,28,24,0,24,2
2020-04-23,Tehama,103,63373,1,1,0,1,1
2020-04-23,Trinity,105,12862,0,0,0,0,0
2020-04-23,Tulare,107,460477,668,440,2,442,25
2020-04-23,Tuolumne,109,53932,3,2,0,2,0
2020-04-23,Ventura,111,848112,597,479,0,479,16
2020-04-23,Yolo,113,214977,170,151,0,151,8
2020-04-23,Yuba,115,75493,16,15,0,15,1
2020-04-22,Alameda,1,1643700,1596,1275,0,1275,46
2020-04-22,Alpine,3,1148,1,1,0,1,0
2020-04-22,Amador,5,37829,8,7,0,7,0
2020-04-22,Butte,7,227075,24,15,1,16,0
2020-04-22,Calaveras,9,45235,13,12,0,12,0
2020-04-22,Colusa,11,21464,3,3,0,3,0
2020-04-22,Contra Costa,13,1133247,899,772,0,772,22
2020-04-22,Del Norte,15,27424,2,2,0,2,0
2020-04-22,El Dorado,17,186661,51,39,0,39,0
2020-04-22,Fresno,19,978130,714,388,4,392,7
2020-04-22,Glenn,21,27897,5,3,0,3,0
2020-04-22,Humboldt,23,135768,59,53,0,53,0
2020-04-22,Imperial,25,180216,388,170,1,171,3
2020-04-22,Inyo,27,18085,19,18,0,18,0
2020-04-22,Kern,29,883053,940,713,1,714,4
2020-04-22,Kings,31,150075,91,28,1,29,1
2020-04-22,Lake,33,64148,6,6,0,6,0
2020-04-22,Lassen,35,31185,1,0,2,2,0
2020-04-22,Los Angeles,37,10098052,22541,16400,19,16419,715
2020-04-22,Madera,39,155013,71,37,0,37,2
2020-04-22,Marin,41,260295,222,202,1,203,11
2020-04-22,Mariposa,43,17540,6,0,0,0,0
2020-04-22,Mendocino,45,87422,7,5,0,5,0
2020-04-22,Merced,47,269075,147,92,0,92,3
2020-04-22,Modoc,49,8938,0,0,0,0,0
2020-04-22,Mono,51,14174,29,23,0,23,1
2020-04-22,Monterey,53,433212,216,154,0,154,4
2020-04-22,Napa,55,140530,65,58,0,58,2
2020-04-22,Nevada,57,99092,41,36,1,37,1
2020-04-22,Orange,59,3164182,2806,1785,10,1795,36
2020-04-22,Placer,61,380077,156,133,1,134,8
2020-04-22,Plumas,63,18699,4,4,0,4,0
2020-04-22,Riverside,65,2383286,4023,2822,6,2828,76
2020-04-22,Sacramento,67,1510023,1058,959,0,959,36
2020-04-22,San Benito,69,59416,45,43,0,43,2
2020-04-22,San Bernardino,71,2135413,2089,1564,0,1564,74
2020-04-22,San Diego,73,3302833,3565,2493,0,2493,96
2020-04-22,San Francisco,75,870044,1545,1255,0,1255,21
2020-04-22,San Joaquin,77,732212,535,462,3,465,20
2020-04-22,San Luis Obispo,79,281455,203,142,1,143,1
2020-04-22,San Mateo,81,765935,1266,945,2,947,40
2020-04-22,Santa Barbara,83,443738,575,437,2,439,6
2020-04-22,Santa Clara,85,1922200,2308,1969,1,1970,95
2020-04-22,Santa Cruz,87,273765,131,106,0,106,2
2020-04-22,Shasta,89,179085,33,26,0,26,3
2020-04-22,Sierra,91,2930,0,0,0,0,0
2020-04-22,Siskiyou,93,43540,5,5,0,5,0
2020-04-22,Solano,95,438530,247,195,0,195,3
2020-04-22,Sonoma,97,501317,235,185,0,185,1
2020-04-22,Stanislaus,99,539301,334,247,4,251,4
2020-04-22,Sutter,101,95872,28,22,0,22,2
2020-04-22,Tehama,103,63373,1,1,0,1,1
2020-04-22,Trinity,105,12862,0,0,0,0,0
2020-04-22,Tulare,107,460477,635,425,2,427,23
2020-04-22,Tuolumne,109,53932,3,2,0,2,0
2020-04-22,Ventura,111,848112,587,465,0,465,15
2020-04-22,Yolo,113,214977,170,147,0,147,8
2020-04-22,Yuba,115,75493,16,15,0,15,1
2020-04-21,Alameda,1,1643700,1566,1234,0,1234,46
2020-04-21,Alpine,3,1148,1,1,0,1,0
2020-04-21,Amador,5,37829,8,7,0,7,0
2020-04-21,Butte,7,227075,23,15,1,16,0
2020-04-21,Calaveras,9,45235,12,12,0,12,0
2020-04-21,Colusa,11,21464,3,3,0,3,0
2020-04-21,Contra Costa,13,1133247,885,766,0,766,22
2020-04-21,Del Norte,15,27424,2,2,0,2,0
2020-04-21,El Dorado,17,186661,51,36,0,36,0
2020-04-21,Fresno,19,978130,680,372,4,376,7
2020-04-21,Glenn,21,27897,5,3,0,3,0
2020-04-21,Humboldt,23,135768,58,53,0,53,0
2020-04-21,Imperial,25,180216,368,165,1,166,2
2020-04-21,Inyo,27,18085,19,18,0,18,0
2020-04-21,Kern,29,883053,898,676,1,677,4
2020-04-21,Kings,31,150075,78,28,1,29,1
2020-04-21,Lake,33,64148,6,6,0,6,0
2020-04-21,Lassen,35,31185,1,0,2,2,0
2020-04-21,Los Angeles,37,10098052,21681,15096,19,15115,650
2020-04-21,Madera,39,155013,71,37,0,37,2
2020-04-21,Marin,41,260295,216,202,1,203,10
2020-04-21,Mariposa,43,17540,5,0,0,0,0
2020-04-21,Mendocino,45,87422,7,5,0,5,0
2020-04-21,Merced,47,269075,143,89,0,89,3
2020-04-21,Modoc,49,8938,0,0,0,0,0
2020-04-21,Mono,51,14174,29,23,0,23,1
2020-04-21,Monterey,53,433212,213,151,0,151,4
2020-04-21,Napa,55,140530,64,58,0,58,2
2020-04-21,Nevada,57,99092,41,36,1,37,1
2020-04-21,Orange,59,3164182,2684,1717,9,1726,36
2020-04-21,Placer,61,380077,154,133,0,133,8
2020-04-21,Plumas,63,18699,4,4,0,4,0
2020-04-21,Riverside,65,2383286,3892,2631,6,2637,68
2020-04-21,Sacramento,67,1510023,1048,941,0,941,33
2020-04-21,San Benito,69,59416,44,43,0,43,2
2020-04-21,San Bernardino,71,2135413,2028,1499,0,1499,71
2020-04-21,San Diego,73,3302833,3409,2436,0,2436,87
2020-04-21,San Francisco,75,870044,1515,1232,0,1232,20
2020-04-21,San Joaquin,77,732212,525,447,3,450,20
2020-04-21,San Luis Obispo,79,281455,199,134,1,135,1
2020-04-21,San Mateo,81,765935,1220,933,2,935,34
2020-04-21,Santa Barbara,83,443738,563,414,1,415,5
2020-04-21,Santa Clara,85,1922200,2266,1943,1,1944,91
2020-04-21,Santa Cruz,87,273765,129,104,0,104,2
2020-04-21,Shasta,89,179085,32,26,0,26,3
2020-04-21,Sierra,91,2930,0,0,0,0,0
2020-04-21,Siskiyou,93,43540,5,5,0,5,0
2020-04-21,Solano,95,438530,239,193,0,193,3
2020-04-21,Sonoma,97,501317,225,182,0,182,1
2020-04-21,Stanislaus,99,539301,315,235,4,239,4
2020-04-21,Sutter,101,95872,28,22,0,22,2
2020-04-21,Tehama,103,63373,1,1,0,1,1
2020-04-21,Trinity,105,12862,0,0,0,0,0
2020-04-21,Tulare,107,460477,600,410,2,412,23
2020-04-21,Tuolumne,109,53932,3,2,0,2,0
2020-04-21,Ventura,111,848112,575,455,0,455,14
2020-04-21,Yolo,113,214977,168,143,0,143,8
2020-04-21,Yuba,115,75493,16,15,0,15,1
2020-04-20,Alameda,1,1643700,1533,1181,0,1181,42
2020-04-20,Alpine,3,1148,1,1,0,1,0
2020-04-20,Amador,5,37829,8,7,0,7,0
2020-04-20,Butte,7,227075,23,15,1,16,0
2020-04-20,Calaveras,9,45235,12,12,0,12,0
2020-04-20,Colusa,11,21464,3,3,0,3,0
2020-04-20,Contra Costa,13,1133247,875,753,0,753,22
2020-04-20,Del Norte,15,27424,2,2,0,2,0
2020-04-20,El Dorado,17,186661,51,36,0,36,0
2020-04-20,Fresno,19,978130,662,356,4,360,7
2020-04-20,Glenn,21,27897,4,3,0,3,0
2020-04-20,Humboldt,23,135768,58,53,0,53,0
2020-04-20,Imperial,25,180216,348,149,1,150,2
2020-04-20,Inyo,27,18085,19,17,0,17,0
2020-04-20,Kern,29,883053,866,651,1,652,3
2020-04-20,Kings,31,150075,67,19,1,20,1
2020-04-20,Lake,33,64148,6,6,0,6,0
2020-04-20,Lassen,35,31185,1,0,2,2,0
2020-04-20,Los Angeles,37,10098052,20767,13787,19,13806,608
2020-04-20,Madera,39,155013,70,35,0,35,2
2020-04-20,Marin,41,260295,212,200,1,201,10
2020-04-20,Mariposa,43,17540,5,0,0,0,0
2020-04-20,Mendocino,45,87422,7,5,0,5,0
2020-04-20,Merced,47,269075,136,88,0,88,3
2020-04-20,Modoc,49,8938,0,0,0,0,0
2020-04-20,Mono,51,14174,29,23,0,23,1
2020-04-20,Monterey,53,433212,204,147,0,147,4
2020-04-20,Napa,55,140530,64,55,0,55,2
2020-04-20,Nevada,57,99092,41,34,1,35,1
2020-04-20,Orange,59,3164182,2603,1679,9,1688,33
2020-04-20,Placer,61,380077,153,132,0,132,8
2020-04-20,Plumas,63,18699,4,4,0,4,0
2020-04-20,Riverside,65,2383286,3767,2477,6,2483,61
2020-04-20,Sacramento,67,1510023,1037,924,0,924,32
2020-04-20,San Benito,69,59416,44,43,0,43,2
2020-04-20,San Bernardino,71,2135413,1941,1344,0,1344,63
2020-04-20,San Diego,73,3302833,3268,2327,0,2327,72
2020-04-20,San Francisco,75,870044,1483,1223,0,1223,19
2020-04-20,San Joaquin,77,732212,521,422,3,425,17
2020-04-20,San Luis Obispo,79,281455,185,132,1,133,1
2020-04-20,San Mateo,81,765935,1197,890,2,892,31
2020-04-20,Santa Barbara,83,443738,552,388,1,389,4
2020-04-20,Santa Clara,85,1922200,2242,1920,1,1921,84
2020-04-20,Santa Cruz,87,273765,127,102,0,102,2
2020-04-20,Shasta,89,179085,32,26,0,26,3
2020-04-20,Sierra,91,2930,0,0,0,0,0
2020-04-20,Siskiyou,93,43540,5,5,0,5,0
2020-04-20,Solano,95,438530,236,185,0,185,2
2020-04-20,Sonoma,97,501317,217,178,0,178,1
2020-04-20,Stanislaus,99,539301,301,228,4,232,3
2020-04-20,Sutter,101,95872,27,22,0,22,2
2020-04-20,Tehama,103,63373,1,1,0,1,1
2020-04-20,Trinity,105,12862,0,0,0,0,0
2020-04-20,Tulare,107,460477,589,401,2,403,20
2020-04-20,Tuolumne,109,53932,3,2,0,2,0
2020-04-20,Ventura,111,848112,563,426,0,426,13
2020-04-20,Yolo,113,214977,167,125,0,125,5
2020-04-20,Yuba,115,75493,16,15,0,15,1
2020-04-19,Alameda,1,1643700,1483,1134,0,1134,41
2020-04-19,Alpine,3,1148,1,1,0,1,0
2020-04-19,Amador,5,37829,7,7,0,7,0
2020-04-19,Butte,7,227075,22,15,1,16,0
2020-04-19,Calaveras,9,45235,12,12,0,12,0
2020-04-19,Colusa,11,21464,3,3,0,3,0
2020-04-19,Contra Costa,13,1133247,861,731,0,731,20
2020-04-19,Del Norte,15,27424,2,2,0,2,0
2020-04-19,El Dorado,17,186661,51,36,0,36,0
2020-04-19,Fresno,19,978130,626,326,4,330,7
2020-04-19,Glenn,21,27897,4,3,0,3,0
2020-04-19,Humboldt,23,135768,58,53,0,53,0
2020-04-19,Imperial,25,180216,322,144,0,144,2
2020-04-19,Inyo,27,18085,19,17,0,17,0
2020-04-19,Kern,29,883053,841,629,1,630,3
2020-04-19,Kings,31,150075,57,17,1,18,1
2020-04-19,Lake,33,64148,6,6,0,6,0
2020-04-19,Lassen,35,31185,1,0,2,2,0
2020-04-19,Los Angeles,37,10098052,19771,12299,19,12318,589
2020-04-19,Madera,39,155013,68,34,0,34,2
2020-04-19,Marin,41,260295,211,194,1,195,10
2020-04-19,Mariposa,43,17540,2,0,0,0,0
2020-04-19,Mendocino,45,87422,7,4,0,4,0
2020-04-19,Merced,47,269075,131,85,0,85,3
2020-04-19,Modoc,49,8938,0,0,0,0,0
2020-04-19,Mono,51,14174,29,23,0,23,1
2020-04-19,Monterey,53,433212,196,140,0,140,4
2020-04-19,Napa,55,140530,62,49,0,49,2
2020-04-19,Nevada,57,99092,40,34,1,35,1
2020-04-19,Orange,59,3164182,2507,1591,8,1599,32
2020-04-19,Placer,61,380077,152,131,0,131,8
2020-04-19,Plumas,63,18699,4,4,0,4,0
2020-04-19,Riverside,65,2383286,3624,2316,6,2322,56
2020-04-19,Sacramento,67,1510023,1011,912,0,912,32
2020-04-19,San Benito,69,59416,42,40,0,40,2
2020-04-19,San Bernardino,71,2135413,1878,1262,0,1262,58
2020-04-19,San Diego,73,3302833,3101,2270,0,2270,71
2020-04-19,San Francisco,75,870044,1450,1153,0,1153,19
2020-04-19,San Joaquin,77,732212,503,404,3,407,17
2020-04-19,San Luis Obispo,79,281455,180,132,1,133,1
2020-04-19,San Mateo,81,765935,1161,845,2,847,31
2020-04-19,Santa Barbara,83,443738,543,377,1,378,3
2020-04-19,Santa Clara,85,1922200,2206,1878,1,1879,81
2020-04-19,Santa Cruz,87,273765,124,98,0,98,2
2020-04-19,Shasta,89,179085,30,26,0,26,3
2020-04-19,Sierra,91,2930,0,0,0,0,0
2020-04-19,Siskiyou,93,43540,5,5,0,5,0
2020-04-19,Solano,95,438530,228,174,0,174,2
2020-04-19,Sonoma,97,501317,211,172,0,172,1
2020-04-19,Stanislaus,99,539301,293,221,4,225,3
2020-04-19,Sutter,101,95872,26,21,0,21,2
2020-04-19,Tehama,103,63373,1,1,0,1,1
2020-04-19,Trinity,105,12862,0,0,0,0,0
2020-04-19,Tulare,107,460477,544,391,2,393,17
2020-04-19,Tuolumne,109,53932,3,2,0,2,0
2020-04-19,Ventura,111,848112,555,418,0,418,13
2020-04-19,Yolo,113,214977,167,120,0,120,5
2020-04-19,Yuba,115,75493,16,15,0,15,1
2020-04-18,Alameda,1,1643700,1458,1085,0,1085,40
2020-04-18,Alpine,3,1148,1,1,0,1,0
2020-04-18,Amador,5,37829,7,7,0,7,0
2020-04-18,Butte,7,227075,21,15,1,16,0
2020-04-18,Calaveras,9,45235,12,12,0,12,0
2020-04-18,Colusa,11,21464,3,3,0,3,0
2020-04-18,Contra Costa,13,1133247,849,721,0,721,17
2020-04-18,Del Norte,15,27424,2,2,0,2,0
2020-04-18,El Dorado,17,186661,51,36,0,36,0
2020-04-18,Fresno,19,978130,606,319,4,323,7
2020-04-18,Glenn,21,27897,4,3,0,3,0
2020-04-18,Humboldt,23,135768,58,52,0,52,0
2020-04-18,Imperial,25,180216,313,137,0,137,2
2020-04-18,Inyo,27,18085,19,17,0,17,0
2020-04-18,Kern,29,883053,819,626,1,627,3
2020-04-18,Kings,31,150075,56,17,1,18,1
2020-04-18,Lake,33,64148,6,6,0,6,0
2020-04-18,Lassen,35,31185,1,0,2,2,0
2020-04-18,Los Angeles,37,10098052,19247,11984,18,12002,566
2020-04-18,Madera,39,155013,67,34,0,34,2
2020-04-18,Marin,41,260295,209,193,1,194,10
2020-04-18,Mariposa,43,17540,2,0,0,0,0
2020-04-18,Mendocino,45,87422,7,4,0,4,0
2020-04-18,Merced,47,269075,129,82,0,82,3
2020-04-18,Modoc,49,8938,0,0,0,0,0
2020-04-18,Mono,51,14174,29,22,0,22,1
2020-04-18,Monterey,53,433212,192,135,0,135,3
2020-04-18,Napa,55,140530,62,49,0,49,2
2020-04-18,Nevada,57,99092,39,34,1,35,1
2020-04-18,Orange,59,3164182,2443,1569,7,1576,32
2020-04-18,Placer,61,380077,150,130,0,130,8
2020-04-18,Plumas,63,18699,4,4,0,4,0
2020-04-18,Riverside,65,2383286,3552,2257,6,2263,56
2020-04-18,Sacramento,67,1510023,999,901,0,901,32
2020-04-18,San Benito,69,59416,42,40,0,40,2
2020-04-18,San Bernardino,71,2135413,1833,1255,0,1255,58
2020-04-18,San Diego,73,3302833,2999,2215,0,2215,71
2020-04-18,San Francisco,75,870044,1411,1144,0,1144,19
2020-04-18,San Joaquin,77,732212,494,392,3,395,17
2020-04-18,San Luis Obispo,79,281455,176,129,1,130,1
2020-04-18,San Mateo,81,765935,1139,821,2,823,31
2020-04-18,Santa Barbara,83,443738,537,372,1,373,3
2020-04-18,Santa Clara,85,1922200,2176,1862,1,1863,79
2020-04-18,Santa Cruz,87,273765,122,96,0,96,2
2020-04-18,Shasta,89,179085,30,26,0,26,3
2020-04-18,Sierra,91,2930,0,0,0,0,0
2020-04-18,Siskiyou,93,43540,5,5,0,5,0
2020-04-18,Solano,95,438530,225,175,0,175,2
2020-04-18,Sonoma,97,501317,207,168,0,168,1
2020-04-18,Stanislaus,99,539301,285,216,4,220,3
2020-04-18,Sutter,101,95872,26,21,0,21,2
2020-04-18,Tehama,103,63373,1,1,0,1,1
2020-04-18,Trinity,105,12862,0,0,0,0,0
2020-04-18,Tulare,107,460477,535,385,2,387,17
2020-04-18,Tuolumne,109,53932,3,2,0,2,0
2020-04-18,Ventura,111,848112,547,416,0,416,13
2020-04-18,Yolo,113,214977,165,118,0,118,5
2020-04-18,Yuba,115,75493,16,14,0,14,1
2020-04-17,Alameda,1,1643700,1403,1043,0,1043,40
2020-04-17,Alpine,3,1148,1,1,0,1,0
2020-04-17,Amador,5,37829,7,7,0,7,0
2020-04-17,Butte,7,227075,21,15,1,16,0
2020-04-17,Calaveras,9,45235,12,11,0,11,0
2020-04-17,Colusa,11,21464,3,3,0,3,0
2020-04-17,Contra Costa,13,1133247,840,687,0,687,15
2020-04-17,Del Norte,15,27424,2,2,0,2,0
2020-04-17,El Dorado,17,186661,51,35,0,35,0
2020-04-17,Fresno,19,978130,584,315,4,319,7
2020-04-17,Glenn,21,27897,4,3,0,3,0
2020-04-17,Humboldt,23,135768,57,52,0,52,0
2020-04-17,Imperial,25,180216,304,135,0,135,2
2020-04-17,Inyo,27,18085,19,17,0,17,0
2020-04-17,Kern,29,883053,799,612,1,613,3
2020-04-17,Kings,31,150075,54,15,1,16,1
2020-04-17,Lake,33,64148,6,6,0,6,0
2020-04-17,Lassen,35,31185,1,0,2,2,0
2020-04-17,Los Angeles,37,10098052,18604,11354,18,11372,489
2020-04-17,Madera,39,155013,67,34,0,34,2
2020-04-17,Marin,41,260295,206,189,1,190,10
2020-04-17,Mariposa,43,17540,1,0,0,0,0
2020-04-17,Mendocino,45,87422,7,4,0,4,0
2020-04-17,Merced,47,269075,128,80,0,80,3
2020-04-17,Modoc,49,8938,0,0,0,0,0
2020-04-17,Mono,51,14174,29,22,0,22,1
2020-04-17,Monterey,53,433212,187,119,0,119,3
2020-04-17,Napa,55,140530,60,46,0,46,2
2020-04-17,Nevada,57,99092,38,34,1,35,1
2020-04-17,Orange,59,3164182,2392,1496,7,1503,31
2020-04-17,Placer,61,380077,150,130,0,130,8
2020-04-17,Plumas,63,18699,4,4,0,4,0
2020-04-17,Riverside,65,2383286,3426,2080,6,2086,50
2020-04-17,Sacramento,67,1510023,992,882,0,882,32
2020-04-17,San Benito,69,59416,42,38,0,38,2
2020-04-17,San Bernardino,71,2135413,1794,1229,0,1229,57
2020-04-17,San Diego,73,3302833,2909,2160,0,2160,70
2020-04-17,San Francisco,75,870044,1385,1090,0,1090,19
2020-04-17,San Joaquin,77,732212,483,356,3,359,17
2020-04-17,San Luis Obispo,79,281455,169,116,1,117,1
2020-04-17,San Mateo,81,765935,1123,768,2,770,31
2020-04-17,Santa Barbara,83,443738,532,349,1,350,3
2020-04-17,Santa Clara,85,1922200,2148,1834,1,1835,74
2020-04-17,Santa Cruz,87,273765,121,94,0,94,2
2020-04-17,Shasta,89,179085,30,26,0,26,3
2020-04-17,Sierra,91,2930,0,0,0,0,0
2020-04-17,Siskiyou,93,43540,5,5,0,5,0
2020-04-17,Solano,95,438530,224,173,0,173,2
2020-04-17,Sonoma,97,501317,204,167,0,167,1
2020-04-17,Stanislaus,99,539301,283,201,4,205,3
2020-04-17,Sutter,101,95872,26,20,0,20,2
2020-04-17,Tehama,103,63373,1,1,0,1,1
2020-04-17,Trinity,105,12862,0,0,0,0,0
2020-04-17,Tulare,107,460477,528,370,2,372,17
2020-04-17,Tuolumne,109,53932,3,2,0,2,0
2020-04-17,Ventura,111,848112,542,398,0,398,13
2020-04-17,Yolo,113,214977,164,117,0,117,5
2020-04-17,Yuba,115,75493,16,14,0,14,1
2020-04-16,Alameda,1,1643700,1370,981,0,981,39
2020-04-16,Alpine,3,1148,1,1,0,1,0
2020-04-16,Amador,5,37829,7,7,0,7,0
2020-04-16,Butte,7,227075,20,15,1,16,0
2020-04-16,Calaveras,9,45235,12,10,0,10,0
2020-04-16,Colusa,11,21464,3,3,0,3,0
2020-04-16,Contra Costa,13,1133247,826,675,0,675,14
2020-04-16,Del Norte,15,27424,2,2,0,2,0
2020-04-16,El Dorado,17,186661,50,34,0,34,0
2020-04-16,Fresno,19,978130,555,289,4,293,7
2020-04-16,Glenn,21,27897,4,3,0,3,0
2020-04-16,Humboldt,23,135768,57,47,0,47,0
2020-04-16,Imperial,25,180216,290,132,0,132,2
2020-04-16,Inyo,27,18085,17,17,0,17,0
2020-04-16,Kern,29,883053,773,587,1,588,3
2020-04-16,Kings,31,150075,50,12,1,13,1
2020-04-16,Lake,33,64148,6,6,0,6,0
2020-04-16,Lassen,35,31185,1,0,2,2,0
2020-04-16,Los Angeles,37,10098052,17719,10786,18,10804,447
2020-04-16,Madera,39,155013,65,34,0,34,2
2020-04-16,Marin,41,260295,202,170,1,171,10
2020-04-16,Mariposa,43,17540,1,1,0,1,0
2020-04-16,Mendocino,45,87422,7,4,0,4,0
2020-04-16,Merced,47,269075,122,76,0,76,3
2020-04-16,Modoc,49,8938,0,0,0,0,0
2020-04-16,Mono,51,14174,29,22,0,22,1
2020-04-16,Monterey,53,433212,184,116,0,116,3
2020-04-16,Napa,55,140530,57,44,0,44,2
2020-04-16,Nevada,57,99092,38,34,1,35,1
2020-04-16,Orange,59,3164182,2329,1439,6,1445,28
2020-04-16,Placer,61,380077,148,129,0,129,7
2020-04-16,Plumas,63,18699,4,4,0,4,0
2020-04-16,Riverside,65,2383286,3308,1913,6,1919,45
2020-04-16,Sacramento,67,1510023,984,865,0,865,32
2020-04-16,San Benito,69,59416,42,36,0,36,2
2020-04-16,San Bernardino,71,2135413,1711,1143,0,1143,54
2020-04-16,San Diego,73,3302833,2801,2089,0,2089,63
2020-04-16,San Francisco,75,870044,1341,1039,0,1039,16
2020-04-16,San Joaquin,77,732212,468,345,3,348,17
2020-04-16,San Luis Obispo,79,281455,165,113,1,114,1
2020-04-16,San Mateo,81,765935,1094,745,2,747,29
2020-04-16,Santa Barbara,83,443738,519,331,1,332,3
2020-04-16,Santa Clara,85,1922200,2122,1789,1,1790,70
2020-04-16,Santa Cruz,87,273765,119,90,0,90,2
2020-04-16,Shasta,89,179085,30,25,0,25,3
2020-04-16,Sierra,91,2930,0,0,0,0,0
2020-04-16,Siskiyou,93,43540,5,5,0,5,0
2020-04-16,Solano,95,438530,221,162,0,162,2
2020-04-16,Sonoma,97,501317,199,145,0,145,1
2020-04-16,Stanislaus,99,539301,280,185,4,189,3
2020-04-16,Sutter,101,95872,25,21,0,21,2
2020-04-16,Tehama,103,63373,1,1,0,1,1
2020-04-16,Trinity,105,12862,0,0,0,0,0
2020-04-16,Tulare,107,460477,512,305,2,307,16
2020-04-16,Tuolumne,109,53932,3,1,0,1,0
2020-04-16,Ventura,111,848112,530,384,0,384,13
2020-04-16,Yolo,113,214977,162,98,0,98,4
2020-04-16,Yuba,115,75493,15,14,0,14,1
2020-04-15,Alameda,1,1643700,1320,915,0,915,38
2020-04-15,Alpine,3,1148,1,1,0,1,0
2020-04-15,Amador,5,37829,7,7,0,7,0
2020-04-15,Butte,7,227075,20,14,1,15,0
2020-04-15,Calaveras,9,45235,11,9,0,9,0
2020-04-15,Colusa,11,21464,3,3,0,3,0
2020-04-15,Contra Costa,13,1133247,804,645,0,645,14
2020-04-15,Del Norte,15,27424,2,2,0,2,0
2020-04-15,El Dorado,17,186661,48,33,0,33,0
2020-04-15,Fresno,19,978130,530,264,4,268,7
2020-04-15,Glenn,21,27897,4,3,0,3,0
2020-04-15,Humboldt,23,135768,57,47,0,47,0
2020-04-15,Imperial,25,180216,264,115,0,115,2
2020-04-15,Inyo,27,18085,17,12,0,12,0
2020-04-15,Kern,29,883053,751,500,1,501,3
2020-04-15,Kings,31,150075,46,12,1,13,1
2020-04-15,Lake,33,64148,6,4,0,4,0
2020-04-15,Lassen,35,31185,1,0,2,2,0
2020-04-15,Los Angeles,37,10098052,16898,10416,18,10434,394
2020-04-15,Madera,39,155013,65,30,0,30,2
2020-04-15,Marin,41,260295,199,162,1,163,10
2020-04-15,Mariposa,43,17540,0,0,0,0,0
2020-04-15,Mendocino,45,87422,6,4,0,4,0
2020-04-15,Merced,47,269075,120,74,0,74,3
2020-04-15,Modoc,49,8938,0,0,0,0,0
2020-04-15,Mono,51,14174,29,22,0,22,1
2020-04-15,Monterey,53,433212,176,106,0,106,3
2020-04-15,Napa,55,140530,55,34,0,34,2
2020-04-15,Nevada,57,99092,37,34,1,35,1
2020-04-15,Orange,59,3164182,2226,1377,6,1383,24
2020-04-15,Placer,61,380077,147,123,0,123,6
2020-04-15,Plumas,63,18699,4,4,0,4,0
2020-04-15,Riverside,65,2383286,3113,1723,6,1729,42
2020-04-15,Sacramento,67,1510023,975,839,0,839,32
2020-04-15,San Benito,69,59416,42,34,0,34,2
2020-04-15,San Bernardino,71,2135413,1641,1063,0,1063,45
2020-04-15,San Diego,73,3302833,2713,2014,0,2014,60
2020-04-15,San Francisco,75,870044,1305,1006,0,1006,16
2020-04-15,San Joaquin,77,732212,460,329,3,332,17
2020-04-15,San Luis Obispo,79,281455,158,112,1,113,1
2020-04-15,San Mateo,81,765935,1045,707,2,709,28
2020-04-15,Santa Barbara,83,443738,500,317,1,318,2
2020-04-15,Santa Clara,85,1922200,2088,1692,1,1693,69
2020-04-15,Santa Cruz,87,273765,115,92,0,92,2
2020-04-15,Shasta,89,179085,30,25,0,25,3
2020-04-15,Sierra,91,2930,0,0,0,0,0
2020-04-15,Siskiyou,93,43540,5,5,0,5,0
2020-04-15,Solano,95,438530,216,153,0,153,2
2020-04-15,Sonoma,97,501317,197,140,0,140,1
2020-04-15,Stanislaus,99,539301,273,174,4,178,3
2020-04-15,Sutter,101,95872,25,19,0,19,2
2020-04-15,Tehama,103,63373,1,1,0,1,1
2020-04-15,Trinity,105,12862,0,0,0,0,0
2020-04-15,Tulare,107,460477,495,289,2,291,14
2020-04-15,Tuolumne,109,53932,3,1,0,1,0
2020-04-15,Ventura,111,848112,515,365,0,365,13
2020-04-15,Yolo,113,214977,158,93,0,93,3
2020-04-15,Yuba,115,75493,15,15,0,15,1
2020-04-14,Alameda,1,1643700,1275,843,0,843,30
2020-04-14,Alpine,3,1148,1,1,0,1,0
2020-04-14,Amador,5,37829,7,6,0,6,0
2020-04-14,Butte,7,227075,20,13,1,14,0
2020-04-14,Calaveras,9,45235,11,5,0,5,0
2020-04-14,Colusa,11,21464,3,3,0,3,0
2020-04-14,Contra Costa,13,1133247,792,617,0,617,12
2020-04-14,Del Norte,15,27424,2,2,0,2,0
2020-04-14,El Dorado,17,186661,48,30,0,30,0
2020-04-14,Fresno,19,978130,508,244,4,248,6
2020-04-14,Glenn,21,27897,4,3,0,3,0
2020-04-14,Humboldt,23,135768,57,44,0,44,0
2020-04-14,Imperial,25,180216,244,86,0,86,2
2020-04-14,Inyo,27,18085,17,12,0,12,0
2020-04-14,Kern,29,883053,728,453,1,454,3
2020-04-14,Kings,31,150075,45,12,1,13,1
2020-04-14,Lake,33,64148,6,3,0,3,0
2020-04-14,Lassen,35,31185,1,0,2,2,0
2020-04-14,Los Angeles,37,10098052,16004,9948,17,9965,357
2020-04-14,Madera,39,155013,64,29,0,29,2
2020-04-14,Marin,41,260295,195,147,1,148,9
2020-04-14,Mariposa,43,17540,0,0,0,0,0
2020-04-14,Mendocino,45,87422,6,4,0,4,0
2020-04-14,Merced,47,269075,113,61,0,61,3
2020-04-14,Modoc,49,8938,0,0,0,0,0
2020-04-14,Mono,51,14174,29,22,0,22,1
2020-04-14,Monterey,53,433212,171,98,0,98,3
2020-04-14,Napa,55,140530,55,33,0,33,2
2020-04-14,Nevada,57,99092,37,34,1,35,1
2020-04-14,Orange,59,3164182,2125,1362,6,1368,24
2020-04-14,Placer,61,380077,146,117,0,117,5
2020-04-14,Plumas,63,18699,4,3,0,3,0
2020-04-14,Riverside,65,2383286,2978,1467,6,1473,40
2020-04-14,Sacramento,67,1510023,966,737,0,737,29
2020-04-14,San Benito,69,59416,39,34,0,34,2
2020-04-14,San Bernardino,71,2135413,1586,933,0,933,37
2020-04-14,San Diego,73,3302833,2618,1932,0,1932,53
2020-04-14,San Francisco,75,870044,1251,968,0,968,14
2020-04-14,San Joaquin,77,732212,450,280,3,283,17
2020-04-14,San Luis Obispo,79,281455,156,109,1,110,1
2020-04-14,San Mateo,81,765935,1011,681,2,683,28
2020-04-14,Santa Barbara,83,443738,475,292,1,293,2
2020-04-14,Santa Clara,85,1922200,2055,1561,1,1562,63
2020-04-14,Santa Cruz,87,273765,107,84,0,84,2
2020-04-14,Shasta,89,179085,30,24,0,24,3
2020-04-14,Sierra,91,2930,0,0,0,0,0
2020-04-14,Siskiyou,93,43540,5,5,0,5,0
2020-04-14,Solano,95,438530,213,140,0,140,2
2020-04-14,Sonoma,97,501317,193,133,0,133,1
2020-04-14,Stanislaus,99,539301,260,136,4,140,3
2020-04-14,Sutter,101,95872,24,19,0,19,2
2020-04-14,Tehama,103,63373,1,1,0,1,1
2020-04-14,Trinity,105,12862,0,0,0,0,0
2020-04-14,Tulare,107,460477,472,228,2,230,12
2020-04-14,Tuolumne,109,53932,3,0,0,0,0
2020-04-14,Ventura,111,848112,502,328,0,328,11
2020-04-14,Yolo,113,214977,154,81,0,81,3
2020-04-14,Yuba,115,75493,14,14,0,14,1
2020-04-13,Alameda,1,1643700,1236,821,0,821,23
2020-04-13,Alpine,3,1148,1,1,0,1,0
2020-04-13,Amador,5,37829,7,6,0,6,0
2020-04-13,Butte,7,227075,20,13,1,14,0
2020-04-13,Calaveras,9,45235,10,5,0,5,0
2020-04-13,Colusa,11,21464,3,3,0,3,0
2020-04-13,Contra Costa,13,1133247,776,569,0,569,12
2020-04-13,Del Norte,15,27424,2,2,0,2,0
2020-04-13,El Dorado,17,186661,46,29,0,29,0
2020-04-13,Fresno,19,978130,486,205,3,208,4
2020-04-13,Glenn,21,27897,4,3,0,3,0
2020-04-13,Humboldt,23,135768,57,44,0,44,0
2020-04-13,Imperial,25,180216,226,82,0,82,2
2020-04-13,Inyo,27,18085,17,12,0,12,0
2020-04-13,Kern,29,883053,703,346,1,347,3
2020-04-13,Kings,31,150075,41,9,1,10,0
2020-04-13,Lake,33,64148,6,3,0,3,0
2020-04-13,Lassen,35,31185,1,0,2,2,0
2020-04-13,Los Angeles,37,10098052,15290,9367,17,9384,317
2020-04-13,Madera,39,155013,62,29,0,29,2
2020-04-13,Marin,41,260295,191,144,1,145,6
2020-04-13,Mariposa,43,17540,0,0,0,0,0
2020-04-13,Mendocino,45,87422,6,4,0,4,0
2020-04-13,Merced,47,269075,112,60,0,60,3
2020-04-13,Modoc,49,8938,0,0,0,0,0
2020-04-13,Mono,51,14174,29,21,0,21,1
2020-04-13,Monterey,53,433212,165,86,0,86,3
2020-04-13,Napa,55,140530,54,30,0,30,2
2020-04-13,Nevada,57,99092,37,24,1,25,1
2020-04-13,Orange,59,3164182,2052,1313,6,1319,21
2020-04-13,Placer,61,380077,145,116,0,116,5
2020-04-13,Plumas,63,18699,4,3,0,3,0
2020-04-13,Riverside,65,2383286,2838,1460,5,1465,35
2020-04-13,Sacramento,67,1510023,954,723,0,723,25
2020-04-13,San Benito,69,59416,38,33,0,33,2
2020-04-13,San Bernardino,71,2135413,1511,920,0,920,30
2020-04-13,San Diego,73,3302833,2535,1849,0,1849,47
2020-04-13,San Francisco,75,870044,1213,948,0,948,12
2020-04-13,San Joaquin,77,732212,436,255,3,258,16
2020-04-13,San Luis Obispo,79,281455,151,106,1,107,1
2020-04-13,San Mateo,81,765935,971,679,2,681,25
2020-04-13,Santa Barbara,83,443738,456,271,0,271,2
2020-04-13,Santa Clara,85,1922200,2015,1540,1,1541,58
2020-04-13,Santa Cruz,87,273765,101,82,0,82,1
2020-04-13,Shasta,89,179085,29,24,0,24,3
2020-04-13,Sierra,91,2930,0,0,0,0,0
2020-04-13,Siskiyou,93,43540,5,5,0,5,0
2020-04-13,Solano,95,438530,210,136,0,136,2
2020-04-13,Sonoma,97,501317,186,133,0,133,1
2020-04-13,Stanislaus,99,539301,254,130,4,134,1
2020-04-13,Sutter,101,95872,24,18,0,18,2
2020-04-13,Tehama,103,63373,1,1,0,1,0
2020-04-13,Trinity,105,12862,0,0,0,0,0
2020-04-13,Tulare,107,460477,435,185,2,187,11
2020-04-13,Tuolumne,109,53932,3,0,0,0,0
2020-04-13,Ventura,111,848112,481,309,0,309,9
2020-04-13,Yolo,113,214977,148,81,0,81,3
2020-04-13,Yuba,115,75493,14,13,0,13,1
2020-04-12,Alameda,1,1643700,1193,774,0,774,23
2020-04-12,Alpine,3,1148,1,1,0,1,0
2020-04-12,Amador,5,37829,7,6,0,6,0
2020-04-12,Butte,7,227075,20,13,1,14,0
2020-04-12,Calaveras,9,45235,10,5,0,5,0
2020-04-12,Colusa,11,21464,3,3,0,3,0
2020-04-12,Contra Costa,13,1133247,764,553,0,553,12
2020-04-12,Del Norte,15,27424,2,2,0,2,0
2020-04-12,El Dorado,17,186661,46,28,0,28,0
2020-04-12,Fresno,19,978130,457,205,3,208,4
2020-04-12,Glenn,21,27897,4,3,0,3,0
2020-04-12,Humboldt,23,135768,57,43,0,43,0
2020-04-12,Imperial,25,180216,203,78,0,78,2
2020-04-12,Inyo,27,18085,15,12,0,12,0
2020-04-12,Kern,29,883053,671,319,0,319,3
2020-04-12,Kings,31,150075,39,9,1,10,0
2020-04-12,Lake,33,64148,6,3,0,3,0
2020-04-12,Lassen,35,31185,1,0,2,2,0
2020-04-12,Los Angeles,37,10098052,14579,9133,17,9150,294
2020-04-12,Madera,39,155013,61,29,0,29,2
2020-04-12,Marin,41,260295,180,138,1,139,6
2020-04-12,Mariposa,43,17540,0,0,0,0,0
2020-04-12,Mendocino,45,87422,6,4,0,4,0
2020-04-12,Merced,47,269075,106,58,0,58,3
2020-04-12,Modoc,49,8938,0,0,0,0,0
2020-04-12,Mono,51,14174,29,20,0,20,1
2020-04-12,Monterey,53,433212,151,85,0,85,3
2020-04-12,Napa,55,140530,52,29,0,29,2
2020-04-12,Nevada,57,99092,37,24,1,25,1
2020-04-12,Orange,59,3164182,1992,1283,6,1289,21
2020-04-12,Placer,61,380077,144,114,0,114,4
2020-04-12,Plumas,63,18699,4,3,0,3,0
2020-04-12,Riverside,65,2383286,2656,1330,5,1335,34
2020-04-12,Sacramento,67,1510023,917,689,0,689,25
2020-04-12,San Benito,69,59416,36,33,0,33,2
2020-04-12,San Bernardino,71,2135413,1435,827,0,827,30
2020-04-12,San Diego,73,3302833,2445,1806,0,1806,45
2020-04-12,San Francisco,75,870044,1186,886,0,886,11
2020-04-12,San Joaquin,77,732212,418,246,3,249,15
2020-04-12,San Luis Obispo,79,281455,149,102,1,103,1
2020-04-12,San Mateo,81,765935,945,664,2,666,25
2020-04-12,Santa Barbara,83,443738,431,261,0,261,2
2020-04-12,Santa Clara,85,1922200,1991,1461,1,1462,53
2020-04-12,Santa Cruz,87,273765,100,80,0,80,1
2020-04-12,Shasta,89,179085,29,24,0,24,3
2020-04-12,Sierra,91,2930,0,0,0,0,0
2020-04-12,Siskiyou,93,43540,5,5,0,5,0
2020-04-12,Solano,95,438530,204,136,0,136,2
2020-04-12,Sonoma,97,501317,183,131,0,131,1
2020-04-12,Stanislaus,99,539301,246,117,4,121,1
2020-04-12,Sutter,101,95872,23,18,0,18,2
2020-04-12,Tehama,103,63373,1,1,0,1,0
2020-04-12,Trinity,105,12862,0,0,0,0,0
2020-04-12,Tulare,107,460477,424,166,2,168,11
2020-04-12,Tuolumne,109,53932,3,0,0,0,0
2020-04-12,Ventura,111,848112,472,306,0,306,9
2020-04-12,Yolo,113,214977,135,67,0,67,3
2020-04-12,Yuba,115,75493,14,13,0,13,1
2020-04-11,Alameda,1,1643700,1152,751,0,751,23
2020-04-11,Alpine,3,1148,1,1,0,1,0
2020-04-11,Amador,5,37829,7,6,0,6,0
2020-04-11,Butte,7,227075,20,13,1,14,0
2020-04-11,Calaveras,9,45235,10,5,0,5,0
2020-04-11,Colusa,11,21464,3,3,0,3,0
2020-04-11,Contra Costa,13,1133247,755,550,0,550,12
2020-04-11,Del Norte,15,27424,2,2,0,2,0
2020-04-11,El Dorado,17,186661,45,29,0,29,0
2020-04-11,Fresno,19,978130,447,201,3,204,4
2020-04-11,Glenn,21,27897,4,3,0,3,0
2020-04-11,Humboldt,23,135768,57,38,0,38,0
2020-04-11,Imperial,25,180216,192,78,0,78,2
2020-04-11,Inyo,27,18085,15,12,0,12,0
2020-04-11,Kern,29,883053,644,304,0,304,3
2020-04-11,Kings,31,150075,36,9,1,10,0
2020-04-11,Lake,33,64148,6,3,0,3,0
2020-04-11,Lassen,35,31185,1,0,2,2,0
2020-04-11,Los Angeles,37,10098052,14109,8823,17,8840,262
2020-04-11,Madera,39,155013,60,29,0,29,2
2020-04-11,Marin,41,260295,177,136,1,137,6
2020-04-11,Mariposa,43,17540,0,0,0,0,0
2020-04-11,Mendocino,45,87422,6,4,0,4,0
2020-04-11,Merced,47,269075,103,59,0,59,3
2020-04-11,Modoc,49,8938,0,0,0,0,0
2020-04-11,Mono,51,14174,29,20,0,20,1
2020-04-11,Monterey,53,433212,145,78,0,78,3
2020-04-11,Napa,55,140530,52,29,0,29,2
2020-04-11,Nevada,57,99092,37,24,1,25,1
2020-04-11,Orange,59,3164182,1931,1267,6,1273,21
2020-04-11,Placer,61,380077,144,113,0,113,4
2020-04-11,Plumas,63,18699,4,3,0,3,0
2020-04-11,Riverside,65,2383286,2577,1260,5,1265,33
2020-04-11,Sacramento,67,1510023,906,685,0,685,25
2020-04-11,San Benito,69,59416,36,33,0,33,2
2020-04-11,San Bernardino,71,2135413,1399,826,0,826,28
2020-04-11,San Diego,73,3302833,2379,1763,0,1763,45
2020-04-11,San Francisco,75,870044,1164,860,0,860,11
2020-04-11,San Joaquin,77,732212,413,244,3,247,15
2020-04-11,San Luis Obispo,79,281455,149,100,0,100,1
2020-04-11,San Mateo,81,765935,933,662,2,664,25
2020-04-11,Santa Barbara,83,443738,423,258,0,258,2
2020-04-11,Santa Clara,85,1922200,1949,1441,1,1442,51
2020-04-11,Santa Cruz,87,273765,100,79,0,79,1
2020-04-11,Shasta,89,179085,29,24,0,24,3
2020-04-11,Sierra,91,2930,0,0,0,0,0
2020-04-11,Siskiyou,93,43540,5,5,0,5,0
2020-04-11,Solano,95,438530,200,138,0,138,2
2020-04-11,Sonoma,97,501317,181,131,0,131,1
2020-04-11,Stanislaus,99,539301,239,119,3,122,1
2020-04-11,Sutter,101,95872,23,18,0,18,2
2020-04-11,Tehama,103,63373,1,1,0,1,0
2020-04-11,Trinity,105,12862,0,0,0,0,0
2020-04-11,Tulare,107,460477,402,168,2,170,10
2020-04-11,Tuolumne,109,53932,3,0,0,0,0
2020-04-11,Ventura,111,848112,462,304,0,304,9
2020-04-11,Yolo,113,214977,132,67,0,67,3
2020-04-11,Yuba,115,75493,14,13,0,13,1
2020-04-10,Alameda,1,1643700,1111,706,0,706,21
2020-04-10,Alpine,3,1148,1,1,0,1,0
2020-04-10,Amador,5,37829,7,5,0,5,0
2020-04-10,Butte,7,227075,20,13,1,14,0
2020-04-10,Calaveras,9,45235,10,5,0,5,0
2020-04-10,Colusa,11,21464,3,3,0,3,0
2020-04-10,Contra Costa,13,1133247,742,537,0,537,10
2020-04-10,Del Norte,15,27424,2,2,0,2,0
2020-04-10,El Dorado,17,186661,45,26,0,26,0
2020-04-10,Fresno,19,978130,440,186,3,189,3
2020-04-10,Glenn,21,27897,4,3,0,3,0
2020-04-10,Humboldt,23,135768,57,36,0,36,0
2020-04-10,Imperial,25,180216,185,70,0,70,2
2020-04-10,Inyo,27,18085,13,11,0,11,0
2020-04-10,Kern,29,883053,620,272,0,272,3
2020-04-10,Kings,31,150075,33,7,1,8,0
2020-04-10,Lake,33,64148,6,3,0,3,0
2020-04-10,Lassen,35,31185,1,0,2,2,0
2020-04-10,Los Angeles,37,10098052,13596,8384,16,8400,239
2020-04-10,Madera,39,155013,59,29,0,29,2
2020-04-10,Marin,41,260295,172,128,1,129,6
2020-04-10,Mariposa,43,17540,0,0,0,0,0
2020-04-10,Mendocino,45,87422,6,4,0,4,0
2020-04-10,Merced,47,269075,100,56,0,56,3
2020-04-10,Modoc,49,8938,0,0,0,0,0
2020-04-10,Mono,51,14174,29,20,0,20,1
2020-04-10,Monterey,53,433212,134,78,0,78,3
2020-04-10,Napa,55,140530,49,28,0,28,2
2020-04-10,Nevada,57,99092,37,23,1,24,1
2020-04-10,Orange,59,3164182,1884,1167,6,1173,21
2020-04-10,Placer,61,380077,143,112,0,112,4
2020-04-10,Plumas,63,18699,4,3,0,3,0
2020-04-10,Riverside,65,2383286,2512,1162,5,1167,30
2020-04-10,Sacramento,67,1510023,897,642,0,642,24
2020-04-10,San Benito,69,59416,36,32,0,32,2
2020-04-10,San Bernardino,71,2135413,1351,779,0,779,27
2020-04-10,San Diego,73,3302833,2319,1695,0,1695,44
2020-04-10,San Francisco,75,870044,1133,797,0,797,10
2020-04-10,San Joaquin,77,732212,401,234,3,237,14
2020-04-10,San Luis Obispo,79,281455,149,97,0,97,1
2020-04-10,San Mateo,81,765935,917,642,2,644,24
2020-04-10,Santa Barbara,83,443738,411,254,0,254,2
2020-04-10,Santa Clara,85,1922200,1900,1351,1,1352,50
2020-04-10,Santa Cruz,87,273765,99,75,0,75,1
2020-04-10,Shasta,89,179085,29,24,0,24,3
2020-04-10,Sierra,91,2930,0,0,0,0,0
2020-04-10,Siskiyou,93,43540,5,5,0,5,0
2020-04-10,Solano,95,438530,197,129,0,129,2
2020-04-10,Sonoma,97,501317,180,129,0,129,1
2020-04-10,Stanislaus,99,539301,232,101,3,104,0
2020-04-10,Sutter,101,95872,23,18,0,18,2
2020-04-10,Tehama,103,63373,1,1,0,1,0
2020-04-10,Trinity,105,12862,0,0,0,0,0
2020-04-10,Tulare,107,460477,359,163,2,165,10
2020-04-10,Tuolumne,109,53932,3,0,0,0,0
2020-04-10,Ventura,111,848112,454,290,0,290,9
2020-04-10,Yolo,113,214977,130,62,0,62,3
2020-04-10,Yuba,115,75493,14,13,0,13,1
2020-04-09,Alameda,1,1643700,1061,641,0,641,17
2020-04-09,Alpine,3,1148,1,1,0,1,0
2020-04-09,Amador,5,37829,7,2,0,2,0
2020-04-09,Butte,7,227075,19,12,1,13,0
2020-04-09,Calaveras,9,45235,10,5,0,5,0
2020-04-09,Colusa,11,21464,3,3,0,3,0
2020-04-09,Contra Costa,13,1133247,699,505,0,505,7
2020-04-09,Del Norte,15,27424,2,2,0,2,0
2020-04-09,El Dorado,17,186661,44,25,0,25,0
2020-04-09,Fresno,19,978130,416,165,3,168,3
2020-04-09,Glenn,21,27897,4,2,0,2,0
2020-04-09,Humboldt,23,135768,57,36,0,36,0
2020-04-09,Imperial,25,180216,164,67,0,67,2
2020-04-09,Inyo,27,18085,12,11,0,11,0
2020-04-09,Kern,29,883053,584,241,0,241,2
2020-04-09,Kings,31,150075,31,5,1,6,0
2020-04-09,Lake,33,64148,5,1,0,1,0
2020-04-09,Lassen,35,31185,1,0,2,2,0
2020-04-09,Los Angeles,37,10098052,12969,7919,16,7935,220
2020-04-09,Madera,39,155013,59,28,0,28,2
2020-04-09,Marin,41,260295,170,126,1,127,7
2020-04-09,Mariposa,43,17540,0,0,0,0,0
2020-04-09,Mendocino,45,87422,6,4,0,4,0
2020-04-09,Merced,47,269075,97,41,0,41,3
2020-04-09,Modoc,49,8938,0,0,0,0,0
2020-04-09,Mono,51,14174,29,19,0,19,1
2020-04-09,Monterey,53,433212,116,70,0,70,3
2020-04-09,Napa,55,140530,45,27,0,27,2
2020-04-09,Nevada,57,99092,36,23,1,24,1
2020-04-09,Orange,59,3164182,1808,1105,5,1110,19
2020-04-09,Placer,61,380077,142,107,0,107,4
2020-04-09,Plumas,63,18699,4,3,0,3,0
2020-04-09,Riverside,65,2383286,2370,1083,5,1088,29
2020-04-09,Sacramento,67,1510023,874,601,0,601,21
2020-04-09,San Benito,69,59416,36,32,0,32,2
2020-04-09,San Bernardino,71,2135413,1282,717,0,717,27
2020-04-09,San Diego,73,3302833,2223,1630,0,1630,40
2020-04-09,San Francisco,75,870044,1113,748,0,748,8
2020-04-09,San Joaquin,77,732212,380,223,3,226,14
2020-04-09,San Luis Obispo,79,281455,142,93,0,93,1
2020-04-09,San Mateo,81,765935,901,630,2,632,23
2020-04-09,Santa Barbara,83,443738,401,232,0,232,2
2020-04-09,Santa Clara,85,1922200,1832,1301,1,1302,49
2020-04-09,Santa Cruz,87,273765,99,73,0,73,1
2020-04-09,Shasta,89,179085,29,22,0,22,3
2020-04-09,Sierra,91,2930,0,0,0,0,0
2020-04-09,Siskiyou,93,43540,5,4,0,4,0
2020-04-09,Solano,95,438530,188,118,0,118,2
2020-04-09,Sonoma,97,501317,176,113,0,113,1
2020-04-09,Stanislaus,99,539301,220,93,3,96,0
2020-04-09,Sutter,101,95872,23,17,0,17,2
2020-04-09,Tehama,103,63373,1,1,0,1,0
2020-04-09,Trinity,105,12862,0,0,0,0,0
2020-04-09,Tulare,107,460477,334,147,2,149,9
2020-04-09,Tuolumne,109,53932,3,0,0,0,0
2020-04-09,Ventura,111,848112,435,273,0,273,9
2020-04-09,Yolo,113,214977,121,59,0,59,3
2020-04-09,Yuba,115,75493,14,13,0,13,0
2020-04-08,Alameda,1,1643700,1020,594,0,594,15
2020-04-08,Alpine,3,1148,1,1,0,1,0
2020-04-08,Amador,5,37829,7,2,0,2,0
2020-04-08,Butte,7,227075,18,11,1,12,0
2020-04-08,Calaveras,9,45235,10,5,0,5,0
2020-04-08,Colusa,11,21464,3,3,0,3,0
2020-04-08,Contra Costa,13,1133247,686,481,0,481,7
2020-04-08,Del Norte,15,27424,2,2,0,2,0
2020-04-08,El Dorado,17,186661,44,25,0,25,0
2020-04-08,Fresno,19,978130,396,151,3,154,3
2020-04-08,Glenn,21,27897,4,2,0,2,0
2020-04-08,Humboldt,23,135768,57,40,0,40,0
2020-04-08,Imperial,25,180216,153,59,0,59,2
2020-04-08,Inyo,27,18085,12,11,0,11,0
2020-04-08,Kern,29,883053,543,198,0,198,2
2020-04-08,Kings,31,150075,31,5,1,6,0
2020-04-08,Lake,33,64148,5,1,0,1,0
2020-04-08,Lassen,35,31185,1,0,2,2,0
2020-04-08,Los Angeles,37,10098052,12368,7505,16,7521,196
2020-04-08,Madera,39,155013,58,28,0,28,2
2020-04-08,Marin,41,260295,164,125,1,126,7
2020-04-08,Mariposa,43,17540,0,0,0,0,0
2020-04-08,Mendocino,45,87422,6,4,0,4,0
2020-04-08,Merced,47,269075,82,35,0,35,1
2020-04-08,Modoc,49,8938,0,0,0,0,0
2020-04-08,Mono,51,14174,29,19,0,19,1
2020-04-08,Monterey,53,433212,107,68,0,68,3
2020-04-08,Napa,55,140530,43,21,0,21,2
2020-04-08,Nevada,57,99092,36,21,1,22,1
2020-04-08,Orange,59,3164182,1747,1034,5,1039,19
2020-04-08,Placer,61,380077,142,102,0,102,4
2020-04-08,Plumas,63,18699,4,3,0,3,0
2020-04-08,Riverside,65,2383286,2216,974,5,979,28
2020-04-08,Sacramento,67,1510023,840,565,0,565,21
2020-04-08,San Benito,69,59416,36,31,0,31,2
2020-04-08,San Bernardino,71,2135413,1225,635,0,635,22
2020-04-08,San Diego,73,3302833,2149,1532,0,1532,36
2020-04-08,San Francisco,75,870044,1045,687,0,687,7
2020-04-08,San Joaquin,77,732212,363,211,3,214,12
2020-04-08,San Luis Obispo,79,281455,140,90,0,90,1
2020-04-08,San Mateo,81,765935,886,608,2,610,22
2020-04-08,Santa Barbara,83,443738,383,221,0,221,2
2020-04-08,Santa Clara,85,1922200,1788,1257,1,1258,47
2020-04-08,Santa Cruz,87,273765,98,69,0,69,1
2020-04-08,Shasta,89,179085,29,18,0,18,3
2020-04-08,Sierra,91,2930,0,0,0,0,0
2020-04-08,Siskiyou,93,43540,5,4,0,4,0
2020-04-08,Solano,95,438530,175,111,0,111,2
2020-04-08,Sonoma,97,501317,171,107,0,107,1
2020-04-08,Stanislaus,99,539301,204,86,3,89,0
2020-04-08,Sutter,101,95872,22,17,0,17,2
2020-04-08,Tehama,103,63373,1,1,0,1,0
2020-04-08,Trinity,105,12862,0,0,0,0,0
2020-04-08,Tulare,107,460477,305,145,2,147,6
2020-04-08,Tuolumne,109,53932,3,0,0,0,0
2020-04-08,Ventura,111,848112,426,263,0,263,7
2020-04-08,Yolo,113,214977,104,56,0,56,3
2020-04-08,Yuba,115,75493,14,10,0,10,0
2020-04-07,Alameda,1,1643700,985,560,0,560,14
2020-04-07,Alpine,3,1148,1,1,0,1,0
2020-04-07,Amador,5,37829,7,2,0,2,0
2020-04-07,Butte,7,227075,17,11,1,12,0
2020-04-07,Calaveras,9,45235,9,5,0,5,0
2020-04-07,Colusa,11,21464,3,2,0,2,0
2020-04-07,Contra Costa,13,1133247,666,471,0,471,7
2020-04-07,Del Norte,15,27424,2,2,0,2,0
2020-04-07,El Dorado,17,186661,43,22,0,22,0
2020-04-07,Fresno,19,978130,381,138,3,141,3
2020-04-07,Glenn,21,27897,4,2,0,2,0
2020-04-07,Humboldt,23,135768,56,40,0,40,0
2020-04-07,Imperial,25,180216,135,53,0,53,2
2020-04-07,Inyo,27,18085,12,11,0,11,0
2020-04-07,Kern,29,883053,500,134,0,134,2
2020-04-07,Kings,31,150075,29,5,1,6,0
2020-04-07,Lake,33,64148,4,1,0,1,0
2020-04-07,Lassen,35,31185,1,0,2,2,0
2020-04-07,Los Angeles,37,10098052,11719,6885,16,6901,170
2020-04-07,Madera,39,155013,57,28,0,28,2
2020-04-07,Marin,41,260295,162,122,1,123,7
2020-04-07,Mariposa,43,17540,0,0,0,0,0
2020-04-07,Mendocino,45,87422,6,4,0,4,0
2020-04-07,Merced,47,269075,67,27,0,27,1
2020-04-07,Modoc,49,8938,0,0,0,0,0
2020-04-07,Mono,51,14174,28,18,0,18,1
2020-04-07,Monterey,53,433212,99,63,0,63,2
2020-04-07,Napa,55,140530,41,18,0,18,2
2020-04-07,Nevada,57,99092,36,20,1,21,1
2020-04-07,Orange,59,3164182,1700,971,4,975,19
2020-04-07,Placer,61,380077,137,94,0,94,3
2020-04-07,Plumas,63,18699,4,3,0,3,0
2020-04-07,Riverside,65,2383286,2060,905,5,910,25
2020-04-07,Sacramento,67,1510023,810,513,0,513,18
2020-04-07,San Benito,69,59416,36,26,0,26,2
2020-04-07,San Bernardino,71,2135413,1158,554,0,554,19
2020-04-07,San Diego,73,3302833,2072,1456,0,1456,31
2020-04-07,San Francisco,75,870044,985,636,0,636,6
2020-04-07,San Joaquin,77,732212,345,198,3,201,12
2020-04-07,San Luis Obispo,79,281455,135,87,0,87,1
2020-04-07,San Mateo,81,765935,865,573,2,575,22
2020-04-07,Santa Barbara,83,443738,368,209,0,209,2
2020-04-07,Santa Clara,85,1922200,1719,1193,1,1194,46
2020-04-07,Santa Cruz,87,273765,98,67,0,67,1
2020-04-07,Shasta,89,179085,28,16,0,16,3
2020-04-07,Sierra,91,2930,0,0,0,0,0
2020-04-07,Siskiyou,93,43540,5,4,0,4,0
2020-04-07,Solano,95,438530,170,99,0,99,1
2020-04-07,Sonoma,97,501317,168,102,0,102,1
2020-04-07,Stanislaus,99,539301,187,83,3,86,0
2020-04-07,Sutter,101,95872,22,16,0,16,2
2020-04-07,Tehama,103,63373,1,1,0,1,0
2020-04-07,Trinity,105,12862,0,0,0,0,0
2020-04-07,Tulare,107,460477,278,144,2,146,5
2020-04-07,Tuolumne,109,53932,3,1,0,1,0
2020-04-07,Ventura,111,848112,409,247,0,247,6
2020-04-07,Yolo,113,214977,97,51,0,51,2
2020-04-07,Yuba,115,75493,14,10,0,10,0
2020-04-06,Alameda,1,1643700,955,527,0,527,13
2020-04-06,Alpine,3,1148,1,1,0,1,0
2020-04-06,Amador,5,37829,6,2,0,2,0
2020-04-06,Butte,7,227075,16,11,1,12,0
2020-04-06,Calaveras,9,45235,9,4,0,4,0
2020-04-06,Colusa,11,21464,3,1,0,1,0
2020-04-06,Contra Costa,13,1133247,641,447,0,447,7
2020-04-06,Del Norte,15,27424,2,2,0,2,0
2020-04-06,El Dorado,17,186661,41,23,0,23,0
2020-04-06,Fresno,19,978130,361,122,3,125,1
2020-04-06,Glenn,21,27897,4,2,0,2,0
2020-04-06,Humboldt,23,135768,55,37,0,37,0
2020-04-06,Imperial,25,180216,128,47,0,47,1
2020-04-06,Inyo,27,18085,11,11,0,11,0
2020-04-06,Kern,29,883053,463,117,0,117,2
2020-04-06,Kings,31,150075,29,3,1,4,0
2020-04-06,Lake,33,64148,4,1,0,1,0
2020-04-06,Lassen,35,31185,1,0,2,2,0
2020-04-06,Los Angeles,37,10098052,10987,6346,16,6362,145
2020-04-06,Madera,39,155013,55,29,0,29,2
2020-04-06,Marin,41,260295,159,119,1,120,7
2020-04-06,Mariposa,43,17540,0,0,0,0,0
2020-04-06,Mendocino,45,87422,6,4,0,4,0
2020-04-06,Merced,47,269075,60,25,0,25,1
2020-04-06,Modoc,49,8938,0,0,0,0,0
2020-04-06,Mono,51,14174,28,18,0,18,1
2020-04-06,Monterey,53,433212,94,62,0,62,2
2020-04-06,Napa,55,140530,41,18,0,18,2
2020-04-06,Nevada,57,99092,36,19,1,20,1
2020-04-06,Orange,59,3164182,1656,910,3,913,17
2020-04-06,Placer,61,380077,137,90,0,90,3
2020-04-06,Plumas,63,18699,4,2,0,2,0
2020-04-06,Riverside,65,2383286,1934,854,5,859,17
2020-04-06,Sacramento,67,1510023,780,448,0,448,15
2020-04-06,San Benito,69,59416,34,25,0,25,1
2020-04-06,San Bernardino,71,2135413,1099,550,0,550,13
2020-04-06,San Diego,73,3302833,1990,1406,0,1406,19
2020-04-06,San Francisco,75,870044,945,586,0,586,6
2020-04-06,San Joaquin,77,732212,330,191,3,194,10
2020-04-06,San Luis Obispo,79,281455,133,85,0,85,1
2020-04-06,San Mateo,81,765935,847,569,2,571,20
2020-04-06,Santa Barbara,83,443738,356,189,0,189,2
2020-04-06,Santa Clara,85,1922200,1668,1128,1,1129,43
2020-04-06,Santa Cruz,87,273765,96,65,0,65,1
2020-04-06,Shasta,89,179085,28,16,0,16,3
2020-04-06,Sierra,91,2930,0,0,0,0,0
2020-04-06,Siskiyou,93,43540,4,4,0,4,0
2020-04-06,Solano,95,438530,163,95,0,95,1
2020-04-06,Sonoma,97,501317,167,102,0,102,1
2020-04-06,Stanislaus,99,539301,171,72,3,75,0
2020-04-06,Sutter,101,95872,22,14,0,14,2
2020-04-06,Tehama,103,63373,1,1,0,1,0
2020-04-06,Trinity,105,12862,0,0,0,0,0
2020-04-06,Tulare,107,460477,266,126,2,128,5
2020-04-06,Tuolumne,109,53932,3,1,0,1,0
2020-04-06,Ventura,111,848112,391,234,0,234,6
2020-04-06,Yolo,113,214977,93,43,0,43,1
2020-04-06,Yuba,115,75493,14,8,0,8,0
2020-04-05,Alameda,1,1643700,913,475,0,475,12
2020-04-05,Alpine,3,1148,1,1,0,1,0
2020-04-05,Amador,5,37829,6,2,0,2,0
2020-04-05,Butte,7,227075,16,10,1,11,0
2020-04-05,Calaveras,9,45235,9,3,0,3,0
2020-04-05,Colusa,11,21464,3,1,0,1,0
2020-04-05,Contra Costa,13,1133247,624,415,0,415,6
2020-04-05,Del Norte,15,27424,2,1,0,1,0
2020-04-05,El Dorado,17,186661,40,19,0,19,0
2020-04-05,Fresno,19,978130,328,102,3,105,1
2020-04-05,Glenn,21,27897,4,2,0,2,0
2020-04-05,Humboldt,23,135768,55,29,0,29,0
2020-04-05,Imperial,25,180216,120,42,0,42,1
2020-04-05,Inyo,27,18085,11,10,0,10,0
2020-04-05,Kern,29,883053,409,109,0,109,2
2020-04-05,Kings,31,150075,28,4,1,5,0
2020-04-05,Lake,33,64148,4,0,0,0,0
2020-04-05,Lassen,35,31185,1,0,2,2,0
2020-04-05,Los Angeles,37,10098052,10418,5892,16,5908,130
2020-04-05,Madera,39,155013,54,27,0,27,2
2020-04-05,Marin,41,260295,159,113,1,114,6
2020-04-05,Mariposa,43,17540,0,0,0,0,0
2020-04-05,Mendocino,45,87422,6,4,0,4,0
2020-04-05,Merced,47,269075,53,16,0,16,0
2020-04-05,Modoc,49,8938,0,0,0,0,0
2020-04-05,Mono,51,14174,28,18,0,18,1
2020-04-05,Monterey,53,433212,87,61,0,61,2
2020-04-05,Napa,55,140530,39,15,0,15,2
2020-04-05,Nevada,57,99092,36,19,1,20,1
2020-04-05,Orange,59,3164182,1598,820,3,823,15
2020-04-05,Placer,61,380077,134,86,0,86,3
2020-04-05,Plumas,63,18699,3,2,0,2,0
2020-04-05,Riverside,65,2383286,1805,669,5,674,17
2020-04-05,Sacramento,67,1510023,749,393,0,393,11
2020-04-05,San Benito,69,59416,34,22,0,22,1
2020-04-05,San Bernardino,71,2135413,1025,375,0,375,13
2020-04-05,San Diego,73,3302833,1908,1328,0,1328,19
2020-04-05,San Francisco,75,870044,898,559,0,559,6
2020-04-05,San Joaquin,77,732212,315,179,3,182,10
2020-04-05,San Luis Obispo,79,281455,131,83,0,83,1
2020-04-05,San Mateo,81,765935,827,528,2,530,19
2020-04-05,Santa Barbara,83,443738,336,171,0,171,1
2020-04-05,Santa Clara,85,1922200,1623,1052,1,1053,42
2020-04-05,Santa Cruz,87,273765,96,59,0,59,1
2020-04-05,Shasta,89,179085,27,11,0,11,2
2020-04-05,Sierra,91,2930,0,0,0,0,0
2020-04-05,Siskiyou,93,43540,4,3,0,3,0
2020-04-05,Solano,95,438530,159,78,0,78,1
2020-04-05,Sonoma,97,501317,165,88,0,88,1
2020-04-05,Stanislaus,99,539301,157,51,3,54,0
2020-04-05,Sutter,101,95872,22,14,0,14,1
2020-04-05,Tehama,103,63373,1,1,0,1,0
2020-04-05,Trinity,105,12862,0,0,0,0,0
2020-04-05,Tulare,107,460477,234,81,2,83,4
2020-04-05,Tuolumne,109,53932,3,1,0,1,0
2020-04-05,Ventura,111,848112,377,196,0,196,6
2020-04-05,Yolo,113,214977,75,37,0,37,2
2020-04-05,Yuba,115,75493,14,7,0,7,0
2020-04-04,Alameda,1,1643700,890,468,0,468,12
2020-04-04,Alpine,3,1148,1,1,0,1,0
2020-04-04,Amador,5,37829,5,2,0,2,0
2020-04-04,Butte,7,227075,16,10,1,11,0
2020-04-04,Calaveras,9,45235,9,3,0,3,0
2020-04-04,Colusa,11,21464,3,1,0,1,0
2020-04-04,Contra Costa,13,1133247,616,382,0,382,5
2020-04-04,Del Norte,15,27424,2,1,0,1,0
2020-04-04,El Dorado,17,186661,40,19,0,19,0
2020-04-04,Fresno,19,978130,318,102,3,105,1
2020-04-04,Glenn,21,27897,4,2,0,2,0
2020-04-04,Humboldt,23,135768,55,29,0,29,0
2020-04-04,Imperial,25,180216,119,42,0,42,1
2020-04-04,Inyo,27,18085,11,10,0,10,0
2020-04-04,Kern,29,883053,380,103,0,103,2
2020-04-04,Kings,31,150075,28,3,1,4,0
2020-04-04,Lake,33,64148,4,0,0,0,0
2020-04-04,Lassen,35,31185,1,0,2,2,0
2020-04-04,Los Angeles,37,10098052,9801,5275,16,5291,117
2020-04-04,Madera,39,155013,52,27,0,27,2
2020-04-04,Marin,41,260295,157,111,0,111,6
2020-04-04,Mariposa,43,17540,0,0,0,0,0
2020-04-04,Mendocino,45,87422,6,4,0,4,0
2020-04-04,Merced,47,269075,49,11,0,11,0
2020-04-04,Modoc,49,8938,0,0,0,0,0
2020-04-04,Mono,51,14174,28,18,0,18,1
2020-04-04,Monterey,53,433212,84,61,0,61,2
2020-04-04,Napa,55,140530,39,15,0,15,2
2020-04-04,Nevada,57,99092,36,19,1,20,1
2020-04-04,Orange,59,3164182,1556,781,2,783,15
2020-04-04,Placer,61,380077,133,87,0,87,2
2020-04-04,Plumas,63,18699,3,2,0,2,0
2020-04-04,Riverside,65,2383286,1704,652,5,657,15
2020-04-04,Sacramento,67,1510023,731,393,0,393,11
2020-04-04,San Benito,69,59416,34,22,0,22,1
2020-04-04,San Bernardino,71,2135413,977,373,0,373,13
2020-04-04,San Diego,73,3302833,1860,1211,0,1211,18
2020-04-04,San Francisco,75,870044,860,537,0,537,6
2020-04-04,San Joaquin,77,732212,292,171,3,174,10
2020-04-04,San Luis Obispo,79,281455,131,82,0,82,0
2020-04-04,San Mateo,81,765935,815,520,2,522,17
2020-04-04,Santa Barbara,83,443738,327,167,0,167,1
2020-04-04,Santa Clara,85,1922200,1572,1045,1,1046,39
2020-04-04,Santa Cruz,87,273765,96,56,0,56,1
2020-04-04,Shasta,89,179085,26,11,0,11,2
2020-04-04,Sierra,91,2930,0,0,0,0,0
2020-04-04,Siskiyou,93,43540,4,3,0,3,0
2020-04-04,Solano,95,438530,154,79,0,79,1
2020-04-04,Sonoma,97,501317,162,88,0,88,1
2020-04-04,Stanislaus,99,539301,146,51,3,54,0
2020-04-04,Sutter,101,95872,22,14,0,14,1
2020-04-04,Tehama,103,63373,1,1,0,1,0
2020-04-04,Trinity,105,12862,0,0,0,0,0
2020-04-04,Tulare,107,460477,220,79,2,81,4
2020-04-04,Tuolumne,109,53932,3,1,0,1,0
2020-04-04,Ventura,111,848112,364,194,0,194,6
2020-04-04,Yolo,113,214977,73,40,0,40,2
2020-04-04,Yuba,115,75493,13,7,0,7,0
2020-04-03,Alameda,1,1643700,854,395,0,395,11
2020-04-03,Alpine,3,1148,1,1,0,1,0
2020-04-03,Amador,5,37829,5,2,0,2,0
2020-04-03,Butte,7,227075,16,8,1,9,0
2020-04-03,Calaveras,9,45235,9,3,0,3,0
2020-04-03,Colusa,11,21464,3,1,0,1,0
2020-04-03,Contra Costa,13,1133247,593,327,0,327,5
2020-04-03,Del Norte,15,27424,2,1,0,1,0
2020-04-03,El Dorado,17,186661,38,16,0,16,0
2020-04-03,Fresno,19,978130,306,98,3,101,1
2020-04-03,Glenn,21,27897,4,2,0,2,0
2020-04-03,Humboldt,23,135768,55,34,0,34,0
2020-04-03,Imperial,25,180216,110,35,0,35,0
2020-04-03,Inyo,27,18085,11,10,0,10,0
2020-04-03,Kern,29,883053,354,87,0,87,1
2020-04-03,Kings,31,150075,26,3,1,4,0
2020-04-03,Lake,33,64148,3,0,0,0,0
2020-04-03,Lassen,35,31185,1,0,2,2,0
2020-04-03,Los Angeles,37,10098052,9186,4566,16,4582,91
2020-04-03,Madera,39,155013,51,28,0,28,2
2020-04-03,Marin,41,260295,155,106,0,106,6
2020-04-03,Mariposa,43,17540,0,0,0,0,0
2020-04-03,Mendocino,45,87422,6,4,0,4,0
2020-04-03,Merced,47,269075,46,9,0,9,0
2020-04-03,Modoc,49,8938,0,0,0,0,0
2020-04-03,Mono,51,14174,28,18,0,18,1
2020-04-03,Monterey,53,433212,81,58,0,58,2
2020-04-03,Napa,55,140530,38,13,0,13,1
2020-04-03,Nevada,57,99092,36,19,1,20,1
2020-04-03,Orange,59,3164182,1517,713,2,715,13
2020-04-03,Placer,61,380077,129,76,0,76,2
2020-04-03,Plumas,63,18699,3,2,0,2,0
2020-04-03,Riverside,65,2383286,1625,540,5,545,14
2020-04-03,Sacramento,67,1510023,709,363,0,363,11
2020-04-03,San Benito,69,59416,34,22,0,22,1
2020-04-03,San Bernardino,71,2135413,932,356,0,356,11
2020-04-03,San Diego,73,3302833,1800,1114,0,1114,17
2020-04-03,San Francisco,75,870044,835,506,0,506,6
2020-04-03,San Joaquin,77,732212,280,162,3,165,10
2020-04-03,San Luis Obispo,79,281455,131,82,0,82,0
2020-04-03,San Mateo,81,765935,798,474,2,476,13
2020-04-03,Santa Barbara,83,443738,315,154,0,154,1
2020-04-03,Santa Clara,85,1922200,1538,983,1,984,39
2020-04-03,Santa Cruz,87,273765,96,52,0,52,1
2020-04-03,Shasta,89,179085,26,10,0,10,1
2020-04-03,Sierra,91,2930,0,0,0,0,0
2020-04-03,Siskiyou,93,43540,4,3,0,3,0
2020-04-03,Solano,95,438530,146,72,0,72,1
2020-04-03,Sonoma,97,501317,162,84,0,84,1
2020-04-03,Stanislaus,99,539301,140,48,3,51,0
2020-04-03,Sutter,101,95872,22,12,0,12,1
2020-04-03,Tehama,103,63373,1,1,0,1,0
2020-04-03,Trinity,105,12862,0,0,0,0,0
2020-04-03,Tulare,107,460477,207,73,2,75,3
2020-04-03,Tuolumne,109,53932,3,1,0,1,0
2020-04-03,Ventura,111,848112,354,186,0,186,6
2020-04-03,Yolo,113,214977,72,33,0,33,1
2020-04-03,Yuba,115,75493,13,6,0,6,0
2020-04-02,Alameda,1,1643700,803,345,0,345,10
2020-04-02,Alpine,3,1148,1,1,0,1,0
2020-04-02,Amador,5,37829,5,2,0,2,0
2020-04-02,Butte,7,227075,16,7,0,7,0
2020-04-02,Calaveras,9,45235,7,3,0,3,0
2020-04-02,Colusa,11,21464,3,1,0,1,0
2020-04-02,Contra Costa,13,1133247,563,297,0,297,3
2020-04-02,Del Norte,15,27424,2,0,0,0,0
2020-04-02,El Dorado,17,186661,36,16,0,16,0
2020-04-02,Fresno,19,978130,289,92,3,95,0
2020-04-02,Glenn,21,27897,3,2,0,2,0
2020-04-02,Humboldt,23,135768,51,23,0,23,0
2020-04-02,Imperial,25,180216,106,24,0,24,0
2020-04-02,Inyo,27,18085,10,8,0,8,0
2020-04-02,Kern,29,883053,327,74,0,74,0
2020-04-02,Kings,31,150075,26,3,1,4,0
2020-04-02,Lake,33,64148,3,0,0,0,0
2020-04-02,Lassen,35,31185,1,0,2,2,0
2020-04-02,Los Angeles,37,10098052,8354,4040,16,4056,79
2020-04-02,Madera,39,155013,49,25,0,25,1
2020-04-02,Marin,41,260295,149,102,0,102,1
2020-04-02,Mariposa,43,17540,0,0,0,0,0
2020-04-02,Mendocino,45,87422,6,4,0,4,0
2020-04-02,Merced,47,269075,41,9,0,9,0
2020-04-02,Modoc,49,8938,0,0,0,0,0
2020-04-02,Mono,51,14174,28,16,0,16,1
2020-04-02,Monterey,53,433212,79,50,0,50,2
2020-04-02,Napa,55,140530,38,13,0,13,0
2020-04-02,Nevada,57,99092,35,17,1,18,0
2020-04-02,Orange,59,3164182,1465,640,2,642,12
2020-04-02,Placer,61,380077,128,72,0,72,2
2020-04-02,Plumas,63,18699,3,1,0,1,0
2020-04-02,Riverside,65,2383286,1509,438,5,443,13
2020-04-02,Sacramento,67,1510023,691,322,0,322,9
2020-04-02,San Benito,69,59416,32,18,0,18,1
2020-04-02,San Bernardino,71,2135413,877,335,0,335,8
2020-04-02,San Diego,73,3302833,1733,968,0,968,16
2020-04-02,San Francisco,75,870044,808,473,0,473,6
2020-04-02,San Joaquin,77,732212,262,148,3,151,9
2020-04-02,San Luis Obispo,79,281455,126,79,0,79,0
2020-04-02,San Mateo,81,765935,777,423,2,425,13
2020-04-02,Santa Barbara,83,443738,302,125,0,125,1
2020-04-02,Santa Clara,85,1922200,1488,908,1,909,38
2020-04-02,Santa Cruz,87,273765,94,49,0,49,1
2020-04-02,Shasta,89,179085,25,7,0,7,1
2020-04-02,Sierra,91,2930,0,0,0,0,0
2020-04-02,Siskiyou,93,43540,4,3,0,3,0
2020-04-02,Solano,95,438530,136,65,0,65,0
2020-04-02,Sonoma,97,501317,158,76,0,76,1
2020-04-02,Stanislaus,99,539301,129,40,3,43,0
2020-04-02,Sutter,101,95872,21,10,0,10,1
2020-04-02,Tehama,103,63373,1,1,0,1,0
2020-04-02,Trinity,105,12862,0,0,0,0,0
2020-04-02,Tulare,107,460477,180,64,2,66,1
2020-04-02,Tuolumne,109,53932,3,1,0,1,0
2020-04-02,Ventura,111,848112,336,178,0,178,5
2020-04-02,Yolo,113,214977,70,29,0,29,1
2020-04-02,Yuba,115,75493,10,5,0,5,0
2020-04-01,Alameda,1,1643700,777,287,0,287,8
2020-04-01,Alpine,3,1148,1,1,0,1,0
2020-04-01,Amador,5,37829,5,1,0,1,0
2020-04-01,Butte,7,227075,16,6,0,6,0
2020-04-01,Calaveras,9,45235,6,3,0,3,0
2020-04-01,Colusa,11,21464,3,1,0,1,0
2020-04-01,Contra Costa,13,1133247,519,267,0,267,3
2020-04-01,Del Norte,15,27424,2,0,0,0,0
2020-04-01,El Dorado,17,186661,35,14,0,14,0
2020-04-01,Fresno,19,978130,269,75,2,77,0
2020-04-01,Glenn,21,27897,3,2,0,2,0
2020-04-01,Humboldt,23,135768,51,19,0,19,0
2020-04-01,Imperial,25,180216,99,25,0,25,0
2020-04-01,Inyo,27,18085,10,8,0,8,0
2020-04-01,Kern,29,883053,301,53,0,53,0
2020-04-01,Kings,31,150075,24,3,1,4,0
2020-04-01,Lake,33,64148,3,0,0,0,0
2020-04-01,Lassen,35,31185,1,0,2,2,0
2020-04-01,Los Angeles,37,10098052,7700,3502,16,3518,66
2020-04-01,Madera,39,155013,47,17,0,17,1
2020-04-01,Marin,41,260295,145,87,0,87,1
2020-04-01,Mariposa,43,17540,0,0,0,0,0
2020-04-01,Mendocino,45,87422,6,4,0,4,0
2020-04-01,Merced,47,269075,38,7,0,7,0
2020-04-01,Modoc,49,8938,0,0,0,0,0
2020-04-01,Mono,51,14174,28,12,0,12,1
2020-04-01,Monterey,53,433212,78,47,0,47,2
2020-04-01,Napa,55,140530,36,11,0,11,0
2020-04-01,Nevada,57,99092,35,15,1,16,0
2020-04-01,Orange,59,3164182,1411,579,2,581,11
2020-04-01,Placer,61,380077,127,52,0,52,2
2020-04-01,Plumas,63,18699,3,1,0,1,0
2020-04-01,Riverside,65,2383286,1341,306,5,311,11
2020-04-01,Sacramento,67,1510023,659,299,0,299,8
2020-04-01,San Benito,69,59416,29,14,0,14,1
2020-04-01,San Bernardino,71,2135413,828,245,0,245,5
2020-04-01,San Diego,73,3302833,1663,851,0,851,11
2020-04-01,San Francisco,75,870044,780,432,0,432,6
2020-04-01,San Joaquin,77,732212,251,132,3,135,8
2020-04-01,San Luis Obispo,79,281455,120,69,0,69,0
2020-04-01,San Mateo,81,765935,759,354,2,356,13
2020-04-01,Santa Barbara,83,443738,284,103,0,103,0
2020-04-01,Santa Clara,85,1922200,1448,805,1,806,33
2020-04-01,Santa Cruz,87,273765,89,44,0,44,1
2020-04-01,Shasta,89,179085,24,5,0,5,1
2020-04-01,Sierra,91,2930,0,0,0,0,0
2020-04-01,Siskiyou,93,43540,4,3,0,3,0
2020-04-01,Solano,95,438530,131,57,0,57,0
2020-04-01,Sonoma,97,501317,154,60,0,60,1
2020-04-01,Stanislaus,99,539301,118,29,3,32,0
2020-04-01,Sutter,101,95872,21,9,0,9,1
2020-04-01,Tehama,103,63373,1,0,0,0,0
2020-04-01,Trinity,105,12862,0,0,0,0,0
2020-04-01,Tulare,107,460477,145,43,2,45,1
2020-04-01,Tuolumne,109,53932,3,1,0,1,0
2020-04-01,Ventura,111,848112,323,154,0,154,5
2020-04-01,Yolo,113,214977,65,22,0,22,1
2020-04-01,Yuba,115,75493,9,5,0,5,0
2020-03-31,Alameda,1,1643700,709,269,0,269,7
2020-03-31,Alpine,3,1148,1,1,0,1,0
2020-03-31,Amador,5,37829,5,1,0,1,0
2020-03-31,Butte,7,227075,16,6,0,6,0
2020-03-31,Calaveras,9,45235,6,3,0,3,0
2020-03-31,Colusa,11,21464,3,1,0,1,0
2020-03-31,Contra Costa,13,1133247,494,246,0,246,3
2020-03-31,Del Norte,15,27424,1,0,0,0,0
2020-03-31,El Dorado,17,186661,31,14,0,14,0
2020-03-31,Fresno,19,978130,245,59,2,61,0
2020-03-31,Glenn,21,27897,3,2,0,2,0
2020-03-31,Humboldt,23,135768,51,18,0,18,0
2020-03-31,Imperial,25,180216,94,17,0,17,0
2020-03-31,Inyo,27,18085,10,8,0,8,0
2020-03-31,Kern,29,883053,278,47,0,47,0
2020-03-31,Kings,31,150075,22,2,1,3,0
2020-03-31,Lake,33,64148,1,0,0,0,0
2020-03-31,Lassen,35,31185,1,0,2,2,0
2020-03-31,Los Angeles,37,10098052,7036,3001,16,3017,53
2020-03-31,Madera,39,155013,46,17,0,17,1
2020-03-31,Marin,41,260295,136,85,0,85,1
2020-03-31,Mariposa,43,17540,0,0,0,0,0
2020-03-31,Mendocino,45,87422,6,4,0,4,0
2020-03-31,Merced,47,269075,33,6,0,6,0
2020-03-31,Modoc,49,8938,0,0,0,0,0
2020-03-31,Mono,51,14174,26,12,0,12,0
2020-03-31,Monterey,53,433212,76,43,0,43,2
2020-03-31,Napa,55,140530,35,9,0,9,0
2020-03-31,Nevada,57,99092,35,15,1,16,0
2020-03-31,Orange,59,3164182,1343,506,2,508,7
2020-03-31,Placer,61,380077,120,49,0,49,2
2020-03-31,Plumas,63,18699,1,0,0,0,0
2020-03-31,Riverside,65,2383286,1194,284,5,289,8
2020-03-31,Sacramento,67,1510023,607,271,0,271,8
2020-03-31,San Benito,69,59416,29,14,0,14,1
2020-03-31,San Bernardino,71,2135413,744,193,0,193,5
2020-03-31,San Diego,73,3302833,1581,736,0,736,9
2020-03-31,San Francisco,75,870044,745,404,0,404,5
2020-03-31,San Joaquin,77,732212,235,122,3,125,7
2020-03-31,San Luis Obispo,79,281455,117,67,0,67,0
2020-03-31,San Mateo,81,765935,740,297,2,299,12
2020-03-31,Santa Barbara,83,443738,267,89,0,89,0
2020-03-31,Santa Clara,85,1922200,1399,777,1,778,30
2020-03-31,Santa Cruz,87,273765,83,40,0,40,1
2020-03-31,Shasta,89,179085,21,5,0,5,1
2020-03-31,Sierra,91,2930,0,0,0,0,0
2020-03-31,Siskiyou,93,43540,4,3,0,3,0
2020-03-31,Solano,95,438530,117,56,0,56,0
2020-03-31,Sonoma,97,501317,149,58,0,58,1
2020-03-31,Stanislaus,99,539301,103,28,3,31,0
2020-03-31,Sutter,101,95872,21,8,0,8,0
2020-03-31,Tehama,103,63373,1,0,0,0,0
2020-03-31,Trinity,105,12862,0,0,0,0,0
2020-03-31,Tulare,107,460477,124,42,2,44,1
2020-03-31,Tuolumne,109,53932,3,1,0,1,0
2020-03-31,Ventura,111,848112,312,143,0,143,4
2020-03-31,Yolo,113,214977,58,21,0,21,1
2020-03-31,Yuba,115,75493,9,5,0,5,0
2020-03-30,Alameda,1,1643700,669,250,0,250,7
2020-03-30,Alpine,3,1148,1,1,0,1,0
2020-03-30,Amador,5,37829,5,1,0,1,0
2020-03-30,Butte,7,227075,14,5,0,5,0
2020-03-30,Calaveras,9,45235,6,3,0,3,0
2020-03-30,Colusa,11,21464,3,1,0,1,0
2020-03-30,Contra Costa,13,1133247,468,212,0,212,3
2020-03-30,Del Norte,15,27424,0,0,0,0,0
2020-03-30,El Dorado,17,186661,31,11,0,11,0
2020-03-30,Fresno,19,978130,221,46,2,48,0
2020-03-30,Glenn,21,27897,3,2,0,2,0
2020-03-30,Humboldt,23,135768,49,11,0,11,0
2020-03-30,Imperial,25,180216,90,9,0,9,0
2020-03-30,Inyo,27,18085,10,5,0,5,0
2020-03-30,Kern,29,883053,245,30,0,30,0
2020-03-30,Kings,31,150075,22,1,1,2,0
2020-03-30,Lake,33,64148,1,0,0,0,0
2020-03-30,Lassen,35,31185,1,0,1,1,0
2020-03-30,Los Angeles,37,10098052,6383,2467,16,2483,44
2020-03-30,Madera,39,155013,45,14,0,14,1
2020-03-30,Marin,41,260295,129,78,0,78,0
2020-03-30,Mariposa,43,17540,0,0,0,0,0
2020-03-30,Mendocino,45,87422,5,2,0,2,0
2020-03-30,Merced,47,269075,29,6,0,6,0
2020-03-30,Modoc,49,8938,0,0,0,0,0
2020-03-30,Mono,51,14174,26,11,0,11,0
2020-03-30,Monterey,53,433212,71,41,0,41,1
2020-03-30,Napa,55,140530,34,9,0,9,0
2020-03-30,Nevada,57,99092,34,14,1,15,0
2020-03-30,Orange,59,3164182,1278,418,2,420,5
2020-03-30,Placer,61,380077,117,44,0,44,2
2020-03-30,Plumas,63,18699,1,0,0,0,0
2020-03-30,Riverside,65,2383286,1114,204,5,209,7
2020-03-30,Sacramento,67,1510023,583,238,0,238,8
2020-03-30,San Benito,69,59416,29,11,0,11,1
2020-03-30,San Bernardino,71,2135413,700,145,0,145,4
2020-03-30,San Diego,73,3302833,1511,605,0,605,7
2020-03-30,San Francisco,75,870044,705,368,0,368,5
2020-03-30,San Joaquin,77,732212,228,112,3,115,5
2020-03-30,San Luis Obispo,79,281455,115,62,0,62,0
2020-03-30,San Mateo,81,765935,716,257,2,259,11
2020-03-30,Santa Barbara,83,443738,257,79,0,79,0
2020-03-30,Santa Clara,85,1922200,1368,745,1,746,31
2020-03-30,Santa Cruz,87,273765,80,36,0,36,1
2020-03-30,Shasta,89,179085,20,4,0,4,1
2020-03-30,Sierra,91,2930,0,0,0,0,0
2020-03-30,Siskiyou,93,43540,4,2,0,2,0
2020-03-30,Solano,95,438530,111,50,0,50,0
2020-03-30,Sonoma,97,501317,146,57,0,57,1
2020-03-30,Stanislaus,99,539301,96,28,3,31,0
2020-03-30,Sutter,101,95872,20,6,0,6,0
2020-03-30,Tehama,103,63373,1,0,0,0,0
2020-03-30,Trinity,105,12862,0,0,0,0,0
2020-03-30,Tulare,107,460477,114,40,2,42,1
2020-03-30,Tuolumne,109,53932,3,1,0,1,0
2020-03-30,Ventura,111,848112,301,118,0,118,2
2020-03-30,Yolo,113,214977,56,17,0,17,1
2020-03-30,Yuba,115,75493,8,5,0,5,0
2020-03-29,Alameda,1,1643700,635,207,0,207,6
2020-03-29,Alpine,3,1148,1,0,0,0,0
2020-03-29,Amador,5,37829,5,1,0,1,0
2020-03-29,Butte,7,227075,14,4,0,4,0
2020-03-29,Calaveras,9,45235,6,2,0,2,0
2020-03-29,Colusa,11,21464,3,1,0,1,0
2020-03-29,Contra Costa,13,1133247,438,187,0,187,3
2020-03-29,Del Norte,15,27424,0,0,0,0,0
2020-03-29,El Dorado,17,186661,30,9,0,9,0
2020-03-29,Fresno,19,978130,197,31,2,33,0
2020-03-29,Glenn,21,27897,2,1,0,1,0
2020-03-29,Humboldt,23,135768,46,9,0,9,0
2020-03-29,Imperial,25,180216,84,9,0,9,0
2020-03-29,Inyo,27,18085,9,0,0,0,0
2020-03-29,Kern,29,883053,227,20,0,20,0
2020-03-29,Kings,31,150075,19,1,1,2,0
2020-03-29,Lake,33,64148,0,0,0,0,0
2020-03-29,Lassen,35,31185,1,0,1,1,0
2020-03-29,Los Angeles,37,10098052,5739,2119,16,2135,37
2020-03-29,Madera,39,155013,40,11,0,11,1
2020-03-29,Marin,41,260295,124,60,0,60,0
2020-03-29,Mariposa,43,17540,0,0,0,0,0
2020-03-29,Mendocino,45,87422,5,2,0,2,0
2020-03-29,Merced,47,269075,28,4,0,4,0
2020-03-29,Modoc,49,8938,0,0,0,0,0
2020-03-29,Mono,51,14174,26,8,0,8,0
2020-03-29,Monterey,53,433212,66,36,0,36,1
2020-03-29,Napa,55,140530,32,5,0,5,0
2020-03-29,Nevada,57,99092,32,13,1,14,0
2020-03-29,Orange,59,3164182,1205,343,2,345,2
2020-03-29,Placer,61,380077,116,35,0,35,2
2020-03-29,Plumas,63,18699,1,0,0,0,0
2020-03-29,Riverside,65,2383286,990,122,5,127,7
2020-03-29,Sacramento,67,1510023,543,217,0,217,7
2020-03-29,San Benito,69,59416,28,10,0,10,1
2020-03-29,San Bernardino,71,2135413,648,94,0,94,2
2020-03-29,San Diego,73,3302833,1439,521,0,521,7
2020-03-29,San Francisco,75,870044,661,333,0,333,5
2020-03-29,San Joaquin,77,732212,219,86,3,89,4
2020-03-29,San Luis Obispo,79,281455,110,55,0,55,0
2020-03-29,San Mateo,81,765935,691,234,2,236,12
2020-03-29,Santa Barbara,83,443738,246,52,0,52,0
2020-03-29,Santa Clara,85,1922200,1313,591,1,592,30
2020-03-29,Santa Cruz,87,273765,80,33,0,33,1
2020-03-29,Shasta,89,179085,19,4,0,4,1
2020-03-29,Sierra,91,2930,0,0,0,0,0
2020-03-29,Siskiyou,93,43540,4,2,0,2,0
2020-03-29,Solano,95,438530,103,48,0,48,0
2020-03-29,Sonoma,97,501317,144,35,0,35,1
2020-03-29,Stanislaus,99,539301,91,19,3,22,0
2020-03-29,Sutter,101,95872,17,6,0,6,0
2020-03-29,Tehama,103,63373,1,0,0,0,0
2020-03-29,Trinity,105,12862,0,0,0,0,0
2020-03-29,Tulare,107,460477,95,24,2,26,1
2020-03-29,Tuolumne,109,53932,2,1,0,1,0
2020-03-29,Ventura,111,848112,274,92,0,92,2
2020-03-29,Yolo,113,214977,51,13,0,13,1
2020-03-29,Yuba,115,75493,8,3,0,3,0
2020-03-28,Alameda,1,1643700,608,410,0,410,12
2020-03-28,Alpine,3,1148,1,0,0,0,0
2020-03-28,Amador,5,37829,5,2,0,2,0
2020-03-28,Butte,7,227075,14,8,0,8,0
2020-03-28,Calaveras,9,45235,6,4,0,4,0
2020-03-28,Colusa,11,21464,3,2,0,2,0
2020-03-28,Contra Costa,13,1133247,415,350,0,350,4
2020-03-28,Del Norte,15,27424,0,0,0,0,0
2020-03-28,El Dorado,17,186661,29,18,0,18,0
2020-03-28,Fresno,19,978130,187,62,2,64,0
2020-03-28,Glenn,21,27897,2,2,0,2,0
2020-03-28,Humboldt,23,135768,46,18,0,18,0
2020-03-28,Imperial,25,180216,79,18,0,18,0
2020-03-28,Inyo,27,18085,9,0,0,0,0
2020-03-28,Kern,29,883053,210,40,0,40,0
2020-03-28,Kings,31,150075,18,2,1,3,0
2020-03-28,Lake,33,64148,0,0,0,0,0
2020-03-28,Lassen,35,31185,1,0,1,1,0
2020-03-28,Los Angeles,37,10098052,5354,3600,15,3615,64
2020-03-28,Madera,39,155013,40,22,0,22,2
2020-03-28,Marin,41,260295,119,116,0,116,0
2020-03-28,Mariposa,43,17540,0,0,0,0,0
2020-03-28,Mendocino,45,87422,5,4,0,4,0
2020-03-28,Merced,47,269075,27,8,0,8,0
2020-03-28,Modoc,49,8938,0,0,0,0,0
2020-03-28,Mono,51,14174,24,12,0,12,0
2020-03-28,Monterey,53,433212,65,64,0,64,2
2020-03-28,Napa,55,140530,27,10,0,10,0
2020-03-28,Nevada,57,99092,32,22,1,23,0
2020-03-28,Orange,59,3164182,1169,656,2,658,4
2020-03-28,Placer,61,380077,111,70,0,70,2
2020-03-28,Plumas,63,18699,1,0,0,0,0
2020-03-28,Riverside,65,2383286,922,242,5,247,14
2020-03-28,Sacramento,67,1510023,525,406,0,406,14
2020-03-28,San Benito,69,59416,28,20,0,20,2
2020-03-28,San Bernardino,71,2135413,600,162,0,162,4
2020-03-28,San Diego,73,3302833,1380,980,0,980,14
2020-03-28,San Francisco,75,870044,637,600,0,600,6
2020-03-28,San Joaquin,77,732212,212,166,3,169,8
2020-03-28,San Luis Obispo,79,281455,108,104,0,104,0
2020-03-28,San Mateo,81,765935,671,462,2,464,17
2020-03-28,Santa Barbara,83,443738,235,98,0,98,0
2020-03-28,Santa Clara,85,1922200,1294,1174,1,1175,54
2020-03-28,Santa Cruz,87,273765,79,62,0,62,0
2020-03-28,Shasta,89,179085,19,8,0,8,2
2020-03-28,Sierra,91,2930,0,0,0,0,0
2020-03-28,Siskiyou,93,43540,4,4,0,4,0
2020-03-28,Solano,95,438530,99,96,0,96,0
2020-03-28,Sonoma,97,501317,142,70,0,70,2
2020-03-28,Stanislaus,99,539301,86,34,3,37,0
2020-03-28,Sutter,101,95872,17,6,0,6,0
2020-03-28,Tehama,103,63373,1,0,0,0,0
2020-03-28,Trinity,105,12862,0,0,0,0,0
2020-03-28,Tulare,107,460477,89,46,2,48,0
2020-03-28,Tuolumne,109,53932,2,2,0,2,0
2020-03-28,Ventura,111,848112,270,178,0,178,4
2020-03-28,Yolo,113,214977,50,26,0,26,2
2020-03-28,Yuba,115,75493,8,6,0,6,0
2020-03-27,Alameda,1,1643700,589,185,0,185,4
2020-03-27,Alpine,3,1148,1,0,0,0,0
2020-03-27,Amador,5,37829,4,1,0,1,0
2020-03-27,Butte,7,227075,12,4,0,4,0
2020-03-27,Calaveras,9,45235,6,2,0,2,0
2020-03-27,Colusa,11,21464,3,0,0,0,0
2020-03-27,Contra Costa,13,1133247,394,161,0,161,2
2020-03-27,Del Norte,15,27424,0,0,0,0,0
2020-03-27,El Dorado,17,186661,27,9,0,9,0
2020-03-27,Fresno,19,978130,175,29,1,30,0
2020-03-27,Glenn,21,27897,2,0,0,0,0
2020-03-27,Humboldt,23,135768,42,9,0,9,0
2020-03-27,Imperial,25,180216,74,9,0,9,0
2020-03-27,Inyo,27,18085,9,0,0,0,0
2020-03-27,Kern,29,883053,197,20,0,20,0
2020-03-27,Kings,31,150075,17,0,1,1,0
2020-03-27,Lake,33,64148,0,0,0,0,0
2020-03-27,Lassen,35,31185,1,0,1,1,0
2020-03-27,Los Angeles,37,10098052,4941,1474,15,1489,26
2020-03-27,Madera,39,155013,38,10,0,10,1
2020-03-27,Marin,41,260295,114,58,0,58,0
2020-03-27,Mariposa,43,17540,0,0,0,0,0
2020-03-27,Mendocino,45,87422,5,2,0,2,0
2020-03-27,Merced,47,269075,26,3,0,3,0
2020-03-27,Modoc,49,8938,0,0,0,0,0
2020-03-27,Mono,51,14174,24,6,0,6,0
2020-03-27,Monterey,53,433212,62,26,0,26,1
2020-03-27,Napa,55,140530,27,5,0,5,0
2020-03-27,Nevada,57,99092,32,6,1,7,0
2020-03-27,Orange,59,3164182,1117,299,2,301,2
2020-03-27,Placer,61,380077,108,33,0,33,1
2020-03-27,Plumas,63,18699,0,0,0,0,0
2020-03-27,Riverside,65,2383286,866,121,5,126,7
2020-03-27,Sacramento,67,1510023,502,163,0,163,6
2020-03-27,San Benito,69,59416,27,9,0,9,1
2020-03-27,San Bernardino,71,2135413,510,77,0,77,2
2020-03-27,San Diego,73,3302833,1323,419,0,419,5
2020-03-27,San Francisco,75,870044,612,285,0,285,2
2020-03-27,San Joaquin,77,732212,201,73,3,76,3
2020-03-27,San Luis Obispo,79,281455,106,46,0,46,0
2020-03-27,San Mateo,81,765935,645,213,2,215,7
2020-03-27,Santa Barbara,83,443738,219,37,0,37,0
2020-03-27,Santa Clara,85,1922200,1257,557,1,558,25
2020-03-27,Santa Cruz,87,273765,78,31,0,31,0
2020-03-27,Shasta,89,179085,16,3,0,3,1
2020-03-27,Sierra,91,2930,0,0,0,0,0
2020-03-27,Siskiyou,93,43540,4,2,0,2,0
2020-03-27,Solano,95,438530,93,48,0,48,0
2020-03-27,Sonoma,97,501317,134,35,0,35,1
2020-03-27,Stanislaus,99,539301,84,16,3,19,0
2020-03-27,Sutter,101,95872,16,2,0,2,0
2020-03-27,Tehama,103,63373,1,0,0,0,0
2020-03-27,Trinity,105,12862,0,0,0,0,0
2020-03-27,Tulare,107,460477,81,15,2,17,0
2020-03-27,Tuolumne,109,53932,2,1,0,1,0
2020-03-27,Ventura,111,848112,261,80,0,80,2
2020-03-27,Yolo,113,214977,49,13,0,13,1
2020-03-27,Yuba,115,75493,7,3,0,3,0
2020-03-26,Alameda,1,1643700,549,172,0,172,4
2020-03-26,Alpine,3,1148,1,0,0,0,0
2020-03-26,Amador,5,37829,4,1,0,1,0
2020-03-26,Butte,7,227075,12,4,0,4,0
2020-03-26,Calaveras,9,45235,6,2,0,2,0
2020-03-26,Colusa,11,21464,3,0,0,0,0
2020-03-26,Contra Costa,13,1133247,384,147,0,147,2
2020-03-26,Del Norte,15,27424,0,0,0,0,0
2020-03-26,El Dorado,17,186661,26,7,0,7,0
2020-03-26,Fresno,19,978130,166,25,1,26,0
2020-03-26,Glenn,21,27897,2,0,0,0,0
2020-03-26,Humboldt,23,135768,38,8,0,8,0
2020-03-26,Imperial,25,180216,70,8,0,8,0
2020-03-26,Inyo,27,18085,8,0,0,0,0
2020-03-26,Kern,29,883053,181,20,0,20,0
2020-03-26,Kings,31,150075,17,0,1,1,0
2020-03-26,Lake,33,64148,0,0,0,0,0
2020-03-26,Lassen,35,31185,1,0,1,1,0
2020-03-26,Los Angeles,37,10098052,4540,1075,15,1090,19
2020-03-26,Madera,39,155013,36,8,0,8,0
2020-03-26,Marin,41,260295,105,56,0,56,0
2020-03-26,Mariposa,43,17540,0,0,0,0,0
2020-03-26,Mendocino,45,87422,4,1,0,1,0
2020-03-26,Merced,47,269075,23,1,0,1,0
2020-03-26,Modoc,49,8938,0,0,0,0,0
2020-03-26,Mono,51,14174,23,5,0,5,0
2020-03-26,Monterey,53,433212,59,25,0,25,1
2020-03-26,Napa,55,140530,26,5,0,5,0
2020-03-26,Nevada,57,99092,32,7,1,8,0
2020-03-26,Orange,59,3164182,1055,279,2,281,1
2020-03-26,Placer,61,380077,104,34,0,34,1
2020-03-26,Plumas,63,18699,0,0,0,0,0
2020-03-26,Riverside,65,2383286,796,118,5,123,7
2020-03-26,Sacramento,67,1510023,469,147,0,147,5
2020-03-26,San Benito,69,59416,27,8,0,8,1
2020-03-26,San Bernardino,71,2135413,444,57,0,57,1
2020-03-26,San Diego,73,3302833,1256,299,0,299,2
2020-03-26,San Francisco,75,870044,585,261,0,261,1
2020-03-26,San Joaquin,77,732212,190,69,3,72,3
2020-03-26,San Luis Obispo,79,281455,101,38,0,38,0
2020-03-26,San Mateo,81,765935,612,122,2,124,5
2020-03-26,Santa Barbara,83,443738,203,33,0,33,0
2020-03-26,Santa Clara,85,1922200,1214,487,1,488,20
2020-03-26,Santa Cruz,87,273765,74,30,0,30,0
2020-03-26,Shasta,89,179085,16,3,0,3,1
2020-03-26,Sierra,91,2930,0,0,0,0,0
2020-03-26,Siskiyou,93,43540,4,2,0,2,0
2020-03-26,Solano,95,438530,85,41,0,41,0
2020-03-26,Sonoma,97,501317,129,33,0,33,1
2020-03-26,Stanislaus,99,539301,82,15,3,18,0
2020-03-26,Sutter,101,95872,12,2,0,2,0
2020-03-26,Tehama,103,63373,1,0,0,0,0
2020-03-26,Trinity,105,12862,0,0,0,0,0
2020-03-26,Tulare,107,460477,74,15,2,17,0
2020-03-26,Tuolumne,109,53932,2,0,0,0,0
2020-03-26,Ventura,111,848112,245,70,0,70,1
2020-03-26,Yolo,113,214977,45,13,0,13,1
2020-03-26,Yuba,115,75493,7,3,0,3,0
2020-03-25,Alameda,1,1643700,528,134,0,134,3
2020-03-25,Alpine,3,1148,1,0,0,0,0
2020-03-25,Amador,5,37829,4,1,0,1,0
2020-03-25,Butte,7,227075,12,4,0,4,0
2020-03-25,Calaveras,9,45235,6,2,0,2,0
2020-03-25,Colusa,11,21464,2,0,0,0,0
2020-03-25,Contra Costa,13,1133247,370,131,0,131,1
2020-03-25,Del Norte,15,27424,0,0,0,0,0
2020-03-25,El Dorado,17,186661,26,5,0,5,0
2020-03-25,Fresno,19,978130,150,21,1,22,0
2020-03-25,Glenn,21,27897,2,0,0,0,0
2020-03-25,Humboldt,23,135768,35,3,0,3,0
2020-03-25,Imperial,25,180216,62,8,0,8,0
2020-03-25,Inyo,27,18085,5,0,0,0,0
2020-03-25,Kern,29,883053,161,13,0,13,0
2020-03-25,Kings,31,150075,16,0,1,1,0
2020-03-25,Lake,33,64148,0,0,0,0,0
2020-03-25,Lassen,35,31185,1,0,1,1,0
2020-03-25,Los Angeles,37,10098052,4143,725,15,740,10
2020-03-25,Madera,39,155013,34,6,0,6,0
2020-03-25,Marin,41,260295,99,47,0,47,0
2020-03-25,Mariposa,43,17540,0,0,0,0,0
2020-03-25,Mendocino,45,87422,3,1,0,1,0
2020-03-25,Merced,47,269075,19,0,0,0,0
2020-03-25,Modoc,49,8938,0,0,0,0,0
2020-03-25,Mono,51,14174,22,4,0,4,0
2020-03-25,Monterey,53,433212,56,23,0,23,1
2020-03-25,Napa,55,140530,26,5,0,5,0
2020-03-25,Nevada,57,99092,31,5,1,6,0
2020-03-25,Orange,59,3164182,997,214,2,216,1
2020-03-25,Placer,61,380077,98,30,0,30,1
2020-03-25,Plumas,63,18699,0,1,0,1,0
2020-03-25,Riverside,65,2383286,725,87,5,92,5
2020-03-25,Sacramento,67,1510023,443,114,0,114,5
2020-03-25,San Benito,69,59416,26,4,0,4,1
2020-03-25,San Bernardino,71,2135413,405,46,0,46,1
2020-03-25,San Diego,73,3302833,1194,238,0,238,2
2020-03-25,San Francisco,75,870044,544,212,0,212,1
2020-03-25,San Joaquin,77,732212,177,64,3,67,2
2020-03-25,San Luis Obispo,79,281455,96,35,0,35,0
2020-03-25,San Mateo,81,765935,577,111,2,113,5
2020-03-25,Santa Barbara,83,443738,192,25,0,25,0
2020-03-25,Santa Clara,85,1922200,1170,452,1,453,20
2020-03-25,Santa Cruz,87,273765,71,26,0,26,0
2020-03-25,Shasta,89,179085,15,3,0,3,1
2020-03-25,Sierra,91,2930,0,0,0,0,0
2020-03-25,Siskiyou,93,43540,4,2,0,2,0
2020-03-25,Solano,95,438530,80,39,0,39,0
2020-03-25,Sonoma,97,501317,124,31,0,31,1
2020-03-25,Stanislaus,99,539301,75,14,3,17,0
2020-03-25,Sutter,101,95872,9,1,0,1,0
2020-03-25,Tehama,103,63373,1,0,0,0,0
2020-03-25,Trinity,105,12862,0,0,0,0,0
2020-03-25,Tulare,107,460477,64,11,2,13,0
2020-03-25,Tuolumne,109,53932,2,0,0,0,0
2020-03-25,Ventura,111,848112,229,53,0,53,1
2020-03-25,Yolo,113,214977,43,9,0,9,1
2020-03-25,Yuba,115,75493,7,2,0,2,0
2020-03-24,Alameda,1,1643700,496,96,0,96,2
2020-03-24,Alpine,3,1148,1,0,0,0,0
2020-03-24,Amador,5,37829,2,1,0,1,0
2020-03-24,Butte,7,227075,11,3,0,3,0
2020-03-24,Calaveras,9,45235,5,2,0,2,0
2020-03-24,Colusa,11,21464,2,0,0,0,0
2020-03-24,Contra Costa,13,1133247,356,108,0,108,1
2020-03-24,Del Norte,15,27424,0,0,0,0,0
2020-03-24,El Dorado,17,186661,26,3,0,3,0
2020-03-24,Fresno,19,978130,131,18,1,19,0
2020-03-24,Glenn,21,27897,2,0,0,0,0
2020-03-24,Humboldt,23,135768,33,2,0,2,0
2020-03-24,Imperial,25,180216,59,3,0,3,0
2020-03-24,Inyo,27,18085,5,0,0,0,0
2020-03-24,Kern,29,883053,143,5,0,5,0
2020-03-24,Kings,31,150075,15,0,1,1,0
2020-03-24,Lake,33,64148,0,0,0,0,0
2020-03-24,Lassen,35,31185,1,0,1,1,0
2020-03-24,Los Angeles,37,10098052,3693,633,15,648,7
2020-03-24,Madera,39,155013,33,6,0,6,0
2020-03-24,Marin,41,260295,88,44,0,44,0
2020-03-24,Mariposa,43,17540,0,0,0,0,0
2020-03-24,Mendocino,45,87422,3,1,0,1,0
2020-03-24,Merced,47,269075,17,0,0,0,0
2020-03-24,Modoc,49,8938,0,0,0,0,0
2020-03-24,Mono,51,14174,21,1,0,1,0
2020-03-24,Monterey,53,433212,52,23,0,23,1
2020-03-24,Napa,55,140530,23,2,0,2,0
2020-03-24,Nevada,57,99092,30,4,1,5,0
2020-03-24,Orange,59,3164182,935,166,2,168,0
2020-03-24,Placer,61,380077,92,22,0,22,1
2020-03-24,Plumas,63,18699,0,1,0,1,0
2020-03-24,Riverside,65,2383286,658,56,5,61,5
2020-03-24,Sacramento,67,1510023,424,93,0,93,4
2020-03-24,San Benito,69,59416,25,4,0,4,1
2020-03-24,San Bernardino,71,2135413,361,27,0,27,0
2020-03-24,San Diego,73,3302833,1127,231,0,231,2
2020-03-24,San Francisco,75,870044,512,181,0,181,1
2020-03-24,San Joaquin,77,732212,166,52,3,55,2
2020-03-24,San Luis Obispo,79,281455,94,32,0,32,0
2020-03-24,San Mateo,81,765935,536,100,2,102,2
2020-03-24,Santa Barbara,83,443738,186,20,0,20,0
2020-03-24,Santa Clara,85,1922200,1101,389,1,390,17
2020-03-24,Santa Cruz,87,273765,66,22,0,22,0
2020-03-24,Shasta,89,179085,14,3,0,3,0
2020-03-24,Sierra,91,2930,0,0,0,0,0
2020-03-24,Siskiyou,93,43540,4,2,0,2,0
2020-03-24,Solano,95,438530,78,34,0,34,0
2020-03-24,Sonoma,97,501317,117,27,0,27,1
2020-03-24,Stanislaus,99,539301,66,13,3,16,0
2020-03-24,Sutter,101,95872,9,0,0,0,0
2020-03-24,Tehama,103,63373,1,0,0,0,0
2020-03-24,Trinity,105,12862,0,0,0,0,0
2020-03-24,Tulare,107,460477,56,10,2,12,0
2020-03-24,Tuolumne,109,53932,2,0,0,0,0
2020-03-24,Ventura,111,848112,213,44,0,44,1
2020-03-24,Yolo,113,214977,39,8,0,8,0
2020-03-24,Yuba,115,75493,7,2,0,2,0
2020-03-23,Alameda,1,1643700,466,88,0,88,1
2020-03-23,Alpine,3,1148,1,0,0,0,0
2020-03-23,Amador,5,37829,2,1,0,1,0
2020-03-23,Butte,7,227075,11,2,0,2,0
2020-03-23,Calaveras,9,45235,5,2,0,2,0
2020-03-23,Colusa,11,21464,1,0,0,0,0
2020-03-23,Contra Costa,13,1133247,336,91,0,91,2
2020-03-23,Del Norte,15,27424,0,0,0,0,0
2020-03-23,El Dorado,17,186661,25,3,0,3,0
2020-03-23,Fresno,19,978130,121,10,1,11,0
2020-03-23,Glenn,21,27897,2,0,0,0,0
2020-03-23,Humboldt,23,135768,31,2,0,2,0
2020-03-23,Imperial,25,180216,55,2,0,2,0
2020-03-23,Inyo,27,18085,3,0,0,0,0
2020-03-23,Kern,29,883053,129,5,0,5,0
2020-03-23,Kings,31,150075,15,0,1,1,0
2020-03-23,Lake,33,64148,0,0,0,0,0
2020-03-23,Lassen,35,31185,1,0,1,1,0
2020-03-23,Los Angeles,37,10098052,3389,389,15,404,4
2020-03-23,Madera,39,155013,33,4,0,4,0
2020-03-23,Marin,41,260295,83,30,0,30,0
2020-03-23,Mariposa,43,17540,0,0,0,0,0
2020-03-23,Mendocino,45,87422,3,1,0,1,0
2020-03-23,Merced,47,269075,11,0,0,0,0
2020-03-23,Modoc,49,8938,0,0,0,0,0
2020-03-23,Mono,51,14174,19,1,0,1,0
2020-03-23,Monterey,53,433212,47,14,0,14,1
2020-03-23,Napa,55,140530,21,1,0,1,0
2020-03-23,Nevada,57,99092,27,2,1,3,0
2020-03-23,Orange,59,3164182,881,138,2,140,0
2020-03-23,Placer,61,380077,89,19,0,19,1
2020-03-23,Plumas,63,18699,0,0,0,0,0
2020-03-23,Riverside,65,2383286,617,39,5,44,5
2020-03-23,Sacramento,67,1510023,391,87,0,87,4
2020-03-23,San Benito,69,59416,24,4,0,4,1
2020-03-23,San Bernardino,71,2135413,331,17,0,17,0
2020-03-23,San Diego,73,3302833,1068,178,0,178,1
2020-03-23,San Francisco,75,870044,483,152,0,152,0
2020-03-23,San Joaquin,77,732212,154,37,3,40,2
2020-03-23,San Luis Obispo,79,281455,88,23,0,23,0
2020-03-23,San Mateo,81,765935,498,88,2,90,1
2020-03-23,Santa Barbara,83,443738,165,18,0,18,0
2020-03-23,Santa Clara,85,1922200,1054,336,1,337,13
2020-03-23,Santa Cruz,87,273765,64,21,0,21,0
2020-03-23,Shasta,89,179085,12,2,0,2,0
2020-03-23,Sierra,91,2930,0,0,0,0,0
2020-03-23,Siskiyou,93,43540,4,2,0,2,0
2020-03-23,Solano,95,438530,74,33,0,33,0
2020-03-23,Sonoma,97,501317,105,19,0,19,1
2020-03-23,Stanislaus,99,539301,58,10,3,13,0
2020-03-23,Sutter,101,95872,9,0,0,0,0
2020-03-23,Tehama,103,63373,1,0,0,0,0
2020-03-23,Trinity,105,12862,0,0,0,0,0
2020-03-23,Tulare,107,460477,50,9,2,11,0
2020-03-23,Tuolumne,109,53932,2,0,0,0,0
2020-03-23,Ventura,111,848112,196,30,0,30,0
2020-03-23,Yolo,113,214977,38,8,0,8,0
2020-03-23,Yuba,115,75493,7,2,0,2,0
2020-03-22,Alameda,1,1643700,427,72,0,72,1
2020-03-22,Alpine,3,1148,1,0,0,0,0
2020-03-22,Amador,5,37829,2,1,0,1,0
2020-03-22,Butte,7,227075,8,1,0,1,0
2020-03-22,Calaveras,9,45235,4,2,0,2,0
2020-03-22,Colusa,11,21464,1,0,0,0,0
2020-03-22,Contra Costa,13,1133247,309,79,0,79,1
2020-03-22,Del Norte,15,27424,0,0,0,0,0
2020-03-22,El Dorado,17,186661,23,1,0,1,0
2020-03-22,Fresno,19,978130,102,8,1,9,0
2020-03-22,Glenn,21,27897,2,0,0,0,0
2020-03-22,Humboldt,23,135768,28,1,0,1,0
2020-03-22,Imperial,25,180216,53,2,0,2,0
2020-03-22,Inyo,27,18085,1,0,0,0,0
2020-03-22,Kern,29,883053,113,3,0,3,0
2020-03-22,Kings,31,150075,13,0,1,1,0
2020-03-22,Lake,33,64148,0,0,0,0,0
2020-03-22,Lassen,35,31185,1,0,1,1,0
2020-03-22,Los Angeles,37,10098052,3066,384,15,399,3
2020-03-22,Madera,39,155013,31,4,0,4,0
2020-03-22,Marin,41,260295,73,30,0,30,0
2020-03-22,Mariposa,43,17540,0,0,0,0,0
2020-03-22,Mendocino,45,87422,3,1,0,1,0
2020-03-22,Merced,47,269075,7,0,0,0,0
2020-03-22,Modoc,49,8938,0,0,0,0,0
2020-03-22,Mono,51,14174,14,1,0,1,0
2020-03-22,Monterey,53,433212,45,14,0,14,1
2020-03-22,Napa,55,140530,17,1,0,1,0
2020-03-22,Nevada,57,99092,23,2,1,3,0
2020-03-22,Orange,59,3164182,815,102,2,104,0
2020-03-22,Placer,61,380077,87,18,0,18,1
2020-03-22,Plumas,63,18699,0,0,0,0,0
2020-03-22,Riverside,65,2383286,539,26,3,29,5
2020-03-22,Sacramento,67,1510023,360,82,0,82,4
2020-03-22,San Benito,69,59416,19,4,0,4,1
2020-03-22,San Bernardino,71,2135413,288,16,0,16,0
2020-03-22,San Diego,73,3302833,980,161,0,161,0
2020-03-22,San Francisco,75,870044,446,134,0,134,0
2020-03-22,San Joaquin,77,732212,140,30,3,33,2
2020-03-22,San Luis Obispo,79,281455,83,19,0,19,0
2020-03-22,San Mateo,81,765935,465,82,2,84,1
2020-03-22,Santa Barbara,83,443738,147,16,0,16,0
2020-03-22,Santa Clara,85,1922200,992,284,1,285,13
2020-03-22,Santa Cruz,87,273765,63,19,0,19,0
2020-03-22,Shasta,89,179085,12,1,0,1,0
2020-03-22,Sierra,91,2930,0,0,0,0,0
2020-03-22,Siskiyou,93,43540,4,2,0,2,0
2020-03-22,Solano,95,438530,65,30,0,30,0
2020-03-22,Sonoma,97,501317,100,18,0,18,1
2020-03-22,Stanislaus,99,539301,52,8,3,11,0
2020-03-22,Sutter,101,95872,8,0,0,0,0
2020-03-22,Tehama,103,63373,0,0,0,0,0
2020-03-22,Trinity,105,12862,0,0,0,0,0
2020-03-22,Tulare,107,460477,46,5,2,7,0
2020-03-22,Tuolumne,109,53932,2,0,0,0,0
2020-03-22,Ventura,111,848112,174,26,0,26,0
2020-03-22,Yolo,113,214977,32,6,0,6,0
2020-03-22,Yuba,115,75493,7,2,0,2,0
2020-03-21,Alameda,1,1643700,404,62,0,62,0
2020-03-21,Alpine,3,1148,1,0,0,0,0
2020-03-21,Amador,5,37829,2,1,0,1,0
2020-03-21,Butte,7,227075,7,1,0,1,0
2020-03-21,Calaveras,9,45235,4,2,0,2,0
2020-03-21,Colusa,11,21464,1,0,0,0,0
2020-03-21,Contra Costa,13,1133247,298,62,0,62,1
2020-03-21,Del Norte,15,27424,0,0,0,0,0
2020-03-21,El Dorado,17,186661,20,1,0,1,0
2020-03-21,Fresno,19,978130,98,8,1,9,0
2020-03-21,Glenn,21,27897,2,0,0,0,0
2020-03-21,Humboldt,23,135768,25,1,0,1,0
2020-03-21,Imperial,25,180216,49,2,0,2,0
2020-03-21,Inyo,27,18085,1,0,0,0,0
2020-03-21,Kern,29,883053,107,3,0,3,0
2020-03-21,Kings,31,150075,13,0,1,1,0
2020-03-21,Lake,33,64148,0,0,0,0,0
2020-03-21,Lassen,35,31185,1,0,1,1,0
2020-03-21,Los Angeles,37,10098052,2794,322,15,337,2
2020-03-21,Madera,39,155013,31,4,0,4,0
2020-03-21,Marin,41,260295,68,30,0,30,0
2020-03-21,Mariposa,43,17540,0,0,0,0,0
2020-03-21,Mendocino,45,87422,3,1,0,1,0
2020-03-21,Merced,47,269075,6,0,0,0,0
2020-03-21,Modoc,49,8938,0,0,0,0,0
2020-03-21,Mono,51,14174,14,1,0,1,0
2020-03-21,Monterey,53,433212,43,8,0,8,1
2020-03-21,Napa,55,140530,17,0,0,0,0
2020-03-21,Nevada,57,99092,23,2,1,3,0
2020-03-21,Orange,59,3164182,766,85,2,87,0
2020-03-21,Placer,61,380077,78,11,0,11,1
2020-03-21,Plumas,63,18699,0,0,0,0,0
2020-03-21,Riverside,65,2383286,496,20,3,23,3
2020-03-21,Sacramento,67,1510023,332,66,0,66,3
2020-03-21,San Benito,69,59416,17,4,0,4,1
2020-03-21,San Bernardino,71,2135413,268,13,0,13,0
2020-03-21,San Diego,73,3302833,903,121,0,121,0
2020-03-21,San Francisco,75,870044,410,106,0,106,0
2020-03-21,San Joaquin,77,732212,131,26,3,29,2
2020-03-21,San Luis Obispo,79,281455,79,16,0,16,0
2020-03-21,San Mateo,81,765935,427,78,2,80,1
2020-03-21,Santa Barbara,83,443738,132,8,0,8,0
2020-03-21,Santa Clara,85,1922200,932,269,1,270,10
2020-03-21,Santa Cruz,87,273765,61,17,0,17,0
2020-03-21,Shasta,89,179085,11,1,0,1,0
2020-03-21,Sierra,91,2930,0,0,0,0,0
2020-03-21,Siskiyou,93,43540,4,0,0,0,0
2020-03-21,Solano,95,438530,63,30,0,30,0
2020-03-21,Sonoma,97,501317,99,15,0,15,1
2020-03-21,Stanislaus,99,539301,46,7,3,10,0
2020-03-21,Sutter,101,95872,7,0,0,0,0
2020-03-21,Tehama,103,63373,0,0,0,0,0
2020-03-21,Trinity,105,12862,0,0,0,0,0
2020-03-21,Tulare,107,460477,42,5,2,7,0
2020-03-21,Tuolumne,109,53932,2,0,0,0,0
2020-03-21,Ventura,111,848112,166,22,0,22,0
2020-03-21,Yolo,113,214977,32,6,0,6,0
2020-03-21,Yuba,115,75493,7,1,0,1,0
2020-03-20,Alameda,1,1643700,383,42,0,42,0
2020-03-20,Alpine,3,1148,1,0,0,0,0
2020-03-20,Amador,5,37829,1,0,0,0,0
2020-03-20,Butte,7,227075,7,0,0,0,0
2020-03-20,Calaveras,9,45235,4,2,0,2,0
2020-03-20,Colusa,11,21464,1,0,0,0,0
2020-03-20,Contra Costa,13,1133247,269,52,0,52,1
2020-03-20,Del Norte,15,27424,0,0,0,0,0
2020-03-20,El Dorado,17,186661,19,1,0,1,0
2020-03-20,Fresno,19,978130,95,7,1,8,0
2020-03-20,Glenn,21,27897,1,0,0,0,0
2020-03-20,Humboldt,23,135768,25,1,0,1,0
2020-03-20,Imperial,25,180216,48,2,0,2,0
2020-03-20,Inyo,27,18085,0,0,0,0,0
2020-03-20,Kern,29,883053,92,3,0,3,0
2020-03-20,Kings,31,150075,13,0,1,1,0
2020-03-20,Lake,33,64148,0,0,0,0,0
2020-03-20,Lassen,35,31185,1,0,1,1,0
2020-03-20,Los Angeles,37,10098052,2569,267,14,281,1
2020-03-20,Madera,39,155013,30,4,0,4,0
2020-03-20,Marin,41,260295,65,30,0,30,0
2020-03-20,Mariposa,43,17540,0,0,0,0,0
2020-03-20,Mendocino,45,87422,3,1,0,1,0
2020-03-20,Merced,47,269075,6,0,0,0,0
2020-03-20,Modoc,49,8938,0,0,0,0,0
2020-03-20,Mono,51,14174,14,0,0,0,0
2020-03-20,Monterey,53,433212,42,4,0,4,0
2020-03-20,Napa,55,140530,16,0,0,0,0
2020-03-20,Nevada,57,99092,20,2,1,3,0
2020-03-20,Orange,59,3164182,719,71,2,73,2
2020-03-20,Placer,61,380077,72,9,0,9,1
2020-03-20,Plumas,63,18699,0,0,0,0,0
2020-03-20,Riverside,65,2383286,443,19,3,22,3
2020-03-20,Sacramento,67,1510023,311,56,0,56,4
2020-03-20,San Benito,69,59416,17,4,0,4,1
2020-03-20,San Bernardino,71,2135413,241,9,0,9,0
2020-03-20,San Diego,73,3302833,851,98,0,98,0
2020-03-20,San Francisco,75,870044,378,87,0,87,0
2020-03-20,San Joaquin,77,732212,116,18,3,21,2
2020-03-20,San Luis Obispo,79,281455,76,11,0,11,0
2020-03-20,San Mateo,81,765935,397,71,2,73,1
2020-03-20,Santa Barbara,83,443738,116,7,0,7,0
2020-03-20,Santa Clara,85,1922200,896,246,1,247,8
2020-03-20,Santa Cruz,87,273765,59,13,0,13,0
2020-03-20,Shasta,89,179085,10,1,0,1,0
2020-03-20,Sierra,91,2930,0,0,0,0,0
2020-03-20,Siskiyou,93,43540,4,0,0,0,0
2020-03-20,Solano,95,438530,59,29,0,29,0
2020-03-20,Sonoma,97,501317,91,7,0,7,0
2020-03-20,Stanislaus,99,539301,40,7,3,10,0
2020-03-20,Sutter,101,95872,7,0,0,0,0
2020-03-20,Tehama,103,63373,0,0,0,0,0
2020-03-20,Trinity,105,12862,0,0,0,0,0
2020-03-20,Tulare,107,460477,38,4,2,6,0
2020-03-20,Tuolumne,109,53932,2,0,0,0,0
2020-03-20,Ventura,111,848112,156,18,0,18,0
2020-03-20,Yolo,113,214977,30,5,0,5,0
2020-03-20,Yuba,115,75493,6,0,0,0,0
2020-03-19,Alameda,1,1643700,347,36,0,36,0
2020-03-19,Alpine,3,1148,1,0,0,0,0
2020-03-19,Amador,5,37829,1,0,0,0,0
2020-03-19,Butte,7,227075,5,0,0,0,0
2020-03-19,Calaveras,9,45235,4,2,0,2,0
2020-03-19,Colusa,11,21464,0,0,0,0,0
2020-03-19,Contra Costa,13,1133247,253,46,0,46,0
2020-03-19,Del Norte,15,27424,0,0,0,0,0
2020-03-19,El Dorado,17,186661,18,0,0,0,0
2020-03-19,Fresno,19,978130,87,6,1,7,0
2020-03-19,Glenn,21,27897,1,0,0,0,0
2020-03-19,Humboldt,23,135768,23,1,0,1,0
2020-03-19,Imperial,25,180216,41,2,0,2,0
2020-03-19,Inyo,27,18085,0,0,0,0,0
2020-03-19,Kern,29,883053,80,3,0,3,0
2020-03-19,Kings,31,150075,10,0,1,1,0
2020-03-19,Lake,33,64148,0,0,0,0,0
2020-03-19,Lassen,35,31185,0,0,1,1,0
2020-03-19,Los Angeles,37,10098052,2282,233,14,247,0
2020-03-19,Madera,39,155013,29,3,0,3,0
2020-03-19,Marin,41,260295,62,19,0,19,0
2020-03-19,Mariposa,43,17540,0,0,0,0,0
2020-03-19,Mendocino,45,87422,2,1,0,1,0
2020-03-19,Merced,47,269075,5,0,0,0,0
2020-03-19,Modoc,49,8938,0,0,0,0,0
2020-03-19,Mono,51,14174,12,0,0,0,0
2020-03-19,Monterey,53,433212,34,3,0,3,0
2020-03-19,Napa,55,140530,14,0,0,0,0
2020-03-19,Nevada,57,99092,18,2,1,3,0
2020-03-19,Orange,59,3164182,634,59,2,61,0
2020-03-19,Placer,61,380077,64,8,0,8,1
2020-03-19,Plumas,63,18699,0,0,0,0,0
2020-03-19,Riverside,65,2383286,355,14,2,16,3
2020-03-19,Sacramento,67,1510023,278,52,0,52,3
2020-03-19,San Benito,69,59416,14,3,0,3,0
2020-03-19,San Bernardino,71,2135413,211,7,0,7,0
2020-03-19,San Diego,73,3302833,768,68,0,68,0
2020-03-19,San Francisco,75,870044,342,80,0,80,0
2020-03-19,San Joaquin,77,732212,102,15,3,18,2
2020-03-19,San Luis Obispo,79,281455,74,6,0,6,0
2020-03-19,San Mateo,81,765935,362,58,2,60,1
2020-03-19,Santa Barbara,83,443738,101,5,0,5,0
2020-03-19,Santa Clara,85,1922200,830,183,1,184,8
2020-03-19,Santa Cruz,87,273765,56,13,0,13,0
2020-03-19,Shasta,89,179085,9,1,0,1,0
2020-03-19,Sierra,91,2930,0,0,0,0,0
2020-03-19,Siskiyou,93,43540,3,0,0,0,0
2020-03-19,Solano,95,438530,55,26,0,26,0
2020-03-19,Sonoma,97,501317,88,8,0,8,0
2020-03-19,Stanislaus,99,539301,39,7,3,10,0
2020-03-19,Sutter,101,95872,7,0,0,0,0
2020-03-19,Tehama,103,63373,0,0,0,0,0
2020-03-19,Trinity,105,12862,0,0,0,0,0
2020-03-19,Tulare,107,460477,33,3,2,5,0
2020-03-19,Tuolumne,109,53932,2,0,0,0,0
2020-03-19,Ventura,111,848112,134,15,0,15,0
2020-03-19,Yolo,113,214977,26,5,0,5,0
2020-03-19,Yuba,115,75493,5,0,0,0,0
2020-03-18,Alameda,1,1643700,319,29,0,29,0
2020-03-18,Alpine,3,1148,1,0,0,0,0
2020-03-18,Amador,5,37829,1,0,0,0,0
2020-03-18,Butte,7,227075,4,0,0,0,0
2020-03-18,Calaveras,9,45235,4,2,0,2,0
2020-03-18,Colusa,11,21464,0,0,0,0,0
2020-03-18,Contra Costa,13,1133247,232,44,0,44,0
2020-03-18,Del Norte,15,27424,0,0,0,0,0
2020-03-18,El Dorado,17,186661,17,0,0,0,0
2020-03-18,Fresno,19,978130,78,3,1,4,0
2020-03-18,Glenn,21,27897,1,0,0,0,0
2020-03-18,Humboldt,23,135768,19,1,0,1,0
2020-03-18,Imperial,25,180216,34,2,0,2,0
2020-03-18,Inyo,27,18085,0,0,0,0,0
2020-03-18,Kern,29,883053,65,1,0,1,0
2020-03-18,Kings,31,150075,8,0,1,1,0
2020-03-18,Lake,33,64148,0,0,0,0,0
2020-03-18,Lassen,35,31185,0,0,1,1,0
2020-03-18,Los Angeles,37,10098052,2043,47,14,61,0
2020-03-18,Madera,39,155013,28,2,0,2,0
2020-03-18,Marin,41,260295,58,10,0,10,0
2020-03-18,Mariposa,43,17540,0,0,0,0,0
2020-03-18,Mendocino,45,87422,2,0,0,0,0
2020-03-18,Merced,47,269075,5,0,0,0,0
2020-03-18,Modoc,49,8938,0,0,0,0,0
2020-03-18,Mono,51,14174,11,0,0,0,0
2020-03-18,Monterey,53,433212,28,1,0,1,0
2020-03-18,Napa,55,140530,11,0,0,0,0
2020-03-18,Nevada,57,99092,16,2,1,3,0
2020-03-18,Orange,59,3164182,578,38,2,40,0
2020-03-18,Placer,61,380077,57,8,0,8,1
2020-03-18,Plumas,63,18699,0,0,0,0,0
2020-03-18,Riverside,65,2383286,303,11,2,13,2
2020-03-18,Sacramento,67,1510023,255,46,0,46,3
2020-03-18,San Benito,69,59416,13,3,0,3,0
2020-03-18,San Bernardino,71,2135413,189,3,0,3,0
2020-03-18,San Diego,73,3302833,683,40,0,40,0
2020-03-18,San Francisco,75,870044,323,65,0,65,0
2020-03-18,San Joaquin,77,732212,90,14,3,17,2
2020-03-18,San Luis Obispo,79,281455,68,5,0,5,0
2020-03-18,San Mateo,81,765935,339,57,2,59,1
2020-03-18,Santa Barbara,83,443738,88,2,0,2,0
2020-03-18,Santa Clara,85,1922200,781,151,1,152,6
2020-03-18,Santa Cruz,87,273765,54,11,0,11,0
2020-03-18,Shasta,89,179085,8,1,0,1,0
2020-03-18,Sierra,91,2930,0,0,0,0,0
2020-03-18,Siskiyou,93,43540,3,0,0,0,0
2020-03-18,Solano,95,438530,51,26,0,26,0
2020-03-18,Sonoma,97,501317,79,6,0,6,0
2020-03-18,Stanislaus,99,539301,35,5,2,7,0
2020-03-18,Sutter,101,95872,5,0,0,0,0
2020-03-18,Tehama,103,63373,0,0,0,0,0
2020-03-18,Trinity,105,12862,0,0,0,0,0
2020-03-18,Tulare,107,460477,25,3,2,5,0
2020-03-18,Tuolumne,109,53932,2,0,0,0,0
2020-03-18,Ventura,111,848112,115,11,0,11,0
2020-03-18,Yolo,113,214977,23,4,0,4,0
2020-03-18,Yuba,115,75493,4,0,0,0,0
2020-03-17,Alameda,1,1643700,287,19,0,19,0
2020-03-17,Alpine,3,1148,0,0,0,0,0
2020-03-17,Amador,5,37829,1,0,0,0,0
2020-03-17,Butte,7,227075,4,0,0,0,0
2020-03-17,Calaveras,9,45235,4,2,0,2,0
2020-03-17,Colusa,11,21464,0,0,0,0,0
2020-03-17,Contra Costa,13,1133247,210,37,0,37,0
2020-03-17,Del Norte,15,27424,0,0,0,0,0
2020-03-17,El Dorado,17,186661,16,0,0,0,0
2020-03-17,Fresno,19,978130,68,2,1,3,0
2020-03-17,Glenn,21,27897,1,0,0,0,0
2020-03-17,Humboldt,23,135768,17,1,0,1,0
2020-03-17,Imperial,25,180216,28,2,0,2,0
2020-03-17,Inyo,27,18085,0,0,0,0,0
2020-03-17,Kern,29,883053,51,0,0,0,0
2020-03-17,Kings,31,150075,7,0,1,1,0
2020-03-17,Lake,33,64148,0,0,0,0,0
2020-03-17,Lassen,35,31185,0,0,1,1,0
2020-03-17,Los Angeles,37,10098052,1842,41,14,55,0
2020-03-17,Madera,39,155013,21,2,0,2,0
2020-03-17,Marin,41,260295,51,4,0,4,0
2020-03-17,Mariposa,43,17540,0,0,0,0,0
2020-03-17,Mendocino,45,87422,2,0,0,0,0
2020-03-17,Merced,47,269075,5,0,0,0,0
2020-03-17,Modoc,49,8938,0,0,0,0,0
2020-03-17,Mono,51,14174,9,0,0,0,0
2020-03-17,Monterey,53,433212,26,0,0,0,0
2020-03-17,Napa,55,140530,8,0,0,0,0
2020-03-17,Nevada,57,99092,15,1,1,2,0
2020-03-17,Orange,59,3164182,502,24,2,26,0
2020-03-17,Placer,61,380077,47,7,0,7,1
2020-03-17,Plumas,63,18699,0,0,0,0,0
2020-03-17,Riverside,65,2383286,246,11,2,13,0
2020-03-17,Sacramento,67,1510023,235,36,0,36,1
2020-03-17,San Benito,69,59416,12,2,0,2,0
2020-03-17,San Bernardino,71,2135413,161,2,0,2,0
2020-03-17,San Diego,73,3302833,616,17,0,17,0
2020-03-17,San Francisco,75,870044,297,46,0,46,0
2020-03-17,San Joaquin,77,732212,84,11,3,14,0
2020-03-17,San Luis Obispo,79,281455,61,1,0,1,0
2020-03-17,San Mateo,81,765935,307,46,2,48,1
2020-03-17,Santa Barbara,83,443738,75,0,0,0,0
2020-03-17,Santa Clara,85,1922200,724,121,1,122,4
2020-03-17,Santa Cruz,87,273765,51,10,0,10,0
2020-03-17,Shasta,89,179085,4,1,0,1,0
2020-03-17,Sierra,91,2930,0,0,0,0,0
2020-03-17,Siskiyou,93,43540,3,0,0,0,0
2020-03-17,Solano,95,438530,48,27,0,27,0
2020-03-17,Sonoma,97,501317,71,4,0,4,0
2020-03-17,Stanislaus,99,539301,32,4,2,6,0
2020-03-17,Sutter,101,95872,5,0,0,0,0
2020-03-17,Tehama,103,63373,0,0,0,0,0
2020-03-17,Trinity,105,12862,0,0,0,0,0
2020-03-17,Tulare,107,460477,22,2,2,4,0
2020-03-17,Tuolumne,109,53932,2,0,0,0,0
2020-03-17,Ventura,111,848112,98,7,0,7,0
2020-03-17,Yolo,113,214977,19,2,0,2,0
2020-03-17,Yuba,115,75493,4,0,0,0,0
2020-03-16,Alameda,1,1643700,258,17,0,17,0
2020-03-16,Alpine,3,1148,0,0,0,0,0
2020-03-16,Amador,5,37829,1,0,0,0,0
2020-03-16,Butte,7,227075,3,0,0,0,0
2020-03-16,Calaveras,9,45235,4,2,0,2,0
2020-03-16,Colusa,11,21464,0,0,0,0,0
2020-03-16,Contra Costa,13,1133247,186,36,0,36,0
2020-03-16,Del Norte,15,27424,0,0,0,0,0
2020-03-16,El Dorado,17,186661,15,0,0,0,0
2020-03-16,Fresno,19,978130,53,2,1,3,0
2020-03-16,Glenn,21,27897,0,0,0,0,0
2020-03-16,Humboldt,23,135768,13,1,0,1,0
2020-03-16,Imperial,25,180216,23,2,0,2,0
2020-03-16,Inyo,27,18085,0,0,0,0,0
2020-03-16,Kern,29,883053,43,0,0,0,0
2020-03-16,Kings,31,150075,6,0,1,1,0
2020-03-16,Lake,33,64148,0,0,0,0,0
2020-03-16,Lassen,35,31185,0,0,0,0,0
2020-03-16,Los Angeles,37,10098052,1609,43,14,57,0
2020-03-16,Madera,39,155013,20,2,0,2,0
2020-03-16,Marin,41,260295,48,4,0,4,0
2020-03-16,Mariposa,43,17540,0,0,0,0,0
2020-03-16,Mendocino,45,87422,2,0,0,0,0
2020-03-16,Merced,47,269075,5,0,0,0,0
2020-03-16,Modoc,49,8938,0,0,0,0,0
2020-03-16,Mono,51,14174,7,0,0,0,0
2020-03-16,Monterey,53,433212,25,0,0,0,0
2020-03-16,Napa,55,140530,7,0,0,0,0
2020-03-16,Nevada,57,99092,11,1,1,2,0
2020-03-16,Orange,59,3164182,420,18,2,20,0
2020-03-16,Placer,61,380077,39,7,0,7,1
2020-03-16,Plumas,63,18699,0,0,0,0,0
2020-03-16,Riverside,65,2383286,212,10,2,12,0
2020-03-16,Sacramento,67,1510023,208,34,0,34,1
2020-03-16,San Benito,69,59416,8,2,0,2,0
2020-03-16,San Bernardino,71,2135413,141,1,0,1,0
2020-03-16,San Diego,73,3302833,525,17,0,17,0
2020-03-16,San Francisco,75,870044,261,40,0,40,0
2020-03-16,San Joaquin,77,732212,74,9,3,12,0
2020-03-16,San Luis Obispo,79,281455,54,1,0,1,0
2020-03-16,San Mateo,81,765935,269,42,2,44,1
2020-03-16,Santa Barbara,83,443738,63,0,0,0,0
2020-03-16,Santa Clara,85,1922200,649,115,1,116,2
2020-03-16,Santa Cruz,87,273765,44,9,0,9,0
2020-03-16,Shasta,89,179085,4,1,0,1,0
2020-03-16,Sierra,91,2930,0,0,0,0,0
2020-03-16,Siskiyou,93,43540,2,0,0,0,0
2020-03-16,Solano,95,438530,43,27,0,27,0
2020-03-16,Sonoma,97,501317,63,4,0,4,0
2020-03-16,Stanislaus,99,539301,28,2,2,4,0
2020-03-16,Sutter,101,95872,3,0,0,0,0
2020-03-16,Tehama,103,63373,0,0,0,0,0
2020-03-16,Trinity,105,12862,0,0,0,0,0
2020-03-16,Tulare,107,460477,19,2,2,4,0
2020-03-16,Tuolumne,109,53932,2,0,0,0,0
2020-03-16,Ventura,111,848112,88,7,0,7,0
2020-03-16,Yolo,113,214977,18,2,0,2,0
2020-03-16,Yuba,115,75493,3,0,0,0,0
2020-03-15,Alameda,1,1643700,212,17,0,17,0
2020-03-15,Alpine,3,1148,0,0,0,0,0
2020-03-15,Amador,5,37829,1,0,0,0,0
2020-03-15,Butte,7,227075,3,0,0,0,0
2020-03-15,Calaveras,9,45235,2,2,0,2,0
2020-03-15,Colusa,11,21464,0,0,0,0,0
2020-03-15,Contra Costa,13,1133247,161,34,0,34,0
2020-03-15,Del Norte,15,27424,0,0,0,0,0
2020-03-15,El Dorado,17,186661,14,0,0,0,0
2020-03-15,Fresno,19,978130,33,1,1,2,0
2020-03-15,Glenn,21,27897,0,0,0,0,0
2020-03-15,Humboldt,23,135768,11,1,0,1,0
2020-03-15,Imperial,25,180216,18,2,0,2,0
2020-03-15,Inyo,27,18085,0,0,0,0,0
2020-03-15,Kern,29,883053,37,0,0,0,0
2020-03-15,Kings,31,150075,6,0,1,1,0
2020-03-15,Lake,33,64148,0,0,0,0,0
2020-03-15,Lassen,35,31185,0,0,0,0,0
2020-03-15,Los Angeles,37,10098052,1371,41,14,55,0
2020-03-15,Madera,39,155013,19,2,0,2,0
2020-03-15,Marin,41,260295,41,3,0,3,0
2020-03-15,Mariposa,43,17540,0,0,0,0,0
2020-03-15,Mendocino,45,87422,2,0,0,0,0
2020-03-15,Merced,47,269075,3,0,0,0,0
2020-03-15,Modoc,49,8938,0,0,0,0,0
2020-03-15,Mono,51,14174,6,0,0,0,0
2020-03-15,Monterey,53,433212,19,0,0,0,0
2020-03-15,Napa,55,140530,7,0,0,0,0
2020-03-15,Nevada,57,99092,11,0,1,1,0
2020-03-15,Orange,59,3164182,350,16,1,17,0
2020-03-15,Placer,61,380077,33,7,0,7,1
2020-03-15,Plumas,63,18699,0,0,0,0,0
2020-03-15,Riverside,65,2383286,167,10,2,12,0
2020-03-15,Sacramento,67,1510023,172,30,0,30,1
2020-03-15,San Benito,69,59416,8,2,0,2,0
2020-03-15,San Bernardino,71,2135413,119,0,0,0,0
2020-03-15,San Diego,73,3302833,438,16,0,16,0
2020-03-15,San Francisco,75,870044,205,31,0,31,0
2020-03-15,San Joaquin,77,732212,63,6,3,9,0
2020-03-15,San Luis Obispo,79,281455,45,1,0,1,0
2020-03-15,San Mateo,81,765935,235,29,1,30,1
2020-03-15,Santa Barbara,83,443738,53,0,0,0,0
2020-03-15,Santa Clara,85,1922200,578,79,1,80,2
2020-03-15,Santa Cruz,87,273765,38,8,0,8,0
2020-03-15,Shasta,89,179085,4,1,0,1,0
2020-03-15,Sierra,91,2930,0,0,0,0,0
2020-03-15,Siskiyou,93,43540,2,0,0,0,0
2020-03-15,Solano,95,438530,42,26,0,26,0
2020-03-15,Sonoma,97,501317,54,4,0,4,0
2020-03-15,Stanislaus,99,539301,27,2,2,4,0
2020-03-15,Sutter,101,95872,2,0,0,0,0
2020-03-15,Tehama,103,63373,0,0,0,0,0
2020-03-15,Trinity,105,12862,0,0,0,0,0
2020-03-15,Tulare,107,460477,14,2,2,4,0
2020-03-15,Tuolumne,109,53932,1,0,0,0,0
2020-03-15,Ventura,111,848112,77,5,0,5,0
2020-03-15,Yolo,113,214977,15,2,0,2,0
2020-03-15,Yuba,115,75493,2,0,0,0,0
2020-03-14,Alameda,1,1643700,193,11,0,11,0
2020-03-14,Alpine,3,1148,0,0,0,0,0
2020-03-14,Amador,5,37829,1,0,0,0,0
2020-03-14,Butte,7,227075,2,0,0,0,0
2020-03-14,Calaveras,9,45235,2,2,0,2,0
2020-03-14,Colusa,11,21464,0,0,0,0,0
2020-03-14,Contra Costa,13,1133247,139,30,0,30,0
2020-03-14,Del Norte,15,27424,0,0,0,0,0
2020-03-14,El Dorado,17,186661,12,0,0,0,0
2020-03-14,Fresno,19,978130,25,1,1,2,0
2020-03-14,Glenn,21,27897,0,0,0,0,0
2020-03-14,Humboldt,23,135768,7,1,0,1,0
2020-03-14,Imperial,25,180216,14,2,0,2,0
2020-03-14,Inyo,27,18085,0,0,0,0,0
2020-03-14,Kern,29,883053,32,0,0,0,0
2020-03-14,Kings,31,150075,6,0,1,1,0
2020-03-14,Lake,33,64148,0,0,0,0,0
2020-03-14,Lassen,35,31185,0,0,0,0,0
2020-03-14,Los Angeles,37,10098052,1193,35,14,49,0
2020-03-14,Madera,39,155013,19,2,0,2,0
2020-03-14,Marin,41,260295,37,3,0,3,0
2020-03-14,Mariposa,43,17540,0,0,0,0,0
2020-03-14,Mendocino,45,87422,2,0,0,0,0
2020-03-14,Merced,47,269075,3,0,0,0,0
2020-03-14,Modoc,49,8938,0,0,0,0,0
2020-03-14,Mono,51,14174,5,0,0,0,0
2020-03-14,Monterey,53,433212,13,0,0,0,0
2020-03-14,Napa,55,140530,5,0,0,0,0
2020-03-14,Nevada,57,99092,8,0,1,1,0
2020-03-14,Orange,59,3164182,311,14,0,14,0
2020-03-14,Placer,61,380077,29,6,0,6,1
2020-03-14,Plumas,63,18699,0,0,0,0,0
2020-03-14,Riverside,65,2383286,147,10,2,12,0
2020-03-14,Sacramento,67,1510023,150,31,0,31,1
2020-03-14,San Benito,69,59416,8,2,0,2,0
2020-03-14,San Bernardino,71,2135413,101,0,0,0,0
2020-03-14,San Diego,73,3302833,363,10,0,10,0
2020-03-14,San Francisco,75,870044,184,29,0,29,0
2020-03-14,San Joaquin,77,732212,54,6,3,9,0
2020-03-14,San Luis Obispo,79,281455,40,0,0,0,0
2020-03-14,San Mateo,81,765935,212,27,1,28,0
2020-03-14,Santa Barbara,83,443738,41,0,0,0,0
2020-03-14,Santa Clara,85,1922200,522,62,1,63,2
2020-03-14,Santa Cruz,87,273765,33,8,0,8,0
2020-03-14,Shasta,89,179085,4,1,0,1,0
2020-03-14,Sierra,91,2930,0,0,0,0,0
2020-03-14,Siskiyou,93,43540,1,0,0,0,0
2020-03-14,Solano,95,438530,40,26,0,26,0
2020-03-14,Sonoma,97,501317,41,2,0,2,0
2020-03-14,Stanislaus,99,539301,23,2,2,4,0
2020-03-14,Sutter,101,95872,2,0,0,0,0
2020-03-14,Tehama,103,63373,0,0,0,0,0
2020-03-14,Trinity,105,12862,0,0,0,0,0
2020-03-14,Tulare,107,460477,12,2,2,4,0
2020-03-14,Tuolumne,109,53932,1,0,0,0,0
2020-03-14,Ventura,111,848112,68,5,0,5,0
2020-03-14,Yolo,113,214977,15,2,0,2,0
2020-03-14,Yuba,115,75493,1,0,0,0,0
2020-03-13,Alameda,1,1643700,175,12,0,12,0
2020-03-13,Alpine,3,1148,0,0,0,0,0
2020-03-13,Amador,5,37829,1,0,0,0,0
2020-03-13,Butte,7,227075,0,0,0,0,0
2020-03-13,Calaveras,9,45235,2,2,0,2,0
2020-03-13,Colusa,11,21464,0,0,0,0,0
2020-03-13,Contra Costa,13,1133247,125,22,0,22,0
2020-03-13,Del Norte,15,27424,0,0,0,0,0
2020-03-13,El Dorado,17,186661,11,0,0,0,0
2020-03-13,Fresno,19,978130,20,1,1,2,0
2020-03-13,Glenn,21,27897,0,0,0,0,0
2020-03-13,Humboldt,23,135768,7,1,0,1,0
2020-03-13,Imperial,25,180216,13,2,0,2,0
2020-03-13,Inyo,27,18085,0,0,0,0,0
2020-03-13,Kern,29,883053,27,0,0,0,0
2020-03-13,Kings,31,150075,5,0,1,1,0
2020-03-13,Lake,33,64148,0,0,0,0,0
2020-03-13,Lassen,35,31185,0,0,0,0,0
2020-03-13,Los Angeles,37,10098052,1040,30,13,43,0
2020-03-13,Madera,39,155013,18,1,0,1,0
2020-03-13,Marin,41,260295,34,3,0,3,0
2020-03-13,Mariposa,43,17540,0,0,0,0,0
2020-03-13,Mendocino,45,87422,2,0,0,0,0
2020-03-13,Merced,47,269075,2,0,0,0,0
2020-03-13,Modoc,49,8938,0,0,0,0,0
2020-03-13,Mono,51,14174,3,0,0,0,0
2020-03-13,Monterey,53,433212,8,0,0,0,0
2020-03-13,Napa,55,140530,3,0,0,0,0
2020-03-13,Nevada,57,99092,7,0,1,1,0
2020-03-13,Orange,59,3164182,273,10,0,10,0
2020-03-13,Placer,61,380077,26,6,0,6,1
2020-03-13,Plumas,63,18699,0,0,0,0,0
2020-03-13,Riverside,65,2383286,121,5,2,7,0
2020-03-13,Sacramento,67,1510023,129,18,0,18,1
2020-03-13,San Benito,69,59416,6,2,0,2,0
2020-03-13,San Bernardino,71,2135413,94,0,0,0,0
2020-03-13,San Diego,73,3302833,313,8,0,8,0
2020-03-13,San Francisco,75,870044,170,28,0,28,0
2020-03-13,San Joaquin,77,732212,50,6,3,9,0
2020-03-13,San Luis Obispo,79,281455,32,0,0,0,0
2020-03-13,San Mateo,81,765935,191,24,1,25,0
2020-03-13,Santa Barbara,83,443738,37,0,0,0,0
2020-03-13,Santa Clara,85,1922200,460,59,1,60,1
2020-03-13,Santa Cruz,87,273765,32,7,0,7,0
2020-03-13,Shasta,89,179085,3,1,0,1,0
2020-03-13,Sierra,91,2930,0,0,0,0,0
2020-03-13,Siskiyou,93,43540,0,0,0,0,0
2020-03-13,Solano,95,438530,39,26,0,26,0
2020-03-13,Sonoma,97,501317,40,2,0,2,0
2020-03-13,Stanislaus,99,539301,18,2,2,4,0
2020-03-13,Sutter,101,95872,2,0,0,0,0
2020-03-13,Tehama,103,63373,0,0,0,0,0
2020-03-13,Trinity,105,12862,0,0,0,0,0
2020-03-13,Tulare,107,460477,9,2,2,4,0
2020-03-13,Tuolumne,109,53932,1,0,0,0,0
2020-03-13,Ventura,111,848112,54,5,0,5,0
2020-03-13,Yolo,113,214977,15,1,0,1,0
2020-03-13,Yuba,115,75493,1,0,0,0,0
2020-03-12,Alameda,1,1643700,150,9,0,9,0
2020-03-12,Alpine,3,1148,0,0,0,0,0
2020-03-12,Amador,5,37829,1,0,0,0,0
2020-03-12,Butte,7,227075,0,0,0,0,0
2020-03-12,Calaveras,9,45235,2,2,0,2,0
2020-03-12,Colusa,11,21464,0,0,0,0,0
2020-03-12,Contra Costa,13,1133247,108,18,0,18,0
2020-03-12,Del Norte,15,27424,0,0,0,0,0
2020-03-12,El Dorado,17,186661,9,0,0,0,0
2020-03-12,Fresno,19,978130,11,1,1,2,0
2020-03-12,Glenn,21,27897,0,0,0,0,0
2020-03-12,Humboldt,23,135768,6,1,0,1,0
2020-03-12,Imperial,25,180216,12,2,0,2,0
2020-03-12,Inyo,27,18085,0,0,0,0,0
2020-03-12,Kern,29,883053,18,0,0,0,0
2020-03-12,Kings,31,150075,4,0,1,1,0
2020-03-12,Lake,33,64148,0,0,0,0,0
2020-03-12,Lassen,35,31185,0,0,0,0,0
2020-03-12,Los Angeles,37,10098052,880,30,13,43,0
2020-03-12,Madera,39,155013,15,1,0,1,0
2020-03-12,Marin,41,260295,24,1,0,1,0
2020-03-12,Mariposa,43,17540,0,0,0,0,0
2020-03-12,Mendocino,45,87422,2,0,0,0,0
2020-03-12,Merced,47,269075,2,0,0,0,0
2020-03-12,Modoc,49,8938,0,0,0,0,0
2020-03-12,Mono,51,14174,3,0,0,0,0
2020-03-12,Monterey,53,433212,6,0,0,0,0
2020-03-12,Napa,55,140530,3,0,0,0,0
2020-03-12,Nevada,57,99092,4,0,1,1,0
2020-03-12,Orange,59,3164182,237,7,0,7,0
2020-03-12,Placer,61,380077,22,6,0,6,1
2020-03-12,Plumas,63,18699,0,0,0,0,0
2020-03-12,Riverside,65,2383286,98,5,1,6,0
2020-03-12,Sacramento,67,1510023,105,17,0,17,1
2020-03-12,San Benito,69,59416,5,2,0,2,0
2020-03-12,San Bernardino,71,2135413,78,0,0,0,0
2020-03-12,San Diego,73,3302833,258,9,0,9,0
2020-03-12,San Francisco,75,870044,147,20,0,20,0
2020-03-12,San Joaquin,77,732212,44,3,3,6,1
2020-03-12,San Luis Obispo,79,281455,25,0,0,0,0
2020-03-12,San Mateo,81,765935,157,21,1,22,0
2020-03-12,Santa Barbara,83,443738,25,0,0,0,0
2020-03-12,Santa Clara,85,1922200,402,51,1,52,1
2020-03-12,Santa Cruz,87,273765,29,5,0,5,0
2020-03-12,Shasta,89,179085,2,1,0,1,0
2020-03-12,Sierra,91,2930,0,0,0,0,0
2020-03-12,Siskiyou,93,43540,0,0,0,0,0
2020-03-12,Solano,95,438530,34,26,0,26,0
2020-03-12,Sonoma,97,501317,34,2,0,2,0
2020-03-12,Stanislaus,99,539301,16,2,2,4,0
2020-03-12,Sutter,101,95872,0,0,0,0,0
2020-03-12,Tehama,103,63373,0,0,0,0,0
2020-03-12,Trinity,105,12862,0,0,0,0,0
2020-03-12,Tulare,107,460477,9,1,1,2,0
2020-03-12,Tuolumne,109,53932,1,0,0,0,0
2020-03-12,Ventura,111,848112,45,3,0,3,0
2020-03-12,Yolo,113,214977,14,1,0,1,0
2020-03-12,Yuba,115,75493,1,0,0,0,0
2020-03-11,Alameda,1,1643700,118,5,0,5,0
2020-03-11,Alpine,3,1148,0,0,0,0,0
2020-03-11,Amador,5,37829,1,0,0,0,0
2020-03-11,Butte,7,227075,0,0,0,0,0
2020-03-11,Calaveras,9,45235,2,2,0,2,0
2020-03-11,Colusa,11,21464,0,0,0,0,0
2020-03-11,Contra Costa,13,1133247,93,16,0,16,0
2020-03-11,Del Norte,15,27424,0,0,0,0,0
2020-03-11,El Dorado,17,186661,8,0,0,0,0
2020-03-11,Fresno,19,978130,8,1,1,2,0
2020-03-11,Glenn,21,27897,0,0,0,0,0
2020-03-11,Humboldt,23,135768,6,1,0,1,0
2020-03-11,Imperial,25,180216,10,0,0,0,0
2020-03-11,Inyo,27,18085,0,0,0,0,0
2020-03-11,Kern,29,883053,16,0,0,0,0
2020-03-11,Kings,31,150075,3,0,1,1,0
2020-03-11,Lake,33,64148,0,0,0,0,0
2020-03-11,Lassen,35,31185,0,0,0,0,0
2020-03-11,Los Angeles,37,10098052,712,21,13,34,0
2020-03-11,Madera,39,155013,13,1,0,1,0
2020-03-11,Marin,41,260295,17,1,0,1,0
2020-03-11,Mariposa,43,17540,0,0,0,0,0
2020-03-11,Mendocino,45,87422,1,0,0,0,0
2020-03-11,Merced,47,269075,2,0,0,0,0
2020-03-11,Modoc,49,8938,0,0,0,0,0
2020-03-11,Mono,51,14174,3,0,0,0,0
2020-03-11,Monterey,53,433212,5,0,0,0,0
2020-03-11,Napa,55,140530,2,0,0,0,0
2020-03-11,Nevada,57,99092,4,0,1,1,0
2020-03-11,Orange,59,3164182,205,6,0,6,0
2020-03-11,Placer,61,380077,18,6,0,6,1
2020-03-11,Plumas,63,18699,0,0,0,0,0
2020-03-11,Riverside,65,2383286,75,4,1,5,0
2020-03-11,Sacramento,67,1510023,87,9,0,9,1
2020-03-11,San Benito,69,59416,5,2,0,2,0
2020-03-11,San Bernardino,71,2135413,71,0,0,0,0
2020-03-11,San Diego,73,3302833,208,4,0,4,0
2020-03-11,San Francisco,75,870044,122,17,0,17,0
2020-03-11,San Joaquin,77,732212,33,1,3,4,0
2020-03-11,San Luis Obispo,79,281455,22,0,0,0,0
2020-03-11,San Mateo,81,765935,139,16,0,16,0
2020-03-11,Santa Barbara,83,443738,15,0,0,0,0
2020-03-11,Santa Clara,85,1922200,362,48,1,49,1
2020-03-11,Santa Cruz,87,273765,26,2,0,2,0
2020-03-11,Shasta,89,179085,2,1,0,1,0
2020-03-11,Sierra,91,2930,0,0,0,0,0
2020-03-11,Siskiyou,93,43540,0,0,0,0,0
2020-03-11,Solano,95,438530,29,26,0,26,0
2020-03-11,Sonoma,97,501317,30,2,0,2,0
2020-03-11,Stanislaus,99,539301,16,2,2,4,0
2020-03-11,Sutter,101,95872,0,0,0,0,0
2020-03-11,Tehama,103,63373,0,0,0,0,0
2020-03-11,Trinity,105,12862,0,0,0,0,0
2020-03-11,Tulare,107,460477,8,0,1,1,0
2020-03-11,Tuolumne,109,53932,1,0,0,0,0
2020-03-11,Ventura,111,848112,37,3,0,3,0
2020-03-11,Yolo,113,214977,10,1,0,1,0
2020-03-11,Yuba,115,75493,1,0,0,0,0
2020-03-10,Alameda,1,1643700,98,4,0,4,0
2020-03-10,Alpine,3,1148,0,0,0,0,0
2020-03-10,Amador,5,37829,1,0,0,0,0
2020-03-10,Butte,7,227075,0,0,0,0,0
2020-03-10,Calaveras,9,45235,2,2,0,2,0
2020-03-10,Colusa,11,21464,0,0,0,0,0
2020-03-10,Contra Costa,13,1133247,84,11,0,11,0
2020-03-10,Del Norte,15,27424,0,0,0,0,0
2020-03-10,El Dorado,17,186661,7,0,0,0,0
2020-03-10,Fresno,19,978130,6,1,1,2,0
2020-03-10,Glenn,21,27897,0,0,0,0,0
2020-03-10,Humboldt,23,135768,6,1,0,1,0
2020-03-10,Imperial,25,180216,9,0,0,0,0
2020-03-10,Inyo,27,18085,0,0,0,0,0
2020-03-10,Kern,29,883053,11,0,0,0,0
2020-03-10,Kings,31,150075,3,0,1,1,0
2020-03-10,Lake,33,64148,0,0,0,0,0
2020-03-10,Lassen,35,31185,0,0,0,0,0
2020-03-10,Los Angeles,37,10098052,576,20,13,33,0
2020-03-10,Madera,39,155013,7,1,0,1,0
2020-03-10,Marin,41,260295,16,1,0,1,0
2020-03-10,Mariposa,43,17540,0,0,0,0,0
2020-03-10,Mendocino,45,87422,0,0,0,0,0
2020-03-10,Merced,47,269075,2,0,0,0,0
2020-03-10,Modoc,49,8938,0,0,0,0,0
2020-03-10,Mono,51,14174,3,0,0,0,0
2020-03-10,Monterey,53,433212,3,0,0,0,0
2020-03-10,Napa,55,140530,2,0,0,0,0
2020-03-10,Nevada,57,99092,3,0,1,1,0
2020-03-10,Orange,59,3164182,185,5,0,5,1
2020-03-10,Placer,61,380077,14,7,0,7,1
2020-03-10,Plumas,63,18699,0,0,0,0,0
2020-03-10,Riverside,65,2383286,56,4,1,5,0
2020-03-10,Sacramento,67,1510023,78,8,0,8,0
2020-03-10,San Benito,69,59416,5,2,0,2,0
2020-03-10,San Bernardino,71,2135413,63,0,0,0,0
2020-03-10,San Diego,73,3302833,165,3,0,3,0
2020-03-10,San Francisco,75,870044,91,16,0,16,0
2020-03-10,San Joaquin,77,732212,30,1,3,4,0
2020-03-10,San Luis Obispo,79,281455,15,0,0,0,0
2020-03-10,San Mateo,81,765935,123,11,0,11,0
2020-03-10,Santa Barbara,83,443738,11,0,0,0,0
2020-03-10,Santa Clara,85,1922200,315,45,1,46,1
2020-03-10,Santa Cruz,87,273765,22,2,0,2,0
2020-03-10,Shasta,89,179085,2,1,0,1,0
2020-03-10,Sierra,91,2930,0,0,0,0,0
2020-03-10,Siskiyou,93,43540,0,0,0,0,0
2020-03-10,Solano,95,438530,27,26,0,26,0
2020-03-10,Sonoma,97,501317,27,2,0,2,0
2020-03-10,Stanislaus,99,539301,12,0,2,2,0
2020-03-10,Sutter,101,95872,0,0,0,0,0
2020-03-10,Tehama,103,63373,0,0,0,0,0
2020-03-10,Trinity,105,12862,0,0,0,0,0
2020-03-10,Tulare,107,460477,7,0,1,1,0
2020-03-10,Tuolumne,109,53932,1,0,0,0,0
2020-03-10,Ventura,111,848112,29,1,0,1,0
2020-03-10,Yolo,113,214977,7,2,0,2,0
2020-03-10,Yuba,115,75493,1,0,0,0,0
2020-03-09,Alameda,1,1643700,71,4,0,4,0
2020-03-09,Alpine,3,1148,0,0,0,0,0
2020-03-09,Amador,5,37829,0,0,0,0,0
2020-03-09,Butte,7,227075,0,0,0,0,0
2020-03-09,Calaveras,9,45235,2,0,0,0,0
2020-03-09,Colusa,11,21464,0,0,0,0,0
2020-03-09,Contra Costa,13,1133247,72,9,0,9,0
2020-03-09,Del Norte,15,27424,0,0,0,0,0
2020-03-09,El Dorado,17,186661,5,0,0,0,0
2020-03-09,Fresno,19,978130,6,1,1,2,0
2020-03-09,Glenn,21,27897,0,0,0,0,0
2020-03-09,Humboldt,23,135768,5,1,0,1,0
2020-03-09,Imperial,25,180216,9,0,0,0,0
2020-03-09,Inyo,27,18085,0,0,0,0,0
2020-03-09,Kern,29,883053,8,0,0,0,0
2020-03-09,Kings,31,150075,2,0,1,1,0
2020-03-09,Lake,33,64148,0,0,0,0,0
2020-03-09,Lassen,35,31185,0,0,0,0,0
2020-03-09,Los Angeles,37,10098052,475,17,12,29,0
2020-03-09,Madera,39,155013,7,1,0,1,0
2020-03-09,Marin,41,260295,15,1,0,1,0
2020-03-09,Mariposa,43,17540,0,0,0,0,0
2020-03-09,Mendocino,45,87422,0,0,0,0,0
2020-03-09,Merced,47,269075,2,0,0,0,0
2020-03-09,Modoc,49,8938,0,0,0,0,0
2020-03-09,Mono,51,14174,3,0,0,0,0
2020-03-09,Monterey,53,433212,1,0,0,0,0
2020-03-09,Napa,55,140530,2,0,0,0,0
2020-03-09,Nevada,57,99092,2,0,1,1,0
2020-03-09,Orange,59,3164182,157,4,0,4,0
2020-03-09,Placer,61,380077,12,7,0,7,1
2020-03-09,Plumas,63,18699,0,0,0,0,0
2020-03-09,Riverside,65,2383286,47,4,1,5,0
2020-03-09,Sacramento,67,1510023,74,8,0,8,0
2020-03-09,San Benito,69,59416,3,2,0,2,0
2020-03-09,San Bernardino,71,2135413,52,0,0,0,0
2020-03-09,San Diego,73,3302833,126,2,0,2,0
2020-03-09,San Francisco,75,870044,71,14,0,14,0
2020-03-09,San Joaquin,77,732212,21,0,3,3,0
2020-03-09,San Luis Obispo,79,281455,15,0,0,0,0
2020-03-09,San Mateo,81,765935,109,6,0,6,0
2020-03-09,Santa Barbara,83,443738,9,0,0,0,0
2020-03-09,Santa Clara,85,1922200,271,42,1,43,1
2020-03-09,Santa Cruz,87,273765,19,2,0,2,0
2020-03-09,Shasta,89,179085,2,1,0,1,0
2020-03-09,Sierra,91,2930,0,0,0,0,0
2020-03-09,Siskiyou,93,43540,0,0,0,0,0
2020-03-09,Solano,95,438530,25,26,0,26,0
2020-03-09,Sonoma,97,501317,22,2,0,2,0
2020-03-09,Stanislaus,99,539301,12,0,2,2,0
2020-03-09,Sutter,101,95872,0,0,0,0,0
2020-03-09,Tehama,103,63373,0,0,0,0,0
2020-03-09,Trinity,105,12862,0,0,0,0,0
2020-03-09,Tulare,107,460477,7,0,1,1,0
2020-03-09,Tuolumne,109,53932,1,0,0,0,0
2020-03-09,Ventura,111,848112,25,1,0,1,0
2020-03-09,Yolo,113,214977,6,2,0,2,0
2020-03-09,Yuba,115,75493,0,0,0,0,0
2020-03-08,Alameda,1,1643700,46,4,0,4,0
2020-03-08,Alpine,3,1148,0,0,0,0,0
2020-03-08,Amador,5,37829,0,0,0,0,0
2020-03-08,Butte,7,227075,0,0,0,0,0
2020-03-08,Calaveras,9,45235,2,0,0,0,0
2020-03-08,Colusa,11,21464,0,0,0,0,0
2020-03-08,Contra Costa,13,1133247,58,9,0,9,0
2020-03-08,Del Norte,15,27424,0,0,0,0,0
2020-03-08,El Dorado,17,186661,5,0,0,0,0
2020-03-08,Fresno,19,978130,4,1,1,2,0
2020-03-08,Glenn,21,27897,0,0,0,0,0
2020-03-08,Humboldt,23,135768,5,1,0,1,0
2020-03-08,Imperial,25,180216,9,0,0,0,0
2020-03-08,Inyo,27,18085,0,0,0,0,0
2020-03-08,Kern,29,883053,8,0,0,0,0
2020-03-08,Kings,31,150075,1,0,1,1,0
2020-03-08,Lake,33,64148,0,0,0,0,0
2020-03-08,Lassen,35,31185,0,0,0,0,0
2020-03-08,Los Angeles,37,10098052,383,14,12,26,0
2020-03-08,Madera,39,155013,7,1,0,1,0
2020-03-08,Marin,41,260295,13,1,0,1,0
2020-03-08,Mariposa,43,17540,0,0,0,0,0
2020-03-08,Mendocino,45,87422,0,0,0,0,0
2020-03-08,Merced,47,269075,2,0,0,0,0
2020-03-08,Modoc,49,8938,0,0,0,0,0
2020-03-08,Mono,51,14174,3,0,0,0,0
2020-03-08,Monterey,53,433212,1,0,0,0,0
2020-03-08,Napa,55,140530,2,0,0,0,0
2020-03-08,Nevada,57,99092,1,0,1,1,0
2020-03-08,Orange,59,3164182,132,4,0,4,0
2020-03-08,Placer,61,380077,11,7,0,7,1
2020-03-08,Plumas,63,18699,0,0,0,0,0
2020-03-08,Riverside,65,2383286,40,1,1,2,0
2020-03-08,Sacramento,67,1510023,64,5,0,5,0
2020-03-08,San Benito,69,59416,3,2,0,2,0
2020-03-08,San Bernardino,71,2135413,41,0,0,0,0
2020-03-08,San Diego,73,3302833,92,2,0,2,0
2020-03-08,San Francisco,75,870044,52,9,0,9,0
2020-03-08,San Joaquin,77,732212,18,0,3,3,0
2020-03-08,San Luis Obispo,79,281455,9,0,0,0,0
2020-03-08,San Mateo,81,765935,96,4,0,4,0
2020-03-08,Santa Barbara,83,443738,6,0,0,0,0
2020-03-08,Santa Clara,85,1922200,230,36,1,37,0
2020-03-08,Santa Cruz,87,273765,17,1,0,1,0
2020-03-08,Shasta,89,179085,2,0,0,0,0
2020-03-08,Sierra,91,2930,0,0,0,0,0
2020-03-08,Siskiyou,93,43540,0,0,0,0,0
2020-03-08,Solano,95,438530,24,26,0,26,0
2020-03-08,Sonoma,97,501317,17,2,0,2,0
2020-03-08,Stanislaus,99,539301,11,0,2,2,0
2020-03-08,Sutter,101,95872,0,0,0,0,0
2020-03-08,Tehama,103,63373,0,0,0,0,0
2020-03-08,Trinity,105,12862,0,0,0,0,0
2020-03-08,Tulare,107,460477,7,0,0,0,0
2020-03-08,Tuolumne,109,53932,1,0,0,0,0
2020-03-08,Ventura,111,848112,21,1,0,1,0
2020-03-08,Yolo,113,214977,3,2,0,2,0
2020-03-08,Yuba,115,75493,0,0,0,0,0
2020-03-07,Alameda,1,1643700,41,3,0,3,0
2020-03-07,Alpine,3,1148,0,0,0,0,0
2020-03-07,Amador,5,37829,0,0,0,0,0
2020-03-07,Butte,7,227075,0,0,0,0,0
2020-03-07,Calaveras,9,45235,2,0,0,0,0
2020-03-07,Colusa,11,21464,0,0,0,0,0
2020-03-07,Contra Costa,13,1133247,55,4,0,4,0
2020-03-07,Del Norte,15,27424,0,0,0,0,0
2020-03-07,El Dorado,17,186661,4,0,0,0,0
2020-03-07,Fresno,19,978130,3,1,1,2,0
2020-03-07,Glenn,21,27897,0,0,0,0,0
2020-03-07,Humboldt,23,135768,5,1,0,1,0
2020-03-07,Imperial,25,180216,8,0,0,0,0
2020-03-07,Inyo,27,18085,0,0,0,0,0
2020-03-07,Kern,29,883053,7,0,0,0,0
2020-03-07,Kings,31,150075,1,0,1,1,0
2020-03-07,Lake,33,64148,0,0,0,0,0
2020-03-07,Lassen,35,31185,0,0,0,0,0
2020-03-07,Los Angeles,37,10098052,333,14,12,26,0
2020-03-07,Madera,39,155013,6,1,0,1,0
2020-03-07,Marin,41,260295,11,0,0,0,0
2020-03-07,Mariposa,43,17540,0,0,0,0,0
2020-03-07,Mendocino,45,87422,0,0,0,0,0
2020-03-07,Merced,47,269075,2,0,0,0,0
2020-03-07,Modoc,49,8938,0,0,0,0,0
2020-03-07,Mono,51,14174,3,0,0,0,0
2020-03-07,Monterey,53,433212,1,0,0,0,0
2020-03-07,Napa,55,140530,1,0,0,0,0
2020-03-07,Nevada,57,99092,1,0,1,1,0
2020-03-07,Orange,59,3164182,124,4,0,4,0
2020-03-07,Placer,61,380077,11,6,0,6,1
2020-03-07,Plumas,63,18699,0,0,0,0,0
2020-03-07,Riverside,65,2383286,30,0,1,1,0
2020-03-07,Sacramento,67,1510023,51,4,0,4,0
2020-03-07,San Benito,69,59416,3,2,0,2,0
2020-03-07,San Bernardino,71,2135413,39,0,0,0,0
2020-03-07,San Diego,73,3302833,74,2,0,2,0
2020-03-07,San Francisco,75,870044,46,9,0,9,0
2020-03-07,San Joaquin,77,732212,16,0,3,3,0
2020-03-07,San Luis Obispo,79,281455,6,0,0,0,0
2020-03-07,San Mateo,81,765935,86,1,0,1,0
2020-03-07,Santa Barbara,83,443738,5,0,0,0,0
2020-03-07,Santa Clara,85,1922200,201,31,1,32,0
2020-03-07,Santa Cruz,87,273765,17,1,0,1,0
2020-03-07,Shasta,89,179085,2,0,0,0,0
2020-03-07,Sierra,91,2930,0,0,0,0,0
2020-03-07,Siskiyou,93,43540,0,0,0,0,0
2020-03-07,Solano,95,438530,23,25,0,25,0
2020-03-07,Sonoma,97,501317,13,2,0,2,0
2020-03-07,Stanislaus,99,539301,10,0,2,2,0
2020-03-07,Sutter,101,95872,0,0,0,0,0
2020-03-07,Tehama,103,63373,0,0,0,0,0
2020-03-07,Trinity,105,12862,0,0,0,0,0
2020-03-07,Tulare,107,460477,4,0,0,0,0
2020-03-07,Tuolumne,109,53932,1,0,0,0,0
2020-03-07,Ventura,111,848112,18,1,0,1,0
2020-03-07,Yolo,113,214977,3,2,0,2,0
2020-03-07,Yuba,115,75493,0,0,0,0,0
2020-03-06,Alameda,1,1643700,39,3,0,3,0
2020-03-06,Alpine,3,1148,0,0,0,0,0
2020-03-06,Amador,5,37829,0,0,0,0,0
2020-03-06,Butte,7,227075,0,0,0,0,0
2020-03-06,Calaveras,9,45235,2,0,0,0,0
2020-03-06,Colusa,11,21464,0,0,0,0,0
2020-03-06,Contra Costa,13,1133247,46,4,0,4,0
2020-03-06,Del Norte,15,27424,0,0,0,0,0
2020-03-06,El Dorado,17,186661,3,0,0,0,0
2020-03-06,Fresno,19,978130,2,0,1,1,0
2020-03-06,Glenn,21,27897,0,0,0,0,0
2020-03-06,Humboldt,23,135768,4,1,0,1,0
2020-03-06,Imperial,25,180216,7,0,0,0,0
2020-03-06,Inyo,27,18085,0,0,0,0,0
2020-03-06,Kern,29,883053,6,0,0,0,0
2020-03-06,Kings,31,150075,1,0,1,1,0
2020-03-06,Lake,33,64148,0,0,0,0,0
2020-03-06,Lassen,35,31185,0,0,0,0,0
2020-03-06,Los Angeles,37,10098052,290,13,12,25,0
2020-03-06,Madera,39,155013,5,0,0,0,0
2020-03-06,Marin,41,260295,10,0,0,0,0
2020-03-06,Mariposa,43,17540,0,0,0,0,0
2020-03-06,Mendocino,45,87422,0,0,0,0,0
2020-03-06,Merced,47,269075,2,0,0,0,0
2020-03-06,Modoc,49,8938,0,0,0,0,0
2020-03-06,Mono,51,14174,1,0,0,0,0
2020-03-06,Monterey,53,433212,1,0,0,0,0
2020-03-06,Napa,55,140530,1,0,0,0,0
2020-03-06,Nevada,57,99092,1,0,1,1,0
2020-03-06,Orange,59,3164182,98,4,0,4,0
2020-03-06,Placer,61,380077,10,5,0,5,1
2020-03-06,Plumas,63,18699,0,0,0,0,0
2020-03-06,Riverside,65,2383286,30,0,1,1,0
2020-03-06,Sacramento,67,1510023,42,2,0,2,0
2020-03-06,San Benito,69,59416,3,2,0,2,0
2020-03-06,San Bernardino,71,2135413,37,0,0,0,0
2020-03-06,San Diego,73,3302833,61,2,0,2,0
2020-03-06,San Francisco,75,870044,40,2,0,2,0
2020-03-06,San Joaquin,77,732212,13,0,3,3,0
2020-03-06,San Luis Obispo,79,281455,4,0,0,0,0
2020-03-06,San Mateo,81,765935,78,1,0,1,0
2020-03-06,Santa Barbara,83,443738,3,0,0,0,0
2020-03-06,Santa Clara,85,1922200,183,20,1,21,0
2020-03-06,Santa Cruz,87,273765,15,0,0,0,0
2020-03-06,Shasta,89,179085,2,0,0,0,0
2020-03-06,Sierra,91,2930,0,0,0,0,0
2020-03-06,Siskiyou,93,43540,0,0,0,0,0
2020-03-06,Solano,95,438530,22,25,0,25,0
2020-03-06,Sonoma,97,501317,13,2,0,2,0
2020-03-06,Stanislaus,99,539301,6,0,2,2,0
2020-03-06,Sutter,101,95872,0,0,0,0,0
2020-03-06,Tehama,103,63373,0,0,0,0,0
2020-03-06,Trinity,105,12862,0,0,0,0,0
2020-03-06,Tulare,107,460477,4,0,0,0,0
2020-03-06,Tuolumne,109,53932,1,0,0,0,0
2020-03-06,Ventura,111,848112,15,1,0,1,0
2020-03-06,Yolo,113,214977,3,1,0,1,0
2020-03-06,Yuba,115,75493,0,0,0,0,0
2020-03-05,Alameda,1,1643700,34,2,0,2,0
2020-03-05,Alpine,3,1148,0,0,0,0,0
2020-03-05,Amador,5,37829,0,0,0,0,0
2020-03-05,Butte,7,227075,0,0,0,0,0
2020-03-05,Calaveras,9,45235,2,0,0,0,0
2020-03-05,Colusa,11,21464,0,0,0,0,0
2020-03-05,Contra Costa,13,1133247,39,1,0,1,0
2020-03-05,Del Norte,15,27424,0,0,0,0,0
2020-03-05,El Dorado,17,186661,1,0,0,0,0
2020-03-05,Fresno,19,978130,2,0,1,1,0
2020-03-05,Glenn,21,27897,0,0,0,0,0
2020-03-05,Humboldt,23,135768,4,1,0,1,0
2020-03-05,Imperial,25,180216,5,0,0,0,0
2020-03-05,Inyo,27,18085,0,0,0,0,0
2020-03-05,Kern,29,883053,6,0,0,0,0
2020-03-05,Kings,31,150075,1,0,1,1,0
2020-03-05,Lake,33,64148,0,0,0,0,0
2020-03-05,Lassen,35,31185,0,0,0,0,0
2020-03-05,Los Angeles,37,10098052,243,11,12,23,0
2020-03-05,Madera,39,155013,5,0,0,0,0
2020-03-05,Marin,41,260295,10,0,0,0,0
2020-03-05,Mariposa,43,17540,0,0,0,0,0
2020-03-05,Mendocino,45,87422,0,0,0,0,0
2020-03-05,Merced,47,269075,2,0,0,0,0
2020-03-05,Modoc,49,8938,0,0,0,0,0
2020-03-05,Mono,51,14174,1,0,0,0,0
2020-03-05,Monterey,53,433212,1,0,0,0,0
2020-03-05,Napa,55,140530,1,0,0,0,0
2020-03-05,Nevada,57,99092,0,0,1,1,0
2020-03-05,Orange,59,3164182,83,3,0,3,0
2020-03-05,Placer,61,380077,10,2,0,2,1
2020-03-05,Plumas,63,18699,0,0,0,0,0
2020-03-05,Riverside,65,2383286,27,0,1,1,0
2020-03-05,Sacramento,67,1510023,36,2,0,2,0
2020-03-05,San Benito,69,59416,1,2,0,2,0
2020-03-05,San Bernardino,71,2135413,32,0,0,0,0
2020-03-05,San Diego,73,3302833,54,2,0,2,0
2020-03-05,San Francisco,75,870044,30,2,0,2,0
2020-03-05,San Joaquin,77,732212,10,0,3,3,0
2020-03-05,San Luis Obispo,79,281455,4,0,0,0,0
2020-03-05,San Mateo,81,765935,65,1,0,1,0
2020-03-05,Santa Barbara,83,443738,2,0,0,0,0
2020-03-05,Santa Clara,85,1922200,162,14,1,15,0
2020-03-05,Santa Cruz,87,273765,13,0,0,0,0
2020-03-05,Shasta,89,179085,2,0,0,0,0
2020-03-05,Sierra,91,2930,0,0,0,0,0
2020-03-05,Siskiyou,93,43540,0,0,0,0,0
2020-03-05,Solano,95,438530,22,24,0,24,0
2020-03-05,Sonoma,97,501317,12,2,0,2,0
2020-03-05,Stanislaus,99,539301,5,0,2,2,0
2020-03-05,Sutter,101,95872,0,0,0,0,0
2020-03-05,Tehama,103,63373,0,0,0,0,0
2020-03-05,Trinity,105,12862,0,0,0,0,0
2020-03-05,Tulare,107,460477,4,0,0,0,0
2020-03-05,Tuolumne,109,53932,1,0,0,0,0
2020-03-05,Ventura,111,848112,13,0,0,0,0
2020-03-05,Yolo,113,214977,3,0,0,0,0
2020-03-05,Yuba,115,75493,0,0,0,0,0
2020-03-04,Alameda,1,1643700,30,2,0,2,0
2020-03-04,Alpine,3,1148,0,0,0,0,0
2020-03-04,Amador,5,37829,0,0,0,0,0
2020-03-04,Butte,7,227075,0,0,0,0,0
2020-03-04,Calaveras,9,45235,0,0,0,0,0
2020-03-04,Colusa,11,21464,0,0,0,0,0
2020-03-04,Contra Costa,13,1133247,34,1,0,1,0
2020-03-04,Del Norte,15,27424,0,0,0,0,0
2020-03-04,El Dorado,17,186661,1,0,0,0,0
2020-03-04,Fresno,19,978130,2,0,1,1,0
2020-03-04,Glenn,21,27897,0,0,0,0,0
2020-03-04,Humboldt,23,135768,1,1,0,1,0
2020-03-04,Imperial,25,180216,5,0,0,0,0
2020-03-04,Inyo,27,18085,0,0,0,0,0
2020-03-04,Kern,29,883053,6,0,0,0,0
2020-03-04,Kings,31,150075,1,0,1,1,0
2020-03-04,Lake,33,64148,0,0,0,0,0
2020-03-04,Lassen,35,31185,0,0,0,0,0
2020-03-04,Los Angeles,37,10098052,208,7,12,19,0
2020-03-04,Madera,39,155013,5,0,0,0,0
2020-03-04,Marin,41,260295,10,0,0,0,0
2020-03-04,Mariposa,43,17540,0,0,0,0,0
2020-03-04,Mendocino,45,87422,0,0,0,0,0
2020-03-04,Merced,47,269075,2,0,0,0,0
2020-03-04,Modoc,49,8938,0,0,0,0,0
2020-03-04,Mono,51,14174,1,0,0,0,0
2020-03-04,Monterey,53,433212,1,0,0,0,0
2020-03-04,Napa,55,140530,1,0,0,0,0
2020-03-04,Nevada,57,99092,0,0,1,1,0
2020-03-04,Orange,59,3164182,80,3,0,3,0
2020-03-04,Placer,61,380077,9,2,0,2,1
2020-03-04,Plumas,63,18699,0,0,0,0,0
2020-03-04,Riverside,65,2383286,23,0,1,1,0
2020-03-04,Sacramento,67,1510023,32,1,0,1,0
2020-03-04,San Benito,69,59416,1,2,0,2,0
2020-03-04,San Bernardino,71,2135413,29,0,0,0,0
2020-03-04,San Diego,73,3302833,41,2,0,2,0
2020-03-04,San Francisco,75,870044,25,0,0,0,0
2020-03-04,San Joaquin,77,732212,9,0,3,3,0
2020-03-04,San Luis Obispo,79,281455,4,0,0,0,0
2020-03-04,San Mateo,81,765935,60,1,0,1,0
2020-03-04,Santa Barbara,83,443738,2,0,0,0,0
2020-03-04,Santa Clara,85,1922200,145,12,1,13,0
2020-03-04,Santa Cruz,87,273765,13,0,0,0,0
2020-03-04,Shasta,89,179085,2,0,0,0,0
2020-03-04,Sierra,91,2930,0,0,0,0,0
2020-03-04,Siskiyou,93,43540,0,0,0,0,0
2020-03-04,Solano,95,438530,21,24,0,24,0
2020-03-04,Sonoma,97,501317,11,2,0,2,0
2020-03-04,Stanislaus,99,539301,5,0,2,2,0
2020-03-04,Sutter,101,95872,0,0,0,0,0
2020-03-04,Tehama,103,63373,0,0,0,0,0
2020-03-04,Trinity,105,12862,0,0,0,0,0
2020-03-04,Tulare,107,460477,4,0,0,0,0
2020-03-04,Tuolumne,109,53932,0,0,0,0,0
2020-03-04,Ventura,111,848112,12,0,0,0,0
2020-03-04,Yolo,113,214977,3,0,0,0,0
2020-03-04,Yuba,115,75493,0,0,0,0,0
2020-03-03,Alameda,1,1643700,24,2,0,2,0
2020-03-03,Alpine,3,1148,0,0,0,0,0
2020-03-03,Amador,5,37829,0,0,0,0,0
2020-03-03,Butte,7,227075,0,0,0,0,0
2020-03-03,Calaveras,9,45235,0,0,0,0,0
2020-03-03,Colusa,11,21464,0,0,0,0,0
2020-03-03,Contra Costa,13,1133247,30,0,0,0,0
2020-03-03,Del Norte,15,27424,0,0,0,0,0
2020-03-03,El Dorado,17,186661,1,0,0,0,0
2020-03-03,Fresno,19,978130,1,0,1,1,0
2020-03-03,Glenn,21,27897,0,0,0,0,0
2020-03-03,Humboldt,23,135768,1,1,0,1,0
2020-03-03,Imperial,25,180216,5,0,0,0,0
2020-03-03,Inyo,27,18085,0,0,0,0,0
2020-03-03,Kern,29,883053,4,0,0,0,0
2020-03-03,Kings,31,150075,1,0,1,1,0
2020-03-03,Lake,33,64148,0,0,0,0,0
2020-03-03,Lassen,35,31185,0,0,0,0,0
2020-03-03,Los Angeles,37,10098052,189,5,12,17,0
2020-03-03,Madera,39,155013,4,0,0,0,0
2020-03-03,Marin,41,260295,6,0,0,0,0
2020-03-03,Mariposa,43,17540,0,0,0,0,0
2020-03-03,Mendocino,45,87422,0,0,0,0,0
2020-03-03,Merced,47,269075,2,0,0,0,0
2020-03-03,Modoc,49,8938,0,0,0,0,0
2020-03-03,Mono,51,14174,1,0,0,0,0
2020-03-03,Monterey,53,433212,0,0,0,0,0
2020-03-03,Napa,55,140530,1,0,0,0,0
2020-03-03,Nevada,57,99092,0,0,1,1,0
2020-03-03,Orange,59,3164182,72,1,0,1,0
2020-03-03,Placer,61,380077,8,2,0,2,0
2020-03-03,Plumas,63,18699,0,0,0,0,0
2020-03-03,Riverside,65,2383286,20,0,1,1,0
2020-03-03,Sacramento,67,1510023,31,1,0,1,0
2020-03-03,San Benito,69,59416,1,2,0,2,0
2020-03-03,San Bernardino,71,2135413,26,0,0,0,0
2020-03-03,San Diego,73,3302833,34,2,0,2,0
2020-03-03,San Francisco,75,870044,23,0,0,0,0
2020-03-03,San Joaquin,77,732212,8,0,3,3,0
2020-03-03,San Luis Obispo,79,281455,2,0,0,0,0
2020-03-03,San Mateo,81,765935,53,1,0,1,0
2020-03-03,Santa Barbara,83,443738,1,0,0,0,0
2020-03-03,Santa Clara,85,1922200,130,11,1,12,0
2020-03-03,Santa Cruz,87,273765,10,0,0,0,0
2020-03-03,Shasta,89,179085,2,0,0,0,0
2020-03-03,Sierra,91,2930,0,0,0,0,0
2020-03-03,Siskiyou,93,43540,0,0,0,0,0
2020-03-03,Solano,95,438530,20,24,0,24,0
2020-03-03,Sonoma,97,501317,11,1,0,1,0
2020-03-03,Stanislaus,99,539301,5,0,2,2,0
2020-03-03,Sutter,101,95872,0,0,0,0,0
2020-03-03,Tehama,103,63373,0,0,0,0,0
2020-03-03,Trinity,105,12862,0,0,0,0,0
2020-03-03,Tulare,107,460477,4,0,0,0,0
2020-03-03,Tuolumne,109,53932,0,0,0,0,0
2020-03-03,Ventura,111,848112,11,0,0,0,0
2020-03-03,Yolo,113,214977,2,0,0,0,0
2020-03-03,Yuba,115,75493,0,0,0,0,0
2020-03-02,Alameda,1,1643700,21,1,0,1,0
2020-03-02,Alpine,3,1148,0,0,0,0,0
2020-03-02,Amador,5,37829,0,0,0,0,0
2020-03-02,Butte,7,227075,0,0,0,0,0
2020-03-02,Calaveras,9,45235,0,0,0,0,0
2020-03-02,Colusa,11,21464,0,0,0,0,0
2020-03-02,Contra Costa,13,1133247,27,0,0,0,0
2020-03-02,Del Norte,15,27424,0,0,0,0,0
2020-03-02,El Dorado,17,186661,1,0,0,0,0
2020-03-02,Fresno,19,978130,1,0,1,1,0
2020-03-02,Glenn,21,27897,0,0,0,0,0
2020-03-02,Humboldt,23,135768,1,1,0,1,0
2020-03-02,Imperial,25,180216,5,0,0,0,0
2020-03-02,Inyo,27,18085,0,0,0,0,0
2020-03-02,Kern,29,883053,4,0,0,0,0
2020-03-02,Kings,31,150075,1,0,1,1,0
2020-03-02,Lake,33,64148,0,0,0,0,0
2020-03-02,Lassen,35,31185,0,0,0,0,0
2020-03-02,Los Angeles,37,10098052,174,1,12,13,0
2020-03-02,Madera,39,155013,4,0,0,0,0
2020-03-02,Marin,41,260295,6,0,0,0,0
2020-03-02,Mariposa,43,17540,0,0,0,0,0
2020-03-02,Mendocino,45,87422,0,0,0,0,0
2020-03-02,Merced,47,269075,1,0,0,0,0
2020-03-02,Modoc,49,8938,0,0,0,0,0
2020-03-02,Mono,51,14174,1,0,0,0,0
2020-03-02,Monterey,53,433212,0,0,0,0,0
2020-03-02,Napa,55,140530,1,0,0,0,0
2020-03-02,Nevada,57,99092,0,0,1,1,0
2020-03-02,Orange,59,3164182,67,1,0,1,0
2020-03-02,Placer,61,380077,8,1,0,1,0
2020-03-02,Plumas,63,18699,0,0,0,0,0
2020-03-02,Riverside,65,2383286,19,0,1,1,0
2020-03-02,Sacramento,67,1510023,25,1,0,1,0
2020-03-02,San Benito,69,59416,1,2,0,2,0
2020-03-02,San Bernardino,71,2135413,26,0,0,0,0
2020-03-02,San Diego,73,3302833,28,2,0,2,0
2020-03-02,San Francisco,75,870044,17,0,0,0,0
2020-03-02,San Joaquin,77,732212,7,0,3,3,0
2020-03-02,San Luis Obispo,79,281455,2,0,0,0,0
2020-03-02,San Mateo,81,765935,44,1,0,1,0
2020-03-02,Santa Barbara,83,443738,1,0,0,0,0
2020-03-02,Santa Clara,85,1922200,108,7,1,8,0
2020-03-02,Santa Cruz,87,273765,9,0,0,0,0
2020-03-02,Shasta,89,179085,2,0,0,0,0
2020-03-02,Sierra,91,2930,0,0,0,0,0
2020-03-02,Siskiyou,93,43540,0,0,0,0,0
2020-03-02,Solano,95,438530,19,24,0,24,0
2020-03-02,Sonoma,97,501317,10,1,0,1,0
2020-03-02,Stanislaus,99,539301,2,0,2,2,0
2020-03-02,Sutter,101,95872,0,0,0,0,0
2020-03-02,Tehama,103,63373,0,0,0,0,0
2020-03-02,Trinity,105,12862,0,0,0,0,0
2020-03-02,Tulare,107,460477,4,0,0,0,0
2020-03-02,Tuolumne,109,53932,0,0,0,0,0
2020-03-02,Ventura,111,848112,10,0,0,0,0
2020-03-02,Yolo,113,214977,2,0,0,0,0
2020-03-02,Yuba,115,75493,0,0,0,0,0
2020-03-01,Alameda,1,1643700,20,1,0,1,0
2020-03-01,Alpine,3,1148,0,0,0,0,0
2020-03-01,Amador,5,37829,0,0,0,0,0
2020-03-01,Butte,7,227075,0,0,0,0,0
2020-03-01,Calaveras,9,45235,0,0,0,0,0
2020-03-01,Colusa,11,21464,0,0,0,0,0
2020-03-01,Contra Costa,13,1133247,24,0,0,0,0
2020-03-01,Del Norte,15,27424,0,0,0,0,0
2020-03-01,El Dorado,17,186661,1,0,0,0,0
2020-03-01,Fresno,19,978130,0,0,1,1,0
2020-03-01,Glenn,21,27897,0,0,0,0,0
2020-03-01,Humboldt,23,135768,1,1,0,1,0
2020-03-01,Imperial,25,180216,5,0,0,0,0
2020-03-01,Inyo,27,18085,0,0,0,0,0
2020-03-01,Kern,29,883053,2,0,0,0,0
2020-03-01,Kings,31,150075,1,0,1,1,0
2020-03-01,Lake,33,64148,0,0,0,0,0
2020-03-01,Lassen,35,31185,0,0,0,0,0
2020-03-01,Los Angeles,37,10098052,155,1,12,13,0
2020-03-01,Madera,39,155013,2,0,0,0,0
2020-03-01,Marin,41,260295,5,0,0,0,0
2020-03-01,Mariposa,43,17540,0,0,0,0,0
2020-03-01,Mendocino,45,87422,0,0,0,0,0
2020-03-01,Merced,47,269075,1,0,0,0,0
2020-03-01,Modoc,49,8938,0,0,0,0,0
2020-03-01,Mono,51,14174,1,0,0,0,0
2020-03-01,Monterey,53,433212,0,0,0,0,0
2020-03-01,Napa,55,140530,1,0,0,0,0
2020-03-01,Nevada,57,99092,0,0,1,1,0
2020-03-01,Orange,59,3164182,64,1,0,1,0
2020-03-01,Placer,61,380077,8,0,0,0,0
2020-03-01,Plumas,63,18699,0,0,0,0,0
2020-03-01,Riverside,65,2383286,18,0,1,1,0
2020-03-01,Sacramento,67,1510023,21,1,0,1,0
2020-03-01,San Benito,69,59416,0,2,0,2,0
2020-03-01,San Bernardino,71,2135413,24,0,0,0,0
2020-03-01,San Diego,73,3302833,21,2,0,2,0
2020-03-01,San Francisco,75,870044,13,0,0,0,0
2020-03-01,San Joaquin,77,732212,7,0,3,3,0
2020-03-01,San Luis Obispo,79,281455,2,0,0,0,0
2020-03-01,San Mateo,81,765935,36,0,0,0,0
2020-03-01,Santa Barbara,83,443738,1,0,0,0,0
2020-03-01,Santa Clara,85,1922200,95,6,1,7,0
2020-03-01,Santa Cruz,87,273765,8,0,0,0,0
2020-03-01,Shasta,89,179085,2,0,0,0,0
2020-03-01,Sierra,91,2930,0,0,0,0,0
2020-03-01,Siskiyou,93,43540,0,0,0,0,0
2020-03-01,Solano,95,438530,19,24,0,24,0
2020-03-01,Sonoma,97,501317,9,0,0,0,0
2020-03-01,Stanislaus,99,539301,2,0,2,2,0
2020-03-01,Sutter,101,95872,0,0,0,0,0
2020-03-01,Tehama,103,63373,0,0,0,0,0
2020-03-01,Trinity,105,12862,0,0,0,0,0
2020-03-01,Tulare,107,460477,4,0,0,0,0
2020-03-01,Tuolumne,109,53932,0,0,0,0,0
2020-03-01,Ventura,111,848112,8,0,0,0,0
2020-03-01,Yolo,113,214977,2,0,0,0,0
2020-03-01,Yuba,115,75493,0,0,0,0,0
2020-02-29,Alameda,1,1643700,16,0,0,0,0
2020-02-29,Alpine,3,1148,0,0,0,0,0
2020-02-29,Amador,5,37829,0,0,0,0,0
2020-02-29,Butte,7,227075,0,0,0,0,0
2020-02-29,Calaveras,9,45235,0,0,0,0,0
2020-02-29,Colusa,11,21464,0,0,0,0,0
2020-02-29,Contra Costa,13,1133247,20,0,0,0,0
2020-02-29,Del Norte,15,27424,0,0,0,0,0
2020-02-29,El Dorado,17,186661,1,0,0,0,0
2020-02-29,Fresno,19,978130,0,0,0,0,0
2020-02-29,Glenn,21,27897,0,0,0,0,0
2020-02-29,Humboldt,23,135768,1,1,0,1,0
2020-02-29,Imperial,25,180216,3,0,0,0,0
2020-02-29,Inyo,27,18085,0,0,0,0,0
2020-02-29,Kern,29,883053,2,0,0,0,0
2020-02-29,Kings,31,150075,1,0,1,1,0
2020-02-29,Lake,33,64148,0,0,0,0,0
2020-02-29,Lassen,35,31185,0,0,0,0,0
2020-02-29,Los Angeles,37,10098052,127,1,12,13,0
2020-02-29,Madera,39,155013,2,0,0,0,0
2020-02-29,Marin,41,260295,4,0,0,0,0
2020-02-29,Mariposa,43,17540,0,0,0,0,0
2020-02-29,Mendocino,45,87422,0,0,0,0,0
2020-02-29,Merced,47,269075,1,0,0,0,0
2020-02-29,Modoc,49,8938,0,0,0,0,0
2020-02-29,Mono,51,14174,1,0,0,0,0
2020-02-29,Monterey,53,433212,0,0,0,0,0
2020-02-29,Napa,55,140530,1,0,0,0,0
2020-02-29,Nevada,57,99092,0,0,1,1,0
2020-02-29,Orange,59,3164182,59,1,0,1,0
2020-02-29,Placer,61,380077,7,0,0,0,0
2020-02-29,Plumas,63,18699,0,0,0,0,0
2020-02-29,Riverside,65,2383286,15,0,1,1,0
2020-02-29,Sacramento,67,1510023,16,1,0,1,0
2020-02-29,San Benito,69,59416,0,2,0,2,0
2020-02-29,San Bernardino,71,2135413,22,0,0,0,0
2020-02-29,San Diego,73,3302833,16,2,0,2,0
2020-02-29,San Francisco,75,870044,12,0,0,0,0
2020-02-29,San Joaquin,77,732212,6,0,3,3,0
2020-02-29,San Luis Obispo,79,281455,2,0,0,0,0
2020-02-29,San Mateo,81,765935,29,0,0,0,0
2020-02-29,Santa Barbara,83,443738,0,0,0,0,0
2020-02-29,Santa Clara,85,1922200,73,3,1,4,0
2020-02-29,Santa Cruz,87,273765,8,0,0,0,0
2020-02-29,Shasta,89,179085,2,0,0,0,0
2020-02-29,Sierra,91,2930,0,0,0,0,0
2020-02-29,Siskiyou,93,43540,0,0,0,0,0
2020-02-29,Solano,95,438530,18,23,0,23,0
2020-02-29,Sonoma,97,501317,6,0,0,0,0
2020-02-29,Stanislaus,99,539301,2,0,2,2,0
2020-02-29,Sutter,101,95872,0,0,0,0,0
2020-02-29,Tehama,103,63373,0,0,0,0,0
2020-02-29,Trinity,105,12862,0,0,0,0,0
2020-02-29,Tulare,107,460477,2,0,0,0,0
2020-02-29,Tuolumne,109,53932,0,0,0,0,0
2020-02-29,Ventura,111,848112,6,0,0,0,0
2020-02-29,Yolo,113,214977,2,0,0,0,0
2020-02-29,Yuba,115,75493,0,0,0,0,0
2020-02-28,Alameda,1,1643700,14,0,0,0,0
2020-02-28,Alpine,3,1148,0,0,0,0,0
2020-02-28,Amador,5,37829,0,0,0,0,0
2020-02-28,Butte,7,227075,0,0,0,0,0
2020-02-28,Calaveras,9,45235,0,0,0,0,0
2020-02-28,Colusa,11,21464,0,0,0,0,0
2020-02-28,Contra Costa,13,1133247,20,0,0,0,0
2020-02-28,Del Norte,15,27424,0,0,0,0,0
2020-02-28,El Dorado,17,186661,0,0,0,0,0
2020-02-28,Fresno,19,978130,0,0,0,0,0
2020-02-28,Glenn,21,27897,0,0,0,0,0
2020-02-28,Humboldt,23,135768,1,1,0,1,0
2020-02-28,Imperial,25,180216,3,0,0,0,0
2020-02-28,Inyo,27,18085,0,0,0,0,0
2020-02-28,Kern,29,883053,2,0,0,0,0
2020-02-28,Kings,31,150075,1,0,1,1,0
2020-02-28,Lake,33,64148,0,0,0,0,0
2020-02-28,Lassen,35,31185,0,0,0,0,0
2020-02-28,Los Angeles,37,10098052,118,1,12,13,0
2020-02-28,Madera,39,155013,2,0,0,0,0
2020-02-28,Marin,41,260295,2,0,0,0,0
2020-02-28,Mariposa,43,17540,0,0,0,0,0
2020-02-28,Mendocino,45,87422,0,0,0,0,0
2020-02-28,Merced,47,269075,1,0,0,0,0
2020-02-28,Modoc,49,8938,0,0,0,0,0
2020-02-28,Mono,51,14174,0,0,0,0,0
2020-02-28,Monterey,53,433212,0,0,0,0,0
2020-02-28,Napa,55,140530,1,0,0,0,0
2020-02-28,Nevada,57,99092,0,0,1,1,0
2020-02-28,Orange,59,3164182,57,1,0,1,0
2020-02-28,Placer,61,380077,7,0,0,0,0
2020-02-28,Plumas,63,18699,0,0,0,0,0
2020-02-28,Riverside,65,2383286,13,0,1,1,0
2020-02-28,Sacramento,67,1510023,10,1,0,1,0
2020-02-28,San Benito,69,59416,0,2,0,2,0
2020-02-28,San Bernardino,71,2135413,22,0,0,0,0
2020-02-28,San Diego,73,3302833,13,2,0,2,0
2020-02-28,San Francisco,75,870044,10,0,0,0,0
2020-02-28,San Joaquin,77,732212,6,0,3,3,0
2020-02-28,San Luis Obispo,79,281455,2,0,0,0,0
2020-02-28,San Mateo,81,765935,24,0,0,0,0
2020-02-28,Santa Barbara,83,443738,0,0,0,0,0
2020-02-28,Santa Clara,85,1922200,69,3,1,4,0
2020-02-28,Santa Cruz,87,273765,8,0,0,0,0
2020-02-28,Shasta,89,179085,2,0,0,0,0
2020-02-28,Sierra,91,2930,0,0,0,0,0
2020-02-28,Siskiyou,93,43540,0,0,0,0,0
2020-02-28,Solano,95,438530,17,23,0,23,0
2020-02-28,Sonoma,97,501317,6,0,0,0,0
2020-02-28,Stanislaus,99,539301,2,0,2,2,0
2020-02-28,Sutter,101,95872,0,0,0,0,0
2020-02-28,Tehama,103,63373,0,0,0,0,0
2020-02-28,Trinity,105,12862,0,0,0,0,0
2020-02-28,Tulare,107,460477,2,0,0,0,0
2020-02-28,Tuolumne,109,53932,0,0,0,0,0
2020-02-28,Ventura,111,848112,6,0,0,0,0
2020-02-28,Yolo,113,214977,2,0,0,0,0
2020-02-28,Yuba,115,75493,0,0,0,0,0
2020-02-27,Alameda,1,1643700,13,0,0,0,0
2020-02-27,Alpine,3,1148,0,0,0,0,0
2020-02-27,Amador,5,37829,0,0,0,0,0
2020-02-27,Butte,7,227075,0,0,0,0,0
2020-02-27,Calaveras,9,45235,0,0,0,0,0
2020-02-27,Colusa,11,21464,0,0,0,0,0
2020-02-27,Contra Costa,13,1133247,14,0,0,0,0
2020-02-27,Del Norte,15,27424,0,0,0,0,0
2020-02-27,El Dorado,17,186661,0,0,0,0,0
2020-02-27,Fresno,19,978130,0,0,0,0,0
2020-02-27,Glenn,21,27897,0,0,0,0,0
2020-02-27,Humboldt,23,135768,1,1,0,1,0
2020-02-27,Imperial,25,180216,3,0,0,0,0
2020-02-27,Inyo,27,18085,0,0,0,0,0
2020-02-27,Kern,29,883053,2,0,0,0,0
2020-02-27,Kings,31,150075,1,0,1,1,0
2020-02-27,Lake,33,64148,0,0,0,0,0
2020-02-27,Lassen,35,31185,0,0,0,0,0
2020-02-27,Los Angeles,37,10098052,105,1,12,13,0
2020-02-27,Madera,39,155013,2,0,0,0,0
2020-02-27,Marin,41,260295,1,0,0,0,0
2020-02-27,Mariposa,43,17540,0,0,0,0,0
2020-02-27,Mendocino,45,87422,0,0,0,0,0
2020-02-27,Merced,47,269075,1,0,0,0,0
2020-02-27,Modoc,49,8938,0,0,0,0,0
2020-02-27,Mono,51,14174,0,0,0,0,0
2020-02-27,Monterey,53,433212,0,0,0,0,0
2020-02-27,Napa,55,140530,1,0,0,0,0
2020-02-27,Nevada,57,99092,0,0,1,1,0
2020-02-27,Orange,59,3164182,51,1,0,1,0
2020-02-27,Placer,61,380077,6,0,0,0,0
2020-02-27,Plumas,63,18699,0,0,0,0,0
2020-02-27,Riverside,65,2383286,12,0,1,1,0
2020-02-27,Sacramento,67,1510023,10,1,0,1,0
2020-02-27,San Benito,69,59416,0,2,0,2,0
2020-02-27,San Bernardino,71,2135413,22,0,0,0,0
2020-02-27,San Diego,73,3302833,12,2,0,2,0
2020-02-27,San Francisco,75,870044,9,0,0,0,0
2020-02-27,San Joaquin,77,732212,5,0,3,3,0
2020-02-27,San Luis Obispo,79,281455,2,0,0,0,0
2020-02-27,San Mateo,81,765935,20,0,0,0,0
2020-02-27,Santa Barbara,83,443738,0,0,0,0,0
2020-02-27,Santa Clara,85,1922200,58,2,1,3,0
2020-02-27,Santa Cruz,87,273765,6,0,0,0,0
2020-02-27,Shasta,89,179085,0,0,0,0,0
2020-02-27,Sierra,91,2930,0,0,0,0,0
2020-02-27,Siskiyou,93,43540,0,0,0,0,0
2020-02-27,Solano,95,438530,17,23,0,23,0
2020-02-27,Sonoma,97,501317,5,0,0,0,0
2020-02-27,Stanislaus,99,539301,2,0,2,2,0
2020-02-27,Sutter,101,95872,0,0,0,0,0
2020-02-27,Tehama,103,63373,0,0,0,0,0
2020-02-27,Trinity,105,12862,0,0,0,0,0
2020-02-27,Tulare,107,460477,2,0,0,0,0
2020-02-27,Tuolumne,109,53932,0,0,0,0,0
2020-02-27,Ventura,111,848112,4,0,0,0,0
2020-02-27,Yolo,113,214977,2,0,0,0,0
2020-02-27,Yuba,115,75493,0,0,0,0,0
2020-02-26,Alameda,1,1643700,13,0,0,0,0
2020-02-26,Alpine,3,1148,0,0,0,0,0
2020-02-26,Amador,5,37829,0,0,0,0,0
2020-02-26,Butte,7,227075,0,0,0,0,0
2020-02-26,Calaveras,9,45235,0,0,0,0,0
2020-02-26,Colusa,11,21464,0,0,0,0,0
2020-02-26,Contra Costa,13,1133247,13,0,0,0,0
2020-02-26,Del Norte,15,27424,0,0,0,0,0
2020-02-26,El Dorado,17,186661,0,0,0,0,0
2020-02-26,Fresno,19,978130,0,0,0,0,0
2020-02-26,Glenn,21,27897,0,0,0,0,0
2020-02-26,Humboldt,23,135768,1,1,0,1,0
2020-02-26,Imperial,25,180216,3,0,0,0,0
2020-02-26,Inyo,27,18085,0,0,0,0,0
2020-02-26,Kern,29,883053,2,0,0,0,0
2020-02-26,Kings,31,150075,1,0,1,1,0
2020-02-26,Lake,33,64148,0,0,0,0,0
2020-02-26,Lassen,35,31185,0,0,0,0,0
2020-02-26,Los Angeles,37,10098052,99,1,12,13,0
2020-02-26,Madera,39,155013,2,0,0,0,0
2020-02-26,Marin,41,260295,1,0,0,0,0
2020-02-26,Mariposa,43,17540,0,0,0,0,0
2020-02-26,Mendocino,45,87422,0,0,0,0,0
2020-02-26,Merced,47,269075,1,0,0,0,0
2020-02-26,Modoc,49,8938,0,0,0,0,0
2020-02-26,Mono,51,14174,0,0,0,0,0
2020-02-26,Monterey,53,433212,0,0,0,0,0
2020-02-26,Napa,55,140530,0,0,0,0,0
2020-02-26,Nevada,57,99092,0,0,1,1,0
2020-02-26,Orange,59,3164182,50,1,0,1,0
2020-02-26,Placer,61,380077,5,0,0,0,0
2020-02-26,Plumas,63,18699,0,0,0,0,0
2020-02-26,Riverside,65,2383286,10,0,1,1,0
2020-02-26,Sacramento,67,1510023,10,1,0,1,0
2020-02-26,San Benito,69,59416,0,2,0,2,0
2020-02-26,San Bernardino,71,2135413,20,0,0,0,0
2020-02-26,San Diego,73,3302833,11,2,0,2,0
2020-02-26,San Francisco,75,870044,9,0,0,0,0
2020-02-26,San Joaquin,77,732212,5,0,3,3,0
2020-02-26,San Luis Obispo,79,281455,2,0,0,0,0
2020-02-26,San Mateo,81,765935,18,0,0,0,0
2020-02-26,Santa Barbara,83,443738,0,0,0,0,0
2020-02-26,Santa Clara,85,1922200,50,2,1,3,0
2020-02-26,Santa Cruz,87,273765,6,0,0,0,0
2020-02-26,Shasta,89,179085,0,0,0,0,0
2020-02-26,Sierra,91,2930,0,0,0,0,0
2020-02-26,Siskiyou,93,43540,0,0,0,0,0
2020-02-26,Solano,95,438530,17,23,0,23,0
2020-02-26,Sonoma,97,501317,5,0,0,0,0
2020-02-26,Stanislaus,99,539301,2,0,2,2,0
2020-02-26,Sutter,101,95872,0,0,0,0,0
2020-02-26,Tehama,103,63373,0,0,0,0,0
2020-02-26,Trinity,105,12862,0,0,0,0,0
2020-02-26,Tulare,107,460477,2,0,0,0,0
2020-02-26,Tuolumne,109,53932,0,0,0,0,0
2020-02-26,Ventura,111,848112,4,0,0,0,0
2020-02-26,Yolo,113,214977,2,0,0,0,0
2020-02-26,Yuba,115,75493,0,0,0,0,0
2020-02-25,Alameda,1,1643700,13,0,0,0,0
2020-02-25,Alpine,3,1148,0,0,0,0,0
2020-02-25,Amador,5,37829,0,0,0,0,0
2020-02-25,Butte,7,227075,0,0,0,0,0
2020-02-25,Calaveras,9,45235,0,0,0,0,0
2020-02-25,Colusa,11,21464,0,0,0,0,0
2020-02-25,Contra Costa,13,1133247,11,0,0,0,0
2020-02-25,Del Norte,15,27424,0,0,0,0,0
2020-02-25,El Dorado,17,186661,0,0,0,0,0
2020-02-25,Fresno,19,978130,0,0,0,0,0
2020-02-25,Glenn,21,27897,0,0,0,0,0
2020-02-25,Humboldt,23,135768,1,1,0,1,0
2020-02-25,Imperial,25,180216,3,0,0,0,0
2020-02-25,Inyo,27,18085,0,0,0,0,0
2020-02-25,Kern,29,883053,2,0,0,0,0
2020-02-25,Kings,31,150075,1,0,1,1,0
2020-02-25,Lake,33,64148,0,0,0,0,0
2020-02-25,Lassen,35,31185,0,0,0,0,0
2020-02-25,Los Angeles,37,10098052,84,1,12,13,0
2020-02-25,Madera,39,155013,2,0,0,0,0
2020-02-25,Marin,41,260295,1,0,0,0,0
2020-02-25,Mariposa,43,17540,0,0,0,0,0
2020-02-25,Mendocino,45,87422,0,0,0,0,0
2020-02-25,Merced,47,269075,0,0,0,0,0
2020-02-25,Modoc,49,8938,0,0,0,0,0
2020-02-25,Mono,51,14174,0,0,0,0,0
2020-02-25,Monterey,53,433212,0,0,0,0,0
2020-02-25,Napa,55,140530,0,0,0,0,0
2020-02-25,Nevada,57,99092,0,0,1,1,0
2020-02-25,Orange,59,3164182,49,1,0,1,0
2020-02-25,Placer,61,380077,5,0,0,0,0
2020-02-25,Plumas,63,18699,0,0,0,0,0
2020-02-25,Riverside,65,2383286,10,0,1,1,0
2020-02-25,Sacramento,67,1510023,8,1,0,1,0
2020-02-25,San Benito,69,59416,0,2,0,2,0
2020-02-25,San Bernardino,71,2135413,18,0,0,0,0
2020-02-25,San Diego,73,3302833,7,2,0,2,0
2020-02-25,San Francisco,75,870044,7,0,0,0,0
2020-02-25,San Joaquin,77,732212,5,0,2,2,0
2020-02-25,San Luis Obispo,79,281455,2,0,0,0,0
2020-02-25,San Mateo,81,765935,17,0,0,0,0
2020-02-25,Santa Barbara,83,443738,0,0,0,0,0
2020-02-25,Santa Clara,85,1922200,40,2,1,3,0
2020-02-25,Santa Cruz,87,273765,5,0,0,0,0
2020-02-25,Shasta,89,179085,0,0,0,0,0
2020-02-25,Sierra,91,2930,0,0,0,0,0
2020-02-25,Siskiyou,93,43540,0,0,0,0,0
2020-02-25,Solano,95,438530,16,21,0,21,0
2020-02-25,Sonoma,97,501317,5,0,0,0,0
2020-02-25,Stanislaus,99,539301,2,0,2,2,0
2020-02-25,Sutter,101,95872,0,0,0,0,0
2020-02-25,Tehama,103,63373,0,0,0,0,0
2020-02-25,Trinity,105,12862,0,0,0,0,0
2020-02-25,Tulare,107,460477,2,0,0,0,0
2020-02-25,Tuolumne,109,53932,0,0,0,0,0
2020-02-25,Ventura,111,848112,4,0,0,0,0
2020-02-25,Yolo,113,214977,2,0,0,0,0
2020-02-25,Yuba,115,75493,0,0,0,0,0
2020-02-24,Alameda,1,1643700,13,0,0,0,0
2020-02-24,Alpine,3,1148,0,0,0,0,0
2020-02-24,Amador,5,37829,0,0,0,0,0
2020-02-24,Butte,7,227075,0,0,0,0,0
2020-02-24,Calaveras,9,45235,0,0,0,0,0
2020-02-24,Colusa,11,21464,0,0,0,0,0
2020-02-24,Contra Costa,13,1133247,9,0,0,0,0
2020-02-24,Del Norte,15,27424,0,0,0,0,0
2020-02-24,El Dorado,17,186661,0,0,0,0,0
2020-02-24,Fresno,19,978130,0,0,0,0,0
2020-02-24,Glenn,21,27897,0,0,0,0,0
2020-02-24,Humboldt,23,135768,1,1,0,1,0
2020-02-24,Imperial,25,180216,3,0,0,0,0
2020-02-24,Inyo,27,18085,0,0,0,0,0
2020-02-24,Kern,29,883053,2,0,0,0,0
2020-02-24,Kings,31,150075,1,0,1,1,0
2020-02-24,Lake,33,64148,0,0,0,0,0
2020-02-24,Lassen,35,31185,0,0,0,0,0
2020-02-24,Los Angeles,37,10098052,78,1,12,13,0
2020-02-24,Madera,39,155013,1,0,0,0,0
2020-02-24,Marin,41,260295,1,0,0,0,0
2020-02-24,Mariposa,43,17540,0,0,0,0,0
2020-02-24,Mendocino,45,87422,0,0,0,0,0
2020-02-24,Merced,47,269075,0,0,0,0,0
2020-02-24,Modoc,49,8938,0,0,0,0,0
2020-02-24,Mono,51,14174,0,0,0,0,0
2020-02-24,Monterey,53,433212,0,0,0,0,0
2020-02-24,Napa,55,140530,0,0,0,0,0
2020-02-24,Nevada,57,99092,0,0,1,1,0
2020-02-24,Orange,59,3164182,47,1,0,1,0
2020-02-24,Placer,61,380077,3,0,0,0,0
2020-02-24,Plumas,63,18699,0,0,0,0,0
2020-02-24,Riverside,65,2383286,9,0,1,1,0
2020-02-24,Sacramento,67,1510023,7,1,0,1,0
2020-02-24,San Benito,69,59416,0,2,0,2,0
2020-02-24,San Bernardino,71,2135413,18,0,0,0,0
2020-02-24,San Diego,73,3302833,7,2,0,2,0
2020-02-24,San Francisco,75,870044,6,0,0,0,0
2020-02-24,San Joaquin,77,732212,5,0,1,1,0
2020-02-24,San Luis Obispo,79,281455,2,0,0,0,0
2020-02-24,San Mateo,81,765935,13,0,0,0,0
2020-02-24,Santa Barbara,83,443738,0,0,0,0,0
2020-02-24,Santa Clara,85,1922200,38,2,1,3,0
2020-02-24,Santa Cruz,87,273765,5,0,0,0,0
2020-02-24,Shasta,89,179085,0,0,0,0,0
2020-02-24,Sierra,91,2930,0,0,0,0,0
2020-02-24,Siskiyou,93,43540,0,0,0,0,0
2020-02-24,Solano,95,438530,13,15,0,15,0
2020-02-24,Sonoma,97,501317,5,0,0,0,0
2020-02-24,Stanislaus,99,539301,2,0,2,2,0
2020-02-24,Sutter,101,95872,0,0,0,0,0
2020-02-24,Tehama,103,63373,0,0,0,0,0
2020-02-24,Trinity,105,12862,0,0,0,0,0
2020-02-24,Tulare,107,460477,2,0,0,0,0
2020-02-24,Tuolumne,109,53932,0,0,0,0,0
2020-02-24,Ventura,111,848112,4,0,0,0,0
2020-02-24,Yolo,113,214977,2,0,0,0,0
2020-02-24,Yuba,115,75493,0,0,0,0,0
2020-02-23,Alameda,1,1643700,11,0,0,0,0
2020-02-23,Alpine,3,1148,0,0,0,0,0
2020-02-23,Amador,5,37829,0,0,0,0,0
2020-02-23,Butte,7,227075,0,0,0,0,0
2020-02-23,Calaveras,9,45235,0,0,0,0,0
2020-02-23,Colusa,11,21464,0,0,0,0,0
2020-02-23,Contra Costa,13,1133247,6,0,0,0,0
2020-02-23,Del Norte,15,27424,0,0,0,0,0
2020-02-23,El Dorado,17,186661,0,0,0,0,0
2020-02-23,Fresno,19,978130,0,0,0,0,0
2020-02-23,Glenn,21,27897,0,0,0,0,0
2020-02-23,Humboldt,23,135768,1,1,0,1,0
2020-02-23,Imperial,25,180216,3,0,0,0,0
2020-02-23,Inyo,27,18085,0,0,0,0,0
2020-02-23,Kern,29,883053,2,0,0,0,0
2020-02-23,Kings,31,150075,1,0,1,1,0
2020-02-23,Lake,33,64148,0,0,0,0,0
2020-02-23,Lassen,35,31185,0,0,0,0,0
2020-02-23,Los Angeles,37,10098052,69,1,12,13,0
2020-02-23,Madera,39,155013,1,0,0,0,0
2020-02-23,Marin,41,260295,1,0,0,0,0
2020-02-23,Mariposa,43,17540,0,0,0,0,0
2020-02-23,Mendocino,45,87422,0,0,0,0,0
2020-02-23,Merced,47,269075,0,0,0,0,0
2020-02-23,Modoc,49,8938,0,0,0,0,0
2020-02-23,Mono,51,14174,0,0,0,0,0
2020-02-23,Monterey,53,433212,0,0,0,0,0
2020-02-23,Napa,55,140530,0,0,0,0,0
2020-02-23,Nevada,57,99092,0,0,1,1,0
2020-02-23,Orange,59,3164182,47,1,0,1,0
2020-02-23,Placer,61,380077,3,0,0,0,0
2020-02-23,Plumas,63,18699,0,0,0,0,0
2020-02-23,Riverside,65,2383286,9,0,0,0,0
2020-02-23,Sacramento,67,1510023,6,1,0,1,0
2020-02-23,San Benito,69,59416,0,2,0,2,0
2020-02-23,San Bernardino,71,2135413,17,0,0,0,0
2020-02-23,San Diego,73,3302833,6,2,0,2,0
2020-02-23,San Francisco,75,870044,5,0,0,0,0
2020-02-23,San Joaquin,77,732212,4,0,1,1,0
2020-02-23,San Luis Obispo,79,281455,2,0,0,0,0
2020-02-23,San Mateo,81,765935,10,0,0,0,0
2020-02-23,Santa Barbara,83,443738,0,0,0,0,0
2020-02-23,Santa Clara,85,1922200,26,2,1,3,0
2020-02-23,Santa Cruz,87,273765,2,0,0,0,0
2020-02-23,Shasta,89,179085,0,0,0,0,0
2020-02-23,Sierra,91,2930,0,0,0,0,0
2020-02-23,Siskiyou,93,43540,0,0,0,0,0
2020-02-23,Solano,95,438530,11,15,0,15,0
2020-02-23,Sonoma,97,501317,5,0,0,0,0
2020-02-23,Stanislaus,99,539301,2,0,2,2,0
2020-02-23,Sutter,101,95872,0,0,0,0,0
2020-02-23,Tehama,103,63373,0,0,0,0,0
2020-02-23,Trinity,105,12862,0,0,0,0,0
2020-02-23,Tulare,107,460477,2,0,0,0,0
2020-02-23,Tuolumne,109,53932,0,0,0,0,0
2020-02-23,Ventura,111,848112,4,0,0,0,0
2020-02-23,Yolo,113,214977,2,0,0,0,0
2020-02-23,Yuba,115,75493,0,0,0,0,0
2020-02-22,Alameda,1,1643700,10,0,0,0,0
2020-02-22,Alpine,3,1148,0,0,0,0,0
2020-02-22,Amador,5,37829,0,0,0,0,0
2020-02-22,Butte,7,227075,0,0,0,0,0
2020-02-22,Calaveras,9,45235,0,0,0,0,0
2020-02-22,Colusa,11,21464,0,0,0,0,0
2020-02-22,Contra Costa,13,1133247,5,0,0,0,0
2020-02-22,Del Norte,15,27424,0,0,0,0,0
2020-02-22,El Dorado,17,186661,0,0,0,0,0
2020-02-22,Fresno,19,978130,0,0,0,0,0
2020-02-22,Glenn,21,27897,0,0,0,0,0
2020-02-22,Humboldt,23,135768,1,1,0,1,0
2020-02-22,Imperial,25,180216,2,0,0,0,0
2020-02-22,Inyo,27,18085,0,0,0,0,0
2020-02-22,Kern,29,883053,2,0,0,0,0
2020-02-22,Kings,31,150075,1,0,1,1,0
2020-02-22,Lake,33,64148,0,0,0,0,0
2020-02-22,Lassen,35,31185,0,0,0,0,0
2020-02-22,Los Angeles,37,10098052,67,1,12,13,0
2020-02-22,Madera,39,155013,0,0,0,0,0
2020-02-22,Marin,41,260295,1,0,0,0,0
2020-02-22,Mariposa,43,17540,0,0,0,0,0
2020-02-22,Mendocino,45,87422,0,0,0,0,0
2020-02-22,Merced,47,269075,0,0,0,0,0
2020-02-22,Modoc,49,8938,0,0,0,0,0
2020-02-22,Mono,51,14174,0,0,0,0,0
2020-02-22,Monterey,53,433212,0,0,0,0,0
2020-02-22,Napa,55,140530,0,0,0,0,0
2020-02-22,Nevada,57,99092,0,0,1,1,0
2020-02-22,Orange,59,3164182,46,1,0,1,0
2020-02-22,Placer,61,380077,3,0,0,0,0
2020-02-22,Plumas,63,18699,0,0,0,0,0
2020-02-22,Riverside,65,2383286,9,0,0,0,0
2020-02-22,Sacramento,67,1510023,6,1,0,1,0
2020-02-22,San Benito,69,59416,0,2,0,2,0
2020-02-22,San Bernardino,71,2135413,15,0,0,0,0
2020-02-22,San Diego,73,3302833,5,2,0,2,0
2020-02-22,San Francisco,75,870044,3,0,0,0,0
2020-02-22,San Joaquin,77,732212,4,0,1,1,0
2020-02-22,San Luis Obispo,79,281455,2,0,0,0,0
2020-02-22,San Mateo,81,765935,8,0,0,0,0
2020-02-22,Santa Barbara,83,443738,0,0,0,0,0
2020-02-22,Santa Clara,85,1922200,23,2,1,3,0
2020-02-22,Santa Cruz,87,273765,2,0,0,0,0
2020-02-22,Shasta,89,179085,0,0,0,0,0
2020-02-22,Sierra,91,2930,0,0,0,0,0
2020-02-22,Siskiyou,93,43540,0,0,0,0,0
2020-02-22,Solano,95,438530,11,11,0,11,0
2020-02-22,Sonoma,97,501317,4,0,0,0,0
2020-02-22,Stanislaus,99,539301,2,0,2,2,0
2020-02-22,Sutter,101,95872,0,0,0,0,0
2020-02-22,Tehama,103,63373,0,0,0,0,0
2020-02-22,Trinity,105,12862,0,0,0,0,0
2020-02-22,Tulare,107,460477,2,0,0,0,0
2020-02-22,Tuolumne,109,53932,0,0,0,0,0
2020-02-22,Ventura,111,848112,4,0,0,0,0
2020-02-22,Yolo,113,214977,1,0,0,0,0
2020-02-22,Yuba,115,75493,0,0,0,0,0
2020-02-21,Alameda,1,1643700,9,0,0,0,0
2020-02-21,Alpine,3,1148,0,0,0,0,0
2020-02-21,Amador,5,37829,0,0,0,0,0
2020-02-21,Butte,7,227075,0,0,0,0,0
2020-02-21,Calaveras,9,45235,0,0,0,0,0
2020-02-21,Colusa,11,21464,0,0,0,0,0
2020-02-21,Contra Costa,13,1133247,4,0,0,0,0
2020-02-21,Del Norte,15,27424,0,0,0,0,0
2020-02-21,El Dorado,17,186661,0,0,0,0,0
2020-02-21,Fresno,19,978130,0,0,0,0,0
2020-02-21,Glenn,21,27897,0,0,0,0,0
2020-02-21,Humboldt,23,135768,1,1,0,1,0
2020-02-21,Imperial,25,180216,2,0,0,0,0
2020-02-21,Inyo,27,18085,0,0,0,0,0
2020-02-21,Kern,29,883053,2,0,0,0,0
2020-02-21,Kings,31,150075,1,0,1,1,0
2020-02-21,Lake,33,64148,0,0,0,0,0
2020-02-21,Lassen,35,31185,0,0,0,0,0
2020-02-21,Los Angeles,37,10098052,65,1,12,13,0
2020-02-21,Madera,39,155013,0,0,0,0,0
2020-02-21,Marin,41,260295,1,0,0,0,0
2020-02-21,Mariposa,43,17540,0,0,0,0,0
2020-02-21,Mendocino,45,87422,0,0,0,0,0
2020-02-21,Merced,47,269075,0,0,0,0,0
2020-02-21,Modoc,49,8938,0,0,0,0,0
2020-02-21,Mono,51,14174,0,0,0,0,0
2020-02-21,Monterey,53,433212,0,0,0,0,0
2020-02-21,Napa,55,140530,0,0,0,0,0
2020-02-21,Nevada,57,99092,0,0,1,1,0
2020-02-21,Orange,59,3164182,44,1,0,1,0
2020-02-21,Placer,61,380077,2,0,0,0,0
2020-02-21,Plumas,63,18699,0,0,0,0,0
2020-02-21,Riverside,65,2383286,9,0,0,0,0
2020-02-21,Sacramento,67,1510023,5,1,0,1,0
2020-02-21,San Benito,69,59416,0,2,0,2,0
2020-02-21,San Bernardino,71,2135413,14,0,0,0,0
2020-02-21,San Diego,73,3302833,5,2,0,2,0
2020-02-21,San Francisco,75,870044,3,0,0,0,0
2020-02-21,San Joaquin,77,732212,2,0,1,1,0
2020-02-21,San Luis Obispo,79,281455,2,0,0,0,0
2020-02-21,San Mateo,81,765935,8,0,0,0,0
2020-02-21,Santa Barbara,83,443738,0,0,0,0,0
2020-02-21,Santa Clara,85,1922200,21,2,1,3,0
2020-02-21,Santa Cruz,87,273765,2,0,0,0,0
2020-02-21,Shasta,89,179085,0,0,0,0,0
2020-02-21,Sierra,91,2930,0,0,0,0,0
2020-02-21,Siskiyou,93,43540,0,0,0,0,0
2020-02-21,Solano,95,438530,10,11,0,11,0
2020-02-21,Sonoma,97,501317,3,0,0,0,0
2020-02-21,Stanislaus,99,539301,2,0,2,2,0
2020-02-21,Sutter,101,95872,0,0,0,0,0
2020-02-21,Tehama,103,63373,0,0,0,0,0
2020-02-21,Trinity,105,12862,0,0,0,0,0
2020-02-21,Tulare,107,460477,2,0,0,0,0
2020-02-21,Tuolumne,109,53932,0,0,0,0,0
2020-02-21,Ventura,111,848112,4,0,0,0,0
2020-02-21,Yolo,113,214977,1,0,0,0,0
2020-02-21,Yuba,115,75493,0,0,0,0,0
2020-02-20,Alameda,1,1643700,7,0,0,0,0
2020-02-20,Alpine,3,1148,0,0,0,0,0
2020-02-20,Amador,5,37829,0,0,0,0,0
2020-02-20,Butte,7,227075,0,0,0,0,0
2020-02-20,Calaveras,9,45235,0,0,0,0,0
2020-02-20,Colusa,11,21464,0,0,0,0,0
2020-02-20,Contra Costa,13,1133247,3,0,0,0,0
2020-02-20,Del Norte,15,27424,0,0,0,0,0
2020-02-20,El Dorado,17,186661,0,0,0,0,0
2020-02-20,Fresno,19,978130,0,0,0,0,0
2020-02-20,Glenn,21,27897,0,0,0,0,0
2020-02-20,Humboldt,23,135768,1,1,0,1,0
2020-02-20,Imperial,25,180216,2,0,0,0,0
2020-02-20,Inyo,27,18085,0,0,0,0,0
2020-02-20,Kern,29,883053,2,0,0,0,0
2020-02-20,Kings,31,150075,1,0,1,1,0
2020-02-20,Lake,33,64148,0,0,0,0,0
2020-02-20,Lassen,35,31185,0,0,0,0,0
2020-02-20,Los Angeles,37,10098052,63,1,10,11,0
2020-02-20,Madera,39,155013,0,0,0,0,0
2020-02-20,Marin,41,260295,0,0,0,0,0
2020-02-20,Mariposa,43,17540,0,0,0,0,0
2020-02-20,Mendocino,45,87422,0,0,0,0,0
2020-02-20,Merced,47,269075,0,0,0,0,0
2020-02-20,Modoc,49,8938,0,0,0,0,0
2020-02-20,Mono,51,14174,0,0,0,0,0
2020-02-20,Monterey,53,433212,0,0,0,0,0
2020-02-20,Napa,55,140530,0,0,0,0,0
2020-02-20,Nevada,57,99092,0,0,1,1,0
2020-02-20,Orange,59,3164182,44,1,0,1,0
2020-02-20,Placer,61,380077,2,0,0,0,0
2020-02-20,Plumas,63,18699,0,0,0,0,0
2020-02-20,Riverside,65,2383286,7,0,0,0,0
2020-02-20,Sacramento,67,1510023,2,1,0,1,0
2020-02-20,San Benito,69,59416,0,2,0,2,0
2020-02-20,San Bernardino,71,2135413,13,0,0,0,0
2020-02-20,San Diego,73,3302833,5,2,0,2,0
2020-02-20,San Francisco,75,870044,3,0,0,0,0
2020-02-20,San Joaquin,77,732212,2,0,1,1,0
2020-02-20,San Luis Obispo,79,281455,2,0,0,0,0
2020-02-20,San Mateo,81,765935,7,0,0,0,0
2020-02-20,Santa Barbara,83,443738,0,0,0,0,0
2020-02-20,Santa Clara,85,1922200,17,2,1,3,0
2020-02-20,Santa Cruz,87,273765,2,0,0,0,0
2020-02-20,Shasta,89,179085,0,0,0,0,0
2020-02-20,Sierra,91,2930,0,0,0,0,0
2020-02-20,Siskiyou,93,43540,0,0,0,0,0
2020-02-20,Solano,95,438530,8,7,0,7,0
2020-02-20,Sonoma,97,501317,2,0,0,0,0
2020-02-20,Stanislaus,99,539301,2,0,2,2,0
2020-02-20,Sutter,101,95872,0,0,0,0,0
2020-02-20,Tehama,103,63373,0,0,0,0,0
2020-02-20,Trinity,105,12862,0,0,0,0,0
2020-02-20,Tulare,107,460477,2,0,0,0,0
2020-02-20,Tuolumne,109,53932,0,0,0,0,0
2020-02-20,Ventura,111,848112,4,0,0,0,0
2020-02-20,Yolo,113,214977,1,0,0,0,0
2020-02-20,Yuba,115,75493,0,0,0,0,0
2020-02-19,Alameda,1,1643700,6,0,0,0,0
2020-02-19,Alpine,3,1148,0,0,0,0,0
2020-02-19,Amador,5,37829,0,0,0,0,0
2020-02-19,Butte,7,227075,0,0,0,0,0
2020-02-19,Calaveras,9,45235,0,0,0,0,0
2020-02-19,Colusa,11,21464,0,0,0,0,0
2020-02-19,Contra Costa,13,1133247,3,0,0,0,0
2020-02-19,Del Norte,15,27424,0,0,0,0,0
2020-02-19,El Dorado,17,186661,0,0,0,0,0
2020-02-19,Fresno,19,978130,0,0,0,0,0
2020-02-19,Glenn,21,27897,0,0,0,0,0
2020-02-19,Humboldt,23,135768,1,0,0,0,0
2020-02-19,Imperial,25,180216,2,0,0,0,0
2020-02-19,Inyo,27,18085,0,0,0,0,0
2020-02-19,Kern,29,883053,2,0,0,0,0
2020-02-19,Kings,31,150075,1,0,1,1,0
2020-02-19,Lake,33,64148,0,0,0,0,0
2020-02-19,Lassen,35,31185,0,0,0,0,0
2020-02-19,Los Angeles,37,10098052,57,1,10,11,0
2020-02-19,Madera,39,155013,0,0,0,0,0
2020-02-19,Marin,41,260295,0,0,0,0,0
2020-02-19,Mariposa,43,17540,0,0,0,0,0
2020-02-19,Mendocino,45,87422,0,0,0,0,0
2020-02-19,Merced,47,269075,0,0,0,0,0
2020-02-19,Modoc,49,8938,0,0,0,0,0
2020-02-19,Mono,51,14174,0,0,0,0,0
2020-02-19,Monterey,53,433212,0,0,0,0,0
2020-02-19,Napa,55,140530,0,0,0,0,0
2020-02-19,Nevada,57,99092,0,0,1,1,0
2020-02-19,Orange,59,3164182,43,1,0,1,0
2020-02-19,Placer,61,380077,2,0,0,0,0
2020-02-19,Plumas,63,18699,0,0,0,0,0
2020-02-19,Riverside,65,2383286,5,0,0,0,0
2020-02-19,Sacramento,67,1510023,2,0,0,0,0
2020-02-19,San Benito,69,59416,0,2,0,2,0
2020-02-19,San Bernardino,71,2135413,12,0,0,0,0
2020-02-19,San Diego,73,3302833,4,2,0,2,0
2020-02-19,San Francisco,75,870044,2,0,0,0,0
2020-02-19,San Joaquin,77,732212,2,0,1,1,0
2020-02-19,San Luis Obispo,79,281455,2,0,0,0,0
2020-02-19,San Mateo,81,765935,6,0,0,0,0
2020-02-19,Santa Barbara,83,443738,0,0,0,0,0
2020-02-19,Santa Clara,85,1922200,15,2,1,3,0
2020-02-19,Santa Cruz,87,273765,0,0,0,0,0
2020-02-19,Shasta,89,179085,0,0,0,0,0
2020-02-19,Sierra,91,2930,0,0,0,0,0
2020-02-19,Siskiyou,93,43540,0,0,0,0,0
2020-02-19,Solano,95,438530,5,7,0,7,0
2020-02-19,Sonoma,97,501317,2,0,0,0,0
2020-02-19,Stanislaus,99,539301,1,0,2,2,0
2020-02-19,Sutter,101,95872,0,0,0,0,0
2020-02-19,Tehama,103,63373,0,0,0,0,0
2020-02-19,Trinity,105,12862,0,0,0,0,0
2020-02-19,Tulare,107,460477,2,0,0,0,0
2020-02-19,Tuolumne,109,53932,0,0,0,0,0
2020-02-19,Ventura,111,848112,2,0,0,0,0
2020-02-19,Yolo,113,214977,1,0,0,0,0
2020-02-19,Yuba,115,75493,0,0,0,0,0
2020-02-18,Alameda,1,1643700,6,0,0,0,0
2020-02-18,Alpine,3,1148,0,0,0,0,0
2020-02-18,Amador,5,37829,0,0,0,0,0
2020-02-18,Butte,7,227075,0,0,0,0,0
2020-02-18,Calaveras,9,45235,0,0,0,0,0
2020-02-18,Colusa,11,21464,0,0,0,0,0
2020-02-18,Contra Costa,13,1133247,3,0,0,0,0
2020-02-18,Del Norte,15,27424,0,0,0,0,0
2020-02-18,El Dorado,17,186661,0,0,0,0,0
2020-02-18,Fresno,19,978130,0,0,0,0,0
2020-02-18,Glenn,21,27897,0,0,0,0,0
2020-02-18,Humboldt,23,135768,1,0,0,0,0
2020-02-18,Imperial,25,180216,1,0,0,0,0
2020-02-18,Inyo,27,18085,0,0,0,0,0
2020-02-18,Kern,29,883053,2,0,0,0,0
2020-02-18,Kings,31,150075,1,0,1,1,0
2020-02-18,Lake,33,64148,0,0,0,0,0
2020-02-18,Lassen,35,31185,0,0,0,0,0
2020-02-18,Los Angeles,37,10098052,54,1,9,10,0
2020-02-18,Madera,39,155013,0,0,0,0,0
2020-02-18,Marin,41,260295,0,0,0,0,0
2020-02-18,Mariposa,43,17540,0,0,0,0,0
2020-02-18,Mendocino,45,87422,0,0,0,0,0
2020-02-18,Merced,47,269075,0,0,0,0,0
2020-02-18,Modoc,49,8938,0,0,0,0,0
2020-02-18,Mono,51,14174,0,0,0,0,0
2020-02-18,Monterey,53,433212,0,0,0,0,0
2020-02-18,Napa,55,140530,0,0,0,0,0
2020-02-18,Nevada,57,99092,0,0,1,1,0
2020-02-18,Orange,59,3164182,42,1,0,1,0
2020-02-18,Placer,61,380077,0,0,0,0,0
2020-02-18,Plumas,63,18699,0,0,0,0,0
2020-02-18,Riverside,65,2383286,5,0,0,0,0
2020-02-18,Sacramento,67,1510023,2,0,0,0,0
2020-02-18,San Benito,69,59416,0,2,0,2,0
2020-02-18,San Bernardino,71,2135413,12,0,0,0,0
2020-02-18,San Diego,73,3302833,4,2,0,2,0
2020-02-18,San Francisco,75,870044,2,0,0,0,0
2020-02-18,San Joaquin,77,732212,1,0,1,1,0
2020-02-18,San Luis Obispo,79,281455,2,0,0,0,0
2020-02-18,San Mateo,81,765935,5,0,0,0,0
2020-02-18,Santa Barbara,83,443738,0,0,0,0,0
2020-02-18,Santa Clara,85,1922200,14,2,1,3,0
2020-02-18,Santa Cruz,87,273765,0,0,0,0,0
2020-02-18,Shasta,89,179085,0,0,0,0,0
2020-02-18,Sierra,91,2930,0,0,0,0,0
2020-02-18,Siskiyou,93,43540,0,0,0,0,0
2020-02-18,Solano,95,438530,5,7,0,7,0
2020-02-18,Sonoma,97,501317,1,0,0,0,0
2020-02-18,Stanislaus,99,539301,1,0,2,2,0
2020-02-18,Sutter,101,95872,0,0,0,0,0
2020-02-18,Tehama,103,63373,0,0,0,0,0
2020-02-18,Trinity,105,12862,0,0,0,0,0
2020-02-18,Tulare,107,460477,2,0,0,0,0
2020-02-18,Tuolumne,109,53932,0,0,0,0,0
2020-02-18,Ventura,111,848112,2,0,0,0,0
2020-02-18,Yolo,113,214977,1,0,0,0,0
2020-02-18,Yuba,115,75493,0,0,0,0,0
2020-02-17,Alameda,1,1643700,6,0,0,0,0
2020-02-17,Alpine,3,1148,0,0,0,0,0
2020-02-17,Amador,5,37829,0,0,0,0,0
2020-02-17,Butte,7,227075,0,0,0,0,0
2020-02-17,Calaveras,9,45235,0,0,0,0,0
2020-02-17,Colusa,11,21464,0,0,0,0,0
2020-02-17,Contra Costa,13,1133247,3,0,0,0,0
2020-02-17,Del Norte,15,27424,0,0,0,0,0
2020-02-17,El Dorado,17,186661,0,0,0,0,0
2020-02-17,Fresno,19,978130,0,0,0,0,0
2020-02-17,Glenn,21,27897,0,0,0,0,0
2020-02-17,Humboldt,23,135768,1,0,0,0,0
2020-02-17,Imperial,25,180216,1,0,0,0,0
2020-02-17,Inyo,27,18085,0,0,0,0,0
2020-02-17,Kern,29,883053,2,0,0,0,0
2020-02-17,Kings,31,150075,1,0,0,0,0
2020-02-17,Lake,33,64148,0,0,0,0,0
2020-02-17,Lassen,35,31185,0,0,0,0,0
2020-02-17,Los Angeles,37,10098052,51,1,8,9,0
2020-02-17,Madera,39,155013,0,0,0,0,0
2020-02-17,Marin,41,260295,0,0,0,0,0
2020-02-17,Mariposa,43,17540,0,0,0,0,0
2020-02-17,Mendocino,45,87422,0,0,0,0,0
2020-02-17,Merced,47,269075,0,0,0,0,0
2020-02-17,Modoc,49,8938,0,0,0,0,0
2020-02-17,Mono,51,14174,0,0,0,0,0
2020-02-17,Monterey,53,433212,0,0,0,0,0
2020-02-17,Napa,55,140530,0,0,0,0,0
2020-02-17,Nevada,57,99092,0,0,1,1,0
2020-02-17,Orange,59,3164182,42,1,0,1,0
2020-02-17,Placer,61,380077,0,0,0,0,0
2020-02-17,Plumas,63,18699,0,0,0,0,0
2020-02-17,Riverside,65,2383286,5,0,0,0,0
2020-02-17,Sacramento,67,1510023,2,0,0,0,0
2020-02-17,San Benito,69,59416,0,2,0,2,0
2020-02-17,San Bernardino,71,2135413,10,0,0,0,0
2020-02-17,San Diego,73,3302833,4,2,0,2,0
2020-02-17,San Francisco,75,870044,2,0,0,0,0
2020-02-17,San Joaquin,77,732212,1,0,1,1,0
2020-02-17,San Luis Obispo,79,281455,1,0,0,0,0
2020-02-17,San Mateo,81,765935,5,0,0,0,0
2020-02-17,Santa Barbara,83,443738,0,0,0,0,0
2020-02-17,Santa Clara,85,1922200,12,2,1,3,0
2020-02-17,Santa Cruz,87,273765,0,0,0,0,0
2020-02-17,Shasta,89,179085,0,0,0,0,0
2020-02-17,Sierra,91,2930,0,0,0,0,0
2020-02-17,Siskiyou,93,43540,0,0,0,0,0
2020-02-17,Solano,95,438530,3,5,0,5,0
2020-02-17,Sonoma,97,501317,1,0,0,0,0
2020-02-17,Stanislaus,99,539301,1,0,2,2,0
2020-02-17,Sutter,101,95872,0,0,0,0,0
2020-02-17,Tehama,103,63373,0,0,0,0,0
2020-02-17,Trinity,105,12862,0,0,0,0,0
2020-02-17,Tulare,107,460477,2,0,0,0,0
2020-02-17,Tuolumne,109,53932,0,0,0,0,0
2020-02-17,Ventura,111,848112,2,0,0,0,0
2020-02-17,Yolo,113,214977,1,0,0,0,0
2020-02-17,Yuba,115,75493,0,0,0,0,0
2020-02-16,Alameda,1,1643700,5,0,0,0,0
2020-02-16,Alpine,3,1148,0,0,0,0,0
2020-02-16,Amador,5,37829,0,0,0,0,0
2020-02-16,Butte,7,227075,0,0,0,0,0
2020-02-16,Calaveras,9,45235,0,0,0,0,0
2020-02-16,Colusa,11,21464,0,0,0,0,0
2020-02-16,Contra Costa,13,1133247,3,0,0,0,0
2020-02-16,Del Norte,15,27424,0,0,0,0,0
2020-02-16,El Dorado,17,186661,0,0,0,0,0
2020-02-16,Fresno,19,978130,0,0,0,0,0
2020-02-16,Glenn,21,27897,0,0,0,0,0
2020-02-16,Humboldt,23,135768,1,0,0,0,0
2020-02-16,Imperial,25,180216,1,0,0,0,0
2020-02-16,Inyo,27,18085,0,0,0,0,0
2020-02-16,Kern,29,883053,2,0,0,0,0
2020-02-16,Kings,31,150075,1,0,0,0,0
2020-02-16,Lake,33,64148,0,0,0,0,0
2020-02-16,Lassen,35,31185,0,0,0,0,0
2020-02-16,Los Angeles,37,10098052,44,1,8,9,0
2020-02-16,Madera,39,155013,0,0,0,0,0
2020-02-16,Marin,41,260295,0,0,0,0,0
2020-02-16,Mariposa,43,17540,0,0,0,0,0
2020-02-16,Mendocino,45,87422,0,0,0,0,0
2020-02-16,Merced,47,269075,0,0,0,0,0
2020-02-16,Modoc,49,8938,0,0,0,0,0
2020-02-16,Mono,51,14174,0,0,0,0,0
2020-02-16,Monterey,53,433212,0,0,0,0,0
2020-02-16,Napa,55,140530,0,0,0,0,0
2020-02-16,Nevada,57,99092,0,0,0,0,0
2020-02-16,Orange,59,3164182,41,1,0,1,0
2020-02-16,Placer,61,380077,0,0,0,0,0
2020-02-16,Plumas,63,18699,0,0,0,0,0
2020-02-16,Riverside,65,2383286,5,0,0,0,0
2020-02-16,Sacramento,67,1510023,2,0,0,0,0
2020-02-16,San Benito,69,59416,0,2,0,2,0
2020-02-16,San Bernardino,71,2135413,9,0,0,0,0
2020-02-16,San Diego,73,3302833,4,2,0,2,0
2020-02-16,San Francisco,75,870044,2,0,0,0,0
2020-02-16,San Joaquin,77,732212,1,0,1,1,0
2020-02-16,San Luis Obispo,79,281455,1,0,0,0,0
2020-02-16,San Mateo,81,765935,4,0,0,0,0
2020-02-16,Santa Barbara,83,443738,0,0,0,0,0
2020-02-16,Santa Clara,85,1922200,10,2,1,3,0
2020-02-16,Santa Cruz,87,273765,0,0,0,0,0
2020-02-16,Shasta,89,179085,0,0,0,0,0
2020-02-16,Sierra,91,2930,0,0,0,0,0
2020-02-16,Siskiyou,93,43540,0,0,0,0,0
2020-02-16,Solano,95,438530,1,0,0,0,0
2020-02-16,Sonoma,97,501317,1,0,0,0,0
2020-02-16,Stanislaus,99,539301,1,0,2,2,0
2020-02-16,Sutter,101,95872,0,0,0,0,0
2020-02-16,Tehama,103,63373,0,0,0,0,0
2020-02-16,Trinity,105,12862,0,0,0,0,0
2020-02-16,Tulare,107,460477,2,0,0,0,0
2020-02-16,Tuolumne,109,53932,0,0,0,0,0
2020-02-16,Ventura,111,848112,2,0,0,0,0
2020-02-16,Yolo,113,214977,1,0,0,0,0
2020-02-16,Yuba,115,75493,0,0,0,0,0
2020-02-15,Alameda,1,1643700,5,0,0,0,0
2020-02-15,Alpine,3,1148,0,0,0,0,0
2020-02-15,Amador,5,37829,0,0,0,0,0
2020-02-15,Butte,7,227075,0,0,0,0,0
2020-02-15,Calaveras,9,45235,0,0,0,0,0
2020-02-15,Colusa,11,21464,0,0,0,0,0
2020-02-15,Contra Costa,13,1133247,3,0,0,0,0
2020-02-15,Del Norte,15,27424,0,0,0,0,0
2020-02-15,El Dorado,17,186661,0,0,0,0,0
2020-02-15,Fresno,19,978130,0,0,0,0,0
2020-02-15,Glenn,21,27897,0,0,0,0,0
2020-02-15,Humboldt,23,135768,1,0,0,0,0
2020-02-15,Imperial,25,180216,1,0,0,0,0
2020-02-15,Inyo,27,18085,0,0,0,0,0
2020-02-15,Kern,29,883053,2,0,0,0,0
2020-02-15,Kings,31,150075,1,0,0,0,0
2020-02-15,Lake,33,64148,0,0,0,0,0
2020-02-15,Lassen,35,31185,0,0,0,0,0
2020-02-15,Los Angeles,37,10098052,41,1,8,9,0
2020-02-15,Madera,39,155013,0,0,0,0,0
2020-02-15,Marin,41,260295,0,0,0,0,0
2020-02-15,Mariposa,43,17540,0,0,0,0,0
2020-02-15,Mendocino,45,87422,0,0,0,0,0
2020-02-15,Merced,47,269075,0,0,0,0,0
2020-02-15,Modoc,49,8938,0,0,0,0,0
2020-02-15,Mono,51,14174,0,0,0,0,0
2020-02-15,Monterey,53,433212,0,0,0,0,0
2020-02-15,Napa,55,140530,0,0,0,0,0
2020-02-15,Nevada,57,99092,0,0,0,0,0
2020-02-15,Orange,59,3164182,40,1,0,1,0
2020-02-15,Placer,61,380077,0,0,0,0,0
2020-02-15,Plumas,63,18699,0,0,0,0,0
2020-02-15,Riverside,65,2383286,4,0,0,0,0
2020-02-15,Sacramento,67,1510023,2,0,0,0,0
2020-02-15,San Benito,69,59416,0,2,0,2,0
2020-02-15,San Bernardino,71,2135413,8,0,0,0,0
2020-02-15,San Diego,73,3302833,4,2,0,2,0
2020-02-15,San Francisco,75,870044,2,0,0,0,0
2020-02-15,San Joaquin,77,732212,1,0,1,1,0
2020-02-15,San Luis Obispo,79,281455,1,0,0,0,0
2020-02-15,San Mateo,81,765935,4,0,0,0,0
2020-02-15,Santa Barbara,83,443738,0,0,0,0,0
2020-02-15,Santa Clara,85,1922200,10,2,1,3,0
2020-02-15,Santa Cruz,87,273765,0,0,0,0,0
2020-02-15,Shasta,89,179085,0,0,0,0,0
2020-02-15,Sierra,91,2930,0,0,0,0,0
2020-02-15,Siskiyou,93,43540,0,0,0,0,0
2020-02-15,Solano,95,438530,1,0,0,0,0
2020-02-15,Sonoma,97,501317,0,0,0,0,0
2020-02-15,Stanislaus,99,539301,1,0,2,2,0
2020-02-15,Sutter,101,95872,0,0,0,0,0
2020-02-15,Tehama,103,63373,0,0,0,0,0
2020-02-15,Trinity,105,12862,0,0,0,0,0
2020-02-15,Tulare,107,460477,2,0,0,0,0
2020-02-15,Tuolumne,109,53932,0,0,0,0,0
2020-02-15,Ventura,111,848112,2,0,0,0,0
2020-02-15,Yolo,113,214977,1,0,0,0,0
2020-02-15,Yuba,115,75493,0,0,0,0,0
2020-02-14,Alameda,1,1643700,4,0,0,0,0
2020-02-14,Alpine,3,1148,0,0,0,0,0
2020-02-14,Amador,5,37829,0,0,0,0,0
2020-02-14,Butte,7,227075,0,0,0,0,0
2020-02-14,Calaveras,9,45235,0,0,0,0,0
2020-02-14,Colusa,11,21464,0,0,0,0,0
2020-02-14,Contra Costa,13,1133247,3,0,0,0,0
2020-02-14,Del Norte,15,27424,0,0,0,0,0
2020-02-14,El Dorado,17,186661,0,0,0,0,0
2020-02-14,Fresno,19,978130,0,0,0,0,0
2020-02-14,Glenn,21,27897,0,0,0,0,0
2020-02-14,Humboldt,23,135768,1,0,0,0,0
2020-02-14,Imperial,25,180216,1,0,0,0,0
2020-02-14,Inyo,27,18085,0,0,0,0,0
2020-02-14,Kern,29,883053,2,0,0,0,0
2020-02-14,Kings,31,150075,1,0,0,0,0
2020-02-14,Lake,33,64148,0,0,0,0,0
2020-02-14,Lassen,35,31185,0,0,0,0,0
2020-02-14,Los Angeles,37,10098052,36,1,8,9,0
2020-02-14,Madera,39,155013,0,0,0,0,0
2020-02-14,Marin,41,260295,0,0,0,0,0
2020-02-14,Mariposa,43,17540,0,0,0,0,0
2020-02-14,Mendocino,45,87422,0,0,0,0,0
2020-02-14,Merced,47,269075,0,0,0,0,0
2020-02-14,Modoc,49,8938,0,0,0,0,0
2020-02-14,Mono,51,14174,0,0,0,0,0
2020-02-14,Monterey,53,433212,0,0,0,0,0
2020-02-14,Napa,55,140530,0,0,0,0,0
2020-02-14,Nevada,57,99092,0,0,0,0,0
2020-02-14,Orange,59,3164182,40,1,0,1,0
2020-02-14,Placer,61,380077,0,0,0,0,0
2020-02-14,Plumas,63,18699,0,0,0,0,0
2020-02-14,Riverside,65,2383286,4,0,0,0,0
2020-02-14,Sacramento,67,1510023,1,0,0,0,0
2020-02-14,San Benito,69,59416,0,2,0,2,0
2020-02-14,San Bernardino,71,2135413,8,0,0,0,0
2020-02-14,San Diego,73,3302833,3,2,0,2,0
2020-02-14,San Francisco,75,870044,2,0,0,0,0
2020-02-14,San Joaquin,77,732212,1,0,1,1,0
2020-02-14,San Luis Obispo,79,281455,0,0,0,0,0
2020-02-14,San Mateo,81,765935,3,0,0,0,0
2020-02-14,Santa Barbara,83,443738,0,0,0,0,0
2020-02-14,Santa Clara,85,1922200,8,2,1,3,0
2020-02-14,Santa Cruz,87,273765,0,0,0,0,0
2020-02-14,Shasta,89,179085,0,0,0,0,0
2020-02-14,Sierra,91,2930,0,0,0,0,0
2020-02-14,Siskiyou,93,43540,0,0,0,0,0
2020-02-14,Solano,95,438530,1,0,0,0,0
2020-02-14,Sonoma,97,501317,0,0,0,0,0
2020-02-14,Stanislaus,99,539301,1,0,2,2,0
2020-02-14,Sutter,101,95872,0,0,0,0,0
2020-02-14,Tehama,103,63373,0,0,0,0,0
2020-02-14,Trinity,105,12862,0,0,0,0,0
2020-02-14,Tulare,107,460477,2,0,0,0,0
2020-02-14,Tuolumne,109,53932,0,0,0,0,0
2020-02-14,Ventura,111,848112,2,0,0,0,0
2020-02-14,Yolo,113,214977,1,0,0,0,0
2020-02-14,Yuba,115,75493,0,0,0,0,0
2020-02-13,Alameda,1,1643700,4,0,0,0,0
2020-02-13,Alpine,3,1148,0,0,0,0,0
2020-02-13,Amador,5,37829,0,0,0,0,0
2020-02-13,Butte,7,227075,0,0,0,0,0
2020-02-13,Calaveras,9,45235,0,0,0,0,0
2020-02-13,Colusa,11,21464,0,0,0,0,0
2020-02-13,Contra Costa,13,1133247,3,0,0,0,0
2020-02-13,Del Norte,15,27424,0,0,0,0,0
2020-02-13,El Dorado,17,186661,0,0,0,0,0
2020-02-13,Fresno,19,978130,0,0,0,0,0
2020-02-13,Glenn,21,27897,0,0,0,0,0
2020-02-13,Humboldt,23,135768,1,0,0,0,0
2020-02-13,Imperial,25,180216,1,0,0,0,0
2020-02-13,Inyo,27,18085,0,0,0,0,0
2020-02-13,Kern,29,883053,2,0,0,0,0
2020-02-13,Kings,31,150075,1,0,0,0,0
2020-02-13,Lake,33,64148,0,0,0,0,0
2020-02-13,Lassen,35,31185,0,0,0,0,0
2020-02-13,Los Angeles,37,10098052,31,1,7,8,0
2020-02-13,Madera,39,155013,0,0,0,0,0
2020-02-13,Marin,41,260295,0,0,0,0,0
2020-02-13,Mariposa,43,17540,0,0,0,0,0
2020-02-13,Mendocino,45,87422,0,0,0,0,0
2020-02-13,Merced,47,269075,0,0,0,0,0
2020-02-13,Modoc,49,8938,0,0,0,0,0
2020-02-13,Mono,51,14174,0,0,0,0,0
2020-02-13,Monterey,53,433212,0,0,0,0,0
2020-02-13,Napa,55,140530,0,0,0,0,0
2020-02-13,Nevada,57,99092,0,0,0,0,0
2020-02-13,Orange,59,3164182,39,1,0,1,0
2020-02-13,Placer,61,380077,0,0,0,0,0
2020-02-13,Plumas,63,18699,0,0,0,0,0
2020-02-13,Riverside,65,2383286,4,0,0,0,0
2020-02-13,Sacramento,67,1510023,1,0,0,0,0
2020-02-13,San Benito,69,59416,0,2,0,2,0
2020-02-13,San Bernardino,71,2135413,8,0,0,0,0
2020-02-13,San Diego,73,3302833,2,2,0,2,0
2020-02-13,San Francisco,75,870044,2,0,0,0,0
2020-02-13,San Joaquin,77,732212,1,0,1,1,0
2020-02-13,San Luis Obispo,79,281455,0,0,0,0,0
2020-02-13,San Mateo,81,765935,2,0,0,0,0
2020-02-13,Santa Barbara,83,443738,0,0,0,0,0
2020-02-13,Santa Clara,85,1922200,7,2,0,2,0
2020-02-13,Santa Cruz,87,273765,0,0,0,0,0
2020-02-13,Shasta,89,179085,0,0,0,0,0
2020-02-13,Sierra,91,2930,0,0,0,0,0
2020-02-13,Siskiyou,93,43540,0,0,0,0,0
2020-02-13,Solano,95,438530,0,0,0,0,0
2020-02-13,Sonoma,97,501317,0,0,0,0,0
2020-02-13,Stanislaus,99,539301,1,0,1,1,0
2020-02-13,Sutter,101,95872,0,0,0,0,0
2020-02-13,Tehama,103,63373,0,0,0,0,0
2020-02-13,Trinity,105,12862,0,0,0,0,0
2020-02-13,Tulare,107,460477,2,0,0,0,0
2020-02-13,Tuolumne,109,53932,0,0,0,0,0
2020-02-13,Ventura,111,848112,2,0,0,0,0
2020-02-13,Yolo,113,214977,1,0,0,0,0
2020-02-13,Yuba,115,75493,0,0,0,0,0
2020-02-12,Alameda,1,1643700,4,0,0,0,0
2020-02-12,Alpine,3,1148,0,0,0,0,0
2020-02-12,Amador,5,37829,0,0,0,0,0
2020-02-12,Butte,7,227075,0,0,0,0,0
2020-02-12,Calaveras,9,45235,0,0,0,0,0
2020-02-12,Colusa,11,21464,0,0,0,0,0
2020-02-12,Contra Costa,13,1133247,3,0,0,0,0
2020-02-12,Del Norte,15,27424,0,0,0,0,0
2020-02-12,El Dorado,17,186661,0,0,0,0,0
2020-02-12,Fresno,19,978130,0,0,0,0,0
2020-02-12,Glenn,21,27897,0,0,0,0,0
2020-02-12,Humboldt,23,135768,1,0,0,0,0
2020-02-12,Imperial,25,180216,1,0,0,0,0
2020-02-12,Inyo,27,18085,0,0,0,0,0
2020-02-12,Kern,29,883053,2,0,0,0,0
2020-02-12,Kings,31,150075,1,0,0,0,0
2020-02-12,Lake,33,64148,0,0,0,0,0
2020-02-12,Lassen,35,31185,0,0,0,0,0
2020-02-12,Los Angeles,37,10098052,29,1,7,8,0
2020-02-12,Madera,39,155013,0,0,0,0,0
2020-02-12,Marin,41,260295,0,0,0,0,0
2020-02-12,Mariposa,43,17540,0,0,0,0,0
2020-02-12,Mendocino,45,87422,0,0,0,0,0
2020-02-12,Merced,47,269075,0,0,0,0,0
2020-02-12,Modoc,49,8938,0,0,0,0,0
2020-02-12,Mono,51,14174,0,0,0,0,0
2020-02-12,Monterey,53,433212,0,0,0,0,0
2020-02-12,Napa,55,140530,0,0,0,0,0
2020-02-12,Nevada,57,99092,0,0,0,0,0
2020-02-12,Orange,59,3164182,39,1,0,1,0
2020-02-12,Placer,61,380077,0,0,0,0,0
2020-02-12,Plumas,63,18699,0,0,0,0,0
2020-02-12,Riverside,65,2383286,4,0,0,0,0
2020-02-12,Sacramento,67,1510023,1,0,0,0,0
2020-02-12,San Benito,69,59416,0,2,0,2,0
2020-02-12,San Bernardino,71,2135413,8,0,0,0,0
2020-02-12,San Diego,73,3302833,2,2,0,2,0
2020-02-12,San Francisco,75,870044,2,0,0,0,0
2020-02-12,San Joaquin,77,732212,1,0,1,1,0
2020-02-12,San Luis Obispo,79,281455,0,0,0,0,0
2020-02-12,San Mateo,81,765935,2,0,0,0,0
2020-02-12,Santa Barbara,83,443738,0,0,0,0,0
2020-02-12,Santa Clara,85,1922200,6,2,0,2,0
2020-02-12,Santa Cruz,87,273765,0,0,0,0,0
2020-02-12,Shasta,89,179085,0,0,0,0,0
2020-02-12,Sierra,91,2930,0,0,0,0,0
2020-02-12,Siskiyou,93,43540,0,0,0,0,0
2020-02-12,Solano,95,438530,0,0,0,0,0
2020-02-12,Sonoma,97,501317,0,0,0,0,0
2020-02-12,Stanislaus,99,539301,1,0,1,1,0
2020-02-12,Sutter,101,95872,0,0,0,0,0
2020-02-12,Tehama,103,63373,0,0,0,0,0
2020-02-12,Trinity,105,12862,0,0,0,0,0
2020-02-12,Tulare,107,460477,2,0,0,0,0
2020-02-12,Tuolumne,109,53932,0,0,0,0,0
2020-02-12,Ventura,111,848112,2,0,0,0,0
2020-02-12,Yolo,113,214977,1,0,0,0,0
2020-02-12,Yuba,115,75493,0,0,0,0,0
2020-02-11,Alameda,1,1643700,4,0,0,0,0
2020-02-11,Alpine,3,1148,0,0,0,0,0
2020-02-11,Amador,5,37829,0,0,0,0,0
2020-02-11,Butte,7,227075,0,0,0,0,0
2020-02-11,Calaveras,9,45235,0,0,0,0,0
2020-02-11,Colusa,11,21464,0,0,0,0,0
2020-02-11,Contra Costa,13,1133247,3,0,0,0,0
2020-02-11,Del Norte,15,27424,0,0,0,0,0
2020-02-11,El Dorado,17,186661,0,0,0,0,0
2020-02-11,Fresno,19,978130,0,0,0,0,0
2020-02-11,Glenn,21,27897,0,0,0,0,0
2020-02-11,Humboldt,23,135768,1,0,0,0,0
2020-02-11,Imperial,25,180216,1,0,0,0,0
2020-02-11,Inyo,27,18085,0,0,0,0,0
2020-02-11,Kern,29,883053,2,0,0,0,0
2020-02-11,Kings,31,150075,1,0,0,0,0
2020-02-11,Lake,33,64148,0,0,0,0,0
2020-02-11,Lassen,35,31185,0,0,0,0,0
2020-02-11,Los Angeles,37,10098052,28,1,6,7,0
2020-02-11,Madera,39,155013,0,0,0,0,0
2020-02-11,Marin,41,260295,0,0,0,0,0
2020-02-11,Mariposa,43,17540,0,0,0,0,0
2020-02-11,Mendocino,45,87422,0,0,0,0,0
2020-02-11,Merced,47,269075,0,0,0,0,0
2020-02-11,Modoc,49,8938,0,0,0,0,0
2020-02-11,Mono,51,14174,0,0,0,0,0
2020-02-11,Monterey,53,433212,0,0,0,0,0
2020-02-11,Napa,55,140530,0,0,0,0,0
2020-02-11,Nevada,57,99092,0,0,0,0,0
2020-02-11,Orange,59,3164182,38,1,0,1,0
2020-02-11,Placer,61,380077,0,0,0,0,0
2020-02-11,Plumas,63,18699,0,0,0,0,0
2020-02-11,Riverside,65,2383286,4,0,0,0,0
2020-02-11,Sacramento,67,1510023,1,0,0,0,0
2020-02-11,San Benito,69,59416,0,2,0,2,0
2020-02-11,San Bernardino,71,2135413,8,0,0,0,0
2020-02-11,San Diego,73,3302833,2,1,0,1,0
2020-02-11,San Francisco,75,870044,2,0,0,0,0
2020-02-11,San Joaquin,77,732212,0,0,1,1,0
2020-02-11,San Luis Obispo,79,281455,0,0,0,0,0
2020-02-11,San Mateo,81,765935,2,0,0,0,0
2020-02-11,Santa Barbara,83,443738,0,0,0,0,0
2020-02-11,Santa Clara,85,1922200,5,2,0,2,0
2020-02-11,Santa Cruz,87,273765,0,0,0,0,0
2020-02-11,Shasta,89,179085,0,0,0,0,0
2020-02-11,Sierra,91,2930,0,0,0,0,0
2020-02-11,Siskiyou,93,43540,0,0,0,0,0
2020-02-11,Solano,95,438530,0,0,0,0,0
2020-02-11,Sonoma,97,501317,0,0,0,0,0
2020-02-11,Stanislaus,99,539301,1,0,1,1,0
2020-02-11,Sutter,101,95872,0,0,0,0,0
2020-02-11,Tehama,103,63373,0,0,0,0,0
2020-02-11,Trinity,105,12862,0,0,0,0,0
2020-02-11,Tulare,107,460477,2,0,0,0,0
2020-02-11,Tuolumne,109,53932,0,0,0,0,0
2020-02-11,Ventura,111,848112,2,0,0,0,0
2020-02-11,Yolo,113,214977,1,0,0,0,0
2020-02-11,Yuba,115,75493,0,0,0,0,0
2020-02-10,Alameda,1,1643700,4,0,0,0,0
2020-02-10,Alpine,3,1148,0,0,0,0,0
2020-02-10,Amador,5,37829,0,0,0,0,0
2020-02-10,Butte,7,227075,0,0,0,0,0
2020-02-10,Calaveras,9,45235,0,0,0,0,0
2020-02-10,Colusa,11,21464,0,0,0,0,0
2020-02-10,Contra Costa,13,1133247,3,0,0,0,0
2020-02-10,Del Norte,15,27424,0,0,0,0,0
2020-02-10,El Dorado,17,186661,0,0,0,0,0
2020-02-10,Fresno,19,978130,0,0,0,0,0
2020-02-10,Glenn,21,27897,0,0,0,0,0
2020-02-10,Humboldt,23,135768,0,0,0,0,0
2020-02-10,Imperial,25,180216,1,0,0,0,0
2020-02-10,Inyo,27,18085,0,0,0,0,0
2020-02-10,Kern,29,883053,2,0,0,0,0
2020-02-10,Kings,31,150075,1,0,0,0,0
2020-02-10,Lake,33,64148,0,0,0,0,0
2020-02-10,Lassen,35,31185,0,0,0,0,0
2020-02-10,Los Angeles,37,10098052,26,1,6,7,0
2020-02-10,Madera,39,155013,0,0,0,0,0
2020-02-10,Marin,41,260295,0,0,0,0,0
2020-02-10,Mariposa,43,17540,0,0,0,0,0
2020-02-10,Mendocino,45,87422,0,0,0,0,0
2020-02-10,Merced,47,269075,0,0,0,0,0
2020-02-10,Modoc,49,8938,0,0,0,0,0
2020-02-10,Mono,51,14174,0,0,0,0,0
2020-02-10,Monterey,53,433212,0,0,0,0,0
2020-02-10,Napa,55,140530,0,0,0,0,0
2020-02-10,Nevada,57,99092,0,0,0,0,0
2020-02-10,Orange,59,3164182,38,1,0,1,0
2020-02-10,Placer,61,380077,0,0,0,0,0
2020-02-10,Plumas,63,18699,0,0,0,0,0
2020-02-10,Riverside,65,2383286,4,0,0,0,0
2020-02-10,Sacramento,67,1510023,1,0,0,0,0
2020-02-10,San Benito,69,59416,0,2,0,2,0
2020-02-10,San Bernardino,71,2135413,7,0,0,0,0
2020-02-10,San Diego,73,3302833,2,0,0,0,0
2020-02-10,San Francisco,75,870044,2,0,0,0,0
2020-02-10,San Joaquin,77,732212,0,0,1,1,0
2020-02-10,San Luis Obispo,79,281455,0,0,0,0,0
2020-02-10,San Mateo,81,765935,2,0,0,0,0
2020-02-10,Santa Barbara,83,443738,0,0,0,0,0
2020-02-10,Santa Clara,85,1922200,5,2,0,2,0
2020-02-10,Santa Cruz,87,273765,0,0,0,0,0
2020-02-10,Shasta,89,179085,0,0,0,0,0
2020-02-10,Sierra,91,2930,0,0,0,0,0
2020-02-10,Siskiyou,93,43540,0,0,0,0,0
2020-02-10,Solano,95,438530,0,0,0,0,0
2020-02-10,Sonoma,97,501317,0,0,0,0,0
2020-02-10,Stanislaus,99,539301,1,0,0,0,0
2020-02-10,Sutter,101,95872,0,0,0,0,0
2020-02-10,Tehama,103,63373,0,0,0,0,0
2020-02-10,Trinity,105,12862,0,0,0,0,0
2020-02-10,Tulare,107,460477,2,0,0,0,0
2020-02-10,Tuolumne,109,53932,0,0,0,0,0
2020-02-10,Ventura,111,848112,2,0,0,0,0
2020-02-10,Yolo,113,214977,1,0,0,0,0
2020-02-10,Yuba,115,75493,0,0,0,0,0
2020-02-09,Alameda,1,1643700,4,0,0,0,0
2020-02-09,Alpine,3,1148,0,0,0,0,0
2020-02-09,Amador,5,37829,0,0,0,0,0
2020-02-09,Butte,7,227075,0,0,0,0,0
2020-02-09,Calaveras,9,45235,0,0,0,0,0
2020-02-09,Colusa,11,21464,0,0,0,0,0
2020-02-09,Contra Costa,13,1133247,3,0,0,0,0
2020-02-09,Del Norte,15,27424,0,0,0,0,0
2020-02-09,El Dorado,17,186661,0,0,0,0,0
2020-02-09,Fresno,19,978130,0,0,0,0,0
2020-02-09,Glenn,21,27897,0,0,0,0,0
2020-02-09,Humboldt,23,135768,0,0,0,0,0
2020-02-09,Imperial,25,180216,1,0,0,0,0
2020-02-09,Inyo,27,18085,0,0,0,0,0
2020-02-09,Kern,29,883053,2,0,0,0,0
2020-02-09,Kings,31,150075,1,0,0,0,0
2020-02-09,Lake,33,64148,0,0,0,0,0
2020-02-09,Lassen,35,31185,0,0,0,0,0
2020-02-09,Los Angeles,37,10098052,24,1,6,7,0
2020-02-09,Madera,39,155013,0,0,0,0,0
2020-02-09,Marin,41,260295,0,0,0,0,0
2020-02-09,Mariposa,43,17540,0,0,0,0,0
2020-02-09,Mendocino,45,87422,0,0,0,0,0
2020-02-09,Merced,47,269075,0,0,0,0,0
2020-02-09,Modoc,49,8938,0,0,0,0,0
2020-02-09,Mono,51,14174,0,0,0,0,0
2020-02-09,Monterey,53,433212,0,0,0,0,0
2020-02-09,Napa,55,140530,0,0,0,0,0
2020-02-09,Nevada,57,99092,0,0,0,0,0
2020-02-09,Orange,59,3164182,37,1,0,1,0
2020-02-09,Placer,61,380077,0,0,0,0,0
2020-02-09,Plumas,63,18699,0,0,0,0,0
2020-02-09,Riverside,65,2383286,4,0,0,0,0
2020-02-09,Sacramento,67,1510023,0,0,0,0,0
2020-02-09,San Benito,69,59416,0,2,0,2,0
2020-02-09,San Bernardino,71,2135413,7,0,0,0,0
2020-02-09,San Diego,73,3302833,2,0,0,0,0
2020-02-09,San Francisco,75,870044,1,0,0,0,0
2020-02-09,San Joaquin,77,732212,0,0,1,1,0
2020-02-09,San Luis Obispo,79,281455,0,0,0,0,0
2020-02-09,San Mateo,81,765935,2,0,0,0,0
2020-02-09,Santa Barbara,83,443738,0,0,0,0,0
2020-02-09,Santa Clara,85,1922200,4,2,0,2,0
2020-02-09,Santa Cruz,87,273765,0,0,0,0,0
2020-02-09,Shasta,89,179085,0,0,0,0,0
2020-02-09,Sierra,91,2930,0,0,0,0,0
2020-02-09,Siskiyou,93,43540,0,0,0,0,0
2020-02-09,Solano,95,438530,0,0,0,0,0
2020-02-09,Sonoma,97,501317,0,0,0,0,0
2020-02-09,Stanislaus,99,539301,0,0,0,0,0
2020-02-09,Sutter,101,95872,0,0,0,0,0
2020-02-09,Tehama,103,63373,0,0,0,0,0
2020-02-09,Trinity,105,12862,0,0,0,0,0
2020-02-09,Tulare,107,460477,2,0,0,0,0
2020-02-09,Tuolumne,109,53932,0,0,0,0,0
2020-02-09,Ventura,111,848112,1,0,0,0,0
2020-02-09,Yolo,113,214977,1,0,0,0,0
2020-02-09,Yuba,115,75493,0,0,0,0,0
2020-02-08,Alameda,1,1643700,3,0,0,0,0
2020-02-08,Alpine,3,1148,0,0,0,0,0
2020-02-08,Amador,5,37829,0,0,0,0,0
2020-02-08,Butte,7,227075,0,0,0,0,0
2020-02-08,Calaveras,9,45235,0,0,0,0,0
2020-02-08,Colusa,11,21464,0,0,0,0,0
2020-02-08,Contra Costa,13,1133247,2,0,0,0,0
2020-02-08,Del Norte,15,27424,0,0,0,0,0
2020-02-08,El Dorado,17,186661,0,0,0,0,0
2020-02-08,Fresno,19,978130,0,0,0,0,0
2020-02-08,Glenn,21,27897,0,0,0,0,0
2020-02-08,Humboldt,23,135768,0,0,0,0,0
2020-02-08,Imperial,25,180216,1,0,0,0,0
2020-02-08,Inyo,27,18085,0,0,0,0,0
2020-02-08,Kern,29,883053,2,0,0,0,0
2020-02-08,Kings,31,150075,1,0,0,0,0
2020-02-08,Lake,33,64148,0,0,0,0,0
2020-02-08,Lassen,35,31185,0,0,0,0,0
2020-02-08,Los Angeles,37,10098052,21,1,3,4,0
2020-02-08,Madera,39,155013,0,0,0,0,0
2020-02-08,Marin,41,260295,0,0,0,0,0
2020-02-08,Mariposa,43,17540,0,0,0,0,0
2020-02-08,Mendocino,45,87422,0,0,0,0,0
2020-02-08,Merced,47,269075,0,0,0,0,0
2020-02-08,Modoc,49,8938,0,0,0,0,0
2020-02-08,Mono,51,14174,0,0,0,0,0
2020-02-08,Monterey,53,433212,0,0,0,0,0
2020-02-08,Napa,55,140530,0,0,0,0,0
2020-02-08,Nevada,57,99092,0,0,0,0,0
2020-02-08,Orange,59,3164182,37,1,0,1,0
2020-02-08,Placer,61,380077,0,0,0,0,0
2020-02-08,Plumas,63,18699,0,0,0,0,0
2020-02-08,Riverside,65,2383286,4,0,0,0,0
2020-02-08,Sacramento,67,1510023,0,0,0,0,0
2020-02-08,San Benito,69,59416,0,2,0,2,0
2020-02-08,San Bernardino,71,2135413,7,0,0,0,0
2020-02-08,San Diego,73,3302833,1,0,0,0,0
2020-02-08,San Francisco,75,870044,1,0,0,0,0
2020-02-08,San Joaquin,77,732212,0,0,1,1,0
2020-02-08,San Luis Obispo,79,281455,0,0,0,0,0
2020-02-08,San Mateo,81,765935,2,0,0,0,0
2020-02-08,Santa Barbara,83,443738,0,0,0,0,0
2020-02-08,Santa Clara,85,1922200,4,2,0,2,0
2020-02-08,Santa Cruz,87,273765,0,0,0,0,0
2020-02-08,Shasta,89,179085,0,0,0,0,0
2020-02-08,Sierra,91,2930,0,0,0,0,0
2020-02-08,Siskiyou,93,43540,0,0,0,0,0
2020-02-08,Solano,95,438530,0,0,0,0,0
2020-02-08,Sonoma,97,501317,0,0,0,0,0
2020-02-08,Stanislaus,99,539301,0,0,0,0,0
2020-02-08,Sutter,101,95872,0,0,0,0,0
2020-02-08,Tehama,103,63373,0,0,0,0,0
2020-02-08,Trinity,105,12862,0,0,0,0,0
2020-02-08,Tulare,107,460477,2,0,0,0,0
2020-02-08,Tuolumne,109,53932,0,0,0,0,0
2020-02-08,Ventura,111,848112,1,0,0,0,0
2020-02-08,Yolo,113,214977,1,0,0,0,0
2020-02-08,Yuba,115,75493,0,0,0,0,0
2020-02-07,Alameda,1,1643700,3,0,0,0,0
2020-02-07,Alpine,3,1148,0,0,0,0,0
2020-02-07,Amador,5,37829,0,0,0,0,0
2020-02-07,Butte,7,227075,0,0,0,0,0
2020-02-07,Calaveras,9,45235,0,0,0,0,0
2020-02-07,Colusa,11,21464,0,0,0,0,0
2020-02-07,Contra Costa,13,1133247,2,0,0,0,0
2020-02-07,Del Norte,15,27424,0,0,0,0,0
2020-02-07,El Dorado,17,186661,0,0,0,0,0
2020-02-07,Fresno,19,978130,0,0,0,0,0
2020-02-07,Glenn,21,27897,0,0,0,0,0
2020-02-07,Humboldt,23,135768,0,0,0,0,0
2020-02-07,Imperial,25,180216,1,0,0,0,0
2020-02-07,Inyo,27,18085,0,0,0,0,0
2020-02-07,Kern,29,883053,2,0,0,0,0
2020-02-07,Kings,31,150075,1,0,0,0,0
2020-02-07,Lake,33,64148,0,0,0,0,0
2020-02-07,Lassen,35,31185,0,0,0,0,0
2020-02-07,Los Angeles,37,10098052,20,1,2,3,0
2020-02-07,Madera,39,155013,0,0,0,0,0
2020-02-07,Marin,41,260295,0,0,0,0,0
2020-02-07,Mariposa,43,17540,0,0,0,0,0
2020-02-07,Mendocino,45,87422,0,0,0,0,0
2020-02-07,Merced,47,269075,0,0,0,0,0
2020-02-07,Modoc,49,8938,0,0,0,0,0
2020-02-07,Mono,51,14174,0,0,0,0,0
2020-02-07,Monterey,53,433212,0,0,0,0,0
2020-02-07,Napa,55,140530,0,0,0,0,0
2020-02-07,Nevada,57,99092,0,0,0,0,0
2020-02-07,Orange,59,3164182,35,1,0,1,0
2020-02-07,Placer,61,380077,0,0,0,0,0
2020-02-07,Plumas,63,18699,0,0,0,0,0
2020-02-07,Riverside,65,2383286,4,0,0,0,0
2020-02-07,Sacramento,67,1510023,0,0,0,0,0
2020-02-07,San Benito,69,59416,0,2,0,2,0
2020-02-07,San Bernardino,71,2135413,4,0,0,0,0
2020-02-07,San Diego,73,3302833,1,0,0,0,0
2020-02-07,San Francisco,75,870044,1,0,0,0,0
2020-02-07,San Joaquin,77,732212,0,0,1,1,0
2020-02-07,San Luis Obispo,79,281455,0,0,0,0,0
2020-02-07,San Mateo,81,765935,1,0,0,0,0
2020-02-07,Santa Barbara,83,443738,0,0,0,0,0
2020-02-07,Santa Clara,85,1922200,4,2,0,2,0
2020-02-07,Santa Cruz,87,273765,0,0,0,0,0
2020-02-07,Shasta,89,179085,0,0,0,0,0
2020-02-07,Sierra,91,2930,0,0,0,0,0
2020-02-07,Siskiyou,93,43540,0,0,0,0,0
2020-02-07,Solano,95,438530,0,0,0,0,0
2020-02-07,Sonoma,97,501317,0,0,0,0,0
2020-02-07,Stanislaus,99,539301,0,0,0,0,0
2020-02-07,Sutter,101,95872,0,0,0,0,0
2020-02-07,Tehama,103,63373,0,0,0,0,0
2020-02-07,Trinity,105,12862,0,0,0,0,0
2020-02-07,Tulare,107,460477,2,0,0,0,0
2020-02-07,Tuolumne,109,53932,0,0,0,0,0
2020-02-07,Ventura,111,848112,1,0,0,0,0
2020-02-07,Yolo,113,214977,1,0,0,0,0
2020-02-07,Yuba,115,75493,0,0,0,0,0
2020-02-06,Alameda,1,1643700,3,0,0,0,0
2020-02-06,Alpine,3,1148,0,0,0,0,0
2020-02-06,Amador,5,37829,0,0,0,0,0
2020-02-06,Butte,7,227075,0,0,0,0,0
2020-02-06,Calaveras,9,45235,0,0,0,0,0
2020-02-06,Colusa,11,21464,0,0,0,0,0
2020-02-06,Contra Costa,13,1133247,2,0,0,0,0
2020-02-06,Del Norte,15,27424,0,0,0,0,0
2020-02-06,El Dorado,17,186661,0,0,0,0,0
2020-02-06,Fresno,19,978130,0,0,0,0,0
2020-02-06,Glenn,21,27897,0,0,0,0,0
2020-02-06,Humboldt,23,135768,0,0,0,0,0
2020-02-06,Imperial,25,180216,1,0,0,0,0
2020-02-06,Inyo,27,18085,0,0,0,0,0
2020-02-06,Kern,29,883053,2,0,0,0,0
2020-02-06,Kings,31,150075,0,0,0,0,0
2020-02-06,Lake,33,64148,0,0,0,0,0
2020-02-06,Lassen,35,31185,0,0,0,0,0
2020-02-06,Los Angeles,37,10098052,18,1,2,3,0
2020-02-06,Madera,39,155013,0,0,0,0,0
2020-02-06,Marin,41,260295,0,0,0,0,0
2020-02-06,Mariposa,43,17540,0,0,0,0,0
2020-02-06,Mendocino,45,87422,0,0,0,0,0
2020-02-06,Merced,47,269075,0,0,0,0,0
2020-02-06,Modoc,49,8938,0,0,0,0,0
2020-02-06,Mono,51,14174,0,0,0,0,0
2020-02-06,Monterey,53,433212,0,0,0,0,0
2020-02-06,Napa,55,140530,0,0,0,0,0
2020-02-06,Nevada,57,99092,0,0,0,0,0
2020-02-06,Orange,59,3164182,5,1,0,1,0
2020-02-06,Placer,61,380077,0,0,0,0,0
2020-02-06,Plumas,63,18699,0,0,0,0,0
2020-02-06,Riverside,65,2383286,4,0,0,0,0
2020-02-06,Sacramento,67,1510023,0,0,0,0,0
2020-02-06,San Benito,69,59416,0,2,0,2,0
2020-02-06,San Bernardino,71,2135413,4,0,0,0,0
2020-02-06,San Diego,73,3302833,1,0,0,0,0
2020-02-06,San Francisco,75,870044,1,0,0,0,0
2020-02-06,San Joaquin,77,732212,0,0,1,1,0
2020-02-06,San Luis Obispo,79,281455,0,0,0,0,0
2020-02-06,San Mateo,81,765935,1,0,0,0,0
2020-02-06,Santa Barbara,83,443738,0,0,0,0,0
2020-02-06,Santa Clara,85,1922200,4,2,0,2,0
2020-02-06,Santa Cruz,87,273765,0,0,0,0,0
2020-02-06,Shasta,89,179085,0,0,0,0,0
2020-02-06,Sierra,91,2930,0,0,0,0,0
2020-02-06,Siskiyou,93,43540,0,0,0,0,0
2020-02-06,Solano,95,438530,0,0,0,0,0
2020-02-06,Sonoma,97,501317,0,0,0,0,0
2020-02-06,Stanislaus,99,539301,0,0,0,0,0
2020-02-06,Sutter,101,95872,0,0,0,0,0
2020-02-06,Tehama,103,63373,0,0,0,0,0
2020-02-06,Trinity,105,12862,0,0,0,0,0
2020-02-06,Tulare,107,460477,2,0,0,0,0
2020-02-06,Tuolumne,109,53932,0,0,0,0,0
2020-02-06,Ventura,111,848112,1,0,0,0,0
2020-02-06,Yolo,113,214977,1,0,0,0,0
2020-02-06,Yuba,115,75493,0,0,0,0,0
2020-02-05,Alameda,1,1643700,3,0,0,0,0
2020-02-05,Alpine,3,1148,0,0,0,0,0
2020-02-05,Amador,5,37829,0,0,0,0,0
2020-02-05,Butte,7,227075,0,0,0,0,0
2020-02-05,Calaveras,9,45235,0,0,0,0,0
2020-02-05,Colusa,11,21464,0,0,0,0,0
2020-02-05,Contra Costa,13,1133247,2,0,0,0,0
2020-02-05,Del Norte,15,27424,0,0,0,0,0
2020-02-05,El Dorado,17,186661,0,0,0,0,0
2020-02-05,Fresno,19,978130,0,0,0,0,0
2020-02-05,Glenn,21,27897,0,0,0,0,0
2020-02-05,Humboldt,23,135768,0,0,0,0,0
2020-02-05,Imperial,25,180216,1,0,0,0,0
2020-02-05,Inyo,27,18085,0,0,0,0,0
2020-02-05,Kern,29,883053,1,0,0,0,0
2020-02-05,Kings,31,150075,0,0,0,0,0
2020-02-05,Lake,33,64148,0,0,0,0,0
2020-02-05,Lassen,35,31185,0,0,0,0,0
2020-02-05,Los Angeles,37,10098052,18,1,1,2,0
2020-02-05,Madera,39,155013,0,0,0,0,0
2020-02-05,Marin,41,260295,0,0,0,0,0
2020-02-05,Mariposa,43,17540,0,0,0,0,0
2020-02-05,Mendocino,45,87422,0,0,0,0,0
2020-02-05,Merced,47,269075,0,0,0,0,0
2020-02-05,Modoc,49,8938,0,0,0,0,0
2020-02-05,Mono,51,14174,0,0,0,0,0
2020-02-05,Monterey,53,433212,0,0,0,0,0
2020-02-05,Napa,55,140530,0,0,0,0,0
2020-02-05,Nevada,57,99092,0,0,0,0,0
2020-02-05,Orange,59,3164182,4,1,0,1,0
2020-02-05,Placer,61,380077,0,0,0,0,0
2020-02-05,Plumas,63,18699,0,0,0,0,0
2020-02-05,Riverside,65,2383286,4,0,0,0,0
2020-02-05,Sacramento,67,1510023,0,0,0,0,0
2020-02-05,San Benito,69,59416,0,2,0,2,0
2020-02-05,San Bernardino,71,2135413,4,0,0,0,0
2020-02-05,San Diego,73,3302833,0,0,0,0,0
2020-02-05,San Francisco,75,870044,1,0,0,0,0
2020-02-05,San Joaquin,77,732212,0,0,1,1,0
2020-02-05,San Luis Obispo,79,281455,0,0,0,0,0
2020-02-05,San Mateo,81,765935,1,0,0,0,0
2020-02-05,Santa Barbara,83,443738,0,0,0,0,0
2020-02-05,Santa Clara,85,1922200,2,2,0,2,0
2020-02-05,Santa Cruz,87,273765,0,0,0,0,0
2020-02-05,Shasta,89,179085,0,0,0,0,0
2020-02-05,Sierra,91,2930,0,0,0,0,0
2020-02-05,Siskiyou,93,43540,0,0,0,0,0
2020-02-05,Solano,95,438530,0,0,0,0,0
2020-02-05,Sonoma,97,501317,0,0,0,0,0
2020-02-05,Stanislaus,99,539301,0,0,0,0,0
2020-02-05,Sutter,101,95872,0,0,0,0,0
2020-02-05,Tehama,103,63373,0,0,0,0,0
2020-02-05,Trinity,105,12862,0,0,0,0,0
2020-02-05,Tulare,107,460477,2,0,0,0,0
2020-02-05,Tuolumne,109,53932,0,0,0,0,0
2020-02-05,Ventura,111,848112,0,0,0,0,0
2020-02-05,Yolo,113,214977,1,0,0,0,0
2020-02-05,Yuba,115,75493,0,0,0,0,0
2020-02-04,Alameda,1,1643700,3,0,0,0,0
2020-02-04,Alpine,3,1148,0,0,0,0,0
2020-02-04,Amador,5,37829,0,0,0,0,0
2020-02-04,Butte,7,227075,0,0,0,0,0
2020-02-04,Calaveras,9,45235,0,0,0,0,0
2020-02-04,Colusa,11,21464,0,0,0,0,0
2020-02-04,Contra Costa,13,1133247,2,0,0,0,0
2020-02-04,Del Norte,15,27424,0,0,0,0,0
2020-02-04,El Dorado,17,186661,0,0,0,0,0
2020-02-04,Fresno,19,978130,0,0,0,0,0
2020-02-04,Glenn,21,27897,0,0,0,0,0
2020-02-04,Humboldt,23,135768,0,0,0,0,0
2020-02-04,Imperial,25,180216,1,0,0,0,0
2020-02-04,Inyo,27,18085,0,0,0,0,0
2020-02-04,Kern,29,883053,0,0,0,0,0
2020-02-04,Kings,31,150075,0,0,0,0,0
2020-02-04,Lake,33,64148,0,0,0,0,0
2020-02-04,Lassen,35,31185,0,0,0,0,0
2020-02-04,Los Angeles,37,10098052,17,1,1,2,0
2020-02-04,Madera,39,155013,0,0,0,0,0
2020-02-04,Marin,41,260295,0,0,0,0,0
2020-02-04,Mariposa,43,17540,0,0,0,0,0
2020-02-04,Mendocino,45,87422,0,0,0,0,0
2020-02-04,Merced,47,269075,0,0,0,0,0
2020-02-04,Modoc,49,8938,0,0,0,0,0
2020-02-04,Mono,51,14174,0,0,0,0,0
2020-02-04,Monterey,53,433212,0,0,0,0,0
2020-02-04,Napa,55,140530,0,0,0,0,0
2020-02-04,Nevada,57,99092,0,0,0,0,0
2020-02-04,Orange,59,3164182,4,1,0,1,0
2020-02-04,Placer,61,380077,0,0,0,0,0
2020-02-04,Plumas,63,18699,0,0,0,0,0
2020-02-04,Riverside,65,2383286,4,0,0,0,0
2020-02-04,Sacramento,67,1510023,0,0,0,0,0
2020-02-04,San Benito,69,59416,0,2,0,2,0
2020-02-04,San Bernardino,71,2135413,3,0,0,0,0
2020-02-04,San Diego,73,3302833,0,0,0,0,0
2020-02-04,San Francisco,75,870044,1,0,0,0,0
2020-02-04,San Joaquin,77,732212,0,0,1,1,0
2020-02-04,San Luis Obispo,79,281455,0,0,0,0,0
2020-02-04,San Mateo,81,765935,0,0,0,0,0
2020-02-04,Santa Barbara,83,443738,0,0,0,0,0
2020-02-04,Santa Clara,85,1922200,2,2,0,2,0
2020-02-04,Santa Cruz,87,273765,0,0,0,0,0
2020-02-04,Shasta,89,179085,0,0,0,0,0
2020-02-04,Sierra,91,2930,0,0,0,0,0
2020-02-04,Siskiyou,93,43540,0,0,0,0,0
2020-02-04,Solano,95,438530,0,0,0,0,0
2020-02-04,Sonoma,97,501317,0,0,0,0,0
2020-02-04,Stanislaus,99,539301,0,0,0,0,0
2020-02-04,Sutter,101,95872,0,0,0,0,0
2020-02-04,Tehama,103,63373,0,0,0,0,0
2020-02-04,Trinity,105,12862,0,0,0,0,0
2020-02-04,Tulare,107,460477,2,0,0,0,0
2020-02-04,Tuolumne,109,53932,0,0,0,0,0
2020-02-04,Ventura,111,848112,0,0,0,0,0
2020-02-04,Yolo,113,214977,1,0,0,0,0
2020-02-04,Yuba,115,75493,0,0,0,0,0
2020-02-03,Alameda,1,1643700,3,0,0,0,0
2020-02-03,Alpine,3,1148,0,0,0,0,0
2020-02-03,Amador,5,37829,0,0,0,0,0
2020-02-03,Butte,7,227075,0,0,0,0,0
2020-02-03,Calaveras,9,45235,0,0,0,0,0
2020-02-03,Colusa,11,21464,0,0,0,0,0
2020-02-03,Contra Costa,13,1133247,2,0,0,0,0
2020-02-03,Del Norte,15,27424,0,0,0,0,0
2020-02-03,El Dorado,17,186661,0,0,0,0,0
2020-02-03,Fresno,19,978130,0,0,0,0,0
2020-02-03,Glenn,21,27897,0,0,0,0,0
2020-02-03,Humboldt,23,135768,0,0,0,0,0
2020-02-03,Imperial,25,180216,1,0,0,0,0
2020-02-03,Inyo,27,18085,0,0,0,0,0
2020-02-03,Kern,29,883053,0,0,0,0,0
2020-02-03,Kings,31,150075,0,0,0,0,0
2020-02-03,Lake,33,64148,0,0,0,0,0
2020-02-03,Lassen,35,31185,0,0,0,0,0
2020-02-03,Los Angeles,37,10098052,17,1,0,1,0
2020-02-03,Madera,39,155013,0,0,0,0,0
2020-02-03,Marin,41,260295,0,0,0,0,0
2020-02-03,Mariposa,43,17540,0,0,0,0,0
2020-02-03,Mendocino,45,87422,0,0,0,0,0
2020-02-03,Merced,47,269075,0,0,0,0,0
2020-02-03,Modoc,49,8938,0,0,0,0,0
2020-02-03,Mono,51,14174,0,0,0,0,0
2020-02-03,Monterey,53,433212,0,0,0,0,0
2020-02-03,Napa,55,140530,0,0,0,0,0
2020-02-03,Nevada,57,99092,0,0,0,0,0
2020-02-03,Orange,59,3164182,3,1,0,1,0
2020-02-03,Placer,61,380077,0,0,0,0,0
2020-02-03,Plumas,63,18699,0,0,0,0,0
2020-02-03,Riverside,65,2383286,4,0,0,0,0
2020-02-03,Sacramento,67,1510023,0,0,0,0,0
2020-02-03,San Benito,69,59416,0,2,0,2,0
2020-02-03,San Bernardino,71,2135413,3,0,0,0,0
2020-02-03,San Diego,73,3302833,0,0,0,0,0
2020-02-03,San Francisco,75,870044,1,0,0,0,0
2020-02-03,San Joaquin,77,732212,0,0,1,1,0
2020-02-03,San Luis Obispo,79,281455,0,0,0,0,0
2020-02-03,San Mateo,81,765935,0,0,0,0,0
2020-02-03,Santa Barbara,83,443738,0,0,0,0,0
2020-02-03,Santa Clara,85,1922200,2,2,0,2,0
2020-02-03,Santa Cruz,87,273765,0,0,0,0,0
2020-02-03,Shasta,89,179085,0,0,0,0,0
2020-02-03,Sierra,91,2930,0,0,0,0,0
2020-02-03,Siskiyou,93,43540,0,0,0,0,0
2020-02-03,Solano,95,438530,0,0,0,0,0
2020-02-03,Sonoma,97,501317,0,0,0,0,0
2020-02-03,Stanislaus,99,539301,0,0,0,0,0
2020-02-03,Sutter,101,95872,0,0,0,0,0
2020-02-03,Tehama,103,63373,0,0,0,0,0
2020-02-03,Trinity,105,12862,0,0,0,0,0
2020-02-03,Tulare,107,460477,2,0,0,0,0
2020-02-03,Tuolumne,109,53932,0,0,0,0,0
2020-02-03,Ventura,111,848112,0,0,0,0,0
2020-02-03,Yolo,113,214977,1,0,0,0,0
2020-02-03,Yuba,115,75493,0,0,0,0,0
2020-02-02,Alameda,1,1643700,3,0,0,0,0
2020-02-02,Alpine,3,1148,0,0,0,0,0
2020-02-02,Amador,5,37829,0,0,0,0,0
2020-02-02,Butte,7,227075,0,0,0,0,0
2020-02-02,Calaveras,9,45235,0,0,0,0,0
2020-02-02,Colusa,11,21464,0,0,0,0,0
2020-02-02,Contra Costa,13,1133247,1,0,0,0,0
2020-02-02,Del Norte,15,27424,0,0,0,0,0
2020-02-02,El Dorado,17,186661,0,0,0,0,0
2020-02-02,Fresno,19,978130,0,0,0,0,0
2020-02-02,Glenn,21,27897,0,0,0,0,0
2020-02-02,Humboldt,23,135768,0,0,0,0,0
2020-02-02,Imperial,25,180216,1,0,0,0,0
2020-02-02,Inyo,27,18085,0,0,0,0,0
2020-02-02,Kern,29,883053,0,0,0,0,0
2020-02-02,Kings,31,150075,0,0,0,0,0
2020-02-02,Lake,33,64148,0,0,0,0,0
2020-02-02,Lassen,35,31185,0,0,0,0,0
2020-02-02,Los Angeles,37,10098052,15,1,0,1,0
2020-02-02,Madera,39,155013,0,0,0,0,0
2020-02-02,Marin,41,260295,0,0,0,0,0
2020-02-02,Mariposa,43,17540,0,0,0,0,0
2020-02-02,Mendocino,45,87422,0,0,0,0,0
2020-02-02,Merced,47,269075,0,0,0,0,0
2020-02-02,Modoc,49,8938,0,0,0,0,0
2020-02-02,Mono,51,14174,0,0,0,0,0
2020-02-02,Monterey,53,433212,0,0,0,0,0
2020-02-02,Napa,55,140530,0,0,0,0,0
2020-02-02,Nevada,57,99092,0,0,0,0,0
2020-02-02,Orange,59,3164182,3,1,0,1,0
2020-02-02,Placer,61,380077,0,0,0,0,0
2020-02-02,Plumas,63,18699,0,0,0,0,0
2020-02-02,Riverside,65,2383286,3,0,0,0,0
2020-02-02,Sacramento,67,1510023,0,0,0,0,0
2020-02-02,San Benito,69,59416,0,2,0,2,0
2020-02-02,San Bernardino,71,2135413,2,0,0,0,0
2020-02-02,San Diego,73,3302833,0,0,0,0,0
2020-02-02,San Francisco,75,870044,1,0,0,0,0
2020-02-02,San Joaquin,77,732212,0,0,1,1,0
2020-02-02,San Luis Obispo,79,281455,0,0,0,0,0
2020-02-02,San Mateo,81,765935,0,0,0,0,0
2020-02-02,Santa Barbara,83,443738,0,0,0,0,0
2020-02-02,Santa Clara,85,1922200,2,2,0,2,0
2020-02-02,Santa Cruz,87,273765,0,0,0,0,0
2020-02-02,Shasta,89,179085,0,0,0,0,0
2020-02-02,Sierra,91,2930,0,0,0,0,0
2020-02-02,Siskiyou,93,43540,0,0,0,0,0
2020-02-02,Solano,95,438530,0,0,0,0,0
2020-02-02,Sonoma,97,501317,0,0,0,0,0
2020-02-02,Stanislaus,99,539301,0,0,0,0,0
2020-02-02,Sutter,101,95872,0,0,0,0,0
2020-02-02,Tehama,103,63373,0,0,0,0,0
2020-02-02,Trinity,105,12862,0,0,0,0,0
2020-02-02,Tulare,107,460477,2,0,0,0,0
2020-02-02,Tuolumne,109,53932,0,0,0,0,0
2020-02-02,Ventura,111,848112,0,0,0,0,0
2020-02-02,Yolo,113,214977,1,0,0,0,0
2020-02-02,Yuba,115,75493,0,0,0,0,0
2020-02-01,Alameda,1,1643700,3,0,0,0,0
2020-02-01,Alpine,3,1148,0,0,0,0,0
2020-02-01,Amador,5,37829,0,0,0,0,0
2020-02-01,Butte,7,227075,0,0,0,0,0
2020-02-01,Calaveras,9,45235,0,0,0,0,0
2020-02-01,Colusa,11,21464,0,0,0,0,0
2020-02-01,Contra Costa,13,1133247,0,0,0,0,0
2020-02-01,Del Norte,15,27424,0,0,0,0,0
2020-02-01,El Dorado,17,186661,0,0,0,0,0
2020-02-01,Fresno,19,978130,0,0,0,0,0
2020-02-01,Glenn,21,27897,0,0,0,0,0
2020-02-01,Humboldt,23,135768,0,0,0,0,0
2020-02-01,Imperial,25,180216,0,0,0,0,0
2020-02-01,Inyo,27,18085,0,0,0,0,0
2020-02-01,Kern,29,883053,0,0,0,0,0
2020-02-01,Kings,31,150075,0,0,0,0,0
2020-02-01,Lake,33,64148,0,0,0,0,0
2020-02-01,Lassen,35,31185,0,0,0,0,0
2020-02-01,Los Angeles,37,10098052,14,1,0,1,0
2020-02-01,Madera,39,155013,0,0,0,0,0
2020-02-01,Marin,41,260295,0,0,0,0,0
2020-02-01,Mariposa,43,17540,0,0,0,0,0
2020-02-01,Mendocino,45,87422,0,0,0,0,0
2020-02-01,Merced,47,269075,0,0,0,0,0
2020-02-01,Modoc,49,8938,0,0,0,0,0
2020-02-01,Mono,51,14174,0,0,0,0,0
2020-02-01,Monterey,53,433212,0,0,0,0,0
2020-02-01,Napa,55,140530,0,0,0,0,0
2020-02-01,Nevada,57,99092,0,0,0,0,0
2020-02-01,Orange,59,3164182,3,1,0,1,0
2020-02-01,Placer,61,380077,0,0,0,0,0
2020-02-01,Plumas,63,18699,0,0,0,0,0
2020-02-01,Riverside,65,2383286,2,0,0,0,0
2020-02-01,Sacramento,67,1510023,0,0,0,0,0
2020-02-01,San Benito,69,59416,0,0,0,0,0
2020-02-01,San Bernardino,71,2135413,1,0,0,0,0
2020-02-01,San Diego,73,3302833,0,0,0,0,0
2020-02-01,San Francisco,75,870044,1,0,0,0,0
2020-02-01,San Joaquin,77,732212,0,0,1,1,0
2020-02-01,San Luis Obispo,79,281455,0,0,0,0,0
2020-02-01,San Mateo,81,765935,0,0,0,0,0
2020-02-01,Santa Barbara,83,443738,0,0,0,0,0
2020-02-01,Santa Clara,85,1922200,2,1,0,1,0
2020-02-01,Santa Cruz,87,273765,0,0,0,0,0
2020-02-01,Shasta,89,179085,0,0,0,0,0
2020-02-01,Sierra,91,2930,0,0,0,0,0
2020-02-01,Siskiyou,93,43540,0,0,0,0,0
2020-02-01,Solano,95,438530,0,0,0,0,0
2020-02-01,Sonoma,97,501317,0,0,0,0,0
2020-02-01,Stanislaus,99,539301,0,0,0,0,0
2020-02-01,Sutter,101,95872,0,0,0,0,0
2020-02-01,Tehama,103,63373,0,0,0,0,0
2020-02-01,Trinity,105,12862,0,0,0,0,0
2020-02-01,Tulare,107,460477,1,0,0,0,0
2020-02-01,Tuolumne,109,53932,0,0,0,0,0
2020-02-01,Ventura,111,848112,0,0,0,0,0
2020-02-01,Yolo,113,214977,0,0,0,0,0
2020-02-01,Yuba,115,75493,0,0,0,0,0
