date,county,fips,population,confirmed_cases,reported_cases,probable_cases,reported_and_probable_cases,reported_deaths
2022-04-25,Alameda,001,1643700,260906,260871,14416,275287,1843
2022-04-25,Alpine,003,1148,124,124,1,125,0
2022-04-25,Amador,005,37829,8556,8518,656,9174,86
2022-04-25,Butte,007,227075,33125,33118,6701,39819,411
2022-04-25,Calaveras,009,45235,7308,7307,359,7666,119
2022-04-25,Colusa,011,21464,3456,3457,1080,4537,21
2022-04-25,Contra Costa,013,1133247,191473,191412,13528,204940,1300
2022-04-25,Del Norte,015,27424,5835,5833,198,6031,50
2022-04-25,El Dorado,017,186661,26899,26898,3225,30123,209
2022-04-25,Fresno,019,978130,231962,231951,23636,255587,2744
2022-04-25,Glenn,021,27897,4992,4993,1581,6574,48
2022-04-25,Humboldt,023,135768,17139,17138,3001,20139,145
2022-04-25,Imperial,025,180216,55482,55480,11442,66922,910
2022-04-25,Inyo,027,18085,4081,4080,505,4585,56
2022-04-25,Kern,029,883053,192220,192157,46385,238542,2271
2022-04-25,Kings,031,150075,51626,51617,3626,55243,444
2022-04-25,Lake,033,64148,10735,10732,906,11638,135
2022-04-25,Lassen,035,31185,8966,8965,889,9854,65
2022-04-25,Los Angeles,037,10098052,2731719,2731988,126295,2858283,31691
2022-04-25,Madera,039,155013,37364,37339,6096,43435,354
2022-04-25,Marin,041,260295,34350,34354,2637,36991,288
2022-04-25,Mariposa,043,17540,2428,2427,204,2631,30
2022-04-25,Mendocino,045,87422,13185,13188,3066,16254,123
2022-04-25,Merced,047,269075,62335,62315,8729,71044,815
2022-04-25,Modoc,049,8938,745,745,253,998,8
2022-04-25,Mono,051,14174,2989,2989,127,3116,6
2022-04-25,Monterey,053,433212,79790,79695,14013,93708,729
2022-04-25,Napa,055,140530,26214,26210,1004,27214,143
2022-04-25,Nevada,057,99092,16074,16080,1221,17301,127
2022-04-25,Orange,059,3164182,550873,550859,42007,592866,6991
2022-04-25,Placer,061,380077,63163,63154,7453,70607,623
2022-04-25,Plumas,063,18699,2933,2934,365,3299,13
2022-04-25,Riverside,065,2383286,593428,593397,28313,621710,6453
2022-04-25,Sacramento,067,1510023,281823,281802,27318,309120,3001
2022-04-25,San Benito,069,59416,12988,12989,522,13511,98
2022-04-25,San Bernardino,071,2135413,568004,568018,24959,592977,7105
2022-04-25,San Diego,073,3302833,759874,759873,52530,812403,5236
2022-04-25,San Francisco,075,870044,129260,129284,8529,137813,857
2022-04-25,San Joaquin,077,732212,166879,166848,9509,176357,2225
2022-04-25,San Luis Obispo,079,281455,52900,52911,3836,56747,476
2022-04-25,San Mateo,081,765935,125023,125018,7223,132241,702
2022-04-25,Santa Barbara,083,443738,86575,86557,4884,91441,685
2022-04-25,Santa Clara,085,1922200,319097,319077,12697,331774,2282
2022-04-25,Santa Cruz,087,273765,48510,48500,2187,50687,262
2022-04-25,Shasta,089,179085,30636,30633,6169,36802,554
2022-04-25,Sierra,091,2930,276,276,48,324,4
2022-04-25,Siskiyou,093,43540,4455,4455,2767,7222,81
2022-04-25,Solano,095,438530,82228,82220,5591,87811,448
2022-04-25,Sonoma,097,501317,84983,84983,2699,87682,487
2022-04-25,Stanislaus,099,539301,117825,117841,17422,135263,1643
2022-04-25,Sutter,101,95872,20623,20627,2166,22793,224
2022-04-25,Tehama,103,63373,12069,12073,2632,14705,201
2022-04-25,Trinity,105,12862,1179,1179,295,1474,20
2022-04-25,Tulare,107,460477,106611,106580,28756,135336,1453
2022-04-25,Tuolumne,109,53932,12682,12684,568,13252,181
2022-04-25,Ventura,111,848112,174429,174425,9338,183763,1480
2022-04-25,Yolo,113,214977,37085,37096,3232,40328,314
2022-04-25,Yuba,115,75493,15901,15902,1226,17128,121
2022-04-24,Alameda,001,1643700,260906,259619,14416,274035,1837
2022-04-24,Alpine,003,1148,124,124,1,125,0
2022-04-24,Amador,005,37829,8556,8509,656,9165,86
2022-04-24,Butte,007,227075,33125,33105,6701,39806,411
2022-04-24,Calaveras,009,45235,7308,7296,359,7655,119
2022-04-24,Colusa,011,21464,3456,3453,1080,4533,21
2022-04-24,Contra Costa,013,1133247,191473,190611,13528,204139,1298
2022-04-24,Del Norte,015,27424,5835,5827,198,6025,50
2022-04-24,El Dorado,017,186661,26899,26837,3225,30062,209
2022-04-24,Fresno,019,978130,231962,231751,23636,255387,2744
2022-04-24,Glenn,021,27897,4992,4989,1581,6570,48
2022-04-24,Humboldt,023,135768,17139,17033,3001,20034,145
2022-04-24,Imperial,025,180216,55482,55434,11442,66876,910
2022-04-24,Inyo,027,18085,4081,4079,505,4584,56
2022-04-24,Kern,029,883053,192220,192012,46385,238397,2267
2022-04-24,Kings,031,150075,51626,51588,3626,55214,444
2022-04-24,Lake,033,64148,10735,10720,906,11626,134
2022-04-24,Lassen,035,31185,8966,8966,889,9855,65
2022-04-24,Los Angeles,037,10098052,2731719,2725630,126295,2851925,31667
2022-04-24,Madera,039,155013,37364,37333,6096,43429,354
2022-04-24,Marin,041,260295,34350,34150,2637,36787,288
2022-04-24,Mariposa,043,17540,2428,2422,204,2626,30
2022-04-24,Mendocino,045,87422,13185,13158,3066,16224,122
2022-04-24,Merced,047,269075,62335,62286,8729,71015,815
2022-04-24,Modoc,049,8938,745,745,253,998,8
2022-04-24,Mono,051,14174,2989,2986,127,3113,6
2022-04-24,Monterey,053,433212,79790,79560,14013,93573,729
2022-04-24,Napa,055,140530,26214,26093,1004,27097,143
2022-04-24,Nevada,057,99092,16074,16052,1221,17273,127
2022-04-24,Orange,059,3164182,550873,549765,42007,591772,6989
2022-04-24,Placer,061,380077,63163,63037,7453,70490,622
2022-04-24,Plumas,063,18699,2933,2934,365,3299,13
2022-04-24,Riverside,065,2383286,593428,592683,28313,620996,6450
2022-04-24,Sacramento,067,1510023,281823,280551,27318,307869,2993
2022-04-24,San Benito,069,59416,12988,12966,522,13488,98
2022-04-24,San Bernardino,071,2135413,568004,566806,24959,591765,7047
2022-04-24,San Diego,073,3302833,759874,758311,52530,810841,5233
2022-04-24,San Francisco,075,870044,129260,128323,8529,136852,857
2022-04-24,San Joaquin,077,732212,166879,166626,9509,176135,2224
2022-04-24,San Luis Obispo,079,281455,52900,52826,3836,56662,476
2022-04-24,San Mateo,081,765935,125023,124106,7223,131329,703
2022-04-24,Santa Barbara,083,443738,86575,86376,4884,91260,685
2022-04-24,Santa Clara,085,1922200,319097,317487,12697,330184,2277
2022-04-24,Santa Cruz,087,273765,48510,48255,2187,50442,261
2022-04-24,Shasta,089,179085,30636,30607,6169,36776,557
2022-04-24,Sierra,091,2930,276,276,48,324,4
2022-04-24,Siskiyou,093,43540,4455,4453,2767,7220,81
2022-04-24,Solano,095,438530,82228,81982,5591,87573,448
2022-04-24,Sonoma,097,501317,84983,84581,2699,87280,486
2022-04-24,Stanislaus,099,539301,117825,117737,17422,135159,1632
2022-04-24,Sutter,101,95872,20623,20605,2166,22771,224
2022-04-24,Tehama,103,63373,12069,12064,2632,14696,201
2022-04-24,Trinity,105,12862,1179,1177,295,1472,20
2022-04-24,Tulare,107,460477,106611,106354,28756,135110,1446
2022-04-24,Tuolumne,109,53932,12682,12664,568,13232,181
2022-04-24,Ventura,111,848112,174429,174091,9338,183429,1479
2022-04-24,Yolo,113,214977,37085,36990,3232,40222,314
2022-04-24,Yuba,115,75493,15901,15888,1226,17114,121
2022-04-23,Alameda,001,1643700,260881,259619,14416,274035,1837
2022-04-23,Alpine,003,1148,124,124,1,125,0
2022-04-23,Amador,005,37829,8555,8509,656,9165,86
2022-04-23,Butte,007,227075,33125,33105,6701,39806,411
2022-04-23,Calaveras,009,45235,7308,7296,359,7655,119
2022-04-23,Colusa,011,21464,3456,3453,1080,4533,21
2022-04-23,Contra Costa,013,1133247,191463,190611,13528,204139,1298
2022-04-23,Del Norte,015,27424,5835,5827,198,6025,50
2022-04-23,El Dorado,017,186661,26894,26837,3225,30062,209
2022-04-23,Fresno,019,978130,231957,231751,23636,255387,2744
2022-04-23,Glenn,021,27897,4992,4989,1581,6570,48
2022-04-23,Humboldt,023,135768,17138,17033,3001,20034,145
2022-04-23,Imperial,025,180216,55480,55434,11442,66876,910
2022-04-23,Inyo,027,18085,4081,4079,505,4584,56
2022-04-23,Kern,029,883053,192220,192012,46385,238397,2267
2022-04-23,Kings,031,150075,51622,51588,3626,55214,444
2022-04-23,Lake,033,64148,10735,10720,906,11626,134
2022-04-23,Lassen,035,31185,8966,8966,889,9855,65
2022-04-23,Los Angeles,037,10098052,2731710,2725630,126295,2851925,31667
2022-04-23,Madera,039,155013,37363,37333,6096,43429,354
2022-04-23,Marin,041,260295,34342,34150,2637,36787,288
2022-04-23,Mariposa,043,17540,2428,2422,204,2626,30
2022-04-23,Mendocino,045,87422,13184,13158,3066,16224,122
2022-04-23,Merced,047,269075,62334,62286,8729,71015,815
2022-04-23,Modoc,049,8938,745,745,253,998,8
2022-04-23,Mono,051,14174,2989,2986,127,3113,6
2022-04-23,Monterey,053,433212,79786,79560,14013,93573,729
2022-04-23,Napa,055,140530,26212,26093,1004,27097,143
2022-04-23,Nevada,057,99092,16074,16052,1221,17273,127
2022-04-23,Orange,059,3164182,550847,549765,42007,591772,6989
2022-04-23,Placer,061,380077,63156,63037,7453,70490,622
2022-04-23,Plumas,063,18699,2933,2934,365,3299,13
2022-04-23,Riverside,065,2383286,593424,592683,28313,620996,6450
2022-04-23,Sacramento,067,1510023,281818,280551,27318,307869,2993
2022-04-23,San Benito,069,59416,12988,12966,522,13488,98
2022-04-23,San Bernardino,071,2135413,568000,566806,24959,591765,7047
2022-04-23,San Diego,073,3302833,759830,758311,52530,810841,5233
2022-04-23,San Francisco,075,870044,129233,128323,8529,136852,857
2022-04-23,San Joaquin,077,732212,166873,166626,9509,176135,2224
2022-04-23,San Luis Obispo,079,281455,52895,52826,3836,56662,476
2022-04-23,San Mateo,081,765935,125001,124106,7223,131329,703
2022-04-23,Santa Barbara,083,443738,86567,86376,4884,91260,685
2022-04-23,Santa Clara,085,1922200,319069,317487,12697,330184,2277
2022-04-23,Santa Cruz,087,273765,48509,48255,2187,50442,261
2022-04-23,Shasta,089,179085,30636,30607,6169,36776,557
2022-04-23,Sierra,091,2930,276,276,48,324,4
2022-04-23,Siskiyou,093,43540,4455,4453,2767,7220,81
2022-04-23,Solano,095,438530,82226,81982,5591,87573,448
2022-04-23,Sonoma,097,501317,84973,84581,2699,87280,486
2022-04-23,Stanislaus,099,539301,117814,117737,17422,135159,1632
2022-04-23,Sutter,101,95872,20619,20605,2166,22771,224
2022-04-23,Tehama,103,63373,12069,12064,2632,14696,201
2022-04-23,Trinity,105,12862,1179,1177,295,1472,20
2022-04-23,Tulare,107,460477,106608,106354,28756,135110,1446
2022-04-23,Tuolumne,109,53932,12682,12664,568,13232,181
2022-04-23,Ventura,111,848112,174417,174091,9338,183429,1479
2022-04-23,Yolo,113,214977,37085,36990,3232,40222,314
2022-04-23,Yuba,115,75493,15899,15888,1226,17114,121
2022-04-22,Alameda,001,1643700,260766,259619,14416,274035,1837
2022-04-22,Alpine,003,1148,124,124,1,125,0
2022-04-22,Amador,005,37829,8555,8509,656,9165,86
2022-04-22,Butte,007,227075,33124,33105,6701,39806,411
2022-04-22,Calaveras,009,45235,7308,7296,359,7655,119
2022-04-22,Colusa,011,21464,3456,3453,1080,4533,21
2022-04-22,Contra Costa,013,1133247,191402,190611,13528,204139,1298
2022-04-22,Del Norte,015,27424,5835,5827,198,6025,50
2022-04-22,El Dorado,017,186661,26890,26837,3225,30062,209
2022-04-22,Fresno,019,978130,231940,231751,23636,255387,2744
2022-04-22,Glenn,021,27897,4991,4989,1581,6570,48
2022-04-22,Humboldt,023,135768,17134,17033,3001,20034,145
2022-04-22,Imperial,025,180216,55478,55434,11442,66876,910
2022-04-22,Inyo,027,18085,4081,4079,505,4584,56
2022-04-22,Kern,029,883053,192214,192012,46385,238397,2267
2022-04-22,Kings,031,150075,51620,51588,3626,55214,444
2022-04-22,Lake,033,64148,10734,10720,906,11626,134
2022-04-22,Lassen,035,31185,8966,8966,889,9855,65
2022-04-22,Los Angeles,037,10098052,2731359,2725630,126295,2851925,31667
2022-04-22,Madera,039,155013,37361,37333,6096,43429,354
2022-04-22,Marin,041,260295,34322,34150,2637,36787,288
2022-04-22,Mariposa,043,17540,2427,2422,204,2626,30
2022-04-22,Mendocino,045,87422,13178,13158,3066,16224,122
2022-04-22,Merced,047,269075,62331,62286,8729,71015,815
2022-04-22,Modoc,049,8938,745,745,253,998,8
2022-04-22,Mono,051,14174,2989,2986,127,3113,6
2022-04-22,Monterey,053,433212,79778,79560,14013,93573,729
2022-04-22,Napa,055,140530,26205,26093,1004,27097,143
2022-04-22,Nevada,057,99092,16073,16052,1221,17273,127
2022-04-22,Orange,059,3164182,550754,549765,42007,591772,6989
2022-04-22,Placer,061,380077,63146,63037,7453,70490,622
2022-04-22,Plumas,063,18699,2933,2934,365,3299,13
2022-04-22,Riverside,065,2383286,593359,592683,28313,620996,6450
2022-04-22,Sacramento,067,1510023,281780,280551,27318,307869,2993
2022-04-22,San Benito,069,59416,12983,12966,522,13488,98
2022-04-22,San Bernardino,071,2135413,567960,566806,24959,591765,7047
2022-04-22,San Diego,073,3302833,759632,758311,52530,810841,5233
2022-04-22,San Francisco,075,870044,129140,128323,8529,136852,857
2022-04-22,San Joaquin,077,732212,166854,166626,9509,176135,2224
2022-04-22,San Luis Obispo,079,281455,52893,52826,3836,56662,476
2022-04-22,San Mateo,081,765935,124939,124106,7223,131329,703
2022-04-22,Santa Barbara,083,443738,86543,86376,4884,91260,685
2022-04-22,Santa Clara,085,1922200,318853,317487,12697,330184,2277
2022-04-22,Santa Cruz,087,273765,48496,48255,2187,50442,261
2022-04-22,Shasta,089,179085,30636,30607,6169,36776,557
2022-04-22,Sierra,091,2930,276,276,48,324,4
2022-04-22,Siskiyou,093,43540,4455,4453,2767,7220,81
2022-04-22,Solano,095,438530,82203,81982,5591,87573,448
2022-04-22,Sonoma,097,501317,84954,84581,2699,87280,486
2022-04-22,Stanislaus,099,539301,117806,117737,17422,135159,1632
2022-04-22,Sutter,101,95872,20616,20605,2166,22771,224
2022-04-22,Tehama,103,63373,12069,12064,2632,14696,201
2022-04-22,Trinity,105,12862,1179,1177,295,1472,20
2022-04-22,Tulare,107,460477,106607,106354,28756,135110,1446
2022-04-22,Tuolumne,109,53932,12678,12664,568,13232,181
2022-04-22,Ventura,111,848112,174369,174091,9338,183429,1479
2022-04-22,Yolo,113,214977,37082,36990,3232,40222,314
2022-04-22,Yuba,115,75493,15898,15888,1226,17114,121
2022-04-21,Alameda,001,1643700,260472,259619,14416,274035,1837
2022-04-21,Alpine,003,1148,124,124,1,125,0
2022-04-21,Amador,005,37829,8552,8509,656,9165,86
2022-04-21,Butte,007,227075,33120,33105,6701,39806,411
2022-04-21,Calaveras,009,45235,7305,7296,359,7655,119
2022-04-21,Colusa,011,21464,3455,3453,1080,4533,21
2022-04-21,Contra Costa,013,1133247,191216,190611,13528,204139,1298
2022-04-21,Del Norte,015,27424,5834,5827,198,6025,50
2022-04-21,El Dorado,017,186661,26872,26837,3225,30062,209
2022-04-21,Fresno,019,978130,231905,231751,23636,255387,2744
2022-04-21,Glenn,021,27897,4991,4989,1581,6570,48
2022-04-21,Humboldt,023,135768,17109,17033,3001,20034,145
2022-04-21,Imperial,025,180216,55473,55434,11442,66876,910
2022-04-21,Inyo,027,18085,4081,4079,505,4584,56
2022-04-21,Kern,029,883053,192190,192012,46385,238397,2267
2022-04-21,Kings,031,150075,51614,51588,3626,55214,444
2022-04-21,Lake,033,64148,10729,10720,906,11626,134
2022-04-21,Lassen,035,31185,8966,8966,889,9855,65
2022-04-21,Los Angeles,037,10098052,2730152,2725630,126295,2851925,31667
2022-04-21,Madera,039,155013,37360,37333,6096,43429,354
2022-04-21,Marin,041,260295,34274,34150,2637,36787,288
2022-04-21,Mariposa,043,17540,2427,2422,204,2626,30
2022-04-21,Mendocino,045,87422,13174,13158,3066,16224,122
2022-04-21,Merced,047,269075,62322,62286,8729,71015,815
2022-04-21,Modoc,049,8938,745,745,253,998,8
2022-04-21,Mono,051,14174,2988,2986,127,3113,6
2022-04-21,Monterey,053,433212,79761,79560,14013,93573,729
2022-04-21,Napa,055,140530,26183,26093,1004,27097,143
2022-04-21,Nevada,057,99092,16070,16052,1221,17273,127
2022-04-21,Orange,059,3164182,550516,549765,42007,591772,6989
2022-04-21,Placer,061,380077,63117,63037,7453,70490,622
2022-04-21,Plumas,063,18699,2933,2934,365,3299,13
2022-04-21,Riverside,065,2383286,593192,592683,28313,620996,6450
2022-04-21,Sacramento,067,1510023,281666,280551,27318,307869,2993
2022-04-21,San Benito,069,59416,12978,12966,522,13488,98
2022-04-21,San Bernardino,071,2135413,567811,566806,24959,591765,7047
2022-04-21,San Diego,073,3302833,759243,758311,52530,810841,5233
2022-04-21,San Francisco,075,870044,128964,128323,8529,136852,857
2022-04-21,San Joaquin,077,732212,166814,166626,9509,176135,2224
2022-04-21,San Luis Obispo,079,281455,52874,52826,3836,56662,476
2022-04-21,San Mateo,081,765935,124754,124106,7223,131329,703
2022-04-21,Santa Barbara,083,443738,86502,86376,4884,91260,685
2022-04-21,Santa Clara,085,1922200,318487,317487,12697,330184,2277
2022-04-21,Santa Cruz,087,273765,48449,48255,2187,50442,261
2022-04-21,Shasta,089,179085,30632,30607,6169,36776,557
2022-04-21,Sierra,091,2930,276,276,48,324,4
2022-04-21,Siskiyou,093,43540,4455,4453,2767,7220,81
2022-04-21,Solano,095,438530,82161,81982,5591,87573,448
2022-04-21,Sonoma,097,501317,84846,84581,2699,87280,486
2022-04-21,Stanislaus,099,539301,117775,117737,17422,135159,1632
2022-04-21,Sutter,101,95872,20606,20605,2166,22771,224
2022-04-21,Tehama,103,63373,12068,12064,2632,14696,201
2022-04-21,Trinity,105,12862,1179,1177,295,1472,20
2022-04-21,Tulare,107,460477,106599,106354,28756,135110,1446
2022-04-21,Tuolumne,109,53932,12671,12664,568,13232,181
2022-04-21,Ventura,111,848112,174302,174091,9338,183429,1479
2022-04-21,Yolo,113,214977,37074,36990,3232,40222,314
2022-04-21,Yuba,115,75493,15897,15888,1226,17114,121
2022-04-20,Alameda,001,1643700,260176,258734,14416,273150,1832
2022-04-20,Alpine,003,1148,124,124,1,125,0
2022-04-20,Amador,005,37829,8550,8494,656,9150,86
2022-04-20,Butte,007,227075,33116,33083,6701,39784,408
2022-04-20,Calaveras,009,45235,7303,7288,359,7647,119
2022-04-20,Colusa,011,21464,3455,3453,1080,4533,21
2022-04-20,Contra Costa,013,1133247,190998,190042,13528,203570,1299
2022-04-20,Del Norte,015,27424,5830,5814,198,6012,50
2022-04-20,El Dorado,017,186661,26861,26821,3225,30046,209
2022-04-20,Fresno,019,978130,231863,231568,23636,255204,2740
2022-04-20,Glenn,021,27897,4990,4988,1581,6569,48
2022-04-20,Humboldt,023,135768,17088,16976,3001,19977,145
2022-04-20,Imperial,025,180216,55470,55405,11442,66847,910
2022-04-20,Inyo,027,18085,4081,4075,505,4580,56
2022-04-20,Kern,029,883053,192152,191915,46385,238300,2262
2022-04-20,Kings,031,150075,51605,51571,3626,55197,445
2022-04-20,Lake,033,64148,10729,10711,906,11617,134
2022-04-20,Lassen,035,31185,8966,8951,889,9840,65
2022-04-20,Los Angeles,037,10098052,2728648,2721699,126295,2847994,31630
2022-04-20,Madera,039,155013,37357,37333,6096,43429,354
2022-04-20,Marin,041,260295,34236,33985,2637,36622,288
2022-04-20,Mariposa,043,17540,2426,2412,204,2616,30
2022-04-20,Mendocino,045,87422,13169,13128,3066,16194,122
2022-04-20,Merced,047,269075,62314,62322,8729,71051,813
2022-04-20,Modoc,049,8938,745,744,253,997,8
2022-04-20,Mono,051,14174,2987,2984,127,3111,6
2022-04-20,Monterey,053,433212,79740,79419,14013,93432,727
2022-04-20,Napa,055,140530,26156,26016,1004,27020,143
2022-04-20,Nevada,057,99092,16064,16034,1221,17255,127
2022-04-20,Orange,059,3164182,550214,549136,42007,591143,6963
2022-04-20,Placer,061,380077,63097,62928,7453,70381,619
2022-04-20,Plumas,063,18699,2933,2932,365,3297,13
2022-04-20,Riverside,065,2383286,593058,592224,28313,620537,6447
2022-04-20,Sacramento,067,1510023,281546,279326,27318,306644,2987
2022-04-20,San Benito,069,59416,12972,12971,522,13493,98
2022-04-20,San Bernardino,071,2135413,567664,565405,24959,590364,6977
2022-04-20,San Diego,073,3302833,758834,757138,52530,809668,5231
2022-04-20,San Francisco,075,870044,128731,127594,8529,136123,854
2022-04-20,San Joaquin,077,732212,166768,166531,9509,176040,2222
2022-04-20,San Luis Obispo,079,281455,52850,52740,3836,56576,476
2022-04-20,San Mateo,081,765935,124576,123279,7223,130502,701
2022-04-20,Santa Barbara,083,443738,86472,86214,4884,91098,685
2022-04-20,Santa Clara,085,1922200,318176,316355,12697,329052,2274
2022-04-20,Santa Cruz,087,273765,48403,47997,2187,50184,261
2022-04-20,Shasta,089,179085,30628,30590,6169,36759,554
2022-04-20,Sierra,091,2930,276,276,48,324,4
2022-04-20,Siskiyou,093,43540,4454,4446,2767,7213,80
2022-04-20,Solano,095,438530,82097,81841,5591,87432,447
2022-04-20,Sonoma,097,501317,84787,84429,2699,87128,485
2022-04-20,Stanislaus,099,539301,117754,117540,17422,134962,1630
2022-04-20,Sutter,101,95872,20600,20632,2166,22798,224
2022-04-20,Tehama,103,63373,12067,12061,2632,14693,199
2022-04-20,Trinity,105,12862,1179,1178,295,1473,20
2022-04-20,Tulare,107,460477,106595,105974,28756,134730,1439
2022-04-20,Tuolumne,109,53932,12669,12648,568,13216,180
2022-04-20,Ventura,111,848112,174220,173904,9338,183242,1475
2022-04-20,Yolo,113,214977,37066,36785,3232,40017,311
2022-04-20,Yuba,115,75493,15895,15868,1226,17094,121
2022-04-19,Alameda,001,1643700,259879,258734,14416,273150,1832
2022-04-19,Alpine,003,1148,124,124,1,125,0
2022-04-19,Amador,005,37829,8548,8494,656,9150,86
2022-04-19,Butte,007,227075,33110,33083,6701,39784,408
2022-04-19,Calaveras,009,45235,7302,7288,359,7647,119
2022-04-19,Colusa,011,21464,3454,3453,1079,4532,21
2022-04-19,Contra Costa,013,1133247,190793,190042,13528,203570,1299
2022-04-19,Del Norte,015,27424,5828,5814,198,6012,50
2022-04-19,El Dorado,017,186661,26853,26821,3225,30046,209
2022-04-19,Fresno,019,978130,231808,231568,23636,255204,2740
2022-04-19,Glenn,021,27897,4989,4988,1581,6569,48
2022-04-19,Humboldt,023,135768,17061,16976,3001,19977,145
2022-04-19,Imperial,025,180216,55463,55405,11442,66847,910
2022-04-19,Inyo,027,18085,4079,4075,505,4580,56
2022-04-19,Kern,029,883053,192120,191915,46384,238299,2262
2022-04-19,Kings,031,150075,51593,51571,3626,55197,445
2022-04-19,Lake,033,64148,10727,10711,906,11617,134
2022-04-19,Lassen,035,31185,8966,8951,889,9840,65
2022-04-19,Los Angeles,037,10098052,2727033,2721699,126291,2847990,31630
2022-04-19,Madera,039,155013,37355,37333,6096,43429,354
2022-04-19,Marin,041,260295,34195,33985,2633,36618,288
2022-04-19,Mariposa,043,17540,2426,2412,204,2616,30
2022-04-19,Mendocino,045,87422,13164,13128,3066,16194,122
2022-04-19,Merced,047,269075,62296,62322,8728,71050,813
2022-04-19,Modoc,049,8938,745,744,253,997,8
2022-04-19,Mono,051,14174,2985,2984,127,3111,6
2022-04-19,Monterey,053,433212,79724,79419,14012,93431,727
2022-04-19,Napa,055,140530,26144,26016,1004,27020,143
2022-04-19,Nevada,057,99092,16060,16034,1221,17255,127
2022-04-19,Orange,059,3164182,549943,549136,42007,591143,6963
2022-04-19,Placer,061,380077,63070,62928,7453,70381,619
2022-04-19,Plumas,063,18699,2933,2932,365,3297,13
2022-04-19,Riverside,065,2383286,592926,592224,28313,620537,6447
2022-04-19,Sacramento,067,1510023,281394,279326,27318,306644,2987
2022-04-19,San Benito,069,59416,12966,12971,522,13493,98
2022-04-19,San Bernardino,071,2135413,567482,565405,24955,590360,6977
2022-04-19,San Diego,073,3302833,758393,757138,52510,809648,5231
2022-04-19,San Francisco,075,870044,128464,127594,8529,136123,854
2022-04-19,San Joaquin,077,732212,166727,166531,9492,176023,2222
2022-04-19,San Luis Obispo,079,281455,52817,52740,3836,56576,476
2022-04-19,San Mateo,081,765935,124382,123279,7223,130502,701
2022-04-19,Santa Barbara,083,443738,86437,86214,4884,91098,685
2022-04-19,Santa Clara,085,1922200,317850,316355,12697,329052,2274
2022-04-19,Santa Cruz,087,273765,48356,47997,2187,50184,261
2022-04-19,Shasta,089,179085,30616,30590,6169,36759,554
2022-04-19,Sierra,091,2930,276,276,48,324,4
2022-04-19,Siskiyou,093,43540,4453,4446,2767,7213,80
2022-04-19,Solano,095,438530,82022,81841,5591,87432,447
2022-04-19,Sonoma,097,501317,84715,84429,2698,87127,485
2022-04-19,Stanislaus,099,539301,117739,117540,17420,134960,1630
2022-04-19,Sutter,101,95872,20600,20632,2166,22798,224
2022-04-19,Tehama,103,63373,12065,12061,2632,14693,199
2022-04-19,Trinity,105,12862,1178,1178,295,1473,20
2022-04-19,Tulare,107,460477,106580,105974,28756,134730,1439
2022-04-19,Tuolumne,109,53932,12666,12648,568,13216,180
2022-04-19,Ventura,111,848112,174151,173904,9338,183242,1475
2022-04-19,Yolo,113,214977,37046,36785,3232,40017,311
2022-04-19,Yuba,115,75493,15888,15868,1226,17094,121
2022-04-18,Alameda,001,1643700,259585,258734,14416,273150,1832
2022-04-18,Alpine,003,1148,124,124,1,125,0
2022-04-18,Amador,005,37829,8547,8494,656,9150,86
2022-04-18,Butte,007,227075,33108,33083,6701,39784,408
2022-04-18,Calaveras,009,45235,7297,7288,359,7647,119
2022-04-18,Colusa,011,21464,3453,3453,1079,4532,21
2022-04-18,Contra Costa,013,1133247,190617,190042,13519,203561,1299
2022-04-18,Del Norte,015,27424,5824,5814,198,6012,50
2022-04-18,El Dorado,017,186661,26842,26821,3225,30046,209
2022-04-18,Fresno,019,978130,231765,231568,23636,255204,2740
2022-04-18,Glenn,021,27897,4988,4988,1581,6569,48
2022-04-18,Humboldt,023,135768,17033,16976,3001,19977,145
2022-04-18,Imperial,025,180216,55451,55405,11442,66847,910
2022-04-18,Inyo,027,18085,4079,4075,505,4580,56
2022-04-18,Kern,029,883053,192086,191915,46382,238297,2262
2022-04-18,Kings,031,150075,51588,51571,3626,55197,445
2022-04-18,Lake,033,64148,10723,10711,906,11617,134
2022-04-18,Lassen,035,31185,8966,8951,889,9840,65
2022-04-18,Los Angeles,037,10098052,2725283,2721699,126226,2847925,31630
2022-04-18,Madera,039,155013,37350,37333,6096,43429,354
2022-04-18,Marin,041,260295,34134,33985,2621,36606,288
2022-04-18,Mariposa,043,17540,2424,2412,204,2616,30
2022-04-18,Mendocino,045,87422,13153,13128,3066,16194,122
2022-04-18,Merced,047,269075,62285,62322,8728,71050,813
2022-04-18,Modoc,049,8938,744,744,253,997,8
2022-04-18,Mono,051,14174,2984,2984,127,3111,6
2022-04-18,Monterey,053,433212,79664,79419,14011,93430,727
2022-04-18,Napa,055,140530,26113,26016,1004,27020,143
2022-04-18,Nevada,057,99092,16052,16034,1221,17255,127
2022-04-18,Orange,059,3164182,549684,549136,42007,591143,6963
2022-04-18,Placer,061,380077,63042,62928,7453,70381,619
2022-04-18,Plumas,063,18699,2933,2932,365,3297,13
2022-04-18,Riverside,065,2383286,592747,592224,28313,620537,6447
2022-04-18,Sacramento,067,1510023,281252,279326,27318,306644,2987
2022-04-18,San Benito,069,59416,12961,12971,522,13493,98
2022-04-18,San Bernardino,071,2135413,567295,565405,24949,590354,6977
2022-04-18,San Diego,073,3302833,757951,757138,52457,809595,5231
2022-04-18,San Francisco,075,870044,128182,127594,8529,136123,854
2022-04-18,San Joaquin,077,732212,166673,166531,9490,176021,2222
2022-04-18,San Luis Obispo,079,281455,52791,52740,3834,56574,476
2022-04-18,San Mateo,081,765935,124180,123279,7223,130502,701
2022-04-18,Santa Barbara,083,443738,86381,86214,4884,91098,685
2022-04-18,Santa Clara,085,1922200,317452,316355,12695,329050,2274
2022-04-18,Santa Cruz,087,273765,48258,47997,2183,50180,261
2022-04-18,Shasta,089,179085,30613,30590,6169,36759,554
2022-04-18,Sierra,091,2930,276,276,48,324,4
2022-04-18,Siskiyou,093,43540,4453,4446,2767,7213,80
2022-04-18,Solano,095,438530,81961,81841,5590,87431,447
2022-04-18,Sonoma,097,501317,84634,84429,2695,87124,485
2022-04-18,Stanislaus,099,539301,117713,117540,17419,134959,1630
2022-04-18,Sutter,101,95872,20598,20632,2165,22797,224
2022-04-18,Tehama,103,63373,12063,12061,2632,14693,199
2022-04-18,Trinity,105,12862,1178,1178,295,1473,20
2022-04-18,Tulare,107,460477,106565,105974,28751,134725,1439
2022-04-18,Tuolumne,109,53932,12661,12648,568,13216,180
2022-04-18,Ventura,111,848112,174077,173904,9338,183242,1475
2022-04-18,Yolo,113,214977,37005,36785,3232,40017,311
2022-04-18,Yuba,115,75493,15882,15868,1222,17090,121
2022-04-17,Alameda,001,1643700,259263,257897,14416,272313,1829
2022-04-17,Alpine,003,1148,124,124,1,125,0
2022-04-17,Amador,005,37829,8542,8491,656,9147,86
2022-04-17,Butte,007,227075,33105,33053,6701,39754,405
2022-04-17,Calaveras,009,45235,7293,7275,359,7634,119
2022-04-17,Colusa,011,21464,3452,3450,1079,4529,21
2022-04-17,Contra Costa,013,1133247,190416,189742,13510,203252,1298
2022-04-17,Del Norte,015,27424,5818,5809,198,6007,50
2022-04-17,El Dorado,017,186661,26833,26796,3225,30021,209
2022-04-17,Fresno,019,978130,231698,231455,23636,255091,2739
2022-04-17,Glenn,021,27897,4988,4991,1581,6572,48
2022-04-17,Humboldt,023,135768,17008,16929,2999,19928,143
2022-04-17,Imperial,025,180216,55444,55371,11442,66813,910
2022-04-17,Inyo,027,18085,4076,4075,505,4580,56
2022-04-17,Kern,029,883053,192056,191866,46376,238242,2258
2022-04-17,Kings,031,150075,51577,51544,3625,55169,445
2022-04-17,Lake,033,64148,10722,10702,906,11608,134
2022-04-17,Lassen,035,31185,8966,8950,889,9839,65
2022-04-17,Los Angeles,037,10098052,2723398,2717479,126154,2843633,31598
2022-04-17,Madera,039,155013,37346,37362,6096,43458,354
2022-04-17,Marin,041,260295,34078,33829,2602,36431,288
2022-04-17,Mariposa,043,17540,2416,2406,204,2610,30
2022-04-17,Mendocino,045,87422,13144,13107,3066,16173,122
2022-04-17,Merced,047,269075,62267,62295,8728,71023,813
2022-04-17,Modoc,049,8938,744,743,253,996,8
2022-04-17,Mono,051,14174,2984,2977,127,3104,6
2022-04-17,Monterey,053,433212,79637,79311,14002,93313,727
2022-04-17,Napa,055,140530,26081,25929,1004,26933,143
2022-04-17,Nevada,057,99092,16039,16014,1221,17235,123
2022-04-17,Orange,059,3164182,549334,548311,42007,590318,6945
2022-04-17,Placer,061,380077,63010,62882,7453,70335,618
2022-04-17,Plumas,063,18699,2932,2929,365,3294,13
2022-04-17,Riverside,065,2383286,592559,591772,28313,620085,6443
2022-04-17,Sacramento,067,1510023,281101,278523,27318,305841,2978
2022-04-17,San Benito,069,59416,12958,12926,522,13448,98
2022-04-17,San Bernardino,071,2135413,567079,564397,24947,589344,6948
2022-04-17,San Diego,073,3302833,757495,756165,52392,808557,5229
2022-04-17,San Francisco,075,870044,127904,126976,8529,135505,854
2022-04-17,San Joaquin,077,732212,166630,166645,9488,176133,2220
2022-04-17,San Luis Obispo,079,281455,52724,52698,3832,56530,476
2022-04-17,San Mateo,081,765935,123969,122652,7223,129875,699
2022-04-17,Santa Barbara,083,443738,86325,86030,4884,90914,684
2022-04-17,Santa Clara,085,1922200,316996,315296,12695,327991,2268
2022-04-17,Santa Cruz,087,273765,48143,47895,2181,50076,261
2022-04-17,Shasta,089,179085,30602,30578,6169,36747,554
2022-04-17,Sierra,091,2930,276,276,48,324,4
2022-04-17,Siskiyou,093,43540,4449,4444,2767,7211,80
2022-04-17,Solano,095,438530,81898,81781,5590,87371,447
2022-04-17,Sonoma,097,501317,84528,84172,2693,86865,485
2022-04-17,Stanislaus,099,539301,117686,117567,17409,134976,1619
2022-04-17,Sutter,101,95872,20592,20621,2164,22785,224
2022-04-17,Tehama,103,63373,12061,12061,2632,14693,199
2022-04-17,Trinity,105,12862,1177,1178,295,1473,20
2022-04-17,Tulare,107,460477,106551,105757,28749,134506,1428
2022-04-17,Tuolumne,109,53932,12657,12640,568,13208,180
2022-04-17,Ventura,111,848112,173987,173665,9338,183003,1474
2022-04-17,Yolo,113,214977,36981,36752,3232,39984,311
2022-04-17,Yuba,115,75493,15874,15857,1222,17079,121
2022-04-16,Alameda,001,1643700,259142,257897,14414,272311,1829
2022-04-16,Alpine,003,1148,124,124,1,125,0
2022-04-16,Amador,005,37829,8541,8491,656,9147,86
2022-04-16,Butte,007,227075,33103,33053,6701,39754,405
2022-04-16,Calaveras,009,45235,7292,7275,359,7634,119
2022-04-16,Colusa,011,21464,3452,3450,1079,4529,21
2022-04-16,Contra Costa,013,1133247,190343,189742,13508,203250,1298
2022-04-16,Del Norte,015,27424,5818,5809,198,6007,50
2022-04-16,El Dorado,017,186661,26823,26796,3225,30021,209
2022-04-16,Fresno,019,978130,231674,231455,23635,255090,2739
2022-04-16,Glenn,021,27897,4988,4991,1581,6572,48
2022-04-16,Humboldt,023,135768,17001,16929,2998,19927,143
2022-04-16,Imperial,025,180216,55438,55371,11442,66813,910
2022-04-16,Inyo,027,18085,4076,4075,505,4580,56
2022-04-16,Kern,029,883053,192047,191866,46375,238241,2258
2022-04-16,Kings,031,150075,51574,51544,3625,55169,445
2022-04-16,Lake,033,64148,10721,10702,906,11608,134
2022-04-16,Lassen,035,31185,8966,8950,889,9839,65
2022-04-16,Los Angeles,037,10098052,2722954,2717479,126102,2843581,31598
2022-04-16,Madera,039,155013,37345,37362,6096,43458,354
2022-04-16,Marin,041,260295,34048,33829,2576,36405,288
2022-04-16,Mariposa,043,17540,2416,2406,204,2610,30
2022-04-16,Mendocino,045,87422,13142,13107,3065,16172,122
2022-04-16,Merced,047,269075,62264,62295,8728,71023,813
2022-04-16,Modoc,049,8938,744,743,253,996,8
2022-04-16,Mono,051,14174,2984,2977,127,3104,6
2022-04-16,Monterey,053,433212,79623,79311,14000,93311,727
2022-04-16,Napa,055,140530,26063,25929,1004,26933,143
2022-04-16,Nevada,057,99092,16036,16014,1221,17235,123
2022-04-16,Orange,059,3164182,549230,548311,41987,590298,6945
2022-04-16,Placer,061,380077,62996,62882,7453,70335,618
2022-04-16,Plumas,063,18699,2930,2929,365,3294,13
2022-04-16,Riverside,065,2383286,592496,591772,28311,620083,6443
2022-04-16,Sacramento,067,1510023,281058,278523,27316,305839,2978
2022-04-16,San Benito,069,59416,12957,12926,522,13448,98
2022-04-16,San Bernardino,071,2135413,566992,564397,24947,589344,6948
2022-04-16,San Diego,073,3302833,757355,756165,52381,808546,5229
2022-04-16,San Francisco,075,870044,127771,126976,8526,135502,854
2022-04-16,San Joaquin,077,732212,166603,166645,9488,176133,2220
2022-04-16,San Luis Obispo,079,281455,52719,52698,3831,56529,476
2022-04-16,San Mateo,081,765935,123883,122652,7220,129872,699
2022-04-16,Santa Barbara,083,443738,86301,86030,4884,90914,684
2022-04-16,Santa Clara,085,1922200,316780,315296,12691,327987,2268
2022-04-16,Santa Cruz,087,273765,48119,47895,2181,50076,261
2022-04-16,Shasta,089,179085,30599,30578,6169,36747,554
2022-04-16,Sierra,091,2930,276,276,48,324,4
2022-04-16,Siskiyou,093,43540,4449,4444,2767,7211,80
2022-04-16,Solano,095,438530,81883,81781,5587,87368,447
2022-04-16,Sonoma,097,501317,84485,84172,2688,86860,485
2022-04-16,Stanislaus,099,539301,117669,117567,17408,134975,1619
2022-04-16,Sutter,101,95872,20589,20621,2164,22785,224
2022-04-16,Tehama,103,63373,12061,12061,2632,14693,199
2022-04-16,Trinity,105,12862,1177,1178,295,1473,20
2022-04-16,Tulare,107,460477,106543,105757,28748,134505,1428
2022-04-16,Tuolumne,109,53932,12656,12640,568,13208,180
2022-04-16,Ventura,111,848112,173963,173665,9337,183002,1474
2022-04-16,Yolo,113,214977,36973,36752,3232,39984,311
2022-04-16,Yuba,115,75493,15872,15857,1222,17079,121
2022-04-15,Alameda,001,1643700,258987,257897,14410,272307,1829
2022-04-15,Alpine,003,1148,124,124,1,125,0
2022-04-15,Amador,005,37829,8540,8491,656,9147,86
2022-04-15,Butte,007,227075,33102,33053,6700,39753,405
2022-04-15,Calaveras,009,45235,7291,7275,359,7634,119
2022-04-15,Colusa,011,21464,3452,3450,1079,4529,21
2022-04-15,Contra Costa,013,1133247,190240,189742,13505,203247,1298
2022-04-15,Del Norte,015,27424,5818,5809,198,6007,50
2022-04-15,El Dorado,017,186661,26811,26796,3225,30021,209
2022-04-15,Fresno,019,978130,231646,231455,23635,255090,2739
2022-04-15,Glenn,021,27897,4988,4991,1581,6572,48
2022-04-15,Humboldt,023,135768,16992,16929,2998,19927,143
2022-04-15,Imperial,025,180216,55436,55371,11442,66813,910
2022-04-15,Inyo,027,18085,4076,4075,504,4579,56
2022-04-15,Kern,029,883053,192034,191866,46372,238238,2258
2022-04-15,Kings,031,150075,51570,51544,3625,55169,445
2022-04-15,Lake,033,64148,10716,10702,906,11608,134
2022-04-15,Lassen,035,31185,8966,8950,889,9839,65
2022-04-15,Los Angeles,037,10098052,2722351,2717479,126061,2843540,31598
2022-04-15,Madera,039,155013,37343,37362,6096,43458,354
2022-04-15,Marin,041,260295,34018,33829,2558,36387,288
2022-04-15,Mariposa,043,17540,2415,2406,204,2610,30
2022-04-15,Mendocino,045,87422,13139,13107,3065,16172,122
2022-04-15,Merced,047,269075,62262,62295,8728,71023,813
2022-04-15,Modoc,049,8938,744,743,253,996,8
2022-04-15,Mono,051,14174,2980,2977,127,3104,6
2022-04-15,Monterey,053,433212,79603,79311,13998,93309,727
2022-04-15,Napa,055,140530,26051,25929,1004,26933,143
2022-04-15,Nevada,057,99092,16034,16014,1220,17234,123
2022-04-15,Orange,059,3164182,549118,548311,41960,590271,6945
2022-04-15,Placer,061,380077,62983,62882,7453,70335,618
2022-04-15,Plumas,063,18699,2930,2929,365,3294,13
2022-04-15,Riverside,065,2383286,592404,591772,28309,620081,6443
2022-04-15,Sacramento,067,1510023,280980,278523,27315,305838,2978
2022-04-15,San Benito,069,59416,12955,12926,521,13447,98
2022-04-15,San Bernardino,071,2135413,566920,564397,24942,589339,6948
2022-04-15,San Diego,073,3302833,757169,756165,52369,808534,5229
2022-04-15,San Francisco,075,870044,127638,126976,8512,135488,854
2022-04-15,San Joaquin,077,732212,166582,166645,9488,176133,2220
2022-04-15,San Luis Obispo,079,281455,52711,52698,3831,56529,476
2022-04-15,San Mateo,081,765935,123760,122652,7214,129866,699
2022-04-15,Santa Barbara,083,443738,86272,86030,4884,90914,684
2022-04-15,Santa Clara,085,1922200,316512,315296,12688,327984,2268
2022-04-15,Santa Cruz,087,273765,48094,47895,2181,50076,261
2022-04-15,Shasta,089,179085,30591,30578,6169,36747,554
2022-04-15,Sierra,091,2930,276,276,48,324,4
2022-04-15,Siskiyou,093,43540,4447,4444,2767,7211,80
2022-04-15,Solano,095,438530,81856,81781,5587,87368,447
2022-04-15,Sonoma,097,501317,84440,84172,2679,86851,485
2022-04-15,Stanislaus,099,539301,117651,117567,17407,134974,1619
2022-04-15,Sutter,101,95872,20586,20621,2164,22785,224
2022-04-15,Tehama,103,63373,12061,12061,2632,14693,199
2022-04-15,Trinity,105,12862,1177,1178,295,1473,20
2022-04-15,Tulare,107,460477,106537,105757,28746,134503,1428
2022-04-15,Tuolumne,109,53932,12654,12640,568,13208,180
2022-04-15,Ventura,111,848112,173935,173665,9333,182998,1474
2022-04-15,Yolo,113,214977,36963,36752,3232,39984,311
2022-04-15,Yuba,115,75493,15869,15857,1222,17079,121
2022-04-14,Alameda,001,1643700,258755,257897,14400,272297,1829
2022-04-14,Alpine,003,1148,124,124,1,125,0
2022-04-14,Amador,005,37829,8540,8491,656,9147,86
2022-04-14,Butte,007,227075,33097,33053,6694,39747,405
2022-04-14,Calaveras,009,45235,7290,7275,359,7634,119
2022-04-14,Colusa,011,21464,3452,3450,1079,4529,21
2022-04-14,Contra Costa,013,1133247,190094,189742,13497,203239,1298
2022-04-14,Del Norte,015,27424,5816,5809,198,6007,50
2022-04-14,El Dorado,017,186661,26808,26796,3223,30019,209
2022-04-14,Fresno,019,978130,231623,231455,23634,255089,2739
2022-04-14,Glenn,021,27897,4987,4991,1579,6570,48
2022-04-14,Humboldt,023,135768,16981,16929,2997,19926,143
2022-04-14,Imperial,025,180216,55430,55371,11442,66813,910
2022-04-14,Inyo,027,18085,4076,4075,503,4578,56
2022-04-14,Kern,029,883053,192020,191866,46369,238235,2258
2022-04-14,Kings,031,150075,51562,51544,3625,55169,445
2022-04-14,Lake,033,64148,10714,10702,906,11608,134
2022-04-14,Lassen,035,31185,8966,8950,889,9839,65
2022-04-14,Los Angeles,037,10098052,2721404,2717479,125992,2843471,31598
2022-04-14,Madera,039,155013,37341,37362,6096,43458,354
2022-04-14,Marin,041,260295,33984,33829,2531,36360,288
2022-04-14,Mariposa,043,17540,2414,2406,204,2610,30
2022-04-14,Mendocino,045,87422,13134,13107,3065,16172,122
2022-04-14,Merced,047,269075,62258,62295,8728,71023,813
2022-04-14,Modoc,049,8938,743,743,253,996,8
2022-04-14,Mono,051,14174,2980,2977,124,3101,6
2022-04-14,Monterey,053,433212,79579,79311,13993,93304,727
2022-04-14,Napa,055,140530,26028,25929,1004,26933,143
2022-04-14,Nevada,057,99092,16027,16014,1220,17234,123
2022-04-14,Orange,059,3164182,548939,548311,41936,590247,6945
2022-04-14,Placer,061,380077,62967,62882,7449,70331,618
2022-04-14,Plumas,063,18699,2930,2929,365,3294,13
2022-04-14,Riverside,065,2383286,592295,591772,28300,620072,6443
2022-04-14,Sacramento,067,1510023,280867,278523,27305,305828,2978
2022-04-14,San Benito,069,59416,12950,12926,521,13447,98
2022-04-14,San Bernardino,071,2135413,566758,564397,24940,589337,6948
2022-04-14,San Diego,073,3302833,756900,756165,52338,808503,5229
2022-04-14,San Francisco,075,870044,127441,126976,8503,135479,854
2022-04-14,San Joaquin,077,732212,166556,166645,9485,176130,2220
2022-04-14,San Luis Obispo,079,281455,52696,52698,3828,56526,476
2022-04-14,San Mateo,081,765935,123607,122652,7195,129847,699
2022-04-14,Santa Barbara,083,443738,86228,86030,4883,90913,684
2022-04-14,Santa Clara,085,1922200,316232,315296,12682,327978,2268
2022-04-14,Santa Cruz,087,273765,48065,47895,2180,50075,261
2022-04-14,Shasta,089,179085,30589,30578,6169,36747,554
2022-04-14,Sierra,091,2930,276,276,48,324,4
2022-04-14,Siskiyou,093,43540,4447,4444,2767,7211,80
2022-04-14,Solano,095,438530,81820,81781,5585,87366,447
2022-04-14,Sonoma,097,501317,84352,84172,2678,86850,485
2022-04-14,Stanislaus,099,539301,117634,117567,17405,134972,1619
2022-04-14,Sutter,101,95872,20584,20621,2155,22776,224
2022-04-14,Tehama,103,63373,12060,12061,2632,14693,199
2022-04-14,Trinity,105,12862,1177,1178,295,1473,20
2022-04-14,Tulare,107,460477,106523,105757,28742,134499,1428
2022-04-14,Tuolumne,109,53932,12650,12640,568,13208,180
2022-04-14,Ventura,111,848112,173885,173665,9330,182995,1474
2022-04-14,Yolo,113,214977,36951,36752,3230,39982,311
2022-04-14,Yuba,115,75493,15866,15857,1222,17079,121
2022-04-13,Alameda,001,1643700,258532,257440,14384,271824,1833
2022-04-13,Alpine,003,1148,124,124,1,125,0
2022-04-13,Amador,005,37829,8538,8490,656,9146,86
2022-04-13,Butte,007,227075,33089,33044,6694,39738,402
2022-04-13,Calaveras,009,45235,7290,7270,359,7629,119
2022-04-13,Colusa,011,21464,3452,3451,1079,4530,21
2022-04-13,Contra Costa,013,1133247,189974,189471,13487,202958,1298
2022-04-13,Del Norte,015,27424,5814,5812,198,6010,50
2022-04-13,El Dorado,017,186661,26804,26794,3223,30017,208
2022-04-13,Fresno,019,978130,231590,231325,23624,254949,2738
2022-04-13,Glenn,021,27897,4986,4989,1579,6568,48
2022-04-13,Humboldt,023,135768,16970,16922,2997,19919,143
2022-04-13,Imperial,025,180216,55418,55353,11437,66790,910
2022-04-13,Inyo,027,18085,4076,4074,501,4575,56
2022-04-13,Kern,029,883053,191997,191859,46368,238227,2249
2022-04-13,Kings,031,150075,51556,51535,3625,55160,443
2022-04-13,Lake,033,64148,10712,10695,906,11601,134
2022-04-13,Lassen,035,31185,8965,8949,889,9838,65
2022-04-13,Los Angeles,037,10098052,2720239,2715722,125940,2841662,31578
2022-04-13,Madera,039,155013,37338,37361,6096,43457,354
2022-04-13,Marin,041,260295,33946,33747,2501,36248,288
2022-04-13,Mariposa,043,17540,2408,2402,204,2606,29
2022-04-13,Mendocino,045,87422,13126,13101,3063,16164,120
2022-04-13,Merced,047,269075,62247,62276,8727,71003,811
2022-04-13,Modoc,049,8938,743,743,253,996,8
2022-04-13,Mono,051,14174,2978,2971,124,3095,6
2022-04-13,Monterey,053,433212,79567,79179,13988,93167,727
2022-04-13,Napa,055,140530,26011,25892,1004,26896,143
2022-04-13,Nevada,057,99092,16021,16002,1220,17222,123
2022-04-13,Orange,059,3164182,548743,547783,41910,589693,6935
2022-04-13,Placer,061,380077,62941,62851,7446,70297,615
2022-04-13,Plumas,063,18699,2929,2923,365,3288,13
2022-04-13,Riverside,065,2383286,592167,591659,28291,619950,6437
2022-04-13,Sacramento,067,1510023,280788,277866,27303,305169,2974
2022-04-13,San Benito,069,59416,12944,12927,521,13448,98
2022-04-13,San Bernardino,071,2135413,566616,563709,24933,588642,6905
2022-04-13,San Diego,073,3302833,756624,755584,52311,807895,5223
2022-04-13,San Francisco,075,870044,127273,126608,8493,135101,850
2022-04-13,San Joaquin,077,732212,166522,166654,9482,176136,2219
2022-04-13,San Luis Obispo,079,281455,52672,52660,3828,56488,476
2022-04-13,San Mateo,081,765935,123460,122167,7172,129339,699
2022-04-13,Santa Barbara,083,443738,86188,85938,4880,90818,684
2022-04-13,Santa Clara,085,1922200,315974,314863,12668,327531,2267
2022-04-13,Santa Cruz,087,273765,48012,47765,2178,49943,260
2022-04-13,Shasta,089,179085,30587,30569,6169,36738,551
2022-04-13,Sierra,091,2930,276,276,48,324,4
2022-04-13,Siskiyou,093,43540,4446,4444,2767,7211,80
2022-04-13,Solano,095,438530,81782,81843,5582,87425,448
2022-04-13,Sonoma,097,501317,84286,84033,2667,86700,485
2022-04-13,Stanislaus,099,539301,117616,117573,17402,134975,1577
2022-04-13,Sutter,101,95872,20580,20610,2155,22765,223
2022-04-13,Tehama,103,63373,12059,12062,2631,14693,200
2022-04-13,Trinity,105,12862,1177,1177,295,1472,20
2022-04-13,Tulare,107,460477,106516,105519,28739,134258,1426
2022-04-13,Tuolumne,109,53932,12644,12639,568,13207,180
2022-04-13,Ventura,111,848112,173832,173558,9328,182886,1474
2022-04-13,Yolo,113,214977,36929,36684,3229,39913,311
2022-04-13,Yuba,115,75493,15862,15851,1222,17073,121
2022-04-12,Alameda,001,1643700,258312,257440,14375,271815,1833
2022-04-12,Alpine,003,1148,124,124,1,125,0
2022-04-12,Amador,005,37829,8537,8490,656,9146,86
2022-04-12,Butte,007,227075,33077,33044,6689,39733,402
2022-04-12,Calaveras,009,45235,7285,7270,358,7628,119
2022-04-12,Colusa,011,21464,3452,3451,1079,4530,21
2022-04-12,Contra Costa,013,1133247,189821,189471,13474,202945,1298
2022-04-12,Del Norte,015,27424,5811,5812,198,6010,50
2022-04-12,El Dorado,017,186661,26792,26794,3223,30017,208
2022-04-12,Fresno,019,978130,231560,231325,23619,254944,2738
2022-04-12,Glenn,021,27897,4986,4989,1579,6568,48
2022-04-12,Humboldt,023,135768,16963,16922,2997,19919,143
2022-04-12,Imperial,025,180216,55413,55353,11428,66781,910
2022-04-12,Inyo,027,18085,4076,4074,500,4574,56
2022-04-12,Kern,029,883053,191981,191859,46364,238223,2249
2022-04-12,Kings,031,150075,51548,51535,3623,55158,443
2022-04-12,Lake,033,64148,10709,10695,905,11600,134
2022-04-12,Lassen,035,31185,8965,8949,889,9838,65
2022-04-12,Los Angeles,037,10098052,2719057,2715722,125857,2841579,31578
2022-04-12,Madera,039,155013,37337,37361,6096,43457,354
2022-04-12,Marin,041,260295,33901,33747,2477,36224,288
2022-04-12,Mariposa,043,17540,2408,2402,204,2606,29
2022-04-12,Mendocino,045,87422,13117,13101,3058,16159,120
2022-04-12,Merced,047,269075,62234,62276,8724,71000,811
2022-04-12,Modoc,049,8938,743,743,253,996,8
2022-04-12,Mono,051,14174,2978,2971,124,3095,6
2022-04-12,Monterey,053,433212,79543,79179,13983,93162,727
2022-04-12,Napa,055,140530,25990,25892,996,26888,143
2022-04-12,Nevada,057,99092,16018,16002,1219,17221,123
2022-04-12,Orange,059,3164182,548494,547783,41876,589659,6935
2022-04-12,Placer,061,380077,62918,62851,7443,70294,615
2022-04-12,Plumas,063,18699,2927,2923,365,3288,13
2022-04-12,Riverside,065,2383286,592030,591659,28273,619932,6437
2022-04-12,Sacramento,067,1510023,280673,277866,27302,305168,2974
2022-04-12,San Benito,069,59416,12940,12927,520,13447,98
2022-04-12,San Bernardino,071,2135413,566446,563709,24928,588637,6905
2022-04-12,San Diego,073,3302833,756300,755584,52271,807855,5223
2022-04-12,San Francisco,075,870044,127074,126608,8482,135090,850
2022-04-12,San Joaquin,077,732212,166493,166654,9479,176133,2219
2022-04-12,San Luis Obispo,079,281455,52639,52660,3823,56483,476
2022-04-12,San Mateo,081,765935,123306,122167,7150,129317,699
2022-04-12,Santa Barbara,083,443738,86139,85938,4877,90815,684
2022-04-12,Santa Clara,085,1922200,315691,314863,12660,327523,2267
2022-04-12,Santa Cruz,087,273765,47933,47765,2175,49940,260
2022-04-12,Shasta,089,179085,30587,30569,6168,36737,551
2022-04-12,Sierra,091,2930,276,276,48,324,4
2022-04-12,Siskiyou,093,43540,4446,4444,2764,7208,80
2022-04-12,Solano,095,438530,81746,81843,5580,87423,448
2022-04-12,Sonoma,097,501317,84229,84033,2661,86694,485
2022-04-12,Stanislaus,099,539301,117596,117573,17397,134970,1577
2022-04-12,Sutter,101,95872,20577,20610,2155,22765,223
2022-04-12,Tehama,103,63373,12058,12062,2631,14693,200
2022-04-12,Trinity,105,12862,1177,1177,295,1472,20
2022-04-12,Tulare,107,460477,106502,105519,28736,134255,1426
2022-04-12,Tuolumne,109,53932,12642,12639,567,13206,180
2022-04-12,Ventura,111,848112,173789,173558,9326,182884,1474
2022-04-12,Yolo,113,214977,36915,36684,3222,39906,311
2022-04-12,Yuba,115,75493,15857,15851,1222,17073,121
2022-04-11,Alameda,001,1643700,258044,256649,14359,271008,1826
2022-04-11,Alpine,003,1148,124,124,1,125,0
2022-04-11,Amador,005,37829,8536,8489,656,9145,86
2022-04-11,Butte,007,227075,33064,33031,6686,39717,399
2022-04-11,Calaveras,009,45235,7282,7260,358,7618,119
2022-04-11,Colusa,011,21464,3450,3449,1079,4528,21
2022-04-11,Contra Costa,013,1133247,189658,189154,13461,202615,1296
2022-04-11,Del Norte,015,27424,5810,5811,198,6009,50
2022-04-11,El Dorado,017,186661,26780,26757,3222,29979,207
2022-04-11,Fresno,019,978130,231540,231090,23618,254708,2731
2022-04-11,Glenn,021,27897,4985,4988,1579,6567,47
2022-04-11,Humboldt,023,135768,16948,16913,2997,19910,141
2022-04-11,Imperial,025,180216,55408,55267,11422,66689,910
2022-04-11,Inyo,027,18085,4076,4071,500,4571,56
2022-04-11,Kern,029,883053,191958,191542,46362,237904,2244
2022-04-11,Kings,031,150075,51544,51519,3623,55142,443
2022-04-11,Lake,033,64148,10707,10690,904,11594,134
2022-04-11,Lassen,035,31185,8965,8948,889,9837,65
2022-04-11,Los Angeles,037,10098052,2717887,2709735,125794,2835529,31509
2022-04-11,Madera,039,155013,37330,37356,6096,43452,354
2022-04-11,Marin,041,260295,33848,33648,2458,36106,288
2022-04-11,Mariposa,043,17540,2407,2394,204,2598,29
2022-04-11,Mendocino,045,87422,13113,13087,3056,16143,120
2022-04-11,Merced,047,269075,62225,62231,8722,70953,811
2022-04-11,Modoc,049,8938,743,743,253,996,8
2022-04-11,Mono,051,14174,2977,2967,124,3091,6
2022-04-11,Monterey,053,433212,79526,79103,13974,93077,727
2022-04-11,Napa,055,140530,25974,25824,994,26818,144
2022-04-11,Nevada,057,99092,16015,15976,1219,17195,123
2022-04-11,Orange,059,3164182,548287,546983,41842,588825,6912
2022-04-11,Placer,061,380077,62896,62831,7441,70272,616
2022-04-11,Plumas,063,18699,2925,2887,365,3252,13
2022-04-11,Riverside,065,2383286,591905,591268,28256,619524,6429
2022-04-11,Sacramento,067,1510023,280574,277125,27300,304425,2972
2022-04-11,San Benito,069,59416,12938,12917,520,13437,98
2022-04-11,San Bernardino,071,2135413,566295,562571,24920,587491,6892
2022-04-11,San Diego,073,3302833,755976,754281,52241,806522,5210
2022-04-11,San Francisco,075,870044,126848,125963,8470,134433,844
2022-04-11,San Joaquin,077,732212,166456,166547,9475,176022,2212
2022-04-11,San Luis Obispo,079,281455,52616,52609,3822,56431,476
2022-04-11,San Mateo,081,765935,123120,121514,7140,128654,698
2022-04-11,Santa Barbara,083,443738,86092,85754,4872,90626,680
2022-04-11,Santa Clara,085,1922200,315349,313965,12646,326611,2266
2022-04-11,Santa Cruz,087,273765,47838,47624,2166,49790,259
2022-04-11,Shasta,089,179085,30582,30586,6167,36753,549
2022-04-11,Sierra,091,2930,276,272,48,320,4
2022-04-11,Siskiyou,093,43540,4446,4444,2763,7207,80
2022-04-11,Solano,095,438530,81722,81886,5579,87465,448
2022-04-11,Sonoma,097,501317,84161,83600,2656,86256,485
2022-04-11,Stanislaus,099,539301,117561,117528,17389,134917,1578
2022-04-11,Sutter,101,95872,20574,20591,2155,22746,223
2022-04-11,Tehama,103,63373,12057,12059,2631,14690,201
2022-04-11,Trinity,105,12862,1177,1177,295,1472,20
2022-04-11,Tulare,107,460477,106491,105278,28729,134007,1415
2022-04-11,Tuolumne,109,53932,12639,12632,567,13199,180
2022-04-11,Ventura,111,848112,173732,173343,9325,182668,1467
2022-04-11,Yolo,113,214977,36896,36587,3219,39806,312
2022-04-11,Yuba,115,75493,15854,15848,1221,17069,121
2022-04-10,Alameda,001,1643700,257728,256649,14347,270996,1826
2022-04-10,Alpine,003,1148,124,124,1,125,0
2022-04-10,Amador,005,37829,8534,8489,655,9144,86
2022-04-10,Butte,007,227075,33059,33031,6683,39714,399
2022-04-10,Calaveras,009,45235,7279,7260,358,7618,119
2022-04-10,Colusa,011,21464,3449,3449,1079,4528,21
2022-04-10,Contra Costa,013,1133247,189501,189154,13444,202598,1296
2022-04-10,Del Norte,015,27424,5807,5811,198,6009,50
2022-04-10,El Dorado,017,186661,26774,26757,3221,29978,207
2022-04-10,Fresno,019,978130,231500,231090,23616,254706,2731
2022-04-10,Glenn,021,27897,4985,4988,1579,6567,47
2022-04-10,Humboldt,023,135768,16937,16913,2997,19910,141
2022-04-10,Imperial,025,180216,55405,55267,11414,66681,910
2022-04-10,Inyo,027,18085,4076,4071,498,4569,56
2022-04-10,Kern,029,883053,191940,191542,46357,237899,2244
2022-04-10,Kings,031,150075,51542,51519,3623,55142,443
2022-04-10,Lake,033,64148,10703,10690,902,11592,134
2022-04-10,Lassen,035,31185,8964,8948,889,9837,65
2022-04-10,Los Angeles,037,10098052,2716702,2709735,125712,2835447,31509
2022-04-10,Madera,039,155013,37326,37356,6095,43451,354
2022-04-10,Marin,041,260295,33810,33648,2433,36081,288
2022-04-10,Mariposa,043,17540,2405,2394,204,2598,29
2022-04-10,Mendocino,045,87422,13106,13087,3055,16142,120
2022-04-10,Merced,047,269075,62213,62231,8719,70950,811
2022-04-10,Modoc,049,8938,743,743,253,996,8
2022-04-10,Mono,051,14174,2972,2967,124,3091,6
2022-04-10,Monterey,053,433212,79512,79103,13964,93067,727
2022-04-10,Napa,055,140530,25953,25824,992,26816,144
2022-04-10,Nevada,057,99092,15999,15976,1219,17195,123
2022-04-10,Orange,059,3164182,548038,546983,41803,588786,6912
2022-04-10,Placer,061,380077,62866,62831,7440,70271,616
2022-04-10,Plumas,063,18699,2924,2887,365,3252,13
2022-04-10,Riverside,065,2383286,591770,591268,28248,619516,6429
2022-04-10,Sacramento,067,1510023,280479,277125,27291,304416,2972
2022-04-10,San Benito,069,59416,12934,12917,520,13437,98
2022-04-10,San Bernardino,071,2135413,566064,562571,24912,587483,6892
2022-04-10,San Diego,073,3302833,755660,754281,52204,806485,5210
2022-04-10,San Francisco,075,870044,126617,125963,8457,134420,844
2022-04-10,San Joaquin,077,732212,166411,166547,9467,176014,2212
2022-04-10,San Luis Obispo,079,281455,52582,52609,3820,56429,476
2022-04-10,San Mateo,081,765935,122952,121514,7129,128643,698
2022-04-10,Santa Barbara,083,443738,86012,85754,4864,90618,680
2022-04-10,Santa Clara,085,1922200,315023,313965,12632,326597,2266
2022-04-10,Santa Cruz,087,273765,47749,47624,2164,49788,259
2022-04-10,Shasta,089,179085,30574,30586,6167,36753,549
2022-04-10,Sierra,091,2930,276,272,48,320,4
2022-04-10,Siskiyou,093,43540,4446,4444,2762,7206,80
2022-04-10,Solano,095,438530,81677,81886,5575,87461,448
2022-04-10,Sonoma,097,501317,84060,83600,2652,86252,485
2022-04-10,Stanislaus,099,539301,117537,117528,17383,134911,1578
2022-04-10,Sutter,101,95872,20570,20591,2151,22742,223
2022-04-10,Tehama,103,63373,12055,12059,2631,14690,201
2022-04-10,Trinity,105,12862,1177,1177,295,1472,20
2022-04-10,Tulare,107,460477,106475,105278,28724,134002,1415
2022-04-10,Tuolumne,109,53932,12632,12632,567,13199,180
2022-04-10,Ventura,111,848112,173655,173343,9323,182666,1467
2022-04-10,Yolo,113,214977,36877,36587,3213,39800,312
2022-04-10,Yuba,115,75493,15853,15848,1221,17069,121
2022-04-09,Alameda,001,1643700,257575,256649,14342,270991,1826
2022-04-09,Alpine,003,1148,124,124,1,125,0
2022-04-09,Amador,005,37829,8534,8489,655,9144,86
2022-04-09,Butte,007,227075,33056,33031,6682,39713,399
2022-04-09,Calaveras,009,45235,7278,7260,358,7618,119
2022-04-09,Colusa,011,21464,3448,3449,1079,4528,21
2022-04-09,Contra Costa,013,1133247,189408,189154,13436,202590,1296
2022-04-09,Del Norte,015,27424,5806,5811,198,6009,50
2022-04-09,El Dorado,017,186661,26767,26757,3221,29978,207
2022-04-09,Fresno,019,978130,231480,231090,23616,254706,2731
2022-04-09,Glenn,021,27897,4985,4988,1579,6567,47
2022-04-09,Humboldt,023,135768,16930,16913,2997,19910,141
2022-04-09,Imperial,025,180216,55401,55267,11414,66681,910
2022-04-09,Inyo,027,18085,4076,4071,498,4569,56
2022-04-09,Kern,029,883053,191929,191542,46354,237896,2244
2022-04-09,Kings,031,150075,51536,51519,3623,55142,443
2022-04-09,Lake,033,64148,10701,10690,902,11592,134
2022-04-09,Lassen,035,31185,8964,8948,889,9837,65
2022-04-09,Los Angeles,037,10098052,2716096,2709735,125647,2835382,31509
2022-04-09,Madera,039,155013,37323,37356,6095,43451,354
2022-04-09,Marin,041,260295,33777,33648,2390,36038,288
2022-04-09,Mariposa,043,17540,2405,2394,204,2598,29
2022-04-09,Mendocino,045,87422,13105,13087,3055,16142,120
2022-04-09,Merced,047,269075,62193,62231,8717,70948,811
2022-04-09,Modoc,049,8938,743,743,253,996,8
2022-04-09,Mono,051,14174,2971,2967,124,3091,6
2022-04-09,Monterey,053,433212,79503,79103,13961,93064,727
2022-04-09,Napa,055,140530,25930,25824,992,26816,144
2022-04-09,Nevada,057,99092,15997,15976,1219,17195,123
2022-04-09,Orange,059,3164182,547916,546983,41783,588766,6912
2022-04-09,Placer,061,380077,62851,62831,7440,70271,616
2022-04-09,Plumas,063,18699,2924,2887,365,3252,13
2022-04-09,Riverside,065,2383286,591682,591268,28241,619509,6429
2022-04-09,Sacramento,067,1510023,280434,277125,27289,304414,2972
2022-04-09,San Benito,069,59416,12933,12917,520,13437,98
2022-04-09,San Bernardino,071,2135413,566004,562571,24908,587479,6892
2022-04-09,San Diego,073,3302833,755513,754281,52189,806470,5210
2022-04-09,San Francisco,075,870044,126501,125963,8451,134414,844
2022-04-09,San Joaquin,077,732212,166397,166547,9463,176010,2212
2022-04-09,San Luis Obispo,079,281455,52582,52609,3817,56426,476
2022-04-09,San Mateo,081,765935,122864,121514,7123,128637,698
2022-04-09,Santa Barbara,083,443738,85981,85754,4864,90618,680
2022-04-09,Santa Clara,085,1922200,314832,313965,12627,326592,2266
2022-04-09,Santa Cruz,087,273765,47715,47624,2162,49786,259
2022-04-09,Shasta,089,179085,30572,30586,6167,36753,549
2022-04-09,Sierra,091,2930,276,272,48,320,4
2022-04-09,Siskiyou,093,43540,4445,4444,2761,7205,80
2022-04-09,Solano,095,438530,81659,81886,5574,87460,448
2022-04-09,Sonoma,097,501317,84024,83600,2648,86248,485
2022-04-09,Stanislaus,099,539301,117526,117528,17381,134909,1578
2022-04-09,Sutter,101,95872,20569,20591,2151,22742,223
2022-04-09,Tehama,103,63373,12055,12059,2631,14690,201
2022-04-09,Trinity,105,12862,1177,1177,295,1472,20
2022-04-09,Tulare,107,460477,106472,105278,28722,134000,1415
2022-04-09,Tuolumne,109,53932,12630,12632,567,13199,180
2022-04-09,Ventura,111,848112,173624,173343,9320,182663,1467
2022-04-09,Yolo,113,214977,36861,36587,3213,39800,312
2022-04-09,Yuba,115,75493,15851,15848,1221,17069,121
2022-04-08,Alameda,001,1643700,257428,256649,14337,270986,1826
2022-04-08,Alpine,003,1148,124,124,1,125,0
2022-04-08,Amador,005,37829,8532,8489,655,9144,86
2022-04-08,Butte,007,227075,33051,33031,6679,39710,399
2022-04-08,Calaveras,009,45235,7276,7260,358,7618,119
2022-04-08,Colusa,011,21464,3448,3449,1079,4528,21
2022-04-08,Contra Costa,013,1133247,189336,189154,13427,202581,1296
2022-04-08,Del Norte,015,27424,5804,5811,198,6009,50
2022-04-08,El Dorado,017,186661,26765,26757,3221,29978,207
2022-04-08,Fresno,019,978130,231460,231090,23615,254705,2731
2022-04-08,Glenn,021,27897,4985,4988,1579,6567,47
2022-04-08,Humboldt,023,135768,16925,16913,2995,19908,141
2022-04-08,Imperial,025,180216,55396,55267,11414,66681,910
2022-04-08,Inyo,027,18085,4075,4071,497,4568,56
2022-04-08,Kern,029,883053,191913,191542,46353,237895,2244
2022-04-08,Kings,031,150075,51531,51519,3623,55142,443
2022-04-08,Lake,033,64148,10701,10690,902,11592,134
2022-04-08,Lassen,035,31185,8964,8948,889,9837,65
2022-04-08,Los Angeles,037,10098052,2715518,2709735,125600,2835335,31509
2022-04-08,Madera,039,155013,37321,37356,6095,43451,354
2022-04-08,Marin,041,260295,33759,33648,2374,36022,288
2022-04-08,Mariposa,043,17540,2405,2394,204,2598,29
2022-04-08,Mendocino,045,87422,13103,13087,3055,16142,120
2022-04-08,Merced,047,269075,62185,62231,8714,70945,811
2022-04-08,Modoc,049,8938,743,743,253,996,8
2022-04-08,Mono,051,14174,2970,2967,124,3091,6
2022-04-08,Monterey,053,433212,79493,79103,13960,93063,727
2022-04-08,Napa,055,140530,25919,25824,985,26809,144
2022-04-08,Nevada,057,99092,15994,15976,1218,17194,123
2022-04-08,Orange,059,3164182,547802,546983,41768,588751,6912
2022-04-08,Placer,061,380077,62835,62831,7438,70269,616
2022-04-08,Plumas,063,18699,2921,2887,365,3252,13
2022-04-08,Riverside,065,2383286,591602,591268,28238,619506,6429
2022-04-08,Sacramento,067,1510023,280389,277125,27287,304412,2972
2022-04-08,San Benito,069,59416,12933,12917,520,13437,98
2022-04-08,San Bernardino,071,2135413,565952,562571,24905,587476,6892
2022-04-08,San Diego,073,3302833,755345,754281,52180,806461,5210
2022-04-08,San Francisco,075,870044,126405,125963,8447,134410,844
2022-04-08,San Joaquin,077,732212,166380,166547,9461,176008,2212
2022-04-08,San Luis Obispo,079,281455,52577,52609,3817,56426,476
2022-04-08,San Mateo,081,765935,122761,121514,7119,128633,698
2022-04-08,Santa Barbara,083,443738,85961,85754,4864,90618,680
2022-04-08,Santa Clara,085,1922200,314655,313965,12622,326587,2266
2022-04-08,Santa Cruz,087,273765,47699,47624,2159,49783,259
2022-04-08,Shasta,089,179085,30570,30586,6167,36753,549
2022-04-08,Sierra,091,2930,276,272,48,320,4
2022-04-08,Siskiyou,093,43540,4445,4444,2761,7205,80
2022-04-08,Solano,095,438530,81640,81886,5573,87459,448
2022-04-08,Sonoma,097,501317,83972,83600,2644,86244,485
2022-04-08,Stanislaus,099,539301,117511,117528,17380,134908,1578
2022-04-08,Sutter,101,95872,20569,20591,2151,22742,223
2022-04-08,Tehama,103,63373,12055,12059,2631,14690,201
2022-04-08,Trinity,105,12862,1177,1177,295,1472,20
2022-04-08,Tulare,107,460477,106468,105278,28718,133996,1415
2022-04-08,Tuolumne,109,53932,12629,12632,567,13199,180
2022-04-08,Ventura,111,848112,173595,173343,9318,182661,1467
2022-04-08,Yolo,113,214977,36852,36587,3212,39799,312
2022-04-08,Yuba,115,75493,15850,15848,1221,17069,121
2022-04-07,Alameda,001,1643700,257252,256649,14329,270978,1826
2022-04-07,Alpine,003,1148,124,124,1,125,0
2022-04-07,Amador,005,37829,8531,8489,653,9142,86
2022-04-07,Butte,007,227075,33048,33031,6678,39709,399
2022-04-07,Calaveras,009,45235,7274,7260,358,7618,119
2022-04-07,Colusa,011,21464,3447,3449,1079,4528,21
2022-04-07,Contra Costa,013,1133247,189215,189154,13417,202571,1296
2022-04-07,Del Norte,015,27424,5803,5811,198,6009,50
2022-04-07,El Dorado,017,186661,26753,26757,3219,29976,207
2022-04-07,Fresno,019,978130,231434,231090,23613,254703,2731
2022-04-07,Glenn,021,27897,4983,4988,1578,6566,47
2022-04-07,Humboldt,023,135768,16918,16913,2993,19906,141
2022-04-07,Imperial,025,180216,55394,55267,11410,66677,910
2022-04-07,Inyo,027,18085,4075,4071,497,4568,56
2022-04-07,Kern,029,883053,191889,191542,46350,237892,2244
2022-04-07,Kings,031,150075,51523,51519,3623,55142,443
2022-04-07,Lake,033,64148,10698,10690,901,11591,134
2022-04-07,Lassen,035,31185,8964,8948,889,9837,65
2022-04-07,Los Angeles,037,10098052,2714647,2709735,125529,2835264,31509
2022-04-07,Madera,039,155013,37316,37356,6095,43451,354
2022-04-07,Marin,041,260295,33741,33648,2355,36003,288
2022-04-07,Mariposa,043,17540,2402,2394,203,2597,29
2022-04-07,Mendocino,045,87422,13099,13087,3054,16141,120
2022-04-07,Merced,047,269075,62176,62231,8710,70941,811
2022-04-07,Modoc,049,8938,743,743,253,996,8
2022-04-07,Mono,051,14174,2970,2967,123,3090,6
2022-04-07,Monterey,053,433212,79474,79103,13956,93059,727
2022-04-07,Napa,055,140530,25903,25824,981,26805,144
2022-04-07,Nevada,057,99092,15987,15976,1217,17193,123
2022-04-07,Orange,059,3164182,547650,546983,41740,588723,6912
2022-04-07,Placer,061,380077,62819,62831,7436,70267,616
2022-04-07,Plumas,063,18699,2921,2887,365,3252,13
2022-04-07,Riverside,065,2383286,591498,591268,28225,619493,6429
2022-04-07,Sacramento,067,1510023,280326,277125,27280,304405,2972
2022-04-07,San Benito,069,59416,12932,12917,520,13437,98
2022-04-07,San Bernardino,071,2135413,565792,562571,24893,587464,6892
2022-04-07,San Diego,073,3302833,755085,754281,52157,806438,5210
2022-04-07,San Francisco,075,870044,126260,125963,8433,134396,844
2022-04-07,San Joaquin,077,732212,166344,166547,9459,176006,2212
2022-04-07,San Luis Obispo,079,281455,52559,52609,3816,56425,476
2022-04-07,San Mateo,081,765935,122643,121514,7104,128618,698
2022-04-07,Santa Barbara,083,443738,85918,85754,4862,90616,680
2022-04-07,Santa Clara,085,1922200,314435,313965,12611,326576,2266
2022-04-07,Santa Cruz,087,273765,47680,47624,2155,49779,259
2022-04-07,Shasta,089,179085,30569,30586,6167,36753,549
2022-04-07,Sierra,091,2930,276,272,48,320,4
2022-04-07,Siskiyou,093,43540,4445,4444,2760,7204,80
2022-04-07,Solano,095,438530,81614,81886,5572,87458,448
2022-04-07,Sonoma,097,501317,83928,83600,2638,86238,485
2022-04-07,Stanislaus,099,539301,117489,117528,17376,134904,1578
2022-04-07,Sutter,101,95872,20566,20591,2150,22741,223
2022-04-07,Tehama,103,63373,12052,12059,2631,14690,201
2022-04-07,Trinity,105,12862,1177,1177,295,1472,20
2022-04-07,Tulare,107,460477,106462,105278,28716,133994,1415
2022-04-07,Tuolumne,109,53932,12627,12632,566,13198,180
2022-04-07,Ventura,111,848112,173566,173343,9316,182659,1467
2022-04-07,Yolo,113,214977,36839,36587,3212,39799,312
2022-04-07,Yuba,115,75493,15848,15848,1221,17069,121
2022-04-06,Alameda,001,1643700,257085,256143,14322,270465,1814
2022-04-06,Alpine,003,1148,124,124,1,125,0
2022-04-06,Amador,005,37829,8531,8488,653,9141,86
2022-04-06,Butte,007,227075,33043,32997,6676,39673,396
2022-04-06,Calaveras,009,45235,7272,7258,358,7616,120
2022-04-06,Colusa,011,21464,3447,3447,1079,4526,21
2022-04-06,Contra Costa,013,1133247,189148,188850,13403,202253,1296
2022-04-06,Del Norte,015,27424,5802,5809,198,6007,50
2022-04-06,El Dorado,017,186661,26750,26744,3219,29963,205
2022-04-06,Fresno,019,978130,231397,230942,23611,254553,2725
2022-04-06,Glenn,021,27897,4983,4986,1577,6563,47
2022-04-06,Humboldt,023,135768,16914,16904,2992,19896,140
2022-04-06,Imperial,025,180216,55386,55294,11403,66697,908
2022-04-06,Inyo,027,18085,4074,4068,495,4563,56
2022-04-06,Kern,029,883053,191867,191449,46347,237796,2234
2022-04-06,Kings,031,150075,51522,51491,3622,55113,443
2022-04-06,Lake,033,64148,10696,10679,901,11580,136
2022-04-06,Lassen,035,31185,8964,8945,889,9834,65
2022-04-06,Los Angeles,037,10098052,2713644,2707306,125470,2832776,31465
2022-04-06,Madera,039,155013,37312,37349,6095,43444,354
2022-04-06,Marin,041,260295,33721,33566,2348,35914,288
2022-04-06,Mariposa,043,17540,2401,2392,203,2595,29
2022-04-06,Mendocino,045,87422,13095,13074,3053,16127,119
2022-04-06,Merced,047,269075,62167,62195,8707,70902,810
2022-04-06,Modoc,049,8938,743,741,253,994,8
2022-04-06,Mono,051,14174,2969,2967,123,3090,6
2022-04-06,Monterey,053,433212,79459,79019,13946,92965,727
2022-04-06,Napa,055,140530,25886,25790,978,26768,143
2022-04-06,Nevada,057,99092,15985,15974,1217,17191,123
2022-04-06,Orange,059,3164182,547481,546491,41713,588204,6887
2022-04-06,Placer,061,380077,62813,62787,7435,70222,615
2022-04-06,Plumas,063,18699,2921,2850,365,3215,13
2022-04-06,Riverside,065,2383286,591401,590826,28220,619046,6424
2022-04-06,Sacramento,067,1510023,280246,276567,27276,303843,2953
2022-04-06,San Benito,069,59416,12931,12908,520,13428,98
2022-04-06,San Bernardino,071,2135413,565657,561648,24891,586539,6883
2022-04-06,San Diego,073,3302833,754787,753402,52124,805526,5192
2022-04-06,San Francisco,075,870044,126104,125536,8426,133962,843
2022-04-06,San Joaquin,077,732212,166313,166415,9458,175873,2207
2022-04-06,San Luis Obispo,079,281455,52537,52557,3815,56372,475
2022-04-06,San Mateo,081,765935,122538,121041,7091,128132,693
2022-04-06,Santa Barbara,083,443738,85877,85630,4858,90488,679
2022-04-06,Santa Clara,085,1922200,314238,313278,12588,325866,2265
2022-04-06,Santa Cruz,087,273765,47625,47446,2149,49595,259
2022-04-06,Shasta,089,179085,30568,30565,6167,36732,529
2022-04-06,Sierra,091,2930,276,272,48,320,4
2022-04-06,Siskiyou,093,43540,4445,4442,2760,7202,80
2022-04-06,Solano,095,438530,81580,81789,5567,87356,447
2022-04-06,Sonoma,097,501317,83869,83361,2632,85993,485
2022-04-06,Stanislaus,099,539301,117473,117534,17370,134904,1578
2022-04-06,Sutter,101,95872,20561,20581,2150,22731,222
2022-04-06,Tehama,103,63373,12052,12049,2631,14680,198
2022-04-06,Trinity,105,12862,1177,1173,295,1468,20
2022-04-06,Tulare,107,460477,106457,104826,28711,133537,1414
2022-04-06,Tuolumne,109,53932,12625,12621,566,13187,180
2022-04-06,Ventura,111,848112,173513,173179,9313,182492,1460
2022-04-06,Yolo,113,214977,36819,36393,3211,39604,314
2022-04-06,Yuba,115,75493,15844,15839,1221,17060,121
2022-04-05,Alameda,001,1643700,256890,256143,14314,270457,1814
2022-04-05,Alpine,003,1148,124,124,1,125,0
2022-04-05,Amador,005,37829,8530,8488,653,9141,86
2022-04-05,Butte,007,227075,33037,32997,6673,39670,396
2022-04-05,Calaveras,009,45235,7269,7258,358,7616,120
2022-04-05,Colusa,011,21464,3445,3447,1078,4525,21
2022-04-05,Contra Costa,013,1133247,189058,188850,13399,202249,1296
2022-04-05,Del Norte,015,27424,5800,5809,198,6007,50
2022-04-05,El Dorado,017,186661,26738,26744,3219,29963,205
2022-04-05,Fresno,019,978130,231364,230942,23604,254546,2725
2022-04-05,Glenn,021,27897,4983,4986,1576,6562,47
2022-04-05,Humboldt,023,135768,16908,16904,2992,19896,140
2022-04-05,Imperial,025,180216,55384,55294,11401,66695,908
2022-04-05,Inyo,027,18085,4073,4068,494,4562,56
2022-04-05,Kern,029,883053,191846,191449,46344,237793,2234
2022-04-05,Kings,031,150075,51519,51491,3622,55113,443
2022-04-05,Lake,033,64148,10693,10679,901,11580,136
2022-04-05,Lassen,035,31185,8964,8945,889,9834,65
2022-04-05,Los Angeles,037,10098052,2712614,2707306,125397,2832703,31465
2022-04-05,Madera,039,155013,37305,37349,6093,43442,354
2022-04-05,Marin,041,260295,33666,33566,2331,35897,288
2022-04-05,Mariposa,043,17540,2401,2392,203,2595,29
2022-04-05,Mendocino,045,87422,13089,13074,3052,16126,119
2022-04-05,Merced,047,269075,62157,62195,8700,70895,810
2022-04-05,Modoc,049,8938,743,741,253,994,8
2022-04-05,Mono,051,14174,2968,2967,123,3090,6
2022-04-05,Monterey,053,433212,79436,79019,13933,92952,727
2022-04-05,Napa,055,140530,25877,25790,973,26763,143
2022-04-05,Nevada,057,99092,15977,15974,1217,17191,123
2022-04-05,Orange,059,3164182,547297,546491,41686,588177,6887
2022-04-05,Placer,061,380077,62790,62787,7435,70222,615
2022-04-05,Plumas,063,18699,2921,2850,365,3215,13
2022-04-05,Riverside,065,2383286,591283,590826,28208,619034,6424
2022-04-05,Sacramento,067,1510023,280168,276567,27270,303837,2953
2022-04-05,San Benito,069,59416,12922,12908,520,13428,98
2022-04-05,San Bernardino,071,2135413,565525,561648,24879,586527,6883
2022-04-05,San Diego,073,3302833,754474,753402,52085,805487,5192
2022-04-05,San Francisco,075,870044,125907,125536,8418,133954,843
2022-04-05,San Joaquin,077,732212,166271,166415,9456,175871,2207
2022-04-05,San Luis Obispo,079,281455,52520,52557,3810,56367,475
2022-04-05,San Mateo,081,765935,122421,121041,7079,128120,693
2022-04-05,Santa Barbara,083,443738,85842,85630,4855,90485,679
2022-04-05,Santa Clara,085,1922200,313981,313278,12575,325853,2265
2022-04-05,Santa Cruz,087,273765,47557,47446,2146,49592,259
2022-04-05,Shasta,089,179085,30568,30565,6165,36730,529
2022-04-05,Sierra,091,2930,276,272,48,320,4
2022-04-05,Siskiyou,093,43540,4445,4442,2760,7202,80
2022-04-05,Solano,095,438530,81531,81789,5564,87353,447
2022-04-05,Sonoma,097,501317,83806,83361,2623,85984,485
2022-04-05,Stanislaus,099,539301,117459,117534,17360,134894,1578
2022-04-05,Sutter,101,95872,20557,20581,2149,22730,222
2022-04-05,Tehama,103,63373,12050,12049,2630,14679,198
2022-04-05,Trinity,105,12862,1177,1173,295,1468,20
2022-04-05,Tulare,107,460477,106446,104826,28708,133534,1414
2022-04-05,Tuolumne,109,53932,12623,12621,566,13187,180
2022-04-05,Ventura,111,848112,173459,173179,9307,182486,1460
2022-04-05,Yolo,113,214977,36806,36393,3208,39601,314
2022-04-05,Yuba,115,75493,15842,15839,1221,17060,121
2022-04-04,Alameda,001,1643700,256675,256143,14300,270443,1814
2022-04-04,Alpine,003,1148,124,124,1,125,0
2022-04-04,Amador,005,37829,8529,8488,652,9140,86
2022-04-04,Butte,007,227075,33032,32997,6671,39668,396
2022-04-04,Calaveras,009,45235,7269,7258,358,7616,120
2022-04-04,Colusa,011,21464,3444,3447,1078,4525,21
2022-04-04,Contra Costa,013,1133247,188964,188850,13395,202245,1296
2022-04-04,Del Norte,015,27424,5800,5809,198,6007,50
2022-04-04,El Dorado,017,186661,26734,26744,3218,29962,205
2022-04-04,Fresno,019,978130,231347,230942,23601,254543,2725
2022-04-04,Glenn,021,27897,4982,4986,1576,6562,47
2022-04-04,Humboldt,023,135768,16900,16904,2987,19891,140
2022-04-04,Imperial,025,180216,55380,55294,11396,66690,908
2022-04-04,Inyo,027,18085,4073,4068,492,4560,56
2022-04-04,Kern,029,883053,191824,191449,46338,237787,2234
2022-04-04,Kings,031,150075,51512,51491,3622,55113,443
2022-04-04,Lake,033,64148,10688,10679,901,11580,136
2022-04-04,Lassen,035,31185,8964,8945,889,9834,65
2022-04-04,Los Angeles,037,10098052,2711545,2707306,125354,2832660,31465
2022-04-04,Madera,039,155013,37301,37349,6093,43442,354
2022-04-04,Marin,041,260295,33650,33566,2322,35888,288
2022-04-04,Mariposa,043,17540,2400,2392,203,2595,29
2022-04-04,Mendocino,045,87422,13083,13074,3052,16126,119
2022-04-04,Merced,047,269075,62147,62195,8696,70891,810
2022-04-04,Modoc,049,8938,743,741,253,994,8
2022-04-04,Mono,051,14174,2968,2967,123,3090,6
2022-04-04,Monterey,053,433212,79421,79019,13927,92946,727
2022-04-04,Napa,055,140530,25859,25790,973,26763,143
2022-04-04,Nevada,057,99092,15972,15974,1217,17191,123
2022-04-04,Orange,059,3164182,547134,546491,41663,588154,6887
2022-04-04,Placer,061,380077,62780,62787,7435,70222,615
2022-04-04,Plumas,063,18699,2920,2850,365,3215,13
2022-04-04,Riverside,065,2383286,591190,590826,28196,619022,6424
2022-04-04,Sacramento,067,1510023,280073,276567,27260,303827,2953
2022-04-04,San Benito,069,59416,12920,12908,520,13428,98
2022-04-04,San Bernardino,071,2135413,565392,561648,24872,586520,6883
2022-04-04,San Diego,073,3302833,754152,753402,52054,805456,5192
2022-04-04,San Francisco,075,870044,125711,125536,8409,133945,843
2022-04-04,San Joaquin,077,732212,166244,166415,9453,175868,2207
2022-04-04,San Luis Obispo,079,281455,52497,52557,3808,56365,475
2022-04-04,San Mateo,081,765935,122288,121041,7066,128107,693
2022-04-04,Santa Barbara,083,443738,85798,85630,4854,90484,679
2022-04-04,Santa Clara,085,1922200,313717,313278,12566,325844,2265
2022-04-04,Santa Cruz,087,273765,47511,47446,2145,49591,259
2022-04-04,Shasta,089,179085,30565,30565,6164,36729,529
2022-04-04,Sierra,091,2930,276,272,48,320,4
2022-04-04,Siskiyou,093,43540,4445,4442,2760,7202,80
2022-04-04,Solano,095,438530,81492,81789,5561,87350,447
2022-04-04,Sonoma,097,501317,83755,83361,2616,85977,485
2022-04-04,Stanislaus,099,539301,117437,117534,17352,134886,1578
2022-04-04,Sutter,101,95872,20554,20581,2149,22730,222
2022-04-04,Tehama,103,63373,12048,12049,2630,14679,198
2022-04-04,Trinity,105,12862,1177,1173,295,1468,20
2022-04-04,Tulare,107,460477,106437,104826,28704,133530,1414
2022-04-04,Tuolumne,109,53932,12617,12621,566,13187,180
2022-04-04,Ventura,111,848112,173417,173179,9305,182484,1460
2022-04-04,Yolo,113,214977,36796,36393,3205,39598,314
2022-04-04,Yuba,115,75493,15840,15839,1221,17060,121
2022-04-03,Alameda,001,1643700,256439,255650,14299,269949,1813
2022-04-03,Alpine,003,1148,124,124,1,125,0
2022-04-03,Amador,005,37829,8529,8485,652,9137,86
2022-04-03,Butte,007,227075,33025,32981,6669,39650,396
2022-04-03,Calaveras,009,45235,7269,7254,358,7612,119
2022-04-03,Colusa,011,21464,3444,3445,1078,4523,21
2022-04-03,Contra Costa,013,1133247,188860,188658,13386,202044,1291
2022-04-03,Del Norte,015,27424,5800,5812,198,6010,50
2022-04-03,El Dorado,017,186661,26720,26732,3217,29949,200
2022-04-03,Fresno,019,978130,231314,230559,23598,254157,2722
2022-04-03,Glenn,021,27897,4982,4982,1576,6558,47
2022-04-03,Humboldt,023,135768,16895,16898,2987,19885,140
2022-04-03,Imperial,025,180216,55377,55266,11384,66650,908
2022-04-03,Inyo,027,18085,4071,4063,492,4555,56
2022-04-03,Kern,029,883053,191798,191384,46332,237716,2224
2022-04-03,Kings,031,150075,51506,51470,3620,55090,443
2022-04-03,Lake,033,64148,10686,10674,901,11575,136
2022-04-03,Lassen,035,31185,8963,8943,889,9832,65
2022-04-03,Los Angeles,037,10098052,2710373,2703576,125272,2828848,31410
2022-04-03,Madera,039,155013,37299,37333,6091,43424,354
2022-04-03,Marin,041,260295,33615,33493,2311,35804,287
2022-04-03,Mariposa,043,17540,2399,2391,203,2594,29
2022-04-03,Mendocino,045,87422,13077,13058,3050,16108,119
2022-04-03,Merced,047,269075,62132,62149,8692,70841,808
2022-04-03,Modoc,049,8938,742,741,253,994,8
2022-04-03,Mono,051,14174,2968,2967,123,3090,6
2022-04-03,Monterey,053,433212,79404,78964,13903,92867,726
2022-04-03,Napa,055,140530,25839,25757,972,26729,143
2022-04-03,Nevada,057,99092,15964,15962,1217,17179,123
2022-04-03,Orange,059,3164182,546936,546047,41637,587684,6880
2022-04-03,Placer,061,380077,62754,62740,7431,70171,614
2022-04-03,Plumas,063,18699,2919,2803,365,3168,14
2022-04-03,Riverside,065,2383286,591034,590563,28178,618741,6418
2022-04-03,Sacramento,067,1510023,279999,276218,27245,303463,2950
2022-04-03,San Benito,069,59416,12916,12901,520,13421,98
2022-04-03,San Bernardino,071,2135413,565251,561362,24867,586229,6865
2022-04-03,San Diego,073,3302833,753820,752281,52015,804296,5178
2022-04-03,San Francisco,075,870044,125488,125075,8403,133478,843
2022-04-03,San Joaquin,077,732212,166192,166336,9447,175783,2202
2022-04-03,San Luis Obispo,079,281455,52478,52512,3808,56320,475
2022-04-03,San Mateo,081,765935,122154,120717,7059,127776,693
2022-04-03,Santa Barbara,083,443738,85755,85611,4852,90463,678
2022-04-03,Santa Clara,085,1922200,313420,312517,12556,325073,2258
2022-04-03,Santa Cruz,087,273765,47456,47371,2143,49514,259
2022-04-03,Shasta,089,179085,30555,30556,6163,36719,530
2022-04-03,Sierra,091,2930,276,273,48,321,4
2022-04-03,Siskiyou,093,43540,4445,4439,2760,7199,80
2022-04-03,Solano,095,438530,81456,81848,5556,87404,446
2022-04-03,Sonoma,097,501317,83674,83235,2610,85845,485
2022-04-03,Stanislaus,099,539301,117407,117536,17347,134883,1581
2022-04-03,Sutter,101,95872,20551,20570,2149,22719,222
2022-04-03,Tehama,103,63373,12045,12046,2630,14676,198
2022-04-03,Trinity,105,12862,1177,1173,295,1468,20
2022-04-03,Tulare,107,460477,106430,104736,28691,133427,1410
2022-04-03,Tuolumne,109,53932,12616,12618,566,13184,180
2022-04-03,Ventura,111,848112,173366,173044,9303,182347,1460
2022-04-03,Yolo,113,214977,36778,36347,3203,39550,313
2022-04-03,Yuba,115,75493,15838,15835,1221,17056,120
2022-04-02,Alameda,001,1643700,256351,255650,14298,269948,1813
2022-04-02,Alpine,003,1148,124,124,1,125,0
2022-04-02,Amador,005,37829,8529,8485,652,9137,86
2022-04-02,Butte,007,227075,33021,32981,6669,39650,396
2022-04-02,Calaveras,009,45235,7269,7254,358,7612,119
2022-04-02,Colusa,011,21464,3444,3445,1078,4523,21
2022-04-02,Contra Costa,013,1133247,188804,188658,13383,202041,1291
2022-04-02,Del Norte,015,27424,5799,5812,198,6010,50
2022-04-02,El Dorado,017,186661,26717,26732,3217,29949,200
2022-04-02,Fresno,019,978130,231286,230559,23598,254157,2722
2022-04-02,Glenn,021,27897,4982,4982,1576,6558,47
2022-04-02,Humboldt,023,135768,16891,16898,2987,19885,140
2022-04-02,Imperial,025,180216,55374,55266,11383,66649,908
2022-04-02,Inyo,027,18085,4071,4063,492,4555,56
2022-04-02,Kern,029,883053,191784,191384,46329,237713,2224
2022-04-02,Kings,031,150075,51503,51470,3620,55090,443
2022-04-02,Lake,033,64148,10685,10674,901,11575,136
2022-04-02,Lassen,035,31185,8963,8943,889,9832,65
2022-04-02,Los Angeles,037,10098052,2709887,2703576,125232,2828808,31410
2022-04-02,Madera,039,155013,37296,37333,6091,43424,354
2022-04-02,Marin,041,260295,33591,33493,2303,35796,287
2022-04-02,Mariposa,043,17540,2398,2391,203,2594,29
2022-04-02,Mendocino,045,87422,13075,13058,3050,16108,119
2022-04-02,Merced,047,269075,62129,62149,8692,70841,808
2022-04-02,Modoc,049,8938,742,741,253,994,8
2022-04-02,Mono,051,14174,2968,2967,122,3089,6
2022-04-02,Monterey,053,433212,79391,78964,13898,92862,726
2022-04-02,Napa,055,140530,25826,25757,971,26728,143
2022-04-02,Nevada,057,99092,15961,15962,1216,17178,123
2022-04-02,Orange,059,3164182,546831,546047,41626,587673,6880
2022-04-02,Placer,061,380077,62745,62740,7429,70169,614
2022-04-02,Plumas,063,18699,2919,2803,365,3168,14
2022-04-02,Riverside,065,2383286,590960,590563,28173,618736,6418
2022-04-02,Sacramento,067,1510023,279962,276218,27245,303463,2950
2022-04-02,San Benito,069,59416,12915,12901,520,13421,98
2022-04-02,San Bernardino,071,2135413,565202,561362,24863,586225,6865
2022-04-02,San Diego,073,3302833,753695,752281,52007,804288,5178
2022-04-02,San Francisco,075,870044,125390,125075,8393,133468,843
2022-04-02,San Joaquin,077,732212,166172,166336,9446,175782,2202
2022-04-02,San Luis Obispo,079,281455,52473,52512,3808,56320,475
2022-04-02,San Mateo,081,765935,122062,120717,7050,127767,693
2022-04-02,Santa Barbara,083,443738,85736,85611,4851,90462,678
2022-04-02,Santa Clara,085,1922200,313257,312517,12552,325069,2258
2022-04-02,Santa Cruz,087,273765,47445,47371,2142,49513,259
2022-04-02,Shasta,089,179085,30554,30556,6162,36718,530
2022-04-02,Sierra,091,2930,276,273,48,321,4
2022-04-02,Siskiyou,093,43540,4444,4439,2759,7198,80
2022-04-02,Solano,095,438530,81441,81848,5556,87404,446
2022-04-02,Sonoma,097,501317,83629,83235,2604,85839,485
2022-04-02,Stanislaus,099,539301,117397,117536,17345,134881,1581
2022-04-02,Sutter,101,95872,20546,20570,2149,22719,222
2022-04-02,Tehama,103,63373,12045,12046,2630,14676,198
2022-04-02,Trinity,105,12862,1177,1173,295,1468,20
2022-04-02,Tulare,107,460477,106427,104736,28691,133427,1410
2022-04-02,Tuolumne,109,53932,12614,12618,566,13184,180
2022-04-02,Ventura,111,848112,173328,173044,9303,182347,1460
2022-04-02,Yolo,113,214977,36769,36347,3201,39548,313
2022-04-02,Yuba,115,75493,15837,15835,1221,17056,120
2022-04-01,Alameda,001,1643700,256251,255650,14294,269944,1813
2022-04-01,Alpine,003,1148,124,124,1,125,0
2022-04-01,Amador,005,37829,8529,8485,652,9137,86
2022-04-01,Butte,007,227075,33017,32981,6665,39646,396
2022-04-01,Calaveras,009,45235,7267,7254,358,7612,119
2022-04-01,Colusa,011,21464,3443,3445,1078,4523,21
2022-04-01,Contra Costa,013,1133247,188757,188658,13382,202040,1291
2022-04-01,Del Norte,015,27424,5797,5812,198,6010,50
2022-04-01,El Dorado,017,186661,26714,26732,3216,29948,200
2022-04-01,Fresno,019,978130,231261,230559,23596,254155,2722
2022-04-01,Glenn,021,27897,4982,4982,1576,6558,47
2022-04-01,Humboldt,023,135768,16889,16898,2987,19885,140
2022-04-01,Imperial,025,180216,55372,55266,11383,66649,908
2022-04-01,Inyo,027,18085,4069,4063,491,4554,56
2022-04-01,Kern,029,883053,191773,191384,46326,237710,2224
2022-04-01,Kings,031,150075,51500,51470,3620,55090,443
2022-04-01,Lake,033,64148,10683,10674,901,11575,136
2022-04-01,Lassen,035,31185,8962,8943,889,9832,65
2022-04-01,Los Angeles,037,10098052,2709399,2703576,125189,2828765,31410
2022-04-01,Madera,039,155013,37295,37333,6091,43424,354
2022-04-01,Marin,041,260295,33573,33493,2296,35789,287
2022-04-01,Mariposa,043,17540,2395,2391,203,2594,29
2022-04-01,Mendocino,045,87422,13072,13058,3050,16108,119
2022-04-01,Merced,047,269075,62122,62149,8690,70839,808
2022-04-01,Modoc,049,8938,742,741,253,994,8
2022-04-01,Mono,051,14174,2968,2967,122,3089,6
2022-04-01,Monterey,053,433212,79376,78964,13895,92859,726
2022-04-01,Napa,055,140530,25818,25757,971,26728,143
2022-04-01,Nevada,057,99092,15961,15962,1215,17177,123
2022-04-01,Orange,059,3164182,546726,546047,41616,587663,6880
2022-04-01,Placer,061,380077,62732,62740,7429,70169,614
2022-04-01,Plumas,063,18699,2919,2803,364,3167,14
2022-04-01,Riverside,065,2383286,590901,590563,28159,618722,6418
2022-04-01,Sacramento,067,1510023,279927,276218,27241,303459,2950
2022-04-01,San Benito,069,59416,12914,12901,520,13421,98
2022-04-01,San Bernardino,071,2135413,565150,561362,24859,586221,6865
2022-04-01,San Diego,073,3302833,753549,752281,51995,804276,5178
2022-04-01,San Francisco,075,870044,125291,125075,8386,133461,843
2022-04-01,San Joaquin,077,732212,166153,166336,9445,175781,2202
2022-04-01,San Luis Obispo,079,281455,52467,52512,3807,56319,475
2022-04-01,San Mateo,081,765935,122006,120717,7045,127762,693
2022-04-01,Santa Barbara,083,443738,85716,85611,4850,90461,678
2022-04-01,Santa Clara,085,1922200,313115,312517,12551,325068,2258
2022-04-01,Santa Cruz,087,273765,47431,47371,2140,49511,259
2022-04-01,Shasta,089,179085,30554,30556,6162,36718,530
2022-04-01,Sierra,091,2930,276,273,48,321,4
2022-04-01,Siskiyou,093,43540,4444,4439,2758,7197,80
2022-04-01,Solano,095,438530,81427,81848,5556,87404,446
2022-04-01,Sonoma,097,501317,83585,83235,2603,85838,485
2022-04-01,Stanislaus,099,539301,117388,117536,17342,134878,1581
2022-04-01,Sutter,101,95872,20546,20570,2149,22719,222
2022-04-01,Tehama,103,63373,12044,12046,2630,14676,198
2022-04-01,Trinity,105,12862,1177,1173,295,1468,20
2022-04-01,Tulare,107,460477,106422,104736,28687,133423,1410
2022-04-01,Tuolumne,109,53932,12613,12618,566,13184,180
2022-04-01,Ventura,111,848112,173299,173044,9300,182344,1460
2022-04-01,Yolo,113,214977,36760,36347,3200,39547,313
2022-04-01,Yuba,115,75493,15837,15835,1221,17056,120
2022-03-31,Alameda,001,1643700,256101,255650,14282,269932,1813
2022-03-31,Alpine,003,1148,124,124,1,125,0
2022-03-31,Amador,005,37829,8529,8485,652,9137,86
2022-03-31,Butte,007,227075,33013,32981,6662,39643,396
2022-03-31,Calaveras,009,45235,7265,7254,358,7612,119
2022-03-31,Colusa,011,21464,3442,3445,1078,4523,21
2022-03-31,Contra Costa,013,1133247,188669,188658,13376,202034,1291
2022-03-31,Del Norte,015,27424,5796,5812,198,6010,50
2022-03-31,El Dorado,017,186661,26707,26732,3216,29948,200
2022-03-31,Fresno,019,978130,231225,230559,23572,254131,2722
2022-03-31,Glenn,021,27897,4980,4982,1576,6558,47
2022-03-31,Humboldt,023,135768,16885,16898,2987,19885,140
2022-03-31,Imperial,025,180216,55369,55266,11373,66639,908
2022-03-31,Inyo,027,18085,4068,4063,489,4552,56
2022-03-31,Kern,029,883053,191759,191384,46318,237702,2224
2022-03-31,Kings,031,150075,51491,51470,3620,55090,443
2022-03-31,Lake,033,64148,10683,10674,900,11574,136
2022-03-31,Lassen,035,31185,8960,8943,889,9832,65
2022-03-31,Los Angeles,037,10098052,2708651,2703576,125138,2828714,31410
2022-03-31,Madera,039,155013,37292,37333,6091,43424,354
2022-03-31,Marin,041,260295,33549,33493,2285,35778,287
2022-03-31,Mariposa,043,17540,2394,2391,203,2594,29
2022-03-31,Mendocino,045,87422,13068,13058,3050,16108,119
2022-03-31,Merced,047,269075,62117,62149,8687,70836,808
2022-03-31,Modoc,049,8938,742,741,253,994,8
2022-03-31,Mono,051,14174,2968,2967,122,3089,6
2022-03-31,Monterey,053,433212,79357,78964,13883,92847,726
2022-03-31,Napa,055,140530,25809,25757,969,26726,143
2022-03-31,Nevada,057,99092,15954,15962,1213,17175,123
2022-03-31,Orange,059,3164182,546578,546047,41600,587647,6880
2022-03-31,Placer,061,380077,62708,62740,7427,70167,614
2022-03-31,Plumas,063,18699,2919,2803,363,3166,14
2022-03-31,Riverside,065,2383286,590798,590563,28155,618718,6418
2022-03-31,Sacramento,067,1510023,279853,276218,27234,303452,2950
2022-03-31,San Benito,069,59416,12913,12901,520,13421,98
2022-03-31,San Bernardino,071,2135413,565053,561362,24846,586208,6865
2022-03-31,San Diego,073,3302833,753303,752281,51971,804252,5178
2022-03-31,San Francisco,075,870044,125144,125075,8374,133449,843
2022-03-31,San Joaquin,077,732212,166120,166336,9432,175768,2202
2022-03-31,San Luis Obispo,079,281455,52453,52512,3806,56318,475
2022-03-31,San Mateo,081,765935,121903,120717,7043,127760,693
2022-03-31,Santa Barbara,083,443738,85690,85611,4849,90460,678
2022-03-31,Santa Clara,085,1922200,312895,312517,12538,325055,2258
2022-03-31,Santa Cruz,087,273765,47410,47371,2138,49509,259
2022-03-31,Shasta,089,179085,30548,30556,6161,36717,530
2022-03-31,Sierra,091,2930,273,273,48,321,4
2022-03-31,Siskiyou,093,43540,4442,4439,2758,7197,80
2022-03-31,Solano,095,438530,81400,81848,5553,87401,446
2022-03-31,Sonoma,097,501317,83545,83235,2597,85832,485
2022-03-31,Stanislaus,099,539301,117370,117536,17336,134872,1581
2022-03-31,Sutter,101,95872,20543,20570,2148,22718,222
2022-03-31,Tehama,103,63373,12044,12046,2629,14675,198
2022-03-31,Trinity,105,12862,1177,1173,295,1468,20
2022-03-31,Tulare,107,460477,106412,104736,28679,133415,1410
2022-03-31,Tuolumne,109,53932,12612,12618,566,13184,180
2022-03-31,Ventura,111,848112,173261,173044,9297,182341,1460
2022-03-31,Yolo,113,214977,36749,36347,3200,39547,313
2022-03-31,Yuba,115,75493,15837,15835,1217,17052,120
2022-03-30,Alameda,001,1643700,255984,255467,14273,269740,1812
2022-03-30,Alpine,003,1148,124,124,1,125,0
2022-03-30,Amador,005,37829,8529,8485,652,9137,86
2022-03-30,Butte,007,227075,33007,32968,6656,39624,396
2022-03-30,Calaveras,009,45235,7263,7253,357,7610,119
2022-03-30,Colusa,011,21464,3442,3445,1078,4523,21
2022-03-30,Contra Costa,013,1133247,188608,188496,13367,201863,1291
2022-03-30,Del Norte,015,27424,5794,5808,198,6006,50
2022-03-30,El Dorado,017,186661,26699,26722,3216,29938,200
2022-03-30,Fresno,019,978130,231214,230448,23566,254014,2720
2022-03-30,Glenn,021,27897,4980,4982,1576,6558,47
2022-03-30,Humboldt,023,135768,16882,16894,2987,19881,140
2022-03-30,Imperial,025,180216,55365,55252,11365,66617,908
2022-03-30,Inyo,027,18085,4067,4062,487,4549,56
2022-03-30,Kern,029,883053,191731,191363,46313,237676,2219
2022-03-30,Kings,031,150075,51485,51446,3618,55064,443
2022-03-30,Lake,033,64148,10681,10674,900,11574,136
2022-03-30,Lassen,035,31185,8960,8943,889,9832,65
2022-03-30,Los Angeles,037,10098052,2707849,2702536,125084,2827620,31384
2022-03-30,Madera,039,155013,37287,37330,6090,43420,354
2022-03-30,Marin,041,260295,33530,33453,2265,35718,287
2022-03-30,Mariposa,043,17540,2394,2390,203,2593,27
2022-03-30,Mendocino,045,87422,13064,13055,3047,16102,118
2022-03-30,Merced,047,269075,62110,62136,8681,70817,808
2022-03-30,Modoc,049,8938,742,739,253,992,8
2022-03-30,Mono,051,14174,2967,2967,122,3089,6
2022-03-30,Monterey,053,433212,79340,78911,13877,92788,726
2022-03-30,Napa,055,140530,25797,25745,968,26713,141
2022-03-30,Nevada,057,99092,15951,15960,1211,17171,123
2022-03-30,Orange,059,3164182,546424,545895,41575,587470,6876
2022-03-30,Placer,061,380077,62692,62705,7423,70128,614
2022-03-30,Plumas,063,18699,2919,2762,361,3123,13
2022-03-30,Riverside,065,2383286,590719,590437,28141,618578,6411
2022-03-30,Sacramento,067,1510023,279781,276081,27227,303308,2949
2022-03-30,San Benito,069,59416,12908,12898,520,13418,98
2022-03-30,San Bernardino,071,2135413,564972,561153,24841,585994,6863
2022-03-30,San Diego,073,3302833,753068,751684,51947,803631,5169
2022-03-30,San Francisco,075,870044,125038,124930,8364,133294,841
2022-03-30,San Joaquin,077,732212,166092,166299,9426,175725,2201
2022-03-30,San Luis Obispo,079,281455,52440,52484,3802,56286,475
2022-03-30,San Mateo,081,765935,121801,120548,7043,127591,693
2022-03-30,Santa Barbara,083,443738,85668,85488,4846,90334,677
2022-03-30,Santa Clara,085,1922200,312715,312253,12517,324770,2258
2022-03-30,Santa Cruz,087,273765,47354,47340,2138,49478,259
2022-03-30,Shasta,089,179085,30545,30555,6161,36716,530
2022-03-30,Sierra,091,2930,273,273,48,321,4
2022-03-30,Siskiyou,093,43540,4442,4439,2758,7197,80
2022-03-30,Solano,095,438530,81384,81816,5550,87366,443
2022-03-30,Sonoma,097,501317,83508,83163,2596,85759,485
2022-03-30,Stanislaus,099,539301,117357,117593,17333,134926,1559
2022-03-30,Sutter,101,95872,20538,20565,2148,22713,222
2022-03-30,Tehama,103,63373,12043,12045,2628,14673,198
2022-03-30,Trinity,105,12862,1176,1173,295,1468,20
2022-03-30,Tulare,107,460477,106406,104667,28673,133340,1410
2022-03-30,Tuolumne,109,53932,12610,12616,566,13182,180
2022-03-30,Ventura,111,848112,173221,172984,9289,182273,1460
2022-03-30,Yolo,113,214977,36742,36325,3197,39522,313
2022-03-30,Yuba,115,75493,15835,15830,1217,17047,120
2022-03-29,Alameda,001,1643700,255873,255261,14262,269523,1810
2022-03-29,Alpine,003,1148,124,124,1,125,0
2022-03-29,Amador,005,37829,8529,8483,652,9135,86
2022-03-29,Butte,007,227075,33005,32954,6655,39609,396
2022-03-29,Calaveras,009,45235,7262,7250,356,7606,119
2022-03-29,Colusa,011,21464,3442,3445,1078,4523,21
2022-03-29,Contra Costa,013,1133247,188522,188359,13360,201719,1290
2022-03-29,Del Norte,015,27424,5793,5806,197,6003,50
2022-03-29,El Dorado,017,186661,26696,26706,3216,29922,200
2022-03-29,Fresno,019,978130,231185,230256,23561,253817,2718
2022-03-29,Glenn,021,27897,4979,4983,1576,6559,47
2022-03-29,Humboldt,023,135768,16879,16892,2984,19876,140
2022-03-29,Imperial,025,180216,55349,55233,11360,66593,908
2022-03-29,Inyo,027,18085,4065,4062,486,4548,56
2022-03-29,Kern,029,883053,191699,191338,46306,237644,2220
2022-03-29,Kings,031,150075,51477,51416,3617,55033,443
2022-03-29,Lake,033,64148,10677,10674,900,11574,136
2022-03-29,Lassen,035,31185,8959,8943,889,9832,65
2022-03-29,Los Angeles,037,10098052,2707024,2702005,125038,2827043,31378
2022-03-29,Madera,039,155013,37278,37325,6088,43413,354
2022-03-29,Marin,041,260295,33510,33431,2260,35691,287
2022-03-29,Mariposa,043,17540,2394,2388,202,2590,23
2022-03-29,Mendocino,045,87422,13061,13053,3046,16099,119
2022-03-29,Merced,047,269075,62098,62123,8680,70803,806
2022-03-29,Modoc,049,8938,740,737,253,990,8
2022-03-29,Mono,051,14174,2967,2966,122,3088,5
2022-03-29,Monterey,053,433212,79329,78774,13868,92642,725
2022-03-29,Napa,055,140530,25790,25732,968,26700,141
2022-03-29,Nevada,057,99092,15943,15956,1211,17167,123
2022-03-29,Orange,059,3164182,546278,545832,41559,587391,6871
2022-03-29,Placer,061,380077,62675,62687,7418,70105,614
2022-03-29,Plumas,063,18699,2917,2761,361,3122,13
2022-03-29,Riverside,065,2383286,590619,590359,28133,618492,6403
2022-03-29,Sacramento,067,1510023,279716,276040,27214,303254,2946
2022-03-29,San Benito,069,59416,12906,12892,520,13412,97
2022-03-29,San Bernardino,071,2135413,564881,561026,24832,585858,6860
2022-03-29,San Diego,073,3302833,752820,751240,51924,803164,5159
2022-03-29,San Francisco,075,870044,124888,124789,8358,133147,840
2022-03-29,San Joaquin,077,732212,166057,166241,9418,175659,2198
2022-03-29,San Luis Obispo,079,281455,52424,52455,3798,56253,472
2022-03-29,San Mateo,081,765935,121708,120435,7040,127475,686
2022-03-29,Santa Barbara,083,443738,85646,85464,4846,90310,676
2022-03-29,Santa Clara,085,1922200,312473,312067,12500,324567,2259
2022-03-29,Santa Cruz,087,273765,47334,47323,2137,49460,259
2022-03-29,Shasta,089,179085,30538,30552,6158,36710,529
2022-03-29,Sierra,091,2930,273,273,48,321,4
2022-03-29,Siskiyou,093,43540,4442,4439,2757,7196,80
2022-03-29,Solano,095,438530,81365,81713,5547,87260,441
2022-03-29,Sonoma,097,501317,83475,83130,2589,85719,485
2022-03-29,Stanislaus,099,539301,117338,117683,17327,135010,1559
2022-03-29,Sutter,101,95872,20536,20556,2147,22703,221
2022-03-29,Tehama,103,63373,12041,12045,2628,14673,198
2022-03-29,Trinity,105,12862,1176,1173,295,1468,20
2022-03-29,Tulare,107,460477,106401,104622,28667,133289,1406
2022-03-29,Tuolumne,109,53932,12607,12615,566,13181,180
2022-03-29,Ventura,111,848112,173165,172946,9288,182234,1460
2022-03-29,Yolo,113,214977,36734,36296,3196,39492,313
2022-03-29,Yuba,115,75493,15831,15824,1216,17040,117
2022-03-28,Alameda,001,1643700,255727,255192,14252,269444,1808
2022-03-28,Alpine,003,1148,124,124,1,125,0
2022-03-28,Amador,005,37829,8528,8480,652,9132,86
2022-03-28,Butte,007,227075,32988,32947,6654,39601,392
2022-03-28,Calaveras,009,45235,7262,7247,356,7603,119
2022-03-28,Colusa,011,21464,3442,3445,1078,4523,21
2022-03-28,Contra Costa,013,1133247,188442,188305,13355,201660,1290
2022-03-28,Del Norte,015,27424,5791,5834,197,6031,50
2022-03-28,El Dorado,017,186661,26690,26703,3214,29917,200
2022-03-28,Fresno,019,978130,231159,230144,23544,253688,2717
2022-03-28,Glenn,021,27897,4979,4983,1576,6559,47
2022-03-28,Humboldt,023,135768,16878,16916,2984,19900,140
2022-03-28,Imperial,025,180216,55337,55245,11357,66602,909
2022-03-28,Inyo,027,18085,4064,4062,486,4548,56
2022-03-28,Kern,029,883053,191675,191333,46296,237629,2212
2022-03-28,Kings,031,150075,51464,51405,3617,55022,443
2022-03-28,Lake,033,64148,10675,10673,900,11573,136
2022-03-28,Lassen,035,31185,8959,8946,889,9835,63
2022-03-28,Los Angeles,037,10098052,2706138,2700997,125000,2825997,31349
2022-03-28,Madera,039,155013,37275,37324,6088,43412,354
2022-03-28,Marin,041,260295,33486,33391,2255,35646,287
2022-03-28,Mariposa,043,17540,2393,2388,202,2590,23
2022-03-28,Mendocino,045,87422,13059,13046,3045,16091,118
2022-03-28,Merced,047,269075,62089,62116,8675,70791,805
2022-03-28,Modoc,049,8938,739,736,253,989,7
2022-03-28,Mono,051,14174,2967,2966,122,3088,5
2022-03-28,Monterey,053,433212,79294,78784,13863,92647,724
2022-03-28,Napa,055,140530,25784,25723,967,26690,140
2022-03-28,Nevada,057,99092,15941,15969,1211,17180,123
2022-03-28,Orange,059,3164182,546147,545700,41531,587231,6860
2022-03-28,Placer,061,380077,62655,62687,7416,70103,613
2022-03-28,Plumas,063,18699,2917,2760,361,3121,13
2022-03-28,Riverside,065,2383286,590523,590298,28123,618421,6397
2022-03-28,Sacramento,067,1510023,279645,275889,27203,303092,2946
2022-03-28,San Benito,069,59416,12906,12889,520,13409,97
2022-03-28,San Bernardino,071,2135413,564799,560836,24818,585654,6858
2022-03-28,San Diego,073,3302833,752573,750659,51892,802551,5155
2022-03-28,San Francisco,075,870044,124750,124678,8348,133026,839
2022-03-28,San Joaquin,077,732212,166026,166247,9414,175661,2196
2022-03-28,San Luis Obispo,079,281455,52399,52434,3795,56229,470
2022-03-28,San Mateo,081,765935,121594,120337,7033,127370,686
2022-03-28,Santa Barbara,083,443738,85618,85442,4844,90286,675
2022-03-28,Santa Clara,085,1922200,312239,311953,12491,324444,2257
2022-03-28,Santa Cruz,087,273765,47301,47324,2137,49461,259
2022-03-28,Shasta,089,179085,30537,30550,6157,36707,527
2022-03-28,Sierra,091,2930,273,273,48,321,4
2022-03-28,Siskiyou,093,43540,4441,4438,2757,7195,80
2022-03-28,Solano,095,438530,81342,81704,5542,87246,441
2022-03-28,Sonoma,097,501317,83432,83105,2584,85689,485
2022-03-28,Stanislaus,099,539301,117328,117783,17322,135105,1562
2022-03-28,Sutter,101,95872,20531,20549,2147,22696,221
2022-03-28,Tehama,103,63373,12040,12041,2627,14668,200
2022-03-28,Trinity,105,12862,1176,1173,295,1468,20
2022-03-28,Tulare,107,460477,106388,104576,28660,133236,1404
2022-03-28,Tuolumne,109,53932,12607,12627,566,13193,180
2022-03-28,Ventura,111,848112,173125,172867,9287,182154,1455
2022-03-28,Yolo,113,214977,36724,36282,3194,39476,312
2022-03-28,Yuba,115,75493,15830,15821,1214,17035,117
2022-03-27,Alameda,001,1643700,255551,255132,14243,269375,1809
2022-03-27,Alpine,003,1148,124,124,1,125,0
2022-03-27,Amador,005,37829,8525,8480,652,9132,86
2022-03-27,Butte,007,227075,32975,32943,6647,39590,392
2022-03-27,Calaveras,009,45235,7260,7245,356,7601,119
2022-03-27,Colusa,011,21464,3442,3445,1077,4522,21
2022-03-27,Contra Costa,013,1133247,188330,188251,13338,201589,1290
2022-03-27,Del Norte,015,27424,5790,5836,197,6033,50
2022-03-27,El Dorado,017,186661,26676,26699,3211,29910,200
2022-03-27,Fresno,019,978130,231113,230049,23527,253576,2717
2022-03-27,Glenn,021,27897,4978,4983,1576,6559,47
2022-03-27,Humboldt,023,135768,16874,16920,2984,19904,140
2022-03-27,Imperial,025,180216,55325,55240,11351,66591,909
2022-03-27,Inyo,027,18085,4063,4062,484,4546,56
2022-03-27,Kern,029,883053,191637,191332,46290,237622,2213
2022-03-27,Kings,031,150075,51455,51400,3617,55017,443
2022-03-27,Lake,033,64148,10674,10672,899,11571,136
2022-03-27,Lassen,035,31185,8959,8946,889,9835,63
2022-03-27,Los Angeles,037,10098052,2705347,2700983,124953,2825936,31348
2022-03-27,Madera,039,155013,37271,37323,6086,43409,354
2022-03-27,Marin,041,260295,33449,33391,2245,35636,287
2022-03-27,Mariposa,043,17540,2393,2390,202,2592,23
2022-03-27,Mendocino,045,87422,13053,13046,3043,16089,118
2022-03-27,Merced,047,269075,62078,62110,8673,70783,805
2022-03-27,Modoc,049,8938,738,736,251,987,7
2022-03-27,Mono,051,14174,2967,2966,122,3088,5
2022-03-27,Monterey,053,433212,79272,78778,13850,92628,724
2022-03-27,Napa,055,140530,25769,25723,967,26690,140
2022-03-27,Nevada,057,99092,15937,15967,1209,17176,123
2022-03-27,Orange,059,3164182,546013,545644,41495,587139,6860
2022-03-27,Placer,061,380077,62634,62680,7416,70096,613
2022-03-27,Plumas,063,18699,2916,2760,359,3119,13
2022-03-27,Riverside,065,2383286,590439,590251,28112,618363,6395
2022-03-27,Sacramento,067,1510023,279563,275854,27196,303050,2941
2022-03-27,San Benito,069,59416,12901,12889,519,13408,97
2022-03-27,San Bernardino,071,2135413,564684,560853,24814,585667,6862
2022-03-27,San Diego,073,3302833,752322,750659,51870,802529,5155
2022-03-27,San Francisco,075,870044,124570,124619,8337,132956,839
2022-03-27,San Joaquin,077,732212,165990,166238,9412,175650,2196
2022-03-27,San Luis Obispo,079,281455,52378,52430,3793,56223,470
2022-03-27,San Mateo,081,765935,121488,120324,7027,127351,686
2022-03-27,Santa Barbara,083,443738,85584,85434,4842,90276,675
2022-03-27,Santa Clara,085,1922200,312027,311822,12483,324305,2257
2022-03-27,Santa Cruz,087,273765,47268,47321,2132,49453,259
2022-03-27,Shasta,089,179085,30532,30550,6155,36705,527
2022-03-27,Sierra,091,2930,273,273,48,321,4
2022-03-27,Siskiyou,093,43540,4441,4436,2756,7192,80
2022-03-27,Solano,095,438530,81308,81691,5539,87230,441
2022-03-27,Sonoma,097,501317,83376,83088,2580,85668,485
2022-03-27,Stanislaus,099,539301,117307,117778,17319,135097,1562
2022-03-27,Sutter,101,95872,20525,20545,2147,22692,221
2022-03-27,Tehama,103,63373,12040,12040,2627,14667,200
2022-03-27,Trinity,105,12862,1176,1173,295,1468,20
2022-03-27,Tulare,107,460477,106379,104582,28651,133233,1404
2022-03-27,Tuolumne,109,53932,12605,12628,566,13194,180
2022-03-27,Ventura,111,848112,173078,172831,9285,182116,1455
2022-03-27,Yolo,113,214977,36712,36232,3191,39423,312
2022-03-27,Yuba,115,75493,15827,15821,1207,17028,117
2022-03-26,Alameda,001,1643700,255480,254691,14241,268932,1803
2022-03-26,Alpine,003,1148,124,124,1,125,0
2022-03-26,Amador,005,37829,8525,8476,652,9128,86
2022-03-26,Butte,007,227075,32970,32929,6645,39574,391
2022-03-26,Calaveras,009,45235,7258,7240,356,7596,120
2022-03-26,Colusa,011,21464,3440,3445,1077,4522,21
2022-03-26,Contra Costa,013,1133247,188276,187990,13335,201325,1285
2022-03-26,Del Norte,015,27424,5788,5831,197,6028,50
2022-03-26,El Dorado,017,186661,26668,26674,3209,29883,200
2022-03-26,Fresno,019,978130,231090,229799,23526,253325,2710
2022-03-26,Glenn,021,27897,4978,4978,1576,6554,47
2022-03-26,Humboldt,023,135768,16871,16911,2984,19895,139
2022-03-26,Imperial,025,180216,55319,55230,11350,66580,913
2022-03-26,Inyo,027,18085,4063,4060,483,4543,56
2022-03-26,Kern,029,883053,191623,191288,46285,237573,2201
2022-03-26,Kings,031,150075,51454,51397,3617,55014,444
2022-03-26,Lake,033,64148,10674,10659,899,11558,136
2022-03-26,Lassen,035,31185,8959,8944,889,9833,63
2022-03-26,Los Angeles,037,10098052,2704908,2698028,124912,2822940,31291
2022-03-26,Madera,039,155013,37268,37321,6084,43405,354
2022-03-26,Marin,041,260295,33439,33317,2241,35558,287
2022-03-26,Mariposa,043,17540,2393,2386,202,2588,23
2022-03-26,Mendocino,045,87422,13051,13038,3043,16081,118
2022-03-26,Merced,047,269075,62072,62083,8671,70754,805
2022-03-26,Modoc,049,8938,738,736,251,987,7
2022-03-26,Mono,051,14174,2967,2966,122,3088,5
2022-03-26,Monterey,053,433212,79265,78688,13848,92536,724
2022-03-26,Napa,055,140530,25766,25701,967,26668,139
2022-03-26,Nevada,057,99092,15933,15960,1209,17169,123
2022-03-26,Orange,059,3164182,545936,545294,41483,586777,6853
2022-03-26,Placer,061,380077,62622,62634,7412,70046,613
2022-03-26,Plumas,063,18699,2916,2758,358,3116,13
2022-03-26,Riverside,065,2383286,590371,590060,28111,618171,6397
2022-03-26,Sacramento,067,1510023,279532,275529,27194,302723,2935
2022-03-26,San Benito,069,59416,12901,12885,519,13404,97
2022-03-26,San Bernardino,071,2135413,564632,560742,24810,585552,6840
2022-03-26,San Diego,073,3302833,752194,750170,51863,802033,5146
2022-03-26,San Francisco,075,870044,124464,124265,8328,132593,839
2022-03-26,San Joaquin,077,732212,165969,166079,9411,175490,2195
2022-03-26,San Luis Obispo,079,281455,52372,52369,3793,56162,469
2022-03-26,San Mateo,081,765935,121431,120165,7019,127184,684
2022-03-26,Santa Barbara,083,443738,85563,85477,4840,90317,674
2022-03-26,Santa Clara,085,1922200,311873,311189,12474,323663,2250
2022-03-26,Santa Cruz,087,273765,47257,47329,2132,49461,259
2022-03-26,Shasta,089,179085,30530,30542,6154,36696,527
2022-03-26,Sierra,091,2930,273,273,48,321,4
2022-03-26,Siskiyou,093,43540,4440,4433,2756,7189,80
2022-03-26,Solano,095,438530,81298,81659,5539,87198,441
2022-03-26,Sonoma,097,501317,83347,83113,2576,85689,485
2022-03-26,Stanislaus,099,539301,117300,117962,17318,135280,1565
2022-03-26,Sutter,101,95872,20523,20536,2147,22683,221
2022-03-26,Tehama,103,63373,12040,12036,2626,14662,195
2022-03-26,Trinity,105,12862,1176,1174,295,1469,20
2022-03-26,Tulare,107,460477,106372,104538,28650,133188,1400
2022-03-26,Tuolumne,109,53932,12603,12628,566,13194,180
2022-03-26,Ventura,111,848112,173038,172690,9281,181971,1455
2022-03-26,Yolo,113,214977,36707,36234,3191,39425,311
2022-03-26,Yuba,115,75493,15826,15807,1207,17014,117
2022-03-25,Alameda,001,1643700,255416,254691,14239,268930,1803
2022-03-25,Alpine,003,1148,124,124,1,125,0
2022-03-25,Amador,005,37829,8524,8476,652,9128,86
2022-03-25,Butte,007,227075,32964,32929,6644,39573,391
2022-03-25,Calaveras,009,45235,7257,7240,356,7596,120
2022-03-25,Colusa,011,21464,3440,3445,1077,4522,21
2022-03-25,Contra Costa,013,1133247,188231,187990,13331,201321,1285
2022-03-25,Del Norte,015,27424,5788,5831,197,6028,50
2022-03-25,El Dorado,017,186661,26664,26674,3209,29883,200
2022-03-25,Fresno,019,978130,231061,229799,23517,253316,2710
2022-03-25,Glenn,021,27897,4978,4978,1576,6554,47
2022-03-25,Humboldt,023,135768,16871,16911,2984,19895,139
2022-03-25,Imperial,025,180216,55314,55230,11349,66579,913
2022-03-25,Inyo,027,18085,4062,4060,483,4543,56
2022-03-25,Kern,029,883053,191613,191288,46284,237572,2201
2022-03-25,Kings,031,150075,51453,51397,3617,55014,444
2022-03-25,Lake,033,64148,10674,10659,899,11558,136
2022-03-25,Lassen,035,31185,8958,8944,889,9833,63
2022-03-25,Los Angeles,037,10098052,2704494,2698028,124880,2822908,31291
2022-03-25,Madera,039,155013,37266,37321,6083,43404,354
2022-03-25,Marin,041,260295,33423,33317,2232,35549,287
2022-03-25,Mariposa,043,17540,2393,2386,202,2588,23
2022-03-25,Mendocino,045,87422,13051,13038,3043,16081,118
2022-03-25,Merced,047,269075,62065,62083,8670,70753,805
2022-03-25,Modoc,049,8938,738,736,251,987,7
2022-03-25,Mono,051,14174,2966,2966,122,3088,5
2022-03-25,Monterey,053,433212,79255,78688,13845,92533,724
2022-03-25,Napa,055,140530,25759,25701,967,26668,139
2022-03-25,Nevada,057,99092,15932,15960,1209,17169,123
2022-03-25,Orange,059,3164182,545862,545294,41468,586762,6853
2022-03-25,Placer,061,380077,62616,62634,7409,70043,613
2022-03-25,Plumas,063,18699,2915,2758,358,3116,13
2022-03-25,Riverside,065,2383286,590310,590060,28100,618160,6397
2022-03-25,Sacramento,067,1510023,279492,275529,27192,302721,2935
2022-03-25,San Benito,069,59416,12901,12885,519,13404,97
2022-03-25,San Bernardino,071,2135413,564595,560742,24808,585550,6840
2022-03-25,San Diego,073,3302833,752069,750170,51854,802024,5146
2022-03-25,San Francisco,075,870044,124383,124265,8314,132579,839
2022-03-25,San Joaquin,077,732212,165955,166079,9409,175488,2195
2022-03-25,San Luis Obispo,079,281455,52369,52369,3792,56161,469
2022-03-25,San Mateo,081,765935,121380,120165,7019,127184,684
2022-03-25,Santa Barbara,083,443738,85548,85477,4838,90315,674
2022-03-25,Santa Clara,085,1922200,311720,311189,12470,323659,2250
2022-03-25,Santa Cruz,087,273765,47249,47329,2132,49461,259
2022-03-25,Shasta,089,179085,30528,30542,6153,36695,527
2022-03-25,Sierra,091,2930,273,273,48,321,4
2022-03-25,Siskiyou,093,43540,4438,4433,2754,7187,80
2022-03-25,Solano,095,438530,81284,81659,5537,87196,441
2022-03-25,Sonoma,097,501317,83311,83113,2576,85689,485
2022-03-25,Stanislaus,099,539301,117285,117962,17317,135279,1565
2022-03-25,Sutter,101,95872,20518,20536,2147,22683,221
2022-03-25,Tehama,103,63373,12038,12036,2626,14662,195
2022-03-25,Trinity,105,12862,1176,1174,295,1469,20
2022-03-25,Tulare,107,460477,106367,104538,28646,133184,1400
2022-03-25,Tuolumne,109,53932,12602,12628,566,13194,180
2022-03-25,Ventura,111,848112,173000,172690,9281,181971,1455
2022-03-25,Yolo,113,214977,36694,36234,3191,39425,311
2022-03-25,Yuba,115,75493,15821,15807,1206,17013,117
2022-03-24,Alameda,001,1643700,255313,254691,14223,268914,1803
2022-03-24,Alpine,003,1148,124,124,1,125,0
2022-03-24,Amador,005,37829,8524,8476,652,9128,86
2022-03-24,Butte,007,227075,32957,32929,6644,39573,391
2022-03-24,Calaveras,009,45235,7254,7240,356,7596,120
2022-03-24,Colusa,011,21464,3440,3445,1077,4522,21
2022-03-24,Contra Costa,013,1133247,188152,187990,13330,201320,1285
2022-03-24,Del Norte,015,27424,5785,5831,197,6028,50
2022-03-24,El Dorado,017,186661,26654,26674,3209,29883,200
2022-03-24,Fresno,019,978130,231020,229799,23504,253303,2710
2022-03-24,Glenn,021,27897,4977,4978,1576,6554,47
2022-03-24,Humboldt,023,135768,16866,16911,2982,19893,139
2022-03-24,Imperial,025,180216,55308,55230,11346,66576,913
2022-03-24,Inyo,027,18085,4061,4060,483,4543,56
2022-03-24,Kern,029,883053,191602,191288,46281,237569,2201
2022-03-24,Kings,031,150075,51444,51397,3615,55012,444
2022-03-24,Lake,033,64148,10673,10659,899,11558,136
2022-03-24,Lassen,035,31185,8957,8944,889,9833,63
2022-03-24,Los Angeles,037,10098052,2703929,2698028,124836,2822864,31291
2022-03-24,Madera,039,155013,37264,37321,6081,43402,354
2022-03-24,Marin,041,260295,33399,33317,2222,35539,287
2022-03-24,Mariposa,043,17540,2393,2386,202,2588,23
2022-03-24,Mendocino,045,87422,13046,13038,3040,16078,118
2022-03-24,Merced,047,269075,62059,62083,8669,70752,805
2022-03-24,Modoc,049,8938,738,736,251,987,7
2022-03-24,Mono,051,14174,2966,2966,122,3088,5
2022-03-24,Monterey,053,433212,79229,78688,13830,92518,724
2022-03-24,Napa,055,140530,25750,25701,967,26668,139
2022-03-24,Nevada,057,99092,15928,15960,1208,17168,123
2022-03-24,Orange,059,3164182,545760,545294,41451,586745,6853
2022-03-24,Placer,061,380077,62597,62634,7408,70042,613
2022-03-24,Plumas,063,18699,2915,2758,358,3116,13
2022-03-24,Riverside,065,2383286,590232,590060,28091,618151,6397
2022-03-24,Sacramento,067,1510023,279421,275529,27187,302716,2935
2022-03-24,San Benito,069,59416,12900,12885,518,13403,97
2022-03-24,San Bernardino,071,2135413,564516,560742,24804,585546,6840
2022-03-24,San Diego,073,3302833,751855,750170,51843,802013,5146
2022-03-24,San Francisco,075,870044,124304,124265,8308,132573,839
2022-03-24,San Joaquin,077,732212,165928,166079,9408,175487,2195
2022-03-24,San Luis Obispo,079,281455,52354,52369,3791,56160,469
2022-03-24,San Mateo,081,765935,121332,120165,7014,127179,684
2022-03-24,Santa Barbara,083,443738,85533,85477,4835,90312,674
2022-03-24,Santa Clara,085,1922200,311575,311189,12452,323641,2250
2022-03-24,Santa Cruz,087,273765,47232,47329,2131,49460,259
2022-03-24,Shasta,089,179085,30520,30542,6153,36695,527
2022-03-24,Sierra,091,2930,273,273,48,321,4
2022-03-24,Siskiyou,093,43540,4435,4433,2754,7187,80
2022-03-24,Solano,095,438530,81265,81659,5536,87195,441
2022-03-24,Sonoma,097,501317,83275,83113,2574,85687,485
2022-03-24,Stanislaus,099,539301,117276,117962,17314,135276,1565
2022-03-24,Sutter,101,95872,20513,20536,2147,22683,221
2022-03-24,Tehama,103,63373,12037,12036,2624,14660,195
2022-03-24,Trinity,105,12862,1176,1174,295,1469,20
2022-03-24,Tulare,107,460477,106357,104538,28641,133179,1400
2022-03-24,Tuolumne,109,53932,12600,12628,566,13194,180
2022-03-24,Ventura,111,848112,172957,172690,9280,181970,1455
2022-03-24,Yolo,113,214977,36687,36234,3187,39421,311
2022-03-24,Yuba,115,75493,15816,15807,1203,17010,117
2022-03-23,Alameda,001,1643700,255180,254559,14211,268770,1802
2022-03-23,Alpine,003,1148,124,124,1,125,0
2022-03-23,Amador,005,37829,8524,8475,652,9127,86
2022-03-23,Butte,007,227075,32944,32920,6643,39563,387
2022-03-23,Calaveras,009,45235,7249,7237,356,7593,120
2022-03-23,Colusa,011,21464,3439,3444,1077,4521,21
2022-03-23,Contra Costa,013,1133247,188054,187898,13318,201216,1279
2022-03-23,Del Norte,015,27424,5784,5830,196,6026,50
2022-03-23,El Dorado,017,186661,26648,26670,3209,29879,200
2022-03-23,Fresno,019,978130,230984,229656,23488,253144,2710
2022-03-23,Glenn,021,27897,4977,4975,1576,6551,47
2022-03-23,Humboldt,023,135768,16865,16908,2980,19888,139
2022-03-23,Imperial,025,180216,55303,55211,11335,66546,909
2022-03-23,Inyo,027,18085,4061,4060,483,4543,56
2022-03-23,Kern,029,883053,191585,191241,46276,237517,2196
2022-03-23,Kings,031,150075,51432,51384,3614,54998,442
2022-03-23,Lake,033,64148,10669,10658,898,11556,135
2022-03-23,Lassen,035,31185,8956,8944,888,9832,63
2022-03-23,Los Angeles,037,10098052,2703254,2697227,124805,2822032,31267
2022-03-23,Madera,039,155013,37259,37317,6077,43394,354
2022-03-23,Marin,041,260295,33375,33274,2217,35491,287
2022-03-23,Mariposa,043,17540,2391,2382,201,2583,11
2022-03-23,Mendocino,045,87422,13042,13033,3039,16072,118
2022-03-23,Merced,047,269075,62049,62056,8665,70721,805
2022-03-23,Modoc,049,8938,738,736,251,987,7
2022-03-23,Mono,051,14174,2966,2966,122,3088,5
2022-03-23,Monterey,053,433212,79211,78655,13804,92459,724
2022-03-23,Napa,055,140530,25737,25691,965,26656,139
2022-03-23,Nevada,057,99092,15926,15958,1208,17166,123
2022-03-23,Orange,059,3164182,545631,545158,41438,586596,6852
2022-03-23,Placer,061,380077,62579,62622,7406,70028,613
2022-03-23,Plumas,063,18699,2915,2747,358,3105,13
2022-03-23,Riverside,065,2383286,590158,589947,28086,618033,6388
2022-03-23,Sacramento,067,1510023,279359,275398,27180,302578,2934
2022-03-23,San Benito,069,59416,12899,12884,518,13402,97
2022-03-23,San Bernardino,071,2135413,564443,560550,24799,585349,6828
2022-03-23,San Diego,073,3302833,751654,749871,51820,801691,5143
2022-03-23,San Francisco,075,870044,124190,124110,8302,132412,838
2022-03-23,San Joaquin,077,732212,165892,166041,9402,175443,2187
2022-03-23,San Luis Obispo,079,281455,52337,52344,3785,56129,469
2022-03-23,San Mateo,081,765935,121249,120080,7004,127084,685
2022-03-23,Santa Barbara,083,443738,85514,85464,4834,90298,673
2022-03-23,Santa Clara,085,1922200,311414,310956,12441,323397,2250
2022-03-23,Santa Cruz,087,273765,47212,47314,2125,49439,259
2022-03-23,Shasta,089,179085,30516,30524,6152,36676,526
2022-03-23,Sierra,091,2930,273,273,48,321,4
2022-03-23,Siskiyou,093,43540,4434,4433,2754,7187,80
2022-03-23,Solano,095,438530,81232,81615,5535,87150,441
2022-03-23,Sonoma,097,501317,83242,83074,2572,85646,482
2022-03-23,Stanislaus,099,539301,117259,118041,17311,135352,1568
2022-03-23,Sutter,101,95872,20510,20532,2147,22679,218
2022-03-23,Tehama,103,63373,12035,12035,2624,14659,195
2022-03-23,Trinity,105,12862,1176,1174,295,1469,20
2022-03-23,Tulare,107,460477,106338,104489,28635,133124,1394
2022-03-23,Tuolumne,109,53932,12599,12629,566,13195,180
2022-03-23,Ventura,111,848112,172908,172647,9278,181925,1455
2022-03-23,Yolo,113,214977,36671,36197,3185,39382,308
2022-03-23,Yuba,115,75493,15810,15801,1202,17003,117
2022-03-22,Alameda,001,1643700,255061,254467,13831,268298,1802
2022-03-22,Alpine,003,1148,124,122,1,123,0
2022-03-22,Amador,005,37829,8523,8462,651,9113,86
2022-03-22,Butte,007,227075,32934,32907,6638,39545,387
2022-03-22,Calaveras,009,45235,7247,7237,356,7593,120
2022-03-22,Colusa,011,21464,3438,3445,1077,4522,21
2022-03-22,Contra Costa,013,1133247,187977,187813,13296,201109,1279
2022-03-22,Del Norte,015,27424,5779,5824,196,6020,50
2022-03-22,El Dorado,017,186661,26641,26661,3209,29870,200
2022-03-22,Fresno,019,978130,230936,229551,23480,253031,2708
2022-03-22,Glenn,021,27897,4974,4971,1576,6547,47
2022-03-22,Humboldt,023,135768,16862,16911,2980,19891,139
2022-03-22,Imperial,025,180216,55292,55170,11327,66497,908
2022-03-22,Inyo,027,18085,4061,4060,483,4543,56
2022-03-22,Kern,029,883053,191561,191213,46267,237480,2195
2022-03-22,Kings,031,150075,51420,51369,3613,54982,442
2022-03-22,Lake,033,64148,10667,10657,897,11554,135
2022-03-22,Lassen,035,31185,8956,8940,887,9827,63
2022-03-22,Los Angeles,037,10098052,2702598,2696746,124757,2821503,31250
2022-03-22,Madera,039,155013,37255,37304,6074,43378,354
2022-03-22,Marin,041,260295,33350,33253,2213,35466,287
2022-03-22,Mariposa,043,17540,2389,2382,201,2583,6
2022-03-22,Mendocino,045,87422,13037,13030,3037,16067,118
2022-03-22,Merced,047,269075,62039,62056,8661,70717,805
2022-03-22,Modoc,049,8938,738,735,251,986,7
2022-03-22,Mono,051,14174,2966,2963,122,3085,5
2022-03-22,Monterey,053,433212,79195,78614,13793,92407,724
2022-03-22,Napa,055,140530,25727,25688,964,26652,139
2022-03-22,Nevada,057,99092,15918,15950,1208,17158,123
2022-03-22,Orange,059,3164182,545488,545075,41419,586494,6843
2022-03-22,Placer,061,380077,62566,62604,7403,70007,610
2022-03-22,Plumas,063,18699,2914,2744,358,3102,13
2022-03-22,Riverside,065,2383286,590083,589816,28083,617899,6383
2022-03-22,Sacramento,067,1510023,279282,275374,27167,302541,2927
2022-03-22,San Benito,069,59416,12898,12884,517,13401,97
2022-03-22,San Bernardino,071,2135413,564363,560371,24779,585150,6811
2022-03-22,San Diego,073,3302833,751444,749647,51800,801447,5141
2022-03-22,San Francisco,075,870044,124084,123998,8296,132294,838
2022-03-22,San Joaquin,077,732212,165865,165992,9398,175390,2187
2022-03-22,San Luis Obispo,079,281455,52329,52257,3785,56042,465
2022-03-22,San Mateo,081,765935,121178,119975,6999,126974,686
2022-03-22,Santa Barbara,083,443738,85498,85457,4833,90290,672
2022-03-22,Santa Clara,085,1922200,311245,310787,12431,323218,2249
2022-03-22,Santa Cruz,087,273765,47193,47287,2124,49411,259
2022-03-22,Shasta,089,179085,30510,30528,6151,36679,525
2022-03-22,Sierra,091,2930,273,273,48,321,4
2022-03-22,Siskiyou,093,43540,4434,4429,2753,7182,80
2022-03-22,Solano,095,438530,81209,81587,5534,87121,440
2022-03-22,Sonoma,097,501317,83214,83042,2568,85610,482
2022-03-22,Stanislaus,099,539301,117241,118025,17308,135333,1568
2022-03-22,Sutter,101,95872,20509,20525,2143,22668,218
2022-03-22,Tehama,103,63373,12033,12034,2624,14658,162
2022-03-22,Trinity,105,12862,1176,1174,295,1469,20
2022-03-22,Tulare,107,460477,106326,104431,28624,133055,1391
2022-03-22,Tuolumne,109,53932,12599,12628,566,13194,180
2022-03-22,Ventura,111,848112,172860,172590,9276,181866,1455
2022-03-22,Yolo,113,214977,36653,36184,3184,39368,308
2022-03-22,Yuba,115,75493,15807,15795,1201,16996,117
2022-03-21,Alameda,001,1643700,254847,254354,13823,268177,1799
2022-03-21,Alpine,003,1148,124,122,1,123,0
2022-03-21,Amador,005,37829,8521,8461,650,9111,85
2022-03-21,Butte,007,227075,32923,32895,6634,39529,385
2022-03-21,Calaveras,009,45235,7246,7237,356,7593,119
2022-03-21,Colusa,011,21464,3438,3445,1077,4522,21
2022-03-21,Contra Costa,013,1133247,187913,187509,13278,200787,1276
2022-03-21,Del Norte,015,27424,5778,5824,196,6020,50
2022-03-21,El Dorado,017,186661,26630,26610,3207,29817,199
2022-03-21,Fresno,019,978130,230887,229374,23471,252845,2707
2022-03-21,Glenn,021,27897,4972,4972,1570,6542,46
2022-03-21,Humboldt,023,135768,16852,16912,2967,19879,139
2022-03-21,Imperial,025,180216,55278,55133,11321,66454,908
2022-03-21,Inyo,027,18085,4060,4060,483,4543,56
2022-03-21,Kern,029,883053,191527,191184,46261,237445,2187
2022-03-21,Kings,031,150075,51406,51366,3611,54977,441
2022-03-21,Lake,033,64148,10665,10655,897,11552,135
2022-03-21,Lassen,035,31185,8955,8939,887,9826,63
2022-03-21,Los Angeles,037,10098052,2701744,2694711,124708,2819419,31218
2022-03-21,Madera,039,155013,37249,37288,6070,43358,354
2022-03-21,Marin,041,260295,33307,33242,2208,35450,287
2022-03-21,Mariposa,043,17540,2388,2383,200,2583,6
2022-03-21,Mendocino,045,87422,13029,13028,3035,16063,118
2022-03-21,Merced,047,269075,62025,62048,8656,70704,803
2022-03-21,Modoc,049,8938,736,734,251,985,7
2022-03-21,Mono,051,14174,2966,2962,122,3084,5
2022-03-21,Monterey,053,433212,79146,78572,13779,92351,724
2022-03-21,Napa,055,140530,25719,25684,962,26646,138
2022-03-21,Nevada,057,99092,15914,15963,1207,17170,123
2022-03-21,Orange,059,3164182,545333,544943,41402,586345,6841
2022-03-21,Placer,061,380077,62547,62550,7402,69952,610
2022-03-21,Plumas,063,18699,2914,2744,358,3102,13
2022-03-21,Riverside,065,2383286,590002,589707,28077,617784,6376
2022-03-21,Sacramento,067,1510023,279190,275334,27153,302487,2925
2022-03-21,San Benito,069,59416,12892,12872,517,13389,97
2022-03-21,San Bernardino,071,2135413,564275,560210,24767,584977,6807
2022-03-21,San Diego,073,3302833,751211,748833,51779,800612,5138
2022-03-21,San Francisco,075,870044,123916,123912,8288,132200,835
2022-03-21,San Joaquin,077,732212,165839,165939,9395,175334,2185
2022-03-21,San Luis Obispo,079,281455,52304,52219,3780,55999,463
2022-03-21,San Mateo,081,765935,121018,119899,6997,126896,684
2022-03-21,Santa Barbara,083,443738,85482,85416,4831,90247,672
2022-03-21,Santa Clara,085,1922200,310978,310509,12428,322937,2245
2022-03-21,Santa Cruz,087,273765,47157,47267,2123,49390,259
2022-03-21,Shasta,089,179085,30504,30523,6148,36671,525
2022-03-21,Sierra,091,2930,273,273,48,321,4
2022-03-21,Siskiyou,093,43540,4434,4426,2753,7179,80
2022-03-21,Solano,095,438530,81181,81399,5534,86933,441
2022-03-21,Sonoma,097,501317,83176,82979,2563,85542,482
2022-03-21,Stanislaus,099,539301,117209,118144,17305,135449,1571
2022-03-21,Sutter,101,95872,20506,20523,2129,22652,218
2022-03-21,Tehama,103,63373,12029,12030,2624,14654,160
2022-03-21,Trinity,105,12862,1176,1174,295,1469,20
2022-03-21,Tulare,107,460477,106306,104350,28618,132968,1389
2022-03-21,Tuolumne,109,53932,12599,12620,566,13186,180
2022-03-21,Ventura,111,848112,172791,172537,9272,181809,1452
2022-03-21,Yolo,113,214977,36638,36141,3182,39323,307
2022-03-21,Yuba,115,75493,15804,15790,1200,16990,117
2022-03-20,Alameda,001,1643700,254722,254293,13812,268105,1801
2022-03-20,Alpine,003,1148,122,122,1,123,0
2022-03-20,Amador,005,37829,8518,8460,650,9110,85
2022-03-20,Butte,007,227075,32909,32892,6629,39521,385
2022-03-20,Calaveras,009,45235,7245,7233,353,7586,119
2022-03-20,Colusa,011,21464,3438,3446,1077,4523,21
2022-03-20,Contra Costa,013,1133247,187812,187467,13266,200733,1276
2022-03-20,Del Norte,015,27424,5775,5821,196,6017,50
2022-03-20,El Dorado,017,186661,26623,26608,3207,29815,199
2022-03-20,Fresno,019,978130,230810,229297,23464,252761,2707
2022-03-20,Glenn,021,27897,4970,4972,1570,6542,46
2022-03-20,Humboldt,023,135768,16850,16913,2965,19878,139
2022-03-20,Imperial,025,180216,55267,55133,11317,66450,908
2022-03-20,Inyo,027,18085,4060,4060,483,4543,56
2022-03-20,Kern,029,883053,191482,191170,46256,237426,2187
2022-03-20,Kings,031,150075,51394,51360,3611,54971,441
2022-03-20,Lake,033,64148,10661,10652,897,11549,135
2022-03-20,Lassen,035,31185,8953,8938,887,9825,63
2022-03-20,Los Angeles,037,10098052,2700958,2694698,124660,2819358,31219
2022-03-20,Madera,039,155013,37244,37284,6066,43350,354
2022-03-20,Marin,041,260295,33291,33232,2207,35439,275
2022-03-20,Mariposa,043,17540,2388,2383,200,2583,6
2022-03-20,Mendocino,045,87422,13022,13027,3030,16057,118
2022-03-20,Merced,047,269075,62014,62041,8650,70691,803
2022-03-20,Modoc,049,8938,736,734,251,985,7
2022-03-20,Mono,051,14174,2964,2962,122,3084,5
2022-03-20,Monterey,053,433212,79113,78566,13768,92334,723
2022-03-20,Napa,055,140530,25707,25682,961,26643,138
2022-03-20,Nevada,057,99092,15910,15964,1207,17171,123
2022-03-20,Orange,059,3164182,545210,544862,41383,586245,6841
2022-03-20,Placer,061,380077,62526,62525,7402,69927,610
2022-03-20,Plumas,063,18699,2914,2744,358,3102,13
2022-03-20,Riverside,065,2383286,589905,589657,28072,617729,6376
2022-03-20,Sacramento,067,1510023,279111,275317,27138,302455,2927
2022-03-20,San Benito,069,59416,12892,12869,516,13385,97
2022-03-20,San Bernardino,071,2135413,564196,560220,24760,584980,6805
2022-03-20,San Diego,073,3302833,750964,748833,51746,800579,5138
2022-03-20,San Francisco,075,870044,123765,123858,8275,132133,835
2022-03-20,San Joaquin,077,732212,165807,165927,9391,175318,2185
2022-03-20,San Luis Obispo,079,281455,52280,52217,3777,55994,463
2022-03-20,San Mateo,081,765935,120960,119901,6992,126893,684
2022-03-20,Santa Barbara,083,443738,85455,85412,4829,90241,672
2022-03-20,Santa Clara,085,1922200,310767,310412,12421,322833,2243
2022-03-20,Santa Cruz,087,273765,47131,47265,2122,49387,259
2022-03-20,Shasta,089,179085,30494,30522,6147,36669,525
2022-03-20,Sierra,091,2930,273,273,48,321,4
2022-03-20,Siskiyou,093,43540,4433,4426,2753,7179,80
2022-03-20,Solano,095,438530,81152,81393,5532,86925,441
2022-03-20,Sonoma,097,501317,83134,82965,2562,85527,481
2022-03-20,Stanislaus,099,539301,117184,118146,17301,135447,1572
2022-03-20,Sutter,101,95872,20499,20519,2119,22638,218
2022-03-20,Tehama,103,63373,12026,12030,2624,14654,160
2022-03-20,Trinity,105,12862,1176,1174,295,1469,20
2022-03-20,Tulare,107,460477,106284,104353,28597,132950,1389
2022-03-20,Tuolumne,109,53932,12594,12617,566,13183,180
2022-03-20,Ventura,111,848112,172738,172514,9267,181781,1451
2022-03-20,Yolo,113,214977,36618,36135,3181,39316,307
2022-03-20,Yuba,115,75493,15796,15787,1198,16985,117
2022-03-19,Alameda,001,1643700,254652,253936,13811,267747,1797
2022-03-19,Alpine,003,1148,122,122,1,123,0
2022-03-19,Amador,005,37829,8515,8456,650,9106,85
2022-03-19,Butte,007,227075,32902,32856,6628,39484,385
2022-03-19,Calaveras,009,45235,7244,7229,353,7582,119
2022-03-19,Colusa,011,21464,3436,3445,1077,4522,21
2022-03-19,Contra Costa,013,1133247,187777,187225,13265,200490,1276
2022-03-19,Del Norte,015,27424,5772,5815,196,6011,48
2022-03-19,El Dorado,017,186661,26619,26618,3207,29825,199
2022-03-19,Fresno,019,978130,230787,228965,23464,252429,2694
2022-03-19,Glenn,021,27897,4970,4971,1570,6541,44
2022-03-19,Humboldt,023,135768,16845,16901,2964,19865,138
2022-03-19,Imperial,025,180216,55266,55038,11316,66354,898
2022-03-19,Inyo,027,18085,4060,4061,483,4544,56
2022-03-19,Kern,029,883053,191469,190943,46248,237191,2184
2022-03-19,Kings,031,150075,51389,51334,3611,54945,441
2022-03-19,Lake,033,64148,10661,10641,897,11538,135
2022-03-19,Lassen,035,31185,8953,8925,887,9812,63
2022-03-19,Los Angeles,037,10098052,2700593,2686759,124627,2811386,31133
2022-03-19,Madera,039,155013,37244,37273,6066,43339,354
2022-03-19,Marin,041,260295,33273,33163,2203,35366,272
2022-03-19,Mariposa,043,17540,2387,2378,200,2578,6
2022-03-19,Mendocino,045,87422,13022,13012,3030,16042,117
2022-03-19,Merced,047,269075,62008,61985,8648,70633,800
2022-03-19,Modoc,049,8938,736,734,251,985,7
2022-03-19,Mono,051,14174,2964,2961,122,3083,5
2022-03-19,Monterey,053,433212,79101,78483,13761,92244,720
2022-03-19,Napa,055,140530,25704,25654,961,26615,138
2022-03-19,Nevada,057,99092,15908,15960,1207,17167,123
2022-03-19,Orange,059,3164182,545139,543907,41366,585273,6817
2022-03-19,Placer,061,380077,62511,62483,7402,69885,605
2022-03-19,Plumas,063,18699,2914,2724,358,3082,13
2022-03-19,Riverside,065,2383286,589853,589017,28064,617081,6359
2022-03-19,Sacramento,067,1510023,279071,274855,27133,301988,2913
2022-03-19,San Benito,069,59416,12891,12859,516,13375,97
2022-03-19,San Bernardino,071,2135413,564150,559935,24759,584694,6778
2022-03-19,San Diego,073,3302833,750859,747344,51734,799078,5133
2022-03-19,San Francisco,075,870044,123700,123587,8272,131859,833
2022-03-19,San Joaquin,077,732212,165781,165765,9388,175153,2181
2022-03-19,San Luis Obispo,079,281455,52274,52174,3777,55951,463
2022-03-19,San Mateo,081,765935,120924,119782,6991,126773,667
2022-03-19,Santa Barbara,083,443738,85442,85336,4828,90164,671
2022-03-19,Santa Clara,085,1922200,310650,309918,12413,322331,2225
2022-03-19,Santa Cruz,087,273765,47123,47203,2118,49321,256
2022-03-19,Shasta,089,179085,30490,30495,6147,36642,525
2022-03-19,Sierra,091,2930,273,273,48,321,4
2022-03-19,Siskiyou,093,43540,4432,4422,2753,7175,76
2022-03-19,Solano,095,438530,81143,81340,5529,86869,441
2022-03-19,Sonoma,097,501317,83116,82838,2559,85397,472
2022-03-19,Stanislaus,099,539301,117174,118138,17299,135437,1568
2022-03-19,Sutter,101,95872,20496,20503,2119,22622,218
2022-03-19,Tehama,103,63373,12026,12007,2624,14631,160
2022-03-19,Trinity,105,12862,1176,1173,295,1468,20
2022-03-19,Tulare,107,460477,106275,104290,28592,132882,1384
2022-03-19,Tuolumne,109,53932,12594,12617,566,13183,180
2022-03-19,Ventura,111,848112,172707,172380,9266,181646,1451
2022-03-19,Yolo,113,214977,36609,36086,3181,39267,306
2022-03-19,Yuba,115,75493,15792,15768,1197,16965,117
2022-03-18,Alameda,001,1643700,254592,253936,13807,267743,1797
2022-03-18,Alpine,003,1148,122,122,1,123,0
2022-03-18,Amador,005,37829,8515,8456,650,9106,85
2022-03-18,Butte,007,227075,32897,32856,6625,39481,385
2022-03-18,Calaveras,009,45235,7244,7229,353,7582,119
2022-03-18,Colusa,011,21464,3436,3445,1077,4522,21
2022-03-18,Contra Costa,013,1133247,187744,187225,13263,200488,1276
2022-03-18,Del Norte,015,27424,5770,5815,195,6010,48
2022-03-18,El Dorado,017,186661,26614,26618,3205,29823,199
2022-03-18,Fresno,019,978130,230754,228965,23464,252429,2694
2022-03-18,Glenn,021,27897,4970,4971,1570,6541,44
2022-03-18,Humboldt,023,135768,16842,16901,2963,19864,138
2022-03-18,Imperial,025,180216,55264,55038,11316,66354,898
2022-03-18,Inyo,027,18085,4060,4061,483,4544,56
2022-03-18,Kern,029,883053,191458,190943,46245,237188,2184
2022-03-18,Kings,031,150075,51383,51334,3611,54945,441
2022-03-18,Lake,033,64148,10659,10641,895,11536,135
2022-03-18,Lassen,035,31185,8952,8925,887,9812,63
2022-03-18,Los Angeles,037,10098052,2700252,2686759,124601,2811360,31133
2022-03-18,Madera,039,155013,37239,37273,6066,43339,354
2022-03-18,Marin,041,260295,33259,33163,2203,35366,272
2022-03-18,Mariposa,043,17540,2386,2378,200,2578,6
2022-03-18,Mendocino,045,87422,13017,13012,3030,16042,117
2022-03-18,Merced,047,269075,61998,61985,8648,70633,800
2022-03-18,Modoc,049,8938,736,734,251,985,7
2022-03-18,Mono,051,14174,2963,2961,122,3083,5
2022-03-18,Monterey,053,433212,79083,78483,13758,92241,720
2022-03-18,Napa,055,140530,25701,25654,961,26615,138
2022-03-18,Nevada,057,99092,15905,15960,1206,17166,123
2022-03-18,Orange,059,3164182,545071,543907,41357,585264,6817
2022-03-18,Placer,061,380077,62503,62483,7402,69885,605
2022-03-18,Plumas,063,18699,2914,2724,358,3082,13
2022-03-18,Riverside,065,2383286,589796,589017,28060,617077,6359
2022-03-18,Sacramento,067,1510023,279037,274855,27128,301983,2913
2022-03-18,San Benito,069,59416,12889,12859,516,13375,97
2022-03-18,San Bernardino,071,2135413,564112,559935,24757,584692,6778
2022-03-18,San Diego,073,3302833,750749,747344,51719,799063,5133
2022-03-18,San Francisco,075,870044,123621,123587,8265,131852,833
2022-03-18,San Joaquin,077,732212,165767,165765,9383,175148,2181
2022-03-18,San Luis Obispo,079,281455,52268,52174,3777,55951,463
2022-03-18,San Mateo,081,765935,120888,119782,6988,126770,667
2022-03-18,Santa Barbara,083,443738,85433,85336,4827,90163,671
2022-03-18,Santa Clara,085,1922200,310549,309918,12410,322328,2225
2022-03-18,Santa Cruz,087,273765,47111,47203,2117,49320,256
2022-03-18,Shasta,089,179085,30489,30495,6147,36642,525
2022-03-18,Sierra,091,2930,273,273,48,321,4
2022-03-18,Siskiyou,093,43540,4432,4422,2753,7175,76
2022-03-18,Solano,095,438530,81132,81340,5523,86863,441
2022-03-18,Sonoma,097,501317,83096,82838,2558,85396,472
2022-03-18,Stanislaus,099,539301,117161,118138,17299,135437,1568
2022-03-18,Sutter,101,95872,20493,20503,2119,22622,218
2022-03-18,Tehama,103,63373,12025,12007,2624,14631,160
2022-03-18,Trinity,105,12862,1176,1173,295,1468,20
2022-03-18,Tulare,107,460477,106269,104290,28585,132875,1384
2022-03-18,Tuolumne,109,53932,12593,12617,566,13183,180
2022-03-18,Ventura,111,848112,172687,172380,9262,181642,1451
2022-03-18,Yolo,113,214977,36598,36086,3181,39267,306
2022-03-18,Yuba,115,75493,15790,15768,1197,16965,117
2022-03-17,Alameda,001,1643700,254499,253936,13800,267736,1797
2022-03-17,Alpine,003,1148,122,122,1,123,0
2022-03-17,Amador,005,37829,8508,8456,650,9106,85
2022-03-17,Butte,007,227075,32883,32856,6623,39479,385
2022-03-17,Calaveras,009,45235,7241,7229,353,7582,119
2022-03-17,Colusa,011,21464,3436,3445,1077,4522,21
2022-03-17,Contra Costa,013,1133247,187678,187225,13253,200478,1276
2022-03-17,Del Norte,015,27424,5768,5815,195,6010,48
2022-03-17,El Dorado,017,186661,26607,26618,3205,29823,199
2022-03-17,Fresno,019,978130,230707,228965,23461,252426,2694
2022-03-17,Glenn,021,27897,4970,4971,1570,6541,44
2022-03-17,Humboldt,023,135768,16838,16901,2961,19862,138
2022-03-17,Imperial,025,180216,55253,55038,11314,66352,898
2022-03-17,Inyo,027,18085,4060,4061,483,4544,56
2022-03-17,Kern,029,883053,191427,190943,46242,237185,2184
2022-03-17,Kings,031,150075,51380,51334,3610,54944,441
2022-03-17,Lake,033,64148,10656,10641,895,11536,135
2022-03-17,Lassen,035,31185,8950,8925,887,9812,63
2022-03-17,Los Angeles,037,10098052,2699605,2686759,124565,2811324,31133
2022-03-17,Madera,039,155013,37235,37273,6065,43338,354
2022-03-17,Marin,041,260295,33247,33163,2202,35365,272
2022-03-17,Mariposa,043,17540,2386,2378,200,2578,6
2022-03-17,Mendocino,045,87422,13014,13012,3027,16039,117
2022-03-17,Merced,047,269075,61992,61985,8646,70631,800
2022-03-17,Modoc,049,8938,736,734,251,985,7
2022-03-17,Mono,051,14174,2963,2961,121,3082,5
2022-03-17,Monterey,053,433212,79061,78483,13753,92236,720
2022-03-17,Napa,055,140530,25696,25654,961,26615,138
2022-03-17,Nevada,057,99092,15902,15960,1206,17166,123
2022-03-17,Orange,059,3164182,544977,543907,41346,585253,6817
2022-03-17,Placer,061,380077,62487,62483,7400,69883,605
2022-03-17,Plumas,063,18699,2913,2724,358,3082,13
2022-03-17,Riverside,065,2383286,589716,589017,28053,617070,6359
2022-03-17,Sacramento,067,1510023,278970,274855,27120,301975,2913
2022-03-17,San Benito,069,59416,12888,12859,516,13375,97
2022-03-17,San Bernardino,071,2135413,564048,559935,24754,584689,6778
2022-03-17,San Diego,073,3302833,750570,747344,51705,799049,5133
2022-03-17,San Francisco,075,870044,123541,123587,8260,131847,833
2022-03-17,San Joaquin,077,732212,165744,165765,9382,175147,2181
2022-03-17,San Luis Obispo,079,281455,52254,52174,3775,55949,463
2022-03-17,San Mateo,081,765935,120843,119782,6984,126766,667
2022-03-17,Santa Barbara,083,443738,85417,85336,4827,90163,671
2022-03-17,Santa Clara,085,1922200,310431,309918,12405,322323,2225
2022-03-17,Santa Cruz,087,273765,47095,47203,2115,49318,256
2022-03-17,Shasta,089,179085,30486,30495,6145,36640,525
2022-03-17,Sierra,091,2930,273,273,48,321,4
2022-03-17,Siskiyou,093,43540,4431,4422,2753,7175,76
2022-03-17,Solano,095,438530,81103,81340,5520,86860,441
2022-03-17,Sonoma,097,501317,83066,82838,2556,85394,472
2022-03-17,Stanislaus,099,539301,117148,118138,17295,135433,1568
2022-03-17,Sutter,101,95872,20483,20503,2105,22608,218
2022-03-17,Tehama,103,63373,12025,12007,2623,14630,160
2022-03-17,Trinity,105,12862,1176,1173,295,1468,20
2022-03-17,Tulare,107,460477,106254,104290,28574,132864,1384
2022-03-17,Tuolumne,109,53932,12591,12617,565,13182,180
2022-03-17,Ventura,111,848112,172640,172380,9260,181640,1451
2022-03-17,Yolo,113,214977,36585,36086,3181,39267,306
2022-03-17,Yuba,115,75493,15788,15768,1196,16964,117
2022-03-16,Alameda,001,1643700,254404,253792,13796,267588,1794
2022-03-16,Alpine,003,1148,122,122,1,123,0
2022-03-16,Amador,005,37829,8500,8449,650,9099,85
2022-03-16,Butte,007,227075,32871,32837,6618,39455,385
2022-03-16,Calaveras,009,45235,7239,7229,353,7582,120
2022-03-16,Colusa,011,21464,3436,3445,1076,4521,22
2022-03-16,Contra Costa,013,1133247,187619,187100,13244,200344,1266
2022-03-16,Del Norte,015,27424,5767,5811,193,6004,48
2022-03-16,El Dorado,017,186661,26595,26602,3204,29806,199
2022-03-16,Fresno,019,978130,230659,228786,23449,252235,2689
2022-03-16,Glenn,021,27897,4970,4969,1569,6538,44
2022-03-16,Humboldt,023,135768,16835,16893,2961,19854,138
2022-03-16,Imperial,025,180216,55241,55002,11311,66313,897
2022-03-16,Inyo,027,18085,4059,4061,483,4544,56
2022-03-16,Kern,029,883053,191384,190835,46235,237070,2170
2022-03-16,Kings,031,150075,51365,51321,3610,54931,437
2022-03-16,Lake,033,64148,10654,10633,894,11527,133
2022-03-16,Lassen,035,31185,8947,8924,887,9811,62
2022-03-16,Los Angeles,037,10098052,2698982,2685789,124524,2810313,31102
2022-03-16,Madera,039,155013,37227,37262,6064,43326,354
2022-03-16,Marin,041,260295,33226,33136,2200,35336,272
2022-03-16,Mariposa,043,17540,2384,2376,200,2576,6
2022-03-16,Mendocino,045,87422,13011,13011,3026,16037,117
2022-03-16,Merced,047,269075,61976,61959,8640,70599,798
2022-03-16,Modoc,049,8938,735,734,251,985,7
2022-03-16,Mono,051,14174,2963,2960,121,3081,5
2022-03-16,Monterey,053,433212,79039,78416,13748,92164,720
2022-03-16,Napa,055,140530,25687,25638,960,26598,138
2022-03-16,Nevada,057,99092,15900,15960,1206,17166,123
2022-03-16,Orange,059,3164182,544855,543326,41323,584649,6791
2022-03-16,Placer,061,380077,62472,62435,7398,69833,605
2022-03-16,Plumas,063,18699,2913,2723,358,3081,13
2022-03-16,Riverside,065,2383286,589616,588761,28050,616811,6351
2022-03-16,Sacramento,067,1510023,278902,274709,27114,301823,2910
2022-03-16,San Benito,069,59416,12883,12854,516,13370,97
2022-03-16,San Bernardino,071,2135413,563968,559746,24749,584495,6775
2022-03-16,San Diego,073,3302833,750359,746970,51681,798651,5126
2022-03-16,San Francisco,075,870044,123441,123446,8252,131698,831
2022-03-16,San Joaquin,077,732212,165697,165703,9379,175082,2169
2022-03-16,San Luis Obispo,079,281455,52236,52132,3772,55904,462
2022-03-16,San Mateo,081,765935,120781,119680,6975,126655,660
2022-03-16,Santa Barbara,083,443738,85384,85322,4822,90144,670
2022-03-16,Santa Clara,085,1922200,310247,309689,12390,322079,2224
2022-03-16,Santa Cruz,087,273765,47066,47161,2115,49276,255
2022-03-16,Shasta,089,179085,30477,30489,6141,36630,527
2022-03-16,Sierra,091,2930,273,273,48,321,4
2022-03-16,Siskiyou,093,43540,4428,4419,2751,7170,76
2022-03-16,Solano,095,438530,81080,81277,5518,86795,440
2022-03-16,Sonoma,097,501317,83021,82791,2548,85339,472
2022-03-16,Stanislaus,099,539301,117122,118072,17293,135365,1567
2022-03-16,Sutter,101,95872,20481,20494,2104,22598,218
2022-03-16,Tehama,103,63373,12023,11999,2623,14622,160
2022-03-16,Trinity,105,12862,1176,1173,295,1468,20
2022-03-16,Tulare,107,460477,106240,104217,28566,132783,1377
2022-03-16,Tuolumne,109,53932,12586,12610,565,13175,180
2022-03-16,Ventura,111,848112,172600,172212,9256,181468,1451
2022-03-16,Yolo,113,214977,36563,36079,3179,39258,307
2022-03-16,Yuba,115,75493,15783,15758,1196,16954,117
2022-03-15,Alameda,001,1643700,254276,253694,13786,267480,1793
2022-03-15,Alpine,003,1148,122,122,1,123,0
2022-03-15,Amador,005,37829,8497,8448,650,9098,85
2022-03-15,Butte,007,227075,32858,32822,6616,39438,385
2022-03-15,Calaveras,009,45235,7237,7236,353,7589,118
2022-03-15,Colusa,011,21464,3436,3445,1076,4521,21
2022-03-15,Contra Costa,013,1133247,187539,187021,13235,200256,1265
2022-03-15,Del Norte,015,27424,5764,5806,190,5996,48
2022-03-15,El Dorado,017,186661,26592,26596,3203,29799,199
2022-03-15,Fresno,019,978130,230616,228631,23439,252070,2689
2022-03-15,Glenn,021,27897,4968,4966,1569,6535,44
2022-03-15,Humboldt,023,135768,16829,16889,2960,19849,138
2022-03-15,Imperial,025,180216,55231,54981,11301,66282,896
2022-03-15,Inyo,027,18085,4059,4062,482,4544,56
2022-03-15,Kern,029,883053,191355,190645,46225,236870,2168
2022-03-15,Kings,031,150075,51345,51317,3606,54923,437
2022-03-15,Lake,033,64148,10650,10631,894,11525,131
2022-03-15,Lassen,035,31185,8945,8926,886,9812,62
2022-03-15,Los Angeles,037,10098052,2698318,2685071,124464,2809535,31077
2022-03-15,Madera,039,155013,37217,37258,6063,43321,354
2022-03-15,Marin,041,260295,33203,33111,2199,35310,272
2022-03-15,Mariposa,043,17540,2382,2377,200,2577,6
2022-03-15,Mendocino,045,87422,13006,13005,3025,16030,117
2022-03-15,Merced,047,269075,61958,61916,8630,70546,798
2022-03-15,Modoc,049,8938,735,733,251,984,7
2022-03-15,Mono,051,14174,2963,2961,121,3082,5
2022-03-15,Monterey,053,433212,79008,78400,13740,92140,718
2022-03-15,Napa,055,140530,25679,25657,958,26615,138
2022-03-15,Nevada,057,99092,15898,15960,1204,17164,123
2022-03-15,Orange,059,3164182,544713,543197,41316,584513,6780
2022-03-15,Placer,061,380077,62454,62398,7394,69792,604
2022-03-15,Plumas,063,18699,2913,2722,358,3080,13
2022-03-15,Riverside,065,2383286,589516,588622,28042,616664,6333
2022-03-15,Sacramento,067,1510023,278820,274633,27107,301740,2907
2022-03-15,San Benito,069,59416,12879,12849,516,13365,95
2022-03-15,San Bernardino,071,2135413,563895,559605,24744,584349,6770
2022-03-15,San Diego,073,3302833,750112,746474,51659,798133,5116
2022-03-15,San Francisco,075,870044,123326,123526,8243,131769,831
2022-03-15,San Joaquin,077,732212,165653,165664,9373,175037,2161
2022-03-15,San Luis Obispo,079,281455,52226,52060,3768,55828,458
2022-03-15,San Mateo,081,765935,120729,119586,6969,126555,649
2022-03-15,Santa Barbara,083,443738,85359,85353,4818,90171,668
2022-03-15,Santa Clara,085,1922200,310086,309535,12378,321913,2224
2022-03-15,Santa Cruz,087,273765,47013,47117,2115,49232,255
2022-03-15,Shasta,089,179085,30468,30476,6138,36614,524
2022-03-15,Sierra,091,2930,273,273,48,321,4
2022-03-15,Siskiyou,093,43540,4428,4420,2751,7171,76
2022-03-15,Solano,095,438530,81044,81260,5517,86777,440
2022-03-15,Sonoma,097,501317,82976,82737,2548,85285,472
2022-03-15,Stanislaus,099,539301,117103,118085,17289,135374,1567
2022-03-15,Sutter,101,95872,20478,20480,2094,22574,217
2022-03-15,Tehama,103,63373,12020,11997,2622,14619,160
2022-03-15,Trinity,105,12862,1176,1173,295,1468,20
2022-03-15,Tulare,107,460477,106221,104153,28554,132707,1375
2022-03-15,Tuolumne,109,53932,12582,12602,565,13167,180
2022-03-15,Ventura,111,848112,172555,172150,9252,181402,1451
2022-03-15,Yolo,113,214977,36550,36079,3173,39252,308
2022-03-15,Yuba,115,75493,15774,15756,1196,16952,116
2022-03-14,Alameda,001,1643700,254167,253629,13781,267410,1791
2022-03-14,Alpine,003,1148,122,122,1,123,0
2022-03-14,Amador,005,37829,8492,8448,650,9098,85
2022-03-14,Butte,007,227075,32840,32812,6615,39427,385
2022-03-14,Calaveras,009,45235,7236,7245,353,7598,118
2022-03-14,Colusa,011,21464,3435,3445,1076,4521,21
2022-03-14,Contra Costa,013,1133247,187448,186969,13226,200195,1265
2022-03-14,Del Norte,015,27424,5758,5807,190,5997,48
2022-03-14,El Dorado,017,186661,26587,26570,3203,29773,199
2022-03-14,Fresno,019,978130,230543,228470,23430,251900,2682
2022-03-14,Glenn,021,27897,4966,4966,1568,6534,44
2022-03-14,Humboldt,023,135768,16822,16890,2958,19848,137
2022-03-14,Imperial,025,180216,55218,54933,11296,66229,897
2022-03-14,Inyo,027,18085,4059,4062,482,4544,56
2022-03-14,Kern,029,883053,191322,190526,46214,236740,2166
2022-03-14,Kings,031,150075,51327,51293,3605,54898,437
2022-03-14,Lake,033,64148,10647,10631,894,11525,131
2022-03-14,Lassen,035,31185,8945,8927,885,9812,62
2022-03-14,Los Angeles,037,10098052,2697703,2683369,124395,2807764,31034
2022-03-14,Madera,039,155013,37211,37255,6062,43317,354
2022-03-14,Marin,041,260295,33174,33099,2199,35298,272
2022-03-14,Mariposa,043,17540,2381,2376,200,2576,6
2022-03-14,Mendocino,045,87422,13000,12992,3016,16008,117
2022-03-14,Merced,047,269075,61941,61905,8628,70533,795
2022-03-14,Modoc,049,8938,734,731,251,982,7
2022-03-14,Mono,051,14174,2962,2961,121,3082,5
2022-03-14,Monterey,053,433212,78994,78376,13701,92077,718
2022-03-14,Napa,055,140530,25664,25649,958,26607,138
2022-03-14,Nevada,057,99092,15896,15954,1204,17158,123
2022-03-14,Orange,059,3164182,544573,543099,41309,584408,6775
2022-03-14,Placer,061,380077,62436,62389,7392,69781,601
2022-03-14,Plumas,063,18699,2913,2711,358,3069,13
2022-03-14,Riverside,065,2383286,589379,588531,28030,616561,6332
2022-03-14,Sacramento,067,1510023,278740,274682,27102,301784,2899
2022-03-14,San Benito,069,59416,12874,12846,515,13361,95
2022-03-14,San Bernardino,071,2135413,563813,559505,24738,584243,6767
2022-03-14,San Diego,073,3302833,749803,745515,51632,797147,5108
2022-03-14,San Francisco,075,870044,123234,123575,8237,131812,824
2022-03-14,San Joaquin,077,732212,165615,165662,9372,175034,2142
2022-03-14,San Luis Obispo,079,281455,52199,52046,3765,55811,458
2022-03-14,San Mateo,081,765935,120655,119564,6966,126530,649
2022-03-14,Santa Barbara,083,443738,85322,85396,4817,90213,667
2022-03-14,Santa Clara,085,1922200,309898,309600,12375,321975,2223
2022-03-14,Santa Cruz,087,273765,46974,47107,2112,49219,255
2022-03-14,Shasta,089,179085,30463,30462,6135,36597,520
2022-03-14,Sierra,091,2930,273,273,48,321,4
2022-03-14,Siskiyou,093,43540,4423,4419,2750,7169,76
2022-03-14,Solano,095,438530,80997,81233,5512,86745,440
2022-03-14,Sonoma,097,501317,82943,82731,2544,85275,473
2022-03-14,Stanislaus,099,539301,117065,118088,17286,135374,1567
2022-03-14,Sutter,101,95872,20471,20478,2094,22572,217
2022-03-14,Tehama,103,63373,12018,11996,2622,14618,160
2022-03-14,Trinity,105,12862,1176,1172,295,1467,20
2022-03-14,Tulare,107,460477,106190,104121,28542,132663,1365
2022-03-14,Tuolumne,109,53932,12581,12567,564,13131,180
2022-03-14,Ventura,111,848112,172505,172107,9250,181357,1442
2022-03-14,Yolo,113,214977,36534,36059,3171,39230,308
2022-03-14,Yuba,115,75493,15763,15748,1196,16944,116
2022-03-13,Alameda,001,1643700,254049,253547,13772,267319,1792
2022-03-13,Alpine,003,1148,122,122,1,123,0
2022-03-13,Amador,005,37829,8490,8444,650,9094,85
2022-03-13,Butte,007,227075,32821,32806,6611,39417,384
2022-03-13,Calaveras,009,45235,7231,7253,353,7606,118
2022-03-13,Colusa,011,21464,3435,3444,1074,4518,21
2022-03-13,Contra Costa,013,1133247,187355,186911,13211,200122,1265
2022-03-13,Del Norte,015,27424,5754,5808,190,5998,48
2022-03-13,El Dorado,017,186661,26582,26563,3201,29764,199
2022-03-13,Fresno,019,978130,230464,228421,23417,251838,2683
2022-03-13,Glenn,021,27897,4962,4966,1567,6533,44
2022-03-13,Humboldt,023,135768,16814,16883,2958,19841,137
2022-03-13,Imperial,025,180216,55208,54934,11290,66224,897
2022-03-13,Inyo,027,18085,4059,4062,481,4543,56
2022-03-13,Kern,029,883053,191268,190495,46199,236694,2166
2022-03-13,Kings,031,150075,51320,51273,3604,54877,437
2022-03-13,Lake,033,64148,10644,10626,894,11520,131
2022-03-13,Lassen,035,31185,8944,8929,884,9813,62
2022-03-13,Los Angeles,037,10098052,2696982,2683351,124352,2807703,31034
2022-03-13,Madera,039,155013,37203,37248,6062,43310,354
2022-03-13,Marin,041,260295,33149,33083,2197,35280,272
2022-03-13,Mariposa,043,17540,2379,2376,200,2576,6
2022-03-13,Mendocino,045,87422,12994,12987,3011,15998,117
2022-03-13,Merced,047,269075,61917,61895,8616,70511,795
2022-03-13,Modoc,049,8938,734,731,251,982,7
2022-03-13,Mono,051,14174,2962,2961,121,3082,5
2022-03-13,Monterey,053,433212,78958,78366,13650,92016,718
2022-03-13,Napa,055,140530,25649,25639,957,26596,138
2022-03-13,Nevada,057,99092,15889,15959,1204,17163,123
2022-03-13,Orange,059,3164182,544452,543036,41284,584320,6774
2022-03-13,Placer,061,380077,62409,62372,7389,69761,601
2022-03-13,Plumas,063,18699,2913,2711,358,3069,13
2022-03-13,Riverside,065,2383286,589245,588487,28023,616510,6332
2022-03-13,Sacramento,067,1510023,278639,274715,27090,301805,2899
2022-03-13,San Benito,069,59416,12868,12844,513,13357,95
2022-03-13,San Bernardino,071,2135413,563720,559450,24729,584179,6767
2022-03-13,San Diego,073,3302833,749453,745515,51598,797113,5108
2022-03-13,San Francisco,075,870044,123112,123622,8231,131853,824
2022-03-13,San Joaquin,077,732212,165568,165641,9370,175011,2142
2022-03-13,San Luis Obispo,079,281455,52169,52040,3762,55802,458
2022-03-13,San Mateo,081,765935,120577,119521,6957,126478,649
2022-03-13,Santa Barbara,083,443738,85280,85453,4815,90268,667
2022-03-13,Santa Clara,085,1922200,309727,309493,12365,321858,2225
2022-03-13,Santa Cruz,087,273765,46923,47087,2111,49198,255
2022-03-13,Shasta,089,179085,30445,30457,6133,36590,520
2022-03-13,Sierra,091,2930,273,273,48,321,4
2022-03-13,Siskiyou,093,43540,4423,4418,2750,7168,76
2022-03-13,Solano,095,438530,80962,81217,5508,86725,440
2022-03-13,Sonoma,097,501317,82907,82711,2541,85252,473
2022-03-13,Stanislaus,099,539301,117034,118075,17283,135358,1567
2022-03-13,Sutter,101,95872,20468,20474,2093,22567,217
2022-03-13,Tehama,103,63373,12017,11997,2621,14618,160
2022-03-13,Trinity,105,12862,1176,1172,295,1467,20
2022-03-13,Tulare,107,460477,106152,104119,28529,132648,1365
2022-03-13,Tuolumne,109,53932,12578,12565,564,13129,180
2022-03-13,Ventura,111,848112,172447,172080,9244,181324,1442
2022-03-13,Yolo,113,214977,36518,36019,3167,39186,308
2022-03-13,Yuba,115,75493,15758,15741,1196,16937,116
2022-03-12,Alameda,001,1643700,253984,253079,13767,266846,1783
2022-03-12,Alpine,003,1148,122,122,1,123,0
2022-03-12,Amador,005,37829,8486,8427,650,9077,84
2022-03-12,Butte,007,227075,32817,32774,6609,39383,380
2022-03-12,Calaveras,009,45235,7230,7253,353,7606,118
2022-03-12,Colusa,011,21464,3435,3440,1074,4514,21
2022-03-12,Contra Costa,013,1133247,187311,186618,13210,199828,1256
2022-03-12,Del Norte,015,27424,5753,5791,190,5981,48
2022-03-12,El Dorado,017,186661,26578,26538,3201,29739,199
2022-03-12,Fresno,019,978130,230441,228041,23417,251458,2653
2022-03-12,Glenn,021,27897,4962,4955,1567,6522,44
2022-03-12,Humboldt,023,135768,16810,16862,2957,19819,137
2022-03-12,Imperial,025,180216,55204,54837,11285,66122,896
2022-03-12,Inyo,027,18085,4059,4056,481,4537,56
2022-03-12,Kern,029,883053,191251,190330,46194,236524,2162
2022-03-12,Kings,031,150075,51314,51145,3604,54749,436
2022-03-12,Lake,033,64148,10641,10594,893,11487,131
2022-03-12,Lassen,035,31185,8943,8915,884,9799,62
2022-03-12,Los Angeles,037,10098052,2696663,2678858,124333,2803191,30901
2022-03-12,Madera,039,155013,37199,37223,6062,43285,354
2022-03-12,Marin,041,260295,33125,33015,2196,35211,272
2022-03-12,Mariposa,043,17540,2379,2372,200,2572,6
2022-03-12,Mendocino,045,87422,12990,12965,3011,15976,117
2022-03-12,Merced,047,269075,61912,61840,8615,70455,795
2022-03-12,Modoc,049,8938,734,730,251,981,7
2022-03-12,Mono,051,14174,2962,2960,120,3080,5
2022-03-12,Monterey,053,433212,78951,78285,13648,91933,716
2022-03-12,Napa,055,140530,25639,25584,956,26540,138
2022-03-12,Nevada,057,99092,15882,15947,1204,17151,123
2022-03-12,Orange,059,3164182,544387,542354,41275,583629,6718
2022-03-12,Placer,061,380077,62400,62282,7389,69671,598
2022-03-12,Plumas,063,18699,2913,2707,358,3065,13
2022-03-12,Riverside,065,2383286,589182,588022,28018,616040,6317
2022-03-12,Sacramento,067,1510023,278598,274519,27085,301604,2886
2022-03-12,San Benito,069,59416,12865,12868,513,13381,95
2022-03-12,San Bernardino,071,2135413,563679,559013,24728,583741,6734
2022-03-12,San Diego,073,3302833,749326,744386,51576,795962,5090
2022-03-12,San Francisco,075,870044,123048,123610,8226,131836,823
2022-03-12,San Joaquin,077,732212,165551,165516,9367,174883,2117
2022-03-12,San Luis Obispo,079,281455,52160,51947,3759,55706,457
2022-03-12,San Mateo,081,765935,120540,119288,6956,126244,641
2022-03-12,Santa Barbara,083,443738,85262,85421,4815,90236,664
2022-03-12,Santa Clara,085,1922200,309629,308989,12359,321348,2208
2022-03-12,Santa Cruz,087,273765,46910,46982,2110,49092,254
2022-03-12,Shasta,089,179085,30433,30419,6131,36550,517
2022-03-12,Sierra,091,2930,273,273,48,321,4
2022-03-12,Siskiyou,093,43540,4423,4405,2750,7155,75
2022-03-12,Solano,095,438530,80948,81058,5508,86566,436
2022-03-12,Sonoma,097,501317,82890,82622,2539,85161,473
2022-03-12,Stanislaus,099,539301,117020,117884,17282,135166,1564
2022-03-12,Sutter,101,95872,20466,20429,2093,22522,217
2022-03-12,Tehama,103,63373,12017,11983,2621,14604,159
2022-03-12,Trinity,105,12862,1175,1172,295,1467,20
2022-03-12,Tulare,107,460477,106146,103994,28524,132518,1358
2022-03-12,Tuolumne,109,53932,12577,12476,564,13040,180
2022-03-12,Ventura,111,848112,172422,171932,9242,181174,1442
2022-03-12,Yolo,113,214977,36511,35982,3165,39147,308
2022-03-12,Yuba,115,75493,15758,15722,1196,16918,116
2022-03-11,Alameda,001,1643700,253918,253079,13767,266846,1783
2022-03-11,Alpine,003,1148,122,122,1,123,0
2022-03-11,Amador,005,37829,8484,8427,650,9077,84
2022-03-11,Butte,007,227075,32813,32774,6608,39382,380
2022-03-11,Calaveras,009,45235,7230,7253,353,7606,118
2022-03-11,Colusa,011,21464,3435,3440,1074,4514,21
2022-03-11,Contra Costa,013,1133247,187263,186618,13208,199826,1256
2022-03-11,Del Norte,015,27424,5749,5791,190,5981,48
2022-03-11,El Dorado,017,186661,26574,26538,3201,29739,199
2022-03-11,Fresno,019,978130,230385,228041,23414,251455,2653
2022-03-11,Glenn,021,27897,4962,4955,1567,6522,44
2022-03-11,Humboldt,023,135768,16805,16862,2955,19817,137
2022-03-11,Imperial,025,180216,55197,54837,11284,66121,896
2022-03-11,Inyo,027,18085,4059,4056,481,4537,56
2022-03-11,Kern,029,883053,191230,190330,46189,236519,2162
2022-03-11,Kings,031,150075,51294,51145,3604,54749,436
2022-03-11,Lake,033,64148,10637,10594,893,11487,131
2022-03-11,Lassen,035,31185,8942,8915,884,9799,62
2022-03-11,Los Angeles,037,10098052,2696341,2678858,124308,2803166,30901
2022-03-11,Madera,039,155013,37194,37223,6062,43285,354
2022-03-11,Marin,041,260295,33109,33015,2195,35210,272
2022-03-11,Mariposa,043,17540,2379,2372,200,2572,6
2022-03-11,Mendocino,045,87422,12984,12965,3011,15976,117
2022-03-11,Merced,047,269075,61902,61840,8613,70453,795
2022-03-11,Modoc,049,8938,734,730,251,981,7
2022-03-11,Mono,051,14174,2961,2960,120,3080,5
2022-03-11,Monterey,053,433212,78938,78285,13642,91927,716
2022-03-11,Napa,055,140530,25629,25584,956,26540,138
2022-03-11,Nevada,057,99092,15879,15947,1204,17151,123
2022-03-11,Orange,059,3164182,544316,542354,41261,583615,6718
2022-03-11,Placer,061,380077,62390,62282,7388,69670,598
2022-03-11,Plumas,063,18699,2911,2707,358,3065,13
2022-03-11,Riverside,065,2383286,589109,588022,28014,616036,6317
2022-03-11,Sacramento,067,1510023,278532,274519,27082,301601,2886
2022-03-11,San Benito,069,59416,12864,12868,513,13381,95
2022-03-11,San Bernardino,071,2135413,563623,559013,24722,583735,6734
2022-03-11,San Diego,073,3302833,749160,744386,51562,795948,5090
2022-03-11,San Francisco,075,870044,122998,123610,8222,131832,823
2022-03-11,San Joaquin,077,732212,165518,165516,9364,174880,2117
2022-03-11,San Luis Obispo,079,281455,52152,51947,3758,55705,457
2022-03-11,San Mateo,081,765935,120491,119288,6953,126241,641
2022-03-11,Santa Barbara,083,443738,85242,85421,4814,90235,664
2022-03-11,Santa Clara,085,1922200,309529,308989,12354,321343,2208
2022-03-11,Santa Cruz,087,273765,46895,46982,2110,49092,254
2022-03-11,Shasta,089,179085,30428,30419,6128,36547,517
2022-03-11,Sierra,091,2930,273,273,48,321,4
2022-03-11,Siskiyou,093,43540,4421,4405,2748,7153,75
2022-03-11,Solano,095,438530,80934,81058,5507,86565,436
2022-03-11,Sonoma,097,501317,82865,82622,2537,85159,473
2022-03-11,Stanislaus,099,539301,117007,117884,17281,135165,1564
2022-03-11,Sutter,101,95872,20464,20429,2093,22522,217
2022-03-11,Tehama,103,63373,12015,11983,2621,14604,159
2022-03-11,Trinity,105,12862,1175,1172,295,1467,20
2022-03-11,Tulare,107,460477,106133,103994,28518,132512,1358
2022-03-11,Tuolumne,109,53932,12575,12476,564,13040,180
2022-03-11,Ventura,111,848112,172386,171932,9237,181169,1442
2022-03-11,Yolo,113,214977,36499,35982,3165,39147,308
2022-03-11,Yuba,115,75493,15755,15722,1196,16918,116
2022-03-10,Alameda,001,1643700,253806,253079,13760,266839,1783
2022-03-10,Alpine,003,1148,122,122,1,123,0
2022-03-10,Amador,005,37829,8483,8427,650,9077,84
2022-03-10,Butte,007,227075,32799,32774,6606,39380,380
2022-03-10,Calaveras,009,45235,7229,7253,352,7605,118
2022-03-10,Colusa,011,21464,3435,3440,1074,4514,21
2022-03-10,Contra Costa,013,1133247,187178,186618,13198,199816,1256
2022-03-10,Del Norte,015,27424,5740,5791,190,5981,48
2022-03-10,El Dorado,017,186661,26562,26538,3200,29738,199
2022-03-10,Fresno,019,978130,230310,228041,23405,251446,2653
2022-03-10,Glenn,021,27897,4960,4955,1567,6522,44
2022-03-10,Humboldt,023,135768,16796,16862,2954,19816,137
2022-03-10,Imperial,025,180216,55187,54837,11277,66114,896
2022-03-10,Inyo,027,18085,4058,4056,481,4537,56
2022-03-10,Kern,029,883053,191196,190330,46174,236504,2162
2022-03-10,Kings,031,150075,51265,51145,3603,54748,436
2022-03-10,Lake,033,64148,10627,10594,892,11486,131
2022-03-10,Lassen,035,31185,8942,8915,884,9799,62
2022-03-10,Los Angeles,037,10098052,2695790,2678858,124270,2803128,30901
2022-03-10,Madera,039,155013,37187,37223,6055,43278,354
2022-03-10,Marin,041,260295,33095,33015,2191,35206,272
2022-03-10,Mariposa,043,17540,2379,2372,200,2572,6
2022-03-10,Mendocino,045,87422,12980,12965,3011,15976,117
2022-03-10,Merced,047,269075,61885,61840,8607,70447,795
2022-03-10,Modoc,049,8938,733,730,251,981,7
2022-03-10,Mono,051,14174,2961,2960,120,3080,5
2022-03-10,Monterey,053,433212,78915,78285,13616,91901,716
2022-03-10,Napa,055,140530,25620,25584,955,26539,138
2022-03-10,Nevada,057,99092,15872,15947,1204,17151,123
2022-03-10,Orange,059,3164182,544193,542354,41244,583598,6718
2022-03-10,Placer,061,380077,62369,62282,7382,69664,598
2022-03-10,Plumas,063,18699,2910,2707,358,3065,13
2022-03-10,Riverside,065,2383286,588995,588022,28007,616029,6317
2022-03-10,Sacramento,067,1510023,278453,274519,27076,301595,2886
2022-03-10,San Benito,069,59416,12863,12868,512,13380,95
2022-03-10,San Bernardino,071,2135413,563552,559013,24714,583727,6734
2022-03-10,San Diego,073,3302833,748893,744386,51529,795915,5090
2022-03-10,San Francisco,075,870044,122931,123610,8215,131825,823
2022-03-10,San Joaquin,077,732212,165490,165516,9362,174878,2117
2022-03-10,San Luis Obispo,079,281455,52129,51947,3755,55702,457
2022-03-10,San Mateo,081,765935,120427,119288,6950,126238,641
2022-03-10,Santa Barbara,083,443738,85210,85421,4813,90234,664
2022-03-10,Santa Clara,085,1922200,309400,308989,12344,321333,2208
2022-03-10,Santa Cruz,087,273765,46862,46982,2110,49092,254
2022-03-10,Shasta,089,179085,30422,30419,6126,36545,517
2022-03-10,Sierra,091,2930,273,273,48,321,4
2022-03-10,Siskiyou,093,43540,4421,4405,2748,7153,75
2022-03-10,Solano,095,438530,80899,81058,5506,86564,436
2022-03-10,Sonoma,097,501317,82838,82622,2537,85159,473
2022-03-10,Stanislaus,099,539301,116968,117884,17279,135163,1564
2022-03-10,Sutter,101,95872,20459,20429,2093,22522,217
2022-03-10,Tehama,103,63373,12014,11983,2621,14604,159
2022-03-10,Trinity,105,12862,1175,1172,295,1467,20
2022-03-10,Tulare,107,460477,106113,103994,28512,132506,1358
2022-03-10,Tuolumne,109,53932,12572,12476,564,13040,180
2022-03-10,Ventura,111,848112,172345,171932,9234,181166,1442
2022-03-10,Yolo,113,214977,36485,35982,3164,39146,308
2022-03-10,Yuba,115,75493,15745,15722,1195,16917,116
2022-03-09,Alameda,001,1643700,253681,252893,13753,266646,1781
2022-03-09,Alpine,003,1148,122,125,1,126,0
2022-03-09,Amador,005,37829,8477,8409,650,9059,84
2022-03-09,Butte,007,227075,32790,32767,6601,39368,380
2022-03-09,Calaveras,009,45235,7227,7249,352,7601,117
2022-03-09,Colusa,011,21464,3434,3439,1074,4513,21
2022-03-09,Contra Costa,013,1133247,187085,186483,13182,199665,1256
2022-03-09,Del Norte,015,27424,5736,5765,190,5955,48
2022-03-09,El Dorado,017,186661,26557,26515,3200,29715,198
2022-03-09,Fresno,019,978130,230212,227885,23396,251281,2653
2022-03-09,Glenn,021,27897,4958,4953,1566,6519,44
2022-03-09,Humboldt,023,135768,16791,16854,2951,19805,137
2022-03-09,Imperial,025,180216,55181,54764,11267,66031,894
2022-03-09,Inyo,027,18085,4058,4056,481,4537,56
2022-03-09,Kern,029,883053,191145,190254,46161,236415,2159
2022-03-09,Kings,031,150075,51245,51122,3603,54725,435
2022-03-09,Lake,033,64148,10621,10586,892,11478,130
2022-03-09,Lassen,035,31185,8942,8901,884,9785,62
2022-03-09,Los Angeles,037,10098052,2695148,2677901,124230,2802131,30842
2022-03-09,Madera,039,155013,37180,37207,6054,43261,354
2022-03-09,Marin,041,260295,33076,32967,2191,35158,272
2022-03-09,Mariposa,043,17540,2376,2372,200,2572,6
2022-03-09,Mendocino,045,87422,12976,12957,3006,15963,117
2022-03-09,Merced,047,269075,61869,61792,8601,70393,792
2022-03-09,Modoc,049,8938,732,730,250,980,7
2022-03-09,Mono,051,14174,2961,2962,120,3082,5
2022-03-09,Monterey,053,433212,78891,78258,13568,91826,716
2022-03-09,Napa,055,140530,25599,25561,954,26515,138
2022-03-09,Nevada,057,99092,15863,15938,1203,17141,123
2022-03-09,Orange,059,3164182,544060,542278,41231,583509,6700
2022-03-09,Placer,061,380077,62346,62242,7378,69620,598
2022-03-09,Plumas,063,18699,2909,2708,358,3066,13
2022-03-09,Riverside,065,2383286,588898,587833,27997,615830,6305
2022-03-09,Sacramento,067,1510023,278370,274373,27059,301432,2877
2022-03-09,San Benito,069,59416,12860,12864,512,13376,95
2022-03-09,San Bernardino,071,2135413,563461,558795,24702,583497,6723
2022-03-09,San Diego,073,3302833,748616,743956,51502,795458,5083
2022-03-09,San Francisco,075,870044,122843,123676,8210,131886,812
2022-03-09,San Joaquin,077,732212,165451,165444,9356,174800,2113
2022-03-09,San Luis Obispo,079,281455,52110,51923,3752,55675,457
2022-03-09,San Mateo,081,765935,120369,119194,6938,126132,639
2022-03-09,Santa Barbara,083,443738,85193,85382,4811,90193,661
2022-03-09,Santa Clara,085,1922200,309270,308765,12333,321098,2206
2022-03-09,Santa Cruz,087,273765,46822,46917,2109,49026,254
2022-03-09,Shasta,089,179085,30402,30407,6125,36532,493
2022-03-09,Sierra,091,2930,273,273,48,321,4
2022-03-09,Siskiyou,093,43540,4419,4403,2747,7150,75
2022-03-09,Solano,095,438530,80864,80984,5504,86488,436
2022-03-09,Sonoma,097,501317,82805,82574,2535,85109,473
2022-03-09,Stanislaus,099,539301,116930,117827,17274,135101,1541
2022-03-09,Sutter,101,95872,20448,20409,2089,22498,217
2022-03-09,Tehama,103,63373,12010,11980,2621,14601,159
2022-03-09,Trinity,105,12862,1175,1174,295,1469,20
2022-03-09,Tulare,107,460477,106085,103932,28497,132429,1350
2022-03-09,Tuolumne,109,53932,12570,12444,564,13008,180
2022-03-09,Ventura,111,848112,172296,171852,9231,181083,1448
2022-03-09,Yolo,113,214977,36466,35973,3149,39122,308
2022-03-09,Yuba,115,75493,15740,15714,1194,16908,115
2022-03-08,Alameda,001,1643700,253527,252744,13741,266485,1769
2022-03-08,Alpine,003,1148,122,125,1,126,0
2022-03-08,Amador,005,37829,8463,8407,650,9057,84
2022-03-08,Butte,007,227075,32776,32759,6596,39355,380
2022-03-08,Calaveras,009,45235,7223,7245,352,7597,117
2022-03-08,Colusa,011,21464,3431,3439,1073,4512,21
2022-03-08,Contra Costa,013,1133247,186999,186396,13168,199564,1256
2022-03-08,Del Norte,015,27424,5731,5763,190,5953,48
2022-03-08,El Dorado,017,186661,26547,26503,3194,29697,197
2022-03-08,Fresno,019,978130,230112,227808,23388,251196,2653
2022-03-08,Glenn,021,27897,4957,4944,1565,6509,43
2022-03-08,Humboldt,023,135768,16779,16837,2938,19775,137
2022-03-08,Imperial,025,180216,55165,54721,11261,65982,890
2022-03-08,Inyo,027,18085,4055,4056,481,4537,56
2022-03-08,Kern,029,883053,191084,190208,46146,236354,2154
2022-03-08,Kings,031,150075,51203,51089,3600,54689,434
2022-03-08,Lake,033,64148,10610,10571,892,11463,130
2022-03-08,Lassen,035,31185,8941,8897,884,9781,62
2022-03-08,Los Angeles,037,10098052,2694459,2677166,124193,2801359,30803
2022-03-08,Madera,039,155013,37168,37185,6053,43238,354
2022-03-08,Marin,041,260295,33037,32943,2190,35133,272
2022-03-08,Mariposa,043,17540,2374,2371,200,2571,6
2022-03-08,Mendocino,045,87422,12972,12950,3005,15955,117
2022-03-08,Merced,047,269075,61849,61767,8590,70357,791
2022-03-08,Modoc,049,8938,731,729,250,979,7
2022-03-08,Mono,051,14174,2960,2961,120,3081,5
2022-03-08,Monterey,053,433212,78871,78247,13528,91775,711
2022-03-08,Napa,055,140530,25574,25528,953,26481,137
2022-03-08,Nevada,057,99092,15853,15939,1202,17141,122
2022-03-08,Orange,059,3164182,543910,542164,41210,583374,6692
2022-03-08,Placer,061,380077,62318,62221,7377,69598,594
2022-03-08,Plumas,063,18699,2909,2703,358,3061,13
2022-03-08,Riverside,065,2383286,588789,587686,27988,615674,6294
2022-03-08,Sacramento,067,1510023,278277,274276,27038,301314,2872
2022-03-08,San Benito,069,59416,12857,12855,512,13367,94
2022-03-08,San Bernardino,071,2135413,563372,558512,24692,583204,6715
2022-03-08,San Diego,073,3302833,748259,743604,51485,795089,5077
2022-03-08,San Francisco,075,870044,122753,123675,8205,131880,807
2022-03-08,San Joaquin,077,732212,165414,165381,9352,174733,2104
2022-03-08,San Luis Obispo,079,281455,52084,51900,3749,55649,451
2022-03-08,San Mateo,081,765935,120285,119103,6928,126031,638
2022-03-08,Santa Barbara,083,443738,85161,85363,4811,90174,659
2022-03-08,Santa Clara,085,1922200,309062,308528,12323,320851,2206
2022-03-08,Santa Cruz,087,273765,46786,46875,2108,48983,254
2022-03-08,Shasta,089,179085,30383,30372,6122,36494,493
2022-03-08,Sierra,091,2930,273,273,48,321,4
2022-03-08,Siskiyou,093,43540,4415,4404,2747,7151,74
2022-03-08,Solano,095,438530,80836,80924,5500,86424,434
2022-03-08,Sonoma,097,501317,82757,82571,2534,85105,473
2022-03-08,Stanislaus,099,539301,116886,117782,17265,135047,1541
2022-03-08,Sutter,101,95872,20439,20403,2089,22492,217
2022-03-08,Tehama,103,63373,12006,11972,2620,14592,158
2022-03-08,Trinity,105,12862,1175,1174,295,1469,20
2022-03-08,Tulare,107,460477,106045,103893,28485,132378,1334
2022-03-08,Tuolumne,109,53932,12565,12427,562,12989,180
2022-03-08,Ventura,111,848112,172234,171806,9224,181030,1447
2022-03-08,Yolo,113,214977,36441,35946,3148,39094,306
2022-03-08,Yuba,115,75493,15733,15705,1193,16898,115
2022-03-07,Alameda,001,1643700,253326,252578,13723,266301,1766
2022-03-07,Alpine,003,1148,122,125,1,126,0
2022-03-07,Amador,005,37829,8460,8368,650,9018,84
2022-03-07,Butte,007,227075,32761,32734,6593,39327,378
2022-03-07,Calaveras,009,45235,7219,7242,352,7594,116
2022-03-07,Colusa,011,21464,3429,3437,1073,4510,21
2022-03-07,Contra Costa,013,1133247,186901,186087,13144,199231,1256
2022-03-07,Del Norte,015,27424,5727,5758,190,5948,48
2022-03-07,El Dorado,017,186661,26540,26487,3193,29680,196
2022-03-07,Fresno,019,978130,230023,227670,23366,251036,2653
2022-03-07,Glenn,021,27897,4951,4939,1565,6504,43
2022-03-07,Humboldt,023,135768,16766,16829,2933,19762,137
2022-03-07,Imperial,025,180216,55142,54712,11255,65967,890
2022-03-07,Inyo,027,18085,4053,4054,481,4535,56
2022-03-07,Kern,029,883053,191024,190163,46121,236284,2152
2022-03-07,Kings,031,150075,51173,51065,3594,54659,433
2022-03-07,Lake,033,64148,10600,10562,891,11453,130
2022-03-07,Lassen,035,31185,8940,8896,884,9780,62
2022-03-07,Los Angeles,037,10098052,2693644,2675497,124150,2799647,30759
2022-03-07,Madera,039,155013,37158,37164,6050,43214,354
2022-03-07,Marin,041,260295,33000,32919,2187,35106,272
2022-03-07,Mariposa,043,17540,2373,2369,200,2569,6
2022-03-07,Mendocino,045,87422,12964,12940,3004,15944,117
2022-03-07,Merced,047,269075,61810,61751,8583,70334,791
2022-03-07,Modoc,049,8938,731,729,250,979,7
2022-03-07,Mono,051,14174,2960,2960,120,3080,5
2022-03-07,Monterey,053,433212,78836,78161,13479,91640,706
2022-03-07,Napa,055,140530,25544,25500,953,26453,136
2022-03-07,Nevada,057,99092,15846,15935,1196,17131,122
2022-03-07,Orange,059,3164182,543735,542028,41184,583212,6687
2022-03-07,Placer,061,380077,62288,62215,7375,69590,591
2022-03-07,Plumas,063,18699,2909,2702,358,3060,13
2022-03-07,Riverside,065,2383286,588657,587537,27980,615517,6279
2022-03-07,Sacramento,067,1510023,278174,274079,27026,301105,2866
2022-03-07,San Benito,069,59416,12851,12843,512,13355,94
2022-03-07,San Bernardino,071,2135413,563265,558265,24680,582945,6703
2022-03-07,San Diego,073,3302833,747915,742287,51442,793729,5068
2022-03-07,San Francisco,075,870044,122651,123655,8199,131854,807
2022-03-07,San Joaquin,077,732212,165361,165343,9344,174687,2091
2022-03-07,San Luis Obispo,079,281455,52043,51874,3744,55618,448
2022-03-07,San Mateo,081,765935,120208,119035,6921,125956,630
2022-03-07,Santa Barbara,083,443738,85123,85345,4810,90155,659
2022-03-07,Santa Clara,085,1922200,308874,308517,12317,320834,2202
2022-03-07,Santa Cruz,087,273765,46735,46823,2107,48930,254
2022-03-07,Shasta,089,179085,30372,30352,6118,36470,493
2022-03-07,Sierra,091,2930,273,273,48,321,4
2022-03-07,Siskiyou,093,43540,4411,4398,2746,7144,74
2022-03-07,Solano,095,438530,80779,80886,5498,86384,435
2022-03-07,Sonoma,097,501317,82714,82530,2533,85063,473
2022-03-07,Stanislaus,099,539301,116848,117713,17257,134970,1537
2022-03-07,Sutter,101,95872,20428,20400,2088,22488,217
2022-03-07,Tehama,103,63373,12000,11966,2617,14583,158
2022-03-07,Trinity,105,12862,1173,1173,295,1468,20
2022-03-07,Tulare,107,460477,106008,103834,28473,132307,1316
2022-03-07,Tuolumne,109,53932,12557,12408,561,12969,179
2022-03-07,Ventura,111,848112,172183,171886,9222,181108,1436
2022-03-07,Yolo,113,214977,36417,35934,3142,39076,306
2022-03-07,Yuba,115,75493,15727,15701,1192,16893,115
2022-03-06,Alameda,001,1643700,253143,252460,13714,266174,1766
2022-03-06,Alpine,003,1148,122,125,1,126,0
2022-03-06,Amador,005,37829,8457,8367,648,9015,84
2022-03-06,Butte,007,227075,32752,32714,6589,39303,376
2022-03-06,Calaveras,009,45235,7217,7236,351,7587,116
2022-03-06,Colusa,011,21464,3429,3435,1072,4507,21
2022-03-06,Contra Costa,013,1133247,186784,185974,13118,199092,1256
2022-03-06,Del Norte,015,27424,5712,5744,188,5932,48
2022-03-06,El Dorado,017,186661,26531,26478,3191,29669,196
2022-03-06,Fresno,019,978130,229877,227514,23356,250870,2653
2022-03-06,Glenn,021,27897,4946,4939,1565,6504,43
2022-03-06,Humboldt,023,135768,16754,16813,2930,19743,137
2022-03-06,Imperial,025,180216,55126,54719,11240,65959,890
2022-03-06,Inyo,027,18085,4050,4053,481,4534,56
2022-03-06,Kern,029,883053,190968,190088,46099,236187,2152
2022-03-06,Kings,031,150075,51104,51050,3591,54641,432
2022-03-06,Lake,033,64148,10586,10539,890,11429,130
2022-03-06,Lassen,035,31185,8927,8887,883,9770,62
2022-03-06,Los Angeles,037,10098052,2692713,2675456,124097,2799553,30759
2022-03-06,Madera,039,155013,37130,37135,6042,43177,354
2022-03-06,Marin,041,260295,32974,32879,2186,35065,272
2022-03-06,Mariposa,043,17540,2372,2365,199,2564,6
2022-03-06,Mendocino,045,87422,12952,12923,3000,15923,116
2022-03-06,Merced,047,269075,61778,61722,8566,70288,791
2022-03-06,Modoc,049,8938,731,729,250,979,7
2022-03-06,Mono,051,14174,2960,2959,120,3079,5
2022-03-06,Monterey,053,433212,78789,78154,13447,91601,706
2022-03-06,Napa,055,140530,25509,25457,951,26408,136
2022-03-06,Nevada,057,99092,15835,15924,1195,17119,122
2022-03-06,Orange,059,3164182,543575,541903,41136,583039,6688
2022-03-06,Placer,061,380077,62256,62185,7371,69556,591
2022-03-06,Plumas,063,18699,2904,2704,358,3062,13
2022-03-06,Riverside,065,2383286,588495,587388,27958,615346,6279
2022-03-06,Sacramento,067,1510023,278038,273935,27002,300937,2869
2022-03-06,San Benito,069,59416,12840,12835,511,13346,94
2022-03-06,San Bernardino,071,2135413,563139,558139,24666,582805,6701
2022-03-06,San Diego,073,3302833,747517,742287,51393,793680,5068
2022-03-06,San Francisco,075,870044,122527,123742,8196,131938,806
2022-03-06,San Joaquin,077,732212,165277,165252,9338,174590,2091
2022-03-06,San Luis Obispo,079,281455,52005,51828,3741,55569,448
2022-03-06,San Mateo,081,765935,120125,118916,6912,125828,630
2022-03-06,Santa Barbara,083,443738,85082,85317,4805,90122,659
2022-03-06,Santa Clara,085,1922200,308614,308250,12315,320565,2201
2022-03-06,Santa Cruz,087,273765,46682,46755,2106,48861,254
2022-03-06,Shasta,089,179085,30347,30332,6101,36433,493
2022-03-06,Sierra,091,2930,273,273,48,321,4
2022-03-06,Siskiyou,093,43540,4407,4398,2744,7142,74
2022-03-06,Solano,095,438530,80723,80833,5492,86325,435
2022-03-06,Sonoma,097,501317,82675,82458,2528,84986,473
2022-03-06,Stanislaus,099,539301,116797,117680,17247,134927,1536
2022-03-06,Sutter,101,95872,20413,20390,2084,22474,217
2022-03-06,Tehama,103,63373,11992,11963,2617,14580,158
2022-03-06,Trinity,105,12862,1173,1172,294,1466,20
2022-03-06,Tulare,107,460477,105945,103794,28457,132251,1316
2022-03-06,Tuolumne,109,53932,12552,12379,559,12938,179
2022-03-06,Ventura,111,848112,172114,171819,9220,181039,1436
2022-03-06,Yolo,113,214977,36393,35882,3138,39020,306
2022-03-06,Yuba,115,75493,15722,15694,1191,16885,115
2022-03-05,Alameda,001,1643700,253029,251988,13708,265696,1760
2022-03-05,Alpine,003,1148,122,125,1,126,0
2022-03-05,Amador,005,37829,8454,8344,648,8992,83
2022-03-05,Butte,007,227075,32745,32663,6584,39247,372
2022-03-05,Calaveras,009,45235,7214,7236,351,7587,116
2022-03-05,Colusa,011,21464,3429,3433,1072,4505,21
2022-03-05,Contra Costa,013,1133247,186724,185734,13111,198845,1235
2022-03-05,Del Norte,015,27424,5709,5725,188,5913,48
2022-03-05,El Dorado,017,186661,26524,26446,3188,29634,193
2022-03-05,Fresno,019,978130,229825,227154,23354,250508,2640
2022-03-05,Glenn,021,27897,4945,4927,1565,6492,43
2022-03-05,Humboldt,023,135768,16747,16781,2928,19709,136
2022-03-05,Imperial,025,180216,55116,54650,11238,65888,880
2022-03-05,Inyo,027,18085,4049,4043,480,4523,56
2022-03-05,Kern,029,883053,190936,189817,46081,235898,2141
2022-03-05,Kings,031,150075,51097,50926,3589,54515,431
2022-03-05,Lake,033,64148,10578,10512,889,11401,130
2022-03-05,Lassen,035,31185,8918,8818,883,9701,62
2022-03-05,Los Angeles,037,10098052,2692361,2671564,124062,2795626,30608
2022-03-05,Madera,039,155013,37116,37100,6042,43142,354
2022-03-05,Marin,041,260295,32962,32829,2186,35015,272
2022-03-05,Mariposa,043,17540,2372,2363,199,2562,6
2022-03-05,Mendocino,045,87422,12949,12845,2999,15844,113
2022-03-05,Merced,047,269075,61768,61653,8566,70219,789
2022-03-05,Modoc,049,8938,731,729,250,979,7
2022-03-05,Mono,051,14174,2960,2961,120,3081,5
2022-03-05,Monterey,053,433212,78770,78028,13440,91468,704
2022-03-05,Napa,055,140530,25491,25405,950,26355,134
2022-03-05,Nevada,057,99092,15831,15907,1194,17101,122
2022-03-05,Orange,059,3164182,543451,541463,41125,582588,6638
2022-03-05,Placer,061,380077,62242,62117,7365,69482,591
2022-03-05,Plumas,063,18699,2903,2701,358,3059,13
2022-03-05,Riverside,065,2383286,588404,586785,27954,614739,6239
2022-03-05,Sacramento,067,1510023,277976,273487,26997,300484,2847
2022-03-05,San Benito,069,59416,12838,12820,511,13331,94
2022-03-05,San Bernardino,071,2135413,563084,557421,24660,582081,6641
2022-03-05,San Diego,073,3302833,747319,740747,51382,792129,5045
2022-03-05,San Francisco,075,870044,122462,123537,8191,131728,798
2022-03-05,San Joaquin,077,732212,165236,165085,9330,174415,2069
2022-03-05,San Luis Obispo,079,281455,51998,51739,3738,55477,446
2022-03-05,San Mateo,081,765935,120069,118646,6909,125555,621
2022-03-05,Santa Barbara,083,443738,85067,85249,4805,90054,655
2022-03-05,Santa Clara,085,1922200,308496,307689,12312,320001,2195
2022-03-05,Santa Cruz,087,273765,46662,46622,2106,48728,253
2022-03-05,Shasta,089,179085,30335,30282,6100,36382,492
2022-03-05,Sierra,091,2930,273,273,47,320,4
2022-03-05,Siskiyou,093,43540,4406,4389,2743,7132,74
2022-03-05,Solano,095,438530,80706,80690,5492,86182,435
2022-03-05,Sonoma,097,501317,82652,82313,2528,84841,473
2022-03-05,Stanislaus,099,539301,116772,117501,17245,134746,1531
2022-03-05,Sutter,101,95872,20406,20346,2084,22430,217
2022-03-05,Tehama,103,63373,11990,11939,2617,14556,158
2022-03-05,Trinity,105,12862,1173,1170,292,1462,20
2022-03-05,Tulare,107,460477,105932,103534,28447,131981,1305
2022-03-05,Tuolumne,109,53932,12548,12325,558,12883,178
2022-03-05,Ventura,111,848112,172072,171666,9218,180884,1436
2022-03-05,Yolo,113,214977,36379,35856,3137,38993,306
2022-03-05,Yuba,115,75493,15714,15666,1191,16857,115
2022-03-04,Alameda,001,1643700,252939,251988,13700,265688,1760
2022-03-04,Alpine,003,1148,122,125,1,126,0
2022-03-04,Amador,005,37829,8453,8344,648,8992,83
2022-03-04,Butte,007,227075,32739,32663,6578,39241,372
2022-03-04,Calaveras,009,45235,7213,7236,351,7587,116
2022-03-04,Colusa,011,21464,3427,3433,1072,4505,21
2022-03-04,Contra Costa,013,1133247,186656,185734,13109,198843,1235
2022-03-04,Del Norte,015,27424,5699,5725,188,5913,48
2022-03-04,El Dorado,017,186661,26520,26446,3188,29634,193
2022-03-04,Fresno,019,978130,229761,227154,23348,250502,2640
2022-03-04,Glenn,021,27897,4944,4927,1565,6492,43
2022-03-04,Humboldt,023,135768,16744,16781,2928,19709,136
2022-03-04,Imperial,025,180216,55109,54650,11233,65883,880
2022-03-04,Inyo,027,18085,4049,4043,480,4523,56
2022-03-04,Kern,029,883053,190895,189817,46069,235886,2141
2022-03-04,Kings,031,150075,51084,50926,3589,54515,431
2022-03-04,Lake,033,64148,10577,10512,889,11401,130
2022-03-04,Lassen,035,31185,8916,8818,883,9701,62
2022-03-04,Los Angeles,037,10098052,2691868,2671564,124033,2795597,30608
2022-03-04,Madera,039,155013,37106,37100,6042,43142,354
2022-03-04,Marin,041,260295,32941,32829,2184,35013,272
2022-03-04,Mariposa,043,17540,2367,2363,199,2562,6
2022-03-04,Mendocino,045,87422,12943,12845,2999,15844,113
2022-03-04,Merced,047,269075,61756,61653,8564,70217,789
2022-03-04,Modoc,049,8938,731,729,250,979,7
2022-03-04,Mono,051,14174,2960,2961,120,3081,5
2022-03-04,Monterey,053,433212,78750,78028,13433,91461,704
2022-03-04,Napa,055,140530,25476,25405,949,26354,134
2022-03-04,Nevada,057,99092,15826,15907,1194,17101,122
2022-03-04,Orange,059,3164182,543332,541463,41106,582569,6638
2022-03-04,Placer,061,380077,62233,62117,7361,69478,591
2022-03-04,Plumas,063,18699,2903,2701,357,3058,13
2022-03-04,Riverside,065,2383286,588316,586785,27953,614738,6239
2022-03-04,Sacramento,067,1510023,277906,273487,26993,300480,2847
2022-03-04,San Benito,069,59416,12834,12820,511,13331,94
2022-03-04,San Bernardino,071,2135413,563004,557421,24659,582080,6641
2022-03-04,San Diego,073,3302833,747079,740747,51365,792112,5045
2022-03-04,San Francisco,075,870044,122403,123537,8184,131721,798
2022-03-04,San Joaquin,077,732212,165205,165085,9329,174414,2069
2022-03-04,San Luis Obispo,079,281455,51990,51739,3737,55476,446
2022-03-04,San Mateo,081,765935,120011,118646,6907,125553,621
2022-03-04,Santa Barbara,083,443738,85045,85249,4805,90054,655
2022-03-04,Santa Clara,085,1922200,308348,307689,12309,319998,2195
2022-03-04,Santa Cruz,087,273765,46640,46622,2106,48728,253
2022-03-04,Shasta,089,179085,30326,30282,6097,36379,492
2022-03-04,Sierra,091,2930,273,273,47,320,4
2022-03-04,Siskiyou,093,43540,4404,4389,2739,7128,74
2022-03-04,Solano,095,438530,80673,80690,5489,86179,435
2022-03-04,Sonoma,097,501317,82623,82313,2527,84840,473
2022-03-04,Stanislaus,099,539301,116753,117501,17243,134744,1531
2022-03-04,Sutter,101,95872,20402,20346,2084,22430,217
2022-03-04,Tehama,103,63373,11987,11939,2617,14556,158
2022-03-04,Trinity,105,12862,1173,1170,292,1462,20
2022-03-04,Tulare,107,460477,105914,103534,28442,131976,1305
2022-03-04,Tuolumne,109,53932,12543,12325,558,12883,178
2022-03-04,Ventura,111,848112,172026,171666,9215,180881,1436
2022-03-04,Yolo,113,214977,36362,35856,3137,38993,306
2022-03-04,Yuba,115,75493,15709,15666,1190,16856,115
2022-03-03,Alameda,001,1643700,252819,251988,13688,265676,1760
2022-03-03,Alpine,003,1148,122,125,1,126,0
2022-03-03,Amador,005,37829,8452,8344,648,8992,83
2022-03-03,Butte,007,227075,32722,32663,6572,39235,372
2022-03-03,Calaveras,009,45235,7200,7236,351,7587,116
2022-03-03,Colusa,011,21464,3427,3433,1072,4505,21
2022-03-03,Contra Costa,013,1133247,186581,185734,13096,198830,1235
2022-03-03,Del Norte,015,27424,5692,5725,188,5913,48
2022-03-03,El Dorado,017,186661,26503,26446,3187,29633,193
2022-03-03,Fresno,019,978130,229631,227154,23339,250493,2640
2022-03-03,Glenn,021,27897,4942,4927,1564,6491,43
2022-03-03,Humboldt,023,135768,16730,16781,2927,19708,136
2022-03-03,Imperial,025,180216,55093,54650,11225,65875,880
2022-03-03,Inyo,027,18085,4048,4043,480,4523,56
2022-03-03,Kern,029,883053,190827,189817,46049,235866,2141
2022-03-03,Kings,031,150075,51061,50926,3586,54512,431
2022-03-03,Lake,033,64148,10570,10512,887,11399,130
2022-03-03,Lassen,035,31185,8908,8818,883,9701,62
2022-03-03,Los Angeles,037,10098052,2691148,2671564,123990,2795554,30608
2022-03-03,Madera,039,155013,37089,37100,6037,43137,354
2022-03-03,Marin,041,260295,32914,32829,2184,35013,272
2022-03-03,Mariposa,043,17540,2366,2363,199,2562,6
2022-03-03,Mendocino,045,87422,12932,12845,2996,15841,113
2022-03-03,Merced,047,269075,61739,61653,8558,70211,789
2022-03-03,Modoc,049,8938,731,729,250,979,7
2022-03-03,Mono,051,14174,2959,2961,120,3081,5
2022-03-03,Monterey,053,433212,78722,78028,13415,91443,704
2022-03-03,Napa,055,140530,25453,25405,948,26353,134
2022-03-03,Nevada,057,99092,15821,15907,1189,17096,122
2022-03-03,Orange,059,3164182,543155,541463,41080,582543,6638
2022-03-03,Placer,061,380077,62211,62117,7357,69474,591
2022-03-03,Plumas,063,18699,2902,2701,357,3058,13
2022-03-03,Riverside,065,2383286,588184,586785,27948,614733,6239
2022-03-03,Sacramento,067,1510023,277794,273487,26975,300462,2847
2022-03-03,San Benito,069,59416,12831,12820,511,13331,94
2022-03-03,San Bernardino,071,2135413,562896,557421,24653,582074,6641
2022-03-03,San Diego,073,3302833,746729,740747,51346,792093,5045
2022-03-03,San Francisco,075,870044,122330,123537,8173,131710,798
2022-03-03,San Joaquin,077,732212,165131,165085,9326,174411,2069
2022-03-03,San Luis Obispo,079,281455,51935,51739,3729,55468,446
2022-03-03,San Mateo,081,765935,119936,118646,6897,125543,621
2022-03-03,Santa Barbara,083,443738,85025,85249,4796,90045,655
2022-03-03,Santa Clara,085,1922200,308164,307689,12295,319984,2195
2022-03-03,Santa Cruz,087,273765,46592,46622,2104,48726,253
2022-03-03,Shasta,089,179085,30309,30282,6093,36375,492
2022-03-03,Sierra,091,2930,273,273,47,320,4
2022-03-03,Siskiyou,093,43540,4401,4389,2739,7128,74
2022-03-03,Solano,095,438530,80624,80690,5487,86177,435
2022-03-03,Sonoma,097,501317,82576,82313,2522,84835,473
2022-03-03,Stanislaus,099,539301,116720,117501,17236,134737,1531
2022-03-03,Sutter,101,95872,20394,20346,2084,22430,217
2022-03-03,Tehama,103,63373,11983,11939,2617,14556,158
2022-03-03,Trinity,105,12862,1172,1170,292,1462,20
2022-03-03,Tulare,107,460477,105868,103534,28432,131966,1305
2022-03-03,Tuolumne,109,53932,12533,12325,558,12883,178
2022-03-03,Ventura,111,848112,171973,171666,9213,180879,1436
2022-03-03,Yolo,113,214977,36336,35856,3130,38986,306
2022-03-03,Yuba,115,75493,15703,15666,1185,16851,115
2022-03-02,Alameda,001,1643700,252638,251886,13672,265558,1759
2022-03-02,Alpine,003,1148,122,125,1,126,0
2022-03-02,Amador,005,37829,8440,8341,648,8989,83
2022-03-02,Butte,007,227075,32710,32636,6567,39203,372
2022-03-02,Calaveras,009,45235,7199,7225,351,7576,116
2022-03-02,Colusa,011,21464,3424,3428,1072,4500,21
2022-03-02,Contra Costa,013,1133247,186489,185589,13079,198668,1236
2022-03-02,Del Norte,015,27424,5685,5708,186,5894,47
2022-03-02,El Dorado,017,186661,26489,26433,3184,29617,192
2022-03-02,Fresno,019,978130,229498,226932,23328,250260,2629
2022-03-02,Glenn,021,27897,4942,4922,1563,6485,43
2022-03-02,Humboldt,023,135768,16720,16747,2920,19667,135
2022-03-02,Imperial,025,180216,55066,54629,11216,65845,878
2022-03-02,Inyo,027,18085,4046,4041,479,4520,56
2022-03-02,Kern,029,883053,190761,189656,46029,235685,2136
2022-03-02,Kings,031,150075,51035,50819,3583,54402,431
2022-03-02,Lake,033,64148,10556,10495,885,11380,130
2022-03-02,Lassen,035,31185,8905,8811,882,9693,62
2022-03-02,Los Angeles,037,10098052,2690269,2670287,123945,2794232,30535
2022-03-02,Madera,039,155013,37070,37077,6036,43113,354
2022-03-02,Marin,041,260295,32897,32794,2183,34977,272
2022-03-02,Mariposa,043,17540,2366,2359,199,2558,6
2022-03-02,Mendocino,045,87422,12919,12832,2991,15823,112
2022-03-02,Merced,047,269075,61712,61606,8548,70154,785
2022-03-02,Modoc,049,8938,731,729,250,979,7
2022-03-02,Mono,051,14174,2959,2961,120,3081,5
2022-03-02,Monterey,053,433212,78687,77963,13392,91355,703
2022-03-02,Napa,055,140530,25402,25382,946,26328,134
2022-03-02,Nevada,057,99092,15810,15920,1188,17108,122
2022-03-02,Orange,059,3164182,542950,541230,41053,582283,6623
2022-03-02,Placer,061,380077,62189,62066,7354,69420,589
2022-03-02,Plumas,063,18699,2902,2700,356,3056,13
2022-03-02,Riverside,065,2383286,588032,586513,27937,614450,6229
2022-03-02,Sacramento,067,1510023,277676,273291,26964,300255,2837
2022-03-02,San Benito,069,59416,12820,12814,511,13325,94
2022-03-02,San Bernardino,071,2135413,562793,557082,24648,581730,6619
2022-03-02,San Diego,073,3302833,746365,739803,51299,791102,5034
2022-03-02,San Francisco,075,870044,122235,123442,8171,131613,792
2022-03-02,San Joaquin,077,732212,165070,164968,9320,174288,2063
2022-03-02,San Luis Obispo,079,281455,51897,51686,3724,55410,446
2022-03-02,San Mateo,081,765935,119849,118518,6881,125399,617
2022-03-02,Santa Barbara,083,443738,85000,85183,4795,89978,655
2022-03-02,Santa Clara,085,1922200,307942,307354,12281,319635,2184
2022-03-02,Santa Cruz,087,273765,46523,46534,2103,48637,253
2022-03-02,Shasta,089,179085,30287,30253,6083,36336,490
2022-03-02,Sierra,091,2930,273,273,47,320,4
2022-03-02,Siskiyou,093,43540,4399,4384,2736,7120,74
2022-03-02,Solano,095,438530,80558,80626,5484,86110,433
2022-03-02,Sonoma,097,501317,82530,82208,2518,84726,473
2022-03-02,Stanislaus,099,539301,116684,117411,17208,134619,1519
2022-03-02,Sutter,101,95872,20371,20317,2066,22383,216
2022-03-02,Tehama,103,63373,11978,11930,2616,14546,158
2022-03-02,Trinity,105,12862,1170,1160,292,1452,20
2022-03-02,Tulare,107,460477,105825,103451,28415,131866,1302
2022-03-02,Tuolumne,109,53932,12528,12297,558,12855,179
2022-03-02,Ventura,111,848112,171920,171770,9209,180979,1427
2022-03-02,Yolo,113,214977,36318,35799,3124,38923,305
2022-03-02,Yuba,115,75493,15690,15653,1180,16833,115
2022-03-01,Alameda,001,1643700,252472,251830,13661,265491,1749
2022-03-01,Alpine,003,1148,122,125,1,126,0
2022-03-01,Amador,005,37829,8392,8334,646,8980,83
2022-03-01,Butte,007,227075,32686,32575,6563,39138,372
2022-03-01,Calaveras,009,45235,7196,7223,350,7573,116
2022-03-01,Colusa,011,21464,3423,3423,1072,4495,21
2022-03-01,Contra Costa,013,1133247,186377,185378,13065,198443,1231
2022-03-01,Del Norte,015,27424,5682,5701,184,5885,45
2022-03-01,El Dorado,017,186661,26471,26413,3182,29595,192
2022-03-01,Fresno,019,978130,229354,226594,23315,249909,2628
2022-03-01,Glenn,021,27897,4941,4919,1561,6480,40
2022-03-01,Humboldt,023,135768,16699,16727,2913,19640,135
2022-03-01,Imperial,025,180216,55048,54570,11209,65779,875
2022-03-01,Inyo,027,18085,4042,4041,478,4519,56
2022-03-01,Kern,029,883053,190685,189365,46004,235369,2120
2022-03-01,Kings,031,150075,51013,50763,3579,54342,427
2022-03-01,Lake,033,64148,10544,10471,883,11354,128
2022-03-01,Lassen,035,31185,8901,8801,882,9683,61
2022-03-01,Los Angeles,037,10098052,2689322,2669489,123884,2793373,30486
2022-03-01,Madera,039,155013,37050,37046,6029,43075,354
2022-03-01,Marin,041,260295,32872,32764,2181,34945,272
2022-03-01,Mariposa,043,17540,2365,2357,198,2555,6
2022-03-01,Mendocino,045,87422,12907,12818,2989,15807,112
2022-03-01,Merced,047,269075,61684,61549,8533,70082,781
2022-03-01,Modoc,049,8938,731,729,250,979,7
2022-03-01,Mono,051,14174,2958,2960,120,3080,6
2022-03-01,Monterey,053,433212,78661,77911,13380,91291,696
2022-03-01,Napa,055,140530,25369,25344,946,26290,134
2022-03-01,Nevada,057,99092,15802,15916,1185,17101,121
2022-03-01,Orange,059,3164182,542728,541054,41017,582071,6612
2022-03-01,Placer,061,380077,62161,62021,7348,69369,583
2022-03-01,Plumas,063,18699,2902,2694,356,3050,13
2022-03-01,Riverside,065,2383286,587866,586184,27936,614120,6198
2022-03-01,Sacramento,067,1510023,277545,273089,26950,300039,2831
2022-03-01,San Benito,069,59416,12816,12806,511,13317,94
2022-03-01,San Bernardino,071,2135413,562658,556743,24645,581388,6588
2022-03-01,San Diego,073,3302833,745926,739136,51258,790394,5029
2022-03-01,San Francisco,075,870044,122131,123481,8166,131647,792
2022-03-01,San Joaquin,077,732212,165003,164894,9315,174209,2062
2022-03-01,San Luis Obispo,079,281455,51861,51592,3720,55312,445
2022-03-01,San Mateo,081,765935,119773,118358,6874,125232,613
2022-03-01,Santa Barbara,083,443738,84961,85134,4791,89925,654
2022-03-01,Santa Clara,085,1922200,307694,306978,12268,319246,2190
2022-03-01,Santa Cruz,087,273765,46473,46471,2100,48571,253
2022-03-01,Shasta,089,179085,30257,30227,6080,36307,489
2022-03-01,Sierra,091,2930,273,274,47,321,5
2022-03-01,Siskiyou,093,43540,4395,4384,2731,7115,74
2022-03-01,Solano,095,438530,80495,80556,5481,86037,434
2022-03-01,Sonoma,097,501317,82459,82103,2512,84615,477
2022-03-01,Stanislaus,099,539301,116631,117308,17183,134491,1521
2022-03-01,Sutter,101,95872,20357,20288,2062,22350,217
2022-03-01,Tehama,103,63373,11971,11923,2613,14536,158
2022-03-01,Trinity,105,12862,1169,1159,292,1451,20
2022-03-01,Tulare,107,460477,105744,103371,28395,131766,1302
2022-03-01,Tuolumne,109,53932,12521,12276,556,12832,175
2022-03-01,Ventura,111,848112,171851,171672,9202,180874,1427
2022-03-01,Yolo,113,214977,36293,35801,3118,38919,299
2022-03-01,Yuba,115,75493,15682,15637,1180,16817,116
2022-02-28,Alameda,001,1643700,252256,251714,13647,265361,1742
2022-02-28,Alpine,003,1148,122,125,1,126,0
2022-02-28,Amador,005,37829,8386,8308,645,8953,83
2022-02-28,Butte,007,227075,32662,32550,6558,39108,368
2022-02-28,Calaveras,009,45235,7193,7220,349,7569,110
2022-02-28,Colusa,011,21464,3420,3422,1070,4492,21
2022-02-28,Contra Costa,013,1133247,186271,185272,13045,198317,1231
2022-02-28,Del Norte,015,27424,5678,5699,183,5882,45
2022-02-28,El Dorado,017,186661,26463,26409,3177,29586,191
2022-02-28,Fresno,019,978130,229156,226519,23293,249812,2622
2022-02-28,Glenn,021,27897,4937,4918,1561,6479,40
2022-02-28,Humboldt,023,135768,16684,16717,2909,19626,135
2022-02-28,Imperial,025,180216,55023,54517,11199,65716,875
2022-02-28,Inyo,027,18085,4042,4041,477,4518,56
2022-02-28,Kern,029,883053,190590,189245,45973,235218,2115
2022-02-28,Kings,031,150075,50974,50741,3578,54319,427
2022-02-28,Lake,033,64148,10533,10468,879,11347,128
2022-02-28,Lassen,035,31185,8844,8794,882,9676,55
2022-02-28,Los Angeles,037,10098052,2688146,2666804,123800,2790604,30410
2022-02-28,Madera,039,155013,37023,37023,6012,43035,354
2022-02-28,Marin,041,260295,32846,32775,2181,34956,272
2022-02-28,Mariposa,043,17540,2362,2354,196,2550,6
2022-02-28,Mendocino,045,87422,12899,12800,2981,15781,112
2022-02-28,Merced,047,269075,61640,61519,8515,70034,781
2022-02-28,Modoc,049,8938,731,727,250,977,7
2022-02-28,Mono,051,14174,2958,2961,120,3081,5
2022-02-28,Monterey,053,433212,78594,77865,13357,91222,693
2022-02-28,Napa,055,140530,25345,25317,946,26263,129
2022-02-28,Nevada,057,99092,15796,15908,1179,17087,121
2022-02-28,Orange,059,3164182,542474,540839,41003,581842,6605
2022-02-28,Placer,061,380077,62129,61976,7342,69318,577
2022-02-28,Plumas,063,18699,2902,2691,355,3046,13
2022-02-28,Riverside,065,2383286,587668,585891,27903,613794,6179
2022-02-28,Sacramento,067,1510023,277409,273038,26924,299962,2825
2022-02-28,San Benito,069,59416,12812,12798,511,13309,94
2022-02-28,San Bernardino,071,2135413,562465,556540,24631,581171,6576
2022-02-28,San Diego,073,3302833,745526,737760,51229,788989,5018
2022-02-28,San Francisco,075,870044,121973,123402,8158,131560,792
2022-02-28,San Joaquin,077,732212,164919,164833,9306,174139,2060
2022-02-28,San Luis Obispo,079,281455,51802,51565,3712,55277,440
2022-02-28,San Mateo,081,765935,119671,118301,6868,125169,611
2022-02-28,Santa Barbara,083,443738,84918,85076,4786,89862,653
2022-02-28,Santa Clara,085,1922200,307418,306930,12246,319176,2180
2022-02-28,Santa Cruz,087,273765,46402,46447,2099,48546,253
2022-02-28,Shasta,089,179085,30232,30213,6076,36289,488
2022-02-28,Sierra,091,2930,273,273,47,320,4
2022-02-28,Siskiyou,093,43540,4392,4382,2725,7107,74
2022-02-28,Solano,095,438530,80430,80544,5470,86014,430
2022-02-28,Sonoma,097,501317,82395,82058,2509,84567,477
2022-02-28,Stanislaus,099,539301,116564,117231,17167,134398,1521
2022-02-28,Sutter,101,95872,20344,20285,2059,22344,214
2022-02-28,Tehama,103,63373,11958,11917,2612,14529,158
2022-02-28,Trinity,105,12862,1169,1160,292,1452,20
2022-02-28,Tulare,107,460477,105694,103304,28377,131681,1300
2022-02-28,Tuolumne,109,53932,12510,12247,555,12802,175
2022-02-28,Ventura,111,848112,171767,171614,9201,180815,1423
2022-02-28,Yolo,113,214977,36255,35754,3111,38865,299
2022-02-28,Yuba,115,75493,15668,15625,1179,16804,115
2022-02-27,Alameda,001,1643700,251977,251624,13638,265262,1744
2022-02-27,Alpine,003,1148,122,125,1,126,0
2022-02-27,Amador,005,37829,8382,8305,642,8947,83
2022-02-27,Butte,007,227075,32625,32551,6546,39097,368
2022-02-27,Calaveras,009,45235,7185,7214,349,7563,110
2022-02-27,Colusa,011,21464,3419,3422,1070,4492,21
2022-02-27,Contra Costa,013,1133247,186142,185185,13025,198210,1230
2022-02-27,Del Norte,015,27424,5660,5691,181,5872,45
2022-02-27,El Dorado,017,186661,26444,26410,3175,29585,191
2022-02-27,Fresno,019,978130,228956,226397,23266,249663,2621
2022-02-27,Glenn,021,27897,4935,4915,1561,6476,40
2022-02-27,Humboldt,023,135768,16662,16713,2902,19615,135
2022-02-27,Imperial,025,180216,54974,54509,11178,65687,875
2022-02-27,Inyo,027,18085,4041,4041,473,4514,56
2022-02-27,Kern,029,883053,190469,189219,45933,235152,2115
2022-02-27,Kings,031,150075,50945,50733,3576,54309,428
2022-02-27,Lake,033,64148,10514,10463,879,11342,128
2022-02-27,Lassen,035,31185,8836,8786,882,9668,55
2022-02-27,Los Angeles,037,10098052,2686849,2666789,123716,2790505,30410
2022-02-27,Madera,039,155013,36997,37009,6004,43013,354
2022-02-27,Marin,041,260295,32808,32756,2179,34935,272
2022-02-27,Mariposa,043,17540,2359,2352,196,2548,6
2022-02-27,Mendocino,045,87422,12880,12798,2968,15766,112
2022-02-27,Merced,047,269075,61589,61491,8498,69989,779
2022-02-27,Modoc,049,8938,730,727,250,977,7
2022-02-27,Mono,051,14174,2957,2960,120,3080,5
2022-02-27,Monterey,053,433212,78534,77851,13332,91183,693
2022-02-27,Napa,055,140530,25306,25316,946,26262,129
2022-02-27,Nevada,057,99092,15788,15900,1175,17075,121
2022-02-27,Orange,059,3164182,542227,540659,40973,581632,6605
2022-02-27,Placer,061,380077,62087,61965,7338,69303,577
2022-02-27,Plumas,063,18699,2899,2691,355,3046,13
2022-02-27,Riverside,065,2383286,587429,585833,27877,613710,6179
2022-02-27,Sacramento,067,1510023,277223,272927,26892,299819,2822
2022-02-27,San Benito,069,59416,12805,12798,511,13309,94
2022-02-27,San Bernardino,071,2135413,562283,556457,24621,581078,6572
2022-02-27,San Diego,073,3302833,745041,737760,51187,788947,5018
2022-02-27,San Francisco,075,870044,121851,123327,8146,131473,791
2022-02-27,San Joaquin,077,732212,164813,164814,9302,174116,2060
2022-02-27,San Luis Obispo,079,281455,51710,51564,3705,55269,439
2022-02-27,San Mateo,081,765935,119556,118244,6863,125107,611
2022-02-27,Santa Barbara,083,443738,84878,85050,4782,89832,653
2022-02-27,Santa Clara,085,1922200,307125,306756,12214,318970,2180
2022-02-27,Santa Cruz,087,273765,46341,46411,2098,48509,253
2022-02-27,Shasta,089,179085,30200,30206,6070,36276,488
2022-02-27,Sierra,091,2930,273,273,47,320,4
2022-02-27,Siskiyou,093,43540,4387,4378,2712,7090,74
2022-02-27,Solano,095,438530,80354,80515,5459,85974,430
2022-02-27,Sonoma,097,501317,82313,82041,2503,84544,476
2022-02-27,Stanislaus,099,539301,116495,117200,17149,134349,1522
2022-02-27,Sutter,101,95872,20327,20280,2054,22334,214
2022-02-27,Tehama,103,63373,11945,11915,2611,14526,158
2022-02-27,Trinity,105,12862,1168,1158,292,1450,20
2022-02-27,Tulare,107,460477,105619,103270,28323,131593,1300
2022-02-27,Tuolumne,109,53932,12496,12243,554,12797,175
2022-02-27,Ventura,111,848112,171691,171660,9199,180859,1423
2022-02-27,Yolo,113,214977,36228,35744,3106,38850,299
2022-02-27,Yuba,115,75493,15657,15619,1177,16796,113
2022-02-26,Alameda,001,1643700,251867,250867,13633,264500,1716
2022-02-26,Alpine,003,1148,122,125,1,126,0
2022-02-26,Amador,005,37829,8379,8282,641,8923,83
2022-02-26,Butte,007,227075,32611,32466,6544,39010,368
2022-02-26,Calaveras,009,45235,7184,7192,349,7541,110
2022-02-26,Colusa,011,21464,3419,3414,1070,4484,21
2022-02-26,Contra Costa,013,1133247,186072,184686,13006,197692,1209
2022-02-26,Del Norte,015,27424,5655,5639,181,5820,45
2022-02-26,El Dorado,017,186661,26433,26355,3171,29526,191
2022-02-26,Fresno,019,978130,228866,225679,23266,248945,2597
2022-02-26,Glenn,021,27897,4933,4909,1560,6469,40
2022-02-26,Humboldt,023,135768,16637,16619,2901,19520,133
2022-02-26,Imperial,025,180216,54947,54367,11176,65543,871
2022-02-26,Inyo,027,18085,4040,4034,468,4502,56
2022-02-26,Kern,029,883053,190420,188584,45913,234497,2106
2022-02-26,Kings,031,150075,50932,50579,3576,54155,423
2022-02-26,Lake,033,64148,10508,10383,879,11262,128
2022-02-26,Lassen,035,31185,8835,8761,882,9643,55
2022-02-26,Los Angeles,037,10098052,2686291,2660973,123674,2784647,30202
2022-02-26,Madera,039,155013,36983,36933,6002,42935,330
2022-02-26,Marin,041,260295,32794,32651,2177,34828,267
2022-02-26,Mariposa,043,17540,2358,2332,196,2528,6
2022-02-26,Mendocino,045,87422,12874,12762,2968,15730,111
2022-02-26,Merced,047,269075,61568,61348,8497,69845,775
2022-02-26,Modoc,049,8938,730,726,250,976,7
2022-02-26,Mono,051,14174,2957,2959,119,3078,5
2022-02-26,Monterey,053,433212,78503,77610,13326,90936,692
2022-02-26,Napa,055,140530,25291,25221,945,26166,130
2022-02-26,Nevada,057,99092,15784,15850,1173,17023,121
2022-02-26,Orange,059,3164182,542117,539992,40956,580948,6540
2022-02-26,Placer,061,380077,62068,61803,7335,69138,573
2022-02-26,Plumas,063,18699,2899,2673,355,3028,13
2022-02-26,Riverside,065,2383286,587311,584835,27869,612704,6143
2022-02-26,Sacramento,067,1510023,277129,272339,26879,299218,2793
2022-02-26,San Benito,069,59416,12801,12770,511,13281,92
2022-02-26,San Bernardino,071,2135413,562199,555668,24616,580284,6505
2022-02-26,San Diego,073,3302833,744808,736049,51167,787216,5002
2022-02-26,San Francisco,075,870044,121781,123079,8138,131217,769
2022-02-26,San Joaquin,077,732212,164778,164418,9301,173719,2048
2022-02-26,San Luis Obispo,079,281455,51696,51358,3702,55060,438
2022-02-26,San Mateo,081,765935,119502,117860,6862,124722,603
2022-02-26,Santa Barbara,083,443738,84847,84830,4782,89612,652
2022-02-26,Santa Clara,085,1922200,306973,305895,12212,318107,2166
2022-02-26,Santa Cruz,087,273765,46319,46186,2098,48284,251
2022-02-26,Shasta,089,179085,30192,30108,6064,36172,485
2022-02-26,Sierra,091,2930,273,270,47,317,1
2022-02-26,Siskiyou,093,43540,4387,4359,2710,7069,72
2022-02-26,Solano,095,438530,80320,80225,5456,85681,428
2022-02-26,Sonoma,097,501317,82277,81702,2501,84203,432
2022-02-26,Stanislaus,099,539301,116457,116896,17144,134040,1503
2022-02-26,Sutter,101,95872,20318,20230,2054,22284,214
2022-02-26,Tehama,103,63373,11939,11878,2609,14487,158
2022-02-26,Trinity,105,12862,1167,1156,292,1448,20
2022-02-26,Tulare,107,460477,105582,102983,28308,131291,1295
2022-02-26,Tuolumne,109,53932,12494,12169,554,12723,175
2022-02-26,Ventura,111,848112,171658,171292,9197,180489,1411
2022-02-26,Yolo,113,214977,36207,35615,3103,38718,296
2022-02-26,Yuba,115,75493,15646,15587,1177,16764,113
2022-02-25,Alameda,001,1643700,251741,250867,13623,264490,1716
2022-02-25,Alpine,003,1148,122,125,1,126,0
2022-02-25,Amador,005,37829,8368,8282,641,8923,83
2022-02-25,Butte,007,227075,32599,32466,6542,39008,368
2022-02-25,Calaveras,009,45235,7182,7192,349,7541,110
2022-02-25,Colusa,011,21464,3419,3414,1070,4484,21
2022-02-25,Contra Costa,013,1133247,185986,184686,12984,197670,1209
2022-02-25,Del Norte,015,27424,5645,5639,181,5820,45
2022-02-25,El Dorado,017,186661,26424,26355,3171,29526,191
2022-02-25,Fresno,019,978130,228769,225679,23260,248939,2597
2022-02-25,Glenn,021,27897,4931,4909,1560,6469,40
2022-02-25,Humboldt,023,135768,16626,16619,2901,19520,133
2022-02-25,Imperial,025,180216,54929,54367,11175,65542,871
2022-02-25,Inyo,027,18085,4039,4034,468,4502,56
2022-02-25,Kern,029,883053,190354,188584,45900,234484,2106
2022-02-25,Kings,031,150075,50918,50579,3575,54154,423
2022-02-25,Lake,033,64148,10493,10383,879,11262,128
2022-02-25,Lassen,035,31185,8833,8761,882,9643,55
2022-02-25,Los Angeles,037,10098052,2685703,2660973,123643,2784616,30202
2022-02-25,Madera,039,155013,36963,36933,6001,42934,330
2022-02-25,Marin,041,260295,32780,32651,2177,34828,267
2022-02-25,Mariposa,043,17540,2355,2332,196,2528,6
2022-02-25,Mendocino,045,87422,12871,12762,2968,15730,111
2022-02-25,Merced,047,269075,61536,61348,8493,69841,775
2022-02-25,Modoc,049,8938,730,726,250,976,7
2022-02-25,Mono,051,14174,2956,2959,119,3078,5
2022-02-25,Monterey,053,433212,78476,77610,13320,90930,692
2022-02-25,Napa,055,140530,25282,25221,945,26166,130
2022-02-25,Nevada,057,99092,15773,15850,1170,17020,121
2022-02-25,Orange,059,3164182,541984,539992,40933,580925,6540
2022-02-25,Placer,061,380077,62053,61803,7329,69132,573
2022-02-25,Plumas,063,18699,2897,2673,354,3027,13
2022-02-25,Riverside,065,2383286,587153,584835,27857,612692,6143
2022-02-25,Sacramento,067,1510023,277028,272339,26874,299213,2793
2022-02-25,San Benito,069,59416,12799,12770,511,13281,92
2022-02-25,San Bernardino,071,2135413,562096,555668,24609,580277,6505
2022-02-25,San Diego,073,3302833,744506,736049,51148,787197,5002
2022-02-25,San Francisco,075,870044,121702,123079,8134,131213,769
2022-02-25,San Joaquin,077,732212,164738,164418,9296,173714,2048
2022-02-25,San Luis Obispo,079,281455,51692,51358,3693,55051,438
2022-02-25,San Mateo,081,765935,119441,117860,6858,124718,603
2022-02-25,Santa Barbara,083,443738,84812,84830,4782,89612,652
2022-02-25,Santa Clara,085,1922200,306787,305895,12209,318104,2166
2022-02-25,Santa Cruz,087,273765,46285,46186,2096,48282,251
2022-02-25,Shasta,089,179085,30182,30108,6062,36170,485
2022-02-25,Sierra,091,2930,273,270,47,317,1
2022-02-25,Siskiyou,093,43540,4387,4359,2709,7068,72
2022-02-25,Solano,095,438530,80291,80225,5455,85680,428
2022-02-25,Sonoma,097,501317,82227,81702,2499,84201,432
2022-02-25,Stanislaus,099,539301,116430,116896,17140,134036,1503
2022-02-25,Sutter,101,95872,20309,20230,2054,22284,214
2022-02-25,Tehama,103,63373,11937,11878,2609,14487,158
2022-02-25,Trinity,105,12862,1167,1156,292,1448,20
2022-02-25,Tulare,107,460477,105546,102983,28285,131268,1295
2022-02-25,Tuolumne,109,53932,12492,12169,554,12723,175
2022-02-25,Ventura,111,848112,171607,171292,9197,180489,1411
2022-02-25,Yolo,113,214977,36192,35615,3103,38718,296
2022-02-25,Yuba,115,75493,15638,15587,1177,16764,113
2022-02-24,Alameda,001,1643700,251536,250867,13614,264481,1716
2022-02-24,Alpine,003,1148,122,125,1,126,0
2022-02-24,Amador,005,37829,8363,8282,640,8922,83
2022-02-24,Butte,007,227075,32578,32466,6537,39003,368
2022-02-24,Calaveras,009,45235,7179,7192,347,7539,110
2022-02-24,Colusa,011,21464,3418,3414,1069,4483,21
2022-02-24,Contra Costa,013,1133247,185858,184686,12976,197662,1209
2022-02-24,Del Norte,015,27424,5630,5639,180,5819,45
2022-02-24,El Dorado,017,186661,26410,26355,3171,29526,191
2022-02-24,Fresno,019,978130,228572,225679,23245,248924,2597
2022-02-24,Glenn,021,27897,4929,4909,1559,6468,40
2022-02-24,Humboldt,023,135768,16608,16619,2900,19519,133
2022-02-24,Imperial,025,180216,54891,54367,11156,65523,871
2022-02-24,Inyo,027,18085,4038,4034,467,4501,56
2022-02-24,Kern,029,883053,190211,188584,45866,234450,2106
2022-02-24,Kings,031,150075,50888,50579,3570,54149,423
2022-02-24,Lake,033,64148,10474,10383,879,11262,128
2022-02-24,Lassen,035,31185,8829,8761,881,9642,55
2022-02-24,Los Angeles,037,10098052,2684553,2660973,123587,2784560,30202
2022-02-24,Madera,039,155013,36936,36933,5999,42932,330
2022-02-24,Marin,041,260295,32759,32651,2176,34827,267
2022-02-24,Mariposa,043,17540,2349,2332,195,2527,6
2022-02-24,Mendocino,045,87422,12864,12762,2964,15726,111
2022-02-24,Merced,047,269075,61506,61348,8484,69832,775
2022-02-24,Modoc,049,8938,729,726,250,976,7
2022-02-24,Mono,051,14174,2955,2959,119,3078,5
2022-02-24,Monterey,053,433212,78423,77610,13311,90921,692
2022-02-24,Napa,055,140530,25241,25221,941,26162,130
2022-02-24,Nevada,057,99092,15759,15850,1170,17020,121
2022-02-24,Orange,059,3164182,541736,539992,40899,580891,6540
2022-02-24,Placer,061,380077,62015,61803,7327,69130,573
2022-02-24,Plumas,063,18699,2891,2673,352,3025,13
2022-02-24,Riverside,065,2383286,586899,584835,27830,612665,6143
2022-02-24,Sacramento,067,1510023,276854,272339,26856,299195,2793
2022-02-24,San Benito,069,59416,12788,12770,510,13280,92
2022-02-24,San Bernardino,071,2135413,561907,555668,24599,580267,6505
2022-02-24,San Diego,073,3302833,744069,736049,51105,787154,5002
2022-02-24,San Francisco,075,870044,121581,123079,8127,131206,769
2022-02-24,San Joaquin,077,732212,164606,164418,9291,173709,2048
2022-02-24,San Luis Obispo,079,281455,51646,51358,3691,55049,438
2022-02-24,San Mateo,081,765935,119350,117860,6851,124711,603
2022-02-24,Santa Barbara,083,443738,84749,84830,4781,89611,652
2022-02-24,Santa Clara,085,1922200,306542,305895,12195,318090,2166
2022-02-24,Santa Cruz,087,273765,46203,46186,2094,48280,251
2022-02-24,Shasta,089,179085,30163,30108,6056,36164,485
2022-02-24,Sierra,091,2930,273,270,47,317,1
2022-02-24,Siskiyou,093,43540,4384,4359,2705,7064,72
2022-02-24,Solano,095,438530,80212,80225,5452,85677,428
2022-02-24,Sonoma,097,501317,82173,81702,2494,84196,432
2022-02-24,Stanislaus,099,539301,116352,116896,17130,134026,1503
2022-02-24,Sutter,101,95872,20294,20230,2038,22268,214
2022-02-24,Tehama,103,63373,11931,11878,2608,14486,158
2022-02-24,Trinity,105,12862,1165,1156,292,1448,20
2022-02-24,Tulare,107,460477,105489,102983,28252,131235,1295
2022-02-24,Tuolumne,109,53932,12481,12169,552,12721,175
2022-02-24,Ventura,111,848112,171528,171292,9194,180486,1411
2022-02-24,Yolo,113,214977,36167,35615,3101,38716,296
2022-02-24,Yuba,115,75493,15625,15587,1177,16764,113
2022-02-23,Alameda,001,1643700,251309,247686,13596,261282,1713
2022-02-23,Alpine,003,1148,122,125,1,126,0
2022-02-23,Amador,005,37829,8346,8274,640,8914,79
2022-02-23,Butte,007,227075,32550,32417,6534,38951,367
2022-02-23,Calaveras,009,45235,7169,7182,346,7528,107
2022-02-23,Colusa,011,21464,3414,3411,1069,4480,21
2022-02-23,Contra Costa,013,1133247,185710,184013,12962,196975,1209
2022-02-23,Del Norte,015,27424,5618,5625,179,5804,45
2022-02-23,El Dorado,017,186661,26394,26317,3167,29484,189
2022-02-23,Fresno,019,978130,228380,225308,23222,248530,2596
2022-02-23,Glenn,021,27897,4925,4909,1557,6466,40
2022-02-23,Humboldt,023,135768,16592,16601,2897,19498,132
2022-02-23,Imperial,025,180216,54856,54292,11141,65433,871
2022-02-23,Inyo,027,18085,4037,4031,464,4495,54
2022-02-23,Kern,029,883053,190101,188432,45816,234248,2106
2022-02-23,Kings,031,150075,50855,50416,3568,53984,423
2022-02-23,Lake,033,64148,10456,10368,878,11246,126
2022-02-23,Lassen,035,31185,8813,8749,881,9630,55
2022-02-23,Los Angeles,037,10098052,2683194,2659569,123541,2783110,30167
2022-02-23,Madera,039,155013,36904,36876,5988,42864,330
2022-02-23,Marin,041,260295,32735,32625,2175,34800,267
2022-02-23,Mariposa,043,17540,2344,2325,194,2519,6
2022-02-23,Mendocino,045,87422,12856,12747,2960,15707,111
2022-02-23,Merced,047,269075,61477,61295,8479,69774,772
2022-02-23,Modoc,049,8938,729,723,249,972,7
2022-02-23,Mono,051,14174,2954,2960,119,3079,5
2022-02-23,Monterey,053,433212,78384,77472,13288,90760,691
2022-02-23,Napa,055,140530,25218,25185,936,26121,128
2022-02-23,Nevada,057,99092,15753,15825,1167,16992,121
2022-02-23,Orange,059,3164182,541428,539631,40876,580507,6520
2022-02-23,Placer,061,380077,61968,61758,7319,69077,573
2022-02-23,Plumas,063,18699,2887,2663,352,3015,13
2022-02-23,Riverside,065,2383286,586607,584381,27793,612174,6119
2022-02-23,Sacramento,067,1510023,276692,272057,26833,298890,2796
2022-02-23,San Benito,069,59416,12781,12756,509,13265,92
2022-02-23,San Bernardino,071,2135413,561744,555238,24582,579820,6479
2022-02-23,San Diego,073,3302833,743545,735406,51062,786468,4988
2022-02-23,San Francisco,075,870044,121455,122127,8125,130252,769
2022-02-23,San Joaquin,077,732212,164515,164257,9286,173543,2042
2022-02-23,San Luis Obispo,079,281455,51598,51264,3690,54954,434
2022-02-23,San Mateo,081,765935,119258,117585,6842,124427,603
2022-02-23,Santa Barbara,083,443738,84689,84760,4777,89537,651
2022-02-23,Santa Clara,085,1922200,306282,305484,12186,317670,2157
2022-02-23,Santa Cruz,087,273765,46134,46059,2093,48152,251
2022-02-23,Shasta,089,179085,30136,30066,6053,36119,481
2022-02-23,Sierra,091,2930,273,270,47,317,1
2022-02-23,Siskiyou,093,43540,4381,4356,2703,7059,71
2022-02-23,Solano,095,438530,80123,80103,5450,85553,427
2022-02-23,Sonoma,097,501317,82120,81594,2492,84086,432
2022-02-23,Stanislaus,099,539301,116276,116789,17121,133910,1482
2022-02-23,Sutter,101,95872,20277,20194,2034,22228,213
2022-02-23,Tehama,103,63373,11921,11863,2608,14471,154
2022-02-23,Trinity,105,12862,1165,1156,292,1448,20
2022-02-23,Tulare,107,460477,105423,102812,28223,131035,1290
2022-02-23,Tuolumne,109,53932,12471,12158,551,12709,175
2022-02-23,Ventura,111,848112,171442,171163,9187,180350,1401
2022-02-23,Yolo,113,214977,36130,35590,3094,38684,296
2022-02-23,Yuba,115,75493,15622,15571,1175,16746,113
2022-02-22,Alameda,001,1643700,251071,247434,13581,261015,1706
2022-02-22,Alpine,003,1148,122,124,1,125,0
2022-02-22,Amador,005,37829,8336,8243,640,8883,79
2022-02-22,Butte,007,227075,32515,32359,6529,38888,366
2022-02-22,Calaveras,009,45235,7160,7178,346,7524,107
2022-02-22,Colusa,011,21464,3414,3402,1067,4469,21
2022-02-22,Contra Costa,013,1133247,185556,183812,12943,196755,1201
2022-02-22,Del Norte,015,27424,5610,5611,178,5789,45
2022-02-22,El Dorado,017,186661,26384,26289,3167,29456,189
2022-02-22,Fresno,019,978130,228149,225104,23192,248296,2592
2022-02-22,Glenn,021,27897,4924,4900,1556,6456,40
2022-02-22,Humboldt,023,135768,16571,16559,2893,19452,132
2022-02-22,Imperial,025,180216,54820,54227,11135,65362,864
2022-02-22,Inyo,027,18085,4036,4026,462,4488,54
2022-02-22,Kern,029,883053,189959,188237,45778,234015,2102
2022-02-22,Kings,031,150075,50792,50359,3565,53924,423
2022-02-22,Lake,033,64148,10445,10353,876,11229,126
2022-02-22,Lassen,035,31185,8809,8730,881,9611,55
2022-02-22,Los Angeles,037,10098052,2681731,2658230,123453,2781683,30129
2022-02-22,Madera,039,155013,36872,36833,5978,42811,330
2022-02-22,Marin,041,260295,32710,32591,2174,34765,267
2022-02-22,Mariposa,043,17540,2336,2322,194,2516,6
2022-02-22,Mendocino,045,87422,12842,12714,2950,15664,110
2022-02-22,Merced,047,269075,61417,61241,8472,69713,770
2022-02-22,Modoc,049,8938,726,720,249,969,6
2022-02-22,Mono,051,14174,2954,2961,119,3080,5
2022-02-22,Monterey,053,433212,78330,77359,13268,90627,690
2022-02-22,Napa,055,140530,25189,25151,935,26086,128
2022-02-22,Nevada,057,99092,15737,15815,1166,16981,121
2022-02-22,Orange,059,3164182,541137,539390,40843,580233,6502
2022-02-22,Placer,061,380077,61930,61709,7314,69023,572
2022-02-22,Plumas,063,18699,2882,2659,350,3009,13
2022-02-22,Riverside,065,2383286,586351,583969,27770,611739,6097
2022-02-22,Sacramento,067,1510023,276501,271789,26809,298598,2775
2022-02-22,San Benito,069,59416,12769,12742,508,13250,92
2022-02-22,San Bernardino,071,2135413,561544,554903,24564,579467,6451
2022-02-22,San Diego,073,3302833,743010,734536,51012,785548,4974
2022-02-22,San Francisco,075,870044,121326,121954,8121,130075,769
2022-02-22,San Joaquin,077,732212,164395,164111,9275,173386,2040
2022-02-22,San Luis Obispo,079,281455,51513,51193,3684,54877,431
2022-02-22,San Mateo,081,765935,119163,117418,6837,124255,603
2022-02-22,Santa Barbara,083,443738,84626,84701,4771,89472,650
2022-02-22,Santa Clara,085,1922200,306001,305045,12180,317225,2155
2022-02-22,Santa Cruz,087,273765,46069,45958,2093,48051,251
2022-02-22,Shasta,089,179085,30112,30024,6048,36072,479
2022-02-22,Sierra,091,2930,273,269,46,315,0
2022-02-22,Siskiyou,093,43540,4378,4350,2698,7048,70
2022-02-22,Solano,095,438530,80047,79968,5448,85416,425
2022-02-22,Sonoma,097,501317,82053,81412,2488,83900,431
2022-02-22,Stanislaus,099,539301,116197,116676,17103,133779,1475
2022-02-22,Sutter,101,95872,20261,20164,2031,22195,210
2022-02-22,Tehama,103,63373,11913,11852,2607,14459,152
2022-02-22,Trinity,105,12862,1165,1147,291,1438,20
2022-02-22,Tulare,107,460477,105312,102717,28187,130904,1287
2022-02-22,Tuolumne,109,53932,12451,12136,550,12686,175
2022-02-22,Ventura,111,848112,171357,171064,9181,180245,1401
2022-02-22,Yolo,113,214977,36092,35527,3088,38615,292
2022-02-22,Yuba,115,75493,15612,15550,1174,16724,110
2022-02-21,Alameda,001,1643700,250783,247434,13565,260999,1704
2022-02-21,Alpine,003,1148,122,124,1,125,0
2022-02-21,Amador,005,37829,8330,8246,640,8886,79
2022-02-21,Butte,007,227075,32474,32356,6506,38862,366
2022-02-21,Calaveras,009,45235,7152,7175,346,7521,107
2022-02-21,Colusa,011,21464,3412,3401,1065,4466,21
2022-02-21,Contra Costa,013,1133247,185320,183701,12929,196630,1201
2022-02-21,Del Norte,015,27424,5592,5601,177,5778,45
2022-02-21,El Dorado,017,186661,26358,26273,3162,29435,189
2022-02-21,Fresno,019,978130,227829,224923,23133,248056,2592
2022-02-21,Glenn,021,27897,4920,4897,1556,6453,40
2022-02-21,Humboldt,023,135768,16527,16548,2885,19433,132
2022-02-21,Imperial,025,180216,54764,54208,11116,65324,864
2022-02-21,Inyo,027,18085,4032,4023,462,4485,54
2022-02-21,Kern,029,883053,189766,188188,45725,233913,2102
2022-02-21,Kings,031,150075,50726,50188,3562,53750,422
2022-02-21,Lake,033,64148,10422,10334,874,11208,126
2022-02-21,Lassen,035,31185,8801,8705,876,9581,55
2022-02-21,Los Angeles,037,10098052,2679936,2656873,123355,2780228,30108
2022-02-21,Madera,039,155013,36831,36796,5957,42753,330
2022-02-21,Marin,041,260295,32686,32570,2174,34744,258
2022-02-21,Mariposa,043,17540,2333,2321,194,2515,6
2022-02-21,Mendocino,045,87422,12816,12706,2938,15644,110
2022-02-21,Merced,047,269075,61360,61209,8455,69664,770
2022-02-21,Modoc,049,8938,725,718,249,967,6
2022-02-21,Mono,051,14174,2953,2960,119,3079,5
2022-02-21,Monterey,053,433212,78235,77354,13226,90580,690
2022-02-21,Napa,055,140530,25148,25126,935,26061,128
2022-02-21,Nevada,057,99092,15725,15810,1163,16973,121
2022-02-21,Orange,059,3164182,540781,539068,40818,579886,6502
2022-02-21,Placer,061,380077,61876,61727,7310,69037,572
2022-02-21,Plumas,063,18699,2878,2657,345,3002,13
2022-02-21,Riverside,065,2383286,585981,583712,27721,611433,6097
2022-02-21,Sacramento,067,1510023,276239,271588,26776,298364,2769
2022-02-21,San Benito,069,59416,12756,12731,508,13239,92
2022-02-21,San Bernardino,071,2135413,561307,554662,24542,579204,6441
2022-02-21,San Diego,073,3302833,742380,732298,50941,783239,4974
2022-02-21,San Francisco,075,870044,121144,121865,8117,129982,769
2022-02-21,San Joaquin,077,732212,164251,164036,9264,173300,2040
2022-02-21,San Luis Obispo,079,281455,51421,51184,3677,54861,429
2022-02-21,San Mateo,081,765935,119072,117259,6829,124088,605
2022-02-21,Santa Barbara,083,443738,84550,84626,4763,89389,650
2022-02-21,Santa Clara,085,1922200,305664,304858,12174,317032,2158
2022-02-21,Santa Cruz,087,273765,45944,45941,2092,48033,251
2022-02-21,Shasta,089,179085,30065,30004,6040,36044,479
2022-02-21,Sierra,091,2930,273,269,46,315,0
2022-02-21,Siskiyou,093,43540,4366,4337,2693,7030,70
2022-02-21,Solano,095,438530,79954,79906,5442,85348,425
2022-02-21,Sonoma,097,501317,81939,81361,2482,83843,431
2022-02-21,Stanislaus,099,539301,116089,116597,17079,133676,1475
2022-02-21,Sutter,101,95872,20233,20152,2029,22181,210
2022-02-21,Tehama,103,63373,11900,11842,2606,14448,152
2022-02-21,Trinity,105,12862,1164,1147,291,1438,20
2022-02-21,Tulare,107,460477,105213,102614,28136,130750,1287
2022-02-21,Tuolumne,109,53932,12442,12126,547,12673,175
2022-02-21,Ventura,111,848112,171217,170939,9172,180111,1401
2022-02-21,Yolo,113,214977,36050,35518,3079,38597,292
2022-02-21,Yuba,115,75493,15592,15546,1165,16711,110
2022-02-20,Alameda,001,1643700,250558,246028,13555,259583,1700
2022-02-20,Alpine,003,1148,122,124,1,125,0
2022-02-20,Amador,005,37829,8319,8203,640,8843,79
2022-02-20,Butte,007,227075,32444,32173,6501,38674,364
2022-02-20,Calaveras,009,45235,7149,7136,345,7481,107
2022-02-20,Colusa,011,21464,3409,3389,1064,4453,21
2022-02-20,Contra Costa,013,1133247,185192,182797,12924,195721,1190
2022-02-20,Del Norte,015,27424,5577,5511,177,5688,45
2022-02-20,El Dorado,017,186661,26336,26101,3161,29262,189
2022-02-20,Fresno,019,978130,227637,223594,23120,246714,2544
2022-02-20,Glenn,021,27897,4917,4881,1556,6437,39
2022-02-20,Humboldt,023,135768,16515,16393,2881,19274,132
2022-02-20,Imperial,025,180216,54704,53967,11101,65068,862
2022-02-20,Inyo,027,18085,4031,4018,461,4479,52
2022-02-20,Kern,029,883053,189633,187158,45681,232839,2095
2022-02-20,Kings,031,150075,50698,49724,3558,53282,421
2022-02-20,Lake,033,64148,10389,10184,873,11057,126
2022-02-20,Lassen,035,31185,8789,8640,876,9516,55
2022-02-20,Los Angeles,037,10098052,2678613,2642878,123269,2766147,29842
2022-02-20,Madera,039,155013,36800,36526,5953,42479,330
2022-02-20,Marin,041,260295,32669,32441,2173,34614,258
2022-02-20,Mariposa,043,17540,2327,2310,192,2502,6
2022-02-20,Mendocino,045,87422,12806,12625,2935,15560,110
2022-02-20,Merced,047,269075,61332,60886,8453,69339,769
2022-02-20,Modoc,049,8938,724,714,249,963,6
2022-02-20,Mono,051,14174,2953,2956,119,3075,5
2022-02-20,Monterey,053,433212,78176,76765,13212,89977,682
2022-02-20,Napa,055,140530,25128,24970,933,25903,127
2022-02-20,Nevada,057,99092,15714,15715,1162,16877,121
2022-02-20,Orange,059,3164182,540461,538019,40783,578802,6416
2022-02-20,Placer,061,380077,61844,61417,7302,68719,560
2022-02-20,Plumas,063,18699,2874,2646,343,2989,13
2022-02-20,Riverside,065,2383286,585708,581788,27693,609481,6087
2022-02-20,Sacramento,067,1510023,276060,270080,26751,296831,2747
2022-02-20,San Benito,069,59416,12753,12665,508,13173,92
2022-02-20,San Bernardino,071,2135413,561104,553151,24526,577677,6400
2022-02-20,San Diego,073,3302833,741782,729549,50886,780435,4947
2022-02-20,San Francisco,075,870044,121003,121197,8107,129304,756
2022-02-20,San Joaquin,077,732212,164128,163083,9253,172336,2033
2022-02-20,San Luis Obispo,079,281455,51390,50823,3673,54496,424
2022-02-20,San Mateo,081,765935,119000,116648,6821,123469,598
2022-02-20,Santa Barbara,083,443738,84505,83988,4762,88750,642
2022-02-20,Santa Clara,085,1922200,305385,303077,12166,315243,2138
2022-02-20,Santa Cruz,087,273765,45878,45532,2089,47621,250
2022-02-20,Shasta,089,179085,30033,29847,6033,35880,479
2022-02-20,Sierra,091,2930,273,269,46,315,0
2022-02-20,Siskiyou,093,43540,4360,4307,2692,6999,70
2022-02-20,Solano,095,438530,79879,78914,5438,84352,424
2022-02-20,Sonoma,097,501317,81863,80843,2479,83322,431
2022-02-20,Stanislaus,099,539301,116021,115976,17062,133038,1454
2022-02-20,Sutter,101,95872,20220,20060,2026,22086,210
2022-02-20,Tehama,103,63373,11888,11760,2603,14363,152
2022-02-20,Trinity,105,12862,1163,1130,291,1421,20
2022-02-20,Tulare,107,460477,105122,101996,28109,130105,1286
2022-02-20,Tuolumne,109,53932,12420,12036,546,12582,175
2022-02-20,Ventura,111,848112,171120,170331,9167,179498,1384
2022-02-20,Yolo,113,214977,36024,35363,3076,38439,293
2022-02-20,Yuba,115,75493,15576,15449,1164,16613,112
2022-02-19,Alameda,001,1643700,250387,246028,13553,259581,1700
2022-02-19,Alpine,003,1148,122,124,1,125,0
2022-02-19,Amador,005,37829,8315,8203,640,8843,79
2022-02-19,Butte,007,227075,32420,32173,6498,38671,364
2022-02-19,Calaveras,009,45235,7149,7136,345,7481,107
2022-02-19,Colusa,011,21464,3408,3389,1062,4451,21
2022-02-19,Contra Costa,013,1133247,185095,182797,12923,195720,1190
2022-02-19,Del Norte,015,27424,5567,5511,176,5687,45
2022-02-19,El Dorado,017,186661,26320,26101,3159,29260,189
2022-02-19,Fresno,019,978130,227519,223594,23113,246707,2544
2022-02-19,Glenn,021,27897,4913,4881,1556,6437,39
2022-02-19,Humboldt,023,135768,16500,16393,2881,19274,132
2022-02-19,Imperial,025,180216,54687,53967,11095,65062,862
2022-02-19,Inyo,027,18085,4030,4018,460,4478,52
2022-02-19,Kern,029,883053,189534,187158,45656,232814,2095
2022-02-19,Kings,031,150075,50675,49724,3556,53280,421
2022-02-19,Lake,033,64148,10381,10184,873,11057,126
2022-02-19,Lassen,035,31185,8777,8640,875,9515,55
2022-02-19,Los Angeles,037,10098052,2677831,2642878,123228,2766106,29842
2022-02-19,Madera,039,155013,36778,36526,5952,42478,330
2022-02-19,Marin,041,260295,32646,32441,2172,34613,258
2022-02-19,Mariposa,043,17540,2324,2310,192,2502,6
2022-02-19,Mendocino,045,87422,12796,12625,2935,15560,110
2022-02-19,Merced,047,269075,61287,60886,8449,69335,769
2022-02-19,Modoc,049,8938,724,714,248,962,6
2022-02-19,Mono,051,14174,2952,2956,119,3075,5
2022-02-19,Monterey,053,433212,78087,76765,13201,89966,682
2022-02-19,Napa,055,140530,25118,24970,933,25903,127
2022-02-19,Nevada,057,99092,15706,15715,1162,16877,121
2022-02-19,Orange,059,3164182,540262,538019,40759,578778,6416
2022-02-19,Placer,061,380077,61798,61417,7301,68718,560
2022-02-19,Plumas,063,18699,2873,2646,343,2989,13
2022-02-19,Riverside,065,2383286,585529,581788,27679,609467,6087
2022-02-19,Sacramento,067,1510023,275919,270080,26740,296820,2747
2022-02-19,San Benito,069,59416,12739,12665,507,13172,92
2022-02-19,San Bernardino,071,2135413,560945,553151,24520,577671,6400
2022-02-19,San Diego,073,3302833,741424,729549,50844,780393,4947
2022-02-19,San Francisco,075,870044,120917,121197,8103,129300,756
2022-02-19,San Joaquin,077,732212,164052,163083,9242,172325,2033
2022-02-19,San Luis Obispo,079,281455,51378,50823,3669,54492,424
2022-02-19,San Mateo,081,765935,118960,116648,6819,123467,598
2022-02-19,Santa Barbara,083,443738,84436,83988,4761,88749,642
2022-02-19,Santa Clara,085,1922200,305187,303077,12164,315241,2138
2022-02-19,Santa Cruz,087,273765,45840,45532,2087,47619,250
2022-02-19,Shasta,089,179085,30019,29847,6030,35877,479
2022-02-19,Sierra,091,2930,273,269,46,315,0
2022-02-19,Siskiyou,093,43540,4358,4307,2692,6999,70
2022-02-19,Solano,095,438530,79837,78914,5437,84351,424
2022-02-19,Sonoma,097,501317,81818,80843,2479,83322,431
2022-02-19,Stanislaus,099,539301,115951,115976,17056,133032,1454
2022-02-19,Sutter,101,95872,20212,20060,2026,22086,210
2022-02-19,Tehama,103,63373,11881,11760,2603,14363,152
2022-02-19,Trinity,105,12862,1161,1130,291,1421,20
2022-02-19,Tulare,107,460477,105072,101996,28082,130078,1286
2022-02-19,Tuolumne,109,53932,12412,12036,546,12582,175
2022-02-19,Ventura,111,848112,171045,170331,9164,179495,1384
2022-02-19,Yolo,113,214977,35993,35363,3072,38435,293
2022-02-19,Yuba,115,75493,15567,15449,1164,16613,112
2022-02-18,Alameda,001,1643700,250222,246028,13545,259573,1700
2022-02-18,Alpine,003,1148,121,124,1,125,0
2022-02-18,Amador,005,37829,8307,8203,638,8841,79
2022-02-18,Butte,007,227075,32400,32173,6493,38666,364
2022-02-18,Calaveras,009,45235,7144,7136,344,7480,107
2022-02-18,Colusa,011,21464,3406,3389,1062,4451,21
2022-02-18,Contra Costa,013,1133247,184988,182797,12917,195714,1190
2022-02-18,Del Norte,015,27424,5556,5511,176,5687,45
2022-02-18,El Dorado,017,186661,26309,26101,3158,29259,189
2022-02-18,Fresno,019,978130,227331,223594,23103,246697,2544
2022-02-18,Glenn,021,27897,4912,4881,1555,6436,39
2022-02-18,Humboldt,023,135768,16483,16393,2876,19269,132
2022-02-18,Imperial,025,180216,54664,53967,11084,65051,862
2022-02-18,Inyo,027,18085,4029,4018,460,4478,52
2022-02-18,Kern,029,883053,189419,187158,45611,232769,2095
2022-02-18,Kings,031,150075,50587,49724,3556,53280,421
2022-02-18,Lake,033,64148,10364,10184,871,11055,126
2022-02-18,Lassen,035,31185,8757,8640,874,9514,55
2022-02-18,Los Angeles,037,10098052,2676859,2642878,123173,2766051,29842
2022-02-18,Madera,039,155013,36755,36526,5950,42476,330
2022-02-18,Marin,041,260295,32628,32441,2170,34611,258
2022-02-18,Mariposa,043,17540,2322,2310,192,2502,6
2022-02-18,Mendocino,045,87422,12785,12625,2935,15560,110
2022-02-18,Merced,047,269075,61243,60886,8439,69325,769
2022-02-18,Modoc,049,8938,724,714,248,962,6
2022-02-18,Mono,051,14174,2952,2956,119,3075,5
2022-02-18,Monterey,053,433212,78015,76765,13193,89958,682
2022-02-18,Napa,055,140530,25100,24970,933,25903,127
2022-02-18,Nevada,057,99092,15698,15715,1162,16877,121
2022-02-18,Orange,059,3164182,540027,538019,40720,578739,6416
2022-02-18,Placer,061,380077,61768,61417,7293,68710,560
2022-02-18,Plumas,063,18699,2870,2646,343,2989,13
2022-02-18,Riverside,065,2383286,585348,581788,27670,609458,6087
2022-02-18,Sacramento,067,1510023,275724,270080,26732,296812,2747
2022-02-18,San Benito,069,59416,12731,12665,507,13172,92
2022-02-18,San Bernardino,071,2135413,560765,553151,24515,577666,6400
2022-02-18,San Diego,073,3302833,740992,729549,50821,780370,4947
2022-02-18,San Francisco,075,870044,120829,121197,8095,129292,756
2022-02-18,San Joaquin,077,732212,163985,163083,9234,172317,2033
2022-02-18,San Luis Obispo,079,281455,51362,50823,3666,54489,424
2022-02-18,San Mateo,081,765935,118895,116648,6816,123464,598
2022-02-18,Santa Barbara,083,443738,84396,83988,4759,88747,642
2022-02-18,Santa Clara,085,1922200,304949,303077,12163,315240,2138
2022-02-18,Santa Cruz,087,273765,45806,45532,2086,47618,250
2022-02-18,Shasta,089,179085,30007,29847,6029,35876,479
2022-02-18,Sierra,091,2930,273,269,46,315,0
2022-02-18,Siskiyou,093,43540,4355,4307,2690,6997,70
2022-02-18,Solano,095,438530,79767,78914,5436,84350,424
2022-02-18,Sonoma,097,501317,81760,80843,2478,83321,431
2022-02-18,Stanislaus,099,539301,115901,115976,17042,133018,1454
2022-02-18,Sutter,101,95872,20201,20060,2026,22086,210
2022-02-18,Tehama,103,63373,11870,11760,2603,14363,152
2022-02-18,Trinity,105,12862,1160,1130,290,1420,20
2022-02-18,Tulare,107,460477,105030,101996,28038,130034,1286
2022-02-18,Tuolumne,109,53932,12406,12036,545,12581,175
2022-02-18,Ventura,111,848112,170955,170331,9160,179491,1384
2022-02-18,Yolo,113,214977,35965,35363,3070,38433,293
2022-02-18,Yuba,115,75493,15554,15449,1164,16613,112
2022-02-17,Alameda,001,1643700,249959,246028,13523,259551,1700
2022-02-17,Alpine,003,1148,121,124,1,125,0
2022-02-17,Amador,005,37829,8303,8203,636,8839,79
2022-02-17,Butte,007,227075,32362,32173,6488,38661,364
2022-02-17,Calaveras,009,45235,7135,7136,341,7477,107
2022-02-17,Colusa,011,21464,3403,3389,1062,4451,21
2022-02-17,Contra Costa,013,1133247,184793,182797,12883,195680,1190
2022-02-17,Del Norte,015,27424,5535,5511,176,5687,45
2022-02-17,El Dorado,017,186661,26284,26101,3148,29249,189
2022-02-17,Fresno,019,978130,227041,223594,23073,246667,2544
2022-02-17,Glenn,021,27897,4910,4881,1552,6433,39
2022-02-17,Humboldt,023,135768,16442,16393,2875,19268,132
2022-02-17,Imperial,025,180216,54596,53967,11062,65029,862
2022-02-17,Inyo,027,18085,4028,4018,459,4477,52
2022-02-17,Kern,029,883053,189265,187158,45559,232717,2095
2022-02-17,Kings,031,150075,50522,49724,3550,53274,421
2022-02-17,Lake,033,64148,10334,10184,867,11051,126
2022-02-17,Lassen,035,31185,8747,8640,872,9512,55
2022-02-17,Los Angeles,037,10098052,2675025,2642878,123093,2765971,29842
2022-02-17,Madera,039,155013,36712,36526,5944,42470,330
2022-02-17,Marin,041,260295,32601,32441,2168,34609,258
2022-02-17,Mariposa,043,17540,2319,2310,191,2501,6
2022-02-17,Mendocino,045,87422,12768,12625,2932,15557,110
2022-02-17,Merced,047,269075,61167,60886,8421,69307,769
2022-02-17,Modoc,049,8938,723,714,248,962,6
2022-02-17,Mono,051,14174,2950,2956,119,3075,5
2022-02-17,Monterey,053,433212,77903,76765,13151,89916,682
2022-02-17,Napa,055,140530,25069,24970,931,25901,127
2022-02-17,Nevada,057,99092,15686,15715,1161,16876,121
2022-02-17,Orange,059,3164182,539689,538019,40692,578711,6416
2022-02-17,Placer,061,380077,61727,61417,7285,68702,560
2022-02-17,Plumas,063,18699,2867,2646,343,2989,13
2022-02-17,Riverside,065,2383286,584962,581788,27643,609431,6087
2022-02-17,Sacramento,067,1510023,275434,270080,26684,296764,2747
2022-02-17,San Benito,069,59416,12720,12665,507,13172,92
2022-02-17,San Bernardino,071,2135413,560465,553151,24504,577655,6400
2022-02-17,San Diego,073,3302833,740374,729549,50776,780325,4947
2022-02-17,San Francisco,075,870044,120694,121197,8084,129281,756
2022-02-17,San Joaquin,077,732212,163823,163083,9220,172303,2033
2022-02-17,San Luis Obispo,079,281455,51257,50823,3658,54481,424
2022-02-17,San Mateo,081,765935,118801,116648,6807,123455,598
2022-02-17,Santa Barbara,083,443738,84294,83988,4751,88739,642
2022-02-17,Santa Clara,085,1922200,304584,303077,12148,315225,2138
2022-02-17,Santa Cruz,087,273765,45725,45532,2084,47616,250
2022-02-17,Shasta,089,179085,29979,29847,6026,35873,479
2022-02-17,Sierra,091,2930,273,269,46,315,0
2022-02-17,Siskiyou,093,43540,4346,4307,2686,6993,70
2022-02-17,Solano,095,438530,79686,78914,5429,84343,424
2022-02-17,Sonoma,097,501317,81693,80843,2471,83314,431
2022-02-17,Stanislaus,099,539301,115797,115976,17025,133001,1454
2022-02-17,Sutter,101,95872,20186,20060,2018,22078,210
2022-02-17,Tehama,103,63373,11861,11760,2602,14362,152
2022-02-17,Trinity,105,12862,1158,1130,288,1418,20
2022-02-17,Tulare,107,460477,104915,101996,28010,130006,1286
2022-02-17,Tuolumne,109,53932,12395,12036,545,12581,175
2022-02-17,Ventura,111,848112,170815,170331,9159,179490,1384
2022-02-17,Yolo,113,214977,35927,35363,3069,38432,293
2022-02-17,Yuba,115,75493,15539,15449,1164,16613,112
2022-02-16,Alameda,001,1643700,249643,245662,13484,259146,1691
2022-02-16,Alpine,003,1148,121,124,1,125,0
2022-02-16,Amador,005,37829,8285,8197,634,8831,77
2022-02-16,Butte,007,227075,32320,32095,6476,38571,363
2022-02-16,Calaveras,009,45235,7129,7129,338,7467,107
2022-02-16,Colusa,011,21464,3398,3384,1062,4446,21
2022-02-16,Contra Costa,013,1133247,184554,182423,12846,195269,1179
2022-02-16,Del Norte,015,27424,5513,5473,172,5645,45
2022-02-16,El Dorado,017,186661,26256,26061,3144,29205,189
2022-02-16,Fresno,019,978130,226680,223056,23024,246080,2542
2022-02-16,Glenn,021,27897,4906,4873,1547,6420,39
2022-02-16,Humboldt,023,135768,16417,16342,2864,19206,132
2022-02-16,Imperial,025,180216,54525,53901,11028,64929,861
2022-02-16,Inyo,027,18085,4024,4013,456,4469,52
2022-02-16,Kern,029,883053,189047,186740,45468,232208,2084
2022-02-16,Kings,031,150075,50469,49575,3541,53116,420
2022-02-16,Lake,033,64148,10308,10145,867,11012,125
2022-02-16,Lassen,035,31185,8714,8618,872,9490,55
2022-02-16,Los Angeles,037,10098052,2672925,2640005,122980,2762985,29749
2022-02-16,Madera,039,155013,36644,36382,5929,42311,330
2022-02-16,Marin,041,260295,32565,32381,2165,34546,257
2022-02-16,Mariposa,043,17540,2317,2305,191,2496,6
2022-02-16,Mendocino,045,87422,12746,12605,2922,15527,108
2022-02-16,Merced,047,269075,61101,60776,8388,69164,767
2022-02-16,Modoc,049,8938,723,711,244,955,6
2022-02-16,Mono,051,14174,2948,2953,119,3072,5
2022-02-16,Monterey,053,433212,77755,76624,13110,89734,682
2022-02-16,Napa,055,140530,25030,24897,928,25825,128
2022-02-16,Nevada,057,99092,15670,15677,1157,16834,121
2022-02-16,Orange,059,3164182,539288,537934,40647,578581,6392
2022-02-16,Placer,061,380077,61684,61278,7272,68550,556
2022-02-16,Plumas,063,18699,2864,2644,341,2985,13
2022-02-16,Riverside,065,2383286,584569,580828,27596,608424,6064
2022-02-16,Sacramento,067,1510023,275109,269416,26628,296044,2736
2022-02-16,San Benito,069,59416,12694,12644,507,13151,92
2022-02-16,San Bernardino,071,2135413,560191,552353,24479,576832,6379
2022-02-16,San Diego,073,3302833,739589,728610,50699,779309,4931
2022-02-16,San Francisco,075,870044,120522,120987,8079,129066,756
2022-02-16,San Joaquin,077,732212,163654,162752,9210,171962,2032
2022-02-16,San Luis Obispo,079,281455,51188,50704,3645,54349,425
2022-02-16,San Mateo,081,765935,118683,116438,6789,123227,595
2022-02-16,Santa Barbara,083,443738,84219,83968,4738,88706,642
2022-02-16,Santa Clara,085,1922200,304201,302439,12112,314551,2130
2022-02-16,Santa Cruz,087,273765,45635,45274,2082,47356,250
2022-02-16,Shasta,089,179085,29940,29767,6014,35781,477
2022-02-16,Sierra,091,2930,272,269,46,315,0
2022-02-16,Siskiyou,093,43540,4339,4302,2680,6982,71
2022-02-16,Solano,095,438530,79571,78742,5422,84164,422
2022-02-16,Sonoma,097,501317,81572,80642,2461,83103,431
2022-02-16,Stanislaus,099,539301,115678,115751,16994,132745,1443
2022-02-16,Sutter,101,95872,20169,20020,2015,22035,210
2022-02-16,Tehama,103,63373,11843,11738,2600,14338,152
2022-02-16,Trinity,105,12862,1158,1130,287,1417,20
2022-02-16,Tulare,107,460477,104791,101817,27956,129773,1281
2022-02-16,Tuolumne,109,53932,12383,11991,544,12535,171
2022-02-16,Ventura,111,848112,170680,170117,9151,179268,1372
2022-02-16,Yolo,113,214977,35876,35284,3066,38350,292
2022-02-16,Yuba,115,75493,15517,15405,1161,16566,110
2022-02-15,Alameda,001,1643700,249294,245265,13455,258720,1683
2022-02-15,Alpine,003,1148,121,124,1,125,0
2022-02-15,Amador,005,37829,8274,8183,633,8816,77
2022-02-15,Butte,007,227075,32269,32011,6462,38473,361
2022-02-15,Calaveras,009,45235,7120,7115,338,7453,106
2022-02-15,Colusa,011,21464,3390,3374,1061,4435,21
2022-02-15,Contra Costa,013,1133247,184294,182041,12814,194855,1179
2022-02-15,Del Norte,015,27424,5487,5439,170,5609,45
2022-02-15,El Dorado,017,186661,26237,25988,3139,29127,189
2022-02-15,Fresno,019,978130,226296,222673,22959,245632,2543
2022-02-15,Glenn,021,27897,4897,4862,1546,6408,39
2022-02-15,Humboldt,023,135768,16374,16297,2849,19146,132
2022-02-15,Imperial,025,180216,54461,53813,11009,64822,860
2022-02-15,Inyo,027,18085,4023,4009,455,4464,52
2022-02-15,Kern,029,883053,188828,186324,45377,231701,2072
2022-02-15,Kings,031,150075,50375,49473,3532,53005,418
2022-02-15,Lake,033,64148,10275,10112,861,10973,123
2022-02-15,Lassen,035,31185,8699,8587,870,9457,55
2022-02-15,Los Angeles,037,10098052,2670674,2638266,122845,2761111,29691
2022-02-15,Madera,039,155013,36579,36260,5906,42166,330
2022-02-15,Marin,041,260295,32523,32355,2163,34518,255
2022-02-15,Mariposa,043,17540,2316,2302,191,2493,6
2022-02-15,Mendocino,045,87422,12729,12580,2903,15483,108
2022-02-15,Merced,047,269075,61017,60674,8357,69031,763
2022-02-15,Modoc,049,8938,721,710,241,951,6
2022-02-15,Mono,051,14174,2947,2952,119,3071,5
2022-02-15,Monterey,053,433212,77629,75530,13050,88580,682
2022-02-15,Napa,055,140530,24979,24832,921,25753,127
2022-02-15,Nevada,057,99092,15643,15643,1156,16799,121
2022-02-15,Orange,059,3164182,538828,537478,40602,578080,6374
2022-02-15,Placer,061,380077,61623,61170,7261,68431,554
2022-02-15,Plumas,063,18699,2860,2638,341,2979,13
2022-02-15,Riverside,065,2383286,584077,579940,27536,607476,6049
2022-02-15,Sacramento,067,1510023,274723,268950,26543,295493,2721
2022-02-15,San Benito,069,59416,12675,12616,507,13123,91
2022-02-15,San Bernardino,071,2135413,559823,551803,24456,576259,6372
2022-02-15,San Diego,073,3302833,738600,727486,50610,778096,4914
2022-02-15,San Francisco,075,870044,120350,120759,8067,128826,756
2022-02-15,San Joaquin,077,732212,163437,162518,9196,171714,2021
2022-02-15,San Luis Obispo,079,281455,51087,50534,3630,54164,419
2022-02-15,San Mateo,081,765935,118546,116253,6767,123020,595
2022-02-15,Santa Barbara,083,443738,84081,83734,4724,88458,640
2022-02-15,Santa Clara,085,1922200,303700,301831,12073,313904,2130
2022-02-15,Santa Cruz,087,273765,45531,45171,2077,47248,250
2022-02-15,Shasta,089,179085,29891,29684,6000,35684,477
2022-02-15,Sierra,091,2930,272,269,46,315,0
2022-02-15,Siskiyou,093,43540,4332,4288,2672,6960,70
2022-02-15,Solano,095,438530,79438,78626,5415,84041,426
2022-02-15,Sonoma,097,501317,81452,80433,2455,82888,431
2022-02-15,Stanislaus,099,539301,115539,115549,16960,132509,1429
2022-02-15,Sutter,101,95872,20142,19980,2010,21990,208
2022-02-15,Tehama,103,63373,11826,11717,2598,14315,151
2022-02-15,Trinity,105,12862,1152,1125,284,1409,20
2022-02-15,Tulare,107,460477,104636,101645,27898,129543,1278
2022-02-15,Tuolumne,109,53932,12363,11945,542,12487,171
2022-02-15,Ventura,111,848112,170508,169942,9142,179084,1372
2022-02-15,Yolo,113,214977,35825,35241,3056,38297,289
2022-02-15,Yuba,115,75493,15488,15372,1156,16528,109
2022-02-14,Alameda,001,1643700,248856,244315,13422,257737,1677
2022-02-14,Alpine,003,1148,121,125,1,126,0
2022-02-14,Amador,005,37829,8259,8164,630,8794,77
2022-02-14,Butte,007,227075,32210,31946,6448,38394,360
2022-02-14,Calaveras,009,45235,7108,7097,336,7433,106
2022-02-14,Colusa,011,21464,3387,3367,1057,4424,21
2022-02-14,Contra Costa,013,1133247,184003,181753,12773,194526,1167
2022-02-14,Del Norte,015,27424,5465,5426,169,5595,45
2022-02-14,El Dorado,017,186661,26203,25915,3131,29046,188
2022-02-14,Fresno,019,978130,225810,222360,22870,245230,2538
2022-02-14,Glenn,021,27897,4891,4854,1546,6400,39
2022-02-14,Humboldt,023,135768,16333,16264,2824,19088,132
2022-02-14,Imperial,025,180216,54391,53765,10978,64743,860
2022-02-14,Inyo,027,18085,4022,4010,454,4464,52
2022-02-14,Kern,029,883053,188481,186037,45268,231305,2063
2022-02-14,Kings,031,150075,50271,49395,3523,52918,419
2022-02-14,Lake,033,64148,10240,10090,858,10948,123
2022-02-14,Lassen,035,31185,8688,8539,868,9407,55
2022-02-14,Los Angeles,037,10098052,2668094,2636064,122715,2758779,29650
2022-02-14,Madera,039,155013,36513,36194,5883,42077,330
2022-02-14,Marin,041,260295,32487,32304,2160,34464,255
2022-02-14,Mariposa,043,17540,2310,2295,191,2486,6
2022-02-14,Mendocino,045,87422,12702,12541,2871,15412,108
2022-02-14,Merced,047,269075,60927,60591,8311,68902,758
2022-02-14,Modoc,049,8938,716,707,241,948,6
2022-02-14,Mono,051,14174,2946,2954,119,3073,5
2022-02-14,Monterey,053,433212,77454,75407,12966,88373,678
2022-02-14,Napa,055,140530,24920,24776,921,25697,127
2022-02-14,Nevada,057,99092,15624,15629,1155,16784,121
2022-02-14,Orange,059,3164182,538324,536924,40537,577461,6355
2022-02-14,Placer,061,380077,61553,61123,7246,68369,554
2022-02-14,Plumas,063,18699,2859,2631,339,2970,13
2022-02-14,Riverside,065,2383286,583525,579174,27466,606640,5994
2022-02-14,Sacramento,067,1510023,274274,268547,26429,294976,2717
2022-02-14,San Benito,069,59416,12651,12598,505,13103,91
2022-02-14,San Bernardino,071,2135413,559397,551338,24436,575774,6372
2022-02-14,San Diego,073,3302833,737612,723902,50520,774422,4894
2022-02-14,San Francisco,075,870044,120160,120581,8057,128638,756
2022-02-14,San Joaquin,077,732212,163197,162363,9173,171536,2018
2022-02-14,San Luis Obispo,079,281455,50963,50465,3619,54084,416
2022-02-14,San Mateo,081,765935,118378,116129,6758,122887,592
2022-02-14,Santa Barbara,083,443738,83935,83697,4714,88411,636
2022-02-14,Santa Clara,085,1922200,303155,301319,12049,313368,2127
2022-02-14,Santa Cruz,087,273765,45367,45042,2073,47115,250
2022-02-14,Shasta,089,179085,29806,29595,5982,35577,474
2022-02-14,Sierra,091,2930,272,269,46,315,0
2022-02-14,Siskiyou,093,43540,4319,4278,2658,6936,69
2022-02-14,Solano,095,438530,79261,78533,5404,83937,427
2022-02-14,Sonoma,097,501317,81306,80336,2444,82780,431
2022-02-14,Stanislaus,099,539301,115361,115426,16916,132342,1406
2022-02-14,Sutter,101,95872,20113,19957,2004,21961,209
2022-02-14,Tehama,103,63373,11803,11686,2597,14283,151
2022-02-14,Trinity,105,12862,1149,1123,284,1407,20
2022-02-14,Tulare,107,460477,104429,101448,27796,129244,1276
2022-02-14,Tuolumne,109,53932,12332,11920,539,12459,170
2022-02-14,Ventura,111,848112,170331,169725,9130,178855,1361
2022-02-14,Yolo,113,214977,35766,35112,3046,38158,286
2022-02-14,Yuba,115,75493,15458,15375,1152,16527,108
2022-02-13,Alameda,001,1643700,248353,243681,13389,257070,1677
2022-02-13,Alpine,003,1148,121,125,1,126,0
2022-02-13,Amador,005,37829,8230,8146,627,8773,77
2022-02-13,Butte,007,227075,32134,31865,6425,38290,360
2022-02-13,Calaveras,009,45235,7100,7083,333,7416,106
2022-02-13,Colusa,011,21464,3383,3366,1055,4421,21
2022-02-13,Contra Costa,013,1133247,183630,181313,12708,194021,1159
2022-02-13,Del Norte,015,27424,5433,5379,169,5548,45
2022-02-13,El Dorado,017,186661,26167,25871,3122,28993,188
2022-02-13,Fresno,019,978130,225266,221686,22812,244498,2537
2022-02-13,Glenn,021,27897,4881,4847,1543,6390,39
2022-02-13,Humboldt,023,135768,16286,16210,2796,19006,132
2022-02-13,Imperial,025,180216,54304,53658,10933,64591,860
2022-02-13,Inyo,027,18085,4019,4006,452,4458,52
2022-02-13,Kern,029,883053,188235,185640,45181,230821,2063
2022-02-13,Kings,031,150075,50144,49243,3509,52752,416
2022-02-13,Lake,033,64148,10178,10042,850,10892,123
2022-02-13,Lassen,035,31185,8657,8503,866,9369,55
2022-02-13,Los Angeles,037,10098052,2664926,2631267,122573,2753840,29595
2022-02-13,Madera,039,155013,36395,36054,5854,41908,330
2022-02-13,Marin,041,260295,32416,32222,2153,34375,255
2022-02-13,Mariposa,043,17540,2304,2292,189,2481,6
2022-02-13,Mendocino,045,87422,12671,12521,2830,15351,108
2022-02-13,Merced,047,269075,60783,60460,8257,68717,758
2022-02-13,Modoc,049,8938,714,704,234,938,6
2022-02-13,Mono,051,14174,2944,2949,119,3068,5
2022-02-13,Monterey,053,433212,77246,75295,12891,88186,678
2022-02-13,Napa,055,140530,24842,24743,918,25661,127
2022-02-13,Nevada,057,99092,15589,15590,1148,16738,121
2022-02-13,Orange,059,3164182,537693,536134,40475,576609,6355
2022-02-13,Placer,061,380077,61476,61020,7222,68242,554
2022-02-13,Plumas,063,18699,2851,2626,336,2962,13
2022-02-13,Riverside,065,2383286,582931,578363,27421,605784,5995
2022-02-13,Sacramento,067,1510023,273765,267947,26295,294242,2699
2022-02-13,San Benito,069,59416,12617,12578,504,13082,91
2022-02-13,San Bernardino,071,2135413,558889,550632,24403,575035,6367
2022-02-13,San Diego,073,3302833,736439,723902,50412,774314,4894
2022-02-13,San Francisco,075,870044,119905,120295,8045,128340,756
2022-02-13,San Joaquin,077,732212,162885,162028,9144,171172,2018
2022-02-13,San Luis Obispo,079,281455,50820,50384,3611,53995,415
2022-02-13,San Mateo,081,765935,118154,115876,6733,122609,592
2022-02-13,Santa Barbara,083,443738,83770,83547,4706,88253,635
2022-02-13,Santa Clara,085,1922200,302500,300412,12011,312423,2114
2022-02-13,Santa Cruz,087,273765,45211,44887,2071,46958,240
2022-02-13,Shasta,089,179085,29724,29531,5957,35488,474
2022-02-13,Sierra,091,2930,272,269,46,315,0
2022-02-13,Siskiyou,093,43540,4312,4264,2642,6906,69
2022-02-13,Solano,095,438530,79106,78424,5381,83805,426
2022-02-13,Sonoma,097,501317,81137,80172,2432,82604,431
2022-02-13,Stanislaus,099,539301,115159,115156,16875,132031,1406
2022-02-13,Sutter,101,95872,20072,19900,2004,21904,209
2022-02-13,Tehama,103,63373,11774,11644,2592,14236,151
2022-02-13,Trinity,105,12862,1146,1120,281,1401,20
2022-02-13,Tulare,107,460477,104206,101135,27701,128836,1276
2022-02-13,Tuolumne,109,53932,12307,11891,534,12425,170
2022-02-13,Ventura,111,848112,170136,169422,9110,178532,1361
2022-02-13,Yolo,113,214977,35699,35057,3034,38091,286
2022-02-13,Yuba,115,75493,15424,15346,1150,16496,107
2022-02-12,Alameda,001,1643700,248134,242137,13375,255512,1668
2022-02-12,Alpine,003,1148,121,124,1,125,0
2022-02-12,Amador,005,37829,8224,8091,627,8718,76
2022-02-12,Butte,007,227075,32108,31601,6420,38021,360
2022-02-12,Calaveras,009,45235,7097,7022,332,7354,106
2022-02-12,Colusa,011,21464,3379,3345,1055,4400,21
2022-02-12,Contra Costa,013,1133247,183439,180270,12701,192971,1141
2022-02-12,Del Norte,015,27424,5413,5262,169,5431,45
2022-02-12,El Dorado,017,186661,26151,25692,3122,28814,188
2022-02-12,Fresno,019,978130,225052,219909,22799,242708,2509
2022-02-12,Glenn,021,27897,4880,4818,1542,6360,39
2022-02-12,Humboldt,023,135768,16262,16058,2792,18850,132
2022-02-12,Imperial,025,180216,54261,53304,10922,64226,860
2022-02-12,Inyo,027,18085,4017,3991,452,4443,52
2022-02-12,Kern,029,883053,188128,184639,45144,229783,2037
2022-02-12,Kings,031,150075,50104,48893,3502,52395,415
2022-02-12,Lake,033,64148,10157,9926,845,10771,123
2022-02-12,Lassen,035,31185,8634,8477,865,9342,55
2022-02-12,Los Angeles,037,10098052,2663791,2616426,122496,2738922,29364
2022-02-12,Madera,039,155013,36362,35710,5846,41556,330
2022-02-12,Marin,041,260295,32383,32048,2150,34198,255
2022-02-12,Mariposa,043,17540,2304,2286,189,2475,6
2022-02-12,Mendocino,045,87422,12655,12439,2830,15269,107
2022-02-12,Merced,047,269075,60731,60187,8252,68439,758
2022-02-12,Modoc,049,8938,714,697,234,931,6
2022-02-12,Mono,051,14174,2944,2939,119,3058,5
2022-02-12,Monterey,053,433212,77186,74842,12866,87708,672
2022-02-12,Napa,055,140530,24814,24530,918,25448,124
2022-02-12,Nevada,057,99092,15577,15499,1146,16645,119
2022-02-12,Orange,059,3164182,537404,534503,40439,574942,6305
2022-02-12,Placer,061,380077,61417,60636,7219,67855,554
2022-02-12,Plumas,063,18699,2850,2617,335,2952,13
2022-02-12,Riverside,065,2383286,582575,575566,27397,602963,5961
2022-02-12,Sacramento,067,1510023,273529,266347,26286,292633,2686
2022-02-12,San Benito,069,59416,12605,12526,504,13030,91
2022-02-12,San Bernardino,071,2135413,558655,548822,24390,573212,6360
2022-02-12,San Diego,073,3302833,735915,720287,50365,770652,4854
2022-02-12,San Francisco,075,870044,119784,119113,8034,127147,740
2022-02-12,San Joaquin,077,732212,162756,161234,9139,170373,2014
2022-02-12,San Luis Obispo,079,281455,50784,50064,3607,53671,416
2022-02-12,San Mateo,081,765935,118063,115235,6725,121960,589
2022-02-12,Santa Barbara,083,443738,83682,83390,4696,88086,631
2022-02-12,Santa Clara,085,1922200,302152,298176,12003,310179,2093
2022-02-12,Santa Cruz,087,273765,45175,44447,2069,46516,239
2022-02-12,Shasta,089,179085,29696,29370,5953,35323,473
2022-02-12,Sierra,091,2930,272,268,46,314,0
2022-02-12,Siskiyou,093,43540,4305,4231,2639,6870,68
2022-02-12,Solano,095,438530,79064,77865,5378,83243,424
2022-02-12,Sonoma,097,501317,81032,79533,2430,81963,431
2022-02-12,Stanislaus,099,539301,115035,114531,16863,131394,1406
2022-02-12,Sutter,101,95872,20057,19800,2004,21804,211
2022-02-12,Tehama,103,63373,11760,11580,2592,14172,151
2022-02-12,Trinity,105,12862,1145,1115,281,1396,20
2022-02-12,Tulare,107,460477,104109,100434,27661,128095,1273
2022-02-12,Tuolumne,109,53932,12289,11754,534,12288,125
2022-02-12,Ventura,111,848112,170028,168736,9105,177841,1340
2022-02-12,Yolo,113,214977,35658,34773,3031,37804,286
2022-02-12,Yuba,115,75493,15408,15242,1149,16391,107
2022-02-11,Alameda,001,1643700,247854,242137,13361,255498,1668
2022-02-11,Alpine,003,1148,121,124,1,125,0
2022-02-11,Amador,005,37829,8211,8091,627,8718,76
2022-02-11,Butte,007,227075,32064,31601,6409,38010,360
2022-02-11,Calaveras,009,45235,7094,7022,332,7354,106
2022-02-11,Colusa,011,21464,3377,3345,1054,4399,21
2022-02-11,Contra Costa,013,1133247,183235,180270,12681,192951,1141
2022-02-11,Del Norte,015,27424,5398,5262,168,5430,45
2022-02-11,El Dorado,017,186661,26130,25692,3121,28813,188
2022-02-11,Fresno,019,978130,224756,219909,22784,242693,2509
2022-02-11,Glenn,021,27897,4876,4818,1542,6360,39
2022-02-11,Humboldt,023,135768,16232,16058,2787,18845,132
2022-02-11,Imperial,025,180216,54231,53304,10911,64215,860
2022-02-11,Inyo,027,18085,4014,3991,447,4438,52
2022-02-11,Kern,029,883053,187966,184639,45090,229729,2037
2022-02-11,Kings,031,150075,50065,48893,3501,52394,415
2022-02-11,Lake,033,64148,10132,9926,843,10769,123
2022-02-11,Lassen,035,31185,8594,8477,865,9342,55
2022-02-11,Los Angeles,037,10098052,2662157,2616426,122406,2738832,29364
2022-02-11,Madera,039,155013,36319,35710,5841,41551,330
2022-02-11,Marin,041,260295,32350,32048,2147,34195,255
2022-02-11,Mariposa,043,17540,2299,2286,189,2475,6
2022-02-11,Mendocino,045,87422,12639,12439,2830,15269,107
2022-02-11,Merced,047,269075,60681,60187,8245,68432,758
2022-02-11,Modoc,049,8938,712,697,234,931,6
2022-02-11,Mono,051,14174,2943,2939,119,3058,5
2022-02-11,Monterey,053,433212,77067,74842,12852,87694,672
2022-02-11,Napa,055,140530,24786,24530,918,25448,124
2022-02-11,Nevada,057,99092,15562,15499,1143,16642,119
2022-02-11,Orange,059,3164182,537053,534503,40374,574877,6305
2022-02-11,Placer,061,380077,61365,60636,7217,67853,554
2022-02-11,Plumas,063,18699,2846,2617,333,2950,13
2022-02-11,Riverside,065,2383286,582153,575566,27380,602946,5961
2022-02-11,Sacramento,067,1510023,273265,266347,26273,292620,2686
2022-02-11,San Benito,069,59416,12600,12526,504,13030,91
2022-02-11,San Bernardino,071,2135413,558337,548822,24375,573197,6360
2022-02-11,San Diego,073,3302833,735195,720287,50310,770597,4854
2022-02-11,San Francisco,075,870044,119664,119113,8017,127130,740
2022-02-11,San Joaquin,077,732212,162587,161234,9128,170362,2014
2022-02-11,San Luis Obispo,079,281455,50747,50064,3603,53667,416
2022-02-11,San Mateo,081,765935,117946,115235,6716,121951,589
2022-02-11,Santa Barbara,083,443738,83598,83390,4695,88085,631
2022-02-11,Santa Clara,085,1922200,301722,298176,11984,310160,2093
2022-02-11,Santa Cruz,087,273765,45083,44447,2069,46516,239
2022-02-11,Shasta,089,179085,29665,29370,5945,35315,473
2022-02-11,Sierra,091,2930,271,268,45,313,0
2022-02-11,Siskiyou,093,43540,4294,4231,2633,6864,68
2022-02-11,Solano,095,438530,78940,77865,5373,83238,424
2022-02-11,Sonoma,097,501317,80942,79533,2425,81958,431
2022-02-11,Stanislaus,099,539301,114934,114531,16850,131381,1406
2022-02-11,Sutter,101,95872,20033,19800,2002,21802,211
2022-02-11,Tehama,103,63373,11747,11580,2591,14171,151
2022-02-11,Trinity,105,12862,1144,1115,280,1395,20
2022-02-11,Tulare,107,460477,103992,100434,27607,128041,1273
2022-02-11,Tuolumne,109,53932,12274,11754,532,12286,125
2022-02-11,Ventura,111,848112,169888,168736,9100,177836,1340
2022-02-11,Yolo,113,214977,35625,34773,3029,37802,286
2022-02-11,Yuba,115,75493,15392,15242,1148,16390,107
2022-02-10,Alameda,001,1643700,247318,242137,13315,255452,1668
2022-02-10,Alpine,003,1148,121,124,1,125,0
2022-02-10,Amador,005,37829,8200,8091,620,8711,76
2022-02-10,Butte,007,227075,32011,31601,6397,37998,360
2022-02-10,Calaveras,009,45235,7082,7022,330,7352,106
2022-02-10,Colusa,011,21464,3371,3345,1052,4397,21
2022-02-10,Contra Costa,013,1133247,182863,180270,12616,192886,1141
2022-02-10,Del Norte,015,27424,5368,5262,166,5428,45
2022-02-10,El Dorado,017,186661,26085,25692,3114,28806,188
2022-02-10,Fresno,019,978130,224163,219909,22697,242606,2509
2022-02-10,Glenn,021,27897,4871,4818,1540,6358,39
2022-02-10,Humboldt,023,135768,16181,16058,2765,18823,132
2022-02-10,Imperial,025,180216,54162,53304,10863,64167,860
2022-02-10,Inyo,027,18085,4010,3991,447,4438,52
2022-02-10,Kern,029,883053,187658,184639,44978,229617,2037
2022-02-10,Kings,031,150075,49953,48893,3490,52383,415
2022-02-10,Lake,033,64148,10101,9926,841,10767,123
2022-02-10,Lassen,035,31185,8580,8477,863,9340,55
2022-02-10,Los Angeles,037,10098052,2659004,2616426,122217,2738643,29364
2022-02-10,Madera,039,155013,36222,35710,5808,41518,330
2022-02-10,Marin,041,260295,32292,32048,2135,34183,255
2022-02-10,Mariposa,043,17540,2295,2286,188,2474,6
2022-02-10,Mendocino,045,87422,12619,12439,2805,15244,107
2022-02-10,Merced,047,269075,60553,60187,8190,68377,758
2022-02-10,Modoc,049,8938,711,697,233,930,6
2022-02-10,Mono,051,14174,2941,2939,118,3057,5
2022-02-10,Monterey,053,433212,76884,74842,12765,87607,672
2022-02-10,Napa,055,140530,24719,24530,916,25446,124
2022-02-10,Nevada,057,99092,15537,15499,1142,16641,119
2022-02-10,Orange,059,3164182,536402,534503,40305,574808,6305
2022-02-10,Placer,061,380077,61284,60636,7208,67844,554
2022-02-10,Plumas,063,18699,2843,2617,326,2943,13
2022-02-10,Riverside,065,2383286,581419,575566,27322,602888,5961
2022-02-10,Sacramento,067,1510023,272782,266347,26180,292527,2686
2022-02-10,San Benito,069,59416,12579,12526,502,13028,91
2022-02-10,San Bernardino,071,2135413,557789,548822,24343,573165,6360
2022-02-10,San Diego,073,3302833,734044,720287,50188,770475,4854
2022-02-10,San Francisco,075,870044,119450,119113,7999,127112,740
2022-02-10,San Joaquin,077,732212,162271,161234,9121,170355,2014
2022-02-10,San Luis Obispo,079,281455,50648,50064,3592,53656,416
2022-02-10,San Mateo,081,765935,117720,115235,6699,121934,589
2022-02-10,Santa Barbara,083,443738,83414,83390,4688,88078,631
2022-02-10,Santa Clara,085,1922200,301035,298176,11925,310101,2093
2022-02-10,Santa Cruz,087,273765,44938,44447,2068,46515,239
2022-02-10,Shasta,089,179085,29603,29370,5925,35295,473
2022-02-10,Sierra,091,2930,271,268,45,313,0
2022-02-10,Siskiyou,093,43540,4289,4231,2620,6851,68
2022-02-10,Solano,095,438530,78749,77865,5356,83221,424
2022-02-10,Sonoma,097,501317,80807,79533,2409,81942,431
2022-02-10,Stanislaus,099,539301,114755,114531,16806,131337,1406
2022-02-10,Sutter,101,95872,19994,19800,1987,21787,211
2022-02-10,Tehama,103,63373,11714,11580,2588,14168,151
2022-02-10,Trinity,105,12862,1141,1115,279,1394,20
2022-02-10,Tulare,107,460477,103787,100434,27525,127959,1273
2022-02-10,Tuolumne,109,53932,12252,11754,527,12281,125
2022-02-10,Ventura,111,848112,169608,168736,9086,177822,1340
2022-02-10,Yolo,113,214977,35546,34773,3023,37796,286
2022-02-10,Yuba,115,75493,15362,15242,1142,16384,107
2022-02-09,Alameda,001,1643700,246788,241141,13257,254398,1668
2022-02-09,Alpine,003,1148,120,124,1,125,0
2022-02-09,Amador,005,37829,8186,8069,615,8684,76
2022-02-09,Butte,007,227075,31919,31433,6381,37814,359
2022-02-09,Calaveras,009,45235,7064,7005,326,7331,106
2022-02-09,Colusa,011,21464,3368,3331,1051,4382,21
2022-02-09,Contra Costa,013,1133247,182506,179695,12569,192264,1132
2022-02-09,Del Norte,015,27424,5321,5204,165,5369,45
2022-02-09,El Dorado,017,186661,26049,25572,3103,28675,186
2022-02-09,Fresno,019,978130,223551,218989,22615,241604,2502
2022-02-09,Glenn,021,27897,4860,4804,1539,6343,39
2022-02-09,Humboldt,023,135768,16134,15929,2740,18669,131
2022-02-09,Imperial,025,180216,54060,53102,10789,63891,858
2022-02-09,Inyo,027,18085,4004,3989,446,4435,52
2022-02-09,Kern,029,883053,187282,184068,44863,228931,2021
2022-02-09,Kings,031,150075,49841,48718,3484,52202,410
2022-02-09,Lake,033,64148,10061,9880,836,10716,124
2022-02-09,Lassen,035,31185,8552,8459,862,9321,55
2022-02-09,Los Angeles,037,10098052,2655333,2611611,122081,2733692,29263
2022-02-09,Madera,039,155013,36122,35559,5778,41337,330
2022-02-09,Marin,041,260295,32242,31965,2128,34093,255
2022-02-09,Mariposa,043,17540,2292,2279,188,2467,6
2022-02-09,Mendocino,045,87422,12585,12378,2776,15154,107
2022-02-09,Merced,047,269075,60424,59952,8138,68090,755
2022-02-09,Modoc,049,8938,707,691,232,923,6
2022-02-09,Mono,051,14174,2939,2937,118,3055,5
2022-02-09,Monterey,053,433212,76683,74500,12674,87174,670
2022-02-09,Napa,055,140530,24674,24429,911,25340,123
2022-02-09,Nevada,057,99092,15517,15446,1140,16586,119
2022-02-09,Orange,059,3164182,535769,534316,40225,574541,6263
2022-02-09,Placer,061,380077,61187,60490,7188,67678,553
2022-02-09,Plumas,063,18699,2838,2609,322,2931,13
2022-02-09,Riverside,065,2383286,580681,573907,27275,601182,5911
2022-02-09,Sacramento,067,1510023,272211,265624,26053,291677,2673
2022-02-09,San Benito,069,59416,12553,12492,502,12994,91
2022-02-09,San Bernardino,071,2135413,557178,547768,24313,572081,6349
2022-02-09,San Diego,073,3302833,732674,717896,50080,767976,4832
2022-02-09,San Francisco,075,870044,119200,118550,7988,126538,731
2022-02-09,San Joaquin,077,732212,161968,160618,9111,169729,2014
2022-02-09,San Luis Obispo,079,281455,50505,49833,3587,53420,414
2022-02-09,San Mateo,081,765935,117531,114890,6658,121548,589
2022-02-09,Santa Barbara,083,443738,83235,82830,4682,87512,629
2022-02-09,Santa Clara,085,1922200,300307,297157,11867,309024,2090
2022-02-09,Santa Cruz,087,273765,44755,44200,2061,46261,239
2022-02-09,Shasta,089,179085,29533,29215,5904,35119,471
2022-02-09,Sierra,091,2930,270,268,44,312,0
2022-02-09,Siskiyou,093,43540,4275,4217,2613,6830,68
2022-02-09,Solano,095,438530,78559,77299,5344,82643,423
2022-02-09,Sonoma,097,501317,80634,79165,2402,81567,431
2022-02-09,Stanislaus,099,539301,114507,114039,16555,130594,1406
2022-02-09,Sutter,101,95872,19952,19758,1974,21732,207
2022-02-09,Tehama,103,63373,11689,11542,2584,14126,149
2022-02-09,Trinity,105,12862,1137,1110,278,1388,20
2022-02-09,Tulare,107,460477,103574,100049,27425,127474,1271
2022-02-09,Tuolumne,109,53932,12215,11702,524,12226,95
2022-02-09,Ventura,111,848112,169372,168253,9074,177327,1325
2022-02-09,Yolo,113,214977,35476,34588,3008,37596,285
2022-02-09,Yuba,115,75493,15332,15187,1130,16317,105
2022-02-08,Alameda,001,1643700,246156,240587,13183,253770,1651
2022-02-08,Alpine,003,1148,120,124,1,125,0
2022-02-08,Amador,005,37829,8178,8050,608,8658,76
2022-02-08,Butte,007,227075,31835,31353,6358,37711,359
2022-02-08,Calaveras,009,45235,7048,6981,324,7305,101
2022-02-08,Colusa,011,21464,3359,3320,1050,4370,21
2022-02-08,Contra Costa,013,1133247,182078,179078,12491,191569,1132
2022-02-08,Del Norte,015,27424,5295,5156,160,5316,44
2022-02-08,El Dorado,017,186661,26002,25446,3093,28539,186
2022-02-08,Fresno,019,978130,222817,218416,22508,240924,2502
2022-02-08,Glenn,021,27897,4843,4784,1535,6319,39
2022-02-08,Humboldt,023,135768,16074,15865,2707,18572,130
2022-02-08,Imperial,025,180216,53930,52977,10741,63718,855
2022-02-08,Inyo,027,18085,3999,3983,446,4429,52
2022-02-08,Kern,029,883053,186954,183519,44729,228248,2010
2022-02-08,Kings,031,150075,49691,48479,3472,51951,411
2022-02-08,Lake,033,64148,10031,9806,830,10636,125
2022-02-08,Lassen,035,31185,8543,8423,858,9281,55
2022-02-08,Los Angeles,037,10098052,2651037,2611204,121890,2733094,29259
2022-02-08,Madera,039,155013,36015,35381,5721,41102,330
2022-02-08,Marin,041,260295,32167,31878,2123,34001,255
2022-02-08,Mariposa,043,17540,2290,2266,180,2446,6
2022-02-08,Mendocino,045,87422,12552,12336,2745,15081,107
2022-02-08,Merced,047,269075,60316,59789,8079,67868,751
2022-02-08,Modoc,049,8938,703,684,232,916,6
2022-02-08,Mono,051,14174,2938,2932,118,3050,5
2022-02-08,Monterey,053,433212,76476,74316,12583,86899,670
2022-02-08,Napa,055,140530,24600,24346,904,25250,121
2022-02-08,Nevada,057,99092,15490,15383,1137,16520,117
2022-02-08,Orange,059,3164182,535084,533507,40138,573645,6205
2022-02-08,Placer,061,380077,61079,60301,7175,67476,553
2022-02-08,Plumas,063,18699,2827,2596,316,2912,13
2022-02-08,Riverside,065,2383286,579857,571892,27199,599091,5908
2022-02-08,Sacramento,067,1510023,271559,264479,25876,290355,2664
2022-02-08,San Benito,069,59416,12529,12434,500,12934,91
2022-02-08,San Bernardino,071,2135413,556488,544658,24268,568926,6335
2022-02-08,San Diego,073,3302833,731078,717896,49950,767846,4832
2022-02-08,San Francisco,075,870044,118888,117942,7979,125921,731
2022-02-08,San Joaquin,077,732212,161592,160147,9092,169239,2005
2022-02-08,San Luis Obispo,079,281455,50340,49556,3555,53111,410
2022-02-08,San Mateo,081,765935,117310,114541,6628,121169,589
2022-02-08,Santa Barbara,083,443738,83068,82461,4656,87117,627
2022-02-08,Santa Clara,085,1922200,299428,295679,11818,307497,2091
2022-02-08,Santa Cruz,087,273765,44603,43884,2056,45940,239
2022-02-08,Shasta,089,179085,29447,29084,5875,34959,470
2022-02-08,Sierra,091,2930,270,267,44,311,0
2022-02-08,Siskiyou,093,43540,4265,4191,2603,6794,68
2022-02-08,Solano,095,438530,78328,77031,5330,82361,421
2022-02-08,Sonoma,097,501317,80417,78798,2380,81178,431
2022-02-08,Stanislaus,099,539301,114254,113733,16479,130212,1406
2022-02-08,Sutter,101,95872,19913,19717,1962,21679,203
2022-02-08,Tehama,103,63373,11665,11491,2575,14066,149
2022-02-08,Trinity,105,12862,1131,1110,278,1388,20
2022-02-08,Tulare,107,460477,103290,99694,27289,126983,1267
2022-02-08,Tuolumne,109,53932,12192,11665,522,12187,92
2022-02-08,Ventura,111,848112,169138,167830,9058,176888,1325
2022-02-08,Yolo,113,214977,35398,34462,2995,37457,281
2022-02-08,Yuba,115,75493,15287,15126,1108,16234,107
2022-02-07,Alameda,001,1643700,245451,238678,13115,251793,1643
2022-02-07,Alpine,003,1148,120,124,1,125,0
2022-02-07,Amador,005,37829,8150,7980,600,8580,75
2022-02-07,Butte,007,227075,31749,31184,6332,37516,355
2022-02-07,Calaveras,009,45235,7026,6910,323,7233,100
2022-02-07,Colusa,011,21464,3349,3283,1044,4327,21
2022-02-07,Contra Costa,013,1133247,181618,177767,12422,190189,1130
2022-02-07,Del Norte,015,27424,5256,5093,155,5248,44
2022-02-07,El Dorado,017,186661,25940,25257,3081,28338,185
2022-02-07,Fresno,019,978130,221968,216495,22375,238870,2493
2022-02-07,Glenn,021,27897,4837,4762,1531,6293,39
2022-02-07,Humboldt,023,135768,16000,15764,2682,18446,129
2022-02-07,Imperial,025,180216,53822,52689,10672,63361,853
2022-02-07,Inyo,027,18085,3994,3976,440,4416,51
2022-02-07,Kern,029,883053,186486,182047,44558,226605,1998
2022-02-07,Kings,031,150075,49510,48147,3456,51603,403
2022-02-07,Lake,033,64148,9985,9519,822,10341,125
2022-02-07,Lassen,035,31185,8524,8362,852,9214,55
2022-02-07,Los Angeles,037,10098052,2646613,2607438,121680,2729118,29210
2022-02-07,Madera,039,155013,35889,35083,5672,40755,330
2022-02-07,Marin,041,260295,32101,31670,2112,33782,255
2022-02-07,Mariposa,043,17540,2285,2253,176,2429,6
2022-02-07,Mendocino,045,87422,12494,12237,2707,14944,107
2022-02-07,Merced,047,269075,60190,59472,7987,67459,748
2022-02-07,Modoc,049,8938,699,679,232,911,6
2022-02-07,Mono,051,14174,2936,2917,118,3035,5
2022-02-07,Monterey,053,433212,76225,69433,12476,81909,670
2022-02-07,Napa,055,140530,24514,23237,894,24131,120
2022-02-07,Nevada,057,99092,15456,15268,1131,16399,113
2022-02-07,Orange,059,3164182,534324,531442,40055,571497,6179
2022-02-07,Placer,061,380077,60955,59894,7160,67054,546
2022-02-07,Plumas,063,18699,2817,2573,308,2881,13
2022-02-07,Riverside,065,2383286,578921,568874,27111,595985,5868
2022-02-07,Sacramento,067,1510023,270901,262834,25694,288528,2631
2022-02-07,San Benito,069,59416,12492,12285,498,12783,90
2022-02-07,San Bernardino,071,2135413,555699,542846,24229,567075,6335
2022-02-07,San Diego,073,3302833,729332,716244,49766,766010,4811
2022-02-07,San Francisco,075,870044,118551,113945,7954,121899,727
2022-02-07,San Joaquin,077,732212,161212,159358,9073,168431,1998
2022-02-07,San Luis Obispo,079,281455,50175,48994,3534,52528,406
2022-02-07,San Mateo,081,765935,117025,107060,6599,113659,589
2022-02-07,Santa Barbara,083,443738,82881,81608,4641,86249,624
2022-02-07,Santa Clara,085,1922200,298469,293360,11770,305130,2085
2022-02-07,Santa Cruz,087,273765,44388,43244,2052,45296,239
2022-02-07,Shasta,089,179085,29359,28900,5848,34748,468
2022-02-07,Sierra,091,2930,270,265,44,309,0
2022-02-07,Siskiyou,093,43540,4254,4157,2587,6744,68
2022-02-07,Solano,095,438530,78071,73934,5304,79238,420
2022-02-07,Sonoma,097,501317,80158,78296,2369,80665,431
2022-02-07,Stanislaus,099,539301,113994,113029,16327,129356,1406
2022-02-07,Sutter,101,95872,19881,19599,1934,21533,203
2022-02-07,Tehama,103,63373,11627,11418,2567,13985,146
2022-02-07,Trinity,105,12862,1127,1109,275,1384,20
2022-02-07,Tulare,107,460477,102931,98774,27142,125916,1263
2022-02-07,Tuolumne,109,53932,12144,11578,518,12096,92
2022-02-07,Ventura,111,848112,168821,166904,9045,175949,1324
2022-02-07,Yolo,113,214977,35292,34007,2980,36987,281
2022-02-07,Yuba,115,75493,15241,14998,1101,16099,105
2022-02-06,Alameda,001,1643700,244550,237188,13032,250220,1643
2022-02-06,Alpine,003,1148,120,123,1,124,0
2022-02-06,Amador,005,37829,8121,7922,588,8510,73
2022-02-06,Butte,007,227075,31622,31021,6286,37307,355
2022-02-06,Calaveras,009,45235,6999,6870,318,7188,99
2022-02-06,Colusa,011,21464,3340,3282,1043,4325,21
2022-02-06,Contra Costa,013,1133247,180991,176863,12265,189128,1128
2022-02-06,Del Norte,015,27424,5200,5038,153,5191,44
2022-02-06,El Dorado,017,186661,25878,25165,3069,28234,185
2022-02-06,Fresno,019,978130,221126,214726,22117,236843,2489
2022-02-06,Glenn,021,27897,4824,4738,1521,6259,39
2022-02-06,Humboldt,023,135768,15913,15658,2642,18300,128
2022-02-06,Imperial,025,180216,53631,52396,10620,63016,853
2022-02-06,Inyo,027,18085,3992,3970,437,4407,51
2022-02-06,Kern,029,883053,185938,181188,44316,225504,1996
2022-02-06,Kings,031,150075,49288,47669,3430,51099,401
2022-02-06,Lake,033,64148,9917,9468,804,10272,125
2022-02-06,Lassen,035,31185,8505,8326,847,9173,55
2022-02-06,Los Angeles,037,10098052,2641105,2602620,121413,2724033,29180
2022-02-06,Madera,039,155013,35704,34901,5571,40472,330
2022-02-06,Marin,041,260295,32004,31488,2099,33587,255
2022-02-06,Mariposa,043,17540,2277,2244,165,2409,6
2022-02-06,Mendocino,045,87422,12451,12169,2637,14806,107
2022-02-06,Merced,047,269075,59971,59112,7825,66937,748
2022-02-06,Modoc,049,8938,694,675,231,906,6
2022-02-06,Mono,051,14174,2931,2901,116,3017,5
2022-02-06,Monterey,053,433212,75860,67912,12313,80225,670
2022-02-06,Napa,055,140530,24395,23230,886,24116,120
2022-02-06,Nevada,057,99092,15391,15192,1118,16310,113
2022-02-06,Orange,059,3164182,533376,527906,39952,567858,6171
2022-02-06,Placer,061,380077,60779,59507,7134,66641,544
2022-02-06,Plumas,063,18699,2803,2559,299,2858,13
2022-02-06,Riverside,065,2383286,577787,568276,27032,595308,5865
2022-02-06,Sacramento,067,1510023,270064,261353,25433,286786,2631
2022-02-06,San Benito,069,59416,12437,12186,490,12676,90
2022-02-06,San Bernardino,071,2135413,554738,541103,24159,565262,6334
2022-02-06,San Diego,073,3302833,727249,709938,49529,759467,4786
2022-02-06,San Francisco,075,870044,118169,113115,7927,121042,728
2022-02-06,San Joaquin,077,732212,160652,158510,9043,167553,1997
2022-02-06,San Luis Obispo,079,281455,49952,48843,3477,52320,405
2022-02-06,San Mateo,081,765935,116686,105556,6559,112115,587
2022-02-06,Santa Barbara,083,443738,82564,81118,4602,85720,623
2022-02-06,Santa Clara,085,1922200,297341,291732,11648,303380,2075
2022-02-06,Santa Cruz,087,273765,44074,42952,2037,44989,239
2022-02-06,Shasta,089,179085,29231,28762,5798,34560,468
2022-02-06,Sierra,091,2930,270,265,44,309,0
2022-02-06,Siskiyou,093,43540,4233,4118,2561,6679,68
2022-02-06,Solano,095,438530,77773,73475,5264,78739,419
2022-02-06,Sonoma,097,501317,79822,77887,2354,80241,431
2022-02-06,Stanislaus,099,539301,113597,112521,16183,128704,1406
2022-02-06,Sutter,101,95872,19837,19523,1891,21414,203
2022-02-06,Tehama,103,63373,11587,11366,2547,13913,146
2022-02-06,Trinity,105,12862,1126,1102,274,1376,20
2022-02-06,Tulare,107,460477,102487,98260,26939,125199,1262
2022-02-06,Tuolumne,109,53932,12094,11507,501,12008,92
2022-02-06,Ventura,111,848112,168445,166235,9034,175269,1323
2022-02-06,Yolo,113,214977,35156,33784,2964,36748,281
2022-02-06,Yuba,115,75493,15194,14917,1092,16009,104
2022-02-05,Alameda,001,1643700,244139,235698,13023,248721,1638
2022-02-05,Alpine,003,1148,120,124,1,125,0
2022-02-05,Amador,005,37829,8112,7855,585,8440,71
2022-02-05,Butte,007,227075,31569,30733,6272,37005,355
2022-02-05,Calaveras,009,45235,6983,6789,318,7107,99
2022-02-05,Colusa,011,21464,3333,3234,1041,4275,21
2022-02-05,Contra Costa,013,1133247,180718,175871,12249,188120,1115
2022-02-05,Del Norte,015,27424,5160,4978,151,5129,44
2022-02-05,El Dorado,017,186661,25849,24813,3067,27880,185
2022-02-05,Fresno,019,978130,220783,213539,22102,235641,2477
2022-02-05,Glenn,021,27897,4822,4691,1514,6205,39
2022-02-05,Humboldt,023,135768,15866,15514,2638,18152,127
2022-02-05,Imperial,025,180216,53569,52153,10607,62760,853
2022-02-05,Inyo,027,18085,3989,3948,437,4385,51
2022-02-05,Kern,029,883053,185730,180296,44210,224506,1987
2022-02-05,Kings,031,150075,49204,47538,3423,50961,402
2022-02-05,Lake,033,64148,9898,9289,797,10086,124
2022-02-05,Lassen,035,31185,8494,8288,845,9133,55
2022-02-05,Los Angeles,037,10098052,2638934,2572702,121287,2693989,28947
2022-02-05,Madera,039,155013,35650,34471,5557,40028,329
2022-02-05,Marin,041,260295,31957,31299,2095,33394,255
2022-02-05,Mariposa,043,17540,2276,2222,164,2386,6
2022-02-05,Mendocino,045,87422,12423,12066,2635,14701,107
2022-02-05,Merced,047,269075,59878,58908,7817,66725,744
2022-02-05,Modoc,049,8938,693,664,231,895,6
2022-02-05,Mono,051,14174,2930,2904,116,3020,5
2022-02-05,Monterey,053,433212,75744,67342,12272,79614,666
2022-02-05,Napa,055,140530,24340,22973,885,23858,118
2022-02-05,Nevada,057,99092,15370,15002,1113,16115,113
2022-02-05,Orange,059,3164182,532934,527516,39861,567377,6134
2022-02-05,Placer,061,380077,60654,59043,7120,66163,533
2022-02-05,Plumas,063,18699,2802,2550,298,2848,13
2022-02-05,Riverside,065,2383286,577191,563991,26961,590952,5827
2022-02-05,Sacramento,067,1510023,269676,259437,25397,284834,2610
2022-02-05,San Benito,069,59416,12392,12142,490,12632,90
2022-02-05,San Bernardino,071,2135413,554234,539312,24137,563449,6322
2022-02-05,San Diego,073,3302833,726382,703957,49457,753414,4735
2022-02-05,San Francisco,075,870044,117959,112481,7898,120379,720
2022-02-05,San Joaquin,077,732212,160467,157420,9038,166458,1989
2022-02-05,San Luis Obispo,079,281455,49915,48361,3475,51836,404
2022-02-05,San Mateo,081,765935,116499,104810,6551,111361,587
2022-02-05,Santa Barbara,083,443738,82402,80478,4590,85068,617
2022-02-05,Santa Clara,085,1922200,296682,289262,11632,300894,2067
2022-02-05,Santa Cruz,087,273765,44001,42553,2034,44587,239
2022-02-05,Shasta,089,179085,29189,28604,5788,34392,466
2022-02-05,Sierra,091,2930,270,262,44,306,0
2022-02-05,Siskiyou,093,43540,4226,4106,2548,6654,67
2022-02-05,Solano,095,438530,77698,73112,5256,78368,415
2022-02-05,Sonoma,097,501317,79658,77213,2350,79563,431
2022-02-05,Stanislaus,099,539301,113395,111783,16163,127946,1406
2022-02-05,Sutter,101,95872,19808,19406,1885,21291,203
2022-02-05,Tehama,103,63373,11568,11259,2540,13799,146
2022-02-05,Trinity,105,12862,1124,1085,274,1359,20
2022-02-05,Tulare,107,460477,102322,97414,26857,124271,1254
2022-02-05,Tuolumne,109,53932,12069,11409,498,11907,91
2022-02-05,Ventura,111,848112,168221,165532,9018,174550,1308
2022-02-05,Yolo,113,214977,35074,33614,2951,36565,281
2022-02-05,Yuba,115,75493,15164,14801,1084,15885,105
2022-02-04,Alameda,001,1643700,243655,235698,13013,248711,1638
2022-02-04,Alpine,003,1148,120,124,1,125,0
2022-02-04,Amador,005,37829,8096,7855,581,8436,71
2022-02-04,Butte,007,227075,31509,30733,6262,36995,355
2022-02-04,Calaveras,009,45235,6973,6789,316,7105,99
2022-02-04,Colusa,011,21464,3328,3234,1039,4273,21
2022-02-04,Contra Costa,013,1133247,180390,175871,12220,188091,1115
2022-02-04,Del Norte,015,27424,5140,4978,151,5129,44
2022-02-04,El Dorado,017,186661,25813,24813,3062,27875,185
2022-02-04,Fresno,019,978130,220302,213539,22074,235613,2477
2022-02-04,Glenn,021,27897,4813,4691,1511,6202,39
2022-02-04,Humboldt,023,135768,15841,15514,2635,18149,127
2022-02-04,Imperial,025,180216,53495,52153,10590,62743,853
2022-02-04,Inyo,027,18085,3986,3948,436,4384,51
2022-02-04,Kern,029,883053,185506,180296,44082,224378,1987
2022-02-04,Kings,031,150075,49128,47538,3416,50954,402
2022-02-04,Lake,033,64148,9876,9289,794,10083,124
2022-02-04,Lassen,035,31185,8471,8288,845,9133,55
2022-02-04,Los Angeles,037,10098052,2636303,2572702,121158,2693860,28947
2022-02-04,Madera,039,155013,35566,34471,5549,40020,329
2022-02-04,Marin,041,260295,31892,31299,2086,33385,255
2022-02-04,Mariposa,043,17540,2274,2222,162,2384,6
2022-02-04,Mendocino,045,87422,12392,12066,2633,14699,107
2022-02-04,Merced,047,269075,59799,58908,7807,66715,744
2022-02-04,Modoc,049,8938,693,664,231,895,6
2022-02-04,Mono,051,14174,2928,2904,116,3020,5
2022-02-04,Monterey,053,433212,75553,67342,12231,79573,666
2022-02-04,Napa,055,140530,24293,22973,881,23854,118
2022-02-04,Nevada,057,99092,15336,15002,1109,16111,113
2022-02-04,Orange,059,3164182,532385,527516,39803,567319,6134
2022-02-04,Placer,061,380077,60552,59043,7109,66152,533
2022-02-04,Plumas,063,18699,2796,2550,297,2847,13
2022-02-04,Riverside,065,2383286,576485,563991,26948,590939,5827
2022-02-04,Sacramento,067,1510023,269207,259437,25374,284811,2610
2022-02-04,San Benito,069,59416,12373,12142,488,12630,90
2022-02-04,San Bernardino,071,2135413,553658,539312,24118,563430,6322
2022-02-04,San Diego,073,3302833,725243,703957,49385,753342,4735
2022-02-04,San Francisco,075,870044,117715,112481,7873,120354,720
2022-02-04,San Joaquin,077,732212,160238,157420,9029,166449,1989
2022-02-04,San Luis Obispo,079,281455,49854,48361,3468,51829,404
2022-02-04,San Mateo,081,765935,116271,104810,6537,111347,587
2022-02-04,Santa Barbara,083,443738,82252,80478,4589,85067,617
2022-02-04,Santa Clara,085,1922200,296007,289262,11611,300873,2067
2022-02-04,Santa Cruz,087,273765,43796,42553,2030,44583,239
2022-02-04,Shasta,089,179085,29140,28604,5777,34381,466
2022-02-04,Sierra,091,2930,270,262,44,306,0
2022-02-04,Siskiyou,093,43540,4218,4106,2541,6647,67
2022-02-04,Solano,095,438530,77506,73112,5220,78332,415
2022-02-04,Sonoma,097,501317,79504,77213,2269,79482,431
2022-02-04,Stanislaus,099,539301,113213,111783,16136,127919,1406
2022-02-04,Sutter,101,95872,19784,19406,1878,21284,203
2022-02-04,Tehama,103,63373,11554,11259,2539,13798,146
2022-02-04,Trinity,105,12862,1123,1085,273,1358,20
2022-02-04,Tulare,107,460477,102136,97414,26775,124189,1254
2022-02-04,Tuolumne,109,53932,12056,11409,497,11906,91
2022-02-04,Ventura,111,848112,167952,165532,9010,174542,1308
2022-02-04,Yolo,113,214977,34982,33614,2945,36559,281
2022-02-04,Yuba,115,75493,15146,14801,1084,15885,105
2022-02-03,Alameda,001,1643700,242885,235698,12951,248649,1638
2022-02-03,Alpine,003,1148,120,124,1,125,0
2022-02-03,Amador,005,37829,8076,7855,576,8431,71
2022-02-03,Butte,007,227075,31400,30733,6234,36967,355
2022-02-03,Calaveras,009,45235,6942,6789,312,7101,99
2022-02-03,Colusa,011,21464,3315,3234,1037,4271,21
2022-02-03,Contra Costa,013,1133247,179785,175871,12119,187990,1115
2022-02-03,Del Norte,015,27424,5099,4978,148,5126,44
2022-02-03,El Dorado,017,186661,25740,24813,3056,27869,185
2022-02-03,Fresno,019,978130,219364,213539,21906,235445,2477
2022-02-03,Glenn,021,27897,4796,4691,1493,6184,39
2022-02-03,Humboldt,023,135768,15764,15514,2599,18113,127
2022-02-03,Imperial,025,180216,53354,52153,10540,62693,853
2022-02-03,Inyo,027,18085,3983,3948,432,4380,51
2022-02-03,Kern,029,883053,185043,180296,43866,224162,1987
2022-02-03,Kings,031,150075,48968,47538,3408,50946,402
2022-02-03,Lake,033,64148,9823,9289,788,10077,124
2022-02-03,Lassen,035,31185,8444,8288,844,9132,55
2022-02-03,Los Angeles,037,10098052,2630882,2572702,120888,2693590,28947
2022-02-03,Madera,039,155013,35427,34471,5504,39975,329
2022-02-03,Marin,041,260295,31796,31299,2081,33380,255
2022-02-03,Mariposa,043,17540,2262,2222,159,2381,6
2022-02-03,Mendocino,045,87422,12348,12066,2609,14675,107
2022-02-03,Merced,047,269075,59650,58908,7711,66619,744
2022-02-03,Modoc,049,8938,690,664,231,895,6
2022-02-03,Mono,051,14174,2923,2904,115,3019,5
2022-02-03,Monterey,053,433212,75267,67342,12033,79375,666
2022-02-03,Napa,055,140530,24160,22973,881,23854,118
2022-02-03,Nevada,057,99092,15295,15002,1098,16100,113
2022-02-03,Orange,059,3164182,531461,527516,39710,567226,6134
2022-02-03,Placer,061,380077,60351,59043,7086,66129,533
2022-02-03,Plumas,063,18699,2782,2550,294,2844,13
2022-02-03,Riverside,065,2383286,575291,563991,26877,590868,5827
2022-02-03,Sacramento,067,1510023,268298,259437,25182,284619,2610
2022-02-03,San Benito,069,59416,12345,12142,485,12627,90
2022-02-03,San Bernardino,071,2135413,552643,539312,24080,563392,6322
2022-02-03,San Diego,073,3302833,723227,703957,49219,753176,4735
2022-02-03,San Francisco,075,870044,117381,112481,7842,120323,720
2022-02-03,San Joaquin,077,732212,159757,157420,9000,166420,1989
2022-02-03,San Luis Obispo,079,281455,49655,48361,3451,51812,404
2022-02-03,San Mateo,081,765935,115920,104810,6503,111313,587
2022-02-03,Santa Barbara,083,443738,81894,80478,4560,85038,617
2022-02-03,Santa Clara,085,1922200,294822,289262,11501,300763,2067
2022-02-03,Santa Cruz,087,273765,43455,42553,2023,44576,239
2022-02-03,Shasta,089,179085,29033,28604,5749,34353,466
2022-02-03,Sierra,091,2930,270,262,44,306,0
2022-02-03,Siskiyou,093,43540,4203,4106,2524,6630,67
2022-02-03,Solano,095,438530,77177,73112,5202,78314,415
2022-02-03,Sonoma,097,501317,79207,77213,2262,79475,431
2022-02-03,Stanislaus,099,539301,112845,111783,16053,127836,1406
2022-02-03,Sutter,101,95872,19732,19406,1859,21265,203
2022-02-03,Tehama,103,63373,11523,11259,2531,13790,146
2022-02-03,Trinity,105,12862,1121,1085,272,1357,20
2022-02-03,Tulare,107,460477,101723,97414,26627,124041,1254
2022-02-03,Tuolumne,109,53932,12015,11409,486,11895,91
2022-02-03,Ventura,111,848112,167567,165532,9000,174532,1308
2022-02-03,Yolo,113,214977,34877,33614,2932,36546,281
2022-02-03,Yuba,115,75493,15095,14801,1068,15869,105
2022-02-02,Alameda,001,1643700,241944,234300,12848,247148,1632
2022-02-02,Alpine,003,1148,120,123,1,124,0
2022-02-02,Amador,005,37829,8046,7781,566,8347,71
2022-02-02,Butte,007,227075,31291,30550,6203,36753,355
2022-02-02,Calaveras,009,45235,6913,6753,308,7061,99
2022-02-02,Colusa,011,21464,3300,3211,1036,4247,21
2022-02-02,Contra Costa,013,1133247,179183,174876,12021,186897,1113
2022-02-02,Del Norte,015,27424,5059,4924,143,5067,44
2022-02-02,El Dorado,017,186661,25672,24690,3037,27727,185
2022-02-02,Fresno,019,978130,218344,211976,21784,233760,2463
2022-02-02,Glenn,021,27897,4772,4667,1483,6150,39
2022-02-02,Humboldt,023,135768,15703,15392,2560,17952,127
2022-02-02,Imperial,025,180216,53159,51875,10408,62283,853
2022-02-02,Inyo,027,18085,3977,3944,431,4375,51
2022-02-02,Kern,029,883053,184446,179386,43646,223032,1974
2022-02-02,Kings,031,150075,48778,47061,3382,50443,401
2022-02-02,Lake,033,64148,9764,9235,781,10016,120
2022-02-02,Lassen,035,31185,8426,8258,835,9093,55
2022-02-02,Los Angeles,037,10098052,2624672,2561902,120498,2682400,28850
2022-02-02,Madera,039,155013,35256,34265,5430,39695,329
2022-02-02,Marin,041,260295,31698,31149,2071,33220,255
2022-02-02,Mariposa,043,17540,2251,2215,155,2370,6
2022-02-02,Mendocino,045,87422,12295,11996,2570,14566,105
2022-02-02,Merced,047,269075,59476,58532,7625,66157,744
2022-02-02,Modoc,049,8938,684,662,231,893,6
2022-02-02,Mono,051,14174,2912,2887,115,3002,5
2022-02-02,Monterey,053,433212,74875,66852,11849,78701,666
2022-02-02,Napa,055,140530,24039,22859,867,23726,117
2022-02-02,Nevada,057,99092,15238,14895,1074,15969,112
2022-02-02,Orange,059,3164182,530405,524418,39617,564035,6127
2022-02-02,Placer,061,380077,60158,58654,7055,65709,533
2022-02-02,Plumas,063,18699,2766,2540,290,2830,12
2022-02-02,Riverside,065,2383286,574008,561220,26829,588049,5827
2022-02-02,Sacramento,067,1510023,267297,258078,24972,283050,2602
2022-02-02,San Benito,069,59416,12304,12058,481,12539,90
2022-02-02,San Bernardino,071,2135413,551633,537485,24016,561501,6317
2022-02-02,San Diego,073,3302833,720984,703957,49039,752996,4735
2022-02-02,San Francisco,075,870044,117010,112008,7826,119834,714
2022-02-02,San Joaquin,077,732212,159182,156537,8976,165513,1986
2022-02-02,San Luis Obispo,079,281455,49456,48119,3438,51557,403
2022-02-02,San Mateo,081,765935,115549,104201,6435,110636,587
2022-02-02,Santa Barbara,083,443738,81550,79979,4529,84508,612
2022-02-02,Santa Clara,085,1922200,293667,287443,11385,298828,2051
2022-02-02,Santa Cruz,087,273765,43178,42127,2013,44140,239
2022-02-02,Shasta,089,179085,28933,28429,5704,34133,465
2022-02-02,Sierra,091,2930,270,262,44,306,0
2022-02-02,Siskiyou,093,43540,4193,4078,2497,6575,67
2022-02-02,Solano,095,438530,76823,72711,5179,77890,414
2022-02-02,Sonoma,097,501317,78896,76681,2249,78930,431
2022-02-02,Stanislaus,099,539301,112448,111167,15920,127087,1403
2022-02-02,Sutter,101,95872,19667,19290,1829,21119,203
2022-02-02,Tehama,103,63373,11468,11193,2512,13705,146
2022-02-02,Trinity,105,12862,1118,1074,270,1344,20
2022-02-02,Tulare,107,460477,101335,96820,26461,123281,1249
2022-02-02,Tuolumne,109,53932,11939,11342,483,11825,91
2022-02-02,Ventura,111,848112,167169,164905,8981,173886,1292
2022-02-02,Yolo,113,214977,34759,33332,2910,36242,281
2022-02-02,Yuba,115,75493,15030,14720,1060,15780,104
2022-02-01,Alameda,001,1643700,240870,233782,12742,246524,1620
2022-02-01,Alpine,003,1148,120,123,1,124,0
2022-02-01,Amador,005,37829,8000,7783,560,8343,73
2022-02-01,Butte,007,227075,31153,30496,6164,36660,355
2022-02-01,Calaveras,009,45235,6876,6749,304,7053,98
2022-02-01,Colusa,011,21464,3281,3202,1014,4216,21
2022-02-01,Contra Costa,013,1133247,178446,174379,11879,186258,1115
2022-02-01,Del Norte,015,27424,5012,4907,140,5047,44
2022-02-01,El Dorado,017,186661,25613,24664,3019,27683,184
2022-02-01,Fresno,019,978130,217179,211352,21635,232987,2464
2022-02-01,Glenn,021,27897,4758,4649,1473,6122,39
2022-02-01,Humboldt,023,135768,15622,15354,2530,17884,127
2022-02-01,Imperial,025,180216,52947,51675,10340,62015,846
2022-02-01,Inyo,027,18085,3967,3928,428,4356,51
2022-02-01,Kern,029,883053,183807,178987,43400,222387,1967
2022-02-01,Kings,031,150075,48521,46959,3358,50317,400
2022-02-01,Lake,033,64148,9707,9211,774,9985,119
2022-02-01,Lassen,035,31185,8407,8231,830,9061,55
2022-02-01,Los Angeles,037,10098052,2617513,2548794,120118,2668912,28752
2022-02-01,Madera,039,155013,35033,34124,5350,39474,329
2022-02-01,Marin,041,260295,31577,31099,2055,33154,255
2022-02-01,Mariposa,043,17540,2244,2210,154,2364,6
2022-02-01,Mendocino,045,87422,12233,11978,2533,14511,105
2022-02-01,Merced,047,269075,59291,58362,7500,65862,743
2022-02-01,Modoc,049,8938,677,664,231,895,6
2022-02-01,Mono,051,14174,2906,2888,115,3003,5
2022-02-01,Monterey,053,433212,74455,66553,11649,78202,665
2022-02-01,Napa,055,140530,23942,22795,850,23645,116
2022-02-01,Nevada,057,99092,15175,14863,1061,15924,112
2022-02-01,Orange,059,3164182,529256,523741,39474,563215,6108
2022-02-01,Placer,061,380077,59914,58486,7015,65501,532
2022-02-01,Plumas,063,18699,2751,2526,287,2813,12
2022-02-01,Riverside,065,2383286,572633,560010,26780,586790,5825
2022-02-01,Sacramento,067,1510023,266263,257504,24690,282194,2593
2022-02-01,San Benito,069,59416,12238,12053,478,12531,90
2022-02-01,San Bernardino,071,2135413,550380,536591,23953,560544,6311
2022-02-01,San Diego,073,3302833,718463,701009,48821,749830,4710
2022-02-01,San Francisco,075,870044,116544,111606,7807,119413,713
2022-02-01,San Joaquin,077,732212,158653,156300,8953,165253,1987
2022-02-01,San Luis Obispo,079,281455,49226,47842,3376,51218,403
2022-02-01,San Mateo,081,765935,115079,103868,6394,110262,589
2022-02-01,Santa Barbara,083,443738,81106,79659,4493,84152,608
2022-02-01,Santa Clara,085,1922200,292123,286109,11278,297387,2070
2022-02-01,Santa Cruz,087,273765,42885,41782,1997,43779,239
2022-02-01,Shasta,089,179085,28808,28382,5651,34033,465
2022-02-01,Sierra,091,2930,268,262,44,306,0
2022-02-01,Siskiyou,093,43540,4179,4072,2470,6542,66
2022-02-01,Solano,095,438530,76550,72494,5163,77657,415
2022-02-01,Sonoma,097,501317,78537,76379,2225,78604,431
2022-02-01,Stanislaus,099,539301,112033,110925,15818,126743,1403
2022-02-01,Sutter,101,95872,19599,19256,1795,21051,202
2022-02-01,Tehama,103,63373,11411,11165,2498,13663,146
2022-02-01,Trinity,105,12862,1114,1073,270,1343,19
2022-02-01,Tulare,107,460477,100858,96467,26253,122720,1247
2022-02-01,Tuolumne,109,53932,11890,11318,474,11792,91
2022-02-01,Ventura,111,848112,166666,164721,8958,173679,1293
2022-02-01,Yolo,113,214977,34623,33257,2881,36138,275
2022-02-01,Yuba,115,75493,14969,14693,1053,15746,103
2022-01-31,Alameda,001,1643700,239526,232743,12624,245367,1607
2022-01-31,Alpine,003,1148,119,123,1,124,0
2022-01-31,Amador,005,37829,7947,7682,543,8225,73
2022-01-31,Butte,007,227075,30989,30371,6125,36496,354
2022-01-31,Calaveras,009,45235,6844,6700,293,6993,96
2022-01-31,Colusa,011,21464,3270,3187,1005,4192,21
2022-01-31,Contra Costa,013,1133247,177638,173466,11751,185217,1115
2022-01-31,Del Norte,015,27424,4979,4879,136,5015,43
2022-01-31,El Dorado,017,186661,25511,24545,2989,27534,184
2022-01-31,Fresno,019,978130,215694,210589,21439,232028,2464
2022-01-31,Glenn,021,27897,4722,4641,1461,6102,39
2022-01-31,Humboldt,023,135768,15534,15308,2497,17805,126
2022-01-31,Imperial,025,180216,52733,51472,10219,61691,846
2022-01-31,Inyo,027,18085,3956,3922,422,4344,50
2022-01-31,Kern,029,883053,183029,178375,43073,221448,1967
2022-01-31,Kings,031,150075,48163,46845,3324,50169,398
2022-01-31,Lake,033,64148,9635,9141,762,9903,119
2022-01-31,Lassen,035,31185,8378,8162,824,8986,55
2022-01-31,Los Angeles,037,10098052,2609273,2541189,119706,2660895,28718
2022-01-31,Madera,039,155013,34822,33886,5257,39143,329
2022-01-31,Marin,041,260295,31454,31023,2038,33061,253
2022-01-31,Mariposa,043,17540,2234,2203,145,2348,6
2022-01-31,Mendocino,045,87422,12167,11896,2490,14386,104
2022-01-31,Merced,047,269075,59013,58198,7305,65503,740
2022-01-31,Modoc,049,8938,674,661,231,892,6
2022-01-31,Mono,051,14174,2892,2889,115,3004,5
2022-01-31,Monterey,053,433212,74004,66117,11428,77545,661
2022-01-31,Napa,055,140530,23776,22707,834,23541,113
2022-01-31,Nevada,057,99092,15098,14813,1048,15861,112
2022-01-31,Orange,059,3164182,527932,522358,39337,561695,6098
2022-01-31,Placer,061,380077,59667,58252,6983,65235,523
2022-01-31,Plumas,063,18699,2738,2513,285,2798,12
2022-01-31,Riverside,065,2383286,570821,558166,26713,584879,5785
2022-01-31,Sacramento,067,1510023,264990,256594,24422,281016,2571
2022-01-31,San Benito,069,59416,12179,11976,477,12453,90
2022-01-31,San Bernardino,071,2135413,548757,535276,23868,559144,6302
2022-01-31,San Diego,073,3302833,715542,698571,48562,747133,4686
2022-01-31,San Francisco,075,870044,116134,111119,7774,118893,712
2022-01-31,San Joaquin,077,732212,157900,155736,8919,164655,1985
2022-01-31,San Luis Obispo,079,281455,48973,47656,3317,50973,395
2022-01-31,San Mateo,081,765935,114565,103313,6334,109647,589
2022-01-31,Santa Barbara,083,443738,80599,79267,4451,83718,606
2022-01-31,Santa Clara,085,1922200,290430,284562,11170,295732,2041
2022-01-31,Santa Cruz,087,273765,42515,41630,1990,43620,239
2022-01-31,Shasta,089,179085,28679,28190,5610,33800,462
2022-01-31,Sierra,091,2930,268,261,44,305,0
2022-01-31,Siskiyou,093,43540,4163,4054,2454,6508,66
2022-01-31,Solano,095,438530,75844,72258,5117,77375,414
2022-01-31,Sonoma,097,501317,78080,76199,2195,78394,431
2022-01-31,Stanislaus,099,539301,111502,110493,15653,126146,1403
2022-01-31,Sutter,101,95872,19519,19189,1742,20931,202
2022-01-31,Tehama,103,63373,11349,11112,2468,13580,145
2022-01-31,Trinity,105,12862,1109,1071,267,1338,19
2022-01-31,Tulare,107,460477,100250,96053,26002,122055,1245
2022-01-31,Tuolumne,109,53932,11798,11278,467,11745,91
2022-01-31,Ventura,111,848112,166130,164060,8934,172994,1286
2022-01-31,Yolo,113,214977,34468,33175,2856,36031,274
2022-01-31,Yuba,115,75493,14907,14652,1033,15685,103
2022-01-30,Alameda,001,1643700,237993,231838,12472,244310,1607
2022-01-30,Alpine,003,1148,119,123,1,124,0
2022-01-30,Amador,005,37829,7896,7644,519,8163,73
2022-01-30,Butte,007,227075,30791,30255,6062,36317,354
2022-01-30,Calaveras,009,45235,6790,6676,279,6955,96
2022-01-30,Colusa,011,21464,3249,3168,993,4161,21
2022-01-30,Contra Costa,013,1133247,176668,172902,11547,184449,1102
2022-01-30,Del Norte,015,27424,4938,4833,133,4966,43
2022-01-30,El Dorado,017,186661,25391,24491,2962,27453,184
2022-01-30,Fresno,019,978130,214127,209645,21181,230826,2463
2022-01-30,Glenn,021,27897,4691,4619,1451,6070,39
2022-01-30,Humboldt,023,135768,15421,15247,2440,17687,126
2022-01-30,Imperial,025,180216,52424,51415,10037,61452,846
2022-01-30,Inyo,027,18085,3939,3921,419,4340,50
2022-01-30,Kern,029,883053,182171,177924,42749,220673,1967
2022-01-30,Kings,031,150075,47811,46654,3264,49918,398
2022-01-30,Lake,033,64148,9548,9080,741,9821,119
2022-01-30,Lassen,035,31185,8355,8158,816,8974,55
2022-01-30,Los Angeles,037,10098052,2599138,2530739,119226,2649965,28678
2022-01-30,Madera,039,155013,34526,33752,5063,38815,329
2022-01-30,Marin,041,260295,31307,30875,2024,32899,253
2022-01-30,Mariposa,043,17540,2222,2177,139,2316,6
2022-01-30,Mendocino,045,87422,12094,11860,2384,14244,104
2022-01-30,Merced,047,269075,58651,58006,7011,65017,740
2022-01-30,Modoc,049,8938,671,661,231,892,6
2022-01-30,Mono,051,14174,2886,2888,115,3003,5
2022-01-30,Monterey,053,433212,73417,65996,11145,77141,661
2022-01-30,Napa,055,140530,23608,22588,817,23405,114
2022-01-30,Nevada,057,99092,15010,14741,1032,15773,112
2022-01-30,Orange,059,3164182,526301,521334,39189,560523,6098
2022-01-30,Placer,061,380077,59332,58030,6942,64972,523
2022-01-30,Plumas,063,18699,2716,2510,271,2781,12
2022-01-30,Riverside,065,2383286,568772,557088,26611,583699,5767
2022-01-30,Sacramento,067,1510023,263556,255715,23919,279634,2572
2022-01-30,San Benito,069,59416,12114,11945,472,12417,90
2022-01-30,San Bernardino,071,2135413,547031,534050,23758,557808,6302
2022-01-30,San Diego,073,3302833,711948,687145,48140,735285,4665
2022-01-30,San Francisco,075,870044,115588,110772,7739,118511,712
2022-01-30,San Joaquin,077,732212,156921,155165,8884,164049,1985
2022-01-30,San Luis Obispo,079,281455,48575,47599,3280,50879,394
2022-01-30,San Mateo,081,765935,113992,102979,6287,109266,589
2022-01-30,Santa Barbara,083,443738,79921,79072,4390,83462,606
2022-01-30,Santa Clara,085,1922200,288442,282846,11038,293884,2035
2022-01-30,Santa Cruz,087,273765,42078,41330,1980,43310,239
2022-01-30,Shasta,089,179085,28516,28105,5524,33629,462
2022-01-30,Sierra,091,2930,268,261,44,305,0
2022-01-30,Siskiyou,093,43540,4133,4039,2407,6446,66
2022-01-30,Solano,095,438530,75320,71857,5070,76927,414
2022-01-30,Sonoma,097,501317,77564,75890,2170,78060,431
2022-01-30,Stanislaus,099,539301,110845,110111,15453,125564,1403
2022-01-30,Sutter,101,95872,19426,19108,1642,20750,202
2022-01-30,Tehama,103,63373,11276,11071,2438,13509,145
2022-01-30,Trinity,105,12862,1103,1068,267,1335,19
2022-01-30,Tulare,107,460477,99546,95676,25721,121397,1245
2022-01-30,Tuolumne,109,53932,11690,11242,430,11672,91
2022-01-30,Ventura,111,848112,165548,163521,8904,172425,1286
2022-01-30,Yolo,113,214977,34266,33043,2822,35865,274
2022-01-30,Yuba,115,75493,14817,14584,1013,15597,103
2022-01-29,Alameda,001,1643700,237318,225602,12455,238057,1605
2022-01-29,Alpine,003,1148,119,123,1,124,0
2022-01-29,Amador,005,37829,7874,7505,516,8021,73
2022-01-29,Butte,007,227075,30706,29557,6038,35595,353
2022-01-29,Calaveras,009,45235,6771,6484,279,6763,96
2022-01-29,Colusa,011,21464,3243,3107,989,4096,21
2022-01-29,Contra Costa,013,1133247,176143,168003,11518,179521,1101
2022-01-29,Del Norte,015,27424,4920,4589,130,4719,43
2022-01-29,El Dorado,017,186661,25348,24008,2955,26963,184
2022-01-29,Fresno,019,978130,213667,202691,21147,223838,2457
2022-01-29,Glenn,021,27897,4684,4516,1444,5960,39
2022-01-29,Humboldt,023,135768,15374,14812,2433,17245,126
2022-01-29,Imperial,025,180216,52310,50153,9981,60134,845
2022-01-29,Inyo,027,18085,3937,3895,411,4306,50
2022-01-29,Kern,029,883053,181831,174456,42582,217038,1962
2022-01-29,Kings,031,150075,47694,45047,3257,48304,397
2022-01-29,Lake,033,64148,9515,8747,737,9484,119
2022-01-29,Lassen,035,31185,8337,7961,813,8774,55
2022-01-29,Los Angeles,037,10098052,2595242,2473332,118956,2592288,28467
2022-01-29,Madera,039,155013,34416,32753,5039,37792,329
2022-01-29,Marin,041,260295,31241,30137,2022,32159,253
2022-01-29,Mariposa,043,17540,2220,2117,137,2254,6
2022-01-29,Mendocino,045,87422,12070,11591,2368,13959,104
2022-01-29,Merced,047,269075,58545,56472,7006,63478,735
2022-01-29,Modoc,049,8938,671,654,231,885,6
2022-01-29,Mono,051,14174,2884,2860,115,2975,5
2022-01-29,Monterey,053,433212,73263,64090,11081,75171,658
2022-01-29,Napa,055,140530,23551,22121,815,22936,113
2022-01-29,Nevada,057,99092,14976,14337,1029,15366,112
2022-01-29,Orange,059,3164182,525597,511255,39082,550337,6038
2022-01-29,Placer,061,380077,59138,56562,6926,63488,523
2022-01-29,Plumas,063,18699,2706,2463,267,2730,12
2022-01-29,Riverside,065,2383286,567753,548121,26569,574690,5726
2022-01-29,Sacramento,067,1510023,262916,249130,23864,272994,2558
2022-01-29,San Benito,069,59416,12057,11670,471,12141,90
2022-01-29,San Bernardino,071,2135413,546282,525249,23713,548962,6297
2022-01-29,San Diego,073,3302833,710615,683027,48044,731071,4643
2022-01-29,San Francisco,075,870044,115313,108265,7691,115956,712
2022-01-29,San Joaquin,077,732212,156676,150849,8870,159719,1971
2022-01-29,San Luis Obispo,079,281455,48486,46374,3276,49650,391
2022-01-29,San Mateo,081,765935,113654,100306,6264,106570,586
2022-01-29,Santa Barbara,083,443738,79699,76546,4383,80929,604
2022-01-29,Santa Clara,085,1922200,287492,273879,11010,284889,2019
2022-01-29,Santa Cruz,087,273765,41951,39228,1978,41206,240
2022-01-29,Shasta,089,179085,28459,27504,5510,33014,452
2022-01-29,Sierra,091,2930,268,260,43,303,0
2022-01-29,Siskiyou,093,43540,4123,3987,2400,6387,66
2022-01-29,Solano,095,438530,75177,69862,5058,74920,407
2022-01-29,Sonoma,097,501317,77350,73439,2165,75604,427
2022-01-29,Stanislaus,099,539301,110596,107668,15406,123074,1403
2022-01-29,Sutter,101,95872,19377,18797,1625,20422,202
2022-01-29,Tehama,103,63373,11242,10880,2429,13309,145
2022-01-29,Trinity,105,12862,1100,1033,266,1299,19
2022-01-29,Tulare,107,460477,99296,93154,25646,118800,1237
2022-01-29,Tuolumne,109,53932,11665,10806,422,11228,91
2022-01-29,Ventura,111,848112,165218,160466,8887,169353,1271
2022-01-29,Yolo,113,214977,34156,32123,2806,34929,275
2022-01-29,Yuba,115,75493,14776,14295,1011,15306,103
2022-01-28,Alameda,001,1643700,236375,225602,12437,238039,1605
2022-01-28,Alpine,003,1148,119,123,1,124,0
2022-01-28,Amador,005,37829,7848,7505,515,8020,73
2022-01-28,Butte,007,227075,30630,29557,6019,35576,353
2022-01-28,Calaveras,009,45235,6754,6484,278,6762,96
2022-01-28,Colusa,011,21464,3238,3107,987,4094,21
2022-01-28,Contra Costa,013,1133247,175612,168003,11480,179483,1101
2022-01-28,Del Norte,015,27424,4896,4589,129,4718,43
2022-01-28,El Dorado,017,186661,25304,24008,2948,26956,184
2022-01-28,Fresno,019,978130,212806,202691,21094,223785,2457
2022-01-28,Glenn,021,27897,4671,4516,1442,5958,39
2022-01-28,Humboldt,023,135768,15338,14812,2423,17235,126
2022-01-28,Imperial,025,180216,52180,50153,9949,60102,845
2022-01-28,Inyo,027,18085,3933,3895,408,4303,50
2022-01-28,Kern,029,883053,181420,174456,42423,216879,1962
2022-01-28,Kings,031,150075,47563,45047,3247,48294,397
2022-01-28,Lake,033,64148,9483,8747,735,9482,119
2022-01-28,Lassen,035,31185,8269,7961,811,8772,55
2022-01-28,Los Angeles,037,10098052,2589502,2473332,118741,2592073,28467
2022-01-28,Madera,039,155013,34287,32753,5022,37775,329
2022-01-28,Marin,041,260295,31149,30137,2000,32137,253
2022-01-28,Mariposa,043,17540,2210,2117,135,2252,6
2022-01-28,Mendocino,045,87422,12026,11591,2366,13957,104
2022-01-28,Merced,047,269075,58447,56472,6991,63463,735
2022-01-28,Modoc,049,8938,670,654,231,885,6
2022-01-28,Mono,051,14174,2879,2860,114,2974,5
2022-01-28,Monterey,053,433212,73060,64090,11033,75123,658
2022-01-28,Napa,055,140530,23474,22121,813,22934,113
2022-01-28,Nevada,057,99092,14939,14337,1027,15364,112
2022-01-28,Orange,059,3164182,524525,511255,38991,550246,6038
2022-01-28,Placer,061,380077,58933,56562,6903,63465,523
2022-01-28,Plumas,063,18699,2698,2463,265,2728,12
2022-01-28,Riverside,065,2383286,566429,548121,26528,574649,5726
2022-01-28,Sacramento,067,1510023,262158,249130,23809,272939,2558
2022-01-28,San Benito,069,59416,12035,11670,466,12136,90
2022-01-28,San Bernardino,071,2135413,545245,525249,23677,548926,6297
2022-01-28,San Diego,073,3302833,708784,683027,47969,730996,4643
2022-01-28,San Francisco,075,870044,114951,108265,7642,115907,712
2022-01-28,San Joaquin,077,732212,156387,150849,8860,159709,1971
2022-01-28,San Luis Obispo,079,281455,48402,46374,3268,49642,391
2022-01-28,San Mateo,081,765935,113302,100306,6242,106548,586
2022-01-28,Santa Barbara,083,443738,79451,76546,4381,80927,604
2022-01-28,Santa Clara,085,1922200,286284,273879,10961,284840,2019
2022-01-28,Santa Cruz,087,273765,41770,39228,1965,41193,240
2022-01-28,Shasta,089,179085,28402,27504,5496,33000,452
2022-01-28,Sierra,091,2930,268,260,43,303,0
2022-01-28,Siskiyou,093,43540,4113,3987,2396,6383,66
2022-01-28,Solano,095,438530,74625,69862,4991,74853,407
2022-01-28,Sonoma,097,501317,77147,73439,2157,75596,427
2022-01-28,Stanislaus,099,539301,110323,107668,15363,123031,1403
2022-01-28,Sutter,101,95872,19333,18797,1623,20420,202
2022-01-28,Tehama,103,63373,11210,10880,2422,13302,145
2022-01-28,Trinity,105,12862,1091,1033,266,1299,19
2022-01-28,Tulare,107,460477,99038,93154,25537,118691,1237
2022-01-28,Tuolumne,109,53932,11632,10806,418,11224,91
2022-01-28,Ventura,111,848112,164765,160466,8868,169334,1271
2022-01-28,Yolo,113,214977,34052,32123,2799,34922,275
2022-01-28,Yuba,115,75493,14736,14295,1006,15301,103
2022-01-27,Alameda,001,1643700,234798,225602,12301,237903,1605
2022-01-27,Alpine,003,1148,119,123,1,124,0
2022-01-27,Amador,005,37829,7801,7505,503,8008,73
2022-01-27,Butte,007,227075,30479,29557,5967,35524,353
2022-01-27,Calaveras,009,45235,6729,6484,262,6746,96
2022-01-27,Colusa,011,21464,3224,3107,983,4090,21
2022-01-27,Contra Costa,013,1133247,174598,168003,11302,179305,1101
2022-01-27,Del Norte,015,27424,4852,4589,125,4714,43
2022-01-27,El Dorado,017,186661,25193,24008,2929,26937,184
2022-01-27,Fresno,019,978130,211187,202691,20890,223581,2457
2022-01-27,Glenn,021,27897,4640,4516,1434,5950,39
2022-01-27,Humboldt,023,135768,15249,14812,2386,17198,126
2022-01-27,Imperial,025,180216,51921,50153,9836,59989,845
2022-01-27,Inyo,027,18085,3926,3895,398,4293,50
2022-01-27,Kern,029,883053,180643,174456,42057,216513,1962
2022-01-27,Kings,031,150075,47219,45047,3208,48255,397
2022-01-27,Lake,033,64148,9430,8747,718,9465,119
2022-01-27,Lassen,035,31185,8226,7961,805,8766,55
2022-01-27,Los Angeles,037,10098052,2578352,2473332,118224,2591556,28467
2022-01-27,Madera,039,155013,34075,32753,4915,37668,329
2022-01-27,Marin,041,260295,30987,30137,1985,32122,253
2022-01-27,Mariposa,043,17540,2187,2117,132,2249,6
2022-01-27,Mendocino,045,87422,11975,11591,2317,13908,104
2022-01-27,Merced,047,269075,58187,56472,6826,63298,735
2022-01-27,Modoc,049,8938,668,654,230,884,6
2022-01-27,Mono,051,14174,2874,2860,114,2974,5
2022-01-27,Monterey,053,433212,72438,64090,10782,74872,658
2022-01-27,Napa,055,140530,23315,22121,785,22906,113
2022-01-27,Nevada,057,99092,14866,14337,999,15336,112
2022-01-27,Orange,059,3164182,522804,511255,38855,550110,6038
2022-01-27,Placer,061,380077,58616,56562,6849,63411,523
2022-01-27,Plumas,063,18699,2688,2463,253,2716,12
2022-01-27,Riverside,065,2383286,564264,548121,26457,574578,5726
2022-01-27,Sacramento,067,1510023,260927,249130,23477,272607,2558
2022-01-27,San Benito,069,59416,11979,11670,461,12131,90
2022-01-27,San Bernardino,071,2135413,543367,525249,23577,548826,6297
2022-01-27,San Diego,073,3302833,705409,683027,47621,730648,4643
2022-01-27,San Francisco,075,870044,114447,108265,7581,115846,712
2022-01-27,San Joaquin,077,732212,155530,150849,8797,159646,1971
2022-01-27,San Luis Obispo,079,281455,48130,46374,3230,49604,391
2022-01-27,San Mateo,081,765935,112717,100306,6173,106479,586
2022-01-27,Santa Barbara,083,443738,78971,76546,4325,80871,604
2022-01-27,Santa Clara,085,1922200,284190,273879,10813,284692,2019
2022-01-27,Santa Cruz,087,273765,41121,39228,1944,41172,240
2022-01-27,Shasta,089,179085,28268,27504,5447,32951,452
2022-01-27,Sierra,091,2930,267,260,42,302,0
2022-01-27,Siskiyou,093,43540,4092,3987,2359,6346,66
2022-01-27,Solano,095,438530,73986,69862,4942,74804,407
2022-01-27,Sonoma,097,501317,76682,73439,2145,75584,427
2022-01-27,Stanislaus,099,539301,109796,107668,15220,122888,1403
2022-01-27,Sutter,101,95872,19227,18797,1597,20394,202
2022-01-27,Tehama,103,63373,11158,10880,2406,13286,145
2022-01-27,Trinity,105,12862,1087,1033,265,1298,19
2022-01-27,Tulare,107,460477,98410,93154,25263,118417,1237
2022-01-27,Tuolumne,109,53932,11580,10806,409,11215,91
2022-01-27,Ventura,111,848112,164114,160466,8836,169302,1271
2022-01-27,Yolo,113,214977,33910,32123,2782,34905,275
2022-01-27,Yuba,115,75493,14657,14295,990,15285,103
2022-01-26,Alameda,001,1643700,232917,222680,12128,234808,1596
2022-01-26,Alpine,003,1148,119,123,1,124,0
2022-01-26,Amador,005,37829,7726,7427,488,7915,73
2022-01-26,Butte,007,227075,30282,29229,5912,35141,353
2022-01-26,Calaveras,009,45235,6691,6387,255,6642,96
2022-01-26,Colusa,011,21464,3208,3094,977,4071,21
2022-01-26,Contra Costa,013,1133247,173460,165972,11138,177110,1095
2022-01-26,Del Norte,015,27424,4795,4542,124,4666,43
2022-01-26,El Dorado,017,186661,25071,23819,2906,26725,181
2022-01-26,Fresno,019,978130,209344,199689,20680,220369,2452
2022-01-26,Glenn,021,27897,4607,4472,1429,5901,39
2022-01-26,Humboldt,023,135768,15150,14715,2341,17056,126
2022-01-26,Imperial,025,180216,51568,49477,9683,59160,839
2022-01-26,Inyo,027,18085,3923,3889,367,4256,50
2022-01-26,Kern,029,883053,179728,173052,41713,214765,1953
2022-01-26,Kings,031,150075,46816,44367,3178,47545,396
2022-01-26,Lake,033,64148,9348,8645,708,9353,119
2022-01-26,Lassen,035,31185,8190,7888,805,8693,55
2022-01-26,Los Angeles,037,10098052,2566136,2450620,117773,2568393,28382
2022-01-26,Madera,039,155013,33835,32323,4789,37112,329
2022-01-26,Marin,041,260295,30804,29813,1967,31780,253
2022-01-26,Mariposa,043,17540,2170,2108,125,2233,6
2022-01-26,Mendocino,045,87422,11928,11453,2266,13719,103
2022-01-26,Merced,047,269075,57821,56060,6649,62709,733
2022-01-26,Modoc,049,8938,667,652,229,881,6
2022-01-26,Mono,051,14174,2871,2852,114,2966,4
2022-01-26,Monterey,053,433212,71882,63264,10486,73750,659
2022-01-26,Napa,055,140530,23159,21864,775,22639,112
2022-01-26,Nevada,057,99092,14773,14128,988,15116,112
2022-01-26,Orange,059,3164182,520816,506419,38691,545110,6007
2022-01-26,Placer,061,380077,58282,55892,6785,62677,524
2022-01-26,Plumas,063,18699,2661,2425,251,2676,12
2022-01-26,Riverside,065,2383286,561748,543788,26339,570127,5701
2022-01-26,Sacramento,067,1510023,259341,246416,23131,269547,2559
2022-01-26,San Benito,069,59416,11908,11563,449,12012,90
2022-01-26,San Bernardino,071,2135413,541161,521699,23467,545166,6291
2022-01-26,San Diego,073,3302833,701190,676392,47265,723657,4622
2022-01-26,San Francisco,075,870044,113809,107174,7546,114720,704
2022-01-26,San Joaquin,077,732212,154546,148770,8748,157518,1971
2022-01-26,San Luis Obispo,079,281455,47827,45716,3203,48919,391
2022-01-26,San Mateo,081,765935,112052,99016,6044,105060,586
2022-01-26,Santa Barbara,083,443738,78443,75548,4264,79812,600
2022-01-26,Santa Clara,085,1922200,282060,270470,10635,281105,2015
2022-01-26,Santa Cruz,087,273765,40628,38298,1929,40227,239
2022-01-26,Shasta,089,179085,28120,27255,5400,32655,452
2022-01-26,Sierra,091,2930,266,260,41,301,0
2022-01-26,Siskiyou,093,43540,4076,3971,2334,6305,66
2022-01-26,Solano,095,438530,73291,69150,4882,74032,401
2022-01-26,Sonoma,097,501317,76125,72509,2112,74621,423
2022-01-26,Stanislaus,099,539301,109239,106582,15004,121586,1396
2022-01-26,Sutter,101,95872,19116,18670,1551,20221,202
2022-01-26,Tehama,103,63373,11104,10749,2389,13138,145
2022-01-26,Trinity,105,12862,1082,1008,265,1273,19
2022-01-26,Tulare,107,460477,97630,91904,25014,116918,1234
2022-01-26,Tuolumne,109,53932,11397,10699,398,11097,91
2022-01-26,Ventura,111,848112,163402,159077,8796,167873,1263
2022-01-26,Yolo,113,214977,33694,31913,2746,34659,275
2022-01-26,Yuba,115,75493,14572,14171,968,15139,103
2022-01-25,Alameda,001,1643700,231029,219753,11946,231699,1589
2022-01-25,Alpine,003,1148,119,122,1,123,0
2022-01-25,Amador,005,37829,7649,7352,477,7829,73
2022-01-25,Butte,007,227075,30075,28887,5840,34727,351
2022-01-25,Calaveras,009,45235,6633,6266,241,6507,95
2022-01-25,Colusa,011,21464,3188,3074,975,4049,21
2022-01-25,Contra Costa,013,1133247,172141,163792,10924,174716,1092
2022-01-25,Del Norte,015,27424,4725,4514,118,4632,43
2022-01-25,El Dorado,017,186661,24935,23339,2880,26219,179
2022-01-25,Fresno,019,978130,207200,198262,20405,218667,2434
2022-01-25,Glenn,021,27897,4574,4418,1413,5831,39
2022-01-25,Humboldt,023,135768,15058,14574,2315,16889,126
2022-01-25,Imperial,025,180216,51111,48913,9451,58364,832
2022-01-25,Inyo,027,18085,3908,3857,322,4179,50
2022-01-25,Kern,029,883053,178720,171695,41251,212946,1947
2022-01-25,Kings,031,150075,46342,43853,3133,46986,396
2022-01-25,Lake,033,64148,9269,8543,696,9239,118
2022-01-25,Lassen,035,31185,8159,7834,794,8628,55
2022-01-25,Los Angeles,037,10098052,2551204,2433516,117134,2550650,28293
2022-01-25,Madera,039,155013,33511,31794,4649,36443,329
2022-01-25,Marin,041,260295,30625,29589,1954,31543,253
2022-01-25,Mariposa,043,17540,2158,2069,119,2188,6
2022-01-25,Mendocino,045,87422,11808,11280,2163,13443,103
2022-01-25,Merced,047,269075,57445,55555,6505,62060,733
2022-01-25,Modoc,049,8938,665,652,229,881,6
2022-01-25,Mono,051,14174,2861,2826,113,2939,4
2022-01-25,Monterey,053,433212,71309,62498,10077,72575,654
2022-01-25,Napa,055,140530,22964,21668,739,22407,111
2022-01-25,Nevada,057,99092,14658,13944,964,14908,112
2022-01-25,Orange,059,3164182,518534,504274,38499,542773,5980
2022-01-25,Placer,061,380077,57883,55465,6712,62177,518
2022-01-25,Plumas,063,18699,2636,2397,247,2644,12
2022-01-25,Riverside,065,2383286,558666,540723,26170,566893,5686
2022-01-25,Sacramento,067,1510023,257438,244468,22599,267067,2545
2022-01-25,San Benito,069,59416,11809,11446,445,11891,88
2022-01-25,San Bernardino,071,2135413,538614,519150,23351,542501,6288
2022-01-25,San Diego,073,3302833,696180,670110,46814,716924,4604
2022-01-25,San Francisco,075,870044,113044,106254,7502,113756,703
2022-01-25,San Joaquin,077,732212,153570,147271,8693,155964,1972
2022-01-25,San Luis Obispo,079,281455,47465,45130,3155,48285,391
2022-01-25,San Mateo,081,765935,111220,98010,5933,103943,586
2022-01-25,Santa Barbara,083,443738,77775,74686,4182,78868,594
2022-01-25,Santa Clara,085,1922200,279397,268031,10428,278459,2006
2022-01-25,Santa Cruz,087,273765,39983,37850,1914,39764,237
2022-01-25,Shasta,089,179085,27957,27090,5333,32423,452
2022-01-25,Sierra,091,2930,266,260,37,297,0
2022-01-25,Siskiyou,093,43540,4052,3958,2299,6257,65
2022-01-25,Solano,095,438530,72724,68657,4830,73487,399
2022-01-25,Sonoma,097,501317,75431,71633,2073,73706,423
2022-01-25,Stanislaus,099,539301,108573,105965,14779,120744,1396
2022-01-25,Sutter,101,95872,19014,18508,1509,20017,200
2022-01-25,Tehama,103,63373,11041,10669,2363,13032,145
2022-01-25,Trinity,105,12862,1075,999,263,1262,19
2022-01-25,Tulare,107,460477,96774,91237,24672,115909,1229
2022-01-25,Tuolumne,109,53932,11217,10516,374,10890,91
2022-01-25,Ventura,111,848112,162548,157971,8752,166723,1263
2022-01-25,Yolo,113,214977,33435,31677,2698,34375,274
2022-01-25,Yuba,115,75493,14488,14038,940,14978,103
2022-01-24,Alameda,001,1643700,228584,216252,11673,227925,1581
2022-01-24,Alpine,003,1148,119,120,1,121,0
2022-01-24,Amador,005,37829,7598,7166,439,7605,73
2022-01-24,Butte,007,227075,29843,28607,5776,34383,350
2022-01-24,Calaveras,009,45235,6585,6172,227,6399,95
2022-01-24,Colusa,011,21464,3169,3052,959,4011,21
2022-01-24,Contra Costa,013,1133247,170655,162161,10705,172866,1092
2022-01-24,Del Norte,015,27424,4665,4460,118,4578,43
2022-01-24,El Dorado,017,186661,24769,23128,2850,25978,179
2022-01-24,Fresno,019,978130,204892,196092,20109,216201,2430
2022-01-24,Glenn,021,27897,4532,4367,1403,5770,39
2022-01-24,Humboldt,023,135768,14946,14416,2269,16685,126
2022-01-24,Imperial,025,180216,50572,48228,9147,57375,824
2022-01-24,Inyo,027,18085,3902,3805,297,4102,50
2022-01-24,Kern,029,883053,177411,169892,40773,210665,1946
2022-01-24,Kings,031,150075,45764,43260,3060,46320,396
2022-01-24,Lake,033,64148,9160,8423,681,9104,118
2022-01-24,Lassen,035,31185,8075,7732,775,8507,55
2022-01-24,Los Angeles,037,10098052,2534696,2391045,116358,2507403,28230
2022-01-24,Madera,039,155013,33072,31339,4465,35804,329
2022-01-24,Marin,041,260295,30396,29301,1917,31218,253
2022-01-24,Mariposa,043,17540,2133,2033,115,2148,6
2022-01-24,Mendocino,045,87422,11704,11002,2082,13084,103
2022-01-24,Merced,047,269075,56953,54970,6222,61192,730
2022-01-24,Modoc,049,8938,662,648,228,876,6
2022-01-24,Mono,051,14174,2851,2802,112,2914,4
2022-01-24,Monterey,053,433212,70449,61975,9713,71688,654
2022-01-24,Napa,055,140530,22784,21494,726,22220,111
2022-01-24,Nevada,057,99092,14530,13774,941,14715,112
2022-01-24,Orange,059,3164182,515954,501634,38237,539871,5969
2022-01-24,Placer,061,380077,57403,54933,6661,61594,518
2022-01-24,Plumas,063,18699,2604,2370,233,2603,12
2022-01-24,Riverside,065,2383286,554949,535962,25961,561923,5661
2022-01-24,Sacramento,067,1510023,255110,241522,22032,263554,2526
2022-01-24,San Benito,069,59416,11713,11331,432,11763,88
2022-01-24,San Bernardino,071,2135413,535719,515604,23189,538793,6285
2022-01-24,San Diego,073,3302833,690497,663580,46268,709848,4586
2022-01-24,San Francisco,075,870044,112079,105418,7406,112824,703
2022-01-24,San Joaquin,077,732212,152280,145984,8639,154623,1959
2022-01-24,San Luis Obispo,079,281455,46992,44616,3100,47716,387
2022-01-24,San Mateo,081,765935,110254,96968,5815,102783,586
2022-01-24,Santa Barbara,083,443738,76964,73866,4087,77953,591
2022-01-24,Santa Clara,085,1922200,276461,265341,10218,275559,2006
2022-01-24,Santa Cruz,087,273765,39215,37188,1894,39082,237
2022-01-24,Shasta,089,179085,27769,26871,5244,32115,452
2022-01-24,Sierra,091,2930,266,258,37,295,0
2022-01-24,Siskiyou,093,43540,4042,3934,2260,6194,64
2022-01-24,Solano,095,438530,72041,68094,4751,72845,400
2022-01-24,Sonoma,097,501317,74515,70733,2047,72780,423
2022-01-24,Stanislaus,099,539301,107819,104933,14505,119438,1395
2022-01-24,Sutter,101,95872,18898,18336,1416,19752,200
2022-01-24,Tehama,103,63373,10970,10567,2343,12910,145
2022-01-24,Trinity,105,12862,1067,978,261,1239,19
2022-01-24,Tulare,107,460477,95700,90089,24273,114362,1219
2022-01-24,Tuolumne,109,53932,11097,10374,365,10739,91
2022-01-24,Ventura,111,848112,161524,156551,8707,165258,1261
2022-01-24,Yolo,113,214977,33144,31480,2663,34143,273
2022-01-24,Yuba,115,75493,14381,13862,899,14761,103
2022-01-23,Alameda,001,1643700,225909,214003,11332,225335,1583
2022-01-23,Alpine,003,1148,119,120,1,121,0
2022-01-23,Amador,005,37829,7543,7090,399,7489,73
2022-01-23,Butte,007,227075,29551,28340,5669,34009,350
2022-01-23,Calaveras,009,45235,6520,6095,204,6299,95
2022-01-23,Colusa,011,21464,3143,3040,952,3992,21
2022-01-23,Contra Costa,013,1133247,168798,160798,10334,171132,1092
2022-01-23,Del Norte,015,27424,4599,4419,112,4531,43
2022-01-23,El Dorado,017,186661,24578,22925,2801,25726,179
2022-01-23,Fresno,019,978130,202424,193642,19653,213295,2430
2022-01-23,Glenn,021,27897,4481,4340,1379,5719,39
2022-01-23,Humboldt,023,135768,14827,14296,2187,16483,126
2022-01-23,Imperial,025,180216,49975,47935,8850,56785,824
2022-01-23,Inyo,027,18085,3875,3781,283,4064,50
2022-01-23,Kern,029,883053,176051,168585,40246,208831,1946
2022-01-23,Kings,031,150075,45128,42622,2956,45578,397
2022-01-23,Lake,033,64148,8990,8363,654,9017,118
2022-01-23,Lassen,035,31185,8025,7710,751,8461,55
2022-01-23,Los Angeles,037,10098052,2514388,2390590,115199,2505789,28231
2022-01-23,Madera,039,155013,32709,30962,4224,35186,329
2022-01-23,Marin,041,260295,30143,29025,1879,30904,253
2022-01-23,Mariposa,043,17540,2118,2011,112,2123,6
2022-01-23,Mendocino,045,87422,11579,10889,1955,12844,103
2022-01-23,Merced,047,269075,56402,54644,5774,60418,730
2022-01-23,Modoc,049,8938,660,645,225,870,6
2022-01-23,Mono,051,14174,2843,2788,110,2898,4
2022-01-23,Monterey,053,433212,69613,61522,9269,70791,654
2022-01-23,Napa,055,140530,22521,21281,713,21994,111
2022-01-23,Nevada,057,99092,14367,13629,913,14542,112
2022-01-23,Orange,059,3164182,512850,498968,37943,536911,5970
2022-01-23,Placer,061,380077,56833,54568,6571,61139,518
2022-01-23,Plumas,063,18699,2571,2368,204,2572,12
2022-01-23,Riverside,065,2383286,550527,532273,25655,557928,5661
2022-01-23,Sacramento,067,1510023,252481,239589,21070,260659,2530
2022-01-23,San Benito,069,59416,11590,11225,421,11646,88
2022-01-23,San Bernardino,071,2135413,532327,512657,22932,535589,6281
2022-01-23,San Diego,073,3302833,683832,640215,45470,685685,4566
2022-01-23,San Francisco,075,870044,110997,104485,7298,111783,704
2022-01-23,San Joaquin,077,732212,150687,144621,8564,153185,1959
2022-01-23,San Luis Obispo,079,281455,46300,44183,3021,47204,386
2022-01-23,San Mateo,081,765935,109134,95940,5666,101606,586
2022-01-23,Santa Barbara,083,443738,75837,73041,3960,77001,590
2022-01-23,Santa Clara,085,1922200,273102,261991,9889,271880,2005
2022-01-23,Santa Cruz,087,273765,38699,36547,1863,38410,237
2022-01-23,Shasta,089,179085,27472,26732,5121,31853,452
2022-01-23,Sierra,091,2930,265,252,37,289,0
2022-01-23,Siskiyou,093,43540,4016,3916,2202,6118,64
2022-01-23,Solano,095,438530,71245,67457,4655,72112,400
2022-01-23,Sonoma,097,501317,73553,69791,1997,71788,423
2022-01-23,Stanislaus,099,539301,106957,104067,14227,118294,1395
2022-01-23,Sutter,101,95872,18737,18175,1299,19474,200
2022-01-23,Tehama,103,63373,10871,10481,2311,12792,145
2022-01-23,Trinity,105,12862,1064,961,259,1220,19
2022-01-23,Tulare,107,460477,94436,89120,23824,112944,1219
2022-01-23,Tuolumne,109,53932,10906,10243,347,10590,91
2022-01-23,Ventura,111,848112,160341,155052,8635,163687,1261
2022-01-23,Yolo,113,214977,32767,30908,2621,33529,273
2022-01-23,Yuba,115,75493,14255,13762,844,14606,103
2022-01-22,Alameda,001,1643700,224816,203927,11299,215226,1575
2022-01-22,Alpine,003,1148,118,119,1,120,0
2022-01-22,Amador,005,37829,7510,6845,394,7239,73
2022-01-22,Butte,007,227075,29434,27232,5645,32877,350
2022-01-22,Calaveras,009,45235,6490,5835,203,6038,95
2022-01-22,Colusa,011,21464,3126,2954,949,3903,21
2022-01-22,Contra Costa,013,1133247,167871,154111,10304,164415,1091
2022-01-22,Del Norte,015,27424,4563,4269,108,4377,43
2022-01-22,El Dorado,017,186661,24508,22273,2791,25064,179
2022-01-22,Fresno,019,978130,201610,185292,19601,204893,2429
2022-01-22,Glenn,021,27897,4475,4174,1376,5550,39
2022-01-22,Humboldt,023,135768,14760,13628,2174,15802,125
2022-01-22,Imperial,025,180216,49785,45741,8789,54530,820
2022-01-22,Inyo,027,18085,3871,3706,259,3965,50
2022-01-22,Kern,029,883053,175426,162902,39940,202842,1946
2022-01-22,Kings,031,150075,44921,40580,2944,43524,396
2022-01-22,Lake,033,64148,8956,8056,646,8702,118
2022-01-22,Lassen,035,31185,7992,7545,744,8289,55
2022-01-22,Los Angeles,037,10098052,2506982,2286280,114693,2400973,28038
2022-01-22,Madera,039,155013,32591,29595,4211,33806,329
2022-01-22,Marin,041,260295,30017,27893,1874,29767,253
2022-01-22,Mariposa,043,17540,2114,1920,112,2032,6
2022-01-22,Mendocino,045,87422,11529,10395,1933,12328,103
2022-01-22,Merced,047,269075,56252,53025,5765,58790,727
2022-01-22,Modoc,049,8938,659,639,225,864,6
2022-01-22,Mono,051,14174,2842,2723,106,2829,4
2022-01-22,Monterey,053,433212,69407,59038,9227,68265,651
2022-01-22,Napa,055,140530,22426,20402,703,21105,111
2022-01-22,Nevada,057,99092,14299,12957,905,13862,112
2022-01-22,Orange,059,3164182,511249,480329,37694,518023,5946
2022-01-22,Placer,061,380077,56566,52557,6532,59089,512
2022-01-22,Plumas,063,18699,2554,2289,200,2489,12
2022-01-22,Riverside,065,2383286,548612,513567,25582,539149,5623
2022-01-22,Sacramento,067,1510023,251433,230206,20964,251170,2510
2022-01-22,San Benito,069,59416,11531,10743,416,11159,88
2022-01-22,San Bernardino,071,2135413,530845,495209,22847,518056,6267
2022-01-22,San Diego,073,3302833,681344,628904,45264,674168,4559
2022-01-22,San Francisco,075,870044,110342,100238,7149,107387,702
2022-01-22,San Joaquin,077,732212,150252,138264,8536,146800,1960
2022-01-22,San Luis Obispo,079,281455,46183,42154,3014,45168,385
2022-01-22,San Mateo,081,765935,108550,91440,5602,97042,585
2022-01-22,Santa Barbara,083,443738,75416,69555,3954,73509,589
2022-01-22,Santa Clara,085,1922200,271393,249205,9822,259027,1993
2022-01-22,Santa Cruz,087,273765,38524,33741,1857,35598,237
2022-01-22,Shasta,089,179085,27379,25919,5099,31018,450
2022-01-22,Sierra,091,2930,265,248,36,284,0
2022-01-22,Siskiyou,093,43540,3998,3845,2181,6026,62
2022-01-22,Solano,095,438530,71022,63882,4616,68498,391
2022-01-22,Sonoma,097,501317,73126,66013,1987,68000,422
2022-01-22,Stanislaus,099,539301,106502,100092,14136,114228,1393
2022-01-22,Sutter,101,95872,18669,17616,1286,18902,199
2022-01-22,Tehama,103,63373,10836,10171,2301,12472,142
2022-01-22,Trinity,105,12862,1062,925,259,1184,19
2022-01-22,Tulare,107,460477,94052,85223,23696,108919,1211
2022-01-22,Tuolumne,109,53932,10838,9731,341,10072,91
2022-01-22,Ventura,111,848112,159649,148742,8605,157347,1250
2022-01-22,Yolo,113,214977,32590,30061,2604,32665,273
2022-01-22,Yuba,115,75493,14165,13288,839,14127,103
2022-01-21,Alameda,001,1643700,223243,203927,11269,215196,1575
2022-01-21,Alpine,003,1148,118,119,1,120,0
2022-01-21,Amador,005,37829,7453,6845,391,7236,73
2022-01-21,Butte,007,227075,29305,27232,5602,32834,350
2022-01-21,Calaveras,009,45235,6445,5835,203,6038,95
2022-01-21,Colusa,011,21464,3119,2954,944,3898,21
2022-01-21,Contra Costa,013,1133247,166818,154111,10223,164334,1091
2022-01-21,Del Norte,015,27424,4522,4269,108,4377,43
2022-01-21,El Dorado,017,186661,24426,22273,2774,25047,179
2022-01-21,Fresno,019,978130,200365,185292,19514,204806,2429
2022-01-21,Glenn,021,27897,4457,4174,1371,5545,39
2022-01-21,Humboldt,023,135768,14691,13628,2155,15783,125
2022-01-21,Imperial,025,180216,49591,45741,8711,54452,820
2022-01-21,Inyo,027,18085,3858,3706,253,3959,50
2022-01-21,Kern,029,883053,174705,162902,39564,202466,1946
2022-01-21,Kings,031,150075,44724,40580,2937,43517,396
2022-01-21,Lake,033,64148,8899,8056,633,8689,118
2022-01-21,Lassen,035,31185,7940,7545,740,8285,55
2022-01-21,Los Angeles,037,10098052,2495680,2286280,114237,2400517,28038
2022-01-21,Madera,039,155013,32299,29595,4183,33778,329
2022-01-21,Marin,041,260295,29840,27893,1853,29746,253
2022-01-21,Mariposa,043,17540,2102,1920,111,2031,6
2022-01-21,Mendocino,045,87422,11448,10395,1930,12325,103
2022-01-21,Merced,047,269075,56092,53025,5761,58786,727
2022-01-21,Modoc,049,8938,658,639,225,864,6
2022-01-21,Mono,051,14174,2828,2723,103,2826,4
2022-01-21,Monterey,053,433212,68936,59038,9096,68134,651
2022-01-21,Napa,055,140530,22306,20402,695,21097,111
2022-01-21,Nevada,057,99092,14202,12957,901,13858,112
2022-01-21,Orange,059,3164182,509001,480329,37445,517774,5946
2022-01-21,Placer,061,380077,56174,52557,6469,59026,512
2022-01-21,Plumas,063,18699,2542,2289,195,2484,12
2022-01-21,Riverside,065,2383286,545960,513567,25503,539070,5623
2022-01-21,Sacramento,067,1510023,249980,230206,20860,251066,2510
2022-01-21,San Benito,069,59416,11496,10743,413,11156,88
2022-01-21,San Bernardino,071,2135413,528862,495209,22777,517986,6267
2022-01-21,San Diego,073,3302833,677145,628904,45103,674007,4559
2022-01-21,San Francisco,075,870044,109578,100238,7061,107299,702
2022-01-21,San Joaquin,077,732212,149668,138264,8498,146762,1960
2022-01-21,San Luis Obispo,079,281455,46057,42154,3011,45165,385
2022-01-21,San Mateo,081,765935,107877,91440,5561,97001,585
2022-01-21,Santa Barbara,083,443738,74914,69555,3944,73499,589
2022-01-21,Santa Clara,085,1922200,269539,249205,9715,258920,1993
2022-01-21,Santa Cruz,087,273765,37828,33741,1844,35585,237
2022-01-21,Shasta,089,179085,27291,25919,5052,30971,450
2022-01-21,Sierra,091,2930,263,248,35,283,0
2022-01-21,Siskiyou,093,43540,3990,3845,2163,6008,62
2022-01-21,Solano,095,438530,70611,63882,4534,68416,391
2022-01-21,Sonoma,097,501317,72602,66013,1977,67990,422
2022-01-21,Stanislaus,099,539301,105997,100092,14075,114167,1393
2022-01-21,Sutter,101,95872,18583,17616,1269,18885,199
2022-01-21,Tehama,103,63373,10800,10171,2299,12470,142
2022-01-21,Trinity,105,12862,1056,925,258,1183,19
2022-01-21,Tulare,107,460477,93574,85223,23528,108751,1211
2022-01-21,Tuolumne,109,53932,10756,9731,334,10065,91
2022-01-21,Ventura,111,848112,158840,148742,8576,157318,1250
2022-01-21,Yolo,113,214977,32424,30061,2581,32642,273
2022-01-21,Yuba,115,75493,14093,13288,832,14120,103
2022-01-20,Alameda,001,1643700,220180,203927,11024,214951,1575
2022-01-20,Alpine,003,1148,118,119,1,120,0
2022-01-20,Amador,005,37829,7388,6845,373,7218,73
2022-01-20,Butte,007,227075,29045,27232,5524,32756,350
2022-01-20,Calaveras,009,45235,6340,5835,194,6029,95
2022-01-20,Colusa,011,21464,3088,2954,932,3886,21
2022-01-20,Contra Costa,013,1133247,164851,154111,9955,164066,1091
2022-01-20,Del Norte,015,27424,4482,4269,105,4374,43
2022-01-20,El Dorado,017,186661,24223,22273,2731,25004,179
2022-01-20,Fresno,019,978130,197760,185292,19149,204441,2429
2022-01-20,Glenn,021,27897,4422,4174,1362,5536,39
2022-01-20,Humboldt,023,135768,14562,13628,2103,15731,125
2022-01-20,Imperial,025,180216,49071,45741,8524,54265,820
2022-01-20,Inyo,027,18085,3846,3706,242,3948,50
2022-01-20,Kern,029,883053,173175,162902,39017,201919,1946
2022-01-20,Kings,031,150075,44169,40580,2894,43474,396
2022-01-20,Lake,033,64148,8804,8056,605,8661,118
2022-01-20,Lassen,035,31185,7890,7545,725,8270,55
2022-01-20,Los Angeles,037,10098052,2470946,2286280,113254,2399534,28038
2022-01-20,Madera,039,155013,31908,29595,4057,33652,329
2022-01-20,Marin,041,260295,29544,27893,1816,29709,253
2022-01-20,Mariposa,043,17540,2075,1920,108,2028,6
2022-01-20,Mendocino,045,87422,11351,10395,1852,12247,103
2022-01-20,Merced,047,269075,55662,53025,5532,58557,727
2022-01-20,Modoc,049,8938,656,639,225,864,6
2022-01-20,Mono,051,14174,2820,2723,102,2825,4
2022-01-20,Monterey,053,433212,68170,59038,8680,67718,651
2022-01-20,Napa,055,140530,22040,20402,656,21058,111
2022-01-20,Nevada,057,99092,14055,12957,878,13835,112
2022-01-20,Orange,059,3164182,505041,480329,37072,517401,5946
2022-01-20,Placer,061,380077,55683,52557,6408,58965,512
2022-01-20,Plumas,063,18699,2515,2289,191,2480,12
2022-01-20,Riverside,065,2383286,541390,513567,25265,538832,5623
2022-01-20,Sacramento,067,1510023,247678,230206,20211,250417,2510
2022-01-20,San Benito,069,59416,11385,10743,400,11143,88
2022-01-20,San Bernardino,071,2135413,524772,495209,22496,517705,6267
2022-01-20,San Diego,073,3302833,670055,628904,44410,673314,4559
2022-01-20,San Francisco,075,870044,108419,100238,6920,107158,702
2022-01-20,San Joaquin,077,732212,148027,138264,8391,146655,1960
2022-01-20,San Luis Obispo,079,281455,45548,42154,2977,45131,385
2022-01-20,San Mateo,081,765935,106650,91440,5355,96795,585
2022-01-20,Santa Barbara,083,443738,74016,69555,3831,73386,589
2022-01-20,Santa Clara,085,1922200,266167,249205,9382,258587,1993
2022-01-20,Santa Cruz,087,273765,36975,33741,1821,35562,237
2022-01-20,Shasta,089,179085,27101,25919,4985,30904,450
2022-01-20,Sierra,091,2930,263,248,33,281,0
2022-01-20,Siskiyou,093,43540,3978,3845,2130,5975,62
2022-01-20,Solano,095,438530,69664,63882,4445,68327,391
2022-01-20,Sonoma,097,501317,71568,66013,1930,67943,422
2022-01-20,Stanislaus,099,539301,105044,100092,13869,113961,1393
2022-01-20,Sutter,101,95872,18418,17616,1240,18856,199
2022-01-20,Tehama,103,63373,10725,10171,2281,12452,142
2022-01-20,Trinity,105,12862,1043,925,257,1182,19
2022-01-20,Tulare,107,460477,92510,85223,23213,108436,1211
2022-01-20,Tuolumne,109,53932,10614,9731,322,10053,91
2022-01-20,Ventura,111,848112,157454,148742,8504,157246,1250
2022-01-20,Yolo,113,214977,32139,30061,2548,32609,273
2022-01-20,Yuba,115,75493,13986,13288,799,14087,103
2022-01-19,Alameda,001,1643700,216819,199739,10684,210423,1571
2022-01-19,Alpine,003,1148,117,119,1,120,0
2022-01-19,Amador,005,37829,7307,6789,331,7120,73
2022-01-19,Butte,007,227075,28740,26839,5449,32288,351
2022-01-19,Calaveras,009,45235,6249,5765,185,5950,95
2022-01-19,Colusa,011,21464,3063,2938,924,3862,21
2022-01-19,Contra Costa,013,1133247,162541,151543,9710,161253,1091
2022-01-19,Del Norte,015,27424,4443,4240,104,4344,43
2022-01-19,El Dorado,017,186661,23971,21953,2689,24642,177
2022-01-19,Fresno,019,978130,194854,181526,18836,200362,2430
2022-01-19,Glenn,021,27897,4371,4127,1352,5479,39
2022-01-19,Humboldt,023,135768,14403,13391,2049,15440,125
2022-01-19,Imperial,025,180216,48343,45156,8314,53470,820
2022-01-19,Inyo,027,18085,3823,3680,203,3883,49
2022-01-19,Kern,029,883053,171414,160747,38333,199080,1946
2022-01-19,Kings,031,150075,43470,40027,2815,42842,395
2022-01-19,Lake,033,64148,8678,7972,592,8564,118
2022-01-19,Lassen,035,31185,7832,7507,703,8210,55
2022-01-19,Los Angeles,037,10098052,2442549,2251718,111820,2363538,27934
2022-01-19,Madera,039,155013,31527,29021,3881,32902,329
2022-01-19,Marin,041,260295,29250,27375,1773,29148,251
2022-01-19,Mariposa,043,17540,2050,1896,102,1998,6
2022-01-19,Mendocino,045,87422,11179,10252,1758,12010,103
2022-01-19,Merced,047,269075,55119,52355,5176,57531,724
2022-01-19,Modoc,049,8938,654,635,224,859,6
2022-01-19,Mono,051,14174,2798,2677,100,2777,4
2022-01-19,Monterey,053,433212,67260,58426,8218,66644,651
2022-01-19,Napa,055,140530,21787,20090,629,20719,110
2022-01-19,Nevada,057,99092,13901,12703,848,13551,112
2022-01-19,Orange,059,3164182,500552,468460,36700,505160,5943
2022-01-19,Placer,061,380077,55116,51545,6337,57882,511
2022-01-19,Plumas,063,18699,2477,2239,184,2423,12
2022-01-19,Riverside,065,2383286,535863,503575,25023,528598,5604
2022-01-19,Sacramento,067,1510023,244793,226035,19454,245489,2512
2022-01-19,San Benito,069,59416,11244,10639,388,11027,88
2022-01-19,San Bernardino,071,2135413,520174,487846,22121,509967,6265
2022-01-19,San Diego,073,3302833,661265,614709,43706,658415,4553
2022-01-19,San Francisco,075,870044,107044,98652,6841,105493,694
2022-01-19,San Joaquin,077,732212,146133,135953,8265,144218,1959
2022-01-19,San Luis Obispo,079,281455,44950,41374,2911,44285,382
2022-01-19,San Mateo,081,765935,105229,89715,5088,94803,585
2022-01-19,Santa Barbara,083,443738,73016,68531,3730,72261,586
2022-01-19,Santa Clara,085,1922200,262381,244922,9018,253940,1991
2022-01-19,Santa Cruz,087,273765,35732,33026,1797,34823,237
2022-01-19,Shasta,089,179085,26835,25355,4913,30268,450
2022-01-19,Sierra,091,2930,263,245,32,277,0
2022-01-19,Siskiyou,093,43540,3954,3821,2073,5894,62
2022-01-19,Solano,095,438530,68823,63003,4317,67320,392
2022-01-19,Sonoma,097,501317,70464,64689,1888,66577,420
2022-01-19,Stanislaus,099,539301,103997,98952,13579,112531,1381
2022-01-19,Sutter,101,95872,18250,17436,1148,18584,199
2022-01-19,Tehama,103,63373,10612,10064,2232,12296,142
2022-01-19,Trinity,105,12862,1031,916,256,1172,19
2022-01-19,Tulare,107,460477,91209,83743,22726,106469,1200
2022-01-19,Tuolumne,109,53932,10457,9613,298,9911,91
2022-01-19,Ventura,111,848112,155940,144738,8433,153171,1234
2022-01-19,Yolo,113,214977,31773,29392,2512,31904,273
2022-01-19,Yuba,115,75493,13823,13114,786,13900,104
2022-01-18,Alameda,001,1643700,213459,195728,10367,206095,1566
2022-01-18,Alpine,003,1148,117,118,1,119,0
2022-01-18,Amador,005,37829,7169,6691,294,6985,73
2022-01-18,Butte,007,227075,28347,26514,5372,31886,347
2022-01-18,Calaveras,009,45235,6161,5684,170,5854,94
2022-01-18,Colusa,011,21464,3019,2903,919,3822,21
2022-01-18,Contra Costa,013,1133247,160530,149446,9336,158782,1085
2022-01-18,Del Norte,015,27424,4373,4229,99,4328,43
2022-01-18,El Dorado,017,186661,23589,21707,2643,24350,175
2022-01-18,Fresno,019,978130,191390,178922,18422,197344,2425
2022-01-18,Glenn,021,27897,4338,4070,1340,5410,39
2022-01-18,Humboldt,023,135768,14235,13218,1977,15195,125
2022-01-18,Imperial,025,180216,47648,44742,8121,52863,819
2022-01-18,Inyo,027,18085,3782,3654,192,3846,49
2022-01-18,Kern,029,883053,169394,158864,37570,196434,1943
2022-01-18,Kings,031,150075,42592,39440,2732,42172,392
2022-01-18,Lake,033,64148,8565,7919,572,8491,117
2022-01-18,Lassen,035,31185,7748,7461,664,8125,55
2022-01-18,Los Angeles,037,10098052,2409124,2227360,110382,2337742,27871
2022-01-18,Madera,039,155013,31002,28717,3693,32410,329
2022-01-18,Marin,041,260295,28948,27036,1730,28766,251
2022-01-18,Mariposa,043,17540,2025,1872,98,1970,6
2022-01-18,Mendocino,045,87422,11009,10114,1670,11784,103
2022-01-18,Merced,047,269075,54507,51746,4894,56640,718
2022-01-18,Modoc,049,8938,652,633,219,852,6
2022-01-18,Mono,051,14174,2777,2643,99,2742,4
2022-01-18,Monterey,053,433212,66486,57846,7733,65579,650
2022-01-18,Napa,055,140530,21454,19911,612,20523,109
2022-01-18,Nevada,057,99092,13718,12584,805,13389,111
2022-01-18,Orange,059,3164182,495201,461324,36189,497513,5938
2022-01-18,Placer,061,380077,54474,50983,6261,57244,508
2022-01-18,Plumas,063,18699,2441,2218,178,2396,12
2022-01-18,Riverside,065,2383286,529885,497278,24713,521991,5599
2022-01-18,Sacramento,067,1510023,241716,223745,18429,242174,2496
2022-01-18,San Benito,069,59416,11101,10520,374,10894,88
2022-01-18,San Bernardino,071,2135413,514895,483753,21692,505445,6258
2022-01-18,San Diego,073,3302833,651047,605137,42698,647835,4547
2022-01-18,San Francisco,075,870044,105568,96505,6725,103230,694
2022-01-18,San Joaquin,077,732212,144195,134365,8093,142458,1957
2022-01-18,San Luis Obispo,079,281455,44263,40848,2824,43672,381
2022-01-18,San Mateo,081,765935,103710,88225,4892,93117,585
2022-01-18,Santa Barbara,083,443738,71796,67216,3556,70772,581
2022-01-18,Santa Clara,085,1922200,258196,240281,8613,248894,1986
2022-01-18,Santa Cruz,087,273765,35095,32203,1762,33965,237
2022-01-18,Shasta,089,179085,26552,25162,4819,29981,448
2022-01-18,Sierra,091,2930,259,244,32,276,0
2022-01-18,Siskiyou,093,43540,3920,3799,2019,5818,62
2022-01-18,Solano,095,438530,67974,62204,4208,66412,391
2022-01-18,Sonoma,097,501317,69082,63714,1833,65547,419
2022-01-18,Stanislaus,099,539301,102778,98000,13230,111230,1379
2022-01-18,Sutter,101,95872,18059,17295,1072,18367,198
2022-01-18,Tehama,103,63373,10514,9975,2178,12153,142
2022-01-18,Trinity,105,12862,1018,907,255,1162,19
2022-01-18,Tulare,107,460477,89739,82667,22292,104959,1196
2022-01-18,Tuolumne,109,53932,10288,9528,286,9814,91
2022-01-18,Ventura,111,848112,154230,143384,8360,151744,1233
2022-01-18,Yolo,113,214977,31377,28786,2461,31247,270
2022-01-18,Yuba,115,75493,13663,12971,760,13731,101
2022-01-17,Alameda,001,1643700,208776,193276,9758,203034,1565
2022-01-17,Alpine,003,1148,116,118,0,118,0
2022-01-17,Amador,005,37829,7055,6640,236,6876,73
2022-01-17,Butte,007,227075,27969,26303,5267,31570,348
2022-01-17,Calaveras,009,45235,6029,5584,142,5726,94
2022-01-17,Colusa,011,21464,2996,2905,912,3817,21
2022-01-17,Contra Costa,013,1133247,157769,147993,8846,156839,1086
2022-01-17,Del Norte,015,27424,4321,4209,92,4301,43
2022-01-17,El Dorado,017,186661,23335,21540,2561,24101,175
2022-01-17,Fresno,019,978130,187713,176959,17927,194886,2426
2022-01-17,Glenn,021,27897,4285,4055,1326,5381,39
2022-01-17,Humboldt,023,135768,14029,13120,1810,14930,125
2022-01-17,Imperial,025,180216,46959,44412,7943,52355,821
2022-01-17,Inyo,027,18085,3760,3650,165,3815,49
2022-01-17,Kern,029,883053,166847,157645,36685,194330,1944
2022-01-17,Kings,031,150075,41459,39143,2609,41752,392
2022-01-17,Lake,033,64148,8416,7864,532,8396,117
2022-01-17,Lassen,035,31185,7646,7417,626,8043,55
2022-01-17,Los Angeles,037,10098052,2369902,2205740,108420,2314160,27832
2022-01-17,Madera,039,155013,30346,28568,3505,32073,329
2022-01-17,Marin,041,260295,28541,26633,1674,28307,251
2022-01-17,Mariposa,043,17540,1999,1862,92,1954,6
2022-01-17,Mendocino,045,87422,10786,10030,1528,11558,103
2022-01-17,Merced,047,269075,53827,51227,4331,55558,718
2022-01-17,Modoc,049,8938,648,630,219,849,6
2022-01-17,Mono,051,14174,2754,2642,98,2740,4
2022-01-17,Monterey,053,433212,65368,57318,7306,64624,647
2022-01-17,Napa,055,140530,21110,19647,589,20236,109
2022-01-17,Nevada,057,99092,13530,12414,767,13181,111
2022-01-17,Orange,059,3164182,489240,457418,35717,493135,5933
2022-01-17,Placer,061,380077,53739,50511,6115,56626,508
2022-01-17,Plumas,063,18699,2397,2205,148,2353,12
2022-01-17,Riverside,065,2383286,523080,491322,24256,515578,5600
2022-01-17,Sacramento,067,1510023,237643,221143,17029,238172,2497
2022-01-17,San Benito,069,59416,10933,10432,346,10778,88
2022-01-17,San Bernardino,071,2135413,508613,480243,21151,501394,6259
2022-01-17,San Diego,073,3302833,638849,569241,41499,610740,4545
2022-01-17,San Francisco,075,870044,103934,95292,6530,101822,694
2022-01-17,San Joaquin,077,732212,141354,133414,7916,141330,1958
2022-01-17,San Luis Obispo,079,281455,43434,40425,2722,43147,379
2022-01-17,San Mateo,081,765935,101742,87013,4634,91647,585
2022-01-17,Santa Barbara,083,443738,70472,66704,3355,70059,581
2022-01-17,Santa Clara,085,1922200,253633,237934,8172,246106,1985
2022-01-17,Santa Cruz,087,273765,34339,31714,1724,33438,237
2022-01-17,Shasta,089,179085,26263,25025,4697,29722,448
2022-01-17,Sierra,091,2930,257,242,32,274,0
2022-01-17,Siskiyou,093,43540,3881,3764,1939,5703,62
2022-01-17,Solano,095,438530,66935,61497,3946,65443,391
2022-01-17,Sonoma,097,501317,67572,62763,1771,64534,419
2022-01-17,Stanislaus,099,539301,101464,96951,12757,109708,1379
2022-01-17,Sutter,101,95872,17852,17159,932,18091,198
2022-01-17,Tehama,103,63373,10392,9912,2118,12030,142
2022-01-17,Trinity,105,12862,1005,906,251,1157,19
2022-01-17,Tulare,107,460477,87973,81741,21720,103461,1199
2022-01-17,Tuolumne,109,53932,10153,9416,252,9668,91
2022-01-17,Ventura,111,848112,152112,142070,8249,150319,1234
2022-01-17,Yolo,113,214977,30849,28638,2397,31035,270
2022-01-17,Yuba,115,75493,13465,12871,704,13575,101
2022-01-16,Alameda,001,1643700,205715,190691,9495,200186,1564
2022-01-16,Alpine,003,1148,116,118,0,118,0
2022-01-16,Amador,005,37829,6981,6618,228,6846,73
2022-01-16,Butte,007,227075,27634,26139,5218,31357,348
2022-01-16,Calaveras,009,45235,5928,5537,138,5675,94
2022-01-16,Colusa,011,21464,2979,2886,900,3786,21
2022-01-16,Contra Costa,013,1133247,155860,146307,8644,154951,1086
2022-01-16,Del Norte,015,27424,4278,4177,90,4267,43
2022-01-16,El Dorado,017,186661,23059,21303,2522,23825,175
2022-01-16,Fresno,019,978130,185009,174818,17582,192400,2425
2022-01-16,Glenn,021,27897,4230,4049,1304,5353,39
2022-01-16,Humboldt,023,135768,13882,13075,1791,14866,125
2022-01-16,Imperial,025,180216,46381,44035,7774,51809,821
2022-01-16,Inyo,027,18085,3723,3602,143,3745,49
2022-01-16,Kern,029,883053,165572,156655,35892,192547,1944
2022-01-16,Kings,031,150075,41086,38861,2582,41443,392
2022-01-16,Lake,033,64148,8312,7823,497,8320,117
2022-01-16,Lassen,035,31185,7603,7391,612,8003,55
2022-01-16,Los Angeles,037,10098052,2346710,2174403,106881,2281284,27805
2022-01-16,Madera,039,155013,29975,28313,3455,31768,329
2022-01-16,Marin,041,260295,28246,26292,1660,27952,251
2022-01-16,Mariposa,043,17540,1972,1851,87,1938,6
2022-01-16,Mendocino,045,87422,10640,9992,1411,11403,102
2022-01-16,Merced,047,269075,53239,50882,4309,55191,718
2022-01-16,Modoc,049,8938,645,629,219,848,6
2022-01-16,Mono,051,14174,2750,2614,96,2710,4
2022-01-16,Monterey,053,433212,64603,57012,7159,64171,647
2022-01-16,Napa,055,140530,20844,19521,578,20099,109
2022-01-16,Nevada,057,99092,13313,12307,748,13055,111
2022-01-16,Orange,059,3164182,483840,451962,35164,487126,5932
2022-01-16,Placer,061,380077,53021,50076,6001,56077,508
2022-01-16,Plumas,063,18699,2362,2204,139,2343,12
2022-01-16,Riverside,065,2383286,517601,485191,24027,509218,5600
2022-01-16,Sacramento,067,1510023,234674,218819,16285,235104,2491
2022-01-16,San Benito,069,59416,10777,10377,344,10721,88
2022-01-16,San Bernardino,071,2135413,504815,474425,20906,495331,6259
2022-01-16,San Diego,073,3302833,631251,569241,41071,610312,4545
2022-01-16,San Francisco,075,870044,102392,94139,6391,100530,694
2022-01-16,San Joaquin,077,732212,139575,132214,7817,140031,1958
2022-01-16,San Luis Obispo,079,281455,42778,40113,2683,42796,379
2022-01-16,San Mateo,081,765935,100219,85966,4539,90505,585
2022-01-16,Santa Barbara,083,443738,69445,66111,3315,69426,582
2022-01-16,Santa Clara,085,1922200,249897,234293,8018,242311,1984
2022-01-16,Santa Cruz,087,273765,33722,31469,1700,33169,237
2022-01-16,Shasta,089,179085,26018,24980,4629,29609,449
2022-01-16,Sierra,091,2930,253,238,31,269,0
2022-01-16,Siskiyou,093,43540,3854,3748,1899,5647,62
2022-01-16,Solano,095,438530,66262,60885,3814,64699,391
2022-01-16,Sonoma,097,501317,66500,61842,1751,63593,419
2022-01-16,Stanislaus,099,539301,100397,96370,12617,108987,1379
2022-01-16,Sutter,101,95872,17651,16996,909,17905,198
2022-01-16,Tehama,103,63373,10309,9868,2096,11964,142
2022-01-16,Trinity,105,12862,1001,889,249,1138,19
2022-01-16,Tulare,107,460477,86646,80867,21446,102313,1199
2022-01-16,Tuolumne,109,53932,10048,9369,243,9612,91
2022-01-16,Ventura,111,848112,150537,140715,8177,148892,1234
2022-01-16,Yolo,113,214977,30458,28481,2342,30823,270
2022-01-16,Yuba,115,75493,13289,12760,698,13458,101
2022-01-15,Alameda,001,1643700,204360,177768,9443,187211,1561
2022-01-15,Alpine,003,1148,116,117,0,117,0
2022-01-15,Amador,005,37829,6949,6434,214,6648,72
2022-01-15,Butte,007,227075,27479,25032,5168,30200,348
2022-01-15,Calaveras,009,45235,5896,5258,138,5396,93
2022-01-15,Colusa,011,21464,2966,2796,892,3688,21
2022-01-15,Contra Costa,013,1133247,154648,137643,8591,146234,1082
2022-01-15,Del Norte,015,27424,4263,4065,88,4153,43
2022-01-15,El Dorado,017,186661,22961,20434,2505,22939,175
2022-01-15,Fresno,019,978130,184082,167361,17513,184874,2415
2022-01-15,Glenn,021,27897,4223,3906,1297,5203,39
2022-01-15,Humboldt,023,135768,13779,12419,1775,14194,123
2022-01-15,Imperial,025,180216,46239,42508,7662,50170,817
2022-01-15,Inyo,027,18085,3713,3395,143,3538,49
2022-01-15,Kern,029,883053,164731,150085,35501,185586,1938
2022-01-15,Kings,031,150075,40837,37221,2570,39791,391
2022-01-15,Lake,033,64148,8273,7641,484,8125,117
2022-01-15,Lassen,035,31185,7562,7274,606,7880,55
2022-01-15,Los Angeles,037,10098052,2335161,2047927,105926,2153853,27641
2022-01-15,Madera,039,155013,29828,27294,3433,30727,329
2022-01-15,Marin,041,260295,28059,25248,1653,26901,251
2022-01-15,Mariposa,043,17540,1965,1762,87,1849,6
2022-01-15,Mendocino,045,87422,10567,9534,1406,10940,102
2022-01-15,Merced,047,269075,53074,48904,4298,53202,715
2022-01-15,Modoc,049,8938,643,628,219,847,6
2022-01-15,Mono,051,14174,2745,2508,95,2603,4
2022-01-15,Monterey,053,433212,64091,55315,7090,62405,647
2022-01-15,Napa,055,140530,20723,17648,573,18221,109
2022-01-15,Nevada,057,99092,13255,11773,734,12507,111
2022-01-15,Orange,059,3164182,481245,433141,34888,468029,5914
2022-01-15,Placer,061,380077,52737,47780,5967,53747,501
2022-01-15,Plumas,063,18699,2341,2158,134,2292,12
2022-01-15,Riverside,065,2383286,514925,466381,23893,490274,5578
2022-01-15,Sacramento,067,1510023,233541,208156,16183,224339,2491
2022-01-15,San Benito,069,59416,10678,9868,338,10206,87
2022-01-15,San Bernardino,071,2135413,502553,454395,20759,475154,6233
2022-01-15,San Diego,073,3302833,627463,559385,40821,600206,4540
2022-01-15,San Francisco,075,870044,101395,88004,6255,94259,692
2022-01-15,San Joaquin,077,732212,139014,125136,7724,132860,1954
2022-01-15,San Luis Obispo,079,281455,42589,38231,2670,40901,374
2022-01-15,San Mateo,081,765935,99263,80494,4498,84992,582
2022-01-15,Santa Barbara,083,443738,68846,62312,3304,65616,579
2022-01-15,Santa Clara,085,1922200,247675,218986,7900,226886,1974
2022-01-15,Santa Cruz,087,273765,33377,29414,1692,31106,235
2022-01-15,Shasta,089,179085,25930,24482,4597,29079,445
2022-01-15,Sierra,091,2930,252,232,30,262,0
2022-01-15,Siskiyou,093,43540,3842,3661,1888,5549,62
2022-01-15,Solano,095,438530,65983,58061,3763,61824,389
2022-01-15,Sonoma,097,501317,65917,58181,1745,59926,418
2022-01-15,Stanislaus,099,539301,99814,92986,12518,105504,1379
2022-01-15,Sutter,101,95872,17561,16345,899,17244,197
2022-01-15,Tehama,103,63373,10261,9572,2077,11649,141
2022-01-15,Trinity,105,12862,998,872,249,1121,19
2022-01-15,Tulare,107,460477,86200,77769,21320,99089,1192
2022-01-15,Tuolumne,109,53932,9949,9042,238,9280,91
2022-01-15,Ventura,111,848112,149764,134736,8141,142877,1227
2022-01-15,Yolo,113,214977,30279,27311,2322,29633,270
2022-01-15,Yuba,115,75493,13227,12200,694,12894,101
2022-01-14,Alameda,001,1643700,202315,177768,9390,187158,1561
2022-01-14,Alpine,003,1148,116,117,0,117,0
2022-01-14,Amador,005,37829,6874,6434,205,6639,72
2022-01-14,Butte,007,227075,27293,25032,5140,30172,348
2022-01-14,Calaveras,009,45235,5860,5258,137,5395,93
2022-01-14,Colusa,011,21464,2957,2796,882,3678,21
2022-01-14,Contra Costa,013,1133247,153207,137643,8490,146133,1082
2022-01-14,Del Norte,015,27424,4237,4065,87,4152,43
2022-01-14,El Dorado,017,186661,22807,20434,2487,22921,175
2022-01-14,Fresno,019,978130,182431,167361,17441,184802,2415
2022-01-14,Glenn,021,27897,4201,3906,1288,5194,39
2022-01-14,Humboldt,023,135768,13674,12419,1742,14161,123
2022-01-14,Imperial,025,180216,46066,42508,7642,50150,817
2022-01-14,Inyo,027,18085,3688,3395,139,3534,49
2022-01-14,Kern,029,883053,163734,150085,35064,185149,1938
2022-01-14,Kings,031,150075,40588,37221,2561,39782,391
2022-01-14,Lake,033,64148,8216,7641,471,8112,117
2022-01-14,Lassen,035,31185,7532,7274,594,7868,55
2022-01-14,Los Angeles,037,10098052,2315834,2047927,104887,2152814,27641
2022-01-14,Madera,039,155013,29591,27294,3409,30703,329
2022-01-14,Marin,041,260295,27799,25248,1617,26865,251
2022-01-14,Mariposa,043,17540,1950,1762,87,1849,6
2022-01-14,Mendocino,045,87422,10456,9534,1393,10927,102
2022-01-14,Merced,047,269075,52894,48904,4278,53182,715
2022-01-14,Modoc,049,8938,642,628,219,847,6
2022-01-14,Mono,051,14174,2724,2508,93,2601,4
2022-01-14,Monterey,053,433212,63402,55315,7000,62315,647
2022-01-14,Napa,055,140530,20553,17648,567,18215,109
2022-01-14,Nevada,057,99092,13132,11773,721,12494,111
2022-01-14,Orange,059,3164182,477509,433141,34569,467710,5914
2022-01-14,Placer,061,380077,52304,47780,5882,53662,501
2022-01-14,Plumas,063,18699,2333,2158,127,2285,12
2022-01-14,Riverside,065,2383286,511407,466381,23750,490131,5578
2022-01-14,Sacramento,067,1510023,231634,208156,16029,224185,2491
2022-01-14,San Benito,069,59416,10626,9868,337,10205,87
2022-01-14,San Bernardino,071,2135413,499465,454395,20571,474966,6233
2022-01-14,San Diego,073,3302833,621813,559385,40531,599916,4540
2022-01-14,San Francisco,075,870044,100218,88004,6079,94083,692
2022-01-14,San Joaquin,077,732212,138172,125136,7675,132811,1954
2022-01-14,San Luis Obispo,079,281455,42423,38231,2647,40878,374
2022-01-14,San Mateo,081,765935,98037,80494,4469,84963,582
2022-01-14,Santa Barbara,083,443738,68330,62312,3294,65606,579
2022-01-14,Santa Clara,085,1922200,245068,218986,7793,226779,1974
2022-01-14,Santa Cruz,087,273765,33016,29414,1681,31095,235
2022-01-14,Shasta,089,179085,25815,24482,4563,29045,445
2022-01-14,Sierra,091,2930,250,232,28,260,0
2022-01-14,Siskiyou,093,43540,3831,3661,1875,5536,62
2022-01-14,Solano,095,438530,65140,58061,3673,61734,389
2022-01-14,Sonoma,097,501317,65383,58181,1718,59899,418
2022-01-14,Stanislaus,099,539301,99208,92986,12417,105403,1379
2022-01-14,Sutter,101,95872,17435,16345,890,17235,197
2022-01-14,Tehama,103,63373,10207,9572,2066,11638,141
2022-01-14,Trinity,105,12862,993,872,247,1119,19
2022-01-14,Tulare,107,460477,85669,77769,21145,98914,1192
2022-01-14,Tuolumne,109,53932,9826,9042,233,9275,91
2022-01-14,Ventura,111,848112,148660,134736,8083,142819,1227
2022-01-14,Yolo,113,214977,30043,27311,2293,29604,270
2022-01-14,Yuba,115,75493,13125,12200,689,12889,101
2022-01-13,Alameda,001,1643700,198000,177768,9030,186798,1561
2022-01-13,Alpine,003,1148,115,117,0,117,0
2022-01-13,Amador,005,37829,6814,6434,184,6618,72
2022-01-13,Butte,007,227075,26995,25032,5028,30060,348
2022-01-13,Calaveras,009,45235,5769,5258,133,5391,93
2022-01-13,Colusa,011,21464,2926,2796,872,3668,21
2022-01-13,Contra Costa,013,1133247,150681,137643,8027,145670,1082
2022-01-13,Del Norte,015,27424,4202,4065,86,4151,43
2022-01-13,El Dorado,017,186661,22560,20434,2442,22876,175
2022-01-13,Fresno,019,978130,179635,167361,17083,184444,2415
2022-01-13,Glenn,021,27897,4153,3906,1262,5168,39
2022-01-13,Humboldt,023,135768,13521,12419,1680,14099,123
2022-01-13,Imperial,025,180216,45512,42508,7410,49918,817
2022-01-13,Inyo,027,18085,3632,3395,122,3517,49
2022-01-13,Kern,029,883053,162142,150085,34464,184549,1938
2022-01-13,Kings,031,150075,40105,37221,2516,39737,391
2022-01-13,Lake,033,64148,8116,7641,450,8091,117
2022-01-13,Lassen,035,31185,7503,7274,578,7852,55
2022-01-13,Los Angeles,037,10098052,2279348,2047927,103095,2151022,27641
2022-01-13,Madera,039,155013,29128,27294,3317,30611,329
2022-01-13,Marin,041,260295,27453,25248,1573,26821,251
2022-01-13,Mariposa,043,17540,1927,1762,84,1846,6
2022-01-13,Mendocino,045,87422,10365,9534,1325,10859,102
2022-01-13,Merced,047,269075,52236,48904,4013,52917,715
2022-01-13,Modoc,049,8938,639,628,219,847,6
2022-01-13,Mono,051,14174,2701,2508,90,2598,4
2022-01-13,Monterey,053,433212,62464,55315,6710,62025,647
2022-01-13,Napa,055,140530,20256,17648,557,18205,109
2022-01-13,Nevada,057,99092,12944,11773,691,12464,111
2022-01-13,Orange,059,3164182,471054,433141,34109,467250,5914
2022-01-13,Placer,061,380077,51671,47780,5767,53547,501
2022-01-13,Plumas,063,18699,2313,2158,117,2275,12
2022-01-13,Riverside,065,2383286,505122,466381,23418,489799,5578
2022-01-13,Sacramento,067,1510023,228648,208156,15235,223391,2491
2022-01-13,San Benito,069,59416,10524,9868,329,10197,87
2022-01-13,San Bernardino,071,2135413,493793,454395,20102,474497,6233
2022-01-13,San Diego,073,3302833,613299,559385,39663,599048,4540
2022-01-13,San Francisco,075,870044,98477,88004,5881,93885,692
2022-01-13,San Joaquin,077,732212,136104,125136,7546,132682,1954
2022-01-13,San Luis Obispo,079,281455,41821,38231,2542,40773,374
2022-01-13,San Mateo,081,765935,96249,80494,4228,84722,582
2022-01-13,Santa Barbara,083,443738,67333,62312,3108,65420,579
2022-01-13,Santa Clara,085,1922200,240759,218986,7456,226442,1974
2022-01-13,Santa Cruz,087,273765,32232,29414,1659,31073,235
2022-01-13,Shasta,089,179085,25608,24482,4489,28971,445
2022-01-13,Sierra,091,2930,249,232,28,260,0
2022-01-13,Siskiyou,093,43540,3809,3661,1834,5495,62
2022-01-13,Solano,095,438530,64010,58061,3561,61622,389
2022-01-13,Sonoma,097,501317,64318,58181,1659,59840,418
2022-01-13,Stanislaus,099,539301,98094,92986,12148,105134,1379
2022-01-13,Sutter,101,95872,17238,16345,825,17170,197
2022-01-13,Tehama,103,63373,10108,9572,2017,11589,141
2022-01-13,Trinity,105,12862,985,872,247,1119,19
2022-01-13,Tulare,107,460477,84381,77769,20826,98595,1192
2022-01-13,Tuolumne,109,53932,9685,9042,215,9257,91
2022-01-13,Ventura,111,848112,146873,134736,7999,142735,1227
2022-01-13,Yolo,113,214977,29646,27311,2249,29560,270
2022-01-13,Yuba,115,75493,12989,12200,660,12860,101
2022-01-12,Alameda,001,1643700,193379,173001,8561,181562,1563
2022-01-12,Alpine,003,1148,115,117,0,117,0
2022-01-12,Amador,005,37829,6766,6354,170,6524,71
2022-01-12,Butte,007,227075,26668,24631,4939,29570,348
2022-01-12,Calaveras,009,45235,5690,5151,127,5278,93
2022-01-12,Colusa,011,21464,2886,2772,859,3631,21
2022-01-12,Contra Costa,013,1133247,148134,134579,7660,142239,1077
2022-01-12,Del Norte,015,27424,4175,4019,84,4103,43
2022-01-12,El Dorado,017,186661,22238,20092,2402,22494,175
2022-01-12,Fresno,019,978130,176901,165316,16678,181994,2413
2022-01-12,Glenn,021,27897,4101,3859,1240,5099,39
2022-01-12,Humboldt,023,135768,13349,12081,1598,13679,122
2022-01-12,Imperial,025,180216,44846,41985,7097,49082,814
2022-01-12,Inyo,027,18085,3586,3334,106,3440,49
2022-01-12,Kern,029,883053,160002,148435,33727,182162,1933
2022-01-12,Kings,031,150075,39470,36780,2474,39254,391
2022-01-12,Lake,033,64148,8000,7535,406,7941,117
2022-01-12,Lassen,035,31185,7459,7223,551,7774,55
2022-01-12,Los Angeles,037,10098052,2239639,2005065,100845,2105910,27601
2022-01-12,Madera,039,155013,28812,26952,3228,30180,329
2022-01-12,Marin,041,260295,26964,24704,1522,26226,251
2022-01-12,Mariposa,043,17540,1898,1725,82,1807,6
2022-01-12,Mendocino,045,87422,10201,9379,1225,10604,103
2022-01-12,Merced,047,269075,51536,48441,3738,52179,710
2022-01-12,Modoc,049,8938,637,627,219,846,6
2022-01-12,Mono,051,14174,2665,2466,86,2552,4
2022-01-12,Monterey,053,433212,61488,54524,6345,60869,647
2022-01-12,Napa,055,140530,19998,17347,534,17881,109
2022-01-12,Nevada,057,99092,12728,11552,642,12194,111
2022-01-12,Orange,059,3164182,464271,425737,33513,459250,5912
2022-01-12,Placer,061,380077,51014,47004,5653,52657,501
2022-01-12,Plumas,063,18699,2274,2135,106,2241,12
2022-01-12,Riverside,065,2383286,497922,458881,23078,481959,5565
2022-01-12,Sacramento,067,1510023,225177,204696,14352,219048,2479
2022-01-12,San Benito,069,59416,10393,9737,317,10054,87
2022-01-12,San Bernardino,071,2135413,487555,447869,19490,467359,6222
2022-01-12,San Diego,073,3302833,602790,551669,38804,590473,4529
2022-01-12,San Francisco,075,870044,96626,85700,5768,91468,691
2022-01-12,San Joaquin,077,732212,133822,122850,7427,130277,1948
2022-01-12,San Luis Obispo,079,281455,41089,37727,2459,40186,373
2022-01-12,San Mateo,081,765935,94216,78476,3849,82325,582
2022-01-12,Santa Barbara,083,443738,66190,60815,3003,63818,578
2022-01-12,Santa Clara,085,1922200,236223,213177,7071,220248,1971
2022-01-12,Santa Cruz,087,273765,31586,28463,1610,30073,235
2022-01-12,Shasta,089,179085,25391,24324,4423,28747,446
2022-01-12,Sierra,091,2930,248,228,28,256,0
2022-01-12,Siskiyou,093,43540,3782,3639,1787,5426,62
2022-01-12,Solano,095,438530,62962,57052,3439,60491,386
2022-01-12,Sonoma,097,501317,63036,56394,1575,57969,417
2022-01-12,Stanislaus,099,539301,96860,91738,11827,103565,1373
2022-01-12,Sutter,101,95872,17041,16135,792,16927,197
2022-01-12,Tehama,103,63373,10019,9475,1956,11431,141
2022-01-12,Trinity,105,12862,982,868,246,1114,19
2022-01-12,Tulare,107,460477,83240,76943,20414,97357,1192
2022-01-12,Tuolumne,109,53932,9554,8870,197,9067,91
2022-01-12,Ventura,111,848112,144963,132180,7920,140100,1220
2022-01-12,Yolo,113,214977,29249,26888,2175,29063,270
2022-01-12,Yuba,115,75493,12831,12015,633,12648,101
2022-01-11,Alameda,001,1643700,188860,169181,8163,177344,1561
2022-01-11,Alpine,003,1148,115,116,0,116,0
2022-01-11,Amador,005,37829,6682,6317,155,6472,71
2022-01-11,Butte,007,227075,26273,24479,4849,29328,347
2022-01-11,Calaveras,009,45235,5560,5083,113,5196,93
2022-01-11,Colusa,011,21464,2864,2766,845,3611,21
2022-01-11,Contra Costa,013,1133247,145165,132410,7173,139583,1077
2022-01-11,Del Norte,015,27424,4141,4006,82,4088,43
2022-01-11,El Dorado,017,186661,21892,19842,2330,22172,174
2022-01-11,Fresno,019,978130,173862,163509,16355,179864,2404
2022-01-11,Glenn,021,27897,4039,3844,1195,5039,39
2022-01-11,Humboldt,023,135768,13128,11960,1505,13465,122
2022-01-11,Imperial,025,180216,44232,41444,6887,48331,813
2022-01-11,Inyo,027,18085,3488,3278,99,3377,49
2022-01-11,Kern,029,883053,157720,146942,32896,179838,1929
2022-01-11,Kings,031,150075,38883,36524,2444,38968,389
2022-01-11,Lake,033,64148,7923,7494,390,7884,117
2022-01-11,Lassen,035,31185,7410,7210,537,7747,55
2022-01-11,Los Angeles,037,10098052,2197209,1966319,98614,2064933,27563
2022-01-11,Madera,039,155013,28397,26688,3152,29840,329
2022-01-11,Marin,041,260295,26608,24387,1477,25864,251
2022-01-11,Mariposa,043,17540,1876,1718,79,1797,6
2022-01-11,Mendocino,045,87422,10040,9301,1127,10428,102
2022-01-11,Merced,047,269075,50772,48068,3555,51623,708
2022-01-11,Modoc,049,8938,636,626,218,844,6
2022-01-11,Mono,051,14174,2622,2425,85,2510,4
2022-01-11,Monterey,053,433212,60446,53911,5991,59902,646
2022-01-11,Napa,055,140530,19557,17020,485,17505,109
2022-01-11,Nevada,057,99092,12501,11467,607,12074,110
2022-01-11,Orange,059,3164182,456589,417703,32875,450578,5909
2022-01-11,Placer,061,380077,50265,46459,5509,51968,500
2022-01-11,Plumas,063,18699,2244,2099,99,2198,12
2022-01-11,Riverside,065,2383286,490206,453766,22759,476525,5551
2022-01-11,Sacramento,067,1510023,221060,201058,13314,214372,2489
2022-01-11,San Benito,069,59416,10256,9624,304,9928,83
2022-01-11,San Bernardino,071,2135413,479920,442960,18887,461847,6198
2022-01-11,San Diego,073,3302833,590781,536954,37704,574658,4520
2022-01-11,San Francisco,075,870044,94413,83678,5607,89285,691
2022-01-11,San Joaquin,077,732212,131453,121139,7297,128436,1944
2022-01-11,San Luis Obispo,079,281455,40312,37183,2340,39523,372
2022-01-11,San Mateo,081,765935,91921,76756,3626,80382,582
2022-01-11,Santa Barbara,083,443738,64888,59758,2864,62622,578
2022-01-11,Santa Clara,085,1922200,230782,208425,6612,215037,1971
2022-01-11,Santa Cruz,087,273765,31082,27709,1559,29268,232
2022-01-11,Shasta,089,179085,25137,24132,4328,28460,446
2022-01-11,Sierra,091,2930,246,228,28,256,0
2022-01-11,Siskiyou,093,43540,3757,3621,1737,5358,62
2022-01-11,Solano,095,438530,61567,56349,3282,59631,388
2022-01-11,Sonoma,097,501317,61518,55411,1495,56906,416
2022-01-11,Stanislaus,099,539301,95497,90998,11482,102480,1372
2022-01-11,Sutter,101,95872,16840,15993,736,16729,197
2022-01-11,Tehama,103,63373,9888,9406,1908,11314,140
2022-01-11,Trinity,105,12862,970,858,244,1102,19
2022-01-11,Tulare,107,460477,81926,76267,20001,96268,1188
2022-01-11,Tuolumne,109,53932,9396,8811,190,9001,91
2022-01-11,Ventura,111,848112,142731,129548,7787,137335,1220
2022-01-11,Yolo,113,214977,28699,26482,2114,28596,270
2022-01-11,Yuba,115,75493,12657,11912,612,12524,101
2022-01-10,Alameda,001,1643700,183750,165657,7635,173292,1559
2022-01-10,Alpine,003,1148,115,116,0,116,0
2022-01-10,Amador,005,37829,6578,6279,138,6417,71
2022-01-10,Butte,007,227075,25931,24217,4758,28975,347
2022-01-10,Calaveras,009,45235,5461,5025,107,5132,93
2022-01-10,Colusa,011,21464,2836,2758,835,3593,21
2022-01-10,Contra Costa,013,1133247,142435,129951,6657,136608,1077
2022-01-10,Del Norte,015,27424,4118,3970,82,4052,43
2022-01-10,El Dorado,017,186661,21327,19606,2273,21879,172
2022-01-10,Fresno,019,978130,170817,161593,15970,177563,2404
2022-01-10,Glenn,021,27897,3980,3807,1181,4988,39
2022-01-10,Humboldt,023,135768,12884,11778,1370,13148,121
2022-01-10,Imperial,025,180216,43503,41080,6659,47739,811
2022-01-10,Inyo,027,18085,3433,3227,87,3314,49
2022-01-10,Kern,029,883053,155150,145744,32141,177885,1929
2022-01-10,Kings,031,150075,38253,36286,2408,38694,389
2022-01-10,Lake,033,64148,7834,7416,366,7782,117
2022-01-10,Lassen,035,31185,7373,7192,514,7706,55
2022-01-10,Los Angeles,037,10098052,2151684,1932475,96120,2028595,27546
2022-01-10,Madera,039,155013,27944,26501,3053,29554,328
2022-01-10,Marin,041,260295,26121,24023,1403,25426,251
2022-01-10,Mariposa,043,17540,1836,1684,73,1757,6
2022-01-10,Mendocino,045,87422,9867,9163,1038,10201,101
2022-01-10,Merced,047,269075,49974,47632,3267,50899,707
2022-01-10,Modoc,049,8938,635,622,216,838,6
2022-01-10,Mono,051,14174,2556,2415,80,2495,4
2022-01-10,Monterey,053,433212,59493,53485,5674,59159,645
2022-01-10,Napa,055,140530,19179,16775,470,17245,109
2022-01-10,Nevada,057,99092,12278,11300,569,11869,110
2022-01-10,Orange,059,3164182,447896,406170,32019,438189,5906
2022-01-10,Placer,061,380077,49416,45642,5347,50989,498
2022-01-10,Plumas,063,18699,2212,2086,97,2183,12
2022-01-10,Riverside,065,2383286,481957,445536,22304,467840,5546
2022-01-10,Sacramento,067,1510023,216557,198023,12254,210277,2474
2022-01-10,San Benito,069,59416,10084,9467,294,9761,83
2022-01-10,San Bernardino,071,2135413,471778,437207,18172,455379,6184
2022-01-10,San Diego,073,3302833,578075,530506,36569,567075,4500
2022-01-10,San Francisco,075,870044,92615,82209,5346,87555,690
2022-01-10,San Joaquin,077,732212,128787,119587,7064,126651,1927
2022-01-10,San Luis Obispo,079,281455,39498,36618,2242,38860,371
2022-01-10,San Mateo,081,765935,89277,75210,3368,78578,582
2022-01-10,Santa Barbara,083,443738,63631,58957,2674,61631,578
2022-01-10,Santa Clara,085,1922200,224926,203540,6127,209667,1971
2022-01-10,Santa Cruz,087,273765,30242,26906,1520,28426,232
2022-01-10,Shasta,089,179085,24938,23983,4251,28234,446
2022-01-10,Sierra,091,2930,243,223,28,251,0
2022-01-10,Siskiyou,093,43540,3724,3592,1693,5285,62
2022-01-10,Solano,095,438530,60526,55663,3073,58736,385
2022-01-10,Sonoma,097,501317,59975,54478,1450,55928,412
2022-01-10,Stanislaus,099,539301,94166,89997,11165,101162,1372
2022-01-10,Sutter,101,95872,16595,15823,689,16512,196
2022-01-10,Tehama,103,63373,9775,9360,1852,11212,140
2022-01-10,Trinity,105,12862,966,849,242,1091,19
2022-01-10,Tulare,107,460477,80424,75498,19582,95080,1186
2022-01-10,Tuolumne,109,53932,9270,8685,178,8863,91
2022-01-10,Ventura,111,848112,140131,126240,7647,133887,1217
2022-01-10,Yolo,113,214977,28137,26065,2062,28127,270
2022-01-10,Yuba,115,75493,12408,11776,577,12353,101
2022-01-09,Alameda,001,1643700,179262,162701,6956,169657,1561
2022-01-09,Alpine,003,1148,115,116,0,116,0
2022-01-09,Amador,005,37829,6491,6215,126,6341,71
2022-01-09,Butte,007,227075,25543,24018,4643,28661,347
2022-01-09,Calaveras,009,45235,5331,4976,98,5074,93
2022-01-09,Colusa,011,21464,2809,2750,813,3563,21
2022-01-09,Contra Costa,013,1133247,139584,128050,5999,134049,1077
2022-01-09,Del Norte,015,27424,4079,3950,78,4028,43
2022-01-09,El Dorado,017,186661,20967,19430,2207,21637,172
2022-01-09,Fresno,019,978130,168233,159989,15604,175593,2405
2022-01-09,Glenn,021,27897,3925,3797,1160,4957,39
2022-01-09,Humboldt,023,135768,12640,11582,1246,12828,121
2022-01-09,Imperial,025,180216,42660,40608,6382,46990,811
2022-01-09,Inyo,027,18085,3331,3149,78,3227,49
2022-01-09,Kern,029,883053,152692,144819,31392,176211,1927
2022-01-09,Kings,031,150075,37571,36041,2369,38410,389
2022-01-09,Lake,033,64148,7723,7393,321,7714,117
2022-01-09,Lassen,035,31185,7309,7172,485,7657,55
2022-01-09,Los Angeles,037,10098052,2103624,1887830,93113,1980943,27532
2022-01-09,Madera,039,155013,27562,26325,2953,29278,328
2022-01-09,Marin,041,260295,25670,23708,1311,25019,251
2022-01-09,Mariposa,043,17540,1786,1660,72,1732,6
2022-01-09,Mendocino,045,87422,9657,9097,926,10023,101
2022-01-09,Merced,047,269075,49105,47294,2996,50290,706
2022-01-09,Modoc,049,8938,633,619,216,835,6
2022-01-09,Mono,051,14174,2521,2390,73,2463,4
2022-01-09,Monterey,053,433212,58438,53251,5399,58650,645
2022-01-09,Napa,055,140530,18684,16614,454,17068,109
2022-01-09,Nevada,057,99092,12017,11152,507,11659,110
2022-01-09,Orange,059,3164182,437902,400563,31062,431625,5905
2022-01-09,Placer,061,380077,48437,45081,5196,50277,498
2022-01-09,Plumas,063,18699,2172,2081,78,2159,12
2022-01-09,Riverside,065,2383286,472986,440413,21756,462169,5546
2022-01-09,Sacramento,067,1510023,211757,195444,11106,206550,2475
2022-01-09,San Benito,069,59416,9898,9363,266,9629,83
2022-01-09,San Bernardino,071,2135413,463752,430257,17357,447614,6180
2022-01-09,San Diego,073,3302833,564903,478206,34721,512927,4500
2022-01-09,San Francisco,075,870044,90745,80463,5097,85560,690
2022-01-09,San Joaquin,077,732212,125715,118422,6900,125322,1927
2022-01-09,San Luis Obispo,079,281455,38690,36291,2134,38425,371
2022-01-09,San Mateo,081,765935,86779,73867,3038,76905,582
2022-01-09,Santa Barbara,083,443738,61946,58280,2411,60691,578
2022-01-09,Santa Clara,085,1922200,218820,199889,5580,205469,1976
2022-01-09,Santa Cruz,087,273765,29493,26513,1488,28001,232
2022-01-09,Shasta,089,179085,24704,23926,4163,28089,446
2022-01-09,Sierra,091,2930,240,223,26,249,0
2022-01-09,Siskiyou,093,43540,3696,3580,1632,5212,62
2022-01-09,Solano,095,438530,59370,54985,2786,57771,384
2022-01-09,Sonoma,097,501317,58300,53543,1412,54955,412
2022-01-09,Stanislaus,099,539301,92799,89248,10906,100154,1372
2022-01-09,Sutter,101,95872,16307,15695,607,16302,196
2022-01-09,Tehama,103,63373,9655,9306,1800,11106,140
2022-01-09,Trinity,105,12862,962,848,240,1088,19
2022-01-09,Tulare,107,460477,79000,75085,19186,94271,1186
2022-01-09,Tuolumne,109,53932,9115,8595,159,8754,91
2022-01-09,Ventura,111,848112,137074,124269,7418,131687,1217
2022-01-09,Yolo,113,214977,27533,25632,2018,27650,270
2022-01-09,Yuba,115,75493,12211,11666,546,12212,101
2022-01-08,Alameda,001,1643700,177365,148560,6810,155370,1558
2022-01-08,Alpine,003,1148,115,114,0,114,0
2022-01-08,Amador,005,37829,6458,6091,121,6212,71
2022-01-08,Butte,007,227075,25362,23429,4605,28034,347
2022-01-08,Calaveras,009,45235,5285,4823,94,4917,93
2022-01-08,Colusa,011,21464,2800,2713,810,3523,21
2022-01-08,Contra Costa,013,1133247,138080,119907,5920,125827,1077
2022-01-08,Del Norte,015,27424,4062,3902,78,3980,43
2022-01-08,El Dorado,017,186661,20786,18599,2173,20772,172
2022-01-08,Fresno,019,978130,167349,155394,15503,170897,2393
2022-01-08,Glenn,021,27897,3917,3732,1155,4887,39
2022-01-08,Humboldt,023,135768,12520,11149,1220,12369,121
2022-01-08,Imperial,025,180216,42472,39429,6237,45666,800
2022-01-08,Inyo,027,18085,3317,3020,75,3095,49
2022-01-08,Kern,029,883053,151556,140410,30957,171367,1921
2022-01-08,Kings,031,150075,37332,35275,2351,37626,390
2022-01-08,Lake,033,64148,7683,7209,313,7522,117
2022-01-08,Lassen,035,31185,7283,7127,469,7596,55
2022-01-08,Los Angeles,037,10098052,2085234,1765787,91359,1857146,27476
2022-01-08,Madera,039,155013,27394,25767,2916,28683,328
2022-01-08,Marin,041,260295,25384,22377,1300,23677,251
2022-01-08,Mariposa,043,17540,1776,1588,72,1660,6
2022-01-08,Mendocino,045,87422,9583,8792,924,9716,101
2022-01-08,Merced,047,269075,48934,46094,2974,49068,703
2022-01-08,Modoc,049,8938,633,610,216,826,6
2022-01-08,Mono,051,14174,2510,2240,68,2308,4
2022-01-08,Monterey,053,433212,58051,51721,5306,57027,644
2022-01-08,Napa,055,140530,18530,15819,428,16247,109
2022-01-08,Nevada,057,99092,11935,10765,494,11259,110
2022-01-08,Orange,059,3164182,434105,375124,30204,405328,5903
2022-01-08,Placer,061,380077,47997,43172,5154,48326,495
2022-01-08,Plumas,063,18699,2162,2053,73,2126,12
2022-01-08,Riverside,065,2383286,469471,422591,21482,444073,5535
2022-01-08,Sacramento,067,1510023,210347,185118,10943,196061,2470
2022-01-08,San Benito,069,59416,9735,9016,263,9279,83
2022-01-08,San Bernardino,071,2135413,460464,411724,16962,428686,6122
2022-01-08,San Diego,073,3302833,560008,472273,34188,506461,4495
2022-01-08,San Francisco,075,870044,89546,73660,4816,78476,690
2022-01-08,San Joaquin,077,732212,124753,112514,6804,119318,1916
2022-01-08,San Luis Obispo,079,281455,38488,34489,2091,36580,369
2022-01-08,San Mateo,081,765935,85428,67918,2951,70869,582
2022-01-08,Santa Barbara,083,443738,61251,54617,2377,56994,575
2022-01-08,Santa Clara,085,1922200,215766,183842,5371,189213,1966
2022-01-08,Santa Cruz,087,273765,29068,24678,1467,26145,230
2022-01-08,Shasta,089,179085,24617,23585,4131,27716,445
2022-01-08,Sierra,091,2930,236,215,25,240,0
2022-01-08,Siskiyou,093,43540,3684,3545,1618,5163,62
2022-01-08,Solano,095,438530,58961,52452,2717,55169,383
2022-01-08,Sonoma,097,501317,57778,50130,1378,51508,411
2022-01-08,Stanislaus,099,539301,92160,87049,10798,97847,1372
2022-01-08,Sutter,101,95872,16189,15261,594,15855,195
2022-01-08,Tehama,103,63373,9624,9109,1792,10901,140
2022-01-08,Trinity,105,12862,956,836,240,1076,19
2022-01-08,Tulare,107,460477,78604,73600,19048,92648,1185
2022-01-08,Tuolumne,109,53932,9008,8360,156,8516,91
2022-01-08,Ventura,111,848112,135906,117229,7289,124518,1216
2022-01-08,Yolo,113,214977,27239,24006,1991,25997,270
2022-01-08,Yuba,115,75493,12124,11277,543,11820,101
2022-01-07,Alameda,001,1643700,174669,148560,6698,155258,1558
2022-01-07,Alpine,003,1148,115,114,0,114,0
2022-01-07,Amador,005,37829,6409,6091,119,6210,71
2022-01-07,Butte,007,227075,25158,23429,4573,28002,347
2022-01-07,Calaveras,009,45235,5247,4823,94,4917,93
2022-01-07,Colusa,011,21464,2791,2713,799,3512,21
2022-01-07,Contra Costa,013,1133247,136210,119907,5798,125705,1077
2022-01-07,Del Norte,015,27424,4046,3902,77,3979,43
2022-01-07,El Dorado,017,186661,20625,18599,2159,20758,172
2022-01-07,Fresno,019,978130,165991,155394,15417,170811,2393
2022-01-07,Glenn,021,27897,3897,3732,1152,4884,39
2022-01-07,Humboldt,023,135768,12377,11149,1192,12341,121
2022-01-07,Imperial,025,180216,42311,39429,6152,45581,800
2022-01-07,Inyo,027,18085,3298,3020,73,3093,49
2022-01-07,Kern,029,883053,150584,140410,30512,170922,1921
2022-01-07,Kings,031,150075,37152,35275,2337,37612,390
2022-01-07,Lake,033,64148,7636,7209,287,7496,117
2022-01-07,Lassen,035,31185,7269,7127,466,7593,55
2022-01-07,Los Angeles,037,10098052,2054046,1765787,89889,1855676,27476
2022-01-07,Madera,039,155013,27213,25767,2882,28649,328
2022-01-07,Marin,041,260295,25003,22377,1282,23659,251
2022-01-07,Mariposa,043,17540,1760,1588,72,1660,6
2022-01-07,Mendocino,045,87422,9490,8792,923,9715,101
2022-01-07,Merced,047,269075,48768,46094,2949,49043,703
2022-01-07,Modoc,049,8938,632,610,216,826,6
2022-01-07,Mono,051,14174,2472,2240,62,2302,4
2022-01-07,Monterey,053,433212,57631,51721,5213,56934,644
2022-01-07,Napa,055,140530,18303,15819,407,16226,109
2022-01-07,Nevada,057,99092,11808,10765,473,11238,110
2022-01-07,Orange,059,3164182,429290,375124,29587,404711,5903
2022-01-07,Placer,061,380077,47495,43172,5106,48278,495
2022-01-07,Plumas,063,18699,2153,2053,72,2125,12
2022-01-07,Riverside,065,2383286,465653,422591,21250,443841,5535
2022-01-07,Sacramento,067,1510023,208073,185118,10783,195901,2470
2022-01-07,San Benito,069,59416,9689,9016,262,9278,83
2022-01-07,San Bernardino,071,2135413,456602,411724,16737,428461,6122
2022-01-07,San Diego,073,3302833,552872,472273,33643,505916,4495
2022-01-07,San Francisco,075,870044,88107,73660,4556,78216,690
2022-01-07,San Joaquin,077,732212,123810,112514,6745,119259,1916
2022-01-07,San Luis Obispo,079,281455,38273,34489,2036,36525,369
2022-01-07,San Mateo,081,765935,83991,67918,2892,70810,582
2022-01-07,Santa Barbara,083,443738,60551,54617,2355,56972,575
2022-01-07,Santa Clara,085,1922200,212507,183842,5260,189102,1966
2022-01-07,Santa Cruz,087,273765,28590,24678,1451,26129,230
2022-01-07,Shasta,089,179085,24523,23585,4097,27682,445
2022-01-07,Sierra,091,2930,233,215,25,240,0
2022-01-07,Siskiyou,093,43540,3674,3545,1606,5151,62
2022-01-07,Solano,095,438530,58268,52452,2676,55128,383
2022-01-07,Sonoma,097,501317,57177,50130,1290,51420,411
2022-01-07,Stanislaus,099,539301,91637,87049,10711,97760,1372
2022-01-07,Sutter,101,95872,16039,15261,581,15842,195
2022-01-07,Tehama,103,63373,9588,9109,1779,10888,140
2022-01-07,Trinity,105,12862,949,836,239,1075,19
2022-01-07,Tulare,107,460477,78173,73600,18902,92502,1185
2022-01-07,Tuolumne,109,53932,8920,8360,152,8512,91
2022-01-07,Ventura,111,848112,134281,117229,7161,124390,1216
2022-01-07,Yolo,113,214977,26866,24006,1972,25978,270
2022-01-07,Yuba,115,75493,12020,11277,538,11815,101
2022-01-06,Alameda,001,1643700,169297,148560,6284,154844,1558
2022-01-06,Alpine,003,1148,114,114,0,114,0
2022-01-06,Amador,005,37829,6357,6091,113,6204,71
2022-01-06,Butte,007,227075,24868,23429,4488,27917,347
2022-01-06,Calaveras,009,45235,5126,4823,92,4915,93
2022-01-06,Colusa,011,21464,2770,2713,790,3503,21
2022-01-06,Contra Costa,013,1133247,133348,119907,5382,125289,1077
2022-01-06,Del Norte,015,27424,4012,3902,75,3977,43
2022-01-06,El Dorado,017,186661,20292,18599,2118,20717,172
2022-01-06,Fresno,019,978130,163873,155394,15168,170562,2393
2022-01-06,Glenn,021,27897,3870,3732,1126,4858,39
2022-01-06,Humboldt,023,135768,12151,11149,1151,12300,121
2022-01-06,Imperial,025,180216,41724,39429,5947,45376,800
2022-01-06,Inyo,027,18085,3260,3020,73,3093,49
2022-01-06,Kern,029,883053,148916,140410,29833,170243,1921
2022-01-06,Kings,031,150075,36814,35275,2312,37587,390
2022-01-06,Lake,033,64148,7562,7209,275,7484,117
2022-01-06,Lassen,035,31185,7247,7127,460,7587,55
2022-01-06,Los Angeles,037,10098052,1999898,1765787,87522,1853309,27476
2022-01-06,Madera,039,155013,26907,25767,2826,28593,328
2022-01-06,Marin,041,260295,24597,22377,1249,23626,251
2022-01-06,Mariposa,043,17540,1741,1588,70,1658,6
2022-01-06,Mendocino,045,87422,9394,8792,882,9674,101
2022-01-06,Merced,047,269075,48219,46094,2813,48907,703
2022-01-06,Modoc,049,8938,631,610,216,826,6
2022-01-06,Mono,051,14174,2449,2240,59,2299,4
2022-01-06,Monterey,053,433212,56910,51721,4957,56678,644
2022-01-06,Napa,055,140530,17904,15819,398,16217,109
2022-01-06,Nevada,057,99092,11609,10765,461,11226,110
2022-01-06,Orange,059,3164182,419837,375124,28845,403969,5903
2022-01-06,Placer,061,380077,46754,43172,5018,48190,495
2022-01-06,Plumas,063,18699,2135,2053,65,2118,12
2022-01-06,Riverside,065,2383286,458186,422591,20955,443546,5535
2022-01-06,Sacramento,067,1510023,204005,185118,10013,195131,2470
2022-01-06,San Benito,069,59416,9589,9016,255,9271,83
2022-01-06,San Bernardino,071,2135413,449310,411724,16251,427975,6122
2022-01-06,San Diego,073,3302833,541213,472273,32654,504927,4495
2022-01-06,San Francisco,075,870044,85781,73660,4302,77962,690
2022-01-06,San Joaquin,077,732212,121655,112514,6663,119177,1916
2022-01-06,San Luis Obispo,079,281455,37572,34489,1965,36454,369
2022-01-06,San Mateo,081,765935,81585,67918,2711,70629,582
2022-01-06,Santa Barbara,083,443738,59387,54617,2292,56909,575
2022-01-06,Santa Clara,085,1922200,207593,183842,4873,188715,1966
2022-01-06,Santa Cruz,087,273765,28033,24678,1428,26106,230
2022-01-06,Shasta,089,179085,24379,23585,4047,27632,445
2022-01-06,Sierra,091,2930,230,215,25,240,0
2022-01-06,Siskiyou,093,43540,3658,3545,1560,5105,62
2022-01-06,Solano,095,438530,57257,52452,2501,54953,383
2022-01-06,Sonoma,097,501317,55788,50130,1258,51388,411
2022-01-06,Stanislaus,099,539301,90489,87049,10547,97596,1372
2022-01-06,Sutter,101,95872,15863,15261,552,15813,195
2022-01-06,Tehama,103,63373,9510,9109,1752,10861,140
2022-01-06,Trinity,105,12862,942,836,238,1074,19
2022-01-06,Tulare,107,460477,77462,73600,18726,92326,1185
2022-01-06,Tuolumne,109,53932,8811,8360,146,8506,91
2022-01-06,Ventura,111,848112,131589,117229,7007,124236,1216
2022-01-06,Yolo,113,214977,26310,24006,1928,25934,270
2022-01-06,Yuba,115,75493,11885,11277,521,11798,101
2022-01-05,Alameda,001,1643700,164135,144824,5850,150674,1548
2022-01-05,Alpine,003,1148,114,112,0,112,0
2022-01-05,Amador,005,37829,6313,6012,110,6122,70
2022-01-05,Butte,007,227075,24565,23134,4430,27564,343
2022-01-05,Calaveras,009,45235,5070,4758,90,4848,90
2022-01-05,Colusa,011,21464,2756,2704,779,3483,21
2022-01-05,Contra Costa,013,1133247,130341,117188,4934,122122,1071
2022-01-05,Del Norte,015,27424,3991,3862,73,3935,43
2022-01-05,El Dorado,017,186661,19907,18367,2088,20455,171
2022-01-05,Fresno,019,978130,161861,153033,14903,167936,2377
2022-01-05,Glenn,021,27897,3822,3700,1116,4816,39
2022-01-05,Humboldt,023,135768,11947,10938,1103,12041,120
2022-01-05,Imperial,025,180216,41092,38789,5792,44581,800
2022-01-05,Inyo,027,18085,3177,2939,69,3008,49
2022-01-05,Kern,029,883053,147141,138186,29255,167441,1913
2022-01-05,Kings,031,150075,36472,34893,2293,37186,387
2022-01-05,Lake,033,64148,7481,7129,259,7388,117
2022-01-05,Lassen,035,31185,7228,7077,452,7529,55
2022-01-05,Los Angeles,037,10098052,1943626,1729640,85121,1814761,27443
2022-01-05,Madera,039,155013,26668,25392,2736,28128,327
2022-01-05,Marin,041,260295,24256,21829,1197,23026,251
2022-01-05,Mariposa,043,17540,1715,1564,69,1633,6
2022-01-05,Mendocino,045,87422,9263,8625,847,9472,101
2022-01-05,Merced,047,269075,47644,45721,2681,48402,700
2022-01-05,Modoc,049,8938,628,603,216,819,6
2022-01-05,Mono,051,14174,2429,2201,55,2256,4
2022-01-05,Monterey,053,433212,56083,51241,4756,55997,639
2022-01-05,Napa,055,140530,17541,15494,366,15860,108
2022-01-05,Nevada,057,99092,11409,10624,444,11068,110
2022-01-05,Orange,059,3164182,409793,366139,27790,393929,5869
2022-01-05,Placer,061,380077,45872,42456,4922,47378,492
2022-01-05,Plumas,063,18699,2119,2020,63,2083,12
2022-01-05,Riverside,065,2383286,450736,415253,20607,435860,5502
2022-01-05,Sacramento,067,1510023,199224,181488,9027,190515,2455
2022-01-05,San Benito,069,59416,9396,8829,243,9072,83
2022-01-05,San Bernardino,071,2135413,441061,405323,15703,421026,6085
2022-01-05,San Diego,073,3302833,527617,466602,31681,498283,4495
2022-01-05,San Francisco,075,870044,83212,71405,4165,75570,686
2022-01-05,San Joaquin,077,732212,119126,110497,6584,117081,1903
2022-01-05,San Luis Obispo,079,281455,36777,34066,1888,35954,369
2022-01-05,San Mateo,081,765935,79423,66018,2512,68530,578
2022-01-05,Santa Barbara,083,443738,58082,53082,2212,55294,570
2022-01-05,Santa Clara,085,1922200,201803,178629,4457,183086,1961
2022-01-05,Santa Cruz,087,273765,27281,24394,1405,25799,229
2022-01-05,Shasta,089,179085,24221,23361,4018,27379,441
2022-01-05,Sierra,091,2930,227,210,23,233,0
2022-01-05,Siskiyou,093,43540,3648,3513,1531,5044,60
2022-01-05,Solano,095,438530,56219,51505,2365,53870,380
2022-01-05,Sonoma,097,501317,54525,49120,1096,50216,412
2022-01-05,Stanislaus,099,539301,89506,86248,10392,96640,1360
2022-01-05,Sutter,101,95872,15661,15117,512,15629,193
2022-01-05,Tehama,103,63373,9414,9011,1720,10731,140
2022-01-05,Trinity,105,12862,939,822,236,1058,19
2022-01-05,Tulare,107,460477,76683,72718,18549,91267,1173
2022-01-05,Tuolumne,109,53932,8718,8223,139,8362,90
2022-01-05,Ventura,111,848112,128837,114752,6802,121554,1211
2022-01-05,Yolo,113,214977,25697,23401,1885,25286,269
2022-01-05,Yuba,115,75493,11702,11138,495,11633,100
2022-01-04,Alameda,001,1643700,158564,143360,5437,148797,1532
2022-01-04,Alpine,003,1148,114,113,0,113,0
2022-01-04,Amador,005,37829,6246,6025,105,6130,71
2022-01-04,Butte,007,227075,24266,23094,4363,27457,346
2022-01-04,Calaveras,009,45235,4995,4767,87,4854,93
2022-01-04,Colusa,011,21464,2737,2689,772,3461,21
2022-01-04,Contra Costa,013,1133247,127284,116005,4574,120579,1075
2022-01-04,Del Norte,015,27424,3959,3882,70,3952,43
2022-01-04,El Dorado,017,186661,19545,18339,2066,20405,172
2022-01-04,Fresno,019,978130,159706,153244,14649,167893,2380
2022-01-04,Glenn,021,27897,3792,3705,1102,4807,39
2022-01-04,Humboldt,023,135768,11693,10865,1052,11917,120
2022-01-04,Imperial,025,180216,40487,38596,5524,44120,800
2022-01-04,Inyo,027,18085,3093,2870,68,2938,49
2022-01-04,Kern,029,883053,145214,138245,28667,166912,1916
2022-01-04,Kings,031,150075,36157,34931,2277,37208,388
2022-01-04,Lake,033,64148,7440,7152,249,7401,117
2022-01-04,Lassen,035,31185,7205,7111,448,7559,55
2022-01-04,Los Angeles,037,10098052,1883693,1705253,82779,1788032,27419
2022-01-04,Madera,039,155013,26325,25425,2668,28093,328
2022-01-04,Marin,041,260295,23776,21675,1138,22813,251
2022-01-04,Mariposa,043,17540,1679,1564,68,1632,6
2022-01-04,Mendocino,045,87422,9140,8636,823,9459,101
2022-01-04,Merced,047,269075,47032,45583,2551,48134,700
2022-01-04,Modoc,049,8938,625,611,216,827,6
2022-01-04,Mono,051,14174,2380,2190,45,2235,4
2022-01-04,Monterey,053,433212,55349,51176,4561,55737,643
2022-01-04,Napa,055,140530,17039,15370,336,15706,107
2022-01-04,Nevada,057,99092,11253,10608,432,11040,110
2022-01-04,Orange,059,3164182,399024,362051,26647,388698,5897
2022-01-04,Placer,061,380077,45039,42285,4804,47089,494
2022-01-04,Plumas,063,18699,2098,2014,61,2075,12
2022-01-04,Riverside,065,2383286,442219,413366,20257,433623,5504
2022-01-04,Sacramento,067,1510023,194275,181271,8268,189539,2453
2022-01-04,San Benito,069,59416,9208,8763,235,8998,79
2022-01-04,San Bernardino,071,2135413,432384,404409,15168,419577,6060
2022-01-04,San Diego,073,3302833,511210,458499,30723,489222,4487
2022-01-04,San Francisco,075,870044,80360,70666,4019,74685,688
2022-01-04,San Joaquin,077,732212,116722,110374,6451,116825,1911
2022-01-04,San Luis Obispo,079,281455,35968,33788,1800,35588,371
2022-01-04,San Mateo,081,765935,77106,65157,2322,67479,582
2022-01-04,Santa Barbara,083,443738,56559,52449,2134,54583,574
2022-01-04,Santa Clara,085,1922200,195824,176854,3991,180845,1964
2022-01-04,Santa Cruz,087,273765,26519,23904,1369,25273,228
2022-01-04,Shasta,089,179085,24078,23366,3964,27330,442
2022-01-04,Sierra,091,2930,226,214,22,236,0
2022-01-04,Siskiyou,093,43540,3632,3509,1512,5021,61
2022-01-04,Solano,095,438530,54921,51300,2168,53468,383
2022-01-04,Sonoma,097,501317,52815,48653,973,49626,410
2022-01-04,Stanislaus,099,539301,88450,86107,10236,96343,1361
2022-01-04,Sutter,101,95872,15507,15032,488,15520,193
2022-01-04,Tehama,103,63373,9338,9020,1698,10718,140
2022-01-04,Trinity,105,12862,933,833,232,1065,18
2022-01-04,Tulare,107,460477,75887,72893,18344,91237,1172
2022-01-04,Tuolumne,109,53932,8609,8235,134,8369,91
2022-01-04,Ventura,111,848112,125767,114079,6571,120650,1213
2022-01-04,Yolo,113,214977,25047,22938,1843,24781,270
2022-01-04,Yuba,115,75493,11522,11104,481,11585,101
2022-01-03,Alameda,001,1643700,152525,142090,4996,147086,1529
2022-01-03,Alpine,003,1148,113,113,0,113,0
2022-01-03,Amador,005,37829,6186,6004,100,6104,71
2022-01-03,Butte,007,227075,23970,22924,4312,27236,345
2022-01-03,Calaveras,009,45235,4936,4742,82,4824,93
2022-01-03,Colusa,011,21464,2728,2683,765,3448,21
2022-01-03,Contra Costa,013,1133247,124085,114966,3987,118953,1073
2022-01-03,Del Norte,015,27424,3939,3873,66,3939,43
2022-01-03,El Dorado,017,186661,19151,18183,2040,20223,172
2022-01-03,Fresno,019,978130,157726,152674,14446,167120,2379
2022-01-03,Glenn,021,27897,3763,3703,1067,4770,39
2022-01-03,Humboldt,023,135768,11481,10784,1004,11788,119
2022-01-03,Imperial,025,180216,39853,38411,5342,43753,800
2022-01-03,Inyo,027,18085,3024,2845,64,2909,49
2022-01-03,Kern,029,883053,143220,137773,28069,165842,1916
2022-01-03,Kings,031,150075,35839,34817,2248,37065,387
2022-01-03,Lake,033,64148,7338,7134,231,7365,117
2022-01-03,Lassen,035,31185,7187,7103,446,7549,55
2022-01-03,Los Angeles,037,10098052,1822926,1686203,80000,1766203,27394
2022-01-03,Madera,039,155013,26032,25323,2624,27947,320
2022-01-03,Marin,041,260295,23188,21532,1099,22631,251
2022-01-03,Mariposa,043,17540,1637,1559,68,1627,6
2022-01-03,Mendocino,045,87422,8992,8573,773,9346,101
2022-01-03,Merced,047,269075,46441,45459,2444,47903,696
2022-01-03,Modoc,049,8938,622,602,216,818,6
2022-01-03,Mono,051,14174,2301,2172,40,2212,4
2022-01-03,Monterey,053,433212,54526,51047,4358,55405,644
2022-01-03,Napa,055,140530,16531,15260,303,15563,107
2022-01-03,Nevada,057,99092,11088,10572,422,10994,110
2022-01-03,Orange,059,3164182,387851,358052,25447,383499,5894
2022-01-03,Placer,061,380077,44218,42054,4741,46795,489
2022-01-03,Plumas,063,18699,2080,2005,61,2066,12
2022-01-03,Riverside,065,2383286,433744,410155,19758,429913,5504
2022-01-03,Sacramento,067,1510023,189120,179992,7695,187687,2452
2022-01-03,San Benito,069,59416,9043,8688,228,8916,79
2022-01-03,San Bernardino,071,2135413,423938,401938,14708,416646,6056
2022-01-03,San Diego,073,3302833,495062,451154,29760,480914,4476
2022-01-03,San Francisco,075,870044,77560,69315,3771,73086,686
2022-01-03,San Joaquin,077,732212,114420,109757,6370,116127,1903
2022-01-03,San Luis Obispo,079,281455,35154,33667,1707,35374,367
2022-01-03,San Mateo,081,765935,74394,64470,2167,66637,582
2022-01-03,Santa Barbara,083,443738,55099,51912,2039,53951,571
2022-01-03,Santa Clara,085,1922200,189859,174215,3514,177729,1963
2022-01-03,Santa Cruz,087,273765,25710,23765,1336,25101,228
2022-01-03,Shasta,089,179085,23896,23301,3937,27238,440
2022-01-03,Sierra,091,2930,219,213,21,234,0
2022-01-03,Siskiyou,093,43540,3606,3500,1490,4990,61
2022-01-03,Solano,095,438530,53625,51030,1976,53006,380
2022-01-03,Sonoma,097,501317,51117,48391,876,49267,410
2022-01-03,Stanislaus,099,539301,87456,85793,10070,95863,1332
2022-01-03,Sutter,101,95872,15352,14973,467,15440,193
2022-01-03,Tehama,103,63373,9263,9005,1672,10677,140
2022-01-03,Trinity,105,12862,928,833,231,1064,18
2022-01-03,Tulare,107,460477,75181,72664,18124,90788,1167
2022-01-03,Tuolumne,109,53932,8471,8179,130,8309,91
2022-01-03,Ventura,111,848112,122593,112762,6340,119102,1211
2022-01-03,Yolo,113,214977,24364,22563,1778,24341,270
2022-01-03,Yuba,115,75493,11386,11037,462,11499,99
2022-01-02,Alameda,001,1643700,148095,133486,4507,137993,1528
2022-01-02,Alpine,003,1148,111,113,0,113,0
2022-01-02,Amador,005,37829,6120,5913,95,6008,70
2022-01-02,Butte,007,227075,23631,22469,4252,26721,341
2022-01-02,Calaveras,009,45235,4867,4668,74,4742,93
2022-01-02,Colusa,011,21464,2723,2659,754,3413,21
2022-01-02,Contra Costa,013,1133247,120518,109593,3544,113137,1073
2022-01-02,Del Norte,015,27424,3907,3841,64,3905,43
2022-01-02,El Dorado,017,186661,18815,17621,1988,19609,172
2022-01-02,Fresno,019,978130,156005,149927,14216,164143,2379
2022-01-02,Glenn,021,27897,3743,3663,1058,4721,39
2022-01-02,Humboldt,023,135768,11240,10381,926,11307,119
2022-01-02,Imperial,025,180216,39185,37672,5122,42794,800
2022-01-02,Inyo,027,18085,2954,2726,53,2779,49
2022-01-02,Kern,029,883053,141295,136123,27471,163594,1917
2022-01-02,Kings,031,150075,35520,34318,2213,36531,386
2022-01-02,Lake,033,64148,7267,7060,217,7277,117
2022-01-02,Lassen,035,31185,7171,7089,444,7533,55
2022-01-02,Los Angeles,037,10098052,1771806,1596123,77106,1673229,27371
2022-01-02,Madera,039,155013,25777,25002,2564,27566,320
2022-01-02,Marin,041,260295,22626,20475,1028,21503,249
2022-01-02,Mariposa,043,17540,1606,1509,66,1575,6
2022-01-02,Mendocino,045,87422,8868,8422,755,9177,101
2022-01-02,Merced,047,269075,45907,44769,2348,47117,694
2022-01-02,Modoc,049,8938,620,601,215,816,6
2022-01-02,Mono,051,14174,2273,2101,35,2136,4
2022-01-02,Monterey,053,433212,53907,50251,4148,54399,643
2022-01-02,Napa,055,140530,15989,14439,292,14731,107
2022-01-02,Nevada,057,99092,10904,10299,408,10707,110
2022-01-02,Orange,059,3164182,376852,339526,24287,363813,5890
2022-01-02,Placer,061,380077,43491,40857,4654,45511,489
2022-01-02,Plumas,063,18699,2065,1994,57,2051,12
2022-01-02,Riverside,065,2383286,425415,397124,19236,416360,5501
2022-01-02,Sacramento,067,1510023,185055,173562,6833,180395,2448
2022-01-02,San Benito,069,59416,8859,8320,213,8533,79
2022-01-02,San Bernardino,071,2135413,416286,386278,14157,400435,6051
2022-01-02,San Diego,073,3302833,479980,427087,28592,455679,4469
2022-01-02,San Francisco,075,870044,74621,64498,3532,68030,682
2022-01-02,San Joaquin,077,732212,112557,106640,6265,112905,1902
2022-01-02,San Luis Obispo,079,281455,34420,32342,1624,33966,365
2022-01-02,San Mateo,081,765935,71823,60504,1925,62429,581
2022-01-02,Santa Barbara,083,443738,53664,49555,1976,51531,568
2022-01-02,Santa Clara,085,1922200,183706,164547,3113,167660,1969
2022-01-02,Santa Cruz,087,273765,25040,22980,1303,24283,228
2022-01-02,Shasta,089,179085,23707,23161,3888,27049,435
2022-01-02,Sierra,091,2930,218,206,21,227,0
2022-01-02,Siskiyou,093,43540,3581,3474,1467,4941,61
2022-01-02,Solano,095,438530,52685,48957,1811,50768,379
2022-01-02,Sonoma,097,501317,49792,46040,839,46879,410
2022-01-02,Stanislaus,099,539301,86604,84367,9954,94321,1332
2022-01-02,Sutter,101,95872,15179,14741,449,15190,193
2022-01-02,Tehama,103,63373,9198,8944,1649,10593,139
2022-01-02,Trinity,105,12862,926,832,230,1062,17
2022-01-02,Tulare,107,460477,74519,71941,17931,89872,1160
2022-01-02,Tuolumne,109,53932,8365,8044,125,8169,91
2022-01-02,Ventura,111,848112,119671,107992,6121,114113,1211
2022-01-02,Yolo,113,214977,23690,21747,1705,23452,270
2022-01-02,Yuba,115,75493,11264,10844,445,11289,99
2022-01-01,Alameda,001,1643700,146303,133486,4254,137740,1528
2022-01-01,Alpine,003,1148,111,113,0,113,0
2022-01-01,Amador,005,37829,6085,5913,90,6003,70
2022-01-01,Butte,007,227075,23435,22469,4223,26692,341
2022-01-01,Calaveras,009,45235,4831,4668,72,4740,93
2022-01-01,Colusa,011,21464,2721,2659,744,3403,21
2022-01-01,Contra Costa,013,1133247,119153,109593,3416,113009,1073
2022-01-01,Del Norte,015,27424,3901,3841,64,3905,43
2022-01-01,El Dorado,017,186661,18667,17621,1973,19594,172
2022-01-01,Fresno,019,978130,155342,149927,14138,164065,2379
2022-01-01,Glenn,021,27897,3736,3663,1058,4721,39
2022-01-01,Humboldt,023,135768,11105,10381,906,11287,119
2022-01-01,Imperial,025,180216,39037,37672,5077,42749,800
2022-01-01,Inyo,027,18085,2925,2726,51,2777,49
2022-01-01,Kern,029,883053,140604,136123,27160,163283,1917
2022-01-01,Kings,031,150075,35384,34318,2186,36504,386
2022-01-01,Lake,033,64148,7228,7060,212,7272,117
2022-01-01,Lassen,035,31185,7165,7089,439,7528,55
2022-01-01,Los Angeles,037,10098052,1751713,1596123,75137,1671260,27371
2022-01-01,Madera,039,155013,25693,25002,2550,27552,320
2022-01-01,Marin,041,260295,22316,20475,987,21462,249
2022-01-01,Mariposa,043,17540,1595,1509,66,1575,6
2022-01-01,Mendocino,045,87422,8776,8422,749,9171,101
2022-01-01,Merced,047,269075,45775,44769,2338,47107,694
2022-01-01,Modoc,049,8938,617,601,215,816,6
2022-01-01,Mono,051,14174,2249,2101,30,2131,4
2022-01-01,Monterey,053,433212,53605,50251,4064,54315,643
2022-01-01,Napa,055,140530,15839,14439,277,14716,107
2022-01-01,Nevada,057,99092,10832,10299,401,10700,110
2022-01-01,Orange,059,3164182,372638,339526,23573,363099,5890
2022-01-01,Placer,061,380077,43193,40857,4590,45447,489
2022-01-01,Plumas,063,18699,2053,1994,57,2051,12
2022-01-01,Riverside,065,2383286,421931,397124,19033,416157,5501
2022-01-01,Sacramento,067,1510023,183794,173562,6565,180127,2448
2022-01-01,San Benito,069,59416,8769,8320,213,8533,79
2022-01-01,San Bernardino,071,2135413,413196,386278,13878,400156,6051
2022-01-01,San Diego,073,3302833,474049,427087,28082,455169,4469
2022-01-01,San Francisco,075,870044,73222,64498,3320,67818,682
2022-01-01,San Joaquin,077,732212,111861,106640,6213,112853,1902
2022-01-01,San Luis Obispo,079,281455,34219,32342,1614,33956,365
2022-01-01,San Mateo,081,765935,70356,60504,1774,62278,581
2022-01-01,Santa Barbara,083,443738,52927,49555,1940,51495,568
2022-01-01,Santa Clara,085,1922200,180673,164547,2916,167463,1969
2022-01-01,Santa Cruz,087,273765,24720,22980,1285,24265,228
2022-01-01,Shasta,089,179085,23626,23161,3870,27031,435
2022-01-01,Sierra,091,2930,217,206,21,227,0
2022-01-01,Siskiyou,093,43540,3578,3474,1457,4931,61
2022-01-01,Solano,095,438530,52420,48957,1754,50711,379
2022-01-01,Sonoma,097,501317,49401,46040,807,46847,410
2022-01-01,Stanislaus,099,539301,86202,84367,9892,94259,1332
2022-01-01,Sutter,101,95872,15102,14741,447,15188,193
2022-01-01,Tehama,103,63373,9166,8944,1637,10581,139
2022-01-01,Trinity,105,12862,923,832,230,1062,17
2022-01-01,Tulare,107,460477,74276,71941,17825,89766,1160
2022-01-01,Tuolumne,109,53932,8306,8044,122,8166,91
2022-01-01,Ventura,111,848112,118285,107992,5992,113984,1211
2022-01-01,Yolo,113,214977,23274,21747,1667,23414,270
2022-01-01,Yuba,115,75493,11199,10844,439,11283,99
2021-12-31,Alameda,001,1643700,145572,133486,4158,137644,1528
2021-12-31,Alpine,003,1148,111,113,0,113,0
2021-12-31,Amador,005,37829,6062,5913,89,6002,70
2021-12-31,Butte,007,227075,23333,22469,4193,26662,341
2021-12-31,Calaveras,009,45235,4800,4668,72,4740,93
2021-12-31,Colusa,011,21464,2714,2659,738,3397,21
2021-12-31,Contra Costa,013,1133247,118270,109593,3336,112929,1073
2021-12-31,Del Norte,015,27424,3892,3841,62,3903,43
2021-12-31,El Dorado,017,186661,18592,17621,1955,19576,172
2021-12-31,Fresno,019,978130,155038,149927,14119,164046,2379
2021-12-31,Glenn,021,27897,3735,3663,1056,4719,39
2021-12-31,Humboldt,023,135768,11018,10381,887,11268,119
2021-12-31,Imperial,025,180216,38912,37672,5064,42736,800
2021-12-31,Inyo,027,18085,2899,2726,51,2777,49
2021-12-31,Kern,029,883053,140099,136123,27023,163146,1917
2021-12-31,Kings,031,150075,35279,34318,2176,36494,386
2021-12-31,Lake,033,64148,7205,7060,207,7267,117
2021-12-31,Lassen,035,31185,7152,7089,439,7528,55
2021-12-31,Los Angeles,037,10098052,1740968,1596123,74379,1670502,27371
2021-12-31,Madera,039,155013,25626,25002,2533,27535,320
2021-12-31,Marin,041,260295,22160,20475,956,21431,249
2021-12-31,Mariposa,043,17540,1588,1509,65,1574,6
2021-12-31,Mendocino,045,87422,8743,8422,746,9168,101
2021-12-31,Merced,047,269075,45691,44769,2321,47090,694
2021-12-31,Modoc,049,8938,613,601,213,814,6
2021-12-31,Mono,051,14174,2236,2101,29,2130,4
2021-12-31,Monterey,053,433212,53480,50251,3999,54250,643
2021-12-31,Napa,055,140530,15727,14439,267,14706,107
2021-12-31,Nevada,057,99092,10766,10299,395,10694,110
2021-12-31,Orange,059,3164182,370131,339526,23148,362674,5890
2021-12-31,Placer,061,380077,42957,40857,4524,45381,489
2021-12-31,Plumas,063,18699,2048,1994,57,2051,12
2021-12-31,Riverside,065,2383286,420254,397124,18876,416000,5501
2021-12-31,Sacramento,067,1510023,182948,173562,6462,180024,2448
2021-12-31,San Benito,069,59416,8755,8320,212,8532,79
2021-12-31,San Bernardino,071,2135413,411025,386278,13691,399969,6051
2021-12-31,San Diego,073,3302833,470862,427087,27772,454859,4469
2021-12-31,San Francisco,075,870044,72299,64498,3264,67762,682
2021-12-31,San Joaquin,077,732212,111245,106640,6170,112810,1902
2021-12-31,San Luis Obispo,079,281455,34111,32342,1601,33943,365
2021-12-31,San Mateo,081,765935,69482,60504,1720,62224,581
2021-12-31,Santa Barbara,083,443738,52533,49555,1926,51481,568
2021-12-31,Santa Clara,085,1922200,178730,164547,2774,167321,1969
2021-12-31,Santa Cruz,087,273765,24485,22980,1263,24243,228
2021-12-31,Shasta,089,179085,23562,23161,3849,27010,435
2021-12-31,Sierra,091,2930,217,206,21,227,0
2021-12-31,Siskiyou,093,43540,3571,3474,1446,4920,61
2021-12-31,Solano,095,438530,52262,48957,1728,50685,379
2021-12-31,Sonoma,097,501317,49153,46040,794,46834,410
2021-12-31,Stanislaus,099,539301,85878,84367,9848,94215,1332
2021-12-31,Sutter,101,95872,15041,14741,441,15182,193
2021-12-31,Tehama,103,63373,9134,8944,1628,10572,139
2021-12-31,Trinity,105,12862,922,832,230,1062,17
2021-12-31,Tulare,107,460477,74077,71941,17736,89677,1160
2021-12-31,Tuolumne,109,53932,8262,8044,121,8165,91
2021-12-31,Ventura,111,848112,117312,107992,5910,113902,1211
2021-12-31,Yolo,113,214977,23053,21747,1645,23392,270
2021-12-31,Yuba,115,75493,11142,10844,433,11277,99
2021-12-30,Alameda,001,1643700,144305,133486,4024,137510,1528
2021-12-30,Alpine,003,1148,110,113,0,113,0
2021-12-30,Amador,005,37829,6043,5913,88,6001,70
2021-12-30,Butte,007,227075,23210,22469,4171,26640,341
2021-12-30,Calaveras,009,45235,4781,4668,72,4740,93
2021-12-30,Colusa,011,21464,2713,2659,736,3395,21
2021-12-30,Contra Costa,013,1133247,117186,109593,3225,112818,1073
2021-12-30,Del Norte,015,27424,3881,3841,61,3902,43
2021-12-30,El Dorado,017,186661,18488,17621,1934,19555,172
2021-12-30,Fresno,019,978130,154508,149927,14042,163969,2379
2021-12-30,Glenn,021,27897,3730,3663,1053,4716,39
2021-12-30,Humboldt,023,135768,10949,10381,875,11256,119
2021-12-30,Imperial,025,180216,38746,37672,4948,42620,800
2021-12-30,Inyo,027,18085,2881,2726,49,2775,49
2021-12-30,Kern,029,883053,139567,136123,26721,162844,1917
2021-12-30,Kings,031,150075,35161,34318,2161,36479,386
2021-12-30,Lake,033,64148,7191,7060,202,7262,117
2021-12-30,Lassen,035,31185,7146,7089,439,7528,55
2021-12-30,Los Angeles,037,10098052,1717676,1596123,73117,1669240,27371
2021-12-30,Madera,039,155013,25544,25002,2513,27515,320
2021-12-30,Marin,041,260295,21983,20475,932,21407,249
2021-12-30,Mariposa,043,17540,1582,1509,65,1574,6
2021-12-30,Mendocino,045,87422,8726,8422,735,9157,101
2021-12-30,Merced,047,269075,45589,44769,2307,47076,694
2021-12-30,Modoc,049,8938,612,601,213,814,6
2021-12-30,Mono,051,14174,2232,2101,28,2129,4
2021-12-30,Monterey,053,433212,53175,50251,3938,54189,643
2021-12-30,Napa,055,140530,15583,14439,258,14697,107
2021-12-30,Nevada,057,99092,10704,10299,387,10686,110
2021-12-30,Orange,059,3164182,365044,339526,22591,362117,5890
2021-12-30,Placer,061,380077,42680,40857,4475,45332,489
2021-12-30,Plumas,063,18699,2044,1994,56,2050,12
2021-12-30,Riverside,065,2383286,416986,397124,18720,415844,5501
2021-12-30,Sacramento,067,1510023,181699,173562,6316,179878,2448
2021-12-30,San Benito,069,59416,8710,8320,208,8528,79
2021-12-30,San Bernardino,071,2135413,408535,386278,13542,399820,6051
2021-12-30,San Diego,073,3302833,465731,427087,27274,454361,4469
2021-12-30,San Francisco,075,870044,71197,64498,3191,67689,682
2021-12-30,San Joaquin,077,732212,110654,106640,6133,112773,1902
2021-12-30,San Luis Obispo,079,281455,33991,32342,1587,33929,365
2021-12-30,San Mateo,081,765935,68439,60504,1588,62092,581
2021-12-30,Santa Barbara,083,443738,52054,49555,1906,51461,568
2021-12-30,Santa Clara,085,1922200,176455,164547,2649,167196,1969
2021-12-30,Santa Cruz,087,273765,24247,22980,1228,24208,228
2021-12-30,Shasta,089,179085,23512,23161,3843,27004,435
2021-12-30,Sierra,091,2930,217,206,21,227,0
2021-12-30,Siskiyou,093,43540,3562,3474,1444,4918,61
2021-12-30,Solano,095,438530,51913,48957,1681,50638,379
2021-12-30,Sonoma,097,501317,48821,46040,784,46824,410
2021-12-30,Stanislaus,099,539301,85564,84367,9800,94167,1332
2021-12-30,Sutter,101,95872,14980,14741,440,15181,193
2021-12-30,Tehama,103,63373,9106,8944,1622,10566,139
2021-12-30,Trinity,105,12862,919,832,230,1062,17
2021-12-30,Tulare,107,460477,73897,71941,17654,89595,1160
2021-12-30,Tuolumne,109,53932,8223,8044,120,8164,91
2021-12-30,Ventura,111,848112,116055,107992,5810,113802,1211
2021-12-30,Yolo,113,214977,22915,21747,1618,23365,270
2021-12-30,Yuba,115,75493,11095,10844,431,11275,99
2021-12-29,Alameda,001,1643700,141122,131586,3870,135456,1529
2021-12-29,Alpine,003,1148,110,113,0,113,0
2021-12-29,Amador,005,37829,6020,5905,85,5990,70
2021-12-29,Butte,007,227075,23067,22353,4135,26488,338
2021-12-29,Calaveras,009,45235,4753,4646,70,4716,93
2021-12-29,Colusa,011,21464,2703,2657,731,3388,21
2021-12-29,Contra Costa,013,1133247,115097,108165,3098,111263,1072
2021-12-29,Del Norte,015,27424,3867,3826,59,3885,43
2021-12-29,El Dorado,017,186661,18262,17489,1916,19405,172
2021-12-29,Fresno,019,978130,153378,149318,13927,163245,2364
2021-12-29,Glenn,021,27897,3720,3653,1051,4704,39
2021-12-29,Humboldt,023,135768,10842,10249,852,11101,119
2021-12-29,Imperial,025,180216,38513,37460,4876,42336,800
2021-12-29,Inyo,027,18085,2849,2703,49,2752,49
2021-12-29,Kern,029,883053,138765,135648,26331,161979,1913
2021-12-29,Kings,031,150075,35046,34216,2155,36371,386
2021-12-29,Lake,033,64148,7160,7048,200,7248,117
2021-12-29,Lassen,035,31185,7142,7085,438,7523,55
2021-12-29,Los Angeles,037,10098052,1687739,1576414,71401,1647815,27349
2021-12-29,Madera,039,155013,25440,24923,2502,27425,320
2021-12-29,Marin,041,260295,21627,20025,911,20936,249
2021-12-29,Mariposa,043,17540,1560,1507,65,1572,6
2021-12-29,Mendocino,045,87422,8667,8386,731,9117,99
2021-12-29,Merced,047,269075,45373,44548,2293,46841,693
2021-12-29,Modoc,049,8938,609,600,213,813,6
2021-12-29,Mono,051,14174,2208,2056,27,2083,4
2021-12-29,Monterey,053,433212,52761,50097,3832,53929,641
2021-12-29,Napa,055,140530,15258,14247,239,14486,107
2021-12-29,Nevada,057,99092,10612,10274,386,10660,110
2021-12-29,Orange,059,3164182,357532,334557,21913,356470,5887
2021-12-29,Placer,061,380077,42196,40545,4400,44945,489
2021-12-29,Plumas,063,18699,2032,1990,56,2046,12
2021-12-29,Riverside,065,2383286,411570,392989,18511,411500,5486
2021-12-29,Sacramento,067,1510023,179364,172145,6151,178296,2437
2021-12-29,San Benito,069,59416,8566,8239,207,8446,79
2021-12-29,San Bernardino,071,2135413,403264,382872,13332,396204,6049
2021-12-29,San Diego,073,3302833,454862,421045,26570,447615,4461
2021-12-29,San Francisco,075,870044,69497,63117,3120,66237,684
2021-12-29,San Joaquin,077,732212,109481,106063,6081,112144,1891
2021-12-29,San Luis Obispo,079,281455,33598,31936,1538,33474,365
2021-12-29,San Mateo,081,765935,66813,59478,1478,60956,581
2021-12-29,Santa Barbara,083,443738,51215,49003,1881,50884,568
2021-12-29,Santa Clara,085,1922200,173314,162008,2515,164523,1962
2021-12-29,Santa Cruz,087,273765,23969,22669,1196,23865,228
2021-12-29,Shasta,089,179085,23437,23083,3831,26914,435
2021-12-29,Sierra,091,2930,216,206,21,227,0
2021-12-29,Siskiyou,093,43540,3550,3472,1433,4905,61
2021-12-29,Solano,095,438530,51210,48562,1625,50187,379
2021-12-29,Sonoma,097,501317,48024,45479,760,46239,410
2021-12-29,Stanislaus,099,539301,85083,84083,9748,93831,1332
2021-12-29,Sutter,101,95872,14912,14688,439,15127,193
2021-12-29,Tehama,103,63373,9082,8914,1609,10523,138
2021-12-29,Trinity,105,12862,918,832,230,1062,17
2021-12-29,Tulare,107,460477,73605,71752,17537,89289,1160
2021-12-29,Tuolumne,109,53932,8170,8012,119,8131,91
2021-12-29,Ventura,111,848112,114115,106974,5630,112604,1207
2021-12-29,Yolo,113,214977,22676,21564,1587,23151,270
2021-12-29,Yuba,115,75493,11034,10808,427,11235,99
2021-12-28,Alameda,001,1643700,137995,130427,3707,134134,1522
2021-12-28,Alpine,003,1148,110,113,0,113,0
2021-12-28,Amador,005,37829,6001,5900,84,5984,70
2021-12-28,Butte,007,227075,22927,22285,4118,26403,338
2021-12-28,Calaveras,009,45235,4736,4641,69,4710,91
2021-12-28,Colusa,011,21464,2697,2653,729,3382,21
2021-12-28,Contra Costa,013,1133247,112817,107160,2980,110140,1072
2021-12-28,Del Norte,015,27424,3861,3815,59,3874,43
2021-12-28,El Dorado,017,186661,18036,17419,1905,19324,172
2021-12-28,Fresno,019,978130,152301,148987,13837,162824,2365
2021-12-28,Glenn,021,27897,3694,3639,1049,4688,39
2021-12-28,Humboldt,023,135768,10720,10198,827,11025,119
2021-12-28,Imperial,025,180216,38216,37223,4769,41992,800
2021-12-28,Inyo,027,18085,2791,2676,48,2724,48
2021-12-28,Kern,029,883053,138049,135346,25975,161321,1909
2021-12-28,Kings,031,150075,34910,34165,2140,36305,386
2021-12-28,Lake,033,64148,7141,7044,195,7239,116
2021-12-28,Lassen,035,31185,7134,7083,438,7521,55
2021-12-28,Los Angeles,037,10098052,1655521,1561791,69726,1631517,27323
2021-12-28,Madera,039,155013,25315,24865,2482,27347,320
2021-12-28,Marin,041,260295,21213,19739,881,20620,249
2021-12-28,Mariposa,043,17540,1549,1499,64,1563,6
2021-12-28,Mendocino,045,87422,8607,8366,723,9089,98
2021-12-28,Merced,047,269075,45132,44434,2285,46719,691
2021-12-28,Modoc,049,8938,609,599,212,811,6
2021-12-28,Mono,051,14174,2185,2045,25,2070,4
2021-12-28,Monterey,053,433212,52391,49973,3759,53732,639
2021-12-28,Napa,055,140530,14939,14131,212,14343,107
2021-12-28,Nevada,057,99092,10522,10250,383,10633,110
2021-12-28,Orange,059,3164182,349882,331279,21167,352446,5882
2021-12-28,Placer,061,380077,41726,40410,4330,44740,489
2021-12-28,Plumas,063,18699,2029,1989,56,2045,12
2021-12-28,Riverside,065,2383286,406333,390343,18264,408607,5470
2021-12-28,Sacramento,067,1510023,177077,171290,6020,177310,2426
2021-12-28,San Benito,069,59416,8425,8170,205,8375,79
2021-12-28,San Bernardino,071,2135413,397718,381316,13118,394434,6047
2021-12-28,San Diego,073,3302833,444124,417383,26037,443420,4450
2021-12-28,San Francisco,075,870044,67876,61745,3061,64806,682
2021-12-28,San Joaquin,077,732212,108429,105572,6036,111608,1884
2021-12-28,San Luis Obispo,079,281455,33139,31759,1522,33281,365
2021-12-28,San Mateo,081,765935,65303,58712,1389,60101,582
2021-12-28,Santa Barbara,083,443738,50570,48493,1861,50354,568
2021-12-28,Santa Clara,085,1922200,170174,160811,2419,163230,1962
2021-12-28,Santa Cruz,087,273765,23597,22513,1157,23670,228
2021-12-28,Shasta,089,179085,23365,23035,3826,26861,434
2021-12-28,Sierra,091,2930,213,206,21,227,0
2021-12-28,Siskiyou,093,43540,3541,3468,1428,4896,60
2021-12-28,Solano,095,438530,50294,48318,1571,49889,378
2021-12-28,Sonoma,097,501317,47162,45086,734,45820,410
2021-12-28,Stanislaus,099,539301,84602,83946,9697,93643,1331
2021-12-28,Sutter,101,95872,14862,14662,436,15098,193
2021-12-28,Tehama,103,63373,9065,8893,1607,10500,138
2021-12-28,Trinity,105,12862,916,831,229,1060,17
2021-12-28,Tulare,107,460477,73322,71630,17411,89041,1156
2021-12-28,Tuolumne,109,53932,8127,8006,119,8125,91
2021-12-28,Ventura,111,848112,112005,105883,5499,111382,1207
2021-12-28,Yolo,113,214977,22341,21320,1536,22856,270
2021-12-28,Yuba,115,75493,10979,10778,424,11202,99
2021-12-27,Alameda,001,1643700,135417,129910,3565,133475,1530
2021-12-27,Alpine,003,1148,110,113,0,113,0
2021-12-27,Amador,005,37829,5973,5891,84,5975,70
2021-12-27,Butte,007,227075,22794,22234,4095,26329,335
2021-12-27,Calaveras,009,45235,4712,4630,68,4698,91
2021-12-27,Colusa,011,21464,2686,2652,723,3375,21
2021-12-27,Contra Costa,013,1133247,110664,106692,2899,109591,1071
2021-12-27,Del Norte,015,27424,3852,3802,58,3860,43
2021-12-27,El Dorado,017,186661,17877,17361,1892,19253,172
2021-12-27,Fresno,019,978130,151334,148826,13762,162588,2364
2021-12-27,Glenn,021,27897,3686,3634,1044,4678,39
2021-12-27,Humboldt,023,135768,10605,10164,805,10969,119
2021-12-27,Imperial,025,180216,37975,37180,4669,41849,800
2021-12-27,Inyo,027,18085,2762,2662,46,2708,48
2021-12-27,Kern,029,883053,137400,135119,25672,160791,1907
2021-12-27,Kings,031,150075,34762,34126,2127,36253,382
2021-12-27,Lake,033,64148,7118,7037,185,7222,116
2021-12-27,Lassen,035,31185,7128,7080,438,7518,55
2021-12-27,Los Angeles,037,10098052,1619248,1554074,67960,1622034,27300
2021-12-27,Madera,039,155013,25199,24840,2463,27303,320
2021-12-27,Marin,041,260295,20824,19601,854,20455,249
2021-12-27,Mariposa,043,17540,1534,1495,64,1559,6
2021-12-27,Mendocino,045,87422,8540,8351,718,9069,98
2021-12-27,Merced,047,269075,44901,44383,2268,46651,690
2021-12-27,Modoc,049,8938,607,599,212,811,6
2021-12-27,Mono,051,14174,2122,2026,25,2051,4
2021-12-27,Monterey,053,433212,52092,49918,3707,53625,639
2021-12-27,Napa,055,140530,14670,14083,203,14286,107
2021-12-27,Nevada,057,99092,10453,10239,375,10614,110
2021-12-27,Orange,059,3164182,342431,329222,20360,349582,5875
2021-12-27,Placer,061,380077,41342,40263,4281,44544,489
2021-12-27,Plumas,063,18699,2027,1988,54,2042,12
2021-12-27,Riverside,065,2383286,401757,389096,18002,407098,5470
2021-12-27,Sacramento,067,1510023,175063,170858,5847,176705,2422
2021-12-27,San Benito,069,59416,8308,8133,201,8334,79
2021-12-27,San Bernardino,071,2135413,392033,380526,12922,393448,6047
2021-12-27,San Diego,073,3302833,433917,414968,25561,440529,4445
2021-12-27,San Francisco,075,870044,66128,60920,2996,63916,682
2021-12-27,San Joaquin,077,732212,107514,105413,5982,111395,1876
2021-12-27,San Luis Obispo,079,281455,32695,31671,1500,33171,365
2021-12-27,San Mateo,081,765935,63790,58397,1289,59686,581
2021-12-27,Santa Barbara,083,443738,49788,48209,1841,50050,568
2021-12-27,Santa Clara,085,1922200,167202,159904,2293,162197,1961
2021-12-27,Santa Cruz,087,273765,23308,22456,1139,23595,228
2021-12-27,Shasta,089,179085,23302,23015,3815,26830,432
2021-12-27,Sierra,091,2930,213,206,21,227,0
2021-12-27,Siskiyou,093,43540,3532,3466,1423,4889,60
2021-12-27,Solano,095,438530,49558,48172,1523,49695,378
2021-12-27,Sonoma,097,501317,46584,44990,715,45705,410
2021-12-27,Stanislaus,099,539301,84154,83833,9661,93494,1331
2021-12-27,Sutter,101,95872,14806,14642,431,15073,191
2021-12-27,Tehama,103,63373,9050,8887,1600,10487,136
2021-12-27,Trinity,105,12862,916,827,229,1056,17
2021-12-27,Tulare,107,460477,73057,71562,17314,88876,1146
2021-12-27,Tuolumne,109,53932,8090,7978,118,8096,91
2021-12-27,Ventura,111,848112,109917,105212,5363,110575,1206
2021-12-27,Yolo,113,214977,22046,21300,1501,22801,270
2021-12-27,Yuba,115,75493,10918,10759,423,11182,98
2021-12-26,Alameda,001,1643700,133391,127221,3493,130714,1525
2021-12-26,Alpine,003,1148,110,113,0,113,0
2021-12-26,Amador,005,37829,5957,5861,82,5943,70
2021-12-26,Butte,007,227075,22641,22087,4072,26159,330
2021-12-26,Calaveras,009,45235,4690,4591,68,4659,91
2021-12-26,Colusa,011,21464,2676,2647,717,3364,21
2021-12-26,Contra Costa,013,1133247,108915,105022,2799,107821,1071
2021-12-26,Del Norte,015,27424,3847,3795,58,3853,43
2021-12-26,El Dorado,017,186661,17721,17188,1883,19071,172
2021-12-26,Fresno,019,978130,150626,148027,13683,161710,2358
2021-12-26,Glenn,021,27897,3678,3611,1033,4644,39
2021-12-26,Humboldt,023,135768,10461,10052,782,10834,119
2021-12-26,Imperial,025,180216,37671,36878,4574,41452,800
2021-12-26,Inyo,027,18085,2738,2636,43,2679,47
2021-12-26,Kern,029,883053,136682,134591,25416,160007,1908
2021-12-26,Kings,031,150075,34610,34009,2121,36130,379
2021-12-26,Lake,033,64148,7096,7019,182,7201,116
2021-12-26,Lassen,035,31185,7122,7072,437,7509,55
2021-12-26,Los Angeles,037,10098052,1589416,1515469,66150,1581619,27257
2021-12-26,Madera,039,155013,25081,24741,2447,27188,320
2021-12-26,Marin,041,260295,20445,19085,792,19877,249
2021-12-26,Mariposa,043,17540,1528,1480,64,1544,6
2021-12-26,Mendocino,045,87422,8489,8314,716,9030,98
2021-12-26,Merced,047,269075,44651,44208,2257,46465,690
2021-12-26,Modoc,049,8938,606,597,210,807,6
2021-12-26,Mono,051,14174,2096,2000,25,2025,4
2021-12-26,Monterey,053,433212,51816,49709,3659,53368,638
2021-12-26,Napa,055,140530,14434,13809,198,14007,107
2021-12-26,Nevada,057,99092,10393,10153,368,10521,110
2021-12-26,Orange,059,3164182,336114,322991,19555,342546,5863
2021-12-26,Placer,061,380077,40996,39852,4210,44062,489
2021-12-26,Plumas,063,18699,2020,1987,53,2040,12
2021-12-26,Riverside,065,2383286,397590,384567,17831,402398,5470
2021-12-26,Sacramento,067,1510023,173344,169144,5698,174842,2418
2021-12-26,San Benito,069,59416,8219,7991,197,8188,79
2021-12-26,San Bernardino,071,2135413,387459,376052,12747,388799,6043
2021-12-26,San Diego,073,3302833,424953,406616,25101,431717,4442
2021-12-26,San Francisco,075,870044,64555,58229,2934,61163,682
2021-12-26,San Joaquin,077,732212,106697,104590,5931,110521,1872
2021-12-26,San Luis Obispo,079,281455,32257,31290,1482,32772,365
2021-12-26,San Mateo,081,765935,62387,56973,1241,58214,581
2021-12-26,Santa Barbara,083,443738,49114,47553,1811,49364,567
2021-12-26,Santa Clara,085,1922200,164506,156872,2161,159033,1967
2021-12-26,Santa Cruz,087,273765,23024,22176,1125,23301,228
2021-12-26,Shasta,089,179085,23219,22959,3803,26762,432
2021-12-26,Sierra,091,2930,213,202,21,223,0
2021-12-26,Siskiyou,093,43540,3524,3460,1414,4874,60
2021-12-26,Solano,095,438530,49048,47646,1485,49131,377
2021-12-26,Sonoma,097,501317,46091,44358,682,45040,408
2021-12-26,Stanislaus,099,539301,83783,83368,9625,92993,1331
2021-12-26,Sutter,101,95872,14742,14533,428,14961,191
2021-12-26,Tehama,103,63373,9017,8861,1597,10458,136
2021-12-26,Trinity,105,12862,916,826,228,1054,17
2021-12-26,Tulare,107,460477,72808,71292,17203,88495,1137
2021-12-26,Tuolumne,109,53932,8053,7919,118,8037,91
2021-12-26,Ventura,111,848112,108084,103498,5213,108711,1206
2021-12-26,Yolo,113,214977,21761,21084,1461,22545,270
2021-12-26,Yuba,115,75493,10867,10694,421,11115,98
2021-12-25,Alameda,001,1643700,132349,127221,3430,130651,1525
2021-12-25,Alpine,003,1148,110,113,0,113,0
2021-12-25,Amador,005,37829,5938,5861,82,5943,70
2021-12-25,Butte,007,227075,22545,22087,4056,26143,330
2021-12-25,Calaveras,009,45235,4661,4591,67,4658,91
2021-12-25,Colusa,011,21464,2671,2647,711,3358,21
2021-12-25,Contra Costa,013,1133247,108091,105022,2746,107768,1071
2021-12-25,Del Norte,015,27424,3840,3795,57,3852,43
2021-12-25,El Dorado,017,186661,17668,17188,1872,19060,172
2021-12-25,Fresno,019,978130,150317,148027,13637,161664,2358
2021-12-25,Glenn,021,27897,3668,3611,1029,4640,39
2021-12-25,Humboldt,023,135768,10383,10052,775,10827,119
2021-12-25,Imperial,025,180216,37551,36878,4550,41428,800
2021-12-25,Inyo,027,18085,2718,2636,43,2679,47
2021-12-25,Kern,029,883053,136335,134591,25291,159882,1908
2021-12-25,Kings,031,150075,34521,34009,2114,36123,379
2021-12-25,Lake,033,64148,7084,7019,180,7199,116
2021-12-25,Lassen,035,31185,7120,7072,437,7509,55
2021-12-25,Los Angeles,037,10098052,1576637,1515469,64813,1580282,27257
2021-12-25,Madera,039,155013,25033,24741,2441,27182,320
2021-12-25,Marin,041,260295,20107,19085,743,19828,249
2021-12-25,Mariposa,043,17540,1522,1480,64,1544,6
2021-12-25,Mendocino,045,87422,8451,8314,716,9030,98
2021-12-25,Merced,047,269075,44551,44208,2255,46463,690
2021-12-25,Modoc,049,8938,606,597,210,807,6
2021-12-25,Mono,051,14174,2079,2000,25,2025,4
2021-12-25,Monterey,053,433212,51650,49709,3624,53333,638
2021-12-25,Napa,055,140530,14319,13809,190,13999,107
2021-12-25,Nevada,057,99092,10364,10153,368,10521,110
2021-12-25,Orange,059,3164182,333253,322991,18980,341971,5863
2021-12-25,Placer,061,380077,40817,39852,4174,44026,489
2021-12-25,Plumas,063,18699,2018,1987,53,2040,12
2021-12-25,Riverside,065,2383286,395311,384567,17711,402278,5470
2021-12-25,Sacramento,067,1510023,172532,169144,5590,174734,2418
2021-12-25,San Benito,069,59416,8154,7991,197,8188,79
2021-12-25,San Bernardino,071,2135413,385317,376052,12610,388662,6043
2021-12-25,San Diego,073,3302833,420901,406616,24832,431448,4442
2021-12-25,San Francisco,075,870044,63530,58229,2898,61127,682
2021-12-25,San Joaquin,077,732212,106364,104590,5899,110489,1872
2021-12-25,San Luis Obispo,079,281455,32102,31290,1473,32763,365
2021-12-25,San Mateo,081,765935,61359,56973,1198,58171,581
2021-12-25,Santa Barbara,083,443738,48752,47553,1799,49352,567
2021-12-25,Santa Clara,085,1922200,163024,156872,2093,158965,1967
2021-12-25,Santa Cruz,087,273765,22865,22176,1119,23295,228
2021-12-25,Shasta,089,179085,23188,22959,3797,26756,432
2021-12-25,Sierra,091,2930,213,202,21,223,0
2021-12-25,Siskiyou,093,43540,3521,3460,1408,4868,60
2021-12-25,Solano,095,438530,48926,47646,1467,49113,377
2021-12-25,Sonoma,097,501317,45706,44358,656,45014,408
2021-12-25,Stanislaus,099,539301,83570,83368,9604,92972,1331
2021-12-25,Sutter,101,95872,14701,14533,426,14959,191
2021-12-25,Tehama,103,63373,8997,8861,1593,10454,136
2021-12-25,Trinity,105,12862,915,826,228,1054,17
2021-12-25,Tulare,107,460477,72672,71292,17122,88414,1137
2021-12-25,Tuolumne,109,53932,8022,7919,118,8037,91
2021-12-25,Ventura,111,848112,106914,103498,5104,108602,1206
2021-12-25,Yolo,113,214977,21649,21084,1439,22523,270
2021-12-25,Yuba,115,75493,10841,10694,420,11114,98
2021-12-24,Alameda,001,1643700,131749,127221,3412,130633,1525
2021-12-24,Alpine,003,1148,110,113,0,113,0
2021-12-24,Amador,005,37829,5930,5861,81,5942,70
2021-12-24,Butte,007,227075,22490,22087,4043,26130,330
2021-12-24,Calaveras,009,45235,4655,4591,67,4658,91
2021-12-24,Colusa,011,21464,2669,2647,710,3357,21
2021-12-24,Contra Costa,013,1133247,107778,105022,2713,107735,1071
2021-12-24,Del Norte,015,27424,3833,3795,57,3852,43
2021-12-24,El Dorado,017,186661,17616,17188,1867,19055,172
2021-12-24,Fresno,019,978130,150153,148027,13626,161653,2358
2021-12-24,Glenn,021,27897,3667,3611,1029,4640,39
2021-12-24,Humboldt,023,135768,10327,10052,769,10821,119
2021-12-24,Imperial,025,180216,37468,36878,4546,41424,800
2021-12-24,Inyo,027,18085,2698,2636,43,2679,47
2021-12-24,Kern,029,883053,136211,134591,25249,159840,1908
2021-12-24,Kings,031,150075,34455,34009,2113,36122,379
2021-12-24,Lake,033,64148,7080,7019,180,7199,116
2021-12-24,Lassen,035,31185,7117,7072,437,7509,55
2021-12-24,Los Angeles,037,10098052,1571798,1515469,64281,1579750,27257
2021-12-24,Madera,039,155013,25000,24741,2436,27177,320
2021-12-24,Marin,041,260295,19963,19085,713,19798,249
2021-12-24,Mariposa,043,17540,1520,1480,64,1544,6
2021-12-24,Mendocino,045,87422,8434,8314,716,9030,98
2021-12-24,Merced,047,269075,44501,44208,2253,46461,690
2021-12-24,Modoc,049,8938,606,597,210,807,6
2021-12-24,Mono,051,14174,2066,2000,25,2025,4
2021-12-24,Monterey,053,433212,51553,49709,3599,53308,638
2021-12-24,Napa,055,140530,14253,13809,186,13995,107
2021-12-24,Nevada,057,99092,10337,10153,366,10519,110
2021-12-24,Orange,059,3164182,332206,322991,18822,341813,5863
2021-12-24,Placer,061,380077,40699,39852,4158,44010,489
2021-12-24,Plumas,063,18699,2017,1987,53,2040,12
2021-12-24,Riverside,065,2383286,394324,384567,17620,402187,5470
2021-12-24,Sacramento,067,1510023,172224,169144,5554,174698,2418
2021-12-24,San Benito,069,59416,8145,7991,196,8187,79
2021-12-24,San Bernardino,071,2135413,384232,376052,12542,388594,6043
2021-12-24,San Diego,073,3302833,419800,406616,24704,431320,4442
2021-12-24,San Francisco,075,870044,63020,58229,2880,61109,682
2021-12-24,San Joaquin,077,732212,106173,104590,5892,110482,1872
2021-12-24,San Luis Obispo,079,281455,32040,31290,1463,32753,365
2021-12-24,San Mateo,081,765935,60926,56973,1175,58148,581
2021-12-24,Santa Barbara,083,443738,48547,47553,1792,49345,567
2021-12-24,Santa Clara,085,1922200,162204,156872,2059,158931,1967
2021-12-24,Santa Cruz,087,273765,22782,22176,1116,23292,228
2021-12-24,Shasta,089,179085,23157,22959,3793,26752,432
2021-12-24,Sierra,091,2930,212,202,21,223,0
2021-12-24,Siskiyou,093,43540,3516,3460,1404,4864,60
2021-12-24,Solano,095,438530,48874,47646,1465,49111,377
2021-12-24,Sonoma,097,501317,45542,44358,648,45006,408
2021-12-24,Stanislaus,099,539301,83458,83368,9591,92959,1331
2021-12-24,Sutter,101,95872,14681,14533,423,14956,191
2021-12-24,Tehama,103,63373,8988,8861,1590,10451,136
2021-12-24,Trinity,105,12862,913,826,228,1054,17
2021-12-24,Tulare,107,460477,72606,71292,17078,88370,1137
2021-12-24,Tuolumne,109,53932,7997,7919,118,8037,91
2021-12-24,Ventura,111,848112,106466,103498,5048,108546,1206
2021-12-24,Yolo,113,214977,21576,21084,1421,22505,270
2021-12-24,Yuba,115,75493,10818,10694,419,11113,98
2021-12-23,Alameda,001,1643700,131066,127221,3375,130596,1525
2021-12-23,Alpine,003,1148,110,113,0,113,0
2021-12-23,Amador,005,37829,5918,5861,79,5940,70
2021-12-23,Butte,007,227075,22440,22087,4031,26118,330
2021-12-23,Calaveras,009,45235,4644,4591,67,4658,91
2021-12-23,Colusa,011,21464,2663,2647,706,3353,21
2021-12-23,Contra Costa,013,1133247,107359,105022,2668,107690,1071
2021-12-23,Del Norte,015,27424,3830,3795,57,3852,43
2021-12-23,El Dorado,017,186661,17554,17188,1861,19049,172
2021-12-23,Fresno,019,978130,149948,148027,13604,161631,2358
2021-12-23,Glenn,021,27897,3663,3611,1029,4640,39
2021-12-23,Humboldt,023,135768,10274,10052,766,10818,119
2021-12-23,Imperial,025,180216,37395,36878,4517,41395,800
2021-12-23,Inyo,027,18085,2685,2636,43,2679,47
2021-12-23,Kern,029,883053,136060,134591,25151,159742,1908
2021-12-23,Kings,031,150075,34414,34009,2112,36121,379
2021-12-23,Lake,033,64148,7068,7019,178,7197,116
2021-12-23,Lassen,035,31185,7116,7072,437,7509,55
2021-12-23,Los Angeles,037,10098052,1562283,1515469,63176,1578645,27257
2021-12-23,Madera,039,155013,24968,24741,2431,27172,320
2021-12-23,Marin,041,260295,19829,19085,696,19781,249
2021-12-23,Mariposa,043,17540,1515,1480,64,1544,6
2021-12-23,Mendocino,045,87422,8425,8314,716,9030,98
2021-12-23,Merced,047,269075,44452,44208,2251,46459,690
2021-12-23,Modoc,049,8938,606,597,210,807,6
2021-12-23,Mono,051,14174,2045,2000,24,2024,4
2021-12-23,Monterey,053,433212,51436,49709,3577,53286,638
2021-12-23,Napa,055,140530,14172,13809,181,13990,107
2021-12-23,Nevada,057,99092,10314,10153,365,10518,110
2021-12-23,Orange,059,3164182,330529,322991,18489,341480,5863
2021-12-23,Placer,061,380077,40575,39852,4142,43994,489
2021-12-23,Plumas,063,18699,2017,1987,53,2040,12
2021-12-23,Riverside,065,2383286,393118,384567,17550,402117,5470
2021-12-23,Sacramento,067,1510023,171771,169144,5506,174650,2418
2021-12-23,San Benito,069,59416,8126,7991,194,8185,79
2021-12-23,San Bernardino,071,2135413,383096,376052,12438,388490,6043
2021-12-23,San Diego,073,3302833,417971,406616,24506,431122,4442
2021-12-23,San Francisco,075,870044,62289,58229,2852,61081,682
2021-12-23,San Joaquin,077,732212,105955,104590,5879,110469,1872
2021-12-23,San Luis Obispo,079,281455,31968,31290,1459,32749,365
2021-12-23,San Mateo,081,765935,60369,56973,1154,58127,581
2021-12-23,Santa Barbara,083,443738,48348,47553,1790,49343,567
2021-12-23,Santa Clara,085,1922200,161297,156872,2000,158872,1967
2021-12-23,Santa Cruz,087,273765,22666,22176,1104,23280,228
2021-12-23,Shasta,089,179085,23128,22959,3790,26749,432
2021-12-23,Sierra,091,2930,209,202,21,223,0
2021-12-23,Siskiyou,093,43540,3516,3460,1402,4862,60
2021-12-23,Solano,095,438530,48770,47646,1449,49095,377
2021-12-23,Sonoma,097,501317,45365,44358,645,45003,408
2021-12-23,Stanislaus,099,539301,83330,83368,9577,92945,1331
2021-12-23,Sutter,101,95872,14663,14533,422,14955,191
2021-12-23,Tehama,103,63373,8976,8861,1586,10447,136
2021-12-23,Trinity,105,12862,913,826,228,1054,17
2021-12-23,Tulare,107,460477,72530,71292,17033,88325,1137
2021-12-23,Tuolumne,109,53932,7979,7919,117,8036,91
2021-12-23,Ventura,111,848112,105931,103498,4981,108479,1206
2021-12-23,Yolo,113,214977,21503,21084,1403,22487,270
2021-12-23,Yuba,115,75493,10805,10694,419,11113,98
2021-12-22,Alameda,001,1643700,130151,126533,3290,129823,1522
2021-12-22,Alpine,003,1148,110,112,0,112,0
2021-12-22,Amador,005,37829,5905,5850,78,5928,70
2021-12-22,Butte,007,227075,22390,22070,4020,26090,330
2021-12-22,Calaveras,009,45235,4635,4580,67,4647,91
2021-12-22,Colusa,011,21464,2663,2645,703,3348,21
2021-12-22,Contra Costa,013,1133247,106746,104559,2625,107184,1070
2021-12-22,Del Norte,015,27424,3830,3794,57,3851,43
2021-12-22,El Dorado,017,186661,17494,17140,1852,18992,172
2021-12-22,Fresno,019,978130,149666,147838,13571,161409,2349
2021-12-22,Glenn,021,27897,3658,3604,1029,4633,39
2021-12-22,Humboldt,023,135768,10214,10022,761,10783,119
2021-12-22,Imperial,025,180216,37308,36755,4479,41234,798
2021-12-22,Inyo,027,18085,2667,2632,43,2675,47
2021-12-22,Kern,029,883053,135826,134433,25066,159499,1900
2021-12-22,Kings,031,150075,34364,33953,2105,36058,376
2021-12-22,Lake,033,64148,7061,7008,176,7184,116
2021-12-22,Lassen,035,31185,7111,7069,436,7505,55
2021-12-22,Los Angeles,037,10098052,1548774,1507110,61997,1569107,27234
2021-12-22,Madera,039,155013,24929,24702,2427,27129,320
2021-12-22,Marin,041,260295,19608,18927,673,19600,249
2021-12-22,Mariposa,043,17540,1508,1480,64,1544,6
2021-12-22,Mendocino,045,87422,8416,8299,716,9015,99
2021-12-22,Merced,047,269075,44381,44137,2249,46386,689
2021-12-22,Modoc,049,8938,606,595,210,805,6
2021-12-22,Mono,051,14174,2041,1979,24,2003,4
2021-12-22,Monterey,053,433212,51283,49650,3560,53210,639
2021-12-22,Napa,055,140530,14044,13746,171,13917,107
2021-12-22,Nevada,057,99092,10287,10101,360,10461,110
2021-12-22,Orange,059,3164182,328251,321765,18055,339820,5858
2021-12-22,Placer,061,380077,40394,39758,4105,43863,489
2021-12-22,Plumas,063,18699,2013,1986,53,2039,12
2021-12-22,Riverside,065,2383286,391305,383319,17435,400754,5472
2021-12-22,Sacramento,067,1510023,171118,168695,5437,174132,2422
2021-12-22,San Benito,069,59416,8074,7971,192,8163,79
2021-12-22,San Bernardino,071,2135413,381466,375044,12354,387398,6039
2021-12-22,San Diego,073,3302833,413864,404269,24184,428453,4434
2021-12-22,San Francisco,075,870044,61291,57520,2807,60327,682
2021-12-22,San Joaquin,077,732212,105685,104385,5865,110250,1870
2021-12-22,San Luis Obispo,079,281455,31827,31175,1439,32614,365
2021-12-22,San Mateo,081,765935,59686,56604,1125,57729,581
2021-12-22,Santa Barbara,083,443738,48092,47372,1774,49146,566
2021-12-22,Santa Clara,085,1922200,160180,156258,1957,158215,1954
2021-12-22,Santa Cruz,087,273765,22560,22075,1098,23173,228
2021-12-22,Shasta,089,179085,23100,22937,3785,26722,432
2021-12-22,Sierra,091,2930,209,202,21,223,0
2021-12-22,Siskiyou,093,43540,3513,3458,1399,4857,59
2021-12-22,Solano,095,438530,48542,47531,1435,48966,375
2021-12-22,Sonoma,097,501317,45089,44201,634,44835,408
2021-12-22,Stanislaus,099,539301,83187,83245,9562,92807,1331
2021-12-22,Sutter,101,95872,14628,14513,419,14932,191
2021-12-22,Tehama,103,63373,8963,8853,1583,10436,136
2021-12-22,Trinity,105,12862,913,826,228,1054,17
2021-12-22,Tulare,107,460477,72429,71226,16980,88206,1137
2021-12-22,Tuolumne,109,53932,7958,7903,117,8020,91
2021-12-22,Ventura,111,848112,105325,103089,4874,107963,1206
2021-12-22,Yolo,113,214977,21427,21012,1388,22400,270
2021-12-22,Yuba,115,75493,10788,10681,419,11100,98
2021-12-21,Alameda,001,1643700,129166,126007,3234,129241,1518
2021-12-21,Alpine,003,1148,110,112,0,112,0
2021-12-21,Amador,005,37829,5895,5845,78,5923,70
2021-12-21,Butte,007,227075,22328,22041,4007,26048,330
2021-12-21,Calaveras,009,45235,4622,4575,67,4642,91
2021-12-21,Colusa,011,21464,2661,2643,702,3345,21
2021-12-21,Contra Costa,013,1133247,106131,104255,2560,106815,1068
2021-12-21,Del Norte,015,27424,3829,3793,57,3850,43
2021-12-21,El Dorado,017,186661,17431,17098,1840,18938,172
2021-12-21,Fresno,019,978130,149382,147707,13537,161244,2341
2021-12-21,Glenn,021,27897,3644,3602,1029,4631,39
2021-12-21,Humboldt,023,135768,10149,9989,756,10745,118
2021-12-21,Imperial,025,180216,37210,36580,4435,41015,792
2021-12-21,Inyo,027,18085,2655,2627,43,2670,47
2021-12-21,Kern,029,883053,135617,134321,24960,159281,1892
2021-12-21,Kings,031,150075,34304,33914,2104,36018,376
2021-12-21,Lake,033,64148,7056,7004,174,7178,116
2021-12-21,Lassen,035,31185,7109,7069,436,7505,55
2021-12-21,Los Angeles,037,10098052,1534886,1501169,60955,1562124,27220
2021-12-21,Madera,039,155013,24893,24688,2420,27108,320
2021-12-21,Marin,041,260295,19438,18828,638,19466,249
2021-12-21,Mariposa,043,17540,1507,1480,63,1543,6
2021-12-21,Mendocino,045,87422,8400,8282,714,8996,97
2021-12-21,Merced,047,269075,44309,44096,2246,46342,688
2021-12-21,Modoc,049,8938,604,595,208,803,6
2021-12-21,Mono,051,14174,2021,1979,24,2003,4
2021-12-21,Monterey,053,433212,51194,49586,3543,53129,638
2021-12-21,Napa,055,140530,13943,13703,160,13863,107
2021-12-21,Nevada,057,99092,10258,10095,360,10455,110
2021-12-21,Orange,059,3164182,326131,320705,17601,338306,5855
2021-12-21,Placer,061,380077,40254,39649,4076,43725,487
2021-12-21,Plumas,063,18699,2013,1975,53,2028,12
2021-12-21,Riverside,065,2383286,389586,382415,17315,399730,5465
2021-12-21,Sacramento,067,1510023,170471,168422,5381,173803,2419
2021-12-21,San Benito,069,59416,8035,7950,190,8140,79
2021-12-21,San Bernardino,071,2135413,379875,374219,12246,386465,6026
2021-12-21,San Diego,073,3302833,410144,402386,23856,426242,4424
2021-12-21,San Francisco,075,870044,60332,56950,2773,59723,681
2021-12-21,San Joaquin,077,732212,105398,104238,5846,110084,1870
2021-12-21,San Luis Obispo,079,281455,31663,31103,1427,32530,365
2021-12-21,San Mateo,081,765935,59071,56381,1101,57482,581
2021-12-21,Santa Barbara,083,443738,47864,47194,1759,48953,564
2021-12-21,Santa Clara,085,1922200,159159,155769,1914,157683,1951
2021-12-21,Santa Cruz,087,273765,22444,22028,1087,23115,228
2021-12-21,Shasta,089,179085,23070,22920,3781,26701,429
2021-12-21,Sierra,091,2930,207,201,21,222,0
2021-12-21,Siskiyou,093,43540,3512,3455,1399,4854,59
2021-12-21,Solano,095,438530,48389,47474,1428,48902,372
2021-12-21,Sonoma,097,501317,44866,44051,624,44675,408
2021-12-21,Stanislaus,099,539301,83032,83167,9535,92702,1331
2021-12-21,Sutter,101,95872,14605,14492,418,14910,190
2021-12-21,Tehama,103,63373,8955,8849,1578,10427,136
2021-12-21,Trinity,105,12862,913,826,228,1054,17
2021-12-21,Tulare,107,460477,72338,71166,16938,88104,1137
2021-12-21,Tuolumne,109,53932,7934,7893,117,8010,91
2021-12-21,Ventura,111,848112,104709,102631,4761,107392,1205
2021-12-21,Yolo,113,214977,21317,20944,1384,22328,267
2021-12-21,Yuba,115,75493,10771,10668,419,11087,98
2021-12-20,Alameda,001,1643700,128240,125762,3165,128927,1515
2021-12-20,Alpine,003,1148,110,112,0,112,0
2021-12-20,Amador,005,37829,5881,5838,78,5916,70
2021-12-20,Butte,007,227075,22267,22030,3998,26028,329
2021-12-20,Calaveras,009,45235,4612,4569,67,4636,91
2021-12-20,Colusa,011,21464,2659,2644,702,3346,21
2021-12-20,Contra Costa,013,1133247,105612,104051,2513,106564,1068
2021-12-20,Del Norte,015,27424,3827,3792,57,3849,43
2021-12-20,El Dorado,017,186661,17369,17083,1831,18914,172
2021-12-20,Fresno,019,978130,149142,147605,13509,161114,2341
2021-12-20,Glenn,021,27897,3638,3597,1029,4626,39
2021-12-20,Humboldt,023,135768,10106,9973,752,10725,118
2021-12-20,Imperial,025,180216,37094,36532,4404,40936,792
2021-12-20,Inyo,027,18085,2652,2615,43,2658,47
2021-12-20,Kern,029,883053,135420,134203,24900,159103,1883
2021-12-20,Kings,031,150075,34262,33898,2103,36001,376
2021-12-20,Lake,033,64148,7051,6999,174,7173,116
2021-12-20,Lassen,035,31185,7107,7065,435,7500,55
2021-12-20,Los Angeles,037,10098052,1523422,1495251,60222,1555473,27188
2021-12-20,Madera,039,155013,24864,24668,2416,27084,313
2021-12-20,Marin,041,260295,19224,18747,620,19367,249
2021-12-20,Mariposa,043,17540,1498,1479,63,1542,6
2021-12-20,Mendocino,045,87422,8388,8264,712,8976,96
2021-12-20,Merced,047,269075,44252,44071,2241,46312,687
2021-12-20,Modoc,049,8938,604,595,205,800,6
2021-12-20,Mono,051,14174,1999,1973,24,1997,4
2021-12-20,Monterey,053,433212,51098,49556,3525,53081,636
2021-12-20,Napa,055,140530,13859,13672,150,13822,107
2021-12-20,Nevada,057,99092,10218,10079,359,10438,109
2021-12-20,Orange,059,3164182,324535,320235,17280,337515,5852
2021-12-20,Placer,061,380077,40126,39579,4046,43625,485
2021-12-20,Plumas,063,18699,2011,1971,51,2022,12
2021-12-20,Riverside,065,2383286,388147,381841,17224,399065,5452
2021-12-20,Sacramento,067,1510023,169903,168153,5338,173491,2414
2021-12-20,San Benito,069,59416,7991,7934,188,8122,79
2021-12-20,San Bernardino,071,2135413,378415,373881,12162,386043,6023
2021-12-20,San Diego,073,3302833,406909,401483,23617,425100,4412
2021-12-20,San Francisco,075,870044,59272,56661,2712,59373,681
2021-12-20,San Joaquin,077,732212,105155,104188,5837,110025,1865
2021-12-20,San Luis Obispo,079,281455,31550,31075,1419,32494,365
2021-12-20,San Mateo,081,765935,58524,56247,1082,57329,581
2021-12-20,Santa Barbara,083,443738,47654,47131,1754,48885,562
2021-12-20,Santa Clara,085,1922200,158200,155427,1865,157292,1950
2021-12-20,Santa Cruz,087,273765,22363,21989,1082,23071,227
2021-12-20,Shasta,089,179085,23050,22888,3776,26664,429
2021-12-20,Sierra,091,2930,206,201,21,222,0
2021-12-20,Siskiyou,093,43540,3511,3453,1397,4850,59
2021-12-20,Solano,095,438530,48260,47394,1420,48814,370
2021-12-20,Sonoma,097,501317,44676,43982,616,44598,408
2021-12-20,Stanislaus,099,539301,82908,83110,9508,92618,1331
2021-12-20,Sutter,101,95872,14582,14480,418,14898,190
2021-12-20,Tehama,103,63373,8947,8840,1575,10415,136
2021-12-20,Trinity,105,12862,913,826,228,1054,17
2021-12-20,Tulare,107,460477,72245,71124,16876,88000,1129
2021-12-20,Tuolumne,109,53932,7920,7867,113,7980,91
2021-12-20,Ventura,111,848112,104203,102452,4683,107135,1203
2021-12-20,Yolo,113,214977,21224,20903,1372,22275,267
2021-12-20,Yuba,115,75493,10755,10656,416,11072,97
2021-12-19,Alameda,001,1643700,127366,125464,3118,128582,1519
2021-12-19,Alpine,003,1148,110,112,0,112,0
2021-12-19,Amador,005,37829,5869,5832,77,5909,70
2021-12-19,Butte,007,227075,22215,22022,3992,26014,329
2021-12-19,Calaveras,009,45235,4596,4563,66,4629,91
2021-12-19,Colusa,011,21464,2659,2643,699,3342,21
2021-12-19,Contra Costa,013,1133247,105121,103906,2478,106384,1068
2021-12-19,Del Norte,015,27424,3823,3797,57,3854,43
2021-12-19,El Dorado,017,186661,17313,17067,1829,18896,172
2021-12-19,Fresno,019,978130,148902,147505,13483,160988,2341
2021-12-19,Glenn,021,27897,3634,3596,1028,4624,39
2021-12-19,Humboldt,023,135768,10065,9957,747,10704,118
2021-12-19,Imperial,025,180216,36965,36501,4357,40858,792
2021-12-19,Inyo,027,18085,2643,2613,43,2656,47
2021-12-19,Kern,029,883053,135223,134136,24829,158965,1883
2021-12-19,Kings,031,150075,34202,33874,2099,35973,378
2021-12-19,Lake,033,64148,7042,6999,171,7170,116
2021-12-19,Lassen,035,31185,7103,7065,435,7500,55
2021-12-19,Los Angeles,037,10098052,1514464,1495082,59610,1554692,27189
2021-12-19,Madera,039,155013,24839,24642,2410,27052,313
2021-12-19,Marin,041,260295,19048,18707,597,19304,249
2021-12-19,Mariposa,043,17540,1492,1475,63,1538,6
2021-12-19,Mendocino,045,87422,8371,8257,709,8966,96
2021-12-19,Merced,047,269075,44157,44045,2234,46279,687
2021-12-19,Modoc,049,8938,603,595,205,800,6
2021-12-19,Mono,051,14174,1988,1968,23,1991,4
2021-12-19,Monterey,053,433212,50997,49516,3503,53019,636
2021-12-19,Napa,055,140530,13786,13659,141,13800,107
2021-12-19,Nevada,057,99092,10182,10057,356,10413,109
2021-12-19,Orange,059,3164182,323147,319615,17051,336666,5852
2021-12-19,Placer,061,380077,40007,39525,4029,43554,485
2021-12-19,Plumas,063,18699,2008,1971,51,2022,12
2021-12-19,Riverside,065,2383286,386720,381305,17148,398453,5452
2021-12-19,Sacramento,067,1510023,169406,167933,5309,173242,2415
2021-12-19,San Benito,069,59416,7965,7929,187,8116,79
2021-12-19,San Bernardino,071,2135413,377137,373480,12120,385600,6023
2021-12-19,San Diego,073,3302833,404403,398197,23420,421617,4406
2021-12-19,San Francisco,075,870044,58400,56358,2656,59014,681
2021-12-19,San Joaquin,077,732212,104897,104125,5823,109948,1865
2021-12-19,San Luis Obispo,079,281455,31427,31035,1407,32442,366
2021-12-19,San Mateo,081,765935,58060,56132,1067,57199,581
2021-12-19,Santa Barbara,083,443738,47431,47070,1747,48817,562
2021-12-19,Santa Clara,085,1922200,157311,155049,1837,156886,1950
2021-12-19,Santa Cruz,087,273765,22264,21960,1077,23037,227
2021-12-19,Shasta,089,179085,23014,22875,3772,26647,429
2021-12-19,Sierra,091,2930,205,201,21,222,0
2021-12-19,Siskiyou,093,43540,3508,3452,1397,4849,59
2021-12-19,Solano,095,438530,48141,47341,1414,48755,370
2021-12-19,Sonoma,097,501317,44493,43944,614,44558,408
2021-12-19,Stanislaus,099,539301,82770,83040,9477,92517,1331
2021-12-19,Sutter,101,95872,14542,14475,417,14892,190
2021-12-19,Tehama,103,63373,8939,8840,1575,10415,136
2021-12-19,Trinity,105,12862,913,826,228,1054,17
2021-12-19,Tulare,107,460477,72150,71085,16835,87920,1129
2021-12-19,Tuolumne,109,53932,7903,7865,112,7977,91
2021-12-19,Ventura,111,848112,103623,102170,4618,106788,1203
2021-12-19,Yolo,113,214977,21145,20887,1352,22239,267
2021-12-19,Yuba,115,75493,10738,10646,414,11060,97
2021-12-18,Alameda,001,1643700,126961,124583,3093,127676,1512
2021-12-18,Alpine,003,1148,110,110,0,110,0
2021-12-18,Amador,005,37829,5863,5821,77,5898,69
2021-12-18,Butte,007,227075,22198,21956,3987,25943,328
2021-12-18,Calaveras,009,45235,4589,4534,66,4600,91
2021-12-18,Colusa,011,21464,2657,2635,697,3332,21
2021-12-18,Contra Costa,013,1133247,104908,103380,2464,105844,1065
2021-12-18,Del Norte,015,27424,3820,3791,57,3848,43
2021-12-18,El Dorado,017,186661,17285,16968,1826,18794,171
2021-12-18,Fresno,019,978130,148800,147038,13470,160508,2335
2021-12-18,Glenn,021,27897,3631,3590,1028,4618,39
2021-12-18,Humboldt,023,135768,10049,9889,747,10636,118
2021-12-18,Imperial,025,180216,36893,36280,4346,40626,790
2021-12-18,Inyo,027,18085,2637,2607,43,2650,47
2021-12-18,Kern,029,883053,135133,133754,24782,158536,1873
2021-12-18,Kings,031,150075,34170,33783,2095,35878,374
2021-12-18,Lake,033,64148,7041,6976,171,7147,115
2021-12-18,Lassen,035,31185,7101,7061,434,7495,55
2021-12-18,Los Angeles,037,10098052,1510387,1484840,59293,1544133,27135
2021-12-18,Madera,039,155013,24824,24575,2408,26983,313
2021-12-18,Marin,041,260295,18948,18537,585,19122,249
2021-12-18,Mariposa,043,17540,1491,1468,63,1531,6
2021-12-18,Mendocino,045,87422,8365,8219,709,8928,95
2021-12-18,Merced,047,269075,44123,43929,2233,46162,686
2021-12-18,Modoc,049,8938,601,595,205,800,6
2021-12-18,Mono,051,14174,1986,1956,23,1979,4
2021-12-18,Monterey,053,433212,50940,49343,3498,52841,635
2021-12-18,Napa,055,140530,13760,13581,139,13720,107
2021-12-18,Nevada,057,99092,10160,9991,354,10345,108
2021-12-18,Orange,059,3164182,322485,318149,16912,335061,5844
2021-12-18,Placer,061,380077,39907,39336,4015,43351,485
2021-12-18,Plumas,063,18699,2008,1964,51,2015,13
2021-12-18,Riverside,065,2383286,386028,379354,17106,396460,5439
2021-12-18,Sacramento,067,1510023,169168,167046,5288,172334,2404
2021-12-18,San Benito,069,59416,7950,7894,187,8081,79
2021-12-18,San Bernardino,071,2135413,376490,371658,12092,383750,6017
2021-12-18,San Diego,073,3302833,403448,397130,23368,420498,4399
2021-12-18,San Francisco,075,870044,57906,55562,2626,58188,679
2021-12-18,San Joaquin,077,732212,104810,103698,5813,109511,1858
2021-12-18,San Luis Obispo,079,281455,31384,30873,1401,32274,365
2021-12-18,San Mateo,081,765935,57821,55730,1062,56792,580
2021-12-18,Santa Barbara,083,443738,47335,46776,1745,48521,562
2021-12-18,Santa Clara,085,1922200,156860,154243,1824,156067,1946
2021-12-18,Santa Cruz,087,273765,22212,21805,1075,22880,225
2021-12-18,Shasta,089,179085,22993,22811,3772,26583,429
2021-12-18,Sierra,091,2930,205,199,21,220,0
2021-12-18,Siskiyou,093,43540,3506,3441,1396,4837,58
2021-12-18,Solano,095,438530,48095,47174,1412,48586,369
2021-12-18,Sonoma,097,501317,44382,43658,610,44268,407
2021-12-18,Stanislaus,099,539301,82688,82736,9466,92202,1330
2021-12-18,Sutter,101,95872,14524,14435,417,14852,190
2021-12-18,Tehama,103,63373,8933,8814,1574,10388,136
2021-12-18,Trinity,105,12862,913,823,228,1051,17
2021-12-18,Tulare,107,460477,72112,70922,16810,87732,1120
2021-12-18,Tuolumne,109,53932,7889,7834,112,7946,91
2021-12-18,Ventura,111,848112,103338,101612,4594,106206,1201
2021-12-18,Yolo,113,214977,21105,20793,1346,22139,267
2021-12-18,Yuba,115,75493,10725,10599,414,11013,96
2021-12-17,Alameda,001,1643700,126627,124583,3073,127656,1512
2021-12-17,Alpine,003,1148,110,110,0,110,0
2021-12-17,Amador,005,37829,5856,5821,77,5898,69
2021-12-17,Butte,007,227075,22178,21956,3981,25937,328
2021-12-17,Calaveras,009,45235,4585,4534,66,4600,91
2021-12-17,Colusa,011,21464,2656,2635,696,3331,21
2021-12-17,Contra Costa,013,1133247,104706,103380,2460,105840,1065
2021-12-17,Del Norte,015,27424,3819,3791,57,3848,43
2021-12-17,El Dorado,017,186661,17256,16968,1823,18791,171
2021-12-17,Fresno,019,978130,148695,147038,13470,160508,2335
2021-12-17,Glenn,021,27897,3624,3590,1028,4618,39
2021-12-17,Humboldt,023,135768,10029,9889,745,10634,118
2021-12-17,Imperial,025,180216,36831,36280,4328,40608,790
2021-12-17,Inyo,027,18085,2632,2607,43,2650,47
2021-12-17,Kern,029,883053,135042,133754,24740,158494,1873
2021-12-17,Kings,031,150075,34151,33783,2095,35878,374
2021-12-17,Lake,033,64148,7037,6976,171,7147,115
2021-12-17,Lassen,035,31185,7101,7061,433,7494,55
2021-12-17,Los Angeles,037,10098052,1506444,1484840,59047,1543887,27135
2021-12-17,Madera,039,155013,24808,24575,2403,26978,313
2021-12-17,Marin,041,260295,18872,18537,581,19118,249
2021-12-17,Mariposa,043,17540,1487,1468,63,1531,6
2021-12-17,Mendocino,045,87422,8354,8219,709,8928,95
2021-12-17,Merced,047,269075,44096,43929,2232,46161,686
2021-12-17,Modoc,049,8938,601,595,205,800,6
2021-12-17,Mono,051,14174,1983,1956,23,1979,4
2021-12-17,Monterey,053,433212,50883,49343,3493,52836,635
2021-12-17,Napa,055,140530,13733,13581,138,13719,107
2021-12-17,Nevada,057,99092,10149,9991,354,10345,108
2021-12-17,Orange,059,3164182,321927,318149,16844,334993,5844
2021-12-17,Placer,061,380077,39853,39336,4009,43345,485
2021-12-17,Plumas,063,18699,2007,1964,51,2015,13
2021-12-17,Riverside,065,2383286,385382,379354,17095,396449,5439
2021-12-17,Sacramento,067,1510023,168938,167046,5275,172321,2404
2021-12-17,San Benito,069,59416,7948,7894,187,8081,79
2021-12-17,San Bernardino,071,2135413,375952,371658,12075,383733,6017
2021-12-17,San Diego,073,3302833,402509,397130,23320,420450,4399
2021-12-17,San Francisco,075,870044,57579,55562,2596,58158,679
2021-12-17,San Joaquin,077,732212,104736,103698,5795,109493,1858
2021-12-17,San Luis Obispo,079,281455,31356,30873,1397,32270,365
2021-12-17,San Mateo,081,765935,57634,55730,1055,56785,580
2021-12-17,Santa Barbara,083,443738,47258,46776,1739,48515,562
2021-12-17,Santa Clara,085,1922200,156487,154243,1809,156052,1946
2021-12-17,Santa Cruz,087,273765,22166,21805,1072,22877,225
2021-12-17,Shasta,089,179085,22980,22811,3770,26581,429
2021-12-17,Sierra,091,2930,204,199,21,220,0
2021-12-17,Siskiyou,093,43540,3502,3441,1394,4835,58
2021-12-17,Solano,095,438530,48027,47174,1408,48582,369
2021-12-17,Sonoma,097,501317,44286,43658,607,44265,407
2021-12-17,Stanislaus,099,539301,82637,82736,9460,92196,1330
2021-12-17,Sutter,101,95872,14513,14435,415,14850,190
2021-12-17,Tehama,103,63373,8926,8814,1573,10387,136
2021-12-17,Trinity,105,12862,913,823,228,1051,17
2021-12-17,Tulare,107,460477,72070,70922,16779,87701,1120
2021-12-17,Tuolumne,109,53932,7877,7834,112,7946,91
2021-12-17,Ventura,111,848112,103088,101612,4582,106194,1201
2021-12-17,Yolo,113,214977,21072,20793,1340,22133,267
2021-12-17,Yuba,115,75493,10713,10599,411,11010,96
2021-12-16,Alameda,001,1643700,126254,124583,3060,127643,1512
2021-12-16,Alpine,003,1148,108,110,0,110,0
2021-12-16,Amador,005,37829,5848,5821,77,5898,69
2021-12-16,Butte,007,227075,22159,21956,3978,25934,328
2021-12-16,Calaveras,009,45235,4577,4534,66,4600,91
2021-12-16,Colusa,011,21464,2656,2635,696,3331,21
2021-12-16,Contra Costa,013,1133247,104482,103380,2447,105827,1065
2021-12-16,Del Norte,015,27424,3816,3791,57,3848,43
2021-12-16,El Dorado,017,186661,17221,16968,1818,18786,171
2021-12-16,Fresno,019,978130,148534,147038,13464,160502,2335
2021-12-16,Glenn,021,27897,3623,3590,1028,4618,39
2021-12-16,Humboldt,023,135768,10005,9889,735,10624,118
2021-12-16,Imperial,025,180216,36746,36280,4297,40577,790
2021-12-16,Inyo,027,18085,2628,2607,42,2649,47
2021-12-16,Kern,029,883053,134900,133754,24689,158443,1873
2021-12-16,Kings,031,150075,34127,33783,2094,35877,374
2021-12-16,Lake,033,64148,7033,6976,171,7147,115
2021-12-16,Lassen,035,31185,7098,7061,432,7493,55
2021-12-16,Los Angeles,037,10098052,1502234,1484840,58773,1543613,27135
2021-12-16,Madera,039,155013,24779,24575,2399,26974,313
2021-12-16,Marin,041,260295,18825,18537,573,19110,249
2021-12-16,Mariposa,043,17540,1485,1468,63,1531,6
2021-12-16,Mendocino,045,87422,8343,8219,704,8923,95
2021-12-16,Merced,047,269075,44057,43929,2231,46160,686
2021-12-16,Modoc,049,8938,601,595,205,800,6
2021-12-16,Mono,051,14174,1980,1956,23,1979,4
2021-12-16,Monterey,053,433212,50812,49343,3476,52819,635
2021-12-16,Napa,055,140530,13701,13581,138,13719,107
2021-12-16,Nevada,057,99092,10123,9991,354,10345,108
2021-12-16,Orange,059,3164182,321321,318149,16764,334913,5844
2021-12-16,Placer,061,380077,39776,39336,4004,43340,485
2021-12-16,Plumas,063,18699,2007,1964,51,2015,13
2021-12-16,Riverside,065,2383286,384582,379354,17081,396435,5439
2021-12-16,Sacramento,067,1510023,168652,167046,5250,172296,2404
2021-12-16,San Benito,069,59416,7941,7894,187,8081,79
2021-12-16,San Bernardino,071,2135413,375304,371658,12057,383715,6017
2021-12-16,San Diego,073,3302833,401327,397130,23255,420385,4399
2021-12-16,San Francisco,075,870044,57204,55562,2574,58136,679
2021-12-16,San Joaquin,077,732212,104615,103698,5788,109486,1858
2021-12-16,San Luis Obispo,079,281455,31287,30873,1391,32264,365
2021-12-16,San Mateo,081,765935,57432,55730,1052,56782,580
2021-12-16,Santa Barbara,083,443738,47136,46776,1735,48511,562
2021-12-16,Santa Clara,085,1922200,156159,154243,1799,156042,1946
2021-12-16,Santa Cruz,087,273765,22120,21805,1071,22876,225
2021-12-16,Shasta,089,179085,22950,22811,3768,26579,429
2021-12-16,Sierra,091,2930,204,199,21,220,0
2021-12-16,Siskiyou,093,43540,3501,3441,1390,4831,58
2021-12-16,Solano,095,438530,47959,47174,1401,48575,369
2021-12-16,Sonoma,097,501317,44188,43658,605,44263,407
2021-12-16,Stanislaus,099,539301,82550,82736,9446,92182,1330
2021-12-16,Sutter,101,95872,14499,14435,414,14849,190
2021-12-16,Tehama,103,63373,8919,8814,1572,10386,136
2021-12-16,Trinity,105,12862,913,823,228,1051,17
2021-12-16,Tulare,107,460477,72021,70922,16753,87675,1120
2021-12-16,Tuolumne,109,53932,7858,7834,112,7946,91
2021-12-16,Ventura,111,848112,102820,101612,4575,106187,1201
2021-12-16,Yolo,113,214977,21022,20793,1335,22128,267
2021-12-16,Yuba,115,75493,10698,10599,410,11009,96
2021-12-15,Alameda,001,1643700,125930,124342,3048,127390,1509
2021-12-15,Alpine,003,1148,108,109,0,109,0
2021-12-15,Amador,005,37829,5842,5810,77,5887,69
2021-12-15,Butte,007,227075,22140,21922,3977,25899,327
2021-12-15,Calaveras,009,45235,4571,4523,66,4589,89
2021-12-15,Colusa,011,21464,2655,2632,695,3327,21
2021-12-15,Contra Costa,013,1133247,104265,103236,2444,105680,1064
2021-12-15,Del Norte,015,27424,3815,3789,56,3845,43
2021-12-15,El Dorado,017,186661,17189,16936,1812,18748,171
2021-12-15,Fresno,019,978130,148404,146859,13449,160308,2319
2021-12-15,Glenn,021,27897,3623,3589,1028,4617,39
2021-12-15,Humboldt,023,135768,9985,9854,734,10588,118
2021-12-15,Imperial,025,180216,36668,36187,4253,40440,789
2021-12-15,Inyo,027,18085,2623,2606,42,2648,47
2021-12-15,Kern,029,883053,134760,133590,24642,158232,1866
2021-12-15,Kings,031,150075,34098,33716,2090,35806,374
2021-12-15,Lake,033,64148,7024,6968,170,7138,115
2021-12-15,Lassen,035,31185,7098,7062,432,7494,55
2021-12-15,Los Angeles,037,10098052,1498345,1482735,58579,1541314,27116
2021-12-15,Madera,039,155013,24761,24549,2393,26942,313
2021-12-15,Marin,041,260295,18767,18514,568,19082,249
2021-12-15,Mariposa,043,17540,1482,1463,63,1526,6
2021-12-15,Mendocino,045,87422,8338,8209,701,8910,95
2021-12-15,Merced,047,269075,44015,43890,2219,46109,685
2021-12-15,Modoc,049,8938,601,595,205,800,6
2021-12-15,Mono,051,14174,1976,1955,23,1978,4
2021-12-15,Monterey,053,433212,50757,49279,3458,52737,635
2021-12-15,Napa,055,140530,13672,13557,136,13693,107
2021-12-15,Nevada,057,99092,10102,9958,354,10312,107
2021-12-15,Orange,059,3164182,320745,317808,16722,334530,5838
2021-12-15,Placer,061,380077,39721,39264,3994,43258,485
2021-12-15,Plumas,063,18699,2003,1957,51,2008,12
2021-12-15,Riverside,065,2383286,383867,378769,17070,395839,5438
2021-12-15,Sacramento,067,1510023,168343,166793,5228,172021,2401
2021-12-15,San Benito,069,59416,7926,7877,187,8064,79
2021-12-15,San Bernardino,071,2135413,374767,371122,12026,383148,6013
2021-12-15,San Diego,073,3302833,400139,396546,23186,419732,4395
2021-12-15,San Francisco,075,870044,56886,55414,2556,57970,679
2021-12-15,San Joaquin,077,732212,104458,103579,5778,109357,1853
2021-12-15,San Luis Obispo,079,281455,31239,30784,1384,32168,365
2021-12-15,San Mateo,081,765935,57292,55657,1041,56698,580
2021-12-15,Santa Barbara,083,443738,47055,46681,1733,48414,562
2021-12-15,Santa Clara,085,1922200,155847,153928,1778,155706,1944
2021-12-15,Santa Cruz,087,273765,22080,21753,1064,22817,225
2021-12-15,Shasta,089,179085,22935,22778,3764,26542,427
2021-12-15,Sierra,091,2930,204,199,21,220,0
2021-12-15,Siskiyou,093,43540,3500,3434,1389,4823,58
2021-12-15,Solano,095,438530,47888,47098,1394,48492,367
2021-12-15,Sonoma,097,501317,44105,43580,600,44180,407
2021-12-15,Stanislaus,099,539301,82443,82628,9438,92066,1298
2021-12-15,Sutter,101,95872,14479,14428,413,14841,189
2021-12-15,Tehama,103,63373,8912,8806,1571,10377,136
2021-12-15,Trinity,105,12862,912,822,228,1050,17
2021-12-15,Tulare,107,460477,71968,70846,16724,87570,1120
2021-12-15,Tuolumne,109,53932,7849,7818,111,7929,91
2021-12-15,Ventura,111,848112,102605,101447,4569,106016,1199
2021-12-15,Yolo,113,214977,20994,20749,1329,22078,267
2021-12-15,Yuba,115,75493,10687,10587,409,10996,96
2021-12-14,Alameda,001,1643700,125608,124272,3038,127310,1506
2021-12-14,Alpine,003,1148,107,109,0,109,0
2021-12-14,Amador,005,37829,5836,5808,76,5884,69
2021-12-14,Butte,007,227075,22107,21901,3975,25876,326
2021-12-14,Calaveras,009,45235,4559,4517,66,4583,89
2021-12-14,Colusa,011,21464,2653,2628,695,3323,21
2021-12-14,Contra Costa,013,1133247,104081,103135,2440,105575,1064
2021-12-14,Del Norte,015,27424,3812,3788,56,3844,43
2021-12-14,El Dorado,017,186661,17155,16915,1810,18725,170
2021-12-14,Fresno,019,978130,148234,146756,13442,160198,2316
2021-12-14,Glenn,021,27897,3622,3589,1028,4617,39
2021-12-14,Humboldt,023,135768,9973,9836,726,10562,118
2021-12-14,Imperial,025,180216,36595,36049,4211,40260,789
2021-12-14,Inyo,027,18085,2623,2601,42,2643,46
2021-12-14,Kern,029,883053,134624,133498,24593,158091,1863
2021-12-14,Kings,031,150075,34061,33693,2087,35780,373
2021-12-14,Lake,033,64148,7015,6961,170,7131,115
2021-12-14,Lassen,035,31185,7097,7061,432,7493,55
2021-12-14,Los Angeles,037,10098052,1494702,1481131,58397,1539528,27099
2021-12-14,Madera,039,155013,24735,24535,2385,26920,313
2021-12-14,Marin,041,260295,18719,18491,566,19057,249
2021-12-14,Mariposa,043,17540,1479,1463,62,1525,6
2021-12-14,Mendocino,045,87422,8310,8206,699,8905,95
2021-12-14,Merced,047,269075,43969,43870,2217,46087,684
2021-12-14,Modoc,049,8938,600,595,205,800,6
2021-12-14,Mono,051,14174,1969,1955,23,1978,4
2021-12-14,Monterey,053,433212,50674,49237,3447,52684,635
2021-12-14,Napa,055,140530,13643,13528,136,13664,107
2021-12-14,Nevada,057,99092,10076,9956,353,10309,106
2021-12-14,Orange,059,3164182,320194,317465,16668,334133,5827
2021-12-14,Placer,061,380077,39644,39221,3989,43210,482
2021-12-14,Plumas,063,18699,1999,1950,49,1999,12
2021-12-14,Riverside,065,2383286,383196,378227,17053,395280,5427
2021-12-14,Sacramento,067,1510023,168033,166605,5205,171810,2394
2021-12-14,San Benito,069,59416,7907,7871,187,8058,79
2021-12-14,San Bernardino,071,2135413,374153,370604,11996,382600,6013
2021-12-14,San Diego,073,3302833,398999,395876,23135,419011,4393
2021-12-14,San Francisco,075,870044,56573,55278,2544,57822,679
2021-12-14,San Joaquin,077,732212,104313,103488,5760,109248,1848
2021-12-14,San Luis Obispo,079,281455,31178,30753,1380,32133,363
2021-12-14,San Mateo,081,765935,57127,55601,1034,56635,580
2021-12-14,Santa Barbara,083,443738,46956,46648,1728,48376,560
2021-12-14,Santa Clara,085,1922200,155526,153814,1765,155579,1945
2021-12-14,Santa Cruz,087,273765,22015,21737,1059,22796,225
2021-12-14,Shasta,089,179085,22908,22756,3763,26519,427
2021-12-14,Sierra,091,2930,202,199,21,220,0
2021-12-14,Siskiyou,093,43540,3495,3430,1388,4818,58
2021-12-14,Solano,095,438530,47841,47065,1388,48453,367
2021-12-14,Sonoma,097,501317,44023,43538,598,44136,407
2021-12-14,Stanislaus,099,539301,82358,82581,9424,92005,1293
2021-12-14,Sutter,101,95872,14467,14421,412,14833,189
2021-12-14,Tehama,103,63373,8908,8805,1571,10376,134
2021-12-14,Trinity,105,12862,912,821,228,1049,17
2021-12-14,Tulare,107,460477,71897,70803,16693,87496,1120
2021-12-14,Tuolumne,109,53932,7836,7815,111,7926,91
2021-12-14,Ventura,111,848112,102381,101343,4562,105905,1199
2021-12-14,Yolo,113,214977,20960,20734,1315,22049,267
2021-12-14,Yuba,115,75493,10670,10574,409,10983,92
2021-12-13,Alameda,001,1643700,125327,124174,3022,127196,1501
2021-12-13,Alpine,003,1148,107,109,0,109,0
2021-12-13,Amador,005,37829,5832,5797,76,5873,69
2021-12-13,Butte,007,227075,22083,21889,3971,25860,326
2021-12-13,Calaveras,009,45235,4552,4507,65,4572,89
2021-12-13,Colusa,011,21464,2651,2627,695,3322,21
2021-12-13,Contra Costa,013,1133247,103932,103041,2429,105470,1064
2021-12-13,Del Norte,015,27424,3808,3787,56,3843,42
2021-12-13,El Dorado,017,186661,17132,16896,1808,18704,170
2021-12-13,Fresno,019,978130,148084,146641,13432,160073,2312
2021-12-13,Glenn,021,27897,3617,3589,1026,4615,37
2021-12-13,Humboldt,023,135768,9944,9821,722,10543,118
2021-12-13,Imperial,025,180216,36511,35974,4189,40163,787
2021-12-13,Inyo,027,18085,2622,2592,42,2634,46
2021-12-13,Kern,029,883053,134497,133381,24540,157921,1863
2021-12-13,Kings,031,150075,34018,33680,2082,35762,372
2021-12-13,Lake,033,64148,7013,6958,168,7126,115
2021-12-13,Lassen,035,31185,7096,7057,432,7489,55
2021-12-13,Los Angeles,037,10098052,1491921,1480195,58229,1538424,27085
2021-12-13,Madera,039,155013,24707,24527,2380,26907,311
2021-12-13,Marin,041,260295,18659,18471,563,19034,249
2021-12-13,Mariposa,043,17540,1477,1462,62,1524,6
2021-12-13,Mendocino,045,87422,8297,8196,697,8893,95
2021-12-13,Merced,047,269075,43930,43848,2213,46061,682
2021-12-13,Modoc,049,8938,599,595,205,800,6
2021-12-13,Mono,051,14174,1962,1952,23,1975,4
2021-12-13,Monterey,053,433212,50622,49222,3428,52650,631
2021-12-13,Napa,055,140530,13630,13518,136,13654,107
2021-12-13,Nevada,057,99092,10057,9946,352,10298,106
2021-12-13,Orange,059,3164182,319727,317112,16614,333726,5824
2021-12-13,Placer,061,380077,39583,39168,3978,43146,481
2021-12-13,Plumas,063,18699,1995,1943,49,1992,12
2021-12-13,Riverside,065,2383286,382616,377728,17038,394766,5414
2021-12-13,Sacramento,067,1510023,167754,166439,5171,171610,2392
2021-12-13,San Benito,069,59416,7898,7856,187,8043,79
2021-12-13,San Bernardino,071,2135413,373585,370274,11989,382263,6011
2021-12-13,San Diego,073,3302833,398190,395266,23083,418349,4389
2021-12-13,San Francisco,075,870044,56302,55245,2531,57776,678
2021-12-13,San Joaquin,077,732212,104197,103449,5751,109200,1846
2021-12-13,San Luis Obispo,079,281455,31129,30746,1376,32122,363
2021-12-13,San Mateo,081,765935,56967,55569,1025,56594,580
2021-12-13,Santa Barbara,083,443738,46869,46608,1723,48331,560
2021-12-13,Santa Clara,085,1922200,155262,153672,1754,155426,1944
2021-12-13,Santa Cruz,087,273765,21960,21698,1056,22754,225
2021-12-13,Shasta,089,179085,22887,22731,3761,26492,426
2021-12-13,Sierra,091,2930,202,199,21,220,0
2021-12-13,Siskiyou,093,43540,3491,3426,1385,4811,57
2021-12-13,Solano,095,438530,47767,47045,1383,48428,365
2021-12-13,Sonoma,097,501317,43928,43492,596,44088,407
2021-12-13,Stanislaus,099,539301,82244,82507,9404,91911,1282
2021-12-13,Sutter,101,95872,14460,14408,412,14820,188
2021-12-13,Tehama,103,63373,8895,8800,1571,10371,134
2021-12-13,Trinity,105,12862,912,820,228,1048,17
2021-12-13,Tulare,107,460477,71840,70758,16669,87427,1114
2021-12-13,Tuolumne,109,53932,7825,7804,111,7915,91
2021-12-13,Ventura,111,848112,102157,101180,4551,105731,1197
2021-12-13,Yolo,113,214977,20910,20706,1310,22016,267
2021-12-13,Yuba,115,75493,10653,10570,409,10979,92
2021-12-12,Alameda,001,1643700,125041,124075,3009,127084,1503
2021-12-12,Alpine,003,1148,107,109,0,109,0
2021-12-12,Amador,005,37829,5824,5797,75,5872,69
2021-12-12,Butte,007,227075,22059,21874,3968,25842,326
2021-12-12,Calaveras,009,45235,4542,4501,65,4566,89
2021-12-12,Colusa,011,21464,2646,2627,692,3319,21
2021-12-12,Contra Costa,013,1133247,103745,102976,2427,105403,1065
2021-12-12,Del Norte,015,27424,3805,3793,56,3849,42
2021-12-12,El Dorado,017,186661,17096,16890,1800,18690,170
2021-12-12,Fresno,019,978130,147921,146518,13416,159934,2310
2021-12-12,Glenn,021,27897,3614,3589,1026,4615,37
2021-12-12,Humboldt,023,135768,9920,9804,715,10519,118
2021-12-12,Imperial,025,180216,36377,35926,4155,40081,787
2021-12-12,Inyo,027,18085,2617,2592,42,2634,46
2021-12-12,Kern,029,883053,134331,133314,24499,157813,1861
2021-12-12,Kings,031,150075,33967,33661,2080,35741,372
2021-12-12,Lake,033,64148,7006,6955,166,7121,115
2021-12-12,Lassen,035,31185,7095,7057,432,7489,55
2021-12-12,Los Angeles,037,10098052,1489012,1479054,58044,1537098,27074
2021-12-12,Madera,039,155013,24677,24493,2372,26865,311
2021-12-12,Marin,041,260295,18606,18451,559,19010,249
2021-12-12,Mariposa,043,17540,1476,1461,62,1523,6
2021-12-12,Mendocino,045,87422,8284,8190,696,8886,95
2021-12-12,Merced,047,269075,43896,43821,2206,46027,682
2021-12-12,Modoc,049,8938,599,595,204,799,6
2021-12-12,Mono,051,14174,1958,1947,23,1970,4
2021-12-12,Monterey,053,433212,50569,49192,3401,52593,631
2021-12-12,Napa,055,140530,13587,13508,134,13642,107
2021-12-12,Nevada,057,99092,10030,9938,351,10289,106
2021-12-12,Orange,059,3164182,319223,316918,16550,333468,5825
2021-12-12,Placer,061,380077,39518,39139,3972,43111,481
2021-12-12,Plumas,063,18699,1991,1942,47,1989,12
2021-12-12,Riverside,065,2383286,381944,377467,17012,394479,5414
2021-12-12,Sacramento,067,1510023,167488,166291,5150,171441,2392
2021-12-12,San Benito,069,59416,7878,7853,187,8040,79
2021-12-12,San Bernardino,071,2135413,372954,369977,11964,381941,6011
2021-12-12,San Diego,073,3302833,397290,393307,23045,416352,4378
2021-12-12,San Francisco,075,870044,56048,55180,2519,57699,678
2021-12-12,San Joaquin,077,732212,104058,103405,5741,109146,1846
2021-12-12,San Luis Obispo,079,281455,31076,30719,1374,32093,363
2021-12-12,San Mateo,081,765935,56852,55505,1021,56526,580
2021-12-12,Santa Barbara,083,443738,46793,46586,1721,48307,560
2021-12-12,Santa Clara,085,1922200,154983,153452,1740,155192,1945
2021-12-12,Santa Cruz,087,273765,21911,21671,1054,22725,225
2021-12-12,Shasta,089,179085,22859,22732,3760,26492,426
2021-12-12,Sierra,091,2930,202,199,21,220,0
2021-12-12,Siskiyou,093,43540,3491,3424,1385,4809,57
2021-12-12,Solano,095,438530,47701,47021,1378,48399,365
2021-12-12,Sonoma,097,501317,43835,43424,593,44017,407
2021-12-12,Stanislaus,099,539301,82146,82460,9393,91853,1282
2021-12-12,Sutter,101,95872,14449,14396,412,14808,189
2021-12-12,Tehama,103,63373,8884,8796,1569,10365,134
2021-12-12,Trinity,105,12862,910,820,228,1048,17
2021-12-12,Tulare,107,460477,71761,70733,16627,87360,1115
2021-12-12,Tuolumne,109,53932,7808,7794,111,7905,91
2021-12-12,Ventura,111,848112,101963,101105,4537,105642,1197
2021-12-12,Yolo,113,214977,20860,20685,1299,21984,267
2021-12-12,Yuba,115,75493,10639,10565,406,10971,92
2021-12-11,Alameda,001,1643700,124906,123572,3007,126579,1496
2021-12-11,Alpine,003,1148,107,109,0,109,0
2021-12-11,Amador,005,37829,5819,5787,75,5862,69
2021-12-11,Butte,007,227075,22045,21819,3967,25786,326
2021-12-11,Calaveras,009,45235,4534,4469,64,4533,89
2021-12-11,Colusa,011,21464,2642,2619,691,3310,21
2021-12-11,Contra Costa,013,1133247,103659,102618,2425,105043,1061
2021-12-11,Del Norte,015,27424,3805,3778,56,3834,42
2021-12-11,El Dorado,017,186661,17075,16796,1799,18595,170
2021-12-11,Fresno,019,978130,147834,145988,13408,159396,2294
2021-12-11,Glenn,021,27897,3613,3585,1026,4611,37
2021-12-11,Humboldt,023,135768,9903,9721,712,10433,118
2021-12-11,Imperial,025,180216,36318,35635,4145,39780,782
2021-12-11,Inyo,027,18085,2612,2576,42,2618,46
2021-12-11,Kern,029,883053,134262,132852,24464,157316,1854
2021-12-11,Kings,031,150075,33954,33530,2078,35608,371
2021-12-11,Lake,033,64148,7005,6932,164,7096,114
2021-12-11,Lassen,035,31185,7094,7049,432,7481,55
2021-12-11,Los Angeles,037,10098052,1487794,1474030,57952,1531982,27031
2021-12-11,Madera,039,155013,24671,24417,2371,26788,311
2021-12-11,Marin,041,260295,18572,18339,556,18895,249
2021-12-11,Mariposa,043,17540,1475,1450,62,1512,6
2021-12-11,Mendocino,045,87422,8277,8130,696,8826,95
2021-12-11,Merced,047,269075,43877,43690,2205,45895,681
2021-12-11,Modoc,049,8938,599,594,204,798,6
2021-12-11,Mono,051,14174,1954,1926,23,1949,4
2021-12-11,Monterey,053,433212,50541,49008,3398,52406,631
2021-12-11,Napa,055,140530,13570,13459,134,13593,107
2021-12-11,Nevada,057,99092,10016,9880,351,10231,106
2021-12-11,Orange,059,3164182,318971,315759,16522,332281,5805
2021-12-11,Placer,061,380077,39460,38959,3965,42924,481
2021-12-11,Plumas,063,18699,1985,1934,47,1981,12
2021-12-11,Riverside,065,2383286,381525,375649,16998,392647,5408
2021-12-11,Sacramento,067,1510023,167358,165530,5140,170670,2386
2021-12-11,San Benito,069,59416,7864,7808,187,7995,79
2021-12-11,San Bernardino,071,2135413,372595,368145,11955,380100,6007
2021-12-11,San Diego,073,3302833,396866,392274,23007,415281,4374
2021-12-11,San Francisco,075,870044,55895,54869,2514,57383,678
2021-12-11,San Joaquin,077,732212,103997,103013,5737,108750,1842
2021-12-11,San Luis Obispo,079,281455,31054,30567,1370,31937,362
2021-12-11,San Mateo,081,765935,56774,55284,1019,56303,580
2021-12-11,Santa Barbara,083,443738,46759,46309,1721,48030,559
2021-12-11,Santa Clara,085,1922200,154785,152846,1728,154574,1941
2021-12-11,Santa Cruz,087,273765,21887,21557,1054,22611,225
2021-12-11,Shasta,089,179085,22844,22660,3756,26416,419
2021-12-11,Sierra,091,2930,202,199,21,220,0
2021-12-11,Siskiyou,093,43540,3485,3418,1382,4800,57
2021-12-11,Solano,095,438530,47672,46891,1373,48264,365
2021-12-11,Sonoma,097,501317,43787,43227,593,43820,407
2021-12-11,Stanislaus,099,539301,82096,82133,9384,91517,1264
2021-12-11,Sutter,101,95872,14440,14354,412,14766,187
2021-12-11,Tehama,103,63373,8881,8776,1567,10343,134
2021-12-11,Trinity,105,12862,910,819,228,1047,17
2021-12-11,Tulare,107,460477,71718,70523,16617,87140,1103
2021-12-11,Tuolumne,109,53932,7799,7760,111,7871,91
2021-12-11,Ventura,111,848112,101888,100711,4530,105241,1195
2021-12-11,Yolo,113,214977,20841,20608,1295,21903,267
2021-12-11,Yuba,115,75493,10627,10519,405,10924,92
2021-12-10,Alameda,001,1643700,124782,123572,3000,126572,1496
2021-12-10,Alpine,003,1148,106,109,0,109,0
2021-12-10,Amador,005,37829,5812,5787,75,5862,69
2021-12-10,Butte,007,227075,22032,21819,3965,25784,326
2021-12-10,Calaveras,009,45235,4531,4469,64,4533,89
2021-12-10,Colusa,011,21464,2641,2619,691,3310,21
2021-12-10,Contra Costa,013,1133247,103562,102618,2424,105042,1061
2021-12-10,Del Norte,015,27424,3805,3778,56,3834,42
2021-12-10,El Dorado,017,186661,17062,16796,1799,18595,170
2021-12-10,Fresno,019,978130,147746,145988,13397,159385,2294
2021-12-10,Glenn,021,27897,3613,3585,1026,4611,37
2021-12-10,Humboldt,023,135768,9886,9721,710,10431,118
2021-12-10,Imperial,025,180216,36263,35635,4130,39765,782
2021-12-10,Inyo,027,18085,2609,2576,42,2618,46
2021-12-10,Kern,029,883053,134174,132852,24440,157292,1854
2021-12-10,Kings,031,150075,33939,33530,2076,35606,371
2021-12-10,Lake,033,64148,6998,6932,164,7096,114
2021-12-10,Lassen,035,31185,7093,7049,432,7481,55
2021-12-10,Los Angeles,037,10098052,1486701,1474030,57864,1531894,27031
2021-12-10,Madera,039,155013,24653,24417,2369,26786,311
2021-12-10,Marin,041,260295,18550,18339,556,18895,249
2021-12-10,Mariposa,043,17540,1472,1450,62,1512,6
2021-12-10,Mendocino,045,87422,8270,8130,695,8825,95
2021-12-10,Merced,047,269075,43859,43690,2203,45893,681
2021-12-10,Modoc,049,8938,599,594,204,798,6
2021-12-10,Mono,051,14174,1951,1926,23,1949,4
2021-12-10,Monterey,053,433212,50504,49008,3392,52400,631
2021-12-10,Napa,055,140530,13558,13459,133,13592,107
2021-12-10,Nevada,057,99092,10007,9880,351,10231,106
2021-12-10,Orange,059,3164182,318700,315759,16490,332249,5805
2021-12-10,Placer,061,380077,39417,38959,3962,42921,481
2021-12-10,Plumas,063,18699,1983,1934,47,1981,12
2021-12-10,Riverside,065,2383286,381118,375649,16987,392636,5408
2021-12-10,Sacramento,067,1510023,167204,165530,5138,170668,2386
2021-12-10,San Benito,069,59416,7860,7808,187,7995,79
2021-12-10,San Bernardino,071,2135413,372222,368145,11932,380077,6007
2021-12-10,San Diego,073,3302833,396387,392274,22993,415267,4374
2021-12-10,San Francisco,075,870044,55810,54869,2508,57377,678
2021-12-10,San Joaquin,077,732212,103942,103013,5733,108746,1842
2021-12-10,San Luis Obispo,079,281455,31044,30567,1367,31934,362
2021-12-10,San Mateo,081,765935,56717,55284,1016,56300,580
2021-12-10,Santa Barbara,083,443738,46723,46309,1720,48029,559
2021-12-10,Santa Clara,085,1922200,154614,152846,1715,154561,1941
2021-12-10,Santa Cruz,087,273765,21868,21557,1053,22610,225
2021-12-10,Shasta,089,179085,22833,22660,3753,26413,419
2021-12-10,Sierra,091,2930,202,199,21,220,0
2021-12-10,Siskiyou,093,43540,3478,3418,1382,4800,57
2021-12-10,Solano,095,438530,47630,46891,1369,48260,365
2021-12-10,Sonoma,097,501317,43753,43227,592,43819,407
2021-12-10,Stanislaus,099,539301,82030,82133,9378,91511,1264
2021-12-10,Sutter,101,95872,14432,14354,412,14766,187
2021-12-10,Tehama,103,63373,8879,8776,1565,10341,134
2021-12-10,Trinity,105,12862,910,819,228,1047,17
2021-12-10,Tulare,107,460477,71689,70523,16592,87115,1103
2021-12-10,Tuolumne,109,53932,7793,7760,111,7871,91
2021-12-10,Ventura,111,848112,101784,100711,4527,105238,1195
2021-12-10,Yolo,113,214977,20827,20608,1293,21901,267
2021-12-10,Yuba,115,75493,10615,10519,404,10923,92
2021-12-09,Alameda,001,1643700,124638,123572,2995,126567,1496
2021-12-09,Alpine,003,1148,106,109,0,109,0
2021-12-09,Amador,005,37829,5809,5787,74,5861,69
2021-12-09,Butte,007,227075,22011,21819,3962,25781,326
2021-12-09,Calaveras,009,45235,4522,4469,64,4533,89
2021-12-09,Colusa,011,21464,2639,2619,691,3310,21
2021-12-09,Contra Costa,013,1133247,103442,102618,2418,105036,1061
2021-12-09,Del Norte,015,27424,3804,3778,56,3834,42
2021-12-09,El Dorado,017,186661,17034,16796,1794,18590,170
2021-12-09,Fresno,019,978130,147598,145988,13386,159374,2294
2021-12-09,Glenn,021,27897,3613,3585,1026,4611,37
2021-12-09,Humboldt,023,135768,9864,9721,709,10430,118
2021-12-09,Imperial,025,180216,36193,35635,4100,39735,782
2021-12-09,Inyo,027,18085,2607,2576,42,2618,46
2021-12-09,Kern,029,883053,134048,132852,24407,157259,1854
2021-12-09,Kings,031,150075,33913,33530,2073,35603,371
2021-12-09,Lake,033,64148,6990,6932,164,7096,114
2021-12-09,Lassen,035,31185,7091,7049,432,7481,55
2021-12-09,Los Angeles,037,10098052,1485159,1474030,57778,1531808,27031
2021-12-09,Madera,039,155013,24628,24417,2366,26783,311
2021-12-09,Marin,041,260295,18537,18339,554,18893,249
2021-12-09,Mariposa,043,17540,1471,1450,62,1512,6
2021-12-09,Mendocino,045,87422,8257,8130,692,8822,95
2021-12-09,Merced,047,269075,43821,43690,2191,45881,681
2021-12-09,Modoc,049,8938,599,594,204,798,6
2021-12-09,Mono,051,14174,1947,1926,23,1949,4
2021-12-09,Monterey,053,433212,50456,49008,3381,52389,631
2021-12-09,Napa,055,140530,13538,13459,129,13588,107
2021-12-09,Nevada,057,99092,9988,9880,351,10231,106
2021-12-09,Orange,059,3164182,318370,315759,16451,332210,5805
2021-12-09,Placer,061,380077,39374,38959,3949,42908,481
2021-12-09,Plumas,063,18699,1975,1934,47,1981,12
2021-12-09,Riverside,065,2383286,380568,375649,16971,392620,5408
2021-12-09,Sacramento,067,1510023,166986,165530,5123,170653,2386
2021-12-09,San Benito,069,59416,7848,7808,186,7994,79
2021-12-09,San Bernardino,071,2135413,371720,368145,11912,380057,6007
2021-12-09,San Diego,073,3302833,395741,392274,22963,415237,4374
2021-12-09,San Francisco,075,870044,55725,54869,2501,57370,678
2021-12-09,San Joaquin,077,732212,103850,103013,5727,108740,1842
2021-12-09,San Luis Obispo,079,281455,31016,30567,1365,31932,362
2021-12-09,San Mateo,081,765935,56629,55284,1014,56298,580
2021-12-09,Santa Barbara,083,443738,46643,46309,1713,48022,559
2021-12-09,Santa Clara,085,1922200,154399,152846,1704,154550,1941
2021-12-09,Santa Cruz,087,273765,21840,21557,1053,22610,225
2021-12-09,Shasta,089,179085,22817,22660,3752,26412,419
2021-12-09,Sierra,091,2930,202,199,21,220,0
2021-12-09,Siskiyou,093,43540,3474,3418,1381,4799,57
2021-12-09,Solano,095,438530,47593,46891,1367,48258,365
2021-12-09,Sonoma,097,501317,43696,43227,591,43818,407
2021-12-09,Stanislaus,099,539301,81960,82133,9365,91498,1264
2021-12-09,Sutter,101,95872,14417,14354,412,14766,187
2021-12-09,Tehama,103,63373,8872,8776,1563,10339,134
2021-12-09,Trinity,105,12862,910,819,228,1047,17
2021-12-09,Tulare,107,460477,71632,70523,16563,87086,1103
2021-12-09,Tuolumne,109,53932,7782,7760,111,7871,91
2021-12-09,Ventura,111,848112,101639,100711,4515,105226,1195
2021-12-09,Yolo,113,214977,20804,20608,1285,21893,267
2021-12-09,Yuba,115,75493,10607,10519,401,10920,92
2021-12-08,Alameda,001,1643700,124489,123438,2985,126423,1496
2021-12-08,Alpine,003,1148,106,108,0,108,0
2021-12-08,Amador,005,37829,5804,5781,74,5855,69
2021-12-08,Butte,007,227075,21995,21780,3959,25739,326
2021-12-08,Calaveras,009,45235,4513,4455,64,4519,89
2021-12-08,Colusa,011,21464,2636,2619,690,3309,21
2021-12-08,Contra Costa,013,1133247,103312,102506,2417,104923,1058
2021-12-08,Del Norte,015,27424,3803,3767,56,3823,42
2021-12-08,El Dorado,017,186661,17002,16757,1794,18551,170
2021-12-08,Fresno,019,978130,147440,145830,13371,159201,2293
2021-12-08,Glenn,021,27897,3613,3584,1022,4606,37
2021-12-08,Humboldt,023,135768,9842,9704,707,10411,117
2021-12-08,Imperial,025,180216,36114,35537,4069,39606,782
2021-12-08,Inyo,027,18085,2604,2570,42,2612,46
2021-12-08,Kern,029,883053,133925,132709,24359,157068,1846
2021-12-08,Kings,031,150075,33878,33468,2072,35540,371
2021-12-08,Lake,033,64148,6984,6927,163,7090,114
2021-12-08,Lassen,035,31185,7089,7041,430,7471,55
2021-12-08,Los Angeles,037,10098052,1483620,1472410,57667,1530077,27018
2021-12-08,Madera,039,155013,24607,24396,2359,26755,311
2021-12-08,Marin,041,260295,18516,18305,551,18856,249
2021-12-08,Mariposa,043,17540,1469,1447,62,1509,6
2021-12-08,Mendocino,045,87422,8244,8118,691,8809,95
2021-12-08,Merced,047,269075,43789,43631,2183,45814,680
2021-12-08,Modoc,049,8938,599,594,204,798,6
2021-12-08,Mono,051,14174,1941,1924,23,1947,4
2021-12-08,Monterey,053,433212,50391,48957,3365,52322,631
2021-12-08,Napa,055,140530,13524,13421,129,13550,107
2021-12-08,Nevada,057,99092,9972,9862,351,10213,106
2021-12-08,Orange,059,3164182,318023,315421,16413,331834,5795
2021-12-08,Placer,061,380077,39322,38934,3944,42878,478
2021-12-08,Plumas,063,18699,1973,1924,47,1971,12
2021-12-08,Riverside,065,2383286,380057,375099,16948,392047,5404
2021-12-08,Sacramento,067,1510023,166731,165278,5095,170373,2373
2021-12-08,San Benito,069,59416,7839,7793,186,7979,79
2021-12-08,San Bernardino,071,2135413,371247,367516,11887,379403,6006
2021-12-08,San Diego,073,3302833,395087,391676,22931,414607,4369
2021-12-08,San Francisco,075,870044,55638,54792,2493,57285,677
2021-12-08,San Joaquin,077,732212,103748,102877,5717,108594,1841
2021-12-08,San Luis Obispo,079,281455,30968,30519,1360,31879,361
2021-12-08,San Mateo,081,765935,56559,55220,1008,56228,580
2021-12-08,Santa Barbara,083,443738,46588,46250,1710,47960,558
2021-12-08,Santa Clara,085,1922200,154237,152674,1693,154367,1937
2021-12-08,Santa Cruz,087,273765,21793,21505,1051,22556,224
2021-12-08,Shasta,089,179085,22797,22616,3746,26362,419
2021-12-08,Sierra,091,2930,202,199,21,220,0
2021-12-08,Siskiyou,093,43540,3473,3415,1379,4794,57
2021-12-08,Solano,095,438530,47563,46837,1366,48203,365
2021-12-08,Sonoma,097,501317,43633,43179,590,43769,405
2021-12-08,Stanislaus,099,539301,81877,82038,9354,91392,1264
2021-12-08,Sutter,101,95872,14401,14336,410,14746,187
2021-12-08,Tehama,103,63373,8863,8768,1563,10331,133
2021-12-08,Trinity,105,12862,910,818,228,1046,17
2021-12-08,Tulare,107,460477,71569,70472,16538,87010,1102
2021-12-08,Tuolumne,109,53932,7769,7749,111,7860,91
2021-12-08,Ventura,111,848112,101511,100647,4512,105159,1194
2021-12-08,Yolo,113,214977,20778,20575,1279,21854,267
2021-12-08,Yuba,115,75493,10593,10499,398,10897,92
2021-12-07,Alameda,001,1643700,124319,123325,2976,126301,1497
2021-12-07,Alpine,003,1148,106,108,0,108,0
2021-12-07,Amador,005,37829,5801,5778,73,5851,69
2021-12-07,Butte,007,227075,21971,21761,3954,25715,324
2021-12-07,Calaveras,009,45235,4496,4445,64,4509,88
2021-12-07,Colusa,011,21464,2634,2619,690,3309,21
2021-12-07,Contra Costa,013,1133247,103189,102421,2408,104829,1058
2021-12-07,Del Norte,015,27424,3802,3766,56,3822,42
2021-12-07,El Dorado,017,186661,16978,16742,1791,18533,170
2021-12-07,Fresno,019,978130,147293,145715,13354,159069,2289
2021-12-07,Glenn,021,27897,3612,3579,1022,4601,36
2021-12-07,Humboldt,023,135768,9818,9693,702,10395,117
2021-12-07,Imperial,025,180216,36036,35502,4048,39550,778
2021-12-07,Inyo,027,18085,2601,2567,42,2609,46
2021-12-07,Kern,029,883053,133766,132564,24306,156870,1838
2021-12-07,Kings,031,150075,33846,33441,2069,35510,372
2021-12-07,Lake,033,64148,6979,6925,163,7088,113
2021-12-07,Lassen,035,31185,7088,7040,429,7469,55
2021-12-07,Los Angeles,037,10098052,1481835,1470904,57563,1528467,27007
2021-12-07,Madera,039,155013,24584,24367,2352,26719,311
2021-12-07,Marin,041,260295,18482,18284,545,18829,249
2021-12-07,Mariposa,043,17540,1467,1446,62,1508,6
2021-12-07,Mendocino,045,87422,8226,8107,691,8798,95
2021-12-07,Merced,047,269075,43748,43600,2176,45776,675
2021-12-07,Modoc,049,8938,599,594,203,797,6
2021-12-07,Mono,051,14174,1939,1921,23,1944,4
2021-12-07,Monterey,053,433212,50308,48880,3348,52228,631
2021-12-07,Napa,055,140530,13506,13409,129,13538,107
2021-12-07,Nevada,057,99092,9958,9858,350,10208,105
2021-12-07,Orange,059,3164182,317690,315138,16364,331502,5784
2021-12-07,Placer,061,380077,39245,38860,3940,42800,474
2021-12-07,Plumas,063,18699,1969,1915,47,1962,12
2021-12-07,Riverside,065,2383286,379527,374552,16932,391484,5397
2021-12-07,Sacramento,067,1510023,166485,165148,5081,170229,2375
2021-12-07,San Benito,069,59416,7823,7776,186,7962,78
2021-12-07,San Bernardino,071,2135413,370681,366981,11869,378850,6007
2021-12-07,San Diego,073,3302833,394239,391110,22893,414003,4357
2021-12-07,San Francisco,075,870044,55528,54729,2488,57217,676
2021-12-07,San Joaquin,077,732212,103629,102797,5705,108502,1839
2021-12-07,San Luis Obispo,079,281455,30929,30495,1358,31853,361
2021-12-07,San Mateo,081,765935,56470,55163,1002,56165,580
2021-12-07,Santa Barbara,083,443738,46516,46205,1708,47913,556
2021-12-07,Santa Clara,085,1922200,154051,152465,1684,154149,1941
2021-12-07,Santa Cruz,087,273765,21746,21493,1051,22544,224
2021-12-07,Shasta,089,179085,22775,22594,3743,26337,418
2021-12-07,Sierra,091,2930,202,199,21,220,0
2021-12-07,Siskiyou,093,43540,3471,3412,1379,4791,57
2021-12-07,Solano,095,438530,47523,46812,1364,48176,365
2021-12-07,Sonoma,097,501317,43559,43154,589,43743,405
2021-12-07,Stanislaus,099,539301,81800,81980,9342,91322,1258
2021-12-07,Sutter,101,95872,14393,14322,409,14731,186
2021-12-07,Tehama,103,63373,8855,8765,1562,10327,133
2021-12-07,Trinity,105,12862,910,818,228,1046,17
2021-12-07,Tulare,107,460477,71511,70411,16509,86920,1103
2021-12-07,Tuolumne,109,53932,7761,7743,111,7854,91
2021-12-07,Ventura,111,848112,101414,100569,4502,105071,1194
2021-12-07,Yolo,113,214977,20752,20560,1276,21836,263
2021-12-07,Yuba,115,75493,10576,10491,397,10888,91
2021-12-06,Alameda,001,1643700,124155,123227,2973,126200,1496
2021-12-06,Alpine,003,1148,106,108,0,108,0
2021-12-06,Amador,005,37829,5795,5769,72,5841,67
2021-12-06,Butte,007,227075,21954,21732,3951,25683,321
2021-12-06,Calaveras,009,45235,4489,4443,64,4507,88
2021-12-06,Colusa,011,21464,2633,2615,686,3301,21
2021-12-06,Contra Costa,013,1133247,103069,102327,2404,104731,1058
2021-12-06,Del Norte,015,27424,3800,3744,56,3800,42
2021-12-06,El Dorado,017,186661,16953,16726,1789,18515,168
2021-12-06,Fresno,019,978130,147096,145539,13344,158883,2285
2021-12-06,Glenn,021,27897,3609,3577,1021,4598,36
2021-12-06,Humboldt,023,135768,9798,9671,695,10366,117
2021-12-06,Imperial,025,180216,35955,35453,4030,39483,778
2021-12-06,Inyo,027,18085,2595,2562,41,2603,46
2021-12-06,Kern,029,883053,133580,132366,24248,156614,1835
2021-12-06,Kings,031,150075,33813,33399,2064,35463,368
2021-12-06,Lake,033,64148,6975,6922,163,7085,113
2021-12-06,Lassen,035,31185,7083,7032,427,7459,51
2021-12-06,Los Angeles,037,10098052,1480165,1470059,57471,1527530,26993
2021-12-06,Madera,039,155013,24557,24334,2348,26682,307
2021-12-06,Marin,041,260295,18454,18252,543,18795,249
2021-12-06,Mariposa,043,17540,1464,1443,62,1505,6
2021-12-06,Mendocino,045,87422,8213,8079,687,8766,95
2021-12-06,Merced,047,269075,43708,43549,2166,45715,672
2021-12-06,Modoc,049,8938,599,593,203,796,6
2021-12-06,Mono,051,14174,1934,1913,23,1936,4
2021-12-06,Monterey,053,433212,50230,48831,3329,52160,626
2021-12-06,Napa,055,140530,13483,13387,127,13514,107
2021-12-06,Nevada,057,99092,9930,9847,349,10196,105
2021-12-06,Orange,059,3164182,317311,314859,16321,331180,5771
2021-12-06,Placer,061,380077,39187,38785,3935,42720,473
2021-12-06,Plumas,063,18699,1961,1913,47,1960,10
2021-12-06,Riverside,065,2383286,379008,374116,16918,391034,5388
2021-12-06,Sacramento,067,1510023,166207,164926,5060,169986,2367
2021-12-06,San Benito,069,59416,7807,7755,186,7941,78
2021-12-06,San Bernardino,071,2135413,370130,366606,11842,378448,5998
2021-12-06,San Diego,073,3302833,393389,390389,22848,413237,4352
2021-12-06,San Francisco,075,870044,55421,54659,2483,57142,674
2021-12-06,San Joaquin,077,732212,103502,102728,5698,108426,1837
2021-12-06,San Luis Obispo,079,281455,30891,30464,1356,31820,361
2021-12-06,San Mateo,081,765935,56396,55112,999,56111,580
2021-12-06,Santa Barbara,083,443738,46423,46146,1707,47853,556
2021-12-06,Santa Clara,085,1922200,153841,152310,1668,153978,1937
2021-12-06,Santa Cruz,087,273765,21711,21450,1048,22498,224
2021-12-06,Shasta,089,179085,22752,22556,3735,26291,416
2021-12-06,Sierra,091,2930,201,198,21,219,0
2021-12-06,Siskiyou,093,43540,3469,3409,1374,4783,57
2021-12-06,Solano,095,438530,47478,46748,1363,48111,360
2021-12-06,Sonoma,097,501317,43490,43114,581,43695,405
2021-12-06,Stanislaus,099,539301,81706,81889,9308,91197,1241
2021-12-06,Sutter,101,95872,14381,14319,409,14728,186
2021-12-06,Tehama,103,63373,8847,8760,1562,10322,133
2021-12-06,Trinity,105,12862,910,815,227,1042,17
2021-12-06,Tulare,107,460477,71435,70285,16470,86755,1101
2021-12-06,Tuolumne,109,53932,7747,7726,111,7837,91
2021-12-06,Ventura,111,848112,101312,100426,4494,104920,1194
2021-12-06,Yolo,113,214977,20728,20548,1275,21823,263
2021-12-06,Yuba,115,75493,10561,10480,392,10872,91
2021-12-05,Alameda,001,1643700,123967,123104,2965,126069,1496
2021-12-05,Alpine,003,1148,105,108,0,108,0
2021-12-05,Amador,005,37829,5792,5761,72,5833,67
2021-12-05,Butte,007,227075,21920,21720,3945,25665,320
2021-12-05,Calaveras,009,45235,4472,4434,64,4498,88
2021-12-05,Colusa,011,21464,2632,2615,685,3300,21
2021-12-05,Contra Costa,013,1133247,102938,102251,2394,104645,1058
2021-12-05,Del Norte,015,27424,3798,3751,56,3807,42
2021-12-05,El Dorado,017,186661,16916,16717,1783,18500,168
2021-12-05,Fresno,019,978130,146922,145452,13324,158776,2284
2021-12-05,Glenn,021,27897,3607,3577,1020,4597,36
2021-12-05,Humboldt,023,135768,9768,9662,692,10354,117
2021-12-05,Imperial,025,180216,35861,35422,4000,39422,778
2021-12-05,Inyo,027,18085,2588,2559,41,2600,46
2021-12-05,Kern,029,883053,133415,132286,24196,156482,1833
2021-12-05,Kings,031,150075,33749,33360,2064,35424,369
2021-12-05,Lake,033,64148,6970,6919,162,7081,113
2021-12-05,Lassen,035,31185,7081,7031,427,7458,51
2021-12-05,Los Angeles,037,10098052,1478313,1468937,57330,1526267,26991
2021-12-05,Madera,039,155013,24516,24311,2345,26656,307
2021-12-05,Marin,041,260295,18407,18216,535,18751,249
2021-12-05,Mariposa,043,17540,1461,1440,61,1501,6
2021-12-05,Mendocino,045,87422,8194,8069,681,8750,95
2021-12-05,Merced,047,269075,43663,43534,2157,45691,672
2021-12-05,Modoc,049,8938,599,593,203,796,6
2021-12-05,Mono,051,14174,1927,1907,23,1930,4
2021-12-05,Monterey,053,433212,50159,48813,3297,52110,626
2021-12-05,Napa,055,140530,13457,13382,124,13506,107
2021-12-05,Nevada,057,99092,9909,9827,349,10176,105
2021-12-05,Orange,059,3164182,316876,314560,16278,330838,5771
2021-12-05,Placer,061,380077,39129,38738,3926,42664,473
2021-12-05,Plumas,063,18699,1957,1913,46,1959,9
2021-12-05,Riverside,065,2383286,378352,373827,16888,390715,5388
2021-12-05,Sacramento,067,1510023,165900,164721,5042,169763,2367
2021-12-05,San Benito,069,59416,7790,7748,185,7933,78
2021-12-05,San Bernardino,071,2135413,369434,366282,11795,378077,5998
2021-12-05,San Diego,073,3302833,392590,387979,22799,410778,4351
2021-12-05,San Francisco,075,870044,55320,54603,2481,57084,674
2021-12-05,San Joaquin,077,732212,103361,102698,5693,108391,1837
2021-12-05,San Luis Obispo,079,281455,30821,30454,1353,31807,360
2021-12-05,San Mateo,081,765935,56307,55050,989,56039,580
2021-12-05,Santa Barbara,083,443738,46340,46097,1699,47796,555
2021-12-05,Santa Clara,085,1922200,153586,152114,1648,153762,1933
2021-12-05,Santa Cruz,087,273765,21661,21424,1048,22472,224
2021-12-05,Shasta,089,179085,22695,22550,3734,26284,416
2021-12-05,Sierra,091,2930,201,198,21,219,0
2021-12-05,Siskiyou,093,43540,3467,3409,1372,4781,57
2021-12-05,Solano,095,438530,47415,46715,1361,48076,360
2021-12-05,Sonoma,097,501317,43413,43038,576,43614,405
2021-12-05,Stanislaus,099,539301,81572,81847,9298,91145,1241
2021-12-05,Sutter,101,95872,14357,14303,404,14707,186
2021-12-05,Tehama,103,63373,8839,8755,1561,10316,133
2021-12-05,Trinity,105,12862,909,815,227,1042,17
2021-12-05,Tulare,107,460477,71354,70254,16422,86676,1102
2021-12-05,Tuolumne,109,53932,7734,7718,111,7829,91
2021-12-05,Ventura,111,848112,101176,100367,4481,104848,1194
2021-12-05,Yolo,113,214977,20686,20512,1273,21785,263
2021-12-05,Yuba,115,75493,10548,10467,385,10852,91
2021-12-04,Alameda,001,1643700,123856,122508,2961,125469,1494
2021-12-04,Alpine,003,1148,105,108,0,108,0
2021-12-04,Amador,005,37829,5789,5729,72,5801,67
2021-12-04,Butte,007,227075,21901,21638,3941,25579,318
2021-12-04,Calaveras,009,45235,4464,4392,63,4455,88
2021-12-04,Colusa,011,21464,2632,2600,683,3283,21
2021-12-04,Contra Costa,013,1133247,102864,101824,2388,104212,1056
2021-12-04,Del Norte,015,27424,3795,3726,56,3782,42
2021-12-04,El Dorado,017,186661,16907,16621,1782,18403,168
2021-12-04,Fresno,019,978130,146834,144734,13315,158049,2270
2021-12-04,Glenn,021,27897,3607,3559,1020,4579,36
2021-12-04,Humboldt,023,135768,9753,9596,688,10284,117
2021-12-04,Imperial,025,180216,35806,35206,3987,39193,776
2021-12-04,Inyo,027,18085,2583,2538,41,2579,46
2021-12-04,Kern,029,883053,133336,131771,24173,155944,1817
2021-12-04,Kings,031,150075,33725,33183,2063,35246,367
2021-12-04,Lake,033,64148,6961,6903,162,7065,113
2021-12-04,Lassen,035,31185,7080,7014,425,7439,51
2021-12-04,Los Angeles,037,10098052,1477442,1463270,57251,1520521,26952
2021-12-04,Madera,039,155013,24502,24188,2341,26529,307
2021-12-04,Marin,041,260295,18385,18075,534,18609,249
2021-12-04,Mariposa,043,17540,1457,1421,61,1482,6
2021-12-04,Mendocino,045,87422,8189,7981,681,8662,91
2021-12-04,Merced,047,269075,43636,43337,2155,45492,671
2021-12-04,Modoc,049,8938,599,591,203,794,6
2021-12-04,Mono,051,14174,1927,1883,23,1906,4
2021-12-04,Monterey,053,433212,50127,48682,3290,51972,626
2021-12-04,Napa,055,140530,13447,13327,123,13450,106
2021-12-04,Nevada,057,99092,9901,9752,349,10101,105
2021-12-04,Orange,059,3164182,316646,313112,16252,329364,5748
2021-12-04,Placer,061,380077,39089,38460,3920,42380,473
2021-12-04,Plumas,063,18699,1954,1903,46,1949,7
2021-12-04,Riverside,065,2383286,377993,371768,16882,388650,5381
2021-12-04,Sacramento,067,1510023,165757,163900,5034,168934,2365
2021-12-04,San Benito,069,59416,7764,7688,185,7873,78
2021-12-04,San Bernardino,071,2135413,369048,364154,11781,375935,5983
2021-12-04,San Diego,073,3302833,392111,386710,22769,409479,4350
2021-12-04,San Francisco,075,870044,55252,54286,2478,56764,674
2021-12-04,San Joaquin,077,732212,103307,102286,5691,107977,1835
2021-12-04,San Luis Obispo,079,281455,30800,30318,1349,31667,360
2021-12-04,San Mateo,081,765935,56256,54774,986,55760,579
2021-12-04,Santa Barbara,083,443738,46295,45774,1699,47473,555
2021-12-04,Santa Clara,085,1922200,153432,151275,1634,152909,1928
2021-12-04,Santa Cruz,087,273765,21635,21286,1047,22333,224
2021-12-04,Shasta,089,179085,22678,22418,3732,26150,414
2021-12-04,Sierra,091,2930,201,196,21,217,0
2021-12-04,Siskiyou,093,43540,3465,3398,1372,4770,57
2021-12-04,Solano,095,438530,47395,46529,1360,47889,360
2021-12-04,Sonoma,097,501317,43367,42778,573,43351,405
2021-12-04,Stanislaus,099,539301,81500,81462,9291,90753,1231
2021-12-04,Sutter,101,95872,14349,14258,403,14661,186
2021-12-04,Tehama,103,63373,8837,8742,1561,10303,131
2021-12-04,Trinity,105,12862,908,801,227,1028,17
2021-12-04,Tulare,107,460477,71316,70014,16394,86408,1100
2021-12-04,Tuolumne,109,53932,7729,7676,111,7787,91
2021-12-04,Ventura,111,848112,101085,99751,4477,104228,1192
2021-12-04,Yolo,113,214977,20663,20442,1270,21712,261
2021-12-04,Yuba,115,75493,10537,10418,384,10802,91
2021-12-03,Alameda,001,1643700,123763,122508,2951,125459,1494
2021-12-03,Alpine,003,1148,105,108,0,108,0
2021-12-03,Amador,005,37829,5784,5729,71,5800,67
2021-12-03,Butte,007,227075,21888,21638,3936,25574,318
2021-12-03,Calaveras,009,45235,4455,4392,63,4455,88
2021-12-03,Colusa,011,21464,2630,2600,683,3283,21
2021-12-03,Contra Costa,013,1133247,102791,101824,2383,104207,1056
2021-12-03,Del Norte,015,27424,3793,3726,56,3782,42
2021-12-03,El Dorado,017,186661,16878,16621,1780,18401,168
2021-12-03,Fresno,019,978130,146720,144734,13312,158046,2270
2021-12-03,Glenn,021,27897,3606,3559,1019,4578,36
2021-12-03,Humboldt,023,135768,9736,9596,686,10282,117
2021-12-03,Imperial,025,180216,35762,35206,3957,39163,776
2021-12-03,Inyo,027,18085,2576,2538,41,2579,46
2021-12-03,Kern,029,883053,133265,131771,24137,155908,1817
2021-12-03,Kings,031,150075,33697,33183,2063,35246,367
2021-12-03,Lake,033,64148,6961,6903,162,7065,113
2021-12-03,Lassen,035,31185,7078,7014,424,7438,51
2021-12-03,Los Angeles,037,10098052,1476497,1463270,57169,1520439,26952
2021-12-03,Madera,039,155013,24476,24188,2337,26525,307
2021-12-03,Marin,041,260295,18353,18075,530,18605,249
2021-12-03,Mariposa,043,17540,1455,1421,61,1482,6
2021-12-03,Mendocino,045,87422,8182,7981,681,8662,91
2021-12-03,Merced,047,269075,43613,43337,2152,45489,671
2021-12-03,Modoc,049,8938,599,591,203,794,6
2021-12-03,Mono,051,14174,1921,1883,23,1906,4
2021-12-03,Monterey,053,433212,50088,48682,3279,51961,626
2021-12-03,Napa,055,140530,13435,13327,123,13450,106
2021-12-03,Nevada,057,99092,9890,9752,349,10101,105
2021-12-03,Orange,059,3164182,316377,313112,16219,329331,5748
2021-12-03,Placer,061,380077,39052,38460,3913,42373,473
2021-12-03,Plumas,063,18699,1951,1903,46,1949,7
2021-12-03,Riverside,065,2383286,377602,371768,16876,388644,5381
2021-12-03,Sacramento,067,1510023,165577,163900,5020,168920,2365
2021-12-03,San Benito,069,59416,7757,7688,185,7873,78
2021-12-03,San Bernardino,071,2135413,368604,364154,11771,375925,5983
2021-12-03,San Diego,073,3302833,391636,386710,22745,409455,4350
2021-12-03,San Francisco,075,870044,55182,54286,2474,56760,674
2021-12-03,San Joaquin,077,732212,103250,102286,5690,107976,1835
2021-12-03,San Luis Obispo,079,281455,30774,30318,1346,31664,360
2021-12-03,San Mateo,081,765935,56193,54774,983,55757,579
2021-12-03,Santa Barbara,083,443738,46259,45774,1699,47473,555
2021-12-03,Santa Clara,085,1922200,153250,151275,1619,152894,1928
2021-12-03,Santa Cruz,087,273765,21608,21286,1047,22333,224
2021-12-03,Shasta,089,179085,22663,22418,3732,26150,414
2021-12-03,Sierra,091,2930,201,196,21,217,0
2021-12-03,Siskiyou,093,43540,3462,3398,1370,4768,57
2021-12-03,Solano,095,438530,47353,46529,1359,47888,360
2021-12-03,Sonoma,097,501317,43331,42778,571,43349,405
2021-12-03,Stanislaus,099,539301,81443,81462,9282,90744,1231
2021-12-03,Sutter,101,95872,14336,14258,401,14659,186
2021-12-03,Tehama,103,63373,8836,8742,1559,10301,131
2021-12-03,Trinity,105,12862,908,801,227,1028,17
2021-12-03,Tulare,107,460477,71277,70014,16360,86374,1100
2021-12-03,Tuolumne,109,53932,7720,7676,111,7787,91
2021-12-03,Ventura,111,848112,100997,99751,4470,104221,1192
2021-12-03,Yolo,113,214977,20646,20442,1269,21711,261
2021-12-03,Yuba,115,75493,10529,10418,384,10802,91
2021-12-02,Alameda,001,1643700,123607,122508,2943,125451,1494
2021-12-02,Alpine,003,1148,105,108,0,108,0
2021-12-02,Amador,005,37829,5779,5729,70,5799,67
2021-12-02,Butte,007,227075,21863,21638,3933,25571,318
2021-12-02,Calaveras,009,45235,4445,4392,62,4454,88
2021-12-02,Colusa,011,21464,2629,2600,683,3283,21
2021-12-02,Contra Costa,013,1133247,102675,101824,2379,104203,1056
2021-12-02,Del Norte,015,27424,3785,3726,56,3782,42
2021-12-02,El Dorado,017,186661,16857,16621,1778,18399,168
2021-12-02,Fresno,019,978130,146553,144734,13300,158034,2270
2021-12-02,Glenn,021,27897,3606,3559,1016,4575,36
2021-12-02,Humboldt,023,135768,9717,9596,684,10280,117
2021-12-02,Imperial,025,180216,35695,35206,3934,39140,776
2021-12-02,Inyo,027,18085,2571,2538,41,2579,46
2021-12-02,Kern,029,883053,133094,131771,24084,155855,1817
2021-12-02,Kings,031,150075,33642,33183,2061,35244,367
2021-12-02,Lake,033,64148,6957,6903,162,7065,113
2021-12-02,Lassen,035,31185,7074,7014,424,7438,51
2021-12-02,Los Angeles,037,10098052,1474976,1463270,57085,1520355,26952
2021-12-02,Madera,039,155013,24439,24188,2328,26516,307
2021-12-02,Marin,041,260295,18323,18075,526,18601,249
2021-12-02,Mariposa,043,17540,1453,1421,61,1482,6
2021-12-02,Mendocino,045,87422,8166,7981,680,8661,91
2021-12-02,Merced,047,269075,43567,43337,2147,45484,671
2021-12-02,Modoc,049,8938,598,591,203,794,6
2021-12-02,Mono,051,14174,1915,1883,23,1906,4
2021-12-02,Monterey,053,433212,50013,48682,3257,51939,626
2021-12-02,Napa,055,140530,13422,13327,123,13450,106
2021-12-02,Nevada,057,99092,9872,9752,348,10100,105
2021-12-02,Orange,059,3164182,316034,313112,16182,329294,5748
2021-12-02,Placer,061,380077,38987,38460,3908,42368,473
2021-12-02,Plumas,063,18699,1949,1903,46,1949,7
2021-12-02,Riverside,065,2383286,377075,371768,16866,388634,5381
2021-12-02,Sacramento,067,1510023,165349,163900,5010,168910,2365
2021-12-02,San Benito,069,59416,7737,7688,185,7873,78
2021-12-02,San Bernardino,071,2135413,368056,364154,11751,375905,5983
2021-12-02,San Diego,073,3302833,390991,386710,22690,409400,4350
2021-12-02,San Francisco,075,870044,55085,54286,2469,56755,674
2021-12-02,San Joaquin,077,732212,103136,102286,5685,107971,1835
2021-12-02,San Luis Obispo,079,281455,30741,30318,1339,31657,360
2021-12-02,San Mateo,081,765935,56112,54774,975,55749,579
2021-12-02,Santa Barbara,083,443738,46178,45774,1696,47470,555
2021-12-02,Santa Clara,085,1922200,153004,151275,1602,152877,1928
2021-12-02,Santa Cruz,087,273765,21557,21286,1046,22332,224
2021-12-02,Shasta,089,179085,22630,22418,3731,26149,414
2021-12-02,Sierra,091,2930,201,196,21,217,0
2021-12-02,Siskiyou,093,43540,3461,3398,1363,4761,57
2021-12-02,Solano,095,438530,47302,46529,1357,47886,360
2021-12-02,Sonoma,097,501317,43258,42778,571,43349,405
2021-12-02,Stanislaus,099,539301,81351,81462,9273,90735,1231
2021-12-02,Sutter,101,95872,14323,14258,398,14656,186
2021-12-02,Tehama,103,63373,8829,8742,1557,10299,131
2021-12-02,Trinity,105,12862,908,801,227,1028,17
2021-12-02,Tulare,107,460477,71189,70014,16308,86322,1100
2021-12-02,Tuolumne,109,53932,7705,7676,110,7786,91
2021-12-02,Ventura,111,848112,100872,99751,4468,104219,1192
2021-12-02,Yolo,113,214977,20622,20442,1265,21707,261
2021-12-02,Yuba,115,75493,10513,10418,381,10799,91
2021-12-01,Alameda,001,1643700,123457,122298,2933,125231,1492
2021-12-01,Alpine,003,1148,105,108,0,108,0
2021-12-01,Amador,005,37829,5772,5723,70,5793,67
2021-12-01,Butte,007,227075,21843,21600,3928,25528,318
2021-12-01,Calaveras,009,45235,4440,4371,62,4433,88
2021-12-01,Colusa,011,21464,2622,2595,680,3275,20
2021-12-01,Contra Costa,013,1133247,102567,101651,2368,104019,1048
2021-12-01,Del Norte,015,27424,3783,3722,56,3778,42
2021-12-01,El Dorado,017,186661,16836,16575,1776,18351,166
2021-12-01,Fresno,019,978130,146346,144507,13291,157798,2264
2021-12-01,Glenn,021,27897,3599,3556,1015,4571,36
2021-12-01,Humboldt,023,135768,9693,9573,679,10252,117
2021-12-01,Imperial,025,180216,35614,35085,3907,38992,776
2021-12-01,Inyo,027,18085,2567,2533,41,2574,46
2021-12-01,Kern,029,883053,132947,131580,24029,155609,1804
2021-12-01,Kings,031,150075,33593,33112,2060,35172,364
2021-12-01,Lake,033,64148,6949,6896,161,7057,112
2021-12-01,Lassen,035,31185,7068,7008,422,7430,51
2021-12-01,Los Angeles,037,10098052,1473379,1461394,56990,1518384,26928
2021-12-01,Madera,039,155013,24407,24134,2319,26453,307
2021-12-01,Marin,041,260295,18286,18038,520,18558,249
2021-12-01,Mariposa,043,17540,1449,1415,61,1476,6
2021-12-01,Mendocino,045,87422,8152,7966,675,8641,90
2021-12-01,Merced,047,269075,43511,43259,2126,45385,670
2021-12-01,Modoc,049,8938,598,576,203,779,5
2021-12-01,Mono,051,14174,1910,1876,23,1899,4
2021-12-01,Monterey,053,433212,49964,48611,3248,51859,626
2021-12-01,Napa,055,140530,13405,13319,120,13439,107
2021-12-01,Nevada,057,99092,9859,9706,348,10054,105
2021-12-01,Orange,059,3164182,315670,312772,16144,328916,5735
2021-12-01,Placer,061,380077,38931,38373,3902,42275,472
2021-12-01,Plumas,063,18699,1945,1893,46,1939,7
2021-12-01,Riverside,065,2383286,376551,371189,16849,388038,5369
2021-12-01,Sacramento,067,1510023,165136,163616,4990,168606,2360
2021-12-01,San Benito,069,59416,7723,7669,185,7854,78
2021-12-01,San Bernardino,071,2135413,367476,363368,11725,375093,5973
2021-12-01,San Diego,073,3302833,390194,386056,22635,408691,4346
2021-12-01,San Francisco,075,870044,55003,54199,2462,56661,672
2021-12-01,San Joaquin,077,732212,103028,102109,5684,107793,1834
2021-12-01,San Luis Obispo,079,281455,30699,30238,1335,31573,360
2021-12-01,San Mateo,081,765935,56030,54711,972,55683,579
2021-12-01,Santa Barbara,083,443738,46108,45681,1694,47375,554
2021-12-01,Santa Clara,085,1922200,152785,150961,1585,152546,1925
2021-12-01,Santa Cruz,087,273765,21527,21191,1045,22236,224
2021-12-01,Shasta,089,179085,22598,22375,3725,26100,410
2021-12-01,Sierra,091,2930,201,195,21,216,0
2021-12-01,Siskiyou,093,43540,3458,3391,1363,4754,55
2021-12-01,Solano,095,438530,47258,46485,1357,47842,360
2021-12-01,Sonoma,097,501317,43183,42713,570,43283,405
2021-12-01,Stanislaus,099,539301,81258,81330,9261,90591,1231
2021-12-01,Sutter,101,95872,14308,14229,397,14626,186
2021-12-01,Tehama,103,63373,8819,8728,1557,10285,130
2021-12-01,Trinity,105,12862,903,801,227,1028,17
2021-12-01,Tulare,107,460477,71112,69953,16268,86221,1098
2021-12-01,Tuolumne,109,53932,7697,7655,110,7765,91
2021-12-01,Ventura,111,848112,100766,99680,4457,104137,1191
2021-12-01,Yolo,113,214977,20594,20393,1265,21658,260
2021-12-01,Yuba,115,75493,10501,10401,380,10781,89
2021-11-30,Alameda,001,1643700,123289,122196,2924,125120,1489
2021-11-30,Alpine,003,1148,105,108,0,108,0
2021-11-30,Amador,005,37829,5764,5716,70,5786,66
2021-11-30,Butte,007,227075,21814,21565,3919,25484,318
2021-11-30,Calaveras,009,45235,4422,4360,62,4422,88
2021-11-30,Colusa,011,21464,2621,2592,680,3272,21
2021-11-30,Contra Costa,013,1133247,102429,101538,2361,103899,1046
2021-11-30,Del Norte,015,27424,3777,3718,56,3774,42
2021-11-30,El Dorado,017,186661,16808,16558,1770,18328,166
2021-11-30,Fresno,019,978130,146146,144384,13281,157665,2259
2021-11-30,Glenn,021,27897,3594,3555,1014,4569,36
2021-11-30,Humboldt,023,135768,9662,9539,673,10212,116
2021-11-30,Imperial,025,180216,35506,34999,3879,38878,773
2021-11-30,Inyo,027,18085,2558,2530,41,2571,46
2021-11-30,Kern,029,883053,132773,131451,23972,155423,1799
2021-11-30,Kings,031,150075,33542,33074,2056,35130,362
2021-11-30,Lake,033,64148,6944,6892,159,7051,110
2021-11-30,Lassen,035,31185,7064,7003,421,7424,51
2021-11-30,Los Angeles,037,10098052,1471584,1460177,56884,1517061,26913
2021-11-30,Madera,039,155013,24373,24108,2314,26422,307
2021-11-30,Marin,041,260295,18242,18010,518,18528,249
2021-11-30,Mariposa,043,17540,1443,1412,61,1473,6
2021-11-30,Mendocino,045,87422,8123,7960,669,8629,89
2021-11-30,Merced,047,269075,43441,43200,2118,45318,668
2021-11-30,Modoc,049,8938,597,576,203,779,5
2021-11-30,Mono,051,14174,1907,1873,23,1896,4
2021-11-30,Monterey,053,433212,49900,48581,3238,51819,626
2021-11-30,Napa,055,140530,13385,13308,120,13428,105
2021-11-30,Nevada,057,99092,9843,9699,347,10046,105
2021-11-30,Orange,059,3164182,315250,312451,16102,328553,5724
2021-11-30,Placer,061,380077,38827,38324,3894,42218,470
2021-11-30,Plumas,063,18699,1940,1887,45,1932,7
2021-11-30,Riverside,065,2383286,375865,370739,16824,387563,5358
2021-11-30,Sacramento,067,1510023,164856,163420,4968,168388,2353
2021-11-30,San Benito,069,59416,7701,7645,184,7829,78
2021-11-30,San Bernardino,071,2135413,366806,363006,11703,374709,5967
2021-11-30,San Diego,073,3302833,389268,385405,22588,407993,4340
2021-11-30,San Francisco,075,870044,54896,54147,2453,56600,672
2021-11-30,San Joaquin,077,732212,102902,101972,5676,107648,1834
2021-11-30,San Luis Obispo,079,281455,30674,30200,1332,31532,360
2021-11-30,San Mateo,081,765935,55927,54656,962,55618,579
2021-11-30,Santa Barbara,083,443738,46012,45628,1688,47316,553
2021-11-30,Santa Clara,085,1922200,152524,150799,1566,152365,1929
2021-11-30,Santa Cruz,087,273765,21469,21169,1041,22210,224
2021-11-30,Shasta,089,179085,22568,22347,3722,26069,401
2021-11-30,Sierra,091,2930,198,195,21,216,0
2021-11-30,Siskiyou,093,43540,3454,3385,1360,4745,55
2021-11-30,Solano,095,438530,47195,46434,1351,47785,358
2021-11-30,Sonoma,097,501317,43104,42663,569,43232,405
2021-11-30,Stanislaus,099,539301,81158,81276,9234,90510,1227
2021-11-30,Sutter,101,95872,14297,14210,394,14604,186
2021-11-30,Tehama,103,63373,8812,8727,1556,10283,130
2021-11-30,Trinity,105,12862,902,799,227,1026,17
2021-11-30,Tulare,107,460477,71026,69900,16217,86117,1099
2021-11-30,Tuolumne,109,53932,7682,7643,110,7753,91
2021-11-30,Ventura,111,848112,100613,99601,4445,104046,1191
2021-11-30,Yolo,113,214977,20552,20376,1259,21635,260
2021-11-30,Yuba,115,75493,10482,10398,375,10773,89
2021-11-29,Alameda,001,1643700,123131,122136,2915,125051,1489
2021-11-29,Alpine,003,1148,105,108,0,108,0
2021-11-29,Amador,005,37829,5757,5706,70,5776,66
2021-11-29,Butte,007,227075,21789,21544,3913,25457,314
2021-11-29,Calaveras,009,45235,4406,4353,62,4415,88
2021-11-29,Colusa,011,21464,2619,2585,677,3262,20
2021-11-29,Contra Costa,013,1133247,102280,101441,2353,103794,1046
2021-11-29,Del Norte,015,27424,3774,3704,56,3760,42
2021-11-29,El Dorado,017,186661,16790,16534,1765,18299,166
2021-11-29,Fresno,019,978130,145941,144282,13258,157540,2254
2021-11-29,Glenn,021,27897,3591,3555,1013,4568,36
2021-11-29,Humboldt,023,135768,9645,9514,666,10180,115
2021-11-29,Imperial,025,180216,35442,34960,3857,38817,773
2021-11-29,Inyo,027,18085,2553,2529,41,2570,46
2021-11-29,Kern,029,883053,132589,131362,23930,155292,1789
2021-11-29,Kings,031,150075,33490,33059,2052,35111,363
2021-11-29,Lake,033,64148,6932,6889,159,7048,110
2021-11-29,Lassen,035,31185,7061,7003,419,7422,51
2021-11-29,Los Angeles,037,10098052,1469725,1459446,56797,1516243,26889
2021-11-29,Madera,039,155013,24337,24069,2306,26375,307
2021-11-29,Marin,041,260295,18195,17980,513,18493,249
2021-11-29,Mariposa,043,17540,1435,1409,61,1470,6
2021-11-29,Mendocino,045,87422,8106,7954,665,8619,89
2021-11-29,Merced,047,269075,43367,43167,2110,45277,667
2021-11-29,Modoc,049,8938,596,569,203,772,5
2021-11-29,Mono,051,14174,1890,1859,23,1882,4
2021-11-29,Monterey,053,433212,49839,48548,3222,51770,626
2021-11-29,Napa,055,140530,13375,13304,120,13424,104
2021-11-29,Nevada,057,99092,9829,9689,347,10036,105
2021-11-29,Orange,059,3164182,314849,312203,16056,328259,5709
2021-11-29,Placer,061,380077,38762,38261,3889,42150,470
2021-11-29,Plumas,063,18699,1937,1884,45,1929,7
2021-11-29,Riverside,065,2383286,375329,370334,16813,387147,5358
2021-11-29,Sacramento,067,1510023,164607,163282,4935,168217,2342
2021-11-29,San Benito,069,59416,7682,7631,183,7814,77
2021-11-29,San Bernardino,071,2135413,366208,362694,11671,374365,5962
2021-11-29,San Diego,073,3302833,388378,384853,22554,407407,4335
2021-11-29,San Francisco,075,870044,54798,54125,2449,56574,669
2021-11-29,San Joaquin,077,732212,102763,101927,5669,107596,1834
2021-11-29,San Luis Obispo,079,281455,30640,30165,1328,31493,359
2021-11-29,San Mateo,081,765935,55825,54622,958,55580,579
2021-11-29,Santa Barbara,083,443738,45915,45576,1684,47260,549
2021-11-29,Santa Clara,085,1922200,152252,150620,1560,152180,1925
2021-11-29,Santa Cruz,087,273765,21432,21149,1040,22189,224
2021-11-29,Shasta,089,179085,22534,22315,3718,26033,399
2021-11-29,Sierra,091,2930,198,195,21,216,0
2021-11-29,Siskiyou,093,43540,3451,3374,1353,4727,55
2021-11-29,Solano,095,438530,47143,46412,1349,47761,357
2021-11-29,Sonoma,097,501317,43028,42624,566,43190,405
2021-11-29,Stanislaus,099,539301,81078,81227,9216,90443,1223
2021-11-29,Sutter,101,95872,14281,14204,391,14595,186
2021-11-29,Tehama,103,63373,8807,8720,1551,10271,130
2021-11-29,Trinity,105,12862,897,798,227,1025,17
2021-11-29,Tulare,107,460477,70947,69850,16182,86032,1096
2021-11-29,Tuolumne,109,53932,7669,7627,110,7737,90
2021-11-29,Ventura,111,848112,100493,99520,4435,103955,1190
2021-11-29,Yolo,113,214977,20508,20344,1256,21600,257
2021-11-29,Yuba,115,75493,10465,10395,374,10769,89
2021-11-28,Alameda,001,1643700,122911,122082,2910,124992,1491
2021-11-28,Alpine,003,1148,105,108,0,108,0
2021-11-28,Amador,005,37829,5747,5703,70,5773,66
2021-11-28,Butte,007,227075,21750,21530,3911,25441,313
2021-11-28,Calaveras,009,45235,4384,4350,62,4412,88
2021-11-28,Colusa,011,21464,2615,2586,676,3262,19
2021-11-28,Contra Costa,013,1133247,102108,101355,2342,103697,1046
2021-11-28,Del Norte,015,27424,3769,3703,56,3759,42
2021-11-28,El Dorado,017,186661,16749,16527,1764,18291,166
2021-11-28,Fresno,019,978130,145696,144164,13232,157396,2252
2021-11-28,Glenn,021,27897,3588,3547,1011,4558,36
2021-11-28,Humboldt,023,135768,9613,9499,662,10161,115
2021-11-28,Imperial,025,180216,35334,34929,3833,38762,773
2021-11-28,Inyo,027,18085,2546,2531,41,2572,46
2021-11-28,Kern,029,883053,132379,131279,23873,155152,1789
2021-11-28,Kings,031,150075,33416,33057,2045,35102,364
2021-11-28,Lake,033,64148,6922,6885,158,7043,110
2021-11-28,Lassen,035,31185,7053,7002,415,7417,51
2021-11-28,Los Angeles,037,10098052,1467547,1458646,56709,1515355,26878
2021-11-28,Madera,039,155013,24289,24055,2299,26354,307
2021-11-28,Marin,041,260295,18146,17962,509,18471,249
2021-11-28,Mariposa,043,17540,1431,1406,61,1467,6
2021-11-28,Mendocino,045,87422,8076,7943,660,8603,89
2021-11-28,Merced,047,269075,43301,43166,2095,45261,667
2021-11-28,Modoc,049,8938,595,569,203,772,5
2021-11-28,Mono,051,14174,1884,1841,23,1864,4
2021-11-28,Monterey,053,433212,49774,48537,3203,51740,626
2021-11-28,Napa,055,140530,13362,13303,120,13423,104
2021-11-28,Nevada,057,99092,9802,9684,346,10030,105
2021-11-28,Orange,059,3164182,314465,312028,16013,328041,5693
2021-11-28,Placer,061,380077,38681,38240,3870,42110,470
2021-11-28,Plumas,063,18699,1931,1884,44,1928,7
2021-11-28,Riverside,065,2383286,374671,370051,16791,386842,5358
2021-11-28,Sacramento,067,1510023,164252,163170,4912,168082,2335
2021-11-28,San Benito,069,59416,7663,7623,182,7805,77
2021-11-28,San Bernardino,071,2135413,365489,362407,11643,374050,5958
2021-11-28,San Diego,073,3302833,387487,383025,22490,405515,4325
2021-11-28,San Francisco,075,870044,54722,54082,2444,56526,669
2021-11-28,San Joaquin,077,732212,102582,101895,5652,107547,1834
2021-11-28,San Luis Obispo,079,281455,30576,30152,1324,31476,358
2021-11-28,San Mateo,081,765935,55730,54567,954,55521,579
2021-11-28,Santa Barbara,083,443738,45836,45551,1673,47224,549
2021-11-28,Santa Clara,085,1922200,151949,150436,1545,151981,1920
2021-11-28,Santa Cruz,087,273765,21361,21110,1039,22149,224
2021-11-28,Shasta,089,179085,22494,22316,3716,26032,400
2021-11-28,Sierra,091,2930,198,195,21,216,0
2021-11-28,Siskiyou,093,43540,3445,3372,1349,4721,55
2021-11-28,Solano,095,438530,47081,46385,1348,47733,356
2021-11-28,Sonoma,097,501317,42942,42583,563,43146,405
2021-11-28,Stanislaus,099,539301,80960,81181,9196,90377,1223
2021-11-28,Sutter,101,95872,14259,14192,385,14577,186
2021-11-28,Tehama,103,63373,8799,8720,1547,10267,130
2021-11-28,Trinity,105,12862,896,797,227,1024,17
2021-11-28,Tulare,107,460477,70851,69833,16127,85960,1095
2021-11-28,Tuolumne,109,53932,7648,7620,110,7730,90
2021-11-28,Ventura,111,848112,100337,99486,4424,103910,1190
2021-11-28,Yolo,113,214977,20465,20333,1255,21588,257
2021-11-28,Yuba,115,75493,10447,10391,372,10763,89
2021-11-27,Alameda,001,1643700,122815,121618,2907,124525,1477
2021-11-27,Alpine,003,1148,105,106,0,106,0
2021-11-27,Amador,005,37829,5746,5670,70,5740,66
2021-11-27,Butte,007,227075,21727,21384,3906,25290,309
2021-11-27,Calaveras,009,45235,4378,4294,62,4356,85
2021-11-27,Colusa,011,21464,2614,2568,674,3242,19
2021-11-27,Contra Costa,013,1133247,102022,100961,2341,103302,1045
2021-11-27,Del Norte,015,27424,3762,3661,56,3717,42
2021-11-27,El Dorado,017,186661,16714,16399,1763,18162,161
2021-11-27,Fresno,019,978130,145584,143386,13226,156612,2246
2021-11-27,Glenn,021,27897,3584,3532,1010,4542,36
2021-11-27,Humboldt,023,135768,9585,9399,660,10059,115
2021-11-27,Imperial,025,180216,35251,34611,3817,38428,769
2021-11-27,Inyo,027,18085,2543,2506,41,2547,45
2021-11-27,Kern,029,883053,132295,130245,23844,154089,1773
2021-11-27,Kings,031,150075,33393,32891,2042,34933,358
2021-11-27,Lake,033,64148,6919,6836,157,6993,110
2021-11-27,Lassen,035,31185,7051,6959,414,7373,47
2021-11-27,Los Angeles,037,10098052,1466538,1454495,56639,1511134,26817
2021-11-27,Madera,039,155013,24269,23880,2294,26174,296
2021-11-27,Marin,041,260295,18108,17857,504,18361,248
2021-11-27,Mariposa,043,17540,1429,1374,61,1435,6
2021-11-27,Mendocino,045,87422,8057,7871,660,8531,89
2021-11-27,Merced,047,269075,43266,42921,2092,45013,664
2021-11-27,Modoc,049,8938,593,551,203,754,5
2021-11-27,Mono,051,14174,1882,1810,23,1833,4
2021-11-27,Monterey,053,433212,49741,48400,3189,51589,625
2021-11-27,Napa,055,140530,13348,13256,120,13376,104
2021-11-27,Nevada,057,99092,9780,9584,345,9929,103
2021-11-27,Orange,059,3164182,314213,310809,15976,326785,5665
2021-11-27,Placer,061,380077,38620,38001,3864,41865,468
2021-11-27,Plumas,063,18699,1927,1860,44,1904,7
2021-11-27,Riverside,065,2383286,374313,367601,16784,384385,5306
2021-11-27,Sacramento,067,1510023,164096,162328,4909,167237,2335
2021-11-27,San Benito,069,59416,7646,7575,182,7757,77
2021-11-27,San Bernardino,071,2135413,365057,360033,11634,371667,5932
2021-11-27,San Diego,073,3302833,386985,382634,22464,405098,4319
2021-11-27,San Francisco,075,870044,54672,53830,2441,56271,669
2021-11-27,San Joaquin,077,732212,102515,101368,5649,107017,1833
2021-11-27,San Luis Obispo,079,281455,30541,29983,1320,31303,358
2021-11-27,San Mateo,081,765935,55673,54360,951,55311,577
2021-11-27,Santa Barbara,083,443738,45782,45318,1671,46989,548
2021-11-27,Santa Clara,085,1922200,151742,149700,1538,151238,1922
2021-11-27,Santa Cruz,087,273765,21321,20929,1036,21965,222
2021-11-27,Shasta,089,179085,22471,22151,3715,25866,396
2021-11-27,Sierra,091,2930,197,194,21,215,0
2021-11-27,Siskiyou,093,43540,3442,3336,1347,4683,54
2021-11-27,Solano,095,438530,47045,46163,1345,47508,356
2021-11-27,Sonoma,097,501317,42879,42368,563,42931,405
2021-11-27,Stanislaus,099,539301,80892,80782,9178,89960,1220
2021-11-27,Sutter,101,95872,14251,14127,384,14511,181
2021-11-27,Tehama,103,63373,8797,8675,1546,10221,129
2021-11-27,Trinity,105,12862,896,789,227,1016,17
2021-11-27,Tulare,107,460477,70799,69377,16111,85488,1082
2021-11-27,Tuolumne,109,53932,7635,7574,110,7684,90
2021-11-27,Ventura,111,848112,100264,99163,4416,103579,1188
2021-11-27,Yolo,113,214977,20444,20237,1246,21483,257
2021-11-27,Yuba,115,75493,10437,10335,372,10707,88
2021-11-26,Alameda,001,1643700,122703,121618,2905,124523,1477
2021-11-26,Alpine,003,1148,105,106,0,106,0
2021-11-26,Amador,005,37829,5742,5670,70,5740,66
2021-11-26,Butte,007,227075,21704,21384,3901,25285,309
2021-11-26,Calaveras,009,45235,4369,4294,62,4356,85
2021-11-26,Colusa,011,21464,2612,2568,673,3241,19
2021-11-26,Contra Costa,013,1133247,101934,100961,2337,103298,1045
2021-11-26,Del Norte,015,27424,3759,3661,56,3717,42
2021-11-26,El Dorado,017,186661,16697,16399,1760,18159,161
2021-11-26,Fresno,019,978130,145452,143386,13215,156601,2246
2021-11-26,Glenn,021,27897,3582,3532,1010,4542,36
2021-11-26,Humboldt,023,135768,9566,9399,656,10055,115
2021-11-26,Imperial,025,180216,35194,34611,3804,38415,769
2021-11-26,Inyo,027,18085,2543,2506,41,2547,45
2021-11-26,Kern,029,883053,132212,130245,23800,154045,1773
2021-11-26,Kings,031,150075,33369,32891,2040,34931,358
2021-11-26,Lake,033,64148,6917,6836,157,6993,110
2021-11-26,Lassen,035,31185,7045,6959,414,7373,47
2021-11-26,Los Angeles,037,10098052,1465686,1454495,56576,1511071,26817
2021-11-26,Madera,039,155013,24242,23880,2292,26172,296
2021-11-26,Marin,041,260295,18079,17857,504,18361,248
2021-11-26,Mariposa,043,17540,1423,1374,60,1434,6
2021-11-26,Mendocino,045,87422,8047,7871,660,8531,89
2021-11-26,Merced,047,269075,43236,42921,2087,45008,664
2021-11-26,Modoc,049,8938,591,551,203,754,5
2021-11-26,Mono,051,14174,1871,1810,23,1833,4
2021-11-26,Monterey,053,433212,49697,48400,3182,51582,625
2021-11-26,Napa,055,140530,13332,13256,120,13376,104
2021-11-26,Nevada,057,99092,9769,9584,345,9929,103
2021-11-26,Orange,059,3164182,313943,310809,15944,326753,5665
2021-11-26,Placer,061,380077,38575,38001,3856,41857,468
2021-11-26,Plumas,063,18699,1922,1860,44,1904,7
2021-11-26,Riverside,065,2383286,373912,367601,16777,384378,5306
2021-11-26,Sacramento,067,1510023,163984,162328,4904,167232,2335
2021-11-26,San Benito,069,59416,7638,7575,182,7757,77
2021-11-26,San Bernardino,071,2135413,364625,360033,11627,371660,5932
2021-11-26,San Diego,073,3302833,386428,382634,22452,405086,4319
2021-11-26,San Francisco,075,870044,54624,53830,2439,56269,669
2021-11-26,San Joaquin,077,732212,102458,101368,5648,107016,1833
2021-11-26,San Luis Obispo,079,281455,30499,29983,1317,31300,358
2021-11-26,San Mateo,081,765935,55610,54360,950,55310,577
2021-11-26,Santa Barbara,083,443738,45735,45318,1670,46988,548
2021-11-26,Santa Clara,085,1922200,151574,149700,1530,151230,1922
2021-11-26,Santa Cruz,087,273765,21281,20929,1036,21965,222
2021-11-26,Shasta,089,179085,22452,22151,3713,25864,396
2021-11-26,Sierra,091,2930,197,194,21,215,0
2021-11-26,Siskiyou,093,43540,3439,3336,1346,4682,54
2021-11-26,Solano,095,438530,47004,46163,1344,47507,356
2021-11-26,Sonoma,097,501317,42828,42368,561,42929,405
2021-11-26,Stanislaus,099,539301,80819,80782,9167,89949,1220
2021-11-26,Sutter,101,95872,14238,14127,383,14510,181
2021-11-26,Tehama,103,63373,8795,8675,1545,10220,129
2021-11-26,Trinity,105,12862,895,789,227,1016,17
2021-11-26,Tulare,107,460477,70753,69377,16079,85456,1082
2021-11-26,Tuolumne,109,53932,7625,7574,110,7684,90
2021-11-26,Ventura,111,848112,100184,99163,4411,103574,1188
2021-11-26,Yolo,113,214977,20425,20237,1238,21475,257
2021-11-26,Yuba,115,75493,10431,10335,372,10707,88
2021-11-25,Alameda,001,1643700,122596,121618,2900,124518,1477
2021-11-25,Alpine,003,1148,105,106,0,106,0
2021-11-25,Amador,005,37829,5734,5670,70,5740,66
2021-11-25,Butte,007,227075,21686,21384,3899,25283,309
2021-11-25,Calaveras,009,45235,4364,4294,62,4356,85
2021-11-25,Colusa,011,21464,2609,2568,671,3239,19
2021-11-25,Contra Costa,013,1133247,101830,100961,2333,103294,1045
2021-11-25,Del Norte,015,27424,3754,3661,56,3717,42
2021-11-25,El Dorado,017,186661,16678,16399,1759,18158,161
2021-11-25,Fresno,019,978130,145318,143386,13206,156592,2246
2021-11-25,Glenn,021,27897,3581,3532,1009,4541,36
2021-11-25,Humboldt,023,135768,9547,9399,653,10052,115
2021-11-25,Imperial,025,180216,35149,34611,3791,38402,769
2021-11-25,Inyo,027,18085,2541,2506,41,2547,45
2021-11-25,Kern,029,883053,132114,130245,23754,153999,1773
2021-11-25,Kings,031,150075,33341,32891,2039,34930,358
2021-11-25,Lake,033,64148,6910,6836,157,6993,110
2021-11-25,Lassen,035,31185,7043,6959,413,7372,47
2021-11-25,Los Angeles,037,10098052,1464703,1454495,56518,1511013,26817
2021-11-25,Madera,039,155013,24207,23880,2291,26171,296
2021-11-25,Marin,041,260295,18052,17857,499,18356,248
2021-11-25,Mariposa,043,17540,1420,1374,60,1434,6
2021-11-25,Mendocino,045,87422,8029,7871,660,8531,89
2021-11-25,Merced,047,269075,43197,42921,2081,45002,664
2021-11-25,Modoc,049,8938,590,551,203,754,5
2021-11-25,Mono,051,14174,1860,1810,23,1833,4
2021-11-25,Monterey,053,433212,49652,48400,3173,51573,625
2021-11-25,Napa,055,140530,13324,13256,120,13376,104
2021-11-25,Nevada,057,99092,9750,9584,342,9926,103
2021-11-25,Orange,059,3164182,313680,310809,15912,326721,5665
2021-11-25,Placer,061,380077,38529,38001,3850,41851,468
2021-11-25,Plumas,063,18699,1920,1860,44,1904,7
2021-11-25,Riverside,065,2383286,373498,367601,16770,384371,5306
2021-11-25,Sacramento,067,1510023,163804,162328,4898,167226,2335
2021-11-25,San Benito,069,59416,7631,7575,182,7757,77
2021-11-25,San Bernardino,071,2135413,364232,360033,11610,371643,5932
2021-11-25,San Diego,073,3302833,385981,382634,22433,405067,4319
2021-11-25,San Francisco,075,870044,54574,53830,2436,56266,669
2021-11-25,San Joaquin,077,732212,102374,101368,5644,107012,1833
2021-11-25,San Luis Obispo,079,281455,30469,29983,1315,31298,358
2021-11-25,San Mateo,081,765935,55561,54360,948,55308,577
2021-11-25,Santa Barbara,083,443738,45696,45318,1668,46986,548
2021-11-25,Santa Clara,085,1922200,151417,149700,1525,151225,1922
2021-11-25,Santa Cruz,087,273765,21248,20929,1036,21965,222
2021-11-25,Shasta,089,179085,22426,22151,3713,25864,396
2021-11-25,Sierra,091,2930,197,194,21,215,0
2021-11-25,Siskiyou,093,43540,3436,3336,1346,4682,54
2021-11-25,Solano,095,438530,46967,46163,1343,47506,356
2021-11-25,Sonoma,097,501317,42771,42368,557,42925,405
2021-11-25,Stanislaus,099,539301,80755,80782,9153,89935,1220
2021-11-25,Sutter,101,95872,14222,14127,382,14509,181
2021-11-25,Tehama,103,63373,8787,8675,1545,10220,129
2021-11-25,Trinity,105,12862,895,789,227,1016,17
2021-11-25,Tulare,107,460477,70686,69377,16052,85429,1082
2021-11-25,Tuolumne,109,53932,7613,7574,110,7684,90
2021-11-25,Ventura,111,848112,100117,99163,4408,103571,1188
2021-11-25,Yolo,113,214977,20395,20237,1233,21470,257
2021-11-25,Yuba,115,75493,10422,10335,371,10706,88
2021-11-24,Alameda,001,1643700,122532,121618,2896,124514,1477
2021-11-24,Alpine,003,1148,105,106,0,106,0
2021-11-24,Amador,005,37829,5724,5670,70,5740,66
2021-11-24,Butte,007,227075,21671,21384,3898,25282,309
2021-11-24,Calaveras,009,45235,4357,4294,62,4356,85
2021-11-24,Colusa,011,21464,2609,2568,670,3238,19
2021-11-24,Contra Costa,013,1133247,101793,100961,2330,103291,1045
2021-11-24,Del Norte,015,27424,3751,3661,56,3717,42
2021-11-24,El Dorado,017,186661,16666,16399,1758,18157,161
2021-11-24,Fresno,019,978130,145264,143386,13206,156592,2246
2021-11-24,Glenn,021,27897,3576,3532,1008,4540,36
2021-11-24,Humboldt,023,135768,9532,9399,653,10052,115
2021-11-24,Imperial,025,180216,35121,34611,3785,38396,769
2021-11-24,Inyo,027,18085,2538,2506,41,2547,45
2021-11-24,Kern,029,883053,132052,130245,23742,153987,1773
2021-11-24,Kings,031,150075,33327,32891,2037,34928,358
2021-11-24,Lake,033,64148,6906,6836,157,6993,110
2021-11-24,Lassen,035,31185,7043,6959,413,7372,47
2021-11-24,Los Angeles,037,10098052,1464213,1454495,56474,1510969,26817
2021-11-24,Madera,039,155013,24184,23880,2285,26165,296
2021-11-24,Marin,041,260295,18040,17857,497,18354,248
2021-11-24,Mariposa,043,17540,1420,1374,60,1434,6
2021-11-24,Mendocino,045,87422,8017,7871,660,8531,89
2021-11-24,Merced,047,269075,43165,42921,2078,44999,664
2021-11-24,Modoc,049,8938,590,551,203,754,5
2021-11-24,Mono,051,14174,1857,1810,23,1833,4
2021-11-24,Monterey,053,433212,49639,48400,3171,51571,625
2021-11-24,Napa,055,140530,13320,13256,120,13376,104
2021-11-24,Nevada,057,99092,9735,9584,342,9926,103
2021-11-24,Orange,059,3164182,313524,310809,15897,326706,5665
2021-11-24,Placer,061,380077,38496,38001,3848,41849,468
2021-11-24,Plumas,063,18699,1918,1860,44,1904,7
2021-11-24,Riverside,065,2383286,373318,367601,16764,384365,5306
2021-11-24,Sacramento,067,1510023,163732,162328,4898,167226,2335
2021-11-24,San Benito,069,59416,7629,7575,182,7757,77
2021-11-24,San Bernardino,071,2135413,364022,360033,11599,371632,5932
2021-11-24,San Diego,073,3302833,385725,382634,22420,405054,4319
2021-11-24,San Francisco,075,870044,54543,53830,2434,56264,669
2021-11-24,San Joaquin,077,732212,102333,101368,5641,107009,1833
2021-11-24,San Luis Obispo,079,281455,30450,29983,1315,31298,358
2021-11-24,San Mateo,081,765935,55532,54360,947,55307,577
2021-11-24,Santa Barbara,083,443738,45669,45318,1668,46986,548
2021-11-24,Santa Clara,085,1922200,151321,149700,1524,151224,1922
2021-11-24,Santa Cruz,087,273765,21225,20929,1035,21964,222
2021-11-24,Shasta,089,179085,22415,22151,3710,25861,396
2021-11-24,Sierra,091,2930,197,194,21,215,0
2021-11-24,Siskiyou,093,43540,3433,3336,1346,4682,54
2021-11-24,Solano,095,438530,46939,46163,1341,47504,356
2021-11-24,Sonoma,097,501317,42740,42368,555,42923,405
2021-11-24,Stanislaus,099,539301,80718,80782,9148,89930,1220
2021-11-24,Sutter,101,95872,14209,14127,380,14507,181
2021-11-24,Tehama,103,63373,8784,8675,1544,10219,129
2021-11-24,Trinity,105,12862,895,789,227,1016,17
2021-11-24,Tulare,107,460477,70662,69377,16033,85410,1082
2021-11-24,Tuolumne,109,53932,7609,7574,110,7684,90
2021-11-24,Ventura,111,848112,100082,99163,4404,103567,1188
2021-11-24,Yolo,113,214977,20387,20237,1232,21469,257
2021-11-24,Yuba,115,75493,10418,10335,370,10705,88
2021-11-23,Alameda,001,1643700,122415,121618,2890,124508,1477
2021-11-23,Alpine,003,1148,105,106,0,106,0
2021-11-23,Amador,005,37829,5717,5670,70,5740,66
2021-11-23,Butte,007,227075,21642,21384,3894,25278,309
2021-11-23,Calaveras,009,45235,4351,4294,61,4355,85
2021-11-23,Colusa,011,21464,2605,2568,668,3236,19
2021-11-23,Contra Costa,013,1133247,101685,100961,2328,103289,1045
2021-11-23,Del Norte,015,27424,3748,3661,56,3717,42
2021-11-23,El Dorado,017,186661,16634,16399,1755,18154,161
2021-11-23,Fresno,019,978130,145128,143386,13196,156582,2246
2021-11-23,Glenn,021,27897,3571,3532,1008,4540,36
2021-11-23,Humboldt,023,135768,9510,9399,650,10049,115
2021-11-23,Imperial,025,180216,35052,34611,3766,38377,769
2021-11-23,Inyo,027,18085,2534,2506,41,2547,45
2021-11-23,Kern,029,883053,131944,130245,23693,153938,1773
2021-11-23,Kings,031,150075,33286,32891,2036,34927,358
2021-11-23,Lake,033,64148,6901,6836,157,6993,110
2021-11-23,Lassen,035,31185,7039,6959,410,7369,47
2021-11-23,Los Angeles,037,10098052,1463191,1454495,56407,1510902,26817
2021-11-23,Madera,039,155013,24158,23880,2283,26163,296
2021-11-23,Marin,041,260295,18009,17857,493,18350,248
2021-11-23,Mariposa,043,17540,1417,1374,60,1434,6
2021-11-23,Mendocino,045,87422,7996,7871,657,8528,89
2021-11-23,Merced,047,269075,43127,42921,2077,44998,664
2021-11-23,Modoc,049,8938,588,551,203,754,5
2021-11-23,Mono,051,14174,1843,1810,23,1833,4
2021-11-23,Monterey,053,433212,49603,48400,3165,51565,625
2021-11-23,Napa,055,140530,13311,13256,120,13376,104
2021-11-23,Nevada,057,99092,9706,9584,341,9925,103
2021-11-23,Orange,059,3164182,313274,310809,15861,326670,5665
2021-11-23,Placer,061,380077,38438,38001,3831,41832,468
2021-11-23,Plumas,063,18699,1914,1860,44,1904,7
2021-11-23,Riverside,065,2383286,372935,367601,16751,384352,5306
2021-11-23,Sacramento,067,1510023,163547,162328,4887,167215,2335
2021-11-23,San Benito,069,59416,7620,7575,180,7755,77
2021-11-23,San Bernardino,071,2135413,363607,360033,11584,371617,5932
2021-11-23,San Diego,073,3302833,385234,382634,22397,405031,4319
2021-11-23,San Francisco,075,870044,54483,53830,2431,56261,669
2021-11-23,San Joaquin,077,732212,102224,101368,5630,106998,1833
2021-11-23,San Luis Obispo,079,281455,30415,29983,1312,31295,358
2021-11-23,San Mateo,081,765935,55482,54360,946,55306,577
2021-11-23,Santa Barbara,083,443738,45616,45318,1668,46986,548
2021-11-23,Santa Clara,085,1922200,151109,149700,1512,151212,1922
2021-11-23,Santa Cruz,087,273765,21187,20929,1035,21964,222
2021-11-23,Shasta,089,179085,22379,22151,3708,25859,396
2021-11-23,Sierra,091,2930,197,194,21,215,0
2021-11-23,Siskiyou,093,43540,3428,3336,1345,4681,54
2021-11-23,Solano,095,438530,46885,46163,1337,47500,356
2021-11-23,Sonoma,097,501317,42689,42368,552,42920,405
2021-11-23,Stanislaus,099,539301,80649,80782,9135,89917,1220
2021-11-23,Sutter,101,95872,14193,14127,379,14506,181
2021-11-23,Tehama,103,63373,8771,8675,1543,10218,129
2021-11-23,Trinity,105,12862,894,789,227,1016,17
2021-11-23,Tulare,107,460477,70615,69377,16003,85380,1082
2021-11-23,Tuolumne,109,53932,7597,7574,110,7684,90
2021-11-23,Ventura,111,848112,99999,99163,4398,103561,1188
2021-11-23,Yolo,113,214977,20366,20237,1224,21461,257
2021-11-23,Yuba,115,75493,10406,10335,370,10705,88
2021-11-22,Alameda,001,1643700,122302,121566,2888,124454,1475
2021-11-22,Alpine,003,1148,105,106,0,106,0
2021-11-22,Amador,005,37829,5704,5670,70,5740,66
2021-11-22,Butte,007,227075,21603,21363,3888,25251,305
2021-11-22,Calaveras,009,45235,4339,4294,61,4355,84
2021-11-22,Colusa,011,21464,2602,2565,668,3233,19
2021-11-22,Contra Costa,013,1133247,101596,100877,2323,103200,1045
2021-11-22,Del Norte,015,27424,3745,3659,56,3715,42
2021-11-22,El Dorado,017,186661,16611,16378,1752,18130,161
2021-11-22,Fresno,019,978130,144994,143290,13188,156478,2243
2021-11-22,Glenn,021,27897,3566,3530,1007,4537,36
2021-11-22,Humboldt,023,135768,9484,9389,645,10034,115
2021-11-22,Imperial,025,180216,34991,34562,3751,38313,766
2021-11-22,Inyo,027,18085,2528,2501,41,2542,44
2021-11-22,Kern,029,883053,131782,130091,23642,153733,1762
2021-11-22,Kings,031,150075,33250,32867,2031,34898,358
2021-11-22,Lake,033,64148,6896,6837,157,6994,110
2021-11-22,Lassen,035,31185,7038,6954,409,7363,47
2021-11-22,Los Angeles,037,10098052,1462119,1453945,56326,1510271,26800
2021-11-22,Madera,039,155013,24124,23872,2275,26147,296
2021-11-22,Marin,041,260295,17978,17842,491,18333,248
2021-11-22,Mariposa,043,17540,1413,1372,60,1432,6
2021-11-22,Mendocino,045,87422,7980,7859,656,8515,89
2021-11-22,Merced,047,269075,43076,42898,2066,44964,660
2021-11-22,Modoc,049,8938,587,551,203,754,5
2021-11-22,Mono,051,14174,1836,1809,23,1832,4
2021-11-22,Monterey,053,433212,49576,48374,3161,51535,611
2021-11-22,Napa,055,140530,13303,13255,119,13374,104
2021-11-22,Nevada,057,99092,9689,9575,339,9914,96
2021-11-22,Orange,059,3164182,313034,310654,15835,326489,5663
2021-11-22,Placer,061,380077,38393,37956,3823,41779,465
2021-11-22,Plumas,063,18699,1911,1858,44,1902,7
2021-11-22,Riverside,065,2383286,372498,367301,16742,384043,5283
2021-11-22,Sacramento,067,1510023,163354,162222,4878,167100,2328
2021-11-22,San Benito,069,59416,7600,7567,180,7747,77
2021-11-22,San Bernardino,071,2135413,363196,359851,11574,371425,5916
2021-11-22,San Diego,073,3302833,384738,382132,22373,404505,4317
2021-11-22,San Francisco,075,870044,54391,53778,2425,56203,669
2021-11-22,San Joaquin,077,732212,102099,101299,5625,106924,1833
2021-11-22,San Luis Obispo,079,281455,30389,29963,1309,31272,358
2021-11-22,San Mateo,081,765935,55425,54330,944,55274,577
2021-11-22,Santa Barbara,083,443738,45540,45279,1668,46947,546
2021-11-22,Santa Clara,085,1922200,150924,149541,1502,151043,1919
2021-11-22,Santa Cruz,087,273765,21146,20891,1035,21926,222
2021-11-22,Shasta,089,179085,22365,22116,3703,25819,393
2021-11-22,Sierra,091,2930,197,193,21,214,0
2021-11-22,Siskiyou,093,43540,3423,3336,1343,4679,54
2021-11-22,Solano,095,438530,46836,46153,1335,47488,356
2021-11-22,Sonoma,097,501317,42628,42344,551,42895,404
2021-11-22,Stanislaus,099,539301,80561,80718,9125,89843,1209
2021-11-22,Sutter,101,95872,14177,14125,377,14502,181
2021-11-22,Tehama,103,63373,8764,8669,1538,10207,127
2021-11-22,Trinity,105,12862,893,785,227,1012,17
2021-11-22,Tulare,107,460477,70552,69314,15966,85280,1075
2021-11-22,Tuolumne,109,53932,7582,7567,110,7677,90
2021-11-22,Ventura,111,848112,99933,99114,4395,103509,1186
2021-11-22,Yolo,113,214977,20343,20227,1222,21449,257
2021-11-22,Yuba,115,75493,10397,10332,369,10701,88
2021-11-21,Alameda,001,1643700,122172,121443,2885,124328,1475
2021-11-21,Alpine,003,1148,103,106,0,106,0
2021-11-21,Amador,005,37829,5699,5662,69,5731,66
2021-11-21,Butte,007,227075,21562,21342,3883,25225,306
2021-11-21,Calaveras,009,45235,4330,4287,61,4348,84
2021-11-21,Colusa,011,21464,2598,2562,667,3229,19
2021-11-21,Contra Costa,013,1133247,101493,100807,2317,103124,1045
2021-11-21,Del Norte,015,27424,3741,3659,56,3715,42
2021-11-21,El Dorado,017,186661,16584,16370,1746,18116,161
2021-11-21,Fresno,019,978130,144823,143203,13168,156371,2242
2021-11-21,Glenn,021,27897,3562,3529,1007,4536,36
2021-11-21,Humboldt,023,135768,9461,9378,644,10022,115
2021-11-21,Imperial,025,180216,34903,34527,3740,38267,766
2021-11-21,Inyo,027,18085,2521,2501,41,2542,44
2021-11-21,Kern,029,883053,131618,130020,23596,153616,1762
2021-11-21,Kings,031,150075,33212,32843,2027,34870,356
2021-11-21,Lake,033,64148,6889,6834,157,6991,110
2021-11-21,Lassen,035,31185,7029,6953,409,7362,47
2021-11-21,Los Angeles,037,10098052,1461051,1453181,56268,1509449,26793
2021-11-21,Madera,039,155013,24098,23856,2270,26126,296
2021-11-21,Marin,041,260295,17949,17829,488,18317,248
2021-11-21,Mariposa,043,17540,1412,1371,59,1430,6
2021-11-21,Mendocino,045,87422,7974,7846,653,8499,89
2021-11-21,Merced,047,269075,43021,42881,2062,44943,660
2021-11-21,Modoc,049,8938,583,551,203,754,5
2021-11-21,Mono,051,14174,1826,1799,22,1821,4
2021-11-21,Monterey,053,433212,49530,48358,3152,51510,611
2021-11-21,Napa,055,140530,13290,13250,119,13369,104
2021-11-21,Nevada,057,99092,9663,9556,338,9894,96
2021-11-21,Orange,059,3164182,312776,310477,15802,326279,5663
2021-11-21,Placer,061,380077,38311,37929,3822,41751,465
2021-11-21,Plumas,063,18699,1910,1858,44,1902,7
2021-11-21,Riverside,065,2383286,372006,367093,16734,383827,5283
2021-11-21,Sacramento,067,1510023,163135,162087,4868,166955,2327
2021-11-21,San Benito,069,59416,7586,7563,179,7742,77
2021-11-21,San Bernardino,071,2135413,362711,359621,11539,371160,5912
2021-11-21,San Diego,073,3302833,384200,380747,22348,403095,4317
2021-11-21,San Francisco,075,870044,54322,53741,2420,56161,669
2021-11-21,San Joaquin,077,732212,101994,101264,5612,106876,1833
2021-11-21,San Luis Obispo,079,281455,30351,29948,1309,31257,358
2021-11-21,San Mateo,081,765935,55373,54290,942,55232,577
2021-11-21,Santa Barbara,083,443738,45479,45237,1665,46902,546
2021-11-21,Santa Clara,085,1922200,150718,149387,1482,150869,1918
2021-11-21,Santa Cruz,087,273765,21102,20866,1033,21899,222
2021-11-21,Shasta,089,179085,22334,22112,3701,25813,393
2021-11-21,Sierra,091,2930,197,193,21,214,0
2021-11-21,Siskiyou,093,43540,3418,3333,1342,4675,54
2021-11-21,Solano,095,438530,46780,46122,1328,47450,356
2021-11-21,Sonoma,097,501317,42568,42298,550,42848,404
2021-11-21,Stanislaus,099,539301,80467,80687,9111,89798,1209
2021-11-21,Sutter,101,95872,14163,14111,377,14488,181
2021-11-21,Tehama,103,63373,8758,8669,1537,10206,127
2021-11-21,Trinity,105,12862,891,784,225,1009,17
2021-11-21,Tulare,107,460477,70468,69285,15926,85211,1075
2021-11-21,Tuolumne,109,53932,7574,7560,109,7669,90
2021-11-21,Ventura,111,848112,99842,99081,4391,103472,1186
2021-11-21,Yolo,113,214977,20315,20209,1219,21428,257
2021-11-21,Yuba,115,75493,10388,10326,369,10695,88
2021-11-20,Alameda,001,1643700,122078,121059,2879,123938,1473
2021-11-20,Alpine,003,1148,103,105,0,105,0
2021-11-20,Amador,005,37829,5693,5652,68,5720,66
2021-11-20,Butte,007,227075,21546,21265,3879,25144,300
2021-11-20,Calaveras,009,45235,4321,4268,61,4329,84
2021-11-20,Colusa,011,21464,2597,2549,666,3215,19
2021-11-20,Contra Costa,013,1133247,101416,100491,2312,102803,1043
2021-11-20,Del Norte,015,27424,3738,3637,56,3693,42
2021-11-20,El Dorado,017,186661,16562,16308,1744,18052,161
2021-11-20,Fresno,019,978130,144752,142579,13159,155738,2233
2021-11-20,Glenn,021,27897,3561,3526,1006,4532,35
2021-11-20,Humboldt,023,135768,9448,9302,642,9944,115
2021-11-20,Imperial,025,180216,34851,34312,3734,38046,766
2021-11-20,Inyo,027,18085,2520,2467,41,2508,44
2021-11-20,Kern,029,883053,131518,129488,23559,153047,1750
2021-11-20,Kings,031,150075,33202,32720,2027,34747,354
2021-11-20,Lake,033,64148,6886,6808,157,6965,110
2021-11-20,Lassen,035,31185,7028,6931,409,7340,47
2021-11-20,Los Angeles,037,10098052,1460432,1448963,56220,1505183,26741
2021-11-20,Madera,039,155013,24086,23720,2266,25986,296
2021-11-20,Marin,041,260295,17934,17774,488,18262,248
2021-11-20,Mariposa,043,17540,1411,1354,59,1413,6
2021-11-20,Mendocino,045,87422,7966,7773,653,8426,89
2021-11-20,Merced,047,269075,42995,42692,2062,44754,656
2021-11-20,Modoc,049,8938,582,550,203,753,5
2021-11-20,Mono,051,14174,1820,1767,22,1789,4
2021-11-20,Monterey,053,433212,49516,48260,3144,51404,609
2021-11-20,Napa,055,140530,13287,13184,119,13303,103
2021-11-20,Nevada,057,99092,9647,9480,338,9818,92
2021-11-20,Orange,059,3164182,312578,309672,15785,325457,5658
2021-11-20,Placer,061,380077,38271,37800,3817,41617,462
2021-11-20,Plumas,063,18699,1906,1841,44,1885,7
2021-11-20,Riverside,065,2383286,371733,365809,16722,382531,5265
2021-11-20,Sacramento,067,1510023,163032,161533,4864,166397,2316
2021-11-20,San Benito,069,59416,7582,7533,179,7712,77
2021-11-20,San Bernardino,071,2135413,362440,358322,11528,369850,5897
2021-11-20,San Diego,073,3302833,383867,380147,22322,402469,4311
2021-11-20,San Francisco,075,870044,54284,53525,2419,55944,669
2021-11-20,San Joaquin,077,732212,101944,100922,5607,106529,1832
2021-11-20,San Luis Obispo,079,281455,30337,29815,1308,31123,355
2021-11-20,San Mateo,081,765935,55339,54132,941,55073,577
2021-11-20,Santa Barbara,083,443738,45447,45074,1665,46739,544
2021-11-20,Santa Clara,085,1922200,150611,148829,1481,150310,1917
2021-11-20,Santa Cruz,087,273765,21084,20756,1033,21789,222
2021-11-20,Shasta,089,179085,22310,21968,3700,25668,383
2021-11-20,Sierra,091,2930,197,191,21,212,0
2021-11-20,Siskiyou,093,43540,3415,3313,1342,4655,54
2021-11-20,Solano,095,438530,46759,46006,1328,47334,356
2021-11-20,Sonoma,097,501317,42537,42151,550,42701,403
2021-11-20,Stanislaus,099,539301,80421,80412,9107,89519,1205
2021-11-20,Sutter,101,95872,14155,14074,377,14451,181
2021-11-20,Tehama,103,63373,8753,8648,1537,10185,125
2021-11-20,Trinity,105,12862,887,771,225,996,17
2021-11-20,Tulare,107,460477,70429,69074,15904,84978,1054
2021-11-20,Tuolumne,109,53932,7565,7511,109,7620,90
2021-11-20,Ventura,111,848112,99793,98893,4384,103277,1186
2021-11-20,Yolo,113,214977,20307,20139,1215,21354,257
2021-11-20,Yuba,115,75493,10382,10290,368,10658,88
2021-11-19,Alameda,001,1643700,122003,121059,2877,123936,1473
2021-11-19,Alpine,003,1148,103,105,0,105,0
2021-11-19,Amador,005,37829,5683,5652,68,5720,66
2021-11-19,Butte,007,227075,21523,21265,3872,25137,300
2021-11-19,Calaveras,009,45235,4314,4268,61,4329,84
2021-11-19,Colusa,011,21464,2595,2549,665,3214,19
2021-11-19,Contra Costa,013,1133247,101359,100491,2307,102798,1043
2021-11-19,Del Norte,015,27424,3733,3637,56,3693,42
2021-11-19,El Dorado,017,186661,16541,16308,1742,18050,161
2021-11-19,Fresno,019,978130,144634,142579,13150,155729,2233
2021-11-19,Glenn,021,27897,3560,3526,1005,4531,35
2021-11-19,Humboldt,023,135768,9435,9302,639,9941,115
2021-11-19,Imperial,025,180216,34814,34312,3727,38039,766
2021-11-19,Inyo,027,18085,2516,2467,41,2508,44
2021-11-19,Kern,029,883053,131414,129488,23516,153004,1750
2021-11-19,Kings,031,150075,33176,32720,2025,34745,354
2021-11-19,Lake,033,64148,6883,6808,157,6965,110
2021-11-19,Lassen,035,31185,7024,6931,408,7339,47
2021-11-19,Los Angeles,037,10098052,1459749,1448963,56164,1505127,26741
2021-11-19,Madera,039,155013,24065,23720,2261,25981,296
2021-11-19,Marin,041,260295,17915,17774,486,18260,248
2021-11-19,Mariposa,043,17540,1409,1354,59,1413,6
2021-11-19,Mendocino,045,87422,7946,7773,653,8426,89
2021-11-19,Merced,047,269075,42969,42692,2061,44753,656
2021-11-19,Modoc,049,8938,581,550,203,753,5
2021-11-19,Mono,051,14174,1809,1767,22,1789,4
2021-11-19,Monterey,053,433212,49494,48260,3144,51404,609
2021-11-19,Napa,055,140530,13277,13184,118,13302,103
2021-11-19,Nevada,057,99092,9634,9480,338,9818,92
2021-11-19,Orange,059,3164182,312425,309672,15760,325432,5658
2021-11-19,Placer,061,380077,38234,37800,3813,41613,462
2021-11-19,Plumas,063,18699,1902,1841,44,1885,7
2021-11-19,Riverside,065,2383286,371459,365809,16718,382527,5265
2021-11-19,Sacramento,067,1510023,162908,161533,4860,166393,2316
2021-11-19,San Benito,069,59416,7576,7533,177,7710,77
2021-11-19,San Bernardino,071,2135413,362123,358322,11519,369841,5897
2021-11-19,San Diego,073,3302833,383466,380147,22296,402443,4311
2021-11-19,San Francisco,075,870044,54246,53525,2419,55944,669
2021-11-19,San Joaquin,077,732212,101887,100922,5603,106525,1832
2021-11-19,San Luis Obispo,079,281455,30319,29815,1306,31121,355
2021-11-19,San Mateo,081,765935,55290,54132,937,55069,577
2021-11-19,Santa Barbara,083,443738,45410,45074,1665,46739,544
2021-11-19,Santa Clara,085,1922200,150463,148829,1478,150307,1917
2021-11-19,Santa Cruz,087,273765,21057,20756,1030,21786,222
2021-11-19,Shasta,089,179085,22298,21968,3699,25667,383
2021-11-19,Sierra,091,2930,197,191,21,212,0
2021-11-19,Siskiyou,093,43540,3412,3313,1342,4655,54
2021-11-19,Solano,095,438530,46729,46006,1324,47330,356
2021-11-19,Sonoma,097,501317,42504,42151,547,42698,403
2021-11-19,Stanislaus,099,539301,80364,80412,9097,89509,1205
2021-11-19,Sutter,101,95872,14153,14074,377,14451,181
2021-11-19,Tehama,103,63373,8750,8648,1537,10185,125
2021-11-19,Trinity,105,12862,885,771,225,996,17
2021-11-19,Tulare,107,460477,70389,69074,15876,84950,1054
2021-11-19,Tuolumne,109,53932,7554,7511,109,7620,90
2021-11-19,Ventura,111,848112,99728,98893,4380,103273,1186
2021-11-19,Yolo,113,214977,20295,20139,1213,21352,257
2021-11-19,Yuba,115,75493,10379,10290,368,10658,88
2021-11-18,Alameda,001,1643700,121879,121059,2871,123930,1473
2021-11-18,Alpine,003,1148,103,105,0,105,0
2021-11-18,Amador,005,37829,5681,5652,68,5720,66
2021-11-18,Butte,007,227075,21506,21265,3865,25130,300
2021-11-18,Calaveras,009,45235,4307,4268,60,4328,84
2021-11-18,Colusa,011,21464,2587,2549,665,3214,19
2021-11-18,Contra Costa,013,1133247,101257,100491,2299,102790,1043
2021-11-18,Del Norte,015,27424,3730,3637,56,3693,42
2021-11-18,El Dorado,017,186661,16522,16308,1739,18047,161
2021-11-18,Fresno,019,978130,144494,142579,13140,155719,2233
2021-11-18,Glenn,021,27897,3559,3526,1004,4530,35
2021-11-18,Humboldt,023,135768,9419,9302,634,9936,115
2021-11-18,Imperial,025,180216,34760,34312,3711,38023,766
2021-11-18,Inyo,027,18085,2508,2467,41,2508,44
2021-11-18,Kern,029,883053,131270,129488,23468,152956,1750
2021-11-18,Kings,031,150075,33139,32720,2022,34742,354
2021-11-18,Lake,033,64148,6878,6808,157,6965,110
2021-11-18,Lassen,035,31185,7021,6931,403,7334,47
2021-11-18,Los Angeles,037,10098052,1458760,1448963,56099,1505062,26741
2021-11-18,Madera,039,155013,24040,23720,2257,25977,296
2021-11-18,Marin,041,260295,17898,17774,482,18256,248
2021-11-18,Mariposa,043,17540,1406,1354,59,1413,6
2021-11-18,Mendocino,045,87422,7924,7773,644,8417,89
2021-11-18,Merced,047,269075,42913,42692,2059,44751,656
2021-11-18,Modoc,049,8938,569,550,203,753,5
2021-11-18,Mono,051,14174,1801,1767,22,1789,4
2021-11-18,Monterey,053,433212,49469,48260,3139,51399,609
2021-11-18,Napa,055,140530,13265,13184,117,13301,103
2021-11-18,Nevada,057,99092,9610,9480,338,9818,92
2021-11-18,Orange,059,3164182,312189,309672,15741,325413,5658
2021-11-18,Placer,061,380077,38191,37800,3802,41602,462
2021-11-18,Plumas,063,18699,1901,1841,44,1885,7
2021-11-18,Riverside,065,2383286,371087,365809,16705,382514,5265
2021-11-18,Sacramento,067,1510023,162681,161533,4845,166378,2316
2021-11-18,San Benito,069,59416,7566,7533,177,7710,77
2021-11-18,San Bernardino,071,2135413,361690,358322,11500,369822,5897
2021-11-18,San Diego,073,3302833,382960,380147,22280,402427,4311
2021-11-18,San Francisco,075,870044,54194,53525,2415,55940,669
2021-11-18,San Joaquin,077,732212,101794,100922,5594,106516,1832
2021-11-18,San Luis Obispo,079,281455,30289,29815,1305,31120,355
2021-11-18,San Mateo,081,765935,55232,54132,934,55066,577
2021-11-18,Santa Barbara,083,443738,45364,45074,1658,46732,544
2021-11-18,Santa Clara,085,1922200,150276,148829,1470,150299,1917
2021-11-18,Santa Cruz,087,273765,21006,20756,1029,21785,222
2021-11-18,Shasta,089,179085,22262,21968,3694,25662,383
2021-11-18,Sierra,091,2930,196,191,21,212,0
2021-11-18,Siskiyou,093,43540,3412,3313,1338,4651,54
2021-11-18,Solano,095,438530,46687,46006,1321,47327,356
2021-11-18,Sonoma,097,501317,42455,42151,545,42696,403
2021-11-18,Stanislaus,099,539301,80297,80412,9089,89501,1205
2021-11-18,Sutter,101,95872,14142,14074,376,14450,181
2021-11-18,Tehama,103,63373,8745,8648,1537,10185,125
2021-11-18,Trinity,105,12862,884,771,225,996,17
2021-11-18,Tulare,107,460477,70316,69074,15827,84901,1054
2021-11-18,Tuolumne,109,53932,7544,7511,109,7620,90
2021-11-18,Ventura,111,848112,99650,98893,4376,103269,1186
2021-11-18,Yolo,113,214977,20278,20139,1208,21347,257
2021-11-18,Yuba,115,75493,10373,10290,368,10658,88
2021-11-17,Alameda,001,1643700,121755,120913,2870,123783,1472
2021-11-17,Alpine,003,1148,103,105,0,105,0
2021-11-17,Amador,005,37829,5674,5646,68,5714,66
2021-11-17,Butte,007,227075,21480,21230,3862,25092,300
2021-11-17,Calaveras,009,45235,4300,4259,60,4319,84
2021-11-17,Colusa,011,21464,2584,2546,664,3210,19
2021-11-17,Contra Costa,013,1133247,101165,100387,2295,102682,1039
2021-11-17,Del Norte,015,27424,3727,3630,56,3686,42
2021-11-17,El Dorado,017,186661,16503,16269,1738,18007,161
2021-11-17,Fresno,019,978130,144312,142366,13127,155493,2230
2021-11-17,Glenn,021,27897,3557,3527,1003,4530,34
2021-11-17,Humboldt,023,135768,9408,9270,631,9901,115
2021-11-17,Imperial,025,180216,34704,34256,3689,37945,766
2021-11-17,Inyo,027,18085,2502,2457,41,2498,44
2021-11-17,Kern,029,883053,131098,129307,23426,152733,1743
2021-11-17,Kings,031,150075,33111,32669,2018,34687,352
2021-11-17,Lake,033,64148,6874,6795,156,6951,110
2021-11-17,Lassen,035,31185,7019,6918,403,7321,47
2021-11-17,Los Angeles,037,10098052,1457657,1447947,56033,1503980,26721
2021-11-17,Madera,039,155013,24006,23673,2255,25928,287
2021-11-17,Marin,041,260295,17879,17757,480,18237,248
2021-11-17,Mariposa,043,17540,1402,1353,59,1412,6
2021-11-17,Mendocino,045,87422,7916,7735,643,8378,89
2021-11-17,Merced,047,269075,42854,42612,2054,44666,654
2021-11-17,Modoc,049,8938,565,540,203,743,5
2021-11-17,Mono,051,14174,1797,1765,22,1787,5
2021-11-17,Monterey,053,433212,49421,48221,3128,51349,609
2021-11-17,Napa,055,140530,13241,13167,117,13284,103
2021-11-17,Nevada,057,99092,9597,9447,338,9785,92
2021-11-17,Orange,059,3164182,311942,309396,15707,325103,5651
2021-11-17,Placer,061,380077,38143,37725,3793,41518,460
2021-11-17,Plumas,063,18699,1897,1833,44,1877,7
2021-11-17,Riverside,065,2383286,370676,365406,16692,382098,5229
2021-11-17,Sacramento,067,1510023,162509,161269,4837,166106,2302
2021-11-17,San Benito,069,59416,7559,7524,177,7701,77
2021-11-17,San Bernardino,071,2135413,361330,357947,11484,369431,5893
2021-11-17,San Diego,073,3302833,382461,379769,22254,402023,4301
2021-11-17,San Francisco,075,870044,54139,53469,2412,55881,667
2021-11-17,San Joaquin,077,732212,101692,100764,5589,106353,1828
2021-11-17,San Luis Obispo,079,281455,30263,29731,1302,31033,354
2021-11-17,San Mateo,081,765935,55164,54092,931,55023,577
2021-11-17,Santa Barbara,083,443738,45326,45000,1658,46658,542
2021-11-17,Santa Clara,085,1922200,150112,148626,1462,150088,1915
2021-11-17,Santa Cruz,087,273765,20971,20700,1029,21729,222
2021-11-17,Shasta,089,179085,22229,21883,3692,25575,382
2021-11-17,Sierra,091,2930,195,189,21,210,0
2021-11-17,Siskiyou,093,43540,3408,3307,1335,4642,54
2021-11-17,Solano,095,438530,46654,45948,1320,47268,353
2021-11-17,Sonoma,097,501317,42409,42093,542,42635,403
2021-11-17,Stanislaus,099,539301,80209,80276,9079,89355,1199
2021-11-17,Sutter,101,95872,14128,14064,374,14438,181
2021-11-17,Tehama,103,63373,8735,8633,1534,10167,125
2021-11-17,Trinity,105,12862,883,765,225,990,17
2021-11-17,Tulare,107,460477,70245,68977,15799,84776,1047
2021-11-17,Tuolumne,109,53932,7527,7485,109,7594,90
2021-11-17,Ventura,111,848112,99589,98812,4370,103182,1183
2021-11-17,Yolo,113,214977,20259,20100,1204,21304,257
2021-11-17,Yuba,115,75493,10361,10275,364,10639,88
2021-11-16,Alameda,001,1643700,121644,120809,2868,123677,1467
2021-11-16,Alpine,003,1148,103,105,0,105,0
2021-11-16,Amador,005,37829,5668,5644,68,5712,66
2021-11-16,Butte,007,227075,21455,21208,3857,25065,297
2021-11-16,Calaveras,009,45235,4291,4249,60,4309,83
2021-11-16,Colusa,011,21464,2578,2538,664,3202,19
2021-11-16,Contra Costa,013,1133247,101042,100320,2292,102612,1038
2021-11-16,Del Norte,015,27424,3721,3630,56,3686,42
2021-11-16,El Dorado,017,186661,16477,16248,1736,17984,159
2021-11-16,Fresno,019,978130,144125,142200,13106,155306,2218
2021-11-16,Glenn,021,27897,3556,3527,1000,4527,34
2021-11-16,Humboldt,023,135768,9387,9252,627,9879,115
2021-11-16,Imperial,025,180216,34620,34177,3675,37852,766
2021-11-16,Inyo,027,18085,2495,2449,41,2490,42
2021-11-16,Kern,029,883053,130940,129136,23364,152500,1735
2021-11-16,Kings,031,150075,33061,32614,2011,34625,350
2021-11-16,Lake,033,64148,6869,6789,156,6945,110
2021-11-16,Lassen,035,31185,7009,6915,403,7318,47
2021-11-16,Los Angeles,037,10098052,1456486,1446815,55961,1502776,26703
2021-11-16,Madera,039,155013,23968,23642,2249,25891,287
2021-11-16,Marin,041,260295,17860,17736,479,18215,248
2021-11-16,Mariposa,043,17540,1394,1349,58,1407,6
2021-11-16,Mendocino,045,87422,7874,7723,639,8362,89
2021-11-16,Merced,047,269075,42817,42578,2047,44625,653
2021-11-16,Modoc,049,8938,564,539,202,741,5
2021-11-16,Mono,051,14174,1788,1767,22,1789,4
2021-11-16,Monterey,053,433212,49391,48195,3114,51309,609
2021-11-16,Napa,055,140530,13230,13151,117,13268,103
2021-11-16,Nevada,057,99092,9580,9435,337,9772,92
2021-11-16,Orange,059,3164182,311674,309170,15672,324842,5651
2021-11-16,Placer,061,380077,38101,37676,3787,41463,459
2021-11-16,Plumas,063,18699,1890,1832,44,1876,7
2021-11-16,Riverside,065,2383286,370254,365078,16670,381748,5208
2021-11-16,Sacramento,067,1510023,162330,161102,4824,165926,2299
2021-11-16,San Benito,069,59416,7545,7513,177,7690,77
2021-11-16,San Bernardino,071,2135413,360917,357528,11432,368960,5901
2021-11-16,San Diego,073,3302833,381903,379435,22227,401662,4287
2021-11-16,San Francisco,075,870044,54066,53415,2404,55819,667
2021-11-16,San Joaquin,077,732212,101552,100637,5573,106210,1807
2021-11-16,San Luis Obispo,079,281455,30232,29703,1299,31002,356
2021-11-16,San Mateo,081,765935,55102,54034,929,54963,577
2021-11-16,Santa Barbara,083,443738,45258,44932,1655,46587,539
2021-11-16,Santa Clara,085,1922200,149932,148452,1450,149902,1916
2021-11-16,Santa Cruz,087,273765,20926,20684,1027,21711,222
2021-11-16,Shasta,089,179085,22190,21853,3688,25541,379
2021-11-16,Sierra,091,2930,195,189,21,210,0
2021-11-16,Siskiyou,093,43540,3405,3304,1333,4637,54
2021-11-16,Solano,095,438530,46614,45908,1319,47227,351
2021-11-16,Sonoma,097,501317,42360,42056,541,42597,401
2021-11-16,Stanislaus,099,539301,80114,80214,9055,89269,1196
2021-11-16,Sutter,101,95872,14116,14058,373,14431,181
2021-11-16,Tehama,103,63373,8728,8621,1527,10148,125
2021-11-16,Trinity,105,12862,883,762,224,986,17
2021-11-16,Tulare,107,460477,70165,68881,15761,84642,1039
2021-11-16,Tuolumne,109,53932,7517,7478,109,7587,90
2021-11-16,Ventura,111,848112,99514,98731,4367,103098,1183
2021-11-16,Yolo,113,214977,20220,20077,1202,21279,257
2021-11-16,Yuba,115,75493,10353,10262,362,10624,85
2021-11-15,Alameda,001,1643700,121491,120731,2863,123594,1464
2021-11-15,Alpine,003,1148,103,105,0,105,0
2021-11-15,Amador,005,37829,5664,5637,68,5705,66
2021-11-15,Butte,007,227075,21430,21182,3853,25035,296
2021-11-15,Calaveras,009,45235,4277,4237,60,4297,83
2021-11-15,Colusa,011,21464,2571,2535,661,3196,19
2021-11-15,Contra Costa,013,1133247,100935,100251,2289,102540,1038
2021-11-15,Del Norte,015,27424,3716,3630,55,3685,42
2021-11-15,El Dorado,017,186661,16453,16236,1732,17968,159
2021-11-15,Fresno,019,978130,143901,142015,13085,155100,2210
2021-11-15,Glenn,021,27897,3554,3526,1000,4526,34
2021-11-15,Humboldt,023,135768,9364,9230,619,9849,115
2021-11-15,Imperial,025,180216,34547,34130,3659,37789,766
2021-11-15,Inyo,027,18085,2490,2442,41,2483,42
2021-11-15,Kern,029,883053,130731,128928,23293,152221,1730
2021-11-15,Kings,031,150075,33027,32584,2006,34590,348
2021-11-15,Lake,033,64148,6865,6784,156,6940,109
2021-11-15,Lassen,035,31185,6999,6915,401,7316,47
2021-11-15,Los Angeles,037,10098052,1455292,1446114,55895,1502009,26677
2021-11-15,Madera,039,155013,23929,23605,2238,25843,287
2021-11-15,Marin,041,260295,17843,17723,478,18201,248
2021-11-15,Mariposa,043,17540,1393,1347,56,1403,6
2021-11-15,Mendocino,045,87422,7854,7694,633,8327,89
2021-11-15,Merced,047,269075,42759,42552,2036,44588,648
2021-11-15,Modoc,049,8938,563,538,201,739,5
2021-11-15,Mono,051,14174,1783,1763,22,1785,4
2021-11-15,Monterey,053,433212,49359,48154,3108,51262,609
2021-11-15,Napa,055,140530,13222,13143,117,13260,103
2021-11-15,Nevada,057,99092,9551,9420,336,9756,92
2021-11-15,Orange,059,3164182,311397,308859,15648,324507,5646
2021-11-15,Placer,061,380077,38037,37610,3783,41393,452
2021-11-15,Plumas,063,18699,1883,1829,44,1873,7
2021-11-15,Riverside,065,2383286,369808,364750,16651,381401,5199
2021-11-15,Sacramento,067,1510023,162110,160937,4811,165748,2293
2021-11-15,San Benito,069,59416,7540,7511,176,7687,77
2021-11-15,San Bernardino,071,2135413,360501,357306,11412,368718,5898
2021-11-15,San Diego,073,3302833,381353,378845,22202,401047,4284
2021-11-15,San Francisco,075,870044,53998,53374,2401,55775,667
2021-11-15,San Joaquin,077,732212,101398,100587,5562,106149,1799
2021-11-15,San Luis Obispo,079,281455,30189,29669,1287,30956,351
2021-11-15,San Mateo,081,765935,55049,54010,926,54936,576
2021-11-15,Santa Barbara,083,443738,45202,44879,1649,46528,539
2021-11-15,Santa Clara,085,1922200,149713,148313,1443,149756,1914
2021-11-15,Santa Cruz,087,273765,20884,20630,1026,21656,223
2021-11-15,Shasta,089,179085,22144,21779,3683,25462,374
2021-11-15,Sierra,091,2930,195,189,21,210,0
2021-11-15,Siskiyou,093,43540,3398,3302,1331,4633,54
2021-11-15,Solano,095,438530,46575,45885,1314,47199,351
2021-11-15,Sonoma,097,501317,42309,42021,540,42561,401
2021-11-15,Stanislaus,099,539301,80029,80129,9041,89170,1174
2021-11-15,Sutter,101,95872,14103,14043,372,14415,181
2021-11-15,Tehama,103,63373,8722,8615,1526,10141,125
2021-11-15,Trinity,105,12862,881,757,222,979,17
2021-11-15,Tulare,107,460477,70078,68826,15714,84540,1039
2021-11-15,Tuolumne,109,53932,7506,7461,109,7570,90
2021-11-15,Ventura,111,848112,99430,98605,4362,102967,1183
2021-11-15,Yolo,113,214977,20190,20065,1197,21262,255
2021-11-15,Yuba,115,75493,10334,10254,358,10612,85
2021-11-14,Alameda,001,1643700,121315,120629,2862,123491,1461
2021-11-14,Alpine,003,1148,102,105,0,105,0
2021-11-14,Amador,005,37829,5657,5632,67,5699,66
2021-11-14,Butte,007,227075,21399,21146,3844,24990,296
2021-11-14,Calaveras,009,45235,4266,4222,60,4282,83
2021-11-14,Colusa,011,21464,2569,2532,658,3190,19
2021-11-14,Contra Costa,013,1133247,100827,100188,2287,102475,1038
2021-11-14,Del Norte,015,27424,3713,3629,55,3684,42
2021-11-14,El Dorado,017,186661,16412,16212,1727,17939,159
2021-11-14,Fresno,019,978130,143619,141869,13052,154921,2209
2021-11-14,Glenn,021,27897,3552,3521,1000,4521,34
2021-11-14,Humboldt,023,135768,9334,9215,609,9824,115
2021-11-14,Imperial,025,180216,34444,34078,3644,37722,766
2021-11-14,Inyo,027,18085,2478,2441,41,2482,42
2021-11-14,Kern,029,883053,130491,128842,23223,152065,1730
2021-11-14,Kings,031,150075,32970,32545,1999,34544,349
2021-11-14,Lake,033,64148,6857,6777,156,6933,109
2021-11-14,Lassen,035,31185,6989,6911,400,7311,47
2021-11-14,Los Angeles,037,10098052,1453931,1445284,55817,1501101,26667
2021-11-14,Madera,039,155013,23879,23566,2229,25795,287
2021-11-14,Marin,041,260295,17828,17712,478,18190,247
2021-11-14,Mariposa,043,17540,1383,1337,52,1389,6
2021-11-14,Mendocino,045,87422,7821,7684,628,8312,89
2021-11-14,Merced,047,269075,42669,42513,2030,44543,648
2021-11-14,Modoc,049,8938,561,538,201,739,5
2021-11-14,Mono,051,14174,1771,1760,22,1782,4
2021-11-14,Monterey,053,433212,49304,48135,3090,51225,609
2021-11-14,Napa,055,140530,13204,13132,117,13249,103
2021-11-14,Nevada,057,99092,9523,9408,336,9744,92
2021-11-14,Orange,059,3164182,311078,308699,15627,324326,5646
2021-11-14,Placer,061,380077,37956,37569,3773,41342,452
2021-11-14,Plumas,063,18699,1880,1829,43,1872,7
2021-11-14,Riverside,065,2383286,369310,364490,16634,381124,5199
2021-11-14,Sacramento,067,1510023,161872,160761,4794,165555,2295
2021-11-14,San Benito,069,59416,7529,7507,175,7682,77
2021-11-14,San Bernardino,071,2135413,359920,357014,11395,368409,5897
2021-11-14,San Diego,073,3302833,380747,377633,22171,399804,4280
2021-11-14,San Francisco,075,870044,53923,53338,2396,55734,667
2021-11-14,San Joaquin,077,732212,101270,100518,5557,106075,1799
2021-11-14,San Luis Obispo,079,281455,30107,29645,1283,30928,352
2021-11-14,San Mateo,081,765935,54995,53978,924,54902,576
2021-11-14,Santa Barbara,083,443738,45123,44842,1646,46488,539
2021-11-14,Santa Clara,085,1922200,149514,148152,1435,149587,1913
2021-11-14,Santa Cruz,087,273765,20830,20609,1024,21633,223
2021-11-14,Shasta,089,179085,22092,21771,3670,25441,373
2021-11-14,Sierra,091,2930,195,189,21,210,0
2021-11-14,Siskiyou,093,43540,3389,3302,1330,4632,54
2021-11-14,Solano,095,438530,46519,45860,1307,47167,351
2021-11-14,Sonoma,097,501317,42243,41974,538,42512,401
2021-11-14,Stanislaus,099,539301,79894,80076,9026,89102,1174
2021-11-14,Sutter,101,95872,14086,14031,367,14398,181
2021-11-14,Tehama,103,63373,8712,8607,1524,10131,125
2021-11-14,Trinity,105,12862,878,754,220,974,17
2021-11-14,Tulare,107,460477,69959,68772,15655,84427,1037
2021-11-14,Tuolumne,109,53932,7488,7439,108,7547,90
2021-11-14,Ventura,111,848112,99315,98550,4361,102911,1183
2021-11-14,Yolo,113,214977,20163,20040,1191,21231,255
2021-11-14,Yuba,115,75493,10327,10238,357,10595,85
2021-11-13,Alameda,001,1643700,121243,120407,2860,123267,1454
2021-11-13,Alpine,003,1148,102,105,0,105,0
2021-11-13,Amador,005,37829,5656,5614,67,5681,66
2021-11-13,Butte,007,227075,21379,21104,3841,24945,296
2021-11-13,Calaveras,009,45235,4255,4203,60,4263,83
2021-11-13,Colusa,011,21464,2567,2522,658,3180,19
2021-11-13,Contra Costa,013,1133247,100753,100004,2281,102285,1028
2021-11-13,Del Norte,015,27424,3713,3629,55,3684,42
2021-11-13,El Dorado,017,186661,16400,16163,1724,17887,159
2021-11-13,Fresno,019,978130,143512,141452,13038,154490,2205
2021-11-13,Glenn,021,27897,3552,3514,999,4513,34
2021-11-13,Humboldt,023,135768,9319,9177,604,9781,115
2021-11-13,Imperial,025,180216,34393,33990,3627,37617,766
2021-11-13,Inyo,027,18085,2472,2436,41,2477,42
2021-11-13,Kern,029,883053,130390,128472,23179,151651,1719
2021-11-13,Kings,031,150075,32953,32452,1998,34450,347
2021-11-13,Lake,033,64148,6852,6769,156,6925,109
2021-11-13,Lassen,035,31185,6984,6897,400,7297,47
2021-11-13,Los Angeles,037,10098052,1453270,1443088,55776,1498864,26649
2021-11-13,Madera,039,155013,23849,23462,2224,25686,287
2021-11-13,Marin,041,260295,17815,17684,476,18160,247
2021-11-13,Mariposa,043,17540,1380,1323,52,1375,6
2021-11-13,Mendocino,045,87422,7802,7652,627,8279,89
2021-11-13,Merced,047,269075,42631,42411,2027,44438,644
2021-11-13,Modoc,049,8938,560,536,201,737,5
2021-11-13,Mono,051,14174,1767,1750,22,1772,4
2021-11-13,Monterey,053,433212,49279,48087,3088,51175,609
2021-11-13,Napa,055,140530,13196,13110,117,13227,103
2021-11-13,Nevada,057,99092,9503,9369,334,9703,92
2021-11-13,Orange,059,3164182,310913,308211,15599,323810,5641
2021-11-13,Placer,061,380077,37906,37453,3770,41223,445
2021-11-13,Plumas,063,18699,1877,1828,43,1871,8
2021-11-13,Riverside,065,2383286,369005,363801,16627,380428,5187
2021-11-13,Sacramento,067,1510023,161736,160397,4781,165178,2291
2021-11-13,San Benito,069,59416,7516,7491,174,7665,77
2021-11-13,San Bernardino,071,2135413,359668,356325,11388,367713,5873
2021-11-13,San Diego,073,3302833,380410,377633,22143,399776,4280
2021-11-13,San Francisco,075,870044,53890,53195,2395,55590,667
2021-11-13,San Joaquin,077,732212,101214,100263,5548,105811,1799
2021-11-13,San Luis Obispo,079,281455,30077,29589,1281,30870,351
2021-11-13,San Mateo,081,765935,54957,53853,923,54776,574
2021-11-13,Santa Barbara,083,443738,45090,44734,1646,46380,537
2021-11-13,Santa Clara,085,1922200,149396,147821,1430,149251,1905
2021-11-13,Santa Cruz,087,273765,20815,20565,1023,21588,223
2021-11-13,Shasta,089,179085,22061,21713,3666,25379,366
2021-11-13,Sierra,091,2930,194,188,21,209,0
2021-11-13,Siskiyou,093,43540,3380,3299,1329,4628,54
2021-11-13,Solano,095,438530,46490,45774,1303,47077,350
2021-11-13,Sonoma,097,501317,42209,41882,537,42419,399
2021-11-13,Stanislaus,099,539301,79818,79872,9012,88884,1174
2021-11-13,Sutter,101,95872,14076,14017,366,14383,181
2021-11-13,Tehama,103,63373,8706,8592,1520,10112,125
2021-11-13,Trinity,105,12862,877,749,220,969,17
2021-11-13,Tulare,107,460477,69893,68619,15632,84251,1033
2021-11-13,Tuolumne,109,53932,7471,7392,108,7500,90
2021-11-13,Ventura,111,848112,99257,98452,4358,102810,1183
2021-11-13,Yolo,113,214977,20148,20009,1186,21195,255
2021-11-13,Yuba,115,75493,10317,10218,355,10573,85
2021-11-12,Alameda,001,1643700,121159,120407,2858,123265,1454
2021-11-12,Alpine,003,1148,102,105,0,105,0
2021-11-12,Amador,005,37829,5650,5614,66,5680,66
2021-11-12,Butte,007,227075,21362,21104,3837,24941,296
2021-11-12,Calaveras,009,45235,4244,4203,60,4263,83
2021-11-12,Colusa,011,21464,2563,2522,657,3179,19
2021-11-12,Contra Costa,013,1133247,100698,100004,2280,102284,1028
2021-11-12,Del Norte,015,27424,3713,3629,55,3684,42
2021-11-12,El Dorado,017,186661,16381,16163,1723,17886,159
2021-11-12,Fresno,019,978130,143370,141452,13024,154476,2205
2021-11-12,Glenn,021,27897,3549,3514,998,4512,34
2021-11-12,Humboldt,023,135768,9312,9177,602,9779,115
2021-11-12,Imperial,025,180216,34367,33990,3617,37607,766
2021-11-12,Inyo,027,18085,2468,2436,41,2477,42
2021-11-12,Kern,029,883053,130253,128472,23147,151619,1719
2021-11-12,Kings,031,150075,32927,32452,1996,34448,347
2021-11-12,Lake,033,64148,6848,6769,156,6925,109
2021-11-12,Lassen,035,31185,6980,6897,399,7296,47
2021-11-12,Los Angeles,037,10098052,1452542,1443088,55731,1498819,26649
2021-11-12,Madera,039,155013,23820,23462,2219,25681,287
2021-11-12,Marin,041,260295,17799,17684,475,18159,247
2021-11-12,Mariposa,043,17540,1373,1323,52,1375,6
2021-11-12,Mendocino,045,87422,7790,7652,624,8276,89
2021-11-12,Merced,047,269075,42602,42411,2025,44436,644
2021-11-12,Modoc,049,8938,559,536,201,737,5
2021-11-12,Mono,051,14174,1765,1750,22,1772,4
2021-11-12,Monterey,053,433212,49247,48087,3082,51169,609
2021-11-12,Napa,055,140530,13187,13110,117,13227,103
2021-11-12,Nevada,057,99092,9489,9369,333,9702,92
2021-11-12,Orange,059,3164182,310725,308211,15581,323792,5641
2021-11-12,Placer,061,380077,37866,37453,3767,41220,445
2021-11-12,Plumas,063,18699,1872,1828,43,1871,8
2021-11-12,Riverside,065,2383286,368738,363801,16623,380424,5187
2021-11-12,Sacramento,067,1510023,161578,160397,4776,165173,2291
2021-11-12,San Benito,069,59416,7516,7491,174,7665,77
2021-11-12,San Bernardino,071,2135413,359362,356325,11377,367702,5873
2021-11-12,San Diego,073,3302833,380035,377633,22121,399754,4280
2021-11-12,San Francisco,075,870044,53855,53195,2391,55586,667
2021-11-12,San Joaquin,077,732212,101169,100263,5542,105805,1799
2021-11-12,San Luis Obispo,079,281455,30048,29589,1280,30869,351
2021-11-12,San Mateo,081,765935,54908,53853,920,54773,574
2021-11-12,Santa Barbara,083,443738,45036,44734,1645,46379,537
2021-11-12,Santa Clara,085,1922200,149254,147821,1425,149246,1905
2021-11-12,Santa Cruz,087,273765,20788,20565,1021,21586,223
2021-11-12,Shasta,089,179085,22029,21713,3663,25376,366
2021-11-12,Sierra,091,2930,193,188,21,209,0
2021-11-12,Siskiyou,093,43540,3379,3299,1327,4626,54
2021-11-12,Solano,095,438530,46463,45774,1299,47073,350
2021-11-12,Sonoma,097,501317,42169,41882,537,42419,399
2021-11-12,Stanislaus,099,539301,79766,79872,9004,88876,1174
2021-11-12,Sutter,101,95872,14069,14017,366,14383,181
2021-11-12,Tehama,103,63373,8702,8592,1519,10111,125
2021-11-12,Trinity,105,12862,870,749,220,969,17
2021-11-12,Tulare,107,460477,69851,68619,15597,84216,1033
2021-11-12,Tuolumne,109,53932,7458,7392,107,7499,90
2021-11-12,Ventura,111,848112,99192,98452,4357,102809,1183
2021-11-12,Yolo,113,214977,20134,20009,1180,21189,255
2021-11-12,Yuba,115,75493,10308,10218,354,10572,85
2021-11-11,Alameda,001,1643700,121044,120147,2853,123000,1453
2021-11-11,Alpine,003,1148,102,105,0,105,0
2021-11-11,Amador,005,37829,5647,5603,65,5668,66
2021-11-11,Butte,007,227075,21319,21047,3832,24879,293
2021-11-11,Calaveras,009,45235,4226,4179,60,4239,83
2021-11-11,Colusa,011,21464,2555,2518,655,3173,19
2021-11-11,Contra Costa,013,1133247,100592,99808,2275,102083,1028
2021-11-11,Del Norte,015,27424,3711,3622,55,3677,42
2021-11-11,El Dorado,017,186661,16347,16085,1720,17805,159
2021-11-11,Fresno,019,978130,143166,140833,12991,153824,2202
2021-11-11,Glenn,021,27897,3547,3503,998,4501,34
2021-11-11,Humboldt,023,135768,9289,9125,599,9724,115
2021-11-11,Imperial,025,180216,34298,33844,3595,37439,766
2021-11-11,Inyo,027,18085,2463,2428,41,2469,42
2021-11-11,Kern,029,883053,130069,128023,23083,151106,1709
2021-11-11,Kings,031,150075,32876,32318,1994,34312,345
2021-11-11,Lake,033,64148,6841,6745,156,6901,107
2021-11-11,Lassen,035,31185,6974,6875,399,7274,47
2021-11-11,Los Angeles,037,10098052,1451453,1440436,55673,1496109,26614
2021-11-11,Madera,039,155013,23773,23316,2211,25527,287
2021-11-11,Marin,041,260295,17789,17639,475,18114,247
2021-11-11,Mariposa,043,17540,1363,1317,52,1369,6
2021-11-11,Mendocino,045,87422,7775,7612,615,8227,89
2021-11-11,Merced,047,269075,42546,42292,2022,44314,643
2021-11-11,Modoc,049,8938,557,536,201,737,5
2021-11-11,Mono,051,14174,1761,1743,22,1765,4
2021-11-11,Monterey,053,433212,49212,48008,3070,51078,609
2021-11-11,Napa,055,140530,13179,13075,117,13192,103
2021-11-11,Nevada,057,99092,9467,9308,333,9641,92
2021-11-11,Orange,059,3164182,310451,307674,15543,323217,5633
2021-11-11,Placer,061,380077,37815,37333,3759,41092,440
2021-11-11,Plumas,063,18699,1868,1814,43,1857,7
2021-11-11,Riverside,065,2383286,368307,362930,16605,379535,5175
2021-11-11,Sacramento,067,1510023,161364,159962,4757,164719,2289
2021-11-11,San Benito,069,59416,7508,7473,174,7647,76
2021-11-11,San Bernardino,071,2135413,358935,355413,11364,366777,5849
2021-11-11,San Diego,073,3302833,379520,376428,22098,398526,4272
2021-11-11,San Francisco,075,870044,53795,53063,2389,55452,666
2021-11-11,San Joaquin,077,732212,101074,99937,5527,105464,1799
2021-11-11,San Luis Obispo,079,281455,29997,29532,1278,30810,351
2021-11-11,San Mateo,081,765935,54857,53722,915,54637,574
2021-11-11,Santa Barbara,083,443738,44978,44603,1642,46245,534
2021-11-11,Santa Clara,085,1922200,149072,147458,1419,148877,1901
2021-11-11,Santa Cruz,087,273765,20743,20479,1021,21500,222
2021-11-11,Shasta,089,179085,21982,21600,3661,25261,364
2021-11-11,Sierra,091,2930,192,186,21,207,0
2021-11-11,Siskiyou,093,43540,3373,3297,1326,4623,53
2021-11-11,Solano,095,438530,46426,45679,1298,46977,350
2021-11-11,Sonoma,097,501317,42132,41774,537,42311,395
2021-11-11,Stanislaus,099,539301,79682,79570,8990,88560,1166
2021-11-11,Sutter,101,95872,14055,13993,365,14358,181
2021-11-11,Tehama,103,63373,8690,8565,1517,10082,125
2021-11-11,Trinity,105,12862,869,748,220,968,17
2021-11-11,Tulare,107,460477,69758,68367,15561,83928,1028
2021-11-11,Tuolumne,109,53932,7445,7354,107,7461,90
2021-11-11,Ventura,111,848112,99114,98297,4350,102647,1182
2021-11-11,Yolo,113,214977,20107,19946,1178,21124,255
2021-11-11,Yuba,115,75493,10292,10191,354,10545,85
2021-11-10,Alameda,001,1643700,120935,120147,2846,122993,1453
2021-11-10,Alpine,003,1148,102,105,0,105,0
2021-11-10,Amador,005,37829,5641,5603,65,5668,66
2021-11-10,Butte,007,227075,21293,21047,3828,24875,293
2021-11-10,Calaveras,009,45235,4215,4179,60,4239,83
2021-11-10,Colusa,011,21464,2549,2518,655,3173,19
2021-11-10,Contra Costa,013,1133247,100508,99808,2271,102079,1028
2021-11-10,Del Norte,015,27424,3710,3622,55,3677,42
2021-11-10,El Dorado,017,186661,16331,16085,1719,17804,159
2021-11-10,Fresno,019,978130,142986,140833,12977,153810,2202
2021-11-10,Glenn,021,27897,3547,3503,997,4500,34
2021-11-10,Humboldt,023,135768,9271,9125,599,9724,115
2021-11-10,Imperial,025,180216,34249,33844,3576,37420,766
2021-11-10,Inyo,027,18085,2456,2428,41,2469,42
2021-11-10,Kern,029,883053,129920,128023,23027,151050,1709
2021-11-10,Kings,031,150075,32843,32318,1992,34310,345
2021-11-10,Lake,033,64148,6831,6745,156,6901,107
2021-11-10,Lassen,035,31185,6969,6875,399,7274,47
2021-11-10,Los Angeles,037,10098052,1450503,1440436,55614,1496050,26614
2021-11-10,Madera,039,155013,23724,23316,2205,25521,287
2021-11-10,Marin,041,260295,17776,17639,473,18112,247
2021-11-10,Mariposa,043,17540,1357,1317,52,1369,6
2021-11-10,Mendocino,045,87422,7763,7612,614,8226,89
2021-11-10,Merced,047,269075,42511,42292,2020,44312,643
2021-11-10,Modoc,049,8938,556,536,200,736,5
2021-11-10,Mono,051,14174,1759,1743,22,1765,4
2021-11-10,Monterey,053,433212,49178,48008,3058,51066,609
2021-11-10,Napa,055,140530,13165,13075,116,13191,103
2021-11-10,Nevada,057,99092,9460,9308,331,9639,92
2021-11-10,Orange,059,3164182,310188,307674,15511,323185,5633
2021-11-10,Placer,061,380077,37770,37333,3752,41085,440
2021-11-10,Plumas,063,18699,1865,1814,42,1856,7
2021-11-10,Riverside,065,2383286,367926,362930,16599,379529,5175
2021-11-10,Sacramento,067,1510023,161209,159962,4747,164709,2289
2021-11-10,San Benito,069,59416,7500,7473,174,7647,76
2021-11-10,San Bernardino,071,2135413,358595,355413,11356,366769,5849
2021-11-10,San Diego,073,3302833,379104,376428,22076,398504,4272
2021-11-10,San Francisco,075,870044,53733,53063,2386,55449,666
2021-11-10,San Joaquin,077,732212,100967,99937,5521,105458,1799
2021-11-10,San Luis Obispo,079,281455,29966,29532,1277,30809,351
2021-11-10,San Mateo,081,765935,54803,53722,914,54636,574
2021-11-10,Santa Barbara,083,443738,44940,44603,1641,46244,534
2021-11-10,Santa Clara,085,1922200,148924,147458,1413,148871,1901
2021-11-10,Santa Cruz,087,273765,20716,20479,1020,21499,222
2021-11-10,Shasta,089,179085,21946,21600,3659,25259,364
2021-11-10,Sierra,091,2930,191,186,21,207,0
2021-11-10,Siskiyou,093,43540,3371,3297,1326,4623,53
2021-11-10,Solano,095,438530,46396,45679,1296,46975,350
2021-11-10,Sonoma,097,501317,42081,41774,537,42311,395
2021-11-10,Stanislaus,099,539301,79581,79570,8974,88544,1166
2021-11-10,Sutter,101,95872,14047,13993,365,14358,181
2021-11-10,Tehama,103,63373,8678,8565,1511,10076,125
2021-11-10,Trinity,105,12862,865,748,219,967,17
2021-11-10,Tulare,107,460477,69697,68367,15520,83887,1028
2021-11-10,Tuolumne,109,53932,7421,7354,107,7461,90
2021-11-10,Ventura,111,848112,99043,98297,4350,102647,1182
2021-11-10,Yolo,113,214977,20088,19946,1177,21123,255
2021-11-10,Yuba,115,75493,10283,10191,354,10545,85
2021-11-09,Alameda,001,1643700,120799,120051,2838,122889,1450
2021-11-09,Alpine,003,1148,102,105,0,105,0
2021-11-09,Amador,005,37829,5637,5596,65,5661,66
2021-11-09,Butte,007,227075,21272,21022,3825,24847,291
2021-11-09,Calaveras,009,45235,4211,4174,60,4234,84
2021-11-09,Colusa,011,21464,2544,2517,654,3171,19
2021-11-09,Contra Costa,013,1133247,100412,99732,2263,101995,1028
2021-11-09,Del Norte,015,27424,3709,3620,55,3675,42
2021-11-09,El Dorado,017,186661,16293,16073,1714,17787,160
2021-11-09,Fresno,019,978130,142743,140666,12962,153628,2188
2021-11-09,Glenn,021,27897,3542,3499,997,4496,34
2021-11-09,Humboldt,023,135768,9250,9112,594,9706,115
2021-11-09,Imperial,025,180216,34196,33751,3562,37313,766
2021-11-09,Inyo,027,18085,2452,2404,41,2445,42
2021-11-09,Kern,029,883053,129676,127901,22964,150865,1694
2021-11-09,Kings,031,150075,32776,32279,1988,34267,344
2021-11-09,Lake,033,64148,6822,6743,156,6899,106
2021-11-09,Lassen,035,31185,6957,6846,399,7245,47
2021-11-09,Los Angeles,037,10098052,1449256,1439125,55552,1494677,26581
2021-11-09,Madera,039,155013,23674,23285,2196,25481,287
2021-11-09,Marin,041,260295,17757,17630,471,18101,247
2021-11-09,Mariposa,043,17540,1349,1317,51,1368,5
2021-11-09,Mendocino,045,87422,7740,7598,608,8206,85
2021-11-09,Merced,047,269075,42470,42251,2014,44265,613
2021-11-09,Modoc,049,8938,555,536,198,734,5
2021-11-09,Mono,051,14174,1754,1738,22,1760,4
2021-11-09,Monterey,053,433212,49141,47975,3033,51008,609
2021-11-09,Napa,055,140530,13147,13051,116,13167,103
2021-11-09,Nevada,057,99092,9441,9288,331,9619,92
2021-11-09,Orange,059,3164182,309903,307412,15483,322895,5621
2021-11-09,Placer,061,380077,37716,37291,3735,41026,440
2021-11-09,Plumas,063,18699,1863,1802,42,1844,7
2021-11-09,Riverside,065,2383286,367461,362557,16584,379141,5160
2021-11-09,Sacramento,067,1510023,160968,159856,4737,164593,2286
2021-11-09,San Benito,069,59416,7490,7471,173,7644,76
2021-11-09,San Bernardino,071,2135413,358148,354972,11339,366311,5839
2021-11-09,San Diego,073,3302833,378597,375997,22050,398047,4272
2021-11-09,San Francisco,075,870044,53657,52996,2380,55376,666
2021-11-09,San Joaquin,077,732212,100791,99848,5508,105356,1794
2021-11-09,San Luis Obispo,079,281455,29923,29488,1276,30764,350
2021-11-09,San Mateo,081,765935,54757,53697,904,54601,574
2021-11-09,Santa Barbara,083,443738,44873,44579,1634,46213,533
2021-11-09,Santa Clara,085,1922200,148717,147281,1406,148687,1901
2021-11-09,Santa Cruz,087,273765,20682,20463,1019,21482,222
2021-11-09,Shasta,089,179085,21891,21558,3654,25212,364
2021-11-09,Sierra,091,2930,191,186,21,207,0
2021-11-09,Siskiyou,093,43540,3369,3295,1324,4619,52
2021-11-09,Solano,095,438530,46342,45639,1295,46934,350
2021-11-09,Sonoma,097,501317,42025,41727,535,42262,395
2021-11-09,Stanislaus,099,539301,79475,79505,8957,88462,1165
2021-11-09,Sutter,101,95872,14032,13988,363,14351,180
2021-11-09,Tehama,103,63373,8660,8555,1509,10064,125
2021-11-09,Trinity,105,12862,864,746,219,965,17
2021-11-09,Tulare,107,460477,69591,68298,15480,83778,1024
2021-11-09,Tuolumne,109,53932,7401,7347,107,7454,90
2021-11-09,Ventura,111,848112,98964,98202,4345,102547,1182
2021-11-09,Yolo,113,214977,20064,19931,1173,21104,255
2021-11-09,Yuba,115,75493,10266,10175,348,10523,85
2021-11-08,Alameda,001,1643700,120658,119983,2832,122815,1447
2021-11-08,Alpine,003,1148,102,105,0,105,0
2021-11-08,Amador,005,37829,5631,5590,65,5655,66
2021-11-08,Butte,007,227075,21244,21000,3817,24817,288
2021-11-08,Calaveras,009,45235,4203,4166,60,4226,82
2021-11-08,Colusa,011,21464,2543,2514,653,3167,19
2021-11-08,Contra Costa,013,1133247,100309,99669,2259,101928,1028
2021-11-08,Del Norte,015,27424,3705,3619,55,3674,42
2021-11-08,El Dorado,017,186661,16274,16055,1709,17764,156
2021-11-08,Fresno,019,978130,142443,140466,12940,153406,2179
2021-11-08,Glenn,021,27897,3539,3496,993,4489,34
2021-11-08,Humboldt,023,135768,9223,9095,584,9679,109
2021-11-08,Imperial,025,180216,34117,33690,3542,37232,766
2021-11-08,Inyo,027,18085,2445,2398,41,2439,41
2021-11-08,Kern,029,883053,129440,127722,22881,150603,1692
2021-11-08,Kings,031,150075,32730,32248,1987,34235,344
2021-11-08,Lake,033,64148,6816,6737,156,6893,106
2021-11-08,Lassen,035,31185,6950,6830,397,7227,46
2021-11-08,Los Angeles,037,10098052,1447914,1438322,55492,1493814,26575
2021-11-08,Madera,039,155013,23625,23253,2184,25437,287
2021-11-08,Marin,041,260295,17740,17617,468,18085,247
2021-11-08,Mariposa,043,17540,1341,1316,50,1366,5
2021-11-08,Mendocino,045,87422,7727,7581,602,8183,85
2021-11-08,Merced,047,269075,42401,42224,2004,44228,607
2021-11-08,Modoc,049,8938,554,529,198,727,5
2021-11-08,Mono,051,14174,1750,1739,22,1761,4
2021-11-08,Monterey,053,433212,49100,47942,3012,50954,602
2021-11-08,Napa,055,140530,13133,13045,116,13161,103
2021-11-08,Nevada,057,99092,9423,9278,329,9607,92
2021-11-08,Orange,059,3164182,309629,307156,15452,322608,5616
2021-11-08,Placer,061,380077,37664,37250,3732,40982,439
2021-11-08,Plumas,063,18699,1862,1788,41,1829,7
2021-11-08,Riverside,065,2383286,367006,362201,16570,378771,5152
2021-11-08,Sacramento,067,1510023,160752,159735,4717,164452,2275
2021-11-08,San Benito,069,59416,7488,7461,173,7634,75
2021-11-08,San Bernardino,071,2135413,357641,354741,11320,366061,5836
2021-11-08,San Diego,073,3302833,378008,375557,22003,397560,4259
2021-11-08,San Francisco,075,870044,53604,52942,2374,55316,666
2021-11-08,San Joaquin,077,732212,100677,99736,5506,105242,1794
2021-11-08,San Luis Obispo,079,281455,29871,29464,1271,30735,350
2021-11-08,San Mateo,081,765935,54683,53658,899,54557,574
2021-11-08,Santa Barbara,083,443738,44819,44548,1633,46181,532
2021-11-08,Santa Clara,085,1922200,148489,147183,1400,148583,1899
2021-11-08,Santa Cruz,087,273765,20653,20435,1019,21454,222
2021-11-08,Shasta,089,179085,21844,21504,3648,25152,354
2021-11-08,Sierra,091,2930,191,183,21,204,0
2021-11-08,Siskiyou,093,43540,3365,3290,1313,4603,50
2021-11-08,Solano,095,438530,46301,45613,1291,46904,350
2021-11-08,Sonoma,097,501317,41957,41669,533,42202,395
2021-11-08,Stanislaus,099,539301,79323,79417,8943,88360,1150
2021-11-08,Sutter,101,95872,14024,13976,359,14335,180
2021-11-08,Tehama,103,63373,8651,8534,1509,10043,123
2021-11-08,Trinity,105,12862,864,743,218,961,13
2021-11-08,Tulare,107,460477,69474,68199,15442,83641,1020
2021-11-08,Tuolumne,109,53932,7382,7328,106,7434,90
2021-11-08,Ventura,111,848112,98871,98144,4343,102487,1182
2021-11-08,Yolo,113,214977,20026,19916,1168,21084,255
2021-11-08,Yuba,115,75493,10255,10172,345,10517,83
2021-11-07,Alameda,001,1643700,120500,119902,2826,122728,1444
2021-11-07,Alpine,003,1148,102,105,0,105,0
2021-11-07,Amador,005,37829,5623,5580,63,5643,66
2021-11-07,Butte,007,227075,21205,20969,3808,24777,288
2021-11-07,Calaveras,009,45235,4176,4158,59,4217,82
2021-11-07,Colusa,011,21464,2537,2511,651,3162,19
2021-11-07,Contra Costa,013,1133247,100197,99596,2250,101846,1028
2021-11-07,Del Norte,015,27424,3703,3617,55,3672,42
2021-11-07,El Dorado,017,186661,16237,16040,1706,17746,156
2021-11-07,Fresno,019,978130,142100,140263,12912,153175,2179
2021-11-07,Glenn,021,27897,3532,3493,992,4485,34
2021-11-07,Humboldt,023,135768,9198,9074,580,9654,109
2021-11-07,Imperial,025,180216,34044,33674,3522,37196,766
2021-11-07,Inyo,027,18085,2432,2394,41,2435,41
2021-11-07,Kern,029,883053,129167,127583,22789,150372,1692
2021-11-07,Kings,031,150075,32640,32221,1983,34204,343
2021-11-07,Lake,033,64148,6800,6734,155,6889,106
2021-11-07,Lassen,035,31185,6941,6819,393,7212,46
2021-11-07,Los Angeles,037,10098052,1446422,1437314,55415,1492729,26573
2021-11-07,Madera,039,155013,23580,23225,2176,25401,287
2021-11-07,Marin,041,260295,17720,17594,467,18061,247
2021-11-07,Mariposa,043,17540,1339,1306,50,1356,5
2021-11-07,Mendocino,045,87422,7699,7567,598,8165,85
2021-11-07,Merced,047,269075,42322,42186,1973,44159,607
2021-11-07,Modoc,049,8938,551,528,197,725,5
2021-11-07,Mono,051,14174,1744,1739,22,1761,4
2021-11-07,Monterey,053,433212,49048,47924,3007,50931,602
2021-11-07,Napa,055,140530,13112,13041,116,13157,103
2021-11-07,Nevada,057,99092,9375,9254,329,9583,92
2021-11-07,Orange,059,3164182,309304,306954,15413,322367,5616
2021-11-07,Placer,061,380077,37588,37202,3717,40919,439
2021-11-07,Plumas,063,18699,1855,1787,40,1827,7
2021-11-07,Riverside,065,2383286,366471,361960,16550,378510,5152
2021-11-07,Sacramento,067,1510023,160520,159549,4700,164249,2277
2021-11-07,San Benito,069,59416,7475,7460,173,7633,75
2021-11-07,San Bernardino,071,2135413,357135,354488,11297,365785,5832
2021-11-07,San Diego,073,3302833,377420,375165,21970,397135,4250
2021-11-07,San Francisco,075,870044,53520,52868,2368,55236,666
2021-11-07,San Joaquin,077,732212,100492,99696,5500,105196,1794
2021-11-07,San Luis Obispo,079,281455,29820,29454,1267,30721,350
2021-11-07,San Mateo,081,765935,54624,53600,897,54497,574
2021-11-07,Santa Barbara,083,443738,44756,44501,1632,46133,532
2021-11-07,Santa Clara,085,1922200,148285,147054,1387,148441,1898
2021-11-07,Santa Cruz,087,273765,20595,20397,1018,21415,222
2021-11-07,Shasta,089,179085,21796,21479,3642,25121,354
2021-11-07,Sierra,091,2930,189,183,21,204,0
2021-11-07,Siskiyou,093,43540,3359,3289,1311,4600,51
2021-11-07,Solano,095,438530,46246,45582,1284,46866,350
2021-11-07,Sonoma,097,501317,41908,41630,533,42163,395
2021-11-07,Stanislaus,099,539301,79168,79351,8923,88274,1150
2021-11-07,Sutter,101,95872,14011,13964,356,14320,180
2021-11-07,Tehama,103,63373,8627,8528,1507,10035,121
2021-11-07,Trinity,105,12862,863,742,217,959,13
2021-11-07,Tulare,107,460477,69321,68145,15399,83544,1020
2021-11-07,Tuolumne,109,53932,7364,7300,104,7404,90
2021-11-07,Ventura,111,848112,98779,98085,4341,102426,1182
2021-11-07,Yolo,113,214977,20005,19899,1163,21062,255
2021-11-07,Yuba,115,75493,10238,10162,340,10502,83
2021-11-06,Alameda,001,1643700,120438,119499,2823,122322,1436
2021-11-06,Alpine,003,1148,102,105,0,105,0
2021-11-06,Amador,005,37829,5617,5557,63,5620,66
2021-11-06,Butte,007,227075,21185,20796,3804,24600,288
2021-11-06,Calaveras,009,45235,4168,4105,59,4164,82
2021-11-06,Colusa,011,21464,2536,2501,650,3151,19
2021-11-06,Contra Costa,013,1133247,100142,99282,2248,101530,1025
2021-11-06,Del Norte,015,27424,3700,3607,55,3662,42
2021-11-06,El Dorado,017,186661,16220,15958,1706,17664,156
2021-11-06,Fresno,019,978130,141981,139249,12907,152156,2170
2021-11-06,Glenn,021,27897,3529,3479,992,4471,33
2021-11-06,Humboldt,023,135768,9186,8972,576,9548,109
2021-11-06,Imperial,025,180216,33998,33471,3515,36986,766
2021-11-06,Inyo,027,18085,2426,2353,41,2394,41
2021-11-06,Kern,029,883053,129034,126848,22736,149584,1684
2021-11-06,Kings,031,150075,32607,32018,1978,33996,342
2021-11-06,Lake,033,64148,6798,6695,155,6850,106
2021-11-06,Lassen,035,31185,6936,6796,392,7188,46
2021-11-06,Los Angeles,037,10098052,1445647,1433081,55372,1488453,26533
2021-11-06,Madera,039,155013,23544,22994,2166,25160,287
2021-11-06,Marin,041,260295,17701,17520,464,17984,247
2021-11-06,Mariposa,043,17540,1337,1282,50,1332,5
2021-11-06,Mendocino,045,87422,7677,7486,598,8084,85
2021-11-06,Merced,047,269075,42298,41958,1965,43923,604
2021-11-06,Modoc,049,8938,550,523,197,720,5
2021-11-06,Mono,051,14174,1742,1725,22,1747,4
2021-11-06,Monterey,053,433212,49016,47830,2997,50827,602
2021-11-06,Napa,055,140530,13102,12950,116,13066,103
2021-11-06,Nevada,057,99092,9353,9169,328,9497,91
2021-11-06,Orange,059,3164182,309097,306049,15387,321436,5611
2021-11-06,Placer,061,380077,37547,36967,3714,40681,438
2021-11-06,Plumas,063,18699,1851,1755,39,1794,7
2021-11-06,Riverside,065,2383286,366153,360584,16541,377125,5138
2021-11-06,Sacramento,067,1510023,160427,158766,4695,163461,2263
2021-11-06,San Benito,069,59416,7468,7429,173,7602,75
2021-11-06,San Bernardino,071,2135413,356864,353142,11293,364435,5813
2021-11-06,San Diego,073,3302833,377072,373423,21952,395375,4246
2021-11-06,San Francisco,075,870044,53466,52556,2365,54921,666
2021-11-06,San Joaquin,077,732212,100435,99372,5499,104871,1782
2021-11-06,San Luis Obispo,079,281455,29792,29335,1263,30598,350
2021-11-06,San Mateo,081,765935,54590,53442,896,54338,574
2021-11-06,Santa Barbara,083,443738,44720,44301,1631,45932,532
2021-11-06,Santa Clara,085,1922200,148140,146519,1382,147901,1894
2021-11-06,Santa Cruz,087,273765,20576,20311,1016,21327,222
2021-11-06,Shasta,089,179085,21777,21281,3637,24918,349
2021-11-06,Sierra,091,2930,189,181,21,202,0
2021-11-06,Siskiyou,093,43540,3359,3279,1309,4588,48
2021-11-06,Solano,095,438530,46216,45465,1283,46748,350
2021-11-06,Sonoma,097,501317,41858,41398,532,41930,395
2021-11-06,Stanislaus,099,539301,79100,78902,8915,87817,1193
2021-11-06,Sutter,101,95872,14007,13908,355,14263,180
2021-11-06,Tehama,103,63373,8616,8474,1505,9979,120
2021-11-06,Trinity,105,12862,860,732,217,949,11
2021-11-06,Tulare,107,460477,69271,67767,15370,83137,1010
2021-11-06,Tuolumne,109,53932,7351,7245,104,7349,90
2021-11-06,Ventura,111,848112,98713,97770,4336,102106,1180
2021-11-06,Yolo,113,214977,19988,19827,1159,20986,255
2021-11-06,Yuba,115,75493,10224,10107,340,10447,83
2021-11-05,Alameda,001,1643700,120356,119499,2821,122320,1436
2021-11-05,Alpine,003,1148,102,105,0,105,0
2021-11-05,Amador,005,37829,5612,5557,63,5620,66
2021-11-05,Butte,007,227075,21172,20796,3803,24599,288
2021-11-05,Calaveras,009,45235,4163,4105,59,4164,82
2021-11-05,Colusa,011,21464,2536,2501,649,3150,19
2021-11-05,Contra Costa,013,1133247,100077,99282,2246,101528,1025
2021-11-05,Del Norte,015,27424,3698,3607,55,3662,42
2021-11-05,El Dorado,017,186661,16202,15958,1700,17658,156
2021-11-05,Fresno,019,978130,141803,139249,12898,152147,2170
2021-11-05,Glenn,021,27897,3529,3479,991,4470,33
2021-11-05,Humboldt,023,135768,9172,8972,576,9548,109
2021-11-05,Imperial,025,180216,33963,33471,3512,36983,766
2021-11-05,Inyo,027,18085,2418,2353,41,2394,41
2021-11-05,Kern,029,883053,128907,126848,22680,149528,1684
2021-11-05,Kings,031,150075,32583,32018,1977,33995,342
2021-11-05,Lake,033,64148,6792,6695,155,6850,106
2021-11-05,Lassen,035,31185,6932,6796,391,7187,46
2021-11-05,Los Angeles,037,10098052,1444828,1433081,55334,1488415,26533
2021-11-05,Madera,039,155013,23506,22994,2165,25159,287
2021-11-05,Marin,041,260295,17679,17520,463,17983,247
2021-11-05,Mariposa,043,17540,1334,1282,49,1331,5
2021-11-05,Mendocino,045,87422,7666,7486,597,8083,85
2021-11-05,Merced,047,269075,42272,41958,1956,43914,604
2021-11-05,Modoc,049,8938,550,523,197,720,5
2021-11-05,Mono,051,14174,1741,1725,22,1747,4
2021-11-05,Monterey,053,433212,48986,47830,2995,50825,602
2021-11-05,Napa,055,140530,13080,12950,116,13066,103
2021-11-05,Nevada,057,99092,9340,9169,328,9497,91
2021-11-05,Orange,059,3164182,308899,306049,15365,321414,5611
2021-11-05,Placer,061,380077,37520,36967,3704,40671,438
2021-11-05,Plumas,063,18699,1843,1755,39,1794,7
2021-11-05,Riverside,065,2383286,365812,360584,16531,377115,5138
2021-11-05,Sacramento,067,1510023,160305,158766,4689,163455,2263
2021-11-05,San Benito,069,59416,7466,7429,172,7601,75
2021-11-05,San Bernardino,071,2135413,356533,353142,11282,364424,5813
2021-11-05,San Diego,073,3302833,376707,373423,21940,395363,4246
2021-11-05,San Francisco,075,870044,53415,52556,2362,54918,666
2021-11-05,San Joaquin,077,732212,100382,99372,5490,104862,1782
2021-11-05,San Luis Obispo,079,281455,29769,29335,1263,30598,350
2021-11-05,San Mateo,081,765935,54549,53442,894,54336,574
2021-11-05,Santa Barbara,083,443738,44675,44301,1630,45931,532
2021-11-05,Santa Clara,085,1922200,148002,146519,1381,147900,1894
2021-11-05,Santa Cruz,087,273765,20552,20311,1015,21326,222
2021-11-05,Shasta,089,179085,21745,21281,3632,24913,349
2021-11-05,Sierra,091,2930,189,181,21,202,0
2021-11-05,Siskiyou,093,43540,3354,3279,1308,4587,48
2021-11-05,Solano,095,438530,46171,45465,1280,46745,350
2021-11-05,Sonoma,097,501317,41818,41398,532,41930,395
2021-11-05,Stanislaus,099,539301,79042,78902,8903,87805,1193
2021-11-05,Sutter,101,95872,13999,13908,354,14262,180
2021-11-05,Tehama,103,63373,8609,8474,1504,9978,120
2021-11-05,Trinity,105,12862,860,732,217,949,11
2021-11-05,Tulare,107,460477,69198,67767,15334,83101,1010
2021-11-05,Tuolumne,109,53932,7334,7245,103,7348,90
2021-11-05,Ventura,111,848112,98673,97770,4333,102103,1180
2021-11-05,Yolo,113,214977,19977,19827,1158,20985,255
2021-11-05,Yuba,115,75493,10211,10107,338,10445,83
2021-11-04,Alameda,001,1643700,120240,119499,2815,122314,1436
2021-11-04,Alpine,003,1148,102,105,0,105,0
2021-11-04,Amador,005,37829,5604,5557,63,5620,66
2021-11-04,Butte,007,227075,21130,20796,3793,24589,288
2021-11-04,Calaveras,009,45235,4149,4105,57,4162,82
2021-11-04,Colusa,011,21464,2530,2501,648,3149,19
2021-11-04,Contra Costa,013,1133247,99985,99282,2241,101523,1025
2021-11-04,Del Norte,015,27424,3695,3607,55,3662,42
2021-11-04,El Dorado,017,186661,16176,15958,1696,17654,156
2021-11-04,Fresno,019,978130,141523,139249,12889,152138,2170
2021-11-04,Glenn,021,27897,3524,3479,990,4469,33
2021-11-04,Humboldt,023,135768,9147,8972,573,9545,109
2021-11-04,Imperial,025,180216,33905,33471,3502,36973,766
2021-11-04,Inyo,027,18085,2410,2353,41,2394,41
2021-11-04,Kern,029,883053,128675,126848,22612,149460,1684
2021-11-04,Kings,031,150075,32504,32018,1968,33986,342
2021-11-04,Lake,033,64148,6782,6695,153,6848,106
2021-11-04,Lassen,035,31185,6922,6796,386,7182,46
2021-11-04,Los Angeles,037,10098052,1443530,1433081,55250,1488331,26533
2021-11-04,Madera,039,155013,23451,22994,2154,25148,287
2021-11-04,Marin,041,260295,17667,17520,461,17981,247
2021-11-04,Mariposa,043,17540,1327,1282,49,1331,5
2021-11-04,Mendocino,045,87422,7653,7486,591,8077,85
2021-11-04,Merced,047,269075,42217,41958,1952,43910,604
2021-11-04,Modoc,049,8938,549,523,197,720,5
2021-11-04,Mono,051,14174,1736,1725,22,1747,4
2021-11-04,Monterey,053,433212,48941,47830,2979,50809,602
2021-11-04,Napa,055,140530,13059,12950,116,13066,103
2021-11-04,Nevada,057,99092,9309,9169,327,9496,91
2021-11-04,Orange,059,3164182,308651,306049,15346,321395,5611
2021-11-04,Placer,061,380077,37449,36967,3695,40662,438
2021-11-04,Plumas,063,18699,1835,1755,35,1790,7
2021-11-04,Riverside,065,2383286,365416,360584,16522,377106,5138
2021-11-04,Sacramento,067,1510023,160071,158766,4668,163434,2263
2021-11-04,San Benito,069,59416,7460,7429,172,7601,75
2021-11-04,San Bernardino,071,2135413,356098,353142,11275,364417,5813
2021-11-04,San Diego,073,3302833,376226,373423,21919,395342,4246
2021-11-04,San Francisco,075,870044,53334,52556,2358,54914,666
2021-11-04,San Joaquin,077,732212,100274,99372,5478,104850,1782
2021-11-04,San Luis Obispo,079,281455,29745,29335,1257,30592,350
2021-11-04,San Mateo,081,765935,54490,53442,888,54330,574
2021-11-04,Santa Barbara,083,443738,44619,44301,1630,45931,532
2021-11-04,Santa Clara,085,1922200,147848,146519,1377,147896,1894
2021-11-04,Santa Cruz,087,273765,20517,20311,1015,21326,222
2021-11-04,Shasta,089,179085,21687,21281,3626,24907,349
2021-11-04,Sierra,091,2930,187,181,21,202,0
2021-11-04,Siskiyou,093,43540,3351,3279,1301,4580,48
2021-11-04,Solano,095,438530,46129,45465,1279,46744,350
2021-11-04,Sonoma,097,501317,41758,41398,532,41930,395
2021-11-04,Stanislaus,099,539301,78904,78902,8897,87799,1193
2021-11-04,Sutter,101,95872,13988,13908,352,14260,180
2021-11-04,Tehama,103,63373,8600,8474,1500,9974,120
2021-11-04,Trinity,105,12862,859,732,217,949,11
2021-11-04,Tulare,107,460477,69082,67767,15288,83055,1010
2021-11-04,Tuolumne,109,53932,7312,7245,101,7346,90
2021-11-04,Ventura,111,848112,98585,97770,4330,102100,1180
2021-11-04,Yolo,113,214977,19951,19827,1152,20979,255
2021-11-04,Yuba,115,75493,10197,10107,336,10443,83
2021-11-03,Alameda,001,1643700,120098,119356,2812,122168,1428
2021-11-03,Alpine,003,1148,102,105,0,105,0
2021-11-03,Amador,005,37829,5598,5545,62,5607,66
2021-11-03,Butte,007,227075,21085,20769,3784,24553,284
2021-11-03,Calaveras,009,45235,4131,4087,56,4143,82
2021-11-03,Colusa,011,21464,2524,2499,648,3147,20
2021-11-03,Contra Costa,013,1133247,99885,99168,2236,101404,1025
2021-11-03,Del Norte,015,27424,3693,3600,54,3654,42
2021-11-03,El Dorado,017,186661,16150,15915,1693,17608,156
2021-11-03,Fresno,019,978130,141159,138873,12865,151738,2166
2021-11-03,Glenn,021,27897,3520,3470,990,4460,33
2021-11-03,Humboldt,023,135768,9130,8949,568,9517,109
2021-11-03,Imperial,025,180216,33834,33402,3492,36894,766
2021-11-03,Inyo,027,18085,2389,2344,41,2385,41
2021-11-03,Kern,029,883053,128414,126523,22510,149033,1681
2021-11-03,Kings,031,150075,32449,31923,1960,33883,341
2021-11-03,Lake,033,64148,6766,6685,153,6838,106
2021-11-03,Lassen,035,31185,6906,6782,381,7163,46
2021-11-03,Los Angeles,037,10098052,1442179,1431209,55165,1486374,26517
2021-11-03,Madera,039,155013,23384,22893,2145,25038,287
2021-11-03,Marin,041,260295,17646,17491,457,17948,247
2021-11-03,Mariposa,043,17540,1317,1276,49,1325,5
2021-11-03,Mendocino,045,87422,7637,7457,583,8040,84
2021-11-03,Merced,047,269075,42156,41849,1942,43791,597
2021-11-03,Modoc,049,8938,549,521,195,716,5
2021-11-03,Mono,051,14174,1732,1719,22,1741,4
2021-11-03,Monterey,053,433212,48892,47794,2966,50760,601
2021-11-03,Napa,055,140530,13047,12937,115,13052,103
2021-11-03,Nevada,057,99092,9282,9131,326,9457,91
2021-11-03,Orange,059,3164182,308340,305661,15313,320974,5607
2021-11-03,Placer,061,380077,37379,36868,3690,40558,438
2021-11-03,Plumas,063,18699,1824,1739,34,1773,7
2021-11-03,Riverside,065,2383286,364958,360060,16518,376578,5131
2021-11-03,Sacramento,067,1510023,159847,158311,4657,162968,2259
2021-11-03,San Benito,069,59416,7452,7419,172,7591,75
2021-11-03,San Bernardino,071,2135413,355624,352225,11255,363480,5813
2021-11-03,San Diego,073,3302833,375715,372951,21896,394847,4241
2021-11-03,San Francisco,075,870044,53241,52493,2353,54846,663
2021-11-03,San Joaquin,077,732212,100162,99188,5467,104655,1776
2021-11-03,San Luis Obispo,079,281455,29703,29276,1251,30527,348
2021-11-03,San Mateo,081,765935,54426,53396,882,54278,571
2021-11-03,Santa Barbara,083,443738,44562,44220,1627,45847,531
2021-11-03,Santa Clara,085,1922200,147678,146259,1370,147629,1897
2021-11-03,Santa Cruz,087,273765,20482,20275,1015,21290,222
2021-11-03,Shasta,089,179085,21629,21215,3619,24834,346
2021-11-03,Sierra,091,2930,185,180,21,201,0
2021-11-03,Siskiyou,093,43540,3347,3276,1299,4575,46
2021-11-03,Solano,095,438530,46102,45411,1277,46688,351
2021-11-03,Sonoma,097,501317,41681,41326,530,41856,395
2021-11-03,Stanislaus,099,539301,78773,78736,8881,87617,1193
2021-11-03,Sutter,101,95872,13975,13876,350,14226,179
2021-11-03,Tehama,103,63373,8588,8438,1500,9938,118
2021-11-03,Trinity,105,12862,858,730,217,947,11
2021-11-03,Tulare,107,460477,68955,67588,15244,82832,1007
2021-11-03,Tuolumne,109,53932,7295,7218,99,7317,90
2021-11-03,Ventura,111,848112,98476,97682,4326,102008,1178
2021-11-03,Yolo,113,214977,19933,19758,1144,20902,250
2021-11-03,Yuba,115,75493,10185,10092,336,10428,83
2021-11-02,Alameda,001,1643700,119951,119241,2807,122048,1425
2021-11-02,Alpine,003,1148,101,105,0,105,0
2021-11-02,Amador,005,37829,5593,5535,62,5597,66
2021-11-02,Butte,007,227075,21041,20744,3773,24517,282
2021-11-02,Calaveras,009,45235,4108,4075,56,4131,82
2021-11-02,Colusa,011,21464,2519,2497,647,3144,19
2021-11-02,Contra Costa,013,1133247,99783,99080,2224,101304,1025
2021-11-02,Del Norte,015,27424,3691,3596,54,3650,42
2021-11-02,El Dorado,017,186661,16121,15883,1693,17576,154
2021-11-02,Fresno,019,978130,140838,138644,12835,151479,2158
2021-11-02,Glenn,021,27897,3512,3469,987,4456,33
2021-11-02,Humboldt,023,135768,9088,8937,567,9504,109
2021-11-02,Imperial,025,180216,33761,33371,3478,36849,766
2021-11-02,Inyo,027,18085,2382,2324,41,2365,41
2021-11-02,Kern,029,883053,128158,126311,22388,148699,1665
2021-11-02,Kings,031,150075,32390,31896,1955,33851,339
2021-11-02,Lake,033,64148,6761,6681,152,6833,106
2021-11-02,Lassen,035,31185,6894,6777,378,7155,45
2021-11-02,Los Angeles,037,10098052,1440724,1429601,55090,1484691,26496
2021-11-02,Madera,039,155013,23303,22837,2134,24971,287
2021-11-02,Marin,041,260295,17618,17482,457,17939,247
2021-11-02,Mariposa,043,17540,1306,1270,48,1318,5
2021-11-02,Mendocino,045,87422,7613,7447,571,8018,84
2021-11-02,Merced,047,269075,42089,41785,1934,43719,596
2021-11-02,Modoc,049,8938,546,520,194,714,5
2021-11-02,Mono,051,14174,1728,1718,22,1740,4
2021-11-02,Monterey,053,433212,48841,47775,2948,50723,599
2021-11-02,Napa,055,140530,13029,12930,115,13045,104
2021-11-02,Nevada,057,99092,9252,9122,325,9447,91
2021-11-02,Orange,059,3164182,308024,305369,15266,320635,5600
2021-11-02,Placer,061,380077,37307,36817,3675,40492,438
2021-11-02,Plumas,063,18699,1813,1721,34,1755,7
2021-11-02,Riverside,065,2383286,364506,359586,16498,376084,5116
2021-11-02,Sacramento,067,1510023,159592,158112,4634,162746,2250
2021-11-02,San Benito,069,59416,7436,7407,172,7579,75
2021-11-02,San Bernardino,071,2135413,355152,351832,11202,363034,5813
2021-11-02,San Diego,073,3302833,375120,372440,21866,394306,4232
2021-11-02,San Francisco,075,870044,53122,52450,2349,54799,663
2021-11-02,San Joaquin,077,732212,100027,99076,5456,104532,1772
2021-11-02,San Luis Obispo,079,281455,29670,29224,1247,30471,348
2021-11-02,San Mateo,081,765935,54354,53351,879,54230,571
2021-11-02,Santa Barbara,083,443738,44506,44177,1623,45800,531
2021-11-02,Santa Clara,085,1922200,147484,146115,1363,147478,1896
2021-11-02,Santa Cruz,087,273765,20449,20266,1014,21280,222
2021-11-02,Shasta,089,179085,21555,21127,3609,24736,344
2021-11-02,Sierra,091,2930,185,180,20,200,0
2021-11-02,Siskiyou,093,43540,3345,3272,1296,4568,46
2021-11-02,Solano,095,438530,46062,45378,1271,46649,350
2021-11-02,Sonoma,097,501317,41601,41288,529,41817,395
2021-11-02,Stanislaus,099,539301,78618,78629,8861,87490,1193
2021-11-02,Sutter,101,95872,13954,13868,350,14218,179
2021-11-02,Tehama,103,63373,8572,8422,1497,9919,116
2021-11-02,Trinity,105,12862,858,729,217,946,11
2021-11-02,Tulare,107,460477,68831,67502,15195,82697,1002
2021-11-02,Tuolumne,109,53932,7274,7204,97,7301,90
2021-11-02,Ventura,111,848112,98371,97574,4322,101896,1178
2021-11-02,Yolo,113,214977,19902,19736,1142,20878,250
2021-11-02,Yuba,115,75493,10162,10080,334,10414,83
2021-11-01,Alameda,001,1643700,119813,119159,2805,121964,1421
2021-11-01,Alpine,003,1148,101,105,0,105,0
2021-11-01,Amador,005,37829,5591,5532,62,5594,64
2021-11-01,Butte,007,227075,20991,20710,3768,24478,281
2021-11-01,Calaveras,009,45235,4098,4059,55,4114,82
2021-11-01,Colusa,011,21464,2517,2494,644,3138,19
2021-11-01,Contra Costa,013,1133247,99658,99011,2215,101226,1025
2021-11-01,Del Norte,015,27424,3689,3594,54,3648,42
2021-11-01,El Dorado,017,186661,16097,15858,1687,17545,154
2021-11-01,Fresno,019,978130,140461,138421,12798,151219,2149
2021-11-01,Glenn,021,27897,3505,3461,985,4446,33
2021-11-01,Humboldt,023,135768,9060,8929,563,9492,108
2021-11-01,Imperial,025,180216,33710,33342,3469,36811,766
2021-11-01,Inyo,027,18085,2370,2307,41,2348,41
2021-11-01,Kern,029,883053,127858,126092,22273,148365,1660
2021-11-01,Kings,031,150075,32337,31866,1953,33819,337
2021-11-01,Lake,033,64148,6750,6676,151,6827,106
2021-11-01,Lassen,035,31185,6879,6775,375,7150,42
2021-11-01,Los Angeles,037,10098052,1439334,1428891,54998,1483889,26483
2021-11-01,Madera,039,155013,23224,22801,2129,24930,283
2021-11-01,Marin,041,260295,17598,17460,456,17916,247
2021-11-01,Mariposa,043,17540,1298,1266,47,1313,5
2021-11-01,Mendocino,045,87422,7580,7422,553,7975,84
2021-11-01,Merced,047,269075,41999,41740,1932,43672,594
2021-11-01,Modoc,049,8938,541,520,192,712,5
2021-11-01,Mono,051,14174,1724,1714,22,1736,3
2021-11-01,Monterey,053,433212,48798,47756,2936,50692,597
2021-11-01,Napa,055,140530,13002,12916,114,13030,101
2021-11-01,Nevada,057,99092,9229,9108,324,9432,91
2021-11-01,Orange,059,3164182,307682,305192,15224,320416,5596
2021-11-01,Placer,061,380077,37224,36747,3663,40410,435
2021-11-01,Plumas,063,18699,1794,1719,34,1753,7
2021-11-01,Riverside,065,2383286,364003,359263,16476,375739,5115
2021-11-01,Sacramento,067,1510023,159320,157893,4610,162503,2239
2021-11-01,San Benito,069,59416,7426,7406,171,7577,73
2021-11-01,San Bernardino,071,2135413,354667,351620,11181,362801,5815
2021-11-01,San Diego,073,3302833,374535,372043,21848,393891,4232
2021-11-01,San Francisco,075,870044,53035,52418,2342,54760,661
2021-11-01,San Joaquin,077,732212,99864,98969,5449,104418,1772
2021-11-01,San Luis Obispo,079,281455,29626,29199,1242,30441,343
2021-11-01,San Mateo,081,765935,54288,53314,875,54189,571
2021-11-01,Santa Barbara,083,443738,44439,44146,1619,45765,529
2021-11-01,Santa Clara,085,1922200,147287,145978,1358,147336,1907
2021-11-01,Santa Cruz,087,273765,20414,20238,1014,21252,221
2021-11-01,Shasta,089,179085,21502,21104,3602,24706,338
2021-11-01,Sierra,091,2930,185,180,20,200,0
2021-11-01,Siskiyou,093,43540,3338,3272,1291,4563,46
2021-11-01,Solano,095,438530,46008,45358,1271,46629,350
2021-11-01,Sonoma,097,501317,41528,41234,529,41763,395
2021-11-01,Stanislaus,099,539301,78489,78534,8846,87380,1193
2021-11-01,Sutter,101,95872,13930,13852,348,14200,179
2021-11-01,Tehama,103,63373,8544,8412,1494,9906,116
2021-11-01,Trinity,105,12862,856,727,217,944,11
2021-11-01,Tulare,107,460477,68687,67388,15142,82530,1002
2021-11-01,Tuolumne,109,53932,7258,7175,96,7271,90
2021-11-01,Ventura,111,848112,98281,97507,4320,101827,1178
2021-11-01,Yolo,113,214977,19882,19708,1135,20843,250
2021-11-01,Yuba,115,75493,10144,10066,332,10398,83
2021-10-31,Alameda,001,1643700,119668,119071,2804,121875,1419
2021-10-31,Alpine,003,1148,101,105,0,105,0
2021-10-31,Amador,005,37829,5580,5518,62,5580,64
2021-10-31,Butte,007,227075,20930,20689,3759,24448,281
2021-10-31,Calaveras,009,45235,4080,4052,54,4106,82
2021-10-31,Colusa,011,21464,2515,2493,641,3134,18
2021-10-31,Contra Costa,013,1133247,99530,98936,2212,101148,1025
2021-10-31,Del Norte,015,27424,3683,3591,54,3645,42
2021-10-31,El Dorado,017,186661,16051,15841,1684,17525,154
2021-10-31,Fresno,019,978130,140056,138165,12762,150927,2147
2021-10-31,Glenn,021,27897,3500,3459,985,4444,33
2021-10-31,Humboldt,023,135768,9012,8919,557,9476,108
2021-10-31,Imperial,025,180216,33635,33334,3457,36791,766
2021-10-31,Inyo,027,18085,2351,2309,41,2350,41
2021-10-31,Kern,029,883053,127487,125917,22148,148065,1666
2021-10-31,Kings,031,150075,32251,31814,1941,33755,338
2021-10-31,Lake,033,64148,6739,6665,149,6814,106
2021-10-31,Lassen,035,31185,6864,6768,370,7138,42
2021-10-31,Los Angeles,037,10098052,1437785,1427933,54914,1482847,26474
2021-10-31,Madera,039,155013,23129,22744,2116,24860,283
2021-10-31,Marin,041,260295,17570,17443,455,17898,247
2021-10-31,Mariposa,043,17540,1292,1257,46,1303,5
2021-10-31,Mendocino,045,87422,7539,7403,536,7939,84
2021-10-31,Merced,047,269075,41905,41699,1912,43611,589
2021-10-31,Modoc,049,8938,535,517,189,706,5
2021-10-31,Mono,051,14174,1720,1711,22,1733,3
2021-10-31,Monterey,053,433212,48757,47744,2918,50662,596
2021-10-31,Napa,055,140530,12985,12906,112,13018,101
2021-10-31,Nevada,057,99092,9192,9084,319,9403,91
2021-10-31,Orange,059,3164182,307333,305032,15141,320173,5596
2021-10-31,Placer,061,380077,37127,36698,3649,40347,435
2021-10-31,Plumas,063,18699,1776,1716,34,1750,7
2021-10-31,Riverside,065,2383286,363424,359005,16462,375467,5104
2021-10-31,Sacramento,067,1510023,158968,157667,4595,162262,2243
2021-10-31,San Benito,069,59416,7417,7397,169,7566,73
2021-10-31,San Bernardino,071,2135413,354134,351411,11167,362578,5810
2021-10-31,San Diego,073,3302833,373961,371603,21817,393420,4218
2021-10-31,San Francisco,075,870044,52926,52370,2336,54706,661
2021-10-31,San Joaquin,077,732212,99700,98893,5435,104328,1772
2021-10-31,San Luis Obispo,079,281455,29572,29176,1241,30417,343
2021-10-31,San Mateo,081,765935,54230,53284,873,54157,571
2021-10-31,Santa Barbara,083,443738,44369,44113,1614,45727,529
2021-10-31,Santa Clara,085,1922200,147072,145829,1344,147173,1908
2021-10-31,Santa Cruz,087,273765,20379,20218,1013,21231,221
2021-10-31,Shasta,089,179085,21419,21086,3590,24676,338
2021-10-31,Sierra,091,2930,185,180,20,200,0
2021-10-31,Siskiyou,093,43540,3332,3271,1290,4561,46
2021-10-31,Solano,095,438530,45960,45310,1264,46574,350
2021-10-31,Sonoma,097,501317,41458,41183,526,41709,395
2021-10-31,Stanislaus,099,539301,78299,78426,8831,87257,1193
2021-10-31,Sutter,101,95872,13911,13838,345,14183,179
2021-10-31,Tehama,103,63373,8513,8391,1490,9881,116
2021-10-31,Trinity,105,12862,856,724,217,941,11
2021-10-31,Tulare,107,460477,68492,67310,15051,82361,1002
2021-10-31,Tuolumne,109,53932,7229,7141,95,7236,90
2021-10-31,Ventura,111,848112,98160,97460,4315,101775,1178
2021-10-31,Yolo,113,214977,19838,19662,1129,20791,250
2021-10-31,Yuba,115,75493,10126,10051,322,10373,83
2021-10-30,Alameda,001,1643700,119608,118632,2802,121434,1419
2021-10-30,Alpine,003,1148,101,105,0,105,0
2021-10-30,Amador,005,37829,5571,5480,61,5541,64
2021-10-30,Butte,007,227075,20915,20516,3753,24269,277
2021-10-30,Calaveras,009,45235,4073,3992,54,4046,82
2021-10-30,Colusa,011,21464,2515,2484,640,3124,19
2021-10-30,Contra Costa,013,1133247,99466,98562,2211,100773,1024
2021-10-30,Del Norte,015,27424,3680,3574,54,3628,42
2021-10-30,El Dorado,017,186661,16035,15752,1679,17431,154
2021-10-30,Fresno,019,978130,139912,136901,12750,149651,2131
2021-10-30,Glenn,021,27897,3496,3442,985,4427,33
2021-10-30,Humboldt,023,135768,8997,8871,555,9426,105
2021-10-30,Imperial,025,180216,33590,33156,3453,36609,766
2021-10-30,Inyo,027,18085,2348,2249,41,2290,41
2021-10-30,Kern,029,883053,127334,124892,22077,146969,1653
2021-10-30,Kings,031,150075,32217,31578,1937,33515,337
2021-10-30,Lake,033,64148,6734,6610,149,6759,106
2021-10-30,Lassen,035,31185,6858,6719,368,7087,42
2021-10-30,Los Angeles,037,10098052,1437061,1424257,54860,1479117,26625
2021-10-30,Madera,039,155013,23085,22524,2111,24635,283
2021-10-30,Marin,041,260295,17555,17380,453,17833,247
2021-10-30,Mariposa,043,17540,1289,1228,46,1274,5
2021-10-30,Mendocino,045,87422,7516,7338,534,7872,84
2021-10-30,Merced,047,269075,41865,41428,1910,43338,586
2021-10-30,Modoc,049,8938,533,513,188,701,5
2021-10-30,Mono,051,14174,1720,1684,22,1706,3
2021-10-30,Monterey,053,433212,48740,47649,2912,50561,588
2021-10-30,Napa,055,140530,12971,12863,111,12974,101
2021-10-30,Nevada,057,99092,9173,9015,319,9334,91
2021-10-30,Orange,059,3164182,307153,304120,15119,319239,5588
2021-10-30,Placer,061,380077,37081,36400,3643,40043,434
2021-10-30,Plumas,063,18699,1771,1695,34,1729,7
2021-10-30,Riverside,065,2383286,363124,357645,16453,374098,5088
2021-10-30,Sacramento,067,1510023,158809,157125,4586,161711,2233
2021-10-30,San Benito,069,59416,7410,7362,169,7531,71
2021-10-30,San Bernardino,071,2135413,353856,350076,11153,361229,5777
2021-10-30,San Diego,073,3302833,373587,370006,21795,391801,4213
2021-10-30,San Francisco,075,870044,52897,52161,2334,54495,661
2021-10-30,San Joaquin,077,732212,99644,98314,5434,103748,1768
2021-10-30,San Luis Obispo,079,281455,29540,29053,1238,30291,341
2021-10-30,San Mateo,081,765935,54190,53083,873,53956,571
2021-10-30,Santa Barbara,083,443738,44334,43972,1613,45585,528
2021-10-30,Santa Clara,085,1922200,146967,145262,1340,146602,1903
2021-10-30,Santa Cruz,087,273765,20361,20134,1011,21145,221
2021-10-30,Shasta,089,179085,21375,20878,3584,24462,332
2021-10-30,Sierra,091,2930,185,175,20,195,0
2021-10-30,Siskiyou,093,43540,3331,3257,1287,4544,46
2021-10-30,Solano,095,438530,45939,45146,1262,46408,346
2021-10-30,Sonoma,097,501317,41419,40924,526,41450,393
2021-10-30,Stanislaus,099,539301,78229,77871,8824,86695,1191
2021-10-30,Sutter,101,95872,13898,13773,345,14118,178
2021-10-30,Tehama,103,63373,8502,8307,1485,9792,114
2021-10-30,Trinity,105,12862,854,708,216,924,11
2021-10-30,Tulare,107,460477,68421,66745,15004,81749,995
2021-10-30,Tuolumne,109,53932,7205,7050,94,7144,90
2021-10-30,Ventura,111,848112,98111,97182,4312,101494,1174
2021-10-30,Yolo,113,214977,19819,19568,1127,20695,250
2021-10-30,Yuba,115,75493,10115,9969,322,10291,82
2021-10-29,Alameda,001,1643700,119529,118632,2797,121429,1419
2021-10-29,Alpine,003,1148,101,105,0,105,0
2021-10-29,Amador,005,37829,5560,5480,61,5541,64
2021-10-29,Butte,007,227075,20890,20516,3743,24259,277
2021-10-29,Calaveras,009,45235,4066,3992,54,4046,82
2021-10-29,Colusa,011,21464,2515,2484,638,3122,19
2021-10-29,Contra Costa,013,1133247,99399,98562,2209,100771,1024
2021-10-29,Del Norte,015,27424,3673,3574,54,3628,42
2021-10-29,El Dorado,017,186661,16021,15752,1679,17431,154
2021-10-29,Fresno,019,978130,139697,136901,12735,149636,2131
2021-10-29,Glenn,021,27897,3495,3442,984,4426,33
2021-10-29,Humboldt,023,135768,8992,8871,554,9425,105
2021-10-29,Imperial,025,180216,33563,33156,3450,36606,766
2021-10-29,Inyo,027,18085,2345,2249,41,2290,41
2021-10-29,Kern,029,883053,127157,124892,21987,146879,1653
2021-10-29,Kings,031,150075,32183,31578,1935,33513,337
2021-10-29,Lake,033,64148,6725,6610,146,6756,106
2021-10-29,Lassen,035,31185,6849,6719,365,7084,42
2021-10-29,Los Angeles,037,10098052,1436215,1424257,54816,1479073,26625
2021-10-29,Madera,039,155013,23033,22524,2106,24630,283
2021-10-29,Marin,041,260295,17539,17380,452,17832,247
2021-10-29,Mariposa,043,17540,1285,1228,46,1274,5
2021-10-29,Mendocino,045,87422,7508,7338,534,7872,84
2021-10-29,Merced,047,269075,41815,41428,1904,43332,586
2021-10-29,Modoc,049,8938,531,513,187,700,5
2021-10-29,Mono,051,14174,1718,1684,22,1706,3
2021-10-29,Monterey,053,433212,48717,47649,2912,50561,588
2021-10-29,Napa,055,140530,12950,12863,111,12974,101
2021-10-29,Nevada,057,99092,9161,9015,319,9334,91
2021-10-29,Orange,059,3164182,306928,304120,15099,319219,5588
2021-10-29,Placer,061,380077,37045,36400,3632,40032,434
2021-10-29,Plumas,063,18699,1765,1695,34,1729,7
2021-10-29,Riverside,065,2383286,362790,357645,16448,374093,5088
2021-10-29,Sacramento,067,1510023,158620,157125,4577,161702,2233
2021-10-29,San Benito,069,59416,7407,7362,169,7531,71
2021-10-29,San Bernardino,071,2135413,353558,350076,11144,361220,5777
2021-10-29,San Diego,073,3302833,373211,370006,21767,391773,4213
2021-10-29,San Francisco,075,870044,52838,52161,2328,54489,661
2021-10-29,San Joaquin,077,732212,99587,98314,5429,103743,1768
2021-10-29,San Luis Obispo,079,281455,29514,29053,1236,30289,341
2021-10-29,San Mateo,081,765935,54147,53083,871,53954,571
2021-10-29,Santa Barbara,083,443738,44294,43972,1610,45582,528
2021-10-29,Santa Clara,085,1922200,146852,145262,1333,146595,1903
2021-10-29,Santa Cruz,087,273765,20354,20134,1010,21144,221
2021-10-29,Shasta,089,179085,21336,20878,3578,24456,332
2021-10-29,Sierra,091,2930,183,175,20,195,0
2021-10-29,Siskiyou,093,43540,3331,3257,1286,4543,46
2021-10-29,Solano,095,438530,45902,45146,1261,46407,346
2021-10-29,Sonoma,097,501317,41398,40924,526,41450,393
2021-10-29,Stanislaus,099,539301,78143,77871,8813,86684,1191
2021-10-29,Sutter,101,95872,13879,13773,345,14118,178
2021-10-29,Tehama,103,63373,8489,8307,1484,9791,114
2021-10-29,Trinity,105,12862,853,708,216,924,11
2021-10-29,Tulare,107,460477,68316,66745,14959,81704,995
2021-10-29,Tuolumne,109,53932,7192,7050,94,7144,90
2021-10-29,Ventura,111,848112,98056,97182,4308,101490,1174
2021-10-29,Yolo,113,214977,19801,19568,1122,20690,250
2021-10-29,Yuba,115,75493,10107,9969,318,10287,82
2021-10-28,Alameda,001,1643700,119404,118632,2790,121422,1419
2021-10-28,Alpine,003,1148,101,105,0,105,0
2021-10-28,Amador,005,37829,5547,5480,61,5541,64
2021-10-28,Butte,007,227075,20847,20516,3734,24250,277
2021-10-28,Calaveras,009,45235,4053,3992,54,4046,82
2021-10-28,Colusa,011,21464,2512,2484,637,3121,19
2021-10-28,Contra Costa,013,1133247,99269,98562,2204,100766,1024
2021-10-28,Del Norte,015,27424,3672,3574,54,3628,42
2021-10-28,El Dorado,017,186661,15995,15752,1676,17428,154
2021-10-28,Fresno,019,978130,139364,136901,12702,149603,2131
2021-10-28,Glenn,021,27897,3492,3442,982,4424,33
2021-10-28,Humboldt,023,135768,8976,8871,549,9420,105
2021-10-28,Imperial,025,180216,33498,33156,3443,36599,766
2021-10-28,Inyo,027,18085,2328,2249,41,2290,41
2021-10-28,Kern,029,883053,126909,124892,21873,146765,1653
2021-10-28,Kings,031,150075,32114,31578,1930,33508,337
2021-10-28,Lake,033,64148,6715,6610,146,6756,106
2021-10-28,Lassen,035,31185,6839,6719,361,7080,42
2021-10-28,Los Angeles,037,10098052,1435075,1424257,54743,1479000,26625
2021-10-28,Madera,039,155013,22979,22524,2095,24619,283
2021-10-28,Marin,041,260295,17521,17380,451,17831,247
2021-10-28,Mariposa,043,17540,1281,1228,46,1274,5
2021-10-28,Mendocino,045,87422,7495,7338,523,7861,84
2021-10-28,Merced,047,269075,41730,41428,1892,43320,586
2021-10-28,Modoc,049,8938,530,513,187,700,5
2021-10-28,Mono,051,14174,1712,1684,22,1706,3
2021-10-28,Monterey,053,433212,48686,47649,2895,50544,588
2021-10-28,Napa,055,140530,12941,12863,110,12973,101
2021-10-28,Nevada,057,99092,9143,9015,319,9334,91
2021-10-28,Orange,059,3164182,306641,304120,15034,319154,5588
2021-10-28,Placer,061,380077,36966,36400,3623,40023,434
2021-10-28,Plumas,063,18699,1757,1695,34,1729,7
2021-10-28,Riverside,065,2383286,362352,357645,16424,374069,5088
2021-10-28,Sacramento,067,1510023,158354,157125,4565,161690,2233
2021-10-28,San Benito,069,59416,7399,7362,169,7531,71
2021-10-28,San Bernardino,071,2135413,353141,350076,11122,361198,5777
2021-10-28,San Diego,073,3302833,372738,370006,21744,391750,4213
2021-10-28,San Francisco,075,870044,52792,52161,2321,54482,661
2021-10-28,San Joaquin,077,732212,99459,98314,5428,103742,1768
2021-10-28,San Luis Obispo,079,281455,29485,29053,1233,30286,341
2021-10-28,San Mateo,081,765935,54102,53083,869,53952,571
2021-10-28,Santa Barbara,083,443738,44255,43972,1608,45580,528
2021-10-28,Santa Clara,085,1922200,146694,145262,1328,146590,1903
2021-10-28,Santa Cruz,087,273765,20330,20134,1010,21144,221
2021-10-28,Shasta,089,179085,21261,20878,3571,24449,332
2021-10-28,Sierra,091,2930,182,175,20,195,0
2021-10-28,Siskiyou,093,43540,3330,3257,1286,4543,46
2021-10-28,Solano,095,438530,45863,45146,1260,46406,346
2021-10-28,Sonoma,097,501317,41330,40924,525,41449,393
2021-10-28,Stanislaus,099,539301,77991,77871,8797,86668,1191
2021-10-28,Sutter,101,95872,13866,13773,341,14114,178
2021-10-28,Tehama,103,63373,8452,8307,1481,9788,114
2021-10-28,Trinity,105,12862,850,708,216,924,11
2021-10-28,Tulare,107,460477,68176,66745,14901,81646,995
2021-10-28,Tuolumne,109,53932,7161,7050,94,7144,90
2021-10-28,Ventura,111,848112,97971,97182,4305,101487,1174
2021-10-28,Yolo,113,214977,19763,19568,1117,20685,250
2021-10-28,Yuba,115,75493,10078,9969,315,10284,82
2021-10-27,Alameda,001,1643700,119282,118487,2788,121275,1414
2021-10-27,Alpine,003,1148,101,105,0,105,0
2021-10-27,Amador,005,37829,5535,5470,60,5530,64
2021-10-27,Butte,007,227075,20803,20446,3720,24166,274
2021-10-27,Calaveras,009,45235,4035,3970,53,4023,82
2021-10-27,Colusa,011,21464,2511,2480,636,3116,18
2021-10-27,Contra Costa,013,1133247,99161,98442,2192,100634,1018
2021-10-27,Del Norte,015,27424,3665,3571,53,3624,42
2021-10-27,El Dorado,017,186661,15964,15723,1671,17394,154
2021-10-27,Fresno,019,978130,138982,136447,12668,149115,2128
2021-10-27,Glenn,021,27897,3490,3435,981,4416,33
2021-10-27,Humboldt,023,135768,8956,8851,547,9398,105
2021-10-27,Imperial,025,180216,33459,33068,3438,36506,766
2021-10-27,Inyo,027,18085,2308,2236,41,2277,41
2021-10-27,Kern,029,883053,126639,124557,21773,146330,1647
2021-10-27,Kings,031,150075,32048,31437,1924,33361,335
2021-10-27,Lake,033,64148,6688,6589,146,6735,105
2021-10-27,Lassen,035,31185,6825,6706,359,7065,42
2021-10-27,Los Angeles,037,10098052,1433842,1422615,54684,1477299,26604
2021-10-27,Madera,039,155013,22894,22413,2071,24484,283
2021-10-27,Marin,041,260295,17506,17362,451,17813,247
2021-10-27,Mariposa,043,17540,1268,1228,46,1274,5
2021-10-27,Mendocino,045,87422,7481,7321,516,7837,84
2021-10-27,Merced,047,269075,41632,41310,1878,43188,583
2021-10-27,Modoc,049,8938,526,513,187,700,5
2021-10-27,Mono,051,14174,1709,1682,22,1704,3
2021-10-27,Monterey,053,433212,48648,47610,2873,50483,588
2021-10-27,Napa,055,140530,12926,12856,109,12965,101
2021-10-27,Nevada,057,99092,9126,8987,318,9305,90
2021-10-27,Orange,059,3164182,306320,303825,14983,318808,5584
2021-10-27,Placer,061,380077,36900,36296,3616,39912,434
2021-10-27,Plumas,063,18699,1749,1686,34,1720,7
2021-10-27,Riverside,065,2383286,361923,357152,16416,373568,5081
2021-10-27,Sacramento,067,1510023,158086,156830,4544,161374,2230
2021-10-27,San Benito,069,59416,7393,7337,169,7506,71
2021-10-27,San Bernardino,071,2135413,352717,349624,11100,360724,5770
2021-10-27,San Diego,073,3302833,372162,369579,21720,391299,4207
2021-10-27,San Francisco,075,870044,52740,52108,2317,54425,655
2021-10-27,San Joaquin,077,732212,99299,98168,5413,103581,1753
2021-10-27,San Luis Obispo,079,281455,29446,29002,1231,30233,341
2021-10-27,San Mateo,081,765935,54047,53032,861,53893,571
2021-10-27,Santa Barbara,083,443738,44202,43901,1605,45506,527
2021-10-27,Santa Clara,085,1922200,146517,145081,1320,146401,1902
2021-10-27,Santa Cruz,087,273765,20303,20091,1008,21099,221
2021-10-27,Shasta,089,179085,21185,20813,3563,24376,331
2021-10-27,Sierra,091,2930,181,176,20,196,0
2021-10-27,Siskiyou,093,43540,3327,3256,1282,4538,46
2021-10-27,Solano,095,438530,45818,45089,1252,46341,346
2021-10-27,Sonoma,097,501317,41254,40829,523,41352,393
2021-10-27,Stanislaus,099,539301,77831,77687,8783,86470,1191
2021-10-27,Sutter,101,95872,13852,13754,341,14095,177
2021-10-27,Tehama,103,63373,8430,8265,1479,9744,113
2021-10-27,Trinity,105,12862,850,706,215,921,11
2021-10-27,Tulare,107,460477,68022,66568,14843,81411,991
2021-10-27,Tuolumne,109,53932,7134,7009,93,7102,90
2021-10-27,Ventura,111,848112,97879,97108,4300,101408,1172
2021-10-27,Yolo,113,214977,19734,19517,1110,20627,250
2021-10-27,Yuba,115,75493,10057,9945,313,10258,82
2021-10-26,Alameda,001,1643700,119144,118360,2786,121146,1407
2021-10-26,Alpine,003,1148,101,105,0,105,0
2021-10-26,Amador,005,37829,5527,5465,59,5524,64
2021-10-26,Butte,007,227075,20745,20387,3703,24090,274
2021-10-26,Calaveras,009,45235,4024,3966,53,4019,81
2021-10-26,Colusa,011,21464,2509,2478,635,3113,18
2021-10-26,Contra Costa,013,1133247,99039,98352,2181,100533,1017
2021-10-26,Del Norte,015,27424,3660,3563,53,3616,42
2021-10-26,El Dorado,017,186661,15936,15690,1662,17352,153
2021-10-26,Fresno,019,978130,138536,136211,12622,148833,2122
2021-10-26,Glenn,021,27897,3475,3431,978,4409,33
2021-10-26,Humboldt,023,135768,8938,8830,541,9371,105
2021-10-26,Imperial,025,180216,33393,33012,3433,36445,766
2021-10-26,Inyo,027,18085,2293,2200,41,2241,41
2021-10-26,Kern,029,883053,126295,124351,21652,146003,1645
2021-10-26,Kings,031,150075,31981,31382,1917,33299,336
2021-10-26,Lake,033,64148,6678,6584,144,6728,105
2021-10-26,Lassen,035,31185,6805,6689,357,7046,42
2021-10-26,Los Angeles,037,10098052,1432492,1421795,54613,1476408,26599
2021-10-26,Madera,039,155013,22804,22363,2060,24423,283
2021-10-26,Marin,041,260295,17489,17354,450,17804,244
2021-10-26,Mariposa,043,17540,1263,1225,45,1270,5
2021-10-26,Mendocino,045,87422,7452,7308,499,7807,83
2021-10-26,Merced,047,269075,41554,41267,1870,43137,583
2021-10-26,Modoc,049,8938,526,513,187,700,5
2021-10-26,Mono,051,14174,1704,1680,22,1702,3
2021-10-26,Monterey,053,433212,48610,47572,2862,50434,588
2021-10-26,Napa,055,140530,12914,12849,109,12958,101
2021-10-26,Nevada,057,99092,9095,8971,317,9288,90
2021-10-26,Orange,059,3164182,306051,303533,14944,318477,5580
2021-10-26,Placer,061,380077,36802,36245,3610,39855,434
2021-10-26,Plumas,063,18699,1740,1645,34,1679,7
2021-10-26,Riverside,065,2383286,361433,356775,16406,373181,5068
2021-10-26,Sacramento,067,1510023,157785,156643,4527,161170,2228
2021-10-26,San Benito,069,59416,7370,7325,169,7494,71
2021-10-26,San Bernardino,071,2135413,352294,349346,11085,360431,5764
2021-10-26,San Diego,073,3302833,371643,369043,21690,390733,4198
2021-10-26,San Francisco,075,870044,52665,52063,2314,54377,655
2021-10-26,San Joaquin,077,732212,99122,98036,5398,103434,1748
2021-10-26,San Luis Obispo,079,281455,29407,28928,1225,30153,337
2021-10-26,San Mateo,081,765935,53975,52974,858,53832,571
2021-10-26,Santa Barbara,083,443738,44156,43835,1604,45439,525
2021-10-26,Santa Clara,085,1922200,146318,144932,1314,146246,1903
2021-10-26,Santa Cruz,087,273765,20272,20067,1007,21074,221
2021-10-26,Shasta,089,179085,21125,20725,3545,24270,330
2021-10-26,Sierra,091,2930,181,169,20,189,0
2021-10-26,Siskiyou,093,43540,3321,3254,1280,4534,46
2021-10-26,Solano,095,438530,45761,45044,1251,46295,344
2021-10-26,Sonoma,097,501317,41172,40794,521,41315,393
2021-10-26,Stanislaus,099,539301,77655,77552,8758,86310,1157
2021-10-26,Sutter,101,95872,13822,13739,340,14079,176
2021-10-26,Tehama,103,63373,8402,8247,1473,9720,112
2021-10-26,Trinity,105,12862,846,705,215,920,11
2021-10-26,Tulare,107,460477,67863,66476,14781,81257,991
2021-10-26,Tuolumne,109,53932,7108,6995,91,7086,90
2021-10-26,Ventura,111,848112,97770,97014,4296,101310,1170
2021-10-26,Yolo,113,214977,19706,19490,1107,20597,248
2021-10-26,Yuba,115,75493,10039,9927,308,10235,82
2021-10-25,Alameda,001,1643700,118997,118319,2784,121103,1404
2021-10-25,Alpine,003,1148,101,105,0,105,0
2021-10-25,Amador,005,37829,5513,5455,59,5514,64
2021-10-25,Butte,007,227075,20671,20331,3695,24026,273
2021-10-25,Calaveras,009,45235,3994,3942,52,3994,82
2021-10-25,Colusa,011,21464,2507,2471,633,3104,18
2021-10-25,Contra Costa,013,1133247,98921,98267,2176,100443,1017
2021-10-25,Del Norte,015,27424,3653,3562,53,3615,42
2021-10-25,El Dorado,017,186661,15901,15663,1660,17323,149
2021-10-25,Fresno,019,978130,138101,135974,12578,148552,2112
2021-10-25,Glenn,021,27897,3472,3421,977,4398,33
2021-10-25,Humboldt,023,135768,8915,8825,536,9361,105
2021-10-25,Imperial,025,180216,33332,32968,3422,36390,766
2021-10-25,Inyo,027,18085,2275,2183,41,2224,41
2021-10-25,Kern,029,883053,125943,124078,21513,145591,1649
2021-10-25,Kings,031,150075,31892,31329,1908,33237,335
2021-10-25,Lake,033,64148,6665,6571,144,6715,105
2021-10-25,Lassen,035,31185,6794,6688,355,7043,42
2021-10-25,Los Angeles,037,10098052,1431120,1421061,54547,1475608,26579
2021-10-25,Madera,039,155013,22750,22325,2052,24377,281
2021-10-25,Marin,041,260295,17467,17334,448,17782,244
2021-10-25,Mariposa,043,17540,1249,1220,45,1265,5
2021-10-25,Mendocino,045,87422,7422,7296,495,7791,82
2021-10-25,Merced,047,269075,41486,41207,1843,43050,583
2021-10-25,Modoc,049,8938,524,512,185,697,5
2021-10-25,Mono,051,14174,1696,1677,22,1699,3
2021-10-25,Monterey,053,433212,48578,47547,2860,50407,587
2021-10-25,Napa,055,140530,12901,12841,109,12950,100
2021-10-25,Nevada,057,99092,9069,8958,317,9275,90
2021-10-25,Orange,059,3164182,305753,303279,14906,318185,5574
2021-10-25,Placer,061,380077,36695,36153,3600,39753,431
2021-10-25,Plumas,063,18699,1728,1641,34,1675,7
2021-10-25,Riverside,065,2383286,361006,356381,16391,372772,5056
2021-10-25,Sacramento,067,1510023,157479,156516,4501,161017,2235
2021-10-25,San Benito,069,59416,7356,7314,168,7482,71
2021-10-25,San Bernardino,071,2135413,351796,349075,11073,360148,5748
2021-10-25,San Diego,073,3302833,371056,368386,21662,390048,4196
2021-10-25,San Francisco,075,870044,52591,52041,2307,54348,649
2021-10-25,San Joaquin,077,732212,98920,97980,5389,103369,1740
2021-10-25,San Luis Obispo,079,281455,29359,28907,1220,30127,336
2021-10-25,San Mateo,081,765935,53914,52927,854,53781,571
2021-10-25,Santa Barbara,083,443738,44097,43775,1604,45379,525
2021-10-25,Santa Clara,085,1922200,146128,144895,1309,146204,1901
2021-10-25,Santa Cruz,087,273765,20244,20053,1006,21059,221
2021-10-25,Shasta,089,179085,21053,20666,3538,24204,326
2021-10-25,Sierra,091,2930,181,168,20,188,0
2021-10-25,Siskiyou,093,43540,3317,3248,1275,4523,46
2021-10-25,Solano,095,438530,45701,45022,1249,46271,344
2021-10-25,Sonoma,097,501317,41099,40746,519,41265,393
2021-10-25,Stanislaus,099,539301,77462,77452,8729,86181,1145
2021-10-25,Sutter,101,95872,13809,13721,337,14058,176
2021-10-25,Tehama,103,63373,8375,8224,1469,9693,111
2021-10-25,Trinity,105,12862,841,699,214,913,11
2021-10-25,Tulare,107,460477,67669,66357,14718,81075,986
2021-10-25,Tuolumne,109,53932,7074,6952,89,7041,90
2021-10-25,Ventura,111,848112,97679,96932,4293,101225,1167
2021-10-25,Yolo,113,214977,19657,19457,1103,20560,248
2021-10-25,Yuba,115,75493,10023,9924,304,10228,82
2021-10-24,Alameda,001,1643700,118868,117816,2779,120595,1397
2021-10-24,Alpine,003,1148,101,105,0,105,0
2021-10-24,Amador,005,37829,5508,5412,59,5471,64
2021-10-24,Butte,007,227075,20602,20101,3683,23784,273
2021-10-24,Calaveras,009,45235,3975,3865,51,3916,81
2021-10-24,Colusa,011,21464,2503,2458,630,3088,18
2021-10-24,Contra Costa,013,1133247,98803,97855,2167,100022,1008
2021-10-24,Del Norte,015,27424,3649,3540,53,3593,42
2021-10-24,El Dorado,017,186661,15865,15540,1656,17196,149
2021-10-24,Fresno,019,978130,137668,134466,12529,146995,2094
2021-10-24,Glenn,021,27897,3465,3399,975,4374,33
2021-10-24,Humboldt,023,135768,8902,8753,530,9283,105
2021-10-24,Imperial,025,180216,33254,32777,3414,36191,766
2021-10-24,Inyo,027,18085,2243,2108,41,2149,41
2021-10-24,Kern,029,883053,125609,122939,21394,144333,1636
2021-10-24,Kings,031,150075,31763,30942,1892,32834,325
2021-10-24,Lake,033,64148,6642,6501,143,6644,105
2021-10-24,Lassen,035,31185,6777,6632,354,6986,27
2021-10-24,Los Angeles,037,10098052,1429674,1415919,54479,1470398,26527
2021-10-24,Madera,039,155013,22673,22062,2038,24100,281
2021-10-24,Marin,041,260295,17451,17264,447,17711,244
2021-10-24,Mariposa,043,17540,1246,1184,45,1229,5
2021-10-24,Mendocino,045,87422,7398,7220,484,7704,82
2021-10-24,Merced,047,269075,41365,40808,1837,42645,581
2021-10-24,Modoc,049,8938,523,507,185,692,5
2021-10-24,Mono,051,14174,1691,1655,22,1677,3
2021-10-24,Monterey,053,433212,48530,47456,2849,50305,586
2021-10-24,Napa,055,140530,12890,12789,109,12898,100
2021-10-24,Nevada,057,99092,9046,8861,314,9175,90
2021-10-24,Orange,059,3164182,305404,302237,14868,317105,5546
2021-10-24,Placer,061,380077,36591,35822,3586,39408,426
2021-10-24,Plumas,063,18699,1718,1623,33,1656,7
2021-10-24,Riverside,065,2383286,360531,354688,16371,371059,5041
2021-10-24,Sacramento,067,1510023,157136,155125,4478,159603,2232
2021-10-24,San Benito,069,59416,7336,7280,168,7448,71
2021-10-24,San Bernardino,071,2135413,351248,347681,11062,358743,5688
2021-10-24,San Diego,073,3302833,370453,366085,21631,387716,4183
2021-10-24,San Francisco,075,870044,52528,51820,2301,54121,649
2021-10-24,San Joaquin,077,732212,98747,97440,5383,102823,1721
2021-10-24,San Luis Obispo,079,281455,29298,28755,1213,29968,333
2021-10-24,San Mateo,081,765935,53842,52719,854,53573,571
2021-10-24,Santa Barbara,083,443738,44031,43552,1602,45154,523
2021-10-24,Santa Clara,085,1922200,145937,144276,1299,145575,1897
2021-10-24,Santa Cruz,087,273765,20206,19967,1005,20972,221
2021-10-24,Shasta,089,179085,20953,20386,3532,23918,321
2021-10-24,Sierra,091,2930,181,168,20,188,0
2021-10-24,Siskiyou,093,43540,3310,3231,1271,4502,46
2021-10-24,Solano,095,438530,45651,44861,1244,46105,341
2021-10-24,Sonoma,097,501317,41016,40476,519,40995,393
2021-10-24,Stanislaus,099,539301,77269,76812,8717,85529,1145
2021-10-24,Sutter,101,95872,13782,13616,329,13945,175
2021-10-24,Tehama,103,63373,8327,8105,1457,9562,110
2021-10-24,Trinity,105,12862,837,696,211,907,11
2021-10-24,Tulare,107,460477,67497,65585,14644,80229,978
2021-10-24,Tuolumne,109,53932,7034,6840,87,6927,90
2021-10-24,Ventura,111,848112,97572,96664,4292,100956,1167
2021-10-24,Yolo,113,214977,19610,19280,1100,20380,248
2021-10-24,Yuba,115,75493,9998,9838,303,10141,82
2021-10-23,Alameda,001,1643700,118780,117816,2774,120590,1397
2021-10-23,Alpine,003,1148,101,105,0,105,0
2021-10-23,Amador,005,37829,5501,5412,59,5471,64
2021-10-23,Butte,007,227075,20568,20101,3674,23775,273
2021-10-23,Calaveras,009,45235,3968,3865,50,3915,81
2021-10-23,Colusa,011,21464,2501,2458,629,3087,18
2021-10-23,Contra Costa,013,1133247,98751,97855,2163,100018,1008
2021-10-23,Del Norte,015,27424,3647,3540,53,3593,42
2021-10-23,El Dorado,017,186661,15839,15540,1654,17194,149
2021-10-23,Fresno,019,978130,137490,134466,12516,146982,2094
2021-10-23,Glenn,021,27897,3463,3399,974,4373,33
2021-10-23,Humboldt,023,135768,8887,8753,525,9278,105
2021-10-23,Imperial,025,180216,33207,32777,3410,36187,766
2021-10-23,Inyo,027,18085,2232,2108,41,2149,41
2021-10-23,Kern,029,883053,125449,122939,21306,144245,1636
2021-10-23,Kings,031,150075,31717,30942,1890,32832,325
2021-10-23,Lake,033,64148,6637,6501,143,6644,105
2021-10-23,Lassen,035,31185,6774,6632,352,6984,27
2021-10-23,Los Angeles,037,10098052,1428998,1415919,54424,1470343,26527
2021-10-23,Madera,039,155013,22624,22062,2029,24091,281
2021-10-23,Marin,041,260295,17434,17264,446,17710,244
2021-10-23,Mariposa,043,17540,1243,1184,44,1228,5
2021-10-23,Mendocino,045,87422,7391,7220,483,7703,82
2021-10-23,Merced,047,269075,41324,40808,1832,42640,581
2021-10-23,Modoc,049,8938,521,507,185,692,5
2021-10-23,Mono,051,14174,1685,1655,22,1677,3
2021-10-23,Monterey,053,433212,48512,47456,2845,50301,586
2021-10-23,Napa,055,140530,12885,12789,109,12898,100
2021-10-23,Nevada,057,99092,9035,8861,312,9173,90
2021-10-23,Orange,059,3164182,305217,302237,14852,317089,5546
2021-10-23,Placer,061,380077,36529,35822,3580,39402,426
2021-10-23,Plumas,063,18699,1717,1623,33,1656,7
2021-10-23,Riverside,065,2383286,360210,354688,16364,371052,5041
2021-10-23,Sacramento,067,1510023,157007,155125,4469,159594,2232
2021-10-23,San Benito,069,59416,7326,7280,168,7448,71
2021-10-23,San Bernardino,071,2135413,350980,347681,11055,358736,5688
2021-10-23,San Diego,073,3302833,370095,366085,21600,387685,4183
2021-10-23,San Francisco,075,870044,52493,51820,2300,54120,649
2021-10-23,San Joaquin,077,732212,98679,97440,5374,102814,1721
2021-10-23,San Luis Obispo,079,281455,29261,28755,1211,29966,333
2021-10-23,San Mateo,081,765935,53804,52719,853,53572,571
2021-10-23,Santa Barbara,083,443738,44000,43552,1600,45152,523
2021-10-23,Santa Clara,085,1922200,145829,144276,1295,145571,1897
2021-10-23,Santa Cruz,087,273765,20194,19967,1005,20972,221
2021-10-23,Shasta,089,179085,20917,20386,3520,23906,321
2021-10-23,Sierra,091,2930,180,168,20,188,0
2021-10-23,Siskiyou,093,43540,3308,3231,1271,4502,46
2021-10-23,Solano,095,438530,45626,44861,1241,46102,341
2021-10-23,Sonoma,097,501317,40976,40476,519,40995,393
2021-10-23,Stanislaus,099,539301,77180,76812,8698,85510,1145
2021-10-23,Sutter,101,95872,13777,13616,328,13944,175
2021-10-23,Tehama,103,63373,8315,8105,1456,9561,110
2021-10-23,Trinity,105,12862,836,696,211,907,11
2021-10-23,Tulare,107,460477,67409,65585,14584,80169,978
2021-10-23,Tuolumne,109,53932,7013,6840,87,6927,90
2021-10-23,Ventura,111,848112,97511,96664,4292,100956,1167
2021-10-23,Yolo,113,214977,19593,19280,1097,20377,248
2021-10-23,Yuba,115,75493,9990,9838,303,10141,82
2021-10-22,Alameda,001,1643700,118694,117816,2771,120587,1397
2021-10-22,Alpine,003,1148,101,105,0,105,0
2021-10-22,Amador,005,37829,5490,5412,59,5471,64
2021-10-22,Butte,007,227075,20536,20101,3670,23771,273
2021-10-22,Calaveras,009,45235,3960,3865,50,3915,81
2021-10-22,Colusa,011,21464,2498,2458,629,3087,18
2021-10-22,Contra Costa,013,1133247,98660,97855,2161,100016,1008
2021-10-22,Del Norte,015,27424,3643,3540,53,3593,42
2021-10-22,El Dorado,017,186661,15826,15540,1652,17192,149
2021-10-22,Fresno,019,978130,137276,134466,12499,146965,2094
2021-10-22,Glenn,021,27897,3453,3399,974,4373,33
2021-10-22,Humboldt,023,135768,8874,8753,524,9277,105
2021-10-22,Imperial,025,180216,33164,32777,3410,36187,766
2021-10-22,Inyo,027,18085,2219,2108,41,2149,41
2021-10-22,Kern,029,883053,125262,122939,21233,144172,1636
2021-10-22,Kings,031,150075,31682,30942,1889,32831,325
2021-10-22,Lake,033,64148,6627,6501,143,6644,105
2021-10-22,Lassen,035,31185,6767,6632,349,6981,27
2021-10-22,Los Angeles,037,10098052,1428244,1415919,54364,1470283,26527
2021-10-22,Madera,039,155013,22575,22062,2016,24078,281
2021-10-22,Marin,041,260295,17422,17264,446,17710,244
2021-10-22,Mariposa,043,17540,1240,1184,44,1228,5
2021-10-22,Mendocino,045,87422,7377,7220,482,7702,82
2021-10-22,Merced,047,269075,41287,40808,1825,42633,581
2021-10-22,Modoc,049,8938,521,507,185,692,5
2021-10-22,Mono,051,14174,1683,1655,22,1677,3
2021-10-22,Monterey,053,433212,48479,47456,2843,50299,586
2021-10-22,Napa,055,140530,12879,12789,109,12898,100
2021-10-22,Nevada,057,99092,9018,8861,311,9172,90
2021-10-22,Orange,059,3164182,305001,302237,14821,317058,5546
2021-10-22,Placer,061,380077,36501,35822,3571,39393,426
2021-10-22,Plumas,063,18699,1711,1623,33,1656,7
2021-10-22,Riverside,065,2383286,359899,354688,16359,371047,5041
2021-10-22,Sacramento,067,1510023,156821,155125,4459,159584,2232
2021-10-22,San Benito,069,59416,7321,7280,168,7448,71
2021-10-22,San Bernardino,071,2135413,350651,347681,11041,358722,5688
2021-10-22,San Diego,073,3302833,369682,366085,21582,387667,4183
2021-10-22,San Francisco,075,870044,52458,51820,2293,54113,649
2021-10-22,San Joaquin,077,732212,98620,97440,5371,102811,1721
2021-10-22,San Luis Obispo,079,281455,29231,28755,1211,29966,333
2021-10-22,San Mateo,081,765935,53755,52719,846,53565,571
2021-10-22,Santa Barbara,083,443738,43959,43552,1600,45152,523
2021-10-22,Santa Clara,085,1922200,145673,144276,1288,145564,1897
2021-10-22,Santa Cruz,087,273765,20172,19967,1005,20972,221
2021-10-22,Shasta,089,179085,20885,20386,3517,23903,321
2021-10-22,Sierra,091,2930,179,168,19,187,0
2021-10-22,Siskiyou,093,43540,3306,3231,1268,4499,46
2021-10-22,Solano,095,438530,45591,44861,1237,46098,341
2021-10-22,Sonoma,097,501317,40919,40476,519,40995,393
2021-10-22,Stanislaus,099,539301,77077,76812,8679,85491,1145
2021-10-22,Sutter,101,95872,13762,13616,328,13944,175
2021-10-22,Tehama,103,63373,8293,8105,1451,9556,110
2021-10-22,Trinity,105,12862,835,696,211,907,11
2021-10-22,Tulare,107,460477,67323,65585,14530,80115,978
2021-10-22,Tuolumne,109,53932,6978,6840,87,6927,90
2021-10-22,Ventura,111,848112,97458,96664,4286,100950,1167
2021-10-22,Yolo,113,214977,19566,19280,1095,20375,248
2021-10-22,Yuba,115,75493,9976,9838,301,10139,82
2021-10-21,Alameda,001,1643700,118578,117816,2766,120582,1397
2021-10-21,Alpine,003,1148,101,105,0,105,0
2021-10-21,Amador,005,37829,5482,5412,59,5471,64
2021-10-21,Butte,007,227075,20453,20101,3657,23758,273
2021-10-21,Calaveras,009,45235,3941,3865,50,3915,81
2021-10-21,Colusa,011,21464,2494,2458,622,3080,18
2021-10-21,Contra Costa,013,1133247,98545,97855,2155,100010,1008
2021-10-21,Del Norte,015,27424,3637,3540,52,3592,42
2021-10-21,El Dorado,017,186661,15798,15540,1645,17185,149
2021-10-21,Fresno,019,978130,136927,134466,12453,146919,2094
2021-10-21,Glenn,021,27897,3449,3399,971,4370,33
2021-10-21,Humboldt,023,135768,8860,8753,520,9273,105
2021-10-21,Imperial,025,180216,33109,32777,3406,36183,766
2021-10-21,Inyo,027,18085,2197,2108,41,2149,41
2021-10-21,Kern,029,883053,125015,122939,21122,144061,1636
2021-10-21,Kings,031,150075,31584,30942,1883,32825,325
2021-10-21,Lake,033,64148,6614,6501,142,6643,105
2021-10-21,Lassen,035,31185,6754,6632,345,6977,27
2021-10-21,Los Angeles,037,10098052,1427128,1415919,54313,1470232,26527
2021-10-21,Madera,039,155013,22517,22062,2005,24067,281
2021-10-21,Marin,041,260295,17404,17264,446,17710,244
2021-10-21,Mariposa,043,17540,1234,1184,43,1227,5
2021-10-21,Mendocino,045,87422,7359,7220,474,7694,82
2021-10-21,Merced,047,269075,41189,40808,1814,42622,581
2021-10-21,Modoc,049,8938,521,507,185,692,5
2021-10-21,Mono,051,14174,1674,1655,22,1677,3
2021-10-21,Monterey,053,433212,48445,47456,2831,50287,586
2021-10-21,Napa,055,140530,12867,12789,109,12898,100
2021-10-21,Nevada,057,99092,8993,8861,311,9172,90
2021-10-21,Orange,059,3164182,304728,302237,14785,317022,5546
2021-10-21,Placer,061,380077,36412,35822,3558,39380,426
2021-10-21,Plumas,063,18699,1697,1623,33,1656,7
2021-10-21,Riverside,065,2383286,359454,354688,16348,371036,5041
2021-10-21,Sacramento,067,1510023,156502,155125,4434,159559,2232
2021-10-21,San Benito,069,59416,7314,7280,166,7446,71
2021-10-21,San Bernardino,071,2135413,350272,347681,11006,358687,5688
2021-10-21,San Diego,073,3302833,369157,366085,21552,387637,4183
2021-10-21,San Francisco,075,870044,52402,51820,2292,54112,649
2021-10-21,San Joaquin,077,732212,98481,97440,5364,102804,1721
2021-10-21,San Luis Obispo,079,281455,29189,28755,1209,29964,333
2021-10-21,San Mateo,081,765935,53709,52719,845,53564,571
2021-10-21,Santa Barbara,083,443738,43893,43552,1598,45150,523
2021-10-21,Santa Clara,085,1922200,145500,144276,1284,145560,1897
2021-10-21,Santa Cruz,087,273765,20148,19967,1003,20970,221
2021-10-21,Shasta,089,179085,20823,20386,3502,23888,321
2021-10-21,Sierra,091,2930,178,168,18,186,0
2021-10-21,Siskiyou,093,43540,3301,3231,1266,4497,46
2021-10-21,Solano,095,438530,45539,44861,1235,46096,341
2021-10-21,Sonoma,097,501317,40850,40476,517,40993,393
2021-10-21,Stanislaus,099,539301,76908,76812,8668,85480,1145
2021-10-21,Sutter,101,95872,13734,13616,324,13940,175
2021-10-21,Tehama,103,63373,8266,8105,1444,9549,110
2021-10-21,Trinity,105,12862,833,696,211,907,11
2021-10-21,Tulare,107,460477,67133,65585,14459,80044,978
2021-10-21,Tuolumne,109,53932,6940,6840,86,6926,90
2021-10-21,Ventura,111,848112,97367,96664,4284,100948,1167
2021-10-21,Yolo,113,214977,19519,19280,1093,20373,248
2021-10-21,Yuba,115,75493,9952,9838,300,10138,82
2021-10-20,Alameda,001,1643700,118456,117654,2765,120419,1390
2021-10-20,Alpine,003,1148,101,103,0,103,0
2021-10-20,Amador,005,37829,5474,5379,59,5438,64
2021-10-20,Butte,007,227075,20399,20021,3642,23663,270
2021-10-20,Calaveras,009,45235,3921,3844,49,3893,81
2021-10-20,Colusa,011,21464,2490,2454,620,3074,18
2021-10-20,Contra Costa,013,1133247,98429,97721,2151,99872,1008
2021-10-20,Del Norte,015,27424,3633,3536,52,3588,42
2021-10-20,El Dorado,017,186661,15768,15502,1642,17144,149
2021-10-20,Fresno,019,978130,136528,134025,12417,146442,2084
2021-10-20,Glenn,021,27897,3441,3382,970,4352,33
2021-10-20,Humboldt,023,135768,8838,8727,518,9245,105
2021-10-20,Imperial,025,180216,33035,32705,3398,36103,766
2021-10-20,Inyo,027,18085,2177,2077,40,2117,40
2021-10-20,Kern,029,883053,124721,122630,21001,143631,1623
2021-10-20,Kings,031,150075,31507,30805,1873,32678,322
2021-10-20,Lake,033,64148,6592,6475,141,6616,104
2021-10-20,Lassen,035,31185,6739,6622,345,6967,27
2021-10-20,Los Angeles,037,10098052,1426011,1414931,54237,1469168,26506
2021-10-20,Madera,039,155013,22447,21983,1996,23979,281
2021-10-20,Marin,041,260295,17383,17250,444,17694,244
2021-10-20,Mariposa,043,17540,1227,1174,43,1217,5
2021-10-20,Mendocino,045,87422,7331,7189,471,7660,82
2021-10-20,Merced,047,269075,41108,40685,1797,42482,581
2021-10-20,Modoc,049,8938,521,504,185,689,5
2021-10-20,Mono,051,14174,1674,1653,22,1675,3
2021-10-20,Monterey,053,433212,48414,47430,2822,50252,587
2021-10-20,Napa,055,140530,12853,12773,108,12881,100
2021-10-20,Nevada,057,99092,8965,8836,311,9147,90
2021-10-20,Orange,059,3164182,304443,301957,14763,316720,5534
2021-10-20,Placer,061,380077,36322,35729,3549,39278,425
2021-10-20,Plumas,063,18699,1690,1604,33,1637,7
2021-10-20,Riverside,065,2383286,359009,354311,16331,370642,5030
2021-10-20,Sacramento,067,1510023,156201,154822,4410,159232,2222
2021-10-20,San Benito,069,59416,7311,7275,164,7439,71
2021-10-20,San Bernardino,071,2135413,349870,347217,10974,358191,5663
2021-10-20,San Diego,073,3302833,368641,365698,21533,387231,4178
2021-10-20,San Francisco,075,870044,52352,51755,2291,54046,646
2021-10-20,San Joaquin,077,732212,98335,97246,5356,102602,1721
2021-10-20,San Luis Obispo,079,281455,29144,28727,1205,29932,332
2021-10-20,San Mateo,081,765935,53638,52663,837,53500,571
2021-10-20,Santa Barbara,083,443738,43830,43489,1597,45086,523
2021-10-20,Santa Clara,085,1922200,145364,144124,1279,145403,1896
2021-10-20,Santa Cruz,087,273765,20135,19951,1003,20954,219
2021-10-20,Shasta,089,179085,20762,20313,3475,23788,320
2021-10-20,Sierra,091,2930,178,168,18,186,0
2021-10-20,Siskiyou,093,43540,3301,3224,1260,4484,46
2021-10-20,Solano,095,438530,45507,44819,1233,46052,341
2021-10-20,Sonoma,097,501317,40803,40404,517,40921,393
2021-10-20,Stanislaus,099,539301,76758,76631,8649,85280,1145
2021-10-20,Sutter,101,95872,13710,13592,318,13910,175
2021-10-20,Tehama,103,63373,8235,8081,1433,9514,110
2021-10-20,Trinity,105,12862,833,693,210,903,11
2021-10-20,Tulare,107,460477,66959,65413,14413,79826,967
2021-10-20,Tuolumne,109,53932,6917,6803,86,6889,89
2021-10-20,Ventura,111,848112,97285,96610,4280,100890,1166
2021-10-20,Yolo,113,214977,19475,19236,1090,20326,248
2021-10-20,Yuba,115,75493,9935,9808,297,10105,82
2021-10-19,Alameda,001,1643700,118334,117542,2759,120301,1383
2021-10-19,Alpine,003,1148,101,103,0,103,0
2021-10-19,Amador,005,37829,5458,5367,59,5426,64
2021-10-19,Butte,007,227075,20346,19974,3634,23608,268
2021-10-19,Calaveras,009,45235,3904,3826,48,3874,80
2021-10-19,Colusa,011,21464,2487,2447,618,3065,18
2021-10-19,Contra Costa,013,1133247,98338,97613,2146,99759,1004
2021-10-19,Del Norte,015,27424,3626,3531,52,3583,42
2021-10-19,El Dorado,017,186661,15743,15478,1637,17115,149
2021-10-19,Fresno,019,978130,136167,133813,12364,146177,2073
2021-10-19,Glenn,021,27897,3438,3380,968,4348,33
2021-10-19,Humboldt,023,135768,8814,8714,512,9226,105
2021-10-19,Imperial,025,180216,32968,32632,3393,36025,764
2021-10-19,Inyo,027,18085,2146,2045,40,2085,40
2021-10-19,Kern,029,883053,124403,122391,20877,143268,1613
2021-10-19,Kings,031,150075,31413,30757,1866,32623,322
2021-10-19,Lake,033,64148,6588,6465,141,6606,104
2021-10-19,Lassen,035,31185,6733,6612,341,6953,27
2021-10-19,Los Angeles,037,10098052,1424765,1413882,54160,1468042,26473
2021-10-19,Madera,039,155013,22384,21950,1988,23938,281
2021-10-19,Marin,041,260295,17369,17241,441,17682,244
2021-10-19,Mariposa,043,17540,1221,1171,41,1212,5
2021-10-19,Mendocino,045,87422,7316,7172,468,7640,82
2021-10-19,Merced,047,269075,40993,40628,1776,42404,580
2021-10-19,Modoc,049,8938,519,502,185,687,5
2021-10-19,Mono,051,14174,1670,1651,22,1673,3
2021-10-19,Monterey,053,433212,48375,47412,2811,50223,583
2021-10-19,Napa,055,140530,12846,12769,108,12877,100
2021-10-19,Nevada,057,99092,8944,8829,310,9139,90
2021-10-19,Orange,059,3164182,304186,301700,14730,316430,5527
2021-10-19,Placer,061,380077,36201,35663,3534,39197,422
2021-10-19,Plumas,063,18699,1672,1586,33,1619,8
2021-10-19,Riverside,065,2383286,358587,353891,16323,370214,5020
2021-10-19,Sacramento,067,1510023,155895,154570,4384,158954,2227
2021-10-19,San Benito,069,59416,7295,7264,164,7428,71
2021-10-19,San Bernardino,071,2135413,349470,346814,10944,357758,5627
2021-10-19,San Diego,073,3302833,368047,365285,21502,386787,4170
2021-10-19,San Francisco,075,870044,52289,51704,2289,53993,645
2021-10-19,San Joaquin,077,732212,98168,97105,5345,102450,1721
2021-10-19,San Luis Obispo,079,281455,29096,28670,1202,29872,332
2021-10-19,San Mateo,081,765935,53580,52617,835,53452,571
2021-10-19,Santa Barbara,083,443738,43763,43413,1595,45008,522
2021-10-19,Santa Clara,085,1922200,145191,143989,1271,145260,1898
2021-10-19,Santa Cruz,087,273765,20111,19895,1001,20896,218
2021-10-19,Shasta,089,179085,20685,20209,3467,23676,319
2021-10-19,Sierra,091,2930,175,168,18,186,0
2021-10-19,Siskiyou,093,43540,3297,3216,1255,4471,46
2021-10-19,Solano,095,438530,45465,44782,1227,46009,341
2021-10-19,Sonoma,097,501317,40729,40379,516,40895,392
2021-10-19,Stanislaus,099,539301,76616,76526,8637,85163,1145
2021-10-19,Sutter,101,95872,13686,13569,317,13886,174
2021-10-19,Tehama,103,63373,8205,8057,1417,9474,108
2021-10-19,Trinity,105,12862,826,691,210,901,11
2021-10-19,Tulare,107,460477,66772,65253,14344,79597,958
2021-10-19,Tuolumne,109,53932,6888,6782,85,6867,89
2021-10-19,Ventura,111,848112,97209,96539,4275,100814,1166
2021-10-19,Yolo,113,214977,19430,19206,1085,20291,248
2021-10-19,Yuba,115,75493,9917,9796,296,10092,82
2021-10-18,Alameda,001,1643700,118197,117506,2750,120256,1381
2021-10-18,Alpine,003,1148,101,103,0,103,0
2021-10-18,Amador,005,37829,5447,5345,59,5404,64
2021-10-18,Butte,007,227075,20296,19921,3626,23547,265
2021-10-18,Calaveras,009,45235,3879,3819,47,3866,80
2021-10-18,Colusa,011,21464,2486,2444,616,3060,18
2021-10-18,Contra Costa,013,1133247,98226,97585,2141,99726,995
2021-10-18,Del Norte,015,27424,3619,3529,52,3581,41
2021-10-18,El Dorado,017,186661,15712,15452,1634,17086,149
2021-10-18,Fresno,019,978130,135766,133688,12322,146010,2063
2021-10-18,Glenn,021,27897,3434,3370,964,4334,32
2021-10-18,Humboldt,023,135768,8795,8699,504,9203,104
2021-10-18,Imperial,025,180216,32877,32558,3392,35950,764
2021-10-18,Inyo,027,18085,2128,2020,40,2060,40
2021-10-18,Kern,029,883053,124104,122231,20781,143012,1605
2021-10-18,Kings,031,150075,31298,30698,1853,32551,320
2021-10-18,Lake,033,64148,6569,6455,137,6592,104
2021-10-18,Lassen,035,31185,6713,6607,338,6945,26
2021-10-18,Los Angeles,037,10098052,1423521,1413291,54082,1467373,26446
2021-10-18,Madera,039,155013,22330,21909,1975,23884,277
2021-10-18,Marin,041,260295,17349,17232,438,17670,244
2021-10-18,Mariposa,043,17540,1213,1160,41,1201,5
2021-10-18,Mendocino,045,87422,7297,7156,460,7616,82
2021-10-18,Merced,047,269075,40870,40573,1765,42338,579
2021-10-18,Modoc,049,8938,519,498,185,683,5
2021-10-18,Mono,051,14174,1664,1648,21,1669,3
2021-10-18,Monterey,053,433212,48353,47389,2806,50195,583
2021-10-18,Napa,055,140530,12831,12762,108,12870,100
2021-10-18,Nevada,057,99092,8925,8816,310,9126,90
2021-10-18,Orange,059,3164182,303847,301573,14696,316269,5524
2021-10-18,Placer,061,380077,36124,35598,3530,39128,420
2021-10-18,Plumas,063,18699,1664,1579,33,1612,6
2021-10-18,Riverside,065,2383286,358172,353699,16309,370008,5008
2021-10-18,Sacramento,067,1510023,155590,154428,4351,158779,2203
2021-10-18,San Benito,069,59416,7283,7253,164,7417,71
2021-10-18,San Bernardino,071,2135413,349048,346742,10930,357672,5606
2021-10-18,San Diego,073,3302833,367481,364948,21464,386412,4169
2021-10-18,San Francisco,075,870044,52226,51671,2283,53954,644
2021-10-18,San Joaquin,077,732212,98003,97041,5335,102376,1721
2021-10-18,San Luis Obispo,079,281455,29057,28644,1199,29843,331
2021-10-18,San Mateo,081,765935,53515,52594,834,53428,571
2021-10-18,Santa Barbara,083,443738,43704,43386,1593,44979,522
2021-10-18,Santa Clara,085,1922200,145036,143891,1262,145153,1895
2021-10-18,Santa Cruz,087,273765,20097,19876,999,20875,218
2021-10-18,Shasta,089,179085,20604,20146,3456,23602,313
2021-10-18,Sierra,091,2930,175,166,18,184,0
2021-10-18,Siskiyou,093,43540,3294,3210,1247,4457,42
2021-10-18,Solano,095,438530,45421,44758,1224,45982,339
2021-10-18,Sonoma,097,501317,40665,40349,513,40862,392
2021-10-18,Stanislaus,099,539301,76452,76466,8625,85091,1145
2021-10-18,Sutter,101,95872,13652,13557,315,13872,172
2021-10-18,Tehama,103,63373,8170,8042,1405,9447,107
2021-10-18,Trinity,105,12862,825,688,210,898,11
2021-10-18,Tulare,107,460477,66596,65171,14278,79449,958
2021-10-18,Tuolumne,109,53932,6859,6755,85,6840,89
2021-10-18,Ventura,111,848112,97114,96506,4272,100778,1165
2021-10-18,Yolo,113,214977,19392,19197,1082,20279,248
2021-10-18,Yuba,115,75493,9890,9782,294,10076,82
2021-10-17,Alameda,001,1643700,118046,117423,2745,120168,1376
2021-10-17,Alpine,003,1148,101,103,0,103,0
2021-10-17,Amador,005,37829,5424,5341,58,5399,64
2021-10-17,Butte,007,227075,20211,19897,3617,23514,265
2021-10-17,Calaveras,009,45235,3863,3805,47,3852,80
2021-10-17,Colusa,011,21464,2481,2442,609,3051,18
2021-10-17,Contra Costa,013,1133247,98102,97485,2130,99615,995
2021-10-17,Del Norte,015,27424,3614,3526,52,3578,41
2021-10-17,El Dorado,017,186661,15654,15438,1627,17065,149
2021-10-17,Fresno,019,978130,135296,133429,12283,145712,2063
2021-10-17,Glenn,021,27897,3424,3364,959,4323,32
2021-10-17,Humboldt,023,135768,8775,8690,501,9191,104
2021-10-17,Imperial,025,180216,32795,32520,3385,35905,764
2021-10-17,Inyo,027,18085,2100,2000,40,2040,40
2021-10-17,Kern,029,883053,123755,122085,20681,142766,1603
2021-10-17,Kings,031,150075,31185,30636,1844,32480,315
2021-10-17,Lake,033,64148,6553,6437,136,6573,104
2021-10-17,Lassen,035,31185,6701,6605,334,6939,26
2021-10-17,Los Angeles,037,10098052,1422184,1412371,54006,1466377,26443
2021-10-17,Madera,039,155013,22268,21869,1964,23833,277
2021-10-17,Marin,041,260295,17327,17211,438,17649,243
2021-10-17,Mariposa,043,17540,1206,1150,41,1191,5
2021-10-17,Mendocino,045,87422,7268,7148,454,7602,82
2021-10-17,Merced,047,269075,40744,40531,1749,42280,579
2021-10-17,Modoc,049,8938,516,498,183,681,5
2021-10-17,Mono,051,14174,1662,1640,20,1660,3
2021-10-17,Monterey,053,433212,48311,47369,2796,50165,583
2021-10-17,Napa,055,140530,12816,12753,105,12858,100
2021-10-17,Nevada,057,99092,8908,8794,309,9103,90
2021-10-17,Orange,059,3164182,303532,301414,14663,316077,5524
2021-10-17,Placer,061,380077,36025,35559,3515,39074,420
2021-10-17,Plumas,063,18699,1640,1571,32,1603,6
2021-10-17,Riverside,065,2383286,357688,353500,16295,369795,5008
2021-10-17,Sacramento,067,1510023,155189,154080,4333,158413,2213
2021-10-17,San Benito,069,59416,7274,7250,163,7413,71
2021-10-17,San Bernardino,071,2135413,348619,346524,10910,357434,5597
2021-10-17,San Diego,073,3302833,366873,364675,21436,386111,4163
2021-10-17,San Francisco,075,870044,52153,51625,2273,53898,644
2021-10-17,San Joaquin,077,732212,97830,96950,5326,102276,1721
2021-10-17,San Luis Obispo,079,281455,29005,28604,1191,29795,331
2021-10-17,San Mateo,081,765935,53464,52541,830,53371,571
2021-10-17,Santa Barbara,083,443738,43641,43344,1592,44936,522
2021-10-17,Santa Clara,085,1922200,144860,143768,1253,145021,1895
2021-10-17,Santa Cruz,087,273765,20069,19861,997,20858,218
2021-10-17,Shasta,089,179085,20514,20116,3446,23562,312
2021-10-17,Sierra,091,2930,173,165,18,183,0
2021-10-17,Siskiyou,093,43540,3286,3204,1244,4448,42
2021-10-17,Solano,095,438530,45364,44722,1223,45945,340
2021-10-17,Sonoma,097,501317,40589,40306,512,40818,392
2021-10-17,Stanislaus,099,539301,76254,76354,8612,84966,1145
2021-10-17,Sutter,101,95872,13635,13543,313,13856,172
2021-10-17,Tehama,103,63373,8138,8015,1388,9403,107
2021-10-17,Trinity,105,12862,822,686,209,895,11
2021-10-17,Tulare,107,460477,66411,65057,14204,79261,958
2021-10-17,Tuolumne,109,53932,6825,6735,84,6819,89
2021-10-17,Ventura,111,848112,97014,96458,4269,100727,1165
2021-10-17,Yolo,113,214977,19350,19171,1073,20244,248
2021-10-17,Yuba,115,75493,9864,9771,292,10063,82
2021-10-16,Alameda,001,1643700,117955,117027,2744,119771,1365
2021-10-16,Alpine,003,1148,100,102,0,102,0
2021-10-16,Amador,005,37829,5417,5310,58,5368,64
2021-10-16,Butte,007,227075,20180,19612,3610,23222,260
2021-10-16,Calaveras,009,45235,3856,3771,47,3818,80
2021-10-16,Colusa,011,21464,2477,2431,606,3037,18
2021-10-16,Contra Costa,013,1133247,98010,97107,2123,99230,982
2021-10-16,Del Norte,015,27424,3611,3516,52,3568,41
2021-10-16,El Dorado,017,186661,15633,15315,1625,16940,149
2021-10-16,Fresno,019,978130,135145,132433,12269,144702,2051
2021-10-16,Glenn,021,27897,3418,3331,959,4290,26
2021-10-16,Humboldt,023,135768,8763,8621,496,9117,104
2021-10-16,Imperial,025,180216,32780,32368,3383,35751,764
2021-10-16,Inyo,027,18085,2086,1932,40,1972,39
2021-10-16,Kern,029,883053,123600,121354,20598,141952,1590
2021-10-16,Kings,031,150075,31139,30418,1841,32259,314
2021-10-16,Lake,033,64148,6542,6378,136,6514,104
2021-10-16,Lassen,035,31185,6692,6559,329,6888,26
2021-10-16,Los Angeles,037,10098052,1421534,1409418,53951,1463369,26398
2021-10-16,Madera,039,155013,22224,21707,1960,23667,277
2021-10-16,Marin,041,260295,17318,17148,438,17586,243
2021-10-16,Mariposa,043,17540,1203,1096,41,1137,5
2021-10-16,Mendocino,045,87422,7257,7099,454,7553,82
2021-10-16,Merced,047,269075,40712,40265,1747,42012,577
2021-10-16,Modoc,049,8938,513,492,183,675,5
2021-10-16,Mono,051,14174,1658,1628,20,1648,3
2021-10-16,Monterey,053,433212,48294,47293,2788,50081,582
2021-10-16,Napa,055,140530,12805,12706,105,12811,100
2021-10-16,Nevada,057,99092,8888,8739,309,9048,90
2021-10-16,Orange,059,3164182,303356,300722,14638,315360,5509
2021-10-16,Placer,061,380077,35941,35343,3509,38852,412
2021-10-16,Plumas,063,18699,1635,1542,31,1573,6
2021-10-16,Riverside,065,2383286,357419,352435,16283,368718,4990
2021-10-16,Sacramento,067,1510023,154990,153264,4329,157593,2192
2021-10-16,San Benito,069,59416,7261,7210,162,7372,71
2021-10-16,San Bernardino,071,2135413,348414,345418,10902,356320,5566
2021-10-16,San Diego,073,3302833,366550,363109,21420,384529,4151
2021-10-16,San Francisco,075,870044,52105,51436,2269,53705,645
2021-10-16,San Joaquin,077,732212,97759,96507,5323,101830,1708
2021-10-16,San Luis Obispo,079,281455,28979,28460,1190,29650,329
2021-10-16,San Mateo,081,765935,53415,52399,829,53228,569
2021-10-16,Santa Barbara,083,443738,43605,43175,1591,44766,521
2021-10-16,Santa Clara,085,1922200,144760,143282,1245,144527,1890
2021-10-16,Santa Cruz,087,273765,20054,19794,996,20790,218
2021-10-16,Shasta,089,179085,20464,19932,3435,23367,309
2021-10-16,Sierra,091,2930,171,160,18,178,0
2021-10-16,Siskiyou,093,43540,3284,3173,1237,4410,42
2021-10-16,Solano,095,438530,45338,44585,1219,45804,334
2021-10-16,Sonoma,097,501317,40549,40195,512,40707,390
2021-10-16,Stanislaus,099,539301,76168,75868,8603,84471,1142
2021-10-16,Sutter,101,95872,13616,13471,312,13783,169
2021-10-16,Tehama,103,63373,8125,7907,1383,9290,104
2021-10-16,Trinity,105,12862,822,679,209,888,11
2021-10-16,Tulare,107,460477,66273,64489,14171,78660,951
2021-10-16,Tuolumne,109,53932,6793,6666,84,6750,89
2021-10-16,Ventura,111,848112,96982,96181,4264,100445,1164
2021-10-16,Yolo,113,214977,19323,19078,1067,20145,247
2021-10-16,Yuba,115,75493,9840,9705,289,9994,82
2021-10-15,Alameda,001,1643700,117882,117027,2740,119767,1365
2021-10-15,Alpine,003,1148,100,102,0,102,0
2021-10-15,Amador,005,37829,5393,5310,58,5368,64
2021-10-15,Butte,007,227075,20143,19612,3603,23215,260
2021-10-15,Calaveras,009,45235,3850,3771,47,3818,80
2021-10-15,Colusa,011,21464,2475,2431,603,3034,18
2021-10-15,Contra Costa,013,1133247,97928,97107,2119,99226,982
2021-10-15,Del Norte,015,27424,3609,3516,52,3568,41
2021-10-15,El Dorado,017,186661,15613,15315,1620,16935,149
2021-10-15,Fresno,019,978130,134890,132433,12259,144692,2051
2021-10-15,Glenn,021,27897,3412,3331,958,4289,26
2021-10-15,Humboldt,023,135768,8754,8621,494,9115,104
2021-10-15,Imperial,025,180216,32733,32368,3379,35747,764
2021-10-15,Inyo,027,18085,2068,1932,40,1972,39
2021-10-15,Kern,029,883053,123465,121354,20523,141877,1590
2021-10-15,Kings,031,150075,31084,30418,1837,32255,314
2021-10-15,Lake,033,64148,6533,6378,136,6514,104
2021-10-15,Lassen,035,31185,6680,6559,328,6887,26
2021-10-15,Los Angeles,037,10098052,1420843,1409418,53902,1463320,26398
2021-10-15,Madera,039,155013,22180,21707,1952,23659,277
2021-10-15,Marin,041,260295,17307,17148,438,17586,243
2021-10-15,Mariposa,043,17540,1195,1096,41,1137,5
2021-10-15,Mendocino,045,87422,7242,7099,454,7553,82
2021-10-15,Merced,047,269075,40682,40265,1744,42009,577
2021-10-15,Modoc,049,8938,512,492,183,675,5
2021-10-15,Mono,051,14174,1655,1628,20,1648,3
2021-10-15,Monterey,053,433212,48272,47293,2786,50079,582
2021-10-15,Napa,055,140530,12801,12706,105,12811,100
2021-10-15,Nevada,057,99092,8873,8739,309,9048,90
2021-10-15,Orange,059,3164182,303188,300722,14619,315341,5509
2021-10-15,Placer,061,380077,35887,35343,3503,38846,412
2021-10-15,Plumas,063,18699,1627,1542,31,1573,6
2021-10-15,Riverside,065,2383286,357177,352435,16278,368713,4990
2021-10-15,Sacramento,067,1510023,154805,153264,4319,157583,2192
2021-10-15,San Benito,069,59416,7258,7210,162,7372,71
2021-10-15,San Bernardino,071,2135413,348178,345418,10900,356318,5566
2021-10-15,San Diego,073,3302833,366186,363109,21395,384504,4151
2021-10-15,San Francisco,075,870044,52065,51436,2262,53698,645
2021-10-15,San Joaquin,077,732212,97681,96507,5316,101823,1708
2021-10-15,San Luis Obispo,079,281455,28958,28460,1188,29648,329
2021-10-15,San Mateo,081,765935,53371,52399,828,53227,569
2021-10-15,Santa Barbara,083,443738,43567,43175,1591,44766,521
2021-10-15,Santa Clara,085,1922200,144638,143282,1237,144519,1890
2021-10-15,Santa Cruz,087,273765,20043,19794,996,20790,218
2021-10-15,Shasta,089,179085,20407,19932,3427,23359,309
2021-10-15,Sierra,091,2930,171,160,18,178,0
2021-10-15,Siskiyou,093,43540,3283,3173,1234,4407,42
2021-10-15,Solano,095,438530,45312,44585,1219,45804,334
2021-10-15,Sonoma,097,501317,40515,40195,511,40706,390
2021-10-15,Stanislaus,099,539301,76088,75868,8587,84455,1142
2021-10-15,Sutter,101,95872,13599,13471,310,13781,169
2021-10-15,Tehama,103,63373,8104,7907,1377,9284,104
2021-10-15,Trinity,105,12862,822,679,209,888,11
2021-10-15,Tulare,107,460477,66193,64489,14134,78623,951
2021-10-15,Tuolumne,109,53932,6770,6666,82,6748,89
2021-10-15,Ventura,111,848112,96940,96181,4261,100442,1164
2021-10-15,Yolo,113,214977,19308,19078,1063,20141,247
2021-10-15,Yuba,115,75493,9830,9705,288,9993,82
2021-10-14,Alameda,001,1643700,117771,117027,2735,119762,1365
2021-10-14,Alpine,003,1148,100,102,0,102,0
2021-10-14,Amador,005,37829,5382,5310,58,5368,64
2021-10-14,Butte,007,227075,20091,19612,3598,23210,260
2021-10-14,Calaveras,009,45235,3837,3771,46,3817,80
2021-10-14,Colusa,011,21464,2473,2431,601,3032,18
2021-10-14,Contra Costa,013,1133247,97793,97107,2111,99218,982
2021-10-14,Del Norte,015,27424,3603,3516,52,3568,41
2021-10-14,El Dorado,017,186661,15574,15315,1617,16932,149
2021-10-14,Fresno,019,978130,134597,132433,12227,144660,2051
2021-10-14,Glenn,021,27897,3407,3331,957,4288,26
2021-10-14,Humboldt,023,135768,8737,8621,491,9112,104
2021-10-14,Imperial,025,180216,32670,32368,3372,35740,764
2021-10-14,Inyo,027,18085,2049,1932,40,1972,39
2021-10-14,Kern,029,883053,123195,121354,20423,141777,1590
2021-10-14,Kings,031,150075,31019,30418,1829,32247,314
2021-10-14,Lake,033,64148,6512,6378,135,6513,104
2021-10-14,Lassen,035,31185,6674,6559,327,6886,26
2021-10-14,Los Angeles,037,10098052,1419861,1409418,53851,1463269,26398
2021-10-14,Madera,039,155013,22115,21707,1946,23653,277
2021-10-14,Marin,041,260295,17302,17148,436,17584,243
2021-10-14,Mariposa,043,17540,1182,1096,40,1136,5
2021-10-14,Mendocino,045,87422,7228,7099,452,7551,82
2021-10-14,Merced,047,269075,40594,40265,1730,41995,577
2021-10-14,Modoc,049,8938,512,492,183,675,5
2021-10-14,Mono,051,14174,1648,1628,20,1648,3
2021-10-14,Monterey,053,433212,48245,47293,2781,50074,582
2021-10-14,Napa,055,140530,12786,12706,105,12811,100
2021-10-14,Nevada,057,99092,8846,8739,307,9046,90
2021-10-14,Orange,059,3164182,302979,300722,14602,315324,5509
2021-10-14,Placer,061,380077,35820,35343,3489,38832,412
2021-10-14,Plumas,063,18699,1612,1542,31,1573,6
2021-10-14,Riverside,065,2383286,356780,352435,16267,368702,4990
2021-10-14,Sacramento,067,1510023,154553,153264,4297,157561,2192
2021-10-14,San Benito,069,59416,7247,7210,162,7372,71
2021-10-14,San Bernardino,071,2135413,347820,345418,10894,356312,5566
2021-10-14,San Diego,073,3302833,365738,363109,21368,384477,4151
2021-10-14,San Francisco,075,870044,52009,51436,2258,53694,645
2021-10-14,San Joaquin,077,732212,97552,96507,5307,101814,1708
2021-10-14,San Luis Obispo,079,281455,28914,28460,1184,29644,329
2021-10-14,San Mateo,081,765935,53322,52399,827,53226,569
2021-10-14,Santa Barbara,083,443738,43511,43175,1586,44761,521
2021-10-14,Santa Clara,085,1922200,144497,143282,1231,144513,1890
2021-10-14,Santa Cruz,087,273765,20020,19794,996,20790,218
2021-10-14,Shasta,089,179085,20350,19932,3415,23347,309
2021-10-14,Sierra,091,2930,170,160,18,178,0
2021-10-14,Siskiyou,093,43540,3280,3173,1226,4399,42
2021-10-14,Solano,095,438530,45262,44585,1211,45796,334
2021-10-14,Sonoma,097,501317,40464,40195,508,40703,390
2021-10-14,Stanislaus,099,539301,75942,75868,8574,84442,1142
2021-10-14,Sutter,101,95872,13579,13471,309,13780,169
2021-10-14,Tehama,103,63373,8073,7907,1370,9277,104
2021-10-14,Trinity,105,12862,821,679,208,887,11
2021-10-14,Tulare,107,460477,66009,64489,14086,78575,951
2021-10-14,Tuolumne,109,53932,6739,6666,81,6747,89
2021-10-14,Ventura,111,848112,96872,96181,4255,100436,1164
2021-10-14,Yolo,113,214977,19275,19078,1056,20134,247
2021-10-14,Yuba,115,75493,9816,9705,279,9984,82
2021-10-13,Alameda,001,1643700,117664,116914,2730,119644,1360
2021-10-13,Alpine,003,1148,100,102,0,102,0
2021-10-13,Amador,005,37829,5368,5305,58,5363,63
2021-10-13,Butte,007,227075,20017,19546,3594,23140,257
2021-10-13,Calaveras,009,45235,3817,3756,44,3800,79
2021-10-13,Colusa,011,21464,2466,2430,597,3027,18
2021-10-13,Contra Costa,013,1133247,97677,96975,2110,99085,969
2021-10-13,Del Norte,015,27424,3598,3512,52,3564,39
2021-10-13,El Dorado,017,186661,15550,15302,1612,16914,149
2021-10-13,Fresno,019,978130,134264,132055,12195,144250,2048
2021-10-13,Glenn,021,27897,3402,3327,953,4280,26
2021-10-13,Humboldt,023,135768,8726,8604,487,9091,102
2021-10-13,Imperial,025,180216,32610,32317,3368,35685,762
2021-10-13,Inyo,027,18085,2012,1907,40,1947,39
2021-10-13,Kern,029,883053,122951,120956,20328,141284,1586
2021-10-13,Kings,031,150075,30938,30246,1822,32068,312
2021-10-13,Lake,033,64148,6492,6371,135,6506,103
2021-10-13,Lassen,035,31185,6663,6535,321,6856,25
2021-10-13,Los Angeles,037,10098052,1418805,1408384,53794,1462178,26379
2021-10-13,Madera,039,155013,22062,21609,1931,23540,277
2021-10-13,Marin,041,260295,17278,17137,435,17572,243
2021-10-13,Mariposa,043,17540,1168,1090,40,1130,5
2021-10-13,Mendocino,045,87422,7212,7088,444,7532,82
2021-10-13,Merced,047,269075,40509,40164,1720,41884,577
2021-10-13,Modoc,049,8938,510,490,181,671,5
2021-10-13,Mono,051,14174,1648,1612,20,1632,3
2021-10-13,Monterey,053,433212,48226,47273,2774,50047,582
2021-10-13,Napa,055,140530,12775,12695,103,12798,100
2021-10-13,Nevada,057,99092,8824,8725,307,9032,90
2021-10-13,Orange,059,3164182,302771,300468,14586,315054,5503
2021-10-13,Placer,061,380077,35753,35254,3480,38734,412
2021-10-13,Plumas,063,18699,1598,1514,31,1545,6
2021-10-13,Riverside,065,2383286,356450,352044,16254,368298,4978
2021-10-13,Sacramento,067,1510023,154303,153141,4275,157416,2182
2021-10-13,San Benito,069,59416,7241,7196,161,7357,71
2021-10-13,San Bernardino,071,2135413,347495,344951,10878,355829,5562
2021-10-13,San Diego,073,3302833,365301,362564,21346,383910,4141
2021-10-13,San Francisco,075,870044,51967,51379,2254,53633,644
2021-10-13,San Joaquin,077,732212,97409,96343,5302,101645,1696
2021-10-13,San Luis Obispo,079,281455,28876,28397,1181,29578,330
2021-10-13,San Mateo,081,765935,53270,52352,823,53175,569
2021-10-13,Santa Barbara,083,443738,43459,43109,1586,44695,518
2021-10-13,Santa Clara,085,1922200,144359,143064,1230,144294,1886
2021-10-13,Santa Cruz,087,273765,19994,19763,995,20758,217
2021-10-13,Shasta,089,179085,20280,19802,3394,23196,307
2021-10-13,Sierra,091,2930,170,155,18,173,0
2021-10-13,Siskiyou,093,43540,3272,3173,1225,4398,42
2021-10-13,Solano,095,438530,45223,44558,1208,45766,334
2021-10-13,Sonoma,097,501317,40408,40122,508,40630,390
2021-10-13,Stanislaus,099,539301,75801,75698,8565,84263,1136
2021-10-13,Sutter,101,95872,13549,13458,307,13765,169
2021-10-13,Tehama,103,63373,8035,7849,1364,9213,103
2021-10-13,Trinity,105,12862,818,677,208,885,11
2021-10-13,Tulare,107,460477,65829,64297,14030,78327,945
2021-10-13,Tuolumne,109,53932,6725,6644,80,6724,89
2021-10-13,Ventura,111,848112,96798,96099,4249,100348,1162
2021-10-13,Yolo,113,214977,19246,19023,1054,20077,247
2021-10-13,Yuba,115,75493,9791,9690,265,9955,80
2021-10-12,Alameda,001,1643700,117558,116813,2725,119538,1357
2021-10-12,Alpine,003,1148,100,102,0,102,0
2021-10-12,Amador,005,37829,5357,5301,58,5359,63
2021-10-12,Butte,007,227075,19947,19506,3582,23088,256
2021-10-12,Calaveras,009,45235,3802,3750,44,3794,75
2021-10-12,Colusa,011,21464,2463,2428,595,3023,18
2021-10-12,Contra Costa,013,1133247,97561,96894,2101,98995,960
2021-10-12,Del Norte,015,27424,3592,3511,52,3563,39
2021-10-12,El Dorado,017,186661,15516,15287,1610,16897,148
2021-10-12,Fresno,019,978130,133901,131848,12164,144012,2042
2021-10-12,Glenn,021,27897,3387,3321,952,4273,26
2021-10-12,Humboldt,023,135768,8699,8587,481,9068,102
2021-10-12,Imperial,025,180216,32558,32267,3366,35633,762
2021-10-12,Inyo,027,18085,1980,1889,40,1929,39
2021-10-12,Kern,029,883053,122664,120826,20217,141043,1580
2021-10-12,Kings,031,150075,30864,30200,1811,32011,312
2021-10-12,Lake,033,64148,6477,6372,133,6505,97
2021-10-12,Lassen,035,31185,6653,6526,320,6846,25
2021-10-12,Los Angeles,037,10098052,1417740,1407462,53746,1461208,26362
2021-10-12,Madera,039,155013,21991,21574,1918,23492,277
2021-10-12,Marin,041,260295,17255,17126,435,17561,242
2021-10-12,Mariposa,043,17540,1154,1088,40,1128,5
2021-10-12,Mendocino,045,87422,7183,7077,441,7518,82
2021-10-12,Merced,047,269075,40430,40113,1714,41827,567
2021-10-12,Modoc,049,8938,505,485,180,665,5
2021-10-12,Mono,051,14174,1646,1608,20,1628,3
2021-10-12,Monterey,053,433212,48195,47254,2766,50020,582
2021-10-12,Napa,055,140530,12761,12671,103,12774,97
2021-10-12,Nevada,057,99092,8812,8720,306,9026,89
2021-10-12,Orange,059,3164182,302517,300256,14560,314816,5499
2021-10-12,Placer,061,380077,35690,35214,3472,38686,404
2021-10-12,Plumas,063,18699,1584,1488,30,1518,6
2021-10-12,Riverside,065,2383286,356123,351771,16240,368011,4973
2021-10-12,Sacramento,067,1510023,153999,152935,4250,157185,2170
2021-10-12,San Benito,069,59416,7227,7193,161,7354,71
2021-10-12,San Bernardino,071,2135413,347181,344788,10869,355657,5563
2021-10-12,San Diego,073,3302833,364778,362256,21317,383573,4137
2021-10-12,San Francisco,075,870044,51904,51301,2253,53554,643
2021-10-12,San Joaquin,077,732212,97272,96237,5297,101534,1690
2021-10-12,San Luis Obispo,079,281455,28829,28379,1180,29559,327
2021-10-12,San Mateo,081,765935,53220,52328,822,53150,569
2021-10-12,Santa Barbara,083,443738,43398,43076,1586,44662,515
2021-10-12,Santa Clara,085,1922200,144205,142954,1228,144182,1882
2021-10-12,Santa Cruz,087,273765,19969,19757,995,20752,218
2021-10-12,Shasta,089,179085,20206,19731,3373,23104,304
2021-10-12,Sierra,091,2930,170,153,18,171,0
2021-10-12,Siskiyou,093,43540,3261,3166,1219,4385,42
2021-10-12,Solano,095,438530,45180,44516,1203,45719,329
2021-10-12,Sonoma,097,501317,40366,40105,507,40612,390
2021-10-12,Stanislaus,099,539301,75649,75589,8551,84140,1126
2021-10-12,Sutter,101,95872,13526,13436,303,13739,168
2021-10-12,Tehama,103,63373,8002,7820,1360,9180,103
2021-10-12,Trinity,105,12862,815,676,208,884,11
2021-10-12,Tulare,107,460477,65644,64216,13973,78189,944
2021-10-12,Tuolumne,109,53932,6708,6637,79,6716,89
2021-10-12,Ventura,111,848112,96697,96022,4244,100266,1160
2021-10-12,Yolo,113,214977,19219,18987,1046,20033,247
2021-10-12,Yuba,115,75493,9776,9676,261,9937,70
2021-10-11,Alameda,001,1643700,117415,116759,2724,119483,1358
2021-10-11,Alpine,003,1148,100,102,0,102,0
2021-10-11,Amador,005,37829,5345,5286,58,5344,62
2021-10-11,Butte,007,227075,19888,19452,3577,23029,253
2021-10-11,Calaveras,009,45235,3781,3750,44,3794,75
2021-10-11,Colusa,011,21464,2459,2427,588,3015,18
2021-10-11,Contra Costa,013,1133247,97424,96832,2096,98928,960
2021-10-11,Del Norte,015,27424,3589,3510,48,3558,39
2021-10-11,El Dorado,017,186661,15487,15273,1606,16879,146
2021-10-11,Fresno,019,978130,133572,131703,12127,143830,2036
2021-10-11,Glenn,021,27897,3370,3308,950,4258,26
2021-10-11,Humboldt,023,135768,8674,8571,474,9045,101
2021-10-11,Imperial,025,180216,32508,32207,3360,35567,762
2021-10-11,Inyo,027,18085,1957,1862,39,1901,39
2021-10-11,Kern,029,883053,122428,120684,20121,140805,1575
2021-10-11,Kings,031,150075,30775,30180,1801,31981,309
2021-10-11,Lake,033,64148,6461,6361,129,6490,97
2021-10-11,Lassen,035,31185,6633,6499,317,6816,25
2021-10-11,Los Angeles,037,10098052,1416691,1406826,53695,1460521,26346
2021-10-11,Madera,039,155013,21934,21555,1900,23455,272
2021-10-11,Marin,041,260295,17237,17121,431,17552,242
2021-10-11,Mariposa,043,17540,1124,1083,39,1122,5
2021-10-11,Mendocino,045,87422,7167,7064,437,7501,82
2021-10-11,Merced,047,269075,40314,40064,1689,41753,566
2021-10-11,Modoc,049,8938,502,482,177,659,5
2021-10-11,Mono,051,14174,1636,1604,20,1624,3
2021-10-11,Monterey,053,433212,48166,47241,2759,50000,580
2021-10-11,Napa,055,140530,12738,12654,101,12755,96
2021-10-11,Nevada,057,99092,8792,8716,305,9021,90
2021-10-11,Orange,059,3164182,302289,299941,14531,314472,5499
2021-10-11,Placer,061,380077,35621,35173,3455,38628,404
2021-10-11,Plumas,063,18699,1566,1469,28,1497,6
2021-10-11,Riverside,065,2383286,355779,351444,16235,367679,4973
2021-10-11,Sacramento,067,1510023,153710,152681,4219,156900,2169
2021-10-11,San Benito,069,59416,7206,7184,159,7343,71
2021-10-11,San Bernardino,071,2135413,346792,344594,10861,355455,5549
2021-10-11,San Diego,073,3302833,364257,361712,21285,382997,4124
2021-10-11,San Francisco,075,870044,51833,51275,2249,53524,643
2021-10-11,San Joaquin,077,732212,97118,96152,5286,101438,1681
2021-10-11,San Luis Obispo,079,281455,28782,28355,1175,29530,327
2021-10-11,San Mateo,081,765935,53172,52298,821,53119,569
2021-10-11,Santa Barbara,083,443738,43351,43018,1585,44603,515
2021-10-11,Santa Clara,085,1922200,144043,142836,1224,144060,1882
2021-10-11,Santa Cruz,087,273765,19945,19745,994,20739,217
2021-10-11,Shasta,089,179085,20127,19662,3357,23019,295
2021-10-11,Sierra,091,2930,166,147,17,164,0
2021-10-11,Siskiyou,093,43540,3254,3159,1215,4374,42
2021-10-11,Solano,095,438530,45132,44474,1200,45674,329
2021-10-11,Sonoma,097,501317,40321,40067,507,40574,390
2021-10-11,Stanislaus,099,539301,75477,75478,8530,84008,1118
2021-10-11,Sutter,101,95872,13507,13427,301,13728,165
2021-10-11,Tehama,103,63373,7961,7795,1351,9146,102
2021-10-11,Trinity,105,12862,809,675,207,882,11
2021-10-11,Tulare,107,460477,65464,64094,13906,78000,942
2021-10-11,Tuolumne,109,53932,6670,6602,79,6681,89
2021-10-11,Ventura,111,848112,96600,95876,4237,100113,1160
2021-10-11,Yolo,113,214977,19173,18977,1043,20020,247
2021-10-11,Yuba,115,75493,9759,9657,249,9906,69
2021-10-10,Alameda,001,1643700,117296,116679,2720,119399,1358
2021-10-10,Alpine,003,1148,100,102,0,102,0
2021-10-10,Amador,005,37829,5331,5278,58,5336,62
2021-10-10,Butte,007,227075,19824,19430,3563,22993,253
2021-10-10,Calaveras,009,45235,3769,3747,44,3791,75
2021-10-10,Colusa,011,21464,2458,2425,587,3012,18
2021-10-10,Contra Costa,013,1133247,97325,96760,2090,98850,960
2021-10-10,Del Norte,015,27424,3585,3507,48,3555,39
2021-10-10,El Dorado,017,186661,15457,15250,1600,16850,146
2021-10-10,Fresno,019,978130,133244,131434,12098,143532,2035
2021-10-10,Glenn,021,27897,3366,3297,948,4245,26
2021-10-10,Humboldt,023,135768,8652,8554,470,9024,101
2021-10-10,Imperial,025,180216,32434,32167,3356,35523,762
2021-10-10,Inyo,027,18085,1936,1857,39,1896,39
2021-10-10,Kern,029,883053,122102,120552,20017,140569,1573
2021-10-10,Kings,031,150075,30686,30122,1791,31913,308
2021-10-10,Lake,033,64148,6445,6349,128,6477,97
2021-10-10,Lassen,035,31185,6613,6495,316,6811,26
2021-10-10,Los Angeles,037,10098052,1415508,1406034,53620,1459654,26338
2021-10-10,Madera,039,155013,21888,21486,1891,23377,272
2021-10-10,Marin,041,260295,17220,17112,431,17543,242
2021-10-10,Mariposa,043,17540,1121,1074,39,1113,5
2021-10-10,Mendocino,045,87422,7152,7060,429,7489,81
2021-10-10,Merced,047,269075,40229,40036,1671,41707,566
2021-10-10,Modoc,049,8938,502,482,177,659,5
2021-10-10,Mono,051,14174,1635,1596,20,1616,3
2021-10-10,Monterey,053,433212,48136,47228,2758,49986,580
2021-10-10,Napa,055,140530,12715,12641,101,12742,96
2021-10-10,Nevada,057,99092,8780,8689,305,8994,90
2021-10-10,Orange,059,3164182,302027,299787,14503,314290,5499
2021-10-10,Placer,061,380077,35528,35128,3443,38571,404
2021-10-10,Plumas,063,18699,1550,1468,26,1494,6
2021-10-10,Riverside,065,2383286,355406,351248,16216,367464,4973
2021-10-10,Sacramento,067,1510023,153445,152405,4202,156607,2178
2021-10-10,San Benito,069,59416,7201,7180,158,7338,71
2021-10-10,San Bernardino,071,2135413,346486,344423,10853,355276,5551
2021-10-10,San Diego,073,3302833,363731,361038,21238,382276,4113
2021-10-10,San Francisco,075,870044,51785,51216,2246,53462,643
2021-10-10,San Joaquin,077,732212,96947,96084,5269,101353,1681
2021-10-10,San Luis Obispo,079,281455,28738,28343,1175,29518,326
2021-10-10,San Mateo,081,765935,53130,52273,820,53093,569
2021-10-10,Santa Barbara,083,443738,43304,42987,1584,44571,515
2021-10-10,Santa Clara,085,1922200,143878,142768,1217,143985,1881
2021-10-10,Santa Cruz,087,273765,19925,19727,994,20721,217
2021-10-10,Shasta,089,179085,20039,19635,3348,22983,296
2021-10-10,Sierra,091,2930,164,147,17,164,0
2021-10-10,Siskiyou,093,43540,3240,3155,1208,4363,42
2021-10-10,Solano,095,438530,45076,44431,1200,45631,329
2021-10-10,Sonoma,097,501317,40269,40027,507,40534,390
2021-10-10,Stanislaus,099,539301,75300,75403,8516,83919,1118
2021-10-10,Sutter,101,95872,13483,13412,296,13708,165
2021-10-10,Tehama,103,63373,7923,7764,1342,9106,102
2021-10-10,Trinity,105,12862,808,669,206,875,11
2021-10-10,Tulare,107,460477,65292,63930,13855,77785,940
2021-10-10,Tuolumne,109,53932,6646,6580,78,6658,89
2021-10-10,Ventura,111,848112,96511,95829,4237,100066,1160
2021-10-10,Yolo,113,214977,19141,18952,1038,19990,247
2021-10-10,Yuba,115,75493,9743,9641,244,9885,69
2021-10-09,Alameda,001,1643700,117197,116253,2718,118971,1356
2021-10-09,Alpine,003,1148,99,102,0,102,0
2021-10-09,Amador,005,37829,5329,5237,57,5294,62
2021-10-09,Butte,007,227075,19793,19277,3560,22837,250
2021-10-09,Calaveras,009,45235,3765,3716,44,3760,75
2021-10-09,Colusa,011,21464,2454,2419,586,3005,18
2021-10-09,Contra Costa,013,1133247,97255,96378,2084,98462,958
2021-10-09,Del Norte,015,27424,3584,3495,48,3543,39
2021-10-09,El Dorado,017,186661,15439,15153,1597,16750,144
2021-10-09,Fresno,019,978130,133111,130508,12079,142587,2018
2021-10-09,Glenn,021,27897,3362,3277,946,4223,26
2021-10-09,Humboldt,023,135768,8638,8448,468,8916,97
2021-10-09,Imperial,025,180216,32400,31989,3354,35343,760
2021-10-09,Inyo,027,18085,1927,1808,39,1847,39
2021-10-09,Kern,029,883053,121963,119795,19990,139785,1559
2021-10-09,Kings,031,150075,30637,29894,1789,31683,308
2021-10-09,Lake,033,64148,6426,6283,127,6410,97
2021-10-09,Lassen,035,31185,6608,6442,315,6757,25
2021-10-09,Los Angeles,037,10098052,1414920,1402810,53581,1456391,26280
2021-10-09,Madera,039,155013,21855,21313,1877,23190,271
2021-10-09,Marin,041,260295,17215,17049,429,17478,242
2021-10-09,Mariposa,043,17540,1114,1042,38,1080,5
2021-10-09,Mendocino,045,87422,7145,7011,428,7439,82
2021-10-09,Merced,047,269075,40187,39784,1671,41455,565
2021-10-09,Modoc,049,8938,500,477,176,653,5
2021-10-09,Mono,051,14174,1632,1577,20,1597,3
2021-10-09,Monterey,053,433212,48124,47168,2755,49923,577
2021-10-09,Napa,055,140530,12711,12586,101,12687,96
2021-10-09,Nevada,057,99092,8769,8613,304,8917,90
2021-10-09,Orange,059,3164182,301846,299089,14484,313573,5457
2021-10-09,Placer,061,380077,35490,34877,3436,38313,393
2021-10-09,Plumas,063,18699,1539,1418,26,1444,6
2021-10-09,Riverside,065,2383286,355155,350082,16199,366281,4965
2021-10-09,Sacramento,067,1510023,153235,151566,4189,155755,2160
2021-10-09,San Benito,069,59416,7193,7123,158,7281,71
2021-10-09,San Bernardino,071,2135413,346302,343452,10849,354301,5556
2021-10-09,San Diego,073,3302833,363416,359909,21233,381142,4111
2021-10-09,San Francisco,075,870044,51738,50960,2239,53199,643
2021-10-09,San Joaquin,077,732212,96881,95606,5264,100870,1669
2021-10-09,San Luis Obispo,079,281455,28721,28197,1173,29370,324
2021-10-09,San Mateo,081,765935,53098,52121,819,52940,569
2021-10-09,Santa Barbara,083,443738,43277,42735,1584,44319,514
2021-10-09,Santa Clara,085,1922200,143755,142298,1211,143509,1873
2021-10-09,Santa Cruz,087,273765,19915,19635,993,20628,217
2021-10-09,Shasta,089,179085,19989,19437,3343,22780,290
2021-10-09,Sierra,091,2930,161,141,17,158,0
2021-10-09,Siskiyou,093,43540,3239,3124,1207,4331,42
2021-10-09,Solano,095,438530,45059,44265,1199,45464,329
2021-10-09,Sonoma,097,501317,40225,39848,507,40355,387
2021-10-09,Stanislaus,099,539301,75210,74899,8506,83405,1114
2021-10-09,Sutter,101,95872,13474,13314,294,13608,165
2021-10-09,Tehama,103,63373,7912,7670,1337,9007,99
2021-10-09,Trinity,105,12862,807,660,206,866,11
2021-10-09,Tulare,107,460477,65184,63398,13833,77231,932
2021-10-09,Tuolumne,109,53932,6627,6521,78,6599,89
2021-10-09,Ventura,111,848112,96457,95542,4234,99776,1158
2021-10-09,Yolo,113,214977,19120,18850,1035,19885,247
2021-10-09,Yuba,115,75493,9731,9551,242,9793,69
2021-10-08,Alameda,001,1643700,117115,116253,2715,118968,1356
2021-10-08,Alpine,003,1148,99,102,0,102,0
2021-10-08,Amador,005,37829,5316,5237,57,5294,62
2021-10-08,Butte,007,227075,19764,19277,3556,22833,250
2021-10-08,Calaveras,009,45235,3760,3716,44,3760,75
2021-10-08,Colusa,011,21464,2452,2419,586,3005,18
2021-10-08,Contra Costa,013,1133247,97211,96378,2079,98457,958
2021-10-08,Del Norte,015,27424,3583,3495,48,3543,39
2021-10-08,El Dorado,017,186661,15419,15153,1593,16746,144
2021-10-08,Fresno,019,978130,132915,130508,12056,142564,2018
2021-10-08,Glenn,021,27897,3354,3277,944,4221,26
2021-10-08,Humboldt,023,135768,8627,8448,465,8913,97
2021-10-08,Imperial,025,180216,32370,31989,3350,35339,760
2021-10-08,Inyo,027,18085,1909,1808,39,1847,39
2021-10-08,Kern,029,883053,121826,119795,19948,139743,1559
2021-10-08,Kings,031,150075,30543,29894,1788,31682,308
2021-10-08,Lake,033,64148,6418,6283,127,6410,97
2021-10-08,Lassen,035,31185,6594,6442,312,6754,25
2021-10-08,Los Angeles,037,10098052,1414258,1402810,53544,1456354,26280
2021-10-08,Madera,039,155013,21796,21313,1870,23183,271
2021-10-08,Marin,041,260295,17204,17049,428,17477,242
2021-10-08,Mariposa,043,17540,1107,1042,36,1078,5
2021-10-08,Mendocino,045,87422,7132,7011,428,7439,82
2021-10-08,Merced,047,269075,40155,39784,1668,41452,565
2021-10-08,Modoc,049,8938,498,477,176,653,5
2021-10-08,Mono,051,14174,1629,1577,20,1597,3
2021-10-08,Monterey,053,433212,48097,47168,2753,49921,577
2021-10-08,Napa,055,140530,12695,12586,101,12687,96
2021-10-08,Nevada,057,99092,8756,8613,304,8917,90
2021-10-08,Orange,059,3164182,301699,299089,14464,313553,5457
2021-10-08,Placer,061,380077,35452,34877,3428,38305,393
2021-10-08,Plumas,063,18699,1527,1418,26,1444,6
2021-10-08,Riverside,065,2383286,354886,350082,16188,366270,4965
2021-10-08,Sacramento,067,1510023,153069,151566,4175,155741,2160
2021-10-08,San Benito,069,59416,7189,7123,156,7279,71
2021-10-08,San Bernardino,071,2135413,346097,343452,10841,354293,5556
2021-10-08,San Diego,073,3302833,363081,359909,21215,381124,4111
2021-10-08,San Francisco,075,870044,51691,50960,2230,53190,643
2021-10-08,San Joaquin,077,732212,96813,95606,5258,100864,1669
2021-10-08,San Luis Obispo,079,281455,28694,28197,1172,29369,324
2021-10-08,San Mateo,081,765935,53071,52121,819,52940,569
2021-10-08,Santa Barbara,083,443738,43242,42735,1583,44318,514
2021-10-08,Santa Clara,085,1922200,143642,142298,1206,143504,1873
2021-10-08,Santa Cruz,087,273765,19900,19635,993,20628,217
2021-10-08,Shasta,089,179085,19947,19437,3337,22774,290
2021-10-08,Sierra,091,2930,159,141,15,156,0
2021-10-08,Siskiyou,093,43540,3231,3124,1206,4330,42
2021-10-08,Solano,095,438530,45020,44265,1198,45463,329
2021-10-08,Sonoma,097,501317,40189,39848,507,40355,387
2021-10-08,Stanislaus,099,539301,75141,74899,8497,83396,1114
2021-10-08,Sutter,101,95872,13460,13314,292,13606,165
2021-10-08,Tehama,103,63373,7895,7670,1335,9005,99
2021-10-08,Trinity,105,12862,806,660,206,866,11
2021-10-08,Tulare,107,460477,65066,63398,13801,77199,932
2021-10-08,Tuolumne,109,53932,6604,6521,78,6599,89
2021-10-08,Ventura,111,848112,96406,95542,4228,99770,1158
2021-10-08,Yolo,113,214977,19107,18850,1031,19881,247
2021-10-08,Yuba,115,75493,9711,9551,241,9792,69
2021-10-07,Alameda,001,1643700,116993,116253,2714,118967,1356
2021-10-07,Alpine,003,1148,99,102,0,102,0
2021-10-07,Amador,005,37829,5309,5237,57,5294,62
2021-10-07,Butte,007,227075,19715,19277,3545,22822,250
2021-10-07,Calaveras,009,45235,3748,3716,44,3760,75
2021-10-07,Colusa,011,21464,2449,2419,580,2999,18
2021-10-07,Contra Costa,013,1133247,97088,96378,2075,98453,958
2021-10-07,Del Norte,015,27424,3580,3495,48,3543,39
2021-10-07,El Dorado,017,186661,15383,15153,1589,16742,144
2021-10-07,Fresno,019,978130,132639,130508,12031,142539,2018
2021-10-07,Glenn,021,27897,3347,3277,942,4219,26
2021-10-07,Humboldt,023,135768,8601,8448,462,8910,97
2021-10-07,Imperial,025,180216,32299,31989,3335,35324,760
2021-10-07,Inyo,027,18085,1890,1808,39,1847,39
2021-10-07,Kern,029,883053,121595,119795,19882,139677,1559
2021-10-07,Kings,031,150075,30478,29894,1782,31676,308
2021-10-07,Lake,033,64148,6407,6283,127,6410,97
2021-10-07,Lassen,035,31185,6576,6442,310,6752,25
2021-10-07,Los Angeles,037,10098052,1413298,1402810,53499,1456309,26280
2021-10-07,Madera,039,155013,21723,21313,1856,23169,271
2021-10-07,Marin,041,260295,17186,17049,428,17477,242
2021-10-07,Mariposa,043,17540,1099,1042,36,1078,5
2021-10-07,Mendocino,045,87422,7122,7011,424,7435,82
2021-10-07,Merced,047,269075,40088,39784,1651,41435,565
2021-10-07,Modoc,049,8938,495,477,175,652,5
2021-10-07,Mono,051,14174,1620,1577,20,1597,3
2021-10-07,Monterey,053,433212,48072,47168,2744,49912,577
2021-10-07,Napa,055,140530,12680,12586,101,12687,96
2021-10-07,Nevada,057,99092,8728,8613,304,8917,90
2021-10-07,Orange,059,3164182,301473,299089,14450,313539,5457
2021-10-07,Placer,061,380077,35390,34877,3421,38298,393
2021-10-07,Plumas,063,18699,1510,1418,26,1444,6
2021-10-07,Riverside,065,2383286,354553,350082,16176,366258,4965
2021-10-07,Sacramento,067,1510023,152787,151566,4148,155714,2160
2021-10-07,San Benito,069,59416,7173,7123,154,7277,71
2021-10-07,San Bernardino,071,2135413,345826,343452,10834,354286,5556
2021-10-07,San Diego,073,3302833,362669,359909,21194,381103,4111
2021-10-07,San Francisco,075,870044,51621,50960,2227,53187,643
2021-10-07,San Joaquin,077,732212,96659,95606,5250,100856,1669
2021-10-07,San Luis Obispo,079,281455,28643,28197,1170,29367,324
2021-10-07,San Mateo,081,765935,53031,52121,817,52938,569
2021-10-07,Santa Barbara,083,443738,43173,42735,1577,44312,514
2021-10-07,Santa Clara,085,1922200,143491,142298,1200,143498,1873
2021-10-07,Santa Cruz,087,273765,19880,19635,992,20627,217
2021-10-07,Shasta,089,179085,19858,19437,3322,22759,290
2021-10-07,Sierra,091,2930,158,141,15,156,0
2021-10-07,Siskiyou,093,43540,3227,3124,1201,4325,42
2021-10-07,Solano,095,438530,44975,44265,1194,45459,329
2021-10-07,Sonoma,097,501317,40152,39848,505,40353,387
2021-10-07,Stanislaus,099,539301,74978,74899,8472,83371,1114
2021-10-07,Sutter,101,95872,13438,13314,289,13603,165
2021-10-07,Tehama,103,63373,7862,7670,1329,8999,99
2021-10-07,Trinity,105,12862,804,660,206,866,11
2021-10-07,Tulare,107,460477,64900,63398,13763,77161,932
2021-10-07,Tuolumne,109,53932,6582,6521,78,6599,89
2021-10-07,Ventura,111,848112,96333,95542,4225,99767,1158
2021-10-07,Yolo,113,214977,19074,18850,1026,19876,247
2021-10-07,Yuba,115,75493,9685,9551,234,9785,69
2021-10-06,Alameda,001,1643700,116857,116058,2708,118766,1353
2021-10-06,Alpine,003,1148,99,102,0,102,0
2021-10-06,Amador,005,37829,5306,5205,57,5262,62
2021-10-06,Butte,007,227075,19652,19208,3538,22746,247
2021-10-06,Calaveras,009,45235,3739,3669,44,3713,75
2021-10-06,Colusa,011,21464,2447,2414,573,2987,18
2021-10-06,Contra Costa,013,1133247,96961,96184,2071,98255,953
2021-10-06,Del Norte,015,27424,3577,3490,45,3535,39
2021-10-06,El Dorado,017,186661,15358,15078,1587,16665,140
2021-10-06,Fresno,019,978130,132349,130074,12004,142078,2008
2021-10-06,Glenn,021,27897,3338,3270,940,4210,26
2021-10-06,Humboldt,023,135768,8586,8416,455,8871,94
2021-10-06,Imperial,025,180216,32246,31930,3323,35253,760
2021-10-06,Inyo,027,18085,1875,1806,39,1845,39
2021-10-06,Kern,029,883053,121338,119491,19789,139280,1552
2021-10-06,Kings,031,150075,30412,29785,1774,31559,308
2021-10-06,Lake,033,64148,6393,6271,127,6398,97
2021-10-06,Lassen,035,31185,6559,6429,309,6738,25
2021-10-06,Los Angeles,037,10098052,1412340,1401675,53450,1455125,26252
2021-10-06,Madera,039,155013,21668,21230,1846,23076,269
2021-10-06,Marin,041,260295,17177,17042,425,17467,242
2021-10-06,Mariposa,043,17540,1092,1036,36,1072,5
2021-10-06,Mendocino,045,87422,7113,6986,422,7408,81
2021-10-06,Merced,047,269075,40013,39666,1639,41305,563
2021-10-06,Modoc,049,8938,495,477,173,650,5
2021-10-06,Mono,051,14174,1608,1568,20,1588,3
2021-10-06,Monterey,053,433212,48039,47136,2739,49875,577
2021-10-06,Napa,055,140530,12656,12552,100,12652,96
2021-10-06,Nevada,057,99092,8712,8582,303,8885,90
2021-10-06,Orange,059,3164182,301235,298785,14437,313222,5448
2021-10-06,Placer,061,380077,35339,34764,3414,38178,390
2021-10-06,Plumas,063,18699,1487,1383,26,1409,6
2021-10-06,Riverside,065,2383286,354197,349645,16155,365800,4953
2021-10-06,Sacramento,067,1510023,152534,151164,4117,155281,2141
2021-10-06,San Benito,069,59416,7158,7108,154,7262,69
2021-10-06,San Bernardino,071,2135413,345532,343022,10827,353849,5551
2021-10-06,San Diego,073,3302833,362170,359564,21166,380730,4104
2021-10-06,San Francisco,075,870044,51558,50894,2224,53118,641
2021-10-06,San Joaquin,077,732212,96525,95418,5238,100656,1658
2021-10-06,San Luis Obispo,079,281455,28593,28170,1164,29334,323
2021-10-06,San Mateo,081,765935,52981,52056,812,52868,569
2021-10-06,Santa Barbara,083,443738,43090,42687,1575,44262,513
2021-10-06,Santa Clara,085,1922200,143340,142124,1195,143319,1872
2021-10-06,Santa Cruz,087,273765,19851,19604,990,20594,217
2021-10-06,Shasta,089,179085,19784,19325,3309,22634,287
2021-10-06,Sierra,091,2930,156,138,15,153,0
2021-10-06,Siskiyou,093,43540,3217,3116,1194,4310,42
2021-10-06,Solano,095,438530,44941,44185,1193,45378,328
2021-10-06,Sonoma,097,501317,40102,39787,505,40292,383
2021-10-06,Stanislaus,099,539301,74836,74699,8459,83158,1114
2021-10-06,Sutter,101,95872,13417,13284,287,13571,164
2021-10-06,Tehama,103,63373,7826,7629,1322,8951,99
2021-10-06,Trinity,105,12862,801,656,206,862,11
2021-10-06,Tulare,107,460477,64720,63198,13703,76901,926
2021-10-06,Tuolumne,109,53932,6557,6486,78,6564,89
2021-10-06,Ventura,111,848112,96242,95449,4217,99666,1158
2021-10-06,Yolo,113,214977,19042,18815,1021,19836,247
2021-10-06,Yuba,115,75493,9661,9520,233,9753,69
2021-10-05,Alameda,001,1643700,116712,115968,2703,118671,1350
2021-10-05,Alpine,003,1148,99,102,0,102,0
2021-10-05,Amador,005,37829,5285,5194,56,5250,61
2021-10-05,Butte,007,227075,19604,19137,3528,22665,246
2021-10-05,Calaveras,009,45235,3723,3657,44,3701,73
2021-10-05,Colusa,011,21464,2440,2414,572,2986,18
2021-10-05,Contra Costa,013,1133247,96845,96108,2064,98172,941
2021-10-05,Del Norte,015,27424,3575,3485,44,3529,39
2021-10-05,El Dorado,017,186661,15319,15052,1584,16636,140
2021-10-05,Fresno,019,978130,132010,129957,11969,141926,1987
2021-10-05,Glenn,021,27897,3328,3270,937,4207,26
2021-10-05,Humboldt,023,135768,8554,8398,451,8849,94
2021-10-05,Imperial,025,180216,32198,31909,3317,35226,759
2021-10-05,Inyo,027,18085,1858,1800,39,1839,39
2021-10-05,Kern,029,883053,121073,119260,19687,138947,1540
2021-10-05,Kings,031,150075,30337,29749,1768,31517,301
2021-10-05,Lake,033,64148,6372,6264,126,6390,97
2021-10-05,Lassen,035,31185,6540,6417,307,6724,25
2021-10-05,Los Angeles,037,10098052,1411195,1400300,53397,1453697,26223
2021-10-05,Madera,039,155013,21610,21183,1833,23016,269
2021-10-05,Marin,041,260295,17165,17024,425,17449,242
2021-10-05,Mariposa,043,17540,1073,1033,33,1066,5
2021-10-05,Mendocino,045,87422,7097,6972,415,7387,79
2021-10-05,Merced,047,269075,39947,39608,1630,41238,562
2021-10-05,Modoc,049,8938,491,475,172,647,5
2021-10-05,Mono,051,14174,1600,1565,20,1585,3
2021-10-05,Monterey,053,433212,48021,47087,2729,49816,573
2021-10-05,Napa,055,140530,12632,12533,100,12633,96
2021-10-05,Nevada,057,99092,8682,8576,303,8879,90
2021-10-05,Orange,059,3164182,300958,298589,14405,312994,5441
2021-10-05,Placer,061,380077,35259,34728,3407,38135,382
2021-10-05,Plumas,063,18699,1462,1357,26,1383,6
2021-10-05,Riverside,065,2383286,353837,349365,16140,365505,4942
2021-10-05,Sacramento,067,1510023,152261,151111,4088,155199,2126
2021-10-05,San Benito,069,59416,7140,7103,152,7255,69
2021-10-05,San Bernardino,071,2135413,345203,342711,10820,353531,5557
2021-10-05,San Diego,073,3302833,361586,359194,21139,380333,4092
2021-10-05,San Francisco,075,870044,51461,50826,2221,53047,641
2021-10-05,San Joaquin,077,732212,96372,95276,5211,100487,1651
2021-10-05,San Luis Obispo,079,281455,28549,28113,1162,29275,324
2021-10-05,San Mateo,081,765935,52935,52008,812,52820,569
2021-10-05,Santa Barbara,083,443738,43011,42595,1571,44166,511
2021-10-05,Santa Clara,085,1922200,143182,141971,1188,143159,1873
2021-10-05,Santa Cruz,087,273765,19809,19582,990,20572,216
2021-10-05,Shasta,089,179085,19711,19285,3296,22581,286
2021-10-05,Sierra,091,2930,152,136,15,151,0
2021-10-05,Siskiyou,093,43540,3203,3107,1194,4301,42
2021-10-05,Solano,095,438530,44870,44149,1191,45340,325
2021-10-05,Sonoma,097,501317,40047,39756,500,40256,383
2021-10-05,Stanislaus,099,539301,74674,74599,8442,83041,1114
2021-10-05,Sutter,101,95872,13389,13270,286,13556,164
2021-10-05,Tehama,103,63373,7796,7607,1313,8920,98
2021-10-05,Trinity,105,12862,798,655,206,861,11
2021-10-05,Tulare,107,460477,64513,63093,13649,76742,920
2021-10-05,Tuolumne,109,53932,6542,6473,77,6550,89
2021-10-05,Ventura,111,848112,96136,95351,4216,99567,1155
2021-10-05,Yolo,113,214977,19006,18782,1015,19797,245
2021-10-05,Yuba,115,75493,9629,9504,230,9734,69
2021-10-04,Alameda,001,1643700,116549,115845,2700,118545,1347
2021-10-04,Alpine,003,1148,99,102,0,102,0
2021-10-04,Amador,005,37829,5275,5163,55,5218,61
2021-10-04,Butte,007,227075,19527,19081,3516,22597,245
2021-10-04,Calaveras,009,45235,3714,3641,44,3685,73
2021-10-04,Colusa,011,21464,2439,2414,571,2985,18
2021-10-04,Contra Costa,013,1133247,96703,95958,2059,98017,937
2021-10-04,Del Norte,015,27424,3573,3485,40,3525,39
2021-10-04,El Dorado,017,186661,15271,15031,1577,16608,138
2021-10-04,Fresno,019,978130,131701,129665,11940,141605,1978
2021-10-04,Glenn,021,27897,3321,3270,934,4204,26
2021-10-04,Humboldt,023,135768,8522,8355,443,8798,94
2021-10-04,Imperial,025,180216,32149,31866,3310,35176,757
2021-10-04,Inyo,027,18085,1846,1792,36,1828,39
2021-10-04,Kern,029,883053,120784,118984,19566,138550,1531
2021-10-04,Kings,031,150075,30244,29702,1765,31467,303
2021-10-04,Lake,033,64148,6359,6248,126,6374,97
2021-10-04,Lassen,035,31185,6523,6405,307,6712,25
2021-10-04,Los Angeles,037,10098052,1410080,1399604,53337,1452941,26186
2021-10-04,Madera,039,155013,21546,21126,1821,22947,266
2021-10-04,Marin,041,260295,17149,17008,424,17432,242
2021-10-04,Mariposa,043,17540,1061,1024,33,1057,5
2021-10-04,Mendocino,045,87422,7079,6947,412,7359,79
2021-10-04,Merced,047,269075,39832,39565,1613,41178,558
2021-10-04,Modoc,049,8938,488,473,172,645,5
2021-10-04,Mono,051,14174,1593,1561,20,1581,3
2021-10-04,Monterey,053,433212,48000,47058,2722,49780,571
2021-10-04,Napa,055,140530,12608,12506,100,12606,96
2021-10-04,Nevada,057,99092,8662,8563,303,8866,90
2021-10-04,Orange,059,3164182,300662,298165,14373,312538,5438
2021-10-04,Placer,061,380077,35175,34630,3379,38009,379
2021-10-04,Plumas,063,18699,1440,1329,26,1355,6
2021-10-04,Riverside,065,2383286,353457,348828,16130,364958,4923
2021-10-04,Sacramento,067,1510023,151937,150887,4061,154948,2115
2021-10-04,San Benito,069,59416,7127,7099,152,7251,69
2021-10-04,San Bernardino,071,2135413,344845,342418,10808,353226,5551
2021-10-04,San Diego,073,3302833,361007,358525,21108,379633,4090
2021-10-04,San Francisco,075,870044,51366,50798,2217,53015,638
2021-10-04,San Joaquin,077,732212,96175,95198,5191,100389,1649
2021-10-04,San Luis Obispo,079,281455,28504,28090,1156,29246,323
2021-10-04,San Mateo,081,765935,52875,51958,811,52769,569
2021-10-04,Santa Barbara,083,443738,42927,42585,1570,44155,511
2021-10-04,Santa Clara,085,1922200,143038,141840,1182,143022,1869
2021-10-04,Santa Cruz,087,273765,19780,19559,989,20548,216
2021-10-04,Shasta,089,179085,19604,19170,3282,22452,279
2021-10-04,Sierra,091,2930,145,136,14,150,0
2021-10-04,Siskiyou,093,43540,3194,3103,1179,4282,42
2021-10-04,Solano,095,438530,44811,44092,1187,45279,322
2021-10-04,Sonoma,097,501317,39982,39720,500,40220,381
2021-10-04,Stanislaus,099,539301,74522,74444,8423,82867,1106
2021-10-04,Sutter,101,95872,13360,13261,285,13546,164
2021-10-04,Tehama,103,63373,7755,7585,1307,8892,95
2021-10-04,Trinity,105,12862,797,649,205,854,11
2021-10-04,Tulare,107,460477,64322,62957,13581,76538,920
2021-10-04,Tuolumne,109,53932,6516,6442,77,6519,89
2021-10-04,Ventura,111,848112,96044,95170,4210,99380,1153
2021-10-04,Yolo,113,214977,18962,18761,1010,19771,242
2021-10-04,Yuba,115,75493,9590,9481,228,9709,68
2021-10-03,Alameda,001,1643700,116410,115751,2690,118441,1349
2021-10-03,Alpine,003,1148,99,102,0,102,0
2021-10-03,Amador,005,37829,5257,5160,53,5213,61
2021-10-03,Butte,007,227075,19454,19066,3500,22566,245
2021-10-03,Calaveras,009,45235,3697,3632,44,3676,73
2021-10-03,Colusa,011,21464,2438,2413,568,2981,18
2021-10-03,Contra Costa,013,1133247,96570,95890,2052,97942,937
2021-10-03,Del Norte,015,27424,3567,3483,39,3522,39
2021-10-03,El Dorado,017,186661,15213,15014,1570,16584,139
2021-10-03,Fresno,019,978130,131321,129365,11899,141264,1978
2021-10-03,Glenn,021,27897,3314,3266,926,4192,26
2021-10-03,Humboldt,023,135768,8477,8352,439,8791,94
2021-10-03,Imperial,025,180216,32082,31844,3301,35145,757
2021-10-03,Inyo,027,18085,1825,1788,36,1824,39
2021-10-03,Kern,029,883053,120480,118851,19444,138295,1535
2021-10-03,Kings,031,150075,30143,29623,1758,31381,300
2021-10-03,Lake,033,64148,6333,6239,126,6365,97
2021-10-03,Lassen,035,31185,6501,6400,305,6705,25
2021-10-03,Los Angeles,037,10098052,1408810,1398790,53282,1452072,26179
2021-10-03,Madera,039,155013,21474,21066,1811,22877,266
2021-10-03,Marin,041,260295,17126,16995,419,17414,242
2021-10-03,Mariposa,043,17540,1054,1011,33,1044,5
2021-10-03,Mendocino,045,87422,7059,6939,403,7342,79
2021-10-03,Merced,047,269075,39725,39516,1593,41109,558
2021-10-03,Modoc,049,8938,487,472,171,643,5
2021-10-03,Mono,051,14174,1589,1554,20,1574,3
2021-10-03,Monterey,053,433212,47975,47049,2711,49760,571
2021-10-03,Napa,055,140530,12580,12489,98,12587,96
2021-10-03,Nevada,057,99092,8627,8545,303,8848,90
2021-10-03,Orange,059,3164182,300380,298027,14353,312380,5447
2021-10-03,Placer,061,380077,35036,34596,3362,37958,379
2021-10-03,Plumas,063,18699,1412,1328,26,1354,6
2021-10-03,Riverside,065,2383286,353026,348593,16110,364703,4924
2021-10-03,Sacramento,067,1510023,151647,150664,4033,154697,2120
2021-10-03,San Benito,069,59416,7118,7095,152,7247,69
2021-10-03,San Bernardino,071,2135413,344436,342302,10801,353103,5555
2021-10-03,San Diego,073,3302833,360411,358153,21076,379229,4081
2021-10-03,San Francisco,075,870044,51278,50733,2214,52947,638
2021-10-03,San Joaquin,077,732212,95986,95133,5183,100316,1649
2021-10-03,San Luis Obispo,079,281455,28437,28065,1151,29216,325
2021-10-03,San Mateo,081,765935,52808,51923,810,52733,569
2021-10-03,Santa Barbara,083,443738,42831,42550,1562,44112,511
2021-10-03,Santa Clara,085,1922200,142868,141737,1174,142911,1869
2021-10-03,Santa Cruz,087,273765,19740,19548,987,20535,216
2021-10-03,Shasta,089,179085,19499,19132,3253,22385,279
2021-10-03,Sierra,091,2930,142,136,14,150,0
2021-10-03,Siskiyou,093,43540,3181,3096,1168,4264,42
2021-10-03,Solano,095,438530,44747,44051,1184,45235,322
2021-10-03,Sonoma,097,501317,39916,39679,500,40179,381
2021-10-03,Stanislaus,099,539301,74335,74366,8405,82771,1106
2021-10-03,Sutter,101,95872,13345,13248,281,13529,164
2021-10-03,Tehama,103,63373,7712,7564,1302,8866,94
2021-10-03,Trinity,105,12862,793,647,203,850,11
2021-10-03,Tulare,107,460477,64120,62860,13507,76367,924
2021-10-03,Tuolumne,109,53932,6487,6430,75,6505,89
2021-10-03,Ventura,111,848112,95939,95108,4207,99315,1153
2021-10-03,Yolo,113,214977,18933,18720,1003,19723,242
2021-10-03,Yuba,115,75493,9571,9462,227,9689,68
2021-10-02,Alameda,001,1643700,116303,115185,2686,117871,1343
2021-10-02,Alpine,003,1148,99,102,0,102,0
2021-10-02,Amador,005,37829,5248,5105,53,5158,61
2021-10-02,Butte,007,227075,19423,18911,3493,22404,243
2021-10-02,Calaveras,009,45235,3690,3585,44,3629,72
2021-10-02,Colusa,011,21464,2437,2403,566,2969,18
2021-10-02,Contra Costa,013,1133247,96499,95369,2048,97417,933
2021-10-02,Del Norte,015,27424,3562,3468,39,3507,39
2021-10-02,El Dorado,017,186661,15187,14887,1569,16456,136
2021-10-02,Fresno,019,978130,131150,128450,11886,140336,1964
2021-10-02,Glenn,021,27897,3309,3234,926,4160,26
2021-10-02,Humboldt,023,135768,8458,8244,439,8683,94
2021-10-02,Imperial,025,180216,32047,31674,3298,34972,757
2021-10-02,Inyo,027,18085,1816,1746,36,1782,39
2021-10-02,Kern,029,883053,120347,117962,19362,137324,1524
2021-10-02,Kings,031,150075,30094,29339,1754,31093,301
2021-10-02,Lake,033,64148,6324,6191,126,6317,97
2021-10-02,Lassen,035,31185,6496,6360,305,6665,25
2021-10-02,Los Angeles,037,10098052,1408204,1395070,53245,1448315,26126
2021-10-02,Madera,039,155013,21449,20931,1802,22733,266
2021-10-02,Marin,041,260295,17121,16936,416,17352,242
2021-10-02,Mariposa,043,17540,1052,967,33,1000,5
2021-10-02,Mendocino,045,87422,7049,6869,403,7272,78
2021-10-02,Merced,047,269075,39698,39196,1589,40785,552
2021-10-02,Modoc,049,8938,485,468,171,639,5
2021-10-02,Mono,051,14174,1587,1540,20,1560,3
2021-10-02,Monterey,053,433212,47920,46964,2710,49674,571
2021-10-02,Napa,055,140530,12569,12433,98,12531,96
2021-10-02,Nevada,057,99092,8616,8474,302,8776,87
2021-10-02,Orange,059,3164182,300215,297307,14333,311640,5435
2021-10-02,Placer,061,380077,34970,34377,3353,37730,381
2021-10-02,Plumas,063,18699,1401,1298,26,1324,6
2021-10-02,Riverside,065,2383286,352785,347227,16099,363326,4895
2021-10-02,Sacramento,067,1510023,151473,149897,4025,153922,2099
2021-10-02,San Benito,069,59416,7111,7055,152,7207,69
2021-10-02,San Bernardino,071,2135413,344253,341212,10751,351963,5540
2021-10-02,San Diego,073,3302833,360089,356454,21054,377508,4078
2021-10-02,San Francisco,075,870044,51229,50393,2209,52602,634
2021-10-02,San Joaquin,077,732212,95921,94599,5177,99776,1646
2021-10-02,San Luis Obispo,079,281455,28413,27915,1151,29066,323
2021-10-02,San Mateo,081,765935,52767,51767,806,52573,573
2021-10-02,Santa Barbara,083,443738,42791,42423,1562,43985,508
2021-10-02,Santa Clara,085,1922200,142754,141231,1170,142401,1862
2021-10-02,Santa Cruz,087,273765,19723,19461,986,20447,214
2021-10-02,Shasta,089,179085,19453,18912,3247,22159,270
2021-10-02,Sierra,091,2930,141,131,14,145,0
2021-10-02,Siskiyou,093,43540,3180,3053,1165,4218,42
2021-10-02,Solano,095,438530,44702,43800,1183,44983,321
2021-10-02,Sonoma,097,501317,39882,39497,499,39996,382
2021-10-02,Stanislaus,099,539301,74249,73859,8392,82251,1099
2021-10-02,Sutter,101,95872,13336,13160,280,13440,160
2021-10-02,Tehama,103,63373,7697,7453,1302,8755,93
2021-10-02,Trinity,105,12862,790,625,203,828,10
2021-10-02,Tulare,107,460477,64046,62247,13480,75727,908
2021-10-02,Tuolumne,109,53932,6473,6369,75,6444,89
2021-10-02,Ventura,111,848112,95867,94854,4202,99056,1148
2021-10-02,Yolo,113,214977,18908,18640,999,19639,242
2021-10-02,Yuba,115,75493,9552,9370,226,9596,66
2021-10-01,Alameda,001,1643700,116226,115185,2680,117865,1343
2021-10-01,Alpine,003,1148,99,102,0,102,0
2021-10-01,Amador,005,37829,5228,5105,53,5158,61
2021-10-01,Butte,007,227075,19382,18911,3487,22398,243
2021-10-01,Calaveras,009,45235,3680,3585,44,3629,72
2021-10-01,Colusa,011,21464,2435,2403,566,2969,18
2021-10-01,Contra Costa,013,1133247,96402,95369,2044,97413,933
2021-10-01,Del Norte,015,27424,3559,3468,38,3506,39
2021-10-01,El Dorado,017,186661,15169,14887,1565,16452,136
2021-10-01,Fresno,019,978130,130962,128450,11875,140325,1964
2021-10-01,Glenn,021,27897,3307,3234,925,4159,26
2021-10-01,Humboldt,023,135768,8441,8244,439,8683,94
2021-10-01,Imperial,025,180216,32029,31674,3288,34962,757
2021-10-01,Inyo,027,18085,1807,1746,36,1782,39
2021-10-01,Kern,029,883053,120195,117962,19304,137266,1524
2021-10-01,Kings,031,150075,30060,29339,1748,31087,301
2021-10-01,Lake,033,64148,6314,6191,126,6317,97
2021-10-01,Lassen,035,31185,6485,6360,303,6663,25
2021-10-01,Los Angeles,037,10098052,1407443,1395070,53200,1448270,26126
2021-10-01,Madera,039,155013,21399,20931,1793,22724,266
2021-10-01,Marin,041,260295,17106,16936,415,17351,242
2021-10-01,Mariposa,043,17540,1045,967,33,1000,5
2021-10-01,Mendocino,045,87422,7037,6869,403,7272,78
2021-10-01,Merced,047,269075,39653,39196,1580,40776,552
2021-10-01,Modoc,049,8938,484,468,171,639,5
2021-10-01,Mono,051,14174,1584,1540,20,1560,3
2021-10-01,Monterey,053,433212,47899,46964,2707,49671,571
2021-10-01,Napa,055,140530,12559,12433,97,12530,96
2021-10-01,Nevada,057,99092,8602,8474,301,8775,87
2021-10-01,Orange,059,3164182,300031,297307,14313,311620,5435
2021-10-01,Placer,061,380077,34936,34377,3349,37726,381
2021-10-01,Plumas,063,18699,1392,1298,26,1324,6
2021-10-01,Riverside,065,2383286,352492,347227,16091,363318,4895
2021-10-01,Sacramento,067,1510023,151320,149897,4014,153911,2099
2021-10-01,San Benito,069,59416,7109,7055,150,7205,69
2021-10-01,San Bernardino,071,2135413,344053,341212,10748,351960,5540
2021-10-01,San Diego,073,3302833,359722,356454,21033,377487,4078
2021-10-01,San Francisco,075,870044,51188,50393,2207,52600,634
2021-10-01,San Joaquin,077,732212,95851,94599,5173,99772,1646
2021-10-01,San Luis Obispo,079,281455,28389,27915,1148,29063,323
2021-10-01,San Mateo,081,765935,52727,51767,803,52570,573
2021-10-01,Santa Barbara,083,443738,42755,42423,1562,43985,508
2021-10-01,Santa Clara,085,1922200,142661,141231,1165,142396,1862
2021-10-01,Santa Cruz,087,273765,19703,19461,985,20446,214
2021-10-01,Shasta,089,179085,19399,18912,3239,22151,270
2021-10-01,Sierra,091,2930,141,131,14,145,0
2021-10-01,Siskiyou,093,43540,3179,3053,1162,4215,42
2021-10-01,Solano,095,438530,44650,43800,1177,44977,321
2021-10-01,Sonoma,097,501317,39850,39497,498,39995,382
2021-10-01,Stanislaus,099,539301,74165,73859,8381,82240,1099
2021-10-01,Sutter,101,95872,13320,13160,278,13438,160
2021-10-01,Tehama,103,63373,7685,7453,1300,8753,93
2021-10-01,Trinity,105,12862,788,625,203,828,10
2021-10-01,Tulare,107,460477,63943,62247,13445,75692,908
2021-10-01,Tuolumne,109,53932,6456,6369,75,6444,89
2021-10-01,Ventura,111,848112,95800,94854,4197,99051,1148
2021-10-01,Yolo,113,214977,18884,18640,995,19635,242
2021-10-01,Yuba,115,75493,9530,9370,226,9596,66
2021-09-30,Alameda,001,1643700,116081,115185,2677,117862,1343
2021-09-30,Alpine,003,1148,99,102,0,102,0
2021-09-30,Amador,005,37829,5216,5105,53,5158,61
2021-09-30,Butte,007,227075,19333,18911,3478,22389,243
2021-09-30,Calaveras,009,45235,3666,3585,44,3629,72
2021-09-30,Colusa,011,21464,2432,2403,565,2968,18
2021-09-30,Contra Costa,013,1133247,96297,95369,2038,97407,933
2021-09-30,Del Norte,015,27424,3555,3468,35,3503,39
2021-09-30,El Dorado,017,186661,15144,14887,1557,16444,136
2021-09-30,Fresno,019,978130,130686,128450,11841,140291,1964
2021-09-30,Glenn,021,27897,3297,3234,923,4157,26
2021-09-30,Humboldt,023,135768,8409,8244,433,8677,94
2021-09-30,Imperial,025,180216,31977,31674,3283,34957,757
2021-09-30,Inyo,027,18085,1797,1746,36,1782,39
2021-09-30,Kern,029,883053,119951,117962,19222,137184,1524
2021-09-30,Kings,031,150075,29970,29339,1744,31083,301
2021-09-30,Lake,033,64148,6296,6191,126,6317,97
2021-09-30,Lassen,035,31185,6471,6360,303,6663,25
2021-09-30,Los Angeles,037,10098052,1406237,1395070,53140,1448210,26126
2021-09-30,Madera,039,155013,21316,20931,1778,22709,266
2021-09-30,Marin,041,260295,17086,16936,414,17350,242
2021-09-30,Mariposa,043,17540,1023,967,33,1000,5
2021-09-30,Mendocino,045,87422,7028,6869,394,7263,78
2021-09-30,Merced,047,269075,39556,39196,1576,40772,552
2021-09-30,Modoc,049,8938,484,468,170,638,5
2021-09-30,Mono,051,14174,1576,1540,20,1560,3
2021-09-30,Monterey,053,433212,47868,46964,2695,49659,571
2021-09-30,Napa,055,140530,12539,12433,97,12530,96
2021-09-30,Nevada,057,99092,8585,8474,300,8774,87
2021-09-30,Orange,059,3164182,299759,297307,14274,311581,5435
2021-09-30,Placer,061,380077,34884,34377,3328,37705,381
2021-09-30,Plumas,063,18699,1374,1298,26,1324,6
2021-09-30,Riverside,065,2383286,352059,347227,16070,363297,4895
2021-09-30,Sacramento,067,1510023,151060,149897,3988,153885,2099
2021-09-30,San Benito,069,59416,7103,7055,150,7205,69
2021-09-30,San Bernardino,071,2135413,343742,341212,10734,351946,5540
2021-09-30,San Diego,073,3302833,359228,356454,21007,377461,4078
2021-09-30,San Francisco,075,870044,51111,50393,2203,52596,634
2021-09-30,San Joaquin,077,732212,95721,94599,5165,99764,1646
2021-09-30,San Luis Obispo,079,281455,28341,27915,1144,29059,323
2021-09-30,San Mateo,081,765935,52678,51767,800,52567,573
2021-09-30,Santa Barbara,083,443738,42699,42423,1561,43984,508
2021-09-30,Santa Clara,085,1922200,142510,141231,1162,142393,1862
2021-09-30,Santa Cruz,087,273765,19663,19461,984,20445,214
2021-09-30,Shasta,089,179085,19337,18912,3224,22136,270
2021-09-30,Sierra,091,2930,140,131,14,145,0
2021-09-30,Siskiyou,093,43540,3171,3053,1157,4210,42
2021-09-30,Solano,095,438530,44596,43800,1174,44974,321
2021-09-30,Sonoma,097,501317,39801,39497,498,39995,382
2021-09-30,Stanislaus,099,539301,74005,73859,8362,82221,1099
2021-09-30,Sutter,101,95872,13299,13160,278,13438,160
2021-09-30,Tehama,103,63373,7648,7453,1288,8741,93
2021-09-30,Trinity,105,12862,784,625,203,828,10
2021-09-30,Tulare,107,460477,63767,62247,13387,75634,908
2021-09-30,Tuolumne,109,53932,6433,6369,75,6444,89
2021-09-30,Ventura,111,848112,95695,94854,4190,99044,1148
2021-09-30,Yolo,113,214977,18845,18640,992,19632,242
2021-09-30,Yuba,115,75493,9507,9370,225,9595,66
2021-09-29,Alameda,001,1643700,115936,114998,2674,117672,1339
2021-09-29,Alpine,003,1148,99,101,0,101,0
2021-09-29,Amador,005,37829,5194,5058,53,5111,61
2021-09-29,Butte,007,227075,19279,18835,3471,22306,242
2021-09-29,Calaveras,009,45235,3649,3553,43,3596,72
2021-09-29,Colusa,011,21464,2430,2401,565,2966,18
2021-09-29,Contra Costa,013,1133247,96183,95213,2030,97243,929
2021-09-29,Del Norte,015,27424,3549,3467,35,3502,39
2021-09-29,El Dorado,017,186661,15110,14834,1550,16384,136
2021-09-29,Fresno,019,978130,130386,128068,11821,139889,1957
2021-09-29,Glenn,021,27897,3292,3213,921,4134,26
2021-09-29,Humboldt,023,135768,8385,8203,432,8635,94
2021-09-29,Imperial,025,180216,31910,31600,3278,34878,757
2021-09-29,Inyo,027,18085,1787,1740,35,1775,39
2021-09-29,Kern,029,883053,119716,117605,19146,136751,1513
2021-09-29,Kings,031,150075,29887,29195,1729,30924,299
2021-09-29,Lake,033,64148,6276,6164,126,6290,97
2021-09-29,Lassen,035,31185,6457,6347,303,6650,25
2021-09-29,Los Angeles,037,10098052,1405026,1393617,53068,1446685,26098
2021-09-29,Madera,039,155013,21271,20818,1762,22580,266
2021-09-29,Marin,041,260295,17068,16921,412,17333,242
2021-09-29,Mariposa,043,17540,1008,963,33,996,5
2021-09-29,Mendocino,045,87422,7016,6821,386,7207,78
2021-09-29,Merced,047,269075,39462,39026,1565,40591,552
2021-09-29,Modoc,049,8938,482,468,170,638,5
2021-09-29,Mono,051,14174,1574,1527,20,1547,3
2021-09-29,Monterey,053,433212,47831,46917,2681,49598,571
2021-09-29,Napa,055,140530,12519,12416,93,12509,96
2021-09-29,Nevada,057,99092,8572,8434,300,8734,87
2021-09-29,Orange,059,3164182,299490,296936,14238,311174,5429
2021-09-29,Placer,061,380077,34821,34271,3305,37576,379
2021-09-29,Plumas,063,18699,1355,1289,26,1315,6
2021-09-29,Riverside,065,2383286,351625,346558,16057,362615,4886
2021-09-29,Sacramento,067,1510023,150808,149686,3978,153664,2099
2021-09-29,San Benito,069,59416,7092,7039,150,7189,69
2021-09-29,San Bernardino,071,2135413,343422,340672,10720,351392,5539
2021-09-29,San Diego,073,3302833,358726,355899,20977,376876,4066
2021-09-29,San Francisco,075,870044,51026,50286,2199,52485,629
2021-09-29,San Joaquin,077,732212,95564,94356,5143,99499,1645
2021-09-29,San Luis Obispo,079,281455,28295,27800,1138,28938,323
2021-09-29,San Mateo,081,765935,52619,51673,798,52471,573
2021-09-29,Santa Barbara,083,443738,42627,42328,1558,43886,507
2021-09-29,Santa Clara,085,1922200,142375,141036,1156,142192,1861
2021-09-29,Santa Cruz,087,273765,19645,19425,983,20408,214
2021-09-29,Shasta,089,179085,19271,18805,3212,22017,271
2021-09-29,Sierra,091,2930,136,130,14,144,0
2021-09-29,Siskiyou,093,43540,3158,3043,1150,4193,42
2021-09-29,Solano,095,438530,44540,43724,1167,44891,321
2021-09-29,Sonoma,097,501317,39740,39426,496,39922,370
2021-09-29,Stanislaus,099,539301,73873,73634,8351,81985,1096
2021-09-29,Sutter,101,95872,13272,13135,275,13410,155
2021-09-29,Tehama,103,63373,7618,7409,1273,8682,88
2021-09-29,Trinity,105,12862,780,616,203,819,10
2021-09-29,Tulare,107,460477,63595,62046,13328,75374,908
2021-09-29,Tuolumne,109,53932,6416,6336,75,6411,89
2021-09-29,Ventura,111,848112,95605,94753,4186,98939,1144
2021-09-29,Yolo,113,214977,18812,18587,987,19574,239
2021-09-29,Yuba,115,75493,9476,9351,221,9572,66
2021-09-28,Alameda,001,1643700,115778,114869,2668,117537,1333
2021-09-28,Alpine,003,1148,99,101,0,101,0
2021-09-28,Amador,005,37829,5172,5049,53,5102,61
2021-09-28,Butte,007,227075,19228,18764,3458,22222,241
2021-09-28,Calaveras,009,45235,3629,3530,43,3573,72
2021-09-28,Colusa,011,21464,2427,2399,563,2962,18
2021-09-28,Contra Costa,013,1133247,96042,95115,2025,97140,929
2021-09-28,Del Norte,015,27424,3546,3462,35,3497,39
2021-09-28,El Dorado,017,186661,15063,14793,1546,16339,133
2021-09-28,Fresno,019,978130,130041,127877,11786,139663,1948
2021-09-28,Glenn,021,27897,3287,3205,920,4125,26
2021-09-28,Humboldt,023,135768,8344,8159,429,8588,91
2021-09-28,Imperial,025,180216,31866,31543,3273,34816,757
2021-09-28,Inyo,027,18085,1773,1708,34,1742,39
2021-09-28,Kern,029,883053,119448,117420,19051,136471,1506
2021-09-28,Kings,031,150075,29786,29141,1721,30862,295
2021-09-28,Lake,033,64148,6261,6155,126,6281,95
2021-09-28,Lassen,035,31185,6451,6340,299,6639,25
2021-09-28,Los Angeles,037,10098052,1403732,1392445,52999,1445444,26068
2021-09-28,Madera,039,155013,21217,20764,1746,22510,266
2021-09-28,Marin,041,260295,17049,16887,410,17297,242
2021-09-28,Mariposa,043,17540,1003,952,33,985,5
2021-09-28,Mendocino,045,87422,6994,6804,384,7188,78
2021-09-28,Merced,047,269075,39374,38953,1552,40505,551
2021-09-28,Modoc,049,8938,481,467,170,637,5
2021-09-28,Mono,051,14174,1564,1527,20,1547,3
2021-09-28,Monterey,053,433212,47794,46859,2672,49531,571
2021-09-28,Napa,055,140530,12502,12388,92,12480,96
2021-09-28,Nevada,057,99092,8549,8409,299,8708,84
2021-09-28,Orange,059,3164182,299238,296596,14210,310806,5421
2021-09-28,Placer,061,380077,34756,34187,3287,37474,370
2021-09-28,Plumas,063,18699,1346,1276,26,1302,6
2021-09-28,Riverside,065,2383286,351166,346096,16036,362132,4874
2021-09-28,Sacramento,067,1510023,150517,149310,3956,153266,2086
2021-09-28,San Benito,069,59416,7075,7028,149,7177,69
2021-09-28,San Bernardino,071,2135413,343074,340342,10703,351045,5540
2021-09-28,San Diego,073,3302833,358165,355373,20946,376319,4054
2021-09-28,San Francisco,075,870044,50925,50234,2198,52432,627
2021-09-28,San Joaquin,077,732212,95410,94194,5130,99324,1639
2021-09-28,San Luis Obispo,079,281455,28261,27755,1133,28888,321
2021-09-28,San Mateo,081,765935,52574,51620,797,52417,571
2021-09-28,Santa Barbara,083,443738,42554,42226,1557,43783,506
2021-09-28,Santa Clara,085,1922200,142214,140886,1147,142033,1858
2021-09-28,Santa Cruz,087,273765,19604,19324,982,20306,214
2021-09-28,Shasta,089,179085,19210,18701,3198,21899,267
2021-09-28,Sierra,091,2930,135,130,13,143,0
2021-09-28,Siskiyou,093,43540,3146,3032,1147,4179,42
2021-09-28,Solano,095,438530,44467,43652,1164,44816,316
2021-09-28,Sonoma,097,501317,39693,39395,495,39890,370
2021-09-28,Stanislaus,099,539301,73701,73528,8339,81867,1094
2021-09-28,Sutter,101,95872,13253,13102,271,13373,155
2021-09-28,Tehama,103,63373,7600,7382,1258,8640,88
2021-09-28,Trinity,105,12862,777,613,203,816,10
2021-09-28,Tulare,107,460477,63435,61916,13269,75185,905
2021-09-28,Tuolumne,109,53932,6390,6308,75,6383,89
2021-09-28,Ventura,111,848112,95479,94632,4183,98815,1143
2021-09-28,Yolo,113,214977,18786,18564,984,19548,239
2021-09-28,Yuba,115,75493,9457,9323,220,9543,66
2021-09-27,Alameda,001,1643700,115584,114731,2659,117390,1327
2021-09-27,Alpine,003,1148,99,101,0,101,0
2021-09-27,Amador,005,37829,5158,5017,53,5070,59
2021-09-27,Butte,007,227075,19171,18687,3442,22129,239
2021-09-27,Calaveras,009,45235,3609,3514,42,3556,70
2021-09-27,Colusa,011,21464,2426,2393,562,2955,18
2021-09-27,Contra Costa,013,1133247,95911,94979,2016,96995,924
2021-09-27,Del Norte,015,27424,3544,3468,33,3501,37
2021-09-27,El Dorado,017,186661,15024,14764,1539,16303,132
2021-09-27,Fresno,019,978130,129722,127475,11753,139228,1942
2021-09-27,Glenn,021,27897,3274,3189,916,4105,26
2021-09-27,Humboldt,023,135768,8304,8118,429,8547,91
2021-09-27,Imperial,025,180216,31803,31491,3265,34756,756
2021-09-27,Inyo,027,18085,1761,1698,34,1732,39
2021-09-27,Kern,029,883053,119172,117064,18953,136017,1503
2021-09-27,Kings,031,150075,29688,28998,1709,30707,297
2021-09-27,Lake,033,64148,6241,6126,124,6250,95
2021-09-27,Lassen,035,31185,6436,6327,295,6622,25
2021-09-27,Los Angeles,037,10098052,1402396,1391538,52930,1444468,26040
2021-09-27,Madera,039,155013,21152,20691,1738,22429,262
2021-09-27,Marin,041,260295,17027,16861,409,17270,242
2021-09-27,Mariposa,043,17540,993,931,33,964,5
2021-09-27,Mendocino,045,87422,6968,6761,377,7138,74
2021-09-27,Merced,047,269075,39275,38840,1546,40386,548
2021-09-27,Modoc,049,8938,480,465,168,633,5
2021-09-27,Mono,051,14174,1552,1525,20,1545,3
2021-09-27,Monterey,053,433212,47751,46811,2660,49471,571
2021-09-27,Napa,055,140530,12478,12354,91,12445,95
2021-09-27,Nevada,057,99092,8525,8379,296,8675,84
2021-09-27,Orange,059,3164182,298933,296334,14179,310513,5409
2021-09-27,Placer,061,380077,34669,34087,3282,37369,370
2021-09-27,Plumas,063,18699,1336,1269,26,1295,6
2021-09-27,Riverside,065,2383286,350724,345529,16026,361555,4864
2021-09-27,Sacramento,067,1510023,150199,149096,3934,153030,2076
2021-09-27,San Benito,069,59416,7058,7017,149,7166,67
2021-09-27,San Bernardino,071,2135413,342660,339952,10678,350630,5544
2021-09-27,San Diego,073,3302833,357507,354755,20921,375676,4054
2021-09-27,San Francisco,075,870044,50841,50157,2194,52351,622
2021-09-27,San Joaquin,077,732212,95226,94085,5127,99212,1633
2021-09-27,San Luis Obispo,079,281455,28206,27674,1130,28804,320
2021-09-27,San Mateo,081,765935,52497,51552,797,52349,571
2021-09-27,Santa Barbara,083,443738,42487,42012,1553,43565,505
2021-09-27,Santa Clara,085,1922200,142032,140802,1137,141939,1853
2021-09-27,Santa Cruz,087,273765,19580,19292,981,20273,214
2021-09-27,Shasta,089,179085,19129,18599,3171,21770,267
2021-09-27,Sierra,091,2930,135,128,13,141,0
2021-09-27,Siskiyou,093,43540,3134,3015,1142,4157,42
2021-09-27,Solano,095,438530,44392,43582,1158,44740,314
2021-09-27,Sonoma,097,501317,39640,39347,495,39842,370
2021-09-27,Stanislaus,099,539301,73547,73370,8319,81689,1091
2021-09-27,Sutter,101,95872,13222,13082,268,13350,155
2021-09-27,Tehama,103,63373,7559,7345,1249,8594,88
2021-09-27,Trinity,105,12862,766,605,202,807,9
2021-09-27,Tulare,107,460477,63235,61708,13198,74906,904
2021-09-27,Tuolumne,109,53932,6369,6264,75,6339,89
2021-09-27,Ventura,111,848112,95353,94477,4179,98656,1138
2021-09-27,Yolo,113,214977,18754,18524,983,19507,239
2021-09-27,Yuba,115,75493,9420,9292,216,9508,64
2021-09-26,Alameda,001,1643700,115389,114601,2652,117253,1326
2021-09-26,Alpine,003,1148,99,101,0,101,0
2021-09-26,Amador,005,37829,5126,5001,52,5053,59
2021-09-26,Butte,007,227075,19095,18634,3425,22059,238
2021-09-26,Calaveras,009,45235,3587,3505,42,3547,70
2021-09-26,Colusa,011,21464,2421,2392,559,2951,18
2021-09-26,Contra Costa,013,1133247,95736,94877,2002,96879,924
2021-09-26,Del Norte,015,27424,3539,3466,32,3498,37
2021-09-26,El Dorado,017,186661,14982,14738,1531,16269,132
2021-09-26,Fresno,019,978130,129365,127235,11709,138944,1939
2021-09-26,Glenn,021,27897,3266,3182,912,4094,26
2021-09-26,Humboldt,023,135768,8269,8098,428,8526,91
2021-09-26,Imperial,025,180216,31742,31462,3263,34725,756
2021-09-26,Inyo,027,18085,1746,1685,34,1719,39
2021-09-26,Kern,029,883053,118835,116927,18843,135770,1502
2021-09-26,Kings,031,150075,29587,28930,1698,30628,293
2021-09-26,Lake,033,64148,6224,6113,124,6237,95
2021-09-26,Lassen,035,31185,6426,6319,290,6609,25
2021-09-26,Los Angeles,037,10098052,1400907,1390577,52859,1443436,26035
2021-09-26,Madera,039,155013,21078,20629,1719,22348,262
2021-09-26,Marin,041,260295,17004,16860,409,17269,242
2021-09-26,Mariposa,043,17540,987,929,33,962,5
2021-09-26,Mendocino,045,87422,6934,6744,360,7104,74
2021-09-26,Merced,047,269075,39114,38717,1538,40255,548
2021-09-26,Modoc,049,8938,480,465,167,632,5
2021-09-26,Mono,051,14174,1548,1516,20,1536,3
2021-09-26,Monterey,053,433212,47704,46792,2646,49438,571
2021-09-26,Napa,055,140530,12454,12340,90,12430,95
2021-09-26,Nevada,057,99092,8494,8356,291,8647,84
2021-09-26,Orange,059,3164182,298594,296085,14147,310232,5409
2021-09-26,Placer,061,380077,34575,34043,3272,37315,370
2021-09-26,Plumas,063,18699,1318,1268,26,1294,6
2021-09-26,Riverside,065,2383286,350191,345257,16012,361269,4864
2021-09-26,Sacramento,067,1510023,149795,148745,3915,152660,2071
2021-09-26,San Benito,069,59416,7041,7012,148,7160,67
2021-09-26,San Bernardino,071,2135413,342205,339771,10663,350434,5545
2021-09-26,San Diego,073,3302833,356865,354414,20880,375294,4051
2021-09-26,San Francisco,075,870044,50715,50092,2185,52277,622
2021-09-26,San Joaquin,077,732212,95022,93935,5113,99048,1633
2021-09-26,San Luis Obispo,079,281455,28132,27624,1125,28749,319
2021-09-26,San Mateo,081,765935,52428,51496,795,52291,571
2021-09-26,Santa Barbara,083,443738,42400,41946,1550,43496,505
2021-09-26,Santa Clara,085,1922200,141832,140667,1133,141800,1852
2021-09-26,Santa Cruz,087,273765,19555,19279,981,20260,214
2021-09-26,Shasta,089,179085,19020,18566,3148,21714,266
2021-09-26,Sierra,091,2930,135,128,13,141,0
2021-09-26,Siskiyou,093,43540,3120,2998,1132,4130,42
2021-09-26,Solano,095,438530,44325,43537,1157,44694,314
2021-09-26,Sonoma,097,501317,39581,39302,495,39797,370
2021-09-26,Stanislaus,099,539301,73346,73243,8291,81534,1091
2021-09-26,Sutter,101,95872,13185,13045,267,13312,155
2021-09-26,Tehama,103,63373,7501,7323,1238,8561,88
2021-09-26,Trinity,105,12862,763,591,202,793,9
2021-09-26,Tulare,107,460477,63014,61560,13120,74680,904
2021-09-26,Tuolumne,109,53932,6341,6236,73,6309,89
2021-09-26,Ventura,111,848112,95239,94391,4172,98563,1138
2021-09-26,Yolo,113,214977,18718,18496,975,19471,239
2021-09-26,Yuba,115,75493,9393,9275,216,9491,64
2021-09-25,Alameda,001,1643700,115310,114014,2649,116663,1324
2021-09-25,Alpine,003,1148,99,101,0,101,0
2021-09-25,Amador,005,37829,5112,4934,52,4986,59
2021-09-25,Butte,007,227075,19066,18396,3416,21812,236
2021-09-25,Calaveras,009,45235,3584,3461,42,3503,70
2021-09-25,Colusa,011,21464,2419,2387,557,2944,16
2021-09-25,Contra Costa,013,1133247,95665,94337,1998,96335,924
2021-09-25,Del Norte,015,27424,3538,3404,32,3436,35
2021-09-25,El Dorado,017,186661,14959,14641,1527,16168,130
2021-09-25,Fresno,019,978130,129221,126299,11692,137991,1927
2021-09-25,Glenn,021,27897,3261,3144,911,4055,25
2021-09-25,Humboldt,023,135768,8250,8014,426,8440,88
2021-09-25,Imperial,025,180216,31715,31280,3263,34543,755
2021-09-25,Inyo,027,18085,1738,1657,34,1691,39
2021-09-25,Kern,029,883053,118679,116021,18775,134796,1485
2021-09-25,Kings,031,150075,29536,28636,1695,30331,293
2021-09-25,Lake,033,64148,6219,6046,122,6168,92
2021-09-25,Lassen,035,31185,6414,6248,289,6537,25
2021-09-25,Los Angeles,037,10098052,1400192,1386417,52819,1439236,25964
2021-09-25,Madera,039,155013,21053,20432,1713,22145,262
2021-09-25,Marin,041,260295,16995,16802,407,17209,242
2021-09-25,Mariposa,043,17540,982,906,33,939,5
2021-09-25,Mendocino,045,87422,6915,6657,359,7016,74
2021-09-25,Merced,047,269075,39068,38393,1536,39929,546
2021-09-25,Modoc,049,8938,480,460,167,627,5
2021-09-25,Mono,051,14174,1545,1501,20,1521,3
2021-09-25,Monterey,053,433212,47674,46653,2644,49297,567
2021-09-25,Napa,055,140530,12434,12266,90,12356,95
2021-09-25,Nevada,057,99092,8477,8285,291,8576,84
2021-09-25,Orange,059,3164182,298421,294514,14129,308643,5374
2021-09-25,Placer,061,380077,34511,33764,3269,37033,367
2021-09-25,Plumas,063,18699,1314,1238,26,1264,6
2021-09-25,Riverside,065,2383286,349868,343463,16004,359467,4843
2021-09-25,Sacramento,067,1510023,149619,147728,3906,151634,2049
2021-09-25,San Benito,069,59416,7036,6965,148,7113,67
2021-09-25,San Bernardino,071,2135413,341971,338413,10649,349062,5540
2021-09-25,San Diego,073,3302833,356515,352017,20854,372871,4039
2021-09-25,San Francisco,075,870044,50671,49840,2184,52024,615
2021-09-25,San Joaquin,077,732212,94936,93273,5111,98384,1628
2021-09-25,San Luis Obispo,079,281455,28094,27447,1121,28568,318
2021-09-25,San Mateo,081,765935,52364,51266,793,52059,568
2021-09-25,Santa Barbara,083,443738,42342,41728,1550,43278,505
2021-09-25,Santa Clara,085,1922200,141726,140023,1131,141154,1844
2021-09-25,Santa Cruz,087,273765,19539,19200,979,20179,214
2021-09-25,Shasta,089,179085,18969,18256,3139,21395,262
2021-09-25,Sierra,091,2930,134,127,13,140,0
2021-09-25,Siskiyou,093,43540,3113,2956,1122,4078,41
2021-09-25,Solano,095,438530,44284,43331,1154,44485,312
2021-09-25,Sonoma,097,501317,39540,39112,495,39607,369
2021-09-25,Stanislaus,099,539301,73236,72628,8277,80905,1091
2021-09-25,Sutter,101,95872,13167,12976,264,13240,154
2021-09-25,Tehama,103,63373,7486,7200,1236,8436,86
2021-09-25,Trinity,105,12862,763,576,202,778,9
2021-09-25,Tulare,107,460477,62932,60909,13075,73984,898
2021-09-25,Tuolumne,109,53932,6329,6168,73,6241,89
2021-09-25,Ventura,111,848112,95172,94059,4168,98227,1129
2021-09-25,Yolo,113,214977,18696,18393,974,19367,239
2021-09-25,Yuba,115,75493,9373,9191,216,9407,61
2021-09-24,Alameda,001,1643700,115206,114014,2645,116659,1324
2021-09-24,Alpine,003,1148,99,101,0,101,0
2021-09-24,Amador,005,37829,5082,4934,52,4986,59
2021-09-24,Butte,007,227075,19014,18396,3407,21803,236
2021-09-24,Calaveras,009,45235,3577,3461,41,3502,70
2021-09-24,Colusa,011,21464,2416,2387,556,2943,16
2021-09-24,Contra Costa,013,1133247,95555,94337,1994,96331,924
2021-09-24,Del Norte,015,27424,3535,3404,32,3436,35
2021-09-24,El Dorado,017,186661,14941,14641,1523,16164,130
2021-09-24,Fresno,019,978130,129023,126299,11680,137979,1927
2021-09-24,Glenn,021,27897,3253,3144,911,4055,25
2021-09-24,Humboldt,023,135768,8231,8014,423,8437,88
2021-09-24,Imperial,025,180216,31677,31280,3260,34540,755
2021-09-24,Inyo,027,18085,1729,1657,34,1691,39
2021-09-24,Kern,029,883053,118543,116021,18709,134730,1485
2021-09-24,Kings,031,150075,29495,28636,1690,30326,293
2021-09-24,Lake,033,64148,6211,6046,122,6168,92
2021-09-24,Lassen,035,31185,6406,6248,288,6536,25
2021-09-24,Los Angeles,037,10098052,1399311,1386417,52776,1439193,25964
2021-09-24,Madera,039,155013,21022,20432,1704,22136,262
2021-09-24,Marin,041,260295,16981,16802,406,17208,242
2021-09-24,Mariposa,043,17540,970,906,33,939,5
2021-09-24,Mendocino,045,87422,6902,6657,359,7016,74
2021-09-24,Merced,047,269075,39024,38393,1536,39929,546
2021-09-24,Modoc,049,8938,480,460,166,626,5
2021-09-24,Mono,051,14174,1540,1501,20,1521,3
2021-09-24,Monterey,053,433212,47653,46653,2636,49289,567
2021-09-24,Napa,055,140530,12415,12266,90,12356,95
2021-09-24,Nevada,057,99092,8463,8285,288,8573,84
2021-09-24,Orange,059,3164182,298213,294514,14111,308625,5374
2021-09-24,Placer,061,380077,34456,33764,3256,37020,367
2021-09-24,Plumas,063,18699,1310,1238,26,1264,6
2021-09-24,Riverside,065,2383286,349534,343463,15995,359458,4843
2021-09-24,Sacramento,067,1510023,149435,147728,3902,151630,2049
2021-09-24,San Benito,069,59416,7030,6965,148,7113,67
2021-09-24,San Bernardino,071,2135413,341704,338413,10639,349052,5540
2021-09-24,San Diego,073,3302833,356161,352017,20839,372856,4039
2021-09-24,San Francisco,075,870044,50607,49840,2176,52016,615
2021-09-24,San Joaquin,077,732212,94823,93273,5109,98382,1628
2021-09-24,San Luis Obispo,079,281455,28063,27447,1116,28563,318
2021-09-24,San Mateo,081,765935,52304,51266,792,52058,568
2021-09-24,Santa Barbara,083,443738,42302,41728,1549,43277,505
2021-09-24,Santa Clara,085,1922200,141614,140023,1130,141153,1844
2021-09-24,Santa Cruz,087,273765,19516,19200,978,20178,214
2021-09-24,Shasta,089,179085,18914,18256,3125,21381,262
2021-09-24,Sierra,091,2930,133,127,13,140,0
2021-09-24,Siskiyou,093,43540,3104,2956,1116,4072,41
2021-09-24,Solano,095,438530,44247,43331,1152,44483,312
2021-09-24,Sonoma,097,501317,39507,39112,495,39607,369
2021-09-24,Stanislaus,099,539301,73121,72628,8262,80890,1091
2021-09-24,Sutter,101,95872,13148,12976,263,13239,154
2021-09-24,Tehama,103,63373,7474,7200,1231,8431,86
2021-09-24,Trinity,105,12862,760,576,202,778,9
2021-09-24,Tulare,107,460477,62841,60909,13033,73942,898
2021-09-24,Tuolumne,109,53932,6300,6168,73,6241,89
2021-09-24,Ventura,111,848112,95094,94059,4161,98220,1129
2021-09-24,Yolo,113,214977,18664,18393,971,19364,239
2021-09-24,Yuba,115,75493,9354,9191,216,9407,61
2021-09-23,Alameda,001,1643700,115046,114014,2639,116653,1324
2021-09-23,Alpine,003,1148,99,101,0,101,0
2021-09-23,Amador,005,37829,5069,4934,52,4986,59
2021-09-23,Butte,007,227075,18952,18396,3383,21779,236
2021-09-23,Calaveras,009,45235,3556,3461,41,3502,70
2021-09-23,Colusa,011,21464,2414,2387,554,2941,16
2021-09-23,Contra Costa,013,1133247,95414,94337,1987,96324,924
2021-09-23,Del Norte,015,27424,3526,3404,31,3435,35
2021-09-23,El Dorado,017,186661,14915,14641,1517,16158,130
2021-09-23,Fresno,019,978130,128727,126299,11661,137960,1927
2021-09-23,Glenn,021,27897,3239,3144,908,4052,25
2021-09-23,Humboldt,023,135768,8206,8014,421,8435,88
2021-09-23,Imperial,025,180216,31641,31280,3260,34540,755
2021-09-23,Inyo,027,18085,1715,1657,34,1691,39
2021-09-23,Kern,029,883053,118284,116021,18628,134649,1485
2021-09-23,Kings,031,150075,29391,28636,1681,30317,293
2021-09-23,Lake,033,64148,6201,6046,122,6168,92
2021-09-23,Lassen,035,31185,6397,6248,283,6531,25
2021-09-23,Los Angeles,037,10098052,1398117,1386417,52711,1439128,25964
2021-09-23,Madera,039,155013,20940,20432,1700,22132,262
2021-09-23,Marin,041,260295,16966,16802,403,17205,242
2021-09-23,Mariposa,043,17540,957,906,33,939,5
2021-09-23,Mendocino,045,87422,6880,6657,354,7011,74
2021-09-23,Merced,047,269075,38921,38393,1529,39922,546
2021-09-23,Modoc,049,8938,479,460,166,626,5
2021-09-23,Mono,051,14174,1537,1501,20,1521,3
2021-09-23,Monterey,053,433212,47604,46653,2624,49277,567
2021-09-23,Napa,055,140530,12398,12266,90,12356,95
2021-09-23,Nevada,057,99092,8436,8285,288,8573,84
2021-09-23,Orange,059,3164182,297916,294514,14087,308601,5374
2021-09-23,Placer,061,380077,34380,33764,3249,37013,367
2021-09-23,Plumas,063,18699,1293,1238,25,1263,6
2021-09-23,Riverside,065,2383286,349081,343463,15988,359451,4843
2021-09-23,Sacramento,067,1510023,149105,147728,3882,151610,2049
2021-09-23,San Benito,069,59416,7019,6965,148,7113,67
2021-09-23,San Bernardino,071,2135413,341342,338413,10624,349037,5540
2021-09-23,San Diego,073,3302833,355697,352017,20800,372817,4039
2021-09-23,San Francisco,075,870044,50534,49840,2174,52014,615
2021-09-23,San Joaquin,077,732212,94650,93273,5094,98367,1628
2021-09-23,San Luis Obispo,079,281455,28020,27447,1114,28561,318
2021-09-23,San Mateo,081,765935,52229,51266,791,52057,568
2021-09-23,Santa Barbara,083,443738,42224,41728,1546,43274,505
2021-09-23,Santa Clara,085,1922200,141464,140023,1123,141146,1844
2021-09-23,Santa Cruz,087,273765,19485,19200,978,20178,214
2021-09-23,Shasta,089,179085,18834,18256,3108,21364,262
2021-09-23,Sierra,091,2930,133,127,13,140,0
2021-09-23,Siskiyou,093,43540,3100,2956,1105,4061,41
2021-09-23,Solano,095,438530,44179,43331,1149,44480,312
2021-09-23,Sonoma,097,501317,39448,39112,492,39604,369
2021-09-23,Stanislaus,099,539301,72965,72628,8230,80858,1091
2021-09-23,Sutter,101,95872,13119,12976,263,13239,154
2021-09-23,Tehama,103,63373,7433,7200,1226,8426,86
2021-09-23,Trinity,105,12862,746,576,201,777,9
2021-09-23,Tulare,107,460477,62664,60909,12978,73887,898
2021-09-23,Tuolumne,109,53932,6275,6168,72,6240,89
2021-09-23,Ventura,111,848112,94991,94059,4154,98213,1129
2021-09-23,Yolo,113,214977,18633,18393,966,19359,239
2021-09-23,Yuba,115,75493,9326,9191,215,9406,61
2021-09-22,Alameda,001,1643700,114888,113862,2635,116497,1322
2021-09-22,Alpine,003,1148,99,100,0,100,0
2021-09-22,Amador,005,37829,5053,4915,52,4967,59
2021-09-22,Butte,007,227075,18893,18337,3368,21705,235
2021-09-22,Calaveras,009,45235,3540,3448,41,3489,70
2021-09-22,Colusa,011,21464,2409,2384,553,2937,16
2021-09-22,Contra Costa,013,1133247,95230,94209,1978,96187,924
2021-09-22,Del Norte,015,27424,3515,3386,30,3416,35
2021-09-22,El Dorado,017,186661,14879,14605,1510,16115,127
2021-09-22,Fresno,019,978130,128470,126006,11646,137652,1908
2021-09-22,Glenn,021,27897,3232,3138,907,4045,25
2021-09-22,Humboldt,023,135768,8184,7998,413,8411,80
2021-09-22,Imperial,025,180216,31589,31243,3252,34495,755
2021-09-22,Inyo,027,18085,1705,1651,34,1685,39
2021-09-22,Kern,029,883053,118043,115757,18506,134263,1477
2021-09-22,Kings,031,150075,29306,28589,1675,30264,292
2021-09-22,Lake,033,64148,6189,6035,122,6157,93
2021-09-22,Lassen,035,31185,6377,6209,279,6488,25
2021-09-22,Los Angeles,037,10098052,1396794,1384719,52655,1437374,25930
2021-09-22,Madera,039,155013,20883,20382,1690,22072,262
2021-09-22,Marin,041,260295,16956,16782,400,17182,242
2021-09-22,Mariposa,043,17540,951,901,33,934,5
2021-09-22,Mendocino,045,87422,6853,6624,348,6972,70
2021-09-22,Merced,047,269075,38789,38305,1527,39832,541
2021-09-22,Modoc,049,8938,476,458,166,624,5
2021-09-22,Mono,051,14174,1528,1496,19,1515,3
2021-09-22,Monterey,053,433212,47553,46615,2617,49232,566
2021-09-22,Napa,055,140530,12375,12248,89,12337,95
2021-09-22,Nevada,057,99092,8413,8273,285,8558,84
2021-09-22,Orange,059,3164182,297640,294214,14070,308284,5366
2021-09-22,Placer,061,380077,34293,33661,3236,36897,367
2021-09-22,Plumas,063,18699,1281,1230,25,1255,6
2021-09-22,Riverside,065,2383286,348546,342946,15963,358909,4830
2021-09-22,Sacramento,067,1510023,148793,147533,3851,151384,2043
2021-09-22,San Benito,069,59416,7008,6961,146,7107,67
2021-09-22,San Bernardino,071,2135413,340947,337938,10615,348553,5528
2021-09-22,San Diego,073,3302833,355238,351132,20776,371908,4027
2021-09-22,San Francisco,075,870044,50449,49734,2169,51903,610
2021-09-22,San Joaquin,077,732212,94418,93010,5068,98078,1626
2021-09-22,San Luis Obispo,079,281455,27972,27398,1111,28509,315
2021-09-22,San Mateo,081,765935,52156,51197,787,51984,568
2021-09-22,Santa Barbara,083,443738,42161,41678,1545,43223,504
2021-09-22,Santa Clara,085,1922200,141301,139803,1116,140919,1844
2021-09-22,Santa Cruz,087,273765,19446,19177,978,20155,214
2021-09-22,Shasta,089,179085,18744,18153,3096,21249,260
2021-09-22,Sierra,091,2930,133,127,13,140,0
2021-09-22,Siskiyou,093,43540,3083,2947,1095,4042,41
2021-09-22,Solano,095,438530,44114,43269,1148,44417,312
2021-09-22,Sonoma,097,501317,39395,39063,491,39554,369
2021-09-22,Stanislaus,099,539301,72800,72355,8211,80566,1091
2021-09-22,Sutter,101,95872,13099,12960,260,13220,153
2021-09-22,Tehama,103,63373,7406,7173,1223,8396,86
2021-09-22,Trinity,105,12862,745,572,201,773,9
2021-09-22,Tulare,107,460477,62455,60776,12907,73683,896
2021-09-22,Tuolumne,109,53932,6254,6155,71,6226,89
2021-09-22,Ventura,111,848112,94886,93978,4148,98126,1122
2021-09-22,Yolo,113,214977,18594,18342,959,19301,239
2021-09-22,Yuba,115,75493,9297,9169,210,9379,61
2021-09-21,Alameda,001,1643700,114734,113765,2635,116400,1321
2021-09-21,Alpine,003,1148,99,100,0,100,0
2021-09-21,Amador,005,37829,5031,4897,52,4949,59
2021-09-21,Butte,007,227075,18797,18229,3331,21560,232
2021-09-21,Calaveras,009,45235,3523,3437,41,3478,70
2021-09-21,Colusa,011,21464,2406,2378,552,2930,16
2021-09-21,Contra Costa,013,1133247,95036,94101,1964,96065,924
2021-09-21,Del Norte,015,27424,3502,3378,30,3408,34
2021-09-21,El Dorado,017,186661,14849,14578,1503,16081,127
2021-09-21,Fresno,019,978130,128119,125789,11620,137409,1892
2021-09-21,Glenn,021,27897,3225,3134,903,4037,25
2021-09-21,Humboldt,023,135768,8152,7955,408,8363,80
2021-09-21,Imperial,025,180216,31532,31185,3250,34435,755
2021-09-21,Inyo,027,18085,1695,1646,34,1680,39
2021-09-21,Kern,029,883053,117750,115534,18392,133926,1467
2021-09-21,Kings,031,150075,29218,28545,1667,30212,291
2021-09-21,Lake,033,64148,6166,6013,122,6135,90
2021-09-21,Lassen,035,31185,6359,6159,275,6434,25
2021-09-21,Los Angeles,037,10098052,1395338,1383277,52599,1435876,25893
2021-09-21,Madera,039,155013,20823,20317,1680,21997,262
2021-09-21,Marin,041,260295,16941,16748,399,17147,242
2021-09-21,Mariposa,043,17540,946,894,32,926,5
2021-09-21,Mendocino,045,87422,6815,6580,337,6917,68
2021-09-21,Merced,047,269075,38667,38225,1523,39748,539
2021-09-21,Modoc,049,8938,473,458,166,624,5
2021-09-21,Mono,051,14174,1526,1495,18,1513,3
2021-09-21,Monterey,053,433212,47485,46583,2605,49188,565
2021-09-21,Napa,055,140530,12354,12238,89,12327,95
2021-09-21,Nevada,057,99092,8386,8259,276,8535,84
2021-09-21,Orange,059,3164182,297309,293898,14040,307938,5357
2021-09-21,Placer,061,380077,34192,33609,3225,36834,365
2021-09-21,Plumas,063,18699,1274,1225,25,1250,5
2021-09-21,Riverside,065,2383286,347986,342460,15939,358399,4817
2021-09-21,Sacramento,067,1510023,148411,147378,3823,151201,2027
2021-09-21,San Benito,069,59416,6997,6950,145,7095,67
2021-09-21,San Bernardino,071,2135413,340505,337387,10598,347985,5520
2021-09-21,San Diego,073,3302833,354622,350265,20750,371015,4021
2021-09-21,San Francisco,075,870044,50353,49653,2165,51818,609
2021-09-21,San Joaquin,077,732212,94184,92762,5057,97819,1621
2021-09-21,San Luis Obispo,079,281455,27913,27318,1107,28425,314
2021-09-21,San Mateo,081,765935,52086,51136,787,51923,568
2021-09-21,Santa Barbara,083,443738,42092,41644,1541,43185,503
2021-09-21,Santa Clara,085,1922200,141084,139657,1112,140769,1843
2021-09-21,Santa Cruz,087,273765,19416,19140,977,20117,212
2021-09-21,Shasta,089,179085,18616,18027,3072,21099,258
2021-09-21,Sierra,091,2930,133,127,13,140,0
2021-09-21,Siskiyou,093,43540,3069,2927,1081,4008,36
2021-09-21,Solano,095,438530,44038,43220,1148,44368,311
2021-09-21,Sonoma,097,501317,39342,39042,491,39533,369
2021-09-21,Stanislaus,099,539301,72616,72211,8189,80400,1091
2021-09-21,Sutter,101,95872,13076,12930,257,13187,153
2021-09-21,Tehama,103,63373,7360,7151,1219,8370,85
2021-09-21,Trinity,105,12862,734,572,199,771,9
2021-09-21,Tulare,107,460477,62241,60607,12846,73453,896
2021-09-21,Tuolumne,109,53932,6222,6139,71,6210,89
2021-09-21,Ventura,111,848112,94781,93818,4140,97958,1120
2021-09-21,Yolo,113,214977,18558,18313,955,19268,239
2021-09-21,Yuba,115,75493,9269,9135,210,9345,61
2021-09-20,Alameda,001,1643700,114552,113637,2631,116268,1320
2021-09-20,Alpine,003,1148,99,100,0,100,0
2021-09-20,Amador,005,37829,5013,4883,51,4934,59
2021-09-20,Butte,007,227075,18715,18135,3315,21450,231
2021-09-20,Calaveras,009,45235,3501,3395,40,3435,66
2021-09-20,Colusa,011,21464,2404,2376,549,2925,16
2021-09-20,Contra Costa,013,1133247,94886,93919,1958,95877,924
2021-09-20,Del Norte,015,27424,3494,3374,29,3403,34
2021-09-20,El Dorado,017,186661,14816,14545,1491,16036,127
2021-09-20,Fresno,019,978130,127707,125287,11593,136880,1889
2021-09-20,Glenn,021,27897,3214,3112,900,4012,25
2021-09-20,Humboldt,023,135768,8116,7938,403,8341,80
2021-09-20,Imperial,025,180216,31449,31146,3249,34395,755
2021-09-20,Inyo,027,18085,1687,1641,33,1674,39
2021-09-20,Kern,029,883053,117410,115271,18260,133531,1459
2021-09-20,Kings,031,150075,29131,28471,1661,30132,285
2021-09-20,Lake,033,64148,6151,5984,121,6105,87
2021-09-20,Lassen,035,31185,6329,6132,275,6407,25
2021-09-20,Los Angeles,037,10098052,1393817,1382206,52518,1434724,25858
2021-09-20,Madera,039,155013,20770,20203,1673,21876,257
2021-09-20,Marin,041,260295,16916,16732,397,17129,242
2021-09-20,Mariposa,043,17540,935,887,32,919,5
2021-09-20,Mendocino,045,87422,6781,6568,331,6899,67
2021-09-20,Merced,047,269075,38556,38144,1512,39656,536
2021-09-20,Modoc,049,8938,472,457,164,621,5
2021-09-20,Mono,051,14174,1520,1480,18,1498,3
2021-09-20,Monterey,053,433212,47443,46506,2587,49093,565
2021-09-20,Napa,055,140530,12329,12209,88,12297,95
2021-09-20,Nevada,057,99092,8366,8228,274,8502,84
2021-09-20,Orange,059,3164182,296966,293642,14013,307655,5354
2021-09-20,Placer,061,380077,34101,33531,3210,36741,364
2021-09-20,Plumas,063,18699,1269,1211,25,1236,5
2021-09-20,Riverside,065,2383286,347486,341961,15926,357887,4802
2021-09-20,Sacramento,067,1510023,148037,147016,3789,150805,2016
2021-09-20,San Benito,069,59416,6988,6947,144,7091,67
2021-09-20,San Bernardino,071,2135413,340111,337059,10582,347641,5507
2021-09-20,San Diego,073,3302833,353945,349579,20713,370292,4009
2021-09-20,San Francisco,075,870044,50246,49559,2164,51723,605
2021-09-20,San Joaquin,077,732212,93941,92614,5044,97658,1615
2021-09-20,San Luis Obispo,079,281455,27837,27259,1099,28358,313
2021-09-20,San Mateo,081,765935,52000,51100,784,51884,567
2021-09-20,Santa Barbara,083,443738,41993,41589,1537,43126,500
2021-09-20,Santa Clara,085,1922200,140883,139578,1110,140688,1841
2021-09-20,Santa Cruz,087,273765,19384,19121,977,20098,211
2021-09-20,Shasta,089,179085,18517,17893,3041,20934,258
2021-09-20,Sierra,091,2930,131,126,13,139,0
2021-09-20,Siskiyou,093,43540,3047,2902,1068,3970,35
2021-09-20,Solano,095,438530,43970,43152,1140,44292,312
2021-09-20,Sonoma,097,501317,39296,38991,491,39482,369
2021-09-20,Stanislaus,099,539301,72417,72031,8170,80201,1091
2021-09-20,Sutter,101,95872,13040,12896,252,13148,153
2021-09-20,Tehama,103,63373,7328,7121,1207,8328,84
2021-09-20,Trinity,105,12862,728,568,198,766,7
2021-09-20,Tulare,107,460477,62039,60302,12790,73092,896
2021-09-20,Tuolumne,109,53932,6196,6113,71,6184,89
2021-09-20,Ventura,111,848112,94668,93700,4133,97833,1120
2021-09-20,Yolo,113,214977,18512,18287,953,19240,239
2021-09-20,Yuba,115,75493,9233,9107,208,9315,61
2021-09-19,Alameda,001,1643700,114336,113446,2627,116073,1320
2021-09-19,Alpine,003,1148,99,100,0,100,0
2021-09-19,Amador,005,37829,4973,4875,50,4925,59
2021-09-19,Butte,007,227075,18622,18063,3288,21351,230
2021-09-19,Calaveras,009,45235,3477,3390,37,3427,66
2021-09-19,Colusa,011,21464,2402,2375,547,2922,16
2021-09-19,Contra Costa,013,1133247,94700,93788,1948,95736,924
2021-09-19,Del Norte,015,27424,3468,3344,28,3372,34
2021-09-19,El Dorado,017,186661,14763,14512,1485,15997,127
2021-09-19,Fresno,019,978130,127303,124985,11550,136535,1888
2021-09-19,Glenn,021,27897,3205,3102,897,3999,25
2021-09-19,Humboldt,023,135768,8071,7914,401,8315,80
2021-09-19,Imperial,025,180216,31380,31122,3246,34368,755
2021-09-19,Inyo,027,18085,1678,1639,33,1672,39
2021-09-19,Kern,029,883053,117097,115074,18154,133228,1459
2021-09-19,Kings,031,150075,29003,28416,1652,30068,284
2021-09-19,Lake,033,64148,6120,5962,121,6083,87
2021-09-19,Lassen,035,31185,6309,6129,269,6398,25
2021-09-19,Los Angeles,037,10098052,1391841,1381200,52419,1433619,25852
2021-09-19,Madera,039,155013,20691,20161,1662,21823,257
2021-09-19,Marin,041,260295,16887,16711,395,17106,242
2021-09-19,Mariposa,043,17540,927,881,32,913,5
2021-09-19,Mendocino,045,87422,6736,6538,325,6863,67
2021-09-19,Merced,047,269075,38399,38068,1503,39571,535
2021-09-19,Modoc,049,8938,469,457,162,619,5
2021-09-19,Mono,051,14174,1515,1480,18,1498,3
2021-09-19,Monterey,053,433212,47388,46486,2584,49070,565
2021-09-19,Napa,055,140530,12308,12190,86,12276,95
2021-09-19,Nevada,057,99092,8338,8203,272,8475,84
2021-09-19,Orange,059,3164182,296598,293258,13991,307249,5354
2021-09-19,Placer,061,380077,33988,33406,3192,36598,364
2021-09-19,Plumas,063,18699,1261,1211,25,1236,5
2021-09-19,Riverside,065,2383286,346893,341566,15917,357483,4804
2021-09-19,Sacramento,067,1510023,147677,146603,3744,150347,2012
2021-09-19,San Benito,069,59416,6969,6942,144,7086,67
2021-09-19,San Bernardino,071,2135413,339619,336688,10571,347259,5506
2021-09-19,San Diego,073,3302833,353231,349225,20676,369901,4006
2021-09-19,San Francisco,075,870044,50138,49458,2155,51613,605
2021-09-19,San Joaquin,077,732212,93644,92467,5033,97500,1615
2021-09-19,San Luis Obispo,079,281455,27736,27208,1090,28298,313
2021-09-19,San Mateo,081,765935,51901,51028,783,51811,567
2021-09-19,Santa Barbara,083,443738,41887,41512,1537,43049,500
2021-09-19,Santa Clara,085,1922200,140697,139410,1105,140515,1841
2021-09-19,Santa Cruz,087,273765,19346,19096,977,20073,211
2021-09-19,Shasta,089,179085,18403,17813,3005,20818,258
2021-09-19,Sierra,091,2930,130,126,13,139,0
2021-09-19,Siskiyou,093,43540,3021,2882,1059,3941,35
2021-09-19,Solano,095,438530,43881,43056,1135,44191,312
2021-09-19,Sonoma,097,501317,39224,38956,487,39443,369
2021-09-19,Stanislaus,099,539301,72173,71830,8146,79976,1091
2021-09-19,Sutter,101,95872,13013,12868,245,13113,153
2021-09-19,Tehama,103,63373,7274,7081,1198,8279,84
2021-09-19,Trinity,105,12862,717,562,196,758,7
2021-09-19,Tulare,107,460477,61778,60160,12696,72856,896
2021-09-19,Tuolumne,109,53932,6154,6097,71,6168,89
2021-09-19,Ventura,111,848112,94506,93491,4124,97615,1120
2021-09-19,Yolo,113,214977,18463,18238,947,19185,239
2021-09-19,Yuba,115,75493,9207,9087,207,9294,61
2021-09-18,Alameda,001,1643700,114236,113300,2626,115926,1320
2021-09-18,Alpine,003,1148,99,100,0,100,0
2021-09-18,Amador,005,37829,4963,4850,50,4900,59
2021-09-18,Butte,007,227075,18585,17961,3274,21235,230
2021-09-18,Calaveras,009,45235,3472,3361,36,3397,66
2021-09-18,Colusa,011,21464,2402,2373,546,2919,16
2021-09-18,Contra Costa,013,1133247,94610,93656,1944,95600,924
2021-09-18,Del Norte,015,27424,3460,3326,26,3352,34
2021-09-18,El Dorado,017,186661,14740,14472,1482,15954,127
2021-09-18,Fresno,019,978130,127161,124771,11532,136303,1889
2021-09-18,Glenn,021,27897,3196,3086,894,3980,25
2021-09-18,Humboldt,023,135768,8057,7881,400,8281,80
2021-09-18,Imperial,025,180216,31356,31096,3245,34341,755
2021-09-18,Inyo,027,18085,1672,1636,33,1669,39
2021-09-18,Kern,029,883053,116943,114781,18090,132871,1459
2021-09-18,Kings,031,150075,28955,28330,1647,29977,285
2021-09-18,Lake,033,64148,6103,5936,121,6057,87
2021-09-18,Lassen,035,31185,6299,6121,267,6388,25
2021-09-18,Los Angeles,037,10098052,1391083,1379880,52367,1432247,25849
2021-09-18,Madera,039,155013,20647,20126,1652,21778,257
2021-09-18,Marin,041,260295,16870,16685,394,17079,242
2021-09-18,Mariposa,043,17540,924,871,32,903,5
2021-09-18,Mendocino,045,87422,6715,6523,325,6848,67
2021-09-18,Merced,047,269075,38362,37977,1497,39474,535
2021-09-18,Modoc,049,8938,469,457,161,618,5
2021-09-18,Mono,051,14174,1512,1480,18,1498,3
2021-09-18,Monterey,053,433212,47350,46466,2581,49047,565
2021-09-18,Napa,055,140530,12296,12168,86,12254,95
2021-09-18,Nevada,057,99092,8321,8183,272,8455,84
2021-09-18,Orange,059,3164182,296404,293005,13977,306982,5354
2021-09-18,Placer,061,380077,33916,33309,3189,36498,364
2021-09-18,Plumas,063,18699,1260,1204,25,1229,5
2021-09-18,Riverside,065,2383286,346508,341136,15902,357038,4802
2021-09-18,Sacramento,067,1510023,147496,146162,3735,149897,2016
2021-09-18,San Benito,069,59416,6964,6937,144,7081,67
2021-09-18,San Bernardino,071,2135413,339347,336380,10558,346938,5501
2021-09-18,San Diego,073,3302833,352833,348848,20663,369511,4006
2021-09-18,San Francisco,075,870044,50075,49359,2150,51509,605
2021-09-18,San Joaquin,077,732212,93534,92242,5021,97263,1615
2021-09-18,San Luis Obispo,079,281455,27699,27181,1087,28268,313
2021-09-18,San Mateo,081,765935,51850,50961,781,51742,567
2021-09-18,Santa Barbara,083,443738,41822,41465,1537,43002,500
2021-09-18,Santa Clara,085,1922200,140577,139233,1102,140335,1841
2021-09-18,Santa Cruz,087,273765,19326,19079,977,20056,211
2021-09-18,Shasta,089,179085,18340,17777,2988,20765,258
2021-09-18,Sierra,091,2930,129,125,13,138,0
2021-09-18,Siskiyou,093,43540,3018,2875,1053,3928,35
2021-09-18,Solano,095,438530,43841,42966,1132,44098,312
2021-09-18,Sonoma,097,501317,39189,38891,485,39376,369
2021-09-18,Stanislaus,099,539301,72027,71587,8121,79708,1091
2021-09-18,Sutter,101,95872,12999,12829,245,13074,153
2021-09-18,Tehama,103,63373,7260,7055,1191,8246,84
2021-09-18,Trinity,105,12862,715,561,196,757,7
2021-09-18,Tulare,107,460477,61702,60003,12644,72647,896
2021-09-18,Tuolumne,109,53932,6139,6069,71,6140,89
2021-09-18,Ventura,111,848112,94438,93424,4119,97543,1120
2021-09-18,Yolo,113,214977,18436,18213,942,19155,239
2021-09-18,Yuba,115,75493,9193,9061,206,9267,61
2021-09-17,Alameda,001,1643700,114110,113070,2624,115694,1320
2021-09-17,Alpine,003,1148,99,99,0,99,0
2021-09-17,Amador,005,37829,4947,4835,49,4884,58
2021-09-17,Butte,007,227075,18533,17870,3265,21135,230
2021-09-17,Calaveras,009,45235,3460,3338,35,3373,66
2021-09-17,Colusa,011,21464,2401,2369,541,2910,16
2021-09-17,Contra Costa,013,1133247,94508,93485,1941,95426,924
2021-09-17,Del Norte,015,27424,3455,3311,24,3335,34
2021-09-17,El Dorado,017,186661,14721,14421,1480,15901,127
2021-09-17,Fresno,019,978130,126942,124296,11517,135813,1882
2021-09-17,Glenn,021,27897,3179,3072,890,3962,25
2021-09-17,Humboldt,023,135768,8035,7850,400,8250,80
2021-09-17,Imperial,025,180216,31330,31031,3243,34274,755
2021-09-17,Inyo,027,18085,1664,1634,33,1667,39
2021-09-17,Kern,029,883053,116752,114303,17993,132296,1456
2021-09-17,Kings,031,150075,28890,28240,1645,29885,281
2021-09-17,Lake,033,64148,6090,5915,121,6036,87
2021-09-17,Lassen,035,31185,6284,6080,265,6345,25
2021-09-17,Los Angeles,037,10098052,1390107,1377905,52300,1430205,25820
2021-09-17,Madera,039,155013,20595,20040,1640,21680,257
2021-09-17,Marin,041,260295,16857,16658,392,17050,242
2021-09-17,Mariposa,043,17540,922,869,32,901,5
2021-09-17,Mendocino,045,87422,6696,6498,325,6823,67
2021-09-17,Merced,047,269075,38315,37803,1495,39298,533
2021-09-17,Modoc,049,8938,469,456,161,617,5
2021-09-17,Mono,051,14174,1508,1457,18,1475,3
2021-09-17,Monterey,053,433212,47327,46421,2580,49001,564
2021-09-17,Napa,055,140530,12275,12153,86,12239,95
2021-09-17,Nevada,057,99092,8306,8157,272,8429,84
2021-09-17,Orange,059,3164182,296184,292685,13959,306644,5346
2021-09-17,Placer,061,380077,33855,33188,3179,36367,362
2021-09-17,Plumas,063,18699,1251,1192,24,1216,5
2021-09-17,Riverside,065,2383286,346107,340445,15891,356336,4792
2021-09-17,Sacramento,067,1510023,147297,145985,3724,149709,1999
2021-09-17,San Benito,069,59416,6961,6929,144,7073,67
2021-09-17,San Bernardino,071,2135413,338991,335810,10551,346361,5488
2021-09-17,San Diego,073,3302833,352398,348098,20646,368744,4002
2021-09-17,San Francisco,075,870044,50023,49249,2145,51394,605
2021-09-17,San Joaquin,077,732212,93396,91977,5010,96987,1610
2021-09-17,San Luis Obispo,079,281455,27665,27102,1076,28178,311
2021-09-17,San Mateo,081,765935,51796,50854,780,51634,564
2021-09-17,Santa Barbara,083,443738,41759,41354,1536,42890,498
2021-09-17,Santa Clara,085,1922200,140428,138939,1100,140039,1838
2021-09-17,Santa Cruz,087,273765,19301,19039,977,20016,211
2021-09-17,Shasta,089,179085,18269,17617,2975,20592,254
2021-09-17,Sierra,091,2930,129,124,13,137,0
2021-09-17,Siskiyou,093,43540,3003,2852,1053,3905,35
2021-09-17,Solano,095,438530,43778,42898,1128,44026,312
2021-09-17,Sonoma,097,501317,39152,38808,484,39292,369
2021-09-17,Stanislaus,099,539301,71920,71408,8103,79511,1091
2021-09-17,Sutter,101,95872,12983,12799,242,13041,153
2021-09-17,Tehama,103,63373,7236,7020,1179,8199,84
2021-09-17,Trinity,105,12862,710,556,195,751,7
2021-09-17,Tulare,107,460477,61587,59689,12610,72299,895
2021-09-17,Tuolumne,109,53932,6120,6047,71,6118,89
2021-09-17,Ventura,111,848112,94326,93273,4117,97390,1116
2021-09-17,Yolo,113,214977,18405,18177,938,19115,239
2021-09-17,Yuba,115,75493,9166,9019,205,9224,61
2021-09-16,Alameda,001,1643700,113933,112770,2621,115391,1318
2021-09-16,Alpine,003,1148,99,99,0,99,0
2021-09-16,Amador,005,37829,4927,4819,49,4868,58
2021-09-16,Butte,007,227075,18459,17750,3249,20999,230
2021-09-16,Calaveras,009,45235,3428,3313,35,3348,66
2021-09-16,Colusa,011,21464,2399,2363,539,2902,16
2021-09-16,Contra Costa,013,1133247,94337,93213,1933,95146,917
2021-09-16,Del Norte,015,27424,3437,3285,24,3309,34
2021-09-16,El Dorado,017,186661,14681,14372,1472,15844,127
2021-09-16,Fresno,019,978130,126586,123853,11474,135327,1868
2021-09-16,Glenn,021,27897,3169,3068,888,3956,24
2021-09-16,Humboldt,023,135768,8001,7809,390,8199,80
2021-09-16,Imperial,025,180216,31287,30966,3235,34201,753
2021-09-16,Inyo,027,18085,1662,1623,33,1656,39
2021-09-16,Kern,029,883053,116481,113828,17925,131753,1448
2021-09-16,Kings,031,150075,28804,28114,1636,29750,280
2021-09-16,Lake,033,64148,6066,5890,118,6008,87
2021-09-16,Lassen,035,31185,6249,6028,260,6288,25
2021-09-16,Los Angeles,037,10098052,1388718,1376277,52234,1428511,25796
2021-09-16,Madera,039,155013,20517,19974,1634,21608,257
2021-09-16,Marin,041,260295,16830,16625,391,17016,242
2021-09-16,Mariposa,043,17540,916,849,32,881,6
2021-09-16,Mendocino,045,87422,6658,6445,314,6759,67
2021-09-16,Merced,047,269075,38208,37675,1492,39167,532
2021-09-16,Modoc,049,8938,467,455,161,616,5
2021-09-16,Mono,051,14174,1502,1449,18,1467,3
2021-09-16,Monterey,053,433212,47273,46342,2574,48916,562
2021-09-16,Napa,055,140530,12250,12115,82,12197,95
2021-09-16,Nevada,057,99092,8279,8121,271,8392,84
2021-09-16,Orange,059,3164182,295838,292183,13939,306122,5340
2021-09-16,Placer,061,380077,33759,33037,3160,36197,354
2021-09-16,Plumas,063,18699,1243,1178,24,1202,5
2021-09-16,Riverside,065,2383286,345575,339770,15877,355647,4786
2021-09-16,Sacramento,067,1510023,146941,145754,3692,149446,1996
2021-09-16,San Benito,069,59416,6948,6913,143,7056,67
2021-09-16,San Bernardino,071,2135413,338563,335129,10544,345673,5474
2021-09-16,San Diego,073,3302833,351775,347472,20608,368080,3994
2021-09-16,San Francisco,075,870044,49938,49133,2136,51269,605
2021-09-16,San Joaquin,077,732212,93157,91650,4965,96615,1608
2021-09-16,San Luis Obispo,079,281455,27592,27044,1072,28116,310
2021-09-16,San Mateo,081,765935,51719,50773,778,51551,564
2021-09-16,Santa Barbara,083,443738,41692,41272,1533,42805,497
2021-09-16,Santa Clara,085,1922200,140272,138685,1096,139781,1835
2021-09-16,Santa Cruz,087,273765,19274,19011,977,19988,211
2021-09-16,Shasta,089,179085,18144,17438,2941,20379,251
2021-09-16,Sierra,091,2930,129,123,13,136,0
2021-09-16,Siskiyou,093,43540,2983,2819,1046,3865,35
2021-09-16,Solano,095,438530,43706,42792,1119,43911,312
2021-09-16,Sonoma,097,501317,39089,38707,483,39190,369
2021-09-16,Stanislaus,099,539301,71686,71105,8087,79192,1091
2021-09-16,Sutter,101,95872,12939,12729,236,12965,152
2021-09-16,Tehama,103,63373,7197,6953,1168,8121,83
2021-09-16,Trinity,105,12862,707,547,194,741,7
2021-09-16,Tulare,107,460477,61365,59459,12536,71995,894
2021-09-16,Tuolumne,109,53932,6100,5999,70,6069,89
2021-09-16,Ventura,111,848112,94186,93087,4113,97200,1110
2021-09-16,Yolo,113,214977,18373,18135,936,19071,239
2021-09-16,Yuba,115,75493,9132,8981,202,9183,61
2021-09-15,Alameda,001,1643700,113766,112498,2613,115111,1317
2021-09-15,Alpine,003,1148,99,99,0,99,0
2021-09-15,Amador,005,37829,4919,4792,49,4841,58
2021-09-15,Butte,007,227075,18361,17664,3230,20894,228
2021-09-15,Calaveras,009,45235,3399,3293,33,3326,66
2021-09-15,Colusa,011,21464,2397,2352,536,2888,16
2021-09-15,Contra Costa,013,1133247,94157,92989,1921,94910,913
2021-09-15,Del Norte,015,27424,3424,3271,22,3293,34
2021-09-15,El Dorado,017,186661,14655,14309,1464,15773,127
2021-09-15,Fresno,019,978130,126208,123370,11417,134787,1867
2021-09-15,Glenn,021,27897,3157,3051,883,3934,20
2021-09-15,Humboldt,023,135768,7966,7754,385,8139,52
2021-09-15,Imperial,025,180216,31232,30891,3230,34121,753
2021-09-15,Inyo,027,18085,1658,1614,33,1647,39
2021-09-15,Kern,029,883053,116134,113546,17826,131372,1434
2021-09-15,Kings,031,150075,28725,27991,1627,29618,279
2021-09-15,Lake,033,64148,6034,5852,117,5969,85
2021-09-15,Lassen,035,31185,6189,6018,255,6273,25
2021-09-15,Los Angeles,037,10098052,1387217,1374307,52165,1426472,25767
2021-09-15,Madera,039,155013,20442,19880,1626,21506,257
2021-09-15,Marin,041,260295,16795,16592,386,16978,242
2021-09-15,Mariposa,043,17540,904,843,32,875,5
2021-09-15,Mendocino,045,87422,6628,6399,309,6708,66
2021-09-15,Merced,047,269075,38100,37508,1490,38998,529
2021-09-15,Modoc,049,8938,467,454,161,615,5
2021-09-15,Mono,051,14174,1496,1445,18,1463,3
2021-09-15,Monterey,053,433212,47203,46317,2562,48879,562
2021-09-15,Napa,055,140530,12229,12082,82,12164,95
2021-09-15,Nevada,057,99092,8257,8081,268,8349,84
2021-09-15,Orange,059,3164182,295516,291834,13920,305754,5328
2021-09-15,Placer,061,380077,33647,32860,3139,35999,352
2021-09-15,Plumas,063,18699,1238,1164,23,1187,5
2021-09-15,Riverside,065,2383286,344992,339077,15853,354930,4769
2021-09-15,Sacramento,067,1510023,146514,145202,3661,148863,1981
2021-09-15,San Benito,069,59416,6945,6902,143,7045,67
2021-09-15,San Bernardino,071,2135413,338102,334556,10530,345086,5470
2021-09-15,San Diego,073,3302833,351148,346933,20580,367513,3983
2021-09-15,San Francisco,075,870044,49827,48999,2131,51130,605
2021-09-15,San Joaquin,077,732212,92881,91322,4922,96244,1607
2021-09-15,San Luis Obispo,079,281455,27509,26943,1066,28009,306
2021-09-15,San Mateo,081,765935,51637,50691,775,51466,564
2021-09-15,Santa Barbara,083,443738,41589,41077,1528,42605,497
2021-09-15,Santa Clara,085,1922200,140099,138410,1091,139501,1833
2021-09-15,Santa Cruz,087,273765,19236,18984,975,19959,210
2021-09-15,Shasta,089,179085,18033,17317,2920,20237,250
2021-09-15,Sierra,091,2930,129,123,13,136,0
2021-09-15,Siskiyou,093,43540,2963,2804,1015,3819,35
2021-09-15,Solano,095,438530,43634,42682,1114,43796,312
2021-09-15,Sonoma,097,501317,39031,38629,482,39111,369
2021-09-15,Stanislaus,099,539301,71464,70852,8066,78918,1091
2021-09-15,Sutter,101,95872,12906,12699,231,12930,151
2021-09-15,Tehama,103,63373,7156,6894,1159,8053,79
2021-09-15,Trinity,105,12862,705,541,192,733,7
2021-09-15,Tulare,107,460477,61106,59149,12475,71624,890
2021-09-15,Tuolumne,109,53932,6074,5969,70,6039,89
2021-09-15,Ventura,111,848112,94043,92960,4106,97066,1109
2021-09-15,Yolo,113,214977,18339,18064,928,18992,239
2021-09-15,Yuba,115,75493,9098,8953,202,9155,61
2021-09-14,Alameda,001,1643700,113559,112329,2608,114937,1316
2021-09-14,Alpine,003,1148,99,98,0,98,0
2021-09-14,Amador,005,37829,4899,4790,49,4839,57
2021-09-14,Butte,007,227075,18229,17516,3207,20723,226
2021-09-14,Calaveras,009,45235,3379,3280,30,3310,66
2021-09-14,Colusa,011,21464,2393,2344,532,2876,16
2021-09-14,Contra Costa,013,1133247,93959,92822,1913,94735,908
2021-09-14,Del Norte,015,27424,3408,3252,21,3273,32
2021-09-14,El Dorado,017,186661,14603,14247,1456,15703,123
2021-09-14,Fresno,019,978130,125733,123151,11364,134515,1856
2021-09-14,Glenn,021,27897,3140,3045,879,3924,20
2021-09-14,Humboldt,023,135768,7932,7717,380,8097,52
2021-09-14,Imperial,025,180216,31182,30845,3225,34070,752
2021-09-14,Inyo,027,18085,1649,1605,32,1637,39
2021-09-14,Kern,029,883053,115754,113250,17700,130950,1428
2021-09-14,Kings,031,150075,28649,27955,1619,29574,278
2021-09-14,Lake,033,64148,6002,5845,117,5962,83
2021-09-14,Lassen,035,31185,6175,5977,250,6227,25
2021-09-14,Los Angeles,037,10098052,1385378,1372831,52082,1424913,25729
2021-09-14,Madera,039,155013,20360,19800,1615,21415,254
2021-09-14,Marin,041,260295,16767,16584,384,16968,242
2021-09-14,Mariposa,043,17540,893,834,31,865,5
2021-09-14,Mendocino,045,87422,6592,6372,297,6669,65
2021-09-14,Merced,047,269075,37950,37430,1486,38916,526
2021-09-14,Modoc,049,8938,466,453,161,614,5
2021-09-14,Mono,051,14174,1492,1440,18,1458,4
2021-09-14,Monterey,053,433212,47161,46224,2550,48774,558
2021-09-14,Napa,055,140530,12196,12070,81,12151,91
2021-09-14,Nevada,057,99092,8223,8056,268,8324,83
2021-09-14,Orange,059,3164182,295123,291423,13896,305319,5319
2021-09-14,Placer,061,380077,33515,32735,3119,35854,350
2021-09-14,Plumas,063,18699,1223,1148,23,1171,5
2021-09-14,Riverside,065,2383286,344352,338534,15822,354356,4748
2021-09-14,Sacramento,067,1510023,146129,145051,3613,148664,1977
2021-09-14,San Benito,069,59416,6935,6887,143,7030,64
2021-09-14,San Bernardino,071,2135413,337608,333968,10504,344472,5465
2021-09-14,San Diego,073,3302833,350482,346204,20530,366734,3966
2021-09-14,San Francisco,075,870044,49692,48998,2129,51127,603
2021-09-14,San Joaquin,077,732212,92642,91128,4912,96040,1596
2021-09-14,San Luis Obispo,079,281455,27436,26845,1061,27906,304
2021-09-14,San Mateo,081,765935,51539,50602,772,51374,564
2021-09-14,Santa Barbara,083,443738,41492,40783,1519,42302,495
2021-09-14,Santa Clara,085,1922200,139864,138321,1088,139409,1828
2021-09-14,Santa Cruz,087,273765,19196,18965,973,19938,210
2021-09-14,Shasta,089,179085,17902,17152,2899,20051,246
2021-09-14,Sierra,091,2930,129,123,13,136,0
2021-09-14,Siskiyou,093,43540,2939,2756,998,3754,35
2021-09-14,Solano,095,438530,43551,42599,1111,43710,307
2021-09-14,Sonoma,097,501317,38962,38595,478,39073,369
2021-09-14,Stanislaus,099,539301,71205,70697,8038,78735,1091
2021-09-14,Sutter,101,95872,12864,12670,224,12894,149
2021-09-14,Tehama,103,63373,7102,6859,1151,8010,80
2021-09-14,Trinity,105,12862,699,538,191,729,7
2021-09-14,Tulare,107,460477,60853,58961,12404,71365,888
2021-09-14,Tuolumne,109,53932,6053,5951,68,6019,89
2021-09-14,Ventura,111,848112,93858,92841,4089,96930,1107
2021-09-14,Yolo,113,214977,18295,18039,923,18962,239
2021-09-14,Yuba,115,75493,9062,8928,202,9130,61
2021-09-13,Alameda,001,1643700,113342,112159,2603,114762,1309
2021-09-13,Alpine,003,1148,98,98,0,98,0
2021-09-13,Amador,005,37829,4881,4761,49,4810,56
2021-09-13,Butte,007,227075,18105,17393,3180,20573,225
2021-09-13,Calaveras,009,45235,3353,3253,28,3281,65
2021-09-13,Colusa,011,21464,2384,2346,527,2873,16
2021-09-13,Contra Costa,013,1133247,93713,92658,1908,94566,908
2021-09-13,Del Norte,015,27424,3372,3232,21,3253,28
2021-09-13,El Dorado,017,186661,14542,14194,1448,15642,119
2021-09-13,Fresno,019,978130,125266,122650,11305,133955,1853
2021-09-13,Glenn,021,27897,3126,3026,872,3898,20
2021-09-13,Humboldt,023,135768,7900,7659,377,8036,52
2021-09-13,Imperial,025,180216,31129,30802,3222,34024,751
2021-09-13,Inyo,027,18085,1642,1602,32,1634,39
2021-09-13,Kern,029,883053,115373,112930,17577,130507,1424
2021-09-13,Kings,031,150075,28539,27858,1607,29465,275
2021-09-13,Lake,033,64148,5980,5809,117,5926,82
2021-09-13,Lassen,035,31185,6140,5953,249,6202,25
2021-09-13,Los Angeles,037,10098052,1383517,1371423,52013,1423436,25703
2021-09-13,Madera,039,155013,20290,19735,1600,21335,252
2021-09-13,Marin,041,260295,16731,16557,383,16940,242
2021-09-13,Mariposa,043,17540,879,825,31,856,5
2021-09-13,Mendocino,045,87422,6557,6323,288,6611,61
2021-09-13,Merced,047,269075,37799,37291,1481,38772,521
2021-09-13,Modoc,049,8938,465,451,161,612,5
2021-09-13,Mono,051,14174,1486,1435,18,1453,3
2021-09-13,Monterey,053,433212,47070,46188,2537,48725,558
2021-09-13,Napa,055,140530,12178,12039,81,12120,91
2021-09-13,Nevada,057,99092,8197,8021,266,8287,83
2021-09-13,Orange,059,3164182,294690,291128,13875,305003,5312
2021-09-13,Placer,061,380077,33350,32617,3102,35719,343
2021-09-13,Plumas,063,18699,1214,1142,23,1165,5
2021-09-13,Riverside,065,2383286,343707,337876,15804,353680,4731
2021-09-13,Sacramento,067,1510023,145642,144537,3579,148116,1956
2021-09-13,San Benito,069,59416,6920,6867,142,7009,64
2021-09-13,San Bernardino,071,2135413,337120,333613,10479,344092,5441
2021-09-13,San Diego,073,3302833,349693,345647,20478,366125,3961
2021-09-13,San Francisco,075,870044,49563,48914,2123,51037,603
2021-09-13,San Joaquin,077,732212,92358,90966,4894,95860,1581
2021-09-13,San Luis Obispo,079,281455,27339,26805,1058,27863,300
2021-09-13,San Mateo,081,765935,51449,50525,767,51292,564
2021-09-13,Santa Barbara,083,443738,41372,40661,1512,42173,494
2021-09-13,Santa Clara,085,1922200,139616,138152,1083,139235,1820
2021-09-13,Santa Cruz,087,273765,19156,18917,972,19889,210
2021-09-13,Shasta,089,179085,17772,17033,2858,19891,243
2021-09-13,Sierra,091,2930,129,123,13,136,0
2021-09-13,Siskiyou,093,43540,2924,2745,986,3731,35
2021-09-13,Solano,095,438530,43447,42501,1108,43609,306
2021-09-13,Sonoma,097,501317,38895,38513,475,38988,368
2021-09-13,Stanislaus,099,539301,70951,70477,8002,78479,1091
2021-09-13,Sutter,101,95872,12806,12624,220,12844,145
2021-09-13,Tehama,103,63373,7039,6803,1139,7942,79
2021-09-13,Trinity,105,12862,697,533,189,722,7
2021-09-13,Tulare,107,460477,60569,58768,12342,71110,887
2021-09-13,Tuolumne,109,53932,6022,5909,68,5977,89
2021-09-13,Ventura,111,848112,93696,92679,4081,96760,1107
2021-09-13,Yolo,113,214977,18251,17974,918,18892,239
2021-09-13,Yuba,115,75493,9017,8884,201,9085,61
2021-09-12,Alameda,001,1643700,113078,111961,2600,114561,1309
2021-09-12,Alpine,003,1148,98,98,0,98,0
2021-09-12,Amador,005,37829,4860,4752,49,4801,56
2021-09-12,Butte,007,227075,17960,17257,3136,20393,221
2021-09-12,Calaveras,009,45235,3323,3236,24,3260,65
2021-09-12,Colusa,011,21464,2381,2344,526,2870,16
2021-09-12,Contra Costa,013,1133247,93445,92498,1896,94394,908
2021-09-12,Del Norte,015,27424,3337,3200,21,3221,28
2021-09-12,El Dorado,017,186661,14469,14167,1432,15599,119
2021-09-12,Fresno,019,978130,124748,122407,11249,133656,1853
2021-09-12,Glenn,021,27897,3109,3016,867,3883,20
2021-09-12,Humboldt,023,135768,7830,7636,366,8002,52
2021-09-12,Imperial,025,180216,31066,30790,3216,34006,751
2021-09-12,Inyo,027,18085,1632,1596,30,1626,39
2021-09-12,Kern,029,883053,114962,112602,17418,130020,1424
2021-09-12,Kings,031,150075,28428,27764,1590,29354,274
2021-09-12,Lake,033,64148,5941,5781,115,5896,82
2021-09-12,Lassen,035,31185,6103,5943,239,6182,25
2021-09-12,Los Angeles,037,10098052,1381460,1365968,51937,1417905,25630
2021-09-12,Madera,039,155013,20203,19691,1587,21278,252
2021-09-12,Marin,041,260295,16708,16526,383,16909,242
2021-09-12,Mariposa,043,17540,868,811,29,840,5
2021-09-12,Mendocino,045,87422,6516,6283,279,6562,61
2021-09-12,Merced,047,269075,37627,37172,1470,38642,521
2021-09-12,Modoc,049,8938,465,451,160,611,5
2021-09-12,Mono,051,14174,1479,1431,18,1449,3
2021-09-12,Monterey,053,433212,46970,46167,2527,48694,558
2021-09-12,Napa,055,140530,12148,12011,81,12092,91
2021-09-12,Nevada,057,99092,8157,7987,264,8251,83
2021-09-12,Orange,059,3164182,294226,290718,13854,304572,5312
2021-09-12,Placer,061,380077,33201,32520,3078,35598,343
2021-09-12,Plumas,063,18699,1195,1138,23,1161,5
2021-09-12,Riverside,065,2383286,343024,337332,15770,353102,4731
2021-09-12,Sacramento,067,1510023,145133,144030,3539,147569,1959
2021-09-12,San Benito,069,59416,6901,6852,141,6993,64
2021-09-12,San Bernardino,071,2135413,336505,333049,10466,343515,5439
2021-09-12,San Diego,073,3302833,348873,345058,20402,365460,3942
2021-09-12,San Francisco,075,870044,49452,48819,2116,50935,603
2021-09-12,San Joaquin,077,732212,92029,90730,4886,95616,1581
2021-09-12,San Luis Obispo,079,281455,27220,26729,1045,27774,299
2021-09-12,San Mateo,081,765935,51341,50432,763,51195,564
2021-09-12,Santa Barbara,083,443738,41262,40600,1504,42104,494
2021-09-12,Santa Clara,085,1922200,139361,137899,1080,138979,1820
2021-09-12,Santa Cruz,087,273765,19124,18892,971,19863,210
2021-09-12,Shasta,089,179085,17607,16957,2800,19757,243
2021-09-12,Sierra,091,2930,129,123,13,136,0
2021-09-12,Siskiyou,093,43540,2896,2730,971,3701,35
2021-09-12,Solano,095,438530,43341,42409,1103,43512,306
2021-09-12,Sonoma,097,501317,38816,38456,473,38929,368
2021-09-12,Stanislaus,099,539301,70651,70184,7963,78147,1091
2021-09-12,Sutter,101,95872,12764,12589,214,12803,145
2021-09-12,Tehama,103,63373,6975,6732,1127,7859,79
2021-09-12,Trinity,105,12862,693,529,187,716,7
2021-09-12,Tulare,107,460477,60215,58582,12282,70864,887
2021-09-12,Tuolumne,109,53932,5989,5888,68,5956,89
2021-09-12,Ventura,111,848112,93569,92496,4075,96571,1107
2021-09-12,Yolo,113,214977,18185,17943,910,18853,239
2021-09-12,Yuba,115,75493,8982,8842,201,9043,61
2021-09-11,Alameda,001,1643700,112955,111715,2598,114313,1309
2021-09-11,Alpine,003,1148,98,98,0,98,0
2021-09-11,Amador,005,37829,4847,4728,48,4776,56
2021-09-11,Butte,007,227075,17878,17218,3109,20327,221
2021-09-11,Calaveras,009,45235,3315,3208,23,3231,65
2021-09-11,Colusa,011,21464,2380,2338,523,2861,16
2021-09-11,Contra Costa,013,1133247,93326,92269,1891,94160,908
2021-09-11,Del Norte,015,27424,3321,3184,21,3205,28
2021-09-11,El Dorado,017,186661,14450,14117,1425,15542,119
2021-09-11,Fresno,019,978130,124568,122224,11225,133449,1853
2021-09-11,Glenn,021,27897,3099,3007,864,3871,20
2021-09-11,Humboldt,023,135768,7808,7615,363,7978,52
2021-09-11,Imperial,025,180216,31041,30760,3212,33972,751
2021-09-11,Inyo,027,18085,1629,1590,30,1620,39
2021-09-11,Kern,029,883053,114711,112205,17302,129507,1424
2021-09-11,Kings,031,150075,28379,27631,1584,29215,275
2021-09-11,Lake,033,64148,5920,5761,115,5876,82
2021-09-11,Lassen,035,31185,6088,5930,235,6165,25
2021-09-11,Los Angeles,037,10098052,1380495,1365831,51872,1417703,25630
2021-09-11,Madera,039,155013,20150,19648,1582,21230,252
2021-09-11,Marin,041,260295,16680,16496,382,16878,242
2021-09-11,Mariposa,043,17540,863,799,29,828,5
2021-09-11,Mendocino,045,87422,6492,6257,279,6536,61
2021-09-11,Merced,047,269075,37573,37042,1467,38509,521
2021-09-11,Modoc,049,8938,465,449,160,609,5
2021-09-11,Mono,051,14174,1473,1431,18,1449,3
2021-09-11,Monterey,053,433212,46933,46140,2524,48664,558
2021-09-11,Napa,055,140530,12125,11991,81,12072,91
2021-09-11,Nevada,057,99092,8142,7967,264,8231,83
2021-09-11,Orange,059,3164182,293925,290429,13837,304266,5306
2021-09-11,Placer,061,380077,33117,32414,3067,35481,344
2021-09-11,Plumas,063,18699,1190,1112,23,1135,5
2021-09-11,Riverside,065,2383286,342585,336585,15756,352341,4731
2021-09-11,Sacramento,067,1510023,144832,143557,3527,147084,1955
2021-09-11,San Benito,069,59416,6888,6844,141,6985,64
2021-09-11,San Bernardino,071,2135413,336164,332512,10452,342964,5430
2021-09-11,San Diego,073,3302833,348383,344355,20378,364733,3942
2021-09-11,San Francisco,075,870044,49397,48660,2111,50771,603
2021-09-11,San Joaquin,077,732212,91884,90482,4879,95361,1581
2021-09-11,San Luis Obispo,079,281455,27174,26651,1044,27695,299
2021-09-11,San Mateo,081,765935,51269,50341,763,51104,564
2021-09-11,Santa Barbara,083,443738,41189,40451,1504,41955,494
2021-09-11,Santa Clara,085,1922200,139211,137659,1077,138736,1820
2021-09-11,Santa Cruz,087,273765,19095,18865,971,19836,210
2021-09-11,Shasta,089,179085,17514,16877,2780,19657,243
2021-09-11,Sierra,091,2930,129,123,13,136,0
2021-09-11,Siskiyou,093,43540,2879,2717,968,3685,35
2021-09-11,Solano,095,438530,43290,42344,1100,43444,306
2021-09-11,Sonoma,097,501317,38769,38399,471,38870,368
2021-09-11,Stanislaus,099,539301,70526,69974,7949,77923,1091
2021-09-11,Sutter,101,95872,12738,12538,211,12749,145
2021-09-11,Tehama,103,63373,6954,6703,1119,7822,79
2021-09-11,Trinity,105,12862,686,526,187,713,7
2021-09-11,Tulare,107,460477,60104,58321,12235,70556,889
2021-09-11,Tuolumne,109,53932,5970,5879,65,5944,89
2021-09-11,Ventura,111,848112,93487,92328,4070,96398,1107
2021-09-11,Yolo,113,214977,18162,17906,905,18811,239
2021-09-11,Yuba,115,75493,8957,8813,201,9014,61
2021-09-10,Alameda,001,1643700,112764,111386,2597,113983,1306
2021-09-10,Alpine,003,1148,97,97,0,97,0
2021-09-10,Amador,005,37829,4835,4706,48,4754,56
2021-09-10,Butte,007,227075,17803,17051,3094,20145,222
2021-09-10,Calaveras,009,45235,3306,3183,23,3206,65
2021-09-10,Colusa,011,21464,2376,2327,520,2847,16
2021-09-10,Contra Costa,013,1133247,93204,92024,1889,93913,908
2021-09-10,Del Norte,015,27424,3306,3128,20,3148,28
2021-09-10,El Dorado,017,186661,14419,14051,1421,15472,119
2021-09-10,Fresno,019,978130,124245,121659,11194,132853,1846
2021-09-10,Glenn,021,27897,3092,2977,863,3840,20
2021-09-10,Humboldt,023,135768,7776,7543,359,7902,52
2021-09-10,Imperial,025,180216,31018,30716,3210,33926,751
2021-09-10,Inyo,027,18085,1625,1590,30,1620,39
2021-09-10,Kern,029,883053,114457,111832,17186,129018,1419
2021-09-10,Kings,031,150075,28305,27473,1575,29048,274
2021-09-10,Lake,033,64148,5904,5713,113,5826,79
2021-09-10,Lassen,035,31185,6080,5914,232,6146,25
2021-09-10,Los Angeles,037,10098052,1379286,1365709,51805,1417514,25630
2021-09-10,Madera,039,155013,20104,19520,1575,21095,252
2021-09-10,Marin,041,260295,16660,16458,379,16837,242
2021-09-10,Mariposa,043,17540,858,795,29,824,5
2021-09-10,Mendocino,045,87422,6460,6184,278,6462,61
2021-09-10,Merced,047,269075,37521,36884,1466,38350,521
2021-09-10,Modoc,049,8938,465,448,160,608,5
2021-09-10,Mono,051,14174,1468,1422,18,1440,3
2021-09-10,Monterey,053,433212,46889,46084,2522,48606,557
2021-09-10,Napa,055,140530,12100,11948,81,12029,90
2021-09-10,Nevada,057,99092,8124,7932,263,8195,83
2021-09-10,Orange,059,3164182,293617,290022,13828,303850,5302
2021-09-10,Placer,061,380077,33016,32264,3054,35318,343
2021-09-10,Plumas,063,18699,1182,1111,23,1134,5
2021-09-10,Riverside,065,2383286,342112,335988,15749,351737,4720
2021-09-10,Sacramento,067,1510023,144489,143244,3519,146763,1950
2021-09-10,San Benito,069,59416,6884,6824,141,6965,64
2021-09-10,San Bernardino,071,2135413,335745,331894,10442,342336,5422
2021-09-10,San Diego,073,3302833,347818,343173,20341,363514,3941
2021-09-10,San Francisco,075,870044,49319,48518,2104,50622,602
2021-09-10,San Joaquin,077,732212,91705,90208,4873,95081,1573
2021-09-10,San Luis Obispo,079,281455,27141,26526,1042,27568,299
2021-09-10,San Mateo,081,765935,51202,50251,762,51013,564
2021-09-10,Santa Barbara,083,443738,41135,40321,1501,41822,492
2021-09-10,Santa Clara,085,1922200,139027,137337,1076,138413,1817
2021-09-10,Santa Cruz,087,273765,19076,18785,970,19755,210
2021-09-10,Shasta,089,179085,17420,16667,2752,19419,242
2021-09-10,Sierra,091,2930,129,117,13,130,0
2021-09-10,Siskiyou,093,43540,2867,2702,964,3666,35
2021-09-10,Solano,095,438530,43216,42230,1093,43323,305
2021-09-10,Sonoma,097,501317,38711,38271,470,38741,368
2021-09-10,Stanislaus,099,539301,70370,69617,7925,77542,1091
2021-09-10,Sutter,101,95872,12704,12468,211,12679,145
2021-09-10,Tehama,103,63373,6921,6652,1113,7765,77
2021-09-10,Trinity,105,12862,682,524,187,711,7
2021-09-10,Tulare,107,460477,59956,57930,12188,70118,883
2021-09-10,Tuolumne,109,53932,5952,5842,64,5906,89
2021-09-10,Ventura,111,848112,93390,92145,4066,96211,1104
2021-09-10,Yolo,113,214977,18137,17825,900,18725,239
2021-09-10,Yuba,115,75493,8938,8760,200,8960,62
2021-09-09,Alameda,001,1643700,112544,111014,2593,113607,1306
2021-09-09,Alpine,003,1148,97,94,0,94,0
2021-09-09,Amador,005,37829,4814,4698,47,4745,56
2021-09-09,Butte,007,227075,17658,16874,3068,19942,221
2021-09-09,Calaveras,009,45235,3273,3165,23,3188,65
2021-09-09,Colusa,011,21464,2369,2321,518,2839,16
2021-09-09,Contra Costa,013,1133247,92994,91687,1884,93571,904
2021-09-09,Del Norte,015,27424,3283,3102,20,3122,28
2021-09-09,El Dorado,017,186661,14362,13970,1411,15381,119
2021-09-09,Fresno,019,978130,123770,121040,11149,132189,1838
2021-09-09,Glenn,021,27897,3080,2947,858,3805,20
2021-09-09,Humboldt,023,135768,7726,7471,353,7824,52
2021-09-09,Imperial,025,180216,30980,30661,3206,33867,751
2021-09-09,Inyo,027,18085,1618,1586,30,1616,39
2021-09-09,Kern,029,883053,114109,111390,17029,128419,1414
2021-09-09,Kings,031,150075,28204,27282,1564,28846,273
2021-09-09,Lake,033,64148,5880,5638,111,5749,79
2021-09-09,Lassen,035,31185,6030,5860,226,6086,25
2021-09-09,Los Angeles,037,10098052,1377421,1363735,51730,1415465,25583
2021-09-09,Madera,039,155013,20031,19401,1562,20963,252
2021-09-09,Marin,041,260295,16637,16416,376,16792,242
2021-09-09,Mariposa,043,17540,845,779,28,807,5
2021-09-09,Mendocino,045,87422,6426,6089,269,6358,61
2021-09-09,Merced,047,269075,37367,36634,1453,38087,516
2021-09-09,Modoc,049,8938,465,448,160,608,5
2021-09-09,Mono,051,14174,1458,1420,18,1438,3
2021-09-09,Monterey,053,433212,46835,45991,2511,48502,556
2021-09-09,Napa,055,140530,12068,11878,81,11959,90
2021-09-09,Nevada,057,99092,8086,7855,263,8118,82
2021-09-09,Orange,059,3164182,293207,289109,13797,302906,5299
2021-09-09,Placer,061,380077,32898,32048,3039,35087,342
2021-09-09,Plumas,063,18699,1172,1098,22,1120,5
2021-09-09,Riverside,065,2383286,341472,334774,15731,350505,4701
2021-09-09,Sacramento,067,1510023,144009,142728,3473,146201,1929
2021-09-09,San Benito,069,59416,6874,6820,140,6960,64
2021-09-09,San Bernardino,071,2135413,335182,331040,10430,341470,5417
2021-09-09,San Diego,073,3302833,347093,342149,20284,362433,3929
2021-09-09,San Francisco,075,870044,49205,48404,2095,50499,597
2021-09-09,San Joaquin,077,732212,91430,89874,4855,94729,1570
2021-09-09,San Luis Obispo,079,281455,27059,26472,1039,27511,296
2021-09-09,San Mateo,081,765935,51080,50143,759,50902,561
2021-09-09,Santa Barbara,083,443738,41029,40180,1497,41677,490
2021-09-09,Santa Clara,085,1922200,138804,137017,1071,138088,1816
2021-09-09,Santa Cruz,087,273765,19030,18728,970,19698,210
2021-09-09,Shasta,089,179085,17274,16401,2710,19111,238
2021-09-09,Sierra,091,2930,129,115,13,128,0
2021-09-09,Siskiyou,093,43540,2844,2683,950,3633,35
2021-09-09,Solano,095,438530,43100,42081,1089,43170,303
2021-09-09,Sonoma,097,501317,38643,38171,469,38640,360
2021-09-09,Stanislaus,099,539301,70089,69178,7892,77070,1074
2021-09-09,Sutter,101,95872,12649,12396,209,12605,144
2021-09-09,Tehama,103,63373,6867,6554,1108,7662,75
2021-09-09,Trinity,105,12862,676,523,185,708,6
2021-09-09,Tulare,107,460477,59714,57564,12128,69692,879
2021-09-09,Tuolumne,109,53932,5924,5802,63,5865,89
2021-09-09,Ventura,111,848112,93245,91610,4057,95667,1098
2021-09-09,Yolo,113,214977,18080,17724,897,18621,239
2021-09-09,Yuba,115,75493,8893,8707,197,8904,55
2021-09-08,Alameda,001,1643700,112297,110781,2590,113371,1305
2021-09-08,Alpine,003,1148,97,94,0,94,0
2021-09-08,Amador,005,37829,4802,4693,47,4740,56
2021-09-08,Butte,007,227075,17525,16775,3051,19826,220
2021-09-08,Calaveras,009,45235,3254,3157,23,3180,63
2021-09-08,Colusa,011,21464,2367,2308,516,2824,16
2021-09-08,Contra Costa,013,1133247,92720,91471,1879,93350,900
2021-09-08,Del Norte,015,27424,3260,3085,20,3105,25
2021-09-08,El Dorado,017,186661,14282,13928,1389,15317,119
2021-09-08,Fresno,019,978130,123276,120644,11083,131727,1831
2021-09-08,Glenn,021,27897,3065,2942,849,3791,20
2021-09-08,Humboldt,023,135768,7682,7438,345,7783,52
2021-09-08,Imperial,025,180216,30947,30609,3193,33802,751
2021-09-08,Inyo,027,18085,1607,1580,30,1610,39
2021-09-08,Kern,029,883053,113711,110933,16889,127822,1409
2021-09-08,Kings,031,150075,28075,27235,1549,28784,267
2021-09-08,Lake,033,64148,5850,5618,109,5727,79
2021-09-08,Lassen,035,31185,6012,5848,219,6067,25
2021-09-08,Los Angeles,037,10098052,1375352,1362029,51642,1413671,25533
2021-09-08,Madera,039,155013,19971,19352,1548,20900,252
2021-09-08,Marin,041,260295,16609,16386,375,16761,242
2021-09-08,Mariposa,043,17540,833,777,27,804,5
2021-09-08,Mendocino,045,87422,6382,6069,260,6329,61
2021-09-08,Merced,047,269075,37206,36500,1441,37941,516
2021-09-08,Modoc,049,8938,465,448,160,608,5
2021-09-08,Mono,051,14174,1452,1418,18,1436,3
2021-09-08,Monterey,053,433212,46786,45959,2505,48464,554
2021-09-08,Napa,055,140530,12033,11842,79,11921,90
2021-09-08,Nevada,057,99092,8051,7843,262,8105,82
2021-09-08,Orange,059,3164182,292799,288511,13773,302284,5290
2021-09-08,Placer,061,380077,32761,31852,3022,34874,337
2021-09-08,Plumas,063,18699,1165,1072,22,1094,5
2021-09-08,Riverside,065,2383286,340713,334037,15706,349743,4683
2021-09-08,Sacramento,067,1510023,143530,142448,3424,145872,1921
2021-09-08,San Benito,069,59416,6856,6800,140,6940,64
2021-09-08,San Bernardino,071,2135413,334578,330279,10414,340693,5411
2021-09-08,San Diego,073,3302833,346168,341437,20233,361670,3926
2021-09-08,San Francisco,075,870044,49067,48263,2091,50354,589
2021-09-08,San Joaquin,077,732212,91151,89631,4831,94462,1561
2021-09-08,San Luis Obispo,079,281455,26965,26303,1034,27337,294
2021-09-08,San Mateo,081,765935,50977,50051,759,50810,561
2021-09-08,Santa Barbara,083,443738,40918,40000,1493,41493,490
2021-09-08,Santa Clara,085,1922200,138570,136836,1067,137903,1810
2021-09-08,Santa Cruz,087,273765,18993,18699,970,19669,210
2021-09-08,Shasta,089,179085,17119,16227,2663,18890,234
2021-09-08,Sierra,091,2930,129,113,13,126,0
2021-09-08,Siskiyou,093,43540,2811,2643,939,3582,35
2021-09-08,Solano,095,438530,43008,41971,1086,43057,302
2021-09-08,Sonoma,097,501317,38559,38075,468,38543,360
2021-09-08,Stanislaus,099,539301,69858,68945,7853,76798,1074
2021-09-08,Sutter,101,95872,12584,12349,206,12555,144
2021-09-08,Tehama,103,63373,6800,6520,1091,7611,75
2021-09-08,Trinity,105,12862,673,520,181,701,6
2021-09-08,Tulare,107,460477,59390,57425,12072,69497,876
2021-09-08,Tuolumne,109,53932,5892,5783,61,5844,89
2021-09-08,Ventura,111,848112,93093,91345,4039,95384,1096
2021-09-08,Yolo,113,214977,17998,17680,892,18572,239
2021-09-08,Yuba,115,75493,8851,8675,195,8870,55
2021-09-07,Alameda,001,1643700,111995,110550,2583,113133,1301
2021-09-07,Alpine,003,1148,96,94,0,94,0
2021-09-07,Amador,005,37829,4775,4679,47,4726,53
2021-09-07,Butte,007,227075,17368,16723,3015,19738,220
2021-09-07,Calaveras,009,45235,3214,3140,21,3161,63
2021-09-07,Colusa,011,21464,2357,2306,515,2821,16
2021-09-07,Contra Costa,013,1133247,92460,91167,1873,93040,891
2021-09-07,Del Norte,015,27424,3246,3081,20,3101,24
2021-09-07,El Dorado,017,186661,14210,13892,1374,15266,119
2021-09-07,Fresno,019,978130,122719,120268,10989,131257,1828
2021-09-07,Glenn,021,27897,3053,2937,844,3781,20
2021-09-07,Humboldt,023,135768,7622,7397,328,7725,52
2021-09-07,Imperial,025,180216,30907,30584,3184,33768,751
2021-09-07,Inyo,027,18085,1601,1579,29,1608,39
2021-09-07,Kern,029,883053,113279,110674,16727,127401,1408
2021-09-07,Kings,031,150075,27951,27169,1531,28700,267
2021-09-07,Lake,033,64148,5807,5597,101,5698,78
2021-09-07,Lassen,035,31185,5994,5842,213,6055,21
2021-09-07,Los Angeles,037,10098052,1373117,1360407,51550,1411957,25486
2021-09-07,Madera,039,155013,19884,19316,1540,20856,249
2021-09-07,Marin,041,260295,16570,16363,375,16738,242
2021-09-07,Mariposa,043,17540,817,771,27,798,5
2021-09-07,Mendocino,045,87422,6322,6036,250,6286,61
2021-09-07,Merced,047,269075,37032,36400,1435,37835,513
2021-09-07,Modoc,049,8938,463,449,160,609,5
2021-09-07,Mono,051,14174,1443,1416,18,1434,3
2021-09-07,Monterey,053,433212,46703,45911,2492,48403,543
2021-09-07,Napa,055,140530,11992,11814,79,11893,90
2021-09-07,Nevada,057,99092,8024,7829,262,8091,82
2021-09-07,Orange,059,3164182,292370,288225,13742,301967,5274
2021-09-07,Placer,061,380077,32608,31710,2994,34704,337
2021-09-07,Plumas,063,18699,1150,1071,22,1093,5
2021-09-07,Riverside,065,2383286,339926,333390,15687,349077,4666
2021-09-07,Sacramento,067,1510023,142990,142364,3378,145742,1905
2021-09-07,San Benito,069,59416,6838,6786,140,6926,64
2021-09-07,San Bernardino,071,2135413,333831,329962,10390,340352,5407
2021-09-07,San Diego,073,3302833,345165,340709,20167,360876,3922
2021-09-07,San Francisco,075,870044,48927,48175,2086,50261,589
2021-09-07,San Joaquin,077,732212,90816,89468,4817,94285,1548
2021-09-07,San Luis Obispo,079,281455,26847,26253,1025,27278,287
2021-09-07,San Mateo,081,765935,50882,49913,758,50671,561
2021-09-07,Santa Barbara,083,443738,40792,39957,1488,41445,489
2021-09-07,Santa Clara,085,1922200,138282,136631,1062,137693,1807
2021-09-07,Santa Cruz,087,273765,18944,18669,968,19637,210
2021-09-07,Shasta,089,179085,16961,16096,2610,18706,226
2021-09-07,Sierra,091,2930,129,111,13,124,0
2021-09-07,Siskiyou,093,43540,2785,2607,922,3529,34
2021-09-07,Solano,095,438530,42878,41862,1082,42944,300
2021-09-07,Sonoma,097,501317,38475,38013,466,38479,358
2021-09-07,Stanislaus,099,539301,69585,68831,7825,76656,1074
2021-09-07,Sutter,101,95872,12510,12310,200,12510,138
2021-09-07,Tehama,103,63373,6748,6482,1071,7553,74
2021-09-07,Trinity,105,12862,667,517,181,698,6
2021-09-07,Tulare,107,460477,59040,57228,11993,69221,874
2021-09-07,Tuolumne,109,53932,5855,5759,61,5820,88
2021-09-07,Ventura,111,848112,92882,91246,4029,95275,1093
2021-09-07,Yolo,113,214977,17929,17653,887,18540,235
2021-09-07,Yuba,115,75493,8808,8642,190,8832,55
2021-09-06,Alameda,001,1643700,111683,110357,2575,112932,1301
2021-09-06,Alpine,003,1148,94,94,0,94,0
2021-09-06,Amador,005,37829,4759,4648,46,4694,53
2021-09-06,Butte,007,227075,17176,16588,2971,19559,218
2021-09-06,Calaveras,009,45235,3192,3122,21,3143,63
2021-09-06,Colusa,011,21464,2350,2306,510,2816,16
2021-09-06,Contra Costa,013,1133247,92166,90971,1863,92834,891
2021-09-06,Del Norte,015,27424,3205,3037,19,3056,24
2021-09-06,El Dorado,017,186661,14141,13848,1358,15206,119
2021-09-06,Fresno,019,978130,122150,119738,10913,130651,1828
2021-09-06,Glenn,021,27897,3024,2912,836,3748,20
2021-09-06,Humboldt,023,135768,7546,7320,310,7630,52
2021-09-06,Imperial,025,180216,30844,30576,3177,33753,751
2021-09-06,Inyo,027,18085,1592,1578,17,1595,39
2021-09-06,Kern,029,883053,112767,110347,16539,126886,1408
2021-09-06,Kings,031,150075,27808,27094,1516,28610,264
2021-09-06,Lake,033,64148,5743,5548,94,5642,78
2021-09-06,Lassen,035,31185,5968,5822,203,6025,21
2021-09-06,Los Angeles,037,10098052,1370740,1359348,51432,1410780,25477
2021-09-06,Madera,039,155013,19781,19191,1516,20707,249
2021-09-06,Marin,041,260295,16530,16356,375,16731,242
2021-09-06,Mariposa,043,17540,805,764,27,791,5
2021-09-06,Mendocino,045,87422,6252,5984,237,6221,61
2021-09-06,Merced,047,269075,36818,36300,1421,37721,513
2021-09-06,Modoc,049,8938,460,449,160,609,5
2021-09-06,Mono,051,14174,1439,1416,18,1434,3
2021-09-06,Monterey,053,433212,46608,45833,2475,48308,541
2021-09-06,Napa,055,140530,11949,11792,78,11870,90
2021-09-06,Nevada,057,99092,7976,7748,260,8008,82
2021-09-06,Orange,059,3164182,291876,287948,13689,301637,5274
2021-09-06,Placer,061,380077,32431,31595,2956,34551,337
2021-09-06,Plumas,063,18699,1129,1068,19,1087,5
2021-09-06,Riverside,065,2383286,339109,333052,15666,348718,4666
2021-09-06,Sacramento,067,1510023,142349,141730,3309,145039,1905
2021-09-06,San Benito,069,59416,6815,6777,137,6914,64
2021-09-06,San Bernardino,071,2135413,332949,329693,10359,340052,5398
2021-09-06,San Diego,073,3302833,344154,340222,20070,360292,3922
2021-09-06,San Francisco,075,870044,48793,48120,2079,50199,589
2021-09-06,San Joaquin,077,732212,90470,89293,4791,94084,1548
2021-09-06,San Luis Obispo,079,281455,26718,26183,1021,27204,286
2021-09-06,San Mateo,081,765935,50753,49859,756,50615,561
2021-09-06,Santa Barbara,083,443738,40662,39876,1479,41355,489
2021-09-06,Santa Clara,085,1922200,137991,136458,1060,137518,1807
2021-09-06,Santa Cruz,087,273765,18893,18615,965,19580,210
2021-09-06,Shasta,089,179085,16781,15985,2555,18540,226
2021-09-06,Sierra,091,2930,129,109,13,122,0
2021-09-06,Siskiyou,093,43540,2741,2595,888,3483,34
2021-09-06,Solano,095,438530,42730,41774,1075,42849,300
2021-09-06,Sonoma,097,501317,38354,37929,465,38394,358
2021-09-06,Stanislaus,099,539301,69243,68596,7781,76377,1074
2021-09-06,Sutter,101,95872,12448,12238,191,12429,138
2021-09-06,Tehama,103,63373,6686,6413,1044,7457,74
2021-09-06,Trinity,105,12862,664,515,179,694,6
2021-09-06,Tulare,107,460477,58681,57068,11913,68981,874
2021-09-06,Tuolumne,109,53932,5819,5697,61,5758,88
2021-09-06,Ventura,111,848112,92705,91132,4017,95149,1093
2021-09-06,Yolo,113,214977,17846,17576,881,18457,235
2021-09-06,Yuba,115,75493,8758,8584,186,8770,55
2021-09-05,Alameda,001,1643700,111492,110173,2572,112745,1301
2021-09-05,Alpine,003,1148,94,94,0,94,0
2021-09-05,Amador,005,37829,4747,4642,46,4688,53
2021-09-05,Butte,007,227075,17086,16504,2943,19447,218
2021-09-05,Calaveras,009,45235,3186,3106,21,3127,63
2021-09-05,Colusa,011,21464,2342,2305,508,2813,16
2021-09-05,Contra Costa,013,1133247,91982,90862,1858,92720,891
2021-09-05,Del Norte,015,27424,3185,3023,19,3042,24
2021-09-05,El Dorado,017,186661,14112,13827,1344,15171,119
2021-09-05,Fresno,019,978130,121851,119384,10871,130255,1828
2021-09-05,Glenn,021,27897,3010,2899,834,3733,20
2021-09-05,Humboldt,023,135768,7513,7312,307,7619,52
2021-09-05,Imperial,025,180216,30815,30548,3175,33723,751
2021-09-05,Inyo,027,18085,1589,1572,17,1589,39
2021-09-05,Kern,029,883053,112467,110073,16379,126452,1408
2021-09-05,Kings,031,150075,27731,26989,1512,28501,264
2021-09-05,Lake,033,64148,5723,5525,94,5619,78
2021-09-05,Lassen,035,31185,5946,5820,199,6019,21
2021-09-05,Los Angeles,037,10098052,1369448,1357748,51360,1409108,25465
2021-09-05,Madera,039,155013,19740,19155,1505,20660,249
2021-09-05,Marin,041,260295,16511,16342,374,16716,242
2021-09-05,Mariposa,043,17540,801,761,27,788,5
2021-09-05,Mendocino,045,87422,6218,5965,237,6202,61
2021-09-05,Merced,047,269075,36743,36243,1419,37662,513
2021-09-05,Modoc,049,8938,460,447,160,607,5
2021-09-05,Mono,051,14174,1439,1416,18,1434,3
2021-09-05,Monterey,053,433212,46579,45795,2466,48261,540
2021-09-05,Napa,055,140530,11924,11770,78,11848,90
2021-09-05,Nevada,057,99092,7954,7722,259,7981,82
2021-09-05,Orange,059,3164182,291588,287614,13672,301286,5274
2021-09-05,Placer,061,380077,32303,31487,2942,34429,337
2021-09-05,Plumas,063,18699,1122,1067,19,1086,5
2021-09-05,Riverside,065,2383286,338657,332604,15654,348258,4654
2021-09-05,Sacramento,067,1510023,141911,141276,3291,144567,1905
2021-09-05,San Benito,069,59416,6814,6764,137,6901,64
2021-09-05,San Bernardino,071,2135413,332568,329062,10344,339406,5392
2021-09-05,San Diego,073,3302833,343600,339427,20029,359456,3914
2021-09-05,San Francisco,075,870044,48715,48035,2074,50109,589
2021-09-05,San Joaquin,077,732212,90304,89121,4774,93895,1548
2021-09-05,San Luis Obispo,079,281455,26669,26098,1020,27118,285
2021-09-05,San Mateo,081,765935,50686,49809,752,50561,561
2021-09-05,Santa Barbara,083,443738,40595,39762,1477,41239,489
2021-09-05,Santa Clara,085,1922200,137781,136146,1058,137204,1807
2021-09-05,Santa Cruz,087,273765,18873,18588,963,19551,210
2021-09-05,Shasta,089,179085,16698,15960,2529,18489,226
2021-09-05,Sierra,091,2930,128,109,13,122,0
2021-09-05,Siskiyou,093,43540,2724,2585,874,3459,34
2021-09-05,Solano,095,438530,42635,41687,1070,42757,300
2021-09-05,Sonoma,097,501317,38269,37881,464,38345,358
2021-09-05,Stanislaus,099,539301,69104,68434,7756,76190,1074
2021-09-05,Sutter,101,95872,12418,12179,185,12364,138
2021-09-05,Tehama,103,63373,6660,6400,1038,7438,74
2021-09-05,Trinity,105,12862,658,505,178,683,6
2021-09-05,Tulare,107,460477,58512,56915,11869,68784,874
2021-09-05,Tuolumne,109,53932,5807,5688,61,5749,88
2021-09-05,Ventura,111,848112,92569,91004,4013,95017,1093
2021-09-05,Yolo,113,214977,17809,17557,875,18432,235
2021-09-05,Yuba,115,75493,8731,8521,184,8705,55
2021-09-04,Alameda,001,1643700,111367,109944,2565,112509,1301
2021-09-04,Alpine,003,1148,94,94,0,94,0
2021-09-04,Amador,005,37829,4729,4637,45,4682,53
2021-09-04,Butte,007,227075,17028,16403,2928,19331,218
2021-09-04,Calaveras,009,45235,3174,3087,20,3107,63
2021-09-04,Colusa,011,21464,2340,2301,508,2809,16
2021-09-04,Contra Costa,013,1133247,91868,90623,1854,92477,891
2021-09-04,Del Norte,015,27424,3174,2984,19,3003,24
2021-09-04,El Dorado,017,186661,14086,13782,1336,15118,119
2021-09-04,Fresno,019,978130,121656,119033,10850,129883,1828
2021-09-04,Glenn,021,27897,3000,2878,828,3706,20
2021-09-04,Humboldt,023,135768,7482,7298,301,7599,52
2021-09-04,Imperial,025,180216,30792,30526,3172,33698,751
2021-09-04,Inyo,027,18085,1587,1571,17,1588,39
2021-09-04,Kern,029,883053,112222,109751,16248,125999,1408
2021-09-04,Kings,031,150075,27643,26896,1506,28402,263
2021-09-04,Lake,033,64148,5705,5507,94,5601,78
2021-09-04,Lassen,035,31185,5931,5814,191,6005,21
2021-09-04,Los Angeles,037,10098052,1368499,1355634,51302,1406936,25454
2021-09-04,Madera,039,155013,19707,19112,1498,20610,249
2021-09-04,Marin,041,260295,16495,16319,373,16692,242
2021-09-04,Mariposa,043,17540,796,759,27,786,5
2021-09-04,Mendocino,045,87422,6182,5933,237,6170,61
2021-09-04,Merced,047,269075,36699,36083,1414,37497,513
2021-09-04,Modoc,049,8938,460,447,160,607,5
2021-09-04,Mono,051,14174,1436,1417,18,1435,3
2021-09-04,Monterey,053,433212,46548,45756,2462,48218,540
2021-09-04,Napa,055,140530,11899,11760,76,11836,90
2021-09-04,Nevada,057,99092,7939,7691,258,7949,82
2021-09-04,Orange,059,3164182,291325,287244,13651,300895,5274
2021-09-04,Placer,061,380077,32199,31374,2925,34299,337
2021-09-04,Plumas,063,18699,1114,1067,19,1086,5
2021-09-04,Riverside,065,2383286,338187,331958,15642,347600,4654
2021-09-04,Sacramento,067,1510023,141618,140735,3283,144018,1896
2021-09-04,San Benito,069,59416,6805,6758,137,6895,64
2021-09-04,San Bernardino,071,2135413,332236,328425,10330,338755,5393
2021-09-04,San Diego,073,3302833,343166,338748,20007,358755,3914
2021-09-04,San Francisco,075,870044,48640,47937,2065,50002,589
2021-09-04,San Joaquin,077,732212,90188,88846,4766,93612,1548
2021-09-04,San Luis Obispo,079,281455,26637,26020,1020,27040,285
2021-09-04,San Mateo,081,765935,50629,49721,752,50473,560
2021-09-04,Santa Barbara,083,443738,40529,39667,1475,41142,489
2021-09-04,Santa Clara,085,1922200,137595,135845,1055,136900,1806
2021-09-04,Santa Cruz,087,273765,18855,18579,959,19538,210
2021-09-04,Shasta,089,179085,16621,15924,2503,18427,226
2021-09-04,Sierra,091,2930,126,108,13,121,0
2021-09-04,Siskiyou,093,43540,2698,2563,863,3426,34
2021-09-04,Solano,095,438530,42562,41614,1068,42682,300
2021-09-04,Sonoma,097,501317,38236,37809,464,38273,358
2021-09-04,Stanislaus,099,539301,68956,68210,7731,75941,1074
2021-09-04,Sutter,101,95872,12377,12137,184,12321,138
2021-09-04,Tehama,103,63373,6635,6367,1020,7387,74
2021-09-04,Trinity,105,12862,656,497,178,675,6
2021-09-04,Tulare,107,460477,58404,56719,11826,68545,874
2021-09-04,Tuolumne,109,53932,5789,5667,59,5726,88
2021-09-04,Ventura,111,848112,92434,90904,4010,94914,1090
2021-09-04,Yolo,113,214977,17775,17522,871,18393,235
2021-09-04,Yuba,115,75493,8703,8475,183,8658,55
2021-09-03,Alameda,001,1643700,111214,109636,2562,112198,1301
2021-09-03,Alpine,003,1148,94,94,0,94,0
2021-09-03,Amador,005,37829,4707,4614,45,4659,53
2021-09-03,Butte,007,227075,16938,16259,2902,19161,215
2021-09-03,Calaveras,009,45235,3164,3069,20,3089,63
2021-09-03,Colusa,011,21464,2335,2295,507,2802,16
2021-09-03,Contra Costa,013,1133247,91717,90299,1851,92150,886
2021-09-03,Del Norte,015,27424,3146,2943,18,2961,24
2021-09-03,El Dorado,017,186661,14053,13710,1332,15042,119
2021-09-03,Fresno,019,978130,121321,118508,10828,129336,1822
2021-09-03,Glenn,021,27897,2991,2867,821,3688,20
2021-09-03,Humboldt,023,135768,7457,7194,296,7490,52
2021-09-03,Imperial,025,180216,30769,30475,3165,33640,751
2021-09-03,Inyo,027,18085,1582,1567,17,1584,39
2021-09-03,Kern,029,883053,112006,109296,16137,125433,1407
2021-09-03,Kings,031,150075,27559,26753,1503,28256,263
2021-09-03,Lake,033,64148,5685,5479,92,5571,78
2021-09-03,Lassen,035,31185,5914,5789,186,5975,21
2021-09-03,Los Angeles,037,10098052,1367167,1351185,51235,1402420,25384
2021-09-03,Madera,039,155013,19622,19021,1492,20513,247
2021-09-03,Marin,041,260295,16473,16293,372,16665,242
2021-09-03,Mariposa,043,17540,789,753,25,778,5
2021-09-03,Mendocino,045,87422,6147,5891,237,6128,61
2021-09-03,Merced,047,269075,36645,35941,1405,37346,512
2021-09-03,Modoc,049,8938,460,445,160,605,5
2021-09-03,Mono,051,14174,1435,1410,18,1428,3
2021-09-03,Monterey,053,433212,46510,45707,2458,48165,540
2021-09-03,Napa,055,140530,11878,11733,76,11809,89
2021-09-03,Nevada,057,99092,7905,7632,258,7890,82
2021-09-03,Orange,059,3164182,291007,286818,13623,300441,5253
2021-09-03,Placer,061,380077,32092,31238,2901,34139,335
2021-09-03,Plumas,063,18699,1103,1057,19,1076,5
2021-09-03,Riverside,065,2383286,337655,331011,15626,346637,4653
2021-09-03,Sacramento,067,1510023,141249,139982,3264,143246,1886
2021-09-03,San Benito,069,59416,6799,6746,137,6883,64
2021-09-03,San Bernardino,071,2135413,331823,327599,10319,337918,5381
2021-09-03,San Diego,073,3302833,342546,337627,19974,357601,3911
2021-09-03,San Francisco,075,870044,48564,47822,2059,49881,589
2021-09-03,San Joaquin,077,732212,90035,88366,4758,93124,1540
2021-09-03,San Luis Obispo,079,281455,26561,25917,1018,26935,283
2021-09-03,San Mateo,081,765935,50535,49617,750,50367,560
2021-09-03,Santa Barbara,083,443738,40462,39507,1472,40979,489
2021-09-03,Santa Clara,085,1922200,137393,135522,1051,136573,1801
2021-09-03,Santa Cruz,087,273765,18830,18532,959,19491,210
2021-09-03,Shasta,089,179085,16546,15778,2479,18257,226
2021-09-03,Sierra,091,2930,124,105,13,118,0
2021-09-03,Siskiyou,093,43540,2686,2529,850,3379,34
2021-09-03,Solano,095,438530,42466,41457,1065,42522,300
2021-09-03,Sonoma,097,501317,38173,37699,464,38163,358
2021-09-03,Stanislaus,099,539301,68782,67887,7705,75592,1074
2021-09-03,Sutter,101,95872,12338,12073,183,12256,139
2021-09-03,Tehama,103,63373,6596,6334,1013,7347,72
2021-09-03,Trinity,105,12862,654,490,173,663,6
2021-09-03,Tulare,107,460477,58277,56401,11773,68174,872
2021-09-03,Tuolumne,109,53932,5747,5630,59,5689,88
2021-09-03,Ventura,111,848112,92300,90742,4006,94748,1088
2021-09-03,Yolo,113,214977,17752,17446,865,18311,235
2021-09-03,Yuba,115,75493,8671,8412,183,8595,55
2021-09-02,Alameda,001,1643700,110956,109377,2559,111936,1301
2021-09-02,Alpine,003,1148,93,92,0,92,0
2021-09-02,Amador,005,37829,4691,4606,45,4651,53
2021-09-02,Butte,007,227075,16812,16154,2883,19037,215
2021-09-02,Calaveras,009,45235,3151,3042,20,3062,62
2021-09-02,Colusa,011,21464,2331,2290,505,2795,16
2021-09-02,Contra Costa,013,1133247,91537,90038,1839,91877,886
2021-09-02,Del Norte,015,27424,3115,2891,18,2909,24
2021-09-02,El Dorado,017,186661,13993,13641,1306,14947,119
2021-09-02,Fresno,019,978130,120834,117974,10777,128751,1804
2021-09-02,Glenn,021,27897,2975,2855,815,3670,20
2021-09-02,Humboldt,023,135768,7410,7141,285,7426,52
2021-09-02,Imperial,025,180216,30725,30449,3159,33608,751
2021-09-02,Inyo,027,18085,1577,1564,16,1580,39
2021-09-02,Kern,029,883053,111593,108930,15993,124923,1404
2021-09-02,Kings,031,150075,27466,26638,1493,28131,263
2021-09-02,Lake,033,64148,5655,5432,88,5520,78
2021-09-02,Lassen,035,31185,5900,5747,179,5926,21
2021-09-02,Los Angeles,037,10098052,1365307,1351105,51139,1402244,25382
2021-09-02,Madera,039,155013,19531,18937,1473,20410,247
2021-09-02,Marin,041,260295,16460,16244,370,16614,242
2021-09-02,Mariposa,043,17540,782,745,22,767,5
2021-09-02,Mendocino,045,87422,6105,5848,234,6082,61
2021-09-02,Merced,047,269075,36482,35820,1398,37218,508
2021-09-02,Modoc,049,8938,460,437,160,597,5
2021-09-02,Mono,051,14174,1435,1409,18,1427,3
2021-09-02,Monterey,053,433212,46445,45648,2443,48091,539
2021-09-02,Napa,055,140530,11849,11684,76,11760,88
2021-09-02,Nevada,057,99092,7853,7575,257,7832,82
2021-09-02,Orange,059,3164182,290546,286326,13590,299916,5240
2021-09-02,Placer,061,380077,31954,31067,2872,33939,330
2021-09-02,Plumas,063,18699,1092,1045,18,1063,5
2021-09-02,Riverside,065,2383286,336939,330190,15601,345791,4644
2021-09-02,Sacramento,067,1510023,140665,139274,3225,142499,1882
2021-09-02,San Benito,069,59416,6794,6734,136,6870,64
2021-09-02,San Bernardino,071,2135413,331216,326940,10246,337186,5369
2021-09-02,San Diego,073,3302833,341580,336382,19920,356302,3909
2021-09-02,San Francisco,075,870044,48456,47674,2055,49729,587
2021-09-02,San Joaquin,077,732212,89751,88056,4734,92790,1540
2021-09-02,San Luis Obispo,079,281455,26476,25851,1013,26864,283
2021-09-02,San Mateo,081,765935,50436,49490,747,50237,558
2021-09-02,Santa Barbara,083,443738,40372,39386,1459,40845,486
2021-09-02,Santa Clara,085,1922200,137092,135216,1045,136261,1799
2021-09-02,Santa Cruz,087,273765,18796,18473,956,19429,210
2021-09-02,Shasta,089,179085,16408,15670,2450,18120,224
2021-09-02,Sierra,091,2930,124,105,13,118,0
2021-09-02,Siskiyou,093,43540,2665,2513,822,3335,34
2021-09-02,Solano,095,438530,42360,41293,1062,42355,294
2021-09-02,Sonoma,097,501317,38092,37558,464,38022,352
2021-09-02,Stanislaus,099,539301,68540,67576,7683,75259,1074
2021-09-02,Sutter,101,95872,12269,11995,179,12174,138
2021-09-02,Tehama,103,63373,6537,6265,994,7259,72
2021-09-02,Trinity,105,12862,650,484,171,655,6
2021-09-02,Tulare,107,460477,58047,56105,11720,67825,872
2021-09-02,Tuolumne,109,53932,5691,5578,59,5637,88
2021-09-02,Ventura,111,848112,92117,90610,4001,94611,1084
2021-09-02,Yolo,113,214977,17683,17357,854,18211,235
2021-09-02,Yuba,115,75493,8611,8363,183,8546,55
2021-09-01,Alameda,001,1643700,110684,109075,2553,111628,1299
2021-09-01,Alpine,003,1148,93,92,0,92,0
2021-09-01,Amador,005,37829,4675,4599,44,4643,53
2021-09-01,Butte,007,227075,16697,16046,2858,18904,215
2021-09-01,Calaveras,009,45235,3139,3023,20,3043,59
2021-09-01,Colusa,011,21464,2326,2281,505,2786,16
2021-09-01,Contra Costa,013,1133247,91310,89834,1832,91666,877
2021-09-01,Del Norte,015,27424,3082,2860,18,2878,24
2021-09-01,El Dorado,017,186661,13937,13577,1279,14856,119
2021-09-01,Fresno,019,978130,120343,117492,10712,128204,1800
2021-09-01,Glenn,021,27897,2950,2846,807,3653,20
2021-09-01,Humboldt,023,135768,7362,7090,278,7368,52
2021-09-01,Imperial,025,180216,30688,30393,3154,33547,750
2021-09-01,Inyo,027,18085,1573,1561,15,1576,39
2021-09-01,Kern,029,883053,111162,108449,15850,124299,1400
2021-09-01,Kings,031,150075,27353,26443,1482,27925,263
2021-09-01,Lake,033,64148,5613,5396,83,5479,77
2021-09-01,Lassen,035,31185,5878,5731,175,5906,21
2021-09-01,Los Angeles,037,10098052,1363047,1348589,51031,1399620,25341
2021-09-01,Madera,039,155013,19453,18852,1458,20310,247
2021-09-01,Marin,041,260295,16438,16224,365,16589,240
2021-09-01,Mariposa,043,17540,774,735,22,757,5
2021-09-01,Mendocino,045,87422,6062,5821,229,6050,59
2021-09-01,Merced,047,269075,36305,35686,1388,37074,500
2021-09-01,Modoc,049,8938,454,436,158,594,5
2021-09-01,Mono,051,14174,1435,1400,18,1418,3
2021-09-01,Monterey,053,433212,46365,45590,2428,48018,539
2021-09-01,Napa,055,140530,11816,11653,76,11729,88
2021-09-01,Nevada,057,99092,7800,7508,256,7764,82
2021-09-01,Orange,059,3164182,290071,285840,13552,299392,5233
2021-09-01,Placer,061,380077,31799,30902,2858,33760,330
2021-09-01,Plumas,063,18699,1084,1033,18,1051,5
2021-09-01,Riverside,065,2383286,336123,329388,15571,344959,4634
2021-09-01,Sacramento,067,1510023,140055,138499,3179,141678,1875
2021-09-01,San Benito,069,59416,6777,6716,136,6852,64
2021-09-01,San Bernardino,071,2135413,330566,326250,10217,336467,5364
2021-09-01,San Diego,073,3302833,340549,335302,19866,355168,3908
2021-09-01,San Francisco,075,870044,48347,47538,2048,49586,584
2021-09-01,San Joaquin,077,732212,89429,87640,4711,92351,1540
2021-09-01,San Luis Obispo,079,281455,26380,25691,1008,26699,283
2021-09-01,San Mateo,081,765935,50318,49394,741,50135,558
2021-09-01,Santa Barbara,083,443738,40255,39263,1443,40706,483
2021-09-01,Santa Clara,085,1922200,136824,134855,1038,135893,1796
2021-09-01,Santa Cruz,087,273765,18748,18453,954,19407,210
2021-09-01,Shasta,089,179085,16276,15552,2409,17961,221
2021-09-01,Sierra,091,2930,123,98,13,111,0
2021-09-01,Siskiyou,093,43540,2635,2482,802,3284,34
2021-09-01,Solano,095,438530,42209,41194,1056,42250,293
2021-09-01,Sonoma,097,501317,37997,37454,463,37917,352
2021-09-01,Stanislaus,099,539301,68253,67287,7652,74939,1075
2021-09-01,Sutter,101,95872,12205,11945,172,12117,136
2021-09-01,Tehama,103,63373,6503,6228,977,7205,72
2021-09-01,Trinity,105,12862,649,482,168,650,5
2021-09-01,Tulare,107,460477,57764,55768,11683,67451,870
2021-09-01,Tuolumne,109,53932,5652,5553,59,5612,88
2021-09-01,Ventura,111,848112,91902,90471,3985,94456,1089
2021-09-01,Yolo,113,214977,17627,17264,848,18112,235
2021-09-01,Yuba,115,75493,8550,8308,183,8491,55
2021-08-31,Alameda,001,1643700,110391,108837,2546,111383,1297
2021-08-31,Alpine,003,1148,91,92,0,92,0
2021-08-31,Amador,005,37829,4654,4555,44,4599,53
2021-08-31,Butte,007,227075,16557,15896,2817,18713,216
2021-08-31,Calaveras,009,45235,3099,3008,20,3028,59
2021-08-31,Colusa,011,21464,2324,2275,503,2778,16
2021-08-31,Contra Costa,013,1133247,91016,89546,1820,91366,871
2021-08-31,Del Norte,015,27424,3046,2830,18,2848,19
2021-08-31,El Dorado,017,186661,13867,13539,1262,14801,119
2021-08-31,Fresno,019,978130,119768,117155,10632,127787,1801
2021-08-31,Glenn,021,27897,2934,2829,795,3624,20
2021-08-31,Humboldt,023,135768,7287,7030,265,7295,52
2021-08-31,Imperial,025,180216,30651,30348,3146,33494,750
2021-08-31,Inyo,027,18085,1569,1550,15,1565,39
2021-08-31,Kern,029,883053,110660,108151,15671,123822,1393
2021-08-31,Kings,031,150075,27212,26405,1468,27873,260
2021-08-31,Lake,033,64148,5569,5359,80,5439,74
2021-08-31,Lassen,035,31185,5852,5702,172,5874,21
2021-08-31,Los Angeles,037,10098052,1360459,1346686,50952,1397638,25303
2021-08-31,Madera,039,155013,19363,18811,1440,20251,247
2021-08-31,Marin,041,260295,16409,16215,362,16577,240
2021-08-31,Mariposa,043,17540,766,732,22,754,5
2021-08-31,Mendocino,045,87422,6020,5777,227,6004,59
2021-08-31,Merced,047,269075,36135,35512,1383,36895,498
2021-08-31,Modoc,049,8938,453,436,158,594,5
2021-08-31,Mono,051,14174,1423,1398,18,1416,3
2021-08-31,Monterey,053,433212,46281,45550,2415,47965,539
2021-08-31,Napa,055,140530,11769,11618,76,11694,88
2021-08-31,Nevada,057,99092,7733,7460,256,7716,82
2021-08-31,Orange,059,3164182,289471,285310,13518,298828,5229
2021-08-31,Placer,061,380077,31610,30745,2820,33565,325
2021-08-31,Plumas,063,18699,1080,1018,17,1035,5
2021-08-31,Riverside,065,2383286,335149,328556,15538,344094,4627
2021-08-31,Sacramento,067,1510023,139370,137879,3147,141026,1863
2021-08-31,San Benito,069,59416,6765,6694,134,6828,64
2021-08-31,San Bernardino,071,2135413,329820,325446,10197,335643,5350
2021-08-31,San Diego,073,3302833,339284,334377,19814,354191,3888
2021-08-31,San Francisco,075,870044,48197,47440,2037,49477,581
2021-08-31,San Joaquin,077,732212,88984,87365,4696,92061,1540
2021-08-31,San Luis Obispo,079,281455,26257,25518,1004,26522,282
2021-08-31,San Mateo,081,765935,50206,49299,741,50040,556
2021-08-31,Santa Barbara,083,443738,40101,39091,1437,40528,481
2021-08-31,Santa Clara,085,1922200,136474,134637,1031,135668,1793
2021-08-31,Santa Cruz,087,273765,18708,18419,951,19370,210
2021-08-31,Shasta,089,179085,16124,15368,2382,17750,220
2021-08-31,Sierra,091,2930,120,95,13,108,0
2021-08-31,Siskiyou,093,43540,2615,2435,786,3221,33
2021-08-31,Solano,095,438530,42070,41067,1049,42116,289
2021-08-31,Sonoma,097,501317,37901,37379,462,37841,352
2021-08-31,Stanislaus,099,539301,67898,67004,7617,74621,1075
2021-08-31,Sutter,101,95872,12139,11901,168,12069,136
2021-08-31,Tehama,103,63373,6443,6169,946,7115,72
2021-08-31,Trinity,105,12862,643,480,168,648,3
2021-08-31,Tulare,107,460477,57431,55567,11611,67178,870
2021-08-31,Tuolumne,109,53932,5616,5516,59,5575,88
2021-08-31,Ventura,111,848112,91684,90292,3973,94265,1081
2021-08-31,Yolo,113,214977,17547,17205,839,18044,234
2021-08-31,Yuba,115,75493,8496,8253,183,8436,54
2021-08-30,Alameda,001,1643700,110064,107734,2535,110269,1296
2021-08-30,Alpine,003,1148,91,92,0,92,0
2021-08-30,Amador,005,37829,4643,4507,44,4551,53
2021-08-30,Butte,007,227075,16406,15719,2784,18503,214
2021-08-30,Calaveras,009,45235,3084,2975,20,2995,59
2021-08-30,Colusa,011,21464,2315,2271,499,2770,16
2021-08-30,Contra Costa,013,1133247,90757,87679,1810,89489,872
2021-08-30,Del Norte,015,27424,3004,2796,17,2813,11
2021-08-30,El Dorado,017,186661,13798,13217,1245,14462,119
2021-08-30,Fresno,019,978130,119197,115867,10561,126428,1790
2021-08-30,Glenn,021,27897,2923,2804,789,3593,20
2021-08-30,Humboldt,023,135768,7233,6930,259,7189,52
2021-08-30,Imperial,025,180216,30613,30311,3141,33452,750
2021-08-30,Inyo,027,18085,1564,1544,15,1559,39
2021-08-30,Kern,029,883053,110181,107615,15507,123122,1389
2021-08-30,Kings,031,150075,27096,26236,1453,27689,259
2021-08-30,Lake,033,64148,5534,5323,77,5400,74
2021-08-30,Lassen,035,31185,5830,5667,166,5833,21
2021-08-30,Los Angeles,037,10098052,1358000,1344949,50865,1395814,25269
2021-08-30,Madera,039,155013,19281,18622,1420,20042,247
2021-08-30,Marin,041,260295,16378,16160,362,16522,240
2021-08-30,Mariposa,043,17540,760,715,21,736,5
2021-08-30,Mendocino,045,87422,5986,5721,223,5944,55
2021-08-30,Merced,047,269075,36007,35335,1379,36714,497
2021-08-30,Modoc,049,8938,451,436,157,593,5
2021-08-30,Mono,051,14174,1422,1390,18,1408,3
2021-08-30,Monterey,053,433212,46219,45463,2398,47861,539
2021-08-30,Napa,055,140530,11720,11579,74,11653,87
2021-08-30,Nevada,057,99092,7674,7356,253,7609,82
2021-08-30,Orange,059,3164182,288890,284750,13469,298219,5223
2021-08-30,Placer,061,380077,31445,29825,2797,32622,319
2021-08-30,Plumas,063,18699,1063,998,17,1015,5
2021-08-30,Riverside,065,2383286,334251,327593,15507,343100,4623
2021-08-30,Sacramento,067,1510023,138714,134571,3101,137672,1847
2021-08-30,San Benito,069,59416,6756,6663,134,6797,64
2021-08-30,San Bernardino,071,2135413,329144,324870,10167,335037,5348
2021-08-30,San Diego,073,3302833,338006,333011,19741,352752,3885
2021-08-30,San Francisco,075,870044,48058,46966,2023,48989,581
2021-08-30,San Joaquin,077,732212,88653,86203,4675,90878,1528
2021-08-30,San Luis Obispo,079,281455,26132,25422,997,26419,280
2021-08-30,San Mateo,081,765935,50081,48839,735,49574,554
2021-08-30,Santa Barbara,083,443738,39950,38998,1432,40430,481
2021-08-30,Santa Clara,085,1922200,136153,133281,1024,134305,1789
2021-08-30,Santa Cruz,087,273765,18653,18326,947,19273,210
2021-08-30,Shasta,089,179085,15995,15238,2339,17577,217
2021-08-30,Sierra,091,2930,118,91,13,104,0
2021-08-30,Siskiyou,093,43540,2602,2411,775,3186,33
2021-08-30,Solano,095,438530,41909,39986,1045,41031,290
2021-08-30,Sonoma,097,501317,37795,36764,462,37226,352
2021-08-30,Stanislaus,099,539301,67559,66173,7586,73759,1074
2021-08-30,Sutter,101,95872,12069,11791,161,11952,136
2021-08-30,Tehama,103,63373,6364,6085,922,7007,71
2021-08-30,Trinity,105,12862,632,468,165,633,3
2021-08-30,Tulare,107,460477,57119,55140,11535,66675,870
2021-08-30,Tuolumne,109,53932,5570,5492,59,5551,74
2021-08-30,Ventura,111,848112,91468,90149,3961,94110,1082
2021-08-30,Yolo,113,214977,17485,17071,835,17906,231
2021-08-30,Yuba,115,75493,8422,8129,182,8311,54
2021-08-29,Alameda,001,1643700,109721,107494,2523,110017,1296
2021-08-29,Alpine,003,1148,91,92,0,92,0
2021-08-29,Amador,005,37829,4629,4501,44,4545,53
2021-08-29,Butte,007,227075,16236,15602,2747,18349,214
2021-08-29,Calaveras,009,45235,3051,2970,20,2990,59
2021-08-29,Colusa,011,21464,2307,2260,493,2753,16
2021-08-29,Contra Costa,013,1133247,90459,87439,1805,89244,872
2021-08-29,Del Norte,015,27424,2961,2752,17,2769,11
2021-08-29,El Dorado,017,186661,13743,13166,1234,14400,119
2021-08-29,Fresno,019,978130,118600,115502,10491,125993,1790
2021-08-29,Glenn,021,27897,2905,2778,782,3560,20
2021-08-29,Humboldt,023,135768,7189,6922,244,7166,52
2021-08-29,Imperial,025,180216,30552,30293,3130,33423,750
2021-08-29,Inyo,027,18085,1554,1543,14,1557,39
2021-08-29,Kern,029,883053,109730,107324,15336,122660,1389
2021-08-29,Kings,031,150075,26943,26143,1438,27581,259
2021-08-29,Lake,033,64148,5494,5293,67,5360,74
2021-08-29,Lassen,035,31185,5807,5666,162,5828,21
2021-08-29,Los Angeles,037,10098052,1355239,1342541,50753,1393294,25263
2021-08-29,Madera,039,155013,19194,18594,1404,19998,247
2021-08-29,Marin,041,260295,16347,16134,360,16494,240
2021-08-29,Mariposa,043,17540,754,709,19,728,5
2021-08-29,Mendocino,045,87422,5928,5689,210,5899,55
2021-08-29,Merced,047,269075,35768,35250,1367,36617,497
2021-08-29,Modoc,049,8938,448,436,157,593,5
2021-08-29,Mono,051,14174,1415,1387,18,1405,3
2021-08-29,Monterey,053,433212,46113,45424,2374,47798,539
2021-08-29,Napa,055,140530,11689,11552,74,11626,87
2021-08-29,Nevada,057,99092,7617,7294,252,7546,82
2021-08-29,Orange,059,3164182,288261,284432,13427,297859,5223
2021-08-29,Placer,061,380077,31272,29674,2756,32430,319
2021-08-29,Plumas,063,18699,1052,996,17,1013,5
2021-08-29,Riverside,065,2383286,333392,326987,15486,342473,4623
2021-08-29,Sacramento,067,1510023,137961,133981,3052,137033,1843
2021-08-29,San Benito,069,59416,6731,6646,134,6780,64
2021-08-29,San Bernardino,071,2135413,328358,324266,10133,334399,5347
2021-08-29,San Diego,073,3302833,336896,332014,19648,351662,3880
2021-08-29,San Francisco,075,870044,47923,46885,2011,48896,581
2021-08-29,San Joaquin,077,732212,88206,85922,4654,90576,1528
2021-08-29,San Luis Obispo,079,281455,25934,25288,989,26277,280
2021-08-29,San Mateo,081,765935,49968,48737,730,49467,554
2021-08-29,Santa Barbara,083,443738,39784,38900,1428,40328,481
2021-08-29,Santa Clara,085,1922200,135799,132979,1018,133997,1789
2021-08-29,Santa Cruz,087,273765,18606,18285,945,19230,210
2021-08-29,Shasta,089,179085,15841,15198,2312,17510,217
2021-08-29,Sierra,091,2930,116,91,13,104,0
2021-08-29,Siskiyou,093,43540,2555,2407,755,3162,33
2021-08-29,Solano,095,438530,41754,39887,1038,40925,290
2021-08-29,Sonoma,097,501317,37659,36650,458,37108,352
2021-08-29,Stanislaus,099,539301,67213,65956,7550,73506,1074
2021-08-29,Sutter,101,95872,12011,11719,154,11873,136
2021-08-29,Tehama,103,63373,6293,6040,899,6939,71
2021-08-29,Trinity,105,12862,629,468,161,629,3
2021-08-29,Tulare,107,460477,56786,54974,11451,66425,870
2021-08-29,Tuolumne,109,53932,5545,5478,58,5536,74
2021-08-29,Ventura,111,848112,91210,90114,3952,94066,1082
2021-08-29,Yolo,113,214977,17386,17015,823,17838,231
2021-08-29,Yuba,115,75493,8358,8042,182,8224,54
2021-08-28,Alameda,001,1643700,109556,107007,2514,109521,1296
2021-08-28,Alpine,003,1148,91,92,0,92,0
2021-08-28,Amador,005,37829,4610,4484,43,4527,53
2021-08-28,Butte,007,227075,16177,15487,2719,18206,214
2021-08-28,Calaveras,009,45235,3041,2926,20,2946,59
2021-08-28,Colusa,011,21464,2303,2252,491,2743,16
2021-08-28,Contra Costa,013,1133247,90247,86938,1802,88740,872
2021-08-28,Del Norte,015,27424,2934,2734,16,2750,11
2021-08-28,El Dorado,017,186661,13703,13089,1228,14317,119
2021-08-28,Fresno,019,978130,118359,115079,10461,125540,1792
2021-08-28,Glenn,021,27897,2896,2773,775,3548,20
2021-08-28,Humboldt,023,135768,7154,6887,239,7126,52
2021-08-28,Imperial,025,180216,30525,30260,3126,33386,750
2021-08-28,Inyo,027,18085,1552,1539,14,1553,39
2021-08-28,Kern,029,883053,109492,107012,15194,122206,1389
2021-08-28,Kings,031,150075,26876,26059,1435,27494,257
2021-08-28,Lake,033,64148,5471,5267,63,5330,74
2021-08-28,Lassen,035,31185,5792,5665,161,5826,21
2021-08-28,Los Angeles,037,10098052,1354029,1337097,50680,1387777,25234
2021-08-28,Madera,039,155013,19143,18553,1389,19942,247
2021-08-28,Marin,041,260295,16332,16106,360,16466,240
2021-08-28,Mariposa,043,17540,752,704,19,723,5
2021-08-28,Mendocino,045,87422,5903,5658,210,5868,55
2021-08-28,Merced,047,269075,35716,35108,1364,36472,497
2021-08-28,Modoc,049,8938,448,436,156,592,5
2021-08-28,Mono,051,14174,1412,1385,18,1403,3
2021-08-28,Monterey,053,433212,46071,45394,2369,47763,539
2021-08-28,Napa,055,140530,11666,11512,73,11585,88
2021-08-28,Nevada,057,99092,7593,7238,250,7488,82
2021-08-28,Orange,059,3164182,287903,283953,13378,297331,5222
2021-08-28,Placer,061,380077,31163,29428,2743,32171,319
2021-08-28,Plumas,063,18699,1045,991,17,1008,5
2021-08-28,Riverside,065,2383286,332804,326222,15476,341698,4623
2021-08-28,Sacramento,067,1510023,137569,132985,3036,136021,1844
2021-08-28,San Benito,069,59416,6724,6636,134,6770,64
2021-08-28,San Bernardino,071,2135413,327910,323672,10125,333797,5348
2021-08-28,San Diego,073,3302833,336311,331330,19614,350944,3880
2021-08-28,San Francisco,075,870044,47851,46654,2004,48658,581
2021-08-28,San Joaquin,077,732212,88037,85481,4645,90126,1527
2021-08-28,San Luis Obispo,079,281455,25868,25138,984,26122,280
2021-08-28,San Mateo,081,765935,49894,48575,726,49301,554
2021-08-28,Santa Barbara,083,443738,39712,38780,1427,40207,481
2021-08-28,Santa Clara,085,1922200,135592,132488,1016,133504,1789
2021-08-28,Santa Cruz,087,273765,18589,18240,942,19182,210
2021-08-28,Shasta,089,179085,15738,15147,2293,17440,217
2021-08-28,Sierra,091,2930,112,91,13,104,0
2021-08-28,Siskiyou,093,43540,2547,2402,744,3146,33
2021-08-28,Solano,095,438530,41705,39610,1037,40647,290
2021-08-28,Sonoma,097,501317,37586,36466,456,36922,352
2021-08-28,Stanislaus,099,539301,67055,65670,7533,73203,1074
2021-08-28,Sutter,101,95872,11990,11669,153,11822,136
2021-08-28,Tehama,103,63373,6268,6004,886,6890,71
2021-08-28,Trinity,105,12862,625,463,160,623,3
2021-08-28,Tulare,107,460477,56656,54746,11409,66155,870
2021-08-28,Tuolumne,109,53932,5529,5469,58,5527,74
2021-08-28,Ventura,111,848112,91092,89934,3950,93884,1081
2021-08-28,Yolo,113,214977,17350,16907,816,17723,231
2021-08-28,Yuba,115,75493,8327,7985,181,8166,55
2021-08-27,Alameda,001,1643700,109346,106622,2511,109133,1296
2021-08-27,Alpine,003,1148,91,92,0,92,0
2021-08-27,Amador,005,37829,4594,4458,42,4500,53
2021-08-27,Butte,007,227075,16097,15277,2700,17977,214
2021-08-27,Calaveras,009,45235,3026,2903,20,2923,59
2021-08-27,Colusa,011,21464,2297,2240,489,2729,16
2021-08-27,Contra Costa,013,1133247,90049,86386,1799,88185,872
2021-08-27,Del Norte,015,27424,2902,2695,16,2711,11
2021-08-27,El Dorado,017,186661,13664,12968,1224,14192,119
2021-08-27,Fresno,019,978130,117925,114481,10437,124918,1774
2021-08-27,Glenn,021,27897,2878,2754,766,3520,20
2021-08-27,Humboldt,023,135768,7121,6782,236,7018,52
2021-08-27,Imperial,025,180216,30505,30201,3122,33323,750
2021-08-27,Inyo,027,18085,1551,1529,14,1543,39
2021-08-27,Kern,029,883053,109198,106570,15084,121654,1385
2021-08-27,Kings,031,150075,26797,25957,1433,27390,257
2021-08-27,Lake,033,64148,5446,5228,62,5290,74
2021-08-27,Lassen,035,31185,5776,5646,156,5802,21
2021-08-27,Los Angeles,037,10098052,1352506,1337006,50613,1387619,25230
2021-08-27,Madera,039,155013,19087,18476,1376,19852,247
2021-08-27,Marin,041,260295,16316,16055,358,16413,240
2021-08-27,Mariposa,043,17540,746,690,19,709,5
2021-08-27,Mendocino,045,87422,5872,5602,209,5811,55
2021-08-27,Merced,047,269075,35662,34906,1355,36261,495
2021-08-27,Modoc,049,8938,448,434,156,590,5
2021-08-27,Mono,051,14174,1407,1385,18,1403,3
2021-08-27,Monterey,053,433212,46022,45337,2361,47698,539
2021-08-27,Napa,055,140530,11632,11460,73,11533,87
2021-08-27,Nevada,057,99092,7553,7169,248,7417,82
2021-08-27,Orange,059,3164182,287542,283407,13339,296746,5206
2021-08-27,Placer,061,380077,31033,29157,2723,31880,320
2021-08-27,Plumas,063,18699,1039,984,17,1001,5
2021-08-27,Riverside,065,2383286,332287,325379,15461,340840,4622
2021-08-27,Sacramento,067,1510023,137134,131921,3023,134944,1838
2021-08-27,San Benito,069,59416,6718,6622,134,6756,64
2021-08-27,San Bernardino,071,2135413,327386,322893,10107,333000,5342
2021-08-27,San Diego,073,3302833,335530,330162,19560,349722,3877
2021-08-27,San Francisco,075,870044,47775,46456,1986,48442,581
2021-08-27,San Joaquin,077,732212,87854,84949,4626,89575,1524
2021-08-27,San Luis Obispo,079,281455,25820,24952,981,25933,280
2021-08-27,San Mateo,081,765935,49819,48424,722,49146,553
2021-08-27,Santa Barbara,083,443738,39620,38675,1425,40100,480
2021-08-27,Santa Clara,085,1922200,135362,132011,1013,133024,1783
2021-08-27,Santa Cruz,087,273765,18550,18163,938,19101,210
2021-08-27,Shasta,089,179085,15658,14996,2277,17273,217
2021-08-27,Sierra,091,2930,111,91,13,104,0
2021-08-27,Siskiyou,093,43540,2532,2358,730,3088,33
2021-08-27,Solano,095,438530,41591,39347,1033,40380,287
2021-08-27,Sonoma,097,501317,37514,36326,455,36781,342
2021-08-27,Stanislaus,099,539301,66845,65167,7495,72662,1061
2021-08-27,Sutter,101,95872,11944,11590,151,11741,135
2021-08-27,Tehama,103,63373,6235,5964,871,6835,71
2021-08-27,Trinity,105,12862,625,458,159,617,3
2021-08-27,Tulare,107,460477,56520,54443,11364,65807,870
2021-08-27,Tuolumne,109,53932,5497,5438,58,5496,74
2021-08-27,Ventura,111,848112,90963,89774,3946,93720,1076
2021-08-27,Yolo,113,214977,17307,16805,811,17616,231
2021-08-27,Yuba,115,75493,8270,7926,181,8107,54
2021-08-26,Alameda,001,1643700,109064,106146,2502,108648,1296
2021-08-26,Alpine,003,1148,91,92,0,92,0
2021-08-26,Amador,005,37829,4579,4442,41,4483,53
2021-08-26,Butte,007,227075,15964,15159,2664,17823,214
2021-08-26,Calaveras,009,45235,3015,2873,20,2893,59
2021-08-26,Colusa,011,21464,2290,2234,485,2719,16
2021-08-26,Contra Costa,013,1133247,89690,85808,1793,87601,866
2021-08-26,Del Norte,015,27424,2866,2625,16,2641,8
2021-08-26,El Dorado,017,186661,13595,12863,1210,14073,118
2021-08-26,Fresno,019,978130,117419,113854,10380,124234,1770
2021-08-26,Glenn,021,27897,2860,2740,757,3497,20
2021-08-26,Humboldt,023,135768,7063,6695,226,6921,53
2021-08-26,Imperial,025,180216,30456,30121,3112,33233,748
2021-08-26,Inyo,027,18085,1541,1521,13,1534,39
2021-08-26,Kern,029,883053,108770,106051,14939,120990,1380
2021-08-26,Kings,031,150075,26674,25838,1425,27263,260
2021-08-26,Lake,033,64148,5400,5196,59,5255,74
2021-08-26,Lassen,035,31185,5764,5626,154,5780,21
2021-08-26,Los Angeles,037,10098052,1350238,1334372,50517,1384889,25199
2021-08-26,Madera,039,155013,19017,18393,1363,19756,247
2021-08-26,Marin,041,260295,16287,15983,355,16338,240
2021-08-26,Mariposa,043,17540,736,677,19,696,5
2021-08-26,Mendocino,045,87422,5834,5533,204,5737,55
2021-08-26,Merced,047,269075,35495,34755,1334,36089,495
2021-08-26,Modoc,049,8938,448,433,156,589,5
2021-08-26,Mono,051,14174,1403,1385,18,1403,3
2021-08-26,Monterey,053,433212,45949,45265,2350,47615,539
2021-08-26,Napa,055,140530,11610,11394,72,11466,87
2021-08-26,Nevada,057,99092,7494,7086,245,7331,80
2021-08-26,Orange,059,3164182,287050,282814,13316,296130,5200
2021-08-26,Placer,061,380077,30864,28898,2697,31595,319
2021-08-26,Plumas,063,18699,1032,971,16,987,5
2021-08-26,Riverside,065,2383286,331495,324486,15440,339926,4615
2021-08-26,Sacramento,067,1510023,136601,130977,2982,133959,1827
2021-08-26,San Benito,069,59416,6708,6604,134,6738,64
2021-08-26,San Bernardino,071,2135413,326726,322100,10083,332183,5339
2021-08-26,San Diego,073,3302833,334503,328276,19495,347771,3869
2021-08-26,San Francisco,075,870044,47648,46288,1981,48269,581
2021-08-26,San Joaquin,077,732212,87476,84429,4603,89032,1513
2021-08-26,San Luis Obispo,079,281455,25671,24831,974,25805,278
2021-08-26,San Mateo,081,765935,49690,48263,720,48983,553
2021-08-26,Santa Barbara,083,443738,39536,38566,1424,39990,479
2021-08-26,Santa Clara,085,1922200,135036,131443,1009,132452,1782
2021-08-26,Santa Cruz,087,273765,18490,18072,936,19008,210
2021-08-26,Shasta,089,179085,15535,14891,2250,17141,217
2021-08-26,Sierra,091,2930,109,90,13,103,0
2021-08-26,Siskiyou,093,43540,2510,2342,716,3058,33
2021-08-26,Solano,095,438530,41442,39027,1025,40052,286
2021-08-26,Sonoma,097,501317,37425,36102,455,36557,337
2021-08-26,Stanislaus,099,539301,66547,64785,7454,72239,1061
2021-08-26,Sutter,101,95872,11884,11499,148,11647,135
2021-08-26,Tehama,103,63373,6177,5913,858,6771,68
2021-08-26,Trinity,105,12862,620,450,157,607,3
2021-08-26,Tulare,107,460477,56263,54157,11318,65475,870
2021-08-26,Tuolumne,109,53932,5477,5387,58,5445,74
2021-08-26,Ventura,111,848112,90777,89595,3937,93532,1080
2021-08-26,Yolo,113,214977,17242,16727,800,17527,231
2021-08-26,Yuba,115,75493,8197,7834,179,8013,54
2021-08-25,Alameda,001,1643700,108737,105636,2494,108130,1296
2021-08-25,Alpine,003,1148,91,92,0,92,0
2021-08-25,Amador,005,37829,4564,4415,41,4456,53
2021-08-25,Butte,007,227075,15858,15039,2622,17661,214
2021-08-25,Calaveras,009,45235,2996,2851,20,2871,59
2021-08-25,Colusa,011,21464,2283,2227,476,2703,16
2021-08-25,Contra Costa,013,1133247,89307,85322,1787,87109,863
2021-08-25,Del Norte,015,27424,2821,2573,16,2589,8
2021-08-25,El Dorado,017,186661,13536,12787,1194,13981,118
2021-08-25,Fresno,019,978130,116876,113384,10336,123720,1761
2021-08-25,Glenn,021,27897,2842,2728,744,3472,20
2021-08-25,Humboldt,023,135768,6994,6653,216,6869,52
2021-08-25,Imperial,025,180216,30419,30085,3105,33190,748
2021-08-25,Inyo,027,18085,1537,1518,13,1531,39
2021-08-25,Kern,029,883053,108339,105687,14783,120470,1379
2021-08-25,Kings,031,150075,26567,25676,1418,27094,258
2021-08-25,Lake,033,64148,5370,5163,56,5219,74
2021-08-25,Lassen,035,31185,5747,5583,153,5736,21
2021-08-25,Los Angeles,037,10098052,1347635,1331400,50419,1381819,25170
2021-08-25,Madera,039,155013,18953,18311,1340,19651,247
2021-08-25,Marin,041,260295,16265,15938,349,16287,240
2021-08-25,Mariposa,043,17540,730,676,19,695,5
2021-08-25,Mendocino,045,87422,5799,5486,198,5684,53
2021-08-25,Merced,047,269075,35363,34600,1322,35922,492
2021-08-25,Modoc,049,8938,448,433,156,589,5
2021-08-25,Mono,051,14174,1399,1382,18,1400,3
2021-08-25,Monterey,053,433212,45875,45196,2335,47531,539
2021-08-25,Napa,055,140530,11576,11348,71,11419,87
2021-08-25,Nevada,057,99092,7428,7000,244,7244,77
2021-08-25,Orange,059,3164182,286525,282061,13283,295344,5193
2021-08-25,Placer,061,380077,30688,28740,2664,31404,319
2021-08-25,Plumas,063,18699,1017,962,16,978,5
2021-08-25,Riverside,065,2383286,330651,323548,15418,338966,4610
2021-08-25,Sacramento,067,1510023,135921,130046,2943,132989,1827
2021-08-25,San Benito,069,59416,6687,6587,133,6720,64
2021-08-25,San Bernardino,071,2135413,326032,321228,10062,331290,5337
2021-08-25,San Diego,073,3302833,333231,327166,19414,346580,3859
2021-08-25,San Francisco,075,870044,47499,46107,1976,48083,578
2021-08-25,San Joaquin,077,732212,87091,84002,4587,88589,1510
2021-08-25,San Luis Obispo,079,281455,25479,24607,970,25577,276
2021-08-25,San Mateo,081,765935,49566,48153,717,48870,553
2021-08-25,Santa Barbara,083,443738,39406,38450,1424,39874,479
2021-08-25,Santa Clara,085,1922200,134667,130995,1006,132001,1783
2021-08-25,Santa Cruz,087,273765,18429,17987,933,18920,210
2021-08-25,Shasta,089,179085,15406,14752,2218,16970,217
2021-08-25,Sierra,091,2930,106,90,13,103,0
2021-08-25,Siskiyou,093,43540,2465,2322,697,3019,33
2021-08-25,Solano,095,438530,41271,38848,1013,39861,286
2021-08-25,Sonoma,097,501317,37301,35986,452,36438,336
2021-08-25,Stanislaus,099,539301,66266,64441,7421,71862,1061
2021-08-25,Sutter,101,95872,11816,11451,144,11595,134
2021-08-25,Tehama,103,63373,6118,5861,841,6702,68
2021-08-25,Trinity,105,12862,614,450,156,606,3
2021-08-25,Tulare,107,460477,55978,53877,11248,65125,866
2021-08-25,Tuolumne,109,53932,5451,5354,58,5412,74
2021-08-25,Ventura,111,848112,90594,89379,3923,93302,1068
2021-08-25,Yolo,113,214977,17177,16667,790,17457,231
2021-08-25,Yuba,115,75493,8131,7771,178,7949,54
2021-08-24,Alameda,001,1643700,108410,105319,2484,107803,1296
2021-08-24,Alpine,003,1148,91,92,0,92,0
2021-08-24,Amador,005,37829,4545,4380,41,4421,50
2021-08-24,Butte,007,227075,15703,14964,2588,17552,214
2021-08-24,Calaveras,009,45235,2956,2811,20,2831,59
2021-08-24,Colusa,011,21464,2275,2221,472,2693,16
2021-08-24,Contra Costa,013,1133247,88945,84963,1781,86744,857
2021-08-24,Del Norte,015,27424,2794,2543,16,2559,8
2021-08-24,El Dorado,017,186661,13459,12732,1178,13910,118
2021-08-24,Fresno,019,978130,116272,113024,10276,123300,1761
2021-08-24,Glenn,021,27897,2826,2717,737,3454,20
2021-08-24,Humboldt,023,135768,6931,6585,203,6788,52
2021-08-24,Imperial,025,180216,30358,30045,3097,33142,748
2021-08-24,Inyo,027,18085,1532,1512,13,1525,39
2021-08-24,Kern,029,883053,107875,105399,14616,120015,1375
2021-08-24,Kings,031,150075,26446,25629,1402,27031,258
2021-08-24,Lake,033,64148,5335,5135,56,5191,72
2021-08-24,Lassen,035,31185,5731,5576,151,5727,21
2021-08-24,Los Angeles,037,10098052,1344772,1328777,50309,1379086,25135
2021-08-24,Madera,039,155013,18877,18251,1323,19574,247
2021-08-24,Marin,041,260295,16229,15900,345,16245,240
2021-08-24,Mariposa,043,17540,723,670,19,689,5
2021-08-24,Mendocino,045,87422,5756,5416,191,5607,52
2021-08-24,Merced,047,269075,35195,34490,1311,35801,491
2021-08-24,Modoc,049,8938,448,432,156,588,5
2021-08-24,Mono,051,14174,1397,1382,18,1400,3
2021-08-24,Monterey,053,433212,45809,45126,2317,47443,539
2021-08-24,Napa,055,140530,11543,11299,70,11369,85
2021-08-24,Nevada,057,99092,7358,6981,242,7223,77
2021-08-24,Orange,059,3164182,285926,281461,13257,294718,5187
2021-08-24,Placer,061,380077,30485,28618,2625,31243,318
2021-08-24,Plumas,063,18699,1007,953,16,969,5
2021-08-24,Riverside,065,2383286,329777,322620,15387,338007,4605
2021-08-24,Sacramento,067,1510023,135237,129542,2895,132437,1812
2021-08-24,San Benito,069,59416,6674,6576,133,6709,64
2021-08-24,San Bernardino,071,2135413,325277,320300,10032,330332,5328
2021-08-24,San Diego,073,3302833,331779,325823,19314,345137,3851
2021-08-24,San Francisco,075,870044,47324,46010,1965,47975,574
2021-08-24,San Joaquin,077,732212,86650,83684,4549,88233,1508
2021-08-24,San Luis Obispo,079,281455,25301,24443,959,25402,274
2021-08-24,San Mateo,081,765935,49417,48050,715,48765,553
2021-08-24,Santa Barbara,083,443738,39275,38307,1423,39730,478
2021-08-24,Santa Clara,085,1922200,134243,130763,1002,131765,1779
2021-08-24,Santa Cruz,087,273765,18355,17928,927,18855,209
2021-08-24,Shasta,089,179085,15298,14664,2186,16850,217
2021-08-24,Sierra,091,2930,103,90,13,103,0
2021-08-24,Siskiyou,093,43540,2443,2294,682,2976,33
2021-08-24,Solano,095,438530,41062,38724,1001,39725,283
2021-08-24,Sonoma,097,501317,37172,35849,450,36299,336
2021-08-24,Stanislaus,099,539301,65940,64195,7370,71565,1058
2021-08-24,Sutter,101,95872,11749,11384,141,11525,134
2021-08-24,Tehama,103,63373,6072,5826,827,6653,67
2021-08-24,Trinity,105,12862,603,446,148,594,3
2021-08-24,Tulare,107,460477,55626,53702,11158,64860,856
2021-08-24,Tuolumne,109,53932,5420,5287,58,5345,74
2021-08-24,Ventura,111,848112,90409,89167,3912,93079,1068
2021-08-24,Yolo,113,214977,17101,16492,777,17269,231
2021-08-24,Yuba,115,75493,8048,7723,176,7899,54
2021-08-23,Alameda,001,1643700,108008,104922,2473,107395,1294
2021-08-23,Alpine,003,1148,91,91,0,91,0
2021-08-23,Amador,005,37829,4531,4369,41,4410,50
2021-08-23,Butte,007,227075,15557,14847,2553,17400,211
2021-08-23,Calaveras,009,45235,2928,2803,20,2823,59
2021-08-23,Colusa,011,21464,2271,2206,469,2675,16
2021-08-23,Contra Costa,013,1133247,88566,84651,1774,86425,857
2021-08-23,Del Norte,015,27424,2748,2499,16,2515,8
2021-08-23,El Dorado,017,186661,13356,12684,1156,13840,118
2021-08-23,Fresno,019,978130,115712,112445,10226,122671,1759
2021-08-23,Glenn,021,27897,2810,2696,727,3423,20
2021-08-23,Humboldt,023,135768,6858,6498,188,6686,52
2021-08-23,Imperial,025,180216,30307,30011,3094,33105,748
2021-08-23,Inyo,027,18085,1525,1509,13,1522,39
2021-08-23,Kern,029,883053,107420,104995,14460,119455,1375
2021-08-23,Kings,031,150075,26315,25465,1396,26861,257
2021-08-23,Lake,033,64148,5295,5099,54,5153,69
2021-08-23,Lassen,035,31185,5719,5562,151,5713,21
2021-08-23,Los Angeles,037,10098052,1341807,1326412,50177,1376589,25096
2021-08-23,Madera,039,155013,18791,18155,1308,19463,246
2021-08-23,Marin,041,260295,16181,15856,341,16197,240
2021-08-23,Mariposa,043,17540,712,645,19,664,5
2021-08-23,Mendocino,045,87422,5689,5374,184,5558,51
2021-08-23,Merced,047,269075,35013,34322,1306,35628,488
2021-08-23,Modoc,049,8938,445,431,155,586,6
2021-08-23,Mono,051,14174,1393,1384,18,1402,3
2021-08-23,Monterey,053,433212,45710,45047,2306,47353,538
2021-08-23,Napa,055,140530,11505,11257,70,11327,85
2021-08-23,Nevada,057,99092,7277,6930,240,7170,77
2021-08-23,Orange,059,3164182,285290,280891,13222,294113,5181
2021-08-23,Placer,061,380077,30285,28540,2587,31127,314
2021-08-23,Plumas,063,18699,999,934,16,950,5
2021-08-23,Riverside,065,2383286,328865,321650,15361,337011,4598
2021-08-23,Sacramento,067,1510023,134450,128969,2828,131797,1807
2021-08-23,San Benito,069,59416,6656,6562,131,6693,64
2021-08-23,San Bernardino,071,2135413,324473,319577,9993,329570,5324
2021-08-23,San Diego,073,3302833,330335,324536,19201,343737,3848
2021-08-23,San Francisco,075,870044,47170,45945,1956,47901,573
2021-08-23,San Joaquin,077,732212,86217,83466,4516,87982,1499
2021-08-23,San Luis Obispo,079,281455,25119,24317,957,25274,274
2021-08-23,San Mateo,081,765935,49280,47935,712,48647,553
2021-08-23,Santa Barbara,083,443738,39096,38181,1421,39602,478
2021-08-23,Santa Clara,085,1922200,133843,130489,997,131486,1778
2021-08-23,Santa Cruz,087,273765,18298,17871,925,18796,209
2021-08-23,Shasta,089,179085,15172,14537,2147,16684,216
2021-08-23,Sierra,091,2930,103,90,13,103,0
2021-08-23,Siskiyou,093,43540,2422,2274,661,2935,33
2021-08-23,Solano,095,438530,40909,38612,992,39604,283
2021-08-23,Sonoma,097,501317,37052,35769,449,36218,336
2021-08-23,Stanislaus,099,539301,65607,63922,7331,71253,1058
2021-08-23,Sutter,101,95872,11660,11314,133,11447,133
2021-08-23,Tehama,103,63373,6018,5805,809,6614,67
2021-08-23,Trinity,105,12862,600,435,145,580,3
2021-08-23,Tulare,107,460477,55319,53370,11086,64456,856
2021-08-23,Tuolumne,109,53932,5378,5240,58,5298,73
2021-08-23,Ventura,111,848112,90190,88960,3900,92860,1063
2021-08-23,Yolo,113,214977,17013,16445,762,17207,226
2021-08-23,Yuba,115,75493,7977,7653,174,7827,54
2021-08-22,Alameda,001,1643700,107558,104539,2445,106984,1294
2021-08-22,Alpine,003,1148,91,91,0,91,0
2021-08-22,Amador,005,37829,4501,4349,41,4390,50
2021-08-22,Butte,007,227075,15418,14791,2517,17308,211
2021-08-22,Calaveras,009,45235,2893,2771,20,2791,59
2021-08-22,Colusa,011,21464,2263,2201,463,2664,16
2021-08-22,Contra Costa,013,1133247,88024,84371,1760,86131,857
2021-08-22,Del Norte,015,27424,2688,2455,16,2471,8
2021-08-22,El Dorado,017,186661,13252,12629,1136,13765,118
2021-08-22,Fresno,019,978130,115112,112057,10158,122215,1759
2021-08-22,Glenn,021,27897,2782,2678,713,3391,20
2021-08-22,Humboldt,023,135768,6780,6483,170,6653,52
2021-08-22,Imperial,025,180216,30249,29993,3088,33081,748
2021-08-22,Inyo,027,18085,1519,1505,13,1518,39
2021-08-22,Kern,029,883053,106895,104691,14305,118996,1375
2021-08-22,Kings,031,150075,26157,25391,1379,26770,257
2021-08-22,Lake,033,64148,5249,5069,51,5120,69
2021-08-22,Lassen,035,31185,5687,5556,147,5703,21
2021-08-22,Los Angeles,037,10098052,1338499,1324151,50042,1374193,25089
2021-08-22,Madera,039,155013,18672,18120,1293,19413,246
2021-08-22,Marin,041,260295,16129,15822,333,16155,240
2021-08-22,Mariposa,043,17540,702,638,17,655,5
2021-08-22,Mendocino,045,87422,5630,5336,184,5520,51
2021-08-22,Merced,047,269075,34810,34234,1293,35527,488
2021-08-22,Modoc,049,8938,443,431,155,586,6
2021-08-22,Mono,051,14174,1391,1378,18,1396,3
2021-08-22,Monterey,053,433212,45610,45017,2292,47309,538
2021-08-22,Napa,055,140530,11460,11231,70,11301,85
2021-08-22,Nevada,057,99092,7203,6864,238,7102,77
2021-08-22,Orange,059,3164182,284599,280390,13177,293567,5181
2021-08-22,Placer,061,380077,30076,28395,2551,30946,314
2021-08-22,Plumas,063,18699,980,923,15,938,5
2021-08-22,Riverside,065,2383286,327844,320836,15312,336148,4594
2021-08-22,Sacramento,067,1510023,133675,128231,2788,131019,1802
2021-08-22,San Benito,069,59416,6639,6550,131,6681,64
2021-08-22,San Bernardino,071,2135413,323504,318839,9958,328797,5324
2021-08-22,San Diego,073,3302833,329013,323591,19097,342688,3848
2021-08-22,San Francisco,075,870044,47004,45831,1946,47777,573
2021-08-22,San Joaquin,077,732212,85759,83121,4481,87602,1498
2021-08-22,San Luis Obispo,079,281455,24913,24250,950,25200,274
2021-08-22,San Mateo,081,765935,49104,47821,707,48528,553
2021-08-22,Santa Barbara,083,443738,38913,38099,1413,39512,478
2021-08-22,Santa Clara,085,1922200,133426,130189,990,131179,1778
2021-08-22,Santa Cruz,087,273765,18239,17823,920,18743,209
2021-08-22,Shasta,089,179085,15035,14478,2111,16589,216
2021-08-22,Sierra,091,2930,103,87,13,100,0
2021-08-22,Siskiyou,093,43540,2393,2261,643,2904,33
2021-08-22,Solano,095,438530,40710,38489,979,39468,283
2021-08-22,Sonoma,097,501317,36896,35676,446,36122,336
2021-08-22,Stanislaus,099,539301,65256,63683,7241,70924,1058
2021-08-22,Sutter,101,95872,11578,11251,129,11380,133
2021-08-22,Tehama,103,63373,5972,5791,790,6581,67
2021-08-22,Trinity,105,12862,593,433,143,576,3
2021-08-22,Tulare,107,460477,54999,53220,11001,64221,856
2021-08-22,Tuolumne,109,53932,5335,5214,58,5272,73
2021-08-22,Ventura,111,848112,89981,88791,3883,92674,1063
2021-08-22,Yolo,113,214977,16911,16374,753,17127,226
2021-08-22,Yuba,115,75493,7904,7626,173,7799,54
2021-08-21,Alameda,001,1643700,107354,104281,2438,106719,1294
2021-08-21,Alpine,003,1148,91,91,0,91,0
2021-08-21,Amador,005,37829,4491,4338,39,4377,50
2021-08-21,Butte,007,227075,15350,14714,2496,17210,211
2021-08-21,Calaveras,009,45235,2877,2744,20,2764,59
2021-08-21,Colusa,011,21464,2257,2192,459,2651,16
2021-08-21,Contra Costa,013,1133247,87765,84136,1752,85888,857
2021-08-21,Del Norte,015,27424,2665,2409,16,2425,8
2021-08-21,El Dorado,017,186661,13208,12590,1132,13722,118
2021-08-21,Fresno,019,978130,114913,111765,10145,121910,1759
2021-08-21,Glenn,021,27897,2769,2654,705,3359,20
2021-08-21,Humboldt,023,135768,6742,6446,164,6610,52
2021-08-21,Imperial,025,180216,30206,29976,3085,33061,748
2021-08-21,Inyo,027,18085,1516,1500,13,1513,39
2021-08-21,Kern,029,883053,106639,104443,14181,118624,1375
2021-08-21,Kings,031,150075,26086,25313,1374,26687,257
2021-08-21,Lake,033,64148,5229,5055,49,5104,69
2021-08-21,Lassen,035,31185,5673,5553,147,5700,21
2021-08-21,Los Angeles,037,10098052,1337199,1321308,49947,1371255,25080
2021-08-21,Madera,039,155013,18634,18067,1287,19354,246
2021-08-21,Marin,041,260295,16095,15775,331,16106,240
2021-08-21,Mariposa,043,17540,692,634,17,651,5
2021-08-21,Mendocino,045,87422,5584,5307,183,5490,51
2021-08-21,Merced,047,269075,34705,34148,1288,35436,488
2021-08-21,Modoc,049,8938,443,430,155,585,6
2021-08-21,Mono,051,14174,1391,1378,18,1396,3
2021-08-21,Monterey,053,433212,45563,44969,2285,47254,538
2021-08-21,Napa,055,140530,11425,11211,70,11281,85
2021-08-21,Nevada,057,99092,7159,6810,237,7047,77
2021-08-21,Orange,059,3164182,284148,279855,13143,292998,5181
2021-08-21,Placer,061,380077,29938,28289,2526,30815,314
2021-08-21,Plumas,063,18699,976,916,14,930,5
2021-08-21,Riverside,065,2383286,327263,320086,15299,335385,4594
2021-08-21,Sacramento,067,1510023,133180,127751,2776,130527,1809
2021-08-21,San Benito,069,59416,6629,6542,130,6672,64
2021-08-21,San Bernardino,071,2135413,323053,318293,9937,328230,5324
2021-08-21,San Diego,073,3302833,328351,322620,19054,341674,3848
2021-08-21,San Francisco,075,870044,46902,45637,1939,47576,573
2021-08-21,San Joaquin,077,732212,85542,82825,4466,87291,1498
2021-08-21,San Luis Obispo,079,281455,24855,24169,950,25119,273
2021-08-21,San Mateo,081,765935,49007,47685,707,48392,553
2021-08-21,Santa Barbara,083,443738,38831,37951,1409,39360,478
2021-08-21,Santa Clara,085,1922200,133161,129911,986,130897,1778
2021-08-21,Santa Cruz,087,273765,18203,17763,915,18678,209
2021-08-21,Shasta,089,179085,14961,14417,2097,16514,217
2021-08-21,Sierra,091,2930,98,85,13,98,0
2021-08-21,Siskiyou,093,43540,2379,2246,632,2878,33
2021-08-21,Solano,095,438530,40599,38423,969,39392,281
2021-08-21,Sonoma,097,501317,36809,35582,445,36027,336
2021-08-21,Stanislaus,099,539301,65074,63512,7223,70735,1058
2021-08-21,Sutter,101,95872,11533,11204,127,11331,133
2021-08-21,Tehama,103,63373,5947,5757,783,6540,67
2021-08-21,Trinity,105,12862,588,431,141,572,3
2021-08-21,Tulare,107,460477,54856,53045,10957,64002,857
2021-08-21,Tuolumne,109,53932,5304,5193,58,5251,73
2021-08-21,Ventura,111,848112,89837,88558,3868,92426,1063
2021-08-21,Yolo,113,214977,16864,16322,747,17069,226
2021-08-21,Yuba,115,75493,7858,7580,172,7752,54
2021-08-20,Alameda,001,1643700,107111,103812,2430,106242,1294
2021-08-20,Alpine,003,1148,91,91,0,91,0
2021-08-20,Amador,005,37829,4465,4323,39,4362,50
2021-08-20,Butte,007,227075,15277,14617,2474,17091,211
2021-08-20,Calaveras,009,45235,2856,2717,20,2737,59
2021-08-20,Colusa,011,21464,2252,2178,457,2635,16
2021-08-20,Contra Costa,013,1133247,87488,83721,1745,85466,857
2021-08-20,Del Norte,015,27424,2633,2316,16,2332,8
2021-08-20,El Dorado,017,186661,13170,12495,1124,13619,118
2021-08-20,Fresno,019,978130,114560,111315,10112,121427,1759
2021-08-20,Glenn,021,27897,2762,2642,696,3338,20
2021-08-20,Humboldt,023,135768,6690,6349,159,6508,52
2021-08-20,Imperial,025,180216,30183,29934,3085,33019,747
2021-08-20,Inyo,027,18085,1510,1495,13,1508,39
2021-08-20,Kern,029,883053,106355,104048,14053,118101,1373
2021-08-20,Kings,031,150075,26020,25241,1372,26613,256
2021-08-20,Lake,033,64148,5214,5024,46,5070,69
2021-08-20,Lassen,035,31185,5653,5539,147,5686,21
2021-08-20,Los Angeles,037,10098052,1335323,1317541,49844,1367385,25049
2021-08-20,Madera,039,155013,18585,18018,1272,19290,246
2021-08-20,Marin,041,260295,16077,15727,327,16054,240
2021-08-20,Mariposa,043,17540,687,630,17,647,5
2021-08-20,Mendocino,045,87422,5538,5241,182,5423,51
2021-08-20,Merced,047,269075,34641,34035,1278,35313,486
2021-08-20,Modoc,049,8938,443,429,155,584,6
2021-08-20,Mono,051,14174,1390,1368,18,1386,3
2021-08-20,Monterey,053,433212,45525,44890,2278,47168,538
2021-08-20,Napa,055,140530,11393,11152,70,11222,83
2021-08-20,Nevada,057,99092,7116,6753,231,6984,77
2021-08-20,Orange,059,3164182,283703,279193,13122,292315,5179
2021-08-20,Placer,061,380077,29843,28156,2497,30653,313
2021-08-20,Plumas,063,18699,967,908,14,922,5
2021-08-20,Riverside,065,2383286,326567,319072,15268,334340,4594
2021-08-20,Sacramento,067,1510023,132705,127226,2759,129985,1797
2021-08-20,San Benito,069,59416,6615,6508,130,6638,64
2021-08-20,San Bernardino,071,2135413,322440,317372,9908,327280,5322
2021-08-20,San Diego,073,3302833,327441,321102,18985,340087,3846
2021-08-20,San Francisco,075,870044,46805,45432,1924,47356,573
2021-08-20,San Joaquin,077,732212,85312,82419,4448,86867,1496
2021-08-20,San Luis Obispo,079,281455,24777,23986,946,24932,273
2021-08-20,San Mateo,081,765935,48893,47561,704,48265,551
2021-08-20,Santa Barbara,083,443738,38746,37794,1404,39198,477
2021-08-20,Santa Clara,085,1922200,132878,129510,981,130491,1774
2021-08-20,Santa Cruz,087,273765,18163,17701,912,18613,209
2021-08-20,Shasta,089,179085,14882,14277,2078,16355,215
2021-08-20,Sierra,091,2930,97,83,13,96,0
2021-08-20,Siskiyou,093,43540,2363,2226,627,2853,33
2021-08-20,Solano,095,438530,40459,38214,958,39172,277
2021-08-20,Sonoma,097,501317,36741,35416,444,35860,336
2021-08-20,Stanislaus,099,539301,64885,63219,7199,70418,1047
2021-08-20,Sutter,101,95872,11477,11136,126,11262,133
2021-08-20,Tehama,103,63373,5931,5730,771,6501,66
2021-08-20,Trinity,105,12862,588,422,140,562,3
2021-08-20,Tulare,107,460477,54726,52855,10914,63769,856
2021-08-20,Tuolumne,109,53932,5280,5153,57,5210,73
2021-08-20,Ventura,111,848112,89671,88285,3865,92150,1061
2021-08-20,Yolo,113,214977,16810,16236,741,16977,225
2021-08-20,Yuba,115,75493,7817,7523,172,7695,54
2021-08-19,Alameda,001,1643700,106664,103276,2408,105684,1294
2021-08-19,Alpine,003,1148,91,91,0,91,0
2021-08-19,Amador,005,37829,4458,4317,39,4356,50
2021-08-19,Butte,007,227075,15142,14518,2445,16963,211
2021-08-19,Calaveras,009,45235,2836,2673,20,2693,59
2021-08-19,Colusa,011,21464,2243,2167,453,2620,16
2021-08-19,Contra Costa,013,1133247,87046,83296,1731,85027,852
2021-08-19,Del Norte,015,27424,2583,2257,16,2273,8
2021-08-19,El Dorado,017,186661,13085,12410,1104,13514,118
2021-08-19,Fresno,019,978130,114122,110947,10057,121004,1759
2021-08-19,Glenn,021,27897,2744,2629,689,3318,20
2021-08-19,Humboldt,023,135768,6629,6246,153,6399,52
2021-08-19,Imperial,025,180216,30137,29865,3080,32945,747
2021-08-19,Inyo,027,18085,1503,1494,13,1507,39
2021-08-19,Kern,029,883053,105959,103731,13912,117643,1371
2021-08-19,Kings,031,150075,25889,25128,1360,26488,256
2021-08-19,Lake,033,64148,5184,4991,42,5033,69
2021-08-19,Lassen,035,31185,5635,5520,146,5666,21
2021-08-19,Los Angeles,037,10098052,1332343,1314453,49701,1364154,25020
2021-08-19,Madera,039,155013,18523,17947,1257,19204,246
2021-08-19,Marin,041,260295,16044,15672,324,15996,240
2021-08-19,Mariposa,043,17540,672,618,17,635,5
2021-08-19,Mendocino,045,87422,5505,5167,179,5346,51
2021-08-19,Merced,047,269075,34506,33851,1265,35116,486
2021-08-19,Modoc,049,8938,443,427,155,582,6
2021-08-19,Mono,051,14174,1386,1349,18,1367,3
2021-08-19,Monterey,053,433212,45452,44821,2268,47089,538
2021-08-19,Napa,055,140530,11341,11104,70,11174,83
2021-08-19,Nevada,057,99092,7052,6695,229,6924,77
2021-08-19,Orange,059,3164182,283067,278562,13071,291633,5172
2021-08-19,Placer,061,380077,29663,27953,2479,30432,313
2021-08-19,Plumas,063,18699,954,896,14,910,5
2021-08-19,Riverside,065,2383286,325539,318056,15239,333295,4589
2021-08-19,Sacramento,067,1510023,132001,126720,2723,129443,1801
2021-08-19,San Benito,069,59416,6597,6493,128,6621,64
2021-08-19,San Bernardino,071,2135413,321618,316398,9885,326283,5318
2021-08-19,San Diego,073,3302833,326184,319582,18894,338476,3839
2021-08-19,San Francisco,075,870044,46642,45220,1911,47131,571
2021-08-19,San Joaquin,077,732212,84867,82047,4397,86444,1491
2021-08-19,San Luis Obispo,079,281455,24639,23878,939,24817,271
2021-08-19,San Mateo,081,765935,48759,47431,702,48133,551
2021-08-19,Santa Barbara,083,443738,38601,37693,1401,39094,477
2021-08-19,Santa Clara,085,1922200,132488,129133,974,130107,1774
2021-08-19,Santa Cruz,087,273765,18101,17644,905,18549,209
2021-08-19,Shasta,089,179085,14758,14200,2055,16255,214
2021-08-19,Sierra,091,2930,93,83,13,96,0
2021-08-19,Siskiyou,093,43540,2348,2218,615,2833,33
2021-08-19,Solano,095,438530,40301,38025,946,38971,273
2021-08-19,Sonoma,097,501317,36653,35233,443,35676,336
2021-08-19,Stanislaus,099,539301,64543,62928,7155,70083,1047
2021-08-19,Sutter,101,95872,11393,11057,125,11182,133
2021-08-19,Tehama,103,63373,5895,5683,744,6427,66
2021-08-19,Trinity,105,12862,584,414,138,552,3
2021-08-19,Tulare,107,460477,54494,52685,10850,63535,856
2021-08-19,Tuolumne,109,53932,5244,5112,56,5168,64
2021-08-19,Ventura,111,848112,89468,88073,3850,91923,1060
2021-08-19,Yolo,113,214977,16725,16153,733,16886,225
2021-08-19,Yuba,115,75493,7764,7458,171,7629,51
2021-08-18,Alameda,001,1643700,106249,102696,2386,105082,1294
2021-08-18,Alpine,003,1148,90,91,0,91,0
2021-08-18,Amador,005,37829,4441,4279,38,4317,50
2021-08-18,Butte,007,227075,15032,14426,2419,16845,208
2021-08-18,Calaveras,009,45235,2799,2643,19,2662,59
2021-08-18,Colusa,011,21464,2235,2160,449,2609,16
2021-08-18,Contra Costa,013,1133247,86546,82767,1724,84491,851
2021-08-18,Del Norte,015,27424,2526,2219,16,2235,8
2021-08-18,El Dorado,017,186661,12995,12306,1090,13396,118
2021-08-18,Fresno,019,978130,113667,110523,9995,120518,1759
2021-08-18,Glenn,021,27897,2712,2623,681,3304,20
2021-08-18,Humboldt,023,135768,6556,6195,148,6343,52
2021-08-18,Imperial,025,180216,30104,29821,3078,32899,746
2021-08-18,Inyo,027,18085,1500,1494,13,1507,39
2021-08-18,Kern,029,883053,105612,103440,13817,117257,1370
2021-08-18,Kings,031,150075,25780,24984,1352,26336,256
2021-08-18,Lake,033,64148,5143,4957,41,4998,69
2021-08-18,Lassen,035,31185,5616,5506,145,5651,21
2021-08-18,Los Angeles,037,10098052,1329194,1311477,49568,1361045,24984
2021-08-18,Madera,039,155013,18463,17871,1244,19115,246
2021-08-18,Marin,041,260295,16006,15610,321,15931,240
2021-08-18,Mariposa,043,17540,659,615,16,631,5
2021-08-18,Mendocino,045,87422,5454,5129,176,5305,51
2021-08-18,Merced,047,269075,34341,33708,1254,34962,484
2021-08-18,Modoc,049,8938,443,427,154,581,6
2021-08-18,Mono,051,14174,1383,1344,18,1362,3
2021-08-18,Monterey,053,433212,45368,44735,2250,46985,532
2021-08-18,Napa,055,140530,11302,11060,69,11129,83
2021-08-18,Nevada,057,99092,6986,6633,229,6862,76
2021-08-18,Orange,059,3164182,282429,277795,13016,290811,5168
2021-08-18,Placer,061,380077,29437,27741,2451,30192,312
2021-08-18,Plumas,063,18699,945,874,14,888,5
2021-08-18,Riverside,065,2383286,324539,317107,15205,332312,4585
2021-08-18,Sacramento,067,1510023,131241,125599,2692,128291,1781
2021-08-18,San Benito,069,59416,6586,6481,127,6608,64
2021-08-18,San Bernardino,071,2135413,320817,315477,9866,325343,5304
2021-08-18,San Diego,073,3302833,324842,318152,18828,336980,3834
2021-08-18,San Francisco,075,870044,46439,44957,1901,46858,568
2021-08-18,San Joaquin,077,732212,84414,81601,4366,85967,1491
2021-08-18,San Luis Obispo,079,281455,24489,23726,926,24652,270
2021-08-18,San Mateo,081,765935,48593,47255,701,47956,551
2021-08-18,Santa Barbara,083,443738,38469,37599,1395,38994,475
2021-08-18,Santa Clara,085,1922200,132125,128563,971,129534,1773
2021-08-18,Santa Cruz,087,273765,18046,17566,901,18467,209
2021-08-18,Shasta,089,179085,14659,14087,2036,16123,213
2021-08-18,Sierra,091,2930,92,83,13,96,0
2021-08-18,Siskiyou,093,43540,2319,2204,603,2807,33
2021-08-18,Solano,095,438530,40095,37812,931,38743,271
2021-08-18,Sonoma,097,501317,36509,35063,442,35505,333
2021-08-18,Stanislaus,099,539301,64212,62613,7111,69724,1047
2021-08-18,Sutter,101,95872,11321,11004,120,11124,130
2021-08-18,Tehama,103,63373,5860,5653,734,6387,66
2021-08-18,Trinity,105,12862,577,409,135,544,3
2021-08-18,Tulare,107,460477,54254,52486,10781,63267,856
2021-08-18,Tuolumne,109,53932,5208,5081,54,5135,64
2021-08-18,Ventura,111,848112,89235,87835,3840,91675,1055
2021-08-18,Yolo,113,214977,16642,16047,714,16761,225
2021-08-18,Yuba,115,75493,7699,7391,171,7562,51
2021-08-17,Alameda,001,1643700,105850,102379,2371,104750,1290
2021-08-17,Alpine,003,1148,90,91,0,91,0
2021-08-17,Amador,005,37829,4412,4266,38,4304,50
2021-08-17,Butte,007,227075,14925,14357,2385,16742,206
2021-08-17,Calaveras,009,45235,2765,2624,19,2643,59
2021-08-17,Colusa,011,21464,2226,2156,445,2601,16
2021-08-17,Contra Costa,013,1133247,86100,82482,1713,84195,848
2021-08-17,Del Norte,015,27424,2472,2188,16,2204,8
2021-08-17,El Dorado,017,186661,12907,12242,1076,13318,118
2021-08-17,Fresno,019,978130,113184,110263,9930,120193,1755
2021-08-17,Glenn,021,27897,2698,2608,673,3281,20
2021-08-17,Humboldt,023,135768,6477,6155,146,6301,52
2021-08-17,Imperial,025,180216,30053,29768,3074,32842,746
2021-08-17,Inyo,027,18085,1497,1492,13,1505,39
2021-08-17,Kern,029,883053,105217,103048,13693,116741,1367
2021-08-17,Kings,031,150075,25674,24930,1341,26271,254
2021-08-17,Lake,033,64148,5100,4930,35,4965,68
2021-08-17,Lassen,035,31185,5599,5499,143,5642,21
2021-08-17,Los Angeles,037,10098052,1325643,1307999,49436,1357435,24952
2021-08-17,Madera,039,155013,18389,17838,1224,19062,246
2021-08-17,Marin,041,260295,15950,15570,321,15891,240
2021-08-17,Mariposa,043,17540,651,609,15,624,5
2021-08-17,Mendocino,045,87422,5399,5097,176,5273,51
2021-08-17,Merced,047,269075,34191,33508,1244,34752,482
2021-08-17,Modoc,049,8938,440,424,152,576,6
2021-08-17,Mono,051,14174,1378,1341,18,1359,3
2021-08-17,Monterey,053,433212,45285,44672,2240,46912,528
2021-08-17,Napa,055,140530,11261,11007,68,11075,83
2021-08-17,Nevada,057,99092,6911,6605,227,6832,75
2021-08-17,Orange,059,3164182,281781,277121,12980,290101,5164
2021-08-17,Placer,061,380077,29222,27634,2422,30056,312
2021-08-17,Plumas,063,18699,933,860,14,874,5
2021-08-17,Riverside,065,2383286,323527,316051,15162,331213,4582
2021-08-17,Sacramento,067,1510023,130448,125151,2649,127800,1774
2021-08-17,San Benito,069,59416,6567,6470,127,6597,64
2021-08-17,San Bernardino,071,2135413,319881,314402,9826,324228,5302
2021-08-17,San Diego,073,3302833,323230,317058,18731,335789,3824
2021-08-17,San Francisco,075,870044,46239,44820,1895,46715,567
2021-08-17,San Joaquin,077,732212,83945,81300,4333,85633,1489
2021-08-17,San Luis Obispo,079,281455,24333,23556,923,24479,268
2021-08-17,San Mateo,081,765935,48438,47127,696,47823,551
2021-08-17,Santa Barbara,083,443738,38311,37478,1387,38865,475
2021-08-17,Santa Clara,085,1922200,131722,128354,964,129318,1773
2021-08-17,Santa Cruz,087,273765,17960,17528,900,18428,209
2021-08-17,Shasta,089,179085,14527,14012,2017,16029,214
2021-08-17,Sierra,091,2930,91,82,13,95,0
2021-08-17,Siskiyou,093,43540,2303,2183,590,2773,33
2021-08-17,Solano,095,438530,39866,37662,918,38580,269
2021-08-17,Sonoma,097,501317,36361,34943,438,35381,333
2021-08-17,Stanislaus,099,539301,63875,62385,7051,69436,1047
2021-08-17,Sutter,101,95872,11249,10973,120,11093,130
2021-08-17,Tehama,103,63373,5826,5612,712,6324,66
2021-08-17,Trinity,105,12862,572,406,132,538,3
2021-08-17,Tulare,107,460477,53986,52362,10714,63076,856
2021-08-17,Tuolumne,109,53932,5165,5042,53,5095,64
2021-08-17,Ventura,111,848112,88997,87601,3819,91420,1053
2021-08-17,Yolo,113,214977,16553,15975,700,16675,225
2021-08-17,Yuba,115,75493,7628,7355,171,7526,51
2021-08-16,Alameda,001,1643700,105351,102052,2362,104414,1287
2021-08-16,Alpine,003,1148,90,91,0,91,0
2021-08-16,Amador,005,37829,4402,4235,38,4273,50
2021-08-16,Butte,007,227075,14807,14283,2351,16634,206
2021-08-16,Calaveras,009,45235,2705,2609,18,2627,57
2021-08-16,Colusa,011,21464,2215,2147,441,2588,16
2021-08-16,Contra Costa,013,1133247,85557,82070,1703,83773,848
2021-08-16,Del Norte,015,27424,2395,2125,16,2141,8
2021-08-16,El Dorado,017,186661,12805,12139,1063,13202,118
2021-08-16,Fresno,019,978130,112683,109623,9877,119500,1753
2021-08-16,Glenn,021,27897,2679,2593,667,3260,20
2021-08-16,Humboldt,023,135768,6406,6064,125,6189,52
2021-08-16,Imperial,025,180216,30012,29737,3058,32795,746
2021-08-16,Inyo,027,18085,1494,1490,13,1503,39
2021-08-16,Kern,029,883053,104842,102690,13577,116267,1367
2021-08-16,Kings,031,150075,25571,24817,1331,26148,254
2021-08-16,Lake,033,64148,5073,4898,34,4932,68
2021-08-16,Lassen,035,31185,5583,5481,135,5616,21
2021-08-16,Los Angeles,037,10098052,1322263,1305330,49289,1354619,24923
2021-08-16,Madera,039,155013,18314,17756,1203,18959,246
2021-08-16,Marin,041,260295,15891,15497,319,15816,239
2021-08-16,Mariposa,043,17540,634,597,15,612,5
2021-08-16,Mendocino,045,87422,5343,5037,174,5211,49
2021-08-16,Merced,047,269075,33990,33364,1231,34595,481
2021-08-16,Modoc,049,8938,438,421,151,572,5
2021-08-16,Mono,051,14174,1373,1339,18,1357,3
2021-08-16,Monterey,053,433212,45206,44595,2228,46823,527
2021-08-16,Napa,055,140530,11232,10946,68,11014,83
2021-08-16,Nevada,057,99092,6856,6535,226,6761,74
2021-08-16,Orange,059,3164182,280988,275985,12935,288920,5161
2021-08-16,Placer,061,380077,29039,27384,2389,29773,306
2021-08-16,Plumas,063,18699,922,851,14,865,5
2021-08-16,Riverside,065,2383286,322436,314774,15125,329899,4582
2021-08-16,Sacramento,067,1510023,129638,124554,2606,127160,1762
2021-08-16,San Benito,069,59416,6543,6452,127,6579,64
2021-08-16,San Bernardino,071,2135413,318918,313617,9799,323416,5301
2021-08-16,San Diego,073,3302833,321633,315348,18598,333946,3824
2021-08-16,San Francisco,075,870044,46036,44681,1886,46567,567
2021-08-16,San Joaquin,077,732212,83442,81087,4306,85393,1488
2021-08-16,San Luis Obispo,079,281455,24183,23452,915,24367,265
2021-08-16,San Mateo,081,765935,48257,47024,689,47713,548
2021-08-16,Santa Barbara,083,443738,38141,37358,1382,38740,475
2021-08-16,Santa Clara,085,1922200,131257,127978,960,128938,1773
2021-08-16,Santa Cruz,087,273765,17898,17491,894,18385,209
2021-08-16,Shasta,089,179085,14436,13862,2001,15863,211
2021-08-16,Sierra,091,2930,88,82,13,95,0
2021-08-16,Siskiyou,093,43540,2286,2169,570,2739,33
2021-08-16,Solano,095,438530,39585,37436,904,38340,263
2021-08-16,Sonoma,097,501317,36191,34844,436,35280,333
2021-08-16,Stanislaus,099,539301,63536,62033,6999,69032,1039
2021-08-16,Sutter,101,95872,11180,10902,119,11021,130
2021-08-16,Tehama,103,63373,5763,5565,707,6272,66
2021-08-16,Trinity,105,12862,566,400,131,531,3
2021-08-16,Tulare,107,460477,53743,52162,10644,62806,856
2021-08-16,Tuolumne,109,53932,5126,4984,52,5036,64
2021-08-16,Ventura,111,848112,88752,86954,3801,90755,1052
2021-08-16,Yolo,113,214977,16452,15922,692,16614,225
2021-08-16,Yuba,115,75493,7544,7314,170,7484,51
2021-08-15,Alameda,001,1643700,104855,101660,2345,104005,1287
2021-08-15,Alpine,003,1148,90,91,0,91,0
2021-08-15,Amador,005,37829,4374,4231,38,4269,49
2021-08-15,Butte,007,227075,14681,14263,2327,16590,206
2021-08-15,Calaveras,009,45235,2662,2599,18,2617,57
2021-08-15,Colusa,011,21464,2203,2140,431,2571,16
2021-08-15,Contra Costa,013,1133247,85074,81781,1688,83469,848
2021-08-15,Del Norte,015,27424,2328,2060,16,2076,8
2021-08-15,El Dorado,017,186661,12670,12057,1046,13103,118
2021-08-15,Fresno,019,978130,112205,109382,9812,119194,1753
2021-08-15,Glenn,021,27897,2656,2592,655,3247,20
2021-08-15,Humboldt,023,135768,6332,6024,119,6143,52
2021-08-15,Imperial,025,180216,29946,29711,3053,32764,746
2021-08-15,Inyo,027,18085,1493,1489,13,1502,39
2021-08-15,Kern,029,883053,104398,102524,13464,115988,1367
2021-08-15,Kings,031,150075,25426,24736,1321,26057,254
2021-08-15,Lake,033,64148,5014,4886,33,4919,68
2021-08-15,Lassen,035,31185,5566,5482,134,5616,21
2021-08-15,Los Angeles,037,10098052,1318732,1302882,49115,1351997,24918
2021-08-15,Madera,039,155013,18226,17714,1187,18901,246
2021-08-15,Marin,041,260295,15832,15461,317,15778,239
2021-08-15,Mariposa,043,17540,627,591,14,605,5
2021-08-15,Mendocino,045,87422,5287,5022,168,5190,49
2021-08-15,Merced,047,269075,33745,33305,1220,34525,481
2021-08-15,Modoc,049,8938,436,421,151,572,5
2021-08-15,Mono,051,14174,1369,1334,18,1352,3
2021-08-15,Monterey,053,433212,45084,44567,2206,46773,527
2021-08-15,Napa,055,140530,11177,10919,68,10987,83
2021-08-15,Nevada,057,99092,6771,6486,226,6712,74
2021-08-15,Orange,059,3164182,280217,275447,12894,288341,5161
2021-08-15,Placer,061,380077,28817,27220,2341,29561,306
2021-08-15,Plumas,063,18699,910,850,14,864,5
2021-08-15,Riverside,065,2383286,321297,314133,15097,329230,4582
2021-08-15,Sacramento,067,1510023,128821,123924,2574,126498,1761
2021-08-15,San Benito,069,59416,6525,6446,126,6572,64
2021-08-15,San Bernardino,071,2135413,317844,313120,9767,322887,5301
2021-08-15,San Diego,073,3302833,320164,314247,18473,332720,3824
2021-08-15,San Francisco,075,870044,45811,44531,1869,46400,567
2021-08-15,San Joaquin,077,732212,82953,80832,4266,85098,1488
2021-08-15,San Luis Obispo,079,281455,23986,23404,905,24309,265
2021-08-15,San Mateo,081,765935,48070,46897,683,47580,548
2021-08-15,Santa Barbara,083,443738,37970,37276,1375,38651,475
2021-08-15,Santa Clara,085,1922200,130824,127715,954,128669,1773
2021-08-15,Santa Cruz,087,273765,17828,17440,887,18327,209
2021-08-15,Shasta,089,179085,14333,13835,1976,15811,211
2021-08-15,Sierra,091,2930,87,82,12,94,0
2021-08-15,Siskiyou,093,43540,2265,2169,556,2725,33
2021-08-15,Solano,095,438530,39329,37320,893,38213,263
2021-08-15,Sonoma,097,501317,35995,34706,428,35134,333
2021-08-15,Stanislaus,099,539301,63168,61795,6921,68716,1039
2021-08-15,Sutter,101,95872,11089,10863,119,10982,130
2021-08-15,Tehama,103,63373,5715,5550,701,6251,66
2021-08-15,Trinity,105,12862,562,400,130,530,3
2021-08-15,Tulare,107,460477,53486,52046,10584,62630,856
2021-08-15,Tuolumne,109,53932,5088,4934,50,4984,64
2021-08-15,Ventura,111,848112,88447,86797,3787,90584,1052
2021-08-15,Yolo,113,214977,16355,15873,682,16555,225
2021-08-15,Yuba,115,75493,7467,7265,169,7434,51
2021-08-14,Alameda,001,1643700,104638,101305,2341,103646,1287
2021-08-14,Alpine,003,1148,90,91,0,91,0
2021-08-14,Amador,005,37829,4356,4206,38,4244,49
2021-08-14,Butte,007,227075,14644,14192,2311,16503,206
2021-08-14,Calaveras,009,45235,2655,2579,18,2597,57
2021-08-14,Colusa,011,21464,2192,2134,427,2561,16
2021-08-14,Contra Costa,013,1133247,84826,81458,1680,83138,848
2021-08-14,Del Norte,015,27424,2301,2015,16,2031,8
2021-08-14,El Dorado,017,186661,12634,12019,1038,13057,118
2021-08-14,Fresno,019,978130,112045,109056,9783,118839,1753
2021-08-14,Glenn,021,27897,2645,2583,653,3236,20
2021-08-14,Humboldt,023,135768,6278,5998,115,6113,52
2021-08-14,Imperial,025,180216,29919,29671,3053,32724,746
2021-08-14,Inyo,027,18085,1491,1487,13,1500,39
2021-08-14,Kern,029,883053,104203,102306,13368,115674,1367
2021-08-14,Kings,031,150075,25328,24647,1312,25959,254
2021-08-14,Lake,033,64148,4997,4850,32,4882,68
2021-08-14,Lassen,035,31185,5559,5475,133,5608,21
2021-08-14,Los Angeles,037,10098052,1316961,1299346,48974,1348320,24911
2021-08-14,Madera,039,155013,18179,17691,1182,18873,246
2021-08-14,Marin,041,260295,15798,15441,317,15758,239
2021-08-14,Mariposa,043,17540,623,584,14,598,5
2021-08-14,Mendocino,045,87422,5251,4977,165,5142,49
2021-08-14,Merced,047,269075,33681,33234,1214,34448,481
2021-08-14,Modoc,049,8938,436,421,151,572,5
2021-08-14,Mono,051,14174,1364,1332,18,1350,3
2021-08-14,Monterey,053,433212,45040,44514,2203,46717,527
2021-08-14,Napa,055,140530,11147,10878,67,10945,83
2021-08-14,Nevada,057,99092,6736,6419,225,6644,74
2021-08-14,Orange,059,3164182,279783,274732,12866,287598,5161
2021-08-14,Placer,061,380077,28671,27115,2317,29432,306
2021-08-14,Plumas,063,18699,900,849,14,863,5
2021-08-14,Riverside,065,2383286,320582,313264,15076,328340,4582
2021-08-14,Sacramento,067,1510023,128327,123438,2556,125994,1758
2021-08-14,San Benito,069,59416,6512,6428,126,6554,64
2021-08-14,San Bernardino,071,2135413,317295,312142,9746,321888,5301
2021-08-14,San Diego,073,3302833,319493,313589,18405,331994,3824
2021-08-14,San Francisco,075,870044,45681,44353,1850,46203,567
2021-08-14,San Joaquin,077,732212,82737,80585,4251,84836,1488
2021-08-14,San Luis Obispo,079,281455,23925,23328,902,24230,265
2021-08-14,San Mateo,081,765935,47951,46792,679,47471,548
2021-08-14,Santa Barbara,083,443738,37875,37118,1372,38490,475
2021-08-14,Santa Clara,085,1922200,130545,127432,951,128383,1772
2021-08-14,Santa Cruz,087,273765,17789,17384,886,18270,209
2021-08-14,Shasta,089,179085,14258,13813,1955,15768,211
2021-08-14,Sierra,091,2930,86,81,12,93,0
2021-08-14,Siskiyou,093,43540,2255,2160,546,2706,33
2021-08-14,Solano,095,438530,39242,37237,881,38118,263
2021-08-14,Sonoma,097,501317,35872,34606,426,35032,333
2021-08-14,Stanislaus,099,539301,62994,61564,6876,68440,1039
2021-08-14,Sutter,101,95872,11044,10808,118,10926,130
2021-08-14,Tehama,103,63373,5691,5530,697,6227,66
2021-08-14,Trinity,105,12862,556,399,130,529,3
2021-08-14,Tulare,107,460477,53350,51951,10538,62489,856
2021-08-14,Tuolumne,109,53932,5053,4924,50,4974,64
2021-08-14,Ventura,111,848112,88290,86569,3767,90336,1052
2021-08-14,Yolo,113,214977,16310,15815,672,16487,225
2021-08-14,Yuba,115,75493,7418,7223,169,7392,51
2021-08-13,Alameda,001,1643700,104339,100930,2333,103263,1284
2021-08-13,Alpine,003,1148,90,91,0,91,0
2021-08-13,Amador,005,37829,4328,4169,38,4207,49
2021-08-13,Butte,007,227075,14573,14100,2295,16395,206
2021-08-13,Calaveras,009,45235,2648,2564,18,2582,57
2021-08-13,Colusa,011,21464,2185,2123,422,2545,16
2021-08-13,Contra Costa,013,1133247,84514,81046,1672,82718,848
2021-08-13,Del Norte,015,27424,2260,1973,16,1989,8
2021-08-13,El Dorado,017,186661,12595,11951,1026,12977,118
2021-08-13,Fresno,019,978130,111753,108638,9759,118397,1753
2021-08-13,Glenn,021,27897,2634,2574,651,3225,20
2021-08-13,Humboldt,023,135768,6231,5882,112,5994,52
2021-08-13,Imperial,025,180216,29892,29654,3052,32706,745
2021-08-13,Inyo,027,18085,1490,1484,13,1497,39
2021-08-13,Kern,029,883053,103995,102029,13259,115288,1364
2021-08-13,Kings,031,150075,25243,24531,1305,25836,253
2021-08-13,Lake,033,64148,4974,4811,31,4842,68
2021-08-13,Lassen,035,31185,5551,5455,132,5587,21
2021-08-13,Los Angeles,037,10098052,1314645,1295406,48837,1344243,24891
2021-08-13,Madera,039,155013,18130,17614,1173,18787,246
2021-08-13,Marin,041,260295,15768,15380,317,15697,239
2021-08-13,Mariposa,043,17540,617,577,14,591,5
2021-08-13,Mendocino,045,87422,5198,4924,163,5087,49
2021-08-13,Merced,047,269075,33634,33111,1208,34319,480
2021-08-13,Modoc,049,8938,435,421,150,571,5
2021-08-13,Mono,051,14174,1361,1331,18,1349,3
2021-08-13,Monterey,053,433212,44980,44450,2201,46651,527
2021-08-13,Napa,055,140530,11111,10830,67,10897,83
2021-08-13,Nevada,057,99092,6695,6356,224,6580,74
2021-08-13,Orange,059,3164182,279288,274004,12817,286821,5159
2021-08-13,Placer,061,380077,28571,26987,2290,29277,306
2021-08-13,Plumas,063,18699,886,842,14,856,5
2021-08-13,Riverside,065,2383286,319844,312408,15051,327459,4581
2021-08-13,Sacramento,067,1510023,127857,122868,2529,125397,1758
2021-08-13,San Benito,069,59416,6506,6422,124,6546,64
2021-08-13,San Bernardino,071,2135413,316627,311378,9727,321105,5301
2021-08-13,San Diego,073,3302833,318447,312293,18327,330620,3821
2021-08-13,San Francisco,075,870044,45544,44196,1827,46023,567
2021-08-13,San Joaquin,077,732212,82519,80232,4235,84467,1481
2021-08-13,San Luis Obispo,079,281455,23862,23226,899,24125,265
2021-08-13,San Mateo,081,765935,47831,46660,678,47338,548
2021-08-13,Santa Barbara,083,443738,37790,37023,1368,38391,474
2021-08-13,Santa Clara,085,1922200,130258,126958,945,127903,1769
2021-08-13,Santa Cruz,087,273765,17750,17332,879,18211,209
2021-08-13,Shasta,089,179085,14195,13698,1941,15639,211
2021-08-13,Sierra,091,2930,85,81,12,93,0
2021-08-13,Siskiyou,093,43540,2246,2147,542,2689,33
2021-08-13,Solano,095,438530,39108,37104,873,37977,264
2021-08-13,Sonoma,097,501317,35767,34464,426,34890,333
2021-08-13,Stanislaus,099,539301,62824,61294,6833,68127,1039
2021-08-13,Sutter,101,95872,11000,10751,117,10868,130
2021-08-13,Tehama,103,63373,5667,5496,695,6191,66
2021-08-13,Trinity,105,12862,552,392,130,522,3
2021-08-13,Tulare,107,460477,53246,51770,10463,62233,856
2021-08-13,Tuolumne,109,53932,5020,4899,49,4948,64
2021-08-13,Ventura,111,848112,88132,86368,3754,90122,1052
2021-08-13,Yolo,113,214977,16257,15761,662,16423,225
2021-08-13,Yuba,115,75493,7380,7184,169,7353,51
2021-08-12,Alameda,001,1643700,103845,100472,2320,102792,1284
2021-08-12,Alpine,003,1148,90,91,0,91,0
2021-08-12,Amador,005,37829,4298,4161,37,4198,49
2021-08-12,Butte,007,227075,14495,14006,2277,16283,206
2021-08-12,Calaveras,009,45235,2633,2531,18,2549,57
2021-08-12,Colusa,011,21464,2180,2111,421,2532,17
2021-08-12,Contra Costa,013,1133247,84032,80738,1657,82395,846
2021-08-12,Del Norte,015,27424,2188,1923,16,1939,8
2021-08-12,El Dorado,017,186661,12481,11880,1018,12898,118
2021-08-12,Fresno,019,978130,111336,108193,9691,117884,1753
2021-08-12,Glenn,021,27897,2626,2559,645,3204,20
2021-08-12,Humboldt,023,135768,6162,5845,108,5953,52
2021-08-12,Imperial,025,180216,29836,29585,3046,32631,745
2021-08-12,Inyo,027,18085,1488,1483,13,1496,39
2021-08-12,Kern,029,883053,103706,101698,13179,114877,1364
2021-08-12,Kings,031,150075,25143,24423,1296,25719,252
2021-08-12,Lake,033,64148,4948,4774,31,4805,68
2021-08-12,Lassen,035,31185,5529,5428,131,5559,21
2021-08-12,Los Angeles,037,10098052,1311457,1291875,48702,1340577,24874
2021-08-12,Madera,039,155013,18066,17564,1161,18725,246
2021-08-12,Marin,041,260295,15719,15277,313,15590,239
2021-08-12,Mariposa,043,17540,608,568,13,581,5
2021-08-12,Mendocino,045,87422,5168,4873,157,5030,49
2021-08-12,Merced,047,269075,33510,32960,1201,34161,480
2021-08-12,Modoc,049,8938,434,423,150,573,5
2021-08-12,Mono,051,14174,1356,1325,18,1343,3
2021-08-12,Monterey,053,433212,44904,44383,2184,46567,527
2021-08-12,Napa,055,140530,11062,10780,66,10846,83
2021-08-12,Nevada,057,99092,6634,6283,224,6507,74
2021-08-12,Orange,059,3164182,278609,273167,12759,285926,5158
2021-08-12,Placer,061,380077,28373,26856,2267,29123,306
2021-08-12,Plumas,063,18699,878,829,14,843,5
2021-08-12,Riverside,065,2383286,318834,311304,15018,326322,4575
2021-08-12,Sacramento,067,1510023,127085,122222,2499,124721,1758
2021-08-12,San Benito,069,59416,6489,6398,122,6520,64
2021-08-12,San Bernardino,071,2135413,315753,310420,9698,320118,5297
2021-08-12,San Diego,073,3302833,317078,310596,18241,328837,3821
2021-08-12,San Francisco,075,870044,45336,43774,1814,45588,564
2021-08-12,San Joaquin,077,732212,82123,79945,4212,84157,1479
2021-08-12,San Luis Obispo,079,281455,23762,23101,885,23986,264
2021-08-12,San Mateo,081,765935,47687,46435,675,47110,548
2021-08-12,Santa Barbara,083,443738,37651,36881,1360,38241,473
2021-08-12,Santa Clara,085,1922200,129809,126614,939,127553,1769
2021-08-12,Santa Cruz,087,273765,17686,17261,878,18139,209
2021-08-12,Shasta,089,179085,14109,13621,1914,15535,211
2021-08-12,Sierra,091,2930,85,81,12,93,0
2021-08-12,Siskiyou,093,43540,2239,2134,532,2666,33
2021-08-12,Solano,095,438530,38879,36980,864,37844,262
2021-08-12,Sonoma,097,501317,35619,34299,423,34722,333
2021-08-12,Stanislaus,099,539301,62561,61026,6774,67800,1039
2021-08-12,Sutter,101,95872,10939,10695,115,10810,130
2021-08-12,Tehama,103,63373,5637,5462,686,6148,66
2021-08-12,Trinity,105,12862,548,386,129,515,3
2021-08-12,Tulare,107,460477,53100,51632,10414,62046,856
2021-08-12,Tuolumne,109,53932,4973,4845,47,4892,64
2021-08-12,Ventura,111,848112,87896,86106,3730,89836,1052
2021-08-12,Yolo,113,214977,16185,15686,649,16335,224
2021-08-12,Yuba,115,75493,7332,7128,168,7296,51
2021-08-11,Alameda,001,1643700,103329,100040,2316,102356,1281
2021-08-11,Alpine,003,1148,90,91,0,91,0
2021-08-11,Amador,005,37829,4274,4127,37,4164,49
2021-08-11,Butte,007,227075,14391,13905,2252,16157,206
2021-08-11,Calaveras,009,45235,2611,2505,18,2523,57
2021-08-11,Colusa,011,21464,2170,2101,419,2520,16
2021-08-11,Contra Costa,013,1133247,83530,80275,1639,81914,843
2021-08-11,Del Norte,015,27424,2129,1893,16,1909,8
2021-08-11,El Dorado,017,186661,12369,11799,1006,12805,119
2021-08-11,Fresno,019,978130,110879,107773,9644,117417,1751
2021-08-11,Glenn,021,27897,2617,2547,638,3185,20
2021-08-11,Humboldt,023,135768,6115,5765,107,5872,52
2021-08-11,Imperial,025,180216,29793,29565,3042,32607,745
2021-08-11,Inyo,027,18085,1488,1483,13,1496,39
2021-08-11,Kern,029,883053,103392,101448,13069,114517,1363
2021-08-11,Kings,031,150075,25030,24304,1287,25591,250
2021-08-11,Lake,033,64148,4911,4713,30,4743,68
2021-08-11,Lassen,035,31185,5520,5408,129,5537,21
2021-08-11,Los Angeles,037,10098052,1308134,1288238,48513,1336751,24851
2021-08-11,Madera,039,155013,18016,17511,1150,18661,245
2021-08-11,Marin,041,260295,15670,15235,313,15548,239
2021-08-11,Mariposa,043,17540,598,554,12,566,5
2021-08-11,Mendocino,045,87422,5099,4796,148,4944,49
2021-08-11,Merced,047,269075,33377,32802,1197,33999,479
2021-08-11,Modoc,049,8938,434,421,150,571,5
2021-08-11,Mono,051,14174,1351,1320,18,1338,3
2021-08-11,Monterey,053,433212,44805,44314,2166,46480,527
2021-08-11,Napa,055,140530,11021,10732,66,10798,83
2021-08-11,Nevada,057,99092,6580,6172,221,6393,74
2021-08-11,Orange,059,3164182,277752,272212,12712,284924,5155
2021-08-11,Placer,061,380077,28161,26687,2241,28928,305
2021-08-11,Plumas,063,18699,868,824,14,838,5
2021-08-11,Riverside,065,2383286,317841,310265,14983,325248,4570
2021-08-11,Sacramento,067,1510023,126292,121603,2457,124060,1757
2021-08-11,San Benito,069,59416,6476,6381,122,6503,64
2021-08-11,San Bernardino,071,2135413,314860,309498,9676,319174,5296
2021-08-11,San Diego,073,3302833,315608,309406,18138,327544,3818
2021-08-11,San Francisco,075,870044,45112,43555,1806,45361,564
2021-08-11,San Joaquin,077,732212,81716,79641,4184,83825,1478
2021-08-11,San Luis Obispo,079,281455,23658,22920,878,23798,264
2021-08-11,San Mateo,081,765935,47519,46300,672,46972,548
2021-08-11,Santa Barbara,083,443738,37487,36699,1351,38050,472
2021-08-11,Santa Clara,085,1922200,129329,126301,931,127232,1769
2021-08-11,Santa Cruz,087,273765,17620,17191,875,18066,209
2021-08-11,Shasta,089,179085,14035,13546,1898,15444,211
2021-08-11,Sierra,091,2930,84,81,12,93,0
2021-08-11,Siskiyou,093,43540,2225,2124,525,2649,33
2021-08-11,Solano,095,438530,38643,36862,850,37712,262
2021-08-11,Sonoma,097,501317,35441,34188,418,34606,333
2021-08-11,Stanislaus,099,539301,62231,60767,6744,67511,1037
2021-08-11,Sutter,101,95872,10867,10628,115,10743,130
2021-08-11,Tehama,103,63373,5607,5410,669,6079,66
2021-08-11,Trinity,105,12862,546,385,129,514,3
2021-08-11,Tulare,107,460477,52932,51464,10369,61833,854
2021-08-11,Tuolumne,109,53932,4941,4794,47,4841,64
2021-08-11,Ventura,111,848112,87644,85863,3709,89572,1051
2021-08-11,Yolo,113,214977,16110,15593,635,16228,218
2021-08-11,Yuba,115,75493,7273,7063,167,7230,53
2021-08-10,Alameda,001,1643700,102847,99771,2308,102079,1281
2021-08-10,Alpine,003,1148,90,91,0,91,0
2021-08-10,Amador,005,37829,4258,4093,37,4130,49
2021-08-10,Butte,007,227075,14307,13853,2230,16083,205
2021-08-10,Calaveras,009,45235,2586,2491,16,2507,57
2021-08-10,Colusa,011,21464,2157,2088,410,2498,16
2021-08-10,Contra Costa,013,1133247,82987,80018,1629,81647,840
2021-08-10,Del Norte,015,27424,2085,1870,16,1886,8
2021-08-10,El Dorado,017,186661,12270,11734,996,12730,117
2021-08-10,Fresno,019,978130,110424,107616,9587,117203,1747
2021-08-10,Glenn,021,27897,2604,2538,629,3167,20
2021-08-10,Humboldt,023,135768,6061,5718,104,5822,52
2021-08-10,Imperial,025,180216,29758,29522,3036,32558,745
2021-08-10,Inyo,027,18085,1488,1482,13,1495,39
2021-08-10,Kern,029,883053,103063,101254,12973,114227,1359
2021-08-10,Kings,031,150075,24903,24252,1271,25523,251
2021-08-10,Lake,033,64148,4870,4700,30,4730,67
2021-08-10,Lassen,035,31185,5502,5401,129,5530,21
2021-08-10,Los Angeles,037,10098052,1304383,1285140,48341,1333481,24821
2021-08-10,Madera,039,155013,17943,17481,1140,18621,245
2021-08-10,Marin,041,260295,15623,15194,313,15507,239
2021-08-10,Mariposa,043,17540,585,550,12,562,5
2021-08-10,Mendocino,045,87422,5054,4775,144,4919,49
2021-08-10,Merced,047,269075,33229,32721,1188,33909,477
2021-08-10,Modoc,049,8938,433,421,150,571,5
2021-08-10,Mono,051,14174,1346,1320,18,1338,3
2021-08-10,Monterey,053,433212,44743,44259,2151,46410,527
2021-08-10,Napa,055,140530,10965,10703,65,10768,83
2021-08-10,Nevada,057,99092,6515,6151,220,6371,73
2021-08-10,Orange,059,3164182,276872,271688,12664,284352,5155
2021-08-10,Placer,061,380077,27942,26561,2199,28760,305
2021-08-10,Plumas,063,18699,859,816,14,830,5
2021-08-10,Riverside,065,2383286,316726,309529,14957,324486,4564
2021-08-10,Sacramento,067,1510023,125439,121159,2427,123586,1755
2021-08-10,San Benito,069,59416,6462,6371,122,6493,64
2021-08-10,San Bernardino,071,2135413,313939,308672,9659,318331,5295
2021-08-10,San Diego,073,3302833,313966,308288,18046,326334,3815
2021-08-10,San Francisco,075,870044,44859,43389,1791,45180,564
2021-08-10,San Joaquin,077,732212,81318,79391,4167,83558,1478
2021-08-10,San Luis Obispo,079,281455,23532,22776,876,23652,264
2021-08-10,San Mateo,081,765935,47347,46184,670,46854,548
2021-08-10,Santa Barbara,083,443738,37322,36574,1344,37918,472
2021-08-10,Santa Clara,085,1922200,128866,126019,924,126943,1770
2021-08-10,Santa Cruz,087,273765,17537,17142,873,18015,209
2021-08-10,Shasta,089,179085,13957,13461,1874,15335,211
2021-08-10,Sierra,091,2930,84,76,12,88,0
2021-08-10,Siskiyou,093,43540,2216,2088,518,2606,33
2021-08-10,Solano,095,438530,38398,36767,839,37606,262
2021-08-10,Sonoma,097,501317,35296,34054,415,34469,333
2021-08-10,Stanislaus,099,539301,61886,60605,6707,67312,1037
2021-08-10,Sutter,101,95872,10802,10569,115,10684,130
2021-08-10,Tehama,103,63373,5578,5392,664,6056,66
2021-08-10,Trinity,105,12862,546,384,129,513,3
2021-08-10,Tulare,107,460477,52767,51390,10317,61707,854
2021-08-10,Tuolumne,109,53932,4912,4780,45,4825,64
2021-08-10,Ventura,111,848112,87354,85714,3688,89402,1051
2021-08-10,Yolo,113,214977,16023,15568,625,16193,218
2021-08-10,Yuba,115,75493,7223,7028,167,7195,50
2021-08-09,Alameda,001,1643700,102287,99496,2304,101800,1276
2021-08-09,Alpine,003,1148,90,91,0,91,0
2021-08-09,Amador,005,37829,4232,4078,37,4115,48
2021-08-09,Butte,007,227075,14212,13813,2199,16012,205
2021-08-09,Calaveras,009,45235,2560,2472,16,2488,57
2021-08-09,Colusa,011,21464,2147,2075,402,2477,16
2021-08-09,Contra Costa,013,1133247,82442,79740,1616,81356,840
2021-08-09,Del Norte,015,27424,2017,1848,16,1864,8
2021-08-09,El Dorado,017,186661,12162,11672,982,12654,117
2021-08-09,Fresno,019,978130,109930,107310,9548,116858,1747
2021-08-09,Glenn,021,27897,2593,2532,620,3152,20
2021-08-09,Humboldt,023,135768,5970,5632,102,5734,52
2021-08-09,Imperial,025,180216,29713,29512,3030,32542,745
2021-08-09,Inyo,027,18085,1488,1481,13,1494,39
2021-08-09,Kern,029,883053,102752,101069,12887,113956,1359
2021-08-09,Kings,031,150075,24795,24155,1256,25411,250
2021-08-09,Lake,033,64148,4835,4670,28,4698,66
2021-08-09,Lassen,035,31185,5480,5393,128,5521,21
2021-08-09,Los Angeles,037,10098052,1300371,1282891,48133,1331024,24798
2021-08-09,Madera,039,155013,17884,17429,1120,18549,245
2021-08-09,Marin,041,260295,15570,15154,312,15466,239
2021-08-09,Mariposa,043,17540,572,545,12,557,5
2021-08-09,Mendocino,045,87422,5003,4732,136,4868,49
2021-08-09,Merced,047,269075,33083,32666,1181,33847,477
2021-08-09,Modoc,049,8938,433,419,150,569,5
2021-08-09,Mono,051,14174,1343,1337,18,1355,3
2021-08-09,Monterey,053,433212,44670,44190,2135,46325,527
2021-08-09,Napa,055,140530,10918,10679,65,10744,83
2021-08-09,Nevada,057,99092,6444,6088,219,6307,73
2021-08-09,Orange,059,3164182,275835,271036,12612,283648,5153
2021-08-09,Placer,061,380077,27719,26457,2168,28625,305
2021-08-09,Plumas,063,18699,842,803,14,817,5
2021-08-09,Riverside,065,2383286,315649,308678,14937,323615,4562
2021-08-09,Sacramento,067,1510023,124604,120812,2402,123214,1748
2021-08-09,San Benito,069,59416,6442,6359,120,6479,63
2021-08-09,San Bernardino,071,2135413,312955,308038,9635,317673,5295
2021-08-09,San Diego,073,3302833,312307,306855,17947,324802,3811
2021-08-09,San Francisco,075,870044,44614,43261,1773,45034,564
2021-08-09,San Joaquin,077,732212,80934,79198,4149,83347,1469
2021-08-09,San Luis Obispo,079,281455,23393,22695,867,23562,264
2021-08-09,San Mateo,081,765935,47175,46040,666,46706,548
2021-08-09,Santa Barbara,083,443738,37136,36474,1336,37810,470
2021-08-09,Santa Clara,085,1922200,128363,125791,915,126706,2187
2021-08-09,Santa Cruz,087,273765,17476,17082,873,17955,209
2021-08-09,Shasta,089,179085,13840,13397,1863,15260,210
2021-08-09,Sierra,091,2930,83,75,12,87,0
2021-08-09,Siskiyou,093,43540,2204,2047,502,2549,32
2021-08-09,Solano,095,438530,38122,36653,837,37490,262
2021-08-09,Sonoma,097,501317,35115,33933,413,34346,333
2021-08-09,Stanislaus,099,539301,61609,60410,6656,67066,1037
2021-08-09,Sutter,101,95872,10753,10525,112,10637,129
2021-08-09,Tehama,103,63373,5535,5373,662,6035,66
2021-08-09,Trinity,105,12862,544,378,127,505,3
2021-08-09,Tulare,107,460477,52606,51274,10252,61526,854
2021-08-09,Tuolumne,109,53932,4870,4745,45,4790,64
2021-08-09,Ventura,111,848112,87083,85514,3677,89191,1047
2021-08-09,Yolo,113,214977,15945,15521,604,16125,218
2021-08-09,Yuba,115,75493,7164,6994,167,7161,50
2021-08-08,Alameda,001,1643700,101735,99135,2298,101433,1276
2021-08-08,Alpine,003,1148,90,91,0,91,0
2021-08-08,Amador,005,37829,4198,4057,36,4093,48
2021-08-08,Butte,007,227075,14127,13791,2180,15971,205
2021-08-08,Calaveras,009,45235,2529,2462,16,2478,57
2021-08-08,Colusa,011,21464,2130,2070,395,2465,16
2021-08-08,Contra Costa,013,1133247,81915,79454,1609,81063,840
2021-08-08,Del Norte,015,27424,1971,1810,16,1826,8
2021-08-08,El Dorado,017,186661,12042,11631,971,12602,117
2021-08-08,Fresno,019,978130,109487,107078,9511,116589,1747
2021-08-08,Glenn,021,27897,2584,2527,615,3142,20
2021-08-08,Humboldt,023,135768,5881,5571,102,5673,52
2021-08-08,Imperial,025,180216,29689,29485,3019,32504,745
2021-08-08,Inyo,027,18085,1488,1481,13,1494,39
2021-08-08,Kern,029,883053,102432,100909,12775,113684,1359
2021-08-08,Kings,031,150075,24681,24095,1247,25342,250
2021-08-08,Lake,033,64148,4785,4636,27,4663,66
2021-08-08,Lassen,035,31185,5465,5391,127,5518,21
2021-08-08,Los Angeles,037,10098052,1296119,1279982,47945,1327927,24793
2021-08-08,Madera,039,155013,17805,17398,1103,18501,245
2021-08-08,Marin,041,260295,15517,15124,310,15434,239
2021-08-08,Mariposa,043,17540,568,538,12,550,5
2021-08-08,Mendocino,045,87422,4941,4702,123,4825,49
2021-08-08,Merced,047,269075,32936,32634,1172,33806,477
2021-08-08,Modoc,049,8938,432,419,149,568,5
2021-08-08,Mono,051,14174,1339,1336,18,1354,3
2021-08-08,Monterey,053,433212,44600,44171,2124,46295,527
2021-08-08,Napa,055,140530,10882,10668,65,10733,83
2021-08-08,Nevada,057,99092,6360,6009,217,6226,73
2021-08-08,Orange,059,3164182,274922,270532,12573,283105,5153
2021-08-08,Placer,061,380077,27510,26332,2127,28459,305
2021-08-08,Plumas,063,18699,833,803,14,817,5
2021-08-08,Riverside,065,2383286,314528,308042,14913,322955,4562
2021-08-08,Sacramento,067,1510023,123776,120109,2390,122499,1744
2021-08-08,San Benito,069,59416,6425,6350,119,6469,63
2021-08-08,San Bernardino,071,2135413,311809,307378,9605,316983,5295
2021-08-08,San Diego,073,3302833,310966,305983,17849,323832,3811
2021-08-08,San Francisco,075,870044,44354,43098,1750,44848,564
2021-08-08,San Joaquin,077,732212,80484,79002,4133,83135,1469
2021-08-08,San Luis Obispo,079,281455,23219,22668,859,23527,263
2021-08-08,San Mateo,081,765935,46986,45927,663,46590,548
2021-08-08,Santa Barbara,083,443738,36959,36417,1329,37746,470
2021-08-08,Santa Clara,085,1922200,127912,125553,910,126463,2187
2021-08-08,Santa Cruz,087,273765,17402,17035,868,17903,209
2021-08-08,Shasta,089,179085,13754,13381,1852,15233,210
2021-08-08,Sierra,091,2930,83,74,12,86,0
2021-08-08,Siskiyou,093,43540,2188,2041,497,2538,32
2021-08-08,Solano,095,438530,37870,36551,833,37384,262
2021-08-08,Sonoma,097,501317,34871,33805,412,34217,333
2021-08-08,Stanislaus,099,539301,61287,60269,6611,66880,1037
2021-08-08,Sutter,101,95872,10693,10481,111,10592,129
2021-08-08,Tehama,103,63373,5497,5359,659,6018,66
2021-08-08,Trinity,105,12862,539,378,127,505,3
2021-08-08,Tulare,107,460477,52427,51220,10192,61412,854
2021-08-08,Tuolumne,109,53932,4831,4731,45,4776,64
2021-08-08,Ventura,111,848112,86792,85382,3667,89049,1047
2021-08-08,Yolo,113,214977,15853,15477,597,16074,218
2021-08-08,Yuba,115,75493,7125,6967,167,7134,50
2021-08-07,Alameda,001,1643700,101480,98812,2292,101104,1276
2021-08-07,Alpine,003,1148,90,91,0,91,0
2021-08-07,Amador,005,37829,4181,4041,35,4076,48
2021-08-07,Butte,007,227075,14075,13714,2169,15883,205
2021-08-07,Calaveras,009,45235,2518,2446,16,2462,57
2021-08-07,Colusa,011,21464,2125,2067,386,2453,16
2021-08-07,Contra Costa,013,1133247,81618,79168,1606,80774,840
2021-08-07,Del Norte,015,27424,1939,1791,16,1807,8
2021-08-07,El Dorado,017,186661,11992,11575,964,12539,117
2021-08-07,Fresno,019,978130,109283,106861,9485,116346,1747
2021-08-07,Glenn,021,27897,2576,2515,614,3129,20
2021-08-07,Humboldt,023,135768,5831,5510,99,5609,52
2021-08-07,Imperial,025,180216,29670,29470,3019,32489,745
2021-08-07,Inyo,027,18085,1486,1476,13,1489,39
2021-08-07,Kern,029,883053,102274,100693,12720,113413,1359
2021-08-07,Kings,031,150075,24621,24048,1241,25289,250
2021-08-07,Lake,033,64148,4764,4613,27,4640,66
2021-08-07,Lassen,035,31185,5461,5386,127,5513,21
2021-08-07,Los Angeles,037,10098052,1294095,1276853,47793,1324646,24786
2021-08-07,Madera,039,155013,17770,17366,1098,18464,245
2021-08-07,Marin,041,260295,15483,15085,309,15394,239
2021-08-07,Mariposa,043,17540,565,530,12,542,5
2021-08-07,Mendocino,045,87422,4905,4690,121,4811,49
2021-08-07,Merced,047,269075,32872,32569,1169,33738,477
2021-08-07,Modoc,049,8938,432,419,149,568,5
2021-08-07,Mono,051,14174,1336,1329,18,1347,3
2021-08-07,Monterey,053,433212,44548,44124,2119,46243,527
2021-08-07,Napa,055,140530,10861,10658,64,10722,83
2021-08-07,Nevada,057,99092,6310,5967,215,6182,73
2021-08-07,Orange,059,3164182,274329,269900,12542,282442,5153
2021-08-07,Placer,061,380077,27322,26244,2119,28363,305
2021-08-07,Plumas,063,18699,828,801,14,815,5
2021-08-07,Riverside,065,2383286,313856,307326,14906,322232,4562
2021-08-07,Sacramento,067,1510023,123275,119636,2386,122022,1744
2021-08-07,San Benito,069,59416,6415,6332,119,6451,63
2021-08-07,San Bernardino,071,2135413,311222,306663,9588,316251,5295
2021-08-07,San Diego,073,3302833,310212,304974,17814,322788,3811
2021-08-07,San Francisco,075,870044,44183,42926,1732,44658,564
2021-08-07,San Joaquin,077,732212,80320,78769,4119,82888,1469
2021-08-07,San Luis Obispo,079,281455,23150,22579,858,23437,263
2021-08-07,San Mateo,081,765935,46860,45804,661,46465,548
2021-08-07,Santa Barbara,083,443738,36863,36303,1323,37626,470
2021-08-07,Santa Clara,085,1922200,127640,125196,905,126101,2188
2021-08-07,Santa Cruz,087,273765,17359,16994,866,17860,209
2021-08-07,Shasta,089,179085,13699,13361,1844,15205,210
2021-08-07,Sierra,091,2930,83,74,12,86,0
2021-08-07,Siskiyou,093,43540,2176,2039,495,2534,32
2021-08-07,Solano,095,438530,37754,36458,825,37283,262
2021-08-07,Sonoma,097,501317,34749,33716,412,34128,333
2021-08-07,Stanislaus,099,539301,61119,60093,6581,66674,1037
2021-08-07,Sutter,101,95872,10656,10447,111,10558,129
2021-08-07,Tehama,103,63373,5487,5343,654,5997,66
2021-08-07,Trinity,105,12862,535,377,126,503,3
2021-08-07,Tulare,107,460477,52340,51133,10154,61287,854
2021-08-07,Tuolumne,109,53932,4801,4721,45,4766,64
2021-08-07,Ventura,111,848112,86612,85232,3652,88884,1047
2021-08-07,Yolo,113,214977,15809,15423,590,16013,218
2021-08-07,Yuba,115,75493,7100,6937,165,7102,50
2021-08-06,Alameda,001,1643700,101146,98487,2284,100771,1275
2021-08-06,Alpine,003,1148,90,91,0,91,0
2021-08-06,Amador,005,37829,4160,4002,35,4037,48
2021-08-06,Butte,007,227075,14027,13626,2157,15783,205
2021-08-06,Calaveras,009,45235,2506,2419,16,2435,57
2021-08-06,Colusa,011,21464,2119,2045,380,2425,16
2021-08-06,Contra Costa,013,1133247,81323,78796,1600,80396,840
2021-08-06,Del Norte,015,27424,1912,1755,15,1770,8
2021-08-06,El Dorado,017,186661,11943,11498,952,12450,117
2021-08-06,Fresno,019,978130,109019,106542,9458,116000,1747
2021-08-06,Glenn,021,27897,2561,2504,612,3116,20
2021-08-06,Humboldt,023,135768,5780,5421,96,5517,52
2021-08-06,Imperial,025,180216,29659,29404,3015,32419,745
2021-08-06,Inyo,027,18085,1483,1471,13,1484,39
2021-08-06,Kern,029,883053,102097,100427,12635,113062,1359
2021-08-06,Kings,031,150075,24566,23974,1237,25211,250
2021-08-06,Lake,033,64148,4741,4557,27,4584,66
2021-08-06,Lassen,035,31185,5439,5368,127,5495,21
2021-08-06,Los Angeles,037,10098052,1291610,1273081,47640,1320721,24772
2021-08-06,Madera,039,155013,17731,17324,1089,18413,245
2021-08-06,Marin,041,260295,15450,15051,309,15360,239
2021-08-06,Mariposa,043,17540,556,511,12,523,5
2021-08-06,Mendocino,045,87422,4863,4649,120,4769,49
2021-08-06,Merced,047,269075,32812,32456,1166,33622,477
2021-08-06,Modoc,049,8938,432,419,149,568,5
2021-08-06,Mono,051,14174,1335,1328,18,1346,3
2021-08-06,Monterey,053,433212,44480,44058,2106,46164,527
2021-08-06,Napa,055,140530,10834,10620,64,10684,83
2021-08-06,Nevada,057,99092,6254,5874,215,6089,73
2021-08-06,Orange,059,3164182,273764,269077,12525,281602,5151
2021-08-06,Placer,061,380077,27199,26086,2097,28183,305
2021-08-06,Plumas,063,18699,819,795,14,809,5
2021-08-06,Riverside,065,2383286,313146,306304,14895,321199,4562
2021-08-06,Sacramento,067,1510023,122787,119169,2366,121535,1740
2021-08-06,San Benito,069,59416,6398,6315,119,6434,63
2021-08-06,San Bernardino,071,2135413,310523,305806,9580,315386,5286
2021-08-06,San Diego,073,3302833,309173,303691,17765,321456,3810
2021-08-06,San Francisco,075,870044,44026,42659,1714,44373,565
2021-08-06,San Joaquin,077,732212,80171,78405,4107,82512,1469
2021-08-06,San Luis Obispo,079,281455,23082,22472,853,23325,263
2021-08-06,San Mateo,081,765935,46708,45665,656,46321,548
2021-08-06,Santa Barbara,083,443738,36773,36208,1319,37527,470
2021-08-06,Santa Clara,085,1922200,127349,124767,899,125666,2185
2021-08-06,Santa Cruz,087,273765,17317,16924,862,17786,207
2021-08-06,Shasta,089,179085,13633,13284,1838,15122,210
2021-08-06,Sierra,091,2930,83,73,12,85,0
2021-08-06,Siskiyou,093,43540,2166,2030,491,2521,32
2021-08-06,Solano,095,438530,37644,36351,816,37167,262
2021-08-06,Sonoma,097,501317,34663,33594,411,34005,333
2021-08-06,Stanislaus,099,539301,60981,59854,6560,66414,1037
2021-08-06,Sutter,101,95872,10613,10391,111,10502,128
2021-08-06,Tehama,103,63373,5463,5325,653,5978,66
2021-08-06,Trinity,105,12862,534,371,125,496,3
2021-08-06,Tulare,107,460477,52239,51018,10107,61125,854
2021-08-06,Tuolumne,109,53932,4774,4674,45,4719,64
2021-08-06,Ventura,111,848112,86441,85046,3640,88686,1047
2021-08-06,Yolo,113,214977,15756,15299,585,15884,218
2021-08-06,Yuba,115,75493,7077,6904,165,7069,50
2021-08-05,Alameda,001,1643700,100661,98052,2279,100331,1275
2021-08-05,Alpine,003,1148,90,91,0,91,0
2021-08-05,Amador,005,37829,4140,3992,35,4027,48
2021-08-05,Butte,007,227075,13971,13564,2135,15699,206
2021-08-05,Calaveras,009,45235,2486,2397,16,2413,57
2021-08-05,Colusa,011,21464,2107,2036,376,2412,16
2021-08-05,Contra Costa,013,1133247,80896,78514,1593,80107,840
2021-08-05,Del Norte,015,27424,1885,1731,15,1746,8
2021-08-05,El Dorado,017,186661,11859,11408,941,12349,117
2021-08-05,Fresno,019,978130,108648,106219,9421,115640,1747
2021-08-05,Glenn,021,27897,2556,2494,609,3103,20
2021-08-05,Humboldt,023,135768,5705,5328,95,5423,52
2021-08-05,Imperial,025,180216,29628,29383,3011,32394,745
2021-08-05,Inyo,027,18085,1479,1468,13,1481,38
2021-08-05,Kern,029,883053,101875,100091,12550,112641,1358
2021-08-05,Kings,031,150075,24482,23906,1231,25137,249
2021-08-05,Lake,033,64148,4702,4490,25,4515,66
2021-08-05,Lassen,035,31185,5431,5344,127,5471,21
2021-08-05,Los Angeles,037,10098052,1288396,1269445,47505,1316950,24756
2021-08-05,Madera,039,155013,17690,17301,1081,18382,245
2021-08-05,Marin,041,260295,15406,15005,305,15310,239
2021-08-05,Mariposa,043,17540,545,504,11,515,5
2021-08-05,Mendocino,045,87422,4820,4597,111,4708,49
2021-08-05,Merced,047,269075,32745,32381,1155,33536,477
2021-08-05,Modoc,049,8938,431,418,149,567,5
2021-08-05,Mono,051,14174,1327,1309,18,1327,3
2021-08-05,Monterey,053,433212,44423,43992,2088,46080,527
2021-08-05,Napa,055,140530,10798,10591,62,10653,83
2021-08-05,Nevada,057,99092,6172,5778,212,5990,73
2021-08-05,Orange,059,3164182,272983,268329,12500,280829,5149
2021-08-05,Placer,061,380077,26999,25965,2070,28035,305
2021-08-05,Plumas,063,18699,810,787,14,801,5
2021-08-05,Riverside,065,2383286,312229,305415,14868,320283,4562
2021-08-05,Sacramento,067,1510023,122077,118590,2353,120943,1739
2021-08-05,San Benito,069,59416,6380,6305,119,6424,63
2021-08-05,San Bernardino,071,2135413,309686,304956,9559,314515,5284
2021-08-05,San Diego,073,3302833,307900,302220,17683,319903,3806
2021-08-05,San Francisco,075,870044,43816,42301,1705,44006,564
2021-08-05,San Joaquin,077,732212,79810,78151,4089,82240,1468
2021-08-05,San Luis Obispo,079,281455,22967,22362,847,23209,263
2021-08-05,San Mateo,081,765935,46535,45554,654,46208,548
2021-08-05,Santa Barbara,083,443738,36667,36112,1316,37428,470
2021-08-05,Santa Clara,085,1922200,127016,124490,899,125389,2185
2021-08-05,Santa Cruz,087,273765,17274,16867,859,17726,207
2021-08-05,Shasta,089,179085,13575,13217,1830,15047,210
2021-08-05,Sierra,091,2930,78,73,12,85,0
2021-08-05,Siskiyou,093,43540,2145,2024,481,2505,32
2021-08-05,Solano,095,438530,37463,36250,809,37059,262
2021-08-05,Sonoma,097,501317,34528,33455,410,33865,330
2021-08-05,Stanislaus,099,539301,60764,59692,6521,66213,1037
2021-08-05,Sutter,101,95872,10558,10349,111,10460,127
2021-08-05,Tehama,103,63373,5445,5305,649,5954,66
2021-08-05,Trinity,105,12862,528,367,125,492,3
2021-08-05,Tulare,107,460477,52122,50889,10050,60939,854
2021-08-05,Tuolumne,109,53932,4744,4619,45,4664,64
2021-08-05,Ventura,111,848112,86191,84837,3626,88463,1047
2021-08-05,Yolo,113,214977,15690,15250,575,15825,218
2021-08-05,Yuba,115,75493,7034,6872,163,7035,50
2021-08-04,Alameda,001,1643700,100158,97477,2268,99745,1274
2021-08-04,Alpine,003,1148,90,91,0,91,0
2021-08-04,Amador,005,37829,4110,3962,34,3996,48
2021-08-04,Butte,007,227075,13904,13509,2119,15628,205
2021-08-04,Calaveras,009,45235,2461,2374,16,2390,57
2021-08-04,Colusa,011,21464,2095,2025,370,2395,16
2021-08-04,Contra Costa,013,1133247,80380,77966,1588,79554,840
2021-08-04,Del Norte,015,27424,1862,1701,15,1716,8
2021-08-04,El Dorado,017,186661,11781,11319,930,12249,117
2021-08-04,Fresno,019,978130,108280,105899,9380,115279,1747
2021-08-04,Glenn,021,27897,2548,2487,608,3095,20
2021-08-04,Humboldt,023,135768,5629,5271,94,5365,52
2021-08-04,Imperial,025,180216,29580,29375,3008,32383,745
2021-08-04,Inyo,027,18085,1478,1465,13,1478,38
2021-08-04,Kern,029,883053,101625,99868,12465,112333,1358
2021-08-04,Kings,031,150075,24410,23840,1223,25063,250
2021-08-04,Lake,033,64148,4671,4423,20,4443,65
2021-08-04,Lassen,035,31185,5423,5340,127,5467,21
2021-08-04,Los Angeles,037,10098052,1284909,1265788,47342,1313130,24737
2021-08-04,Madera,039,155013,17655,17251,1074,18325,245
2021-08-04,Marin,041,260295,15359,14950,303,15253,239
2021-08-04,Mariposa,043,17540,530,497,11,508,5
2021-08-04,Mendocino,045,87422,4796,4560,107,4667,49
2021-08-04,Merced,047,269075,32608,32274,1150,33424,476
2021-08-04,Modoc,049,8938,431,416,149,565,5
2021-08-04,Mono,051,14174,1323,1307,18,1325,3
2021-08-04,Monterey,053,433212,44358,43926,2077,46003,526
2021-08-04,Napa,055,140530,10761,10544,62,10606,82
2021-08-04,Nevada,057,99092,6108,5702,211,5913,73
2021-08-04,Orange,059,3164182,272110,267199,12463,279662,5146
2021-08-04,Placer,061,380077,26782,25688,2050,27738,305
2021-08-04,Plumas,063,18699,804,784,14,798,5
2021-08-04,Riverside,065,2383286,311304,304272,14842,319114,4562
2021-08-04,Sacramento,067,1510023,121319,117882,2327,120209,1736
2021-08-04,San Benito,069,59416,6365,6300,119,6419,63
2021-08-04,San Bernardino,071,2135413,308830,304164,9542,313706,5285
2021-08-04,San Diego,073,3302833,306386,301100,17617,318717,3805
2021-08-04,San Francisco,075,870044,43562,41913,1692,43605,562
2021-08-04,San Joaquin,077,732212,79453,77846,4077,81923,1466
2021-08-04,San Luis Obispo,079,281455,22859,22245,841,23086,262
2021-08-04,San Mateo,081,765935,46363,45392,653,46045,548
2021-08-04,Santa Barbara,083,443738,36538,36013,1308,37321,470
2021-08-04,Santa Clara,085,1922200,126625,124127,892,125019,2183
2021-08-04,Santa Cruz,087,273765,17213,16820,852,17672,208
2021-08-04,Shasta,089,179085,13523,13134,1819,14953,211
2021-08-04,Sierra,091,2930,78,73,12,85,0
2021-08-04,Siskiyou,093,43540,2125,2010,476,2486,32
2021-08-04,Solano,095,438530,37263,36025,800,36825,262
2021-08-04,Sonoma,097,501317,34356,33311,408,33719,330
2021-08-04,Stanislaus,099,539301,60541,59396,6483,65879,1037
2021-08-04,Sutter,101,95872,10521,10294,111,10405,127
2021-08-04,Tehama,103,63373,5419,5281,644,5925,66
2021-08-04,Trinity,105,12862,526,362,122,484,3
2021-08-04,Tulare,107,460477,52012,50797,10006,60803,855
2021-08-04,Tuolumne,109,53932,4719,4584,45,4629,64
2021-08-04,Ventura,111,848112,85933,84406,3604,88010,1047
2021-08-04,Yolo,113,214977,15611,15189,562,15751,215
2021-08-04,Yuba,115,75493,6994,6827,161,6988,50
2021-08-03,Alameda,001,1643700,99705,97275,2263,99538,1270
2021-08-03,Alpine,003,1148,90,91,0,91,0
2021-08-03,Amador,005,37829,4074,3953,34,3987,48
2021-08-03,Butte,007,227075,13838,13468,2104,15572,205
2021-08-03,Calaveras,009,45235,2439,2356,16,2372,57
2021-08-03,Colusa,011,21464,2082,2023,364,2387,16
2021-08-03,Contra Costa,013,1133247,79896,77739,1581,79320,836
2021-08-03,Del Norte,015,27424,1830,1691,14,1705,8
2021-08-03,El Dorado,017,186661,11691,11255,920,12175,117
2021-08-03,Fresno,019,978130,107918,105732,9348,115080,1746
2021-08-03,Glenn,021,27897,2541,2481,606,3087,20
2021-08-03,Humboldt,023,135768,5564,5199,89,5288,52
2021-08-03,Imperial,025,180216,29558,29333,2999,32332,745
2021-08-03,Inyo,027,18085,1475,1459,13,1472,38
2021-08-03,Kern,029,883053,101363,99708,12386,112094,1358
2021-08-03,Kings,031,150075,24322,23780,1216,24996,249
2021-08-03,Lake,033,64148,4615,4408,16,4424,66
2021-08-03,Lassen,035,31185,5413,5341,127,5468,21
2021-08-03,Los Angeles,037,10098052,1281174,1262678,47160,1309838,24721
2021-08-03,Madera,039,155013,17614,17220,1059,18279,245
2021-08-03,Marin,041,260295,15310,14906,300,15206,243
2021-08-03,Mariposa,043,17540,519,495,11,506,5
2021-08-03,Mendocino,045,87422,4747,4546,106,4652,49
2021-08-03,Merced,047,269075,32525,32197,1148,33345,476
2021-08-03,Modoc,049,8938,431,416,149,565,5
2021-08-03,Mono,051,14174,1318,1303,18,1321,3
2021-08-03,Monterey,053,433212,44294,43872,2064,45936,525
2021-08-03,Napa,055,140530,10718,10527,61,10588,82
2021-08-03,Nevada,057,99092,6027,5685,210,5895,73
2021-08-03,Orange,059,3164182,271371,266649,12433,279082,5146
2021-08-03,Placer,061,380077,26581,25624,2025,27649,305
2021-08-03,Plumas,063,18699,797,779,14,793,5
2021-08-03,Riverside,065,2383286,310380,303499,14815,318314,4562
2021-08-03,Sacramento,067,1510023,120576,117591,2306,119897,1732
2021-08-03,San Benito,069,59416,6349,6284,118,6402,63
2021-08-03,San Bernardino,071,2135413,307911,303386,9522,312908,5265
2021-08-03,San Diego,073,3302833,304953,300189,17507,317696,3803
2021-08-03,San Francisco,075,870044,43279,41758,1672,43430,562
2021-08-03,San Joaquin,077,732212,79104,77615,4056,81671,1461
2021-08-03,San Luis Obispo,079,281455,22719,22166,834,23000,264
2021-08-03,San Mateo,081,765935,46169,45255,648,45903,548
2021-08-03,Santa Barbara,083,443738,36419,35912,1302,37214,469
2021-08-03,Santa Clara,085,1922200,126204,123914,886,124800,2183
2021-08-03,Santa Cruz,087,273765,17147,16778,849,17627,207
2021-08-03,Shasta,089,179085,13450,13091,1808,14899,211
2021-08-03,Sierra,091,2930,78,72,12,84,0
2021-08-03,Siskiyou,093,43540,2114,1998,471,2469,32
2021-08-03,Solano,095,438530,37043,35953,788,36741,261
2021-08-03,Sonoma,097,501317,34174,33243,407,33650,330
2021-08-03,Stanislaus,099,539301,60321,59282,6464,65746,1037
2021-08-03,Sutter,101,95872,10481,10263,110,10373,127
2021-08-03,Tehama,103,63373,5394,5269,639,5908,66
2021-08-03,Trinity,105,12862,523,361,119,480,3
2021-08-03,Tulare,107,460477,51917,50729,9960,60689,854
2021-08-03,Tuolumne,109,53932,4684,4563,45,4608,64
2021-08-03,Ventura,111,848112,85689,84270,3583,87853,1046
2021-08-03,Yolo,113,214977,15520,15149,548,15697,215
2021-08-03,Yuba,115,75493,6957,6781,159,6940,50
2021-08-02,Alameda,001,1643700,99148,96954,2258,99212,1270
2021-08-02,Alpine,003,1148,90,91,0,91,0
2021-08-02,Amador,005,37829,4054,3927,34,3961,48
2021-08-02,Butte,007,227075,13762,13442,2085,15527,205
2021-08-02,Calaveras,009,45235,2413,2347,16,2363,57
2021-08-02,Colusa,011,21464,2070,2019,361,2380,16
2021-08-02,Contra Costa,013,1133247,79386,77516,1567,79083,836
2021-08-02,Del Norte,015,27424,1800,1653,14,1667,8
2021-08-02,El Dorado,017,186661,11588,11226,906,12132,116
2021-08-02,Fresno,019,978130,107574,105471,9310,114781,1744
2021-08-02,Glenn,021,27897,2533,2477,604,3081,20
2021-08-02,Humboldt,023,135768,5481,5161,87,5248,52
2021-08-02,Imperial,025,180216,29525,29302,2994,32296,743
2021-08-02,Inyo,027,18085,1469,1455,13,1468,38
2021-08-02,Kern,029,883053,101108,99556,12293,111849,1357
2021-08-02,Kings,031,150075,24253,23722,1210,24932,249
2021-08-02,Lake,033,64148,4573,4375,16,4391,66
2021-08-02,Lassen,035,31185,5390,5338,125,5463,21
2021-08-02,Los Angeles,037,10098052,1277455,1260807,46950,1307757,24705
2021-08-02,Madera,039,155013,17570,17158,1046,18204,245
2021-08-02,Marin,041,260295,15267,14859,298,15157,239
2021-08-02,Mariposa,043,17540,510,490,11,501,5
2021-08-02,Mendocino,045,87422,4707,4512,103,4615,49
2021-08-02,Merced,047,269075,32427,32163,1141,33304,474
2021-08-02,Modoc,049,8938,431,415,149,564,5
2021-08-02,Mono,051,14174,1311,1296,18,1314,3
2021-08-02,Monterey,053,433212,44234,43842,2056,45898,525
2021-08-02,Napa,055,140530,10675,10490,58,10548,82
2021-08-02,Nevada,057,99092,5956,5611,209,5820,73
2021-08-02,Orange,059,3164182,270457,266050,12387,278437,5146
2021-08-02,Placer,061,380077,26434,25516,1991,27507,306
2021-08-02,Plumas,063,18699,790,762,14,776,5
2021-08-02,Riverside,065,2383286,309442,302756,14800,317556,4562
2021-08-02,Sacramento,067,1510023,119879,117183,2285,119468,1728
2021-08-02,San Benito,069,59416,6330,6276,117,6393,63
2021-08-02,San Bernardino,071,2135413,307035,303000,9490,312490,5253
2021-08-02,San Diego,073,3302833,303473,299021,17427,316448,3798
2021-08-02,San Francisco,075,870044,42985,41553,1648,43201,562
2021-08-02,San Joaquin,077,732212,78761,77447,4029,81476,1461
2021-08-02,San Luis Obispo,079,281455,22625,22093,827,22920,261
2021-08-02,San Mateo,081,765935,45993,45154,635,45789,548
2021-08-02,Santa Barbara,083,443738,36279,35851,1296,37147,469
2021-08-02,Santa Clara,085,1922200,125734,123655,878,124533,2183
2021-08-02,Santa Cruz,087,273765,17090,16746,845,17591,207
2021-08-02,Shasta,089,179085,13387,13049,1794,14843,212
2021-08-02,Sierra,091,2930,78,71,12,83,0
2021-08-02,Siskiyou,093,43540,2103,1992,457,2449,31
2021-08-02,Solano,095,438530,36795,35852,775,36627,260
2021-08-02,Sonoma,097,501317,33946,33132,402,33534,330
2021-08-02,Stanislaus,099,539301,60102,59160,6436,65596,1037
2021-08-02,Sutter,101,95872,10435,10220,110,10330,127
2021-08-02,Tehama,103,63373,5370,5260,636,5896,66
2021-08-02,Trinity,105,12862,518,359,118,477,3
2021-08-02,Tulare,107,460477,51815,50640,9886,60526,854
2021-08-02,Tuolumne,109,53932,4617,4524,45,4569,64
2021-08-02,Ventura,111,848112,85504,84143,3560,87703,1044
2021-08-02,Yolo,113,214977,15422,15072,530,15602,215
2021-08-02,Yuba,115,75493,6915,6743,156,6899,50
2021-08-01,Alameda,001,1643700,98614,96775,2252,99027,1270
2021-08-01,Alpine,003,1148,90,91,0,91,0
2021-08-01,Amador,005,37829,4016,3923,34,3957,48
2021-08-01,Butte,007,227075,13681,13406,2068,15474,205
2021-08-01,Calaveras,009,45235,2389,2341,16,2357,57
2021-08-01,Colusa,011,21464,2059,2014,359,2373,16
2021-08-01,Contra Costa,013,1133247,78950,77360,1559,78919,836
2021-08-01,Del Norte,015,27424,1768,1642,14,1656,8
2021-08-01,El Dorado,017,186661,11487,11189,896,12085,116
2021-08-01,Fresno,019,978130,107247,105339,9263,114602,1744
2021-08-01,Glenn,021,27897,2527,2476,601,3077,20
2021-08-01,Humboldt,023,135768,5404,5118,83,5201,52
2021-08-01,Imperial,025,180216,29490,29297,2990,32287,743
2021-08-01,Inyo,027,18085,1467,1454,13,1467,38
2021-08-01,Kern,029,883053,100831,99396,12219,111615,1357
2021-08-01,Kings,031,150075,24166,23700,1205,24905,249
2021-08-01,Lake,033,64148,4494,4356,16,4372,66
2021-08-01,Lassen,035,31185,5377,5336,123,5459,21
2021-08-01,Los Angeles,037,10098052,1273768,1258461,46726,1305187,24700
2021-08-01,Madera,039,155013,17513,17146,1041,18187,245
2021-08-01,Marin,041,260295,15190,14844,297,15141,239
2021-08-01,Mariposa,043,17540,503,482,11,493,5
2021-08-01,Mendocino,045,87422,4661,4476,99,4575,49
2021-08-01,Merced,047,269075,32335,32144,1135,33279,474
2021-08-01,Modoc,049,8938,429,413,149,562,5
2021-08-01,Mono,051,14174,1308,1294,18,1312,3
2021-08-01,Monterey,053,433212,44186,43808,2043,45851,525
2021-08-01,Napa,055,140530,10627,10473,56,10529,82
2021-08-01,Nevada,057,99092,5869,5561,208,5769,73
2021-08-01,Orange,059,3164182,269644,265467,12344,277811,5146
2021-08-01,Placer,061,380077,26219,25464,1961,27425,306
2021-08-01,Plumas,063,18699,784,761,14,775,5
2021-08-01,Riverside,065,2383286,308509,302256,14782,317038,4562
2021-08-01,Sacramento,067,1510023,119143,116923,2269,119192,1727
2021-08-01,San Benito,069,59416,6313,6271,117,6388,63
2021-08-01,San Bernardino,071,2135413,306099,302542,9479,312021,5248
2021-08-01,San Diego,073,3302833,302287,298002,17362,315364,3798
2021-08-01,San Francisco,075,870044,42647,41432,1635,43067,562
2021-08-01,San Joaquin,077,732212,78395,77338,4002,81340,1461
2021-08-01,San Luis Obispo,079,281455,22522,22083,822,22905,261
2021-08-01,San Mateo,081,765935,45812,45036,627,45663,548
2021-08-01,Santa Barbara,083,443738,36156,35809,1292,37101,469
2021-08-01,Santa Clara,085,1922200,125322,123511,870,124381,2183
2021-08-01,Santa Cruz,087,273765,17011,16709,838,17547,207
2021-08-01,Shasta,089,179085,13316,13036,1785,14821,212
2021-08-01,Sierra,091,2930,76,71,12,83,0
2021-08-01,Siskiyou,093,43540,2097,1989,451,2440,31
2021-08-01,Solano,095,438530,36560,35800,766,36566,260
2021-08-01,Sonoma,097,501317,33754,33076,399,33475,330
2021-08-01,Stanislaus,099,539301,59865,59078,6404,65482,1037
2021-08-01,Sutter,101,95872,10380,10198,107,10305,127
2021-08-01,Tehama,103,63373,5353,5252,632,5884,66
2021-08-01,Trinity,105,12862,515,359,117,476,3
2021-08-01,Tulare,107,460477,51658,50600,9823,60423,854
2021-08-01,Tuolumne,109,53932,4579,4489,45,4534,64
2021-08-01,Ventura,111,848112,85274,84040,3545,87585,1044
2021-08-01,Yolo,113,214977,15350,15042,521,15563,215
2021-08-01,Yuba,115,75493,6878,6721,155,6876,50
2021-07-31,Alameda,001,1643700,98289,95279,2246,97525,1265
2021-07-31,Alpine,003,1148,90,89,0,89,0
2021-07-31,Amador,005,37829,3996,3877,34,3911,48
2021-07-31,Butte,007,227075,13648,13235,2048,15283,205
2021-07-31,Calaveras,009,45235,2380,2294,16,2310,57
2021-07-31,Colusa,011,21464,2053,2006,357,2363,16
2021-07-31,Contra Costa,013,1133247,78671,75866,1557,77423,832
2021-07-31,Del Norte,015,27424,1742,1576,14,1590,8
2021-07-31,El Dorado,017,186661,11434,11017,890,11907,116
2021-07-31,Fresno,019,978130,107088,104639,9249,113888,1744
2021-07-31,Glenn,021,27897,2522,2465,596,3061,20
2021-07-31,Humboldt,023,135768,5349,4978,82,5060,52
2021-07-31,Imperial,025,180216,29473,29164,2987,32151,743
2021-07-31,Inyo,027,18085,1464,1442,13,1455,38
2021-07-31,Kern,029,883053,100666,98903,12160,111063,1357
2021-07-31,Kings,031,150075,24113,23548,1200,24748,248
2021-07-31,Lake,033,64148,4469,4238,16,4254,66
2021-07-31,Lassen,035,31185,5370,5320,123,5443,21
2021-07-31,Los Angeles,037,10098052,1271573,1248545,46578,1295123,24691
2021-07-31,Madera,039,155013,17480,17058,1035,18093,245
2021-07-31,Marin,041,260295,15146,14701,296,14997,239
2021-07-31,Mariposa,043,17540,494,470,11,481,5
2021-07-31,Mendocino,045,87422,4636,4400,96,4496,49
2021-07-31,Merced,047,269075,32287,31959,1130,33089,474
2021-07-31,Modoc,049,8938,429,413,149,562,5
2021-07-31,Mono,051,14174,1306,1287,18,1305,3
2021-07-31,Monterey,053,433212,44147,43720,2033,45753,525
2021-07-31,Napa,055,140530,10607,10401,55,10456,82
2021-07-31,Nevada,057,99092,5830,5373,207,5580,72
2021-07-31,Orange,059,3164182,269070,263446,12325,275771,5144
2021-07-31,Placer,061,380077,26086,25104,1954,27058,306
2021-07-31,Plumas,063,18699,781,743,14,757,5
2021-07-31,Riverside,065,2383286,307893,300315,14772,315087,4554
2021-07-31,Sacramento,067,1510023,118731,115259,2263,117522,1720
2021-07-31,San Benito,069,59416,6302,6251,117,6368,63
2021-07-31,San Bernardino,071,2135413,305530,300726,9476,310202,5240
2021-07-31,San Diego,073,3302833,301614,295054,17316,312370,3798
2021-07-31,San Francisco,075,870044,42423,40412,1615,42027,562
2021-07-31,San Joaquin,077,732212,78230,76575,3989,80564,1443
2021-07-31,San Luis Obispo,079,281455,22468,21922,820,22742,260
2021-07-31,San Mateo,081,765935,45656,44622,622,45244,548
2021-07-31,Santa Barbara,083,443738,36074,35531,1291,36822,467
2021-07-31,Santa Clara,085,1922200,125067,122614,868,123482,2099
2021-07-31,Santa Cruz,087,273765,16972,16576,837,17413,207
2021-07-31,Shasta,089,179085,13279,12918,1777,14695,212
2021-07-31,Sierra,091,2930,76,68,12,80,0
2021-07-31,Siskiyou,093,43540,2088,1976,445,2421,31
2021-07-31,Solano,095,438530,36459,35340,758,36098,263
2021-07-31,Sonoma,097,501317,33628,32601,399,33000,329
2021-07-31,Stanislaus,099,539301,59706,58586,6381,64967,1035
2021-07-31,Sutter,101,95872,10346,10068,106,10174,127
2021-07-31,Tehama,103,63373,5338,5216,629,5845,66
2021-07-31,Trinity,105,12862,514,354,116,470,3
2021-07-31,Tulare,107,460477,51569,50409,9770,60179,854
2021-07-31,Tuolumne,109,53932,4540,4362,45,4407,64
2021-07-31,Ventura,111,848112,85113,83509,3528,87037,1044
2021-07-31,Yolo,113,214977,15302,14863,510,15373,215
2021-07-31,Yuba,115,75493,6855,6615,151,6766,50
2021-07-30,Alameda,001,1643700,97958,95279,2242,97521,1265
2021-07-30,Alpine,003,1148,90,89,0,89,0
2021-07-30,Amador,005,37829,3973,3877,34,3911,48
2021-07-30,Butte,007,227075,13593,13235,2035,15270,205
2021-07-30,Calaveras,009,45235,2370,2294,16,2310,57
2021-07-30,Colusa,011,21464,2049,2006,355,2361,16
2021-07-30,Contra Costa,013,1133247,78427,75866,1553,77419,832
2021-07-30,Del Norte,015,27424,1724,1576,14,1590,8
2021-07-30,El Dorado,017,186661,11401,11017,884,11901,116
2021-07-30,Fresno,019,978130,106894,104639,9237,113876,1744
2021-07-30,Glenn,021,27897,2517,2465,595,3060,20
2021-07-30,Humboldt,023,135768,5285,4978,79,5057,52
2021-07-30,Imperial,025,180216,29459,29164,2984,32148,743
2021-07-30,Inyo,027,18085,1463,1442,13,1455,38
2021-07-30,Kern,029,883053,100541,98903,12113,111016,1357
2021-07-30,Kings,031,150075,24073,23548,1196,24744,248
2021-07-30,Lake,033,64148,4441,4238,16,4254,66
2021-07-30,Lassen,035,31185,5366,5320,123,5443,21
2021-07-30,Los Angeles,037,10098052,1269252,1248545,46427,1294972,24691
2021-07-30,Madera,039,155013,17438,17058,1032,18090,245
2021-07-30,Marin,041,260295,15112,14701,296,14997,239
2021-07-30,Mariposa,043,17540,490,470,11,481,5
2021-07-30,Mendocino,045,87422,4606,4400,95,4495,49
2021-07-30,Merced,047,269075,32246,31959,1126,33085,474
2021-07-30,Modoc,049,8938,427,413,149,562,5
2021-07-30,Mono,051,14174,1301,1287,18,1305,3
2021-07-30,Monterey,053,433212,44113,43720,2024,45744,525
2021-07-30,Napa,055,140530,10585,10401,54,10455,82
2021-07-30,Nevada,057,99092,5773,5373,207,5580,72
2021-07-30,Orange,059,3164182,268444,263446,12299,275745,5144
2021-07-30,Placer,061,380077,25997,25104,1936,27040,306
2021-07-30,Plumas,063,18699,776,743,14,757,5
2021-07-30,Riverside,065,2383286,307256,300315,14762,315077,4554
2021-07-30,Sacramento,067,1510023,118280,115259,2259,117518,1720
2021-07-30,San Benito,069,59416,6295,6251,117,6368,63
2021-07-30,San Bernardino,071,2135413,305016,300726,9470,310196,5240
2021-07-30,San Diego,073,3302833,300841,295054,17258,312312,3798
2021-07-30,San Francisco,075,870044,42209,40412,1600,42012,562
2021-07-30,San Joaquin,077,732212,78076,76575,3984,80559,1443
2021-07-30,San Luis Obispo,079,281455,22430,21922,816,22738,260
2021-07-30,San Mateo,081,765935,45532,44622,609,45231,548
2021-07-30,Santa Barbara,083,443738,36005,35531,1285,36816,467
2021-07-30,Santa Clara,085,1922200,124843,122614,866,123480,2099
2021-07-30,Santa Cruz,087,273765,16946,16576,835,17411,207
2021-07-30,Shasta,089,179085,13231,12918,1777,14695,212
2021-07-30,Sierra,091,2930,75,68,12,80,0
2021-07-30,Siskiyou,093,43540,2079,1976,444,2420,31
2021-07-30,Solano,095,438530,36368,35340,742,36082,263
2021-07-30,Sonoma,097,501317,33533,32601,399,33000,329
2021-07-30,Stanislaus,099,539301,59563,58586,6361,64947,1035
2021-07-30,Sutter,101,95872,10311,10068,106,10174,127
2021-07-30,Tehama,103,63373,5327,5216,629,5845,66
2021-07-30,Trinity,105,12862,514,354,116,470,3
2021-07-30,Tulare,107,460477,51526,50409,9735,60144,854
2021-07-30,Tuolumne,109,53932,4522,4362,45,4407,64
2021-07-30,Ventura,111,848112,84949,83509,3513,87022,1044
2021-07-30,Yolo,113,214977,15241,14863,506,15369,215
2021-07-30,Yuba,115,75493,6819,6615,150,6765,50
2021-07-29,Alameda,001,1643700,97536,95279,2236,97515,1265
2021-07-29,Alpine,003,1148,90,89,0,89,0
2021-07-29,Amador,005,37829,3954,3877,34,3911,48
2021-07-29,Butte,007,227075,13545,13235,2027,15262,205
2021-07-29,Calaveras,009,45235,2356,2294,16,2310,57
2021-07-29,Colusa,011,21464,2042,2006,355,2361,16
2021-07-29,Contra Costa,013,1133247,77989,75866,1549,77415,832
2021-07-29,Del Norte,015,27424,1700,1576,14,1590,8
2021-07-29,El Dorado,017,186661,11337,11017,872,11889,116
2021-07-29,Fresno,019,978130,106629,104639,9209,113848,1744
2021-07-29,Glenn,021,27897,2507,2465,594,3059,20
2021-07-29,Humboldt,023,135768,5225,4978,77,5055,52
2021-07-29,Imperial,025,180216,29413,29164,2982,32146,743
2021-07-29,Inyo,027,18085,1459,1442,13,1455,38
2021-07-29,Kern,029,883053,100335,98903,12035,110938,1357
2021-07-29,Kings,031,150075,24027,23548,1192,24740,248
2021-07-29,Lake,033,64148,4406,4238,16,4254,66
2021-07-29,Lassen,035,31185,5358,5320,120,5440,21
2021-07-29,Los Angeles,037,10098052,1266164,1248545,46241,1294786,24691
2021-07-29,Madera,039,155013,17391,17058,1028,18086,245
2021-07-29,Marin,041,260295,15069,14701,296,14997,239
2021-07-29,Mariposa,043,17540,486,470,11,481,5
2021-07-29,Mendocino,045,87422,4583,4400,93,4493,49
2021-07-29,Merced,047,269075,32191,31959,1126,33085,474
2021-07-29,Modoc,049,8938,427,413,149,562,5
2021-07-29,Mono,051,14174,1299,1287,18,1305,3
2021-07-29,Monterey,053,433212,44064,43720,2014,45734,525
2021-07-29,Napa,055,140530,10553,10401,52,10453,82
2021-07-29,Nevada,057,99092,5721,5373,206,5579,72
2021-07-29,Orange,059,3164182,267732,263446,12267,275713,5144
2021-07-29,Placer,061,380077,25874,25104,1921,27025,306
2021-07-29,Plumas,063,18699,768,743,14,757,5
2021-07-29,Riverside,065,2383286,306551,300315,14738,315053,4554
2021-07-29,Sacramento,067,1510023,117725,115259,2246,117505,1720
2021-07-29,San Benito,069,59416,6284,6251,117,6368,63
2021-07-29,San Bernardino,071,2135413,304377,300726,9460,310186,5240
2021-07-29,San Diego,073,3302833,299782,295054,17192,312246,3798
2021-07-29,San Francisco,075,870044,41962,40412,1579,41991,562
2021-07-29,San Joaquin,077,732212,77820,76575,3976,80551,1443
2021-07-29,San Luis Obispo,079,281455,22376,21922,814,22736,260
2021-07-29,San Mateo,081,765935,45405,44622,599,45221,548
2021-07-29,Santa Barbara,083,443738,35920,35531,1284,36815,467
2021-07-29,Santa Clara,085,1922200,124546,122614,863,123477,2099
2021-07-29,Santa Cruz,087,273765,16893,16576,833,17409,207
2021-07-29,Shasta,089,179085,13177,12918,1768,14686,212
2021-07-29,Sierra,091,2930,75,68,12,80,0
2021-07-29,Siskiyou,093,43540,2074,1976,442,2418,31
2021-07-29,Solano,095,438530,36208,35340,732,36072,263
2021-07-29,Sonoma,097,501317,33358,32601,397,32998,329
2021-07-29,Stanislaus,099,539301,59391,58586,6344,64930,1035
2021-07-29,Sutter,101,95872,10265,10068,105,10173,127
2021-07-29,Tehama,103,63373,5315,5216,623,5839,66
2021-07-29,Trinity,105,12862,512,354,115,469,3
2021-07-29,Tulare,107,460477,51436,50409,9695,60104,854
2021-07-29,Tuolumne,109,53932,4482,4362,44,4406,64
2021-07-29,Ventura,111,848112,84783,83509,3506,87015,1044
2021-07-29,Yolo,113,214977,15173,14863,492,15355,215
2021-07-29,Yuba,115,75493,6771,6615,147,6762,50
2021-07-28,Alameda,001,1643700,97067,94965,2229,97194,1262
2021-07-28,Alpine,003,1148,90,89,0,89,0
2021-07-28,Amador,005,37829,3940,3870,34,3904,48
2021-07-28,Butte,007,227075,13488,13184,2014,15198,205
2021-07-28,Calaveras,009,45235,2336,2289,16,2305,57
2021-07-28,Colusa,011,21464,2038,2001,354,2355,16
2021-07-28,Contra Costa,013,1133247,77502,75487,1541,77028,832
2021-07-28,Del Norte,015,27424,1667,1545,14,1559,8
2021-07-28,El Dorado,017,186661,11288,10967,862,11829,116
2021-07-28,Fresno,019,978130,106381,104458,9189,113647,1744
2021-07-28,Glenn,021,27897,2504,2464,591,3055,20
2021-07-28,Humboldt,023,135768,5174,4946,76,5022,52
2021-07-28,Imperial,025,180216,29366,29096,2982,32078,743
2021-07-28,Inyo,027,18085,1453,1439,12,1451,38
2021-07-28,Kern,029,883053,100178,98781,11988,110769,1352
2021-07-28,Kings,031,150075,23963,23503,1182,24685,248
2021-07-28,Lake,033,64148,4360,4191,15,4206,65
2021-07-28,Lassen,035,31185,5350,5318,120,5438,21
2021-07-28,Los Angeles,037,10098052,1263002,1245485,46054,1291539,24673
2021-07-28,Madera,039,155013,17350,17024,1022,18046,245
2021-07-28,Marin,041,260295,15014,14652,296,14948,239
2021-07-28,Mariposa,043,17540,479,469,11,480,5
2021-07-28,Mendocino,045,87422,4555,4377,93,4470,49
2021-07-28,Merced,047,269075,32135,31886,1122,33008,474
2021-07-28,Modoc,049,8938,425,413,149,562,5
2021-07-28,Mono,051,14174,1298,1286,18,1304,3
2021-07-28,Monterey,053,433212,44017,43668,2004,45672,524
2021-07-28,Napa,055,140530,10513,10376,50,10426,82
2021-07-28,Nevada,057,99092,5667,5320,206,5526,72
2021-07-28,Orange,059,3164182,266940,262735,12237,274972,5143
2021-07-28,Placer,061,380077,25727,24978,1905,26883,306
2021-07-28,Plumas,063,18699,763,754,14,768,5
2021-07-28,Riverside,065,2383286,305783,299611,14719,314330,4554
2021-07-28,Sacramento,067,1510023,117074,114665,2226,116891,1714
2021-07-28,San Benito,069,59416,6273,6236,117,6353,63
2021-07-28,San Bernardino,071,2135413,303747,300121,9448,309569,5236
2021-07-28,San Diego,073,3302833,298500,294176,17129,311305,3798
2021-07-28,San Francisco,075,870044,41627,40144,1553,41697,561
2021-07-28,San Joaquin,077,732212,77569,76312,3946,80258,1443
2021-07-28,San Luis Obispo,079,281455,22317,21865,813,22678,260
2021-07-28,San Mateo,081,765935,45255,44477,590,45067,547
2021-07-28,Santa Barbara,083,443738,35844,35431,1279,36710,467
2021-07-28,Santa Clara,085,1922200,124285,122345,861,123206,2099
2021-07-28,Santa Cruz,087,273765,16855,16551,832,17383,207
2021-07-28,Shasta,089,179085,13133,12882,1758,14640,212
2021-07-28,Sierra,091,2930,71,67,12,79,0
2021-07-28,Siskiyou,093,43540,2065,1971,439,2410,31
2021-07-28,Solano,095,438530,36034,35204,725,35929,262
2021-07-28,Sonoma,097,501317,33215,32434,394,32828,328
2021-07-28,Stanislaus,099,539301,59192,58427,6328,64755,1035
2021-07-28,Sutter,101,95872,10233,10033,104,10137,126
2021-07-28,Tehama,103,63373,5303,5209,620,5829,66
2021-07-28,Trinity,105,12862,511,352,115,467,3
2021-07-28,Tulare,107,460477,51348,50363,9648,60011,854
2021-07-28,Tuolumne,109,53932,4443,4313,44,4357,64
2021-07-28,Ventura,111,848112,84587,83360,3490,86850,1043
2021-07-28,Yolo,113,214977,15101,14801,483,15284,215
2021-07-28,Yuba,115,75493,6738,6591,146,6737,51
2021-07-27,Alameda,001,1643700,96663,94682,2220,96902,1256
2021-07-27,Alpine,003,1148,90,89,0,89,0
2021-07-27,Amador,005,37829,3924,3861,34,3895,48
2021-07-27,Butte,007,227075,13439,13127,2003,15130,205
2021-07-27,Calaveras,009,45235,2326,2280,16,2296,57
2021-07-27,Colusa,011,21464,2030,1999,353,2352,16
2021-07-27,Contra Costa,013,1133247,77014,75227,1537,76764,830
2021-07-27,Del Norte,015,27424,1647,1538,14,1552,8
2021-07-27,El Dorado,017,186661,11228,10941,852,11793,116
2021-07-27,Fresno,019,978130,106088,104288,9165,113453,1746
2021-07-27,Glenn,021,27897,2496,2460,589,3049,20
2021-07-27,Humboldt,023,135768,5120,4925,75,5000,52
2021-07-27,Imperial,025,180216,29321,29048,2981,32029,743
2021-07-27,Inyo,027,18085,1451,1430,12,1442,38
2021-07-27,Kern,029,883053,100008,98724,11932,110656,1352
2021-07-27,Kings,031,150075,23906,23463,1172,24635,248
2021-07-27,Lake,033,64148,4321,4157,15,4172,65
2021-07-27,Lassen,035,31185,5344,5315,120,5435,21
2021-07-27,Los Angeles,037,10098052,1259548,1243336,45841,1289177,24658
2021-07-27,Madera,039,155013,17297,16998,1017,18015,245
2021-07-27,Marin,041,260295,14966,14631,293,14924,239
2021-07-27,Mariposa,043,17540,476,468,11,479,5
2021-07-27,Mendocino,045,87422,4532,4371,93,4464,49
2021-07-27,Merced,047,269075,32068,31825,1119,32944,473
2021-07-27,Modoc,049,8938,424,413,149,562,5
2021-07-27,Mono,051,14174,1294,1288,18,1306,3
2021-07-27,Monterey,053,433212,43977,43646,1993,45639,523
2021-07-27,Napa,055,140530,10483,10354,50,10404,82
2021-07-27,Nevada,057,99092,5590,5305,204,5509,72
2021-07-27,Orange,059,3164182,266196,262193,12212,274405,5143
2021-07-27,Placer,061,380077,25568,24916,1879,26795,306
2021-07-27,Plumas,063,18699,760,752,14,766,5
2021-07-27,Riverside,065,2383286,305052,299160,14700,313860,4554
2021-07-27,Sacramento,067,1510023,116471,114413,2217,116630,1710
2021-07-27,San Benito,069,59416,6264,6229,117,6346,63
2021-07-27,San Bernardino,071,2135413,303040,299593,9426,309019,5236
2021-07-27,San Diego,073,3302833,297409,293408,17056,310464,3798
2021-07-27,San Francisco,075,870044,41268,39939,1535,41474,561
2021-07-27,San Joaquin,077,732212,77306,76166,3926,80092,1442
2021-07-27,San Luis Obispo,079,281455,22262,21803,804,22607,260
2021-07-27,San Mateo,081,765935,45104,44378,587,44965,547
2021-07-27,Santa Barbara,083,443738,35746,35355,1277,36632,467
2021-07-27,Santa Clara,085,1922200,123991,122154,859,123013,2099
2021-07-27,Santa Cruz,087,273765,16809,16523,831,17354,207
2021-07-27,Shasta,089,179085,13083,12846,1745,14591,212
2021-07-27,Sierra,091,2930,71,65,12,77,0
2021-07-27,Siskiyou,093,43540,2060,1964,436,2400,31
2021-07-27,Solano,095,438530,35902,35093,715,35808,261
2021-07-27,Sonoma,097,501317,33070,32367,392,32759,328
2021-07-27,Stanislaus,099,539301,59023,58333,6302,64635,1033
2021-07-27,Sutter,101,95872,10192,9998,104,10102,115
2021-07-27,Tehama,103,63373,5282,5192,618,5810,66
2021-07-27,Trinity,105,12862,510,351,115,466,3
2021-07-27,Tulare,107,460477,51280,50324,9618,59942,854
2021-07-27,Tuolumne,109,53932,4391,4282,44,4326,64
2021-07-27,Ventura,111,848112,84379,83189,3478,86667,1043
2021-07-27,Yolo,113,214977,15027,14759,477,15236,215
2021-07-27,Yuba,115,75493,6716,6564,144,6708,51
2021-07-26,Alameda,001,1643700,96220,94436,2214,96650,1259
2021-07-26,Alpine,003,1148,90,89,0,89,0
2021-07-26,Amador,005,37829,3914,3854,34,3888,48
2021-07-26,Butte,007,227075,13384,13082,1992,15074,203
2021-07-26,Calaveras,009,45235,2320,2276,16,2292,57
2021-07-26,Colusa,011,21464,2023,1996,351,2347,16
2021-07-26,Contra Costa,013,1133247,76513,74854,1530,76384,830
2021-07-26,Del Norte,015,27424,1626,1530,14,1544,8
2021-07-26,El Dorado,017,186661,11164,10899,849,11748,116
2021-07-26,Fresno,019,978130,105884,104143,9141,113284,1742
2021-07-26,Glenn,021,27897,2494,2461,588,3049,20
2021-07-26,Humboldt,023,135768,5081,4906,73,4979,52
2021-07-26,Imperial,025,180216,29281,29034,2979,32013,743
2021-07-26,Inyo,027,18085,1446,1429,12,1441,38
2021-07-26,Kern,029,883053,99842,98633,11867,110500,1351
2021-07-26,Kings,031,150075,23857,23426,1168,24594,247
2021-07-26,Lake,033,64148,4300,4133,15,4148,65
2021-07-26,Lassen,035,31185,5340,5314,120,5434,21
2021-07-26,Los Angeles,037,10098052,1256214,1241527,45667,1287194,24647
2021-07-26,Madera,039,155013,17269,16971,1010,17981,245
2021-07-26,Marin,041,260295,14909,14579,292,14871,239
2021-07-26,Mariposa,043,17540,475,467,11,478,5
2021-07-26,Mendocino,045,87422,4511,4354,93,4447,49
2021-07-26,Merced,047,269075,31977,31774,1115,32889,473
2021-07-26,Modoc,049,8938,424,413,149,562,5
2021-07-26,Mono,051,14174,1293,1286,18,1304,3
2021-07-26,Monterey,053,433212,43934,43595,1980,45575,521
2021-07-26,Napa,055,140530,10460,10332,50,10382,82
2021-07-26,Nevada,057,99092,5504,5280,204,5484,72
2021-07-26,Orange,059,3164182,265558,261803,12191,273994,5142
2021-07-26,Placer,061,380077,25432,24842,1858,26700,304
2021-07-26,Plumas,063,18699,756,750,14,764,5
2021-07-26,Riverside,065,2383286,304358,298626,14686,313312,4553
2021-07-26,Sacramento,067,1510023,115872,113986,2201,116187,1705
2021-07-26,San Benito,069,59416,6258,6222,117,6339,63
2021-07-26,San Bernardino,071,2135413,302428,299238,9414,308652,5237
2021-07-26,San Diego,073,3302833,296297,292688,16982,309670,3793
2021-07-26,San Francisco,075,870044,40914,39800,1509,41309,561
2021-07-26,San Joaquin,077,732212,77071,76033,3922,79955,1440
2021-07-26,San Luis Obispo,079,281455,22213,21752,801,22553,260
2021-07-26,San Mateo,081,765935,44955,44297,578,44875,547
2021-07-26,Santa Barbara,083,443738,35674,35311,1265,36576,467
2021-07-26,Santa Clara,085,1922200,123682,121978,850,122828,2099
2021-07-26,Santa Cruz,087,273765,16769,16493,828,17321,207
2021-07-26,Shasta,089,179085,13034,12819,1732,14551,211
2021-07-26,Sierra,091,2930,70,65,12,77,0
2021-07-26,Siskiyou,093,43540,2057,1962,434,2396,31
2021-07-26,Solano,095,438530,35747,34990,707,35697,259
2021-07-26,Sonoma,097,501317,32935,32283,390,32673,328
2021-07-26,Stanislaus,099,539301,58878,58219,6283,64502,1033
2021-07-26,Sutter,101,95872,10152,9963,101,10064,115
2021-07-26,Tehama,103,63373,5272,5183,614,5797,66
2021-07-26,Trinity,105,12862,510,351,114,465,3
2021-07-26,Tulare,107,460477,51215,50265,9587,59852,854
2021-07-26,Tuolumne,109,53932,4360,4271,44,4315,64
2021-07-26,Ventura,111,848112,84206,83072,3463,86535,1041
2021-07-26,Yolo,113,214977,14966,14727,465,15192,215
2021-07-26,Yuba,115,75493,6682,6538,142,6680,51
2021-07-25,Alameda,001,1643700,95727,94146,2208,96354,1259
2021-07-25,Alpine,003,1148,88,89,0,89,0
2021-07-25,Amador,005,37829,3899,3848,34,3882,48
2021-07-25,Butte,007,227075,13345,13074,1982,15056,203
2021-07-25,Calaveras,009,45235,2311,2275,16,2291,57
2021-07-25,Colusa,011,21464,2014,1996,347,2343,16
2021-07-25,Contra Costa,013,1133247,76029,74634,1516,76150,830
2021-07-25,Del Norte,015,27424,1605,1526,14,1540,8
2021-07-25,El Dorado,017,186661,11106,10878,846,11724,116
2021-07-25,Fresno,019,978130,105643,104019,9125,113144,1742
2021-07-25,Glenn,021,27897,2485,2461,586,3047,20
2021-07-25,Humboldt,023,135768,5022,4892,72,4964,52
2021-07-25,Imperial,025,180216,29244,29037,2977,32014,743
2021-07-25,Inyo,027,18085,1441,1427,12,1439,38
2021-07-25,Kern,029,883053,99670,98503,11796,110299,1351
2021-07-25,Kings,031,150075,23803,23396,1164,24560,247
2021-07-25,Lake,033,64148,4247,4109,14,4123,65
2021-07-25,Lassen,035,31185,5335,5314,120,5434,21
2021-07-25,Los Angeles,037,10098052,1252803,1239596,45469,1285065,24643
2021-07-25,Madera,039,155013,17232,16947,1003,17950,245
2021-07-25,Marin,041,260295,14859,14558,289,14847,239
2021-07-25,Mariposa,043,17540,472,465,11,476,5
2021-07-25,Mendocino,045,87422,4482,4335,91,4426,49
2021-07-25,Merced,047,269075,31904,31760,1113,32873,473
2021-07-25,Modoc,049,8938,424,413,149,562,5
2021-07-25,Mono,051,14174,1290,1286,18,1304,3
2021-07-25,Monterey,053,433212,43895,43590,1972,45562,521
2021-07-25,Napa,055,140530,10424,10316,49,10365,82
2021-07-25,Nevada,057,99092,5439,5256,201,5457,72
2021-07-25,Orange,059,3164182,264850,261351,12168,273519,5142
2021-07-25,Placer,061,380077,25310,24755,1837,26592,304
2021-07-25,Plumas,063,18699,754,750,14,764,5
2021-07-25,Riverside,065,2383286,303594,298181,14668,312849,4553
2021-07-25,Sacramento,067,1510023,115322,113611,2185,115796,1704
2021-07-25,San Benito,069,59416,6251,6217,117,6334,63
2021-07-25,San Bernardino,071,2135413,301774,298982,9408,308390,5237
2021-07-25,San Diego,073,3302833,295229,290626,16913,307539,3793
2021-07-25,San Francisco,075,870044,40577,39663,1484,41147,561
2021-07-25,San Joaquin,077,732212,76816,75926,3903,79829,1440
2021-07-25,San Luis Obispo,079,281455,22140,21741,798,22539,260
2021-07-25,San Mateo,081,765935,44792,44189,572,44761,547
2021-07-25,Santa Barbara,083,443738,35595,35261,1262,36523,467
2021-07-25,Santa Clara,085,1922200,123352,121800,845,122645,2099
2021-07-25,Santa Cruz,087,273765,16722,16474,827,17301,207
2021-07-25,Shasta,089,179085,12987,12815,1727,14542,211
2021-07-25,Sierra,091,2930,70,65,12,77,0
2021-07-25,Siskiyou,093,43540,2049,1963,431,2394,31
2021-07-25,Solano,095,438530,35553,34863,704,35567,259
2021-07-25,Sonoma,097,501317,32810,32202,387,32589,328
2021-07-25,Stanislaus,099,539301,58711,58154,6278,64432,1033
2021-07-25,Sutter,101,95872,10099,9937,99,10036,115
2021-07-25,Tehama,103,63373,5256,5181,613,5794,66
2021-07-25,Trinity,105,12862,508,351,112,463,3
2021-07-25,Tulare,107,460477,51138,50221,9549,59770,854
2021-07-25,Tuolumne,109,53932,4308,4267,44,4311,64
2021-07-25,Ventura,111,848112,83992,82986,3440,86426,1041
2021-07-25,Yolo,113,214977,14905,14693,452,15145,215
2021-07-25,Yuba,115,75493,6649,6519,142,6661,51
2021-07-24,Alameda,001,1643700,95451,93170,2204,95374,1259
2021-07-24,Alpine,003,1148,88,89,0,89,0
2021-07-24,Amador,005,37829,3890,3816,34,3850,48
2021-07-24,Butte,007,227075,13316,12982,1980,14962,203
2021-07-24,Calaveras,009,45235,2306,2267,16,2283,57
2021-07-24,Colusa,011,21464,2013,1992,345,2337,16
2021-07-24,Contra Costa,013,1133247,75803,73682,1513,75195,830
2021-07-24,Del Norte,015,27424,1594,1497,14,1511,8
2021-07-24,El Dorado,017,186661,11072,10773,843,11616,116
2021-07-24,Fresno,019,978130,105525,103637,9115,112752,1736
2021-07-24,Glenn,021,27897,2483,2457,586,3043,20
2021-07-24,Humboldt,023,135768,4987,4780,71,4851,52
2021-07-24,Imperial,025,180216,29224,28996,2977,31973,742
2021-07-24,Inyo,027,18085,1438,1424,12,1436,38
2021-07-24,Kern,029,883053,99591,98261,11774,110035,1350
2021-07-24,Kings,031,150075,23772,23304,1161,24465,246
2021-07-24,Lake,033,64148,4224,3963,14,3977,64
2021-07-24,Lassen,035,31185,5334,5311,120,5431,21
2021-07-24,Los Angeles,037,10098052,1251029,1232164,45335,1277499,24623
2021-07-24,Madera,039,155013,17208,16885,1001,17886,245
2021-07-24,Marin,041,260295,14820,14454,289,14743,238
2021-07-24,Mariposa,043,17540,472,453,11,464,5
2021-07-24,Mendocino,045,87422,4457,4293,91,4384,49
2021-07-24,Merced,047,269075,31882,31661,1112,32773,473
2021-07-24,Modoc,049,8938,424,413,149,562,5
2021-07-24,Mono,051,14174,1288,1284,18,1302,3
2021-07-24,Monterey,053,433212,43870,43525,1965,45490,521
2021-07-24,Napa,055,140530,10408,10230,49,10279,81
2021-07-24,Nevada,057,99092,5407,5183,201,5384,72
2021-07-24,Orange,059,3164182,264386,259973,12156,272129,5141
2021-07-24,Placer,061,380077,25227,24530,1832,26362,303
2021-07-24,Plumas,063,18699,753,737,14,751,4
2021-07-24,Riverside,065,2383286,303126,296912,14658,311570,4552
2021-07-24,Sacramento,067,1510023,115007,112438,2181,114619,1698
2021-07-24,San Benito,069,59416,6247,6200,116,6316,63
2021-07-24,San Bernardino,071,2135413,301384,297899,9399,307298,5236
2021-07-24,San Diego,073,3302833,294762,289368,16885,306253,3788
2021-07-24,San Francisco,075,870044,40412,38954,1467,40421,561
2021-07-24,San Joaquin,077,732212,76688,75461,3892,79353,1436
2021-07-24,San Luis Obispo,079,281455,22109,21616,796,22412,260
2021-07-24,San Mateo,081,765935,44674,43880,566,44446,542
2021-07-24,Santa Barbara,083,443738,35535,35071,1258,36329,465
2021-07-24,Santa Clara,085,1922200,123140,121092,844,121936,2099
2021-07-24,Santa Cruz,087,273765,16699,16416,827,17243,207
2021-07-24,Shasta,089,179085,12959,12759,1724,14483,211
2021-07-24,Sierra,091,2930,69,64,12,76,0
2021-07-24,Siskiyou,093,43540,2049,1951,431,2382,31
2021-07-24,Solano,095,438530,35461,34499,695,35194,259
2021-07-24,Sonoma,097,501317,32686,31928,385,32313,327
2021-07-24,Stanislaus,099,539301,58619,57879,6268,64147,1030
2021-07-24,Sutter,101,95872,10072,9890,99,9989,115
2021-07-24,Tehama,103,63373,5249,5166,611,5777,65
2021-07-24,Trinity,105,12862,508,345,112,457,3
2021-07-24,Tulare,107,460477,51095,50104,9531,59635,854
2021-07-24,Tuolumne,109,53932,4282,4216,44,4260,64
2021-07-24,Ventura,111,848112,83865,82687,3423,86110,1041
2021-07-24,Yolo,113,214977,14867,14557,449,15006,214
2021-07-24,Yuba,115,75493,6630,6449,142,6591,51
2021-07-23,Alameda,001,1643700,95199,93170,2199,95369,1259
2021-07-23,Alpine,003,1148,88,89,0,89,0
2021-07-23,Amador,005,37829,3883,3816,34,3850,48
2021-07-23,Butte,007,227075,13287,12982,1972,14954,203
2021-07-23,Calaveras,009,45235,2296,2267,16,2283,57
2021-07-23,Colusa,011,21464,2012,1992,345,2337,16
2021-07-23,Contra Costa,013,1133247,75545,73682,1503,75185,830
2021-07-23,Del Norte,015,27424,1586,1497,14,1511,8
2021-07-23,El Dorado,017,186661,11043,10773,839,11612,116
2021-07-23,Fresno,019,978130,105394,103637,9105,112742,1736
2021-07-23,Glenn,021,27897,2481,2457,583,3040,20
2021-07-23,Humboldt,023,135768,4965,4780,68,4848,52
2021-07-23,Imperial,025,180216,29212,28996,2977,31973,742
2021-07-23,Inyo,027,18085,1435,1424,12,1436,38
2021-07-23,Kern,029,883053,99508,98261,11748,110009,1350
2021-07-23,Kings,031,150075,23741,23304,1158,24462,246
2021-07-23,Lake,033,64148,4194,3963,14,3977,64
2021-07-23,Lassen,035,31185,5332,5311,120,5431,21
2021-07-23,Los Angeles,037,10098052,1249096,1232164,45223,1277387,24623
2021-07-23,Madera,039,155013,17178,16885,996,17881,245
2021-07-23,Marin,041,260295,14783,14454,287,14741,238
2021-07-23,Mariposa,043,17540,469,453,11,464,5
2021-07-23,Mendocino,045,87422,4444,4293,91,4384,49
2021-07-23,Merced,047,269075,31857,31661,1112,32773,473
2021-07-23,Modoc,049,8938,424,413,149,562,5
2021-07-23,Mono,051,14174,1287,1284,18,1302,3
2021-07-23,Monterey,053,433212,43845,43525,1965,45490,521
2021-07-23,Napa,055,140530,10387,10230,49,10279,81
2021-07-23,Nevada,057,99092,5363,5183,201,5384,72
2021-07-23,Orange,059,3164182,263936,259973,12133,272106,5141
2021-07-23,Placer,061,380077,25147,24530,1816,26346,303
2021-07-23,Plumas,063,18699,751,737,14,751,4
2021-07-23,Riverside,065,2383286,302661,296912,14646,311558,4552
2021-07-23,Sacramento,067,1510023,114654,112438,2179,114617,1698
2021-07-23,San Benito,069,59416,6241,6200,116,6316,63
2021-07-23,San Bernardino,071,2135413,301006,297899,9390,307289,5236
2021-07-23,San Diego,073,3302833,294155,289368,16837,306205,3788
2021-07-23,San Francisco,075,870044,40229,38954,1454,40408,561
2021-07-23,San Joaquin,077,732212,76584,75461,3877,79338,1436
2021-07-23,San Luis Obispo,079,281455,22071,21616,796,22412,260
2021-07-23,San Mateo,081,765935,44569,43880,561,44441,542
2021-07-23,Santa Barbara,083,443738,35469,35071,1257,36328,465
2021-07-23,Santa Clara,085,1922200,122921,121092,841,121933,2099
2021-07-23,Santa Cruz,087,273765,16674,16416,827,17243,207
2021-07-23,Shasta,089,179085,12932,12759,1721,14480,211
2021-07-23,Sierra,091,2930,69,64,12,76,0
2021-07-23,Siskiyou,093,43540,2047,1951,431,2382,31
2021-07-23,Solano,095,438530,35368,34499,691,35190,259
2021-07-23,Sonoma,097,501317,32592,31928,384,32312,327
2021-07-23,Stanislaus,099,539301,58543,57879,6259,64138,1030
2021-07-23,Sutter,101,95872,10043,9890,99,9989,115
2021-07-23,Tehama,103,63373,5240,5166,611,5777,65
2021-07-23,Trinity,105,12862,507,345,111,456,3
2021-07-23,Tulare,107,460477,51050,50104,9506,59610,854
2021-07-23,Tuolumne,109,53932,4260,4216,44,4260,64
2021-07-23,Ventura,111,848112,83703,82687,3405,86092,1041
2021-07-23,Yolo,113,214977,14830,14557,442,14999,214
2021-07-23,Yuba,115,75493,6604,6449,141,6590,51
2021-07-22,Alameda,001,1643700,94847,93170,2194,95364,1259
2021-07-22,Alpine,003,1148,88,89,0,89,0
2021-07-22,Amador,005,37829,3874,3816,34,3850,48
2021-07-22,Butte,007,227075,13253,12982,1963,14945,203
2021-07-22,Calaveras,009,45235,2286,2267,16,2283,57
2021-07-22,Colusa,011,21464,2010,1992,342,2334,16
2021-07-22,Contra Costa,013,1133247,75206,73682,1498,75180,830
2021-07-22,Del Norte,015,27424,1569,1497,14,1511,8
2021-07-22,El Dorado,017,186661,11008,10773,831,11604,116
2021-07-22,Fresno,019,978130,105265,103637,9095,112732,1736
2021-07-22,Glenn,021,27897,2477,2457,583,3040,20
2021-07-22,Humboldt,023,135768,4934,4780,66,4846,52
2021-07-22,Imperial,025,180216,29182,28996,2977,31973,742
2021-07-22,Inyo,027,18085,1433,1424,12,1436,38
2021-07-22,Kern,029,883053,99392,98261,11706,109967,1350
2021-07-22,Kings,031,150075,23702,23304,1156,24460,246
2021-07-22,Lake,033,64148,4143,3963,14,3977,64
2021-07-22,Lassen,035,31185,5329,5311,120,5431,21
2021-07-22,Los Angeles,037,10098052,1246674,1232164,45036,1277200,24623
2021-07-22,Madera,039,155013,17143,16885,994,17879,245
2021-07-22,Marin,041,260295,14742,14454,286,14740,238
2021-07-22,Mariposa,043,17540,462,453,11,464,5
2021-07-22,Mendocino,045,87422,4431,4293,90,4383,49
2021-07-22,Merced,047,269075,31815,31661,1110,32771,473
2021-07-22,Modoc,049,8938,424,413,149,562,5
2021-07-22,Mono,051,14174,1286,1284,18,1302,3
2021-07-22,Monterey,053,433212,43816,43525,1959,45484,521
2021-07-22,Napa,055,140530,10369,10230,49,10279,81
2021-07-22,Nevada,057,99092,5337,5183,200,5383,72
2021-07-22,Orange,059,3164182,263382,259973,12124,272097,5141
2021-07-22,Placer,061,380077,25053,24530,1805,26335,303
2021-07-22,Plumas,063,18699,750,737,14,751,4
2021-07-22,Riverside,065,2383286,302152,296912,14625,311537,4552
2021-07-22,Sacramento,067,1510023,114216,112438,2170,114608,1698
2021-07-22,San Benito,069,59416,6233,6200,116,6316,63
2021-07-22,San Bernardino,071,2135413,300608,297899,9374,307273,5236
2021-07-22,San Diego,073,3302833,293425,289368,16777,306145,3788
2021-07-22,San Francisco,075,870044,40016,38954,1442,40396,561
2021-07-22,San Joaquin,077,732212,76441,75461,3864,79325,1436
2021-07-22,San Luis Obispo,079,281455,22034,21616,792,22408,260
2021-07-22,San Mateo,081,765935,44457,43880,556,44436,542
2021-07-22,Santa Barbara,083,443738,35404,35071,1255,36326,465
2021-07-22,Santa Clara,085,1922200,122679,121092,838,121930,2099
2021-07-22,Santa Cruz,087,273765,16637,16416,826,17242,207
2021-07-22,Shasta,089,179085,12908,12759,1717,14476,211
2021-07-22,Sierra,091,2930,67,64,12,76,0
2021-07-22,Siskiyou,093,43540,2044,1951,431,2382,31
2021-07-22,Solano,095,438530,35218,34499,684,35183,259
2021-07-22,Sonoma,097,501317,32482,31928,382,32310,327
2021-07-22,Stanislaus,099,539301,58415,57879,6247,64126,1030
2021-07-22,Sutter,101,95872,10022,9890,99,9989,115
2021-07-22,Tehama,103,63373,5234,5166,611,5777,65
2021-07-22,Trinity,105,12862,507,345,111,456,3
2021-07-22,Tulare,107,460477,51007,50104,9478,59582,854
2021-07-22,Tuolumne,109,53932,4248,4216,44,4260,64
2021-07-22,Ventura,111,848112,83569,82687,3392,86079,1041
2021-07-22,Yolo,113,214977,14792,14557,441,14998,214
2021-07-22,Yuba,115,75493,6573,6449,138,6587,51
2021-07-21,Alameda,001,1643700,94528,92840,2190,95030,1256
2021-07-21,Alpine,003,1148,88,89,0,89,0
2021-07-21,Amador,005,37829,3861,3813,34,3847,48
2021-07-21,Butte,007,227075,13212,12939,1958,14897,203
2021-07-21,Calaveras,009,45235,2282,2257,16,2273,57
2021-07-21,Colusa,011,21464,2006,1988,341,2329,16
2021-07-21,Contra Costa,013,1133247,74942,73320,1488,74808,827
2021-07-21,Del Norte,015,27424,1559,1492,14,1506,8
2021-07-21,El Dorado,017,186661,10973,10742,827,11569,116
2021-07-21,Fresno,019,978130,105117,103504,9086,112590,1736
2021-07-21,Glenn,021,27897,2475,2455,582,3037,20
2021-07-21,Humboldt,023,135768,4902,4763,64,4827,52
2021-07-21,Imperial,025,180216,29170,28964,2970,31934,742
2021-07-21,Inyo,027,18085,1433,1423,12,1435,38
2021-07-21,Kern,029,883053,99274,98152,11665,109817,1350
2021-07-21,Kings,031,150075,23674,23270,1152,24422,246
2021-07-21,Lake,033,64148,4078,3896,14,3910,64
2021-07-21,Lassen,035,31185,5326,5310,120,5430,21
2021-07-21,Los Angeles,037,10098052,1244170,1229598,44896,1274494,24609
2021-07-21,Madera,039,155013,17119,16858,991,17849,245
2021-07-21,Marin,041,260295,14692,14427,286,14713,238
2021-07-21,Mariposa,043,17540,458,449,11,460,5
2021-07-21,Mendocino,045,87422,4413,4274,90,4364,49
2021-07-21,Merced,047,269075,31776,31607,1106,32713,473
2021-07-21,Modoc,049,8938,424,413,149,562,5
2021-07-21,Mono,051,14174,1283,1282,18,1300,3
2021-07-21,Monterey,053,433212,43786,43502,1955,45457,515
2021-07-21,Napa,055,140530,10343,10209,49,10258,81
2021-07-21,Nevada,057,99092,5302,5152,200,5352,72
2021-07-21,Orange,059,3164182,262830,259615,12093,271708,5139
2021-07-21,Placer,061,380077,24944,24441,1794,26235,303
2021-07-21,Plumas,063,18699,750,736,14,750,4
2021-07-21,Riverside,065,2383286,301639,296419,14608,311027,4552
2021-07-21,Sacramento,067,1510023,113794,112043,2159,114202,1696
2021-07-21,San Benito,069,59416,6223,6196,116,6312,63
2021-07-21,San Bernardino,071,2135413,300162,297519,9366,306885,5230
2021-07-21,San Diego,073,3302833,292573,288682,16713,305395,3787
2021-07-21,San Francisco,075,870044,39792,38699,1437,40136,559
2021-07-21,San Joaquin,077,732212,76252,75288,3852,79140,1434
2021-07-21,San Luis Obispo,079,281455,21997,21579,789,22368,260
2021-07-21,San Mateo,081,765935,44364,43755,552,44307,542
2021-07-21,Santa Barbara,083,443738,35345,34998,1239,36237,465
2021-07-21,Santa Clara,085,1922200,122469,120838,836,121674,2099
2021-07-21,Santa Cruz,087,273765,16603,16407,826,17233,207
2021-07-21,Shasta,089,179085,12875,12751,1714,14465,211
2021-07-21,Sierra,091,2930,67,64,12,76,0
2021-07-21,Siskiyou,093,43540,2042,1943,429,2372,31
2021-07-21,Solano,095,438530,35061,34374,679,35053,258
2021-07-21,Sonoma,097,501317,32366,31789,382,32171,327
2021-07-21,Stanislaus,099,539301,58312,57774,6237,64011,1028
2021-07-21,Sutter,101,95872,9998,9862,99,9961,113
2021-07-21,Tehama,103,63373,5230,5161,611,5772,65
2021-07-21,Trinity,105,12862,505,345,110,455,3
2021-07-21,Tulare,107,460477,50948,50066,9452,59518,854
2021-07-21,Tuolumne,109,53932,4211,4156,44,4200,64
2021-07-21,Ventura,111,848112,83447,82573,3380,85953,1041
2021-07-21,Yolo,113,214977,14750,14525,440,14965,213
2021-07-21,Yuba,115,75493,6545,6425,138,6563,52
2021-07-20,Alameda,001,1643700,94153,92625,2176,94801,1256
2021-07-20,Alpine,003,1148,88,89,0,89,0
2021-07-20,Amador,005,37829,3850,3807,34,3841,48
2021-07-20,Butte,007,227075,13175,12916,1953,14869,203
2021-07-20,Calaveras,009,45235,2279,2249,16,2265,57
2021-07-20,Colusa,011,21464,2006,1985,341,2326,16
2021-07-20,Contra Costa,013,1133247,74657,73143,1470,74613,825
2021-07-20,Del Norte,015,27424,1549,1490,14,1504,8
2021-07-20,El Dorado,017,186661,10933,10727,823,11550,116
2021-07-20,Fresno,019,978130,104981,103438,9067,112505,1736
2021-07-20,Glenn,021,27897,2475,2453,582,3035,20
2021-07-20,Humboldt,023,135768,4857,4735,62,4797,52
2021-07-20,Imperial,025,180216,29150,28933,2970,31903,742
2021-07-20,Inyo,027,18085,1429,1420,12,1432,36
2021-07-20,Kern,029,883053,99164,98082,11638,109720,1350
2021-07-20,Kings,031,150075,23633,23254,1148,24402,246
2021-07-20,Lake,033,64148,4053,3871,14,3885,64
2021-07-20,Lassen,035,31185,5326,5306,120,5426,21
2021-07-20,Los Angeles,037,10098052,1241380,1227404,44727,1272131,24603
2021-07-20,Madera,039,155013,17098,16856,987,17843,245
2021-07-20,Marin,041,260295,14657,14396,283,14679,234
2021-07-20,Mariposa,043,17540,456,448,11,459,5
2021-07-20,Mendocino,045,87422,4396,4259,90,4349,49
2021-07-20,Merced,047,269075,31737,31578,1099,32677,473
2021-07-20,Modoc,049,8938,424,413,149,562,5
2021-07-20,Mono,051,14174,1279,1281,18,1299,3
2021-07-20,Monterey,053,433212,43755,43481,1952,45433,515
2021-07-20,Napa,055,140530,10320,10191,49,10240,81
2021-07-20,Nevada,057,99092,5283,5148,199,5347,72
2021-07-20,Orange,059,3164182,262273,259303,12061,271364,5139
2021-07-20,Placer,061,380077,24852,24408,1771,26179,303
2021-07-20,Plumas,063,18699,748,736,14,750,4
2021-07-20,Riverside,065,2383286,301104,296118,14594,310712,4543
2021-07-20,Sacramento,067,1510023,113354,111796,2129,113925,1695
2021-07-20,San Benito,069,59416,6216,6196,116,6312,63
2021-07-20,San Bernardino,071,2135413,299751,297222,9341,306563,5231
2021-07-20,San Diego,073,3302833,291646,288209,16617,304826,3786
2021-07-20,San Francisco,075,870044,39535,38536,1426,39962,558
2021-07-20,San Joaquin,077,732212,76080,75198,3839,79037,1433
2021-07-20,San Luis Obispo,079,281455,21951,21556,788,22344,259
2021-07-20,San Mateo,081,765935,44247,43670,551,44221,542
2021-07-20,Santa Barbara,083,443738,35274,34935,1233,36168,462
2021-07-20,Santa Clara,085,1922200,122212,120704,833,121537,2098
2021-07-20,Santa Cruz,087,273765,16574,16399,826,17225,207
2021-07-20,Shasta,089,179085,12849,12734,1710,14444,211
2021-07-20,Sierra,091,2930,67,64,12,76,0
2021-07-20,Siskiyou,093,43540,2038,1931,428,2359,31
2021-07-20,Solano,095,438530,34928,34337,672,35009,258
2021-07-20,Sonoma,097,501317,32247,31763,381,32144,326
2021-07-20,Stanislaus,099,539301,58197,57706,6231,63937,1028
2021-07-20,Sutter,101,95872,9971,9854,96,9950,114
2021-07-20,Tehama,103,63373,5228,5153,611,5764,65
2021-07-20,Trinity,105,12862,503,344,109,453,3
2021-07-20,Tulare,107,460477,50906,50047,9435,59482,854
2021-07-20,Tuolumne,109,53932,4192,4156,44,4200,64
2021-07-20,Ventura,111,848112,83294,82504,3363,85867,1041
2021-07-20,Yolo,113,214977,14685,14495,437,14932,213
2021-07-20,Yuba,115,75493,6520,6393,135,6528,52
2021-07-19,Alameda,001,1643700,93780,92357,2160,94517,1256
2021-07-19,Alpine,003,1148,88,89,0,89,0
2021-07-19,Amador,005,37829,3846,3802,34,3836,48
2021-07-19,Butte,007,227075,13132,12901,1947,14848,202
2021-07-19,Calaveras,009,45235,2275,2245,16,2261,57
2021-07-19,Colusa,011,21464,2004,1981,340,2321,16
2021-07-19,Contra Costa,013,1133247,74345,72935,1450,74385,825
2021-07-19,Del Norte,015,27424,1536,1484,14,1498,8
2021-07-19,El Dorado,017,186661,10903,10703,815,11518,114
2021-07-19,Fresno,019,978130,104850,103350,9054,112404,1731
2021-07-19,Glenn,021,27897,2475,2452,581,3033,20
2021-07-19,Humboldt,023,135768,4827,4719,60,4779,52
2021-07-19,Imperial,025,180216,29123,28888,2967,31855,742
2021-07-19,Inyo,027,18085,1428,1417,12,1429,36
2021-07-19,Kern,029,883053,99052,97999,11603,109602,1349
2021-07-19,Kings,031,150075,23603,23221,1142,24363,246
2021-07-19,Lake,033,64148,4017,3848,14,3862,64
2021-07-19,Lassen,035,31185,5325,5305,120,5425,21
2021-07-19,Los Angeles,037,10098052,1238781,1225946,44529,1270475,24600
2021-07-19,Madera,039,155013,17075,16846,984,17830,244
2021-07-19,Marin,041,260295,14622,14369,280,14649,234
2021-07-19,Mariposa,043,17540,450,447,11,458,5
2021-07-19,Mendocino,045,87422,4378,4251,90,4341,49
2021-07-19,Merced,047,269075,31673,31565,1092,32657,472
2021-07-19,Modoc,049,8938,423,413,149,562,5
2021-07-19,Mono,051,14174,1277,1280,18,1298,3
2021-07-19,Monterey,053,433212,43731,43436,1951,45387,515
2021-07-19,Napa,055,140530,10295,10180,47,10227,81
2021-07-19,Nevada,057,99092,5255,5133,198,5331,72
2021-07-19,Orange,059,3164182,261750,258927,12029,270956,5138
2021-07-19,Placer,061,380077,24753,24359,1749,26108,303
2021-07-19,Plumas,063,18699,748,730,14,744,4
2021-07-19,Riverside,065,2383286,300614,295736,14556,310292,4543
2021-07-19,Sacramento,067,1510023,112990,111470,2105,113575,1696
2021-07-19,San Benito,069,59416,6213,6193,116,6309,63
2021-07-19,San Bernardino,071,2135413,299379,296929,9323,306252,5235
2021-07-19,San Diego,073,3302833,290750,287695,16514,304209,3786
2021-07-19,San Francisco,075,870044,39266,38463,1413,39876,560
2021-07-19,San Joaquin,077,732212,75915,75086,3833,78919,1431
2021-07-19,San Luis Obispo,079,281455,21906,21531,784,22315,259
2021-07-19,San Mateo,081,765935,44102,43563,542,44105,542
2021-07-19,Santa Barbara,083,443738,35201,34904,1231,36135,461
2021-07-19,Santa Clara,085,1922200,121954,120554,832,121386,2098
2021-07-19,Santa Cruz,087,273765,16558,16387,826,17213,207
2021-07-19,Shasta,089,179085,12831,12723,1708,14431,209
2021-07-19,Sierra,091,2930,66,64,12,76,0
2021-07-19,Siskiyou,093,43540,2033,1927,426,2353,31
2021-07-19,Solano,095,438530,34755,34262,661,34923,261
2021-07-19,Sonoma,097,501317,32126,31713,380,32093,325
2021-07-19,Stanislaus,099,539301,58096,57644,6221,63865,1027
2021-07-19,Sutter,101,95872,9955,9834,96,9930,114
2021-07-19,Tehama,103,63373,5222,5152,609,5761,65
2021-07-19,Trinity,105,12862,503,344,108,452,3
2021-07-19,Tulare,107,460477,50860,49994,9417,59411,855
2021-07-19,Tuolumne,109,53932,4182,4151,44,4195,64
2021-07-19,Ventura,111,848112,83198,82409,3341,85750,1041
2021-07-19,Yolo,113,214977,14652,14439,435,14874,213
2021-07-19,Yuba,115,75493,6496,6370,135,6505,52
2021-07-18,Alameda,001,1643700,93425,92162,2147,94309,1256
2021-07-18,Alpine,003,1148,88,89,0,89,0
2021-07-18,Amador,005,37829,3835,3799,34,3833,48
2021-07-18,Butte,007,227075,13089,12888,1942,14830,202
2021-07-18,Calaveras,009,45235,2272,2243,16,2259,57
2021-07-18,Colusa,011,21464,2004,1981,339,2320,16
2021-07-18,Contra Costa,013,1133247,74030,72849,1432,74281,825
2021-07-18,Del Norte,015,27424,1527,1482,14,1496,8
2021-07-18,El Dorado,017,186661,10865,10687,807,11494,114
2021-07-18,Fresno,019,978130,104696,103298,9036,112334,1731
2021-07-18,Glenn,021,27897,2474,2452,580,3032,20
2021-07-18,Humboldt,023,135768,4791,4714,60,4774,52
2021-07-18,Imperial,025,180216,29086,28877,2966,31843,742
2021-07-18,Inyo,027,18085,1424,1417,12,1429,36
2021-07-18,Kern,029,883053,98926,97963,11561,109524,1349
2021-07-18,Kings,031,150075,23582,23203,1138,24341,246
2021-07-18,Lake,033,64148,3981,3825,14,3839,64
2021-07-18,Lassen,035,31185,5325,5305,120,5425,21
2021-07-18,Los Angeles,037,10098052,1236096,1224691,44336,1269027,24598
2021-07-18,Madera,039,155013,17050,16838,980,17818,244
2021-07-18,Marin,041,260295,14586,14358,278,14636,234
2021-07-18,Mariposa,043,17540,449,447,11,458,5
2021-07-18,Mendocino,045,87422,4357,4246,90,4336,49
2021-07-18,Merced,047,269075,31642,31537,1090,32627,471
2021-07-18,Modoc,049,8938,423,413,149,562,5
2021-07-18,Mono,051,14174,1276,1280,18,1298,3
2021-07-18,Monterey,053,433212,43713,43422,1942,45364,515
2021-07-18,Napa,055,140530,10278,10174,44,10218,81
2021-07-18,Nevada,057,99092,5229,5124,198,5322,72
2021-07-18,Orange,059,3164182,261265,258724,11999,270723,5138
2021-07-18,Placer,061,380077,24686,24313,1722,26035,303
2021-07-18,Plumas,063,18699,748,730,14,744,4
2021-07-18,Riverside,065,2383286,300122,295522,14514,310036,4543
2021-07-18,Sacramento,067,1510023,112558,111255,2073,113328,1696
2021-07-18,San Benito,069,59416,6204,6191,116,6307,63
2021-07-18,San Bernardino,071,2135413,298905,296739,9308,306047,5233
2021-07-18,San Diego,073,3302833,289932,286287,16431,302718,3786
2021-07-18,San Francisco,075,870044,39034,38367,1402,39769,560
2021-07-18,San Joaquin,077,732212,75738,74997,3820,78817,1431
2021-07-18,San Luis Obispo,079,281455,21871,21527,781,22308,259
2021-07-18,San Mateo,081,765935,43988,43506,536,44042,542
2021-07-18,Santa Barbara,083,443738,35136,34880,1229,36109,461
2021-07-18,Santa Clara,085,1922200,121740,120438,825,121263,2098
2021-07-18,Santa Cruz,087,273765,16526,16372,825,17197,207
2021-07-18,Shasta,089,179085,12806,12714,1704,14418,209
2021-07-18,Sierra,091,2930,66,64,12,76,0
2021-07-18,Siskiyou,093,43540,2027,1927,421,2348,31
2021-07-18,Solano,095,438530,34628,34215,657,34872,261
2021-07-18,Sonoma,097,501317,32021,31675,379,32054,325
2021-07-18,Stanislaus,099,539301,57985,57600,6196,63796,1028
2021-07-18,Sutter,101,95872,9923,9826,96,9922,114
2021-07-18,Tehama,103,63373,5219,5150,608,5758,65
2021-07-18,Trinity,105,12862,503,344,108,452,3
2021-07-18,Tulare,107,460477,50807,49985,9394,59379,855
2021-07-18,Tuolumne,109,53932,4164,4149,44,4193,64
2021-07-18,Ventura,111,848112,83084,82361,3317,85678,1041
2021-07-18,Yolo,113,214977,14593,14425,429,14854,213
2021-07-18,Yuba,115,75493,6455,6357,135,6492,52
2021-07-17,Alameda,001,1643700,93207,91346,2135,93481,1255
2021-07-17,Alpine,003,1148,88,89,0,89,0
2021-07-17,Amador,005,37829,3826,3785,34,3819,48
2021-07-17,Butte,007,227075,13075,12824,1937,14761,202
2021-07-17,Calaveras,009,45235,2266,2237,16,2253,57
2021-07-17,Colusa,011,21464,2001,1976,339,2315,16
2021-07-17,Contra Costa,013,1133247,73848,72254,1419,73673,824
2021-07-17,Del Norte,015,27424,1519,1475,14,1489,8
2021-07-17,El Dorado,017,186661,10838,10622,803,11425,114
2021-07-17,Fresno,019,978130,104624,103055,9022,112077,1730
2021-07-17,Glenn,021,27897,2473,2451,580,3031,20
2021-07-17,Humboldt,023,135768,4778,4654,59,4713,52
2021-07-17,Imperial,025,180216,29070,28840,2966,31806,742
2021-07-17,Inyo,027,18085,1424,1416,12,1428,36
2021-07-17,Kern,029,883053,98869,97796,11524,109320,1348
2021-07-17,Kings,031,150075,23562,23163,1137,24300,246
2021-07-17,Lake,033,64148,3956,3760,14,3774,64
2021-07-17,Lassen,035,31185,5325,5302,120,5422,21
2021-07-17,Los Angeles,037,10098052,1234575,1219733,44190,1263923,24582
2021-07-17,Madera,039,155013,17042,16804,980,17784,240
2021-07-17,Marin,041,260295,14568,14297,276,14573,234
2021-07-17,Mariposa,043,17540,449,445,11,456,5
2021-07-17,Mendocino,045,87422,4345,4209,90,4299,49
2021-07-17,Merced,047,269075,31621,31451,1086,32537,471
2021-07-17,Modoc,049,8938,423,412,149,561,5
2021-07-17,Mono,051,14174,1274,1277,18,1295,3
2021-07-17,Monterey,053,433212,43690,43367,1937,45304,515
2021-07-17,Napa,055,140530,10262,10129,44,10173,81
2021-07-17,Nevada,057,99092,5214,5066,198,5264,72
2021-07-17,Orange,059,3164182,260958,257805,11960,269765,5136
2021-07-17,Placer,061,380077,24619,24169,1708,25877,303
2021-07-17,Plumas,063,18699,743,721,14,735,4
2021-07-17,Riverside,065,2383286,299815,294751,14482,309233,4542
2021-07-17,Sacramento,067,1510023,112322,110432,2051,112483,1694
2021-07-17,San Benito,069,59416,6198,6181,116,6297,63
2021-07-17,San Bernardino,071,2135413,298671,296048,9289,305337,5218
2021-07-17,San Diego,073,3302833,289523,285698,16364,302062,3786
2021-07-17,San Francisco,075,870044,38912,37978,1398,39376,560
2021-07-17,San Joaquin,077,732212,75651,74695,3814,78509,1430
2021-07-17,San Luis Obispo,079,281455,21844,21462,781,22243,258
2021-07-17,San Mateo,081,765935,43917,43324,535,43859,542
2021-07-17,Santa Barbara,083,443738,35095,34769,1226,35995,461
2021-07-17,Santa Clara,085,1922200,121568,119980,822,120802,2097
2021-07-17,Santa Cruz,087,273765,16519,16337,825,17162,207
2021-07-17,Shasta,089,179085,12791,12683,1699,14382,210
2021-07-17,Sierra,091,2930,66,62,12,74,0
2021-07-17,Siskiyou,093,43540,2022,1922,418,2340,29
2021-07-17,Solano,095,438530,34563,34015,649,34664,263
2021-07-17,Sonoma,097,501317,31953,31536,378,31914,322
2021-07-17,Stanislaus,099,539301,57908,57400,6182,63582,1028
2021-07-17,Sutter,101,95872,9913,9778,96,9874,114
2021-07-17,Tehama,103,63373,5216,5145,608,5753,64
2021-07-17,Trinity,105,12862,502,341,108,449,3
2021-07-17,Tulare,107,460477,50786,49937,9382,59319,854
2021-07-17,Tuolumne,109,53932,4154,4131,44,4175,64
2021-07-17,Ventura,111,848112,83015,82125,3306,85431,1041
2021-07-17,Yolo,113,214977,14562,14356,422,14778,213
2021-07-17,Yuba,115,75493,6444,6309,135,6444,52
2021-07-16,Alameda,001,1643700,92966,91346,2123,93469,1255
2021-07-16,Alpine,003,1148,88,89,0,89,0
2021-07-16,Amador,005,37829,3823,3785,34,3819,48
2021-07-16,Butte,007,227075,13050,12824,1934,14758,202
2021-07-16,Calaveras,009,45235,2265,2237,16,2253,57
2021-07-16,Colusa,011,21464,1999,1976,338,2314,16
2021-07-16,Contra Costa,013,1133247,73660,72254,1415,73669,824
2021-07-16,Del Norte,015,27424,1517,1475,14,1489,8
2021-07-16,El Dorado,017,186661,10819,10622,802,11424,114
2021-07-16,Fresno,019,978130,104572,103055,9003,112058,1730
2021-07-16,Glenn,021,27897,2473,2451,580,3031,20
2021-07-16,Humboldt,023,135768,4756,4654,59,4713,52
2021-07-16,Imperial,025,180216,29058,28840,2966,31806,742
2021-07-16,Inyo,027,18085,1422,1416,12,1428,36
2021-07-16,Kern,029,883053,98807,97796,11485,109281,1348
2021-07-16,Kings,031,150075,23537,23163,1135,24298,246
2021-07-16,Lake,033,64148,3929,3760,14,3774,64
2021-07-16,Lassen,035,31185,5324,5302,120,5422,21
2021-07-16,Los Angeles,037,10098052,1233076,1219733,44043,1263776,24582
2021-07-16,Madera,039,155013,17024,16804,980,17784,240
2021-07-16,Marin,041,260295,14544,14297,273,14570,234
2021-07-16,Mariposa,043,17540,449,445,11,456,5
2021-07-16,Mendocino,045,87422,4336,4209,89,4298,49
2021-07-16,Merced,047,269075,31599,31451,1084,32535,471
2021-07-16,Modoc,049,8938,423,412,149,561,5
2021-07-16,Mono,051,14174,1273,1277,18,1295,3
2021-07-16,Monterey,053,433212,43668,43367,1936,45303,515
2021-07-16,Napa,055,140530,10238,10129,43,10172,81
2021-07-16,Nevada,057,99092,5204,5066,198,5264,72
2021-07-16,Orange,059,3164182,260686,257805,11920,269725,5136
2021-07-16,Placer,061,380077,24566,24169,1703,25872,303
2021-07-16,Plumas,063,18699,742,721,14,735,4
2021-07-16,Riverside,065,2383286,299539,294751,14456,309207,4542
2021-07-16,Sacramento,067,1510023,112105,110432,2038,112470,1694
2021-07-16,San Benito,069,59416,6196,6181,116,6297,63
2021-07-16,San Bernardino,071,2135413,298393,296048,9272,305320,5218
2021-07-16,San Diego,073,3302833,289080,285698,16317,302015,3786
2021-07-16,San Francisco,075,870044,38795,37978,1393,39371,560
2021-07-16,San Joaquin,077,732212,75556,74695,3811,78506,1430
2021-07-16,San Luis Obispo,079,281455,21827,21462,781,22243,258
2021-07-16,San Mateo,081,765935,43864,43324,534,43858,542
2021-07-16,Santa Barbara,083,443738,35057,34769,1226,35995,461
2021-07-16,Santa Clara,085,1922200,121421,119980,814,120794,2097
2021-07-16,Santa Cruz,087,273765,16506,16337,825,17162,207
2021-07-16,Shasta,089,179085,12781,12683,1698,14381,210
2021-07-16,Sierra,091,2930,66,62,12,74,0
2021-07-16,Siskiyou,093,43540,2020,1922,416,2338,29
2021-07-16,Solano,095,438530,34496,34015,641,34656,263
2021-07-16,Sonoma,097,501317,31901,31536,375,31911,322
2021-07-16,Stanislaus,099,539301,57858,57400,6172,63572,1028
2021-07-16,Sutter,101,95872,9901,9778,96,9874,114
2021-07-16,Tehama,103,63373,5214,5145,608,5753,64
2021-07-16,Trinity,105,12862,502,341,107,448,3
2021-07-16,Tulare,107,460477,50762,49937,9372,59309,854
2021-07-16,Tuolumne,109,53932,4148,4131,44,4175,64
2021-07-16,Ventura,111,848112,82950,82125,3299,85424,1041
2021-07-16,Yolo,113,214977,14536,14356,418,14774,213
2021-07-16,Yuba,115,75493,6422,6309,134,6443,52
2021-07-15,Alameda,001,1643700,92670,91346,2113,93459,1255
2021-07-15,Alpine,003,1148,88,89,0,89,0
2021-07-15,Amador,005,37829,3820,3785,34,3819,48
2021-07-15,Butte,007,227075,13024,12824,1932,14756,202
2021-07-15,Calaveras,009,45235,2262,2237,16,2253,57
2021-07-15,Colusa,011,21464,1998,1976,337,2313,16
2021-07-15,Contra Costa,013,1133247,73447,72254,1408,73662,824
2021-07-15,Del Norte,015,27424,1514,1475,14,1489,8
2021-07-15,El Dorado,017,186661,10792,10622,800,11422,114
2021-07-15,Fresno,019,978130,104475,103055,8983,112038,1730
2021-07-15,Glenn,021,27897,2473,2451,580,3031,20
2021-07-15,Humboldt,023,135768,4738,4654,58,4712,52
2021-07-15,Imperial,025,180216,29035,28840,2965,31805,742
2021-07-15,Inyo,027,18085,1422,1416,12,1428,36
2021-07-15,Kern,029,883053,98737,97796,11457,109253,1348
2021-07-15,Kings,031,150075,23499,23163,1132,24295,246
2021-07-15,Lake,033,64148,3890,3760,14,3774,64
2021-07-15,Lassen,035,31185,5323,5302,120,5422,21
2021-07-15,Los Angeles,037,10098052,1231100,1219733,43881,1263614,24582
2021-07-15,Madera,039,155013,17002,16804,976,17780,240
2021-07-15,Marin,041,260295,14519,14297,273,14570,234
2021-07-15,Mariposa,043,17540,449,445,11,456,5
2021-07-15,Mendocino,045,87422,4328,4209,88,4297,49
2021-07-15,Merced,047,269075,31569,31451,1084,32535,471
2021-07-15,Modoc,049,8938,423,412,149,561,5
2021-07-15,Mono,051,14174,1273,1277,18,1295,3
2021-07-15,Monterey,053,433212,43639,43367,1933,45300,515
2021-07-15,Napa,055,140530,10213,10129,42,10171,81
2021-07-15,Nevada,057,99092,5187,5066,197,5263,72
2021-07-15,Orange,059,3164182,260335,257805,11889,269694,5136
2021-07-15,Placer,061,380077,24507,24169,1686,25855,303
2021-07-15,Plumas,063,18699,741,721,14,735,4
2021-07-15,Riverside,065,2383286,299217,294751,14441,309192,4542
2021-07-15,Sacramento,067,1510023,111801,110432,2021,112453,1694
2021-07-15,San Benito,069,59416,6194,6181,116,6297,63
2021-07-15,San Bernardino,071,2135413,298088,296048,9257,305305,5218
2021-07-15,San Diego,073,3302833,288442,285698,16240,301938,3786
2021-07-15,San Francisco,075,870044,38643,37978,1385,39363,560
2021-07-15,San Joaquin,077,732212,75439,74695,3806,78501,1430
2021-07-15,San Luis Obispo,079,281455,21795,21462,781,22243,258
2021-07-15,San Mateo,081,765935,43760,43324,529,43853,542
2021-07-15,Santa Barbara,083,443738,35003,34769,1225,35994,461
2021-07-15,Santa Clara,085,1922200,121299,119980,811,120791,2097
2021-07-15,Santa Cruz,087,273765,16493,16337,825,17162,207
2021-07-15,Shasta,089,179085,12773,12683,1694,14377,210
2021-07-15,Sierra,091,2930,66,62,12,74,0
2021-07-15,Siskiyou,093,43540,2019,1922,416,2338,29
2021-07-15,Solano,095,438530,34421,34015,635,34650,263
2021-07-15,Sonoma,097,501317,31840,31536,375,31911,322
2021-07-15,Stanislaus,099,539301,57789,57400,6159,63559,1028
2021-07-15,Sutter,101,95872,9881,9778,95,9873,114
2021-07-15,Tehama,103,63373,5208,5145,607,5752,64
2021-07-15,Trinity,105,12862,502,341,107,448,3
2021-07-15,Tulare,107,460477,50742,49937,9355,59292,854
2021-07-15,Tuolumne,109,53932,4136,4131,44,4175,64
2021-07-15,Ventura,111,848112,82873,82125,3294,85419,1041
2021-07-15,Yolo,113,214977,14509,14356,417,14773,213
2021-07-15,Yuba,115,75493,6407,6309,133,6442,52
2021-07-14,Alameda,001,1643700,92409,91092,2094,93186,1255
2021-07-14,Alpine,003,1148,88,89,0,89,0
2021-07-14,Amador,005,37829,3812,3784,34,3818,48
2021-07-14,Butte,007,227075,12997,12813,1925,14738,202
2021-07-14,Calaveras,009,45235,2255,2234,16,2250,57
2021-07-14,Colusa,011,21464,1995,1974,337,2311,16
2021-07-14,Contra Costa,013,1133247,73222,72091,1396,73487,823
2021-07-14,Del Norte,015,27424,1513,1472,14,1486,8
2021-07-14,El Dorado,017,186661,10766,10598,797,11395,114
2021-07-14,Fresno,019,978130,104395,102966,8972,111938,1728
2021-07-14,Glenn,021,27897,2473,2449,580,3029,20
2021-07-14,Humboldt,023,135768,4715,4644,56,4700,52
2021-07-14,Imperial,025,180216,29006,28822,2965,31787,742
2021-07-14,Inyo,027,18085,1421,1415,12,1427,36
2021-07-14,Kern,029,883053,98673,97736,11432,109168,1346
2021-07-14,Kings,031,150075,23486,23142,1132,24274,246
2021-07-14,Lake,033,64148,3857,3739,14,3753,63
2021-07-14,Lassen,035,31185,5322,5298,120,5418,21
2021-07-14,Los Angeles,037,10098052,1229091,1218265,43736,1262001,24578
2021-07-14,Madera,039,155013,16990,16786,974,17760,240
2021-07-14,Marin,041,260295,14485,14269,271,14540,233
2021-07-14,Mariposa,043,17540,447,445,11,456,5
2021-07-14,Mendocino,045,87422,4315,4193,88,4281,49
2021-07-14,Merced,047,269075,31532,31412,1080,32492,471
2021-07-14,Modoc,049,8938,423,412,149,561,4
2021-07-14,Mono,051,14174,1273,1278,18,1296,3
2021-07-14,Monterey,053,433212,43615,43347,1931,45278,504
2021-07-14,Napa,055,140530,10191,10121,42,10163,81
2021-07-14,Nevada,057,99092,5167,5058,197,5255,72
2021-07-14,Orange,059,3164182,260018,257558,11860,269418,5137
2021-07-14,Placer,061,380077,24454,24125,1674,25799,303
2021-07-14,Plumas,063,18699,734,719,14,733,4
2021-07-14,Riverside,065,2383286,298892,294511,14425,308936,4542
2021-07-14,Sacramento,067,1510023,111473,110193,1997,112190,1688
2021-07-14,San Benito,069,59416,6191,6177,116,6293,63
2021-07-14,San Bernardino,071,2135413,297786,295820,9242,305062,5193
2021-07-14,San Diego,073,3302833,287870,285269,16161,301430,3786
2021-07-14,San Francisco,075,870044,38504,37836,1379,39215,559
2021-07-14,San Joaquin,077,732212,75347,74599,3797,78396,1416
2021-07-14,San Luis Obispo,079,281455,21773,21444,779,22223,258
2021-07-14,San Mateo,081,765935,43663,43249,525,43774,542
2021-07-14,Santa Barbara,083,443738,34963,34719,1223,35942,461
2021-07-14,Santa Clara,085,1922200,121149,119844,808,120652,2098
2021-07-14,Santa Cruz,087,273765,16479,16326,825,17151,207
2021-07-14,Shasta,089,179085,12753,12669,1691,14360,209
2021-07-14,Sierra,091,2930,66,62,12,74,0
2021-07-14,Siskiyou,093,43540,2012,1922,413,2335,29
2021-07-14,Solano,095,438530,34348,33948,635,34583,268
2021-07-14,Sonoma,097,501317,31788,31470,375,31845,322
2021-07-14,Stanislaus,099,539301,57714,57340,6147,63487,1028
2021-07-14,Sutter,101,95872,9859,9766,95,9861,114
2021-07-14,Tehama,103,63373,5206,5142,607,5749,64
2021-07-14,Trinity,105,12862,502,341,107,448,3
2021-07-14,Tulare,107,460477,50725,49908,9341,59249,853
2021-07-14,Tuolumne,109,53932,4133,4128,43,4171,64
2021-07-14,Ventura,111,848112,82779,82041,3283,85324,1040
2021-07-14,Yolo,113,214977,14476,14332,414,14746,213
2021-07-14,Yuba,115,75493,6389,6294,133,6427,52
2021-07-13,Alameda,001,1643700,92145,90874,2084,92958,1255
2021-07-13,Alpine,003,1148,88,89,0,89,0
2021-07-13,Amador,005,37829,3805,3783,34,3817,48
2021-07-13,Butte,007,227075,12983,12802,1924,14726,202
2021-07-13,Calaveras,009,45235,2251,2230,16,2246,57
2021-07-13,Colusa,011,21464,1993,1972,333,2305,16
2021-07-13,Contra Costa,013,1133247,72996,71963,1387,73350,823
2021-07-13,Del Norte,015,27424,1509,1471,14,1485,8
2021-07-13,El Dorado,017,186661,10748,10581,794,11375,114
2021-07-13,Fresno,019,978130,104319,102909,8962,111871,1727
2021-07-13,Glenn,021,27897,2471,2448,580,3028,20
2021-07-13,Humboldt,023,135768,4700,4634,56,4690,51
2021-07-13,Imperial,025,180216,28995,28792,2964,31756,741
2021-07-13,Inyo,027,18085,1420,1415,12,1427,36
2021-07-13,Kern,029,883053,98584,97698,11393,109091,1346
2021-07-13,Kings,031,150075,23468,23132,1132,24264,246
2021-07-13,Lake,033,64148,3830,3719,13,3732,63
2021-07-13,Lassen,035,31185,5320,5292,120,5412,21
2021-07-13,Los Angeles,037,10098052,1227244,1217184,43564,1260748,24569
2021-07-13,Madera,039,155013,16980,16773,970,17743,240
2021-07-13,Marin,041,260295,14456,14254,270,14524,233
2021-07-13,Mariposa,043,17540,446,443,11,454,5
2021-07-13,Mendocino,045,87422,4308,4185,88,4273,49
2021-07-13,Merced,047,269075,31511,31379,1077,32456,471
2021-07-13,Modoc,049,8938,423,411,149,560,4
2021-07-13,Mono,051,14174,1272,1277,18,1295,3
2021-07-13,Monterey,053,433212,43597,43333,1927,45260,504
2021-07-13,Napa,055,140530,10170,10118,42,10160,81
2021-07-13,Nevada,057,99092,5142,5053,197,5250,72
2021-07-13,Orange,059,3164182,259688,257339,11831,269170,5136
2021-07-13,Placer,061,380077,24408,24091,1661,25752,303
2021-07-13,Plumas,063,18699,733,716,14,730,4
2021-07-13,Riverside,065,2383286,298569,294302,14398,308700,4541
2021-07-13,Sacramento,067,1510023,111163,109990,1975,111965,1687
2021-07-13,San Benito,069,59416,6189,6173,116,6289,63
2021-07-13,San Bernardino,071,2135413,297510,295596,9220,304816,5183
2021-07-13,San Diego,073,3302833,287322,284997,16082,301079,3785
2021-07-13,San Francisco,075,870044,38360,37725,1373,39098,559
2021-07-13,San Joaquin,077,732212,75231,74500,3794,78294,1417
2021-07-13,San Luis Obispo,079,281455,21747,21423,776,22199,258
2021-07-13,San Mateo,081,765935,43595,43180,524,43704,542
2021-07-13,Santa Barbara,083,443738,34914,34679,1220,35899,461
2021-07-13,Santa Clara,085,1922200,120995,119727,804,120531,2098
2021-07-13,Santa Cruz,087,273765,16470,16315,823,17138,207
2021-07-13,Shasta,089,179085,12740,12659,1684,14343,209
2021-07-13,Sierra,091,2930,66,62,12,74,0
2021-07-13,Siskiyou,093,43540,2011,1916,411,2327,29
2021-07-13,Solano,095,438530,34284,33918,629,34547,268
2021-07-13,Sonoma,097,501317,31729,31431,375,31806,322
2021-07-13,Stanislaus,099,539301,57644,57282,6133,63415,1028
2021-07-13,Sutter,101,95872,9841,9752,94,9846,114
2021-07-13,Tehama,103,63373,5199,5144,607,5751,64
2021-07-13,Trinity,105,12862,502,341,106,447,3
2021-07-13,Tulare,107,460477,50700,49891,9325,59216,853
2021-07-13,Tuolumne,109,53932,4125,4122,42,4164,64
2021-07-13,Ventura,111,848112,82694,81982,3258,85240,1040
2021-07-13,Yolo,113,214977,14448,14320,407,14727,213
2021-07-13,Yuba,115,75493,6372,6279,133,6412,52
2021-07-12,Alameda,001,1643700,91885,90720,2077,92797,1254
2021-07-12,Alpine,003,1148,88,89,0,89,0
2021-07-12,Amador,005,37829,3798,3781,34,3815,47
2021-07-12,Butte,007,227075,12963,12796,1922,14718,202
2021-07-12,Calaveras,009,45235,2249,2228,16,2244,57
2021-07-12,Colusa,011,21464,1989,1971,332,2303,16
2021-07-12,Contra Costa,013,1133247,72795,71833,1382,73215,823
2021-07-12,Del Norte,015,27424,1506,1469,14,1483,8
2021-07-12,El Dorado,017,186661,10720,10569,792,11361,114
2021-07-12,Fresno,019,978130,104225,102853,8949,111802,1728
2021-07-12,Glenn,021,27897,2471,2446,580,3026,20
2021-07-12,Humboldt,023,135768,4684,4621,56,4677,51
2021-07-12,Imperial,025,180216,28965,28789,2964,31753,741
2021-07-12,Inyo,027,18085,1420,1415,12,1427,36
2021-07-12,Kern,029,883053,98515,97660,11368,109028,1346
2021-07-12,Kings,031,150075,23448,23124,1130,24254,246
2021-07-12,Lake,033,64148,3809,3706,13,3719,63
2021-07-12,Lassen,035,31185,5319,5292,120,5412,21
2021-07-12,Los Angeles,037,10098052,1225458,1216230,43424,1259654,24559
2021-07-12,Madera,039,155013,16969,16772,970,17742,240
2021-07-12,Marin,041,260295,14431,14238,269,14507,233
2021-07-12,Mariposa,043,17540,446,442,11,453,5
2021-07-12,Mendocino,045,87422,4297,4175,88,4263,49
2021-07-12,Merced,047,269075,31480,31374,1076,32450,471
2021-07-12,Modoc,049,8938,422,411,149,560,4
2021-07-12,Mono,051,14174,1270,1275,18,1293,3
2021-07-12,Monterey,053,433212,43576,43315,1923,45238,504
2021-07-12,Napa,055,140530,10152,10104,41,10145,81
2021-07-12,Nevada,057,99092,5119,5046,197,5243,72
2021-07-12,Orange,059,3164182,259334,257171,11806,268977,5136
2021-07-12,Placer,061,380077,24357,24052,1655,25707,302
2021-07-12,Plumas,063,18699,733,716,14,730,4
2021-07-12,Riverside,065,2383286,298261,294108,14368,308476,4541
2021-07-12,Sacramento,067,1510023,110948,109849,1949,111798,1685
2021-07-12,San Benito,069,59416,6186,6166,116,6282,63
2021-07-12,San Bernardino,071,2135413,297239,295447,9206,304653,5171
2021-07-12,San Diego,073,3302833,286856,284648,16006,300654,3785
2021-07-12,San Francisco,075,870044,38213,37656,1370,39026,559
2021-07-12,San Joaquin,077,732212,75137,74424,3784,78208,1415
2021-07-12,San Luis Obispo,079,281455,21728,21408,775,22183,258
2021-07-12,San Mateo,081,765935,43502,43138,517,43655,542
2021-07-12,Santa Barbara,083,443738,34871,34664,1218,35882,461
2021-07-12,Santa Clara,085,1922200,120830,119634,801,120435,2098
2021-07-12,Santa Cruz,087,273765,16445,16310,822,17132,207
2021-07-12,Shasta,089,179085,12733,12648,1681,14329,208
2021-07-12,Sierra,091,2930,66,62,12,74,0
2021-07-12,Siskiyou,093,43540,2006,1916,406,2322,29
2021-07-12,Solano,095,438530,34194,33859,620,34479,268
2021-07-12,Sonoma,097,501317,31681,31377,374,31751,322
2021-07-12,Stanislaus,099,539301,57575,57243,6126,63369,1028
2021-07-12,Sutter,101,95872,9824,9736,93,9829,114
2021-07-12,Tehama,103,63373,5194,5138,606,5744,63
2021-07-12,Trinity,105,12862,498,340,104,444,3
2021-07-12,Tulare,107,460477,50672,49882,9312,59194,853
2021-07-12,Tuolumne,109,53932,4121,4116,42,4158,64
2021-07-12,Ventura,111,848112,82593,81919,3237,85156,1040
2021-07-12,Yolo,113,214977,14420,14303,403,14706,213
2021-07-12,Yuba,115,75493,6357,6266,133,6399,52
2021-07-11,Alameda,001,1643700,91555,90597,2063,92660,1254
2021-07-11,Alpine,003,1148,88,89,0,89,0
2021-07-11,Amador,005,37829,3796,3779,34,3813,47
2021-07-11,Butte,007,227075,12941,12794,1916,14710,202
2021-07-11,Calaveras,009,45235,2247,2226,15,2241,57
2021-07-11,Colusa,011,21464,1988,1971,331,2302,16
2021-07-11,Contra Costa,013,1133247,72585,71744,1375,73119,823
2021-07-11,Del Norte,015,27424,1502,1467,13,1480,8
2021-07-11,El Dorado,017,186661,10691,10554,790,11344,114
2021-07-11,Fresno,019,978130,104130,102813,8929,111742,1728
2021-07-11,Glenn,021,27897,2470,2446,580,3026,20
2021-07-11,Humboldt,023,135768,4671,4611,55,4666,51
2021-07-11,Imperial,025,180216,28947,28787,2962,31749,741
2021-07-11,Inyo,027,18085,1418,1415,12,1427,36
2021-07-11,Kern,029,883053,98442,97637,11352,108989,1346
2021-07-11,Kings,031,150075,23417,23116,1127,24243,246
2021-07-11,Lake,033,64148,3778,3699,13,3712,63
2021-07-11,Lassen,035,31185,5316,5291,120,5411,21
2021-07-11,Los Angeles,037,10098052,1223710,1215182,43264,1258446,24558
2021-07-11,Madera,039,155013,16950,16766,969,17735,240
2021-07-11,Marin,041,260295,14405,14231,269,14500,233
2021-07-11,Mariposa,043,17540,445,442,11,453,5
2021-07-11,Mendocino,045,87422,4277,4167,88,4255,49
2021-07-11,Merced,047,269075,31456,31366,1071,32437,471
2021-07-11,Modoc,049,8938,421,411,149,560,4
2021-07-11,Mono,051,14174,1270,1275,18,1293,3
2021-07-11,Monterey,053,433212,43557,43307,1919,45226,504
2021-07-11,Napa,055,140530,10148,10100,41,10141,81
2021-07-11,Nevada,057,99092,5108,5035,196,5231,72
2021-07-11,Orange,059,3164182,259021,257009,11777,268786,5136
2021-07-11,Placer,061,380077,24300,24017,1643,25660,302
2021-07-11,Plumas,063,18699,733,716,14,730,4
2021-07-11,Riverside,065,2383286,297997,293969,14350,308319,4541
2021-07-11,Sacramento,067,1510023,110669,109696,1939,111635,1685
2021-07-11,San Benito,069,59416,6181,6163,116,6279,63
2021-07-11,San Bernardino,071,2135413,296934,295342,9181,304523,5167
2021-07-11,San Diego,073,3302833,286443,283819,15920,299739,3784
2021-07-11,San Francisco,075,870044,38084,37596,1364,38960,559
2021-07-11,San Joaquin,077,732212,75021,74376,3767,78143,1415
2021-07-11,San Luis Obispo,079,281455,21695,21403,774,22177,258
2021-07-11,San Mateo,081,765935,43423,43107,510,43617,542
2021-07-11,Santa Barbara,083,443738,34824,34646,1218,35864,461
2021-07-11,Santa Clara,085,1922200,120676,119549,800,120349,2098
2021-07-11,Santa Cruz,087,273765,16429,16303,822,17125,207
2021-07-11,Shasta,089,179085,12716,12647,1679,14326,208
2021-07-11,Sierra,091,2930,66,62,12,74,0
2021-07-11,Siskiyou,093,43540,2002,1915,404,2319,29
2021-07-11,Solano,095,438530,34112,33837,616,34453,268
2021-07-11,Sonoma,097,501317,31599,31352,374,31726,322
2021-07-11,Stanislaus,099,539301,57511,57230,6115,63345,1028
2021-07-11,Sutter,101,95872,9810,9728,93,9821,114
2021-07-11,Tehama,103,63373,5191,5138,606,5744,63
2021-07-11,Trinity,105,12862,497,340,104,444,3
2021-07-11,Tulare,107,460477,50647,49877,9293,59170,853
2021-07-11,Tuolumne,109,53932,4115,4116,42,4158,64
2021-07-11,Ventura,111,848112,82520,81875,3217,85092,1040
2021-07-11,Yolo,113,214977,14394,14285,397,14682,213
2021-07-11,Yuba,115,75493,6346,6260,133,6393,52
2021-07-10,Alameda,001,1643700,91405,90090,2059,92149,1252
2021-07-10,Alpine,003,1148,88,89,0,89,0
2021-07-10,Amador,005,37829,3790,3773,34,3807,47
2021-07-10,Butte,007,227075,12930,12764,1913,14677,202
2021-07-10,Calaveras,009,45235,2246,2214,15,2229,57
2021-07-10,Colusa,011,21464,1986,1969,331,2300,16
2021-07-10,Contra Costa,013,1133247,72485,71376,1374,72750,821
2021-07-10,Del Norte,015,27424,1500,1451,13,1464,8
2021-07-10,El Dorado,017,186661,10675,10508,786,11294,114
2021-07-10,Fresno,019,978130,104097,102675,8922,111597,1730
2021-07-10,Glenn,021,27897,2467,2440,579,3019,20
2021-07-10,Humboldt,023,135768,4662,4574,55,4629,51
2021-07-10,Imperial,025,180216,28934,28729,2962,31691,741
2021-07-10,Inyo,027,18085,1417,1415,12,1427,36
2021-07-10,Kern,029,883053,98402,97538,11335,108873,1346
2021-07-10,Kings,031,150075,23410,23090,1126,24216,246
2021-07-10,Lake,033,64148,3761,3667,13,3680,63
2021-07-10,Lassen,035,31185,5316,5290,120,5410,21
2021-07-10,Los Angeles,037,10098052,1222689,1212043,43160,1255203,24542
2021-07-10,Madera,039,155013,16944,16744,966,17710,241
2021-07-10,Marin,041,260295,14391,14194,269,14463,233
2021-07-10,Mariposa,043,17540,445,442,11,453,5
2021-07-10,Mendocino,045,87422,4270,4153,87,4240,49
2021-07-10,Merced,047,269075,31443,31328,1071,32399,470
2021-07-10,Modoc,049,8938,421,410,149,559,4
2021-07-10,Mono,051,14174,1270,1275,18,1293,3
2021-07-10,Monterey,053,433212,43543,43251,1917,45168,499
2021-07-10,Napa,055,140530,10136,10077,41,10118,81
2021-07-10,Nevada,057,99092,5099,5000,196,5196,72
2021-07-10,Orange,059,3164182,258843,256438,11761,268199,5135
2021-07-10,Placer,061,380077,24271,23916,1633,25549,302
2021-07-10,Plumas,063,18699,732,717,14,731,4
2021-07-10,Riverside,065,2383286,297807,293474,14336,307810,4541
2021-07-10,Sacramento,067,1510023,110520,109091,1934,111025,1682
2021-07-10,San Benito,069,59416,6176,6141,116,6257,63
2021-07-10,San Bernardino,071,2135413,296746,294932,9169,304101,5117
2021-07-10,San Diego,073,3302833,286154,283577,15867,299444,3783
2021-07-10,San Francisco,075,870044,38000,37338,1361,38699,559
2021-07-10,San Joaquin,077,732212,74964,74150,3761,77911,1412
2021-07-10,San Luis Obispo,079,281455,21684,21375,773,22148,258
2021-07-10,San Mateo,081,765935,43372,42948,508,43456,542
2021-07-10,Santa Barbara,083,443738,34797,34595,1218,35813,460
2021-07-10,Santa Clara,085,1922200,120573,119330,797,120127,2094
2021-07-10,Santa Cruz,087,273765,16422,16286,822,17108,207
2021-07-10,Shasta,089,179085,12703,12623,1674,14297,206
2021-07-10,Sierra,091,2930,66,61,12,73,0
2021-07-10,Siskiyou,093,43540,2000,1909,401,2310,29
2021-07-10,Solano,095,438530,34070,33678,610,34288,268
2021-07-10,Sonoma,097,501317,31548,31231,374,31605,317
2021-07-10,Stanislaus,099,539301,57474,57104,6105,63209,1026
2021-07-10,Sutter,101,95872,9798,9692,93,9785,114
2021-07-10,Tehama,103,63373,5188,5131,606,5737,63
2021-07-10,Trinity,105,12862,497,341,104,445,3
2021-07-10,Tulare,107,460477,50637,49850,9287,59137,853
2021-07-10,Tuolumne,109,53932,4113,4114,42,4156,64
2021-07-10,Ventura,111,848112,82475,81713,3199,84912,1039
2021-07-10,Yolo,113,214977,14373,14250,394,14644,213
2021-07-10,Yuba,115,75493,6336,6238,133,6371,52
2021-07-09,Alameda,001,1643700,91245,90090,2054,92144,1252
2021-07-09,Alpine,003,1148,88,89,0,89,0
2021-07-09,Amador,005,37829,3789,3773,34,3807,47
2021-07-09,Butte,007,227075,12919,12764,1911,14675,202
2021-07-09,Calaveras,009,45235,2244,2214,15,2229,57
2021-07-09,Colusa,011,21464,1985,1969,331,2300,16
2021-07-09,Contra Costa,013,1133247,72360,71376,1372,72748,821
2021-07-09,Del Norte,015,27424,1495,1451,13,1464,8
2021-07-09,El Dorado,017,186661,10660,10508,785,11293,114
2021-07-09,Fresno,019,978130,104041,102675,8915,111590,1730
2021-07-09,Glenn,021,27897,2466,2440,577,3017,20
2021-07-09,Humboldt,023,135768,4643,4574,55,4629,51
2021-07-09,Imperial,025,180216,28926,28729,2960,31689,741
2021-07-09,Inyo,027,18085,1416,1415,12,1427,36
2021-07-09,Kern,029,883053,98364,97538,11323,108861,1346
2021-07-09,Kings,031,150075,23399,23090,1125,24215,246
2021-07-09,Lake,033,64148,3747,3667,13,3680,63
2021-07-09,Lassen,035,31185,5314,5290,119,5409,21
2021-07-09,Los Angeles,037,10098052,1221684,1212043,43087,1255130,24542
2021-07-09,Madera,039,155013,16934,16744,965,17709,241
2021-07-09,Marin,041,260295,14370,14194,268,14462,233
2021-07-09,Mariposa,043,17540,445,442,11,453,5
2021-07-09,Mendocino,045,87422,4263,4153,87,4240,49
2021-07-09,Merced,047,269075,31428,31328,1071,32399,470
2021-07-09,Modoc,049,8938,421,410,149,559,4
2021-07-09,Mono,051,14174,1270,1275,18,1293,3
2021-07-09,Monterey,053,433212,43534,43251,1917,45168,499
2021-07-09,Napa,055,140530,10129,10077,41,10118,81
2021-07-09,Nevada,057,99092,5090,5000,196,5196,72
2021-07-09,Orange,059,3164182,258638,256438,11747,268185,5135
2021-07-09,Placer,061,380077,24249,23916,1627,25543,302
2021-07-09,Plumas,063,18699,730,717,14,731,4
2021-07-09,Riverside,065,2383286,297621,293474,14323,307797,4541
2021-07-09,Sacramento,067,1510023,110366,109091,1925,111016,1682
2021-07-09,San Benito,069,59416,6174,6141,116,6257,63
2021-07-09,San Bernardino,071,2135413,296594,294932,9162,304094,5117
2021-07-09,San Diego,073,3302833,285866,283577,15819,299396,3783
2021-07-09,San Francisco,075,870044,37920,37338,1354,38692,559
2021-07-09,San Joaquin,077,732212,74890,74150,3754,77904,1412
2021-07-09,San Luis Obispo,079,281455,21672,21375,773,22148,258
2021-07-09,San Mateo,081,765935,43327,42948,504,43452,542
2021-07-09,Santa Barbara,083,443738,34776,34595,1217,35812,460
2021-07-09,Santa Clara,085,1922200,120463,119330,797,120127,2094
2021-07-09,Santa Cruz,087,273765,16419,16286,822,17108,207
2021-07-09,Shasta,089,179085,12697,12623,1669,14292,206
2021-07-09,Sierra,091,2930,66,61,12,73,0
2021-07-09,Siskiyou,093,43540,1998,1909,400,2309,29
2021-07-09,Solano,095,438530,34034,33678,606,34284,268
2021-07-09,Sonoma,097,501317,31512,31231,374,31605,317
2021-07-09,Stanislaus,099,539301,57445,57104,6103,63207,1026
2021-07-09,Sutter,101,95872,9789,9692,93,9785,114
2021-07-09,Tehama,103,63373,5186,5131,606,5737,63
2021-07-09,Trinity,105,12862,496,341,101,442,3
2021-07-09,Tulare,107,460477,50624,49850,9281,59131,853
2021-07-09,Tuolumne,109,53932,4109,4114,42,4156,64
2021-07-09,Ventura,111,848112,82420,81713,3190,84903,1039
2021-07-09,Yolo,113,214977,14358,14250,390,14640,213
2021-07-09,Yuba,115,75493,6323,6238,133,6371,52
2021-07-08,Alameda,001,1643700,91038,90090,2051,92141,1252
2021-07-08,Alpine,003,1148,88,89,0,89,0
2021-07-08,Amador,005,37829,3787,3773,34,3807,47
2021-07-08,Butte,007,227075,12906,12764,1908,14672,202
2021-07-08,Calaveras,009,45235,2241,2214,14,2228,57
2021-07-08,Colusa,011,21464,1985,1969,331,2300,16
2021-07-08,Contra Costa,013,1133247,72232,71376,1367,72743,821
2021-07-08,Del Norte,015,27424,1493,1451,13,1464,8
2021-07-08,El Dorado,017,186661,10643,10508,780,11288,114
2021-07-08,Fresno,019,978130,103979,102675,8904,111579,1730
2021-07-08,Glenn,021,27897,2466,2440,577,3017,20
2021-07-08,Humboldt,023,135768,4627,4574,54,4628,51
2021-07-08,Imperial,025,180216,28914,28729,2958,31687,741
2021-07-08,Inyo,027,18085,1416,1415,12,1427,36
2021-07-08,Kern,029,883053,98316,97538,11308,108846,1346
2021-07-08,Kings,031,150075,23390,23090,1125,24215,246
2021-07-08,Lake,033,64148,3733,3667,13,3680,63
2021-07-08,Lassen,035,31185,5311,5290,119,5409,21
2021-07-08,Los Angeles,037,10098052,1220470,1212043,42991,1255034,24542
2021-07-08,Madera,039,155013,16918,16744,965,17709,241
2021-07-08,Marin,041,260295,14356,14194,268,14462,233
2021-07-08,Mariposa,043,17540,444,442,11,453,5
2021-07-08,Mendocino,045,87422,4260,4153,87,4240,49
2021-07-08,Merced,047,269075,31414,31328,1069,32397,470
2021-07-08,Modoc,049,8938,421,410,149,559,4
2021-07-08,Mono,051,14174,1270,1275,18,1293,3
2021-07-08,Monterey,053,433212,43514,43251,1911,45162,499
2021-07-08,Napa,055,140530,10125,10077,41,10118,81
2021-07-08,Nevada,057,99092,5084,5000,196,5196,72
2021-07-08,Orange,059,3164182,258443,256438,11726,268164,5135
2021-07-08,Placer,061,380077,24210,23916,1619,25535,302
2021-07-08,Plumas,063,18699,729,717,14,731,4
2021-07-08,Riverside,065,2383286,297420,293474,14307,307781,4541
2021-07-08,Sacramento,067,1510023,110144,109091,1918,111009,1682
2021-07-08,San Benito,069,59416,6171,6141,116,6257,63
2021-07-08,San Bernardino,071,2135413,296418,294932,9153,304085,5117
2021-07-08,San Diego,073,3302833,285539,283577,15771,299348,3783
2021-07-08,San Francisco,075,870044,37840,37338,1350,38688,559
2021-07-08,San Joaquin,077,732212,74802,74150,3741,77891,1412
2021-07-08,San Luis Obispo,079,281455,21660,21375,770,22145,258
2021-07-08,San Mateo,081,765935,43276,42948,503,43451,542
2021-07-08,Santa Barbara,083,443738,34749,34595,1215,35810,460
2021-07-08,Santa Clara,085,1922200,120370,119330,796,120126,2094
2021-07-08,Santa Cruz,087,273765,16413,16286,822,17108,207
2021-07-08,Shasta,089,179085,12691,12623,1665,14288,206
2021-07-08,Sierra,091,2930,66,61,12,73,0
2021-07-08,Siskiyou,093,43540,1993,1909,397,2306,29
2021-07-08,Solano,095,438530,33979,33678,600,34278,268
2021-07-08,Sonoma,097,501317,31481,31231,373,31604,317
2021-07-08,Stanislaus,099,539301,57419,57104,6099,63203,1026
2021-07-08,Sutter,101,95872,9775,9692,91,9783,114
2021-07-08,Tehama,103,63373,5183,5131,605,5736,63
2021-07-08,Trinity,105,12862,496,341,101,442,3
2021-07-08,Tulare,107,460477,50606,49850,9273,59123,853
2021-07-08,Tuolumne,109,53932,4107,4114,42,4156,64
2021-07-08,Ventura,111,848112,82355,81713,3174,84887,1039
2021-07-08,Yolo,113,214977,14339,14250,388,14638,213
2021-07-08,Yuba,115,75493,6315,6238,133,6371,52
2021-07-07,Alameda,001,1643700,90853,89995,2045,92040,1253
2021-07-07,Alpine,003,1148,88,89,0,89,0
2021-07-07,Amador,005,37829,3782,3770,34,3804,47
2021-07-07,Butte,007,227075,12893,12750,1903,14653,202
2021-07-07,Calaveras,009,45235,2234,2212,14,2226,57
2021-07-07,Colusa,011,21464,1981,1969,331,2300,16
2021-07-07,Contra Costa,013,1133247,72086,71308,1365,72673,821
2021-07-07,Del Norte,015,27424,1488,1446,13,1459,8
2021-07-07,El Dorado,017,186661,10623,10494,778,11272,114
2021-07-07,Fresno,019,978130,103929,102639,8897,111536,1729
2021-07-07,Glenn,021,27897,2466,2441,577,3018,20
2021-07-07,Humboldt,023,135768,4613,4566,54,4620,51
2021-07-07,Imperial,025,180216,28907,28701,2958,31659,740
2021-07-07,Inyo,027,18085,1415,1415,12,1427,36
2021-07-07,Kern,029,883053,98272,97507,11293,108800,1348
2021-07-07,Kings,031,150075,23377,23085,1122,24207,245
2021-07-07,Lake,033,64148,3714,3660,13,3673,63
2021-07-07,Lassen,035,31185,5311,5286,119,5405,21
2021-07-07,Los Angeles,037,10098052,1219291,1211316,42885,1254201,24531
2021-07-07,Madera,039,155013,16907,16733,963,17696,241
2021-07-07,Marin,041,260295,14337,14183,267,14450,233
2021-07-07,Mariposa,043,17540,442,442,11,453,5
2021-07-07,Mendocino,045,87422,4251,4145,87,4232,49
2021-07-07,Merced,047,269075,31399,31317,1069,32386,470
2021-07-07,Modoc,049,8938,421,410,149,559,4
2021-07-07,Mono,051,14174,1269,1274,18,1292,3
2021-07-07,Monterey,053,433212,43489,43233,1909,45142,494
2021-07-07,Napa,055,140530,10114,10078,41,10119,81
2021-07-07,Nevada,057,99092,5077,4996,196,5192,72
2021-07-07,Orange,059,3164182,258217,256301,11704,268005,5132
2021-07-07,Placer,061,380077,24174,23901,1609,25510,302
2021-07-07,Plumas,063,18699,729,710,14,724,4
2021-07-07,Riverside,065,2383286,297205,293331,14297,307628,4538
2021-07-07,Sacramento,067,1510023,109953,108954,1910,110864,1682
2021-07-07,San Benito,069,59416,6166,6137,116,6253,63
2021-07-07,San Bernardino,071,2135413,296250,294787,9146,303933,5087
2021-07-07,San Diego,073,3302833,285220,283377,15731,299108,3782
2021-07-07,San Francisco,075,870044,37748,37284,1347,38631,558
2021-07-07,San Joaquin,077,732212,74726,74095,3725,77820,1410
2021-07-07,San Luis Obispo,079,281455,21651,21360,768,22128,258
2021-07-07,San Mateo,081,765935,43221,42908,500,43408,542
2021-07-07,Santa Barbara,083,443738,34723,34582,1215,35797,460
2021-07-07,Santa Clara,085,1922200,120272,119250,795,120045,2094
2021-07-07,Santa Cruz,087,273765,16404,16279,821,17100,207
2021-07-07,Shasta,089,179085,12683,12613,1662,14275,206
2021-07-07,Sierra,091,2930,66,60,12,72,0
2021-07-07,Siskiyou,093,43540,1987,1908,393,2301,29
2021-07-07,Solano,095,438530,33930,33659,593,34252,268
2021-07-07,Sonoma,097,501317,31435,31172,373,31545,316
2021-07-07,Stanislaus,099,539301,57387,57102,6094,63196,1028
2021-07-07,Sutter,101,95872,9765,9683,91,9774,114
2021-07-07,Tehama,103,63373,5182,5129,605,5734,63
2021-07-07,Trinity,105,12862,496,341,101,442,3
2021-07-07,Tulare,107,460477,50602,49835,9264,59099,853
2021-07-07,Tuolumne,109,53932,4103,4115,41,4156,64
2021-07-07,Ventura,111,848112,82311,81608,3160,84768,1036
2021-07-07,Yolo,113,214977,14329,14236,385,14621,213
2021-07-07,Yuba,115,75493,6299,6233,133,6366,51
2021-07-06,Alameda,001,1643700,90654,89918,2037,91955,1253
2021-07-06,Alpine,003,1148,88,89,0,89,0
2021-07-06,Amador,005,37829,3781,3768,33,3801,47
2021-07-06,Butte,007,227075,12880,12744,1900,14644,201
2021-07-06,Calaveras,009,45235,2234,2211,14,2225,55
2021-07-06,Colusa,011,21464,1980,1967,328,2295,16
2021-07-06,Contra Costa,013,1133247,71957,71262,1362,72624,820
2021-07-06,Del Norte,015,27424,1484,1445,13,1458,8
2021-07-06,El Dorado,017,186661,10605,10484,777,11261,113
2021-07-06,Fresno,019,978130,103877,102616,8885,111501,1727
2021-07-06,Glenn,021,27897,2465,2438,577,3015,20
2021-07-06,Humboldt,023,135768,4599,4565,53,4618,49
2021-07-06,Imperial,025,180216,28892,28693,2956,31649,739
2021-07-06,Inyo,027,18085,1415,1412,12,1424,36
2021-07-06,Kern,029,883053,98230,97491,11282,108773,1346
2021-07-06,Kings,031,150075,23369,23077,1121,24198,245
2021-07-06,Lake,033,64148,3704,3659,13,3672,63
2021-07-06,Lassen,035,31185,5310,5288,118,5406,21
2021-07-06,Los Angeles,037,10098052,1218073,1210965,42786,1253751,24525
2021-07-06,Madera,039,155013,16895,16730,963,17693,241
2021-07-06,Marin,041,260295,14323,14181,267,14448,233
2021-07-06,Mariposa,043,17540,442,442,11,453,5
2021-07-06,Mendocino,045,87422,4244,4143,87,4230,49
2021-07-06,Merced,047,269075,31382,31317,1068,32385,470
2021-07-06,Modoc,049,8938,421,411,149,560,4
2021-07-06,Mono,051,14174,1268,1274,18,1292,3
2021-07-06,Monterey,053,433212,43467,43224,1908,45132,494
2021-07-06,Napa,055,140530,10103,10081,41,10122,81
2021-07-06,Nevada,057,99092,5068,4988,196,5184,72
2021-07-06,Orange,059,3164182,257973,256227,11687,267914,5129
2021-07-06,Placer,061,380077,24133,23876,1603,25479,302
2021-07-06,Plumas,063,18699,728,708,14,722,4
2021-07-06,Riverside,065,2383286,297002,293227,14279,307506,4539
2021-07-06,Sacramento,067,1510023,109742,108850,1902,110752,1679
2021-07-06,San Benito,069,59416,6162,6137,116,6253,63
2021-07-06,San Bernardino,071,2135413,296071,294712,9133,303845,5056
2021-07-06,San Diego,073,3302833,284865,283278,15672,298950,3782
2021-07-06,San Francisco,075,870044,37631,37251,1346,38597,558
2021-07-06,San Joaquin,077,732212,74656,74019,3713,77732,1410
2021-07-06,San Luis Obispo,079,281455,21634,21354,767,22121,257
2021-07-06,San Mateo,081,765935,43146,42895,500,43395,541
2021-07-06,Santa Barbara,083,443738,34704,34572,1213,35785,460
2021-07-06,Santa Clara,085,1922200,120154,119194,792,119986,2095
2021-07-06,Santa Cruz,087,273765,16399,16274,820,17094,207
2021-07-06,Shasta,089,179085,12673,12606,1660,14266,205
2021-07-06,Sierra,091,2930,65,60,12,72,0
2021-07-06,Siskiyou,093,43540,1984,1905,389,2294,29
2021-07-06,Solano,095,438530,33879,33619,590,34209,268
2021-07-06,Sonoma,097,501317,31372,31130,372,31502,316
2021-07-06,Stanislaus,099,539301,57339,57120,6082,63202,1029
2021-07-06,Sutter,101,95872,9756,9674,90,9764,114
2021-07-06,Tehama,103,63373,5179,5126,604,5730,63
2021-07-06,Trinity,105,12862,496,341,101,442,3
2021-07-06,Tulare,107,460477,50587,49826,9253,59079,853
2021-07-06,Tuolumne,109,53932,4101,4113,41,4154,64
2021-07-06,Ventura,111,848112,82271,81534,3134,84668,1033
2021-07-06,Yolo,113,214977,14307,14227,382,14609,213
2021-07-06,Yuba,115,75493,6288,6231,133,6364,51
2021-07-05,Alameda,001,1643700,90476,89892,2032,91924,1253
2021-07-05,Alpine,003,1148,88,89,0,89,0
2021-07-05,Amador,005,37829,3779,3768,33,3801,47
2021-07-05,Butte,007,227075,12872,12740,1890,14630,201
2021-07-05,Calaveras,009,45235,2232,2211,14,2225,55
2021-07-05,Colusa,011,21464,1978,1966,327,2293,16
2021-07-05,Contra Costa,013,1133247,71829,71235,1362,72597,820
2021-07-05,Del Norte,015,27424,1480,1446,13,1459,8
2021-07-05,El Dorado,017,186661,10580,10481,777,11258,113
2021-07-05,Fresno,019,978130,103819,102592,8870,111462,1727
2021-07-05,Glenn,021,27897,2462,2438,576,3014,20
2021-07-05,Humboldt,023,135768,4585,4563,53,4616,49
2021-07-05,Imperial,025,180216,28873,28689,2955,31644,739
2021-07-05,Inyo,027,18085,1415,1412,12,1424,36
2021-07-05,Kern,029,883053,98183,97479,11261,108740,1346
2021-07-05,Kings,031,150075,23361,23065,1118,24183,245
2021-07-05,Lake,033,64148,3686,3645,13,3658,63
2021-07-05,Lassen,035,31185,5307,5288,117,5405,21
2021-07-05,Los Angeles,037,10098052,1216881,1210653,42683,1253336,24522
2021-07-05,Madera,039,155013,16884,16722,962,17684,241
2021-07-05,Marin,041,260295,14302,14178,267,14445,233
2021-07-05,Mariposa,043,17540,442,441,11,452,5
2021-07-05,Mendocino,045,87422,4239,4139,86,4225,49
2021-07-05,Merced,047,269075,31362,31312,1068,32380,470
2021-07-05,Modoc,049,8938,421,410,149,559,4
2021-07-05,Mono,051,14174,1268,1273,18,1291,3
2021-07-05,Monterey,053,433212,43447,43218,1903,45121,494
2021-07-05,Napa,055,140530,10097,10074,41,10115,81
2021-07-05,Nevada,057,99092,5050,4980,195,5175,72
2021-07-05,Orange,059,3164182,257772,256173,11669,267842,5129
2021-07-05,Placer,061,380077,24086,23867,1595,25462,302
2021-07-05,Plumas,063,18699,727,708,14,722,4
2021-07-05,Riverside,065,2383286,296810,293193,14267,307460,4539
2021-07-05,Sacramento,067,1510023,109559,108758,1893,110651,1679
2021-07-05,San Benito,069,59416,6155,6137,116,6253,63
2021-07-05,San Bernardino,071,2135413,295909,294647,9126,303773,5037
2021-07-05,San Diego,073,3302833,284502,282834,15628,298462,3782
2021-07-05,San Francisco,075,870044,37545,37237,1341,38578,558
2021-07-05,San Joaquin,077,732212,74586,73999,3708,77707,1410
2021-07-05,San Luis Obispo,079,281455,21621,21351,766,22117,257
2021-07-05,San Mateo,081,765935,43094,42876,497,43373,541
2021-07-05,Santa Barbara,083,443738,34684,34569,1213,35782,460
2021-07-05,Santa Clara,085,1922200,120048,119184,790,119974,2095
2021-07-05,Santa Cruz,087,273765,16390,16273,819,17092,208
2021-07-05,Shasta,089,179085,12664,12603,1658,14261,205
2021-07-05,Sierra,091,2930,65,60,12,72,0
2021-07-05,Siskiyou,093,43540,1982,1904,388,2292,29
2021-07-05,Solano,095,438530,33809,33612,584,34196,268
2021-07-05,Sonoma,097,501317,31319,31116,372,31488,316
2021-07-05,Stanislaus,099,539301,57309,57109,6072,63181,1029
2021-07-05,Sutter,101,95872,9744,9667,90,9757,114
2021-07-05,Tehama,103,63373,5178,5125,604,5729,63
2021-07-05,Trinity,105,12862,495,341,100,441,3
2021-07-05,Tulare,107,460477,50569,49818,9250,59068,853
2021-07-05,Tuolumne,109,53932,4097,4112,41,4153,64
2021-07-05,Ventura,111,848112,82220,81519,3115,84634,1033
2021-07-05,Yolo,113,214977,14288,14225,374,14599,213
2021-07-05,Yuba,115,75493,6280,6223,133,6356,51
2021-07-04,Alameda,001,1643700,90311,89683,2029,91712,1253
2021-07-04,Alpine,003,1148,88,89,0,89,0
2021-07-04,Amador,005,37829,3778,3758,33,3791,46
2021-07-04,Butte,007,227075,12862,12684,1890,14574,201
2021-07-04,Calaveras,009,45235,2228,2200,14,2214,55
2021-07-04,Colusa,011,21464,1978,1969,327,2296,15
2021-07-04,Contra Costa,013,1133247,71723,70941,1357,72298,818
2021-07-04,Del Norte,015,27424,1477,1439,13,1452,8
2021-07-04,El Dorado,017,186661,10571,10433,776,11209,113
2021-07-04,Fresno,019,978130,103773,102512,8853,111365,1727
2021-07-04,Glenn,021,27897,2460,2442,575,3017,20
2021-07-04,Humboldt,023,135768,4577,4530,53,4583,49
2021-07-04,Imperial,025,180216,28867,28661,2955,31616,739
2021-07-04,Inyo,027,18085,1415,1412,12,1424,35
2021-07-04,Kern,029,883053,98164,97421,11252,108673,1347
2021-07-04,Kings,031,150075,23353,23051,1118,24169,245
2021-07-04,Lake,033,64148,3676,3623,13,3636,62
2021-07-04,Lassen,035,31185,5306,5277,117,5394,20
2021-07-04,Los Angeles,037,10098052,1216024,1208705,42595,1251300,24506
2021-07-04,Madera,039,155013,16872,16696,960,17656,240
2021-07-04,Marin,041,260295,14287,14143,267,14410,233
2021-07-04,Mariposa,043,17540,442,441,11,452,5
2021-07-04,Mendocino,045,87422,4229,4122,86,4208,49
2021-07-04,Merced,047,269075,31351,31297,1068,32365,469
2021-07-04,Modoc,049,8938,421,410,149,559,4
2021-07-04,Mono,051,14174,1268,1275,18,1293,3
2021-07-04,Monterey,053,433212,43431,43212,1902,45114,492
2021-07-04,Napa,055,140530,10089,10045,40,10085,81
2021-07-04,Nevada,057,99092,5040,4966,195,5161,72
2021-07-04,Orange,059,3164182,257597,255823,11648,267471,5126
2021-07-04,Placer,061,380077,24049,23764,1588,25352,299
2021-07-04,Plumas,063,18699,727,707,14,721,4
2021-07-04,Riverside,065,2383286,296650,293260,14261,307521,4536
2021-07-04,Sacramento,067,1510023,109389,108257,1887,110144,1676
2021-07-04,San Benito,069,59416,6148,6108,116,6224,63
2021-07-04,San Bernardino,071,2135413,295742,294294,9119,303413,5003
2021-07-04,San Diego,073,3302833,284278,282692,15590,298282,3780
2021-07-04,San Francisco,075,870044,37487,37107,1335,38442,558
2021-07-04,San Joaquin,077,732212,74520,73841,3700,77541,1409
2021-07-04,San Luis Obispo,079,281455,21615,21330,765,22095,256
2021-07-04,San Mateo,081,765935,43060,42691,497,43188,541
2021-07-04,Santa Barbara,083,443738,34661,34526,1212,35738,456
2021-07-04,Santa Clara,085,1922200,119958,118966,789,119755,2090
2021-07-04,Santa Cruz,087,273765,16379,16254,819,17073,208
2021-07-04,Shasta,089,179085,12660,12582,1657,14239,204
2021-07-04,Sierra,091,2930,64,60,12,72,0
2021-07-04,Siskiyou,093,43540,1978,1899,387,2286,29
2021-07-04,Solano,095,438530,33768,33486,582,34068,268
2021-07-04,Sonoma,097,501317,31289,31000,371,31371,316
2021-07-04,Stanislaus,099,539301,57294,57018,6066,63084,1018
2021-07-04,Sutter,101,95872,9733,9644,90,9734,114
2021-07-04,Tehama,103,63373,5174,5124,604,5728,63
2021-07-04,Trinity,105,12862,494,341,100,441,3
2021-07-04,Tulare,107,460477,50559,49789,9247,59036,853
2021-07-04,Tuolumne,109,53932,4089,4113,41,4154,64
2021-07-04,Ventura,111,848112,82162,81425,3104,84529,1033
2021-07-04,Yolo,113,214977,14268,14188,371,14559,213
2021-07-04,Yuba,115,75493,6272,6197,133,6330,51
2021-07-03,Alameda,001,1643700,90222,89683,2021,91704,1253
2021-07-03,Alpine,003,1148,88,89,0,89,0
2021-07-03,Amador,005,37829,3778,3758,33,3791,46
2021-07-03,Butte,007,227075,12858,12684,1889,14573,201
2021-07-03,Calaveras,009,45235,2226,2200,14,2214,55
2021-07-03,Colusa,011,21464,1977,1969,327,2296,15
2021-07-03,Contra Costa,013,1133247,71664,70941,1354,72295,818
2021-07-03,Del Norte,015,27424,1474,1439,13,1452,8
2021-07-03,El Dorado,017,186661,10564,10433,774,11207,113
2021-07-03,Fresno,019,978130,103748,102512,8844,111356,1727
2021-07-03,Glenn,021,27897,2460,2442,575,3017,20
2021-07-03,Humboldt,023,135768,4572,4530,53,4583,49
2021-07-03,Imperial,025,180216,28857,28661,2955,31616,739
2021-07-03,Inyo,027,18085,1415,1412,12,1424,35
2021-07-03,Kern,029,883053,98144,97421,11244,108665,1347
2021-07-03,Kings,031,150075,23353,23051,1117,24168,245
2021-07-03,Lake,033,64148,3666,3623,13,3636,62
2021-07-03,Lassen,035,31185,5305,5277,117,5394,20
2021-07-03,Los Angeles,037,10098052,1215596,1208705,42565,1251270,24506
2021-07-03,Madera,039,155013,16863,16696,957,17653,240
2021-07-03,Marin,041,260295,14283,14143,267,14410,233
2021-07-03,Mariposa,043,17540,442,441,11,452,5
2021-07-03,Mendocino,045,87422,4228,4122,86,4208,49
2021-07-03,Merced,047,269075,31338,31297,1067,32364,469
2021-07-03,Modoc,049,8938,420,410,149,559,4
2021-07-03,Mono,051,14174,1267,1275,18,1293,3
2021-07-03,Monterey,053,433212,43419,43212,1899,45111,492
2021-07-03,Napa,055,140530,10084,10045,40,10085,81
2021-07-03,Nevada,057,99092,5026,4966,195,5161,72
2021-07-03,Orange,059,3164182,257513,255823,11641,267464,5126
2021-07-03,Placer,061,380077,24030,23764,1585,25349,299
2021-07-03,Plumas,063,18699,727,707,14,721,4
2021-07-03,Riverside,065,2383286,296558,293260,14257,307517,4536
2021-07-03,Sacramento,067,1510023,109315,108257,1884,110141,1676
2021-07-03,San Benito,069,59416,6141,6108,116,6224,63
2021-07-03,San Bernardino,071,2135413,295652,294294,9116,303410,5003
2021-07-03,San Diego,073,3302833,284147,282692,15571,298263,3780
2021-07-03,San Francisco,075,870044,37446,37107,1332,38439,558
2021-07-03,San Joaquin,077,732212,74484,73841,3695,77536,1409
2021-07-03,San Luis Obispo,079,281455,21603,21330,765,22095,256
2021-07-03,San Mateo,081,765935,43035,42691,496,43187,541
2021-07-03,Santa Barbara,083,443738,34652,34526,1211,35737,456
2021-07-03,Santa Clara,085,1922200,119911,118966,789,119755,2090
2021-07-03,Santa Cruz,087,273765,16372,16254,819,17073,208
2021-07-03,Shasta,089,179085,12656,12582,1655,14237,204
2021-07-03,Sierra,091,2930,64,60,12,72,0
2021-07-03,Siskiyou,093,43540,1977,1899,386,2285,29
2021-07-03,Solano,095,438530,33724,33486,582,34068,268
2021-07-03,Sonoma,097,501317,31255,31000,371,31371,316
2021-07-03,Stanislaus,099,539301,57283,57018,6058,63076,1018
2021-07-03,Sutter,101,95872,9723,9644,90,9734,114
2021-07-03,Tehama,103,63373,5172,5124,604,5728,63
2021-07-03,Trinity,105,12862,494,341,100,441,3
2021-07-03,Tulare,107,460477,50553,49789,9241,59030,853
2021-07-03,Tuolumne,109,53932,4088,4113,41,4154,64
2021-07-03,Ventura,111,848112,82132,81425,3096,84521,1033
2021-07-03,Yolo,113,214977,14258,14188,368,14556,213
2021-07-03,Yuba,115,75493,6266,6197,133,6330,51
2021-07-02,Alameda,001,1643700,90140,89683,2020,91703,1253
2021-07-02,Alpine,003,1148,88,89,0,89,0
2021-07-02,Amador,005,37829,3776,3758,33,3791,46
2021-07-02,Butte,007,227075,12851,12684,1889,14573,201
2021-07-02,Calaveras,009,45235,2224,2200,14,2214,55
2021-07-02,Colusa,011,21464,1976,1969,326,2295,15
2021-07-02,Contra Costa,013,1133247,71594,70941,1350,72291,818
2021-07-02,Del Norte,015,27424,1474,1439,13,1452,8
2021-07-02,El Dorado,017,186661,10556,10433,774,11207,113
2021-07-02,Fresno,019,978130,103719,102512,8838,111350,1727
2021-07-02,Glenn,021,27897,2459,2442,574,3016,20
2021-07-02,Humboldt,023,135768,4569,4530,52,4582,49
2021-07-02,Imperial,025,180216,28851,28661,2954,31615,739
2021-07-02,Inyo,027,18085,1415,1412,12,1424,35
2021-07-02,Kern,029,883053,98126,97421,11235,108656,1347
2021-07-02,Kings,031,150075,23343,23051,1117,24168,245
2021-07-02,Lake,033,64148,3660,3623,13,3636,62
2021-07-02,Lassen,035,31185,5305,5277,117,5394,20
2021-07-02,Los Angeles,037,10098052,1215122,1208705,42526,1251231,24506
2021-07-02,Madera,039,155013,16854,16696,956,17652,240
2021-07-02,Marin,041,260295,14278,14143,267,14410,233
2021-07-02,Mariposa,043,17540,442,441,11,452,5
2021-07-02,Mendocino,045,87422,4224,4122,85,4207,49
2021-07-02,Merced,047,269075,31329,31297,1067,32364,469
2021-07-02,Modoc,049,8938,420,410,149,559,4
2021-07-02,Mono,051,14174,1266,1275,18,1293,3
2021-07-02,Monterey,053,433212,43411,43212,1898,45110,492
2021-07-02,Napa,055,140530,10079,10045,40,10085,81
2021-07-02,Nevada,057,99092,5017,4966,195,5161,72
2021-07-02,Orange,059,3164182,257402,255823,11634,267457,5126
2021-07-02,Placer,061,380077,24013,23764,1578,25342,299
2021-07-02,Plumas,063,18699,727,707,14,721,4
2021-07-02,Riverside,065,2383286,296461,293260,14252,307512,4536
2021-07-02,Sacramento,067,1510023,109237,108257,1883,110140,1676
2021-07-02,San Benito,069,59416,6138,6108,116,6224,63
2021-07-02,San Bernardino,071,2135413,295565,294294,9114,303408,5003
2021-07-02,San Diego,073,3302833,284002,282692,15545,298237,3780
2021-07-02,San Francisco,075,870044,37398,37107,1330,38437,558
2021-07-02,San Joaquin,077,732212,74451,73841,3689,77530,1409
2021-07-02,San Luis Obispo,079,281455,21597,21330,764,22094,256
2021-07-02,San Mateo,081,765935,42999,42691,496,43187,541
2021-07-02,Santa Barbara,083,443738,34642,34526,1211,35737,456
2021-07-02,Santa Clara,085,1922200,119833,118966,789,119755,2090
2021-07-02,Santa Cruz,087,273765,16368,16254,819,17073,208
2021-07-02,Shasta,089,179085,12652,12582,1655,14237,204
2021-07-02,Sierra,091,2930,63,60,12,72,0
2021-07-02,Siskiyou,093,43540,1974,1899,385,2284,29
2021-07-02,Solano,095,438530,33699,33486,582,34068,268
2021-07-02,Sonoma,097,501317,31232,31000,371,31371,316
2021-07-02,Stanislaus,099,539301,57268,57018,6057,63075,1018
2021-07-02,Sutter,101,95872,9719,9644,90,9734,114
2021-07-02,Tehama,103,63373,5170,5124,602,5726,63
2021-07-02,Trinity,105,12862,494,341,100,441,3
2021-07-02,Tulare,107,460477,50543,49789,9233,59022,853
2021-07-02,Tuolumne,109,53932,4085,4113,41,4154,64
2021-07-02,Ventura,111,848112,82089,81425,3088,84513,1033
2021-07-02,Yolo,113,214977,14242,14188,366,14554,213
2021-07-02,Yuba,115,75493,6258,6197,133,6330,51
2021-07-01,Alameda,001,1643700,90040,89683,2018,91701,1253
2021-07-01,Alpine,003,1148,88,89,0,89,0
2021-07-01,Amador,005,37829,3775,3758,33,3791,46
2021-07-01,Butte,007,227075,12839,12684,1887,14571,201
2021-07-01,Calaveras,009,45235,2222,2200,14,2214,55
2021-07-01,Colusa,011,21464,1976,1969,324,2293,15
2021-07-01,Contra Costa,013,1133247,71522,70941,1350,72291,818
2021-07-01,Del Norte,015,27424,1473,1439,13,1452,8
2021-07-01,El Dorado,017,186661,10544,10433,774,11207,113
2021-07-01,Fresno,019,978130,103680,102512,8833,111345,1727
2021-07-01,Glenn,021,27897,2459,2442,574,3016,20
2021-07-01,Humboldt,023,135768,4567,4530,52,4582,49
2021-07-01,Imperial,025,180216,28834,28661,2954,31615,739
2021-07-01,Inyo,027,18085,1415,1412,12,1424,35
2021-07-01,Kern,029,883053,98100,97421,11225,108646,1347
2021-07-01,Kings,031,150075,23329,23051,1117,24168,245
2021-07-01,Lake,033,64148,3657,3623,13,3636,62
2021-07-01,Lassen,035,31185,5303,5277,117,5394,20
2021-07-01,Los Angeles,037,10098052,1214523,1208705,42470,1251175,24506
2021-07-01,Madera,039,155013,16845,16696,955,17651,240
2021-07-01,Marin,041,260295,14274,14143,267,14410,233
2021-07-01,Mariposa,043,17540,442,441,11,452,5
2021-07-01,Mendocino,045,87422,4220,4122,84,4206,49
2021-07-01,Merced,047,269075,31323,31297,1067,32364,469
2021-07-01,Modoc,049,8938,420,410,149,559,4
2021-07-01,Mono,051,14174,1265,1275,18,1293,3
2021-07-01,Monterey,053,433212,43403,43212,1894,45106,492
2021-07-01,Napa,055,140530,10072,10045,40,10085,81
2021-07-01,Nevada,057,99092,5012,4966,195,5161,72
2021-07-01,Orange,059,3164182,257281,255823,11615,267438,5126
2021-07-01,Placer,061,380077,23994,23764,1575,25339,299
2021-07-01,Plumas,063,18699,724,707,12,719,4
2021-07-01,Riverside,065,2383286,296352,293260,14244,307504,4536
2021-07-01,Sacramento,067,1510023,109111,108257,1876,110133,1676
2021-07-01,San Benito,069,59416,6134,6108,116,6224,63
2021-07-01,San Bernardino,071,2135413,295445,294294,9109,303403,5003
2021-07-01,San Diego,073,3302833,283824,282692,15508,298200,3780
2021-07-01,San Francisco,075,870044,37362,37107,1328,38435,558
2021-07-01,San Joaquin,077,732212,74400,73841,3685,77526,1409
2021-07-01,San Luis Obispo,079,281455,21582,21330,763,22093,256
2021-07-01,San Mateo,081,765935,42971,42691,495,43186,541
2021-07-01,Santa Barbara,083,443738,34629,34526,1211,35737,456
2021-07-01,Santa Clara,085,1922200,119784,118966,789,119755,2090
2021-07-01,Santa Cruz,087,273765,16363,16254,819,17073,208
2021-07-01,Shasta,089,179085,12644,12582,1654,14236,204
2021-07-01,Sierra,091,2930,63,60,12,72,0
2021-07-01,Siskiyou,093,43540,1974,1899,385,2284,29
2021-07-01,Solano,095,438530,33658,33486,581,34067,268
2021-07-01,Sonoma,097,501317,31188,31000,371,31371,316
2021-07-01,Stanislaus,099,539301,57252,57018,6053,63071,1018
2021-07-01,Sutter,101,95872,9710,9644,90,9734,114
2021-07-01,Tehama,103,63373,5170,5124,601,5725,63
2021-07-01,Trinity,105,12862,494,341,100,441,3
2021-07-01,Tulare,107,460477,50534,49789,9226,59015,853
2021-07-01,Tuolumne,109,53932,4078,4113,41,4154,64
2021-07-01,Ventura,111,848112,82058,81425,3077,84502,1033
2021-07-01,Yolo,113,214977,14227,14188,364,14552,213
2021-07-01,Yuba,115,75493,6251,6197,133,6330,51
2021-06-30,Alameda,001,1643700,89961,89597,2013,91610,1256
2021-06-30,Alpine,003,1148,88,89,0,89,0
2021-06-30,Amador,005,37829,3773,3756,33,3789,46
2021-06-30,Butte,007,227075,12832,12676,1878,14554,201
2021-06-30,Calaveras,009,45235,2216,2198,14,2212,55
2021-06-30,Colusa,011,21464,1974,1967,321,2288,15
2021-06-30,Contra Costa,013,1133247,71457,70869,1347,72216,818
2021-06-30,Del Norte,015,27424,1468,1435,13,1448,8
2021-06-30,El Dorado,017,186661,10525,10420,774,11194,113
2021-06-30,Fresno,019,978130,103643,102490,8830,111320,1727
2021-06-30,Glenn,021,27897,2457,2440,574,3014,20
2021-06-30,Humboldt,023,135768,4551,4522,50,4572,49
2021-06-30,Imperial,025,180216,28826,28651,2954,31605,739
2021-06-30,Inyo,027,18085,1415,1409,12,1421,35
2021-06-30,Kern,029,883053,98059,97267,11213,108480,1348
2021-06-30,Kings,031,150075,23324,23038,1116,24154,245
2021-06-30,Lake,033,64148,3644,3601,13,3614,56
2021-06-30,Lassen,035,31185,5298,5269,117,5386,20
2021-06-30,Los Angeles,037,10098052,1213851,1208246,42426,1250672,24499
2021-06-30,Madera,039,155013,16837,16688,953,17641,240
2021-06-30,Marin,041,260295,14265,14133,266,14399,232
2021-06-30,Mariposa,043,17540,441,441,11,452,5
2021-06-30,Mendocino,045,87422,4210,4115,84,4199,49
2021-06-30,Merced,047,269075,31313,31286,1067,32353,469
2021-06-30,Modoc,049,8938,420,410,149,559,4
2021-06-30,Mono,051,14174,1265,1275,18,1293,3
2021-06-30,Monterey,053,433212,43398,43209,1892,45101,492
2021-06-30,Napa,055,140530,10064,10039,40,10079,81
2021-06-30,Nevada,057,99092,5001,4958,195,5153,72
2021-06-30,Orange,059,3164182,257153,255764,11605,267369,5125
2021-06-30,Placer,061,380077,23970,23721,1571,25292,299
2021-06-30,Plumas,063,18699,724,705,12,717,4
2021-06-30,Riverside,065,2383286,296238,293280,14234,307514,4535
2021-06-30,Sacramento,067,1510023,108972,108137,1872,110009,1676
2021-06-30,San Benito,069,59416,6130,6105,116,6221,63
2021-06-30,San Bernardino,071,2135413,295286,294211,9104,303315,4975
2021-06-30,San Diego,073,3302833,283688,282583,15480,298063,3780
2021-06-30,San Francisco,075,870044,37313,37065,1323,38388,558
2021-06-30,San Joaquin,077,732212,74338,73777,3684,77461,1409
2021-06-30,San Luis Obispo,079,281455,21569,21326,762,22088,256
2021-06-30,San Mateo,081,765935,42934,42599,494,43093,537
2021-06-30,Santa Barbara,083,443738,34613,34521,1211,35732,456
2021-06-30,Santa Clara,085,1922200,119737,118930,786,119716,2090
2021-06-30,Santa Cruz,087,273765,16357,16250,819,17069,208
2021-06-30,Shasta,089,179085,12638,12564,1654,14218,204
2021-06-30,Sierra,091,2930,63,60,12,72,0
2021-06-30,Siskiyou,093,43540,1972,1900,382,2282,29
2021-06-30,Solano,095,438530,33619,33453,579,34032,268
2021-06-30,Sonoma,097,501317,31158,30947,371,31318,316
2021-06-30,Stanislaus,099,539301,57235,56997,6052,63049,1018
2021-06-30,Sutter,101,95872,9700,9638,90,9728,114
2021-06-30,Tehama,103,63373,5168,5124,601,5725,63
2021-06-30,Trinity,105,12862,494,341,100,441,3
2021-06-30,Tulare,107,460477,50523,49764,9215,58979,853
2021-06-30,Tuolumne,109,53932,4075,4112,41,4153,64
2021-06-30,Ventura,111,848112,82015,81392,3072,84464,1032
2021-06-30,Yolo,113,214977,14221,14178,361,14539,213
2021-06-30,Yuba,115,75493,6244,6191,133,6324,51
2021-06-29,Alameda,001,1643700,89854,89519,2012,91531,1257
2021-06-29,Alpine,003,1148,88,89,0,89,0
2021-06-29,Amador,005,37829,3769,3754,33,3787,46
2021-06-29,Butte,007,227075,12824,12669,1878,14547,201
2021-06-29,Calaveras,009,45235,2210,2198,14,2212,55
2021-06-29,Colusa,011,21464,1972,1967,321,2288,15
2021-06-29,Contra Costa,013,1133247,71383,70775,1346,72121,817
2021-06-29,Del Norte,015,27424,1467,1435,13,1448,8
2021-06-29,El Dorado,017,186661,10512,10403,770,11173,113
2021-06-29,Fresno,019,978130,103610,102464,8827,111291,1725
2021-06-29,Glenn,021,27897,2456,2439,574,3013,20
2021-06-29,Humboldt,023,135768,4547,4514,49,4563,49
2021-06-29,Imperial,025,180216,28817,28645,2952,31597,737
2021-06-29,Inyo,027,18085,1415,1408,12,1420,35
2021-06-29,Kern,029,883053,98038,97173,11207,108380,1347
2021-06-29,Kings,031,150075,23315,23035,1115,24150,245
2021-06-29,Lake,033,64148,3638,3594,13,3607,56
2021-06-29,Lassen,035,31185,5291,5268,117,5385,20
2021-06-29,Los Angeles,037,10098052,1213242,1207895,42395,1250290,24498
2021-06-29,Madera,039,155013,16833,16680,952,17632,240
2021-06-29,Marin,041,260295,14253,14127,266,14393,232
2021-06-29,Mariposa,043,17540,441,441,11,452,5
2021-06-29,Mendocino,045,87422,4206,4107,83,4190,49
2021-06-29,Merced,047,269075,31301,31277,1067,32344,469
2021-06-29,Modoc,049,8938,419,408,149,557,3
2021-06-29,Mono,051,14174,1265,1275,18,1293,3
2021-06-29,Monterey,053,433212,43388,43196,1890,45086,471
2021-06-29,Napa,055,140530,10058,10033,40,10073,81
2021-06-29,Nevada,057,99092,4994,4952,195,5147,72
2021-06-29,Orange,059,3164182,257053,255686,11590,267276,5124
2021-06-29,Placer,061,380077,23950,23693,1569,25262,299
2021-06-29,Plumas,063,18699,724,704,12,716,4
2021-06-29,Riverside,065,2383286,296139,292962,14227,307189,4524
2021-06-29,Sacramento,067,1510023,108820,108067,1869,109936,1677
2021-06-29,San Benito,069,59416,6119,6099,116,6215,63
2021-06-29,San Bernardino,071,2135413,295174,294118,9102,303220,4940
2021-06-29,San Diego,073,3302833,283533,282499,15453,297952,3780
2021-06-29,San Francisco,075,870044,37275,37041,1320,38361,558
2021-06-29,San Joaquin,077,732212,74290,73724,3681,77405,1409
2021-06-29,San Luis Obispo,079,281455,21559,21324,761,22085,256
2021-06-29,San Mateo,081,765935,42900,42540,494,43034,540
2021-06-29,Santa Barbara,083,443738,34603,34507,1210,35717,455
2021-06-29,Santa Clara,085,1922200,119682,118893,785,119678,2090
2021-06-29,Santa Cruz,087,273765,16351,16249,819,17068,208
2021-06-29,Shasta,089,179085,12626,12564,1653,14217,204
2021-06-29,Sierra,091,2930,63,59,12,71,0
2021-06-29,Siskiyou,093,43540,1969,1897,378,2275,29
2021-06-29,Solano,095,438530,33586,33440,577,34017,268
2021-06-29,Sonoma,097,501317,31116,30950,369,31319,316
2021-06-29,Stanislaus,099,539301,57214,56980,6045,63025,1018
2021-06-29,Sutter,101,95872,9689,9634,90,9724,114
2021-06-29,Tehama,103,63373,5168,5124,601,5725,63
2021-06-29,Trinity,105,12862,494,341,100,441,3
2021-06-29,Tulare,107,460477,50510,49751,9210,58961,852
2021-06-29,Tuolumne,109,53932,4073,4111,41,4152,64
2021-06-29,Ventura,111,848112,81977,81363,3066,84429,1032
2021-06-29,Yolo,113,214977,14209,14171,360,14531,213
2021-06-29,Yuba,115,75493,6234,6188,133,6321,51
2021-06-28,Alameda,001,1643700,89761,89638,2009,91647,1259
2021-06-28,Alpine,003,1148,88,89,0,89,0
2021-06-28,Amador,005,37829,3768,3753,33,3786,46
2021-06-28,Butte,007,227075,12815,12697,1876,14573,198
2021-06-28,Calaveras,009,45235,2207,2203,14,2217,55
2021-06-28,Colusa,011,21464,1970,1974,321,2295,15
2021-06-28,Contra Costa,013,1133247,71309,70807,1344,72151,816
2021-06-28,Del Norte,015,27424,1467,1436,13,1449,8
2021-06-28,El Dorado,017,186661,10502,10422,766,11188,115
2021-06-28,Fresno,019,978130,103580,103121,8825,111946,1727
2021-06-28,Glenn,021,27897,2456,2439,574,3013,20
2021-06-28,Humboldt,023,135768,4540,4520,48,4568,49
2021-06-28,Imperial,025,180216,28809,28981,2951,31932,741
2021-06-28,Inyo,027,18085,1412,1407,12,1419,35
2021-06-28,Kern,029,883053,98019,97252,11202,108454,1348
2021-06-28,Kings,031,150075,23309,23134,1115,24249,246
2021-06-28,Lake,033,64148,3630,3591,13,3604,56
2021-06-28,Lassen,035,31185,5289,5268,117,5385,20
2021-06-28,Los Angeles,037,10098052,1212724,1207714,42359,1250073,24496
2021-06-28,Madera,039,155013,16822,16683,951,17634,240
2021-06-28,Marin,041,260295,14238,14186,266,14452,232
2021-06-28,Mariposa,043,17540,441,440,11,451,5
2021-06-28,Mendocino,045,87422,4197,4102,82,4184,49
2021-06-28,Merced,047,269075,31289,31277,1067,32344,469
2021-06-28,Modoc,049,8938,419,411,148,559,3
2021-06-28,Mono,051,14174,1265,1276,18,1294,3
2021-06-28,Monterey,053,433212,43384,43202,1889,45091,462
2021-06-28,Napa,055,140530,10049,10050,39,10089,81
2021-06-28,Nevada,057,99092,4990,4951,195,5146,72
2021-06-28,Orange,059,3164182,256963,255755,11576,267331,5123
2021-06-28,Placer,061,380077,23930,23756,1564,25320,299
2021-06-28,Plumas,063,18699,722,704,12,716,4
2021-06-28,Riverside,065,2383286,296013,292647,14214,306861,4507
2021-06-28,Sacramento,067,1510023,108688,108342,1864,110206,1675
2021-06-28,San Benito,069,59416,6117,6101,116,6217,63
2021-06-28,San Bernardino,071,2135413,295073,294151,9097,303248,4928
2021-06-28,San Diego,073,3302833,283370,282417,15424,297841,3780
2021-06-28,San Francisco,075,870044,37239,37372,1318,38690,559
2021-06-28,San Joaquin,077,732212,74242,73973,3677,77650,1411
2021-06-28,San Luis Obispo,079,281455,21555,21340,760,22100,256
2021-06-28,San Mateo,081,765935,42866,42927,493,43420,540
2021-06-28,Santa Barbara,083,443738,34596,34534,1208,35742,455
2021-06-28,Santa Clara,085,1922200,119618,120377,784,121161,2103
2021-06-28,Santa Cruz,087,273765,16346,16245,819,17064,208
2021-06-28,Shasta,089,179085,12622,12642,1651,14293,203
2021-06-28,Sierra,091,2930,63,58,12,70,0
2021-06-28,Siskiyou,093,43540,1968,1896,378,2274,29
2021-06-28,Solano,095,438530,33550,33524,575,34099,267
2021-06-28,Sonoma,097,501317,31079,31137,368,31505,315
2021-06-28,Stanislaus,099,539301,57196,57047,6041,63088,1018
2021-06-28,Sutter,101,95872,9685,9682,90,9772,114
2021-06-28,Tehama,103,63373,5166,5122,601,5723,63
2021-06-28,Trinity,105,12862,494,341,100,441,3
2021-06-28,Tulare,107,460477,50500,49751,9206,58957,850
2021-06-28,Tuolumne,109,53932,4066,4121,41,4162,64
2021-06-28,Ventura,111,848112,81920,81393,3061,84454,1032
2021-06-28,Yolo,113,214977,14200,14199,357,14556,213
2021-06-28,Yuba,115,75493,6229,6207,133,6340,51
2021-06-27,Alameda,001,1643700,89675,89611,2004,91615,1259
2021-06-27,Alpine,003,1148,88,89,0,89,0
2021-06-27,Amador,005,37829,3767,3752,33,3785,46
2021-06-27,Butte,007,227075,12806,12696,1875,14571,198
2021-06-27,Calaveras,009,45235,2206,2203,14,2217,55
2021-06-27,Colusa,011,21464,1970,1974,321,2295,15
2021-06-27,Contra Costa,013,1133247,71223,70762,1340,72102,816
2021-06-27,Del Norte,015,27424,1464,1436,13,1449,8
2021-06-27,El Dorado,017,186661,10490,10418,763,11181,115
2021-06-27,Fresno,019,978130,103551,103110,8823,111933,1727
2021-06-27,Glenn,021,27897,2455,2439,573,3012,20
2021-06-27,Humboldt,023,135768,4528,4513,45,4558,49
2021-06-27,Imperial,025,180216,28795,28987,2950,31937,741
2021-06-27,Inyo,027,18085,1412,1407,12,1419,35
2021-06-27,Kern,029,883053,97993,97249,11195,108444,1348
2021-06-27,Kings,031,150075,23299,23132,1115,24247,246
2021-06-27,Lake,033,64148,3623,3581,13,3594,56
2021-06-27,Lassen,035,31185,5288,5265,117,5382,20
2021-06-27,Los Angeles,037,10098052,1212179,1207461,42318,1249779,24493
2021-06-27,Madera,039,155013,16814,16680,951,17631,240
2021-06-27,Marin,041,260295,14229,14182,266,14448,232
2021-06-27,Mariposa,043,17540,441,440,11,451,5
2021-06-27,Mendocino,045,87422,4190,4100,82,4182,49
2021-06-27,Merced,047,269075,31277,31266,1067,32333,469
2021-06-27,Modoc,049,8938,419,411,148,559,3
2021-06-27,Mono,051,14174,1265,1279,18,1297,3
2021-06-27,Monterey,053,433212,43371,43199,1889,45088,462
2021-06-27,Napa,055,140530,10043,10046,39,10085,81
2021-06-27,Nevada,057,99092,4984,4946,195,5141,72
2021-06-27,Orange,059,3164182,256849,255710,11565,267275,5123
2021-06-27,Placer,061,380077,23897,23731,1561,25292,299
2021-06-27,Plumas,063,18699,722,704,12,716,4
2021-06-27,Riverside,065,2383286,295910,292641,14207,306848,4507
2021-06-27,Sacramento,067,1510023,108553,108279,1860,110139,1675
2021-06-27,San Benito,069,59416,6111,6101,116,6217,63
2021-06-27,San Bernardino,071,2135413,294960,294115,9095,303210,4927
2021-06-27,San Diego,073,3302833,283230,282359,15398,297757,3780
2021-06-27,San Francisco,075,870044,37202,37360,1317,38677,559
2021-06-27,San Joaquin,077,732212,74206,73960,3675,77635,1411
2021-06-27,San Luis Obispo,079,281455,21548,21340,759,22099,256
2021-06-27,San Mateo,081,765935,42837,42925,490,43415,539
2021-06-27,Santa Barbara,083,443738,34582,34533,1206,35739,455
2021-06-27,Santa Clara,085,1922200,119567,120352,783,121135,2103
2021-06-27,Santa Cruz,087,273765,16337,16241,819,17060,208
2021-06-27,Shasta,089,179085,12616,12640,1650,14290,203
2021-06-27,Sierra,091,2930,63,58,12,70,0
2021-06-27,Siskiyou,093,43540,1966,1896,377,2273,29
2021-06-27,Solano,095,438530,33522,33516,575,34091,267
2021-06-27,Sonoma,097,501317,31041,31129,368,31497,315
2021-06-27,Stanislaus,099,539301,57157,57021,6038,63059,1018
2021-06-27,Sutter,101,95872,9679,9678,90,9768,114
2021-06-27,Tehama,103,63373,5162,5122,601,5723,63
2021-06-27,Trinity,105,12862,494,341,99,440,3
2021-06-27,Tulare,107,460477,50487,49749,9199,58948,850
2021-06-27,Tuolumne,109,53932,4064,4121,41,4162,64
2021-06-27,Ventura,111,848112,81886,81361,3052,84413,1032
2021-06-27,Yolo,113,214977,14185,14194,353,14547,213
2021-06-27,Yuba,115,75493,6223,6205,133,6338,51
2021-06-26,Alameda,001,1643700,89618,89560,2002,91562,1259
2021-06-26,Alpine,003,1148,88,89,0,89,0
2021-06-26,Amador,005,37829,3767,3748,33,3781,46
2021-06-26,Butte,007,227075,12802,12693,1872,14565,198
2021-06-26,Calaveras,009,45235,2204,2202,14,2216,55
2021-06-26,Colusa,011,21464,1970,1973,321,2294,15
2021-06-26,Contra Costa,013,1133247,71180,70712,1339,72051,816
2021-06-26,Del Norte,015,27424,1463,1432,13,1445,8
2021-06-26,El Dorado,017,186661,10482,10414,762,11176,115
2021-06-26,Fresno,019,978130,103531,103091,8821,111912,1727
2021-06-26,Glenn,021,27897,2453,2441,573,3014,20
2021-06-26,Humboldt,023,135768,4525,4509,45,4554,49
2021-06-26,Imperial,025,180216,28791,28970,2950,31920,741
2021-06-26,Inyo,027,18085,1412,1407,12,1419,35
2021-06-26,Kern,029,883053,97967,97239,11186,108425,1348
2021-06-26,Kings,031,150075,23295,23128,1114,24242,246
2021-06-26,Lake,033,64148,3612,3576,13,3589,56
2021-06-26,Lassen,035,31185,5285,5263,117,5380,20
2021-06-26,Los Angeles,037,10098052,1211874,1207198,42283,1249481,24490
2021-06-26,Madera,039,155013,16807,16679,950,17629,240
2021-06-26,Marin,041,260295,14220,14180,266,14446,232
2021-06-26,Mariposa,043,17540,441,440,11,451,5
2021-06-26,Mendocino,045,87422,4188,4096,82,4178,49
2021-06-26,Merced,047,269075,31271,31259,1066,32325,469
2021-06-26,Modoc,049,8938,419,411,148,559,3
2021-06-26,Mono,051,14174,1265,1279,18,1297,3
2021-06-26,Monterey,053,433212,43368,43192,1889,45081,462
2021-06-26,Napa,055,140530,10037,10043,39,10082,81
2021-06-26,Nevada,057,99092,4979,4939,195,5134,72
2021-06-26,Orange,059,3164182,256770,255640,11558,267198,5123
2021-06-26,Placer,061,380077,23883,23702,1559,25261,299
2021-06-26,Plumas,063,18699,722,704,12,716,4
2021-06-26,Riverside,065,2383286,295852,292480,14201,306681,4505
2021-06-26,Sacramento,067,1510023,108482,108179,1858,110037,1675
2021-06-26,San Benito,069,59416,6107,6100,116,6216,63
2021-06-26,San Bernardino,071,2135413,294865,294034,9090,303124,4928
2021-06-26,San Diego,073,3302833,283145,282263,15380,297643,3780
2021-06-26,San Francisco,075,870044,37170,37348,1316,38664,559
2021-06-26,San Joaquin,077,732212,74177,73928,3674,77602,1411
2021-06-26,San Luis Obispo,079,281455,21547,21330,758,22088,256
2021-06-26,San Mateo,081,765935,42817,42898,490,43388,539
2021-06-26,Santa Barbara,083,443738,34573,34525,1206,35731,455
2021-06-26,Santa Clara,085,1922200,119534,120321,783,121104,2103
2021-06-26,Santa Cruz,087,273765,16334,16239,819,17058,208
2021-06-26,Shasta,089,179085,12612,12635,1646,14281,203
2021-06-26,Sierra,091,2930,63,58,12,70,0
2021-06-26,Siskiyou,093,43540,1965,1896,376,2272,29
2021-06-26,Solano,095,438530,33504,33489,573,34062,267
2021-06-26,Sonoma,097,501317,31015,31088,368,31456,315
2021-06-26,Stanislaus,099,539301,57141,57006,6036,63042,1018
2021-06-26,Sutter,101,95872,9678,9669,90,9759,114
2021-06-26,Tehama,103,63373,5162,5119,601,5720,63
2021-06-26,Trinity,105,12862,494,341,99,440,3
2021-06-26,Tulare,107,460477,50481,49745,9199,58944,850
2021-06-26,Tuolumne,109,53932,4064,4121,41,4162,64
2021-06-26,Ventura,111,848112,81862,81352,3051,84403,1032
2021-06-26,Yolo,113,214977,14177,14184,353,14537,213
2021-06-26,Yuba,115,75493,6220,6200,133,6333,51
2021-06-25,Alameda,001,1643700,89552,89453,1999,91452,1271
2021-06-25,Alpine,003,1148,88,89,0,89,0
2021-06-25,Amador,005,37829,3766,3746,33,3779,46
2021-06-25,Butte,007,227075,12797,12682,1869,14551,198
2021-06-25,Calaveras,009,45235,2203,2201,14,2215,55
2021-06-25,Colusa,011,21464,1970,1972,321,2293,15
2021-06-25,Contra Costa,013,1133247,71144,70659,1339,71998,815
2021-06-25,Del Norte,015,27424,1463,1426,13,1439,8
2021-06-25,El Dorado,017,186661,10474,10406,759,11165,115
2021-06-25,Fresno,019,978130,103513,103073,8817,111890,1727
2021-06-25,Glenn,021,27897,2453,2441,573,3014,20
2021-06-25,Humboldt,023,135768,4519,4503,43,4546,49
2021-06-25,Imperial,025,180216,28788,28968,2950,31918,740
2021-06-25,Inyo,027,18085,1411,1406,12,1418,35
2021-06-25,Kern,029,883053,97948,97182,11182,108364,1347
2021-06-25,Kings,031,150075,23289,23118,1114,24232,246
2021-06-25,Lake,033,64148,3606,3571,13,3584,56
2021-06-25,Lassen,035,31185,5284,5259,117,5376,20
2021-06-25,Los Angeles,037,10098052,1211594,1206909,42265,1249174,24483
2021-06-25,Madera,039,155013,16804,16670,950,17620,240
2021-06-25,Marin,041,260295,14217,14179,266,14445,232
2021-06-25,Mariposa,043,17540,441,440,11,451,5
2021-06-25,Mendocino,045,87422,4185,4089,82,4171,49
2021-06-25,Merced,047,269075,31263,31256,1066,32322,467
2021-06-25,Modoc,049,8938,419,411,148,559,3
2021-06-25,Mono,051,14174,1265,1279,18,1297,3
2021-06-25,Monterey,053,433212,43363,43184,1888,45072,462
2021-06-25,Napa,055,140530,10032,10037,39,10076,81
2021-06-25,Nevada,057,99092,4976,4932,195,5127,72
2021-06-25,Orange,059,3164182,256699,255574,11556,267130,5119
2021-06-25,Placer,061,380077,23864,23672,1558,25230,299
2021-06-25,Plumas,063,18699,722,702,11,713,4
2021-06-25,Riverside,065,2383286,295785,291663,14194,305857,4490
2021-06-25,Sacramento,067,1510023,108410,108034,1855,109889,1673
2021-06-25,San Benito,069,59416,6103,6098,116,6214,63
2021-06-25,San Bernardino,071,2135413,294810,293941,9088,303029,4911
2021-06-25,San Diego,073,3302833,283085,282157,15367,297524,3779
2021-06-25,San Francisco,075,870044,37147,37338,1315,38653,559
2021-06-25,San Joaquin,077,732212,74144,73860,3672,77532,1410
2021-06-25,San Luis Obispo,079,281455,21544,21325,757,22082,256
2021-06-25,San Mateo,081,765935,42799,42849,490,43339,537
2021-06-25,Santa Barbara,083,443738,34564,34518,1205,35723,454
2021-06-25,Santa Clara,085,1922200,119514,120272,783,121055,2103
2021-06-25,Santa Cruz,087,273765,16331,16230,817,17047,208
2021-06-25,Shasta,089,179085,12602,12633,1645,14278,202
2021-06-25,Sierra,091,2930,63,58,12,70,0
2021-06-25,Siskiyou,093,43540,1964,1894,376,2270,29
2021-06-25,Solano,095,438530,33484,33449,573,34022,267
2021-06-25,Sonoma,097,501317,30992,31043,368,31411,314
2021-06-25,Stanislaus,099,539301,57125,56973,6029,63002,1018
2021-06-25,Sutter,101,95872,9671,9664,90,9754,114
2021-06-25,Tehama,103,63373,5161,5119,601,5720,63
2021-06-25,Trinity,105,12862,494,338,99,437,3
2021-06-25,Tulare,107,460477,50474,49731,9196,58927,850
2021-06-25,Tuolumne,109,53932,4063,4121,41,4162,64
2021-06-25,Ventura,111,848112,81833,81342,3045,84387,1032
2021-06-25,Yolo,113,214977,14171,14172,353,14525,213
2021-06-25,Yuba,115,75493,6216,6195,133,6328,51
2021-06-24,Alameda,001,1643700,89481,89358,1996,91354,1268
2021-06-24,Alpine,003,1148,88,89,0,89,0
2021-06-24,Amador,005,37829,3762,3745,33,3778,46
2021-06-24,Butte,007,227075,12791,12673,1867,14540,198
2021-06-24,Calaveras,009,45235,2200,2202,14,2216,55
2021-06-24,Colusa,011,21464,1969,1972,321,2293,15
2021-06-24,Contra Costa,013,1133247,71085,70590,1339,71929,813
2021-06-24,Del Norte,015,27424,1462,1421,13,1434,8
2021-06-24,El Dorado,017,186661,10467,10402,759,11161,115
2021-06-24,Fresno,019,978130,103493,103061,8814,111875,1727
2021-06-24,Glenn,021,27897,2452,2439,573,3012,20
2021-06-24,Humboldt,023,135768,4514,4493,43,4536,49
2021-06-24,Imperial,025,180216,28785,28981,2949,31930,740
2021-06-24,Inyo,027,18085,1410,1406,12,1418,35
2021-06-24,Kern,029,883053,97929,97129,11169,108298,1346
2021-06-24,Kings,031,150075,23285,23114,1112,24226,246
2021-06-24,Lake,033,64148,3600,3571,13,3584,56
2021-06-24,Lassen,035,31185,5283,5258,117,5375,20
2021-06-24,Los Angeles,037,10098052,1211270,1206590,42242,1248832,24480
2021-06-24,Madera,039,155013,16793,16662,949,17611,240
2021-06-24,Marin,041,260295,14213,14180,266,14446,232
2021-06-24,Mariposa,043,17540,441,440,11,451,5
2021-06-24,Mendocino,045,87422,4177,4085,82,4167,49
2021-06-24,Merced,047,269075,31253,31248,1065,32313,466
2021-06-24,Modoc,049,8938,419,411,148,559,3
2021-06-24,Mono,051,14174,1265,1276,18,1294,3
2021-06-24,Monterey,053,433212,43356,43180,1888,45068,451
2021-06-24,Napa,055,140530,10030,10036,39,10075,80
2021-06-24,Nevada,057,99092,4974,4927,195,5122,72
2021-06-24,Orange,059,3164182,256635,255520,11548,267068,5117
2021-06-24,Placer,061,380077,23839,23659,1556,25215,299
2021-06-24,Plumas,063,18699,721,702,11,713,4
2021-06-24,Riverside,065,2383286,295705,291067,14183,305250,4473
2021-06-24,Sacramento,067,1510023,108322,107965,1853,109818,1672
2021-06-24,San Benito,069,59416,6100,6098,116,6214,63
2021-06-24,San Bernardino,071,2135413,294741,293895,9083,302978,4898
2021-06-24,San Diego,073,3302833,282981,282053,15355,297408,3778
2021-06-24,San Francisco,075,870044,37125,37320,1313,38633,559
2021-06-24,San Joaquin,077,732212,74096,73814,3672,77486,1408
2021-06-24,San Luis Obispo,079,281455,21538,21326,757,22083,256
2021-06-24,San Mateo,081,765935,42773,42814,489,43303,542
2021-06-24,Santa Barbara,083,443738,34558,34512,1204,35716,454
2021-06-24,Santa Clara,085,1922200,119484,120274,782,121056,2103
2021-06-24,Santa Cruz,087,273765,16330,16227,817,17044,208
2021-06-24,Shasta,089,179085,12597,12629,1641,14270,202
2021-06-24,Sierra,091,2930,63,58,12,70,0
2021-06-24,Siskiyou,093,43540,1964,1892,376,2268,28
2021-06-24,Solano,095,438530,33461,33432,571,34003,267
2021-06-24,Sonoma,097,501317,30963,31020,368,31388,314
2021-06-24,Stanislaus,099,539301,57099,56946,6029,62975,1018
2021-06-24,Sutter,101,95872,9664,9660,90,9750,113
2021-06-24,Tehama,103,63373,5158,5115,601,5716,63
2021-06-24,Trinity,105,12862,493,338,99,437,3
2021-06-24,Tulare,107,460477,50463,49730,9194,58924,850
2021-06-24,Tuolumne,109,53932,4061,4120,41,4161,64
2021-06-24,Ventura,111,848112,81805,81332,3044,84376,1032
2021-06-24,Yolo,113,214977,14162,14169,350,14519,213
2021-06-24,Yuba,115,75493,6211,6195,133,6328,51
2021-06-23,Alameda,001,1643700,89408,89338,1995,91333,1266
2021-06-23,Alpine,003,1148,88,88,0,88,0
2021-06-23,Amador,005,37829,3760,3743,33,3776,46
2021-06-23,Butte,007,227075,12784,12666,1867,14533,198
2021-06-23,Calaveras,009,45235,2199,2199,14,2213,55
2021-06-23,Colusa,011,21464,1968,1972,321,2293,15
2021-06-23,Contra Costa,013,1133247,71020,70526,1338,71864,813
2021-06-23,Del Norte,015,27424,1458,1418,13,1431,8
2021-06-23,El Dorado,017,186661,10458,10395,756,11151,115
2021-06-23,Fresno,019,978130,103464,103020,8812,111832,1724
2021-06-23,Glenn,021,27897,2452,2437,572,3009,20
2021-06-23,Humboldt,023,135768,4505,4490,43,4533,48
2021-06-23,Imperial,025,180216,28778,28908,2949,31857,740
2021-06-23,Inyo,027,18085,1410,1406,12,1418,35
2021-06-23,Kern,029,883053,97901,97078,11156,108234,1345
2021-06-23,Kings,031,150075,23278,23105,1110,24215,245
2021-06-23,Lake,033,64148,3591,3566,13,3579,53
2021-06-23,Lassen,035,31185,5280,5257,117,5374,20
2021-06-23,Los Angeles,037,10098052,1210933,1206358,42232,1248590,24472
2021-06-23,Madera,039,155013,16786,16660,949,17609,240
2021-06-23,Marin,041,260295,14207,14177,266,14443,230
2021-06-23,Mariposa,043,17540,441,439,11,450,5
2021-06-23,Mendocino,045,87422,4173,4078,82,4160,49
2021-06-23,Merced,047,269075,31244,31260,1065,32325,465
2021-06-23,Modoc,049,8938,417,407,148,555,3
2021-06-23,Mono,051,14174,1265,1279,18,1297,3
2021-06-23,Monterey,053,433212,43347,43166,1888,45054,439
2021-06-23,Napa,055,140530,10021,10032,39,10071,80
2021-06-23,Nevada,057,99092,4971,4924,195,5119,72
2021-06-23,Orange,059,3164182,256569,255479,11540,267019,5116
2021-06-23,Placer,061,380077,23810,23630,1551,25181,299
2021-06-23,Plumas,063,18699,720,701,11,712,4
2021-06-23,Riverside,065,2383286,295622,290343,14181,304524,4462
2021-06-23,Sacramento,067,1510023,108230,107868,1848,109716,1671
2021-06-23,San Benito,069,59416,6096,6097,116,6213,63
2021-06-23,San Bernardino,071,2135413,294662,293816,9078,302894,4886
2021-06-23,San Diego,073,3302833,282881,281937,15334,297271,3777
2021-06-23,San Francisco,075,870044,37101,37304,1312,38616,559
2021-06-23,San Joaquin,077,732212,74057,73764,3670,77434,1405
2021-06-23,San Luis Obispo,079,281455,21534,21323,756,22079,257
2021-06-23,San Mateo,081,765935,42757,42756,489,43245,542
2021-06-23,Santa Barbara,083,443738,34548,34505,1204,35709,454
2021-06-23,Santa Clara,085,1922200,119455,120233,782,121015,2098
2021-06-23,Santa Cruz,087,273765,16326,16215,817,17032,209
2021-06-23,Shasta,089,179085,12590,12604,1639,14243,202
2021-06-23,Sierra,091,2930,63,57,12,69,0
2021-06-23,Siskiyou,093,43540,1962,1892,376,2268,28
2021-06-23,Solano,095,438530,33417,33408,571,33979,267
2021-06-23,Sonoma,097,501317,30923,30959,366,31325,314
2021-06-23,Stanislaus,099,539301,57069,56926,6028,62954,1017
2021-06-23,Sutter,101,95872,9658,9653,90,9743,113
2021-06-23,Tehama,103,63373,5158,5119,600,5719,63
2021-06-23,Trinity,105,12862,493,338,99,437,3
2021-06-23,Tulare,107,460477,50456,49711,9190,58901,850
2021-06-23,Tuolumne,109,53932,4058,4120,41,4161,64
2021-06-23,Ventura,111,848112,81782,81312,3041,84353,1032
2021-06-23,Yolo,113,214977,14152,14161,350,14511,212
2021-06-23,Yuba,115,75493,6208,6190,133,6323,51
2021-06-22,Alameda,001,1643700,89341,89308,1995,91303,1263
2021-06-22,Alpine,003,1148,88,88,0,88,0
2021-06-22,Amador,005,37829,3756,3743,33,3776,46
2021-06-22,Butte,007,227075,12780,12662,1864,14526,198
2021-06-22,Calaveras,009,45235,2198,2198,14,2212,55
2021-06-22,Colusa,011,21464,1967,1971,321,2292,15
2021-06-22,Contra Costa,013,1133247,70964,70480,1337,71817,813
2021-06-22,Del Norte,015,27424,1455,1417,13,1430,8
2021-06-22,El Dorado,017,186661,10453,10380,755,11135,113
2021-06-22,Fresno,019,978130,103445,102996,8808,111804,1724
2021-06-22,Glenn,021,27897,2451,2435,570,3005,19
2021-06-22,Humboldt,023,135768,4495,4483,43,4526,42
2021-06-22,Imperial,025,180216,28773,28880,2949,31829,740
2021-06-22,Inyo,027,18085,1410,1405,12,1417,35
2021-06-22,Kern,029,883053,97888,97013,11152,108165,1342
2021-06-22,Kings,031,150075,23270,23098,1109,24207,245
2021-06-22,Lake,033,64148,3589,3564,13,3577,45
2021-06-22,Lassen,035,31185,5275,5254,117,5371,20
2021-06-22,Los Angeles,037,10098052,1210619,1206146,42220,1248366,24461
2021-06-22,Madera,039,155013,16781,16652,949,17601,240
2021-06-22,Marin,041,260295,14205,14174,266,14440,230
2021-06-22,Mariposa,043,17540,441,439,11,450,5
2021-06-22,Mendocino,045,87422,4167,4072,82,4154,49
2021-06-22,Merced,047,269075,31233,31267,1065,32332,464
2021-06-22,Modoc,049,8938,415,405,147,552,3
2021-06-22,Mono,051,14174,1265,1277,18,1295,3
2021-06-22,Monterey,053,433212,43344,43162,1887,45049,427
2021-06-22,Napa,055,140530,10017,10029,39,10068,80
2021-06-22,Nevada,057,99092,4965,4923,195,5118,72
2021-06-22,Orange,059,3164182,256500,255452,11529,266981,5114
2021-06-22,Placer,061,380077,23788,23603,1551,25154,299
2021-06-22,Plumas,063,18699,720,697,11,708,4
2021-06-22,Riverside,065,2383286,295561,289839,14177,304016,4456
2021-06-22,Sacramento,067,1510023,108129,107801,1843,109644,1670
2021-06-22,San Benito,069,59416,6095,6098,116,6214,63
2021-06-22,San Bernardino,071,2135413,294587,293770,9072,302842,4873
2021-06-22,San Diego,073,3302833,282777,281867,15311,297178,3771
2021-06-22,San Francisco,075,870044,37087,37287,1312,38599,556
2021-06-22,San Joaquin,077,732212,74027,73723,3668,77391,1405
2021-06-22,San Luis Obispo,079,281455,21531,21321,755,22076,257
2021-06-22,San Mateo,081,765935,42743,42725,484,43209,542
2021-06-22,Santa Barbara,083,443738,34537,34500,1203,35703,454
2021-06-22,Santa Clara,085,1922200,119423,120194,782,120976,2095
2021-06-22,Santa Cruz,087,273765,16321,16218,817,17035,209
2021-06-22,Shasta,089,179085,12579,12616,1636,14252,202
2021-06-22,Sierra,091,2930,62,57,12,69,0
2021-06-22,Siskiyou,093,43540,1962,1892,376,2268,28
2021-06-22,Solano,095,438530,33399,33397,570,33967,267
2021-06-22,Sonoma,097,501317,30883,30933,366,31299,314
2021-06-22,Stanislaus,099,539301,57053,56915,6026,62941,1017
2021-06-22,Sutter,101,95872,9651,9649,90,9739,113
2021-06-22,Tehama,103,63373,5156,5118,599,5717,63
2021-06-22,Trinity,105,12862,491,337,99,436,3
2021-06-22,Tulare,107,460477,50447,49706,9185,58891,850
2021-06-22,Tuolumne,109,53932,4056,4119,41,4160,64
2021-06-22,Ventura,111,848112,81768,81300,3040,84340,1032
2021-06-22,Yolo,113,214977,14147,14157,348,14505,212
2021-06-22,Yuba,115,75493,6204,6181,133,6314,51
2021-06-21,Alameda,001,1643700,89284,89281,1994,91275,1262
2021-06-21,Alpine,003,1148,88,88,0,88,0
2021-06-21,Amador,005,37829,3750,3742,33,3775,46
2021-06-21,Butte,007,227075,12774,12668,1862,14530,195
2021-06-21,Calaveras,009,45235,2196,2194,14,2208,55
2021-06-21,Colusa,011,21464,1966,1970,320,2290,15
2021-06-21,Contra Costa,013,1133247,70893,70439,1335,71774,813
2021-06-21,Del Norte,015,27424,1451,1416,13,1429,8
2021-06-21,El Dorado,017,186661,10447,10375,754,11129,113
2021-06-21,Fresno,019,978130,103425,102971,8805,111776,1724
2021-06-21,Glenn,021,27897,2450,2433,570,3003,19
2021-06-21,Humboldt,023,135768,4486,4478,42,4520,42
2021-06-21,Imperial,025,180216,28769,28855,2948,31803,740
2021-06-21,Inyo,027,18085,1409,1405,12,1417,35
2021-06-21,Kern,029,883053,97859,96995,11143,108138,1342
2021-06-21,Kings,031,150075,23263,23091,1106,24197,245
2021-06-21,Lake,033,64148,3583,3563,13,3576,45
2021-06-21,Lassen,035,31185,5273,5233,117,5350,19
2021-06-21,Los Angeles,037,10098052,1210327,1205994,42199,1248193,24459
2021-06-21,Madera,039,155013,16772,16647,949,17596,240
2021-06-21,Marin,041,260295,14201,14173,266,14439,230
2021-06-21,Mariposa,043,17540,441,439,11,450,5
2021-06-21,Mendocino,045,87422,4164,4085,82,4167,49
2021-06-21,Merced,047,269075,31223,31264,1064,32328,465
2021-06-21,Modoc,049,8938,415,405,147,552,3
2021-06-21,Mono,051,14174,1265,1277,18,1295,3
2021-06-21,Monterey,053,433212,43341,43157,1887,45044,427
2021-06-21,Napa,055,140530,10012,10028,39,10067,80
2021-06-21,Nevada,057,99092,4961,4921,195,5116,72
2021-06-21,Orange,059,3164182,256428,255400,11522,266922,5113
2021-06-21,Placer,061,380077,23764,23577,1551,25128,298
2021-06-21,Plumas,063,18699,718,697,11,708,4
2021-06-21,Riverside,065,2383286,295485,289797,14172,303969,4456
2021-06-21,Sacramento,067,1510023,108017,107757,1842,109599,1669
2021-06-21,San Benito,069,59416,6091,6098,116,6214,63
2021-06-21,San Bernardino,071,2135413,294500,293736,9068,302804,4850
2021-06-21,San Diego,073,3302833,282672,281811,15291,297102,3771
2021-06-21,San Francisco,075,870044,37071,37275,1311,38586,556
2021-06-21,San Joaquin,077,732212,73986,73687,3667,77354,1405
2021-06-21,San Luis Obispo,079,281455,21522,21316,755,22071,257
2021-06-21,San Mateo,081,765935,42727,42685,483,43168,542
2021-06-21,Santa Barbara,083,443738,34532,34492,1203,35695,455
2021-06-21,Santa Clara,085,1922200,119390,120192,781,120973,2093
2021-06-21,Santa Cruz,087,273765,16319,16212,817,17029,208
2021-06-21,Shasta,089,179085,12566,12617,1633,14250,201
2021-06-21,Sierra,091,2930,62,57,12,69,0
2021-06-21,Siskiyou,093,43540,1962,1892,376,2268,27
2021-06-21,Solano,095,438530,33376,33383,569,33952,266
2021-06-21,Sonoma,097,501317,30860,30912,366,31278,314
2021-06-21,Stanislaus,099,539301,57023,56891,6021,62912,1017
2021-06-21,Sutter,101,95872,9648,9649,90,9739,113
2021-06-21,Tehama,103,63373,5156,5115,598,5713,63
2021-06-21,Trinity,105,12862,491,337,99,436,3
2021-06-21,Tulare,107,460477,50436,49689,9181,58870,849
2021-06-21,Tuolumne,109,53932,4052,4119,41,4160,63
2021-06-21,Ventura,111,848112,81740,81291,3036,84327,1031
2021-06-21,Yolo,113,214977,14141,14165,348,14513,212
2021-06-21,Yuba,115,75493,6203,6172,133,6305,51
2021-06-20,Alameda,001,1643700,89219,89255,1993,91248,1263
2021-06-20,Alpine,003,1148,88,88,0,88,0
2021-06-20,Amador,005,37829,3747,3740,33,3773,46
2021-06-20,Butte,007,227075,12767,12668,1861,14529,194
2021-06-20,Calaveras,009,45235,2195,2193,14,2207,55
2021-06-20,Colusa,011,21464,1966,1970,320,2290,15
2021-06-20,Contra Costa,013,1133247,70837,70401,1333,71734,813
2021-06-20,Del Norte,015,27424,1447,1416,13,1429,8
2021-06-20,El Dorado,017,186661,10433,10372,752,11124,113
2021-06-20,Fresno,019,978130,103384,102947,8802,111749,1724
2021-06-20,Glenn,021,27897,2450,2434,570,3004,19
2021-06-20,Humboldt,023,135768,4480,4472,42,4514,42
2021-06-20,Imperial,025,180216,28760,28855,2947,31802,740
2021-06-20,Inyo,027,18085,1408,1405,12,1417,35
2021-06-20,Kern,029,883053,97838,96985,11132,108117,1342
2021-06-20,Kings,031,150075,23258,23088,1104,24192,245
2021-06-20,Lake,033,64148,3581,3563,13,3576,45
2021-06-20,Lassen,035,31185,5270,5230,117,5347,19
2021-06-20,Los Angeles,037,10098052,1210028,1205874,42191,1248065,24456
2021-06-20,Madera,039,155013,16764,16638,947,17585,240
2021-06-20,Marin,041,260295,14198,14166,266,14432,230
2021-06-20,Mariposa,043,17540,439,439,11,450,5
2021-06-20,Mendocino,045,87422,4157,4080,82,4162,49
2021-06-20,Merced,047,269075,31210,31265,1064,32329,465
2021-06-20,Modoc,049,8938,415,405,147,552,3
2021-06-20,Mono,051,14174,1265,1275,18,1293,3
2021-06-20,Monterey,053,433212,43332,43156,1886,45042,427
2021-06-20,Napa,055,140530,10005,10026,38,10064,80
2021-06-20,Nevada,057,99092,4954,4919,195,5114,72
2021-06-20,Orange,059,3164182,256364,255377,11511,266888,5113
2021-06-20,Placer,061,380077,23730,23562,1547,25109,298
2021-06-20,Plumas,063,18699,717,697,11,708,4
2021-06-20,Riverside,065,2383286,295406,289770,14161,303931,4456
2021-06-20,Sacramento,067,1510023,107906,107700,1839,109539,1669
2021-06-20,San Benito,069,59416,6091,6098,116,6214,63
2021-06-20,San Bernardino,071,2135413,294400,293713,9064,302777,4845
2021-06-20,San Diego,073,3302833,282566,281750,15269,297019,3771
2021-06-20,San Francisco,075,870044,37049,37269,1311,38580,556
2021-06-20,San Joaquin,077,732212,73941,73676,3658,77334,1405
2021-06-20,San Luis Obispo,079,281455,21520,21313,755,22068,257
2021-06-20,San Mateo,081,765935,42697,42681,483,43164,542
2021-06-20,Santa Barbara,083,443738,34523,34487,1203,35690,455
2021-06-20,Santa Clara,085,1922200,119355,120163,781,120944,2093
2021-06-20,Santa Cruz,087,273765,16313,16210,817,17027,208
2021-06-20,Shasta,089,179085,12561,12617,1631,14248,201
2021-06-20,Sierra,091,2930,62,57,12,69,0
2021-06-20,Siskiyou,093,43540,1961,1891,376,2267,27
2021-06-20,Solano,095,438530,33354,33361,567,33928,266
2021-06-20,Sonoma,097,501317,30813,30884,363,31247,314
2021-06-20,Stanislaus,099,539301,56992,56868,6020,62888,1017
2021-06-20,Sutter,101,95872,9645,9645,90,9735,113
2021-06-20,Tehama,103,63373,5152,5115,598,5713,63
2021-06-20,Trinity,105,12862,491,337,99,436,3
2021-06-20,Tulare,107,460477,50427,49685,9179,58864,849
2021-06-20,Tuolumne,109,53932,4049,4117,41,4158,63
2021-06-20,Ventura,111,848112,81724,81282,3034,84316,1031
2021-06-20,Yolo,113,214977,14134,14160,348,14508,212
2021-06-20,Yuba,115,75493,6196,6167,133,6300,51
2021-06-19,Alameda,001,1643700,89184,89202,1993,91195,1263
2021-06-19,Alpine,003,1148,88,88,0,88,0
2021-06-19,Amador,005,37829,3745,3739,33,3772,46
2021-06-19,Butte,007,227075,12763,12659,1861,14520,194
2021-06-19,Calaveras,009,45235,2195,2192,14,2206,55
2021-06-19,Colusa,011,21464,1966,1969,320,2289,15
2021-06-19,Contra Costa,013,1133247,70806,70334,1332,71666,813
2021-06-19,Del Norte,015,27424,1446,1416,13,1429,8
2021-06-19,El Dorado,017,186661,10432,10363,751,11114,113
2021-06-19,Fresno,019,978130,103371,102922,8799,111721,1724
2021-06-19,Glenn,021,27897,2449,2434,569,3003,19
2021-06-19,Humboldt,023,135768,4469,4463,42,4505,42
2021-06-19,Imperial,025,180216,28759,28813,2947,31760,740
2021-06-19,Inyo,027,18085,1408,1405,12,1417,35
2021-06-19,Kern,029,883053,97822,96966,11128,108094,1342
2021-06-19,Kings,031,150075,23255,23086,1104,24190,245
2021-06-19,Lake,033,64148,3577,3563,13,3576,45
2021-06-19,Lassen,035,31185,5269,5225,117,5342,19
2021-06-19,Los Angeles,037,10098052,1209828,1205602,42176,1247778,24454
2021-06-19,Madera,039,155013,16762,16632,947,17579,240
2021-06-19,Marin,041,260295,14190,14152,266,14418,230
2021-06-19,Mariposa,043,17540,439,439,11,450,5
2021-06-19,Mendocino,045,87422,4151,4077,82,4159,49
2021-06-19,Merced,047,269075,31208,31256,1064,32320,465
2021-06-19,Modoc,049,8938,414,402,147,549,3
2021-06-19,Mono,051,14174,1265,1275,18,1293,3
2021-06-19,Monterey,053,433212,43326,43153,1886,45039,427
2021-06-19,Napa,055,140530,10001,10025,38,10063,80
2021-06-19,Nevada,057,99092,4949,4910,195,5105,72
2021-06-19,Orange,059,3164182,256317,255329,11508,266837,5112
2021-06-19,Placer,061,380077,23714,23537,1544,25081,298
2021-06-19,Plumas,063,18699,716,697,11,708,4
2021-06-19,Riverside,065,2383286,295360,289720,14161,303881,4456
2021-06-19,Sacramento,067,1510023,107860,107631,1836,109467,1669
2021-06-19,San Benito,069,59416,6090,6098,116,6214,63
2021-06-19,San Bernardino,071,2135413,294356,293673,9061,302734,4844
2021-06-19,San Diego,073,3302833,282506,281682,15255,296937,3771
2021-06-19,San Francisco,075,870044,37036,37256,1311,38567,556
2021-06-19,San Joaquin,077,732212,73925,73652,3654,77306,1405
2021-06-19,San Luis Obispo,079,281455,21518,21308,755,22063,257
2021-06-19,San Mateo,081,765935,42679,42646,481,43127,542
2021-06-19,Santa Barbara,083,443738,34521,34472,1203,35675,455
2021-06-19,Santa Clara,085,1922200,119332,120110,780,120890,2093
2021-06-19,Santa Cruz,087,273765,16308,16206,817,17023,208
2021-06-19,Shasta,089,179085,12559,12615,1630,14245,201
2021-06-19,Sierra,091,2930,62,57,12,69,0
2021-06-19,Siskiyou,093,43540,1961,1891,375,2266,27
2021-06-19,Solano,095,438530,33344,33341,566,33907,266
2021-06-19,Sonoma,097,501317,30772,30841,362,31203,314
2021-06-19,Stanislaus,099,539301,56973,56847,6017,62864,1017
2021-06-19,Sutter,101,95872,9642,9645,90,9735,113
2021-06-19,Tehama,103,63373,5151,5115,598,5713,63
2021-06-19,Trinity,105,12862,491,337,99,436,3
2021-06-19,Tulare,107,460477,50420,49681,9174,58855,849
2021-06-19,Tuolumne,109,53932,4049,4117,41,4158,63
2021-06-19,Ventura,111,848112,81711,81270,3033,84303,1031
2021-06-19,Yolo,113,214977,14130,14156,347,14503,212
2021-06-19,Yuba,115,75493,6195,6157,133,6290,51
2021-06-18,Alameda,001,1643700,89147,89123,1993,91116,1263
2021-06-18,Alpine,003,1148,88,88,0,88,0
2021-06-18,Amador,005,37829,3745,3739,33,3772,46
2021-06-18,Butte,007,227075,12760,12653,1858,14511,194
2021-06-18,Calaveras,009,45235,2195,2191,14,2205,55
2021-06-18,Colusa,011,21464,1965,1969,320,2289,15
2021-06-18,Contra Costa,013,1133247,70764,70271,1330,71601,813
2021-06-18,Del Norte,015,27424,1446,1415,13,1428,8
2021-06-18,El Dorado,017,186661,10429,10348,749,11097,113
2021-06-18,Fresno,019,978130,103355,102894,8797,111691,1722
2021-06-18,Glenn,021,27897,2448,2430,569,2999,19
2021-06-18,Humboldt,023,135768,4461,4450,42,4492,42
2021-06-18,Imperial,025,180216,28757,28809,2947,31756,740
2021-06-18,Inyo,027,18085,1408,1405,12,1417,35
2021-06-18,Kern,029,883053,97811,96948,11122,108070,1341
2021-06-18,Kings,031,150075,23250,23082,1104,24186,245
2021-06-18,Lake,033,64148,3573,3563,13,3576,45
2021-06-18,Lassen,035,31185,5268,5224,117,5341,19
2021-06-18,Los Angeles,037,10098052,1209671,1205472,42159,1247631,24451
2021-06-18,Madera,039,155013,16756,16625,947,17572,241
2021-06-18,Marin,041,260295,14187,14147,266,14413,230
2021-06-18,Mariposa,043,17540,439,439,11,450,5
2021-06-18,Mendocino,045,87422,4146,4068,82,4150,49
2021-06-18,Merced,047,269075,31206,31262,1064,32326,464
2021-06-18,Modoc,049,8938,414,402,147,549,3
2021-06-18,Mono,051,14174,1264,1275,17,1292,3
2021-06-18,Monterey,053,433212,43323,43148,1886,45034,427
2021-06-18,Napa,055,140530,9997,10021,38,10059,80
2021-06-18,Nevada,057,99092,4941,4903,195,5098,72
2021-06-18,Orange,059,3164182,256280,255274,11505,266779,5108
2021-06-18,Placer,061,380077,23706,23500,1541,25041,298
2021-06-18,Plumas,063,18699,716,697,11,708,4
2021-06-18,Riverside,065,2383286,295312,289676,14160,303836,4457
2021-06-18,Sacramento,067,1510023,107812,107570,1836,109406,1669
2021-06-18,San Benito,069,59416,6089,6097,116,6213,63
2021-06-18,San Bernardino,071,2135413,294311,293629,9057,302686,4826
2021-06-18,San Diego,073,3302833,282430,281608,15244,296852,3771
2021-06-18,San Francisco,075,870044,37027,37246,1311,38557,556
2021-06-18,San Joaquin,077,732212,73907,73623,3652,77275,1403
2021-06-18,San Luis Obispo,079,281455,21514,21301,754,22055,257
2021-06-18,San Mateo,081,765935,42668,42630,480,43110,542
2021-06-18,Santa Barbara,083,443738,34511,34469,1203,35672,455
2021-06-18,Santa Clara,085,1922200,119311,120081,778,120859,2093
2021-06-18,Santa Cruz,087,273765,16304,16202,817,17019,208
2021-06-18,Shasta,089,179085,12555,12607,1628,14235,201
2021-06-18,Sierra,091,2930,61,57,12,69,0
2021-06-18,Siskiyou,093,43540,1961,1890,375,2265,27
2021-06-18,Solano,095,438530,33330,33323,566,33889,266
2021-06-18,Sonoma,097,501317,30754,30816,361,31177,313
2021-06-18,Stanislaus,099,539301,56958,56803,6015,62818,1012
2021-06-18,Sutter,101,95872,9639,9643,90,9733,113
2021-06-18,Tehama,103,63373,5149,5114,598,5712,63
2021-06-18,Trinity,105,12862,491,337,98,435,3
2021-06-18,Tulare,107,460477,50418,49664,9167,58831,849
2021-06-18,Tuolumne,109,53932,4047,4116,41,4157,63
2021-06-18,Ventura,111,848112,81701,81256,3028,84284,1031
2021-06-18,Yolo,113,214977,14127,14148,345,14493,212
2021-06-18,Yuba,115,75493,6189,6150,133,6283,51
2021-06-17,Alameda,001,1643700,89100,89087,1993,91080,1262
2021-06-17,Alpine,003,1148,88,88,0,88,0
2021-06-17,Amador,005,37829,3743,3731,33,3764,46
2021-06-17,Butte,007,227075,12750,12644,1857,14501,194
2021-06-17,Calaveras,009,45235,2194,2189,14,2203,55
2021-06-17,Colusa,011,21464,1964,1969,320,2289,15
2021-06-17,Contra Costa,013,1133247,70725,70190,1326,71516,810
2021-06-17,Del Norte,015,27424,1444,1413,13,1426,8
2021-06-17,El Dorado,017,186661,10419,10341,749,11090,113
2021-06-17,Fresno,019,978130,103329,102867,8793,111660,1722
2021-06-17,Glenn,021,27897,2448,2430,569,2999,19
2021-06-17,Humboldt,023,135768,4452,4438,42,4480,42
2021-06-17,Imperial,025,180216,28749,28801,2947,31748,741
2021-06-17,Inyo,027,18085,1408,1405,12,1417,35
2021-06-17,Kern,029,883053,97796,96840,11116,107956,1340
2021-06-17,Kings,031,150075,23246,23078,1103,24181,245
2021-06-17,Lake,033,64148,3570,3563,9,3572,45
2021-06-17,Lassen,035,31185,5264,5223,117,5340,19
2021-06-17,Los Angeles,037,10098052,1209459,1205301,42130,1247431,24444
2021-06-17,Madera,039,155013,16751,16618,947,17565,241
2021-06-17,Marin,041,260295,14187,14141,266,14407,229
2021-06-17,Mariposa,043,17540,439,439,11,450,5
2021-06-17,Mendocino,045,87422,4139,4054,82,4136,49
2021-06-17,Merced,047,269075,31201,31262,1064,32326,464
2021-06-17,Modoc,049,8938,413,401,147,548,3
2021-06-17,Mono,051,14174,1263,1275,17,1292,3
2021-06-17,Monterey,053,433212,43315,43140,1886,45026,416
2021-06-17,Napa,055,140530,9997,10014,38,10052,80
2021-06-17,Nevada,057,99092,4937,4898,195,5093,72
2021-06-17,Orange,059,3164182,256234,255240,11494,266734,5109
2021-06-17,Placer,061,380077,23690,23461,1539,25000,298
2021-06-17,Plumas,063,18699,715,697,11,708,4
2021-06-17,Riverside,065,2383286,295258,289627,14158,303785,4458
2021-06-17,Sacramento,067,1510023,107748,107492,1834,109326,1666
2021-06-17,San Benito,069,59416,6089,6097,116,6213,63
2021-06-17,San Bernardino,071,2135413,294270,293560,9057,302617,4811
2021-06-17,San Diego,073,3302833,282354,281531,15230,296761,3771
2021-06-17,San Francisco,075,870044,37016,37243,1310,38553,556
2021-06-17,San Joaquin,077,732212,73884,73560,3647,77207,1403
2021-06-17,San Luis Obispo,079,281455,21512,21297,754,22051,257
2021-06-17,San Mateo,081,765935,42662,42615,480,43095,542
2021-06-17,Santa Barbara,083,443738,34505,34466,1203,35669,453
2021-06-17,Santa Clara,085,1922200,119286,120032,777,120809,2093
2021-06-17,Santa Cruz,087,273765,16300,16197,817,17014,208
2021-06-17,Shasta,089,179085,12547,12597,1628,14225,201
2021-06-17,Sierra,091,2930,61,56,12,68,0
2021-06-17,Siskiyou,093,43540,1960,1889,375,2264,27
2021-06-17,Solano,095,438530,33309,33296,565,33861,266
2021-06-17,Sonoma,097,501317,30723,30793,361,31154,323
2021-06-17,Stanislaus,099,539301,56927,56752,6010,62762,1012
2021-06-17,Sutter,101,95872,9636,9629,90,9719,113
2021-06-17,Tehama,103,63373,5148,5112,596,5708,63
2021-06-17,Trinity,105,12862,490,337,98,435,3
2021-06-17,Tulare,107,460477,50413,49649,9159,58808,849
2021-06-17,Tuolumne,109,53932,4046,4116,41,4157,63
2021-06-17,Ventura,111,848112,81692,81248,3025,84273,1030
2021-06-17,Yolo,113,214977,14119,14141,345,14486,212
2021-06-17,Yuba,115,75493,6180,6140,133,6273,51
2021-06-16,Alameda,001,1643700,89051,89045,1992,91037,1265
2021-06-16,Alpine,003,1148,88,88,0,88,0
2021-06-16,Amador,005,37829,3742,3730,33,3763,46
2021-06-16,Butte,007,227075,12748,12635,1855,14490,194
2021-06-16,Calaveras,009,45235,2192,2188,14,2202,55
2021-06-16,Colusa,011,21464,1964,1967,320,2287,15
2021-06-16,Contra Costa,013,1133247,70673,70136,1325,71461,810
2021-06-16,Del Norte,015,27424,1441,1413,13,1426,8
2021-06-16,El Dorado,017,186661,10413,10334,748,11082,113
2021-06-16,Fresno,019,978130,103299,102842,8789,111631,1722
2021-06-16,Glenn,021,27897,2448,2430,569,2999,19
2021-06-16,Humboldt,023,135768,4443,4427,41,4468,42
2021-06-16,Imperial,025,180216,28746,28796,2947,31743,741
2021-06-16,Inyo,027,18085,1407,1405,12,1417,35
2021-06-16,Kern,029,883053,97774,96789,11109,107898,1339
2021-06-16,Kings,031,150075,23245,23072,1102,24174,245
2021-06-16,Lake,033,64148,3570,3562,9,3571,45
2021-06-16,Lassen,035,31185,5261,5216,117,5333,19
2021-06-16,Los Angeles,037,10098052,1209236,1205102,42119,1247221,24439
2021-06-16,Madera,039,155013,16747,16603,947,17550,240
2021-06-16,Marin,041,260295,14185,14137,266,14403,229
2021-06-16,Mariposa,043,17540,439,437,11,448,5
2021-06-16,Mendocino,045,87422,4131,4041,82,4123,49
2021-06-16,Merced,047,269075,31193,31250,1064,32314,463
2021-06-16,Modoc,049,8938,412,383,146,529,3
2021-06-16,Mono,051,14174,1263,1275,17,1292,3
2021-06-16,Monterey,053,433212,43312,43122,1886,45008,416
2021-06-16,Napa,055,140530,9993,10011,38,10049,80
2021-06-16,Nevada,057,99092,4932,4894,195,5089,72
2021-06-16,Orange,059,3164182,256181,255188,11487,266675,5109
2021-06-16,Placer,061,380077,23680,23425,1535,24960,298
2021-06-16,Plumas,063,18699,715,697,11,708,4
2021-06-16,Riverside,065,2383286,295197,289539,14156,303695,4457
2021-06-16,Sacramento,067,1510023,107678,107422,1830,109252,1665
2021-06-16,San Benito,069,59416,6089,6090,116,6206,63
2021-06-16,San Bernardino,071,2135413,294221,293499,9055,302554,4797
2021-06-16,San Diego,073,3302833,282275,281423,15217,296640,3770
2021-06-16,San Francisco,075,870044,37003,37222,1308,38530,555
2021-06-16,San Joaquin,077,732212,73847,73530,3643,77173,1399
2021-06-16,San Luis Obispo,079,281455,21507,21294,754,22048,257
2021-06-16,San Mateo,081,765935,42646,42601,480,43081,542
2021-06-16,Santa Barbara,083,443738,34499,34459,1203,35662,460
2021-06-16,Santa Clara,085,1922200,119254,119982,777,120759,2087
2021-06-16,Santa Cruz,087,273765,16297,16187,817,17004,208
2021-06-16,Shasta,089,179085,12542,12592,1627,14219,200
2021-06-16,Sierra,091,2930,61,56,12,68,0
2021-06-16,Siskiyou,093,43540,1959,1886,375,2261,26
2021-06-16,Solano,095,438530,33281,33276,565,33841,266
2021-06-16,Sonoma,097,501317,30687,30741,361,31102,323
2021-06-16,Stanislaus,099,539301,56896,56738,6008,62746,984
2021-06-16,Sutter,101,95872,9632,9620,90,9710,113
2021-06-16,Tehama,103,63373,5146,5106,596,5702,63
2021-06-16,Trinity,105,12862,489,332,98,430,3
2021-06-16,Tulare,107,460477,50408,49578,9155,58733,849
2021-06-16,Tuolumne,109,53932,4046,4110,41,4151,63
2021-06-16,Ventura,111,848112,81678,81229,3023,84252,1029
2021-06-16,Yolo,113,214977,14110,14135,344,14479,212
2021-06-16,Yuba,115,75493,6170,6134,133,6267,51
2021-06-15,Alameda,001,1643700,89008,89008,1992,91000,1262
2021-06-15,Alpine,003,1148,88,88,0,88,0
2021-06-15,Amador,005,37829,3739,3723,33,3756,46
2021-06-15,Butte,007,227075,12740,12620,1854,14474,194
2021-06-15,Calaveras,009,45235,2191,2188,14,2202,55
2021-06-15,Colusa,011,21464,1964,1967,318,2285,15
2021-06-15,Contra Costa,013,1133247,70611,70101,1325,71426,810
2021-06-15,Del Norte,015,27424,1440,1411,13,1424,8
2021-06-15,El Dorado,017,186661,10404,10330,748,11078,113
2021-06-15,Fresno,019,978130,103268,102828,8788,111616,1722
2021-06-15,Glenn,021,27897,2447,2426,569,2995,19
2021-06-15,Humboldt,023,135768,4434,4414,40,4454,42
2021-06-15,Imperial,025,180216,28740,28789,2947,31736,741
2021-06-15,Inyo,027,18085,1407,1405,12,1417,35
2021-06-15,Kern,029,883053,97746,96782,11101,107883,1338
2021-06-15,Kings,031,150075,23239,23070,1100,24170,245
2021-06-15,Lake,033,64148,3569,3559,9,3568,45
2021-06-15,Lassen,035,31185,5260,5211,117,5328,19
2021-06-15,Los Angeles,037,10098052,1209004,1204926,42111,1247037,24435
2021-06-15,Madera,039,155013,16740,16600,946,17546,240
2021-06-15,Marin,041,260295,14177,14135,266,14401,229
2021-06-15,Mariposa,043,17540,439,437,11,448,5
2021-06-15,Mendocino,045,87422,4124,4034,82,4116,49
2021-06-15,Merced,047,269075,31187,31244,1064,32308,461
2021-06-15,Modoc,049,8938,411,383,146,529,3
2021-06-15,Mono,051,14174,1263,1275,17,1292,3
2021-06-15,Monterey,053,433212,43306,43118,1886,45004,416
2021-06-15,Napa,055,140530,9991,10010,38,10048,80
2021-06-15,Nevada,057,99092,4929,4888,195,5083,72
2021-06-15,Orange,059,3164182,256140,255127,11478,266605,5105
2021-06-15,Placer,061,380077,23658,23396,1534,24930,298
2021-06-15,Plumas,063,18699,714,697,11,708,4
2021-06-15,Riverside,065,2383286,295137,289508,14152,303660,4455
2021-06-15,Sacramento,067,1510023,107603,107370,1824,109194,1662
2021-06-15,San Benito,069,59416,6088,6089,116,6205,63
2021-06-15,San Bernardino,071,2135413,294171,293463,9049,302512,4790
2021-06-15,San Diego,073,3302833,282191,281375,15202,296577,3770
2021-06-15,San Francisco,075,870044,36994,37210,1307,38517,555
2021-06-15,San Joaquin,077,732212,73807,73494,3638,77132,1399
2021-06-15,San Luis Obispo,079,281455,21502,21293,753,22046,257
2021-06-15,San Mateo,081,765935,42632,42593,480,43073,543
2021-06-15,Santa Barbara,083,443738,34494,34451,1203,35654,460
2021-06-15,Santa Clara,085,1922200,119216,119963,777,120740,2086
2021-06-15,Santa Cruz,087,273765,16290,16180,816,16996,208
2021-06-15,Shasta,089,179085,12536,12583,1627,14210,201
2021-06-15,Sierra,091,2930,60,55,12,67,0
2021-06-15,Siskiyou,093,43540,1958,1887,375,2262,26
2021-06-15,Solano,095,438530,33262,33264,565,33829,266
2021-06-15,Sonoma,097,501317,30648,30707,360,31067,323
2021-06-15,Stanislaus,099,539301,56868,56724,6005,62729,979
2021-06-15,Sutter,101,95872,9623,9616,90,9706,113
2021-06-15,Tehama,103,63373,5144,5102,596,5698,63
2021-06-15,Trinity,105,12862,488,332,97,429,3
2021-06-15,Tulare,107,460477,50401,49561,9152,58713,848
2021-06-15,Tuolumne,109,53932,4046,4111,41,4152,63
2021-06-15,Ventura,111,848112,81667,81215,3020,84235,1029
2021-06-15,Yolo,113,214977,14106,14127,342,14469,212
2021-06-15,Yuba,115,75493,6159,6130,133,6263,51
2021-06-14,Alameda,001,1643700,88959,88966,1992,90958,1264
2021-06-14,Alpine,003,1148,88,88,0,88,0
2021-06-14,Amador,005,37829,3738,3722,33,3755,46
2021-06-14,Butte,007,227075,12729,12613,1850,14463,194
2021-06-14,Calaveras,009,45235,2190,2190,14,2204,55
2021-06-14,Colusa,011,21464,1963,1966,318,2284,15
2021-06-14,Contra Costa,013,1133247,70558,70069,1323,71392,810
2021-06-14,Del Norte,015,27424,1440,1411,13,1424,8
2021-06-14,El Dorado,017,186661,10395,10327,747,11074,113
2021-06-14,Fresno,019,978130,103246,102812,8786,111598,1719
2021-06-14,Glenn,021,27897,2447,2426,569,2995,19
2021-06-14,Humboldt,023,135768,4426,4407,39,4446,42
2021-06-14,Imperial,025,180216,28728,28836,2947,31783,741
2021-06-14,Inyo,027,18085,1406,1405,12,1417,35
2021-06-14,Kern,029,883053,97726,96760,11091,107851,1337
2021-06-14,Kings,031,150075,23236,23071,1099,24170,245
2021-06-14,Lake,033,64148,3568,3557,9,3566,45
2021-06-14,Lassen,035,31185,5257,5209,116,5325,19
2021-06-14,Los Angeles,037,10098052,1208769,1204748,42101,1246849,24434
2021-06-14,Madera,039,155013,16734,16597,945,17542,240
2021-06-14,Marin,041,260295,14175,14133,266,14399,229
2021-06-14,Mariposa,043,17540,438,437,11,448,5
2021-06-14,Mendocino,045,87422,4118,4028,82,4110,49
2021-06-14,Merced,047,269075,31178,31241,1063,32304,461
2021-06-14,Modoc,049,8938,402,382,144,526,3
2021-06-14,Mono,051,14174,1263,1275,17,1292,3
2021-06-14,Monterey,053,433212,43303,43110,1886,44996,415
2021-06-14,Napa,055,140530,9987,10000,38,10038,80
2021-06-14,Nevada,057,99092,4922,4885,195,5080,72
2021-06-14,Orange,059,3164182,256102,255069,11474,266543,5103
2021-06-14,Placer,061,380077,23633,23379,1533,24912,298
2021-06-14,Plumas,063,18699,714,696,11,707,4
2021-06-14,Riverside,065,2383286,295083,289476,14152,303628,4453
2021-06-14,Sacramento,067,1510023,107549,107334,1819,109153,1661
2021-06-14,San Benito,069,59416,6088,6087,116,6203,63
2021-06-14,San Bernardino,071,2135413,294115,293446,9045,302491,4790
2021-06-14,San Diego,073,3302833,282085,281314,15182,296496,3770
2021-06-14,San Francisco,075,870044,36981,37206,1307,38513,555
2021-06-14,San Joaquin,077,732212,73778,73453,3638,77091,1398
2021-06-14,San Luis Obispo,079,281455,21500,21302,753,22055,256
2021-06-14,San Mateo,081,765935,42619,42619,479,43098,543
2021-06-14,Santa Barbara,083,443738,34491,34449,1203,35652,460
2021-06-14,Santa Clara,085,1922200,119185,119957,776,120733,2085
2021-06-14,Santa Cruz,087,273765,16288,16175,816,16991,208
2021-06-14,Shasta,089,179085,12525,12561,1624,14185,201
2021-06-14,Sierra,091,2930,59,55,12,67,0
2021-06-14,Siskiyou,093,43540,1958,1886,375,2261,26
2021-06-14,Solano,095,438530,33245,33243,564,33807,266
2021-06-14,Sonoma,097,501317,30616,30679,359,31038,323
2021-06-14,Stanislaus,099,539301,56832,56689,6002,62691,975
2021-06-14,Sutter,101,95872,9620,9607,90,9697,112
2021-06-14,Tehama,103,63373,5142,5102,596,5698,63
2021-06-14,Trinity,105,12862,488,332,97,429,3
2021-06-14,Tulare,107,460477,50396,49538,9149,58687,848
2021-06-14,Tuolumne,109,53932,4043,4108,41,4149,63
2021-06-14,Ventura,111,848112,81657,81209,3020,84229,1028
2021-06-14,Yolo,113,214977,14098,14123,342,14465,212
2021-06-14,Yuba,115,75493,6152,6127,133,6260,50
2021-06-13,Alameda,001,1643700,88902,88947,1991,90938,1264
2021-06-13,Alpine,003,1148,87,88,0,88,0
2021-06-13,Amador,005,37829,3734,3721,33,3754,46
2021-06-13,Butte,007,227075,12718,12586,1847,14433,194
2021-06-13,Calaveras,009,45235,2190,2189,14,2203,55
2021-06-13,Colusa,011,21464,1963,1965,317,2282,15
2021-06-13,Contra Costa,013,1133247,70504,70040,1321,71361,810
2021-06-13,Del Norte,015,27424,1438,1412,13,1425,8
2021-06-13,El Dorado,017,186661,10386,10324,747,11071,113
2021-06-13,Fresno,019,978130,103215,102795,8781,111576,1719
2021-06-13,Glenn,021,27897,2446,2425,567,2992,19
2021-06-13,Humboldt,023,135768,4413,4401,39,4440,42
2021-06-13,Imperial,025,180216,28719,28800,2945,31745,741
2021-06-13,Inyo,027,18085,1406,1405,12,1417,35
2021-06-13,Kern,029,883053,97702,96743,11079,107822,1337
2021-06-13,Kings,031,150075,23231,23069,1098,24167,245
2021-06-13,Lake,033,64148,3568,3556,9,3565,45
2021-06-13,Lassen,035,31185,5252,5209,116,5325,19
2021-06-13,Los Angeles,037,10098052,1208506,1204614,42088,1246702,24433
2021-06-13,Madera,039,155013,16720,16590,945,17535,240
2021-06-13,Marin,041,260295,14169,14126,266,14392,229
2021-06-13,Mariposa,043,17540,438,434,11,445,5
2021-06-13,Mendocino,045,87422,4111,4026,82,4108,49
2021-06-13,Merced,047,269075,31172,31240,1062,32302,461
2021-06-13,Modoc,049,8938,400,382,142,524,3
2021-06-13,Mono,051,14174,1263,1275,17,1292,3
2021-06-13,Monterey,053,433212,43295,43108,1886,44994,415
2021-06-13,Napa,055,140530,9981,9995,38,10033,80
2021-06-13,Nevada,057,99092,4917,4883,195,5078,72
2021-06-13,Orange,059,3164182,256047,255043,11472,266515,5103
2021-06-13,Placer,061,380077,23607,23365,1531,24896,295
2021-06-13,Plumas,063,18699,713,696,11,707,4
2021-06-13,Riverside,065,2383286,295016,289447,14149,303596,4453
2021-06-13,Sacramento,067,1510023,107473,107289,1816,109105,1658
2021-06-13,San Benito,069,59416,6088,6086,116,6202,63
2021-06-13,San Bernardino,071,2135413,294064,293416,9040,302456,4788
2021-06-13,San Diego,073,3302833,282006,281268,15166,296434,3770
2021-06-13,San Francisco,075,870044,36968,37197,1307,38504,555
2021-06-13,San Joaquin,077,732212,73742,73438,3636,77074,1398
2021-06-13,San Luis Obispo,079,281455,21494,21298,752,22050,256
2021-06-13,San Mateo,081,765935,42606,42611,479,43090,542
2021-06-13,Santa Barbara,083,443738,34480,34449,1202,35651,460
2021-06-13,Santa Clara,085,1922200,119161,119946,776,120722,2085
2021-06-13,Santa Cruz,087,273765,16281,16172,816,16988,208
2021-06-13,Shasta,089,179085,12516,12560,1623,14183,201
2021-06-13,Sierra,091,2930,59,55,12,67,0
2021-06-13,Siskiyou,093,43540,1957,1885,375,2260,26
2021-06-13,Solano,095,438530,33224,33234,564,33798,266
2021-06-13,Sonoma,097,501317,30581,30663,357,31020,323
2021-06-13,Stanislaus,099,539301,56806,56671,6001,62672,975
2021-06-13,Sutter,101,95872,9613,9603,90,9693,112
2021-06-13,Tehama,103,63373,5140,5100,596,5696,63
2021-06-13,Trinity,105,12862,487,332,97,429,3
2021-06-13,Tulare,107,460477,50387,49537,9144,58681,848
2021-06-13,Tuolumne,109,53932,4041,4107,40,4147,63
2021-06-13,Ventura,111,848112,81643,81201,3020,84221,1028
2021-06-13,Yolo,113,214977,14090,14120,340,14460,212
2021-06-13,Yuba,115,75493,6145,6125,133,6258,50
2021-06-12,Alameda,001,1643700,88875,88901,1991,90892,1271
2021-06-12,Alpine,003,1148,87,88,0,88,0
2021-06-12,Amador,005,37829,3733,3721,33,3754,46
2021-06-12,Butte,007,227075,12714,12576,1847,14423,194
2021-06-12,Calaveras,009,45235,2190,2189,14,2203,55
2021-06-12,Colusa,011,21464,1963,1965,317,2282,15
2021-06-12,Contra Costa,013,1133247,70473,69989,1318,71307,810
2021-06-12,Del Norte,015,27424,1438,1412,13,1425,8
2021-06-12,El Dorado,017,186661,10381,10320,746,11066,113
2021-06-12,Fresno,019,978130,103205,102783,8780,111563,1720
2021-06-12,Glenn,021,27897,2444,2425,567,2992,19
2021-06-12,Humboldt,023,135768,4405,4396,39,4435,42
2021-06-12,Imperial,025,180216,28716,28799,2945,31744,741
2021-06-12,Inyo,027,18085,1406,1405,12,1417,35
2021-06-12,Kern,029,883053,97687,96731,11075,107806,1337
2021-06-12,Kings,031,150075,23229,23067,1098,24165,245
2021-06-12,Lake,033,64148,3567,3552,9,3561,45
2021-06-12,Lassen,035,31185,5252,5208,116,5324,19
2021-06-12,Los Angeles,037,10098052,1208368,1204439,42082,1246521,24434
2021-06-12,Madera,039,155013,16716,16586,945,17531,240
2021-06-12,Marin,041,260295,14166,14121,266,14387,229
2021-06-12,Mariposa,043,17540,438,434,11,445,5
2021-06-12,Mendocino,045,87422,4108,4024,82,4106,49
2021-06-12,Merced,047,269075,31169,31236,1062,32298,461
2021-06-12,Modoc,049,8938,399,382,142,524,3
2021-06-12,Mono,051,14174,1263,1275,17,1292,3
2021-06-12,Monterey,053,433212,43289,43103,1886,44989,415
2021-06-12,Napa,055,140530,9977,9986,38,10024,80
2021-06-12,Nevada,057,99092,4911,4878,195,5073,72
2021-06-12,Orange,059,3164182,256014,255004,11470,266474,5103
2021-06-12,Placer,061,380077,23588,23345,1531,24876,295
2021-06-12,Plumas,063,18699,713,696,11,707,4
2021-06-12,Riverside,065,2383286,294974,289413,14146,303559,4453
2021-06-12,Sacramento,067,1510023,107413,107199,1813,109012,1658
2021-06-12,San Benito,069,59416,6086,6083,116,6199,63
2021-06-12,San Bernardino,071,2135413,294030,293375,9038,302413,4788
2021-06-12,San Diego,073,3302833,281949,281203,15157,296360,3770
2021-06-12,San Francisco,075,870044,36958,37189,1307,38496,555
2021-06-12,San Joaquin,077,732212,73723,73413,3635,77048,1398
2021-06-12,San Luis Obispo,079,281455,21491,21293,752,22045,256
2021-06-12,San Mateo,081,765935,42601,42604,479,43083,542
2021-06-12,Santa Barbara,083,443738,34475,34450,1202,35652,460
2021-06-12,Santa Clara,085,1922200,119121,119894,776,120670,2085
2021-06-12,Santa Cruz,087,273765,16273,16170,816,16986,208
2021-06-12,Shasta,089,179085,12513,12556,1622,14178,201
2021-06-12,Sierra,091,2930,59,55,12,67,0
2021-06-12,Siskiyou,093,43540,1956,1884,375,2259,25
2021-06-12,Solano,095,438530,33215,33219,564,33783,266
2021-06-12,Sonoma,097,501317,30552,30647,357,31004,323
2021-06-12,Stanislaus,099,539301,56789,56649,6000,62649,974
2021-06-12,Sutter,101,95872,9609,9603,90,9693,112
2021-06-12,Tehama,103,63373,5140,5099,595,5694,63
2021-06-12,Trinity,105,12862,487,332,97,429,3
2021-06-12,Tulare,107,460477,50382,49533,9137,58670,848
2021-06-12,Tuolumne,109,53932,4040,4105,40,4145,63
2021-06-12,Ventura,111,848112,81631,81197,3020,84217,1028
2021-06-12,Yolo,113,214977,14087,14118,338,14456,212
2021-06-12,Yuba,115,75493,6140,6120,133,6253,50
2021-06-11,Alameda,001,1643700,88847,88844,1991,90835,1278
2021-06-11,Alpine,003,1148,87,88,0,88,0
2021-06-11,Amador,005,37829,3732,3710,33,3743,46
2021-06-11,Butte,007,227075,12710,12576,1845,14421,194
2021-06-11,Calaveras,009,45235,2190,2188,14,2202,55
2021-06-11,Colusa,011,21464,1962,1964,317,2281,15
2021-06-11,Contra Costa,013,1133247,70440,69940,1316,71256,808
2021-06-11,Del Norte,015,27424,1438,1409,13,1422,8
2021-06-11,El Dorado,017,186661,10378,10316,746,11062,113
2021-06-11,Fresno,019,978130,103187,102770,8779,111549,1720
2021-06-11,Glenn,021,27897,2444,2425,567,2992,19
2021-06-11,Humboldt,023,135768,4401,4389,39,4428,42
2021-06-11,Imperial,025,180216,28711,28793,2945,31738,741
2021-06-11,Inyo,027,18085,1406,1405,12,1417,35
2021-06-11,Kern,029,883053,97675,96718,11072,107790,1340
2021-06-11,Kings,031,150075,23225,23069,1097,24166,245
2021-06-11,Lake,033,64148,3566,3550,9,3559,45
2021-06-11,Lassen,035,31185,5251,5204,116,5320,18
2021-06-11,Los Angeles,037,10098052,1208221,1204259,42068,1246327,24434
2021-06-11,Madera,039,155013,16713,16582,945,17527,240
2021-06-11,Marin,041,260295,14163,14116,266,14382,229
2021-06-11,Mariposa,043,17540,438,434,11,445,5
2021-06-11,Mendocino,045,87422,4105,4022,82,4104,49
2021-06-11,Merced,047,269075,31164,31231,1062,32293,461
2021-06-11,Modoc,049,8938,399,382,141,523,3
2021-06-11,Mono,051,14174,1263,1274,17,1291,3
2021-06-11,Monterey,053,433212,43285,43097,1886,44983,415
2021-06-11,Napa,055,140530,9974,9977,38,10015,80
2021-06-11,Nevada,057,99092,4909,4873,195,5068,72
2021-06-11,Orange,059,3164182,255980,254975,11467,266442,5101
2021-06-11,Placer,061,380077,23583,23330,1531,24861,294
2021-06-11,Plumas,063,18699,713,696,11,707,4
2021-06-11,Riverside,065,2383286,294936,289376,14141,303517,4451
2021-06-11,Sacramento,067,1510023,107353,107119,1812,108931,1659
2021-06-11,San Benito,069,59416,6085,6082,116,6198,63
2021-06-11,San Bernardino,071,2135413,293995,293335,9034,302369,4788
2021-06-11,San Diego,073,3302833,281909,281144,15150,296294,3768
2021-06-11,San Francisco,075,870044,36953,37177,1307,38484,555
2021-06-11,San Joaquin,077,732212,73706,73347,3632,76979,1397
2021-06-11,San Luis Obispo,079,281455,21490,21288,752,22040,256
2021-06-11,San Mateo,081,765935,42587,42585,479,43064,542
2021-06-11,Santa Barbara,083,443738,34472,34438,1202,35640,460
2021-06-11,Santa Clara,085,1922200,119101,119860,776,120636,2083
2021-06-11,Santa Cruz,087,273765,16265,16164,816,16980,208
2021-06-11,Shasta,089,179085,12505,12550,1620,14170,201
2021-06-11,Sierra,091,2930,59,55,12,67,0
2021-06-11,Siskiyou,093,43540,1955,1882,375,2257,25
2021-06-11,Solano,095,438530,33195,33179,563,33742,266
2021-06-11,Sonoma,097,501317,30534,30624,357,30981,323
2021-06-11,Stanislaus,099,539301,56764,56617,5996,62613,974
2021-06-11,Sutter,101,95872,9606,9600,89,9689,112
2021-06-11,Tehama,103,63373,5139,5099,595,5694,63
2021-06-11,Trinity,105,12862,487,331,97,428,3
2021-06-11,Tulare,107,460477,50376,49516,9136,58652,848
2021-06-11,Tuolumne,109,53932,4037,4104,40,4144,63
2021-06-11,Ventura,111,848112,81621,81189,3020,84209,1026
2021-06-11,Yolo,113,214977,14080,14111,334,14445,212
2021-06-11,Yuba,115,75493,6136,6113,133,6246,50
2021-06-10,Alameda,001,1643700,88803,88806,1990,90796,1275
2021-06-10,Alpine,003,1148,87,88,0,88,0
2021-06-10,Amador,005,37829,3728,3709,33,3742,46
2021-06-10,Butte,007,227075,12693,12565,1845,14410,194
2021-06-10,Calaveras,009,45235,2189,2188,14,2202,55
2021-06-10,Colusa,011,21464,1960,1964,317,2281,15
2021-06-10,Contra Costa,013,1133247,70386,69876,1316,71192,807
2021-06-10,Del Norte,015,27424,1438,1405,13,1418,8
2021-06-10,El Dorado,017,186661,10371,10314,742,11056,113
2021-06-10,Fresno,019,978130,103161,102724,8778,111502,1717
2021-06-10,Glenn,021,27897,2444,2425,567,2992,19
2021-06-10,Humboldt,023,135768,4393,4384,39,4423,42
2021-06-10,Imperial,025,180216,28705,28779,2945,31724,739
2021-06-10,Inyo,027,18085,1406,1405,12,1417,35
2021-06-10,Kern,029,883053,97661,96706,11067,107773,1336
2021-06-10,Kings,031,150075,23224,23067,1097,24164,245
2021-06-10,Lake,033,64148,3561,3550,9,3559,45
2021-06-10,Lassen,035,31185,5249,5201,116,5317,18
2021-06-10,Los Angeles,037,10098052,1208056,1204110,42051,1246161,24440
2021-06-10,Madera,039,155013,16706,16581,944,17525,240
2021-06-10,Marin,041,260295,14160,14118,266,14384,229
2021-06-10,Mariposa,043,17540,436,434,11,445,5
2021-06-10,Mendocino,045,87422,4100,4016,82,4098,48
2021-06-10,Merced,047,269075,31156,31231,1059,32290,461
2021-06-10,Modoc,049,8938,398,381,141,522,3
2021-06-10,Mono,051,14174,1262,1274,17,1291,3
2021-06-10,Monterey,053,433212,43279,43090,1886,44976,415
2021-06-10,Napa,055,140530,9973,9974,38,10012,80
2021-06-10,Nevada,057,99092,4904,4866,195,5061,72
2021-06-10,Orange,059,3164182,255950,254950,11460,266410,5097
2021-06-10,Placer,061,380077,23570,23296,1531,24827,293
2021-06-10,Plumas,063,18699,713,696,11,707,4
2021-06-10,Riverside,065,2383286,294894,289335,14136,303471,4450
2021-06-10,Sacramento,067,1510023,107291,107049,1812,108861,1658
2021-06-10,San Benito,069,59416,6085,6079,116,6195,63
2021-06-10,San Bernardino,071,2135413,293954,293281,9031,302312,4782
2021-06-10,San Diego,073,3302833,281851,281052,15133,296185,3766
2021-06-10,San Francisco,075,870044,36943,37159,1305,38464,552
2021-06-10,San Joaquin,077,732212,73672,73276,3631,76907,1393
2021-06-10,San Luis Obispo,079,281455,21487,21280,752,22032,256
2021-06-10,San Mateo,081,765935,42580,42562,479,43041,666
2021-06-10,Santa Barbara,083,443738,34468,34434,1202,35636,460
2021-06-10,Santa Clara,085,1922200,119066,119832,775,120607,2075
2021-06-10,Santa Cruz,087,273765,16264,16159,816,16975,208
2021-06-10,Shasta,089,179085,12495,12536,1619,14155,201
2021-06-10,Sierra,091,2930,58,55,12,67,0
2021-06-10,Siskiyou,093,43540,1955,1881,375,2256,25
2021-06-10,Solano,095,438530,33178,33150,562,33712,265
2021-06-10,Sonoma,097,501317,30499,30571,355,30926,323
2021-06-10,Stanislaus,099,539301,56743,56588,5992,62580,974
2021-06-10,Sutter,101,95872,9599,9594,89,9683,112
2021-06-10,Tehama,103,63373,5139,5096,595,5691,63
2021-06-10,Trinity,105,12862,487,331,97,428,3
2021-06-10,Tulare,107,460477,50368,49503,9136,58639,848
2021-06-10,Tuolumne,109,53932,4037,4100,40,4140,63
2021-06-10,Ventura,111,848112,81610,81172,3019,84191,1026
2021-06-10,Yolo,113,214977,14077,14107,334,14441,212
2021-06-10,Yuba,115,75493,6132,6112,133,6245,50
2021-06-09,Alameda,001,1643700,88760,88762,1989,90751,1271
2021-06-09,Alpine,003,1148,87,88,0,88,0
2021-06-09,Amador,005,37829,3724,3706,33,3739,46
2021-06-09,Butte,007,227075,12687,12555,1843,14398,194
2021-06-09,Calaveras,009,45235,2187,2184,14,2198,55
2021-06-09,Colusa,011,21464,1960,1962,316,2278,15
2021-06-09,Contra Costa,013,1133247,70349,69829,1315,71144,803
2021-06-09,Del Norte,015,27424,1434,1403,13,1416,8
2021-06-09,El Dorado,017,186661,10368,10312,741,11053,113
2021-06-09,Fresno,019,978130,103141,102690,8774,111464,1717
2021-06-09,Glenn,021,27897,2443,2424,567,2991,19
2021-06-09,Humboldt,023,135768,4388,4379,38,4417,42
2021-06-09,Imperial,025,180216,28702,28754,2945,31699,739
2021-06-09,Inyo,027,18085,1406,1405,12,1417,35
2021-06-09,Kern,029,883053,97647,96697,11058,107755,1328
2021-06-09,Kings,031,150075,23222,23061,1097,24158,245
2021-06-09,Lake,033,64148,3558,3541,9,3550,45
2021-06-09,Lassen,035,31185,5248,5200,116,5316,18
2021-06-09,Los Angeles,037,10098052,1207871,1203955,42038,1245993,24432
2021-06-09,Madera,039,155013,16701,16580,944,17524,240
2021-06-09,Marin,041,260295,14155,14114,266,14380,229
2021-06-09,Mariposa,043,17540,436,434,11,445,5
2021-06-09,Mendocino,045,87422,4094,4008,82,4090,47
2021-06-09,Merced,047,269075,31152,31225,1059,32284,461
2021-06-09,Modoc,049,8938,396,377,140,517,3
2021-06-09,Mono,051,14174,1262,1274,17,1291,3
2021-06-09,Monterey,053,433212,43272,43082,1886,44968,415
2021-06-09,Napa,055,140530,9967,9971,38,10009,80
2021-06-09,Nevada,057,99092,4894,4863,194,5057,72
2021-06-09,Orange,059,3164182,255906,254893,11456,266349,5080
2021-06-09,Placer,061,380077,23551,23237,1531,24768,293
2021-06-09,Plumas,063,18699,712,697,11,708,4
2021-06-09,Riverside,065,2383286,294848,289299,14134,303433,4450
2021-06-09,Sacramento,067,1510023,107229,106971,1809,108780,1657
2021-06-09,San Benito,069,59416,6081,6078,116,6194,63
2021-06-09,San Bernardino,071,2135413,293912,293222,9031,302253,4782
2021-06-09,San Diego,073,3302833,281787,280941,15121,296062,3765
2021-06-09,San Francisco,075,870044,36930,37143,1304,38447,552
2021-06-09,San Joaquin,077,732212,73646,73232,3630,76862,1392
2021-06-09,San Luis Obispo,079,281455,21486,21259,752,22011,256
2021-06-09,San Mateo,081,765935,42564,42502,477,42979,666
2021-06-09,Santa Barbara,083,443738,34457,34422,1202,35624,460
2021-06-09,Santa Clara,085,1922200,119028,119793,774,120567,2068
2021-06-09,Santa Cruz,087,273765,16261,16155,816,16971,208
2021-06-09,Shasta,089,179085,12485,12521,1617,14138,201
2021-06-09,Sierra,091,2930,57,55,12,67,0
2021-06-09,Siskiyou,093,43540,1954,1871,375,2246,25
2021-06-09,Solano,095,438530,33162,33137,561,33698,264
2021-06-09,Sonoma,097,501317,30477,30540,355,30895,323
2021-06-09,Stanislaus,099,539301,56723,56560,5989,62549,974
2021-06-09,Sutter,101,95872,9590,9586,88,9674,111
2021-06-09,Tehama,103,63373,5138,5093,595,5688,63
2021-06-09,Trinity,105,12862,486,331,97,428,3
2021-06-09,Tulare,107,460477,50364,49496,9134,58630,847
2021-06-09,Tuolumne,109,53932,4034,4100,40,4140,63
2021-06-09,Ventura,111,848112,81600,81154,3018,84172,1026
2021-06-09,Yolo,113,214977,14075,14102,333,14435,212
2021-06-09,Yuba,115,75493,6128,6109,133,6242,50
2021-06-08,Alameda,001,1643700,88712,88731,1989,90720,1267
2021-06-08,Alpine,003,1148,87,88,0,88,0
2021-06-08,Amador,005,37829,3723,3704,33,3737,46
2021-06-08,Butte,007,227075,12681,12540,1841,14381,194
2021-06-08,Calaveras,009,45235,2186,2181,14,2195,55
2021-06-08,Colusa,011,21464,1960,1961,316,2277,15
2021-06-08,Contra Costa,013,1133247,70301,69762,1314,71076,803
2021-06-08,Del Norte,015,27424,1432,1402,13,1415,8
2021-06-08,El Dorado,017,186661,10363,10306,739,11045,113
2021-06-08,Fresno,019,978130,103116,102680,8772,111452,1717
2021-06-08,Glenn,021,27897,2442,2423,567,2990,19
2021-06-08,Humboldt,023,135768,4383,4363,38,4401,42
2021-06-08,Imperial,025,180216,28693,28752,2945,31697,738
2021-06-08,Inyo,027,18085,1406,1405,12,1417,35
2021-06-08,Kern,029,883053,97628,96671,11051,107722,1325
2021-06-08,Kings,031,150075,23221,23036,1097,24133,245
2021-06-08,Lake,033,64148,3557,3540,9,3549,45
2021-06-08,Lassen,035,31185,5248,5200,116,5316,18
2021-06-08,Los Angeles,037,10098052,1207674,1203794,42026,1245820,24426
2021-06-08,Madera,039,155013,16695,16579,943,17522,240
2021-06-08,Marin,041,260295,14153,14111,265,14376,229
2021-06-08,Mariposa,043,17540,436,434,11,445,5
2021-06-08,Mendocino,045,87422,4087,4002,82,4084,47
2021-06-08,Merced,047,269075,31144,31225,1059,32284,461
2021-06-08,Modoc,049,8938,390,377,139,516,3
2021-06-08,Mono,051,14174,1262,1274,17,1291,3
2021-06-08,Monterey,053,433212,43266,43078,1885,44963,415
2021-06-08,Napa,055,140530,9963,9962,38,10000,80
2021-06-08,Nevada,057,99092,4889,4861,194,5055,72
2021-06-08,Orange,059,3164182,255864,254852,11449,266301,5078
2021-06-08,Placer,061,380077,23533,23209,1527,24736,293
2021-06-08,Plumas,063,18699,712,692,11,703,4
2021-06-08,Riverside,065,2383286,294812,289268,14126,303394,4452
2021-06-08,Sacramento,067,1510023,107167,106901,1806,108707,1654
2021-06-08,San Benito,069,59416,6079,6076,116,6192,63
2021-06-08,San Bernardino,071,2135413,293863,293186,9027,302213,4778
2021-06-08,San Diego,073,3302833,281724,280879,15112,295991,3764
2021-06-08,San Francisco,075,870044,36915,37134,1303,38437,552
2021-06-08,San Joaquin,077,732212,73602,73186,3625,76811,1390
2021-06-08,San Luis Obispo,079,281455,21480,21251,751,22002,255
2021-06-08,San Mateo,081,765935,42551,42488,477,42965,663
2021-06-08,Santa Barbara,083,443738,34453,34418,1202,35620,459
2021-06-08,Santa Clara,085,1922200,119007,119770,773,120543,2068
2021-06-08,Santa Cruz,087,273765,16258,16160,816,16976,208
2021-06-08,Shasta,089,179085,12470,12498,1617,14115,201
2021-06-08,Sierra,091,2930,57,55,12,67,0
2021-06-08,Siskiyou,093,43540,1952,1870,373,2243,21
2021-06-08,Solano,095,438530,33141,33130,561,33691,259
2021-06-08,Sonoma,097,501317,30450,30523,353,30876,323
2021-06-08,Stanislaus,099,539301,56696,56548,5987,62535,973
2021-06-08,Sutter,101,95872,9587,9581,88,9669,111
2021-06-08,Tehama,103,63373,5135,5093,595,5688,63
2021-06-08,Trinity,105,12862,486,330,96,426,3
2021-06-08,Tulare,107,460477,50352,49485,9129,58614,847
2021-06-08,Tuolumne,109,53932,4031,4099,40,4139,63
2021-06-08,Ventura,111,848112,81584,81142,3017,84159,1026
2021-06-08,Yolo,113,214977,14070,14099,332,14431,212
2021-06-08,Yuba,115,75493,6126,6103,133,6236,50
2021-06-07,Alameda,001,1643700,88655,88688,1989,90677,1267
2021-06-07,Alpine,003,1148,87,88,0,88,0
2021-06-07,Amador,005,37829,3713,3697,33,3730,46
2021-06-07,Butte,007,227075,12674,12533,1840,14373,194
2021-06-07,Calaveras,009,45235,2185,2181,14,2195,55
2021-06-07,Colusa,011,21464,1959,1960,316,2276,15
2021-06-07,Contra Costa,013,1133247,70244,69718,1313,71031,817
2021-06-07,Del Norte,015,27424,1432,1401,13,1414,8
2021-06-07,El Dorado,017,186661,10358,10305,739,11044,113
2021-06-07,Fresno,019,978130,103084,102659,8764,111423,1717
2021-06-07,Glenn,021,27897,2442,2423,567,2990,19
2021-06-07,Humboldt,023,135768,4375,4354,38,4392,42
2021-06-07,Imperial,025,180216,28691,28754,2944,31698,738
2021-06-07,Inyo,027,18085,1406,1404,12,1416,35
2021-06-07,Kern,029,883053,97612,96645,11044,107689,1324
2021-06-07,Kings,031,150075,23217,23023,1097,24120,244
2021-06-07,Lake,033,64148,3555,3540,9,3549,45
2021-06-07,Lassen,035,31185,5243,5198,116,5314,18
2021-06-07,Los Angeles,037,10098052,1207451,1203664,42011,1245675,24413
2021-06-07,Madera,039,155013,16688,16572,943,17515,240
2021-06-07,Marin,041,260295,14149,14108,264,14372,229
2021-06-07,Mariposa,043,17540,436,434,11,445,5
2021-06-07,Mendocino,045,87422,4081,3998,82,4080,47
2021-06-07,Merced,047,269075,31132,31212,1058,32270,459
2021-06-07,Modoc,049,8938,389,375,136,511,3
2021-06-07,Mono,051,14174,1262,1275,17,1292,3
2021-06-07,Monterey,053,433212,43259,43077,1885,44962,415
2021-06-07,Napa,055,140530,9955,9962,38,10000,80
2021-06-07,Nevada,057,99092,4887,4860,194,5054,72
2021-06-07,Orange,059,3164182,255824,254808,11442,266250,5073
2021-06-07,Placer,061,380077,23514,23176,1525,24701,293
2021-06-07,Plumas,063,18699,712,692,11,703,4
2021-06-07,Riverside,065,2383286,294769,289232,14122,303354,4451
2021-06-07,Sacramento,067,1510023,107091,106841,1803,108644,1655
2021-06-07,San Benito,069,59416,6078,6074,116,6190,63
2021-06-07,San Bernardino,071,2135413,293825,293129,9026,302155,4775
2021-06-07,San Diego,073,3302833,281642,280808,15099,295907,3764
2021-06-07,San Francisco,075,870044,36899,37122,1303,38425,552
2021-06-07,San Joaquin,077,732212,73557,73130,3618,76748,1388
2021-06-07,San Luis Obispo,079,281455,21467,21252,751,22003,255
2021-06-07,San Mateo,081,765935,42535,42479,477,42956,664
2021-06-07,Santa Barbara,083,443738,34447,34407,1202,35609,459
2021-06-07,Santa Clara,085,1922200,118975,119743,773,120516,2066
2021-06-07,Santa Cruz,087,273765,16256,16159,816,16975,208
2021-06-07,Shasta,089,179085,12456,12483,1612,14095,200
2021-06-07,Sierra,091,2930,57,55,12,67,0
2021-06-07,Siskiyou,093,43540,1952,1869,373,2242,21
2021-06-07,Solano,095,438530,33119,33124,560,33684,258
2021-06-07,Sonoma,097,501317,30414,30504,352,30856,323
2021-06-07,Stanislaus,099,539301,56663,56521,5985,62506,972
2021-06-07,Sutter,101,95872,9583,9571,88,9659,111
2021-06-07,Tehama,103,63373,5131,5092,593,5685,63
2021-06-07,Trinity,105,12862,486,329,96,425,3
2021-06-07,Tulare,107,460477,50346,49471,9129,58600,847
2021-06-07,Tuolumne,109,53932,4030,4098,40,4138,63
2021-06-07,Ventura,111,848112,81567,81137,3016,84153,1025
2021-06-07,Yolo,113,214977,14065,14097,331,14428,211
2021-06-07,Yuba,115,75493,6124,6099,130,6229,49
2021-06-06,Alameda,001,1643700,88617,88636,1988,90624,1267
2021-06-06,Alpine,003,1148,87,88,0,88,0
2021-06-06,Amador,005,37829,3710,3696,33,3729,46
2021-06-06,Butte,007,227075,12663,12527,1839,14366,194
2021-06-06,Calaveras,009,45235,2184,2181,14,2195,55
2021-06-06,Colusa,011,21464,1957,1959,316,2275,15
2021-06-06,Contra Costa,013,1133247,70179,69659,1311,70970,817
2021-06-06,Del Norte,015,27424,1427,1401,13,1414,8
2021-06-06,El Dorado,017,186661,10351,10294,739,11033,113
2021-06-06,Fresno,019,978130,103051,102642,8761,111403,1717
2021-06-06,Glenn,021,27897,2441,2423,567,2990,19
2021-06-06,Humboldt,023,135768,4364,4353,38,4391,42
2021-06-06,Imperial,025,180216,28685,28762,2943,31705,738
2021-06-06,Inyo,027,18085,1405,1404,12,1416,35
2021-06-06,Kern,029,883053,97594,96623,11037,107660,1324
2021-06-06,Kings,031,150075,23211,23021,1097,24118,244
2021-06-06,Lake,033,64148,3555,3535,9,3544,45
2021-06-06,Lassen,035,31185,5241,5191,116,5307,18
2021-06-06,Los Angeles,037,10098052,1207251,1203539,41996,1245535,24410
2021-06-06,Madera,039,155013,16681,16567,943,17510,240
2021-06-06,Marin,041,260295,14143,14106,263,14369,229
2021-06-06,Mariposa,043,17540,435,435,11,446,5
2021-06-06,Mendocino,045,87422,4077,3993,82,4075,47
2021-06-06,Merced,047,269075,31126,31215,1057,32272,459
2021-06-06,Modoc,049,8938,389,375,135,510,3
2021-06-06,Mono,051,14174,1262,1275,17,1292,3
2021-06-06,Monterey,053,433212,43254,43078,1885,44963,415
2021-06-06,Napa,055,140530,9949,9963,38,10001,80
2021-06-06,Nevada,057,99092,4880,4854,193,5047,72
2021-06-06,Orange,059,3164182,255788,254782,11437,266219,5073
2021-06-06,Placer,061,380077,23489,23156,1522,24678,293
2021-06-06,Plumas,063,18699,712,692,11,703,4
2021-06-06,Riverside,065,2383286,294730,289201,14116,303317,4451
2021-06-06,Sacramento,067,1510023,107005,106749,1802,108551,1655
2021-06-06,San Benito,069,59416,6072,6074,116,6190,63
2021-06-06,San Bernardino,071,2135413,293769,293117,9017,302134,4773
2021-06-06,San Diego,073,3302833,281562,280743,15082,295825,3764
2021-06-06,San Francisco,075,870044,36886,37118,1301,38419,552
2021-06-06,San Joaquin,077,732212,73525,73105,3614,76719,1388
2021-06-06,San Luis Obispo,079,281455,21464,21246,751,21997,255
2021-06-06,San Mateo,081,765935,42518,42457,477,42934,664
2021-06-06,Santa Barbara,083,443738,34443,34403,1201,35604,459
2021-06-06,Santa Clara,085,1922200,118953,119711,773,120484,2066
2021-06-06,Santa Cruz,087,273765,16255,16158,816,16974,208
2021-06-06,Shasta,089,179085,12441,12478,1609,14087,200
2021-06-06,Sierra,091,2930,57,55,12,67,0
2021-06-06,Siskiyou,093,43540,1949,1869,373,2242,21
2021-06-06,Solano,095,438530,33092,33093,560,33653,258
2021-06-06,Sonoma,097,501317,30383,30478,351,30829,323
2021-06-06,Stanislaus,099,539301,56627,56486,5982,62468,972
2021-06-06,Sutter,101,95872,9576,9567,88,9655,111
2021-06-06,Tehama,103,63373,5121,5092,591,5683,63
2021-06-06,Trinity,105,12862,486,328,96,424,3
2021-06-06,Tulare,107,460477,50338,49466,9124,58590,847
2021-06-06,Tuolumne,109,53932,4028,4097,40,4137,63
2021-06-06,Ventura,111,848112,81556,81130,3013,84143,1025
2021-06-06,Yolo,113,214977,14057,14089,330,14419,210
2021-06-06,Yuba,115,75493,6116,6096,130,6226,49
2021-06-05,Alameda,001,1643700,88584,88612,1988,90600,1268
2021-06-05,Alpine,003,1148,87,88,0,88,0
2021-06-05,Amador,005,37829,3710,3694,33,3727,46
2021-06-05,Butte,007,227075,12657,12514,1838,14352,194
2021-06-05,Calaveras,009,45235,2184,2181,14,2195,55
2021-06-05,Colusa,011,21464,1957,1959,316,2275,15
2021-06-05,Contra Costa,013,1133247,70150,69601,1311,70912,817
2021-06-05,Del Norte,015,27424,1427,1400,13,1413,8
2021-06-05,El Dorado,017,186661,10349,10288,738,11026,113
2021-06-05,Fresno,019,978130,103042,102626,8761,111387,1717
2021-06-05,Glenn,021,27897,2440,2423,567,2990,19
2021-06-05,Humboldt,023,135768,4359,4346,38,4384,42
2021-06-05,Imperial,025,180216,28682,28764,2942,31706,738
2021-06-05,Inyo,027,18085,1405,1405,12,1417,35
2021-06-05,Kern,029,883053,97581,96597,11033,107630,1324
2021-06-05,Kings,031,150075,23208,23017,1097,24114,244
2021-06-05,Lake,033,64148,3552,3534,9,3543,45
2021-06-05,Lassen,035,31185,5240,5191,116,5307,18
2021-06-05,Los Angeles,037,10098052,1207124,1203338,41985,1245323,24411
2021-06-05,Madera,039,155013,16677,16563,943,17506,240
2021-06-05,Marin,041,260295,14141,14101,263,14364,229
2021-06-05,Mariposa,043,17540,435,435,11,446,5
2021-06-05,Mendocino,045,87422,4074,3989,82,4071,47
2021-06-05,Merced,047,269075,31124,31212,1056,32268,459
2021-06-05,Modoc,049,8938,389,375,134,509,3
2021-06-05,Mono,051,14174,1262,1274,17,1291,3
2021-06-05,Monterey,053,433212,43250,43071,1884,44955,415
2021-06-05,Napa,055,140530,9944,9960,38,9998,80
2021-06-05,Nevada,057,99092,4878,4849,193,5042,72
2021-06-05,Orange,059,3164182,255764,254752,11434,266186,5069
2021-06-05,Placer,061,380077,23473,23133,1522,24655,293
2021-06-05,Plumas,063,18699,712,692,11,703,4
2021-06-05,Riverside,065,2383286,294695,289157,14112,303269,4451
2021-06-05,Sacramento,067,1510023,106953,106688,1800,108488,1655
2021-06-05,San Benito,069,59416,6070,6074,116,6190,63
2021-06-05,San Bernardino,071,2135413,293736,293081,9015,302096,4772
2021-06-05,San Diego,073,3302833,281521,280676,15069,295745,3764
2021-06-05,San Francisco,075,870044,36877,37111,1301,38412,552
2021-06-05,San Joaquin,077,732212,73509,73078,3608,76686,1388
2021-06-05,San Luis Obispo,079,281455,21461,21236,751,21987,255
2021-06-05,San Mateo,081,765935,42508,42433,477,42910,664
2021-06-05,Santa Barbara,083,443738,34440,34399,1200,35599,459
2021-06-05,Santa Clara,085,1922200,118931,119676,771,120447,2066
2021-06-05,Santa Cruz,087,273765,16255,16154,816,16970,208
2021-06-05,Shasta,089,179085,12431,12472,1608,14080,200
2021-06-05,Sierra,091,2930,57,55,12,67,0
2021-06-05,Siskiyou,093,43540,1949,1867,373,2240,21
2021-06-05,Solano,095,438530,33077,33074,560,33634,257
2021-06-05,Sonoma,097,501317,30356,30450,349,30799,323
2021-06-05,Stanislaus,099,539301,56619,56463,5980,62443,973
2021-06-05,Sutter,101,95872,9573,9559,88,9647,111
2021-06-05,Tehama,103,63373,5120,5092,590,5682,63
2021-06-05,Trinity,105,12862,486,328,96,424,3
2021-06-05,Tulare,107,460477,50332,49463,9124,58587,847
2021-06-05,Tuolumne,109,53932,4026,4098,40,4138,63
2021-06-05,Ventura,111,848112,81547,81119,3011,84130,1025
2021-06-05,Yolo,113,214977,14055,14088,330,14418,210
2021-06-05,Yuba,115,75493,6115,6087,130,6217,49
2021-06-04,Alameda,001,1643700,88557,88585,1985,90570,1263
2021-06-04,Alpine,003,1148,87,88,0,88,0
2021-06-04,Amador,005,37829,3710,3690,33,3723,46
2021-06-04,Butte,007,227075,12646,12494,1835,14329,193
2021-06-04,Calaveras,009,45235,2184,2179,14,2193,55
2021-06-04,Colusa,011,21464,1957,1959,316,2275,15
2021-06-04,Contra Costa,013,1133247,70115,69540,1308,70848,816
2021-06-04,Del Norte,015,27424,1427,1398,13,1411,8
2021-06-04,El Dorado,017,186661,10345,10284,736,11020,112
2021-06-04,Fresno,019,978130,103026,102601,8761,111362,1712
2021-06-04,Glenn,021,27897,2440,2423,566,2989,19
2021-06-04,Humboldt,023,135768,4354,4327,38,4365,42
2021-06-04,Imperial,025,180216,28678,28753,2942,31695,738
2021-06-04,Inyo,027,18085,1405,1404,12,1416,35
2021-06-04,Kern,029,883053,97563,96573,11031,107604,1327
2021-06-04,Kings,031,150075,23207,23002,1097,24099,244
2021-06-04,Lake,033,64148,3550,3528,9,3537,45
2021-06-04,Lassen,035,31185,5240,5180,116,5296,18
2021-06-04,Los Angeles,037,10098052,1207000,1203106,41976,1245082,24400
2021-06-04,Madera,039,155013,16675,16557,943,17500,240
2021-06-04,Marin,041,260295,14140,14099,262,14361,229
2021-06-04,Mariposa,043,17540,435,435,11,446,5
2021-06-04,Mendocino,045,87422,4065,3983,82,4065,47
2021-06-04,Merced,047,269075,31119,31204,1055,32259,459
2021-06-04,Modoc,049,8938,387,375,134,509,3
2021-06-04,Mono,051,14174,1262,1275,17,1292,3
2021-06-04,Monterey,053,433212,43246,43068,1884,44952,415
2021-06-04,Napa,055,140530,9940,9958,38,9996,80
2021-06-04,Nevada,057,99092,4874,4844,193,5037,72
2021-06-04,Orange,059,3164182,255727,254730,11431,266161,5059
2021-06-04,Placer,061,380077,23457,23110,1521,24631,293
2021-06-04,Plumas,063,18699,712,691,11,702,4
2021-06-04,Riverside,065,2383286,294669,289098,14108,303206,4452
2021-06-04,Sacramento,067,1510023,106899,106616,1799,108415,1654
2021-06-04,San Benito,069,59416,6068,6073,116,6189,63
2021-06-04,San Bernardino,071,2135413,293713,293056,9013,302069,4768
2021-06-04,San Diego,073,3302833,281478,280556,15062,295618,3763
2021-06-04,San Francisco,075,870044,36872,37079,1300,38379,551
2021-06-04,San Joaquin,077,732212,73490,73039,3606,76645,1388
2021-06-04,San Luis Obispo,079,281455,21458,21234,750,21984,255
2021-06-04,San Mateo,081,765935,42496,42413,477,42890,478
2021-06-04,Santa Barbara,083,443738,34434,34402,1199,35601,459
2021-06-04,Santa Clara,085,1922200,118901,119619,771,120390,2065
2021-06-04,Santa Cruz,087,273765,16253,16150,816,16966,207
2021-06-04,Shasta,089,179085,12425,12458,1603,14061,200
2021-06-04,Sierra,091,2930,57,55,12,67,0
2021-06-04,Siskiyou,093,43540,1948,1865,373,2238,21
2021-06-04,Solano,095,438530,33066,33058,560,33618,256
2021-06-04,Sonoma,097,501317,30335,30411,349,30760,323
2021-06-04,Stanislaus,099,539301,56604,56442,5978,62420,973
2021-06-04,Sutter,101,95872,9568,9554,88,9642,111
2021-06-04,Tehama,103,63373,5115,5090,590,5680,63
2021-06-04,Trinity,105,12862,486,328,96,424,3
2021-06-04,Tulare,107,460477,50323,49452,9122,58574,847
2021-06-04,Tuolumne,109,53932,4025,4095,40,4135,63
2021-06-04,Ventura,111,848112,81540,81104,3009,84113,1023
2021-06-04,Yolo,113,214977,14053,14083,330,14413,210
2021-06-04,Yuba,115,75493,6112,6084,130,6214,49
2021-06-03,Alameda,001,1643700,88519,88555,1982,90537,1257
2021-06-03,Alpine,003,1148,87,88,0,88,0
2021-06-03,Amador,005,37829,3702,3688,33,3721,46
2021-06-03,Butte,007,227075,12642,12478,1834,14312,193
2021-06-03,Calaveras,009,45235,2184,2179,14,2193,55
2021-06-03,Colusa,011,21464,1957,1957,316,2273,15
2021-06-03,Contra Costa,013,1133247,70061,69500,1303,70803,816
2021-06-03,Del Norte,015,27424,1425,1397,13,1410,8
2021-06-03,El Dorado,017,186661,10339,10284,733,11017,112
2021-06-03,Fresno,019,978130,103009,102566,8761,111327,1709
2021-06-03,Glenn,021,27897,2440,2421,566,2987,19
2021-06-03,Humboldt,023,135768,4346,4314,38,4352,42
2021-06-03,Imperial,025,180216,28666,28737,2942,31679,738
2021-06-03,Inyo,027,18085,1405,1404,12,1416,35
2021-06-03,Kern,029,883053,97536,96507,11017,107524,1326
2021-06-03,Kings,031,150075,23203,22982,1097,24079,244
2021-06-03,Lake,033,64148,3548,3526,9,3535,45
2021-06-03,Lassen,035,31185,5231,5177,116,5293,12
2021-06-03,Los Angeles,037,10098052,1206825,1202923,41968,1244891,24386
2021-06-03,Madera,039,155013,16668,16554,943,17497,240
2021-06-03,Marin,041,260295,14135,14095,262,14357,230
2021-06-03,Mariposa,043,17540,435,435,11,446,5
2021-06-03,Mendocino,045,87422,4058,3978,82,4060,47
2021-06-03,Merced,047,269075,31116,31199,1055,32254,459
2021-06-03,Modoc,049,8938,386,376,133,509,3
2021-06-03,Mono,051,14174,1262,1275,17,1292,3
2021-06-03,Monterey,053,433212,43243,43063,1884,44947,415
2021-06-03,Napa,055,140530,9933,9957,38,9995,81
2021-06-03,Nevada,057,99092,4870,4837,193,5030,72
2021-06-03,Orange,059,3164182,255699,254676,11421,266097,5056
2021-06-03,Placer,061,380077,23448,23100,1520,24620,293
2021-06-03,Plumas,063,18699,712,691,11,702,4
2021-06-03,Riverside,065,2383286,294614,289035,14104,303139,4447
2021-06-03,Sacramento,067,1510023,106821,106526,1797,108323,1654
2021-06-03,San Benito,069,59416,6068,6073,116,6189,63
2021-06-03,San Bernardino,071,2135413,293681,293021,9013,302034,4762
2021-06-03,San Diego,073,3302833,281414,280430,15052,295482,3761
2021-06-03,San Francisco,075,870044,36866,37072,1300,38372,551
2021-06-03,San Joaquin,077,732212,73462,72989,3602,76591,1388
2021-06-03,San Luis Obispo,079,281455,21453,21224,750,21974,255
2021-06-03,San Mateo,081,765935,42483,42396,477,42873,467
2021-06-03,Santa Barbara,083,443738,34431,34391,1199,35590,459
2021-06-03,Santa Clara,085,1922200,118879,119592,769,120361,2058
2021-06-03,Santa Cruz,087,273765,16251,16144,816,16960,207
2021-06-03,Shasta,089,179085,12410,12441,1600,14041,199
2021-06-03,Sierra,091,2930,57,55,12,67,0
2021-06-03,Siskiyou,093,43540,1948,1862,372,2234,21
2021-06-03,Solano,095,438530,33052,33019,560,33579,256
2021-06-03,Sonoma,097,501317,30313,30383,348,30731,322
2021-06-03,Stanislaus,099,539301,56586,56401,5972,62373,973
2021-06-03,Sutter,101,95872,9559,9539,88,9627,111
2021-06-03,Tehama,103,63373,5115,5087,590,5677,63
2021-06-03,Trinity,105,12862,486,328,96,424,3
2021-06-03,Tulare,107,460477,50320,49442,9118,58560,848
2021-06-03,Tuolumne,109,53932,4023,4095,40,4135,63
2021-06-03,Ventura,111,848112,81528,81078,3007,84085,1023
2021-06-03,Yolo,113,214977,14049,14078,327,14405,210
2021-06-03,Yuba,115,75493,6105,6077,130,6207,49
2021-06-02,Alameda,001,1643700,88474,88525,1980,90505,1254
2021-06-02,Alpine,003,1148,87,88,0,88,0
2021-06-02,Amador,005,37829,3700,3687,33,3720,46
2021-06-02,Butte,007,227075,12622,12432,1831,14263,193
2021-06-02,Calaveras,009,45235,2181,2174,14,2188,55
2021-06-02,Colusa,011,21464,1956,1957,316,2273,15
2021-06-02,Contra Costa,013,1133247,70010,69455,1301,70756,814
2021-06-02,Del Norte,015,27424,1423,1395,13,1408,8
2021-06-02,El Dorado,017,186661,10335,10275,733,11008,110
2021-06-02,Fresno,019,978130,102985,102547,8758,111305,1707
2021-06-02,Glenn,021,27897,2440,2421,566,2987,19
2021-06-02,Humboldt,023,135768,4331,4302,38,4340,42
2021-06-02,Imperial,025,180216,28660,28737,2941,31678,738
2021-06-02,Inyo,027,18085,1404,1403,12,1415,35
2021-06-02,Kern,029,883053,97509,96481,11010,107491,1326
2021-06-02,Kings,031,150075,23201,22981,1097,24078,244
2021-06-02,Lake,033,64148,3543,3522,9,3531,45
2021-06-02,Lassen,035,31185,5230,5177,116,5293,6
2021-06-02,Los Angeles,037,10098052,1206622,1202760,41958,1244718,24375
2021-06-02,Madera,039,155013,16660,16550,943,17493,240
2021-06-02,Marin,041,260295,14133,14091,261,14352,229
2021-06-02,Mariposa,043,17540,435,434,11,445,5
2021-06-02,Mendocino,045,87422,4052,3970,82,4052,47
2021-06-02,Merced,047,269075,31103,31195,1054,32249,458
2021-06-02,Modoc,049,8938,385,375,132,507,3
2021-06-02,Mono,051,14174,1262,1275,17,1292,3
2021-06-02,Monterey,053,433212,43241,43056,1884,44940,380
2021-06-02,Napa,055,140530,9932,9953,38,9991,82
2021-06-02,Nevada,057,99092,4867,4833,193,5026,72
2021-06-02,Orange,059,3164182,255650,254637,11416,266053,5055
2021-06-02,Placer,061,380077,23427,23058,1518,24576,293
2021-06-02,Plumas,063,18699,712,690,11,701,4
2021-06-02,Riverside,065,2383286,294555,289012,14094,303106,4445
2021-06-02,Sacramento,067,1510023,106756,106435,1791,108226,1649
2021-06-02,San Benito,069,59416,6067,6073,116,6189,63
2021-06-02,San Bernardino,071,2135413,293633,293004,9008,302012,4760
2021-06-02,San Diego,073,3302833,281334,280347,15031,295378,3760
2021-06-02,San Francisco,075,870044,36846,37050,1299,38349,550
2021-06-02,San Joaquin,077,732212,73431,72893,3599,76492,1387
2021-06-02,San Luis Obispo,079,281455,21446,21214,749,21963,255
2021-06-02,San Mateo,081,765935,42473,42383,476,42859,464
2021-06-02,Santa Barbara,083,443738,34424,34381,1199,35580,456
2021-06-02,Santa Clara,085,1922200,118851,119553,768,120321,2058
2021-06-02,Santa Cruz,087,273765,16248,16144,816,16960,207
2021-06-02,Shasta,089,179085,12392,12426,1595,14021,199
2021-06-02,Sierra,091,2930,57,55,12,67,0
2021-06-02,Siskiyou,093,43540,1948,1861,370,2231,21
2021-06-02,Solano,095,438530,33040,33007,559,33566,256
2021-06-02,Sonoma,097,501317,30294,30359,343,30702,322
2021-06-02,Stanislaus,099,539301,56568,56377,5967,62344,973
2021-06-02,Sutter,101,95872,9556,9533,88,9621,111
2021-06-02,Tehama,103,63373,5112,5081,590,5671,63
2021-06-02,Trinity,105,12862,484,328,96,424,3
2021-06-02,Tulare,107,460477,50311,49434,9114,58548,846
2021-06-02,Tuolumne,109,53932,4022,4095,40,4135,63
2021-06-02,Ventura,111,848112,81503,81033,3007,84040,1020
2021-06-02,Yolo,113,214977,14046,14074,326,14400,210
2021-06-02,Yuba,115,75493,6099,6072,130,6202,48
2021-06-01,Alameda,001,1643700,88439,88472,1978,90450,1253
2021-06-01,Alpine,003,1148,87,88,0,88,0
2021-06-01,Amador,005,37829,3698,3687,33,3720,46
2021-06-01,Butte,007,227075,12608,12427,1830,14257,193
2021-06-01,Calaveras,009,45235,2179,2173,14,2187,55
2021-06-01,Colusa,011,21464,1955,1955,315,2270,15
2021-06-01,Contra Costa,013,1133247,69952,69404,1301,70705,813
2021-06-01,Del Norte,015,27424,1422,1394,13,1407,8
2021-06-01,El Dorado,017,186661,10329,10271,733,11004,110
2021-06-01,Fresno,019,978130,102961,102534,8755,111289,1706
2021-06-01,Glenn,021,27897,2440,2422,566,2988,18
2021-06-01,Humboldt,023,135768,4321,4299,38,4337,42
2021-06-01,Imperial,025,180216,28656,28722,2937,31659,736
2021-06-01,Inyo,027,18085,1404,1403,12,1415,35
2021-06-01,Kern,029,883053,97482,96477,11002,107479,1319
2021-06-01,Kings,031,150075,23197,22977,1097,24074,244
2021-06-01,Lake,033,64148,3542,3523,9,3532,45
2021-06-01,Lassen,035,31185,5223,5172,116,5288,6
2021-06-01,Los Angeles,037,10098052,1206387,1202673,41944,1244617,24367
2021-06-01,Madera,039,155013,16651,16549,942,17491,240
2021-06-01,Marin,041,260295,14131,14081,261,14342,229
2021-06-01,Mariposa,043,17540,435,431,11,442,5
2021-06-01,Mendocino,045,87422,4045,3966,82,4048,47
2021-06-01,Merced,047,269075,31093,31195,1054,32249,456
2021-06-01,Modoc,049,8938,383,375,132,507,3
2021-06-01,Mono,051,14174,1262,1275,17,1292,3
2021-06-01,Monterey,053,433212,43235,43051,1884,44935,379
2021-06-01,Napa,055,140530,9930,9949,38,9987,82
2021-06-01,Nevada,057,99092,4862,4825,193,5018,72
2021-06-01,Orange,059,3164182,255614,254603,11408,266011,5051
2021-06-01,Placer,061,380077,23397,23021,1516,24537,293
2021-06-01,Plumas,063,18699,711,690,11,701,4
2021-06-01,Riverside,065,2383286,294503,288996,14088,303084,4442
2021-06-01,Sacramento,067,1510023,106684,106330,1789,108119,1644
2021-06-01,San Benito,069,59416,6066,6073,115,6188,63
2021-06-01,San Bernardino,071,2135413,293608,292990,9007,301997,4758
2021-06-01,San Diego,073,3302833,281230,280305,15014,295319,3756
2021-06-01,San Francisco,075,870044,36830,37031,1299,38330,550
2021-06-01,San Joaquin,077,732212,73399,72858,3597,76455,1383
2021-06-01,San Luis Obispo,079,281455,21441,21217,749,21966,256
2021-06-01,San Mateo,081,765935,42457,42383,475,42858,462
2021-06-01,Santa Barbara,083,443738,34420,34374,1199,35573,456
2021-06-01,Santa Clara,085,1922200,118823,119528,768,120296,2057
2021-06-01,Santa Cruz,087,273765,16244,16143,815,16958,207
2021-06-01,Shasta,089,179085,12383,12409,1590,13999,199
2021-06-01,Sierra,091,2930,57,55,12,67,0
2021-06-01,Siskiyou,093,43540,1941,1860,369,2229,21
2021-06-01,Solano,095,438530,33015,32974,558,33532,256
2021-06-01,Sonoma,097,501317,30255,30324,342,30666,322
2021-06-01,Stanislaus,099,539301,56552,56348,5965,62313,973
2021-06-01,Sutter,101,95872,9549,9528,88,9616,111
2021-06-01,Tehama,103,63373,5110,5079,590,5669,63
2021-06-01,Trinity,105,12862,483,328,95,423,3
2021-06-01,Tulare,107,460477,50303,49419,9110,58529,845
2021-06-01,Tuolumne,109,53932,4022,4094,40,4134,63
2021-06-01,Ventura,111,848112,81487,81018,3006,84024,1021
2021-06-01,Yolo,113,214977,14040,14067,326,14393,210
2021-06-01,Yuba,115,75493,6095,6067,130,6197,48
2021-05-31,Alameda,001,1643700,88402,88458,1974,90432,1253
2021-05-31,Alpine,003,1148,87,88,0,88,0
2021-05-31,Amador,005,37829,3692,3687,33,3720,46
2021-05-31,Butte,007,227075,12595,12429,1830,14259,193
2021-05-31,Calaveras,009,45235,2178,2171,14,2185,55
2021-05-31,Colusa,011,21464,1955,1956,314,2270,15
2021-05-31,Contra Costa,013,1133247,69915,69390,1299,70689,813
2021-05-31,Del Norte,015,27424,1419,1394,13,1407,8
2021-05-31,El Dorado,017,186661,10323,10271,731,11002,110
2021-05-31,Fresno,019,978130,102925,102507,8755,111262,1706
2021-05-31,Glenn,021,27897,2439,2422,565,2987,18
2021-05-31,Humboldt,023,135768,4309,4295,38,4333,42
2021-05-31,Imperial,025,180216,28650,28732,2933,31665,736
2021-05-31,Inyo,027,18085,1403,1403,12,1415,35
2021-05-31,Kern,029,883053,97446,96457,10993,107450,1319
2021-05-31,Kings,031,150075,23193,22977,1097,24074,244
2021-05-31,Lake,033,64148,3537,3523,9,3532,45
2021-05-31,Lassen,035,31185,5221,5172,115,5287,6
2021-05-31,Los Angeles,037,10098052,1206145,1202567,41936,1244503,24364
2021-05-31,Madera,039,155013,16650,16543,941,17484,240
2021-05-31,Marin,041,260295,14129,14080,261,14341,229
2021-05-31,Mariposa,043,17540,435,430,11,441,5
2021-05-31,Mendocino,045,87422,4035,3961,82,4043,47
2021-05-31,Merced,047,269075,31088,31194,1054,32248,456
2021-05-31,Modoc,049,8938,382,374,132,506,3
2021-05-31,Mono,051,14174,1262,1275,17,1292,3
2021-05-31,Monterey,053,433212,43231,43051,1884,44935,379
2021-05-31,Napa,055,140530,9923,9948,38,9986,82
2021-05-31,Nevada,057,99092,4852,4823,192,5015,72
2021-05-31,Orange,059,3164182,255586,254572,11401,265973,5051
2021-05-31,Placer,061,380077,23370,23019,1512,24531,293
2021-05-31,Plumas,063,18699,710,690,11,701,4
2021-05-31,Riverside,065,2383286,294446,288970,14076,303046,4442
2021-05-31,Sacramento,067,1510023,106587,106278,1783,108061,1644
2021-05-31,San Benito,069,59416,6066,6072,115,6187,63
2021-05-31,San Bernardino,071,2135413,293560,292973,9006,301979,4758
2021-05-31,San Diego,073,3302833,281126,280254,15002,295256,3756
2021-05-31,San Francisco,075,870044,36815,37022,1298,38320,550
2021-05-31,San Joaquin,077,732212,73350,72856,3591,76447,1383
2021-05-31,San Luis Obispo,079,281455,21433,21215,749,21964,256
2021-05-31,San Mateo,081,765935,42441,42389,475,42864,442
2021-05-31,Santa Barbara,083,443738,34407,34369,1197,35566,456
2021-05-31,Santa Clara,085,1922200,118779,119515,768,120283,2057
2021-05-31,Santa Cruz,087,273765,16241,16139,815,16954,207
2021-05-31,Shasta,089,179085,12367,12408,1587,13995,199
2021-05-31,Sierra,091,2930,57,55,12,67,0
2021-05-31,Siskiyou,093,43540,1940,1856,368,2224,21
2021-05-31,Solano,095,438530,32965,32973,558,33531,256
2021-05-31,Sonoma,097,501317,30212,30314,342,30656,322
2021-05-31,Stanislaus,099,539301,56512,56335,5962,62297,973
2021-05-31,Sutter,101,95872,9530,9523,88,9611,111
2021-05-31,Tehama,103,63373,5107,5076,589,5665,63
2021-05-31,Trinity,105,12862,483,328,95,423,3
2021-05-31,Tulare,107,460477,50292,49404,9105,58509,845
2021-05-31,Tuolumne,109,53932,4020,4095,40,4135,63
2021-05-31,Ventura,111,848112,81472,81017,3003,84020,1021
2021-05-31,Yolo,113,214977,14036,14064,326,14390,210
2021-05-31,Yuba,115,75493,6089,6063,127,6190,48
2021-05-30,Alameda,001,1643700,88379,88429,1974,90403,1253
2021-05-30,Alpine,003,1148,87,88,0,88,0
2021-05-30,Amador,005,37829,3688,3685,33,3718,46
2021-05-30,Butte,007,227075,12585,12427,1828,14255,190
2021-05-30,Calaveras,009,45235,2174,2166,14,2180,55
2021-05-30,Colusa,011,21464,1955,1954,314,2268,15
2021-05-30,Contra Costa,013,1133247,69881,69381,1297,70678,813
2021-05-30,Del Norte,015,27424,1418,1393,13,1406,8
2021-05-30,El Dorado,017,186661,10320,10271,731,11002,110
2021-05-30,Fresno,019,978130,102908,102499,8751,111250,1706
2021-05-30,Glenn,021,27897,2439,2422,564,2986,18
2021-05-30,Humboldt,023,135768,4301,4291,38,4329,42
2021-05-30,Imperial,025,180216,28645,28732,2932,31664,736
2021-05-30,Inyo,027,18085,1403,1403,12,1415,35
2021-05-30,Kern,029,883053,97430,96443,10990,107433,1319
2021-05-30,Kings,031,150075,23192,22974,1096,24070,244
2021-05-30,Lake,033,64148,3537,3517,9,3526,45
2021-05-30,Lassen,035,31185,5219,5171,115,5286,6
2021-05-30,Los Angeles,037,10098052,1206037,1202425,41929,1244354,24360
2021-05-30,Madera,039,155013,16646,16538,941,17479,240
2021-05-30,Marin,041,260295,14125,14083,260,14343,229
2021-05-30,Mariposa,043,17540,435,430,11,441,5
2021-05-30,Mendocino,045,87422,4028,3955,82,4037,47
2021-05-30,Merced,047,269075,31084,31189,1053,32242,456
2021-05-30,Modoc,049,8938,382,374,132,506,3
2021-05-30,Mono,051,14174,1262,1275,17,1292,3
2021-05-30,Monterey,053,433212,43228,43049,1884,44933,379
2021-05-30,Napa,055,140530,9922,9948,38,9986,82
2021-05-30,Nevada,057,99092,4846,4818,192,5010,72
2021-05-30,Orange,059,3164182,255563,254559,11400,265959,5051
2021-05-30,Placer,061,380077,23364,23016,1512,24528,293
2021-05-30,Plumas,063,18699,708,690,11,701,4
2021-05-30,Riverside,065,2383286,294425,288961,14074,303035,4442
2021-05-30,Sacramento,067,1510023,106542,106252,1781,108033,1644
2021-05-30,San Benito,069,59416,6066,6072,115,6187,63
2021-05-30,San Bernardino,071,2135413,293534,292981,9005,301986,4758
2021-05-30,San Diego,073,3302833,281070,280209,14997,295206,3756
2021-05-30,San Francisco,075,870044,36796,37016,1298,38314,550
2021-05-30,San Joaquin,077,732212,73333,72853,3590,76443,1383
2021-05-30,San Luis Obispo,079,281455,21424,21211,748,21959,256
2021-05-30,San Mateo,081,765935,42433,42386,475,42861,439
2021-05-30,Santa Barbara,083,443738,34403,34369,1197,35566,456
2021-05-30,Santa Clara,085,1922200,118757,119510,764,120274,2057
2021-05-30,Santa Cruz,087,273765,16239,16140,815,16955,207
2021-05-30,Shasta,089,179085,12365,12408,1584,13992,199
2021-05-30,Sierra,091,2930,57,55,12,67,0
2021-05-30,Siskiyou,093,43540,1940,1856,368,2224,21
2021-05-30,Solano,095,438530,32954,32952,557,33509,256
2021-05-30,Sonoma,097,501317,30195,30310,341,30651,322
2021-05-30,Stanislaus,099,539301,56501,56323,5961,62284,973
2021-05-30,Sutter,101,95872,9529,9519,87,9606,111
2021-05-30,Tehama,103,63373,5107,5073,589,5662,63
2021-05-30,Trinity,105,12862,483,328,95,423,3
2021-05-30,Tulare,107,460477,50285,49397,9096,58493,845
2021-05-30,Tuolumne,109,53932,4020,4094,40,4134,63
2021-05-30,Ventura,111,848112,81468,81012,3002,84014,1021
2021-05-30,Yolo,113,214977,14031,14059,325,14384,210
2021-05-30,Yuba,115,75493,6082,6063,126,6189,48
2021-05-29,Alameda,001,1643700,88356,88433,1972,90405,1253
2021-05-29,Alpine,003,1148,87,88,0,88,0
2021-05-29,Amador,005,37829,3687,3683,33,3716,46
2021-05-29,Butte,007,227075,12579,12425,1828,14253,190
2021-05-29,Calaveras,009,45235,2173,2166,14,2180,55
2021-05-29,Colusa,011,21464,1952,1954,314,2268,15
2021-05-29,Contra Costa,013,1133247,69848,69351,1297,70648,813
2021-05-29,Del Norte,015,27424,1418,1391,13,1404,8
2021-05-29,El Dorado,017,186661,10319,10269,729,10998,110
2021-05-29,Fresno,019,978130,102896,102470,8748,111218,1706
2021-05-29,Glenn,021,27897,2439,2422,563,2985,18
2021-05-29,Humboldt,023,135768,4295,4283,38,4321,42
2021-05-29,Imperial,025,180216,28642,28729,2931,31660,736
2021-05-29,Inyo,027,18085,1403,1404,12,1416,35
2021-05-29,Kern,029,883053,97419,96424,10977,107401,1319
2021-05-29,Kings,031,150075,23191,22970,1095,24065,244
2021-05-29,Lake,033,64148,3537,3515,9,3524,45
2021-05-29,Lassen,035,31185,5219,5171,115,5286,6
2021-05-29,Los Angeles,037,10098052,1205914,1202264,41925,1244189,24359
2021-05-29,Madera,039,155013,16644,16535,941,17476,240
2021-05-29,Marin,041,260295,14121,14071,259,14330,229
2021-05-29,Mariposa,043,17540,434,428,11,439,5
2021-05-29,Mendocino,045,87422,4022,3952,82,4034,47
2021-05-29,Merced,047,269075,31072,31187,1053,32240,456
2021-05-29,Modoc,049,8938,382,374,132,506,3
2021-05-29,Mono,051,14174,1262,1275,17,1292,3
2021-05-29,Monterey,053,433212,43226,43042,1884,44926,379
2021-05-29,Napa,055,140530,9919,9948,38,9986,82
2021-05-29,Nevada,057,99092,4845,4816,192,5008,72
2021-05-29,Orange,059,3164182,255541,254537,11390,265927,5049
2021-05-29,Placer,061,380077,23349,23009,1511,24520,293
2021-05-29,Plumas,063,18699,708,689,11,700,4
2021-05-29,Riverside,065,2383286,294405,288908,14073,302981,4442
2021-05-29,Sacramento,067,1510023,106512,106218,1780,107998,1643
2021-05-29,San Benito,069,59416,6065,6072,115,6187,63
2021-05-29,San Bernardino,071,2135413,293502,292961,9004,301965,4757
2021-05-29,San Diego,073,3302833,281011,280151,14992,295143,3756
2021-05-29,San Francisco,075,870044,36787,37008,1298,38306,550
2021-05-29,San Joaquin,077,732212,73317,72827,3588,76415,1383
2021-05-29,San Luis Obispo,079,281455,21422,21201,748,21949,256
2021-05-29,San Mateo,081,765935,42425,42375,474,42849,439
2021-05-29,Santa Barbara,083,443738,34399,34367,1197,35564,456
2021-05-29,Santa Clara,085,1922200,118733,119498,763,120261,2056
2021-05-29,Santa Cruz,087,273765,16238,16137,815,16952,207
2021-05-29,Shasta,089,179085,12357,12401,1583,13984,199
2021-05-29,Sierra,091,2930,57,55,12,67,0
2021-05-29,Siskiyou,093,43540,1935,1856,368,2224,21
2021-05-29,Solano,095,438530,32945,32917,557,33474,256
2021-05-29,Sonoma,097,501317,30172,30298,340,30638,322
2021-05-29,Stanislaus,099,539301,56483,56305,5959,62264,974
2021-05-29,Sutter,101,95872,9525,9516,87,9603,111
2021-05-29,Tehama,103,63373,5106,5070,589,5659,63
2021-05-29,Trinity,105,12862,483,328,95,423,3
2021-05-29,Tulare,107,460477,50275,49392,9092,58484,845
2021-05-29,Tuolumne,109,53932,4020,4093,40,4133,63
2021-05-29,Ventura,111,848112,81460,81008,3002,84010,1021
2021-05-29,Yolo,113,214977,14030,14055,325,14380,210
2021-05-29,Yuba,115,75493,6082,6059,126,6185,48
2021-05-28,Alameda,001,1643700,88332,88391,1968,90359,1261
2021-05-28,Alpine,003,1148,87,88,0,88,0
2021-05-28,Amador,005,37829,3687,3680,33,3713,46
2021-05-28,Butte,007,227075,12576,12407,1827,14234,190
2021-05-28,Calaveras,009,45235,2172,2165,14,2179,55
2021-05-28,Colusa,011,21464,1952,1954,312,2266,15
2021-05-28,Contra Costa,013,1133247,69812,69290,1296,70586,813
2021-05-28,Del Norte,015,27424,1417,1390,13,1403,8
2021-05-28,El Dorado,017,186661,10316,10265,729,10994,110
2021-05-28,Fresno,019,978130,102881,102437,8748,111185,1705
2021-05-28,Glenn,021,27897,2439,2419,563,2982,18
2021-05-28,Humboldt,023,135768,4288,4265,38,4303,42
2021-05-28,Imperial,025,180216,28639,28722,2931,31653,736
2021-05-28,Inyo,027,18085,1403,1404,12,1416,35
2021-05-28,Kern,029,883053,97402,96396,10969,107365,1320
2021-05-28,Kings,031,150075,23189,22962,1095,24057,244
2021-05-28,Lake,033,64148,3535,3515,9,3524,45
2021-05-28,Lassen,035,31185,5219,5169,115,5284,6
2021-05-28,Los Angeles,037,10098052,1205804,1202103,41914,1244017,24357
2021-05-28,Madera,039,155013,16642,16530,941,17471,240
2021-05-28,Marin,041,260295,14120,14063,258,14321,229
2021-05-28,Mariposa,043,17540,434,428,11,439,5
2021-05-28,Mendocino,045,87422,4017,3947,82,4029,47
2021-05-28,Merced,047,269075,31069,31176,1053,32229,455
2021-05-28,Modoc,049,8938,382,374,132,506,3
2021-05-28,Mono,051,14174,1262,1274,17,1291,3
2021-05-28,Monterey,053,433212,43225,43036,1884,44920,379
2021-05-28,Napa,055,140530,9919,9941,38,9979,82
2021-05-28,Nevada,057,99092,4843,4813,192,5005,71
2021-05-28,Orange,059,3164182,255521,254494,11388,265882,5047
2021-05-28,Placer,061,380077,23339,22987,1509,24496,293
2021-05-28,Plumas,063,18699,706,688,11,699,4
2021-05-28,Riverside,065,2383286,294383,288872,14071,302943,4442
2021-05-28,Sacramento,067,1510023,106456,106131,1778,107909,1642
2021-05-28,San Benito,069,59416,6065,6074,115,6189,63
2021-05-28,San Bernardino,071,2135413,293479,292905,9004,301909,4757
2021-05-28,San Diego,073,3302833,280948,280043,14981,295024,3756
2021-05-28,San Francisco,075,870044,36781,36987,1298,38285,546
2021-05-28,San Joaquin,077,732212,73287,72793,3586,76379,1383
2021-05-28,San Luis Obispo,079,281455,21417,21190,746,21936,256
2021-05-28,San Mateo,081,765935,42419,42364,474,42838,439
2021-05-28,Santa Barbara,083,443738,34398,34371,1197,35568,455
2021-05-28,Santa Clara,085,1922200,118709,119462,763,120225,2056
2021-05-28,Santa Cruz,087,273765,16237,16129,815,16944,207
2021-05-28,Shasta,089,179085,12348,12383,1581,13964,198
2021-05-28,Sierra,091,2930,57,54,12,66,0
2021-05-28,Siskiyou,093,43540,1933,1850,368,2218,19
2021-05-28,Solano,095,438530,32930,32892,557,33449,256
2021-05-28,Sonoma,097,501317,30153,30270,340,30610,321
2021-05-28,Stanislaus,099,539301,56465,56278,5956,62234,974
2021-05-28,Sutter,101,95872,9521,9511,87,9598,111
2021-05-28,Tehama,103,63373,5100,5064,589,5653,63
2021-05-28,Trinity,105,12862,483,328,95,423,3
2021-05-28,Tulare,107,460477,50270,49375,9083,58458,846
2021-05-28,Tuolumne,109,53932,4020,4090,40,4130,63
2021-05-28,Ventura,111,848112,81449,80985,3001,83986,1021
2021-05-28,Yolo,113,214977,14027,14050,324,14374,210
2021-05-28,Yuba,115,75493,6080,6050,125,6175,48
2021-05-27,Alameda,001,1643700,88297,88342,1967,90309,1274
2021-05-27,Alpine,003,1148,87,88,0,88,0
2021-05-27,Amador,005,37829,3684,3680,33,3713,46
2021-05-27,Butte,007,227075,12570,12401,1826,14227,190
2021-05-27,Calaveras,009,45235,2171,2163,14,2177,55
2021-05-27,Colusa,011,21464,1949,1952,312,2264,15
2021-05-27,Contra Costa,013,1133247,69770,69245,1294,70539,813
2021-05-27,Del Norte,015,27424,1417,1388,13,1401,8
2021-05-27,El Dorado,017,186661,10315,10248,729,10977,112
2021-05-27,Fresno,019,978130,102864,102413,8745,111158,1704
2021-05-27,Glenn,021,27897,2439,2415,563,2978,18
2021-05-27,Humboldt,023,135768,4280,4260,38,4298,42
2021-05-27,Imperial,025,180216,28628,28728,2930,31658,736
2021-05-27,Inyo,027,18085,1403,1404,12,1416,35
2021-05-27,Kern,029,883053,97386,96364,10961,107325,1322
2021-05-27,Kings,031,150075,23186,22953,1095,24048,245
2021-05-27,Lake,033,64148,3530,3509,9,3518,45
2021-05-27,Lassen,035,31185,5218,5170,114,5284,6
2021-05-27,Los Angeles,037,10098052,1205642,1201927,41898,1243825,24348
2021-05-27,Madera,039,155013,16633,16527,941,17468,240
2021-05-27,Marin,041,260295,14116,14061,258,14319,229
2021-05-27,Mariposa,043,17540,432,427,11,438,5
2021-05-27,Mendocino,045,87422,4011,3945,82,4027,47
2021-05-27,Merced,047,269075,31057,31161,1053,32214,455
2021-05-27,Modoc,049,8938,381,374,132,506,3
2021-05-27,Mono,051,14174,1262,1276,17,1293,3
2021-05-27,Monterey,053,433212,43219,43032,1884,44916,379
2021-05-27,Napa,055,140530,9918,9934,38,9972,82
2021-05-27,Nevada,057,99092,4839,4807,190,4997,71
2021-05-27,Orange,059,3164182,255484,254438,11384,265822,5059
2021-05-27,Placer,061,380077,23330,22966,1509,24475,293
2021-05-27,Plumas,063,18699,706,687,11,698,4
2021-05-27,Riverside,065,2383286,294347,288835,14066,302901,4443
2021-05-27,Sacramento,067,1510023,106381,106015,1776,107791,1642
2021-05-27,San Benito,069,59416,6064,6074,115,6189,63
2021-05-27,San Bernardino,071,2135413,293443,292755,9002,301757,4756
2021-05-27,San Diego,073,3302833,280874,279960,14967,294927,3756
2021-05-27,San Francisco,075,870044,36775,36980,1295,38275,546
2021-05-27,San Joaquin,077,732212,73255,72714,3582,76296,1388
2021-05-27,San Luis Obispo,079,281455,21412,21171,746,21917,256
2021-05-27,San Mateo,081,765935,42410,42345,474,42819,436
2021-05-27,Santa Barbara,083,443738,34393,34355,1197,35552,456
2021-05-27,Santa Clara,085,1922200,118688,119452,763,120215,2053
2021-05-27,Santa Cruz,087,273765,16234,16134,815,16949,207
2021-05-27,Shasta,089,179085,12337,12380,1581,13961,202
2021-05-27,Sierra,091,2930,57,54,12,66,0
2021-05-27,Siskiyou,093,43540,1930,1846,368,2214,18
2021-05-27,Solano,095,438530,32889,32855,556,33411,257
2021-05-27,Sonoma,097,501317,30126,30253,336,30589,321
2021-05-27,Stanislaus,099,539301,56440,56207,5955,62162,974
2021-05-27,Sutter,101,95872,9517,9501,87,9588,111
2021-05-27,Tehama,103,63373,5097,5064,588,5652,63
2021-05-27,Trinity,105,12862,483,328,95,423,3
2021-05-27,Tulare,107,460477,50256,49366,9074,58440,840
2021-05-27,Tuolumne,109,53932,4019,4090,40,4130,66
2021-05-27,Ventura,111,848112,81436,80965,2998,83963,1023
2021-05-27,Yolo,113,214977,14024,14036,324,14360,213
2021-05-27,Yuba,115,75493,6075,6040,124,6164,48
2021-05-26,Alameda,001,1643700,88268,88297,1967,90264,1266
2021-05-26,Alpine,003,1148,87,88,0,88,0
2021-05-26,Amador,005,37829,3684,3679,33,3712,46
2021-05-26,Butte,007,227075,12561,12332,1825,14157,190
2021-05-26,Calaveras,009,45235,2170,2154,14,2168,55
2021-05-26,Colusa,011,21464,1948,1952,312,2264,15
2021-05-26,Contra Costa,013,1133247,69733,69210,1294,70504,812
2021-05-26,Del Norte,015,27424,1417,1386,12,1398,8
2021-05-26,El Dorado,017,186661,10311,10242,728,10970,112
2021-05-26,Fresno,019,978130,102832,102374,8740,111114,1702
2021-05-26,Glenn,021,27897,2438,2415,563,2978,18
2021-05-26,Humboldt,023,135768,4275,4246,38,4284,42
2021-05-26,Imperial,025,180216,28623,28712,2928,31640,734
2021-05-26,Inyo,027,18085,1403,1403,12,1415,36
2021-05-26,Kern,029,883053,97361,96343,10954,107297,1320
2021-05-26,Kings,031,150075,23182,22950,1094,24044,245
2021-05-26,Lake,033,64148,3529,3508,9,3517,45
2021-05-26,Lassen,035,31185,5217,5164,114,5278,6
2021-05-26,Los Angeles,037,10098052,1205476,1198100,41881,1239981,24221
2021-05-26,Madera,039,155013,16630,16520,941,17461,240
2021-05-26,Marin,041,260295,14113,14061,257,14318,227
2021-05-26,Mariposa,043,17540,432,427,11,438,5
2021-05-26,Mendocino,045,87422,4005,3938,82,4020,47
2021-05-26,Merced,047,269075,31048,31139,1053,32192,455
2021-05-26,Modoc,049,8938,381,371,131,502,3
2021-05-26,Mono,051,14174,1262,1274,17,1291,3
2021-05-26,Monterey,053,433212,43213,43018,1883,44901,379
2021-05-26,Napa,055,140530,9911,9932,36,9968,82
2021-05-26,Nevada,057,99092,4834,4803,190,4993,70
2021-05-26,Orange,059,3164182,255448,254368,11381,265749,5058
2021-05-26,Placer,061,380077,23306,22940,1509,24449,293
2021-05-26,Plumas,063,18699,705,685,11,696,4
2021-05-26,Riverside,065,2383286,294301,288782,14059,302841,4443
2021-05-26,Sacramento,067,1510023,106295,105919,1772,107691,1637
2021-05-26,San Benito,069,59416,6064,6074,115,6189,63
2021-05-26,San Bernardino,071,2135413,293408,292662,9001,301663,4755
2021-05-26,San Diego,073,3302833,280799,279859,14957,294816,3755
2021-05-26,San Francisco,075,870044,36763,36954,1295,38249,546
2021-05-26,San Joaquin,077,732212,73213,72681,3579,76260,1388
2021-05-26,San Luis Obispo,079,281455,21406,21163,746,21909,256
2021-05-26,San Mateo,081,765935,42401,42331,474,42805,436
2021-05-26,Santa Barbara,083,443738,34384,34348,1197,35545,459
2021-05-26,Santa Clara,085,1922200,118661,119421,762,120183,2031
2021-05-26,Santa Cruz,087,273765,16233,16139,815,16954,207
2021-05-26,Shasta,089,179085,12323,12357,1578,13935,202
2021-05-26,Sierra,091,2930,57,54,12,66,0
2021-05-26,Siskiyou,093,43540,1928,1847,366,2213,18
2021-05-26,Solano,095,438530,32853,32831,556,33387,257
2021-05-26,Sonoma,097,501317,30100,30230,336,30566,321
2021-05-26,Stanislaus,099,539301,56418,56193,5953,62146,974
2021-05-26,Sutter,101,95872,9512,9495,87,9582,112
2021-05-26,Tehama,103,63373,5096,5054,585,5639,63
2021-05-26,Trinity,105,12862,483,328,95,423,3
2021-05-26,Tulare,107,460477,50249,49352,9070,58422,839
2021-05-26,Tuolumne,109,53932,4015,4088,39,4127,66
2021-05-26,Ventura,111,848112,81413,80944,2996,83940,1023
2021-05-26,Yolo,113,214977,14021,14025,324,14349,213
2021-05-26,Yuba,115,75493,6070,6036,124,6160,49
2021-05-25,Alameda,001,1643700,88237,88237,1967,90204,1263
2021-05-25,Alpine,003,1148,87,88,0,88,0
2021-05-25,Amador,005,37829,3679,3676,33,3709,46
2021-05-25,Butte,007,227075,12550,12295,1824,14119,189
2021-05-25,Calaveras,009,45235,2168,2148,14,2162,55
2021-05-25,Colusa,011,21464,1947,1949,312,2261,15
2021-05-25,Contra Costa,013,1133247,69680,69167,1289,70456,809
2021-05-25,Del Norte,015,27424,1417,1385,12,1397,8
2021-05-25,El Dorado,017,186661,10304,10240,727,10967,112
2021-05-25,Fresno,019,978130,102810,102329,8738,111067,1701
2021-05-25,Glenn,021,27897,2437,2414,562,2976,17
2021-05-25,Humboldt,023,135768,4268,4231,36,4267,42
2021-05-25,Imperial,025,180216,28616,28586,2928,31514,735
2021-05-25,Inyo,027,18085,1403,1402,12,1414,36
2021-05-25,Kern,029,883053,97330,96319,10940,107259,1319
2021-05-25,Kings,031,150075,23175,22944,1094,24038,245
2021-05-25,Lake,033,64148,3528,3508,9,3517,44
2021-05-25,Lassen,035,31185,5213,5164,114,5278,6
2021-05-25,Los Angeles,037,10098052,1205297,1197940,41862,1239802,24212
2021-05-25,Madera,039,155013,16625,16519,940,17459,240
2021-05-25,Marin,041,260295,14107,14053,257,14310,227
2021-05-25,Mariposa,043,17540,431,427,11,438,5
2021-05-25,Mendocino,045,87422,4000,3928,82,4010,47
2021-05-25,Merced,047,269075,31027,31132,1053,32185,455
2021-05-25,Modoc,049,8938,380,367,131,498,3
2021-05-25,Mono,051,14174,1262,1274,17,1291,3
2021-05-25,Monterey,053,433212,43209,43012,1882,44894,379
2021-05-25,Napa,055,140530,9909,9926,36,9962,82
2021-05-25,Nevada,057,99092,4828,4795,190,4985,70
2021-05-25,Orange,059,3164182,255419,254321,11380,265701,5057
2021-05-25,Placer,061,380077,23295,22920,1507,24427,292
2021-05-25,Plumas,063,18699,705,684,11,695,4
2021-05-25,Riverside,065,2383286,294262,288725,14056,302781,4443
2021-05-25,Sacramento,067,1510023,106214,105828,1768,107596,1633
2021-05-25,San Benito,069,59416,6064,6073,115,6188,63
2021-05-25,San Bernardino,071,2135413,293348,292485,8999,301484,4755
2021-05-25,San Diego,073,3302833,280718,279786,14952,294738,3753
2021-05-25,San Francisco,075,870044,36740,36939,1295,38234,546
2021-05-25,San Joaquin,077,732212,73171,72628,3576,76204,1387
2021-05-25,San Luis Obispo,079,281455,21403,21153,746,21899,256
2021-05-25,San Mateo,081,765935,42391,42268,474,42742,435
2021-05-25,Santa Barbara,083,443738,34381,34337,1197,35534,459
2021-05-25,Santa Clara,085,1922200,118637,119393,761,120154,2032
2021-05-25,Santa Cruz,087,273765,16228,16141,815,16956,207
2021-05-25,Shasta,089,179085,12314,12328,1576,13904,202
2021-05-25,Sierra,091,2930,56,54,12,66,0
2021-05-25,Siskiyou,093,43540,1927,1845,365,2210,18
2021-05-25,Solano,095,438530,32834,32817,555,33372,256
2021-05-25,Sonoma,097,501317,30071,30207,335,30542,321
2021-05-25,Stanislaus,099,539301,56382,56168,5950,62118,974
2021-05-25,Sutter,101,95872,9508,9495,87,9582,112
2021-05-25,Tehama,103,63373,5094,5048,584,5632,63
2021-05-25,Trinity,105,12862,483,328,94,422,3
2021-05-25,Tulare,107,460477,50239,49326,9062,58388,838
2021-05-25,Tuolumne,109,53932,4015,4084,39,4123,66
2021-05-25,Ventura,111,848112,81395,80905,2996,83901,1022
2021-05-25,Yolo,113,214977,14013,14018,322,14340,213
2021-05-25,Yuba,115,75493,6063,6028,124,6152,49
2021-05-24,Alameda,001,1643700,88195,88182,1966,90148,1263
2021-05-24,Alpine,003,1148,87,88,0,88,0
2021-05-24,Amador,005,37829,3677,3675,33,3708,46
2021-05-24,Butte,007,227075,12537,12279,1821,14100,189
2021-05-24,Calaveras,009,45235,2166,2146,14,2160,54
2021-05-24,Colusa,011,21464,1947,1949,312,2261,15
2021-05-24,Contra Costa,013,1133247,69639,69107,1285,70392,809
2021-05-24,Del Norte,015,27424,1416,1384,12,1396,8
2021-05-24,El Dorado,017,186661,10294,10227,726,10953,112
2021-05-24,Fresno,019,978130,102768,102289,8737,111026,1698
2021-05-24,Glenn,021,27897,2437,2413,562,2975,17
2021-05-24,Humboldt,023,135768,4261,4225,36,4261,42
2021-05-24,Imperial,025,180216,28614,28575,2927,31502,735
2021-05-24,Inyo,027,18085,1403,1402,12,1414,36
2021-05-24,Kern,029,883053,97303,96296,10935,107231,1319
2021-05-24,Kings,031,150075,23171,22940,1094,24034,246
2021-05-24,Lake,033,64148,3526,3506,9,3515,43
2021-05-24,Lassen,035,31185,5209,5163,114,5277,6
2021-05-24,Los Angeles,037,10098052,1205123,1197782,41847,1239629,24201
2021-05-24,Madera,039,155013,16621,16513,939,17452,239
2021-05-24,Marin,041,260295,14105,14051,257,14308,227
2021-05-24,Mariposa,043,17540,430,427,11,438,5
2021-05-24,Mendocino,045,87422,3998,3919,82,4001,47
2021-05-24,Merced,047,269075,31017,31128,1052,32180,455
2021-05-24,Modoc,049,8938,380,366,130,496,3
2021-05-24,Mono,051,14174,1262,1270,17,1287,3
2021-05-24,Monterey,053,433212,43204,43005,1881,44886,379
2021-05-24,Napa,055,140530,9909,9924,36,9960,82
2021-05-24,Nevada,057,99092,4825,4790,190,4980,70
2021-05-24,Orange,059,3164182,255385,254287,11370,265657,5056
2021-05-24,Placer,061,380077,23276,22895,1506,24401,292
2021-05-24,Plumas,063,18699,704,683,11,694,4
2021-05-24,Riverside,065,2383286,294205,288669,14046,302715,4442
2021-05-24,Sacramento,067,1510023,106099,105716,1766,107482,1632
2021-05-24,San Benito,069,59416,6064,6072,115,6187,63
2021-05-24,San Bernardino,071,2135413,293308,292343,8998,301341,4747
2021-05-24,San Diego,073,3302833,280609,279715,14942,294657,3749
2021-05-24,San Francisco,075,870044,36720,36934,1293,38227,547
2021-05-24,San Joaquin,077,732212,73139,72586,3575,76161,1371
2021-05-24,San Luis Obispo,079,281455,21385,21146,745,21891,256
2021-05-24,San Mateo,081,765935,42381,42249,474,42723,433
2021-05-24,Santa Barbara,083,443738,34376,34322,1197,35519,459
2021-05-24,Santa Clara,085,1922200,118605,119358,761,120119,2030
2021-05-24,Santa Cruz,087,273765,16223,16135,815,16950,207
2021-05-24,Shasta,089,179085,12297,12315,1573,13888,201
2021-05-24,Sierra,091,2930,56,54,12,66,0
2021-05-24,Siskiyou,093,43540,1924,1840,365,2205,17
2021-05-24,Solano,095,438530,32809,32792,554,33346,254
2021-05-24,Sonoma,097,501317,30056,30187,335,30522,321
2021-05-24,Stanislaus,099,539301,56348,56128,5946,62074,974
2021-05-24,Sutter,101,95872,9502,9486,87,9573,113
2021-05-24,Tehama,103,63373,5091,5043,582,5625,63
2021-05-24,Trinity,105,12862,483,328,94,422,3
2021-05-24,Tulare,107,460477,50232,49318,9058,58376,838
2021-05-24,Tuolumne,109,53932,4015,4083,39,4122,65
2021-05-24,Ventura,111,848112,81382,80876,2994,83870,1022
2021-05-24,Yolo,113,214977,13996,14012,320,14332,213
2021-05-24,Yuba,115,75493,6054,6022,124,6146,49
2021-05-23,Alameda,001,1643700,88131,88157,1963,90120,1263
2021-05-23,Alpine,003,1148,87,88,0,88,0
2021-05-23,Amador,005,37829,3676,3673,33,3706,46
2021-05-23,Butte,007,227075,12523,12271,1820,14091,189
2021-05-23,Calaveras,009,45235,2158,2144,14,2158,54
2021-05-23,Colusa,011,21464,1947,1949,310,2259,15
2021-05-23,Contra Costa,013,1133247,69595,69075,1283,70358,809
2021-05-23,Del Norte,015,27424,1412,1383,12,1395,8
2021-05-23,El Dorado,017,186661,10288,10222,726,10948,112
2021-05-23,Fresno,019,978130,102722,102270,8732,111002,1698
2021-05-23,Glenn,021,27897,2435,2413,562,2975,17
2021-05-23,Humboldt,023,135768,4244,4216,36,4252,42
2021-05-23,Imperial,025,180216,28608,28569,2923,31492,735
2021-05-23,Inyo,027,18085,1403,1402,12,1414,36
2021-05-23,Kern,029,883053,97279,96282,10927,107209,1319
2021-05-23,Kings,031,150075,23158,22939,1092,24031,246
2021-05-23,Lake,033,64148,3523,3504,9,3513,43
2021-05-23,Lassen,035,31185,5205,5163,113,5276,6
2021-05-23,Los Angeles,037,10098052,1204935,1197633,41835,1239468,24197
2021-05-23,Madera,039,155013,16615,16504,939,17443,239
2021-05-23,Marin,041,260295,14096,14048,256,14304,227
2021-05-23,Mariposa,043,17540,430,427,11,438,5
2021-05-23,Mendocino,045,87422,3992,3913,81,3994,47
2021-05-23,Merced,047,269075,31007,31118,1052,32170,455
2021-05-23,Modoc,049,8938,376,366,130,496,3
2021-05-23,Mono,051,14174,1261,1270,17,1287,3
2021-05-23,Monterey,053,433212,43194,43003,1881,44884,379
2021-05-23,Napa,055,140530,9905,9923,36,9959,82
2021-05-23,Nevada,057,99092,4815,4790,190,4980,70
2021-05-23,Orange,059,3164182,255347,254277,11364,265641,5050
2021-05-23,Placer,061,380077,23256,22888,1506,24394,292
2021-05-23,Plumas,063,18699,703,683,11,694,4
2021-05-23,Riverside,065,2383286,294137,288641,14042,302683,4442
2021-05-23,Sacramento,067,1510023,105983,105663,1763,107426,1632
2021-05-23,San Benito,069,59416,6063,6072,115,6187,63
2021-05-23,San Bernardino,071,2135413,293257,292327,8997,301324,4747
2021-05-23,San Diego,073,3302833,280519,279690,14931,294621,3751
2021-05-23,San Francisco,075,870044,36709,36927,1292,38219,547
2021-05-23,San Joaquin,077,732212,73090,72571,3572,76143,1371
2021-05-23,San Luis Obispo,079,281455,21375,21141,744,21885,256
2021-05-23,San Mateo,081,765935,42364,42248,474,42722,433
2021-05-23,Santa Barbara,083,443738,34369,34319,1197,35516,459
2021-05-23,Santa Clara,085,1922200,118581,119333,761,120094,2030
2021-05-23,Santa Cruz,087,273765,16220,16130,815,16945,207
2021-05-23,Shasta,089,179085,12280,12313,1569,13882,201
2021-05-23,Sierra,091,2930,56,54,12,66,0
2021-05-23,Siskiyou,093,43540,1919,1826,358,2184,17
2021-05-23,Solano,095,438530,32791,32780,553,33333,254
2021-05-23,Sonoma,097,501317,30027,30168,334,30502,321
2021-05-23,Stanislaus,099,539301,56300,56104,5943,62047,974
2021-05-23,Sutter,101,95872,9493,9479,87,9566,113
2021-05-23,Tehama,103,63373,5084,5041,580,5621,63
2021-05-23,Trinity,105,12862,483,328,94,422,3
2021-05-23,Tulare,107,460477,50218,49310,9054,58364,838
2021-05-23,Tuolumne,109,53932,4012,4081,39,4120,65
2021-05-23,Ventura,111,848112,81352,80872,2993,83865,1022
2021-05-23,Yolo,113,214977,13984,14004,317,14321,213
2021-05-23,Yuba,115,75493,6049,6017,124,6141,49
2021-05-22,Alameda,001,1643700,88104,88101,1963,90064,1263
2021-05-22,Alpine,003,1148,87,88,0,88,0
2021-05-22,Amador,005,37829,3675,3672,33,3705,46
2021-05-22,Butte,007,227075,12511,12265,1819,14084,189
2021-05-22,Calaveras,009,45235,2154,2141,14,2155,54
2021-05-22,Colusa,011,21464,1943,1949,309,2258,15
2021-05-22,Contra Costa,013,1133247,69562,69004,1282,70286,809
2021-05-22,Del Norte,015,27424,1411,1381,12,1393,8
2021-05-22,El Dorado,017,186661,10283,10215,726,10941,112
2021-05-22,Fresno,019,978130,102708,102238,8730,110968,1698
2021-05-22,Glenn,021,27897,2435,2412,562,2974,17
2021-05-22,Humboldt,023,135768,4235,4194,35,4229,42
2021-05-22,Imperial,025,180216,28599,28574,2922,31496,735
2021-05-22,Inyo,027,18085,1403,1402,12,1414,36
2021-05-22,Kern,029,883053,97267,96260,10920,107180,1319
2021-05-22,Kings,031,150075,23158,22936,1092,24028,246
2021-05-22,Lake,033,64148,3520,3502,9,3511,43
2021-05-22,Lassen,035,31185,5205,5163,113,5276,6
2021-05-22,Los Angeles,037,10098052,1204829,1197454,41826,1239280,24192
2021-05-22,Madera,039,155013,16612,16503,939,17442,239
2021-05-22,Marin,041,260295,14093,14043,256,14299,227
2021-05-22,Mariposa,043,17540,430,427,11,438,5
2021-05-22,Mendocino,045,87422,3986,3908,81,3989,47
2021-05-22,Merced,047,269075,30997,31099,1052,32151,455
2021-05-22,Modoc,049,8938,376,366,130,496,3
2021-05-22,Mono,051,14174,1259,1270,17,1287,3
2021-05-22,Monterey,053,433212,43188,42998,1881,44879,379
2021-05-22,Napa,055,140530,9903,9918,36,9954,82
2021-05-22,Nevada,057,99092,4808,4787,189,4976,70
2021-05-22,Orange,059,3164182,255326,254238,11358,265596,5048
2021-05-22,Placer,061,380077,23242,22865,1505,24370,292
2021-05-22,Plumas,063,18699,702,683,11,694,4
2021-05-22,Riverside,065,2383286,294105,288580,14041,302621,4442
2021-05-22,Sacramento,067,1510023,105908,105551,1760,107311,1632
2021-05-22,San Benito,069,59416,6063,6071,115,6186,63
2021-05-22,San Bernardino,071,2135413,293232,292292,8997,301289,4747
2021-05-22,San Diego,073,3302833,280460,279614,14923,294537,3751
2021-05-22,San Francisco,075,870044,36699,36906,1290,38196,547
2021-05-22,San Joaquin,077,732212,73068,72528,3569,76097,1371
2021-05-22,San Luis Obispo,079,281455,21367,21134,743,21877,256
2021-05-22,San Mateo,081,765935,42354,42218,474,42692,433
2021-05-22,Santa Barbara,083,443738,34365,34313,1196,35509,459
2021-05-22,Santa Clara,085,1922200,118558,119292,761,120053,2030
2021-05-22,Santa Cruz,087,273765,16220,16125,815,16940,207
2021-05-22,Shasta,089,179085,12273,12307,1566,13873,201
2021-05-22,Sierra,091,2930,56,54,12,66,0
2021-05-22,Siskiyou,093,43540,1918,1824,357,2181,17
2021-05-22,Solano,095,438530,32778,32753,553,33306,254
2021-05-22,Sonoma,097,501317,30015,30154,334,30488,321
2021-05-22,Stanislaus,099,539301,56276,56069,5941,62010,974
2021-05-22,Sutter,101,95872,9488,9476,87,9563,113
2021-05-22,Tehama,103,63373,5083,5036,580,5616,63
2021-05-22,Trinity,105,12862,483,328,94,422,3
2021-05-22,Tulare,107,460477,50212,49299,9049,58348,838
2021-05-22,Tuolumne,109,53932,4012,4078,39,4117,65
2021-05-22,Ventura,111,848112,81348,80859,2993,83852,1022
2021-05-22,Yolo,113,214977,13982,13997,317,14314,213
2021-05-22,Yuba,115,75493,6046,6010,124,6134,49
2021-05-21,Alameda,001,1643700,88078,88041,1962,90003,1263
2021-05-21,Alpine,003,1148,87,88,0,88,0
2021-05-21,Amador,005,37829,3672,3672,33,3705,46
2021-05-21,Butte,007,227075,12505,12236,1817,14053,188
2021-05-21,Calaveras,009,45235,2152,2138,14,2152,54
2021-05-21,Colusa,011,21464,1943,1947,309,2256,15
2021-05-21,Contra Costa,013,1133247,69519,68965,1281,70246,810
2021-05-21,Del Norte,015,27424,1410,1376,12,1388,8
2021-05-21,El Dorado,017,186661,10279,10204,726,10930,112
2021-05-21,Fresno,019,978130,102680,102189,8728,110917,1698
2021-05-21,Glenn,021,27897,2434,2408,562,2970,17
2021-05-21,Humboldt,023,135768,4228,4175,35,4210,42
2021-05-21,Imperial,025,180216,28592,28572,2921,31493,732
2021-05-21,Inyo,027,18085,1403,1402,12,1414,36
2021-05-21,Kern,029,883053,97253,96233,10913,107146,1318
2021-05-21,Kings,031,150075,23158,22927,1092,24019,246
2021-05-21,Lake,033,64148,3518,3500,9,3509,43
2021-05-21,Lassen,035,31185,5204,5161,113,5274,6
2021-05-21,Los Angeles,037,10098052,1204718,1197263,41817,1239080,24180
2021-05-21,Madera,039,155013,16611,16500,938,17438,238
2021-05-21,Marin,041,260295,14088,14042,256,14298,227
2021-05-21,Mariposa,043,17540,429,427,11,438,5
2021-05-21,Mendocino,045,87422,3980,3897,81,3978,47
2021-05-21,Merced,047,269075,30989,31076,1052,32128,455
2021-05-21,Modoc,049,8938,376,365,130,495,3
2021-05-21,Mono,051,14174,1259,1269,17,1286,3
2021-05-21,Monterey,053,433212,43186,42995,1881,44876,379
2021-05-21,Napa,055,140530,9899,9913,36,9949,82
2021-05-21,Nevada,057,99092,4807,4779,189,4968,70
2021-05-21,Orange,059,3164182,255307,254171,11356,265527,5042
2021-05-21,Placer,061,380077,23234,22853,1505,24358,292
2021-05-21,Plumas,063,18699,702,683,10,693,4
2021-05-21,Riverside,065,2383286,294078,288499,14034,302533,4442
2021-05-21,Sacramento,067,1510023,105841,105476,1757,107233,1632
2021-05-21,San Benito,069,59416,6063,6068,115,6183,63
2021-05-21,San Bernardino,071,2135413,293200,292205,8994,301199,4744
2021-05-21,San Diego,073,3302833,280388,279554,14913,294467,3748
2021-05-21,San Francisco,075,870044,36693,36879,1290,38169,546
2021-05-21,San Joaquin,077,732212,73048,72467,3567,76034,1371
2021-05-21,San Luis Obispo,079,281455,21361,21128,740,21868,256
2021-05-21,San Mateo,081,765935,42341,42163,473,42636,432
2021-05-21,Santa Barbara,083,443738,34360,34302,1196,35498,459
2021-05-21,Santa Clara,085,1922200,118531,119247,761,120008,2029
2021-05-21,Santa Cruz,087,273765,16216,16120,815,16935,207
2021-05-21,Shasta,089,179085,12256,12289,1564,13853,201
2021-05-21,Sierra,091,2930,56,54,12,66,0
2021-05-21,Siskiyou,093,43540,1917,1815,357,2172,16
2021-05-21,Solano,095,438530,32763,32742,553,33295,254
2021-05-21,Sonoma,097,501317,30002,30126,334,30460,321
2021-05-21,Stanislaus,099,539301,56247,56036,5939,61975,975
2021-05-21,Sutter,101,95872,9486,9470,87,9557,113
2021-05-21,Tehama,103,63373,5077,5030,580,5610,63
2021-05-21,Trinity,105,12862,483,329,93,422,3
2021-05-21,Tulare,107,460477,50207,49271,9047,58318,838
2021-05-21,Tuolumne,109,53932,4010,4079,39,4118,65
2021-05-21,Ventura,111,848112,81340,80821,2990,83811,1021
2021-05-21,Yolo,113,214977,13975,13983,317,14300,213
2021-05-21,Yuba,115,75493,6040,6006,124,6130,49
2021-05-20,Alameda,001,1643700,88034,87975,1961,89936,1264
2021-05-20,Alpine,003,1148,87,88,0,88,0
2021-05-20,Amador,005,37829,3671,3671,33,3704,46
2021-05-20,Butte,007,227075,12498,12220,1814,14034,188
2021-05-20,Calaveras,009,45235,2148,2138,14,2152,54
2021-05-20,Colusa,011,21464,1942,1946,307,2253,15
2021-05-20,Contra Costa,013,1133247,69474,68913,1279,70192,809
2021-05-20,Del Norte,015,27424,1410,1373,12,1385,8
2021-05-20,El Dorado,017,186661,10269,10188,726,10914,112
2021-05-20,Fresno,019,978130,102658,102135,8726,110861,1696
2021-05-20,Glenn,021,27897,2431,2406,562,2968,17
2021-05-20,Humboldt,023,135768,4211,4162,34,4196,42
2021-05-20,Imperial,025,180216,28587,28551,2920,31471,732
2021-05-20,Inyo,027,18085,1403,1402,12,1414,36
2021-05-20,Kern,029,883053,97232,96204,10906,107110,1317
2021-05-20,Kings,031,150075,23156,22922,1092,24014,246
2021-05-20,Lake,033,64148,3515,3500,9,3509,43
2021-05-20,Lassen,035,31185,5202,5160,112,5272,6
2021-05-20,Los Angeles,037,10098052,1204562,1197073,41808,1238881,24168
2021-05-20,Madera,039,155013,16605,16499,936,17435,238
2021-05-20,Marin,041,260295,14084,14036,255,14291,227
2021-05-20,Mariposa,043,17540,429,426,11,437,5
2021-05-20,Mendocino,045,87422,3973,3897,81,3978,47
2021-05-20,Merced,047,269075,30976,31046,1051,32097,454
2021-05-20,Modoc,049,8938,376,365,130,495,3
2021-05-20,Mono,051,14174,1258,1269,17,1286,3
2021-05-20,Monterey,053,433212,43180,42984,1880,44864,379
2021-05-20,Napa,055,140530,9896,9913,36,9949,82
2021-05-20,Nevada,057,99092,4806,4775,189,4964,70
2021-05-20,Orange,059,3164182,255264,254127,11353,265480,5038
2021-05-20,Placer,061,380077,23221,22823,1504,24327,292
2021-05-20,Plumas,063,18699,700,682,10,692,4
2021-05-20,Riverside,065,2383286,294030,288453,14029,302482,4442
2021-05-20,Sacramento,067,1510023,105745,105414,1754,107168,1629
2021-05-20,San Benito,069,59416,6062,6067,115,6182,63
2021-05-20,San Bernardino,071,2135413,293154,292153,8993,301146,4728
2021-05-20,San Diego,073,3302833,280300,279490,14901,294391,3749
2021-05-20,San Francisco,075,870044,36684,36860,1290,38150,546
2021-05-20,San Joaquin,077,732212,73010,72388,3565,75953,1371
2021-05-20,San Luis Obispo,079,281455,21349,21095,738,21833,256
2021-05-20,San Mateo,081,765935,42327,42152,471,42623,432
2021-05-20,Santa Barbara,083,443738,34356,34293,1196,35489,459
2021-05-20,Santa Clara,085,1922200,118510,119222,761,119983,2029
2021-05-20,Santa Cruz,087,273765,16211,16119,815,16934,207
2021-05-20,Shasta,089,179085,12243,12266,1561,13827,200
2021-05-20,Sierra,091,2930,56,54,12,66,0
2021-05-20,Siskiyou,093,43540,1910,1811,356,2167,16
2021-05-20,Solano,095,438530,32748,32725,553,33278,253
2021-05-20,Sonoma,097,501317,29985,30107,333,30440,321
2021-05-20,Stanislaus,099,539301,56223,55979,5937,61916,970
2021-05-20,Sutter,101,95872,9482,9467,87,9554,113
2021-05-20,Tehama,103,63373,5075,5029,580,5609,63
2021-05-20,Trinity,105,12862,483,329,92,421,3
2021-05-20,Tulare,107,460477,50196,49217,9044,58261,837
2021-05-20,Tuolumne,109,53932,4009,4077,39,4116,65
2021-05-20,Ventura,111,848112,81329,80800,2990,83790,1019
2021-05-20,Yolo,113,214977,13970,13973,317,14290,211
2021-05-20,Yuba,115,75493,6031,6002,124,6126,49
2021-05-19,Alameda,001,1643700,87994,87889,1959,89848,1260
2021-05-19,Alpine,003,1148,87,88,0,88,0
2021-05-19,Amador,005,37829,3671,3669,33,3702,46
2021-05-19,Butte,007,227075,12488,12198,1814,14012,188
2021-05-19,Calaveras,009,45235,2144,2132,14,2146,54
2021-05-19,Colusa,011,21464,1942,1945,305,2250,15
2021-05-19,Contra Costa,013,1133247,69427,68836,1279,70115,808
2021-05-19,Del Norte,015,27424,1408,1371,12,1383,8
2021-05-19,El Dorado,017,186661,10264,10179,725,10904,112
2021-05-19,Fresno,019,978130,102628,102085,8723,110808,1693
2021-05-19,Glenn,021,27897,2431,2404,562,2966,17
2021-05-19,Humboldt,023,135768,4201,4143,34,4177,42
2021-05-19,Imperial,025,180216,28578,28550,2920,31470,732
2021-05-19,Inyo,027,18085,1403,1402,12,1414,36
2021-05-19,Kern,029,883053,97203,96173,10898,107071,1316
2021-05-19,Kings,031,150075,23150,22919,1092,24011,246
2021-05-19,Lake,033,64148,3515,3497,9,3506,43
2021-05-19,Lassen,035,31185,5201,5157,112,5269,6
2021-05-19,Los Angeles,037,10098052,1204369,1196856,41793,1238649,24143
2021-05-19,Madera,039,155013,16602,16496,936,17432,238
2021-05-19,Marin,041,260295,14080,14033,253,14286,227
2021-05-19,Mariposa,043,17540,429,425,11,436,5
2021-05-19,Mendocino,045,87422,3969,3886,81,3967,47
2021-05-19,Merced,047,269075,30960,31044,1051,32095,452
2021-05-19,Modoc,049,8938,376,364,127,491,3
2021-05-19,Mono,051,14174,1258,1266,17,1283,3
2021-05-19,Monterey,053,433212,43175,42973,1879,44852,379
2021-05-19,Napa,055,140530,9893,9906,36,9942,82
2021-05-19,Nevada,057,99092,4804,4769,189,4958,70
2021-05-19,Orange,059,3164182,255227,254087,11343,265430,5035
2021-05-19,Placer,061,380077,23202,22784,1499,24283,291
2021-05-19,Plumas,063,18699,700,682,10,692,4
2021-05-19,Riverside,065,2383286,293983,288398,14027,302425,4442
2021-05-19,Sacramento,067,1510023,105667,105225,1753,106978,1629
2021-05-19,San Benito,069,59416,6061,6064,115,6179,63
2021-05-19,San Bernardino,071,2135413,293110,292078,8990,301068,4725
2021-05-19,San Diego,073,3302833,280215,279345,14880,294225,3746
2021-05-19,San Francisco,075,870044,36671,36835,1289,38124,546
2021-05-19,San Joaquin,077,732212,72967,72338,3560,75898,1369
2021-05-19,San Luis Obispo,079,281455,21341,21085,737,21822,256
2021-05-19,San Mateo,081,765935,42320,42126,471,42597,429
2021-05-19,Santa Barbara,083,443738,34348,34292,1196,35488,459
2021-05-19,Santa Clara,085,1922200,118470,119176,760,119936,2015
2021-05-19,Santa Cruz,087,273765,16207,16121,814,16935,207
2021-05-19,Shasta,089,179085,12225,12233,1558,13791,200
2021-05-19,Sierra,091,2930,56,54,12,66,0
2021-05-19,Siskiyou,093,43540,1907,1803,355,2158,16
2021-05-19,Solano,095,438530,32721,32678,551,33229,253
2021-05-19,Sonoma,097,501317,29970,30080,333,30413,321
2021-05-19,Stanislaus,099,539301,56205,55912,5932,61844,967
2021-05-19,Sutter,101,95872,9475,9459,86,9545,113
2021-05-19,Tehama,103,63373,5066,5026,574,5600,63
2021-05-19,Trinity,105,12862,483,329,92,421,3
2021-05-19,Tulare,107,460477,50183,49163,9039,58202,837
2021-05-19,Tuolumne,109,53932,4009,4074,39,4113,64
2021-05-19,Ventura,111,848112,81313,80747,2989,83736,1019
2021-05-19,Yolo,113,214977,13964,13961,316,14277,211
2021-05-19,Yuba,115,75493,6027,5993,124,6117,49
2021-05-18,Alameda,001,1643700,87920,87816,1959,89775,1254
2021-05-18,Alpine,003,1148,87,88,0,88,0
2021-05-18,Amador,005,37829,3671,3669,33,3702,46
2021-05-18,Butte,007,227075,12475,12164,1812,13976,191
2021-05-18,Calaveras,009,45235,2140,2131,14,2145,54
2021-05-18,Colusa,011,21464,1942,1943,305,2248,14
2021-05-18,Contra Costa,013,1133247,69370,68750,1278,70028,808
2021-05-18,Del Norte,015,27424,1405,1371,12,1383,8
2021-05-18,El Dorado,017,186661,10253,10169,724,10893,112
2021-05-18,Fresno,019,978130,102592,102056,8720,110776,1690
2021-05-18,Glenn,021,27897,2425,2403,561,2964,17
2021-05-18,Humboldt,023,135768,4183,4132,34,4166,42
2021-05-18,Imperial,025,180216,28572,28538,2918,31456,730
2021-05-18,Inyo,027,18085,1403,1401,12,1413,36
2021-05-18,Kern,029,883053,97169,96128,10884,107012,1315
2021-05-18,Kings,031,150075,23144,22916,1092,24008,247
2021-05-18,Lake,033,64148,3513,3495,9,3504,43
2021-05-18,Lassen,035,31185,5200,5157,111,5268,6
2021-05-18,Los Angeles,037,10098052,1204190,1196668,41782,1238450,24133
2021-05-18,Madera,039,155013,16592,16491,935,17426,238
2021-05-18,Marin,041,260295,14077,14026,253,14279,227
2021-05-18,Mariposa,043,17540,429,424,11,435,5
2021-05-18,Mendocino,045,87422,3958,3877,80,3957,47
2021-05-18,Merced,047,269075,30941,31036,1051,32087,452
2021-05-18,Modoc,049,8938,375,364,126,490,3
2021-05-18,Mono,051,14174,1257,1265,17,1282,3
2021-05-18,Monterey,053,433212,43169,43001,1879,44880,379
2021-05-18,Napa,055,140530,9893,9905,36,9941,82
2021-05-18,Nevada,057,99092,4797,4762,189,4951,70
2021-05-18,Orange,059,3164182,255186,254041,11333,265374,5031
2021-05-18,Placer,061,380077,23169,22726,1495,24221,291
2021-05-18,Plumas,063,18699,700,682,10,692,4
2021-05-18,Riverside,065,2383286,293928,288354,14020,302374,4438
2021-05-18,Sacramento,067,1510023,105565,105083,1751,106834,1629
2021-05-18,San Benito,069,59416,6060,6065,115,6180,63
2021-05-18,San Bernardino,071,2135413,293052,292014,8985,300999,4722
2021-05-18,San Diego,073,3302833,280107,279254,14871,294125,3742
2021-05-18,San Francisco,075,870044,36651,36818,1289,38107,546
2021-05-18,San Joaquin,077,732212,72920,72282,3556,75838,1368
2021-05-18,San Luis Obispo,079,281455,21331,21080,735,21815,256
2021-05-18,San Mateo,081,765935,42308,42099,470,42569,428
2021-05-18,Santa Barbara,083,443738,34339,34278,1196,35474,459
2021-05-18,Santa Clara,085,1922200,118443,119171,760,119931,2014
2021-05-18,Santa Cruz,087,273765,16199,16137,814,16951,207
2021-05-18,Shasta,089,179085,12207,12197,1552,13749,200
2021-05-18,Sierra,091,2930,56,54,12,66,0
2021-05-18,Siskiyou,093,43540,1906,1799,355,2154,16
2021-05-18,Solano,095,438530,32696,32644,551,33195,253
2021-05-18,Sonoma,097,501317,29950,30054,332,30386,321
2021-05-18,Stanislaus,099,539301,56169,55860,5932,61792,959
2021-05-18,Sutter,101,95872,9467,9453,86,9539,113
2021-05-18,Tehama,103,63373,5059,5020,571,5591,63
2021-05-18,Trinity,105,12862,483,329,91,420,3
2021-05-18,Tulare,107,460477,50175,49142,9034,58176,836
2021-05-18,Tuolumne,109,53932,4007,4073,39,4112,64
2021-05-18,Ventura,111,848112,81297,80726,2986,83712,1017
2021-05-18,Yolo,113,214977,13957,13951,315,14266,211
2021-05-18,Yuba,115,75493,6023,5989,123,6112,49
2021-05-17,Alameda,001,1643700,87867,87766,1956,89722,1253
2021-05-17,Alpine,003,1148,87,88,0,88,0
2021-05-17,Amador,005,37829,3668,3668,33,3701,46
2021-05-17,Butte,007,227075,12467,12144,1812,13956,192
2021-05-17,Calaveras,009,45235,2140,2131,14,2145,53
2021-05-17,Colusa,011,21464,1942,1943,305,2248,14
2021-05-17,Contra Costa,013,1133247,69315,68720,1277,69997,805
2021-05-17,Del Norte,015,27424,1400,1369,12,1381,8
2021-05-17,El Dorado,017,186661,10236,10163,724,10887,112
2021-05-17,Fresno,019,978130,102548,102013,8712,110725,1690
2021-05-17,Glenn,021,27897,2425,2401,561,2962,17
2021-05-17,Humboldt,023,135768,4172,4112,34,4146,42
2021-05-17,Imperial,025,180216,28566,28533,2914,31447,729
2021-05-17,Inyo,027,18085,1403,1401,12,1413,36
2021-05-17,Kern,029,883053,97140,96095,10867,106962,1315
2021-05-17,Kings,031,150075,23141,22918,1092,24010,246
2021-05-17,Lake,033,64148,3508,3489,9,3498,43
2021-05-17,Lassen,035,31185,5197,5156,110,5266,6
2021-05-17,Los Angeles,037,10098052,1204015,1196556,41776,1238332,24123
2021-05-17,Madera,039,155013,16585,16486,935,17421,238
2021-05-17,Marin,041,260295,14071,14021,253,14274,227
2021-05-17,Mariposa,043,17540,428,423,11,434,5
2021-05-17,Mendocino,045,87422,3949,3868,80,3948,46
2021-05-17,Merced,047,269075,30926,31031,1051,32082,450
2021-05-17,Modoc,049,8938,374,362,126,488,3
2021-05-17,Mono,051,14174,1253,1265,17,1282,3
2021-05-17,Monterey,053,433212,43162,42995,1879,44874,379
2021-05-17,Napa,055,140530,9892,9894,36,9930,82
2021-05-17,Nevada,057,99092,4793,4761,188,4949,70
2021-05-17,Orange,059,3164182,255139,253993,11326,265319,5031
2021-05-17,Placer,061,380077,23143,22706,1488,24194,289
2021-05-17,Plumas,063,18699,700,682,10,692,4
2021-05-17,Riverside,065,2383286,293859,288304,14016,302320,4433
2021-05-17,Sacramento,067,1510023,105457,105035,1749,106784,1629
2021-05-17,San Benito,069,59416,6057,6067,115,6182,63
2021-05-17,San Bernardino,071,2135413,293003,291989,8977,300966,4724
2021-05-17,San Diego,073,3302833,279975,279146,14849,293995,3742
2021-05-17,San Francisco,075,870044,36639,36816,1287,38103,546
2021-05-17,San Joaquin,077,732212,72882,72234,3553,75787,1359
2021-05-17,San Luis Obispo,079,281455,21322,21079,733,21812,256
2021-05-17,San Mateo,081,765935,42280,42083,470,42553,428
2021-05-17,Santa Barbara,083,443738,34332,34275,1196,35471,459
2021-05-17,Santa Clara,085,1922200,118406,119116,758,119874,2015
2021-05-17,Santa Cruz,087,273765,16196,16151,814,16965,206
2021-05-17,Shasta,089,179085,12185,12163,1551,13714,200
2021-05-17,Sierra,091,2930,56,54,12,66,0
2021-05-17,Siskiyou,093,43540,1897,1795,352,2147,15
2021-05-17,Solano,095,438530,32678,32627,550,33177,253
2021-05-17,Sonoma,097,501317,29927,30043,331,30374,321
2021-05-17,Stanislaus,099,539301,56124,55839,5925,61764,951
2021-05-17,Sutter,101,95872,9460,9447,86,9533,113
2021-05-17,Tehama,103,63373,5055,5016,569,5585,63
2021-05-17,Trinity,105,12862,483,328,91,419,3
2021-05-17,Tulare,107,460477,50153,49107,9028,58135,836
2021-05-17,Tuolumne,109,53932,4007,4071,39,4110,64
2021-05-17,Ventura,111,848112,81277,80699,2986,83685,1017
2021-05-17,Yolo,113,214977,13950,13941,315,14256,211
2021-05-17,Yuba,115,75493,6015,5987,123,6110,49
2021-05-16,Alameda,001,1643700,87803,87743,1956,89699,1253
2021-05-16,Alpine,003,1148,87,88,0,88,0
2021-05-16,Amador,005,37829,3667,3667,33,3700,46
2021-05-16,Butte,007,227075,12453,12140,1812,13952,192
2021-05-16,Calaveras,009,45235,2138,2129,14,2143,53
2021-05-16,Colusa,011,21464,1940,1943,305,2248,14
2021-05-16,Contra Costa,013,1133247,69247,68694,1274,69968,805
2021-05-16,Del Norte,015,27424,1397,1365,12,1377,8
2021-05-16,El Dorado,017,186661,10220,10159,723,10882,112
2021-05-16,Fresno,019,978130,102504,101987,8706,110693,1690
2021-05-16,Glenn,021,27897,2425,2401,560,2961,17
2021-05-16,Humboldt,023,135768,4157,4104,34,4138,42
2021-05-16,Imperial,025,180216,28555,28516,2911,31427,729
2021-05-16,Inyo,027,18085,1403,1401,12,1413,36
2021-05-16,Kern,029,883053,97107,96083,10847,106930,1315
2021-05-16,Kings,031,150075,23137,22918,1089,24007,246
2021-05-16,Lake,033,64148,3505,3489,9,3498,43
2021-05-16,Lassen,035,31185,5196,5156,110,5266,6
2021-05-16,Los Angeles,037,10098052,1203792,1196397,41760,1238157,24120
2021-05-16,Madera,039,155013,16580,16483,932,17415,238
2021-05-16,Marin,041,260295,14068,14015,253,14268,227
2021-05-16,Mariposa,043,17540,428,423,11,434,5
2021-05-16,Mendocino,045,87422,3939,3863,80,3943,46
2021-05-16,Merced,047,269075,30905,31023,1049,32072,450
2021-05-16,Modoc,049,8938,374,362,126,488,3
2021-05-16,Mono,051,14174,1253,1265,17,1282,3
2021-05-16,Monterey,053,433212,43157,42991,1879,44870,379
2021-05-16,Napa,055,140530,9889,9891,36,9927,82
2021-05-16,Nevada,057,99092,4789,4755,188,4943,70
2021-05-16,Orange,059,3164182,255107,253962,11323,265285,5031
2021-05-16,Placer,061,380077,23111,22696,1482,24178,289
2021-05-16,Plumas,063,18699,699,682,10,692,4
2021-05-16,Riverside,065,2383286,293783,288259,14008,302267,4433
2021-05-16,Sacramento,067,1510023,105343,105013,1747,106760,1628
2021-05-16,San Benito,069,59416,6056,6067,114,6181,63
2021-05-16,San Bernardino,071,2135413,292931,291940,8975,300915,4724
2021-05-16,San Diego,073,3302833,279857,279099,14836,293935,3742
2021-05-16,San Francisco,075,870044,36617,36808,1286,38094,546
2021-05-16,San Joaquin,077,732212,72833,72218,3548,75766,1359
2021-05-16,San Luis Obispo,079,281455,21314,21072,731,21803,256
2021-05-16,San Mateo,081,765935,42269,42063,469,42532,428
2021-05-16,Santa Barbara,083,443738,34325,34270,1196,35466,459
2021-05-16,Santa Clara,085,1922200,118377,119098,757,119855,2015
2021-05-16,Santa Cruz,087,273765,16194,16143,814,16957,206
2021-05-16,Shasta,089,179085,12169,12156,1547,13703,200
2021-05-16,Sierra,091,2930,56,54,12,66,0
2021-05-16,Siskiyou,093,43540,1893,1790,351,2141,15
2021-05-16,Solano,095,438530,32645,32619,548,33167,253
2021-05-16,Sonoma,097,501317,29908,30033,331,30364,321
2021-05-16,Stanislaus,099,539301,56075,55814,5913,61727,951
2021-05-16,Sutter,101,95872,9453,9445,86,9531,113
2021-05-16,Tehama,103,63373,5051,5013,568,5581,63
2021-05-16,Trinity,105,12862,483,328,91,419,3
2021-05-16,Tulare,107,460477,50136,49091,9025,58116,837
2021-05-16,Tuolumne,109,53932,4003,4070,39,4109,64
2021-05-16,Ventura,111,848112,81246,80689,2986,83675,1017
2021-05-16,Yolo,113,214977,13935,13938,315,14253,211
2021-05-16,Yuba,115,75493,6012,5987,123,6110,49
2021-05-15,Alameda,001,1643700,87777,87677,1955,89632,1252
2021-05-15,Alpine,003,1148,87,88,0,88,0
2021-05-15,Amador,005,37829,3667,3666,33,3699,46
2021-05-15,Butte,007,227075,12446,12095,1811,13906,192
2021-05-15,Calaveras,009,45235,2137,2126,14,2140,53
2021-05-15,Colusa,011,21464,1940,1941,303,2244,14
2021-05-15,Contra Costa,013,1133247,69201,68658,1274,69932,805
2021-05-15,Del Norte,015,27424,1392,1359,12,1371,8
2021-05-15,El Dorado,017,186661,10208,10156,722,10878,112
2021-05-15,Fresno,019,978130,102467,101957,8703,110660,1690
2021-05-15,Glenn,021,27897,2425,2400,560,2960,17
2021-05-15,Humboldt,023,135768,4147,4080,34,4114,42
2021-05-15,Imperial,025,180216,28552,28504,2910,31414,729
2021-05-15,Inyo,027,18085,1403,1402,12,1414,36
2021-05-15,Kern,029,883053,97093,96061,10832,106893,1315
2021-05-15,Kings,031,150075,23136,22913,1089,24002,246
2021-05-15,Lake,033,64148,3504,3485,9,3494,43
2021-05-15,Lassen,035,31185,5193,5156,109,5265,6
2021-05-15,Los Angeles,037,10098052,1203668,1196255,41747,1238002,24115
2021-05-15,Madera,039,155013,16577,16482,932,17414,238
2021-05-15,Marin,041,260295,14064,14012,253,14265,227
2021-05-15,Mariposa,043,17540,428,423,11,434,5
2021-05-15,Mendocino,045,87422,3936,3861,80,3941,46
2021-05-15,Merced,047,269075,30884,31012,1049,32061,450
2021-05-15,Modoc,049,8938,374,362,126,488,3
2021-05-15,Mono,051,14174,1253,1265,17,1282,3
2021-05-15,Monterey,053,433212,43153,42982,1879,44861,379
2021-05-15,Napa,055,140530,9886,9887,36,9923,82
2021-05-15,Nevada,057,99092,4788,4755,188,4943,70
2021-05-15,Orange,059,3164182,255080,253919,11316,265235,5030
2021-05-15,Placer,061,380077,23090,22688,1482,24170,289
2021-05-15,Plumas,063,18699,699,681,10,691,4
2021-05-15,Riverside,065,2383286,293741,288203,14003,302206,4433
2021-05-15,Sacramento,067,1510023,105271,104929,1744,106673,1628
2021-05-15,San Benito,069,59416,6056,6066,114,6180,63
2021-05-15,San Bernardino,071,2135413,292889,291892,8973,300865,4724
2021-05-15,San Diego,073,3302833,279786,278991,14821,293812,3737
2021-05-15,San Francisco,075,870044,36601,36795,1284,38079,546
2021-05-15,San Joaquin,077,732212,72807,72197,3546,75743,1359
2021-05-15,San Luis Obispo,079,281455,21311,21061,730,21791,256
2021-05-15,San Mateo,081,765935,42253,42059,469,42528,428
2021-05-15,Santa Barbara,083,443738,34317,34259,1196,35455,459
2021-05-15,Santa Clara,085,1922200,118356,119060,757,119817,2016
2021-05-15,Santa Cruz,087,273765,16190,16137,814,16951,206
2021-05-15,Shasta,089,179085,12157,12152,1544,13696,200
2021-05-15,Sierra,091,2930,56,54,12,66,0
2021-05-15,Siskiyou,093,43540,1887,1788,349,2137,15
2021-05-15,Solano,095,438530,32636,32604,547,33151,253
2021-05-15,Sonoma,097,501317,29889,30020,331,30351,321
2021-05-15,Stanislaus,099,539301,56046,55795,5906,61701,952
2021-05-15,Sutter,101,95872,9451,9436,86,9522,113
2021-05-15,Tehama,103,63373,5047,5012,567,5579,63
2021-05-15,Trinity,105,12862,483,328,91,419,3
2021-05-15,Tulare,107,460477,50126,49080,9021,58101,837
2021-05-15,Tuolumne,109,53932,4001,4064,39,4103,63
2021-05-15,Ventura,111,848112,81235,80662,2986,83648,1017
2021-05-15,Yolo,113,214977,13928,13932,314,14246,211
2021-05-15,Yuba,115,75493,6009,5979,122,6101,49
2021-05-14,Alameda,001,1643700,87743,87621,1952,89573,1249
2021-05-14,Alpine,003,1148,87,88,0,88,0
2021-05-14,Amador,005,37829,3667,3665,33,3698,46
2021-05-14,Butte,007,227075,12437,12076,1808,13884,192
2021-05-14,Calaveras,009,45235,2133,2121,14,2135,53
2021-05-14,Colusa,011,21464,1939,1940,302,2242,14
2021-05-14,Contra Costa,013,1133247,69159,68589,1272,69861,806
2021-05-14,Del Norte,015,27424,1392,1355,12,1367,8
2021-05-14,El Dorado,017,186661,10201,10143,721,10864,113
2021-05-14,Fresno,019,978130,102438,101917,8697,110614,1688
2021-05-14,Glenn,021,27897,2424,2398,560,2958,17
2021-05-14,Humboldt,023,135768,4139,4050,34,4084,37
2021-05-14,Imperial,025,180216,28545,28485,2909,31394,728
2021-05-14,Inyo,027,18085,1403,1400,12,1412,36
2021-05-14,Kern,029,883053,97063,96033,10823,106856,1311
2021-05-14,Kings,031,150075,23135,22910,1089,23999,246
2021-05-14,Lake,033,64148,3500,3483,9,3492,43
2021-05-14,Lassen,035,31185,5193,5154,109,5263,6
2021-05-14,Los Angeles,037,10098052,1203534,1196038,41742,1237780,24101
2021-05-14,Madera,039,155013,16574,16474,932,17406,238
2021-05-14,Marin,041,260295,14060,14010,253,14263,227
2021-05-14,Mariposa,043,17540,428,422,11,433,5
2021-05-14,Mendocino,045,87422,3934,3855,80,3935,46
2021-05-14,Merced,047,269075,30874,31010,1049,32059,450
2021-05-14,Modoc,049,8938,374,362,126,488,3
2021-05-14,Mono,051,14174,1252,1265,17,1282,3
2021-05-14,Monterey,053,433212,43148,42973,1879,44852,380
2021-05-14,Napa,055,140530,9883,9883,36,9919,82
2021-05-14,Nevada,057,99092,4783,4745,188,4933,70
2021-05-14,Orange,059,3164182,255046,253855,11309,265164,5028
2021-05-14,Placer,061,380077,23071,22660,1476,24136,287
2021-05-14,Plumas,063,18699,698,680,10,690,4
2021-05-14,Riverside,065,2383286,293691,288140,14000,302140,4433
2021-05-14,Sacramento,067,1510023,105182,104828,1743,106571,1627
2021-05-14,San Benito,069,59416,6056,6064,114,6178,63
2021-05-14,San Bernardino,071,2135413,292841,291834,8973,300807,4721
2021-05-14,San Diego,073,3302833,279713,278853,14810,293663,3732
2021-05-14,San Francisco,075,870044,36592,36771,1280,38051,545
2021-05-14,San Joaquin,077,732212,72775,72160,3539,75699,1359
2021-05-14,San Luis Obispo,079,281455,21307,21051,730,21781,256
2021-05-14,San Mateo,081,765935,42242,42041,469,42510,428
2021-05-14,Santa Barbara,083,443738,34307,34243,1196,35439,456
2021-05-14,Santa Clara,085,1922200,118327,119006,757,119763,2014
2021-05-14,Santa Cruz,087,273765,16185,16130,814,16944,207
2021-05-14,Shasta,089,179085,12151,12130,1539,13669,200
2021-05-14,Sierra,091,2930,56,54,12,66,0
2021-05-14,Siskiyou,093,43540,1880,1779,348,2127,14
2021-05-14,Solano,095,438530,32616,32585,546,33131,252
2021-05-14,Sonoma,097,501317,29871,30007,331,30338,321
2021-05-14,Stanislaus,099,539301,56013,55752,5900,61652,950
2021-05-14,Sutter,101,95872,9442,9433,84,9517,113
2021-05-14,Tehama,103,63373,5040,5005,567,5572,63
2021-05-14,Trinity,105,12862,483,328,91,419,3
2021-05-14,Tulare,107,460477,50109,49060,9016,58076,836
2021-05-14,Tuolumne,109,53932,4001,4060,39,4099,63
2021-05-14,Ventura,111,848112,81221,80628,2986,83614,1014
2021-05-14,Yolo,113,214977,13923,13922,310,14232,210
2021-05-14,Yuba,115,75493,6005,5970,122,6092,47
2021-05-13,Alameda,001,1643700,87699,87557,1951,89508,1250
2021-05-13,Alpine,003,1148,87,88,0,88,0
2021-05-13,Amador,005,37829,3667,3662,33,3695,46
2021-05-13,Butte,007,227075,12423,12051,1807,13858,196
2021-05-13,Calaveras,009,45235,2133,2120,14,2134,53
2021-05-13,Colusa,011,21464,1938,1939,298,2237,14
2021-05-13,Contra Costa,013,1133247,69111,68522,1271,69793,806
2021-05-13,Del Norte,015,27424,1390,1354,12,1366,8
2021-05-13,El Dorado,017,186661,10199,10133,721,10854,112
2021-05-13,Fresno,019,978130,102409,101862,8696,110558,1687
2021-05-13,Glenn,021,27897,2423,2395,560,2955,17
2021-05-13,Humboldt,023,135768,4121,4027,34,4061,37
2021-05-13,Imperial,025,180216,28530,28468,2906,31374,729
2021-05-13,Inyo,027,18085,1403,1400,12,1412,36
2021-05-13,Kern,029,883053,97039,95996,10805,106801,1311
2021-05-13,Kings,031,150075,23134,22904,1089,23993,246
2021-05-13,Lake,033,64148,3498,3479,9,3488,43
2021-05-13,Lassen,035,31185,5193,5152,108,5260,6
2021-05-13,Los Angeles,037,10098052,1203346,1195504,41727,1237231,24083
2021-05-13,Madera,039,155013,16566,16467,932,17399,238
2021-05-13,Marin,041,260295,14055,14004,251,14255,227
2021-05-13,Mariposa,043,17540,428,422,11,433,5
2021-05-13,Mendocino,045,87422,3930,3846,80,3926,46
2021-05-13,Merced,047,269075,30867,30989,1048,32037,450
2021-05-13,Modoc,049,8938,374,362,126,488,3
2021-05-13,Mono,051,14174,1252,1265,17,1282,3
2021-05-13,Monterey,053,433212,43133,42966,1879,44845,380
2021-05-13,Napa,055,140530,9876,9877,36,9913,82
2021-05-13,Nevada,057,99092,4779,4743,187,4930,70
2021-05-13,Orange,059,3164182,255001,253778,11307,265085,5026
2021-05-13,Placer,061,380077,23047,22668,1469,24137,288
2021-05-13,Plumas,063,18699,698,680,10,690,4
2021-05-13,Riverside,065,2383286,293625,288067,13995,302062,4433
2021-05-13,Sacramento,067,1510023,105095,104711,1741,106452,1626
2021-05-13,San Benito,069,59416,6054,6062,114,6176,63
2021-05-13,San Bernardino,071,2135413,292775,291765,8973,300738,4722
2021-05-13,San Diego,073,3302833,279599,278592,14793,293385,3729
2021-05-13,San Francisco,075,870044,36568,36741,1278,38019,544
2021-05-13,San Joaquin,077,732212,72733,72096,3535,75631,1357
2021-05-13,San Luis Obispo,079,281455,21292,21043,729,21772,255
2021-05-13,San Mateo,081,765935,42225,42059,469,42528,426
2021-05-13,Santa Barbara,083,443738,34295,34242,1196,35438,456
2021-05-13,Santa Clara,085,1922200,118300,118952,757,119709,2013
2021-05-13,Santa Cruz,087,273765,16179,16129,814,16943,208
2021-05-13,Shasta,089,179085,12131,12111,1535,13646,200
2021-05-13,Sierra,091,2930,56,54,12,66,0
2021-05-13,Siskiyou,093,43540,1873,1769,345,2114,14
2021-05-13,Solano,095,438530,32603,32548,544,33092,252
2021-05-13,Sonoma,097,501317,29846,29991,331,30322,321
2021-05-13,Stanislaus,099,539301,55976,55678,5894,61572,949
2021-05-13,Sutter,101,95872,9437,9431,83,9514,112
2021-05-13,Tehama,103,63373,5035,4997,567,5564,63
2021-05-13,Trinity,105,12862,482,327,90,417,3
2021-05-13,Tulare,107,460477,50083,49032,9008,58040,837
2021-05-13,Tuolumne,109,53932,4000,4059,39,4098,63
2021-05-13,Ventura,111,848112,81191,80615,2985,83600,1012
2021-05-13,Yolo,113,214977,13914,13914,308,14222,210
2021-05-13,Yuba,115,75493,5996,5962,122,6084,47
2021-05-12,Alameda,001,1643700,87666,87482,1949,89431,1261
2021-05-12,Alpine,003,1148,87,88,0,88,0
2021-05-12,Amador,005,37829,3667,3658,33,3691,46
2021-05-12,Butte,007,227075,12413,12026,1807,13833,199
2021-05-12,Calaveras,009,45235,2130,2119,14,2133,53
2021-05-12,Colusa,011,21464,1936,1939,297,2236,14
2021-05-12,Contra Costa,013,1133247,69052,68462,1265,69727,805
2021-05-12,Del Norte,015,27424,1388,1352,12,1364,8
2021-05-12,El Dorado,017,186661,10190,10123,721,10844,112
2021-05-12,Fresno,019,978130,102360,101838,8685,110523,1688
2021-05-12,Glenn,021,27897,2420,2391,560,2951,17
2021-05-12,Humboldt,023,135768,4093,3982,34,4016,37
2021-05-12,Imperial,025,180216,28512,28443,2901,31344,726
2021-05-12,Inyo,027,18085,1403,1400,12,1412,36
2021-05-12,Kern,029,883053,97003,95955,10798,106753,1310
2021-05-12,Kings,031,150075,23132,22896,1089,23985,246
2021-05-12,Lake,033,64148,3496,3476,9,3485,43
2021-05-12,Lassen,035,31185,5191,5151,108,5259,6
2021-05-12,Los Angeles,037,10098052,1203164,1195318,41710,1237028,24067
2021-05-12,Madera,039,155013,16559,16462,931,17393,238
2021-05-12,Marin,041,260295,14050,13997,251,14248,227
2021-05-12,Mariposa,043,17540,428,422,11,433,5
2021-05-12,Mendocino,045,87422,3920,3836,80,3916,46
2021-05-12,Merced,047,269075,30851,30941,1048,31989,450
2021-05-12,Modoc,049,8938,373,362,126,488,3
2021-05-12,Mono,051,14174,1252,1265,17,1282,3
2021-05-12,Monterey,053,433212,43121,42950,1878,44828,380
2021-05-12,Napa,055,140530,9870,9870,36,9906,82
2021-05-12,Nevada,057,99092,4775,4738,187,4925,70
2021-05-12,Orange,059,3164182,254950,253587,11304,264891,5024
2021-05-12,Placer,061,380077,23029,22652,1462,24114,288
2021-05-12,Plumas,063,18699,698,681,10,691,4
2021-05-12,Riverside,065,2383286,293555,287830,13991,301821,4431
2021-05-12,Sacramento,067,1510023,104999,104592,1739,106331,1621
2021-05-12,San Benito,069,59416,6054,6062,114,6176,63
2021-05-12,San Bernardino,071,2135413,292727,291505,8968,300473,4715
2021-05-12,San Diego,073,3302833,279494,278402,14772,293174,3729
2021-05-12,San Francisco,075,870044,36549,36720,1277,37997,544
2021-05-12,San Joaquin,077,732212,72679,72043,3531,75574,1356
2021-05-12,San Luis Obispo,079,281455,21282,21021,729,21750,255
2021-05-12,San Mateo,081,765935,42216,42038,467,42505,426
2021-05-12,Santa Barbara,083,443738,34287,34218,1196,35414,456
2021-05-12,Santa Clara,085,1922200,118257,118897,757,119654,2005
2021-05-12,Santa Cruz,087,273765,16173,16123,814,16937,207
2021-05-12,Shasta,089,179085,12111,12092,1533,13625,200
2021-05-12,Sierra,091,2930,56,54,12,66,0
2021-05-12,Siskiyou,093,43540,1869,1760,344,2104,13
2021-05-12,Solano,095,438530,32579,32519,544,33063,252
2021-05-12,Sonoma,097,501317,29834,29976,331,30307,320
2021-05-12,Stanislaus,099,539301,55936,55632,5887,61519,919
2021-05-12,Sutter,101,95872,9434,9427,83,9510,112
2021-05-12,Tehama,103,63373,5030,4989,567,5556,62
2021-05-12,Trinity,105,12862,482,327,90,417,3
2021-05-12,Tulare,107,460477,50067,49001,9000,58001,838
2021-05-12,Tuolumne,109,53932,3999,4056,39,4095,63
2021-05-12,Ventura,111,848112,81172,80577,2985,83562,1010
2021-05-12,Yolo,113,214977,13907,13910,307,14217,210
2021-05-12,Yuba,115,75493,5993,5956,122,6078,47
2021-05-11,Alameda,001,1643700,87602,87413,1945,89358,1290
2021-05-11,Alpine,003,1148,87,88,0,88,0
2021-05-11,Amador,005,37829,3665,3657,33,3690,46
2021-05-11,Butte,007,227075,12398,12008,1804,13812,199
2021-05-11,Calaveras,009,45235,2130,2118,14,2132,52
2021-05-11,Colusa,011,21464,1935,1939,297,2236,14
2021-05-11,Contra Costa,013,1133247,68992,68406,1264,69670,806
2021-05-11,Del Norte,015,27424,1386,1347,12,1359,8
2021-05-11,El Dorado,017,186661,10184,10108,720,10828,112
2021-05-11,Fresno,019,978130,102314,101792,8680,110472,1686
2021-05-11,Glenn,021,27897,2419,2387,559,2946,17
2021-05-11,Humboldt,023,135768,4072,3964,33,3997,37
2021-05-11,Imperial,025,180216,28504,28413,2897,31310,722
2021-05-11,Inyo,027,18085,1402,1402,12,1414,36
2021-05-11,Kern,029,883053,96975,95938,10785,106723,1310
2021-05-11,Kings,031,150075,23124,22887,1089,23976,246
2021-05-11,Lake,033,64148,3496,3473,9,3482,43
2021-05-11,Lassen,035,31185,5189,5148,108,5256,6
2021-05-11,Los Angeles,037,10098052,1202924,1195100,41694,1236794,24048
2021-05-11,Madera,039,155013,16555,16459,930,17389,238
2021-05-11,Marin,041,260295,14043,13987,251,14238,227
2021-05-11,Mariposa,043,17540,428,421,11,432,5
2021-05-11,Mendocino,045,87422,3912,3821,80,3901,46
2021-05-11,Merced,047,269075,30842,30893,1048,31941,449
2021-05-11,Modoc,049,8938,373,362,125,487,3
2021-05-11,Mono,051,14174,1252,1265,17,1282,3
2021-05-11,Monterey,053,433212,43113,42934,1877,44811,380
2021-05-11,Napa,055,140530,9863,9870,36,9906,81
2021-05-11,Nevada,057,99092,4771,4737,187,4924,70
2021-05-11,Orange,059,3164182,254887,253545,11296,264841,5017
2021-05-11,Placer,061,380077,23007,22615,1458,24073,287
2021-05-11,Plumas,063,18699,696,679,10,689,4
2021-05-11,Riverside,065,2383286,293493,287757,13986,301743,4429
2021-05-11,Sacramento,067,1510023,104900,104496,1736,106232,1616
2021-05-11,San Benito,069,59416,6051,6058,114,6172,63
2021-05-11,San Bernardino,071,2135413,292667,291421,8966,300387,4707
2021-05-11,San Diego,073,3302833,279359,278308,14753,293061,3725
2021-05-11,San Francisco,075,870044,36529,36707,1277,37984,543
2021-05-11,San Joaquin,077,732212,72631,71999,3528,75527,1356
2021-05-11,San Luis Obispo,079,281455,21275,21008,727,21735,255
2021-05-11,San Mateo,081,765935,42197,41985,466,42451,425
2021-05-11,Santa Barbara,083,443738,34277,34207,1196,35403,456
2021-05-11,Santa Clara,085,1922200,118211,118857,756,119613,2005
2021-05-11,Santa Cruz,087,273765,16169,16113,814,16927,206
2021-05-11,Shasta,089,179085,12088,12050,1527,13577,200
2021-05-11,Sierra,091,2930,56,54,12,66,0
2021-05-11,Siskiyou,093,43540,1859,1756,342,2098,13
2021-05-11,Solano,095,438530,32561,32499,542,33041,250
2021-05-11,Sonoma,097,501317,29819,29966,331,30297,318
2021-05-11,Stanislaus,099,539301,55888,55589,5883,61472,909
2021-05-11,Sutter,101,95872,9427,9417,83,9500,112
2021-05-11,Tehama,103,63373,5026,4985,566,5551,62
2021-05-11,Trinity,105,12862,482,327,89,416,3
2021-05-11,Tulare,107,460477,50040,48974,8986,57960,837
2021-05-11,Tuolumne,109,53932,3998,4056,39,4095,63
2021-05-11,Ventura,111,848112,81148,80544,2982,83526,1008
2021-05-11,Yolo,113,214977,13894,13902,304,14206,210
2021-05-11,Yuba,115,75493,5984,5950,122,6072,46
2021-05-10,Alameda,001,1643700,87532,87366,1944,89310,1284
2021-05-10,Alpine,003,1148,87,88,0,88,0
2021-05-10,Amador,005,37829,3664,3657,33,3690,46
2021-05-10,Butte,007,227075,12382,11993,1800,13793,199
2021-05-10,Calaveras,009,45235,2123,2118,14,2132,52
2021-05-10,Colusa,011,21464,1935,1939,297,2236,14
2021-05-10,Contra Costa,013,1133247,68928,68357,1264,69621,806
2021-05-10,Del Norte,015,27424,1383,1339,12,1351,8
2021-05-10,El Dorado,017,186661,10170,10093,720,10813,113
2021-05-10,Fresno,019,978130,102282,101755,8673,110428,1682
2021-05-10,Glenn,021,27897,2418,2384,557,2941,17
2021-05-10,Humboldt,023,135768,4042,3961,33,3994,36
2021-05-10,Imperial,025,180216,28490,28397,2893,31290,722
2021-05-10,Inyo,027,18085,1402,1401,12,1413,36
2021-05-10,Kern,029,883053,96932,95920,10771,106691,1310
2021-05-10,Kings,031,150075,23113,22884,1088,23972,246
2021-05-10,Lake,033,64148,3488,3471,9,3480,43
2021-05-10,Lassen,035,31185,5185,5148,108,5256,5
2021-05-10,Los Angeles,037,10098052,1202661,1194976,41678,1236654,24030
2021-05-10,Madera,039,155013,16545,16450,930,17380,238
2021-05-10,Marin,041,260295,14040,13981,251,14232,228
2021-05-10,Mariposa,043,17540,427,420,11,431,5
2021-05-10,Mendocino,045,87422,3906,3818,80,3898,46
2021-05-10,Merced,047,269075,30831,30880,1048,31928,448
2021-05-10,Modoc,049,8938,373,361,125,486,3
2021-05-10,Mono,051,14174,1252,1265,17,1282,3
2021-05-10,Monterey,053,433212,43107,42927,1872,44799,380
2021-05-10,Napa,055,140530,9861,9860,36,9896,81
2021-05-10,Nevada,057,99092,4764,4735,187,4922,70
2021-05-10,Orange,059,3164182,254833,253484,11290,264774,5008
2021-05-10,Placer,061,380077,22985,22590,1455,24045,286
2021-05-10,Plumas,063,18699,695,679,10,689,4
2021-05-10,Riverside,065,2383286,293424,287689,13980,301669,4427
2021-05-10,Sacramento,067,1510023,104787,104378,1731,106109,1613
2021-05-10,San Benito,069,59416,6050,6058,114,6172,63
2021-05-10,San Bernardino,071,2135413,292615,291360,8965,300325,4707
2021-05-10,San Diego,073,3302833,279194,278183,14726,292909,3725
2021-05-10,San Francisco,075,870044,36510,36683,1277,37960,543
2021-05-10,San Joaquin,077,732212,72594,71954,3513,75467,1356
2021-05-10,San Luis Obispo,079,281455,21257,20993,726,21719,256
2021-05-10,San Mateo,081,765935,42179,41926,466,42392,424
2021-05-10,Santa Barbara,083,443738,34269,34201,1196,35397,456
2021-05-10,Santa Clara,085,1922200,118152,118822,756,119578,2003
2021-05-10,Santa Cruz,087,273765,16164,16114,814,16928,206
2021-05-10,Shasta,089,179085,12074,12036,1523,13559,200
2021-05-10,Sierra,091,2930,56,54,12,66,0
2021-05-10,Siskiyou,093,43540,1849,1752,340,2092,13
2021-05-10,Solano,095,438530,32541,32466,540,33006,250
2021-05-10,Sonoma,097,501317,29804,29955,330,30285,318
2021-05-10,Stanislaus,099,539301,55814,55541,5877,61418,898
2021-05-10,Sutter,101,95872,9421,9412,83,9495,111
2021-05-10,Tehama,103,63373,5022,4980,566,5546,62
2021-05-10,Trinity,105,12862,482,327,87,414,3
2021-05-10,Tulare,107,460477,50016,48956,8980,57936,837
2021-05-10,Tuolumne,109,53932,3994,4054,38,4092,63
2021-05-10,Ventura,111,848112,81132,80501,2980,83481,1008
2021-05-10,Yolo,113,214977,13882,13898,302,14200,209
2021-05-10,Yuba,115,75493,5982,5942,122,6064,46
2021-05-09,Alameda,001,1643700,87461,87292,1941,89233,1284
2021-05-09,Alpine,003,1148,87,88,0,88,0
2021-05-09,Amador,005,37829,3662,3655,33,3688,46
2021-05-09,Butte,007,227075,12363,11985,1796,13781,199
2021-05-09,Calaveras,009,45235,2122,2116,14,2130,52
2021-05-09,Colusa,011,21464,1934,1940,297,2237,14
2021-05-09,Contra Costa,013,1133247,68864,68302,1262,69564,806
2021-05-09,Del Norte,015,27424,1376,1338,12,1350,8
2021-05-09,El Dorado,017,186661,10156,10089,717,10806,113
2021-05-09,Fresno,019,978130,102244,101729,8664,110393,1682
2021-05-09,Glenn,021,27897,2411,2382,554,2936,17
2021-05-09,Humboldt,023,135768,4022,3950,33,3983,36
2021-05-09,Imperial,025,180216,28467,28388,2883,31271,722
2021-05-09,Inyo,027,18085,1402,1401,11,1412,36
2021-05-09,Kern,029,883053,96904,95903,10761,106664,1310
2021-05-09,Kings,031,150075,23104,22878,1088,23966,246
2021-05-09,Lake,033,64148,3484,3471,9,3480,43
2021-05-09,Lassen,035,31185,5183,5147,108,5255,5
2021-05-09,Los Angeles,037,10098052,1202400,1194820,41662,1236482,24026
2021-05-09,Madera,039,155013,16536,16444,924,17368,238
2021-05-09,Marin,041,260295,14029,13979,250,14229,228
2021-05-09,Mariposa,043,17540,424,420,11,431,5
2021-05-09,Mendocino,045,87422,3896,3814,80,3894,46
2021-05-09,Merced,047,269075,30808,30883,1048,31931,448
2021-05-09,Modoc,049,8938,373,360,125,485,3
2021-05-09,Mono,051,14174,1252,1264,17,1281,3
2021-05-09,Monterey,053,433212,43089,42918,1872,44790,380
2021-05-09,Napa,055,140530,9850,9857,36,9893,81
2021-05-09,Nevada,057,99092,4757,4727,187,4914,70
2021-05-09,Orange,059,3164182,254779,253451,11282,264733,5008
2021-05-09,Placer,061,380077,22959,22566,1452,24018,286
2021-05-09,Plumas,063,18699,694,679,10,689,4
2021-05-09,Riverside,065,2383286,293344,287644,13974,301618,4427
2021-05-09,Sacramento,067,1510023,104638,104309,1725,106034,1612
2021-05-09,San Benito,069,59416,6048,6056,114,6170,63
2021-05-09,San Bernardino,071,2135413,292532,291337,8959,300296,4707
2021-05-09,San Diego,073,3302833,279027,277950,14704,292654,3725
2021-05-09,San Francisco,075,870044,36484,36669,1275,37944,543
2021-05-09,San Joaquin,077,732212,72548,71927,3512,75439,1356
2021-05-09,San Luis Obispo,079,281455,21246,20999,726,21725,256
2021-05-09,San Mateo,081,765935,42150,41903,466,42369,424
2021-05-09,Santa Barbara,083,443738,34256,34196,1195,35391,456
2021-05-09,Santa Clara,085,1922200,118098,118798,755,119553,2003
2021-05-09,Santa Cruz,087,273765,16158,16094,814,16908,206
2021-05-09,Shasta,089,179085,12044,12034,1518,13552,200
2021-05-09,Sierra,091,2930,56,54,12,66,0
2021-05-09,Siskiyou,093,43540,1843,1741,337,2078,13
2021-05-09,Solano,095,438530,32502,32434,537,32971,250
2021-05-09,Sonoma,097,501317,29790,29953,329,30282,318
2021-05-09,Stanislaus,099,539301,55748,55511,5873,61384,898
2021-05-09,Sutter,101,95872,9415,9413,83,9496,111
2021-05-09,Tehama,103,63373,5017,4979,566,5545,62
2021-05-09,Trinity,105,12862,482,327,87,414,3
2021-05-09,Tulare,107,460477,49989,48948,8975,57923,837
2021-05-09,Tuolumne,109,53932,3993,4053,38,4091,63
2021-05-09,Ventura,111,848112,81117,80487,2979,83466,1008
2021-05-09,Yolo,113,214977,13872,13897,301,14198,209
2021-05-09,Yuba,115,75493,5976,5934,122,6056,46
2021-05-08,Alameda,001,1643700,87419,87213,1937,89150,1284
2021-05-08,Alpine,003,1148,87,88,0,88,0
2021-05-08,Amador,005,37829,3660,3652,33,3685,46
2021-05-08,Butte,007,227075,12351,11962,1795,13757,199
2021-05-08,Calaveras,009,45235,2121,2114,14,2128,52
2021-05-08,Colusa,011,21464,1934,1939,297,2236,14
2021-05-08,Contra Costa,013,1133247,68831,68223,1260,69483,803
2021-05-08,Del Norte,015,27424,1373,1335,12,1347,8
2021-05-08,El Dorado,017,186661,10142,10079,717,10796,113
2021-05-08,Fresno,019,978130,102208,101676,8659,110335,1682
2021-05-08,Glenn,021,27897,2409,2382,552,2934,17
2021-05-08,Humboldt,023,135768,4006,3939,33,3972,36
2021-05-08,Imperial,025,180216,28459,28373,2883,31256,721
2021-05-08,Inyo,027,18085,1402,1402,11,1413,36
2021-05-08,Kern,029,883053,96879,95880,10748,106628,1310
2021-05-08,Kings,031,150075,23101,22872,1087,23959,246
2021-05-08,Lake,033,64148,3483,3470,9,3479,43
2021-05-08,Lassen,035,31185,5182,5145,108,5253,5
2021-05-08,Los Angeles,037,10098052,1202250,1194584,41646,1236230,24022
2021-05-08,Madera,039,155013,16532,16442,924,17366,238
2021-05-08,Marin,041,260295,14026,13974,249,14223,228
2021-05-08,Mariposa,043,17540,424,420,11,431,5
2021-05-08,Mendocino,045,87422,3891,3810,79,3889,46
2021-05-08,Merced,047,269075,30799,30876,1048,31924,448
2021-05-08,Modoc,049,8938,373,360,124,484,3
2021-05-08,Mono,051,14174,1252,1262,17,1279,3
2021-05-08,Monterey,053,433212,43084,42914,1871,44785,380
2021-05-08,Napa,055,140530,9843,9853,36,9889,81
2021-05-08,Nevada,057,99092,4754,4716,187,4903,70
2021-05-08,Orange,059,3164182,254745,253412,11279,264691,5006
2021-05-08,Placer,061,380077,22941,22547,1450,23997,286
2021-05-08,Plumas,063,18699,693,679,10,689,4
2021-05-08,Riverside,065,2383286,293301,287574,13972,301546,4427
2021-05-08,Sacramento,067,1510023,104553,104208,1722,105930,1610
2021-05-08,San Benito,069,59416,6047,6048,114,6162,63
2021-05-08,San Bernardino,071,2135413,292489,291296,8959,300255,4707
2021-05-08,San Diego,073,3302833,278943,277760,14686,292446,3725
2021-05-08,San Francisco,075,870044,36461,36642,1275,37917,543
2021-05-08,San Joaquin,077,732212,72519,71869,3503,75372,1356
2021-05-08,San Luis Obispo,079,281455,21235,20992,726,21718,256
2021-05-08,San Mateo,081,765935,42139,41871,466,42337,424
2021-05-08,Santa Barbara,083,443738,34243,34185,1195,35380,456
2021-05-08,Santa Clara,085,1922200,118067,118751,755,119506,2003
2021-05-08,Santa Cruz,087,273765,16155,16089,814,16903,206
2021-05-08,Shasta,089,179085,12034,12030,1514,13544,200
2021-05-08,Sierra,091,2930,56,54,12,66,0
2021-05-08,Siskiyou,093,43540,1842,1741,333,2074,13
2021-05-08,Solano,095,438530,32477,32395,535,32930,249
2021-05-08,Sonoma,097,501317,29777,29942,329,30271,318
2021-05-08,Stanislaus,099,539301,55717,55467,5869,61336,898
2021-05-08,Sutter,101,95872,9412,9413,83,9496,111
2021-05-08,Tehama,103,63373,5015,4977,566,5543,62
2021-05-08,Trinity,105,12862,482,327,87,414,3
2021-05-08,Tulare,107,460477,49975,48929,8965,57894,837
2021-05-08,Tuolumne,109,53932,3992,4050,38,4088,63
2021-05-08,Ventura,111,848112,81106,80481,2976,83457,1008
2021-05-08,Yolo,113,214977,13869,13894,300,14194,209
2021-05-08,Yuba,115,75493,5968,5928,122,6050,46
2021-05-07,Alameda,001,1643700,87365,87128,1936,89064,1280
2021-05-07,Alpine,003,1148,87,88,0,88,0
2021-05-07,Amador,005,37829,3657,3651,33,3684,46
2021-05-07,Butte,007,227075,12331,11943,1792,13735,199
2021-05-07,Calaveras,009,45235,2119,2114,14,2128,52
2021-05-07,Colusa,011,21464,1934,1937,297,2234,14
2021-05-07,Contra Costa,013,1133247,68785,68156,1258,69414,804
2021-05-07,Del Norte,015,27424,1368,1329,12,1341,8
2021-05-07,El Dorado,017,186661,10129,10065,715,10780,112
2021-05-07,Fresno,019,978130,102175,101625,8658,110283,1684
2021-05-07,Glenn,021,27897,2406,2381,551,2932,17
2021-05-07,Humboldt,023,135768,3991,3919,33,3952,36
2021-05-07,Imperial,025,180216,28451,28352,2882,31234,721
2021-05-07,Inyo,027,18085,1402,1402,11,1413,36
2021-05-07,Kern,029,883053,96866,95839,10736,106575,1308
2021-05-07,Kings,031,150075,23100,22857,1086,23943,246
2021-05-07,Lake,033,64148,3481,3467,9,3476,43
2021-05-07,Lassen,035,31185,5181,5144,107,5251,5
2021-05-07,Los Angeles,037,10098052,1202072,1194294,41638,1235932,24008
2021-05-07,Madera,039,155013,16527,16439,923,17362,238
2021-05-07,Marin,041,260295,14022,13968,249,14217,228
2021-05-07,Mariposa,043,17540,423,419,11,430,5
2021-05-07,Mendocino,045,87422,3885,3805,79,3884,46
2021-05-07,Merced,047,269075,30796,30862,1048,31910,446
2021-05-07,Modoc,049,8938,373,360,124,484,3
2021-05-07,Mono,051,14174,1251,1261,17,1278,3
2021-05-07,Monterey,053,433212,43078,42909,1869,44778,380
2021-05-07,Napa,055,140530,9842,9849,36,9885,81
2021-05-07,Nevada,057,99092,4750,4704,187,4891,70
2021-05-07,Orange,059,3164182,254705,253338,11270,264608,5000
2021-05-07,Placer,061,380077,22921,22524,1448,23972,286
2021-05-07,Plumas,063,18699,693,678,10,688,4
2021-05-07,Riverside,065,2383286,293243,287479,13971,301450,4426
2021-05-07,Sacramento,067,1510023,104481,104068,1717,105785,1609
2021-05-07,San Benito,069,59416,6046,6048,114,6162,63
2021-05-07,San Bernardino,071,2135413,292447,291185,8954,300139,4697
2021-05-07,San Diego,073,3302833,278858,277534,14671,292205,3718
2021-05-07,San Francisco,075,870044,36448,36616,1274,37890,543
2021-05-07,San Joaquin,077,732212,72479,71804,3501,75305,1351
2021-05-07,San Luis Obispo,079,281455,21228,20979,726,21705,256
2021-05-07,San Mateo,081,765935,42123,41844,466,42310,424
2021-05-07,Santa Barbara,083,443738,34233,34166,1195,35361,453
2021-05-07,Santa Clara,085,1922200,118034,118691,754,119445,2002
2021-05-07,Santa Cruz,087,273765,16152,16074,814,16888,206
2021-05-07,Shasta,089,179085,12012,12005,1512,13517,200
2021-05-07,Sierra,091,2930,56,54,12,66,0
2021-05-07,Siskiyou,093,43540,1839,1723,333,2056,13
2021-05-07,Solano,095,438530,32450,32352,533,32885,249
2021-05-07,Sonoma,097,501317,29759,29925,327,30252,318
2021-05-07,Stanislaus,099,539301,55676,55407,5864,61271,896
2021-05-07,Sutter,101,95872,9412,9407,82,9489,111
2021-05-07,Tehama,103,63373,5008,4974,566,5540,57
2021-05-07,Trinity,105,12862,482,327,87,414,3
2021-05-07,Tulare,107,460477,49958,48913,8960,57873,837
2021-05-07,Tuolumne,109,53932,3990,4048,38,4086,63
2021-05-07,Ventura,111,848112,81082,80444,2976,83420,1008
2021-05-07,Yolo,113,214977,13863,13875,299,14174,209
2021-05-07,Yuba,115,75493,5958,5910,122,6032,46
2021-05-06,Alameda,001,1643700,87288,87028,1933,88961,1278
2021-05-06,Alpine,003,1148,87,88,0,88,0
2021-05-06,Amador,005,37829,3655,3650,33,3683,46
2021-05-06,Butte,007,227075,12311,11929,1787,13716,198
2021-05-06,Calaveras,009,45235,2118,2111,14,2125,52
2021-05-06,Colusa,011,21464,1934,1935,297,2232,14
2021-05-06,Contra Costa,013,1133247,68730,68076,1255,69331,802
2021-05-06,Del Norte,015,27424,1360,1324,12,1336,6
2021-05-06,El Dorado,017,186661,10122,10048,715,10763,112
2021-05-06,Fresno,019,978130,102131,101536,8654,110190,1680
2021-05-06,Glenn,021,27897,2405,2380,550,2930,17
2021-05-06,Humboldt,023,135768,3966,3898,33,3931,36
2021-05-06,Imperial,025,180216,28440,28311,2881,31192,720
2021-05-06,Inyo,027,18085,1402,1401,11,1412,36
2021-05-06,Kern,029,883053,96841,95801,10719,106520,1307
2021-05-06,Kings,031,150075,23093,22848,1085,23933,246
2021-05-06,Lake,033,64148,3480,3465,9,3474,43
2021-05-06,Lassen,035,31185,5180,5143,107,5250,1
2021-05-06,Los Angeles,037,10098052,1201831,1193954,41621,1235575,23991
2021-05-06,Madera,039,155013,16519,16430,923,17353,238
2021-05-06,Marin,041,260295,14018,13956,249,14205,228
2021-05-06,Mariposa,043,17540,422,419,11,430,5
2021-05-06,Mendocino,045,87422,3874,3802,79,3881,46
2021-05-06,Merced,047,269075,30781,30863,1047,31910,444
2021-05-06,Modoc,049,8938,373,360,124,484,3
2021-05-06,Mono,051,14174,1249,1261,17,1278,3
2021-05-06,Monterey,053,433212,43063,42899,1869,44768,379
2021-05-06,Napa,055,140530,9836,9843,36,9879,81
2021-05-06,Nevada,057,99092,4749,4687,187,4874,70
2021-05-06,Orange,059,3164182,254637,253286,11264,264550,4991
2021-05-06,Placer,061,380077,22899,22493,1448,23941,286
2021-05-06,Plumas,063,18699,693,678,10,688,4
2021-05-06,Riverside,065,2383286,293170,287399,13966,301365,4422
2021-05-06,Sacramento,067,1510023,104364,103956,1714,105670,1609
2021-05-06,San Benito,069,59416,6045,6045,114,6159,63
2021-05-06,San Bernardino,071,2135413,292377,291085,8953,300038,4683
2021-05-06,San Diego,073,3302833,278733,277324,14648,291972,3716
2021-05-06,San Francisco,075,870044,36433,36599,1274,37873,543
2021-05-06,San Joaquin,077,732212,72424,71729,3498,75227,1350
2021-05-06,San Luis Obispo,079,281455,21216,20965,724,21689,256
2021-05-06,San Mateo,081,765935,42104,41802,465,42267,424
2021-05-06,Santa Barbara,083,443738,34220,34152,1195,35347,453
2021-05-06,Santa Clara,085,1922200,117993,118591,754,119345,2001
2021-05-06,Santa Cruz,087,273765,16145,16050,814,16864,206
2021-05-06,Shasta,089,179085,11990,11983,1506,13489,199
2021-05-06,Sierra,091,2930,56,54,12,66,0
2021-05-06,Siskiyou,093,43540,1829,1711,332,2043,12
2021-05-06,Solano,095,438530,32424,32320,525,32845,249
2021-05-06,Sonoma,097,501317,29751,29911,327,30238,318
2021-05-06,Stanislaus,099,539301,55620,55323,5859,61182,834
2021-05-06,Sutter,101,95872,9406,9396,82,9478,111
2021-05-06,Tehama,103,63373,5003,4970,566,5536,53
2021-05-06,Trinity,105,12862,482,327,87,414,3
2021-05-06,Tulare,107,460477,49933,48890,8945,57835,836
2021-05-06,Tuolumne,109,53932,3986,4047,38,4085,63
2021-05-06,Ventura,111,848112,81051,80411,2973,83384,1005
2021-05-06,Yolo,113,214977,13856,13871,295,14166,209
2021-05-06,Yuba,115,75493,5946,5901,122,6023,46
2021-05-05,Alameda,001,1643700,87226,86950,1931,88881,1278
2021-05-05,Alpine,003,1148,87,88,0,88,0
2021-05-05,Amador,005,37829,3652,3650,33,3683,46
2021-05-05,Butte,007,227075,12293,11907,1784,13691,198
2021-05-05,Calaveras,009,45235,2114,2103,14,2117,52
2021-05-05,Colusa,011,21464,1933,1933,297,2230,14
2021-05-05,Contra Costa,013,1133247,68665,67997,1251,69248,803
2021-05-05,Del Norte,015,27424,1357,1317,12,1329,6
2021-05-05,El Dorado,017,186661,10111,10020,714,10734,111
2021-05-05,Fresno,019,978130,102082,101491,8645,110136,1680
2021-05-05,Glenn,021,27897,2402,2380,549,2929,17
2021-05-05,Humboldt,023,135768,3947,3886,32,3918,36
2021-05-05,Imperial,025,180216,28399,28295,2874,31169,720
2021-05-05,Inyo,027,18085,1401,1401,11,1412,36
2021-05-05,Kern,029,883053,96797,95753,10715,106468,1304
2021-05-05,Kings,031,150075,23087,22840,1084,23924,246
2021-05-05,Lake,033,64148,3477,3458,9,3467,43
2021-05-05,Lassen,035,31185,5180,5143,106,5249,1
2021-05-05,Los Angeles,037,10098052,1201560,1193608,41607,1235215,23977
2021-05-05,Madera,039,155013,16517,16423,923,17346,235
2021-05-05,Marin,041,260295,14010,13950,248,14198,228
2021-05-05,Mariposa,043,17540,422,418,11,429,5
2021-05-05,Mendocino,045,87422,3870,3799,79,3878,46
2021-05-05,Merced,047,269075,30760,30844,1047,31891,444
2021-05-05,Modoc,049,8938,372,361,123,484,3
2021-05-05,Mono,051,14174,1249,1260,17,1277,3
2021-05-05,Monterey,053,433212,43049,42870,1866,44736,379
2021-05-05,Napa,055,140530,9830,9833,36,9869,81
2021-05-05,Nevada,057,99092,4746,4666,187,4853,70
2021-05-05,Orange,059,3164182,254579,253237,11259,264496,4978
2021-05-05,Placer,061,380077,22867,22362,1444,23806,287
2021-05-05,Plumas,063,18699,693,677,10,687,4
2021-05-05,Riverside,065,2383286,293075,287353,13956,301309,4414
2021-05-05,Sacramento,067,1510023,104276,103476,1709,105185,1607
2021-05-05,San Benito,069,59416,6036,6046,114,6160,63
2021-05-05,San Bernardino,071,2135413,292302,291008,8949,299957,4677
2021-05-05,San Diego,073,3302833,278596,277098,14628,291726,3716
2021-05-05,San Francisco,075,870044,36419,36577,1273,37850,543
2021-05-05,San Joaquin,077,732212,72371,71638,3495,75133,1345
2021-05-05,San Luis Obispo,079,281455,21208,20958,724,21682,256
2021-05-05,San Mateo,081,765935,42074,41755,464,42219,415
2021-05-05,Santa Barbara,083,443738,34205,34139,1194,35333,453
2021-05-05,Santa Clara,085,1922200,117963,118482,750,119232,1992
2021-05-05,Santa Cruz,087,273765,16139,16013,814,16827,207
2021-05-05,Shasta,089,179085,11974,11939,1502,13441,200
2021-05-05,Sierra,091,2930,56,54,12,66,0
2021-05-05,Siskiyou,093,43540,1812,1706,324,2030,11
2021-05-05,Solano,095,438530,32389,32250,523,32773,249
2021-05-05,Sonoma,097,501317,29738,29879,327,30206,318
2021-05-05,Stanislaus,099,539301,55563,55231,5857,61088,807
2021-05-05,Sutter,101,95872,9400,9387,82,9469,111
2021-05-05,Tehama,103,63373,4999,4968,566,5534,53
2021-05-05,Trinity,105,12862,482,326,87,413,3
2021-05-05,Tulare,107,460477,49909,48875,8938,57813,835
2021-05-05,Tuolumne,109,53932,3983,4040,38,4078,63
2021-05-05,Ventura,111,848112,81023,80372,2969,83341,1005
2021-05-05,Yolo,113,214977,13852,13846,293,14139,209
2021-05-05,Yuba,115,75493,5936,5895,121,6016,44
2021-05-04,Alameda,001,1643700,87134,86894,1931,88825,1277
2021-05-04,Alpine,003,1148,87,88,0,88,0
2021-05-04,Amador,005,37829,3652,3650,33,3683,46
2021-05-04,Butte,007,227075,12269,11883,1783,13666,198
2021-05-04,Calaveras,009,45235,2109,2100,14,2114,52
2021-05-04,Colusa,011,21464,1932,1933,297,2230,14
2021-05-04,Contra Costa,013,1133247,68585,67931,1249,69180,799
2021-05-04,Del Norte,015,27424,1357,1314,12,1326,6
2021-05-04,El Dorado,017,186661,10100,10009,710,10719,110
2021-05-04,Fresno,019,978130,102027,101451,8638,110089,1677
2021-05-04,Glenn,021,27897,2399,2379,546,2925,17
2021-05-04,Humboldt,023,135768,3921,3877,32,3909,36
2021-05-04,Imperial,025,180216,28379,28276,2870,31146,720
2021-05-04,Inyo,027,18085,1401,1399,11,1410,36
2021-05-04,Kern,029,883053,96761,95720,10697,106417,1301
2021-05-04,Kings,031,150075,23073,22822,1081,23903,246
2021-05-04,Lake,033,64148,3476,3454,9,3463,43
2021-05-04,Lassen,035,31185,5179,5142,106,5248,1
2021-05-04,Los Angeles,037,10098052,1201273,1193453,41595,1235048,23957
2021-05-04,Madera,039,155013,16516,16418,923,17341,235
2021-05-04,Marin,041,260295,14002,13935,248,14183,228
2021-05-04,Mariposa,043,17540,422,418,11,429,5
2021-05-04,Mendocino,045,87422,3865,3794,79,3873,46
2021-05-04,Merced,047,269075,30743,30829,1047,31876,444
2021-05-04,Modoc,049,8938,371,360,122,482,3
2021-05-04,Mono,051,14174,1249,1260,17,1277,3
2021-05-04,Monterey,053,433212,43037,42845,1865,44710,380
2021-05-04,Napa,055,140530,9821,9824,36,9860,81
2021-05-04,Nevada,057,99092,4739,4656,187,4843,70
2021-05-04,Orange,059,3164182,254512,253177,11249,264426,4977
2021-05-04,Placer,061,380077,22838,22326,1441,23767,287
2021-05-04,Plumas,063,18699,692,675,10,685,4
2021-05-04,Riverside,065,2383286,292991,287285,13949,301234,4411
2021-05-04,Sacramento,067,1510023,104147,103383,1704,105087,1604
2021-05-04,San Benito,069,59416,6035,6039,114,6153,63
2021-05-04,San Bernardino,071,2135413,292225,290934,8942,299876,4668
2021-05-04,San Diego,073,3302833,278430,276879,14611,291490,3713
2021-05-04,San Francisco,075,870044,36401,36550,1273,37823,541
2021-05-04,San Joaquin,077,732212,72310,71582,3490,75072,1342
2021-05-04,San Luis Obispo,079,281455,21202,20923,722,21645,255
2021-05-04,San Mateo,081,765935,42048,41708,464,42172,415
2021-05-04,Santa Barbara,083,443738,34189,34131,1193,35324,453
2021-05-04,Santa Clara,085,1922200,117900,118431,749,119180,1988
2021-05-04,Santa Cruz,087,273765,16133,16005,814,16819,207
2021-05-04,Shasta,089,179085,11954,11923,1496,13419,198
2021-05-04,Sierra,091,2930,56,54,12,66,0
2021-05-04,Siskiyou,093,43540,1805,1694,322,2016,11
2021-05-04,Solano,095,438530,32348,32220,521,32741,249
2021-05-04,Sonoma,097,501317,29718,29867,326,30193,318
2021-05-04,Stanislaus,099,539301,55507,55165,5854,61019,807
2021-05-04,Sutter,101,95872,9395,9375,82,9457,111
2021-05-04,Tehama,103,63373,4996,4959,565,5524,53
2021-05-04,Trinity,105,12862,482,326,87,413,3
2021-05-04,Tulare,107,460477,49882,48857,8929,57786,835
2021-05-04,Tuolumne,109,53932,3981,4041,38,4079,61
2021-05-04,Ventura,111,848112,80994,80351,2967,83318,1005
2021-05-04,Yolo,113,214977,13839,13820,291,14111,208
2021-05-04,Yuba,115,75493,5930,5891,121,6012,44
2021-05-03,Alameda,001,1643700,87058,86845,1925,88770,1272
2021-05-03,Alpine,003,1148,87,88,0,88,0
2021-05-03,Amador,005,37829,3652,3651,33,3684,46
2021-05-03,Butte,007,227075,12259,11864,1780,13644,198
2021-05-03,Calaveras,009,45235,2108,2099,14,2113,50
2021-05-03,Colusa,011,21464,1931,1931,295,2226,14
2021-05-03,Contra Costa,013,1133247,68526,67895,1245,69140,799
2021-05-03,Del Norte,015,27424,1352,1306,11,1317,6
2021-05-03,El Dorado,017,186661,10082,9984,705,10689,110
2021-05-03,Fresno,019,978130,101971,101405,8627,110032,1678
2021-05-03,Glenn,021,27897,2399,2375,545,2920,17
2021-05-03,Humboldt,023,135768,3906,3865,32,3897,36
2021-05-03,Imperial,025,180216,28357,28280,2867,31147,720
2021-05-03,Inyo,027,18085,1400,1398,11,1409,36
2021-05-03,Kern,029,883053,96724,95693,10685,106378,1299
2021-05-03,Kings,031,150075,23064,22821,1081,23902,246
2021-05-03,Lake,033,64148,3474,3446,9,3455,43
2021-05-03,Lassen,035,31185,5178,5142,106,5248,1
2021-05-03,Los Angeles,037,10098052,1201004,1193261,41569,1234830,23942
2021-05-03,Madera,039,155013,16511,16414,922,17336,235
2021-05-03,Marin,041,260295,13996,13927,248,14175,228
2021-05-03,Mariposa,043,17540,422,418,11,429,5
2021-05-03,Mendocino,045,87422,3858,3792,79,3871,46
2021-05-03,Merced,047,269075,30732,30814,1045,31859,444
2021-05-03,Modoc,049,8938,371,360,122,482,3
2021-05-03,Mono,051,14174,1249,1259,17,1276,3
2021-05-03,Monterey,053,433212,43025,42837,1863,44700,380
2021-05-03,Napa,055,140530,9816,9815,36,9851,81
2021-05-03,Nevada,057,99092,4731,4650,187,4837,70
2021-05-03,Orange,059,3164182,254453,253107,11240,264347,4968
2021-05-03,Placer,061,380077,22807,22289,1435,23724,287
2021-05-03,Plumas,063,18699,691,675,10,685,4
2021-05-03,Riverside,065,2383286,292917,287233,13948,301181,4412
2021-05-03,Sacramento,067,1510023,103994,103303,1694,104997,1602
2021-05-03,San Benito,069,59416,6034,6038,114,6152,63
2021-05-03,San Bernardino,071,2135413,292157,290886,8939,299825,4659
2021-05-03,San Diego,073,3302833,278267,276693,14586,291279,3712
2021-05-03,San Francisco,075,870044,36375,36538,1273,37811,541
2021-05-03,San Joaquin,077,732212,72260,71504,3487,74991,1325
2021-05-03,San Luis Obispo,079,281455,21186,20915,719,21634,254
2021-05-03,San Mateo,081,765935,42025,41689,463,42152,413
2021-05-03,Santa Barbara,083,443738,34177,34119,1193,35312,453
2021-05-03,Santa Clara,085,1922200,117846,118373,748,119121,1988
2021-05-03,Santa Cruz,087,273765,16130,16000,814,16814,207
2021-05-03,Shasta,089,179085,11931,11890,1491,13381,197
2021-05-03,Sierra,091,2930,56,54,12,66,0
2021-05-03,Siskiyou,093,43540,1799,1683,316,1999,11
2021-05-03,Solano,095,438530,32307,32201,520,32721,249
2021-05-03,Sonoma,097,501317,29706,29855,323,30178,318
2021-05-03,Stanislaus,099,539301,55441,55116,5845,60961,774
2021-05-03,Sutter,101,95872,9383,9370,82,9452,111
2021-05-03,Tehama,103,63373,4987,4952,565,5517,53
2021-05-03,Trinity,105,12862,482,326,87,413,3
2021-05-03,Tulare,107,460477,49865,48844,8919,57763,835
2021-05-03,Tuolumne,109,53932,3980,4038,38,4076,61
2021-05-03,Ventura,111,848112,80972,80291,2967,83258,1005
2021-05-03,Yolo,113,214977,13826,13809,289,14098,208
2021-05-03,Yuba,115,75493,5925,5880,121,6001,44
2021-05-02,Alameda,001,1643700,86973,86784,1924,88708,1272
2021-05-02,Alpine,003,1148,87,88,0,88,0
2021-05-02,Amador,005,37829,3652,3650,33,3683,46
2021-05-02,Butte,007,227075,12235,11859,1777,13636,198
2021-05-02,Calaveras,009,45235,2104,2098,14,2112,50
2021-05-02,Colusa,011,21464,1930,1931,294,2225,14
2021-05-02,Contra Costa,013,1133247,68441,67843,1243,69086,800
2021-05-02,Del Norte,015,27424,1345,1305,11,1316,6
2021-05-02,El Dorado,017,186661,10067,9962,704,10666,110
2021-05-02,Fresno,019,978130,101899,101372,8616,109988,1678
2021-05-02,Glenn,021,27897,2398,2374,543,2917,17
2021-05-02,Humboldt,023,135768,3894,3858,31,3889,36
2021-05-02,Imperial,025,180216,28323,28275,2857,31132,721
2021-05-02,Inyo,027,18085,1398,1398,11,1409,36
2021-05-02,Kern,029,883053,96666,95668,10678,106346,1299
2021-05-02,Kings,031,150075,23046,22816,1080,23896,246
2021-05-02,Lake,033,64148,3472,3443,9,3452,43
2021-05-02,Lassen,035,31185,5177,5142,105,5247,1
2021-05-02,Los Angeles,037,10098052,1200654,1193056,41546,1234602,23943
2021-05-02,Madera,039,155013,16505,16410,922,17332,235
2021-05-02,Marin,041,260295,13986,13917,248,14165,228
2021-05-02,Mariposa,043,17540,422,419,11,430,5
2021-05-02,Mendocino,045,87422,3853,3787,79,3866,46
2021-05-02,Merced,047,269075,30712,30793,1041,31834,444
2021-05-02,Modoc,049,8938,370,360,122,482,3
2021-05-02,Mono,051,14174,1248,1259,17,1276,3
2021-05-02,Monterey,053,433212,43011,42837,1862,44699,380
2021-05-02,Napa,055,140530,9812,9805,36,9841,81
2021-05-02,Nevada,057,99092,4715,4635,187,4822,70
2021-05-02,Orange,059,3164182,254379,253025,11226,264251,4968
2021-05-02,Placer,061,380077,22778,22264,1432,23696,287
2021-05-02,Plumas,063,18699,691,675,10,685,4
2021-05-02,Riverside,065,2383286,292817,287197,13938,301135,4412
2021-05-02,Sacramento,067,1510023,103854,103153,1687,104840,1602
2021-05-02,San Benito,069,59416,6029,6037,114,6151,63
2021-05-02,San Bernardino,071,2135413,292058,290859,8937,299796,4655
2021-05-02,San Diego,073,3302833,278070,276521,14559,291080,3712
2021-05-02,San Francisco,075,870044,36349,36522,1273,37795,541
2021-05-02,San Joaquin,077,732212,72196,71447,3480,74927,1325
2021-05-02,San Luis Obispo,079,281455,21165,20910,718,21628,254
2021-05-02,San Mateo,081,765935,42009,41656,462,42118,412
2021-05-02,Santa Barbara,083,443738,34163,34106,1193,35299,453
2021-05-02,Santa Clara,085,1922200,117772,118321,748,119069,1988
2021-05-02,Santa Cruz,087,273765,16125,15995,813,16808,207
2021-05-02,Shasta,089,179085,11915,11885,1483,13368,197
2021-05-02,Sierra,091,2930,56,54,12,66,0
2021-05-02,Siskiyou,093,43540,1788,1661,315,1976,11
2021-05-02,Solano,095,438530,32268,32151,516,32667,249
2021-05-02,Sonoma,097,501317,29684,29842,323,30165,318
2021-05-02,Stanislaus,099,539301,55367,55057,5838,60895,774
2021-05-02,Sutter,101,95872,9376,9363,82,9445,111
2021-05-02,Tehama,103,63373,4982,4950,563,5513,53
2021-05-02,Trinity,105,12862,482,326,87,413,3
2021-05-02,Tulare,107,460477,49847,48834,8911,57745,835
2021-05-02,Tuolumne,109,53932,3977,4038,38,4076,61
2021-05-02,Ventura,111,848112,80935,80284,2966,83250,1005
2021-05-02,Yolo,113,214977,13814,13799,288,14087,208
2021-05-02,Yuba,115,75493,5915,5879,121,6000,44
2021-05-01,Alameda,001,1643700,86930,86704,1921,88625,1270
2021-05-01,Alpine,003,1148,87,88,0,88,0
2021-05-01,Amador,005,37829,3652,3650,33,3683,46
2021-05-01,Butte,007,227075,12221,11845,1772,13617,198
2021-05-01,Calaveras,009,45235,2102,2096,14,2110,50
2021-05-01,Colusa,011,21464,1929,1931,294,2225,14
2021-05-01,Contra Costa,013,1133247,68389,67779,1240,69019,800
2021-05-01,Del Norte,015,27424,1344,1292,11,1303,6
2021-05-01,El Dorado,017,186661,10053,9944,702,10646,110
2021-05-01,Fresno,019,978130,101854,101326,8610,109936,1678
2021-05-01,Glenn,021,27897,2395,2369,542,2911,17
2021-05-01,Humboldt,023,135768,3880,3845,31,3876,36
2021-05-01,Imperial,025,180216,28316,28262,2857,31119,721
2021-05-01,Inyo,027,18085,1398,1397,11,1408,36
2021-05-01,Kern,029,883053,96639,95645,10667,106312,1299
2021-05-01,Kings,031,150075,23043,22797,1079,23876,246
2021-05-01,Lake,033,64148,3470,3441,9,3450,43
2021-05-01,Lassen,035,31185,5175,5142,105,5247,1
2021-05-01,Los Angeles,037,10098052,1200485,1192781,41531,1234312,23946
2021-05-01,Madera,039,155013,16501,16408,922,17330,235
2021-05-01,Marin,041,260295,13979,13902,248,14150,228
2021-05-01,Mariposa,043,17540,422,418,11,429,5
2021-05-01,Mendocino,045,87422,3851,3782,79,3861,46
2021-05-01,Merced,047,269075,30695,30771,1040,31811,444
2021-05-01,Modoc,049,8938,370,361,122,483,3
2021-05-01,Mono,051,14174,1248,1258,17,1275,3
2021-05-01,Monterey,053,433212,43005,42828,1862,44690,379
2021-05-01,Napa,055,140530,9809,9800,36,9836,81
2021-05-01,Nevada,057,99092,4710,4625,187,4812,70
2021-05-01,Orange,059,3164182,254336,252969,11215,264184,4964
2021-05-01,Placer,061,380077,22752,22240,1430,23670,287
2021-05-01,Plumas,063,18699,690,675,10,685,4
2021-05-01,Riverside,065,2383286,292778,287129,13936,301065,4412
2021-05-01,Sacramento,067,1510023,103773,103043,1686,104729,1602
2021-05-01,San Benito,069,59416,6026,6030,114,6144,63
2021-05-01,San Bernardino,071,2135413,292015,290802,8935,299737,4652
2021-05-01,San Diego,073,3302833,277946,276367,14538,290905,3706
2021-05-01,San Francisco,075,870044,36334,36496,1273,37769,541
2021-05-01,San Joaquin,077,732212,72147,71389,3478,74867,1325
2021-05-01,San Luis Obispo,079,281455,21160,20896,718,21614,254
2021-05-01,San Mateo,081,765935,41980,41617,461,42078,411
2021-05-01,Santa Barbara,083,443738,34158,34085,1192,35277,453
2021-05-01,Santa Clara,085,1922200,117720,118265,746,119011,1988
2021-05-01,Santa Cruz,087,273765,16122,15984,813,16797,207
2021-05-01,Shasta,089,179085,11895,11878,1475,13353,197
2021-05-01,Sierra,091,2930,56,53,12,65,0
2021-05-01,Siskiyou,093,43540,1780,1653,314,1967,11
2021-05-01,Solano,095,438530,32238,32124,508,32632,249
2021-05-01,Sonoma,097,501317,29681,29835,323,30158,318
2021-05-01,Stanislaus,099,539301,55332,55005,5832,60837,774
2021-05-01,Sutter,101,95872,9373,9358,82,9440,110
2021-05-01,Tehama,103,63373,4981,4950,562,5512,53
2021-05-01,Trinity,105,12862,482,326,86,412,3
2021-05-01,Tulare,107,460477,49840,48818,8905,57723,835
2021-05-01,Tuolumne,109,53932,3971,4035,38,4073,61
2021-05-01,Ventura,111,848112,80917,80268,2966,83234,1005
2021-05-01,Yolo,113,214977,13807,13784,286,14070,208
2021-05-01,Yuba,115,75493,5913,5875,121,5996,44
2021-04-30,Alameda,001,1643700,86869,86602,1918,88520,1268
2021-04-30,Alpine,003,1148,87,88,0,88,0
2021-04-30,Amador,005,37829,3650,3650,33,3683,46
2021-04-30,Butte,007,227075,12202,11812,1768,13580,197
2021-04-30,Calaveras,009,45235,2101,2087,14,2101,50
2021-04-30,Colusa,011,21464,1929,1931,293,2224,14
2021-04-30,Contra Costa,013,1133247,68341,67684,1237,68921,800
2021-04-30,Del Norte,015,27424,1332,1276,11,1287,6
2021-04-30,El Dorado,017,186661,10039,9906,702,10608,110
2021-04-30,Fresno,019,978130,101808,101263,8606,109869,1670
2021-04-30,Glenn,021,27897,2394,2369,542,2911,17
2021-04-30,Humboldt,023,135768,3867,3834,31,3865,36
2021-04-30,Imperial,025,180216,28307,28244,2853,31097,721
2021-04-30,Inyo,027,18085,1398,1397,11,1408,36
2021-04-30,Kern,029,883053,96622,95605,10663,106268,1298
2021-04-30,Kings,031,150075,23040,22793,1078,23871,246
2021-04-30,Lake,033,64148,3466,3440,9,3449,43
2021-04-30,Lassen,035,31185,5174,5140,105,5245,1
2021-04-30,Los Angeles,037,10098052,1200275,1192393,41518,1233911,23919
2021-04-30,Madera,039,155013,16495,16395,922,17317,235
2021-04-30,Marin,041,260295,13971,13895,246,14141,228
2021-04-30,Mariposa,043,17540,422,417,11,428,5
2021-04-30,Mendocino,045,87422,3847,3777,79,3856,46
2021-04-30,Merced,047,269075,30682,30740,1039,31779,444
2021-04-30,Modoc,049,8938,369,360,122,482,3
2021-04-30,Mono,051,14174,1248,1258,17,1275,3
2021-04-30,Monterey,053,433212,42991,42810,1861,44671,379
2021-04-30,Napa,055,140530,9805,9792,36,9828,81
2021-04-30,Nevada,057,99092,4702,4608,187,4795,70
2021-04-30,Orange,059,3164182,254279,252883,11209,264092,4956
2021-04-30,Placer,061,380077,22733,22190,1426,23616,287
2021-04-30,Plumas,063,18699,690,677,10,687,4
2021-04-30,Riverside,065,2383286,292720,287030,13929,300959,4412
2021-04-30,Sacramento,067,1510023,103672,102864,1682,104546,1596
2021-04-30,San Benito,069,59416,6022,6024,113,6137,63
2021-04-30,San Bernardino,071,2135413,291954,290704,8934,299638,4640
2021-04-30,San Diego,073,3302833,277851,276157,14527,290684,3702
2021-04-30,San Francisco,075,870044,36323,36453,1272,37725,538
2021-04-30,San Joaquin,077,732212,72095,71311,3475,74786,1306
2021-04-30,San Luis Obispo,079,281455,21154,20884,718,21602,255
2021-04-30,San Mateo,081,765935,41965,41583,460,42043,380
2021-04-30,Santa Barbara,083,443738,34145,34061,1192,35253,451
2021-04-30,Santa Clara,085,1922200,117662,118170,742,118912,1988
2021-04-30,Santa Cruz,087,273765,16117,15975,813,16788,207
2021-04-30,Shasta,089,179085,11874,11848,1472,13320,197
2021-04-30,Sierra,091,2930,56,53,12,65,0
2021-04-30,Siskiyou,093,43540,1769,1628,311,1939,11
2021-04-30,Solano,095,438530,32206,32050,505,32555,249
2021-04-30,Sonoma,097,501317,29671,29816,321,30137,318
2021-04-30,Stanislaus,099,539301,55281,54938,5829,60767,774
2021-04-30,Sutter,101,95872,9371,9353,82,9435,110
2021-04-30,Tehama,103,63373,4979,4944,562,5506,53
2021-04-30,Trinity,105,12862,482,326,86,412,3
2021-04-30,Tulare,107,460477,49830,48797,8889,57686,836
2021-04-30,Tuolumne,109,53932,3970,4033,38,4071,61
2021-04-30,Ventura,111,848112,80877,80232,2961,83193,1004
2021-04-30,Yolo,113,214977,13795,13756,286,14042,208
2021-04-30,Yuba,115,75493,5905,5870,121,5991,44
2021-04-29,Alameda,001,1643700,86803,86490,1917,88407,1263
2021-04-29,Alpine,003,1148,87,88,0,88,0
2021-04-29,Amador,005,37829,3650,3649,33,3682,46
2021-04-29,Butte,007,227075,12187,11787,1766,13553,196
2021-04-29,Calaveras,009,45235,2098,2082,14,2096,50
2021-04-29,Colusa,011,21464,1929,1929,293,2222,14
2021-04-29,Contra Costa,013,1133247,68286,67606,1234,68840,795
2021-04-29,Del Norte,015,27424,1328,1271,11,1282,6
2021-04-29,El Dorado,017,186661,10019,9884,699,10583,107
2021-04-29,Fresno,019,978130,101754,101189,8595,109784,1667
2021-04-29,Glenn,021,27897,2391,2369,542,2911,17
2021-04-29,Humboldt,023,135768,3853,3815,31,3846,36
2021-04-29,Imperial,025,180216,28295,28235,2852,31087,720
2021-04-29,Inyo,027,18085,1398,1396,11,1407,36
2021-04-29,Kern,029,883053,96589,95547,10659,106206,1295
2021-04-29,Kings,031,150075,23030,22777,1073,23850,245
2021-04-29,Lake,033,64148,3458,3438,9,3447,43
2021-04-29,Lassen,035,31185,5174,5140,105,5245,1
2021-04-29,Los Angeles,037,10098052,1199997,1192068,41497,1233565,23899
2021-04-29,Madera,039,155013,16490,16383,921,17304,235
2021-04-29,Marin,041,260295,13967,13884,238,14122,228
2021-04-29,Mariposa,043,17540,421,416,11,427,5
2021-04-29,Mendocino,045,87422,3841,3774,79,3853,46
2021-04-29,Merced,047,269075,30663,30706,1038,31744,444
2021-04-29,Modoc,049,8938,369,360,122,482,3
2021-04-29,Mono,051,14174,1246,1259,17,1276,3
2021-04-29,Monterey,053,433212,42974,42797,1860,44657,379
2021-04-29,Napa,055,140530,9791,9789,36,9825,81
2021-04-29,Nevada,057,99092,4691,4590,187,4777,70
2021-04-29,Orange,059,3164182,254209,252823,11194,264017,4934
2021-04-29,Placer,061,380077,22708,22161,1424,23585,286
2021-04-29,Plumas,063,18699,689,676,10,686,4
2021-04-29,Riverside,065,2383286,292652,286947,13926,300873,4409
2021-04-29,Sacramento,067,1510023,103539,102686,1672,104358,1593
2021-04-29,San Benito,069,59416,6021,6023,113,6136,63
2021-04-29,San Bernardino,071,2135413,291882,290606,8929,299535,4609
2021-04-29,San Diego,073,3302833,277701,275961,14510,290471,3700
2021-04-29,San Francisco,075,870044,36297,36412,1272,37684,537
2021-04-29,San Joaquin,077,732212,72029,71225,3470,74695,1301
2021-04-29,San Luis Obispo,079,281455,21143,20876,718,21594,255
2021-04-29,San Mateo,081,765935,41937,41538,459,41997,358
2021-04-29,Santa Barbara,083,443738,34129,34039,1190,35229,448
2021-04-29,Santa Clara,085,1922200,117607,118082,739,118821,1984
2021-04-29,Santa Cruz,087,273765,16111,15961,813,16774,205
2021-04-29,Shasta,089,179085,11843,11836,1464,13300,193
2021-04-29,Sierra,091,2930,56,53,12,65,0
2021-04-29,Siskiyou,093,43540,1760,1615,308,1923,11
2021-04-29,Solano,095,438530,32165,32002,501,32503,248
2021-04-29,Sonoma,097,501317,29656,29785,318,30103,318
2021-04-29,Stanislaus,099,539301,55214,54836,5824,60660,774
2021-04-29,Sutter,101,95872,9364,9346,82,9428,110
2021-04-29,Tehama,103,63373,4971,4939,562,5501,53
2021-04-29,Trinity,105,12862,482,326,86,412,3
2021-04-29,Tulare,107,460477,49812,48785,8877,57662,832
2021-04-29,Tuolumne,109,53932,3969,4030,38,4068,58
2021-04-29,Ventura,111,848112,80843,80188,2959,83147,1002
2021-04-29,Yolo,113,214977,13775,13745,285,14030,205
2021-04-29,Yuba,115,75493,5895,5865,121,5986,44
2021-04-28,Alameda,001,1643700,86731,86390,1913,88303,1260
2021-04-28,Alpine,003,1148,87,88,0,88,0
2021-04-28,Amador,005,37829,3650,3646,33,3679,46
2021-04-28,Butte,007,227075,12167,11762,1761,13523,196
2021-04-28,Calaveras,009,45235,2094,2078,13,2091,50
2021-04-28,Colusa,011,21464,1926,1927,292,2219,14
2021-04-28,Contra Costa,013,1133247,68226,67539,1233,68772,795
2021-04-28,Del Norte,015,27424,1320,1267,11,1278,6
2021-04-28,El Dorado,017,186661,9994,9873,699,10572,107
2021-04-28,Fresno,019,978130,101707,101161,8585,109746,1666
2021-04-28,Glenn,021,27897,2388,2368,542,2910,17
2021-04-28,Humboldt,023,135768,3837,3796,31,3827,36
2021-04-28,Imperial,025,180216,28281,28177,2850,31027,720
2021-04-28,Inyo,027,18085,1398,1396,10,1406,36
2021-04-28,Kern,029,883053,96559,95494,10650,106144,1295
2021-04-28,Kings,031,150075,23018,22767,1071,23838,245
2021-04-28,Lake,033,64148,3455,3433,9,3442,43
2021-04-28,Lassen,035,31185,5174,5138,105,5243,1
2021-04-28,Los Angeles,037,10098052,1199700,1191729,41471,1233200,23858
2021-04-28,Madera,039,155013,16486,16372,921,17293,235
2021-04-28,Marin,041,260295,13956,13866,238,14104,227
2021-04-28,Mariposa,043,17540,418,415,11,426,5
2021-04-28,Mendocino,045,87422,3835,3770,77,3847,46
2021-04-28,Merced,047,269075,30644,30649,1038,31687,443
2021-04-28,Modoc,049,8938,369,360,122,482,3
2021-04-28,Mono,051,14174,1246,1258,17,1275,3
2021-04-28,Monterey,053,433212,42969,42776,1860,44636,379
2021-04-28,Napa,055,140530,9780,9777,36,9813,81
2021-04-28,Nevada,057,99092,4671,4570,187,4757,70
2021-04-28,Orange,059,3164182,254129,252747,11181,263928,4931
2021-04-28,Placer,061,380077,22681,22115,1423,23538,285
2021-04-28,Plumas,063,18699,689,676,10,686,4
2021-04-28,Riverside,065,2383286,292596,286868,13920,300788,4407
2021-04-28,Sacramento,067,1510023,103417,102613,1668,104281,1591
2021-04-28,San Benito,069,59416,6019,6021,113,6134,63
2021-04-28,San Bernardino,071,2135413,291803,290548,8919,299467,4582
2021-04-28,San Diego,073,3302833,277546,275821,14496,290317,3698
2021-04-28,San Francisco,075,870044,36267,36382,1271,37653,534
2021-04-28,San Joaquin,077,732212,71949,71171,3462,74633,1301
2021-04-28,San Luis Obispo,079,281455,21135,20851,718,21569,255
2021-04-28,San Mateo,081,765935,41912,41498,457,41955,358
2021-04-28,Santa Barbara,083,443738,34115,34003,1190,35193,448
2021-04-28,Santa Clara,085,1922200,117538,117997,737,118734,1969
2021-04-28,Santa Cruz,087,273765,16107,15943,812,16755,205
2021-04-28,Shasta,089,179085,11827,11815,1457,13272,192
2021-04-28,Sierra,091,2930,56,51,12,63,0
2021-04-28,Siskiyou,093,43540,1747,1603,305,1908,11
2021-04-28,Solano,095,438530,32133,31982,496,32478,248
2021-04-28,Sonoma,097,501317,29642,29773,314,30087,318
2021-04-28,Stanislaus,099,539301,55159,54745,5821,60566,774
2021-04-28,Sutter,101,95872,9359,9343,82,9425,110
2021-04-28,Tehama,103,63373,4966,4930,561,5491,53
2021-04-28,Trinity,105,12862,482,326,86,412,3
2021-04-28,Tulare,107,460477,49794,48754,8862,57616,832
2021-04-28,Tuolumne,109,53932,3966,4029,38,4067,58
2021-04-28,Ventura,111,848112,80808,80172,2957,83129,1000
2021-04-28,Yolo,113,214977,13761,13721,284,14005,205
2021-04-28,Yuba,115,75493,5889,5857,121,5978,44
2021-04-27,Alameda,001,1643700,86640,86301,1907,88208,1260
2021-04-27,Alpine,003,1148,87,88,0,88,0
2021-04-27,Amador,005,37829,3650,3645,33,3678,46
2021-04-27,Butte,007,227075,12142,11738,1755,13493,196
2021-04-27,Calaveras,009,45235,2092,2076,13,2089,50
2021-04-27,Colusa,011,21464,1925,1926,292,2218,14
2021-04-27,Contra Costa,013,1133247,68157,67470,1229,68699,791
2021-04-27,Del Norte,015,27424,1308,1266,11,1277,6
2021-04-27,El Dorado,017,186661,9965,9866,696,10562,106
2021-04-27,Fresno,019,978130,101642,101138,8575,109713,1663
2021-04-27,Glenn,021,27897,2388,2368,542,2910,17
2021-04-27,Humboldt,023,135768,3825,3780,31,3811,35
2021-04-27,Imperial,025,180216,28265,28149,2843,30992,720
2021-04-27,Inyo,027,18085,1398,1396,10,1406,36
2021-04-27,Kern,029,883053,96502,95466,10639,106105,1295
2021-04-27,Kings,031,150075,23003,22759,1069,23828,244
2021-04-27,Lake,033,64148,3454,3431,9,3440,43
2021-04-27,Lassen,035,31185,5174,5137,105,5242,1
2021-04-27,Los Angeles,037,10098052,1199377,1191504,41441,1232945,23825
2021-04-27,Madera,039,155013,16479,16365,921,17286,235
2021-04-27,Marin,041,260295,13934,13855,238,14093,227
2021-04-27,Mariposa,043,17540,417,413,11,424,5
2021-04-27,Mendocino,045,87422,3831,3765,77,3842,46
2021-04-27,Merced,047,269075,30604,30620,1038,31658,443
2021-04-27,Modoc,049,8938,368,360,122,482,3
2021-04-27,Mono,051,14174,1246,1257,17,1274,3
2021-04-27,Monterey,053,433212,42951,42752,1857,44609,379
2021-04-27,Napa,055,140530,9773,9774,34,9808,81
2021-04-27,Nevada,057,99092,4656,4557,187,4744,70
2021-04-27,Orange,059,3164182,254060,252667,11176,263843,4925
2021-04-27,Placer,061,380077,22650,22050,1419,23469,285
2021-04-27,Plumas,063,18699,688,675,10,685,4
2021-04-27,Riverside,065,2383286,292520,286820,13916,300736,4405
2021-04-27,Sacramento,067,1510023,103288,102595,1658,104253,1589
2021-04-27,San Benito,069,59416,6014,6016,113,6129,63
2021-04-27,San Bernardino,071,2135413,291735,290461,8914,299375,4575
2021-04-27,San Diego,073,3302833,277389,275685,14476,290161,3692
2021-04-27,San Francisco,075,870044,36239,36358,1270,37628,533
2021-04-27,San Joaquin,077,732212,71896,71104,3456,74560,1301
2021-04-27,San Luis Obispo,079,281455,21128,20841,718,21559,255
2021-04-27,San Mateo,081,765935,41877,41474,456,41930,358
2021-04-27,Santa Barbara,083,443738,34092,33973,1189,35162,448
2021-04-27,Santa Clara,085,1922200,117488,117945,736,118681,1969
2021-04-27,Santa Cruz,087,273765,16100,15905,811,16716,205
2021-04-27,Shasta,089,179085,11799,11802,1450,13252,192
2021-04-27,Sierra,091,2930,56,51,12,63,0
2021-04-27,Siskiyou,093,43540,1732,1597,304,1901,11
2021-04-27,Solano,095,438530,32085,31964,495,32459,248
2021-04-27,Sonoma,097,501317,29624,29761,313,30074,318
2021-04-27,Stanislaus,099,539301,55089,54695,5813,60508,752
2021-04-27,Sutter,101,95872,9354,9342,82,9424,110
2021-04-27,Tehama,103,63373,4963,4922,557,5479,53
2021-04-27,Trinity,105,12862,482,326,86,412,3
2021-04-27,Tulare,107,460477,49778,48744,8853,57597,832
2021-04-27,Tuolumne,109,53932,3963,4028,38,4066,58
2021-04-27,Ventura,111,848112,80779,80152,2955,83107,1000
2021-04-27,Yolo,113,214977,13748,13697,282,13979,205
2021-04-27,Yuba,115,75493,5889,5853,121,5974,44
2021-04-26,Alameda,001,1643700,86546,86230,1904,88134,1256
2021-04-26,Alpine,003,1148,87,88,0,88,0
2021-04-26,Amador,005,37829,3649,3645,33,3678,46
2021-04-26,Butte,007,227075,12118,11720,1751,13471,196
2021-04-26,Calaveras,009,45235,2086,2074,13,2087,50
2021-04-26,Colusa,011,21464,1925,1925,291,2216,14
2021-04-26,Contra Costa,013,1133247,68089,67392,1225,68617,789
2021-04-26,Del Norte,015,27424,1299,1263,11,1274,6
2021-04-26,El Dorado,017,186661,9944,9849,695,10544,106
2021-04-26,Fresno,019,978130,101587,101099,8561,109660,1662
2021-04-26,Glenn,021,27897,2386,2367,542,2909,17
2021-04-26,Humboldt,023,135768,3815,3764,30,3794,35
2021-04-26,Imperial,025,180216,28252,28148,2838,30986,720
2021-04-26,Inyo,027,18085,1397,1396,10,1406,36
2021-04-26,Kern,029,883053,96475,95429,10633,106062,1295
2021-04-26,Kings,031,150075,23000,22756,1066,23822,244
2021-04-26,Lake,033,64148,3449,3428,9,3437,43
2021-04-26,Lassen,035,31185,5174,5138,105,5243,1
2021-04-26,Los Angeles,037,10098052,1199050,1191253,41422,1232675,23802
2021-04-26,Madera,039,155013,16467,16353,920,17273,231
2021-04-26,Marin,041,260295,13919,13849,238,14087,227
2021-04-26,Mariposa,043,17540,416,410,11,421,5
2021-04-26,Mendocino,045,87422,3829,3757,76,3833,46
2021-04-26,Merced,047,269075,30587,30611,1035,31646,443
2021-04-26,Modoc,049,8938,368,360,122,482,3
2021-04-26,Mono,051,14174,1246,1258,17,1275,3
2021-04-26,Monterey,053,433212,42935,42740,1856,44596,379
2021-04-26,Napa,055,140530,9761,9769,34,9803,79
2021-04-26,Nevada,057,99092,4635,4548,187,4735,70
2021-04-26,Orange,059,3164182,253976,252592,11165,263757,4919
2021-04-26,Placer,061,380077,22621,22032,1414,23446,285
2021-04-26,Plumas,063,18699,688,670,10,680,4
2021-04-26,Riverside,065,2383286,292458,286724,13908,300632,4401
2021-04-26,Sacramento,067,1510023,103116,102459,1645,104104,1587
2021-04-26,San Benito,069,59416,6012,6013,113,6126,63
2021-04-26,San Bernardino,071,2135413,291684,290394,8913,299307,4572
2021-04-26,San Diego,073,3302833,277215,275541,14448,289989,3692
2021-04-26,San Francisco,075,870044,36211,36330,1269,37599,532
2021-04-26,San Joaquin,077,732212,71830,71050,3448,74498,1301
2021-04-26,San Luis Obispo,079,281455,21120,20830,717,21547,255
2021-04-26,San Mateo,081,765935,41847,41457,456,41913,357
2021-04-26,Santa Barbara,083,443738,34061,33948,1189,35137,448
2021-04-26,Santa Clara,085,1922200,117388,117874,733,118607,1968
2021-04-26,Santa Cruz,087,273765,16091,15877,811,16688,205
2021-04-26,Shasta,089,179085,11782,11787,1444,13231,192
2021-04-26,Sierra,091,2930,55,51,12,63,0
2021-04-26,Siskiyou,093,43540,1722,1592,301,1893,11
2021-04-26,Solano,095,438530,32040,31913,493,32406,247
2021-04-26,Sonoma,097,501317,29601,29755,311,30066,318
2021-04-26,Stanislaus,099,539301,54999,54638,5807,60445,744
2021-04-26,Sutter,101,95872,9349,9328,82,9410,110
2021-04-26,Tehama,103,63373,4958,4920,554,5474,53
2021-04-26,Trinity,105,12862,482,326,86,412,3
2021-04-26,Tulare,107,460477,49758,48735,8844,57579,831
2021-04-26,Tuolumne,109,53932,3962,4024,38,4062,58
2021-04-26,Ventura,111,848112,80754,80137,2952,83089,999
2021-04-26,Yolo,113,214977,13728,13684,279,13963,205
2021-04-26,Yuba,115,75493,5887,5851,121,5972,44
2021-04-25,Alameda,001,1643700,86443,86162,1897,88059,1256
2021-04-25,Alpine,003,1148,87,87,0,87,0
2021-04-25,Amador,005,37829,3648,3643,33,3676,46
2021-04-25,Butte,007,227075,12089,11709,1744,13453,196
2021-04-25,Calaveras,009,45235,2081,2072,12,2084,50
2021-04-25,Colusa,011,21464,1924,1924,291,2215,14
2021-04-25,Contra Costa,013,1133247,67996,67316,1224,68540,789
2021-04-25,Del Norte,015,27424,1293,1259,11,1270,6
2021-04-25,El Dorado,017,186661,9928,9837,693,10530,106
2021-04-25,Fresno,019,978130,101528,101061,8549,109610,1662
2021-04-25,Glenn,021,27897,2386,2366,542,2908,17
2021-04-25,Humboldt,023,135768,3802,3751,30,3781,35
2021-04-25,Imperial,025,180216,28226,28136,2835,30971,720
2021-04-25,Inyo,027,18085,1397,1396,10,1406,36
2021-04-25,Kern,029,883053,96409,95398,10620,106018,1295
2021-04-25,Kings,031,150075,22986,22755,1064,23819,244
2021-04-25,Lake,033,64148,3447,3427,9,3436,43
2021-04-25,Lassen,035,31185,5172,5138,105,5243,1
2021-04-25,Los Angeles,037,10098052,1198716,1190970,41402,1232372,23799
2021-04-25,Madera,039,155013,16455,16346,920,17266,231
2021-04-25,Marin,041,260295,13910,13852,238,14090,227
2021-04-25,Mariposa,043,17540,416,410,11,421,5
2021-04-25,Mendocino,045,87422,3822,3757,76,3833,46
2021-04-25,Merced,047,269075,30553,30586,1034,31620,443
2021-04-25,Modoc,049,8938,368,360,122,482,3
2021-04-25,Mono,051,14174,1246,1257,17,1274,3
2021-04-25,Monterey,053,433212,42922,42737,1854,44591,379
2021-04-25,Napa,055,140530,9756,9762,34,9796,79
2021-04-25,Nevada,057,99092,4623,4536,187,4723,70
2021-04-25,Orange,059,3164182,253900,252531,11158,263689,4919
2021-04-25,Placer,061,380077,22574,22011,1406,23417,285
2021-04-25,Plumas,063,18699,687,670,10,680,4
2021-04-25,Riverside,065,2383286,292364,286651,13902,300553,4401
2021-04-25,Sacramento,067,1510023,102949,102319,1635,103954,1587
2021-04-25,San Benito,069,59416,6010,6014,112,6126,63
2021-04-25,San Bernardino,071,2135413,291609,290357,8905,299262,4571
2021-04-25,San Diego,073,3302833,277002,275412,14415,289827,3692
2021-04-25,San Francisco,075,870044,36180,36310,1269,37579,532
2021-04-25,San Joaquin,077,732212,71735,70987,3438,74425,1301
2021-04-25,San Luis Obispo,079,281455,21101,20820,715,21535,255
2021-04-25,San Mateo,081,765935,41812,41465,455,41920,356
2021-04-25,Santa Barbara,083,443738,34035,33931,1189,35120,448
2021-04-25,Santa Clara,085,1922200,117309,117778,731,118509,1968
2021-04-25,Santa Cruz,087,273765,16085,15868,809,16677,205
2021-04-25,Shasta,089,179085,11759,11784,1439,13223,192
2021-04-25,Sierra,091,2930,55,51,12,63,0
2021-04-25,Siskiyou,093,43540,1711,1580,299,1879,11
2021-04-25,Solano,095,438530,31993,31864,485,32349,247
2021-04-25,Sonoma,097,501317,29583,29756,311,30067,318
2021-04-25,Stanislaus,099,539301,54903,54543,5799,60342,744
2021-04-25,Sutter,101,95872,9343,9326,82,9408,110
2021-04-25,Tehama,103,63373,4954,4916,552,5468,53
2021-04-25,Trinity,105,12862,482,326,86,412,3
2021-04-25,Tulare,107,460477,49742,48728,8830,57558,831
2021-04-25,Tuolumne,109,53932,3960,4022,38,4060,58
2021-04-25,Ventura,111,848112,80730,80110,2952,83062,999
2021-04-25,Yolo,113,214977,13705,13667,277,13944,205
2021-04-25,Yuba,115,75493,5884,5849,120,5969,44
2021-04-24,Alameda,001,1643700,86389,86016,1895,87911,1257
2021-04-24,Alpine,003,1148,87,86,0,86,0
2021-04-24,Amador,005,37829,3647,3640,33,3673,46
2021-04-24,Butte,007,227075,12073,11678,1742,13420,196
2021-04-24,Calaveras,009,45235,2077,2067,12,2079,50
2021-04-24,Colusa,011,21464,1923,1921,291,2212,14
2021-04-24,Contra Costa,013,1133247,67926,67222,1222,68444,789
2021-04-24,Del Norte,015,27424,1288,1255,11,1266,6
2021-04-24,El Dorado,017,186661,9917,9814,692,10506,106
2021-04-24,Fresno,019,978130,101497,100991,8543,109534,1662
2021-04-24,Glenn,021,27897,2386,2363,542,2905,17
2021-04-24,Humboldt,023,135768,3788,3722,30,3752,35
2021-04-24,Imperial,025,180216,28219,28124,2834,30958,720
2021-04-24,Inyo,027,18085,1396,1396,10,1406,36
2021-04-24,Kern,029,883053,96390,95365,10610,105975,1295
2021-04-24,Kings,031,150075,22983,22749,1064,23813,244
2021-04-24,Lake,033,64148,3446,3426,9,3435,43
2021-04-24,Lassen,035,31185,5171,5137,105,5242,1
2021-04-24,Los Angeles,037,10098052,1198489,1190603,41386,1231989,23802
2021-04-24,Madera,039,155013,16452,16338,920,17258,231
2021-04-24,Marin,041,260295,13902,13847,238,14085,227
2021-04-24,Mariposa,043,17540,416,409,11,420,5
2021-04-24,Mendocino,045,87422,3820,3754,74,3828,46
2021-04-24,Merced,047,269075,30533,30559,1034,31593,443
2021-04-24,Modoc,049,8938,368,360,122,482,3
2021-04-24,Mono,051,14174,1246,1256,17,1273,3
2021-04-24,Monterey,053,433212,42910,42727,1853,44580,379
2021-04-24,Napa,055,140530,9750,9756,34,9790,79
2021-04-24,Nevada,057,99092,4616,4522,187,4709,70
2021-04-24,Orange,059,3164182,253856,252441,11152,263593,4910
2021-04-24,Placer,061,380077,22562,21983,1405,23388,285
2021-04-24,Plumas,063,18699,686,670,10,680,4
2021-04-24,Riverside,065,2383286,292296,286552,13898,300450,4400
2021-04-24,Sacramento,067,1510023,102866,102179,1628,103807,1587
2021-04-24,San Benito,069,59416,6008,6007,112,6119,63
2021-04-24,San Bernardino,071,2135413,291560,290264,8904,299168,4568
2021-04-24,San Diego,073,3302833,276898,275252,14395,289647,3688
2021-04-24,San Francisco,075,870044,36151,36285,1265,37550,532
2021-04-24,San Joaquin,077,732212,71691,70911,3435,74346,1301
2021-04-24,San Luis Obispo,079,281455,21091,20797,714,21511,255
2021-04-24,San Mateo,081,765935,41799,41424,453,41877,355
2021-04-24,Santa Barbara,083,443738,34020,33911,1188,35099,448
2021-04-24,Santa Clara,085,1922200,117254,117674,729,118403,1968
2021-04-24,Santa Cruz,087,273765,16077,15840,809,16649,205
2021-04-24,Shasta,089,179085,11741,11770,1436,13206,192
2021-04-24,Sierra,091,2930,55,51,12,63,0
2021-04-24,Siskiyou,093,43540,1701,1574,298,1872,11
2021-04-24,Solano,095,438530,31970,31821,482,32303,247
2021-04-24,Sonoma,097,501317,29581,29739,311,30050,318
2021-04-24,Stanislaus,099,539301,54854,54455,5796,60251,744
2021-04-24,Sutter,101,95872,9340,9316,82,9398,110
2021-04-24,Tehama,103,63373,4949,4907,552,5459,53
2021-04-24,Trinity,105,12862,482,326,86,412,3
2021-04-24,Tulare,107,460477,49731,48705,8820,57525,830
2021-04-24,Tuolumne,109,53932,3956,4020,38,4058,58
2021-04-24,Ventura,111,848112,80717,80097,2950,83047,999
2021-04-24,Yolo,113,214977,13694,13653,277,13930,205
2021-04-24,Yuba,115,75493,5882,5837,120,5957,44
2021-04-23,Alameda,001,1643700,86315,85935,1892,87827,1256
2021-04-23,Alpine,003,1148,86,86,0,86,0
2021-04-23,Amador,005,37829,3646,3637,33,3670,46
2021-04-23,Butte,007,227075,12052,11672,1737,13409,196
2021-04-23,Calaveras,009,45235,2074,2064,12,2076,50
2021-04-23,Colusa,011,21464,1922,1921,291,2212,14
2021-04-23,Contra Costa,013,1133247,67871,67164,1219,68383,785
2021-04-23,Del Norte,015,27424,1287,1254,11,1265,6
2021-04-23,El Dorado,017,186661,9900,9788,689,10477,106
2021-04-23,Fresno,019,978130,101456,100928,8537,109465,1662
2021-04-23,Glenn,021,27897,2386,2361,541,2902,17
2021-04-23,Humboldt,023,135768,3778,3698,30,3728,35
2021-04-23,Imperial,025,180216,28204,28108,2832,30940,720
2021-04-23,Inyo,027,18085,1396,1395,10,1405,36
2021-04-23,Kern,029,883053,96365,95330,10604,105934,1295
2021-04-23,Kings,031,150075,22980,22735,1064,23799,244
2021-04-23,Lake,033,64148,3444,3425,9,3434,43
2021-04-23,Lassen,035,31185,5171,5141,105,5246,1
2021-04-23,Los Angeles,037,10098052,1198225,1190264,41360,1231624,23785
2021-04-23,Madera,039,155013,16443,16328,920,17248,231
2021-04-23,Marin,041,260295,13897,13838,238,14076,227
2021-04-23,Mariposa,043,17540,415,405,11,416,5
2021-04-23,Mendocino,045,87422,3818,3745,73,3818,46
2021-04-23,Merced,047,269075,30516,30530,1033,31563,443
2021-04-23,Modoc,049,8938,368,360,122,482,3
2021-04-23,Mono,051,14174,1244,1256,17,1273,3
2021-04-23,Monterey,053,433212,42904,42722,1853,44575,377
2021-04-23,Napa,055,140530,9745,9752,34,9786,79
2021-04-23,Nevada,057,99092,4607,4510,187,4697,70
2021-04-23,Orange,059,3164182,253812,252399,11145,263544,4904
2021-04-23,Placer,061,380077,22539,21959,1404,23363,282
2021-04-23,Plumas,063,18699,685,670,10,680,4
2021-04-23,Riverside,065,2383286,292237,286456,13893,300349,4399
2021-04-23,Sacramento,067,1510023,102779,102041,1625,103666,1586
2021-04-23,San Benito,069,59416,6006,6005,112,6117,63
2021-04-23,San Bernardino,071,2135413,291509,290189,8903,299092,4568
2021-04-23,San Diego,073,3302833,276760,275097,14372,289469,3684
2021-04-23,San Francisco,075,870044,36134,36252,1264,37516,532
2021-04-23,San Joaquin,077,732212,71635,70840,3432,74272,1295
2021-04-23,San Luis Obispo,079,281455,21082,20781,713,21494,255
2021-04-23,San Mateo,081,765935,41772,41386,453,41839,355
2021-04-23,Santa Barbara,083,443738,34010,33895,1186,35081,447
2021-04-23,Santa Clara,085,1922200,117192,117593,728,118321,1965
2021-04-23,Santa Cruz,087,273765,16070,15802,809,16611,205
2021-04-23,Shasta,089,179085,11734,11759,1435,13194,192
2021-04-23,Sierra,091,2930,55,51,12,63,0
2021-04-23,Siskiyou,093,43540,1689,1567,297,1864,11
2021-04-23,Solano,095,438530,31938,31784,478,32262,247
2021-04-23,Sonoma,097,501317,29567,29727,311,30038,318
2021-04-23,Stanislaus,099,539301,54791,54391,5788,60179,744
2021-04-23,Sutter,101,95872,9338,9312,82,9394,110
2021-04-23,Tehama,103,63373,4946,4906,552,5458,53
2021-04-23,Trinity,105,12862,482,326,86,412,3
2021-04-23,Tulare,107,460477,49714,48694,8812,57506,829
2021-04-23,Tuolumne,109,53932,3955,4020,38,4058,58
2021-04-23,Ventura,111,848112,80698,80095,2950,83045,996
2021-04-23,Yolo,113,214977,13683,13647,276,13923,205
2021-04-23,Yuba,115,75493,5879,5828,120,5948,44
2021-04-22,Alameda,001,1643700,86226,85829,1891,87720,1253
2021-04-22,Alpine,003,1148,86,86,0,86,0
2021-04-22,Amador,005,37829,3645,3633,33,3666,46
2021-04-22,Butte,007,227075,12038,11656,1734,13390,196
2021-04-22,Calaveras,009,45235,2072,2059,12,2071,50
2021-04-22,Colusa,011,21464,1920,1920,289,2209,14
2021-04-22,Contra Costa,013,1133247,67799,67029,1214,68243,782
2021-04-22,Del Norte,015,27424,1282,1252,11,1263,6
2021-04-22,El Dorado,017,186661,9889,9773,686,10459,106
2021-04-22,Fresno,019,978130,101411,100864,8526,109390,1657
2021-04-22,Glenn,021,27897,2385,2361,541,2902,17
2021-04-22,Humboldt,023,135768,3769,3680,30,3710,35
2021-04-22,Imperial,025,180216,28183,28096,2829,30925,720
2021-04-22,Inyo,027,18085,1395,1394,10,1404,36
2021-04-22,Kern,029,883053,96322,95292,10588,105880,1299
2021-04-22,Kings,031,150075,22970,22725,1064,23789,243
2021-04-22,Lake,033,64148,3442,3423,9,3432,43
2021-04-22,Lassen,035,31185,5171,5155,105,5260,1
2021-04-22,Los Angeles,037,10098052,1197905,1189878,41338,1231216,23762
2021-04-22,Madera,039,155013,16424,16316,920,17236,231
2021-04-22,Marin,041,260295,13889,13832,238,14070,227
2021-04-22,Mariposa,043,17540,414,403,11,414,5
2021-04-22,Mendocino,045,87422,3812,3729,73,3802,46
2021-04-22,Merced,047,269075,30481,30490,1032,31522,443
2021-04-22,Modoc,049,8938,368,360,122,482,3
2021-04-22,Mono,051,14174,1244,1254,17,1271,3
2021-04-22,Monterey,053,433212,42897,42708,1851,44559,377
2021-04-22,Napa,055,140530,9735,9734,34,9768,79
2021-04-22,Nevada,057,99092,4598,4504,185,4689,70
2021-04-22,Orange,059,3164182,253739,252307,11133,263440,4898
2021-04-22,Placer,061,380077,22509,21916,1400,23316,282
2021-04-22,Plumas,063,18699,684,670,10,680,4
2021-04-22,Riverside,065,2383286,292138,286362,13884,300246,4398
2021-04-22,Sacramento,067,1510023,102630,101870,1616,103486,1585
2021-04-22,San Benito,069,59416,6002,5998,112,6110,63
2021-04-22,San Bernardino,071,2135413,291438,290125,8894,299019,4571
2021-04-22,San Diego,073,3302833,276594,275913,14350,290263,3684
2021-04-22,San Francisco,075,870044,36112,36218,1261,37479,532
2021-04-22,San Joaquin,077,732212,71576,70751,3425,74176,1295
2021-04-22,San Luis Obispo,079,281455,21068,20761,713,21474,255
2021-04-22,San Mateo,081,765935,41745,41345,451,41796,355
2021-04-22,Santa Barbara,083,443738,33987,33870,1185,35055,446
2021-04-22,Santa Clara,085,1922200,117104,117457,724,118181,1954
2021-04-22,Santa Cruz,087,273765,16067,15737,808,16545,205
2021-04-22,Shasta,089,179085,11719,11738,1433,13171,192
2021-04-22,Sierra,091,2930,55,51,12,63,0
2021-04-22,Siskiyou,093,43540,1685,1564,296,1860,11
2021-04-22,Solano,095,438530,31892,31731,475,32206,247
2021-04-22,Sonoma,097,501317,29552,29705,307,30012,318
2021-04-22,Stanislaus,099,539301,54718,54313,5782,60095,744
2021-04-22,Sutter,101,95872,9334,9302,82,9384,110
2021-04-22,Tehama,103,63373,4940,4896,548,5444,53
2021-04-22,Trinity,105,12862,482,326,86,412,3
2021-04-22,Tulare,107,460477,49694,48669,8803,57472,828
2021-04-22,Tuolumne,109,53932,3951,4020,38,4058,58
2021-04-22,Ventura,111,848112,80672,80073,2948,83021,996
2021-04-22,Yolo,113,214977,13662,13616,276,13892,205
2021-04-22,Yuba,115,75493,5869,5825,120,5945,44
2021-04-21,Alameda,001,1643700,86147,85762,1889,87651,1249
2021-04-21,Alpine,003,1148,86,86,0,86,0
2021-04-21,Amador,005,37829,3642,3632,33,3665,46
2021-04-21,Butte,007,227075,12018,11643,1732,13375,196
2021-04-21,Calaveras,009,45235,2062,2057,12,2069,50
2021-04-21,Colusa,011,21464,1918,1920,288,2208,14
2021-04-21,Contra Costa,013,1133247,67733,66981,1213,68194,782
2021-04-21,Del Norte,015,27424,1278,1252,11,1263,6
2021-04-21,El Dorado,017,186661,9872,9760,684,10444,106
2021-04-21,Fresno,019,978130,101355,100838,8519,109357,1654
2021-04-21,Glenn,021,27897,2384,2361,541,2902,17
2021-04-21,Humboldt,023,135768,3750,3642,30,3672,35
2021-04-21,Imperial,025,180216,28171,28052,2827,30879,719
2021-04-21,Inyo,027,18085,1395,1392,10,1402,36
2021-04-21,Kern,029,883053,96276,95257,10578,105835,1297
2021-04-21,Kings,031,150075,22963,22713,1063,23776,243
2021-04-21,Lake,033,64148,3439,3421,9,3430,43
2021-04-21,Lassen,035,31185,5170,5156,105,5261,1
2021-04-21,Los Angeles,037,10098052,1197567,1189530,41317,1230847,23729
2021-04-21,Madera,039,155013,16419,16309,920,17229,231
2021-04-21,Marin,041,260295,13874,13822,238,14060,227
2021-04-21,Mariposa,043,17540,413,402,11,413,5
2021-04-21,Mendocino,045,87422,3810,3729,73,3802,46
2021-04-21,Merced,047,269075,30461,30471,1030,31501,442
2021-04-21,Modoc,049,8938,368,360,122,482,3
2021-04-21,Mono,051,14174,1244,1254,17,1271,3
2021-04-21,Monterey,053,433212,42882,42699,1849,44548,377
2021-04-21,Napa,055,140530,9729,9727,34,9761,79
2021-04-21,Nevada,057,99092,4584,4499,185,4684,70
2021-04-21,Orange,059,3164182,253663,252243,11120,263363,4889
2021-04-21,Placer,061,380077,22478,21896,1395,23291,282
2021-04-21,Plumas,063,18699,684,670,10,680,4
2021-04-21,Riverside,065,2383286,292044,286299,13877,300176,4388
2021-04-21,Sacramento,067,1510023,102501,101803,1610,103413,1579
2021-04-21,San Benito,069,59416,5999,5998,112,6110,63
2021-04-21,San Bernardino,071,2135413,291363,290049,8892,298941,4572
2021-04-21,San Diego,073,3302833,276385,275632,14312,289944,3681
2021-04-21,San Francisco,075,870044,36092,36194,1260,37454,529
2021-04-21,San Joaquin,077,732212,71521,70687,3415,74102,1295
2021-04-21,San Luis Obispo,079,281455,21053,20724,712,21436,255
2021-04-21,San Mateo,081,765935,41713,41318,450,41768,355
2021-04-21,Santa Barbara,083,443738,33968,33830,1184,35014,445
2021-04-21,Santa Clara,085,1922200,117026,117318,718,118036,1946
2021-04-21,Santa Cruz,087,273765,16058,15698,808,16506,204
2021-04-21,Shasta,089,179085,11700,11722,1431,13153,192
2021-04-21,Sierra,091,2930,55,51,12,63,0
2021-04-21,Siskiyou,093,43540,1678,1557,296,1853,11
2021-04-21,Solano,095,438530,31853,31712,474,32186,244
2021-04-21,Sonoma,097,501317,29540,29697,305,30002,318
2021-04-21,Stanislaus,099,539301,54657,54290,5776,60066,742
2021-04-21,Sutter,101,95872,9326,9297,82,9379,110
2021-04-21,Tehama,103,63373,4933,4893,547,5440,53
2021-04-21,Trinity,105,12862,482,326,86,412,3
2021-04-21,Tulare,107,460477,49679,48653,8790,57443,828
2021-04-21,Tuolumne,109,53932,3948,4019,38,4057,58
2021-04-21,Ventura,111,848112,80640,80039,2945,82984,996
2021-04-21,Yolo,113,214977,13642,13606,275,13881,200
2021-04-21,Yuba,115,75493,5862,5822,119,5941,44
2021-04-20,Alameda,001,1643700,86052,85652,1887,87539,1248
2021-04-20,Alpine,003,1148,85,85,0,85,0
2021-04-20,Amador,005,37829,3641,3631,33,3664,46
2021-04-20,Butte,007,227075,11999,11619,1730,13349,196
2021-04-20,Calaveras,009,45235,2061,2053,12,2065,50
2021-04-20,Colusa,011,21464,1918,1915,287,2202,14
2021-04-20,Contra Costa,013,1133247,67649,66889,1210,68099,782
2021-04-20,Del Norte,015,27424,1277,1250,11,1261,6
2021-04-20,El Dorado,017,186661,9844,9743,682,10425,106
2021-04-20,Fresno,019,978130,101297,100768,8509,109277,1650
2021-04-20,Glenn,021,27897,2382,2359,540,2899,17
2021-04-20,Humboldt,023,135768,3732,3612,30,3642,35
2021-04-20,Imperial,025,180216,28152,28024,2822,30846,719
2021-04-20,Inyo,027,18085,1395,1393,10,1403,36
2021-04-20,Kern,029,883053,96240,95223,10561,105784,1295
2021-04-20,Kings,031,150075,22957,22693,1060,23753,243
2021-04-20,Lake,033,64148,3437,3418,9,3427,43
2021-04-20,Lassen,035,31185,5170,5155,105,5260,1
2021-04-20,Los Angeles,037,10098052,1197220,1189256,41288,1230544,23694
2021-04-20,Madera,039,155013,16413,16301,920,17221,231
2021-04-20,Marin,041,260295,13860,13807,238,14045,227
2021-04-20,Mariposa,043,17540,412,402,11,413,5
2021-04-20,Mendocino,045,87422,3809,3726,73,3799,46
2021-04-20,Merced,047,269075,30434,30439,1029,31468,441
2021-04-20,Modoc,049,8938,368,359,122,481,3
2021-04-20,Mono,051,14174,1243,1254,17,1271,3
2021-04-20,Monterey,053,433212,42871,42663,1846,44509,363
2021-04-20,Napa,055,140530,9725,9711,34,9745,79
2021-04-20,Nevada,057,99092,4566,4485,185,4670,70
2021-04-20,Orange,059,3164182,253573,252134,11108,263242,4887
2021-04-20,Placer,061,380077,22444,21846,1391,23237,282
2021-04-20,Plumas,063,18699,683,670,10,680,4
2021-04-20,Riverside,065,2383286,291947,286194,13872,300066,4388
2021-04-20,Sacramento,067,1510023,102363,101629,1602,103231,1574
2021-04-20,San Benito,069,59416,5996,5988,112,6100,63
2021-04-20,San Bernardino,071,2135413,291283,289905,8890,298795,4569
2021-04-20,San Diego,073,3302833,276154,275369,14279,289648,3674
2021-04-20,San Francisco,075,870044,36073,36117,1259,37376,529
2021-04-20,San Joaquin,077,732212,71448,70590,3406,73996,1289
2021-04-20,San Luis Obispo,079,281455,21030,20691,704,21395,254
2021-04-20,San Mateo,081,765935,41682,41251,450,41701,355
2021-04-20,Santa Barbara,083,443738,33949,33803,1184,34987,445
2021-04-20,Santa Clara,085,1922200,116928,117228,714,117942,1944
2021-04-20,Santa Cruz,087,273765,16046,15647,808,16455,204
2021-04-20,Shasta,089,179085,11684,11677,1428,13105,189
2021-04-20,Sierra,091,2930,55,51,12,63,0
2021-04-20,Siskiyou,093,43540,1670,1551,295,1846,10
2021-04-20,Solano,095,438530,31798,31673,470,32143,243
2021-04-20,Sonoma,097,501317,29531,29676,303,29979,311
2021-04-20,Stanislaus,099,539301,54592,54236,5763,59999,735
2021-04-20,Sutter,101,95872,9322,9279,82,9361,109
2021-04-20,Tehama,103,63373,4928,4887,546,5433,52
2021-04-20,Trinity,105,12862,482,326,86,412,3
2021-04-20,Tulare,107,460477,49656,48650,8782,57432,831
2021-04-20,Tuolumne,109,53932,3948,4014,38,4052,58
2021-04-20,Ventura,111,848112,80612,80018,2943,82961,995
2021-04-20,Yolo,113,214977,13622,13581,274,13855,200
2021-04-20,Yuba,115,75493,5852,5814,119,5933,44
2021-04-19,Alameda,001,1643700,85932,85583,1884,87467,1247
2021-04-19,Alpine,003,1148,85,85,0,85,0
2021-04-19,Amador,005,37829,3640,3629,33,3662,46
2021-04-19,Butte,007,227075,11980,11601,1725,13326,196
2021-04-19,Calaveras,009,45235,2059,2050,12,2062,50
2021-04-19,Colusa,011,21464,1918,1913,286,2199,14
2021-04-19,Contra Costa,013,1133247,67571,66833,1208,68041,782
2021-04-19,Del Norte,015,27424,1275,1247,11,1258,6
2021-04-19,El Dorado,017,186661,9828,9726,677,10403,106
2021-04-19,Fresno,019,978130,101229,100702,8497,109199,1646
2021-04-19,Glenn,021,27897,2382,2358,539,2897,17
2021-04-19,Humboldt,023,135768,3712,3602,28,3630,35
2021-04-19,Imperial,025,180216,28131,27995,2820,30815,719
2021-04-19,Inyo,027,18085,1395,1392,10,1402,36
2021-04-19,Kern,029,883053,96210,95162,10546,105708,1290
2021-04-19,Kings,031,150075,22941,22688,1060,23748,243
2021-04-19,Lake,033,64148,3436,3416,9,3425,43
2021-04-19,Lassen,035,31185,5169,5156,105,5261,1
2021-04-19,Los Angeles,037,10098052,1196843,1188945,41263,1230208,23666
2021-04-19,Madera,039,155013,16402,16289,919,17208,231
2021-04-19,Marin,041,260295,13849,13804,237,14041,226
2021-04-19,Mariposa,043,17540,411,401,11,412,5
2021-04-19,Mendocino,045,87422,3807,3722,73,3795,46
2021-04-19,Merced,047,269075,30405,30422,1028,31450,441
2021-04-19,Modoc,049,8938,368,359,122,481,3
2021-04-19,Mono,051,14174,1242,1254,17,1271,3
2021-04-19,Monterey,053,433212,42858,42642,1841,44483,356
2021-04-19,Napa,055,140530,9717,9680,34,9714,79
2021-04-19,Nevada,057,99092,4550,4477,185,4662,70
2021-04-19,Orange,059,3164182,253455,252013,11094,263107,4883
2021-04-19,Placer,061,380077,22421,21814,1387,23201,282
2021-04-19,Plumas,063,18699,683,665,10,675,4
2021-04-19,Riverside,065,2383286,291851,286087,13862,299949,4371
2021-04-19,Sacramento,067,1510023,102228,101482,1592,103074,1572
2021-04-19,San Benito,069,59416,5988,5989,112,6101,63
2021-04-19,San Bernardino,071,2135413,291197,289738,8884,298622,4561
2021-04-19,San Diego,073,3302833,275906,275113,14246,289359,3674
2021-04-19,San Francisco,075,870044,36038,36094,1256,37350,529
2021-04-19,San Joaquin,077,732212,71369,70514,3399,73913,1289
2021-04-19,San Luis Obispo,079,281455,21004,20669,698,21367,254
2021-04-19,San Mateo,081,765935,41649,41226,449,41675,355
2021-04-19,Santa Barbara,083,443738,33935,33786,1184,34970,446
2021-04-19,Santa Clara,085,1922200,116817,117099,710,117809,1944
2021-04-19,Santa Cruz,087,273765,16034,15600,808,16408,204
2021-04-19,Shasta,089,179085,11669,11662,1420,13082,189
2021-04-19,Sierra,091,2930,55,51,12,63,0
2021-04-19,Siskiyou,093,43540,1660,1544,295,1839,10
2021-04-19,Solano,095,438530,31759,31643,465,32108,239
2021-04-19,Sonoma,097,501317,29512,29667,303,29970,311
2021-04-19,Stanislaus,099,539301,54516,54179,5759,59938,728
2021-04-19,Sutter,101,95872,9311,9269,82,9351,109
2021-04-19,Tehama,103,63373,4922,4878,546,5424,52
2021-04-19,Trinity,105,12862,482,326,85,411,3
2021-04-19,Tulare,107,460477,49640,48630,8769,57399,831
2021-04-19,Tuolumne,109,53932,3947,4010,38,4048,58
2021-04-19,Ventura,111,848112,80586,80000,2941,82941,996
2021-04-19,Yolo,113,214977,13610,13572,271,13843,200
2021-04-19,Yuba,115,75493,5845,5804,118,5922,44
2021-04-18,Alameda,001,1643700,85818,85481,1876,87357,1247
2021-04-18,Alpine,003,1148,85,85,0,85,0
2021-04-18,Amador,005,37829,3637,3627,33,3660,46
2021-04-18,Butte,007,227075,11962,11591,1720,13311,196
2021-04-18,Calaveras,009,45235,2053,2047,12,2059,50
2021-04-18,Colusa,011,21464,1914,1912,285,2197,14
2021-04-18,Contra Costa,013,1133247,67468,66750,1204,67954,782
2021-04-18,Del Norte,015,27424,1275,1240,11,1251,6
2021-04-18,El Dorado,017,186661,9805,9710,675,10385,106
2021-04-18,Fresno,019,978130,101171,100621,8491,109112,1646
2021-04-18,Glenn,021,27897,2377,2358,539,2897,17
2021-04-18,Humboldt,023,135768,3684,3590,28,3618,35
2021-04-18,Imperial,025,180216,28116,27991,2812,30803,719
2021-04-18,Inyo,027,18085,1394,1392,10,1402,36
2021-04-18,Kern,029,883053,96174,95129,10530,105659,1290
2021-04-18,Kings,031,150075,22932,22685,1060,23745,243
2021-04-18,Lake,033,64148,3435,3413,9,3422,43
2021-04-18,Lassen,035,31185,5166,5156,105,5261,1
2021-04-18,Los Angeles,037,10098052,1196382,1188620,41240,1229860,23648
2021-04-18,Madera,039,155013,16391,16277,918,17195,231
2021-04-18,Marin,041,260295,13842,13801,236,14037,226
2021-04-18,Mariposa,043,17540,410,400,10,410,5
2021-04-18,Mendocino,045,87422,3804,3722,73,3795,46
2021-04-18,Merced,047,269075,30368,30405,1026,31431,441
2021-04-18,Modoc,049,8938,368,359,122,481,3
2021-04-18,Mono,051,14174,1242,1254,17,1271,3
2021-04-18,Monterey,053,433212,42846,42638,1840,44478,356
2021-04-18,Napa,055,140530,9701,9674,34,9708,79
2021-04-18,Nevada,057,99092,4535,4464,185,4649,70
2021-04-18,Orange,059,3164182,253341,251940,11086,263026,4883
2021-04-18,Placer,061,380077,22377,21783,1381,23164,282
2021-04-18,Plumas,063,18699,682,665,10,675,4
2021-04-18,Riverside,065,2383286,291761,286043,13858,299901,4371
2021-04-18,Sacramento,067,1510023,102052,101354,1586,102940,1572
2021-04-18,San Benito,069,59416,5986,5989,112,6101,63
2021-04-18,San Bernardino,071,2135413,291104,289691,8875,298566,4556
2021-04-18,San Diego,073,3302833,275627,274961,14211,289172,3674
2021-04-18,San Francisco,075,870044,36001,36073,1252,37325,525
2021-04-18,San Joaquin,077,732212,71288,70466,3390,73856,1289
2021-04-18,San Luis Obispo,079,281455,20982,20656,692,21348,254
2021-04-18,San Mateo,081,765935,41620,41201,448,41649,352
2021-04-18,Santa Barbara,083,443738,33900,33769,1183,34952,446
2021-04-18,Santa Clara,085,1922200,116649,116996,704,117700,1944
2021-04-18,Santa Cruz,087,273765,16024,15580,807,16387,204
2021-04-18,Shasta,089,179085,11648,11658,1417,13075,189
2021-04-18,Sierra,091,2930,55,51,12,63,0
2021-04-18,Siskiyou,093,43540,1649,1538,293,1831,10
2021-04-18,Solano,095,438530,31709,31606,464,32070,239
2021-04-18,Sonoma,097,501317,29496,29660,301,29961,311
2021-04-18,Stanislaus,099,539301,54434,54132,5752,59884,728
2021-04-18,Sutter,101,95872,9297,9261,82,9343,109
2021-04-18,Tehama,103,63373,4913,4877,545,5422,52
2021-04-18,Trinity,105,12862,482,326,85,411,3
2021-04-18,Tulare,107,460477,49628,48618,8763,57381,829
2021-04-18,Tuolumne,109,53932,3946,4008,37,4045,58
2021-04-18,Ventura,111,848112,80556,79984,2937,82921,996
2021-04-18,Yolo,113,214977,13598,13562,269,13831,200
2021-04-18,Yuba,115,75493,5838,5804,118,5922,44
2021-04-17,Alameda,001,1643700,85745,85367,1872,87239,1247
2021-04-17,Alpine,003,1148,85,85,0,85,0
2021-04-17,Amador,005,37829,3635,3625,33,3658,46
2021-04-17,Butte,007,227075,11942,11573,1716,13289,196
2021-04-17,Calaveras,009,45235,2051,2045,12,2057,50
2021-04-17,Colusa,011,21464,1914,1912,285,2197,14
2021-04-17,Contra Costa,013,1133247,67419,66657,1196,67853,782
2021-04-17,Del Norte,015,27424,1275,1238,11,1249,6
2021-04-17,El Dorado,017,186661,9790,9692,672,10364,106
2021-04-17,Fresno,019,978130,101138,100562,8486,109048,1646
2021-04-17,Glenn,021,27897,2377,2357,539,2896,17
2021-04-17,Humboldt,023,135768,3660,3579,28,3607,35
2021-04-17,Imperial,025,180216,28105,27987,2810,30797,719
2021-04-17,Inyo,027,18085,1391,1392,10,1402,36
2021-04-17,Kern,029,883053,96156,95102,10526,105628,1290
2021-04-17,Kings,031,150075,22927,22678,1059,23737,243
2021-04-17,Lake,033,64148,3434,3409,9,3418,43
2021-04-17,Lassen,035,31185,5166,5154,105,5259,1
2021-04-17,Los Angeles,037,10098052,1196126,1188262,41207,1229469,23653
2021-04-17,Madera,039,155013,16387,16260,917,17177,231
2021-04-17,Marin,041,260295,13838,13797,236,14033,226
2021-04-17,Mariposa,043,17540,409,398,10,408,5
2021-04-17,Mendocino,045,87422,3801,3721,73,3794,46
2021-04-17,Merced,047,269075,30352,30392,1025,31417,441
2021-04-17,Modoc,049,8938,368,357,122,479,3
2021-04-17,Mono,051,14174,1242,1253,17,1270,3
2021-04-17,Monterey,053,433212,42837,42630,1838,44468,356
2021-04-17,Napa,055,140530,9697,9666,34,9700,79
2021-04-17,Nevada,057,99092,4527,4457,185,4642,70
2021-04-17,Orange,059,3164182,253272,251873,11074,262947,4878
2021-04-17,Placer,061,380077,22354,21736,1376,23112,282
2021-04-17,Plumas,063,18699,681,666,10,676,4
2021-04-17,Riverside,065,2383286,291692,285963,13850,299813,4371
2021-04-17,Sacramento,067,1510023,101942,101172,1575,102747,1572
2021-04-17,San Benito,069,59416,5980,5986,112,6098,63
2021-04-17,San Bernardino,071,2135413,291049,289624,8872,298496,4555
2021-04-17,San Diego,073,3302833,275480,274812,14177,288989,3674
2021-04-17,San Francisco,075,870044,35980,36032,1249,37281,523
2021-04-17,San Joaquin,077,732212,71248,70372,3380,73752,1288
2021-04-17,San Luis Obispo,079,281455,20969,20642,689,21331,254
2021-04-17,San Mateo,081,765935,41597,41157,448,41605,352
2021-04-17,Santa Barbara,083,443738,33869,33738,1181,34919,446
2021-04-17,Santa Clara,085,1922200,116557,116887,702,117589,1944
2021-04-17,Santa Cruz,087,273765,16018,15571,807,16378,204
2021-04-17,Shasta,089,179085,11633,11647,1416,13063,189
2021-04-17,Sierra,091,2930,55,51,12,63,0
2021-04-17,Siskiyou,093,43540,1644,1539,290,1829,10
2021-04-17,Solano,095,438530,31678,31541,461,32002,239
2021-04-17,Sonoma,097,501317,29489,29637,301,29938,311
2021-04-17,Stanislaus,099,539301,54397,54058,5747,59805,728
2021-04-17,Sutter,101,95872,9291,9252,82,9334,109
2021-04-17,Tehama,103,63373,4907,4875,544,5419,52
2021-04-17,Trinity,105,12862,482,326,85,411,3
2021-04-17,Tulare,107,460477,49616,48603,8759,57362,829
2021-04-17,Tuolumne,109,53932,3944,4005,37,4042,58
2021-04-17,Ventura,111,848112,80535,79964,2937,82901,996
2021-04-17,Yolo,113,214977,13588,13580,269,13849,200
2021-04-17,Yuba,115,75493,5833,5802,117,5919,44
2021-04-16,Alameda,001,1643700,85666,85243,1870,87113,1245
2021-04-16,Alpine,003,1148,85,85,0,85,0
2021-04-16,Amador,005,37829,3630,3621,33,3654,46
2021-04-16,Butte,007,227075,11930,11549,1714,13263,196
2021-04-16,Calaveras,009,45235,2049,2042,12,2054,50
2021-04-16,Colusa,011,21464,1912,1911,285,2196,14
2021-04-16,Contra Costa,013,1133247,67365,66569,1193,67762,782
2021-04-16,Del Norte,015,27424,1274,1237,11,1248,6
2021-04-16,El Dorado,017,186661,9770,9665,668,10333,106
2021-04-16,Fresno,019,978130,101088,100500,8480,108980,1643
2021-04-16,Glenn,021,27897,2377,2355,539,2894,17
2021-04-16,Humboldt,023,135768,3639,3570,27,3597,35
2021-04-16,Imperial,025,180216,28095,27962,2809,30771,719
2021-04-16,Inyo,027,18085,1391,1392,10,1402,36
2021-04-16,Kern,029,883053,96127,95066,10523,105589,1288
2021-04-16,Kings,031,150075,22923,22667,1058,23725,243
2021-04-16,Lake,033,64148,3428,3406,9,3415,43
2021-04-16,Lassen,035,31185,5165,5155,105,5260,1
2021-04-16,Los Angeles,037,10098052,1195825,1187818,41171,1228989,23627
2021-04-16,Madera,039,155013,16381,16250,916,17166,231
2021-04-16,Marin,041,260295,13835,13788,236,14024,226
2021-04-16,Mariposa,043,17540,408,396,9,405,5
2021-04-16,Mendocino,045,87422,3799,3719,73,3792,46
2021-04-16,Merced,047,269075,30337,30355,1025,31380,438
2021-04-16,Modoc,049,8938,368,355,122,477,3
2021-04-16,Mono,051,14174,1242,1253,17,1270,3
2021-04-16,Monterey,053,433212,42826,42620,1835,44455,351
2021-04-16,Napa,055,140530,9689,9653,34,9687,79
2021-04-16,Nevada,057,99092,4518,4443,185,4628,70
2021-04-16,Orange,059,3164182,253208,251770,11065,262835,4873
2021-04-16,Placer,061,380077,22327,21680,1371,23051,282
2021-04-16,Plumas,063,18699,680,665,10,675,4
2021-04-16,Riverside,065,2383286,291615,285818,13848,299666,4369
2021-04-16,Sacramento,067,1510023,101845,100993,1570,102563,1572
2021-04-16,San Benito,069,59416,5978,5982,112,6094,63
2021-04-16,San Bernardino,071,2135413,291002,289424,8871,298295,4550
2021-04-16,San Diego,073,3302833,275326,274567,14159,288726,3662
2021-04-16,San Francisco,075,870044,35954,35993,1245,37238,517
2021-04-16,San Joaquin,077,732212,71181,70280,3372,73652,1288
2021-04-16,San Luis Obispo,079,281455,20957,20623,688,21311,253
2021-04-16,San Mateo,081,765935,41568,41107,447,41554,352
2021-04-16,Santa Barbara,083,443738,33851,33703,1181,34884,446
2021-04-16,Santa Clara,085,1922200,116457,116693,699,117392,1941
2021-04-16,Santa Cruz,087,273765,16016,15539,807,16346,204
2021-04-16,Shasta,089,179085,11621,11623,1414,13037,189
2021-04-16,Sierra,091,2930,55,51,12,63,0
2021-04-16,Siskiyou,093,43540,1640,1530,288,1818,10
2021-04-16,Solano,095,438530,31639,31470,458,31928,239
2021-04-16,Sonoma,097,501317,29478,29617,301,29918,311
2021-04-16,Stanislaus,099,539301,54349,53983,5745,59728,728
2021-04-16,Sutter,101,95872,9285,9247,82,9329,109
2021-04-16,Tehama,103,63373,4906,4866,544,5410,52
2021-04-16,Trinity,105,12862,482,326,85,411,3
2021-04-16,Tulare,107,460477,49604,48583,8755,57338,830
2021-04-16,Tuolumne,109,53932,3941,4005,37,4042,58
2021-04-16,Ventura,111,848112,80510,79942,2932,82874,994
2021-04-16,Yolo,113,214977,13575,13559,267,13826,198
2021-04-16,Yuba,115,75493,5830,5795,116,5911,44
2021-04-15,Alameda,001,1643700,85559,85089,1868,86957,1246
2021-04-15,Alpine,003,1148,85,85,0,85,0
2021-04-15,Amador,005,37829,3629,3616,33,3649,46
2021-04-15,Butte,007,227075,11915,11529,1710,13239,196
2021-04-15,Calaveras,009,45235,2049,2039,12,2051,50
2021-04-15,Colusa,011,21464,1910,1909,284,2193,14
2021-04-15,Contra Costa,013,1133247,67291,66480,1189,67669,781
2021-04-15,Del Norte,015,27424,1267,1235,11,1246,6
2021-04-15,El Dorado,017,186661,9757,9639,666,10305,106
2021-04-15,Fresno,019,978130,101026,100431,8474,108905,1642
2021-04-15,Glenn,021,27897,2377,2354,539,2893,17
2021-04-15,Humboldt,023,135768,3618,3561,27,3588,35
2021-04-15,Imperial,025,180216,28067,27920,2806,30726,718
2021-04-15,Inyo,027,18085,1391,1393,10,1403,36
2021-04-15,Kern,029,883053,96094,94989,10509,105498,1289
2021-04-15,Kings,031,150075,22909,22648,1058,23706,242
2021-04-15,Lake,033,64148,3427,3399,9,3408,43
2021-04-15,Lassen,035,31185,5164,5152,105,5257,1
2021-04-15,Los Angeles,037,10098052,1195424,1187274,41135,1228409,23598
2021-04-15,Madera,039,155013,16366,16234,916,17150,231
2021-04-15,Marin,041,260295,13831,13783,235,14018,226
2021-04-15,Mariposa,043,17540,406,395,9,404,5
2021-04-15,Mendocino,045,87422,3798,3714,73,3787,46
2021-04-15,Merced,047,269075,30311,30325,1024,31349,437
2021-04-15,Modoc,049,8938,368,355,122,477,3
2021-04-15,Mono,051,14174,1241,1253,17,1270,3
2021-04-15,Monterey,053,433212,42816,42604,1833,44437,347
2021-04-15,Napa,055,140530,9681,9645,34,9679,79
2021-04-15,Nevada,057,99092,4506,4434,184,4618,70
2021-04-15,Orange,059,3164182,253113,251679,11052,262731,4857
2021-04-15,Placer,061,380077,22297,21614,1364,22978,281
2021-04-15,Plumas,063,18699,678,665,10,675,4
2021-04-15,Riverside,065,2383286,291511,285698,13841,299539,4363
2021-04-15,Sacramento,067,1510023,101715,100782,1556,102338,1570
2021-04-15,San Benito,069,59416,5975,5969,111,6080,63
2021-04-15,San Bernardino,071,2135413,290913,289288,8864,298152,4544
2021-04-15,San Diego,073,3302833,275080,274250,14100,288350,3653
2021-04-15,San Francisco,075,870044,35935,35947,1243,37190,510
2021-04-15,San Joaquin,077,732212,71100,70189,3364,73553,1288
2021-04-15,San Luis Obispo,079,281455,20941,20591,685,21276,253
2021-04-15,San Mateo,081,765935,41529,41050,446,41496,352
2021-04-15,Santa Barbara,083,443738,33833,33672,1177,34849,446
2021-04-15,Santa Clara,085,1922200,116351,116602,695,117297,1927
2021-04-15,Santa Cruz,087,273765,16006,15509,807,16316,203
2021-04-15,Shasta,089,179085,11607,11597,1410,13007,191
2021-04-15,Sierra,091,2930,55,51,12,63,0
2021-04-15,Siskiyou,093,43540,1634,1524,287,1811,10
2021-04-15,Solano,095,438530,31601,31394,457,31851,239
2021-04-15,Sonoma,097,501317,29464,29587,301,29888,311
2021-04-15,Stanislaus,099,539301,54295,53918,5736,59654,728
2021-04-15,Sutter,101,95872,9278,9237,82,9319,109
2021-04-15,Tehama,103,63373,4905,4854,543,5397,52
2021-04-15,Trinity,105,12862,482,326,85,411,3
2021-04-15,Tulare,107,460477,49583,48556,8755,57311,829
2021-04-15,Tuolumne,109,53932,3941,4003,37,4040,57
2021-04-15,Ventura,111,848112,80491,79917,2930,82847,989
2021-04-15,Yolo,113,214977,13556,13547,265,13812,198
2021-04-15,Yuba,115,75493,5827,5788,116,5904,44
2021-04-14,Alameda,001,1643700,85462,85009,1867,86876,1247
2021-04-14,Alpine,003,1148,85,85,0,85,0
2021-04-14,Amador,005,37829,3628,3613,33,3646,46
2021-04-14,Butte,007,227075,11902,11513,1709,13222,196
2021-04-14,Calaveras,009,45235,2048,2037,12,2049,50
2021-04-14,Colusa,011,21464,1910,1905,284,2189,14
2021-04-14,Contra Costa,013,1133247,67205,66400,1183,67583,781
2021-04-14,Del Norte,015,27424,1267,1228,11,1239,6
2021-04-14,El Dorado,017,186661,9742,9625,661,10286,106
2021-04-14,Fresno,019,978130,100969,100376,8461,108837,1640
2021-04-14,Glenn,021,27897,2377,2353,539,2892,17
2021-04-14,Humboldt,023,135768,3596,3551,26,3577,35
2021-04-14,Imperial,025,180216,28045,27907,2804,30711,718
2021-04-14,Inyo,027,18085,1391,1392,10,1402,36
2021-04-14,Kern,029,883053,96069,94947,10502,105449,1287
2021-04-14,Kings,031,150075,22900,22641,1056,23697,243
2021-04-14,Lake,033,64148,3422,3396,9,3405,43
2021-04-14,Lassen,035,31185,5163,5151,105,5256,1
2021-04-14,Los Angeles,037,10098052,1195026,1186821,41090,1227911,23579
2021-04-14,Madera,039,155013,16357,16218,916,17134,231
2021-04-14,Marin,041,260295,13829,13768,234,14002,226
2021-04-14,Mariposa,043,17540,405,394,9,403,5
2021-04-14,Mendocino,045,87422,3793,3711,73,3784,46
2021-04-14,Merced,047,269075,30295,30296,1022,31318,436
2021-04-14,Modoc,049,8938,368,355,122,477,3
2021-04-14,Mono,051,14174,1240,1252,17,1269,3
2021-04-14,Monterey,053,433212,42800,42595,1829,44424,347
2021-04-14,Napa,055,140530,9670,9643,34,9677,79
2021-04-14,Nevada,057,99092,4499,4421,184,4605,70
2021-04-14,Orange,059,3164182,253008,251568,11032,262600,4849
2021-04-14,Placer,061,380077,22264,21575,1363,22938,280
2021-04-14,Plumas,063,18699,678,665,10,675,4
2021-04-14,Riverside,065,2383286,291401,285583,13835,299418,4358
2021-04-14,Sacramento,067,1510023,101540,100645,1542,102187,1570
2021-04-14,San Benito,069,59416,5973,5960,111,6071,62
2021-04-14,San Bernardino,071,2135413,290846,289078,8861,297939,4523
2021-04-14,San Diego,073,3302833,274869,273969,14071,288040,3648
2021-04-14,San Francisco,075,870044,35897,35898,1242,37140,510
2021-04-14,San Joaquin,077,732212,71030,70095,3358,73453,1288
2021-04-14,San Luis Obispo,079,281455,20918,20561,675,21236,253
2021-04-14,San Mateo,081,765935,41489,40982,443,41425,352
2021-04-14,Santa Barbara,083,443738,33804,33650,1177,34827,445
2021-04-14,Santa Clara,085,1922200,116233,116488,692,117180,1922
2021-04-14,Santa Cruz,087,273765,15996,15481,807,16288,203
2021-04-14,Shasta,089,179085,11581,11581,1408,12989,190
2021-04-14,Sierra,091,2930,55,51,12,63,0
2021-04-14,Siskiyou,093,43540,1626,1518,286,1804,10
2021-04-14,Solano,095,438530,31548,31357,450,31807,239
2021-04-14,Sonoma,097,501317,29456,29572,299,29871,311
2021-04-14,Stanislaus,099,539301,54224,53836,5727,59563,727
2021-04-14,Sutter,101,95872,9270,9230,82,9312,106
2021-04-14,Tehama,103,63373,4899,4853,542,5395,52
2021-04-14,Trinity,105,12862,482,326,85,411,3
2021-04-14,Tulare,107,460477,49557,48527,8752,57279,827
2021-04-14,Tuolumne,109,53932,3940,3997,37,4034,57
2021-04-14,Ventura,111,848112,80455,79891,2928,82819,986
2021-04-14,Yolo,113,214977,13540,13530,263,13793,198
2021-04-14,Yuba,115,75493,5825,5778,116,5894,44
2021-04-13,Alameda,001,1643700,85356,84921,1864,86785,1239
2021-04-13,Alpine,003,1148,85,85,0,85,0
2021-04-13,Amador,005,37829,3625,3609,33,3642,46
2021-04-13,Butte,007,227075,11884,11497,1706,13203,196
2021-04-13,Calaveras,009,45235,2045,2035,12,2047,50
2021-04-13,Colusa,011,21464,1908,1905,282,2187,14
2021-04-13,Contra Costa,013,1133247,67115,66304,1183,67487,778
2021-04-13,Del Norte,015,27424,1262,1221,11,1232,6
2021-04-13,El Dorado,017,186661,9716,9609,658,10267,106
2021-04-13,Fresno,019,978130,100887,100357,8455,108812,1636
2021-04-13,Glenn,021,27897,2376,2351,539,2890,17
2021-04-13,Humboldt,023,135768,3579,3540,26,3566,35
2021-04-13,Imperial,025,180216,28026,27887,2795,30682,718
2021-04-13,Inyo,027,18085,1391,1391,10,1401,36
2021-04-13,Kern,029,883053,96025,94908,10490,105398,1285
2021-04-13,Kings,031,150075,22884,22636,1055,23691,243
2021-04-13,Lake,033,64148,3419,3390,9,3399,43
2021-04-13,Lassen,035,31185,5162,5147,105,5252,1
2021-04-13,Los Angeles,037,10098052,1194571,1186482,41048,1227530,23526
2021-04-13,Madera,039,155013,16347,16207,914,17121,231
2021-04-13,Marin,041,260295,13821,13760,233,13993,224
2021-04-13,Mariposa,043,17540,404,394,6,400,5
2021-04-13,Mendocino,045,87422,3787,3702,73,3775,46
2021-04-13,Merced,047,269075,30265,30276,1019,31295,435
2021-04-13,Modoc,049,8938,368,355,122,477,3
2021-04-13,Mono,051,14174,1240,1251,17,1268,3
2021-04-13,Monterey,053,433212,42789,42577,1829,44406,347
2021-04-13,Napa,055,140530,9660,9627,34,9661,79
2021-04-13,Nevada,057,99092,4487,4415,184,4599,69
2021-04-13,Orange,059,3164182,252913,251491,11013,262504,4836
2021-04-13,Placer,061,380077,22227,21534,1360,22894,280
2021-04-13,Plumas,063,18699,677,665,10,675,4
2021-04-13,Riverside,065,2383286,291282,285505,13829,299334,4348
2021-04-13,Sacramento,067,1510023,101365,100551,1537,102088,1569
2021-04-13,San Benito,069,59416,5970,5946,111,6057,62
2021-04-13,San Bernardino,071,2135413,290730,288929,8855,297784,4521
2021-04-13,San Diego,073,3302833,274615,273709,14036,287745,3623
2021-04-13,San Francisco,075,870044,35861,35869,1238,37107,506
2021-04-13,San Joaquin,077,732212,70922,70034,3350,73384,1288
2021-04-13,San Luis Obispo,079,281455,20891,20536,665,21201,253
2021-04-13,San Mateo,081,765935,41444,40955,443,41398,353
2021-04-13,Santa Barbara,083,443738,33782,33613,1174,34787,444
2021-04-13,Santa Clara,085,1922200,116104,116363,691,117054,1923
2021-04-13,Santa Cruz,087,273765,15989,15449,807,16256,203
2021-04-13,Shasta,089,179085,11561,11536,1405,12941,189
2021-04-13,Sierra,091,2930,55,51,12,63,0
2021-04-13,Siskiyou,093,43540,1618,1511,281,1792,10
2021-04-13,Solano,095,438530,31499,31335,446,31781,239
2021-04-13,Sonoma,097,501317,29448,29544,298,29842,311
2021-04-13,Stanislaus,099,539301,54151,53797,5718,59515,722
2021-04-13,Sutter,101,95872,9266,9226,82,9308,106
2021-04-13,Tehama,103,63373,4892,4850,539,5389,52
2021-04-13,Trinity,105,12862,482,326,85,411,3
2021-04-13,Tulare,107,460477,49544,48511,8749,57260,825
2021-04-13,Tuolumne,109,53932,3938,3995,37,4032,57
2021-04-13,Ventura,111,848112,80423,79854,2926,82780,986
2021-04-13,Yolo,113,214977,13528,13516,262,13778,198
2021-04-13,Yuba,115,75493,5816,5776,116,5892,44
2021-04-12,Alameda,001,1643700,85255,84817,1863,86680,1238
2021-04-12,Alpine,003,1148,85,85,0,85,0
2021-04-12,Amador,005,37829,3624,3607,33,3640,46
2021-04-12,Butte,007,227075,11869,11488,1702,13190,193
2021-04-12,Calaveras,009,45235,2042,2033,12,2045,50
2021-04-12,Colusa,011,21464,1906,1904,280,2184,14
2021-04-12,Contra Costa,013,1133247,67034,66176,1183,67359,777
2021-04-12,Del Norte,015,27424,1259,1216,11,1227,6
2021-04-12,El Dorado,017,186661,9699,9588,656,10244,106
2021-04-12,Fresno,019,978130,100826,100277,8431,108708,1633
2021-04-12,Glenn,021,27897,2375,2349,539,2888,17
2021-04-12,Humboldt,023,135768,3565,3533,25,3558,35
2021-04-12,Imperial,025,180216,27996,27851,2789,30640,717
2021-04-12,Inyo,027,18085,1391,1390,10,1400,36
2021-04-12,Kern,029,883053,95988,94861,10479,105340,1283
2021-04-12,Kings,031,150075,22876,22621,1054,23675,241
2021-04-12,Lake,033,64148,3415,3380,9,3389,43
2021-04-12,Lassen,035,31185,5161,5147,105,5252,1
2021-04-12,Los Angeles,037,10098052,1194068,1186145,41008,1227153,23505
2021-04-12,Madera,039,155013,16335,16174,912,17086,231
2021-04-12,Marin,041,260295,13808,13751,231,13982,224
2021-04-12,Mariposa,043,17540,403,394,6,400,5
2021-04-12,Mendocino,045,87422,3786,3699,73,3772,46
2021-04-12,Merced,047,269075,30234,30261,1016,31277,435
2021-04-12,Modoc,049,8938,366,352,122,474,3
2021-04-12,Mono,051,14174,1240,1251,17,1268,3
2021-04-12,Monterey,053,433212,42775,42555,1827,44382,346
2021-04-12,Napa,055,140530,9646,9603,34,9637,80
2021-04-12,Nevada,057,99092,4476,4408,184,4592,69
2021-04-12,Orange,059,3164182,252827,251350,10992,262342,4826
2021-04-12,Placer,061,380077,22177,21475,1357,22832,278
2021-04-12,Plumas,063,18699,675,666,10,676,4
2021-04-12,Riverside,065,2383286,291171,285361,13823,299184,4336
2021-04-12,Sacramento,067,1510023,101191,100394,1532,101926,1566
2021-04-12,San Benito,069,59416,5962,5942,110,6052,62
2021-04-12,San Bernardino,071,2135413,290623,288736,8843,297579,4493
2021-04-12,San Diego,073,3302833,274355,273431,14007,287438,3621
2021-04-12,San Francisco,075,870044,35827,35841,1237,37078,506
2021-04-12,San Joaquin,077,732212,70850,69968,3343,73311,1288
2021-04-12,San Luis Obispo,079,281455,20846,20515,652,21167,253
2021-04-12,San Mateo,081,765935,41402,40920,439,41359,353
2021-04-12,Santa Barbara,083,443738,33751,33606,1174,34780,444
2021-04-12,Santa Clara,085,1922200,115976,116252,689,116941,1923
2021-04-12,Santa Cruz,087,273765,15969,15406,807,16213,203
2021-04-12,Shasta,089,179085,11544,11509,1401,12910,189
2021-04-12,Sierra,091,2930,55,51,12,63,0
2021-04-12,Siskiyou,093,43540,1607,1511,278,1789,7
2021-04-12,Solano,095,438530,31457,31305,443,31748,238
2021-04-12,Sonoma,097,501317,29420,29500,298,29798,310
2021-04-12,Stanislaus,099,539301,54085,53722,5711,59433,707
2021-04-12,Sutter,101,95872,9255,9221,82,9303,106
2021-04-12,Tehama,103,63373,4883,4834,535,5369,52
2021-04-12,Trinity,105,12862,482,324,85,409,3
2021-04-12,Tulare,107,460477,49524,48495,8739,57234,824
2021-04-12,Tuolumne,109,53932,3934,3993,37,4030,57
2021-04-12,Ventura,111,848112,80390,79818,2924,82742,985
2021-04-12,Yolo,113,214977,13514,13510,261,13771,198
2021-04-12,Yuba,115,75493,5810,5773,116,5889,43
2021-04-11,Alameda,001,1643700,85118,84756,1857,86613,1238
2021-04-11,Alpine,003,1148,85,85,0,85,0
2021-04-11,Amador,005,37829,3622,3605,33,3638,46
2021-04-11,Butte,007,227075,11834,11487,1698,13185,193
2021-04-11,Calaveras,009,45235,2038,2036,12,2048,50
2021-04-11,Colusa,011,21464,1905,1904,279,2183,14
2021-04-11,Contra Costa,013,1133247,66925,66107,1181,67288,777
2021-04-11,Del Norte,015,27424,1253,1214,11,1225,6
2021-04-11,El Dorado,017,186661,9685,9575,653,10228,106
2021-04-11,Fresno,019,978130,100758,100230,8421,108651,1633
2021-04-11,Glenn,021,27897,2371,2348,539,2887,17
2021-04-11,Humboldt,023,135768,3555,3523,25,3548,35
2021-04-11,Imperial,025,180216,27972,27841,2787,30628,717
2021-04-11,Inyo,027,18085,1391,1390,10,1400,36
2021-04-11,Kern,029,883053,95927,94830,10471,105301,1283
2021-04-11,Kings,031,150075,22867,22618,1051,23669,241
2021-04-11,Lake,033,64148,3411,3377,9,3386,43
2021-04-11,Lassen,035,31185,5157,5147,105,5252,1
2021-04-11,Los Angeles,037,10098052,1193556,1185757,40966,1226723,23503
2021-04-11,Madera,039,155013,16316,16166,911,17077,231
2021-04-11,Marin,041,260295,13801,13741,230,13971,226
2021-04-11,Mariposa,043,17540,403,394,6,400,5
2021-04-11,Mendocino,045,87422,3784,3696,73,3769,46
2021-04-11,Merced,047,269075,30196,30249,1015,31264,435
2021-04-11,Modoc,049,8938,365,352,120,472,3
2021-04-11,Mono,051,14174,1239,1250,17,1267,3
2021-04-11,Monterey,053,433212,42768,42547,1820,44367,346
2021-04-11,Napa,055,140530,9635,9592,34,9626,80
2021-04-11,Nevada,057,99092,4462,4394,184,4578,69
2021-04-11,Orange,059,3164182,252700,251233,10981,262214,4826
2021-04-11,Placer,061,380077,22119,21458,1352,22810,278
2021-04-11,Plumas,063,18699,675,666,10,676,4
2021-04-11,Riverside,065,2383286,291038,285269,13813,299082,4336
2021-04-11,Sacramento,067,1510023,101021,100296,1520,101816,1566
2021-04-11,San Benito,069,59416,5954,5941,109,6050,62
2021-04-11,San Bernardino,071,2135413,290514,288686,8837,297523,4492
2021-04-11,San Diego,073,3302833,274057,273287,13948,287235,3621
2021-04-11,San Francisco,075,870044,35791,35815,1234,37049,498
2021-04-11,San Joaquin,077,732212,70764,69939,3332,73271,1288
2021-04-11,San Luis Obispo,079,281455,20820,20501,649,21150,253
2021-04-11,San Mateo,081,765935,41344,40901,438,41339,353
2021-04-11,Santa Barbara,083,443738,33716,33591,1173,34764,444
2021-04-11,Santa Clara,085,1922200,115840,116161,686,116847,1923
2021-04-11,Santa Cruz,087,273765,15957,15382,807,16189,203
2021-04-11,Shasta,089,179085,11500,11504,1400,12904,189
2021-04-11,Sierra,091,2930,55,51,12,63,0
2021-04-11,Siskiyou,093,43540,1600,1509,275,1784,7
2021-04-11,Solano,095,438530,31404,31268,439,31707,238
2021-04-11,Sonoma,097,501317,29394,29496,294,29790,310
2021-04-11,Stanislaus,099,539301,54002,53683,5702,59385,707
2021-04-11,Sutter,101,95872,9246,9222,82,9304,106
2021-04-11,Tehama,103,63373,4880,4832,533,5365,52
2021-04-11,Trinity,105,12862,482,324,85,409,3
2021-04-11,Tulare,107,460477,49510,48479,8732,57211,824
2021-04-11,Tuolumne,109,53932,3932,3993,37,4030,57
2021-04-11,Ventura,111,848112,80342,79800,2918,82718,985
2021-04-11,Yolo,113,214977,13494,13496,259,13755,198
2021-04-11,Yuba,115,75493,5800,5768,116,5884,43
2021-04-10,Alameda,001,1643700,85054,84626,1857,86483,1238
2021-04-10,Alpine,003,1148,85,85,0,85,0
2021-04-10,Amador,005,37829,3620,3603,33,3636,46
2021-04-10,Butte,007,227075,11823,11482,1697,13179,193
2021-04-10,Calaveras,009,45235,2036,2032,12,2044,50
2021-04-10,Colusa,011,21464,1905,1902,279,2181,14
2021-04-10,Contra Costa,013,1133247,66864,66001,1178,67179,778
2021-04-10,Del Norte,015,27424,1250,1212,11,1223,6
2021-04-10,El Dorado,017,186661,9673,9549,650,10199,106
2021-04-10,Fresno,019,978130,100725,100135,8414,108549,1633
2021-04-10,Glenn,021,27897,2371,2343,539,2882,17
2021-04-10,Humboldt,023,135768,3545,3508,25,3533,35
2021-04-10,Imperial,025,180216,27958,27816,2787,30603,717
2021-04-10,Inyo,027,18085,1391,1387,10,1397,36
2021-04-10,Kern,029,883053,95913,94802,10465,105267,1284
2021-04-10,Kings,031,150075,22863,22614,1049,23663,241
2021-04-10,Lake,033,64148,3406,3368,9,3377,43
2021-04-10,Lassen,035,31185,5157,5146,104,5250,1
2021-04-10,Los Angeles,037,10098052,1193283,1185246,40948,1226194,23493
2021-04-10,Madera,039,155013,16308,16143,910,17053,231
2021-04-10,Marin,041,260295,13796,13731,230,13961,226
2021-04-10,Mariposa,043,17540,400,393,6,399,5
2021-04-10,Mendocino,045,87422,3782,3696,73,3769,46
2021-04-10,Merced,047,269075,30176,30225,1014,31239,435
2021-04-10,Modoc,049,8938,365,352,120,472,3
2021-04-10,Mono,051,14174,1239,1249,17,1266,3
2021-04-10,Monterey,053,433212,42757,42527,1819,44346,346
2021-04-10,Napa,055,140530,9628,9569,34,9603,79
2021-04-10,Nevada,057,99092,4455,4379,184,4563,69
2021-04-10,Orange,059,3164182,252607,251139,10974,262113,4818
2021-04-10,Placer,061,380077,22088,21402,1346,22748,278
2021-04-10,Plumas,063,18699,675,666,10,676,4
2021-04-10,Riverside,065,2383286,290958,285082,13805,298887,4336
2021-04-10,Sacramento,067,1510023,100918,100048,1518,101566,1566
2021-04-10,San Benito,069,59416,5943,5932,108,6040,62
2021-04-10,San Bernardino,071,2135413,290450,288590,8830,297420,4489
2021-04-10,San Diego,073,3302833,273841,273058,13929,286987,3613
2021-04-10,San Francisco,075,870044,35761,35774,1231,37005,498
2021-04-10,San Joaquin,077,732212,70729,69852,3322,73174,1288
2021-04-10,San Luis Obispo,079,281455,20804,20461,648,21109,253
2021-04-10,San Mateo,081,765935,41311,40878,438,41316,350
2021-04-10,Santa Barbara,083,443738,33688,33541,1171,34712,444
2021-04-10,Santa Clara,085,1922200,115744,116015,685,116700,1923
2021-04-10,Santa Cruz,087,273765,15951,15360,807,16167,203
2021-04-10,Shasta,089,179085,11491,11492,1397,12889,189
2021-04-10,Sierra,091,2930,55,51,12,63,0
2021-04-10,Siskiyou,093,43540,1597,1512,275,1787,7
2021-04-10,Solano,095,438530,31370,31218,435,31653,238
2021-04-10,Sonoma,097,501317,29379,29469,294,29763,310
2021-04-10,Stanislaus,099,539301,53967,53596,5696,59292,707
2021-04-10,Sutter,101,95872,9244,9214,82,9296,106
2021-04-10,Tehama,103,63373,4878,4820,531,5351,52
2021-04-10,Trinity,105,12862,482,324,85,409,3
2021-04-10,Tulare,107,460477,49501,48470,8726,57196,824
2021-04-10,Tuolumne,109,53932,3929,3991,37,4028,57
2021-04-10,Ventura,111,848112,80314,79758,2916,82674,985
2021-04-10,Yolo,113,214977,13486,13494,258,13752,198
2021-04-10,Yuba,115,75493,5797,5757,115,5872,43
2021-04-09,Alameda,001,1643700,84987,84404,1849,86253,1237
2021-04-09,Alpine,003,1148,85,85,0,85,0
2021-04-09,Amador,005,37829,3619,3600,33,3633,46
2021-04-09,Butte,007,227075,11813,11454,1696,13150,193
2021-04-09,Calaveras,009,45235,2035,2028,12,2040,50
2021-04-09,Colusa,011,21464,1905,1898,279,2177,14
2021-04-09,Contra Costa,013,1133247,66771,65857,1172,67029,777
2021-04-09,Del Norte,015,27424,1249,1207,11,1218,6
2021-04-09,El Dorado,017,186661,9650,9528,646,10174,106
2021-04-09,Fresno,019,978130,100691,100027,8409,108436,1630
2021-04-09,Glenn,021,27897,2371,2337,539,2876,17
2021-04-09,Humboldt,023,135768,3536,3496,25,3521,35
2021-04-09,Imperial,025,180216,27943,27764,2785,30549,717
2021-04-09,Inyo,027,18085,1390,1386,10,1396,36
2021-04-09,Kern,029,883053,95875,94675,10463,105138,1282
2021-04-09,Kings,031,150075,22854,22595,1046,23641,242
2021-04-09,Lake,033,64148,3402,3362,9,3371,43
2021-04-09,Lassen,035,31185,5157,5140,104,5244,1
2021-04-09,Los Angeles,037,10098052,1192913,1184501,40919,1225420,23458
2021-04-09,Madera,039,155013,16305,16118,910,17028,231
2021-04-09,Marin,041,260295,13789,13721,230,13951,226
2021-04-09,Mariposa,043,17540,400,393,6,399,5
2021-04-09,Mendocino,045,87422,3780,3693,73,3766,46
2021-04-09,Merced,047,269075,30147,30179,1013,31192,435
2021-04-09,Modoc,049,8938,364,352,120,472,3
2021-04-09,Mono,051,14174,1239,1247,17,1264,3
2021-04-09,Monterey,053,433212,42748,42481,1815,44296,344
2021-04-09,Napa,055,140530,9609,9574,34,9608,80
2021-04-09,Nevada,057,99092,4447,4373,184,4557,69
2021-04-09,Orange,059,3164182,252533,250852,10969,261821,4813
2021-04-09,Placer,061,380077,22057,21327,1338,22665,278
2021-04-09,Plumas,063,18699,674,666,10,676,4
2021-04-09,Riverside,065,2383286,290875,284562,13799,298361,4325
2021-04-09,Sacramento,067,1510023,100763,99722,1512,101234,1564
2021-04-09,San Benito,069,59416,5938,5925,107,6032,62
2021-04-09,San Bernardino,071,2135413,290381,288000,8827,296827,4467
2021-04-09,San Diego,073,3302833,273643,272697,13887,286584,3600
2021-04-09,San Francisco,075,870044,35720,35716,1226,36942,497
2021-04-09,San Joaquin,077,732212,70665,69675,3310,72985,1281
2021-04-09,San Luis Obispo,079,281455,20789,20427,648,21075,252
2021-04-09,San Mateo,081,765935,41275,40800,437,41237,350
2021-04-09,Santa Barbara,083,443738,33665,33424,1168,34592,444
2021-04-09,Santa Clara,085,1922200,115660,115749,683,116432,1923
2021-04-09,Santa Cruz,087,273765,15946,15331,807,16138,203
2021-04-09,Shasta,089,179085,11481,11478,1394,12872,188
2021-04-09,Sierra,091,2930,55,51,12,63,0
2021-04-09,Siskiyou,093,43540,1594,1510,274,1784,7
2021-04-09,Solano,095,438530,31337,31166,430,31596,238
2021-04-09,Sonoma,097,501317,29366,29433,294,29727,310
2021-04-09,Stanislaus,099,539301,53912,53504,5687,59191,705
2021-04-09,Sutter,101,95872,9237,9201,82,9283,106
2021-04-09,Tehama,103,63373,4872,4806,531,5337,52
2021-04-09,Trinity,105,12862,481,324,85,409,3
2021-04-09,Tulare,107,460477,49497,48430,8720,57150,824
2021-04-09,Tuolumne,109,53932,3928,3986,37,4023,57
2021-04-09,Ventura,111,848112,80286,79698,2916,82614,987
2021-04-09,Yolo,113,214977,13475,13478,256,13734,198
2021-04-09,Yuba,115,75493,5790,5754,115,5869,43
2021-04-08,Alameda,001,1643700,84881,84213,1846,86059,1232
2021-04-08,Alpine,003,1148,85,85,0,85,0
2021-04-08,Amador,005,37829,3615,3595,33,3628,46
2021-04-08,Butte,007,227075,11802,11414,1695,13109,193
2021-04-08,Calaveras,009,45235,2033,2027,12,2039,50
2021-04-08,Colusa,011,21464,1904,1897,279,2176,14
2021-04-08,Contra Costa,013,1133247,66661,65706,1169,66875,775
2021-04-08,Del Norte,015,27424,1243,1201,11,1212,6
2021-04-08,El Dorado,017,186661,9634,9513,641,10154,106
2021-04-08,Fresno,019,978130,100627,99935,8402,108337,1627
2021-04-08,Glenn,021,27897,2370,2337,539,2876,17
2021-04-08,Humboldt,023,135768,3526,3486,25,3511,35
2021-04-08,Imperial,025,180216,27915,27744,2780,30524,713
2021-04-08,Inyo,027,18085,1389,1386,10,1396,36
2021-04-08,Kern,029,883053,95829,94493,10450,104943,1281
2021-04-08,Kings,031,150075,22847,22589,1044,23633,243
2021-04-08,Lake,033,64148,3395,3360,9,3369,43
2021-04-08,Lassen,035,31185,5156,5136,104,5240,1
2021-04-08,Los Angeles,037,10098052,1192416,1184443,40881,1225324,23416
2021-04-08,Madera,039,155013,16293,16103,910,17013,231
2021-04-08,Marin,041,260295,13782,13704,230,13934,226
2021-04-08,Mariposa,043,17540,399,393,6,399,5
2021-04-08,Mendocino,045,87422,3778,3690,73,3763,45
2021-04-08,Merced,047,269075,30125,30163,1013,31176,430
2021-04-08,Modoc,049,8938,364,352,120,472,3
2021-04-08,Mono,051,14174,1237,1247,17,1264,3
2021-04-08,Monterey,053,433212,42726,42437,1810,44247,342
2021-04-08,Napa,055,140530,9592,9569,34,9603,80
2021-04-08,Nevada,057,99092,4436,4367,184,4551,69
2021-04-08,Orange,059,3164182,252423,250529,10954,261483,4797
2021-04-08,Placer,061,380077,22016,21258,1329,22587,277
2021-04-08,Plumas,063,18699,674,665,10,675,4
2021-04-08,Riverside,065,2383286,290761,283853,13794,297647,4296
2021-04-08,Sacramento,067,1510023,100623,99319,1501,100820,1561
2021-04-08,San Benito,069,59416,5935,5914,105,6019,62
2021-04-08,San Bernardino,071,2135413,290283,287190,8824,296014,4445
2021-04-08,San Diego,073,3302833,273413,272495,13851,286346,3592
2021-04-08,San Francisco,075,870044,35697,35657,1225,36882,494
2021-04-08,San Joaquin,077,732212,70593,69479,3304,72783,1279
2021-04-08,San Luis Obispo,079,281455,20770,20402,646,21048,252
2021-04-08,San Mateo,081,765935,41235,40749,437,41186,350
2021-04-08,Santa Barbara,083,443738,33641,33309,1167,34476,444
2021-04-08,Santa Clara,085,1922200,115554,115487,682,116169,1905
2021-04-08,Santa Cruz,087,273765,15939,15296,807,16103,203
2021-04-08,Shasta,089,179085,11471,11466,1390,12856,186
2021-04-08,Sierra,091,2930,55,51,12,63,0
2021-04-08,Siskiyou,093,43540,1591,1511,274,1785,7
2021-04-08,Solano,095,438530,31288,31120,430,31550,238
2021-04-08,Sonoma,097,501317,29346,29410,293,29703,310
2021-04-08,Stanislaus,099,539301,53835,53401,5677,59078,706
2021-04-08,Sutter,101,95872,9233,9195,82,9277,106
2021-04-08,Tehama,103,63373,4868,4802,531,5333,52
2021-04-08,Trinity,105,12862,481,324,85,409,3
2021-04-08,Tulare,107,460477,49484,48409,8710,57119,821
2021-04-08,Tuolumne,109,53932,3928,3986,37,4023,57
2021-04-08,Ventura,111,848112,80249,79626,2912,82538,986
2021-04-08,Yolo,113,214977,13466,13468,255,13723,198
2021-04-08,Yuba,115,75493,5786,5743,115,5858,43
2021-04-07,Alameda,001,1643700,84797,84130,1844,85974,1224
2021-04-07,Alpine,003,1148,85,85,0,85,0
2021-04-07,Amador,005,37829,3612,3590,33,3623,46
2021-04-07,Butte,007,227075,11798,11405,1692,13097,193
2021-04-07,Calaveras,009,45235,2032,2022,12,2034,50
2021-04-07,Colusa,011,21464,1900,1894,278,2172,14
2021-04-07,Contra Costa,013,1133247,66575,65619,1168,66787,775
2021-04-07,Del Norte,015,27424,1241,1198,11,1209,6
2021-04-07,El Dorado,017,186661,9613,9500,636,10136,106
2021-04-07,Fresno,019,978130,100562,99865,8391,108256,1627
2021-04-07,Glenn,021,27897,2368,2337,538,2875,17
2021-04-07,Humboldt,023,135768,3513,3484,25,3509,35
2021-04-07,Imperial,025,180216,27891,27704,2773,30477,713
2021-04-07,Inyo,027,18085,1388,1386,10,1396,36
2021-04-07,Kern,029,883053,95793,94456,10435,104891,1275
2021-04-07,Kings,031,150075,22845,22589,1044,23633,243
2021-04-07,Lake,033,64148,3393,3358,9,3367,43
2021-04-07,Lassen,035,31185,5156,5137,104,5241,1
2021-04-07,Los Angeles,037,10098052,1191981,1183862,40859,1224721,23372
2021-04-07,Madera,039,155013,16274,16090,909,16999,231
2021-04-07,Marin,041,260295,13771,13688,228,13916,225
2021-04-07,Mariposa,043,17540,398,391,6,397,5
2021-04-07,Mendocino,045,87422,3777,3691,73,3764,45
2021-04-07,Merced,047,269075,30102,30132,1008,31140,430
2021-04-07,Modoc,049,8938,364,351,120,471,3
2021-04-07,Mono,051,14174,1237,1246,17,1263,3
2021-04-07,Monterey,053,433212,42708,42427,1809,44236,341
2021-04-07,Napa,055,140530,9578,9556,34,9590,80
2021-04-07,Nevada,057,99092,4430,4364,184,4548,69
2021-04-07,Orange,059,3164182,252299,250378,10931,261309,4778
2021-04-07,Placer,061,380077,21971,21227,1321,22548,276
2021-04-07,Plumas,063,18699,674,665,10,675,4
2021-04-07,Riverside,065,2383286,290641,283749,13784,297533,4285
2021-04-07,Sacramento,067,1510023,100455,99202,1495,100697,1544
2021-04-07,San Benito,069,59416,5930,5912,104,6016,62
2021-04-07,San Bernardino,071,2135413,290165,286978,8819,295797,4433
2021-04-07,San Diego,073,3302833,273187,272195,13822,286017,3588
2021-04-07,San Francisco,075,870044,35657,35618,1221,36839,493
2021-04-07,San Joaquin,077,732212,70523,69375,3299,72674,1278
2021-04-07,San Luis Obispo,079,281455,20744,20373,643,21016,252
2021-04-07,San Mateo,081,765935,41191,40693,437,41130,350
2021-04-07,Santa Barbara,083,443738,33615,33289,1164,34453,444
2021-04-07,Santa Clara,085,1922200,115422,115311,680,115991,1900
2021-04-07,Santa Cruz,087,273765,15928,15275,807,16082,203
2021-04-07,Shasta,089,179085,11459,11456,1385,12841,184
2021-04-07,Sierra,091,2930,55,51,12,63,0
2021-04-07,Siskiyou,093,43540,1585,1512,273,1785,7
2021-04-07,Solano,095,438530,31237,31097,429,31526,238
2021-04-07,Sonoma,097,501317,29328,29394,292,29686,310
2021-04-07,Stanislaus,099,539301,53766,53344,5667,59011,686
2021-04-07,Sutter,101,95872,9230,9188,82,9270,106
2021-04-07,Tehama,103,63373,4860,4802,529,5331,52
2021-04-07,Trinity,105,12862,481,322,85,407,3
2021-04-07,Tulare,107,460477,49469,48386,8699,57085,820
2021-04-07,Tuolumne,109,53932,3926,3982,37,4019,57
2021-04-07,Ventura,111,848112,80215,79595,2910,82505,986
2021-04-07,Yolo,113,214977,13451,13450,253,13703,198
2021-04-07,Yuba,115,75493,5782,5737,115,5852,43
2021-04-06,Alameda,001,1643700,84684,84091,1840,85931,1223
2021-04-06,Alpine,003,1148,85,85,0,85,0
2021-04-06,Amador,005,37829,3611,3587,33,3620,45
2021-04-06,Butte,007,227075,11783,11396,1690,13086,193
2021-04-06,Calaveras,009,45235,2028,2021,12,2033,50
2021-04-06,Colusa,011,21464,1898,1894,276,2170,14
2021-04-06,Contra Costa,013,1133247,66497,65575,1167,66742,774
2021-04-06,Del Norte,015,27424,1236,1197,11,1208,6
2021-04-06,El Dorado,017,186661,9583,9489,634,10123,106
2021-04-06,Fresno,019,978130,100498,99814,8385,108199,1626
2021-04-06,Glenn,021,27897,2367,2335,537,2872,17
2021-04-06,Humboldt,023,135768,3504,3477,25,3502,35
2021-04-06,Imperial,025,180216,27857,27661,2763,30424,713
2021-04-06,Inyo,027,18085,1388,1379,10,1389,36
2021-04-06,Kern,029,883053,95749,94422,10429,104851,1259
2021-04-06,Kings,031,150075,22839,22587,1044,23631,240
2021-04-06,Lake,033,64148,3390,3358,9,3367,43
2021-04-06,Lassen,035,31185,5154,5137,104,5241,1
2021-04-06,Los Angeles,037,10098052,1191470,1183499,40819,1224318,23323
2021-04-06,Madera,039,155013,16254,16085,904,16989,230
2021-04-06,Marin,041,260295,13762,13675,225,13900,224
2021-04-06,Mariposa,043,17540,398,390,6,396,5
2021-04-06,Mendocino,045,87422,3775,3686,73,3759,45
2021-04-06,Merced,047,269075,30073,30100,1003,31103,430
2021-04-06,Modoc,049,8938,363,351,120,471,3
2021-04-06,Mono,051,14174,1237,1246,17,1263,3
2021-04-06,Monterey,053,433212,42699,42412,1808,44220,341
2021-04-06,Napa,055,140530,9559,9509,34,9543,78
2021-04-06,Nevada,057,99092,4420,4356,182,4538,69
2021-04-06,Orange,059,3164182,252190,250304,10917,261221,4771
2021-04-06,Placer,061,380077,21923,21184,1319,22503,276
2021-04-06,Plumas,063,18699,674,665,10,675,4
2021-04-06,Riverside,065,2383286,290460,283622,13773,297395,4264
2021-04-06,Sacramento,067,1510023,100246,99110,1488,100598,1537
2021-04-06,San Benito,069,59416,5921,5907,104,6011,62
2021-04-06,San Bernardino,071,2135413,290051,286792,8809,295601,4428
2021-04-06,San Diego,073,3302833,272925,271867,13794,285661,3585
2021-04-06,San Francisco,075,870044,35614,35572,1221,36793,488
2021-04-06,San Joaquin,077,732212,70440,69316,3287,72603,1278
2021-04-06,San Luis Obispo,079,281455,20722,20350,640,20990,252
2021-04-06,San Mateo,081,765935,41143,40649,436,41085,350
2021-04-06,Santa Barbara,083,443738,33597,33257,1163,34420,443
2021-04-06,Santa Clara,085,1922200,115251,115184,679,115863,1900
2021-04-06,Santa Cruz,087,273765,15918,15252,807,16059,203
2021-04-06,Shasta,089,179085,11438,11443,1383,12826,184
2021-04-06,Sierra,091,2930,55,51,12,63,0
2021-04-06,Siskiyou,093,43540,1581,1510,272,1782,7
2021-04-06,Solano,095,438530,31190,31078,428,31506,237
2021-04-06,Sonoma,097,501317,29303,29386,290,29676,311
2021-04-06,Stanislaus,099,539301,53709,53304,5661,58965,686
2021-04-06,Sutter,101,95872,9220,9179,82,9261,106
2021-04-06,Tehama,103,63373,4851,4798,529,5327,52
2021-04-06,Trinity,105,12862,481,321,85,406,3
2021-04-06,Tulare,107,460477,49426,48372,8695,57067,819
2021-04-06,Tuolumne,109,53932,3926,3981,37,4018,57
2021-04-06,Ventura,111,848112,80178,79556,2908,82464,983
2021-04-06,Yolo,113,214977,13438,13443,252,13695,198
2021-04-06,Yuba,115,75493,5778,5733,114,5847,43
2021-04-05,Alameda,001,1643700,84568,84007,1836,85843,1219
2021-04-05,Alpine,003,1148,85,85,0,85,0
2021-04-05,Amador,005,37829,3608,3584,33,3617,45
2021-04-05,Butte,007,227075,11768,11384,1689,13073,193
2021-04-05,Calaveras,009,45235,2026,2019,12,2031,50
2021-04-05,Colusa,011,21464,1898,1894,275,2169,14
2021-04-05,Contra Costa,013,1133247,66431,65457,1165,66622,774
2021-04-05,Del Norte,015,27424,1234,1189,11,1200,6
2021-04-05,El Dorado,017,186661,9568,9463,634,10097,106
2021-04-05,Fresno,019,978130,100410,99755,8377,108132,1622
2021-04-05,Glenn,021,27897,2365,2335,537,2872,17
2021-04-05,Humboldt,023,135768,3495,3475,25,3500,35
2021-04-05,Imperial,025,180216,27825,27604,2756,30360,710
2021-04-05,Inyo,027,18085,1385,1377,10,1387,36
2021-04-05,Kern,029,883053,95694,94401,10404,104805,1249
2021-04-05,Kings,031,150075,22835,22580,1044,23624,239
2021-04-05,Lake,033,64148,3382,3359,9,3368,43
2021-04-05,Lassen,035,31185,5154,5138,103,5241,1
2021-04-05,Los Angeles,037,10098052,1190936,1183200,40768,1223968,23302
2021-04-05,Madera,039,155013,16240,16065,903,16968,230
2021-04-05,Marin,041,260295,13748,13666,221,13887,221
2021-04-05,Mariposa,043,17540,398,390,6,396,5
2021-04-05,Mendocino,045,87422,3773,3687,73,3760,45
2021-04-05,Merced,047,269075,30047,30068,1001,31069,427
2021-04-05,Modoc,049,8938,361,346,120,466,3
2021-04-05,Mono,051,14174,1237,1246,17,1263,3
2021-04-05,Monterey,053,433212,42686,42396,1804,44200,341
2021-04-05,Napa,055,140530,9536,9492,34,9526,78
2021-04-05,Nevada,057,99092,4409,4346,182,4528,69
2021-04-05,Orange,059,3164182,252075,250177,10893,261070,4759
2021-04-05,Placer,061,380077,21877,21133,1312,22445,276
2021-04-05,Plumas,063,18699,674,666,10,676,4
2021-04-05,Riverside,065,2383286,290323,283549,13761,297310,4237
2021-04-05,Sacramento,067,1510023,100084,98908,1480,100388,1533
2021-04-05,San Benito,069,59416,5915,5904,104,6008,61
2021-04-05,San Bernardino,071,2135413,289941,286597,8806,295403,4425
2021-04-05,San Diego,073,3302833,272676,271655,13753,285408,3583
2021-04-05,San Francisco,075,870044,35583,35538,1221,36759,488
2021-04-05,San Joaquin,077,732212,70351,69214,3278,72492,1268
2021-04-05,San Luis Obispo,079,281455,20685,20333,640,20973,252
2021-04-05,San Mateo,081,765935,41099,40609,435,41044,350
2021-04-05,Santa Barbara,083,443738,33562,33235,1163,34398,443
2021-04-05,Santa Clara,085,1922200,115084,115091,676,115767,1893
2021-04-05,Santa Cruz,087,273765,15911,15228,807,16035,201
2021-04-05,Shasta,089,179085,11417,11435,1380,12815,184
2021-04-05,Sierra,091,2930,55,50,12,62,0
2021-04-05,Siskiyou,093,43540,1578,1509,270,1779,7
2021-04-05,Solano,095,438530,31149,31026,426,31452,237
2021-04-05,Sonoma,097,501317,29271,29361,288,29649,311
2021-04-05,Stanislaus,099,539301,53629,53238,5659,58897,686
2021-04-05,Sutter,101,95872,9213,9169,82,9251,106
2021-04-05,Tehama,103,63373,4845,4794,529,5323,52
2021-04-05,Trinity,105,12862,480,321,85,406,3
2021-04-05,Tulare,107,460477,49414,48356,8688,57044,818
2021-04-05,Tuolumne,109,53932,3925,3980,37,4017,57
2021-04-05,Ventura,111,848112,80147,79549,2905,82454,983
2021-04-05,Yolo,113,214977,13424,13427,251,13678,198
2021-04-05,Yuba,115,75493,5773,5728,113,5841,43
2021-04-04,Alameda,001,1643700,84450,83951,1832,85783,1219
2021-04-04,Alpine,003,1148,85,85,0,85,0
2021-04-04,Amador,005,37829,3602,3582,33,3615,45
2021-04-04,Butte,007,227075,11753,11375,1688,13063,193
2021-04-04,Calaveras,009,45235,2022,2020,12,2032,50
2021-04-04,Colusa,011,21464,1897,1893,275,2168,14
2021-04-04,Contra Costa,013,1133247,66325,65408,1160,66568,774
2021-04-04,Del Norte,015,27424,1226,1186,11,1197,6
2021-04-04,El Dorado,017,186661,9549,9455,630,10085,106
2021-04-04,Fresno,019,978130,100336,99702,8364,108066,1622
2021-04-04,Glenn,021,27897,2362,2335,536,2871,17
2021-04-04,Humboldt,023,135768,3484,3472,25,3497,35
2021-04-04,Imperial,025,180216,27769,27588,2752,30340,710
2021-04-04,Inyo,027,18085,1381,1377,10,1387,36
2021-04-04,Kern,029,883053,95650,94388,10383,104771,1247
2021-04-04,Kings,031,150075,22833,22580,1043,23623,239
2021-04-04,Lake,033,64148,3376,3355,8,3363,43
2021-04-04,Lassen,035,31185,5152,5138,103,5241,1
2021-04-04,Los Angeles,037,10098052,1190392,1182872,40723,1223595,23301
2021-04-04,Madera,039,155013,16214,16052,899,16951,230
2021-04-04,Marin,041,260295,13735,13663,220,13883,221
2021-04-04,Mariposa,043,17540,398,390,6,396,5
2021-04-04,Mendocino,045,87422,3770,3684,73,3757,45
2021-04-04,Merced,047,269075,30004,30048,998,31046,427
2021-04-04,Modoc,049,8938,361,346,120,466,3
2021-04-04,Mono,051,14174,1236,1245,17,1262,3
2021-04-04,Monterey,053,433212,42669,42391,1803,44194,341
2021-04-04,Napa,055,140530,9524,9486,34,9520,78
2021-04-04,Nevada,057,99092,4397,4337,182,4519,69
2021-04-04,Orange,059,3164182,251941,250117,10877,260994,4759
2021-04-04,Placer,061,380077,21832,21104,1294,22398,276
2021-04-04,Plumas,063,18699,674,666,10,676,4
2021-04-04,Riverside,065,2383286,290197,283537,13757,297294,4237
2021-04-04,Sacramento,067,1510023,99885,98821,1470,100291,1531
2021-04-04,San Benito,069,59416,5905,5901,100,6001,61
2021-04-04,San Bernardino,071,2135413,289801,286561,8798,295359,4423
2021-04-04,San Diego,073,3302833,272364,271528,13712,285240,3583
2021-04-04,San Francisco,075,870044,35529,35525,1218,36743,488
2021-04-04,San Joaquin,077,732212,70250,69147,3266,72413,1268
2021-04-04,San Luis Obispo,079,281455,20653,20328,632,20960,252
2021-04-04,San Mateo,081,765935,41056,40587,432,41019,350
2021-04-04,Santa Barbara,083,443738,33526,33213,1163,34376,443
2021-04-04,Santa Clara,085,1922200,114918,114976,669,115645,1893
2021-04-04,Santa Cruz,087,273765,15902,15219,807,16026,201
2021-04-04,Shasta,089,179085,11391,11433,1379,12812,184
2021-04-04,Sierra,091,2930,55,50,12,62,0
2021-04-04,Siskiyou,093,43540,1575,1509,266,1775,7
2021-04-04,Solano,095,438530,31102,31002,424,31426,237
2021-04-04,Sonoma,097,501317,29239,29340,286,29626,311
2021-04-04,Stanislaus,099,539301,53536,53181,5651,58832,686
2021-04-04,Sutter,101,95872,9206,9164,82,9246,106
2021-04-04,Tehama,103,63373,4833,4792,528,5320,52
2021-04-04,Trinity,105,12862,478,321,85,406,3
2021-04-04,Tulare,107,460477,49399,48343,8680,57023,818
2021-04-04,Tuolumne,109,53932,3917,3980,37,4017,57
2021-04-04,Ventura,111,848112,80104,79526,2903,82429,983
2021-04-04,Yolo,113,214977,13403,13425,250,13675,198
2021-04-04,Yuba,115,75493,5766,5722,113,5835,43
2021-04-03,Alameda,001,1643700,84383,83861,1830,85691,1218
2021-04-03,Alpine,003,1148,85,85,0,85,0
2021-04-03,Amador,005,37829,3599,3577,33,3610,45
2021-04-03,Butte,007,227075,11749,11359,1684,13043,193
2021-04-03,Calaveras,009,45235,2020,2019,12,2031,50
2021-04-03,Colusa,011,21464,1897,1891,275,2166,14
2021-04-03,Contra Costa,013,1133247,66253,65338,1160,66498,774
2021-04-03,Del Norte,015,27424,1221,1183,11,1194,6
2021-04-03,El Dorado,017,186661,9540,9448,629,10077,106
2021-04-03,Fresno,019,978130,100279,99602,8358,107960,1622
2021-04-03,Glenn,021,27897,2362,2334,535,2869,17
2021-04-03,Humboldt,023,135768,3482,3467,25,3492,35
2021-04-03,Imperial,025,180216,27753,27572,2748,30320,710
2021-04-03,Inyo,027,18085,1380,1376,10,1386,36
2021-04-03,Kern,029,883053,95624,94369,10367,104736,1243
2021-04-03,Kings,031,150075,22831,22580,1043,23623,239
2021-04-03,Lake,033,64148,3375,3350,8,3358,43
2021-04-03,Lassen,035,31185,5151,5136,103,5239,1
2021-04-03,Los Angeles,037,10098052,1190089,1182402,40706,1223108,23301
2021-04-03,Madera,039,155013,16205,16051,897,16948,230
2021-04-03,Marin,041,260295,13727,13658,219,13877,221
2021-04-03,Mariposa,043,17540,398,390,5,395,5
2021-04-03,Mendocino,045,87422,3769,3684,73,3757,45
2021-04-03,Merced,047,269075,29989,30031,998,31029,427
2021-04-03,Modoc,049,8938,361,346,120,466,3
2021-04-03,Mono,051,14174,1236,1245,17,1262,3
2021-04-03,Monterey,053,433212,42656,42376,1801,44177,341
2021-04-03,Napa,055,140530,9515,9473,34,9507,78
2021-04-03,Nevada,057,99092,4393,4323,182,4505,69
2021-04-03,Orange,059,3164182,251861,249982,10859,260841,4755
2021-04-03,Placer,061,380077,21801,21060,1290,22350,276
2021-04-03,Plumas,063,18699,674,666,10,676,4
2021-04-03,Riverside,065,2383286,290119,283423,13754,297177,4237
2021-04-03,Sacramento,067,1510023,99777,98660,1464,100124,1531
2021-04-03,San Benito,069,59416,5902,5893,99,5992,61
2021-04-03,San Bernardino,071,2135413,289736,286473,8792,295265,4422
2021-04-03,San Diego,073,3302833,272195,271335,13695,285030,3571
2021-04-03,San Francisco,075,870044,35510,35488,1216,36704,489
2021-04-03,San Joaquin,077,732212,70209,69100,3250,72350,1268
2021-04-03,San Luis Obispo,079,281455,20634,20301,632,20933,252
2021-04-03,San Mateo,081,765935,41031,40560,432,40992,350
2021-04-03,Santa Barbara,083,443738,33500,33172,1162,34334,443
2021-04-03,Santa Clara,085,1922200,114810,114865,667,115532,1893
2021-04-03,Santa Cruz,087,273765,15895,15205,807,16012,201
2021-04-03,Shasta,089,179085,11383,11418,1379,12797,184
2021-04-03,Sierra,091,2930,55,50,12,62,0
2021-04-03,Siskiyou,093,43540,1574,1509,266,1775,7
2021-04-03,Solano,095,438530,31081,30970,421,31391,237
2021-04-03,Sonoma,097,501317,29223,29315,285,29600,311
2021-04-03,Stanislaus,099,539301,53501,53137,5645,58782,686
2021-04-03,Sutter,101,95872,9200,9158,82,9240,106
2021-04-03,Tehama,103,63373,4825,4788,528,5316,52
2021-04-03,Trinity,105,12862,478,321,85,406,3
2021-04-03,Tulare,107,460477,49389,48327,8676,57003,818
2021-04-03,Tuolumne,109,53932,3917,3980,37,4017,57
2021-04-03,Ventura,111,848112,80083,79489,2901,82390,983
2021-04-03,Yolo,113,214977,13397,13414,250,13664,198
2021-04-03,Yuba,115,75493,5760,5716,113,5829,43
2021-04-02,Alameda,001,1643700,84309,83776,1827,85603,1217
2021-04-02,Alpine,003,1148,85,85,0,85,0
2021-04-02,Amador,005,37829,3595,3573,32,3605,45
2021-04-02,Butte,007,227075,11741,11350,1684,13034,193
2021-04-02,Calaveras,009,45235,2018,2010,12,2022,50
2021-04-02,Colusa,011,21464,1897,1891,275,2166,14
2021-04-02,Contra Costa,013,1133247,66189,65299,1159,66458,774
2021-04-02,Del Norte,015,27424,1218,1174,11,1185,6
2021-04-02,El Dorado,017,186661,9527,9437,626,10063,106
2021-04-02,Fresno,019,978130,100225,99551,8347,107898,1620
2021-04-02,Glenn,021,27897,2362,2331,535,2866,17
2021-04-02,Humboldt,023,135768,3478,3465,25,3490,35
2021-04-02,Imperial,025,180216,27740,27553,2741,30294,710
2021-04-02,Inyo,027,18085,1380,1377,10,1387,36
2021-04-02,Kern,029,883053,95606,94348,10364,104712,1233
2021-04-02,Kings,031,150075,22831,22571,1040,23611,239
2021-04-02,Lake,033,64148,3373,3348,8,3356,43
2021-04-02,Lassen,035,31185,5151,5134,103,5237,1
2021-04-02,Los Angeles,037,10098052,1189780,1181682,40683,1222365,23264
2021-04-02,Madera,039,155013,16196,16036,896,16932,230
2021-04-02,Marin,041,260295,13719,13649,219,13868,221
2021-04-02,Mariposa,043,17540,396,390,5,395,5
2021-04-02,Mendocino,045,87422,3766,3682,73,3755,45
2021-04-02,Merced,047,269075,29964,29998,998,30996,426
2021-04-02,Modoc,049,8938,358,346,120,466,3
2021-04-02,Mono,051,14174,1236,1246,17,1263,3
2021-04-02,Monterey,053,433212,42646,42359,1798,44157,341
2021-04-02,Napa,055,140530,9500,9453,34,9487,78
2021-04-02,Nevada,057,99092,4389,4323,182,4505,69
2021-04-02,Orange,059,3164182,251765,249891,10846,260737,4748
2021-04-02,Placer,061,380077,21765,21035,1284,22319,275
2021-04-02,Plumas,063,18699,674,666,10,676,4
2021-04-02,Riverside,065,2383286,290033,283328,13745,297073,4213
2021-04-02,Sacramento,067,1510023,99670,98648,1457,100105,1527
2021-04-02,San Benito,069,59416,5900,5888,97,5985,61
2021-04-02,San Bernardino,071,2135413,289663,286308,8788,295096,4417
2021-04-02,San Diego,073,3302833,272009,271036,13669,284705,3568
2021-04-02,San Francisco,075,870044,35475,35451,1214,36665,488
2021-04-02,San Joaquin,077,732212,70144,68996,3235,72231,1268
2021-04-02,San Luis Obispo,079,281455,20617,20271,631,20902,252
2021-04-02,San Mateo,081,765935,40989,40514,432,40946,350
2021-04-02,Santa Barbara,083,443738,33472,33145,1162,34307,443
2021-04-02,Santa Clara,085,1922200,114699,114777,665,115442,1882
2021-04-02,Santa Cruz,087,273765,15887,15216,807,16023,202
2021-04-02,Shasta,089,179085,11378,11377,1371,12748,181
2021-04-02,Sierra,091,2930,55,50,12,62,0
2021-04-02,Siskiyou,093,43540,1574,1508,265,1773,7
2021-04-02,Solano,095,438530,31052,30951,418,31369,237
2021-04-02,Sonoma,097,501317,29202,29288,284,29572,311
2021-04-02,Stanislaus,099,539301,53456,53073,5639,58712,687
2021-04-02,Sutter,101,95872,9192,9131,82,9213,106
2021-04-02,Tehama,103,63373,4818,4775,527,5302,52
2021-04-02,Trinity,105,12862,478,320,85,405,3
2021-04-02,Tulare,107,460477,49383,48306,8670,56976,818
2021-04-02,Tuolumne,109,53932,3914,3980,37,4017,57
2021-04-02,Ventura,111,848112,80055,79434,2899,82333,982
2021-04-02,Yolo,113,214977,13387,13381,250,13631,197
2021-04-02,Yuba,115,75493,5756,5709,113,5822,44
2021-04-01,Alameda,001,1643700,84230,83574,1822,85396,1216
2021-04-01,Alpine,003,1148,85,85,0,85,0
2021-04-01,Amador,005,37829,3591,3558,32,3590,45
2021-04-01,Butte,007,227075,11723,11328,1682,13010,193
2021-04-01,Calaveras,009,45235,2014,2006,12,2018,50
2021-04-01,Colusa,011,21464,1894,1890,275,2165,14
2021-04-01,Contra Costa,013,1133247,66129,65176,1157,66333,771
2021-04-01,Del Norte,015,27424,1213,1138,11,1149,6
2021-04-01,El Dorado,017,186661,9518,9393,622,10015,106
2021-04-01,Fresno,019,978130,100171,99317,8339,107656,1616
2021-04-01,Glenn,021,27897,2362,2322,534,2856,17
2021-04-01,Humboldt,023,135768,3474,3464,25,3489,35
2021-04-01,Imperial,025,180216,27710,27520,2735,30255,710
2021-04-01,Inyo,027,18085,1379,1374,10,1384,36
2021-04-01,Kern,029,883053,95570,94244,10352,104596,1233
2021-04-01,Kings,031,150075,22824,22560,1039,23599,239
2021-04-01,Lake,033,64148,3368,3337,8,3345,43
2021-04-01,Lassen,035,31185,5150,5132,103,5235,1
2021-04-01,Los Angeles,037,10098052,1189288,1181101,40654,1221755,23220
2021-04-01,Madera,039,155013,16180,16023,896,16919,230
2021-04-01,Marin,041,260295,13709,13635,219,13854,221
2021-04-01,Mariposa,043,17540,394,389,5,394,5
2021-04-01,Mendocino,045,87422,3766,3680,73,3753,45
2021-04-01,Merced,047,269075,29930,29820,998,30818,425
2021-04-01,Modoc,049,8938,357,346,120,466,3
2021-04-01,Mono,051,14174,1236,1245,17,1262,3
2021-04-01,Monterey,053,433212,42638,42324,1796,44120,339
2021-04-01,Napa,055,140530,9488,9410,34,9444,78
2021-04-01,Nevada,057,99092,4379,4288,181,4469,68
2021-04-01,Orange,059,3164182,251645,249617,10829,260446,4742
2021-04-01,Placer,061,380077,21726,20909,1272,22181,274
2021-04-01,Plumas,063,18699,674,664,10,674,4
2021-04-01,Riverside,065,2383286,289928,283128,13742,296870,4193
2021-04-01,Sacramento,067,1510023,99526,97952,1443,99395,1521
2021-04-01,San Benito,069,59416,5892,5878,96,5974,61
2021-04-01,San Bernardino,071,2135413,289546,286086,8779,294865,4404
2021-04-01,San Diego,073,3302833,271785,270540,13639,284179,3555
2021-04-01,San Francisco,075,870044,35454,35386,1211,36597,488
2021-04-01,San Joaquin,077,732212,70062,68802,3227,72029,1262
2021-04-01,San Luis Obispo,079,281455,20588,20235,630,20865,252
2021-04-01,San Mateo,081,765935,40948,40454,432,40886,350
2021-04-01,Santa Barbara,083,443738,33426,33096,1157,34253,443
2021-04-01,Santa Clara,085,1922200,114586,114606,664,115270,1874
2021-04-01,Santa Cruz,087,273765,15872,15271,807,16078,202
2021-04-01,Shasta,089,179085,11363,11355,1366,12721,181
2021-04-01,Sierra,091,2930,55,50,12,62,0
2021-04-01,Siskiyou,093,43540,1572,1507,264,1771,7
2021-04-01,Solano,095,438530,31019,30850,415,31265,237
2021-04-01,Sonoma,097,501317,29171,29241,277,29518,311
2021-04-01,Stanislaus,099,539301,53393,52825,5633,58458,687
2021-04-01,Sutter,101,95872,9180,9105,82,9187,106
2021-04-01,Tehama,103,63373,4812,4764,524,5288,52
2021-04-01,Trinity,105,12862,478,319,85,404,3
2021-04-01,Tulare,107,460477,49360,48279,8660,56939,817
2021-04-01,Tuolumne,109,53932,3912,3978,37,4015,57
2021-04-01,Ventura,111,848112,80031,79369,2898,82267,977
2021-04-01,Yolo,113,214977,13374,13342,250,13592,197
2021-04-01,Yuba,115,75493,5751,5694,113,5807,44
2021-03-31,Alameda,001,1643700,84148,83475,1817,85292,1215
2021-03-31,Alpine,003,1148,85,85,0,85,0
2021-03-31,Amador,005,37829,3588,3556,32,3588,45
2021-03-31,Butte,007,227075,11713,11321,1679,13000,193
2021-03-31,Calaveras,009,45235,2012,2005,12,2017,50
2021-03-31,Colusa,011,21464,1894,1890,275,2165,14
2021-03-31,Contra Costa,013,1133247,66044,65109,1156,66265,769
2021-03-31,Del Norte,015,27424,1204,1129,11,1140,6
2021-03-31,El Dorado,017,186661,9501,9390,622,10012,106
2021-03-31,Fresno,019,978130,100078,99240,8322,107562,1616
2021-03-31,Glenn,021,27897,2358,2318,532,2850,17
2021-03-31,Humboldt,023,135768,3468,3460,25,3485,35
2021-03-31,Imperial,025,180216,27690,27506,2731,30237,710
2021-03-31,Inyo,027,18085,1376,1373,9,1382,35
2021-03-31,Kern,029,883053,95527,94205,10342,104547,1229
2021-03-31,Kings,031,150075,22821,22540,1039,23579,239
2021-03-31,Lake,033,64148,3364,3332,8,3340,43
2021-03-31,Lassen,035,31185,5146,5132,103,5235,1
2021-03-31,Los Angeles,037,10098052,1188820,1180538,40614,1221152,23171
2021-03-31,Madera,039,155013,16166,16015,895,16910,229
2021-03-31,Marin,041,260295,13698,13624,219,13843,221
2021-03-31,Mariposa,043,17540,394,389,5,394,5
2021-03-31,Mendocino,045,87422,3760,3675,73,3748,45
2021-03-31,Merced,047,269075,29901,29780,998,30778,423
2021-03-31,Modoc,049,8938,357,346,120,466,3
2021-03-31,Mono,051,14174,1236,1245,17,1262,3
2021-03-31,Monterey,053,433212,42621,42309,1794,44103,338
2021-03-31,Napa,055,140530,9470,9401,34,9435,78
2021-03-31,Nevada,057,99092,4373,4283,181,4464,68
2021-03-31,Orange,059,3164182,251534,249518,10814,260332,4731
2021-03-31,Placer,061,380077,21676,20885,1265,22150,271
2021-03-31,Plumas,063,18699,673,663,10,673,4
2021-03-31,Riverside,065,2383286,289826,283006,13732,296738,4171
2021-03-31,Sacramento,067,1510023,99351,97760,1436,99196,1519
2021-03-31,San Benito,069,59416,5882,5875,96,5971,61
2021-03-31,San Bernardino,071,2135413,289452,285916,8776,294692,4356
2021-03-31,San Diego,073,3302833,271554,270288,13604,283892,3555
2021-03-31,San Francisco,075,870044,35409,35347,1210,36557,474
2021-03-31,San Joaquin,077,732212,69973,68685,3211,71896,1259
2021-03-31,San Luis Obispo,079,281455,20567,20215,629,20844,251
2021-03-31,San Mateo,081,765935,40918,40423,432,40855,350
2021-03-31,Santa Barbara,083,443738,33394,33052,1155,34207,443
2021-03-31,Santa Clara,085,1922200,114459,114499,664,115163,1874
2021-03-31,Santa Cruz,087,273765,15859,15295,806,16101,201
2021-03-31,Shasta,089,179085,11351,11327,1358,12685,179
2021-03-31,Sierra,091,2930,55,50,12,62,0
2021-03-31,Siskiyou,093,43540,1571,1505,264,1769,7
2021-03-31,Solano,095,438530,30973,30824,414,31238,235
2021-03-31,Sonoma,097,501317,29144,29216,277,29493,311
2021-03-31,Stanislaus,099,539301,53325,52782,5621,58403,687
2021-03-31,Sutter,101,95872,9169,9111,82,9193,106
2021-03-31,Tehama,103,63373,4807,4762,521,5283,52
2021-03-31,Trinity,105,12862,478,319,85,404,3
2021-03-31,Tulare,107,460477,49340,48261,8644,56905,816
2021-03-31,Tuolumne,109,53932,3911,3976,37,4013,57
2021-03-31,Ventura,111,848112,79999,79326,2894,82220,969
2021-03-31,Yolo,113,214977,13357,13359,249,13608,197
2021-03-31,Yuba,115,75493,5744,5686,113,5799,44
2021-03-30,Alameda,001,1643700,84048,83395,1814,85209,1211
2021-03-30,Alpine,003,1148,85,85,0,85,0
2021-03-30,Amador,005,37829,3585,3551,32,3583,45
2021-03-30,Butte,007,227075,11701,11296,1676,12972,193
2021-03-30,Calaveras,009,45235,2008,1997,12,2009,50
2021-03-30,Colusa,011,21464,1893,1890,274,2164,14
2021-03-30,Contra Costa,013,1133247,65955,65041,1154,66195,767
2021-03-30,Del Norte,015,27424,1196,1118,10,1128,6
2021-03-30,El Dorado,017,186661,9482,9381,619,10000,105
2021-03-30,Fresno,019,978130,100013,99156,8309,107465,1609
2021-03-30,Glenn,021,27897,2358,2310,531,2841,17
2021-03-30,Humboldt,023,135768,3466,3461,25,3486,35
2021-03-30,Imperial,025,180216,27661,27471,2729,30200,706
2021-03-30,Inyo,027,18085,1376,1374,9,1383,35
2021-03-30,Kern,029,883053,95485,94151,10333,104484,1221
2021-03-30,Kings,031,150075,22817,22530,1037,23567,238
2021-03-30,Lake,033,64148,3358,3330,8,3338,43
2021-03-30,Lassen,035,31185,5146,5132,103,5235,1
2021-03-30,Los Angeles,037,10098052,1188323,1180044,40592,1220636,23136
2021-03-30,Madera,039,155013,16156,16003,891,16894,229
2021-03-30,Marin,041,260295,13689,13611,211,13822,221
2021-03-30,Mariposa,043,17540,394,388,5,393,5
2021-03-30,Mendocino,045,87422,3758,3670,73,3743,45
2021-03-30,Merced,047,269075,29865,29731,998,30729,423
2021-03-30,Modoc,049,8938,356,346,120,466,3
2021-03-30,Mono,051,14174,1235,1245,17,1262,3
2021-03-30,Monterey,053,433212,42595,42308,1791,44099,338
2021-03-30,Napa,055,140530,9455,9391,34,9425,78
2021-03-30,Nevada,057,99092,4361,4266,180,4446,68
2021-03-30,Orange,059,3164182,251405,249412,10787,260199,4727
2021-03-30,Placer,061,380077,21636,20866,1259,22125,271
2021-03-30,Plumas,063,18699,673,661,10,671,4
2021-03-30,Riverside,065,2383286,289701,282930,13723,296653,4154
2021-03-30,Sacramento,067,1510023,99214,97718,1432,99150,1516
2021-03-30,San Benito,069,59416,5876,5870,96,5966,61
2021-03-30,San Bernardino,071,2135413,289344,285758,8767,294525,4343
2021-03-30,San Diego,073,3302833,271315,269998,13566,283564,3555
2021-03-30,San Francisco,075,870044,35359,35325,1209,36534,474
2021-03-30,San Joaquin,077,732212,69885,68613,3201,71814,1232
2021-03-30,San Luis Obispo,079,281455,20547,20194,629,20823,251
2021-03-30,San Mateo,081,765935,40873,40377,432,40809,349
2021-03-30,Santa Barbara,083,443738,33368,33016,1155,34171,441
2021-03-30,Santa Clara,085,1922200,114336,114413,663,115076,1873
2021-03-30,Santa Cruz,087,273765,15853,15278,806,16084,201
2021-03-30,Shasta,089,179085,11343,11316,1357,12673,184
2021-03-30,Sierra,091,2930,55,50,12,62,0
2021-03-30,Siskiyou,093,43540,1570,1501,264,1765,7
2021-03-30,Solano,095,438530,30943,30802,413,31215,232
2021-03-30,Sonoma,097,501317,29112,29198,277,29475,311
2021-03-30,Stanislaus,099,539301,53247,52690,5613,58303,677
2021-03-30,Sutter,101,95872,9165,9107,81,9188,106
2021-03-30,Tehama,103,63373,4798,4748,520,5268,52
2021-03-30,Trinity,105,12862,478,316,85,401,3
2021-03-30,Tulare,107,460477,49325,48249,8635,56884,815
2021-03-30,Tuolumne,109,53932,3906,3972,37,4009,57
2021-03-30,Ventura,111,848112,79955,79282,2891,82173,958
2021-03-30,Yolo,113,214977,13345,13353,249,13602,195
2021-03-30,Yuba,115,75493,5733,5679,107,5786,42
2021-03-29,Alameda,001,1643700,83947,83338,1812,85150,1211
2021-03-29,Alpine,003,1148,85,85,0,85,0
2021-03-29,Amador,005,37829,3579,3549,32,3581,45
2021-03-29,Butte,007,227075,11692,11291,1673,12964,191
2021-03-29,Calaveras,009,45235,2006,1998,12,2010,50
2021-03-29,Colusa,011,21464,1893,1889,273,2162,14
2021-03-29,Contra Costa,013,1133247,65886,64971,1153,66124,767
2021-03-29,Del Norte,015,27424,1191,1116,9,1125,6
2021-03-29,El Dorado,017,186661,9462,9374,613,9987,105
2021-03-29,Fresno,019,978130,99930,99085,8294,107379,1606
2021-03-29,Glenn,021,27897,2351,2310,531,2841,17
2021-03-29,Humboldt,023,135768,3461,3459,25,3484,34
2021-03-29,Imperial,025,180216,27640,27442,2727,30169,704
2021-03-29,Inyo,027,18085,1376,1372,9,1381,35
2021-03-29,Kern,029,883053,95438,94098,10313,104411,1220
2021-03-29,Kings,031,150075,22805,22522,1036,23558,238
2021-03-29,Lake,033,64148,3355,3325,8,3333,43
2021-03-29,Lassen,035,31185,5146,5131,103,5234,1
2021-03-29,Los Angeles,037,10098052,1187828,1179736,40551,1220287,23108
2021-03-29,Madera,039,155013,16136,15987,889,16876,210
2021-03-29,Marin,041,260295,13677,13600,207,13807,220
2021-03-29,Mariposa,043,17540,393,388,5,393,5
2021-03-29,Mendocino,045,87422,3755,3667,73,3740,45
2021-03-29,Merced,047,269075,29841,29699,998,30697,422
2021-03-29,Modoc,049,8938,355,344,120,464,3
2021-03-29,Mono,051,14174,1234,1243,17,1260,3
2021-03-29,Monterey,053,433212,42579,42305,1786,44091,337
2021-03-29,Napa,055,140530,9439,9379,34,9413,78
2021-03-29,Nevada,057,99092,4354,4258,180,4438,68
2021-03-29,Orange,059,3164182,251293,249295,10775,260070,4713
2021-03-29,Placer,061,380077,21601,20827,1252,22079,267
2021-03-29,Plumas,063,18699,672,660,10,670,4
2021-03-29,Riverside,065,2383286,289598,282867,13722,296589,4133
2021-03-29,Sacramento,067,1510023,99020,97577,1424,99001,1514
2021-03-29,San Benito,069,59416,5869,5865,96,5961,61
2021-03-29,San Bernardino,071,2135413,289247,285615,8763,294378,4335
2021-03-29,San Diego,073,3302833,271049,269771,13540,283311,3547
2021-03-29,San Francisco,075,870044,35324,35291,1206,36497,474
2021-03-29,San Joaquin,077,732212,69799,68537,3188,71725,1211
2021-03-29,San Luis Obispo,079,281455,20512,20176,628,20804,250
2021-03-29,San Mateo,081,765935,40831,40357,431,40788,348
2021-03-29,Santa Barbara,083,443738,33334,32983,1154,34137,439
2021-03-29,Santa Clara,085,1922200,114228,114335,658,114993,1871
2021-03-29,Santa Cruz,087,273765,15842,15249,805,16054,201
2021-03-29,Shasta,089,179085,11325,11313,1355,12668,183
2021-03-29,Sierra,091,2930,55,50,12,62,0
2021-03-29,Siskiyou,093,43540,1568,1497,263,1760,6
2021-03-29,Solano,095,438530,30904,30762,411,31173,232
2021-03-29,Sonoma,097,501317,29089,29184,274,29458,310
2021-03-29,Stanislaus,099,539301,53164,52614,5605,58219,677
2021-03-29,Sutter,101,95872,9158,9105,81,9186,106
2021-03-29,Tehama,103,63373,4790,4742,519,5261,52
2021-03-29,Trinity,105,12862,478,314,85,399,3
2021-03-29,Tulare,107,460477,49297,48226,8624,56850,815
2021-03-29,Tuolumne,109,53932,3904,3969,37,4006,57
2021-03-29,Ventura,111,848112,79913,79252,2891,82143,956
2021-03-29,Yolo,113,214977,13327,13346,249,13595,195
2021-03-29,Yuba,115,75493,5726,5671,106,5777,42
2021-03-28,Alameda,001,1643700,83826,83239,1810,85049,1212
2021-03-28,Alpine,003,1148,85,85,0,85,0
2021-03-28,Amador,005,37829,3575,3541,32,3573,45
2021-03-28,Butte,007,227075,11679,11285,1671,12956,191
2021-03-28,Calaveras,009,45235,2004,1995,12,2007,50
2021-03-28,Colusa,011,21464,1892,1889,273,2162,14
2021-03-28,Contra Costa,013,1133247,65812,64878,1149,66027,767
2021-03-28,Del Norte,015,27424,1184,1107,7,1114,6
2021-03-28,El Dorado,017,186661,9447,9371,611,9982,105
2021-03-28,Fresno,019,978130,99848,99004,8282,107286,1606
2021-03-28,Glenn,021,27897,2347,2309,529,2838,17
2021-03-28,Humboldt,023,135768,3458,3452,24,3476,34
2021-03-28,Imperial,025,180216,27613,27426,2723,30149,704
2021-03-28,Inyo,027,18085,1375,1372,9,1381,35
2021-03-28,Kern,029,883053,95393,94084,10302,104386,1219
2021-03-28,Kings,031,150075,22800,22514,1033,23547,238
2021-03-28,Lake,033,64148,3350,3320,8,3328,43
2021-03-28,Lassen,035,31185,5146,5131,102,5233,1
2021-03-28,Los Angeles,037,10098052,1187278,1179316,40492,1219808,23101
2021-03-28,Madera,039,155013,16121,15973,888,16861,210
2021-03-28,Marin,041,260295,13664,13594,205,13799,221
2021-03-28,Mariposa,043,17540,393,388,5,393,5
2021-03-28,Mendocino,045,87422,3753,3666,73,3739,45
2021-03-28,Merced,047,269075,29784,29679,998,30677,422
2021-03-28,Modoc,049,8938,355,344,120,464,3
2021-03-28,Mono,051,14174,1233,1242,17,1259,3
2021-03-28,Monterey,053,433212,42556,42294,1782,44076,337
2021-03-28,Napa,055,140530,9425,9368,34,9402,78
2021-03-28,Nevada,057,99092,4340,4239,180,4419,68
2021-03-28,Orange,059,3164182,251138,249238,10765,260003,4713
2021-03-28,Placer,061,380077,21557,20796,1246,22042,267
2021-03-28,Plumas,063,18699,670,657,10,667,4
2021-03-28,Riverside,065,2383286,289484,282811,13713,296524,4132
2021-03-28,Sacramento,067,1510023,98846,97425,1418,98843,1514
2021-03-28,San Benito,069,59416,5864,5862,96,5958,61
2021-03-28,San Bernardino,071,2135413,289128,285570,8754,294324,4332
2021-03-28,San Diego,073,3302833,270773,269476,13511,282987,3547
2021-03-28,San Francisco,075,870044,35278,35286,1202,36488,474
2021-03-28,San Joaquin,077,732212,69674,68459,3169,71628,1211
2021-03-28,San Luis Obispo,079,281455,20477,20172,625,20797,250
2021-03-28,San Mateo,081,765935,40786,40305,431,40736,348
2021-03-28,Santa Barbara,083,443738,33294,32953,1153,34106,439
2021-03-28,Santa Clara,085,1922200,114128,114232,654,114886,1871
2021-03-28,Santa Cruz,087,273765,15828,15238,804,16042,201
2021-03-28,Shasta,089,179085,11299,11308,1344,12652,183
2021-03-28,Sierra,091,2930,55,50,12,62,0
2021-03-28,Siskiyou,093,43540,1568,1497,262,1759,6
2021-03-28,Solano,095,438530,30867,30719,409,31128,232
2021-03-28,Sonoma,097,501317,29053,29161,272,29433,310
2021-03-28,Stanislaus,099,539301,53076,52567,5590,58157,678
2021-03-28,Sutter,101,95872,9149,9094,81,9175,106
2021-03-28,Tehama,103,63373,4780,4740,517,5257,52
2021-03-28,Trinity,105,12862,476,314,84,398,3
2021-03-28,Tulare,107,460477,49268,48218,8618,56836,815
2021-03-28,Tuolumne,109,53932,3901,3969,36,4005,57
2021-03-28,Ventura,111,848112,79862,79222,2886,82108,956
2021-03-28,Yolo,113,214977,13310,13325,248,13573,194
2021-03-28,Yuba,115,75493,5722,5662,106,5768,42
2021-03-27,Alameda,001,1643700,83755,83169,1806,84975,1211
2021-03-27,Alpine,003,1148,85,85,0,85,0
2021-03-27,Amador,005,37829,3570,3538,32,3570,45
2021-03-27,Butte,007,227075,11672,11278,1670,12948,191
2021-03-27,Calaveras,009,45235,2001,1992,12,2004,50
2021-03-27,Colusa,011,21464,1892,1889,273,2162,14
2021-03-27,Contra Costa,013,1133247,65742,64804,1146,65950,767
2021-03-27,Del Norte,015,27424,1174,1104,7,1111,6
2021-03-27,El Dorado,017,186661,9433,9367,611,9978,105
2021-03-27,Fresno,019,978130,99795,98901,8276,107177,1606
2021-03-27,Glenn,021,27897,2346,2308,529,2837,17
2021-03-27,Humboldt,023,135768,3453,3442,24,3466,34
2021-03-27,Imperial,025,180216,27601,27406,2720,30126,704
2021-03-27,Inyo,027,18085,1373,1372,9,1381,35
2021-03-27,Kern,029,883053,95373,94041,10290,104331,1217
2021-03-27,Kings,031,150075,22797,22502,1033,23535,238
2021-03-27,Lake,033,64148,3348,3317,8,3325,43
2021-03-27,Lassen,035,31185,5146,5129,102,5231,1
2021-03-27,Los Angeles,037,10098052,1186963,1178831,40465,1219296,23103
2021-03-27,Madera,039,155013,16114,15968,886,16854,210
2021-03-27,Marin,041,260295,13659,13579,205,13784,222
2021-03-27,Mariposa,043,17540,393,386,5,391,5
2021-03-27,Mendocino,045,87422,3751,3666,73,3739,45
2021-03-27,Merced,047,269075,29751,29647,996,30643,422
2021-03-27,Modoc,049,8938,355,344,120,464,3
2021-03-27,Mono,051,14174,1231,1241,17,1258,3
2021-03-27,Monterey,053,433212,42546,42271,1782,44053,337
2021-03-27,Napa,055,140530,9413,9360,34,9394,78
2021-03-27,Nevada,057,99092,4330,4231,180,4411,68
2021-03-27,Orange,059,3164182,251045,249160,10749,259909,4698
2021-03-27,Placer,061,380077,21537,20717,1239,21956,267
2021-03-27,Plumas,063,18699,669,655,10,665,4
2021-03-27,Riverside,065,2383286,289422,282707,13705,296412,4132
2021-03-27,Sacramento,067,1510023,98756,97247,1416,98663,1513
2021-03-27,San Benito,069,59416,5862,5862,94,5956,61
2021-03-27,San Bernardino,071,2135413,289065,285480,8752,294232,4325
2021-03-27,San Diego,073,3302833,270602,269271,13489,282760,3540
2021-03-27,San Francisco,075,870044,35255,35244,1200,36444,474
2021-03-27,San Joaquin,077,732212,69614,68365,3161,71526,1211
2021-03-27,San Luis Obispo,079,281455,20466,20153,622,20775,250
2021-03-27,San Mateo,081,765935,40763,40264,431,40695,348
2021-03-27,Santa Barbara,083,443738,33270,32921,1153,34074,439
2021-03-27,Santa Clara,085,1922200,114032,114124,652,114776,1871
2021-03-27,Santa Cruz,087,273765,15822,15215,804,16019,201
2021-03-27,Shasta,089,179085,11288,11288,1342,12630,183
2021-03-27,Sierra,091,2930,55,50,12,62,0
2021-03-27,Siskiyou,093,43540,1568,1497,262,1759,6
2021-03-27,Solano,095,438530,30839,30669,408,31077,232
2021-03-27,Sonoma,097,501317,29038,29133,270,29403,310
2021-03-27,Stanislaus,099,539301,53011,52497,5582,58079,678
2021-03-27,Sutter,101,95872,9141,9093,81,9174,106
2021-03-27,Tehama,103,63373,4774,4738,515,5253,52
2021-03-27,Trinity,105,12862,476,313,84,397,3
2021-03-27,Tulare,107,460477,49252,48203,8610,56813,813
2021-03-27,Tuolumne,109,53932,3898,3968,36,4004,57
2021-03-27,Ventura,111,848112,79835,79184,2884,82068,956
2021-03-27,Yolo,113,214977,13305,13317,247,13564,194
2021-03-27,Yuba,115,75493,5720,5657,106,5763,42
2021-03-26,Alameda,001,1643700,83693,83043,1804,84847,1208
2021-03-26,Alpine,003,1148,85,85,0,85,0
2021-03-26,Amador,005,37829,3565,3532,32,3564,45
2021-03-26,Butte,007,227075,11662,11278,1670,12948,191
2021-03-26,Calaveras,009,45235,1999,1989,12,2001,50
2021-03-26,Colusa,011,21464,1892,1889,273,2162,14
2021-03-26,Contra Costa,013,1133247,65682,64699,1143,65842,761
2021-03-26,Del Norte,015,27424,1171,1101,7,1108,6
2021-03-26,El Dorado,017,186661,9428,9353,611,9964,105
2021-03-26,Fresno,019,978130,99733,98731,8266,106997,1601
2021-03-26,Glenn,021,27897,2346,2307,528,2835,17
2021-03-26,Humboldt,023,135768,3451,3431,24,3455,34
2021-03-26,Imperial,025,180216,27577,27374,2720,30094,701
2021-03-26,Inyo,027,18085,1372,1369,9,1378,35
2021-03-26,Kern,029,883053,95347,93949,10284,104233,1211
2021-03-26,Kings,031,150075,22789,22493,1031,23524,239
2021-03-26,Lake,033,64148,3347,3314,8,3322,43
2021-03-26,Lassen,035,31185,5145,5131,102,5233,1
2021-03-26,Los Angeles,037,10098052,1186626,1178213,40451,1218664,23080
2021-03-26,Madera,039,155013,16104,15952,886,16838,210
2021-03-26,Marin,041,260295,13653,13553,200,13753,221
2021-03-26,Mariposa,043,17540,393,386,5,391,5
2021-03-26,Mendocino,045,87422,3750,3664,73,3737,45
2021-03-26,Merced,047,269075,29728,29613,994,30607,419
2021-03-26,Modoc,049,8938,355,344,120,464,3
2021-03-26,Mono,051,14174,1230,1236,17,1253,3
2021-03-26,Monterey,053,433212,42533,42241,1778,44019,338
2021-03-26,Napa,055,140530,9403,9349,34,9383,78
2021-03-26,Nevada,057,99092,4310,4222,180,4402,83
2021-03-26,Orange,059,3164182,250982,248995,10735,259730,4671
2021-03-26,Placer,061,380077,21511,20679,1238,21917,259
2021-03-26,Plumas,063,18699,668,654,10,664,4
2021-03-26,Riverside,065,2383286,289344,282602,13699,296301,4109
2021-03-26,Sacramento,067,1510023,98656,97040,1411,98451,1509
2021-03-26,San Benito,069,59416,5859,5855,94,5949,61
2021-03-26,San Bernardino,071,2135413,289009,285313,8750,294063,4288
2021-03-26,San Diego,073,3302833,270424,269045,13463,282508,3525
2021-03-26,San Francisco,075,870044,35229,35186,1200,36386,472
2021-03-26,San Joaquin,077,732212,69551,68249,3157,71406,1202
2021-03-26,San Luis Obispo,079,281455,20453,20118,622,20740,250
2021-03-26,San Mateo,081,765935,40728,40199,431,40630,348
2021-03-26,Santa Barbara,083,443738,33240,32895,1152,34047,439
2021-03-26,Santa Clara,085,1922200,113934,113959,651,114610,1868
2021-03-26,Santa Cruz,087,273765,15807,15199,803,16002,201
2021-03-26,Shasta,089,179085,11279,11276,1336,12612,182
2021-03-26,Sierra,091,2930,55,50,12,62,0
2021-03-26,Siskiyou,093,43540,1568,1493,261,1754,6
2021-03-26,Solano,095,438530,30814,30640,408,31048,205
2021-03-26,Sonoma,097,501317,29022,29101,267,29368,310
2021-03-26,Stanislaus,099,539301,52943,52420,5578,57998,678
2021-03-26,Sutter,101,95872,9138,9082,81,9163,104
2021-03-26,Tehama,103,63373,4773,4722,514,5236,51
2021-03-26,Trinity,105,12862,476,311,84,395,3
2021-03-26,Tulare,107,460477,49237,48179,8602,56781,813
2021-03-26,Tuolumne,109,53932,3897,3965,36,4001,57
2021-03-26,Ventura,111,848112,79801,79122,2882,82004,953
2021-03-26,Yolo,113,214977,13298,13299,245,13544,194
2021-03-26,Yuba,115,75493,5710,5653,106,5759,42
2021-03-25,Alameda,001,1643700,83597,82945,1802,84747,1206
2021-03-25,Alpine,003,1148,85,84,0,84,0
2021-03-25,Amador,005,37829,3563,3530,32,3562,45
2021-03-25,Butte,007,227075,11652,11270,1670,12940,188
2021-03-25,Calaveras,009,45235,1998,1982,12,1994,50
2021-03-25,Colusa,011,21464,1892,1888,273,2161,14
2021-03-25,Contra Costa,013,1133247,65615,64606,1139,65745,757
2021-03-25,Del Norte,015,27424,1165,1095,7,1102,6
2021-03-25,El Dorado,017,186661,9418,9331,611,9942,105
2021-03-25,Fresno,019,978130,99615,98602,8253,106855,1593
2021-03-25,Glenn,021,27897,2345,2302,527,2829,17
2021-03-25,Humboldt,023,135768,3446,3423,24,3447,34
2021-03-25,Imperial,025,180216,27561,27352,2717,30069,699
2021-03-25,Inyo,027,18085,1372,1369,9,1378,35
2021-03-25,Kern,029,883053,95315,93857,10279,104136,1206
2021-03-25,Kings,031,150075,22779,22472,1031,23503,237
2021-03-25,Lake,033,64148,3342,3312,8,3320,43
2021-03-25,Lassen,035,31185,5145,5129,102,5231,1
2021-03-25,Los Angeles,037,10098052,1186193,1177490,40416,1217906,23051
2021-03-25,Madera,039,155013,16085,15937,884,16821,210
2021-03-25,Marin,041,260295,13643,13538,197,13735,219
2021-03-25,Mariposa,043,17540,393,386,5,391,5
2021-03-25,Mendocino,045,87422,3749,3664,73,3737,45
2021-03-25,Merced,047,269075,29694,29576,986,30562,416
2021-03-25,Modoc,049,8938,355,343,120,463,3
2021-03-25,Mono,051,14174,1230,1235,17,1252,3
2021-03-25,Monterey,053,433212,42512,42220,1773,43993,336
2021-03-25,Napa,055,140530,9384,9321,34,9355,78
2021-03-25,Nevada,057,99092,4292,4202,178,4380,84
2021-03-25,Orange,059,3164182,250866,248871,10715,259586,4655
2021-03-25,Placer,061,380077,21470,20639,1231,21870,252
2021-03-25,Plumas,063,18699,668,654,10,664,4
2021-03-25,Riverside,065,2383286,289247,282492,13688,296180,4078
2021-03-25,Sacramento,067,1510023,98511,96823,1408,98231,1505
2021-03-25,San Benito,069,59416,5856,5850,94,5944,61
2021-03-25,San Bernardino,071,2135413,288928,285134,8745,293879,4222
2021-03-25,San Diego,073,3302833,270196,268623,13432,282055,3520
2021-03-25,San Francisco,075,870044,35190,35154,1198,36352,468
2021-03-25,San Joaquin,077,732212,69454,68089,3118,71207,1196
2021-03-25,San Luis Obispo,079,281455,20435,20076,622,20698,250
2021-03-25,San Mateo,081,765935,40688,40147,431,40578,348
2021-03-25,Santa Barbara,083,443738,33213,32857,1152,34009,439
2021-03-25,Santa Clara,085,1922200,113830,113877,649,114526,1868
2021-03-25,Santa Cruz,087,273765,15786,15170,803,15973,201
2021-03-25,Shasta,089,179085,11262,11262,1333,12595,181
2021-03-25,Sierra,091,2930,55,50,12,62,0
2021-03-25,Siskiyou,093,43540,1566,1491,260,1751,6
2021-03-25,Solano,095,438530,30753,30583,406,30989,193
2021-03-25,Sonoma,097,501317,28987,29060,263,29323,310
2021-03-25,Stanislaus,099,539301,52876,52321,5571,57892,678
2021-03-25,Sutter,101,95872,9129,9069,81,9150,104
2021-03-25,Tehama,103,63373,4771,4719,513,5232,52
2021-03-25,Trinity,105,12862,476,310,84,394,3
2021-03-25,Tulare,107,460477,49210,48148,8589,56737,811
2021-03-25,Tuolumne,109,53932,3896,3962,36,3998,57
2021-03-25,Ventura,111,848112,79760,79045,2878,81923,952
2021-03-25,Yolo,113,214977,13292,13287,245,13532,194
2021-03-25,Yuba,115,75493,5704,5647,100,5747,42
2021-03-24,Alameda,001,1643700,83503,82871,1799,84670,1199
2021-03-24,Alpine,003,1148,85,84,0,84,0
2021-03-24,Amador,005,37829,3557,3529,32,3561,45
2021-03-24,Butte,007,227075,11642,11252,1666,12918,187
2021-03-24,Calaveras,009,45235,1995,1975,12,1987,50
2021-03-24,Colusa,011,21464,1892,1886,273,2159,14
2021-03-24,Contra Costa,013,1133247,65535,64539,1138,65677,755
2021-03-24,Del Norte,015,27424,1160,1087,7,1094,6
2021-03-24,El Dorado,017,186661,9412,9319,610,9929,105
2021-03-24,Fresno,019,978130,99525,98437,8238,106675,1585
2021-03-24,Glenn,021,27897,2344,2297,526,2823,17
2021-03-24,Humboldt,023,135768,3443,3414,24,3438,34
2021-03-24,Imperial,025,180216,27552,27325,2716,30041,699
2021-03-24,Inyo,027,18085,1372,1368,9,1377,35
2021-03-24,Kern,029,883053,95267,93800,10270,104070,1198
2021-03-24,Kings,031,150075,22764,22456,1029,23485,237
2021-03-24,Lake,033,64148,3338,3307,8,3315,43
2021-03-24,Lassen,035,31185,5143,5130,101,5231,1
2021-03-24,Los Angeles,037,10098052,1185716,1177015,40380,1217395,22993
2021-03-24,Madera,039,155013,16076,15918,883,16801,210
2021-03-24,Marin,041,260295,13629,13526,195,13721,219
2021-03-24,Mariposa,043,17540,393,384,5,389,5
2021-03-24,Mendocino,045,87422,3746,3660,73,3733,45
2021-03-24,Merced,047,269075,29653,29525,986,30511,415
2021-03-24,Modoc,049,8938,354,341,120,461,3
2021-03-24,Mono,051,14174,1229,1243,17,1260,3
2021-03-24,Monterey,053,433212,42490,42201,1770,43971,335
2021-03-24,Napa,055,140530,9364,9310,34,9344,78
2021-03-24,Nevada,057,99092,4278,4191,177,4368,85
2021-03-24,Orange,059,3164182,250751,248775,10697,259472,4638
2021-03-24,Placer,061,380077,21440,20606,1223,21829,250
2021-03-24,Plumas,063,18699,666,652,10,662,4
2021-03-24,Riverside,065,2383286,289163,282410,13685,296095,4058
2021-03-24,Sacramento,067,1510023,98336,96628,1396,98024,1500
2021-03-24,San Benito,069,59416,5855,5847,94,5941,61
2021-03-24,San Bernardino,071,2135413,288843,284983,8743,293726,4170
2021-03-24,San Diego,073,3302833,269981,268413,13404,281817,3509
2021-03-24,San Francisco,075,870044,35162,35103,1195,36298,462
2021-03-24,San Joaquin,077,732212,69383,67978,3106,71084,1196
2021-03-24,San Luis Obispo,079,281455,20405,20021,621,20642,250
2021-03-24,San Mateo,081,765935,40638,40083,431,40514,348
2021-03-24,Santa Barbara,083,443738,33186,32810,1152,33962,438
2021-03-24,Santa Clara,085,1922200,113714,113757,646,114403,1851
2021-03-24,Santa Cruz,087,273765,15772,15138,802,15940,202
2021-03-24,Shasta,089,179085,11243,11243,1331,12574,181
2021-03-24,Sierra,091,2930,55,50,12,62,0
2021-03-24,Siskiyou,093,43540,1564,1490,260,1750,6
2021-03-24,Solano,095,438530,30716,30552,405,30957,178
2021-03-24,Sonoma,097,501317,28967,29034,259,29293,310
2021-03-24,Stanislaus,099,539301,52800,52259,5562,57821,677
2021-03-24,Sutter,101,95872,9113,9049,81,9130,104
2021-03-24,Tehama,103,63373,4765,4719,512,5231,49
2021-03-24,Trinity,105,12862,475,310,84,394,3
2021-03-24,Tulare,107,460477,49199,48109,8576,56685,808
2021-03-24,Tuolumne,109,53932,3895,3961,36,3997,57
2021-03-24,Ventura,111,848112,79708,78993,2871,81864,944
2021-03-24,Yolo,113,214977,13281,13269,245,13514,194
2021-03-24,Yuba,115,75493,5698,5634,97,5731,42
2021-03-23,Alameda,001,1643700,83401,82799,1795,84594,1190
2021-03-23,Alpine,003,1148,85,84,0,84,0
2021-03-23,Amador,005,37829,3551,3524,32,3556,45
2021-03-23,Butte,007,227075,11630,11227,1665,12892,187
2021-03-23,Calaveras,009,45235,1993,1971,12,1983,50
2021-03-23,Colusa,011,21464,1890,1885,272,2157,14
2021-03-23,Contra Costa,013,1133247,65436,64491,1137,65628,750
2021-03-23,Del Norte,015,27424,1155,1082,7,1089,6
2021-03-23,El Dorado,017,186661,9402,9318,608,9926,105
2021-03-23,Fresno,019,978130,99412,98362,8212,106574,1575
2021-03-23,Glenn,021,27897,2339,2293,524,2817,17
2021-03-23,Humboldt,023,135768,3434,3405,24,3429,34
2021-03-23,Imperial,025,180216,27544,27320,2715,30035,699
2021-03-23,Inyo,027,18085,1370,1364,9,1373,35
2021-03-23,Kern,029,883053,95160,93728,10263,103991,1191
2021-03-23,Kings,031,150075,22753,22439,1027,23466,237
2021-03-23,Lake,033,64148,3336,3294,8,3302,43
2021-03-23,Lassen,035,31185,5143,5130,101,5231,1
2021-03-23,Los Angeles,037,10098052,1185196,1176572,40342,1216914,22904
2021-03-23,Madera,039,155013,16060,15908,882,16790,210
2021-03-23,Marin,041,260295,13606,13514,193,13707,221
2021-03-23,Mariposa,043,17540,392,384,5,389,5
2021-03-23,Mendocino,045,87422,3744,3652,73,3725,45
2021-03-23,Merced,047,269075,29620,29485,986,30471,415
2021-03-23,Modoc,049,8938,353,342,120,462,3
2021-03-23,Mono,051,14174,1228,1263,17,1280,3
2021-03-23,Monterey,053,433212,42479,42180,1768,43948,335
2021-03-23,Napa,055,140530,9339,9299,34,9333,78
2021-03-23,Nevada,057,99092,4259,4179,176,4355,89
2021-03-23,Orange,059,3164182,250625,248661,10679,259340,4626
2021-03-23,Placer,061,380077,21405,20567,1219,21786,248
2021-03-23,Plumas,063,18699,666,652,10,662,4
2021-03-23,Riverside,065,2383286,289063,282317,13678,295995,4035
2021-03-23,Sacramento,067,1510023,98144,96521,1390,97911,1496
2021-03-23,San Benito,069,59416,5850,5845,93,5938,61
2021-03-23,San Bernardino,071,2135413,288759,284875,8735,293610,4134
2021-03-23,San Diego,073,3302833,269736,268156,13372,281528,3498
2021-03-23,San Francisco,075,870044,35104,35071,1189,36260,462
2021-03-23,San Joaquin,077,732212,69287,67903,3088,70991,1182
2021-03-23,San Luis Obispo,079,281455,20364,20009,620,20629,250
2021-03-23,San Mateo,081,765935,40582,40032,430,40462,348
2021-03-23,Santa Barbara,083,443738,33148,32771,1151,33922,438
2021-03-23,Santa Clara,085,1922200,113598,113645,643,114288,1848
2021-03-23,Santa Cruz,087,273765,15757,15106,802,15908,201
2021-03-23,Shasta,089,179085,11230,11234,1330,12564,175
2021-03-23,Sierra,091,2930,55,50,12,62,0
2021-03-23,Siskiyou,093,43540,1559,1485,258,1743,6
2021-03-23,Solano,095,438530,30675,30524,404,30928,178
2021-03-23,Sonoma,097,501317,28930,29020,258,29278,310
2021-03-23,Stanislaus,099,539301,52701,52148,5554,57702,677
2021-03-23,Sutter,101,95872,9105,9039,81,9120,104
2021-03-23,Tehama,103,63373,4754,4707,511,5218,46
2021-03-23,Trinity,105,12862,475,310,84,394,3
2021-03-23,Tulare,107,460477,49172,48095,8560,56655,808
2021-03-23,Tuolumne,109,53932,3892,3957,36,3993,57
2021-03-23,Ventura,111,848112,79647,78930,2868,81798,932
2021-03-23,Yolo,113,214977,13270,13255,245,13500,194
2021-03-23,Yuba,115,75493,5693,5628,97,5725,42
2021-03-22,Alameda,001,1643700,83308,82748,1789,84537,1189
2021-03-22,Alpine,003,1148,84,83,0,83,0
2021-03-22,Amador,005,37829,3543,3522,32,3554,44
2021-03-22,Butte,007,227075,11621,11211,1663,12874,185
2021-03-22,Calaveras,009,45235,1989,1963,12,1975,49
2021-03-22,Colusa,011,21464,1888,1885,272,2157,13
2021-03-22,Contra Costa,013,1133247,65341,64432,1135,65567,740
2021-03-22,Del Norte,015,27424,1149,1082,7,1089,6
2021-03-22,El Dorado,017,186661,9386,9310,605,9915,105
2021-03-22,Fresno,019,978130,99314,98276,8199,106475,1556
2021-03-22,Glenn,021,27897,2331,2291,524,2815,17
2021-03-22,Humboldt,023,135768,3429,3403,24,3427,34
2021-03-22,Imperial,025,180216,27529,27302,2711,30013,699
2021-03-22,Inyo,027,18085,1367,1363,9,1372,35
2021-03-22,Kern,029,883053,95089,93675,10246,103921,1178
2021-03-22,Kings,031,150075,22740,22433,1022,23455,236
2021-03-22,Lake,033,64148,3335,3290,8,3298,43
2021-03-22,Lassen,035,31185,5141,5129,101,5230,1
2021-03-22,Los Angeles,037,10098052,1184685,1176205,40309,1216514,22843
2021-03-22,Madera,039,155013,16045,15904,882,16786,210
2021-03-22,Marin,041,260295,13597,13501,192,13693,221
2021-03-22,Mariposa,043,17540,391,381,5,386,5
2021-03-22,Mendocino,045,87422,3742,3653,73,3726,45
2021-03-22,Merced,047,269075,29577,29468,983,30451,413
2021-03-22,Modoc,049,8938,351,342,120,462,3
2021-03-22,Mono,051,14174,1223,1263,17,1280,3
2021-03-22,Monterey,053,433212,42463,42161,1766,43927,335
2021-03-22,Napa,055,140530,9328,9288,34,9322,77
2021-03-22,Nevada,057,99092,4248,4174,172,4346,89
2021-03-22,Orange,059,3164182,250474,248517,10645,259162,4599
2021-03-22,Placer,061,380077,21370,20543,1214,21757,242
2021-03-22,Plumas,063,18699,666,652,10,662,4
2021-03-22,Riverside,065,2383286,288963,282242,13667,295909,4009
2021-03-22,Sacramento,067,1510023,97966,96385,1380,97765,1493
2021-03-22,San Benito,069,59416,5847,5844,92,5936,61
2021-03-22,San Bernardino,071,2135413,288672,284771,8723,293494,4107
2021-03-22,San Diego,073,3302833,269524,267913,13352,281265,3494
2021-03-22,San Francisco,075,870044,35062,35040,1185,36225,462
2021-03-22,San Joaquin,077,732212,69195,67815,3070,70885,1182
2021-03-22,San Luis Obispo,079,281455,20340,20000,619,20619,250
2021-03-22,San Mateo,081,765935,40531,40024,429,40453,348
2021-03-22,Santa Barbara,083,443738,33103,32756,1149,33905,437
2021-03-22,Santa Clara,085,1922200,113478,113575,643,114218,1845
2021-03-22,Santa Cruz,087,273765,15745,15077,801,15878,201
2021-03-22,Shasta,089,179085,11216,11218,1329,12547,150
2021-03-22,Sierra,091,2930,55,50,12,62,0
2021-03-22,Siskiyou,093,43540,1558,1487,257,1744,5
2021-03-22,Solano,095,438530,30635,30490,400,30890,171
2021-03-22,Sonoma,097,501317,28901,29010,254,29264,310
2021-03-22,Stanislaus,099,539301,52617,52083,5549,57632,677
2021-03-22,Sutter,101,95872,9092,9024,81,9105,104
2021-03-22,Tehama,103,63373,4746,4704,511,5215,45
2021-03-22,Trinity,105,12862,475,310,84,394,3
2021-03-22,Tulare,107,460477,49157,48074,8540,56614,807
2021-03-22,Tuolumne,109,53932,3889,3954,36,3990,57
2021-03-22,Ventura,111,848112,79599,78890,2865,81755,927
2021-03-22,Yolo,113,214977,13258,13243,244,13487,190
2021-03-22,Yuba,115,75493,5682,5627,95,5722,42
2021-03-21,Alameda,001,1643700,83217,82684,1786,84470,1187
2021-03-21,Alpine,003,1148,84,83,0,83,0
2021-03-21,Amador,005,37829,3539,3519,32,3551,44
2021-03-21,Butte,007,227075,11605,11208,1658,12866,185
2021-03-21,Calaveras,009,45235,1983,1962,12,1974,49
2021-03-21,Colusa,011,21464,1888,1885,272,2157,13
2021-03-21,Contra Costa,013,1133247,65259,64382,1130,65512,740
2021-03-21,Del Norte,015,27424,1134,1076,7,1083,6
2021-03-21,El Dorado,017,186661,9376,9302,600,9902,105
2021-03-21,Fresno,019,978130,99200,98211,8175,106386,1556
2021-03-21,Glenn,021,27897,2328,2288,523,2811,17
2021-03-21,Humboldt,023,135768,3424,3402,24,3426,34
2021-03-21,Imperial,025,180216,27511,27267,2702,29969,699
2021-03-21,Inyo,027,18085,1367,1363,9,1372,35
2021-03-21,Kern,029,883053,95023,93649,10237,103886,1170
2021-03-21,Kings,031,150075,22723,22422,1021,23443,236
2021-03-21,Lake,033,64148,3331,3286,8,3294,43
2021-03-21,Lassen,035,31185,5141,5129,101,5230,1
2021-03-21,Los Angeles,037,10098052,1184152,1175684,40261,1215945,22834
2021-03-21,Madera,039,155013,16025,15895,880,16775,210
2021-03-21,Marin,041,260295,13581,13495,191,13686,220
2021-03-21,Mariposa,043,17540,391,381,5,386,5
2021-03-21,Mendocino,045,87422,3739,3651,73,3724,45
2021-03-21,Merced,047,269075,29517,29446,977,30423,413
2021-03-21,Modoc,049,8938,351,341,120,461,3
2021-03-21,Mono,051,14174,1218,1263,17,1280,3
2021-03-21,Monterey,053,433212,42438,42153,1763,43916,335
2021-03-21,Napa,055,140530,9308,9282,34,9316,77
2021-03-21,Nevada,057,99092,4235,4169,172,4341,89
2021-03-21,Orange,059,3164182,250340,248442,10619,259061,4598
2021-03-21,Placer,061,380077,21334,20520,1206,21726,242
2021-03-21,Plumas,063,18699,666,653,10,663,4
2021-03-21,Riverside,065,2383286,288856,282187,13656,295843,4009
2021-03-21,Sacramento,067,1510023,97772,96269,1373,97642,1489
2021-03-21,San Benito,069,59416,5841,5842,92,5934,61
2021-03-21,San Bernardino,071,2135413,288582,284732,8717,293449,4094
2021-03-21,San Diego,073,3302833,269264,267724,13326,281050,3494
2021-03-21,San Francisco,075,870044,35016,35012,1178,36190,460
2021-03-21,San Joaquin,077,732212,69073,67729,3052,70781,1182
2021-03-21,San Luis Obispo,079,281455,20308,19979,617,20596,250
2021-03-21,San Mateo,081,765935,40486,39988,428,40416,344
2021-03-21,Santa Barbara,083,443738,33062,32743,1148,33891,437
2021-03-21,Santa Clara,085,1922200,113349,113487,640,114127,1840
2021-03-21,Santa Cruz,087,273765,15738,15064,801,15865,199
2021-03-21,Shasta,089,179085,11196,11215,1328,12543,150
2021-03-21,Sierra,091,2930,55,50,12,62,0
2021-03-21,Siskiyou,093,43540,1558,1486,256,1742,5
2021-03-21,Solano,095,438530,30595,30474,397,30871,171
2021-03-21,Sonoma,097,501317,28872,28986,253,29239,310
2021-03-21,Stanislaus,099,539301,52527,52014,5547,57561,677
2021-03-21,Sutter,101,95872,9079,9021,81,9102,104
2021-03-21,Tehama,103,63373,4742,4701,511,5212,45
2021-03-21,Trinity,105,12862,473,310,84,394,3
2021-03-21,Tulare,107,460477,49141,48060,8528,56588,807
2021-03-21,Tuolumne,109,53932,3887,3953,36,3989,57
2021-03-21,Ventura,111,848112,79535,78863,2860,81723,927
2021-03-21,Yolo,113,214977,13237,13235,244,13479,190
2021-03-21,Yuba,115,75493,5672,5624,95,5719,42
2021-03-20,Alameda,001,1643700,83149,82614,1784,84398,1178
2021-03-20,Alpine,003,1148,84,83,0,83,0
2021-03-20,Amador,005,37829,3537,3518,32,3550,44
2021-03-20,Butte,007,227075,11599,11199,1656,12855,185
2021-03-20,Calaveras,009,45235,1979,1961,12,1973,49
2021-03-20,Colusa,011,21464,1888,1883,272,2155,12
2021-03-20,Contra Costa,013,1133247,65199,64313,1130,65443,713
2021-03-20,Del Norte,015,27424,1133,1075,7,1082,6
2021-03-20,El Dorado,017,186661,9370,9290,600,9890,105
2021-03-20,Fresno,019,978130,99139,98112,8168,106280,1532
2021-03-20,Glenn,021,27897,2327,2288,521,2809,17
2021-03-20,Humboldt,023,135768,3417,3399,24,3423,33
2021-03-20,Imperial,025,180216,27505,27239,2700,29939,695
2021-03-20,Inyo,027,18085,1367,1362,9,1371,35
2021-03-20,Kern,029,883053,94994,93606,10233,103839,1155
2021-03-20,Kings,031,150075,22718,22415,1020,23435,236
2021-03-20,Lake,033,64148,3327,3280,8,3288,43
2021-03-20,Lassen,035,31185,5141,5128,101,5229,1
2021-03-20,Los Angeles,037,10098052,1183850,1175290,40237,1215527,22810
2021-03-20,Madera,039,155013,16017,15891,879,16770,210
2021-03-20,Marin,041,260295,13569,13470,187,13657,220
2021-03-20,Mariposa,043,17540,390,381,5,386,5
2021-03-20,Mendocino,045,87422,3738,3639,73,3712,43
2021-03-20,Merced,047,269075,29486,29411,974,30385,412
2021-03-20,Modoc,049,8938,350,341,120,461,3
2021-03-20,Mono,051,14174,1218,1256,17,1273,3
2021-03-20,Monterey,053,433212,42429,42146,1762,43908,334
2021-03-20,Napa,055,140530,9300,9274,34,9308,77
2021-03-20,Nevada,057,99092,4224,4164,171,4335,89
2021-03-20,Orange,059,3164182,250259,248348,10607,258955,4522
2021-03-20,Placer,061,380077,21311,20505,1204,21709,242
2021-03-20,Plumas,063,18699,663,652,10,662,4
2021-03-20,Riverside,065,2383286,288781,282081,13652,295733,4000
2021-03-20,Sacramento,067,1510023,97661,96126,1370,97496,1488
2021-03-20,San Benito,069,59416,5837,5840,92,5932,61
2021-03-20,San Bernardino,071,2135413,288517,284690,8713,293403,3965
2021-03-20,San Diego,073,3302833,269093,267532,13319,280851,3493
2021-03-20,San Francisco,075,870044,34993,34968,1171,36139,453
2021-03-20,San Joaquin,077,732212,69032,67662,3045,70707,1161
2021-03-20,San Luis Obispo,079,281455,20292,19951,611,20562,250
2021-03-20,San Mateo,081,765935,40452,39958,427,40385,344
2021-03-20,Santa Barbara,083,443738,33038,32723,1147,33870,434
2021-03-20,Santa Clara,085,1922200,113257,113384,639,114023,1799
2021-03-20,Santa Cruz,087,273765,15722,15053,801,15854,199
2021-03-20,Shasta,089,179085,11190,11211,1328,12539,147
2021-03-20,Sierra,091,2930,55,50,12,62,0
2021-03-20,Siskiyou,093,43540,1558,1483,256,1739,5
2021-03-20,Solano,095,438530,30565,30439,397,30836,170
2021-03-20,Sonoma,097,501317,28857,28962,253,29215,309
2021-03-20,Stanislaus,099,539301,52471,51925,5540,57465,673
2021-03-20,Sutter,101,95872,9071,9014,81,9095,103
2021-03-20,Tehama,103,63373,4737,4696,509,5205,33
2021-03-20,Trinity,105,12862,472,310,84,394,3
2021-03-20,Tulare,107,460477,49126,48030,8511,56541,804
2021-03-20,Tuolumne,109,53932,3884,3950,36,3986,57
2021-03-20,Ventura,111,848112,79498,78818,2858,81676,922
2021-03-20,Yolo,113,214977,13233,13226,244,13470,190
2021-03-20,Yuba,115,75493,5669,5621,94,5715,42
2021-03-19,Alameda,001,1643700,83077,82499,1783,84282,1187
2021-03-19,Alpine,003,1148,83,82,0,82,0
2021-03-19,Amador,005,37829,3534,3515,32,3547,44
2021-03-19,Butte,007,227075,11591,11191,1653,12844,185
2021-03-19,Calaveras,009,45235,1978,1957,12,1969,49
2021-03-19,Colusa,011,21464,1887,1883,272,2155,12
2021-03-19,Contra Costa,013,1133247,65140,64195,1127,65322,737
2021-03-19,Del Norte,015,27424,1127,1071,5,1076,6
2021-03-19,El Dorado,017,186661,9361,9274,600,9874,105
2021-03-19,Fresno,019,978130,99055,97969,8154,106123,1527
2021-03-19,Glenn,021,27897,2327,2282,521,2803,17
2021-03-19,Humboldt,023,135768,3408,3388,24,3412,33
2021-03-19,Imperial,025,180216,27493,27218,2696,29914,695
2021-03-19,Inyo,027,18085,1365,1356,9,1365,35
2021-03-19,Kern,029,883053,94961,93534,10220,103754,1152
2021-03-19,Kings,031,150075,22709,22369,1017,23386,235
2021-03-19,Lake,033,64148,3321,3262,8,3270,43
2021-03-19,Lassen,035,31185,5141,5126,101,5227,1
2021-03-19,Los Angeles,037,10098052,1183515,1174818,40220,1215038,22752
2021-03-19,Madera,039,155013,16010,15877,878,16755,210
2021-03-19,Marin,041,260295,13557,13441,187,13628,220
2021-03-19,Mariposa,043,17540,389,380,5,385,5
2021-03-19,Mendocino,045,87422,3737,3639,73,3712,45
2021-03-19,Merced,047,269075,29459,29376,971,30347,412
2021-03-19,Modoc,049,8938,350,341,120,461,3
2021-03-19,Mono,051,14174,1216,1244,17,1261,3
2021-03-19,Monterey,053,433212,42420,42125,1760,43885,335
2021-03-19,Napa,055,140530,9288,9256,34,9290,77
2021-03-19,Nevada,057,99092,4213,4156,171,4327,88
2021-03-19,Orange,059,3164182,250159,248146,10596,258742,4501
2021-03-19,Placer,061,380077,21293,20451,1202,21653,242
2021-03-19,Plumas,063,18699,663,650,10,660,4
2021-03-19,Riverside,065,2383286,288698,281937,13647,295584,3989
2021-03-19,Sacramento,067,1510023,97558,95934,1367,97301,1486
2021-03-19,San Benito,069,59416,5837,5845,92,5937,61
2021-03-19,San Bernardino,071,2135413,288445,284501,8711,293212,4017
2021-03-19,San Diego,073,3302833,268958,267173,13309,280482,3491
2021-03-19,San Francisco,075,870044,34948,34936,1168,36104,461
2021-03-19,San Joaquin,077,732212,68962,67515,3031,70546,1180
2021-03-19,San Luis Obispo,079,281455,20272,19913,609,20522,249
2021-03-19,San Mateo,081,765935,40428,39893,427,40320,344
2021-03-19,Santa Barbara,083,443738,33009,32685,1146,33831,435
2021-03-19,Santa Clara,085,1922200,113182,113232,638,113870,1797
2021-03-19,Santa Cruz,087,273765,15715,15026,801,15827,199
2021-03-19,Shasta,089,179085,11183,11104,1326,12430,103
2021-03-19,Sierra,091,2930,54,49,12,61,0
2021-03-19,Siskiyou,093,43540,1558,1480,255,1735,5
2021-03-19,Solano,095,438530,30535,30395,395,30790,172
2021-03-19,Sonoma,097,501317,28836,28932,251,29183,292
2021-03-19,Stanislaus,099,539301,52413,51755,5537,57292,679
2021-03-19,Sutter,101,95872,9069,9005,81,9086,103
2021-03-19,Tehama,103,63373,4729,4685,509,5194,33
2021-03-19,Trinity,105,12862,472,310,84,394,3
2021-03-19,Tulare,107,460477,49103,47989,8488,56477,805
2021-03-19,Tuolumne,109,53932,3881,3946,36,3982,57
2021-03-19,Ventura,111,848112,79460,78753,2854,81607,920
2021-03-19,Yolo,113,214977,13225,13197,244,13441,189
2021-03-19,Yuba,115,75493,5666,5615,93,5708,42
2021-03-18,Alameda,001,1643700,82996,82419,1780,84199,1189
2021-03-18,Alpine,003,1148,83,82,0,82,0
2021-03-18,Amador,005,37829,3530,3513,32,3545,44
2021-03-18,Butte,007,227075,11580,11179,1651,12830,185
2021-03-18,Calaveras,009,45235,1976,1954,12,1966,49
2021-03-18,Colusa,011,21464,1887,1882,272,2154,12
2021-03-18,Contra Costa,013,1133247,65067,64103,1124,65227,739
2021-03-18,Del Norte,015,27424,1118,1059,5,1064,6
2021-03-18,El Dorado,017,186661,9348,9261,599,9860,105
2021-03-18,Fresno,019,978130,98958,97856,8139,105995,1527
2021-03-18,Glenn,021,27897,2323,2275,520,2795,17
2021-03-18,Humboldt,023,135768,3400,3381,24,3405,34
2021-03-18,Imperial,025,180216,27477,27190,2690,29880,695
2021-03-18,Inyo,027,18085,1362,1354,9,1363,35
2021-03-18,Kern,029,883053,94904,93458,10206,103664,1158
2021-03-18,Kings,031,150075,22702,22354,1016,23370,235
2021-03-18,Lake,033,64148,3318,3260,8,3268,43
2021-03-18,Lassen,035,31185,5140,5126,101,5227,1
2021-03-18,Los Angeles,037,10098052,1183082,1174205,40191,1214396,22689
2021-03-18,Madera,039,155013,15998,15860,875,16735,211
2021-03-18,Marin,041,260295,13539,13435,186,13621,219
2021-03-18,Mariposa,043,17540,387,380,5,385,5
2021-03-18,Mendocino,045,87422,3727,3630,73,3703,45
2021-03-18,Merced,047,269075,29424,29317,971,30288,410
2021-03-18,Modoc,049,8938,350,341,120,461,3
2021-03-18,Mono,051,14174,1212,1215,16,1231,3
2021-03-18,Monterey,053,433212,42408,42105,1760,43865,335
2021-03-18,Napa,055,140530,9279,9243,34,9277,77
2021-03-18,Nevada,057,99092,4206,4154,171,4325,74
2021-03-18,Orange,059,3164182,250055,248050,10584,258634,4514
2021-03-18,Placer,061,380077,21261,20421,1199,21620,243
2021-03-18,Plumas,063,18699,661,648,10,658,4
2021-03-18,Riverside,065,2383286,288617,281789,13640,295429,3957
2021-03-18,Sacramento,067,1510023,97410,95819,1363,97182,1481
2021-03-18,San Benito,069,59416,5835,5842,92,5934,61
2021-03-18,San Bernardino,071,2135413,288364,284294,8681,292975,4076
2021-03-18,San Diego,073,3302833,268806,266752,13299,280051,3478
2021-03-18,San Francisco,075,870044,34909,34904,1167,36071,461
2021-03-18,San Joaquin,077,732212,68862,67301,3019,70320,1169
2021-03-18,San Luis Obispo,079,281455,20243,19894,608,20502,249
2021-03-18,San Mateo,081,765935,40387,39874,427,40301,344
2021-03-18,Santa Barbara,083,443738,32967,32640,1146,33786,434
2021-03-18,Santa Clara,085,1922200,113065,113119,634,113753,1808
2021-03-18,Santa Cruz,087,273765,15705,14998,801,15799,198
2021-03-18,Shasta,089,179085,11169,11059,1324,12383,100
2021-03-18,Sierra,091,2930,54,49,12,61,0
2021-03-18,Siskiyou,093,43540,1555,1480,254,1734,5
2021-03-18,Solano,095,438530,30493,30352,392,30744,172
2021-03-18,Sonoma,097,501317,28814,28915,249,29164,292
2021-03-18,Stanislaus,099,539301,52342,51615,5533,57148,682
2021-03-18,Sutter,101,95872,9057,8999,81,9080,103
2021-03-18,Tehama,103,63373,4723,4683,508,5191,35
2021-03-18,Trinity,105,12862,472,310,84,394,3
2021-03-18,Tulare,107,460477,49084,47964,8473,56437,805
2021-03-18,Tuolumne,109,53932,3880,3942,36,3978,57
2021-03-18,Ventura,111,848112,79403,78697,2854,81551,918
2021-03-18,Yolo,113,214977,13212,13183,244,13427,191
2021-03-18,Yuba,115,75493,5662,5612,93,5705,42
2021-03-17,Alameda,001,1643700,82920,82353,1775,84128,1185
2021-03-17,Alpine,003,1148,83,82,0,82,0
2021-03-17,Amador,005,37829,3528,3511,32,3543,44
2021-03-17,Butte,007,227075,11571,11170,1649,12819,185
2021-03-17,Calaveras,009,45235,1973,1946,12,1958,49
2021-03-17,Colusa,011,21464,1886,1882,272,2154,12
2021-03-17,Contra Costa,013,1133247,64998,64026,1123,65149,737
2021-03-17,Del Norte,015,27424,1114,1053,5,1058,6
2021-03-17,El Dorado,017,186661,9338,9252,599,9851,105
2021-03-17,Fresno,019,978130,98847,97727,8121,105848,1507
2021-03-17,Glenn,021,27897,2316,2269,519,2788,17
2021-03-17,Humboldt,023,135768,3392,3365,24,3389,33
2021-03-17,Imperial,025,180216,27461,27168,2688,29856,691
2021-03-17,Inyo,027,18085,1360,1351,9,1360,35
2021-03-17,Kern,029,883053,94848,93392,10193,103585,1149
2021-03-17,Kings,031,150075,22686,22336,1015,23351,233
2021-03-17,Lake,033,64148,3311,3251,8,3259,43
2021-03-17,Lassen,035,31185,5139,5125,101,5226,1
2021-03-17,Los Angeles,037,10098052,1182629,1173416,40158,1213574,22602
2021-03-17,Madera,039,155013,15991,15835,875,16710,214
2021-03-17,Marin,041,260295,13521,13428,185,13613,218
2021-03-17,Mariposa,043,17540,387,379,5,384,5
2021-03-17,Mendocino,045,87422,3723,3625,73,3698,44
2021-03-17,Merced,047,269075,29396,29250,967,30217,408
2021-03-17,Modoc,049,8938,350,341,120,461,3
2021-03-17,Mono,051,14174,1210,1212,16,1228,3
2021-03-17,Monterey,053,433212,42390,42061,1757,43818,334
2021-03-17,Napa,055,140530,9264,9219,34,9253,76
2021-03-17,Nevada,057,99092,4196,4145,171,4316,74
2021-03-17,Orange,059,3164182,249935,247943,10556,258499,4502
2021-03-17,Placer,061,380077,21234,20369,1197,21566,243
2021-03-17,Plumas,063,18699,660,645,10,655,4
2021-03-17,Riverside,065,2383286,288501,281649,13632,295281,3925
2021-03-17,Sacramento,067,1510023,97282,95650,1358,97008,1477
2021-03-17,San Benito,069,59416,5832,5841,92,5933,61
2021-03-17,San Bernardino,071,2135413,288247,284170,8676,292846,4049
2021-03-17,San Diego,073,3302833,268595,266313,13281,279594,3470
2021-03-17,San Francisco,075,870044,34874,34873,1166,36039,457
2021-03-17,San Joaquin,077,732212,68777,67093,3003,70096,1164
2021-03-17,San Luis Obispo,079,281455,20220,19858,604,20462,249
2021-03-17,San Mateo,081,765935,40357,39838,426,40264,344
2021-03-17,Santa Barbara,083,443738,32947,32585,1145,33730,433
2021-03-17,Santa Clara,085,1922200,112972,112983,633,113616,1805
2021-03-17,Santa Cruz,087,273765,15697,14967,801,15768,199
2021-03-17,Shasta,089,179085,11164,11045,1321,12366,100
2021-03-17,Sierra,091,2930,54,49,12,61,0
2021-03-17,Siskiyou,093,43540,1554,1479,252,1731,5
2021-03-17,Solano,095,438530,30467,30320,390,30710,171
2021-03-17,Sonoma,097,501317,28790,28877,248,29125,292
2021-03-17,Stanislaus,099,539301,52267,51524,5526,57050,682
2021-03-17,Sutter,101,95872,9047,8982,81,9063,103
2021-03-17,Tehama,103,63373,4717,4670,508,5178,34
2021-03-17,Trinity,105,12862,472,308,84,392,3
2021-03-17,Tulare,107,460477,49064,47929,8463,56392,805
2021-03-17,Tuolumne,109,53932,3877,3938,36,3974,57
2021-03-17,Ventura,111,848112,79348,78648,2851,81499,916
2021-03-17,Yolo,113,214977,13195,13169,244,13413,190
2021-03-17,Yuba,115,75493,5659,5603,93,5696,42
2021-03-16,Alameda,001,1643700,82808,82259,1773,84032,1177
2021-03-16,Alpine,003,1148,83,82,0,82,0
2021-03-16,Amador,005,37829,3526,3510,32,3542,44
2021-03-16,Butte,007,227075,11559,11154,1648,12802,184
2021-03-16,Calaveras,009,45235,1968,1945,12,1957,49
2021-03-16,Colusa,011,21464,1885,1882,272,2154,12
2021-03-16,Contra Costa,013,1133247,64915,63951,1120,65071,736
2021-03-16,Del Norte,015,27424,1106,1048,5,1053,6
2021-03-16,El Dorado,017,186661,9322,9249,599,9848,105
2021-03-16,Fresno,019,978130,98708,97638,8099,105737,1498
2021-03-16,Glenn,021,27897,2308,2267,515,2782,17
2021-03-16,Humboldt,023,135768,3388,3351,24,3375,33
2021-03-16,Imperial,025,180216,27450,27143,2686,29829,689
2021-03-16,Inyo,027,18085,1359,1346,9,1355,35
2021-03-16,Kern,029,883053,94782,93340,10178,103518,1144
2021-03-16,Kings,031,150075,22650,22320,1014,23334,233
2021-03-16,Lake,033,64148,3303,3246,8,3254,43
2021-03-16,Lassen,035,31185,5138,5126,101,5227,1
2021-03-16,Los Angeles,037,10098052,1182096,1172676,40120,1212796,22527
2021-03-16,Madera,039,155013,15975,15822,873,16695,214
2021-03-16,Marin,041,260295,13504,13419,185,13604,218
2021-03-16,Mariposa,043,17540,384,379,5,384,5
2021-03-16,Mendocino,045,87422,3718,3623,73,3696,44
2021-03-16,Merced,047,269075,29343,29198,966,30164,407
2021-03-16,Modoc,049,8938,350,341,120,461,3
2021-03-16,Mono,051,14174,1209,1207,16,1223,3
2021-03-16,Monterey,053,433212,42371,42023,1757,43780,334
2021-03-16,Napa,055,140530,9254,9209,34,9243,75
2021-03-16,Nevada,057,99092,4187,4132,170,4302,67
2021-03-16,Orange,059,3164182,249797,247843,10537,258380,4479
2021-03-16,Placer,061,380077,21201,20339,1193,21532,240
2021-03-16,Plumas,063,18699,659,643,10,653,4
2021-03-16,Riverside,065,2383286,288387,281540,13619,295159,3893
2021-03-16,Sacramento,067,1510023,97139,95522,1354,96876,1466
2021-03-16,San Benito,069,59416,5827,5831,92,5923,61
2021-03-16,San Bernardino,071,2135413,288117,283980,8669,292649,4032
2021-03-16,San Diego,073,3302833,268363,265903,13268,279171,3462
2021-03-16,San Francisco,075,870044,34845,34833,1161,35994,456
2021-03-16,San Joaquin,077,732212,68675,66856,2990,69846,1163
2021-03-16,San Luis Obispo,079,281455,20190,19832,602,20434,248
2021-03-16,San Mateo,081,765935,40323,39806,424,40230,344
2021-03-16,Santa Barbara,083,443738,32915,32556,1144,33700,433
2021-03-16,Santa Clara,085,1922200,112854,112845,630,113475,1797
2021-03-16,Santa Cruz,087,273765,15691,14926,801,15727,199
2021-03-16,Shasta,089,179085,11148,11035,1318,12353,100
2021-03-16,Sierra,091,2930,53,49,12,61,0
2021-03-16,Siskiyou,093,43540,1550,1477,252,1729,5
2021-03-16,Solano,095,438530,30433,30298,388,30686,171
2021-03-16,Sonoma,097,501317,28758,28850,246,29096,291
2021-03-16,Stanislaus,099,539301,52187,51410,5519,56929,683
2021-03-16,Sutter,101,95872,9039,8970,81,9051,102
2021-03-16,Tehama,103,63373,4713,4660,507,5167,34
2021-03-16,Trinity,105,12862,472,308,83,391,3
2021-03-16,Tulare,107,460477,49017,47895,8455,56350,803
2021-03-16,Tuolumne,109,53932,3874,3938,36,3974,57
2021-03-16,Ventura,111,848112,79281,78671,2844,81515,916
2021-03-16,Yolo,113,214977,13180,13162,244,13406,190
2021-03-16,Yuba,115,75493,5656,5596,92,5688,42
2021-03-15,Alameda,001,1643700,82720,82159,1773,83932,1167
2021-03-15,Alpine,003,1148,83,82,0,82,0
2021-03-15,Amador,005,37829,3525,3506,32,3538,44
2021-03-15,Butte,007,227075,11546,11141,1644,12785,185
2021-03-15,Calaveras,009,45235,1967,1941,12,1953,49
2021-03-15,Colusa,011,21464,1885,1883,272,2155,12
2021-03-15,Contra Costa,013,1133247,64853,63847,1119,64966,732
2021-03-15,Del Norte,015,27424,1103,1048,5,1053,6
2021-03-15,El Dorado,017,186661,9316,9235,598,9833,103
2021-03-15,Fresno,019,978130,98581,97520,8084,105604,1496
2021-03-15,Glenn,021,27897,2303,2261,512,2773,15
2021-03-15,Humboldt,023,135768,3382,3337,24,3361,32
2021-03-15,Imperial,025,180216,27429,27122,2683,29805,684
2021-03-15,Inyo,027,18085,1359,1346,9,1355,35
2021-03-15,Kern,029,883053,94722,93266,10171,103437,1141
2021-03-15,Kings,031,150075,22633,22294,1009,23303,233
2021-03-15,Lake,033,64148,3291,3237,8,3245,43
2021-03-15,Lassen,035,31185,5138,5125,101,5226,1
2021-03-15,Los Angeles,037,10098052,1181527,1172445,40085,1212530,22477
2021-03-15,Madera,039,155013,15964,15806,871,16677,214
2021-03-15,Marin,041,260295,13498,13408,184,13592,218
2021-03-15,Mariposa,043,17540,384,376,5,381,5
2021-03-15,Mendocino,045,87422,3714,3615,73,3688,44
2021-03-15,Merced,047,269075,29305,29169,964,30133,407
2021-03-15,Modoc,049,8938,350,340,120,460,3
2021-03-15,Mono,051,14174,1208,1206,16,1222,3
2021-03-15,Monterey,053,433212,42343,42011,1754,43765,333
2021-03-15,Napa,055,140530,9243,9196,34,9230,75
2021-03-15,Nevada,057,99092,4182,4123,169,4292,66
2021-03-15,Orange,059,3164182,249684,247697,10516,258213,4481
2021-03-15,Placer,061,380077,21178,20308,1193,21501,238
2021-03-15,Plumas,063,18699,659,642,10,652,4
2021-03-15,Riverside,065,2383286,288234,281367,13609,294976,3856
2021-03-15,Sacramento,067,1510023,96986,95414,1348,96762,1463
2021-03-15,San Benito,069,59416,5824,5831,92,5923,61
2021-03-15,San Bernardino,071,2135413,288024,283815,8661,292476,4004
2021-03-15,San Diego,073,3302833,268114,265646,13252,278898,3452
2021-03-15,San Francisco,075,870044,34810,34820,1157,35977,456
2021-03-15,San Joaquin,077,732212,68571,66622,2977,69599,1140
2021-03-15,San Luis Obispo,079,281455,20159,19813,598,20411,247
2021-03-15,San Mateo,081,765935,40269,39765,424,40189,344
2021-03-15,Santa Barbara,083,443738,32892,32529,1141,33670,431
2021-03-15,Santa Clara,085,1922200,112751,112729,628,113357,1798
2021-03-15,Santa Cruz,087,273765,15685,14899,799,15698,200
2021-03-15,Shasta,089,179085,11132,11019,1313,12332,92
2021-03-15,Sierra,091,2930,53,49,12,61,0
2021-03-15,Siskiyou,093,43540,1550,1475,252,1727,5
2021-03-15,Solano,095,438530,30404,30258,387,30645,171
2021-03-15,Sonoma,097,501317,28740,28814,243,29057,285
2021-03-15,Stanislaus,099,539301,52109,51357,5512,56869,683
2021-03-15,Sutter,101,95872,9033,8962,81,9043,102
2021-03-15,Tehama,103,63373,4703,4650,506,5156,34
2021-03-15,Trinity,105,12862,472,308,83,391,3
2021-03-15,Tulare,107,460477,48987,47857,8440,56297,800
2021-03-15,Tuolumne,109,53932,3872,3937,35,3972,57
2021-03-15,Ventura,111,848112,79227,78626,2843,81469,910
2021-03-15,Yolo,113,214977,13161,13131,242,13373,190
2021-03-15,Yuba,115,75493,5651,5585,91,5676,42
2021-03-14,Alameda,001,1643700,82634,82116,1770,83886,1168
2021-03-14,Alpine,003,1148,83,82,0,82,0
2021-03-14,Amador,005,37829,3520,3504,32,3536,44
2021-03-14,Butte,007,227075,11533,11140,1640,12780,185
2021-03-14,Calaveras,009,45235,1963,1939,12,1951,49
2021-03-14,Colusa,011,21464,1885,1883,272,2155,12
2021-03-14,Contra Costa,013,1133247,64748,63808,1118,64926,731
2021-03-14,Del Norte,015,27424,1089,1048,5,1053,6
2021-03-14,El Dorado,017,186661,9306,9231,598,9829,103
2021-03-14,Fresno,019,978130,98473,97461,8066,105527,1496
2021-03-14,Glenn,021,27897,2298,2260,509,2769,15
2021-03-14,Humboldt,023,135768,3368,3335,24,3359,32
2021-03-14,Imperial,025,180216,27411,27122,2679,29801,685
2021-03-14,Inyo,027,18085,1355,1346,9,1355,35
2021-03-14,Kern,029,883053,94639,93252,10153,103405,1141
2021-03-14,Kings,031,150075,22614,22292,1007,23299,232
2021-03-14,Lake,033,64148,3286,3237,8,3245,43
2021-03-14,Lassen,035,31185,5136,5125,101,5226,1
2021-03-14,Los Angeles,037,10098052,1180958,1172100,40049,1212149,22476
2021-03-14,Madera,039,155013,15939,15804,871,16675,214
2021-03-14,Marin,041,260295,13482,13405,182,13587,218
2021-03-14,Mariposa,043,17540,382,376,5,381,5
2021-03-14,Mendocino,045,87422,3709,3613,73,3686,44
2021-03-14,Merced,047,269075,29237,29149,960,30109,407
2021-03-14,Modoc,049,8938,350,340,120,460,3
2021-03-14,Mono,051,14174,1202,1206,16,1222,3
2021-03-14,Monterey,053,433212,42319,42007,1750,43757,333
2021-03-14,Napa,055,140530,9225,9194,34,9228,75
2021-03-14,Nevada,057,99092,4176,4122,167,4289,66
2021-03-14,Orange,059,3164182,249553,247656,10496,258152,4460
2021-03-14,Placer,061,380077,21143,20288,1185,21473,238
2021-03-14,Plumas,063,18699,657,642,10,652,4
2021-03-14,Riverside,065,2383286,288076,281332,13601,294933,3845
2021-03-14,Sacramento,067,1510023,96808,95343,1343,96686,1462
2021-03-14,San Benito,069,59416,5815,5829,92,5921,61
2021-03-14,San Bernardino,071,2135413,287900,283791,8650,292441,3996
2021-03-14,San Diego,073,3302833,267879,265468,13239,278707,3452
2021-03-14,San Francisco,075,870044,34771,34810,1154,35964,455
2021-03-14,San Joaquin,077,732212,68443,66563,2960,69523,1140
2021-03-14,San Luis Obispo,079,281455,20130,19806,596,20402,247
2021-03-14,San Mateo,081,765935,40230,39744,424,40168,342
2021-03-14,Santa Barbara,083,443738,32848,32514,1139,33653,431
2021-03-14,Santa Clara,085,1922200,112623,112648,627,113275,1796
2021-03-14,Santa Cruz,087,273765,15668,14887,797,15684,200
2021-03-14,Shasta,089,179085,11116,11019,1306,12325,92
2021-03-14,Sierra,091,2930,53,49,12,61,0
2021-03-14,Siskiyou,093,43540,1546,1473,251,1724,5
2021-03-14,Solano,095,438530,30372,30230,382,30612,171
2021-03-14,Sonoma,097,501317,28705,28798,239,29037,284
2021-03-14,Stanislaus,099,539301,51988,51306,5504,56810,690
2021-03-14,Sutter,101,95872,9017,8958,81,9039,102
2021-03-14,Tehama,103,63373,4691,4650,505,5155,34
2021-03-14,Trinity,105,12862,471,308,82,390,3
2021-03-14,Tulare,107,460477,48954,47845,8419,56264,800
2021-03-14,Tuolumne,109,53932,3870,3937,35,3972,57
2021-03-14,Ventura,111,848112,79174,78611,2837,81448,910
2021-03-14,Yolo,113,214977,13139,13128,238,13366,189
2021-03-14,Yuba,115,75493,5641,5583,91,5674,42
2021-03-13,Alameda,001,1643700,82574,82010,1770,83780,1168
2021-03-13,Alpine,003,1148,83,82,0,82,0
2021-03-13,Amador,005,37829,3517,3504,32,3536,44
2021-03-13,Butte,007,227075,11524,11131,1639,12770,185
2021-03-13,Calaveras,009,45235,1962,1939,12,1951,49
2021-03-13,Colusa,011,21464,1885,1882,272,2154,12
2021-03-13,Contra Costa,013,1133247,64687,63689,1118,64807,731
2021-03-13,Del Norte,015,27424,1085,1041,5,1046,6
2021-03-13,El Dorado,017,186661,9298,9221,598,9819,103
2021-03-13,Fresno,019,978130,98414,97324,8046,105370,1495
2021-03-13,Glenn,021,27897,2297,2260,508,2768,15
2021-03-13,Humboldt,023,135768,3361,3325,24,3349,32
2021-03-13,Imperial,025,180216,27406,27099,2674,29773,677
2021-03-13,Inyo,027,18085,1354,1344,9,1353,35
2021-03-13,Kern,029,883053,94600,93197,10147,103344,1140
2021-03-13,Kings,031,150075,22598,22265,1006,23271,232
2021-03-13,Lake,033,64148,3279,3234,7,3241,43
2021-03-13,Lassen,035,31185,5136,5125,101,5226,1
2021-03-13,Los Angeles,037,10098052,1180643,1171505,40005,1211510,22451
2021-03-13,Madera,039,155013,15927,15780,871,16651,214
2021-03-13,Marin,041,260295,13476,13391,180,13571,218
2021-03-13,Mariposa,043,17540,381,376,5,381,5
2021-03-13,Mendocino,045,87422,3705,3611,73,3684,44
2021-03-13,Merced,047,269075,29206,29106,960,30066,406
2021-03-13,Modoc,049,8938,350,340,119,459,3
2021-03-13,Mono,051,14174,1202,1207,16,1223,3
2021-03-13,Monterey,053,433212,42309,41989,1748,43737,332
2021-03-13,Napa,055,140530,9219,9190,34,9224,75
2021-03-13,Nevada,057,99092,4169,4111,166,4277,66
2021-03-13,Orange,059,3164182,249472,247514,10480,257994,4423
2021-03-13,Placer,061,380077,21122,20238,1182,21420,239
2021-03-13,Plumas,063,18699,655,642,10,652,4
2021-03-13,Riverside,065,2383286,287984,281191,13593,294784,3848
2021-03-13,Sacramento,067,1510023,96722,95192,1341,96533,1461
2021-03-13,San Benito,069,59416,5812,5823,92,5915,61
2021-03-13,San Bernardino,071,2135413,287846,283727,8644,292371,3972
2021-03-13,San Diego,073,3302833,267724,265270,13225,278495,3444
2021-03-13,San Francisco,075,870044,34754,34784,1145,35929,455
2021-03-13,San Joaquin,077,732212,68387,66480,2938,69418,1141
2021-03-13,San Luis Obispo,079,281455,20112,19789,595,20384,247
2021-03-13,San Mateo,081,765935,40203,39689,423,40112,341
2021-03-13,Santa Barbara,083,443738,32823,32486,1138,33624,431
2021-03-13,Santa Clara,085,1922200,112538,112531,626,113157,1790
2021-03-13,Santa Cruz,087,273765,15661,14875,797,15672,199
2021-03-13,Shasta,089,179085,11108,11021,1303,12324,108
2021-03-13,Sierra,091,2930,52,49,12,61,0
2021-03-13,Siskiyou,093,43540,1545,1470,251,1721,5
2021-03-13,Solano,095,438530,30355,30198,382,30580,171
2021-03-13,Sonoma,097,501317,28685,28762,235,28997,285
2021-03-13,Stanislaus,099,539301,51937,51257,5499,56756,695
2021-03-13,Sutter,101,95872,9010,8948,81,9029,102
2021-03-13,Tehama,103,63373,4689,4647,505,5152,33
2021-03-13,Trinity,105,12862,471,306,82,388,3
2021-03-13,Tulare,107,460477,48928,47818,8411,56229,798
2021-03-13,Tuolumne,109,53932,3867,3937,35,3972,57
2021-03-13,Ventura,111,848112,79125,78693,2837,81530,906
2021-03-13,Yolo,113,214977,13131,13087,237,13324,189
2021-03-13,Yuba,115,75493,5640,5577,91,5668,42
2021-03-12,Alameda,001,1643700,82498,81898,1769,83667,1164
2021-03-12,Alpine,003,1148,83,82,0,82,0
2021-03-12,Amador,005,37829,3514,3503,32,3535,44
2021-03-12,Butte,007,227075,11514,11126,1637,12763,184
2021-03-12,Calaveras,009,45235,1962,1916,12,1928,49
2021-03-12,Colusa,011,21464,1885,1883,272,2155,12
2021-03-12,Contra Costa,013,1133247,64611,63583,1118,64701,728
2021-03-12,Del Norte,015,27424,1079,1033,5,1038,6
2021-03-12,El Dorado,017,186661,9289,9219,598,9817,103
2021-03-12,Fresno,019,978130,98317,97185,8035,105220,1489
2021-03-12,Glenn,021,27897,2296,2258,507,2765,15
2021-03-12,Humboldt,023,135768,3356,3315,24,3339,32
2021-03-12,Imperial,025,180216,27395,27071,2672,29743,677
2021-03-12,Inyo,027,18085,1352,1339,9,1348,35
2021-03-12,Kern,029,883053,94566,93142,10131,103273,1132
2021-03-12,Kings,031,150075,22579,22233,1006,23239,232
2021-03-12,Lake,033,64148,3273,3226,6,3232,43
2021-03-12,Lassen,035,31185,5136,5125,100,5225,1
2021-03-12,Los Angeles,037,10098052,1180244,1170860,39988,1210848,22409
2021-03-12,Madera,039,155013,15915,15761,868,16629,214
2021-03-12,Marin,041,260295,13469,13375,180,13555,218
2021-03-12,Mariposa,043,17540,379,376,5,381,5
2021-03-12,Mendocino,045,87422,3702,3605,73,3678,43
2021-03-12,Merced,047,269075,29175,29064,960,30024,403
2021-03-12,Modoc,049,8938,350,340,119,459,3
2021-03-12,Mono,051,14174,1201,1206,16,1222,3
2021-03-12,Monterey,053,433212,42295,41964,1743,43707,329
2021-03-12,Napa,055,140530,9210,9180,34,9214,75
2021-03-12,Nevada,057,99092,4159,4101,166,4267,66
2021-03-12,Orange,059,3164182,249379,247388,10469,257857,4401
2021-03-12,Placer,061,380077,21089,20210,1177,21387,239
2021-03-12,Plumas,063,18699,654,641,10,651,4
2021-03-12,Riverside,065,2383286,287885,281037,13585,294622,3854
2021-03-12,Sacramento,067,1510023,96598,95061,1334,96395,1460
2021-03-12,San Benito,069,59416,5809,5817,92,5909,61
2021-03-12,San Bernardino,071,2135413,287789,283558,8639,292197,3917
2021-03-12,San Diego,073,3302833,267561,264886,13217,278103,3434
2021-03-12,San Francisco,075,870044,34733,34758,1142,35900,452
2021-03-12,San Joaquin,077,732212,68316,66482,2929,69411,1144
2021-03-12,San Luis Obispo,079,281455,20098,19769,593,20362,247
2021-03-12,San Mateo,081,765935,40167,39638,421,40059,341
2021-03-12,Santa Barbara,083,443738,32800,32457,1135,33592,429
2021-03-12,Santa Clara,085,1922200,112443,112396,625,113021,1766
2021-03-12,Santa Cruz,087,273765,15649,14846,795,15641,195
2021-03-12,Shasta,089,179085,11099,11143,1301,12444,153
2021-03-12,Sierra,091,2930,52,49,12,61,0
2021-03-12,Siskiyou,093,43540,1545,1468,250,1718,5
2021-03-12,Solano,095,438530,30336,30180,381,30561,171
2021-03-12,Sonoma,097,501317,28658,28714,235,28949,285
2021-03-12,Stanislaus,099,539301,51879,51146,5492,56638,701
2021-03-12,Sutter,101,95872,9004,8940,81,9021,101
2021-03-12,Tehama,103,63373,4685,4638,504,5142,33
2021-03-12,Trinity,105,12862,470,306,81,387,3
2021-03-12,Tulare,107,460477,48903,47772,8405,56177,798
2021-03-12,Tuolumne,109,53932,3866,3936,35,3971,57
2021-03-12,Ventura,111,848112,79082,78698,2833,81531,899
2021-03-12,Yolo,113,214977,13121,13061,230,13291,189
2021-03-12,Yuba,115,75493,5633,5563,90,5653,42
2021-03-11,Alameda,001,1643700,82405,81809,1764,83573,1164
2021-03-11,Alpine,003,1148,83,78,0,78,0
2021-03-11,Amador,005,37829,3513,3498,32,3530,42
2021-03-11,Butte,007,227075,11503,11110,1635,12745,185
2021-03-11,Calaveras,009,45235,1959,1915,12,1927,49
2021-03-11,Colusa,011,21464,1885,1883,272,2155,12
2021-03-11,Contra Costa,013,1133247,64538,63469,1116,64585,728
2021-03-11,Del Norte,015,27424,1074,1027,5,1032,6
2021-03-11,El Dorado,017,186661,9275,9211,598,9809,101
2021-03-11,Fresno,019,978130,98201,97026,8006,105032,1481
2021-03-11,Glenn,021,27897,2293,2255,507,2762,15
2021-03-11,Humboldt,023,135768,3339,3302,24,3326,32
2021-03-11,Imperial,025,180216,27388,27045,2669,29714,675
2021-03-11,Inyo,027,18085,1347,1335,9,1344,35
2021-03-11,Kern,029,883053,94510,93052,10092,103144,1121
2021-03-11,Kings,031,150075,22564,22183,1003,23186,230
2021-03-11,Lake,033,64148,3269,3214,6,3220,42
2021-03-11,Lassen,035,31185,5135,5124,100,5224,1
2021-03-11,Los Angeles,037,10098052,1179712,1170111,39956,1210067,22316
2021-03-11,Madera,039,155013,15904,15725,866,16591,214
2021-03-11,Marin,041,260295,13457,13356,179,13535,217
2021-03-11,Mariposa,043,17540,379,376,5,381,5
2021-03-11,Mendocino,045,87422,3695,3604,73,3677,42
2021-03-11,Merced,047,269075,29126,29001,959,29960,401
2021-03-11,Modoc,049,8938,350,340,119,459,3
2021-03-11,Mono,051,14174,1200,1206,16,1222,3
2021-03-11,Monterey,053,433212,42272,41936,1737,43673,329
2021-03-11,Napa,055,140530,9197,9173,34,9207,75
2021-03-11,Nevada,057,99092,4147,4085,164,4249,66
2021-03-11,Orange,059,3164182,249241,247217,10451,257668,4373
2021-03-11,Placer,061,380077,21047,20178,1173,21351,239
2021-03-11,Plumas,063,18699,653,640,10,650,4
2021-03-11,Riverside,065,2383286,287715,280881,13572,294453,3842
2021-03-11,Sacramento,067,1510023,96457,94912,1331,96243,1455
2021-03-11,San Benito,069,59416,5806,5816,92,5908,61
2021-03-11,San Bernardino,071,2135413,287692,283312,8633,291945,3869
2021-03-11,San Diego,073,3302833,267397,264524,13201,277725,3422
2021-03-11,San Francisco,075,870044,34697,34722,1136,35858,452
2021-03-11,San Joaquin,077,732212,68204,66522,2921,69443,1157
2021-03-11,San Luis Obispo,079,281455,20073,19748,592,20340,247
2021-03-11,San Mateo,081,765935,40130,39590,420,40010,341
2021-03-11,Santa Barbara,083,443738,32773,32408,1130,33538,430
2021-03-11,Santa Clara,085,1922200,112312,112246,622,112868,1765
2021-03-11,Santa Cruz,087,273765,15637,14812,794,15606,193
2021-03-11,Shasta,089,179085,11089,11139,1296,12435,158
2021-03-11,Sierra,091,2930,52,48,12,60,0
2021-03-11,Siskiyou,093,43540,1542,1466,250,1716,5
2021-03-11,Solano,095,438530,30308,30138,380,30518,171
2021-03-11,Sonoma,097,501317,28629,28677,235,28912,285
2021-03-11,Stanislaus,099,539301,51794,51038,5484,56522,707
2021-03-11,Sutter,101,95872,8998,8933,81,9014,101
2021-03-11,Tehama,103,63373,4676,4632,503,5135,33
2021-03-11,Trinity,105,12862,469,304,80,384,3
2021-03-11,Tulare,107,460477,48866,47709,8394,56103,797
2021-03-11,Tuolumne,109,53932,3864,3934,35,3969,57
2021-03-11,Ventura,111,848112,79032,78697,2829,81526,889
2021-03-11,Yolo,113,214977,13104,13041,228,13269,190
2021-03-11,Yuba,115,75493,5629,5553,90,5643,42
2021-03-10,Alameda,001,1643700,82298,81701,1759,83460,1160
2021-03-10,Alpine,003,1148,82,78,0,78,0
2021-03-10,Amador,005,37829,3511,3496,32,3528,42
2021-03-10,Butte,007,227075,11493,11096,1635,12731,185
2021-03-10,Calaveras,009,45235,1953,1913,12,1925,48
2021-03-10,Colusa,011,21464,1885,1882,272,2154,12
2021-03-10,Contra Costa,013,1133247,64439,63372,1112,64484,725
2021-03-10,Del Norte,015,27424,1072,1020,5,1025,5
2021-03-10,El Dorado,017,186661,9262,9203,598,9801,100
2021-03-10,Fresno,019,978130,98094,96866,7990,104856,1471
2021-03-10,Glenn,021,27897,2290,2253,505,2758,15
2021-03-10,Humboldt,023,135768,3329,3296,23,3319,32
2021-03-10,Imperial,025,180216,27373,27051,2669,29720,675
2021-03-10,Inyo,027,18085,1347,1328,9,1337,35
2021-03-10,Kern,029,883053,94444,92965,10071,103036,1102
2021-03-10,Kings,031,150075,22545,22166,1001,23167,226
2021-03-10,Lake,033,64148,3259,3207,6,3213,42
2021-03-10,Lassen,035,31185,5135,5120,100,5220,1
2021-03-10,Los Angeles,037,10098052,1179165,1169079,39929,1209008,22199
2021-03-10,Madera,039,155013,15883,15705,863,16568,212
2021-03-10,Marin,041,260295,13447,13348,178,13526,216
2021-03-10,Mariposa,043,17540,379,376,5,381,5
2021-03-10,Mendocino,045,87422,3690,3602,73,3675,42
2021-03-10,Merced,047,269075,29089,28927,956,29883,401
2021-03-10,Modoc,049,8938,349,338,119,457,3
2021-03-10,Mono,051,14174,1196,1204,16,1220,3
2021-03-10,Monterey,053,433212,42250,41920,1733,43653,329
2021-03-10,Napa,055,140530,9188,9165,34,9199,75
2021-03-10,Nevada,057,99092,4143,4074,164,4238,66
2021-03-10,Orange,059,3164182,249092,247075,10435,257510,4342
2021-03-10,Placer,061,380077,21013,20144,1167,21311,239
2021-03-10,Plumas,063,18699,652,639,10,649,4
2021-03-10,Riverside,065,2383286,287574,280708,13558,294266,3822
2021-03-10,Sacramento,067,1510023,96327,94796,1325,96121,1452
2021-03-10,San Benito,069,59416,5797,5811,92,5903,61
2021-03-10,San Bernardino,071,2135413,287599,283140,8627,291767,3841
2021-03-10,San Diego,073,3302833,267175,264094,13189,277283,3413
2021-03-10,San Francisco,075,870044,34662,34688,1128,35816,450
2021-03-10,San Joaquin,077,732212,68102,66483,2904,69387,1156
2021-03-10,San Luis Obispo,079,281455,20049,19710,588,20298,247
2021-03-10,San Mateo,081,765935,40106,39571,420,39991,338
2021-03-10,Santa Barbara,083,443738,32746,32356,1127,33483,429
2021-03-10,Santa Clara,085,1922200,112205,112103,618,112721,1759
2021-03-10,Santa Cruz,087,273765,15622,14790,793,15583,192
2021-03-10,Shasta,089,179085,11079,11125,1293,12418,155
2021-03-10,Sierra,091,2930,52,48,12,60,0
2021-03-10,Siskiyou,093,43540,1540,1458,250,1708,5
2021-03-10,Solano,095,438530,30278,30111,379,30490,170
2021-03-10,Sonoma,097,501317,28594,28638,234,28872,286
2021-03-10,Stanislaus,099,539301,51705,50968,5465,56433,706
2021-03-10,Sutter,101,95872,8987,8918,81,8999,101
2021-03-10,Tehama,103,63373,4666,4623,503,5126,33
2021-03-10,Trinity,105,12862,469,304,80,384,3
2021-03-10,Tulare,107,460477,48818,47659,8376,56035,793
2021-03-10,Tuolumne,109,53932,3863,3931,35,3966,57
2021-03-10,Ventura,111,848112,78955,78609,2827,81436,878
2021-03-10,Yolo,113,214977,13081,13021,227,13248,189
2021-03-10,Yuba,115,75493,5615,5545,89,5634,42
2021-03-09,Alameda,001,1643700,82211,81618,1759,83377,1151
2021-03-09,Alpine,003,1148,82,78,0,78,0
2021-03-09,Amador,005,37829,3509,3494,32,3526,42
2021-03-09,Butte,007,227075,11480,11092,1633,12725,185
2021-03-09,Calaveras,009,45235,1951,1913,12,1925,48
2021-03-09,Colusa,011,21464,1885,1880,272,2152,11
2021-03-09,Contra Costa,013,1133247,64346,63314,1110,64424,723
2021-03-09,Del Norte,015,27424,1064,1017,5,1022,5
2021-03-09,El Dorado,017,186661,9255,9198,598,9796,98
2021-03-09,Fresno,019,978130,97975,96744,7963,104707,1463
2021-03-09,Glenn,021,27897,2286,2251,503,2754,15
2021-03-09,Humboldt,023,135768,3317,3288,22,3310,32
2021-03-09,Imperial,025,180216,27364,27045,2665,29710,675
2021-03-09,Inyo,027,18085,1345,1324,9,1333,35
2021-03-09,Kern,029,883053,94365,92924,10053,102977,1088
2021-03-09,Kings,031,150075,22520,22143,999,23142,226
2021-03-09,Lake,033,64148,3253,3202,6,3208,42
2021-03-09,Lassen,035,31185,5135,5120,100,5220,1
2021-03-09,Los Angeles,037,10098052,1178567,1167967,39895,1207862,22080
2021-03-09,Madera,039,155013,15872,15701,861,16562,211
2021-03-09,Marin,041,260295,13429,13335,176,13511,214
2021-03-09,Mariposa,043,17540,379,376,5,381,5
2021-03-09,Mendocino,045,87422,3686,3595,73,3668,42
2021-03-09,Merced,047,269075,29029,28876,953,29829,399
2021-03-09,Modoc,049,8938,349,338,118,456,3
2021-03-09,Mono,051,14174,1195,1203,16,1219,3
2021-03-09,Monterey,053,433212,42231,41894,1725,43619,329
2021-03-09,Napa,055,140530,9174,9155,34,9189,75
2021-03-09,Nevada,057,99092,4135,4062,164,4226,66
2021-03-09,Orange,059,3164182,248949,246989,10415,257404,4310
2021-03-09,Placer,061,380077,20971,20122,1162,21284,239
2021-03-09,Plumas,063,18699,649,639,10,649,4
2021-03-09,Riverside,065,2383286,287439,280562,13554,294116,3821
2021-03-09,Sacramento,067,1510023,96159,94720,1319,96039,1442
2021-03-09,San Benito,069,59416,5793,5800,92,5892,61
2021-03-09,San Bernardino,071,2135413,287485,282971,8620,291591,3823
2021-03-09,San Diego,073,3302833,266943,263745,13168,276913,3405
2021-03-09,San Francisco,075,870044,34631,34654,1124,35778,450
2021-03-09,San Joaquin,077,732212,67974,66383,2894,69277,1150
2021-03-09,San Luis Obispo,079,281455,20031,19672,581,20253,245
2021-03-09,San Mateo,081,765935,40059,39535,418,39953,336
2021-03-09,Santa Barbara,083,443738,32705,32314,1125,33439,428
2021-03-09,Santa Clara,085,1922200,112094,111963,613,112576,1756
2021-03-09,Santa Cruz,087,273765,15600,14764,792,15556,188
2021-03-09,Shasta,089,179085,11072,11113,1288,12401,155
2021-03-09,Sierra,091,2930,52,48,12,60,0
2021-03-09,Siskiyou,093,43540,1536,1447,248,1695,5
2021-03-09,Solano,095,438530,30242,30090,377,30467,169
2021-03-09,Sonoma,097,501317,28544,28601,231,28832,284
2021-03-09,Stanislaus,099,539301,51608,50884,5456,56340,703
2021-03-09,Sutter,101,95872,8974,8914,81,8995,101
2021-03-09,Tehama,103,63373,4658,4620,502,5122,33
2021-03-09,Trinity,105,12862,469,304,80,384,3
2021-03-09,Tulare,107,460477,48791,47637,8355,55992,792
2021-03-09,Tuolumne,109,53932,3861,3929,35,3964,56
2021-03-09,Ventura,111,848112,78885,78526,2825,81351,863
2021-03-09,Yolo,113,214977,13070,13015,226,13241,189
2021-03-09,Yuba,115,75493,5608,5539,89,5628,42
2021-03-08,Alameda,001,1643700,82098,81543,1758,83301,1142
2021-03-08,Alpine,003,1148,82,78,0,78,0
2021-03-08,Amador,005,37829,3506,3490,32,3522,42
2021-03-08,Butte,007,227075,11465,11082,1632,12714,185
2021-03-08,Calaveras,009,45235,1947,1909,12,1921,48
2021-03-08,Colusa,011,21464,1885,1877,272,2149,11
2021-03-08,Contra Costa,013,1133247,64251,63240,1110,64350,719
2021-03-08,Del Norte,015,27424,1059,1012,5,1017,5
2021-03-08,El Dorado,017,186661,9252,9188,597,9785,97
2021-03-08,Fresno,019,978130,97876,96665,7942,104607,1442
2021-03-08,Glenn,021,27897,2285,2249,503,2752,15
2021-03-08,Humboldt,023,135768,3303,3278,22,3300,31
2021-03-08,Imperial,025,180216,27357,27033,2661,29694,663
2021-03-08,Inyo,027,18085,1343,1320,9,1329,35
2021-03-08,Kern,029,883053,94298,92857,10033,102890,1087
2021-03-08,Kings,031,150075,22499,22130,997,23127,226
2021-03-08,Lake,033,64148,3241,3195,6,3201,42
2021-03-08,Lassen,035,31185,5135,5119,100,5219,1
2021-03-08,Los Angeles,037,10098052,1177949,1163409,39863,1203272,21868
2021-03-08,Madera,039,155013,15862,15691,859,16550,211
2021-03-08,Marin,041,260295,13409,13328,174,13502,214
2021-03-08,Mariposa,043,17540,379,376,5,381,5
2021-03-08,Mendocino,045,87422,3684,3590,72,3662,42
2021-03-08,Merced,047,269075,28969,28841,952,29793,398
2021-03-08,Modoc,049,8938,349,338,118,456,3
2021-03-08,Mono,051,14174,1194,1200,16,1216,3
2021-03-08,Monterey,053,433212,42210,41863,1724,43587,328
2021-03-08,Napa,055,140530,9171,9146,34,9180,75
2021-03-08,Nevada,057,99092,4127,4059,164,4223,66
2021-03-08,Orange,059,3164182,248775,246900,10383,257283,4243
2021-03-08,Placer,061,380077,20936,20102,1151,21253,239
2021-03-08,Plumas,063,18699,648,635,10,645,4
2021-03-08,Riverside,065,2383286,287287,280463,13544,294007,3783
2021-03-08,Sacramento,067,1510023,95989,94654,1314,95968,1438
2021-03-08,San Benito,069,59416,5790,5797,92,5889,61
2021-03-08,San Bernardino,071,2135413,287376,282894,8613,291507,3811
2021-03-08,San Diego,073,3302833,266702,263272,13153,276425,3390
2021-03-08,San Francisco,075,870044,34604,34634,1120,35754,446
2021-03-08,San Joaquin,077,732212,67857,66307,2885,69192,1139
2021-03-08,San Luis Obispo,079,281455,19988,19656,578,20234,245
2021-03-08,San Mateo,081,765935,40010,39492,416,39908,335
2021-03-08,Santa Barbara,083,443738,32673,32293,1125,33418,427
2021-03-08,Santa Clara,085,1922200,111965,111882,611,112493,1756
2021-03-08,Santa Cruz,087,273765,15580,14729,792,15521,188
2021-03-08,Shasta,089,179085,11064,11088,1283,12371,155
2021-03-08,Sierra,091,2930,52,48,12,60,0
2021-03-08,Siskiyou,093,43540,1535,1440,248,1688,5
2021-03-08,Solano,095,438530,30202,30068,375,30443,169
2021-03-08,Sonoma,097,501317,28500,28571,230,28801,284
2021-03-08,Stanislaus,099,539301,51528,50825,5451,56276,690
2021-03-08,Sutter,101,95872,8971,8905,81,8986,100
2021-03-08,Tehama,103,63373,4655,4615,501,5116,33
2021-03-08,Trinity,105,12862,468,302,80,382,3
2021-03-08,Tulare,107,460477,48750,47587,8330,55917,791
2021-03-08,Tuolumne,109,53932,3860,3921,35,3956,56
2021-03-08,Ventura,111,848112,78814,78526,2817,81343,852
2021-03-08,Yolo,113,214977,13047,13000,225,13225,189
2021-03-08,Yuba,115,75493,5598,5530,89,5619,42
2021-03-07,Alameda,001,1643700,81980,81413,1757,83170,1145
2021-03-07,Alpine,003,1148,82,78,0,78,0
2021-03-07,Amador,005,37829,3503,3489,32,3521,42
2021-03-07,Butte,007,227075,11450,11075,1631,12706,185
2021-03-07,Calaveras,009,45235,1943,1906,12,1918,48
2021-03-07,Colusa,011,21464,1884,1876,272,2148,11
2021-03-07,Contra Costa,013,1133247,64152,63148,1108,64256,719
2021-03-07,Del Norte,015,27424,1054,1010,5,1015,5
2021-03-07,El Dorado,017,186661,9249,9184,596,9780,97
2021-03-07,Fresno,019,978130,97698,96549,7920,104469,1442
2021-03-07,Glenn,021,27897,2283,2244,503,2747,15
2021-03-07,Humboldt,023,135768,3293,3274,22,3296,31
2021-03-07,Imperial,025,180216,27348,27019,2658,29677,658
2021-03-07,Inyo,027,18085,1340,1320,9,1329,35
2021-03-07,Kern,029,883053,94211,92746,10003,102749,1086
2021-03-07,Kings,031,150075,22477,22103,996,23099,224
2021-03-07,Lake,033,64148,3235,3192,6,3198,42
2021-03-07,Lassen,035,31185,5134,5119,100,5219,1
2021-03-07,Los Angeles,037,10098052,1177225,1162749,39826,1202575,21857
2021-03-07,Madera,039,155013,15843,15675,859,16534,211
2021-03-07,Marin,041,260295,13401,13313,172,13485,214
2021-03-07,Mariposa,043,17540,378,376,5,381,5
2021-03-07,Mendocino,045,87422,3680,3581,72,3653,42
2021-03-07,Merced,047,269075,28895,28829,948,29777,399
2021-03-07,Modoc,049,8938,349,338,118,456,3
2021-03-07,Mono,051,14174,1192,1199,16,1215,3
2021-03-07,Monterey,053,433212,42189,41858,1721,43579,328
2021-03-07,Napa,055,140530,9161,9137,34,9171,75
2021-03-07,Nevada,057,99092,4113,4052,163,4215,66
2021-03-07,Orange,059,3164182,248583,246771,10355,257126,4218
2021-03-07,Placer,061,380077,20895,20070,1147,21217,239
2021-03-07,Plumas,063,18699,647,635,10,645,4
2021-03-07,Riverside,065,2383286,287138,280379,13535,293914,3779
2021-03-07,Sacramento,067,1510023,95812,94513,1307,95820,1437
2021-03-07,San Benito,069,59416,5783,5795,92,5887,61
2021-03-07,San Bernardino,071,2135413,287225,282860,8608,291468,3810
2021-03-07,San Diego,073,3302833,266421,262965,13129,276094,3390
2021-03-07,San Francisco,075,870044,34570,34594,1115,35709,445
2021-03-07,San Joaquin,077,732212,67721,66252,2871,69123,1139
2021-03-07,San Luis Obispo,079,281455,19951,19614,576,20190,245
2021-03-07,San Mateo,081,765935,39970,39436,413,39849,329
2021-03-07,Santa Barbara,083,443738,32626,32218,1124,33342,425
2021-03-07,Santa Clara,085,1922200,111820,111745,607,112352,1752
2021-03-07,Santa Cruz,087,273765,15558,14715,791,15506,189
2021-03-07,Shasta,089,179085,11051,11083,1275,12358,156
2021-03-07,Sierra,091,2930,51,48,12,60,0
2021-03-07,Siskiyou,093,43540,1532,1435,244,1679,5
2021-03-07,Solano,095,438530,30165,30027,375,30402,169
2021-03-07,Sonoma,097,501317,28451,28533,228,28761,284
2021-03-07,Stanislaus,099,539301,51396,50783,5434,56217,699
2021-03-07,Sutter,101,95872,8961,8900,81,8981,100
2021-03-07,Tehama,103,63373,4645,4614,498,5112,33
2021-03-07,Trinity,105,12862,468,302,80,382,3
2021-03-07,Tulare,107,460477,48691,47569,8299,55868,790
2021-03-07,Tuolumne,109,53932,3859,3922,34,3956,56
2021-03-07,Ventura,111,848112,78716,78487,2813,81300,851
2021-03-07,Yolo,113,214977,13028,12988,225,13213,189
2021-03-07,Yuba,115,75493,5593,5516,89,5605,42
2021-03-06,Alameda,001,1643700,81925,81310,1756,83066,1143
2021-03-06,Alpine,003,1148,82,78,0,78,0
2021-03-06,Amador,005,37829,3499,3487,32,3519,42
2021-03-06,Butte,007,227075,11447,11065,1630,12695,185
2021-03-06,Calaveras,009,45235,1939,1904,12,1916,48
2021-03-06,Colusa,011,21464,1882,1874,272,2146,11
2021-03-06,Contra Costa,013,1133247,64091,63040,1103,64143,719
2021-03-06,Del Norte,015,27424,1049,1000,5,1005,5
2021-03-06,El Dorado,017,186661,9245,9166,596,9762,97
2021-03-06,Fresno,019,978130,97603,96366,7909,104275,1440
2021-03-06,Glenn,021,27897,2283,2241,503,2744,15
2021-03-06,Humboldt,023,135768,3283,3260,22,3282,31
2021-03-06,Imperial,025,180216,27344,27009,2653,29662,658
2021-03-06,Inyo,027,18085,1337,1312,9,1321,35
2021-03-06,Kern,029,883053,94165,92684,9983,102667,1082
2021-03-06,Kings,031,150075,22462,22094,996,23090,224
2021-03-06,Lake,033,64148,3233,3189,6,3195,42
2021-03-06,Lassen,035,31185,5134,5119,100,5219,1
2021-03-06,Los Angeles,037,10098052,1176787,1161745,39796,1201541,21843
2021-03-06,Madera,039,155013,15834,15646,857,16503,211
2021-03-06,Marin,041,260295,13392,13289,172,13461,213
2021-03-06,Mariposa,043,17540,378,376,5,381,5
2021-03-06,Mendocino,045,87422,3678,3579,72,3651,42
2021-03-06,Merced,047,269075,28853,28771,948,29719,399
2021-03-06,Modoc,049,8938,348,338,118,456,3
2021-03-06,Mono,051,14174,1191,1198,16,1214,3
2021-03-06,Monterey,053,433212,42184,41838,1718,43556,327
2021-03-06,Napa,055,140530,9153,9129,34,9163,75
2021-03-06,Nevada,057,99092,4107,4044,163,4207,66
2021-03-06,Orange,059,3164182,248492,246634,10341,256975,4165
2021-03-06,Placer,061,380077,20872,20030,1145,21175,239
2021-03-06,Plumas,063,18699,647,634,10,644,4
2021-03-06,Riverside,065,2383286,287045,280225,13527,293752,3781
2021-03-06,Sacramento,067,1510023,95724,94332,1298,95630,1436
2021-03-06,San Benito,069,59416,5778,5793,92,5885,61
2021-03-06,San Bernardino,071,2135413,287141,282737,8606,291343,3791
2021-03-06,San Diego,073,3302833,266234,262778,13112,275890,3385
2021-03-06,San Francisco,075,870044,34539,34560,1111,35671,435
2021-03-06,San Joaquin,077,732212,67647,66162,2861,69023,1138
2021-03-06,San Luis Obispo,079,281455,19931,19592,574,20166,245
2021-03-06,San Mateo,081,765935,39945,39384,413,39797,329
2021-03-06,Santa Barbara,083,443738,32595,32176,1123,33299,424
2021-03-06,Santa Clara,085,1922200,111724,111570,605,112175,1749
2021-03-06,Santa Cruz,087,273765,15547,14701,791,15492,188
2021-03-06,Shasta,089,179085,11042,11076,1273,12349,158
2021-03-06,Sierra,091,2930,51,48,12,60,0
2021-03-06,Siskiyou,093,43540,1530,1432,244,1676,5
2021-03-06,Solano,095,438530,30136,30000,374,30374,169
2021-03-06,Sonoma,097,501317,28428,28484,226,28710,284
2021-03-06,Stanislaus,099,539301,51326,50691,5428,56119,711
2021-03-06,Sutter,101,95872,8955,8887,81,8968,100
2021-03-06,Tehama,103,63373,4645,4610,496,5106,33
2021-03-06,Trinity,105,12862,468,302,80,382,3
2021-03-06,Tulare,107,460477,48659,47515,8270,55785,789
2021-03-06,Tuolumne,109,53932,3857,3920,34,3954,56
2021-03-06,Ventura,111,848112,78661,78439,2812,81251,848
2021-03-06,Yolo,113,214977,13022,12951,225,13176,189
2021-03-06,Yuba,115,75493,5584,5504,89,5593,42
2021-03-05,Alameda,001,1643700,81835,81215,1754,82969,1141
2021-03-05,Alpine,003,1148,82,78,0,78,0
2021-03-05,Amador,005,37829,3498,3484,32,3516,42
2021-03-05,Butte,007,227075,11436,11050,1629,12679,185
2021-03-05,Calaveras,009,45235,1936,1902,12,1914,48
2021-03-05,Colusa,011,21464,1882,1874,272,2146,11
2021-03-05,Contra Costa,013,1133247,64011,62886,1100,63986,711
2021-03-05,Del Norte,015,27424,1045,995,5,1000,5
2021-03-05,El Dorado,017,186661,9240,9150,595,9745,97
2021-03-05,Fresno,019,978130,97495,96184,7890,104074,1432
2021-03-05,Glenn,021,27897,2280,2241,502,2743,15
2021-03-05,Humboldt,023,135768,3276,3234,22,3256,31
2021-03-05,Imperial,025,180216,27334,26970,2644,29614,651
2021-03-05,Inyo,027,18085,1333,1309,9,1318,35
2021-03-05,Kern,029,883053,94125,92601,9970,102571,1076
2021-03-05,Kings,031,150075,22444,22063,995,23058,224
2021-03-05,Lake,033,64148,3231,3185,6,3191,42
2021-03-05,Lassen,035,31185,5134,5117,98,5215,1
2021-03-05,Los Angeles,037,10098052,1176298,1160688,39765,1200453,21745
2021-03-05,Madera,039,155013,15824,15624,855,16479,211
2021-03-05,Marin,041,260295,13379,13275,171,13446,215
2021-03-05,Mariposa,043,17540,378,375,5,380,4
2021-03-05,Mendocino,045,87422,3675,3577,72,3649,42
2021-03-05,Merced,047,269075,28820,28734,947,29681,399
2021-03-05,Modoc,049,8938,348,337,118,455,3
2021-03-05,Mono,051,14174,1190,1197,16,1213,3
2021-03-05,Monterey,053,433212,42171,41802,1718,43520,325
2021-03-05,Napa,055,140530,9145,9109,34,9143,75
2021-03-05,Nevada,057,99092,4103,4033,163,4196,66
2021-03-05,Orange,059,3164182,248379,246489,10328,256817,4108
2021-03-05,Placer,061,380077,20846,19973,1141,21114,239
2021-03-05,Plumas,063,18699,647,635,10,645,4
2021-03-05,Riverside,065,2383286,286933,280075,13522,293597,3781
2021-03-05,Sacramento,067,1510023,95628,94182,1291,95473,1430
2021-03-05,San Benito,069,59416,5775,5790,92,5882,61
2021-03-05,San Bernardino,071,2135413,287048,282640,8602,291242,3774
2021-03-05,San Diego,073,3302833,266001,262357,13095,275452,3371
2021-03-05,San Francisco,075,870044,34499,34526,1107,35633,430
2021-03-05,San Joaquin,077,732212,67567,66041,2852,68893,1133
2021-03-05,San Luis Obispo,079,281455,19910,19557,572,20129,244
2021-03-05,San Mateo,081,765935,39913,39305,413,39718,326
2021-03-05,Santa Barbara,083,443738,32558,32139,1118,33257,424
2021-03-05,Santa Clara,085,1922200,111628,111384,605,111989,1745
2021-03-05,Santa Cruz,087,273765,15536,14694,791,15485,188
2021-03-05,Shasta,089,179085,11030,11062,1267,12329,148
2021-03-05,Sierra,091,2930,51,48,12,60,0
2021-03-05,Siskiyou,093,43540,1526,1429,243,1672,5
2021-03-05,Solano,095,438530,30119,29951,372,30323,168
2021-03-05,Sonoma,097,501317,28402,28417,226,28643,279
2021-03-05,Stanislaus,099,539301,51275,50606,5418,56024,721
2021-03-05,Sutter,101,95872,8948,8876,81,8957,100
2021-03-05,Tehama,103,63373,4636,4606,496,5102,33
2021-03-05,Trinity,105,12862,468,302,80,382,3
2021-03-05,Tulare,107,460477,48630,47469,8251,55720,789
2021-03-05,Tuolumne,109,53932,3855,3917,34,3951,56
2021-03-05,Ventura,111,848112,78594,78368,2811,81179,839
2021-03-05,Yolo,113,214977,13010,12920,224,13144,188
2021-03-05,Yuba,115,75493,5572,5496,89,5585,42
2021-03-04,Alameda,001,1643700,81725,81115,1754,82869,1136
2021-03-04,Alpine,003,1148,82,78,0,78,0
2021-03-04,Amador,005,37829,3497,3480,32,3512,42
2021-03-04,Butte,007,227075,11429,11033,1628,12661,185
2021-03-04,Calaveras,009,45235,1935,1896,12,1908,48
2021-03-04,Colusa,011,21464,1880,1873,267,2140,11
2021-03-04,Contra Costa,013,1133247,63912,62789,1098,63887,708
2021-03-04,Del Norte,015,27424,1037,989,5,994,5
2021-03-04,El Dorado,017,186661,9225,9133,595,9728,97
2021-03-04,Fresno,019,978130,97331,96023,7870,103893,1422
2021-03-04,Glenn,021,27897,2273,2236,501,2737,15
2021-03-04,Humboldt,023,135768,3262,3212,22,3234,31
2021-03-04,Imperial,025,180216,27322,26946,2641,29587,646
2021-03-04,Inyo,027,18085,1330,1300,9,1309,35
2021-03-04,Kern,029,883053,94036,92525,9951,102476,1070
2021-03-04,Kings,031,150075,22418,22025,992,23017,224
2021-03-04,Lake,033,64148,3223,3181,6,3187,42
2021-03-04,Lassen,035,31185,5134,5116,98,5214,1
2021-03-04,Los Angeles,037,10098052,1175688,1159405,39716,1199121,21610
2021-03-04,Madera,039,155013,15789,15596,852,16448,208
2021-03-04,Marin,041,260295,13362,13240,168,13408,215
2021-03-04,Mariposa,043,17540,378,376,5,381,4
2021-03-04,Mendocino,045,87422,3672,3569,72,3641,42
2021-03-04,Merced,047,269075,28769,28671,945,29616,396
2021-03-04,Modoc,049,8938,347,336,118,454,3
2021-03-04,Mono,051,14174,1190,1197,16,1213,3
2021-03-04,Monterey,053,433212,42151,41771,1716,43487,325
2021-03-04,Napa,055,140530,9137,9094,34,9128,74
2021-03-04,Nevada,057,99092,4093,4020,163,4183,66
2021-03-04,Orange,059,3164182,248222,246354,10311,256665,4096
2021-03-04,Placer,061,380077,20814,19900,1135,21035,239
2021-03-04,Plumas,063,18699,647,634,10,644,4
2021-03-04,Riverside,065,2383286,286803,279871,13509,293380,3766
2021-03-04,Sacramento,067,1510023,95493,93982,1288,95270,1426
2021-03-04,San Benito,069,59416,5775,5781,92,5873,61
2021-03-04,San Bernardino,071,2135413,286918,282407,8598,291005,3757
2021-03-04,San Diego,073,3302833,265741,261858,13051,274909,3359
2021-03-04,San Francisco,075,870044,34465,34480,1104,35584,426
2021-03-04,San Joaquin,077,732212,67473,65931,2842,68773,1129
2021-03-04,San Luis Obispo,079,281455,19873,19520,570,20090,243
2021-03-04,San Mateo,081,765935,39869,39225,412,39637,322
2021-03-04,Santa Barbara,083,443738,32521,32090,1117,33207,423
2021-03-04,Santa Clara,085,1922200,111494,111194,603,111797,1723
2021-03-04,Santa Cruz,087,273765,15517,14669,791,15460,186
2021-03-04,Shasta,089,179085,11027,11050,1258,12308,150
2021-03-04,Sierra,091,2930,51,48,12,60,0
2021-03-04,Siskiyou,093,43540,1520,1427,243,1670,5
2021-03-04,Solano,095,438530,30092,29905,371,30276,168
2021-03-04,Sonoma,097,501317,28347,28379,225,28604,279
2021-03-04,Stanislaus,099,539301,51187,50521,5410,55931,731
2021-03-04,Sutter,101,95872,8936,8849,81,8930,100
2021-03-04,Tehama,103,63373,4630,4604,496,5100,33
2021-03-04,Trinity,105,12862,468,302,80,382,3
2021-03-04,Tulare,107,460477,48585,47398,8226,55624,784
2021-03-04,Tuolumne,109,53932,3849,3916,34,3950,56
2021-03-04,Ventura,111,848112,78507,78184,2809,80993,831
2021-03-04,Yolo,113,214977,12990,12895,224,13119,189
2021-03-04,Yuba,115,75493,5560,5483,89,5572,41
2021-03-03,Alameda,001,1643700,81604,80972,1753,82725,1127
2021-03-03,Alpine,003,1148,82,77,0,77,0
2021-03-03,Amador,005,37829,3495,3478,31,3509,42
2021-03-03,Butte,007,227075,11422,11014,1627,12641,184
2021-03-03,Calaveras,009,45235,1934,1893,12,1905,48
2021-03-03,Colusa,011,21464,1879,1873,267,2140,11
2021-03-03,Contra Costa,013,1133247,63814,62668,1094,63762,708
2021-03-03,Del Norte,015,27424,1034,988,5,993,5
2021-03-03,El Dorado,017,186661,9215,9121,595,9716,97
2021-03-03,Fresno,019,978130,97187,95893,7852,103745,1415
2021-03-03,Glenn,021,27897,2273,2233,501,2734,15
2021-03-03,Humboldt,023,135768,3251,3196,22,3218,30
2021-03-03,Imperial,025,180216,27305,26939,2636,29575,640
2021-03-03,Inyo,027,18085,1322,1294,9,1303,35
2021-03-03,Kern,029,883053,93960,92434,9934,102368,1063
2021-03-03,Kings,031,150075,22402,22009,991,23000,223
2021-03-03,Lake,033,64148,3216,3175,6,3181,40
2021-03-03,Lassen,035,31185,5134,5115,98,5213,1
2021-03-03,Los Angeles,037,10098052,1175047,1157911,39675,1197586,21500
2021-03-03,Madera,039,155013,15770,15553,846,16399,203
2021-03-03,Marin,041,260295,13349,13216,168,13384,214
2021-03-03,Mariposa,043,17540,377,376,5,381,4
2021-03-03,Mendocino,045,87422,3664,3564,72,3636,42
2021-03-03,Merced,047,269075,28717,28625,945,29570,393
2021-03-03,Modoc,049,8938,347,333,117,450,3
2021-03-03,Mono,051,14174,1190,1191,16,1207,3
2021-03-03,Monterey,053,433212,42118,41731,1713,43444,325
2021-03-03,Napa,055,140530,9129,9090,34,9124,72
2021-03-03,Nevada,057,99092,4083,4009,163,4172,66
2021-03-03,Orange,059,3164182,248077,246120,10296,256416,4072
2021-03-03,Placer,061,380077,20788,19851,1132,20983,239
2021-03-03,Plumas,063,18699,646,631,10,641,4
2021-03-03,Riverside,065,2383286,286670,279626,13503,293129,3735
2021-03-03,Sacramento,067,1510023,95332,93819,1280,95099,1419
2021-03-03,San Benito,069,59416,5774,5774,92,5866,61
2021-03-03,San Bernardino,071,2135413,286776,282138,8591,290729,3664
2021-03-03,San Diego,073,3302833,265477,261350,13020,274370,3342
2021-03-03,San Francisco,075,870044,34433,34443,1101,35544,426
2021-03-03,San Joaquin,077,732212,67361,65855,2835,68690,1115
2021-03-03,San Luis Obispo,079,281455,19847,19479,567,20046,241
2021-03-03,San Mateo,081,765935,39823,39189,411,39600,319
2021-03-03,Santa Barbara,083,443738,32483,32027,1117,33144,421
2021-03-03,Santa Clara,085,1922200,111339,110991,601,111592,1720
2021-03-03,Santa Cruz,087,273765,15506,14645,791,15436,185
2021-03-03,Shasta,089,179085,11017,11023,1251,12274,150
2021-03-03,Sierra,091,2930,51,48,12,60,0
2021-03-03,Siskiyou,093,43540,1518,1424,243,1667,5
2021-03-03,Solano,095,438530,30056,29866,370,30236,167
2021-03-03,Sonoma,097,501317,28308,28307,224,28531,279
2021-03-03,Stanislaus,099,539301,51109,50438,5403,55841,730
2021-03-03,Sutter,101,95872,8927,8840,81,8921,99
2021-03-03,Tehama,103,63373,4627,4601,496,5097,32
2021-03-03,Trinity,105,12862,468,302,80,382,3
2021-03-03,Tulare,107,460477,48534,47348,8195,55543,778
2021-03-03,Tuolumne,109,53932,3847,3914,33,3947,56
2021-03-03,Ventura,111,848112,78424,78057,2803,80860,822
2021-03-03,Yolo,113,214977,12977,12890,224,13114,189
2021-03-03,Yuba,115,75493,5547,5479,89,5568,41
2021-03-02,Alameda,001,1643700,81484,80904,1751,82655,1116
2021-03-02,Alpine,003,1148,82,77,0,77,0
2021-03-02,Amador,005,37829,3493,3474,31,3505,42
2021-03-02,Butte,007,227075,11412,11007,1625,12632,182
2021-03-02,Calaveras,009,45235,1926,1890,12,1902,48
2021-03-02,Colusa,011,21464,1879,1872,266,2138,11
2021-03-02,Contra Costa,013,1133247,63703,62557,1090,63647,694
2021-03-02,Del Norte,015,27424,1027,983,5,988,5
2021-03-02,El Dorado,017,186661,9207,9116,595,9711,98
2021-03-02,Fresno,019,978130,97041,95785,7826,103611,1410
2021-03-02,Glenn,021,27897,2267,2232,500,2732,15
2021-03-02,Humboldt,023,135768,3232,3184,22,3206,30
2021-03-02,Imperial,025,180216,27295,26926,2634,29560,637
2021-03-02,Inyo,027,18085,1318,1292,9,1301,35
2021-03-02,Kern,029,883053,93854,92313,9907,102220,1046
2021-03-02,Kings,031,150075,22350,21999,989,22988,217
2021-03-02,Lake,033,64148,3210,3169,6,3175,40
2021-03-02,Lassen,035,31185,5129,5115,97,5212,1
2021-03-02,Los Angeles,037,10098052,1174412,1156826,39629,1196455,21395
2021-03-02,Madera,039,155013,15750,15523,843,16366,194
2021-03-02,Marin,041,260295,13326,13186,167,13353,214
2021-03-02,Mariposa,043,17540,377,376,5,381,4
2021-03-02,Mendocino,045,87422,3661,3562,71,3633,41
2021-03-02,Merced,047,269075,28660,28598,945,29543,389
2021-03-02,Modoc,049,8938,347,332,117,449,3
2021-03-02,Mono,051,14174,1189,1191,16,1207,3
2021-03-02,Monterey,053,433212,42091,41716,1711,43427,325
2021-03-02,Napa,055,140530,9117,9080,34,9114,71
2021-03-02,Nevada,057,99092,4074,3983,162,4145,66
2021-03-02,Orange,059,3164182,247931,246004,10279,256283,4037
2021-03-02,Placer,061,380077,20735,19828,1129,20957,239
2021-03-02,Plumas,063,18699,643,628,10,638,4
2021-03-02,Riverside,065,2383286,286497,279486,13495,292981,3721
2021-03-02,Sacramento,067,1510023,95165,93690,1279,94969,1411
2021-03-02,San Benito,069,59416,5767,5770,92,5862,60
2021-03-02,San Bernardino,071,2135413,286643,281919,8585,290504,3604
2021-03-02,San Diego,073,3302833,265233,260998,12998,273996,3317
2021-03-02,San Francisco,075,870044,34393,34387,1097,35484,424
2021-03-02,San Joaquin,077,732212,67253,65769,2817,68586,1111
2021-03-02,San Luis Obispo,079,281455,19815,19452,567,20019,241
2021-03-02,San Mateo,081,765935,39771,39148,410,39558,317
2021-03-02,Santa Barbara,083,443738,32434,31964,1113,33077,416
2021-03-02,Santa Clara,085,1922200,111160,110832,600,111432,1706
2021-03-02,Santa Cruz,087,273765,15492,14611,789,15400,185
2021-03-02,Shasta,089,179085,11003,11012,1240,12252,149
2021-03-02,Sierra,091,2930,51,48,12,60,0
2021-03-02,Siskiyou,093,43540,1514,1412,241,1653,5
2021-03-02,Solano,095,438530,30023,29827,368,30195,167
2021-03-02,Sonoma,097,501317,28253,28261,224,28485,279
2021-03-02,Stanislaus,099,539301,51022,50359,5390,55749,724
2021-03-02,Sutter,101,95872,8918,8832,81,8913,99
2021-03-02,Tehama,103,63373,4625,4597,496,5093,32
2021-03-02,Trinity,105,12862,468,301,80,381,3
2021-03-02,Tulare,107,460477,48471,47326,8175,55501,783
2021-03-02,Tuolumne,109,53932,3843,3908,33,3941,53
2021-03-02,Ventura,111,848112,78332,77952,2799,80751,780
2021-03-02,Yolo,113,214977,12961,12867,224,13091,189
2021-03-02,Yuba,115,75493,5539,5475,89,5564,41
2021-03-01,Alameda,001,1643700,81359,80805,1749,82554,1105
2021-03-01,Alpine,003,1148,80,77,0,77,0
2021-03-01,Amador,005,37829,3490,3469,31,3500,42
2021-03-01,Butte,007,227075,11396,10981,1620,12601,180
2021-03-01,Calaveras,009,45235,1921,1885,12,1897,46
2021-03-01,Colusa,011,21464,1878,1871,266,2137,11
2021-03-01,Contra Costa,013,1133247,63593,62458,1089,63547,694
2021-03-01,Del Norte,015,27424,1022,982,5,987,5
2021-03-01,El Dorado,017,186661,9183,9085,595,9680,98
2021-03-01,Fresno,019,978130,96903,95677,7804,103481,1405
2021-03-01,Glenn,021,27897,2262,2232,499,2731,15
2021-03-01,Humboldt,023,135768,3213,3179,22,3201,30
2021-03-01,Imperial,025,180216,27285,26913,2625,29538,636
2021-03-01,Inyo,027,18085,1315,1285,9,1294,35
2021-03-01,Kern,029,883053,93765,92219,9881,102100,1041
2021-03-01,Kings,031,150075,22333,21988,983,22971,217
2021-03-01,Lake,033,64148,3205,3164,6,3170,40
2021-03-01,Lassen,035,31185,5127,5111,97,5208,1
2021-03-01,Los Angeles,037,10098052,1173754,1155984,39587,1195571,21293
2021-03-01,Madera,039,155013,15721,15505,832,16337,194
2021-03-01,Marin,041,260295,13299,13161,166,13327,214
2021-03-01,Mariposa,043,17540,377,375,5,380,4
2021-03-01,Mendocino,045,87422,3654,3561,71,3632,41
2021-03-01,Merced,047,269075,28615,28575,941,29516,385
2021-03-01,Modoc,049,8938,344,331,116,447,3
2021-03-01,Mono,051,14174,1188,1192,16,1208,3
2021-03-01,Monterey,053,433212,42066,41697,1709,43406,324
2021-03-01,Napa,055,140530,9108,9056,34,9090,70
2021-03-01,Nevada,057,99092,4055,3979,162,4141,66
2021-03-01,Orange,059,3164182,247736,245852,10264,256116,3976
2021-03-01,Placer,061,380077,20696,19803,1126,20929,239
2021-03-01,Plumas,063,18699,643,628,10,638,4
2021-03-01,Riverside,065,2383286,286280,279323,13488,292811,3680
2021-03-01,Sacramento,067,1510023,95020,93546,1277,94823,1401
2021-03-01,San Benito,069,59416,5762,5772,92,5864,57
2021-03-01,San Bernardino,071,2135413,286500,281685,8581,290266,3603
2021-03-01,San Diego,073,3302833,264915,260622,12965,273587,3303
2021-03-01,San Francisco,075,870044,34349,34318,1089,35407,424
2021-03-01,San Joaquin,077,732212,67143,65699,2806,68505,1097
2021-03-01,San Luis Obispo,079,281455,19793,19429,565,19994,239
2021-03-01,San Mateo,081,765935,39719,39096,409,39505,314
2021-03-01,Santa Barbara,083,443738,32391,31909,1112,33021,413
2021-03-01,Santa Clara,085,1922200,111002,110684,597,111281,1704
2021-03-01,Santa Cruz,087,273765,15473,14575,788,15363,185
2021-03-01,Shasta,089,179085,10991,10990,1237,12227,149
2021-03-01,Sierra,091,2930,51,48,12,60,0
2021-03-01,Siskiyou,093,43540,1510,1408,239,1647,5
2021-03-01,Solano,095,438530,29980,29779,367,30146,166
2021-03-01,Sonoma,097,501317,28205,28222,222,28444,278
2021-03-01,Stanislaus,099,539301,50947,50293,5384,55677,722
2021-03-01,Sutter,101,95872,8906,8825,81,8906,99
2021-03-01,Tehama,103,63373,4621,4595,496,5091,32
2021-03-01,Trinity,105,12862,468,298,79,377,3
2021-03-01,Tulare,107,460477,48433,47275,8142,55417,781
2021-03-01,Tuolumne,109,53932,3840,3907,33,3940,53
2021-03-01,Ventura,111,848112,78250,77849,2797,80646,775
2021-03-01,Yolo,113,214977,12944,12854,222,13076,188
2021-03-01,Yuba,115,75493,5527,5466,89,5555,41
2021-02-28,Alameda,001,1643700,81238,80727,1747,82474,1105
2021-02-28,Alpine,003,1148,80,77,0,77,0
2021-02-28,Amador,005,37829,3485,3466,30,3496,42
2021-02-28,Butte,007,227075,11381,10970,1620,12590,180
2021-02-28,Calaveras,009,45235,1917,1881,12,1893,46
2021-02-28,Colusa,011,21464,1878,1871,265,2136,11
2021-02-28,Contra Costa,013,1133247,63466,62386,1084,63470,694
2021-02-28,Del Norte,015,27424,1020,981,5,986,5
2021-02-28,El Dorado,017,186661,9172,9082,595,9677,98
2021-02-28,Fresno,019,978130,96721,95548,7770,103318,1405
2021-02-28,Glenn,021,27897,2260,2230,497,2727,15
2021-02-28,Humboldt,023,135768,3190,3179,22,3201,30
2021-02-28,Imperial,025,180216,27258,26909,2618,29527,636
2021-02-28,Inyo,027,18085,1310,1282,9,1291,35
2021-02-28,Kern,029,883053,93650,92169,9860,102029,1012
2021-02-28,Kings,031,150075,22312,21967,982,22949,217
2021-02-28,Lake,033,64148,3200,3164,6,3170,40
2021-02-28,Lassen,035,31185,5126,5106,97,5203,1
2021-02-28,Los Angeles,037,10098052,1172967,1155141,39525,1194666,21261
2021-02-28,Madera,039,155013,15679,15496,829,16325,199
2021-02-28,Marin,041,260295,13276,13152,164,13316,214
2021-02-28,Mariposa,043,17540,377,374,5,379,4
2021-02-28,Mendocino,045,87422,3648,3558,71,3629,41
2021-02-28,Merced,047,269075,28552,28546,940,29486,384
2021-02-28,Modoc,049,8938,344,331,116,447,3
2021-02-28,Mono,051,14174,1185,1192,16,1208,3
2021-02-28,Monterey,053,433212,42034,41683,1708,43391,323
2021-02-28,Napa,055,140530,9089,9053,34,9087,70
2021-02-28,Nevada,057,99092,4042,3972,162,4134,66
2021-02-28,Orange,059,3164182,247537,245706,10257,255963,3970
2021-02-28,Placer,061,380077,20650,19775,1124,20899,239
2021-02-28,Plumas,063,18699,643,628,10,638,4
2021-02-28,Riverside,065,2383286,286047,279214,13477,292691,3661
2021-02-28,Sacramento,067,1510023,94836,93463,1272,94735,1398
2021-02-28,San Benito,069,59416,5751,5772,92,5864,57
2021-02-28,San Bernardino,071,2135413,286359,281620,8569,290189,3595
2021-02-28,San Diego,073,3302833,264618,260353,12931,273284,3303
2021-02-28,San Francisco,075,870044,34307,34291,1083,35374,417
2021-02-28,San Joaquin,077,732212,67035,65662,2797,68459,1097
2021-02-28,San Luis Obispo,079,281455,19757,19422,563,19985,237
2021-02-28,San Mateo,081,765935,39666,39059,408,39467,314
2021-02-28,Santa Barbara,083,443738,32338,31877,1112,32989,413
2021-02-28,Santa Clara,085,1922200,110803,110556,594,111150,1704
2021-02-28,Santa Cruz,087,273765,15444,14571,785,15356,185
2021-02-28,Shasta,089,179085,10970,10990,1233,12223,149
2021-02-28,Sierra,091,2930,51,48,12,60,0
2021-02-28,Siskiyou,093,43540,1502,1408,238,1646,5
2021-02-28,Solano,095,438530,29924,29758,361,30119,166
2021-02-28,Sonoma,097,501317,28142,28193,221,28414,279
2021-02-28,Stanislaus,099,539301,50857,50228,5371,55599,728
2021-02-28,Sutter,101,95872,8891,8825,81,8906,99
2021-02-28,Tehama,103,63373,4614,4590,496,5086,32
2021-02-28,Trinity,105,12862,468,298,79,377,3
2021-02-28,Tulare,107,460477,48371,47258,8111,55369,780
2021-02-28,Tuolumne,109,53932,3835,3905,33,3938,53
2021-02-28,Ventura,111,848112,78139,77749,2794,80543,775
2021-02-28,Yolo,113,214977,12922,12851,222,13073,188
2021-02-28,Yuba,115,75493,5517,5461,89,5550,41
2021-02-27,Alameda,001,1643700,81166,80565,1745,82310,1108
2021-02-27,Alpine,003,1148,80,77,0,77,0
2021-02-27,Amador,005,37829,3483,3463,30,3493,42
2021-02-27,Butte,007,227075,11369,10962,1620,12582,180
2021-02-27,Calaveras,009,45235,1912,1875,12,1887,46
2021-02-27,Colusa,011,21464,1877,1869,265,2134,11
2021-02-27,Contra Costa,013,1133247,63395,62248,1081,63329,693
2021-02-27,Del Norte,015,27424,1018,978,5,983,5
2021-02-27,El Dorado,017,186661,9168,9072,595,9667,98
2021-02-27,Fresno,019,978130,96644,95393,7759,103152,1400
2021-02-27,Glenn,021,27897,2259,2225,496,2721,15
2021-02-27,Humboldt,023,135768,3184,3167,22,3189,30
2021-02-27,Imperial,025,180216,27250,26903,2617,29520,633
2021-02-27,Inyo,027,18085,1307,1275,9,1284,35
2021-02-27,Kern,029,883053,93589,92053,9845,101898,996
2021-02-27,Kings,031,150075,22302,21955,979,22934,216
2021-02-27,Lake,033,64148,3197,3156,6,3162,40
2021-02-27,Lassen,035,31185,5126,5106,97,5203,1
2021-02-27,Los Angeles,037,10098052,1172470,1154275,39497,1193772,21158
2021-02-27,Madera,039,155013,15662,15467,828,16295,199
2021-02-27,Marin,041,260295,13252,13134,164,13298,214
2021-02-27,Mariposa,043,17540,377,374,5,379,4
2021-02-27,Mendocino,045,87422,3645,3555,71,3626,41
2021-02-27,Merced,047,269075,28510,28501,932,29433,384
2021-02-27,Modoc,049,8938,344,331,115,446,3
2021-02-27,Mono,051,14174,1183,1191,16,1207,3
2021-02-27,Monterey,053,433212,42025,41665,1708,43373,322
2021-02-27,Napa,055,140530,9078,9038,34,9072,71
2021-02-27,Nevada,057,99092,4036,3960,162,4122,66
2021-02-27,Orange,059,3164182,247410,245542,10246,255788,3960
2021-02-27,Placer,061,380077,20614,19726,1121,20847,239
2021-02-27,Plumas,063,18699,643,628,10,638,4
2021-02-27,Riverside,065,2383286,285936,279048,13467,292515,3663
2021-02-27,Sacramento,067,1510023,94753,93281,1262,94543,1396
2021-02-27,San Benito,069,59416,5750,5767,91,5858,57
2021-02-27,San Bernardino,071,2135413,286280,281471,8562,290033,3527
2021-02-27,San Diego,073,3302833,264428,260091,12893,272984,3284
2021-02-27,San Francisco,075,870044,34273,34260,1080,35340,413
2021-02-27,San Joaquin,077,732212,66989,65578,2795,68373,1100
2021-02-27,San Luis Obispo,079,281455,19736,19411,562,19973,237
2021-02-27,San Mateo,081,765935,39625,38998,407,39405,313
2021-02-27,Santa Barbara,083,443738,32304,31805,1111,32916,411
2021-02-27,Santa Clara,085,1922200,110655,110361,592,110953,1703
2021-02-27,Santa Cruz,087,273765,15435,14552,784,15336,185
2021-02-27,Shasta,089,179085,10964,10985,1229,12214,149
2021-02-27,Sierra,091,2930,51,48,12,60,0
2021-02-27,Siskiyou,093,43540,1500,1407,237,1644,5
2021-02-27,Solano,095,438530,29896,29718,360,30078,165
2021-02-27,Sonoma,097,501317,28098,28141,215,28356,281
2021-02-27,Stanislaus,099,539301,50802,50147,5361,55508,733
2021-02-27,Sutter,101,95872,8886,8820,81,8901,99
2021-02-27,Tehama,103,63373,4611,4584,496,5080,32
2021-02-27,Trinity,105,12862,468,298,79,377,3
2021-02-27,Tulare,107,460477,48334,47209,8085,55294,770
2021-02-27,Tuolumne,109,53932,3832,3899,33,3932,53
2021-02-27,Ventura,111,848112,78067,77623,2791,80414,771
2021-02-27,Yolo,113,214977,12910,12834,222,13056,188
2021-02-27,Yuba,115,75493,5514,5450,89,5539,39
2021-02-26,Alameda,001,1643700,81071,80387,1740,82127,1106
2021-02-26,Alpine,003,1148,80,77,0,77,0
2021-02-26,Amador,005,37829,3477,3457,30,3487,42
2021-02-26,Butte,007,227075,11358,10941,1620,12561,180
2021-02-26,Calaveras,009,45235,1910,1873,12,1885,46
2021-02-26,Colusa,011,21464,1877,1865,265,2130,11
2021-02-26,Contra Costa,013,1133247,63313,62114,1081,63195,685
2021-02-26,Del Norte,015,27424,1014,968,5,973,5
2021-02-26,El Dorado,017,186661,9163,9038,593,9631,98
2021-02-26,Fresno,019,978130,96541,95202,7751,102953,1391
2021-02-26,Glenn,021,27897,2256,2220,496,2716,15
2021-02-26,Humboldt,023,135768,3178,3152,22,3174,30
2021-02-26,Imperial,025,180216,27242,26888,2615,29503,631
2021-02-26,Inyo,027,18085,1305,1271,9,1280,34
2021-02-26,Kern,029,883053,93510,91884,9829,101713,997
2021-02-26,Kings,031,150075,22286,21917,976,22893,216
2021-02-26,Lake,033,64148,3192,3153,6,3159,40
2021-02-26,Lassen,035,31185,5126,5102,97,5199,1
2021-02-26,Los Angeles,037,10098052,1171895,1153131,39433,1192564,21070
2021-02-26,Madera,039,155013,15646,15436,826,16262,199
2021-02-26,Marin,041,260295,13238,13091,164,13255,214
2021-02-26,Mariposa,043,17540,377,375,5,380,4
2021-02-26,Mendocino,045,87422,3640,3549,71,3620,41
2021-02-26,Merced,047,269075,28476,28455,931,29386,382
2021-02-26,Modoc,049,8938,343,330,115,445,3
2021-02-26,Mono,051,14174,1181,1191,16,1207,3
2021-02-26,Monterey,053,433212,41999,41607,1707,43314,322
2021-02-26,Napa,055,140530,9072,9014,34,9048,70
2021-02-26,Nevada,057,99092,4025,3952,162,4114,66
2021-02-26,Orange,059,3164182,247271,245278,10236,255514,3918
2021-02-26,Placer,061,380077,20588,19712,1115,20827,239
2021-02-26,Plumas,063,18699,643,628,10,638,4
2021-02-26,Riverside,065,2383286,285792,278772,13461,292233,3653
2021-02-26,Sacramento,067,1510023,94630,93180,1259,94439,1390
2021-02-26,San Benito,069,59416,5749,5759,91,5850,57
2021-02-26,San Bernardino,071,2135413,286180,281132,8560,289692,3461
2021-02-26,San Diego,073,3302833,264201,259641,12872,272513,3271
2021-02-26,San Francisco,075,870044,34243,34213,1076,35289,413
2021-02-26,San Joaquin,077,732212,66908,65492,2789,68281,1070
2021-02-26,San Luis Obispo,079,281455,19720,19359,560,19919,234
2021-02-26,San Mateo,081,765935,39579,38922,407,39329,313
2021-02-26,Santa Barbara,083,443738,32260,31724,1110,32834,410
2021-02-26,Santa Clara,085,1922200,110523,110168,590,110758,1700
2021-02-26,Santa Cruz,087,273765,15423,14528,783,15311,185
2021-02-26,Shasta,089,179085,10957,10972,1220,12192,149
2021-02-26,Sierra,091,2930,51,47,12,59,0
2021-02-26,Siskiyou,093,43540,1500,1401,237,1638,5
2021-02-26,Solano,095,438530,29862,29651,359,30010,165
2021-02-26,Sonoma,097,501317,28069,28063,214,28277,280
2021-02-26,Stanislaus,099,539301,50745,50054,5353,55407,737
2021-02-26,Sutter,101,95872,8877,8806,81,8887,99
2021-02-26,Tehama,103,63373,4609,4581,496,5077,32
2021-02-26,Trinity,105,12862,467,298,79,377,3
2021-02-26,Tulare,107,460477,48299,47135,8054,55189,770
2021-02-26,Tuolumne,109,53932,3831,3896,33,3929,53
2021-02-26,Ventura,111,848112,77967,77534,2789,80323,765
2021-02-26,Yolo,113,214977,12903,12816,222,13038,188
2021-02-26,Yuba,115,75493,5509,5438,89,5527,39
2021-02-25,Alameda,001,1643700,80949,80181,1739,81920,1093
2021-02-25,Alpine,003,1148,80,77,0,77,0
2021-02-25,Amador,005,37829,3474,3448,30,3478,41
2021-02-25,Butte,007,227075,11337,10922,1615,12537,178
2021-02-25,Calaveras,009,45235,1902,1868,12,1880,46
2021-02-25,Colusa,011,21464,1874,1863,264,2127,11
2021-02-25,Contra Costa,013,1133247,63211,61910,1081,62991,686
2021-02-25,Del Norte,015,27424,1004,966,5,971,5
2021-02-25,El Dorado,017,186661,9147,9012,593,9605,98
2021-02-25,Fresno,019,978130,96397,95015,7728,102743,1377
2021-02-25,Glenn,021,27897,2253,2219,495,2714,15
2021-02-25,Humboldt,023,135768,3171,3129,22,3151,30
2021-02-25,Imperial,025,180216,27236,26855,2611,29466,628
2021-02-25,Inyo,027,18085,1299,1264,9,1273,33
2021-02-25,Kern,029,883053,93394,91735,9804,101539,992
2021-02-25,Kings,031,150075,22277,21900,973,22873,216
2021-02-25,Lake,033,64148,3183,3141,6,3147,40
2021-02-25,Lassen,035,31185,5125,5097,96,5193,1
2021-02-25,Los Angeles,037,10098052,1171152,1151846,39375,1191221,20931
2021-02-25,Madera,039,155013,15611,15414,822,16236,194
2021-02-25,Marin,041,260295,13214,13067,164,13231,214
2021-02-25,Mariposa,043,17540,377,375,5,380,4
2021-02-25,Mendocino,045,87422,3635,3542,71,3613,41
2021-02-25,Merced,047,269075,28427,28383,929,29312,382
2021-02-25,Modoc,049,8938,343,329,115,444,3
2021-02-25,Mono,051,14174,1180,1190,16,1206,3
2021-02-25,Monterey,053,433212,41974,41564,1702,43266,321
2021-02-25,Napa,055,140530,9046,8998,34,9032,70
2021-02-25,Nevada,057,99092,4008,3940,161,4101,66
2021-02-25,Orange,059,3164182,247099,245000,10226,255226,3882
2021-02-25,Placer,061,380077,20548,19661,1113,20774,239
2021-02-25,Plumas,063,18699,643,626,10,636,4
2021-02-25,Riverside,065,2383286,285604,278544,13440,291984,3646
2021-02-25,Sacramento,067,1510023,94472,92961,1247,94208,1386
2021-02-25,San Benito,069,59416,5744,5752,91,5843,58
2021-02-25,San Bernardino,071,2135413,286046,280946,8552,289498,3409
2021-02-25,San Diego,073,3302833,263907,258979,12842,271821,3260
2021-02-25,San Francisco,075,870044,34200,34138,1073,35211,408
2021-02-25,San Joaquin,077,732212,66824,65389,2777,68166,1047
2021-02-25,San Luis Obispo,079,281455,19699,19335,558,19893,234
2021-02-25,San Mateo,081,765935,39533,38872,407,39279,300
2021-02-25,Santa Barbara,083,443738,32183,31631,1109,32740,408
2021-02-25,Santa Clara,085,1922200,110359,109923,589,110512,1677
2021-02-25,Santa Cruz,087,273765,15404,14492,782,15274,185
2021-02-25,Shasta,089,179085,10945,10947,1215,12162,148
2021-02-25,Sierra,091,2930,51,47,12,59,0
2021-02-25,Siskiyou,093,43540,1496,1390,234,1624,4
2021-02-25,Solano,095,438530,29830,29616,359,29975,161
2021-02-25,Sonoma,097,501317,28015,28004,211,28215,278
2021-02-25,Stanislaus,099,539301,50655,49964,5343,55307,738
2021-02-25,Sutter,101,95872,8863,8789,80,8869,99
2021-02-25,Tehama,103,63373,4605,4578,494,5072,32
2021-02-25,Trinity,105,12862,467,297,79,376,3
2021-02-25,Tulare,107,460477,48249,47052,8028,55080,765
2021-02-25,Tuolumne,109,53932,3828,3894,33,3927,53
2021-02-25,Ventura,111,848112,77862,77395,2783,80178,751
2021-02-25,Yolo,113,214977,12886,12787,222,13009,188
2021-02-25,Yuba,115,75493,5502,5429,89,5518,39
2021-02-24,Alameda,001,1643700,80827,80070,1735,81805,1082
2021-02-24,Alpine,003,1148,79,77,0,77,0
2021-02-24,Amador,005,37829,3469,3444,30,3474,41
2021-02-24,Butte,007,227075,11325,10915,1611,12526,178
2021-02-24,Calaveras,009,45235,1898,1864,12,1876,31
2021-02-24,Colusa,011,21464,1872,1863,264,2127,11
2021-02-24,Contra Costa,013,1133247,63103,61776,1081,62857,663
2021-02-24,Del Norte,015,27424,1003,960,4,964,5
2021-02-24,El Dorado,017,186661,9135,8993,593,9586,98
2021-02-24,Fresno,019,978130,96250,94794,7712,102506,1369
2021-02-24,Glenn,021,27897,2252,2210,495,2705,14
2021-02-24,Humboldt,023,135768,3159,3123,22,3145,29
2021-02-24,Imperial,025,180216,27221,26843,2607,29450,596
2021-02-24,Inyo,027,18085,1294,1253,9,1262,32
2021-02-24,Kern,029,883053,93261,91525,9788,101313,992
2021-02-24,Kings,031,150075,22252,21871,971,22842,216
2021-02-24,Lake,033,64148,3176,3134,6,3140,40
2021-02-24,Lassen,035,31185,5121,5095,95,5190,1
2021-02-24,Los Angeles,037,10098052,1170390,1150322,39331,1189653,20817
2021-02-24,Madera,039,155013,15584,15390,822,16212,194
2021-02-24,Marin,041,260295,13191,13044,163,13207,214
2021-02-24,Mariposa,043,17540,377,374,5,379,4
2021-02-24,Mendocino,045,87422,3628,3540,71,3611,41
2021-02-24,Merced,047,269075,28389,28295,924,29219,383
2021-02-24,Modoc,049,8938,342,329,115,444,3
2021-02-24,Mono,051,14174,1178,1189,16,1205,3
2021-02-24,Monterey,053,433212,41949,41495,1700,43195,320
2021-02-24,Napa,055,140530,9029,8976,33,9009,70
2021-02-24,Nevada,057,99092,3998,3927,161,4088,66
2021-02-24,Orange,059,3164182,246882,244743,10213,254956,3835
2021-02-24,Placer,061,380077,20509,19648,1107,20755,239
2021-02-24,Plumas,063,18699,641,626,10,636,4
2021-02-24,Riverside,065,2383286,285376,278293,13431,291724,3603
2021-02-24,Sacramento,067,1510023,94318,92742,1242,93984,1375
2021-02-24,San Benito,069,59416,5743,5743,91,5834,57
2021-02-24,San Bernardino,071,2135413,285895,280583,8548,289131,3360
2021-02-24,San Diego,073,3302833,263613,258460,12826,271286,3230
2021-02-24,San Francisco,075,870044,34154,34061,1070,35131,406
2021-02-24,San Joaquin,077,732212,66713,65274,2775,68049,1019
2021-02-24,San Luis Obispo,079,281455,19676,19309,556,19865,233
2021-02-24,San Mateo,081,765935,39495,38763,407,39170,300
2021-02-24,Santa Barbara,083,443738,32131,31563,1106,32669,405
2021-02-24,Santa Clara,085,1922200,110208,109671,588,110259,1674
2021-02-24,Santa Cruz,087,273765,15383,14458,782,15240,185
2021-02-24,Shasta,089,179085,10931,10922,1212,12134,148
2021-02-24,Sierra,091,2930,51,47,12,59,0
2021-02-24,Siskiyou,093,43540,1489,1385,230,1615,4
2021-02-24,Solano,095,438530,29791,29577,357,29934,158
2021-02-24,Sonoma,097,501317,27951,27954,207,28161,278
2021-02-24,Stanislaus,099,539301,50584,49851,5335,55186,732
2021-02-24,Sutter,101,95872,8853,8778,80,8858,99
2021-02-24,Tehama,103,63373,4601,4566,494,5060,31
2021-02-24,Trinity,105,12862,467,294,78,372,3
2021-02-24,Tulare,107,460477,48193,46976,8000,54976,759
2021-02-24,Tuolumne,109,53932,3825,3887,33,3920,53
2021-02-24,Ventura,111,848112,77754,77238,2782,80020,718
2021-02-24,Yolo,113,214977,12873,12760,218,12978,188
2021-02-24,Yuba,115,75493,5491,5425,87,5512,39
2021-02-23,Alameda,001,1643700,80688,79948,1732,81680,1070
2021-02-23,Alpine,003,1148,78,77,0,77,0
2021-02-23,Amador,005,37829,3467,3440,30,3470,41
2021-02-23,Butte,007,227075,11310,10887,1607,12494,176
2021-02-23,Calaveras,009,45235,1897,1863,12,1875,21
2021-02-23,Colusa,011,21464,1869,1862,264,2126,11
2021-02-23,Contra Costa,013,1133247,62969,61613,1078,62691,661
2021-02-23,Del Norte,015,27424,1001,953,4,957,3
2021-02-23,El Dorado,017,186661,9122,8969,593,9562,96
2021-02-23,Fresno,019,978130,96089,94741,7698,102439,1356
2021-02-23,Glenn,021,27897,2250,2209,495,2704,14
2021-02-23,Humboldt,023,135768,3142,3108,22,3130,29
2021-02-23,Imperial,025,180216,27201,26816,2602,29418,591
2021-02-23,Inyo,027,18085,1290,1250,9,1259,32
2021-02-23,Kern,029,883053,93122,91390,9760,101150,982
2021-02-23,Kings,031,150075,22237,21839,967,22806,216
2021-02-23,Lake,033,64148,3168,3121,6,3127,40
2021-02-23,Lassen,035,31185,5118,5092,95,5187,1
2021-02-23,Los Angeles,037,10098052,1169520,1148965,39277,1188242,19887
2021-02-23,Madera,039,155013,15570,15352,816,16168,193
2021-02-23,Marin,041,260295,13171,13015,162,13177,214
2021-02-23,Mariposa,043,17540,377,374,5,379,4
2021-02-23,Mendocino,045,87422,3626,3540,70,3610,41
2021-02-23,Merced,047,269075,28309,28209,917,29126,381
2021-02-23,Modoc,049,8938,341,328,114,442,3
2021-02-23,Mono,051,14174,1178,1189,16,1205,3
2021-02-23,Monterey,053,433212,41908,41439,1694,43133,317
2021-02-23,Napa,055,140530,9017,8967,33,9000,70
2021-02-23,Nevada,057,99092,3990,3912,161,4073,66
2021-02-23,Orange,059,3164182,246684,244566,10194,254760,3843
2021-02-23,Placer,061,380077,20484,19608,1103,20711,238
2021-02-23,Plumas,063,18699,640,626,10,636,4
2021-02-23,Riverside,065,2383286,285139,278075,13416,291491,3599
2021-02-23,Sacramento,067,1510023,94161,92632,1236,93868,1370
2021-02-23,San Benito,069,59416,5737,5731,90,5821,57
2021-02-23,San Bernardino,071,2135413,285705,280279,8543,288822,3283
2021-02-23,San Diego,073,3302833,263236,257802,12796,270598,3218
2021-02-23,San Francisco,075,870044,34105,33994,1069,35063,405
2021-02-23,San Joaquin,077,732212,66614,65141,2768,67909,1004
2021-02-23,San Luis Obispo,079,281455,19647,19233,555,19788,230
2021-02-23,San Mateo,081,765935,39434,38662,407,39069,299
2021-02-23,Santa Barbara,083,443738,32076,31483,1104,32587,402
2021-02-23,Santa Clara,085,1922200,110011,109449,585,110034,1661
2021-02-23,Santa Cruz,087,273765,15354,14435,780,15215,178
2021-02-23,Shasta,089,179085,10919,10903,1208,12111,146
2021-02-23,Sierra,091,2930,51,47,12,59,0
2021-02-23,Siskiyou,093,43540,1484,1380,228,1608,4
2021-02-23,Solano,095,438530,29751,29545,354,29899,154
2021-02-23,Sonoma,097,501317,27908,27882,204,28086,278
2021-02-23,Stanislaus,099,539301,50505,49749,5319,55068,722
2021-02-23,Sutter,101,95872,8840,8766,80,8846,98
2021-02-23,Tehama,103,63373,4597,4556,493,5049,30
2021-02-23,Trinity,105,12862,467,292,77,369,3
2021-02-23,Tulare,107,460477,48115,46937,7966,54903,757
2021-02-23,Tuolumne,109,53932,3821,3864,33,3897,53
2021-02-23,Ventura,111,848112,77638,77093,2773,79866,689
2021-02-23,Yolo,113,214977,12844,12729,218,12947,188
2021-02-23,Yuba,115,75493,5478,5417,86,5503,38
2021-02-22,Alameda,001,1643700,80537,79796,1728,81524,1062
2021-02-22,Alpine,003,1148,78,77,0,77,0
2021-02-22,Amador,005,37829,3462,3438,30,3468,39
2021-02-22,Butte,007,227075,11297,10855,1602,12457,176
2021-02-22,Calaveras,009,45235,1895,1862,12,1874,21
2021-02-22,Colusa,011,21464,1869,1860,264,2124,11
2021-02-22,Contra Costa,013,1133247,62834,61478,1077,62555,661
2021-02-22,Del Norte,015,27424,1000,948,4,952,3
2021-02-22,El Dorado,017,186661,9105,8940,593,9533,96
2021-02-22,Fresno,019,978130,95927,94584,7681,102265,1351
2021-02-22,Glenn,021,27897,2245,2207,493,2700,14
2021-02-22,Humboldt,023,135768,3130,3095,22,3117,29
2021-02-22,Imperial,025,180216,27178,26778,2594,29372,590
2021-02-22,Inyo,027,18085,1285,1248,9,1257,32
2021-02-22,Kern,029,883053,93005,91201,9738,100939,982
2021-02-22,Kings,031,150075,22214,21801,964,22765,214
2021-02-22,Lake,033,64148,3162,3107,6,3113,40
2021-02-22,Lassen,035,31185,5118,5088,94,5182,1
2021-02-22,Los Angeles,037,10098052,1168647,1147541,39220,1186761,19730
2021-02-22,Madera,039,155013,15545,15325,812,16137,193
2021-02-22,Marin,041,260295,13147,12991,159,13150,213
2021-02-22,Mariposa,043,17540,376,374,5,379,4
2021-02-22,Mendocino,045,87422,3620,3535,70,3605,41
2021-02-22,Merced,047,269075,28246,28166,914,29080,379
2021-02-22,Modoc,049,8938,341,329,114,443,3
2021-02-22,Mono,051,14174,1174,1189,16,1205,3
2021-02-22,Monterey,053,433212,41858,41397,1688,43085,311
2021-02-22,Napa,055,140530,8990,8950,33,8983,69
2021-02-22,Nevada,057,99092,3981,3900,159,4059,66
2021-02-22,Orange,059,3164182,246448,244118,10176,254294,3843
2021-02-22,Placer,061,380077,20448,19587,1095,20682,238
2021-02-22,Plumas,063,18699,640,625,10,635,4
2021-02-22,Riverside,065,2383286,284875,277730,13408,291138,3567
2021-02-22,Sacramento,067,1510023,93994,92476,1226,93702,1359
2021-02-22,San Benito,069,59416,5735,5723,90,5813,57
2021-02-22,San Bernardino,071,2135413,285523,279984,8530,288514,3259
2021-02-22,San Diego,073,3302833,262826,257348,12763,270111,3189
2021-02-22,San Francisco,075,870044,34045,33947,1064,35011,405
2021-02-22,San Joaquin,077,732212,66515,65060,2755,67815,1001
2021-02-22,San Luis Obispo,079,281455,19610,19198,553,19751,229
2021-02-22,San Mateo,081,765935,39377,38542,404,38946,282
2021-02-22,Santa Barbara,083,443738,32010,31421,1101,32522,399
2021-02-22,Santa Clara,085,1922200,109799,109213,574,109787,1655
2021-02-22,Santa Cruz,087,273765,15328,14417,780,15197,176
2021-02-22,Shasta,089,179085,10904,10872,1203,12075,145
2021-02-22,Sierra,091,2930,51,47,12,59,0
2021-02-22,Siskiyou,093,43540,1478,1373,227,1600,4
2021-02-22,Solano,095,438530,29712,29508,353,29861,150
2021-02-22,Sonoma,097,501317,27863,27845,203,28048,278
2021-02-22,Stanislaus,099,539301,50400,49630,5300,54930,722
2021-02-22,Sutter,101,95872,8832,8698,80,8778,98
2021-02-22,Tehama,103,63373,4588,4550,493,5043,30
2021-02-22,Trinity,105,12862,467,287,76,363,3
2021-02-22,Tulare,107,460477,48053,46879,7934,54813,751
2021-02-22,Tuolumne,109,53932,3817,3856,33,3889,53
2021-02-22,Ventura,111,848112,77510,76947,2768,79715,677
2021-02-22,Yolo,113,214977,12817,12689,218,12907,183
2021-02-22,Yuba,115,75493,5475,5404,85,5489,38
2021-02-21,Alameda,001,1643700,80343,79649,1723,81372,1061
2021-02-21,Alpine,003,1148,78,77,0,77,0
2021-02-21,Amador,005,37829,3454,3435,30,3465,39
2021-02-21,Butte,007,227075,11274,10855,1600,12455,176
2021-02-21,Calaveras,009,45235,1894,1860,12,1872,21
2021-02-21,Colusa,011,21464,1868,1860,260,2120,11
2021-02-21,Contra Costa,013,1133247,62668,61364,1074,62438,661
2021-02-21,Del Norte,015,27424,994,942,4,946,3
2021-02-21,El Dorado,017,186661,9087,8927,592,9519,96
2021-02-21,Fresno,019,978130,95784,94374,7664,102038,1349
2021-02-21,Glenn,021,27897,2243,2201,491,2692,14
2021-02-21,Humboldt,023,135768,3118,3096,22,3118,29
2021-02-21,Imperial,025,180216,27159,26779,2590,29369,590
2021-02-21,Inyo,027,18085,1279,1232,9,1241,32
2021-02-21,Kern,029,883053,92880,91141,9699,100840,980
2021-02-21,Kings,031,150075,22178,21784,962,22746,213
2021-02-21,Lake,033,64148,3154,3100,6,3106,40
2021-02-21,Lassen,035,31185,5110,5077,94,5171,1
2021-02-21,Los Angeles,037,10098052,1167611,1146756,39172,1185928,19711
2021-02-21,Madera,039,155013,15512,15298,809,16107,192
2021-02-21,Marin,041,260295,13117,12968,159,13127,212
2021-02-21,Mariposa,043,17540,376,373,5,378,4
2021-02-21,Mendocino,045,87422,3615,3535,70,3605,41
2021-02-21,Merced,047,269075,28172,28106,898,29004,379
2021-02-21,Modoc,049,8938,338,329,114,443,3
2021-02-21,Mono,051,14174,1174,1189,16,1205,3
2021-02-21,Monterey,053,433212,41801,41373,1680,43053,309
2021-02-21,Napa,055,140530,8976,8929,33,8962,69
2021-02-21,Nevada,057,99092,3968,3895,159,4054,66
2021-02-21,Orange,059,3164182,246147,243985,10159,254144,3801
2021-02-21,Placer,061,380077,20412,19553,1091,20644,238
2021-02-21,Plumas,063,18699,640,625,10,635,4
2021-02-21,Riverside,065,2383286,284639,277555,13395,290950,3564
2021-02-21,Sacramento,067,1510023,93784,92288,1213,93501,1354
2021-02-21,San Benito,069,59416,5725,5716,87,5803,57
2021-02-21,San Bernardino,071,2135413,285276,279870,8516,288386,3247
2021-02-21,San Diego,073,3302833,262392,257027,12717,269744,3190
2021-02-21,San Francisco,075,870044,33981,33891,1060,34951,405
2021-02-21,San Joaquin,077,732212,66366,64997,2743,67740,1001
2021-02-21,San Luis Obispo,079,281455,19577,19178,551,19729,229
2021-02-21,San Mateo,081,765935,39317,38448,400,38848,282
2021-02-21,Santa Barbara,083,443738,31948,31374,1098,32472,399
2021-02-21,Santa Clara,085,1922200,109573,108992,565,109557,1654
2021-02-21,Santa Cruz,087,273765,15305,14401,779,15180,176
2021-02-21,Shasta,089,179085,10889,10867,1198,12065,145
2021-02-21,Sierra,091,2930,51,47,12,59,0
2021-02-21,Siskiyou,093,43540,1472,1371,227,1598,4
2021-02-21,Solano,095,438530,29655,29471,352,29823,150
2021-02-21,Sonoma,097,501317,27797,27793,196,27989,278
2021-02-21,Stanislaus,099,539301,50274,49527,5284,54811,726
2021-02-21,Sutter,101,95872,8814,8687,79,8766,97
2021-02-21,Tehama,103,63373,4576,4547,493,5040,30
2021-02-21,Trinity,105,12862,465,286,76,362,3
2021-02-21,Tulare,107,460477,47985,46830,7899,54729,749
2021-02-21,Tuolumne,109,53932,3803,3828,33,3861,53
2021-02-21,Ventura,111,848112,77362,76862,2754,79616,677
2021-02-21,Yolo,113,214977,12786,12670,218,12888,183
2021-02-21,Yuba,115,75493,5467,5396,84,5480,38
2021-02-20,Alameda,001,1643700,80253,79496,1719,81215,1055
2021-02-20,Alpine,003,1148,78,77,0,77,0
2021-02-20,Amador,005,37829,3452,3432,30,3462,39
2021-02-20,Butte,007,227075,11266,10838,1598,12436,176
2021-02-20,Calaveras,009,45235,1893,1858,12,1870,21
2021-02-20,Colusa,011,21464,1867,1858,260,2118,11
2021-02-20,Contra Costa,013,1133247,62580,61205,1072,62277,663
2021-02-20,Del Norte,015,27424,990,937,4,941,3
2021-02-20,El Dorado,017,186661,9077,8911,592,9503,96
2021-02-20,Fresno,019,978130,95700,94234,7644,101878,1341
2021-02-20,Glenn,021,27897,2239,2199,490,2689,14
2021-02-20,Humboldt,023,135768,3110,3073,22,3095,29
2021-02-20,Imperial,025,180216,27151,26771,2590,29361,590
2021-02-20,Inyo,027,18085,1275,1226,9,1235,32
2021-02-20,Kern,029,883053,92808,91025,9667,100692,968
2021-02-20,Kings,031,150075,22160,21773,961,22734,212
2021-02-20,Lake,033,64148,3147,3089,6,3095,40
2021-02-20,Lassen,035,31185,5108,5067,94,5161,1
2021-02-20,Los Angeles,037,10098052,1167045,1145594,39128,1184722,19630
2021-02-20,Madera,039,155013,15492,15274,808,16082,191
2021-02-20,Marin,041,260295,13096,12945,157,13102,211
2021-02-20,Mariposa,043,17540,376,372,5,377,4
2021-02-20,Mendocino,045,87422,3613,3533,70,3603,40
2021-02-20,Merced,047,269075,28129,28066,895,28961,379
2021-02-20,Modoc,049,8938,338,328,114,442,3
2021-02-20,Mono,051,14174,1173,1187,16,1203,3
2021-02-20,Monterey,053,433212,41781,41313,1678,42991,309
2021-02-20,Napa,055,140530,8967,8910,33,8943,69
2021-02-20,Nevada,057,99092,3958,3887,158,4045,66
2021-02-20,Orange,059,3164182,245978,243761,10146,253907,3755
2021-02-20,Placer,061,380077,20371,19509,1087,20596,236
2021-02-20,Plumas,063,18699,640,626,10,636,4
2021-02-20,Riverside,065,2383286,284484,277267,13385,290652,3559
2021-02-20,Sacramento,067,1510023,93661,92057,1211,93268,1352
2021-02-20,San Benito,069,59416,5713,5709,87,5796,57
2021-02-20,San Bernardino,071,2135413,285175,279608,8511,288119,3203
2021-02-20,San Diego,073,3302833,262150,256510,12688,269198,3188
2021-02-20,San Francisco,075,870044,33939,33820,1051,34871,399
2021-02-20,San Joaquin,077,732212,66293,64916,2738,67654,1001
2021-02-20,San Luis Obispo,079,281455,19553,19138,550,19688,229
2021-02-20,San Mateo,081,765935,39273,38371,399,38770,282
2021-02-20,Santa Barbara,083,443738,31914,31289,1097,32386,396
2021-02-20,Santa Clara,085,1922200,109397,108728,562,109290,1649
2021-02-20,Santa Cruz,087,273765,15294,14378,777,15155,176
2021-02-20,Shasta,089,179085,10875,10850,1193,12043,146
2021-02-20,Sierra,091,2930,51,47,12,59,0
2021-02-20,Siskiyou,093,43540,1469,1366,227,1593,4
2021-02-20,Solano,095,438530,29640,29440,350,29790,150
2021-02-20,Sonoma,097,501317,27768,27703,194,27897,278
2021-02-20,Stanislaus,099,539301,50219,49445,5271,54716,733
2021-02-20,Sutter,101,95872,8808,8681,79,8760,97
2021-02-20,Tehama,103,63373,4575,4545,493,5038,30
2021-02-20,Trinity,105,12862,464,285,75,360,3
2021-02-20,Tulare,107,460477,47949,46769,7877,54646,739
2021-02-20,Tuolumne,109,53932,3798,3823,33,3856,53
2021-02-20,Ventura,111,848112,77266,76757,2751,79508,671
2021-02-20,Yolo,113,214977,12772,12639,217,12856,183
2021-02-20,Yuba,115,75493,5464,5386,84,5470,38
2021-02-19,Alameda,001,1643700,80150,79318,1715,81033,1047
2021-02-19,Alpine,003,1148,78,77,0,77,0
2021-02-19,Amador,005,37829,3448,3427,30,3457,39
2021-02-19,Butte,007,227075,11256,10823,1593,12416,176
2021-02-19,Calaveras,009,45235,1892,1856,12,1868,21
2021-02-19,Colusa,011,21464,1867,1858,260,2118,11
2021-02-19,Contra Costa,013,1133247,62472,61017,1069,62086,651
2021-02-19,Del Norte,015,27424,985,932,4,936,2
2021-02-19,El Dorado,017,186661,9068,8882,591,9473,96
2021-02-19,Fresno,019,978130,95569,93973,7628,101601,1330
2021-02-19,Glenn,021,27897,2234,2199,489,2688,14
2021-02-19,Humboldt,023,135768,3098,3037,22,3059,29
2021-02-19,Imperial,025,180216,27146,26751,2587,29338,589
2021-02-19,Inyo,027,18085,1270,1212,9,1221,32
2021-02-19,Kern,029,883053,92738,90807,9626,100433,963
2021-02-19,Kings,031,150075,22146,21724,959,22683,211
2021-02-19,Lake,033,64148,3141,3078,6,3084,40
2021-02-19,Lassen,035,31185,5107,5057,94,5151,1
2021-02-19,Los Angeles,037,10098052,1166297,1143828,39087,1182915,19498
2021-02-19,Madera,039,155013,15475,15222,806,16028,188
2021-02-19,Marin,041,260295,13072,12919,155,13074,210
2021-02-19,Mariposa,043,17540,376,371,5,376,4
2021-02-19,Mendocino,045,87422,3611,3526,70,3596,39
2021-02-19,Merced,047,269075,28099,27985,892,28877,376
2021-02-19,Modoc,049,8938,338,328,114,442,3
2021-02-19,Mono,051,14174,1173,1186,16,1202,3
2021-02-19,Monterey,053,433212,41753,41209,1674,42883,309
2021-02-19,Napa,055,140530,8954,8899,33,8932,69
2021-02-19,Nevada,057,99092,3952,3863,158,4021,66
2021-02-19,Orange,059,3164182,245797,243397,10133,253530,3715
2021-02-19,Placer,061,380077,20349,19457,1087,20544,236
2021-02-19,Plumas,063,18699,638,624,10,634,4
2021-02-19,Riverside,065,2383286,284313,276941,13368,290309,3541
2021-02-19,Sacramento,067,1510023,93540,91815,1207,93022,1351
2021-02-19,San Benito,069,59416,5708,5699,87,5786,57
2021-02-19,San Bernardino,071,2135413,285048,279209,8506,287715,3117
2021-02-19,San Diego,073,3302833,261859,255799,12665,268464,3169
2021-02-19,San Francisco,075,870044,33891,33746,1045,34791,387
2021-02-19,San Joaquin,077,732212,66221,64774,2729,67503,988
2021-02-19,San Luis Obispo,079,281455,19522,19061,548,19609,230
2021-02-19,San Mateo,081,765935,39215,38256,397,38653,282
2021-02-19,Santa Barbara,083,443738,31850,31204,1096,32300,392
2021-02-19,Santa Clara,085,1922200,109184,108400,560,108960,1634
2021-02-19,Santa Cruz,087,273765,15279,14354,777,15131,176
2021-02-19,Shasta,089,179085,10863,10833,1190,12023,140
2021-02-19,Sierra,091,2930,51,47,12,59,0
2021-02-19,Siskiyou,093,43540,1465,1363,225,1588,4
2021-02-19,Solano,095,438530,29609,29383,349,29732,150
2021-02-19,Sonoma,097,501317,27721,27595,192,27787,280
2021-02-19,Stanislaus,099,539301,50158,49282,5255,54537,739
2021-02-19,Sutter,101,95872,8798,8665,79,8744,96
2021-02-19,Tehama,103,63373,4573,4535,493,5028,30
2021-02-19,Trinity,105,12862,462,282,73,355,3
2021-02-19,Tulare,107,460477,47904,46662,7852,54514,736
2021-02-19,Tuolumne,109,53932,3791,3817,33,3850,52
2021-02-19,Ventura,111,848112,77186,76582,2748,79330,667
2021-02-19,Yolo,113,214977,12756,12606,217,12823,183
2021-02-19,Yuba,115,75493,5454,5376,84,5460,38
2021-02-18,Alameda,001,1643700,80004,79111,1707,80818,1012
2021-02-18,Alpine,003,1148,78,77,0,77,0
2021-02-18,Amador,005,37829,3444,3417,29,3446,38
2021-02-18,Butte,007,227075,11238,10791,1590,12381,175
2021-02-18,Calaveras,009,45235,1887,1873,12,1885,21
2021-02-18,Colusa,011,21464,1865,1856,258,2114,11
2021-02-18,Contra Costa,013,1133247,62360,60868,1067,61935,640
2021-02-18,Del Norte,015,27424,980,929,4,933,2
2021-02-18,El Dorado,017,186661,9053,8850,590,9440,94
2021-02-18,Fresno,019,978130,95399,93734,7603,101337,1323
2021-02-18,Glenn,021,27897,2228,2195,489,2684,14
2021-02-18,Humboldt,023,135768,3086,3023,22,3045,29
2021-02-18,Imperial,025,180216,27120,26731,2581,29312,591
2021-02-18,Inyo,027,18085,1266,1213,8,1221,32
2021-02-18,Kern,029,883053,92580,90655,9595,100250,961
2021-02-18,Kings,031,150075,22122,21648,958,22606,211
2021-02-18,Lake,033,64148,3133,3066,6,3072,40
2021-02-18,Lassen,035,31185,5098,5052,94,5146,1
2021-02-18,Los Angeles,037,10098052,1165339,1141930,39022,1180952,19358
2021-02-18,Madera,039,155013,15453,15175,801,15976,188
2021-02-18,Marin,041,260295,13058,12895,155,13050,209
2021-02-18,Mariposa,043,17540,375,369,5,374,4
2021-02-18,Mendocino,045,87422,3608,3519,69,3588,39
2021-02-18,Merced,047,269075,28050,27870,886,28756,372
2021-02-18,Modoc,049,8938,336,327,113,440,3
2021-02-18,Mono,051,14174,1173,1182,16,1198,3
2021-02-18,Monterey,053,433212,41688,41091,1667,42758,307
2021-02-18,Napa,055,140530,8937,8877,33,8910,68
2021-02-18,Nevada,057,99092,3943,3836,157,3993,66
2021-02-18,Orange,059,3164182,245578,243098,10116,253214,3673
2021-02-18,Placer,061,380077,20322,19429,1086,20515,232
2021-02-18,Plumas,063,18699,638,624,10,634,4
2021-02-18,Riverside,065,2383286,284024,276595,13347,289942,3510
2021-02-18,Sacramento,067,1510023,93378,91476,1201,92677,1334
2021-02-18,San Benito,069,59416,5705,5697,86,5783,58
2021-02-18,San Bernardino,071,2135413,284838,278887,8492,287379,3066
2021-02-18,San Diego,073,3302833,261505,254987,12642,267629,3135
2021-02-18,San Francisco,075,870044,33833,33650,1042,34692,386
2021-02-18,San Joaquin,077,732212,66136,64634,2719,67353,982
2021-02-18,San Luis Obispo,079,281455,19480,18987,545,19532,230
2021-02-18,San Mateo,081,765935,39153,38185,393,38578,282
2021-02-18,Santa Barbara,083,443738,31772,31054,1089,32143,387
2021-02-18,Santa Clara,085,1922200,108957,108210,557,108767,1605
2021-02-18,Santa Cruz,087,273765,15253,14314,777,15091,176
2021-02-18,Shasta,089,179085,10844,10811,1187,11998,139
2021-02-18,Sierra,091,2930,50,47,12,59,0
2021-02-18,Siskiyou,093,43540,1460,1359,224,1583,4
2021-02-18,Solano,095,438530,29582,29349,348,29697,150
2021-02-18,Sonoma,097,501317,27653,27512,191,27703,281
2021-02-18,Stanislaus,099,539301,50060,49150,5240,54390,738
2021-02-18,Sutter,101,95872,8790,8654,79,8733,96
2021-02-18,Tehama,103,63373,4570,4528,492,5020,30
2021-02-18,Trinity,105,12862,461,282,73,355,3
2021-02-18,Tulare,107,460477,47841,46591,7812,54403,728
2021-02-18,Tuolumne,109,53932,3754,3811,33,3844,52
2021-02-18,Ventura,111,848112,77054,76442,2740,79182,659
2021-02-18,Yolo,113,214977,12730,12549,214,12763,183
2021-02-18,Yuba,115,75493,5437,5358,84,5442,38
2021-02-17,Alameda,001,1643700,79842,78895,1705,80600,1002
2021-02-17,Alpine,003,1148,78,77,0,77,0
2021-02-17,Amador,005,37829,3440,3415,29,3444,38
2021-02-17,Butte,007,227075,11220,10770,1587,12357,174
2021-02-17,Calaveras,009,45235,1887,1876,12,1888,21
2021-02-17,Colusa,011,21464,1862,1854,258,2112,10
2021-02-17,Contra Costa,013,1133247,62219,60723,1064,61787,635
2021-02-17,Del Norte,015,27424,973,920,4,924,2
2021-02-17,El Dorado,017,186661,9041,8847,590,9437,94
2021-02-17,Fresno,019,978130,95260,93555,7576,101131,1307
2021-02-17,Glenn,021,27897,2227,2189,488,2677,14
2021-02-17,Humboldt,023,135768,3071,3006,22,3028,29
2021-02-17,Imperial,025,180216,27105,26726,2579,29305,580
2021-02-17,Inyo,027,18085,1258,1197,8,1205,32
2021-02-17,Kern,029,883053,92460,90454,9550,100004,962
2021-02-17,Kings,031,150075,22084,21617,954,22571,211
2021-02-17,Lake,033,64148,3122,3057,2,3059,38
2021-02-17,Lassen,035,31185,5093,5052,93,5145,1
2021-02-17,Los Angeles,037,10098052,1164287,1139786,38958,1178744,19213
2021-02-17,Madera,039,155013,15427,15135,792,15927,177
2021-02-17,Marin,041,260295,13032,12881,155,13036,207
2021-02-17,Mariposa,043,17540,375,368,4,372,4
2021-02-17,Mendocino,045,87422,3606,3494,68,3562,39
2021-02-17,Merced,047,269075,27995,27824,877,28701,372
2021-02-17,Modoc,049,8938,336,327,113,440,3
2021-02-17,Mono,051,14174,1173,1180,16,1196,3
2021-02-17,Monterey,053,433212,41634,41014,1655,42669,304
2021-02-17,Napa,055,140530,8923,8865,33,8898,68
2021-02-17,Nevada,057,99092,3924,3822,154,3976,52
2021-02-17,Orange,059,3164182,245310,242716,10082,252798,3626
2021-02-17,Placer,061,380077,20289,19405,1082,20487,230
2021-02-17,Plumas,063,18699,637,623,10,633,4
2021-02-17,Riverside,065,2383286,283738,276289,13326,289615,3491
2021-02-17,Sacramento,067,1510023,93219,91309,1194,92503,1326
2021-02-17,San Benito,069,59416,5699,5661,86,5747,57
2021-02-17,San Bernardino,071,2135413,284631,278461,8473,286934,3020
2021-02-17,San Diego,073,3302833,261126,254177,12621,266798,3099
2021-02-17,San Francisco,075,870044,33757,33558,1037,34595,379
2021-02-17,San Joaquin,077,732212,66034,64556,2713,67269,979
2021-02-17,San Luis Obispo,079,281455,19435,18964,545,19509,230
2021-02-17,San Mateo,081,765935,39087,38124,392,38516,282
2021-02-17,Santa Barbara,083,443738,31704,30927,1088,32015,384
2021-02-17,Santa Clara,085,1922200,108725,107949,555,108504,1592
2021-02-17,Santa Cruz,087,273765,15220,14268,774,15042,174
2021-02-17,Shasta,089,179085,10824,10770,1186,11956,139
2021-02-17,Sierra,091,2930,50,47,12,59,0
2021-02-17,Siskiyou,093,43540,1454,1352,221,1573,4
2021-02-17,Solano,095,438530,29526,29288,348,29636,149
2021-02-17,Sonoma,097,501317,27579,27408,186,27594,281
2021-02-17,Stanislaus,099,539301,49952,49050,5224,54274,730
2021-02-17,Sutter,101,95872,8780,8681,79,8760,95
2021-02-17,Tehama,103,63373,4566,4511,491,5002,30
2021-02-17,Trinity,105,12862,461,277,71,348,3
2021-02-17,Tulare,107,460477,47775,46495,7785,54280,726
2021-02-17,Tuolumne,109,53932,3745,3806,33,3839,49
2021-02-17,Ventura,111,848112,76928,76234,2734,78968,646
2021-02-17,Yolo,113,214977,12711,12506,212,12718,182
2021-02-17,Yuba,115,75493,5428,5345,84,5429,38
2021-02-16,Alameda,001,1643700,79669,78756,1702,80458,997
2021-02-16,Alpine,003,1148,78,76,0,76,0
2021-02-16,Amador,005,37829,3433,3413,29,3442,39
2021-02-16,Butte,007,227075,11193,10748,1584,12332,164
2021-02-16,Calaveras,009,45235,1885,1872,12,1884,21
2021-02-16,Colusa,011,21464,1859,1852,256,2108,10
2021-02-16,Contra Costa,013,1133247,62071,60564,1059,61623,631
2021-02-16,Del Norte,015,27424,965,913,4,917,2
2021-02-16,El Dorado,017,186661,9031,8836,589,9425,94
2021-02-16,Fresno,019,978130,95096,93363,7546,100909,1293
2021-02-16,Glenn,021,27897,2223,2189,484,2673,14
2021-02-16,Humboldt,023,135768,3048,2994,21,3015,29
2021-02-16,Imperial,025,180216,27092,26711,2575,29286,580
2021-02-16,Inyo,027,18085,1250,1191,8,1199,32
2021-02-16,Kern,029,883053,92325,90267,9521,99788,959
2021-02-16,Kings,031,150075,22038,21583,950,22533,206
2021-02-16,Lake,033,64148,3113,3041,2,3043,38
2021-02-16,Lassen,035,31185,5081,5047,93,5140,1
2021-02-16,Los Angeles,037,10098052,1163034,1138262,38897,1177159,19044
2021-02-16,Madera,039,155013,15388,15120,787,15907,172
2021-02-16,Marin,041,260295,13008,12832,155,12987,205
2021-02-16,Mariposa,043,17540,375,367,4,371,4
2021-02-16,Mendocino,045,87422,3602,3489,68,3557,39
2021-02-16,Merced,047,269075,27913,27724,871,28595,368
2021-02-16,Modoc,049,8938,336,326,113,439,3
2021-02-16,Mono,051,14174,1173,1180,16,1196,3
2021-02-16,Monterey,053,433212,41560,40962,1646,42608,303
2021-02-16,Napa,055,140530,8910,8854,33,8887,66
2021-02-16,Nevada,057,99092,3911,3774,153,3927,47
2021-02-16,Orange,059,3164182,244988,242382,10066,252448,3612
2021-02-16,Placer,061,380077,20256,19367,1079,20446,230
2021-02-16,Plumas,063,18699,637,619,10,629,4
2021-02-16,Riverside,065,2383286,283432,275954,13302,289256,3471
2021-02-16,Sacramento,067,1510023,92965,91246,1188,92434,1305
2021-02-16,San Benito,069,59416,5691,5659,85,5744,56
2021-02-16,San Bernardino,071,2135413,284409,277947,8462,286409,2978
2021-02-16,San Diego,073,3302833,260661,253638,12582,266220,3042
2021-02-16,San Francisco,075,870044,33686,33491,1032,34523,373
2021-02-16,San Joaquin,077,732212,65910,64448,2710,67158,979
2021-02-16,San Luis Obispo,079,281455,19390,18925,542,19467,229
2021-02-16,San Mateo,081,765935,39028,38041,390,38431,277
2021-02-16,Santa Barbara,083,443738,31630,30865,1085,31950,378
2021-02-16,Santa Clara,085,1922200,108473,107754,552,108306,1591
2021-02-16,Santa Cruz,087,273765,15200,14256,773,15029,174
2021-02-16,Shasta,089,179085,10808,10736,1184,11920,139
2021-02-16,Sierra,091,2930,50,47,12,59,0
2021-02-16,Siskiyou,093,43540,1450,1351,221,1572,4
2021-02-16,Solano,095,438530,29486,29246,347,29593,148
2021-02-16,Sonoma,097,501317,27517,27380,180,27560,279
2021-02-16,Stanislaus,099,539301,49831,48927,5210,54137,716
2021-02-16,Sutter,101,95872,8757,8671,79,8750,95
2021-02-16,Tehama,103,63373,4557,4501,490,4991,30
2021-02-16,Trinity,105,12862,457,275,71,346,3
2021-02-16,Tulare,107,460477,47711,46444,7741,54185,716
2021-02-16,Tuolumne,109,53932,3743,3796,33,3829,49
2021-02-16,Ventura,111,848112,76783,76043,2730,78773,631
2021-02-16,Yolo,113,214977,12680,12457,212,12669,175
2021-02-16,Yuba,115,75493,5421,5332,83,5415,38
2021-02-15,Alameda,001,1643700,79471,78647,1691,80338,996
2021-02-15,Alpine,003,1148,78,76,0,76,0
2021-02-15,Amador,005,37829,3429,3409,29,3438,39
2021-02-15,Butte,007,227075,11175,10723,1580,12303,155
2021-02-15,Calaveras,009,45235,1881,1871,12,1883,21
2021-02-15,Colusa,011,21464,1859,1849,252,2101,10
2021-02-15,Contra Costa,013,1133247,61895,60444,1053,61497,631
2021-02-15,Del Norte,015,27424,961,913,4,917,2
2021-02-15,El Dorado,017,186661,9014,8816,589,9405,94
2021-02-15,Fresno,019,978130,94896,93231,7507,100738,1288
2021-02-15,Glenn,021,27897,2221,2185,483,2668,14
2021-02-15,Humboldt,023,135768,3041,2997,21,3018,29
2021-02-15,Imperial,025,180216,27072,26700,2571,29271,580
2021-02-15,Inyo,027,18085,1231,1184,8,1192,32
2021-02-15,Kern,029,883053,92181,90181,9489,99670,959
2021-02-15,Kings,031,150075,21993,21574,946,22520,205
2021-02-15,Lake,033,64148,3099,3030,1,3031,38
2021-02-15,Lassen,035,31185,5079,5047,92,5139,1
2021-02-15,Los Angeles,037,10098052,1161642,1137164,38834,1175998,18925
2021-02-15,Madera,039,155013,15357,15108,785,15893,106
2021-02-15,Marin,041,260295,12988,12810,152,12962,203
2021-02-15,Mariposa,043,17540,373,367,4,371,4
2021-02-15,Mendocino,045,87422,3590,3481,68,3549,39
2021-02-15,Merced,047,269075,27839,27656,863,28519,368
2021-02-15,Modoc,049,8938,336,326,113,439,3
2021-02-15,Mono,051,14174,1170,1178,16,1194,3
2021-02-15,Monterey,053,433212,41499,40911,1633,42544,302
2021-02-15,Napa,055,140530,8896,8837,33,8870,57
2021-02-15,Nevada,057,99092,3894,3767,152,3919,47
2021-02-15,Orange,059,3164182,244668,242176,10038,252214,3586
2021-02-15,Placer,061,380077,20230,19361,1078,20439,230
2021-02-15,Plumas,063,18699,637,620,10,630,4
2021-02-15,Riverside,065,2383286,283075,275771,13284,289055,3468
2021-02-15,Sacramento,067,1510023,92638,91091,1183,92274,1304
2021-02-15,San Benito,069,59416,5682,5649,85,5734,56
2021-02-15,San Bernardino,071,2135413,284152,277869,8454,286323,2945
2021-02-15,San Diego,073,3302833,260146,252940,12551,265491,3037
2021-02-15,San Francisco,075,870044,33612,33454,1026,34480,373
2021-02-15,San Joaquin,077,732212,65746,64382,2703,67085,979
2021-02-15,San Luis Obispo,079,281455,19337,18891,540,19431,227
2021-02-15,San Mateo,081,765935,38950,37969,387,38356,277
2021-02-15,Santa Barbara,083,443738,31527,30810,1082,31892,378
2021-02-15,Santa Clara,085,1922200,108238,107630,550,108180,1588
2021-02-15,Santa Cruz,087,273765,15168,14239,770,15009,175
2021-02-15,Shasta,089,179085,10788,10730,1179,11909,139
2021-02-15,Sierra,091,2930,50,47,12,59,0
2021-02-15,Siskiyou,093,43540,1442,1345,220,1565,4
2021-02-15,Solano,095,438530,29431,29225,347,29572,148
2021-02-15,Sonoma,097,501317,27432,27359,176,27535,276
2021-02-15,Stanislaus,099,539301,49706,48808,5197,54005,716
2021-02-15,Sutter,101,95872,8742,8652,79,8731,95
2021-02-15,Tehama,103,63373,4546,4492,488,4980,30
2021-02-15,Trinity,105,12862,456,274,71,345,3
2021-02-15,Tulare,107,460477,47640,46344,7702,54046,715
2021-02-15,Tuolumne,109,53932,3733,3794,33,3827,49
2021-02-15,Ventura,111,848112,76627,75889,2727,78616,629
2021-02-15,Yolo,113,214977,12643,12412,206,12618,175
2021-02-15,Yuba,115,75493,5404,5320,82,5402,38
2021-02-14,Alameda,001,1643700,79314,78442,1690,80132,995
2021-02-14,Alpine,003,1148,78,76,0,76,0
2021-02-14,Amador,005,37829,3424,3398,29,3427,39
2021-02-14,Butte,007,227075,11151,10717,1575,12292,155
2021-02-14,Calaveras,009,45235,1877,1866,12,1878,21
2021-02-14,Colusa,011,21464,1855,1845,249,2094,10
2021-02-14,Contra Costa,013,1133247,61747,60272,1050,61322,631
2021-02-14,Del Norte,015,27424,957,911,4,915,2
2021-02-14,El Dorado,017,186661,8983,8790,588,9378,94
2021-02-14,Fresno,019,978130,94725,93065,7484,100549,1287
2021-02-14,Glenn,021,27897,2218,2184,483,2667,14
2021-02-14,Humboldt,023,135768,3028,2992,21,3013,29
2021-02-14,Imperial,025,180216,27064,26696,2570,29266,580
2021-02-14,Inyo,027,18085,1225,1177,8,1185,32
2021-02-14,Kern,029,883053,92021,90038,9436,99474,959
2021-02-14,Kings,031,150075,21967,21538,944,22482,205
2021-02-14,Lake,033,64148,3090,3030,1,3031,38
2021-02-14,Lassen,035,31185,5075,5037,92,5129,1
2021-02-14,Los Angeles,037,10098052,1160300,1135450,38748,1174198,18898
2021-02-14,Madera,039,155013,15325,15089,781,15870,106
2021-02-14,Marin,041,260295,12964,12784,152,12936,201
2021-02-14,Mariposa,043,17540,373,365,4,369,4
2021-02-14,Mendocino,045,87422,3584,3475,68,3543,39
2021-02-14,Merced,047,269075,27757,27601,858,28459,368
2021-02-14,Modoc,049,8938,336,326,113,439,3
2021-02-14,Mono,051,14174,1169,1180,16,1196,3
2021-02-14,Monterey,053,433212,41449,40842,1628,42470,302
2021-02-14,Napa,055,140530,8876,8826,33,8859,57
2021-02-14,Nevada,057,99092,3878,3761,152,3913,47
2021-02-14,Orange,059,3164182,244356,241859,10019,251878,3564
2021-02-14,Placer,061,380077,20191,19313,1073,20386,230
2021-02-14,Plumas,063,18699,636,620,10,630,4
2021-02-14,Riverside,065,2383286,282741,275518,13265,288783,3471
2021-02-14,Sacramento,067,1510023,92431,90856,1179,92035,1304
2021-02-14,San Benito,069,59416,5674,5641,84,5725,56
2021-02-14,San Bernardino,071,2135413,283836,277664,8434,286098,2929
2021-02-14,San Diego,073,3302833,259654,252247,12503,264750,3037
2021-02-14,San Francisco,075,870044,33538,33374,1018,34392,372
2021-02-14,San Joaquin,077,732212,65647,64243,2689,66932,979
2021-02-14,San Luis Obispo,079,281455,19299,18868,537,19405,225
2021-02-14,San Mateo,081,765935,38866,37859,387,38246,277
2021-02-14,Santa Barbara,083,443738,31435,30744,1078,31822,377
2021-02-14,Santa Clara,085,1922200,108037,107412,546,107958,1582
2021-02-14,Santa Cruz,087,273765,15140,14225,765,14990,175
2021-02-14,Shasta,089,179085,10757,10720,1174,11894,139
2021-02-14,Sierra,091,2930,50,47,12,59,0
2021-02-14,Siskiyou,093,43540,1438,1340,220,1560,4
2021-02-14,Solano,095,438530,29393,29150,344,29494,148
2021-02-14,Sonoma,097,501317,27358,27266,174,27440,276
2021-02-14,Stanislaus,099,539301,49599,48672,5182,53854,716
2021-02-14,Sutter,101,95872,8719,8642,79,8721,95
2021-02-14,Tehama,103,63373,4538,4490,486,4976,30
2021-02-14,Trinity,105,12862,456,272,71,343,3
2021-02-14,Tulare,107,460477,47555,46263,7653,53916,715
2021-02-14,Tuolumne,109,53932,3732,3764,33,3797,49
2021-02-14,Ventura,111,848112,76452,75742,2716,78458,629
2021-02-14,Yolo,113,214977,12614,12399,205,12604,175
2021-02-14,Yuba,115,75493,5394,5314,82,5396,38
2021-02-13,Alameda,001,1643700,79199,78246,1687,79933,995
2021-02-13,Alpine,003,1148,78,76,0,76,0
2021-02-13,Amador,005,37829,3421,3387,29,3416,38
2021-02-13,Butte,007,227075,11135,10699,1574,12273,155
2021-02-13,Calaveras,009,45235,1874,1863,12,1875,21
2021-02-13,Colusa,011,21464,1855,1837,249,2086,10
2021-02-13,Contra Costa,013,1133247,61627,60100,1050,61150,629
2021-02-13,Del Norte,015,27424,955,908,4,912,2
2021-02-13,El Dorado,017,186661,8972,8758,587,9345,93
2021-02-13,Fresno,019,978130,94611,92807,7462,100269,1287
2021-02-13,Glenn,021,27897,2217,2182,481,2663,14
2021-02-13,Humboldt,023,135768,3015,2974,20,2994,29
2021-02-13,Imperial,025,180216,27057,26680,2568,29248,580
2021-02-13,Inyo,027,18085,1221,1168,8,1176,32
2021-02-13,Kern,029,883053,91932,89915,9410,99325,957
2021-02-13,Kings,031,150075,21952,21513,942,22455,205
2021-02-13,Lake,033,64148,3084,3025,1,3026,37
2021-02-13,Lassen,035,31185,5072,5028,92,5120,1
2021-02-13,Los Angeles,037,10098052,1159441,1133752,38701,1172453,18822
2021-02-13,Madera,039,155013,15316,15053,777,15830,106
2021-02-13,Marin,041,260295,12943,12757,152,12909,201
2021-02-13,Mariposa,043,17540,373,365,4,369,4
2021-02-13,Mendocino,045,87422,3574,3466,68,3534,38
2021-02-13,Merced,047,269075,27713,27541,855,28396,368
2021-02-13,Modoc,049,8938,336,325,113,438,3
2021-02-13,Mono,051,14174,1169,1176,16,1192,3
2021-02-13,Monterey,053,433212,41417,40731,1626,42357,301
2021-02-13,Napa,055,140530,8867,8809,33,8842,57
2021-02-13,Nevada,057,99092,3869,3742,151,3893,47
2021-02-13,Orange,059,3164182,244151,241545,10000,251545,3520
2021-02-13,Placer,061,380077,20171,19214,1073,20287,230
2021-02-13,Plumas,063,18699,636,616,10,626,4
2021-02-13,Riverside,065,2383286,282507,275276,13256,288532,3462
2021-02-13,Sacramento,067,1510023,92264,90401,1176,91577,1302
2021-02-13,San Benito,069,59416,5660,5633,84,5717,56
2021-02-13,San Bernardino,071,2135413,283684,277405,8422,285827,2899
2021-02-13,San Diego,073,3302833,259322,251679,12491,264170,3009
2021-02-13,San Francisco,075,870044,33488,33291,1008,34299,364
2021-02-13,San Joaquin,077,732212,65580,64105,2679,66784,977
2021-02-13,San Luis Obispo,079,281455,19271,18803,531,19334,225
2021-02-13,San Mateo,081,765935,38813,37745,387,38132,277
2021-02-13,Santa Barbara,083,443738,31383,30594,1076,31670,374
2021-02-13,Santa Clara,085,1922200,107852,107125,542,107667,1570
2021-02-13,Santa Cruz,087,273765,15113,14198,764,14962,173
2021-02-13,Shasta,089,179085,10745,10713,1169,11882,139
2021-02-13,Sierra,091,2930,50,47,12,59,0
2021-02-13,Siskiyou,093,43540,1435,1336,220,1556,4
2021-02-13,Solano,095,438530,29356,29084,344,29428,148
2021-02-13,Sonoma,097,501317,27311,27157,172,27329,276
2021-02-13,Stanislaus,099,539301,49529,48568,5176,53744,697
2021-02-13,Sutter,101,95872,8707,8626,79,8705,94
2021-02-13,Tehama,103,63373,4529,4484,485,4969,30
2021-02-13,Trinity,105,12862,455,272,70,342,3
2021-02-13,Tulare,107,460477,47504,46162,7622,53784,709
2021-02-13,Tuolumne,109,53932,3731,3752,33,3785,49
2021-02-13,Ventura,111,848112,76314,75481,2710,78191,618
2021-02-13,Yolo,113,214977,12602,12374,204,12578,175
2021-02-13,Yuba,115,75493,5386,5289,82,5371,38
2021-02-12,Alameda,001,1643700,79063,77958,1681,79639,974
2021-02-12,Alpine,003,1148,78,76,0,76,0
2021-02-12,Amador,005,37829,3417,3381,29,3410,38
2021-02-12,Butte,007,227075,11120,10655,1567,12222,155
2021-02-12,Calaveras,009,45235,1871,1860,12,1872,21
2021-02-12,Colusa,011,21464,1855,1836,249,2085,10
2021-02-12,Contra Costa,013,1133247,61477,59878,1046,60924,620
2021-02-12,Del Norte,015,27424,945,901,4,905,2
2021-02-12,El Dorado,017,186661,8956,8725,584,9309,92
2021-02-12,Fresno,019,978130,94457,92520,7442,99962,1273
2021-02-12,Glenn,021,27897,2214,2175,481,2656,14
2021-02-12,Humboldt,023,135768,3007,2961,20,2981,29
2021-02-12,Imperial,025,180216,27048,26646,2566,29212,585
2021-02-12,Inyo,027,18085,1215,1156,8,1164,32
2021-02-12,Kern,029,883053,91821,89532,9375,98907,949
2021-02-12,Kings,031,150075,21920,21462,937,22399,202
2021-02-12,Lake,033,64148,3080,3012,1,3013,36
2021-02-12,Lassen,035,31185,5070,5015,92,5107,1
2021-02-12,Los Angeles,037,10098052,1158235,1131185,38632,1169817,18637
2021-02-12,Madera,039,155013,15289,15022,774,15796,106
2021-02-12,Marin,041,260295,12917,12720,152,12872,200
2021-02-12,Mariposa,043,17540,372,365,4,369,4
2021-02-12,Mendocino,045,87422,3572,3447,68,3515,38
2021-02-12,Merced,047,269075,27662,27453,852,28305,367
2021-02-12,Modoc,049,8938,336,324,113,437,3
2021-02-12,Mono,051,14174,1168,1172,16,1188,3
2021-02-12,Monterey,053,433212,41370,40633,1617,42250,297
2021-02-12,Napa,055,140530,8855,8785,33,8818,55
2021-02-12,Nevada,057,99092,3864,3728,151,3879,47
2021-02-12,Orange,059,3164182,243913,241075,9986,251061,3505
2021-02-12,Placer,061,380077,20129,19174,1068,20242,230
2021-02-12,Plumas,063,18699,635,614,10,624,4
2021-02-12,Riverside,065,2383286,282230,274792,13238,288030,3438
2021-02-12,Sacramento,067,1510023,92062,90252,1175,91427,1295
2021-02-12,San Benito,069,59416,5644,5622,83,5705,56
2021-02-12,San Bernardino,071,2135413,283491,276890,8411,285301,2827
2021-02-12,San Diego,073,3302833,258939,250788,12465,263253,2979
2021-02-12,San Francisco,075,870044,33428,33179,1004,34183,359
2021-02-12,San Joaquin,077,732212,65486,63966,2671,66637,975
2021-02-12,San Luis Obispo,079,281455,19230,18687,530,19217,224
2021-02-12,San Mateo,081,765935,38741,37560,387,37947,254
2021-02-12,Santa Barbara,083,443738,31312,30454,1071,31525,372
2021-02-12,Santa Clara,085,1922200,107683,106759,539,107298,1543
2021-02-12,Santa Cruz,087,273765,15093,14147,764,14911,170
2021-02-12,Shasta,089,179085,10727,10693,1159,11852,142
2021-02-12,Sierra,091,2930,49,45,12,57,0
2021-02-12,Siskiyou,093,43540,1431,1324,217,1541,4
2021-02-12,Solano,095,438530,29324,28996,341,29337,147
2021-02-12,Sonoma,097,501317,27257,27064,168,27232,275
2021-02-12,Stanislaus,099,539301,49444,48418,5153,53571,697
2021-02-12,Sutter,101,95872,8693,8609,79,8688,93
2021-02-12,Tehama,103,63373,4521,4470,484,4954,27
2021-02-12,Trinity,105,12862,455,269,70,339,3
2021-02-12,Tulare,107,460477,47426,46016,7595,53611,710
2021-02-12,Tuolumne,109,53932,3728,3736,32,3768,49
2021-02-12,Ventura,111,848112,76146,75210,2703,77913,605
2021-02-12,Yolo,113,214977,12582,12340,204,12544,175
2021-02-12,Yuba,115,75493,5378,5274,82,5356,38
2021-02-11,Alameda,001,1643700,78836,77564,1676,79240,960
2021-02-11,Alpine,003,1148,77,76,0,76,0
2021-02-11,Amador,005,37829,3413,3368,29,3397,35
2021-02-11,Butte,007,227075,11096,10624,1565,12189,155
2021-02-11,Calaveras,009,45235,1868,1856,12,1868,21
2021-02-11,Colusa,011,21464,1850,1823,247,2070,10
2021-02-11,Contra Costa,013,1133247,61310,59633,1042,60675,605
2021-02-11,Del Norte,015,27424,940,894,4,898,2
2021-02-11,El Dorado,017,186661,8935,8698,584,9282,92
2021-02-11,Fresno,019,978130,94303,92168,7417,99585,1255
2021-02-11,Glenn,021,27897,2209,2166,480,2646,14
2021-02-11,Humboldt,023,135768,2994,2954,19,2973,29
2021-02-11,Imperial,025,180216,27025,26545,2564,29109,578
2021-02-11,Inyo,027,18085,1206,1144,8,1152,32
2021-02-11,Kern,029,883053,91630,89224,9331,98555,941
2021-02-11,Kings,031,150075,21890,21373,934,22307,202
2021-02-11,Lake,033,64148,3070,3002,1,3003,36
2021-02-11,Lassen,035,31185,5059,5004,89,5093,1
2021-02-11,Los Angeles,037,10098052,1156603,1128437,38563,1167000,18500
2021-02-11,Madera,039,155013,15268,14984,772,15756,106
2021-02-11,Marin,041,260295,12880,12682,152,12834,200
2021-02-11,Mariposa,043,17540,372,361,4,365,4
2021-02-11,Mendocino,045,87422,3565,3420,68,3488,38
2021-02-11,Merced,047,269075,27596,27325,848,28173,363
2021-02-11,Modoc,049,8938,335,317,113,430,3
2021-02-11,Mono,051,14174,1164,1173,16,1189,3
2021-02-11,Monterey,053,433212,41262,40469,1611,42080,295
2021-02-11,Napa,055,140530,8834,8777,33,8810,55
2021-02-11,Nevada,057,99092,3848,3720,151,3871,47
2021-02-11,Orange,059,3164182,243548,240590,9963,250553,3476
2021-02-11,Placer,061,380077,20089,19118,1067,20185,224
2021-02-11,Plumas,063,18699,634,592,10,602,4
2021-02-11,Riverside,065,2383286,281861,274313,13223,287536,3394
2021-02-11,Sacramento,067,1510023,91819,89988,1169,91157,1286
2021-02-11,San Benito,069,59416,5635,5609,83,5692,56
2021-02-11,San Bernardino,071,2135413,283176,276349,8397,284746,2774
2021-02-11,San Diego,073,3302833,258387,249971,12431,262402,2955
2021-02-11,San Francisco,075,870044,33343,33076,995,34071,356
2021-02-11,San Joaquin,077,732212,65317,63719,2661,66380,971
2021-02-11,San Luis Obispo,079,281455,19165,18615,526,19141,219
2021-02-11,San Mateo,081,765935,38650,37439,385,37824,253
2021-02-11,Santa Barbara,083,443738,31216,30375,1066,31441,370
2021-02-11,Santa Clara,085,1922200,107426,106392,533,106925,1507
2021-02-11,Santa Cruz,087,273765,15070,14088,759,14847,165
2021-02-11,Shasta,089,179085,10703,10672,1155,11827,140
2021-02-11,Sierra,091,2930,49,45,12,57,0
2021-02-11,Siskiyou,093,43540,1416,1320,217,1537,4
2021-02-11,Solano,095,438530,29272,28885,341,29226,138
2021-02-11,Sonoma,097,501317,27174,26971,165,27136,272
2021-02-11,Stanislaus,099,539301,49300,48205,5142,53347,697
2021-02-11,Sutter,101,95872,8679,8590,78,8668,93
2021-02-11,Tehama,103,63373,4515,4463,484,4947,26
2021-02-11,Trinity,105,12862,455,269,70,339,3
2021-02-11,Tulare,107,460477,47331,45897,7554,53451,706
2021-02-11,Tuolumne,109,53932,3691,3716,32,3748,48
2021-02-11,Ventura,111,848112,75945,74959,2694,77653,590
2021-02-11,Yolo,113,214977,12559,12303,202,12505,173
2021-02-11,Yuba,115,75493,5364,5261,80,5341,38
2021-02-10,Alameda,001,1643700,78633,77344,1675,79019,944
2021-02-10,Alpine,003,1148,77,76,0,76,0
2021-02-10,Amador,005,37829,3401,3348,29,3377,35
2021-02-10,Butte,007,227075,11070,10594,1564,12158,155
2021-02-10,Calaveras,009,45235,1866,1850,12,1862,21
2021-02-10,Colusa,011,21464,1843,1815,245,2060,10
2021-02-10,Contra Costa,013,1133247,61138,59488,1040,60528,590
2021-02-10,Del Norte,015,27424,934,888,4,892,2
2021-02-10,El Dorado,017,186661,8904,8682,580,9262,87
2021-02-10,Fresno,019,978130,94128,91876,7391,99267,1247
2021-02-10,Glenn,021,27897,2205,2160,478,2638,14
2021-02-10,Humboldt,023,135768,2986,2924,19,2943,29
2021-02-10,Imperial,025,180216,26986,26522,2561,29083,578
2021-02-10,Inyo,027,18085,1194,1138,8,1146,30
2021-02-10,Kern,029,883053,91423,88933,9277,98210,926
2021-02-10,Kings,031,150075,21847,21294,932,22226,197
2021-02-10,Lake,033,64148,3057,2975,1,2976,36
2021-02-10,Lassen,035,31185,5055,4993,89,5082,1
2021-02-10,Los Angeles,037,10098052,1154857,1125437,38433,1163870,18338
2021-02-10,Madera,039,155013,15230,14925,770,15695,105
2021-02-10,Marin,041,260295,12843,12651,152,12803,199
2021-02-10,Mariposa,043,17540,370,360,4,364,4
2021-02-10,Mendocino,045,87422,3550,3395,68,3463,38
2021-02-10,Merced,047,269075,27513,27246,837,28083,359
2021-02-10,Modoc,049,8938,334,315,111,426,3
2021-02-10,Mono,051,14174,1159,1170,16,1186,3
2021-02-10,Monterey,053,433212,41183,40366,1596,41962,288
2021-02-10,Napa,055,140530,8815,8769,33,8802,55
2021-02-10,Nevada,057,99092,3833,3693,149,3842,47
2021-02-10,Orange,059,3164182,243128,239974,9932,249906,3439
2021-02-10,Placer,061,380077,20050,19062,1062,20124,220
2021-02-10,Plumas,063,18699,631,589,10,599,2
2021-02-10,Riverside,065,2383286,281435,273721,13213,286934,3374
2021-02-10,Sacramento,067,1510023,91568,89653,1165,90818,1275
2021-02-10,San Benito,069,59416,5621,5591,83,5674,55
2021-02-10,San Bernardino,071,2135413,282813,275616,8381,283997,2696
2021-02-10,San Diego,073,3302833,257805,248858,12393,261251,2904
2021-02-10,San Francisco,075,870044,33260,32955,992,33947,351
2021-02-10,San Joaquin,077,732212,65176,63484,2647,66131,954
2021-02-10,San Luis Obispo,079,281455,19086,18549,524,19073,216
2021-02-10,San Mateo,081,765935,38560,37323,385,37708,245
2021-02-10,Santa Barbara,083,443738,31124,30216,1061,31277,359
2021-02-10,Santa Clara,085,1922200,107187,106048,530,106578,1489
2021-02-10,Santa Cruz,087,273765,15034,14007,757,14764,165
2021-02-10,Shasta,089,179085,10680,10645,1152,11797,142
2021-02-10,Sierra,091,2930,49,45,12,57,0
2021-02-10,Siskiyou,093,43540,1411,1314,216,1530,4
2021-02-10,Solano,095,438530,29197,28835,339,29174,137
2021-02-10,Sonoma,097,501317,27082,26881,163,27044,271
2021-02-10,Stanislaus,099,539301,49183,48016,5125,53141,696
2021-02-10,Sutter,101,95872,8662,8571,78,8649,93
2021-02-10,Tehama,103,63373,4507,4445,484,4929,23
2021-02-10,Trinity,105,12862,452,268,70,338,3
2021-02-10,Tulare,107,460477,47214,45782,7515,53297,696
2021-02-10,Tuolumne,109,53932,3683,3691,32,3723,48
2021-02-10,Ventura,111,848112,75718,74651,2677,77328,580
2021-02-10,Yolo,113,214977,12535,12276,201,12477,174
2021-02-10,Yuba,115,75493,5346,5241,80,5321,38
2021-02-09,Alameda,001,1643700,78370,77018,1672,78690,936
2021-02-09,Alpine,003,1148,77,76,0,76,0
2021-02-09,Amador,005,37829,3393,3347,29,3376,35
2021-02-09,Butte,007,227075,11043,10563,1562,12125,153
2021-02-09,Calaveras,009,45235,1862,1847,12,1859,21
2021-02-09,Colusa,011,21464,1834,1812,240,2052,10
2021-02-09,Contra Costa,013,1133247,60949,59307,1034,60341,583
2021-02-09,Del Norte,015,27424,928,886,4,890,2
2021-02-09,El Dorado,017,186661,8877,8663,579,9242,87
2021-02-09,Fresno,019,978130,93886,91730,7363,99093,1211
2021-02-09,Glenn,021,27897,2201,2156,478,2634,14
2021-02-09,Humboldt,023,135768,2978,2904,19,2923,29
2021-02-09,Imperial,025,180216,26959,26509,2558,29067,568
2021-02-09,Inyo,027,18085,1186,1137,8,1145,30
2021-02-09,Kern,029,883053,91174,88684,9231,97915,920
2021-02-09,Kings,031,150075,21805,21275,930,22205,196
2021-02-09,Lake,033,64148,3046,2955,1,2956,36
2021-02-09,Lassen,035,31185,5048,4983,89,5072,1
2021-02-09,Los Angeles,037,10098052,1152886,1122745,38347,1161092,18198
2021-02-09,Madera,039,155013,15210,14912,767,15679,105
2021-02-09,Marin,041,260295,12810,12623,151,12774,197
2021-02-09,Mariposa,043,17540,368,355,4,359,4
2021-02-09,Mendocino,045,87422,3532,3369,68,3437,38
2021-02-09,Merced,047,269075,27415,27166,832,27998,354
2021-02-09,Modoc,049,8938,333,316,111,427,3
2021-02-09,Mono,051,14174,1158,1167,16,1183,3
2021-02-09,Monterey,053,433212,41076,40279,1584,41863,285
2021-02-09,Napa,055,140530,8802,8749,33,8782,55
2021-02-09,Nevada,057,99092,3817,3687,149,3836,44
2021-02-09,Orange,059,3164182,242713,239169,9901,249070,3406
2021-02-09,Placer,061,380077,19985,19008,1055,20063,220
2021-02-09,Plumas,063,18699,631,584,10,594,2
2021-02-09,Riverside,065,2383286,280942,273465,13197,286662,3334
2021-02-09,Sacramento,067,1510023,91257,89378,1164,90542,1265
2021-02-09,San Benito,069,59416,5609,5566,82,5648,54
2021-02-09,San Bernardino,071,2135413,282440,274998,8368,283366,2613
2021-02-09,San Diego,073,3302833,257147,248048,12350,260398,2853
2021-02-09,San Francisco,075,870044,33181,32782,982,33764,349
2021-02-09,San Joaquin,077,732212,65002,63341,2642,65983,937
2021-02-09,San Luis Obispo,079,281455,19027,18489,523,19012,216
2021-02-09,San Mateo,081,765935,38429,37227,384,37611,235
2021-02-09,Santa Barbara,083,443738,31013,30118,1055,31173,351
2021-02-09,Santa Clara,085,1922200,106880,105762,527,106289,1463
2021-02-09,Santa Cruz,087,273765,14984,13958,752,14710,162
2021-02-09,Shasta,089,179085,10653,10595,1150,11745,139
2021-02-09,Sierra,091,2930,49,44,12,56,0
2021-02-09,Siskiyou,093,43540,1403,1306,214,1520,4
2021-02-09,Solano,095,438530,29120,28769,336,29105,131
2021-02-09,Sonoma,097,501317,26992,26826,161,26987,267
2021-02-09,Stanislaus,099,539301,49022,47906,5109,53015,679
2021-02-09,Sutter,101,95872,8645,8541,78,8619,92
2021-02-09,Tehama,103,63373,4500,4416,482,4898,22
2021-02-09,Trinity,105,12862,452,266,70,336,3
2021-02-09,Tulare,107,460477,47080,45704,7461,53165,686
2021-02-09,Tuolumne,109,53932,3664,3673,32,3705,48
2021-02-09,Ventura,111,848112,75468,74333,2669,77002,567
2021-02-09,Yolo,113,214977,12494,12220,201,12421,174
2021-02-09,Yuba,115,75493,5337,5235,80,5315,35
2021-02-08,Alameda,001,1643700,78107,76735,1667,78402,924
2021-02-08,Alpine,003,1148,77,73,0,73,0
2021-02-08,Amador,005,37829,3386,3344,28,3372,33
2021-02-08,Butte,007,227075,11021,10524,1559,12083,152
2021-02-08,Calaveras,009,45235,1861,1840,12,1852,21
2021-02-08,Colusa,011,21464,1826,1802,236,2038,10
2021-02-08,Contra Costa,013,1133247,60740,59039,1032,60071,567
2021-02-08,Del Norte,015,27424,925,885,4,889,2
2021-02-08,El Dorado,017,186661,8846,8627,577,9204,86
2021-02-08,Fresno,019,978130,93673,91430,7337,98767,1207
2021-02-08,Glenn,021,27897,2197,2148,476,2624,14
2021-02-08,Humboldt,023,135768,2970,2902,19,2921,29
2021-02-08,Imperial,025,180216,26939,26526,2556,29082,567
2021-02-08,Inyo,027,18085,1173,1126,8,1134,30
2021-02-08,Kern,029,883053,90959,88380,9173,97553,920
2021-02-08,Kings,031,150075,21743,21232,927,22159,195
2021-02-08,Lake,033,64148,3027,2949,1,2950,36
2021-02-08,Lassen,035,31185,5035,4976,89,5065,1
2021-02-08,Los Angeles,037,10098052,1150790,1120179,38225,1158404,17977
2021-02-08,Madera,039,155013,15174,14887,760,15647,93
2021-02-08,Marin,041,260295,12781,12591,151,12742,194
2021-02-08,Mariposa,043,17540,368,355,4,359,4
2021-02-08,Mendocino,045,87422,3518,3355,68,3423,38
2021-02-08,Merced,047,269075,27331,27082,827,27909,346
2021-02-08,Modoc,049,8938,331,318,111,429,3
2021-02-08,Mono,051,14174,1158,1165,16,1181,3
2021-02-08,Monterey,053,433212,40956,40186,1565,41751,283
2021-02-08,Napa,055,140530,8787,8719,33,8752,55
2021-02-08,Nevada,057,99092,3805,3671,149,3820,44
2021-02-08,Orange,059,3164182,242244,238715,9877,248592,3361
2021-02-08,Placer,061,380077,19943,18944,1049,19993,211
2021-02-08,Plumas,063,18699,630,584,10,594,2
2021-02-08,Riverside,065,2383286,280373,272904,13171,286075,3301
2021-02-08,Sacramento,067,1510023,90970,89267,1161,90428,1247
2021-02-08,San Benito,069,59416,5604,5553,81,5634,52
2021-02-08,San Bernardino,071,2135413,282036,274661,8362,283023,2587
2021-02-08,San Diego,073,3302833,256405,247259,12309,259568,2821
2021-02-08,San Francisco,075,870044,33087,32679,974,33653,348
2021-02-08,San Joaquin,077,732212,64841,63148,2632,65780,929
2021-02-08,San Luis Obispo,079,281455,18970,18421,518,18939,214
2021-02-08,San Mateo,081,765935,38320,37084,384,37468,232
2021-02-08,Santa Barbara,083,443738,30898,29978,1048,31026,340
2021-02-08,Santa Clara,085,1922200,106555,105413,519,105932,1456
2021-02-08,Santa Cruz,087,273765,14945,13921,746,14667,161
2021-02-08,Shasta,089,179085,10627,10574,1144,11718,137
2021-02-08,Sierra,091,2930,49,44,12,56,0
2021-02-08,Siskiyou,093,43540,1400,1303,214,1517,4
2021-02-08,Solano,095,438530,29056,28644,334,28978,130
2021-02-08,Sonoma,097,501317,26901,26760,160,26920,259
2021-02-08,Stanislaus,099,539301,48869,47704,5081,52785,679
2021-02-08,Sutter,101,95872,8626,8526,78,8604,92
2021-02-08,Tehama,103,63373,4485,4403,480,4883,22
2021-02-08,Trinity,105,12862,450,266,70,336,3
2021-02-08,Tulare,107,460477,46972,45617,7421,53038,673
2021-02-08,Tuolumne,109,53932,3656,3647,32,3679,48
2021-02-08,Ventura,111,848112,75211,74068,2663,76731,565
2021-02-08,Yolo,113,214977,12462,12169,200,12369,162
2021-02-08,Yuba,115,75493,5321,5215,80,5295,35
2021-02-07,Alameda,001,1643700,77804,76500,1659,78159,924
2021-02-07,Alpine,003,1148,74,72,0,72,0
2021-02-07,Amador,005,37829,3365,3343,28,3371,33
2021-02-07,Butte,007,227075,10988,10513,1549,12062,152
2021-02-07,Calaveras,009,45235,1857,1837,12,1849,21
2021-02-07,Colusa,011,21464,1815,1795,234,2029,10
2021-02-07,Contra Costa,013,1133247,60500,58836,1027,59863,566
2021-02-07,Del Norte,015,27424,921,881,4,885,2
2021-02-07,El Dorado,017,186661,8817,8596,575,9171,86
2021-02-07,Fresno,019,978130,93443,91184,7298,98482,1207
2021-02-07,Glenn,021,27897,2193,2141,471,2612,14
2021-02-07,Humboldt,023,135768,2949,2895,19,2914,28
2021-02-07,Imperial,025,180216,26910,26518,2549,29067,567
2021-02-07,Inyo,027,18085,1162,1124,8,1132,27
2021-02-07,Kern,029,883053,90714,88146,9116,97262,920
2021-02-07,Kings,031,150075,21682,21180,924,22104,192
2021-02-07,Lake,033,64148,3011,2940,1,2941,36
2021-02-07,Lassen,035,31185,5024,4973,89,5062,1
2021-02-07,Los Angeles,037,10098052,1148034,1117551,38095,1155646,17889
2021-02-07,Madera,039,155013,15140,14850,756,15606,93
2021-02-07,Marin,041,260295,12747,12571,149,12720,194
2021-02-07,Mariposa,043,17540,367,355,4,359,4
2021-02-07,Mendocino,045,87422,3501,3348,68,3416,38
2021-02-07,Merced,047,269075,27219,26977,815,27792,346
2021-02-07,Modoc,049,8938,331,317,107,424,3
2021-02-07,Mono,051,14174,1155,1165,16,1181,3
2021-02-07,Monterey,053,433212,40821,40113,1545,41658,283
2021-02-07,Napa,055,140530,8764,8701,33,8734,55
2021-02-07,Nevada,057,99092,3794,3643,149,3792,44
2021-02-07,Orange,059,3164182,241646,238155,9845,248000,3336
2021-02-07,Placer,061,380077,19896,18903,1036,19939,211
2021-02-07,Plumas,063,18699,630,584,10,594,2
2021-02-07,Riverside,065,2383286,279845,272301,13150,285451,3267
2021-02-07,Sacramento,067,1510023,90638,88919,1154,90073,1246
2021-02-07,San Benito,069,59416,5585,5548,80,5628,52
2021-02-07,San Bernardino,071,2135413,281454,274316,8337,282653,2587
2021-02-07,San Diego,073,3302833,255619,246561,12245,258806,2821
2021-02-07,San Francisco,075,870044,32967,32609,962,33571,348
2021-02-07,San Joaquin,077,732212,64567,63051,2617,65668,929
2021-02-07,San Luis Obispo,079,281455,18898,18349,511,18860,214
2021-02-07,San Mateo,081,765935,38186,36984,382,37366,232
2021-02-07,Santa Barbara,083,443738,30758,29815,1037,30852,340
2021-02-07,Santa Clara,085,1922200,106215,105118,509,105627,1450
2021-02-07,Santa Cruz,087,273765,14891,13887,741,14628,161
2021-02-07,Shasta,089,179085,10607,10570,1136,11706,137
2021-02-07,Sierra,091,2930,49,43,12,55,0
2021-02-07,Siskiyou,093,43540,1393,1295,212,1507,4
2021-02-07,Solano,095,438530,28946,28567,333,28900,130
2021-02-07,Sonoma,097,501317,26794,26684,156,26840,257
2021-02-07,Stanislaus,099,539301,48679,47551,5049,52600,679
2021-02-07,Sutter,101,95872,8598,8515,78,8593,92
2021-02-07,Tehama,103,63373,4471,4396,478,4874,22
2021-02-07,Trinity,105,12862,447,264,68,332,3
2021-02-07,Tulare,107,460477,46850,45520,7343,52863,671
2021-02-07,Tuolumne,109,53932,3632,3619,31,3650,48
2021-02-07,Ventura,111,848112,74902,73759,2651,76410,561
2021-02-07,Yolo,113,214977,12417,12135,200,12335,162
2021-02-07,Yuba,115,75493,5306,5198,78,5276,35
2021-02-06,Alameda,001,1643700,77650,76170,1648,77818,922
2021-02-06,Alpine,003,1148,74,72,0,72,0
2021-02-06,Amador,005,37829,3359,3306,28,3334,33
2021-02-06,Butte,007,227075,10971,10480,1545,12025,150
2021-02-06,Calaveras,009,45235,1855,1832,12,1844,21
2021-02-06,Colusa,011,21464,1813,1791,233,2024,10
2021-02-06,Contra Costa,013,1133247,60353,58567,1021,59588,566
2021-02-06,Del Norte,015,27424,917,879,4,883,2
2021-02-06,El Dorado,017,186661,8810,8575,571,9146,86
2021-02-06,Fresno,019,978130,93330,90944,7278,98222,1207
2021-02-06,Glenn,021,27897,2191,2136,470,2606,14
2021-02-06,Humboldt,023,135768,2938,2880,19,2899,28
2021-02-06,Imperial,025,180216,26900,26514,2548,29062,567
2021-02-06,Inyo,027,18085,1159,1113,8,1121,27
2021-02-06,Kern,029,883053,90562,87919,9070,96989,912
2021-02-06,Kings,031,150075,21652,21156,924,22080,190
2021-02-06,Lake,033,64148,3006,2920,1,2921,34
2021-02-06,Lassen,035,31185,5020,4964,88,5052,1
2021-02-06,Los Angeles,037,10098052,1146680,1114718,37997,1152715,17793
2021-02-06,Madera,039,155013,15119,14807,754,15561,93
2021-02-06,Marin,041,260295,12727,12531,149,12680,194
2021-02-06,Mariposa,043,17540,366,355,3,358,4
2021-02-06,Mendocino,045,87422,3483,3316,67,3383,38
2021-02-06,Merced,047,269075,27133,26881,807,27688,346
2021-02-06,Modoc,049,8938,331,313,107,420,3
2021-02-06,Mono,051,14174,1154,1159,16,1175,3
2021-02-06,Monterey,053,433212,40764,39995,1537,41532,282
2021-02-06,Napa,055,140530,8751,8639,33,8672,55
2021-02-06,Nevada,057,99092,3782,3624,149,3773,43
2021-02-06,Orange,059,3164182,241282,237391,9811,247202,3293
2021-02-06,Placer,061,380077,19859,18836,1033,19869,211
2021-02-06,Plumas,063,18699,630,584,10,594,2
2021-02-06,Riverside,065,2383286,279478,271741,13131,284872,3243
2021-02-06,Sacramento,067,1510023,90421,88532,1144,89676,1237
2021-02-06,San Benito,069,59416,5567,5516,80,5596,52
2021-02-06,San Bernardino,071,2135413,281148,273718,8314,282032,2564
2021-02-06,San Diego,073,3302833,255123,245331,12210,257541,2812
2021-02-06,San Francisco,075,870044,32893,32437,952,33389,346
2021-02-06,San Joaquin,077,732212,64488,62840,2606,65446,906
2021-02-06,San Luis Obispo,079,281455,18856,18284,507,18791,214
2021-02-06,San Mateo,081,765935,38118,36824,379,37203,232
2021-02-06,Santa Barbara,083,443738,30682,29645,1035,30680,337
2021-02-06,Santa Clara,085,1922200,105994,104639,504,105143,1439
2021-02-06,Santa Cruz,087,273765,14860,13845,737,14582,161
2021-02-06,Shasta,089,179085,10596,10561,1134,11695,137
2021-02-06,Sierra,091,2930,49,43,12,55,0
2021-02-06,Siskiyou,093,43540,1390,1289,211,1500,4
2021-02-06,Solano,095,438530,28910,28446,332,28778,129
2021-02-06,Sonoma,097,501317,26757,26564,154,26718,257
2021-02-06,Stanislaus,099,539301,48580,47325,5033,52358,679
2021-02-06,Sutter,101,95872,8590,8485,78,8563,92
2021-02-06,Tehama,103,63373,4464,4380,476,4856,22
2021-02-06,Trinity,105,12862,447,263,68,331,3
2021-02-06,Tulare,107,460477,46782,45349,7296,52645,664
2021-02-06,Tuolumne,109,53932,3625,3612,31,3643,48
2021-02-06,Ventura,111,848112,74722,73431,2645,76076,552
2021-02-06,Yolo,113,214977,12394,12061,200,12261,161
2021-02-06,Yuba,115,75493,5296,5177,77,5254,35
2021-02-05,Alameda,001,1643700,77425,75716,1646,77362,916
2021-02-05,Alpine,003,1148,74,72,0,72,0
2021-02-05,Amador,005,37829,3354,3299,27,3326,33
2021-02-05,Butte,007,227075,10953,10421,1539,11960,150
2021-02-05,Calaveras,009,45235,1851,1818,12,1830,21
2021-02-05,Colusa,011,21464,1809,1785,233,2018,10
2021-02-05,Contra Costa,013,1133247,60192,58195,1019,59214,560
2021-02-05,Del Norte,015,27424,916,874,4,878,2
2021-02-05,El Dorado,017,186661,8790,8527,569,9096,86
2021-02-05,Fresno,019,978130,93128,90513,7257,97770,1194
2021-02-05,Glenn,021,27897,2188,2122,464,2586,14
2021-02-05,Humboldt,023,135768,2928,2857,19,2876,28
2021-02-05,Imperial,025,180216,26881,26474,2547,29021,557
2021-02-05,Inyo,027,18085,1155,1104,8,1112,27
2021-02-05,Kern,029,883053,90393,87470,9003,96473,906
2021-02-05,Kings,031,150075,21614,21021,921,21942,190
2021-02-05,Lake,033,64148,2994,2906,1,2907,33
2021-02-05,Lassen,035,31185,5016,4936,88,5024,1
2021-02-05,Los Angeles,037,10098052,1144583,1110384,37862,1148246,17608
2021-02-05,Madera,039,155013,15085,14752,749,15501,95
2021-02-05,Marin,041,260295,12692,12479,149,12628,193
2021-02-05,Mariposa,043,17540,366,352,3,355,4
2021-02-05,Mendocino,045,87422,3469,3272,67,3339,38
2021-02-05,Merced,047,269075,27073,26760,806,27566,345
2021-02-05,Modoc,049,8938,331,312,107,419,3
2021-02-05,Mono,051,14174,1153,1157,16,1173,3
2021-02-05,Monterey,053,433212,40697,39840,1526,41366,281
2021-02-05,Napa,055,140530,8737,8598,33,8631,55
2021-02-05,Nevada,057,99092,3779,3607,149,3756,43
2021-02-05,Orange,059,3164182,240855,236335,9784,246119,3260
2021-02-05,Placer,061,380077,19823,18756,1031,19787,211
2021-02-05,Plumas,063,18699,628,578,10,588,2
2021-02-05,Riverside,065,2383286,279064,270666,13112,283778,3235
2021-02-05,Sacramento,067,1510023,90241,87992,1137,89129,1231
2021-02-05,San Benito,069,59416,5556,5502,80,5582,51
2021-02-05,San Bernardino,071,2135413,280810,272938,8296,281234,2495
2021-02-05,San Diego,073,3302833,254547,244066,12175,256241,2777
2021-02-05,San Francisco,075,870044,32803,32229,941,33170,337
2021-02-05,San Joaquin,077,732212,64338,62565,2598,65163,902
2021-02-05,San Luis Obispo,079,281455,18795,18152,503,18655,213
2021-02-05,San Mateo,081,765935,38034,36582,378,36960,227
2021-02-05,Santa Barbara,083,443738,30585,29455,1022,30477,334
2021-02-05,Santa Clara,085,1922200,105746,104112,502,104614,1421
2021-02-05,Santa Cruz,087,273765,14839,13776,735,14511,161
2021-02-05,Shasta,089,179085,10580,10507,1127,11634,136
2021-02-05,Sierra,091,2930,49,42,12,54,0
2021-02-05,Siskiyou,093,43540,1383,1276,209,1485,4
2021-02-05,Solano,095,438530,28860,28283,332,28615,127
2021-02-05,Sonoma,097,501317,26688,26423,151,26574,252
2021-02-05,Stanislaus,099,539301,48438,47024,5015,52039,678
2021-02-05,Sutter,101,95872,8570,8443,78,8521,92
2021-02-05,Tehama,103,63373,4456,4355,476,4831,22
2021-02-05,Trinity,105,12862,446,260,68,328,3
2021-02-05,Tulare,107,460477,46706,45138,7246,52384,663
2021-02-05,Tuolumne,109,53932,3599,3595,31,3626,45
2021-02-05,Ventura,111,848112,74477,72953,2633,75586,546
2021-02-05,Yolo,113,214977,12375,12025,195,12220,162
2021-02-05,Yuba,115,75493,5279,5145,77,5222,35
2021-02-04,Alameda,001,1643700,77140,75422,1640,77062,899
2021-02-04,Alpine,003,1148,73,72,0,72,0
2021-02-04,Amador,005,37829,3351,3288,27,3315,33
2021-02-04,Butte,007,227075,10920,10386,1531,11917,147
2021-02-04,Calaveras,009,45235,1849,1808,12,1820,21
2021-02-04,Colusa,011,21464,1805,1777,231,2008,10
2021-02-04,Contra Costa,013,1133247,60003,57991,1015,59006,550
2021-02-04,Del Norte,015,27424,910,870,4,874,2
2021-02-04,El Dorado,017,186661,8764,8490,566,9056,86
2021-02-04,Fresno,019,978130,92913,90126,7230,97356,1114
2021-02-04,Glenn,021,27897,2183,2102,463,2565,14
2021-02-04,Humboldt,023,135768,2918,2827,19,2846,28
2021-02-04,Imperial,025,180216,26834,26411,2544,28955,556
2021-02-04,Inyo,027,18085,1143,1084,8,1092,27
2021-02-04,Kern,029,883053,90120,87156,8925,96081,898
2021-02-04,Kings,031,150075,21563,20918,914,21832,187
2021-02-04,Lake,033,64148,2982,2882,1,2883,34
2021-02-04,Lassen,035,31185,5013,4927,88,5015,1
2021-02-04,Los Angeles,037,10098052,1141785,1106323,37735,1144058,17396
2021-02-04,Madera,039,155013,15055,14706,746,15452,95
2021-02-04,Marin,041,260295,12656,12431,149,12580,192
2021-02-04,Mariposa,043,17540,366,348,3,351,4
2021-02-04,Mendocino,045,87422,3451,3240,65,3305,38
2021-02-04,Merced,047,269075,26980,26629,803,27432,345
2021-02-04,Modoc,049,8938,331,309,107,416,3
2021-02-04,Mono,051,14174,1151,1153,16,1169,3
2021-02-04,Monterey,053,433212,40585,39619,1509,41128,279
2021-02-04,Napa,055,140530,8708,8573,33,8606,55
2021-02-04,Nevada,057,99092,3759,3590,148,3738,37
2021-02-04,Orange,059,3164182,240213,235677,9742,245419,3238
2021-02-04,Placer,061,380077,19763,18711,1022,19733,210
2021-02-04,Plumas,063,18699,625,562,10,572,2
2021-02-04,Riverside,065,2383286,278302,269851,13073,282924,3230
2021-02-04,Sacramento,067,1510023,89941,87658,1127,88785,1222
2021-02-04,San Benito,069,59416,5542,5488,79,5567,51
2021-02-04,San Bernardino,071,2135413,280260,272223,8276,280499,2409
2021-02-04,San Diego,073,3302833,253759,242613,12109,254722,2738
2021-02-04,San Francisco,075,870044,32689,32116,932,33048,326
2021-02-04,San Joaquin,077,732212,64113,62374,2590,64964,883
2021-02-04,San Luis Obispo,079,281455,18728,18058,501,18559,211
2021-02-04,San Mateo,081,765935,37914,36437,375,36812,226
2021-02-04,Santa Barbara,083,443738,30450,29344,1005,30349,322
2021-02-04,Santa Clara,085,1922200,105399,103781,499,104280,1404
2021-02-04,Santa Cruz,087,273765,14806,13713,727,14440,156
2021-02-04,Shasta,089,179085,10554,10466,1122,11588,131
2021-02-04,Sierra,091,2930,49,42,12,54,0
2021-02-04,Siskiyou,093,43540,1374,1273,209,1482,4
2021-02-04,Solano,095,438530,28757,28192,331,28523,120
2021-02-04,Sonoma,097,501317,26606,26276,147,26423,249
2021-02-04,Stanislaus,099,539301,48275,46822,4996,51818,678
2021-02-04,Sutter,101,95872,8550,8401,78,8479,92
2021-02-04,Tehama,103,63373,4440,4327,476,4803,21
2021-02-04,Trinity,105,12862,445,260,67,327,3
2021-02-04,Tulare,107,460477,46579,44983,7184,52167,656
2021-02-04,Tuolumne,109,53932,3559,3585,31,3616,45
2021-02-04,Ventura,111,848112,74145,72595,2620,75215,537
2021-02-04,Yolo,113,214977,12341,11982,194,12176,161
2021-02-04,Yuba,115,75493,5253,5135,77,5212,34
2021-02-03,Alameda,001,1643700,76812,74968,1636,76604,880
2021-02-03,Alpine,003,1148,73,72,0,72,0
2021-02-03,Amador,005,37829,3347,3281,27,3308,33
2021-02-03,Butte,007,227075,10884,10355,1524,11879,144
2021-02-03,Calaveras,009,45235,1834,1799,11,1810,21
2021-02-03,Colusa,011,21464,1800,1773,230,2003,10
2021-02-03,Contra Costa,013,1133247,59764,57762,1002,58764,537
2021-02-03,Del Norte,015,27424,905,869,4,873,2
2021-02-03,El Dorado,017,186661,8744,8428,565,8993,86
2021-02-03,Fresno,019,978130,92692,89748,7191,96939,1015
2021-02-03,Glenn,021,27897,2173,2098,462,2560,14
2021-02-03,Humboldt,023,135768,2908,2800,19,2819,27
2021-02-03,Imperial,025,180216,26800,26363,2537,28900,547
2021-02-03,Inyo,027,18085,1133,1071,8,1079,27
2021-02-03,Kern,029,883053,89878,86771,8884,95655,877
2021-02-03,Kings,031,150075,21502,20831,912,21743,172
2021-02-03,Lake,033,64148,2965,2869,1,2870,33
2021-02-03,Lassen,035,31185,5001,4910,88,4998,1
2021-02-03,Los Angeles,037,10098052,1138706,1101890,37608,1139498,17163
2021-02-03,Madera,039,155013,15016,14605,744,15349,94
2021-02-03,Marin,041,260295,12622,12406,149,12555,190
2021-02-03,Mariposa,043,17540,365,347,3,350,4
2021-02-03,Mendocino,045,87422,3425,3236,64,3300,38
2021-02-03,Merced,047,269075,26863,26520,798,27318,343
2021-02-03,Modoc,049,8938,330,308,107,415,3
2021-02-03,Mono,051,14174,1144,1146,16,1162,3
2021-02-03,Monterey,053,433212,40458,39500,1491,40991,279
2021-02-03,Napa,055,140530,8673,8534,33,8567,54
2021-02-03,Nevada,057,99092,3745,3572,148,3720,35
2021-02-03,Orange,059,3164182,239471,234738,9710,244448,3189
2021-02-03,Placer,061,380077,19708,18646,1020,19666,210
2021-02-03,Plumas,063,18699,625,559,10,569,2
2021-02-03,Riverside,065,2383286,277563,269019,13042,282061,3195
2021-02-03,Sacramento,067,1510023,89618,87415,1123,88538,1212
2021-02-03,San Benito,069,59416,5524,5463,76,5539,51
2021-02-03,San Bernardino,071,2135413,279778,271477,8253,279730,2308
2021-02-03,San Diego,073,3302833,252858,241015,12062,253077,2683
2021-02-03,San Francisco,075,870044,32559,31983,927,32910,325
2021-02-03,San Joaquin,077,732212,63885,61976,2580,64556,880
2021-02-03,San Luis Obispo,079,281455,18650,17922,498,18420,206
2021-02-03,San Mateo,081,765935,37776,36227,371,36598,225
2021-02-03,Santa Barbara,083,443738,30301,29121,995,30116,315
2021-02-03,Santa Clara,085,1922200,105081,103278,497,103775,1364
2021-02-03,Santa Cruz,087,273765,14751,13611,721,14332,154
2021-02-03,Shasta,089,179085,10511,10422,1117,11539,130
2021-02-03,Sierra,091,2930,49,42,12,54,0
2021-02-03,Siskiyou,093,43540,1363,1268,208,1476,4
2021-02-03,Solano,095,438530,28635,28057,331,28388,119
2021-02-03,Sonoma,097,501317,26522,26155,146,26301,248
2021-02-03,Stanislaus,099,539301,48099,46598,4977,51575,662
2021-02-03,Sutter,101,95872,8525,8379,78,8457,90
2021-02-03,Tehama,103,63373,4418,4309,473,4782,21
2021-02-03,Trinity,105,12862,445,260,66,326,3
2021-02-03,Tulare,107,460477,46408,44838,7128,51966,640
2021-02-03,Tuolumne,109,53932,3548,3568,31,3599,45
2021-02-03,Ventura,111,848112,73809,72124,2609,74733,526
2021-02-03,Yolo,113,214977,12317,11933,193,12126,161
2021-02-03,Yuba,115,75493,5235,5124,77,5201,34
2021-02-02,Alameda,001,1643700,76468,74642,1624,76266,869
2021-02-02,Alpine,003,1148,73,72,0,72,0
2021-02-02,Amador,005,37829,3316,3275,27,3302,33
2021-02-02,Butte,007,227075,10857,10307,1516,11823,141
2021-02-02,Calaveras,009,45235,1825,1786,11,1797,21
2021-02-02,Colusa,011,21464,1792,1769,225,1994,9
2021-02-02,Contra Costa,013,1133247,59484,57551,998,58549,536
2021-02-02,Del Norte,015,27424,899,868,4,872,2
2021-02-02,El Dorado,017,186661,8704,8405,565,8970,84
2021-02-02,Fresno,019,978130,92391,89542,7155,96697,1009
2021-02-02,Glenn,021,27897,2161,2090,459,2549,14
2021-02-02,Humboldt,023,135768,2896,2784,19,2803,25
2021-02-02,Imperial,025,180216,26748,26317,2530,28847,535
2021-02-02,Inyo,027,18085,1130,1074,8,1082,27
2021-02-02,Kern,029,883053,89576,86485,8808,95293,867
2021-02-02,Kings,031,150075,21424,20785,904,21689,172
2021-02-02,Lake,033,64148,2945,2857,1,2858,33
2021-02-02,Lassen,035,31185,4994,4908,88,4996,1
2021-02-02,Los Angeles,037,10098052,1135323,1097573,37443,1135016,16913
2021-02-02,Madera,039,155013,14965,14595,739,15334,94
2021-02-02,Marin,041,260295,12593,12367,149,12516,189
2021-02-02,Mariposa,043,17540,362,345,3,348,4
2021-02-02,Mendocino,045,87422,3392,3210,64,3274,38
2021-02-02,Merced,047,269075,26766,26427,791,27218,340
2021-02-02,Modoc,049,8938,325,306,107,413,3
2021-02-02,Mono,051,14174,1142,1147,16,1163,3
2021-02-02,Monterey,053,433212,40322,39371,1477,40848,278
2021-02-02,Napa,055,140530,8644,8505,33,8538,53
2021-02-02,Nevada,057,99092,3730,3548,148,3696,20
2021-02-02,Orange,059,3164182,238669,233783,9675,243458,3152
2021-02-02,Placer,061,380077,19650,18615,1016,19631,205
2021-02-02,Plumas,063,18699,625,560,10,570,2
2021-02-02,Riverside,065,2383286,276701,267901,13008,280909,3169
2021-02-02,Sacramento,067,1510023,89328,87107,1112,88219,1202
2021-02-02,San Benito,069,59416,5510,5444,75,5519,50
2021-02-02,San Bernardino,071,2135413,279101,270486,8223,278709,2244
2021-02-02,San Diego,073,3302833,251819,240047,11975,252022,2629
2021-02-02,San Francisco,075,870044,32405,31788,917,32705,324
2021-02-02,San Joaquin,077,732212,63666,61708,2566,64274,878
2021-02-02,San Luis Obispo,079,281455,18556,17811,496,18307,201
2021-02-02,San Mateo,081,765935,37612,36004,365,36369,225
2021-02-02,Santa Barbara,083,443738,30130,28951,988,29939,304
2021-02-02,Santa Clara,085,1922200,104617,102872,492,103364,1349
2021-02-02,Santa Cruz,087,273765,14692,13572,717,14289,150
2021-02-02,Shasta,089,179085,10485,10371,1107,11478,128
2021-02-02,Sierra,091,2930,49,42,12,54,0
2021-02-02,Siskiyou,093,43540,1356,1252,205,1457,4
2021-02-02,Solano,095,438530,28539,27963,327,28290,118
2021-02-02,Sonoma,097,501317,26406,26054,146,26200,247
2021-02-02,Stanislaus,099,539301,47879,46306,4945,51251,641
2021-02-02,Sutter,101,95872,8502,8340,78,8418,89
2021-02-02,Tehama,103,63373,4405,4289,472,4761,21
2021-02-02,Trinity,105,12862,445,260,66,326,3
2021-02-02,Tulare,107,460477,46252,44720,7062,51782,625
2021-02-02,Tuolumne,109,53932,3536,3548,31,3579,39
2021-02-02,Ventura,111,848112,73391,71557,2599,74156,514
2021-02-02,Yolo,113,214977,12271,11886,186,12072,158
2021-02-02,Yuba,115,75493,5217,5111,77,5188,34
2021-02-01,Alameda,001,1643700,76113,74374,1619,75993,858
2021-02-01,Alpine,003,1148,73,72,0,72,0
2021-02-01,Amador,005,37829,3305,3234,27,3261,32
2021-02-01,Butte,007,227075,10815,10263,1512,11775,141
2021-02-01,Calaveras,009,45235,1818,1785,11,1796,21
2021-02-01,Colusa,011,21464,1787,1763,216,1979,9
2021-02-01,Contra Costa,013,1133247,59239,57324,997,58321,531
2021-02-01,Del Norte,015,27424,896,865,4,869,2
2021-02-01,El Dorado,017,186661,8665,8337,565,8902,83
2021-02-01,Fresno,019,978130,92059,89272,7120,96392,994
2021-02-01,Glenn,021,27897,2145,2086,451,2537,14
2021-02-01,Humboldt,023,135768,2874,2773,18,2791,25
2021-02-01,Imperial,025,180216,26705,26224,2528,28752,530
2021-02-01,Inyo,027,18085,1120,1072,8,1080,27
2021-02-01,Kern,029,883053,89179,86170,8739,94909,862
2021-02-01,Kings,031,150075,21333,20746,896,21642,172
2021-02-01,Lake,033,64148,2929,2843,1,2844,33
2021-02-01,Lassen,035,31185,4974,4907,88,4995,1
2021-02-01,Los Angeles,037,10098052,1131501,1094341,37273,1131614,16695
2021-02-01,Madera,039,155013,14930,14572,736,15308,94
2021-02-01,Marin,041,260295,12553,12341,148,12489,188
2021-02-01,Mariposa,043,17540,360,344,3,347,4
2021-02-01,Mendocino,045,87422,3359,3192,64,3256,37
2021-02-01,Merced,047,269075,26642,26282,782,27064,337
2021-02-01,Modoc,049,8938,319,303,103,406,1
2021-02-01,Mono,051,14174,1139,1145,16,1161,3
2021-02-01,Monterey,053,433212,40141,39196,1455,40651,278
2021-02-01,Napa,055,140530,8612,8449,33,8482,52
2021-02-01,Nevada,057,99092,3713,3535,147,3682,20
2021-02-01,Orange,059,3164182,237757,233155,9629,242784,3100
2021-02-01,Placer,061,380077,19584,18574,1009,19583,204
2021-02-01,Plumas,063,18699,623,554,10,564,2
2021-02-01,Riverside,065,2383286,275761,267025,12971,279996,3092
2021-02-01,Sacramento,067,1510023,88927,86856,1101,87957,1193
2021-02-01,San Benito,069,59416,5492,5432,75,5507,48
2021-02-01,San Bernardino,071,2135413,278407,270012,8183,278195,2172
2021-02-01,San Diego,073,3302833,250595,239121,11899,251020,2619
2021-02-01,San Francisco,075,870044,32271,31703,905,32608,324
2021-02-01,San Joaquin,077,732212,63460,61542,2555,64097,877
2021-02-01,San Luis Obispo,079,281455,18436,17690,489,18179,199
2021-02-01,San Mateo,081,765935,37463,35843,365,36208,220
2021-02-01,Santa Barbara,083,443738,29961,28837,980,29817,297
2021-02-01,Santa Clara,085,1922200,104202,102462,491,102953,1343
2021-02-01,Santa Cruz,087,273765,14639,13524,715,14239,149
2021-02-01,Shasta,089,179085,10460,10329,1101,11430,112
2021-02-01,Sierra,091,2930,49,42,12,54,0
2021-02-01,Siskiyou,093,43540,1349,1238,202,1440,4
2021-02-01,Solano,095,438530,28434,27844,326,28170,117
2021-02-01,Sonoma,097,501317,26318,26011,145,26156,243
2021-02-01,Stanislaus,099,539301,47620,46112,4917,51029,642
2021-02-01,Sutter,101,95872,8463,8313,78,8391,89
2021-02-01,Tehama,103,63373,4382,4263,472,4735,21
2021-02-01,Trinity,105,12862,443,260,66,326,3
2021-02-01,Tulare,107,460477,46107,44569,6981,51550,618
2021-02-01,Tuolumne,109,53932,3528,3534,31,3565,39
2021-02-01,Ventura,111,848112,72985,71104,2583,73687,502
2021-02-01,Yolo,113,214977,12225,11824,178,12002,151
2021-02-01,Yuba,115,75493,5203,5084,76,5160,33
2021-01-31,Alameda,001,1643700,75688,73979,1611,75590,857
2021-01-31,Alpine,003,1148,73,72,0,72,0
2021-01-31,Amador,005,37829,3295,3212,25,3237,32
2021-01-31,Butte,007,227075,10773,10215,1501,11716,140
2021-01-31,Calaveras,009,45235,1798,1778,11,1789,21
2021-01-31,Colusa,011,21464,1780,1754,211,1965,9
2021-01-31,Contra Costa,013,1133247,58908,57079,997,58076,531
2021-01-31,Del Norte,015,27424,894,865,4,869,2
2021-01-31,El Dorado,017,186661,8629,8317,563,8880,83
2021-01-31,Fresno,019,978130,91747,88852,7066,95918,994
2021-01-31,Glenn,021,27897,2134,2083,450,2533,14
2021-01-31,Humboldt,023,135768,2858,2767,18,2785,25
2021-01-31,Imperial,025,180216,26633,26206,2519,28725,530
2021-01-31,Inyo,027,18085,1107,1072,8,1080,27
2021-01-31,Kern,029,883053,88684,85872,8653,94525,861
2021-01-31,Kings,031,150075,21248,20709,884,21593,172
2021-01-31,Lake,033,64148,2908,2826,1,2827,33
2021-01-31,Lassen,035,31185,4958,4900,88,4988,1
2021-01-31,Los Angeles,037,10098052,1126877,1090304,37068,1127372,16609
2021-01-31,Madera,039,155013,14876,14496,728,15224,94
2021-01-31,Marin,041,260295,12506,12297,144,12441,185
2021-01-31,Mariposa,043,17540,358,344,3,347,4
2021-01-31,Mendocino,045,87422,3336,3181,63,3244,37
2021-01-31,Merced,047,269075,26499,26222,777,26999,337
2021-01-31,Modoc,049,8938,316,304,101,405,1
2021-01-31,Mono,051,14174,1136,1146,16,1162,3
2021-01-31,Monterey,053,433212,39960,39035,1428,40463,278
2021-01-31,Napa,055,140530,8570,8404,33,8437,52
2021-01-31,Nevada,057,99092,3691,3518,145,3663,20
2021-01-31,Orange,059,3164182,236739,232347,9588,241935,3053
2021-01-31,Placer,061,380077,19507,18506,998,19504,204
2021-01-31,Plumas,063,18699,622,554,10,564,2
2021-01-31,Riverside,065,2383286,274749,266145,12924,279069,3074
2021-01-31,Sacramento,067,1510023,88484,86560,1087,87647,1186
2021-01-31,San Benito,069,59416,5470,5425,73,5498,48
2021-01-31,San Bernardino,071,2135413,277378,269533,8152,277685,2156
2021-01-31,San Diego,073,3302833,249282,238039,11785,249824,2619
2021-01-31,San Francisco,075,870044,32080,31563,894,32457,323
2021-01-31,San Joaquin,077,732212,63058,61379,2545,63924,877
2021-01-31,San Luis Obispo,079,281455,18302,17615,484,18099,199
2021-01-31,San Mateo,081,765935,37273,35659,362,36021,219
2021-01-31,Santa Barbara,083,443738,29717,28570,971,29541,297
2021-01-31,Santa Clara,085,1922200,103654,101986,482,102468,1330
2021-01-31,Santa Cruz,087,273765,14544,13469,701,14170,149
2021-01-31,Shasta,089,179085,10415,10313,1092,11405,112
2021-01-31,Sierra,091,2930,48,43,12,55,0
2021-01-31,Siskiyou,093,43540,1339,1238,202,1440,4
2021-01-31,Solano,095,438530,28304,27678,326,28004,118
2021-01-31,Sonoma,097,501317,26215,25925,144,26069,243
2021-01-31,Stanislaus,099,539301,47333,45971,4881,50852,642
2021-01-31,Sutter,101,95872,8418,8289,78,8367,89
2021-01-31,Tehama,103,63373,4362,4256,471,4727,21
2021-01-31,Trinity,105,12862,441,260,66,326,3
2021-01-31,Tulare,107,460477,45939,44440,6900,51340,618
2021-01-31,Tuolumne,109,53932,3490,3519,31,3550,39
2021-01-31,Ventura,111,848112,72390,70635,2570,73205,502
2021-01-31,Yolo,113,214977,12164,11771,172,11943,151
2021-01-31,Yuba,115,75493,5183,5071,75,5146,33
2021-01-30,Alameda,001,1643700,75483,73622,1606,75228,850
2021-01-30,Alpine,003,1148,73,72,0,72,0
2021-01-30,Amador,005,37829,3291,3181,25,3206,32
2021-01-30,Butte,007,227075,10738,10177,1492,11669,139
2021-01-30,Calaveras,009,45235,1785,1763,11,1774,21
2021-01-30,Colusa,011,21464,1778,1748,211,1959,9
2021-01-30,Contra Costa,013,1133247,58724,56763,993,57756,531
2021-01-30,Del Norte,015,27424,893,865,4,869,2
2021-01-30,El Dorado,017,186661,8609,8299,562,8861,83
2021-01-30,Fresno,019,978130,91567,88476,7046,95522,964
2021-01-30,Glenn,021,27897,2131,2074,448,2522,14
2021-01-30,Humboldt,023,135768,2847,2742,18,2760,24
2021-01-30,Imperial,025,180216,26611,26160,2517,28677,530
2021-01-30,Inyo,027,18085,1103,1068,8,1076,27
2021-01-30,Kern,029,883053,88483,85572,8587,94159,848
2021-01-30,Kings,031,150075,21177,20605,879,21484,169
2021-01-30,Lake,033,64148,2902,2809,1,2810,33
2021-01-30,Lassen,035,31185,4954,4890,88,4978,1
2021-01-30,Los Angeles,037,10098052,1124478,1084763,36924,1121687,16484
2021-01-30,Madera,039,155013,14834,14443,723,15166,94
2021-01-30,Marin,041,260295,12478,12225,143,12368,185
2021-01-30,Mariposa,043,17540,356,344,3,347,4
2021-01-30,Mendocino,045,87422,3322,3153,62,3215,36
2021-01-30,Merced,047,269075,26425,26078,775,26853,335
2021-01-30,Modoc,049,8938,316,303,101,404,1
2021-01-30,Mono,051,14174,1136,1143,16,1159,3
2021-01-30,Monterey,053,433212,39900,38847,1425,40272,277
2021-01-30,Napa,055,140530,8554,8342,33,8375,52
2021-01-30,Nevada,057,99092,3672,3499,145,3644,20
2021-01-30,Orange,059,3164182,236195,231358,9551,240909,3013
2021-01-30,Placer,061,380077,19455,18430,992,19422,205
2021-01-30,Plumas,063,18699,620,554,10,564,2
2021-01-30,Riverside,065,2383286,274150,265137,12893,278030,3061
2021-01-30,Sacramento,067,1510023,88291,86388,1082,87470,1184
2021-01-30,San Benito,069,59416,5452,5401,72,5473,48
2021-01-30,San Bernardino,071,2135413,276958,268660,8133,276793,2122
2021-01-30,San Diego,073,3302833,248517,236765,11740,248505,2603
2021-01-30,San Francisco,075,870044,31979,31427,891,32318,316
2021-01-30,San Joaquin,077,732212,62926,61120,2536,63656,864
2021-01-30,San Luis Obispo,079,281455,18222,17522,482,18004,198
2021-01-30,San Mateo,081,765935,37134,35451,361,35812,219
2021-01-30,Santa Barbara,083,443738,29575,28342,969,29311,296
2021-01-30,Santa Clara,085,1922200,103308,101471,479,101950,1307
2021-01-30,Santa Cruz,087,273765,14504,13383,700,14083,149
2021-01-30,Shasta,089,179085,10396,10283,1089,11372,112
2021-01-30,Sierra,091,2930,48,43,12,55,0
2021-01-30,Siskiyou,093,43540,1336,1236,201,1437,4
2021-01-30,Solano,095,438530,28221,27511,324,27835,118
2021-01-30,Sonoma,097,501317,26167,25810,141,25951,243
2021-01-30,Stanislaus,099,539301,47204,45697,4856,50553,642
2021-01-30,Sutter,101,95872,8402,8226,78,8304,87
2021-01-30,Tehama,103,63373,4348,4229,470,4699,21
2021-01-30,Trinity,105,12862,441,259,66,325,3
2021-01-30,Tulare,107,460477,45803,44203,6863,51066,615
2021-01-30,Tuolumne,109,53932,3486,3508,31,3539,36
2021-01-30,Ventura,111,848112,72077,69931,2556,72487,493
2021-01-30,Yolo,113,214977,12150,11698,171,11869,151
2021-01-30,Yuba,115,75493,5173,5042,74,5116,33
2021-01-29,Alameda,001,1643700,75215,73210,1599,74809,841
2021-01-29,Alpine,003,1148,73,72,0,72,0
2021-01-29,Amador,005,37829,3279,3134,24,3158,32
2021-01-29,Butte,007,227075,10707,10122,1482,11604,138
2021-01-29,Calaveras,009,45235,1774,1757,11,1768,21
2021-01-29,Colusa,011,21464,1774,1734,210,1944,8
2021-01-29,Contra Costa,013,1133247,58552,56318,991,57309,529
2021-01-29,Del Norte,015,27424,892,865,4,869,2
2021-01-29,El Dorado,017,186661,8592,8231,561,8792,83
2021-01-29,Fresno,019,978130,91352,87936,7008,94944,962
2021-01-29,Glenn,021,27897,2126,2061,447,2508,14
2021-01-29,Humboldt,023,135768,2834,2707,18,2725,24
2021-01-29,Imperial,025,180216,26596,26045,2514,28559,521
2021-01-29,Inyo,027,18085,1091,1048,8,1056,27
2021-01-29,Kern,029,883053,88256,85044,8535,93579,836
2021-01-29,Kings,031,150075,21138,20466,874,21340,169
2021-01-29,Lake,033,64148,2893,2792,1,2793,32
2021-01-29,Lassen,035,31185,4951,4874,88,4962,1
2021-01-29,Los Angeles,037,10098052,1120989,1078329,36770,1115099,16190
2021-01-29,Madera,039,155013,14783,14377,723,15100,94
2021-01-29,Marin,041,260295,12435,12145,142,12287,185
2021-01-29,Mariposa,043,17540,355,342,3,345,4
2021-01-29,Mendocino,045,87422,3313,3131,61,3192,36
2021-01-29,Merced,047,269075,26351,25865,770,26635,334
2021-01-29,Modoc,049,8938,315,297,101,398,1
2021-01-29,Mono,051,14174,1134,1139,16,1155,3
2021-01-29,Monterey,053,433212,39780,38539,1417,39956,277
2021-01-29,Napa,055,140530,8523,8276,33,8309,52
2021-01-29,Nevada,057,99092,3663,3487,144,3631,20
2021-01-29,Orange,059,3164182,235517,229917,9513,239430,2967
2021-01-29,Placer,061,380077,19402,18367,988,19355,203
2021-01-29,Plumas,063,18699,619,548,10,558,2
2021-01-29,Riverside,065,2383286,273348,263504,12860,276364,3008
2021-01-29,Sacramento,067,1510023,88036,86320,1078,87398,1169
2021-01-29,San Benito,069,59416,5444,5386,72,5458,48
2021-01-29,San Bernardino,071,2135413,276441,267490,8093,275583,2095
2021-01-29,San Diego,073,3302833,247575,234637,11662,246299,2571
2021-01-29,San Francisco,075,870044,31840,31294,883,32177,307
2021-01-29,San Joaquin,077,732212,62781,60899,2521,63420,858
2021-01-29,San Luis Obispo,079,281455,18162,17440,477,17917,193
2021-01-29,San Mateo,081,765935,37000,35223,358,35581,218
2021-01-29,Santa Barbara,083,443738,29441,28105,963,29068,291
2021-01-29,Santa Clara,085,1922200,102945,101010,477,101487,1273
2021-01-29,Santa Cruz,087,273765,14451,13311,697,14008,148
2021-01-29,Shasta,089,179085,10379,10220,1085,11305,112
2021-01-29,Sierra,091,2930,48,43,12,55,0
2021-01-29,Siskiyou,093,43540,1335,1227,201,1428,4
2021-01-29,Solano,095,438530,28136,27352,322,27674,116
2021-01-29,Sonoma,097,501317,26111,25710,140,25850,243
2021-01-29,Stanislaus,099,539301,47061,45466,4837,50303,642
2021-01-29,Sutter,101,95872,8383,8181,78,8259,87
2021-01-29,Tehama,103,63373,4335,4191,468,4659,20
2021-01-29,Trinity,105,12862,441,260,66,326,3
2021-01-29,Tulare,107,460477,45696,43925,6824,50749,606
2021-01-29,Tuolumne,109,53932,3476,3483,31,3514,36
2021-01-29,Ventura,111,848112,71653,69511,2542,72053,484
2021-01-29,Yolo,113,214977,12112,11612,170,11782,151
2021-01-29,Yuba,115,75493,5157,5018,74,5092,32
2021-01-28,Alameda,001,1643700,74789,72758,1591,74349,833
2021-01-28,Alpine,003,1148,73,72,0,72,0
2021-01-28,Amador,005,37829,3242,3124,24,3148,31
2021-01-28,Butte,007,227075,10667,10037,1471,11508,138
2021-01-28,Calaveras,009,45235,1761,1747,10,1757,21
2021-01-28,Colusa,011,21464,1767,1731,206,1937,8
2021-01-28,Contra Costa,013,1133247,58308,55999,981,56980,525
2021-01-28,Del Norte,015,27424,891,862,4,866,2
2021-01-28,El Dorado,017,186661,8578,8198,556,8754,79
2021-01-28,Fresno,019,978130,91064,87401,6959,94360,949
2021-01-28,Glenn,021,27897,2121,2043,440,2483,14
2021-01-28,Humboldt,023,135768,2817,2686,18,2704,24
2021-01-28,Imperial,025,180216,26551,25984,2507,28491,517
2021-01-28,Inyo,027,18085,1086,1039,8,1047,27
2021-01-28,Kern,029,883053,87925,84708,8451,93159,817
2021-01-28,Kings,031,150075,21078,20328,870,21198,167
2021-01-28,Lake,033,64148,2878,2772,1,2773,32
2021-01-28,Lassen,035,31185,4945,4865,88,4953,1
2021-01-28,Los Angeles,037,10098052,1117080,1072412,36581,1108993,15967
2021-01-28,Madera,039,155013,14727,14301,719,15020,94
2021-01-28,Marin,041,260295,12382,12079,141,12220,183
2021-01-28,Mariposa,043,17540,355,334,3,337,4
2021-01-28,Mendocino,045,87422,3296,3110,61,3171,36
2021-01-28,Merced,047,269075,26229,25620,759,26379,328
2021-01-28,Modoc,049,8938,314,297,101,398,0
2021-01-28,Mono,051,14174,1132,1131,16,1147,3
2021-01-28,Monterey,053,433212,39579,38312,1399,39711,274
2021-01-28,Napa,055,140530,8476,8233,33,8266,50
2021-01-28,Nevada,057,99092,3648,3452,143,3595,19
2021-01-28,Orange,059,3164182,234538,228636,9483,238119,2860
2021-01-28,Placer,061,380077,19341,18246,985,19231,198
2021-01-28,Plumas,063,18699,618,547,10,557,2
2021-01-28,Riverside,065,2383286,272568,262342,12812,275154,2981
2021-01-28,Sacramento,067,1510023,87673,85698,1067,86765,1149
2021-01-28,San Benito,069,59416,5426,5344,71,5415,47
2021-01-28,San Bernardino,071,2135413,275744,266456,8072,274528,2057
2021-01-28,San Diego,073,3302833,246423,232967,11573,244540,2534
2021-01-28,San Francisco,075,870044,31703,31193,867,32060,290
2021-01-28,San Joaquin,077,732212,62515,60627,2506,63133,854
2021-01-28,San Luis Obispo,079,281455,18062,17279,475,17754,189
2021-01-28,San Mateo,081,765935,36831,34931,342,35273,218
2021-01-28,Santa Barbara,083,443738,29217,27674,950,28624,284
2021-01-28,Santa Clara,085,1922200,102477,100470,475,100945,1219
2021-01-28,Santa Cruz,087,273765,14362,13188,691,13879,145
2021-01-28,Shasta,089,179085,10345,10176,1077,11253,110
2021-01-28,Sierra,091,2930,48,43,12,55,0
2021-01-28,Siskiyou,093,43540,1328,1218,199,1417,4
2021-01-28,Solano,095,438530,27976,27163,321,27484,114
2021-01-28,Sonoma,097,501317,26020,25564,140,25704,236
2021-01-28,Stanislaus,099,539301,46849,45162,4816,49978,640
2021-01-28,Sutter,101,95872,8335,8136,78,8214,85
2021-01-28,Tehama,103,63373,4315,4163,465,4628,20
2021-01-28,Trinity,105,12862,439,260,66,326,3
2021-01-28,Tulare,107,460477,45539,43742,6746,50488,595
2021-01-28,Tuolumne,109,53932,3462,3472,31,3503,32
2021-01-28,Ventura,111,848112,71140,68896,2525,71421,475
2021-01-28,Yolo,113,214977,12070,11500,165,11665,151
2021-01-28,Yuba,115,75493,5141,4994,73,5067,32
2021-01-27,Alameda,001,1643700,74365,72188,1583,73771,815
2021-01-27,Alpine,003,1148,73,72,0,72,0
2021-01-27,Amador,005,37829,3226,3116,24,3140,31
2021-01-27,Butte,007,227075,10628,9988,1459,11447,138
2021-01-27,Calaveras,009,45235,1752,1737,10,1747,21
2021-01-27,Colusa,011,21464,1761,1724,204,1928,8
2021-01-27,Contra Costa,013,1133247,58009,55578,978,56556,507
2021-01-27,Del Norte,015,27424,890,859,4,863,2
2021-01-27,El Dorado,017,186661,8552,8141,555,8696,76
2021-01-27,Fresno,019,978130,90773,86886,6917,93803,938
2021-01-27,Glenn,021,27897,2117,2042,439,2481,14
2021-01-27,Humboldt,023,135768,2795,2630,18,2648,24
2021-01-27,Imperial,025,180216,26497,25861,2491,28352,504
2021-01-27,Inyo,027,18085,1082,1023,8,1031,27
2021-01-27,Kern,029,883053,87612,84244,8381,92625,809
2021-01-27,Kings,031,150075,20972,20211,862,21073,167
2021-01-27,Lake,033,64148,2858,2750,1,2751,32
2021-01-27,Lassen,035,31185,4939,4851,88,4939,1
2021-01-27,Los Angeles,037,10098052,1112274,1066569,36369,1102938,15757
2021-01-27,Madera,039,155013,14686,14194,714,14908,86
2021-01-27,Marin,041,260295,12345,12028,140,12168,180
2021-01-27,Mariposa,043,17540,355,333,3,336,4
2021-01-27,Mendocino,045,87422,3276,3095,61,3156,36
2021-01-27,Merced,047,269075,26070,25439,748,26187,315
2021-01-27,Modoc,049,8938,314,297,98,395,0
2021-01-27,Mono,051,14174,1130,1131,16,1147,3
2021-01-27,Monterey,053,433212,39374,38139,1380,39519,268
2021-01-27,Napa,055,140530,8403,8187,33,8220,46
2021-01-27,Nevada,057,99092,3626,3431,143,3574,18
2021-01-27,Orange,059,3164182,233418,227110,9429,236539,2832
2021-01-27,Placer,061,380077,19269,18106,974,19080,198
2021-01-27,Plumas,063,18699,618,544,10,554,2
2021-01-27,Riverside,065,2383286,271367,260796,12760,273556,2931
2021-01-27,Sacramento,067,1510023,87313,85428,1056,86484,1142
2021-01-27,San Benito,069,59416,5411,5284,71,5355,47
2021-01-27,San Bernardino,071,2135413,274891,265153,8041,273194,2019
2021-01-27,San Diego,073,3302833,245094,231478,11468,242946,2465
2021-01-27,San Francisco,075,870044,31559,31082,860,31942,287
2021-01-27,San Joaquin,077,732212,62246,60131,2483,62614,853
2021-01-27,San Luis Obispo,079,281455,17955,17119,471,17590,188
2021-01-27,San Mateo,081,765935,36676,34619,339,34958,216
2021-01-27,Santa Barbara,083,443738,29040,27435,944,28379,282
2021-01-27,Santa Clara,085,1922200,102073,99732,471,100203,1184
2021-01-27,Santa Cruz,087,273765,14292,13111,688,13799,143
2021-01-27,Shasta,089,179085,10311,10106,1071,11177,105
2021-01-27,Sierra,091,2930,48,44,12,56,0
2021-01-27,Siskiyou,093,43540,1322,1214,196,1410,4
2021-01-27,Solano,095,438530,27799,26982,314,27296,112
2021-01-27,Sonoma,097,501317,25921,25361,136,25497,237
2021-01-27,Stanislaus,099,539301,46667,44874,4788,49662,624
2021-01-27,Sutter,101,95872,8290,8093,77,8170,83
2021-01-27,Tehama,103,63373,4290,4133,461,4594,20
2021-01-27,Trinity,105,12862,439,260,66,326,3
2021-01-27,Tulare,107,460477,45351,43462,6675,50137,583
2021-01-27,Tuolumne,109,53932,3452,3464,31,3495,32
2021-01-27,Ventura,111,848112,70666,68291,2500,70791,468
2021-01-27,Yolo,113,214977,12023,11427,161,11588,151
2021-01-27,Yuba,115,75493,5125,4968,73,5041,32
2021-01-26,Alameda,001,1643700,73991,71851,1566,73417,789
2021-01-26,Alpine,003,1148,73,72,0,72,0
2021-01-26,Amador,005,37829,3215,3113,24,3137,31
2021-01-26,Butte,007,227075,10586,9943,1453,11396,136
2021-01-26,Calaveras,009,45235,1742,1723,10,1733,21
2021-01-26,Colusa,011,21464,1754,1719,201,1920,8
2021-01-26,Contra Costa,013,1133247,57728,55337,970,56307,491
2021-01-26,Del Norte,015,27424,889,856,4,860,2
2021-01-26,El Dorado,017,186661,8526,8115,552,8667,71
2021-01-26,Fresno,019,978130,90414,86673,6873,93546,923
2021-01-26,Glenn,021,27897,2107,2034,434,2468,13
2021-01-26,Humboldt,023,135768,2774,2612,17,2629,24
2021-01-26,Imperial,025,180216,26425,25812,2477,28289,498
2021-01-26,Inyo,027,18085,1075,1018,8,1026,27
2021-01-26,Kern,029,883053,87187,83868,8303,92171,790
2021-01-26,Kings,031,150075,20914,20156,857,21013,159
2021-01-26,Lake,033,64148,2849,2748,1,2749,32
2021-01-26,Lassen,035,31185,4933,4844,88,4932,1
2021-01-26,Los Angeles,037,10098052,1106990,1060492,36162,1096654,15458
2021-01-26,Madera,039,155013,14629,14130,708,14838,86
2021-01-26,Marin,041,260295,12300,11993,138,12131,179
2021-01-26,Mariposa,043,17540,353,332,3,335,3
2021-01-26,Mendocino,045,87422,3250,3076,60,3136,36
2021-01-26,Merced,047,269075,25930,25359,740,26099,309
2021-01-26,Modoc,049,8938,307,291,97,388,0
2021-01-26,Mono,051,14174,1128,1120,16,1136,3
2021-01-26,Monterey,053,433212,39180,37963,1359,39322,255
2021-01-26,Napa,055,140530,8346,8145,33,8178,43
2021-01-26,Nevada,057,99092,3619,3410,142,3552,18
2021-01-26,Orange,059,3164182,232295,225987,9384,235371,2760
2021-01-26,Placer,061,380077,19193,18016,972,18988,193
2021-01-26,Plumas,063,18699,616,536,10,546,2
2021-01-26,Riverside,065,2383286,269996,259399,12696,272095,2898
2021-01-26,Sacramento,067,1510023,86955,85062,1049,86111,1127
2021-01-26,San Benito,069,59416,5397,5251,70,5321,45
2021-01-26,San Bernardino,071,2135413,273888,263736,7997,271733,1970
2021-01-26,San Diego,073,3302833,243599,230063,11366,241429,2421
2021-01-26,San Francisco,075,870044,31426,30874,841,31715,286
2021-01-26,San Joaquin,077,732212,61992,59889,2467,62356,847
2021-01-26,San Luis Obispo,079,281455,17874,17016,468,17484,186
2021-01-26,San Mateo,081,765935,36482,34441,328,34769,213
2021-01-26,Santa Barbara,083,443738,28866,27321,932,28253,273
2021-01-26,Santa Clara,085,1922200,101595,99215,467,99682,1171
2021-01-26,Santa Cruz,087,273765,14226,13045,682,13727,134
2021-01-26,Shasta,089,179085,10276,10036,1063,11099,103
2021-01-26,Sierra,091,2930,48,43,12,55,0
2021-01-26,Siskiyou,093,43540,1308,1208,194,1402,4
2021-01-26,Solano,095,438530,27643,26858,308,27166,110
2021-01-26,Sonoma,097,501317,25803,25273,134,25407,236
2021-01-26,Stanislaus,099,539301,46486,44703,4748,49451,599
2021-01-26,Sutter,101,95872,8247,8067,77,8144,83
2021-01-26,Tehama,103,63373,4259,4115,461,4576,20
2021-01-26,Trinity,105,12862,439,260,66,326,3
2021-01-26,Tulare,107,460477,45148,43394,6605,49999,579
2021-01-26,Tuolumne,109,53932,3442,3451,31,3482,30
2021-01-26,Ventura,111,848112,70134,67526,2474,70000,448
2021-01-26,Yolo,113,214977,11978,11361,158,11519,148
2021-01-26,Yuba,115,75493,5100,4944,71,5015,31
2021-01-25,Alameda,001,1643700,73561,71255,1556,72811,780
2021-01-25,Alpine,003,1148,73,72,0,72,0
2021-01-25,Amador,005,37829,3175,3074,24,3098,30
2021-01-25,Butte,007,227075,10520,9865,1445,11310,133
2021-01-25,Calaveras,009,45235,1727,1713,10,1723,21
2021-01-25,Colusa,011,21464,1742,1709,197,1906,8
2021-01-25,Contra Costa,013,1133247,57371,54989,963,55952,488
2021-01-25,Del Norte,015,27424,888,855,4,859,2
2021-01-25,El Dorado,017,186661,8501,8060,552,8612,66
2021-01-25,Fresno,019,978130,90043,86336,6841,93177,913
2021-01-25,Glenn,021,27897,2098,2028,434,2462,13
2021-01-25,Humboldt,023,135768,2740,2587,17,2604,24
2021-01-25,Imperial,025,180216,26375,25745,2469,28214,491
2021-01-25,Inyo,027,18085,1069,1015,8,1023,27
2021-01-25,Kern,029,883053,86791,83401,8216,91617,787
2021-01-25,Kings,031,150075,20794,20067,853,20920,159
2021-01-25,Lake,033,64148,2830,2729,1,2730,32
2021-01-25,Lassen,035,31185,4906,4835,88,4923,1
2021-01-25,Los Angeles,037,10098052,1101034,1055181,35932,1091113,15163
2021-01-25,Madera,039,155013,14575,14068,703,14771,86
2021-01-25,Marin,041,260295,12248,11923,134,12057,177
2021-01-25,Mariposa,043,17540,350,331,3,334,3
2021-01-25,Mendocino,045,87422,3239,3054,60,3114,35
2021-01-25,Merced,047,269075,25791,25181,731,25912,305
2021-01-25,Modoc,049,8938,306,288,93,381,0
2021-01-25,Mono,051,14174,1125,1114,15,1129,3
2021-01-25,Monterey,053,433212,38926,37726,1340,39066,255
2021-01-25,Napa,055,140530,8312,8057,32,8089,43
2021-01-25,Nevada,057,99092,3605,3365,142,3507,18
2021-01-25,Orange,059,3164182,231086,225105,9343,234448,2696
2021-01-25,Placer,061,380077,19106,17936,957,18893,193
2021-01-25,Plumas,063,18699,613,533,10,543,2
2021-01-25,Riverside,065,2383286,268249,258082,12640,270722,2789
2021-01-25,Sacramento,067,1510023,86513,84653,1041,85694,1118
2021-01-25,San Benito,069,59416,5361,5238,69,5307,43
2021-01-25,San Bernardino,071,2135413,272939,263174,7961,271135,1947
2021-01-25,San Diego,073,3302833,241985,228630,11294,239924,2375
2021-01-25,San Francisco,075,870044,31276,30734,818,31552,288
2021-01-25,San Joaquin,077,732212,61697,59291,2442,61733,838
2021-01-25,San Luis Obispo,079,281455,17740,16868,463,17331,179
2021-01-25,San Mateo,081,765935,36248,34187,322,34509,213
2021-01-25,Santa Barbara,083,443738,28631,27065,922,27987,269
2021-01-25,Santa Clara,085,1922200,101026,98647,460,99107,1143
2021-01-25,Santa Cruz,087,273765,14139,12973,677,13650,133
2021-01-25,Shasta,089,179085,10235,9991,1052,11043,103
2021-01-25,Sierra,091,2930,48,42,12,54,0
2021-01-25,Siskiyou,093,43540,1300,1205,191,1396,4
2021-01-25,Solano,095,438530,27474,26648,307,26955,109
2021-01-25,Sonoma,097,501317,25696,25160,132,25292,233
2021-01-25,Stanislaus,099,539301,46241,44293,4705,48998,599
2021-01-25,Sutter,101,95872,8203,8023,77,8100,83
2021-01-25,Tehama,103,63373,4232,4082,457,4539,20
2021-01-25,Trinity,105,12862,439,262,66,328,3
2021-01-25,Tulare,107,460477,44933,43124,6500,49624,578
2021-01-25,Tuolumne,109,53932,3433,3422,31,3453,29
2021-01-25,Ventura,111,848112,69499,66910,2457,69367,439
2021-01-25,Yolo,113,214977,11891,11276,157,11433,140
2021-01-25,Yuba,115,75493,5076,4900,69,4969,31
2021-01-24,Alameda,001,1643700,73054,70823,1545,72368,780
2021-01-24,Alpine,003,1148,73,72,0,72,0
2021-01-24,Amador,005,37829,3142,3054,24,3078,30
2021-01-24,Butte,007,227075,10436,9820,1427,11247,133
2021-01-24,Calaveras,009,45235,1714,1704,10,1714,21
2021-01-24,Colusa,011,21464,1731,1689,191,1880,8
2021-01-24,Contra Costa,013,1133247,56979,54694,950,55644,488
2021-01-24,Del Norte,015,27424,884,855,4,859,2
2021-01-24,El Dorado,017,186661,8466,8003,548,8551,66
2021-01-24,Fresno,019,978130,89606,85808,6802,92610,911
2021-01-24,Glenn,021,27897,2090,2026,433,2459,13
2021-01-24,Humboldt,023,135768,2701,2562,17,2579,24
2021-01-24,Imperial,025,180216,26279,25707,2444,28151,488
2021-01-24,Inyo,027,18085,1053,1007,8,1015,27
2021-01-24,Kern,029,883053,86349,83125,8108,91233,785
2021-01-24,Kings,031,150075,20666,19988,837,20825,159
2021-01-24,Lake,033,64148,2812,2724,0,2724,32
2021-01-24,Lassen,035,31185,4895,4828,85,4913,1
2021-01-24,Los Angeles,037,10098052,1094634,1048757,35618,1084375,15119
2021-01-24,Madera,039,155013,14485,14000,697,14697,86
2021-01-24,Marin,041,260295,12181,11872,132,12004,177
2021-01-24,Mariposa,043,17540,346,322,3,325,3
2021-01-24,Mendocino,045,87422,3218,3037,59,3096,33
2021-01-24,Merced,047,269075,25580,25047,721,25768,305
2021-01-24,Modoc,049,8938,306,285,93,378,0
2021-01-24,Mono,051,14174,1118,1113,15,1128,3
2021-01-24,Monterey,053,433212,38648,37527,1308,38835,254
2021-01-24,Napa,055,140530,8270,8005,32,8037,43
2021-01-24,Nevada,057,99092,3563,3349,140,3489,18
2021-01-24,Orange,059,3164182,229655,223853,9273,233126,2632
2021-01-24,Placer,061,380077,18991,17839,937,18776,193
2021-01-24,Plumas,063,18699,610,532,10,542,2
2021-01-24,Riverside,065,2383286,266608,256767,12563,269330,2761
2021-01-24,Sacramento,067,1510023,85959,84110,1033,85143,1112
2021-01-24,San Benito,069,59416,5319,5223,66,5289,43
2021-01-24,San Bernardino,071,2135413,271615,262370,7907,270277,1935
2021-01-24,San Diego,073,3302833,240291,227193,11163,238356,2375
2021-01-24,San Francisco,075,870044,31089,30559,796,31355,275
2021-01-24,San Joaquin,077,732212,61269,59021,2426,61447,838
2021-01-24,San Luis Obispo,079,281455,17617,16758,461,17219,179
2021-01-24,San Mateo,081,765935,36003,33956,317,34273,213
2021-01-24,Santa Barbara,083,443738,28315,26735,912,27647,269
2021-01-24,Santa Clara,085,1922200,100379,98103,455,98558,1109
2021-01-24,Santa Cruz,087,273765,14053,12905,669,13574,133
2021-01-24,Shasta,089,179085,10164,9978,1043,11021,103
2021-01-24,Sierra,091,2930,47,42,12,54,0
2021-01-24,Siskiyou,093,43540,1293,1195,191,1386,4
2021-01-24,Solano,095,438530,27285,26515,303,26818,109
2021-01-24,Sonoma,097,501317,25533,25045,131,25176,233
2021-01-24,Stanislaus,099,539301,45932,44031,4645,48676,599
2021-01-24,Sutter,101,95872,8134,7980,77,8057,83
2021-01-24,Tehama,103,63373,4193,4062,450,4512,20
2021-01-24,Trinity,105,12862,439,262,66,328,3
2021-01-24,Tulare,107,460477,44714,43006,6407,49413,577
2021-01-24,Tuolumne,109,53932,3423,3416,31,3447,29
2021-01-24,Ventura,111,848112,68787,66347,2432,68779,439
2021-01-24,Yolo,113,214977,11806,11210,153,11363,140
2021-01-24,Yuba,115,75493,5036,4875,68,4943,31
2021-01-23,Alameda,001,1643700,72805,70080,1538,71618,780
2021-01-23,Alpine,003,1148,73,72,0,72,0
2021-01-23,Amador,005,37829,3139,3049,24,3073,30
2021-01-23,Butte,007,227075,10406,9757,1422,11179,133
2021-01-23,Calaveras,009,45235,1711,1695,10,1705,21
2021-01-23,Colusa,011,21464,1727,1672,190,1862,8
2021-01-23,Contra Costa,013,1133247,56765,54162,942,55104,487
2021-01-23,Del Norte,015,27424,883,855,4,859,2
2021-01-23,El Dorado,017,186661,8450,7984,546,8530,66
2021-01-23,Fresno,019,978130,89420,85274,6773,92047,910
2021-01-23,Glenn,021,27897,2087,2015,429,2444,13
2021-01-23,Humboldt,023,135768,2682,2493,16,2509,23
2021-01-23,Imperial,025,180216,26245,25581,2435,28016,487
2021-01-23,Inyo,027,18085,1044,987,8,995,27
2021-01-23,Kern,029,883053,86103,82602,8037,90639,783
2021-01-23,Kings,031,150075,20622,19904,835,20739,159
2021-01-23,Lake,033,64148,2804,2673,0,2673,32
2021-01-23,Lassen,035,31185,4894,4816,82,4898,1
2021-01-23,Los Angeles,037,10098052,1091407,1040961,35455,1076416,15034
2021-01-23,Madera,039,155013,14449,13858,694,14552,86
2021-01-23,Marin,041,260295,12125,11796,130,11926,177
2021-01-23,Mariposa,043,17540,346,323,3,326,3
2021-01-23,Mendocino,045,87422,3204,2991,59,3050,32
2021-01-23,Merced,047,269075,25488,24787,707,25494,303
2021-01-23,Modoc,049,8938,306,285,93,378,0
2021-01-23,Mono,051,14174,1116,1111,15,1126,3
2021-01-23,Monterey,053,433212,38565,37165,1303,38468,253
2021-01-23,Napa,055,140530,8245,7893,32,7925,43
2021-01-23,Nevada,057,99092,3552,3332,139,3471,18
2021-01-23,Orange,059,3164182,228886,221722,9233,230955,2618
2021-01-23,Placer,061,380077,18940,17617,932,18549,193
2021-01-23,Plumas,063,18699,609,528,10,538,2
2021-01-23,Riverside,065,2383286,265707,253636,12510,266146,2733
2021-01-23,Sacramento,067,1510023,85730,83408,1030,84438,1108
2021-01-23,San Benito,069,59416,5295,5166,65,5231,43
2021-01-23,San Bernardino,071,2135413,271070,260381,7875,268256,1922
2021-01-23,San Diego,073,3302833,239230,225556,11091,236647,2344
2021-01-23,San Francisco,075,870044,30984,30308,767,31075,268
2021-01-23,San Joaquin,077,732212,61143,58164,2416,60580,836
2021-01-23,San Luis Obispo,079,281455,17553,16652,458,17110,176
2021-01-23,San Mateo,081,765935,35827,33696,306,34002,213
2021-01-23,Santa Barbara,083,443738,28131,26234,903,27137,264
2021-01-23,Santa Clara,085,1922200,100023,97189,454,97643,1086
2021-01-23,Santa Cruz,087,273765,13995,12771,666,13437,127
2021-01-23,Shasta,089,179085,10134,9951,1042,10993,103
2021-01-23,Sierra,091,2930,47,41,12,53,0
2021-01-23,Siskiyou,093,43540,1283,1190,190,1380,4
2021-01-23,Solano,095,438530,27193,26261,301,26562,107
2021-01-23,Sonoma,097,501317,25453,24790,131,24921,232
2021-01-23,Stanislaus,099,539301,45766,43723,4616,48339,599
2021-01-23,Sutter,101,95872,8116,7943,76,8019,80
2021-01-23,Tehama,103,63373,4174,4006,449,4455,20
2021-01-23,Trinity,105,12862,439,262,66,328,3
2021-01-23,Tulare,107,460477,44561,42661,6347,49008,575
2021-01-23,Tuolumne,109,53932,3416,3407,31,3438,29
2021-01-23,Ventura,111,848112,68337,65581,2409,67990,438
2021-01-23,Yolo,113,214977,11764,11087,149,11236,141
2021-01-23,Yuba,115,75493,5024,4831,67,4898,30
2021-01-22,Alameda,001,1643700,72483,69693,1532,71225,751
2021-01-22,Alpine,003,1148,73,71,0,71,0
2021-01-22,Amador,005,37829,3134,3042,24,3066,30
2021-01-22,Butte,007,227075,10357,9711,1409,11120,133
2021-01-22,Calaveras,009,45235,1702,1672,10,1682,21
2021-01-22,Colusa,011,21464,1725,1668,190,1858,7
2021-01-22,Contra Costa,013,1133247,56527,53887,936,54823,485
2021-01-22,Del Norte,015,27424,882,852,4,856,2
2021-01-22,El Dorado,017,186661,8416,7877,543,8420,64
2021-01-22,Fresno,019,978130,89079,84744,6745,91489,892
2021-01-22,Glenn,021,27897,2082,1985,423,2408,13
2021-01-22,Humboldt,023,135768,2658,2452,16,2468,23
2021-01-22,Imperial,025,180216,26210,25562,2420,27982,474
2021-01-22,Inyo,027,18085,1033,961,8,969,26
2021-01-22,Kern,029,883053,85803,82101,7963,90064,771
2021-01-22,Kings,031,150075,20546,19760,831,20591,159
2021-01-22,Lake,033,64148,2792,2681,0,2681,32
2021-01-22,Lassen,035,31185,4885,4765,81,4846,1
2021-01-22,Los Angeles,037,10098052,1086947,1031177,35263,1066440,14777
2021-01-22,Madera,039,155013,14388,13781,693,14474,86
2021-01-22,Marin,041,260295,12088,11769,128,11897,177
2021-01-22,Mariposa,043,17540,346,323,3,326,3
2021-01-22,Mendocino,045,87422,3179,2994,58,3052,32
2021-01-22,Merced,047,269075,25365,24616,699,25315,290
2021-01-22,Modoc,049,8938,306,285,93,378,0
2021-01-22,Mono,051,14174,1116,1108,15,1123,3
2021-01-22,Monterey,053,433212,38411,36909,1298,38207,253
2021-01-22,Napa,055,140530,8199,7828,32,7860,40
2021-01-22,Nevada,057,99092,3527,3296,138,3434,18
2021-01-22,Orange,059,3164182,227933,220384,9186,229570,2542
2021-01-22,Placer,061,380077,18883,17636,917,18553,193
2021-01-22,Plumas,063,18699,607,522,10,532,2
2021-01-22,Riverside,065,2383286,264557,252440,12443,264883,2710
2021-01-22,Sacramento,067,1510023,85400,82861,1022,83883,1094
2021-01-22,San Benito,069,59416,5269,5143,65,5208,43
2021-01-22,San Bernardino,071,2135413,270248,259121,7842,266963,1849
2021-01-22,San Diego,073,3302833,237990,222576,11026,233602,2301
2021-01-22,San Francisco,075,870044,30871,30027,750,30777,266
2021-01-22,San Joaquin,077,732212,60962,58485,2403,60888,812
2021-01-22,San Luis Obispo,079,281455,17464,16336,455,16791,172
2021-01-22,San Mateo,081,765935,35605,33401,303,33704,211
2021-01-22,Santa Barbara,083,443738,27930,25989,892,26881,256
2021-01-22,Santa Clara,085,1922200,99583,96435,451,96886,1062
2021-01-22,Santa Cruz,087,273765,13937,12687,662,13349,123
2021-01-22,Shasta,089,179085,10115,9866,1040,10906,103
2021-01-22,Sierra,091,2930,47,40,12,52,0
2021-01-22,Siskiyou,093,43540,1279,1182,188,1370,4
2021-01-22,Solano,095,438530,27103,26048,299,26347,107
2021-01-22,Sonoma,097,501317,25368,24659,131,24790,232
2021-01-22,Stanislaus,099,539301,45601,43489,4586,48075,599
2021-01-22,Sutter,101,95872,8091,7878,76,7954,80
2021-01-22,Tehama,103,63373,4156,3993,448,4441,19
2021-01-22,Trinity,105,12862,438,263,66,329,3
2021-01-22,Tulare,107,460477,44381,42307,6277,48584,573
2021-01-22,Tuolumne,109,53932,3388,3379,31,3410,29
2021-01-22,Ventura,111,848112,67831,64404,2391,66795,426
2021-01-22,Yolo,113,214977,11730,11014,141,11155,141
2021-01-22,Yuba,115,75493,5000,4789,65,4854,29
2021-01-21,Alameda,001,1643700,72050,69314,1515,70829,739
2021-01-21,Alpine,003,1148,73,71,0,71,0
2021-01-21,Amador,005,37829,3112,3038,24,3062,29
2021-01-21,Butte,007,227075,10287,9643,1402,11045,130
2021-01-21,Calaveras,009,45235,1693,1647,10,1657,21
2021-01-21,Colusa,011,21464,1718,1662,187,1849,7
2021-01-21,Contra Costa,013,1133247,56109,53595,922,54517,478
2021-01-21,Del Norte,015,27424,880,850,3,853,2
2021-01-21,El Dorado,017,186661,8367,7823,540,8363,58
2021-01-21,Fresno,019,978130,88674,84137,6705,90842,889
2021-01-21,Glenn,021,27897,2074,1964,418,2382,13
2021-01-21,Humboldt,023,135768,2635,2423,16,2439,23
2021-01-21,Imperial,025,180216,26118,25509,2406,27915,463
2021-01-21,Inyo,027,18085,1024,946,8,954,26
2021-01-21,Kern,029,883053,85390,81328,7845,89173,769
2021-01-21,Kings,031,150075,20475,19633,813,20446,158
2021-01-21,Lake,033,64148,2776,2669,0,2669,32
2021-01-21,Lassen,035,31185,4878,4763,81,4844,1
2021-01-21,Los Angeles,037,10098052,1080290,1023055,34941,1057996,14537
2021-01-21,Madera,039,155013,14320,13664,685,14349,86
2021-01-21,Marin,041,260295,12032,11732,126,11858,173
2021-01-21,Mariposa,043,17540,342,322,3,325,3
2021-01-21,Mendocino,045,87422,3156,2967,56,3023,32
2021-01-21,Merced,047,269075,25210,24426,692,25118,245
2021-01-21,Modoc,049,8938,303,284,92,376,0
2021-01-21,Mono,051,14174,1111,1104,15,1119,3
2021-01-21,Monterey,053,433212,38134,36149,1288,37437,253
2021-01-21,Napa,055,140530,8135,7774,32,7806,40
2021-01-21,Nevada,057,99092,3498,3274,137,3411,18
2021-01-21,Orange,059,3164182,226556,218867,9131,227998,2540
2021-01-21,Placer,061,380077,18804,17553,913,18466,190
2021-01-21,Plumas,063,18699,603,518,10,528,2
2021-01-21,Riverside,065,2383286,262831,251007,12363,263370,2676
2021-01-21,Sacramento,067,1510023,84921,82303,1001,83304,1084
2021-01-21,San Benito,069,59416,5238,5100,60,5160,43
2021-01-21,San Bernardino,071,2135413,268899,257754,7777,265531,1832
2021-01-21,San Diego,073,3302833,236215,219729,10920,230649,2222
2021-01-21,San Francisco,075,870044,30694,29801,716,30517,266
2021-01-21,San Joaquin,077,732212,60653,58270,2383,60653,806
2021-01-21,San Luis Obispo,079,281455,17378,16153,447,16600,169
2021-01-21,San Mateo,081,765935,35359,33156,290,33446,210
2021-01-21,Santa Barbara,083,443738,27643,25654,879,26533,253
2021-01-21,Santa Clara,085,1922200,98957,96028,444,96472,1062
2021-01-21,Santa Cruz,087,273765,13852,12548,652,13200,119
2021-01-21,Shasta,089,179085,10072,9795,1025,10820,98
2021-01-21,Sierra,091,2930,47,40,12,52,0
2021-01-21,Siskiyou,093,43540,1276,1178,185,1363,4
2021-01-21,Solano,095,438530,26923,25885,295,26180,106
2021-01-21,Sonoma,097,501317,25230,24440,129,24569,230
2021-01-21,Stanislaus,099,539301,45298,43223,4542,47765,599
2021-01-21,Sutter,101,95872,8057,7822,76,7898,80
2021-01-21,Tehama,103,63373,4120,3938,448,4386,19
2021-01-21,Trinity,105,12862,438,261,66,327,3
2021-01-21,Tulare,107,460477,44170,42082,6201,48283,569
2021-01-21,Tuolumne,109,53932,3378,3365,30,3395,29
2021-01-21,Ventura,111,848112,67137,63995,2370,66365,420
2021-01-21,Yolo,113,214977,11642,10940,133,11073,141
2021-01-21,Yuba,115,75493,4969,4757,64,4821,29
2021-01-20,Alameda,001,1643700,71564,68785,1501,70286,702
2021-01-20,Alpine,003,1148,73,71,0,71,0
2021-01-20,Amador,005,37829,3081,3036,24,3060,29
2021-01-20,Butte,007,227075,10231,9582,1392,10974,130
2021-01-20,Calaveras,009,45235,1671,1637,9,1646,21
2021-01-20,Colusa,011,21464,1701,1630,182,1812,7
2021-01-20,Contra Costa,013,1133247,55660,53108,915,54023,461
2021-01-20,Del Norte,015,27424,879,848,3,851,2
2021-01-20,El Dorado,017,186661,8317,7785,537,8322,53
2021-01-20,Fresno,019,978130,88254,83591,6652,90243,872
2021-01-20,Glenn,021,27897,2055,1955,416,2371,13
2021-01-20,Humboldt,023,135768,2592,2390,16,2406,22
2021-01-20,Imperial,025,180216,26046,25380,2371,27751,461
2021-01-20,Inyo,027,18085,1014,901,8,909,26
2021-01-20,Kern,029,883053,84939,80701,7738,88439,754
2021-01-20,Kings,031,150075,20385,19522,805,20327,146
2021-01-20,Lake,033,64148,2754,2646,0,2646,31
2021-01-20,Lassen,035,31185,4870,4758,79,4837,1
2021-01-20,Los Angeles,037,10098052,1072796,1015608,34652,1050260,14299
2021-01-20,Madera,039,155013,14256,13585,680,14265,86
2021-01-20,Marin,041,260295,11978,11684,124,11808,171
2021-01-20,Mariposa,043,17540,340,322,3,325,3
2021-01-20,Mendocino,045,87422,3141,2957,56,3013,32
2021-01-20,Merced,047,269075,25037,24220,670,24890,243
2021-01-20,Modoc,049,8938,302,282,92,374,0
2021-01-20,Mono,051,14174,1104,1105,14,1119,3
2021-01-20,Monterey,053,433212,37817,35960,1266,37226,249
2021-01-20,Napa,055,140530,8066,7731,31,7762,40
2021-01-20,Nevada,057,99092,3466,3238,137,3375,18
2021-01-20,Orange,059,3164182,225017,216893,9070,225963,2500
2021-01-20,Placer,061,380077,18711,17455,895,18350,186
2021-01-20,Plumas,063,18699,601,512,10,522,2
2021-01-20,Riverside,065,2383286,260786,248686,12276,260962,2615
2021-01-20,Sacramento,067,1510023,84361,81687,990,82677,1072
2021-01-20,San Benito,069,59416,5207,5036,59,5095,35
2021-01-20,San Bernardino,071,2135413,267542,255921,7730,263651,1801
2021-01-20,San Diego,073,3302833,234360,218553,10816,229369,2174
2021-01-20,San Francisco,075,870044,30505,29665,696,30361,262
2021-01-20,San Joaquin,077,732212,60249,58025,2374,60399,783
2021-01-20,San Luis Obispo,079,281455,17197,15936,438,16374,164
2021-01-20,San Mateo,081,765935,35132,32929,289,33218,210
2021-01-20,Santa Barbara,083,443738,27326,25312,867,26179,248
2021-01-20,Santa Clara,085,1922200,98277,94995,442,95437,1040
2021-01-20,Santa Cruz,087,273765,13745,12460,639,13099,107
2021-01-20,Shasta,089,179085,10020,9697,1015,10712,98
2021-01-20,Sierra,091,2930,47,40,12,52,0
2021-01-20,Siskiyou,093,43540,1270,1163,184,1347,4
2021-01-20,Solano,095,438530,26730,25659,291,25950,106
2021-01-20,Sonoma,097,501317,25093,24262,127,24389,223
2021-01-20,Stanislaus,099,539301,45014,42955,4499,47454,585
2021-01-20,Sutter,101,95872,8005,7772,74,7846,80
2021-01-20,Tehama,103,63373,4094,3892,447,4339,19
2021-01-20,Trinity,105,12862,438,260,66,326,3
2021-01-20,Tulare,107,460477,43912,41799,6108,47907,559
2021-01-20,Tuolumne,109,53932,3364,3355,29,3384,29
2021-01-20,Ventura,111,848112,66179,63413,2341,65754,395
2021-01-20,Yolo,113,214977,11571,10852,130,10982,141
2021-01-20,Yuba,115,75493,4942,4729,64,4793,29
2021-01-19,Alameda,001,1643700,70909,68434,1491,69925,680
2021-01-19,Alpine,003,1148,73,71,0,71,0
2021-01-19,Amador,005,37829,3072,3024,24,3048,28
2021-01-19,Butte,007,227075,10165,9528,1378,10906,129
2021-01-19,Calaveras,009,45235,1656,1621,8,1629,21
2021-01-19,Colusa,011,21464,1679,1617,174,1791,7
2021-01-19,Contra Costa,013,1133247,55163,52730,904,53634,448
2021-01-19,Del Norte,015,27424,877,843,3,846,2
2021-01-19,El Dorado,017,186661,8257,7743,529,8272,47
2021-01-19,Fresno,019,978130,87732,83200,6600,89800,857
2021-01-19,Glenn,021,27897,2043,1948,411,2359,13
2021-01-19,Humboldt,023,135768,2568,2359,13,2372,22
2021-01-19,Imperial,025,180216,25965,25333,2353,27686,452
2021-01-19,Inyo,027,18085,1007,891,8,899,26
2021-01-19,Kern,029,883053,84352,80272,7631,87903,742
2021-01-19,Kings,031,150075,20246,19375,794,20169,143
2021-01-19,Lake,033,64148,2739,2625,0,2625,31
2021-01-19,Lassen,035,31185,4863,4753,79,4832,1
2021-01-19,Los Angeles,037,10098052,1064123,1010375,34379,1044754,14014
2021-01-19,Madera,039,155013,14140,13528,673,14201,86
2021-01-19,Marin,041,260295,11920,11654,120,11774,169
2021-01-19,Mariposa,043,17540,340,322,3,325,3
2021-01-19,Mendocino,045,87422,3124,2930,56,2986,32
2021-01-19,Merced,047,269075,24825,24108,662,24770,242
2021-01-19,Modoc,049,8938,301,281,92,373,0
2021-01-19,Mono,051,14174,1103,1106,14,1120,3
2021-01-19,Monterey,053,433212,37499,35840,1245,37085,248
2021-01-19,Napa,055,140530,8007,7672,31,7703,38
2021-01-19,Nevada,057,99092,3448,3216,135,3351,18
2021-01-19,Orange,059,3164182,223281,215244,9001,224245,2468
2021-01-19,Placer,061,380077,18613,17348,885,18233,182
2021-01-19,Plumas,063,18699,594,509,10,519,2
2021-01-19,Riverside,065,2383286,258700,246248,12197,258445,2585
2021-01-19,Sacramento,067,1510023,83824,81183,970,82153,1053
2021-01-19,San Benito,069,59416,5161,4988,58,5046,35
2021-01-19,San Bernardino,071,2135413,265799,253651,7672,261323,1777
2021-01-19,San Diego,073,3302833,231941,216833,10718,227551,2109
2021-01-19,San Francisco,075,870044,30287,29502,665,30167,261
2021-01-19,San Joaquin,077,732212,59865,57655,2361,60016,782
2021-01-19,San Luis Obispo,079,281455,16933,15855,435,16290,161
2021-01-19,San Mateo,081,765935,34847,32730,278,33008,208
2021-01-19,Santa Barbara,083,443738,26942,24991,851,25842,236
2021-01-19,Santa Clara,085,1922200,97500,94483,440,94923,1010
2021-01-19,Santa Cruz,087,273765,13628,12410,631,13041,106
2021-01-19,Shasta,089,179085,9984,9614,1005,10619,93
2021-01-19,Sierra,091,2930,47,40,10,50,0
2021-01-19,Siskiyou,093,43540,1262,1149,183,1332,4
2021-01-19,Solano,095,438530,26484,25520,290,25810,106
2021-01-19,Sonoma,097,501317,24913,24133,125,24258,223
2021-01-19,Stanislaus,099,539301,44665,42723,4445,47168,561
2021-01-19,Sutter,101,95872,7954,7709,68,7777,80
2021-01-19,Tehama,103,63373,4059,3876,445,4321,19
2021-01-19,Trinity,105,12862,437,260,66,326,3
2021-01-19,Tulare,107,460477,43634,41559,6012,47571,549
2021-01-19,Tuolumne,109,53932,3337,3328,29,3357,29
2021-01-19,Ventura,111,848112,65501,62656,2314,64970,383
2021-01-19,Yolo,113,214977,11485,10789,130,10919,134
2021-01-19,Yuba,115,75493,4909,4695,63,4758,29
2021-01-18,Alameda,001,1643700,70265,67938,1473,69411,680
2021-01-18,Alpine,003,1148,73,71,0,71,0
2021-01-18,Amador,005,37829,3058,3016,24,3040,28
2021-01-18,Butte,007,227075,10078,9474,1365,10839,129
2021-01-18,Calaveras,009,45235,1635,1617,7,1624,21
2021-01-18,Colusa,011,21464,1662,1608,169,1777,7
2021-01-18,Contra Costa,013,1133247,54647,52323,896,53219,448
2021-01-18,Del Norte,015,27424,876,840,3,843,2
2021-01-18,El Dorado,017,186661,8188,7707,527,8234,47
2021-01-18,Fresno,019,978130,87120,82485,6533,89018,857
2021-01-18,Glenn,021,27897,2026,1935,407,2342,13
2021-01-18,Humboldt,023,135768,2530,2343,13,2356,22
2021-01-18,Imperial,025,180216,25896,25317,2327,27644,452
2021-01-18,Inyo,027,18085,995,872,8,880,26
2021-01-18,Kern,029,883053,83713,79930,7540,87470,740
2021-01-18,Kings,031,150075,20076,19267,782,20049,141
2021-01-18,Lake,033,64148,2722,2591,0,2591,30
2021-01-18,Lassen,035,31185,4827,4749,78,4827,1
2021-01-18,Los Angeles,037,10098052,1054631,1002614,34085,1036699,13828
2021-01-18,Madera,039,155013,14026,13443,665,14108,85
2021-01-18,Marin,041,260295,11872,11607,118,11725,165
2021-01-18,Mariposa,043,17540,337,320,2,322,3
2021-01-18,Mendocino,045,87422,3101,2919,56,2975,31
2021-01-18,Merced,047,269075,24580,23927,646,24573,242
2021-01-18,Modoc,049,8938,298,281,89,370,0
2021-01-18,Mono,051,14174,1100,1101,14,1115,3
2021-01-18,Monterey,053,433212,37045,35549,1228,36777,247
2021-01-18,Napa,055,140530,7933,7601,31,7632,38
2021-01-18,Nevada,057,99092,3410,3199,134,3333,17
2021-01-18,Orange,059,3164182,221379,213866,8945,222811,2405
2021-01-18,Placer,061,380077,18497,17263,876,18139,182
2021-01-18,Plumas,063,18699,590,506,10,516,2
2021-01-18,Riverside,065,2383286,256382,244151,12103,256254,2568
2021-01-18,Sacramento,067,1510023,83153,80546,954,81500,1046
2021-01-18,San Benito,069,59416,5111,4963,56,5019,35
2021-01-18,San Bernardino,071,2135413,264026,252808,7613,260421,1775
2021-01-18,San Diego,073,3302833,229294,214335,10589,224924,2103
2021-01-18,San Francisco,075,870044,30081,29321,641,29962,259
2021-01-18,San Joaquin,077,732212,59347,57405,2339,59744,782
2021-01-18,San Luis Obispo,079,281455,16746,15742,425,16167,158
2021-01-18,San Mateo,081,765935,34532,32515,259,32774,208
2021-01-18,Santa Barbara,083,443738,26563,24638,837,25475,235
2021-01-18,Santa Clara,085,1922200,96607,93688,436,94124,992
2021-01-18,Santa Cruz,087,273765,13495,12298,618,12916,106
2021-01-18,Shasta,089,179085,9945,9600,995,10595,92
2021-01-18,Sierra,091,2930,46,40,10,50,0
2021-01-18,Siskiyou,093,43540,1250,1144,181,1325,4
2021-01-18,Solano,095,438530,26206,25344,285,25629,105
2021-01-18,Sonoma,097,501317,24644,24068,124,24192,223
2021-01-18,Stanislaus,099,539301,44309,42413,4388,46801,562
2021-01-18,Sutter,101,95872,7896,7680,66,7746,78
2021-01-18,Tehama,103,63373,4015,3854,438,4292,19
2021-01-18,Trinity,105,12862,437,260,66,326,3
2021-01-18,Tulare,107,460477,43345,41196,5900,47096,549
2021-01-18,Tuolumne,109,53932,3314,3318,28,3346,28
2021-01-18,Ventura,111,848112,65071,61859,2291,64150,379
2021-01-18,Yolo,113,214977,11355,10620,127,10747,134
2021-01-18,Yuba,115,75493,4881,4671,61,4732,29
2021-01-17,Alameda,001,1643700,69688,67375,1454,68829,676
2021-01-17,Alpine,003,1148,73,71,0,71,0
2021-01-17,Amador,005,37829,3051,3001,24,3025,28
2021-01-17,Butte,007,227075,10006,9411,1343,10754,129
2021-01-17,Calaveras,009,45235,1622,1608,7,1615,21
2021-01-17,Colusa,011,21464,1648,1588,164,1752,7
2021-01-17,Contra Costa,013,1133247,54156,51932,886,52818,447
2021-01-17,Del Norte,015,27424,876,838,3,841,2
2021-01-17,El Dorado,017,186661,8132,7659,515,8174,47
2021-01-17,Fresno,019,978130,86567,82039,6457,88496,857
2021-01-17,Glenn,021,27897,2016,1924,401,2325,9
2021-01-17,Humboldt,023,135768,2492,2322,11,2333,22
2021-01-17,Imperial,025,180216,25826,25253,2283,27536,451
2021-01-17,Inyo,027,18085,989,864,8,872,26
2021-01-17,Kern,029,883053,83165,79489,7454,86943,738
2021-01-17,Kings,031,150075,19940,19201,768,19969,131
2021-01-17,Lake,033,64148,2706,2572,0,2572,30
2021-01-17,Lassen,035,31185,4819,4740,77,4817,1
2021-01-17,Los Angeles,037,10098052,1047987,993028,33682,1026710,13741
2021-01-17,Madera,039,155013,13934,13328,660,13988,85
2021-01-17,Marin,041,260295,11819,11552,116,11668,164
2021-01-17,Mariposa,043,17540,337,319,2,321,3
2021-01-17,Mendocino,045,87422,3073,2912,55,2967,31
2021-01-17,Merced,047,269075,24367,23800,629,24429,242
2021-01-17,Modoc,049,8938,297,279,89,368,0
2021-01-17,Mono,051,14174,1093,1091,13,1104,3
2021-01-17,Monterey,053,433212,36808,35340,1203,36543,244
2021-01-17,Napa,055,140530,7877,7521,31,7552,38
2021-01-17,Nevada,057,99092,3385,3176,132,3308,17
2021-01-17,Orange,059,3164182,219373,212389,8870,221259,2359
2021-01-17,Placer,061,380077,18392,17194,861,18055,181
2021-01-17,Plumas,063,18699,589,505,9,514,2
2021-01-17,Riverside,065,2383286,254272,242206,11984,254190,2534
2021-01-17,Sacramento,067,1510023,82552,80154,941,81095,1045
2021-01-17,San Benito,069,59416,5073,4941,56,4997,35
2021-01-17,San Bernardino,071,2135413,261902,251487,7524,259011,1775
2021-01-17,San Diego,073,3302833,227100,211785,10482,222267,2103
2021-01-17,San Francisco,075,870044,29896,29139,602,29741,255
2021-01-17,San Joaquin,077,732212,58988,57094,2324,59418,780
2021-01-17,San Luis Obispo,079,281455,16624,15658,416,16074,157
2021-01-17,San Mateo,081,765935,34279,32186,236,32422,208
2021-01-17,Santa Barbara,083,443738,26106,24401,821,25222,235
2021-01-17,Santa Clara,085,1922200,95857,92752,433,93185,976
2021-01-17,Santa Cruz,087,273765,13383,12196,615,12811,106
2021-01-17,Shasta,089,179085,9887,9588,987,10575,92
2021-01-17,Sierra,091,2930,46,38,9,47,0
2021-01-17,Siskiyou,093,43540,1243,1136,178,1314,4
2021-01-17,Solano,095,438530,25976,25216,283,25499,105
2021-01-17,Sonoma,097,501317,24470,23871,124,23995,223
2021-01-17,Stanislaus,099,539301,43989,42221,4329,46550,562
2021-01-17,Sutter,101,95872,7832,7604,65,7669,77
2021-01-17,Tehama,103,63373,3985,3837,434,4271,18
2021-01-17,Trinity,105,12862,437,261,66,327,3
2021-01-17,Tulare,107,460477,43053,41016,5784,46800,549
2021-01-17,Tuolumne,109,53932,3297,3287,28,3315,27
2021-01-17,Ventura,111,848112,64224,61257,2244,63501,376
2021-01-17,Yolo,113,214977,11256,10519,125,10644,134
2021-01-17,Yuba,115,75493,4831,4640,59,4699,28
2021-01-16,Alameda,001,1643700,69364,66583,1441,68024,673
2021-01-16,Alpine,003,1148,73,71,0,71,0
2021-01-16,Amador,005,37829,3048,2986,24,3010,28
2021-01-16,Butte,007,227075,9976,9359,1323,10682,129
2021-01-16,Calaveras,009,45235,1609,1596,7,1603,21
2021-01-16,Colusa,011,21464,1636,1578,164,1742,7
2021-01-16,Contra Costa,013,1133247,53891,51363,879,52242,443
2021-01-16,Del Norte,015,27424,871,833,3,836,2
2021-01-16,El Dorado,017,186661,8110,7575,514,8089,47
2021-01-16,Fresno,019,978130,86294,81294,6404,87698,846
2021-01-16,Glenn,021,27897,2012,1894,398,2292,9
2021-01-16,Humboldt,023,135768,2472,2294,9,2303,22
2021-01-16,Imperial,025,180216,25792,25140,2276,27416,451
2021-01-16,Inyo,027,18085,985,845,8,853,25
2021-01-16,Kern,029,883053,82798,78865,7401,86266,733
2021-01-16,Kings,031,150075,19884,19072,765,19837,131
2021-01-16,Lake,033,64148,2696,2504,0,2504,30
2021-01-16,Lassen,035,31185,4807,4719,77,4796,1
2021-01-16,Los Angeles,037,10098052,1043906,982684,33441,1016125,13654
2021-01-16,Madera,039,155013,13868,13193,656,13849,85
2021-01-16,Marin,041,260295,11777,11482,116,11598,164
2021-01-16,Mariposa,043,17540,336,317,2,319,3
2021-01-16,Mendocino,045,87422,3059,2890,52,2942,31
2021-01-16,Merced,047,269075,24279,23478,615,24093,242
2021-01-16,Modoc,049,8938,297,278,89,367,0
2021-01-16,Mono,051,14174,1091,1079,13,1092,3
2021-01-16,Monterey,053,433212,36699,34972,1185,36157,243
2021-01-16,Napa,055,140530,7838,7356,31,7387,39
2021-01-16,Nevada,057,99092,3352,3144,132,3276,17
2021-01-16,Orange,059,3164182,218334,210111,8813,218924,2312
2021-01-16,Placer,061,380077,18328,16995,859,17854,177
2021-01-16,Plumas,063,18699,587,502,9,511,2
2021-01-16,Riverside,065,2383286,252916,239412,11867,251279,2506
2021-01-16,Sacramento,067,1510023,82176,79122,924,80046,1033
2021-01-16,San Benito,069,59416,5041,4875,56,4931,35
2021-01-16,San Bernardino,071,2135413,261120,249401,7458,256859,1755
2021-01-16,San Diego,073,3302833,225802,209895,10385,220280,2065
2021-01-16,San Francisco,075,870044,29769,28853,571,29424,244
2021-01-16,San Joaquin,077,732212,58741,56642,2293,58935,776
2021-01-16,San Luis Obispo,079,281455,16523,15466,414,15880,152
2021-01-16,San Mateo,081,765935,34115,31805,230,32035,208
2021-01-16,Santa Barbara,083,443738,25909,24088,814,24902,229
2021-01-16,Santa Clara,085,1922200,95390,91584,426,92010,954
2021-01-16,Santa Cruz,087,273765,13324,12026,613,12639,106
2021-01-16,Shasta,089,179085,9854,9547,983,10530,92
2021-01-16,Sierra,091,2930,45,38,9,47,0
2021-01-16,Siskiyou,093,43540,1238,1124,178,1302,4
2021-01-16,Solano,095,438530,25867,24732,277,25009,103
2021-01-16,Sonoma,097,501317,24379,23607,123,23730,223
2021-01-16,Stanislaus,099,539301,43799,41809,4278,46087,562
2021-01-16,Sutter,101,95872,7800,7560,65,7625,76
2021-01-16,Tehama,103,63373,3971,3783,434,4217,18
2021-01-16,Trinity,105,12862,437,261,66,327,3
2021-01-16,Tulare,107,460477,42873,40655,5711,46366,542
2021-01-16,Tuolumne,109,53932,3289,3269,28,3297,27
2021-01-16,Ventura,111,848112,63671,60368,2214,62582,369
2021-01-16,Yolo,113,214977,11207,10406,124,10530,134
2021-01-16,Yuba,115,75493,4800,4602,59,4661,27
2021-01-15,Alameda,001,1643700,68924,65416,1431,66847,672
2021-01-15,Alpine,003,1148,73,71,0,71,0
2021-01-15,Amador,005,37829,3041,2953,24,2977,28
2021-01-15,Butte,007,227075,9938,9233,1306,10539,129
2021-01-15,Calaveras,009,45235,1602,1538,7,1545,21
2021-01-15,Colusa,011,21464,1625,1541,160,1701,7
2021-01-15,Contra Costa,013,1133247,53561,50408,872,51280,428
2021-01-15,Del Norte,015,27424,867,828,2,830,2
2021-01-15,El Dorado,017,186661,8061,7439,505,7944,47
2021-01-15,Fresno,019,978130,85757,79950,6371,86321,832
2021-01-15,Glenn,021,27897,2007,1824,395,2219,9
2021-01-15,Humboldt,023,135768,2445,2218,8,2226,22
2021-01-15,Imperial,025,180216,25758,24944,2270,27214,446
2021-01-15,Inyo,027,18085,967,814,8,822,25
2021-01-15,Kern,029,883053,82386,77873,7336,85209,719
2021-01-15,Kings,031,150075,19775,18661,759,19420,131
2021-01-15,Lake,033,64148,2670,2434,0,2434,28
2021-01-15,Lassen,035,31185,4796,4693,75,4768,1
2021-01-15,Los Angeles,037,10098052,1036861,968979,33150,1002129,13404
2021-01-15,Madera,039,155013,13783,12883,653,13536,85
2021-01-15,Marin,041,260295,11726,11310,116,11426,160
2021-01-15,Mariposa,043,17540,334,307,2,309,3
2021-01-15,Mendocino,045,87422,3048,2835,52,2887,31
2021-01-15,Merced,047,269075,24166,23060,612,23672,239
2021-01-15,Modoc,049,8938,297,278,87,365,0
2021-01-15,Mono,051,14174,1088,1057,13,1070,3
2021-01-15,Monterey,053,433212,36487,34460,1126,35586,243
2021-01-15,Napa,055,140530,7776,7231,31,7262,38
2021-01-15,Nevada,057,99092,3339,3099,129,3228,17
2021-01-15,Orange,059,3164182,216976,207129,8761,215890,2254
2021-01-15,Placer,061,380077,18225,16712,850,17562,173
2021-01-15,Plumas,063,18699,584,499,9,508,2
2021-01-15,Riverside,065,2383286,251060,235235,11789,247024,2458
2021-01-15,Sacramento,067,1510023,81754,80279,916,81195,1023
2021-01-15,San Benito,069,59416,5002,4766,54,4820,35
2021-01-15,San Bernardino,071,2135413,259960,246182,7400,253582,1726
2021-01-15,San Diego,073,3302833,224053,206868,10320,217188,2037
2021-01-15,San Francisco,075,870044,29595,28574,551,29125,242
2021-01-15,San Joaquin,077,732212,58507,55885,2279,58164,748
2021-01-15,San Luis Obispo,079,281455,16390,15129,409,15538,148
2021-01-15,San Mateo,081,765935,33870,31291,226,31517,208
2021-01-15,Santa Barbara,083,443738,25631,23487,804,24291,226
2021-01-15,Santa Clara,085,1922200,94740,90103,421,90524,942
2021-01-15,Santa Cruz,087,273765,13215,11776,599,12375,105
2021-01-15,Shasta,089,179085,9815,9459,975,10434,91
2021-01-15,Sierra,091,2930,44,36,7,43,0
2021-01-15,Siskiyou,093,43540,1234,1119,177,1296,4
2021-01-15,Solano,095,438530,25718,24222,274,24496,103
2021-01-15,Sonoma,097,501317,24247,23204,122,23326,222
2021-01-15,Stanislaus,099,539301,43552,41178,4241,45419,562
2021-01-15,Sutter,101,95872,7753,7484,64,7548,75
2021-01-15,Tehama,103,63373,3950,3714,433,4147,17
2021-01-15,Trinity,105,12862,437,262,66,328,3
2021-01-15,Tulare,107,460477,42628,39951,5627,45578,535
2021-01-15,Tuolumne,109,53932,3273,3231,28,3259,27
2021-01-15,Ventura,111,848112,62927,59061,2181,61242,353
2021-01-15,Yolo,113,214977,11152,10240,123,10363,134
2021-01-15,Yuba,115,75493,4779,4549,59,4608,27
2021-01-14,Alameda,001,1643700,68272,64364,1415,65779,686
2021-01-14,Alpine,003,1148,73,71,0,71,0
2021-01-14,Amador,005,37829,3035,2940,24,2964,28
2021-01-14,Butte,007,227075,9853,9127,1285,10412,129
2021-01-14,Calaveras,009,45235,1585,1513,7,1520,21
2021-01-14,Colusa,011,21464,1610,1535,157,1692,7
2021-01-14,Contra Costa,013,1133247,53007,49545,858,50403,415
2021-01-14,Del Norte,015,27424,861,821,2,823,2
2021-01-14,El Dorado,017,186661,7987,7321,497,7818,45
2021-01-14,Fresno,019,978130,85124,79033,6295,85328,814
2021-01-14,Glenn,021,27897,1995,1798,390,2188,9
2021-01-14,Humboldt,023,135768,2402,2169,8,2177,22
2021-01-14,Imperial,025,180216,25649,24882,2235,27117,447
2021-01-14,Inyo,027,18085,960,790,8,798,25
2021-01-14,Kern,029,883053,81718,77070,7235,84305,705
2021-01-14,Kings,031,150075,19645,18405,755,19160,108
2021-01-14,Lake,033,64148,2627,2378,0,2378,27
2021-01-14,Lassen,035,31185,4786,4673,73,4746,1
2021-01-14,Los Angeles,037,10098052,1026852,954652,32769,987421,13147
2021-01-14,Madera,039,155013,13670,12742,642,13384,85
2021-01-14,Marin,041,260295,11652,11155,115,11270,159
2021-01-14,Mariposa,043,17540,331,302,2,304,3
2021-01-14,Mendocino,045,87422,3034,2801,50,2851,31
2021-01-14,Merced,047,269075,23939,22780,602,23382,239
2021-01-14,Modoc,049,8938,297,273,87,360,0
2021-01-14,Mono,051,14174,1080,1020,13,1033,3
2021-01-14,Monterey,053,433212,36072,34105,1106,35211,242
2021-01-14,Napa,055,140530,7691,7117,31,7148,38
2021-01-14,Nevada,057,99092,3312,3075,127,3202,17
2021-01-14,Orange,059,3164182,215047,204442,8675,213117,2162
2021-01-14,Placer,061,380077,18063,16488,843,17331,169
2021-01-14,Plumas,063,18699,576,496,9,505,2
2021-01-14,Riverside,065,2383286,248410,231684,11690,243374,2357
2021-01-14,Sacramento,067,1510023,81115,79137,892,80029,1007
2021-01-14,San Benito,069,59416,4966,4678,53,4731,35
2021-01-14,San Bernardino,071,2135413,257992,243379,7330,250709,1750
2021-01-14,San Diego,073,3302833,221659,204173,10200,214373,2005
2021-01-14,San Francisco,075,870044,29351,28200,503,28703,238
2021-01-14,San Joaquin,077,732212,57989,55058,2265,57323,739
2021-01-14,San Luis Obispo,079,281455,16229,14851,400,15251,146
2021-01-14,San Mateo,081,765935,33501,30694,217,30911,208
2021-01-14,Santa Barbara,083,443738,25219,23126,778,23904,219
2021-01-14,Santa Clara,085,1922200,93803,88505,414,88919,910
2021-01-14,Santa Cruz,087,273765,13068,11583,583,12166,109
2021-01-14,Shasta,089,179085,9765,9334,959,10293,90
2021-01-14,Sierra,091,2930,44,35,6,41,0
2021-01-14,Siskiyou,093,43540,1222,1108,174,1282,3
2021-01-14,Solano,095,438530,25459,23782,270,24052,103
2021-01-14,Sonoma,097,501317,24007,22910,122,23032,202
2021-01-14,Stanislaus,099,539301,43227,40597,4203,44800,574
2021-01-14,Sutter,101,95872,7694,7416,61,7477,74
2021-01-14,Tehama,103,63373,3923,3664,429,4093,17
2021-01-14,Trinity,105,12862,437,261,65,326,3
2021-01-14,Tulare,107,460477,42244,39565,5518,45083,533
2021-01-14,Tuolumne,109,53932,3252,3215,28,3243,28
2021-01-14,Ventura,111,848112,62055,57941,2143,60084,347
2021-01-14,Yolo,113,214977,11041,10097,117,10214,135
2021-01-14,Yuba,115,75493,4747,4496,59,4555,27
2021-01-13,Alameda,001,1643700,67518,63568,1398,64966,690
2021-01-13,Alpine,003,1148,73,71,0,71,0
2021-01-13,Amador,005,37829,3021,2914,24,2938,26
2021-01-13,Butte,007,227075,9774,9013,1271,10284,126
2021-01-13,Calaveras,009,45235,1563,1493,7,1500,21
2021-01-13,Colusa,011,21464,1598,1524,152,1676,7
2021-01-13,Contra Costa,013,1133247,52427,48877,846,49723,403
2021-01-13,Del Norte,015,27424,857,820,2,822,2
2021-01-13,El Dorado,017,186661,7894,7247,489,7736,43
2021-01-13,Fresno,019,978130,84404,78278,6253,84531,804
2021-01-13,Glenn,021,27897,1979,1792,381,2173,9
2021-01-13,Humboldt,023,135768,2369,2114,8,2122,22
2021-01-13,Imperial,025,180216,25525,24717,2201,26918,463
2021-01-13,Inyo,027,18085,948,785,8,793,25
2021-01-13,Kern,029,883053,81057,76049,7145,83194,704
2021-01-13,Kings,031,150075,19478,18121,733,18854,108
2021-01-13,Lake,033,64148,2583,2305,0,2305,27
2021-01-13,Lassen,035,31185,4779,4663,72,4735,1
2021-01-13,Los Angeles,037,10098052,1016071,937985,32357,970342,12873
2021-01-13,Madera,039,155013,13544,12570,637,13207,85
2021-01-13,Marin,041,260295,11596,11039,115,11154,161
2021-01-13,Mariposa,043,17540,329,304,2,306,3
2021-01-13,Mendocino,045,87422,3014,2790,50,2840,31
2021-01-13,Merced,047,269075,23700,22497,587,23084,241
2021-01-13,Modoc,049,8938,296,274,84,358,0
2021-01-13,Mono,051,14174,1076,1017,13,1030,3
2021-01-13,Monterey,053,433212,35653,33748,1082,34830,241
2021-01-13,Napa,055,140530,7577,7028,31,7059,36
2021-01-13,Nevada,057,99092,3288,3037,124,3161,17
2021-01-13,Orange,059,3164182,212957,201158,8606,209764,2172
2021-01-13,Placer,061,380077,17936,16272,829,17101,172
2021-01-13,Plumas,063,18699,574,490,9,499,2
2021-01-13,Riverside,065,2383286,245258,228192,11573,239765,2278
2021-01-13,Sacramento,067,1510023,80455,78268,885,79153,996
2021-01-13,San Benito,069,59416,4909,4583,52,4635,35
2021-01-13,San Bernardino,071,2135413,255618,240191,7258,247449,1759
2021-01-13,San Diego,073,3302833,219045,201578,10097,211675,1952
2021-01-13,San Francisco,075,870044,29111,27863,481,28344,238
2021-01-13,San Joaquin,077,732212,57366,54373,2235,56608,738
2021-01-13,San Luis Obispo,079,281455,16074,14625,389,15014,140
2021-01-13,San Mateo,081,765935,33161,30195,215,30410,207
2021-01-13,Santa Barbara,083,443738,24785,22714,754,23468,216
2021-01-13,Santa Clara,085,1922200,92827,87187,411,87598,911
2021-01-13,Santa Cruz,087,273765,12895,11423,569,11992,110
2021-01-13,Shasta,089,179085,9701,9180,945,10125,93
2021-01-13,Sierra,091,2930,44,33,6,39,0
2021-01-13,Siskiyou,093,43540,1216,1102,170,1272,3
2021-01-13,Solano,095,438530,25174,23503,269,23772,105
2021-01-13,Sonoma,097,501317,23759,22610,121,22731,206
2021-01-13,Stanislaus,099,539301,42831,40167,4151,44318,574
2021-01-13,Sutter,101,95872,7648,7350,60,7410,73
2021-01-13,Tehama,103,63373,3873,3589,424,4013,17
2021-01-13,Trinity,105,12862,437,260,65,325,3
2021-01-13,Tulare,107,460477,41836,39129,5414,44543,522
2021-01-13,Tuolumne,109,53932,3238,3196,28,3224,28
2021-01-13,Ventura,111,848112,61041,56453,2104,58557,338
2021-01-13,Yolo,113,214977,10941,9933,113,10046,135
2021-01-13,Yuba,115,75493,4705,4448,56,4504,27
2021-01-12,Alameda,001,1643700,66694,62642,1378,64020,677
2021-01-12,Alpine,003,1148,73,71,0,71,0
2021-01-12,Amador,005,37829,3004,2897,24,2921,26
2021-01-12,Butte,007,227075,9688,8883,1254,10137,124
2021-01-12,Calaveras,009,45235,1526,1475,7,1482,21
2021-01-12,Colusa,011,21464,1586,1510,148,1658,7
2021-01-12,Contra Costa,013,1133247,51786,48242,832,49074,399
2021-01-12,Del Norte,015,27424,852,816,2,818,2
2021-01-12,El Dorado,017,186661,7811,7156,478,7634,41
2021-01-12,Fresno,019,978130,83532,77651,6184,83835,796
2021-01-12,Glenn,021,27897,1954,1781,377,2158,9
2021-01-12,Humboldt,023,135768,2315,2077,7,2084,22
2021-01-12,Imperial,025,180216,25435,24566,2160,26726,457
2021-01-12,Inyo,027,18085,931,773,8,781,25
2021-01-12,Kern,029,883053,80352,75320,7047,82367,689
2021-01-12,Kings,031,150075,19266,18072,723,18795,108
2021-01-12,Lake,033,64148,2536,2260,0,2260,27
2021-01-12,Lassen,035,31185,4757,4659,70,4729,1
2021-01-12,Los Angeles,037,10098052,1004428,926295,31942,958237,12610
2021-01-12,Madera,039,155013,13403,12485,628,13113,85
2021-01-12,Marin,041,260295,11487,10960,115,11075,157
2021-01-12,Mariposa,043,17540,326,302,2,304,3
2021-01-12,Mendocino,045,87422,2994,2762,46,2808,31
2021-01-12,Merced,047,269075,23449,22172,565,22737,239
2021-01-12,Modoc,049,8938,294,274,84,358,0
2021-01-12,Mono,051,14174,1066,1008,13,1021,3
2021-01-12,Monterey,053,433212,35156,33381,1062,34443,240
2021-01-12,Napa,055,140530,7494,6936,31,6967,36
2021-01-12,Nevada,057,99092,3260,3014,122,3136,17
2021-01-12,Orange,059,3164182,210666,198260,8519,206779,2142
2021-01-12,Placer,061,380077,17766,16087,823,16910,163
2021-01-12,Plumas,063,18699,568,483,9,492,2
2021-01-12,Riverside,065,2383286,242124,225580,11434,237014,2266
2021-01-12,Sacramento,067,1510023,79726,77201,877,78078,985
2021-01-12,San Benito,069,59416,4841,4515,52,4567,35
2021-01-12,San Bernardino,071,2135413,253050,237008,7189,244197,1739
2021-01-12,San Diego,073,3302833,216130,198317,9981,208298,1898
2021-01-12,San Francisco,075,870044,28834,27531,448,27979,238
2021-01-12,San Joaquin,077,732212,56723,53630,2208,55838,725
2021-01-12,San Luis Obispo,079,281455,15827,14367,380,14747,132
2021-01-12,San Mateo,081,765935,32770,29747,203,29950,206
2021-01-12,Santa Barbara,083,443738,24369,22182,726,22908,209
2021-01-12,Santa Clara,085,1922200,91756,86075,403,86478,904
2021-01-12,Santa Cruz,087,273765,12680,11267,553,11820,110
2021-01-12,Shasta,089,179085,9628,9086,932,10018,84
2021-01-12,Sierra,091,2930,43,33,6,39,0
2021-01-12,Siskiyou,093,43540,1206,1091,164,1255,3
2021-01-12,Solano,095,438530,24871,23160,264,23424,102
2021-01-12,Sonoma,097,501317,23451,22403,121,22524,205
2021-01-12,Stanislaus,099,539301,42388,39615,4117,43732,571
2021-01-12,Sutter,101,95872,7585,7276,59,7335,73
2021-01-12,Tehama,103,63373,3836,3567,419,3986,17
2021-01-12,Trinity,105,12862,437,258,65,323,3
2021-01-12,Tulare,107,460477,41377,38797,5298,44095,509
2021-01-12,Tuolumne,109,53932,3205,3178,28,3206,28
2021-01-12,Ventura,111,848112,60068,55342,2071,57413,324
2021-01-12,Yolo,113,214977,10807,9857,103,9960,133
2021-01-12,Yuba,115,75493,4663,4389,56,4445,27
2021-01-11,Alameda,001,1643700,65833,61949,1361,63310,652
2021-01-11,Alpine,003,1148,73,70,0,70,0
2021-01-11,Amador,005,37829,2990,2867,24,2891,24
2021-01-11,Butte,007,227075,9574,8757,1236,9993,119
2021-01-11,Calaveras,009,45235,1507,1460,7,1467,21
2021-01-11,Colusa,011,21464,1568,1494,144,1638,7
2021-01-11,Contra Costa,013,1133247,51107,47728,822,48550,398
2021-01-11,Del Norte,015,27424,848,810,2,812,2
2021-01-11,El Dorado,017,186661,7717,6987,470,7457,36
2021-01-11,Fresno,019,978130,82652,76581,6107,82688,775
2021-01-11,Glenn,021,27897,1927,1763,371,2134,9
2021-01-11,Humboldt,023,135768,2276,2069,7,2076,22
2021-01-11,Imperial,025,180216,25320,24418,2123,26541,453
2021-01-11,Inyo,027,18085,913,763,8,771,25
2021-01-11,Kern,029,883053,79496,74489,6945,81434,682
2021-01-11,Kings,031,150075,19003,17909,715,18624,108
2021-01-11,Lake,033,64148,2484,2205,0,2205,26
2021-01-11,Lassen,035,31185,4734,4647,69,4716,1
2021-01-11,Los Angeles,037,10098052,991213,914434,31469,945903,12304
2021-01-11,Madera,039,155013,13270,12366,617,12983,85
2021-01-11,Marin,041,260295,11391,10814,112,10926,156
2021-01-11,Mariposa,043,17540,319,296,2,298,3
2021-01-11,Mendocino,045,87422,2966,2728,46,2774,31
2021-01-11,Merced,047,269075,23126,21884,550,22434,238
2021-01-11,Modoc,049,8938,293,271,83,354,0
2021-01-11,Mono,051,14174,1060,1006,13,1019,3
2021-01-11,Monterey,053,433212,34618,32858,999,33857,239
2021-01-11,Napa,055,140530,7392,6822,31,6853,36
2021-01-11,Nevada,057,99092,3232,2980,122,3102,17
2021-01-11,Orange,059,3164182,208085,196340,8418,204758,2113
2021-01-11,Placer,061,380077,17586,15919,813,16732,163
2021-01-11,Plumas,063,18699,564,477,9,486,2
2021-01-11,Riverside,065,2383286,238609,222907,11287,234194,2222
2021-01-11,Sacramento,067,1510023,78795,76009,861,76870,974
2021-01-11,San Benito,069,59416,4766,4482,45,4527,34
2021-01-11,San Bernardino,071,2135413,250213,235543,7090,242633,1739
2021-01-11,San Diego,073,3302833,212861,194793,9821,204614,1857
2021-01-11,San Francisco,075,870044,28559,27264,427,27691,238
2021-01-11,San Joaquin,077,732212,56113,53002,2178,55180,725
2021-01-11,San Luis Obispo,079,281455,15456,14213,372,14585,126
2021-01-11,San Mateo,081,765935,32325,29355,191,29546,206
2021-01-11,Santa Barbara,083,443738,23925,21740,709,22449,200
2021-01-11,Santa Clara,085,1922200,90553,84851,394,85245,877
2021-01-11,Santa Cruz,087,273765,12500,11093,529,11622,106
2021-01-11,Shasta,089,179085,9530,8977,919,9896,81
2021-01-11,Sierra,091,2930,41,33,6,39,0
2021-01-11,Siskiyou,093,43540,1197,1087,162,1249,3
2021-01-11,Solano,095,438530,24549,22893,259,23152,101
2021-01-11,Sonoma,097,501317,23204,22191,121,22312,205
2021-01-11,Stanislaus,099,539301,41894,39149,4065,43214,571
2021-01-11,Sutter,101,95872,7526,7204,58,7262,71
2021-01-11,Tehama,103,63373,3772,3524,397,3921,17
2021-01-11,Trinity,105,12862,437,256,65,321,2
2021-01-11,Tulare,107,460477,40962,38380,5219,43599,497
2021-01-11,Tuolumne,109,53932,3194,3165,28,3193,27
2021-01-11,Ventura,111,848112,58931,54202,2048,56250,320
2021-01-11,Yolo,113,214977,10596,9699,101,9800,129
2021-01-11,Yuba,115,75493,4625,4349,49,4398,27
2021-01-10,Alameda,001,1643700,64840,61111,1333,62444,650
2021-01-10,Alpine,003,1148,73,70,0,70,0
2021-01-10,Amador,005,37829,2966,2861,24,2885,24
2021-01-10,Butte,007,227075,9455,8665,1210,9875,119
2021-01-10,Calaveras,009,45235,1483,1449,7,1456,21
2021-01-10,Colusa,011,21464,1544,1478,143,1621,7
2021-01-10,Contra Costa,013,1133247,50320,47109,804,47913,398
2021-01-10,Del Norte,015,27424,845,809,2,811,2
2021-01-10,El Dorado,017,186661,7630,6904,452,7356,36
2021-01-10,Fresno,019,978130,81841,75621,5984,81605,775
2021-01-10,Glenn,021,27897,1908,1746,363,2109,9
2021-01-10,Humboldt,023,135768,2215,2049,7,2056,22
2021-01-10,Imperial,025,180216,25157,24233,2072,26305,453
2021-01-10,Inyo,027,18085,885,748,8,756,25
2021-01-10,Kern,029,883053,78669,73712,6813,80525,679
2021-01-10,Kings,031,150075,18784,17812,708,18520,108
2021-01-10,Lake,033,64148,2431,2174,0,2174,26
2021-01-10,Lassen,035,31185,4712,4642,69,4711,1
2021-01-10,Los Angeles,037,10098052,976624,901783,30840,932623,12170
2021-01-10,Madera,039,155013,13081,12179,602,12781,85
2021-01-10,Marin,041,260295,11270,10737,110,10847,155
2021-01-10,Mariposa,043,17540,319,291,2,293,3
2021-01-10,Mendocino,045,87422,2935,2706,42,2748,31
2021-01-10,Merced,047,269075,22852,21691,538,22229,238
2021-01-10,Modoc,049,8938,293,271,81,352,0
2021-01-10,Mono,051,14174,1042,965,13,978,3
2021-01-10,Monterey,053,433212,34178,32571,967,33538,237
2021-01-10,Napa,055,140530,7288,6687,29,6716,36
2021-01-10,Nevada,057,99092,3213,2959,118,3077,17
2021-01-10,Orange,059,3164182,205319,193766,8294,202060,2104
2021-01-10,Placer,061,380077,17399,15779,793,16572,163
2021-01-10,Plumas,063,18699,554,477,9,486,2
2021-01-10,Riverside,065,2383286,235236,219486,11097,230583,2216
2021-01-10,Sacramento,067,1510023,77835,75394,833,76227,965
2021-01-10,San Benito,069,59416,4667,4434,44,4478,34
2021-01-10,San Bernardino,071,2135413,246623,232171,6986,239157,1736
2021-01-10,San Diego,073,3302833,209195,191886,9654,201540,1857
2021-01-10,San Francisco,075,870044,28175,27054,396,27450,238
2021-01-10,San Joaquin,077,732212,55254,52535,2144,54679,725
2021-01-10,San Luis Obispo,079,281455,15127,13968,360,14328,122
2021-01-10,San Mateo,081,765935,31833,28972,177,29149,206
2021-01-10,Santa Barbara,083,443738,23373,21290,688,21978,200
2021-01-10,Santa Clara,085,1922200,89379,83779,385,84164,858
2021-01-10,Santa Cruz,087,273765,12287,10951,508,11459,106
2021-01-10,Shasta,089,179085,9418,8936,904,9840,81
2021-01-10,Sierra,091,2930,40,32,6,38,0
2021-01-10,Siskiyou,093,43540,1191,1075,159,1234,3
2021-01-10,Solano,095,438530,24148,22621,256,22877,101
2021-01-10,Sonoma,097,501317,22929,21925,120,22045,204
2021-01-10,Stanislaus,099,539301,41321,38809,3987,42796,571
2021-01-10,Sutter,101,95872,7465,7133,55,7188,71
2021-01-10,Tehama,103,63373,3698,3504,384,3888,17
2021-01-10,Trinity,105,12862,437,253,63,316,2
2021-01-10,Tulare,107,460477,40546,38012,5097,43109,497
2021-01-10,Tuolumne,109,53932,3160,3143,27,3170,27
2021-01-10,Ventura,111,848112,57663,53095,2004,55099,319
2021-01-10,Yolo,113,214977,10444,9610,100,9710,129
2021-01-10,Yuba,115,75493,4573,4300,46,4346,27
2021-01-09,Alameda,001,1643700,64319,60125,1317,61442,649
2021-01-09,Alpine,003,1148,73,70,0,70,0
2021-01-09,Amador,005,37829,2959,2809,24,2833,24
2021-01-09,Butte,007,227075,9374,8552,1186,9738,118
2021-01-09,Calaveras,009,45235,1474,1425,7,1432,21
2021-01-09,Colusa,011,21464,1538,1468,142,1610,7
2021-01-09,Contra Costa,013,1133247,49968,46406,789,47195,393
2021-01-09,Del Norte,015,27424,843,802,2,804,2
2021-01-09,El Dorado,017,186661,7598,6800,449,7249,36
2021-01-09,Fresno,019,978130,81432,74816,5944,80760,773
2021-01-09,Glenn,021,27897,1892,1707,360,2067,9
2021-01-09,Humboldt,023,135768,2197,2026,7,2033,22
2021-01-09,Imperial,025,180216,25089,24028,2058,26086,448
2021-01-09,Inyo,027,18085,875,734,8,742,25
2021-01-09,Kern,029,883053,78205,73015,6737,79752,677
2021-01-09,Kings,031,150075,18689,17679,704,18383,108
2021-01-09,Lake,033,64148,2396,2144,0,2144,26
2021-01-09,Lassen,035,31185,4700,4613,68,4681,1
2021-01-09,Los Angeles,037,10098052,971057,887949,30397,918346,12011
2021-01-09,Madera,039,155013,12990,12063,597,12660,85
2021-01-09,Marin,041,260295,11207,10634,109,10743,154
2021-01-09,Mariposa,043,17540,316,287,2,289,3
2021-01-09,Mendocino,045,87422,2917,2664,42,2706,31
2021-01-09,Merced,047,269075,22710,21357,529,21886,237
2021-01-09,Modoc,049,8938,293,271,80,351,0
2021-01-09,Mono,051,14174,1037,964,13,977,3
2021-01-09,Monterey,053,433212,34030,31948,958,32906,235
2021-01-09,Napa,055,140530,7218,6594,26,6620,36
2021-01-09,Nevada,057,99092,3191,2932,115,3047,17
2021-01-09,Orange,059,3164182,203812,191004,8201,199205,2034
2021-01-09,Placer,061,380077,17291,15609,791,16400,162
2021-01-09,Plumas,063,18699,552,477,9,486,2
2021-01-09,Riverside,065,2383286,233484,216076,10960,227036,2201
2021-01-09,Sacramento,067,1510023,77301,74482,828,75310,953
2021-01-09,San Benito,069,59416,4617,4335,44,4379,34
2021-01-09,San Bernardino,071,2135413,245436,228857,6917,235774,1714
2021-01-09,San Diego,073,3302833,207502,188598,9534,198132,1824
2021-01-09,San Francisco,075,870044,28000,26708,353,27061,235
2021-01-09,San Joaquin,077,732212,54905,51927,2124,54051,724
2021-01-09,San Luis Obispo,079,281455,15003,13647,349,13996,121
2021-01-09,San Mateo,081,765935,31535,28512,170,28682,205
2021-01-09,Santa Barbara,083,443738,23164,20971,679,21650,197
2021-01-09,Santa Clara,085,1922200,88537,82269,373,82642,808
2021-01-09,Santa Cruz,087,273765,12191,10717,503,11220,107
2021-01-09,Shasta,089,179085,9385,8893,900,9793,81
2021-01-09,Sierra,091,2930,38,32,6,38,0
2021-01-09,Siskiyou,093,43540,1187,1062,155,1217,3
2021-01-09,Solano,095,438530,23990,22226,255,22481,101
2021-01-09,Sonoma,097,501317,22808,21393,120,21513,202
2021-01-09,Stanislaus,099,539301,41031,38403,3950,42353,567
2021-01-09,Sutter,101,95872,7429,7072,54,7126,69
2021-01-09,Tehama,103,63373,3668,3451,373,3824,15
2021-01-09,Trinity,105,12862,437,252,63,315,2
2021-01-09,Tulare,107,460477,40291,37684,5031,42715,496
2021-01-09,Tuolumne,109,53932,3152,3117,26,3143,26
2021-01-09,Ventura,111,848112,56834,51988,1978,53966,306
2021-01-09,Yolo,113,214977,10372,9524,97,9621,129
2021-01-09,Yuba,115,75493,4545,4265,46,4311,27
2021-01-08,Alameda,001,1643700,63760,59172,1307,60479,646
2021-01-08,Alpine,003,1148,73,70,0,70,0
2021-01-08,Amador,005,37829,2952,2792,24,2816,24
2021-01-08,Butte,007,227075,9314,8430,1171,9601,115
2021-01-08,Calaveras,009,45235,1460,1385,7,1392,21
2021-01-08,Colusa,011,21464,1525,1448,141,1589,7
2021-01-08,Contra Costa,013,1133247,49444,45667,785,46452,381
2021-01-08,Del Norte,015,27424,841,795,2,797,2
2021-01-08,El Dorado,017,186661,7528,6690,437,7127,36
2021-01-08,Fresno,019,978130,80617,73689,5883,79572,771
2021-01-08,Glenn,021,27897,1877,1680,355,2035,9
2021-01-08,Humboldt,023,135768,2173,1988,7,1995,22
2021-01-08,Imperial,025,180216,25023,23751,2043,25794,446
2021-01-08,Inyo,027,18085,861,682,8,690,24
2021-01-08,Kern,029,883053,77642,71978,6664,78642,674
2021-01-08,Kings,031,150075,18561,17441,699,18140,108
2021-01-08,Lake,033,64148,2371,2098,0,2098,26
2021-01-08,Lassen,035,31185,4692,4598,66,4664,1
2021-01-08,Los Angeles,037,10098052,960262,871188,29964,901152,11796
2021-01-08,Madera,039,155013,12839,11846,588,12434,85
2021-01-08,Marin,041,260295,11114,10531,108,10639,153
2021-01-08,Mariposa,043,17540,315,273,2,275,3
2021-01-08,Mendocino,045,87422,2898,2634,39,2673,31
2021-01-08,Merced,047,269075,22515,20862,524,21386,236
2021-01-08,Modoc,049,8938,293,266,80,346,0
2021-01-08,Mono,051,14174,1027,951,13,964,3
2021-01-08,Monterey,053,433212,33772,31543,947,32490,224
2021-01-08,Napa,055,140530,7148,6544,26,6570,32
2021-01-08,Nevada,057,99092,3169,2888,115,3003,17
2021-01-08,Orange,059,3164182,201822,186608,8114,194722,1991
2021-01-08,Placer,061,380077,17160,15401,784,16185,161
2021-01-08,Plumas,063,18699,546,465,9,474,2
2021-01-08,Riverside,065,2383286,231082,212122,10829,222951,2184
2021-01-08,Sacramento,067,1510023,76729,73245,822,74067,939
2021-01-08,San Benito,069,59416,4580,4225,43,4268,33
2021-01-08,San Bernardino,071,2135413,243551,224267,6846,231113,1703
2021-01-08,San Diego,073,3302833,204966,185060,9440,194500,1771
2021-01-08,San Francisco,075,870044,27751,26378,329,26707,207
2021-01-08,San Joaquin,077,732212,54569,50990,2095,53085,710
2021-01-08,San Luis Obispo,079,281455,14869,13286,337,13623,119
2021-01-08,San Mateo,081,765935,31185,28072,167,28239,204
2021-01-08,Santa Barbara,083,443738,22882,20461,670,21131,189
2021-01-08,Santa Clara,085,1922200,87514,80561,370,80931,789
2021-01-08,Santa Cruz,087,273765,12050,10486,494,10980,106
2021-01-08,Shasta,089,179085,9335,8772,885,9657,81
2021-01-08,Sierra,091,2930,38,31,6,37,0
2021-01-08,Siskiyou,093,43540,1184,1027,154,1181,3
2021-01-08,Solano,095,438530,23819,21832,252,22084,100
2021-01-08,Sonoma,097,501317,22667,21178,120,21298,201
2021-01-08,Stanislaus,099,539301,40731,37858,3914,41772,566
2021-01-08,Sutter,101,95872,7379,6982,54,7036,68
2021-01-08,Tehama,103,63373,3645,3406,369,3775,15
2021-01-08,Trinity,105,12862,437,247,63,310,2
2021-01-08,Tulare,107,460477,40019,36946,4930,41876,491
2021-01-08,Tuolumne,109,53932,3144,3099,26,3125,19
2021-01-08,Ventura,111,848112,55967,50553,1954,52507,294
2021-01-08,Yolo,113,214977,10284,9391,93,9484,129
2021-01-08,Yuba,115,75493,4503,4195,45,4240,26
2021-01-07,Alameda,001,1643700,62891,57921,1280,59201,632
2021-01-07,Alpine,003,1148,71,70,0,70,0
2021-01-07,Amador,005,37829,2939,2740,23,2763,24
2021-01-07,Butte,007,227075,9217,8278,1144,9422,112
2021-01-07,Calaveras,009,45235,1443,1342,6,1348,21
2021-01-07,Colusa,011,21464,1513,1420,134,1554,7
2021-01-07,Contra Costa,013,1133247,48661,44756,768,45524,376
2021-01-07,Del Norte,015,27424,839,791,2,793,2
2021-01-07,El Dorado,017,186661,7427,6545,425,6970,36
2021-01-07,Fresno,019,978130,79660,72557,5784,78341,765
2021-01-07,Glenn,021,27897,1859,1639,345,1984,9
2021-01-07,Humboldt,023,135768,2146,1954,7,1961,22
2021-01-07,Imperial,025,180216,24831,23608,1991,25599,431
2021-01-07,Inyo,027,18085,848,656,8,664,20
2021-01-07,Kern,029,883053,76785,70953,6513,77466,660
2021-01-07,Kings,031,150075,18433,17238,690,17928,108
2021-01-07,Lake,033,64148,2316,2054,0,2054,26
2021-01-07,Lassen,035,31185,4687,4581,64,4645,1
2021-01-07,Los Angeles,037,10098052,945367,853187,29421,882608,11480
2021-01-07,Madera,039,155013,12682,11644,577,12221,76
2021-01-07,Marin,041,260295,11024,10364,106,10470,153
2021-01-07,Mariposa,043,17540,313,264,2,266,3
2021-01-07,Mendocino,045,87422,2843,2585,34,2619,30
2021-01-07,Merced,047,269075,22194,20510,508,21018,234
2021-01-07,Modoc,049,8938,293,265,80,345,0
2021-01-07,Mono,051,14174,1016,905,13,918,3
2021-01-07,Monterey,053,433212,33253,30903,922,31825,222
2021-01-07,Napa,055,140530,7038,6408,26,6434,32
2021-01-07,Nevada,057,99092,3135,2847,110,2957,17
2021-01-07,Orange,059,3164182,198979,181922,8016,189938,1974
2021-01-07,Placer,061,380077,16981,15155,755,15910,144
2021-01-07,Plumas,063,18699,544,454,9,463,2
2021-01-07,Riverside,065,2383286,227627,208177,10674,218851,2156
2021-01-07,Sacramento,067,1510023,75820,72342,801,73143,919
2021-01-07,San Benito,069,59416,4519,4112,39,4151,33
2021-01-07,San Bernardino,071,2135413,240012,219691,6764,226455,1666
2021-01-07,San Diego,073,3302833,201660,180510,9261,189771,1738
2021-01-07,San Francisco,075,870044,27418,25885,314,26199,202
2021-01-07,San Joaquin,077,732212,53884,50156,2064,52220,689
2021-01-07,San Luis Obispo,079,281455,14630,12810,324,13134,118
2021-01-07,San Mateo,081,765935,30676,27494,163,27657,201
2021-01-07,Santa Barbara,083,443738,22457,19931,657,20588,187
2021-01-07,Santa Clara,085,1922200,86300,78808,367,79175,775
2021-01-07,Santa Cruz,087,273765,11841,10228,487,10715,104
2021-01-07,Shasta,089,179085,9248,8612,877,9489,81
2021-01-07,Sierra,091,2930,38,31,6,37,0
2021-01-07,Siskiyou,093,43540,1179,1010,152,1162,3
2021-01-07,Solano,095,438530,23427,21384,248,21632,100
2021-01-07,Sonoma,097,501317,22403,20857,119,20976,200
2021-01-07,Stanislaus,099,539301,40306,37296,3863,41159,553
2021-01-07,Sutter,101,95872,7320,6890,53,6943,65
2021-01-07,Tehama,103,63373,3621,3330,361,3691,15
2021-01-07,Trinity,105,12862,437,247,63,310,2
2021-01-07,Tulare,107,460477,39618,36397,4796,41193,482
2021-01-07,Tuolumne,109,53932,3124,3068,25,3093,14
2021-01-07,Ventura,111,848112,54805,49083,1926,51009,288
2021-01-07,Yolo,113,214977,10146,9207,91,9298,128
2021-01-07,Yuba,115,75493,4461,4128,45,4173,25
2021-01-06,Alameda,001,1643700,62036,57081,1249,58330,616
2021-01-06,Alpine,003,1148,71,70,0,70,0
2021-01-06,Amador,005,37829,2918,2717,22,2739,24
2021-01-06,Butte,007,227075,9104,8147,1126,9273,110
2021-01-06,Calaveras,009,45235,1420,1321,6,1327,21
2021-01-06,Colusa,011,21464,1492,1385,129,1514,7
2021-01-06,Contra Costa,013,1133247,47856,44054,752,44806,358
2021-01-06,Del Norte,015,27424,833,780,2,782,2
2021-01-06,El Dorado,017,186661,7315,6397,412,6809,35
2021-01-06,Fresno,019,978130,78817,71404,5680,77084,752
2021-01-06,Glenn,021,27897,1833,1622,340,1962,9
2021-01-06,Humboldt,023,135768,2120,1912,7,1919,22
2021-01-06,Imperial,025,180216,24581,23400,1948,25348,431
2021-01-06,Inyo,027,18085,832,630,8,638,20
2021-01-06,Kern,029,883053,75842,69893,6382,76275,646
2021-01-06,Kings,031,150075,18235,17019,670,17689,108
2021-01-06,Lake,033,64148,2279,2033,0,2033,26
2021-01-06,Lassen,035,31185,4675,4560,60,4620,1
2021-01-06,Los Angeles,037,10098052,929430,835052,28721,863773,11285
2021-01-06,Madera,039,155013,12546,11407,571,11978,67
2021-01-06,Marin,041,260295,10895,10282,105,10387,153
2021-01-06,Mariposa,043,17540,310,259,2,261,3
2021-01-06,Mendocino,045,87422,2813,2561,34,2595,30
2021-01-06,Merced,047,269075,21857,20258,492,20750,232
2021-01-06,Modoc,049,8938,293,263,80,343,0
2021-01-06,Mono,051,14174,985,905,13,918,3
2021-01-06,Monterey,053,433212,32657,30387,889,31276,222
2021-01-06,Napa,055,140530,6908,6342,26,6368,32
2021-01-06,Nevada,057,99092,3115,2805,109,2914,15
2021-01-06,Orange,059,3164182,195525,177686,7874,185560,1935
2021-01-06,Placer,061,380077,16793,14940,737,15677,134
2021-01-06,Plumas,063,18699,536,445,9,454,2
2021-01-06,Riverside,065,2383286,223597,203714,10487,214201,2121
2021-01-06,Sacramento,067,1510023,74795,71572,784,72356,909
2021-01-06,San Benito,069,59416,4443,4031,38,4069,32
2021-01-06,San Bernardino,071,2135413,236286,215286,6656,221942,1634
2021-01-06,San Diego,073,3302833,198162,176660,9091,185751,1691
2021-01-06,San Francisco,075,870044,27046,25424,306,25730,199
2021-01-06,San Joaquin,077,732212,53125,49286,2022,51308,673
2021-01-06,San Luis Obispo,079,281455,14237,12305,317,12622,115
2021-01-06,San Mateo,081,765935,30251,27050,160,27210,200
2021-01-06,Santa Barbara,083,443738,21969,19453,647,20100,177
2021-01-06,Santa Clara,085,1922200,84893,77485,360,77845,746
2021-01-06,Santa Cruz,087,273765,11621,9954,469,10423,97
2021-01-06,Shasta,089,179085,9177,8482,870,9352,78
2021-01-06,Sierra,091,2930,37,31,6,37,0
2021-01-06,Siskiyou,093,43540,1167,998,148,1146,3
2021-01-06,Solano,095,438530,23041,21102,245,21347,99
2021-01-06,Sonoma,097,501317,22097,20558,119,20677,196
2021-01-06,Stanislaus,099,539301,39731,36751,3804,40555,553
2021-01-06,Sutter,101,95872,7239,6839,52,6891,59
2021-01-06,Tehama,103,63373,3593,3306,355,3661,15
2021-01-06,Trinity,105,12862,437,246,63,309,2
2021-01-06,Tulare,107,460477,39061,35882,4699,40581,465
2021-01-06,Tuolumne,109,53932,3104,3008,25,3033,14
2021-01-06,Ventura,111,848112,53561,47428,1902,49330,280
2021-01-06,Yolo,113,214977,9984,9083,88,9171,127
2021-01-06,Yuba,115,75493,4412,4097,45,4142,25
2021-01-05,Alameda,001,1643700,60915,56432,1214,57646,602
2021-01-05,Alpine,003,1148,71,70,0,70,0
2021-01-05,Amador,005,37829,2878,2695,22,2717,24
2021-01-05,Butte,007,227075,8964,8008,1100,9108,107
2021-01-05,Calaveras,009,45235,1374,1292,6,1298,21
2021-01-05,Colusa,011,21464,1467,1376,123,1499,7
2021-01-05,Contra Costa,013,1133247,46971,43442,741,44183,353
2021-01-05,Del Norte,015,27424,826,770,2,772,2
2021-01-05,El Dorado,017,186661,7197,6270,391,6661,32
2021-01-05,Fresno,019,978130,77594,70971,5586,76557,741
2021-01-05,Glenn,021,27897,1810,1608,324,1932,9
2021-01-05,Humboldt,023,135768,2084,1884,7,1891,22
2021-01-05,Imperial,025,180216,24408,23165,1903,25068,421
2021-01-05,Inyo,027,18085,818,627,8,635,20
2021-01-05,Kern,029,883053,74765,68257,6243,74500,624
2021-01-05,Kings,031,150075,18036,16860,647,17507,108
2021-01-05,Lake,033,64148,2232,2015,0,2015,25
2021-01-05,Lassen,035,31185,4660,4554,56,4610,1
2021-01-05,Los Angeles,037,10098052,910707,823783,28046,851829,11028
2021-01-05,Madera,039,155013,12370,11359,558,11917,67
2021-01-05,Marin,041,260295,10741,10214,103,10317,151
2021-01-05,Mariposa,043,17540,304,257,2,259,3
2021-01-05,Mendocino,045,87422,2777,2501,34,2535,30
2021-01-05,Merced,047,269075,21506,20051,480,20531,230
2021-01-05,Modoc,049,8938,293,254,80,334,0
2021-01-05,Mono,051,14174,979,896,13,909,3
2021-01-05,Monterey,053,433212,32092,30045,855,30900,213
2021-01-05,Napa,055,140530,6821,6264,26,6290,29
2021-01-05,Nevada,057,99092,3087,2781,107,2888,15
2021-01-05,Orange,059,3164182,191887,174869,7678,182547,1918
2021-01-05,Placer,061,380077,16570,14723,714,15437,133
2021-01-05,Plumas,063,18699,529,428,9,437,2
2021-01-05,Riverside,065,2383286,219463,200439,10314,210753,2069
2021-01-05,Sacramento,067,1510023,73866,70677,758,71435,888
2021-01-05,San Benito,069,59416,4341,3961,36,3997,28
2021-01-05,San Bernardino,071,2135413,232348,212522,6542,219064,1615
2021-01-05,San Diego,073,3302833,194023,172845,8877,181722,1654
2021-01-05,San Francisco,075,870044,26682,24989,288,25277,196
2021-01-05,San Joaquin,077,732212,52250,48969,1973,50942,663
2021-01-05,San Luis Obispo,079,281455,13838,12027,307,12334,106
2021-01-05,San Mateo,081,765935,29767,26486,158,26644,198
2021-01-05,Santa Barbara,083,443738,21525,19063,637,19700,172
2021-01-05,Santa Clara,085,1922200,83358,76355,347,76702,729
2021-01-05,Santa Cruz,087,273765,11348,9753,445,10198,93
2021-01-05,Shasta,089,179085,9070,8345,852,9197,73
2021-01-05,Sierra,091,2930,37,31,6,37,0
2021-01-05,Siskiyou,093,43540,1155,985,146,1131,3
2021-01-05,Solano,095,438530,22634,20860,240,21100,97
2021-01-05,Sonoma,097,501317,21735,20247,118,20365,194
2021-01-05,Stanislaus,099,539301,39182,36363,3754,40117,553
2021-01-05,Sutter,101,95872,7142,6769,51,6820,59
2021-01-05,Tehama,103,63373,3537,3255,350,3605,9
2021-01-05,Trinity,105,12862,437,246,63,309,2
2021-01-05,Tulare,107,460477,38438,35585,4553,40138,455
2021-01-05,Tuolumne,109,53932,3080,2996,20,3016,13
2021-01-05,Ventura,111,848112,52314,46456,1880,48336,264
2021-01-05,Yolo,113,214977,9808,8980,87,9067,127
2021-01-05,Yuba,115,75493,4353,4053,44,4097,21
2021-01-04,Alameda,001,1643700,59680,55899,1181,57080,583
2021-01-04,Alpine,003,1148,71,68,0,68,0
2021-01-04,Amador,005,37829,2838,2596,22,2618,24
2021-01-04,Butte,007,227075,8805,7893,1076,8969,105
2021-01-04,Calaveras,009,45235,1333,1276,5,1281,21
2021-01-04,Colusa,011,21464,1442,1368,109,1477,7
2021-01-04,Contra Costa,013,1133247,46115,43019,715,43734,353
2021-01-04,Del Norte,015,27424,817,770,2,772,2
2021-01-04,El Dorado,017,186661,7063,6152,375,6527,27
2021-01-04,Fresno,019,978130,76325,69871,5488,75359,726
2021-01-04,Glenn,021,27897,1777,1590,319,1909,9
2021-01-04,Humboldt,023,135768,2048,1845,7,1852,22
2021-01-04,Imperial,025,180216,24255,23035,1850,24885,420
2021-01-04,Inyo,027,18085,791,623,8,631,20
2021-01-04,Kern,029,883053,73680,67418,6046,73464,623
2021-01-04,Kings,031,150075,17759,16801,622,17423,108
2021-01-04,Lake,033,64148,2193,1984,0,1984,25
2021-01-04,Lassen,035,31185,4638,4550,55,4605,1
2021-01-04,Los Angeles,037,10098052,890604,813022,27168,840190,10790
2021-01-04,Madera,039,155013,12150,11204,536,11740,67
2021-01-04,Marin,041,260295,10605,10115,100,10215,151
2021-01-04,Mariposa,043,17540,298,253,2,255,3
2021-01-04,Mendocino,045,87422,2737,2460,30,2490,28
2021-01-04,Merced,047,269075,21091,19804,461,20265,230
2021-01-04,Modoc,049,8938,277,250,78,328,0
2021-01-04,Mono,051,14174,968,895,13,908,3
2021-01-04,Monterey,053,433212,31463,29659,832,30491,212
2021-01-04,Napa,055,140530,6680,6187,26,6213,29
2021-01-04,Nevada,057,99092,3049,2765,104,2869,15
2021-01-04,Orange,059,3164182,187997,172458,7551,180009,1918
2021-01-04,Placer,061,380077,16311,14622,701,15323,133
2021-01-04,Plumas,063,18699,519,419,9,428,1
2021-01-04,Riverside,065,2383286,214912,196809,10123,206932,2066
2021-01-04,Sacramento,067,1510023,72812,70164,748,70912,870
2021-01-04,San Benito,069,59416,4228,3914,36,3950,28
2021-01-04,San Bernardino,071,2135413,228119,210868,6391,217259,1615
2021-01-04,San Diego,073,3302833,189449,171031,8681,179712,1598
2021-01-04,San Francisco,075,870044,26296,24753,282,25035,191
2021-01-04,San Joaquin,077,732212,51350,48644,1932,50576,661
2021-01-04,San Luis Obispo,079,281455,13352,11945,299,12244,96
2021-01-04,San Mateo,081,765935,29203,26150,153,26303,198
2021-01-04,Santa Barbara,083,443738,21004,18735,606,19341,165
2021-01-04,Santa Clara,085,1922200,81611,75297,339,75636,727
2021-01-04,Santa Cruz,087,273765,11061,9680,428,10108,85
2021-01-04,Shasta,089,179085,8965,8224,835,9059,72
2021-01-04,Sierra,091,2930,36,30,6,36,0
2021-01-04,Siskiyou,093,43540,1138,980,143,1123,3
2021-01-04,Solano,095,438530,22131,20588,233,20821,97
2021-01-04,Sonoma,097,501317,21395,20210,117,20327,194
2021-01-04,Stanislaus,099,539301,38618,36141,3699,39840,553
2021-01-04,Sutter,101,95872,7046,6712,50,6762,56
2021-01-04,Tehama,103,63373,3463,3190,345,3535,9
2021-01-04,Trinity,105,12862,434,245,63,308,2
2021-01-04,Tulare,107,460477,37879,35060,4450,39510,455
2021-01-04,Tuolumne,109,53932,3055,2987,20,3007,13
2021-01-04,Ventura,111,848112,50813,45014,1860,46874,255
2021-01-04,Yolo,113,214977,9611,8834,81,8915,121
2021-01-04,Yuba,115,75493,4295,4023,44,4067,21
2021-01-03,Alameda,001,1643700,58435,55082,1151,56233,580
2021-01-03,Alpine,003,1148,69,68,0,68,0
2021-01-03,Amador,005,37829,2774,2565,22,2587,24
2021-01-03,Butte,007,227075,8613,7837,1024,8861,105
2021-01-03,Calaveras,009,45235,1296,1249,3,1252,21
2021-01-03,Colusa,011,21464,1413,1337,103,1440,7
2021-01-03,Contra Costa,013,1133247,45227,42432,690,43122,352
2021-01-03,Del Norte,015,27424,804,768,2,770,2
2021-01-03,El Dorado,017,186661,6935,6034,358,6392,27
2021-01-03,Fresno,019,978130,75175,69326,5368,74694,719
2021-01-03,Glenn,021,27897,1751,1581,313,1894,9
2021-01-03,Humboldt,023,135768,2011,1833,7,1840,21
2021-01-03,Imperial,025,180216,23994,22951,1771,24722,419
2021-01-03,Inyo,027,18085,774,615,8,623,20
2021-01-03,Kern,029,883053,72422,66895,5869,72764,609
2021-01-03,Kings,031,150075,17483,16593,592,17185,108
2021-01-03,Lake,033,64148,2140,1976,0,1976,24
2021-01-03,Lassen,035,31185,4605,4531,54,4585,1
2021-01-03,Los Angeles,037,10098052,868589,792168,26095,818263,10633
2021-01-03,Madera,039,155013,11928,11152,513,11665,67
2021-01-03,Marin,041,260295,10456,10034,96,10130,150
2021-01-03,Mariposa,043,17540,291,248,2,250,3
2021-01-03,Mendocino,045,87422,2697,2445,29,2474,24
2021-01-03,Merced,047,269075,20622,19600,434,20034,230
2021-01-03,Modoc,049,8938,273,245,77,322,0
2021-01-03,Mono,051,14174,943,893,13,906,3
2021-01-03,Monterey,053,433212,30883,29357,799,30156,191
2021-01-03,Napa,055,140530,6579,6094,26,6120,29
2021-01-03,Nevada,057,99092,2988,2742,101,2843,15
2021-01-03,Orange,059,3164182,183808,169881,7358,177239,1919
2021-01-03,Placer,061,380077,16062,14319,677,14996,133
2021-01-03,Plumas,063,18699,506,416,9,425,1
2021-01-03,Riverside,065,2383286,210035,195048,9876,204924,2005
2021-01-03,Sacramento,067,1510023,71605,68558,727,69285,859
2021-01-03,San Benito,069,59416,4131,3882,35,3917,28
2021-01-03,San Bernardino,071,2135413,222854,208294,6218,214512,1592
2021-01-03,San Diego,073,3302833,184188,168018,8453,176471,1592
2021-01-03,San Francisco,075,870044,25799,24588,265,24853,193
2021-01-03,San Joaquin,077,732212,50227,47899,1874,49773,661
2021-01-03,San Luis Obispo,079,281455,12882,11636,290,11926,95
2021-01-03,San Mateo,081,765935,28609,25770,146,25916,196
2021-01-03,Santa Barbara,083,443738,20273,18267,589,18856,164
2021-01-03,Santa Clara,085,1922200,80059,74534,333,74867,720
2021-01-03,Santa Cruz,087,273765,10757,9528,412,9940,84
2021-01-03,Shasta,089,179085,8839,8192,795,8987,72
2021-01-03,Sierra,091,2930,36,30,6,36,0
2021-01-03,Siskiyou,093,43540,1105,976,134,1110,3
2021-01-03,Solano,095,438530,21599,20105,227,20332,97
2021-01-03,Sonoma,097,501317,21007,19982,113,20095,193
2021-01-03,Stanislaus,099,539301,37924,35762,3614,39376,553
2021-01-03,Sutter,101,95872,6949,6664,49,6713,53
2021-01-03,Tehama,103,63373,3406,3176,337,3513,9
2021-01-03,Trinity,105,12862,429,243,61,304,2
2021-01-03,Tulare,107,460477,37317,34747,4302,39049,455
2021-01-03,Tuolumne,109,53932,2995,2978,17,2995,13
2021-01-03,Ventura,111,848112,48990,43748,1842,45590,254
2021-01-03,Yolo,113,214977,9453,8674,77,8751,121
2021-01-03,Yuba,115,75493,4241,3966,43,4009,20
2021-01-02,Alameda,001,1643700,57811,54518,1122,55640,581
2021-01-02,Alpine,003,1148,69,68,0,68,0
2021-01-02,Amador,005,37829,2755,2540,22,2562,24
2021-01-02,Butte,007,227075,8506,7750,1005,8755,105
2021-01-02,Calaveras,009,45235,1276,1230,3,1233,21
2021-01-02,Colusa,011,21464,1403,1332,102,1434,7
2021-01-02,Contra Costa,013,1133247,44704,41993,679,42672,352
2021-01-02,Del Norte,015,27424,802,764,2,766,2
2021-01-02,El Dorado,017,186661,6880,5959,354,6313,27
2021-01-02,Fresno,019,978130,74632,68740,5255,73995,717
2021-01-02,Glenn,021,27897,1734,1546,312,1858,9
2021-01-02,Humboldt,023,135768,1984,1815,7,1822,21
2021-01-02,Imperial,025,180216,23913,22867,1734,24601,420
2021-01-02,Inyo,027,18085,761,609,8,617,20
2021-01-02,Kern,029,883053,71702,66457,5757,72214,610
2021-01-02,Kings,031,150075,17389,16515,588,17103,108
2021-01-02,Lake,033,64148,2102,1925,0,1925,24
2021-01-02,Lassen,035,31185,4594,4457,53,4510,1
2021-01-02,Los Angeles,037,10098052,860229,791892,25393,817285,10633
2021-01-02,Madera,039,155013,11817,11039,502,11541,67
2021-01-02,Marin,041,260295,10410,9924,93,10017,151
2021-01-02,Mariposa,043,17540,284,243,2,245,3
2021-01-02,Mendocino,045,87422,2654,2428,28,2456,24
2021-01-02,Merced,047,269075,20480,19395,417,19812,230
2021-01-02,Modoc,049,8938,272,245,77,322,0
2021-01-02,Mono,051,14174,932,884,13,897,3
2021-01-02,Monterey,053,433212,30680,28991,788,29779,191
2021-01-02,Napa,055,140530,6520,5994,26,6020,29
2021-01-02,Nevada,057,99092,2959,2706,97,2803,15
2021-01-02,Orange,059,3164182,181604,168457,7209,175666,1918
2021-01-02,Placer,061,380077,15889,14182,668,14850,133
2021-01-02,Plumas,063,18699,503,413,9,422,1
2021-01-02,Riverside,065,2383286,207399,192069,9651,201720,2008
2021-01-02,Sacramento,067,1510023,70970,67810,710,68520,858
2021-01-02,San Benito,069,59416,4048,3829,35,3864,28
2021-01-02,San Bernardino,071,2135413,221234,206939,6093,213032,1597
2021-01-02,San Diego,073,3302833,181589,164498,8256,172754,1592
2021-01-02,San Francisco,075,870044,25539,24414,258,24672,194
2021-01-02,San Joaquin,077,732212,49849,47310,1844,49154,662
2021-01-02,San Luis Obispo,079,281455,12746,11467,284,11751,95
2021-01-02,San Mateo,081,765935,28273,25483,138,25621,196
2021-01-02,Santa Barbara,083,443738,19984,18135,586,18721,164
2021-01-02,Santa Clara,085,1922200,78895,73662,326,73988,720
2021-01-02,Santa Cruz,087,273765,10602,9340,403,9743,85
2021-01-02,Shasta,089,179085,8773,8154,784,8938,72
2021-01-02,Sierra,091,2930,36,28,6,34,0
2021-01-02,Siskiyou,093,43540,1094,949,132,1081,3
2021-01-02,Solano,095,438530,21403,19805,217,20022,97
2021-01-02,Sonoma,097,501317,20842,19761,113,19874,194
2021-01-02,Stanislaus,099,539301,37595,35431,3548,38979,553
2021-01-02,Sutter,101,95872,6897,6621,49,6670,53
2021-01-02,Tehama,103,63373,3380,3146,333,3479,9
2021-01-02,Trinity,105,12862,426,243,61,304,2
2021-01-02,Tulare,107,460477,37000,34479,4227,38706,455
2021-01-02,Tuolumne,109,53932,2981,2942,15,2957,13
2021-01-02,Ventura,111,848112,47836,43397,1807,45204,254
2021-01-02,Yolo,113,214977,9357,8571,75,8646,122
2021-01-02,Yuba,115,75493,4202,3930,42,3972,21
2021-01-01,Alameda,001,1643700,57150,53518,1106,54624,579
2021-01-01,Alpine,003,1148,69,68,0,68,0
2021-01-01,Amador,005,37829,2729,2513,20,2533,24
2021-01-01,Butte,007,227075,8405,7589,980,8569,105
2021-01-01,Calaveras,009,45235,1261,1186,3,1189,21
2021-01-01,Colusa,011,21464,1394,1314,100,1414,7
2021-01-01,Contra Costa,013,1133247,44227,41412,660,42072,351
2021-01-01,Del Norte,015,27424,796,758,2,760,2
2021-01-01,El Dorado,017,186661,6788,5832,346,6178,27
2021-01-01,Fresno,019,978130,73559,67484,5169,72653,717
2021-01-01,Glenn,021,27897,1717,1520,303,1823,9
2021-01-01,Humboldt,023,135768,1945,1783,7,1790,21
2021-01-01,Imperial,025,180216,23827,22715,1683,24398,418
2021-01-01,Inyo,027,18085,737,606,8,614,20
2021-01-01,Kern,029,883053,70876,65571,5649,71220,609
2021-01-01,Kings,031,150075,17206,16358,581,16939,108
2021-01-01,Lake,033,64148,2070,1888,0,1888,24
2021-01-01,Lassen,035,31185,4588,4377,53,4430,1
2021-01-01,Los Angeles,037,10098052,846038,775578,24694,800272,10515
2021-01-01,Madera,039,155013,11657,10752,493,11245,66
2021-01-01,Marin,041,260295,10304,9821,93,9914,148
2021-01-01,Mariposa,043,17540,276,236,2,238,3
2021-01-01,Mendocino,045,87422,2600,2400,28,2428,24
2021-01-01,Merced,047,269075,20296,19118,401,19519,229
2021-01-01,Modoc,049,8938,272,241,77,318,0
2021-01-01,Mono,051,14174,914,884,12,896,3
2021-01-01,Monterey,053,433212,30456,28465,780,29245,191
2021-01-01,Napa,055,140530,6434,5899,26,5925,28
2021-01-01,Nevada,057,99092,2935,2663,97,2760,15
2021-01-01,Orange,059,3164182,178806,165440,7065,172505,1893
2021-01-01,Placer,061,380077,15699,13987,652,14639,133
2021-01-01,Plumas,063,18699,498,412,9,421,1
2021-01-01,Riverside,065,2383286,204220,188674,9394,198068,1990
2021-01-01,Sacramento,067,1510023,70372,66956,693,67649,848
2021-01-01,San Benito,069,59416,4010,3773,35,3808,28
2021-01-01,San Bernardino,071,2135413,218429,203651,5961,209612,1590
2021-01-01,San Diego,073,3302833,178516,160071,8077,168148,1592
2021-01-01,San Francisco,075,870044,25263,24145,247,24392,187
2021-01-01,San Joaquin,077,732212,49562,46640,1798,48438,657
2021-01-01,San Luis Obispo,079,281455,12518,11160,276,11436,94
2021-01-01,San Mateo,081,765935,27825,25041,134,25175,194
2021-01-01,Santa Barbara,083,443738,19664,17759,576,18335,164
2021-01-01,Santa Clara,085,1922200,77632,71904,321,72225,680
2021-01-01,Santa Cruz,087,273765,10422,9146,393,9539,84
2021-01-01,Shasta,089,179085,8692,8102,767,8869,72
2021-01-01,Sierra,091,2930,36,26,6,32,0
2021-01-01,Siskiyou,093,43540,1080,944,127,1071,3
2021-01-01,Solano,095,438530,21191,19393,215,19608,97
2021-01-01,Sonoma,097,501317,20649,19513,113,19626,189
2021-01-01,Stanislaus,099,539301,37306,34978,3484,38462,553
2021-01-01,Sutter,101,95872,6840,6553,48,6601,52
2021-01-01,Tehama,103,63373,3321,3079,327,3406,9
2021-01-01,Trinity,105,12862,426,243,61,304,2
2021-01-01,Tulare,107,460477,36596,33994,4132,38126,454
2021-01-01,Tuolumne,109,53932,2965,2909,15,2924,13
2021-01-01,Ventura,111,848112,46343,42026,1780,43806,253
2021-01-01,Yolo,113,214977,9235,8461,72,8533,120
2021-01-01,Yuba,115,75493,4148,3845,41,3886,19
2020-12-31,Alameda,001,1643700,56608,52475,1074,53549,579
2020-12-31,Alpine,003,1148,69,66,0,66,0
2020-12-31,Amador,005,37829,2715,2493,20,2513,24
2020-12-31,Butte,007,227075,8331,7405,961,8366,105
2020-12-31,Calaveras,009,45235,1250,1161,3,1164,21
2020-12-31,Colusa,011,21464,1386,1301,97,1398,7
2020-12-31,Contra Costa,013,1133247,43850,40512,645,41157,336
2020-12-31,Del Norte,015,27424,795,748,2,750,2
2020-12-31,El Dorado,017,186661,6736,5662,337,5999,26
2020-12-31,Fresno,019,978130,73124,66442,5106,71548,711
2020-12-31,Glenn,021,27897,1690,1484,295,1779,9
2020-12-31,Humboldt,023,135768,1928,1713,7,1720,21
2020-12-31,Imperial,025,180216,23762,22494,1667,24161,417
2020-12-31,Inyo,027,18085,729,591,8,599,20
2020-12-31,Kern,029,883053,70406,64904,5557,70461,609
2020-12-31,Kings,031,150075,17131,16077,573,16650,108
2020-12-31,Lake,033,64148,2056,1848,0,1848,23
2020-12-31,Lassen,035,31185,4582,4340,52,4392,1
2020-12-31,Los Angeles,037,10098052,840712,755844,24227,780071,10320
2020-12-31,Madera,039,155013,11584,10609,485,11094,64
2020-12-31,Marin,041,260295,10261,9731,92,9823,148
2020-12-31,Mariposa,043,17540,274,217,2,219,3
2020-12-31,Mendocino,045,87422,2585,2367,24,2391,24
2020-12-31,Merced,047,269075,20206,18808,391,19199,226
2020-12-31,Modoc,049,8938,272,238,77,315,0
2020-12-31,Mono,051,14174,906,868,12,880,3
2020-12-31,Monterey,053,433212,30254,27720,768,28488,188
2020-12-31,Napa,055,140530,6371,5801,26,5827,28
2020-12-31,Nevada,057,99092,2912,2619,95,2714,15
2020-12-31,Orange,059,3164182,176924,161586,6932,168518,1866
2020-12-31,Placer,061,380077,15543,13708,649,14357,126
2020-12-31,Plumas,063,18699,493,401,8,409,1
2020-12-31,Riverside,065,2383286,202556,184193,9261,193454,1958
2020-12-31,Sacramento,067,1510023,69842,65817,682,66499,830
2020-12-31,San Benito,069,59416,3986,3673,35,3708,28
2020-12-31,San Bernardino,071,2135413,216841,199115,5891,205006,1586
2020-12-31,San Diego,073,3302833,176753,155593,7978,163571,1534
2020-12-31,San Francisco,075,870044,25035,23740,240,23980,183
2020-12-31,San Joaquin,077,732212,49250,45764,1760,47524,646
2020-12-31,San Luis Obispo,079,281455,12404,10846,276,11122,89
2020-12-31,San Mateo,081,765935,27496,24570,128,24698,192
2020-12-31,Santa Barbara,083,443738,19420,17434,569,18003,161
2020-12-31,Santa Clara,085,1922200,76850,70032,316,70348,665
2020-12-31,Santa Cruz,087,273765,10304,8909,381,9290,84
2020-12-31,Shasta,089,179085,8626,7996,757,8753,69
2020-12-31,Sierra,091,2930,36,26,6,32,0
2020-12-31,Siskiyou,093,43540,1064,940,124,1064,3
2020-12-31,Solano,095,438530,20962,18942,214,19156,97
2020-12-31,Sonoma,097,501317,20529,19129,112,19241,188
2020-12-31,Stanislaus,099,539301,37005,34398,3433,37831,552
2020-12-31,Sutter,101,95872,6809,6432,48,6480,51
2020-12-31,Tehama,103,63373,3289,3036,326,3362,9
2020-12-31,Trinity,105,12862,425,241,61,302,2
2020-12-31,Tulare,107,460477,36428,33412,4069,37481,446
2020-12-31,Tuolumne,109,53932,2956,2902,15,2917,12
2020-12-31,Ventura,111,848112,45833,40854,1763,42617,251
2020-12-31,Yolo,113,214977,9150,8295,71,8366,117
2020-12-31,Yuba,115,75493,4107,3799,40,3839,18
2020-12-30,Alameda,001,1643700,55841,50158,1023,51181,573
2020-12-30,Alpine,003,1148,69,66,0,66,0
2020-12-30,Amador,005,37829,2695,2418,19,2437,24
2020-12-30,Butte,007,227075,8170,7140,944,8084,103
2020-12-30,Calaveras,009,45235,1225,1135,3,1138,21
2020-12-30,Colusa,011,21464,1370,1289,91,1380,7
2020-12-30,Contra Costa,013,1133247,43266,39601,633,40234,337
2020-12-30,Del Norte,015,27424,790,726,2,728,2
2020-12-30,El Dorado,017,186661,6635,5595,327,5922,27
2020-12-30,Fresno,019,978130,72277,65566,4952,70518,711
2020-12-30,Glenn,021,27897,1659,1471,282,1753,9
2020-12-30,Humboldt,023,135768,1894,1654,7,1661,22
2020-12-30,Imperial,025,180216,23595,22098,1591,23689,412
2020-12-30,Inyo,027,18085,722,572,8,580,20
2020-12-30,Kern,029,883053,69678,63292,5413,68705,604
2020-12-30,Kings,031,150075,17012,15862,565,16427,108
2020-12-30,Lake,033,64148,2033,1731,0,1731,23
2020-12-30,Lassen,035,31185,4573,4300,52,4352,1
2020-12-30,Los Angeles,037,10098052,829816,741907,23529,765436,10046
2020-12-30,Madera,039,155013,11474,10249,474,10723,65
2020-12-30,Marin,041,260295,10171,9569,85,9654,148
2020-12-30,Mariposa,043,17540,270,214,2,216,3
2020-12-30,Mendocino,045,87422,2567,2291,21,2312,24
2020-12-30,Merced,047,269075,19915,18519,381,18900,225
2020-12-30,Modoc,049,8938,269,234,77,311,0
2020-12-30,Mono,051,14174,903,868,12,880,3
2020-12-30,Monterey,053,433212,29624,26977,746,27723,186
2020-12-30,Napa,055,140530,6265,5754,26,5780,28
2020-12-30,Nevada,057,99092,2877,2595,93,2688,15
2020-12-30,Orange,059,3164182,174267,153951,6742,160693,1863
2020-12-30,Placer,061,380077,15312,13540,637,14177,127
2020-12-30,Plumas,063,18699,488,397,8,405,1
2020-12-30,Riverside,065,2383286,199605,176402,9076,185478,1919
2020-12-30,Sacramento,067,1510023,68969,64119,664,64783,847
2020-12-30,San Benito,069,59416,3905,3464,31,3495,29
2020-12-30,San Bernardino,071,2135413,214275,192648,5805,198453,1591
2020-12-30,San Diego,073,3302833,173120,152510,7803,160313,1472
2020-12-30,San Francisco,075,870044,24742,23099,235,23334,182
2020-12-30,San Joaquin,077,732212,48559,44465,1718,46183,634
2020-12-30,San Luis Obispo,079,281455,12136,10542,268,10810,89
2020-12-30,San Mateo,081,765935,27067,24150,124,24274,190
2020-12-30,Santa Barbara,083,443738,19020,16895,547,17442,161
2020-12-30,Santa Clara,085,1922200,75593,67218,312,67530,661
2020-12-30,Santa Cruz,087,273765,10108,8787,372,9159,86
2020-12-30,Shasta,089,179085,8512,7818,743,8561,69
2020-12-30,Sierra,091,2930,36,25,6,31,0
2020-12-30,Siskiyou,093,43540,1057,913,115,1028,3
2020-12-30,Solano,095,438530,20570,18300,211,18511,96
2020-12-30,Sonoma,097,501317,20270,18947,112,19059,191
2020-12-30,Stanislaus,099,539301,36536,33730,3359,37089,526
2020-12-30,Sutter,101,95872,6748,6328,46,6374,51
2020-12-30,Tehama,103,63373,3245,2969,322,3291,9
2020-12-30,Trinity,105,12862,424,231,60,291,2
2020-12-30,Tulare,107,460477,35878,32413,4004,36417,430
2020-12-30,Tuolumne,109,53932,2946,2772,13,2785,12
2020-12-30,Ventura,111,848112,44545,39039,1739,40778,251
2020-12-30,Yolo,113,214977,9042,8067,69,8136,117
2020-12-30,Yuba,115,75493,4036,3612,40,3652,18
2020-12-29,Alameda,001,1643700,54785,50946,988,51934,552
2020-12-29,Alpine,003,1148,69,65,0,65,0
2020-12-29,Amador,005,37829,2643,2388,18,2406,23
2020-12-29,Butte,007,227075,7997,7178,922,8100,98
2020-12-29,Calaveras,009,45235,1180,1111,2,1113,21
2020-12-29,Colusa,011,21464,1349,1272,86,1358,7
2020-12-29,Contra Costa,013,1133247,42466,39225,602,39827,325
2020-12-29,Del Norte,015,27424,783,724,2,726,2
2020-12-29,El Dorado,017,186661,6506,5551,314,5865,22
2020-12-29,Fresno,019,978130,70901,65149,4796,69945,688
2020-12-29,Glenn,021,27897,1625,1454,275,1729,9
2020-12-29,Humboldt,023,135768,1847,1616,7,1623,19
2020-12-29,Imperial,025,180216,23384,22105,1505,23610,407
2020-12-29,Inyo,027,18085,705,571,8,579,19
2020-12-29,Kern,029,883053,68510,63096,5242,68338,589
2020-12-29,Kings,031,150075,16843,15777,553,16330,108
2020-12-29,Lake,033,64148,2002,1805,0,1805,22
2020-12-29,Lassen,035,31185,4558,4288,52,4340,1
2020-12-29,Los Angeles,037,10098052,809633,731907,22662,754569,9786
2020-12-29,Madera,039,155013,11161,10251,459,10710,64
2020-12-29,Marin,041,260295,10019,9595,82,9677,146
2020-12-29,Mariposa,043,17540,262,212,2,214,3
2020-12-29,Mendocino,045,87422,2524,2249,20,2269,24
2020-12-29,Merced,047,269075,19565,18464,365,18829,221
2020-12-29,Modoc,049,8938,266,232,77,309,0
2020-12-29,Mono,051,14174,894,868,12,880,3
2020-12-29,Monterey,053,433212,28972,26894,719,27613,185
2020-12-29,Napa,055,140530,6147,5663,26,5689,28
2020-12-29,Nevada,057,99092,2829,2550,92,2642,15
2020-12-29,Orange,059,3164182,170472,154411,6574,160985,1839
2020-12-29,Placer,061,380077,15100,13392,615,14007,126
2020-12-29,Plumas,063,18699,479,395,8,403,1
2020-12-29,Riverside,065,2383286,195001,177624,8822,186446,1904
2020-12-29,Sacramento,067,1510023,67917,65078,650,65728,820
2020-12-29,San Benito,069,59416,3786,3474,30,3504,25
2020-12-29,San Bernardino,071,2135413,209455,190476,5668,196144,1557
2020-12-29,San Diego,073,3302833,168897,150062,7572,157634,1435
2020-12-29,San Francisco,075,870044,24402,22996,227,23223,178
2020-12-29,San Joaquin,077,732212,47636,44699,1663,46362,622
2020-12-29,San Luis Obispo,079,281455,11840,10387,260,10647,80
2020-12-29,San Mateo,081,765935,26525,23773,112,23885,189
2020-12-29,Santa Barbara,083,443738,18551,16797,521,17318,155
2020-12-29,Santa Clara,085,1922200,74041,67581,309,67890,621
2020-12-29,Santa Cruz,087,273765,9838,8492,363,8855,84
2020-12-29,Shasta,089,179085,8408,7782,728,8510,65
2020-12-29,Sierra,091,2930,34,24,5,29,0
2020-12-29,Siskiyou,093,43540,1042,926,113,1039,3
2020-12-29,Solano,095,438530,20188,18412,206,18618,96
2020-12-29,Sonoma,097,501317,19934,18790,110,18900,187
2020-12-29,Stanislaus,099,539301,36055,33775,3293,37068,508
2020-12-29,Sutter,101,95872,6680,6302,46,6348,50
2020-12-29,Tehama,103,63373,3176,2962,308,3270,9
2020-12-29,Trinity,105,12862,423,241,60,301,2
2020-12-29,Tulare,107,460477,35218,32545,3872,36417,419
2020-12-29,Tuolumne,109,53932,2905,2797,13,2810,12
2020-12-29,Ventura,111,848112,43291,38669,1713,40382,235
2020-12-29,Yolo,113,214977,8913,8124,67,8191,111
2020-12-29,Yuba,115,75493,3954,3723,40,3763,18
2020-12-28,Alameda,001,1643700,53759,50405,968,51373,551
2020-12-28,Alpine,003,1148,68,65,0,65,0
2020-12-28,Amador,005,37829,2573,2255,18,2273,23
2020-12-28,Butte,007,227075,7830,7053,892,7945,86
2020-12-28,Calaveras,009,45235,1157,1102,2,1104,21
2020-12-28,Colusa,011,21464,1324,1255,72,1327,7
2020-12-28,Contra Costa,013,1133247,41526,38872,575,39447,324
2020-12-28,Del Norte,015,27424,773,718,2,720,2
2020-12-28,El Dorado,017,186661,6350,5441,302,5743,18
2020-12-28,Fresno,019,978130,69629,64274,4645,68919,679
2020-12-28,Glenn,021,27897,1591,1435,263,1698,9
2020-12-28,Humboldt,023,135768,1812,1579,7,1586,19
2020-12-28,Imperial,025,180216,23125,22003,1432,23435,405
2020-12-28,Inyo,027,18085,698,569,8,577,19
2020-12-28,Kern,029,883053,67442,62392,5038,67430,579
2020-12-28,Kings,031,150075,16626,15733,536,16269,108
2020-12-28,Lake,033,64148,1961,1785,0,1785,22
2020-12-28,Lassen,035,31185,4451,4284,51,4335,1
2020-12-28,Los Angeles,037,10098052,787290,720699,21847,742546,9544
2020-12-28,Madera,039,155013,10987,10123,436,10559,64
2020-12-28,Marin,041,260295,9911,9546,76,9622,145
2020-12-28,Mariposa,043,17540,238,211,2,213,3
2020-12-28,Mendocino,045,87422,2489,2214,20,2234,23
2020-12-28,Merced,047,269075,19244,18245,346,18591,213
2020-12-28,Modoc,049,8938,261,220,76,296,0
2020-12-28,Mono,051,14174,890,848,12,860,3
2020-12-28,Monterey,053,433212,28123,26529,708,27237,182
2020-12-28,Napa,055,140530,6038,5576,26,5602,26
2020-12-28,Nevada,057,99092,2781,2532,88,2620,15
2020-12-28,Orange,059,3164182,166367,152089,6396,158485,1839
2020-12-28,Placer,061,380077,14761,13234,588,13822,126
2020-12-28,Plumas,063,18699,475,391,8,399,0
2020-12-28,Riverside,065,2383286,190100,174029,8532,182561,1855
2020-12-28,Sacramento,067,1510023,66680,64322,625,64947,813
2020-12-28,San Benito,069,59416,3717,3429,29,3458,24
2020-12-28,San Bernardino,071,2135413,204359,188919,5551,194470,1552
2020-12-28,San Diego,073,3302833,164154,147528,7390,154918,1404
2020-12-28,San Francisco,075,870044,24042,22726,222,22948,178
2020-12-28,San Joaquin,077,732212,46702,44172,1631,45803,618
2020-12-28,San Luis Obispo,079,281455,11488,10260,256,10516,76
2020-12-28,San Mateo,081,765935,26050,23467,108,23575,189
2020-12-28,Santa Barbara,083,443738,18083,16579,509,17088,155
2020-12-28,Santa Clara,085,1922200,72554,66418,302,66720,619
2020-12-28,Santa Cruz,087,273765,9570,8310,353,8663,81
2020-12-28,Shasta,089,179085,8291,7688,715,8403,65
2020-12-28,Sierra,091,2930,32,24,4,28,0
2020-12-28,Siskiyou,093,43540,1026,915,108,1023,3
2020-12-28,Solano,095,438530,19616,18171,200,18371,96
2020-12-28,Sonoma,097,501317,19586,18667,108,18775,185
2020-12-28,Stanislaus,099,539301,35506,33473,3230,36703,507
2020-12-28,Sutter,101,95872,6599,6253,46,6299,49
2020-12-28,Tehama,103,63373,3123,2934,301,3235,9
2020-12-28,Trinity,105,12862,421,240,60,300,2
2020-12-28,Tulare,107,460477,34533,32010,3764,35774,404
2020-12-28,Tuolumne,109,53932,2888,2777,13,2790,12
2020-12-28,Ventura,111,848112,41622,37151,1666,38817,230
2020-12-28,Yolo,113,214977,8758,8031,66,8097,111
2020-12-28,Yuba,115,75493,3893,3679,39,3718,18
2020-12-27,Alameda,001,1643700,52525,49764,941,50705,551
2020-12-27,Alpine,003,1148,66,65,0,65,0
2020-12-27,Amador,005,37829,2452,2218,18,2236,23
2020-12-27,Butte,007,227075,7675,7016,857,7873,86
2020-12-27,Calaveras,009,45235,1110,1097,2,1099,21
2020-12-27,Colusa,011,21464,1299,1253,69,1322,7
2020-12-27,Contra Costa,013,1133247,40592,38428,546,38974,324
2020-12-27,Del Norte,015,27424,750,712,2,714,2
2020-12-27,El Dorado,017,186661,6136,5388,279,5667,18
2020-12-27,Fresno,019,978130,68381,63811,4438,68249,679
2020-12-27,Glenn,021,27897,1563,1434,249,1683,9
2020-12-27,Humboldt,023,135768,1768,1575,7,1582,17
2020-12-27,Imperial,025,180216,22829,21934,1318,23252,405
2020-12-27,Inyo,027,18085,676,565,7,572,18
2020-12-27,Kern,029,883053,66163,61914,4865,66779,568
2020-12-27,Kings,031,150075,16390,15593,502,16095,108
2020-12-27,Lake,033,64148,1905,1769,0,1769,22
2020-12-27,Lassen,035,31185,4374,4230,44,4274,1
2020-12-27,Los Angeles,037,10098052,765801,707260,20952,728212,9476
2020-12-27,Madera,039,155013,10729,10005,426,10431,64
2020-12-27,Marin,041,260295,9788,9477,71,9548,144
2020-12-27,Mariposa,043,17540,231,208,2,210,3
2020-12-27,Mendocino,045,87422,2442,2209,20,2229,23
2020-12-27,Merced,047,269075,18876,18075,330,18405,213
2020-12-27,Modoc,049,8938,252,221,72,293,0
2020-12-27,Mono,051,14174,877,849,12,861,3
2020-12-27,Monterey,053,433212,27564,26322,691,27013,181
2020-12-27,Napa,055,140530,5904,5496,26,5522,26
2020-12-27,Nevada,057,99092,2745,2519,88,2607,15
2020-12-27,Orange,059,3164182,161969,149276,6208,155484,1839
2020-12-27,Placer,061,380077,14465,13017,556,13573,126
2020-12-27,Plumas,063,18699,469,390,8,398,0
2020-12-27,Riverside,065,2383286,185184,171995,8226,180221,1836
2020-12-27,Sacramento,067,1510023,65472,63416,602,64018,811
2020-12-27,San Benito,069,59416,3631,3394,29,3423,24
2020-12-27,San Bernardino,071,2135413,199287,186776,5414,192190,1551
2020-12-27,San Diego,073,3302833,159747,145777,7203,152980,1402
2020-12-27,San Francisco,075,870044,23694,22514,213,22727,178
2020-12-27,San Joaquin,077,732212,45665,43529,1581,45110,618
2020-12-27,San Luis Obispo,079,281455,11080,10154,251,10405,76
2020-12-27,San Mateo,081,765935,25486,23136,104,23240,187
2020-12-27,Santa Barbara,083,443738,17557,16364,482,16846,155
2020-12-27,Santa Clara,085,1922200,70932,65288,297,65585,619
2020-12-27,Santa Cruz,087,273765,9304,8234,344,8578,81
2020-12-27,Shasta,089,179085,8165,7671,693,8364,65
2020-12-27,Sierra,091,2930,32,24,3,27,0
2020-12-27,Siskiyou,093,43540,1016,914,103,1017,3
2020-12-27,Solano,095,438530,19121,17840,194,18034,96
2020-12-27,Sonoma,097,501317,19294,18487,107,18594,185
2020-12-27,Stanislaus,099,539301,34890,33076,3136,36212,506
2020-12-27,Sutter,101,95872,6517,6218,44,6262,48
2020-12-27,Tehama,103,63373,3055,2922,285,3207,9
2020-12-27,Trinity,105,12862,414,240,58,298,2
2020-12-27,Tulare,107,460477,33936,31864,3645,35509,400
2020-12-27,Tuolumne,109,53932,2783,2750,11,2761,12
2020-12-27,Ventura,111,848112,40559,36661,1613,38274,230
2020-12-27,Yolo,113,214977,8567,7919,61,7980,111
2020-12-27,Yuba,115,75493,3829,3665,37,3702,18
2020-12-26,Alameda,001,1643700,51914,49084,928,50012,551
2020-12-26,Alpine,003,1148,66,65,0,65,0
2020-12-26,Amador,005,37829,2438,2189,18,2207,23
2020-12-26,Butte,007,227075,7580,6968,834,7802,86
2020-12-26,Calaveras,009,45235,1104,1084,2,1086,21
2020-12-26,Colusa,011,21464,1289,1240,69,1309,7
2020-12-26,Contra Costa,013,1133247,40127,38008,532,38540,324
2020-12-26,Del Norte,015,27424,744,709,2,711,2
2020-12-26,El Dorado,017,186661,6081,5279,275,5554,18
2020-12-26,Fresno,019,978130,67911,63080,4374,67454,679
2020-12-26,Glenn,021,27897,1542,1413,243,1656,9
2020-12-26,Humboldt,023,135768,1730,1545,7,1552,17
2020-12-26,Imperial,025,180216,22738,21734,1266,23000,405
2020-12-26,Inyo,027,18085,663,554,7,561,18
2020-12-26,Kern,029,883053,65491,61174,4716,65890,564
2020-12-26,Kings,031,150075,16272,15517,498,16015,108
2020-12-26,Lake,033,64148,1863,1710,0,1710,22
2020-12-26,Lassen,035,31185,4353,3981,44,4025,1
2020-12-26,Los Angeles,037,10098052,757247,694149,20445,714594,9424
2020-12-26,Madera,039,155013,10652,9908,414,10322,64
2020-12-26,Marin,041,260295,9753,9413,70,9483,143
2020-12-26,Mariposa,043,17540,230,206,2,208,3
2020-12-26,Mendocino,045,87422,2396,2194,20,2214,23
2020-12-26,Merced,047,269075,18717,17890,325,18215,213
2020-12-26,Modoc,049,8938,249,222,72,294,0
2020-12-26,Mono,051,14174,871,850,12,862,3
2020-12-26,Monterey,053,433212,27427,26010,682,26692,182
2020-12-26,Napa,055,140530,5846,5427,26,5453,26
2020-12-26,Nevada,057,99092,2717,2480,88,2568,15
2020-12-26,Orange,059,3164182,159764,147304,6115,153419,1838
2020-12-26,Placer,061,380077,14295,12816,541,13357,122
2020-12-26,Plumas,063,18699,466,381,8,389,0
2020-12-26,Riverside,065,2383286,182697,169360,8065,177425,1834
2020-12-26,Sacramento,067,1510023,64849,62435,592,63027,807
2020-12-26,San Benito,069,59416,3558,3330,29,3359,24
2020-12-26,San Bernardino,071,2135413,197621,185111,5332,190443,1551
2020-12-26,San Diego,073,3302833,157222,142644,7056,149700,1402
2020-12-26,San Francisco,075,870044,23459,22319,213,22532,177
2020-12-26,San Joaquin,077,732212,45280,42887,1532,44419,618
2020-12-26,San Luis Obispo,079,281455,10993,9945,246,10191,76
2020-12-26,San Mateo,081,765935,25147,22908,99,23007,187
2020-12-26,Santa Barbara,083,443738,17318,16159,476,16635,155
2020-12-26,Santa Clara,085,1922200,69862,64185,295,64480,618
2020-12-26,Santa Cruz,087,273765,9178,8113,335,8448,81
2020-12-26,Shasta,089,179085,8106,7641,680,8321,65
2020-12-26,Sierra,091,2930,32,24,3,27,0
2020-12-26,Siskiyou,093,43540,1009,909,99,1008,2
2020-12-26,Solano,095,438530,18876,17528,194,17722,96
2020-12-26,Sonoma,097,501317,19092,18261,105,18366,184
2020-12-26,Stanislaus,099,539301,34594,32678,3084,35762,505
2020-12-26,Sutter,101,95872,6458,6121,44,6165,48
2020-12-26,Tehama,103,63373,3026,2884,280,3164,9
2020-12-26,Trinity,105,12862,412,237,57,294,2
2020-12-26,Tulare,107,460477,33634,31665,3590,35255,398
2020-12-26,Tuolumne,109,53932,2772,2703,11,2714,12
2020-12-26,Ventura,111,848112,39594,36064,1582,37646,230
2020-12-26,Yolo,113,214977,8465,7785,59,7844,111
2020-12-26,Yuba,115,75493,3801,3599,37,3636,18
2020-12-25,Alameda,001,1643700,51345,48365,913,49278,542
2020-12-25,Alpine,003,1148,66,64,0,64,0
2020-12-25,Amador,005,37829,2395,2172,18,2190,23
2020-12-25,Butte,007,227075,7481,6873,816,7689,85
2020-12-25,Calaveras,009,45235,1101,1062,2,1064,21
2020-12-25,Colusa,011,21464,1277,1219,68,1287,7
2020-12-25,Contra Costa,013,1133247,39658,37480,506,37986,324
2020-12-25,Del Norte,015,27424,741,692,2,694,2
2020-12-25,El Dorado,017,186661,6016,5170,262,5432,16
2020-12-25,Fresno,019,978130,67046,62251,4292,66543,679
2020-12-25,Glenn,021,27897,1526,1390,236,1626,9
2020-12-25,Humboldt,023,135768,1690,1532,7,1539,16
2020-12-25,Imperial,025,180216,22643,21646,1255,22901,405
2020-12-25,Inyo,027,18085,654,546,7,553,18
2020-12-25,Kern,029,883053,64762,60417,4569,64986,562
2020-12-25,Kings,031,150075,16161,15460,494,15954,108
2020-12-25,Lake,033,64148,1844,1669,0,1669,20
2020-12-25,Lassen,035,31185,4338,3926,44,3970,1
2020-12-25,Los Angeles,037,10098052,743605,665600,19765,685365,9292
2020-12-25,Madera,039,155013,10484,9770,407,10177,64
2020-12-25,Marin,041,260295,9704,9375,67,9442,143
2020-12-25,Mariposa,043,17540,224,203,2,205,3
2020-12-25,Mendocino,045,87422,2353,2176,20,2196,23
2020-12-25,Merced,047,269075,18556,17726,317,18043,213
2020-12-25,Modoc,049,8938,248,221,72,293,0
2020-12-25,Mono,051,14174,869,843,12,855,3
2020-12-25,Monterey,053,433212,27150,25788,673,26461,182
2020-12-25,Napa,055,140530,5769,5351,26,5377,26
2020-12-25,Nevada,057,99092,2691,2458,86,2544,15
2020-12-25,Orange,059,3164182,157085,144542,5923,150465,1814
2020-12-25,Placer,061,380077,14109,12660,519,13179,122
2020-12-25,Plumas,063,18699,459,381,8,389,0
2020-12-25,Riverside,065,2383286,179411,166690,7749,174439,1825
2020-12-25,Sacramento,067,1510023,64155,61630,566,62196,796
2020-12-25,San Benito,069,59416,3518,3281,27,3308,24
2020-12-25,San Bernardino,071,2135413,194988,181812,5216,187028,1546
2020-12-25,San Diego,073,3302833,154742,139958,6878,146836,1402
2020-12-25,San Francisco,075,870044,23183,22130,208,22338,175
2020-12-25,San Joaquin,077,732212,44972,42089,1477,43566,614
2020-12-25,San Luis Obispo,079,281455,10810,9749,239,9988,76
2020-12-25,San Mateo,081,765935,24825,22568,97,22665,187
2020-12-25,Santa Barbara,083,443738,17094,15936,469,16405,155
2020-12-25,Santa Clara,085,1922200,68752,63173,286,63459,612
2020-12-25,Santa Cruz,087,273765,9035,8018,313,8331,81
2020-12-25,Shasta,089,179085,8032,7612,657,8269,65
2020-12-25,Sierra,091,2930,32,24,3,27,0
2020-12-25,Siskiyou,093,43540,1003,905,96,1001,2
2020-12-25,Solano,095,438530,18704,17280,192,17472,96
2020-12-25,Sonoma,097,501317,18916,18035,103,18138,184
2020-12-25,Stanislaus,099,539301,34298,32290,3035,35325,498
2020-12-25,Sutter,101,95872,6399,6051,43,6094,47
2020-12-25,Tehama,103,63373,2978,2839,267,3106,9
2020-12-25,Trinity,105,12862,408,236,57,293,2
2020-12-25,Tulare,107,460477,33246,31323,3525,34848,398
2020-12-25,Tuolumne,109,53932,2753,2674,11,2685,12
2020-12-25,Ventura,111,848112,38438,35514,1534,37048,230
2020-12-25,Yolo,113,214977,8369,7700,57,7757,111
2020-12-25,Yuba,115,75493,3765,3549,36,3585,17
2020-12-24,Alameda,001,1643700,50996,47527,894,48421,541
2020-12-24,Alpine,003,1148,66,64,0,64,0
2020-12-24,Amador,005,37829,2383,2145,18,2163,23
2020-12-24,Butte,007,227075,7442,6716,802,7518,84
2020-12-24,Calaveras,009,45235,1098,1032,2,1034,21
2020-12-24,Colusa,011,21464,1272,1188,67,1255,7
2020-12-24,Contra Costa,013,1133247,39413,36623,495,37118,311
2020-12-24,Del Norte,015,27424,741,678,2,680,2
2020-12-24,El Dorado,017,186661,5990,5042,254,5296,16
2020-12-24,Fresno,019,978130,66823,61435,4278,65713,663
2020-12-24,Glenn,021,27897,1515,1363,228,1591,9
2020-12-24,Humboldt,023,135768,1667,1516,7,1523,16
2020-12-24,Imperial,025,180216,22594,21545,1246,22791,402
2020-12-24,Inyo,027,18085,652,532,7,539,17
2020-12-24,Kern,029,883053,64475,59601,4556,64157,556
2020-12-24,Kings,031,150075,16121,15211,493,15704,108
2020-12-24,Lake,033,64148,1829,1629,0,1629,20
2020-12-24,Lassen,035,31185,4325,3894,44,3938,1
2020-12-24,Los Angeles,037,10098052,739435,664840,19506,684346,9288
2020-12-24,Madera,039,155013,10444,9547,400,9947,63
2020-12-24,Marin,041,260295,9670,9287,67,9354,143
2020-12-24,Mariposa,043,17540,220,197,2,199,3
2020-12-24,Mendocino,045,87422,2342,2150,20,2170,23
2020-12-24,Merced,047,269075,18485,17485,313,17798,212
2020-12-24,Modoc,049,8938,248,220,71,291,0
2020-12-24,Mono,051,14174,867,817,12,829,3
2020-12-24,Monterey,053,433212,27038,25131,666,25797,180
2020-12-24,Napa,055,140530,5714,5265,26,5291,26
2020-12-24,Nevada,057,99092,2667,2429,86,2515,15
2020-12-24,Orange,059,3164182,155604,141205,5872,147077,1775
2020-12-24,Placer,061,380077,14020,12457,512,12969,121
2020-12-24,Plumas,063,18699,456,376,8,384,0
2020-12-24,Riverside,065,2383286,178478,162435,7709,170144,1816
2020-12-24,Sacramento,067,1510023,63880,60596,564,61160,788
2020-12-24,San Benito,069,59416,3487,3183,27,3210,24
2020-12-24,San Bernardino,071,2135413,193950,176866,5182,182048,1533
2020-12-24,San Diego,073,3302833,153658,136952,6846,143798,1382
2020-12-24,San Francisco,075,870044,23015,21830,205,22035,175
2020-12-24,San Joaquin,077,732212,44808,41324,1459,42783,611
2020-12-24,San Luis Obispo,079,281455,10741,9504,237,9741,77
2020-12-24,San Mateo,081,765935,24629,22093,97,22190,186
2020-12-24,Santa Barbara,083,443738,16989,15644,461,16105,153
2020-12-24,Santa Clara,085,1922200,68146,61742,279,62021,591
2020-12-24,Santa Cruz,087,273765,8964,7856,301,8157,82
2020-12-24,Shasta,089,179085,7991,7540,640,8180,65
2020-12-24,Sierra,091,2930,29,23,1,24,0
2020-12-24,Siskiyou,093,43540,998,900,90,990,2
2020-12-24,Solano,095,438530,18563,16872,187,17059,96
2020-12-24,Sonoma,097,501317,18818,17710,103,17813,183
2020-12-24,Stanislaus,099,539301,34097,31848,3009,34857,498
2020-12-24,Sutter,101,95872,6358,5960,42,6002,47
2020-12-24,Tehama,103,63373,2960,2779,265,3044,9
2020-12-24,Trinity,105,12862,407,235,57,292,2
2020-12-24,Tulare,107,460477,33127,30827,3499,34326,390
2020-12-24,Tuolumne,109,53932,2745,2653,11,2664,12
2020-12-24,Ventura,111,848112,38158,34400,1527,35927,224
2020-12-24,Yolo,113,214977,8327,7566,57,7623,113
2020-12-24,Yuba,115,75493,3740,3483,36,3519,16
2020-12-23,Alameda,001,1643700,50420,46753,868,47621,537
2020-12-23,Alpine,003,1148,66,64,0,64,0
2020-12-23,Amador,005,37829,2314,2108,17,2125,23
2020-12-23,Butte,007,227075,7354,6588,776,7364,84
2020-12-23,Calaveras,009,45235,1090,1002,1,1003,21
2020-12-23,Colusa,011,21464,1261,1167,67,1234,7
2020-12-23,Contra Costa,013,1133247,39014,36190,482,36672,311
2020-12-23,Del Norte,015,27424,734,670,2,672,2
2020-12-23,El Dorado,017,186661,5915,4967,246,5213,14
2020-12-23,Fresno,019,978130,66214,60488,4212,64700,654
2020-12-23,Glenn,021,27897,1501,1349,224,1573,9
2020-12-23,Humboldt,023,135768,1642,1458,7,1465,16
2020-12-23,Imperial,025,180216,22499,21323,1217,22540,399
2020-12-23,Inyo,027,18085,640,517,7,524,17
2020-12-23,Kern,029,883053,63958,58656,4462,63118,549
2020-12-23,Kings,031,150075,16043,14923,490,15413,105
2020-12-23,Lake,033,64148,1815,1595,0,1595,20
2020-12-23,Lassen,035,31185,4315,3865,41,3906,1
2020-12-23,Los Angeles,037,10098052,730383,651958,18970,670928,9146
2020-12-23,Madera,039,155013,10285,9371,386,9757,63
2020-12-23,Marin,041,260295,9612,9199,64,9263,142
2020-12-23,Mariposa,043,17540,218,194,2,196,3
2020-12-23,Mendocino,045,87422,2330,2121,20,2141,23
2020-12-23,Merced,047,269075,18329,17250,305,17555,203
2020-12-23,Modoc,049,8938,244,197,70,267,0
2020-12-23,Mono,051,14174,864,814,12,826,3
2020-12-23,Monterey,053,433212,26738,24856,659,25515,176
2020-12-23,Napa,055,140530,5646,5172,26,5198,25
2020-12-23,Nevada,057,99092,2622,2406,85,2491,15
2020-12-23,Orange,059,3164182,153154,138050,5705,143755,1771
2020-12-23,Placer,061,380077,13810,12213,504,12717,111
2020-12-23,Plumas,063,18699,449,369,8,377,0
2020-12-23,Riverside,065,2383286,176206,158110,7551,165661,1790
2020-12-23,Sacramento,067,1510023,63230,59661,550,60211,779
2020-12-23,San Benito,069,59416,3433,3073,25,3098,24
2020-12-23,San Bernardino,071,2135413,191909,172888,5113,178001,1509
2020-12-23,San Diego,073,3302833,151232,134695,6709,141404,1350
2020-12-23,San Francisco,075,870044,22793,21498,202,21700,174
2020-12-23,San Joaquin,077,732212,44283,35664,1417,37081,602
2020-12-23,San Luis Obispo,079,281455,10599,9267,232,9499,74
2020-12-23,San Mateo,081,765935,24327,21780,95,21875,186
2020-12-23,Santa Barbara,083,443738,16781,15399,435,15834,152
2020-12-23,Santa Clara,085,1922200,67237,60455,274,60729,579
2020-12-23,Santa Cruz,087,273765,8804,7637,283,7920,75
2020-12-23,Shasta,089,179085,7918,7487,634,8121,66
2020-12-23,Sierra,091,2930,27,23,1,24,0
2020-12-23,Siskiyou,093,43540,977,891,89,980,2
2020-12-23,Solano,095,438530,18355,16626,182,16808,95
2020-12-23,Sonoma,097,501317,18614,17397,103,17500,182
2020-12-23,Stanislaus,099,539301,33748,31492,2956,34448,499
2020-12-23,Sutter,101,95872,6292,5871,42,5913,46
2020-12-23,Tehama,103,63373,2942,2737,258,2995,9
2020-12-23,Trinity,105,12862,407,234,56,290,2
2020-12-23,Tulare,107,460477,32835,30315,3460,33775,385
2020-12-23,Tuolumne,109,53932,2706,2540,11,2551,12
2020-12-23,Ventura,111,848112,37761,33377,1498,34875,216
2020-12-23,Yolo,113,214977,8249,7508,56,7564,112
2020-12-23,Yuba,115,75493,3687,3438,36,3474,14
2020-12-22,Alameda,001,1643700,49537,45751,838,46589,534
2020-12-22,Alpine,003,1148,66,64,0,64,0
2020-12-22,Amador,005,37829,2303,1839,17,1856,23
2020-12-22,Butte,007,227075,7226,6467,761,7228,85
2020-12-22,Calaveras,009,45235,1063,988,0,988,21
2020-12-22,Colusa,011,21464,1238,1150,63,1213,7
2020-12-22,Contra Costa,013,1133247,38387,35681,470,36151,301
2020-12-22,Del Norte,015,27424,727,666,2,668,2
2020-12-22,El Dorado,017,186661,5792,4885,234,5119,12
2020-12-22,Fresno,019,978130,65180,59640,4106,63746,640
2020-12-22,Glenn,021,27897,1478,1337,213,1550,9
2020-12-22,Humboldt,023,135768,1609,1440,7,1447,16
2020-12-22,Imperial,025,180216,22310,21128,1174,22302,398
2020-12-22,Inyo,027,18085,620,506,7,513,17
2020-12-22,Kern,029,883053,63006,57816,4325,62141,547
2020-12-22,Kings,031,150075,15901,14855,484,15339,102
2020-12-22,Lake,033,64148,1791,1569,0,1569,20
2020-12-22,Lassen,035,31185,4173,3848,39,3887,1
2020-12-22,Los Angeles,037,10098052,713134,635931,18280,654211,9013
2020-12-22,Madera,039,155013,10167,9187,370,9557,63
2020-12-22,Marin,041,260295,9548,9115,63,9178,142
2020-12-22,Mariposa,043,17540,215,194,2,196,3
2020-12-22,Mendocino,045,87422,2297,2092,20,2112,23
2020-12-22,Merced,047,269075,18083,17012,300,17312,201
2020-12-22,Modoc,049,8938,236,182,69,251,0
2020-12-22,Mono,051,14174,858,786,12,798,3
2020-12-22,Monterey,053,433212,26068,24152,638,24790,176
2020-12-22,Napa,055,140530,5557,5059,26,5085,23
2020-12-22,Nevada,057,99092,2594,2367,84,2451,14
2020-12-22,Orange,059,3164182,149812,134850,5533,140383,1774
2020-12-22,Placer,061,380077,13566,11943,484,12427,105
2020-12-22,Plumas,063,18699,443,360,8,368,0
2020-12-22,Riverside,065,2383286,172394,155059,7282,162341,1777
2020-12-22,Sacramento,067,1510023,62302,57966,531,58497,772
2020-12-22,San Benito,069,59416,3355,2998,25,3023,24
2020-12-22,San Bernardino,071,2135413,187330,169266,4965,174231,1500
2020-12-22,San Diego,073,3302833,147873,132097,6547,138644,1311
2020-12-22,San Francisco,075,870044,22524,21232,198,21430,174
2020-12-22,San Joaquin,077,732212,43525,39423,1368,40791,592
2020-12-22,San Luis Obispo,079,281455,10254,9174,227,9401,69
2020-12-22,San Mateo,081,765935,24000,21382,79,21461,186
2020-12-22,Santa Barbara,083,443738,16516,15189,425,15614,150
2020-12-22,Santa Clara,085,1922200,66070,59192,266,59458,569
2020-12-22,Santa Cruz,087,273765,8625,7471,257,7728,72
2020-12-22,Shasta,089,179085,7840,7371,617,7988,64
2020-12-22,Sierra,091,2930,27,23,0,23,0
2020-12-22,Siskiyou,093,43540,971,880,88,968,2
2020-12-22,Solano,095,438530,17952,16229,179,16408,95
2020-12-22,Sonoma,097,501317,18296,17216,103,17319,180
2020-12-22,Stanislaus,099,539301,33365,30914,2884,33798,499
2020-12-22,Sutter,101,95872,6231,5791,41,5832,46
2020-12-22,Tehama,103,63373,2892,2688,253,2941,9
2020-12-22,Trinity,105,12862,406,231,56,287,2
2020-12-22,Tulare,107,460477,32370,30025,3393,33418,377
2020-12-22,Tuolumne,109,53932,2655,2526,11,2537,12
2020-12-22,Ventura,111,848112,36996,32488,1455,33943,213
2020-12-22,Yolo,113,214977,8136,7388,55,7443,113
2020-12-22,Yuba,115,75493,3636,3379,36,3415,14
2020-12-21,Alameda,001,1643700,48637,44756,811,45567,518
2020-12-21,Alpine,003,1148,65,64,0,64,0
2020-12-21,Amador,005,37829,2226,1815,17,1832,23
2020-12-21,Butte,007,227075,7071,6335,737,7072,81
2020-12-21,Calaveras,009,45235,1033,963,0,963,21
2020-12-21,Colusa,011,21464,1211,1135,58,1193,7
2020-12-21,Contra Costa,013,1133247,37635,35207,433,35640,300
2020-12-21,Del Norte,015,27424,712,660,2,662,2
2020-12-21,El Dorado,017,186661,5645,4805,221,5026,10
2020-12-21,Fresno,019,978130,64028,58568,3962,62530,634
2020-12-21,Glenn,021,27897,1446,1323,205,1528,9
2020-12-21,Humboldt,023,135768,1586,1419,7,1426,16
2020-12-21,Imperial,025,180216,22041,20994,1129,22123,395
2020-12-21,Inyo,027,18085,599,482,7,489,17
2020-12-21,Kern,029,883053,62116,56836,4188,61024,541
2020-12-21,Kings,031,150075,15651,14760,469,15229,100
2020-12-21,Lake,033,64148,1737,1538,0,1538,20
2020-12-21,Lassen,035,31185,4013,3798,37,3835,1
2020-12-21,Los Angeles,037,10098052,694054,624129,17599,641728,8918
2020-12-21,Madera,039,155013,9973,9069,350,9419,63
2020-12-21,Marin,041,260295,9479,9035,63,9098,142
2020-12-21,Mariposa,043,17540,210,186,2,188,3
2020-12-21,Mendocino,045,87422,2266,2066,20,2086,23
2020-12-21,Merced,047,269075,17833,16710,284,16994,198
2020-12-21,Modoc,049,8938,222,181,68,249,0
2020-12-21,Mono,051,14174,846,781,12,793,3
2020-12-21,Monterey,053,433212,25536,23673,624,24297,174
2020-12-21,Napa,055,140530,5470,4952,26,4978,23
2020-12-21,Nevada,057,99092,2561,2337,84,2421,13
2020-12-21,Orange,059,3164182,146400,130444,5379,135823,1772
2020-12-21,Placer,061,380077,13334,11715,465,12180,105
2020-12-21,Plumas,063,18699,439,353,8,361,0
2020-12-21,Riverside,065,2383286,168169,151713,6957,158670,1743
2020-12-21,Sacramento,067,1510023,61281,57064,514,57578,759
2020-12-21,San Benito,069,59416,3287,2921,25,2946,22
2020-12-21,San Bernardino,071,2135413,182538,165086,4800,169886,1476
2020-12-21,San Diego,073,3302833,144422,129716,6383,136099,1284
2020-12-21,San Francisco,075,870044,22238,21086,196,21282,174
2020-12-21,San Joaquin,077,732212,42729,38811,1317,40128,586
2020-12-21,San Luis Obispo,079,281455,10065,9006,222,9228,64
2020-12-21,San Mateo,081,765935,23595,21035,76,21111,185
2020-12-21,Santa Barbara,083,443738,16242,14988,420,15408,149
2020-12-21,Santa Clara,085,1922200,64878,57699,254,57953,570
2020-12-21,Santa Cruz,087,273765,8413,7315,244,7559,69
2020-12-21,Shasta,089,179085,7775,7299,607,7906,64
2020-12-21,Sierra,091,2930,24,23,0,23,0
2020-12-21,Siskiyou,093,43540,963,878,87,965,2
2020-12-21,Solano,095,438530,17482,15878,174,16052,95
2020-12-21,Sonoma,097,501317,18023,17075,99,17174,176
2020-12-21,Stanislaus,099,539301,32908,30437,2809,33246,499
2020-12-21,Sutter,101,95872,6135,5708,41,5749,46
2020-12-21,Tehama,103,63373,2824,2656,244,2900,9
2020-12-21,Trinity,105,12862,404,226,54,280,2
2020-12-21,Tulare,107,460477,31870,29482,3304,32786,373
2020-12-21,Tuolumne,109,53932,2630,2423,9,2432,12
2020-12-21,Ventura,111,848112,35915,31759,1418,33177,212
2020-12-21,Yolo,113,214977,7991,7266,51,7317,109
2020-12-21,Yuba,115,75493,3577,3329,36,3365,14
2020-12-20,Alameda,001,1643700,47758,44004,788,44792,516
2020-12-20,Alpine,003,1148,65,64,0,64,0
2020-12-20,Amador,005,37829,2168,1771,17,1788,23
2020-12-20,Butte,007,227075,6926,6228,701,6929,81
2020-12-20,Calaveras,009,45235,1009,926,0,926,21
2020-12-20,Colusa,011,21464,1183,1121,52,1173,7
2020-12-20,Contra Costa,013,1133247,37049,34798,416,35214,301
2020-12-20,Del Norte,015,27424,690,652,2,654,2
2020-12-20,El Dorado,017,186661,5520,4697,212,4909,10
2020-12-20,Fresno,019,978130,63036,57616,3825,61441,634
2020-12-20,Glenn,021,27897,1437,1295,198,1493,9
2020-12-20,Humboldt,023,135768,1549,1386,6,1392,15
2020-12-20,Imperial,025,180216,21800,20882,1024,21906,395
2020-12-20,Inyo,027,18085,584,476,7,483,17
2020-12-20,Kern,029,883053,61018,55983,4033,60016,540
2020-12-20,Kings,031,150075,15431,14629,452,15081,100
2020-12-20,Lake,033,64148,1691,1463,0,1463,20
2020-12-20,Lassen,035,31185,3959,3669,35,3704,1
2020-12-20,Los Angeles,037,10098052,675973,612975,16857,629832,8862
2020-12-20,Madera,039,155013,9763,8871,341,9212,63
2020-12-20,Marin,041,260295,9381,8948,60,9008,142
2020-12-20,Mariposa,043,17540,209,179,2,181,3
2020-12-20,Mendocino,045,87422,2241,2033,20,2053,23
2020-12-20,Merced,047,269075,17517,16435,277,16712,198
2020-12-20,Modoc,049,8938,222,181,66,247,0
2020-12-20,Mono,051,14174,828,774,12,786,3
2020-12-20,Monterey,053,433212,25052,23250,583,23833,173
2020-12-20,Napa,055,140530,5349,4865,24,4889,23
2020-12-20,Nevada,057,99092,2515,2289,78,2367,13
2020-12-20,Orange,059,3164182,142896,128780,5230,134010,1763
2020-12-20,Placer,061,380077,13108,11496,446,11942,105
2020-12-20,Plumas,063,18699,431,347,8,355,0
2020-12-20,Riverside,065,2383286,163962,148714,6665,155379,1742
2020-12-20,Sacramento,067,1510023,60281,56017,494,56511,755
2020-12-20,San Benito,069,59416,3215,2885,24,2909,21
2020-12-20,San Bernardino,071,2135413,177551,162810,4642,167452,1458
2020-12-20,San Diego,073,3302833,140704,126465,6213,132678,1280
2020-12-20,San Francisco,075,870044,21923,20937,193,21130,174
2020-12-20,San Joaquin,077,732212,41887,38268,1256,39524,587
2020-12-20,San Luis Obispo,079,281455,9773,8881,216,9097,63
2020-12-20,San Mateo,081,765935,23161,20764,72,20836,185
2020-12-20,Santa Barbara,083,443738,15920,14817,400,15217,148
2020-12-20,Santa Clara,085,1922200,63470,56860,248,57108,566
2020-12-20,Santa Cruz,087,273765,8205,7178,231,7409,69
2020-12-20,Shasta,089,179085,7661,7256,593,7849,64
2020-12-20,Sierra,091,2930,24,22,0,22,0
2020-12-20,Siskiyou,093,43540,953,870,86,956,2
2020-12-20,Solano,095,438530,17104,15533,163,15696,95
2020-12-20,Sonoma,097,501317,17748,16802,98,16900,175
2020-12-20,Stanislaus,099,539301,32381,29995,2707,32702,498
2020-12-20,Sutter,101,95872,6048,5601,41,5642,43
2020-12-20,Tehama,103,63373,2774,2602,225,2827,9
2020-12-20,Trinity,105,12862,396,221,53,274,2
2020-12-20,Tulare,107,460477,31353,29078,3208,32286,373
2020-12-20,Tuolumne,109,53932,2520,2152,8,2160,12
2020-12-20,Ventura,111,848112,35213,31335,1385,32720,210
2020-12-20,Yolo,113,214977,7840,7121,48,7169,109
2020-12-20,Yuba,115,75493,3530,3254,34,3288,12
2020-12-19,Alameda,001,1643700,47310,43109,781,43890,516
2020-12-19,Alpine,003,1148,65,64,0,64,0
2020-12-19,Amador,005,37829,2144,1754,17,1771,23
2020-12-19,Butte,007,227075,6826,6118,678,6796,81
2020-12-19,Calaveras,009,45235,992,900,0,900,21
2020-12-19,Colusa,011,21464,1175,1096,50,1146,7
2020-12-19,Contra Costa,013,1133247,36735,34321,402,34723,301
2020-12-19,Del Norte,015,27424,688,641,1,642,2
2020-12-19,El Dorado,017,186661,5453,4588,204,4792,10
2020-12-19,Fresno,019,978130,62711,55428,3757,59185,634
2020-12-19,Glenn,021,27897,1402,1286,197,1483,9
2020-12-19,Humboldt,023,135768,1532,1357,6,1363,15
2020-12-19,Imperial,025,180216,21710,20711,977,21688,395
2020-12-19,Inyo,027,18085,577,475,7,482,17
2020-12-19,Kern,029,883053,60533,55118,3925,59043,540
2020-12-19,Kings,031,150075,15352,14474,450,14924,100
2020-12-19,Lake,033,64148,1656,1438,0,1438,20
2020-12-19,Lassen,035,31185,3931,3595,35,3630,1
2020-12-19,Los Angeles,037,10098052,668874,599888,16322,616210,8804
2020-12-19,Madera,039,155013,9671,8717,329,9046,63
2020-12-19,Marin,041,260295,9341,8864,60,8924,142
2020-12-19,Mariposa,043,17540,207,177,2,179,3
2020-12-19,Mendocino,045,87422,2216,2008,20,2028,23
2020-12-19,Merced,047,269075,17378,16230,269,16499,198
2020-12-19,Modoc,049,8938,219,181,66,247,0
2020-12-19,Mono,051,14174,821,766,12,778,3
2020-12-19,Monterey,053,433212,24937,22799,577,23376,172
2020-12-19,Napa,055,140530,5287,4772,24,4796,23
2020-12-19,Nevada,057,99092,2493,2260,78,2338,13
2020-12-19,Orange,059,3164182,140975,125574,5079,130653,1733
2020-12-19,Placer,061,380077,12953,11246,440,11686,105
2020-12-19,Plumas,063,18699,428,343,8,351,0
2020-12-19,Riverside,065,2383286,161974,146703,6429,153132,1737
2020-12-19,Sacramento,067,1510023,59749,55169,480,55649,746
2020-12-19,San Benito,069,59416,3169,2820,23,2843,21
2020-12-19,San Bernardino,071,2135413,175983,159883,4535,164418,1433
2020-12-19,San Diego,073,3302833,138937,122972,6074,129046,1280
2020-12-19,San Francisco,075,870044,21772,20643,193,20836,174
2020-12-19,San Joaquin,077,732212,41485,37340,1206,38546,586
2020-12-19,San Luis Obispo,079,281455,9702,8788,213,9001,63
2020-12-19,San Mateo,081,765935,22951,20393,65,20458,182
2020-12-19,Santa Barbara,083,443738,15764,14667,394,15061,148
2020-12-19,Santa Clara,085,1922200,62659,55540,244,55784,558
2020-12-19,Santa Cruz,087,273765,8101,7054,226,7280,68
2020-12-19,Shasta,089,179085,7609,7221,581,7802,63
2020-12-19,Sierra,091,2930,24,23,0,23,0
2020-12-19,Siskiyou,093,43540,949,853,85,938,2
2020-12-19,Solano,095,438530,16938,15204,159,15363,95
2020-12-19,Sonoma,097,501317,17640,16553,98,16651,175
2020-12-19,Stanislaus,099,539301,32062,29555,2635,32190,498
2020-12-19,Sutter,101,95872,5991,5506,41,5547,41
2020-12-19,Tehama,103,63373,2724,2574,223,2797,9
2020-12-19,Trinity,105,12862,395,219,53,272,2
2020-12-19,Tulare,107,460477,31131,28734,3142,31876,375
2020-12-19,Tuolumne,109,53932,2507,2107,8,2115,12
2020-12-19,Ventura,111,848112,34932,30843,1355,32198,209
2020-12-19,Yolo,113,214977,7771,7025,47,7072,109
2020-12-19,Yuba,115,75493,3498,3168,34,3202,11
2020-12-18,Alameda,001,1643700,46774,42196,765,42961,515
2020-12-18,Alpine,003,1148,65,64,0,64,0
2020-12-18,Amador,005,37829,2127,1727,15,1742,20
2020-12-18,Butte,007,227075,6741,5891,652,6543,81
2020-12-18,Calaveras,009,45235,982,870,0,870,21
2020-12-18,Colusa,011,21464,1166,1068,50,1118,7
2020-12-18,Contra Costa,013,1133247,36450,33610,390,34000,300
2020-12-18,Del Norte,015,27424,683,627,0,627,2
2020-12-18,El Dorado,017,186661,5391,4494,195,4689,10
2020-12-18,Fresno,019,978130,61884,52643,3693,56336,613
2020-12-18,Glenn,021,27897,1385,1264,192,1456,9
2020-12-18,Humboldt,023,135768,1517,1331,6,1337,15
2020-12-18,Imperial,025,180216,21632,20430,930,21360,393
2020-12-18,Inyo,027,18085,557,454,7,461,17
2020-12-18,Kern,029,883053,59873,54220,3840,58060,533
2020-12-18,Kings,031,150075,15226,14284,444,14728,98
2020-12-18,Lake,033,64148,1645,1397,0,1397,20
2020-12-18,Lassen,035,31185,3923,3486,35,3521,1
2020-12-18,Los Angeles,037,10098052,656736,586413,15819,602232,8744
2020-12-18,Madera,039,155013,9569,8609,324,8933,63
2020-12-18,Marin,041,260295,9257,8799,60,8859,142
2020-12-18,Mariposa,043,17540,204,176,2,178,3
2020-12-18,Mendocino,045,87422,2198,1977,20,1997,24
2020-12-18,Merced,047,269075,17297,15956,266,16222,195
2020-12-18,Modoc,049,8938,219,179,66,245,0
2020-12-18,Mono,051,14174,813,731,12,743,3
2020-12-18,Monterey,053,433212,24643,22336,571,22907,165
2020-12-18,Napa,055,140530,5238,4688,24,4712,23
2020-12-18,Nevada,057,99092,2476,2220,77,2297,13
2020-12-18,Orange,059,3164182,138539,121681,4930,126611,1725
2020-12-18,Placer,061,380077,12782,10995,431,11426,104
2020-12-18,Plumas,063,18699,422,336,8,344,0
2020-12-18,Riverside,065,2383286,159133,142375,6160,148535,1733
2020-12-18,Sacramento,067,1510023,59123,53980,464,54444,736
2020-12-18,San Benito,069,59416,3120,2744,23,2767,21
2020-12-18,San Bernardino,071,2135413,173684,154272,4401,158673,1430
2020-12-18,San Diego,073,3302833,136759,120463,5935,126398,1253
2020-12-18,San Francisco,075,870044,21605,20315,187,20502,173
2020-12-18,San Joaquin,077,732212,41126,36484,1175,37659,559
2020-12-18,San Luis Obispo,079,281455,9604,8598,208,8806,62
2020-12-18,San Mateo,081,765935,22637,19971,61,20032,182
2020-12-18,Santa Barbara,083,443738,15623,14361,381,14742,148
2020-12-18,Santa Clara,085,1922200,61786,53992,235,54227,539
2020-12-18,Santa Cruz,087,273765,7986,6838,218,7056,68
2020-12-18,Shasta,089,179085,7571,7114,570,7684,62
2020-12-18,Sierra,091,2930,24,23,0,23,0
2020-12-18,Siskiyou,093,43540,947,840,85,925,2
2020-12-18,Solano,095,438530,16785,14667,155,14822,95
2020-12-18,Sonoma,097,501317,17520,16261,98,16359,173
2020-12-18,Stanislaus,099,539301,31789,28967,2599,31566,490
2020-12-18,Sutter,101,95872,5907,5399,41,5440,39
2020-12-18,Tehama,103,63373,2709,2523,213,2736,9
2020-12-18,Trinity,105,12862,394,215,53,268,2
2020-12-18,Tulare,107,460477,30854,28322,3063,31385,370
2020-12-18,Tuolumne,109,53932,2496,2067,8,2075,12
2020-12-18,Ventura,111,848112,34428,29907,1312,31219,209
2020-12-18,Yolo,113,214977,7703,6901,46,6947,109
2020-12-18,Yuba,115,75493,3440,3097,34,3131,11
2020-12-17,Alameda,001,1643700,45965,41548,732,42280,508
2020-12-17,Alpine,003,1148,65,64,0,64,0
2020-12-17,Amador,005,37829,2079,1703,13,1716,19
2020-12-17,Butte,007,227075,6615,5746,634,6380,78
2020-12-17,Calaveras,009,45235,959,848,0,848,21
2020-12-17,Colusa,011,21464,1155,1053,48,1101,7
2020-12-17,Contra Costa,013,1133247,35926,33006,356,33362,293
2020-12-17,Del Norte,015,27424,678,583,0,583,1
2020-12-17,El Dorado,017,186661,5246,4327,183,4510,9
2020-12-17,Fresno,019,978130,61021,49918,3567,53485,597
2020-12-17,Glenn,021,27897,1361,1244,185,1429,9
2020-12-17,Humboldt,023,135768,1484,1322,6,1328,14
2020-12-17,Imperial,025,180216,21467,20208,860,21068,391
2020-12-17,Inyo,027,18085,539,450,6,456,16
2020-12-17,Kern,029,883053,58916,53683,3707,57390,526
2020-12-17,Kings,031,150075,15123,14057,429,14486,98
2020-12-17,Lake,033,64148,1620,1374,0,1374,20
2020-12-17,Lassen,035,31185,3887,3417,35,3452,1
2020-12-17,Los Angeles,037,10098052,641083,571093,15265,586358,8657
2020-12-17,Madera,039,155013,9452,8465,320,8785,62
2020-12-17,Marin,041,260295,9193,8721,58,8779,142
2020-12-17,Mariposa,043,17540,200,172,2,174,3
2020-12-17,Mendocino,045,87422,2164,1942,20,1962,23
2020-12-17,Merced,047,269075,17033,15648,258,15906,192
2020-12-17,Modoc,049,8938,216,179,66,245,0
2020-12-17,Mono,051,14174,800,718,12,730,3
2020-12-17,Monterey,053,433212,24124,21951,556,22507,163
2020-12-17,Napa,055,140530,5126,4612,24,4636,23
2020-12-17,Nevada,057,99092,2435,2173,74,2247,13
2020-12-17,Orange,059,3164182,135158,118367,4794,123161,1725
2020-12-17,Placer,061,380077,12508,10756,417,11173,99
2020-12-17,Plumas,063,18699,413,324,8,332,0
2020-12-17,Riverside,065,2383286,155249,139325,5944,145269,1696
2020-12-17,Sacramento,067,1510023,58217,53189,441,53630,721
2020-12-17,San Benito,069,59416,3051,2645,22,2667,20
2020-12-17,San Bernardino,071,2135413,169749,149838,4284,154122,1425
2020-12-17,San Diego,073,3302833,133958,116852,5779,122631,1239
2020-12-17,San Francisco,075,870044,21318,19939,182,20121,170
2020-12-17,San Joaquin,077,732212,40399,35894,1138,37032,554
2020-12-17,San Luis Obispo,079,281455,9484,8365,206,8571,59
2020-12-17,San Mateo,081,765935,22266,19647,61,19708,181
2020-12-17,Santa Barbara,083,443738,15390,14207,374,14581,147
2020-12-17,Santa Clara,085,1922200,60618,52559,229,52788,527
2020-12-17,Santa Cruz,087,273765,7831,6687,204,6891,64
2020-12-17,Shasta,089,179085,7494,7000,551,7551,62
2020-12-17,Sierra,091,2930,23,23,0,23,0
2020-12-17,Siskiyou,093,43540,940,827,84,911,2
2020-12-17,Solano,095,438530,16479,14361,153,14514,96
2020-12-17,Sonoma,097,501317,17248,15993,97,16090,171
2020-12-17,Stanislaus,099,539301,31363,28582,2540,31122,489
2020-12-17,Sutter,101,95872,5808,5309,40,5349,39
2020-12-17,Tehama,103,63373,2662,2480,207,2687,9
2020-12-17,Trinity,105,12862,389,213,53,266,2
2020-12-17,Tulare,107,460477,30460,27852,2985,30837,358
2020-12-17,Tuolumne,109,53932,2205,1992,8,2000,11
2020-12-17,Ventura,111,848112,33818,29404,1275,30679,208
2020-12-17,Yolo,113,214977,7578,6800,45,6845,105
2020-12-17,Yuba,115,75493,3381,3035,32,3067,12
2020-12-16,Alameda,001,1643700,45112,40751,705,41456,497
2020-12-16,Alpine,003,1148,65,64,0,64,0
2020-12-16,Amador,005,37829,2032,1693,12,1705,19
2020-12-16,Butte,007,227075,6426,5659,606,6265,76
2020-12-16,Calaveras,009,45235,924,821,0,821,21
2020-12-16,Colusa,011,21464,1142,1038,43,1081,7
2020-12-16,Contra Costa,013,1133247,35369,32429,336,32765,293
2020-12-16,Del Norte,015,27424,676,575,0,575,1
2020-12-16,El Dorado,017,186661,5125,4237,174,4411,9
2020-12-16,Fresno,019,978130,60063,49173,3471,52644,584
2020-12-16,Glenn,021,27897,1343,1236,174,1410,9
2020-12-16,Humboldt,023,135768,1452,1308,5,1313,12
2020-12-16,Imperial,025,180216,21284,19980,794,20774,388
2020-12-16,Inyo,027,18085,526,444,6,450,16
2020-12-16,Kern,029,883053,58039,52896,3575,56471,522
2020-12-16,Kings,031,150075,14943,13734,412,14146,99
2020-12-16,Lake,033,64148,1580,1363,0,1363,20
2020-12-16,Lassen,035,31185,3854,3396,34,3430,1
2020-12-16,Los Angeles,037,10098052,624559,557907,14578,572485,8561
2020-12-16,Madera,039,155013,9327,8278,312,8590,62
2020-12-16,Marin,041,260295,9122,8641,58,8699,142
2020-12-16,Mariposa,043,17540,197,175,2,177,3
2020-12-16,Mendocino,045,87422,2129,1929,20,1949,23
2020-12-16,Merced,047,269075,16747,15443,254,15697,190
2020-12-16,Modoc,049,8938,213,178,66,244,0
2020-12-16,Mono,051,14174,781,702,12,714,3
2020-12-16,Monterey,053,433212,23565,21107,545,21652,163
2020-12-16,Napa,055,140530,5029,4544,24,4568,23
2020-12-16,Nevada,057,99092,2399,2149,72,2221,13
2020-12-16,Orange,059,3164182,131680,115260,4627,119887,1712
2020-12-16,Placer,061,380077,12271,10554,396,10950,96
2020-12-16,Plumas,063,18699,404,319,8,327,0
2020-12-16,Riverside,065,2383286,151125,135751,5695,141446,1664
2020-12-16,Sacramento,067,1510023,57244,52166,416,52582,715
2020-12-16,San Benito,069,59416,2960,2582,22,2604,20
2020-12-16,San Bernardino,071,2135413,165143,143565,4149,147714,1403
2020-12-16,San Diego,073,3302833,130854,114248,5625,119873,1217
2020-12-16,San Francisco,075,870044,21059,19624,182,19806,170
2020-12-16,San Joaquin,077,732212,39573,35010,1098,36108,547
2020-12-16,San Luis Obispo,079,281455,9289,8252,197,8449,58
2020-12-16,San Mateo,081,765935,21940,19292,57,19349,179
2020-12-16,Santa Barbara,083,443738,15140,13966,362,14328,144
2020-12-16,Santa Clara,085,1922200,59376,51502,226,51728,523
2020-12-16,Santa Cruz,087,273765,7647,6536,193,6729,63
2020-12-16,Shasta,089,179085,7421,6914,529,7443,62
2020-12-16,Sierra,091,2930,23,23,0,23,0
2020-12-16,Siskiyou,093,43540,932,818,84,902,2
2020-12-16,Solano,095,438530,16012,14157,149,14306,96
2020-12-16,Sonoma,097,501317,16992,15768,97,15865,170
2020-12-16,Stanislaus,099,539301,30861,28279,2467,30746,489
2020-12-16,Sutter,101,95872,5728,5223,40,5263,39
2020-12-16,Tehama,103,63373,2630,2441,181,2622,9
2020-12-16,Trinity,105,12862,383,212,53,265,2
2020-12-16,Tulare,107,460477,30037,27500,2885,30385,352
2020-12-16,Tuolumne,109,53932,2162,1941,8,1949,11
2020-12-16,Ventura,111,848112,33044,28566,1232,29798,203
2020-12-16,Yolo,113,214977,7450,6649,44,6693,103
2020-12-16,Yuba,115,75493,3295,2980,31,3011,11
2020-12-15,Alameda,001,1643700,44256,40026,683,40709,492
2020-12-15,Alpine,003,1148,65,64,0,64,0
2020-12-15,Amador,005,37829,1919,1669,10,1679,19
2020-12-15,Butte,007,227075,6288,5565,577,6142,75
2020-12-15,Calaveras,009,45235,892,799,0,799,21
2020-12-15,Colusa,011,21464,1129,1026,42,1068,7
2020-12-15,Contra Costa,013,1133247,34712,31423,322,31745,281
2020-12-15,Del Norte,015,27424,665,564,0,564,1
2020-12-15,El Dorado,017,186661,5017,4113,160,4273,9
2020-12-15,Fresno,019,978130,58689,47316,3337,50653,574
2020-12-15,Glenn,021,27897,1330,1207,158,1365,9
2020-12-15,Humboldt,023,135768,1432,1276,5,1281,12
2020-12-15,Imperial,025,180216,21065,19756,714,20470,380
2020-12-15,Inyo,027,18085,513,394,6,400,16
2020-12-15,Kern,029,883053,57027,52002,3472,55474,511
2020-12-15,Kings,031,150075,14779,13652,393,14045,97
2020-12-15,Lake,033,64148,1555,1341,0,1341,21
2020-12-15,Lassen,035,31185,3682,3378,33,3411,1
2020-12-15,Los Angeles,037,10098052,608183,536258,13934,550192,8429
2020-12-15,Madera,039,155013,9173,8118,305,8423,60
2020-12-15,Marin,041,260295,9014,8528,56,8584,141
2020-12-15,Mariposa,043,17540,193,171,2,173,3
2020-12-15,Mendocino,045,87422,2102,1883,20,1903,24
2020-12-15,Merced,047,269075,16449,15120,250,15370,190
2020-12-15,Modoc,049,8938,211,179,66,245,0
2020-12-15,Mono,051,14174,765,702,12,714,3
2020-12-15,Monterey,053,433212,22967,19905,484,20389,161
2020-12-15,Napa,055,140530,4926,4440,24,4464,23
2020-12-15,Nevada,057,99092,2366,2117,70,2187,11
2020-12-15,Orange,059,3164182,128023,112893,4473,117366,1689
2020-12-15,Placer,061,380077,12037,10301,374,10675,95
2020-12-15,Plumas,063,18699,399,313,8,321,0
2020-12-15,Riverside,065,2383286,147067,131822,5416,137238,1624
2020-12-15,Sacramento,067,1510023,56227,51076,403,51479,703
2020-12-15,San Benito,069,59416,2881,2520,21,2541,19
2020-12-15,San Bernardino,071,2135413,160688,137548,3998,141546,1351
2020-12-15,San Diego,073,3302833,127288,111441,5462,116903,1194
2020-12-15,San Francisco,075,870044,20750,19283,179,19462,171
2020-12-15,San Joaquin,077,732212,38650,33849,1061,34910,537
2020-12-15,San Luis Obispo,079,281455,9180,8074,194,8268,55
2020-12-15,San Mateo,081,765935,21530,18907,55,18962,178
2020-12-15,Santa Barbara,083,443738,14914,13782,354,14136,144
2020-12-15,Santa Clara,085,1922200,57940,50311,223,50534,505
2020-12-15,Santa Cruz,087,273765,7462,6361,179,6540,59
2020-12-15,Shasta,089,179085,7362,6794,504,7298,54
2020-12-15,Sierra,091,2930,23,23,0,23,0
2020-12-15,Siskiyou,093,43540,923,812,83,895,2
2020-12-15,Solano,095,438530,15662,13796,149,13945,95
2020-12-15,Sonoma,097,501317,16771,15406,97,15503,167
2020-12-15,Stanislaus,099,539301,30347,27823,2386,30209,485
2020-12-15,Sutter,101,95872,5630,5080,39,5119,36
2020-12-15,Tehama,103,63373,2592,2392,176,2568,9
2020-12-15,Trinity,105,12862,375,213,51,264,1
2020-12-15,Tulare,107,460477,29547,27026,2795,29821,342
2020-12-15,Tuolumne,109,53932,2132,1874,8,1882,8
2020-12-15,Ventura,111,848112,32422,27936,1185,29121,201
2020-12-15,Yolo,113,214977,7327,6531,42,6573,104
2020-12-15,Yuba,115,75493,3201,2891,30,2921,11
2020-12-14,Alameda,001,1643700,43358,39252,664,39916,487
2020-12-14,Alpine,003,1148,65,63,0,63,0
2020-12-14,Amador,005,37829,1847,1609,10,1619,19
2020-12-14,Butte,007,227075,6120,5202,560,5762,75
2020-12-14,Calaveras,009,45235,854,718,0,718,21
2020-12-14,Colusa,011,21464,1105,949,41,990,7
2020-12-14,Contra Costa,013,1133247,34013,30594,308,30902,281
2020-12-14,Del Norte,015,27424,659,560,0,560,1
2020-12-14,El Dorado,017,186661,4861,4018,144,4162,9
2020-12-14,Fresno,019,978130,57665,44726,3157,47883,560
2020-12-14,Glenn,021,27897,1304,1186,150,1336,9
2020-12-14,Humboldt,023,135768,1419,1256,5,1261,9
2020-12-14,Imperial,025,180216,20827,19608,636,20244,379
2020-12-14,Inyo,027,18085,499,382,6,388,16
2020-12-14,Kern,029,883053,55990,50538,3351,53889,510
2020-12-14,Kings,031,150075,14594,13491,366,13857,97
2020-12-14,Lake,033,64148,1506,1301,0,1301,21
2020-12-14,Lassen,035,31185,3584,2905,30,2935,1
2020-12-14,Los Angeles,037,10098052,590561,524668,13288,537956,8340
2020-12-14,Madera,039,155013,8906,8011,296,8307,60
2020-12-14,Marin,041,260295,8931,8475,55,8530,141
2020-12-14,Mariposa,043,17540,192,171,2,173,3
2020-12-14,Mendocino,045,87422,2081,1845,20,1865,24
2020-12-14,Merced,047,269075,16041,14572,236,14808,189
2020-12-14,Modoc,049,8938,205,180,64,244,0
2020-12-14,Mono,051,14174,757,685,12,697,3
2020-12-14,Monterey,053,433212,22445,19154,478,19632,155
2020-12-14,Napa,055,140530,4833,4289,24,4313,22
2020-12-14,Nevada,057,99092,2327,2070,67,2137,11
2020-12-14,Orange,059,3164182,124133,108602,4337,112939,1688
2020-12-14,Placer,061,380077,11756,9551,363,9914,95
2020-12-14,Plumas,063,18699,387,309,8,317,0
2020-12-14,Riverside,065,2383286,142937,123715,5154,128869,1588
2020-12-14,Sacramento,067,1510023,55121,50304,378,50682,691
2020-12-14,San Benito,069,59416,2815,2467,20,2487,19
2020-12-14,San Bernardino,071,2135413,156243,129151,3870,133021,1347
2020-12-14,San Diego,073,3302833,123552,109578,5277,114855,1162
2020-12-14,San Francisco,075,870044,20373,18904,177,19081,171
2020-12-14,San Joaquin,077,732212,37806,32522,1015,33537,534
2020-12-14,San Luis Obispo,079,281455,8934,7791,190,7981,52
2020-12-14,San Mateo,081,765935,21031,18361,52,18413,178
2020-12-14,Santa Barbara,083,443738,14641,13587,346,13933,144
2020-12-14,Santa Clara,085,1922200,56378,49180,211,49391,502
2020-12-14,Santa Cruz,087,273765,7276,6049,164,6213,54
2020-12-14,Shasta,089,179085,7273,6665,485,7150,54
2020-12-14,Sierra,091,2930,23,21,0,21,0
2020-12-14,Siskiyou,093,43540,900,764,77,841,2
2020-12-14,Solano,095,438530,15300,13352,148,13500,93
2020-12-14,Sonoma,097,501317,16464,14807,96,14903,167
2020-12-14,Stanislaus,099,539301,29813,27311,2337,29648,485
2020-12-14,Sutter,101,95872,5525,5001,32,5033,35
2020-12-14,Tehama,103,63373,2547,2344,173,2517,9
2020-12-14,Trinity,105,12862,371,205,49,254,1
2020-12-14,Tulare,107,460477,29074,25735,2704,28439,341
2020-12-14,Tuolumne,109,53932,2079,1647,8,1655,8
2020-12-14,Ventura,111,848112,31499,27436,1126,28562,202
2020-12-14,Yolo,113,214977,7167,6389,41,6430,95
2020-12-14,Yuba,115,75493,3139,2851,30,2881,11
2020-12-13,Alameda,001,1643700,42161,38064,638,38702,486
2020-12-13,Alpine,003,1148,65,63,0,63,0
2020-12-13,Amador,005,37829,1791,1457,9,1466,19
2020-12-13,Butte,007,227075,5971,5103,518,5621,75
2020-12-13,Calaveras,009,45235,818,710,0,710,21
2020-12-13,Colusa,011,21464,1089,945,37,982,7
2020-12-13,Contra Costa,013,1133247,33285,29667,302,29969,281
2020-12-13,Del Norte,015,27424,606,542,0,542,1
2020-12-13,El Dorado,017,186661,4760,3770,133,3903,9
2020-12-13,Fresno,019,978130,56558,44114,2997,47111,559
2020-12-13,Glenn,021,27897,1291,1171,139,1310,9
2020-12-13,Humboldt,023,135768,1396,1238,4,1242,9
2020-12-13,Imperial,025,180216,20534,19472,508,19980,379
2020-12-13,Inyo,027,18085,478,380,6,386,16
2020-12-13,Kern,029,883053,54959,49051,3197,52248,510
2020-12-13,Kings,031,150075,14314,13357,348,13705,97
2020-12-13,Lake,033,64148,1463,1271,0,1271,21
2020-12-13,Lassen,035,31185,3477,2867,25,2892,1
2020-12-13,Los Angeles,037,10098052,572952,517472,12578,530050,8294
2020-12-13,Madera,039,155013,8724,7909,282,8191,60
2020-12-13,Marin,041,260295,8811,8409,55,8464,141
2020-12-13,Mariposa,043,17540,188,167,2,169,3
2020-12-13,Mendocino,045,87422,2047,1793,20,1813,24
2020-12-13,Merced,047,269075,15690,14384,233,14617,189
2020-12-13,Modoc,049,8938,192,179,58,237,0
2020-12-13,Mono,051,14174,741,675,12,687,3
2020-12-13,Monterey,053,433212,22022,18913,464,19377,153
2020-12-13,Napa,055,140530,4727,4194,24,4218,22
2020-12-13,Nevada,057,99092,2279,2030,65,2095,11
2020-12-13,Orange,059,3164182,120200,104768,4163,108931,1688
2020-12-13,Placer,061,380077,11442,9405,345,9750,95
2020-12-13,Plumas,063,18699,381,291,8,299,0
2020-12-13,Riverside,065,2383286,138807,119691,4891,124582,1581
2020-12-13,Sacramento,067,1510023,53852,49480,349,49829,682
2020-12-13,San Benito,069,59416,2745,2408,19,2427,19
2020-12-13,San Bernardino,071,2135413,151346,126718,3707,130425,1333
2020-12-13,San Diego,073,3302833,119952,107372,5108,112480,1162
2020-12-13,San Francisco,075,870044,20028,18686,168,18854,167
2020-12-13,San Joaquin,077,732212,37002,32170,975,33145,534
2020-12-13,San Luis Obispo,079,281455,8744,7625,182,7807,52
2020-12-13,San Mateo,081,765935,20540,18090,46,18136,177
2020-12-13,Santa Barbara,083,443738,14371,13249,331,13580,144
2020-12-13,Santa Clara,085,1922200,54952,47920,202,48122,499
2020-12-13,Santa Cruz,087,273765,7027,5986,153,6139,54
2020-12-13,Shasta,089,179085,7199,6647,459,7106,54
2020-12-13,Sierra,091,2930,23,21,0,21,0
2020-12-13,Siskiyou,093,43540,888,762,72,834,2
2020-12-13,Solano,095,438530,14862,13276,145,13421,93
2020-12-13,Sonoma,097,501317,16148,14495,95,14590,167
2020-12-13,Stanislaus,099,539301,29248,26569,2275,28844,485
2020-12-13,Sutter,101,95872,5397,4798,28,4826,34
2020-12-13,Tehama,103,63373,2501,2325,158,2483,9
2020-12-13,Trinity,105,12862,365,204,49,253,1
2020-12-13,Tulare,107,460477,28583,25496,2617,28113,340
2020-12-13,Tuolumne,109,53932,2017,1611,8,1619,8
2020-12-13,Ventura,111,848112,30496,26588,1063,27651,202
2020-12-13,Yolo,113,214977,6983,6265,35,6300,95
2020-12-13,Yuba,115,75493,3074,2754,27,2781,11
2020-12-12,Alameda,001,1643700,41717,37027,618,37645,486
2020-12-12,Alpine,003,1148,65,63,0,63,0
2020-12-12,Amador,005,37829,1763,1236,8,1244,19
2020-12-12,Butte,007,227075,5898,4972,506,5478,73
2020-12-12,Calaveras,009,45235,808,708,0,708,21
2020-12-12,Colusa,011,21464,1069,945,35,980,7
2020-12-12,Contra Costa,013,1133247,32941,29506,293,29799,281
2020-12-12,Del Norte,015,27424,598,529,0,529,1
2020-12-12,El Dorado,017,186661,4685,3706,116,3822,9
2020-12-12,Fresno,019,978130,56207,43756,2937,46693,559
2020-12-12,Glenn,021,27897,1283,1143,135,1278,8
2020-12-12,Humboldt,023,135768,1377,1208,4,1212,9
2020-12-12,Imperial,025,180216,20450,18947,450,19397,379
2020-12-12,Inyo,027,18085,474,380,6,386,16
2020-12-12,Kern,029,883053,54439,48194,3109,51303,507
2020-12-12,Kings,031,150075,14225,13205,344,13549,96
2020-12-12,Lake,033,64148,1447,1232,0,1232,21
2020-12-12,Lassen,035,31185,3454,2866,22,2888,1
2020-12-12,Los Angeles,037,10098052,566152,504317,12069,516386,8269
2020-12-12,Madera,039,155013,8597,7765,279,8044,59
2020-12-12,Marin,041,260295,8757,8363,54,8417,141
2020-12-12,Mariposa,043,17540,187,164,2,166,3
2020-12-12,Mendocino,045,87422,2011,1771,20,1791,24
2020-12-12,Merced,047,269075,15599,14181,229,14410,188
2020-12-12,Modoc,049,8938,191,169,55,224,0
2020-12-12,Mono,051,14174,734,640,12,652,3
2020-12-12,Monterey,053,433212,21911,18596,435,19031,151
2020-12-12,Napa,055,140530,4682,4113,24,4137,22
2020-12-12,Nevada,057,99092,2261,1981,63,2044,10
2020-12-12,Orange,059,3164182,118316,100468,4015,104483,1674
2020-12-12,Placer,061,380077,11277,9390,340,9730,95
2020-12-12,Plumas,063,18699,375,291,8,299,0
2020-12-12,Riverside,065,2383286,136750,118335,4686,123021,1579
2020-12-12,Sacramento,067,1510023,53268,48319,336,48655,673
2020-12-12,San Benito,069,59416,2689,2355,19,2374,19
2020-12-12,San Bernardino,071,2135413,149716,125741,3605,129346,1321
2020-12-12,San Diego,073,3302833,118331,104958,5011,109969,1151
2020-12-12,San Francisco,075,870044,19838,18413,164,18577,167
2020-12-12,San Joaquin,077,732212,36675,32200,944,33144,534
2020-12-12,San Luis Obispo,079,281455,8645,7462,176,7638,50
2020-12-12,San Mateo,081,765935,20319,17574,45,17619,177
2020-12-12,Santa Barbara,083,443738,14219,13174,323,13497,144
2020-12-12,Santa Clara,085,1922200,54002,45892,199,46091,498
2020-12-12,Santa Cruz,087,273765,6929,5905,144,6049,54
2020-12-12,Shasta,089,179085,7165,6551,441,6992,54
2020-12-12,Sierra,091,2930,23,21,0,21,0
2020-12-12,Siskiyou,093,43540,886,762,69,831,2
2020-12-12,Solano,095,438530,14664,12748,138,12886,93
2020-12-12,Sonoma,097,501317,16028,14466,95,14561,166
2020-12-12,Stanislaus,099,539301,28947,26246,2223,28469,483
2020-12-12,Sutter,101,95872,5335,4717,28,4745,32
2020-12-12,Tehama,103,63373,2483,2252,152,2404,9
2020-12-12,Trinity,105,12862,363,204,47,251,1
2020-12-12,Tulare,107,460477,28324,25333,2559,27892,341
2020-12-12,Tuolumne,109,53932,1974,1536,8,1544,8
2020-12-12,Ventura,111,848112,30052,25955,1030,26985,202
2020-12-12,Yolo,113,214977,6901,6116,33,6149,95
2020-12-12,Yuba,115,75493,3047,2692,26,2718,10
2020-12-11,Alameda,001,1643700,41150,36281,606,36887,482
2020-12-11,Alpine,003,1148,65,63,0,63,0
2020-12-11,Amador,005,37829,1747,1213,8,1221,19
2020-12-11,Butte,007,227075,5825,4941,488,5429,73
2020-12-11,Calaveras,009,45235,792,697,0,697,21
2020-12-11,Colusa,011,21464,1059,923,33,956,7
2020-12-11,Contra Costa,013,1133247,32517,29036,289,29325,282
2020-12-11,Del Norte,015,27424,592,505,0,505,1
2020-12-11,El Dorado,017,186661,4604,3669,101,3770,9
2020-12-11,Fresno,019,978130,55195,43071,2871,45942,550
2020-12-11,Glenn,021,27897,1267,1135,130,1265,8
2020-12-11,Humboldt,023,135768,1359,1190,4,1194,9
2020-12-11,Imperial,025,180216,20360,18599,406,19005,377
2020-12-11,Inyo,027,18085,462,372,6,378,16
2020-12-11,Kern,029,883053,53761,47664,3047,50711,502
2020-12-11,Kings,031,150075,14081,13118,340,13458,94
2020-12-11,Lake,033,64148,1434,1205,0,1205,21
2020-12-11,Lassen,035,31185,3442,2790,21,2811,1
2020-12-11,Los Angeles,037,10098052,554352,493592,11656,505248,8198
2020-12-11,Madera,039,155013,8506,7648,269,7917,59
2020-12-11,Marin,041,260295,8664,8317,53,8370,141
2020-12-11,Mariposa,043,17540,186,164,2,166,3
2020-12-11,Mendocino,045,87422,1987,1769,20,1789,24
2020-12-11,Merced,047,269075,15479,14038,221,14259,186
2020-12-11,Modoc,049,8938,191,168,54,222,0
2020-12-11,Mono,051,14174,724,631,12,643,3
2020-12-11,Monterey,053,433212,21610,18421,430,18851,150
2020-12-11,Napa,055,140530,4627,4054,24,4078,22
2020-12-11,Nevada,057,99092,2244,1959,60,2019,10
2020-12-11,Orange,059,3164182,116008,98357,3913,102270,1656
2020-12-11,Placer,061,380077,11115,8904,324,9228,93
2020-12-11,Plumas,063,18699,367,286,8,294,0
2020-12-11,Riverside,065,2383286,133682,115329,4466,119795,1573
2020-12-11,Sacramento,067,1510023,52606,47468,328,47796,669
2020-12-11,San Benito,069,59416,2638,2319,19,2338,19
2020-12-11,San Bernardino,071,2135413,147027,123092,3489,126581,1313
2020-12-11,San Diego,073,3302833,116371,102468,4928,107396,1137
2020-12-11,San Francisco,075,870044,19608,18246,163,18409,165
2020-12-11,San Joaquin,077,732212,36329,32044,916,32960,534
2020-12-11,San Luis Obispo,079,281455,8484,7415,174,7589,49
2020-12-11,San Mateo,081,765935,20048,17240,34,17274,177
2020-12-11,Santa Barbara,083,443738,14076,12997,315,13312,144
2020-12-11,Santa Clara,085,1922200,52996,45101,190,45291,494
2020-12-11,Santa Cruz,087,273765,6816,5764,135,5899,50
2020-12-11,Shasta,089,179085,7120,6459,434,6893,54
2020-12-11,Sierra,091,2930,23,19,0,19,0
2020-12-11,Siskiyou,093,43540,879,753,66,819,2
2020-12-11,Solano,095,438530,14478,12554,134,12688,92
2020-12-11,Sonoma,097,501317,15861,14298,93,14391,166
2020-12-11,Stanislaus,099,539301,28679,25928,2180,28108,464
2020-12-11,Sutter,101,95872,5272,4600,27,4627,30
2020-12-11,Tehama,103,63373,2453,2232,148,2380,9
2020-12-11,Trinity,105,12862,360,204,47,251,1
2020-12-11,Tulare,107,460477,27964,24953,2512,27465,338
2020-12-11,Tuolumne,109,53932,1960,1510,8,1518,8
2020-12-11,Ventura,111,848112,29446,24999,1008,26007,202
2020-12-11,Yolo,113,214977,6795,6006,32,6038,95
2020-12-11,Yuba,115,75493,2987,2649,25,2674,10
2020-12-10,Alameda,001,1643700,40380,35686,584,36270,477
2020-12-10,Alpine,003,1148,65,63,0,63,0
2020-12-10,Amador,005,37829,1690,1191,8,1199,18
2020-12-10,Butte,007,227075,5709,4863,461,5324,72
2020-12-10,Calaveras,009,45235,774,684,0,684,21
2020-12-10,Colusa,011,21464,1036,909,28,937,7
2020-12-10,Contra Costa,013,1133247,31836,28413,283,28696,276
2020-12-10,Del Norte,015,27424,582,501,0,501,1
2020-12-10,El Dorado,017,186661,4486,3557,96,3653,9
2020-12-10,Fresno,019,978130,54216,42461,2728,45189,540
2020-12-10,Glenn,021,27897,1247,1126,121,1247,8
2020-12-10,Humboldt,023,135768,1339,1140,4,1144,9
2020-12-10,Imperial,025,180216,20144,18333,328,18661,370
2020-12-10,Inyo,027,18085,441,365,6,371,15
2020-12-10,Kern,029,883053,52777,47176,2881,50057,499
2020-12-10,Kings,031,150075,13923,12993,334,13327,92
2020-12-10,Lake,033,64148,1393,1167,0,1167,21
2020-12-10,Lassen,035,31185,3420,2764,17,2781,0
2020-12-10,Los Angeles,037,10098052,540388,480354,11117,491471,8149
2020-12-10,Madera,039,155013,8400,7445,254,7699,59
2020-12-10,Marin,041,260295,8611,8245,52,8297,140
2020-12-10,Mariposa,043,17540,185,160,2,162,3
2020-12-10,Mendocino,045,87422,1961,1748,17,1765,24
2020-12-10,Merced,047,269075,15233,13756,218,13974,186
2020-12-10,Modoc,049,8938,186,165,52,217,0
2020-12-10,Mono,051,14174,719,601,12,613,3
2020-12-10,Monterey,053,433212,21129,18266,420,18686,145
2020-12-10,Napa,055,140530,4541,3974,23,3997,22
2020-12-10,Nevada,057,99092,2208,1919,60,1979,10
2020-12-10,Orange,059,3164182,112911,95297,3751,99048,1651
2020-12-10,Placer,061,380077,10862,8906,306,9212,90
2020-12-10,Plumas,063,18699,356,281,8,289,0
2020-12-10,Riverside,065,2383286,129996,112794,4197,116991,1552
2020-12-10,Sacramento,067,1510023,51708,46471,307,46778,664
2020-12-10,San Benito,069,59416,2578,2268,18,2286,19
2020-12-10,San Bernardino,071,2135413,142798,120186,3315,123501,1306
2020-12-10,San Diego,073,3302833,113846,99601,4779,104380,1114
2020-12-10,San Francisco,075,870044,19296,17945,155,18100,164
2020-12-10,San Joaquin,077,732212,35694,31228,886,32114,534
2020-12-10,San Luis Obispo,079,281455,8321,7245,163,7408,49
2020-12-10,San Mateo,081,765935,19603,16701,24,16725,177
2020-12-10,Santa Barbara,083,443738,13897,12788,306,13094,143
2020-12-10,Santa Clara,085,1922200,51858,43939,175,44114,491
2020-12-10,Santa Cruz,087,273765,6649,5645,122,5767,48
2020-12-10,Shasta,089,179085,7052,6312,409,6721,53
2020-12-10,Sierra,091,2930,23,18,0,18,0
2020-12-10,Siskiyou,093,43540,869,712,65,777,2
2020-12-10,Solano,095,438530,14111,12017,128,12145,90
2020-12-10,Sonoma,097,501317,15606,14282,91,14373,167
2020-12-10,Stanislaus,099,539301,28216,25582,2111,27693,464
2020-12-10,Sutter,101,95872,5142,4528,25,4553,27
2020-12-10,Tehama,103,63373,2410,2190,138,2328,9
2020-12-10,Trinity,105,12862,356,202,45,247,1
2020-12-10,Tulare,107,460477,27510,24506,2446,26952,337
2020-12-10,Tuolumne,109,53932,1718,1451,8,1459,8
2020-12-10,Ventura,111,848112,28595,24075,964,25039,202
2020-12-10,Yolo,113,214977,6675,5896,31,5927,95
2020-12-10,Yuba,115,75493,2923,2604,24,2628,10
2020-12-09,Alameda,001,1643700,39537,35047,562,35609,470
2020-12-09,Alpine,003,1148,65,58,0,58,0
2020-12-09,Amador,005,37829,1647,1121,8,1129,19
2020-12-09,Butte,007,227075,5566,4733,441,5174,70
2020-12-09,Calaveras,009,45235,747,670,0,670,21
2020-12-09,Colusa,011,21464,1021,896,27,923,7
2020-12-09,Contra Costa,013,1133247,31130,28308,272,28580,273
2020-12-09,Del Norte,015,27424,569,481,0,481,2
2020-12-09,El Dorado,017,186661,4351,3449,88,3537,8
2020-12-09,Fresno,019,978130,53214,41954,2574,44528,533
2020-12-09,Glenn,021,27897,1233,1107,115,1222,8
2020-12-09,Humboldt,023,135768,1307,1086,4,1090,10
2020-12-09,Imperial,025,180216,19890,17757,291,18048,368
2020-12-09,Inyo,027,18085,428,356,6,362,15
2020-12-09,Kern,029,883053,51618,46379,2739,49118,494
2020-12-09,Kings,031,150075,13778,12716,326,13042,92
2020-12-09,Lake,033,64148,1366,1158,0,1158,20
2020-12-09,Lassen,035,31185,3351,2331,15,2346,0
2020-12-09,Los Angeles,037,10098052,526911,467971,10565,478536,8075
2020-12-09,Madera,039,155013,8287,7216,251,7467,59
2020-12-09,Marin,041,260295,8549,8182,51,8233,138
2020-12-09,Mariposa,043,17540,183,154,2,156,3
2020-12-09,Mendocino,045,87422,1935,1703,16,1719,24
2020-12-09,Merced,047,269075,14992,13588,211,13799,183
2020-12-09,Modoc,049,8938,181,146,43,189,0
2020-12-09,Mono,051,14174,707,601,12,613,3
2020-12-09,Monterey,053,433212,20728,17891,412,18303,143
2020-12-09,Napa,055,140530,4455,3858,22,3880,21
2020-12-09,Nevada,057,99092,2155,1864,60,1924,10
2020-12-09,Orange,059,3164182,109821,93763,3579,97342,1629
2020-12-09,Placer,061,380077,10600,8588,292,8880,85
2020-12-09,Plumas,063,18699,348,271,8,279,0
2020-12-09,Riverside,065,2383286,126298,110376,3990,114366,1543
2020-12-09,Sacramento,067,1510023,50644,45284,280,45564,659
2020-12-09,San Benito,069,59416,2505,2217,16,2233,19
2020-12-09,San Bernardino,071,2135413,138519,114516,3122,117638,1305
2020-12-09,San Diego,073,3302833,110866,97551,4640,102191,1103
2020-12-09,San Francisco,075,870044,18995,17628,154,17782,163
2020-12-09,San Joaquin,077,732212,34876,30539,861,31400,531
2020-12-09,San Luis Obispo,079,281455,8102,7105,155,7260,47
2020-12-09,San Mateo,081,765935,19152,16422,23,16445,175
2020-12-09,Santa Barbara,083,443738,13697,12630,296,12926,142
2020-12-09,Santa Clara,085,1922200,50710,42912,159,43071,489
2020-12-09,Santa Cruz,087,273765,6490,5527,107,5634,47
2020-12-09,Shasta,089,179085,6987,6105,395,6500,52
2020-12-09,Sierra,091,2930,23,18,0,18,0
2020-12-09,Siskiyou,093,43540,858,713,64,777,2
2020-12-09,Solano,095,438530,13763,11862,120,11982,90
2020-12-09,Sonoma,097,501317,15350,13994,88,14082,164
2020-12-09,Stanislaus,099,539301,27718,25157,2051,27208,463
2020-12-09,Sutter,101,95872,5024,4418,21,4439,24
2020-12-09,Tehama,103,63373,2374,2102,134,2236,9
2020-12-09,Trinity,105,12862,348,199,42,241,0
2020-12-09,Tulare,107,460477,26914,24124,2368,26492,334
2020-12-09,Tuolumne,109,53932,1685,1319,8,1327,8
2020-12-09,Ventura,111,848112,27732,23830,922,24752,201
2020-12-09,Yolo,113,214977,6551,5760,29,5789,95
2020-12-09,Yuba,115,75493,2855,2513,23,2536,10
2020-12-08,Alameda,001,1643700,38639,34373,546,34919,469
2020-12-08,Alpine,003,1148,64,53,0,53,0
2020-12-08,Amador,005,37829,1361,1043,8,1051,17
2020-12-08,Butte,007,227075,5407,4651,400,5051,70
2020-12-08,Calaveras,009,45235,723,657,0,657,21
2020-12-08,Colusa,011,21464,1005,875,26,901,6
2020-12-08,Contra Costa,013,1133247,30427,27926,255,28181,270
2020-12-08,Del Norte,015,27424,553,465,0,465,2
2020-12-08,El Dorado,017,186661,4227,3296,75,3371,8
2020-12-08,Fresno,019,978130,51951,41574,2416,43990,529
2020-12-08,Glenn,021,27897,1213,1094,107,1201,8
2020-12-08,Humboldt,023,135768,1281,1059,4,1063,10
2020-12-08,Imperial,025,180216,19373,17568,282,17850,363
2020-12-08,Inyo,027,18085,405,333,6,339,15
2020-12-08,Kern,029,883053,50324,45116,2582,47698,487
2020-12-08,Kings,031,150075,13624,12623,317,12940,90
2020-12-08,Lake,033,64148,1324,1127,0,1127,20
2020-12-08,Lassen,035,31185,3195,2165,15,2180,0
2020-12-08,Los Angeles,037,10098052,514225,459738,10080,469818,8004
2020-12-08,Madera,039,155013,8156,7082,238,7320,59
2020-12-08,Marin,041,260295,8469,8099,50,8149,137
2020-12-08,Mariposa,043,17540,179,150,2,152,2
2020-12-08,Mendocino,045,87422,1893,1666,16,1682,23
2020-12-08,Merced,047,269075,14680,13380,210,13590,181
2020-12-08,Modoc,049,8938,173,138,40,178,0
2020-12-08,Mono,051,14174,693,597,12,609,3
2020-12-08,Monterey,053,433212,20154,17752,405,18157,134
2020-12-08,Napa,055,140530,4368,3778,21,3799,22
2020-12-08,Nevada,057,99092,2101,1809,57,1866,11
2020-12-08,Orange,059,3164182,106601,91406,3414,94820,1629
2020-12-08,Placer,061,380077,10332,8224,287,8511,82
2020-12-08,Plumas,063,18699,338,258,8,266,0
2020-12-08,Riverside,065,2383286,122935,107620,3810,111430,1514
2020-12-08,Sacramento,067,1510023,49580,44635,265,44900,649
2020-12-08,San Benito,069,59416,2452,2180,16,2196,18
2020-12-08,San Bernardino,071,2135413,134171,110676,2996,113672,1301
2020-12-08,San Diego,073,3302833,107495,95447,4483,99930,1088
2020-12-08,San Francisco,075,870044,18685,17384,152,17536,162
2020-12-08,San Joaquin,077,732212,33981,30225,828,31053,530
2020-12-08,San Luis Obispo,079,281455,7973,6903,144,7047,45
2020-12-08,San Mateo,081,765935,18752,16305,23,16328,175
2020-12-08,Santa Barbara,083,443738,13513,12516,287,12803,141
2020-12-08,Santa Clara,085,1922200,49404,41309,150,41459,484
2020-12-08,Santa Cruz,087,273765,6312,5374,105,5479,45
2020-12-08,Shasta,089,179085,6878,5946,387,6333,50
2020-12-08,Sierra,091,2930,22,18,0,18,0
2020-12-08,Siskiyou,093,43540,844,704,62,766,2
2020-12-08,Solano,095,438530,13361,11669,118,11787,89
2020-12-08,Sonoma,097,501317,15091,13601,87,13688,164
2020-12-08,Stanislaus,099,539301,27228,24793,1986,26779,461
2020-12-08,Sutter,101,95872,4928,4342,20,4362,24
2020-12-08,Tehama,103,63373,2294,2057,126,2183,9
2020-12-08,Trinity,105,12862,339,198,41,239,0
2020-12-08,Tulare,107,460477,26310,23607,2307,25914,330
2020-12-08,Tuolumne,109,53932,1661,1264,8,1272,7
2020-12-08,Ventura,111,848112,27069,23665,879,24544,195
2020-12-08,Yolo,113,214977,6420,5560,29,5589,90
2020-12-08,Yuba,115,75493,2778,2477,23,2500,10
2020-12-07,Alameda,001,1643700,37773,33887,511,34398,466
2020-12-07,Alpine,003,1148,63,53,0,53,0
2020-12-07,Amador,005,37829,1286,993,7,1000,17
2020-12-07,Butte,007,227075,5272,4604,378,4982,67
2020-12-07,Calaveras,009,45235,691,606,0,606,21
2020-12-07,Colusa,011,21464,980,825,24,849,6
2020-12-07,Contra Costa,013,1133247,29813,27307,242,27549,270
2020-12-07,Del Norte,015,27424,541,424,0,424,2
2020-12-07,El Dorado,017,186661,4048,3275,68,3343,8
2020-12-07,Fresno,019,978130,50476,41098,2294,43392,526
2020-12-07,Glenn,021,27897,1194,1085,101,1186,8
2020-12-07,Humboldt,023,135768,1246,1023,4,1027,9
2020-12-07,Imperial,025,180216,18951,17234,268,17502,364
2020-12-07,Inyo,027,18085,390,333,6,339,15
2020-12-07,Kern,029,883053,49299,44409,2446,46855,486
2020-12-07,Kings,031,150075,13481,12412,307,12719,90
2020-12-07,Lake,033,64148,1295,1090,0,1090,20
2020-12-07,Lassen,035,31185,3098,2167,15,2182,0
2020-12-07,Los Angeles,037,10098052,500565,451052,9638,460690,7937
2020-12-07,Madera,039,155013,7891,6935,233,7168,59
2020-12-07,Marin,041,260295,8411,8049,49,8098,136
2020-12-07,Mariposa,043,17540,176,146,2,148,2
2020-12-07,Mendocino,045,87422,1857,1638,14,1652,23
2020-12-07,Merced,047,269075,14321,13250,200,13450,179
2020-12-07,Modoc,049,8938,166,128,37,165,0
2020-12-07,Mono,051,14174,680,590,12,602,3
2020-12-07,Monterey,053,433212,19673,17746,393,18139,132
2020-12-07,Napa,055,140530,4277,3684,21,3705,21
2020-12-07,Nevada,057,99092,2052,1777,56,1833,11
2020-12-07,Orange,059,3164182,103339,89793,3295,93088,1628
2020-12-07,Placer,061,380077,10005,7911,273,8184,82
2020-12-07,Plumas,063,18699,326,256,5,261,0
2020-12-07,Riverside,065,2383286,119737,102363,3627,105990,1491
2020-12-07,Sacramento,067,1510023,48485,43419,247,43666,638
2020-12-07,San Benito,069,59416,2401,2165,15,2180,18
2020-12-07,San Bernardino,071,2135413,130222,108161,2877,111038,1295
2020-12-07,San Diego,073,3302833,104706,94171,4302,98473,1062
2020-12-07,San Francisco,075,870044,18394,17220,145,17365,161
2020-12-07,San Joaquin,077,732212,33106,28188,801,28989,530
2020-12-07,San Luis Obispo,079,281455,7791,6782,137,6919,45
2020-12-07,San Mateo,081,765935,18311,16029,22,16051,175
2020-12-07,Santa Barbara,083,443738,13272,12362,277,12639,141
2020-12-07,Santa Clara,085,1922200,48017,40621,141,40762,484
2020-12-07,Santa Cruz,087,273765,6147,5152,99,5251,41
2020-12-07,Shasta,089,179085,6755,5742,372,6114,50
2020-12-07,Sierra,091,2930,20,18,0,18,0
2020-12-07,Siskiyou,093,43540,817,652,62,714,2
2020-12-07,Solano,095,438530,13021,11354,114,11468,89
2020-12-07,Sonoma,097,501317,14807,13376,87,13463,164
2020-12-07,Stanislaus,099,539301,26670,24479,1934,26413,454
2020-12-07,Sutter,101,95872,4787,4106,20,4126,24
2020-12-07,Tehama,103,63373,2240,2030,121,2151,9
2020-12-07,Trinity,105,12862,335,194,41,235,0
2020-12-07,Tulare,107,460477,25775,22760,2250,25010,328
2020-12-07,Tuolumne,109,53932,1576,1256,7,1263,7
2020-12-07,Ventura,111,848112,26482,23354,843,24197,191
2020-12-07,Yolo,113,214977,6256,5537,28,5565,90
2020-12-07,Yuba,115,75493,2710,2428,21,2449,10
2020-12-06,Alameda,001,1643700,36785,33477,491,33968,465
2020-12-06,Alpine,003,1148,59,53,0,53,0
2020-12-06,Amador,005,37829,1223,952,6,958,17
2020-12-06,Butte,007,227075,5119,4527,344,4871,67
2020-12-06,Calaveras,009,45235,672,606,0,606,21
2020-12-06,Colusa,011,21464,963,824,21,845,6
2020-12-06,Contra Costa,013,1133247,29207,26566,235,26801,270
2020-12-06,Del Norte,015,27424,486,414,0,414,2
2020-12-06,El Dorado,017,186661,3911,3086,63,3149,8
2020-12-06,Fresno,019,978130,49521,40869,2178,43047,526
2020-12-06,Glenn,021,27897,1183,1067,97,1164,8
2020-12-06,Humboldt,023,135768,1221,1004,4,1008,9
2020-12-06,Imperial,025,180216,18640,16922,257,17179,364
2020-12-06,Inyo,027,18085,377,333,6,339,15
2020-12-06,Kern,029,883053,48310,43899,2276,46175,486
2020-12-06,Kings,031,150075,13209,12056,290,12346,90
2020-12-06,Lake,033,64148,1257,1075,0,1075,20
2020-12-06,Lassen,035,31185,2993,2168,13,2181,0
2020-12-06,Los Angeles,037,10098052,486979,443230,9190,452420,7910
2020-12-06,Madera,039,155013,7719,6826,224,7050,59
2020-12-06,Marin,041,260295,8330,8013,47,8060,136
2020-12-06,Mariposa,043,17540,175,144,2,146,2
2020-12-06,Mendocino,045,87422,1817,1614,14,1628,23
2020-12-06,Merced,047,269075,13986,12928,191,13119,179
2020-12-06,Modoc,049,8938,153,125,29,154,0
2020-12-06,Mono,051,14174,658,586,10,596,3
2020-12-06,Monterey,053,433212,19054,17426,383,17809,130
2020-12-06,Napa,055,140530,4165,3644,21,3665,21
2020-12-06,Nevada,057,99092,1993,1710,53,1763,10
2020-12-06,Orange,059,3164182,100273,87737,3165,90902,1627
2020-12-06,Placer,061,380077,9724,7837,252,8089,82
2020-12-06,Plumas,063,18699,313,254,4,258,0
2020-12-06,Riverside,065,2383286,116643,100088,3403,103491,1482
2020-12-06,Sacramento,067,1510023,47245,42808,231,43039,638
2020-12-06,San Benito,069,59416,2364,2135,15,2150,18
2020-12-06,San Bernardino,071,2135413,126079,106927,2720,109647,1286
2020-12-06,San Diego,073,3302833,101674,92173,4148,96321,1062
2020-12-06,San Francisco,075,870044,18072,17107,137,17244,161
2020-12-06,San Joaquin,077,732212,32272,28188,772,28960,530
2020-12-06,San Luis Obispo,079,281455,7625,6723,132,6855,45
2020-12-06,San Mateo,081,765935,17806,15855,19,15874,175
2020-12-06,Santa Barbara,083,443738,13040,12252,268,12520,141
2020-12-06,Santa Clara,085,1922200,46640,39112,135,39247,482
2020-12-06,Santa Cruz,087,273765,5973,5069,93,5162,40
2020-12-06,Shasta,089,179085,6614,5743,351,6094,49
2020-12-06,Sierra,091,2930,20,17,0,17,0
2020-12-06,Siskiyou,093,43540,799,652,60,712,2
2020-12-06,Solano,095,438530,12734,11354,104,11458,88
2020-12-06,Sonoma,097,501317,14518,13238,86,13324,164
2020-12-06,Stanislaus,099,539301,26118,24036,1870,25906,454
2020-12-06,Sutter,101,95872,4671,4009,19,4028,21
2020-12-06,Tehama,103,63373,2181,1982,112,2094,9
2020-12-06,Trinity,105,12862,328,181,39,220,0
2020-12-06,Tulare,107,460477,25248,22756,2181,24937,327
2020-12-06,Tuolumne,109,53932,1480,1210,7,1217,7
2020-12-06,Ventura,111,848112,25940,23035,816,23851,191
2020-12-06,Yolo,113,214977,6095,5465,23,5488,90
2020-12-06,Yuba,115,75493,2666,2340,20,2360,10
2020-12-05,Alameda,001,1643700,36426,32781,480,33261,465
2020-12-05,Alpine,003,1148,58,53,0,53,0
2020-12-05,Amador,005,37829,1199,847,6,853,17
2020-12-05,Butte,007,227075,5051,4455,325,4780,66
2020-12-05,Calaveras,009,45235,660,606,0,606,21
2020-12-05,Colusa,011,21464,945,825,18,843,6
2020-12-05,Contra Costa,013,1133247,28915,26217,228,26445,270
2020-12-05,Del Norte,015,27424,480,408,0,408,2
2020-12-05,El Dorado,017,186661,3846,3061,58,3119,8
2020-12-05,Fresno,019,978130,49202,40568,2123,42691,525
2020-12-05,Glenn,021,27897,1170,1056,91,1147,8
2020-12-05,Humboldt,023,135768,1188,979,4,983,9
2020-12-05,Imperial,025,180216,18474,16544,255,16799,362
2020-12-05,Inyo,027,18085,372,332,6,338,15
2020-12-05,Kern,029,883053,47846,43332,2190,45522,484
2020-12-05,Kings,031,150075,13128,11898,287,12185,90
2020-12-05,Lake,033,64148,1232,1069,0,1069,20
2020-12-05,Lassen,035,31185,2802,2168,11,2179,0
2020-12-05,Los Angeles,037,10098052,481180,433120,8871,441991,7888
2020-12-05,Madera,039,155013,7626,6619,217,6836,59
2020-12-05,Marin,041,260295,8303,7961,47,8008,136
2020-12-05,Mariposa,043,17540,170,143,2,145,2
2020-12-05,Mendocino,045,87422,1778,1585,14,1599,23
2020-12-05,Merced,047,269075,13879,12747,180,12927,180
2020-12-05,Modoc,049,8938,153,118,28,146,0
2020-12-05,Mono,051,14174,653,554,10,564,3
2020-12-05,Monterey,053,433212,18908,17077,379,17456,127
2020-12-05,Napa,055,140530,4094,3565,21,3586,21
2020-12-05,Nevada,057,99092,1978,1642,51,1693,10
2020-12-05,Orange,059,3164182,98815,85735,3069,88804,1612
2020-12-05,Placer,061,380077,9604,7811,243,8054,78
2020-12-05,Plumas,063,18699,306,246,1,247,0
2020-12-05,Riverside,065,2383286,115031,98612,3225,101837,1477
2020-12-05,Sacramento,067,1510023,46577,41878,216,42094,625
2020-12-05,San Benito,069,59416,2320,2073,15,2088,18
2020-12-05,San Bernardino,071,2135413,124556,105382,2591,107973,1283
2020-12-05,San Diego,073,3302833,100322,90470,4067,94537,1055
2020-12-05,San Francisco,075,870044,17888,16786,133,16919,161
2020-12-05,San Joaquin,077,732212,32008,28105,739,28844,523
2020-12-05,San Luis Obispo,079,281455,7558,6623,129,6752,44
2020-12-05,San Mateo,081,765935,17549,15512,19,15531,175
2020-12-05,Santa Barbara,083,443738,12940,12107,262,12369,141
2020-12-05,Santa Clara,085,1922200,45902,38339,130,38469,474
2020-12-05,Santa Cruz,087,273765,5899,4997,91,5088,40
2020-12-05,Shasta,089,179085,6553,5653,340,5993,49
2020-12-05,Sierra,091,2930,20,17,0,17,0
2020-12-05,Siskiyou,093,43540,791,649,59,708,2
2020-12-05,Solano,095,438530,12565,11351,102,11453,87
2020-12-05,Sonoma,097,501317,14422,13137,86,13223,164
2020-12-05,Stanislaus,099,539301,25806,23662,1835,25497,454
2020-12-05,Sutter,101,95872,4605,3937,19,3956,20
2020-12-05,Tehama,103,63373,2165,1926,110,2036,9
2020-12-05,Trinity,105,12862,327,177,39,216,0
2020-12-05,Tulare,107,460477,25032,22660,2123,24783,324
2020-12-05,Tuolumne,109,53932,1423,1180,7,1187,7
2020-12-05,Ventura,111,848112,25569,22710,802,23512,191
2020-12-05,Yolo,113,214977,6018,5351,22,5373,90
2020-12-05,Yuba,115,75493,2629,2275,20,2295,10
2020-12-04,Alameda,001,1643700,35879,31871,467,32338,465
2020-12-04,Alpine,003,1148,58,53,0,53,0
2020-12-04,Amador,005,37829,1185,766,3,769,16
2020-12-04,Butte,007,227075,4979,4336,305,4641,65
2020-12-04,Calaveras,009,45235,655,585,0,585,21
2020-12-04,Colusa,011,21464,931,790,17,807,6
2020-12-04,Contra Costa,013,1133247,28570,25705,216,25921,264
2020-12-04,Del Norte,015,27424,469,401,0,401,2
2020-12-04,El Dorado,017,186661,3758,2933,55,2988,7
2020-12-04,Fresno,019,978130,48493,40108,2055,42163,522
2020-12-04,Glenn,021,27897,1164,1017,83,1100,8
2020-12-04,Humboldt,023,135768,1170,960,4,964,9
2020-12-04,Imperial,025,180216,18232,16484,255,16739,362
2020-12-04,Inyo,027,18085,364,324,6,330,15
2020-12-04,Kern,029,883053,47295,42497,2087,44584,485
2020-12-04,Kings,031,150075,13035,11767,281,12048,88
2020-12-04,Lake,033,64148,1204,1018,0,1018,20
2020-12-04,Lassen,035,31185,2795,2167,10,2177,0
2020-12-04,Los Angeles,037,10098052,472565,424164,8572,432736,7845
2020-12-04,Madera,039,155013,7535,6479,214,6693,58
2020-12-04,Marin,041,260295,8252,7896,44,7940,136
2020-12-04,Mariposa,043,17540,170,136,2,138,2
2020-12-04,Mendocino,045,87422,1759,1563,13,1576,23
2020-12-04,Merced,047,269075,13764,12474,172,12646,177
2020-12-04,Modoc,049,8938,153,115,28,143,0
2020-12-04,Mono,051,14174,648,549,10,559,3
2020-12-04,Monterey,053,433212,18698,16737,370,17107,127
2020-12-04,Napa,055,140530,4040,3432,21,3453,19
2020-12-04,Nevada,057,99092,1953,1560,48,1608,10
2020-12-04,Orange,059,3164182,96894,83738,3004,86742,1597
2020-12-04,Placer,061,380077,9479,7461,229,7690,76
2020-12-04,Plumas,063,18699,299,232,0,232,0
2020-12-04,Riverside,065,2383286,112832,95255,3068,98323,1475
2020-12-04,Sacramento,067,1510023,45812,41061,199,41260,618
2020-12-04,San Benito,069,59416,2287,2006,15,2021,17
2020-12-04,San Bernardino,071,2135413,122284,102418,2483,104901,1290
2020-12-04,San Diego,073,3302833,98838,88183,3980,92163,1047
2020-12-04,San Francisco,075,870044,17697,16499,133,16632,161
2020-12-04,San Joaquin,077,732212,31571,27806,702,28508,522
2020-12-04,San Luis Obispo,079,281455,7473,6473,126,6599,42
2020-12-04,San Mateo,081,765935,17261,15112,18,15130,173
2020-12-04,Santa Barbara,083,443738,12834,11947,255,12202,141
2020-12-04,Santa Clara,085,1922200,44981,37465,124,37589,468
2020-12-04,Santa Cruz,087,273765,5812,4985,89,5074,32
2020-12-04,Shasta,089,179085,6465,5439,330,5769,49
2020-12-04,Sierra,091,2930,19,17,0,17,0
2020-12-04,Siskiyou,093,43540,784,639,56,695,2
2020-12-04,Solano,095,438530,12419,11037,99,11136,87
2020-12-04,Sonoma,097,501317,14274,12962,85,13047,164
2020-12-04,Stanislaus,099,539301,25536,23206,1790,24996,448
2020-12-04,Sutter,101,95872,4532,3791,14,3805,20
2020-12-04,Tehama,103,63373,2125,1876,105,1981,9
2020-12-04,Trinity,105,12862,325,172,39,211,0
2020-12-04,Tulare,107,460477,24749,22273,2051,24324,322
2020-12-04,Tuolumne,109,53932,1392,1134,7,1141,7
2020-12-04,Ventura,111,848112,25192,22024,785,22809,189
2020-12-04,Yolo,113,214977,5944,5294,21,5315,87
2020-12-04,Yuba,115,75493,2586,2225,19,2244,10
2020-12-03,Alameda,001,1643700,35113,31184,448,31632,465
2020-12-03,Alpine,003,1148,57,53,0,53,0
2020-12-03,Amador,005,37829,1134,653,3,656,16
2020-12-03,Butte,007,227075,4883,4305,286,4591,65
2020-12-03,Calaveras,009,45235,636,572,0,572,21
2020-12-03,Colusa,011,21464,918,774,17,791,6
2020-12-03,Contra Costa,013,1133247,28069,25464,209,25673,265
2020-12-03,Del Norte,015,27424,465,388,0,388,2
2020-12-03,El Dorado,017,186661,3632,2740,53,2793,6
2020-12-03,Fresno,019,978130,47740,39680,1983,41663,516
2020-12-03,Glenn,021,27897,1146,997,75,1072,8
2020-12-03,Humboldt,023,135768,1140,923,4,927,9
2020-12-03,Imperial,025,180216,18026,16436,242,16678,359
2020-12-03,Inyo,027,18085,361,321,6,327,15
2020-12-03,Kern,029,883053,46448,42062,1986,44048,483
2020-12-03,Kings,031,150075,12935,11658,269,11927,87
2020-12-03,Lake,033,64148,1189,991,0,991,20
2020-12-03,Lassen,035,31185,2755,2128,9,2137,0
2020-12-03,Los Angeles,037,10098052,462472,415805,8209,424014,7787
2020-12-03,Madera,039,155013,7412,6398,209,6607,58
2020-12-03,Marin,041,260295,8192,7861,40,7901,136
2020-12-03,Mariposa,043,17540,166,132,2,134,2
2020-12-03,Mendocino,045,87422,1742,1547,10,1557,23
2020-12-03,Merced,047,269075,13519,12310,164,12474,177
2020-12-03,Modoc,049,8938,151,114,28,142,0
2020-12-03,Mono,051,14174,626,527,10,537,3
2020-12-03,Monterey,053,433212,18236,16218,359,16577,125
2020-12-03,Napa,055,140530,3926,3360,21,3381,19
2020-12-03,Nevada,057,99092,1875,1472,47,1519,10
2020-12-03,Orange,059,3164182,94361,82187,2934,85121,1591
2020-12-03,Placer,061,380077,9277,7270,213,7483,73
2020-12-03,Plumas,063,18699,284,223,0,223,0
2020-12-03,Riverside,065,2383286,110068,92489,2906,95395,1461
2020-12-03,Sacramento,067,1510023,44752,40280,184,40464,614
2020-12-03,San Benito,069,59416,2241,1967,15,1982,16
2020-12-03,San Bernardino,071,2135413,118961,100787,2399,103186,1283
2020-12-03,San Diego,073,3302833,97023,86144,3862,90006,1040
2020-12-03,San Francisco,075,870044,17475,16236,132,16368,161
2020-12-03,San Joaquin,077,732212,30848,27239,657,27896,522
2020-12-03,San Luis Obispo,079,281455,7305,6388,125,6513,42
2020-12-03,San Mateo,081,765935,16908,14909,18,14927,173
2020-12-03,Santa Barbara,083,443738,12705,11829,249,12078,141
2020-12-03,Santa Clara,085,1922200,43786,36621,118,36739,465
2020-12-03,Santa Cruz,087,273765,5669,4850,85,4935,28
2020-12-03,Shasta,089,179085,6356,5330,323,5653,48
2020-12-03,Sierra,091,2930,19,17,0,17,0
2020-12-03,Siskiyou,093,43540,769,629,53,682,2
2020-12-03,Solano,095,438530,12205,10857,96,10953,87
2020-12-03,Sonoma,097,501317,14031,12772,84,12856,164
2020-12-03,Stanislaus,099,539301,25127,22821,1742,24563,447
2020-12-03,Sutter,101,95872,4448,3727,14,3741,20
2020-12-03,Tehama,103,63373,2072,1832,96,1928,9
2020-12-03,Trinity,105,12862,322,166,39,205,0
2020-12-03,Tulare,107,460477,24350,21993,1958,23951,321
2020-12-03,Tuolumne,109,53932,1350,1105,7,1112,7
2020-12-03,Ventura,111,848112,24489,21555,772,22327,187
2020-12-03,Yolo,113,214977,5806,5069,21,5090,87
2020-12-03,Yuba,115,75493,2516,2182,18,2200,10
2020-12-02,Alameda,001,1643700,34487,30697,438,31135,463
2020-12-02,Alpine,003,1148,56,52,0,52,0
2020-12-02,Amador,005,37829,1062,585,3,588,16
2020-12-02,Butte,007,227075,4760,4243,276,4519,65
2020-12-02,Calaveras,009,45235,620,553,0,553,21
2020-12-02,Colusa,011,21464,902,756,16,772,6
2020-12-02,Contra Costa,013,1133247,27609,25147,197,25344,264
2020-12-02,Del Norte,015,27424,451,384,0,384,2
2020-12-02,El Dorado,017,186661,3530,2638,49,2687,5
2020-12-02,Fresno,019,978130,46984,39324,1882,41206,507
2020-12-02,Glenn,021,27897,1129,995,67,1062,7
2020-12-02,Humboldt,023,135768,1114,899,4,903,9
2020-12-02,Imperial,025,180216,17602,16360,233,16593,356
2020-12-02,Inyo,027,18085,354,314,6,320,15
2020-12-02,Kern,029,883053,45551,41660,1889,43549,479
2020-12-02,Kings,031,150075,12582,11531,255,11786,86
2020-12-02,Lake,033,64148,1158,971,0,971,20
2020-12-02,Lassen,035,31185,2696,2115,9,2124,0
2020-12-02,Los Angeles,037,10098052,452426,408289,7869,416158,7739
2020-12-02,Madera,039,155013,7288,6370,203,6573,57
2020-12-02,Marin,041,260295,8145,7819,38,7857,136
2020-12-02,Mariposa,043,17540,163,131,2,133,2
2020-12-02,Mendocino,045,87422,1709,1524,10,1534,23
2020-12-02,Merced,047,269075,13276,12168,156,12324,173
2020-12-02,Modoc,049,8938,148,113,28,141,0
2020-12-02,Mono,051,14174,617,520,10,530,3
2020-12-02,Monterey,053,433212,17756,16064,320,16384,121
2020-12-02,Napa,055,140530,3823,3298,20,3318,19
2020-12-02,Nevada,057,99092,1813,1430,46,1476,9
2020-12-02,Orange,059,3164182,92164,81046,2854,83900,1569
2020-12-02,Placer,061,380077,9045,6941,199,7140,73
2020-12-02,Plumas,063,18699,271,218,0,218,0
2020-12-02,Riverside,065,2383286,107348,90089,2725,92814,1451
2020-12-02,Sacramento,067,1510023,43712,39334,173,39507,597
2020-12-02,San Benito,069,59416,2176,1921,15,1936,16
2020-12-02,San Bernardino,071,2135413,115392,98567,2291,100858,1240
2020-12-02,San Diego,073,3302833,95107,84640,3747,88387,1035
2020-12-02,San Francisco,075,870044,17239,16058,130,16188,157
2020-12-02,San Joaquin,077,732212,30227,26740,633,27373,519
2020-12-02,San Luis Obispo,079,281455,7206,6324,123,6447,42
2020-12-02,San Mateo,081,765935,16545,14757,17,14774,170
2020-12-02,Santa Barbara,083,443738,12554,11705,237,11942,140
2020-12-02,Santa Clara,085,1922200,42671,35878,118,35996,458
2020-12-02,Santa Cruz,087,273765,5537,4766,82,4848,27
2020-12-02,Shasta,089,179085,6233,5188,306,5494,47
2020-12-02,Sierra,091,2930,19,17,0,17,0
2020-12-02,Siskiyou,093,43540,753,624,51,675,1
2020-12-02,Solano,095,438530,11959,10701,92,10793,87
2020-12-02,Sonoma,097,501317,13792,12635,83,12718,163
2020-12-02,Stanislaus,099,539301,24626,22615,1687,24302,448
2020-12-02,Sutter,101,95872,4287,3604,14,3618,18
2020-12-02,Tehama,103,63373,2028,1800,81,1881,9
2020-12-02,Trinity,105,12862,312,165,38,203,0
2020-12-02,Tulare,107,460477,23970,21789,1878,23667,321
2020-12-02,Tuolumne,109,53932,1309,1076,7,1083,7
2020-12-02,Ventura,111,848112,24078,21208,754,21962,186
2020-12-02,Yolo,113,214977,5697,5053,20,5073,87
2020-12-02,Yuba,115,75493,2439,2119,17,2136,10
2020-12-01,Alameda,001,1643700,33797,30252,428,30680,460
2020-12-01,Alpine,003,1148,56,41,0,41,0
2020-12-01,Amador,005,37829,915,575,2,577,16
2020-12-01,Butte,007,227075,4654,4177,262,4439,65
2020-12-01,Calaveras,009,45235,602,544,0,544,21
2020-12-01,Colusa,011,21464,885,747,16,763,6
2020-12-01,Contra Costa,013,1133247,27037,24788,189,24977,264
2020-12-01,Del Norte,015,27424,423,357,0,357,2
2020-12-01,El Dorado,017,186661,3385,2542,44,2586,4
2020-12-01,Fresno,019,978130,46082,39004,1804,40808,505
2020-12-01,Glenn,021,27897,1108,989,62,1051,7
2020-12-01,Humboldt,023,135768,1083,886,4,890,9
2020-12-01,Imperial,025,180216,17288,16278,229,16507,356
2020-12-01,Inyo,027,18085,347,304,6,310,15
2020-12-01,Kern,029,883053,44748,41345,1758,43103,478
2020-12-01,Kings,031,150075,12267,11415,241,11656,86
2020-12-01,Lake,033,64148,1140,969,0,969,19
2020-12-01,Lassen,035,31185,2530,2047,8,2055,0
2020-12-01,Los Angeles,037,10098052,442063,403266,7542,410808,7704
2020-12-01,Madera,039,155013,7171,6270,193,6463,57
2020-12-01,Marin,041,260295,8075,7787,37,7824,136
2020-12-01,Mariposa,043,17540,158,128,2,130,2
2020-12-01,Mendocino,045,87422,1675,1497,10,1507,23
2020-12-01,Merced,047,269075,13033,12032,147,12179,172
2020-12-01,Modoc,049,8938,143,113,24,137,0
2020-12-01,Mono,051,14174,604,520,10,530,3
2020-12-01,Monterey,053,433212,17249,15835,309,16144,121
2020-12-01,Napa,055,140530,3739,3124,19,3143,19
2020-12-01,Nevada,057,99092,1751,1411,45,1456,9
2020-12-01,Orange,059,3164182,90066,79468,2766,82234,1567
2020-12-01,Placer,061,380077,8721,6794,192,6986,72
2020-12-01,Plumas,063,18699,259,201,0,201,0
2020-12-01,Riverside,065,2383286,104539,88530,2563,91093,1448
2020-12-01,Sacramento,067,1510023,42664,38966,168,39134,589
2020-12-01,San Benito,069,59416,2121,1888,15,1903,15
2020-12-01,San Bernardino,071,2135413,111921,95854,2167,98021,1220
2020-12-01,San Diego,073,3302833,92850,83423,3637,87060,1019
2020-12-01,San Francisco,075,870044,16958,15797,126,15923,157
2020-12-01,San Joaquin,077,732212,29427,26432,611,27043,514
2020-12-01,San Luis Obispo,079,281455,7064,6264,118,6382,40
2020-12-01,San Mateo,081,765935,16220,14495,17,14512,170
2020-12-01,Santa Barbara,083,443738,12415,11611,227,11838,140
2020-12-01,Santa Clara,085,1922200,41414,35397,112,35509,452
2020-12-01,Santa Cruz,087,273765,5379,4638,74,4712,27
2020-12-01,Shasta,089,179085,6107,5077,286,5363,47
2020-12-01,Sierra,091,2930,19,17,0,17,0
2020-12-01,Siskiyou,093,43540,739,608,47,655,1
2020-12-01,Solano,095,438530,11699,10604,87,10691,87
2020-12-01,Sonoma,097,501317,13587,12491,80,12571,163
2020-12-01,Stanislaus,099,539301,24169,22351,1630,23981,447
2020-12-01,Sutter,101,95872,4145,3538,14,3552,17
2020-12-01,Tehama,103,63373,1965,1773,71,1844,9
2020-12-01,Trinity,105,12862,298,165,32,197,0
2020-12-01,Tulare,107,460477,23515,21645,1808,23453,319
2020-12-01,Tuolumne,109,53932,1273,1052,5,1057,7
2020-12-01,Ventura,111,848112,23465,20604,732,21336,186
2020-12-01,Yolo,113,214977,5557,4928,20,4948,86
2020-12-01,Yuba,115,75493,2373,2088,16,2104,10
2020-11-30,Alameda,001,1643700,32979,29972,411,30383,457
2020-11-30,Alpine,003,1148,54,41,0,41,0
2020-11-30,Amador,005,37829,874,559,2,561,16
2020-11-30,Butte,007,227075,4536,4148,246,4394,65
2020-11-30,Calaveras,009,45235,580,478,0,478,21
2020-11-30,Colusa,011,21464,858,737,12,749,6
2020-11-30,Contra Costa,013,1133247,26455,24365,185,24550,264
2020-11-30,Del Norte,015,27424,400,339,0,339,2
2020-11-30,El Dorado,017,186661,3211,2488,39,2527,4
2020-11-30,Fresno,019,978130,44971,38712,1690,40402,500
2020-11-30,Glenn,021,27897,1085,954,57,1011,5
2020-11-30,Humboldt,023,135768,1036,870,4,874,9
2020-11-30,Imperial,025,180216,17034,16212,207,16419,356
2020-11-30,Inyo,027,18085,342,304,5,309,15
2020-11-30,Kern,029,883053,43985,40941,1622,42563,473
2020-11-30,Kings,031,150075,12119,11346,226,11572,85
2020-11-30,Lake,033,64148,1109,939,0,939,18
2020-11-30,Lassen,035,31185,2437,1793,8,1801,0
2020-11-30,Los Angeles,037,10098052,431399,396202,7208,403410,7658
2020-11-30,Madera,039,155013,7005,6210,179,6389,57
2020-11-30,Marin,041,260295,8032,7764,36,7800,136
2020-11-30,Mariposa,043,17540,151,123,2,125,2
2020-11-30,Mendocino,045,87422,1647,1482,10,1492,23
2020-11-30,Merced,047,269075,12758,11913,136,12049,172
2020-11-30,Modoc,049,8938,133,113,24,137,0
2020-11-30,Mono,051,14174,582,519,10,529,3
2020-11-30,Monterey,053,433212,16818,15837,301,16138,119
2020-11-30,Napa,055,140530,3639,3091,19,3110,18
2020-11-30,Nevada,057,99092,1665,1347,42,1389,9
2020-11-30,Orange,059,3164182,87954,78711,2670,81381,1568
2020-11-30,Placer,061,380077,8426,6575,179,6754,72
2020-11-30,Plumas,063,18699,248,192,0,192,0
2020-11-30,Riverside,065,2383286,101545,87722,2416,90138,1446
2020-11-30,Sacramento,067,1510023,41584,37834,159,37993,586
2020-11-30,San Benito,069,59416,2074,1875,14,1889,15
2020-11-30,San Bernardino,071,2135413,108192,92704,2055,94759,1220
2020-11-30,San Diego,073,3302833,90487,82045,3510,85555,997
2020-11-30,San Francisco,075,870044,16658,15638,123,15761,157
2020-11-30,San Joaquin,077,732212,28721,25742,585,26327,509
2020-11-30,San Luis Obispo,079,281455,6930,6224,116,6340,36
2020-11-30,San Mateo,081,765935,15860,14276,17,14293,170
2020-11-30,Santa Barbara,083,443738,12237,11572,219,11791,140
2020-11-30,Santa Clara,085,1922200,40206,35019,111,35130,451
2020-11-30,Santa Cruz,087,273765,5241,4558,70,4628,26
2020-11-30,Shasta,089,179085,5963,4933,257,5190,44
2020-11-30,Sierra,091,2930,19,16,0,16,0
2020-11-30,Siskiyou,093,43540,730,605,43,648,1
2020-11-30,Solano,095,438530,11437,10392,82,10474,87
2020-11-30,Sonoma,097,501317,13342,12232,76,12308,163
2020-11-30,Stanislaus,099,539301,23707,22110,1586,23696,446
2020-11-30,Sutter,101,95872,3988,3430,13,3443,16
2020-11-30,Tehama,103,63373,1917,1724,65,1789,9
2020-11-30,Trinity,105,12862,292,162,32,194,0
2020-11-30,Tulare,107,460477,23128,20833,1713,22546,319
2020-11-30,Tuolumne,109,53932,1229,1027,5,1032,7
2020-11-30,Ventura,111,848112,22709,20308,716,21024,180
2020-11-30,Yolo,113,214977,5445,4894,20,4914,81
2020-11-30,Yuba,115,75493,2312,2028,14,2042,10
2020-11-29,Alameda,001,1643700,32194,29918,389,30307,457
2020-11-29,Alpine,003,1148,51,41,0,41,0
2020-11-29,Amador,005,37829,723,548,2,550,16
2020-11-29,Butte,007,227075,4434,4008,229,4237,65
2020-11-29,Calaveras,009,45235,548,478,0,478,21
2020-11-29,Colusa,011,21464,829,723,8,731,6
2020-11-29,Contra Costa,013,1133247,25952,24165,179,24344,264
2020-11-29,Del Norte,015,27424,394,339,0,339,2
2020-11-29,El Dorado,017,186661,3080,2447,38,2485,4
2020-11-29,Fresno,019,978130,44018,38568,1618,40186,500
2020-11-29,Glenn,021,27897,1062,951,55,1006,4
2020-11-29,Humboldt,023,135768,1007,856,4,860,9
2020-11-29,Imperial,025,180216,16805,16138,179,16317,356
2020-11-29,Inyo,027,18085,327,289,5,294,15
2020-11-29,Kern,029,883053,43222,40596,1474,42070,473
2020-11-29,Kings,031,150075,11969,11247,208,11455,85
2020-11-29,Lake,033,64148,1085,927,0,927,18
2020-11-29,Lassen,035,31185,2334,1793,8,1801,0
2020-11-29,Los Angeles,037,10098052,420995,391162,6909,398071,7642
2020-11-29,Madera,039,155013,6862,6184,173,6357,57
2020-11-29,Marin,041,260295,7966,7739,33,7772,135
2020-11-29,Mariposa,043,17540,147,123,2,125,2
2020-11-29,Mendocino,045,87422,1613,1473,10,1483,23
2020-11-29,Merced,047,269075,12519,11773,127,11900,172
2020-11-29,Modoc,049,8938,129,105,22,127,0
2020-11-29,Mono,051,14174,559,515,9,524,3
2020-11-29,Monterey,053,433212,16506,15621,294,15915,119
2020-11-29,Napa,055,140530,3534,3090,18,3108,18
2020-11-29,Nevada,057,99092,1584,1311,40,1351,9
2020-11-29,Orange,059,3164182,85935,78057,2623,80680,1567
2020-11-29,Placer,061,380077,8129,6535,167,6702,72
2020-11-29,Plumas,063,18699,243,191,0,191,0
2020-11-29,Riverside,065,2383286,99152,87383,2263,89646,1442
2020-11-29,Sacramento,067,1510023,40505,37415,150,37565,585
2020-11-29,San Benito,069,59416,2030,1860,14,1874,15
2020-11-29,San Bernardino,071,2135413,104842,92052,1939,93991,1223
2020-11-29,San Diego,073,3302833,88076,81086,3357,84443,997
2020-11-29,San Francisco,075,870044,16377,15571,116,15687,153
2020-11-29,San Joaquin,077,732212,27979,25740,579,26319,509
2020-11-29,San Luis Obispo,079,281455,6807,6145,116,6261,36
2020-11-29,San Mateo,081,765935,15527,14177,17,14194,169
2020-11-29,Santa Barbara,083,443738,12082,11520,215,11735,140
2020-11-29,Santa Clara,085,1922200,39000,34234,105,34339,451
2020-11-29,Santa Cruz,087,273765,5082,4490,68,4558,26
2020-11-29,Shasta,089,179085,5791,4935,229,5164,43
2020-11-29,Sierra,091,2930,19,16,0,16,0
2020-11-29,Siskiyou,093,43540,707,590,41,631,1
2020-11-29,Solano,095,438530,11205,10393,78,10471,87
2020-11-29,Sonoma,097,501317,13090,12052,72,12124,163
2020-11-29,Stanislaus,099,539301,23211,21701,1552,23253,446
2020-11-29,Sutter,101,95872,3870,3297,13,3310,16
2020-11-29,Tehama,103,63373,1867,1710,49,1759,9
2020-11-29,Trinity,105,12862,289,159,30,189,0
2020-11-29,Tulare,107,460477,22759,20793,1637,22430,319
2020-11-29,Tuolumne,109,53932,1192,988,5,993,7
2020-11-29,Ventura,111,848112,22024,19952,703,20655,179
2020-11-29,Yolo,113,214977,5307,4830,19,4849,80
2020-11-29,Yuba,115,75493,2256,1959,14,1973,10
2020-11-28,Alameda,001,1643700,31884,29368,384,29752,456
2020-11-28,Alpine,003,1148,51,41,0,41,0
2020-11-28,Amador,005,37829,646,536,2,538,16
2020-11-28,Butte,007,227075,4376,3894,225,4119,65
2020-11-28,Calaveras,009,45235,544,478,0,478,21
2020-11-28,Colusa,011,21464,820,711,6,717,6
2020-11-28,Contra Costa,013,1133247,25619,23798,175,23973,264
2020-11-28,Del Norte,015,27424,384,328,0,328,2
2020-11-28,El Dorado,017,186661,3012,2415,32,2447,4
2020-11-28,Fresno,019,978130,43670,38288,1579,39867,500
2020-11-28,Glenn,021,27897,1051,925,51,976,4
2020-11-28,Humboldt,023,135768,972,844,4,848,9
2020-11-28,Imperial,025,180216,16740,16019,177,16196,356
2020-11-28,Inyo,027,18085,319,289,5,294,15
2020-11-28,Kern,029,883053,42859,40255,1386,41641,473
2020-11-28,Kings,031,150075,11904,11070,201,11271,85
2020-11-28,Lake,033,64148,1070,920,0,920,18
2020-11-28,Lassen,035,31185,2267,1714,8,1722,0
2020-11-28,Los Angeles,037,10098052,416079,386194,6751,392945,7625
2020-11-28,Madera,039,155013,6760,6119,166,6285,57
2020-11-28,Marin,041,260295,7936,7696,29,7725,135
2020-11-28,Mariposa,043,17540,144,120,2,122,2
2020-11-28,Mendocino,045,87422,1582,1458,10,1468,22
2020-11-28,Merced,047,269075,12421,11688,121,11809,172
2020-11-28,Modoc,049,8938,126,103,22,125,0
2020-11-28,Mono,051,14174,553,505,9,514,3
2020-11-28,Monterey,053,433212,16340,15328,290,15618,118
2020-11-28,Napa,055,140530,3482,3033,18,3051,18
2020-11-28,Nevada,057,99092,1556,1272,38,1310,9
2020-11-28,Orange,059,3164182,84838,76882,2576,79458,1568
2020-11-28,Placer,061,380077,7967,6497,164,6661,70
2020-11-28,Plumas,063,18699,236,188,0,188,0
2020-11-28,Riverside,065,2383286,97742,86854,2161,89015,1440
2020-11-28,Sacramento,067,1510023,39927,36905,146,37051,580
2020-11-28,San Benito,069,59416,1983,1835,14,1849,15
2020-11-28,San Bernardino,071,2135413,103443,91183,1841,93024,1224
2020-11-28,San Diego,073,3302833,86822,80020,3273,83293,997
2020-11-28,San Francisco,075,870044,16201,15450,108,15558,153
2020-11-28,San Joaquin,077,732212,27780,25742,564,26306,509
2020-11-28,San Luis Obispo,079,281455,6737,6106,112,6218,36
2020-11-28,San Mateo,081,765935,15336,14040,17,14057,169
2020-11-28,Santa Barbara,083,443738,11980,11481,210,11691,140
2020-11-28,Santa Clara,085,1922200,38256,33701,103,33804,449
2020-11-28,Santa Cruz,087,273765,5005,4426,68,4494,26
2020-11-28,Shasta,089,179085,5714,4882,222,5104,43
2020-11-28,Sierra,091,2930,19,16,0,16,0
2020-11-28,Siskiyou,093,43540,697,558,38,596,1
2020-11-28,Solano,095,438530,11086,10252,76,10328,87
2020-11-28,Sonoma,097,501317,12986,12008,63,12071,162
2020-11-28,Stanislaus,099,539301,22972,21574,1517,23091,446
2020-11-28,Sutter,101,95872,3786,3244,13,3257,15
2020-11-28,Tehama,103,63373,1851,1678,44,1722,9
2020-11-28,Trinity,105,12862,286,157,28,185,0
2020-11-28,Tulare,107,460477,22563,20701,1595,22296,319
2020-11-28,Tuolumne,109,53932,1170,976,5,981,7
2020-11-28,Ventura,111,848112,21726,19510,693,20203,179
2020-11-28,Yolo,113,214977,5233,4739,17,4756,80
2020-11-28,Yuba,115,75493,2203,1912,14,1926,10
2020-11-27,Alameda,001,1643700,31445,29064,373,29437,450
2020-11-27,Alpine,003,1148,51,41,0,41,0
2020-11-27,Amador,005,37829,599,498,1,499,16
2020-11-27,Butte,007,227075,4335,3894,219,4113,65
2020-11-27,Calaveras,009,45235,535,478,0,478,21
2020-11-27,Colusa,011,21464,803,694,4,698,6
2020-11-27,Contra Costa,013,1133247,25359,23463,169,23632,264
2020-11-27,Del Norte,015,27424,378,307,0,307,2
2020-11-27,El Dorado,017,186661,2941,2238,29,2267,4
2020-11-27,Fresno,019,978130,43264,37994,1521,39515,500
2020-11-27,Glenn,021,27897,1038,891,46,937,4
2020-11-27,Humboldt,023,135768,953,795,3,798,9
2020-11-27,Imperial,025,180216,16672,15960,168,16128,356
2020-11-27,Inyo,027,18085,313,289,5,294,15
2020-11-27,Kern,029,883053,42435,39707,1316,41023,473
2020-11-27,Kings,031,150075,11818,10667,183,10850,85
2020-11-27,Lake,033,64148,1034,909,0,909,18
2020-11-27,Lassen,035,31185,2255,1714,8,1722,0
2020-11-27,Los Angeles,037,10098052,409573,382740,6595,389335,7606
2020-11-27,Madera,039,155013,6688,6050,160,6210,57
2020-11-27,Marin,041,260295,7893,7660,29,7689,135
2020-11-27,Mariposa,043,17540,142,118,2,120,2
2020-11-27,Mendocino,045,87422,1568,1387,9,1396,22
2020-11-27,Merced,047,269075,12315,11550,114,11664,172
2020-11-27,Modoc,049,8938,125,100,22,122,0
2020-11-27,Mono,051,14174,549,498,9,507,3
2020-11-27,Monterey,053,433212,16172,14753,290,15043,113
2020-11-27,Napa,055,140530,3442,2988,18,3006,18
2020-11-27,Nevada,057,99092,1526,1184,36,1220,9
2020-11-27,Orange,059,3164182,83548,75151,2537,77688,1568
2020-11-27,Placer,061,380077,7806,6283,154,6437,68
2020-11-27,Plumas,063,18699,233,188,0,188,0
2020-11-27,Riverside,065,2383286,96131,85769,2008,87777,1440
2020-11-27,Sacramento,067,1510023,39305,36579,142,36721,579
2020-11-27,San Benito,069,59416,1949,1805,13,1818,15
2020-11-27,San Bernardino,071,2135413,101933,90254,1760,92014,1224
2020-11-27,San Diego,073,3302833,85628,78161,3184,81345,996
2020-11-27,San Francisco,075,870044,16046,15377,106,15483,153
2020-11-27,San Joaquin,077,732212,27559,25741,544,26285,509
2020-11-27,San Luis Obispo,079,281455,6654,6039,109,6148,36
2020-11-27,San Mateo,081,765935,15133,13872,16,13888,169
2020-11-27,Santa Barbara,083,443738,11887,11340,207,11547,140
2020-11-27,Santa Clara,085,1922200,37580,32935,96,33031,449
2020-11-27,Santa Cruz,087,273765,4934,4358,66,4424,26
2020-11-27,Shasta,089,179085,5637,4710,209,4919,43
2020-11-27,Sierra,091,2930,18,16,0,16,0
2020-11-27,Siskiyou,093,43540,682,554,35,589,1
2020-11-27,Solano,095,438530,10967,10044,73,10117,87
2020-11-27,Sonoma,097,501317,12853,11924,61,11985,162
2020-11-27,Stanislaus,099,539301,22744,21185,1487,22672,446
2020-11-27,Sutter,101,95872,3719,3101,13,3114,15
2020-11-27,Tehama,103,63373,1823,1649,40,1689,9
2020-11-27,Trinity,105,12862,282,151,28,179,0
2020-11-27,Tulare,107,460477,22375,20634,1538,22172,319
2020-11-27,Tuolumne,109,53932,1138,881,5,886,7
2020-11-27,Ventura,111,848112,21402,19379,671,20050,179
2020-11-27,Yolo,113,214977,5184,4737,17,4754,79
2020-11-27,Yuba,115,75493,2174,1864,13,1877,10
2020-11-26,Alameda,001,1643700,31034,28797,354,29151,447
2020-11-26,Alpine,003,1148,51,41,0,41,0
2020-11-26,Amador,005,37829,591,488,1,489,16
2020-11-26,Butte,007,227075,4272,3894,213,4107,65
2020-11-26,Calaveras,009,45235,507,478,0,478,21
2020-11-26,Colusa,011,21464,789,694,4,698,6
2020-11-26,Contra Costa,013,1133247,25025,23468,163,23631,264
2020-11-26,Del Norte,015,27424,367,307,0,307,2
2020-11-26,El Dorado,017,186661,2860,2217,27,2244,4
2020-11-26,Fresno,019,978130,42858,37724,1476,39200,500
2020-11-26,Glenn,021,27897,1022,892,44,936,4
2020-11-26,Humboldt,023,135768,931,795,2,797,9
2020-11-26,Imperial,025,180216,16563,15722,164,15886,355
2020-11-26,Inyo,027,18085,312,289,5,294,15
2020-11-26,Kern,029,883053,41985,39123,1254,40377,471
2020-11-26,Kings,031,150075,11763,10475,171,10646,85
2020-11-26,Lake,033,64148,1021,890,0,890,18
2020-11-26,Lassen,035,31185,2240,1714,8,1722,0
2020-11-26,Los Angeles,037,10098052,404419,378340,6359,384699,7581
2020-11-26,Madera,039,155013,6613,6003,154,6157,57
2020-11-26,Marin,041,260295,7856,7610,29,7639,135
2020-11-26,Mariposa,043,17540,137,116,2,118,2
2020-11-26,Mendocino,045,87422,1554,1387,7,1394,22
2020-11-26,Merced,047,269075,12167,11440,112,11552,172
2020-11-26,Modoc,049,8938,123,100,22,122,0
2020-11-26,Mono,051,14174,541,485,9,494,2
2020-11-26,Monterey,053,433212,15935,14750,282,15032,113
2020-11-26,Napa,055,140530,3378,2988,18,3006,18
2020-11-26,Nevada,057,99092,1480,1184,36,1220,9
2020-11-26,Orange,059,3164182,82160,74264,2475,76739,1563
2020-11-26,Placer,061,380077,7644,6278,145,6423,68
2020-11-26,Plumas,063,18699,225,188,0,188,0
2020-11-26,Riverside,065,2383286,94527,85774,1884,87658,1440
2020-11-26,Sacramento,067,1510023,38663,35854,134,35988,580
2020-11-26,San Benito,069,59416,1922,1769,13,1782,15
2020-11-26,San Bernardino,071,2135413,100285,89727,1668,91395,1223
2020-11-26,San Diego,073,3302833,84018,76359,3080,79439,996
2020-11-26,San Francisco,075,870044,15909,15156,103,15259,153
2020-11-26,San Joaquin,077,732212,27303,25738,532,26270,509
2020-11-26,San Luis Obispo,079,281455,6561,5964,106,6070,36
2020-11-26,San Mateo,081,765935,14944,13715,15,13730,169
2020-11-26,Santa Barbara,083,443738,11806,11277,206,11483,139
2020-11-26,Santa Clara,085,1922200,36938,32411,88,32499,446
2020-11-26,Santa Cruz,087,273765,4803,4269,60,4329,26
2020-11-26,Shasta,089,179085,5554,4712,198,4910,43
2020-11-26,Sierra,091,2930,18,15,0,15,0
2020-11-26,Siskiyou,093,43540,672,526,34,560,1
2020-11-26,Solano,095,438530,10824,9941,71,10012,87
2020-11-26,Sonoma,097,501317,12705,11922,59,11981,162
2020-11-26,Stanislaus,099,539301,22512,21186,1446,22632,445
2020-11-26,Sutter,101,95872,3625,3101,12,3113,15
2020-11-26,Tehama,103,63373,1781,1612,37,1649,9
2020-11-26,Trinity,105,12862,278,139,28,167,0
2020-11-26,Tulare,107,460477,22136,20649,1474,22123,319
2020-11-26,Tuolumne,109,53932,1110,871,5,876,7
2020-11-26,Ventura,111,848112,20906,19058,657,19715,179
2020-11-26,Yolo,113,214977,5097,4566,17,4583,76
2020-11-26,Yuba,115,75493,2114,1865,11,1876,10
2020-11-25,Alameda,001,1643700,30819,28378,346,28724,447
2020-11-25,Alpine,003,1148,51,41,0,41,0
2020-11-25,Amador,005,37829,581,484,1,485,16
2020-11-25,Butte,007,227075,4241,3848,210,4058,64
2020-11-25,Calaveras,009,45235,504,475,0,475,21
2020-11-25,Colusa,011,21464,772,693,4,697,6
2020-11-25,Contra Costa,013,1133247,24870,23307,162,23469,263
2020-11-25,Del Norte,015,27424,366,304,0,304,2
2020-11-25,El Dorado,017,186661,2824,2154,27,2181,4
2020-11-25,Fresno,019,978130,42625,37349,1454,38803,494
2020-11-25,Glenn,021,27897,1005,891,42,933,4
2020-11-25,Humboldt,023,135768,923,777,2,779,9
2020-11-25,Imperial,025,180216,16493,15640,162,15802,355
2020-11-25,Inyo,027,18085,310,289,5,294,15
2020-11-25,Kern,029,883053,41829,38878,1235,40113,467
2020-11-25,Kings,031,150075,11728,10417,167,10584,85
2020-11-25,Lake,033,64148,1004,878,0,878,18
2020-11-25,Lassen,035,31185,2197,1701,8,1709,0
2020-11-25,Los Angeles,037,10098052,401390,373919,6256,380175,7545
2020-11-25,Madera,039,155013,6591,5989,151,6140,57
2020-11-25,Marin,041,260295,7829,7601,28,7629,135
2020-11-25,Mariposa,043,17540,136,114,2,116,2
2020-11-25,Mendocino,045,87422,1535,1373,7,1380,22
2020-11-25,Merced,047,269075,12109,11346,112,11458,172
2020-11-25,Modoc,049,8938,123,96,22,118,0
2020-11-25,Mono,051,14174,536,487,9,496,2
2020-11-25,Monterey,053,433212,15818,14695,280,14975,113
2020-11-25,Napa,055,140530,3345,2945,18,2963,17
2020-11-25,Nevada,057,99092,1462,1170,34,1204,9
2020-11-25,Orange,059,3164182,81406,73014,2455,75469,1551
2020-11-25,Placer,061,380077,7568,6221,144,6365,68
2020-11-25,Plumas,063,18699,220,183,0,183,0
2020-11-25,Riverside,065,2383286,93983,85077,1866,86943,1438
2020-11-25,Sacramento,067,1510023,38327,35687,131,35818,574
2020-11-25,San Benito,069,59416,1899,1764,13,1777,15
2020-11-25,San Bernardino,071,2135413,99445,88469,1640,90109,1225
2020-11-25,San Diego,073,3302833,83361,75307,3044,78351,988
2020-11-25,San Francisco,075,870044,15804,15053,101,15154,153
2020-11-25,San Joaquin,077,732212,27176,25556,520,26076,515
2020-11-25,San Luis Obispo,079,281455,6518,5913,105,6018,34
2020-11-25,San Mateo,081,765935,14829,13614,15,13629,170
2020-11-25,Santa Barbara,083,443738,11756,11183,206,11389,138
2020-11-25,Santa Clara,085,1922200,36492,32032,87,32119,442
2020-11-25,Santa Cruz,087,273765,4751,4202,59,4261,25
2020-11-25,Shasta,089,179085,5508,4588,191,4779,43
2020-11-25,Sierra,091,2930,18,15,0,15,0
2020-11-25,Siskiyou,093,43540,665,499,34,533,1
2020-11-25,Solano,095,438530,10719,9832,70,9902,87
2020-11-25,Sonoma,097,501317,12642,11775,58,11833,162
2020-11-25,Stanislaus,099,539301,22381,21022,1419,22441,445
2020-11-25,Sutter,101,95872,3581,3064,12,3076,14
2020-11-25,Tehama,103,63373,1769,1587,32,1619,9
2020-11-25,Trinity,105,12862,276,135,28,163,0
2020-11-25,Tulare,107,460477,22046,20528,1443,21971,318
2020-11-25,Tuolumne,109,53932,1093,842,5,847,7
2020-11-25,Ventura,111,848112,20811,18914,651,19565,179
2020-11-25,Yolo,113,214977,5061,4527,17,4544,76
2020-11-25,Yuba,115,75493,2088,1840,11,1851,10
2020-11-24,Alameda,001,1643700,30340,28030,335,28365,444
2020-11-24,Alpine,003,1148,51,41,0,41,0
2020-11-24,Amador,005,37829,556,470,1,471,16
2020-11-24,Butte,007,227075,4156,3798,202,4000,63
2020-11-24,Calaveras,009,45235,497,466,0,466,21
2020-11-24,Colusa,011,21464,754,682,4,686,6
2020-11-24,Contra Costa,013,1133247,24517,23072,156,23228,259
2020-11-24,Del Norte,015,27424,357,298,0,298,2
2020-11-24,El Dorado,017,186661,2719,2005,26,2031,4
2020-11-24,Fresno,019,978130,42222,37021,1377,38398,493
2020-11-24,Glenn,021,27897,987,883,38,921,4
2020-11-24,Humboldt,023,135768,904,774,2,776,9
2020-11-24,Imperial,025,180216,16390,15600,156,15756,355
2020-11-24,Inyo,027,18085,309,282,5,287,15
2020-11-24,Kern,029,883053,41355,38551,1157,39708,465
2020-11-24,Kings,031,150075,11461,10338,154,10492,85
2020-11-24,Lake,033,64148,988,872,0,872,18
2020-11-24,Lassen,035,31185,2174,1657,8,1665,0
2020-11-24,Los Angeles,037,10098052,395079,370008,6019,376027,7501
2020-11-24,Madera,039,155013,6506,5881,145,6026,57
2020-11-24,Marin,041,260295,7782,7591,28,7619,135
2020-11-24,Mariposa,043,17540,126,114,1,115,2
2020-11-24,Mendocino,045,87422,1513,1346,6,1352,22
2020-11-24,Merced,047,269075,11920,11268,106,11374,171
2020-11-24,Modoc,049,8938,119,91,22,113,0
2020-11-24,Mono,051,14174,532,483,9,492,2
2020-11-24,Monterey,053,433212,15557,14354,268,14622,113
2020-11-24,Napa,055,140530,3279,2904,18,2922,17
2020-11-24,Nevada,057,99092,1398,1156,32,1188,9
2020-11-24,Orange,059,3164182,79962,71975,2375,74350,1547
2020-11-24,Placer,061,380077,7387,6147,137,6284,67
2020-11-24,Plumas,063,18699,217,180,0,180,0
2020-11-24,Riverside,065,2383286,92224,83685,1737,85422,1420
2020-11-24,Sacramento,067,1510023,37647,35097,124,35221,568
2020-11-24,San Benito,069,59416,1867,1740,12,1752,15
2020-11-24,San Bernardino,071,2135413,97108,86645,1539,88184,1226
2020-11-24,San Diego,073,3302833,81951,74363,2973,77336,984
2020-11-24,San Francisco,075,870044,15609,14874,97,14971,153
2020-11-24,San Joaquin,077,732212,26860,25318,492,25810,517
2020-11-24,San Luis Obispo,079,281455,6455,5805,104,5909,34
2020-11-24,San Mateo,081,765935,14620,13558,14,13572,170
2020-11-24,Santa Barbara,083,443738,11650,11154,204,11358,138
2020-11-24,Santa Clara,085,1922200,35702,31564,83,31647,438
2020-11-24,Santa Cruz,087,273765,4638,4132,58,4190,25
2020-11-24,Shasta,089,179085,5408,4410,172,4582,43
2020-11-24,Sierra,091,2930,18,15,0,15,0
2020-11-24,Siskiyou,093,43540,647,473,31,504,1
2020-11-24,Solano,095,438530,10548,9716,69,9785,86
2020-11-24,Sonoma,097,501317,12462,11644,55,11699,162
2020-11-24,Stanislaus,099,539301,22139,20830,1376,22206,438
2020-11-24,Sutter,101,95872,3475,2974,12,2986,14
2020-11-24,Tehama,103,63373,1719,1565,27,1592,9
2020-11-24,Trinity,105,12862,269,129,27,156,0
2020-11-24,Tulare,107,460477,21797,20319,1379,21698,315
2020-11-24,Tuolumne,109,53932,1064,832,5,837,7
2020-11-24,Ventura,111,848112,20429,18637,641,19278,179
2020-11-24,Yolo,113,214977,4977,4420,17,4437,76
2020-11-24,Yuba,115,75493,2037,1804,9,1813,10
2020-11-23,Alameda,001,1643700,29924,27718,323,28041,444
2020-11-23,Alpine,003,1148,49,41,0,41,0
2020-11-23,Amador,005,37829,515,457,1,458,16
2020-11-23,Butte,007,227075,4092,3765,196,3961,61
2020-11-23,Calaveras,009,45235,480,434,0,434,21
2020-11-23,Colusa,011,21464,740,662,4,666,6
2020-11-23,Contra Costa,013,1133247,24245,22674,151,22825,260
2020-11-23,Del Norte,015,27424,335,296,0,296,2
2020-11-23,El Dorado,017,186661,2599,2005,25,2030,4
2020-11-23,Fresno,019,978130,41773,36688,1314,38002,488
2020-11-23,Glenn,021,27897,961,853,38,891,4
2020-11-23,Humboldt,023,135768,891,746,2,748,9
2020-11-23,Imperial,025,180216,16219,15104,150,15254,355
2020-11-23,Inyo,027,18085,301,279,5,284,15
2020-11-23,Kern,029,883053,40842,38245,1094,39339,463
2020-11-23,Kings,031,150075,11041,10204,147,10351,85
2020-11-23,Lake,033,64148,965,840,0,840,18
2020-11-23,Lassen,035,31185,2094,1271,7,1278,0
2020-11-23,Los Angeles,037,10098052,388983,366374,5769,372143,7447
2020-11-23,Madera,039,155013,6380,5787,141,5928,56
2020-11-23,Marin,041,260295,7740,7543,28,7571,135
2020-11-23,Mariposa,043,17540,125,97,1,98,2
2020-11-23,Mendocino,045,87422,1483,1330,6,1336,22
2020-11-23,Merced,047,269075,11732,11148,103,11251,169
2020-11-23,Modoc,049,8938,105,91,21,112,0
2020-11-23,Mono,051,14174,519,480,9,489,2
2020-11-23,Monterey,053,433212,15278,14265,262,14527,112
2020-11-23,Napa,055,140530,3213,2811,17,2828,17
2020-11-23,Nevada,057,99092,1309,1087,32,1119,9
2020-11-23,Orange,059,3164182,78560,71074,2329,73403,1546
2020-11-23,Placer,061,380077,7185,5999,136,6135,66
2020-11-23,Plumas,063,18699,213,172,0,172,0
2020-11-23,Riverside,065,2383286,90445,82175,1672,83847,1415
2020-11-23,Sacramento,067,1510023,37077,34141,117,34258,556
2020-11-23,San Benito,069,59416,1839,1729,11,1740,15
2020-11-23,San Bernardino,071,2135413,95002,84387,1476,85863,1224
2020-11-23,San Diego,073,3302833,80489,72817,2885,75702,968
2020-11-23,San Francisco,075,870044,15451,14646,95,14741,153
2020-11-23,San Joaquin,077,732212,26511,24622,488,25110,517
2020-11-23,San Luis Obispo,079,281455,6373,5772,102,5874,34
2020-11-23,San Mateo,081,765935,14428,13364,14,13378,170
2020-11-23,Santa Barbara,083,443738,11543,10944,200,11144,137
2020-11-23,Santa Clara,085,1922200,35052,31064,80,31144,435
2020-11-23,Santa Cruz,087,273765,4528,4003,54,4057,25
2020-11-23,Shasta,089,179085,5290,4100,160,4260,43
2020-11-23,Sierra,091,2930,17,15,0,15,0
2020-11-23,Siskiyou,093,43540,620,460,30,490,0
2020-11-23,Solano,095,438530,10391,9394,66,9460,86
2020-11-23,Sonoma,097,501317,12289,11507,51,11558,160
2020-11-23,Stanislaus,099,539301,21846,20487,1343,21830,436
2020-11-23,Sutter,101,95872,3338,2840,11,2851,14
2020-11-23,Tehama,103,63373,1671,1526,24,1550,9
2020-11-23,Trinity,105,12862,260,120,25,145,0
2020-11-23,Tulare,107,460477,21502,19818,1313,21131,315
2020-11-23,Tuolumne,109,53932,1024,774,5,779,7
2020-11-23,Ventura,111,848112,20054,18480,628,19108,179
2020-11-23,Yolo,113,214977,4897,4265,16,4281,75
2020-11-23,Yuba,115,75493,1970,1702,9,1711,10
2020-11-22,Alameda,001,1643700,29487,27472,312,27784,444
2020-11-22,Alpine,003,1148,46,41,0,41,0
2020-11-22,Amador,005,37829,503,450,1,451,16
2020-11-22,Butte,007,227075,4041,3712,189,3901,61
2020-11-22,Calaveras,009,45235,468,434,0,434,21
2020-11-22,Colusa,011,21464,722,642,3,645,6
2020-11-22,Contra Costa,013,1133247,23940,22407,146,22553,260
2020-11-22,Del Norte,015,27424,311,271,0,271,2
2020-11-22,El Dorado,017,186661,2489,1917,22,1939,4
2020-11-22,Fresno,019,978130,41291,36315,1259,37574,488
2020-11-22,Glenn,021,27897,939,832,34,866,4
2020-11-22,Humboldt,023,135768,875,729,2,731,9
2020-11-22,Imperial,025,180216,16014,15109,105,15214,355
2020-11-22,Inyo,027,18085,295,279,5,284,15
2020-11-22,Kern,029,883053,40263,37904,1060,38964,463
2020-11-22,Kings,031,150075,10940,10035,138,10173,85
2020-11-22,Lake,033,64148,943,834,0,834,18
2020-11-22,Lassen,035,31185,1929,1211,6,1217,0
2020-11-22,Los Angeles,037,10098052,382705,360341,5518,365859,7438
2020-11-22,Madera,039,155013,6300,5745,130,5875,56
2020-11-22,Marin,041,260295,7705,7506,27,7533,135
2020-11-22,Mariposa,043,17540,124,95,1,96,2
2020-11-22,Mendocino,045,87422,1459,1285,5,1290,22
2020-11-22,Merced,047,269075,11583,10939,103,11042,169
2020-11-22,Modoc,049,8938,104,87,19,106,0
2020-11-22,Mono,051,14174,504,481,9,490,2
2020-11-22,Monterey,053,433212,15036,13887,256,14143,111
2020-11-22,Napa,055,140530,3132,2778,17,2795,17
2020-11-22,Nevada,057,99092,1251,1052,32,1084,9
2020-11-22,Orange,059,3164182,77148,69913,2290,72203,1546
2020-11-22,Placer,061,380077,6958,5880,126,6006,66
2020-11-22,Plumas,063,18699,200,172,0,172,0
2020-11-22,Riverside,065,2383286,88850,81565,1611,83176,1409
2020-11-22,Sacramento,067,1510023,36345,33421,104,33525,555
2020-11-22,San Benito,069,59416,1810,1704,11,1715,15
2020-11-22,San Bernardino,071,2135413,92658,83505,1406,84911,1224
2020-11-22,San Diego,073,3302833,78752,71649,2810,74459,968
2020-11-22,San Francisco,075,870044,15280,14515,94,14609,153
2020-11-22,San Joaquin,077,732212,26212,24619,476,25095,517
2020-11-22,San Luis Obispo,079,281455,6265,5664,101,5765,34
2020-11-22,San Mateo,081,765935,14223,13228,14,13242,170
2020-11-22,Santa Barbara,083,443738,11408,10946,195,11141,137
2020-11-22,Santa Clara,085,1922200,34374,30633,78,30711,434
2020-11-22,Santa Cruz,087,273765,4446,3896,47,3943,25
2020-11-22,Shasta,089,179085,5134,4100,142,4242,43
2020-11-22,Sierra,091,2930,17,13,0,13,0
2020-11-22,Siskiyou,093,43540,588,411,30,441,0
2020-11-22,Solano,095,438530,10220,9363,62,9425,86
2020-11-22,Sonoma,097,501317,12131,11415,49,11464,159
2020-11-22,Stanislaus,099,539301,21519,20223,1313,21536,436
2020-11-22,Sutter,101,95872,3220,2677,11,2688,13
2020-11-22,Tehama,103,63373,1637,1457,19,1476,9
2020-11-22,Trinity,105,12862,254,114,25,139,0
2020-11-22,Tulare,107,460477,21250,19818,1243,21061,314
2020-11-22,Tuolumne,109,53932,998,689,5,694,7
2020-11-22,Ventura,111,848112,19693,18105,614,18719,179
2020-11-22,Yolo,113,214977,4797,4206,16,4222,75
2020-11-22,Yuba,115,75493,1917,1672,9,1681,10
2020-11-21,Alameda,001,1643700,29300,27424,310,27734,444
2020-11-21,Alpine,003,1148,46,41,0,41,0
2020-11-21,Amador,005,37829,489,450,1,451,16
2020-11-21,Butte,007,227075,3993,3664,186,3850,61
2020-11-21,Calaveras,009,45235,462,434,0,434,21
2020-11-21,Colusa,011,21464,713,642,3,645,6
2020-11-21,Contra Costa,013,1133247,23787,22338,144,22482,260
2020-11-21,Del Norte,015,27424,306,271,0,271,2
2020-11-21,El Dorado,017,186661,2440,1900,21,1921,4
2020-11-21,Fresno,019,978130,41035,35973,1225,37198,482
2020-11-21,Glenn,021,27897,934,829,32,861,4
2020-11-21,Humboldt,023,135768,865,728,2,730,9
2020-11-21,Imperial,025,180216,15937,15053,105,15158,355
2020-11-21,Inyo,027,18085,293,283,5,288,15
2020-11-21,Kern,029,883053,40007,37403,1025,38428,463
2020-11-21,Kings,031,150075,10892,10019,134,10153,85
2020-11-21,Lake,033,64148,930,832,0,832,18
2020-11-21,Lassen,035,31185,1862,1211,6,1217,0
2020-11-21,Los Angeles,037,10098052,379525,357754,5372,363126,7428
2020-11-21,Madera,039,155013,6263,5706,130,5836,56
2020-11-21,Marin,041,260295,7682,7488,26,7514,134
2020-11-21,Mariposa,043,17540,124,92,1,93,2
2020-11-21,Mendocino,045,87422,1428,1282,5,1287,22
2020-11-21,Merced,047,269075,11522,10849,102,10951,169
2020-11-21,Modoc,049,8938,100,87,18,105,0
2020-11-21,Mono,051,14174,499,469,9,478,2
2020-11-21,Monterey,053,433212,14938,13886,251,14137,110
2020-11-21,Napa,055,140530,3098,2757,17,2774,17
2020-11-21,Nevada,057,99092,1239,1018,31,1049,9
2020-11-21,Orange,059,3164182,76345,69021,2260,71281,1543
2020-11-21,Placer,061,380077,6845,5778,123,5901,65
2020-11-21,Plumas,063,18699,195,172,0,172,0
2020-11-21,Riverside,065,2383286,88073,80676,1565,82241,1407
2020-11-21,Sacramento,067,1510023,35949,33133,96,33229,548
2020-11-21,San Benito,069,59416,1791,1691,11,1702,15
2020-11-21,San Bernardino,071,2135413,91782,83206,1330,84536,1222
2020-11-21,San Diego,073,3302833,77973,70711,2755,73466,966
2020-11-21,San Francisco,075,870044,15177,14445,93,14538,153
2020-11-21,San Joaquin,077,732212,26079,24620,461,25081,517
2020-11-21,San Luis Obispo,079,281455,6212,5618,98,5716,34
2020-11-21,San Mateo,081,765935,14121,13138,14,13152,170
2020-11-21,Santa Barbara,083,443738,11357,10922,192,11114,137
2020-11-21,Santa Clara,085,1922200,33990,30377,75,30452,433
2020-11-21,Santa Cruz,087,273765,4389,3898,47,3945,25
2020-11-21,Shasta,089,179085,5060,4095,139,4234,42
2020-11-21,Sierra,091,2930,17,13,0,13,0
2020-11-21,Siskiyou,093,43540,572,403,30,433,0
2020-11-21,Solano,095,438530,10130,9290,59,9349,86
2020-11-21,Sonoma,097,501317,12056,11394,47,11441,158
2020-11-21,Stanislaus,099,539301,21376,20111,1288,21399,435
2020-11-21,Sutter,101,95872,3160,2615,10,2625,13
2020-11-21,Tehama,103,63373,1617,1435,18,1453,9
2020-11-21,Trinity,105,12862,251,110,24,134,0
2020-11-21,Tulare,107,460477,21124,19752,1209,20961,313
2020-11-21,Tuolumne,109,53932,979,690,5,695,7
2020-11-21,Ventura,111,848112,19529,18040,604,18644,177
2020-11-21,Yolo,113,214977,4723,4147,15,4162,75
2020-11-21,Yuba,115,75493,1885,1643,9,1652,10
2020-11-20,Alameda,001,1643700,29085,27221,303,27524,444
2020-11-20,Alpine,003,1148,46,20,0,20,0
2020-11-20,Amador,005,37829,485,446,1,447,16
2020-11-20,Butte,007,227075,3961,3618,182,3800,60
2020-11-20,Calaveras,009,45235,450,424,0,424,21
2020-11-20,Colusa,011,21464,705,631,2,633,6
2020-11-20,Contra Costa,013,1133247,23601,22116,140,22256,260
2020-11-20,Del Norte,015,27424,302,264,0,264,2
2020-11-20,El Dorado,017,186661,2344,1868,19,1887,4
2020-11-20,Fresno,019,978130,40741,35635,1195,36830,480
2020-11-20,Glenn,021,27897,922,826,30,856,4
2020-11-20,Humboldt,023,135768,856,714,1,715,9
2020-11-20,Imperial,025,180216,15875,14864,100,14964,353
2020-11-20,Inyo,027,18085,291,262,5,267,15
2020-11-20,Kern,029,883053,39714,37143,999,38142,462
2020-11-20,Kings,031,150075,10844,9903,133,10036,85
2020-11-20,Lake,033,64148,921,820,0,820,18
2020-11-20,Lassen,035,31185,1777,1212,5,1217,0
2020-11-20,Los Angeles,037,10098052,375642,353554,5208,358762,7398
2020-11-20,Madera,039,155013,6170,5635,129,5764,54
2020-11-20,Marin,041,260295,7658,7467,25,7492,134
2020-11-20,Mariposa,043,17540,116,89,1,90,2
2020-11-20,Mendocino,045,87422,1408,1269,5,1274,22
2020-11-20,Merced,047,269075,11436,10729,102,10831,167
2020-11-20,Modoc,049,8938,100,83,18,101,0
2020-11-20,Mono,051,14174,497,469,9,478,2
2020-11-20,Monterey,053,433212,14813,13738,242,13980,110
2020-11-20,Napa,055,140530,3068,2718,17,2735,17
2020-11-20,Nevada,057,99092,1221,990,30,1020,9
2020-11-20,Orange,059,3164182,75508,68212,2222,70434,1532
2020-11-20,Placer,061,380077,6710,5687,108,5795,66
2020-11-20,Plumas,063,18699,193,163,0,163,0
2020-11-20,Riverside,065,2383286,87062,79613,1502,81115,1405
2020-11-20,Sacramento,067,1510023,35573,32832,89,32921,549
2020-11-20,San Benito,069,59416,1779,1668,11,1679,15
2020-11-20,San Bernardino,071,2135413,90416,81203,1249,82452,1220
2020-11-20,San Diego,073,3302833,76975,69233,2673,71906,960
2020-11-20,San Francisco,075,870044,15073,14327,92,14419,153
2020-11-20,San Joaquin,077,732212,25926,24460,448,24908,515
2020-11-20,San Luis Obispo,079,281455,6156,5524,95,5619,34
2020-11-20,San Mateo,081,765935,13988,12980,13,12993,169
2020-11-20,Santa Barbara,083,443738,11301,10825,186,11011,136
2020-11-20,Santa Clara,085,1922200,33568,30002,70,30072,431
2020-11-20,Santa Cruz,087,273765,4323,3815,47,3862,25
2020-11-20,Shasta,089,179085,4986,3861,134,3995,42
2020-11-20,Sierra,091,2930,17,12,0,12,0
2020-11-20,Siskiyou,093,43540,559,387,29,416,0
2020-11-20,Solano,095,438530,10038,9216,57,9273,85
2020-11-20,Sonoma,097,501317,11972,11316,46,11362,158
2020-11-20,Stanislaus,099,539301,21221,19889,1262,21151,433
2020-11-20,Sutter,101,95872,3110,2580,10,2590,13
2020-11-20,Tehama,103,63373,1602,1410,15,1425,9
2020-11-20,Trinity,105,12862,250,102,24,126,0
2020-11-20,Tulare,107,460477,20991,19568,1170,20738,311
2020-11-20,Tuolumne,109,53932,940,662,5,667,7
2020-11-20,Ventura,111,848112,19361,17741,576,18317,175
2020-11-20,Yolo,113,214977,4645,4081,14,4095,74
2020-11-20,Yuba,115,75493,1857,1611,9,1620,10
2020-11-19,Alameda,001,1643700,28739,26971,295,27266,441
2020-11-19,Alpine,003,1148,43,20,0,20,0
2020-11-19,Amador,005,37829,481,436,1,437,16
2020-11-19,Butte,007,227075,3912,3576,175,3751,60
2020-11-19,Calaveras,009,45235,440,417,0,417,21
2020-11-19,Colusa,011,21464,687,621,2,623,6
2020-11-19,Contra Costa,013,1133247,23329,21886,137,22023,259
2020-11-19,Del Norte,015,27424,294,251,0,251,2
2020-11-19,El Dorado,017,186661,2270,1825,18,1843,4
2020-11-19,Fresno,019,978130,40291,35278,1138,36416,478
2020-11-19,Glenn,021,27897,900,806,29,835,4
2020-11-19,Humboldt,023,135768,836,693,1,694,9
2020-11-19,Imperial,025,180216,15666,14507,99,14606,349
2020-11-19,Inyo,027,18085,289,262,5,267,15
2020-11-19,Kern,029,883053,39293,36779,957,37736,459
2020-11-19,Kings,031,150075,10696,9763,125,9888,85
2020-11-19,Lake,033,64148,907,809,0,809,18
2020-11-19,Lassen,035,31185,1660,1201,3,1204,0
2020-11-19,Los Angeles,037,10098052,370620,349493,5038,354531,7365
2020-11-19,Madera,039,155013,6098,5540,121,5661,54
2020-11-19,Marin,041,260295,7627,7451,25,7476,134
2020-11-19,Mariposa,043,17540,109,88,0,88,2
2020-11-19,Mendocino,045,87422,1387,1237,5,1242,23
2020-11-19,Merced,047,269075,11295,10634,96,10730,167
2020-11-19,Modoc,049,8938,97,82,18,100,0
2020-11-19,Mono,051,14174,489,468,9,477,2
2020-11-19,Monterey,053,433212,14598,13369,230,13599,108
2020-11-19,Napa,055,140530,3014,2641,17,2658,17
2020-11-19,Nevada,057,99092,1180,945,29,974,9
2020-11-19,Orange,059,3164182,74246,66998,2177,69175,1530
2020-11-19,Placer,061,380077,6519,5612,107,5719,65
2020-11-19,Plumas,063,18699,188,158,0,158,0
2020-11-19,Riverside,065,2383286,85577,78535,1431,79966,1402
2020-11-19,Sacramento,067,1510023,35059,32367,87,32454,546
2020-11-19,San Benito,069,59416,1756,1643,11,1654,15
2020-11-19,San Bernardino,071,2135413,88520,79244,1169,80413,1215
2020-11-19,San Diego,073,3302833,75725,68142,2569,70711,952
2020-11-19,San Francisco,075,870044,14916,14178,86,14264,153
2020-11-19,San Joaquin,077,732212,25606,24270,437,24707,516
2020-11-19,San Luis Obispo,079,281455,6079,5410,91,5501,34
2020-11-19,San Mateo,081,765935,13850,12714,13,12727,169
2020-11-19,Santa Barbara,083,443738,11221,10741,183,10924,136
2020-11-19,Santa Clara,085,1922200,33010,29630,69,29699,424
2020-11-19,Santa Cruz,087,273765,4232,3679,45,3724,25
2020-11-19,Shasta,089,179085,4848,3685,124,3809,42
2020-11-19,Sierra,091,2930,17,11,0,11,0
2020-11-19,Siskiyou,093,43540,534,360,28,388,0
2020-11-19,Solano,095,438530,9901,9093,53,9146,84
2020-11-19,Sonoma,097,501317,11802,11205,44,11249,156
2020-11-19,Stanislaus,099,539301,20981,19736,1220,20956,433
2020-11-19,Sutter,101,95872,3011,2509,10,2519,13
2020-11-19,Tehama,103,63373,1569,1373,12,1385,9
2020-11-19,Trinity,105,12862,244,97,24,121,0
2020-11-19,Tulare,107,460477,20769,19384,1105,20489,304
2020-11-19,Tuolumne,109,53932,907,602,5,607,7
2020-11-19,Ventura,111,848112,19008,17300,563,17863,174
2020-11-19,Yolo,113,214977,4550,3973,14,3987,72
2020-11-19,Yuba,115,75493,1817,1568,9,1577,10
2020-11-18,Alameda,001,1643700,28476,26610,290,26900,440
2020-11-18,Alpine,003,1148,42,16,0,16,0
2020-11-18,Amador,005,37829,476,430,1,431,16
2020-11-18,Butte,007,227075,3859,3537,162,3699,59
2020-11-18,Calaveras,009,45235,436,409,0,409,21
2020-11-18,Colusa,011,21464,674,611,2,613,6
2020-11-18,Contra Costa,013,1133247,23062,21685,133,21818,258
2020-11-18,Del Norte,015,27424,281,240,0,240,2
2020-11-18,El Dorado,017,186661,2182,1799,17,1816,4
2020-11-18,Fresno,019,978130,39851,34997,1087,36084,474
2020-11-18,Glenn,021,27897,883,803,27,830,4
2020-11-18,Humboldt,023,135768,822,690,1,691,9
2020-11-18,Imperial,025,180216,15444,14428,97,14525,348
2020-11-18,Inyo,027,18085,287,262,5,267,15
2020-11-18,Kern,029,883053,38904,36537,907,37444,456
2020-11-18,Kings,031,150075,10548,9696,122,9818,85
2020-11-18,Lake,033,64148,894,802,0,802,18
2020-11-18,Lassen,035,31185,1560,1124,3,1127,0
2020-11-18,Los Angeles,037,10098052,365754,344675,4853,349528,7338
2020-11-18,Madera,039,155013,6011,5519,109,5628,54
2020-11-18,Marin,041,260295,7603,7435,25,7460,134
2020-11-18,Mariposa,043,17540,106,88,0,88,2
2020-11-18,Mendocino,045,87422,1367,1237,5,1242,23
2020-11-18,Merced,047,269075,11179,10536,95,10631,166
2020-11-18,Modoc,049,8938,94,77,18,95,0
2020-11-18,Mono,051,14174,484,468,9,477,2
2020-11-18,Monterey,053,433212,14403,13340,216,13556,108
2020-11-18,Napa,055,140530,2968,2607,17,2624,17
2020-11-18,Nevada,057,99092,1140,933,27,960,9
2020-11-18,Orange,059,3164182,73148,66381,2152,68533,1521
2020-11-18,Placer,061,380077,6341,5543,102,5645,64
2020-11-18,Plumas,063,18699,183,143,0,143,0
2020-11-18,Riverside,065,2383286,84112,77739,1328,79067,1387
2020-11-18,Sacramento,067,1510023,34434,31816,79,31895,541
2020-11-18,San Benito,069,59416,1731,1632,10,1642,15
2020-11-18,San Bernardino,071,2135413,86761,77400,1089,78489,1206
2020-11-18,San Diego,073,3302833,74431,67243,2509,69752,945
2020-11-18,San Francisco,075,870044,14772,14057,84,14141,153
2020-11-18,San Joaquin,077,732212,25340,24146,422,24568,517
2020-11-18,San Luis Obispo,079,281455,6003,5322,90,5412,34
2020-11-18,San Mateo,081,765935,13697,12631,12,12643,169
2020-11-18,Santa Barbara,083,443738,11142,10684,176,10860,136
2020-11-18,Santa Clara,085,1922200,32545,29285,64,29349,421
2020-11-18,Santa Cruz,087,273765,4140,3618,43,3661,25
2020-11-18,Shasta,089,179085,4715,3547,120,3667,42
2020-11-18,Sierra,091,2930,17,11,0,11,0
2020-11-18,Siskiyou,093,43540,502,351,27,378,0
2020-11-18,Solano,095,438530,9769,8994,51,9045,84
2020-11-18,Sonoma,097,501317,11695,11129,41,11170,155
2020-11-18,Stanislaus,099,539301,20738,19609,1195,20804,431
2020-11-18,Sutter,101,95872,2893,2442,10,2452,13
2020-11-18,Tehama,103,63373,1531,1338,12,1350,8
2020-11-18,Trinity,105,12862,230,95,23,118,0
2020-11-18,Tulare,107,460477,20559,19286,1054,20340,306
2020-11-18,Tuolumne,109,53932,872,590,5,595,7
2020-11-18,Ventura,111,848112,18683,17169,548,17717,173
2020-11-18,Yolo,113,214977,4476,3929,14,3943,71
2020-11-18,Yuba,115,75493,1763,1540,9,1549,10
2020-11-17,Alameda,001,1643700,28149,26425,280,26705,439
2020-11-17,Alpine,003,1148,40,12,0,12,0
2020-11-17,Amador,005,37829,465,423,1,424,16
2020-11-17,Butte,007,227075,3817,3500,152,3652,59
2020-11-17,Calaveras,009,45235,421,405,0,405,21
2020-11-17,Colusa,011,21464,663,606,1,607,6
2020-11-17,Contra Costa,013,1133247,22789,21557,128,21685,256
2020-11-17,Del Norte,015,27424,275,233,0,233,2
2020-11-17,El Dorado,017,186661,2123,1758,17,1775,4
2020-11-17,Fresno,019,978130,39253,34765,1028,35793,472
2020-11-17,Glenn,021,27897,872,795,26,821,4
2020-11-17,Humboldt,023,135768,800,685,1,686,9
2020-11-17,Imperial,025,180216,15208,14204,94,14298,346
2020-11-17,Inyo,027,18085,286,263,5,268,15
2020-11-17,Kern,029,883053,38454,36164,854,37018,455
2020-11-17,Kings,031,150075,10475,9653,115,9768,85
2020-11-17,Lake,033,64148,874,792,0,792,18
2020-11-17,Lassen,035,31185,1481,1124,3,1127,0
2020-11-17,Los Angeles,037,10098052,360810,340933,4689,345622,7302
2020-11-17,Madera,039,155013,5922,5485,102,5587,54
2020-11-17,Marin,041,260295,7571,7404,24,7428,134
2020-11-17,Mariposa,043,17540,103,87,0,87,2
2020-11-17,Mendocino,045,87422,1346,1216,5,1221,23
2020-11-17,Merced,047,269075,11035,10457,88,10545,162
2020-11-17,Modoc,049,8938,88,71,17,88,0
2020-11-17,Mono,051,14174,479,459,9,468,2
2020-11-17,Monterey,053,433212,14174,13220,206,13426,108
2020-11-17,Napa,055,140530,2914,2568,17,2585,17
2020-11-17,Nevada,057,99092,1099,918,26,944,9
2020-11-17,Orange,059,3164182,71998,65757,2124,67881,1519
2020-11-17,Placer,061,380077,6179,5435,96,5531,63
2020-11-17,Plumas,063,18699,175,142,0,142,0
2020-11-17,Riverside,065,2383286,82725,77079,1237,78316,1379
2020-11-17,Sacramento,067,1510023,33835,31341,75,31416,538
2020-11-17,San Benito,069,59416,1715,1611,4,1615,15
2020-11-17,San Bernardino,071,2135413,84947,76134,999,77133,1188
2020-11-17,San Diego,073,3302833,73178,66321,2453,68774,933
2020-11-17,San Francisco,075,870044,14606,13952,83,14035,153
2020-11-17,San Joaquin,077,732212,25068,23997,402,24399,516
2020-11-17,San Luis Obispo,079,281455,5907,5235,90,5325,34
2020-11-17,San Mateo,081,765935,13535,12491,11,12502,169
2020-11-17,Santa Barbara,083,443738,11056,10597,171,10768,136
2020-11-17,Santa Clara,085,1922200,31998,29013,63,29076,419
2020-11-17,Santa Cruz,087,273765,4056,3548,40,3588,25
2020-11-17,Shasta,089,179085,4557,3457,108,3565,40
2020-11-17,Sierra,091,2930,15,11,0,11,0
2020-11-17,Siskiyou,093,43540,454,333,26,359,0
2020-11-17,Solano,095,438530,9624,8905,50,8955,84
2020-11-17,Sonoma,097,501317,11561,11084,39,11123,155
2020-11-17,Stanislaus,099,539301,20514,19466,1167,20633,425
2020-11-17,Sutter,101,95872,2810,2370,9,2379,12
2020-11-17,Tehama,103,63373,1480,1290,12,1302,7
2020-11-17,Trinity,105,12862,213,83,23,106,0
2020-11-17,Tulare,107,460477,20328,19176,992,20168,305
2020-11-17,Tuolumne,109,53932,834,568,5,573,7
2020-11-17,Ventura,111,848112,18411,16797,530,17327,173
2020-11-17,Yolo,113,214977,4299,3887,13,3900,70
2020-11-17,Yuba,115,75493,1715,1519,9,1528,10
2020-11-16,Alameda,001,1643700,27802,26063,275,26338,436
2020-11-16,Alpine,003,1148,37,12,0,12,0
2020-11-16,Amador,005,37829,457,414,1,415,16
2020-11-16,Butte,007,227075,3778,3490,144,3634,58
2020-11-16,Calaveras,009,45235,413,402,0,402,21
2020-11-16,Colusa,011,21464,654,601,1,602,6
2020-11-16,Contra Costa,013,1133247,22522,21386,123,21509,256
2020-11-16,Del Norte,015,27424,268,225,0,225,2
2020-11-16,El Dorado,017,186661,2063,1694,15,1709,4
2020-11-16,Fresno,019,978130,38763,34593,974,35567,471
2020-11-16,Glenn,021,27897,860,786,25,811,4
2020-11-16,Humboldt,023,135768,784,660,1,661,9
2020-11-16,Imperial,025,180216,14960,14111,94,14205,346
2020-11-16,Inyo,027,18085,283,263,5,268,15
2020-11-16,Kern,029,883053,38060,36049,811,36860,455
2020-11-16,Kings,031,150075,10208,9569,111,9680,85
2020-11-16,Lake,033,64148,862,784,0,784,18
2020-11-16,Lassen,035,31185,1300,1124,3,1127,0
2020-11-16,Los Angeles,037,10098052,356064,338778,4515,343293,7277
2020-11-16,Madera,039,155013,5835,5433,96,5529,54
2020-11-16,Marin,041,260295,7542,7359,24,7383,134
2020-11-16,Mariposa,043,17540,100,86,0,86,2
2020-11-16,Mendocino,045,87422,1321,1209,5,1214,23
2020-11-16,Merced,047,269075,10897,10399,85,10484,162
2020-11-16,Modoc,049,8938,86,71,17,88,0
2020-11-16,Mono,051,14174,477,453,9,462,2
2020-11-16,Monterey,053,433212,13928,13089,196,13285,107
2020-11-16,Napa,055,140530,2838,2536,17,2553,17
2020-11-16,Nevada,057,99092,1056,889,24,913,9
2020-11-16,Orange,059,3164182,70901,65396,2110,67506,1519
2020-11-16,Placer,061,380077,6059,5387,87,5474,63
2020-11-16,Plumas,063,18699,168,127,0,127,0
2020-11-16,Riverside,065,2383286,81350,76449,1172,77621,1379
2020-11-16,Sacramento,067,1510023,33197,30954,69,31023,534
2020-11-16,San Benito,069,59416,1697,1603,3,1606,15
2020-11-16,San Bernardino,071,2135413,83119,74401,930,75331,1186
2020-11-16,San Diego,073,3302833,71867,65603,2381,67984,926
2020-11-16,San Francisco,075,870044,14447,13847,80,13927,153
2020-11-16,San Joaquin,077,732212,24780,23515,393,23908,513
2020-11-16,San Luis Obispo,079,281455,5804,5161,85,5246,34
2020-11-16,San Mateo,081,765935,13375,12398,11,12409,169
2020-11-16,Santa Barbara,083,443738,10992,10565,167,10732,135
2020-11-16,Santa Clara,085,1922200,31432,28673,62,28735,419
2020-11-16,Santa Cruz,087,273765,3983,3520,40,3560,25
2020-11-16,Shasta,089,179085,4409,3284,103,3387,37
2020-11-16,Sierra,091,2930,15,11,0,11,0
2020-11-16,Siskiyou,093,43540,427,294,26,320,0
2020-11-16,Solano,095,438530,9425,8827,50,8877,84
2020-11-16,Sonoma,097,501317,11470,10961,38,10999,155
2020-11-16,Stanislaus,099,539301,20278,19333,1140,20473,425
2020-11-16,Sutter,101,95872,2704,2322,9,2331,12
2020-11-16,Tehama,103,63373,1435,1261,8,1269,7
2020-11-16,Trinity,105,12862,201,67,23,90,0
2020-11-16,Tulare,107,460477,20149,18891,939,19830,305
2020-11-16,Tuolumne,109,53932,798,543,5,548,7
2020-11-16,Ventura,111,848112,18073,16691,522,17213,172
2020-11-16,Yolo,113,214977,4203,3858,13,3871,70
2020-11-16,Yuba,115,75493,1679,1500,8,1508,10
2020-11-15,Alameda,001,1643700,27484,25879,269,26148,436
2020-11-15,Alpine,003,1148,35,12,0,12,0
2020-11-15,Amador,005,37829,445,409,1,410,16
2020-11-15,Butte,007,227075,3724,3452,135,3587,58
2020-11-15,Calaveras,009,45235,399,386,0,386,21
2020-11-15,Colusa,011,21464,645,601,1,602,6
2020-11-15,Contra Costa,013,1133247,22223,21179,122,21301,256
2020-11-15,Del Norte,015,27424,253,224,0,224,2
2020-11-15,El Dorado,017,186661,2001,1683,14,1697,4
2020-11-15,Fresno,019,978130,38249,34297,936,35233,471
2020-11-15,Glenn,021,27897,848,783,24,807,4
2020-11-15,Humboldt,023,135768,755,653,1,654,9
2020-11-15,Imperial,025,180216,14723,13940,94,14034,346
2020-11-15,Inyo,027,18085,273,263,5,268,15
2020-11-15,Kern,029,883053,37655,35911,776,36687,455
2020-11-15,Kings,031,150075,10015,9533,107,9640,85
2020-11-15,Lake,033,64148,853,777,0,777,17
2020-11-15,Lassen,035,31185,1253,1124,3,1127,0
2020-11-15,Los Angeles,037,10098052,351022,336035,4343,340378,7271
2020-11-15,Madera,039,155013,5738,5391,90,5481,54
2020-11-15,Marin,041,260295,7516,7347,24,7371,133
2020-11-15,Mariposa,043,17540,97,86,0,86,2
2020-11-15,Mendocino,045,87422,1302,1197,5,1202,22
2020-11-15,Merced,047,269075,10764,10350,85,10435,162
2020-11-15,Modoc,049,8938,85,68,17,85,0
2020-11-15,Mono,051,14174,475,453,9,462,2
2020-11-15,Monterey,053,433212,13731,12999,183,13182,107
2020-11-15,Napa,055,140530,2779,2509,15,2524,17
2020-11-15,Nevada,057,99092,1001,859,24,883,9
2020-11-15,Orange,059,3164182,69860,65008,2094,67102,1519
2020-11-15,Placer,061,380077,5904,5330,79,5409,63
2020-11-15,Plumas,063,18699,162,127,0,127,0
2020-11-15,Riverside,065,2383286,80026,75531,1113,76644,1374
2020-11-15,Sacramento,067,1510023,32571,30601,65,30666,534
2020-11-15,San Benito,069,59416,1672,1589,2,1591,15
2020-11-15,San Bernardino,071,2135413,80965,73769,855,74624,1185
2020-11-15,San Diego,073,3302833,70366,64770,2324,67094,926
2020-11-15,San Francisco,075,870044,14271,13757,79,13836,153
2020-11-15,San Joaquin,077,732212,24570,23516,377,23893,513
2020-11-15,San Luis Obispo,079,281455,5681,5120,83,5203,34
2020-11-15,San Mateo,081,765935,13198,12348,11,12359,169
2020-11-15,Santa Barbara,083,443738,10897,10516,165,10681,135
2020-11-15,Santa Clara,085,1922200,30978,28289,61,28350,418
2020-11-15,Santa Cruz,087,273765,3845,3439,39,3478,25
2020-11-15,Shasta,089,179085,4236,3290,94,3384,37
2020-11-15,Sierra,091,2930,15,11,0,11,0
2020-11-15,Siskiyou,093,43540,408,294,26,320,0
2020-11-15,Solano,095,438530,9264,8713,47,8760,84
2020-11-15,Sonoma,097,501317,11350,10833,37,10870,154
2020-11-15,Stanislaus,099,539301,20006,19228,1115,20343,425
2020-11-15,Sutter,101,95872,2614,2230,9,2239,12
2020-11-15,Tehama,103,63373,1384,1222,7,1229,7
2020-11-15,Trinity,105,12862,191,67,21,88,0
2020-11-15,Tulare,107,460477,19932,18891,886,19777,305
2020-11-15,Tuolumne,109,53932,756,486,5,491,7
2020-11-15,Ventura,111,848112,17799,16564,514,17078,172
2020-11-15,Yolo,113,214977,4100,3819,12,3831,67
2020-11-15,Yuba,115,75493,1638,1470,7,1477,10
2020-11-14,Alameda,001,1643700,27217,25714,267,25981,435
2020-11-14,Alpine,003,1148,35,12,0,12,0
2020-11-14,Amador,005,37829,436,404,0,404,16
2020-11-14,Butte,007,227075,3688,3434,121,3555,58
2020-11-14,Calaveras,009,45235,398,386,0,386,21
2020-11-14,Colusa,011,21464,633,601,1,602,6
2020-11-14,Contra Costa,013,1133247,22084,20975,115,21090,256
2020-11-14,Del Norte,015,27424,247,219,0,219,2
2020-11-14,El Dorado,017,186661,1957,1648,14,1662,4
2020-11-14,Fresno,019,978130,37999,33969,899,34868,471
2020-11-14,Glenn,021,27897,839,772,21,793,3
2020-11-14,Humboldt,023,135768,740,643,1,644,9
2020-11-14,Imperial,025,180216,14630,13932,93,14025,346
2020-11-14,Inyo,027,18085,272,263,5,268,15
2020-11-14,Kern,029,883053,37446,35626,757,36383,454
2020-11-14,Kings,031,150075,9980,9490,104,9594,85
2020-11-14,Lake,033,64148,844,773,0,773,17
2020-11-14,Lassen,035,31185,1239,833,3,836,0
2020-11-14,Los Angeles,037,10098052,348314,333021,4234,337255,7269
2020-11-14,Madera,039,155013,5708,5371,88,5459,54
2020-11-14,Marin,041,260295,7500,7325,24,7349,133
2020-11-14,Mariposa,043,17540,96,86,0,86,2
2020-11-14,Mendocino,045,87422,1286,1181,5,1186,22
2020-11-14,Merced,047,269075,10708,10286,83,10369,161
2020-11-14,Modoc,049,8938,84,64,16,80,0
2020-11-14,Mono,051,14174,475,453,9,462,2
2020-11-14,Monterey,053,433212,13635,12854,173,13027,105
2020-11-14,Napa,055,140530,2745,2473,15,2488,17
2020-11-14,Nevada,057,99092,985,835,24,859,9
2020-11-14,Orange,059,3164182,69239,64340,2083,66423,1517
2020-11-14,Placer,061,380077,5828,5215,73,5288,63
2020-11-14,Plumas,063,18699,157,128,0,128,0
2020-11-14,Riverside,065,2383286,79285,74910,1073,75983,1373
2020-11-14,Sacramento,067,1510023,32245,30298,65,30363,532
2020-11-14,San Benito,069,59416,1657,1573,2,1575,15
2020-11-14,San Bernardino,071,2135413,80031,72868,823,73691,1184
2020-11-14,San Diego,073,3302833,69601,63715,2272,65987,926
2020-11-14,San Francisco,075,870044,14183,13661,78,13739,153
2020-11-14,San Joaquin,077,732212,24479,23516,369,23885,511
2020-11-14,San Luis Obispo,079,281455,5617,5073,78,5151,34
2020-11-14,San Mateo,081,765935,13090,12293,11,12304,169
2020-11-14,Santa Barbara,083,443738,10843,10482,163,10645,135
2020-11-14,Santa Clara,085,1922200,30693,27962,59,28021,416
2020-11-14,Santa Cruz,087,273765,3790,3402,39,3441,25
2020-11-14,Shasta,089,179085,4155,3195,92,3287,37
2020-11-14,Sierra,091,2930,15,11,0,11,0
2020-11-14,Siskiyou,093,43540,395,292,26,318,0
2020-11-14,Solano,095,438530,9184,8655,46,8701,84
2020-11-14,Sonoma,097,501317,11297,10769,37,10806,154
2020-11-14,Stanislaus,099,539301,19863,19068,1093,20161,424
2020-11-14,Sutter,101,95872,2569,2182,9,2191,12
2020-11-14,Tehama,103,63373,1363,1206,6,1212,7
2020-11-14,Trinity,105,12862,186,67,21,88,0
2020-11-14,Tulare,107,460477,19837,18853,858,19711,305
2020-11-14,Tuolumne,109,53932,728,448,5,453,7
2020-11-14,Ventura,111,848112,17653,16297,503,16800,172
2020-11-14,Yolo,113,214977,4057,3765,10,3775,65
2020-11-14,Yuba,115,75493,1609,1453,7,1460,10
2020-11-13,Alameda,001,1643700,27001,25515,262,25777,434
2020-11-13,Alpine,003,1148,35,12,0,12,0
2020-11-13,Amador,005,37829,433,397,0,397,16
2020-11-13,Butte,007,227075,3664,3402,112,3514,58
2020-11-13,Calaveras,009,45235,394,378,0,378,21
2020-11-13,Colusa,011,21464,625,598,1,599,6
2020-11-13,Contra Costa,013,1133247,21911,20799,115,20914,256
2020-11-13,Del Norte,015,27424,244,208,0,208,2
2020-11-13,El Dorado,017,186661,1912,1611,13,1624,4
2020-11-13,Fresno,019,978130,37752,33693,885,34578,470
2020-11-13,Glenn,021,27897,825,755,17,772,3
2020-11-13,Humboldt,023,135768,725,638,1,639,9
2020-11-13,Imperial,025,180216,14560,13790,92,13882,341
2020-11-13,Inyo,027,18085,271,262,5,267,15
2020-11-13,Kern,029,883053,37244,35431,740,36171,453
2020-11-13,Kings,031,150075,9921,9428,103,9531,85
2020-11-13,Lake,033,64148,838,770,0,770,17
2020-11-13,Lassen,035,31185,1230,832,3,835,0
2020-11-13,Los Angeles,037,10098052,345188,329364,4127,333491,7248
2020-11-13,Madera,039,155013,5668,5340,87,5427,54
2020-11-13,Marin,041,260295,7487,7307,23,7330,133
2020-11-13,Mariposa,043,17540,94,86,0,86,2
2020-11-13,Mendocino,045,87422,1274,1173,5,1178,22
2020-11-13,Merced,047,269075,10652,10185,80,10265,159
2020-11-13,Modoc,049,8938,84,63,14,77,0
2020-11-13,Mono,051,14174,475,448,8,456,2
2020-11-13,Monterey,053,433212,13439,12681,161,12842,104
2020-11-13,Napa,055,140530,2706,2440,15,2455,17
2020-11-13,Nevada,057,99092,966,798,24,822,9
2020-11-13,Orange,059,3164182,68640,63804,2063,65867,1514
2020-11-13,Placer,061,380077,5723,5122,67,5189,63
2020-11-13,Plumas,063,18699,151,125,0,125,0
2020-11-13,Riverside,065,2383286,78546,74138,1044,75182,1372
2020-11-13,Sacramento,067,1510023,31927,29787,60,29847,524
2020-11-13,San Benito,069,59416,1645,1553,1,1554,15
2020-11-13,San Bernardino,071,2135413,78983,71895,802,72697,1184
2020-11-13,San Diego,073,3302833,68754,62978,2234,65212,921
2020-11-13,San Francisco,075,870044,14090,13516,76,13592,146
2020-11-13,San Joaquin,077,732212,24384,23314,363,23677,510
2020-11-13,San Luis Obispo,079,281455,5550,4960,75,5035,34
2020-11-13,San Mateo,081,765935,12996,12182,11,12193,169
2020-11-13,Santa Barbara,083,443738,10791,10405,161,10566,134
2020-11-13,Santa Clara,085,1922200,30366,27609,57,27666,415
2020-11-13,Santa Cruz,087,273765,3717,3343,39,3382,25
2020-11-13,Shasta,089,179085,4071,2983,88,3071,37
2020-11-13,Sierra,091,2930,15,11,0,11,0
2020-11-13,Siskiyou,093,43540,390,280,25,305,0
2020-11-13,Solano,095,438530,9093,8525,46,8571,84
2020-11-13,Sonoma,097,501317,11236,10685,35,10720,151
2020-11-13,Stanislaus,099,539301,19738,18936,1065,20001,422
2020-11-13,Sutter,101,95872,2523,2121,8,2129,12
2020-11-13,Tehama,103,63373,1335,1167,6,1173,7
2020-11-13,Trinity,105,12862,184,64,21,85,0
2020-11-13,Tulare,107,460477,19713,18714,817,19531,305
2020-11-13,Tuolumne,109,53932,695,427,5,432,7
2020-11-13,Ventura,111,848112,17507,16172,489,16661,171
2020-11-13,Yolo,113,214977,4006,3716,10,3726,65
2020-11-13,Yuba,115,75493,1582,1435,7,1442,10
2020-11-12,Alameda,001,1643700,26734,25345,262,25607,432
2020-11-12,Alpine,003,1148,34,12,0,12,0
2020-11-12,Amador,005,37829,432,392,0,392,16
2020-11-12,Butte,007,227075,3615,3347,109,3456,58
2020-11-12,Calaveras,009,45235,389,373,0,373,21
2020-11-12,Colusa,011,21464,620,591,1,592,6
2020-11-12,Contra Costa,013,1133247,21704,20619,113,20732,255
2020-11-12,Del Norte,015,27424,237,203,0,203,2
2020-11-12,El Dorado,017,186661,1866,1573,9,1582,4
2020-11-12,Fresno,019,978130,37403,33459,843,34302,468
2020-11-12,Glenn,021,27897,806,727,17,744,3
2020-11-12,Humboldt,023,135768,712,625,1,626,9
2020-11-12,Imperial,025,180216,14395,13619,91,13710,341
2020-11-12,Inyo,027,18085,270,255,5,260,15
2020-11-12,Kern,029,883053,36979,35207,725,35932,451
2020-11-12,Kings,031,150075,9854,9335,102,9437,85
2020-11-12,Lake,033,64148,829,764,0,764,17
2020-11-12,Lassen,035,31185,1161,832,2,834,0
2020-11-12,Los Angeles,037,10098052,341447,327001,4026,331027,7223
2020-11-12,Madera,039,155013,5633,5273,82,5355,54
2020-11-12,Marin,041,260295,7458,7268,23,7291,133
2020-11-12,Mariposa,043,17540,92,84,0,84,2
2020-11-12,Mendocino,045,87422,1255,1142,5,1147,22
2020-11-12,Merced,047,269075,10538,10107,77,10184,158
2020-11-12,Modoc,049,8938,84,63,14,77,0
2020-11-12,Mono,051,14174,474,442,8,450,2
2020-11-12,Monterey,053,433212,13318,12489,147,12636,100
2020-11-12,Napa,055,140530,2644,2398,15,2413,16
2020-11-12,Nevada,057,99092,943,780,23,803,9
2020-11-12,Orange,059,3164182,67895,63232,2044,65276,1514
2020-11-12,Placer,061,380077,5613,5044,58,5102,62
2020-11-12,Plumas,063,18699,147,121,0,121,0
2020-11-12,Riverside,065,2383286,77613,73381,1001,74382,1362
2020-11-12,Sacramento,067,1510023,31436,29459,53,29512,520
2020-11-12,San Benito,069,59416,1625,1525,1,1526,15
2020-11-12,San Bernardino,071,2135413,77618,70758,763,71521,1183
2020-11-12,San Diego,073,3302833,67774,62336,2183,64519,918
2020-11-12,San Francisco,075,870044,13991,13289,75,13364,146
2020-11-12,San Joaquin,077,732212,24191,23002,342,23344,509
2020-11-12,San Luis Obispo,079,281455,5486,4898,74,4972,33
2020-11-12,San Mateo,081,765935,12872,12086,10,12096,169
2020-11-12,Santa Barbara,083,443738,10729,10325,156,10481,134
2020-11-12,Santa Clara,085,1922200,29990,27261,56,27317,414
2020-11-12,Santa Cruz,087,273765,3634,3317,37,3354,25
2020-11-12,Shasta,089,179085,3934,2825,77,2902,37
2020-11-12,Sierra,091,2930,15,11,0,11,0
2020-11-12,Siskiyou,093,43540,373,275,20,295,0
2020-11-12,Solano,095,438530,8993,8417,45,8462,85
2020-11-12,Sonoma,097,501317,11134,10602,34,10636,151
2020-11-12,Stanislaus,099,539301,19569,18787,1036,19823,422
2020-11-12,Sutter,101,95872,2439,2075,7,2082,12
2020-11-12,Tehama,103,63373,1308,1117,6,1123,7
2020-11-12,Trinity,105,12862,176,62,20,82,0
2020-11-12,Tulare,107,460477,19601,18545,779,19324,305
2020-11-12,Tuolumne,109,53932,656,353,5,358,7
2020-11-12,Ventura,111,848112,17257,16013,483,16496,158
2020-11-12,Yolo,113,214977,3962,3646,10,3656,63
2020-11-12,Yuba,115,75493,1547,1410,7,1417,10
2020-11-11,Alameda,001,1643700,26491,25140,260,25400,429
2020-11-11,Alpine,003,1148,29,12,0,12,0
2020-11-11,Amador,005,37829,425,389,0,389,16
2020-11-11,Butte,007,227075,3589,3348,96,3444,58
2020-11-11,Calaveras,009,45235,379,373,0,373,21
2020-11-11,Colusa,011,21464,614,591,1,592,6
2020-11-11,Contra Costa,013,1133247,21486,20452,111,20563,255
2020-11-11,Del Norte,015,27424,230,203,0,203,2
2020-11-11,El Dorado,017,186661,1820,1564,8,1572,4
2020-11-11,Fresno,019,978130,37084,33287,808,34095,468
2020-11-11,Glenn,021,27897,790,722,16,738,3
2020-11-11,Humboldt,023,135768,698,623,1,624,9
2020-11-11,Imperial,025,180216,14225,13623,88,13711,340
2020-11-11,Inyo,027,18085,268,255,5,260,15
2020-11-11,Kern,029,883053,36704,35014,708,35722,449
2020-11-11,Kings,031,150075,9748,9263,99,9362,85
2020-11-11,Lake,033,64148,819,763,0,763,17
2020-11-11,Lassen,035,31185,1136,831,2,833,0
2020-11-11,Los Angeles,037,10098052,338085,324567,3939,328506,7220
2020-11-11,Madera,039,155013,5598,5248,80,5328,54
2020-11-11,Marin,041,260295,7435,7268,23,7291,133
2020-11-11,Mariposa,043,17540,92,84,0,84,2
2020-11-11,Mendocino,045,87422,1243,1142,5,1147,22
2020-11-11,Merced,047,269075,10467,10074,75,10149,157
2020-11-11,Modoc,049,8938,80,62,13,75,0
2020-11-11,Mono,051,14174,472,443,8,451,2
2020-11-11,Monterey,053,433212,13174,12417,143,12560,100
2020-11-11,Napa,055,140530,2595,2365,12,2377,15
2020-11-11,Nevada,057,99092,901,741,23,764,9
2020-11-11,Orange,059,3164182,67257,62929,2021,64950,1506
2020-11-11,Placer,061,380077,5529,4981,50,5031,60
2020-11-11,Plumas,063,18699,145,111,0,111,0
2020-11-11,Riverside,065,2383286,76709,72953,955,73908,1361
2020-11-11,Sacramento,067,1510023,30979,28968,51,29019,520
2020-11-11,San Benito,069,59416,1611,1512,1,1513,15
2020-11-11,San Bernardino,071,2135413,76331,70374,736,71110,1182
2020-11-11,San Diego,073,3302833,66839,61746,2122,63868,918
2020-11-11,San Francisco,075,870044,13883,13287,74,13361,146
2020-11-11,San Joaquin,077,732212,24031,23001,336,23337,509
2020-11-11,San Luis Obispo,079,281455,5410,4832,71,4903,33
2020-11-11,San Mateo,081,765935,12757,12008,10,12018,169
2020-11-11,Santa Barbara,083,443738,10664,10278,156,10434,134
2020-11-11,Santa Clara,085,1922200,29637,27075,55,27130,413
2020-11-11,Santa Cruz,087,273765,3566,3247,37,3284,25
2020-11-11,Shasta,089,179085,3810,2766,67,2833,36
2020-11-11,Sierra,091,2930,13,11,0,11,0
2020-11-11,Siskiyou,093,43540,342,261,17,278,0
2020-11-11,Solano,095,438530,8875,8353,43,8396,85
2020-11-11,Sonoma,097,501317,11060,10498,34,10532,150
2020-11-11,Stanislaus,099,539301,19432,18671,1006,19677,422
2020-11-11,Sutter,101,95872,2391,2049,6,2055,12
2020-11-11,Tehama,103,63373,1266,1105,5,1110,7
2020-11-11,Trinity,105,12862,165,62,20,82,0
2020-11-11,Tulare,107,460477,19470,18500,748,19248,305
2020-11-11,Tuolumne,109,53932,600,354,4,358,7
2020-11-11,Ventura,111,848112,17042,15801,470,16271,158
2020-11-11,Yolo,113,214977,3911,3606,10,3616,63
2020-11-11,Yuba,115,75493,1532,1400,7,1407,10
2020-11-10,Alameda,001,1643700,26261,25008,257,25265,424
2020-11-10,Alpine,003,1148,29,9,0,9,0
2020-11-10,Amador,005,37829,419,384,0,384,16
2020-11-10,Butte,007,227075,3553,3327,92,3419,58
2020-11-10,Calaveras,009,45235,374,367,0,367,21
2020-11-10,Colusa,011,21464,606,590,1,591,6
2020-11-10,Contra Costa,013,1133247,21279,20326,109,20435,255
2020-11-10,Del Norte,015,27424,224,196,0,196,2
2020-11-10,El Dorado,017,186661,1759,1551,8,1559,4
2020-11-10,Fresno,019,978130,36814,33024,770,33794,465
2020-11-10,Glenn,021,27897,782,719,12,731,3
2020-11-10,Humboldt,023,135768,681,610,1,611,9
2020-11-10,Imperial,025,180216,14096,13570,88,13658,338
2020-11-10,Inyo,027,18085,267,252,5,257,14
2020-11-10,Kern,029,883053,36427,34858,689,35547,448
2020-11-10,Kings,031,150075,9701,9236,92,9328,85
2020-11-10,Lake,033,64148,809,762,0,762,16
2020-11-10,Lassen,035,31185,1121,830,2,832,0
2020-11-10,Los Angeles,037,10098052,334833,322569,3825,326394,7205
2020-11-10,Madera,039,155013,5556,5229,74,5303,54
2020-11-10,Marin,041,260295,7416,7259,23,7282,133
2020-11-10,Mariposa,043,17540,90,84,0,84,2
2020-11-10,Mendocino,045,87422,1235,1137,5,1142,22
2020-11-10,Merced,047,269075,10405,9992,69,10061,157
2020-11-10,Modoc,049,8938,78,61,13,74,0
2020-11-10,Mono,051,14174,470,443,8,451,2
2020-11-10,Monterey,053,433212,13036,12335,135,12470,100
2020-11-10,Napa,055,140530,2557,2341,10,2351,15
2020-11-10,Nevada,057,99092,885,734,23,757,9
2020-11-10,Orange,059,3164182,66706,62597,2011,64608,1504
2020-11-10,Placer,061,380077,5449,4902,49,4951,60
2020-11-10,Plumas,063,18699,141,108,0,108,0
2020-11-10,Riverside,065,2383286,76067,72316,928,73244,1359
2020-11-10,Sacramento,067,1510023,30572,28677,48,28725,519
2020-11-10,San Benito,069,59416,1596,1508,1,1509,15
2020-11-10,San Bernardino,071,2135413,75161,69666,703,70369,1182
2020-11-10,San Diego,073,3302833,65948,61085,2085,63170,915
2020-11-10,San Francisco,075,870044,13766,13210,74,13284,146
2020-11-10,San Joaquin,077,732212,23866,22865,329,23194,508
2020-11-10,San Luis Obispo,079,281455,5347,4780,68,4848,33
2020-11-10,San Mateo,081,765935,12656,11939,10,11949,169
2020-11-10,Santa Barbara,083,443738,10597,10252,152,10404,134
2020-11-10,Santa Clara,085,1922200,29293,26917,54,26971,409
2020-11-10,Santa Cruz,087,273765,3502,3221,37,3258,25
2020-11-10,Shasta,089,179085,3667,2686,59,2745,36
2020-11-10,Sierra,091,2930,12,10,0,10,0
2020-11-10,Siskiyou,093,43540,326,263,16,279,0
2020-11-10,Solano,095,438530,8777,8299,43,8342,85
2020-11-10,Sonoma,097,501317,10973,10414,34,10448,150
2020-11-10,Stanislaus,099,539301,19298,18592,982,19574,420
2020-11-10,Sutter,101,95872,2296,2035,5,2040,12
2020-11-10,Tehama,103,63373,1240,1099,4,1103,7
2020-11-10,Trinity,105,12862,156,62,18,80,0
2020-11-10,Tulare,107,460477,19355,18430,724,19154,305
2020-11-10,Tuolumne,109,53932,552,353,4,357,7
2020-11-10,Ventura,111,848112,16859,15625,468,16093,158
2020-11-10,Yolo,113,214977,3850,3573,10,3583,63
2020-11-10,Yuba,115,75493,1509,1392,7,1399,10
2020-11-09,Alameda,001,1643700,26012,24899,253,25152,424
2020-11-09,Alpine,003,1148,27,6,0,6,0
2020-11-09,Amador,005,37829,410,380,0,380,16
2020-11-09,Butte,007,227075,3508,3301,83,3384,57
2020-11-09,Calaveras,009,45235,370,360,0,360,21
2020-11-09,Colusa,011,21464,600,583,1,584,6
2020-11-09,Contra Costa,013,1133247,21106,20193,107,20300,255
2020-11-09,Del Norte,015,27424,218,195,0,195,2
2020-11-09,El Dorado,017,186661,1718,1515,8,1523,4
2020-11-09,Fresno,019,978130,36503,32755,729,33484,465
2020-11-09,Glenn,021,27897,776,714,9,723,3
2020-11-09,Humboldt,023,135768,668,607,1,608,9
2020-11-09,Imperial,025,180216,13979,13508,86,13594,338
2020-11-09,Inyo,027,18085,267,252,5,257,14
2020-11-09,Kern,029,883053,36196,34764,653,35417,448
2020-11-09,Kings,031,150075,9631,9141,90,9231,84
2020-11-09,Lake,033,64148,800,755,0,755,16
2020-11-09,Lassen,035,31185,1025,799,2,801,0
2020-11-09,Los Angeles,037,10098052,331736,320370,3749,324119,7180
2020-11-09,Madera,039,155013,5510,5209,71,5280,54
2020-11-09,Marin,041,260295,7390,7237,22,7259,131
2020-11-09,Mariposa,043,17540,90,84,0,84,2
2020-11-09,Mendocino,045,87422,1223,1132,5,1137,22
2020-11-09,Merced,047,269075,10302,9922,66,9988,157
2020-11-09,Modoc,049,8938,74,54,12,66,0
2020-11-09,Mono,051,14174,467,352,8,360,2
2020-11-09,Monterey,053,433212,12889,12148,126,12274,98
2020-11-09,Napa,055,140530,2514,2309,10,2319,15
2020-11-09,Nevada,057,99092,848,729,22,751,9
2020-11-09,Orange,059,3164182,66065,62335,1999,64334,1501
2020-11-09,Placer,061,380077,5364,4843,37,4880,60
2020-11-09,Plumas,063,18699,134,102,0,102,0
2020-11-09,Riverside,065,2383286,75283,72059,894,72953,1346
2020-11-09,Sacramento,067,1510023,30101,28200,48,28248,516
2020-11-09,San Benito,069,59416,1587,1506,1,1507,15
2020-11-09,San Bernardino,071,2135413,74107,69015,661,69676,1182
2020-11-09,San Diego,073,3302833,65093,60572,2045,62617,908
2020-11-09,San Francisco,075,870044,13646,12984,71,13055,146
2020-11-09,San Joaquin,077,732212,23701,22512,324,22836,505
2020-11-09,San Luis Obispo,079,281455,5260,4746,66,4812,32
2020-11-09,San Mateo,081,765935,12549,11857,10,11867,169
2020-11-09,Santa Barbara,083,443738,10540,10214,146,10360,134
2020-11-09,Santa Clara,085,1922200,28898,26693,54,26747,409
2020-11-09,Santa Cruz,087,273765,3444,3194,37,3231,25
2020-11-09,Shasta,089,179085,3513,2581,50,2631,36
2020-11-09,Sierra,091,2930,10,10,0,10,0
2020-11-09,Siskiyou,093,43540,315,257,14,271,0
2020-11-09,Solano,095,438530,8661,8254,42,8296,85
2020-11-09,Sonoma,097,501317,10865,10310,34,10344,150
2020-11-09,Stanislaus,099,539301,19145,18482,965,19447,418
2020-11-09,Sutter,101,95872,2229,2010,4,2014,12
2020-11-09,Tehama,103,63373,1204,1071,3,1074,7
2020-11-09,Trinity,105,12862,149,46,18,64,0
2020-11-09,Tulare,107,460477,19235,18272,692,18964,304
2020-11-09,Tuolumne,109,53932,498,346,4,350,7
2020-11-09,Ventura,111,848112,16657,15568,465,16033,156
2020-11-09,Yolo,113,214977,3790,3522,9,3531,62
2020-11-09,Yuba,115,75493,1476,1380,7,1387,10
2020-11-08,Alameda,001,1643700,25782,24731,253,24984,424
2020-11-08,Alpine,003,1148,24,6,0,6,0
2020-11-08,Amador,005,37829,403,376,0,376,16
2020-11-08,Butte,007,227075,3470,3285,76,3361,57
2020-11-08,Calaveras,009,45235,368,360,0,360,21
2020-11-08,Colusa,011,21464,597,583,1,584,6
2020-11-08,Contra Costa,013,1133247,20936,20031,105,20136,254
2020-11-08,Del Norte,015,27424,210,195,0,195,2
2020-11-08,El Dorado,017,186661,1680,1502,8,1510,4
2020-11-08,Fresno,019,978130,36167,32619,691,33310,465
2020-11-08,Glenn,021,27897,770,707,8,715,3
2020-11-08,Humboldt,023,135768,652,605,1,606,9
2020-11-08,Imperial,025,180216,13863,13428,86,13514,338
2020-11-08,Inyo,027,18085,263,252,5,257,14
2020-11-08,Kern,029,883053,35977,34644,636,35280,448
2020-11-08,Kings,031,150075,9498,9026,87,9113,84
2020-11-08,Lake,033,64148,792,754,0,754,16
2020-11-08,Lassen,035,31185,877,799,2,801,0
2020-11-08,Los Angeles,037,10098052,328610,318960,3681,322641,7176
2020-11-08,Madera,039,155013,5441,5196,68,5264,54
2020-11-08,Marin,041,260295,7370,7227,22,7249,131
2020-11-08,Mariposa,043,17540,90,83,0,83,2
2020-11-08,Mendocino,045,87422,1214,1129,5,1134,22
2020-11-08,Merced,047,269075,10227,9885,64,9949,157
2020-11-08,Modoc,049,8938,70,54,12,66,0
2020-11-08,Mono,051,14174,461,352,8,360,2
2020-11-08,Monterey,053,433212,12744,12122,115,12237,98
2020-11-08,Napa,055,140530,2474,2274,10,2284,15
2020-11-08,Nevada,057,99092,832,715,22,737,9
2020-11-08,Orange,059,3164182,65476,62034,1985,64019,1501
2020-11-08,Placer,061,380077,5261,4800,32,4832,60
2020-11-08,Plumas,063,18699,129,102,0,102,0
2020-11-08,Riverside,065,2383286,74628,71442,852,72294,1345
2020-11-08,Sacramento,067,1510023,29541,28059,45,28104,515
2020-11-08,San Benito,069,59416,1572,1496,1,1497,15
2020-11-08,San Bernardino,071,2135413,72856,68412,622,69034,1182
2020-11-08,San Diego,073,3302833,64248,60199,2001,62200,908
2020-11-08,San Francisco,075,870044,13515,12985,66,13051,146
2020-11-08,San Joaquin,077,732212,23507,22514,320,22834,505
2020-11-08,San Luis Obispo,079,281455,5194,4698,61,4759,32
2020-11-08,San Mateo,081,765935,12430,11783,10,11793,169
2020-11-08,Santa Barbara,083,443738,10470,10180,144,10324,134
2020-11-08,Santa Clara,085,1922200,28524,26442,53,26495,410
2020-11-08,Santa Cruz,087,273765,3387,3134,37,3171,25
2020-11-08,Shasta,089,179085,3377,2582,44,2626,36
2020-11-08,Sierra,091,2930,10,7,0,7,0
2020-11-08,Siskiyou,093,43540,303,246,13,259,0
2020-11-08,Solano,095,438530,8540,8132,41,8173,85
2020-11-08,Sonoma,097,501317,10758,10229,34,10263,149
2020-11-08,Stanislaus,099,539301,18970,18413,944,19357,418
2020-11-08,Sutter,101,95872,2171,1980,4,1984,12
2020-11-08,Tehama,103,63373,1180,1054,3,1057,7
2020-11-08,Trinity,105,12862,146,46,17,63,0
2020-11-08,Tulare,107,460477,19092,18272,662,18934,304
2020-11-08,Tuolumne,109,53932,471,341,4,345,7
2020-11-08,Ventura,111,848112,16462,15504,457,15961,156
2020-11-08,Yolo,113,214977,3729,3492,9,3501,61
2020-11-08,Yuba,115,75493,1455,1369,7,1376,10
2020-11-07,Alameda,001,1643700,25672,24578,251,24829,424
2020-11-07,Alpine,003,1148,24,6,0,6,0
2020-11-07,Amador,005,37829,400,375,0,375,16
2020-11-07,Butte,007,227075,3458,3277,71,3348,57
2020-11-07,Calaveras,009,45235,366,360,0,360,21
2020-11-07,Colusa,011,21464,597,583,1,584,6
2020-11-07,Contra Costa,013,1133247,20835,19943,104,20047,254
2020-11-07,Del Norte,015,27424,206,194,0,194,2
2020-11-07,El Dorado,017,186661,1655,1495,7,1502,4
2020-11-07,Fresno,019,978130,36013,32497,668,33165,465
2020-11-07,Glenn,021,27897,762,707,8,715,3
2020-11-07,Humboldt,023,135768,641,590,1,591,9
2020-11-07,Imperial,025,180216,13805,13388,85,13473,338
2020-11-07,Inyo,027,18085,261,252,5,257,14
2020-11-07,Kern,029,883053,35822,34513,626,35139,448
2020-11-07,Kings,031,150075,9465,9005,81,9086,84
2020-11-07,Lake,033,64148,788,751,0,751,16
2020-11-07,Lassen,035,31185,861,799,2,801,0
2020-11-07,Los Angeles,037,10098052,327102,316756,3613,320369,7174
2020-11-07,Madera,039,155013,5419,5177,66,5243,54
2020-11-07,Marin,041,260295,7359,7215,22,7237,131
2020-11-07,Mariposa,043,17540,90,81,0,81,2
2020-11-07,Mendocino,045,87422,1203,1118,5,1123,22
2020-11-07,Merced,047,269075,10195,9855,60,9915,157
2020-11-07,Modoc,049,8938,70,51,12,63,0
2020-11-07,Mono,051,14174,458,352,8,360,2
2020-11-07,Monterey,053,433212,12675,12030,111,12141,98
2020-11-07,Napa,055,140530,2444,2260,9,2269,15
2020-11-07,Nevada,057,99092,815,710,22,732,9
2020-11-07,Orange,059,3164182,65190,62038,1979,64017,1505
2020-11-07,Placer,061,380077,5198,4745,32,4777,60
2020-11-07,Plumas,063,18699,127,94,0,94,0
2020-11-07,Riverside,065,2383286,74233,71153,824,71977,1345
2020-11-07,Sacramento,067,1510023,29290,27773,45,27818,515
2020-11-07,San Benito,069,59416,1560,1489,1,1490,15
2020-11-07,San Bernardino,071,2135413,72341,67935,611,68546,1182
2020-11-07,San Diego,073,3302833,63736,59682,1969,61651,909
2020-11-07,San Francisco,075,870044,13454,12980,65,13045,146
2020-11-07,San Joaquin,077,732212,23398,22517,314,22831,505
2020-11-07,San Luis Obispo,079,281455,5145,4668,58,4726,32
2020-11-07,San Mateo,081,765935,12367,11711,10,11721,169
2020-11-07,Santa Barbara,083,443738,10428,10157,142,10299,134
2020-11-07,Santa Clara,085,1922200,28319,26244,52,26296,410
2020-11-07,Santa Cruz,087,273765,3349,3130,37,3167,25
2020-11-07,Shasta,089,179085,3310,2547,42,2589,36
2020-11-07,Sierra,091,2930,10,7,0,7,0
2020-11-07,Siskiyou,093,43540,299,241,13,254,0
2020-11-07,Solano,095,438530,8488,8066,41,8107,85
2020-11-07,Sonoma,097,501317,10712,10200,34,10234,149
2020-11-07,Stanislaus,099,539301,18861,18386,927,19313,418
2020-11-07,Sutter,101,95872,2131,1973,4,1977,12
2020-11-07,Tehama,103,63373,1156,1043,3,1046,7
2020-11-07,Trinity,105,12862,146,42,16,58,0
2020-11-07,Tulare,107,460477,19036,18229,645,18874,304
2020-11-07,Tuolumne,109,53932,460,327,4,331,7
2020-11-07,Ventura,111,848112,16402,15364,452,15816,156
2020-11-07,Yolo,113,214977,3698,3486,9,3495,61
2020-11-07,Yuba,115,75493,1440,1349,7,1356,10
2020-11-06,Alameda,001,1643700,25540,24389,249,24638,420
2020-11-06,Alpine,003,1148,24,6,0,6,0
2020-11-06,Amador,005,37829,398,369,0,369,16
2020-11-06,Butte,007,227075,3433,3254,63,3317,57
2020-11-06,Calaveras,009,45235,365,359,0,359,21
2020-11-06,Colusa,011,21464,595,580,1,581,6
2020-11-06,Contra Costa,013,1133247,20686,19744,104,19848,252
2020-11-06,Del Norte,015,27424,203,194,0,194,2
2020-11-06,El Dorado,017,186661,1629,1475,7,1482,4
2020-11-06,Fresno,019,978130,35825,32278,651,32929,460
2020-11-06,Glenn,021,27897,756,707,7,714,3
2020-11-06,Humboldt,023,135768,638,587,1,588,9
2020-11-06,Imperial,025,180216,13752,13230,85,13315,338
2020-11-06,Inyo,027,18085,259,246,5,251,14
2020-11-06,Kern,029,883053,35657,34360,608,34968,443
2020-11-06,Kings,031,150075,9441,8883,79,8962,83
2020-11-06,Lake,033,64148,787,741,0,741,16
2020-11-06,Lassen,035,31185,853,794,2,796,0
2020-11-06,Los Angeles,037,10098052,325129,314356,3560,317916,7160
2020-11-06,Madera,039,155013,5403,5136,65,5201,54
2020-11-06,Marin,041,260295,7338,7184,22,7206,131
2020-11-06,Mariposa,043,17540,89,79,0,79,2
2020-11-06,Mendocino,045,87422,1198,1113,5,1118,22
2020-11-06,Merced,047,269075,10155,9778,57,9835,157
2020-11-06,Modoc,049,8938,70,48,12,60,0
2020-11-06,Mono,051,14174,452,308,8,316,1
2020-11-06,Monterey,053,433212,12558,11914,110,12024,96
2020-11-06,Napa,055,140530,2419,2189,9,2198,15
2020-11-06,Nevada,057,99092,802,692,21,713,9
2020-11-06,Orange,059,3164182,64887,61049,1969,63018,1494
2020-11-06,Placer,061,380077,5125,4680,32,4712,60
2020-11-06,Plumas,063,18699,122,90,0,90,0
2020-11-06,Riverside,065,2383286,73783,70409,783,71192,1341
2020-11-06,Sacramento,067,1510023,28998,27489,43,27532,514
2020-11-06,San Benito,069,59416,1551,1479,1,1480,15
2020-11-06,San Bernardino,071,2135413,71745,66740,590,67330,1179
2020-11-06,San Diego,073,3302833,63212,59143,1937,61080,907
2020-11-06,San Francisco,075,870044,13384,12825,64,12889,146
2020-11-06,San Joaquin,077,732212,23313,22424,304,22728,502
2020-11-06,San Luis Obispo,079,281455,5080,4531,52,4583,32
2020-11-06,San Mateo,081,765935,12292,11587,10,11597,168
2020-11-06,Santa Barbara,083,443738,10392,10118,137,10255,133
2020-11-06,Santa Clara,085,1922200,28077,25831,52,25883,402
2020-11-06,Santa Cruz,087,273765,3312,3063,37,3100,25
2020-11-06,Shasta,089,179085,3237,2475,41,2516,35
2020-11-06,Sierra,091,2930,9,7,0,7,0
2020-11-06,Siskiyou,093,43540,286,237,12,249,0
2020-11-06,Solano,095,438530,8423,7959,41,8000,85
2020-11-06,Sonoma,097,501317,10662,10142,34,10176,149
2020-11-06,Stanislaus,099,539301,18773,18250,918,19168,417
2020-11-06,Sutter,101,95872,2104,1937,2,1939,12
2020-11-06,Tehama,103,63373,1135,1024,3,1027,6
2020-11-06,Trinity,105,12862,143,41,16,57,0
2020-11-06,Tulare,107,460477,18972,18136,620,18756,300
2020-11-06,Tuolumne,109,53932,439,316,4,320,5
2020-11-06,Ventura,111,848112,16316,15222,449,15671,154
2020-11-06,Yolo,113,214977,3669,3420,9,3429,62
2020-11-06,Yuba,115,75493,1427,1335,7,1342,10
2020-11-05,Alameda,001,1643700,25362,24270,249,24519,420
2020-11-05,Alpine,003,1148,24,6,0,6,0
2020-11-05,Amador,005,37829,395,363,0,363,16
2020-11-05,Butte,007,227075,3410,3239,57,3296,57
2020-11-05,Calaveras,009,45235,358,333,0,333,19
2020-11-05,Colusa,011,21464,591,574,1,575,6
2020-11-05,Contra Costa,013,1133247,20504,19656,102,19758,252
2020-11-05,Del Norte,015,27424,201,192,0,192,2
2020-11-05,El Dorado,017,186661,1605,1466,7,1473,4
2020-11-05,Fresno,019,978130,35582,32056,626,32682,460
2020-11-05,Glenn,021,27897,736,702,7,709,3
2020-11-05,Humboldt,023,135768,627,581,1,582,9
2020-11-05,Imperial,025,180216,13660,13178,83,13261,337
2020-11-05,Inyo,027,18085,259,247,5,252,14
2020-11-05,Kern,029,883053,35455,34232,594,34826,443
2020-11-05,Kings,031,150075,9286,8846,76,8922,83
2020-11-05,Lake,033,64148,783,739,0,739,16
2020-11-05,Lassen,035,31185,822,782,2,784,0
2020-11-05,Los Angeles,037,10098052,322773,312381,3507,315888,7146
2020-11-05,Madera,039,155013,5364,5129,62,5191,54
2020-11-05,Marin,041,260295,7316,7171,22,7193,131
2020-11-05,Mariposa,043,17540,88,79,0,79,2
2020-11-05,Mendocino,045,87422,1186,1112,5,1117,22
2020-11-05,Merced,047,269075,10096,9753,52,9805,155
2020-11-05,Modoc,049,8938,69,47,11,58,0
2020-11-05,Mono,051,14174,450,307,8,315,1
2020-11-05,Monterey,053,433212,12450,11784,106,11890,96
2020-11-05,Napa,055,140530,2392,2158,9,2167,15
2020-11-05,Nevada,057,99092,780,687,20,707,9
2020-11-05,Orange,059,3164182,64440,60740,1959,62699,1484
2020-11-05,Placer,061,380077,5056,4627,27,4654,60
2020-11-05,Plumas,063,18699,114,90,0,90,0
2020-11-05,Riverside,065,2383286,73072,70094,725,70819,1338
2020-11-05,Sacramento,067,1510023,28617,27232,42,27274,512
2020-11-05,San Benito,069,59416,1536,1477,1,1478,15
2020-11-05,San Bernardino,071,2135413,70917,66407,577,66984,1174
2020-11-05,San Diego,073,3302833,62586,58659,1911,60570,904
2020-11-05,San Francisco,075,870044,13272,12726,63,12789,146
2020-11-05,San Joaquin,077,732212,23149,22318,300,22618,502
2020-11-05,San Luis Obispo,079,281455,5013,4459,50,4509,32
2020-11-05,San Mateo,081,765935,12198,11535,10,11545,168
2020-11-05,Santa Barbara,083,443738,10348,10080,134,10214,133
2020-11-05,Santa Clara,085,1922200,27810,25651,52,25703,402
2020-11-05,Santa Cruz,087,273765,3274,3023,37,3060,25
2020-11-05,Shasta,089,179085,3147,2401,40,2441,34
2020-11-05,Sierra,091,2930,9,6,0,6,0
2020-11-05,Siskiyou,093,43540,275,228,12,240,0
2020-11-05,Solano,095,438530,8340,7842,41,7883,85
2020-11-05,Sonoma,097,501317,10550,10064,33,10097,145
2020-11-05,Stanislaus,099,539301,18659,18194,905,19099,417
2020-11-05,Sutter,101,95872,2072,1925,2,1927,12
2020-11-05,Tehama,103,63373,1113,1015,2,1017,6
2020-11-05,Trinity,105,12862,127,41,15,56,0
2020-11-05,Tulare,107,460477,18884,18049,593,18642,301
2020-11-05,Tuolumne,109,53932,410,312,4,316,5
2020-11-05,Ventura,111,848112,16150,15113,438,15551,155
2020-11-05,Yolo,113,214977,3619,3391,9,3400,61
2020-11-05,Yuba,115,75493,1409,1322,7,1329,10
2020-11-04,Alameda,001,1643700,25185,24172,247,24419,418
2020-11-04,Alpine,003,1148,20,5,0,5,0
2020-11-04,Amador,005,37829,392,362,0,362,16
2020-11-04,Butte,007,227075,3384,3218,54,3272,57
2020-11-04,Calaveras,009,45235,355,290,0,290,19
2020-11-04,Colusa,011,21464,589,571,1,572,6
2020-11-04,Contra Costa,013,1133247,20337,19472,99,19571,251
2020-11-04,Del Norte,015,27424,197,188,0,188,2
2020-11-04,El Dorado,017,186661,1590,1448,4,1452,4
2020-11-04,Fresno,019,978130,35349,31952,598,32550,457
2020-11-04,Glenn,021,27897,732,701,6,707,3
2020-11-04,Humboldt,023,135768,618,571,1,572,9
2020-11-04,Imperial,025,180216,13562,13087,83,13170,335
2020-11-04,Inyo,027,18085,258,247,5,252,14
2020-11-04,Kern,029,883053,35300,34027,583,34610,439
2020-11-04,Kings,031,150075,9252,8817,74,8891,83
2020-11-04,Lake,033,64148,776,735,0,735,16
2020-11-04,Lassen,035,31185,817,781,2,783,0
2020-11-04,Los Angeles,037,10098052,320463,310456,3427,313883,7124
2020-11-04,Madera,039,155013,5344,5083,58,5141,54
2020-11-04,Marin,041,260295,7304,7157,22,7179,131
2020-11-04,Mariposa,043,17540,88,79,0,79,2
2020-11-04,Mendocino,045,87422,1168,1089,5,1094,22
2020-11-04,Merced,047,269075,10046,9717,50,9767,153
2020-11-04,Modoc,049,8938,59,47,11,58,0
2020-11-04,Mono,051,14174,447,237,7,244,1
2020-11-04,Monterey,053,433212,12245,11743,100,11843,96
2020-11-04,Napa,055,140530,2338,2133,9,2142,15
2020-11-04,Nevada,057,99092,761,675,20,695,9
2020-11-04,Orange,059,3164182,64006,60463,1936,62399,1483
2020-11-04,Placer,061,380077,4977,4526,24,4550,60
2020-11-04,Plumas,063,18699,112,88,0,88,0
2020-11-04,Riverside,065,2383286,72455,69562,666,70228,1335
2020-11-04,Sacramento,067,1510023,28266,27005,41,27046,510
2020-11-04,San Benito,069,59416,1521,1464,1,1465,15
2020-11-04,San Bernardino,071,2135413,70120,65891,554,66445,1169
2020-11-04,San Diego,073,3302833,61940,58126,1885,60011,904
2020-11-04,San Francisco,075,870044,13188,12649,60,12709,146
2020-11-04,San Joaquin,077,732212,23012,22197,287,22484,500
2020-11-04,San Luis Obispo,079,281455,4946,4389,48,4437,32
2020-11-04,San Mateo,081,765935,12103,11456,10,11466,168
2020-11-04,Santa Barbara,083,443738,10310,10026,133,10159,132
2020-11-04,Santa Clara,085,1922200,27547,25487,52,25539,393
2020-11-04,Santa Cruz,087,273765,3237,2997,37,3034,25
2020-11-04,Shasta,089,179085,3016,2321,35,2356,34
2020-11-04,Sierra,091,2930,9,6,0,6,0
2020-11-04,Siskiyou,093,43540,266,222,12,234,0
2020-11-04,Solano,095,438530,8241,7733,41,7774,85
2020-11-04,Sonoma,097,501317,10456,9965,33,9998,142
2020-11-04,Stanislaus,099,539301,18542,18114,890,19004,416
2020-11-04,Sutter,101,95872,2038,1916,2,1918,12
2020-11-04,Tehama,103,63373,1088,997,2,999,6
2020-11-04,Trinity,105,12862,123,37,15,52,0
2020-11-04,Tulare,107,460477,18775,17952,565,18517,298
2020-11-04,Tuolumne,109,53932,388,310,4,314,5
2020-11-04,Ventura,111,848112,16009,14936,435,15371,155
2020-11-04,Yolo,113,214977,3578,3361,9,3370,62
2020-11-04,Yuba,115,75493,1388,1312,7,1319,10
2020-11-03,Alameda,001,1643700,25001,24055,245,24300,418
2020-11-03,Alpine,003,1148,19,4,0,4,0
2020-11-03,Amador,005,37829,387,361,0,361,16
2020-11-03,Butte,007,227075,3360,3211,49,3260,57
2020-11-03,Calaveras,009,45235,351,287,0,287,19
2020-11-03,Colusa,011,21464,584,572,1,573,6
2020-11-03,Contra Costa,013,1133247,20182,19416,99,19515,250
2020-11-03,Del Norte,015,27424,196,187,0,187,2
2020-11-03,El Dorado,017,186661,1568,1445,3,1448,4
2020-11-03,Fresno,019,978130,35079,31856,575,32431,457
2020-11-03,Glenn,021,27897,726,698,6,704,3
2020-11-03,Humboldt,023,135768,612,570,1,571,8
2020-11-03,Imperial,025,180216,13473,13044,81,13125,335
2020-11-03,Inyo,027,18085,257,244,5,249,14
2020-11-03,Kern,029,883053,35109,33957,572,34529,439
2020-11-03,Kings,031,150075,9089,8783,69,8852,83
2020-11-03,Lake,033,64148,766,732,0,732,16
2020-11-03,Lassen,035,31185,808,782,2,784,0
2020-11-03,Los Angeles,037,10098052,318007,308812,3359,312171,7104
2020-11-03,Madera,039,155013,5307,5058,57,5115,54
2020-11-03,Marin,041,260295,7284,7147,21,7168,131
2020-11-03,Mariposa,043,17540,87,79,0,79,2
2020-11-03,Mendocino,045,87422,1153,1084,5,1089,22
2020-11-03,Merced,047,269075,9993,9713,49,9762,153
2020-11-03,Modoc,049,8938,57,47,9,56,0
2020-11-03,Mono,051,14174,443,210,7,217,1
2020-11-03,Monterey,053,433212,12176,11703,93,11796,94
2020-11-03,Napa,055,140530,2302,2130,9,2139,15
2020-11-03,Nevada,057,99092,741,670,19,689,9
2020-11-03,Orange,059,3164182,63577,60283,1925,62208,1477
2020-11-03,Placer,061,380077,4903,4514,24,4538,60
2020-11-03,Plumas,063,18699,109,86,0,86,0
2020-11-03,Riverside,065,2383286,71836,69300,641,69941,1325
2020-11-03,Sacramento,067,1510023,27886,26841,40,26881,510
2020-11-03,San Benito,069,59416,1511,1463,1,1464,15
2020-11-03,San Bernardino,071,2135413,69308,65320,546,65866,1159
2020-11-03,San Diego,073,3302833,61264,57722,1841,59563,901
2020-11-03,San Francisco,075,870044,13065,12585,60,12645,146
2020-11-03,San Joaquin,077,732212,22877,22109,281,22390,500
2020-11-03,San Luis Obispo,079,281455,4862,4371,46,4417,32
2020-11-03,San Mateo,081,765935,12008,11406,10,11416,162
2020-11-03,Santa Barbara,083,443738,10256,10008,128,10136,132
2020-11-03,Santa Clara,085,1922200,27275,25386,51,25437,393
2020-11-03,Santa Cruz,087,273765,3187,2980,36,3016,25
2020-11-03,Shasta,089,179085,2922,2288,28,2316,33
2020-11-03,Sierra,091,2930,7,6,0,6,0
2020-11-03,Siskiyou,093,43540,262,219,11,230,0
2020-11-03,Solano,095,438530,8158,7691,41,7732,85
2020-11-03,Sonoma,097,501317,10354,9906,33,9939,142
2020-11-03,Stanislaus,099,539301,18421,18080,879,18959,416
2020-11-03,Sutter,101,95872,2005,1914,2,1916,12
2020-11-03,Tehama,103,63373,1067,988,2,990,6
2020-11-03,Trinity,105,12862,116,36,14,50,0
2020-11-03,Tulare,107,460477,18669,17890,540,18430,297
2020-11-03,Tuolumne,109,53932,365,302,4,306,5
2020-11-03,Ventura,111,848112,15882,14816,428,15244,155
2020-11-03,Yolo,113,214977,3527,3343,9,3352,61
2020-11-03,Yuba,115,75493,1375,1295,7,1302,10
2020-11-02,Alameda,001,1643700,24805,23991,242,24233,419
2020-11-02,Alpine,003,1148,16,4,0,4,0
2020-11-02,Amador,005,37829,379,357,0,357,16
2020-11-02,Butte,007,227075,3340,3198,46,3244,57
2020-11-02,Calaveras,009,45235,351,282,0,282,18
2020-11-02,Colusa,011,21464,579,571,1,572,6
2020-11-02,Contra Costa,013,1133247,20028,19339,98,19437,250
2020-11-02,Del Norte,015,27424,193,175,0,175,2
2020-11-02,El Dorado,017,186661,1544,1405,3,1408,4
2020-11-02,Fresno,019,978130,34810,31738,558,32296,451
2020-11-02,Glenn,021,27897,720,692,5,697,3
2020-11-02,Humboldt,023,135768,603,569,1,570,8
2020-11-02,Imperial,025,180216,13393,13004,79,13083,334
2020-11-02,Inyo,027,18085,254,243,5,248,14
2020-11-02,Kern,029,883053,34951,33834,562,34396,437
2020-11-02,Kings,031,150075,9059,8654,66,8720,82
2020-11-02,Lake,033,64148,760,728,0,728,17
2020-11-02,Lassen,035,31185,800,782,2,784,0
2020-11-02,Los Angeles,037,10098052,315664,307620,3281,310901,7079
2020-11-02,Madera,039,155013,5276,5033,56,5089,54
2020-11-02,Marin,041,260295,7266,7132,20,7152,125
2020-11-02,Mariposa,043,17540,87,79,0,79,2
2020-11-02,Mendocino,045,87422,1139,1076,5,1081,21
2020-11-02,Merced,047,269075,9931,9664,43,9707,152
2020-11-02,Modoc,049,8938,54,45,5,50,0
2020-11-02,Mono,051,14174,441,211,7,218,1
2020-11-02,Monterey,053,433212,12069,11602,90,11692,93
2020-11-02,Napa,055,140530,2260,2081,9,2090,15
2020-11-02,Nevada,057,99092,725,656,19,675,9
2020-11-02,Orange,059,3164182,63172,59996,1909,61905,1474
2020-11-02,Placer,061,380077,4835,4461,22,4483,60
2020-11-02,Plumas,063,18699,101,86,0,86,0
2020-11-02,Riverside,065,2383286,71205,68833,600,69433,1321
2020-11-02,Sacramento,067,1510023,27544,26676,38,26714,508
2020-11-02,San Benito,069,59416,1499,1459,1,1460,15
2020-11-02,San Bernardino,071,2135413,68454,64629,535,65164,1157
2020-11-02,San Diego,073,3302833,60541,57429,1796,59225,891
2020-11-02,San Francisco,075,870044,12968,12436,59,12495,145
2020-11-02,San Joaquin,077,732212,22737,21919,273,22192,500
2020-11-02,San Luis Obispo,079,281455,4762,4303,43,4346,31
2020-11-02,San Mateo,081,765935,11899,11328,10,11338,161
2020-11-02,Santa Barbara,083,443738,10215,9985,123,10108,130
2020-11-02,Santa Clara,085,1922200,26985,25222,51,25273,387
2020-11-02,Santa Cruz,087,273765,3145,2943,36,2979,25
2020-11-02,Shasta,089,179085,2819,2174,24,2198,33
2020-11-02,Sierra,091,2930,7,6,0,6,0
2020-11-02,Siskiyou,093,43540,252,216,11,227,0
2020-11-02,Solano,095,438530,8040,7665,41,7706,84
2020-11-02,Sonoma,097,501317,10272,9796,32,9828,140
2020-11-02,Stanislaus,099,539301,18325,18005,870,18875,412
2020-11-02,Sutter,101,95872,1981,1895,2,1897,12
2020-11-02,Tehama,103,63373,1044,971,2,973,6
2020-11-02,Trinity,105,12862,110,30,14,44,0
2020-11-02,Tulare,107,460477,18576,17774,519,18293,299
2020-11-02,Tuolumne,109,53932,344,302,4,306,5
2020-11-02,Ventura,111,848112,15741,14767,414,15181,156
2020-11-02,Yolo,113,214977,3478,3318,9,3327,61
2020-11-02,Yuba,115,75493,1362,1280,7,1287,10
2020-11-01,Alameda,001,1643700,24642,23892,240,24132,419
2020-11-01,Alpine,003,1148,10,4,0,4,0
2020-11-01,Amador,005,37829,376,352,0,352,16
2020-11-01,Butte,007,227075,3316,3185,45,3230,57
2020-11-01,Calaveras,009,45235,350,282,0,282,18
2020-11-01,Colusa,011,21464,577,567,1,568,6
2020-11-01,Contra Costa,013,1133247,19854,19246,97,19343,250
2020-11-01,Del Norte,015,27424,189,175,0,175,2
2020-11-01,El Dorado,017,186661,1528,1394,3,1397,4
2020-11-01,Fresno,019,978130,34553,31613,538,32151,451
2020-11-01,Glenn,021,27897,711,688,3,691,3
2020-11-01,Humboldt,023,135768,595,568,1,569,8
2020-11-01,Imperial,025,180216,13302,12969,77,13046,334
2020-11-01,Inyo,027,18085,252,241,5,246,14
2020-11-01,Kern,029,883053,34770,33760,467,34227,437
2020-11-01,Kings,031,150075,9021,8641,65,8706,82
2020-11-01,Lake,033,64148,754,727,0,727,17
2020-11-01,Lassen,035,31185,800,782,2,784,0
2020-11-01,Los Angeles,037,10098052,313097,306217,3188,309405,7077
2020-11-01,Madera,039,155013,5228,5019,54,5073,54
2020-11-01,Marin,041,260295,7249,7124,20,7144,125
2020-11-01,Mariposa,043,17540,83,79,0,79,2
2020-11-01,Mendocino,045,87422,1126,1074,5,1079,21
2020-11-01,Merced,047,269075,9870,9626,43,9669,152
2020-11-01,Modoc,049,8938,53,45,5,50,0
2020-11-01,Mono,051,14174,412,211,6,217,1
2020-11-01,Monterey,053,433212,11961,11587,87,11674,93
2020-11-01,Napa,055,140530,2226,2067,9,2076,15
2020-11-01,Nevada,057,99092,709,646,18,664,9
2020-11-01,Orange,059,3164182,62770,59733,1882,61615,1475
2020-11-01,Placer,061,380077,4769,4422,21,4443,58
2020-11-01,Plumas,063,18699,96,86,0,86,0
2020-11-01,Riverside,065,2383286,70575,68493,564,69057,1319
2020-11-01,Sacramento,067,1510023,27223,26442,38,26480,508
2020-11-01,San Benito,069,59416,1484,1451,1,1452,15
2020-11-01,San Bernardino,071,2135413,67611,64339,514,64853,1157
2020-11-01,San Diego,073,3302833,59853,57122,1756,58878,891
2020-11-01,San Francisco,075,870044,12845,12436,54,12490,145
2020-11-01,San Joaquin,077,732212,22609,21919,267,22186,500
2020-11-01,San Luis Obispo,079,281455,4682,4303,42,4345,31
2020-11-01,San Mateo,081,765935,11818,11280,10,11290,160
2020-11-01,Santa Barbara,083,443738,10164,9969,107,10076,130
2020-11-01,Santa Clara,085,1922200,26705,25090,51,25141,386
2020-11-01,Santa Cruz,087,273765,3092,2921,36,2957,25
2020-11-01,Shasta,089,179085,2684,2172,23,2195,33
2020-11-01,Sierra,091,2930,7,6,0,6,0
2020-11-01,Siskiyou,093,43540,247,205,11,216,0
2020-11-01,Solano,095,438530,7950,7591,41,7632,84
2020-11-01,Sonoma,097,501317,10180,9688,32,9720,140
2020-11-01,Stanislaus,099,539301,18224,17961,850,18811,412
2020-11-01,Sutter,101,95872,1955,1888,1,1889,12
2020-11-01,Tehama,103,63373,1027,965,2,967,5
2020-11-01,Trinity,105,12862,108,30,13,43,0
2020-11-01,Tulare,107,460477,18464,17774,488,18262,299
2020-11-01,Tuolumne,109,53932,322,295,4,299,5
2020-11-01,Ventura,111,848112,15592,14686,383,15069,156
2020-11-01,Yolo,113,214977,3430,3303,9,3312,60
2020-11-01,Yuba,115,75493,1345,1273,7,1280,10
2020-10-31,Alameda,001,1643700,24527,23780,236,24016,416
2020-10-31,Alpine,003,1148,10,4,0,4,0
2020-10-31,Amador,005,37829,372,347,0,347,16
2020-10-31,Butte,007,227075,3303,3172,43,3215,57
2020-10-31,Calaveras,009,45235,350,280,0,280,18
2020-10-31,Colusa,011,21464,575,555,1,556,6
2020-10-31,Contra Costa,013,1133247,19748,19161,97,19258,249
2020-10-31,Del Norte,015,27424,188,175,0,175,2
2020-10-31,El Dorado,017,186661,1519,1390,3,1393,4
2020-10-31,Fresno,019,978130,34417,31558,535,32093,451
2020-10-31,Glenn,021,27897,709,678,3,681,3
2020-10-31,Humboldt,023,135768,592,561,1,562,8
2020-10-31,Imperial,025,180216,13260,12912,77,12989,334
2020-10-31,Inyo,027,18085,251,241,5,246,14
2020-10-31,Kern,029,883053,34667,33666,457,34123,437
2020-10-31,Kings,031,150075,9000,8612,64,8676,82
2020-10-31,Lake,033,64148,750,724,0,724,16
2020-10-31,Lassen,035,31185,795,782,2,784,0
2020-10-31,Los Angeles,037,10098052,311724,304704,3144,307848,7073
2020-10-31,Madera,039,155013,5210,5013,51,5064,54
2020-10-31,Marin,041,260295,7233,7112,20,7132,125
2020-10-31,Mariposa,043,17540,83,79,0,79,2
2020-10-31,Mendocino,045,87422,1118,1066,5,1071,21
2020-10-31,Merced,047,269075,9837,9597,42,9639,151
2020-10-31,Modoc,049,8938,52,34,4,38,0
2020-10-31,Mono,051,14174,263,194,5,199,1
2020-10-31,Monterey,053,433212,11893,11539,83,11622,93
2020-10-31,Napa,055,140530,2207,2040,9,2049,15
2020-10-31,Nevada,057,99092,691,644,18,662,9
2020-10-31,Orange,059,3164182,62512,59488,1864,61352,1473
2020-10-31,Placer,061,380077,4719,4374,20,4394,58
2020-10-31,Plumas,063,18699,95,85,0,85,0
2020-10-31,Riverside,065,2383286,70218,68178,541,68719,1319
2020-10-31,Sacramento,067,1510023,27024,26316,36,26352,507
2020-10-31,San Benito,069,59416,1477,1448,1,1449,15
2020-10-31,San Bernardino,071,2135413,67186,64016,504,64520,1157
2020-10-31,San Diego,073,3302833,59400,56769,1728,58497,891
2020-10-31,San Francisco,075,870044,12771,12438,53,12491,145
2020-10-31,San Joaquin,077,732212,22534,21918,258,22176,500
2020-10-31,San Luis Obispo,079,281455,4613,4285,39,4324,31
2020-10-31,San Mateo,081,765935,11766,11253,10,11263,160
2020-10-31,Santa Barbara,083,443738,10135,9957,99,10056,130
2020-10-31,Santa Clara,085,1922200,26536,24957,51,25008,379
2020-10-31,Santa Cruz,087,273765,3057,2895,35,2930,25
2020-10-31,Shasta,089,179085,2630,2122,22,2144,33
2020-10-31,Sierra,091,2930,7,6,0,6,0
2020-10-31,Siskiyou,093,43540,245,200,11,211,0
2020-10-31,Solano,095,438530,7886,7545,41,7586,84
2020-10-31,Sonoma,097,501317,10127,9648,32,9680,140
2020-10-31,Stanislaus,099,539301,18161,17920,834,18754,412
2020-10-31,Sutter,101,95872,1946,1876,1,1877,12
2020-10-31,Tehama,103,63373,1017,953,2,955,5
2020-10-31,Trinity,105,12862,105,30,13,43,0
2020-10-31,Tulare,107,460477,18415,17758,480,18238,299
2020-10-31,Tuolumne,109,53932,315,290,4,294,5
2020-10-31,Ventura,111,848112,15508,14635,365,15000,155
2020-10-31,Yolo,113,214977,3395,3290,9,3299,60
2020-10-31,Yuba,115,75493,1329,1260,6,1266,10
2020-10-30,Alameda,001,1643700,24447,23676,234,23910,401
2020-10-30,Alpine,003,1148,10,4,0,4,0
2020-10-30,Amador,005,37829,372,344,0,344,16
2020-10-30,Butte,007,227075,3298,3160,43,3203,57
2020-10-30,Calaveras,009,45235,349,279,0,279,18
2020-10-30,Colusa,011,21464,573,554,1,555,6
2020-10-30,Contra Costa,013,1133247,19676,19074,97,19171,249
2020-10-30,Del Norte,015,27424,187,175,0,175,2
2020-10-30,El Dorado,017,186661,1506,1386,3,1389,4
2020-10-30,Fresno,019,978130,34295,31409,526,31935,446
2020-10-30,Glenn,021,27897,703,674,2,676,3
2020-10-30,Humboldt,023,135768,591,561,1,562,7
2020-10-30,Imperial,025,180216,13219,12853,76,12929,334
2020-10-30,Inyo,027,18085,250,241,5,246,14
2020-10-30,Kern,029,883053,34574,33583,456,34039,437
2020-10-30,Kings,031,150075,8990,8564,62,8626,82
2020-10-30,Lake,033,64148,750,720,0,720,16
2020-10-30,Lassen,035,31185,789,777,2,779,0
2020-10-30,Los Angeles,037,10098052,310289,303425,3108,306533,7060
2020-10-30,Madera,039,155013,5198,4991,49,5040,54
2020-10-30,Marin,041,260295,7213,7097,20,7117,125
2020-10-30,Mariposa,043,17540,83,78,0,78,2
2020-10-30,Mendocino,045,87422,1116,1062,5,1067,21
2020-10-30,Merced,047,269075,9805,9539,42,9581,150
2020-10-30,Modoc,049,8938,51,34,3,37,0
2020-10-30,Mono,051,14174,262,193,5,198,1
2020-10-30,Monterey,053,433212,11830,11491,78,11569,92
2020-10-30,Napa,055,140530,2189,2028,9,2037,15
2020-10-30,Nevada,057,99092,685,634,18,652,9
2020-10-30,Orange,059,3164182,62270,59334,1852,61186,1469
2020-10-30,Placer,061,380077,4672,4335,20,4355,58
2020-10-30,Plumas,063,18699,92,80,0,80,0
2020-10-30,Riverside,065,2383286,69878,67752,521,68273,1317
2020-10-30,Sacramento,067,1510023,26876,26147,36,26183,505
2020-10-30,San Benito,069,59416,1471,1440,1,1441,15
2020-10-30,San Bernardino,071,2135413,66770,63512,501,64013,1156
2020-10-30,San Diego,073,3302833,58995,56387,1706,58093,888
2020-10-30,San Francisco,075,870044,12716,12384,53,12437,145
2020-10-30,San Joaquin,077,732212,22467,21849,252,22101,500
2020-10-30,San Luis Obispo,079,281455,4570,4256,39,4295,31
2020-10-30,San Mateo,081,765935,11707,11207,10,11217,159
2020-10-30,Santa Barbara,083,443738,10112,9937,99,10036,128
2020-10-30,Santa Clara,085,1922200,26387,24811,51,24862,378
2020-10-30,Santa Cruz,087,273765,3039,2874,35,2909,25
2020-10-30,Shasta,089,179085,2586,2048,21,2069,32
2020-10-30,Sierra,091,2930,7,6,0,6,0
2020-10-30,Siskiyou,093,43540,245,192,11,203,0
2020-10-30,Solano,095,438530,7825,7497,41,7538,84
2020-10-30,Sonoma,097,501317,10052,9602,32,9634,140
2020-10-30,Stanislaus,099,539301,18113,17861,818,18679,410
2020-10-30,Sutter,101,95872,1933,1860,1,1861,12
2020-10-30,Tehama,103,63373,1013,932,2,934,5
2020-10-30,Trinity,105,12862,105,29,13,42,0
2020-10-30,Tulare,107,460477,18370,17682,465,18147,299
2020-10-30,Tuolumne,109,53932,308,286,4,290,4
2020-10-30,Ventura,111,848112,15435,14578,353,14931,154
2020-10-30,Yolo,113,214977,3378,3263,9,3272,60
2020-10-30,Yuba,115,75493,1321,1256,6,1262,10
2020-10-29,Alameda,001,1643700,24283,23530,233,23763,401
2020-10-29,Alpine,003,1148,7,4,0,4,0
2020-10-29,Amador,005,37829,368,338,0,338,16
2020-10-29,Butte,007,227075,3280,3143,42,3185,57
2020-10-29,Calaveras,009,45235,347,278,0,278,13
2020-10-29,Colusa,011,21464,569,552,1,553,6
2020-10-29,Contra Costa,013,1133247,19577,18933,96,19029,249
2020-10-29,Del Norte,015,27424,185,174,0,174,2
2020-10-29,El Dorado,017,186661,1484,1370,3,1373,4
2020-10-29,Fresno,019,978130,34138,31321,519,31840,445
2020-10-29,Glenn,021,27897,701,673,2,675,3
2020-10-29,Humboldt,023,135768,586,559,1,560,7
2020-10-29,Imperial,025,180216,13175,12769,76,12845,334
2020-10-29,Inyo,027,18085,248,238,5,243,14
2020-10-29,Kern,029,883053,34473,33460,452,33912,437
2020-10-29,Kings,031,150075,8836,8502,61,8563,82
2020-10-29,Lake,033,64148,747,702,0,702,16
2020-10-29,Lassen,035,31185,788,772,2,774,0
2020-10-29,Los Angeles,037,10098052,308661,302246,3061,305307,7046
2020-10-29,Madera,039,155013,5168,4970,47,5017,53
2020-10-29,Marin,041,260295,7199,7083,20,7103,125
2020-10-29,Mariposa,043,17540,81,78,0,78,2
2020-10-29,Mendocino,045,87422,1110,1058,5,1063,21
2020-10-29,Merced,047,269075,9752,9496,42,9538,150
2020-10-29,Modoc,049,8938,49,31,3,34,0
2020-10-29,Mono,051,14174,255,176,5,181,1
2020-10-29,Monterey,053,433212,11749,11425,76,11501,92
2020-10-29,Napa,055,140530,2165,2009,9,2018,15
2020-10-29,Nevada,057,99092,678,632,18,650,9
2020-10-29,Orange,059,3164182,62002,59046,1832,60878,1464
2020-10-29,Placer,061,380077,4627,4270,18,4288,58
2020-10-29,Plumas,063,18699,90,69,0,69,0
2020-10-29,Riverside,065,2383286,69501,67268,491,67759,1304
2020-10-29,Sacramento,067,1510023,26664,25978,35,26013,507
2020-10-29,San Benito,069,59416,1466,1431,1,1432,15
2020-10-29,San Bernardino,071,2135413,66202,62968,491,63459,1150
2020-10-29,San Diego,073,3302833,58529,55916,1677,57593,885
2020-10-29,San Francisco,075,870044,12637,12312,53,12365,145
2020-10-29,San Joaquin,077,732212,22383,21736,240,21976,498
2020-10-29,San Luis Obispo,079,281455,4540,4223,38,4261,31
2020-10-29,San Mateo,081,765935,11661,11145,10,11155,157
2020-10-29,Santa Barbara,083,443738,10079,9902,97,9999,128
2020-10-29,Santa Clara,085,1922200,26235,24614,51,24665,377
2020-10-29,Santa Cruz,087,273765,3014,2850,35,2885,24
2020-10-29,Shasta,089,179085,2523,2008,21,2029,32
2020-10-29,Sierra,091,2930,6,6,0,6,0
2020-10-29,Siskiyou,093,43540,229,185,11,196,0
2020-10-29,Solano,095,438530,7763,7453,41,7494,78
2020-10-29,Sonoma,097,501317,9988,9533,32,9565,140
2020-10-29,Stanislaus,099,539301,18060,17790,797,18587,410
2020-10-29,Sutter,101,95872,1925,1852,1,1853,12
2020-10-29,Tehama,103,63373,995,925,2,927,5
2020-10-29,Trinity,105,12862,100,28,12,40,0
2020-10-29,Tulare,107,460477,18292,17627,446,18073,299
2020-10-29,Tuolumne,109,53932,303,279,4,283,4
2020-10-29,Ventura,111,848112,15344,14486,349,14835,154
2020-10-29,Yolo,113,214977,3349,3246,9,3255,60
2020-10-29,Yuba,115,75493,1310,1248,6,1254,10
2020-10-28,Alameda,001,1643700,24183,23468,232,23700,400
2020-10-28,Alpine,003,1148,6,4,0,4,0
2020-10-28,Amador,005,37829,365,337,0,337,16
2020-10-28,Butte,007,227075,3264,3134,39,3173,56
2020-10-28,Calaveras,009,45235,346,278,0,278,13
2020-10-28,Colusa,011,21464,566,551,1,552,6
2020-10-28,Contra Costa,013,1133247,19490,18828,95,18923,246
2020-10-28,Del Norte,015,27424,182,173,0,173,2
2020-10-28,El Dorado,017,186661,1472,1363,3,1366,4
2020-10-28,Fresno,019,978130,34016,31195,513,31708,444
2020-10-28,Glenn,021,27897,697,673,2,675,3
2020-10-28,Humboldt,023,135768,582,559,1,560,7
2020-10-28,Imperial,025,180216,13126,12730,75,12805,333
2020-10-28,Inyo,027,18085,248,238,5,243,14
2020-10-28,Kern,029,883053,34371,33424,433,33857,436
2020-10-28,Kings,031,150075,8814,8486,60,8546,82
2020-10-28,Lake,033,64148,744,700,0,700,15
2020-10-28,Lassen,035,31185,784,771,2,773,0
2020-10-28,Los Angeles,037,10098052,307202,300726,3019,303745,7031
2020-10-28,Madera,039,155013,5151,4954,46,5000,53
2020-10-28,Marin,041,260295,7188,7079,20,7099,126
2020-10-28,Mariposa,043,17540,81,78,0,78,2
2020-10-28,Mendocino,045,87422,1109,1037,5,1042,20
2020-10-28,Merced,047,269075,9726,9480,41,9521,150
2020-10-28,Modoc,049,8938,48,31,2,33,0
2020-10-28,Mono,051,14174,237,176,5,181,1
2020-10-28,Monterey,053,433212,11691,11330,74,11404,89
2020-10-28,Napa,055,140530,2139,1998,8,2006,15
2020-10-28,Nevada,057,99092,670,629,18,647,9
2020-10-28,Orange,059,3164182,61738,58801,1816,60617,1459
2020-10-28,Placer,061,380077,4571,4236,18,4254,57
2020-10-28,Plumas,063,18699,89,67,0,67,0
2020-10-28,Riverside,065,2383286,69103,67003,467,67470,1302
2020-10-28,Sacramento,067,1510023,26468,25838,34,25872,506
2020-10-28,San Benito,069,59416,1458,1429,1,1430,15
2020-10-28,San Bernardino,071,2135413,65742,62778,482,63260,1154
2020-10-28,San Diego,073,3302833,58146,55556,1648,57204,881
2020-10-28,San Francisco,075,870044,12579,12261,52,12313,145
2020-10-28,San Joaquin,077,732212,22299,21707,229,21936,498
2020-10-28,San Luis Obispo,079,281455,4496,4197,35,4232,31
2020-10-28,San Mateo,081,765935,11594,11101,10,11111,157
2020-10-28,Santa Barbara,083,443738,10055,9872,95,9967,127
2020-10-28,Santa Clara,085,1922200,26091,24503,51,24554,375
2020-10-28,Santa Cruz,087,273765,2983,2836,35,2871,24
2020-10-28,Shasta,089,179085,2443,1996,20,2016,31
2020-10-28,Sierra,091,2930,6,6,0,6,0
2020-10-28,Siskiyou,093,43540,226,182,10,192,0
2020-10-28,Solano,095,438530,7704,7362,41,7403,77
2020-10-28,Sonoma,097,501317,9898,9457,27,9484,140
2020-10-28,Stanislaus,099,539301,17995,17765,787,18552,409
2020-10-28,Sutter,101,95872,1916,1840,1,1841,12
2020-10-28,Tehama,103,63373,984,921,2,923,5
2020-10-28,Trinity,105,12862,93,28,11,39,0
2020-10-28,Tulare,107,460477,18235,17569,430,17999,297
2020-10-28,Tuolumne,109,53932,300,277,4,281,4
2020-10-28,Ventura,111,848112,15271,14409,340,14749,153
2020-10-28,Yolo,113,214977,3325,3230,9,3239,60
2020-10-28,Yuba,115,75493,1298,1245,6,1251,10
2020-10-27,Alameda,001,1643700,24067,23365,230,23595,400
2020-10-27,Alpine,003,1148,6,3,0,3,0
2020-10-27,Amador,005,37829,362,335,0,335,16
2020-10-27,Butte,007,227075,3248,3107,36,3143,56
2020-10-27,Calaveras,009,45235,344,277,0,277,13
2020-10-27,Colusa,011,21464,561,549,1,550,6
2020-10-27,Contra Costa,013,1133247,19385,18766,95,18861,246
2020-10-27,Del Norte,015,27424,179,173,0,173,2
2020-10-27,El Dorado,017,186661,1459,1351,3,1354,4
2020-10-27,Fresno,019,978130,33897,31096,508,31604,442
2020-10-27,Glenn,021,27897,695,667,1,668,3
2020-10-27,Humboldt,023,135768,579,559,1,560,7
2020-10-27,Imperial,025,180216,13077,12680,74,12754,333
2020-10-27,Inyo,027,18085,248,231,5,236,14
2020-10-27,Kern,029,883053,34254,33328,429,33757,436
2020-10-27,Kings,031,150075,8783,8411,60,8471,83
2020-10-27,Lake,033,64148,741,700,0,700,15
2020-10-27,Lassen,035,31185,782,764,2,766,0
2020-10-27,Los Angeles,037,10098052,305818,299438,2990,302428,7008
2020-10-27,Madera,039,155013,5121,4942,45,4987,53
2020-10-27,Marin,041,260295,7172,7070,20,7090,126
2020-10-27,Mariposa,043,17540,80,78,0,78,2
2020-10-27,Mendocino,045,87422,1103,1033,4,1037,20
2020-10-27,Merced,047,269075,9686,9449,41,9490,150
2020-10-27,Modoc,049,8938,46,31,2,33,0
2020-10-27,Mono,051,14174,223,169,5,174,1
2020-10-27,Monterey,053,433212,11635,11261,72,11333,88
2020-10-27,Napa,055,140530,2123,1979,8,1987,15
2020-10-27,Nevada,057,99092,664,622,18,640,8
2020-10-27,Orange,059,3164182,61467,58550,1800,60350,1448
2020-10-27,Placer,061,380077,4522,4197,16,4213,57
2020-10-27,Plumas,063,18699,86,63,0,63,0
2020-10-27,Riverside,065,2383286,68750,66699,422,67121,1299
2020-10-27,Sacramento,067,1510023,26280,25701,33,25734,501
2020-10-27,San Benito,069,59416,1453,1428,1,1429,15
2020-10-27,San Bernardino,071,2135413,65279,62357,469,62826,1154
2020-10-27,San Diego,073,3302833,57673,55226,1625,56851,877
2020-10-27,San Francisco,075,870044,12504,12218,51,12269,140
2020-10-27,San Joaquin,077,732212,22208,21637,220,21857,496
2020-10-27,San Luis Obispo,079,281455,4469,4148,31,4179,31
2020-10-27,San Mateo,081,765935,11545,11074,10,11084,156
2020-10-27,Santa Barbara,083,443738,10025,9874,94,9968,125
2020-10-27,Santa Clara,085,1922200,25949,24368,51,24419,367
2020-10-27,Santa Cruz,087,273765,2953,2815,34,2849,24
2020-10-27,Shasta,089,179085,2357,1962,20,1982,29
2020-10-27,Sierra,091,2930,6,6,0,6,0
2020-10-27,Siskiyou,093,43540,217,181,10,191,0
2020-10-27,Solano,095,438530,7635,7298,41,7339,77
2020-10-27,Sonoma,097,501317,9831,9389,27,9416,140
2020-10-27,Stanislaus,099,539301,17927,17720,780,18500,408
2020-10-27,Sutter,101,95872,1903,1832,1,1833,12
2020-10-27,Tehama,103,63373,970,913,2,915,5
2020-10-27,Trinity,105,12862,90,28,11,39,0
2020-10-27,Tulare,107,460477,18172,17520,407,17927,296
2020-10-27,Tuolumne,109,53932,296,275,4,279,4
2020-10-27,Ventura,111,848112,15188,14347,333,14680,153
2020-10-27,Yolo,113,214977,3311,3216,9,3225,58
2020-10-27,Yuba,115,75493,1285,1235,6,1241,10
2020-10-26,Alameda,001,1643700,23954,23284,229,23513,398
2020-10-26,Alpine,003,1148,4,3,0,3,0
2020-10-26,Amador,005,37829,358,331,0,331,16
2020-10-26,Butte,007,227075,3236,3095,34,3129,56
2020-10-26,Calaveras,009,45235,340,274,0,274,13
2020-10-26,Colusa,011,21464,559,548,1,549,6
2020-10-26,Contra Costa,013,1133247,19289,18718,94,18812,245
2020-10-26,Del Norte,015,27424,179,171,0,171,2
2020-10-26,El Dorado,017,186661,1445,1336,3,1339,4
2020-10-26,Fresno,019,978130,33784,30969,501,31470,441
2020-10-26,Glenn,021,27897,688,660,1,661,3
2020-10-26,Humboldt,023,135768,571,554,1,555,7
2020-10-26,Imperial,025,180216,13023,12654,70,12724,333
2020-10-26,Inyo,027,18085,248,226,5,231,14
2020-10-26,Kern,029,883053,34170,33233,424,33657,432
2020-10-26,Kings,031,150075,8761,8264,58,8322,82
2020-10-26,Lake,033,64148,739,697,0,697,15
2020-10-26,Lassen,035,31185,779,764,2,766,0
2020-10-26,Los Angeles,037,10098052,304390,297961,2948,300909,6979
2020-10-26,Madera,039,155013,5100,4922,44,4966,53
2020-10-26,Marin,041,260295,7166,7064,19,7083,104
2020-10-26,Mariposa,043,17540,80,77,0,77,2
2020-10-26,Mendocino,045,87422,1095,1026,4,1030,20
2020-10-26,Merced,047,269075,9639,9375,40,9415,150
2020-10-26,Modoc,049,8938,44,28,0,28,0
2020-10-26,Mono,051,14174,217,167,5,172,1
2020-10-26,Monterey,053,433212,11585,11207,68,11275,87
2020-10-26,Napa,055,140530,2091,1966,8,1974,14
2020-10-26,Nevada,057,99092,657,618,18,636,8
2020-10-26,Orange,059,3164182,61264,58377,1781,60158,1442
2020-10-26,Placer,061,380077,4480,4161,15,4176,57
2020-10-26,Plumas,063,18699,84,63,0,63,0
2020-10-26,Riverside,065,2383286,68298,66475,396,66871,1294
2020-10-26,Sacramento,067,1510023,26098,25555,31,25586,496
2020-10-26,San Benito,069,59416,1445,1424,1,1425,15
2020-10-26,San Bernardino,071,2135413,64808,61871,466,62337,1153
2020-10-26,San Diego,073,3302833,57280,54957,1587,56544,870
2020-10-26,San Francisco,075,870044,12444,12072,51,12123,138
2020-10-26,San Joaquin,077,732212,22125,21459,214,21673,495
2020-10-26,San Luis Obispo,079,281455,4444,4133,31,4164,31
2020-10-26,San Mateo,081,765935,11501,11037,10,11047,156
2020-10-26,Santa Barbara,083,443738,10002,9827,94,9921,122
2020-10-26,Santa Clara,085,1922200,25759,24258,50,24308,365
2020-10-26,Santa Cruz,087,273765,2927,2808,34,2842,24
2020-10-26,Shasta,089,179085,2303,1889,20,1909,29
2020-10-26,Sierra,091,2930,6,6,0,6,0
2020-10-26,Siskiyou,093,43540,209,179,10,189,0
2020-10-26,Solano,095,438530,7555,7271,41,7312,62
2020-10-26,Sonoma,097,501317,9752,9315,27,9342,140
2020-10-26,Stanislaus,099,539301,17877,17666,770,18436,400
2020-10-26,Sutter,101,95872,1895,1817,1,1818,12
2020-10-26,Tehama,103,63373,950,892,2,894,5
2020-10-26,Trinity,105,12862,89,26,11,37,0
2020-10-26,Tulare,107,460477,18095,17432,384,17816,296
2020-10-26,Tuolumne,109,53932,287,271,4,275,4
2020-10-26,Ventura,111,848112,15118,14330,330,14660,154
2020-10-26,Yolo,113,214977,3292,3206,9,3215,58
2020-10-26,Yuba,115,75493,1269,1226,6,1232,10
2020-10-25,Alameda,001,1643700,23848,23192,229,23421,398
2020-10-25,Alpine,003,1148,3,3,0,3,0
2020-10-25,Amador,005,37829,347,330,0,330,16
2020-10-25,Butte,007,227075,3217,3087,34,3121,56
2020-10-25,Calaveras,009,45235,339,274,0,274,13
2020-10-25,Colusa,011,21464,555,548,1,549,6
2020-10-25,Contra Costa,013,1133247,19188,18640,94,18734,245
2020-10-25,Del Norte,015,27424,175,171,0,171,2
2020-10-25,El Dorado,017,186661,1430,1328,3,1331,4
2020-10-25,Fresno,019,978130,33650,30858,488,31346,441
2020-10-25,Glenn,021,27897,685,652,1,653,3
2020-10-25,Humboldt,023,135768,568,554,1,555,7
2020-10-25,Imperial,025,180216,12973,12572,70,12642,333
2020-10-25,Inyo,027,18085,245,226,5,231,14
2020-10-25,Kern,029,883053,34063,33185,420,33605,432
2020-10-25,Kings,031,150075,8728,8246,56,8302,82
2020-10-25,Lake,033,64148,722,695,0,695,15
2020-10-25,Lassen,035,31185,776,764,2,766,0
2020-10-25,Los Angeles,037,10098052,302828,297110,2911,300021,6973
2020-10-25,Madera,039,155013,5070,4909,39,4948,53
2020-10-25,Marin,041,260295,7156,7052,19,7071,102
2020-10-25,Mariposa,043,17540,80,77,0,77,2
2020-10-25,Mendocino,045,87422,1088,1024,4,1028,20
2020-10-25,Merced,047,269075,9574,9352,38,9390,150
2020-10-25,Modoc,049,8938,39,28,0,28,0
2020-10-25,Mono,051,14174,209,167,5,172,1
2020-10-25,Monterey,053,433212,11502,11182,63,11245,87
2020-10-25,Napa,055,140530,2061,1962,8,1970,14
2020-10-25,Nevada,057,99092,649,616,18,634,8
2020-10-25,Orange,059,3164182,60976,58185,1772,59957,1443
2020-10-25,Placer,061,380077,4428,4140,15,4155,57
2020-10-25,Plumas,063,18699,84,63,0,63,0
2020-10-25,Riverside,065,2383286,67846,66192,380,66572,1289
2020-10-25,Sacramento,067,1510023,25882,25445,28,25473,496
2020-10-25,San Benito,069,59416,1438,1423,1,1424,15
2020-10-25,San Bernardino,071,2135413,64267,61551,454,62005,1153
2020-10-25,San Diego,073,3302833,56817,54599,1555,56154,870
2020-10-25,San Francisco,075,870044,12371,12072,51,12123,137
2020-10-25,San Joaquin,077,732212,22017,21459,206,21665,495
2020-10-25,San Luis Obispo,079,281455,4402,4126,29,4155,31
2020-10-25,San Mateo,081,765935,11456,10987,10,10997,156
2020-10-25,Santa Barbara,083,443738,9982,9814,94,9908,122
2020-10-25,Santa Clara,085,1922200,25571,24087,50,24137,365
2020-10-25,Santa Cruz,087,273765,2900,2789,34,2823,24
2020-10-25,Shasta,089,179085,2239,1889,20,1909,29
2020-10-25,Sierra,091,2930,6,6,0,6,0
2020-10-25,Siskiyou,093,43540,206,176,10,186,0
2020-10-25,Solano,095,438530,7477,7197,41,7238,60
2020-10-25,Sonoma,097,501317,9659,9235,26,9261,140
2020-10-25,Stanislaus,099,539301,17820,17641,760,18401,400
2020-10-25,Sutter,101,95872,1877,1811,1,1812,12
2020-10-25,Tehama,103,63373,933,880,2,882,5
2020-10-25,Trinity,105,12862,85,26,11,37,0
2020-10-25,Tulare,107,460477,18022,17431,374,17805,296
2020-10-25,Tuolumne,109,53932,282,271,4,275,4
2020-10-25,Ventura,111,848112,15025,14300,324,14624,154
2020-10-25,Yolo,113,214977,3271,3190,9,3199,58
2020-10-25,Yuba,115,75493,1261,1219,6,1225,10
2020-10-24,Alameda,001,1643700,23777,23099,226,23325,398
2020-10-24,Alpine,003,1148,3,3,0,3,0
2020-10-24,Amador,005,37829,346,328,0,328,16
2020-10-24,Butte,007,227075,3208,3078,34,3112,56
2020-10-24,Calaveras,009,45235,337,274,0,274,13
2020-10-24,Colusa,011,21464,550,548,1,549,6
2020-10-24,Contra Costa,013,1133247,19121,18567,94,18661,244
2020-10-24,Del Norte,015,27424,174,171,0,171,2
2020-10-24,El Dorado,017,186661,1414,1317,3,1320,4
2020-10-24,Fresno,019,978130,33589,30752,483,31235,441
2020-10-24,Glenn,021,27897,682,650,1,651,3
2020-10-24,Humboldt,023,135768,566,553,1,554,7
2020-10-24,Imperial,025,180216,12946,12469,70,12539,333
2020-10-24,Inyo,027,18085,245,226,5,231,14
2020-10-24,Kern,029,883053,34005,33105,414,33519,432
2020-10-24,Kings,031,150075,8718,8228,55,8283,82
2020-10-24,Lake,033,64148,717,696,0,696,15
2020-10-24,Lassen,035,31185,775,764,2,766,0
2020-10-24,Los Angeles,037,10098052,302009,296323,2889,299212,6969
2020-10-24,Madera,039,155013,5057,4898,38,4936,53
2020-10-24,Marin,041,260295,7147,7042,19,7061,102
2020-10-24,Mariposa,043,17540,80,77,0,77,2
2020-10-24,Mendocino,045,87422,1076,1022,4,1026,20
2020-10-24,Merced,047,269075,9550,9351,38,9389,150
2020-10-24,Modoc,049,8938,38,28,0,28,0
2020-10-24,Mono,051,14174,195,167,5,172,1
2020-10-24,Monterey,053,433212,11433,11153,62,11215,87
2020-10-24,Napa,055,140530,2044,1957,8,1965,14
2020-10-24,Nevada,057,99092,645,608,18,626,8
2020-10-24,Orange,059,3164182,60821,57928,1762,59690,1441
2020-10-24,Placer,061,380077,4397,4093,15,4108,57
2020-10-24,Plumas,063,18699,78,63,0,63,0
2020-10-24,Riverside,065,2383286,67638,65902,365,66267,1288
2020-10-24,Sacramento,067,1510023,25801,25372,28,25400,496
2020-10-24,San Benito,069,59416,1433,1417,1,1418,15
2020-10-24,San Bernardino,071,2135413,64027,61351,445,61796,1153
2020-10-24,San Diego,073,3302833,56540,54330,1542,55872,868
2020-10-24,San Francisco,075,870044,12313,12073,50,12123,137
2020-10-24,San Joaquin,077,732212,21965,21458,201,21659,495
2020-10-24,San Luis Obispo,079,281455,4377,4119,28,4147,31
2020-10-24,San Mateo,081,765935,11417,10942,10,10952,155
2020-10-24,Santa Barbara,083,443738,9965,9781,94,9875,122
2020-10-24,Santa Clara,085,1922200,25484,23978,50,24028,365
2020-10-24,Santa Cruz,087,273765,2881,2775,34,2809,24
2020-10-24,Shasta,089,179085,2194,1878,20,1898,29
2020-10-24,Sierra,091,2930,6,6,0,6,0
2020-10-24,Siskiyou,093,43540,205,174,10,184,0
2020-10-24,Solano,095,438530,7424,7189,41,7230,60
2020-10-24,Sonoma,097,501317,9625,9179,26,9205,140
2020-10-24,Stanislaus,099,539301,17776,17574,744,18318,400
2020-10-24,Sutter,101,95872,1868,1804,1,1805,12
2020-10-24,Tehama,103,63373,925,872,2,874,5
2020-10-24,Trinity,105,12862,85,25,11,36,0
2020-10-24,Tulare,107,460477,17999,17406,363,17769,295
2020-10-24,Tuolumne,109,53932,279,269,4,273,4
2020-10-24,Ventura,111,848112,14972,14240,323,14563,154
2020-10-24,Yolo,113,214977,3259,3164,9,3173,57
2020-10-24,Yuba,115,75493,1258,1210,6,1216,10
2020-10-23,Alameda,001,1643700,23704,23047,224,23271,393
2020-10-23,Alpine,003,1148,3,3,0,3,0
2020-10-23,Amador,005,37829,345,324,0,324,16
2020-10-23,Butte,007,227075,3199,3059,34,3093,55
2020-10-23,Calaveras,009,45235,336,273,0,273,13
2020-10-23,Colusa,011,21464,550,547,1,548,6
2020-10-23,Contra Costa,013,1133247,19051,18483,93,18576,244
2020-10-23,Del Norte,015,27424,174,171,0,171,2
2020-10-23,El Dorado,017,186661,1405,1310,3,1313,4
2020-10-23,Fresno,019,978130,33522,30590,479,31069,441
2020-10-23,Glenn,021,27897,679,644,1,645,3
2020-10-23,Humboldt,023,135768,564,553,1,554,7
2020-10-23,Imperial,025,180216,12915,12398,69,12467,333
2020-10-23,Inyo,027,18085,244,226,5,231,14
2020-10-23,Kern,029,883053,33937,33077,409,33486,431
2020-10-23,Kings,031,150075,8709,8218,55,8273,82
2020-10-23,Lake,033,64148,715,689,0,689,15
2020-10-23,Lassen,035,31185,774,764,2,766,0
2020-10-23,Los Angeles,037,10098052,300927,294287,2861,297148,6956
2020-10-23,Madera,039,155013,5052,4888,38,4926,53
2020-10-23,Marin,041,260295,7134,7029,19,7048,102
2020-10-23,Mariposa,043,17540,80,77,0,77,2
2020-10-23,Mendocino,045,87422,1073,1019,4,1023,20
2020-10-23,Merced,047,269075,9536,9327,38,9365,149
2020-10-23,Modoc,049,8938,38,28,0,28,0
2020-10-23,Mono,051,14174,194,159,5,164,1
2020-10-23,Monterey,053,433212,11386,11099,58,11157,86
2020-10-23,Napa,055,140530,2036,1942,8,1950,14
2020-10-23,Nevada,057,99092,642,604,18,622,8
2020-10-23,Orange,059,3164182,60650,57595,1747,59342,1430
2020-10-23,Placer,061,380077,4351,4073,15,4088,57
2020-10-23,Plumas,063,18699,75,63,0,63,0
2020-10-23,Riverside,065,2383286,67399,65512,357,65869,1279
2020-10-23,Sacramento,067,1510023,25695,25224,28,25252,496
2020-10-23,San Benito,069,59416,1431,1412,1,1413,15
2020-10-23,San Bernardino,071,2135413,63740,60854,431,61285,1150
2020-10-23,San Diego,073,3302833,56234,53944,1515,55459,867
2020-10-23,San Francisco,075,870044,12282,12015,50,12065,137
2020-10-23,San Joaquin,077,732212,21909,21361,195,21556,495
2020-10-23,San Luis Obispo,079,281455,4351,4102,28,4130,31
2020-10-23,San Mateo,081,765935,11368,10872,10,10882,155
2020-10-23,Santa Barbara,083,443738,9949,9751,94,9845,121
2020-10-23,Santa Clara,085,1922200,25382,23822,50,23872,364
2020-10-23,Santa Cruz,087,273765,2867,2757,34,2791,24
2020-10-23,Shasta,089,179085,2157,1846,19,1865,29
2020-10-23,Sierra,091,2930,6,6,0,6,0
2020-10-23,Siskiyou,093,43540,201,172,10,182,0
2020-10-23,Solano,095,438530,7393,7174,41,7215,59
2020-10-23,Sonoma,097,501317,9568,9112,26,9138,139
2020-10-23,Stanislaus,099,539301,17739,17496,737,18233,395
2020-10-23,Sutter,101,95872,1861,1797,1,1798,12
2020-10-23,Tehama,103,63373,916,862,2,864,5
2020-10-23,Trinity,105,12862,85,26,11,37,0
2020-10-23,Tulare,107,460477,17954,17334,351,17685,295
2020-10-23,Tuolumne,109,53932,277,254,4,258,4
2020-10-23,Ventura,111,848112,14943,14192,323,14515,155
2020-10-23,Yolo,113,214977,3247,3140,9,3149,57
2020-10-23,Yuba,115,75493,1254,1206,6,1212,10
2020-10-22,Alameda,001,1643700,23601,22915,224,23139,393
2020-10-22,Alpine,003,1148,3,3,0,3,0
2020-10-22,Amador,005,37829,341,317,0,317,16
2020-10-22,Butte,007,227075,3189,3046,32,3078,55
2020-10-22,Calaveras,009,45235,333,273,0,273,13
2020-10-22,Colusa,011,21464,550,547,1,548,6
2020-10-22,Contra Costa,013,1133247,18979,18393,93,18486,243
2020-10-22,Del Norte,015,27424,173,168,0,168,2
2020-10-22,El Dorado,017,186661,1395,1308,3,1311,4
2020-10-22,Fresno,019,978130,33412,30471,471,30942,438
2020-10-22,Glenn,021,27897,672,643,1,644,3
2020-10-22,Humboldt,023,135768,562,548,1,549,7
2020-10-22,Imperial,025,180216,12862,12311,67,12378,333
2020-10-22,Inyo,027,18085,241,220,5,225,14
2020-10-22,Kern,029,883053,33856,32991,406,33397,431
2020-10-22,Kings,031,150075,8458,8201,55,8256,82
2020-10-22,Lake,033,64148,711,678,0,678,15
2020-10-22,Lassen,035,31185,771,764,2,766,0
2020-10-22,Los Angeles,037,10098052,299552,291599,2802,294401,6935
2020-10-22,Madera,039,155013,5031,4847,38,4885,52
2020-10-22,Marin,041,260295,7127,7014,19,7033,102
2020-10-22,Mariposa,043,17540,80,77,0,77,2
2020-10-22,Mendocino,045,87422,1068,1016,4,1020,20
2020-10-22,Merced,047,269075,9508,9323,38,9361,149
2020-10-22,Modoc,049,8938,34,26,0,26,0
2020-10-22,Mono,051,14174,189,156,5,161,1
2020-10-22,Monterey,053,433212,11327,11059,55,11114,84
2020-10-22,Napa,055,140530,2021,1928,8,1936,14
2020-10-22,Nevada,057,99092,636,600,18,618,8
2020-10-22,Orange,059,3164182,60435,57418,1730,59148,1422
2020-10-22,Placer,061,380077,4302,4036,15,4051,57
2020-10-22,Plumas,063,18699,72,62,0,62,0
2020-10-22,Riverside,065,2383286,67064,65104,337,65441,1279
2020-10-22,Sacramento,067,1510023,25555,25054,28,25082,492
2020-10-22,San Benito,069,59416,1427,1403,1,1404,15
2020-10-22,San Bernardino,071,2135413,63339,60402,416,60818,1149
2020-10-22,San Diego,073,3302833,55847,53514,1496,55010,866
2020-10-22,San Francisco,075,870044,12224,11991,48,12039,137
2020-10-22,San Joaquin,077,732212,21836,21282,189,21471,495
2020-10-22,San Luis Obispo,079,281455,4335,4081,28,4109,31
2020-10-22,San Mateo,081,765935,11312,10796,10,10806,155
2020-10-22,Santa Barbara,083,443738,9915,9710,92,9802,120
2020-10-22,Santa Clara,085,1922200,25228,23621,50,23671,363
2020-10-22,Santa Cruz,087,273765,2849,2738,33,2771,24
2020-10-22,Shasta,089,179085,2111,1799,19,1818,29
2020-10-22,Sierra,091,2930,6,6,0,6,0
2020-10-22,Siskiyou,093,43540,201,169,10,179,0
2020-10-22,Solano,095,438530,7347,7116,41,7157,59
2020-10-22,Sonoma,097,501317,9502,9052,25,9077,139
2020-10-22,Stanislaus,099,539301,17685,17440,725,18165,395
2020-10-22,Sutter,101,95872,1847,1794,1,1795,12
2020-10-22,Tehama,103,63373,905,852,2,854,5
2020-10-22,Trinity,105,12862,84,26,11,37,0
2020-10-22,Tulare,107,460477,17888,17265,338,17603,293
2020-10-22,Tuolumne,109,53932,275,252,4,256,4
2020-10-22,Ventura,111,848112,14896,14124,321,14445,154
2020-10-22,Yolo,113,214977,3235,3116,9,3125,58
2020-10-22,Yuba,115,75493,1247,1199,5,1204,10
2020-10-21,Alameda,001,1643700,23513,22853,222,23075,392
2020-10-21,Alpine,003,1148,3,3,0,3,0
2020-10-21,Amador,005,37829,336,313,0,313,16
2020-10-21,Butte,007,227075,3177,3041,32,3073,55
2020-10-21,Calaveras,009,45235,332,272,0,272,13
2020-10-21,Colusa,011,21464,550,546,1,547,6
2020-10-21,Contra Costa,013,1133247,18905,18299,93,18392,243
2020-10-21,Del Norte,015,27424,173,169,0,169,2
2020-10-21,El Dorado,017,186661,1383,1305,2,1307,4
2020-10-21,Fresno,019,978130,33316,30328,466,30794,433
2020-10-21,Glenn,021,27897,667,640,1,641,3
2020-10-21,Humboldt,023,135768,561,548,1,549,7
2020-10-21,Imperial,025,180216,12805,12210,67,12277,331
2020-10-21,Inyo,027,18085,237,220,5,225,14
2020-10-21,Kern,029,883053,33781,32956,405,33361,430
2020-10-21,Kings,031,150075,8431,8186,55,8241,80
2020-10-21,Lake,033,64148,710,676,0,676,15
2020-10-21,Lassen,035,31185,770,764,2,766,0
2020-10-21,Los Angeles,037,10098052,298212,288096,2760,290856,6923
2020-10-21,Madera,039,155013,5006,4831,38,4869,52
2020-10-21,Marin,041,260295,7118,7002,19,7021,102
2020-10-21,Mariposa,043,17540,80,77,0,77,2
2020-10-21,Mendocino,045,87422,1066,1011,4,1015,21
2020-10-21,Merced,047,269075,9484,9319,36,9355,149
2020-10-21,Modoc,049,8938,33,26,0,26,0
2020-10-21,Mono,051,14174,187,156,5,161,1
2020-10-21,Monterey,053,433212,11289,11005,54,11059,83
2020-10-21,Napa,055,140530,2006,1918,8,1926,13
2020-10-21,Nevada,057,99092,630,597,18,615,8
2020-10-21,Orange,059,3164182,60222,57189,1721,58910,1409
2020-10-21,Placer,061,380077,4265,4007,15,4022,56
2020-10-21,Plumas,063,18699,69,58,0,58,0
2020-10-21,Riverside,065,2383286,66768,64778,313,65091,1278
2020-10-21,Sacramento,067,1510023,25361,24908,28,24936,490
2020-10-21,San Benito,069,59416,1426,1401,1,1402,14
2020-10-21,San Bernardino,071,2135413,62931,59948,409,60357,1141
2020-10-21,San Diego,073,3302833,55495,53279,1468,54747,863
2020-10-21,San Francisco,075,870044,12175,11976,47,12023,137
2020-10-21,San Joaquin,077,732212,21760,21201,183,21384,495
2020-10-21,San Luis Obispo,079,281455,4320,4055,26,4081,31
2020-10-21,San Mateo,081,765935,11263,10730,10,10740,155
2020-10-21,Santa Barbara,083,443738,9897,9681,91,9772,121
2020-10-21,Santa Clara,085,1922200,25102,23537,50,23587,361
2020-10-21,Santa Cruz,087,273765,2826,2729,33,2762,24
2020-10-21,Shasta,089,179085,2075,1777,19,1796,27
2020-10-21,Sierra,091,2930,6,6,0,6,0
2020-10-21,Siskiyou,093,43540,197,169,10,179,0
2020-10-21,Solano,095,438530,7301,7088,41,7129,59
2020-10-21,Sonoma,097,501317,9422,8987,25,9012,138
2020-10-21,Stanislaus,099,539301,17635,17419,717,18136,392
2020-10-21,Sutter,101,95872,1832,1786,1,1787,12
2020-10-21,Tehama,103,63373,889,824,2,826,5
2020-10-21,Trinity,105,12862,78,25,10,35,0
2020-10-21,Tulare,107,460477,17850,17204,324,17528,292
2020-10-21,Tuolumne,109,53932,274,251,4,255,4
2020-10-21,Ventura,111,848112,14833,14050,318,14368,153
2020-10-21,Yolo,113,214977,3216,3095,9,3104,58
2020-10-21,Yuba,115,75493,1238,1194,5,1199,10
2020-10-20,Alameda,001,1643700,23410,22750,218,22968,391
2020-10-20,Alpine,003,1148,3,3,0,3,0
2020-10-20,Amador,005,37829,335,313,0,313,16
2020-10-20,Butte,007,227075,3165,3027,32,3059,56
2020-10-20,Calaveras,009,45235,331,273,0,273,13
2020-10-20,Colusa,011,21464,547,546,1,547,6
2020-10-20,Contra Costa,013,1133247,18813,18246,93,18339,241
2020-10-20,Del Norte,015,27424,172,169,0,169,2
2020-10-20,El Dorado,017,186661,1377,1295,2,1297,4
2020-10-20,Fresno,019,978130,33213,30220,460,30680,431
2020-10-20,Glenn,021,27897,662,638,1,639,3
2020-10-20,Humboldt,023,135768,557,545,1,546,7
2020-10-20,Imperial,025,180216,12736,12114,67,12181,330
2020-10-20,Inyo,027,18085,237,218,5,223,14
2020-10-20,Kern,029,883053,33706,32889,392,33281,429
2020-10-20,Kings,031,150075,8413,8178,54,8232,80
2020-10-20,Lake,033,64148,708,675,0,675,15
2020-10-20,Lassen,035,31185,769,757,2,759,0
2020-10-20,Los Angeles,037,10098052,296720,287727,2710,290437,6891
2020-10-20,Madera,039,155013,4989,4823,38,4861,52
2020-10-20,Marin,041,260295,7103,6994,19,7013,101
2020-10-20,Mariposa,043,17540,79,77,0,77,2
2020-10-20,Mendocino,045,87422,1064,1004,4,1008,21
2020-10-20,Merced,047,269075,9462,9323,36,9359,149
2020-10-20,Modoc,049,8938,32,26,0,26,0
2020-10-20,Mono,051,14174,187,156,5,161,1
2020-10-20,Monterey,053,433212,11246,10942,51,10993,81
2020-10-20,Napa,055,140530,1987,1912,8,1920,13
2020-10-20,Nevada,057,99092,620,596,18,614,8
2020-10-20,Orange,059,3164182,59958,56914,1711,58625,1397
2020-10-20,Placer,061,380077,4227,3997,15,4012,56
2020-10-20,Plumas,063,18699,66,53,0,53,0
2020-10-20,Riverside,065,2383286,66388,64452,301,64753,1275
2020-10-20,Sacramento,067,1510023,25233,24767,27,24794,485
2020-10-20,San Benito,069,59416,1423,1398,1,1399,14
2020-10-20,San Bernardino,071,2135413,62549,59571,407,59978,1109
2020-10-20,San Diego,073,3302833,55159,53004,1448,54452,857
2020-10-20,San Francisco,075,870044,12128,12013,46,12059,126
2020-10-20,San Joaquin,077,732212,21681,21173,173,21346,490
2020-10-20,San Luis Obispo,079,281455,4302,4043,25,4068,31
2020-10-20,San Mateo,081,765935,11216,10659,10,10669,155
2020-10-20,Santa Barbara,083,443738,9868,9664,89,9753,121
2020-10-20,Santa Clara,085,1922200,24965,23406,50,23456,358
2020-10-20,Santa Cruz,087,273765,2803,2710,33,2743,23
2020-10-20,Shasta,089,179085,2052,1747,19,1766,20
2020-10-20,Sierra,091,2930,6,6,0,6,0
2020-10-20,Siskiyou,093,43540,189,168,10,178,0
2020-10-20,Solano,095,438530,7252,7044,41,7085,57
2020-10-20,Sonoma,097,501317,9359,8904,23,8927,135
2020-10-20,Stanislaus,099,539301,17581,17367,713,18080,393
2020-10-20,Sutter,101,95872,1823,1783,1,1784,12
2020-10-20,Tehama,103,63373,874,813,2,815,5
2020-10-20,Trinity,105,12862,77,25,10,35,0
2020-10-20,Tulare,107,460477,17783,17156,319,17475,289
2020-10-20,Tuolumne,109,53932,272,250,4,254,4
2020-10-20,Ventura,111,848112,14769,13980,316,14296,152
2020-10-20,Yolo,113,214977,3193,3083,9,3092,56
2020-10-20,Yuba,115,75493,1228,1191,5,1196,10
2020-10-19,Alameda,001,1643700,23299,22647,217,22864,392
2020-10-19,Alpine,003,1148,3,3,0,3,0
2020-10-19,Amador,005,37829,329,313,0,313,16
2020-10-19,Butte,007,227075,3154,3026,32,3058,55
2020-10-19,Calaveras,009,45235,330,268,0,268,13
2020-10-19,Colusa,011,21464,547,544,1,545,6
2020-10-19,Contra Costa,013,1133247,18715,18173,93,18266,239
2020-10-19,Del Norte,015,27424,169,167,0,167,2
2020-10-19,El Dorado,017,186661,1356,1287,2,1289,4
2020-10-19,Fresno,019,978130,33104,30152,454,30606,431
2020-10-19,Glenn,021,27897,657,635,0,635,3
2020-10-19,Humboldt,023,135768,557,543,1,544,7
2020-10-19,Imperial,025,180216,12682,12036,64,12100,330
2020-10-19,Inyo,027,18085,236,218,5,223,14
2020-10-19,Kern,029,883053,33630,32840,389,33229,428
2020-10-19,Kings,031,150075,8395,8173,54,8227,80
2020-10-19,Lake,033,64148,705,673,0,673,15
2020-10-19,Lassen,035,31185,768,757,2,759,0
2020-10-19,Los Angeles,037,10098052,295232,287119,2672,289791,6858
2020-10-19,Madera,039,155013,4974,4787,38,4825,52
2020-10-19,Marin,041,260295,7085,6981,19,7000,100
2020-10-19,Mariposa,043,17540,79,77,0,77,2
2020-10-19,Mendocino,045,87422,1059,1001,4,1005,21
2020-10-19,Merced,047,269075,9437,9305,32,9337,148
2020-10-19,Modoc,049,8938,31,26,0,26,0
2020-10-19,Mono,051,14174,182,156,5,161,1
2020-10-19,Monterey,053,433212,11185,10907,51,10958,80
2020-10-19,Napa,055,140530,1975,1892,8,1900,12
2020-10-19,Nevada,057,99092,617,590,18,608,8
2020-10-19,Orange,059,3164182,59674,56652,1696,58348,1396
2020-10-19,Placer,061,380077,4178,3962,15,3977,49
2020-10-19,Plumas,063,18699,64,52,0,52,0
2020-10-19,Riverside,065,2383286,65957,64016,285,64301,1272
2020-10-19,Sacramento,067,1510023,25094,24542,27,24569,483
2020-10-19,San Benito,069,59416,1416,1395,1,1396,14
2020-10-19,San Bernardino,071,2135413,62099,59265,396,59661,1100
2020-10-19,San Diego,073,3302833,54773,52739,1423,54162,853
2020-10-19,San Francisco,075,870044,12084,11879,46,11925,126
2020-10-19,San Joaquin,077,732212,21606,20930,165,21095,489
2020-10-19,San Luis Obispo,079,281455,4286,4016,25,4041,31
2020-10-19,San Mateo,081,765935,11170,10568,10,10578,154
2020-10-19,Santa Barbara,083,443738,9833,9632,89,9721,121
2020-10-19,Santa Clara,085,1922200,24815,23301,50,23351,352
2020-10-19,Santa Cruz,087,273765,2786,2705,33,2738,19
2020-10-19,Shasta,089,179085,2008,1709,18,1727,20
2020-10-19,Sierra,091,2930,6,6,0,6,0
2020-10-19,Siskiyou,093,43540,182,167,10,177,0
2020-10-19,Solano,095,438530,7211,7003,41,7044,57
2020-10-19,Sonoma,097,501317,9272,8830,23,8853,135
2020-10-19,Stanislaus,099,539301,17530,17342,703,18045,390
2020-10-19,Sutter,101,95872,1818,1773,1,1774,12
2020-10-19,Tehama,103,63373,871,793,2,795,5
2020-10-19,Trinity,105,12862,75,23,10,33,0
2020-10-19,Tulare,107,460477,17733,17047,312,17359,291
2020-10-19,Tuolumne,109,53932,270,247,4,251,4
2020-10-19,Ventura,111,848112,14703,13930,313,14243,152
2020-10-19,Yolo,113,214977,3180,3069,9,3078,56
2020-10-19,Yuba,115,75493,1221,1183,5,1188,10
2020-10-18,Alameda,001,1643700,23195,22546,216,22762,392
2020-10-18,Alpine,003,1148,3,3,0,3,0
2020-10-18,Amador,005,37829,317,313,0,313,16
2020-10-18,Butte,007,227075,3141,3019,32,3051,55
2020-10-18,Calaveras,009,45235,329,267,0,267,13
2020-10-18,Colusa,011,21464,545,544,1,545,6
2020-10-18,Contra Costa,013,1133247,18616,18120,93,18213,237
2020-10-18,Del Norte,015,27424,169,167,0,167,2
2020-10-18,El Dorado,017,186661,1347,1283,2,1285,4
2020-10-18,Fresno,019,978130,32975,30051,446,30497,430
2020-10-18,Glenn,021,27897,655,634,0,634,3
2020-10-18,Humboldt,023,135768,554,540,1,541,7
2020-10-18,Imperial,025,180216,12620,11987,61,12048,330
2020-10-18,Inyo,027,18085,233,215,5,220,14
2020-10-18,Kern,029,883053,33557,32799,382,33181,428
2020-10-18,Kings,031,150075,8380,8159,54,8213,80
2020-10-18,Lake,033,64148,698,670,0,670,15
2020-10-18,Lassen,035,31185,768,757,2,759,0
2020-10-18,Los Angeles,037,10098052,293525,286187,2629,288816,6857
2020-10-18,Madera,039,155013,4949,4770,37,4807,52
2020-10-18,Marin,041,260295,7064,6969,19,6988,99
2020-10-18,Mariposa,043,17540,79,77,0,77,2
2020-10-18,Mendocino,045,87422,1057,988,4,992,21
2020-10-18,Merced,047,269075,9402,9292,32,9324,148
2020-10-18,Modoc,049,8938,30,26,0,26,0
2020-10-18,Mono,051,14174,177,155,5,160,1
2020-10-18,Monterey,053,433212,11132,10872,51,10923,80
2020-10-18,Napa,055,140530,1962,1882,8,1890,12
2020-10-18,Nevada,057,99092,611,582,18,600,8
2020-10-18,Orange,059,3164182,59377,56394,1680,58074,1396
2020-10-18,Placer,061,380077,4130,3938,15,3953,49
2020-10-18,Plumas,063,18699,62,52,0,52,0
2020-10-18,Riverside,065,2383286,65644,63765,264,64029,1270
2020-10-18,Sacramento,067,1510023,24939,24425,27,24452,482
2020-10-18,San Benito,069,59416,1409,1395,1,1396,14
2020-10-18,San Bernardino,071,2135413,61599,58893,388,59281,1098
2020-10-18,San Diego,073,3302833,54384,52359,1402,53761,853
2020-10-18,San Francisco,075,870044,12045,11878,46,11924,126
2020-10-18,San Joaquin,077,732212,21523,20931,152,21083,489
2020-10-18,San Luis Obispo,079,281455,4255,4009,23,4032,31
2020-10-18,San Mateo,081,765935,11111,10503,10,10513,154
2020-10-18,Santa Barbara,083,443738,9794,9608,88,9696,121
2020-10-18,Santa Clara,085,1922200,24642,23169,50,23219,352
2020-10-18,Santa Cruz,087,273765,2772,2692,33,2725,19
2020-10-18,Shasta,089,179085,1983,1708,18,1726,20
2020-10-18,Sierra,091,2930,6,6,0,6,0
2020-10-18,Siskiyou,093,43540,182,167,10,177,0
2020-10-18,Solano,095,438530,7164,6962,41,7003,57
2020-10-18,Sonoma,097,501317,9195,8781,22,8803,134
2020-10-18,Stanislaus,099,539301,17474,17290,694,17984,390
2020-10-18,Sutter,101,95872,1809,1764,1,1765,12
2020-10-18,Tehama,103,63373,839,774,2,776,5
2020-10-18,Trinity,105,12862,75,20,10,30,0
2020-10-18,Tulare,107,460477,17639,17048,303,17351,290
2020-10-18,Tuolumne,109,53932,265,245,4,249,4
2020-10-18,Ventura,111,848112,14623,13901,312,14213,151
2020-10-18,Yolo,113,214977,3141,3059,9,3068,55
2020-10-18,Yuba,115,75493,1210,1176,5,1181,10
2020-10-17,Alameda,001,1643700,23149,22394,214,22608,398
2020-10-17,Alpine,003,1148,3,3,0,3,0
2020-10-17,Amador,005,37829,315,309,0,309,16
2020-10-17,Butte,007,227075,3133,3012,30,3042,55
2020-10-17,Calaveras,009,45235,329,267,0,267,13
2020-10-17,Colusa,011,21464,544,544,1,545,6
2020-10-17,Contra Costa,013,1133247,18563,18005,93,18098,237
2020-10-17,Del Norte,015,27424,169,167,0,167,2
2020-10-17,El Dorado,017,186661,1343,1277,2,1279,4
2020-10-17,Fresno,019,978130,32921,29911,444,30355,430
2020-10-17,Glenn,021,27897,652,633,0,633,3
2020-10-17,Humboldt,023,135768,551,535,1,536,7
2020-10-17,Imperial,025,180216,12592,11962,60,12022,330
2020-10-17,Inyo,027,18085,228,212,5,217,14
2020-10-17,Kern,029,883053,33506,32710,379,33089,428
2020-10-17,Kings,031,150075,8374,8151,53,8204,80
2020-10-17,Lake,033,64148,695,663,0,663,15
2020-10-17,Lassen,035,31185,768,757,2,759,0
2020-10-17,Los Angeles,037,10098052,292772,285858,2602,288460,6844
2020-10-17,Madera,039,155013,4943,4759,37,4796,53
2020-10-17,Marin,041,260295,7061,6958,19,6977,99
2020-10-17,Mariposa,043,17540,78,77,0,77,2
2020-10-17,Mendocino,045,87422,1050,977,4,981,21
2020-10-17,Merced,047,269075,9388,9275,32,9307,148
2020-10-17,Modoc,049,8938,30,26,0,26,0
2020-10-17,Mono,051,14174,176,155,5,160,1
2020-10-17,Monterey,053,433212,11092,10807,50,10857,80
2020-10-17,Napa,055,140530,1953,1866,8,1874,12
2020-10-17,Nevada,057,99092,610,580,18,598,8
2020-10-17,Orange,059,3164182,59235,56197,1673,57870,1396
2020-10-17,Placer,061,380077,4103,3898,15,3913,49
2020-10-17,Plumas,063,18699,62,52,0,52,0
2020-10-17,Riverside,065,2383286,65446,63171,254,63425,1270
2020-10-17,Sacramento,067,1510023,24855,24304,27,24331,482
2020-10-17,San Benito,069,59416,1405,1389,1,1390,14
2020-10-17,San Bernardino,071,2135413,61328,58415,381,58796,1097
2020-10-17,San Diego,073,3302833,54159,51986,1391,53377,853
2020-10-17,San Francisco,075,870044,12017,11877,45,11922,126
2020-10-17,San Joaquin,077,732212,21469,20932,146,21078,489
2020-10-17,San Luis Obispo,079,281455,4240,3979,23,4002,31
2020-10-17,San Mateo,081,765935,11083,10423,10,10433,153
2020-10-17,Santa Barbara,083,443738,9775,9588,86,9674,121
2020-10-17,Santa Clara,085,1922200,24553,22997,50,23047,349
2020-10-17,Santa Cruz,087,273765,2758,2680,33,2713,19
2020-10-17,Shasta,089,179085,1957,1679,18,1697,20
2020-10-17,Sierra,091,2930,6,6,0,6,0
2020-10-17,Siskiyou,093,43540,181,167,10,177,0
2020-10-17,Solano,095,438530,7138,6929,41,6970,57
2020-10-17,Sonoma,097,501317,9152,8725,22,8747,134
2020-10-17,Stanislaus,099,539301,17434,17232,685,17917,390
2020-10-17,Sutter,101,95872,1807,1762,1,1763,12
2020-10-17,Tehama,103,63373,823,764,2,766,5
2020-10-17,Trinity,105,12862,75,20,10,30,0
2020-10-17,Tulare,107,460477,17609,16995,294,17289,290
2020-10-17,Tuolumne,109,53932,265,241,4,245,4
2020-10-17,Ventura,111,848112,14578,13845,309,14154,151
2020-10-17,Yolo,113,214977,3126,3045,8,3053,55
2020-10-17,Yuba,115,75493,1205,1164,5,1169,10
2020-10-16,Alameda,001,1643700,23095,22315,214,22529,397
2020-10-16,Alpine,003,1148,3,3,0,3,0
2020-10-16,Amador,005,37829,315,309,0,309,16
2020-10-16,Butte,007,227075,3122,3004,30,3034,54
2020-10-16,Calaveras,009,45235,329,267,0,267,13
2020-10-16,Colusa,011,21464,543,544,1,545,6
2020-10-16,Contra Costa,013,1133247,18510,17956,93,18049,237
2020-10-16,Del Norte,015,27424,169,166,0,166,2
2020-10-16,El Dorado,017,186661,1337,1273,2,1275,4
2020-10-16,Fresno,019,978130,32845,29796,443,30239,427
2020-10-16,Glenn,021,27897,647,632,0,632,3
2020-10-16,Humboldt,023,135768,551,533,1,534,7
2020-10-16,Imperial,025,180216,12552,11885,60,11945,330
2020-10-16,Inyo,027,18085,224,212,5,217,14
2020-10-16,Kern,029,883053,33463,32660,377,33037,428
2020-10-16,Kings,031,150075,8365,8146,52,8198,80
2020-10-16,Lake,033,64148,693,644,0,644,14
2020-10-16,Lassen,035,31185,768,757,2,759,0
2020-10-16,Los Angeles,037,10098052,291710,284988,2581,287569,6835
2020-10-16,Madera,039,155013,4931,4736,36,4772,53
2020-10-16,Marin,041,260295,7051,6933,19,6952,99
2020-10-16,Mariposa,043,17540,78,76,0,76,2
2020-10-16,Mendocino,045,87422,1043,974,4,978,21
2020-10-16,Merced,047,269075,9371,9246,32,9278,148
2020-10-16,Modoc,049,8938,30,26,0,26,0
2020-10-16,Mono,051,14174,174,155,5,160,1
2020-10-16,Monterey,053,433212,11057,10727,50,10777,79
2020-10-16,Napa,055,140530,1944,1855,8,1863,12
2020-10-16,Nevada,057,99092,608,579,18,597,8
2020-10-16,Orange,059,3164182,59057,56091,1667,57758,1388
2020-10-16,Placer,061,380077,4083,3864,15,3879,49
2020-10-16,Plumas,063,18699,61,52,0,52,0
2020-10-16,Riverside,065,2383286,65220,62986,253,63239,1267
2020-10-16,Sacramento,067,1510023,24761,24144,27,24171,479
2020-10-16,San Benito,069,59416,1402,1388,1,1389,14
2020-10-16,San Bernardino,071,2135413,61059,58233,381,58614,1069
2020-10-16,San Diego,073,3302833,53917,51785,1377,53162,850
2020-10-16,San Francisco,075,870044,11995,11840,44,11884,126
2020-10-16,San Joaquin,077,732212,21424,20910,145,21055,489
2020-10-16,San Luis Obispo,079,281455,4224,3952,23,3975,32
2020-10-16,San Mateo,081,765935,11058,10405,10,10415,153
2020-10-16,Santa Barbara,083,443738,9757,9549,86,9635,119
2020-10-16,Santa Clara,085,1922200,24466,22920,50,22970,345
2020-10-16,Santa Cruz,087,273765,2745,2666,33,2699,20
2020-10-16,Shasta,089,179085,1935,1660,18,1678,20
2020-10-16,Sierra,091,2930,6,6,0,6,0
2020-10-16,Siskiyou,093,43540,179,167,10,177,0
2020-10-16,Solano,095,438530,7115,6879,41,6920,55
2020-10-16,Sonoma,097,501317,9096,8652,22,8674,133
2020-10-16,Stanislaus,099,539301,17400,17201,677,17878,366
2020-10-16,Sutter,101,95872,1799,1756,1,1757,12
2020-10-16,Tehama,103,63373,822,737,2,739,3
2020-10-16,Trinity,105,12862,75,20,10,30,0
2020-10-16,Tulare,107,460477,17577,16965,286,17251,290
2020-10-16,Tuolumne,109,53932,263,237,4,241,4
2020-10-16,Ventura,111,848112,14535,13805,304,14109,152
2020-10-16,Yolo,113,214977,3117,3030,8,3038,55
2020-10-16,Yuba,115,75493,1205,1155,5,1160,10
2020-10-15,Alameda,001,1643700,23027,22267,213,22480,390
2020-10-15,Alpine,003,1148,3,3,0,3,0
2020-10-15,Amador,005,37829,315,309,0,309,16
2020-10-15,Butte,007,227075,3110,3000,29,3029,54
2020-10-15,Calaveras,009,45235,328,267,0,267,13
2020-10-15,Colusa,011,21464,542,543,1,544,6
2020-10-15,Contra Costa,013,1133247,18443,17893,92,17985,237
2020-10-15,Del Norte,015,27424,169,164,0,164,2
2020-10-15,El Dorado,017,186661,1332,1265,2,1267,4
2020-10-15,Fresno,019,978130,32748,29727,440,30167,425
2020-10-15,Glenn,021,27897,642,632,0,632,3
2020-10-15,Humboldt,023,135768,547,531,1,532,7
2020-10-15,Imperial,025,180216,12511,11820,58,11878,330
2020-10-15,Inyo,027,18085,224,210,5,215,14
2020-10-15,Kern,029,883053,33382,32593,374,32967,427
2020-10-15,Kings,031,150075,8350,8134,52,8186,80
2020-10-15,Lake,033,64148,691,642,0,642,14
2020-10-15,Lassen,035,31185,767,752,2,754,0
2020-10-15,Los Angeles,037,10098052,290425,284019,2547,286566,6807
2020-10-15,Madera,039,155013,4919,4723,35,4758,50
2020-10-15,Marin,041,260295,7043,6912,19,6931,99
2020-10-15,Mariposa,043,17540,78,76,0,76,2
2020-10-15,Mendocino,045,87422,1037,963,4,967,21
2020-10-15,Merced,047,269075,9344,9213,32,9245,147
2020-10-15,Modoc,049,8938,30,26,0,26,0
2020-10-15,Mono,051,14174,174,155,5,160,1
2020-10-15,Monterey,053,433212,10990,10677,49,10726,79
2020-10-15,Napa,055,140530,1931,1842,8,1850,12
2020-10-15,Nevada,057,99092,604,575,18,593,8
2020-10-15,Orange,059,3164182,58840,55952,1655,57607,1379
2020-10-15,Placer,061,380077,4054,3848,15,3863,48
2020-10-15,Plumas,063,18699,58,52,0,52,0
2020-10-15,Riverside,065,2383286,64889,62819,250,63069,1266
2020-10-15,Sacramento,067,1510023,24645,24068,27,24095,474
2020-10-15,San Benito,069,59416,1399,1384,1,1385,14
2020-10-15,San Bernardino,071,2135413,60720,58068,378,58446,1067
2020-10-15,San Diego,073,3302833,53633,51472,1361,52833,847
2020-10-15,San Francisco,075,870044,11967,11808,41,11849,126
2020-10-15,San Joaquin,077,732212,21351,20880,139,21019,487
2020-10-15,San Luis Obispo,079,281455,4207,3934,23,3957,32
2020-10-15,San Mateo,081,765935,11018,10340,10,10350,152
2020-10-15,Santa Barbara,083,443738,9733,9526,85,9611,117
2020-10-15,Santa Clara,085,1922200,24350,22808,50,22858,343
2020-10-15,Santa Cruz,087,273765,2731,2656,33,2689,13
2020-10-15,Shasta,089,179085,1924,1635,18,1653,20
2020-10-15,Sierra,091,2930,6,6,0,6,0
2020-10-15,Siskiyou,093,43540,175,166,10,176,0
2020-10-15,Solano,095,438530,7076,6830,41,6871,55
2020-10-15,Sonoma,097,501317,9004,8571,22,8593,133
2020-10-15,Stanislaus,099,539301,17362,17151,663,17814,366
2020-10-15,Sutter,101,95872,1796,1752,1,1753,12
2020-10-15,Tehama,103,63373,795,726,2,728,3
2020-10-15,Trinity,105,12862,75,20,10,30,0
2020-10-15,Tulare,107,460477,17517,16918,271,17189,289
2020-10-15,Tuolumne,109,53932,261,236,4,240,4
2020-10-15,Ventura,111,848112,14479,13750,299,14049,152
2020-10-15,Yolo,113,214977,3097,3014,8,3022,55
2020-10-15,Yuba,115,75493,1198,1151,5,1156,10
2020-10-14,Alameda,001,1643700,22928,22227,212,22439,398
2020-10-14,Alpine,003,1148,3,3,0,3,0
2020-10-14,Amador,005,37829,313,308,0,308,16
2020-10-14,Butte,007,227075,3102,2995,29,3024,54
2020-10-14,Calaveras,009,45235,328,266,0,266,12
2020-10-14,Colusa,011,21464,542,543,1,544,6
2020-10-14,Contra Costa,013,1133247,18386,17820,90,17910,236
2020-10-14,Del Norte,015,27424,168,163,0,163,2
2020-10-14,El Dorado,017,186661,1326,1264,2,1266,4
2020-10-14,Fresno,019,978130,32633,29650,434,30084,424
2020-10-14,Glenn,021,27897,641,629,0,629,3
2020-10-14,Humboldt,023,135768,544,531,1,532,7
2020-10-14,Imperial,025,180216,12474,11765,54,11819,330
2020-10-14,Inyo,027,18085,223,209,4,213,14
2020-10-14,Kern,029,883053,33307,32528,372,32900,425
2020-10-14,Kings,031,150075,8332,8118,52,8170,80
2020-10-14,Lake,033,64148,690,642,0,642,14
2020-10-14,Lassen,035,31185,765,752,2,754,0
2020-10-14,Los Angeles,037,10098052,289112,282918,2503,285421,6786
2020-10-14,Madera,039,155013,4904,4713,34,4747,50
2020-10-14,Marin,041,260295,7037,6907,19,6926,99
2020-10-14,Mariposa,043,17540,77,76,0,76,2
2020-10-14,Mendocino,045,87422,1031,955,4,959,21
2020-10-14,Merced,047,269075,9319,9201,30,9231,147
2020-10-14,Modoc,049,8938,30,27,0,27,0
2020-10-14,Mono,051,14174,174,155,5,160,1
2020-10-14,Monterey,053,433212,10939,10616,49,10665,78
2020-10-14,Napa,055,140530,1914,1837,8,1845,12
2020-10-14,Nevada,057,99092,602,573,18,591,7
2020-10-14,Orange,059,3164182,58626,55756,1646,57402,1348
2020-10-14,Placer,061,380077,4031,3829,15,3844,48
2020-10-14,Plumas,063,18699,54,52,0,52,0
2020-10-14,Riverside,065,2383286,64606,62607,249,62856,1261
2020-10-14,Sacramento,067,1510023,24501,24013,27,24040,472
2020-10-14,San Benito,069,59416,1397,1381,0,1381,14
2020-10-14,San Bernardino,071,2135413,60393,57774,374,58148,1063
2020-10-14,San Diego,073,3302833,53314,51329,1337,52666,844
2020-10-14,San Francisco,075,870044,11935,11783,40,11823,123
2020-10-14,San Joaquin,077,732212,21272,20845,125,20970,487
2020-10-14,San Luis Obispo,079,281455,4184,3901,22,3923,32
2020-10-14,San Mateo,081,765935,10967,10309,10,10319,132
2020-10-14,Santa Barbara,083,443738,9698,9509,85,9594,117
2020-10-14,Santa Clara,085,1922200,24201,22735,50,22785,343
2020-10-14,Santa Cruz,087,273765,2721,2618,33,2651,13
2020-10-14,Shasta,089,179085,1886,1553,18,1571,20
2020-10-14,Sierra,091,2930,6,6,0,6,0
2020-10-14,Siskiyou,093,43540,175,166,10,176,0
2020-10-14,Solano,095,438530,7020,6786,41,6827,55
2020-10-14,Sonoma,097,501317,8951,8514,22,8536,133
2020-10-14,Stanislaus,099,539301,17317,17105,660,17765,365
2020-10-14,Sutter,101,95872,1787,1747,1,1748,12
2020-10-14,Tehama,103,63373,784,721,2,723,3
2020-10-14,Trinity,105,12862,74,20,10,30,0
2020-10-14,Tulare,107,460477,17455,16863,258,17121,287
2020-10-14,Tuolumne,109,53932,260,236,4,240,4
2020-10-14,Ventura,111,848112,14426,13697,295,13992,152
2020-10-14,Yolo,113,214977,3079,3007,7,3014,55
2020-10-14,Yuba,115,75493,1190,1147,5,1152,10
2020-10-13,Alameda,001,1643700,22824,22185,210,22395,389
2020-10-13,Alpine,003,1148,3,3,0,3,0
2020-10-13,Amador,005,37829,311,306,0,306,16
2020-10-13,Butte,007,227075,3093,2992,29,3021,54
2020-10-13,Calaveras,009,45235,324,262,0,262,12
2020-10-13,Colusa,011,21464,542,541,1,542,6
2020-10-13,Contra Costa,013,1133247,18328,17783,90,17873,234
2020-10-13,Del Norte,015,27424,168,163,0,163,2
2020-10-13,El Dorado,017,186661,1317,1262,2,1264,4
2020-10-13,Fresno,019,978130,32511,29579,430,30009,424
2020-10-13,Glenn,021,27897,640,629,0,629,3
2020-10-13,Humboldt,023,135768,542,523,1,524,7
2020-10-13,Imperial,025,180216,12439,11727,52,11779,327
2020-10-13,Inyo,027,18085,220,207,4,211,14
2020-10-13,Kern,029,883053,33232,32497,370,32867,419
2020-10-13,Kings,031,150075,8323,8111,52,8163,80
2020-10-13,Lake,033,64148,687,639,0,639,12
2020-10-13,Lassen,035,31185,763,752,2,754,0
2020-10-13,Los Angeles,037,10098052,287834,281716,2460,284176,6767
2020-10-13,Madera,039,155013,4886,4700,34,4734,50
2020-10-13,Marin,041,260295,7015,6900,18,6918,97
2020-10-13,Mariposa,043,17540,77,76,0,76,2
2020-10-13,Mendocino,045,87422,1022,950,4,954,21
2020-10-13,Merced,047,269075,9302,9181,30,9211,146
2020-10-13,Modoc,049,8938,29,28,0,28,0
2020-10-13,Mono,051,14174,174,155,4,159,1
2020-10-13,Monterey,053,433212,10878,10574,48,10622,78
2020-10-13,Napa,055,140530,1905,1825,8,1833,12
2020-10-13,Nevada,057,99092,595,572,18,590,7
2020-10-13,Orange,059,3164182,58413,55515,1633,57148,1326
2020-10-13,Placer,061,380077,3993,3825,15,3840,48
2020-10-13,Plumas,063,18699,52,51,0,51,0
2020-10-13,Riverside,065,2383286,64286,62279,247,62526,1254
2020-10-13,Sacramento,067,1510023,24424,23930,27,23957,466
2020-10-13,San Benito,069,59416,1389,1380,0,1380,14
2020-10-13,San Bernardino,071,2135413,60054,57411,372,57783,1061
2020-10-13,San Diego,073,3302833,53021,51026,1320,52346,840
2020-10-13,San Francisco,075,870044,11900,11659,40,11699,122
2020-10-13,San Joaquin,077,732212,21211,20822,121,20943,481
2020-10-13,San Luis Obispo,079,281455,4168,3892,21,3913,32
2020-10-13,San Mateo,081,765935,10924,10286,10,10296,130
2020-10-13,Santa Barbara,083,443738,9667,9489,85,9574,117
2020-10-13,Santa Clara,085,1922200,24074,22678,50,22728,343
2020-10-13,Santa Cruz,087,273765,2703,2603,33,2636,13
2020-10-13,Shasta,089,179085,1862,1606,18,1624,20
2020-10-13,Sierra,091,2930,6,6,0,6,0
2020-10-13,Siskiyou,093,43540,174,163,10,173,0
2020-10-13,Solano,095,438530,6985,6761,41,6802,55
2020-10-13,Sonoma,097,501317,8868,8456,22,8478,133
2020-10-13,Stanislaus,099,539301,17272,17082,655,17737,362
2020-10-13,Sutter,101,95872,1778,1748,1,1749,12
2020-10-13,Tehama,103,63373,776,717,2,719,3
2020-10-13,Trinity,105,12862,70,19,9,28,0
2020-10-13,Tulare,107,460477,17396,16822,250,17072,286
2020-10-13,Tuolumne,109,53932,258,235,4,239,4
2020-10-13,Ventura,111,848112,14371,13645,291,13936,151
2020-10-13,Yolo,113,214977,3071,2983,6,2989,55
2020-10-13,Yuba,115,75493,1185,1143,5,1148,10
2020-10-12,Alameda,001,1643700,22744,22126,209,22335,389
2020-10-12,Alpine,003,1148,3,3,0,3,0
2020-10-12,Amador,005,37829,310,305,0,305,16
2020-10-12,Butte,007,227075,3087,2975,29,3004,54
2020-10-12,Calaveras,009,45235,324,262,0,262,12
2020-10-12,Colusa,011,21464,542,541,1,542,6
2020-10-12,Contra Costa,013,1133247,18253,17728,90,17818,233
2020-10-12,Del Norte,015,27424,168,161,0,161,2
2020-10-12,El Dorado,017,186661,1314,1254,2,1256,4
2020-10-12,Fresno,019,978130,32378,29523,426,29949,421
2020-10-12,Glenn,021,27897,639,626,0,626,3
2020-10-12,Humboldt,023,135768,539,522,1,523,7
2020-10-12,Imperial,025,180216,12400,11689,51,11740,328
2020-10-12,Inyo,027,18085,217,201,4,205,14
2020-10-12,Kern,029,883053,33139,32425,367,32792,419
2020-10-12,Kings,031,150075,8317,8106,51,8157,80
2020-10-12,Lake,033,64148,681,633,0,633,12
2020-10-12,Lassen,035,31185,763,752,2,754,0
2020-10-12,Los Angeles,037,10098052,286616,280961,2433,283394,6747
2020-10-12,Madera,039,155013,4867,4689,34,4723,50
2020-10-12,Marin,041,260295,6998,6886,18,6904,97
2020-10-12,Mariposa,043,17540,77,76,0,76,2
2020-10-12,Mendocino,045,87422,1016,947,4,951,21
2020-10-12,Merced,047,269075,9281,9141,30,9171,146
2020-10-12,Modoc,049,8938,29,27,0,27,0
2020-10-12,Mono,051,14174,174,154,4,158,1
2020-10-12,Monterey,053,433212,10812,10473,48,10521,77
2020-10-12,Napa,055,140530,1897,1819,8,1827,11
2020-10-12,Nevada,057,99092,591,570,18,588,7
2020-10-12,Orange,059,3164182,58183,55373,1623,56996,1326
2020-10-12,Placer,061,380077,3961,3808,14,3822,48
2020-10-12,Plumas,063,18699,52,51,0,51,0
2020-10-12,Riverside,065,2383286,63975,62279,243,62522,1254
2020-10-12,Sacramento,067,1510023,24318,23807,27,23834,466
2020-10-12,San Benito,069,59416,1386,1376,0,1376,13
2020-10-12,San Bernardino,071,2135413,59680,57235,371,57606,1061
2020-10-12,San Diego,073,3302833,52731,50748,1293,52041,826
2020-10-12,San Francisco,075,870044,11868,11659,40,11699,122
2020-10-12,San Joaquin,077,732212,21148,20701,115,20816,480
2020-10-12,San Luis Obispo,079,281455,4140,3874,21,3895,32
2020-10-12,San Mateo,081,765935,10876,10262,10,10272,130
2020-10-12,Santa Barbara,083,443738,9629,9462,85,9547,117
2020-10-12,Santa Clara,085,1922200,23959,22578,50,22628,343
2020-10-12,Santa Cruz,087,273765,2686,2590,33,2623,13
2020-10-12,Shasta,089,179085,1837,1515,18,1533,20
2020-10-12,Sierra,091,2930,6,6,0,6,0
2020-10-12,Siskiyou,093,43540,173,162,10,172,0
2020-10-12,Solano,095,438530,6946,6742,41,6783,55
2020-10-12,Sonoma,097,501317,8797,8377,22,8399,133
2020-10-12,Stanislaus,099,539301,17223,17051,646,17697,361
2020-10-12,Sutter,101,95872,1770,1741,1,1742,12
2020-10-12,Tehama,103,63373,760,708,2,710,3
2020-10-12,Trinity,105,12862,69,19,9,28,0
2020-10-12,Tulare,107,460477,17344,16742,243,16985,286
2020-10-12,Tuolumne,109,53932,253,234,4,238,4
2020-10-12,Ventura,111,848112,14309,13617,287,13904,151
2020-10-12,Yolo,113,214977,3056,2964,6,2970,55
2020-10-12,Yuba,115,75493,1174,1141,5,1146,10
2020-10-11,Alameda,001,1643700,22654,22057,205,22262,392
2020-10-11,Alpine,003,1148,3,3,0,3,0
2020-10-11,Amador,005,37829,308,305,0,305,16
2020-10-11,Butte,007,227075,3079,2967,28,2995,54
2020-10-11,Calaveras,009,45235,322,262,0,262,12
2020-10-11,Colusa,011,21464,540,541,1,542,6
2020-10-11,Contra Costa,013,1133247,18169,17678,90,17768,233
2020-10-11,Del Norte,015,27424,166,161,0,161,2
2020-10-11,El Dorado,017,186661,1305,1242,2,1244,4
2020-10-11,Fresno,019,978130,32240,29419,418,29837,421
2020-10-11,Glenn,021,27897,637,625,0,625,3
2020-10-11,Humboldt,023,135768,538,521,1,522,7
2020-10-11,Imperial,025,180216,12340,11614,47,11661,328
2020-10-11,Inyo,027,18085,213,201,4,205,14
2020-10-11,Kern,029,883053,33052,32399,360,32759,418
2020-10-11,Kings,031,150075,8300,8094,50,8144,80
2020-10-11,Lake,033,64148,668,631,0,631,12
2020-10-11,Lassen,035,31185,762,752,2,754,0
2020-10-11,Los Angeles,037,10098052,285176,280190,2392,282582,6745
2020-10-11,Madera,039,155013,4839,4680,33,4713,50
2020-10-11,Marin,041,260295,6989,6870,18,6888,97
2020-10-11,Mariposa,043,17540,77,76,0,76,2
2020-10-11,Mendocino,045,87422,1009,944,4,948,21
2020-10-11,Merced,047,269075,9263,9124,30,9154,146
2020-10-11,Modoc,049,8938,29,27,0,27,0
2020-10-11,Mono,051,14174,174,154,4,158,1
2020-10-11,Monterey,053,433212,10761,10445,46,10491,77
2020-10-11,Napa,055,140530,1881,1811,8,1819,11
2020-10-11,Nevada,057,99092,589,569,18,587,7
2020-10-11,Orange,059,3164182,57953,55202,1617,56819,1326
2020-10-11,Placer,061,380077,3940,3787,14,3801,48
2020-10-11,Plumas,063,18699,52,51,0,51,0
2020-10-11,Riverside,065,2383286,63686,62112,239,62351,1254
2020-10-11,Sacramento,067,1510023,24176,23778,27,23805,466
2020-10-11,San Benito,069,59416,1385,1374,0,1374,13
2020-10-11,San Bernardino,071,2135413,59225,56997,369,57366,1061
2020-10-11,San Diego,073,3302833,52381,50553,1271,51824,826
2020-10-11,San Francisco,075,870044,11825,11659,40,11699,122
2020-10-11,San Joaquin,077,732212,21073,20700,105,20805,480
2020-10-11,San Luis Obispo,079,281455,4123,3874,20,3894,32
2020-10-11,San Mateo,081,765935,10844,10240,10,10250,130
2020-10-11,Santa Barbara,083,443738,9598,9440,84,9524,117
2020-10-11,Santa Clara,085,1922200,23816,22487,49,22536,336
2020-10-11,Santa Cruz,087,273765,2672,2578,33,2611,13
2020-10-11,Shasta,089,179085,1807,1515,17,1532,20
2020-10-11,Sierra,091,2930,6,6,0,6,0
2020-10-11,Siskiyou,093,43540,172,162,10,172,0
2020-10-11,Solano,095,438530,6892,6685,41,6726,53
2020-10-11,Sonoma,097,501317,8740,8319,22,8341,133
2020-10-11,Stanislaus,099,539301,17159,17007,630,17637,360
2020-10-11,Sutter,101,95872,1767,1742,1,1743,12
2020-10-11,Tehama,103,63373,736,702,2,704,3
2020-10-11,Trinity,105,12862,69,19,9,28,0
2020-10-11,Tulare,107,460477,17280,16741,235,16976,286
2020-10-11,Tuolumne,109,53932,248,234,4,238,4
2020-10-11,Ventura,111,848112,14248,13604,282,13886,151
2020-10-11,Yolo,113,214977,3026,2952,6,2958,55
2020-10-11,Yuba,115,75493,1162,1137,5,1142,10
2020-10-10,Alameda,001,1643700,22604,21979,204,22183,398
2020-10-10,Alpine,003,1148,3,3,0,3,0
2020-10-10,Amador,005,37829,307,304,0,304,16
2020-10-10,Butte,007,227075,3074,2962,27,2989,54
2020-10-10,Calaveras,009,45235,321,262,0,262,12
2020-10-10,Colusa,011,21464,540,541,1,542,6
2020-10-10,Contra Costa,013,1133247,18133,17566,89,17655,233
2020-10-10,Del Norte,015,27424,166,161,0,161,2
2020-10-10,El Dorado,017,186661,1303,1240,2,1242,4
2020-10-10,Fresno,019,978130,32176,29286,416,29702,421
2020-10-10,Glenn,021,27897,637,623,0,623,3
2020-10-10,Humboldt,023,135768,535,518,1,519,7
2020-10-10,Imperial,025,180216,12325,11591,47,11638,327
2020-10-10,Inyo,027,18085,210,201,4,205,14
2020-10-10,Kern,029,883053,33015,32338,360,32698,418
2020-10-10,Kings,031,150075,8296,8078,50,8128,80
2020-10-10,Lake,033,64148,667,630,0,630,11
2020-10-10,Lassen,035,31185,762,752,2,754,0
2020-10-10,Los Angeles,037,10098052,284456,279213,2358,281571,6743
2020-10-10,Madera,039,155013,4826,4662,33,4695,50
2020-10-10,Marin,041,260295,6980,6852,18,6870,97
2020-10-10,Mariposa,043,17540,77,76,0,76,2
2020-10-10,Mendocino,045,87422,1002,935,4,939,21
2020-10-10,Merced,047,269075,9257,9105,29,9134,146
2020-10-10,Modoc,049,8938,29,27,0,27,0
2020-10-10,Mono,051,14174,174,154,4,158,1
2020-10-10,Monterey,053,433212,10728,10410,46,10456,75
2020-10-10,Napa,055,140530,1874,1804,8,1812,11
2020-10-10,Nevada,057,99092,586,564,18,582,6
2020-10-10,Orange,059,3164182,57832,54965,1612,56577,1324
2020-10-10,Placer,061,380077,3923,3757,14,3771,48
2020-10-10,Plumas,063,18699,52,51,0,51,0
2020-10-10,Riverside,065,2383286,63482,61845,237,62082,1254
2020-10-10,Sacramento,067,1510023,24109,23689,27,23716,466
2020-10-10,San Benito,069,59416,1383,1370,0,1370,13
2020-10-10,San Bernardino,071,2135413,59064,56683,367,57050,1061
2020-10-10,San Diego,073,3302833,52151,50145,1253,51398,825
2020-10-10,San Francisco,075,870044,11804,11663,40,11703,122
2020-10-10,San Joaquin,077,732212,21045,20700,101,20801,481
2020-10-10,San Luis Obispo,079,281455,4103,3832,20,3852,32
2020-10-10,San Mateo,081,765935,10807,10218,10,10228,130
2020-10-10,Santa Barbara,083,443738,9587,9417,84,9501,116
2020-10-10,Santa Clara,085,1922200,23724,22354,49,22403,330
2020-10-10,Santa Cruz,087,273765,2658,2572,33,2605,13
2020-10-10,Shasta,089,179085,1790,1473,17,1490,20
2020-10-10,Sierra,091,2930,6,6,0,6,0
2020-10-10,Siskiyou,093,43540,172,161,10,171,0
2020-10-10,Solano,095,438530,6866,6655,41,6696,53
2020-10-10,Sonoma,097,501317,8720,8235,22,8257,133
2020-10-10,Stanislaus,099,539301,17124,16960,622,17582,360
2020-10-10,Sutter,101,95872,1764,1735,1,1736,12
2020-10-10,Tehama,103,63373,729,693,2,695,3
2020-10-10,Trinity,105,12862,69,19,9,28,0
2020-10-10,Tulare,107,460477,17245,16709,230,16939,286
2020-10-10,Tuolumne,109,53932,248,233,4,237,4
2020-10-10,Ventura,111,848112,14223,13520,282,13802,151
2020-10-10,Yolo,113,214977,3017,2939,6,2945,55
2020-10-10,Yuba,115,75493,1160,1134,5,1139,10
2020-10-09,Alameda,001,1643700,22556,21924,204,22128,399
2020-10-09,Alpine,003,1148,3,3,0,3,0
2020-10-09,Amador,005,37829,307,303,0,303,16
2020-10-09,Butte,007,227075,3071,2956,27,2983,51
2020-10-09,Calaveras,009,45235,319,262,0,262,11
2020-10-09,Colusa,011,21464,540,541,1,542,6
2020-10-09,Contra Costa,013,1133247,18083,17487,89,17576,229
2020-10-09,Del Norte,015,27424,165,161,0,161,2
2020-10-09,El Dorado,017,186661,1299,1234,2,1236,4
2020-10-09,Fresno,019,978130,32103,29208,414,29622,417
2020-10-09,Glenn,021,27897,632,617,0,617,3
2020-10-09,Humboldt,023,135768,533,516,1,517,7
2020-10-09,Imperial,025,180216,12298,11516,47,11563,330
2020-10-09,Inyo,027,18085,207,200,4,204,14
2020-10-09,Kern,029,883053,32972,32237,358,32595,417
2020-10-09,Kings,031,150075,8289,7993,48,8041,80
2020-10-09,Lake,033,64148,657,610,0,610,11
2020-10-09,Lassen,035,31185,762,751,2,753,0
2020-10-09,Los Angeles,037,10098052,283322,278039,2333,280372,6715
2020-10-09,Madera,039,155013,4816,4646,33,4679,50
2020-10-09,Marin,041,260295,6966,6838,18,6856,96
2020-10-09,Mariposa,043,17540,77,76,0,76,2
2020-10-09,Mendocino,045,87422,992,933,4,937,20
2020-10-09,Merced,047,269075,9243,9095,29,9124,145
2020-10-09,Modoc,049,8938,29,27,0,27,0
2020-10-09,Mono,051,14174,174,154,4,158,1
2020-10-09,Monterey,053,433212,10694,10369,46,10415,75
2020-10-09,Napa,055,140530,1864,1795,8,1803,11
2020-10-09,Nevada,057,99092,581,561,18,579,6
2020-10-09,Orange,059,3164182,57660,54746,1607,56353,1305
2020-10-09,Placer,061,380077,3909,3737,14,3751,48
2020-10-09,Plumas,063,18699,52,50,0,50,0
2020-10-09,Riverside,065,2383286,63246,61529,236,61765,1252
2020-10-09,Sacramento,067,1510023,24039,23606,27,23633,457
2020-10-09,San Benito,069,59416,1378,1367,0,1367,13
2020-10-09,San Bernardino,071,2135413,58824,56434,365,56799,1057
2020-10-09,San Diego,073,3302833,51875,49825,1242,51067,821
2020-10-09,San Francisco,075,870044,11774,11620,40,11660,120
2020-10-09,San Joaquin,077,732212,21015,20648,92,20740,481
2020-10-09,San Luis Obispo,079,281455,4084,3810,20,3830,32
2020-10-09,San Mateo,081,765935,10779,10140,10,10150,130
2020-10-09,Santa Barbara,083,443738,9559,9396,84,9480,116
2020-10-09,Santa Clara,085,1922200,23622,22251,48,22299,328
2020-10-09,Santa Cruz,087,273765,2649,2555,33,2588,13
2020-10-09,Shasta,089,179085,1764,1353,16,1369,20
2020-10-09,Sierra,091,2930,6,6,0,6,0
2020-10-09,Siskiyou,093,43540,170,156,10,166,0
2020-10-09,Solano,095,438530,6827,6614,41,6655,53
2020-10-09,Sonoma,097,501317,8666,8133,22,8155,133
2020-10-09,Stanislaus,099,539301,17100,16904,613,17517,362
2020-10-09,Sutter,101,95872,1760,1732,1,1733,12
2020-10-09,Tehama,103,63373,723,682,2,684,3
2020-10-09,Trinity,105,12862,69,25,9,34,0
2020-10-09,Tulare,107,460477,17205,16644,221,16865,286
2020-10-09,Tuolumne,109,53932,245,230,4,234,4
2020-10-09,Ventura,111,848112,14187,13469,279,13748,151
2020-10-09,Yolo,113,214977,3010,2928,6,2934,55
2020-10-09,Yuba,115,75493,1159,1129,5,1134,10
2020-10-08,Alameda,001,1643700,22475,21826,203,22029,395
2020-10-08,Alpine,003,1148,3,3,0,3,0
2020-10-08,Amador,005,37829,306,302,0,302,16
2020-10-08,Butte,007,227075,3061,2935,27,2962,51
2020-10-08,Calaveras,009,45235,318,262,0,262,11
2020-10-08,Colusa,011,21464,540,539,1,540,6
2020-10-08,Contra Costa,013,1133247,18023,17418,88,17506,228
2020-10-08,Del Norte,015,27424,165,151,0,151,2
2020-10-08,El Dorado,017,186661,1298,1230,2,1232,4
2020-10-08,Fresno,019,978130,31998,29111,414,29525,416
2020-10-08,Glenn,021,27897,629,616,0,616,3
2020-10-08,Humboldt,023,135768,529,515,1,516,7
2020-10-08,Imperial,025,180216,12259,11405,46,11451,330
2020-10-08,Inyo,027,18085,204,199,4,203,14
2020-10-08,Kern,029,883053,32914,32169,353,32522,411
2020-10-08,Kings,031,150075,8283,7968,48,8016,80
2020-10-08,Lake,033,64148,652,604,0,604,11
2020-10-08,Lassen,035,31185,757,751,2,753,0
2020-10-08,Los Angeles,037,10098052,282122,276763,2293,279056,6699
2020-10-08,Madera,039,155013,4797,4637,33,4670,50
2020-10-08,Marin,041,260295,6952,6810,18,6828,96
2020-10-08,Mariposa,043,17540,77,76,0,76,2
2020-10-08,Mendocino,045,87422,987,930,4,934,20
2020-10-08,Merced,047,269075,9223,9069,29,9098,144
2020-10-08,Modoc,049,8938,29,27,0,27,0
2020-10-08,Mono,051,14174,174,153,4,157,1
2020-10-08,Monterey,053,433212,10627,10343,46,10389,75
2020-10-08,Napa,055,140530,1849,1779,8,1787,11
2020-10-08,Nevada,057,99092,578,556,18,574,6
2020-10-08,Orange,059,3164182,57467,54523,1596,56119,1293
2020-10-08,Placer,061,380077,3891,3715,14,3729,48
2020-10-08,Plumas,063,18699,52,50,0,50,0
2020-10-08,Riverside,065,2383286,62977,61105,233,61338,1244
2020-10-08,Sacramento,067,1510023,23931,23482,27,23509,454
2020-10-08,San Benito,069,59416,1373,1367,0,1367,13
2020-10-08,San Bernardino,071,2135413,58458,56152,364,56516,1048
2020-10-08,San Diego,073,3302833,51595,49468,1210,50678,819
2020-10-08,San Francisco,075,870044,11736,11608,40,11648,115
2020-10-08,San Joaquin,077,732212,20963,20576,87,20663,478
2020-10-08,San Luis Obispo,079,281455,4068,3785,20,3805,32
2020-10-08,San Mateo,081,765935,10747,10044,10,10054,130
2020-10-08,Santa Barbara,083,443738,9530,9374,84,9458,116
2020-10-08,Santa Clara,085,1922200,23520,22095,48,22143,323
2020-10-08,Santa Cruz,087,273765,2637,2535,33,2568,13
2020-10-08,Shasta,089,179085,1730,1305,16,1321,20
2020-10-08,Sierra,091,2930,6,6,0,6,0
2020-10-08,Siskiyou,093,43540,170,156,10,166,0
2020-10-08,Solano,095,438530,6803,6556,41,6597,53
2020-10-08,Sonoma,097,501317,8600,8063,22,8085,132
2020-10-08,Stanislaus,099,539301,17054,16821,605,17426,360
2020-10-08,Sutter,101,95872,1760,1725,1,1726,12
2020-10-08,Tehama,103,63373,714,676,2,678,3
2020-10-08,Trinity,105,12862,68,25,9,34,0
2020-10-08,Tulare,107,460477,17144,16573,212,16785,283
2020-10-08,Tuolumne,109,53932,244,230,4,234,4
2020-10-08,Ventura,111,848112,14139,13399,277,13676,151
2020-10-08,Yolo,113,214977,2993,2914,6,2920,55
2020-10-08,Yuba,115,75493,1154,1126,5,1131,10
2020-10-07,Alameda,001,1643700,22398,21736,203,21939,395
2020-10-07,Alpine,003,1148,3,3,0,3,0
2020-10-07,Amador,005,37829,306,302,0,302,16
2020-10-07,Butte,007,227075,3049,2927,27,2954,47
2020-10-07,Calaveras,009,45235,316,262,0,262,11
2020-10-07,Colusa,011,21464,539,539,0,539,6
2020-10-07,Contra Costa,013,1133247,17953,17346,87,17433,225
2020-10-07,Del Norte,015,27424,164,149,0,149,2
2020-10-07,El Dorado,017,186661,1290,1219,2,1221,4
2020-10-07,Fresno,019,978130,31877,29069,409,29478,413
2020-10-07,Glenn,021,27897,629,615,0,615,3
2020-10-07,Humboldt,023,135768,526,512,1,513,7
2020-10-07,Imperial,025,180216,12222,11289,44,11333,330
2020-10-07,Inyo,027,18085,204,199,4,203,14
2020-10-07,Kern,029,883053,32841,32068,352,32420,410
2020-10-07,Kings,031,150075,8268,7948,48,7996,80
2020-10-07,Lake,033,64148,651,599,0,599,11
2020-10-07,Lassen,035,31185,757,751,2,753,0
2020-10-07,Los Angeles,037,10098052,280941,275559,2259,277818,6681
2020-10-07,Madera,039,155013,4777,4618,33,4651,50
2020-10-07,Marin,041,260295,6925,6790,18,6808,95
2020-10-07,Mariposa,043,17540,77,75,0,75,2
2020-10-07,Mendocino,045,87422,981,927,4,931,19
2020-10-07,Merced,047,269075,9186,9045,28,9073,144
2020-10-07,Modoc,049,8938,29,27,0,27,0
2020-10-07,Mono,051,14174,173,153,3,156,1
2020-10-07,Monterey,053,433212,10568,10272,46,10318,75
2020-10-07,Napa,055,140530,1836,1774,8,1782,11
2020-10-07,Nevada,057,99092,574,552,18,570,6
2020-10-07,Orange,059,3164182,57249,54332,1586,55918,1277
2020-10-07,Placer,061,380077,3875,3693,14,3707,48
2020-10-07,Plumas,063,18699,52,50,0,50,0
2020-10-07,Riverside,065,2383286,62630,60857,229,61086,1241
2020-10-07,Sacramento,067,1510023,23834,23380,27,23407,452
2020-10-07,San Benito,069,59416,1370,1363,0,1363,13
2020-10-07,San Bernardino,071,2135413,58109,55738,363,56101,1043
2020-10-07,San Diego,073,3302833,51279,49177,1186,50363,813
2020-10-07,San Francisco,075,870044,11701,11551,40,11591,115
2020-10-07,San Joaquin,077,732212,20911,20527,80,20607,478
2020-10-07,San Luis Obispo,079,281455,4038,3749,20,3769,32
2020-10-07,San Mateo,081,765935,10704,9980,10,9990,130
2020-10-07,Santa Barbara,083,443738,9504,9350,83,9433,116
2020-10-07,Santa Clara,085,1922200,23392,21993,48,22041,320
2020-10-07,Santa Cruz,087,273765,2625,2518,33,2551,14
2020-10-07,Shasta,089,179085,1687,1268,16,1284,20
2020-10-07,Sierra,091,2930,6,6,0,6,0
2020-10-07,Siskiyou,093,43540,168,154,10,164,0
2020-10-07,Solano,095,438530,6768,6526,41,6567,53
2020-10-07,Sonoma,097,501317,8525,7993,21,8014,130
2020-10-07,Stanislaus,099,539301,17019,16786,599,17385,357
2020-10-07,Sutter,101,95872,1756,1723,1,1724,12
2020-10-07,Tehama,103,63373,705,666,2,668,3
2020-10-07,Trinity,105,12862,64,25,8,33,0
2020-10-07,Tulare,107,460477,17101,16483,203,16686,282
2020-10-07,Tuolumne,109,53932,244,227,4,231,3
2020-10-07,Ventura,111,848112,14089,13333,271,13604,150
2020-10-07,Yolo,113,214977,2967,2904,6,2910,55
2020-10-07,Yuba,115,75493,1148,1120,5,1125,10
2020-10-06,Alameda,001,1643700,22307,21698,201,21899,385
2020-10-06,Alpine,003,1148,3,3,0,3,0
2020-10-06,Amador,005,37829,304,301,0,301,16
2020-10-06,Butte,007,227075,3042,2925,27,2952,47
2020-10-06,Calaveras,009,45235,316,261,0,261,11
2020-10-06,Colusa,011,21464,538,538,0,538,6
2020-10-06,Contra Costa,013,1133247,17874,17295,87,17382,219
2020-10-06,Del Norte,015,27424,164,144,0,144,2
2020-10-06,El Dorado,017,186661,1286,1211,2,1213,4
2020-10-06,Fresno,019,978130,31733,29022,406,29428,412
2020-10-06,Glenn,021,27897,626,604,0,604,3
2020-10-06,Humboldt,023,135768,523,508,1,509,7
2020-10-06,Imperial,025,180216,12184,11196,43,11239,327
2020-10-06,Inyo,027,18085,202,198,4,202,14
2020-10-06,Kern,029,883053,32764,32006,350,32356,407
2020-10-06,Kings,031,150075,8252,7943,48,7991,81
2020-10-06,Lake,033,64148,645,596,0,596,11
2020-10-06,Lassen,035,31185,757,743,2,745,0
2020-10-06,Los Angeles,037,10098052,279705,274115,2209,276324,6657
2020-10-06,Madera,039,155013,4765,4608,33,4641,50
2020-10-06,Marin,041,260295,6910,6766,18,6784,91
2020-10-06,Mariposa,043,17540,77,75,0,75,2
2020-10-06,Mendocino,045,87422,974,920,4,924,19
2020-10-06,Merced,047,269075,9150,9034,27,9061,143
2020-10-06,Modoc,049,8938,29,26,0,26,0
2020-10-06,Mono,051,14174,173,153,3,156,1
2020-10-06,Monterey,053,433212,10512,10235,44,10279,72
2020-10-06,Napa,055,140530,1830,1770,8,1778,11
2020-10-06,Nevada,057,99092,571,551,18,569,6
2020-10-06,Orange,059,3164182,57034,54203,1577,55780,1273
2020-10-06,Placer,061,380077,3853,3680,14,3694,48
2020-10-06,Plumas,063,18699,52,49,0,49,0
2020-10-06,Riverside,065,2383286,62365,60593,226,60819,1238
2020-10-06,Sacramento,067,1510023,23747,23322,27,23349,442
2020-10-06,San Benito,069,59416,1369,1358,0,1358,12
2020-10-06,San Bernardino,071,2135413,57792,55416,359,55775,1040
2020-10-06,San Diego,073,3302833,50942,48823,1169,49992,806
2020-10-06,San Francisco,075,870044,11675,11513,39,11552,115
2020-10-06,San Joaquin,077,732212,20871,20481,77,20558,477
2020-10-06,San Luis Obispo,079,281455,4004,3723,20,3743,32
2020-10-06,San Mateo,081,765935,10671,9934,10,9944,129
2020-10-06,Santa Barbara,083,443738,9475,9331,82,9413,116
2020-10-06,Santa Clara,085,1922200,23297,21914,48,21962,320
2020-10-06,Santa Cruz,087,273765,2603,2510,33,2543,12
2020-10-06,Shasta,089,179085,1647,1242,16,1258,18
2020-10-06,Sierra,091,2930,6,6,0,6,0
2020-10-06,Siskiyou,093,43540,168,154,10,164,0
2020-10-06,Solano,095,438530,6722,6506,41,6547,52
2020-10-06,Sonoma,097,501317,8432,7895,21,7916,130
2020-10-06,Stanislaus,099,539301,16974,16759,593,17352,354
2020-10-06,Sutter,101,95872,1754,1722,1,1723,12
2020-10-06,Tehama,103,63373,696,660,2,662,3
2020-10-06,Trinity,105,12862,64,25,8,33,0
2020-10-06,Tulare,107,460477,17059,16456,195,16651,280
2020-10-06,Tuolumne,109,53932,243,227,4,231,2
2020-10-06,Ventura,111,848112,14022,13242,266,13508,150
2020-10-06,Yolo,113,214977,2953,2899,6,2905,56
2020-10-06,Yuba,115,75493,1147,1114,5,1119,10
2020-10-05,Alameda,001,1643700,22219,21637,198,21835,383
2020-10-05,Alpine,003,1148,3,2,0,2,0
2020-10-05,Amador,005,37829,304,299,0,299,16
2020-10-05,Butte,007,227075,3032,2910,27,2937,46
2020-10-05,Calaveras,009,45235,316,259,0,259,11
2020-10-05,Colusa,011,21464,538,537,0,537,6
2020-10-05,Contra Costa,013,1133247,17797,17250,87,17337,216
2020-10-05,Del Norte,015,27424,161,142,0,142,2
2020-10-05,El Dorado,017,186661,1282,1202,2,1204,4
2020-10-05,Fresno,019,978130,31616,29136,406,29542,408
2020-10-05,Glenn,021,27897,624,603,0,603,3
2020-10-05,Humboldt,023,135768,522,506,1,507,6
2020-10-05,Imperial,025,180216,12144,11169,41,11210,327
2020-10-05,Inyo,027,18085,202,197,4,201,14
2020-10-05,Kern,029,883053,32685,31933,346,32279,404
2020-10-05,Kings,031,150075,8155,7932,48,7980,80
2020-10-05,Lake,033,64148,641,592,0,592,10
2020-10-05,Lassen,035,31185,756,743,2,745,0
2020-10-05,Los Angeles,037,10098052,278618,273200,2167,275367,6632
2020-10-05,Madera,039,155013,4757,4598,31,4629,50
2020-10-05,Marin,041,260295,6893,6751,18,6769,91
2020-10-05,Mariposa,043,17540,77,75,0,75,2
2020-10-05,Mendocino,045,87422,966,913,4,917,19
2020-10-05,Merced,047,269075,9131,9021,26,9047,143
2020-10-05,Modoc,049,8938,29,26,0,26,0
2020-10-05,Mono,051,14174,173,152,3,155,1
2020-10-05,Monterey,053,433212,10465,10187,44,10231,72
2020-10-05,Napa,055,140530,1819,1760,8,1768,11
2020-10-05,Nevada,057,99092,568,550,17,567,6
2020-10-05,Orange,059,3164182,56818,54103,1564,55667,1271
2020-10-05,Placer,061,380077,3827,3670,14,3684,46
2020-10-05,Plumas,063,18699,51,49,0,49,0
2020-10-05,Riverside,065,2383286,62045,60454,222,60676,1232
2020-10-05,Sacramento,067,1510023,23643,23207,27,23234,438
2020-10-05,San Benito,069,59416,1366,1356,0,1356,12
2020-10-05,San Bernardino,071,2135413,57483,55100,358,55458,1031
2020-10-05,San Diego,073,3302833,50606,48662,1145,49807,803
2020-10-05,San Francisco,075,870044,11636,11476,36,11512,110
2020-10-05,San Joaquin,077,732212,20800,20319,74,20393,476
2020-10-05,San Luis Obispo,079,281455,3977,3710,20,3730,32
2020-10-05,San Mateo,081,765935,10644,9896,10,9906,128
2020-10-05,Santa Barbara,083,443738,9453,9309,82,9391,116
2020-10-05,Santa Clara,085,1922200,23180,21861,48,21909,319
2020-10-05,Santa Cruz,087,273765,2591,2492,33,2525,9
2020-10-05,Shasta,089,179085,1615,1158,16,1174,18
2020-10-05,Sierra,091,2930,6,6,0,6,0
2020-10-05,Siskiyou,093,43540,168,153,10,163,0
2020-10-05,Solano,095,438530,6683,6475,41,6516,52
2020-10-05,Sonoma,097,501317,8340,7817,21,7838,130
2020-10-05,Stanislaus,099,539301,16939,16730,586,17316,351
2020-10-05,Sutter,101,95872,1746,1719,1,1720,12
2020-10-05,Tehama,103,63373,688,642,2,644,3
2020-10-05,Trinity,105,12862,62,22,8,30,0
2020-10-05,Tulare,107,460477,17000,16343,190,16533,278
2020-10-05,Tuolumne,109,53932,240,226,4,230,2
2020-10-05,Ventura,111,848112,13953,13224,246,13470,149
2020-10-05,Yolo,113,214977,2934,2889,6,2895,56
2020-10-05,Yuba,115,75493,1134,1108,5,1113,9
2020-10-04,Alameda,001,1643700,22123,21597,198,21795,383
2020-10-04,Alpine,003,1148,3,2,0,2,0
2020-10-04,Amador,005,37829,302,297,0,297,16
2020-10-04,Butte,007,227075,3018,2903,27,2930,46
2020-10-04,Calaveras,009,45235,316,259,0,259,11
2020-10-04,Colusa,011,21464,537,537,0,537,6
2020-10-04,Contra Costa,013,1133247,17732,17192,87,17279,214
2020-10-04,Del Norte,015,27424,157,142,0,142,2
2020-10-04,El Dorado,017,186661,1278,1196,2,1198,4
2020-10-04,Fresno,019,978130,31493,29065,406,29471,408
2020-10-04,Glenn,021,27897,622,601,0,601,3
2020-10-04,Humboldt,023,135768,521,506,1,507,6
2020-10-04,Imperial,025,180216,12105,11127,41,11168,327
2020-10-04,Inyo,027,18085,199,195,4,199,14
2020-10-04,Kern,029,883053,32611,31906,343,32249,404
2020-10-04,Kings,031,150075,8140,7919,48,7967,80
2020-10-04,Lake,033,64148,627,589,0,589,10
2020-10-04,Lassen,035,31185,756,743,2,745,0
2020-10-04,Los Angeles,037,10098052,277229,272822,2119,274941,6625
2020-10-04,Madera,039,155013,4741,4587,31,4618,50
2020-10-04,Marin,041,260295,6873,6741,18,6759,91
2020-10-04,Mariposa,043,17540,77,75,0,75,2
2020-10-04,Mendocino,045,87422,953,905,4,909,18
2020-10-04,Merced,047,269075,9106,9006,26,9032,140
2020-10-04,Modoc,049,8938,29,26,0,26,0
2020-10-04,Mono,051,14174,172,152,2,154,1
2020-10-04,Monterey,053,433212,10424,10141,43,10184,72
2020-10-04,Napa,055,140530,1807,1759,8,1767,11
2020-10-04,Nevada,057,99092,564,547,16,563,6
2020-10-04,Orange,059,3164182,56582,53966,1555,55521,1270
2020-10-04,Placer,061,380077,3806,3664,14,3678,46
2020-10-04,Plumas,063,18699,51,49,0,49,0
2020-10-04,Riverside,065,2383286,61759,60251,218,60469,1226
2020-10-04,Sacramento,067,1510023,23530,23162,27,23189,438
2020-10-04,San Benito,069,59416,1366,1355,0,1355,12
2020-10-04,San Bernardino,071,2135413,57036,55100,356,55456,1031
2020-10-04,San Diego,073,3302833,50239,48438,1120,49558,803
2020-10-04,San Francisco,075,870044,11604,11474,34,11508,110
2020-10-04,San Joaquin,077,732212,20723,20320,68,20388,476
2020-10-04,San Luis Obispo,079,281455,3952,3688,20,3708,31
2020-10-04,San Mateo,081,765935,10583,9858,10,9868,128
2020-10-04,Santa Barbara,083,443738,9427,9276,80,9356,116
2020-10-04,Santa Clara,085,1922200,23043,21780,48,21828,316
2020-10-04,Santa Cruz,087,273765,2575,2483,33,2516,9
2020-10-04,Shasta,089,179085,1517,1158,15,1173,18
2020-10-04,Sierra,091,2930,6,6,0,6,0
2020-10-04,Siskiyou,093,43540,168,153,10,163,0
2020-10-04,Solano,095,438530,6632,6445,41,6486,52
2020-10-04,Sonoma,097,501317,8252,7794,21,7815,129
2020-10-04,Stanislaus,099,539301,16889,16711,577,17288,351
2020-10-04,Sutter,101,95872,1742,1711,1,1712,11
2020-10-04,Tehama,103,63373,673,637,2,639,3
2020-10-04,Trinity,105,12862,61,21,8,29,0
2020-10-04,Tulare,107,460477,16923,16343,178,16521,278
2020-10-04,Tuolumne,109,53932,238,226,4,230,2
2020-10-04,Ventura,111,848112,13871,13197,229,13426,149
2020-10-04,Yolo,113,214977,2923,2875,6,2881,56
2020-10-04,Yuba,115,75493,1130,1103,5,1108,9
2020-10-03,Alameda,001,1643700,22077,21510,197,21707,386
2020-10-03,Alpine,003,1148,3,2,0,2,0
2020-10-03,Amador,005,37829,301,296,0,296,16
2020-10-03,Butte,007,227075,3012,2894,27,2921,46
2020-10-03,Calaveras,009,45235,316,259,0,259,11
2020-10-03,Colusa,011,21464,536,537,0,537,6
2020-10-03,Contra Costa,013,1133247,17682,17087,85,17172,213
2020-10-03,Del Norte,015,27424,153,142,0,142,2
2020-10-03,El Dorado,017,186661,1271,1188,2,1190,4
2020-10-03,Fresno,019,978130,31433,28975,405,29380,408
2020-10-03,Glenn,021,27897,620,601,0,601,3
2020-10-03,Humboldt,023,135768,520,504,1,505,6
2020-10-03,Imperial,025,180216,12082,11090,41,11131,327
2020-10-03,Inyo,027,18085,199,194,4,198,14
2020-10-03,Kern,029,883053,32561,31864,340,32204,403
2020-10-03,Kings,031,150075,8136,7887,48,7935,80
2020-10-03,Lake,033,64148,617,588,0,588,10
2020-10-03,Lassen,035,31185,756,743,2,745,0
2020-10-03,Los Angeles,037,10098052,276524,271869,2090,273959,6620
2020-10-03,Madera,039,155013,4724,4565,31,4596,50
2020-10-03,Marin,041,260295,6867,6728,18,6746,91
2020-10-03,Mariposa,043,17540,77,75,0,75,2
2020-10-03,Mendocino,045,87422,951,898,4,902,18
2020-10-03,Merced,047,269075,9093,8986,26,9012,139
2020-10-03,Modoc,049,8938,29,26,0,26,0
2020-10-03,Mono,051,14174,171,152,2,154,1
2020-10-03,Monterey,053,433212,10390,10092,40,10132,72
2020-10-03,Napa,055,140530,1803,1752,8,1760,11
2020-10-03,Nevada,057,99092,563,544,16,560,6
2020-10-03,Orange,059,3164182,56465,53573,1550,55123,1268
2020-10-03,Placer,061,380077,3795,3648,14,3662,47
2020-10-03,Plumas,063,18699,51,48,0,48,0
2020-10-03,Riverside,065,2383286,61607,59991,216,60207,1226
2020-10-03,Sacramento,067,1510023,23479,23076,27,23103,437
2020-10-03,San Benito,069,59416,1366,1351,0,1351,12
2020-10-03,San Bernardino,071,2135413,56863,55004,353,55357,1031
2020-10-03,San Diego,073,3302833,50008,48202,1103,49305,798
2020-10-03,San Francisco,075,870044,11579,11475,32,11507,110
2020-10-03,San Joaquin,077,732212,20697,20322,68,20390,476
2020-10-03,San Luis Obispo,079,281455,3928,3670,20,3690,31
2020-10-03,San Mateo,081,765935,10557,9822,9,9831,128
2020-10-03,Santa Barbara,083,443738,9414,9256,80,9336,116
2020-10-03,Santa Clara,085,1922200,22963,21672,48,21720,309
2020-10-03,Santa Cruz,087,273765,2567,2476,33,2509,9
2020-10-03,Shasta,089,179085,1489,1117,14,1131,18
2020-10-03,Sierra,091,2930,6,6,0,6,0
2020-10-03,Siskiyou,093,43540,168,152,10,162,0
2020-10-03,Solano,095,438530,6606,6419,41,6460,52
2020-10-03,Sonoma,097,501317,8209,7747,21,7768,129
2020-10-03,Stanislaus,099,539301,16856,16645,573,17218,351
2020-10-03,Sutter,101,95872,1738,1705,1,1706,11
2020-10-03,Tehama,103,63373,667,630,2,632,3
2020-10-03,Trinity,105,12862,61,15,8,23,0
2020-10-03,Tulare,107,460477,16879,16322,174,16496,278
2020-10-03,Tuolumne,109,53932,237,224,4,228,2
2020-10-03,Ventura,111,848112,13832,13150,225,13375,148
2020-10-03,Yolo,113,214977,2916,2863,6,2869,56
2020-10-03,Yuba,115,75493,1122,1097,5,1102,8
2020-10-02,Alameda,001,1643700,22022,21404,196,21600,382
2020-10-02,Alpine,003,1148,3,2,0,2,0
2020-10-02,Amador,005,37829,300,296,0,296,16
2020-10-02,Butte,007,227075,3002,2879,27,2906,46
2020-10-02,Calaveras,009,45235,315,259,0,259,11
2020-10-02,Colusa,011,21464,535,537,0,537,6
2020-10-02,Contra Costa,013,1133247,17639,17002,84,17086,213
2020-10-02,Del Norte,015,27424,152,141,0,141,2
2020-10-02,El Dorado,017,186661,1264,1168,2,1170,4
2020-10-02,Fresno,019,978130,31350,28855,405,29260,403
2020-10-02,Glenn,021,27897,615,594,0,594,3
2020-10-02,Humboldt,023,135768,519,503,1,504,6
2020-10-02,Imperial,025,180216,12060,11024,41,11065,327
2020-10-02,Inyo,027,18085,197,191,4,195,14
2020-10-02,Kern,029,883053,32509,31790,338,32128,399
2020-10-02,Kings,031,150075,8127,7716,48,7764,79
2020-10-02,Lake,033,64148,611,579,0,579,10
2020-10-02,Lassen,035,31185,756,742,2,744,0
2020-10-02,Los Angeles,037,10098052,275623,270935,2062,272997,6602
2020-10-02,Madera,039,155013,4715,4537,31,4568,49
2020-10-02,Marin,041,260295,6850,6717,18,6735,91
2020-10-02,Mariposa,043,17540,77,75,0,75,2
2020-10-02,Mendocino,045,87422,946,883,4,887,18
2020-10-02,Merced,047,269075,9083,8961,26,8987,139
2020-10-02,Modoc,049,8938,29,26,0,26,0
2020-10-02,Mono,051,14174,171,150,2,152,1
2020-10-02,Monterey,053,433212,10356,9997,40,10037,71
2020-10-02,Napa,055,140530,1797,1737,8,1745,11
2020-10-02,Nevada,057,99092,560,543,16,559,6
2020-10-02,Orange,059,3164182,56334,53299,1543,54842,1262
2020-10-02,Placer,061,380077,3775,3612,14,3626,46
2020-10-02,Plumas,063,18699,51,48,0,48,0
2020-10-02,Riverside,065,2383286,61386,59673,213,59886,1223
2020-10-02,Sacramento,067,1510023,23414,22818,27,22845,436
2020-10-02,San Benito,069,59416,1362,1347,0,1347,12
2020-10-02,San Bernardino,071,2135413,56675,54613,353,54966,1028
2020-10-02,San Diego,073,3302833,49755,47793,1088,48881,794
2020-10-02,San Francisco,075,870044,11556,11398,32,11430,110
2020-10-02,San Joaquin,077,732212,20663,20235,67,20302,474
2020-10-02,San Luis Obispo,079,281455,3905,3654,20,3674,31
2020-10-02,San Mateo,081,765935,10516,9745,9,9754,128
2020-10-02,Santa Barbara,083,443738,9391,9234,80,9314,116
2020-10-02,Santa Clara,085,1922200,22877,21545,47,21592,305
2020-10-02,Santa Cruz,087,273765,2550,2463,33,2496,9
2020-10-02,Shasta,089,179085,1454,1046,14,1060,18
2020-10-02,Sierra,091,2930,6,6,0,6,0
2020-10-02,Siskiyou,093,43540,168,151,10,161,0
2020-10-02,Solano,095,438530,6576,6385,41,6426,52
2020-10-02,Sonoma,097,501317,8152,7662,21,7683,125
2020-10-02,Stanislaus,099,539301,16815,16609,564,17173,349
2020-10-02,Sutter,101,95872,1737,1693,1,1694,11
2020-10-02,Tehama,103,63373,662,619,2,621,3
2020-10-02,Trinity,105,12862,61,15,8,23,0
2020-10-02,Tulare,107,460477,16838,16245,167,16412,278
2020-10-02,Tuolumne,109,53932,235,225,4,229,2
2020-10-02,Ventura,111,848112,13793,13120,221,13341,146
2020-10-02,Yolo,113,214977,2911,2845,6,2851,55
2020-10-02,Yuba,115,75493,1120,1090,5,1095,8
2020-10-01,Alameda,001,1643700,21961,21349,192,21541,383
2020-10-01,Alpine,003,1148,3,2,0,2,0
2020-10-01,Amador,005,37829,300,294,0,294,16
2020-10-01,Butte,007,227075,2994,2865,27,2892,45
2020-10-01,Calaveras,009,45235,315,257,0,257,11
2020-10-01,Colusa,011,21464,535,536,0,536,6
2020-10-01,Contra Costa,013,1133247,17576,16898,84,16982,211
2020-10-01,Del Norte,015,27424,147,140,0,140,2
2020-10-01,El Dorado,017,186661,1260,1162,1,1163,4
2020-10-01,Fresno,019,978130,31269,28796,403,29199,397
2020-10-01,Glenn,021,27897,611,593,0,593,3
2020-10-01,Humboldt,023,135768,519,499,1,500,6
2020-10-01,Imperial,025,180216,12017,10928,38,10966,325
2020-10-01,Inyo,027,18085,197,191,4,195,14
2020-10-01,Kern,029,883053,32446,31678,333,32011,399
2020-10-01,Kings,031,150075,8116,7688,45,7733,79
2020-10-01,Lake,033,64148,605,572,0,572,11
2020-10-01,Lassen,035,31185,753,742,2,744,0
2020-10-01,Los Angeles,037,10098052,274581,271513,2028,273541,6621
2020-10-01,Madera,039,155013,4692,4508,31,4539,48
2020-10-01,Marin,041,260295,6836,6710,18,6728,92
2020-10-01,Mariposa,043,17540,77,76,0,76,2
2020-10-01,Mendocino,045,87422,941,874,4,878,19
2020-10-01,Merced,047,269075,9055,8942,26,8968,138
2020-10-01,Modoc,049,8938,29,26,0,26,0
2020-10-01,Mono,051,14174,169,150,2,152,1
2020-10-01,Monterey,053,433212,10280,9958,40,9998,71
2020-10-01,Napa,055,140530,1789,1729,8,1737,11
2020-10-01,Nevada,057,99092,559,543,16,559,6
2020-10-01,Orange,059,3164182,56169,53088,1530,54618,1257
2020-10-01,Placer,061,380077,3748,3599,14,3613,45
2020-10-01,Plumas,063,18699,51,48,0,48,0
2020-10-01,Riverside,065,2383286,61134,59293,207,59500,1223
2020-10-01,Sacramento,067,1510023,23302,22714,26,22740,433
2020-10-01,San Benito,069,59416,1360,1346,0,1346,12
2020-10-01,San Bernardino,071,2135413,56381,54350,350,54700,1021
2020-10-01,San Diego,073,3302833,49473,47487,1068,48555,792
2020-10-01,San Francisco,075,870044,11525,11284,30,11314,110
2020-10-01,San Joaquin,077,732212,20616,20204,64,20268,471
2020-10-01,San Luis Obispo,079,281455,3878,3625,20,3645,31
2020-10-01,San Mateo,081,765935,10471,9681,9,9690,128
2020-10-01,Santa Barbara,083,443738,9350,9215,80,9295,118
2020-10-01,Santa Clara,085,1922200,22776,21398,47,21445,305
2020-10-01,Santa Cruz,087,273765,2535,2418,33,2451,10
2020-10-01,Shasta,089,179085,1403,991,14,1005,18
2020-10-01,Sierra,091,2930,6,6,0,6,0
2020-10-01,Siskiyou,093,43540,165,150,10,160,0
2020-10-01,Solano,095,438530,6538,6352,41,6393,52
2020-10-01,Sonoma,097,501317,8085,7569,21,7590,125
2020-10-01,Stanislaus,099,539301,16782,16555,558,17113,346
2020-10-01,Sutter,101,95872,1732,1684,1,1685,11
2020-10-01,Tehama,103,63373,652,606,2,608,3
2020-10-01,Trinity,105,12862,61,15,8,23,0
2020-10-01,Tulare,107,460477,16763,16182,164,16346,275
2020-10-01,Tuolumne,109,53932,235,223,4,227,2
2020-10-01,Ventura,111,848112,13741,13057,207,13264,146
2020-10-01,Yolo,113,214977,2893,2833,6,2839,55
2020-10-01,Yuba,115,75493,1116,1082,5,1087,8
2020-09-30,Alameda,001,1643700,21882,21271,189,21460,380
2020-09-30,Alpine,003,1148,3,2,0,2,0
2020-09-30,Amador,005,37829,300,294,0,294,16
2020-09-30,Butte,007,227075,2986,2858,27,2885,44
2020-09-30,Calaveras,009,45235,314,258,0,258,11
2020-09-30,Colusa,011,21464,534,534,0,534,6
2020-09-30,Contra Costa,013,1133247,17508,16819,84,16903,211
2020-09-30,Del Norte,015,27424,146,140,0,140,2
2020-09-30,El Dorado,017,186661,1248,1157,1,1158,4
2020-09-30,Fresno,019,978130,31178,28706,400,29106,395
2020-09-30,Glenn,021,27897,606,592,0,592,3
2020-09-30,Humboldt,023,135768,517,497,1,498,6
2020-09-30,Imperial,025,180216,11992,10868,37,10905,287
2020-09-30,Inyo,027,18085,196,189,4,193,14
2020-09-30,Kern,029,883053,32371,31601,332,31933,398
2020-09-30,Kings,031,150075,8087,7685,45,7730,79
2020-09-30,Lake,033,64148,599,567,0,567,10
2020-09-30,Lassen,035,31185,750,742,2,744,0
2020-09-30,Los Angeles,037,10098052,273356,270260,1995,272255,6568
2020-09-30,Madera,039,155013,4683,4477,31,4508,47
2020-09-30,Marin,041,260295,6812,6700,17,6717,91
2020-09-30,Mariposa,043,17540,77,76,0,76,2
2020-09-30,Mendocino,045,87422,935,867,4,871,17
2020-09-30,Merced,047,269075,9035,8926,26,8952,136
2020-09-30,Modoc,049,8938,29,26,0,26,0
2020-09-30,Mono,051,14174,169,150,2,152,1
2020-09-30,Monterey,053,433212,10230,9898,39,9937,70
2020-09-30,Napa,055,140530,1775,1728,8,1736,11
2020-09-30,Nevada,057,99092,557,540,16,556,6
2020-09-30,Orange,059,3164182,55978,52916,1514,54430,1251
2020-09-30,Placer,061,380077,3727,3585,14,3599,43
2020-09-30,Plumas,063,18699,51,48,0,48,0
2020-09-30,Riverside,065,2383286,60779,59074,203,59277,1220
2020-09-30,Sacramento,067,1510023,23198,22613,26,22639,429
2020-09-30,San Benito,069,59416,1357,1342,0,1342,12
2020-09-30,San Bernardino,071,2135413,56100,53988,348,54336,1018
2020-09-30,San Diego,073,3302833,49169,47182,1047,48229,783
2020-09-30,San Francisco,075,870044,11495,11247,30,11277,106
2020-09-30,San Joaquin,077,732212,20533,20150,62,20212,461
2020-09-30,San Luis Obispo,079,281455,3853,3597,20,3617,31
2020-09-30,San Mateo,081,765935,10429,9634,9,9643,128
2020-09-30,Santa Barbara,083,443738,9324,9186,80,9266,115
2020-09-30,Santa Clara,085,1922200,22671,21318,47,21365,302
2020-09-30,Santa Cruz,087,273765,2522,2405,33,2438,10
2020-09-30,Shasta,089,179085,1347,976,13,989,17
2020-09-30,Sierra,091,2930,6,6,0,6,0
2020-09-30,Siskiyou,093,43540,163,150,10,160,0
2020-09-30,Solano,095,438530,6496,6315,41,6356,51
2020-09-30,Sonoma,097,501317,7996,7494,21,7515,125
2020-09-30,Stanislaus,099,539301,16735,16531,552,17083,343
2020-09-30,Sutter,101,95872,1716,1680,1,1681,10
2020-09-30,Tehama,103,63373,646,594,2,596,3
2020-09-30,Trinity,105,12862,58,15,8,23,0
2020-09-30,Tulare,107,460477,16697,16117,157,16274,274
2020-09-30,Tuolumne,109,53932,233,224,4,228,2
2020-09-30,Ventura,111,848112,13706,12968,191,13159,145
2020-09-30,Yolo,113,214977,2880,2822,6,2828,55
2020-09-30,Yuba,115,75493,1113,1075,5,1080,8
2020-09-29,Alameda,001,1643700,21805,21241,185,21426,374
2020-09-29,Alpine,003,1148,3,2,0,2,0
2020-09-29,Amador,005,37829,298,294,0,294,16
2020-09-29,Butte,007,227075,2972,2848,27,2875,44
2020-09-29,Calaveras,009,45235,312,261,0,261,11
2020-09-29,Colusa,011,21464,534,534,0,534,6
2020-09-29,Contra Costa,013,1133247,17453,16716,82,16798,209
2020-09-29,Del Norte,015,27424,142,142,0,142,2
2020-09-29,El Dorado,017,186661,1239,1151,1,1152,4
2020-09-29,Fresno,019,978130,31083,28621,399,29020,394
2020-09-29,Glenn,021,27897,602,589,0,589,3
2020-09-29,Humboldt,023,135768,515,497,1,498,6
2020-09-29,Imperial,025,180216,11958,10811,37,10848,283
2020-09-29,Inyo,027,18085,195,188,4,192,14
2020-09-29,Kern,029,883053,32316,31534,331,31865,397
2020-09-29,Kings,031,150075,8031,7681,45,7726,78
2020-09-29,Lake,033,64148,597,566,0,566,11
2020-09-29,Lassen,035,31185,750,741,2,743,0
2020-09-29,Los Angeles,037,10098052,272141,269246,1966,271212,6545
2020-09-29,Madera,039,155013,4659,4453,31,4484,47
2020-09-29,Marin,041,260295,6791,6692,17,6709,91
2020-09-29,Mariposa,043,17540,77,74,0,74,2
2020-09-29,Mendocino,045,87422,925,854,4,858,17
2020-09-29,Merced,047,269075,9022,8892,24,8916,136
2020-09-29,Modoc,049,8938,29,26,0,26,0
2020-09-29,Mono,051,14174,169,149,2,151,1
2020-09-29,Monterey,053,433212,10175,9826,37,9863,70
2020-09-29,Napa,055,140530,1772,1727,8,1735,11
2020-09-29,Nevada,057,99092,552,539,16,555,6
2020-09-29,Orange,059,3164182,55792,52755,1503,54258,1231
2020-09-29,Placer,061,380077,3705,3570,14,3584,42
2020-09-29,Plumas,063,18699,51,48,0,48,0
2020-09-29,Riverside,065,2383286,60449,58863,196,59059,1208
2020-09-29,Sacramento,067,1510023,23077,22547,26,22573,425
2020-09-29,San Benito,069,59416,1352,1341,0,1341,12
2020-09-29,San Bernardino,071,2135413,55790,53753,347,54100,1012
2020-09-29,San Diego,073,3302833,48892,46987,1024,48011,781
2020-09-29,San Francisco,075,870044,11459,11142,30,11172,104
2020-09-29,San Joaquin,077,732212,20467,20094,60,20154,454
2020-09-29,San Luis Obispo,079,281455,3831,3581,20,3601,31
2020-09-29,San Mateo,081,765935,10382,9619,9,9628,127
2020-09-29,Santa Barbara,083,443738,9304,9149,79,9228,114
2020-09-29,Santa Clara,085,1922200,22535,21233,46,21279,302
2020-09-29,Santa Cruz,087,273765,2507,2383,32,2415,10
2020-09-29,Shasta,089,179085,1286,943,13,956,17
2020-09-29,Sierra,091,2930,6,6,0,6,0
2020-09-29,Siskiyou,093,43540,157,150,10,160,0
2020-09-29,Solano,095,438530,6462,6303,41,6344,51
2020-09-29,Sonoma,097,501317,7924,7426,21,7447,125
2020-09-29,Stanislaus,099,539301,16705,16505,546,17051,341
2020-09-29,Sutter,101,95872,1710,1677,1,1678,10
2020-09-29,Tehama,103,63373,628,585,2,587,2
2020-09-29,Trinity,105,12862,56,16,8,24,0
2020-09-29,Tulare,107,460477,16633,16055,150,16205,270
2020-09-29,Tuolumne,109,53932,233,224,4,228,2
2020-09-29,Ventura,111,848112,13649,12875,188,13063,145
2020-09-29,Yolo,113,214977,2867,2818,6,2824,55
2020-09-29,Yuba,115,75493,1111,1071,5,1076,8
2020-09-28,Alameda,001,1643700,21718,21133,185,21318,370
2020-09-28,Alpine,003,1148,3,2,0,2,0
2020-09-28,Amador,005,37829,296,294,0,294,16
2020-09-28,Butte,007,227075,2957,2837,27,2864,44
2020-09-28,Calaveras,009,45235,312,257,0,257,11
2020-09-28,Colusa,011,21464,533,531,0,531,6
2020-09-28,Contra Costa,013,1133247,17388,16653,82,16735,195
2020-09-28,Del Norte,015,27424,142,138,0,138,2
2020-09-28,El Dorado,017,186661,1232,1144,1,1145,4
2020-09-28,Fresno,019,978130,31001,28517,391,28908,389
2020-09-28,Glenn,021,27897,600,585,0,585,3
2020-09-28,Humboldt,023,135768,509,495,1,496,6
2020-09-28,Imperial,025,180216,11923,10777,37,10814,283
2020-09-28,Inyo,027,18085,194,188,4,192,14
2020-09-28,Kern,029,883053,32251,31481,327,31808,395
2020-09-28,Kings,031,150075,7890,7661,43,7704,78
2020-09-28,Lake,033,64148,593,559,0,559,10
2020-09-28,Lassen,035,31185,749,737,2,739,0
2020-09-28,Los Angeles,037,10098052,271035,268404,1936,270340,6508
2020-09-28,Madera,039,155013,4638,4438,31,4469,47
2020-09-28,Marin,041,260295,6775,6676,17,6693,91
2020-09-28,Mariposa,043,17540,77,74,0,74,2
2020-09-28,Mendocino,045,87422,910,850,4,854,17
2020-09-28,Merced,047,269075,8994,8869,24,8893,136
2020-09-28,Modoc,049,8938,29,26,0,26,0
2020-09-28,Mono,051,14174,169,148,2,150,1
2020-09-28,Monterey,053,433212,10110,9780,35,9815,69
2020-09-28,Napa,055,140530,1760,1705,8,1713,11
2020-09-28,Nevada,057,99092,544,538,16,554,6
2020-09-28,Orange,059,3164182,55586,52633,1494,54127,1196
2020-09-28,Placer,061,380077,3684,3572,14,3586,42
2020-09-28,Plumas,063,18699,50,48,0,48,0
2020-09-28,Riverside,065,2383286,60151,58570,186,58756,1198
2020-09-28,Sacramento,067,1510023,22930,22392,26,22418,423
2020-09-28,San Benito,069,59416,1349,1336,0,1336,11
2020-09-28,San Bernardino,071,2135413,55441,53501,347,53848,988
2020-09-28,San Diego,073,3302833,48574,46736,1004,47740,776
2020-09-28,San Francisco,075,870044,11425,11114,30,11144,100
2020-09-28,San Joaquin,077,732212,20418,19982,59,20041,448
2020-09-28,San Luis Obispo,079,281455,3810,3567,20,3587,31
2020-09-28,San Mateo,081,765935,10331,9582,9,9591,127
2020-09-28,Santa Barbara,083,443738,9286,9121,79,9200,114
2020-09-28,Santa Clara,085,1922200,22418,21180,46,21226,271
2020-09-28,Santa Cruz,087,273765,2497,2359,32,2391,9
2020-09-28,Shasta,089,179085,1232,883,10,893,17
2020-09-28,Sierra,091,2930,6,6,0,6,0
2020-09-28,Siskiyou,093,43540,157,149,10,159,0
2020-09-28,Solano,095,438530,6426,6254,41,6295,51
2020-09-28,Sonoma,097,501317,7848,7369,21,7390,125
2020-09-28,Stanislaus,099,539301,16665,16467,539,17006,336
2020-09-28,Sutter,101,95872,1703,1676,1,1677,10
2020-09-28,Tehama,103,63373,620,579,2,581,2
2020-09-28,Trinity,105,12862,56,16,8,24,0
2020-09-28,Tulare,107,460477,16580,15918,145,16063,270
2020-09-28,Tuolumne,109,53932,233,225,4,229,2
2020-09-28,Ventura,111,848112,13571,12812,181,12993,139
2020-09-28,Yolo,113,214977,2850,2809,6,2815,55
2020-09-28,Yuba,115,75493,1108,1062,5,1067,7
2020-09-27,Alameda,001,1643700,21637,21077,181,21258,370
2020-09-27,Alpine,003,1148,3,2,0,2,0
2020-09-27,Amador,005,37829,296,291,0,291,16
2020-09-27,Butte,007,227075,2945,2833,27,2860,44
2020-09-27,Calaveras,009,45235,311,257,0,257,11
2020-09-27,Colusa,011,21464,532,531,0,531,6
2020-09-27,Contra Costa,013,1133247,17286,16596,81,16677,195
2020-09-27,Del Norte,015,27424,142,138,0,138,2
2020-09-27,El Dorado,017,186661,1217,1130,1,1131,4
2020-09-27,Fresno,019,978130,30895,28441,391,28832,389
2020-09-27,Glenn,021,27897,596,576,0,576,3
2020-09-27,Humboldt,023,135768,507,492,1,493,6
2020-09-27,Imperial,025,180216,11889,10743,36,10779,283
2020-09-27,Inyo,027,18085,192,188,4,192,14
2020-09-27,Kern,029,883053,32132,31462,324,31786,395
2020-09-27,Kings,031,150075,7870,7641,43,7684,78
2020-09-27,Lake,033,64148,589,555,0,555,10
2020-09-27,Lassen,035,31185,749,737,2,739,0
2020-09-27,Los Angeles,037,10098052,269859,267754,1915,269669,6507
2020-09-27,Madera,039,155013,4609,4416,31,4447,47
2020-09-27,Marin,041,260295,6765,6663,17,6680,91
2020-09-27,Mariposa,043,17540,77,74,0,74,2
2020-09-27,Mendocino,045,87422,904,846,4,850,17
2020-09-27,Merced,047,269075,8960,8853,24,8877,136
2020-09-27,Modoc,049,8938,29,26,0,26,0
2020-09-27,Mono,051,14174,169,148,2,150,1
2020-09-27,Monterey,053,433212,10050,9724,34,9758,69
2020-09-27,Napa,055,140530,1755,1690,8,1698,11
2020-09-27,Nevada,057,99092,543,537,16,553,6
2020-09-27,Orange,059,3164182,55311,52458,1485,53943,1195
2020-09-27,Placer,061,380077,3671,3562,14,3576,42
2020-09-27,Plumas,063,18699,50,48,0,48,0
2020-09-27,Riverside,065,2383286,59855,58509,178,58687,1191
2020-09-27,Sacramento,067,1510023,22832,22356,26,22382,422
2020-09-27,San Benito,069,59416,1349,1331,0,1331,11
2020-09-27,San Bernardino,071,2135413,55005,53127,347,53474,988
2020-09-27,San Diego,073,3302833,48230,46612,987,47599,776
2020-09-27,San Francisco,075,870044,11373,11114,30,11144,100
2020-09-27,San Joaquin,077,732212,20358,19981,59,20040,448
2020-09-27,San Luis Obispo,079,281455,3789,3562,20,3582,31
2020-09-27,San Mateo,081,765935,10263,9566,9,9575,127
2020-09-27,Santa Barbara,083,443738,9265,9090,78,9168,114
2020-09-27,Santa Clara,085,1922200,22309,21091,46,21137,271
2020-09-27,Santa Cruz,087,273765,2475,2359,32,2391,9
2020-09-27,Shasta,089,179085,1189,883,9,892,17
2020-09-27,Sierra,091,2930,6,6,0,6,0
2020-09-27,Siskiyou,093,43540,156,149,10,159,0
2020-09-27,Solano,095,438530,6391,6211,41,6252,51
2020-09-27,Sonoma,097,501317,7767,7336,21,7357,124
2020-09-27,Stanislaus,099,539301,16614,16448,533,16981,336
2020-09-27,Sutter,101,95872,1696,1672,1,1673,10
2020-09-27,Tehama,103,63373,603,573,2,575,2
2020-09-27,Trinity,105,12862,56,16,8,24,0
2020-09-27,Tulare,107,460477,16502,15918,136,16054,270
2020-09-27,Tuolumne,109,53932,232,224,4,228,2
2020-09-27,Ventura,111,848112,13482,12775,172,12947,139
2020-09-27,Yolo,113,214977,2836,2796,6,2802,55
2020-09-27,Yuba,115,75493,1098,1059,5,1064,7
2020-09-26,Alameda,001,1643700,21579,21019,180,21199,370
2020-09-26,Alpine,003,1148,3,2,0,2,0
2020-09-26,Amador,005,37829,295,291,0,291,16
2020-09-26,Butte,007,227075,2937,2827,27,2854,44
2020-09-26,Calaveras,009,45235,311,257,0,257,11
2020-09-26,Colusa,011,21464,532,529,0,529,6
2020-09-26,Contra Costa,013,1133247,17243,16508,81,16589,194
2020-09-26,Del Norte,015,27424,142,138,0,138,2
2020-09-26,El Dorado,017,186661,1212,1127,1,1128,4
2020-09-26,Fresno,019,978130,30828,28336,391,28727,389
2020-09-26,Glenn,021,27897,596,576,0,576,3
2020-09-26,Humboldt,023,135768,507,491,1,492,6
2020-09-26,Imperial,025,180216,11872,10721,36,10757,283
2020-09-26,Inyo,027,18085,191,187,4,191,14
2020-09-26,Kern,029,883053,32081,31410,324,31734,394
2020-09-26,Kings,031,150075,7858,7537,43,7580,78
2020-09-26,Lake,033,64148,586,549,0,549,10
2020-09-26,Lassen,035,31185,749,737,2,739,0
2020-09-26,Los Angeles,037,10098052,269225,266931,1900,268831,6497
2020-09-26,Madera,039,155013,4593,4410,31,4441,47
2020-09-26,Marin,041,260295,6752,6641,17,6658,91
2020-09-26,Mariposa,043,17540,76,74,0,74,2
2020-09-26,Mendocino,045,87422,899,836,4,840,17
2020-09-26,Merced,047,269075,8948,8841,23,8864,136
2020-09-26,Modoc,049,8938,29,26,0,26,0
2020-09-26,Mono,051,14174,169,148,2,150,1
2020-09-26,Monterey,053,433212,10023,9651,34,9685,68
2020-09-26,Napa,055,140530,1753,1681,8,1689,11
2020-09-26,Nevada,057,99092,543,534,16,550,6
2020-09-26,Orange,059,3164182,55171,52203,1479,53682,1194
2020-09-26,Placer,061,380077,3658,3551,14,3565,42
2020-09-26,Plumas,063,18699,49,48,0,48,0
2020-09-26,Riverside,065,2383286,59720,58076,176,58252,1190
2020-09-26,Sacramento,067,1510023,22776,22269,26,22295,421
2020-09-26,San Benito,069,59416,1347,1325,0,1325,11
2020-09-26,San Bernardino,071,2135413,54872,53122,347,53469,988
2020-09-26,San Diego,073,3302833,48025,46333,973,47306,775
2020-09-26,San Francisco,075,870044,11345,11113,30,11143,100
2020-09-26,San Joaquin,077,732212,20323,19982,57,20039,449
2020-09-26,San Luis Obispo,079,281455,3773,3546,20,3566,31
2020-09-26,San Mateo,081,765935,10229,9509,9,9518,127
2020-09-26,Santa Barbara,083,443738,9254,9061,78,9139,114
2020-09-26,Santa Clara,085,1922200,22238,20967,45,21012,270
2020-09-26,Santa Cruz,087,273765,2467,2336,32,2368,9
2020-09-26,Shasta,089,179085,1139,856,8,864,17
2020-09-26,Sierra,091,2930,6,6,0,6,0
2020-09-26,Siskiyou,093,43540,155,149,10,159,0
2020-09-26,Solano,095,438530,6372,6209,41,6250,51
2020-09-26,Sonoma,097,501317,7742,7285,20,7305,124
2020-09-26,Stanislaus,099,539301,16589,16421,524,16945,336
2020-09-26,Sutter,101,95872,1691,1662,1,1663,10
2020-09-26,Tehama,103,63373,591,560,2,562,2
2020-09-26,Trinity,105,12862,54,16,8,24,0
2020-09-26,Tulare,107,460477,16476,15881,134,16015,270
2020-09-26,Tuolumne,109,53932,232,223,4,227,2
2020-09-26,Ventura,111,848112,13447,12729,171,12900,137
2020-09-26,Yolo,113,214977,2834,2789,6,2795,55
2020-09-26,Yuba,115,75493,1094,1056,5,1061,7
2020-09-25,Alameda,001,1643700,21525,20911,180,21091,367
2020-09-25,Alpine,003,1148,3,2,0,2,0
2020-09-25,Amador,005,37829,295,289,0,289,16
2020-09-25,Butte,007,227075,2932,2819,27,2846,43
2020-09-25,Calaveras,009,45235,311,257,0,257,11
2020-09-25,Colusa,011,21464,532,528,0,528,6
2020-09-25,Contra Costa,013,1133247,17184,16401,81,16482,194
2020-09-25,Del Norte,015,27424,142,138,0,138,2
2020-09-25,El Dorado,017,186661,1208,1104,1,1105,4
2020-09-25,Fresno,019,978130,30768,28199,390,28589,385
2020-09-25,Glenn,021,27897,594,570,0,570,3
2020-09-25,Humboldt,023,135768,506,489,1,490,5
2020-09-25,Imperial,025,180216,11854,10681,36,10717,283
2020-09-25,Inyo,027,18085,189,187,4,191,14
2020-09-25,Kern,029,883053,32028,31333,322,31655,393
2020-09-25,Kings,031,150075,7853,7450,43,7493,77
2020-09-25,Lake,033,64148,585,539,0,539,9
2020-09-25,Lassen,035,31185,749,737,2,739,0
2020-09-25,Los Angeles,037,10098052,268436,265713,1886,267599,6483
2020-09-25,Madera,039,155013,4574,4369,31,4400,48
2020-09-25,Marin,041,260295,6749,6622,17,6639,90
2020-09-25,Mariposa,043,17540,76,74,0,74,2
2020-09-25,Mendocino,045,87422,884,819,3,822,17
2020-09-25,Merced,047,269075,8932,8830,23,8853,135
2020-09-25,Modoc,049,8938,29,26,0,26,0
2020-09-25,Mono,051,14174,169,149,2,151,1
2020-09-25,Monterey,053,433212,9971,9581,34,9615,68
2020-09-25,Napa,055,140530,1751,1669,8,1677,11
2020-09-25,Nevada,057,99092,541,529,16,545,6
2020-09-25,Orange,059,3164182,55044,52031,1471,53502,1184
2020-09-25,Placer,061,380077,3647,3527,14,3541,41
2020-09-25,Plumas,063,18699,49,48,0,48,0
2020-09-25,Riverside,065,2383286,59544,57783,171,57954,1183
2020-09-25,Sacramento,067,1510023,22699,22132,26,22158,418
2020-09-25,San Benito,069,59416,1346,1318,0,1318,11
2020-09-25,San Bernardino,071,2135413,54718,52814,347,53161,987
2020-09-25,San Diego,073,3302833,47823,46003,957,46960,775
2020-09-25,San Francisco,075,870044,11311,11066,29,11095,100
2020-09-25,San Joaquin,077,732212,20271,19909,57,19966,449
2020-09-25,San Luis Obispo,079,281455,3761,3512,20,3532,31
2020-09-25,San Mateo,081,765935,10193,9447,9,9456,127
2020-09-25,Santa Barbara,083,443738,9230,9026,78,9104,114
2020-09-25,Santa Clara,085,1922200,22174,20812,44,20856,265
2020-09-25,Santa Cruz,087,273765,2455,2309,31,2340,9
2020-09-25,Shasta,089,179085,1105,806,8,814,16
2020-09-25,Sierra,091,2930,6,6,0,6,0
2020-09-25,Siskiyou,093,43540,155,149,10,159,0
2020-09-25,Solano,095,438530,6356,6179,41,6220,50
2020-09-25,Sonoma,097,501317,7702,7202,20,7222,124
2020-09-25,Stanislaus,099,539301,16571,16381,522,16903,326
2020-09-25,Sutter,101,95872,1688,1655,1,1656,10
2020-09-25,Tehama,103,63373,583,546,2,548,2
2020-09-25,Trinity,105,12862,54,15,8,23,0
2020-09-25,Tulare,107,460477,16436,15815,132,15947,267
2020-09-25,Tuolumne,109,53932,232,223,4,227,2
2020-09-25,Ventura,111,848112,13404,12664,168,12832,137
2020-09-25,Yolo,113,214977,2826,2784,6,2790,55
2020-09-25,Yuba,115,75493,1089,1049,5,1054,5
2020-09-24,Alameda,001,1643700,21450,20838,177,21015,364
2020-09-24,Alpine,003,1148,3,2,0,2,0
2020-09-24,Amador,005,37829,295,288,0,288,16
2020-09-24,Butte,007,227075,2921,2803,27,2830,43
2020-09-24,Calaveras,009,45235,311,258,0,258,11
2020-09-24,Colusa,011,21464,532,523,0,523,6
2020-09-24,Contra Costa,013,1133247,17102,16252,81,16333,192
2020-09-24,Del Norte,015,27424,138,137,0,137,2
2020-09-24,El Dorado,017,186661,1199,1093,1,1094,4
2020-09-24,Fresno,019,978130,30662,28106,386,28492,375
2020-09-24,Glenn,021,27897,590,567,0,567,3
2020-09-24,Humboldt,023,135768,503,482,1,483,5
2020-09-24,Imperial,025,180216,11830,10622,35,10657,283
2020-09-24,Inyo,027,18085,189,187,4,191,13
2020-09-24,Kern,029,883053,31965,31273,320,31593,388
2020-09-24,Kings,031,150075,7837,7428,43,7471,76
2020-09-24,Lake,033,64148,576,531,0,531,9
2020-09-24,Lassen,035,31185,748,737,2,739,0
2020-09-24,Los Angeles,037,10098052,267394,264374,1868,266242,6452
2020-09-24,Madera,039,155013,4555,4344,31,4375,48
2020-09-24,Marin,041,260295,6721,6588,17,6605,85
2020-09-24,Mariposa,043,17540,76,74,0,74,2
2020-09-24,Mendocino,045,87422,880,810,3,813,17
2020-09-24,Merced,047,269075,8903,8813,22,8835,135
2020-09-24,Modoc,049,8938,29,24,0,24,0
2020-09-24,Mono,051,14174,169,149,2,151,1
2020-09-24,Monterey,053,433212,9905,9544,31,9575,67
2020-09-24,Napa,055,140530,1739,1661,8,1669,11
2020-09-24,Nevada,057,99092,540,527,16,543,6
2020-09-24,Orange,059,3164182,54836,51749,1453,53202,1164
2020-09-24,Placer,061,380077,3632,3514,14,3528,41
2020-09-24,Plumas,063,18699,49,48,0,48,0
2020-09-24,Riverside,065,2383286,59278,57491,165,57656,1172
2020-09-24,Sacramento,067,1510023,22573,21985,25,22010,417
2020-09-24,San Benito,069,59416,1344,1308,0,1308,11
2020-09-24,San Bernardino,071,2135413,54382,52455,346,52801,988
2020-09-24,San Diego,073,3302833,47554,45598,942,46540,773
2020-09-24,San Francisco,075,870044,11264,10992,29,11021,99
2020-09-24,San Joaquin,077,732212,20233,19851,55,19906,444
2020-09-24,San Luis Obispo,079,281455,3745,3480,20,3500,31
2020-09-24,San Mateo,081,765935,10145,9376,9,9385,127
2020-09-24,Santa Barbara,083,443738,9178,8988,77,9065,114
2020-09-24,Santa Clara,085,1922200,22086,20689,44,20733,262
2020-09-24,Santa Cruz,087,273765,2435,2300,29,2329,9
2020-09-24,Shasta,089,179085,1068,773,5,778,14
2020-09-24,Sierra,091,2930,6,6,0,6,0
2020-09-24,Siskiyou,093,43540,155,149,10,159,0
2020-09-24,Solano,095,438530,6323,6137,41,6178,49
2020-09-24,Sonoma,097,501317,7621,7163,20,7183,122
2020-09-24,Stanislaus,099,539301,16534,16326,517,16843,326
2020-09-24,Sutter,101,95872,1685,1646,1,1647,10
2020-09-24,Tehama,103,63373,580,540,2,542,2
2020-09-24,Trinity,105,12862,54,15,8,23,0
2020-09-24,Tulare,107,460477,16371,15754,131,15885,267
2020-09-24,Tuolumne,109,53932,232,224,4,228,2
2020-09-24,Ventura,111,848112,13322,12617,167,12784,138
2020-09-24,Yolo,113,214977,2819,2776,6,2782,55
2020-09-24,Yuba,115,75493,1084,1042,5,1047,5
2020-09-23,Alameda,001,1643700,21382,20718,175,20893,361
2020-09-23,Alpine,003,1148,3,2,0,2,0
2020-09-23,Amador,005,37829,294,288,0,288,16
2020-09-23,Butte,007,227075,2913,2790,27,2817,43
2020-09-23,Calaveras,009,45235,310,258,0,258,11
2020-09-23,Colusa,011,21464,531,521,0,521,6
2020-09-23,Contra Costa,013,1133247,17039,16167,80,16247,192
2020-09-23,Del Norte,015,27424,136,137,0,137,2
2020-09-23,El Dorado,017,186661,1185,1088,1,1089,4
2020-09-23,Fresno,019,978130,30567,28019,384,28403,371
2020-09-23,Glenn,021,27897,583,561,0,561,3
2020-09-23,Humboldt,023,135768,499,477,1,478,5
2020-09-23,Imperial,025,180216,11804,10587,34,10621,284
2020-09-23,Inyo,027,18085,188,177,4,181,13
2020-09-23,Kern,029,883053,31921,31172,318,31490,387
2020-09-23,Kings,031,150075,7815,7406,43,7449,76
2020-09-23,Lake,033,64148,571,519,0,519,9
2020-09-23,Lassen,035,31185,748,736,2,738,0
2020-09-23,Los Angeles,037,10098052,266376,263318,1839,265157,6421
2020-09-23,Madera,039,155013,4540,4311,31,4342,48
2020-09-23,Marin,041,260295,6702,6567,17,6584,85
2020-09-23,Mariposa,043,17540,76,74,0,74,2
2020-09-23,Mendocino,045,87422,879,801,2,803,17
2020-09-23,Merced,047,269075,8882,8785,20,8805,134
2020-09-23,Modoc,049,8938,29,24,0,24,0
2020-09-23,Mono,051,14174,169,149,2,151,1
2020-09-23,Monterey,053,433212,9836,9452,30,9482,67
2020-09-23,Napa,055,140530,1730,1653,8,1661,11
2020-09-23,Nevada,057,99092,539,523,16,539,6
2020-09-23,Orange,059,3164182,54609,51658,1445,53103,1155
2020-09-23,Placer,061,380077,3620,3506,14,3520,41
2020-09-23,Plumas,063,18699,49,48,0,48,0
2020-09-23,Riverside,065,2383286,58972,57257,162,57419,1165
2020-09-23,Sacramento,067,1510023,22496,21821,25,21846,415
2020-09-23,San Benito,069,59416,1338,1305,0,1305,10
2020-09-23,San Bernardino,071,2135413,54088,52132,344,52476,973
2020-09-23,San Diego,073,3302833,47278,45427,923,46350,767
2020-09-23,San Francisco,075,870044,11215,10926,29,10955,95
2020-09-23,San Joaquin,077,732212,20180,19785,55,19840,439
2020-09-23,San Luis Obispo,079,281455,3727,3447,20,3467,31
2020-09-23,San Mateo,081,765935,10105,9351,9,9360,127
2020-09-23,Santa Barbara,083,443738,9149,8952,77,9029,112
2020-09-23,Santa Clara,085,1922200,21975,20575,41,20616,260
2020-09-23,Santa Cruz,087,273765,2416,2283,29,2312,9
2020-09-23,Shasta,089,179085,1029,756,4,760,14
2020-09-23,Sierra,091,2930,6,6,0,6,0
2020-09-23,Siskiyou,093,43540,155,149,10,159,0
2020-09-23,Solano,095,438530,6298,6123,41,6164,50
2020-09-23,Sonoma,097,501317,7545,7091,20,7111,122
2020-09-23,Stanislaus,099,539301,16504,16271,514,16785,317
2020-09-23,Sutter,101,95872,1681,1646,1,1647,10
2020-09-23,Tehama,103,63373,574,533,2,535,2
2020-09-23,Trinity,105,12862,53,15,8,23,0
2020-09-23,Tulare,107,460477,16306,15664,130,15794,266
2020-09-23,Tuolumne,109,53932,232,223,4,227,2
2020-09-23,Ventura,111,848112,13266,12591,164,12755,137
2020-09-23,Yolo,113,214977,2801,2766,6,2772,55
2020-09-23,Yuba,115,75493,1082,1038,5,1043,5
2020-09-22,Alameda,001,1643700,21302,20607,173,20780,355
2020-09-22,Alpine,003,1148,2,2,0,2,0
2020-09-22,Amador,005,37829,293,287,0,287,16
2020-09-22,Butte,007,227075,2908,2776,27,2803,43
2020-09-22,Calaveras,009,45235,310,258,0,258,11
2020-09-22,Colusa,011,21464,529,518,0,518,6
2020-09-22,Contra Costa,013,1133247,16949,16090,80,16170,190
2020-09-22,Del Norte,015,27424,136,137,0,137,2
2020-09-22,El Dorado,017,186661,1166,1076,1,1077,4
2020-09-22,Fresno,019,978130,30472,27944,381,28325,369
2020-09-22,Glenn,021,27897,580,560,0,560,3
2020-09-22,Humboldt,023,135768,498,476,1,477,5
2020-09-22,Imperial,025,180216,11775,10529,34,10563,284
2020-09-22,Inyo,027,18085,188,177,4,181,13
2020-09-22,Kern,029,883053,31853,31110,311,31421,383
2020-09-22,Kings,031,150075,7758,7395,42,7437,76
2020-09-22,Lake,033,64148,563,516,0,516,9
2020-09-22,Lassen,035,31185,747,736,2,738,0
2020-09-22,Los Angeles,037,10098052,265311,262117,1813,263930,6394
2020-09-22,Madera,039,155013,4524,4303,31,4334,47
2020-09-22,Marin,041,260295,6688,6561,17,6578,84
2020-09-22,Mariposa,043,17540,76,74,0,74,2
2020-09-22,Mendocino,045,87422,859,794,1,795,18
2020-09-22,Merced,047,269075,8852,8769,20,8789,132
2020-09-22,Modoc,049,8938,29,24,0,24,0
2020-09-22,Mono,051,14174,168,149,2,151,1
2020-09-22,Monterey,053,433212,9778,9393,30,9423,67
2020-09-22,Napa,055,140530,1713,1652,8,1660,11
2020-09-22,Nevada,057,99092,539,523,16,539,6
2020-09-22,Orange,059,3164182,54359,51528,1437,52965,1132
2020-09-22,Placer,061,380077,3608,3492,14,3506,40
2020-09-22,Plumas,063,18699,49,48,0,48,0
2020-09-22,Riverside,065,2383286,58488,57066,158,57224,1162
2020-09-22,Sacramento,067,1510023,22376,21745,25,21770,410
2020-09-22,San Benito,069,59416,1333,1305,0,1305,10
2020-09-22,San Bernardino,071,2135413,53814,51899,344,52243,971
2020-09-22,San Diego,073,3302833,46971,45149,904,46053,765
2020-09-22,San Francisco,075,870044,11171,10893,28,10921,95
2020-09-22,San Joaquin,077,732212,20133,19755,54,19809,426
2020-09-22,San Luis Obispo,079,281455,3705,3420,20,3440,31
2020-09-22,San Mateo,081,765935,10067,9291,9,9300,127
2020-09-22,Santa Barbara,083,443738,9119,8927,76,9003,111
2020-09-22,Santa Clara,085,1922200,21856,20514,41,20555,253
2020-09-22,Santa Cruz,087,273765,2393,2264,29,2293,8
2020-09-22,Shasta,089,179085,994,723,4,727,14
2020-09-22,Sierra,091,2930,6,6,0,6,0
2020-09-22,Siskiyou,093,43540,155,149,10,159,0
2020-09-22,Solano,095,438530,6267,6107,41,6148,48
2020-09-22,Sonoma,097,501317,7466,7068,19,7087,117
2020-09-22,Stanislaus,099,539301,16481,16231,507,16738,316
2020-09-22,Sutter,101,95872,1675,1638,1,1639,10
2020-09-22,Tehama,103,63373,566,529,2,531,2
2020-09-22,Trinity,105,12862,53,15,8,23,0
2020-09-22,Tulare,107,460477,16239,15616,126,15742,263
2020-09-22,Tuolumne,109,53932,231,224,4,228,1
2020-09-22,Ventura,111,848112,13214,12507,160,12667,136
2020-09-22,Yolo,113,214977,2794,2763,6,2769,54
2020-09-22,Yuba,115,75493,1073,1035,5,1040,5
2020-09-21,Alameda,001,1643700,21223,20501,172,20673,343
2020-09-21,Alpine,003,1148,2,2,0,2,0
2020-09-21,Amador,005,37829,291,286,0,286,16
2020-09-21,Butte,007,227075,2894,2769,27,2796,41
2020-09-21,Calaveras,009,45235,308,256,0,256,10
2020-09-21,Colusa,011,21464,528,517,0,517,6
2020-09-21,Contra Costa,013,1133247,16862,16008,80,16088,189
2020-09-21,Del Norte,015,27424,136,132,0,132,2
2020-09-21,El Dorado,017,186661,1157,1074,1,1075,4
2020-09-21,Fresno,019,978130,30370,27843,374,28217,362
2020-09-21,Glenn,021,27897,576,556,0,556,3
2020-09-21,Humboldt,023,135768,494,473,1,474,5
2020-09-21,Imperial,025,180216,11744,10521,33,10554,284
2020-09-21,Inyo,027,18085,187,177,4,181,12
2020-09-21,Kern,029,883053,31781,31031,309,31340,379
2020-09-21,Kings,031,150075,7645,7297,41,7338,76
2020-09-21,Lake,033,64148,558,508,0,508,8
2020-09-21,Lassen,035,31185,745,735,2,737,0
2020-09-21,Los Angeles,037,10098052,264224,261418,1768,263186,6360
2020-09-21,Madera,039,155013,4513,4275,30,4305,47
2020-09-21,Marin,041,260295,6677,6538,16,6554,84
2020-09-21,Mariposa,043,17540,75,74,0,74,2
2020-09-21,Mendocino,045,87422,844,778,0,778,18
2020-09-21,Merced,047,269075,8833,8749,18,8767,128
2020-09-21,Modoc,049,8938,29,22,0,22,0
2020-09-21,Mono,051,14174,168,147,2,149,1
2020-09-21,Monterey,053,433212,9714,9331,27,9358,66
2020-09-21,Napa,055,140530,1702,1641,8,1649,11
2020-09-21,Nevada,057,99092,537,515,16,531,6
2020-09-21,Orange,059,3164182,54137,51363,1430,52793,1110
2020-09-21,Placer,061,380077,3598,3473,14,3487,40
2020-09-21,Plumas,063,18699,49,47,0,47,0
2020-09-21,Riverside,065,2383286,58216,57001,151,57152,1153
2020-09-21,Sacramento,067,1510023,22195,21568,25,21593,404
2020-09-21,San Benito,069,59416,1331,1298,0,1298,10
2020-09-21,San Bernardino,071,2135413,53528,51654,344,51998,970
2020-09-21,San Diego,073,3302833,46687,44927,883,45810,760
2020-09-21,San Francisco,075,870044,11123,10743,28,10771,95
2020-09-21,San Joaquin,077,732212,20075,19579,54,19633,423
2020-09-21,San Luis Obispo,079,281455,3679,3406,20,3426,27
2020-09-21,San Mateo,081,765935,10015,9239,9,9248,127
2020-09-21,Santa Barbara,083,443738,9091,8911,76,8987,110
2020-09-21,Santa Clara,085,1922200,21755,20432,41,20473,252
2020-09-21,Santa Cruz,087,273765,2376,2257,27,2284,8
2020-09-21,Shasta,089,179085,944,696,4,700,14
2020-09-21,Sierra,091,2930,6,6,0,6,0
2020-09-21,Siskiyou,093,43540,155,146,10,156,0
2020-09-21,Solano,095,438530,6243,6019,41,6060,46
2020-09-21,Sonoma,097,501317,7390,7017,19,7036,117
2020-09-21,Stanislaus,099,539301,16451,16186,507,16693,310
2020-09-21,Sutter,101,95872,1668,1634,1,1635,10
2020-09-21,Tehama,103,63373,547,513,2,515,2
2020-09-21,Trinity,105,12862,53,15,8,23,0
2020-09-21,Tulare,107,460477,16165,15528,117,15645,260
2020-09-21,Tuolumne,109,53932,231,221,4,225,1
2020-09-21,Ventura,111,848112,13130,12477,154,12631,133
2020-09-21,Yolo,113,214977,2788,2752,6,2758,54
2020-09-21,Yuba,115,75493,1069,1033,5,1038,1
2020-09-20,Alameda,001,1643700,21123,20425,169,20594,343
2020-09-20,Alpine,003,1148,2,2,0,2,0
2020-09-20,Amador,005,37829,290,286,0,286,16
2020-09-20,Butte,007,227075,2882,2764,27,2791,39
2020-09-20,Calaveras,009,45235,304,256,0,256,10
2020-09-20,Colusa,011,21464,526,510,0,510,6
2020-09-20,Contra Costa,013,1133247,16728,15917,79,15996,189
2020-09-20,Del Norte,015,27424,134,132,0,132,2
2020-09-20,El Dorado,017,186661,1142,1073,1,1074,4
2020-09-20,Fresno,019,978130,30256,27769,369,28138,362
2020-09-20,Glenn,021,27897,572,550,0,550,3
2020-09-20,Humboldt,023,135768,494,472,1,473,5
2020-09-20,Imperial,025,180216,11717,10496,31,10527,284
2020-09-20,Inyo,027,18085,187,177,4,181,12
2020-09-20,Kern,029,883053,31698,30992,306,31298,379
2020-09-20,Kings,031,150075,7598,7159,40,7199,76
2020-09-20,Lake,033,64148,546,492,0,492,8
2020-09-20,Lassen,035,31185,745,735,2,737,0
2020-09-20,Los Angeles,037,10098052,262995,260770,1742,262512,6347
2020-09-20,Madera,039,155013,4493,4257,30,4287,47
2020-09-20,Marin,041,260295,6651,6533,16,6549,83
2020-09-20,Mariposa,043,17540,75,74,0,74,2
2020-09-20,Mendocino,045,87422,832,765,0,765,18
2020-09-20,Merced,047,269075,8806,8745,18,8763,128
2020-09-20,Modoc,049,8938,27,22,0,22,0
2020-09-20,Mono,051,14174,167,147,2,149,1
2020-09-20,Monterey,053,433212,9636,9312,27,9339,65
2020-09-20,Napa,055,140530,1693,1626,8,1634,11
2020-09-20,Nevada,057,99092,534,511,16,527,6
2020-09-20,Orange,059,3164182,53896,51233,1420,52653,1110
2020-09-20,Placer,061,380077,3583,3452,14,3466,40
2020-09-20,Plumas,063,18699,49,47,0,47,0
2020-09-20,Riverside,065,2383286,58015,56783,145,56928,1147
2020-09-20,Sacramento,067,1510023,22008,21394,24,21418,401
2020-09-20,San Benito,069,59416,1320,1291,0,1291,9
2020-09-20,San Bernardino,071,2135413,53207,51559,342,51901,970
2020-09-20,San Diego,073,3302833,46314,44579,854,45433,760
2020-09-20,San Francisco,075,870044,11069,10743,28,10771,95
2020-09-20,San Joaquin,077,732212,20010,19578,47,19625,423
2020-09-20,San Luis Obispo,079,281455,3651,3393,20,3413,27
2020-09-20,San Mateo,081,765935,9948,9198,9,9207,127
2020-09-20,Santa Barbara,083,443738,9055,8880,75,8955,110
2020-09-20,Santa Clara,085,1922200,21634,20330,40,20370,252
2020-09-20,Santa Cruz,087,273765,2356,2199,27,2226,8
2020-09-20,Shasta,089,179085,903,696,3,699,14
2020-09-20,Sierra,091,2930,6,6,0,6,0
2020-09-20,Siskiyou,093,43540,155,146,10,156,0
2020-09-20,Solano,095,438530,6199,6020,41,6061,46
2020-09-20,Sonoma,097,501317,7286,6954,19,6973,117
2020-09-20,Stanislaus,099,539301,16420,16159,500,16659,310
2020-09-20,Sutter,101,95872,1662,1624,1,1625,10
2020-09-20,Tehama,103,63373,534,509,2,511,2
2020-09-20,Trinity,105,12862,53,15,8,23,0
2020-09-20,Tulare,107,460477,16079,15528,111,15639,260
2020-09-20,Tuolumne,109,53932,231,221,4,225,1
2020-09-20,Ventura,111,848112,13064,12406,150,12556,133
2020-09-20,Yolo,113,214977,2780,2745,6,2751,54
2020-09-20,Yuba,115,75493,1062,1029,5,1034,1
2020-09-19,Alameda,001,1643700,21072,20349,166,20515,343
2020-09-19,Alpine,003,1148,2,2,0,2,0
2020-09-19,Amador,005,37829,290,285,0,285,16
2020-09-19,Butte,007,227075,2876,2748,27,2775,38
2020-09-19,Calaveras,009,45235,304,256,0,256,10
2020-09-19,Colusa,011,21464,526,507,0,507,6
2020-09-19,Contra Costa,013,1133247,16665,15783,79,15862,186
2020-09-19,Del Norte,015,27424,133,132,0,132,2
2020-09-19,El Dorado,017,186661,1136,1068,0,1068,4
2020-09-19,Fresno,019,978130,30183,27668,369,28037,362
2020-09-19,Glenn,021,27897,569,547,0,547,3
2020-09-19,Humboldt,023,135768,493,471,1,472,5
2020-09-19,Imperial,025,180216,11702,10496,31,10527,284
2020-09-19,Inyo,027,18085,187,177,4,181,12
2020-09-19,Kern,029,883053,31644,30886,303,31189,379
2020-09-19,Kings,031,150075,7592,7130,40,7170,76
2020-09-19,Lake,033,64148,546,465,0,465,8
2020-09-19,Lassen,035,31185,745,731,2,733,0
2020-09-19,Los Angeles,037,10098052,262369,259801,1728,261529,6325
2020-09-19,Madera,039,155013,4470,4237,30,4267,47
2020-09-19,Marin,041,260295,6644,6513,15,6528,81
2020-09-19,Mariposa,043,17540,75,74,0,74,2
2020-09-19,Mendocino,045,87422,829,750,0,750,18
2020-09-19,Merced,047,269075,8795,8717,17,8734,128
2020-09-19,Modoc,049,8938,27,22,0,22,0
2020-09-19,Mono,051,14174,167,147,2,149,1
2020-09-19,Monterey,053,433212,9594,9237,27,9264,65
2020-09-19,Napa,055,140530,1685,1614,8,1622,11
2020-09-19,Nevada,057,99092,532,505,16,521,6
2020-09-19,Orange,059,3164182,53767,50999,1413,52412,1105
2020-09-19,Placer,061,380077,3574,3412,14,3426,40
2020-09-19,Plumas,063,18699,49,47,0,47,0
2020-09-19,Riverside,065,2383286,57888,56562,144,56706,1147
2020-09-19,Sacramento,067,1510023,21954,21297,24,21321,396
2020-09-19,San Benito,069,59416,1316,1276,0,1276,9
2020-09-19,San Bernardino,071,2135413,53051,51353,339,51692,971
2020-09-19,San Diego,073,3302833,46086,44295,831,45126,773
2020-09-19,San Francisco,075,870044,11036,10741,28,10769,95
2020-09-19,San Joaquin,077,732212,19973,19580,47,19627,424
2020-09-19,San Luis Obispo,079,281455,3630,3369,20,3389,27
2020-09-19,San Mateo,081,765935,9917,9158,9,9167,127
2020-09-19,Santa Barbara,083,443738,9035,8862,75,8937,106
2020-09-19,Santa Clara,085,1922200,21545,20170,40,20210,251
2020-09-19,Santa Cruz,087,273765,2342,2198,26,2224,8
2020-09-19,Shasta,089,179085,876,687,3,690,14
2020-09-19,Sierra,091,2930,6,6,0,6,0
2020-09-19,Siskiyou,093,43540,155,146,10,156,0
2020-09-19,Solano,095,438530,6183,5998,41,6039,46
2020-09-19,Sonoma,097,501317,7253,6905,19,6924,117
2020-09-19,Stanislaus,099,539301,16380,16109,493,16602,313
2020-09-19,Sutter,101,95872,1661,1602,1,1603,10
2020-09-19,Tehama,103,63373,529,498,2,500,2
2020-09-19,Trinity,105,12862,53,15,8,23,0
2020-09-19,Tulare,107,460477,16030,15485,108,15593,260
2020-09-19,Tuolumne,109,53932,231,217,4,221,1
2020-09-19,Ventura,111,848112,13032,12328,150,12478,133
2020-09-19,Yolo,113,214977,2772,2739,6,2745,54
2020-09-19,Yuba,115,75493,1055,1023,5,1028,1
2020-09-18,Alameda,001,1643700,21007,20222,160,20382,341
2020-09-18,Alpine,003,1148,2,2,0,2,0
2020-09-18,Amador,005,37829,290,285,0,285,16
2020-09-18,Butte,007,227075,2874,2738,27,2765,37
2020-09-18,Calaveras,009,45235,304,255,0,255,9
2020-09-18,Colusa,011,21464,526,504,0,504,6
2020-09-18,Contra Costa,013,1133247,16580,15667,79,15746,185
2020-09-18,Del Norte,015,27424,133,131,0,131,2
2020-09-18,El Dorado,017,186661,1123,1063,0,1063,4
2020-09-18,Fresno,019,978130,30118,27560,369,27929,359
2020-09-18,Glenn,021,27897,566,541,0,541,3
2020-09-18,Humboldt,023,135768,490,470,1,471,5
2020-09-18,Imperial,025,180216,11687,10460,31,10491,283
2020-09-18,Inyo,027,18085,187,177,4,181,12
2020-09-18,Kern,029,883053,31586,30742,300,31042,373
2020-09-18,Kings,031,150075,7582,7062,40,7102,74
2020-09-18,Lake,033,64148,540,458,0,458,8
2020-09-18,Lassen,035,31185,744,731,2,733,0
2020-09-18,Los Angeles,037,10098052,261608,258488,1710,260198,6324
2020-09-18,Madera,039,155013,4458,4211,30,4241,45
2020-09-18,Marin,041,260295,6629,6475,15,6490,81
2020-09-18,Mariposa,043,17540,75,74,0,74,2
2020-09-18,Mendocino,045,87422,821,739,0,739,18
2020-09-18,Merced,047,269075,8783,8691,16,8707,127
2020-09-18,Modoc,049,8938,27,22,0,22,0
2020-09-18,Mono,051,14174,165,147,2,149,1
2020-09-18,Monterey,053,433212,9552,9183,27,9210,64
2020-09-18,Napa,055,140530,1679,1604,8,1612,11
2020-09-18,Nevada,057,99092,529,504,16,520,6
2020-09-18,Orange,059,3164182,53620,50733,1401,52134,1107
2020-09-18,Placer,061,380077,3563,3389,14,3403,40
2020-09-18,Plumas,063,18699,49,45,0,45,0
2020-09-18,Riverside,065,2383286,57766,56248,140,56388,1143
2020-09-18,Sacramento,067,1510023,21871,21105,24,21129,391
2020-09-18,San Benito,069,59416,1308,1257,0,1257,8
2020-09-18,San Bernardino,071,2135413,52906,51106,336,51442,970
2020-09-18,San Diego,073,3302833,45836,44009,826,44835,757
2020-09-18,San Francisco,075,870044,10998,10644,27,10671,95
2020-09-18,San Joaquin,077,732212,19929,19531,46,19577,423
2020-09-18,San Luis Obispo,079,281455,3606,3328,20,3348,27
2020-09-18,San Mateo,081,765935,9877,9062,9,9071,127
2020-09-18,Santa Barbara,083,443738,9014,8824,75,8899,107
2020-09-18,Santa Clara,085,1922200,21447,20058,40,20098,252
2020-09-18,Santa Cruz,087,273765,2321,2180,25,2205,8
2020-09-18,Shasta,089,179085,841,668,3,671,14
2020-09-18,Sierra,091,2930,6,6,0,6,0
2020-09-18,Siskiyou,093,43540,154,146,10,156,0
2020-09-18,Solano,095,438530,6167,5961,41,6002,46
2020-09-18,Sonoma,097,501317,7205,6856,19,6875,114
2020-09-18,Stanislaus,099,539301,16352,16042,487,16529,277
2020-09-18,Sutter,101,95872,1653,1586,1,1587,10
2020-09-18,Tehama,103,63373,529,490,2,492,2
2020-09-18,Trinity,105,12862,53,15,7,22,0
2020-09-18,Tulare,107,460477,15997,15435,104,15539,259
2020-09-18,Tuolumne,109,53932,230,216,4,220,1
2020-09-18,Ventura,111,848112,12971,12236,146,12382,133
2020-09-18,Yolo,113,214977,2766,2732,6,2738,54
2020-09-18,Yuba,115,75493,1051,1020,5,1025,1
2020-09-17,Alameda,001,1643700,20908,20146,160,20306,339
2020-09-17,Alpine,003,1148,2,2,0,2,0
2020-09-17,Amador,005,37829,288,284,0,284,16
2020-09-17,Butte,007,227075,2856,2720,27,2747,38
2020-09-17,Calaveras,009,45235,304,254,0,254,9
2020-09-17,Colusa,011,21464,524,499,0,499,6
2020-09-17,Contra Costa,013,1133247,16490,15576,79,15655,184
2020-09-17,Del Norte,015,27424,133,131,0,131,2
2020-09-17,El Dorado,017,186661,1114,1057,0,1057,4
2020-09-17,Fresno,019,978130,30008,27487,364,27851,355
2020-09-17,Glenn,021,27897,565,541,0,541,3
2020-09-17,Humboldt,023,135768,484,466,1,467,5
2020-09-17,Imperial,025,180216,11670,10436,31,10467,281
2020-09-17,Inyo,027,18085,187,176,4,180,12
2020-09-17,Kern,029,883053,31525,30627,293,30920,372
2020-09-17,Kings,031,150075,7511,7015,40,7055,72
2020-09-17,Lake,033,64148,530,433,0,433,8
2020-09-17,Lassen,035,31185,742,731,2,733,0
2020-09-17,Los Angeles,037,10098052,260666,257246,1695,258941,6318
2020-09-17,Madera,039,155013,4424,4152,30,4182,45
2020-09-17,Marin,041,260295,6608,6457,15,6472,81
2020-09-17,Mariposa,043,17540,75,74,0,74,2
2020-09-17,Mendocino,045,87422,810,737,0,737,18
2020-09-17,Merced,047,269075,8764,8671,16,8687,119
2020-09-17,Modoc,049,8938,27,22,0,22,0
2020-09-17,Mono,051,14174,165,147,2,149,1
2020-09-17,Monterey,053,433212,9490,9113,25,9138,62
2020-09-17,Napa,055,140530,1668,1592,8,1600,11
2020-09-17,Nevada,057,99092,527,494,16,510,6
2020-09-17,Orange,059,3164182,53439,50537,1389,51926,1098
2020-09-17,Placer,061,380077,3542,3368,14,3382,40
2020-09-17,Plumas,063,18699,49,45,0,45,0
2020-09-17,Riverside,065,2383286,57540,56007,139,56146,1134
2020-09-17,Sacramento,067,1510023,21636,20895,24,20919,385
2020-09-17,San Benito,069,59416,1305,1252,0,1252,8
2020-09-17,San Bernardino,071,2135413,52704,50770,336,51106,904
2020-09-17,San Diego,073,3302833,45556,43621,814,44435,754
2020-09-17,San Francisco,075,870044,10903,10564,27,10591,95
2020-09-17,San Joaquin,077,732212,19870,19439,46,19485,416
2020-09-17,San Luis Obispo,079,281455,3576,3299,20,3319,27
2020-09-17,San Mateo,081,765935,9835,8984,9,8993,127
2020-09-17,Santa Barbara,083,443738,8990,8779,75,8854,107
2020-09-17,Santa Clara,085,1922200,21330,19825,40,19865,254
2020-09-17,Santa Cruz,087,273765,2305,2155,25,2180,7
2020-09-17,Shasta,089,179085,802,660,3,663,12
2020-09-17,Sierra,091,2930,6,6,0,6,0
2020-09-17,Siskiyou,093,43540,154,146,10,156,0
2020-09-17,Solano,095,438530,6144,5915,41,5956,44
2020-09-17,Sonoma,097,501317,7141,6754,19,6773,114
2020-09-17,Stanislaus,099,539301,16319,15984,483,16467,277
2020-09-17,Sutter,101,95872,1648,1572,1,1573,10
2020-09-17,Tehama,103,63373,515,487,2,489,2
2020-09-17,Trinity,105,12862,53,15,7,22,0
2020-09-17,Tulare,107,460477,15944,15344,102,15446,258
2020-09-17,Tuolumne,109,53932,229,214,4,218,1
2020-09-17,Ventura,111,848112,12884,12167,142,12309,130
2020-09-17,Yolo,113,214977,2757,2724,6,2730,53
2020-09-17,Yuba,115,75493,1047,1015,5,1020,1
2020-09-16,Alameda,001,1643700,20810,20009,158,20167,333
2020-09-16,Alpine,003,1148,2,2,0,2,0
2020-09-16,Amador,005,37829,288,284,0,284,16
2020-09-16,Butte,007,227075,2846,2704,26,2730,38
2020-09-16,Calaveras,009,45235,304,254,0,254,9
2020-09-16,Colusa,011,21464,522,497,0,497,6
2020-09-16,Contra Costa,013,1133247,16404,15473,79,15552,183
2020-09-16,Del Norte,015,27424,133,131,0,131,2
2020-09-16,El Dorado,017,186661,1106,1049,0,1049,4
2020-09-16,Fresno,019,978130,29901,27381,362,27743,343
2020-09-16,Glenn,021,27897,563,539,0,539,3
2020-09-16,Humboldt,023,135768,483,455,1,456,4
2020-09-16,Imperial,025,180216,11647,10401,30,10431,277
2020-09-16,Inyo,027,18085,186,176,4,180,12
2020-09-16,Kern,029,883053,31465,30570,292,30862,371
2020-09-16,Kings,031,150075,7486,7002,37,7039,71
2020-09-16,Lake,033,64148,519,417,0,417,6
2020-09-16,Lassen,035,31185,741,730,2,732,0
2020-09-16,Los Angeles,037,10098052,259687,256101,1677,257778,6299
2020-09-16,Madera,039,155013,4401,4138,30,4168,45
2020-09-16,Marin,041,260295,6580,6430,15,6445,77
2020-09-16,Mariposa,043,17540,75,74,0,74,2
2020-09-16,Mendocino,045,87422,801,727,0,727,18
2020-09-16,Merced,047,269075,8743,8646,16,8662,118
2020-09-16,Modoc,049,8938,27,22,0,22,0
2020-09-16,Mono,051,14174,165,147,2,149,1
2020-09-16,Monterey,053,433212,9436,8997,25,9022,62
2020-09-16,Napa,055,140530,1654,1587,8,1595,11
2020-09-16,Nevada,057,99092,522,495,15,510,6
2020-09-16,Orange,059,3164182,53238,50414,1380,51794,1096
2020-09-16,Placer,061,380077,3524,3351,14,3365,39
2020-09-16,Plumas,063,18699,49,45,0,45,0
2020-09-16,Riverside,065,2383286,57346,55811,131,55942,1127
2020-09-16,Sacramento,067,1510023,21541,20610,24,20634,377
2020-09-16,San Benito,069,59416,1297,1244,0,1244,8
2020-09-16,San Bernardino,071,2135413,52479,50509,335,50844,907
2020-09-16,San Diego,073,3302833,45264,43447,793,44240,748
2020-09-16,San Francisco,075,870044,10856,10502,27,10529,90
2020-09-16,San Joaquin,077,732212,19816,19377,45,19422,409
2020-09-16,San Luis Obispo,079,281455,3545,3285,20,3305,28
2020-09-16,San Mateo,081,765935,9770,8944,9,8953,127
2020-09-16,Santa Barbara,083,443738,8957,8764,75,8839,107
2020-09-16,Santa Clara,085,1922200,21211,19684,40,19724,253
2020-09-16,Santa Cruz,087,273765,2264,2089,24,2113,7
2020-09-16,Shasta,089,179085,776,635,3,638,11
2020-09-16,Sierra,091,2930,6,6,0,6,0
2020-09-16,Siskiyou,093,43540,153,145,10,155,0
2020-09-16,Solano,095,438530,6114,5899,41,5940,44
2020-09-16,Sonoma,097,501317,7080,6731,19,6750,104
2020-09-16,Stanislaus,099,539301,16271,15897,475,16372,263
2020-09-16,Sutter,101,95872,1635,1567,1,1568,10
2020-09-16,Tehama,103,63373,507,485,2,487,2
2020-09-16,Trinity,105,12862,53,15,7,22,0
2020-09-16,Tulare,107,460477,15900,15314,95,15409,258
2020-09-16,Tuolumne,109,53932,228,210,4,214,1
2020-09-16,Ventura,111,848112,12813,12073,140,12213,130
2020-09-16,Yolo,113,214977,2750,2709,6,2715,53
2020-09-16,Yuba,115,75493,1045,1000,5,1005,1
2020-09-15,Alameda,001,1643700,20703,19931,155,20086,327
2020-09-15,Alpine,003,1148,2,2,0,2,0
2020-09-15,Amador,005,37829,287,282,0,282,16
2020-09-15,Butte,007,227075,2833,2695,24,2719,38
2020-09-15,Calaveras,009,45235,304,248,0,248,5
2020-09-15,Colusa,011,21464,516,497,0,497,6
2020-09-15,Contra Costa,013,1133247,16301,15423,78,15501,180
2020-09-15,Del Norte,015,27424,133,129,0,129,2
2020-09-15,El Dorado,017,186661,1101,1046,0,1046,4
2020-09-15,Fresno,019,978130,29794,27312,357,27669,343
2020-09-15,Glenn,021,27897,562,531,0,531,3
2020-09-15,Humboldt,023,135768,481,456,1,457,4
2020-09-15,Imperial,025,180216,11622,10376,30,10406,277
2020-09-15,Inyo,027,18085,186,176,4,180,12
2020-09-15,Kern,029,883053,31352,30429,289,30718,368
2020-09-15,Kings,031,150075,7328,6977,37,7014,70
2020-09-15,Lake,033,64148,505,416,0,416,4
2020-09-15,Lassen,035,31185,737,719,2,721,0
2020-09-15,Los Angeles,037,10098052,258577,255048,1655,256703,6269
2020-09-15,Madera,039,155013,4382,4122,30,4152,45
2020-09-15,Marin,041,260295,6549,6423,15,6438,77
2020-09-15,Mariposa,043,17540,75,74,0,74,2
2020-09-15,Mendocino,045,87422,783,724,0,724,18
2020-09-15,Merced,047,269075,8713,8633,16,8649,114
2020-09-15,Modoc,049,8938,26,21,0,21,0
2020-09-15,Mono,051,14174,165,147,2,149,1
2020-09-15,Monterey,053,433212,9387,8943,25,8968,62
2020-09-15,Napa,055,140530,1640,1580,8,1588,11
2020-09-15,Nevada,057,99092,517,494,15,509,6
2020-09-15,Orange,059,3164182,53056,50294,1365,51659,1088
2020-09-15,Placer,061,380077,3500,3331,14,3345,38
2020-09-15,Plumas,063,18699,49,44,0,44,0
2020-09-15,Riverside,065,2383286,57052,55569,121,55690,1118
2020-09-15,Sacramento,067,1510023,21398,20487,24,20511,372
2020-09-15,San Benito,069,59416,1290,1237,0,1237,7
2020-09-15,San Bernardino,071,2135413,52263,50333,334,50667,904
2020-09-15,San Diego,073,3302833,44945,43183,773,43956,742
2020-09-15,San Francisco,075,870044,10798,10414,27,10441,90
2020-09-15,San Joaquin,077,732212,19764,19313,45,19358,401
2020-09-15,San Luis Obispo,079,281455,3525,3262,20,3282,28
2020-09-15,San Mateo,081,765935,9700,8895,9,8904,127
2020-09-15,Santa Barbara,083,443738,8932,8724,74,8798,104
2020-09-15,Santa Clara,085,1922200,21075,19610,40,19650,252
2020-09-15,Santa Cruz,087,273765,2238,2079,23,2102,7
2020-09-15,Shasta,089,179085,764,627,3,630,11
2020-09-15,Sierra,091,2930,6,6,0,6,0
2020-09-15,Siskiyou,093,43540,153,143,10,153,0
2020-09-15,Solano,095,438530,6080,5878,41,5919,45
2020-09-15,Sonoma,097,501317,7041,6701,19,6720,104
2020-09-15,Stanislaus,099,539301,16223,15880,473,16353,260
2020-09-15,Sutter,101,95872,1623,1556,1,1557,10
2020-09-15,Tehama,103,63373,495,484,2,486,2
2020-09-15,Trinity,105,12862,53,15,7,22,0
2020-09-15,Tulare,107,460477,15823,15203,93,15296,254
2020-09-15,Tuolumne,109,53932,228,209,4,213,1
2020-09-15,Ventura,111,848112,12760,11932,139,12071,128
2020-09-15,Yolo,113,214977,2746,2708,6,2714,53
2020-09-15,Yuba,115,75493,1039,991,4,995,1
2020-09-14,Alameda,001,1643700,20576,19851,154,20005,306
2020-09-14,Alpine,003,1148,2,2,0,2,0
2020-09-14,Amador,005,37829,285,281,0,281,16
2020-09-14,Butte,007,227075,2816,2642,24,2666,37
2020-09-14,Calaveras,009,45235,304,244,0,244,3
2020-09-14,Colusa,011,21464,515,486,0,486,6
2020-09-14,Contra Costa,013,1133247,16177,15354,77,15431,174
2020-09-14,Del Norte,015,27424,130,116,0,116,2
2020-09-14,El Dorado,017,186661,1097,1039,0,1039,3
2020-09-14,Fresno,019,978130,29709,27232,354,27586,344
2020-09-14,Glenn,021,27897,554,521,0,521,3
2020-09-14,Humboldt,023,135768,478,437,1,438,4
2020-09-14,Imperial,025,180216,11602,10340,30,10370,273
2020-09-14,Inyo,027,18085,186,176,4,180,12
2020-09-14,Kern,029,883053,31264,30344,288,30632,368
2020-09-14,Kings,031,150075,7246,6950,37,6987,70
2020-09-14,Lake,033,64148,485,407,0,407,4
2020-09-14,Lassen,035,31185,737,719,2,721,0
2020-09-14,Los Angeles,037,10098052,257550,254622,1630,256252,6226
2020-09-14,Madera,039,155013,4368,4104,30,4134,45
2020-09-14,Marin,041,260295,6528,6409,15,6424,70
2020-09-14,Mariposa,043,17540,75,74,0,74,2
2020-09-14,Mendocino,045,87422,766,710,0,710,17
2020-09-14,Merced,047,269075,8694,8593,16,8609,112
2020-09-14,Modoc,049,8938,26,21,0,21,0
2020-09-14,Mono,051,14174,165,147,2,149,1
2020-09-14,Monterey,053,433212,9316,8845,24,8869,61
2020-09-14,Napa,055,140530,1623,1576,8,1584,11
2020-09-14,Nevada,057,99092,512,489,15,504,6
2020-09-14,Orange,059,3164182,52895,50149,1349,51498,1079
2020-09-14,Placer,061,380077,3479,3302,14,3316,38
2020-09-14,Plumas,063,18699,48,42,0,42,0
2020-09-14,Riverside,065,2383286,56833,55488,116,55604,1113
2020-09-14,Sacramento,067,1510023,21203,20377,23,20400,367
2020-09-14,San Benito,069,59416,1275,1233,0,1233,7
2020-09-14,San Bernardino,071,2135413,52038,50163,333,50496,895
2020-09-14,San Diego,073,3302833,44634,42889,753,43642,734
2020-09-14,San Francisco,075,870044,10731,10255,25,10280,90
2020-09-14,San Joaquin,077,732212,19690,19111,44,19155,397
2020-09-14,San Luis Obispo,079,281455,3500,3248,20,3268,25
2020-09-14,San Mateo,081,765935,9638,8847,9,8856,127
2020-09-14,Santa Barbara,083,443738,8906,8692,74,8766,104
2020-09-14,Santa Clara,085,1922200,20886,19545,40,19585,247
2020-09-14,Santa Cruz,087,273765,2217,2016,22,2038,7
2020-09-14,Shasta,089,179085,741,584,3,587,10
2020-09-14,Sierra,091,2930,6,6,0,6,0
2020-09-14,Siskiyou,093,43540,152,143,10,153,0
2020-09-14,Solano,095,438530,6045,5834,41,5875,44
2020-09-14,Sonoma,097,501317,6978,6630,19,6649,102
2020-09-14,Stanislaus,099,539301,16178,15812,470,16282,253
2020-09-14,Sutter,101,95872,1612,1549,1,1550,10
2020-09-14,Tehama,103,63373,493,475,2,477,1
2020-09-14,Trinity,105,12862,52,14,7,21,0
2020-09-14,Tulare,107,460477,15753,15096,87,15183,254
2020-09-14,Tuolumne,109,53932,227,208,4,212,1
2020-09-14,Ventura,111,848112,12658,11903,136,12039,125
2020-09-14,Yolo,113,214977,2735,2687,6,2693,53
2020-09-14,Yuba,115,75493,1031,977,4,981,1
2020-09-13,Alameda,001,1643700,20470,19815,151,19966,306
2020-09-13,Alpine,003,1148,2,2,0,2,0
2020-09-13,Amador,005,37829,282,279,0,279,16
2020-09-13,Butte,007,227075,2794,2640,24,2664,37
2020-09-13,Calaveras,009,45235,303,246,0,246,3
2020-09-13,Colusa,011,21464,511,486,0,486,6
2020-09-13,Contra Costa,013,1133247,16069,15284,77,15361,172
2020-09-13,Del Norte,015,27424,127,116,0,116,1
2020-09-13,El Dorado,017,186661,1092,1035,0,1035,2
2020-09-13,Fresno,019,978130,29601,27196,345,27541,345
2020-09-13,Glenn,021,27897,550,517,0,517,3
2020-09-13,Humboldt,023,135768,478,434,1,435,4
2020-09-13,Imperial,025,180216,11565,10304,28,10332,273
2020-09-13,Inyo,027,18085,186,176,4,180,12
2020-09-13,Kern,029,883053,31171,30277,281,30558,368
2020-09-13,Kings,031,150075,7227,6937,37,6974,70
2020-09-13,Lake,033,64148,466,397,0,397,4
2020-09-13,Lassen,035,31185,734,719,2,721,0
2020-09-13,Los Angeles,037,10098052,256401,253950,1614,255564,6203
2020-09-13,Madera,039,155013,4311,4090,30,4120,45
2020-09-13,Marin,041,260295,6507,6395,15,6410,70
2020-09-13,Mariposa,043,17540,75,74,0,74,2
2020-09-13,Mendocino,045,87422,759,707,0,707,17
2020-09-13,Merced,047,269075,8660,8575,15,8590,112
2020-09-13,Modoc,049,8938,26,21,0,21,0
2020-09-13,Mono,051,14174,165,147,2,149,1
2020-09-13,Monterey,053,433212,9234,8826,23,8849,61
2020-09-13,Napa,055,140530,1616,1563,8,1571,11
2020-09-13,Nevada,057,99092,504,486,15,501,6
2020-09-13,Orange,059,3164182,52679,50061,1342,51403,1075
2020-09-13,Placer,061,380077,3449,3291,14,3305,38
2020-09-13,Plumas,063,18699,48,42,0,42,0
2020-09-13,Riverside,065,2383286,56626,55235,105,55340,1108
2020-09-13,Sacramento,067,1510023,20857,20279,23,20302,367
2020-09-13,San Benito,069,59416,1267,1217,0,1217,7
2020-09-13,San Bernardino,071,2135413,51752,49968,331,50299,895
2020-09-13,San Diego,073,3302833,44308,42681,719,43400,734
2020-09-13,San Francisco,075,870044,10653,10254,25,10279,90
2020-09-13,San Joaquin,077,732212,19618,19110,43,19153,396
2020-09-13,San Luis Obispo,079,281455,3463,3240,20,3260,24
2020-09-13,San Mateo,081,765935,9577,8811,9,8820,127
2020-09-13,Santa Barbara,083,443738,8869,8690,74,8764,104
2020-09-13,Santa Clara,085,1922200,20750,19456,39,19495,245
2020-09-13,Santa Cruz,087,273765,2184,2016,20,2036,7
2020-09-13,Shasta,089,179085,729,583,3,586,10
2020-09-13,Sierra,091,2930,6,6,0,6,0
2020-09-13,Siskiyou,093,43540,152,143,9,152,0
2020-09-13,Solano,095,438530,5999,5810,41,5851,43
2020-09-13,Sonoma,097,501317,6913,6592,19,6611,95
2020-09-13,Stanislaus,099,539301,16115,15759,458,16217,253
2020-09-13,Sutter,101,95872,1599,1539,1,1540,10
2020-09-13,Tehama,103,63373,489,476,2,478,1
2020-09-13,Trinity,105,12862,52,14,7,21,0
2020-09-13,Tulare,107,460477,15682,15098,86,15184,254
2020-09-13,Tuolumne,109,53932,224,208,4,212,1
2020-09-13,Ventura,111,848112,12550,11855,135,11990,123
2020-09-13,Yolo,113,214977,2723,2675,6,2681,53
2020-09-13,Yuba,115,75493,1026,967,4,971,1
2020-09-12,Alameda,001,1643700,20411,19758,151,19909,307
2020-09-12,Alpine,003,1148,2,2,0,2,0
2020-09-12,Amador,005,37829,281,278,0,278,16
2020-09-12,Butte,007,227075,2787,2629,23,2652,37
2020-09-12,Calaveras,009,45235,301,246,0,246,3
2020-09-12,Colusa,011,21464,507,486,0,486,6
2020-09-12,Contra Costa,013,1133247,15993,15135,76,15211,174
2020-09-12,Del Norte,015,27424,126,116,0,116,1
2020-09-12,El Dorado,017,186661,1085,1034,0,1034,2
2020-09-12,Fresno,019,978130,29530,27076,345,27421,345
2020-09-12,Glenn,021,27897,549,517,0,517,3
2020-09-12,Humboldt,023,135768,477,430,1,431,4
2020-09-12,Imperial,025,180216,11553,10305,27,10332,273
2020-09-12,Inyo,027,18085,186,177,4,181,12
2020-09-12,Kern,029,883053,31105,30202,281,30483,368
2020-09-12,Kings,031,150075,7217,6895,37,6932,70
2020-09-12,Lake,033,64148,460,393,0,393,4
2020-09-12,Lassen,035,31185,734,719,2,721,0
2020-09-12,Los Angeles,037,10098052,255842,253156,1593,254749,6193
2020-09-12,Madera,039,155013,4300,4058,30,4088,43
2020-09-12,Marin,041,260295,6498,6393,15,6408,69
2020-09-12,Mariposa,043,17540,75,72,0,72,2
2020-09-12,Mendocino,045,87422,756,700,0,700,17
2020-09-12,Merced,047,269075,8651,8533,15,8548,112
2020-09-12,Modoc,049,8938,25,21,0,21,0
2020-09-12,Mono,051,14174,165,147,2,149,1
2020-09-12,Monterey,053,433212,9198,8743,23,8766,61
2020-09-12,Napa,055,140530,1613,1556,8,1564,11
2020-09-12,Nevada,057,99092,503,482,15,497,6
2020-09-12,Orange,059,3164182,52564,49895,1339,51234,1078
2020-09-12,Placer,061,380077,3432,3280,14,3294,38
2020-09-12,Plumas,063,18699,48,42,0,42,0
2020-09-12,Riverside,065,2383286,56497,55058,101,55159,1108
2020-09-12,Sacramento,067,1510023,20788,20184,23,20207,367
2020-09-12,San Benito,069,59416,1264,1208,0,1208,7
2020-09-12,San Bernardino,071,2135413,51661,49945,329,50274,896
2020-09-12,San Diego,073,3302833,44113,42416,710,43126,747
2020-09-12,San Francisco,075,870044,10608,10257,25,10282,90
2020-09-12,San Joaquin,077,732212,19590,19108,43,19151,396
2020-09-12,San Luis Obispo,079,281455,3436,3220,20,3240,24
2020-09-12,San Mateo,081,765935,9532,8759,9,8768,127
2020-09-12,Santa Barbara,083,443738,8855,8642,74,8716,104
2020-09-12,Santa Clara,085,1922200,20666,19330,39,19369,237
2020-09-12,Santa Cruz,087,273765,2172,2016,20,2036,7
2020-09-12,Shasta,089,179085,717,569,3,572,10
2020-09-12,Sierra,091,2930,6,6,0,6,0
2020-09-12,Siskiyou,093,43540,152,141,9,150,0
2020-09-12,Solano,095,438530,5975,5772,41,5813,43
2020-09-12,Sonoma,097,501317,6889,6531,19,6550,95
2020-09-12,Stanislaus,099,539301,16083,15675,455,16130,253
2020-09-12,Sutter,101,95872,1593,1529,1,1530,10
2020-09-12,Tehama,103,63373,486,471,2,473,1
2020-09-12,Trinity,105,12862,52,15,7,22,0
2020-09-12,Tulare,107,460477,15636,15018,85,15103,254
2020-09-12,Tuolumne,109,53932,224,208,4,212,1
2020-09-12,Ventura,111,848112,12499,11759,133,11892,123
2020-09-12,Yolo,113,214977,2716,2646,6,2652,53
2020-09-12,Yuba,115,75493,1022,963,4,967,1
2020-09-11,Alameda,001,1643700,20356,19625,150,19775,298
2020-09-11,Alpine,003,1148,2,2,0,2,0
2020-09-11,Amador,005,37829,281,277,0,277,16
2020-09-11,Butte,007,227075,2776,2605,23,2628,37
2020-09-11,Calaveras,009,45235,300,242,0,242,1
2020-09-11,Colusa,011,21464,506,484,0,484,6
2020-09-11,Contra Costa,013,1133247,15941,15001,73,15074,173
2020-09-11,Del Norte,015,27424,126,115,0,115,1
2020-09-11,El Dorado,017,186661,1082,1024,0,1024,2
2020-09-11,Fresno,019,978130,29450,26917,344,27261,344
2020-09-11,Glenn,021,27897,544,515,0,515,3
2020-09-11,Humboldt,023,135768,475,426,1,427,4
2020-09-11,Imperial,025,180216,11535,10286,27,10313,273
2020-09-11,Inyo,027,18085,186,176,4,180,12
2020-09-11,Kern,029,883053,31037,30059,280,30339,365
2020-09-11,Kings,031,150075,7200,6770,37,6807,70
2020-09-11,Lake,033,64148,453,382,0,382,4
2020-09-11,Lassen,035,31185,734,719,2,721,0
2020-09-11,Los Angeles,037,10098052,255161,252057,1582,253639,6172
2020-09-11,Madera,039,155013,4281,4018,30,4048,43
2020-09-11,Marin,041,260295,6495,6364,15,6379,69
2020-09-11,Mariposa,043,17540,75,72,0,72,2
2020-09-11,Mendocino,045,87422,745,700,0,700,17
2020-09-11,Merced,047,269075,8630,8489,15,8504,109
2020-09-11,Modoc,049,8938,25,21,0,21,0
2020-09-11,Mono,051,14174,165,145,2,147,1
2020-09-11,Monterey,053,433212,9150,8595,23,8618,61
2020-09-11,Napa,055,140530,1602,1543,8,1551,11
2020-09-11,Nevada,057,99092,496,483,15,498,6
2020-09-11,Orange,059,3164182,52435,49755,1327,51082,1068
2020-09-11,Placer,061,380077,3417,3254,14,3268,37
2020-09-11,Plumas,063,18699,48,42,0,42,0
2020-09-11,Riverside,065,2383286,56362,54717,98,54815,1099
2020-09-11,Sacramento,067,1510023,20703,20012,23,20035,358
2020-09-11,San Benito,069,59416,1254,1202,0,1202,7
2020-09-11,San Bernardino,071,2135413,51562,49682,329,50011,871
2020-09-11,San Diego,073,3302833,43893,41971,704,42675,730
2020-09-11,San Francisco,075,870044,10560,10133,24,10157,89
2020-09-11,San Joaquin,077,732212,19542,19019,43,19062,391
2020-09-11,San Luis Obispo,079,281455,3418,3190,20,3210,24
2020-09-11,San Mateo,081,765935,9490,8611,9,8620,127
2020-09-11,Santa Barbara,083,443738,8822,8592,73,8665,103
2020-09-11,Santa Clara,085,1922200,20577,19065,39,19104,234
2020-09-11,Santa Cruz,087,273765,2155,1997,20,2017,7
2020-09-11,Shasta,089,179085,707,568,3,571,10
2020-09-11,Sierra,091,2930,6,6,0,6,0
2020-09-11,Siskiyou,093,43540,151,139,9,148,0
2020-09-11,Solano,095,438530,5958,5742,41,5783,42
2020-09-11,Sonoma,097,501317,6844,6469,19,6488,91
2020-09-11,Stanislaus,099,539301,16045,15613,452,16065,253
2020-09-11,Sutter,101,95872,1583,1505,1,1506,11
2020-09-11,Tehama,103,63373,483,466,2,468,1
2020-09-11,Trinity,105,12862,52,16,7,23,0
2020-09-11,Tulare,107,460477,15605,14932,83,15015,251
2020-09-11,Tuolumne,109,53932,224,208,4,212,1
2020-09-11,Ventura,111,848112,12445,11700,131,11831,123
2020-09-11,Yolo,113,214977,2705,2632,6,2638,53
2020-09-11,Yuba,115,75493,1014,946,4,950,1
2020-09-10,Alameda,001,1643700,20282,19509,150,19659,292
2020-09-10,Alpine,003,1148,2,2,0,2,0
2020-09-10,Amador,005,37829,280,277,0,277,16
2020-09-10,Butte,007,227075,2759,2590,23,2613,37
2020-09-10,Calaveras,009,45235,300,244,0,244,1
2020-09-10,Colusa,011,21464,504,482,0,482,6
2020-09-10,Contra Costa,013,1133247,15871,14909,73,14982,172
2020-09-10,Del Norte,015,27424,125,112,0,112,1
2020-09-10,El Dorado,017,186661,1079,1020,0,1020,2
2020-09-10,Fresno,019,978130,29328,26783,344,27127,338
2020-09-10,Glenn,021,27897,534,511,0,511,3
2020-09-10,Humboldt,023,135768,464,422,1,423,4
2020-09-10,Imperial,025,180216,11519,10251,27,10278,270
2020-09-10,Inyo,027,18085,185,176,4,180,11
2020-09-10,Kern,029,883053,30955,29988,276,30264,363
2020-09-10,Kings,031,150075,7170,6739,37,6776,70
2020-09-10,Lake,033,64148,446,377,0,377,4
2020-09-10,Lassen,035,31185,733,716,2,718,0
2020-09-10,Los Angeles,037,10098052,254184,251003,1561,252564,6132
2020-09-10,Madera,039,155013,4263,3979,30,4009,43
2020-09-10,Marin,041,260295,6483,6344,15,6359,68
2020-09-10,Mariposa,043,17540,75,72,0,72,2
2020-09-10,Mendocino,045,87422,735,697,0,697,16
2020-09-10,Merced,047,269075,8584,8461,15,8476,109
2020-09-10,Modoc,049,8938,25,21,0,21,0
2020-09-10,Mono,051,14174,165,145,2,147,1
2020-09-10,Monterey,053,433212,9080,8570,23,8593,59
2020-09-10,Napa,055,140530,1596,1536,8,1544,11
2020-09-10,Nevada,057,99092,492,478,15,493,6
2020-09-10,Orange,059,3164182,52272,49617,1321,50938,1057
2020-09-10,Placer,061,380077,3398,3233,14,3247,37
2020-09-10,Plumas,063,18699,48,42,0,42,0
2020-09-10,Riverside,065,2383286,56043,54417,95,54512,1091
2020-09-10,Sacramento,067,1510023,20581,19618,22,19640,354
2020-09-10,San Benito,069,59416,1248,1201,0,1201,5
2020-09-10,San Bernardino,071,2135413,51373,49467,327,49794,867
2020-09-10,San Diego,073,3302833,43627,41610,677,42287,725
2020-09-10,San Francisco,075,870044,10483,10082,24,10106,89
2020-09-10,San Joaquin,077,732212,19489,18854,43,18897,389
2020-09-10,San Luis Obispo,079,281455,3404,3161,20,3181,24
2020-09-10,San Mateo,081,765935,9444,8529,9,8538,125
2020-09-10,Santa Barbara,083,443738,8777,8552,73,8625,100
2020-09-10,Santa Clara,085,1922200,20463,18870,39,18909,231
2020-09-10,Santa Cruz,087,273765,2140,1986,18,2004,7
2020-09-10,Shasta,089,179085,696,566,3,569,10
2020-09-10,Sierra,091,2930,6,6,0,6,0
2020-09-10,Siskiyou,093,43540,151,137,9,146,0
2020-09-10,Solano,095,438530,5918,5696,41,5737,42
2020-09-10,Sonoma,097,501317,6795,6424,19,6443,91
2020-09-10,Stanislaus,099,539301,15991,15509,447,15956,243
2020-09-10,Sutter,101,95872,1571,1494,1,1495,11
2020-09-10,Tehama,103,63373,476,466,2,468,1
2020-09-10,Trinity,105,12862,52,15,7,22,0
2020-09-10,Tulare,107,460477,15550,14860,80,14940,250
2020-09-10,Tuolumne,109,53932,223,205,4,209,1
2020-09-10,Ventura,111,848112,12351,11600,124,11724,122
2020-09-10,Yolo,113,214977,2700,2612,6,2618,53
2020-09-10,Yuba,115,75493,1008,941,4,945,1
2020-09-09,Alameda,001,1643700,20203,19399,149,19548,289
2020-09-09,Alpine,003,1148,2,2,0,2,0
2020-09-09,Amador,005,37829,279,276,0,276,16
2020-09-09,Butte,007,227075,2742,2561,23,2584,37
2020-09-09,Calaveras,009,45235,300,242,0,242,1
2020-09-09,Colusa,011,21464,499,479,0,479,6
2020-09-09,Contra Costa,013,1133247,15785,14816,73,14889,171
2020-09-09,Del Norte,015,27424,121,109,0,109,1
2020-09-09,El Dorado,017,186661,1076,1020,0,1020,2
2020-09-09,Fresno,019,978130,29225,26724,339,27063,329
2020-09-09,Glenn,021,27897,531,508,0,508,3
2020-09-09,Humboldt,023,135768,462,420,1,421,4
2020-09-09,Imperial,025,180216,11498,10233,27,10260,268
2020-09-09,Inyo,027,18085,184,173,4,177,2
2020-09-09,Kern,029,883053,30857,29925,273,30198,355
2020-09-09,Kings,031,150075,7152,6721,37,6758,72
2020-09-09,Lake,033,64148,438,371,0,371,4
2020-09-09,Lassen,035,31185,732,714,2,716,0
2020-09-09,Los Angeles,037,10098052,253309,249876,1543,251419,6091
2020-09-09,Madera,039,155013,4237,3926,30,3956,43
2020-09-09,Marin,041,260295,6464,6321,15,6336,68
2020-09-09,Mariposa,043,17540,74,72,0,72,2
2020-09-09,Mendocino,045,87422,727,695,0,695,16
2020-09-09,Merced,047,269075,8558,8441,15,8456,107
2020-09-09,Modoc,049,8938,24,20,0,20,0
2020-09-09,Mono,051,14174,165,145,2,147,1
2020-09-09,Monterey,053,433212,9008,8527,23,8550,59
2020-09-09,Napa,055,140530,1586,1531,8,1539,11
2020-09-09,Nevada,057,99092,488,476,15,491,6
2020-09-09,Orange,059,3164182,52092,49394,1313,50707,1054
2020-09-09,Placer,061,380077,3378,3222,14,3236,36
2020-09-09,Plumas,063,18699,46,42,0,42,0
2020-09-09,Riverside,065,2383286,55813,54320,92,54412,1081
2020-09-09,Sacramento,067,1510023,20475,19474,21,19495,347
2020-09-09,San Benito,069,59416,1244,1199,0,1199,5
2020-09-09,San Bernardino,071,2135413,51175,49264,326,49590,866
2020-09-09,San Diego,073,3302833,43338,41326,665,41991,721
2020-09-09,San Francisco,075,870044,10433,9996,23,10019,86
2020-09-09,San Joaquin,077,732212,19425,18799,42,18841,388
2020-09-09,San Luis Obispo,079,281455,3386,3131,20,3151,24
2020-09-09,San Mateo,081,765935,9383,8478,9,8487,125
2020-09-09,Santa Barbara,083,443738,8734,8528,73,8601,97
2020-09-09,Santa Clara,085,1922200,20331,18759,39,18798,228
2020-09-09,Santa Cruz,087,273765,2117,1967,18,1985,7
2020-09-09,Shasta,089,179085,684,562,3,565,10
2020-09-09,Sierra,091,2930,6,6,0,6,0
2020-09-09,Siskiyou,093,43540,149,137,9,146,0
2020-09-09,Solano,095,438530,5886,5680,41,5721,36
2020-09-09,Sonoma,097,501317,6728,6397,19,6416,92
2020-09-09,Stanislaus,099,539301,15952,15469,436,15905,243
2020-09-09,Sutter,101,95872,1563,1487,1,1488,11
2020-09-09,Tehama,103,63373,473,462,2,464,1
2020-09-09,Trinity,105,12862,52,14,7,21,0
2020-09-09,Tulare,107,460477,15501,14787,75,14862,249
2020-09-09,Tuolumne,109,53932,222,204,3,207,1
2020-09-09,Ventura,111,848112,12260,11497,121,11618,121
2020-09-09,Yolo,113,214977,2689,2604,6,2610,53
2020-09-09,Yuba,115,75493,1003,936,4,940,1
2020-09-08,Alameda,001,1643700,20095,19293,149,19442,288
2020-09-08,Alpine,003,1148,2,2,0,2,0
2020-09-08,Amador,005,37829,279,276,0,276,16
2020-09-08,Butte,007,227075,2724,2453,23,2476,36
2020-09-08,Calaveras,009,45235,298,233,0,233,1
2020-09-08,Colusa,011,21464,497,475,0,475,6
2020-09-08,Contra Costa,013,1133247,15657,14740,70,14810,171
2020-09-08,Del Norte,015,27424,121,109,0,109,2
2020-09-08,El Dorado,017,186661,1073,1011,0,1011,2
2020-09-08,Fresno,019,978130,29105,26640,335,26975,329
2020-09-08,Glenn,021,27897,527,492,0,492,3
2020-09-08,Humboldt,023,135768,460,420,1,421,4
2020-09-08,Imperial,025,180216,11482,10198,27,10225,267
2020-09-08,Inyo,027,18085,184,169,4,173,2
2020-09-08,Kern,029,883053,30771,29850,271,30121,351
2020-09-08,Kings,031,150075,7114,6658,37,6695,72
2020-09-08,Lake,033,64148,428,370,0,370,4
2020-09-08,Lassen,035,31185,732,710,2,712,0
2020-09-08,Los Angeles,037,10098052,252380,249217,1515,250732,6034
2020-09-08,Madera,039,155013,4213,3904,30,3934,43
2020-09-08,Marin,041,260295,6433,6313,15,6328,68
2020-09-08,Mariposa,043,17540,74,72,0,72,2
2020-09-08,Mendocino,045,87422,720,690,0,690,16
2020-09-08,Merced,047,269075,8535,8381,15,8396,104
2020-09-08,Modoc,049,8938,24,20,0,20,0
2020-09-08,Mono,051,14174,165,145,2,147,1
2020-09-08,Monterey,053,433212,8923,8491,23,8514,59
2020-09-08,Napa,055,140530,1582,1518,8,1526,11
2020-09-08,Nevada,057,99092,488,470,15,485,6
2020-09-08,Orange,059,3164182,51951,49214,1309,50523,1044
2020-09-08,Placer,061,380077,3364,3205,14,3219,36
2020-09-08,Plumas,063,18699,46,42,0,42,0
2020-09-08,Riverside,065,2383286,55599,54168,89,54257,1069
2020-09-08,Sacramento,067,1510023,20240,19411,20,19431,347
2020-09-08,San Benito,069,59416,1237,1188,0,1188,5
2020-09-08,San Bernardino,071,2135413,50985,49034,325,49359,856
2020-09-08,San Diego,073,3302833,43022,41079,653,41732,709
2020-09-08,San Francisco,075,870044,10360,9821,23,9844,86
2020-09-08,San Joaquin,077,732212,19347,18550,42,18592,388
2020-09-08,San Luis Obispo,079,281455,3371,3120,20,3140,23
2020-09-08,San Mateo,081,765935,9307,8460,9,8469,125
2020-09-08,Santa Barbara,083,443738,8700,8488,72,8560,96
2020-09-08,Santa Clara,085,1922200,20155,18645,39,18684,228
2020-09-08,Santa Cruz,087,273765,2089,1903,18,1921,7
2020-09-08,Shasta,089,179085,676,556,3,559,10
2020-09-08,Sierra,091,2930,6,6,0,6,0
2020-09-08,Siskiyou,093,43540,147,136,9,145,0
2020-09-08,Solano,095,438530,5849,5654,41,5695,36
2020-09-08,Sonoma,097,501317,6659,6356,19,6375,92
2020-09-08,Stanislaus,099,539301,15888,15415,424,15839,238
2020-09-08,Sutter,101,95872,1548,1473,1,1474,11
2020-09-08,Tehama,103,63373,469,458,2,460,1
2020-09-08,Trinity,105,12862,51,13,7,20,0
2020-09-08,Tulare,107,460477,15421,14635,74,14709,249
2020-09-08,Tuolumne,109,53932,221,197,3,200,1
2020-09-08,Ventura,111,848112,12191,11475,118,11593,118
2020-09-08,Yolo,113,214977,2679,2580,6,2586,53
2020-09-08,Yuba,115,75493,991,923,4,927,1
2020-09-07,Alameda,001,1643700,19973,19188,143,19331,281
2020-09-07,Alpine,003,1148,2,2,0,2,0
2020-09-07,Amador,005,37829,279,276,0,276,16
2020-09-07,Butte,007,227075,2691,2450,22,2472,30
2020-09-07,Calaveras,009,45235,288,234,0,234,1
2020-09-07,Colusa,011,21464,496,475,0,475,6
2020-09-07,Contra Costa,013,1133247,15544,14637,67,14704,172
2020-09-07,Del Norte,015,27424,121,109,0,109,2
2020-09-07,El Dorado,017,186661,1062,1011,0,1011,2
2020-09-07,Fresno,019,978130,29011,26565,332,26897,329
2020-09-07,Glenn,021,27897,522,488,0,488,3
2020-09-07,Humboldt,023,135768,451,416,1,417,4
2020-09-07,Imperial,025,180216,11451,10199,24,10223,267
2020-09-07,Inyo,027,18085,184,169,4,173,2
2020-09-07,Kern,029,883053,30650,29790,266,30056,348
2020-09-07,Kings,031,150075,6989,6630,37,6667,72
2020-09-07,Lake,033,64148,405,367,0,367,2
2020-09-07,Lassen,035,31185,732,709,2,711,0
2020-09-07,Los Angeles,037,10098052,251334,248804,1493,250297,6030
2020-09-07,Madera,039,155013,4182,3889,29,3918,43
2020-09-07,Marin,041,260295,6403,6296,15,6311,67
2020-09-07,Mariposa,043,17540,74,72,0,72,2
2020-09-07,Mendocino,045,87422,712,687,0,687,16
2020-09-07,Merced,047,269075,8488,8381,15,8396,104
2020-09-07,Modoc,049,8938,23,20,0,20,0
2020-09-07,Mono,051,14174,165,145,2,147,1
2020-09-07,Monterey,053,433212,8844,8463,23,8486,57
2020-09-07,Napa,055,140530,1570,1514,8,1522,11
2020-09-07,Nevada,057,99092,486,469,15,484,6
2020-09-07,Orange,059,3164182,51778,49132,1305,50437,1042
2020-09-07,Placer,061,380077,3333,3188,13,3201,36
2020-09-07,Plumas,063,18699,45,42,0,42,0
2020-09-07,Riverside,065,2383286,55324,54178,83,54261,1069
2020-09-07,Sacramento,067,1510023,19997,19292,19,19311,345
2020-09-07,San Benito,069,59416,1231,1180,0,1180,4
2020-09-07,San Bernardino,071,2135413,50757,49043,323,49366,821
2020-09-07,San Diego,073,3302833,42622,40868,626,41494,708
2020-09-07,San Francisco,075,870044,10309,9813,22,9835,85
2020-09-07,San Joaquin,077,732212,19266,18552,40,18592,386
2020-09-07,San Luis Obispo,079,281455,3334,3116,20,3136,23
2020-09-07,San Mateo,081,765935,9225,8409,9,8418,125
2020-09-07,Santa Barbara,083,443738,8656,8479,72,8551,95
2020-09-07,Santa Clara,085,1922200,19997,18596,38,18634,226
2020-09-07,Santa Cruz,087,273765,2061,1902,18,1920,7
2020-09-07,Shasta,089,179085,666,556,3,559,10
2020-09-07,Sierra,091,2930,6,6,0,6,0
2020-09-07,Siskiyou,093,43540,146,133,9,142,0
2020-09-07,Solano,095,438530,5784,5640,41,5681,36
2020-09-07,Sonoma,097,501317,6592,6268,19,6287,85
2020-09-07,Stanislaus,099,539301,15823,15343,412,15755,236
2020-09-07,Sutter,101,95872,1531,1468,1,1469,11
2020-09-07,Tehama,103,63373,466,453,2,455,1
2020-09-07,Trinity,105,12862,51,13,7,20,0
2020-09-07,Tulare,107,460477,15315,14637,72,14709,249
2020-09-07,Tuolumne,109,53932,220,196,3,199,1
2020-09-07,Ventura,111,848112,12096,11463,115,11578,118
2020-09-07,Yolo,113,214977,2662,2565,5,2570,53
2020-09-07,Yuba,115,75493,975,923,3,926,1
2020-09-06,Alameda,001,1643700,19915,19029,141,19170,281
2020-09-06,Alpine,003,1148,2,2,0,2,0
2020-09-06,Amador,005,37829,277,275,0,275,16
2020-09-06,Butte,007,227075,2682,2446,22,2468,30
2020-09-06,Calaveras,009,45235,288,235,0,235,1
2020-09-06,Colusa,011,21464,492,475,0,475,6
2020-09-06,Contra Costa,013,1133247,15464,14565,66,14631,171
2020-09-06,Del Norte,015,27424,121,109,0,109,2
2020-09-06,El Dorado,017,186661,1060,1008,0,1008,2
2020-09-06,Fresno,019,978130,28947,26471,330,26801,329
2020-09-06,Glenn,021,27897,516,474,0,474,3
2020-09-06,Humboldt,023,135768,448,404,1,405,4
2020-09-06,Imperial,025,180216,11434,10152,24,10176,267
2020-09-06,Inyo,027,18085,184,169,4,173,2
2020-09-06,Kern,029,883053,30594,29699,262,29961,348
2020-09-06,Kings,031,150075,6969,6561,36,6597,72
2020-09-06,Lake,033,64148,402,362,0,362,2
2020-09-06,Lassen,035,31185,732,709,2,711,0
2020-09-06,Los Angeles,037,10098052,250702,248316,1479,249795,6004
2020-09-06,Madera,039,155013,4138,3867,29,3896,42
2020-09-06,Marin,041,260295,6391,6276,15,6291,67
2020-09-06,Mariposa,043,17540,74,72,0,72,2
2020-09-06,Mendocino,045,87422,711,672,0,672,16
2020-09-06,Merced,047,269075,8468,8327,15,8342,104
2020-09-06,Modoc,049,8938,23,20,0,20,0
2020-09-06,Mono,051,14174,164,145,2,147,1
2020-09-06,Monterey,053,433212,8804,8403,22,8425,56
2020-09-06,Napa,055,140530,1566,1501,6,1507,11
2020-09-06,Nevada,057,99092,486,467,14,481,6
2020-09-06,Orange,059,3164182,51665,48931,1301,50232,1042
2020-09-06,Placer,061,380077,3316,3169,13,3182,36
2020-09-06,Plumas,063,18699,44,42,0,42,0
2020-09-06,Riverside,065,2383286,55208,53970,81,54051,1069
2020-09-06,Sacramento,067,1510023,19902,19128,19,19147,340
2020-09-06,San Benito,069,59416,1229,1178,0,1178,4
2020-09-06,San Bernardino,071,2135413,50648,48923,323,49246,823
2020-09-06,San Diego,073,3302833,42374,40652,620,41272,707
2020-09-06,San Francisco,075,870044,10235,9813,22,9835,85
2020-09-06,San Joaquin,077,732212,19217,18558,40,18598,386
2020-09-06,San Luis Obispo,079,281455,3323,3101,20,3121,23
2020-09-06,San Mateo,081,765935,9172,8387,9,8396,125
2020-09-06,Santa Barbara,083,443738,8627,8434,72,8506,95
2020-09-06,Santa Clara,085,1922200,19896,18495,38,18533,207
2020-09-06,Santa Cruz,087,273765,2054,1902,18,1920,7
2020-09-06,Shasta,089,179085,660,550,3,553,10
2020-09-06,Sierra,091,2930,6,6,0,6,0
2020-09-06,Siskiyou,093,43540,146,132,9,141,0
2020-09-06,Solano,095,438530,5758,5619,41,5660,37
2020-09-06,Sonoma,097,501317,6563,6212,19,6231,85
2020-09-06,Stanislaus,099,539301,15779,15288,408,15696,236
2020-09-06,Sutter,101,95872,1518,1451,1,1452,11
2020-09-06,Tehama,103,63373,465,455,2,457,1
2020-09-06,Trinity,105,12862,50,13,7,20,0
2020-09-06,Tulare,107,460477,15272,14636,71,14707,249
2020-09-06,Tuolumne,109,53932,217,194,3,197,1
2020-09-06,Ventura,111,848112,12051,11315,115,11430,118
2020-09-06,Yolo,113,214977,2648,2556,5,2561,53
2020-09-06,Yuba,115,75493,966,913,3,916,1
2020-09-05,Alameda,001,1643700,19868,18973,139,19112,279
2020-09-05,Alpine,003,1148,2,2,0,2,0
2020-09-05,Amador,005,37829,277,274,0,274,16
2020-09-05,Butte,007,227075,2666,2406,21,2427,30
2020-09-05,Calaveras,009,45235,288,237,0,237,1
2020-09-05,Colusa,011,21464,488,472,0,472,6
2020-09-05,Contra Costa,013,1133247,15387,14456,64,14520,173
2020-09-05,Del Norte,015,27424,121,109,0,109,2
2020-09-05,El Dorado,017,186661,1060,1007,0,1007,2
2020-09-05,Fresno,019,978130,28879,26325,330,26655,331
2020-09-05,Glenn,021,27897,515,474,0,474,3
2020-09-05,Humboldt,023,135768,446,402,1,403,4
2020-09-05,Imperial,025,180216,11417,10151,23,10174,268
2020-09-05,Inyo,027,18085,184,169,4,173,2
2020-09-05,Kern,029,883053,30534,29645,258,29903,347
2020-09-05,Kings,031,150075,6960,6518,36,6554,66
2020-09-05,Lake,033,64148,399,359,0,359,2
2020-09-05,Lassen,035,31185,732,709,2,711,0
2020-09-05,Los Angeles,037,10098052,250167,247572,1467,249039,6001
2020-09-05,Madera,039,155013,4097,3851,29,3880,42
2020-09-05,Marin,041,260295,6384,6259,15,6274,66
2020-09-05,Mariposa,043,17540,74,72,0,72,2
2020-09-05,Mendocino,045,87422,710,658,0,658,16
2020-09-05,Merced,047,269075,8436,8297,13,8310,104
2020-09-05,Modoc,049,8938,23,19,0,19,0
2020-09-05,Mono,051,14174,164,145,2,147,1
2020-09-05,Monterey,053,433212,8774,8301,22,8323,56
2020-09-05,Napa,055,140530,1560,1484,6,1490,11
2020-09-05,Nevada,057,99092,483,461,14,475,6
2020-09-05,Orange,059,3164182,51563,48726,1296,50022,1039
2020-09-05,Placer,061,380077,3306,3141,13,3154,35
2020-09-05,Plumas,063,18699,44,42,0,42,0
2020-09-05,Riverside,065,2383286,55102,53780,81,53861,1066
2020-09-05,Sacramento,067,1510023,19811,18955,19,18974,339
2020-09-05,San Benito,069,59416,1227,1153,0,1153,4
2020-09-05,San Bernardino,071,2135413,50573,48800,322,49122,825
2020-09-05,San Diego,073,3302833,42181,40344,608,40952,717
2020-09-05,San Francisco,075,870044,10202,9812,21,9833,85
2020-09-05,San Joaquin,077,732212,19189,18557,40,18597,386
2020-09-05,San Luis Obispo,079,281455,3313,3083,20,3103,23
2020-09-05,San Mateo,081,765935,9127,8352,9,8361,124
2020-09-05,Santa Barbara,083,443738,8611,8404,72,8476,96
2020-09-05,Santa Clara,085,1922200,19812,18311,38,18349,207
2020-09-05,Santa Cruz,087,273765,2046,1904,18,1922,7
2020-09-05,Shasta,089,179085,659,544,3,547,10
2020-09-05,Sierra,091,2930,6,6,0,6,0
2020-09-05,Siskiyou,093,43540,145,131,9,140,0
2020-09-05,Solano,095,438530,5746,5579,41,5620,37
2020-09-05,Sonoma,097,501317,6530,6149,19,6168,85
2020-09-05,Stanislaus,099,539301,15731,15198,404,15602,236
2020-09-05,Sutter,101,95872,1511,1445,1,1446,11
2020-09-05,Tehama,103,63373,464,447,2,449,1
2020-09-05,Trinity,105,12862,50,13,7,20,0
2020-09-05,Tulare,107,460477,15215,14576,69,14645,249
2020-09-05,Tuolumne,109,53932,217,194,3,197,1
2020-09-05,Ventura,111,848112,12008,11254,115,11369,118
2020-09-05,Yolo,113,214977,2638,2534,5,2539,53
2020-09-05,Yuba,115,75493,960,902,3,905,1
2020-09-04,Alameda,001,1643700,19800,18843,137,18980,276
2020-09-04,Alpine,003,1148,2,2,0,2,0
2020-09-04,Amador,005,37829,276,274,0,274,16
2020-09-04,Butte,007,227075,2643,2325,21,2346,28
2020-09-04,Calaveras,009,45235,286,237,0,237,1
2020-09-04,Colusa,011,21464,486,467,0,467,6
2020-09-04,Contra Costa,013,1133247,15307,14355,63,14418,164
2020-09-04,Del Norte,015,27424,121,109,0,109,2
2020-09-04,El Dorado,017,186661,1056,992,0,992,2
2020-09-04,Fresno,019,978130,28774,26147,329,26476,321
2020-09-04,Glenn,021,27897,507,463,0,463,3
2020-09-04,Humboldt,023,135768,441,390,1,391,4
2020-09-04,Imperial,025,180216,11408,10136,22,10158,267
2020-09-04,Inyo,027,18085,184,169,4,173,2
2020-09-04,Kern,029,883053,30466,29526,255,29781,345
2020-09-04,Kings,031,150075,6947,6259,36,6295,66
2020-09-04,Lake,033,64148,399,347,0,347,2
2020-09-04,Lassen,035,31185,732,708,2,710,0
2020-09-04,Los Angeles,037,10098052,249601,246396,1447,247843,5977
2020-09-04,Madera,039,155013,4084,3838,29,3867,42
2020-09-04,Marin,041,260295,6372,6251,15,6266,66
2020-09-04,Mariposa,043,17540,74,72,0,72,2
2020-09-04,Mendocino,045,87422,708,646,0,646,16
2020-09-04,Merced,047,269075,8416,8214,13,8227,104
2020-09-04,Modoc,049,8938,23,15,0,15,0
2020-09-04,Mono,051,14174,164,145,2,147,1
2020-09-04,Monterey,053,433212,8729,8208,22,8230,56
2020-09-04,Napa,055,140530,1551,1475,6,1481,11
2020-09-04,Nevada,057,99092,480,455,14,469,6
2020-09-04,Orange,059,3164182,51439,48488,1289,49777,1031
2020-09-04,Placer,061,380077,3294,3101,13,3114,35
2020-09-04,Plumas,063,18699,44,42,0,42,0
2020-09-04,Riverside,065,2383286,54989,53606,76,53682,1066
2020-09-04,Sacramento,067,1510023,19723,18765,19,18784,337
2020-09-04,San Benito,069,59416,1218,1137,0,1137,4
2020-09-04,San Bernardino,071,2135413,50480,48497,320,48817,800
2020-09-04,San Diego,073,3302833,41951,39901,599,40500,701
2020-09-04,San Francisco,075,870044,10162,9694,20,9714,85
2020-09-04,San Joaquin,077,732212,19135,18438,40,18478,376
2020-09-04,San Luis Obispo,079,281455,3298,3049,19,3068,21
2020-09-04,San Mateo,081,765935,9083,8275,9,8284,122
2020-09-04,Santa Barbara,083,443738,8581,8340,72,8412,96
2020-09-04,Santa Clara,085,1922200,19704,18074,38,18112,209
2020-09-04,Santa Cruz,087,273765,2029,1896,17,1913,7
2020-09-04,Shasta,089,179085,656,536,3,539,10
2020-09-04,Sierra,091,2930,6,6,0,6,0
2020-09-04,Siskiyou,093,43540,145,129,9,138,0
2020-09-04,Solano,095,438530,5733,5552,41,5593,37
2020-09-04,Sonoma,097,501317,6465,6050,19,6069,85
2020-09-04,Stanislaus,099,539301,15697,15074,395,15469,233
2020-09-04,Sutter,101,95872,1495,1425,1,1426,11
2020-09-04,Tehama,103,63373,460,442,2,444,1
2020-09-04,Trinity,105,12862,50,13,7,20,0
2020-09-04,Tulare,107,460477,15187,14501,65,14566,247
2020-09-04,Tuolumne,109,53932,217,193,3,196,1
2020-09-04,Ventura,111,848112,11966,11171,115,11286,114
2020-09-04,Yolo,113,214977,2624,2495,5,2500,53
2020-09-04,Yuba,115,75493,955,884,3,887,1
2020-09-03,Alameda,001,1643700,19697,18687,137,18824,275
2020-09-03,Alpine,003,1148,2,2,0,2,0
2020-09-03,Amador,005,37829,276,274,0,274,16
2020-09-03,Butte,007,227075,2598,2274,21,2295,27
2020-09-03,Calaveras,009,45235,285,238,0,238,1
2020-09-03,Colusa,011,21464,484,464,0,464,6
2020-09-03,Contra Costa,013,1133247,15200,14206,60,14266,159
2020-09-03,Del Norte,015,27424,118,109,0,109,2
2020-09-03,El Dorado,017,186661,1052,983,0,983,2
2020-09-03,Fresno,019,978130,28655,25978,324,26302,313
2020-09-03,Glenn,021,27897,503,460,0,460,3
2020-09-03,Humboldt,023,135768,436,390,1,391,4
2020-09-03,Imperial,025,180216,11388,10083,19,10102,255
2020-09-03,Inyo,027,18085,182,171,4,175,3
2020-09-03,Kern,029,883053,30374,29426,241,29667,340
2020-09-03,Kings,031,150075,6867,6200,36,6236,64
2020-09-03,Lake,033,64148,390,347,0,347,2
2020-09-03,Lassen,035,31185,732,707,2,709,0
2020-09-03,Los Angeles,037,10098052,248742,245026,1426,246452,5931
2020-09-03,Madera,039,155013,4065,3780,29,3809,43
2020-09-03,Marin,041,260295,6353,6175,15,6190,66
2020-09-03,Mariposa,043,17540,74,71,0,71,2
2020-09-03,Mendocino,045,87422,699,638,0,638,16
2020-09-03,Merced,047,269075,8374,8136,13,8149,105
2020-09-03,Modoc,049,8938,23,14,0,14,0
2020-09-03,Mono,051,14174,163,144,2,146,1
2020-09-03,Monterey,053,433212,8675,8128,22,8150,56
2020-09-03,Napa,055,140530,1544,1466,6,1472,10
2020-09-03,Nevada,057,99092,477,453,14,467,6
2020-09-03,Orange,059,3164182,51252,48226,1274,49500,1009
2020-09-03,Placer,061,380077,3276,3069,13,3082,34
2020-09-03,Plumas,063,18699,44,39,0,39,0
2020-09-03,Riverside,065,2383286,54809,53341,72,53413,1052
2020-09-03,Sacramento,067,1510023,19595,18553,18,18571,328
2020-09-03,San Benito,069,59416,1207,1121,0,1121,4
2020-09-03,San Bernardino,071,2135413,50314,48165,319,48484,800
2020-09-03,San Diego,073,3302833,41637,39448,583,40031,700
2020-09-03,San Francisco,075,870044,10096,9636,18,9654,84
2020-09-03,San Joaquin,077,732212,19058,18331,40,18371,371
2020-09-03,San Luis Obispo,079,281455,3281,3023,19,3042,21
2020-09-03,San Mateo,081,765935,9009,8211,9,8220,122
2020-09-03,Santa Barbara,083,443738,8533,8277,72,8349,96
2020-09-03,Santa Clara,085,1922200,19524,17879,38,17917,208
2020-09-03,Santa Cruz,087,273765,2014,1870,17,1887,7
2020-09-03,Shasta,089,179085,651,535,3,538,10
2020-09-03,Sierra,091,2930,6,6,0,6,0
2020-09-03,Siskiyou,093,43540,145,128,9,137,0
2020-09-03,Solano,095,438530,5713,5499,40,5539,36
2020-09-03,Sonoma,097,501317,6404,5997,19,6016,62
2020-09-03,Stanislaus,099,539301,15645,14985,391,15376,217
2020-09-03,Sutter,101,95872,1485,1412,1,1413,11
2020-09-03,Tehama,103,63373,456,436,2,438,1
2020-09-03,Trinity,105,12862,48,13,7,20,0
2020-09-03,Tulare,107,460477,15121,14408,64,14472,244
2020-09-03,Tuolumne,109,53932,217,193,3,196,1
2020-09-03,Ventura,111,848112,11848,11109,112,11221,112
2020-09-03,Yolo,113,214977,2608,2475,5,2480,53
2020-09-03,Yuba,115,75493,948,867,3,870,1
2020-09-02,Alameda,001,1643700,19577,18522,134,18656,260
2020-09-02,Alpine,003,1148,2,2,0,2,0
2020-09-02,Amador,005,37829,276,245,0,245,14
2020-09-02,Butte,007,227075,2552,2241,21,2262,27
2020-09-02,Calaveras,009,45235,284,235,0,235,1
2020-09-02,Colusa,011,21464,480,460,0,460,6
2020-09-02,Contra Costa,013,1133247,15111,14097,58,14155,159
2020-09-02,Del Norte,015,27424,117,109,0,109,2
2020-09-02,El Dorado,017,186661,1048,975,0,975,2
2020-09-02,Fresno,019,978130,28507,25785,321,26106,292
2020-09-02,Glenn,021,27897,498,457,0,457,3
2020-09-02,Humboldt,023,135768,433,381,1,382,4
2020-09-02,Imperial,025,180216,11372,9832,19,9851,255
2020-09-02,Inyo,027,18085,182,171,4,175,3
2020-09-02,Kern,029,883053,30281,29288,235,29523,335
2020-09-02,Kings,031,150075,6782,6142,36,6178,64
2020-09-02,Lake,033,64148,386,342,0,342,2
2020-09-02,Lassen,035,31185,730,706,2,708,0
2020-09-02,Los Angeles,037,10098052,247811,243999,1398,245397,5887
2020-09-02,Madera,039,155013,4045,3735,29,3764,41
2020-09-02,Marin,041,260295,6338,6131,15,6146,66
2020-09-02,Mariposa,043,17540,74,71,0,71,2
2020-09-02,Mendocino,045,87422,689,636,0,636,15
2020-09-02,Merced,047,269075,8343,8097,12,8109,103
2020-09-02,Modoc,049,8938,22,11,0,11,0
2020-09-02,Mono,051,14174,163,145,2,147,1
2020-09-02,Monterey,053,433212,8611,8070,22,8092,56
2020-09-02,Napa,055,140530,1532,1454,6,1460,10
2020-09-02,Nevada,057,99092,471,452,13,465,6
2020-09-02,Orange,059,3164182,51071,47871,1264,49135,994
2020-09-02,Placer,061,380077,3251,3047,12,3059,33
2020-09-02,Plumas,063,18699,44,39,0,39,0
2020-09-02,Riverside,065,2383286,54607,52923,69,52992,1032
2020-09-02,Sacramento,067,1510023,19362,18355,17,18372,316
2020-09-02,San Benito,069,59416,1194,1107,0,1107,4
2020-09-02,San Bernardino,071,2135413,50151,47766,316,48082,794
2020-09-02,San Diego,073,3302833,41317,39123,569,39692,695
2020-09-02,San Francisco,075,870044,10027,9587,18,9605,84
2020-09-02,San Joaquin,077,732212,18977,18194,39,18233,352
2020-09-02,San Luis Obispo,079,281455,3255,3002,18,3020,21
2020-09-02,San Mateo,081,765935,8952,8148,9,8157,122
2020-09-02,Santa Barbara,083,443738,8478,8206,71,8277,94
2020-09-02,Santa Clara,085,1922200,19370,17673,38,17711,206
2020-09-02,Santa Cruz,087,273765,1991,1850,17,1867,7
2020-09-02,Shasta,089,179085,650,531,3,534,10
2020-09-02,Sierra,091,2930,6,6,0,6,0
2020-09-02,Siskiyou,093,43540,144,127,9,136,0
2020-09-02,Solano,095,438530,5685,5463,40,5503,36
2020-09-02,Sonoma,097,501317,6342,5846,19,5865,62
2020-09-02,Stanislaus,099,539301,15575,14854,384,15238,220
2020-09-02,Sutter,101,95872,1470,1401,1,1402,10
2020-09-02,Tehama,103,63373,453,429,2,431,1
2020-09-02,Trinity,105,12862,48,13,7,20,0
2020-09-02,Tulare,107,460477,15054,14298,63,14361,244
2020-09-02,Tuolumne,109,53932,217,190,3,193,1
2020-09-02,Ventura,111,848112,11761,11031,111,11142,111
2020-09-02,Yolo,113,214977,2587,2449,5,2454,54
2020-09-02,Yuba,115,75493,941,856,3,859,1
2020-09-01,Alameda,001,1643700,19438,18382,131,18513,248
2020-09-01,Alpine,003,1148,2,2,0,2,0
2020-09-01,Amador,005,37829,275,244,0,244,13
2020-09-01,Butte,007,227075,2495,2146,21,2167,26
2020-09-01,Calaveras,009,45235,276,228,0,228,1
2020-09-01,Colusa,011,21464,476,454,0,454,6
2020-09-01,Contra Costa,013,1133247,15017,13998,56,14054,158
2020-09-01,Del Norte,015,27424,116,108,0,108,2
2020-09-01,El Dorado,017,186661,1040,972,0,972,2
2020-09-01,Fresno,019,978130,28360,25542,318,25860,290
2020-09-01,Glenn,021,27897,491,449,0,449,3
2020-09-01,Humboldt,023,135768,427,378,1,379,4
2020-09-01,Imperial,025,180216,11346,9782,19,9801,250
2020-09-01,Inyo,027,18085,182,171,4,175,3
2020-09-01,Kern,029,883053,30190,29162,230,29392,332
2020-09-01,Kings,031,150075,6751,6088,36,6124,62
2020-09-01,Lake,033,64148,383,341,0,341,2
2020-09-01,Lassen,035,31185,727,706,2,708,0
2020-09-01,Los Angeles,037,10098052,246720,242633,1374,244007,5832
2020-09-01,Madera,039,155013,4016,3703,28,3731,41
2020-09-01,Marin,041,260295,6323,6102,15,6117,67
2020-09-01,Mariposa,043,17540,73,72,0,72,2
2020-09-01,Mendocino,045,87422,674,626,0,626,15
2020-09-01,Merced,047,269075,8290,8046,11,8057,103
2020-09-01,Modoc,049,8938,20,10,0,10,0
2020-09-01,Mono,051,14174,163,145,2,147,1
2020-09-01,Monterey,053,433212,8504,7926,22,7948,56
2020-09-01,Napa,055,140530,1517,1446,6,1452,10
2020-09-01,Nevada,057,99092,465,450,13,463,6
2020-09-01,Orange,059,3164182,50906,47671,1245,48916,976
2020-09-01,Placer,061,380077,3229,3013,12,3025,33
2020-09-01,Plumas,063,18699,44,39,0,39,0
2020-09-01,Riverside,065,2383286,54389,52785,68,52853,1027
2020-09-01,Sacramento,067,1510023,19178,18217,16,18233,305
2020-09-01,San Benito,069,59416,1182,1089,0,1089,4
2020-09-01,San Bernardino,071,2135413,49944,47371,315,47686,786
2020-09-01,San Diego,073,3302833,40959,38873,531,39404,688
2020-09-01,San Francisco,075,870044,9958,9492,18,9510,83
2020-09-01,San Joaquin,077,732212,18895,17915,38,17953,341
2020-09-01,San Luis Obispo,079,281455,3229,2970,18,2988,21
2020-09-01,San Mateo,081,765935,8872,8132,9,8141,122
2020-09-01,Santa Barbara,083,443738,8428,8142,70,8212,93
2020-09-01,Santa Clara,085,1922200,19191,17319,38,17357,204
2020-09-01,Santa Cruz,087,273765,1967,1752,17,1769,7
2020-09-01,Shasta,089,179085,642,527,3,530,9
2020-09-01,Sierra,091,2930,6,6,0,6,0
2020-09-01,Siskiyou,093,43540,141,128,8,136,0
2020-09-01,Solano,095,438530,5659,5438,40,5478,34
2020-09-01,Sonoma,097,501317,6252,5733,19,5752,60
2020-09-01,Stanislaus,099,539301,15499,14784,374,15158,212
2020-09-01,Sutter,101,95872,1459,1389,1,1390,10
2020-09-01,Tehama,103,63373,449,422,2,424,1
2020-09-01,Trinity,105,12862,47,13,6,19,0
2020-09-01,Tulare,107,460477,14971,14156,63,14219,241
2020-09-01,Tuolumne,109,53932,211,183,3,186,1
2020-09-01,Ventura,111,848112,11683,10899,106,11005,108
2020-09-01,Yolo,113,214977,2571,2440,5,2445,51
2020-09-01,Yuba,115,75493,932,841,3,844,1
2020-08-31,Alameda,001,1643700,19293,18148,131,18279,248
2020-08-31,Alpine,003,1148,2,2,0,2,0
2020-08-31,Amador,005,37829,275,243,0,243,13
2020-08-31,Butte,007,227075,2431,2069,21,2090,26
2020-08-31,Calaveras,009,45235,271,212,0,212,1
2020-08-31,Colusa,011,21464,475,443,0,443,6
2020-08-31,Contra Costa,013,1133247,14890,13902,53,13955,153
2020-08-31,Del Norte,015,27424,116,108,0,108,2
2020-08-31,El Dorado,017,186661,1033,965,0,965,2
2020-08-31,Fresno,019,978130,28139,25185,312,25497,290
2020-08-31,Glenn,021,27897,479,437,0,437,3
2020-08-31,Humboldt,023,135768,425,374,1,375,4
2020-08-31,Imperial,025,180216,11315,9759,19,9778,250
2020-08-31,Inyo,027,18085,181,160,4,164,3
2020-08-31,Kern,029,883053,30092,29067,229,29296,318
2020-08-31,Kings,031,150075,6483,6037,36,6073,62
2020-08-31,Lake,033,64148,367,341,0,341,2
2020-08-31,Lassen,035,31185,724,706,2,708,0
2020-08-31,Los Angeles,037,10098052,245618,241793,1346,243139,5787
2020-08-31,Madera,039,155013,3993,3662,27,3689,35
2020-08-31,Marin,041,260295,6287,6074,15,6089,67
2020-08-31,Mariposa,043,17540,73,69,0,69,2
2020-08-31,Mendocino,045,87422,662,618,0,618,15
2020-08-31,Merced,047,269075,8228,7991,11,8002,79
2020-08-31,Modoc,049,8938,18,10,0,10,0
2020-08-31,Mono,051,14174,163,145,2,147,1
2020-08-31,Monterey,053,433212,8397,7839,22,7861,56
2020-08-31,Napa,055,140530,1509,1434,6,1440,10
2020-08-31,Nevada,057,99092,463,447,13,460,6
2020-08-31,Orange,059,3164182,50706,47392,1217,48609,965
2020-08-31,Placer,061,380077,3180,2989,12,3001,33
2020-08-31,Plumas,063,18699,43,39,0,39,0
2020-08-31,Riverside,065,2383286,54167,52508,66,52574,1020
2020-08-31,Sacramento,067,1510023,18941,17999,16,18015,303
2020-08-31,San Benito,069,59416,1166,1080,0,1080,4
2020-08-31,San Bernardino,071,2135413,49733,47370,314,47684,755
2020-08-31,San Diego,073,3302833,40592,38606,498,39104,682
2020-08-31,San Francisco,075,870044,9879,9293,15,9308,83
2020-08-31,San Joaquin,077,732212,18808,17807,37,17844,338
2020-08-31,San Luis Obispo,079,281455,3206,2951,17,2968,21
2020-08-31,San Mateo,081,765935,8802,8065,9,8074,122
2020-08-31,Santa Barbara,083,443738,8382,8124,70,8194,94
2020-08-31,Santa Clara,085,1922200,19002,17211,38,17249,202
2020-08-31,Santa Cruz,087,273765,1942,1742,17,1759,7
2020-08-31,Shasta,089,179085,637,528,3,531,9
2020-08-31,Sierra,091,2930,6,6,0,6,0
2020-08-31,Siskiyou,093,43540,140,127,8,135,0
2020-08-31,Solano,095,438530,5627,5302,39,5341,34
2020-08-31,Sonoma,097,501317,6177,5650,19,5669,60
2020-08-31,Stanislaus,099,539301,15424,14685,365,15050,213
2020-08-31,Sutter,101,95872,1444,1365,1,1366,10
2020-08-31,Tehama,103,63373,446,421,2,423,1
2020-08-31,Trinity,105,12862,47,13,6,19,0
2020-08-31,Tulare,107,460477,14884,13985,61,14046,237
2020-08-31,Tuolumne,109,53932,211,178,3,181,1
2020-08-31,Ventura,111,848112,11595,10866,105,10971,108
2020-08-31,Yolo,113,214977,2553,2423,5,2428,51
2020-08-31,Yuba,115,75493,918,830,3,833,1
2020-08-30,Alameda,001,1643700,19169,18099,129,18228,248
2020-08-30,Alpine,003,1148,2,2,0,2,0
2020-08-30,Amador,005,37829,274,240,0,240,13
2020-08-30,Butte,007,227075,2350,1988,21,2009,26
2020-08-30,Calaveras,009,45235,262,211,0,211,1
2020-08-30,Colusa,011,21464,474,440,0,440,6
2020-08-30,Contra Costa,013,1133247,14752,13780,53,13833,150
2020-08-30,Del Norte,015,27424,115,108,0,108,2
2020-08-30,El Dorado,017,186661,1023,962,0,962,2
2020-08-30,Fresno,019,978130,28013,24963,311,25274,291
2020-08-30,Glenn,021,27897,472,437,0,437,3
2020-08-30,Humboldt,023,135768,414,362,1,363,4
2020-08-30,Imperial,025,180216,11296,9703,18,9721,250
2020-08-30,Inyo,027,18085,181,160,4,164,3
2020-08-30,Kern,029,883053,29999,28987,229,29216,317
2020-08-30,Kings,031,150075,6437,6000,36,6036,62
2020-08-30,Lake,033,64148,362,334,0,334,2
2020-08-30,Lassen,035,31185,722,706,2,708,0
2020-08-30,Los Angeles,037,10098052,244481,240775,1313,242088,5772
2020-08-30,Madera,039,155013,3964,3626,27,3653,33
2020-08-30,Marin,041,260295,6257,6060,15,6075,66
2020-08-30,Mariposa,043,17540,73,69,0,69,2
2020-08-30,Mendocino,045,87422,656,611,0,611,13
2020-08-30,Merced,047,269075,8153,7960,11,7971,79
2020-08-30,Modoc,049,8938,13,10,0,10,0
2020-08-30,Mono,051,14174,163,145,2,147,1
2020-08-30,Monterey,053,433212,8313,7816,22,7838,54
2020-08-30,Napa,055,140530,1497,1423,6,1429,10
2020-08-30,Nevada,057,99092,460,445,13,458,6
2020-08-30,Orange,059,3164182,50510,47283,1203,48486,965
2020-08-30,Placer,061,380077,3147,2961,12,2973,32
2020-08-30,Plumas,063,18699,42,39,0,39,0
2020-08-30,Riverside,065,2383286,53988,52227,64,52291,1017
2020-08-30,Sacramento,067,1510023,18763,17751,16,17767,300
2020-08-30,San Benito,069,59416,1156,1071,0,1071,4
2020-08-30,San Bernardino,071,2135413,49476,47201,314,47515,755
2020-08-30,San Diego,073,3302833,40194,38302,477,38779,682
2020-08-30,San Francisco,075,870044,9781,9294,12,9306,83
2020-08-30,San Joaquin,077,732212,18691,17637,36,17673,338
2020-08-30,San Luis Obispo,079,281455,3181,2934,17,2951,21
2020-08-30,San Mateo,081,765935,8725,8013,8,8021,122
2020-08-30,Santa Barbara,083,443738,8322,8088,70,8158,93
2020-08-30,Santa Clara,085,1922200,18826,17045,38,17083,202
2020-08-30,Santa Cruz,087,273765,1916,1743,17,1760,7
2020-08-30,Shasta,089,179085,634,525,3,528,9
2020-08-30,Sierra,091,2930,6,6,0,6,0
2020-08-30,Siskiyou,093,43540,138,125,8,133,0
2020-08-30,Solano,095,438530,5583,5303,39,5342,34
2020-08-30,Sonoma,097,501317,6119,5590,19,5609,60
2020-08-30,Stanislaus,099,539301,15353,14580,356,14936,209
2020-08-30,Sutter,101,95872,1422,1351,1,1352,10
2020-08-30,Tehama,103,63373,437,419,2,421,1
2020-08-30,Trinity,105,12862,47,13,6,19,0
2020-08-30,Tulare,107,460477,14789,13985,60,14045,236
2020-08-30,Tuolumne,109,53932,207,178,3,181,1
2020-08-30,Ventura,111,848112,11482,10775,100,10875,108
2020-08-30,Yolo,113,214977,2525,2391,4,2395,51
2020-08-30,Yuba,115,75493,904,832,3,835,1
2020-08-29,Alameda,001,1643700,19102,17888,129,18017,250
2020-08-29,Alpine,003,1148,2,2,0,2,0
2020-08-29,Amador,005,37829,274,239,0,239,13
2020-08-29,Butte,007,227075,2319,1948,21,1969,26
2020-08-29,Calaveras,009,45235,258,211,0,211,1
2020-08-29,Colusa,011,21464,471,440,0,440,6
2020-08-29,Contra Costa,013,1133247,14679,13663,52,13715,159
2020-08-29,Del Norte,015,27424,115,108,0,108,1
2020-08-29,El Dorado,017,186661,1020,958,0,958,2
2020-08-29,Fresno,019,978130,27958,24821,311,25132,291
2020-08-29,Glenn,021,27897,466,437,0,437,3
2020-08-29,Humboldt,023,135768,411,363,1,364,4
2020-08-29,Imperial,025,180216,11281,9698,18,9716,250
2020-08-29,Inyo,027,18085,181,160,4,164,3
2020-08-29,Kern,029,883053,29958,28947,228,29175,317
2020-08-29,Kings,031,150075,6422,5906,36,5942,62
2020-08-29,Lake,033,64148,361,329,0,329,2
2020-08-29,Lassen,035,31185,722,706,2,708,0
2020-08-29,Los Angeles,037,10098052,243850,239815,1300,241115,5762
2020-08-29,Madera,039,155013,3955,3605,26,3631,33
2020-08-29,Marin,041,260295,6245,6007,15,6022,64
2020-08-29,Mariposa,043,17540,73,69,0,69,2
2020-08-29,Mendocino,045,87422,651,596,0,596,13
2020-08-29,Merced,047,269075,8123,7867,11,7878,79
2020-08-29,Modoc,049,8938,13,9,0,9,0
2020-08-29,Mono,051,14174,163,145,2,147,1
2020-08-29,Monterey,053,433212,8268,7680,22,7702,53
2020-08-29,Napa,055,140530,1494,1413,6,1419,10
2020-08-29,Nevada,057,99092,460,442,13,455,5
2020-08-29,Orange,059,3164182,50400,47007,1193,48200,960
2020-08-29,Placer,061,380077,3130,2935,12,2947,32
2020-08-29,Plumas,063,18699,41,39,0,39,0
2020-08-29,Riverside,065,2383286,53876,51918,62,51980,1016
2020-08-29,Sacramento,067,1510023,18691,17588,16,17604,291
2020-08-29,San Benito,069,59416,1147,1045,0,1045,4
2020-08-29,San Bernardino,071,2135413,49361,46849,314,47163,755
2020-08-29,San Diego,073,3302833,39928,38049,459,38508,694
2020-08-29,San Francisco,075,870044,9753,9291,11,9302,83
2020-08-29,San Joaquin,077,732212,18647,17493,36,17529,335
2020-08-29,San Luis Obispo,079,281455,3156,2917,17,2934,21
2020-08-29,San Mateo,081,765935,8683,7928,8,7936,122
2020-08-29,Santa Barbara,083,443738,8296,8052,69,8121,93
2020-08-29,Santa Clara,085,1922200,18729,16898,37,16935,202
2020-08-29,Santa Cruz,087,273765,1904,1746,17,1763,7
2020-08-29,Shasta,089,179085,626,522,3,525,9
2020-08-29,Sierra,091,2930,6,6,0,6,0
2020-08-29,Siskiyou,093,43540,138,121,8,129,0
2020-08-29,Solano,095,438530,5562,5303,39,5342,34
2020-08-29,Sonoma,097,501317,6084,5537,19,5556,60
2020-08-29,Stanislaus,099,539301,15304,14479,346,14825,208
2020-08-29,Sutter,101,95872,1417,1333,1,1334,9
2020-08-29,Tehama,103,63373,436,417,2,419,1
2020-08-29,Trinity,105,12862,46,11,6,17,0
2020-08-29,Tulare,107,460477,14751,13890,59,13949,236
2020-08-29,Tuolumne,109,53932,207,178,3,181,1
2020-08-29,Ventura,111,848112,11440,10705,100,10805,108
2020-08-29,Yolo,113,214977,2507,2357,4,2361,51
2020-08-29,Yuba,115,75493,895,822,3,825,1
2020-08-28,Alameda,001,1643700,19019,17729,128,17857,237
2020-08-28,Alpine,003,1148,2,2,0,2,0
2020-08-28,Amador,005,37829,274,234,0,234,13
2020-08-28,Butte,007,227075,2289,1886,21,1907,25
2020-08-28,Calaveras,009,45235,256,207,0,207,1
2020-08-28,Colusa,011,21464,470,441,0,441,6
2020-08-28,Contra Costa,013,1133247,14608,13522,51,13573,158
2020-08-28,Del Norte,015,27424,115,107,0,107,1
2020-08-28,El Dorado,017,186661,1014,949,0,949,2
2020-08-28,Fresno,019,978130,27824,24612,311,24923,282
2020-08-28,Glenn,021,27897,459,429,0,429,3
2020-08-28,Humboldt,023,135768,407,362,1,363,4
2020-08-28,Imperial,025,180216,11267,9656,18,9674,241
2020-08-28,Inyo,027,18085,180,160,4,164,2
2020-08-28,Kern,029,883053,29910,28744,228,28972,306
2020-08-28,Kings,031,150075,6415,5829,35,5864,62
2020-08-28,Lake,033,64148,356,320,0,320,2
2020-08-28,Lassen,035,31185,722,704,2,706,0
2020-08-28,Los Angeles,037,10098052,243039,238544,1276,239820,5740
2020-08-28,Madera,039,155013,3936,3552,26,3578,33
2020-08-28,Marin,041,260295,6223,5991,15,6006,63
2020-08-28,Mariposa,043,17540,73,67,0,67,2
2020-08-28,Mendocino,045,87422,646,588,0,588,11
2020-08-28,Merced,047,269075,8093,7803,11,7814,77
2020-08-28,Modoc,049,8938,13,6,0,6,0
2020-08-28,Mono,051,14174,163,145,2,147,1
2020-08-28,Monterey,053,433212,8211,7591,22,7613,53
2020-08-28,Napa,055,140530,1486,1403,5,1408,10
2020-08-28,Nevada,057,99092,459,438,13,451,5
2020-08-28,Orange,059,3164182,50300,46696,1178,47874,942
2020-08-28,Placer,061,380077,3119,2891,12,2903,32
2020-08-28,Plumas,063,18699,41,39,0,39,0
2020-08-28,Riverside,065,2383286,53745,51510,59,51569,1008
2020-08-28,Sacramento,067,1510023,18594,17119,16,17135,283
2020-08-28,San Benito,069,59416,1131,1016,0,1016,3
2020-08-28,San Bernardino,071,2135413,49243,46553,310,46863,754
2020-08-28,San Diego,073,3302833,39698,37786,444,38230,676
2020-08-28,San Francisco,075,870044,9700,9135,11,9146,83
2020-08-28,San Joaquin,077,732212,18594,17114,35,17149,314
2020-08-28,San Luis Obispo,079,281455,3139,2849,17,2866,20
2020-08-28,San Mateo,081,765935,8636,7783,8,7791,121
2020-08-28,Santa Barbara,083,443738,8264,8001,69,8070,92
2020-08-28,Santa Clara,085,1922200,18598,16696,37,16733,201
2020-08-28,Santa Cruz,087,273765,1892,1747,17,1764,7
2020-08-28,Shasta,089,179085,622,516,3,519,9
2020-08-28,Sierra,091,2930,6,6,0,6,0
2020-08-28,Siskiyou,093,43540,136,119,8,127,0
2020-08-28,Solano,095,438530,5543,5219,39,5258,34
2020-08-28,Sonoma,097,501317,6049,5425,18,5443,58
2020-08-28,Stanislaus,099,539301,15262,14176,342,14518,190
2020-08-28,Sutter,101,95872,1407,1308,1,1309,9
2020-08-28,Tehama,103,63373,431,410,2,412,1
2020-08-28,Trinity,105,12862,46,11,6,17,0
2020-08-28,Tulare,107,460477,14705,13776,59,13835,236
2020-08-28,Tuolumne,109,53932,207,176,3,179,1
2020-08-28,Ventura,111,848112,11404,10606,98,10704,103
2020-08-28,Yolo,113,214977,2498,2323,4,2327,51
2020-08-28,Yuba,115,75493,886,810,3,813,1
2020-08-27,Alameda,001,1643700,18874,17584,125,17709,234
2020-08-27,Alpine,003,1148,2,2,0,2,0
2020-08-27,Amador,005,37829,273,233,0,233,13
2020-08-27,Butte,007,227075,2223,1803,20,1823,25
2020-08-27,Calaveras,009,45235,250,204,0,204,1
2020-08-27,Colusa,011,21464,468,438,0,438,6
2020-08-27,Contra Costa,013,1133247,14507,13379,50,13429,158
2020-08-27,Del Norte,015,27424,115,107,0,107,1
2020-08-27,El Dorado,017,186661,1010,942,0,942,2
2020-08-27,Fresno,019,978130,27641,24367,306,24673,272
2020-08-27,Glenn,021,27897,451,429,0,429,3
2020-08-27,Humboldt,023,135768,399,358,1,359,4
2020-08-27,Imperial,025,180216,11240,9608,18,9626,235
2020-08-27,Inyo,027,18085,180,157,3,160,2
2020-08-27,Kern,029,883053,29838,28635,219,28854,294
2020-08-27,Kings,031,150075,6393,5759,35,5794,62
2020-08-27,Lake,033,64148,354,314,0,314,2
2020-08-27,Lassen,035,31185,722,703,2,705,0
2020-08-27,Los Angeles,037,10098052,242037,237103,1260,238363,5704
2020-08-27,Madera,039,155013,3910,3465,26,3491,33
2020-08-27,Marin,041,260295,6199,5929,15,5944,62
2020-08-27,Mariposa,043,17540,73,67,0,67,2
2020-08-27,Mendocino,045,87422,637,581,0,581,10
2020-08-27,Merced,047,269075,8048,7765,11,7776,75
2020-08-27,Modoc,049,8938,11,5,0,5,0
2020-08-27,Mono,051,14174,163,145,2,147,1
2020-08-27,Monterey,053,433212,8117,7501,22,7523,52
2020-08-27,Napa,055,140530,1480,1397,5,1402,10
2020-08-27,Nevada,057,99092,456,435,13,448,5
2020-08-27,Orange,059,3164182,50143,46449,1167,47616,935
2020-08-27,Placer,061,380077,3088,2869,12,2881,32
2020-08-27,Plumas,063,18699,40,39,0,39,0
2020-08-27,Riverside,065,2383286,53536,51306,56,51362,999
2020-08-27,Sacramento,067,1510023,18396,16875,16,16891,281
2020-08-27,San Benito,069,59416,1115,987,0,987,3
2020-08-27,San Bernardino,071,2135413,49017,46345,303,46648,751
2020-08-27,San Diego,073,3302833,39427,37501,424,37925,673
2020-08-27,San Francisco,075,870044,9634,9014,11,9025,83
2020-08-27,San Joaquin,077,732212,18514,16989,35,17024,314
2020-08-27,San Luis Obispo,079,281455,3114,2808,17,2825,20
2020-08-27,San Mateo,081,765935,8527,7728,8,7736,121
2020-08-27,Santa Barbara,083,443738,8226,7934,69,8003,92
2020-08-27,Santa Clara,085,1922200,18416,16495,37,16532,199
2020-08-27,Santa Cruz,087,273765,1875,1734,17,1751,7
2020-08-27,Shasta,089,179085,616,512,3,515,9
2020-08-27,Sierra,091,2930,6,6,0,6,0
2020-08-27,Siskiyou,093,43540,136,118,8,126,0
2020-08-27,Solano,095,438530,5505,5167,39,5206,34
2020-08-27,Sonoma,097,501317,5937,5357,18,5375,58
2020-08-27,Stanislaus,099,539301,15181,14080,339,14419,186
2020-08-27,Sutter,101,95872,1387,1296,1,1297,9
2020-08-27,Tehama,103,63373,427,398,2,400,1
2020-08-27,Trinity,105,12862,46,11,6,17,0
2020-08-27,Tulare,107,460477,14613,13666,58,13724,231
2020-08-27,Tuolumne,109,53932,202,174,3,177,1
2020-08-27,Ventura,111,848112,11341,10483,94,10577,102
2020-08-27,Yolo,113,214977,2474,2293,4,2297,51
2020-08-27,Yuba,115,75493,875,807,3,810,1
2020-08-26,Alameda,001,1643700,18712,17373,125,17498,233
2020-08-26,Alpine,003,1148,2,2,0,2,0
2020-08-26,Amador,005,37829,273,229,0,229,13
2020-08-26,Butte,007,227075,2156,1765,18,1783,25
2020-08-26,Calaveras,009,45235,243,201,0,201,1
2020-08-26,Colusa,011,21464,462,433,0,433,5
2020-08-26,Contra Costa,013,1133247,14370,13248,50,13298,157
2020-08-26,Del Norte,015,27424,114,86,0,86,1
2020-08-26,El Dorado,017,186661,1008,938,0,938,2
2020-08-26,Fresno,019,978130,27493,24071,304,24375,255
2020-08-26,Glenn,021,27897,449,429,0,429,3
2020-08-26,Humboldt,023,135768,387,357,1,358,4
2020-08-26,Imperial,025,180216,11218,9453,18,9471,227
2020-08-26,Inyo,027,18085,177,157,3,160,2
2020-08-26,Kern,029,883053,29699,28507,216,28723,286
2020-08-26,Kings,031,150075,6372,5720,35,5755,62
2020-08-26,Lake,033,64148,349,308,0,308,2
2020-08-26,Lassen,035,31185,722,702,2,704,0
2020-08-26,Los Angeles,037,10098052,241025,235499,1228,236727,5665
2020-08-26,Madera,039,155013,3881,3458,26,3484,32
2020-08-26,Marin,041,260295,6182,5887,15,5902,56
2020-08-26,Mariposa,043,17540,73,68,0,68,2
2020-08-26,Mendocino,045,87422,626,581,0,581,10
2020-08-26,Merced,047,269075,8015,7720,11,7731,74
2020-08-26,Modoc,049,8938,8,5,0,5,0
2020-08-26,Mono,051,14174,163,141,2,143,1
2020-08-26,Monterey,053,433212,8024,7439,22,7461,51
2020-08-26,Napa,055,140530,1467,1382,5,1387,10
2020-08-26,Nevada,057,99092,453,432,13,445,2
2020-08-26,Orange,059,3164182,49959,46157,1152,47309,905
2020-08-26,Placer,061,380077,3066,2846,10,2856,32
2020-08-26,Plumas,063,18699,39,39,0,39,0
2020-08-26,Riverside,065,2383286,53294,51138,56,51194,987
2020-08-26,Sacramento,067,1510023,18233,16708,16,16724,271
2020-08-26,San Benito,069,59416,1100,978,0,978,3
2020-08-26,San Bernardino,071,2135413,48809,45840,299,46139,743
2020-08-26,San Diego,073,3302833,39089,37224,397,37621,668
2020-08-26,San Francisco,075,870044,9559,8938,11,8949,81
2020-08-26,San Joaquin,077,732212,18425,16845,34,16879,309
2020-08-26,San Luis Obispo,079,281455,3086,2761,17,2778,20
2020-08-26,San Mateo,081,765935,8460,7655,8,7663,121
2020-08-26,Santa Barbara,083,443738,8192,7904,69,7973,90
2020-08-26,Santa Clara,085,1922200,18239,16283,37,16320,198
2020-08-26,Santa Cruz,087,273765,1864,1726,17,1743,7
2020-08-26,Shasta,089,179085,611,511,3,514,9
2020-08-26,Sierra,091,2930,6,6,0,6,0
2020-08-26,Siskiyou,093,43540,133,109,8,117,0
2020-08-26,Solano,095,438530,5481,5131,38,5169,34
2020-08-26,Sonoma,097,501317,5864,5283,18,5301,58
2020-08-26,Stanislaus,099,539301,15104,13964,333,14297,186
2020-08-26,Sutter,101,95872,1369,1275,1,1276,9
2020-08-26,Tehama,103,63373,424,396,2,398,1
2020-08-26,Trinity,105,12862,45,10,6,16,0
2020-08-26,Tulare,107,460477,14546,13568,58,13626,232
2020-08-26,Tuolumne,109,53932,201,172,3,175,1
2020-08-26,Ventura,111,848112,11269,10412,87,10499,100
2020-08-26,Yolo,113,214977,2452,2279,4,2283,49
2020-08-26,Yuba,115,75493,860,779,3,782,1
2020-08-25,Alameda,001,1643700,18555,17278,125,17403,232
2020-08-25,Alpine,003,1148,2,2,0,2,0
2020-08-25,Amador,005,37829,273,227,0,227,13
2020-08-25,Butte,007,227075,2089,1718,18,1736,24
2020-08-25,Calaveras,009,45235,241,196,0,196,1
2020-08-25,Colusa,011,21464,455,430,0,430,5
2020-08-25,Contra Costa,013,1133247,14232,13181,49,13230,156
2020-08-25,Del Norte,015,27424,113,83,0,83,1
2020-08-25,El Dorado,017,186661,1005,928,0,928,2
2020-08-25,Fresno,019,978130,27304,23932,303,24235,250
2020-08-25,Glenn,021,27897,446,429,0,429,3
2020-08-25,Humboldt,023,135768,382,342,1,343,4
2020-08-25,Imperial,025,180216,11190,9381,18,9399,217
2020-08-25,Inyo,027,18085,175,144,3,147,1
2020-08-25,Kern,029,883053,29562,28416,216,28632,285
2020-08-25,Kings,031,150075,6215,5702,35,5737,59
2020-08-25,Lake,033,64148,344,304,0,304,2
2020-08-25,Lassen,035,31185,721,692,2,694,0
2020-08-25,Los Angeles,037,10098052,239730,233961,1178,235139,5612
2020-08-25,Madera,039,155013,3866,3446,25,3471,32
2020-08-25,Marin,041,260295,6144,5860,15,5875,56
2020-08-25,Mariposa,043,17540,73,67,0,67,2
2020-08-25,Mendocino,045,87422,618,571,0,571,10
2020-08-25,Merced,047,269075,7948,7693,10,7703,69
2020-08-25,Modoc,049,8938,8,5,0,5,0
2020-08-25,Mono,051,14174,163,129,2,131,1
2020-08-25,Monterey,053,433212,7944,7333,22,7355,51
2020-08-25,Napa,055,140530,1460,1374,5,1379,10
2020-08-25,Nevada,057,99092,449,430,13,443,2
2020-08-25,Orange,059,3164182,49765,45737,1136,46873,902
2020-08-25,Placer,061,380077,3047,2829,7,2836,31
2020-08-25,Plumas,063,18699,39,39,0,39,0
2020-08-25,Riverside,065,2383286,53062,50889,56,50945,981
2020-08-25,Sacramento,067,1510023,18080,16601,16,16617,265
2020-08-25,San Benito,069,59416,1084,973,0,973,3
2020-08-25,San Bernardino,071,2135413,48575,45544,296,45840,727
2020-08-25,San Diego,073,3302833,38810,36996,375,37371,665
2020-08-25,San Francisco,075,870044,9481,8848,11,8859,81
2020-08-25,San Joaquin,077,732212,18298,16795,34,16829,306
2020-08-25,San Luis Obispo,079,281455,3027,2731,16,2747,20
2020-08-25,San Mateo,081,765935,8400,7636,8,7644,120
2020-08-25,Santa Barbara,083,443738,8140,7854,69,7923,90
2020-08-25,Santa Clara,085,1922200,18066,16199,37,16236,194
2020-08-25,Santa Cruz,087,273765,1845,1708,17,1725,7
2020-08-25,Shasta,089,179085,607,511,3,514,9
2020-08-25,Sierra,091,2930,6,6,0,6,0
2020-08-25,Siskiyou,093,43540,132,109,8,117,0
2020-08-25,Solano,095,438530,5420,5114,38,5152,34
2020-08-25,Sonoma,097,501317,5778,5148,18,5166,56
2020-08-25,Stanislaus,099,539301,14996,13886,322,14208,182
2020-08-25,Sutter,101,95872,1352,1259,1,1260,9
2020-08-25,Tehama,103,63373,421,394,2,396,1
2020-08-25,Trinity,105,12862,44,10,6,16,0
2020-08-25,Tulare,107,460477,14443,13514,57,13571,224
2020-08-25,Tuolumne,109,53932,199,172,3,175,1
2020-08-25,Ventura,111,848112,11184,10313,82,10395,99
2020-08-25,Yolo,113,214977,2439,2254,4,2258,50
2020-08-25,Yuba,115,75493,850,775,3,778,1
2020-08-24,Alameda,001,1643700,18360,16913,124,17037,231
2020-08-24,Alpine,003,1148,2,2,0,2,0
2020-08-24,Amador,005,37829,271,227,0,227,13
2020-08-24,Butte,007,227075,2005,1649,18,1667,23
2020-08-24,Calaveras,009,45235,231,187,0,187,1
2020-08-24,Colusa,011,21464,451,425,0,425,5
2020-08-24,Contra Costa,013,1133247,14117,12906,47,12953,153
2020-08-24,Del Norte,015,27424,113,80,0,80,1
2020-08-24,El Dorado,017,186661,997,908,0,908,2
2020-08-24,Fresno,019,978130,27116,23618,296,23914,235
2020-08-24,Glenn,021,27897,444,421,0,421,2
2020-08-24,Humboldt,023,135768,378,340,1,341,4
2020-08-24,Imperial,025,180216,11156,9323,17,9340,210
2020-08-24,Inyo,027,18085,171,144,3,147,2
2020-08-24,Kern,029,883053,29464,28157,210,28367,277
2020-08-24,Kings,031,150075,6127,5652,35,5687,60
2020-08-24,Lake,033,64148,329,302,0,302,2
2020-08-24,Lassen,035,31185,721,693,2,695,0
2020-08-24,Los Angeles,037,10098052,238368,233036,1159,234195,5562
2020-08-24,Madera,039,155013,3839,3418,25,3443,32
2020-08-24,Marin,041,260295,6081,5834,15,5849,56
2020-08-24,Mariposa,043,17540,71,66,0,66,2
2020-08-24,Mendocino,045,87422,603,550,0,550,10
2020-08-24,Merced,047,269075,7870,7605,10,7615,69
2020-08-24,Modoc,049,8938,8,5,0,5,0
2020-08-24,Mono,051,14174,163,129,2,131,1
2020-08-24,Monterey,053,433212,7835,7212,21,7233,50
2020-08-24,Napa,055,140530,1447,1358,5,1363,10
2020-08-24,Nevada,057,99092,444,423,13,436,2
2020-08-24,Orange,059,3164182,49572,45536,1126,46662,887
2020-08-24,Placer,061,380077,3001,2793,7,2800,31
2020-08-24,Plumas,063,18699,39,37,0,37,0
2020-08-24,Riverside,065,2383286,52784,50496,56,50552,975
2020-08-24,Sacramento,067,1510023,17883,16318,16,16334,249
2020-08-24,San Benito,069,59416,1063,961,0,961,3
2020-08-24,San Bernardino,071,2135413,48312,45199,294,45493,720
2020-08-24,San Diego,073,3302833,38522,36729,347,37076,660
2020-08-24,San Francisco,075,870044,9398,8621,10,8631,81
2020-08-24,San Joaquin,077,732212,18157,16565,33,16598,305
2020-08-24,San Luis Obispo,079,281455,2999,2705,16,2721,20
2020-08-24,San Mateo,081,765935,8333,7502,8,7510,120
2020-08-24,Santa Barbara,083,443738,8099,7784,69,7853,90
2020-08-24,Santa Clara,085,1922200,17862,16049,37,16086,192
2020-08-24,Santa Cruz,087,273765,1825,1627,16,1643,6
2020-08-24,Shasta,089,179085,605,505,3,508,9
2020-08-24,Sierra,091,2930,6,6,0,6,0
2020-08-24,Siskiyou,093,43540,128,107,8,115,0
2020-08-24,Solano,095,438530,5371,4979,36,5015,32
2020-08-24,Sonoma,097,501317,5676,5071,18,5089,56
2020-08-24,Stanislaus,099,539301,14897,13521,308,13829,171
2020-08-24,Sutter,101,95872,1333,1219,1,1220,9
2020-08-24,Tehama,103,63373,416,388,2,390,1
2020-08-24,Trinity,105,12862,44,10,6,16,0
2020-08-24,Tulare,107,460477,14336,13360,56,13416,223
2020-08-24,Tuolumne,109,53932,198,170,3,173,1
2020-08-24,Ventura,111,848112,11104,10261,78,10339,99
2020-08-24,Yolo,113,214977,2405,2239,4,2243,47
2020-08-24,Yuba,115,75493,833,750,3,753,1
2020-08-23,Alameda,001,1643700,18137,16786,123,16909,231
2020-08-23,Alpine,003,1148,2,2,0,2,0
2020-08-23,Amador,005,37829,268,227,0,227,13
2020-08-23,Butte,007,227075,1891,1637,18,1655,23
2020-08-23,Calaveras,009,45235,221,187,0,187,1
2020-08-23,Colusa,011,21464,444,424,0,424,5
2020-08-23,Contra Costa,013,1133247,13957,12642,47,12689,153
2020-08-23,Del Norte,015,27424,113,80,0,80,1
2020-08-23,El Dorado,017,186661,984,901,0,901,2
2020-08-23,Fresno,019,978130,26911,23414,292,23706,235
2020-08-23,Glenn,021,27897,437,421,0,421,2
2020-08-23,Humboldt,023,135768,376,341,1,342,4
2020-08-23,Imperial,025,180216,11128,9243,16,9259,210
2020-08-23,Inyo,027,18085,168,144,3,147,2
2020-08-23,Kern,029,883053,29315,28028,205,28233,277
2020-08-23,Kings,031,150075,6084,5628,35,5663,60
2020-08-23,Lake,033,64148,325,299,0,299,2
2020-08-23,Lassen,035,31185,720,693,2,695,0
2020-08-23,Los Angeles,037,10098052,236773,231833,1089,232922,5549
2020-08-23,Madera,039,155013,3807,3401,24,3425,32
2020-08-23,Marin,041,260295,6042,5807,14,5821,50
2020-08-23,Mariposa,043,17540,71,66,0,66,2
2020-08-23,Mendocino,045,87422,599,550,0,550,10
2020-08-23,Merced,047,269075,7801,7574,9,7583,69
2020-08-23,Modoc,049,8938,7,5,0,5,0
2020-08-23,Mono,051,14174,163,129,2,131,1
2020-08-23,Monterey,053,433212,7745,7173,21,7194,50
2020-08-23,Napa,055,140530,1435,1348,5,1353,10
2020-08-23,Nevada,057,99092,439,421,13,434,2
2020-08-23,Orange,059,3164182,49334,45267,1115,46382,887
2020-08-23,Placer,061,380077,2962,2772,7,2779,31
2020-08-23,Plumas,063,18699,39,37,0,37,0
2020-08-23,Riverside,065,2383286,52514,50293,54,50347,955
2020-08-23,Sacramento,067,1510023,17659,16084,15,16099,243
2020-08-23,San Benito,069,59416,1050,938,0,938,3
2020-08-23,San Bernardino,071,2135413,48043,45010,284,45294,719
2020-08-23,San Diego,073,3302833,38201,36542,320,36862,660
2020-08-23,San Francisco,075,870044,9303,8564,9,8573,80
2020-08-23,San Joaquin,077,732212,18024,16069,32,16101,305
2020-08-23,San Luis Obispo,079,281455,2957,2679,16,2695,20
2020-08-23,San Mateo,081,765935,8238,7450,8,7458,120
2020-08-23,Santa Barbara,083,443738,8031,7725,69,7794,90
2020-08-23,Santa Clara,085,1922200,17667,15912,35,15947,191
2020-08-23,Santa Cruz,087,273765,1799,1627,16,1643,6
2020-08-23,Shasta,089,179085,600,501,3,504,9
2020-08-23,Sierra,091,2930,6,6,0,6,0
2020-08-23,Siskiyou,093,43540,123,107,8,115,0
2020-08-23,Solano,095,438530,5313,4977,34,5011,32
2020-08-23,Sonoma,097,501317,5588,5018,18,5036,56
2020-08-23,Stanislaus,099,539301,14762,13483,285,13768,171
2020-08-23,Sutter,101,95872,1311,1203,1,1204,9
2020-08-23,Tehama,103,63373,406,381,2,383,1
2020-08-23,Trinity,105,12862,44,10,6,16,0
2020-08-23,Tulare,107,460477,14204,13303,53,13356,223
2020-08-23,Tuolumne,109,53932,195,164,3,167,1
2020-08-23,Ventura,111,848112,11003,10126,74,10200,99
2020-08-23,Yolo,113,214977,2377,2210,4,2214,47
2020-08-23,Yuba,115,75493,812,750,3,753,1
2020-08-22,Alameda,001,1643700,18043,16648,122,16770,231
2020-08-22,Alpine,003,1148,2,2,0,2,0
2020-08-22,Amador,005,37829,267,224,0,224,13
2020-08-22,Butte,007,227075,1840,1618,18,1636,22
2020-08-22,Calaveras,009,45235,218,187,0,187,1
2020-08-22,Colusa,011,21464,440,419,0,419,5
2020-08-22,Contra Costa,013,1133247,13870,12522,47,12569,153
2020-08-22,Del Norte,015,27424,112,80,0,80,1
2020-08-22,El Dorado,017,186661,982,900,0,900,2
2020-08-22,Fresno,019,978130,26814,23197,291,23488,235
2020-08-22,Glenn,021,27897,436,421,0,421,2
2020-08-22,Humboldt,023,135768,366,334,1,335,4
2020-08-22,Imperial,025,180216,11120,9244,16,9260,210
2020-08-22,Inyo,027,18085,168,144,3,147,1
2020-08-22,Kern,029,883053,29261,27807,205,28012,277
2020-08-22,Kings,031,150075,6075,5447,35,5482,60
2020-08-22,Lake,033,64148,323,291,0,291,2
2020-08-22,Lassen,035,31185,720,693,2,695,0
2020-08-22,Los Angeles,037,10098052,236114,230858,1071,231929,5540
2020-08-22,Madera,039,155013,3788,3330,24,3354,32
2020-08-22,Marin,041,260295,6030,5789,14,5803,49
2020-08-22,Mariposa,043,17540,71,66,0,66,2
2020-08-22,Mendocino,045,87422,596,529,0,529,10
2020-08-22,Merced,047,269075,7773,7493,9,7502,69
2020-08-22,Modoc,049,8938,7,5,0,5,0
2020-08-22,Mono,051,14174,163,129,2,131,1
2020-08-22,Monterey,053,433212,7697,7081,21,7102,50
2020-08-22,Napa,055,140530,1430,1328,5,1333,11
2020-08-22,Nevada,057,99092,439,411,13,424,2
2020-08-22,Orange,059,3164182,49193,45131,1109,46240,885
2020-08-22,Placer,061,380077,2948,2734,7,2741,30
2020-08-22,Plumas,063,18699,39,37,0,37,0
2020-08-22,Riverside,065,2383286,52366,49944,53,49997,953
2020-08-22,Sacramento,067,1510023,17547,15516,15,15531,239
2020-08-22,San Benito,069,59416,1034,912,0,912,3
2020-08-22,San Bernardino,071,2135413,47914,44803,280,45083,719
2020-08-22,San Diego,073,3302833,38019,36205,309,36514,673
2020-08-22,San Francisco,075,870044,9243,8568,9,8577,80
2020-08-22,San Joaquin,077,732212,17968,16068,32,16100,305
2020-08-22,San Luis Obispo,079,281455,2931,2660,16,2676,20
2020-08-22,San Mateo,081,765935,8191,7361,8,7369,120
2020-08-22,Santa Barbara,083,443738,8005,7685,69,7754,90
2020-08-22,Santa Clara,085,1922200,17559,15590,35,15625,190
2020-08-22,Santa Cruz,087,273765,1783,1628,15,1643,6
2020-08-22,Shasta,089,179085,598,493,3,496,9
2020-08-22,Sierra,091,2930,6,6,0,6,0
2020-08-22,Siskiyou,093,43540,123,106,8,114,0
2020-08-22,Solano,095,438530,5283,4944,33,4977,32
2020-08-22,Sonoma,097,501317,5542,4891,18,4909,57
2020-08-22,Stanislaus,099,539301,14712,13380,268,13648,170
2020-08-22,Sutter,101,95872,1304,1189,1,1190,8
2020-08-22,Tehama,103,63373,405,368,2,370,1
2020-08-22,Trinity,105,12862,44,8,6,14,0
2020-08-22,Tulare,107,460477,14137,13196,53,13249,222
2020-08-22,Tuolumne,109,53932,193,162,3,165,1
2020-08-22,Ventura,111,848112,10948,9959,72,10031,99
2020-08-22,Yolo,113,214977,2361,2188,4,2192,47
2020-08-22,Yuba,115,75493,800,738,3,741,1
2020-08-21,Alameda,001,1643700,17951,16413,122,16535,232
2020-08-21,Alpine,003,1148,2,2,0,2,0
2020-08-21,Amador,005,37829,266,223,0,223,11
2020-08-21,Butte,007,227075,1801,1582,18,1600,19
2020-08-21,Calaveras,009,45235,218,182,0,182,1
2020-08-21,Colusa,011,21464,438,418,0,418,5
2020-08-21,Contra Costa,013,1133247,13781,12333,46,12379,149
2020-08-21,Del Norte,015,27424,112,78,0,78,1
2020-08-21,El Dorado,017,186661,978,885,0,885,2
2020-08-21,Fresno,019,978130,26644,22840,290,23130,232
2020-08-21,Glenn,021,27897,432,418,0,418,2
2020-08-21,Humboldt,023,135768,363,331,1,332,4
2020-08-21,Imperial,025,180216,11104,9166,15,9181,204
2020-08-21,Inyo,027,18085,168,144,3,147,1
2020-08-21,Kern,029,883053,29202,27567,203,27770,269
2020-08-21,Kings,031,150075,6053,5391,35,5426,60
2020-08-21,Lake,033,64148,321,281,0,281,2
2020-08-21,Lassen,035,31185,720,693,2,695,0
2020-08-21,Los Angeles,037,10098052,235240,229235,1051,230286,5494
2020-08-21,Madera,039,155013,3758,3271,24,3295,31
2020-08-21,Marin,041,260295,6010,5762,14,5776,49
2020-08-21,Mariposa,043,17540,71,66,0,66,2
2020-08-21,Mendocino,045,87422,586,505,0,505,10
2020-08-21,Merced,047,269075,7744,7357,9,7366,69
2020-08-21,Modoc,049,8938,7,5,0,5,0
2020-08-21,Mono,051,14174,163,128,2,130,1
2020-08-21,Monterey,053,433212,7625,6974,21,6995,49
2020-08-21,Napa,055,140530,1421,1317,5,1322,10
2020-08-21,Nevada,057,99092,438,406,13,419,2
2020-08-21,Orange,059,3164182,49052,44625,1100,45725,875
2020-08-21,Placer,061,380077,2932,2698,6,2704,30
2020-08-21,Plumas,063,18699,39,36,0,36,0
2020-08-21,Riverside,065,2383286,52171,49409,53,49462,932
2020-08-21,Sacramento,067,1510023,17424,15247,15,15262,237
2020-08-21,San Benito,069,59416,1024,891,0,891,3
2020-08-21,San Bernardino,071,2135413,47794,44249,276,44525,668
2020-08-21,San Diego,073,3302833,37815,35914,292,36206,652
2020-08-21,San Francisco,075,870044,9193,8375,9,8384,80
2020-08-21,San Joaquin,077,732212,17885,15888,30,15918,301
2020-08-21,San Luis Obispo,079,281455,2908,2640,16,2656,19
2020-08-21,San Mateo,081,765935,8133,7253,8,7261,120
2020-08-21,Santa Barbara,083,443738,7964,7645,69,7714,86
2020-08-21,Santa Clara,085,1922200,17407,15399,35,15434,190
2020-08-21,Santa Cruz,087,273765,1771,1617,15,1632,6
2020-08-21,Shasta,089,179085,598,486,3,489,9
2020-08-21,Sierra,091,2930,6,6,0,6,0
2020-08-21,Siskiyou,093,43540,123,103,6,109,0
2020-08-21,Solano,095,438530,5260,4891,32,4923,32
2020-08-21,Sonoma,097,501317,5472,4816,18,4834,57
2020-08-21,Stanislaus,099,539301,14643,13282,253,13535,161
2020-08-21,Sutter,101,95872,1291,1173,1,1174,8
2020-08-21,Tehama,103,63373,403,357,2,359,1
2020-08-21,Trinity,105,12862,44,8,6,14,0
2020-08-21,Tulare,107,460477,14065,13002,52,13054,217
2020-08-21,Tuolumne,109,53932,185,161,3,164,1
2020-08-21,Ventura,111,848112,10883,9865,70,9935,98
2020-08-21,Yolo,113,214977,2345,2164,4,2168,46
2020-08-21,Yuba,115,75493,796,717,3,720,1
2020-08-20,Alameda,001,1643700,17792,16174,122,16296,229
2020-08-20,Alpine,003,1148,2,2,0,2,0
2020-08-20,Amador,005,37829,264,222,0,222,11
2020-08-20,Butte,007,227075,1750,1549,18,1567,18
2020-08-20,Calaveras,009,45235,215,179,0,179,1
2020-08-20,Colusa,011,21464,436,415,0,415,5
2020-08-20,Contra Costa,013,1133247,13653,12108,45,12153,144
2020-08-20,Del Norte,015,27424,112,78,0,78,1
2020-08-20,El Dorado,017,186661,974,881,0,881,2
2020-08-20,Fresno,019,978130,26462,22535,285,22820,228
2020-08-20,Glenn,021,27897,427,414,0,414,2
2020-08-20,Humboldt,023,135768,358,318,1,319,4
2020-08-20,Imperial,025,180216,11085,9086,15,9101,196
2020-08-20,Inyo,027,18085,167,144,3,147,1
2020-08-20,Kern,029,883053,29034,27337,192,27529,267
2020-08-20,Kings,031,150075,6013,5347,34,5381,59
2020-08-20,Lake,033,64148,316,280,0,280,2
2020-08-20,Lassen,035,31185,719,693,2,695,0
2020-08-20,Los Angeles,037,10098052,234016,227492,1032,228524,5445
2020-08-20,Madera,039,155013,3732,3197,24,3221,31
2020-08-20,Marin,041,260295,5992,5745,14,5759,47
2020-08-20,Mariposa,043,17540,71,67,0,67,2
2020-08-20,Mendocino,045,87422,575,497,0,497,10
2020-08-20,Merced,047,269075,7669,7173,9,7182,68
2020-08-20,Modoc,049,8938,7,5,0,5,0
2020-08-20,Mono,051,14174,163,128,2,130,1
2020-08-20,Monterey,053,433212,7554,6892,21,6913,47
2020-08-20,Napa,055,140530,1413,1306,5,1311,10
2020-08-20,Nevada,057,99092,437,401,13,414,2
2020-08-20,Orange,059,3164182,48825,44299,1089,45388,849
2020-08-20,Placer,061,380077,2916,2681,6,2687,30
2020-08-20,Plumas,063,18699,39,36,0,36,0
2020-08-20,Riverside,065,2383286,51952,48953,52,49005,927
2020-08-20,Sacramento,067,1510023,17182,14992,15,15007,231
2020-08-20,San Benito,069,59416,1011,866,0,866,3
2020-08-20,San Bernardino,071,2135413,47538,43627,272,43899,665
2020-08-20,San Diego,073,3302833,37595,35610,274,35884,644
2020-08-20,San Francisco,075,870044,9107,8262,9,8271,72
2020-08-20,San Joaquin,077,732212,17792,15778,30,15808,297
2020-08-20,San Luis Obispo,079,281455,2888,2590,16,2606,19
2020-08-20,San Mateo,081,765935,8067,7188,8,7196,120
2020-08-20,Santa Barbara,083,443738,7926,7571,69,7640,81
2020-08-20,Santa Clara,085,1922200,17235,15162,35,15197,190
2020-08-20,Santa Cruz,087,273765,1758,1581,15,1596,6
2020-08-20,Shasta,089,179085,597,478,3,481,9
2020-08-20,Sierra,091,2930,6,6,0,6,0
2020-08-20,Siskiyou,093,43540,122,102,1,103,0
2020-08-20,Solano,095,438530,5216,4843,32,4875,31
2020-08-20,Sonoma,097,501317,5400,4737,18,4755,54
2020-08-20,Stanislaus,099,539301,14547,13120,244,13364,161
2020-08-20,Sutter,101,95872,1267,1158,1,1159,8
2020-08-20,Tehama,103,63373,397,350,2,352,1
2020-08-20,Trinity,105,12862,44,8,6,14,0
2020-08-20,Tulare,107,460477,13957,12907,51,12958,217
2020-08-20,Tuolumne,109,53932,181,159,3,162,1
2020-08-20,Ventura,111,848112,10770,9744,69,9813,93
2020-08-20,Yolo,113,214977,2323,2150,4,2154,47
2020-08-20,Yuba,115,75493,779,709,3,712,1
2020-08-19,Alameda,001,1643700,17633,15874,121,15995,226
2020-08-19,Alpine,003,1148,2,2,0,2,0
2020-08-19,Amador,005,37829,263,219,0,219,9
2020-08-19,Butte,007,227075,1707,1517,18,1535,16
2020-08-19,Calaveras,009,45235,212,177,0,177,1
2020-08-19,Colusa,011,21464,435,415,0,415,5
2020-08-19,Contra Costa,013,1133247,13541,11895,43,11938,142
2020-08-19,Del Norte,015,27424,112,78,0,78,1
2020-08-19,El Dorado,017,186661,968,870,0,870,2
2020-08-19,Fresno,019,978130,26273,22167,276,22443,221
2020-08-19,Glenn,021,27897,425,414,0,414,2
2020-08-19,Humboldt,023,135768,355,316,1,317,4
2020-08-19,Imperial,025,180216,11057,9041,14,9055,192
2020-08-19,Inyo,027,18085,165,140,3,143,1
2020-08-19,Kern,029,883053,28917,27142,188,27330,263
2020-08-19,Kings,031,150075,5840,5301,32,5333,59
2020-08-19,Lake,033,64148,313,277,0,277,2
2020-08-19,Lassen,035,31185,711,693,2,695,0
2020-08-19,Los Angeles,037,10098052,232742,226006,992,226998,5399
2020-08-19,Madera,039,155013,3698,3158,22,3180,30
2020-08-19,Marin,041,260295,5968,5723,13,5736,46
2020-08-19,Mariposa,043,17540,71,64,0,64,2
2020-08-19,Mendocino,045,87422,559,495,0,495,8
2020-08-19,Merced,047,269075,7542,7082,6,7088,66
2020-08-19,Modoc,049,8938,7,5,0,5,0
2020-08-19,Mono,051,14174,163,128,2,130,1
2020-08-19,Monterey,053,433212,7452,6693,21,6714,45
2020-08-19,Napa,055,140530,1408,1293,5,1298,10
2020-08-19,Nevada,057,99092,430,398,13,411,2
2020-08-19,Orange,059,3164182,48620,43938,1086,45024,829
2020-08-19,Placer,061,380077,2894,2659,6,2665,28
2020-08-19,Plumas,063,18699,39,36,0,36,0
2020-08-19,Riverside,065,2383286,51703,48741,52,48793,922
2020-08-19,Sacramento,067,1510023,17001,14764,15,14779,229
2020-08-19,San Benito,069,59416,994,853,0,853,3
2020-08-19,San Bernardino,071,2135413,47239,43224,266,43490,661
2020-08-19,San Diego,073,3302833,37346,35378,259,35637,638
2020-08-19,San Francisco,075,870044,9042,8236,9,8245,72
2020-08-19,San Joaquin,077,732212,17666,15677,29,15706,296
2020-08-19,San Luis Obispo,079,281455,2848,2553,16,2569,19
2020-08-19,San Mateo,081,765935,7999,7146,8,7154,119
2020-08-19,Santa Barbara,083,443738,7877,7499,69,7568,80
2020-08-19,Santa Clara,085,1922200,17089,14994,35,15029,189
2020-08-19,Santa Cruz,087,273765,1732,1554,15,1569,6
2020-08-19,Shasta,089,179085,593,475,3,478,9
2020-08-19,Sierra,091,2930,6,6,0,6,0
2020-08-19,Siskiyou,093,43540,121,103,1,104,0
2020-08-19,Solano,095,438530,5175,4807,32,4839,31
2020-08-19,Sonoma,097,501317,5321,4614,18,4632,54
2020-08-19,Stanislaus,099,539301,14444,13084,222,13306,160
2020-08-19,Sutter,101,95872,1233,1146,1,1147,8
2020-08-19,Tehama,103,63373,391,342,2,344,1
2020-08-19,Trinity,105,12862,43,8,6,14,0
2020-08-19,Tulare,107,460477,13859,12756,51,12807,217
2020-08-19,Tuolumne,109,53932,178,159,3,162,1
2020-08-19,Ventura,111,848112,10678,9587,67,9654,91
2020-08-19,Yolo,113,214977,2300,2126,4,2130,47
2020-08-19,Yuba,115,75493,767,701,3,704,1
2020-08-18,Alameda,001,1643700,17456,15627,119,15746,223
2020-08-18,Alpine,003,1148,2,2,0,2,0
2020-08-18,Amador,005,37829,262,215,0,215,9
2020-08-18,Butte,007,227075,1674,1491,18,1509,16
2020-08-18,Calaveras,009,45235,208,174,0,174,1
2020-08-18,Colusa,011,21464,434,415,0,415,5
2020-08-18,Contra Costa,013,1133247,13421,11689,41,11730,141
2020-08-18,Del Norte,015,27424,111,78,0,78,0
2020-08-18,El Dorado,017,186661,963,866,0,866,2
2020-08-18,Fresno,019,978130,26052,21798,270,22068,212
2020-08-18,Glenn,021,27897,425,407,0,407,2
2020-08-18,Humboldt,023,135768,353,315,1,316,4
2020-08-18,Imperial,025,180216,11023,8968,14,8982,189
2020-08-18,Inyo,027,18085,164,140,3,143,1
2020-08-18,Kern,029,883053,28764,26978,184,27162,263
2020-08-18,Kings,031,150075,5805,5269,31,5300,58
2020-08-18,Lake,033,64148,310,274,0,274,2
2020-08-18,Lassen,035,31185,711,693,2,695,0
2020-08-18,Los Angeles,037,10098052,231482,224218,955,225173,5339
2020-08-18,Madera,039,155013,3670,3125,22,3147,28
2020-08-18,Marin,041,260295,5938,5708,13,5721,47
2020-08-18,Mariposa,043,17540,71,61,0,61,2
2020-08-18,Mendocino,045,87422,550,468,0,468,8
2020-08-18,Merced,047,269075,7494,6940,6,6946,66
2020-08-18,Modoc,049,8938,7,5,0,5,0
2020-08-18,Mono,051,14174,162,129,2,131,1
2020-08-18,Monterey,053,433212,7360,6691,20,6711,44
2020-08-18,Napa,055,140530,1405,1274,5,1279,10
2020-08-18,Nevada,057,99092,423,389,13,402,2
2020-08-18,Orange,059,3164182,48395,43659,1071,44730,809
2020-08-18,Placer,061,380077,2868,2644,5,2649,28
2020-08-18,Plumas,063,18699,39,34,0,34,0
2020-08-18,Riverside,065,2383286,51371,48447,52,48499,917
2020-08-18,Sacramento,067,1510023,16771,14610,14,14624,222
2020-08-18,San Benito,069,59416,974,836,0,836,3
2020-08-18,San Bernardino,071,2135413,46958,42827,260,43087,648
2020-08-18,San Diego,073,3302833,37053,35164,227,35391,633
2020-08-18,San Francisco,075,870044,8956,8016,9,8025,72
2020-08-18,San Joaquin,077,732212,17550,15509,28,15537,290
2020-08-18,San Luis Obispo,079,281455,2823,2535,15,2550,18
2020-08-18,San Mateo,081,765935,7937,7074,8,7082,119
2020-08-18,Santa Barbara,083,443738,7835,7472,69,7541,81
2020-08-18,Santa Clara,085,1922200,16916,14786,34,14820,184
2020-08-18,Santa Cruz,087,273765,1719,1509,15,1524,6
2020-08-18,Shasta,089,179085,589,468,3,471,9
2020-08-18,Sierra,091,2930,6,6,0,6,0
2020-08-18,Siskiyou,093,43540,120,103,1,104,0
2020-08-18,Solano,095,438530,5148,4700,32,4732,31
2020-08-18,Sonoma,097,501317,5252,4506,18,4524,48
2020-08-18,Stanislaus,099,539301,14346,12935,206,13141,149
2020-08-18,Sutter,101,95872,1214,1126,1,1127,8
2020-08-18,Tehama,103,63373,381,333,2,335,1
2020-08-18,Trinity,105,12862,41,8,6,14,0
2020-08-18,Tulare,107,460477,13728,12637,48,12685,212
2020-08-18,Tuolumne,109,53932,175,159,3,162,1
2020-08-18,Ventura,111,848112,10588,9536,62,9598,89
2020-08-18,Yolo,113,214977,2278,2102,4,2106,47
2020-08-18,Yuba,115,75493,759,679,3,682,1
2020-08-17,Alameda,001,1643700,17262,15454,118,15572,221
2020-08-17,Alpine,003,1148,2,2,0,2,0
2020-08-17,Amador,005,37829,262,215,0,215,9
2020-08-17,Butte,007,227075,1629,1463,18,1481,15
2020-08-17,Calaveras,009,45235,204,167,0,167,1
2020-08-17,Colusa,011,21464,431,408,0,408,5
2020-08-17,Contra Costa,013,1133247,13284,11442,41,11483,141
2020-08-17,Del Norte,015,27424,107,77,0,77,0
2020-08-17,El Dorado,017,186661,960,846,0,846,2
2020-08-17,Fresno,019,978130,25844,21316,263,21579,211
2020-08-17,Glenn,021,27897,424,402,0,402,2
2020-08-17,Humboldt,023,135768,349,302,1,303,4
2020-08-17,Imperial,025,180216,10982,8897,14,8911,188
2020-08-17,Inyo,027,18085,156,124,3,127,1
2020-08-17,Kern,029,883053,28617,26773,173,26946,249
2020-08-17,Kings,031,150075,5767,5249,31,5280,58
2020-08-17,Lake,033,64148,305,270,0,270,2
2020-08-17,Lassen,035,31185,711,666,2,668,0
2020-08-17,Los Angeles,037,10098052,229967,223418,907,224325,5282
2020-08-17,Madera,039,155013,3627,3050,21,3071,26
2020-08-17,Marin,041,260295,5915,5683,12,5695,46
2020-08-17,Mariposa,043,17540,71,61,0,61,2
2020-08-17,Mendocino,045,87422,532,454,0,454,8
2020-08-17,Merced,047,269075,7399,6814,6,6820,66
2020-08-17,Modoc,049,8938,7,5,0,5,0
2020-08-17,Mono,051,14174,162,126,2,128,1
2020-08-17,Monterey,053,433212,7260,6553,20,6573,44
2020-08-17,Napa,055,140530,1384,1255,5,1260,10
2020-08-17,Nevada,057,99092,418,383,13,396,2
2020-08-17,Orange,059,3164182,48185,43621,1058,44679,804
2020-08-17,Placer,061,380077,2843,2609,5,2614,28
2020-08-17,Plumas,063,18699,39,33,0,33,0
2020-08-17,Riverside,065,2383286,51039,48062,50,48112,916
2020-08-17,Sacramento,067,1510023,16551,14333,14,14347,219
2020-08-17,San Benito,069,59416,959,822,0,822,2
2020-08-17,San Bernardino,071,2135413,46613,42005,252,42257,604
2020-08-17,San Diego,073,3302833,36787,34962,213,35175,626
2020-08-17,San Francisco,075,870044,8885,7600,9,7609,72
2020-08-17,San Joaquin,077,732212,17387,15323,27,15350,280
2020-08-17,San Luis Obispo,079,281455,2790,2527,15,2542,18
2020-08-17,San Mateo,081,765935,7880,6987,7,6994,118
2020-08-17,Santa Barbara,083,443738,7793,7438,69,7507,80
2020-08-17,Santa Clara,085,1922200,16695,14546,34,14580,183
2020-08-17,Santa Cruz,087,273765,1703,1453,14,1467,6
2020-08-17,Shasta,089,179085,583,467,3,470,9
2020-08-17,Sierra,091,2930,6,6,0,6,0
2020-08-17,Siskiyou,093,43540,119,103,0,103,0
2020-08-17,Solano,095,438530,5091,4479,32,4511,31
2020-08-17,Sonoma,097,501317,5164,4402,16,4418,48
2020-08-17,Stanislaus,099,539301,14221,12745,199,12944,148
2020-08-17,Sutter,101,95872,1198,1071,1,1072,8
2020-08-17,Tehama,103,63373,372,324,2,326,1
2020-08-17,Trinity,105,12862,41,8,6,14,0
2020-08-17,Tulare,107,460477,13615,12487,47,12534,210
2020-08-17,Tuolumne,109,53932,172,157,3,160,1
2020-08-17,Ventura,111,848112,10465,9490,57,9547,89
2020-08-17,Yolo,113,214977,2251,2083,4,2087,47
2020-08-17,Yuba,115,75493,744,647,3,650,1
2020-08-16,Alameda,001,1643700,16971,15338,118,15456,221
2020-08-16,Alpine,003,1148,2,2,0,2,0
2020-08-16,Amador,005,37829,259,215,0,215,9
2020-08-16,Butte,007,227075,1591,1432,18,1450,15
2020-08-16,Calaveras,009,45235,197,167,0,167,1
2020-08-16,Colusa,011,21464,429,407,0,407,5
2020-08-16,Contra Costa,013,1133247,13098,11255,41,11296,140
2020-08-16,Del Norte,015,27424,103,77,0,77,0
2020-08-16,El Dorado,017,186661,948,843,0,843,2
2020-08-16,Fresno,019,978130,25623,21010,258,21268,211
2020-08-16,Glenn,021,27897,422,400,0,400,2
2020-08-16,Humboldt,023,135768,347,301,1,302,4
2020-08-16,Imperial,025,180216,10938,8883,14,8897,188
2020-08-16,Inyo,027,18085,149,125,2,127,1
2020-08-16,Kern,029,883053,28416,26520,165,26685,249
2020-08-16,Kings,031,150075,5736,5146,31,5177,58
2020-08-16,Lake,033,64148,301,269,0,269,2
2020-08-16,Lassen,035,31185,711,666,2,668,0
2020-08-16,Los Angeles,037,10098052,228399,222236,877,223113,5263
2020-08-16,Madera,039,155013,3582,3013,21,3034,26
2020-08-16,Marin,041,260295,5889,5664,12,5676,46
2020-08-16,Mariposa,043,17540,71,61,0,61,2
2020-08-16,Mendocino,045,87422,524,451,0,451,8
2020-08-16,Merced,047,269075,7317,6744,6,6750,66
2020-08-16,Modoc,049,8938,7,5,0,5,0
2020-08-16,Mono,051,14174,162,126,2,128,1
2020-08-16,Monterey,053,433212,7162,6516,19,6535,44
2020-08-16,Napa,055,140530,1366,1241,3,1244,10
2020-08-16,Nevada,057,99092,409,379,13,392,2
2020-08-16,Orange,059,3164182,47935,43303,1047,44350,803
2020-08-16,Placer,061,380077,2814,2583,4,2587,28
2020-08-16,Plumas,063,18699,39,33,0,33,0
2020-08-16,Riverside,065,2383286,50708,47669,49,47718,910
2020-08-16,Sacramento,067,1510023,16311,14210,14,14224,219
2020-08-16,San Benito,069,59416,930,815,0,815,2
2020-08-16,San Bernardino,071,2135413,46189,41724,244,41968,603
2020-08-16,San Diego,073,3302833,36523,34680,198,34878,626
2020-08-16,San Francisco,075,870044,8798,7602,9,7611,72
2020-08-16,San Joaquin,077,732212,17184,15288,27,15315,280
2020-08-16,San Luis Obispo,079,281455,2761,2494,15,2509,17
2020-08-16,San Mateo,081,765935,7805,6942,7,6949,118
2020-08-16,Santa Barbara,083,443738,7744,7368,69,7437,79
2020-08-16,Santa Clara,085,1922200,16497,14329,34,14363,183
2020-08-16,Santa Cruz,087,273765,1676,1449,13,1462,6
2020-08-16,Shasta,089,179085,576,465,3,468,9
2020-08-16,Sierra,091,2930,6,6,0,6,0
2020-08-16,Siskiyou,093,43540,118,102,0,102,0
2020-08-16,Solano,095,438530,5031,4479,32,4511,31
2020-08-16,Sonoma,097,501317,5060,4329,16,4345,46
2020-08-16,Stanislaus,099,539301,14063,12668,189,12857,148
2020-08-16,Sutter,101,95872,1180,1071,1,1072,8
2020-08-16,Tehama,103,63373,362,318,2,320,1
2020-08-16,Trinity,105,12862,38,8,6,14,0
2020-08-16,Tulare,107,460477,13483,12334,44,12378,211
2020-08-16,Tuolumne,109,53932,172,156,3,159,1
2020-08-16,Ventura,111,848112,10356,9408,52,9460,89
2020-08-16,Yolo,113,214977,2232,2057,4,2061,47
2020-08-16,Yuba,115,75493,735,647,2,649,1
2020-08-15,Alameda,001,1643700,16894,15165,118,15283,221
2020-08-15,Alpine,003,1148,2,2,0,2,0
2020-08-15,Amador,005,37829,259,210,0,210,9
2020-08-15,Butte,007,227075,1569,1409,18,1427,15
2020-08-15,Calaveras,009,45235,195,167,0,167,1
2020-08-15,Colusa,011,21464,428,401,0,401,5
2020-08-15,Contra Costa,013,1133247,13002,11106,41,11147,138
2020-08-15,Del Norte,015,27424,103,77,0,77,0
2020-08-15,El Dorado,017,186661,943,838,0,838,2
2020-08-15,Fresno,019,978130,25507,20603,256,20859,211
2020-08-15,Glenn,021,27897,422,398,0,398,2
2020-08-15,Humboldt,023,135768,346,301,1,302,4
2020-08-15,Imperial,025,180216,10918,8794,14,8808,188
2020-08-15,Inyo,027,18085,149,123,2,125,1
2020-08-15,Kern,029,883053,28328,26338,165,26503,249
2020-08-15,Kings,031,150075,5718,5039,31,5070,56
2020-08-15,Lake,033,64148,299,268,0,268,2
2020-08-15,Lassen,035,31185,711,666,2,668,0
2020-08-15,Los Angeles,037,10098052,227647,221043,868,221911,5252
2020-08-15,Madera,039,155013,3532,2950,21,2971,26
2020-08-15,Marin,041,260295,5882,5628,12,5640,46
2020-08-15,Mariposa,043,17540,71,61,0,61,2
2020-08-15,Mendocino,045,87422,520,444,0,444,8
2020-08-15,Merced,047,269075,7283,6656,6,6662,66
2020-08-15,Modoc,049,8938,7,5,0,5,0
2020-08-15,Mono,051,14174,162,126,2,128,1
2020-08-15,Monterey,053,433212,7117,6162,19,6181,44
2020-08-15,Napa,055,140530,1356,1232,3,1235,10
2020-08-15,Nevada,057,99092,409,376,13,389,2
2020-08-15,Orange,059,3164182,47822,42811,1036,43847,801
2020-08-15,Placer,061,380077,2793,2551,4,2555,27
2020-08-15,Plumas,063,18699,39,33,0,33,0
2020-08-15,Riverside,065,2383286,50557,46720,49,46769,910
2020-08-15,Sacramento,067,1510023,16201,14018,14,14032,219
2020-08-15,San Benito,069,59416,917,805,0,805,2
2020-08-15,San Bernardino,071,2135413,46037,41231,242,41473,602
2020-08-15,San Diego,073,3302833,36357,34346,184,34530,639
2020-08-15,San Francisco,075,870044,8734,7601,9,7610,69
2020-08-15,San Joaquin,077,732212,17111,15113,27,15140,280
2020-08-15,San Luis Obispo,079,281455,2744,2461,15,2476,17
2020-08-15,San Mateo,081,765935,7768,6860,7,6867,118
2020-08-15,Santa Barbara,083,443738,7716,7338,69,7407,79
2020-08-15,Santa Clara,085,1922200,16401,14105,34,14139,183
2020-08-15,Santa Cruz,087,273765,1655,1449,13,1462,6
2020-08-15,Shasta,089,179085,573,458,3,461,9
2020-08-15,Sierra,091,2930,6,6,0,6,0
2020-08-15,Siskiyou,093,43540,117,100,0,100,0
2020-08-15,Solano,095,438530,5009,4477,32,4509,31
2020-08-15,Sonoma,097,501317,5005,4134,16,4150,45
2020-08-15,Stanislaus,099,539301,13999,12541,188,12729,149
2020-08-15,Sutter,101,95872,1169,1046,1,1047,8
2020-08-15,Tehama,103,63373,361,312,2,314,1
2020-08-15,Trinity,105,12862,36,6,6,12,0
2020-08-15,Tulare,107,460477,13445,12262,44,12306,211
2020-08-15,Tuolumne,109,53932,172,155,3,158,1
2020-08-15,Ventura,111,848112,10297,9379,50,9429,89
2020-08-15,Yolo,113,214977,2220,2031,4,2035,46
2020-08-15,Yuba,115,75493,731,623,2,625,1
2020-08-14,Alameda,001,1643700,16755,14909,118,15027,221
2020-08-14,Alpine,003,1148,2,2,0,2,0
2020-08-14,Amador,005,37829,259,209,0,209,9
2020-08-14,Butte,007,227075,1560,1384,18,1402,15
2020-08-14,Calaveras,009,45235,191,165,0,165,1
2020-08-14,Colusa,011,21464,426,399,0,399,5
2020-08-14,Contra Costa,013,1133247,12890,10893,41,10934,137
2020-08-14,Del Norte,015,27424,103,76,0,76,0
2020-08-14,El Dorado,017,186661,935,827,0,827,2
2020-08-14,Fresno,019,978130,25373,19900,256,20156,208
2020-08-14,Glenn,021,27897,420,395,0,395,2
2020-08-14,Humboldt,023,135768,340,294,1,295,4
2020-08-14,Imperial,025,180216,10894,8756,14,8770,185
2020-08-14,Inyo,027,18085,148,115,2,117,1
2020-08-14,Kern,029,883053,28224,25893,164,26057,249
2020-08-14,Kings,031,150075,5704,4953,31,4984,56
2020-08-14,Lake,033,64148,290,267,0,267,2
2020-08-14,Lassen,035,31185,711,665,2,667,0
2020-08-14,Los Angeles,037,10098052,226480,219083,851,219934,5222
2020-08-14,Madera,039,155013,3502,2876,21,2897,26
2020-08-14,Marin,041,260295,5871,5601,12,5613,46
2020-08-14,Mariposa,043,17540,70,61,0,61,2
2020-08-14,Mendocino,045,87422,511,432,0,432,8
2020-08-14,Merced,047,269075,7253,6466,6,6472,67
2020-08-14,Modoc,049,8938,7,5,0,5,0
2020-08-14,Mono,051,14174,162,126,2,128,1
2020-08-14,Monterey,053,433212,7066,6121,19,6140,41
2020-08-14,Napa,055,140530,1346,1230,3,1233,10
2020-08-14,Nevada,057,99092,405,377,13,390,2
2020-08-14,Orange,059,3164182,47672,42399,1023,43422,798
2020-08-14,Placer,061,380077,2774,2546,4,2550,26
2020-08-14,Plumas,063,18699,38,33,0,33,0
2020-08-14,Riverside,065,2383286,50328,46456,49,46505,891
2020-08-14,Sacramento,067,1510023,16051,13645,14,13659,212
2020-08-14,San Benito,069,59416,900,783,0,783,2
2020-08-14,San Bernardino,071,2135413,45850,40442,239,40681,594
2020-08-14,San Diego,073,3302833,36163,34067,177,34244,622
2020-08-14,San Francisco,075,870044,8675,7467,9,7476,69
2020-08-14,San Joaquin,077,732212,17011,14925,27,14952,276
2020-08-14,San Luis Obispo,079,281455,2729,2422,15,2437,17
2020-08-14,San Mateo,081,765935,7709,6655,7,6662,118
2020-08-14,Santa Barbara,083,443738,7666,7302,69,7371,77
2020-08-14,Santa Clara,085,1922200,16235,13785,33,13818,183
2020-08-14,Santa Cruz,087,273765,1633,1418,12,1430,6
2020-08-14,Shasta,089,179085,568,446,3,449,9
2020-08-14,Sierra,091,2930,6,5,0,5,0
2020-08-14,Siskiyou,093,43540,117,98,0,98,0
2020-08-14,Solano,095,438530,4988,4421,32,4453,31
2020-08-14,Sonoma,097,501317,4945,4087,13,4100,45
2020-08-14,Stanislaus,099,539301,13922,12379,184,12563,140
2020-08-14,Sutter,101,95872,1161,1039,1,1040,8
2020-08-14,Tehama,103,63373,357,305,2,307,1
2020-08-14,Trinity,105,12862,36,6,6,12,0
2020-08-14,Tulare,107,460477,13368,12009,44,12053,211
2020-08-14,Tuolumne,109,53932,171,155,3,158,1
2020-08-14,Ventura,111,848112,10222,9313,50,9363,89
2020-08-14,Yolo,113,214977,2206,1991,4,1995,45
2020-08-14,Yuba,115,75493,715,606,2,608,1
2020-08-13,Alameda,001,1643700,16478,14385,118,14503,218
2020-08-13,Alpine,003,1148,2,2,0,2,0
2020-08-13,Amador,005,37829,259,198,0,198,8
2020-08-13,Butte,007,227075,1535,1345,18,1363,15
2020-08-13,Calaveras,009,45235,189,162,0,162,1
2020-08-13,Colusa,011,21464,426,395,0,395,5
2020-08-13,Contra Costa,013,1133247,12736,10545,40,10585,136
2020-08-13,Del Norte,015,27424,102,74,0,74,0
2020-08-13,El Dorado,017,186661,930,803,0,803,2
2020-08-13,Fresno,019,978130,25146,19157,250,19407,201
2020-08-13,Glenn,021,27897,416,392,0,392,1
2020-08-13,Humboldt,023,135768,332,281,1,282,4
2020-08-13,Imperial,025,180216,10862,8640,14,8654,170
2020-08-13,Inyo,027,18085,144,97,2,99,1
2020-08-13,Kern,029,883053,28057,25472,161,25633,242
2020-08-13,Kings,031,150075,5669,4824,31,4855,52
2020-08-13,Lake,033,64148,285,263,0,263,2
2020-08-13,Lassen,035,31185,711,652,2,654,0
2020-08-13,Los Angeles,037,10098052,225104,216497,830,217327,5179
2020-08-13,Madera,039,155013,3458,2675,20,2695,25
2020-08-13,Marin,041,260295,5855,5503,12,5515,44
2020-08-13,Mariposa,043,17540,69,61,0,61,2
2020-08-13,Mendocino,045,87422,506,401,0,401,8
2020-08-13,Merced,047,269075,7136,5945,6,5951,63
2020-08-13,Modoc,049,8938,7,5,0,5,0
2020-08-13,Mono,051,14174,162,124,2,126,1
2020-08-13,Monterey,053,433212,6983,5925,19,5944,38
2020-08-13,Napa,055,140530,1337,1179,3,1182,10
2020-08-13,Nevada,057,99092,401,362,13,375,1
2020-08-13,Orange,059,3164182,47433,42019,1011,43030,773
2020-08-13,Placer,061,380077,2751,2460,4,2464,26
2020-08-13,Plumas,063,18699,38,32,0,32,0
2020-08-13,Riverside,065,2383286,50032,45327,49,45376,885
2020-08-13,Sacramento,067,1510023,15849,13237,14,13251,197
2020-08-13,San Benito,069,59416,871,757,0,757,2
2020-08-13,San Bernardino,071,2135413,45455,39395,233,39628,591
2020-08-13,San Diego,073,3302833,35927,33661,159,33820,627
2020-08-13,San Francisco,075,870044,8581,7277,9,7286,69
2020-08-13,San Joaquin,077,732212,16856,14537,26,14563,261
2020-08-13,San Luis Obispo,079,281455,2707,2283,15,2298,16
2020-08-13,San Mateo,081,765935,7647,6503,7,6510,117
2020-08-13,Santa Barbara,083,443738,7621,7129,68,7197,74
2020-08-13,Santa Clara,085,1922200,16012,13257,33,13290,182
2020-08-13,Santa Cruz,087,273765,1608,1383,12,1395,6
2020-08-13,Shasta,089,179085,563,428,3,431,9
2020-08-13,Sierra,091,2930,6,5,0,5,0
2020-08-13,Siskiyou,093,43540,117,95,0,95,0
2020-08-13,Solano,095,438530,4951,4305,32,4337,31
2020-08-13,Sonoma,097,501317,4871,3902,13,3915,45
2020-08-13,Stanislaus,099,539301,13792,11953,168,12121,136
2020-08-13,Sutter,101,95872,1139,992,1,993,8
2020-08-13,Tehama,103,63373,348,302,2,304,1
2020-08-13,Trinity,105,12862,35,6,6,12,0
2020-08-13,Tulare,107,460477,13224,11692,41,11733,210
2020-08-13,Tuolumne,109,53932,170,152,3,155,1
2020-08-13,Ventura,111,848112,10133,9114,50,9164,90
2020-08-13,Yolo,113,214977,2179,1938,4,1942,44
2020-08-13,Yuba,115,75493,699,568,2,570,1
2020-08-12,Alameda,001,1643700,16266,14214,118,14332,215
2020-08-12,Alpine,003,1148,2,2,0,2,0
2020-08-12,Amador,005,37829,256,197,0,197,8
2020-08-12,Butte,007,227075,1507,1317,18,1335,15
2020-08-12,Calaveras,009,45235,186,157,0,157,1
2020-08-12,Colusa,011,21464,421,394,0,394,5
2020-08-12,Contra Costa,013,1133247,12591,10304,39,10343,134
2020-08-12,Del Norte,015,27424,101,74,0,74,0
2020-08-12,El Dorado,017,186661,912,794,0,794,2
2020-08-12,Fresno,019,978130,24916,18690,243,18933,194
2020-08-12,Glenn,021,27897,413,388,0,388,1
2020-08-12,Humboldt,023,135768,325,281,1,282,4
2020-08-12,Imperial,025,180216,10839,8566,14,8580,167
2020-08-12,Inyo,027,18085,127,97,2,99,1
2020-08-12,Kern,029,883053,27865,25191,159,25350,232
2020-08-12,Kings,031,150075,5630,4736,31,4767,50
2020-08-12,Lake,033,64148,283,253,0,253,2
2020-08-12,Lassen,035,31185,710,651,2,653,0
2020-08-12,Los Angeles,037,10098052,223704,214542,814,215356,5119
2020-08-12,Madera,039,155013,3424,2681,18,2699,23
2020-08-12,Marin,041,260295,5833,5423,12,5435,44
2020-08-12,Mariposa,043,17540,69,61,0,61,2
2020-08-12,Mendocino,045,87422,487,386,0,386,9
2020-08-12,Merced,047,269075,7074,5777,6,5783,66
2020-08-12,Modoc,049,8938,7,5,0,5,0
2020-08-12,Mono,051,14174,161,124,2,126,1
2020-08-12,Monterey,053,433212,6879,5919,19,5938,38
2020-08-12,Napa,055,140530,1327,1161,3,1164,10
2020-08-12,Nevada,057,99092,396,357,13,370,1
2020-08-12,Orange,059,3164182,47182,41576,987,42563,754
2020-08-12,Placer,061,380077,2719,2417,4,2421,25
2020-08-12,Plumas,063,18699,38,31,0,31,0
2020-08-12,Riverside,065,2383286,49684,44747,49,44796,867
2020-08-12,Sacramento,067,1510023,15637,12528,14,12542,189
2020-08-12,San Benito,069,59416,858,751,0,751,2
2020-08-12,San Bernardino,071,2135413,45112,38811,224,39035,589
2020-08-12,San Diego,073,3302833,35718,33395,139,33534,608
2020-08-12,San Francisco,075,870044,8498,7194,9,7203,66
2020-08-12,San Joaquin,077,732212,16709,14154,26,14180,253
2020-08-12,San Luis Obispo,079,281455,2682,2263,15,2278,15
2020-08-12,San Mateo,081,765935,7568,6427,7,6434,117
2020-08-12,Santa Barbara,083,443738,7561,7049,66,7115,74
2020-08-12,Santa Clara,085,1922200,15836,13002,33,13035,182
2020-08-12,Santa Cruz,087,273765,1579,1382,11,1393,6
2020-08-12,Shasta,089,179085,559,417,3,420,9
2020-08-12,Sierra,091,2930,5,4,0,4,0
2020-08-12,Siskiyou,093,43540,116,90,0,90,0
2020-08-12,Solano,095,438530,4906,4258,32,4290,31
2020-08-12,Sonoma,097,501317,4797,3847,13,3860,47
2020-08-12,Stanislaus,099,539301,13653,11682,160,11842,136
2020-08-12,Sutter,101,95872,1115,987,1,988,7
2020-08-12,Tehama,103,63373,338,289,2,291,1
2020-08-12,Trinity,105,12862,34,6,6,12,0
2020-08-12,Tulare,107,460477,13096,11460,41,11501,211
2020-08-12,Tuolumne,109,53932,169,150,3,153,1
2020-08-12,Ventura,111,848112,10046,9005,50,9055,87
2020-08-12,Yolo,113,214977,2155,1921,4,1925,44
2020-08-12,Yuba,115,75493,677,549,1,550,1
2020-08-11,Alameda,001,1643700,16005,13960,115,14075,204
2020-08-11,Alpine,003,1148,2,2,0,2,0
2020-08-11,Amador,005,37829,250,187,0,187,3
2020-08-11,Butte,007,227075,1480,1296,18,1314,15
2020-08-11,Calaveras,009,45235,184,161,0,161,1
2020-08-11,Colusa,011,21464,416,390,0,390,5
2020-08-11,Contra Costa,013,1133247,12402,10012,37,10049,131
2020-08-11,Del Norte,015,27424,100,73,0,73,0
2020-08-11,El Dorado,017,186661,905,786,0,786,2
2020-08-11,Fresno,019,978130,24594,18344,240,18584,187
2020-08-11,Glenn,021,27897,411,380,0,380,1
2020-08-11,Humboldt,023,135768,320,283,1,284,4
2020-08-11,Imperial,025,180216,10784,8518,13,8531,165
2020-08-11,Inyo,027,18085,122,97,2,99,1
2020-08-11,Kern,029,883053,27530,25042,157,25199,230
2020-08-11,Kings,031,150075,5439,4696,31,4727,50
2020-08-11,Lake,033,64148,280,243,0,243,2
2020-08-11,Lassen,035,31185,704,605,2,607,0
2020-08-11,Los Angeles,037,10098052,222204,212421,789,213210,5065
2020-08-11,Madera,039,155013,3370,2673,18,2691,22
2020-08-11,Marin,041,260295,5805,5287,11,5298,44
2020-08-11,Mariposa,043,17540,68,60,0,60,2
2020-08-11,Mendocino,045,87422,477,385,0,385,9
2020-08-11,Merced,047,269075,6979,5322,5,5327,65
2020-08-11,Modoc,049,8938,7,5,0,5,0
2020-08-11,Mono,051,14174,161,124,2,126,1
2020-08-11,Monterey,053,433212,6771,5624,19,5643,36
2020-08-11,Napa,055,140530,1316,1143,2,1145,11
2020-08-11,Nevada,057,99092,393,358,13,371,1
2020-08-11,Orange,059,3164182,46962,41205,965,42170,742
2020-08-11,Placer,061,380077,2687,2393,4,2397,24
2020-08-11,Plumas,063,18699,38,31,0,31,0
2020-08-11,Riverside,065,2383286,49327,44237,49,44286,836
2020-08-11,Sacramento,067,1510023,15346,12298,14,12312,182
2020-08-11,San Benito,069,59416,846,750,0,750,2
2020-08-11,San Bernardino,071,2135413,44771,38467,217,38684,584
2020-08-11,San Diego,073,3302833,35451,33159,120,33279,602
2020-08-11,San Francisco,075,870044,8402,6988,9,6997,66
2020-08-11,San Joaquin,077,732212,16532,13997,21,14018,251
2020-08-11,San Luis Obispo,079,281455,2625,2234,15,2249,15
2020-08-11,San Mateo,081,765935,7494,6339,7,6346,117
2020-08-11,Santa Barbara,083,443738,7511,6942,66,7008,70
2020-08-11,Santa Clara,085,1922200,15614,12920,33,12953,183
2020-08-11,Santa Cruz,087,273765,1556,1352,11,1363,4
2020-08-11,Shasta,089,179085,555,416,3,419,9
2020-08-11,Sierra,091,2930,5,4,0,4,0
2020-08-11,Siskiyou,093,43540,116,90,0,90,0
2020-08-11,Solano,095,438530,4858,4206,31,4237,31
2020-08-11,Sonoma,097,501317,4703,3752,13,3765,45
2020-08-11,Stanislaus,099,539301,13549,11592,148,11740,128
2020-08-11,Sutter,101,95872,1093,964,1,965,7
2020-08-11,Tehama,103,63373,334,289,2,291,1
2020-08-11,Trinity,105,12862,34,5,6,11,0
2020-08-11,Tulare,107,460477,12971,11392,40,11432,201
2020-08-11,Tuolumne,109,53932,164,146,3,149,1
2020-08-11,Ventura,111,848112,9978,8953,49,9002,88
2020-08-11,Yolo,113,214977,2133,1912,4,1916,44
2020-08-11,Yuba,115,75493,666,540,1,541,1
2020-08-10,Alameda,001,1643700,15765,13420,114,13534,203
2020-08-10,Alpine,003,1148,2,2,0,2,0
2020-08-10,Amador,005,37829,249,172,0,172,2
2020-08-10,Butte,007,227075,1456,1174,16,1190,15
2020-08-10,Calaveras,009,45235,174,121,0,121,1
2020-08-10,Colusa,011,21464,414,387,0,387,4
2020-08-10,Contra Costa,013,1133247,12249,9454,35,9489,130
2020-08-10,Del Norte,015,27424,98,69,0,69,0
2020-08-10,El Dorado,017,186661,893,771,0,771,2
2020-08-10,Fresno,019,978130,24313,17978,239,18217,183
2020-08-10,Glenn,021,27897,408,381,0,381,1
2020-08-10,Humboldt,023,135768,314,277,1,278,4
2020-08-10,Imperial,025,180216,10740,8465,13,8478,165
2020-08-10,Inyo,027,18085,122,97,2,99,1
2020-08-10,Kern,029,883053,27304,24499,156,24655,215
2020-08-10,Kings,031,150075,5333,4588,31,4619,50
2020-08-10,Lake,033,64148,273,239,0,239,2
2020-08-10,Lassen,035,31185,704,588,2,590,0
2020-08-10,Los Angeles,037,10098052,220628,211035,771,211806,5003
2020-08-10,Madera,039,155013,3337,2365,17,2382,22
2020-08-10,Marin,041,260295,5760,5242,10,5252,44
2020-08-10,Mariposa,043,17540,68,57,0,57,2
2020-08-10,Mendocino,045,87422,453,364,0,364,1
2020-08-10,Merced,047,269075,6898,4913,5,4918,51
2020-08-10,Modoc,049,8938,7,5,0,5,0
2020-08-10,Mono,051,14174,161,123,2,125,1
2020-08-10,Monterey,053,433212,6661,5358,19,5377,34
2020-08-10,Napa,055,140530,1298,1084,2,1086,8
2020-08-10,Nevada,057,99092,385,356,13,369,1
2020-08-10,Orange,059,3164182,46692,40445,947,41392,721
2020-08-10,Placer,061,380077,2648,2298,4,2302,21
2020-08-10,Plumas,063,18699,38,27,0,27,0
2020-08-10,Riverside,065,2383286,48943,43296,48,43344,830
2020-08-10,Sacramento,067,1510023,15035,12059,14,12073,168
2020-08-10,San Benito,069,59416,833,743,0,743,2
2020-08-10,San Bernardino,071,2135413,44394,37367,208,37575,579
2020-08-10,San Diego,073,3302833,35185,32977,104,33081,594
2020-08-10,San Francisco,075,870044,8312,6816,8,6824,66
2020-08-10,San Joaquin,077,732212,16350,13308,21,13329,240
2020-08-10,San Luis Obispo,079,281455,2526,2208,14,2222,15
2020-08-10,San Mateo,081,765935,7417,6222,7,6229,117
2020-08-10,Santa Barbara,083,443738,7456,6869,66,6935,66
2020-08-10,Santa Clara,085,1922200,15354,12615,32,12647,182
2020-08-10,Santa Cruz,087,273765,1536,1239,10,1249,4
2020-08-10,Shasta,089,179085,551,384,3,387,9
2020-08-10,Sierra,091,2930,5,3,0,3,0
2020-08-10,Siskiyou,093,43540,113,88,0,88,0
2020-08-10,Solano,095,438530,4798,4101,31,4132,31
2020-08-10,Sonoma,097,501317,4534,3640,9,3649,42
2020-08-10,Stanislaus,099,539301,13367,10855,131,10986,106
2020-08-10,Sutter,101,95872,1068,865,1,866,7
2020-08-10,Tehama,103,63373,327,282,2,284,1
2020-08-10,Trinity,105,12862,31,5,6,11,0
2020-08-10,Tulare,107,460477,12798,10750,38,10788,194
2020-08-10,Tuolumne,109,53932,164,143,2,145,1
2020-08-10,Ventura,111,848112,9894,8851,48,8899,85
2020-08-10,Yolo,113,214977,2110,1840,4,1844,45
2020-08-10,Yuba,115,75493,649,527,1,528,1
2020-08-09,Alameda,001,1643700,15485,13241,112,13353,203
2020-08-09,Alpine,003,1148,2,2,0,2,0
2020-08-09,Amador,005,37829,244,153,0,153,2
2020-08-09,Butte,007,227075,1412,1155,16,1171,15
2020-08-09,Calaveras,009,45235,169,122,0,122,1
2020-08-09,Colusa,011,21464,410,371,0,371,4
2020-08-09,Contra Costa,013,1133247,12021,9214,34,9248,130
2020-08-09,Del Norte,015,27424,98,69,0,69,0
2020-08-09,El Dorado,017,186661,885,748,0,748,2
2020-08-09,Fresno,019,978130,24004,17846,235,18081,183
2020-08-09,Glenn,021,27897,406,354,0,354,1
2020-08-09,Humboldt,023,135768,308,279,1,280,4
2020-08-09,Imperial,025,180216,10697,8310,12,8322,165
2020-08-09,Inyo,027,18085,117,86,1,87,1
2020-08-09,Kern,029,883053,27048,23680,156,23836,215
2020-08-09,Kings,031,150075,5290,4446,30,4476,50
2020-08-09,Lake,033,64148,266,225,0,225,2
2020-08-09,Lassen,035,31185,698,589,2,591,0
2020-08-09,Los Angeles,037,10098052,218568,208810,749,209559,4984
2020-08-09,Madera,039,155013,3278,2322,13,2335,22
2020-08-09,Marin,041,260295,5717,5204,10,5214,44
2020-08-09,Mariposa,043,17540,66,56,0,56,2
2020-08-09,Mendocino,045,87422,443,283,0,283,1
2020-08-09,Merced,047,269075,6800,4735,4,4739,51
2020-08-09,Modoc,049,8938,7,4,0,4,0
2020-08-09,Mono,051,14174,160,113,2,115,1
2020-08-09,Monterey,053,433212,6537,5199,19,5218,34
2020-08-09,Napa,055,140530,1279,1062,2,1064,8
2020-08-09,Nevada,057,99092,377,332,13,345,1
2020-08-09,Orange,059,3164182,46393,39244,932,40176,722
2020-08-09,Placer,061,380077,2619,2211,4,2215,20
2020-08-09,Plumas,063,18699,38,27,0,27,0
2020-08-09,Riverside,065,2383286,48597,41894,48,41942,828
2020-08-09,Sacramento,067,1510023,14755,11301,14,11315,167
2020-08-09,San Benito,069,59416,814,687,0,687,2
2020-08-09,San Bernardino,071,2135413,43919,36092,208,36300,579
2020-08-09,San Diego,073,3302833,34894,32749,93,32842,594
2020-08-09,San Francisco,075,870044,8197,6820,8,6828,66
2020-08-09,San Joaquin,077,732212,16145,12933,20,12953,240
2020-08-09,San Luis Obispo,079,281455,2490,2124,14,2138,15
2020-08-09,San Mateo,081,765935,7322,6094,7,6101,117
2020-08-09,Santa Barbara,083,443738,7368,6669,66,6735,66
2020-08-09,Santa Clara,085,1922200,15084,11878,32,11910,181
2020-08-09,Santa Cruz,087,273765,1512,1246,10,1256,4
2020-08-09,Shasta,089,179085,547,361,3,364,9
2020-08-09,Sierra,091,2930,5,3,0,3,0
2020-08-09,Siskiyou,093,43540,112,74,0,74,0
2020-08-09,Solano,095,438530,4745,3954,30,3984,31
2020-08-09,Sonoma,097,501317,4398,3531,7,3538,41
2020-08-09,Stanislaus,099,539301,13159,10264,118,10382,106
2020-08-09,Sutter,101,95872,1034,857,1,858,7
2020-08-09,Tehama,103,63373,319,265,2,267,1
2020-08-09,Trinity,105,12862,31,5,6,11,0
2020-08-09,Tulare,107,460477,12606,10630,35,10665,194
2020-08-09,Tuolumne,109,53932,161,143,2,145,1
2020-08-09,Ventura,111,848112,9746,8633,47,8680,85
2020-08-09,Yolo,113,214977,2079,1765,4,1769,44
2020-08-09,Yuba,115,75493,629,442,1,443,1
2020-08-08,Alameda,001,1643700,15375,13087,112,13199,204
2020-08-08,Alpine,003,1148,2,2,0,2,0
2020-08-08,Amador,005,37829,244,139,0,139,2
2020-08-08,Butte,007,227075,1394,1140,16,1156,15
2020-08-08,Calaveras,009,45235,168,122,0,122,1
2020-08-08,Colusa,011,21464,409,368,0,368,4
2020-08-08,Contra Costa,013,1133247,11912,9104,34,9138,129
2020-08-08,Del Norte,015,27424,97,69,0,69,0
2020-08-08,El Dorado,017,186661,878,734,0,734,2
2020-08-08,Fresno,019,978130,23867,17538,233,17771,183
2020-08-08,Glenn,021,27897,406,344,0,344,1
2020-08-08,Humboldt,023,135768,305,277,1,278,4
2020-08-08,Imperial,025,180216,10682,8213,12,8225,165
2020-08-08,Inyo,027,18085,113,86,1,87,1
2020-08-08,Kern,029,883053,26934,22803,156,22959,215
2020-08-08,Kings,031,150075,5276,4367,30,4397,49
2020-08-08,Lake,033,64148,264,221,0,221,2
2020-08-08,Lassen,035,31185,698,589,2,591,0
2020-08-08,Los Angeles,037,10098052,217683,206971,738,207709,4974
2020-08-08,Madera,039,155013,3247,2275,13,2288,22
2020-08-08,Marin,041,260295,5697,5118,10,5128,44
2020-08-08,Mariposa,043,17540,65,55,0,55,2
2020-08-08,Mendocino,045,87422,441,264,0,264,1
2020-08-08,Merced,047,269075,6760,4570,4,4574,51
2020-08-08,Modoc,049,8938,7,4,0,4,0
2020-08-08,Mono,051,14174,160,113,2,115,1
2020-08-08,Monterey,053,433212,6479,5101,19,5120,33
2020-08-08,Napa,055,140530,1271,1062,2,1064,8
2020-08-08,Nevada,057,99092,375,325,13,338,1
2020-08-08,Orange,059,3164182,46263,38688,923,39611,718
2020-08-08,Placer,061,380077,2602,2153,4,2157,20
2020-08-08,Plumas,063,18699,38,27,0,27,0
2020-08-08,Riverside,065,2383286,48393,41412,48,41460,823
2020-08-08,Sacramento,067,1510023,14626,11144,14,11158,166
2020-08-08,San Benito,069,59416,806,684,0,684,2
2020-08-08,San Bernardino,071,2135413,43723,35691,207,35898,531
2020-08-08,San Diego,073,3302833,34705,32332,84,32416,593
2020-08-08,San Francisco,075,870044,8131,6820,8,6828,66
2020-08-08,San Joaquin,077,732212,16064,12559,19,12578,240
2020-08-08,San Luis Obispo,079,281455,2467,2081,14,2095,15
2020-08-08,San Mateo,081,765935,7264,6021,7,6028,117
2020-08-08,Santa Barbara,083,443738,7330,6598,66,6664,66
2020-08-08,Santa Clara,085,1922200,14932,11615,32,11647,181
2020-08-08,Santa Cruz,087,273765,1498,1247,10,1257,4
2020-08-08,Shasta,089,179085,545,343,3,346,9
2020-08-08,Sierra,091,2930,5,3,0,3,0
2020-08-08,Siskiyou,093,43540,112,73,0,73,0
2020-08-08,Solano,095,438530,4724,3889,29,3918,31
2020-08-08,Sonoma,097,501317,4367,3399,7,3406,41
2020-08-08,Stanislaus,099,539301,13084,9963,113,10076,105
2020-08-08,Sutter,101,95872,1024,830,1,831,7
2020-08-08,Tehama,103,63373,318,251,2,253,1
2020-08-08,Trinity,105,12862,31,5,6,11,0
2020-08-08,Tulare,107,460477,12530,10505,35,10540,192
2020-08-08,Tuolumne,109,53932,161,143,2,145,1
2020-08-08,Ventura,111,848112,9691,8462,46,8508,85
2020-08-08,Yolo,113,214977,2066,1725,4,1729,44
2020-08-08,Yuba,115,75493,620,430,1,431,1
2020-08-07,Alameda,001,1643700,15265,12805,112,12917,204
2020-08-07,Alpine,003,1148,2,2,0,2,0
2020-08-07,Amador,005,37829,242,125,0,125,2
2020-08-07,Butte,007,227075,1376,1092,16,1108,13
2020-08-07,Calaveras,009,45235,168,119,0,119,1
2020-08-07,Colusa,011,21464,408,358,0,358,4
2020-08-07,Contra Costa,013,1133247,11763,8810,34,8844,126
2020-08-07,Del Norte,015,27424,97,69,0,69,0
2020-08-07,El Dorado,017,186661,873,724,0,724,2
2020-08-07,Fresno,019,978130,23707,17290,233,17523,171
2020-08-07,Glenn,021,27897,405,339,0,339,1
2020-08-07,Humboldt,023,135768,301,274,1,275,4
2020-08-07,Imperial,025,180216,10657,8085,12,8097,164
2020-08-07,Inyo,027,18085,112,81,1,82,1
2020-08-07,Kern,029,883053,26808,22143,153,22296,206
2020-08-07,Kings,031,150075,5259,4315,30,4345,48
2020-08-07,Lake,033,64148,262,215,0,215,1
2020-08-07,Lassen,035,31185,697,588,2,590,0
2020-08-07,Los Angeles,037,10098052,216217,204406,726,205132,4924
2020-08-07,Madera,039,155013,3215,2245,13,2258,20
2020-08-07,Marin,041,260295,5668,5094,10,5104,43
2020-08-07,Mariposa,043,17540,65,53,0,53,2
2020-08-07,Mendocino,045,87422,427,262,0,262,1
2020-08-07,Merced,047,269075,6717,4358,4,4362,30
2020-08-07,Modoc,049,8938,7,4,0,4,0
2020-08-07,Mono,051,14174,160,112,2,114,1
2020-08-07,Monterey,053,433212,6404,5041,19,5060,33
2020-08-07,Napa,055,140530,1266,1055,2,1057,8
2020-08-07,Nevada,057,99092,372,324,13,337,1
2020-08-07,Orange,059,3164182,46051,38459,906,39365,701
2020-08-07,Placer,061,380077,2584,2078,4,2082,20
2020-08-07,Plumas,063,18699,38,25,0,25,0
2020-08-07,Riverside,065,2383286,48130,40902,47,40949,810
2020-08-07,Sacramento,067,1510023,14481,10798,14,10812,160
2020-08-07,San Benito,069,59416,800,647,0,647,2
2020-08-07,San Bernardino,071,2135413,43476,35200,206,35406,524
2020-08-07,San Diego,073,3302833,34520,31781,81,31862,586
2020-08-07,San Francisco,075,870044,8053,6765,8,6773,66
2020-08-07,San Joaquin,077,732212,15979,12392,19,12411,223
2020-08-07,San Luis Obispo,079,281455,2436,2050,14,2064,14
2020-08-07,San Mateo,081,765935,7205,5948,7,5955,117
2020-08-07,Santa Barbara,083,443738,7279,6509,66,6575,66
2020-08-07,Santa Clara,085,1922200,14733,11409,32,11441,180
2020-08-07,Santa Cruz,087,273765,1480,1234,10,1244,5
2020-08-07,Shasta,089,179085,540,342,3,345,9
2020-08-07,Sierra,091,2930,5,3,0,3,0
2020-08-07,Siskiyou,093,43540,109,73,0,73,0
2020-08-07,Solano,095,438530,4692,3844,28,3872,31
2020-08-07,Sonoma,097,501317,4303,3329,7,3336,34
2020-08-07,Stanislaus,099,539301,12962,9665,103,9768,98
2020-08-07,Sutter,101,95872,1020,807,1,808,6
2020-08-07,Tehama,103,63373,314,246,2,248,1
2020-08-07,Trinity,105,12862,30,5,6,11,0
2020-08-07,Tulare,107,460477,12453,10292,35,10327,195
2020-08-07,Tuolumne,109,53932,160,136,2,138,1
2020-08-07,Ventura,111,848112,9631,8356,44,8400,84
2020-08-07,Yolo,113,214977,2039,1689,4,1693,37
2020-08-07,Yuba,115,75493,615,413,1,414,1
2020-08-06,Alameda,001,1643700,15042,12474,111,12585,200
2020-08-06,Alpine,003,1148,2,2,0,2,0
2020-08-06,Amador,005,37829,228,125,0,125,0
2020-08-06,Butte,007,227075,1357,1060,16,1076,13
2020-08-06,Calaveras,009,45235,166,117,0,117,1
2020-08-06,Colusa,011,21464,405,358,0,358,3
2020-08-06,Contra Costa,013,1133247,11569,8583,33,8616,124
2020-08-06,Del Norte,015,27424,97,69,0,69,0
2020-08-06,El Dorado,017,186661,862,703,0,703,1
2020-08-06,Fresno,019,978130,23409,17031,226,17257,161
2020-08-06,Glenn,021,27897,400,332,0,332,1
2020-08-06,Humboldt,023,135768,296,266,1,267,4
2020-08-06,Imperial,025,180216,10614,8064,12,8076,163
2020-08-06,Inyo,027,18085,104,83,1,84,1
2020-08-06,Kern,029,883053,26572,21843,152,21995,197
2020-08-06,Kings,031,150075,5197,4264,29,4293,47
2020-08-06,Lake,033,64148,259,209,0,209,1
2020-08-06,Lassen,035,31185,695,588,2,590,0
2020-08-06,Los Angeles,037,10098052,214146,201372,710,202082,4874
2020-08-06,Madera,039,155013,3167,2240,12,2252,19
2020-08-06,Marin,041,260295,5636,5058,10,5068,43
2020-08-06,Mariposa,043,17540,64,52,0,52,2
2020-08-06,Mendocino,045,87422,413,260,0,260,1
2020-08-06,Merced,047,269075,6616,4235,4,4239,30
2020-08-06,Modoc,049,8938,7,4,0,4,0
2020-08-06,Mono,051,14174,159,111,2,113,1
2020-08-06,Monterey,053,433212,6295,5001,18,5019,33
2020-08-06,Napa,055,140530,1252,1032,2,1034,8
2020-08-06,Nevada,057,99092,367,321,13,334,1
2020-08-06,Orange,059,3164182,45759,38399,901,39300,694
2020-08-06,Placer,061,380077,2558,2045,4,2049,20
2020-08-06,Plumas,063,18699,37,25,0,25,0
2020-08-06,Riverside,065,2383286,47735,40269,47,40316,781
2020-08-06,Sacramento,067,1510023,14252,10548,14,10562,153
2020-08-06,San Benito,069,59416,792,626,0,626,2
2020-08-06,San Bernardino,071,2135413,43071,34819,204,35023,516
2020-08-06,San Diego,073,3302833,34253,31129,74,31203,583
2020-08-06,San Francisco,075,870044,7960,6737,7,6744,60
2020-08-06,San Joaquin,077,732212,15820,12269,19,12288,203
2020-08-06,San Luis Obispo,079,281455,2412,2000,13,2013,13
2020-08-06,San Mateo,081,765935,7105,5885,7,5892,117
2020-08-06,Santa Barbara,083,443738,7219,6620,66,6686,65
2020-08-06,Santa Clara,085,1922200,14504,11280,32,11312,178
2020-08-06,Santa Cruz,087,273765,1459,1215,10,1225,4
2020-08-06,Shasta,089,179085,531,343,3,346,9
2020-08-06,Sierra,091,2930,5,3,0,3,0
2020-08-06,Siskiyou,093,43540,109,73,0,73,0
2020-08-06,Solano,095,438530,4649,3784,28,3812,29
2020-08-06,Sonoma,097,501317,4239,3259,7,3266,33
2020-08-06,Stanislaus,099,539301,12812,9566,87,9653,98
2020-08-06,Sutter,101,95872,989,797,1,798,6
2020-08-06,Tehama,103,63373,311,242,2,244,1
2020-08-06,Trinity,105,12862,27,5,6,11,0
2020-08-06,Tulare,107,460477,12294,10169,35,10204,195
2020-08-06,Tuolumne,109,53932,159,136,2,138,1
2020-08-06,Ventura,111,848112,9516,8245,41,8286,80
2020-08-06,Yolo,113,214977,2015,1662,4,1666,36
2020-08-06,Yuba,115,75493,606,407,0,407,1
2020-08-05,Alameda,001,1643700,14828,12140,111,12251,193
2020-08-05,Alpine,003,1148,2,2,0,2,0
2020-08-05,Amador,005,37829,218,123,0,123,0
2020-08-05,Butte,007,227075,1323,1038,15,1053,13
2020-08-05,Calaveras,009,45235,163,116,0,116,1
2020-08-05,Colusa,011,21464,401,354,0,354,3
2020-08-05,Contra Costa,013,1133247,11400,8362,33,8395,122
2020-08-05,Del Norte,015,27424,96,69,0,69,0
2020-08-05,El Dorado,017,186661,854,692,0,692,1
2020-08-05,Fresno,019,978130,23165,16625,221,16846,159
2020-08-05,Glenn,021,27897,397,330,0,330,1
2020-08-05,Humboldt,023,135768,294,249,1,250,4
2020-08-05,Imperial,025,180216,10579,8036,12,8048,163
2020-08-05,Inyo,027,18085,102,62,1,63,1
2020-08-05,Kern,029,883053,26384,21540,147,21687,194
2020-08-05,Kings,031,150075,5152,4192,27,4219,47
2020-08-05,Lake,033,64148,252,209,0,209,1
2020-08-05,Lassen,035,31185,648,557,2,559,0
2020-08-05,Los Angeles,037,10098052,212229,198355,690,199045,4832
2020-08-05,Madera,039,155013,3125,2172,12,2184,19
2020-08-05,Marin,041,260295,5604,5036,10,5046,43
2020-08-05,Mariposa,043,17540,64,52,0,52,2
2020-08-05,Mendocino,045,87422,401,248,0,248,1
2020-08-05,Merced,047,269075,6481,4119,4,4123,30
2020-08-05,Modoc,049,8938,7,3,0,3,0
2020-08-05,Mono,051,14174,159,104,2,106,1
2020-08-05,Monterey,053,433212,6180,4936,18,4954,32
2020-08-05,Napa,055,140530,1240,1020,2,1022,8
2020-08-05,Nevada,057,99092,358,327,13,340,2
2020-08-05,Orange,059,3164182,45450,37907,893,38800,663
2020-08-05,Placer,061,380077,2517,1989,4,1993,18
2020-08-05,Plumas,063,18699,36,25,0,25,0
2020-08-05,Riverside,065,2383286,47343,39454,45,39499,761
2020-08-05,Sacramento,067,1510023,14033,10261,13,10274,151
2020-08-05,San Benito,069,59416,783,613,0,613,2
2020-08-05,San Bernardino,071,2135413,42609,34442,199,34641,504
2020-08-05,San Diego,073,3302833,34029,30866,58,30924,578
2020-08-05,San Francisco,075,870044,7867,6701,7,6708,60
2020-08-05,San Joaquin,077,732212,15657,12148,19,12167,199
2020-08-05,San Luis Obispo,079,281455,2388,1928,13,1941,13
2020-08-05,San Mateo,081,765935,7009,5695,7,5702,116
2020-08-05,Santa Barbara,083,443738,7159,6597,66,6663,63
2020-08-05,Santa Clara,085,1922200,14270,11074,32,11106,176
2020-08-05,Santa Cruz,087,273765,1439,1192,8,1200,4
2020-08-05,Shasta,089,179085,525,338,3,341,9
2020-08-05,Sierra,091,2930,5,3,0,3,0
2020-08-05,Siskiyou,093,43540,105,72,0,72,0
2020-08-05,Solano,095,438530,4598,3750,27,3777,29
2020-08-05,Sonoma,097,501317,4156,3173,7,3180,33
2020-08-05,Stanislaus,099,539301,12653,9408,82,9490,97
2020-08-05,Sutter,101,95872,978,780,1,781,6
2020-08-05,Tehama,103,63373,308,231,2,233,1
2020-08-05,Trinity,105,12862,27,5,6,11,0
2020-08-05,Tulare,107,460477,12154,9924,35,9959,192
2020-08-05,Tuolumne,109,53932,159,137,2,139,0
2020-08-05,Ventura,111,848112,9400,8162,37,8199,75
2020-08-05,Yolo,113,214977,1987,1634,4,1638,36
2020-08-05,Yuba,115,75493,589,400,0,400,1
2020-08-04,Alameda,001,1643700,14611,11983,110,12093,192
2020-08-04,Alpine,003,1148,2,2,0,2,0
2020-08-04,Amador,005,37829,203,123,0,123,0
2020-08-04,Butte,007,227075,1299,1011,15,1026,10
2020-08-04,Calaveras,009,45235,159,116,0,116,1
2020-08-04,Colusa,011,21464,396,354,0,354,3
2020-08-04,Contra Costa,013,1133247,11233,8210,33,8243,122
2020-08-04,Del Norte,015,27424,94,69,0,69,0
2020-08-04,El Dorado,017,186661,844,668,0,668,1
2020-08-04,Fresno,019,978130,22881,16272,213,16485,154
2020-08-04,Glenn,021,27897,396,325,0,325,1
2020-08-04,Humboldt,023,135768,284,241,1,242,4
2020-08-04,Imperial,025,180216,10542,7974,12,7986,163
2020-08-04,Inyo,027,18085,88,59,1,60,1
2020-08-04,Kern,029,883053,26101,21403,147,21550,190
2020-08-04,Kings,031,150075,5087,4163,27,4190,47
2020-08-04,Lake,033,64148,252,206,0,206,1
2020-08-04,Lassen,035,31185,645,556,2,558,0
2020-08-04,Los Angeles,037,10098052,210301,196014,659,196673,4764
2020-08-04,Madera,039,155013,3082,2161,8,2169,19
2020-08-04,Marin,041,260295,5573,5020,9,5029,43
2020-08-04,Mariposa,043,17540,64,51,0,51,2
2020-08-04,Mendocino,045,87422,376,248,0,248,1
2020-08-04,Merced,047,269075,6367,4085,4,4089,30
2020-08-04,Modoc,049,8938,7,3,0,3,0
2020-08-04,Mono,051,14174,158,104,1,105,1
2020-08-04,Monterey,053,433212,6066,4892,18,4910,32
2020-08-04,Napa,055,140530,1227,994,0,994,8
2020-08-04,Nevada,057,99092,357,322,13,335,2
2020-08-04,Orange,059,3164182,45074,37844,887,38731,659
2020-08-04,Placer,061,380077,2480,1964,4,1968,17
2020-08-04,Plumas,063,18699,36,25,0,25,0
2020-08-04,Riverside,065,2383286,46958,38991,44,39035,743
2020-08-04,Sacramento,067,1510023,13815,10205,13,10218,146
2020-08-04,San Benito,069,59416,767,608,0,608,2
2020-08-04,San Bernardino,071,2135413,42059,34215,194,34409,495
2020-08-04,San Diego,073,3302833,33736,30518,46,30564,568
2020-08-04,San Francisco,075,870044,7779,6568,7,6575,60
2020-08-04,San Joaquin,077,732212,15528,12087,16,12103,189
2020-08-04,San Luis Obispo,079,281455,2358,1886,13,1899,13
2020-08-04,San Mateo,081,765935,6903,5690,7,5697,116
2020-08-04,Santa Barbara,083,443738,7099,6591,66,6657,61
2020-08-04,Santa Clara,085,1922200,13969,10986,31,11017,175
2020-08-04,Santa Cruz,087,273765,1420,1202,8,1210,4
2020-08-04,Shasta,089,179085,519,335,3,338,9
2020-08-04,Sierra,091,2930,5,1,0,1,0
2020-08-04,Siskiyou,093,43540,103,71,0,71,0
2020-08-04,Solano,095,438530,4527,3690,27,3717,29
2020-08-04,Sonoma,097,501317,4089,3108,7,3115,33
2020-08-04,Stanislaus,099,539301,12485,9359,74,9433,97
2020-08-04,Sutter,101,95872,964,761,1,762,6
2020-08-04,Tehama,103,63373,301,226,2,228,1
2020-08-04,Trinity,105,12862,27,5,6,11,0
2020-08-04,Tulare,107,460477,11974,9866,35,9901,192
2020-08-04,Tuolumne,109,53932,158,127,2,129,0
2020-08-04,Ventura,111,848112,9286,8134,35,8169,75
2020-08-04,Yolo,113,214977,1961,1626,4,1630,37
2020-08-04,Yuba,115,75493,574,398,0,398,1
2020-08-03,Alameda,001,1643700,14427,11817,106,11923,189
2020-08-03,Alpine,003,1148,2,2,0,2,0
2020-08-03,Amador,005,37829,199,119,0,119,0
2020-08-03,Butte,007,227075,1253,989,14,1003,9
2020-08-03,Calaveras,009,45235,156,117,0,117,1
2020-08-03,Colusa,011,21464,392,336,0,336,2
2020-08-03,Contra Costa,013,1133247,11036,8069,30,8099,120
2020-08-03,Del Norte,015,27424,90,68,0,68,0
2020-08-03,El Dorado,017,186661,833,645,0,645,1
2020-08-03,Fresno,019,978130,22587,15945,207,16152,151
2020-08-03,Glenn,021,27897,389,316,0,316,1
2020-08-03,Humboldt,023,135768,277,234,1,235,4
2020-08-03,Imperial,025,180216,10488,7953,12,7965,161
2020-08-03,Inyo,027,18085,85,57,1,58,1
2020-08-03,Kern,029,883053,25734,21285,140,21425,176
2020-08-03,Kings,031,150075,4975,4107,26,4133,47
2020-08-03,Lake,033,64148,245,201,0,201,1
2020-08-03,Lassen,035,31185,645,555,2,557,0
2020-08-03,Los Angeles,037,10098052,208271,194103,628,194731,4706
2020-08-03,Madera,039,155013,3033,2143,7,2150,18
2020-08-03,Marin,041,260295,5526,5001,9,5010,43
2020-08-03,Mariposa,043,17540,63,52,0,52,2
2020-08-03,Mendocino,045,87422,353,248,0,248,1
2020-08-03,Merced,047,269075,6245,4028,4,4032,29
2020-08-03,Modoc,049,8938,7,2,0,2,0
2020-08-03,Mono,051,14174,158,104,1,105,1
2020-08-03,Monterey,053,433212,5915,4806,15,4821,28
2020-08-03,Napa,055,140530,1213,973,0,973,8
2020-08-03,Nevada,057,99092,352,315,13,328,2
2020-08-03,Orange,059,3164182,44680,37705,877,38582,651
2020-08-03,Placer,061,380077,2425,1947,3,1950,16
2020-08-03,Plumas,063,18699,36,25,0,25,0
2020-08-03,Riverside,065,2383286,46490,38642,44,38686,740
2020-08-03,Sacramento,067,1510023,13620,10143,13,10156,142
2020-08-03,San Benito,069,59416,755,603,0,603,2
2020-08-03,San Bernardino,071,2135413,41532,33979,188,34167,444
2020-08-03,San Diego,073,3302833,33422,30228,36,30264,565
2020-08-03,San Francisco,075,870044,7685,6319,7,6326,60
2020-08-03,San Joaquin,077,732212,15331,12007,15,12022,189
2020-08-03,San Luis Obispo,079,281455,2316,1863,10,1873,14
2020-08-03,San Mateo,081,765935,6822,5661,7,5668,115
2020-08-03,Santa Barbara,083,443738,7055,6580,66,6646,59
2020-08-03,Santa Clara,085,1922200,13693,10747,31,10778,172
2020-08-03,Santa Cruz,087,273765,1400,1154,8,1162,4
2020-08-03,Shasta,089,179085,512,322,3,325,9
2020-08-03,Sierra,091,2930,5,1,0,1,0
2020-08-03,Siskiyou,093,43540,99,67,0,67,0
2020-08-03,Solano,095,438530,4458,3610,26,3636,29
2020-08-03,Sonoma,097,501317,3988,3079,6,3085,33
2020-08-03,Stanislaus,099,539301,12276,9308,66,9374,96
2020-08-03,Sutter,101,95872,940,713,1,714,6
2020-08-03,Tehama,103,63373,293,225,2,227,1
2020-08-03,Trinity,105,12862,27,5,6,11,0
2020-08-03,Tulare,107,460477,11790,9703,35,9738,188
2020-08-03,Tuolumne,109,53932,158,123,2,125,0
2020-08-03,Ventura,111,848112,9195,8084,32,8116,74
2020-08-03,Yolo,113,214977,1926,1598,3,1601,37
2020-08-03,Yuba,115,75493,550,393,0,393,1
2020-08-02,Alameda,001,1643700,14180,11696,94,11790,188
2020-08-02,Alpine,003,1148,2,2,0,2,0
2020-08-02,Amador,005,37829,194,117,0,117,0
2020-08-02,Butte,007,227075,1218,987,14,1001,9
2020-08-02,Calaveras,009,45235,153,116,0,116,1
2020-08-02,Colusa,011,21464,387,335,0,335,2
2020-08-02,Contra Costa,013,1133247,10797,7995,30,8025,118
2020-08-02,Del Norte,015,27424,89,68,0,68,0
2020-08-02,El Dorado,017,186661,823,643,0,643,1
2020-08-02,Fresno,019,978130,22312,15759,201,15960,151
2020-08-02,Glenn,021,27897,388,315,0,315,1
2020-08-02,Humboldt,023,135768,272,232,1,233,4
2020-08-02,Imperial,025,180216,10425,7919,11,7930,157
2020-08-02,Inyo,027,18085,84,45,1,46,1
2020-08-02,Kern,029,883053,25436,21162,138,21300,176
2020-08-02,Kings,031,150075,4913,3964,25,3989,47
2020-08-02,Lake,033,64148,240,201,0,201,1
2020-08-02,Lassen,035,31185,645,555,2,557,0
2020-08-02,Los Angeles,037,10098052,206186,192480,610,193090,4698
2020-08-02,Madera,039,155013,2967,2123,5,2128,18
2020-08-02,Marin,041,260295,5491,4985,9,4994,43
2020-08-02,Mariposa,043,17540,61,52,0,52,2
2020-08-02,Mendocino,045,87422,343,247,0,247,1
2020-08-02,Merced,047,269075,6104,4011,4,4015,29
2020-08-02,Modoc,049,8938,7,2,0,2,0
2020-08-02,Mono,051,14174,151,104,1,105,1
2020-08-02,Monterey,053,433212,5789,4698,15,4713,28
2020-08-02,Napa,055,140530,1198,956,0,956,8
2020-08-02,Nevada,057,99092,349,314,13,327,2
2020-08-02,Orange,059,3164182,44298,37266,866,38132,651
2020-08-02,Placer,061,380077,2386,1920,3,1923,15
2020-08-02,Plumas,063,18699,36,25,0,25,0
2020-08-02,Riverside,065,2383286,46057,38507,43,38550,735
2020-08-02,Sacramento,067,1510023,13341,10099,13,10112,142
2020-08-02,San Benito,069,59416,741,599,0,599,2
2020-08-02,San Bernardino,071,2135413,40931,33643,184,33827,443
2020-08-02,San Diego,073,3302833,33082,29885,27,29912,565
2020-08-02,San Francisco,075,870044,7567,6297,7,6304,60
2020-08-02,San Joaquin,077,732212,15045,11937,13,11950,189
2020-08-02,San Luis Obispo,079,281455,2253,1821,10,1831,14
2020-08-02,San Mateo,081,765935,6707,5618,7,5625,115
2020-08-02,Santa Barbara,083,443738,6965,6532,66,6598,59
2020-08-02,Santa Clara,085,1922200,13475,10577,31,10608,172
2020-08-02,Santa Cruz,087,273765,1380,1162,8,1170,4
2020-08-02,Shasta,089,179085,508,318,3,321,9
2020-08-02,Sierra,091,2930,4,1,0,1,0
2020-08-02,Siskiyou,093,43540,99,65,0,65,0
2020-08-02,Solano,095,438530,4399,3609,26,3635,29
2020-08-02,Sonoma,097,501317,3904,3005,6,3011,33
2020-08-02,Stanislaus,099,539301,12061,9277,61,9338,96
2020-08-02,Sutter,101,95872,905,714,1,715,6
2020-08-02,Tehama,103,63373,287,222,2,224,1
2020-08-02,Trinity,105,12862,27,5,6,11,0
2020-08-02,Tulare,107,460477,11581,9593,35,9628,188
2020-08-02,Tuolumne,109,53932,155,123,2,125,0
2020-08-02,Ventura,111,848112,9048,8014,32,8046,73
2020-08-02,Yolo,113,214977,1901,1588,3,1591,37
2020-08-02,Yuba,115,75493,530,393,0,393,1
2020-08-01,Alameda,001,1643700,14068,11590,94,11684,188
2020-08-01,Alpine,003,1148,2,2,0,2,0
2020-08-01,Amador,005,37829,190,109,0,109,0
2020-08-01,Butte,007,227075,1204,976,14,990,9
2020-08-01,Calaveras,009,45235,149,116,0,116,1
2020-08-01,Colusa,011,21464,386,327,0,327,2
2020-08-01,Contra Costa,013,1133247,10664,7867,29,7896,116
2020-08-01,Del Norte,015,27424,89,68,0,68,0
2020-08-01,El Dorado,017,186661,820,637,0,637,1
2020-08-01,Fresno,019,978130,22175,15448,201,15649,149
2020-08-01,Glenn,021,27897,387,311,0,311,1
2020-08-01,Humboldt,023,135768,271,232,1,233,4
2020-08-01,Imperial,025,180216,10389,7919,11,7930,156
2020-08-01,Inyo,027,18085,82,45,1,46,1
2020-08-01,Kern,029,883053,25278,20796,134,20930,176
2020-08-01,Kings,031,150075,4887,3948,25,3973,47
2020-08-01,Lake,033,64148,238,194,0,194,1
2020-08-01,Lassen,035,31185,644,555,2,557,0
2020-08-01,Los Angeles,037,10098052,205293,191023,583,191606,4674
2020-08-01,Madera,039,155013,2928,2103,5,2108,18
2020-08-01,Marin,041,260295,5476,4945,9,4954,43
2020-08-01,Mariposa,043,17540,61,50,0,50,2
2020-08-01,Mendocino,045,87422,336,243,0,243,1
2020-08-01,Merced,047,269075,6056,3972,4,3976,29
2020-08-01,Modoc,049,8938,7,2,0,2,0
2020-08-01,Mono,051,14174,150,104,1,105,1
2020-08-01,Monterey,053,433212,5722,4611,14,4625,28
2020-08-01,Napa,055,140530,1189,923,0,923,8
2020-08-01,Nevada,057,99092,345,305,13,318,2
2020-08-01,Orange,059,3164182,44071,36703,860,37563,648
2020-08-01,Placer,061,380077,2352,1891,3,1894,14
2020-08-01,Plumas,063,18699,35,25,0,25,0
2020-08-01,Riverside,065,2383286,45845,38216,41,38257,704
2020-08-01,Sacramento,067,1510023,13190,10044,13,10057,141
2020-08-01,San Benito,069,59416,730,579,0,579,2
2020-08-01,San Bernardino,071,2135413,40695,32947,183,33130,440
2020-08-01,San Diego,073,3302833,32865,29579,19,29598,565
2020-08-01,San Francisco,075,870044,7505,6296,7,6303,60
2020-08-01,San Joaquin,077,732212,14972,11807,12,11819,189
2020-08-01,San Luis Obispo,079,281455,2224,1798,10,1808,13
2020-08-01,San Mateo,081,765935,6653,5520,7,5527,115
2020-08-01,Santa Barbara,083,443738,6925,6465,66,6531,59
2020-08-01,Santa Clara,085,1922200,13324,10281,30,10311,171
2020-08-01,Santa Cruz,087,273765,1364,1164,8,1172,4
2020-08-01,Shasta,089,179085,503,312,3,315,9
2020-08-01,Sierra,091,2930,3,1,0,1,0
2020-08-01,Siskiyou,093,43540,99,64,0,64,0
2020-08-01,Solano,095,438530,4365,3591,25,3616,29
2020-08-01,Sonoma,097,501317,3858,2890,6,2896,29
2020-08-01,Stanislaus,099,539301,11943,9221,53,9274,96
2020-08-01,Sutter,101,95872,901,714,1,715,6
2020-08-01,Tehama,103,63373,284,220,2,222,1
2020-08-01,Trinity,105,12862,27,5,6,11,0
2020-08-01,Tulare,107,460477,11513,9520,35,9555,188
2020-08-01,Tuolumne,109,53932,155,123,2,125,0
2020-08-01,Ventura,111,848112,9002,7819,32,7851,73
2020-08-01,Yolo,113,214977,1891,1557,3,1560,37
2020-08-01,Yuba,115,75493,525,387,0,387,1
2020-07-31,Alameda,001,1643700,13937,11441,94,11535,187
2020-07-31,Alpine,003,1148,2,2,0,2,0
2020-07-31,Amador,005,37829,189,98,0,98,0
2020-07-31,Butte,007,227075,1181,925,14,939,7
2020-07-31,Calaveras,009,45235,149,112,0,112,1
2020-07-31,Colusa,011,21464,376,319,0,319,2
2020-07-31,Contra Costa,013,1133247,10516,7697,28,7725,113
2020-07-31,Del Norte,015,27424,88,68,0,68,0
2020-07-31,El Dorado,017,186661,809,616,0,616,1
2020-07-31,Fresno,019,978130,21955,15083,201,15284,133
2020-07-31,Glenn,021,27897,380,304,0,304,1
2020-07-31,Humboldt,023,135768,264,229,1,230,4
2020-07-31,Imperial,025,180216,10357,7886,11,7897,155
2020-07-31,Inyo,027,18085,72,45,1,46,1
2020-07-31,Kern,029,883053,25037,20061,130,20191,173
2020-07-31,Kings,031,150075,4859,3807,25,3832,45
2020-07-31,Lake,033,64148,237,191,0,191,1
2020-07-31,Lassen,035,31185,639,544,2,546,0
2020-07-31,Los Angeles,037,10098052,203692,188688,570,189258,4628
2020-07-31,Madera,039,155013,2881,2036,5,2041,19
2020-07-31,Marin,041,260295,5432,4885,6,4891,43
2020-07-31,Mariposa,043,17540,61,49,0,49,2
2020-07-31,Mendocino,045,87422,321,232,0,232,1
2020-07-31,Merced,047,269075,5973,3789,4,3793,30
2020-07-31,Modoc,049,8938,6,0,0,0,0
2020-07-31,Mono,051,14174,149,104,1,105,1
2020-07-31,Monterey,053,433212,5630,4493,14,4507,24
2020-07-31,Napa,055,140530,1177,897,0,897,7
2020-07-31,Nevada,057,99092,343,302,13,315,2
2020-07-31,Orange,059,3164182,43772,36196,845,37041,620
2020-07-31,Placer,061,380077,2327,1853,3,1856,14
2020-07-31,Plumas,063,18699,34,25,0,25,0
2020-07-31,Riverside,065,2383286,45455,37612,40,37652,694
2020-07-31,Sacramento,067,1510023,13012,9872,13,9885,132
2020-07-31,San Benito,069,59416,722,567,0,567,2
2020-07-31,San Bernardino,071,2135413,40365,32332,182,32514,434
2020-07-31,San Diego,073,3302833,32631,29050,11,29061,561
2020-07-31,San Francisco,075,870044,7406,6126,7,6133,60
2020-07-31,San Joaquin,077,732212,14832,11561,12,11573,177
2020-07-31,San Luis Obispo,079,281455,2155,1746,10,1756,12
2020-07-31,San Mateo,081,765935,6581,5416,7,5423,115
2020-07-31,Santa Barbara,083,443738,6858,6375,66,6441,58
2020-07-31,Santa Clara,085,1922200,13103,9863,30,9893,171
2020-07-31,Santa Cruz,087,273765,1341,1118,8,1126,4
2020-07-31,Shasta,089,179085,493,305,3,308,9
2020-07-31,Sierra,091,2930,3,1,0,1,0
2020-07-31,Siskiyou,093,43540,97,61,0,61,0
2020-07-31,Solano,095,438530,4318,3510,24,3534,29
2020-07-31,Sonoma,097,501317,3800,2745,6,2751,27
2020-07-31,Stanislaus,099,539301,11836,9061,48,9109,94
2020-07-31,Sutter,101,95872,896,714,1,715,6
2020-07-31,Tehama,103,63373,281,213,2,215,1
2020-07-31,Trinity,105,12862,27,5,6,11,0
2020-07-31,Tulare,107,460477,11392,9365,35,9400,184
2020-07-31,Tuolumne,109,53932,155,120,2,122,0
2020-07-31,Ventura,111,848112,8927,7521,32,7553,71
2020-07-31,Yolo,113,214977,1865,1522,3,1525,38
2020-07-31,Yuba,115,75493,516,369,0,369,1
2020-07-30,Alameda,001,1643700,13734,11303,54,11357,185
2020-07-30,Alpine,003,1148,2,2,0,2,0
2020-07-30,Amador,005,37829,171,97,0,97,0
2020-07-30,Butte,007,227075,1165,915,14,929,7
2020-07-30,Calaveras,009,45235,145,111,0,111,1
2020-07-30,Colusa,011,21464,373,315,0,315,2
2020-07-30,Contra Costa,013,1133247,10331,7615,27,7642,112
2020-07-30,Del Norte,015,27424,88,68,0,68,0
2020-07-30,El Dorado,017,186661,802,608,0,608,1
2020-07-30,Fresno,019,978130,21619,14793,195,14988,133
2020-07-30,Glenn,021,27897,373,297,0,297,1
2020-07-30,Humboldt,023,135768,262,228,1,229,4
2020-07-30,Imperial,025,180216,10298,7849,11,7860,151
2020-07-30,Inyo,027,18085,68,44,1,45,1
2020-07-30,Kern,029,883053,24744,19552,126,19678,171
2020-07-30,Kings,031,150075,4755,3785,25,3810,43
2020-07-30,Lake,033,64148,231,181,0,181,1
2020-07-30,Lassen,035,31185,636,544,2,546,0
2020-07-30,Los Angeles,037,10098052,201663,186177,538,186715,4564
2020-07-30,Madera,039,155013,2811,2007,5,2012,18
2020-07-30,Marin,041,260295,5390,4835,5,4840,39
2020-07-30,Mariposa,043,17540,61,49,0,49,1
2020-07-30,Mendocino,045,87422,314,232,0,232,1
2020-07-30,Merced,047,269075,5808,3695,4,3699,30
2020-07-30,Modoc,049,8938,6,0,0,0,0
2020-07-30,Mono,051,14174,148,104,1,105,1
2020-07-30,Monterey,053,433212,5518,4352,14,4366,24
2020-07-30,Napa,055,140530,1160,874,0,874,7
2020-07-30,Nevada,057,99092,338,292,13,305,2
2020-07-30,Orange,059,3164182,43357,36105,820,36925,607
2020-07-30,Placer,061,380077,2276,1821,3,1824,14
2020-07-30,Plumas,063,18699,33,25,0,25,0
2020-07-30,Riverside,065,2383286,44914,37308,40,37348,685
2020-07-30,Sacramento,067,1510023,12793,9704,13,9717,126
2020-07-30,San Benito,069,59416,709,558,0,558,2
2020-07-30,San Bernardino,071,2135413,39842,32010,182,32192,427
2020-07-30,San Diego,073,3302833,32284,28670,9,28679,558
2020-07-30,San Francisco,075,870044,7306,6107,7,6114,59
2020-07-30,San Joaquin,077,732212,14638,11435,12,11447,161
2020-07-30,San Luis Obispo,079,281455,2119,1703,10,1713,12
2020-07-30,San Mateo,081,765935,6486,5369,7,5376,115
2020-07-30,Santa Barbara,083,443738,6778,6273,66,6339,52
2020-07-30,Santa Clara,085,1922200,12867,9708,29,9737,170
2020-07-30,Santa Cruz,087,273765,1313,1087,8,1095,4
2020-07-30,Shasta,089,179085,489,306,3,309,8
2020-07-30,Sierra,091,2930,3,1,0,1,0
2020-07-30,Siskiyou,093,43540,96,60,0,60,0
2020-07-30,Solano,095,438530,4267,3463,24,3487,29
2020-07-30,Sonoma,097,501317,3728,2684,6,2690,25
2020-07-30,Stanislaus,099,539301,11623,8890,40,8930,94
2020-07-30,Sutter,101,95872,877,698,1,699,6
2020-07-30,Tehama,103,63373,278,208,2,210,1
2020-07-30,Trinity,105,12862,26,4,6,10,0
2020-07-30,Tulare,107,460477,11263,9167,35,9202,177
2020-07-30,Tuolumne,109,53932,154,119,2,121,0
2020-07-30,Ventura,111,848112,8815,7304,30,7334,69
2020-07-30,Yolo,113,214977,1845,1511,3,1514,37
2020-07-30,Yuba,115,75493,503,362,0,362,1
2020-07-29,Alameda,001,1643700,13515,11177,49,11226,180
2020-07-29,Alpine,003,1148,2,2,0,2,0
2020-07-29,Amador,005,37829,163,80,0,80,0
2020-07-29,Butte,007,227075,1139,889,12,901,7
2020-07-29,Calaveras,009,45235,139,107,0,107,1
2020-07-29,Colusa,011,21464,369,302,0,302,2
2020-07-29,Contra Costa,013,1133247,10127,7520,27,7547,108
2020-07-29,Del Norte,015,27424,88,68,0,68,0
2020-07-29,El Dorado,017,186661,792,588,0,588,1
2020-07-29,Fresno,019,978130,21327,14312,195,14507,125
2020-07-29,Glenn,021,27897,366,294,0,294,1
2020-07-29,Humboldt,023,135768,259,221,1,222,4
2020-07-29,Imperial,025,180216,10250,7825,11,7836,147
2020-07-29,Inyo,027,18085,63,44,1,45,1
2020-07-29,Kern,029,883053,24406,19073,123,19196,162
2020-07-29,Kings,031,150075,4707,3755,25,3780,43
2020-07-29,Lake,033,64148,229,179,0,179,1
2020-07-29,Lassen,035,31185,621,513,2,515,0
2020-07-29,Los Angeles,037,10098052,199637,183600,521,184121,4523
2020-07-29,Madera,039,155013,2757,1941,5,1946,18
2020-07-29,Marin,041,260295,5352,4747,5,4752,34
2020-07-29,Mariposa,043,17540,60,47,0,47,1
2020-07-29,Mendocino,045,87422,306,228,0,228,0
2020-07-29,Merced,047,269075,5668,3605,4,3609,25
2020-07-29,Modoc,049,8938,5,0,0,0,0
2020-07-29,Mono,051,14174,145,102,1,103,1
2020-07-29,Monterey,053,433212,5419,4252,14,4266,24
2020-07-29,Napa,055,140530,1132,866,0,866,7
2020-07-29,Nevada,057,99092,334,288,13,301,1
2020-07-29,Orange,059,3164182,42923,35339,808,36147,589
2020-07-29,Placer,061,380077,2244,1798,3,1801,14
2020-07-29,Plumas,063,18699,33,25,0,25,0
2020-07-29,Riverside,065,2383286,44322,36968,40,37008,678
2020-07-29,Sacramento,067,1510023,12547,9538,13,9551,122
2020-07-29,San Benito,069,59416,694,537,0,537,2
2020-07-29,San Bernardino,071,2135413,39353,31168,171,31339,417
2020-07-29,San Diego,073,3302833,31959,28289,8,28297,552
2020-07-29,San Francisco,075,870044,7212,6041,7,6048,56
2020-07-29,San Joaquin,077,732212,14390,11249,9,11258,154
2020-07-29,San Luis Obispo,079,281455,2098,1673,10,1683,11
2020-07-29,San Mateo,081,765935,6398,5305,7,5312,114
2020-07-29,Santa Barbara,083,443738,6710,6215,66,6281,31
2020-07-29,Santa Clara,085,1922200,12660,9567,29,9596,165
2020-07-29,Santa Cruz,087,273765,1289,1051,8,1059,4
2020-07-29,Shasta,089,179085,477,297,3,300,8
2020-07-29,Sierra,091,2930,2,1,0,1,0
2020-07-29,Siskiyou,093,43540,94,58,0,58,0
2020-07-29,Solano,095,438530,4213,3380,24,3404,29
2020-07-29,Sonoma,097,501317,3651,2598,6,2604,26
2020-07-29,Stanislaus,099,539301,11402,8745,34,8779,94
2020-07-29,Sutter,101,95872,849,678,1,679,6
2020-07-29,Tehama,103,63373,274,206,2,208,1
2020-07-29,Trinity,105,12862,26,4,6,10,0
2020-07-29,Tulare,107,460477,11092,9028,35,9063,156
2020-07-29,Tuolumne,109,53932,154,118,2,120,0
2020-07-29,Ventura,111,848112,8710,7161,30,7191,68
2020-07-29,Yolo,113,214977,1819,1488,3,1491,36
2020-07-29,Yuba,115,75493,487,350,0,350,1
2020-07-28,Alameda,001,1643700,13287,10875,48,10923,180
2020-07-28,Alpine,003,1148,2,2,0,2,0
2020-07-28,Amador,005,37829,153,77,0,77,0
2020-07-28,Butte,007,227075,1104,857,12,869,7
2020-07-28,Calaveras,009,45235,138,105,0,105,1
2020-07-28,Colusa,011,21464,363,290,0,290,2
2020-07-28,Contra Costa,013,1133247,9905,7426,27,7453,107
2020-07-28,Del Norte,015,27424,87,68,0,68,0
2020-07-28,El Dorado,017,186661,777,558,0,558,1
2020-07-28,Fresno,019,978130,20991,13933,189,14122,125
2020-07-28,Glenn,021,27897,364,289,0,289,1
2020-07-28,Humboldt,023,135768,258,218,1,219,4
2020-07-28,Imperial,025,180216,10214,7804,11,7815,145
2020-07-28,Inyo,027,18085,61,43,1,44,1
2020-07-28,Kern,029,883053,24043,18834,117,18951,155
2020-07-28,Kings,031,150075,4661,3721,25,3746,41
2020-07-28,Lake,033,64148,225,179,0,179,1
2020-07-28,Lassen,035,31185,615,508,2,510,0
2020-07-28,Los Angeles,037,10098052,197408,179107,498,179605,4435
2020-07-28,Madera,039,155013,2691,1889,5,1894,18
2020-07-28,Marin,041,260295,5283,4698,5,4703,23
2020-07-28,Mariposa,043,17540,58,45,0,45,1
2020-07-28,Mendocino,045,87422,295,222,0,222,0
2020-07-28,Merced,047,269075,5523,3446,4,3450,23
2020-07-28,Modoc,049,8938,4,0,0,0,0
2020-07-28,Mono,051,14174,144,102,1,103,1
2020-07-28,Monterey,053,433212,5298,4047,14,4061,22
2020-07-28,Napa,055,140530,1110,824,0,824,6
2020-07-28,Nevada,057,99092,329,278,13,291,1
2020-07-28,Orange,059,3164182,42465,34832,795,35627,582
2020-07-28,Placer,061,380077,2209,1759,3,1762,14
2020-07-28,Plumas,063,18699,33,22,0,22,0
2020-07-28,Riverside,065,2383286,43720,36458,40,36498,668
2020-07-28,Sacramento,067,1510023,12288,9429,12,9441,117
2020-07-28,San Benito,069,59416,684,503,0,503,2
2020-07-28,San Bernardino,071,2135413,38829,30493,167,30660,412
2020-07-28,San Diego,073,3302833,31609,28007,6,28013,547
2020-07-28,San Francisco,075,870044,7099,5888,7,5895,56
2020-07-28,San Joaquin,077,732212,14107,10958,7,10965,141
2020-07-28,San Luis Obispo,079,281455,2065,1636,10,1646,9
2020-07-28,San Mateo,081,765935,6324,5171,7,5178,114
2020-07-28,Santa Barbara,083,443738,6647,6110,64,6174,31
2020-07-28,Santa Clara,085,1922200,12425,9307,29,9336,165
2020-07-28,Santa Cruz,087,273765,1262,1018,8,1026,4
2020-07-28,Shasta,089,179085,465,275,3,278,8
2020-07-28,Sierra,091,2930,2,1,0,1,0
2020-07-28,Siskiyou,093,43540,90,57,0,57,0
2020-07-28,Solano,095,438530,4166,3292,23,3315,29
2020-07-28,Sonoma,097,501317,3578,2553,6,2559,20
2020-07-28,Stanislaus,099,539301,11180,8492,26,8518,92
2020-07-28,Sutter,101,95872,812,653,0,653,2
2020-07-28,Tehama,103,63373,269,199,2,201,1
2020-07-28,Trinity,105,12862,26,3,6,9,0
2020-07-28,Tulare,107,460477,10905,8787,35,8822,96
2020-07-28,Tuolumne,109,53932,153,116,2,118,0
2020-07-28,Ventura,111,848112,8584,7045,29,7074,68
2020-07-28,Yolo,113,214977,1791,1459,3,1462,36
2020-07-28,Yuba,115,75493,470,333,0,333,1
2020-07-27,Alameda,001,1643700,13060,10645,45,10690,176
2020-07-27,Alpine,003,1148,2,2,0,2,0
2020-07-27,Amador,005,37829,148,72,0,72,0
2020-07-27,Butte,007,227075,1077,843,12,855,7
2020-07-27,Calaveras,009,45235,134,103,0,103,1
2020-07-27,Colusa,011,21464,356,271,0,271,2
2020-07-27,Contra Costa,013,1133247,9683,7256,27,7283,104
2020-07-27,Del Norte,015,27424,86,67,0,67,0
2020-07-27,El Dorado,017,186661,765,548,0,548,1
2020-07-27,Fresno,019,978130,20644,13485,183,13668,117
2020-07-27,Glenn,021,27897,362,277,0,277,1
2020-07-27,Humboldt,023,135768,253,218,1,219,4
2020-07-27,Imperial,025,180216,10164,7789,11,7800,144
2020-07-27,Inyo,027,18085,61,43,1,44,1
2020-07-27,Kern,029,883053,23541,17994,111,18105,148
2020-07-27,Kings,031,150075,4412,3685,25,3710,39
2020-07-27,Lake,033,64148,221,176,0,176,1
2020-07-27,Lassen,035,31185,615,503,2,505,0
2020-07-27,Los Angeles,037,10098052,194988,176351,480,176831,4379
2020-07-27,Madera,039,155013,2626,1793,5,1798,17
2020-07-27,Marin,041,260295,5195,4669,5,4674,22
2020-07-27,Mariposa,043,17540,58,43,0,43,1
2020-07-27,Mendocino,045,87422,282,209,0,209,0
2020-07-27,Merced,047,269075,5383,3292,4,3296,23
2020-07-27,Modoc,049,8938,3,0,0,0,0
2020-07-27,Mono,051,14174,140,99,1,100,1
2020-07-27,Monterey,053,433212,5108,3960,14,3974,21
2020-07-27,Napa,055,140530,1095,769,0,769,6
2020-07-27,Nevada,057,99092,325,268,13,281,1
2020-07-27,Orange,059,3164182,42025,34649,779,35428,566
2020-07-27,Placer,061,380077,2159,1679,3,1682,12
2020-07-27,Plumas,063,18699,33,22,0,22,0
2020-07-27,Riverside,065,2383286,43040,35822,40,35862,667
2020-07-27,Sacramento,067,1510023,11995,9091,12,9103,114
2020-07-27,San Benito,069,59416,669,498,0,498,2
2020-07-27,San Bernardino,071,2135413,38237,29928,157,30085,401
2020-07-27,San Diego,073,3302833,31235,27509,5,27514,533
2020-07-27,San Francisco,075,870044,7012,5825,7,5832,55
2020-07-27,San Joaquin,077,732212,13818,10728,7,10735,129
2020-07-27,San Luis Obispo,079,281455,2020,1612,10,1622,9
2020-07-27,San Mateo,081,765935,6215,5108,7,5115,113
2020-07-27,Santa Barbara,083,443738,6567,6026,62,6088,30
2020-07-27,Santa Clara,085,1922200,12156,9157,28,9185,166
2020-07-27,Santa Cruz,087,273765,1239,984,8,992,4
2020-07-27,Shasta,089,179085,458,275,3,278,8
2020-07-27,Sierra,091,2930,2,1,0,1,0
2020-07-27,Siskiyou,093,43540,88,54,0,54,0
2020-07-27,Solano,095,438530,4099,3198,22,3220,29
2020-07-27,Sonoma,097,501317,3487,2504,6,2510,20
2020-07-27,Stanislaus,099,539301,10953,8288,18,8306,84
2020-07-27,Sutter,101,95872,786,620,0,620,2
2020-07-27,Tehama,103,63373,261,192,2,194,1
2020-07-27,Trinity,105,12862,26,3,6,9,0
2020-07-27,Tulare,107,460477,10687,8462,35,8497,172
2020-07-27,Tuolumne,109,53932,150,115,2,117,0
2020-07-27,Ventura,111,848112,8456,6998,28,7026,68
2020-07-27,Yolo,113,214977,1746,1439,3,1442,33
2020-07-27,Yuba,115,75493,450,328,0,328,1
2020-07-26,Alameda,001,1643700,12822,10489,44,10533,176
2020-07-26,Alpine,003,1148,2,2,0,2,0
2020-07-26,Amador,005,37829,142,67,0,67,0
2020-07-26,Butte,007,227075,1040,822,12,834,5
2020-07-26,Calaveras,009,45235,131,103,0,103,1
2020-07-26,Colusa,011,21464,347,270,0,270,2
2020-07-26,Contra Costa,013,1133247,9446,7095,27,7122,104
2020-07-26,Del Norte,015,27424,84,67,0,67,0
2020-07-26,El Dorado,017,186661,747,539,0,539,1
2020-07-26,Fresno,019,978130,20253,13209,175,13384,117
2020-07-26,Glenn,021,27897,354,265,0,265,1
2020-07-26,Humboldt,023,135768,247,214,1,215,4
2020-07-26,Imperial,025,180216,10091,7781,11,7792,144
2020-07-26,Inyo,027,18085,56,43,1,44,1
2020-07-26,Kern,029,883053,23017,17394,108,17502,148
2020-07-26,Kings,031,150075,4353,3591,25,3616,39
2020-07-26,Lake,033,64148,213,174,0,174,1
2020-07-26,Lassen,035,31185,574,503,2,505,0
2020-07-26,Los Angeles,037,10098052,192421,174322,462,174784,4364
2020-07-26,Madera,039,155013,2539,1744,5,1749,17
2020-07-26,Marin,041,260295,5149,4595,5,4600,22
2020-07-26,Mariposa,043,17540,56,43,0,43,1
2020-07-26,Mendocino,045,87422,273,206,0,206,0
2020-07-26,Merced,047,269075,5203,3251,3,3254,23
2020-07-26,Modoc,049,8938,3,0,0,0,0
2020-07-26,Mono,051,14174,136,82,1,83,1
2020-07-26,Monterey,053,433212,4942,3901,14,3915,21
2020-07-26,Napa,055,140530,1076,769,0,769,6
2020-07-26,Nevada,057,99092,322,261,13,274,1
2020-07-26,Orange,059,3164182,41500,34352,748,35100,564
2020-07-26,Placer,061,380077,2095,1628,3,1631,12
2020-07-26,Plumas,063,18699,33,22,0,22,0
2020-07-26,Riverside,065,2383286,42479,35636,40,35676,665
2020-07-26,Sacramento,067,1510023,11690,8972,12,8984,114
2020-07-26,San Benito,069,59416,657,495,0,495,2
2020-07-26,San Bernardino,071,2135413,37597,29545,148,29693,400
2020-07-26,San Diego,073,3302833,30839,26986,4,26990,533
2020-07-26,San Francisco,075,870044,6904,5823,7,5830,55
2020-07-26,San Joaquin,077,732212,13525,10637,7,10644,129
2020-07-26,San Luis Obispo,079,281455,1977,1565,10,1575,8
2020-07-26,San Mateo,081,765935,6109,5078,7,5085,113
2020-07-26,Santa Barbara,083,443738,6465,5939,62,6001,30
2020-07-26,Santa Clara,085,1922200,11927,8986,28,9014,166
2020-07-26,Santa Cruz,087,273765,1212,970,8,978,4
2020-07-26,Shasta,089,179085,451,265,3,268,8
2020-07-26,Sierra,091,2930,2,1,0,1,0
2020-07-26,Siskiyou,093,43540,86,54,0,54,0
2020-07-26,Solano,095,438530,4019,3197,20,3217,29
2020-07-26,Sonoma,097,501317,3398,2503,5,2508,20
2020-07-26,Stanislaus,099,539301,10692,8228,17,8245,84
2020-07-26,Sutter,101,95872,772,612,0,612,2
2020-07-26,Tehama,103,63373,254,175,2,177,1
2020-07-26,Trinity,105,12862,26,3,6,9,0
2020-07-26,Tulare,107,460477,10480,8392,35,8427,172
2020-07-26,Tuolumne,109,53932,145,113,2,115,0
2020-07-26,Ventura,111,848112,8249,6844,28,6872,67
2020-07-26,Yolo,113,214977,1715,1408,3,1411,33
2020-07-26,Yuba,115,75493,431,313,0,313,1
2020-07-25,Alameda,001,1643700,12725,10361,42,10403,176
2020-07-25,Alpine,003,1148,2,2,0,2,0
2020-07-25,Amador,005,37829,139,67,0,67,0
2020-07-25,Butte,007,227075,1031,810,12,822,5
2020-07-25,Calaveras,009,45235,127,103,0,103,1
2020-07-25,Colusa,011,21464,340,265,0,265,2
2020-07-25,Contra Costa,013,1133247,9301,6920,27,6947,104
2020-07-25,Del Norte,015,27424,84,67,0,67,0
2020-07-25,El Dorado,017,186661,736,528,0,528,1
2020-07-25,Fresno,019,978130,20067,12866,175,13041,117
2020-07-25,Glenn,021,27897,352,260,0,260,1
2020-07-25,Humboldt,023,135768,244,212,1,213,4
2020-07-25,Imperial,025,180216,10065,7727,11,7738,144
2020-07-25,Inyo,027,18085,55,43,1,44,1
2020-07-25,Kern,029,883053,22799,16910,107,17017,148
2020-07-25,Kings,031,150075,4336,3516,25,3541,39
2020-07-25,Lake,033,64148,211,173,0,173,1
2020-07-25,Lassen,035,31185,574,503,2,505,0
2020-07-25,Los Angeles,037,10098052,191290,172611,455,173066,4357
2020-07-25,Madera,039,155013,2507,1724,5,1729,17
2020-07-25,Marin,041,260295,5133,4562,5,4567,22
2020-07-25,Mariposa,043,17540,55,43,0,43,1
2020-07-25,Mendocino,045,87422,267,190,0,190,0
2020-07-25,Merced,047,269075,5124,3176,3,3179,23
2020-07-25,Modoc,049,8938,3,0,0,0,0
2020-07-25,Mono,051,14174,136,82,1,83,1
2020-07-25,Monterey,053,433212,4865,3805,14,3819,21
2020-07-25,Napa,055,140530,1063,746,0,746,6
2020-07-25,Nevada,057,99092,320,257,13,270,1
2020-07-25,Orange,059,3164182,41280,33978,727,34705,561
2020-07-25,Placer,061,380077,2079,1596,3,1599,12
2020-07-25,Plumas,063,18699,33,22,0,22,0
2020-07-25,Riverside,065,2383286,42210,34921,40,34961,655
2020-07-25,Sacramento,067,1510023,11544,8674,12,8686,113
2020-07-25,San Benito,069,59416,641,492,0,492,2
2020-07-25,San Bernardino,071,2135413,37319,29265,145,29410,394
2020-07-25,San Diego,073,3302833,30578,26703,3,26706,533
2020-07-25,San Francisco,075,870044,6846,5644,7,5651,55
2020-07-25,San Joaquin,077,732212,13399,10347,6,10353,129
2020-07-25,San Luis Obispo,079,281455,1957,1530,9,1539,8
2020-07-25,San Mateo,081,765935,6046,5023,7,5030,113
2020-07-25,Santa Barbara,083,443738,6430,5880,62,5942,30
2020-07-25,Santa Clara,085,1922200,11793,8767,28,8795,166
2020-07-25,Santa Cruz,087,273765,1195,939,8,947,4
2020-07-25,Shasta,089,179085,446,263,1,264,8
2020-07-25,Sierra,091,2930,2,1,0,1,0
2020-07-25,Siskiyou,093,43540,84,54,0,54,0
2020-07-25,Solano,095,438530,3979,3107,18,3125,29
2020-07-25,Sonoma,097,501317,3359,2412,5,2417,20
2020-07-25,Stanislaus,099,539301,10589,7994,14,8008,84
2020-07-25,Sutter,101,95872,753,603,0,603,2
2020-07-25,Tehama,103,63373,253,169,2,171,1
2020-07-25,Trinity,105,12862,26,3,6,9,0
2020-07-25,Tulare,107,460477,10380,8310,35,8345,172
2020-07-25,Tuolumne,109,53932,144,99,2,101,0
2020-07-25,Ventura,111,848112,8176,6662,28,6690,62
2020-07-25,Yolo,113,214977,1700,1357,3,1360,35
2020-07-25,Yuba,115,75493,425,312,0,312,1
2020-07-24,Alameda,001,1643700,12583,10216,39,10255,176
2020-07-24,Alpine,003,1148,2,2,0,2,0
2020-07-24,Amador,005,37829,137,66,0,66,0
2020-07-24,Butte,007,227075,1019,751,12,763,5
2020-07-24,Calaveras,009,45235,123,102,0,102,0
2020-07-24,Colusa,011,21464,337,255,0,255,2
2020-07-24,Contra Costa,013,1133247,9155,6814,27,6841,100
2020-07-24,Del Norte,015,27424,84,66,0,66,0
2020-07-24,El Dorado,017,186661,714,516,0,516,1
2020-07-24,Fresno,019,978130,19841,12564,175,12739,115
2020-07-24,Glenn,021,27897,349,251,0,251,1
2020-07-24,Humboldt,023,135768,241,210,1,211,4
2020-07-24,Imperial,025,180216,10043,7686,11,7697,141
2020-07-24,Inyo,027,18085,55,41,1,42,1
2020-07-24,Kern,029,883053,22558,16124,107,16231,143
2020-07-24,Kings,031,150075,4306,3471,25,3496,39
2020-07-24,Lake,033,64148,209,167,0,167,1
2020-07-24,Lassen,035,31185,574,503,2,505,0
2020-07-24,Los Angeles,037,10098052,189271,169078,444,169522,4302
2020-07-24,Madera,039,155013,2474,1679,5,1684,16
2020-07-24,Marin,041,260295,5106,4517,5,4522,22
2020-07-24,Mariposa,043,17540,55,41,0,41,1
2020-07-24,Mendocino,045,87422,260,188,0,188,0
2020-07-24,Merced,047,269075,5039,3100,3,3103,23
2020-07-24,Modoc,049,8938,3,0,0,0,0
2020-07-24,Mono,051,14174,135,82,1,83,1
2020-07-24,Monterey,053,433212,4793,3748,14,3762,21
2020-07-24,Napa,055,140530,1050,741,0,741,6
2020-07-24,Nevada,057,99092,317,255,13,268,1
2020-07-24,Orange,059,3164182,40992,33530,711,34241,557
2020-07-24,Placer,061,380077,2048,1551,3,1554,12
2020-07-24,Plumas,063,18699,33,22,0,22,0
2020-07-24,Riverside,065,2383286,41787,34513,39,34552,631
2020-07-24,Sacramento,067,1510023,11356,8570,12,8582,110
2020-07-24,San Benito,069,59416,634,485,0,485,2
2020-07-24,San Bernardino,071,2135413,36946,28990,140,29130,386
2020-07-24,San Diego,073,3302833,30278,26100,3,26103,524
2020-07-24,San Francisco,075,870044,6752,5611,7,5618,55
2020-07-24,San Joaquin,077,732212,13250,10190,6,10196,118
2020-07-24,San Luis Obispo,079,281455,1933,1476,9,1485,8
2020-07-24,San Mateo,081,765935,5983,4954,7,4961,112
2020-07-24,Santa Barbara,083,443738,6376,5776,60,5836,30
2020-07-24,Santa Clara,085,1922200,11628,8658,28,8686,165
2020-07-24,Santa Cruz,087,273765,1175,930,8,938,4
2020-07-24,Shasta,089,179085,438,262,1,263,8
2020-07-24,Sierra,091,2930,2,1,0,1,0
2020-07-24,Siskiyou,093,43540,84,53,0,53,0
2020-07-24,Solano,095,438530,3943,3062,15,3077,29
2020-07-24,Sonoma,097,501317,3307,2345,5,2350,20
2020-07-24,Stanislaus,099,539301,10417,7861,11,7872,82
2020-07-24,Sutter,101,95872,742,593,0,593,2
2020-07-24,Tehama,103,63373,245,170,2,172,1
2020-07-24,Trinity,105,12862,25,3,6,9,0
2020-07-24,Tulare,107,460477,10286,8167,33,8200,167
2020-07-24,Tuolumne,109,53932,138,99,2,101,0
2020-07-24,Ventura,111,848112,8091,6553,28,6581,60
2020-07-24,Yolo,113,214977,1686,1329,3,1332,35
2020-07-24,Yuba,115,75493,410,307,0,307,1
2020-07-23,Alameda,001,1643700,12342,9924,39,9963,171
2020-07-23,Alpine,003,1148,2,2,0,2,0
2020-07-23,Amador,005,37829,120,61,0,61,0
2020-07-23,Butte,007,227075,1004,726,11,737,5
2020-07-23,Calaveras,009,45235,116,102,0,102,0
2020-07-23,Colusa,011,21464,329,242,0,242,2
2020-07-23,Contra Costa,013,1133247,8955,6619,25,6644,98
2020-07-23,Del Norte,015,27424,84,66,0,66,0
2020-07-23,El Dorado,017,186661,703,491,0,491,1
2020-07-23,Fresno,019,978130,19485,12164,172,12336,112
2020-07-23,Glenn,021,27897,344,246,0,246,1
2020-07-23,Humboldt,023,135768,240,208,1,209,4
2020-07-23,Imperial,025,180216,9993,7604,11,7615,138
2020-07-23,Inyo,027,18085,53,38,1,39,1
2020-07-23,Kern,029,883053,22151,14491,103,14594,128
2020-07-23,Kings,031,150075,4194,3371,25,3396,39
2020-07-23,Lake,033,64148,200,160,0,160,1
2020-07-23,Lassen,035,31185,571,503,2,505,0
2020-07-23,Los Angeles,037,10098052,186726,167198,417,167615,4265
2020-07-23,Madera,039,155013,2408,1659,4,1663,13
2020-07-23,Marin,041,260295,5054,4423,5,4428,22
2020-07-23,Mariposa,043,17540,55,40,0,40,1
2020-07-23,Mendocino,045,87422,250,178,0,178,0
2020-07-23,Merced,047,269075,4883,2972,3,2975,22
2020-07-23,Modoc,049,8938,3,0,0,0,0
2020-07-23,Mono,051,14174,131,82,1,83,1
2020-07-23,Monterey,053,433212,4675,3655,14,3669,21
2020-07-23,Napa,055,140530,1026,713,0,713,5
2020-07-23,Nevada,057,99092,314,247,13,260,1
2020-07-23,Orange,059,3164182,40496,32863,681,33544,544
2020-07-23,Placer,061,380077,2005,1519,3,1522,12
2020-07-23,Plumas,063,18699,32,21,0,21,0
2020-07-23,Riverside,065,2383286,41182,33833,39,33872,630
2020-07-23,Sacramento,067,1510023,11125,8222,12,8234,108
2020-07-23,San Benito,069,59416,619,478,0,478,2
2020-07-23,San Bernardino,071,2135413,36426,28121,134,28255,369
2020-07-23,San Diego,073,3302833,29904,25109,3,25112,505
2020-07-23,San Francisco,075,870044,6651,5543,7,5550,55
2020-07-23,San Joaquin,077,732212,13031,9861,6,9867,111
2020-07-23,San Luis Obispo,079,281455,1904,1438,9,1447,7
2020-07-23,San Mateo,081,765935,5878,4895,7,4902,113
2020-07-23,Santa Barbara,083,443738,6303,5628,60,5688,30
2020-07-23,Santa Clara,085,1922200,11410,8458,28,8486,165
2020-07-23,Santa Cruz,087,273765,1139,887,8,895,3
2020-07-23,Shasta,089,179085,427,254,1,255,9
2020-07-23,Sierra,091,2930,2,1,0,1,0
2020-07-23,Siskiyou,093,43540,82,53,0,53,0
2020-07-23,Solano,095,438530,3879,2962,13,2975,29
2020-07-23,Sonoma,097,501317,3231,2289,5,2294,18
2020-07-23,Stanislaus,099,539301,10175,7603,11,7614,71
2020-07-23,Sutter,101,95872,709,570,0,570,2
2020-07-23,Tehama,103,63373,239,158,2,160,1
2020-07-23,Trinity,105,12862,24,3,6,9,0
2020-07-23,Tulare,107,460477,10097,7898,33,7931,168
2020-07-23,Tuolumne,109,53932,138,93,2,95,0
2020-07-23,Ventura,111,848112,7967,6303,28,6331,56
2020-07-23,Yolo,113,214977,1668,1279,3,1282,35
2020-07-23,Yuba,115,75493,390,297,0,297,1
2020-07-22,Alameda,001,1643700,12123,9678,38,9716,169
2020-07-22,Alpine,003,1148,2,2,0,2,0
2020-07-22,Amador,005,37829,118,58,0,58,0
2020-07-22,Butte,007,227075,968,694,11,705,5
2020-07-22,Calaveras,009,45235,116,98,0,98,0
2020-07-22,Colusa,011,21464,322,236,0,236,0
2020-07-22,Contra Costa,013,1133247,8729,6401,25,6426,98
2020-07-22,Del Norte,015,27424,84,66,0,66,0
2020-07-22,El Dorado,017,186661,690,466,0,466,1
2020-07-22,Fresno,019,978130,19122,11756,166,11922,110
2020-07-22,Glenn,021,27897,338,236,0,236,1
2020-07-22,Humboldt,023,135768,238,201,1,202,4
2020-07-22,Imperial,025,180216,9933,7533,11,7544,134
2020-07-22,Inyo,027,18085,49,38,1,39,1
2020-07-22,Kern,029,883053,21718,13513,96,13609,127
2020-07-22,Kings,031,150075,4138,3271,25,3296,38
2020-07-22,Lake,033,64148,197,160,0,160,1
2020-07-22,Lassen,035,31185,568,500,2,502,0
2020-07-22,Los Angeles,037,10098052,184078,165242,394,165636,4218
2020-07-22,Madera,039,155013,2333,1578,4,1582,10
2020-07-22,Marin,041,260295,4998,4373,5,4378,23
2020-07-22,Mariposa,043,17540,55,38,0,38,1
2020-07-22,Mendocino,045,87422,243,166,0,166,0
2020-07-22,Merced,047,269075,4756,2828,3,2831,15
2020-07-22,Modoc,049,8938,3,0,0,0,0
2020-07-22,Mono,051,14174,128,82,1,83,1
2020-07-22,Monterey,053,433212,4574,3533,14,3547,20
2020-07-22,Napa,055,140530,1004,687,0,687,5
2020-07-22,Nevada,057,99092,308,239,12,251,1
2020-07-22,Orange,059,3164182,39997,32047,672,32719,522
2020-07-22,Placer,061,380077,1949,1469,3,1472,12
2020-07-22,Plumas,063,18699,31,20,0,20,0
2020-07-22,Riverside,065,2383286,40546,33093,39,33132,612
2020-07-22,Sacramento,067,1510023,10861,8028,11,8039,106
2020-07-22,San Benito,069,59416,605,465,0,465,2
2020-07-22,San Bernardino,071,2135413,35904,26820,123,26943,348
2020-07-22,San Diego,073,3302833,29516,25109,2,25111,505
2020-07-22,San Francisco,075,870044,6547,5473,6,5479,53
2020-07-22,San Joaquin,077,732212,12755,9628,6,9634,102
2020-07-22,San Luis Obispo,079,281455,1858,1373,9,1382,7
2020-07-22,San Mateo,081,765935,5789,4796,7,4803,112
2020-07-22,Santa Barbara,083,443738,6219,5508,58,5566,29
2020-07-22,Santa Clara,085,1922200,11164,8266,28,8294,166
2020-07-22,Santa Cruz,087,273765,1116,866,8,874,3
2020-07-22,Shasta,089,179085,417,246,1,247,9
2020-07-22,Sierra,091,2930,1,1,0,1,0
2020-07-22,Siskiyou,093,43540,81,52,0,52,0
2020-07-22,Solano,095,438530,3818,2839,12,2851,29
2020-07-22,Sonoma,097,501317,3154,2255,5,2260,17
2020-07-22,Stanislaus,099,539301,10004,7401,11,7412,71
2020-07-22,Sutter,101,95872,685,551,0,551,2
2020-07-22,Tehama,103,63373,231,155,2,157,1
2020-07-22,Trinity,105,12862,23,3,6,9,0
2020-07-22,Tulare,107,460477,9864,7640,33,7673,167
2020-07-22,Tuolumne,109,53932,134,91,2,93,0
2020-07-22,Ventura,111,848112,7839,6223,26,6249,56
2020-07-22,Yolo,113,214977,1625,1233,3,1236,34
2020-07-22,Yuba,115,75493,375,288,0,288,1
2020-07-21,Alameda,001,1643700,11909,9390,38,9428,166
2020-07-21,Alpine,003,1148,2,2,0,2,0
2020-07-21,Amador,005,37829,113,55,0,55,0
2020-07-21,Butte,007,227075,923,659,10,669,5
2020-07-21,Calaveras,009,45235,110,96,0,96,0
2020-07-21,Colusa,011,21464,298,227,0,227,0
2020-07-21,Contra Costa,013,1133247,8487,6210,25,6235,98
2020-07-21,Del Norte,015,27424,84,66,0,66,0
2020-07-21,El Dorado,017,186661,682,440,0,440,1
2020-07-21,Fresno,019,978130,18723,11412,160,11572,107
2020-07-21,Glenn,021,27897,331,229,0,229,1
2020-07-21,Humboldt,023,135768,236,198,1,199,4
2020-07-21,Imperial,025,180216,9884,7458,11,7469,128
2020-07-21,Inyo,027,18085,48,38,1,39,1
2020-07-21,Kern,029,883053,21296,11998,90,12088,119
2020-07-21,Kings,031,150075,4073,3187,24,3211,38
2020-07-21,Lake,033,64148,197,157,0,157,1
2020-07-21,Lassen,035,31185,566,474,2,476,0
2020-07-21,Los Angeles,037,10098052,181095,162205,371,162576,4159
2020-07-21,Madera,039,155013,2268,1508,3,1511,10
2020-07-21,Marin,041,260295,4926,4318,5,4323,21
2020-07-21,Mariposa,043,17540,54,37,0,37,1
2020-07-21,Mendocino,045,87422,232,160,0,160,0
2020-07-21,Merced,047,269075,4577,2725,3,2728,15
2020-07-21,Modoc,049,8938,3,0,0,0,0
2020-07-21,Mono,051,14174,124,79,1,80,1
2020-07-21,Monterey,053,433212,4442,3404,13,3417,20
2020-07-21,Napa,055,140530,977,660,0,660,5
2020-07-21,Nevada,057,99092,306,228,10,238,1
2020-07-21,Orange,059,3164182,39500,31356,640,31996,515
2020-07-21,Placer,061,380077,1908,1413,3,1416,11
2020-07-21,Plumas,063,18699,31,19,0,19,0
2020-07-21,Riverside,065,2383286,39844,32231,39,32270,583
2020-07-21,Sacramento,067,1510023,10589,7789,10,7799,102
2020-07-21,San Benito,069,59416,594,444,0,444,2
2020-07-21,San Bernardino,071,2135413,35255,25323,116,25439,343
2020-07-21,San Diego,073,3302833,29067,24522,2,24524,487
2020-07-21,San Francisco,075,870044,6438,5377,6,5383,53
2020-07-21,San Joaquin,077,732212,12426,9150,6,9156,99
2020-07-21,San Luis Obispo,079,281455,1809,1338,9,1347,7
2020-07-21,San Mateo,081,765935,5697,4733,7,4740,111
2020-07-21,Santa Barbara,083,443738,6138,5422,57,5479,29
2020-07-21,Santa Clara,085,1922200,10901,7989,28,8017,164
2020-07-21,Santa Cruz,087,273765,1083,835,8,843,3
2020-07-21,Shasta,089,179085,409,241,1,242,9
2020-07-21,Sierra,091,2930,1,1,0,1,0
2020-07-21,Siskiyou,093,43540,81,48,0,48,0
2020-07-21,Solano,095,438530,3745,2727,12,2739,27
2020-07-21,Sonoma,097,501317,3097,2200,5,2205,17
2020-07-21,Stanislaus,099,539301,9741,6984,11,6995,69
2020-07-21,Sutter,101,95872,669,533,0,533,2
2020-07-21,Tehama,103,63373,221,150,2,152,1
2020-07-21,Trinity,105,12862,23,2,6,8,0
2020-07-21,Tulare,107,460477,9662,7447,33,7480,167
2020-07-21,Tuolumne,109,53932,132,75,2,77,0
2020-07-21,Ventura,111,848112,7707,6131,26,6157,55
2020-07-21,Yolo,113,214977,1571,1204,3,1207,34
2020-07-21,Yuba,115,75493,369,269,0,269,1
2020-07-20,Alameda,001,1643700,11655,9244,37,9281,162
2020-07-20,Alpine,003,1148,2,2,0,2,0
2020-07-20,Amador,005,37829,110,53,0,53,0
2020-07-20,Butte,007,227075,885,586,10,596,4
2020-07-20,Calaveras,009,45235,107,90,0,90,0
2020-07-20,Colusa,011,21464,287,217,0,217,0
2020-07-20,Contra Costa,013,1133247,8279,5823,25,5848,97
2020-07-20,Del Norte,015,27424,84,61,0,61,0
2020-07-20,El Dorado,017,186661,659,407,0,407,0
2020-07-20,Fresno,019,978130,18282,10891,159,11050,106
2020-07-20,Glenn,021,27897,323,225,0,225,1
2020-07-20,Humboldt,023,135768,229,194,1,195,4
2020-07-20,Imperial,025,180216,9844,7337,11,7348,124
2020-07-20,Inyo,027,18085,46,38,1,39,1
2020-07-20,Kern,029,883053,20786,10908,86,10994,118
2020-07-20,Kings,031,150075,4023,3093,24,3117,37
2020-07-20,Lake,033,64148,194,147,0,147,1
2020-07-20,Lassen,035,31185,564,474,2,476,0
2020-07-20,Los Angeles,037,10098052,178136,159202,344,159546,4108
2020-07-20,Madera,039,155013,2193,1433,3,1436,10
2020-07-20,Marin,041,260295,4844,4255,5,4260,21
2020-07-20,Mariposa,043,17540,53,36,0,36,1
2020-07-20,Mendocino,045,87422,219,153,0,153,0
2020-07-20,Merced,047,269075,4407,2584,3,2587,15
2020-07-20,Modoc,049,8938,3,0,0,0,0
2020-07-20,Mono,051,14174,118,78,1,79,1
2020-07-20,Monterey,053,433212,4336,3205,13,3218,19
2020-07-20,Napa,055,140530,942,632,0,632,5
2020-07-20,Nevada,057,99092,298,218,10,228,1
2020-07-20,Orange,059,3164182,38890,30337,610,30947,507
2020-07-20,Placer,061,380077,1856,1364,3,1367,11
2020-07-20,Plumas,063,18699,30,17,0,17,0
2020-07-20,Riverside,065,2383286,39013,31163,39,31202,581
2020-07-20,Sacramento,067,1510023,10261,7369,10,7379,99
2020-07-20,San Benito,069,59416,576,433,0,433,2
2020-07-20,San Bernardino,071,2135413,34444,24226,112,24338,338
2020-07-20,San Diego,073,3302833,28625,24137,2,24139,478
2020-07-20,San Francisco,075,870044,6317,5090,6,5096,53
2020-07-20,San Joaquin,077,732212,12070,8583,6,8589,97
2020-07-20,San Luis Obispo,079,281455,1767,1282,9,1291,6
2020-07-20,San Mateo,081,765935,5596,4609,7,4616,111
2020-07-20,Santa Barbara,083,443738,6024,5266,55,5321,29
2020-07-20,Santa Clara,085,1922200,10672,7711,27,7738,164
2020-07-20,Santa Cruz,087,273765,1051,758,8,766,3
2020-07-20,Shasta,089,179085,394,233,1,234,9
2020-07-20,Sierra,091,2930,1,1,0,1,0
2020-07-20,Siskiyou,093,43540,77,42,0,42,0
2020-07-20,Solano,095,438530,3662,2537,12,2549,26
2020-07-20,Sonoma,097,501317,2989,2148,5,2153,17
2020-07-20,Stanislaus,099,539301,9458,6835,11,6846,58
2020-07-20,Sutter,101,95872,636,507,0,507,2
2020-07-20,Tehama,103,63373,211,146,2,148,1
2020-07-20,Trinity,105,12862,23,2,6,8,0
2020-07-20,Tulare,107,460477,9428,6974,33,7007,166
2020-07-20,Tuolumne,109,53932,131,75,2,77,0
2020-07-20,Ventura,111,848112,7573,5912,26,5938,52
2020-07-20,Yolo,113,214977,1531,1155,3,1158,30
2020-07-20,Yuba,115,75493,349,258,0,258,1
2020-07-19,Alameda,001,1643700,11416,9227,31,9258,162
2020-07-19,Alpine,003,1148,2,2,0,2,0
2020-07-19,Amador,005,37829,103,51,0,51,0
2020-07-19,Butte,007,227075,860,555,10,565,4
2020-07-19,Calaveras,009,45235,105,89,0,89,0
2020-07-19,Colusa,011,21464,279,187,0,187,0
2020-07-19,Contra Costa,013,1133247,7987,5691,23,5714,95
2020-07-19,Del Norte,015,27424,83,61,0,61,0
2020-07-19,El Dorado,017,186661,641,385,0,385,0
2020-07-19,Fresno,019,978130,17758,10639,147,10786,106
2020-07-19,Glenn,021,27897,309,215,0,215,0
2020-07-19,Humboldt,023,135768,221,195,1,196,4
2020-07-19,Imperial,025,180216,9753,7280,11,7291,124
2020-07-19,Inyo,027,18085,42,38,1,39,1
2020-07-19,Kern,029,883053,20169,10094,79,10173,115
2020-07-19,Kings,031,150075,3937,3035,24,3059,37
2020-07-19,Lake,033,64148,189,144,0,144,1
2020-07-19,Lassen,035,31185,545,474,2,476,0
2020-07-19,Los Angeles,037,10098052,174695,156039,321,156360,4100
2020-07-19,Madera,039,155013,2116,1301,3,1304,10
2020-07-19,Marin,041,260295,4789,4172,5,4177,21
2020-07-19,Mariposa,043,17540,49,35,0,35,1
2020-07-19,Mendocino,045,87422,214,137,0,137,0
2020-07-19,Merced,047,269075,4200,2460,3,2463,15
2020-07-19,Modoc,049,8938,3,0,0,0,0
2020-07-19,Mono,051,14174,107,63,1,64,1
2020-07-19,Monterey,053,433212,4216,3079,13,3092,18
2020-07-19,Napa,055,140530,913,612,0,612,5
2020-07-19,Nevada,057,99092,292,210,10,220,1
2020-07-19,Orange,059,3164182,38326,29941,597,30538,505
2020-07-19,Placer,061,380077,1808,1246,3,1249,11
2020-07-19,Plumas,063,18699,30,17,0,17,0
2020-07-19,Riverside,065,2383286,38308,30340,39,30379,581
2020-07-19,Sacramento,067,1510023,9869,6985,10,6995,97
2020-07-19,San Benito,069,59416,560,412,0,412,2
2020-07-19,San Bernardino,071,2135413,33670,23928,100,24028,337
2020-07-19,San Diego,073,3302833,28124,23684,2,23686,478
2020-07-19,San Francisco,075,870044,6170,5094,6,5100,52
2020-07-19,San Joaquin,077,732212,11663,8308,6,8314,93
2020-07-19,San Luis Obispo,079,281455,1723,1262,8,1270,6
2020-07-19,San Mateo,081,765935,5489,4522,7,4529,110
2020-07-19,Santa Barbara,083,443738,5922,5145,52,5197,29
2020-07-19,Santa Clara,085,1922200,10428,7403,27,7430,164
2020-07-19,Santa Cruz,087,273765,1007,753,8,761,3
2020-07-19,Shasta,089,179085,381,218,1,219,9
2020-07-19,Sierra,091,2930,1,1,0,1,0
2020-07-19,Siskiyou,093,43540,75,42,0,42,0
2020-07-19,Solano,095,438530,3557,2551,12,2563,26
2020-07-19,Sonoma,097,501317,2889,2074,5,2079,17
2020-07-19,Stanislaus,099,539301,9162,6508,11,6519,58
2020-07-19,Sutter,101,95872,605,480,0,480,2
2020-07-19,Tehama,103,63373,207,138,2,140,1
2020-07-19,Trinity,105,12862,23,2,6,8,0
2020-07-19,Tulare,107,460477,9180,6856,33,6889,166
2020-07-19,Tuolumne,109,53932,126,75,2,77,0
2020-07-19,Ventura,111,848112,7383,5706,26,5732,52
2020-07-19,Yolo,113,214977,1491,1127,3,1130,30
2020-07-19,Yuba,115,75493,329,240,0,240,1
2020-07-18,Alameda,001,1643700,11280,9089,30,9119,162
2020-07-18,Alpine,003,1148,2,2,0,2,0
2020-07-18,Amador,005,37829,99,49,0,49,0
2020-07-18,Butte,007,227075,851,551,10,561,4
2020-07-18,Calaveras,009,45235,101,89,0,89,0
2020-07-18,Colusa,011,21464,274,182,0,182,0
2020-07-18,Contra Costa,013,1133247,7852,5617,23,5640,95
2020-07-18,Del Norte,015,27424,83,61,0,61,0
2020-07-18,El Dorado,017,186661,638,385,0,385,0
2020-07-18,Fresno,019,978130,17509,10381,145,10526,106
2020-07-18,Glenn,021,27897,303,212,0,212,0
2020-07-18,Humboldt,023,135768,218,189,1,190,4
2020-07-18,Imperial,025,180216,9722,7268,11,7279,124
2020-07-18,Inyo,027,18085,42,38,1,39,1
2020-07-18,Kern,029,883053,19866,9250,76,9326,114
2020-07-18,Kings,031,150075,3897,2996,23,3019,37
2020-07-18,Lake,033,64148,186,142,0,142,1
2020-07-18,Lassen,035,31185,544,474,2,476,0
2020-07-18,Los Angeles,037,10098052,173251,153265,310,153575,4088
2020-07-18,Madera,039,155013,2070,1260,3,1263,9
2020-07-18,Marin,041,260295,4760,4089,5,4094,21
2020-07-18,Mariposa,043,17540,49,35,0,35,1
2020-07-18,Mendocino,045,87422,208,137,0,137,0
2020-07-18,Merced,047,269075,4081,2424,3,2427,15
2020-07-18,Modoc,049,8938,3,0,0,0,0
2020-07-18,Mono,051,14174,105,54,1,55,1
2020-07-18,Monterey,053,433212,4148,3020,13,3033,17
2020-07-18,Napa,055,140530,902,609,0,609,5
2020-07-18,Nevada,057,99092,288,204,9,213,1
2020-07-18,Orange,059,3164182,38007,29603,576,30179,493
2020-07-18,Placer,061,380077,1785,1233,3,1236,11
2020-07-18,Plumas,063,18699,30,17,0,17,0
2020-07-18,Riverside,065,2383286,37954,30245,38,30283,581
2020-07-18,Sacramento,067,1510023,9624,6739,10,6749,95
2020-07-18,San Benito,069,59416,545,407,0,407,2
2020-07-18,San Bernardino,071,2135413,33210,23680,93,23773,336
2020-07-18,San Diego,073,3302833,27821,23116,2,23118,478
2020-07-18,San Francisco,075,870044,6068,5051,6,5057,52
2020-07-18,San Joaquin,077,732212,11450,8118,6,8124,93
2020-07-18,San Luis Obispo,079,281455,1688,1234,8,1242,6
2020-07-18,San Mateo,081,765935,5429,4488,7,4495,110
2020-07-18,Santa Barbara,083,443738,5862,5110,50,5160,29
2020-07-18,Santa Clara,085,1922200,10278,7255,26,7281,164
2020-07-18,Santa Cruz,087,273765,990,751,8,759,3
2020-07-18,Shasta,089,179085,372,216,1,217,9
2020-07-18,Sierra,091,2930,1,1,0,1,0
2020-07-18,Siskiyou,093,43540,71,42,0,42,0
2020-07-18,Solano,095,438530,3516,2503,12,2515,26
2020-07-18,Sonoma,097,501317,2838,2019,5,2024,15
2020-07-18,Stanislaus,099,539301,9027,6344,11,6355,58
2020-07-18,Sutter,101,95872,599,473,0,473,2
2020-07-18,Tehama,103,63373,202,136,2,138,1
2020-07-18,Trinity,105,12862,23,2,6,8,0
2020-07-18,Tulare,107,460477,9089,6810,32,6842,167
2020-07-18,Tuolumne,109,53932,123,75,2,77,0
2020-07-18,Ventura,111,848112,7301,5630,26,5656,52
2020-07-18,Yolo,113,214977,1463,1077,3,1080,30
2020-07-18,Yuba,115,75493,318,237,0,237,1
2020-07-17,Alameda,001,1643700,11139,8893,29,8922,160
2020-07-17,Alpine,003,1148,2,1,0,1,0
2020-07-17,Amador,005,37829,97,48,0,48,0
2020-07-17,Butte,007,227075,837,497,10,507,4
2020-07-17,Calaveras,009,45235,99,86,0,86,0
2020-07-17,Colusa,011,21464,272,146,0,146,0
2020-07-17,Contra Costa,013,1133247,7704,5483,23,5506,93
2020-07-17,Del Norte,015,27424,82,60,0,60,0
2020-07-17,El Dorado,017,186661,622,368,0,368,0
2020-07-17,Fresno,019,978130,17211,9954,145,10099,104
2020-07-17,Glenn,021,27897,296,203,0,203,0
2020-07-17,Humboldt,023,135768,217,185,1,186,4
2020-07-17,Imperial,025,180216,9700,7193,11,7204,120
2020-07-17,Inyo,027,18085,42,38,1,39,1
2020-07-17,Kern,029,883053,19546,8291,75,8366,113
2020-07-17,Kings,031,150075,3858,2978,23,3001,37
2020-07-17,Lake,033,64148,184,139,0,139,1
2020-07-17,Lassen,035,31185,525,391,2,393,0
2020-07-17,Los Angeles,037,10098052,170878,150481,298,150779,4052
2020-07-17,Madera,039,155013,2026,1214,3,1217,9
2020-07-17,Marin,041,260295,4723,3839,5,3844,21
2020-07-17,Mariposa,043,17540,47,35,0,35,1
2020-07-17,Mendocino,045,87422,200,126,0,126,0
2020-07-17,Merced,047,269075,4005,2328,3,2331,12
2020-07-17,Modoc,049,8938,2,0,0,0,0
2020-07-17,Mono,051,14174,100,54,1,55,1
2020-07-17,Monterey,053,433212,4019,2922,13,2935,18
2020-07-17,Napa,055,140530,888,598,0,598,5
2020-07-17,Nevada,057,99092,281,200,9,209,1
2020-07-17,Orange,059,3164182,37544,28962,543,29505,485
2020-07-17,Placer,061,380077,1756,1207,3,1210,11
2020-07-17,Plumas,063,18699,27,16,0,16,0
2020-07-17,Riverside,065,2383286,37355,29639,38,29677,580
2020-07-17,Sacramento,067,1510023,9380,6563,10,6573,95
2020-07-17,San Benito,069,59416,530,399,0,399,2
2020-07-17,San Bernardino,071,2135413,32690,23057,90,23147,322
2020-07-17,San Diego,073,3302833,27432,22491,2,22493,472
2020-07-17,San Francisco,075,870044,5974,4967,6,4973,52
2020-07-17,San Joaquin,077,732212,11206,7925,6,7931,86
2020-07-17,San Luis Obispo,079,281455,1651,1190,8,1198,6
2020-07-17,San Mateo,081,765935,5333,4407,7,4414,110
2020-07-17,Santa Barbara,083,443738,5790,5001,49,5050,29
2020-07-17,Santa Clara,085,1922200,10060,7080,26,7106,164
2020-07-17,Santa Cruz,087,273765,968,716,8,724,3
2020-07-17,Shasta,089,179085,360,213,1,214,8
2020-07-17,Sierra,091,2930,1,1,0,1,0
2020-07-17,Siskiyou,093,43540,70,40,0,40,0
2020-07-17,Solano,095,438530,3467,2452,12,2464,26
2020-07-17,Sonoma,097,501317,2790,1982,5,1987,15
2020-07-17,Stanislaus,099,539301,8853,6220,11,6231,56
2020-07-17,Sutter,101,95872,586,458,0,458,2
2020-07-17,Tehama,103,63373,198,128,2,130,1
2020-07-17,Trinity,105,12862,23,2,6,8,0
2020-07-17,Tulare,107,460477,8953,6671,32,6703,166
2020-07-17,Tuolumne,109,53932,122,73,2,75,0
2020-07-17,Ventura,111,848112,7217,5451,26,5477,51
2020-07-17,Yolo,113,214977,1439,1055,3,1058,30
2020-07-17,Yuba,115,75493,308,231,0,231,1
2020-07-16,Alameda,001,1643700,10905,8719,24,8743,153
2020-07-16,Alpine,003,1148,2,1,0,1,0
2020-07-16,Amador,005,37829,94,46,0,46,0
2020-07-16,Butte,007,227075,800,465,9,474,4
2020-07-16,Calaveras,009,45235,97,82,0,82,0
2020-07-16,Colusa,011,21464,263,140,0,140,0
2020-07-16,Contra Costa,013,1133247,7492,5338,17,5355,91
2020-07-16,Del Norte,015,27424,82,60,0,60,0
2020-07-16,El Dorado,017,186661,605,357,0,357,0
2020-07-16,Fresno,019,978130,16700,9481,136,9617,101
2020-07-16,Glenn,021,27897,287,190,0,190,0
2020-07-16,Humboldt,023,135768,215,184,1,185,4
2020-07-16,Imperial,025,180216,9605,7148,11,7159,113
2020-07-16,Inyo,027,18085,42,38,1,39,1
2020-07-16,Kern,029,883053,19024,7435,73,7508,112
2020-07-16,Kings,031,150075,3691,2937,23,2960,37
2020-07-16,Lake,033,64148,179,128,0,128,1
2020-07-16,Lassen,035,31185,524,355,2,357,0
2020-07-16,Los Angeles,037,10098052,167661,147759,273,148032,3994
2020-07-16,Madera,039,155013,1962,1192,3,1195,8
2020-07-16,Marin,041,260295,4651,3546,5,3551,21
2020-07-16,Mariposa,043,17540,45,34,0,34,1
2020-07-16,Mendocino,045,87422,195,121,0,121,0
2020-07-16,Merced,047,269075,3843,2228,3,2231,12
2020-07-16,Modoc,049,8938,1,0,0,0,0
2020-07-16,Mono,051,14174,97,53,1,54,1
2020-07-16,Monterey,053,433212,3915,2857,12,2869,18
2020-07-16,Napa,055,140530,859,581,0,581,5
2020-07-16,Nevada,057,99092,278,191,9,200,1
2020-07-16,Orange,059,3164182,36843,28525,507,29032,471
2020-07-16,Placer,061,380077,1708,1168,3,1171,11
2020-07-16,Plumas,063,18699,25,16,0,16,0
2020-07-16,Riverside,065,2383286,36610,28904,36,28940,577
2020-07-16,Sacramento,067,1510023,9067,6440,9,6449,91
2020-07-16,San Benito,069,59416,513,389,0,389,2
2020-07-16,San Bernardino,071,2135413,31828,22355,72,22427,321
2020-07-16,San Diego,073,3302833,26945,21857,2,21859,465
2020-07-16,San Francisco,075,870044,5833,4838,6,4844,52
2020-07-16,San Joaquin,077,732212,10843,7713,6,7719,82
2020-07-16,San Luis Obispo,079,281455,1607,1146,8,1154,6
2020-07-16,San Mateo,081,765935,5229,4336,7,4343,110
2020-07-16,Santa Barbara,083,443738,5695,4872,48,4920,28
2020-07-16,Santa Clara,085,1922200,9780,6990,24,7014,164
2020-07-16,Santa Cruz,087,273765,927,698,8,706,3
2020-07-16,Shasta,089,179085,345,208,1,209,7
2020-07-16,Sierra,091,2930,1,1,0,1,0
2020-07-16,Siskiyou,093,43540,67,39,0,39,0
2020-07-16,Solano,095,438530,3373,2372,12,2384,25
2020-07-16,Sonoma,097,501317,2700,1954,5,1959,14
2020-07-16,Stanislaus,099,539301,8571,6077,10,6087,56
2020-07-16,Sutter,101,95872,570,444,0,444,2
2020-07-16,Tehama,103,63373,188,126,2,128,1
2020-07-16,Trinity,105,12862,23,2,5,7,0
2020-07-16,Tulare,107,460477,8737,6467,31,6498,163
2020-07-16,Tuolumne,109,53932,117,71,2,73,0
2020-07-16,Ventura,111,848112,7055,5231,26,5257,50
2020-07-16,Yolo,113,214977,1398,1034,3,1037,29
2020-07-16,Yuba,115,75493,290,221,0,221,1
2020-07-15,Alameda,001,1643700,10700,8615,19,8634,153
2020-07-15,Alpine,003,1148,2,1,0,1,0
2020-07-15,Amador,005,37829,73,44,0,44,0
2020-07-15,Butte,007,227075,758,420,9,429,4
2020-07-15,Calaveras,009,45235,97,75,0,75,0
2020-07-15,Colusa,011,21464,258,135,0,135,0
2020-07-15,Contra Costa,013,1133247,7261,5246,17,5263,90
2020-07-15,Del Norte,015,27424,81,60,0,60,0
2020-07-15,El Dorado,017,186661,581,339,0,339,0
2020-07-15,Fresno,019,978130,16226,9124,129,9253,101
2020-07-15,Glenn,021,27897,278,184,0,184,0
2020-07-15,Humboldt,023,135768,213,181,1,182,4
2020-07-15,Imperial,025,180216,9538,7110,11,7121,110
2020-07-15,Inyo,027,18085,42,36,1,37,1
2020-07-15,Kern,029,883053,18404,7155,70,7225,108
2020-07-15,Kings,031,150075,3630,2906,23,2929,37
2020-07-15,Lake,033,64148,177,122,0,122,1
2020-07-15,Lassen,035,31185,520,319,2,321,0
2020-07-15,Los Angeles,037,10098052,164197,143343,258,143601,3946
2020-07-15,Madera,039,155013,1893,1147,3,1150,4
2020-07-15,Marin,041,260295,4596,3458,5,3463,21
2020-07-15,Mariposa,043,17540,45,34,0,34,1
2020-07-15,Mendocino,045,87422,192,119,0,119,0
2020-07-15,Merced,047,269075,3693,2156,3,2159,12
2020-07-15,Modoc,049,8938,1,0,0,0,0
2020-07-15,Mono,051,14174,95,52,1,53,1
2020-07-15,Monterey,053,433212,3803,2780,12,2792,18
2020-07-15,Napa,055,140530,833,573,0,573,5
2020-07-15,Nevada,057,99092,274,185,7,192,1
2020-07-15,Orange,059,3164182,36043,27718,473,28191,454
2020-07-15,Placer,061,380077,1650,1145,3,1148,11
2020-07-15,Plumas,063,18699,25,16,0,16,0
2020-07-15,Riverside,065,2383286,35827,28492,34,28526,568
2020-07-15,Sacramento,067,1510023,8686,6217,9,6226,91
2020-07-15,San Benito,069,59416,504,388,0,388,2
2020-07-15,San Bernardino,071,2135413,31038,21508,56,21564,317
2020-07-15,San Diego,073,3302833,26478,21448,2,21450,448
2020-07-15,San Francisco,075,870044,5719,4757,6,4763,50
2020-07-15,San Joaquin,077,732212,10411,7381,5,7386,75
2020-07-15,San Luis Obispo,079,281455,1564,1097,8,1105,6
2020-07-15,San Mateo,081,765935,5116,4258,7,4265,109
2020-07-15,Santa Barbara,083,443738,5580,4733,48,4781,28
2020-07-15,Santa Clara,085,1922200,9476,6900,24,6924,164
2020-07-15,Santa Cruz,087,273765,891,660,7,667,3
2020-07-15,Shasta,089,179085,336,193,1,194,7
2020-07-15,Sierra,091,2930,1,1,0,1,0
2020-07-15,Siskiyou,093,43540,66,38,0,38,0
2020-07-15,Solano,095,438530,3278,2343,12,2355,25
2020-07-15,Sonoma,097,501317,2602,1920,5,1925,14
2020-07-15,Stanislaus,099,539301,8274,5777,10,5787,56
2020-07-15,Sutter,101,95872,544,433,0,433,2
2020-07-15,Tehama,103,63373,180,126,2,128,1
2020-07-15,Trinity,105,12862,22,2,5,7,0
2020-07-15,Tulare,107,460477,8526,6320,30,6350,156
2020-07-15,Tuolumne,109,53932,110,68,2,70,0
2020-07-15,Ventura,111,848112,6878,5087,26,5113,50
2020-07-15,Yolo,113,214977,1366,1002,3,1005,27
2020-07-15,Yuba,115,75493,278,221,0,221,1
2020-07-14,Alameda,001,1643700,10358,8388,13,8401,151
2020-07-14,Alpine,003,1148,2,1,0,1,0
2020-07-14,Amador,005,37829,69,44,0,44,0
2020-07-14,Butte,007,227075,712,382,9,391,4
2020-07-14,Calaveras,009,45235,95,74,0,74,0
2020-07-14,Colusa,011,21464,248,128,0,128,0
2020-07-14,Contra Costa,013,1133247,7024,5110,15,5125,90
2020-07-14,Del Norte,015,27424,80,60,0,60,0
2020-07-14,El Dorado,017,186661,566,324,0,324,0
2020-07-14,Fresno,019,978130,15806,8941,124,9065,98
2020-07-14,Glenn,021,27897,268,177,0,177,0
2020-07-14,Humboldt,023,135768,210,175,1,176,4
2020-07-14,Imperial,025,180216,9410,7095,11,7106,109
2020-07-14,Inyo,027,18085,42,35,1,36,1
2020-07-14,Kern,029,883053,17645,6979,57,7036,107
2020-07-14,Kings,031,150075,3563,2867,22,2889,37
2020-07-14,Lake,033,64148,171,120,0,120,1
2020-07-14,Lassen,035,31185,503,263,2,265,0
2020-07-14,Los Angeles,037,10098052,161064,140632,228,140860,3900
2020-07-14,Madera,039,155013,1819,1118,3,1121,4
2020-07-14,Marin,041,260295,4482,3451,5,3456,21
2020-07-14,Mariposa,043,17540,41,32,0,32,1
2020-07-14,Mendocino,045,87422,184,110,0,110,0
2020-07-14,Merced,047,269075,3514,2084,3,2087,12
2020-07-14,Modoc,049,8938,1,0,0,0,0
2020-07-14,Mono,051,14174,85,48,1,49,1
2020-07-14,Monterey,053,433212,3689,2724,12,2736,18
2020-07-14,Napa,055,140530,777,557,0,557,4
2020-07-14,Nevada,057,99092,257,180,6,186,1
2020-07-14,Orange,059,3164182,35163,26915,426,27341,432
2020-07-14,Placer,061,380077,1592,1122,3,1125,11
2020-07-14,Plumas,063,18699,24,14,0,14,0
2020-07-14,Riverside,065,2383286,35070,27850,33,27883,547
2020-07-14,Sacramento,067,1510023,8332,5978,9,5987,87
2020-07-14,San Benito,069,59416,485,360,0,360,2
2020-07-14,San Bernardino,071,2135413,30187,20489,46,20535,316
2020-07-14,San Diego,073,3302833,25858,20887,2,20889,436
2020-07-14,San Francisco,075,870044,5569,4659,5,4664,50
2020-07-14,San Joaquin,077,732212,9983,7143,5,7148,75
2020-07-14,San Luis Obispo,079,281455,1526,1060,8,1068,5
2020-07-14,San Mateo,081,765935,5023,4173,7,4180,108
2020-07-14,Santa Barbara,083,443738,5456,4641,46,4687,28
2020-07-14,Santa Clara,085,1922200,9148,6686,21,6707,164
2020-07-14,Santa Cruz,087,273765,852,639,7,646,3
2020-07-14,Shasta,089,179085,327,190,1,191,7
2020-07-14,Sierra,091,2930,1,1,0,1,0
2020-07-14,Siskiyou,093,43540,65,38,0,38,0
2020-07-14,Solano,095,438530,3178,2266,10,2276,25
2020-07-14,Sonoma,097,501317,2509,1866,5,1871,14
2020-07-14,Stanislaus,099,539301,7900,5631,9,5640,53
2020-07-14,Sutter,101,95872,525,405,0,405,2
2020-07-14,Tehama,103,63373,168,123,2,125,1
2020-07-14,Trinity,105,12862,21,2,5,7,0
2020-07-14,Tulare,107,460477,8280,6199,30,6229,156
2020-07-14,Tuolumne,109,53932,105,68,2,70,0
2020-07-14,Ventura,111,848112,6717,4950,26,4976,50
2020-07-14,Yolo,113,214977,1318,966,3,969,27
2020-07-14,Yuba,115,75493,261,210,0,210,1
2020-07-13,Alameda,001,1643700,10049,8115,13,8128,148
2020-07-13,Alpine,003,1148,2,1,0,1,0
2020-07-13,Amador,005,37829,65,42,0,42,0
2020-07-13,Butte,007,227075,676,354,9,363,4
2020-07-13,Calaveras,009,45235,87,63,0,63,0
2020-07-13,Colusa,011,21464,242,116,0,116,0
2020-07-13,Contra Costa,013,1133247,6751,4882,13,4895,88
2020-07-13,Del Norte,015,27424,74,59,0,59,0
2020-07-13,El Dorado,017,186661,535,298,0,298,0
2020-07-13,Fresno,019,978130,15375,8666,119,8785,95
2020-07-13,Glenn,021,27897,261,168,0,168,0
2020-07-13,Humboldt,023,135768,205,174,1,175,4
2020-07-13,Imperial,025,180216,9325,7052,11,7063,109
2020-07-13,Inyo,027,18085,41,35,1,36,1
2020-07-13,Kern,029,883053,16960,6808,52,6860,107
2020-07-13,Kings,031,150075,3512,2824,22,2846,37
2020-07-13,Lake,033,64148,166,118,0,118,1
2020-07-13,Lassen,035,31185,498,237,2,239,0
2020-07-13,Los Angeles,037,10098052,157833,136368,214,136582,3829
2020-07-13,Madera,039,155013,1750,1059,3,1062,4
2020-07-13,Marin,041,260295,4378,3402,5,3407,21
2020-07-13,Mariposa,043,17540,40,31,0,31,1
2020-07-13,Mendocino,045,87422,180,87,0,87,0
2020-07-13,Merced,047,269075,3365,2007,3,2010,12
2020-07-13,Modoc,049,8938,1,0,0,0,0
2020-07-13,Mono,051,14174,81,47,0,47,1
2020-07-13,Monterey,053,433212,3566,2613,9,2622,18
2020-07-13,Napa,055,140530,741,534,0,534,4
2020-07-13,Nevada,057,99092,243,172,6,178,1
2020-07-13,Orange,059,3164182,34298,25978,393,26371,423
2020-07-13,Placer,061,380077,1547,1096,3,1099,11
2020-07-13,Plumas,063,18699,22,14,0,14,0
2020-07-13,Riverside,065,2383286,34145,27136,31,27167,545
2020-07-13,Sacramento,067,1510023,8035,5747,9,5756,85
2020-07-13,San Benito,069,59416,472,343,0,343,2
2020-07-13,San Bernardino,071,2135413,29309,19610,40,19650,313
2020-07-13,San Diego,073,3302833,25291,20348,2,20350,422
2020-07-13,San Francisco,075,870044,5441,4534,4,4538,50
2020-07-13,San Joaquin,077,732212,9567,6927,5,6932,71
2020-07-13,San Luis Obispo,079,281455,1495,989,8,997,5
2020-07-13,San Mateo,081,765935,4892,4057,7,4064,108
2020-07-13,Santa Barbara,083,443738,5342,4441,45,4486,28
2020-07-13,Santa Clara,085,1922200,8825,6488,20,6508,164
2020-07-13,Santa Cruz,087,273765,814,574,7,581,3
2020-07-13,Shasta,089,179085,316,185,1,186,6
2020-07-13,Sierra,091,2930,1,1,0,1,0
2020-07-13,Siskiyou,093,43540,61,37,0,37,0
2020-07-13,Solano,095,438530,3066,2046,10,2056,23
2020-07-13,Sonoma,097,501317,2398,1818,5,1823,14
2020-07-13,Stanislaus,099,539301,7597,5324,8,5332,53
2020-07-13,Sutter,101,95872,487,379,0,379,2
2020-07-13,Tehama,103,63373,155,112,2,114,1
2020-07-13,Trinity,105,12862,21,2,5,7,0
2020-07-13,Tulare,107,460477,8019,5930,28,5958,147
2020-07-13,Tuolumne,109,53932,97,56,2,58,0
2020-07-13,Ventura,111,848112,6527,4800,23,4823,50
2020-07-13,Yolo,113,214977,1272,941,3,944,27
2020-07-13,Yuba,115,75493,246,194,0,194,1
2020-07-12,Alameda,001,1643700,9778,8056,13,8069,148
2020-07-12,Alpine,003,1148,2,1,0,1,0
2020-07-12,Amador,005,37829,55,40,0,40,0
2020-07-12,Butte,007,227075,626,341,8,349,4
2020-07-12,Calaveras,009,45235,87,62,0,62,0
2020-07-12,Colusa,011,21464,208,116,0,116,0
2020-07-12,Contra Costa,013,1133247,6481,4708,11,4719,88
2020-07-12,Del Norte,015,27424,63,59,0,59,0
2020-07-12,El Dorado,017,186661,513,290,0,290,0
2020-07-12,Fresno,019,978130,14949,8407,114,8521,95
2020-07-12,Glenn,021,27897,248,166,0,166,0
2020-07-12,Humboldt,023,135768,201,174,1,175,4
2020-07-12,Imperial,025,180216,9207,6999,7,7006,109
2020-07-12,Inyo,027,18085,39,35,1,36,1
2020-07-12,Kern,029,883053,16216,6662,49,6711,105
2020-07-12,Kings,031,150075,3450,2779,22,2801,34
2020-07-12,Lake,033,64148,157,114,0,114,1
2020-07-12,Lassen,035,31185,491,237,2,239,0
2020-07-12,Los Angeles,037,10098052,154416,133830,185,134015,3816
2020-07-12,Madera,039,155013,1695,1025,3,1028,4
2020-07-12,Marin,041,260295,4301,3358,5,3363,21
2020-07-12,Mariposa,043,17540,39,31,0,31,1
2020-07-12,Mendocino,045,87422,161,88,0,88,0
2020-07-12,Merced,047,269075,3235,1908,3,1911,12
2020-07-12,Modoc,049,8938,1,0,0,0,0
2020-07-12,Mono,051,14174,71,45,0,45,1
2020-07-12,Monterey,053,433212,3451,2521,9,2530,18
2020-07-12,Napa,055,140530,709,519,0,519,4
2020-07-12,Nevada,057,99092,233,166,6,172,1
2020-07-12,Orange,059,3164182,33423,25399,384,25783,422
2020-07-12,Placer,061,380077,1491,1058,3,1061,11
2020-07-12,Plumas,063,18699,21,14,0,14,0
2020-07-12,Riverside,065,2383286,33385,26404,31,26435,542
2020-07-12,Sacramento,067,1510023,7723,5515,7,5522,85
2020-07-12,San Benito,069,59416,457,324,0,324,2
2020-07-12,San Bernardino,071,2135413,28397,19042,35,19077,312
2020-07-12,San Diego,073,3302833,24662,19929,2,19931,422
2020-07-12,San Francisco,075,870044,5291,4535,4,4539,50
2020-07-12,San Joaquin,077,732212,9205,6703,5,6708,71
2020-07-12,San Luis Obispo,079,281455,1448,972,7,979,5
2020-07-12,San Mateo,081,765935,4774,3988,7,3995,108
2020-07-12,Santa Barbara,083,443738,5212,4353,44,4397,28
2020-07-12,Santa Clara,085,1922200,8587,6252,19,6271,164
2020-07-12,Santa Cruz,087,273765,772,573,5,578,3
2020-07-12,Shasta,089,179085,310,173,1,174,6
2020-07-12,Sierra,091,2930,1,1,0,1,0
2020-07-12,Siskiyou,093,43540,59,36,0,36,0
2020-07-12,Solano,095,438530,2941,2037,10,2047,23
2020-07-12,Sonoma,097,501317,2304,1743,5,1748,13
2020-07-12,Stanislaus,099,539301,7293,5177,8,5185,53
2020-07-12,Sutter,101,95872,469,362,0,362,2
2020-07-12,Tehama,103,63373,148,111,2,113,1
2020-07-12,Trinity,105,12862,21,2,5,7,0
2020-07-12,Tulare,107,460477,7764,5864,27,5891,146
2020-07-12,Tuolumne,109,53932,89,52,2,54,0
2020-07-12,Ventura,111,848112,6311,4724,22,4746,50
2020-07-12,Yolo,113,214977,1231,889,3,892,27
2020-07-12,Yuba,115,75493,235,188,0,188,1
2020-07-11,Alameda,001,1643700,9676,7845,13,7858,148
2020-07-11,Alpine,003,1148,2,1,0,1,0
2020-07-11,Amador,005,37829,51,37,0,37,0
2020-07-11,Butte,007,227075,610,325,8,333,4
2020-07-11,Calaveras,009,45235,84,62,0,62,0
2020-07-11,Colusa,011,21464,203,110,0,110,0
2020-07-11,Contra Costa,013,1133247,6364,4650,11,4661,87
2020-07-11,Del Norte,015,27424,63,59,0,59,0
2020-07-11,El Dorado,017,186661,502,283,0,283,0
2020-07-11,Fresno,019,978130,14689,8086,112,8198,95
2020-07-11,Glenn,021,27897,240,161,0,161,0
2020-07-11,Humboldt,023,135768,200,174,1,175,4
2020-07-11,Imperial,025,180216,9168,6884,7,6891,109
2020-07-11,Inyo,027,18085,39,35,1,36,1
2020-07-11,Kern,029,883053,15859,6509,48,6557,103
2020-07-11,Kings,031,150075,3423,2753,22,2775,33
2020-07-11,Lake,033,64148,156,110,0,110,1
2020-07-11,Lassen,035,31185,490,237,2,239,0
2020-07-11,Los Angeles,037,10098052,152699,130479,175,130654,3802
2020-07-11,Madera,039,155013,1654,988,3,991,4
2020-07-11,Marin,041,260295,4273,3191,5,3196,21
2020-07-11,Mariposa,043,17540,39,31,0,31,1
2020-07-11,Mendocino,045,87422,157,88,0,88,0
2020-07-11,Merced,047,269075,3154,1851,3,1854,12
2020-07-11,Modoc,049,8938,1,0,0,0,0
2020-07-11,Mono,051,14174,68,45,0,45,1
2020-07-11,Monterey,053,433212,3362,2376,8,2384,18
2020-07-11,Napa,055,140530,697,509,0,509,4
2020-07-11,Nevada,057,99092,224,163,5,168,1
2020-07-11,Orange,059,3164182,33046,24430,370,24800,422
2020-07-11,Placer,061,380077,1456,1029,3,1032,11
2020-07-11,Plumas,063,18699,21,12,0,12,0
2020-07-11,Riverside,065,2383286,32994,25994,31,26025,538
2020-07-11,Sacramento,067,1510023,7549,5367,7,5374,84
2020-07-11,San Benito,069,59416,442,314,0,314,2
2020-07-11,San Bernardino,071,2135413,27960,18907,33,18940,310
2020-07-11,San Diego,073,3302833,24277,19371,2,19373,422
2020-07-11,San Francisco,075,870044,5195,4430,3,4433,50
2020-07-11,San Joaquin,077,732212,9027,6518,5,6523,72
2020-07-11,San Luis Obispo,079,281455,1400,930,7,937,4
2020-07-11,San Mateo,081,765935,4706,3956,7,3963,108
2020-07-11,Santa Barbara,083,443738,5143,4283,43,4326,28
2020-07-11,Santa Clara,085,1922200,8428,5959,19,5978,164
2020-07-11,Santa Cruz,087,273765,741,571,5,576,3
2020-07-11,Shasta,089,179085,303,168,1,169,6
2020-07-11,Sierra,091,2930,1,1,0,1,0
2020-07-11,Siskiyou,093,43540,59,36,0,36,0
2020-07-11,Solano,095,438530,2900,2034,10,2044,23
2020-07-11,Sonoma,097,501317,2266,1690,5,1695,13
2020-07-11,Stanislaus,099,539301,7152,4911,8,4919,51
2020-07-11,Sutter,101,95872,453,352,0,352,2
2020-07-11,Tehama,103,63373,146,111,2,113,1
2020-07-11,Trinity,105,12862,21,2,5,7,0
2020-07-11,Tulare,107,460477,7658,5780,27,5807,149
2020-07-11,Tuolumne,109,53932,87,50,2,52,0
2020-07-11,Ventura,111,848112,6215,4545,21,4566,49
2020-07-11,Yolo,113,214977,1202,833,3,836,27
2020-07-11,Yuba,115,75493,225,175,0,175,1
2020-07-10,Alameda,001,1643700,9519,7551,13,7564,147
2020-07-10,Alpine,003,1148,2,1,0,1,0
2020-07-10,Amador,005,37829,47,37,0,37,0
2020-07-10,Butte,007,227075,599,318,8,326,4
2020-07-10,Calaveras,009,45235,84,61,0,61,0
2020-07-10,Colusa,011,21464,197,103,0,103,0
2020-07-10,Contra Costa,013,1133247,6221,4482,11,4493,86
2020-07-10,Del Norte,015,27424,63,57,0,57,0
2020-07-10,El Dorado,017,186661,484,266,0,266,0
2020-07-10,Fresno,019,978130,14357,7760,109,7869,93
2020-07-10,Glenn,021,27897,235,157,0,157,0
2020-07-10,Humboldt,023,135768,199,168,1,169,4
2020-07-10,Imperial,025,180216,9123,6878,6,6884,98
2020-07-10,Inyo,027,18085,39,35,1,36,1
2020-07-10,Kern,029,883053,15426,6344,47,6391,102
2020-07-10,Kings,031,150075,3387,2707,22,2729,33
2020-07-10,Lake,033,64148,149,104,0,104,1
2020-07-10,Lassen,035,31185,489,235,2,237,0
2020-07-10,Los Angeles,037,10098052,150280,127503,169,127672,3750
2020-07-10,Madera,039,155013,1608,914,3,917,4
2020-07-10,Marin,041,260295,4210,3101,5,3106,21
2020-07-10,Mariposa,043,17540,38,31,0,31,1
2020-07-10,Mendocino,045,87422,149,88,0,88,0
2020-07-10,Merced,047,269075,3075,1802,3,1805,12
2020-07-10,Modoc,049,8938,1,0,0,0,0
2020-07-10,Mono,051,14174,67,45,0,45,1
2020-07-10,Monterey,053,433212,3283,2285,8,2293,18
2020-07-10,Napa,055,140530,686,496,0,496,4
2020-07-10,Nevada,057,99092,219,161,5,166,1
2020-07-10,Orange,059,3164182,32459,23692,367,24059,416
2020-07-10,Placer,061,380077,1415,1002,3,1005,11
2020-07-10,Plumas,063,18699,19,12,0,12,0
2020-07-10,Riverside,065,2383286,32477,25481,31,25512,533
2020-07-10,Sacramento,067,1510023,7294,5181,7,5188,81
2020-07-10,San Benito,069,59416,433,302,0,302,2
2020-07-10,San Bernardino,071,2135413,27436,18242,30,18272,308
2020-07-10,San Diego,073,3302833,23896,18862,2,18864,420
2020-07-10,San Francisco,075,870044,5104,4305,3,4308,50
2020-07-10,San Joaquin,077,732212,8794,6225,5,6230,67
2020-07-10,San Luis Obispo,079,281455,1362,891,7,898,4
2020-07-10,San Mateo,081,765935,4641,3844,7,3851,107
2020-07-10,Santa Barbara,083,443738,5046,4177,42,4219,28
2020-07-10,Santa Clara,085,1922200,8204,5819,19,5838,164
2020-07-10,Santa Cruz,087,273765,714,540,5,545,3
2020-07-10,Shasta,089,179085,299,158,1,159,6
2020-07-10,Sierra,091,2930,1,1,0,1,0
2020-07-10,Siskiyou,093,43540,59,31,0,31,0
2020-07-10,Solano,095,438530,2853,1950,10,1960,23
2020-07-10,Sonoma,097,501317,2219,1606,4,1610,13
2020-07-10,Stanislaus,099,539301,6982,4781,8,4789,46
2020-07-10,Sutter,101,95872,446,338,0,338,2
2020-07-10,Tehama,103,63373,145,107,2,109,1
2020-07-10,Trinity,105,12862,21,2,5,7,0
2020-07-10,Tulare,107,460477,7521,5677,27,5704,150
2020-07-10,Tuolumne,109,53932,86,49,2,51,0
2020-07-10,Ventura,111,848112,6101,4416,21,4437,48
2020-07-10,Yolo,113,214977,1178,794,3,797,27
2020-07-10,Yuba,115,75493,211,164,0,164,1
2020-07-09,Alameda,001,1643700,9283,7433,13,7446,146
2020-07-09,Alpine,003,1148,2,1,0,1,0
2020-07-09,Amador,005,37829,44,36,0,36,0
2020-07-09,Butte,007,227075,567,295,8,303,4
2020-07-09,Calaveras,009,45235,83,59,0,59,0
2020-07-09,Colusa,011,21464,189,97,0,97,0
2020-07-09,Contra Costa,013,1133247,5978,4388,11,4399,86
2020-07-09,Del Norte,015,27424,63,57,0,57,0
2020-07-09,El Dorado,017,186661,459,255,0,255,0
2020-07-09,Fresno,019,978130,13903,7385,106,7491,90
2020-07-09,Glenn,021,27897,225,150,0,150,0
2020-07-09,Humboldt,023,135768,196,166,1,167,4
2020-07-09,Imperial,025,180216,9028,6778,6,6784,87
2020-07-09,Inyo,027,18085,37,35,1,36,1
2020-07-09,Kern,029,883053,14781,6100,45,6145,95
2020-07-09,Kings,031,150075,3323,2686,21,2707,33
2020-07-09,Lake,033,64148,146,99,0,99,1
2020-07-09,Lassen,035,31185,433,221,2,223,0
2020-07-09,Los Angeles,037,10098052,147022,125062,145,125207,3698
2020-07-09,Madera,039,155013,1531,850,3,853,4
2020-07-09,Marin,041,260295,4058,2975,4,2979,20
2020-07-09,Mariposa,043,17540,38,32,0,32,1
2020-07-09,Mendocino,045,87422,145,88,0,88,0
2020-07-09,Merced,047,269075,2942,1728,3,1731,11
2020-07-09,Modoc,049,8938,1,0,0,0,0
2020-07-09,Mono,051,14174,63,45,0,45,1
2020-07-09,Monterey,053,433212,3158,2223,8,2231,17
2020-07-09,Napa,055,140530,669,468,0,468,4
2020-07-09,Nevada,057,99092,213,156,5,161,1
2020-07-09,Orange,059,3164182,31488,22960,349,23309,407
2020-07-09,Placer,061,380077,1372,982,3,985,11
2020-07-09,Plumas,063,18699,19,12,0,12,0
2020-07-09,Riverside,065,2383286,31584,24980,30,25010,529
2020-07-09,Sacramento,067,1510023,6967,4950,7,4957,81
2020-07-09,San Benito,069,59416,417,295,0,295,2
2020-07-09,San Bernardino,071,2135413,26563,17339,24,17363,307
2020-07-09,San Diego,073,3302833,23304,18404,2,18406,415
2020-07-09,San Francisco,075,870044,4972,4143,3,4146,50
2020-07-09,San Joaquin,077,732212,8435,6004,5,6009,66
2020-07-09,San Luis Obispo,079,281455,1322,869,7,876,3
2020-07-09,San Mateo,081,765935,4514,3792,7,3799,106
2020-07-09,Santa Barbara,083,443738,4914,4068,42,4110,28
2020-07-09,Santa Clara,085,1922200,7947,5638,18,5656,164
2020-07-09,Santa Cruz,087,273765,687,526,5,531,3
2020-07-09,Shasta,089,179085,293,155,1,156,5
2020-07-09,Sierra,091,2930,1,1,0,1,0
2020-07-09,Siskiyou,093,43540,55,31,0,31,0
2020-07-09,Solano,095,438530,2755,1892,10,1902,23
2020-07-09,Sonoma,097,501317,2133,1584,4,1588,13
2020-07-09,Stanislaus,099,539301,6666,4633,7,4640,46
2020-07-09,Sutter,101,95872,429,321,0,321,2
2020-07-09,Tehama,103,63373,140,102,2,104,1
2020-07-09,Trinity,105,12862,21,2,5,7,0
2020-07-09,Tulare,107,460477,7302,5501,26,5527,146
2020-07-09,Tuolumne,109,53932,85,47,2,49,0
2020-07-09,Ventura,111,848112,5933,4278,21,4299,47
2020-07-09,Yolo,113,214977,1131,764,3,767,27
2020-07-09,Yuba,115,75493,194,152,0,152,1
2020-07-08,Alameda,001,1643700,8991,7335,13,7348,142
2020-07-08,Alpine,003,1148,2,1,0,1,0
2020-07-08,Amador,005,37829,41,35,0,35,0
2020-07-08,Butte,007,227075,530,281,8,289,3
2020-07-08,Calaveras,009,45235,78,58,0,58,0
2020-07-08,Colusa,011,21464,176,90,0,90,0
2020-07-08,Contra Costa,013,1133247,5732,4268,9,4277,84
2020-07-08,Del Norte,015,27424,61,57,0,57,0
2020-07-08,El Dorado,017,186661,438,248,0,248,0
2020-07-08,Fresno,019,978130,13486,7102,98,7200,86
2020-07-08,Glenn,021,27897,214,146,0,146,0
2020-07-08,Humboldt,023,135768,193,162,1,163,4
2020-07-08,Imperial,025,180216,8941,6727,6,6733,76
2020-07-08,Inyo,027,18085,37,35,1,36,1
2020-07-08,Kern,029,883053,14203,5873,43,5916,91
2020-07-08,Kings,031,150075,3263,2629,18,2647,33
2020-07-08,Lake,033,64148,139,97,0,97,1
2020-07-08,Lassen,035,31185,337,221,2,223,0
2020-07-08,Los Angeles,037,10098052,143822,123462,118,123580,3650
2020-07-08,Madera,039,155013,1461,828,3,831,4
2020-07-08,Marin,041,260295,3959,2756,4,2760,17
2020-07-08,Mariposa,043,17540,38,31,0,31,1
2020-07-08,Mendocino,045,87422,132,84,0,84,0
2020-07-08,Merced,047,269075,2822,1578,3,1581,11
2020-07-08,Modoc,049,8938,1,0,0,0,0
2020-07-08,Mono,051,14174,60,45,0,45,1
2020-07-08,Monterey,053,433212,3040,2182,7,2189,17
2020-07-08,Napa,055,140530,647,468,0,468,4
2020-07-08,Nevada,057,99092,204,156,5,161,1
2020-07-08,Orange,059,3164182,30536,22088,344,22432,378
2020-07-08,Placer,061,380077,1325,948,3,951,11
2020-07-08,Plumas,063,18699,19,12,0,12,0
2020-07-08,Riverside,065,2383286,30620,24042,29,24071,508
2020-07-08,Sacramento,067,1510023,6679,4799,7,4806,80
2020-07-08,San Benito,069,59416,401,282,0,282,2
2020-07-08,San Bernardino,071,2135413,25709,16510,20,16530,296
2020-07-08,San Diego,073,3302833,22737,17844,2,17846,406
2020-07-08,San Francisco,075,870044,4883,4093,3,4096,50
2020-07-08,San Joaquin,077,732212,8092,5759,5,5764,61
2020-07-08,San Luis Obispo,079,281455,1270,825,7,832,2
2020-07-08,San Mateo,081,765935,4393,3733,7,3740,106
2020-07-08,Santa Barbara,083,443738,4795,3985,42,4027,28
2020-07-08,Santa Clara,085,1922200,7714,5510,18,5528,164
2020-07-08,Santa Cruz,087,273765,654,509,4,513,3
2020-07-08,Shasta,089,179085,284,148,1,149,6
2020-07-08,Sierra,091,2930,1,1,0,1,0
2020-07-08,Siskiyou,093,43540,55,31,0,31,0
2020-07-08,Solano,095,438530,2639,1821,10,1831,23
2020-07-08,Sonoma,097,501317,2058,1495,4,1499,9
2020-07-08,Stanislaus,099,539301,6366,4344,7,4351,46
2020-07-08,Sutter,101,95872,404,298,0,298,2
2020-07-08,Tehama,103,63373,134,100,2,102,1
2020-07-08,Trinity,105,12862,20,2,5,7,0
2020-07-08,Tulare,107,460477,7110,5307,21,5328,138
2020-07-08,Tuolumne,109,53932,81,42,2,44,0
2020-07-08,Ventura,111,848112,5768,4139,21,4160,47
2020-07-08,Yolo,113,214977,1088,727,3,730,26
2020-07-08,Yuba,115,75493,181,145,0,145,1
2020-07-07,Alameda,001,1643700,8671,7097,12,7109,141
2020-07-07,Alpine,003,1148,2,1,0,1,0
2020-07-07,Amador,005,37829,41,33,0,33,0
2020-07-07,Butte,007,227075,487,269,8,277,3
2020-07-07,Calaveras,009,45235,76,58,0,58,0
2020-07-07,Colusa,011,21464,143,84,0,84,0
2020-07-07,Contra Costa,013,1133247,5496,4131,8,4139,84
2020-07-07,Del Norte,015,27424,61,57,0,57,0
2020-07-07,El Dorado,017,186661,418,244,0,244,0
2020-07-07,Fresno,019,978130,13033,6738,98,6836,84
2020-07-07,Glenn,021,27897,205,145,0,145,0
2020-07-07,Humboldt,023,135768,190,150,1,151,4
2020-07-07,Imperial,025,180216,8842,6678,6,6684,51
2020-07-07,Inyo,027,18085,36,32,1,33,1
2020-07-07,Kern,029,883053,13504,5645,39,5684,88
2020-07-07,Kings,031,150075,3200,2623,16,2639,33
2020-07-07,Lake,033,64148,129,94,0,94,1
2020-07-07,Lassen,035,31185,266,219,2,221,0
2020-07-07,Los Angeles,037,10098052,140255,121026,110,121136,3588
2020-07-07,Madera,039,155013,1417,794,3,797,4
2020-07-07,Marin,041,260295,3870,2627,4,2631,17
2020-07-07,Mariposa,043,17540,38,31,0,31,1
2020-07-07,Mendocino,045,87422,124,82,0,82,0
2020-07-07,Merced,047,269075,2648,1531,3,1534,10
2020-07-07,Modoc,049,8938,1,0,0,0,0
2020-07-07,Mono,051,14174,59,42,0,42,1
2020-07-07,Monterey,053,433212,2897,2166,7,2173,17
2020-07-07,Napa,055,140530,628,459,0,459,4
2020-07-07,Nevada,057,99092,198,150,5,155,1
2020-07-07,Orange,059,3164182,29525,21741,330,22071,373
2020-07-07,Placer,061,380077,1284,930,3,933,11
2020-07-07,Plumas,063,18699,17,12,0,12,0
2020-07-07,Riverside,065,2383286,29605,23279,29,23308,499
2020-07-07,Sacramento,067,1510023,6335,4592,7,4599,76
2020-07-07,San Benito,069,59416,383,274,0,274,2
2020-07-07,San Bernardino,071,2135413,24838,16004,18,16022,277
2020-07-07,San Diego,073,3302833,22022,17580,2,17582,399
2020-07-07,San Francisco,075,870044,4790,4045,2,4047,50
2020-07-07,San Joaquin,077,732212,7750,5547,5,5552,59
2020-07-07,San Luis Obispo,079,281455,1209,795,7,802,2
2020-07-07,San Mateo,081,765935,4278,3691,7,3698,106
2020-07-07,Santa Barbara,083,443738,4667,3866,41,3907,27
2020-07-07,Santa Clara,085,1922200,7445,5438,18,5456,164
2020-07-07,Santa Cruz,087,273765,620,502,3,505,2
2020-07-07,Shasta,089,179085,271,144,1,145,6
2020-07-07,Sierra,091,2930,1,1,0,1,0
2020-07-07,Siskiyou,093,43540,54,30,0,30,0
2020-07-07,Solano,095,438530,2528,1776,9,1785,22
2020-07-07,Sonoma,097,501317,1988,1473,4,1477,8
2020-07-07,Stanislaus,099,539301,6027,4101,7,4108,46
2020-07-07,Sutter,101,95872,378,273,0,273,2
2020-07-07,Tehama,103,63373,125,95,2,97,1
2020-07-07,Trinity,105,12862,20,2,5,7,0
2020-07-07,Tulare,107,460477,6930,5189,19,5208,137
2020-07-07,Tuolumne,109,53932,75,40,2,42,0
2020-07-07,Ventura,111,848112,5599,3992,19,4011,46
2020-07-07,Yolo,113,214977,1020,706,3,709,26
2020-07-07,Yuba,115,75493,161,138,0,138,1
2020-07-06,Alameda,001,1643700,8433,6970,12,6982,141
2020-07-06,Alpine,003,1148,1,1,0,1,0
2020-07-06,Amador,005,37829,39,33,0,33,0
2020-07-06,Butte,007,227075,431,257,8,265,2
2020-07-06,Calaveras,009,45235,73,45,0,45,0
2020-07-06,Colusa,011,21464,134,80,0,80,0
2020-07-06,Contra Costa,013,1133247,5265,3901,7,3908,83
2020-07-06,Del Norte,015,27424,60,57,0,57,0
2020-07-06,El Dorado,017,186661,403,232,0,232,0
2020-07-06,Fresno,019,978130,12565,6364,92,6456,82
2020-07-06,Glenn,021,27897,197,129,0,129,0
2020-07-06,Humboldt,023,135768,188,148,1,149,3
2020-07-06,Imperial,025,180216,8723,6443,6,6449,47
2020-07-06,Inyo,027,18085,36,32,1,33,1
2020-07-06,Kern,029,883053,12698,5491,37,5528,82
2020-07-06,Kings,031,150075,3149,2583,11,2594,33
2020-07-06,Lake,033,64148,122,93,0,93,1
2020-07-06,Lassen,035,31185,264,219,2,221,0
2020-07-06,Los Angeles,037,10098052,136654,116707,96,116803,3541
2020-07-06,Madera,039,155013,1347,734,3,737,4
2020-07-06,Marin,041,260295,3630,2136,4,2140,17
2020-07-06,Mariposa,043,17540,36,31,0,31,1
2020-07-06,Mendocino,045,87422,107,72,0,72,0
2020-07-06,Merced,047,269075,2497,1396,3,1399,10
2020-07-06,Modoc,049,8938,1,0,0,0,0
2020-07-06,Mono,051,14174,58,40,0,40,1
2020-07-06,Monterey,053,433212,2807,2078,7,2085,15
2020-07-06,Napa,055,140530,610,454,0,454,4
2020-07-06,Nevada,057,99092,192,146,5,151,1
2020-07-06,Orange,059,3164182,28463,20167,293,20460,372
2020-07-06,Placer,061,380077,1222,904,3,907,11
2020-07-06,Plumas,063,18699,17,11,0,11,0
2020-07-06,Riverside,065,2383286,28552,22485,28,22513,477
2020-07-06,Sacramento,067,1510023,5984,4420,7,4427,71
2020-07-06,San Benito,069,59416,368,264,0,264,2
2020-07-06,San Bernardino,071,2135413,23984,15346,15,15361,272
2020-07-06,San Diego,073,3302833,21308,17002,2,17004,387
2020-07-06,San Francisco,075,870044,4669,3861,2,3863,50
2020-07-06,San Joaquin,077,732212,7380,5104,5,5109,57
2020-07-06,San Luis Obispo,079,281455,1151,751,7,758,2
2020-07-06,San Mateo,081,765935,4186,3650,6,3656,106
2020-07-06,Santa Barbara,083,443738,4530,3763,40,3803,27
2020-07-06,Santa Clara,085,1922200,7174,5369,18,5387,165
2020-07-06,Santa Cruz,087,273765,598,466,2,468,2
2020-07-06,Shasta,089,179085,261,143,1,144,6
2020-07-06,Sierra,091,2930,1,1,0,1,0
2020-07-06,Siskiyou,093,43540,50,30,0,30,0
2020-07-06,Solano,095,438530,2395,1668,9,1677,22
2020-07-06,Sonoma,097,501317,1924,1369,4,1373,8
2020-07-06,Stanislaus,099,539301,5625,3983,7,3990,46
2020-07-06,Sutter,101,95872,351,250,0,250,2
2020-07-06,Tehama,103,63373,122,95,2,97,1
2020-07-06,Trinity,105,12862,19,2,5,7,0
2020-07-06,Tulare,107,460477,6725,5039,17,5056,136
2020-07-06,Tuolumne,109,53932,72,30,2,32,0
2020-07-06,Ventura,111,848112,5406,3912,19,3931,44
2020-07-06,Yolo,113,214977,964,685,3,688,26
2020-07-06,Yuba,115,75493,147,124,0,124,1
2020-07-05,Alameda,001,1643700,8181,6861,12,6873,141
2020-07-05,Alpine,003,1148,1,1,0,1,0
2020-07-05,Amador,005,37829,37,31,0,31,0
2020-07-05,Butte,007,227075,396,248,8,256,2
2020-07-05,Calaveras,009,45235,69,45,0,45,0
2020-07-05,Colusa,011,21464,124,79,0,79,0
2020-07-05,Contra Costa,013,1133247,5025,3665,6,3671,80
2020-07-05,Del Norte,015,27424,60,57,0,57,0
2020-07-05,El Dorado,017,186661,385,227,0,227,0
2020-07-05,Fresno,019,978130,11999,6186,91,6277,82
2020-07-05,Glenn,021,27897,194,129,0,129,0
2020-07-05,Humboldt,023,135768,184,147,1,148,3
2020-07-05,Imperial,025,180216,8589,6441,6,6447,47
2020-07-05,Inyo,027,18085,35,32,1,33,1
2020-07-05,Kern,029,883053,11989,5351,37,5388,82
2020-07-05,Kings,031,150075,3066,2546,10,2556,31
2020-07-05,Lake,033,64148,122,92,0,92,1
2020-07-05,Lassen,035,31185,258,219,2,221,0
2020-07-05,Los Angeles,037,10098052,133433,115133,90,115223,3495
2020-07-05,Madera,039,155013,1269,564,3,567,4
2020-07-05,Marin,041,260295,3447,2080,4,2084,17
2020-07-05,Mariposa,043,17540,36,31,0,31,1
2020-07-05,Mendocino,045,87422,104,72,0,72,0
2020-07-05,Merced,047,269075,2352,1340,3,1343,10
2020-07-05,Modoc,049,8938,1,0,0,0,0
2020-07-05,Mono,051,14174,54,39,0,39,1
2020-07-05,Monterey,053,433212,2704,1994,7,2001,15
2020-07-05,Napa,055,140530,580,450,0,450,4
2020-07-05,Nevada,057,99092,186,141,5,146,1
2020-07-05,Orange,059,3164182,27522,19430,280,19710,372
2020-07-05,Placer,061,380077,1165,855,3,858,11
2020-07-05,Plumas,063,18699,16,11,0,11,0
2020-07-05,Riverside,065,2383286,27695,21511,28,21539,474
2020-07-05,Sacramento,067,1510023,5669,4265,6,4271,71
2020-07-05,San Benito,069,59416,349,258,0,258,2
2020-07-05,San Bernardino,071,2135413,23107,15026,15,15041,270
2020-07-05,San Diego,073,3302833,20620,16728,2,16730,387
2020-07-05,San Francisco,075,870044,4551,3861,2,3863,50
2020-07-05,San Joaquin,077,732212,7061,5015,5,5020,57
2020-07-05,San Luis Obispo,079,281455,1072,730,7,737,2
2020-07-05,San Mateo,081,765935,4075,3575,6,3581,106
2020-07-05,Santa Barbara,083,443738,4383,3671,37,3708,27
2020-07-05,Santa Clara,085,1922200,6882,5237,18,5255,162
2020-07-05,Santa Cruz,087,273765,580,467,0,467,2
2020-07-05,Shasta,089,179085,255,138,1,139,6
2020-07-05,Sierra,091,2930,1,1,0,1,0
2020-07-05,Siskiyou,093,43540,46,30,0,30,0
2020-07-05,Solano,095,438530,2275,1547,9,1556,22
2020-07-05,Sonoma,097,501317,1843,1369,4,1373,8
2020-07-05,Stanislaus,099,539301,5294,3777,6,3783,45
2020-07-05,Sutter,101,95872,323,241,0,241,2
2020-07-05,Tehama,103,63373,120,95,2,97,1
2020-07-05,Trinity,105,12862,19,2,5,7,0
2020-07-05,Tulare,107,460477,6466,4981,15,4996,135
2020-07-05,Tuolumne,109,53932,67,30,2,32,0
2020-07-05,Ventura,111,848112,5203,3866,19,3885,44
2020-07-05,Yolo,113,214977,924,644,3,647,26
2020-07-05,Yuba,115,75493,137,115,0,115,1
2020-07-04,Alameda,001,1643700,8069,6737,12,6749,141
2020-07-04,Alpine,003,1148,1,1,0,1,0
2020-07-04,Amador,005,37829,36,31,0,31,0
2020-07-04,Butte,007,227075,378,224,8,232,2
2020-07-04,Calaveras,009,45235,69,45,0,45,0
2020-07-04,Colusa,011,21464,123,76,0,76,0
2020-07-04,Contra Costa,013,1133247,4877,3583,6,3589,80
2020-07-04,Del Norte,015,27424,60,50,0,50,0
2020-07-04,El Dorado,017,186661,366,211,0,211,0
2020-07-04,Fresno,019,978130,11682,5999,89,6088,82
2020-07-04,Glenn,021,27897,187,128,0,128,0
2020-07-04,Humboldt,023,135768,177,144,1,145,3
2020-07-04,Imperial,025,180216,8541,6441,6,6447,47
2020-07-04,Inyo,027,18085,35,32,1,33,1
2020-07-04,Kern,029,883053,11685,5231,37,5268,81
2020-07-04,Kings,031,150075,3023,2509,10,2519,31
2020-07-04,Lake,033,64148,115,86,0,86,1
2020-07-04,Lassen,035,31185,258,219,2,221,0
2020-07-04,Los Angeles,037,10098052,131617,107256,79,107335,3462
2020-07-04,Madera,039,155013,1223,568,3,571,4
2020-07-04,Marin,041,260295,3418,1962,4,1966,17
2020-07-04,Mariposa,043,17540,36,28,0,28,1
2020-07-04,Mendocino,045,87422,104,72,0,72,0
2020-07-04,Merced,047,269075,2249,1252,2,1254,10
2020-07-04,Modoc,049,8938,1,0,0,0,0
2020-07-04,Mono,051,14174,54,37,0,37,1
2020-07-04,Monterey,053,433212,2624,1878,7,1885,15
2020-07-04,Napa,055,140530,571,426,0,426,4
2020-07-04,Nevada,057,99092,183,125,5,130,1
2020-07-04,Orange,059,3164182,27089,19247,267,19514,372
2020-07-04,Placer,061,380077,1130,796,3,799,11
2020-07-04,Plumas,063,18699,16,11,0,11,0
2020-07-04,Riverside,065,2383286,27328,21508,28,21536,474
2020-07-04,Sacramento,067,1510023,5498,4039,6,4045,71
2020-07-04,San Benito,069,59416,336,255,0,255,2
2020-07-04,San Bernardino,071,2135413,22681,14636,13,14649,270
2020-07-04,San Diego,073,3302833,20160,16166,2,16168,387
2020-07-04,San Francisco,075,870044,4459,3861,2,3863,50
2020-07-04,San Joaquin,077,732212,6848,4807,5,4812,57
2020-07-04,San Luis Obispo,079,281455,1032,699,7,706,2
2020-07-04,San Mateo,081,765935,4012,3532,6,3538,106
2020-07-04,Santa Barbara,083,443738,4308,3520,35,3555,27
2020-07-04,Santa Clara,085,1922200,6691,5045,17,5062,161
2020-07-04,Santa Cruz,087,273765,570,466,0,466,2
2020-07-04,Shasta,089,179085,252,135,1,136,6
2020-07-04,Sierra,091,2930,1,1,0,1,0
2020-07-04,Siskiyou,093,43540,39,30,0,30,0
2020-07-04,Solano,095,438530,2239,1548,9,1557,22
2020-07-04,Sonoma,097,501317,1817,1370,4,1374,8
2020-07-04,Stanislaus,099,539301,5136,3572,6,3578,44
2020-07-04,Sutter,101,95872,304,225,0,225,2
2020-07-04,Tehama,103,63373,117,92,2,94,1
2020-07-04,Trinity,105,12862,19,2,5,7,0
2020-07-04,Tulare,107,460477,6354,4802,14,4816,135
2020-07-04,Tuolumne,109,53932,63,30,2,32,0
2020-07-04,Ventura,111,848112,5079,3687,19,3706,44
2020-07-04,Yolo,113,214977,899,615,3,618,26
2020-07-04,Yuba,115,75493,130,102,0,102,1
2020-07-03,Alameda,001,1643700,7948,6486,12,6498,141
2020-07-03,Alpine,003,1148,1,1,0,1,0
2020-07-03,Amador,005,37829,36,25,0,25,0
2020-07-03,Butte,007,227075,366,212,8,220,2
2020-07-03,Calaveras,009,45235,69,44,0,44,0
2020-07-03,Colusa,011,21464,117,70,0,70,0
2020-07-03,Contra Costa,013,1133247,4743,3447,6,3453,78
2020-07-03,Del Norte,015,27424,60,50,0,50,0
2020-07-03,El Dorado,017,186661,354,201,0,201,0
2020-07-03,Fresno,019,978130,11377,5783,87,5870,81
2020-07-03,Glenn,021,27897,182,122,0,122,0
2020-07-03,Humboldt,023,135768,173,143,1,144,3
2020-07-03,Imperial,025,180216,8493,6345,6,6351,47
2020-07-03,Inyo,027,18085,35,32,1,33,1
2020-07-03,Kern,029,883053,11424,5213,37,5250,81
2020-07-03,Kings,031,150075,2987,2492,10,2502,31
2020-07-03,Lake,033,64148,108,83,0,83,0
2020-07-03,Lassen,035,31185,258,219,2,221,0
2020-07-03,Los Angeles,037,10098052,130100,107236,75,107311,3461
2020-07-03,Madera,039,155013,1178,565,3,568,4
2020-07-03,Marin,041,260295,3390,1776,4,1780,17
2020-07-03,Mariposa,043,17540,36,28,0,28,1
2020-07-03,Mendocino,045,87422,103,72,0,72,0
2020-07-03,Merced,047,269075,2183,1188,2,1190,10
2020-07-03,Modoc,049,8938,1,0,0,0,0
2020-07-03,Mono,051,14174,54,37,0,37,1
2020-07-03,Monterey,053,433212,2553,1804,7,1811,15
2020-07-03,Napa,055,140530,553,388,0,388,4
2020-07-03,Nevada,057,99092,182,125,5,130,1
2020-07-03,Orange,059,3164182,26698,18819,259,19078,366
2020-07-03,Placer,061,380077,1103,745,3,748,11
2020-07-03,Plumas,063,18699,16,11,0,11,0
2020-07-03,Riverside,065,2383286,27022,21171,28,21199,472
2020-07-03,Sacramento,067,1510023,5364,3711,6,3717,71
2020-07-03,San Benito,069,59416,329,243,0,243,2
2020-07-03,San Bernardino,071,2135413,22292,14040,13,14053,269
2020-07-03,San Diego,073,3302833,19704,15698,2,15700,387
2020-07-03,San Francisco,075,870044,4412,3781,2,3783,50
2020-07-03,San Joaquin,077,732212,6710,4416,4,4420,56
2020-07-03,San Luis Obispo,079,281455,997,676,7,683,2
2020-07-03,San Mateo,081,765935,3955,3439,6,3445,106
2020-07-03,Santa Barbara,083,443738,4221,3406,34,3440,27
2020-07-03,Santa Clara,085,1922200,6578,4820,17,4837,161
2020-07-03,Santa Cruz,087,273765,557,436,0,436,2
2020-07-03,Shasta,089,179085,244,113,1,114,6
2020-07-03,Sierra,091,2930,1,1,0,1,0
2020-07-03,Siskiyou,093,43540,36,30,0,30,0
2020-07-03,Solano,095,438530,2195,1496,8,1504,22
2020-07-03,Sonoma,097,501317,1768,1282,4,1286,8
2020-07-03,Stanislaus,099,539301,5011,3021,6,3027,43
2020-07-03,Sutter,101,95872,294,205,0,205,2
2020-07-03,Tehama,103,63373,115,89,2,91,1
2020-07-03,Trinity,105,12862,19,2,5,7,0
2020-07-03,Tulare,107,460477,6239,4656,14,4670,134
2020-07-03,Tuolumne,109,53932,61,27,2,29,0
2020-07-03,Ventura,111,848112,4983,3536,19,3555,44
2020-07-03,Yolo,113,214977,865,586,3,589,25
2020-07-03,Yuba,115,75493,125,96,0,96,1
2020-07-02,Alameda,001,1643700,7822,6386,12,6398,139
2020-07-02,Alpine,003,1148,1,1,0,1,0
2020-07-02,Amador,005,37829,35,23,0,23,0
2020-07-02,Butte,007,227075,349,199,8,207,2
2020-07-02,Calaveras,009,45235,65,42,0,42,0
2020-07-02,Colusa,011,21464,109,60,0,60,0
2020-07-02,Contra Costa,013,1133247,4559,3347,6,3353,77
2020-07-02,Del Norte,015,27424,59,50,0,50,0
2020-07-02,El Dorado,017,186661,343,193,0,193,0
2020-07-02,Fresno,019,978130,10917,5402,86,5488,78
2020-07-02,Glenn,021,27897,176,114,0,114,0
2020-07-02,Humboldt,023,135768,169,138,1,139,3
2020-07-02,Imperial,025,180216,8391,6236,6,6242,47
2020-07-02,Inyo,027,18085,35,29,1,30,1
2020-07-02,Kern,029,883053,10888,5036,35,5071,78
2020-07-02,Kings,031,150075,2936,2419,10,2429,31
2020-07-02,Lake,033,64148,104,81,0,81,0
2020-07-02,Lassen,035,31185,256,218,2,220,0
2020-07-02,Los Angeles,037,10098052,128082,107144,52,107196,3458
2020-07-02,Madera,039,155013,1110,548,3,551,4
2020-07-02,Marin,041,260295,3304,1706,4,1710,17
2020-07-02,Mariposa,043,17540,35,28,0,28,1
2020-07-02,Mendocino,045,87422,99,71,0,71,0
2020-07-02,Merced,047,269075,2086,1122,2,1124,10
2020-07-02,Modoc,049,8938,1,0,0,0,0
2020-07-02,Mono,051,14174,54,37,0,37,1
2020-07-02,Monterey,053,433212,2493,1796,7,1803,15
2020-07-02,Napa,055,140530,536,352,0,352,4
2020-07-02,Nevada,057,99092,176,118,4,122,1
2020-07-02,Orange,059,3164182,25934,17056,246,17302,360
2020-07-02,Placer,061,380077,1079,740,3,743,11
2020-07-02,Plumas,063,18699,15,8,0,8,0
2020-07-02,Riverside,065,2383286,26449,20253,28,20281,458
2020-07-02,Sacramento,067,1510023,5137,3587,6,3593,70
2020-07-02,San Benito,069,59416,321,236,0,236,2
2020-07-02,San Bernardino,071,2135413,21756,13185,13,13198,260
2020-07-02,San Diego,073,3302833,19242,15208,2,15210,377
2020-07-02,San Francisco,075,870044,4317,3676,2,3678,50
2020-07-02,San Joaquin,077,732212,6363,4243,4,4247,56
2020-07-02,San Luis Obispo,079,281455,952,659,7,666,2
2020-07-02,San Mateo,081,765935,3875,3390,6,3396,107
2020-07-02,Santa Barbara,083,443738,4121,3385,32,3417,27
2020-07-02,Santa Clara,085,1922200,6452,4722,17,4739,160
2020-07-02,Santa Cruz,087,273765,534,414,0,414,2
2020-07-02,Shasta,089,179085,241,110,1,111,5
2020-07-02,Sierra,091,2930,1,1,0,1,0
2020-07-02,Siskiyou,093,43540,36,30,0,30,0
2020-07-02,Solano,095,438530,2112,1429,8,1437,21
2020-07-02,Sonoma,097,501317,1710,1244,4,1248,6
2020-07-02,Stanislaus,099,539301,4839,2850,6,2856,41
2020-07-02,Sutter,101,95872,282,195,0,195,2
2020-07-02,Tehama,103,63373,113,86,2,88,1
2020-07-02,Trinity,105,12862,19,2,5,7,0
2020-07-02,Tulare,107,460477,6072,4559,13,4572,132
2020-07-02,Tuolumne,109,53932,58,23,2,25,0
2020-07-02,Ventura,111,848112,4827,3394,19,3413,42
2020-07-02,Yolo,113,214977,833,554,3,557,24
2020-07-02,Yuba,115,75493,115,93,0,93,1
2020-07-01,Alameda,001,1643700,7600,6125,12,6137,137
2020-07-01,Alpine,003,1148,1,1,0,1,0
2020-07-01,Amador,005,37829,34,22,0,22,0
2020-07-01,Butte,007,227075,324,185,8,193,2
2020-07-01,Calaveras,009,45235,63,37,0,37,0
2020-07-01,Colusa,011,21464,103,53,0,53,0
2020-07-01,Contra Costa,013,1133247,4347,3259,6,3265,76
2020-07-01,Del Norte,015,27424,59,50,0,50,0
2020-07-01,El Dorado,017,186661,316,183,0,183,0
2020-07-01,Fresno,019,978130,10483,5111,83,5194,76
2020-07-01,Glenn,021,27897,170,110,0,110,0
2020-07-01,Humboldt,023,135768,164,134,0,134,3
2020-07-01,Imperial,025,180216,8294,6150,6,6156,46
2020-07-01,Inyo,027,18085,34,30,1,31,1
2020-07-01,Kern,029,883053,10255,4853,33,4886,78
2020-07-01,Kings,031,150075,2868,2360,10,2370,30
2020-07-01,Lake,033,64148,103,75,0,75,0
2020-07-01,Lassen,035,31185,255,217,2,219,0
2020-07-01,Los Angeles,037,10098052,124880,105325,43,105368,3408
2020-07-01,Madera,039,155013,1069,519,3,522,4
2020-07-01,Marin,041,260295,3147,1636,4,1640,17
2020-07-01,Mariposa,043,17540,35,29,0,29,1
2020-07-01,Mendocino,045,87422,95,70,0,70,0
2020-07-01,Merced,047,269075,1986,1052,2,1054,10
2020-07-01,Modoc,049,8938,1,0,0,0,0
2020-07-01,Mono,051,14174,51,37,0,37,1
2020-07-01,Monterey,053,433212,2385,1703,6,1709,15
2020-07-01,Napa,055,140530,513,347,0,347,4
2020-07-01,Nevada,057,99092,166,115,4,119,1
2020-07-01,Orange,059,3164182,25049,15662,225,15887,343
2020-07-01,Placer,061,380077,1032,713,3,716,11
2020-07-01,Plumas,063,18699,13,8,0,8,0
2020-07-01,Riverside,065,2383286,25607,19537,27,19564,457
2020-07-01,Sacramento,067,1510023,4882,3425,6,3431,64
2020-07-01,San Benito,069,59416,312,219,0,219,2
2020-07-01,San Bernardino,071,2135413,20861,12712,10,12722,253
2020-07-01,San Diego,073,3302833,18683,14624,2,14626,372
2020-07-01,San Francisco,075,870044,4224,3626,2,3628,50
2020-07-01,San Joaquin,077,732212,6005,3990,4,3994,54
2020-07-01,San Luis Obispo,079,281455,925,613,7,620,1
2020-07-01,San Mateo,081,765935,3813,3326,6,3332,84
2020-07-01,Santa Barbara,083,443738,4001,3268,31,3299,27
2020-07-01,Santa Clara,085,1922200,6265,4547,16,4563,159
2020-07-01,Santa Cruz,087,273765,512,398,0,398,2
2020-07-01,Shasta,089,179085,236,104,1,105,5
2020-07-01,Sierra,091,2930,1,1,0,1,0
2020-07-01,Siskiyou,093,43540,36,28,0,28,0
2020-07-01,Solano,095,438530,2023,1350,8,1358,21
2020-07-01,Sonoma,097,501317,1614,1178,4,1182,6
2020-07-01,Stanislaus,099,539301,4560,2619,6,2625,41
2020-07-01,Sutter,101,95872,269,188,0,188,2
2020-07-01,Tehama,103,63373,106,80,2,82,1
2020-07-01,Trinity,105,12862,19,2,4,6,0
2020-07-01,Tulare,107,460477,5894,4359,13,4372,128
2020-07-01,Tuolumne,109,53932,55,17,2,19,0
2020-07-01,Ventura,111,848112,4684,3224,17,3241,41
2020-07-01,Yolo,113,214977,783,526,3,529,24
2020-07-01,Yuba,115,75493,110,57,0,57,1
2020-06-30,Alameda,001,1643700,7351,5959,10,5969,137
2020-06-30,Alpine,003,1148,1,1,0,1,0
2020-06-30,Amador,005,37829,34,21,0,21,0
2020-06-30,Butte,007,227075,307,163,8,171,2
2020-06-30,Calaveras,009,45235,58,31,0,31,0
2020-06-30,Colusa,011,21464,94,33,0,33,0
2020-06-30,Contra Costa,013,1133247,4140,3140,6,3146,75
2020-06-30,Del Norte,015,27424,59,48,0,48,0
2020-06-30,El Dorado,017,186661,303,175,0,175,0
2020-06-30,Fresno,019,978130,10035,4826,77,4903,75
2020-06-30,Glenn,021,27897,165,96,0,96,0
2020-06-30,Humboldt,023,135768,160,132,0,132,3
2020-06-30,Imperial,025,180216,8197,5968,6,5974,45
2020-06-30,Inyo,027,18085,34,30,1,31,1
2020-06-30,Kern,029,883053,9608,4721,30,4751,75
2020-06-30,Kings,031,150075,2819,2315,7,2322,30
2020-06-30,Lake,033,64148,95,56,0,56,0
2020-06-30,Lassen,035,31185,248,215,2,217,0
2020-06-30,Los Angeles,037,10098052,121302,103640,40,103680,3378
2020-06-30,Madera,039,155013,1012,475,3,478,4
2020-06-30,Marin,041,260295,3076,1614,4,1618,17
2020-06-30,Mariposa,043,17540,34,27,0,27,1
2020-06-30,Mendocino,045,87422,90,65,0,65,0
2020-06-30,Merced,047,269075,1849,970,2,972,10
2020-06-30,Modoc,049,8938,1,0,0,0,0
2020-06-30,Mono,051,14174,49,36,0,36,1
2020-06-30,Monterey,053,433212,2287,1657,6,1663,15
2020-06-30,Napa,055,140530,488,342,0,342,4
2020-06-30,Nevada,057,99092,158,113,4,117,1
2020-06-30,Orange,059,3164182,24118,14354,215,14569,335
2020-06-30,Placer,061,380077,1005,667,3,670,11
2020-06-30,Plumas,063,18699,12,8,0,8,0
2020-06-30,Riverside,065,2383286,24890,18656,26,18682,449
2020-06-30,Sacramento,067,1510023,4593,3246,6,3252,64
2020-06-30,San Benito,069,59416,301,200,0,200,2
2020-06-30,San Bernardino,071,2135413,19878,12375,10,12385,249
2020-06-30,San Diego,073,3302833,17979,14150,2,14152,365
2020-06-30,San Francisco,075,870044,4118,3555,1,3556,50
2020-06-30,San Joaquin,077,732212,5630,3744,4,3748,52
2020-06-30,San Luis Obispo,079,281455,887,583,7,590,1
2020-06-30,San Mateo,081,765935,3735,3268,6,3274,84
2020-06-30,Santa Barbara,083,443738,3885,3102,31,3133,25
2020-06-30,Santa Clara,085,1922200,6063,4346,16,4362,157
2020-06-30,Santa Cruz,087,273765,487,379,0,379,2
2020-06-30,Shasta,089,179085,220,100,1,101,5
2020-06-30,Sierra,091,2930,1,1,0,1,0
2020-06-30,Siskiyou,093,43540,35,26,0,26,0
2020-06-30,Solano,095,438530,1931,1256,8,1264,21
2020-06-30,Sonoma,097,501317,1550,1122,4,1126,6
2020-06-30,Stanislaus,099,539301,4262,2578,6,2584,41
2020-06-30,Sutter,101,95872,246,168,0,168,2
2020-06-30,Tehama,103,63373,104,75,2,77,1
2020-06-30,Trinity,105,12862,19,2,4,6,0
2020-06-30,Tulare,107,460477,5685,4207,13,4220,117
2020-06-30,Tuolumne,109,53932,51,16,2,18,0
2020-06-30,Ventura,111,848112,4550,3030,17,3047,40
2020-06-30,Yolo,113,214977,745,515,3,518,24
2020-06-30,Yuba,115,75493,106,55,0,55,1
2020-06-29,Alameda,001,1643700,7141,5766,10,5776,135
2020-06-29,Alpine,003,1148,1,1,0,1,0
2020-06-29,Amador,005,37829,31,20,0,20,0
2020-06-29,Butte,007,227075,286,157,8,165,2
2020-06-29,Calaveras,009,45235,56,30,0,30,0
2020-06-29,Colusa,011,21464,89,17,0,17,0
2020-06-29,Contra Costa,013,1133247,3977,2976,5,2981,75
2020-06-29,Del Norte,015,27424,59,47,0,47,0
2020-06-29,El Dorado,017,186661,289,163,0,163,0
2020-06-29,Fresno,019,978130,9687,4531,75,4606,74
2020-06-29,Glenn,021,27897,156,77,0,77,0
2020-06-29,Humboldt,023,135768,159,128,0,128,3
2020-06-29,Imperial,025,180216,8066,5512,6,5518,45
2020-06-29,Inyo,027,18085,33,29,0,29,1
2020-06-29,Kern,029,883053,8945,4613,28,4641,73
2020-06-29,Kings,031,150075,2754,2280,7,2287,20
2020-06-29,Lake,033,64148,88,53,0,53,0
2020-06-29,Lassen,035,31185,240,77,2,79,0
2020-06-29,Los Angeles,037,10098052,118263,100846,34,100880,3337
2020-06-29,Madera,039,155013,955,422,3,425,4
2020-06-29,Marin,041,260295,3000,1517,4,1521,17
2020-06-29,Mariposa,043,17540,32,25,0,25,1
2020-06-29,Mendocino,045,87422,87,63,0,63,0
2020-06-29,Merced,047,269075,1743,848,2,850,10
2020-06-29,Modoc,049,8938,1,0,0,0,0
2020-06-29,Mono,051,14174,47,35,0,35,1
2020-06-29,Monterey,053,433212,2215,1614,6,1620,14
2020-06-29,Napa,055,140530,466,317,0,317,4
2020-06-29,Nevada,057,99092,155,107,3,110,1
2020-06-29,Orange,059,3164182,23128,13682,199,13881,324
2020-06-29,Placer,061,380077,969,628,3,631,11
2020-06-29,Plumas,063,18699,12,6,0,6,0
2020-06-29,Riverside,065,2383286,23856,17683,26,17709,432
2020-06-29,Sacramento,067,1510023,4306,2985,6,2991,62
2020-06-29,San Benito,069,59416,286,193,0,193,2
2020-06-29,San Bernardino,071,2135413,18917,11643,10,11653,245
2020-06-29,San Diego,073,3302833,17402,13834,2,13836,361
2020-06-29,San Francisco,075,870044,4041,3389,1,3390,50
2020-06-29,San Joaquin,077,732212,5272,3202,4,3206,52
2020-06-29,San Luis Obispo,079,281455,853,544,7,551,1
2020-06-29,San Mateo,081,765935,3681,3170,6,3176,84
2020-06-29,Santa Barbara,083,443738,3776,2933,30,2963,25
2020-06-29,Santa Clara,085,1922200,5891,4231,16,4247,157
2020-06-29,Santa Cruz,087,273765,469,348,0,348,2
2020-06-29,Shasta,089,179085,212,94,1,95,5
2020-06-29,Sierra,091,2930,1,1,0,1,0
2020-06-29,Siskiyou,093,43540,35,25,0,25,0
2020-06-29,Solano,095,438530,1829,1077,8,1085,21
2020-06-29,Sonoma,097,501317,1478,1103,4,1107,5
2020-06-29,Stanislaus,099,539301,4056,2400,5,2405,36
2020-06-29,Sutter,101,95872,224,152,0,152,2
2020-06-29,Tehama,103,63373,100,63,2,65,1
2020-06-29,Trinity,105,12862,18,2,4,6,0
2020-06-29,Tulare,107,460477,5530,3906,12,3918,117
2020-06-29,Tuolumne,109,53932,47,16,2,18,0
2020-06-29,Ventura,111,848112,4403,2794,17,2811,40
2020-06-29,Yolo,113,214977,712,483,3,486,24
2020-06-29,Yuba,115,75493,93,55,0,55,1
2020-06-28,Alameda,001,1643700,6882,5698,10,5708,135
2020-06-28,Alpine,003,1148,1,1,0,1,0
2020-06-28,Amador,005,37829,29,20,0,20,0
2020-06-28,Butte,007,227075,266,150,8,158,2
2020-06-28,Calaveras,009,45235,51,30,0,30,0
2020-06-28,Colusa,011,21464,74,17,0,17,0
2020-06-28,Contra Costa,013,1133247,3787,2803,4,2807,73
2020-06-28,Del Norte,015,27424,58,47,0,47,0
2020-06-28,El Dorado,017,186661,277,162,0,162,0
2020-06-28,Fresno,019,978130,9325,4365,75,4440,74
2020-06-28,Glenn,021,27897,148,77,0,77,0
2020-06-28,Humboldt,023,135768,156,127,0,127,3
2020-06-28,Imperial,025,180216,7878,5513,4,5517,45
2020-06-28,Inyo,027,18085,33,29,0,29,1
2020-06-28,Kern,029,883053,8394,4541,26,4567,72
2020-06-28,Kings,031,150075,2694,2234,7,2241,18
2020-06-28,Lake,033,64148,84,53,0,53,0
2020-06-28,Lassen,035,31185,240,77,2,79,0
2020-06-28,Los Angeles,037,10098052,115062,98003,30,98033,3316
2020-06-28,Madera,039,155013,907,424,3,427,4
2020-06-28,Marin,041,260295,2654,1473,4,1477,17
2020-06-28,Mariposa,043,17540,32,24,0,24,1
2020-06-28,Mendocino,045,87422,85,63,0,63,0
2020-06-28,Merced,047,269075,1630,814,2,816,10
2020-06-28,Modoc,049,8938,1,0,0,0,0
2020-06-28,Mono,051,14174,47,35,0,35,1
2020-06-28,Monterey,053,433212,2133,1560,6,1566,13
2020-06-28,Napa,055,140530,432,307,0,307,4
2020-06-28,Nevada,057,99092,144,102,3,105,1
2020-06-28,Orange,059,3164182,22154,13213,181,13394,324
2020-06-28,Placer,061,380077,930,618,3,621,11
2020-06-28,Plumas,063,18699,11,6,0,6,0
2020-06-28,Riverside,065,2383286,23028,16848,25,16873,432
2020-06-28,Sacramento,067,1510023,4078,2803,6,2809,63
2020-06-28,San Benito,069,59416,275,190,0,190,2
2020-06-28,San Bernardino,071,2135413,18164,11344,9,11353,245
2020-06-28,San Diego,073,3302833,16857,13333,2,13335,361
2020-06-28,San Francisco,075,870044,3962,3388,1,3389,50
2020-06-28,San Joaquin,077,732212,4935,3201,4,3205,52
2020-06-28,San Luis Obispo,079,281455,814,531,6,537,1
2020-06-28,San Mateo,081,765935,3603,3124,6,3130,84
2020-06-28,Santa Barbara,083,443738,3631,2872,30,2902,25
2020-06-28,Santa Clara,085,1922200,5729,4131,16,4147,156
2020-06-28,Santa Cruz,087,273765,446,349,0,349,2
2020-06-28,Shasta,089,179085,199,89,0,89,5
2020-06-28,Sierra,091,2930,1,1,0,1,0
2020-06-28,Siskiyou,093,43540,35,25,0,25,0
2020-06-28,Solano,095,438530,1754,1077,8,1085,21
2020-06-28,Sonoma,097,501317,1424,1084,4,1088,5
2020-06-28,Stanislaus,099,539301,3850,2376,5,2381,36
2020-06-28,Sutter,101,95872,198,145,0,145,2
2020-06-28,Tehama,103,63373,93,63,2,65,1
2020-06-28,Trinity,105,12862,17,2,4,6,0
2020-06-28,Tulare,107,460477,5362,3812,12,3824,117
2020-06-28,Tuolumne,109,53932,42,14,2,16,0
2020-06-28,Ventura,111,848112,4245,2650,17,2667,40
2020-06-28,Yolo,113,214977,677,468,3,471,24
2020-06-28,Yuba,115,75493,89,39,0,39,1
2020-06-27,Alameda,001,1643700,6786,5581,10,5591,135
2020-06-27,Alpine,003,1148,1,1,0,1,0
2020-06-27,Amador,005,37829,27,20,0,20,0
2020-06-27,Butte,007,227075,258,137,8,145,2
2020-06-27,Calaveras,009,45235,49,30,0,30,0
2020-06-27,Colusa,011,21464,68,17,0,17,0
2020-06-27,Contra Costa,013,1133247,3692,2717,3,2720,72
2020-06-27,Del Norte,015,27424,58,47,0,47,0
2020-06-27,El Dorado,017,186661,271,159,0,159,0
2020-06-27,Fresno,019,978130,9079,4238,75,4313,74
2020-06-27,Glenn,021,27897,144,77,0,77,0
2020-06-27,Humboldt,023,135768,154,127,0,127,3
2020-06-27,Imperial,025,180216,7817,5513,4,5517,45
2020-06-27,Inyo,027,18085,33,29,0,29,1
2020-06-27,Kern,029,883053,8130,4411,25,4436,70
2020-06-27,Kings,031,150075,2668,2187,7,2194,18
2020-06-27,Lake,033,64148,81,42,0,42,0
2020-06-27,Lassen,035,31185,240,33,2,35,0
2020-06-27,Los Angeles,037,10098052,113320,95341,27,95368,3291
2020-06-27,Madera,039,155013,864,427,2,429,4
2020-06-27,Marin,041,260295,2609,1423,4,1427,17
2020-06-27,Mariposa,043,17540,31,22,0,22,1
2020-06-27,Mendocino,045,87422,85,63,0,63,0
2020-06-27,Merced,047,269075,1572,807,1,808,10
2020-06-27,Modoc,049,8938,1,0,0,0,0
2020-06-27,Mono,051,14174,46,35,0,35,1
2020-06-27,Monterey,053,433212,2069,1455,6,1461,12
2020-06-27,Napa,055,140530,422,282,0,282,3
2020-06-27,Nevada,057,99092,140,102,2,104,1
2020-06-27,Orange,059,3164182,21643,12951,176,13127,320
2020-06-27,Placer,061,380077,909,584,3,587,10
2020-06-27,Plumas,063,18699,11,6,0,6,0
2020-06-27,Riverside,065,2383286,22639,16209,25,16234,432
2020-06-27,Sacramento,067,1510023,3961,2685,6,2691,63
2020-06-27,San Benito,069,59416,268,182,0,182,2
2020-06-27,San Bernardino,071,2135413,17785,11238,9,11247,243
2020-06-27,San Diego,073,3302833,16492,12836,2,12838,360
2020-06-27,San Francisco,075,870044,3907,3332,1,3333,49
2020-06-27,San Joaquin,077,732212,4769,2995,4,2999,52
2020-06-27,San Luis Obispo,079,281455,791,505,6,511,1
2020-06-27,San Mateo,081,765935,3546,3083,6,3089,83
2020-06-27,Santa Barbara,083,443738,3559,2799,30,2829,25
2020-06-27,Santa Clara,085,1922200,5623,4006,16,4022,157
2020-06-27,Santa Cruz,087,273765,439,347,0,347,2
2020-06-27,Shasta,089,179085,193,87,0,87,5
2020-06-27,Sierra,091,2930,1,1,0,1,0
2020-06-27,Siskiyou,093,43540,35,25,0,25,0
2020-06-27,Solano,095,438530,1721,1076,8,1084,21
2020-06-27,Sonoma,097,501317,1393,1004,4,1008,5
2020-06-27,Stanislaus,099,539301,3750,2164,5,2169,36
2020-06-27,Sutter,101,95872,191,141,0,141,2
2020-06-27,Tehama,103,63373,90,63,2,65,1
2020-06-27,Trinity,105,12862,17,2,4,6,0
2020-06-27,Tulare,107,460477,5266,3810,12,3822,117
2020-06-27,Tuolumne,109,53932,41,13,2,15,0
2020-06-27,Ventura,111,848112,4145,2471,17,2488,40
2020-06-27,Yolo,113,214977,653,432,3,435,24
2020-06-27,Yuba,115,75493,81,39,0,39,1
2020-06-26,Alameda,001,1643700,6700,5502,9,5511,132
2020-06-26,Alpine,003,1148,1,1,0,1,0
2020-06-26,Amador,005,37829,26,20,0,20,0
2020-06-26,Butte,007,227075,243,135,8,143,2
2020-06-26,Calaveras,009,45235,47,30,0,30,0
2020-06-26,Colusa,011,21464,63,17,0,17,0
2020-06-26,Contra Costa,013,1133247,3579,2676,3,2679,72
2020-06-26,Del Norte,015,27424,57,47,0,47,0
2020-06-26,El Dorado,017,186661,263,159,0,159,0
2020-06-26,Fresno,019,978130,8853,4166,75,4241,74
2020-06-26,Glenn,021,27897,137,71,0,71,0
2020-06-26,Humboldt,023,135768,152,126,0,126,3
2020-06-26,Imperial,025,180216,7754,5400,4,5404,44
2020-06-26,Inyo,027,18085,32,29,0,29,1
2020-06-26,Kern,029,883053,7800,4366,25,4391,70
2020-06-26,Kings,031,150075,2636,2176,6,2182,18
2020-06-26,Lake,033,64148,80,42,0,42,0
2020-06-26,Lassen,035,31185,239,30,2,32,0
2020-06-26,Los Angeles,037,10098052,111154,93328,27,93355,3275
2020-06-26,Madera,039,155013,832,409,2,411,4
2020-06-26,Marin,041,260295,2572,1406,4,1410,17
2020-06-26,Mariposa,043,17540,30,21,0,21,1
2020-06-26,Mendocino,045,87422,82,63,0,63,0
2020-06-26,Merced,047,269075,1526,797,1,798,10
2020-06-26,Modoc,049,8938,1,0,0,0,0
2020-06-26,Mono,051,14174,45,35,0,35,1
2020-06-26,Monterey,053,433212,2017,1449,6,1455,12
2020-06-26,Napa,055,140530,412,277,0,277,3
2020-06-26,Nevada,057,99092,136,101,1,102,1
2020-06-26,Orange,059,3164182,20967,12659,173,12832,320
2020-06-26,Placer,061,380077,880,584,3,587,10
2020-06-26,Plumas,063,18699,11,6,0,6,0
2020-06-26,Riverside,065,2383286,22176,15858,25,15883,430
2020-06-26,Sacramento,067,1510023,3796,2687,6,2693,63
2020-06-26,San Benito,069,59416,264,176,0,176,2
2020-06-26,San Bernardino,071,2135413,17408,11111,9,11120,243
2020-06-26,San Diego,073,3302833,16127,12402,2,12404,358
2020-06-26,San Francisco,075,870044,3852,3330,1,3331,49
2020-06-26,San Joaquin,077,732212,4555,2943,4,2947,52
2020-06-26,San Luis Obispo,079,281455,776,498,6,504,1
2020-06-26,San Mateo,081,765935,3494,3055,6,3061,83
2020-06-26,Santa Barbara,083,443738,3469,2784,28,2812,25
2020-06-26,Santa Clara,085,1922200,5522,3968,16,3984,156
2020-06-26,Santa Cruz,087,273765,432,344,0,344,2
2020-06-26,Shasta,089,179085,186,86,0,86,5
2020-06-26,Sierra,091,2930,1,1,0,1,0
2020-06-26,Siskiyou,093,43540,34,24,0,24,0
2020-06-26,Solano,095,438530,1679,1068,8,1076,21
2020-06-26,Sonoma,097,501317,1361,977,4,981,5
2020-06-26,Stanislaus,099,539301,3637,2157,5,2162,36
2020-06-26,Sutter,101,95872,184,138,0,138,2
2020-06-26,Tehama,103,63373,87,63,2,65,1
2020-06-26,Trinity,105,12862,17,2,4,6,0
2020-06-26,Tulare,107,460477,5177,3720,12,3732,117
2020-06-26,Tuolumne,109,53932,39,10,2,12,0
2020-06-26,Ventura,111,848112,4059,2444,17,2461,40
2020-06-26,Yolo,113,214977,630,418,3,421,24
2020-06-26,Yuba,115,75493,75,38,0,38,1
2020-06-25,Alameda,001,1643700,6511,5398,9,5407,130
2020-06-25,Alpine,003,1148,1,1,0,1,0
2020-06-25,Amador,005,37829,25,18,0,18,0
2020-06-25,Butte,007,227075,238,127,8,135,1
2020-06-25,Calaveras,009,45235,42,26,0,26,0
2020-06-25,Colusa,011,21464,53,14,0,14,0
2020-06-25,Contra Costa,013,1133247,3394,2591,3,2594,71
2020-06-25,Del Norte,015,27424,55,47,0,47,0
2020-06-25,El Dorado,017,186661,255,150,0,150,0
2020-06-25,Fresno,019,978130,8540,3938,74,4012,71
2020-06-25,Glenn,021,27897,132,59,0,59,0
2020-06-25,Humboldt,023,135768,151,121,0,121,3
2020-06-25,Imperial,025,180216,7625,5192,4,5196,44
2020-06-25,Inyo,027,18085,29,27,0,27,1
2020-06-25,Kern,029,883053,7375,4236,22,4258,69
2020-06-25,Kings,031,150075,2584,2110,6,2116,17
2020-06-25,Lake,033,64148,79,42,0,42,0
2020-06-25,Lassen,035,31185,233,13,2,15,0
2020-06-25,Los Angeles,037,10098052,108387,91524,27,91551,3239
2020-06-25,Madera,039,155013,788,380,2,382,4
2020-06-25,Marin,041,260295,2470,1321,4,1325,17
2020-06-25,Mariposa,043,17540,29,20,0,20,1
2020-06-25,Mendocino,045,87422,79,61,0,61,0
2020-06-25,Merced,047,269075,1439,747,1,748,10
2020-06-25,Modoc,049,8938,1,0,0,0,0
2020-06-25,Mono,051,14174,44,35,0,35,1
2020-06-25,Monterey,053,433212,1929,1426,5,1431,12
2020-06-25,Napa,055,140530,394,260,0,260,3
2020-06-25,Nevada,057,99092,128,92,1,93,1
2020-06-25,Orange,059,3164182,20045,12221,171,12392,311
2020-06-25,Placer,061,380077,826,574,3,577,10
2020-06-25,Plumas,063,18699,10,6,0,6,0
2020-06-25,Riverside,065,2383286,21421,15224,25,15249,427
2020-06-25,Sacramento,067,1510023,3573,2519,6,2525,62
2020-06-25,San Benito,069,59416,256,174,0,174,2
2020-06-25,San Bernardino,071,2135413,16657,10590,9,10599,242
2020-06-25,San Diego,073,3302833,15588,11963,2,11965,352
2020-06-25,San Francisco,075,870044,3786,3252,1,3253,48
2020-06-25,San Joaquin,077,732212,4282,2803,4,2807,50
2020-06-25,San Luis Obispo,079,281455,744,473,6,479,1
2020-06-25,San Mateo,081,765935,3426,2996,6,3002,82
2020-06-25,Santa Barbara,083,443738,3363,2622,27,2649,25
2020-06-25,Santa Clara,085,1922200,5373,3871,16,3887,156
2020-06-25,Santa Cruz,087,273765,420,335,0,335,2
2020-06-25,Shasta,089,179085,176,84,0,84,5
2020-06-25,Sierra,091,2930,1,1,0,1,0
2020-06-25,Siskiyou,093,43540,33,24,0,24,0
2020-06-25,Solano,095,438530,1626,1034,8,1042,21
2020-06-25,Sonoma,097,501317,1314,953,3,956,5
2020-06-25,Stanislaus,099,539301,3425,2130,5,2135,36
2020-06-25,Sutter,101,95872,172,126,0,126,2
2020-06-25,Tehama,103,63373,83,59,2,61,1
2020-06-25,Trinity,105,12862,17,2,4,6,0
2020-06-25,Tulare,107,460477,5046,3656,12,3668,117
2020-06-25,Tuolumne,109,53932,38,10,1,11,0
2020-06-25,Ventura,111,848112,3877,2346,16,2362,40
2020-06-25,Yolo,113,214977,601,397,3,400,24
2020-06-25,Yuba,115,75493,64,38,0,38,1
2020-06-24,Alameda,001,1643700,6349,5242,9,5251,123
2020-06-24,Alpine,003,1148,1,1,0,1,0
2020-06-24,Amador,005,37829,23,16,0,16,0
2020-06-24,Butte,007,227075,222,119,7,126,1
2020-06-24,Calaveras,009,45235,40,26,0,26,0
2020-06-24,Colusa,011,21464,44,11,0,11,0
2020-06-24,Contra Costa,013,1133247,3239,2520,3,2523,66
2020-06-24,Del Norte,015,27424,49,47,0,47,0
2020-06-24,El Dorado,017,186661,239,149,0,149,0
2020-06-24,Fresno,019,978130,8209,3765,74,3839,71
2020-06-24,Glenn,021,27897,124,54,0,54,0
2020-06-24,Humboldt,023,135768,151,117,0,117,3
2020-06-24,Imperial,025,180216,7507,5138,4,5142,38
2020-06-24,Inyo,027,18085,29,28,0,28,1
2020-06-24,Kern,029,883053,6982,4155,20,4175,67
2020-06-24,Kings,031,150075,2520,2063,6,2069,16
2020-06-24,Lake,033,64148,66,40,0,40,0
2020-06-24,Lassen,035,31185,232,9,2,11,0
2020-06-24,Los Angeles,037,10098052,105627,89566,27,89593,3186
2020-06-24,Madera,039,155013,766,373,2,375,4
2020-06-24,Marin,041,260295,2242,1261,4,1265,17
2020-06-24,Mariposa,043,17540,28,19,0,19,1
2020-06-24,Mendocino,045,87422,79,60,0,60,0
2020-06-24,Merced,047,269075,1353,696,1,697,8
2020-06-24,Modoc,049,8938,1,0,0,0,0
2020-06-24,Mono,051,14174,42,35,0,35,1
2020-06-24,Monterey,053,433212,1852,1407,5,1412,12
2020-06-24,Napa,055,140530,377,258,0,258,3
2020-06-24,Nevada,057,99092,122,92,1,93,1
2020-06-24,Orange,059,3164182,19048,11804,153,11957,303
2020-06-24,Placer,061,380077,787,548,3,551,10
2020-06-24,Plumas,063,18699,10,6,0,6,0
2020-06-24,Riverside,065,2383286,20574,14946,25,14971,410
2020-06-24,Sacramento,067,1510023,3368,2446,5,2451,62
2020-06-24,San Benito,069,59416,252,171,0,171,2
2020-06-24,San Bernardino,071,2135413,15843,10211,9,10220,239
2020-06-24,San Diego,073,3302833,15085,11628,2,11630,347
2020-06-24,San Francisco,075,870044,3723,3216,1,3217,48
2020-06-24,San Joaquin,077,732212,4061,2680,4,2684,49
2020-06-24,San Luis Obispo,079,281455,713,461,5,466,1
2020-06-24,San Mateo,081,765935,3369,2964,6,2970,82
2020-06-24,Santa Barbara,083,443738,3244,2569,25,2594,22
2020-06-24,Santa Clara,085,1922200,5242,3812,16,3828,155
2020-06-24,Santa Cruz,087,273765,408,329,0,329,2
2020-06-24,Shasta,089,179085,168,83,0,83,5
2020-06-24,Sierra,091,2930,1,1,0,1,0
2020-06-24,Siskiyou,093,43540,32,24,0,24,0
2020-06-24,Solano,095,438530,1536,979,7,986,21
2020-06-24,Sonoma,097,501317,1265,933,3,936,4
2020-06-24,Stanislaus,099,539301,3246,2039,5,2044,36
2020-06-24,Sutter,101,95872,159,118,0,118,2
2020-06-24,Tehama,103,63373,81,55,2,57,1
2020-06-24,Trinity,105,12862,16,2,3,5,0
2020-06-24,Tulare,107,460477,4891,3541,10,3551,116
2020-06-24,Tuolumne,109,53932,33,9,1,10,0
2020-06-24,Ventura,111,848112,3536,2314,16,2330,42
2020-06-24,Yolo,113,214977,566,376,3,379,24
2020-06-24,Yuba,115,75493,58,37,0,37,1
2020-06-23,Alameda,001,1643700,6168,5159,9,5168,121
2020-06-23,Alpine,003,1148,1,1,0,1,0
2020-06-23,Amador,005,37829,22,13,0,13,0
2020-06-23,Butte,007,227075,204,111,7,118,1
2020-06-23,Calaveras,009,45235,40,26,0,26,0
2020-06-23,Colusa,011,21464,40,7,0,7,0
2020-06-23,Contra Costa,013,1133247,3113,2453,3,2456,60
2020-06-23,Del Norte,015,27424,48,46,0,46,0
2020-06-23,El Dorado,017,186661,230,142,0,142,0
2020-06-23,Fresno,019,978130,7558,3569,72,3641,67
2020-06-23,Glenn,021,27897,120,47,0,47,0
2020-06-23,Humboldt,023,135768,151,110,0,110,3
2020-06-23,Imperial,025,180216,7344,5025,4,5029,38
2020-06-23,Inyo,027,18085,29,26,0,26,1
2020-06-23,Kern,029,883053,6614,4087,17,4104,64
2020-06-23,Kings,031,150075,2455,1727,6,1733,16
2020-06-23,Lake,033,64148,60,40,0,40,0
2020-06-23,Lassen,035,31185,228,9,2,11,0
2020-06-23,Los Angeles,037,10098052,102687,88433,26,88459,3152
2020-06-23,Madera,039,155013,727,369,2,371,4
2020-06-23,Marin,041,260295,1974,1139,4,1143,17
2020-06-23,Mariposa,043,17540,26,18,0,18,1
2020-06-23,Mendocino,045,87422,78,61,0,61,0
2020-06-23,Merced,047,269075,1255,656,1,657,8
2020-06-23,Modoc,049,8938,1,0,0,0,0
2020-06-23,Mono,051,14174,42,35,0,35,1
2020-06-23,Monterey,053,433212,1782,1346,5,1351,12
2020-06-23,Napa,055,140530,362,230,0,230,3
2020-06-23,Nevada,057,99092,116,81,1,82,1
2020-06-23,Orange,059,3164182,18080,11071,150,11221,278
2020-06-23,Placer,061,380077,761,525,3,528,10
2020-06-23,Plumas,063,18699,9,6,0,6,0
2020-06-23,Riverside,065,2383286,19554,14469,25,14494,406
2020-06-23,Sacramento,067,1510023,3189,2374,5,2379,62
2020-06-23,San Benito,069,59416,238,167,0,167,2
2020-06-23,San Bernardino,071,2135413,15062,9771,9,9780,229
2020-06-23,San Diego,073,3302833,14565,11296,2,11298,341
2020-06-23,San Francisco,075,870044,3649,3177,1,3178,48
2020-06-23,San Joaquin,077,732212,3802,2502,4,2506,48
2020-06-23,San Luis Obispo,079,281455,682,445,5,450,1
2020-06-23,San Mateo,081,765935,3304,2907,6,2913,81
2020-06-23,Santa Barbara,083,443738,3148,2498,25,2523,22
2020-06-23,Santa Clara,085,1922200,5096,3700,16,3716,155
2020-06-23,Santa Cruz,087,273765,398,313,0,313,2
2020-06-23,Shasta,089,179085,159,81,0,81,5
2020-06-23,Sierra,091,2930,1,1,0,1,0
2020-06-23,Siskiyou,093,43540,30,24,0,24,0
2020-06-23,Solano,095,438530,1479,941,6,947,21
2020-06-23,Sonoma,097,501317,1212,912,3,915,4
2020-06-23,Stanislaus,099,539301,3070,1850,5,1855,35
2020-06-23,Sutter,101,95872,149,112,0,112,2
2020-06-23,Tehama,103,63373,79,50,2,52,1
2020-06-23,Trinity,105,12862,16,2,3,5,0
2020-06-23,Tulare,107,460477,4769,3456,10,3466,111
2020-06-23,Tuolumne,109,53932,28,9,0,9,0
2020-06-23,Ventura,111,848112,3376,2209,15,2224,40
2020-06-23,Yolo,113,214977,540,350,0,350,24
2020-06-23,Yuba,115,75493,55,35,0,35,1
2020-06-22,Alameda,001,1643700,6017,4944,9,4953,121
2020-06-22,Alpine,003,1148,1,1,0,1,0
2020-06-22,Amador,005,37829,19,12,0,12,0
2020-06-22,Butte,007,227075,185,104,7,111,1
2020-06-22,Calaveras,009,45235,38,20,0,20,0
2020-06-22,Colusa,011,21464,37,7,0,7,0
2020-06-22,Contra Costa,013,1133247,2971,2363,3,2366,60
2020-06-22,Del Norte,015,27424,48,46,0,46,0
2020-06-22,El Dorado,017,186661,221,137,0,137,0
2020-06-22,Fresno,019,978130,7026,3425,72,3497,67
2020-06-22,Glenn,021,27897,111,40,0,40,0
2020-06-22,Humboldt,023,135768,148,110,0,110,3
2020-06-22,Imperial,025,180216,7188,4700,4,4704,38
2020-06-22,Inyo,027,18085,29,26,0,26,1
2020-06-22,Kern,029,883053,6262,3982,15,3997,60
2020-06-22,Kings,031,150075,2406,1513,6,1519,13
2020-06-22,Lake,033,64148,54,37,0,37,0
2020-06-22,Lassen,035,31185,118,7,2,9,0
2020-06-22,Los Angeles,037,10098052,99790,85925,24,85949,3117
2020-06-22,Madera,039,155013,702,333,2,335,4
2020-06-22,Marin,041,260295,1717,1029,4,1033,17
2020-06-22,Mariposa,043,17540,25,18,0,18,1
2020-06-22,Mendocino,045,87422,73,48,0,48,0
2020-06-22,Merced,047,269075,1166,619,1,620,8
2020-06-22,Modoc,049,8938,1,0,0,0,0
2020-06-22,Mono,051,14174,42,34,0,34,1
2020-06-22,Monterey,053,433212,1721,1293,5,1298,12
2020-06-22,Napa,055,140530,338,222,0,222,3
2020-06-22,Nevada,057,99092,111,79,1,80,1
2020-06-22,Orange,059,3164182,17148,10711,147,10858,275
2020-06-22,Placer,061,380077,735,512,3,515,9
2020-06-22,Plumas,063,18699,7,6,0,6,0
2020-06-22,Riverside,065,2383286,18582,13948,25,13973,403
2020-06-22,Sacramento,067,1510023,2972,2243,5,2248,62
2020-06-22,San Benito,069,59416,229,164,0,164,2
2020-06-22,San Bernardino,071,2135413,14288,9133,9,9142,229
2020-06-22,San Diego,073,3302833,14073,11098,2,11100,338
2020-06-22,San Francisco,075,870044,3556,3000,1,3001,47
2020-06-22,San Joaquin,077,732212,3554,2332,4,2336,48
2020-06-22,San Luis Obispo,079,281455,649,422,5,427,1
2020-06-22,San Mateo,081,765935,3231,2813,5,2818,81
2020-06-22,Santa Barbara,083,443738,3056,2447,25,2472,21
2020-06-22,Santa Clara,085,1922200,4933,3580,16,3596,155
2020-06-22,Santa Cruz,087,273765,385,290,0,290,3
2020-06-22,Shasta,089,179085,156,77,0,77,5
2020-06-22,Sierra,091,2930,1,1,0,1,0
2020-06-22,Siskiyou,093,43540,30,23,0,23,0
2020-06-22,Solano,095,438530,1401,784,5,789,21
2020-06-22,Sonoma,097,501317,1167,860,1,861,4
2020-06-22,Stanislaus,099,539301,2885,1784,5,1789,35
2020-06-22,Sutter,101,95872,140,100,0,100,2
2020-06-22,Tehama,103,63373,75,38,2,40,1
2020-06-22,Trinity,105,12862,16,2,3,5,0
2020-06-22,Tulare,107,460477,4632,3185,10,3195,111
2020-06-22,Tuolumne,109,53932,19,8,0,8,0
2020-06-22,Ventura,111,848112,3227,2065,15,2080,39
2020-06-22,Yolo,113,214977,514,333,0,333,24
2020-06-22,Yuba,115,75493,50,36,0,36,1
2020-06-21,Alameda,001,1643700,5822,4835,9,4844,121
2020-06-21,Alpine,003,1148,1,1,0,1,0
2020-06-21,Amador,005,37829,14,12,0,12,0
2020-06-21,Butte,007,227075,171,97,7,104,1
2020-06-21,Calaveras,009,45235,38,20,0,20,0
2020-06-21,Colusa,011,21464,29,7,0,7,0
2020-06-21,Contra Costa,013,1133247,2845,2282,3,2285,60
2020-06-21,Del Norte,015,27424,47,46,0,46,0
2020-06-21,El Dorado,017,186661,212,132,0,132,0
2020-06-21,Fresno,019,978130,6455,3296,70,3366,67
2020-06-21,Glenn,021,27897,102,40,0,40,0
2020-06-21,Humboldt,023,135768,143,108,0,108,3
2020-06-21,Imperial,025,180216,7005,4701,4,4705,38
2020-06-21,Inyo,027,18085,27,26,0,26,1
2020-06-21,Kern,029,883053,5970,3918,14,3932,60
2020-06-21,Kings,031,150075,2342,1334,6,1340,11
2020-06-21,Lake,033,64148,49,36,0,36,0
2020-06-21,Lassen,035,31185,25,7,2,9,0
2020-06-21,Los Angeles,037,10098052,96908,83383,23,83406,3101
2020-06-21,Madera,039,155013,668,319,2,321,4
2020-06-21,Marin,041,260295,1560,907,4,911,17
2020-06-21,Mariposa,043,17540,22,18,0,18,1
2020-06-21,Mendocino,045,87422,70,48,0,48,0
2020-06-21,Merced,047,269075,1071,577,1,578,8
2020-06-21,Modoc,049,8938,1,0,0,0,0
2020-06-21,Mono,051,14174,42,34,0,34,1
2020-06-21,Monterey,053,433212,1648,1227,5,1232,12
2020-06-21,Napa,055,140530,323,218,0,218,3
2020-06-21,Nevada,057,99092,108,79,1,80,1
2020-06-21,Orange,059,3164182,16316,10563,143,10706,275
2020-06-21,Placer,061,380077,695,498,3,501,9
2020-06-21,Plumas,063,18699,7,6,0,6,0
2020-06-21,Riverside,065,2383286,17876,13528,24,13552,402
2020-06-21,Sacramento,067,1510023,2771,2156,4,2160,62
2020-06-21,San Benito,069,59416,215,151,0,151,2
2020-06-21,San Bernardino,071,2135413,13514,8925,8,8933,229
2020-06-21,San Diego,073,3302833,13527,10796,2,10798,338
2020-06-21,San Francisco,075,870044,3450,3000,1,3001,47
2020-06-21,San Joaquin,077,732212,3318,2188,4,2192,48
2020-06-21,San Luis Obispo,079,281455,623,418,5,423,1
2020-06-21,San Mateo,081,765935,3173,2781,5,2786,81
2020-06-21,Santa Barbara,083,443738,2949,2430,24,2454,21
2020-06-21,Santa Clara,085,1922200,4795,3514,16,3530,154
2020-06-21,Santa Cruz,087,273765,375,290,0,290,3
2020-06-21,Shasta,089,179085,146,75,0,75,5
2020-06-21,Sierra,091,2930,1,1,0,1,0
2020-06-21,Siskiyou,093,43540,30,23,0,23,0
2020-06-21,Solano,095,438530,1301,783,4,787,21
2020-06-21,Sonoma,097,501317,1117,836,1,837,4
2020-06-21,Stanislaus,099,539301,2699,1688,5,1693,35
2020-06-21,Sutter,101,95872,132,96,0,96,2
2020-06-21,Tehama,103,63373,64,35,2,37,1
2020-06-21,Trinity,105,12862,15,2,3,5,0
2020-06-21,Tulare,107,460477,4463,3173,10,3183,111
2020-06-21,Tuolumne,109,53932,17,8,0,8,0
2020-06-21,Ventura,111,848112,3049,2021,15,2036,39
2020-06-21,Yolo,113,214977,482,323,0,323,24
2020-06-21,Yuba,115,75493,46,35,0,35,1
2020-06-20,Alameda,001,1643700,5760,4758,9,4767,119
2020-06-20,Alpine,003,1148,1,1,0,1,0
2020-06-20,Amador,005,37829,14,12,0,12,0
2020-06-20,Butte,007,227075,164,94,7,101,1
2020-06-20,Calaveras,009,45235,38,20,0,20,0
2020-06-20,Colusa,011,21464,26,7,0,7,0
2020-06-20,Contra Costa,013,1133247,2786,2231,3,2234,54
2020-06-20,Del Norte,015,27424,47,46,0,46,0
2020-06-20,El Dorado,017,186661,207,130,0,130,0
2020-06-20,Fresno,019,978130,6329,3222,67,3289,67
2020-06-20,Glenn,021,27897,97,40,0,40,0
2020-06-20,Humboldt,023,135768,143,108,0,108,3
2020-06-20,Imperial,025,180216,6924,4616,4,4620,37
2020-06-20,Inyo,027,18085,27,26,0,26,1
2020-06-20,Kern,029,883053,5805,3836,14,3850,59
2020-06-20,Kings,031,150075,2318,1331,6,1337,9
2020-06-20,Lake,033,64148,49,37,0,37,0
2020-06-20,Lassen,035,31185,24,7,2,9,0
2020-06-20,Los Angeles,037,10098052,95337,81604,22,81626,3093
2020-06-20,Madera,039,155013,635,321,2,323,4
2020-06-20,Marin,041,260295,1540,879,4,883,17
2020-06-20,Mariposa,043,17540,22,18,0,18,1
2020-06-20,Mendocino,045,87422,69,48,0,48,0
2020-06-20,Merced,047,269075,1031,566,1,567,8
2020-06-20,Modoc,049,8938,1,0,0,0,0
2020-06-20,Mono,051,14174,42,34,0,34,1
2020-06-20,Monterey,053,433212,1612,1181,5,1186,12
2020-06-20,Napa,055,140530,314,212,0,212,3
2020-06-20,Nevada,057,99092,105,73,1,74,1
2020-06-20,Orange,059,3164182,15966,10284,139,10423,273
2020-06-20,Placer,061,380077,670,483,3,486,9
2020-06-20,Plumas,063,18699,6,6,0,6,0
2020-06-20,Riverside,065,2383286,17577,13021,24,13045,402
2020-06-20,Sacramento,067,1510023,2700,2069,4,2073,63
2020-06-20,San Benito,069,59416,211,139,0,139,2
2020-06-20,San Bernardino,071,2135413,13152,8718,8,8726,229
2020-06-20,San Diego,073,3302833,13204,10486,2,10488,338
2020-06-20,San Francisco,075,870044,3406,2999,1,3000,47
2020-06-20,San Joaquin,077,732212,3236,2046,4,2050,48
2020-06-20,San Luis Obispo,079,281455,610,405,5,410,1
2020-06-20,San Mateo,081,765935,3125,2755,5,2760,81
2020-06-20,Santa Barbara,083,443738,2892,2358,23,2381,21
2020-06-20,Santa Clara,085,1922200,4721,3435,16,3451,154
2020-06-20,Santa Cruz,087,273765,373,287,0,287,3
2020-06-20,Shasta,089,179085,140,66,0,66,5
2020-06-20,Sierra,091,2930,1,1,0,1,0
2020-06-20,Siskiyou,093,43540,29,22,0,22,0
2020-06-20,Solano,095,438530,1277,784,4,788,21
2020-06-20,Sonoma,097,501317,1081,806,1,807,4
2020-06-20,Stanislaus,099,539301,2591,1598,5,1603,35
2020-06-20,Sutter,101,95872,130,89,0,89,2
2020-06-20,Tehama,103,63373,62,35,2,37,1
2020-06-20,Trinity,105,12862,15,2,3,5,0
2020-06-20,Tulare,107,460477,4390,3172,10,3182,111
2020-06-20,Tuolumne,109,53932,14,8,0,8,0
2020-06-20,Ventura,111,848112,2984,1946,15,1961,37
2020-06-20,Yolo,113,214977,466,309,0,309,24
2020-06-20,Yuba,115,75493,44,34,0,34,1
2020-06-19,Alameda,001,1643700,5689,4646,9,4655,119
2020-06-19,Alpine,003,1148,1,1,0,1,0
2020-06-19,Amador,005,37829,14,12,0,12,0
2020-06-19,Butte,007,227075,159,91,7,98,1
2020-06-19,Calaveras,009,45235,37,20,0,20,0
2020-06-19,Colusa,011,21464,24,7,0,7,0
2020-06-19,Contra Costa,013,1133247,2706,2106,3,2109,54
2020-06-19,Del Norte,015,27424,47,46,0,46,0
2020-06-19,El Dorado,017,186661,198,124,0,124,0
2020-06-19,Fresno,019,978130,6167,3109,65,3174,61
2020-06-19,Glenn,021,27897,91,40,0,40,0
2020-06-19,Humboldt,023,135768,141,106,0,106,3
2020-06-19,Imperial,025,180216,6833,4504,4,4508,36
2020-06-19,Inyo,027,18085,27,26,0,26,1
2020-06-19,Kern,029,883053,5582,3742,13,3755,57
2020-06-19,Kings,031,150075,2297,1285,6,1291,9
2020-06-19,Lake,033,64148,46,36,0,36,0
2020-06-19,Lassen,035,31185,23,7,2,9,0
2020-06-19,Los Angeles,037,10098052,93358,79572,21,79593,3047
2020-06-19,Madera,039,155013,616,300,2,302,4
2020-06-19,Marin,041,260295,1511,829,4,833,17
2020-06-19,Mariposa,043,17540,21,18,0,18,1
2020-06-19,Mendocino,045,87422,68,48,0,48,0
2020-06-19,Merced,047,269075,986,529,1,530,8
2020-06-19,Modoc,049,8938,1,0,0,0,0
2020-06-19,Mono,051,14174,42,34,0,34,1
2020-06-19,Monterey,053,433212,1583,1159,5,1164,12
2020-06-19,Napa,055,140530,304,209,0,209,3
2020-06-19,Nevada,057,99092,102,71,1,72,1
2020-06-19,Orange,059,3164182,15433,9972,132,10104,260
2020-06-19,Placer,061,380077,652,464,3,467,9
2020-06-19,Plumas,063,18699,6,5,0,5,0
2020-06-19,Riverside,065,2383286,17172,12710,24,12734,398
2020-06-19,Sacramento,067,1510023,2617,1976,4,1980,64
2020-06-19,San Benito,069,59416,210,136,0,136,2
2020-06-19,San Bernardino,071,2135413,12746,8454,7,8461,226
2020-06-19,San Diego,073,3302833,12841,10352,2,10354,332
2020-06-19,San Francisco,075,870044,3351,2968,1,2969,47
2020-06-19,San Joaquin,077,732212,3113,1969,4,1973,48
2020-06-19,San Luis Obispo,079,281455,594,392,5,397,1
2020-06-19,San Mateo,081,765935,3086,2713,5,2718,81
2020-06-19,Santa Barbara,083,443738,2819,2284,21,2305,21
2020-06-19,Santa Clara,085,1922200,4647,3376,16,3392,154
2020-06-19,Santa Cruz,087,273765,363,283,0,283,3
2020-06-19,Shasta,089,179085,137,58,0,58,5
2020-06-19,Sierra,091,2930,1,1,0,1,0
2020-06-19,Siskiyou,093,43540,29,21,0,21,0
2020-06-19,Solano,095,438530,1239,755,4,759,21
2020-06-19,Sonoma,097,501317,1054,803,1,804,4
2020-06-19,Stanislaus,099,539301,2481,1549,5,1554,35
2020-06-19,Sutter,101,95872,129,89,0,89,2
2020-06-19,Tehama,103,63373,61,35,2,37,1
2020-06-19,Trinity,105,12862,15,2,3,5,0
2020-06-19,Tulare,107,460477,4319,3053,10,3063,107
2020-06-19,Tuolumne,109,53932,13,8,0,8,0
2020-06-19,Ventura,111,848112,2900,1865,15,1880,37
2020-06-19,Yolo,113,214977,447,303,0,303,24
2020-06-19,Yuba,115,75493,43,33,0,33,1
2020-06-18,Alameda,001,1643700,5559,4589,9,4598,118
2020-06-18,Alpine,003,1148,1,1,0,1,0
2020-06-18,Amador,005,37829,13,12,0,12,0
2020-06-18,Butte,007,227075,154,88,7,95,1
2020-06-18,Calaveras,009,45235,37,20,0,20,0
2020-06-18,Colusa,011,21464,20,7,0,7,0
2020-06-18,Contra Costa,013,1133247,2600,2072,3,2075,53
2020-06-18,Del Norte,015,27424,47,46,0,46,0
2020-06-18,El Dorado,017,186661,194,121,0,121,0
2020-06-18,Fresno,019,978130,5900,2947,64,3011,57
2020-06-18,Glenn,021,27897,82,35,0,35,0
2020-06-18,Humboldt,023,135768,140,106,0,106,3
2020-06-18,Imperial,025,180216,6684,4366,4,4370,36
2020-06-18,Inyo,027,18085,26,25,0,25,1
2020-06-18,Kern,029,883053,5364,3634,13,3647,57
2020-06-18,Kings,031,150075,2238,1141,6,1147,8
2020-06-18,Lake,033,64148,45,36,0,36,0
2020-06-18,Lassen,035,31185,22,5,2,7,0
2020-06-18,Los Angeles,037,10098052,91089,78244,21,78265,3009
2020-06-18,Madera,039,155013,581,288,2,290,4
2020-06-18,Marin,041,260295,1448,819,4,823,17
2020-06-18,Mariposa,043,17540,19,18,0,18,1
2020-06-18,Mendocino,045,87422,64,45,0,45,0
2020-06-18,Merced,047,269075,934,486,1,487,7
2020-06-18,Modoc,049,8938,1,0,0,0,0
2020-06-18,Mono,051,14174,42,34,0,34,1
2020-06-18,Monterey,053,433212,1515,1127,5,1132,12
2020-06-18,Napa,055,140530,289,205,0,205,3
2020-06-18,Nevada,057,99092,98,68,1,69,1
2020-06-18,Orange,059,3164182,14778,9597,113,9710,255
2020-06-18,Placer,061,380077,629,457,3,460,9
2020-06-18,Plumas,063,18699,6,5,0,5,0
2020-06-18,Riverside,065,2383286,16556,12410,24,12434,392
2020-06-18,Sacramento,067,1510023,2501,1938,4,1942,63
2020-06-18,San Benito,069,59416,204,134,0,134,2
2020-06-18,San Bernardino,071,2135413,12106,8141,7,8148,226
2020-06-18,San Diego,073,3302833,12419,10094,2,10096,331
2020-06-18,San Francisco,075,870044,3302,2951,1,2952,47
2020-06-18,San Joaquin,077,732212,2961,1908,4,1912,47
2020-06-18,San Luis Obispo,079,281455,574,378,5,383,1
2020-06-18,San Mateo,081,765935,3047,2674,5,2679,78
2020-06-18,Santa Barbara,083,443738,2745,2201,21,2222,19
2020-06-18,Santa Clara,085,1922200,4544,3338,16,3354,152
2020-06-18,Santa Cruz,087,273765,346,275,0,275,3
2020-06-18,Shasta,089,179085,126,51,0,51,4
2020-06-18,Sierra,091,2930,1,1,0,1,0
2020-06-18,Siskiyou,093,43540,29,18,0,18,0
2020-06-18,Solano,095,438530,1201,735,4,739,21
2020-06-18,Sonoma,097,501317,1012,789,1,790,4
2020-06-18,Stanislaus,099,539301,2347,1495,5,1500,35
2020-06-18,Sutter,101,95872,125,85,0,85,2
2020-06-18,Tehama,103,63373,56,31,2,33,1
2020-06-18,Trinity,105,12862,15,2,3,5,0
2020-06-18,Tulare,107,460477,4197,3005,10,3015,107
2020-06-18,Tuolumne,109,53932,12,8,0,8,0
2020-06-18,Ventura,111,848112,2774,1781,15,1796,37
2020-06-18,Yolo,113,214977,414,294,0,294,24
2020-06-18,Yuba,115,75493,42,32,0,32,1
2020-06-17,Alameda,001,1643700,5436,4485,9,4494,117
2020-06-17,Alpine,003,1148,1,1,0,1,0
2020-06-17,Amador,005,37829,12,10,0,10,0
2020-06-17,Butte,007,227075,145,81,7,88,1
2020-06-17,Calaveras,009,45235,37,20,0,20,0
2020-06-17,Colusa,011,21464,19,7,0,7,0
2020-06-17,Contra Costa,013,1133247,2503,2020,3,2023,45
2020-06-17,Del Norte,015,27424,47,45,0,45,0
2020-06-17,El Dorado,017,186661,187,116,0,116,0
2020-06-17,Fresno,019,978130,5674,2801,61,2862,56
2020-06-17,Glenn,021,27897,75,31,0,31,0
2020-06-17,Humboldt,023,135768,138,105,0,105,3
2020-06-17,Imperial,025,180216,6511,4108,4,4112,36
2020-06-17,Inyo,027,18085,25,25,0,25,1
2020-06-17,Kern,029,883053,5163,3547,13,3560,56
2020-06-17,Kings,031,150075,2208,1097,6,1103,7
2020-06-17,Lake,033,64148,44,32,0,32,0
2020-06-17,Lassen,035,31185,18,5,2,7,0
2020-06-17,Los Angeles,037,10098052,88781,77166,21,77187,2973
2020-06-17,Madera,039,155013,559,258,2,260,4
2020-06-17,Marin,041,260295,1256,771,3,774,17
2020-06-17,Mariposa,043,17540,18,18,0,18,1
2020-06-17,Mendocino,045,87422,62,42,0,42,0
2020-06-17,Merced,047,269075,862,460,1,461,7
2020-06-17,Modoc,049,8938,1,0,0,0,0
2020-06-17,Mono,051,14174,42,34,0,34,1
2020-06-17,Monterey,053,433212,1463,1077,5,1082,12
2020-06-17,Napa,055,140530,274,202,0,202,3
2020-06-17,Nevada,057,99092,94,57,1,58,1
2020-06-17,Orange,059,3164182,14172,9278,107,9385,230
2020-06-17,Placer,061,380077,609,427,3,430,9
2020-06-17,Plumas,063,18699,6,5,0,5,0
2020-06-17,Riverside,065,2383286,15920,11859,24,11883,370
2020-06-17,Sacramento,067,1510023,2394,1889,4,1893,63
2020-06-17,San Benito,069,59416,199,116,0,116,2
2020-06-17,San Bernardino,071,2135413,11556,7670,7,7677,225
2020-06-17,San Diego,073,3302833,12040,9856,2,9858,327
2020-06-17,San Francisco,075,870044,3263,2906,1,2907,46
2020-06-17,San Joaquin,077,732212,2788,1825,4,1829,46
2020-06-17,San Luis Obispo,079,281455,555,362,5,367,1
2020-06-17,San Mateo,081,765935,3000,2649,5,2654,78
2020-06-17,Santa Barbara,083,443738,2672,2147,19,2166,19
2020-06-17,Santa Clara,085,1922200,4451,3264,15,3279,148
2020-06-17,Santa Cruz,087,273765,340,265,0,265,2
2020-06-17,Shasta,089,179085,124,51,0,51,4
2020-06-17,Sierra,091,2930,1,1,0,1,0
2020-06-17,Siskiyou,093,43540,28,16,0,16,0
2020-06-17,Solano,095,438530,1151,722,4,726,21
2020-06-17,Sonoma,097,501317,986,748,1,749,4
2020-06-17,Stanislaus,099,539301,2224,1387,5,1392,35
2020-06-17,Sutter,101,95872,119,79,0,79,2
2020-06-17,Tehama,103,63373,41,24,2,26,1
2020-06-17,Trinity,105,12862,14,2,3,5,0
2020-06-17,Tulare,107,460477,4087,2882,10,2892,106
2020-06-17,Tuolumne,109,53932,12,7,0,7,0
2020-06-17,Ventura,111,848112,2674,1729,15,1744,37
2020-06-17,Yolo,113,214977,394,277,0,277,24
2020-06-17,Yuba,115,75493,41,30,0,30,1
2020-06-16,Alameda,001,1643700,5318,4428,9,4437,113
2020-06-16,Alpine,003,1148,1,1,0,1,0
2020-06-16,Amador,005,37829,12,10,0,10,0
2020-06-16,Butte,007,227075,141,79,7,86,1
2020-06-16,Calaveras,009,45235,34,19,0,19,0
2020-06-16,Colusa,011,21464,16,7,0,7,0
2020-06-16,Contra Costa,013,1133247,2412,1971,2,1973,45
2020-06-16,Del Norte,015,27424,47,45,0,45,0
2020-06-16,El Dorado,017,186661,181,115,0,115,0
2020-06-16,Fresno,019,978130,5436,2731,59,2790,50
2020-06-16,Glenn,021,27897,71,30,0,30,0
2020-06-16,Humboldt,023,135768,135,105,0,105,3
2020-06-16,Imperial,025,180216,6352,3939,4,3943,36
2020-06-16,Inyo,027,18085,25,24,0,24,1
2020-06-16,Kern,029,883053,4940,3496,13,3509,55
2020-06-16,Kings,031,150075,2162,1044,6,1050,6
2020-06-16,Lake,033,64148,44,31,0,31,0
2020-06-16,Lassen,035,31185,15,5,2,7,0
2020-06-16,Los Angeles,037,10098052,86459,75051,21,75072,2942
2020-06-16,Madera,039,155013,533,239,2,241,3
2020-06-16,Marin,041,260295,1203,725,3,728,17
2020-06-16,Mariposa,043,17540,18,17,0,17,1
2020-06-16,Mendocino,045,87422,61,35,0,35,0
2020-06-16,Merced,047,269075,814,436,1,437,7
2020-06-16,Modoc,049,8938,1,0,0,0,0
2020-06-16,Mono,051,14174,42,34,0,34,1
2020-06-16,Monterey,053,433212,1415,1019,5,1024,12
2020-06-16,Napa,055,140530,259,196,0,196,3
2020-06-16,Nevada,057,99092,91,53,1,54,1
2020-06-16,Orange,059,3164182,13588,9163,103,9266,223
2020-06-16,Placer,061,380077,577,392,3,395,9
2020-06-16,Plumas,063,18699,6,5,0,5,0
2020-06-16,Riverside,065,2383286,15245,11638,24,11662,364
2020-06-16,Sacramento,067,1510023,2285,1825,4,1829,60
2020-06-16,San Benito,069,59416,191,110,0,110,2
2020-06-16,San Bernardino,071,2135413,11012,7463,7,7470,225
2020-06-16,San Diego,073,3302833,11678,9732,1,9733,323
2020-06-16,San Francisco,075,870044,3212,2893,1,2894,46
2020-06-16,San Joaquin,077,732212,2635,1718,4,1722,47
2020-06-16,San Luis Obispo,079,281455,531,343,5,348,1
2020-06-16,San Mateo,081,765935,2946,2618,5,2623,77
2020-06-16,Santa Barbara,083,443738,2605,2090,19,2109,16
2020-06-16,Santa Clara,085,1922200,4340,3228,14,3242,148
2020-06-16,Santa Cruz,087,273765,324,257,0,257,2
2020-06-16,Shasta,089,179085,115,51,0,51,4
2020-06-16,Sierra,091,2930,1,1,0,1,0
2020-06-16,Siskiyou,093,43540,27,15,0,15,0
2020-06-16,Solano,095,438530,1061,694,4,698,19
2020-06-16,Sonoma,097,501317,954,739,1,740,4
2020-06-16,Stanislaus,099,539301,2071,1278,5,1283,36
2020-06-16,Sutter,101,95872,112,73,0,73,2
2020-06-16,Tehama,103,63373,37,24,2,26,1
2020-06-16,Trinity,105,12862,14,2,3,5,0
2020-06-16,Tulare,107,460477,3968,2802,10,2812,96
2020-06-16,Tuolumne,109,53932,12,7,0,7,0
2020-06-16,Ventura,111,848112,2573,1676,15,1691,37
2020-06-16,Yolo,113,214977,371,262,0,262,24
2020-06-16,Yuba,115,75493,39,29,0,29,1
2020-06-15,Alameda,001,1643700,5192,4323,9,4332,112
2020-06-15,Alpine,003,1148,1,1,0,1,0
2020-06-15,Amador,005,37829,12,10,0,10,0
2020-06-15,Butte,007,227075,133,78,7,85,1
2020-06-15,Calaveras,009,45235,34,18,0,18,0
2020-06-15,Colusa,011,21464,14,7,0,7,0
2020-06-15,Contra Costa,013,1133247,2335,1918,2,1920,43
2020-06-15,Del Norte,015,27424,47,45,0,45,0
2020-06-15,El Dorado,017,186661,171,114,0,114,0
2020-06-15,Fresno,019,978130,5224,2616,58,2674,48
2020-06-15,Glenn,021,27897,66,21,0,21,0
2020-06-15,Humboldt,023,135768,133,105,0,105,3
2020-06-15,Imperial,025,180216,6177,3726,4,3730,36
2020-06-15,Inyo,027,18085,25,23,0,23,1
2020-06-15,Kern,029,883053,4716,3417,13,3430,55
2020-06-15,Kings,031,150075,2085,1022,6,1028,6
2020-06-15,Lake,033,64148,44,31,0,31,0
2020-06-15,Lassen,035,31185,15,5,2,7,0
2020-06-15,Los Angeles,037,10098052,84272,73705,21,73726,2908
2020-06-15,Madera,039,155013,511,203,2,205,3
2020-06-15,Marin,041,260295,1036,708,3,711,17
2020-06-15,Mariposa,043,17540,18,17,0,17,1
2020-06-15,Mendocino,045,87422,52,33,0,33,0
2020-06-15,Merced,047,269075,768,414,1,415,7
2020-06-15,Modoc,049,8938,1,0,0,0,0
2020-06-15,Mono,051,14174,42,34,0,34,1
2020-06-15,Monterey,053,433212,1349,998,5,1003,12
2020-06-15,Napa,055,140530,251,187,0,187,3
2020-06-15,Nevada,057,99092,85,52,1,53,1
2020-06-15,Orange,059,3164182,13020,8944,95,9039,212
2020-06-15,Placer,061,380077,555,386,3,389,9
2020-06-15,Plumas,063,18699,6,4,0,4,0
2020-06-15,Riverside,065,2383286,14627,11376,23,11399,364
2020-06-15,Sacramento,067,1510023,2169,1791,4,1795,60
2020-06-15,San Benito,069,59416,185,108,0,108,2
2020-06-15,San Bernardino,071,2135413,10509,7189,7,7196,224
2020-06-15,San Diego,073,3302833,11338,9612,1,9613,320
2020-06-15,San Francisco,075,870044,3168,2833,1,2834,45
2020-06-15,San Joaquin,077,732212,2499,1667,4,1671,43
2020-06-15,San Luis Obispo,079,281455,516,332,5,337,1
2020-06-15,San Mateo,081,765935,2899,2591,5,2596,75
2020-06-15,Santa Barbara,083,443738,2537,2054,19,2073,16
2020-06-15,Santa Clara,085,1922200,4240,3204,14,3218,148
2020-06-15,Santa Cruz,087,273765,313,254,0,254,2
2020-06-15,Shasta,089,179085,109,50,0,50,4
2020-06-15,Sierra,091,2930,1,1,0,1,0
2020-06-15,Siskiyou,093,43540,26,14,0,14,0
2020-06-15,Solano,095,438530,1001,638,4,642,19
2020-06-15,Sonoma,097,501317,925,726,1,727,4
2020-06-15,Stanislaus,099,539301,1954,1253,5,1258,35
2020-06-15,Sutter,101,95872,102,71,0,71,2
2020-06-15,Tehama,103,63373,37,17,2,19,1
2020-06-15,Trinity,105,12862,13,2,3,5,0
2020-06-15,Tulare,107,460477,3854,2662,10,2672,96
2020-06-15,Tuolumne,109,53932,11,7,0,7,0
2020-06-15,Ventura,111,848112,2492,1656,15,1671,37
2020-06-15,Yolo,113,214977,351,255,0,255,24
2020-06-15,Yuba,115,75493,39,28,0,28,1
2020-06-14,Alameda,001,1643700,5047,4271,9,4280,112
2020-06-14,Alpine,003,1148,1,1,0,1,0
2020-06-14,Amador,005,37829,12,10,0,10,0
2020-06-14,Butte,007,227075,125,78,7,85,1
2020-06-14,Calaveras,009,45235,33,18,0,18,0
2020-06-14,Colusa,011,21464,13,7,0,7,0
2020-06-14,Contra Costa,013,1133247,2266,1893,2,1895,43
2020-06-14,Del Norte,015,27424,47,45,0,45,0
2020-06-14,El Dorado,017,186661,167,110,0,110,0
2020-06-14,Fresno,019,978130,5039,2585,57,2642,48
2020-06-14,Glenn,021,27897,51,21,0,21,0
2020-06-14,Humboldt,023,135768,129,105,0,105,3
2020-06-14,Imperial,025,180216,5946,3730,4,3734,36
2020-06-14,Inyo,027,18085,24,23,0,23,1
2020-06-14,Kern,029,883053,4505,3328,13,3341,55
2020-06-14,Kings,031,150075,2034,1022,5,1027,6
2020-06-14,Lake,033,64148,41,31,0,31,0
2020-06-14,Lassen,035,31185,15,5,2,7,0
2020-06-14,Los Angeles,037,10098052,81945,72932,20,72952,2887
2020-06-14,Madera,039,155013,492,203,2,205,3
2020-06-14,Marin,041,260295,871,689,2,691,17
2020-06-14,Mariposa,043,17540,18,16,0,16,1
2020-06-14,Mendocino,045,87422,49,33,0,33,0
2020-06-14,Merced,047,269075,717,403,1,404,7
2020-06-14,Modoc,049,8938,1,0,0,0,0
2020-06-14,Mono,051,14174,42,34,0,34,1
2020-06-14,Monterey,053,433212,1288,949,5,954,12
2020-06-14,Napa,055,140530,229,181,0,181,3
2020-06-14,Nevada,057,99092,81,52,1,53,1
2020-06-14,Orange,059,3164182,12593,8744,90,8834,211
2020-06-14,Placer,061,380077,529,369,3,372,9
2020-06-14,Plumas,063,18699,5,4,0,4,0
2020-06-14,Riverside,065,2383286,14185,11218,23,11241,364
2020-06-14,Sacramento,067,1510023,2082,1750,4,1754,60
2020-06-14,San Benito,069,59416,174,104,0,104,2
2020-06-14,San Bernardino,071,2135413,9969,7015,7,7022,224
2020-06-14,San Diego,073,3302833,10963,9442,1,9443,319
2020-06-14,San Francisco,075,870044,3128,2834,1,2835,45
2020-06-14,San Joaquin,077,732212,2348,1603,4,1607,43
2020-06-14,San Luis Obispo,079,281455,501,330,5,335,1
2020-06-14,San Mateo,081,765935,2841,2571,5,2576,75
2020-06-14,Santa Barbara,083,443738,2460,2049,19,2068,17
2020-06-14,Santa Clara,085,1922200,4145,3178,14,3192,148
2020-06-14,Santa Cruz,087,273765,299,254,0,254,2
2020-06-14,Shasta,089,179085,103,48,0,48,4
2020-06-14,Sierra,091,2930,1,1,0,1,0
2020-06-14,Siskiyou,093,43540,25,13,0,13,0
2020-06-14,Solano,095,438530,952,638,4,642,19
2020-06-14,Sonoma,097,501317,897,724,1,725,4
2020-06-14,Stanislaus,099,539301,1806,1159,5,1164,35
2020-06-14,Sutter,101,95872,97,63,0,63,2
2020-06-14,Tehama,103,63373,34,17,2,19,1
2020-06-14,Trinity,105,12862,13,2,3,5,0
2020-06-14,Tulare,107,460477,3720,2646,10,2656,96
2020-06-14,Tuolumne,109,53932,11,7,0,7,0
2020-06-14,Ventura,111,848112,2393,1610,14,1624,37
2020-06-14,Yolo,113,214977,335,254,0,254,24
2020-06-14,Yuba,115,75493,38,28,0,28,1
2020-06-13,Alameda,001,1643700,4984,4196,9,4205,112
2020-06-13,Alpine,003,1148,1,1,0,1,0
2020-06-13,Amador,005,37829,11,10,0,10,0
2020-06-13,Butte,007,227075,116,72,7,79,1
2020-06-13,Calaveras,009,45235,31,18,0,18,0
2020-06-13,Colusa,011,21464,12,7,0,7,0
2020-06-13,Contra Costa,013,1133247,2230,1868,2,1870,43
2020-06-13,Del Norte,015,27424,47,45,0,45,0
2020-06-13,El Dorado,017,186661,163,110,0,110,0
2020-06-13,Fresno,019,978130,4941,2499,57,2556,48
2020-06-13,Glenn,021,27897,49,21,0,21,0
2020-06-13,Humboldt,023,135768,128,104,0,104,3
2020-06-13,Imperial,025,180216,5873,3646,4,3650,36
2020-06-13,Inyo,027,18085,24,23,0,23,1
2020-06-13,Kern,029,883053,4396,3239,13,3252,55
2020-06-13,Kings,031,150075,2014,1023,5,1028,6
2020-06-13,Lake,033,64148,40,29,0,29,0
2020-06-13,Lassen,035,31185,15,5,2,7,0
2020-06-13,Los Angeles,037,10098052,80907,71938,20,71958,2874
2020-06-13,Madera,039,155013,488,203,2,205,3
2020-06-13,Marin,041,260295,840,677,2,679,17
2020-06-13,Mariposa,043,17540,18,16,0,16,1
2020-06-13,Mendocino,045,87422,49,33,0,33,0
2020-06-13,Merced,047,269075,699,376,1,377,7
2020-06-13,Modoc,049,8938,1,0,0,0,0
2020-06-13,Mono,051,14174,42,35,0,35,1
2020-06-13,Monterey,053,433212,1250,900,5,905,11
2020-06-13,Napa,055,140530,226,171,0,171,3
2020-06-13,Nevada,057,99092,79,52,1,53,1
2020-06-13,Orange,059,3164182,12349,8581,87,8668,211
2020-06-13,Placer,061,380077,512,346,3,349,9
2020-06-13,Plumas,063,18699,5,4,0,4,0
2020-06-13,Riverside,065,2383286,13906,10931,23,10954,364
2020-06-13,Sacramento,067,1510023,2027,1713,4,1717,60
2020-06-13,San Benito,069,59416,167,99,0,99,2
2020-06-13,San Bernardino,071,2135413,9745,6885,7,6892,224
2020-06-13,San Diego,073,3302833,10791,9316,1,9317,319
2020-06-13,San Francisco,075,870044,3108,2834,1,2835,44
2020-06-13,San Joaquin,077,732212,2267,1461,4,1465,43
2020-06-13,San Luis Obispo,079,281455,490,326,5,331,1
2020-06-13,San Mateo,081,765935,2818,2551,5,2556,75
2020-06-13,Santa Barbara,083,443738,2402,1999,19,2018,15
2020-06-13,Santa Clara,085,1922200,4102,3141,14,3155,148
2020-06-13,Santa Cruz,087,273765,293,254,0,254,2
2020-06-13,Shasta,089,179085,101,48,0,48,4
2020-06-13,Sierra,091,2930,1,1,0,1,0
2020-06-13,Siskiyou,093,43540,25,13,0,13,0
2020-06-13,Solano,095,438530,924,637,4,641,19
2020-06-13,Sonoma,097,501317,882,711,1,712,4
2020-06-13,Stanislaus,099,539301,1749,1122,5,1127,33
2020-06-13,Sutter,101,95872,96,62,0,62,2
2020-06-13,Tehama,103,63373,33,17,2,19,1
2020-06-13,Trinity,105,12862,13,2,3,5,0
2020-06-13,Tulare,107,460477,3688,2626,10,2636,96
2020-06-13,Tuolumne,109,53932,10,7,0,7,0
2020-06-13,Ventura,111,848112,2347,1567,14,1581,37
2020-06-13,Yolo,113,214977,315,251,0,251,24
2020-06-13,Yuba,115,75493,38,28,0,28,1
2020-06-12,Alameda,001,1643700,4911,4167,9,4176,109
2020-06-12,Alpine,003,1148,1,1,0,1,0
2020-06-12,Amador,005,37829,11,10,0,10,0
2020-06-12,Butte,007,227075,112,71,7,78,1
2020-06-12,Calaveras,009,45235,28,18,0,18,0
2020-06-12,Colusa,011,21464,12,7,0,7,0
2020-06-12,Contra Costa,013,1133247,2193,1827,2,1829,43
2020-06-12,Del Norte,015,27424,47,45,0,45,0
2020-06-12,El Dorado,017,186661,163,110,0,110,0
2020-06-12,Fresno,019,978130,4803,2428,57,2485,47
2020-06-12,Glenn,021,27897,46,21,0,21,0
2020-06-12,Humboldt,023,135768,126,105,0,105,3
2020-06-12,Imperial,025,180216,5789,3543,4,3547,36
2020-06-12,Inyo,027,18085,24,23,0,23,1
2020-06-12,Kern,029,883053,4279,3152,13,3165,54
2020-06-12,Kings,031,150075,2001,987,5,992,6
2020-06-12,Lake,033,64148,39,29,0,29,0
2020-06-12,Lassen,035,31185,15,5,2,7,0
2020-06-12,Los Angeles,037,10098052,79501,70385,20,70405,2814
2020-06-12,Madera,039,155013,463,187,2,189,3
2020-06-12,Marin,041,260295,837,649,2,651,17
2020-06-12,Mariposa,043,17540,18,16,0,16,1
2020-06-12,Mendocino,045,87422,49,33,0,33,0
2020-06-12,Merced,047,269075,665,372,1,373,7
2020-06-12,Modoc,049,8938,1,0,0,0,0
2020-06-12,Mono,051,14174,39,35,0,35,1
2020-06-12,Monterey,053,433212,1209,864,4,868,11
2020-06-12,Napa,055,140530,223,162,0,162,3
2020-06-12,Nevada,057,99092,73,52,1,53,1
2020-06-12,Orange,059,3164182,12043,8440,86,8526,203
2020-06-12,Placer,061,380077,495,333,3,336,9
2020-06-12,Plumas,063,18699,5,4,0,4,0
2020-06-12,Riverside,065,2383286,13569,10616,23,10639,364
2020-06-12,Sacramento,067,1510023,1972,1702,4,1706,60
2020-06-12,San Benito,069,59416,160,96,0,96,2
2020-06-12,San Bernardino,071,2135413,9477,6707,7,6714,223
2020-06-12,San Diego,073,3302833,10621,9132,1,9133,313
2020-06-12,San Francisco,075,870044,3074,2823,1,2824,44
2020-06-12,San Joaquin,077,732212,2187,1406,4,1410,43
2020-06-12,San Luis Obispo,079,281455,474,321,5,326,1
2020-06-12,San Mateo,081,765935,2783,2533,5,2538,75
2020-06-12,Santa Barbara,083,443738,2348,1969,19,1988,14
2020-06-12,Santa Clara,085,1922200,4058,3099,14,3113,149
2020-06-12,Santa Cruz,087,273765,285,251,0,251,2
2020-06-12,Shasta,089,179085,94,48,0,48,5
2020-06-12,Sierra,091,2930,1,1,0,1,0
2020-06-12,Siskiyou,093,43540,25,13,0,13,0
2020-06-12,Solano,095,438530,910,620,4,624,19
2020-06-12,Sonoma,097,501317,863,696,1,697,4
2020-06-12,Stanislaus,099,539301,1690,1092,5,1097,33
2020-06-12,Sutter,101,95872,95,56,0,56,2
2020-06-12,Tehama,103,63373,32,13,2,15,1
2020-06-12,Trinity,105,12862,13,2,3,5,0
2020-06-12,Tulare,107,460477,3634,2552,10,2562,95
2020-06-12,Tuolumne,109,53932,10,7,0,7,0
2020-06-12,Ventura,111,848112,2295,1534,14,1548,35
2020-06-12,Yolo,113,214977,303,243,0,243,24
2020-06-12,Yuba,115,75493,36,27,0,27,1
2020-06-11,Alameda,001,1643700,4781,4073,8,4081,108
2020-06-11,Alpine,003,1148,1,1,0,1,0
2020-06-11,Amador,005,37829,10,10,0,10,0
2020-06-11,Butte,007,227075,106,72,7,79,1
2020-06-11,Calaveras,009,45235,27,16,0,16,0
2020-06-11,Colusa,011,21464,12,7,0,7,0
2020-06-11,Contra Costa,013,1133247,2140,1797,2,1799,43
2020-06-11,Del Norte,015,27424,47,45,0,45,0
2020-06-11,El Dorado,017,186661,155,109,0,109,0
2020-06-11,Fresno,019,978130,4649,2338,57,2395,45
2020-06-11,Glenn,021,27897,42,21,0,21,0
2020-06-11,Humboldt,023,135768,122,113,0,113,3
2020-06-11,Imperial,025,180216,5633,3463,4,3467,36
2020-06-11,Inyo,027,18085,22,23,0,23,1
2020-06-11,Kern,029,883053,4127,3047,11,3058,54
2020-06-11,Kings,031,150075,1968,963,5,968,6
2020-06-11,Lake,033,64148,39,28,0,28,0
2020-06-11,Lassen,035,31185,15,5,2,7,0
2020-06-11,Los Angeles,037,10098052,77836,68807,19,68826,2800
2020-06-11,Madera,039,155013,445,178,2,180,3
2020-06-11,Marin,041,260295,789,637,2,639,17
2020-06-11,Mariposa,043,17540,18,16,0,16,1
2020-06-11,Mendocino,045,87422,40,35,0,35,0
2020-06-11,Merced,047,269075,625,370,1,371,7
2020-06-11,Modoc,049,8938,1,0,0,0,0
2020-06-11,Mono,051,14174,39,35,0,35,1
2020-06-11,Monterey,053,433212,1162,813,4,817,11
2020-06-11,Napa,055,140530,214,162,0,162,3
2020-06-11,Nevada,057,99092,67,50,1,51,1
2020-06-11,Orange,059,3164182,11735,8304,85,8389,188
2020-06-11,Placer,061,380077,476,321,3,324,9
2020-06-11,Plumas,063,18699,5,4,0,4,0
2020-06-11,Riverside,065,2383286,13216,10014,23,10037,361
2020-06-11,Sacramento,067,1510023,1924,1669,4,1673,60
2020-06-11,San Benito,069,59416,154,94,0,94,2
2020-06-11,San Bernardino,071,2135413,9180,6509,7,6516,221
2020-06-11,San Diego,073,3302833,10391,9000,0,9000,308
2020-06-11,San Francisco,075,870044,3045,2766,1,2767,44
2020-06-11,San Joaquin,077,732212,2075,1351,4,1355,43
2020-06-11,San Luis Obispo,079,281455,460,307,5,312,1
2020-06-11,San Mateo,081,765935,2745,2499,5,2504,74
2020-06-11,Santa Barbara,083,443738,2287,1895,19,1914,14
2020-06-11,Santa Clara,085,1922200,3991,3049,14,3063,149
2020-06-11,Santa Cruz,087,273765,281,247,0,247,2
2020-06-11,Shasta,089,179085,87,47,0,47,5
2020-06-11,Sierra,091,2930,1,1,0,1,0
2020-06-11,Siskiyou,093,43540,25,14,0,14,0
2020-06-11,Solano,095,438530,884,616,4,620,19
2020-06-11,Sonoma,097,501317,840,682,1,683,4
2020-06-11,Stanislaus,099,539301,1599,1062,5,1067,30
2020-06-11,Sutter,101,95872,92,56,0,56,2
2020-06-11,Tehama,103,63373,27,10,2,12,1
2020-06-11,Trinity,105,12862,11,2,3,5,0
2020-06-11,Tulare,107,460477,3535,2473,10,2483,95
2020-06-11,Tuolumne,109,53932,10,7,0,7,0
2020-06-11,Ventura,111,848112,2218,1491,13,1504,34
2020-06-11,Yolo,113,214977,295,230,0,230,24
2020-06-11,Yuba,115,75493,36,27,0,27,1
2020-06-10,Alameda,001,1643700,4681,4027,7,4034,107
2020-06-10,Alpine,003,1148,1,1,0,1,0
2020-06-10,Amador,005,37829,10,10,0,10,0
2020-06-10,Butte,007,227075,102,71,7,78,1
2020-06-10,Calaveras,009,45235,27,16,0,16,0
2020-06-10,Colusa,011,21464,11,7,0,7,0
2020-06-10,Contra Costa,013,1133247,2096,1778,2,1780,43
2020-06-10,Del Norte,015,27424,47,45,0,45,0
2020-06-10,El Dorado,017,186661,152,109,0,109,0
2020-06-10,Fresno,019,978130,4472,2324,57,2381,45
2020-06-10,Glenn,021,27897,39,21,0,21,0
2020-06-10,Humboldt,023,135768,118,112,0,112,3
2020-06-10,Imperial,025,180216,5485,3454,4,3458,36
2020-06-10,Inyo,027,18085,22,23,0,23,1
2020-06-10,Kern,029,883053,4002,3000,10,3010,54
2020-06-10,Kings,031,150075,1922,952,4,956,6
2020-06-10,Lake,033,64148,39,28,0,28,0
2020-06-10,Lassen,035,31185,15,5,2,7,0
2020-06-10,Los Angeles,037,10098052,76315,67018,19,67037,2752
2020-06-10,Madera,039,155013,431,176,1,177,3
2020-06-10,Marin,041,260295,757,633,2,635,17
2020-06-10,Mariposa,043,17540,17,16,0,16,1
2020-06-10,Mendocino,045,87422,39,35,0,35,0
2020-06-10,Merced,047,269075,592,370,1,371,7
2020-06-10,Modoc,049,8938,1,0,0,0,0
2020-06-10,Mono,051,14174,39,35,0,35,1
2020-06-10,Monterey,053,433212,1108,791,4,795,11
2020-06-10,Napa,055,140530,211,159,0,159,3
2020-06-10,Nevada,057,99092,65,50,1,51,1
2020-06-10,Orange,059,3164182,11459,8222,82,8304,184
2020-06-10,Placer,061,380077,451,309,3,312,9
2020-06-10,Plumas,063,18699,5,4,0,4,0
2020-06-10,Riverside,065,2383286,12893,9857,23,9880,361
2020-06-10,Sacramento,067,1510023,1885,1643,2,1645,59
2020-06-10,San Benito,069,59416,145,94,0,94,2
2020-06-10,San Bernardino,071,2135413,8887,6438,7,6445,219
2020-06-10,San Diego,073,3302833,10227,8839,0,8839,305
2020-06-10,San Francisco,075,870044,3020,2774,1,2775,44
2020-06-10,San Joaquin,077,732212,1946,1282,4,1286,41
2020-06-10,San Luis Obispo,079,281455,440,306,5,311,1
2020-06-10,San Mateo,081,765935,2705,2492,5,2497,74
2020-06-10,Santa Barbara,083,443738,2231,1878,19,1897,13
2020-06-10,Santa Clara,085,1922200,3940,3032,14,3046,149
2020-06-10,Santa Cruz,087,273765,277,242,0,242,2
2020-06-10,Shasta,089,179085,82,45,0,45,5
2020-06-10,Sierra,091,2930,1,1,0,1,0
2020-06-10,Siskiyou,093,43540,25,14,0,14,0
2020-06-10,Solano,095,438530,848,608,4,612,19
2020-06-10,Sonoma,097,501317,822,673,1,674,4
2020-06-10,Stanislaus,099,539301,1509,1030,5,1035,29
2020-06-10,Sutter,101,95872,91,56,0,56,2
2020-06-10,Tehama,103,63373,25,10,2,12,1
2020-06-10,Trinity,105,12862,11,2,3,5,0
2020-06-10,Tulare,107,460477,3442,2455,10,2465,95
2020-06-10,Tuolumne,109,53932,10,7,0,7,0
2020-06-10,Ventura,111,848112,2172,1446,12,1458,34
2020-06-10,Yolo,113,214977,287,226,0,226,24
2020-06-10,Yuba,115,75493,35,27,0,27,1
2020-06-09,Alameda,001,1643700,4571,3963,7,3970,103
2020-06-09,Alpine,003,1148,1,1,0,1,0
2020-06-09,Amador,005,37829,10,10,0,10,0
2020-06-09,Butte,007,227075,101,70,6,76,1
2020-06-09,Calaveras,009,45235,27,16,0,16,0
2020-06-09,Colusa,011,21464,10,7,0,7,0
2020-06-09,Contra Costa,013,1133247,2055,1744,2,1746,42
2020-06-09,Del Norte,015,27424,47,45,0,45,0
2020-06-09,El Dorado,017,186661,142,108,0,108,0
2020-06-09,Fresno,019,978130,4320,2278,57,2335,43
2020-06-09,Glenn,021,27897,38,19,0,19,0
2020-06-09,Humboldt,023,135768,116,113,0,113,2
2020-06-09,Imperial,025,180216,5333,3067,4,3071,36
2020-06-09,Inyo,027,18085,22,22,0,22,1
2020-06-09,Kern,029,883053,3874,2920,10,2930,51
2020-06-09,Kings,031,150075,1890,934,4,938,6
2020-06-09,Lake,033,64148,39,28,0,28,0
2020-06-09,Lassen,035,31185,15,5,2,7,0
2020-06-09,Los Angeles,037,10098052,74657,65827,19,65846,2692
2020-06-09,Madera,039,155013,416,172,1,173,3
2020-06-09,Marin,041,260295,721,616,2,618,17
2020-06-09,Mariposa,043,17540,17,16,0,16,1
2020-06-09,Mendocino,045,87422,35,35,0,35,0
2020-06-09,Merced,047,269075,563,349,1,350,7
2020-06-09,Modoc,049,8938,1,0,0,0,0
2020-06-09,Mono,051,14174,39,35,0,35,1
2020-06-09,Monterey,053,433212,1067,772,4,776,11
2020-06-09,Napa,055,140530,201,156,0,156,3
2020-06-09,Nevada,057,99092,57,50,1,51,1
2020-06-09,Orange,059,3164182,11218,7991,80,8071,174
2020-06-09,Placer,061,380077,438,301,3,304,9
2020-06-09,Plumas,063,18699,5,4,0,4,0
2020-06-09,Riverside,065,2383286,12515,9511,23,9534,354
2020-06-09,Sacramento,067,1510023,1831,1625,2,1627,59
2020-06-09,San Benito,069,59416,139,95,0,95,2
2020-06-09,San Bernardino,071,2135413,8562,6268,6,6274,217
2020-06-09,San Diego,073,3302833,10042,8731,0,8731,301
2020-06-09,San Francisco,075,870044,2995,2749,1,2750,44
2020-06-09,San Joaquin,077,732212,1840,1240,4,1244,41
2020-06-09,San Luis Obispo,079,281455,427,301,4,305,1
2020-06-09,San Mateo,081,765935,2674,2463,5,2468,74
2020-06-09,Santa Barbara,083,443738,2175,1854,19,1873,13
2020-06-09,Santa Clara,085,1922200,3872,3006,13,3019,147
2020-06-09,Santa Cruz,087,273765,271,237,0,237,2
2020-06-09,Shasta,089,179085,78,44,0,44,4
2020-06-09,Sierra,091,2930,1,1,0,1,0
2020-06-09,Siskiyou,093,43540,20,10,0,10,0
2020-06-09,Solano,095,438530,813,596,4,600,18
2020-06-09,Sonoma,097,501317,799,661,1,662,4
2020-06-09,Stanislaus,099,539301,1408,993,5,998,25
2020-06-09,Sutter,101,95872,88,56,0,56,2
2020-06-09,Tehama,103,63373,25,9,2,11,1
2020-06-09,Trinity,105,12862,10,2,3,5,0
2020-06-09,Tulare,107,460477,3376,2393,10,2403,91
2020-06-09,Tuolumne,109,53932,10,8,0,8,0
2020-06-09,Ventura,111,848112,2106,1407,12,1419,34
2020-06-09,Yolo,113,214977,276,226,0,226,24
2020-06-09,Yuba,115,75493,34,27,0,27,1
2020-06-08,Alameda,001,1643700,4491,3937,7,3944,103
2020-06-08,Alpine,003,1148,1,1,0,1,0
2020-06-08,Amador,005,37829,10,10,0,10,0
2020-06-08,Butte,007,227075,97,68,6,74,1
2020-06-08,Calaveras,009,45235,27,16,0,16,0
2020-06-08,Colusa,011,21464,9,7,0,7,0
2020-06-08,Contra Costa,013,1133247,2012,1714,2,1716,41
2020-06-08,Del Norte,015,27424,47,45,0,45,0
2020-06-08,El Dorado,017,186661,138,107,0,107,0
2020-06-08,Fresno,019,978130,4196,2194,56,2250,42
2020-06-08,Glenn,021,27897,36,17,0,17,0
2020-06-08,Humboldt,023,135768,116,112,0,112,2
2020-06-08,Imperial,025,180216,5181,3051,4,3055,21
2020-06-08,Inyo,027,18085,22,22,0,22,1
2020-06-08,Kern,029,883053,3743,2853,9,2862,49
2020-06-08,Kings,031,150075,1814,892,4,896,6
2020-06-08,Lake,033,64148,39,28,0,28,0
2020-06-08,Lassen,035,31185,15,4,2,6,0
2020-06-08,Los Angeles,037,10098052,73195,64634,19,64653,2640
2020-06-08,Madera,039,155013,386,154,1,155,3
2020-06-08,Marin,041,260295,680,596,2,598,17
2020-06-08,Mariposa,043,17540,16,16,0,16,1
2020-06-08,Mendocino,045,87422,33,32,0,32,0
2020-06-08,Merced,047,269075,529,331,1,332,7
2020-06-08,Modoc,049,8938,1,0,0,0,0
2020-06-08,Mono,051,14174,39,35,0,35,1
2020-06-08,Monterey,053,433212,1016,751,3,754,10
2020-06-08,Napa,055,140530,185,151,0,151,3
2020-06-08,Nevada,057,99092,56,50,1,51,1
2020-06-08,Orange,059,3164182,10967,7786,78,7864,160
2020-06-08,Placer,061,380077,421,290,3,293,9
2020-06-08,Plumas,063,18699,5,4,0,4,0
2020-06-08,Riverside,065,2383286,12146,9246,23,9269,347
2020-06-08,Sacramento,067,1510023,1781,1591,2,1593,59
2020-06-08,San Benito,069,59416,132,93,0,93,2
2020-06-08,San Bernardino,071,2135413,8241,6122,6,6128,214
2020-06-08,San Diego,073,3302833,9885,8621,0,8621,296
2020-06-08,San Francisco,075,870044,2968,2715,1,2716,43
2020-06-08,San Joaquin,077,732212,1733,1198,4,1202,40
2020-06-08,San Luis Obispo,079,281455,421,300,4,304,1
2020-06-08,San Mateo,081,765935,2643,2431,4,2435,74
2020-06-08,Santa Barbara,083,443738,2120,1824,17,1841,13
2020-06-08,Santa Clara,085,1922200,3826,2971,13,2984,146
2020-06-08,Santa Cruz,087,273765,270,234,0,234,2
2020-06-08,Shasta,089,179085,74,43,0,43,4
2020-06-08,Sierra,091,2930,1,1,0,1,0
2020-06-08,Siskiyou,093,43540,20,8,0,8,0
2020-06-08,Solano,095,438530,786,560,4,564,19
2020-06-08,Sonoma,097,501317,783,654,1,655,4
2020-06-08,Stanislaus,099,539301,1326,956,5,961,28
2020-06-08,Sutter,101,95872,81,55,0,55,2
2020-06-08,Tehama,103,63373,19,8,2,10,1
2020-06-08,Trinity,105,12862,10,2,3,5,0
2020-06-08,Tulare,107,460477,3293,2301,10,2311,91
2020-06-08,Tuolumne,109,53932,9,8,0,8,0
2020-06-08,Ventura,111,848112,2048,1382,12,1394,30
2020-06-08,Yolo,113,214977,265,228,0,228,24
2020-06-08,Yuba,115,75493,32,27,0,27,1
2020-06-07,Alameda,001,1643700,4378,3866,7,3873,102
2020-06-07,Alpine,003,1148,1,1,0,1,0
2020-06-07,Amador,005,37829,10,10,0,10,0
2020-06-07,Butte,007,227075,95,64,5,69,1
2020-06-07,Calaveras,009,45235,25,16,0,16,0
2020-06-07,Colusa,011,21464,9,7,0,7,0
2020-06-07,Contra Costa,013,1133247,1961,1653,1,1654,38
2020-06-07,Del Norte,015,27424,45,45,0,45,0
2020-06-07,El Dorado,017,186661,138,104,0,104,0
2020-06-07,Fresno,019,978130,4066,2144,56,2200,41
2020-06-07,Glenn,021,27897,29,16,0,16,0
2020-06-07,Humboldt,023,135768,116,112,0,112,2
2020-06-07,Imperial,025,180216,5030,3048,4,3052,19
2020-06-07,Inyo,027,18085,22,21,0,21,1
2020-06-07,Kern,029,883053,3612,2771,9,2780,46
2020-06-07,Kings,031,150075,1765,882,4,886,6
2020-06-07,Lake,033,64148,36,28,0,28,0
2020-06-07,Lassen,035,31185,14,4,2,6,0
2020-06-07,Los Angeles,037,10098052,71492,63750,19,63769,2629
2020-06-07,Madera,039,155013,369,149,1,150,3
2020-06-07,Marin,041,260295,666,584,2,586,17
2020-06-07,Mariposa,043,17540,16,16,0,16,1
2020-06-07,Mendocino,045,87422,33,32,0,32,0
2020-06-07,Merced,047,269075,496,318,1,319,7
2020-06-07,Modoc,049,8938,1,0,0,0,0
2020-06-07,Mono,051,14174,39,35,0,35,1
2020-06-07,Monterey,053,433212,969,732,3,735,10
2020-06-07,Napa,055,140530,177,142,0,142,3
2020-06-07,Nevada,057,99092,55,50,1,51,1
2020-06-07,Orange,059,3164182,10710,7643,76,7719,158
2020-06-07,Placer,061,380077,400,273,2,275,9
2020-06-07,Plumas,063,18699,5,4,0,4,0
2020-06-07,Riverside,065,2383286,11850,9105,23,9128,344
2020-06-07,Sacramento,067,1510023,1733,1568,2,1570,59
2020-06-07,San Benito,069,59416,129,92,0,92,2
2020-06-07,San Bernardino,071,2135413,7955,6033,6,6039,214
2020-06-07,San Diego,073,3302833,9706,8478,0,8478,296
2020-06-07,San Francisco,075,870044,2924,2674,0,2674,43
2020-06-07,San Joaquin,077,732212,1632,1126,4,1130,37
2020-06-07,San Luis Obispo,079,281455,411,296,4,300,1
2020-06-07,San Mateo,081,765935,2616,2399,4,2403,73
2020-06-07,Santa Barbara,083,443738,2065,1818,17,1835,13
2020-06-07,Santa Clara,085,1922200,3774,2947,13,2960,146
2020-06-07,Santa Cruz,087,273765,262,230,0,230,2
2020-06-07,Shasta,089,179085,73,41,0,41,4
2020-06-07,Sierra,091,2930,1,1,0,1,0
2020-06-07,Siskiyou,093,43540,20,8,0,8,0
2020-06-07,Solano,095,438530,763,560,4,564,19
2020-06-07,Sonoma,097,501317,752,639,1,640,4
2020-06-07,Stanislaus,099,539301,1246,905,5,910,28
2020-06-07,Sutter,101,95872,73,55,0,55,2
2020-06-07,Tehama,103,63373,16,8,2,10,1
2020-06-07,Trinity,105,12862,8,2,3,5,0
2020-06-07,Tulare,107,460477,3171,2219,10,2229,90
2020-06-07,Tuolumne,109,53932,9,4,0,4,0
2020-06-07,Ventura,111,848112,1982,1337,12,1349,30
2020-06-07,Yolo,113,214977,255,224,0,224,24
2020-06-07,Yuba,115,75493,32,27,0,27,1
2020-06-06,Alameda,001,1643700,4333,3801,7,3808,102
2020-06-06,Alpine,003,1148,1,1,0,1,0
2020-06-06,Amador,005,37829,10,10,0,10,0
2020-06-06,Butte,007,227075,94,63,5,68,1
2020-06-06,Calaveras,009,45235,23,16,0,16,0
2020-06-06,Colusa,011,21464,9,7,0,7,0
2020-06-06,Contra Costa,013,1133247,1940,1619,1,1620,37
2020-06-06,Del Norte,015,27424,45,45,0,45,0
2020-06-06,El Dorado,017,186661,133,104,0,104,0
2020-06-06,Fresno,019,978130,4011,2117,56,2173,41
2020-06-06,Glenn,021,27897,27,16,0,16,0
2020-06-06,Humboldt,023,135768,116,112,0,112,2
2020-06-06,Imperial,025,180216,4954,3047,4,3051,19
2020-06-06,Inyo,027,18085,22,21,0,21,1
2020-06-06,Kern,029,883053,3541,2695,9,2704,46
2020-06-06,Kings,031,150075,1746,882,4,886,6
2020-06-06,Lake,033,64148,36,28,0,28,0
2020-06-06,Lassen,035,31185,14,4,2,6,0
2020-06-06,Los Angeles,037,10098052,70745,62269,19,62288,2607
2020-06-06,Madera,039,155013,360,149,1,150,3
2020-06-06,Marin,041,260295,661,556,2,558,17
2020-06-06,Mariposa,043,17540,16,16,0,16,1
2020-06-06,Mendocino,045,87422,33,32,0,32,0
2020-06-06,Merced,047,269075,494,315,1,316,7
2020-06-06,Modoc,049,8938,1,0,0,0,0
2020-06-06,Mono,051,14174,39,35,0,35,1
2020-06-06,Monterey,053,433212,945,679,3,682,10
2020-06-06,Napa,055,140530,171,136,0,136,3
2020-06-06,Nevada,057,99092,54,50,1,51,1
2020-06-06,Orange,059,3164182,10551,7576,75,7651,157
2020-06-06,Placer,061,380077,388,270,2,272,9
2020-06-06,Plumas,063,18699,5,4,0,4,0
2020-06-06,Riverside,065,2383286,11672,8935,23,8958,345
2020-06-06,Sacramento,067,1510023,1710,1533,2,1535,59
2020-06-06,San Benito,069,59416,119,92,0,92,2
2020-06-06,San Bernardino,071,2135413,7807,5946,6,5952,214
2020-06-06,San Diego,073,3302833,9585,8347,0,8347,296
2020-06-06,San Francisco,075,870044,2909,2674,0,2674,43
2020-06-06,San Joaquin,077,732212,1592,1076,4,1080,37
2020-06-06,San Luis Obispo,079,281455,405,295,4,299,1
2020-06-06,San Mateo,081,765935,2601,2342,4,2346,72
2020-06-06,Santa Barbara,083,443738,2026,1815,17,1832,13
2020-06-06,Santa Clara,085,1922200,3733,2934,13,2947,144
2020-06-06,Santa Cruz,087,273765,260,226,0,226,2
2020-06-06,Shasta,089,179085,73,40,0,40,4
2020-06-06,Sierra,091,2930,1,1,0,1,0
2020-06-06,Siskiyou,093,43540,18,8,0,8,0
2020-06-06,Solano,095,438530,748,560,4,564,19
2020-06-06,Sonoma,097,501317,740,622,1,623,4
2020-06-06,Stanislaus,099,539301,1212,858,5,863,27
2020-06-06,Sutter,101,95872,73,51,0,51,2
2020-06-06,Tehama,103,63373,15,8,2,10,1
2020-06-06,Trinity,105,12862,8,2,2,4,0
2020-06-06,Tulare,107,460477,3138,2213,10,2223,90
2020-06-06,Tuolumne,109,53932,9,4,0,4,0
2020-06-06,Ventura,111,848112,1958,1303,12,1315,30
2020-06-06,Yolo,113,214977,253,223,0,223,24
2020-06-06,Yuba,115,75493,32,27,0,27,1
2020-06-05,Alameda,001,1643700,4282,3734,7,3741,102
2020-06-05,Alpine,003,1148,1,1,0,1,0
2020-06-05,Amador,005,37829,10,10,0,10,0
2020-06-05,Butte,007,227075,91,61,5,66,1
2020-06-05,Calaveras,009,45235,22,16,0,16,0
2020-06-05,Colusa,011,21464,9,7,0,7,0
2020-06-05,Contra Costa,013,1133247,1925,1575,1,1576,37
2020-06-05,Del Norte,015,27424,45,45,0,45,0
2020-06-05,El Dorado,017,186661,131,101,0,101,0
2020-06-05,Fresno,019,978130,3947,2051,55,2106,38
2020-06-05,Glenn,021,27897,25,16,0,16,0
2020-06-05,Humboldt,023,135768,115,111,0,111,2
2020-06-05,Imperial,025,180216,4848,2778,4,2782,19
2020-06-05,Inyo,027,18085,22,21,0,21,1
2020-06-05,Kern,029,883053,3452,2624,9,2633,46
2020-06-05,Kings,031,150075,1731,865,4,869,6
2020-06-05,Lake,033,64148,35,28,0,28,0
2020-06-05,Lassen,035,31185,13,4,2,6,0
2020-06-05,Los Angeles,037,10098052,69598,60955,19,60974,2553
2020-06-05,Madera,039,155013,338,144,1,145,3
2020-06-05,Marin,041,260295,652,546,2,548,17
2020-06-05,Mariposa,043,17540,16,16,0,16,1
2020-06-05,Mendocino,045,87422,33,32,0,32,0
2020-06-05,Merced,047,269075,492,309,1,310,7
2020-06-05,Modoc,049,8938,1,0,0,0,0
2020-06-05,Mono,051,14174,39,35,0,35,1
2020-06-05,Monterey,053,433212,913,649,3,652,10
2020-06-05,Napa,055,140530,168,123,0,123,3
2020-06-05,Nevada,057,99092,54,50,1,51,1
2020-06-05,Orange,059,3164182,10354,7391,73,7464,153
2020-06-05,Placer,061,380077,378,265,2,267,9
2020-06-05,Plumas,063,18699,5,4,0,4,0
2020-06-05,Riverside,065,2383286,11413,8700,23,8723,345
2020-06-05,Sacramento,067,1510023,1688,1514,2,1516,59
2020-06-05,San Benito,069,59416,117,92,0,92,2
2020-06-05,San Bernardino,071,2135413,7625,5869,5,5874,212
2020-06-05,San Diego,073,3302833,9470,8182,0,8182,294
2020-06-05,San Francisco,075,870044,2891,2675,0,2675,43
2020-06-05,San Joaquin,077,732212,1513,1046,4,1050,36
2020-06-05,San Luis Obispo,079,281455,398,293,4,297,1
2020-06-05,San Mateo,081,765935,2576,2331,4,2335,72
2020-06-05,Santa Barbara,083,443738,1995,1795,17,1812,13
2020-06-05,Santa Clara,085,1922200,3698,2902,13,2915,144
2020-06-05,Santa Cruz,087,273765,257,222,0,222,2
2020-06-05,Shasta,089,179085,72,40,0,40,4
2020-06-05,Sierra,091,2930,1,1,0,1,0
2020-06-05,Siskiyou,093,43540,16,8,0,8,0
2020-06-05,Solano,095,438530,741,558,4,562,19
2020-06-05,Sonoma,097,501317,719,618,1,619,4
2020-06-05,Stanislaus,099,539301,1179,842,5,847,27
2020-06-05,Sutter,101,95872,73,49,0,49,2
2020-06-05,Tehama,103,63373,15,7,2,9,1
2020-06-05,Trinity,105,12862,8,1,2,3,0
2020-06-05,Tulare,107,460477,3089,2180,10,2190,90
2020-06-05,Tuolumne,109,53932,9,4,0,4,0
2020-06-05,Ventura,111,848112,1925,1274,12,1286,30
2020-06-05,Yolo,113,214977,252,216,0,216,24
2020-06-05,Yuba,115,75493,32,27,0,27,1
2020-06-04,Alameda,001,1643700,4183,3643,7,3650,99
2020-06-04,Alpine,003,1148,1,1,0,1,0
2020-06-04,Amador,005,37829,10,10,0,10,0
2020-06-04,Butte,007,227075,87,57,4,61,1
2020-06-04,Calaveras,009,45235,22,15,0,15,0
2020-06-04,Colusa,011,21464,9,7,0,7,0
2020-06-04,Contra Costa,013,1133247,1867,1551,1,1552,37
2020-06-04,Del Norte,015,27424,45,45,0,45,0
2020-06-04,El Dorado,017,186661,129,101,0,101,0
2020-06-04,Fresno,019,978130,3841,2007,54,2061,35
2020-06-04,Glenn,021,27897,22,16,0,16,0
2020-06-04,Humboldt,023,135768,115,109,0,109,2
2020-06-04,Imperial,025,180216,4665,2631,4,2635,19
2020-06-04,Inyo,027,18085,22,20,0,20,1
2020-06-04,Kern,029,883053,3336,2530,9,2539,46
2020-06-04,Kings,031,150075,1661,842,4,846,6
2020-06-04,Lake,033,64148,34,27,0,27,0
2020-06-04,Lassen,035,31185,11,4,2,6,0
2020-06-04,Los Angeles,037,10098052,68131,59596,19,59615,2515
2020-06-04,Madera,039,155013,330,127,1,128,3
2020-06-04,Marin,041,260295,630,533,2,535,14
2020-06-04,Mariposa,043,17540,16,16,0,16,1
2020-06-04,Mendocino,045,87422,33,29,0,29,0
2020-06-04,Merced,047,269075,472,304,1,305,7
2020-06-04,Modoc,049,8938,1,0,0,0,0
2020-06-04,Mono,051,14174,39,35,0,35,1
2020-06-04,Monterey,053,433212,878,621,2,623,10
2020-06-04,Napa,055,140530,164,117,0,117,3
2020-06-04,Nevada,057,99092,53,49,1,50,1
2020-06-04,Orange,059,3164182,10100,7192,72,7264,148
2020-06-04,Placer,061,380077,362,256,2,258,9
2020-06-04,Plumas,063,18699,4,4,0,4,0
2020-06-04,Riverside,065,2383286,11135,8473,23,8496,341
2020-06-04,Sacramento,067,1510023,1661,1492,2,1494,58
2020-06-04,San Benito,069,59416,115,88,0,88,2
2020-06-04,San Bernardino,071,2135413,7357,5726,5,5731,207
2020-06-04,San Diego,073,3302833,9307,7942,0,7942,288
2020-06-04,San Francisco,075,870044,2858,2636,0,2636,43
2020-06-04,San Joaquin,077,732212,1451,1016,4,1020,36
2020-06-04,San Luis Obispo,079,281455,387,288,4,292,1
2020-06-04,San Mateo,081,765935,2549,2284,4,2288,72
2020-06-04,Santa Barbara,083,443738,1964,1750,16,1766,13
2020-06-04,Santa Clara,085,1922200,3664,2871,13,2884,144
2020-06-04,Santa Cruz,087,273765,251,218,0,218,2
2020-06-04,Shasta,089,179085,66,40,0,40,4
2020-06-04,Sierra,091,2930,1,1,0,1,0
2020-06-04,Siskiyou,093,43540,15,8,0,8,0
2020-06-04,Solano,095,438530,724,551,4,555,19
2020-06-04,Sonoma,097,501317,700,591,1,592,4
2020-06-04,Stanislaus,099,539301,1103,806,5,811,28
2020-06-04,Sutter,101,95872,68,46,0,46,2
2020-06-04,Tehama,103,63373,14,6,1,7,1
2020-06-04,Trinity,105,12862,8,1,2,3,0
2020-06-04,Tulare,107,460477,2972,2086,10,2096,90
2020-06-04,Tuolumne,109,53932,8,4,0,4,0
2020-06-04,Ventura,111,848112,1881,1236,11,1247,30
2020-06-04,Yolo,113,214977,247,216,0,216,24
2020-06-04,Yuba,115,75493,31,27,0,27,1
2020-06-03,Alameda,001,1643700,4124,3589,6,3595,99
2020-06-03,Alpine,003,1148,1,1,0,1,0
2020-06-03,Amador,005,37829,10,10,0,10,0
2020-06-03,Butte,007,227075,85,53,4,57,1
2020-06-03,Calaveras,009,45235,21,15,0,15,0
2020-06-03,Colusa,011,21464,9,7,0,7,0
2020-06-03,Contra Costa,013,1133247,1819,1511,1,1512,37
2020-06-03,Del Norte,015,27424,45,39,0,39,0
2020-06-03,El Dorado,017,186661,126,90,0,90,0
2020-06-03,Fresno,019,978130,3742,1943,54,1997,35
2020-06-03,Glenn,021,27897,22,16,0,16,0
2020-06-03,Humboldt,023,135768,115,103,0,103,2
2020-06-03,Imperial,025,180216,4492,2540,4,2544,19
2020-06-03,Inyo,027,18085,22,20,0,20,1
2020-06-03,Kern,029,883053,3240,2452,8,2460,44
2020-06-03,Kings,031,150075,1596,744,4,748,6
2020-06-03,Lake,033,64148,32,26,0,26,0
2020-06-03,Lassen,035,31185,11,4,2,6,0
2020-06-03,Los Angeles,037,10098052,66524,58166,19,58185,2472
2020-06-03,Madera,039,155013,322,117,1,118,3
2020-06-03,Marin,041,260295,612,527,2,529,14
2020-06-03,Mariposa,043,17540,16,16,0,16,1
2020-06-03,Mendocino,045,87422,32,29,0,29,0
2020-06-03,Merced,047,269075,458,299,1,300,7
2020-06-03,Modoc,049,8938,1,0,0,0,0
2020-06-03,Mono,051,14174,39,35,0,35,1
2020-06-03,Monterey,053,433212,850,592,2,594,10
2020-06-03,Napa,055,140530,163,116,0,116,3
2020-06-03,Nevada,057,99092,52,43,1,44,1
2020-06-03,Orange,059,3164182,9874,6939,71,7010,145
2020-06-03,Placer,061,380077,342,243,2,245,9
2020-06-03,Plumas,063,18699,4,4,0,4,0
2020-06-03,Riverside,065,2383286,10860,8208,23,8231,335
2020-06-03,Sacramento,067,1510023,1631,1457,2,1459,58
2020-06-03,San Benito,069,59416,109,88,0,88,2
2020-06-03,San Bernardino,071,2135413,7134,5565,5,5570,203
2020-06-03,San Diego,073,3302833,9159,7800,0,7800,283
2020-06-03,San Francisco,075,870044,2827,2608,0,2608,43
2020-06-03,San Joaquin,077,732212,1387,1004,4,1008,35
2020-06-03,San Luis Obispo,079,281455,382,279,4,283,1
2020-06-03,San Mateo,081,765935,2521,2243,4,2247,71
2020-06-03,Santa Barbara,083,443738,1930,1722,15,1737,12
2020-06-03,Santa Clara,085,1922200,3622,2836,13,2849,144
2020-06-03,Santa Cruz,087,273765,245,217,0,217,2
2020-06-03,Shasta,089,179085,63,40,0,40,4
2020-06-03,Sierra,091,2930,1,1,0,1,0
2020-06-03,Siskiyou,093,43540,14,8,0,8,0
2020-06-03,Solano,095,438530,699,543,2,545,18
2020-06-03,Sonoma,097,501317,688,578,1,579,4
2020-06-03,Stanislaus,099,539301,1063,780,5,785,27
2020-06-03,Sutter,101,95872,60,45,0,45,2
2020-06-03,Tehama,103,63373,14,6,1,7,1
2020-06-03,Trinity,105,12862,8,1,2,3,0
2020-06-03,Tulare,107,460477,2903,2041,10,2051,88
2020-06-03,Tuolumne,109,53932,6,4,0,4,0
2020-06-03,Ventura,111,848112,1814,1202,11,1213,30
2020-06-03,Yolo,113,214977,243,213,0,213,24
2020-06-03,Yuba,115,75493,31,27,0,27,1
2020-06-02,Alameda,001,1643700,4048,3517,6,3523,99
2020-06-02,Alpine,003,1148,1,1,0,1,0
2020-06-02,Amador,005,37829,10,10,0,10,0
2020-06-02,Butte,007,227075,81,51,3,54,1
2020-06-02,Calaveras,009,45235,21,15,0,15,0
2020-06-02,Colusa,011,21464,9,7,0,7,0
2020-06-02,Contra Costa,013,1133247,1787,1505,1,1506,37
2020-06-02,Del Norte,015,27424,45,39,0,39,0
2020-06-02,El Dorado,017,186661,125,88,0,88,0
2020-06-02,Fresno,019,978130,3629,1917,54,1971,34
2020-06-02,Glenn,021,27897,21,16,0,16,0
2020-06-02,Humboldt,023,135768,115,101,0,101,2
2020-06-02,Imperial,025,180216,4299,2459,4,2463,19
2020-06-02,Inyo,027,18085,20,20,0,20,1
2020-06-02,Kern,029,883053,3141,2406,6,2412,41
2020-06-02,Kings,031,150075,1568,720,4,724,5
2020-06-02,Lake,033,64148,32,25,0,25,0
2020-06-02,Lassen,035,31185,10,4,2,6,0
2020-06-02,Los Angeles,037,10098052,65122,57144,19,57163,2430
2020-06-02,Madera,039,155013,301,110,1,111,2
2020-06-02,Marin,041,260295,585,509,2,511,14
2020-06-02,Mariposa,043,17540,16,16,0,16,1
2020-06-02,Mendocino,045,87422,32,29,0,29,0
2020-06-02,Merced,047,269075,442,297,1,298,6
2020-06-02,Modoc,049,8938,1,0,0,0,0
2020-06-02,Mono,051,14174,39,35,0,35,1
2020-06-02,Monterey,053,433212,820,582,2,584,10
2020-06-02,Napa,055,140530,154,116,0,116,3
2020-06-02,Nevada,057,99092,51,41,1,42,1
2020-06-02,Orange,059,3164182,9673,6790,70,6860,142
2020-06-02,Placer,061,380077,328,226,2,228,9
2020-06-02,Plumas,063,18699,4,4,0,4,0
2020-06-02,Riverside,065,2383286,10564,8091,21,8112,330
2020-06-02,Sacramento,067,1510023,1602,1428,2,1430,58
2020-06-02,San Benito,069,59416,108,86,0,86,2
2020-06-02,San Bernardino,071,2135413,6927,5438,5,5443,202
2020-06-02,San Diego,073,3302833,9013,7676,0,7676,276
2020-06-02,San Francisco,075,870044,2792,2554,0,2554,43
2020-06-02,San Joaquin,077,732212,1321,985,4,989,35
2020-06-02,San Luis Obispo,079,281455,377,275,4,279,1
2020-06-02,San Mateo,081,765935,2486,2203,4,2207,71
2020-06-02,Santa Barbara,083,443738,1890,1703,15,1718,12
2020-06-02,Santa Clara,085,1922200,3572,2819,13,2832,144
2020-06-02,Santa Cruz,087,273765,240,215,0,215,2
2020-06-02,Shasta,089,179085,62,38,0,38,4
2020-06-02,Sierra,091,2930,1,1,0,1,0
2020-06-02,Siskiyou,093,43540,13,8,0,8,0
2020-06-02,Solano,095,438530,684,537,1,538,18
2020-06-02,Sonoma,097,501317,677,571,1,572,4
2020-06-02,Stanislaus,099,539301,1004,772,5,777,27
2020-06-02,Sutter,101,95872,57,43,0,43,2
2020-06-02,Tehama,103,63373,14,6,1,7,1
2020-06-02,Trinity,105,12862,8,1,2,3,0
2020-06-02,Tulare,107,460477,2823,2012,10,2022,86
2020-06-02,Tuolumne,109,53932,6,4,0,4,0
2020-06-02,Ventura,111,848112,1761,1178,11,1189,30
2020-06-02,Yolo,113,214977,241,213,0,213,24
2020-06-02,Yuba,115,75493,31,27,0,27,1
2020-06-01,Alameda,001,1643700,3982,3460,6,3466,98
2020-06-01,Alpine,003,1148,1,1,0,1,0
2020-06-01,Amador,005,37829,10,10,0,10,0
2020-06-01,Butte,007,227075,80,50,2,52,1
2020-06-01,Calaveras,009,45235,21,15,0,15,0
2020-06-01,Colusa,011,21464,9,7,0,7,0
2020-06-01,Contra Costa,013,1133247,1751,1486,1,1487,37
2020-06-01,Del Norte,015,27424,45,38,0,38,0
2020-06-01,El Dorado,017,186661,123,88,0,88,0
2020-06-01,Fresno,019,978130,3534,1854,52,1906,33
2020-06-01,Glenn,021,27897,21,16,0,16,0
2020-06-01,Humboldt,023,135768,115,98,0,98,2
2020-06-01,Imperial,025,180216,4077,2366,4,2370,14
2020-06-01,Inyo,027,18085,20,20,0,20,1
2020-06-01,Kern,029,883053,3058,2366,6,2372,38
2020-06-01,Kings,031,150075,1300,703,4,707,4
2020-06-01,Lake,033,64148,32,22,0,22,0
2020-06-01,Lassen,035,31185,10,4,2,6,0
2020-06-01,Los Angeles,037,10098052,63659,55899,19,55918,2367
2020-06-01,Madera,039,155013,289,103,1,104,2
2020-06-01,Marin,041,260295,544,495,2,497,14
2020-06-01,Mariposa,043,17540,16,16,0,16,1
2020-06-01,Mendocino,045,87422,32,28,0,28,0
2020-06-01,Merced,047,269075,423,289,1,290,6
2020-06-01,Modoc,049,8938,1,0,0,0,0
2020-06-01,Mono,051,14174,39,35,0,35,1
2020-06-01,Monterey,053,433212,795,554,2,556,10
2020-06-01,Napa,055,140530,151,114,0,114,3
2020-06-01,Nevada,057,99092,51,41,1,42,1
2020-06-01,Orange,059,3164182,9476,6640,69,6709,135
2020-06-01,Placer,061,380077,316,218,2,220,9
2020-06-01,Plumas,063,18699,4,4,0,4,0
2020-06-01,Riverside,065,2383286,10112,7921,20,7941,322
2020-06-01,Sacramento,067,1510023,1563,1415,2,1417,58
2020-06-01,San Benito,069,59416,105,86,0,86,2
2020-06-01,San Bernardino,071,2135413,6721,5310,5,5315,202
2020-06-01,San Diego,073,3302833,8833,7556,0,7556,269
2020-06-01,San Francisco,075,870044,2755,2546,0,2546,43
2020-06-01,San Joaquin,077,732212,1256,957,4,961,35
2020-06-01,San Luis Obispo,079,281455,373,275,4,279,1
2020-06-01,San Mateo,081,765935,2456,2190,4,2194,71
2020-06-01,Santa Barbara,083,443738,1856,1671,14,1685,10
2020-06-01,Santa Clara,085,1922200,3534,2797,12,2809,142
2020-06-01,Santa Cruz,087,273765,236,215,0,215,2
2020-06-01,Shasta,089,179085,62,38,0,38,4
2020-06-01,Sierra,091,2930,1,1,0,1,0
2020-06-01,Siskiyou,093,43540,13,7,0,7,0
2020-06-01,Solano,095,438530,660,529,1,530,17
2020-06-01,Sonoma,097,501317,661,565,1,566,4
2020-06-01,Stanislaus,099,539301,967,758,5,763,27
2020-06-01,Sutter,101,95872,52,43,0,43,2
2020-06-01,Tehama,103,63373,11,5,1,6,1
2020-06-01,Trinity,105,12862,7,1,2,3,0
2020-06-01,Tulare,107,460477,2708,1976,10,1986,84
2020-06-01,Tuolumne,109,53932,5,4,0,4,0
2020-06-01,Ventura,111,848112,1708,1163,11,1174,29
2020-06-01,Yolo,113,214977,238,212,0,212,24
2020-06-01,Yuba,115,75493,30,26,0,26,1
2020-05-31,Alameda,001,1643700,3877,3362,6,3368,98
2020-05-31,Alpine,003,1148,1,1,0,1,0
2020-05-31,Amador,005,37829,10,10,0,10,0
2020-05-31,Butte,007,227075,78,51,2,53,0
2020-05-31,Calaveras,009,45235,18,15,0,15,0
2020-05-31,Colusa,011,21464,9,5,0,5,0
2020-05-31,Contra Costa,013,1133247,1717,1458,1,1459,37
2020-05-31,Del Norte,015,27424,45,37,0,37,0
2020-05-31,El Dorado,017,186661,119,88,0,88,0
2020-05-31,Fresno,019,978130,3369,1780,46,1826,31
2020-05-31,Glenn,021,27897,20,16,0,16,0
2020-05-31,Humboldt,023,135768,113,98,0,98,2
2020-05-31,Imperial,025,180216,3810,2197,4,2201,14
2020-05-31,Inyo,027,18085,20,20,0,20,1
2020-05-31,Kern,029,883053,2923,2300,6,2306,38
2020-05-31,Kings,031,150075,1263,703,4,707,3
2020-05-31,Lake,033,64148,32,19,0,19,0
2020-05-31,Lassen,035,31185,10,4,2,6,0
2020-05-31,Los Angeles,037,10098052,62369,54925,19,54944,2344
2020-05-31,Madera,039,155013,271,101,1,102,2
2020-05-31,Marin,041,260295,534,486,2,488,14
2020-05-31,Mariposa,043,17540,16,16,0,16,1
2020-05-31,Mendocino,045,87422,32,24,0,24,0
2020-05-31,Merced,047,269075,396,288,0,288,6
2020-05-31,Modoc,049,8938,0,0,0,0,0
2020-05-31,Mono,051,14174,39,34,0,34,1
2020-05-31,Monterey,053,433212,721,545,2,547,10
2020-05-31,Napa,055,140530,149,114,0,114,3
2020-05-31,Nevada,057,99092,50,41,1,42,1
2020-05-31,Orange,059,3164182,9266,6532,68,6600,135
2020-05-31,Placer,061,380077,294,215,2,217,9
2020-05-31,Plumas,063,18699,4,4,0,4,0
2020-05-31,Riverside,065,2383286,9856,7704,20,7724,321
2020-05-31,Sacramento,067,1510023,1532,1398,2,1400,57
2020-05-31,San Benito,069,59416,99,85,0,85,2
2020-05-31,San Bernardino,071,2135413,6453,5185,5,5190,198
2020-05-31,San Diego,073,3302833,8639,7483,0,7483,269
2020-05-31,San Francisco,075,870044,2719,2501,0,2501,43
2020-05-31,San Joaquin,077,732212,1191,888,4,892,34
2020-05-31,San Luis Obispo,079,281455,363,271,4,275,1
2020-05-31,San Mateo,081,765935,2410,2169,4,2173,71
2020-05-31,Santa Barbara,083,443738,1805,1662,13,1675,9
2020-05-31,Santa Clara,085,1922200,3490,2785,12,2797,142
2020-05-31,Santa Cruz,087,273765,233,210,0,210,2
2020-05-31,Shasta,089,179085,60,38,0,38,4
2020-05-31,Sierra,091,2930,1,1,0,1,0
2020-05-31,Siskiyou,093,43540,12,7,0,7,0
2020-05-31,Solano,095,438530,634,512,1,513,6
2020-05-31,Sonoma,097,501317,641,555,1,556,4
2020-05-31,Stanislaus,099,539301,913,738,5,743,27
2020-05-31,Sutter,101,95872,50,42,0,42,2
2020-05-31,Tehama,103,63373,10,4,1,5,1
2020-05-31,Trinity,105,12862,7,1,2,3,0
2020-05-31,Tulare,107,460477,2635,1884,10,1894,82
2020-05-31,Tuolumne,109,53932,5,4,0,4,0
2020-05-31,Ventura,111,848112,1647,1151,11,1162,30
2020-05-31,Yolo,113,214977,232,211,0,211,24
2020-05-31,Yuba,115,75493,30,26,0,26,1
2020-05-30,Alameda,001,1643700,3851,3304,6,3310,96
2020-05-30,Alpine,003,1148,1,1,0,1,0
2020-05-30,Amador,005,37829,10,10,0,10,0
2020-05-30,Butte,007,227075,77,44,2,46,0
2020-05-30,Calaveras,009,45235,17,15,0,15,0
2020-05-30,Colusa,011,21464,8,5,0,5,0
2020-05-30,Contra Costa,013,1133247,1701,1429,1,1430,37
2020-05-30,Del Norte,015,27424,45,37,0,37,0
2020-05-30,El Dorado,017,186661,118,86,0,86,0
2020-05-30,Fresno,019,978130,3308,1744,45,1789,31
2020-05-30,Glenn,021,27897,19,16,0,16,0
2020-05-30,Humboldt,023,135768,112,98,0,98,2
2020-05-30,Imperial,025,180216,3720,2091,4,2095,14
2020-05-30,Inyo,027,18085,20,20,0,20,1
2020-05-30,Kern,029,883053,2854,2217,6,2223,38
2020-05-30,Kings,031,150075,1249,703,4,707,3
2020-05-30,Lake,033,64148,31,18,0,18,0
2020-05-30,Lassen,035,31185,10,4,2,6,0
2020-05-30,Los Angeles,037,10098052,61833,53627,19,53646,2319
2020-05-30,Madera,039,155013,266,101,1,102,2
2020-05-30,Marin,041,260295,534,462,2,464,14
2020-05-30,Mariposa,043,17540,16,16,0,16,1
2020-05-30,Mendocino,045,87422,32,24,0,24,0
2020-05-30,Merced,047,269075,395,285,0,285,6
2020-05-30,Modoc,049,8938,0,0,0,0,0
2020-05-30,Mono,051,14174,39,34,0,34,1
2020-05-30,Monterey,053,433212,705,520,2,522,10
2020-05-30,Napa,055,140530,147,113,0,113,3
2020-05-30,Nevada,057,99092,50,41,1,42,1
2020-05-30,Orange,059,3164182,9109,6354,68,6422,134
2020-05-30,Placer,061,380077,286,199,1,200,9
2020-05-30,Plumas,063,18699,4,4,0,4,0
2020-05-30,Riverside,065,2383286,9712,7492,20,7512,316
2020-05-30,Sacramento,067,1510023,1521,1384,2,1386,57
2020-05-30,San Benito,069,59416,98,85,0,85,2
2020-05-30,San Bernardino,071,2135413,6344,5122,5,5127,198
2020-05-30,San Diego,073,3302833,8546,7387,0,7387,269
2020-05-30,San Francisco,075,870044,2694,2496,0,2496,41
2020-05-30,San Joaquin,077,732212,1153,888,4,892,34
2020-05-30,San Luis Obispo,079,281455,358,270,4,274,1
2020-05-30,San Mateo,081,765935,2386,2129,4,2133,71
2020-05-30,Santa Barbara,083,443738,1786,1660,13,1673,9
2020-05-30,Santa Clara,085,1922200,3474,2741,12,2753,141
2020-05-30,Santa Cruz,087,273765,233,206,0,206,2
2020-05-30,Shasta,089,179085,60,36,0,36,4
2020-05-30,Sierra,091,2930,1,1,0,1,0
2020-05-30,Siskiyou,093,43540,11,7,0,7,0
2020-05-30,Solano,095,438530,627,512,1,513,6
2020-05-30,Sonoma,097,501317,631,551,1,552,4
2020-05-30,Stanislaus,099,539301,896,712,5,717,27
2020-05-30,Sutter,101,95872,49,40,0,40,2
2020-05-30,Tehama,103,63373,10,4,1,5,1
2020-05-30,Trinity,105,12862,7,1,2,3,0
2020-05-30,Tulare,107,460477,2598,1879,10,1889,81
2020-05-30,Tuolumne,109,53932,5,4,0,4,0
2020-05-30,Ventura,111,848112,1630,1116,11,1127,30
2020-05-30,Yolo,113,214977,228,210,0,210,24
2020-05-30,Yuba,115,75493,30,25,0,25,1
2020-05-29,Alameda,001,1643700,3816,3209,6,3215,96
2020-05-29,Alpine,003,1148,1,1,0,1,0
2020-05-29,Amador,005,37829,10,10,0,10,0
2020-05-29,Butte,007,227075,72,41,2,43,0
2020-05-29,Calaveras,009,45235,17,15,0,15,0
2020-05-29,Colusa,011,21464,8,5,0,5,0
2020-05-29,Contra Costa,013,1133247,1685,1411,1,1412,37
2020-05-29,Del Norte,015,27424,45,37,0,37,0
2020-05-29,El Dorado,017,186661,117,85,0,85,0
2020-05-29,Fresno,019,978130,3258,1687,45,1732,31
2020-05-29,Glenn,021,27897,19,14,0,14,0
2020-05-29,Humboldt,023,135768,111,98,0,98,2
2020-05-29,Imperial,025,180216,3602,1607,4,1611,14
2020-05-29,Inyo,027,18085,20,20,0,20,1
2020-05-29,Kern,029,883053,2796,2128,6,2134,36
2020-05-29,Kings,031,150075,1238,693,4,697,3
2020-05-29,Lake,033,64148,30,17,0,17,0
2020-05-29,Lassen,035,31185,10,0,2,2,0
2020-05-29,Los Angeles,037,10098052,60878,51578,19,51597,2273
2020-05-29,Madera,039,155013,251,98,1,99,2
2020-05-29,Marin,041,260295,526,448,2,450,14
2020-05-29,Mariposa,043,17540,16,16,0,16,1
2020-05-29,Mendocino,045,87422,30,25,0,25,0
2020-05-29,Merced,047,269075,390,285,0,285,7
2020-05-29,Modoc,049,8938,0,0,0,0,0
2020-05-29,Mono,051,14174,38,34,0,34,1
2020-05-29,Monterey,053,433212,675,479,2,481,10
2020-05-29,Napa,055,140530,144,113,0,113,3
2020-05-29,Nevada,057,99092,50,41,1,42,1
2020-05-29,Orange,059,3164182,8924,6176,66,6242,133
2020-05-29,Placer,061,380077,264,199,1,200,9
2020-05-29,Plumas,063,18699,4,4,0,4,0
2020-05-29,Riverside,065,2383286,9526,7376,20,7396,313
2020-05-29,Sacramento,067,1510023,1498,1360,2,1362,57
2020-05-29,San Benito,069,59416,98,84,0,84,2
2020-05-29,San Bernardino,071,2135413,6236,4983,5,4988,196
2020-05-29,San Diego,073,3302833,8423,7242,0,7242,266
2020-05-29,San Francisco,075,870044,2670,2453,0,2453,41
2020-05-29,San Joaquin,077,732212,1116,855,4,859,34
2020-05-29,San Luis Obispo,079,281455,354,270,4,274,1
2020-05-29,San Mateo,081,765935,2370,2103,4,2107,71
2020-05-29,Santa Barbara,083,443738,1759,1656,13,1669,9
2020-05-29,Santa Clara,085,1922200,3446,2707,12,2719,141
2020-05-29,Santa Cruz,087,273765,230,203,0,203,2
2020-05-29,Shasta,089,179085,60,36,0,36,4
2020-05-29,Sierra,091,2930,1,1,0,1,0
2020-05-29,Siskiyou,093,43540,11,7,0,7,0
2020-05-29,Solano,095,438530,619,498,1,499,6
2020-05-29,Sonoma,097,501317,620,537,1,538,4
2020-05-29,Stanislaus,099,539301,866,698,5,703,27
2020-05-29,Sutter,101,95872,47,40,0,40,2
2020-05-29,Tehama,103,63373,9,4,1,5,1
2020-05-29,Trinity,105,12862,7,1,2,3,0
2020-05-29,Tulare,107,460477,2560,1852,10,1862,80
2020-05-29,Tuolumne,109,53932,5,4,0,4,0
2020-05-29,Ventura,111,848112,1606,1093,11,1104,29
2020-05-29,Yolo,113,214977,224,211,0,211,24
2020-05-29,Yuba,115,75493,29,25,0,25,1
2020-05-28,Alameda,001,1643700,3716,3083,6,3089,94
2020-05-28,Alpine,003,1148,1,1,0,1,0
2020-05-28,Amador,005,37829,10,10,0,10,0
2020-05-28,Butte,007,227075,71,40,2,42,0
2020-05-28,Calaveras,009,45235,16,15,0,15,0
2020-05-28,Colusa,011,21464,8,5,0,5,0
2020-05-28,Contra Costa,013,1133247,1646,1392,1,1393,37
2020-05-28,Del Norte,015,27424,45,37,0,37,0
2020-05-28,El Dorado,017,186661,114,82,0,82,0
2020-05-28,Fresno,019,978130,3177,1653,44,1697,31
2020-05-28,Glenn,021,27897,18,14,0,14,0
2020-05-28,Humboldt,023,135768,110,97,0,97,2
2020-05-28,Imperial,025,180216,3407,1430,4,1434,14
2020-05-28,Inyo,027,18085,20,20,0,20,1
2020-05-28,Kern,029,883053,2718,2069,6,2075,36
2020-05-28,Kings,031,150075,901,626,4,630,3
2020-05-28,Lake,033,64148,29,17,0,17,0
2020-05-28,Lassen,035,31185,10,0,2,2,0
2020-05-28,Los Angeles,037,10098052,59299,49861,19,49880,2222
2020-05-28,Madera,039,155013,233,93,1,94,2
2020-05-28,Marin,041,260295,501,443,2,445,14
2020-05-28,Mariposa,043,17540,16,16,0,16,1
2020-05-28,Mendocino,045,87422,28,24,0,24,0
2020-05-28,Merced,047,269075,381,283,0,283,7
2020-05-28,Modoc,049,8938,0,0,0,0,0
2020-05-28,Mono,051,14174,38,34,0,34,1
2020-05-28,Monterey,053,433212,643,471,2,473,10
2020-05-28,Napa,055,140530,141,113,0,113,3
2020-05-28,Nevada,057,99092,45,41,1,42,1
2020-05-28,Orange,059,3164182,8728,6045,66,6111,130
2020-05-28,Placer,061,380077,257,196,1,197,9
2020-05-28,Plumas,063,18699,4,4,0,4,0
2020-05-28,Riverside,065,2383286,9123,7240,19,7259,304
2020-05-28,Sacramento,067,1510023,1478,1339,2,1341,57
2020-05-28,San Benito,069,59416,97,82,0,82,2
2020-05-28,San Bernardino,071,2135413,6071,4831,5,4836,191
2020-05-28,San Diego,073,3302833,8266,7102,0,7102,260
2020-05-28,San Francisco,075,870044,2636,2417,0,2417,40
2020-05-28,San Joaquin,077,732212,1081,840,4,844,34
2020-05-28,San Luis Obispo,079,281455,351,267,4,271,1
2020-05-28,San Mateo,081,765935,2343,2070,4,2074,71
2020-05-28,Santa Barbara,083,443738,1730,1642,12,1654,9
2020-05-28,Santa Clara,085,1922200,3406,2698,12,2710,140
2020-05-28,Santa Cruz,087,273765,229,201,0,201,2
2020-05-28,Shasta,089,179085,58,36,0,36,4
2020-05-28,Sierra,091,2930,1,1,0,1,0
2020-05-28,Siskiyou,093,43540,9,6,0,6,0
2020-05-28,Solano,095,438530,602,489,1,490,6
2020-05-28,Sonoma,097,501317,598,529,1,530,4
2020-05-28,Stanislaus,099,539301,825,684,5,689,27
2020-05-28,Sutter,101,95872,47,40,0,40,2
2020-05-28,Tehama,103,63373,9,4,1,5,1
2020-05-28,Trinity,105,12862,6,1,2,3,0
2020-05-28,Tulare,107,460477,2524,1832,10,1842,79
2020-05-28,Tuolumne,109,53932,5,4,0,4,0
2020-05-28,Ventura,111,848112,1573,1083,11,1094,29
2020-05-28,Yolo,113,214977,221,206,0,206,22
2020-05-28,Yuba,115,75493,28,24,0,24,1
2020-05-27,Alameda,001,1643700,3632,3037,6,3043,94
2020-05-27,Alpine,003,1148,1,1,0,1,0
2020-05-27,Amador,005,37829,10,10,0,10,0
2020-05-27,Butte,007,227075,68,40,1,41,0
2020-05-27,Calaveras,009,45235,15,15,0,15,0
2020-05-27,Colusa,011,21464,8,5,0,5,0
2020-05-27,Contra Costa,013,1133247,1606,1373,1,1374,37
2020-05-27,Del Norte,015,27424,45,34,0,34,0
2020-05-27,El Dorado,017,186661,113,82,0,82,0
2020-05-27,Fresno,019,978130,3089,1620,44,1664,27
2020-05-27,Glenn,021,27897,18,14,0,14,0
2020-05-27,Humboldt,023,135768,110,86,0,86,2
2020-05-27,Imperial,025,180216,3226,1369,4,1373,14
2020-05-27,Inyo,027,18085,20,20,0,20,1
2020-05-27,Kern,029,883053,2653,1999,6,2005,37
2020-05-27,Kings,031,150075,874,586,4,590,3
2020-05-27,Lake,033,64148,29,13,0,13,0
2020-05-27,Lassen,035,31185,10,0,2,2,0
2020-05-27,Los Angeles,037,10098052,57924,48711,19,48730,2177
2020-05-27,Madera,039,155013,224,91,1,92,2
2020-05-27,Marin,041,260295,472,439,2,441,14
2020-05-27,Mariposa,043,17540,16,16,0,16,1
2020-05-27,Mendocino,045,87422,27,21,0,21,0
2020-05-27,Merced,047,269075,377,278,0,278,7
2020-05-27,Modoc,049,8938,0,0,0,0,0
2020-05-27,Mono,051,14174,38,34,0,34,1
2020-05-27,Monterey,053,433212,603,443,2,445,8
2020-05-27,Napa,055,140530,136,112,0,112,3
2020-05-27,Nevada,057,99092,44,41,1,42,1
2020-05-27,Orange,059,3164182,8573,5849,66,5915,121
2020-05-27,Placer,061,380077,238,196,0,196,9
2020-05-27,Plumas,063,18699,4,4,0,4,0
2020-05-27,Riverside,065,2383286,8744,7156,19,7175,299
2020-05-27,Sacramento,067,1510023,1450,1318,2,1320,50
2020-05-27,San Benito,069,59416,94,74,0,74,2
2020-05-27,San Bernardino,071,2135413,5887,4708,5,4713,183
2020-05-27,San Diego,073,3302833,8115,6985,0,6985,255
2020-05-27,San Francisco,075,870044,2607,2394,0,2394,40
2020-05-27,San Joaquin,077,732212,1040,825,4,829,34
2020-05-27,San Luis Obispo,079,281455,346,266,4,270,1
2020-05-27,San Mateo,081,765935,2303,2045,4,2049,71
2020-05-27,Santa Barbara,083,443738,1715,1629,12,1641,9
2020-05-27,Santa Clara,085,1922200,3373,2680,12,2692,140
2020-05-27,Santa Cruz,087,273765,225,202,0,202,2
2020-05-27,Shasta,089,179085,55,36,0,36,4
2020-05-27,Sierra,091,2930,1,1,0,1,0
2020-05-27,Siskiyou,093,43540,9,6,0,6,0
2020-05-27,Solano,095,438530,582,477,1,478,5
2020-05-27,Sonoma,097,501317,584,521,1,522,4
2020-05-27,Stanislaus,099,539301,800,675,5,680,27
2020-05-27,Sutter,101,95872,46,40,0,40,2
2020-05-27,Tehama,103,63373,9,3,1,4,1
2020-05-27,Trinity,105,12862,6,1,2,3,0
2020-05-27,Tulare,107,460477,2472,1817,10,1827,77
2020-05-27,Tuolumne,109,53932,5,4,0,4,0
2020-05-27,Ventura,111,848112,1548,1065,11,1076,28
2020-05-27,Yolo,113,214977,220,204,0,204,22
2020-05-27,Yuba,115,75493,28,24,0,24,1
2020-05-26,Alameda,001,1643700,3537,2956,6,2962,92
2020-05-26,Alpine,003,1148,1,1,0,1,0
2020-05-26,Amador,005,37829,10,10,0,10,0
2020-05-26,Butte,007,227075,66,37,1,38,0
2020-05-26,Calaveras,009,45235,15,13,0,13,0
2020-05-26,Colusa,011,21464,8,4,0,4,0
2020-05-26,Contra Costa,013,1133247,1571,1352,1,1353,37
2020-05-26,Del Norte,015,27424,44,30,0,30,0
2020-05-26,El Dorado,017,186661,109,79,0,79,0
2020-05-26,Fresno,019,978130,3002,1496,44,1540,22
2020-05-26,Glenn,021,27897,16,12,0,12,0
2020-05-26,Humboldt,023,135768,108,81,0,81,2
2020-05-26,Imperial,025,180216,3010,1369,4,1373,14
2020-05-26,Inyo,027,18085,20,20,0,20,1
2020-05-26,Kern,029,883053,2575,1890,6,1896,31
2020-05-26,Kings,031,150075,806,449,3,452,2
2020-05-26,Lake,033,64148,27,12,0,12,0
2020-05-26,Lassen,035,31185,9,0,2,2,0
2020-05-26,Los Angeles,037,10098052,56457,47760,19,47779,2121
2020-05-26,Madera,039,155013,209,83,1,84,2
2020-05-26,Marin,041,260295,460,424,2,426,14
2020-05-26,Mariposa,043,17540,16,16,0,16,1
2020-05-26,Mendocino,045,87422,25,20,0,20,0
2020-05-26,Merced,047,269075,362,266,0,266,7
2020-05-26,Modoc,049,8938,0,1,0,1,0
2020-05-26,Mono,051,14174,37,34,0,34,1
2020-05-26,Monterey,053,433212,575,424,1,425,8
2020-05-26,Napa,055,140530,131,109,0,109,3
2020-05-26,Nevada,057,99092,43,41,1,42,1
2020-05-26,Orange,059,3164182,8303,5651,65,5716,115
2020-05-26,Placer,061,380077,233,188,0,188,9
2020-05-26,Plumas,063,18699,4,4,0,4,0
2020-05-26,Riverside,065,2383286,8297,6917,19,6936,284
2020-05-26,Sacramento,067,1510023,1424,1298,2,1300,50
2020-05-26,San Benito,069,59416,89,69,0,69,2
2020-05-26,San Bernardino,071,2135413,5719,4430,5,4435,175
2020-05-26,San Diego,073,3302833,7972,6884,0,6884,249
2020-05-26,San Francisco,075,870044,2574,2363,0,2363,40
2020-05-26,San Joaquin,077,732212,993,760,4,764,33
2020-05-26,San Luis Obispo,079,281455,344,260,4,264,1
2020-05-26,San Mateo,081,765935,2265,1967,3,1970,71
2020-05-26,Santa Barbara,083,443738,1698,1590,11,1601,9
2020-05-26,Santa Clara,085,1922200,3341,2659,12,2671,139
2020-05-26,Santa Cruz,087,273765,223,197,0,197,2
2020-05-26,Shasta,089,179085,55,36,0,36,4
2020-05-26,Sierra,091,2930,1,1,0,1,0
2020-05-26,Siskiyou,093,43540,8,6,0,6,0
2020-05-26,Solano,095,438530,564,470,1,471,5
2020-05-26,Sonoma,097,501317,576,509,0,509,4
2020-05-26,Stanislaus,099,539301,779,663,5,668,27
2020-05-26,Sutter,101,95872,45,39,0,39,2
2020-05-26,Tehama,103,63373,8,2,1,3,1
2020-05-26,Trinity,105,12862,6,1,2,3,0
2020-05-26,Tulare,107,460477,2416,1768,10,1778,76
2020-05-26,Tuolumne,109,53932,5,2,0,2,0
2020-05-26,Ventura,111,848112,1511,1033,8,1041,27
2020-05-26,Yolo,113,214977,214,198,0,198,22
2020-05-26,Yuba,115,75493,27,24,0,24,1
2020-05-25,Alameda,001,1643700,3444,2900,5,2905,92
2020-05-25,Alpine,003,1148,1,1,0,1,0
2020-05-25,Amador,005,37829,10,10,0,10,0
2020-05-25,Butte,007,227075,63,37,1,38,0
2020-05-25,Calaveras,009,45235,15,13,0,13,0
2020-05-25,Colusa,011,21464,7,4,0,4,0
2020-05-25,Contra Costa,013,1133247,1538,1348,1,1349,37
2020-05-25,Del Norte,015,27424,44,20,0,20,0
2020-05-25,El Dorado,017,186661,101,78,0,78,0
2020-05-25,Fresno,019,978130,2898,1496,42,1538,22
2020-05-25,Glenn,021,27897,16,12,0,12,0
2020-05-25,Humboldt,023,135768,107,81,0,81,2
2020-05-25,Imperial,025,180216,2799,1369,4,1373,14
2020-05-25,Inyo,027,18085,19,20,0,20,1
2020-05-25,Kern,029,883053,2504,1890,6,1896,31
2020-05-25,Kings,031,150075,776,447,3,450,2
2020-05-25,Lake,033,64148,25,13,0,13,0
2020-05-25,Lassen,035,31185,9,0,2,2,0
2020-05-25,Los Angeles,037,10098052,54646,45952,18,45970,2094
2020-05-25,Madera,039,155013,196,83,1,84,2
2020-05-25,Marin,041,260295,442,415,2,417,14
2020-05-25,Mariposa,043,17540,16,15,0,15,1
2020-05-25,Mendocino,045,87422,22,19,0,19,0
2020-05-25,Merced,047,269075,355,262,0,262,6
2020-05-25,Modoc,049,8938,0,1,0,1,0
2020-05-25,Mono,051,14174,37,34,0,34,1
2020-05-25,Monterey,053,433212,545,418,1,419,8
2020-05-25,Napa,055,140530,131,107,0,107,3
2020-05-25,Nevada,057,99092,43,41,1,42,1
2020-05-25,Orange,059,3164182,8081,5601,64,5665,115
2020-05-25,Placer,061,380077,229,186,0,186,9
2020-05-25,Plumas,063,18699,4,4,0,4,0
2020-05-25,Riverside,065,2383286,8066,6900,19,6919,284
2020-05-25,Sacramento,067,1510023,1404,1290,1,1291,50
2020-05-25,San Benito,069,59416,88,70,0,70,2
2020-05-25,San Bernardino,071,2135413,5529,4393,4,4397,175
2020-05-25,San Diego,073,3302833,7796,6799,0,6799,249
2020-05-25,San Francisco,075,870044,2537,2358,0,2358,40
2020-05-25,San Joaquin,077,732212,967,760,4,764,33
2020-05-25,San Luis Obispo,079,281455,341,260,4,264,1
2020-05-25,San Mateo,081,765935,2229,1938,3,1941,71
2020-05-25,Santa Barbara,083,443738,1688,1590,11,1601,9
2020-05-25,Santa Clara,085,1922200,3308,2647,12,2659,139
2020-05-25,Santa Cruz,087,273765,221,191,0,191,2
2020-05-25,Shasta,089,179085,54,36,0,36,4
2020-05-25,Sierra,091,2930,1,1,0,1,0
2020-05-25,Siskiyou,093,43540,8,6,0,6,0
2020-05-25,Solano,095,438530,550,437,1,438,5
2020-05-25,Sonoma,097,501317,564,496,0,496,4
2020-05-25,Stanislaus,099,539301,749,651,5,656,27
2020-05-25,Sutter,101,95872,45,38,0,38,2
2020-05-25,Tehama,103,63373,7,2,1,3,1
2020-05-25,Trinity,105,12862,6,1,2,3,0
2020-05-25,Tulare,107,460477,2352,1747,10,1757,76
2020-05-25,Tuolumne,109,53932,5,2,0,2,0
2020-05-25,Ventura,111,848112,1470,1020,8,1028,27
2020-05-25,Yolo,113,214977,212,197,0,197,22
2020-05-25,Yuba,115,75493,26,24,0,24,1
2020-05-24,Alameda,001,1643700,3371,2830,5,2835,92
2020-05-24,Alpine,003,1148,1,1,0,1,0
2020-05-24,Amador,005,37829,10,9,0,9,0
2020-05-24,Butte,007,227075,61,35,1,36,0
2020-05-24,Calaveras,009,45235,15,13,0,13,0
2020-05-24,Colusa,011,21464,7,4,0,4,0
2020-05-24,Contra Costa,013,1133247,1510,1325,1,1326,37
2020-05-24,Del Norte,015,27424,43,16,0,16,0
2020-05-24,El Dorado,017,186661,100,76,0,76,0
2020-05-24,Fresno,019,978130,2831,1455,41,1496,22
2020-05-24,Glenn,021,27897,15,12,0,12,0
2020-05-24,Humboldt,023,135768,107,81,0,81,2
2020-05-24,Imperial,025,180216,2673,1369,4,1373,14
2020-05-24,Inyo,027,18085,19,20,0,20,1
2020-05-24,Kern,029,883053,2431,1861,5,1866,31
2020-05-24,Kings,031,150075,765,446,3,449,2
2020-05-24,Lake,033,64148,24,12,0,12,0
2020-05-24,Lassen,035,31185,8,0,2,2,0
2020-05-24,Los Angeles,037,10098052,53632,44954,18,44972,2085
2020-05-24,Madera,039,155013,190,83,1,84,2
2020-05-24,Marin,041,260295,440,401,2,403,14
2020-05-24,Mariposa,043,17540,16,15,0,15,1
2020-05-24,Mendocino,045,87422,21,19,0,19,0
2020-05-24,Merced,047,269075,354,258,0,258,6
2020-05-24,Modoc,049,8938,0,0,0,0,0
2020-05-24,Mono,051,14174,37,34,0,34,1
2020-05-24,Monterey,053,433212,517,405,1,406,8
2020-05-24,Napa,055,140530,129,104,0,104,3
2020-05-24,Nevada,057,99092,43,41,1,42,1
2020-05-24,Orange,059,3164182,7927,5439,63,5502,113
2020-05-24,Placer,061,380077,221,184,0,184,9
2020-05-24,Plumas,063,18699,4,4,0,4,0
2020-05-24,Riverside,065,2383286,7925,6571,19,6590,284
2020-05-24,Sacramento,067,1510023,1388,1283,1,1284,50
2020-05-24,San Benito,069,59416,87,67,0,67,2
2020-05-24,San Bernardino,071,2135413,5421,4262,4,4266,175
2020-05-24,San Diego,073,3302833,7653,6703,0,6703,249
2020-05-24,San Francisco,075,870044,2513,2318,0,2318,40
2020-05-24,San Joaquin,077,732212,948,760,4,764,33
2020-05-24,San Luis Obispo,079,281455,339,257,4,261,1
2020-05-24,San Mateo,081,765935,2194,1925,3,1928,71
2020-05-24,Santa Barbara,083,443738,1676,1573,11,1584,9
2020-05-24,Santa Clara,085,1922200,3288,2623,12,2635,139
2020-05-24,Santa Cruz,087,273765,218,185,0,185,2
2020-05-24,Shasta,089,179085,53,36,0,36,4
2020-05-24,Sierra,091,2930,1,1,0,1,0
2020-05-24,Siskiyou,093,43540,7,6,0,6,0
2020-05-24,Solano,095,438530,542,436,0,436,5
2020-05-24,Sonoma,097,501317,553,485,0,485,4
2020-05-24,Stanislaus,099,539301,729,634,5,639,27
2020-05-24,Sutter,101,95872,45,38,0,38,2
2020-05-24,Tehama,103,63373,5,2,1,3,1
2020-05-24,Trinity,105,12862,6,1,2,3,0
2020-05-24,Tulare,107,460477,2306,1684,10,1694,74
2020-05-24,Tuolumne,109,53932,5,2,0,2,0
2020-05-24,Ventura,111,848112,1458,982,8,990,27
2020-05-24,Yolo,113,214977,210,192,0,192,22
2020-05-24,Yuba,115,75493,26,24,0,24,1
2020-05-23,Alameda,001,1643700,3330,2783,5,2788,91
2020-05-23,Alpine,003,1148,1,1,0,1,0
2020-05-23,Amador,005,37829,10,9,0,9,0
2020-05-23,Butte,007,227075,60,34,1,35,0
2020-05-23,Calaveras,009,45235,15,13,0,13,0
2020-05-23,Colusa,011,21464,7,4,0,4,0
2020-05-23,Contra Costa,013,1133247,1499,1302,1,1303,36
2020-05-23,Del Norte,015,27424,43,10,0,10,0
2020-05-23,El Dorado,017,186661,100,74,0,74,0
2020-05-23,Fresno,019,978130,2811,1447,41,1488,21
2020-05-23,Glenn,021,27897,15,12,0,12,0
2020-05-23,Humboldt,023,135768,105,80,0,80,2
2020-05-23,Imperial,025,180216,2585,1283,4,1287,14
2020-05-23,Inyo,027,18085,19,20,0,20,1
2020-05-23,Kern,029,883053,2388,1806,5,1811,31
2020-05-23,Kings,031,150075,761,444,3,447,2
2020-05-23,Lake,033,64148,23,10,0,10,0
2020-05-23,Lassen,035,31185,8,0,2,2,0
2020-05-23,Los Angeles,037,10098052,53090,44029,18,44047,2069
2020-05-23,Madera,039,155013,186,83,1,84,2
2020-05-23,Marin,041,260295,440,393,1,394,14
2020-05-23,Mariposa,043,17540,16,15,0,15,1
2020-05-23,Mendocino,045,87422,21,13,0,13,0
2020-05-23,Merced,047,269075,351,247,0,247,6
2020-05-23,Modoc,049,8938,0,0,0,0,0
2020-05-23,Mono,051,14174,36,34,0,34,1
2020-05-23,Monterey,053,433212,503,397,1,398,8
2020-05-23,Napa,055,140530,125,101,0,101,3
2020-05-23,Nevada,057,99092,43,41,1,42,1
2020-05-23,Orange,059,3164182,7768,5313,62,5375,113
2020-05-23,Placer,061,380077,215,184,0,184,9
2020-05-23,Plumas,063,18699,4,4,0,4,0
2020-05-23,Riverside,065,2383286,7834,6460,19,6479,284
2020-05-23,Sacramento,067,1510023,1372,1275,1,1276,50
2020-05-23,San Benito,069,59416,82,67,0,67,2
2020-05-23,San Bernardino,071,2135413,5326,4172,4,4176,175
2020-05-23,San Diego,073,3302833,7562,6561,0,6561,249
2020-05-23,San Francisco,075,870044,2494,2312,0,2312,40
2020-05-23,San Joaquin,077,732212,933,759,4,763,33
2020-05-23,San Luis Obispo,079,281455,335,256,4,260,1
2020-05-23,San Mateo,081,765935,2166,1862,3,1865,71
2020-05-23,Santa Barbara,083,443738,1668,1566,11,1577,9
2020-05-23,Santa Clara,085,1922200,3274,2593,11,2604,139
2020-05-23,Santa Cruz,087,273765,216,177,0,177,2
2020-05-23,Shasta,089,179085,53,35,0,35,4
2020-05-23,Sierra,091,2930,1,1,0,1,0
2020-05-23,Siskiyou,093,43540,7,6,0,6,0
2020-05-23,Solano,095,438530,537,435,0,435,5
2020-05-23,Sonoma,097,501317,539,462,0,462,4
2020-05-23,Stanislaus,099,539301,721,625,5,630,27
2020-05-23,Sutter,101,95872,44,38,0,38,2
2020-05-23,Tehama,103,63373,5,2,1,3,1
2020-05-23,Trinity,105,12862,6,1,2,3,0
2020-05-23,Tulare,107,460477,2285,1682,10,1692,73
2020-05-23,Tuolumne,109,53932,5,2,0,2,0
2020-05-23,Ventura,111,848112,1438,961,8,969,27
2020-05-23,Yolo,113,214977,209,188,0,188,22
2020-05-23,Yuba,115,75493,26,24,0,24,1
2020-05-22,Alameda,001,1643700,3276,2722,5,2727,91
2020-05-22,Alpine,003,1148,1,1,0,1,0
2020-05-22,Amador,005,37829,10,9,0,9,0
2020-05-22,Butte,007,227075,58,34,1,35,0
2020-05-22,Calaveras,009,45235,15,13,0,13,0
2020-05-22,Colusa,011,21464,7,4,0,4,0
2020-05-22,Contra Costa,013,1133247,1487,1272,1,1273,36
2020-05-22,Del Norte,015,27424,41,9,0,9,0
2020-05-22,El Dorado,017,186661,97,74,0,74,0
2020-05-22,Fresno,019,978130,2752,1399,40,1439,20
2020-05-22,Glenn,021,27897,15,12,0,12,0
2020-05-22,Humboldt,023,135768,105,80,0,80,2
2020-05-22,Imperial,025,180216,2485,1214,4,1218,14
2020-05-22,Inyo,027,18085,19,20,0,20,1
2020-05-22,Kern,029,883053,2339,1749,5,1754,28
2020-05-22,Kings,031,150075,758,428,3,431,2
2020-05-22,Lake,033,64148,22,10,0,10,0
2020-05-22,Lassen,035,31185,6,0,2,2,0
2020-05-22,Los Angeles,037,10098052,52298,43025,18,43043,2027
2020-05-22,Madera,039,155013,182,82,1,83,2
2020-05-22,Marin,041,260295,436,372,1,373,14
2020-05-22,Mariposa,043,17540,16,15,0,15,1
2020-05-22,Mendocino,045,87422,20,13,0,13,0
2020-05-22,Merced,047,269075,351,233,0,233,6
2020-05-22,Modoc,049,8938,0,0,0,0,0
2020-05-22,Mono,051,14174,36,34,0,34,1
2020-05-22,Monterey,053,433212,492,372,1,373,8
2020-05-22,Napa,055,140530,123,97,0,97,3
2020-05-22,Nevada,057,99092,42,41,1,42,1
2020-05-22,Orange,059,3164182,7571,5144,60,5204,113
2020-05-22,Placer,061,380077,215,181,0,181,9
2020-05-22,Plumas,063,18699,4,4,0,4,0
2020-05-22,Riverside,065,2383286,7719,6351,19,6370,283
2020-05-22,Sacramento,067,1510023,1356,1262,1,1263,50
2020-05-22,San Benito,069,59416,81,64,0,64,2
2020-05-22,San Bernardino,071,2135413,5251,4107,4,4111,173
2020-05-22,San Diego,073,3302833,7476,6436,0,6436,242
2020-05-22,San Francisco,075,870044,2476,2251,0,2251,40
2020-05-22,San Joaquin,077,732212,920,747,4,751,33
2020-05-22,San Luis Obispo,079,281455,335,254,4,258,1
2020-05-22,San Mateo,081,765935,2147,1847,3,1850,71
2020-05-22,Santa Barbara,083,443738,1658,1554,11,1565,9
2020-05-22,Santa Clara,085,1922200,3253,2537,11,2548,139
2020-05-22,Santa Cruz,087,273765,213,171,0,171,2
2020-05-22,Shasta,089,179085,53,34,0,34,4
2020-05-22,Sierra,091,2930,1,0,0,0,0
2020-05-22,Siskiyou,093,43540,7,6,0,6,0
2020-05-22,Solano,095,438530,534,431,0,431,4
2020-05-22,Sonoma,097,501317,535,444,0,444,4
2020-05-22,Stanislaus,099,539301,711,616,5,621,27
2020-05-22,Sutter,101,95872,44,38,0,38,2
2020-05-22,Tehama,103,63373,5,2,0,2,1
2020-05-22,Trinity,105,12862,6,1,2,3,0
2020-05-22,Tulare,107,460477,2255,1662,10,1672,73
2020-05-22,Tuolumne,109,53932,5,2,0,2,0
2020-05-22,Ventura,111,848112,1420,937,8,945,27
2020-05-22,Yolo,113,214977,207,187,0,187,22
2020-05-22,Yuba,115,75493,26,24,0,24,1
2020-05-21,Alameda,001,1643700,3211,2606,5,2611,89
2020-05-21,Alpine,003,1148,1,1,0,1,0
2020-05-21,Amador,005,37829,10,9,0,9,0
2020-05-21,Butte,007,227075,57,31,1,32,0
2020-05-21,Calaveras,009,45235,14,13,0,13,0
2020-05-21,Colusa,011,21464,7,4,0,4,0
2020-05-21,Contra Costa,013,1133247,1451,1243,1,1244,36
2020-05-21,Del Norte,015,27424,38,9,0,9,0
2020-05-21,El Dorado,017,186661,95,67,0,67,0
2020-05-21,Fresno,019,978130,2660,1362,39,1401,20
2020-05-21,Glenn,021,27897,14,12,0,12,0
2020-05-21,Humboldt,023,135768,104,79,0,79,0
2020-05-21,Imperial,025,180216,2325,1096,4,1100,14
2020-05-21,Inyo,027,18085,19,20,0,20,1
2020-05-21,Kern,029,883053,2263,1684,4,1688,27
2020-05-21,Kings,031,150075,737,417,2,419,2
2020-05-21,Lake,033,64148,17,10,0,10,0
2020-05-21,Lassen,035,31185,6,0,2,2,0
2020-05-21,Los Angeles,037,10098052,51264,42063,18,42081,1996
2020-05-21,Madera,039,155013,179,82,1,83,2
2020-05-21,Marin,041,260295,425,359,1,360,14
2020-05-21,Mariposa,043,17540,16,15,0,15,1
2020-05-21,Mendocino,045,87422,20,12,0,12,0
2020-05-21,Merced,047,269075,340,226,0,226,6
2020-05-21,Modoc,049,8938,0,0,0,0,0
2020-05-21,Mono,051,14174,36,33,0,33,1
2020-05-21,Monterey,053,433212,481,363,1,364,8
2020-05-21,Napa,055,140530,121,96,0,96,3
2020-05-21,Nevada,057,99092,42,41,1,42,1
2020-05-21,Orange,059,3164182,7368,4975,59,5034,106
2020-05-21,Placer,061,380077,208,176,0,176,8
2020-05-21,Plumas,063,18699,4,4,0,4,0
2020-05-21,Riverside,065,2383286,7533,6245,19,6264,279
2020-05-21,Sacramento,067,1510023,1343,1258,1,1259,56
2020-05-21,San Benito,069,59416,78,61,0,61,2
2020-05-21,San Bernardino,071,2135413,5104,3950,4,3954,167
2020-05-21,San Diego,073,3302833,7340,6317,0,6317,241
2020-05-21,San Francisco,075,870044,2452,2248,0,2248,37
2020-05-21,San Joaquin,077,732212,884,730,4,734,33
2020-05-21,San Luis Obispo,079,281455,335,251,3,254,1
2020-05-21,San Mateo,081,765935,2110,1791,3,1794,74
2020-05-21,Santa Barbara,083,443738,1643,1541,11,1552,10
2020-05-21,Santa Clara,085,1922200,3230,2520,11,2531,138
2020-05-21,Santa Cruz,087,273765,205,164,0,164,3
2020-05-21,Shasta,089,179085,51,34,0,34,4
2020-05-21,Sierra,091,2930,1,0,0,0,0
2020-05-21,Siskiyou,093,43540,7,6,0,6,0
2020-05-21,Solano,095,438530,525,424,0,424,4
2020-05-21,Sonoma,097,501317,517,427,0,427,4
2020-05-21,Stanislaus,099,539301,700,602,5,607,27
2020-05-21,Sutter,101,95872,43,38,0,38,2
2020-05-21,Tehama,103,63373,4,2,0,2,1
2020-05-21,Trinity,105,12862,5,1,2,3,0
2020-05-21,Tulare,107,460477,2205,1606,8,1614,73
2020-05-21,Tuolumne,109,53932,3,2,0,2,0
2020-05-21,Ventura,111,848112,1371,907,8,915,30
2020-05-21,Yolo,113,214977,204,185,0,185,22
2020-05-21,Yuba,115,75493,26,24,0,24,1
2020-05-20,Alameda,001,1643700,3138,2554,5,2559,89
2020-05-20,Alpine,003,1148,1,1,0,1,0
2020-05-20,Amador,005,37829,10,9,0,9,0
2020-05-20,Butte,007,227075,54,30,1,31,0
2020-05-20,Calaveras,009,45235,14,13,0,13,0
2020-05-20,Colusa,011,21464,7,3,0,3,0
2020-05-20,Contra Costa,013,1133247,1421,1223,1,1224,33
2020-05-20,Del Norte,015,27424,31,9,0,9,0
2020-05-20,El Dorado,017,186661,94,67,0,67,0
2020-05-20,Fresno,019,978130,2587,1329,38,1367,17
2020-05-20,Glenn,021,27897,13,12,0,12,0
2020-05-20,Humboldt,023,135768,101,73,0,73,0
2020-05-20,Imperial,025,180216,2212,1047,4,1051,14
2020-05-20,Inyo,027,18085,19,20,0,20,1
2020-05-20,Kern,029,883053,2200,1639,3,1642,27
2020-05-20,Kings,031,150075,593,403,2,405,2
2020-05-20,Lake,033,64148,17,9,0,9,0
2020-05-20,Lassen,035,31185,5,0,2,2,0
2020-05-20,Los Angeles,037,10098052,50270,40932,18,40950,1955
2020-05-20,Madera,039,155013,177,82,1,83,2
2020-05-20,Marin,041,260295,398,348,1,349,14
2020-05-20,Mariposa,043,17540,16,15,0,15,1
2020-05-20,Mendocino,045,87422,20,12,0,12,0
2020-05-20,Merced,047,269075,333,225,0,225,6
2020-05-20,Modoc,049,8938,0,0,0,0,0
2020-05-20,Mono,051,14174,36,33,0,33,1
2020-05-20,Monterey,053,433212,467,356,1,357,8
2020-05-20,Napa,055,140530,114,93,0,93,3
2020-05-20,Nevada,057,99092,42,41,1,42,1
2020-05-20,Orange,059,3164182,7160,4866,57,4923,96
2020-05-20,Placer,061,380077,206,176,0,176,8
2020-05-20,Plumas,063,18699,4,4,0,4,0
2020-05-20,Riverside,065,2383286,7390,6090,19,6109,265
2020-05-20,Sacramento,067,1510023,1333,1244,1,1245,56
2020-05-20,San Benito,069,59416,77,61,0,61,2
2020-05-20,San Bernardino,071,2135413,4976,3771,4,3775,161
2020-05-20,San Diego,073,3302833,7223,6142,0,6142,230
2020-05-20,San Francisco,075,870044,2429,2199,0,2199,37
2020-05-20,San Joaquin,077,732212,848,713,4,717,33
2020-05-20,San Luis Obispo,079,281455,328,249,3,252,1
2020-05-20,San Mateo,081,765935,2057,1739,3,1742,74
2020-05-20,Santa Barbara,083,443738,1624,1524,11,1535,10
2020-05-20,Santa Clara,085,1922200,3209,2508,10,2518,138
2020-05-20,Santa Cruz,087,273765,202,163,0,163,3
2020-05-20,Shasta,089,179085,51,34,0,34,4
2020-05-20,Sierra,091,2930,1,0,0,0,0
2020-05-20,Siskiyou,093,43540,7,6,0,6,0
2020-05-20,Solano,095,438530,520,418,0,418,4
2020-05-20,Sonoma,097,501317,508,411,0,411,4
2020-05-20,Stanislaus,099,539301,684,584,4,588,25
2020-05-20,Sutter,101,95872,43,38,0,38,2
2020-05-20,Tehama,103,63373,4,2,0,2,1
2020-05-20,Trinity,105,12862,4,1,1,2,0
2020-05-20,Tulare,107,460477,2164,1585,8,1593,71
2020-05-20,Tuolumne,109,53932,3,2,0,2,0
2020-05-20,Ventura,111,848112,1335,879,8,887,29
2020-05-20,Yolo,113,214977,201,184,0,184,22
2020-05-20,Yuba,115,75493,26,23,0,23,1
2020-05-19,Alameda,001,1643700,3061,2493,3,2496,88
2020-05-19,Alpine,003,1148,1,1,0,1,0
2020-05-19,Amador,005,37829,10,9,0,9,0
2020-05-19,Butte,007,227075,52,25,1,26,0
2020-05-19,Calaveras,009,45235,14,13,0,13,0
2020-05-19,Colusa,011,21464,5,3,0,3,0
2020-05-19,Contra Costa,013,1133247,1398,1205,1,1206,33
2020-05-19,Del Norte,015,27424,28,8,0,8,0
2020-05-19,El Dorado,017,186661,91,67,0,67,0
2020-05-19,Fresno,019,978130,2473,1288,37,1325,15
2020-05-19,Glenn,021,27897,13,12,0,12,0
2020-05-19,Humboldt,023,135768,101,72,0,72,0
2020-05-19,Imperial,025,180216,2050,1012,4,1016,14
2020-05-19,Inyo,027,18085,19,20,0,20,1
2020-05-19,Kern,029,883053,2102,1601,3,1604,26
2020-05-19,Kings,031,150075,582,393,2,395,2
2020-05-19,Lake,033,64148,14,11,0,11,0
2020-05-19,Lassen,035,31185,5,0,2,2,0
2020-05-19,Los Angeles,037,10098052,49064,39670,18,39688,1906
2020-05-19,Madera,039,155013,173,80,1,81,2
2020-05-19,Marin,041,260295,374,340,1,341,14
2020-05-19,Mariposa,043,17540,16,15,0,15,1
2020-05-19,Mendocino,045,87422,20,12,0,12,0
2020-05-19,Merced,047,269075,325,222,0,222,5
2020-05-19,Modoc,049,8938,0,0,0,0,0
2020-05-19,Mono,051,14174,36,33,0,33,1
2020-05-19,Monterey,053,433212,455,350,1,351,8
2020-05-19,Napa,055,140530,113,93,0,93,3
2020-05-19,Nevada,057,99092,42,41,1,42,1
2020-05-19,Orange,059,3164182,6966,4746,55,4801,90
2020-05-19,Placer,061,380077,204,177,0,177,8
2020-05-19,Plumas,063,18699,4,5,0,5,0
2020-05-19,Riverside,065,2383286,7230,5963,18,5981,265
2020-05-19,Sacramento,067,1510023,1319,1239,1,1240,57
2020-05-19,San Benito,069,59416,75,59,0,59,2
2020-05-19,San Bernardino,071,2135413,4826,3656,4,3660,158
2020-05-19,San Diego,073,3302833,7079,6028,0,6028,222
2020-05-19,San Francisco,075,870044,2395,2186,0,2186,37
2020-05-19,San Joaquin,077,732212,826,705,4,709,33
2020-05-19,San Luis Obispo,079,281455,327,245,3,248,1
2020-05-19,San Mateo,081,765935,2016,1704,3,1707,71
2020-05-19,Santa Barbara,083,443738,1610,1521,11,1532,10
2020-05-19,Santa Clara,085,1922200,3159,2480,10,2490,138
2020-05-19,Santa Cruz,087,273765,191,161,0,161,3
2020-05-19,Shasta,089,179085,51,34,0,34,4
2020-05-19,Sierra,091,2930,0,0,0,0,0
2020-05-19,Siskiyou,093,43540,7,6,0,6,0
2020-05-19,Solano,095,438530,506,415,0,415,4
2020-05-19,Sonoma,097,501317,497,389,0,389,4
2020-05-19,Stanislaus,099,539301,670,582,4,586,25
2020-05-19,Sutter,101,95872,43,38,0,38,2
2020-05-19,Tehama,103,63373,4,2,0,2,1
2020-05-19,Trinity,105,12862,3,1,0,1,0
2020-05-19,Tulare,107,460477,2116,1551,8,1559,68
2020-05-19,Tuolumne,109,53932,3,2,0,2,0
2020-05-19,Ventura,111,848112,1294,861,7,868,28
2020-05-19,Yolo,113,214977,199,183,0,183,22
2020-05-19,Yuba,115,75493,26,23,0,23,1
2020-05-18,Alameda,001,1643700,2988,2442,3,2445,84
2020-05-18,Alpine,003,1148,1,1,0,1,0
2020-05-18,Amador,005,37829,10,8,0,8,0
2020-05-18,Butte,007,227075,50,24,1,25,0
2020-05-18,Calaveras,009,45235,14,13,0,13,0
2020-05-18,Colusa,011,21464,5,3,0,3,0
2020-05-18,Contra Costa,013,1133247,1367,1173,1,1174,33
2020-05-18,Del Norte,015,27424,23,8,0,8,0
2020-05-18,El Dorado,017,186661,89,67,0,67,0
2020-05-18,Fresno,019,978130,2395,1244,36,1280,14
2020-05-18,Glenn,021,27897,13,11,0,11,0
2020-05-18,Humboldt,023,135768,101,70,0,70,0
2020-05-18,Imperial,025,180216,1897,767,4,771,14
2020-05-18,Inyo,027,18085,19,20,0,20,1
2020-05-18,Kern,029,883053,2053,1566,3,1569,26
2020-05-18,Kings,031,150075,551,381,2,383,2
2020-05-18,Lake,033,64148,13,9,0,9,0
2020-05-18,Lassen,035,31185,5,0,2,2,0
2020-05-18,Los Angeles,037,10098052,48043,38477,18,38495,1825
2020-05-18,Madera,039,155013,167,74,1,75,2
2020-05-18,Marin,041,260295,361,329,1,330,14
2020-05-18,Mariposa,043,17540,16,15,0,15,1
2020-05-18,Mendocino,045,87422,15,12,0,12,0
2020-05-18,Merced,047,269075,316,217,0,217,5
2020-05-18,Modoc,049,8938,0,0,0,0,0
2020-05-18,Mono,051,14174,36,33,0,33,1
2020-05-18,Monterey,053,433212,444,345,1,346,8
2020-05-18,Napa,055,140530,109,92,0,92,3
2020-05-18,Nevada,057,99092,42,41,1,42,1
2020-05-18,Orange,059,3164182,6777,4558,53,4611,88
2020-05-18,Placer,061,380077,202,176,0,176,8
2020-05-18,Plumas,063,18699,4,5,0,5,0
2020-05-18,Riverside,065,2383286,7030,5873,18,5891,253
2020-05-18,Sacramento,067,1510023,1313,1233,0,1233,57
2020-05-18,San Benito,069,59416,73,59,0,59,2
2020-05-18,San Bernardino,071,2135413,4679,3558,4,3562,156
2020-05-18,San Diego,073,3302833,6946,5948,0,5948,211
2020-05-18,San Francisco,075,870044,2372,2183,0,2183,36
2020-05-18,San Joaquin,077,732212,814,697,4,701,33
2020-05-18,San Luis Obispo,079,281455,323,243,3,246,1
2020-05-18,San Mateo,081,765935,1978,1701,3,1704,68
2020-05-18,Santa Barbara,083,443738,1599,1501,11,1512,10
2020-05-18,Santa Clara,085,1922200,3126,2468,10,2478,137
2020-05-18,Santa Cruz,087,273765,189,160,0,160,3
2020-05-18,Shasta,089,179085,50,34,0,34,4
2020-05-18,Sierra,091,2930,0,0,0,0,0
2020-05-18,Siskiyou,093,43540,7,6,0,6,0
2020-05-18,Solano,095,438530,496,398,0,398,4
2020-05-18,Sonoma,097,501317,479,387,0,387,4
2020-05-18,Stanislaus,099,539301,658,572,4,576,25
2020-05-18,Sutter,101,95872,43,38,0,38,2
2020-05-18,Tehama,103,63373,4,2,0,2,1
2020-05-18,Trinity,105,12862,3,1,0,1,0
2020-05-18,Tulare,107,460477,2072,1491,8,1499,63
2020-05-18,Tuolumne,109,53932,3,2,0,2,0
2020-05-18,Ventura,111,848112,1271,850,6,856,27
2020-05-18,Yolo,113,214977,194,183,0,183,22
2020-05-18,Yuba,115,75493,26,23,0,23,1
2020-05-17,Alameda,001,1643700,2893,2389,3,2392,83
2020-05-17,Alpine,003,1148,1,1,0,1,0
2020-05-17,Amador,005,37829,10,8,0,8,0
2020-05-17,Butte,007,227075,49,23,1,24,0
2020-05-17,Calaveras,009,45235,14,13,0,13,0
2020-05-17,Colusa,011,21464,3,3,0,3,0
2020-05-17,Contra Costa,013,1133247,1328,1155,1,1156,33
2020-05-17,Del Norte,015,27424,23,7,0,7,0
2020-05-17,El Dorado,017,186661,89,65,0,65,0
2020-05-17,Fresno,019,978130,2289,1213,33,1246,14
2020-05-17,Glenn,021,27897,13,9,0,9,0
2020-05-17,Humboldt,023,135768,94,70,0,70,0
2020-05-17,Imperial,025,180216,1749,715,4,719,14
2020-05-17,Inyo,027,18085,19,20,0,20,1
2020-05-17,Kern,029,883053,1975,1546,3,1549,26
2020-05-17,Kings,031,150075,504,356,2,358,2
2020-05-17,Lake,033,64148,13,7,0,7,0
2020-05-17,Lassen,035,31185,5,0,2,2,0
2020-05-17,Los Angeles,037,10098052,46805,37996,18,38014,1807
2020-05-17,Madera,039,155013,165,69,1,70,2
2020-05-17,Marin,041,260295,350,315,1,316,14
2020-05-17,Mariposa,043,17540,15,15,0,15,1
2020-05-17,Mendocino,045,87422,14,10,0,10,0
2020-05-17,Merced,047,269075,305,214,0,214,5
2020-05-17,Modoc,049,8938,0,0,0,0,0
2020-05-17,Mono,051,14174,36,32,0,32,1
2020-05-17,Monterey,053,433212,424,342,1,343,8
2020-05-17,Napa,055,140530,105,89,0,89,3
2020-05-17,Nevada,057,99092,42,41,1,42,1
2020-05-17,Orange,059,3164182,6598,4466,52,4518,88
2020-05-17,Placer,061,380077,197,175,0,175,8
2020-05-17,Plumas,063,18699,4,4,0,4,0
2020-05-17,Riverside,065,2383286,6857,5776,18,5794,245
2020-05-17,Sacramento,067,1510023,1302,1224,0,1224,56
2020-05-17,San Benito,069,59416,72,59,0,59,2
2020-05-17,San Bernardino,071,2135413,4529,3467,4,3471,155
2020-05-17,San Diego,073,3302833,6814,5838,0,5838,209
2020-05-17,San Francisco,075,870044,2345,2132,0,2132,36
2020-05-17,San Joaquin,077,732212,784,688,4,692,32
2020-05-17,San Luis Obispo,079,281455,321,242,3,245,1
2020-05-17,San Mateo,081,765935,1941,1680,3,1683,68
2020-05-17,Santa Barbara,083,443738,1578,1457,11,1468,10
2020-05-17,Santa Clara,085,1922200,3088,2453,10,2463,135
2020-05-17,Santa Cruz,087,273765,178,155,0,155,3
2020-05-17,Shasta,089,179085,49,34,0,34,4
2020-05-17,Sierra,091,2930,0,0,0,0,0
2020-05-17,Siskiyou,093,43540,7,6,0,6,0
2020-05-17,Solano,095,438530,484,392,0,392,4
2020-05-17,Sonoma,097,501317,458,376,0,376,4
2020-05-17,Stanislaus,099,539301,647,566,4,570,25
2020-05-17,Sutter,101,95872,42,38,0,38,2
2020-05-17,Tehama,103,63373,3,2,0,2,1
2020-05-17,Trinity,105,12862,2,1,0,1,0
2020-05-17,Tulare,107,460477,1996,1430,7,1437,63
2020-05-17,Tuolumne,109,53932,3,2,0,2,0
2020-05-17,Ventura,111,848112,1226,838,6,844,27
2020-05-17,Yolo,113,214977,192,182,0,182,22
2020-05-17,Yuba,115,75493,26,21,0,21,1
2020-05-16,Alameda,001,1643700,2843,2327,3,2330,83
2020-05-16,Alpine,003,1148,1,1,0,1,0
2020-05-16,Amador,005,37829,10,8,0,8,0
2020-05-16,Butte,007,227075,44,22,1,23,0
2020-05-16,Calaveras,009,45235,14,13,0,13,0
2020-05-16,Colusa,011,21464,3,3,0,3,0
2020-05-16,Contra Costa,013,1133247,1310,1136,1,1137,33
2020-05-16,Del Norte,015,27424,19,4,0,4,0
2020-05-16,El Dorado,017,186661,89,65,0,65,0
2020-05-16,Fresno,019,978130,2232,1177,33,1210,14
2020-05-16,Glenn,021,27897,13,9,0,9,0
2020-05-16,Humboldt,023,135768,92,69,0,69,0
2020-05-16,Imperial,025,180216,1685,712,4,716,14
2020-05-16,Inyo,027,18085,19,20,0,20,1
2020-05-16,Kern,029,883053,1939,1509,3,1512,26
2020-05-16,Kings,031,150075,494,356,2,358,2
2020-05-16,Lake,033,64148,13,7,0,7,0
2020-05-16,Lassen,035,31185,4,0,2,2,0
2020-05-16,Los Angeles,037,10098052,46228,37352,18,37370,1778
2020-05-16,Madera,039,155013,163,70,1,71,2
2020-05-16,Marin,041,260295,346,297,1,298,14
2020-05-16,Mariposa,043,17540,15,15,0,15,1
2020-05-16,Mendocino,045,87422,14,10,0,10,0
2020-05-16,Merced,047,269075,303,201,0,201,5
2020-05-16,Modoc,049,8938,0,0,0,0,0
2020-05-16,Mono,051,14174,36,32,0,32,1
2020-05-16,Monterey,053,433212,409,329,1,330,8
2020-05-16,Napa,055,140530,105,86,0,86,3
2020-05-16,Nevada,057,99092,42,41,1,42,1
2020-05-16,Orange,059,3164182,6522,4396,52,4448,87
2020-05-16,Placer,061,380077,195,174,0,174,8
2020-05-16,Plumas,063,18699,4,4,0,4,0
2020-05-16,Riverside,065,2383286,6772,5633,18,5651,243
2020-05-16,Sacramento,067,1510023,1295,1209,0,1209,55
2020-05-16,San Benito,069,59416,67,58,0,58,2
2020-05-16,San Bernardino,071,2135413,4457,3362,4,3366,155
2020-05-16,San Diego,073,3302833,6728,5664,0,5664,209
2020-05-16,San Francisco,075,870044,2322,2094,0,2094,36
2020-05-16,San Joaquin,077,732212,776,668,4,672,32
2020-05-16,San Luis Obispo,079,281455,320,240,3,243,1
2020-05-16,San Mateo,081,765935,1926,1652,3,1655,68
2020-05-16,Santa Barbara,083,443738,1567,1422,10,1432,10
2020-05-16,Santa Clara,085,1922200,3070,2420,10,2430,135
2020-05-16,Santa Cruz,087,273765,175,154,0,154,3
2020-05-16,Shasta,089,179085,49,33,0,33,4
2020-05-16,Sierra,091,2930,0,0,0,0,0
2020-05-16,Siskiyou,093,43540,7,6,0,6,0
2020-05-16,Solano,095,438530,479,392,0,392,4
2020-05-16,Sonoma,097,501317,445,356,0,356,4
2020-05-16,Stanislaus,099,539301,638,546,4,550,24
2020-05-16,Sutter,101,95872,42,35,0,35,2
2020-05-16,Tehama,103,63373,3,2,0,2,1
2020-05-16,Trinity,105,12862,2,1,0,1,0
2020-05-16,Tulare,107,460477,1978,1426,7,1433,63
2020-05-16,Tuolumne,109,53932,3,2,0,2,0
2020-05-16,Ventura,111,848112,1200,813,6,819,25
2020-05-16,Yolo,113,214977,191,181,0,181,22
2020-05-16,Yuba,115,75493,26,21,0,21,1
2020-05-15,Alameda,001,1643700,2809,2289,3,2292,83
2020-05-15,Alpine,003,1148,1,1,0,1,0
2020-05-15,Amador,005,37829,10,8,0,8,0
2020-05-15,Butte,007,227075,42,22,1,23,0
2020-05-15,Calaveras,009,45235,14,13,0,13,0
2020-05-15,Colusa,011,21464,3,3,0,3,0
2020-05-15,Contra Costa,013,1133247,1292,1106,1,1107,33
2020-05-15,Del Norte,015,27424,14,4,0,4,0
2020-05-15,El Dorado,017,186661,89,64,0,64,0
2020-05-15,Fresno,019,978130,2165,1126,33,1159,14
2020-05-15,Glenn,021,27897,13,9,0,9,0
2020-05-15,Humboldt,023,135768,91,60,0,60,0
2020-05-15,Imperial,025,180216,1601,680,0,680,14
2020-05-15,Inyo,027,18085,19,20,0,20,1
2020-05-15,Kern,029,883053,1883,1472,3,1475,25
2020-05-15,Kings,031,150075,491,347,2,349,2
2020-05-15,Lake,033,64148,13,7,0,7,0
2020-05-15,Lassen,035,31185,4,0,2,2,0
2020-05-15,Los Angeles,037,10098052,45442,36317,18,36335,1734
2020-05-15,Madera,039,155013,162,71,1,72,2
2020-05-15,Marin,041,260295,338,295,1,296,14
2020-05-15,Mariposa,043,17540,15,15,0,15,1
2020-05-15,Mendocino,045,87422,14,10,0,10,0
2020-05-15,Merced,047,269075,300,191,0,191,5
2020-05-15,Modoc,049,8938,0,0,0,0,0
2020-05-15,Mono,051,14174,36,31,0,31,1
2020-05-15,Monterey,053,433212,403,321,1,322,8
2020-05-15,Napa,055,140530,105,83,0,83,3
2020-05-15,Nevada,057,99092,42,41,1,42,1
2020-05-15,Orange,059,3164182,6349,4281,52,4333,87
2020-05-15,Placer,061,380077,193,174,0,174,8
2020-05-15,Plumas,063,18699,4,4,0,4,0
2020-05-15,Riverside,065,2383286,6658,5496,18,5514,233
2020-05-15,Sacramento,067,1510023,1285,1203,0,1203,55
2020-05-15,San Benito,069,59416,64,57,0,57,2
2020-05-15,San Bernardino,071,2135413,4379,3225,4,3229,153
2020-05-15,San Diego,073,3302833,6621,5525,0,5525,208
2020-05-15,San Francisco,075,870044,2306,2062,0,2062,36
2020-05-15,San Joaquin,077,732212,770,656,4,660,32
2020-05-15,San Luis Obispo,079,281455,318,237,3,240,1
2020-05-15,San Mateo,081,765935,1904,1612,3,1615,68
2020-05-15,Santa Barbara,083,443738,1558,1409,9,1418,10
2020-05-15,Santa Clara,085,1922200,3027,2395,9,2404,135
2020-05-15,Santa Cruz,087,273765,174,146,0,146,3
2020-05-15,Shasta,089,179085,48,33,0,33,4
2020-05-15,Sierra,091,2930,0,0,0,0,0
2020-05-15,Siskiyou,093,43540,6,5,0,5,0
2020-05-15,Solano,095,438530,475,388,0,388,4
2020-05-15,Sonoma,097,501317,437,349,0,349,4
2020-05-15,Stanislaus,099,539301,631,540,4,544,23
2020-05-15,Sutter,101,95872,41,35,0,35,2
2020-05-15,Tehama,103,63373,3,1,0,1,1
2020-05-15,Trinity,105,12862,2,1,0,1,0
2020-05-15,Tulare,107,460477,1950,1356,7,1363,61
2020-05-15,Tuolumne,109,53932,3,2,0,2,0
2020-05-15,Ventura,111,848112,1182,789,5,794,25
2020-05-15,Yolo,113,214977,190,182,0,182,22
2020-05-15,Yuba,115,75493,26,21,0,21,1
2020-05-14,Alameda,001,1643700,2716,2255,3,2258,80
2020-05-14,Alpine,003,1148,1,1,0,1,0
2020-05-14,Amador,005,37829,10,8,0,8,0
2020-05-14,Butte,007,227075,40,22,1,23,0
2020-05-14,Calaveras,009,45235,14,13,0,13,0
2020-05-14,Colusa,011,21464,3,3,0,3,0
2020-05-14,Contra Costa,013,1133247,1266,1090,1,1091,32
2020-05-14,Del Norte,015,27424,14,4,0,4,0
2020-05-14,El Dorado,017,186661,80,59,0,59,0
2020-05-14,Fresno,019,978130,2105,1038,29,1067,12
2020-05-14,Glenn,021,27897,12,8,0,8,0
2020-05-14,Humboldt,023,135768,89,59,0,59,0
2020-05-14,Imperial,025,180216,1484,652,0,652,13
2020-05-14,Inyo,027,18085,19,20,0,20,1
2020-05-14,Kern,029,883053,1841,1430,3,1433,21
2020-05-14,Kings,031,150075,475,342,2,344,1
2020-05-14,Lake,033,64148,13,7,0,7,0
2020-05-14,Lassen,035,31185,4,0,2,2,0
2020-05-14,Los Angeles,037,10098052,44267,35427,18,35445,1693
2020-05-14,Madera,039,155013,153,69,1,70,2
2020-05-14,Marin,041,260295,320,283,1,284,14
2020-05-14,Mariposa,043,17540,15,15,0,15,0
2020-05-14,Mendocino,045,87422,13,10,0,10,0
2020-05-14,Merced,047,269075,290,182,0,182,3
2020-05-14,Modoc,049,8938,0,0,0,0,0
2020-05-14,Mono,051,14174,36,31,0,31,1
2020-05-14,Monterey,053,433212,393,317,1,318,7
2020-05-14,Napa,055,140530,103,83,0,83,3
2020-05-14,Nevada,057,99092,41,41,1,42,1
2020-05-14,Orange,059,3164182,6173,4163,50,4213,83
2020-05-14,Placer,061,380077,193,172,0,172,8
2020-05-14,Plumas,063,18699,4,4,0,4,0
2020-05-14,Riverside,065,2383286,6474,5339,18,5357,224
2020-05-14,Sacramento,067,1510023,1273,1181,0,1181,55
2020-05-14,San Benito,069,59416,62,56,0,56,2
2020-05-14,San Bernardino,071,2135413,4200,3149,4,3153,149
2020-05-14,San Diego,073,3302833,6486,5393,0,5393,200
2020-05-14,San Francisco,075,870044,2273,2029,0,2029,36
2020-05-14,San Joaquin,077,732212,755,643,4,647,31
2020-05-14,San Luis Obispo,079,281455,315,236,3,239,1
2020-05-14,San Mateo,081,765935,1872,1588,3,1591,67
2020-05-14,Santa Barbara,083,443738,1546,1395,9,1404,11
2020-05-14,Santa Clara,085,1922200,3004,2380,9,2389,134
2020-05-14,Santa Cruz,087,273765,172,145,0,145,3
2020-05-14,Shasta,089,179085,48,33,0,33,4
2020-05-14,Sierra,091,2930,0,0,0,0,0
2020-05-14,Siskiyou,093,43540,6,5,0,5,0
2020-05-14,Solano,095,438530,466,372,0,372,4
2020-05-14,Sonoma,097,501317,420,333,0,333,4
2020-05-14,Stanislaus,099,539301,612,533,4,537,23
2020-05-14,Sutter,101,95872,41,34,0,34,2
2020-05-14,Tehama,103,63373,3,1,0,1,1
2020-05-14,Trinity,105,12862,2,1,0,1,0
2020-05-14,Tulare,107,460477,1911,1317,7,1324,55
2020-05-14,Tuolumne,109,53932,3,2,0,2,0
2020-05-14,Ventura,111,848112,1151,760,5,765,25
2020-05-14,Yolo,113,214977,190,180,0,180,22
2020-05-14,Yuba,115,75493,26,21,0,21,1
2020-05-13,Alameda,001,1643700,2658,2181,3,2184,78
2020-05-13,Alpine,003,1148,1,1,0,1,0
2020-05-13,Amador,005,37829,10,8,0,8,0
2020-05-13,Butte,007,227075,40,21,1,22,0
2020-05-13,Calaveras,009,45235,14,13,0,13,0
2020-05-13,Colusa,011,21464,3,3,0,3,0
2020-05-13,Contra Costa,013,1133247,1244,1082,1,1083,32
2020-05-13,Del Norte,015,27424,13,4,0,4,0
2020-05-13,El Dorado,017,186661,79,58,0,58,0
2020-05-13,Fresno,019,978130,2009,993,29,1022,10
2020-05-13,Glenn,021,27897,11,6,0,6,0
2020-05-13,Humboldt,023,135768,83,58,0,58,0
2020-05-13,Imperial,025,180216,1414,610,0,610,11
2020-05-13,Inyo,027,18085,19,20,0,20,1
2020-05-13,Kern,029,883053,1795,1390,3,1393,19
2020-05-13,Kings,031,150075,461,314,2,316,1
2020-05-13,Lake,033,64148,13,7,0,7,0
2020-05-13,Lassen,035,31185,4,0,2,2,0
2020-05-13,Los Angeles,037,10098052,42961,34574,18,34592,1643
2020-05-13,Madera,039,155013,144,69,1,70,2
2020-05-13,Marin,041,260295,307,278,1,279,14
2020-05-13,Mariposa,043,17540,15,15,0,15,0
2020-05-13,Mendocino,045,87422,13,10,0,10,0
2020-05-13,Merced,047,269075,287,176,0,176,3
2020-05-13,Modoc,049,8938,0,0,0,0,0
2020-05-13,Mono,051,14174,35,31,0,31,1
2020-05-13,Monterey,053,433212,383,309,1,310,6
2020-05-13,Napa,055,140530,103,81,0,81,3
2020-05-13,Nevada,057,99092,41,41,1,42,1
2020-05-13,Orange,059,3164182,5927,4025,48,4073,79
2020-05-13,Placer,061,380077,192,170,0,170,8
2020-05-13,Plumas,063,18699,4,4,0,4,0
2020-05-13,Riverside,065,2383286,6351,5204,18,5222,216
2020-05-13,Sacramento,067,1510023,1258,1173,0,1173,53
2020-05-13,San Benito,069,59416,62,55,0,55,2
2020-05-13,San Bernardino,071,2135413,3944,3064,3,3067,140
2020-05-13,San Diego,073,3302833,6350,5280,0,5280,194
2020-05-13,San Francisco,075,870044,2245,2004,0,2004,35
2020-05-13,San Joaquin,077,732212,734,639,3,642,31
2020-05-13,San Luis Obispo,079,281455,313,231,3,234,1
2020-05-13,San Mateo,081,765935,1840,1550,3,1553,66
2020-05-13,Santa Barbara,083,443738,1535,1382,9,1391,10
2020-05-13,Santa Clara,085,1922200,2984,2370,9,2379,132
2020-05-13,Santa Cruz,087,273765,168,142,0,142,2
2020-05-13,Shasta,089,179085,48,32,0,32,4
2020-05-13,Sierra,091,2930,0,0,0,0,0
2020-05-13,Siskiyou,093,43540,6,5,0,5,0
2020-05-13,Solano,095,438530,453,368,0,368,4
2020-05-13,Sonoma,097,501317,410,330,0,330,4
2020-05-13,Stanislaus,099,539301,603,521,4,525,15
2020-05-13,Sutter,101,95872,41,33,0,33,2
2020-05-13,Tehama,103,63373,3,1,0,1,1
2020-05-13,Trinity,105,12862,2,2,0,2,0
2020-05-13,Tulare,107,460477,1878,1283,7,1290,54
2020-05-13,Tuolumne,109,53932,3,2,0,2,0
2020-05-13,Ventura,111,848112,1120,742,5,747,25
2020-05-13,Yolo,113,214977,188,178,0,178,22
2020-05-13,Yuba,115,75493,24,19,0,19,1
2020-05-12,Alameda,001,1643700,2593,2146,3,2149,74
2020-05-12,Alpine,003,1148,1,1,0,1,0
2020-05-12,Amador,005,37829,10,8,0,8,0
2020-05-12,Butte,007,227075,38,20,1,21,0
2020-05-12,Calaveras,009,45235,13,13,0,13,0
2020-05-12,Colusa,011,21464,3,3,0,3,0
2020-05-12,Contra Costa,013,1133247,1213,1067,1,1068,32
2020-05-12,Del Norte,015,27424,10,3,0,3,0
2020-05-12,El Dorado,017,186661,76,56,0,56,0
2020-05-12,Fresno,019,978130,1925,978,27,1005,9
2020-05-12,Glenn,021,27897,10,6,0,6,0
2020-05-12,Humboldt,023,135768,80,58,0,58,0
2020-05-12,Imperial,025,180216,1283,602,0,602,9
2020-05-12,Inyo,027,18085,19,20,0,20,1
2020-05-12,Kern,029,883053,1754,1363,3,1366,18
2020-05-12,Kings,031,150075,440,302,2,304,1
2020-05-12,Lake,033,64148,13,7,0,7,0
2020-05-12,Lassen,035,31185,4,0,2,2,0
2020-05-12,Los Angeles,037,10098052,41966,33281,17,33298,1601
2020-05-12,Madera,039,155013,138,69,1,70,2
2020-05-12,Marin,041,260295,302,274,1,275,14
2020-05-12,Mariposa,043,17540,15,15,0,15,0
2020-05-12,Mendocino,045,87422,13,10,0,10,0
2020-05-12,Merced,047,269075,276,175,0,175,3
2020-05-12,Modoc,049,8938,0,0,0,0,0
2020-05-12,Mono,051,14174,35,31,0,31,1
2020-05-12,Monterey,053,433212,376,298,1,299,6
2020-05-12,Napa,055,140530,101,80,0,80,3
2020-05-12,Nevada,057,99092,41,41,1,42,1
2020-05-12,Orange,059,3164182,5744,3843,46,3889,78
2020-05-12,Placer,061,380077,191,170,0,170,8
2020-05-12,Plumas,063,18699,4,4,0,4,0
2020-05-12,Riverside,065,2383286,6229,5134,18,5152,210
2020-05-12,Sacramento,067,1510023,1238,1166,0,1166,52
2020-05-12,San Benito,069,59416,62,55,0,55,2
2020-05-12,San Bernardino,071,2135413,3792,2997,3,3000,131
2020-05-12,San Diego,073,3302833,6206,3,0,3,0
2020-05-12,San Francisco,075,870044,2210,1981,0,1981,35
2020-05-12,San Joaquin,077,732212,719,625,3,628,30
2020-05-12,San Luis Obispo,079,281455,310,226,3,229,1
2020-05-12,San Mateo,081,765935,1814,1533,3,1536,66
2020-05-12,Santa Barbara,083,443738,1504,1377,9,1386,10
2020-05-12,Santa Clara,085,1922200,2954,2362,9,2371,131
2020-05-12,Santa Cruz,087,273765,166,141,0,141,2
2020-05-12,Shasta,089,179085,47,33,0,33,4
2020-05-12,Sierra,091,2930,0,0,0,0,0
2020-05-12,Siskiyou,093,43540,6,5,0,5,0
2020-05-12,Solano,095,438530,445,361,0,361,4
2020-05-12,Sonoma,097,501317,387,308,0,308,4
2020-05-12,Stanislaus,099,539301,596,515,4,519,15
2020-05-12,Sutter,101,95872,41,33,0,33,2
2020-05-12,Tehama,103,63373,3,1,0,1,1
2020-05-12,Trinity,105,12862,2,1,0,1,0
2020-05-12,Tulare,107,460477,1846,1261,7,1268,52
2020-05-12,Tuolumne,109,53932,3,2,0,2,0
2020-05-12,Ventura,111,848112,1064,718,5,723,20
2020-05-12,Yolo,113,214977,187,176,0,176,22
2020-05-12,Yuba,115,75493,24,19,0,19,1
2020-05-11,Alameda,001,1643700,2543,2103,3,2106,71
2020-05-11,Alpine,003,1148,1,1,0,1,0
2020-05-11,Amador,005,37829,10,8,0,8,0
2020-05-11,Butte,007,227075,37,19,1,20,0
2020-05-11,Calaveras,009,45235,13,13,0,13,0
2020-05-11,Colusa,011,21464,3,3,0,3,0
2020-05-11,Contra Costa,013,1133247,1199,1052,1,1053,32
2020-05-11,Del Norte,015,27424,8,3,0,3,0
2020-05-11,El Dorado,017,186661,76,55,0,55,0
2020-05-11,Fresno,019,978130,1834,937,26,963,8
2020-05-11,Glenn,021,27897,10,6,0,6,0
2020-05-11,Humboldt,023,135768,77,56,0,56,0
2020-05-11,Imperial,025,180216,1177,562,0,562,9
2020-05-11,Inyo,027,18085,19,20,0,20,1
2020-05-11,Kern,029,883053,1702,1331,3,1334,17
2020-05-11,Kings,031,150075,417,289,1,290,1
2020-05-11,Lake,033,64148,12,7,0,7,0
2020-05-11,Lassen,035,31185,4,0,2,2,0
2020-05-11,Los Angeles,037,10098052,40787,32279,17,32296,1553
2020-05-11,Madera,039,155013,129,68,1,69,2
2020-05-11,Marin,041,260295,293,271,1,272,14
2020-05-11,Mariposa,043,17540,15,15,0,15,0
2020-05-11,Mendocino,045,87422,13,10,0,10,0
2020-05-11,Merced,047,269075,261,158,0,158,3
2020-05-11,Modoc,049,8938,0,0,0,0,0
2020-05-11,Mono,051,14174,35,30,0,30,1
2020-05-11,Monterey,053,433212,373,286,1,287,6
2020-05-11,Napa,055,140530,95,79,0,79,2
2020-05-11,Nevada,057,99092,41,41,1,42,1
2020-05-11,Orange,059,3164182,5529,3699,39,3738,77
2020-05-11,Placer,061,380077,191,170,0,170,8
2020-05-11,Plumas,063,18699,4,4,0,4,0
2020-05-11,Riverside,065,2383286,6071,5082,17,5099,203
2020-05-11,Sacramento,067,1510023,1223,1160,0,1160,52
2020-05-11,San Benito,069,59416,60,52,0,52,2
2020-05-11,San Bernardino,071,2135413,3682,2945,3,2948,124
2020-05-11,San Diego,073,3302833,6053,5067,0,5067,175
2020-05-11,San Francisco,075,870044,2163,1974,0,1974,35
2020-05-11,San Joaquin,077,732212,709,620,3,623,30
2020-05-11,San Luis Obispo,079,281455,308,224,3,227,1
2020-05-11,San Mateo,081,765935,1788,1499,2,1501,66
2020-05-11,Santa Barbara,083,443738,1493,1372,8,1380,10
2020-05-11,Santa Clara,085,1922200,2937,2340,9,2349,129
2020-05-11,Santa Cruz,087,273765,163,140,0,140,2
2020-05-11,Shasta,089,179085,47,31,0,31,4
2020-05-11,Sierra,091,2930,0,0,0,0,0
2020-05-11,Siskiyou,093,43540,6,5,0,5,0
2020-05-11,Solano,095,438530,440,354,0,354,4
2020-05-11,Sonoma,097,501317,377,303,0,303,3
2020-05-11,Stanislaus,099,539301,586,507,4,511,14
2020-05-11,Sutter,101,95872,40,32,0,32,2
2020-05-11,Tehama,103,63373,3,1,0,1,1
2020-05-11,Trinity,105,12862,2,1,0,1,0
2020-05-11,Tulare,107,460477,1797,1203,7,1210,49
2020-05-11,Tuolumne,109,53932,3,2,0,2,0
2020-05-11,Ventura,111,848112,1003,698,4,702,19
2020-05-11,Yolo,113,214977,187,174,0,174,20
2020-05-11,Yuba,115,75493,24,18,0,18,1
2020-05-10,Alameda,001,1643700,2466,2047,3,2050,71
2020-05-10,Alpine,003,1148,1,1,0,1,0
2020-05-10,Amador,005,37829,10,8,0,8,0
2020-05-10,Butte,007,227075,32,18,1,19,0
2020-05-10,Calaveras,009,45235,13,13,0,13,0
2020-05-10,Colusa,011,21464,3,3,0,3,0
2020-05-10,Contra Costa,013,1133247,1185,1046,0,1046,31
2020-05-10,Del Norte,015,27424,7,3,0,3,0
2020-05-10,El Dorado,017,186661,76,55,0,55,0
2020-05-10,Fresno,019,978130,1749,894,26,920,8
2020-05-10,Glenn,021,27897,10,6,0,6,0
2020-05-10,Humboldt,023,135768,73,56,0,56,0
2020-05-10,Imperial,025,180216,1082,509,0,509,7
2020-05-10,Inyo,027,18085,19,20,0,20,1
2020-05-10,Kern,029,883053,1651,1300,2,1302,16
2020-05-10,Kings,031,150075,404,266,1,267,1
2020-05-10,Lake,033,64148,12,7,0,7,0
2020-05-10,Lassen,035,31185,4,0,2,2,0
2020-05-10,Los Angeles,037,10098052,39528,31711,17,31728,1514
2020-05-10,Madera,039,155013,127,65,1,66,2
2020-05-10,Marin,041,260295,285,267,1,268,14
2020-05-10,Mariposa,043,17540,15,15,0,15,0
2020-05-10,Mendocino,045,87422,12,10,0,10,0
2020-05-10,Merced,047,269075,246,154,0,154,3
2020-05-10,Modoc,049,8938,0,0,0,0,0
2020-05-10,Mono,051,14174,35,27,0,27,1
2020-05-10,Monterey,053,433212,359,282,1,283,6
2020-05-10,Napa,055,140530,89,79,0,79,2
2020-05-10,Nevada,057,99092,41,41,1,42,1
2020-05-10,Orange,059,3164182,5386,3627,39,3666,76
2020-05-10,Placer,061,380077,190,168,0,168,8
2020-05-10,Plumas,063,18699,4,4,0,4,0
2020-05-10,Riverside,065,2383286,5949,4951,17,4968,193
2020-05-10,Sacramento,067,1510023,1207,1152,0,1152,52
2020-05-10,San Benito,069,59416,60,52,0,52,2
2020-05-10,San Bernardino,071,2135413,3584,2910,3,2913,121
2020-05-10,San Diego,073,3302833,5901,4928,0,4928,175
2020-05-10,San Francisco,075,870044,2145,1953,0,1953,35
2020-05-10,San Joaquin,077,732212,694,611,3,614,29
2020-05-10,San Luis Obispo,079,281455,305,218,3,221,1
2020-05-10,San Mateo,081,765935,1766,1463,2,1465,65
2020-05-10,Santa Barbara,083,443738,1482,1323,8,1331,10
2020-05-10,Santa Clara,085,1922200,2910,2331,9,2340,129
2020-05-10,Santa Cruz,087,273765,162,139,0,139,2
2020-05-10,Shasta,089,179085,47,31,0,31,4
2020-05-10,Sierra,091,2930,0,0,0,0,0
2020-05-10,Siskiyou,093,43540,5,5,0,5,0
2020-05-10,Solano,095,438530,430,322,0,322,4
2020-05-10,Sonoma,097,501317,367,290,0,290,3
2020-05-10,Stanislaus,099,539301,579,498,4,502,14
2020-05-10,Sutter,101,95872,37,31,0,31,2
2020-05-10,Tehama,103,63373,3,1,0,1,1
2020-05-10,Trinity,105,12862,2,1,0,1,0
2020-05-10,Tulare,107,460477,1726,1143,7,1150,47
2020-05-10,Tuolumne,109,53932,3,2,0,2,0
2020-05-10,Ventura,111,848112,945,690,2,692,19
2020-05-10,Yolo,113,214977,187,173,0,173,20
2020-05-10,Yuba,115,75493,23,17,0,17,1
2020-05-09,Alameda,001,1643700,2423,2011,3,2014,71
2020-05-09,Alpine,003,1148,1,1,0,1,0
2020-05-09,Amador,005,37829,9,8,0,8,0
2020-05-09,Butte,007,227075,31,18,1,19,0
2020-05-09,Calaveras,009,45235,13,13,0,13,0
2020-05-09,Colusa,011,21464,3,3,0,3,0
2020-05-09,Contra Costa,013,1133247,1171,1039,0,1039,31
2020-05-09,Del Norte,015,27424,7,3,0,3,0
2020-05-09,El Dorado,017,186661,73,54,0,54,0
2020-05-09,Fresno,019,978130,1711,861,25,886,8
2020-05-09,Glenn,021,27897,9,6,0,6,0
2020-05-09,Humboldt,023,135768,71,55,0,55,0
2020-05-09,Imperial,025,180216,1026,474,0,474,7
2020-05-09,Inyo,027,18085,19,20,0,20,1
2020-05-09,Kern,029,883053,1615,1262,1,1263,15
2020-05-09,Kings,031,150075,399,264,1,265,1
2020-05-09,Lake,033,64148,12,7,0,7,0
2020-05-09,Lassen,035,31185,4,0,2,2,0
2020-05-09,Los Angeles,037,10098052,38906,31268,17,31285,1499
2020-05-09,Madera,039,155013,126,61,1,62,2
2020-05-09,Marin,041,260295,284,261,1,262,14
2020-05-09,Mariposa,043,17540,15,15,0,15,0
2020-05-09,Mendocino,045,87422,12,10,0,10,0
2020-05-09,Merced,047,269075,242,153,0,153,3
2020-05-09,Modoc,049,8938,0,0,0,0,0
2020-05-09,Mono,051,14174,35,27,0,27,1
2020-05-09,Monterey,053,433212,352,273,1,274,6
2020-05-09,Napa,055,140530,88,78,0,78,2
2020-05-09,Nevada,057,99092,41,41,1,42,1
2020-05-09,Orange,059,3164182,5304,3506,38,3544,75
2020-05-09,Placer,061,380077,189,168,0,168,8
2020-05-09,Plumas,063,18699,4,4,0,4,0
2020-05-09,Riverside,065,2383286,5854,4871,17,4888,183
2020-05-09,Sacramento,067,1510023,1203,1150,0,1150,52
2020-05-09,San Benito,069,59416,59,52,0,52,2
2020-05-09,San Bernardino,071,2135413,3528,2825,3,2828,121
2020-05-09,San Diego,073,3302833,5789,4778,0,4778,175
2020-05-09,San Francisco,075,870044,2130,1944,0,1944,34
2020-05-09,San Joaquin,077,732212,685,605,3,608,28
2020-05-09,San Luis Obispo,079,281455,301,213,3,216,1
2020-05-09,San Mateo,081,765935,1747,1453,2,1455,65
2020-05-09,Santa Barbara,083,443738,1474,1245,8,1253,10
2020-05-09,Santa Clara,085,1922200,2896,2317,9,2326,128
2020-05-09,Santa Cruz,087,273765,161,138,0,138,2
2020-05-09,Shasta,089,179085,47,31,0,31,4
2020-05-09,Sierra,091,2930,0,0,0,0,0
2020-05-09,Siskiyou,093,43540,5,5,0,5,0
2020-05-09,Solano,095,438530,424,321,0,321,4
2020-05-09,Sonoma,097,501317,363,288,0,288,3
2020-05-09,Stanislaus,099,539301,571,491,4,495,12
2020-05-09,Sutter,101,95872,37,31,0,31,2
2020-05-09,Tehama,103,63373,2,1,0,1,1
2020-05-09,Trinity,105,12862,2,1,0,1,0
2020-05-09,Tulare,107,460477,1698,1083,7,1090,47
2020-05-09,Tuolumne,109,53932,3,2,0,2,0
2020-05-09,Ventura,111,848112,924,679,2,681,19
2020-05-09,Yolo,113,214977,187,172,0,172,18
2020-05-09,Yuba,115,75493,23,17,0,17,1
2020-05-08,Alameda,001,1643700,2380,1955,3,1958,70
2020-05-08,Alpine,003,1148,1,1,0,1,0
2020-05-08,Amador,005,37829,9,8,0,8,0
2020-05-08,Butte,007,227075,31,18,1,19,0
2020-05-08,Calaveras,009,45235,13,13,0,13,0
2020-05-08,Colusa,011,21464,3,3,0,3,0
2020-05-08,Contra Costa,013,1133247,1159,1024,0,1024,29
2020-05-08,Del Norte,015,27424,7,3,0,3,0
2020-05-08,El Dorado,017,186661,72,54,0,54,0
2020-05-08,Fresno,019,978130,1669,838,23,861,8
2020-05-08,Glenn,021,27897,8,6,0,6,0
2020-05-08,Humboldt,023,135768,68,54,0,54,0
2020-05-08,Imperial,025,180216,981,467,0,467,7
2020-05-08,Inyo,027,18085,19,20,0,20,1
2020-05-08,Kern,029,883053,1584,1214,1,1215,13
2020-05-08,Kings,031,150075,390,236,1,237,1
2020-05-08,Lake,033,64148,12,7,0,7,0
2020-05-08,Lassen,035,31185,4,0,2,2,0
2020-05-08,Los Angeles,037,10098052,38174,30357,17,30374,1447
2020-05-08,Madera,039,155013,123,57,1,58,2
2020-05-08,Marin,041,260295,284,257,1,258,14
2020-05-08,Mariposa,043,17540,15,15,0,15,0
2020-05-08,Mendocino,045,87422,12,10,0,10,0
2020-05-08,Merced,047,269075,241,151,0,151,3
2020-05-08,Modoc,049,8938,0,0,0,0,0
2020-05-08,Mono,051,14174,32,27,0,27,1
2020-05-08,Monterey,053,433212,344,265,1,266,6
2020-05-08,Napa,055,140530,87,78,0,78,2
2020-05-08,Nevada,057,99092,41,41,1,42,1
2020-05-08,Orange,059,3164182,5158,3395,38,3433,72
2020-05-08,Placer,061,380077,187,166,0,166,8
2020-05-08,Plumas,063,18699,4,4,0,4,0
2020-05-08,Riverside,065,2383286,5754,4672,16,4688,181
2020-05-08,Sacramento,067,1510023,1198,1145,0,1145,51
2020-05-08,San Benito,069,59416,59,51,0,51,2
2020-05-08,San Bernardino,071,2135413,3480,2631,3,2634,119
2020-05-08,San Diego,073,3302833,5682,4664,0,4664,169
2020-05-08,San Francisco,075,870044,2112,1890,0,1890,33
2020-05-08,San Joaquin,077,732212,678,595,3,598,28
2020-05-08,San Luis Obispo,079,281455,298,210,3,213,1
2020-05-08,San Mateo,081,765935,1662,1423,2,1425,62
2020-05-08,Santa Barbara,083,443738,1465,1054,6,1060,8
2020-05-08,Santa Clara,085,1922200,2873,2285,9,2294,128
2020-05-08,Santa Cruz,087,273765,157,137,0,137,2
2020-05-08,Shasta,089,179085,47,31,0,31,4
2020-05-08,Sierra,091,2930,0,0,0,0,0
2020-05-08,Siskiyou,093,43540,5,5,0,5,0
2020-05-08,Solano,095,438530,419,314,0,314,4
2020-05-08,Sonoma,097,501317,358,285,0,285,3
2020-05-08,Stanislaus,099,539301,557,487,4,491,12
2020-05-08,Sutter,101,95872,37,30,0,30,2
2020-05-08,Tehama,103,63373,2,1,0,1,1
2020-05-08,Trinity,105,12862,2,0,0,0,0
2020-05-08,Tulare,107,460477,1653,1050,6,1056,43
2020-05-08,Tuolumne,109,53932,3,2,0,2,0
2020-05-08,Ventura,111,848112,906,665,2,667,19
2020-05-08,Yolo,113,214977,186,172,0,172,18
2020-05-08,Yuba,115,75493,22,16,0,16,1
2020-05-07,Alameda,001,1643700,2320,1914,3,1917,68
2020-05-07,Alpine,003,1148,1,1,0,1,0
2020-05-07,Amador,005,37829,9,8,0,8,0
2020-05-07,Butte,007,227075,31,19,1,20,0
2020-05-07,Calaveras,009,45235,13,13,0,13,0
2020-05-07,Colusa,011,21464,3,3,0,3,0
2020-05-07,Contra Costa,013,1133247,1145,1005,0,1005,29
2020-05-07,Del Norte,015,27424,6,3,0,3,0
2020-05-07,El Dorado,017,186661,71,54,0,54,0
2020-05-07,Fresno,019,978130,1583,812,22,834,8
2020-05-07,Glenn,021,27897,8,5,0,5,0
2020-05-07,Humboldt,023,135768,67,54,0,54,0
2020-05-07,Imperial,025,180216,918,442,0,442,6
2020-05-07,Inyo,027,18085,19,20,0,20,1
2020-05-07,Kern,029,883053,1540,1176,1,1177,13
2020-05-07,Kings,031,150075,367,219,1,220,1
2020-05-07,Lake,033,64148,11,7,0,7,0
2020-05-07,Lassen,035,31185,4,0,2,2,0
2020-05-07,Los Angeles,037,10098052,37054,29544,17,29561,1399
2020-05-07,Madera,039,155013,119,54,1,55,2
2020-05-07,Marin,041,260295,277,252,1,253,14
2020-05-07,Mariposa,043,17540,15,15,0,15,0
2020-05-07,Mendocino,045,87422,12,10,0,10,0
2020-05-07,Merced,047,269075,233,146,0,146,3
2020-05-07,Modoc,049,8938,0,0,0,0,0
2020-05-07,Mono,051,14174,32,26,0,26,1
2020-05-07,Monterey,053,433212,336,249,1,250,6
2020-05-07,Napa,055,140530,87,78,0,78,2
2020-05-07,Nevada,057,99092,41,41,1,42,1
2020-05-07,Orange,059,3164182,4973,3283,37,3320,69
2020-05-07,Placer,061,380077,187,165,0,165,8
2020-05-07,Plumas,063,18699,4,4,0,4,0
2020-05-07,Riverside,065,2383286,5638,4608,16,4624,170
2020-05-07,Sacramento,067,1510023,1192,1139,0,1139,50
2020-05-07,San Benito,069,59416,59,50,0,50,2
2020-05-07,San Bernardino,071,2135413,3388,2522,3,2525,115
2020-05-07,San Diego,073,3302833,5525,4431,0,4431,165
2020-05-07,San Francisco,075,870044,2081,1852,0,1852,33
2020-05-07,San Joaquin,077,732212,665,583,3,586,28
2020-05-07,San Luis Obispo,079,281455,287,209,3,212,1
2020-05-07,San Mateo,081,765935,1640,1398,2,1400,58
2020-05-07,Santa Barbara,083,443738,1437,720,5,725,8
2020-05-07,Santa Clara,085,1922200,2835,2281,9,2290,127
2020-05-07,Santa Cruz,087,273765,154,136,0,136,2
2020-05-07,Shasta,089,179085,46,31,0,31,4
2020-05-07,Sierra,091,2930,0,0,0,0,0
2020-05-07,Siskiyou,093,43540,5,5,0,5,0
2020-05-07,Solano,095,438530,413,307,0,307,4
2020-05-07,Sonoma,097,501317,346,282,0,282,3
2020-05-07,Stanislaus,099,539301,548,466,4,470,10
2020-05-07,Sutter,101,95872,37,29,0,29,2
2020-05-07,Tehama,103,63373,2,1,0,1,1
2020-05-07,Trinity,105,12862,2,0,0,0,0
2020-05-07,Tulare,107,460477,1585,1001,6,1007,41
2020-05-07,Tuolumne,109,53932,3,2,0,2,0
2020-05-07,Ventura,111,848112,882,647,1,648,19
2020-05-07,Yolo,113,214977,185,172,0,172,18
2020-05-07,Yuba,115,75493,22,16,0,16,1
2020-05-06,Alameda,001,1643700,2282,1864,3,1867,67
2020-05-06,Alpine,003,1148,1,1,0,1,0
2020-05-06,Amador,005,37829,9,8,0,8,0
2020-05-06,Butte,007,227075,30,19,1,20,0
2020-05-06,Calaveras,009,45235,13,13,0,13,0
2020-05-06,Colusa,011,21464,3,3,0,3,0
2020-05-06,Contra Costa,013,1133247,1124,990,0,990,29
2020-05-06,Del Norte,015,27424,6,3,0,3,0
2020-05-06,El Dorado,017,186661,69,53,0,53,0
2020-05-06,Fresno,019,978130,1520,773,20,793,8
2020-05-06,Glenn,021,27897,8,3,0,3,0
2020-05-06,Humboldt,023,135768,66,54,0,54,0
2020-05-06,Imperial,025,180216,850,399,0,399,6
2020-05-06,Inyo,027,18085,19,20,0,20,1
2020-05-06,Kern,029,883053,1484,1112,1,1113,12
2020-05-06,Kings,031,150075,349,208,1,209,1
2020-05-06,Lake,033,64148,11,7,0,7,0
2020-05-06,Lassen,035,31185,4,0,2,2,0
2020-05-06,Los Angeles,037,10098052,36049,28687,17,28704,1347
2020-05-06,Madera,039,155013,117,55,1,56,2
2020-05-06,Marin,041,260295,270,244,1,245,14
2020-05-06,Mariposa,043,17540,15,14,0,14,0
2020-05-06,Mendocino,045,87422,12,10,0,10,0
2020-05-06,Merced,047,269075,226,140,0,140,3
2020-05-06,Modoc,049,8938,0,0,0,0,0
2020-05-06,Mono,051,14174,32,26,0,26,1
2020-05-06,Monterey,053,433212,328,246,1,247,6
2020-05-06,Napa,055,140530,86,78,0,78,2
2020-05-06,Nevada,057,99092,41,41,1,42,1
2020-05-06,Orange,059,3164182,4789,3156,36,3192,66
2020-05-06,Placer,061,380077,184,164,0,164,8
2020-05-06,Plumas,063,18699,4,4,0,4,0
2020-05-06,Riverside,065,2383286,5494,4535,16,4551,163
2020-05-06,Sacramento,067,1510023,1186,1135,0,1135,49
2020-05-06,San Benito,069,59416,58,50,0,50,2
2020-05-06,San Bernardino,071,2135413,3266,2426,2,2428,110
2020-05-06,San Diego,073,3302833,5392,4321,0,4321,158
2020-05-06,San Francisco,075,870044,2056,1804,0,1804,32
2020-05-06,San Joaquin,077,732212,652,581,3,584,28
2020-05-06,San Luis Obispo,079,281455,284,207,3,210,1
2020-05-06,San Mateo,081,765935,1609,1348,2,1350,57
2020-05-06,Santa Barbara,083,443738,1396,565,4,569,8
2020-05-06,Santa Clara,085,1922200,2818,2270,8,2278,127
2020-05-06,Santa Cruz,087,273765,150,135,0,135,2
2020-05-06,Shasta,089,179085,45,31,0,31,4
2020-05-06,Sierra,091,2930,0,0,0,0,0
2020-05-06,Siskiyou,093,43540,5,5,0,5,0
2020-05-06,Solano,095,438530,403,300,0,300,4
2020-05-06,Sonoma,097,501317,330,269,0,269,3
2020-05-06,Stanislaus,099,539301,532,434,4,438,9
2020-05-06,Sutter,101,95872,37,29,0,29,2
2020-05-06,Tehama,103,63373,2,1,0,1,1
2020-05-06,Trinity,105,12862,2,0,0,0,0
2020-05-06,Tulare,107,460477,1537,963,6,969,40
2020-05-06,Tuolumne,109,53932,3,2,0,2,0
2020-05-06,Ventura,111,848112,855,619,1,620,19
2020-05-06,Yolo,113,214977,184,172,0,172,18
2020-05-06,Yuba,115,75493,22,15,0,15,1
2020-05-05,Alameda,001,1643700,2239,1819,3,1822,67
2020-05-05,Alpine,003,1148,1,1,0,1,0
2020-05-05,Amador,005,37829,9,8,0,8,0
2020-05-05,Butte,007,227075,29,19,1,20,0
2020-05-05,Calaveras,009,45235,13,13,0,13,0
2020-05-05,Colusa,011,21464,3,3,0,3,0
2020-05-05,Contra Costa,013,1133247,1106,976,0,976,29
2020-05-05,Del Norte,015,27424,6,3,0,3,0
2020-05-05,El Dorado,017,186661,67,54,0,54,0
2020-05-05,Fresno,019,978130,1447,726,18,744,8
2020-05-05,Glenn,021,27897,8,3,0,3,0
2020-05-05,Humboldt,023,135768,63,54,0,54,0
2020-05-05,Imperial,025,180216,795,389,0,389,6
2020-05-05,Inyo,027,18085,19,20,0,20,1
2020-05-05,Kern,029,883053,1432,1084,1,1085,11
2020-05-05,Kings,031,150075,331,187,1,188,1
2020-05-05,Lake,033,64148,10,7,0,7,0
2020-05-05,Lassen,035,31185,4,0,2,2,0
2020-05-05,Los Angeles,037,10098052,34978,27867,17,27884,1289
2020-05-05,Madera,039,155013,113,53,1,54,2
2020-05-05,Marin,041,260295,264,244,1,245,14
2020-05-05,Mariposa,043,17540,15,14,0,14,0
2020-05-05,Mendocino,045,87422,12,10,0,10,0
2020-05-05,Merced,047,269075,221,141,0,141,3
2020-05-05,Modoc,049,8938,0,0,0,0,0
2020-05-05,Mono,051,14174,32,25,0,25,1
2020-05-05,Monterey,053,433212,314,240,1,241,6
2020-05-05,Napa,055,140530,86,74,0,74,2
2020-05-05,Nevada,057,99092,41,41,1,42,1
2020-05-05,Orange,059,3164182,4665,3041,36,3077,63
2020-05-05,Placer,061,380077,184,162,0,162,8
2020-05-05,Plumas,063,18699,4,4,0,4,0
2020-05-05,Riverside,065,2383286,5384,4309,16,4325,161
2020-05-05,Sacramento,067,1510023,1179,1125,0,1125,48
2020-05-05,San Benito,069,59416,57,50,0,50,2
2020-05-05,San Bernardino,071,2135413,3173,2345,2,2347,104
2020-05-05,San Diego,073,3302833,5249,4162,0,4162,150
2020-05-05,San Francisco,075,870044,2021,1779,0,1779,31
2020-05-05,San Joaquin,077,732212,643,577,3,580,26
2020-05-05,San Luis Obispo,079,281455,282,203,3,206,1
2020-05-05,San Mateo,081,765935,1577,1335,2,1337,56
2020-05-05,Santa Barbara,083,443738,1175,541,4,545,7
2020-05-05,Santa Clara,085,1922200,2772,2249,7,2256,124
2020-05-05,Santa Cruz,087,273765,147,134,0,134,2
2020-05-05,Shasta,089,179085,44,31,0,31,4
2020-05-05,Sierra,091,2930,0,0,0,0,0
2020-05-05,Siskiyou,093,43540,5,5,0,5,0
2020-05-05,Solano,095,438530,387,299,0,299,4
2020-05-05,Sonoma,097,501317,327,263,0,263,3
2020-05-05,Stanislaus,099,539301,520,430,4,434,9
2020-05-05,Sutter,101,95872,36,29,0,29,2
2020-05-05,Tehama,103,63373,2,1,0,1,1
2020-05-05,Trinity,105,12862,2,0,0,0,0
2020-05-05,Tulare,107,460477,1439,869,6,875,40
2020-05-05,Tuolumne,109,53932,3,2,0,2,0
2020-05-05,Ventura,111,848112,831,607,1,608,19
2020-05-05,Yolo,113,214977,182,171,0,171,18
2020-05-05,Yuba,115,75493,22,15,0,15,1
2020-05-04,Alameda,001,1643700,2180,1762,3,1765,65
2020-05-04,Alpine,003,1148,1,1,0,1,0
2020-05-04,Amador,005,37829,8,8,0,8,0
2020-05-04,Butte,007,227075,28,16,1,17,0
2020-05-04,Calaveras,009,45235,13,13,0,13,0
2020-05-04,Colusa,011,21464,3,3,0,3,0
2020-05-04,Contra Costa,013,1133247,1088,949,0,949,28
2020-05-04,Del Norte,015,27424,5,3,0,3,0
2020-05-04,El Dorado,017,186661,66,51,0,51,0
2020-05-04,Fresno,019,978130,1377,680,17,697,8
2020-05-04,Glenn,021,27897,8,4,0,4,0
2020-05-04,Humboldt,023,135768,61,54,0,54,0
2020-05-04,Imperial,025,180216,743,351,0,351,6
2020-05-04,Inyo,027,18085,19,20,0,20,1
2020-05-04,Kern,029,883053,1390,1047,1,1048,8
2020-05-04,Kings,031,150075,314,153,1,154,1
2020-05-04,Lake,033,64148,9,7,0,7,0
2020-05-04,Lassen,035,31185,3,0,2,2,0
2020-05-04,Los Angeles,037,10098052,33681,26243,15,26258,1235
2020-05-04,Madera,039,155013,110,52,1,53,2
2020-05-04,Marin,041,260295,259,244,1,245,13
2020-05-04,Mariposa,043,17540,15,13,0,13,0
2020-05-04,Mendocino,045,87422,12,10,0,10,0
2020-05-04,Merced,047,269075,221,138,0,138,3
2020-05-04,Modoc,049,8938,0,0,0,0,0
2020-05-04,Mono,051,14174,32,25,0,25,1
2020-05-04,Monterey,053,433212,303,237,1,238,6
2020-05-04,Napa,055,140530,86,72,0,72,2
2020-05-04,Nevada,057,99092,41,41,1,42,1
2020-05-04,Orange,059,3164182,4527,2931,33,2964,57
2020-05-04,Placer,061,380077,182,162,0,162,8
2020-05-04,Plumas,063,18699,4,4,0,4,0
2020-05-04,Riverside,065,2383286,5290,4221,16,4237,147
2020-05-04,Sacramento,067,1510023,1169,1119,0,1119,44
2020-05-04,San Benito,069,59416,55,49,0,49,2
2020-05-04,San Bernardino,071,2135413,3033,2184,2,2186,99
2020-05-04,San Diego,073,3302833,5108,4022,0,4022,144
2020-05-04,San Francisco,075,870044,1983,1760,0,1760,31
2020-05-04,San Joaquin,077,732212,629,574,3,577,26
2020-05-04,San Luis Obispo,079,281455,279,202,3,205,1
2020-05-04,San Mateo,081,765935,1552,1313,2,1315,53
2020-05-04,Santa Barbara,083,443738,927,524,4,528,7
2020-05-04,Santa Clara,085,1922200,2757,2238,7,2245,119
2020-05-04,Santa Cruz,087,273765,146,133,0,133,2
2020-05-04,Shasta,089,179085,42,31,0,31,4
2020-05-04,Sierra,091,2930,0,0,0,0,0
2020-05-04,Siskiyou,093,43540,5,5,0,5,0
2020-05-04,Solano,095,438530,373,293,0,293,4
2020-05-04,Sonoma,097,501317,313,256,0,256,4
2020-05-04,Stanislaus,099,539301,514,422,4,426,8
2020-05-04,Sutter,101,95872,33,28,0,28,2
2020-05-04,Tehama,103,63373,2,1,0,1,1
2020-05-04,Trinity,105,12862,1,0,0,0,0
2020-05-04,Tulare,107,460477,1360,760,6,766,40
2020-05-04,Tuolumne,109,53932,3,3,0,3,0
2020-05-04,Ventura,111,848112,810,590,1,591,19
2020-05-04,Yolo,113,214977,181,171,0,171,18
2020-05-04,Yuba,115,75493,19,16,0,16,1
2020-05-03,Alameda,001,1643700,2123,1731,3,1734,64
2020-05-03,Alpine,003,1148,1,1,0,1,0
2020-05-03,Amador,005,37829,8,8,0,8,0
2020-05-03,Butte,007,227075,28,17,1,18,0
2020-05-03,Calaveras,009,45235,13,13,0,13,0
2020-05-03,Colusa,011,21464,3,3,0,3,0
2020-05-03,Contra Costa,013,1133247,1072,945,0,945,28
2020-05-03,Del Norte,015,27424,5,3,0,3,0
2020-05-03,El Dorado,017,186661,64,49,0,49,0
2020-05-03,Fresno,019,978130,1285,646,15,661,8
2020-05-03,Glenn,021,27897,7,5,0,5,0
2020-05-03,Humboldt,023,135768,60,54,0,54,0
2020-05-03,Imperial,025,180216,687,351,0,351,6
2020-05-03,Inyo,027,18085,19,20,0,20,1
2020-05-03,Kern,029,883053,1335,1025,1,1026,8
2020-05-03,Kings,031,150075,294,137,1,138,1
2020-05-03,Lake,033,64148,9,7,0,7,0
2020-05-03,Lassen,035,31185,3,0,2,2,0
2020-05-03,Los Angeles,037,10098052,32694,25708,15,25723,1210
2020-05-03,Madera,039,155013,103,46,1,47,2
2020-05-03,Marin,041,260295,254,243,1,244,13
2020-05-03,Mariposa,043,17540,15,13,0,13,0
2020-05-03,Mendocino,045,87422,12,10,0,10,0
2020-05-03,Merced,047,269075,213,134,0,134,3
2020-05-03,Modoc,049,8938,0,0,0,0,0
2020-05-03,Mono,051,14174,32,25,0,25,1
2020-05-03,Monterey,053,433212,294,235,1,236,6
2020-05-03,Napa,055,140530,86,72,0,72,2
2020-05-03,Nevada,057,99092,41,41,1,42,1
2020-05-03,Orange,059,3164182,4353,2859,32,2891,55
2020-05-03,Placer,061,380077,182,161,0,161,8
2020-05-03,Plumas,063,18699,4,4,0,4,0
2020-05-03,Riverside,065,2383286,5185,4034,16,4050,139
2020-05-03,Sacramento,067,1510023,1160,1109,0,1109,43
2020-05-03,San Benito,069,59416,55,49,0,49,2
2020-05-03,San Bernardino,071,2135413,2972,2123,2,2125,99
2020-05-03,San Diego,073,3302833,4970,3929,0,3929,142
2020-05-03,San Francisco,075,870044,1954,1692,0,1692,30
2020-05-03,San Joaquin,077,732212,622,570,3,573,26
2020-05-03,San Luis Obispo,079,281455,276,200,3,203,1
2020-05-03,San Mateo,081,765935,1524,1277,2,1279,53
2020-05-03,Santa Barbara,083,443738,568,512,4,516,7
2020-05-03,Santa Clara,085,1922200,2720,2235,7,2242,116
2020-05-03,Santa Cruz,087,273765,146,133,0,133,2
2020-05-03,Shasta,089,179085,40,31,0,31,4
2020-05-03,Sierra,091,2930,0,0,0,0,0
2020-05-03,Siskiyou,093,43540,5,5,0,5,0
2020-05-03,Solano,095,438530,363,266,0,266,4
2020-05-03,Sonoma,097,501317,304,254,0,254,4
2020-05-03,Stanislaus,099,539301,486,411,4,415,8
2020-05-03,Sutter,101,95872,31,28,0,28,2
2020-05-03,Tehama,103,63373,2,1,0,1,1
2020-05-03,Trinity,105,12862,1,0,0,0,0
2020-05-03,Tulare,107,460477,1281,736,6,742,40
2020-05-03,Tuolumne,109,53932,3,3,0,3,0
2020-05-03,Ventura,111,848112,776,583,1,584,19
2020-05-03,Yolo,113,214977,180,171,0,171,18
2020-05-03,Yuba,115,75493,19,16,0,16,1
2020-05-02,Alameda,001,1643700,2086,1678,3,1681,63
2020-05-02,Alpine,003,1148,1,1,0,1,0
2020-05-02,Amador,005,37829,8,8,0,8,0
2020-05-02,Butte,007,227075,28,17,1,18,0
2020-05-02,Calaveras,009,45235,13,13,0,13,0
2020-05-02,Colusa,011,21464,3,3,0,3,0
2020-05-02,Contra Costa,013,1133247,1054,929,0,929,28
2020-05-02,Del Norte,015,27424,5,3,0,3,0
2020-05-02,El Dorado,017,186661,64,47,0,47,0
2020-05-02,Fresno,019,978130,1259,629,14,643,8
2020-05-02,Glenn,021,27897,7,5,0,5,0
2020-05-02,Humboldt,023,135768,60,54,0,54,0
2020-05-02,Imperial,025,180216,660,345,0,345,6
2020-05-02,Inyo,027,18085,19,20,0,20,1
2020-05-02,Kern,029,883053,1309,1007,1,1008,8
2020-05-02,Kings,031,150075,291,120,1,121,1
2020-05-02,Lake,033,64148,9,7,0,7,0
2020-05-02,Lassen,035,31185,3,0,2,2,0
2020-05-02,Los Angeles,037,10098052,32165,24955,15,24970,1192
2020-05-02,Madera,039,155013,103,46,1,47,2
2020-05-02,Marin,041,260295,253,243,1,244,13
2020-05-02,Mariposa,043,17540,15,13,0,13,0
2020-05-02,Mendocino,045,87422,12,10,0,10,0
2020-05-02,Merced,047,269075,210,131,0,131,3
2020-05-02,Modoc,049,8938,0,0,0,0,0
2020-05-02,Mono,051,14174,32,25,0,25,1
2020-05-02,Monterey,053,433212,288,225,1,226,5
2020-05-02,Napa,055,140530,86,71,0,71,2
2020-05-02,Nevada,057,99092,41,41,1,42,1
2020-05-02,Orange,059,3164182,4239,2774,32,2806,52
2020-05-02,Placer,061,380077,180,150,0,150,8
2020-05-02,Plumas,063,18699,4,4,0,4,0
2020-05-02,Riverside,065,2383286,5119,3997,16,4013,137
2020-05-02,Sacramento,067,1510023,1157,1097,0,1097,43
2020-05-02,San Benito,069,59416,55,49,0,49,2
2020-05-02,San Bernardino,071,2135413,2933,2124,2,2126,99
2020-05-02,San Diego,073,3302833,4868,3844,0,3844,138
2020-05-02,San Francisco,075,870044,1931,1632,0,1632,29
2020-05-02,San Joaquin,077,732212,614,559,3,562,25
2020-05-02,San Luis Obispo,079,281455,270,193,3,196,1
2020-05-02,San Mateo,081,765935,1508,1272,2,1274,52
2020-05-02,Santa Barbara,083,443738,560,506,4,510,7
2020-05-02,Santa Clara,085,1922200,2710,2203,7,2210,115
2020-05-02,Santa Cruz,087,273765,145,131,0,131,2
2020-05-02,Shasta,089,179085,40,31,0,31,4
2020-05-02,Sierra,091,2930,0,0,0,0,0
2020-05-02,Siskiyou,093,43540,5,5,0,5,0
2020-05-02,Solano,095,438530,356,267,0,267,4
2020-05-02,Sonoma,097,501317,301,250,0,250,3
2020-05-02,Stanislaus,099,539301,478,388,4,392,8
2020-05-02,Sutter,101,95872,31,28,0,28,2
2020-05-02,Tehama,103,63373,2,1,0,1,1
2020-05-02,Trinity,105,12862,1,0,0,0,0
2020-05-02,Tulare,107,460477,1238,711,6,717,35
2020-05-02,Tuolumne,109,53932,3,3,0,3,0
2020-05-02,Ventura,111,848112,762,564,1,565,19
2020-05-02,Yolo,113,214977,180,169,0,169,17
2020-05-02,Yuba,115,75493,19,16,0,16,1
2020-05-01,Alameda,001,1643700,2049,1630,3,1633,63
2020-05-01,Alpine,003,1148,1,1,0,1,0
2020-05-01,Amador,005,37829,8,8,0,8,0
2020-05-01,Butte,007,227075,28,17,1,18,0
2020-05-01,Calaveras,009,45235,13,13,0,13,0
2020-05-01,Colusa,011,21464,3,3,0,3,0
2020-05-01,Contra Costa,013,1133247,1040,915,0,915,28
2020-05-01,Del Norte,015,27424,5,3,0,3,0
2020-05-01,El Dorado,017,186661,64,47,0,47,0
2020-05-01,Fresno,019,978130,1228,617,14,631,7
2020-05-01,Glenn,021,27897,7,4,0,4,0
2020-05-01,Humboldt,023,135768,60,54,0,54,0
2020-05-01,Imperial,025,180216,623,337,0,337,6
2020-05-01,Inyo,027,18085,19,20,0,20,1
2020-05-01,Kern,029,883053,1282,972,1,973,8
2020-05-01,Kings,031,150075,274,112,1,113,1
2020-05-01,Lake,033,64148,9,6,0,6,0
2020-05-01,Lassen,035,31185,3,0,2,2,0
2020-05-01,Los Angeles,037,10098052,31409,24306,15,24321,1155
2020-05-01,Madera,039,155013,99,46,1,47,2
2020-05-01,Marin,041,260295,253,242,1,243,13
2020-05-01,Mariposa,043,17540,15,10,0,10,0
2020-05-01,Mendocino,045,87422,12,11,0,11,0
2020-05-01,Merced,047,269075,207,131,0,131,3
2020-05-01,Modoc,049,8938,0,0,0,0,0
2020-05-01,Mono,051,14174,32,25,0,25,1
2020-05-01,Monterey,053,433212,284,222,1,223,5
2020-05-01,Napa,055,140530,86,69,0,69,2
2020-05-01,Nevada,057,99092,41,41,1,42,1
2020-05-01,Orange,059,3164182,4162,2660,30,2690,51
2020-05-01,Placer,061,380077,179,149,0,149,8
2020-05-01,Plumas,063,18699,4,4,0,4,0
2020-05-01,Riverside,065,2383286,5055,3893,16,3909,132
2020-05-01,Sacramento,067,1510023,1152,1081,0,1081,43
2020-05-01,San Benito,069,59416,55,49,0,49,2
2020-05-01,San Bernardino,071,2135413,2878,2084,2,2086,98
2020-05-01,San Diego,073,3302833,4777,3713,0,3713,134
2020-05-01,San Francisco,075,870044,1887,1552,0,1552,29
2020-05-01,San Joaquin,077,732212,610,554,3,557,25
2020-05-01,San Luis Obispo,079,281455,267,186,3,189,1
2020-05-01,San Mateo,081,765935,1486,1222,2,1224,52
2020-05-01,Santa Barbara,083,443738,554,499,3,502,7
2020-05-01,Santa Clara,085,1922200,2698,2176,7,2183,112
2020-05-01,Santa Cruz,087,273765,145,127,0,127,2
2020-05-01,Shasta,089,179085,40,31,0,31,4
2020-05-01,Sierra,091,2930,0,0,0,0,0
2020-05-01,Siskiyou,093,43540,5,5,0,5,0
2020-05-01,Solano,095,438530,348,266,0,266,4
2020-05-01,Sonoma,097,501317,298,242,0,242,3
2020-05-01,Stanislaus,099,539301,473,384,4,388,8
2020-05-01,Sutter,101,95872,31,28,0,28,2
2020-05-01,Tehama,103,63373,2,1,0,1,1
2020-05-01,Trinity,105,12862,1,0,0,0,0
2020-05-01,Tulare,107,460477,1194,685,6,691,32
2020-05-01,Tuolumne,109,53932,3,3,0,3,0
2020-05-01,Ventura,111,848112,749,556,1,557,18
2020-05-01,Yolo,113,214977,180,165,0,165,18
2020-05-01,Yuba,115,75493,19,16,0,16,1
2020-04-30,Alameda,001,1643700,1989,1599,3,1602,60
2020-04-30,Alpine,003,1148,1,1,0,1,0
2020-04-30,Amador,005,37829,8,8,0,8,0
2020-04-30,Butte,007,227075,28,16,1,17,0
2020-04-30,Calaveras,009,45235,13,13,0,13,0
2020-04-30,Colusa,011,21464,3,3,0,3,0
2020-04-30,Contra Costa,013,1133247,1018,900,0,900,25
2020-04-30,Del Norte,015,27424,4,3,0,3,0
2020-04-30,El Dorado,017,186661,64,44,0,44,0
2020-04-30,Fresno,019,978130,1163,562,11,573,7
2020-04-30,Glenn,021,27897,7,4,0,4,0
2020-04-30,Humboldt,023,135768,60,54,0,54,0
2020-04-30,Imperial,025,180216,577,322,0,322,6
2020-04-30,Inyo,027,18085,19,20,0,20,1
2020-04-30,Kern,029,883053,1250,941,1,942,8
2020-04-30,Kings,031,150075,262,87,1,88,1
2020-04-30,Lake,033,64148,9,6,0,6,0
2020-04-30,Lassen,035,31185,3,0,2,2,0
2020-04-30,Los Angeles,037,10098052,30402,23284,15,23299,1099
2020-04-30,Madera,039,155013,88,46,1,47,2
2020-04-30,Marin,041,260295,253,240,1,241,13
2020-04-30,Mariposa,043,17540,15,3,0,3,0
2020-04-30,Mendocino,045,87422,12,11,0,11,0
2020-04-30,Merced,047,269075,200,122,0,122,3
2020-04-30,Modoc,049,8938,0,0,0,0,0
2020-04-30,Mono,051,14174,31,25,0,25,1
2020-04-30,Monterey,053,433212,274,213,1,214,5
2020-04-30,Napa,055,140530,84,69,0,69,2
2020-04-30,Nevada,057,99092,41,41,1,42,1
2020-04-30,Orange,059,3164182,3939,2591,27,2618,46
2020-04-30,Placer,061,380077,178,148,0,148,8
2020-04-30,Plumas,063,18699,4,4,0,4,0
2020-04-30,Riverside,065,2383286,4955,3820,15,3835,124
2020-04-30,Sacramento,067,1510023,1146,1071,0,1071,43
2020-04-30,San Benito,069,59416,55,48,0,48,2
2020-04-30,San Bernardino,071,2135413,2676,2020,2,2022,96
2020-04-30,San Diego,073,3302833,4606,3566,0,3566,124
2020-04-30,San Francisco,075,870044,1853,1518,0,1518,26
2020-04-30,San Joaquin,077,732212,602,548,3,551,25
2020-04-30,San Luis Obispo,079,281455,264,182,3,185,1
2020-04-30,San Mateo,081,765935,1456,1194,2,1196,52
2020-04-30,Santa Barbara,083,443738,542,490,3,493,7
2020-04-30,Santa Clara,085,1922200,2658,2172,7,2179,111
2020-04-30,Santa Cruz,087,273765,144,126,0,126,2
2020-04-30,Shasta,089,179085,39,31,0,31,4
2020-04-30,Sierra,091,2930,0,0,0,0,0
2020-04-30,Siskiyou,093,43540,5,5,0,5,0
2020-04-30,Solano,095,438530,338,262,0,262,4
2020-04-30,Sonoma,097,501317,289,233,0,233,3
2020-04-30,Stanislaus,099,539301,466,378,4,382,7
2020-04-30,Sutter,101,95872,31,28,0,28,2
2020-04-30,Tehama,103,63373,1,1,0,1,1
2020-04-30,Trinity,105,12862,1,0,0,0,0
2020-04-30,Tulare,107,460477,1128,637,6,643,31
2020-04-30,Tuolumne,109,53932,3,3,0,3,0
2020-04-30,Ventura,111,848112,721,547,1,548,18
2020-04-30,Yolo,113,214977,179,164,0,164,16
2020-04-30,Yuba,115,75493,19,15,0,15,1
2020-04-29,Alameda,001,1643700,1931,1564,2,1566,60
2020-04-29,Alpine,003,1148,1,1,0,1,0
2020-04-29,Amador,005,37829,8,8,0,8,0
2020-04-29,Butte,007,227075,28,16,1,17,0
2020-04-29,Calaveras,009,45235,13,13,0,13,0
2020-04-29,Colusa,011,21464,3,3,0,3,0
2020-04-29,Contra Costa,013,1133247,999,885,0,885,25
2020-04-29,Del Norte,015,27424,4,3,0,3,0
2020-04-29,El Dorado,017,186661,62,44,0,44,0
2020-04-29,Fresno,019,978130,1111,544,11,555,7
2020-04-29,Glenn,021,27897,7,4,0,4,0
2020-04-29,Humboldt,023,135768,60,53,0,53,0
2020-04-29,Imperial,025,180216,547,300,0,300,6
2020-04-29,Inyo,027,18085,19,20,0,20,1
2020-04-29,Kern,029,883053,1207,910,1,911,6
2020-04-29,Kings,031,150075,243,80,1,81,1
2020-04-29,Lake,033,64148,9,6,0,6,0
2020-04-29,Lassen,035,31185,3,0,2,2,0
2020-04-29,Los Angeles,037,10098052,29425,22560,15,22575,1043
2020-04-29,Madera,039,155013,86,45,1,46,2
2020-04-29,Marin,041,260295,250,234,1,235,13
2020-04-29,Mariposa,043,17540,15,1,0,1,0
2020-04-29,Mendocino,045,87422,12,11,0,11,0
2020-04-29,Merced,047,269075,193,116,0,116,3
2020-04-29,Modoc,049,8938,0,0,0,0,0
2020-04-29,Mono,051,14174,31,25,0,25,1
2020-04-29,Monterey,053,433212,266,204,1,205,5
2020-04-29,Napa,055,140530,82,68,0,68,2
2020-04-29,Nevada,057,99092,41,41,1,42,1
2020-04-29,Orange,059,3164182,3803,2421,26,2447,43
2020-04-29,Placer,061,380077,176,145,0,145,8
2020-04-29,Plumas,063,18699,4,4,0,4,0
2020-04-29,Riverside,065,2383286,4878,3700,15,3715,116
2020-04-29,Sacramento,067,1510023,1124,1055,0,1055,41
2020-04-29,San Benito,069,59416,55,48,0,48,2
2020-04-29,San Bernardino,071,2135413,2589,1975,1,1976,91
2020-04-29,San Diego,073,3302833,4464,3434,0,3434,120
2020-04-29,San Francisco,075,870044,1825,1489,0,1489,23
2020-04-29,San Joaquin,077,732212,594,540,3,543,25
2020-04-29,San Luis Obispo,079,281455,262,181,3,184,1
2020-04-29,San Mateo,081,765935,1430,1170,2,1172,50
2020-04-29,Santa Barbara,083,443738,529,477,3,480,7
2020-04-29,Santa Clara,085,1922200,2631,2147,7,2154,108
2020-04-29,Santa Cruz,087,273765,143,124,0,124,2
2020-04-29,Shasta,089,179085,38,31,0,31,4
2020-04-29,Sierra,091,2930,0,0,0,0,0
2020-04-29,Siskiyou,093,43540,5,5,0,5,0
2020-04-29,Solano,095,438530,314,252,0,252,3
2020-04-29,Sonoma,097,501317,281,230,0,230,2
2020-04-29,Stanislaus,099,539301,453,374,4,378,5
2020-04-29,Sutter,101,95872,31,28,0,28,2
2020-04-29,Tehama,103,63373,1,1,0,1,1
2020-04-29,Trinity,105,12862,1,0,0,0,0
2020-04-29,Tulare,107,460477,1055,615,5,620,30
2020-04-29,Tuolumne,109,53932,3,4,0,4,0
2020-04-29,Ventura,111,848112,697,530,1,531,18
2020-04-29,Yolo,113,214977,176,161,0,161,11
2020-04-29,Yuba,115,75493,19,15,0,15,1
2020-04-28,Alameda,001,1643700,1874,1525,2,1527,55
2020-04-28,Alpine,003,1148,1,1,0,1,0
2020-04-28,Amador,005,37829,8,8,0,8,0
2020-04-28,Butte,007,227075,28,16,1,17,0
2020-04-28,Calaveras,009,45235,13,13,0,13,0
2020-04-28,Colusa,011,21464,3,3,0,3,0
2020-04-28,Contra Costa,013,1133247,992,866,0,866,25
2020-04-28,Del Norte,015,27424,4,3,0,3,0
2020-04-28,El Dorado,017,186661,61,43,0,43,0
2020-04-28,Fresno,019,978130,1060,525,9,534,7
2020-04-28,Glenn,021,27897,5,4,0,4,0
2020-04-28,Humboldt,023,135768,59,53,0,53,0
2020-04-28,Imperial,025,180216,513,295,0,295,6
2020-04-28,Inyo,027,18085,19,20,0,20,1
2020-04-28,Kern,029,883053,1164,882,1,883,5
2020-04-28,Kings,031,150075,230,57,1,58,1
2020-04-28,Lake,033,64148,9,6,0,6,0
2020-04-28,Lassen,035,31185,3,0,2,2,0
2020-04-28,Los Angeles,037,10098052,28360,21029,15,21044,984
2020-04-28,Madera,039,155013,86,44,1,45,2
2020-04-28,Marin,041,260295,249,228,1,229,12
2020-04-28,Mariposa,043,17540,15,0,0,0,0
2020-04-28,Mendocino,045,87422,12,10,0,10,0
2020-04-28,Merced,047,269075,186,108,0,108,3
2020-04-28,Modoc,049,8938,0,0,0,0,0
2020-04-28,Mono,051,14174,31,25,0,25,1
2020-04-28,Monterey,053,433212,260,191,1,192,5
2020-04-28,Napa,055,140530,81,67,0,67,2
2020-04-28,Nevada,057,99092,41,41,1,42,1
2020-04-28,Orange,059,3164182,3638,2324,25,2349,42
2020-04-28,Placer,061,380077,166,143,0,143,8
2020-04-28,Plumas,063,18699,4,4,0,4,0
2020-04-28,Riverside,065,2383286,4783,3504,15,3519,113
2020-04-28,Sacramento,067,1510023,1109,1044,0,1044,41
2020-04-28,San Benito,069,59416,53,46,0,46,2
2020-04-28,San Bernardino,071,2135413,2512,1891,1,1892,89
2020-04-28,San Diego,073,3302833,4334,3316,0,3316,118
2020-04-28,San Francisco,075,870044,1790,1471,0,1471,23
2020-04-28,San Joaquin,077,732212,588,532,3,535,25
2020-04-28,San Luis Obispo,079,281455,255,172,3,175,1
2020-04-28,San Mateo,081,765935,1417,1129,2,1131,48
2020-04-28,Santa Barbara,083,443738,524,469,2,471,7
2020-04-28,Santa Clara,085,1922200,2597,2130,7,2137,106
2020-04-28,Santa Cruz,087,273765,143,123,0,123,2
2020-04-28,Shasta,089,179085,38,29,0,29,4
2020-04-28,Sierra,091,2930,0,0,0,0,0
2020-04-28,Siskiyou,093,43540,5,5,0,5,0
2020-04-28,Solano,095,438530,295,246,0,246,3
2020-04-28,Sonoma,097,501317,278,226,0,226,1
2020-04-28,Stanislaus,099,539301,437,330,4,334,5
2020-04-28,Sutter,101,95872,31,25,0,25,2
2020-04-28,Tehama,103,63373,1,1,0,1,1
2020-04-28,Trinity,105,12862,1,0,0,0,0
2020-04-28,Tulare,107,460477,959,579,5,584,30
2020-04-28,Tuolumne,109,53932,3,4,0,4,0
2020-04-28,Ventura,111,848112,677,517,1,518,17
2020-04-28,Yolo,113,214977,176,160,0,160,10
2020-04-28,Yuba,115,75493,19,15,0,15,1
2020-04-27,Alameda,001,1643700,1814,1494,2,1496,53
2020-04-27,Alpine,003,1148,1,1,0,1,0
2020-04-27,Amador,005,37829,8,8,0,8,0
2020-04-27,Butte,007,227075,27,16,1,17,0
2020-04-27,Calaveras,009,45235,13,13,0,13,0
2020-04-27,Colusa,011,21464,3,3,0,3,0
2020-04-27,Contra Costa,013,1133247,980,843,0,843,25
2020-04-27,Del Norte,015,27424,4,3,0,3,0
2020-04-27,El Dorado,017,186661,60,43,0,43,0
2020-04-27,Fresno,019,978130,957,504,8,512,7
2020-04-27,Glenn,021,27897,5,4,0,4,0
2020-04-27,Humboldt,023,135768,59,52,0,52,0
2020-04-27,Imperial,025,180216,483,290,0,290,6
2020-04-27,Inyo,027,18085,19,20,0,20,1
2020-04-27,Kern,029,883053,1125,865,1,866,4
2020-04-27,Kings,031,150075,207,48,1,49,1
2020-04-27,Lake,033,64148,8,6,0,6,0
2020-04-27,Lassen,035,31185,3,0,2,2,0
2020-04-27,Los Angeles,037,10098052,27343,20456,15,20471,931
2020-04-27,Madera,039,155013,84,42,1,43,2
2020-04-27,Marin,041,260295,244,227,1,228,12
2020-04-27,Mariposa,043,17540,14,0,0,0,0
2020-04-27,Mendocino,045,87422,12,10,0,10,0
2020-04-27,Merced,047,269075,183,108,0,108,3
2020-04-27,Modoc,049,8938,0,0,0,0,0
2020-04-27,Mono,051,14174,31,23,0,23,1
2020-04-27,Monterey,053,433212,253,185,1,186,4
2020-04-27,Napa,055,140530,77,64,0,64,2
2020-04-27,Nevada,057,99092,41,39,1,40,1
2020-04-27,Orange,059,3164182,3469,2198,25,2223,42
2020-04-27,Placer,061,380077,166,142,0,142,8
2020-04-27,Plumas,063,18699,4,4,0,4,0
2020-04-27,Riverside,065,2383286,4660,3381,15,3396,100
2020-04-27,Sacramento,067,1510023,1094,1035,0,1035,41
2020-04-27,San Benito,069,59416,51,45,0,45,2
2020-04-27,San Bernardino,071,2135413,2398,1742,1,1743,82
2020-04-27,San Diego,073,3302833,4208,3143,0,3143,113
2020-04-27,San Francisco,075,870044,1736,1453,0,1453,23
2020-04-27,San Joaquin,077,732212,582,522,3,525,25
2020-04-27,San Luis Obispo,079,281455,247,166,3,169,1
2020-04-27,San Mateo,081,765935,1395,1092,2,1094,46
2020-04-27,Santa Barbara,083,443738,516,466,2,468,7
2020-04-27,Santa Clara,085,1922200,2572,2104,6,2110,105
2020-04-27,Santa Cruz,087,273765,143,123,0,123,2
2020-04-27,Shasta,089,179085,38,29,0,29,4
2020-04-27,Sierra,091,2930,0,0,0,0,0
2020-04-27,Siskiyou,093,43540,5,5,0,5,0
2020-04-27,Solano,095,438530,295,222,0,222,3
2020-04-27,Sonoma,097,501317,269,220,0,220,1
2020-04-27,Stanislaus,099,539301,421,316,4,320,5
2020-04-27,Sutter,101,95872,29,26,0,26,2
2020-04-27,Tehama,103,63373,1,1,0,1,1
2020-04-27,Trinity,105,12862,1,0,0,0,0
2020-04-27,Tulare,107,460477,888,535,5,540,28
2020-04-27,Tuolumne,109,53932,3,3,0,3,0
2020-04-27,Ventura,111,848112,658,513,1,514,17
2020-04-27,Yolo,113,214977,173,160,0,160,9
2020-04-27,Yuba,115,75493,19,15,0,15,1
2020-04-26,Alameda,001,1643700,1753,1449,2,1451,52
2020-04-26,Alpine,003,1148,1,1,0,1,0
2020-04-26,Amador,005,37829,8,8,0,8,0
2020-04-26,Butte,007,227075,27,16,1,17,0
2020-04-26,Calaveras,009,45235,13,13,0,13,0
2020-04-26,Colusa,011,21464,3,3,0,3,0
2020-04-26,Contra Costa,013,1133247,964,830,0,830,25
2020-04-26,Del Norte,015,27424,3,3,0,3,0
2020-04-26,El Dorado,017,186661,58,41,0,41,0
2020-04-26,Fresno,019,978130,863,476,7,483,7
2020-04-26,Glenn,021,27897,5,4,0,4,0
2020-04-26,Humboldt,023,135768,59,53,0,53,0
2020-04-26,Imperial,025,180216,449,272,0,272,6
2020-04-26,Inyo,027,18085,19,20,0,20,1
2020-04-26,Kern,029,883053,1075,831,1,832,4
2020-04-26,Kings,031,150075,182,33,1,34,1
2020-04-26,Lake,033,64148,8,6,0,6,0
2020-04-26,Lassen,035,31185,3,0,2,2,0
2020-04-26,Los Angeles,037,10098052,26192,19570,15,19585,901
2020-04-26,Madera,039,155013,82,39,1,40,2
2020-04-26,Marin,041,260295,238,225,1,226,12
2020-04-26,Mariposa,043,17540,14,0,0,0,0
2020-04-26,Mendocino,045,87422,12,5,0,5,0
2020-04-26,Merced,047,269075,166,104,0,104,3
2020-04-26,Modoc,049,8938,0,0,0,0,0
2020-04-26,Mono,051,14174,31,23,0,23,1
2020-04-26,Monterey,053,433212,246,182,1,183,4
2020-04-26,Napa,055,140530,76,62,0,62,2
2020-04-26,Nevada,057,99092,41,37,1,38,1
2020-04-26,Orange,059,3164182,3304,2124,25,2149,40
2020-04-26,Placer,061,380077,165,141,0,141,8
2020-04-26,Plumas,063,18699,4,4,0,4,0
2020-04-26,Riverside,065,2383286,4517,3301,15,3316,95
2020-04-26,Sacramento,067,1510023,1085,1027,0,1027,41
2020-04-26,San Benito,069,59416,51,45,0,45,2
2020-04-26,San Bernardino,071,2135413,2302,1681,1,1682,82
2020-04-26,San Diego,073,3302833,4066,3045,0,3045,111
2020-04-26,San Francisco,075,870044,1697,1403,0,1403,23
2020-04-26,San Joaquin,077,732212,574,514,3,517,25
2020-04-26,San Luis Obispo,079,281455,244,165,3,168,1
2020-04-26,San Mateo,081,765935,1369,1070,2,1072,46
2020-04-26,Santa Barbara,083,443738,509,464,2,466,7
2020-04-26,Santa Clara,085,1922200,2549,2097,5,2102,102
2020-04-26,Santa Cruz,087,273765,143,116,0,116,2
2020-04-26,Shasta,089,179085,35,29,0,29,4
2020-04-26,Sierra,091,2930,0,0,0,0,0
2020-04-26,Siskiyou,093,43540,5,5,0,5,0
2020-04-26,Solano,095,438530,286,205,0,205,3
2020-04-26,Sonoma,097,501317,258,216,0,216,1
2020-04-26,Stanislaus,099,539301,406,294,4,298,4
2020-04-26,Sutter,101,95872,29,26,0,26,2
2020-04-26,Tehama,103,63373,1,1,0,1,1
2020-04-26,Trinity,105,12862,1,0,0,0,0
2020-04-26,Tulare,107,460477,829,497,5,502,28
2020-04-26,Tuolumne,109,53932,3,3,0,3,0
2020-04-26,Ventura,111,848112,640,509,1,510,17
2020-04-26,Yolo,113,214977,172,158,0,158,8
2020-04-26,Yuba,115,75493,18,15,0,15,1
2020-04-25,Alameda,001,1643700,1728,1396,2,1398,52
2020-04-25,Alpine,003,1148,1,1,0,1,0
2020-04-25,Amador,005,37829,8,8,0,8,0
2020-04-25,Butte,007,227075,26,16,1,17,0
2020-04-25,Calaveras,009,45235,13,12,0,12,0
2020-04-25,Colusa,011,21464,3,3,0,3,0
2020-04-25,Contra Costa,013,1133247,950,821,0,821,24
2020-04-25,Del Norte,015,27424,2,2,0,2,0
2020-04-25,El Dorado,017,186661,57,41,0,41,0
2020-04-25,Fresno,019,978130,831,459,6,465,7
2020-04-25,Glenn,021,27897,5,4,0,4,0
2020-04-25,Humboldt,023,135768,59,53,0,53,0
2020-04-25,Imperial,025,180216,432,232,0,232,6
2020-04-25,Inyo,027,18085,19,20,0,20,1
2020-04-25,Kern,029,883053,1044,802,1,803,4
2020-04-25,Kings,031,150075,170,33,1,34,1
2020-04-25,Lake,033,64148,6,6,0,6,0
2020-04-25,Lassen,035,31185,3,0,2,2,0
2020-04-25,Los Angeles,037,10098052,25559,19144,15,19159,881
2020-04-25,Madera,039,155013,79,39,1,40,2
2020-04-25,Marin,041,260295,238,215,1,216,12
2020-04-25,Mariposa,043,17540,14,0,0,0,0
2020-04-25,Mendocino,045,87422,11,5,0,5,0
2020-04-25,Merced,047,269075,166,103,0,103,3
2020-04-25,Modoc,049,8938,0,0,0,0,0
2020-04-25,Mono,051,14174,31,23,0,23,1
2020-04-25,Monterey,053,433212,244,173,1,174,4
2020-04-25,Napa,055,140530,76,60,0,60,2
2020-04-25,Nevada,057,99092,41,37,1,38,1
2020-04-25,Orange,059,3164182,3195,2047,25,2072,40
2020-04-25,Placer,061,380077,165,137,0,137,8
2020-04-25,Plumas,063,18699,4,4,0,4,0
2020-04-25,Riverside,065,2383286,4427,3037,15,3052,93
2020-04-25,Sacramento,067,1510023,1083,1015,0,1015,41
2020-04-25,San Benito,069,59416,51,45,0,45,2
2020-04-25,San Bernardino,071,2135413,2257,1675,1,1676,82
2020-04-25,San Diego,073,3302833,3966,2945,0,2945,111
2020-04-25,San Francisco,075,870044,1672,1341,0,1341,22
2020-04-25,San Joaquin,077,732212,567,497,3,500,24
2020-04-25,San Luis Obispo,079,281455,243,159,3,162,1
2020-04-25,San Mateo,081,765935,1351,1054,2,1056,46
2020-04-25,Santa Barbara,083,443738,502,457,2,459,7
2020-04-25,Santa Clara,085,1922200,2527,2045,4,2049,99
2020-04-25,Santa Cruz,087,273765,143,112,0,112,2
2020-04-25,Shasta,089,179085,35,29,0,29,4
2020-04-25,Sierra,091,2930,0,0,0,0,0
2020-04-25,Siskiyou,093,43540,5,5,0,5,0
2020-04-25,Solano,095,438530,282,203,0,203,3
2020-04-25,Sonoma,097,501317,254,199,0,199,1
2020-04-25,Stanislaus,099,539301,398,276,4,280,4
2020-04-25,Sutter,101,95872,29,24,0,24,2
2020-04-25,Tehama,103,63373,1,1,0,1,1
2020-04-25,Trinity,105,12862,0,0,0,0,0
2020-04-25,Tulare,107,460477,796,478,5,483,28
2020-04-25,Tuolumne,109,53932,3,2,0,2,0
2020-04-25,Ventura,111,848112,626,494,1,495,16
2020-04-25,Yolo,113,214977,172,157,0,157,8
2020-04-25,Yuba,115,75493,17,15,0,15,1
2020-04-24,Alameda,001,1643700,1697,1385,2,1387,50
2020-04-24,Alpine,003,1148,1,1,0,1,0
2020-04-24,Amador,005,37829,8,8,0,8,0
2020-04-24,Butte,007,227075,25,15,1,16,0
2020-04-24,Calaveras,009,45235,13,12,0,12,0
2020-04-24,Colusa,011,21464,3,3,0,3,0
2020-04-24,Contra Costa,013,1133247,941,806,0,806,23
2020-04-24,Del Norte,015,27424,2,2,0,2,0
2020-04-24,El Dorado,017,186661,56,41,0,41,0
2020-04-24,Fresno,019,978130,808,449,6,455,7
2020-04-24,Glenn,021,27897,5,4,0,4,0
2020-04-24,Humboldt,023,135768,59,53,0,53,0
2020-04-24,Imperial,025,180216,416,232,0,232,6
2020-04-24,Inyo,027,18085,19,20,0,20,0
2020-04-24,Kern,029,883053,1020,770,1,771,4
2020-04-24,Kings,031,150075,141,30,1,31,1
2020-04-24,Lake,033,64148,6,6,0,6,0
2020-04-24,Lassen,035,31185,3,0,2,2,0
2020-04-24,Los Angeles,037,10098052,24628,18553,15,18568,836
2020-04-24,Madera,039,155013,79,39,1,40,2
2020-04-24,Marin,041,260295,238,211,1,212,11
2020-04-24,Mariposa,043,17540,8,0,0,0,0
2020-04-24,Mendocino,045,87422,11,5,0,5,0
2020-04-24,Merced,047,269075,163,102,0,102,3
2020-04-24,Modoc,049,8938,0,0,0,0,0
2020-04-24,Mono,051,14174,30,23,0,23,1
2020-04-24,Monterey,053,433212,237,167,1,168,4
2020-04-24,Napa,055,140530,75,59,0,59,2
2020-04-24,Nevada,057,99092,41,36,1,37,1
2020-04-24,Orange,059,3164182,3088,1945,25,1970,39
2020-04-24,Placer,061,380077,163,137,0,137,8
2020-04-24,Plumas,063,18699,4,4,0,4,0
2020-04-24,Riverside,065,2383286,4346,3044,15,3059,87
2020-04-24,Sacramento,067,1510023,1077,1009,0,1009,41
2020-04-24,San Benito,069,59416,51,45,0,45,2
2020-04-24,San Bernardino,071,2135413,2222,1667,1,1668,80
2020-04-24,San Diego,073,3302833,3855,2828,0,2828,102
2020-04-24,San Francisco,075,870044,1614,1345,0,1345,22
2020-04-24,San Joaquin,077,732212,560,484,3,487,24
2020-04-24,San Luis Obispo,079,281455,240,151,3,154,1
2020-04-24,San Mateo,081,765935,1328,1004,2,1006,43
2020-04-24,Santa Barbara,083,443738,496,450,2,452,6
2020-04-24,Santa Clara,085,1922200,2484,2026,4,2030,98
2020-04-24,Santa Cruz,087,273765,139,111,0,111,2
2020-04-24,Shasta,089,179085,35,28,0,28,4
2020-04-24,Sierra,091,2930,0,0,0,0,0
2020-04-24,Siskiyou,093,43540,5,5,0,5,0
2020-04-24,Solano,095,438530,280,203,0,203,3
2020-04-24,Sonoma,097,501317,250,199,0,199,1
2020-04-24,Stanislaus,099,539301,395,273,4,277,4
2020-04-24,Sutter,101,95872,28,24,0,24,2
2020-04-24,Tehama,103,63373,1,1,0,1,1
2020-04-24,Trinity,105,12862,0,0,0,0,0
2020-04-24,Tulare,107,460477,768,459,5,464,27
2020-04-24,Tuolumne,109,53932,3,2,0,2,0
2020-04-24,Ventura,111,848112,616,489,1,490,16
2020-04-24,Yolo,113,214977,171,155,0,155,8
2020-04-24,Yuba,115,75493,16,15,0,15,1
2020-04-23,Alameda,001,1643700,1659,1336,2,1338,46
2020-04-23,Alpine,003,1148,1,1,0,1,0
2020-04-23,Amador,005,37829,8,8,0,8,0
2020-04-23,Butte,007,227075,25,15,1,16,0
2020-04-23,Calaveras,009,45235,13,12,0,12,0
2020-04-23,Colusa,011,21464,3,3,0,3,0
2020-04-23,Contra Costa,013,1133247,920,786,0,786,23
2020-04-23,Del Norte,015,27424,2,2,0,2,0
2020-04-23,El Dorado,017,186661,55,39,0,39,0
2020-04-23,Fresno,019,978130,770,426,6,432,7
2020-04-23,Glenn,021,27897,5,3,0,3,0
2020-04-23,Humboldt,023,135768,59,53,0,53,0
2020-04-23,Imperial,025,180216,395,181,0,181,4
2020-04-23,Inyo,027,18085,19,19,0,19,0
2020-04-23,Kern,029,883053,972,732,1,733,4
2020-04-23,Kings,031,150075,126,28,1,29,1
2020-04-23,Lake,033,64148,6,6,0,6,0
2020-04-23,Lassen,035,31185,3,0,2,2,0
2020-04-23,Los Angeles,037,10098052,23568,17548,14,17562,784
2020-04-23,Madera,039,155013,77,37,1,38,2
2020-04-23,Marin,041,260295,225,209,1,210,11
2020-04-23,Mariposa,043,17540,7,0,0,0,0
2020-04-23,Mendocino,045,87422,9,5,0,5,0
2020-04-23,Merced,047,269075,159,98,0,98,3
2020-04-23,Modoc,049,8938,0,0,0,0,0
2020-04-23,Mono,051,14174,30,23,0,23,1
2020-04-23,Monterey,053,433212,233,161,1,162,4
2020-04-23,Napa,055,140530,68,59,0,59,2
2020-04-23,Nevada,057,99092,41,36,1,37,1
2020-04-23,Orange,059,3164182,2910,1841,24,1865,37
2020-04-23,Placer,061,380077,160,136,0,136,8
2020-04-23,Plumas,063,18699,4,4,0,4,0
2020-04-23,Riverside,065,2383286,4232,2935,14,2949,78
2020-04-23,Sacramento,067,1510023,1065,978,0,978,41
2020-04-23,San Benito,069,59416,48,43,0,43,2
2020-04-23,San Bernardino,071,2135413,2157,1604,1,1605,79
2020-04-23,San Diego,073,3302833,3694,2645,0,2645,100
2020-04-23,San Francisco,075,870044,1589,1312,0,1312,21
2020-04-23,San Joaquin,077,732212,550,479,3,482,20
2020-04-23,San Luis Obispo,079,281455,236,146,3,149,1
2020-04-23,San Mateo,081,765935,1289,970,2,972,42
2020-04-23,Santa Barbara,083,443738,490,445,2,447,6
2020-04-23,Santa Clara,085,1922200,2449,1996,4,2000,95
2020-04-23,Santa Cruz,087,273765,138,110,0,110,2
2020-04-23,Shasta,089,179085,35,27,0,27,3
2020-04-23,Sierra,091,2930,0,0,0,0,0
2020-04-23,Siskiyou,093,43540,5,5,0,5,0
2020-04-23,Solano,095,438530,266,196,0,196,3
2020-04-23,Sonoma,097,501317,238,187,0,187,1
2020-04-23,Stanislaus,099,539301,391,254,4,258,4
2020-04-23,Sutter,101,95872,28,24,0,24,2
2020-04-23,Tehama,103,63373,1,1,0,1,1
2020-04-23,Trinity,105,12862,0,0,0,0,0
2020-04-23,Tulare,107,460477,739,440,5,445,25
2020-04-23,Tuolumne,109,53932,3,2,0,2,0
2020-04-23,Ventura,111,848112,602,479,1,480,16
2020-04-23,Yolo,113,214977,168,151,0,151,8
2020-04-23,Yuba,115,75493,16,15,0,15,1
2020-04-22,Alameda,001,1643700,1610,1275,2,1277,46
2020-04-22,Alpine,003,1148,1,1,0,1,0
2020-04-22,Amador,005,37829,8,7,0,7,0
2020-04-22,Butte,007,227075,24,15,1,16,0
2020-04-22,Calaveras,009,45235,13,12,0,12,0
2020-04-22,Colusa,011,21464,3,3,0,3,0
2020-04-22,Contra Costa,013,1133247,905,772,0,772,22
2020-04-22,Del Norte,015,27424,2,2,0,2,0
2020-04-22,El Dorado,017,186661,55,39,0,39,0
2020-04-22,Fresno,019,978130,730,388,6,394,7
2020-04-22,Glenn,021,27897,5,3,0,3,0
2020-04-22,Humboldt,023,135768,59,53,0,53,0
2020-04-22,Imperial,025,180216,384,170,0,170,3
2020-04-22,Inyo,027,18085,19,18,0,18,0
2020-04-22,Kern,029,883053,950,713,1,714,4
2020-04-22,Kings,031,150075,105,28,1,29,1
2020-04-22,Lake,033,64148,6,6,0,6,0
2020-04-22,Lassen,035,31185,3,0,2,2,0
2020-04-22,Los Angeles,037,10098052,22542,16400,14,16414,715
2020-04-22,Madera,039,155013,75,37,1,38,2
2020-04-22,Marin,041,260295,223,202,1,203,11
2020-04-22,Mariposa,043,17540,6,0,0,0,0
2020-04-22,Mendocino,045,87422,6,5,0,5,0
2020-04-22,Merced,047,269075,147,92,0,92,3
2020-04-22,Modoc,049,8938,0,0,0,0,0
2020-04-22,Mono,051,14174,29,23,0,23,1
2020-04-22,Monterey,053,433212,226,154,1,155,4
2020-04-22,Napa,055,140530,67,58,0,58,2
2020-04-22,Nevada,057,99092,41,36,1,37,1
2020-04-22,Orange,059,3164182,2816,1785,23,1808,36
2020-04-22,Placer,061,380077,158,133,0,133,8
2020-04-22,Plumas,063,18699,4,4,0,4,0
2020-04-22,Riverside,065,2383286,4128,2822,14,2836,76
2020-04-22,Sacramento,067,1510023,1060,959,0,959,36
2020-04-22,San Benito,069,59416,47,43,0,43,2
2020-04-22,San Bernardino,071,2135413,2094,1564,1,1565,74
2020-04-22,San Diego,073,3302833,3566,2493,0,2493,96
2020-04-22,San Francisco,075,870044,1552,1255,0,1255,21
2020-04-22,San Joaquin,077,732212,539,462,3,465,20
2020-04-22,San Luis Obispo,079,281455,227,142,3,145,1
2020-04-22,San Mateo,081,765935,1266,945,2,947,40
2020-04-22,Santa Barbara,083,443738,485,437,2,439,6
2020-04-22,Santa Clara,085,1922200,2433,1969,4,1973,95
2020-04-22,Santa Cruz,087,273765,134,106,0,106,2
2020-04-22,Shasta,089,179085,34,26,0,26,3
2020-04-22,Sierra,091,2930,0,0,0,0,0
2020-04-22,Siskiyou,093,43540,5,5,0,5,0
2020-04-22,Solano,095,438530,247,195,0,195,3
2020-04-22,Sonoma,097,501317,235,185,0,185,1
2020-04-22,Stanislaus,099,539301,334,247,4,251,4
2020-04-22,Sutter,101,95872,28,22,0,22,2
2020-04-22,Tehama,103,63373,1,1,0,1,1
2020-04-22,Trinity,105,12862,0,0,0,0,0
2020-04-22,Tulare,107,460477,705,425,5,430,23
2020-04-22,Tuolumne,109,53932,3,2,0,2,0
2020-04-22,Ventura,111,848112,591,465,1,466,15
2020-04-22,Yolo,113,214977,168,147,0,147,8
2020-04-22,Yuba,115,75493,16,15,0,15,1
2020-04-21,Alameda,001,1643700,1580,1234,2,1236,46
2020-04-21,Alpine,003,1148,1,1,0,1,0
2020-04-21,Amador,005,37829,8,7,0,7,0
2020-04-21,Butte,007,227075,23,15,1,16,0
2020-04-21,Calaveras,009,45235,12,12,0,12,0
2020-04-21,Colusa,011,21464,3,3,0,3,0
2020-04-21,Contra Costa,013,1133247,891,766,0,766,22
2020-04-21,Del Norte,015,27424,2,2,0,2,0
2020-04-21,El Dorado,017,186661,54,36,0,36,0
2020-04-21,Fresno,019,978130,696,372,6,378,7
2020-04-21,Glenn,021,27897,5,3,0,3,0
2020-04-21,Humboldt,023,135768,58,53,0,53,0
2020-04-21,Imperial,025,180216,364,165,0,165,2
2020-04-21,Inyo,027,18085,19,18,0,18,0
2020-04-21,Kern,029,883053,908,676,1,677,4
2020-04-21,Kings,031,150075,91,28,1,29,1
2020-04-21,Lake,033,64148,6,6,0,6,0
2020-04-21,Lassen,035,31185,3,0,2,2,0
2020-04-21,Los Angeles,037,10098052,21682,15096,14,15110,650
2020-04-21,Madera,039,155013,75,37,1,38,2
2020-04-21,Marin,041,260295,217,202,1,203,10
2020-04-21,Mariposa,043,17540,5,0,0,0,0
2020-04-21,Mendocino,045,87422,6,5,0,5,0
2020-04-21,Merced,047,269075,143,89,0,89,3
2020-04-21,Modoc,049,8938,0,0,0,0,0
2020-04-21,Mono,051,14174,29,23,0,23,1
2020-04-21,Monterey,053,433212,223,151,1,152,4
2020-04-21,Napa,055,140530,66,58,0,58,2
2020-04-21,Nevada,057,99092,41,36,1,37,1
2020-04-21,Orange,059,3164182,2693,1717,22,1739,36
2020-04-21,Placer,061,380077,156,133,0,133,8
2020-04-21,Plumas,063,18699,4,4,0,4,0
2020-04-21,Riverside,065,2383286,3996,2631,14,2645,68
2020-04-21,Sacramento,067,1510023,1050,941,0,941,33
2020-04-21,San Benito,069,59416,45,43,0,43,2
2020-04-21,San Bernardino,071,2135413,2033,1499,1,1500,71
2020-04-21,San Diego,073,3302833,3410,2436,0,2436,87
2020-04-21,San Francisco,075,870044,1522,1232,0,1232,20
2020-04-21,San Joaquin,077,732212,529,447,3,450,20
2020-04-21,San Luis Obispo,079,281455,219,134,3,137,1
2020-04-21,San Mateo,081,765935,1220,933,2,935,34
2020-04-21,Santa Barbara,083,443738,476,414,2,416,5
2020-04-21,Santa Clara,085,1922200,2383,1943,4,1947,91
2020-04-21,Santa Cruz,087,273765,132,104,0,104,2
2020-04-21,Shasta,089,179085,33,26,0,26,3
2020-04-21,Sierra,091,2930,0,0,0,0,0
2020-04-21,Siskiyou,093,43540,5,5,0,5,0
2020-04-21,Solano,095,438530,239,193,0,193,3
2020-04-21,Sonoma,097,501317,225,182,0,182,1
2020-04-21,Stanislaus,099,539301,315,235,4,239,4
2020-04-21,Sutter,101,95872,28,22,0,22,2
2020-04-21,Tehama,103,63373,1,1,0,1,1
2020-04-21,Trinity,105,12862,0,0,0,0,0
2020-04-21,Tulare,107,460477,668,410,5,415,23
2020-04-21,Tuolumne,109,53932,3,2,0,2,0
2020-04-21,Ventura,111,848112,579,455,1,456,14
2020-04-21,Yolo,113,214977,166,143,0,143,8
2020-04-21,Yuba,115,75493,16,15,0,15,1
2020-04-20,Alameda,001,1643700,1547,1181,2,1183,42
2020-04-20,Alpine,003,1148,1,1,0,1,0
2020-04-20,Amador,005,37829,8,7,0,7,0
2020-04-20,Butte,007,227075,23,15,1,16,0
2020-04-20,Calaveras,009,45235,12,12,0,12,0
2020-04-20,Colusa,011,21464,3,3,0,3,0
2020-04-20,Contra Costa,013,1133247,881,753,0,753,22
2020-04-20,Del Norte,015,27424,2,2,0,2,0
2020-04-20,El Dorado,017,186661,54,36,0,36,0
2020-04-20,Fresno,019,978130,678,356,6,362,7
2020-04-20,Glenn,021,27897,4,3,0,3,0
2020-04-20,Humboldt,023,135768,58,53,0,53,0
2020-04-20,Imperial,025,180216,345,149,0,149,2
2020-04-20,Inyo,027,18085,19,17,0,17,0
2020-04-20,Kern,029,883053,876,651,1,652,3
2020-04-20,Kings,031,150075,80,19,1,20,1
2020-04-20,Lake,033,64148,6,6,0,6,0
2020-04-20,Lassen,035,31185,3,0,2,2,0
2020-04-20,Los Angeles,037,10098052,20767,13787,14,13801,608
2020-04-20,Madera,039,155013,74,35,1,36,2
2020-04-20,Marin,041,260295,213,200,1,201,10
2020-04-20,Mariposa,043,17540,5,0,0,0,0
2020-04-20,Mendocino,045,87422,6,5,0,5,0
2020-04-20,Merced,047,269075,136,88,0,88,3
2020-04-20,Modoc,049,8938,0,0,0,0,0
2020-04-20,Mono,051,14174,29,23,0,23,1
2020-04-20,Monterey,053,433212,214,147,1,148,4
2020-04-20,Napa,055,140530,66,55,0,55,2
2020-04-20,Nevada,057,99092,41,34,1,35,1
2020-04-20,Orange,059,3164182,2609,1679,22,1701,33
2020-04-20,Placer,061,380077,155,132,0,132,8
2020-04-20,Plumas,063,18699,4,4,0,4,0
2020-04-20,Riverside,065,2383286,3871,2477,14,2491,61
2020-04-20,Sacramento,067,1510023,1040,924,0,924,32
2020-04-20,San Benito,069,59416,45,43,0,43,2
2020-04-20,San Bernardino,071,2135413,1946,1344,1,1345,63
2020-04-20,San Diego,073,3302833,3268,2327,0,2327,72
2020-04-20,San Francisco,075,870044,1490,1223,0,1223,19
2020-04-20,San Joaquin,077,732212,525,422,3,425,17
2020-04-20,San Luis Obispo,079,281455,205,132,3,135,1
2020-04-20,San Mateo,081,765935,1197,890,2,892,31
2020-04-20,Santa Barbara,083,443738,469,388,2,390,4
2020-04-20,Santa Clara,085,1922200,2352,1920,4,1924,84
2020-04-20,Santa Cruz,087,273765,130,102,0,102,2
2020-04-20,Shasta,089,179085,33,26,0,26,3
2020-04-20,Sierra,091,2930,0,0,0,0,0
2020-04-20,Siskiyou,093,43540,5,5,0,5,0
2020-04-20,Solano,095,438530,236,185,0,185,2
2020-04-20,Sonoma,097,501317,217,178,0,178,1
2020-04-20,Stanislaus,099,539301,301,228,4,232,3
2020-04-20,Sutter,101,95872,27,22,0,22,2
2020-04-20,Tehama,103,63373,1,1,0,1,1
2020-04-20,Trinity,105,12862,0,0,0,0,0
2020-04-20,Tulare,107,460477,658,401,5,406,20
2020-04-20,Tuolumne,109,53932,3,2,0,2,0
2020-04-20,Ventura,111,848112,565,426,1,427,13
2020-04-20,Yolo,113,214977,165,125,0,125,5
2020-04-20,Yuba,115,75493,16,15,0,15,1
2020-04-19,Alameda,001,1643700,1497,1134,2,1136,41
2020-04-19,Alpine,003,1148,1,1,0,1,0
2020-04-19,Amador,005,37829,7,7,0,7,0
2020-04-19,Butte,007,227075,22,15,1,16,0
2020-04-19,Calaveras,009,45235,12,12,0,12,0
2020-04-19,Colusa,011,21464,3,3,0,3,0
2020-04-19,Contra Costa,013,1133247,867,731,0,731,20
2020-04-19,Del Norte,015,27424,2,2,0,2,0
2020-04-19,El Dorado,017,186661,54,36,0,36,0
2020-04-19,Fresno,019,978130,642,326,6,332,7
2020-04-19,Glenn,021,27897,4,3,0,3,0
2020-04-19,Humboldt,023,135768,58,53,0,53,0
2020-04-19,Imperial,025,180216,319,144,0,144,2
2020-04-19,Inyo,027,18085,19,17,0,17,0
2020-04-19,Kern,029,883053,851,629,1,630,3
2020-04-19,Kings,031,150075,70,17,1,18,1
2020-04-19,Lake,033,64148,6,6,0,6,0
2020-04-19,Lassen,035,31185,3,0,2,2,0
2020-04-19,Los Angeles,037,10098052,19772,12299,14,12313,589
2020-04-19,Madera,039,155013,72,34,1,35,2
2020-04-19,Marin,041,260295,212,194,1,195,10
2020-04-19,Mariposa,043,17540,2,0,0,0,0
2020-04-19,Mendocino,045,87422,6,4,0,4,0
2020-04-19,Merced,047,269075,131,85,0,85,3
2020-04-19,Modoc,049,8938,0,0,0,0,0
2020-04-19,Mono,051,14174,29,23,0,23,1
2020-04-19,Monterey,053,433212,205,140,1,141,4
2020-04-19,Napa,055,140530,64,49,0,49,2
2020-04-19,Nevada,057,99092,40,34,1,35,1
2020-04-19,Orange,059,3164182,2512,1591,21,1612,32
2020-04-19,Placer,061,380077,154,131,0,131,8
2020-04-19,Plumas,063,18699,4,4,0,4,0
2020-04-19,Riverside,065,2383286,3728,2316,14,2330,56
2020-04-19,Sacramento,067,1510023,1013,912,0,912,32
2020-04-19,San Benito,069,59416,43,40,0,40,2
2020-04-19,San Bernardino,071,2135413,1883,1262,1,1263,58
2020-04-19,San Diego,073,3302833,3101,2270,0,2270,71
2020-04-19,San Francisco,075,870044,1457,1153,0,1153,19
2020-04-19,San Joaquin,077,732212,507,404,3,407,17
2020-04-19,San Luis Obispo,079,281455,200,132,3,135,1
2020-04-19,San Mateo,081,765935,1161,845,2,847,31
2020-04-19,Santa Barbara,083,443738,462,377,2,379,3
2020-04-19,Santa Clara,085,1922200,2307,1878,4,1882,81
2020-04-19,Santa Cruz,087,273765,127,98,0,98,2
2020-04-19,Shasta,089,179085,31,26,0,26,3
2020-04-19,Sierra,091,2930,0,0,0,0,0
2020-04-19,Siskiyou,093,43540,5,5,0,5,0
2020-04-19,Solano,095,438530,228,174,0,174,2
2020-04-19,Sonoma,097,501317,211,172,0,172,1
2020-04-19,Stanislaus,099,539301,293,221,4,225,3
2020-04-19,Sutter,101,95872,26,21,0,21,2
2020-04-19,Tehama,103,63373,1,1,0,1,1
2020-04-19,Trinity,105,12862,0,0,0,0,0
2020-04-19,Tulare,107,460477,612,391,5,396,17
2020-04-19,Tuolumne,109,53932,3,2,0,2,0
2020-04-19,Ventura,111,848112,557,418,1,419,13
2020-04-19,Yolo,113,214977,165,120,0,120,5
2020-04-19,Yuba,115,75493,16,15,0,15,1
2020-04-18,Alameda,001,1643700,1472,1085,2,1087,40
2020-04-18,Alpine,003,1148,1,1,0,1,0
2020-04-18,Amador,005,37829,7,7,0,7,0
2020-04-18,Butte,007,227075,21,15,1,16,0
2020-04-18,Calaveras,009,45235,12,12,0,12,0
2020-04-18,Colusa,011,21464,3,3,0,3,0
2020-04-18,Contra Costa,013,1133247,855,721,0,721,17
2020-04-18,Del Norte,015,27424,2,2,0,2,0
2020-04-18,El Dorado,017,186661,54,36,0,36,0
2020-04-18,Fresno,019,978130,622,319,6,325,7
2020-04-18,Glenn,021,27897,4,3,0,3,0
2020-04-18,Humboldt,023,135768,58,52,0,52,0
2020-04-18,Imperial,025,180216,310,137,0,137,2
2020-04-18,Inyo,027,18085,19,17,0,17,0
2020-04-18,Kern,029,883053,829,626,1,627,3
2020-04-18,Kings,031,150075,69,17,1,18,1
2020-04-18,Lake,033,64148,6,6,0,6,0
2020-04-18,Lassen,035,31185,3,0,2,2,0
2020-04-18,Los Angeles,037,10098052,19246,11984,14,11998,566
2020-04-18,Madera,039,155013,71,34,1,35,2
2020-04-18,Marin,041,260295,210,193,1,194,10
2020-04-18,Mariposa,043,17540,2,0,0,0,0
2020-04-18,Mendocino,045,87422,6,4,0,4,0
2020-04-18,Merced,047,269075,129,82,0,82,3
2020-04-18,Modoc,049,8938,0,0,0,0,0
2020-04-18,Mono,051,14174,29,22,0,22,1
2020-04-18,Monterey,053,433212,201,135,1,136,3
2020-04-18,Napa,055,140530,64,49,0,49,2
2020-04-18,Nevada,057,99092,39,34,1,35,1
2020-04-18,Orange,059,3164182,2448,1569,20,1589,32
2020-04-18,Placer,061,380077,152,130,0,130,8
2020-04-18,Plumas,063,18699,4,4,0,4,0
2020-04-18,Riverside,065,2383286,3653,2257,14,2271,56
2020-04-18,Sacramento,067,1510023,1001,901,0,901,32
2020-04-18,San Benito,069,59416,43,40,0,40,2
2020-04-18,San Bernardino,071,2135413,1838,1255,1,1256,58
2020-04-18,San Diego,073,3302833,2999,2215,0,2215,71
2020-04-18,San Francisco,075,870044,1418,1144,0,1144,19
2020-04-18,San Joaquin,077,732212,498,392,3,395,17
2020-04-18,San Luis Obispo,079,281455,196,129,3,132,1
2020-04-18,San Mateo,081,765935,1139,821,2,823,31
2020-04-18,Santa Barbara,083,443738,456,372,2,374,3
2020-04-18,Santa Clara,085,1922200,2274,1862,4,1866,79
2020-04-18,Santa Cruz,087,273765,125,96,0,96,2
2020-04-18,Shasta,089,179085,31,26,0,26,3
2020-04-18,Sierra,091,2930,0,0,0,0,0
2020-04-18,Siskiyou,093,43540,5,5,0,5,0
2020-04-18,Solano,095,438530,225,175,0,175,2
2020-04-18,Sonoma,097,501317,207,168,0,168,1
2020-04-18,Stanislaus,099,539301,285,216,4,220,3
2020-04-18,Sutter,101,95872,26,21,0,21,2
2020-04-18,Tehama,103,63373,1,1,0,1,1
2020-04-18,Trinity,105,12862,0,0,0,0,0
2020-04-18,Tulare,107,460477,601,385,5,390,17
2020-04-18,Tuolumne,109,53932,3,2,0,2,0
2020-04-18,Ventura,111,848112,549,416,1,417,13
2020-04-18,Yolo,113,214977,163,118,0,118,5
2020-04-18,Yuba,115,75493,16,14,0,14,1
2020-04-17,Alameda,001,1643700,1416,1043,1,1044,40
2020-04-17,Alpine,003,1148,1,1,0,1,0
2020-04-17,Amador,005,37829,7,7,0,7,0
2020-04-17,Butte,007,227075,21,15,1,16,0
2020-04-17,Calaveras,009,45235,12,11,0,11,0
2020-04-17,Colusa,011,21464,3,3,0,3,0
2020-04-17,Contra Costa,013,1133247,844,687,0,687,15
2020-04-17,Del Norte,015,27424,2,2,0,2,0
2020-04-17,El Dorado,017,186661,54,35,0,35,0
2020-04-17,Fresno,019,978130,600,315,6,321,7
2020-04-17,Glenn,021,27897,4,3,0,3,0
2020-04-17,Humboldt,023,135768,57,52,0,52,0
2020-04-17,Imperial,025,180216,301,135,0,135,2
2020-04-17,Inyo,027,18085,19,17,0,17,0
2020-04-17,Kern,029,883053,809,612,1,613,3
2020-04-17,Kings,031,150075,67,15,1,16,1
2020-04-17,Lake,033,64148,6,6,0,6,0
2020-04-17,Lassen,035,31185,3,0,2,2,0
2020-04-17,Los Angeles,037,10098052,18603,11354,14,11368,489
2020-04-17,Madera,039,155013,71,34,1,35,2
2020-04-17,Marin,041,260295,207,189,1,190,10
2020-04-17,Mariposa,043,17540,1,0,0,0,0
2020-04-17,Mendocino,045,87422,6,4,0,4,0
2020-04-17,Merced,047,269075,128,80,0,80,3
2020-04-17,Modoc,049,8938,0,0,0,0,0
2020-04-17,Mono,051,14174,29,22,0,22,1
2020-04-17,Monterey,053,433212,196,119,1,120,3
2020-04-17,Napa,055,140530,62,46,0,46,2
2020-04-17,Nevada,057,99092,38,34,1,35,1
2020-04-17,Orange,059,3164182,2397,1496,20,1516,31
2020-04-17,Placer,061,380077,152,130,0,130,8
2020-04-17,Plumas,063,18699,4,4,0,4,0
2020-04-17,Riverside,065,2383286,3526,2080,14,2094,50
2020-04-17,Sacramento,067,1510023,994,882,0,882,32
2020-04-17,San Benito,069,59416,43,38,0,38,2
2020-04-17,San Bernardino,071,2135413,1799,1229,1,1230,57
2020-04-17,San Diego,073,3302833,2909,2160,0,2160,70
2020-04-17,San Francisco,075,870044,1392,1090,0,1090,19
2020-04-17,San Joaquin,077,732212,487,356,3,359,17
2020-04-17,San Luis Obispo,079,281455,189,116,3,119,1
2020-04-17,San Mateo,081,765935,1123,768,2,770,31
2020-04-17,Santa Barbara,083,443738,451,349,2,351,3
2020-04-17,Santa Clara,085,1922200,2238,1834,4,1838,74
2020-04-17,Santa Cruz,087,273765,124,94,0,94,2
2020-04-17,Shasta,089,179085,31,26,0,26,3
2020-04-17,Sierra,091,2930,0,0,0,0,0
2020-04-17,Siskiyou,093,43540,5,5,0,5,0
2020-04-17,Solano,095,438530,224,173,0,173,2
2020-04-17,Sonoma,097,501317,204,167,0,167,1
2020-04-17,Stanislaus,099,539301,283,201,4,205,3
2020-04-17,Sutter,101,95872,26,20,0,20,2
2020-04-17,Tehama,103,63373,1,1,0,1,1
2020-04-17,Trinity,105,12862,0,0,0,0,0
2020-04-17,Tulare,107,460477,594,370,5,375,17
2020-04-17,Tuolumne,109,53932,3,2,0,2,0
2020-04-17,Ventura,111,848112,544,398,1,399,13
2020-04-17,Yolo,113,214977,162,117,0,117,5
2020-04-17,Yuba,115,75493,16,14,0,14,1
2020-04-16,Alameda,001,1643700,1381,981,1,982,39
2020-04-16,Alpine,003,1148,1,1,0,1,0
2020-04-16,Amador,005,37829,7,7,0,7,0
2020-04-16,Butte,007,227075,20,15,1,16,0
2020-04-16,Calaveras,009,45235,12,10,0,10,0
2020-04-16,Colusa,011,21464,3,3,0,3,0
2020-04-16,Contra Costa,013,1133247,830,675,0,675,14
2020-04-16,Del Norte,015,27424,2,2,0,2,0
2020-04-16,El Dorado,017,186661,53,34,0,34,0
2020-04-16,Fresno,019,978130,570,289,6,295,7
2020-04-16,Glenn,021,27897,4,3,0,3,0
2020-04-16,Humboldt,023,135768,57,47,0,47,0
2020-04-16,Imperial,025,180216,287,132,0,132,2
2020-04-16,Inyo,027,18085,17,17,0,17,0
2020-04-16,Kern,029,883053,782,587,1,588,3
2020-04-16,Kings,031,150075,63,12,1,13,1
2020-04-16,Lake,033,64148,6,6,0,6,0
2020-04-16,Lassen,035,31185,3,0,2,2,0
2020-04-16,Los Angeles,037,10098052,17718,10786,14,10800,447
2020-04-16,Madera,039,155013,69,34,1,35,2
2020-04-16,Marin,041,260295,203,170,1,171,10
2020-04-16,Mariposa,043,17540,1,1,0,1,0
2020-04-16,Mendocino,045,87422,6,4,0,4,0
2020-04-16,Merced,047,269075,122,76,0,76,3
2020-04-16,Modoc,049,8938,0,0,0,0,0
2020-04-16,Mono,051,14174,29,22,0,22,1
2020-04-16,Monterey,053,433212,193,116,1,117,3
2020-04-16,Napa,055,140530,59,44,0,44,2
2020-04-16,Nevada,057,99092,38,34,1,35,1
2020-04-16,Orange,059,3164182,2332,1439,19,1458,28
2020-04-16,Placer,061,380077,150,129,0,129,7
2020-04-16,Plumas,063,18699,4,4,0,4,0
2020-04-16,Riverside,065,2383286,3406,1913,14,1927,45
2020-04-16,Sacramento,067,1510023,986,865,0,865,32
2020-04-16,San Benito,069,59416,43,36,0,36,2
2020-04-16,San Bernardino,071,2135413,1717,1143,0,1143,54
2020-04-16,San Diego,073,3302833,2801,2089,0,2089,63
2020-04-16,San Francisco,075,870044,1348,1039,0,1039,16
2020-04-16,San Joaquin,077,732212,472,345,3,348,17
2020-04-16,San Luis Obispo,079,281455,185,113,3,116,1
2020-04-16,San Mateo,081,765935,1094,745,2,747,29
2020-04-16,Santa Barbara,083,443738,440,331,2,333,3
2020-04-16,Santa Clara,085,1922200,2201,1789,4,1793,70
2020-04-16,Santa Cruz,087,273765,122,90,0,90,2
2020-04-16,Shasta,089,179085,31,25,0,25,3
2020-04-16,Sierra,091,2930,0,0,0,0,0
2020-04-16,Siskiyou,093,43540,5,5,0,5,0
2020-04-16,Solano,095,438530,221,162,0,162,2
2020-04-16,Sonoma,097,501317,199,145,0,145,1
2020-04-16,Stanislaus,099,539301,280,185,4,189,3
2020-04-16,Sutter,101,95872,25,21,0,21,2
2020-04-16,Tehama,103,63373,1,1,0,1,1
2020-04-16,Trinity,105,12862,0,0,0,0,0
2020-04-16,Tulare,107,460477,577,305,5,310,16
2020-04-16,Tuolumne,109,53932,3,1,0,1,0
2020-04-16,Ventura,111,848112,532,384,1,385,13
2020-04-16,Yolo,113,214977,160,98,0,98,4
2020-04-16,Yuba,115,75493,15,14,0,14,1
2020-04-15,Alameda,001,1643700,1331,915,1,916,38
2020-04-15,Alpine,003,1148,1,1,0,1,0
2020-04-15,Amador,005,37829,7,7,0,7,0
2020-04-15,Butte,007,227075,20,14,1,15,0
2020-04-15,Calaveras,009,45235,11,9,0,9,0
2020-04-15,Colusa,011,21464,3,3,0,3,0
2020-04-15,Contra Costa,013,1133247,808,645,0,645,14
2020-04-15,Del Norte,015,27424,2,2,0,2,0
2020-04-15,El Dorado,017,186661,51,33,0,33,0
2020-04-15,Fresno,019,978130,544,264,6,270,7
2020-04-15,Glenn,021,27897,4,3,0,3,0
2020-04-15,Humboldt,023,135768,57,47,0,47,0
2020-04-15,Imperial,025,180216,260,115,0,115,2
2020-04-15,Inyo,027,18085,17,12,0,12,0
2020-04-15,Kern,029,883053,760,500,1,501,3
2020-04-15,Kings,031,150075,59,12,1,13,1
2020-04-15,Lake,033,64148,6,4,0,4,0
2020-04-15,Lassen,035,31185,3,0,2,2,0
2020-04-15,Los Angeles,037,10098052,16898,10416,13,10429,394
2020-04-15,Madera,039,155013,69,30,1,31,2
2020-04-15,Marin,041,260295,200,162,1,163,10
2020-04-15,Mariposa,043,17540,0,0,0,0,0
2020-04-15,Mendocino,045,87422,5,4,0,4,0
2020-04-15,Merced,047,269075,120,74,0,74,3
2020-04-15,Modoc,049,8938,0,0,0,0,0
2020-04-15,Mono,051,14174,29,22,0,22,1
2020-04-15,Monterey,053,433212,185,106,1,107,3
2020-04-15,Napa,055,140530,56,34,0,34,2
2020-04-15,Nevada,057,99092,37,34,1,35,1
2020-04-15,Orange,059,3164182,2229,1377,19,1396,24
2020-04-15,Placer,061,380077,149,123,0,123,6
2020-04-15,Plumas,063,18699,4,4,0,4,0
2020-04-15,Riverside,065,2383286,3211,1723,14,1737,42
2020-04-15,Sacramento,067,1510023,977,839,0,839,32
2020-04-15,San Benito,069,59416,43,34,0,34,2
2020-04-15,San Bernardino,071,2135413,1647,1063,0,1063,45
2020-04-15,San Diego,073,3302833,2713,2014,0,2014,60
2020-04-15,San Francisco,075,870044,1312,1006,0,1006,16
2020-04-15,San Joaquin,077,732212,464,329,3,332,17
2020-04-15,San Luis Obispo,079,281455,177,112,3,115,1
2020-04-15,San Mateo,081,765935,1045,707,2,709,28
2020-04-15,Santa Barbara,083,443738,424,317,2,319,2
2020-04-15,Santa Clara,085,1922200,2162,1692,4,1696,69
2020-04-15,Santa Cruz,087,273765,118,92,0,92,2
2020-04-15,Shasta,089,179085,31,25,0,25,3
2020-04-15,Sierra,091,2930,0,0,0,0,0
2020-04-15,Siskiyou,093,43540,5,5,0,5,0
2020-04-15,Solano,095,438530,216,153,0,153,2
2020-04-15,Sonoma,097,501317,197,140,0,140,1
2020-04-15,Stanislaus,099,539301,273,174,4,178,3
2020-04-15,Sutter,101,95872,25,19,0,19,2
2020-04-15,Tehama,103,63373,1,1,0,1,1
2020-04-15,Trinity,105,12862,0,0,0,0,0
2020-04-15,Tulare,107,460477,559,289,5,294,14
2020-04-15,Tuolumne,109,53932,3,1,0,1,0
2020-04-15,Ventura,111,848112,517,365,1,366,13
2020-04-15,Yolo,113,214977,156,93,0,93,3
2020-04-15,Yuba,115,75493,15,15,0,15,1
2020-04-14,Alameda,001,1643700,1286,843,1,844,30
2020-04-14,Alpine,003,1148,1,1,0,1,0
2020-04-14,Amador,005,37829,7,6,0,6,0
2020-04-14,Butte,007,227075,20,13,1,14,0
2020-04-14,Calaveras,009,45235,11,5,0,5,0
2020-04-14,Colusa,011,21464,3,3,0,3,0
2020-04-14,Contra Costa,013,1133247,796,617,0,617,12
2020-04-14,Del Norte,015,27424,2,2,0,2,0
2020-04-14,El Dorado,017,186661,51,30,0,30,0
2020-04-14,Fresno,019,978130,521,244,6,250,6
2020-04-14,Glenn,021,27897,4,3,0,3,0
2020-04-14,Humboldt,023,135768,57,44,0,44,0
2020-04-14,Imperial,025,180216,240,86,0,86,2
2020-04-14,Inyo,027,18085,17,12,0,12,0
2020-04-14,Kern,029,883053,736,453,1,454,3
2020-04-14,Kings,031,150075,58,12,1,13,1
2020-04-14,Lake,033,64148,6,3,0,3,0
2020-04-14,Lassen,035,31185,3,0,2,2,0
2020-04-14,Los Angeles,037,10098052,16004,9948,12,9960,357
2020-04-14,Madera,039,155013,68,29,1,30,2
2020-04-14,Marin,041,260295,196,147,1,148,9
2020-04-14,Mariposa,043,17540,0,0,0,0,0
2020-04-14,Mendocino,045,87422,5,4,0,4,0
2020-04-14,Merced,047,269075,113,61,0,61,3
2020-04-14,Modoc,049,8938,0,0,0,0,0
2020-04-14,Mono,051,14174,29,22,0,22,1
2020-04-14,Monterey,053,433212,180,98,1,99,3
2020-04-14,Napa,055,140530,56,33,0,33,2
2020-04-14,Nevada,057,99092,37,34,1,35,1
2020-04-14,Orange,059,3164182,2127,1362,19,1381,24
2020-04-14,Placer,061,380077,148,117,0,117,5
2020-04-14,Plumas,063,18699,4,3,0,3,0
2020-04-14,Riverside,065,2383286,3076,1467,14,1481,40
2020-04-14,Sacramento,067,1510023,968,737,0,737,29
2020-04-14,San Benito,069,59416,40,34,0,34,2
2020-04-14,San Bernardino,071,2135413,1592,933,0,933,37
2020-04-14,San Diego,073,3302833,2618,1932,0,1932,53
2020-04-14,San Francisco,075,870044,1258,968,0,968,14
2020-04-14,San Joaquin,077,732212,454,280,3,283,17
2020-04-14,San Luis Obispo,079,281455,174,109,3,112,1
2020-04-14,San Mateo,081,765935,1011,681,2,683,28
2020-04-14,Santa Barbara,083,443738,400,292,2,294,2
2020-04-14,Santa Clara,085,1922200,2129,1561,4,1565,63
2020-04-14,Santa Cruz,087,273765,110,84,0,84,2
2020-04-14,Shasta,089,179085,31,24,0,24,3
2020-04-14,Sierra,091,2930,0,0,0,0,0
2020-04-14,Siskiyou,093,43540,5,5,0,5,0
2020-04-14,Solano,095,438530,213,140,0,140,2
2020-04-14,Sonoma,097,501317,193,133,0,133,1
2020-04-14,Stanislaus,099,539301,260,136,4,140,3
2020-04-14,Sutter,101,95872,24,19,0,19,2
2020-04-14,Tehama,103,63373,1,1,0,1,1
2020-04-14,Trinity,105,12862,0,0,0,0,0
2020-04-14,Tulare,107,460477,535,228,5,233,12
2020-04-14,Tuolumne,109,53932,3,0,0,0,0
2020-04-14,Ventura,111,848112,504,328,1,329,11
2020-04-14,Yolo,113,214977,153,81,0,81,3
2020-04-14,Yuba,115,75493,14,14,0,14,1
2020-04-13,Alameda,001,1643700,1247,821,1,822,23
2020-04-13,Alpine,003,1148,1,1,0,1,0
2020-04-13,Amador,005,37829,7,6,0,6,0
2020-04-13,Butte,007,227075,20,13,1,14,0
2020-04-13,Calaveras,009,45235,10,5,0,5,0
2020-04-13,Colusa,011,21464,3,3,0,3,0
2020-04-13,Contra Costa,013,1133247,780,569,0,569,12
2020-04-13,Del Norte,015,27424,2,2,0,2,0
2020-04-13,El Dorado,017,186661,49,29,0,29,0
2020-04-13,Fresno,019,978130,499,205,5,210,4
2020-04-13,Glenn,021,27897,4,3,0,3,0
2020-04-13,Humboldt,023,135768,57,44,0,44,0
2020-04-13,Imperial,025,180216,222,82,0,82,2
2020-04-13,Inyo,027,18085,17,12,0,12,0
2020-04-13,Kern,029,883053,711,346,1,347,3
2020-04-13,Kings,031,150075,54,9,1,10,0
2020-04-13,Lake,033,64148,6,3,0,3,0
2020-04-13,Lassen,035,31185,3,0,2,2,0
2020-04-13,Los Angeles,037,10098052,15290,9367,12,9379,317
2020-04-13,Madera,039,155013,66,29,1,30,2
2020-04-13,Marin,041,260295,192,144,1,145,6
2020-04-13,Mariposa,043,17540,0,0,0,0,0
2020-04-13,Mendocino,045,87422,5,4,0,4,0
2020-04-13,Merced,047,269075,112,60,0,60,3
2020-04-13,Modoc,049,8938,0,0,0,0,0
2020-04-13,Mono,051,14174,29,21,0,21,1
2020-04-13,Monterey,053,433212,173,86,1,87,3
2020-04-13,Napa,055,140530,55,30,0,30,2
2020-04-13,Nevada,057,99092,37,24,1,25,1
2020-04-13,Orange,059,3164182,2054,1313,19,1332,21
2020-04-13,Placer,061,380077,147,116,0,116,5
2020-04-13,Plumas,063,18699,4,3,0,3,0
2020-04-13,Riverside,065,2383286,2935,1460,13,1473,35
2020-04-13,Sacramento,067,1510023,956,723,0,723,25
2020-04-13,San Benito,069,59416,39,33,0,33,2
2020-04-13,San Bernardino,071,2135413,1517,920,0,920,30
2020-04-13,San Diego,073,3302833,2535,1849,0,1849,47
2020-04-13,San Francisco,075,870044,1220,948,0,948,12
2020-04-13,San Joaquin,077,732212,439,255,3,258,16
2020-04-13,San Luis Obispo,079,281455,169,106,3,109,1
2020-04-13,San Mateo,081,765935,971,679,2,681,25
2020-04-13,Santa Barbara,083,443738,381,271,1,272,2
2020-04-13,Santa Clara,085,1922200,2083,1540,4,1544,58
2020-04-13,Santa Cruz,087,273765,104,82,0,82,1
2020-04-13,Shasta,089,179085,30,24,0,24,3
2020-04-13,Sierra,091,2930,0,0,0,0,0
2020-04-13,Siskiyou,093,43540,5,5,0,5,0
2020-04-13,Solano,095,438530,210,136,0,136,2
2020-04-13,Sonoma,097,501317,186,133,0,133,1
2020-04-13,Stanislaus,099,539301,254,130,4,134,1
2020-04-13,Sutter,101,95872,24,18,0,18,2
2020-04-13,Tehama,103,63373,1,1,0,1,0
2020-04-13,Trinity,105,12862,0,0,0,0,0
2020-04-13,Tulare,107,460477,499,185,5,190,11
2020-04-13,Tuolumne,109,53932,3,0,0,0,0
2020-04-13,Ventura,111,848112,483,309,0,309,9
2020-04-13,Yolo,113,214977,147,81,0,81,3
2020-04-13,Yuba,115,75493,14,13,0,13,1
2020-04-12,Alameda,001,1643700,1204,774,1,775,23
2020-04-12,Alpine,003,1148,1,1,0,1,0
2020-04-12,Amador,005,37829,7,6,0,6,0
2020-04-12,Butte,007,227075,20,13,1,14,0
2020-04-12,Calaveras,009,45235,10,5,0,5,0
2020-04-12,Colusa,011,21464,3,3,0,3,0
2020-04-12,Contra Costa,013,1133247,767,553,0,553,12
2020-04-12,Del Norte,015,27424,2,2,0,2,0
2020-04-12,El Dorado,017,186661,49,28,0,28,0
2020-04-12,Fresno,019,978130,470,205,5,210,4
2020-04-12,Glenn,021,27897,4,3,0,3,0
2020-04-12,Humboldt,023,135768,57,43,0,43,0
2020-04-12,Imperial,025,180216,199,78,0,78,2
2020-04-12,Inyo,027,18085,15,12,0,12,0
2020-04-12,Kern,029,883053,679,319,0,319,3
2020-04-12,Kings,031,150075,52,9,1,10,0
2020-04-12,Lake,033,64148,6,3,0,3,0
2020-04-12,Lassen,035,31185,3,0,2,2,0
2020-04-12,Los Angeles,037,10098052,14576,9133,12,9145,294
2020-04-12,Madera,039,155013,65,29,1,30,2
2020-04-12,Marin,041,260295,181,138,1,139,6
2020-04-12,Mariposa,043,17540,0,0,0,0,0
2020-04-12,Mendocino,045,87422,5,4,0,4,0
2020-04-12,Merced,047,269075,106,58,0,58,3
2020-04-12,Modoc,049,8938,0,0,0,0,0
2020-04-12,Mono,051,14174,29,20,0,20,1
2020-04-12,Monterey,053,433212,159,85,1,86,3
2020-04-12,Napa,055,140530,53,29,0,29,2
2020-04-12,Nevada,057,99092,37,24,1,25,1
2020-04-12,Orange,059,3164182,1994,1283,18,1301,21
2020-04-12,Placer,061,380077,146,114,0,114,4
2020-04-12,Plumas,063,18699,4,3,0,3,0
2020-04-12,Riverside,065,2383286,2753,1330,13,1343,34
2020-04-12,Sacramento,067,1510023,919,689,0,689,25
2020-04-12,San Benito,069,59416,37,33,0,33,2
2020-04-12,San Bernardino,071,2135413,1440,827,0,827,30
2020-04-12,San Diego,073,3302833,2445,1806,0,1806,45
2020-04-12,San Francisco,075,870044,1193,886,0,886,11
2020-04-12,San Joaquin,077,732212,421,246,3,249,15
2020-04-12,San Luis Obispo,079,281455,166,102,2,104,1
2020-04-12,San Mateo,081,765935,945,664,2,666,25
2020-04-12,Santa Barbara,083,443738,362,261,1,262,2
2020-04-12,Santa Clara,085,1922200,2055,1461,4,1465,53
2020-04-12,Santa Cruz,087,273765,102,80,0,80,1
2020-04-12,Shasta,089,179085,30,24,0,24,3
2020-04-12,Sierra,091,2930,0,0,0,0,0
2020-04-12,Siskiyou,093,43540,5,5,0,5,0
2020-04-12,Solano,095,438530,204,136,0,136,2
2020-04-12,Sonoma,097,501317,183,131,0,131,1
2020-04-12,Stanislaus,099,539301,246,117,4,121,1
2020-04-12,Sutter,101,95872,23,18,0,18,2
2020-04-12,Tehama,103,63373,1,1,0,1,0
2020-04-12,Trinity,105,12862,0,0,0,0,0
2020-04-12,Tulare,107,460477,487,166,5,171,11
2020-04-12,Tuolumne,109,53932,3,0,0,0,0
2020-04-12,Ventura,111,848112,473,306,0,306,9
2020-04-12,Yolo,113,214977,135,67,0,67,3
2020-04-12,Yuba,115,75493,14,13,0,13,1
2020-04-11,Alameda,001,1643700,1163,751,1,752,23
2020-04-11,Alpine,003,1148,1,1,0,1,0
2020-04-11,Amador,005,37829,7,6,0,6,0
2020-04-11,Butte,007,227075,20,13,1,14,0
2020-04-11,Calaveras,009,45235,10,5,0,5,0
2020-04-11,Colusa,011,21464,3,3,0,3,0
2020-04-11,Contra Costa,013,1133247,758,550,0,550,12
2020-04-11,Del Norte,015,27424,2,2,0,2,0
2020-04-11,El Dorado,017,186661,48,29,0,29,0
2020-04-11,Fresno,019,978130,460,201,5,206,4
2020-04-11,Glenn,021,27897,4,3,0,3,0
2020-04-11,Humboldt,023,135768,57,38,0,38,0
2020-04-11,Imperial,025,180216,189,78,0,78,2
2020-04-11,Inyo,027,18085,15,12,0,12,0
2020-04-11,Kern,029,883053,651,304,0,304,3
2020-04-11,Kings,031,150075,49,9,1,10,0
2020-04-11,Lake,033,64148,6,3,0,3,0
2020-04-11,Lassen,035,31185,3,0,2,2,0
2020-04-11,Los Angeles,037,10098052,14106,8823,12,8835,262
2020-04-11,Madera,039,155013,64,29,1,30,2
2020-04-11,Marin,041,260295,178,136,1,137,6
2020-04-11,Mariposa,043,17540,0,0,0,0,0
2020-04-11,Mendocino,045,87422,5,4,0,4,0
2020-04-11,Merced,047,269075,103,59,0,59,3
2020-04-11,Modoc,049,8938,0,0,0,0,0
2020-04-11,Mono,051,14174,29,20,0,20,1
2020-04-11,Monterey,053,433212,153,78,1,79,3
2020-04-11,Napa,055,140530,53,29,0,29,2
2020-04-11,Nevada,057,99092,37,24,1,25,1
2020-04-11,Orange,059,3164182,1932,1267,18,1285,21
2020-04-11,Placer,061,380077,146,113,0,113,4
2020-04-11,Plumas,063,18699,4,3,0,3,0
2020-04-11,Riverside,065,2383286,2674,1260,13,1273,33
2020-04-11,Sacramento,067,1510023,908,685,0,685,25
2020-04-11,San Benito,069,59416,37,33,0,33,2
2020-04-11,San Bernardino,071,2135413,1404,826,0,826,28
2020-04-11,San Diego,073,3302833,2379,1763,0,1763,45
2020-04-11,San Francisco,075,870044,1171,860,0,860,11
2020-04-11,San Joaquin,077,732212,416,244,3,247,15
2020-04-11,San Luis Obispo,079,281455,166,100,1,101,1
2020-04-11,San Mateo,081,765935,933,662,2,664,25
2020-04-11,Santa Barbara,083,443738,354,258,1,259,2
2020-04-11,Santa Clara,085,1922200,1996,1441,4,1445,51
2020-04-11,Santa Cruz,087,273765,102,79,0,79,1
2020-04-11,Shasta,089,179085,30,24,0,24,3
2020-04-11,Sierra,091,2930,0,0,0,0,0
2020-04-11,Siskiyou,093,43540,5,5,0,5,0
2020-04-11,Solano,095,438530,200,138,0,138,2
2020-04-11,Sonoma,097,501317,181,131,0,131,1
2020-04-11,Stanislaus,099,539301,238,119,3,122,1
2020-04-11,Sutter,101,95872,23,18,0,18,2
2020-04-11,Tehama,103,63373,1,1,0,1,0
2020-04-11,Trinity,105,12862,0,0,0,0,0
2020-04-11,Tulare,107,460477,465,168,5,173,10
2020-04-11,Tuolumne,109,53932,3,0,0,0,0
2020-04-11,Ventura,111,848112,463,304,0,304,9
2020-04-11,Yolo,113,214977,132,67,0,67,3
2020-04-11,Yuba,115,75493,14,13,0,13,1
2020-04-10,Alameda,001,1643700,1122,706,1,707,21
2020-04-10,Alpine,003,1148,1,1,0,1,0
2020-04-10,Amador,005,37829,7,5,0,5,0
2020-04-10,Butte,007,227075,20,13,1,14,0
2020-04-10,Calaveras,009,45235,10,5,0,5,0
2020-04-10,Colusa,011,21464,3,3,0,3,0
2020-04-10,Contra Costa,013,1133247,745,537,0,537,10
2020-04-10,Del Norte,015,27424,2,2,0,2,0
2020-04-10,El Dorado,017,186661,48,26,0,26,0
2020-04-10,Fresno,019,978130,453,186,4,190,3
2020-04-10,Glenn,021,27897,4,3,0,3,0
2020-04-10,Humboldt,023,135768,57,36,0,36,0
2020-04-10,Imperial,025,180216,182,70,0,70,2
2020-04-10,Inyo,027,18085,13,11,0,11,0
2020-04-10,Kern,029,883053,627,272,0,272,3
2020-04-10,Kings,031,150075,46,7,1,8,0
2020-04-10,Lake,033,64148,6,3,0,3,0
2020-04-10,Lassen,035,31185,3,0,2,2,0
2020-04-10,Los Angeles,037,10098052,13592,8384,11,8395,239
2020-04-10,Madera,039,155013,63,29,1,30,2
2020-04-10,Marin,041,260295,173,128,1,129,6
2020-04-10,Mariposa,043,17540,0,0,0,0,0
2020-04-10,Mendocino,045,87422,5,4,0,4,0
2020-04-10,Merced,047,269075,100,56,0,56,3
2020-04-10,Modoc,049,8938,0,0,0,0,0
2020-04-10,Mono,051,14174,29,20,0,20,1
2020-04-10,Monterey,053,433212,142,78,1,79,3
2020-04-10,Napa,055,140530,50,28,0,28,2
2020-04-10,Nevada,057,99092,37,23,1,24,1
2020-04-10,Orange,059,3164182,1885,1167,18,1185,21
2020-04-10,Placer,061,380077,145,112,0,112,4
2020-04-10,Plumas,063,18699,4,3,0,3,0
2020-04-10,Riverside,065,2383286,2608,1162,13,1175,30
2020-04-10,Sacramento,067,1510023,899,642,0,642,24
2020-04-10,San Benito,069,59416,37,32,0,32,2
2020-04-10,San Bernardino,071,2135413,1356,779,0,779,27
2020-04-10,San Diego,073,3302833,2319,1695,0,1695,44
2020-04-10,San Francisco,075,870044,1140,797,0,797,10
2020-04-10,San Joaquin,077,732212,404,234,3,237,14
2020-04-10,San Luis Obispo,079,281455,166,97,1,98,1
2020-04-10,San Mateo,081,765935,917,642,2,644,24
2020-04-10,Santa Barbara,083,443738,346,254,1,255,2
2020-04-10,Santa Clara,085,1922200,1944,1351,4,1355,50
2020-04-10,Santa Cruz,087,273765,101,75,0,75,1
2020-04-10,Shasta,089,179085,30,24,0,24,3
2020-04-10,Sierra,091,2930,0,0,0,0,0
2020-04-10,Siskiyou,093,43540,5,5,0,5,0
2020-04-10,Solano,095,438530,197,129,0,129,2
2020-04-10,Sonoma,097,501317,180,129,0,129,1
2020-04-10,Stanislaus,099,539301,231,101,3,104,0
2020-04-10,Sutter,101,95872,23,18,0,18,2
2020-04-10,Tehama,103,63373,1,1,0,1,0
2020-04-10,Trinity,105,12862,0,0,0,0,0
2020-04-10,Tulare,107,460477,423,163,5,168,10
2020-04-10,Tuolumne,109,53932,3,0,0,0,0
2020-04-10,Ventura,111,848112,454,290,0,290,9
2020-04-10,Yolo,113,214977,130,62,0,62,3
2020-04-10,Yuba,115,75493,14,13,0,13,1
2020-04-09,Alameda,001,1643700,1072,641,1,642,17
2020-04-09,Alpine,003,1148,1,1,0,1,0
2020-04-09,Amador,005,37829,7,2,0,2,0
2020-04-09,Butte,007,227075,19,12,1,13,0
2020-04-09,Calaveras,009,45235,10,5,0,5,0
2020-04-09,Colusa,011,21464,3,3,0,3,0
2020-04-09,Contra Costa,013,1133247,702,505,0,505,7
2020-04-09,Del Norte,015,27424,2,2,0,2,0
2020-04-09,El Dorado,017,186661,47,25,0,25,0
2020-04-09,Fresno,019,978130,428,165,4,169,3
2020-04-09,Glenn,021,27897,4,2,0,2,0
2020-04-09,Humboldt,023,135768,57,36,0,36,0
2020-04-09,Imperial,025,180216,161,67,0,67,2
2020-04-09,Inyo,027,18085,12,11,0,11,0
2020-04-09,Kern,029,883053,591,241,0,241,2
2020-04-09,Kings,031,150075,43,5,1,6,0
2020-04-09,Lake,033,64148,5,1,0,1,0
2020-04-09,Lassen,035,31185,3,0,2,2,0
2020-04-09,Los Angeles,037,10098052,12964,7919,11,7930,220
2020-04-09,Madera,039,155013,63,28,1,29,2
2020-04-09,Marin,041,260295,171,126,1,127,7
2020-04-09,Mariposa,043,17540,0,0,0,0,0
2020-04-09,Mendocino,045,87422,5,4,0,4,0
2020-04-09,Merced,047,269075,97,41,0,41,3
2020-04-09,Modoc,049,8938,0,0,0,0,0
2020-04-09,Mono,051,14174,29,19,0,19,1
2020-04-09,Monterey,053,433212,124,70,1,71,3
2020-04-09,Napa,055,140530,46,27,0,27,2
2020-04-09,Nevada,057,99092,36,23,1,24,1
2020-04-09,Orange,059,3164182,1811,1105,18,1123,19
2020-04-09,Placer,061,380077,144,107,0,107,4
2020-04-09,Plumas,063,18699,4,3,0,3,0
2020-04-09,Riverside,065,2383286,2465,1083,13,1096,29
2020-04-09,Sacramento,067,1510023,876,601,0,601,21
2020-04-09,San Benito,069,59416,37,32,0,32,2
2020-04-09,San Bernardino,071,2135413,1287,717,0,717,27
2020-04-09,San Diego,073,3302833,2223,1630,0,1630,40
2020-04-09,San Francisco,075,870044,1120,748,0,748,8
2020-04-09,San Joaquin,077,732212,383,223,3,226,14
2020-04-09,San Luis Obispo,079,281455,158,93,1,94,1
2020-04-09,San Mateo,081,765935,901,630,2,632,23
2020-04-09,Santa Barbara,083,443738,336,232,1,233,2
2020-04-09,Santa Clara,085,1922200,1874,1301,4,1305,49
2020-04-09,Santa Cruz,087,273765,101,73,0,73,1
2020-04-09,Shasta,089,179085,30,22,0,22,3
2020-04-09,Sierra,091,2930,0,0,0,0,0
2020-04-09,Siskiyou,093,43540,5,4,0,4,0
2020-04-09,Solano,095,438530,188,118,0,118,2
2020-04-09,Sonoma,097,501317,176,113,0,113,1
2020-04-09,Stanislaus,099,539301,219,93,3,96,0
2020-04-09,Sutter,101,95872,23,17,0,17,2
2020-04-09,Tehama,103,63373,1,1,0,1,0
2020-04-09,Trinity,105,12862,0,0,0,0,0
2020-04-09,Tulare,107,460477,394,147,5,152,9
2020-04-09,Tuolumne,109,53932,3,0,0,0,0
2020-04-09,Ventura,111,848112,435,273,0,273,9
2020-04-09,Yolo,113,214977,121,59,0,59,3
2020-04-09,Yuba,115,75493,14,13,0,13,0
2020-04-08,Alameda,001,1643700,1030,594,1,595,15
2020-04-08,Alpine,003,1148,1,1,0,1,0
2020-04-08,Amador,005,37829,7,2,0,2,0
2020-04-08,Butte,007,227075,18,11,1,12,0
2020-04-08,Calaveras,009,45235,10,5,0,5,0
2020-04-08,Colusa,011,21464,3,3,0,3,0
2020-04-08,Contra Costa,013,1133247,689,481,0,481,7
2020-04-08,Del Norte,015,27424,2,2,0,2,0
2020-04-08,El Dorado,017,186661,47,25,0,25,0
2020-04-08,Fresno,019,978130,408,151,4,155,3
2020-04-08,Glenn,021,27897,4,2,0,2,0
2020-04-08,Humboldt,023,135768,57,40,0,40,0
2020-04-08,Imperial,025,180216,150,59,0,59,2
2020-04-08,Inyo,027,18085,12,11,0,11,0
2020-04-08,Kern,029,883053,550,198,0,198,2
2020-04-08,Kings,031,150075,43,5,1,6,0
2020-04-08,Lake,033,64148,5,1,0,1,0
2020-04-08,Lassen,035,31185,3,0,2,2,0
2020-04-08,Los Angeles,037,10098052,12362,7505,11,7516,196
2020-04-08,Madera,039,155013,62,28,1,29,2
2020-04-08,Marin,041,260295,165,125,1,126,7
2020-04-08,Mariposa,043,17540,0,0,0,0,0
2020-04-08,Mendocino,045,87422,5,4,0,4,0
2020-04-08,Merced,047,269075,82,35,0,35,1
2020-04-08,Modoc,049,8938,0,0,0,0,0
2020-04-08,Mono,051,14174,29,19,0,19,1
2020-04-08,Monterey,053,433212,115,68,1,69,3
2020-04-08,Napa,055,140530,44,21,0,21,2
2020-04-08,Nevada,057,99092,36,21,1,22,1
2020-04-08,Orange,059,3164182,1748,1034,18,1052,19
2020-04-08,Placer,061,380077,144,102,0,102,4
2020-04-08,Plumas,063,18699,4,3,0,3,0
2020-04-08,Riverside,065,2383286,2308,974,13,987,28
2020-04-08,Sacramento,067,1510023,842,565,0,565,21
2020-04-08,San Benito,069,59416,37,31,0,31,2
2020-04-08,San Bernardino,071,2135413,1230,635,0,635,22
2020-04-08,San Diego,073,3302833,2149,1532,0,1532,36
2020-04-08,San Francisco,075,870044,1053,687,0,687,7
2020-04-08,San Joaquin,077,732212,366,211,3,214,12
2020-04-08,San Luis Obispo,079,281455,156,90,1,91,1
2020-04-08,San Mateo,081,765935,886,608,2,610,22
2020-04-08,Santa Barbara,083,443738,319,221,1,222,2
2020-04-08,Santa Clara,085,1922200,1829,1257,4,1261,47
2020-04-08,Santa Cruz,087,273765,100,69,0,69,1
2020-04-08,Shasta,089,179085,30,18,0,18,3
2020-04-08,Sierra,091,2930,0,0,0,0,0
2020-04-08,Siskiyou,093,43540,5,4,0,4,0
2020-04-08,Solano,095,438530,175,111,0,111,2
2020-04-08,Sonoma,097,501317,171,107,0,107,1
2020-04-08,Stanislaus,099,539301,203,86,3,89,0
2020-04-08,Sutter,101,95872,22,17,0,17,2
2020-04-08,Tehama,103,63373,1,1,0,1,0
2020-04-08,Trinity,105,12862,0,0,0,0,0
2020-04-08,Tulare,107,460477,363,145,5,150,6
2020-04-08,Tuolumne,109,53932,3,0,0,0,0
2020-04-08,Ventura,111,848112,426,263,0,263,7
2020-04-08,Yolo,113,214977,104,56,0,56,3
2020-04-08,Yuba,115,75493,14,10,0,10,0
2020-04-07,Alameda,001,1643700,995,560,1,561,14
2020-04-07,Alpine,003,1148,1,1,0,1,0
2020-04-07,Amador,005,37829,7,2,0,2,0
2020-04-07,Butte,007,227075,17,11,1,12,0
2020-04-07,Calaveras,009,45235,9,5,0,5,0
2020-04-07,Colusa,011,21464,3,2,0,2,0
2020-04-07,Contra Costa,013,1133247,669,471,0,471,7
2020-04-07,Del Norte,015,27424,2,2,0,2,0
2020-04-07,El Dorado,017,186661,46,22,0,22,0
2020-04-07,Fresno,019,978130,393,138,4,142,3
2020-04-07,Glenn,021,27897,4,2,0,2,0
2020-04-07,Humboldt,023,135768,56,40,0,40,0
2020-04-07,Imperial,025,180216,132,53,0,53,2
2020-04-07,Inyo,027,18085,12,11,0,11,0
2020-04-07,Kern,029,883053,507,134,0,134,2
2020-04-07,Kings,031,150075,40,5,1,6,0
2020-04-07,Lake,033,64148,4,1,0,1,0
2020-04-07,Lassen,035,31185,3,0,2,2,0
2020-04-07,Los Angeles,037,10098052,11713,6885,11,6896,170
2020-04-07,Madera,039,155013,60,28,0,28,2
2020-04-07,Marin,041,260295,163,122,1,123,7
2020-04-07,Mariposa,043,17540,0,0,0,0,0
2020-04-07,Mendocino,045,87422,5,4,0,4,0
2020-04-07,Merced,047,269075,67,27,0,27,1
2020-04-07,Modoc,049,8938,0,0,0,0,0
2020-04-07,Mono,051,14174,28,18,0,18,1
2020-04-07,Monterey,053,433212,107,63,1,64,2
2020-04-07,Napa,055,140530,42,18,0,18,2
2020-04-07,Nevada,057,99092,36,20,1,21,1
2020-04-07,Orange,059,3164182,1701,971,16,987,19
2020-04-07,Placer,061,380077,139,94,0,94,3
2020-04-07,Plumas,063,18699,4,3,0,3,0
2020-04-07,Riverside,065,2383286,2151,905,13,918,25
2020-04-07,Sacramento,067,1510023,812,513,0,513,18
2020-04-07,San Benito,069,59416,37,26,0,26,2
2020-04-07,San Bernardino,071,2135413,1163,554,0,554,19
2020-04-07,San Diego,073,3302833,2072,1456,0,1456,31
2020-04-07,San Francisco,075,870044,993,636,0,636,6
2020-04-07,San Joaquin,077,732212,348,198,3,201,12
2020-04-07,San Luis Obispo,079,281455,149,87,1,88,1
2020-04-07,San Mateo,081,765935,865,573,2,575,22
2020-04-07,Santa Barbara,083,443738,305,209,1,210,2
2020-04-07,Santa Clara,085,1922200,1760,1193,3,1196,46
2020-04-07,Santa Cruz,087,273765,100,67,0,67,1
2020-04-07,Shasta,089,179085,29,16,0,16,3
2020-04-07,Sierra,091,2930,0,0,0,0,0
2020-04-07,Siskiyou,093,43540,5,4,0,4,0
2020-04-07,Solano,095,438530,170,99,0,99,1
2020-04-07,Sonoma,097,501317,168,102,0,102,1
2020-04-07,Stanislaus,099,539301,186,83,3,86,0
2020-04-07,Sutter,101,95872,22,16,0,16,2
2020-04-07,Tehama,103,63373,1,1,0,1,0
2020-04-07,Trinity,105,12862,0,0,0,0,0
2020-04-07,Tulare,107,460477,334,144,5,149,5
2020-04-07,Tuolumne,109,53932,3,1,0,1,0
2020-04-07,Ventura,111,848112,409,247,0,247,6
2020-04-07,Yolo,113,214977,97,51,0,51,2
2020-04-07,Yuba,115,75493,14,10,0,10,0
2020-04-06,Alameda,001,1643700,965,527,1,528,13
2020-04-06,Alpine,003,1148,1,1,0,1,0
2020-04-06,Amador,005,37829,6,2,0,2,0
2020-04-06,Butte,007,227075,16,11,1,12,0
2020-04-06,Calaveras,009,45235,9,4,0,4,0
2020-04-06,Colusa,011,21464,3,1,0,1,0
2020-04-06,Contra Costa,013,1133247,644,447,0,447,7
2020-04-06,Del Norte,015,27424,2,2,0,2,0
2020-04-06,El Dorado,017,186661,44,23,0,23,0
2020-04-06,Fresno,019,978130,371,122,4,126,1
2020-04-06,Glenn,021,27897,4,2,0,2,0
2020-04-06,Humboldt,023,135768,55,37,0,37,0
2020-04-06,Imperial,025,180216,125,47,0,47,1
2020-04-06,Inyo,027,18085,11,11,0,11,0
2020-04-06,Kern,029,883053,470,117,0,117,2
2020-04-06,Kings,031,150075,40,3,1,4,0
2020-04-06,Lake,033,64148,4,1,0,1,0
2020-04-06,Lassen,035,31185,3,0,2,2,0
2020-04-06,Los Angeles,037,10098052,10980,6346,11,6357,145
2020-04-06,Madera,039,155013,58,29,0,29,2
2020-04-06,Marin,041,260295,160,119,1,120,7
2020-04-06,Mariposa,043,17540,0,0,0,0,0
2020-04-06,Mendocino,045,87422,5,4,0,4,0
2020-04-06,Merced,047,269075,60,25,0,25,1
2020-04-06,Modoc,049,8938,0,0,0,0,0
2020-04-06,Mono,051,14174,28,18,0,18,1
2020-04-06,Monterey,053,433212,102,62,1,63,2
2020-04-06,Napa,055,140530,42,18,0,18,2
2020-04-06,Nevada,057,99092,36,19,1,20,1
2020-04-06,Orange,059,3164182,1657,910,15,925,17
2020-04-06,Placer,061,380077,139,90,0,90,3
2020-04-06,Plumas,063,18699,4,2,0,2,0
2020-04-06,Riverside,065,2383286,2025,854,13,867,17
2020-04-06,Sacramento,067,1510023,782,448,0,448,15
2020-04-06,San Benito,069,59416,35,25,0,25,1
2020-04-06,San Bernardino,071,2135413,1104,550,0,550,13
2020-04-06,San Diego,073,3302833,1990,1406,0,1406,19
2020-04-06,San Francisco,075,870044,953,586,0,586,6
2020-04-06,San Joaquin,077,732212,333,191,3,194,10
2020-04-06,San Luis Obispo,079,281455,147,85,1,86,1
2020-04-06,San Mateo,081,765935,847,569,2,571,20
2020-04-06,Santa Barbara,083,443738,296,189,1,190,2
2020-04-06,Santa Clara,085,1922200,1707,1128,3,1131,43
2020-04-06,Santa Cruz,087,273765,98,65,0,65,1
2020-04-06,Shasta,089,179085,29,16,0,16,3
2020-04-06,Sierra,091,2930,0,0,0,0,0
2020-04-06,Siskiyou,093,43540,4,4,0,4,0
2020-04-06,Solano,095,438530,163,95,0,95,1
2020-04-06,Sonoma,097,501317,167,102,0,102,1
2020-04-06,Stanislaus,099,539301,170,72,3,75,0
2020-04-06,Sutter,101,95872,22,14,0,14,2
2020-04-06,Tehama,103,63373,1,1,0,1,0
2020-04-06,Trinity,105,12862,0,0,0,0,0
2020-04-06,Tulare,107,460477,318,126,5,131,5
2020-04-06,Tuolumne,109,53932,3,1,0,1,0
2020-04-06,Ventura,111,848112,391,234,0,234,6
2020-04-06,Yolo,113,214977,93,43,0,43,1
2020-04-06,Yuba,115,75493,14,8,0,8,0
2020-04-05,Alameda,001,1643700,923,475,1,476,12
2020-04-05,Alpine,003,1148,1,1,0,1,0
2020-04-05,Amador,005,37829,6,2,0,2,0
2020-04-05,Butte,007,227075,16,10,1,11,0
2020-04-05,Calaveras,009,45235,9,3,0,3,0
2020-04-05,Colusa,011,21464,3,1,0,1,0
2020-04-05,Contra Costa,013,1133247,627,415,0,415,6
2020-04-05,Del Norte,015,27424,2,1,0,1,0
2020-04-05,El Dorado,017,186661,42,19,0,19,0
2020-04-05,Fresno,019,978130,337,102,4,106,1
2020-04-05,Glenn,021,27897,4,2,0,2,0
2020-04-05,Humboldt,023,135768,55,29,0,29,0
2020-04-05,Imperial,025,180216,117,42,0,42,1
2020-04-05,Inyo,027,18085,11,10,0,10,0
2020-04-05,Kern,029,883053,415,109,0,109,2
2020-04-05,Kings,031,150075,39,4,1,5,0
2020-04-05,Lake,033,64148,4,0,0,0,0
2020-04-05,Lassen,035,31185,3,0,2,2,0
2020-04-05,Los Angeles,037,10098052,10408,5892,11,5903,130
2020-04-05,Madera,039,155013,57,27,0,27,2
2020-04-05,Marin,041,260295,160,113,1,114,6
2020-04-05,Mariposa,043,17540,0,0,0,0,0
2020-04-05,Mendocino,045,87422,5,4,0,4,0
2020-04-05,Merced,047,269075,53,16,0,16,0
2020-04-05,Modoc,049,8938,0,0,0,0,0
2020-04-05,Mono,051,14174,28,18,0,18,1
2020-04-05,Monterey,053,433212,95,61,1,62,2
2020-04-05,Napa,055,140530,40,15,0,15,2
2020-04-05,Nevada,057,99092,36,19,1,20,1
2020-04-05,Orange,059,3164182,1600,820,15,835,15
2020-04-05,Placer,061,380077,136,86,0,86,3
2020-04-05,Plumas,063,18699,3,2,0,2,0
2020-04-05,Riverside,065,2383286,1896,669,13,682,17
2020-04-05,Sacramento,067,1510023,751,393,0,393,11
2020-04-05,San Benito,069,59416,35,22,0,22,1
2020-04-05,San Bernardino,071,2135413,1030,375,0,375,13
2020-04-05,San Diego,073,3302833,1908,1328,0,1328,19
2020-04-05,San Francisco,075,870044,906,559,0,559,6
2020-04-05,San Joaquin,077,732212,318,179,3,182,10
2020-04-05,San Luis Obispo,079,281455,145,83,1,84,1
2020-04-05,San Mateo,081,765935,827,528,2,530,19
2020-04-05,Santa Barbara,083,443738,280,171,1,172,1
2020-04-05,Santa Clara,085,1922200,1660,1052,3,1055,42
2020-04-05,Santa Cruz,087,273765,98,59,0,59,1
2020-04-05,Shasta,089,179085,28,11,0,11,2
2020-04-05,Sierra,091,2930,0,0,0,0,0
2020-04-05,Siskiyou,093,43540,4,3,0,3,0
2020-04-05,Solano,095,438530,159,78,0,78,1
2020-04-05,Sonoma,097,501317,165,88,0,88,1
2020-04-05,Stanislaus,099,539301,156,51,3,54,0
2020-04-05,Sutter,101,95872,22,14,0,14,1
2020-04-05,Tehama,103,63373,1,1,0,1,0
2020-04-05,Trinity,105,12862,0,0,0,0,0
2020-04-05,Tulare,107,460477,281,81,5,86,4
2020-04-05,Tuolumne,109,53932,3,1,0,1,0
2020-04-05,Ventura,111,848112,377,196,0,196,6
2020-04-05,Yolo,113,214977,75,37,0,37,2
2020-04-05,Yuba,115,75493,14,7,0,7,0
2020-04-04,Alameda,001,1643700,900,468,1,469,12
2020-04-04,Alpine,003,1148,1,1,0,1,0
2020-04-04,Amador,005,37829,5,2,0,2,0
2020-04-04,Butte,007,227075,16,10,1,11,0
2020-04-04,Calaveras,009,45235,9,3,0,3,0
2020-04-04,Colusa,011,21464,3,1,0,1,0
2020-04-04,Contra Costa,013,1133247,619,382,0,382,5
2020-04-04,Del Norte,015,27424,2,1,0,1,0
2020-04-04,El Dorado,017,186661,42,19,0,19,0
2020-04-04,Fresno,019,978130,327,102,4,106,1
2020-04-04,Glenn,021,27897,4,2,0,2,0
2020-04-04,Humboldt,023,135768,55,29,0,29,0
2020-04-04,Imperial,025,180216,116,42,0,42,1
2020-04-04,Inyo,027,18085,11,10,0,10,0
2020-04-04,Kern,029,883053,385,103,0,103,2
2020-04-04,Kings,031,150075,39,3,1,4,0
2020-04-04,Lake,033,64148,4,0,0,0,0
2020-04-04,Lassen,035,31185,3,0,2,2,0
2020-04-04,Los Angeles,037,10098052,9791,5275,11,5286,117
2020-04-04,Madera,039,155013,55,27,0,27,2
2020-04-04,Marin,041,260295,158,111,0,111,6
2020-04-04,Mariposa,043,17540,0,0,0,0,0
2020-04-04,Mendocino,045,87422,5,4,0,4,0
2020-04-04,Merced,047,269075,49,11,0,11,0
2020-04-04,Modoc,049,8938,0,0,0,0,0
2020-04-04,Mono,051,14174,28,18,0,18,1
2020-04-04,Monterey,053,433212,91,61,1,62,2
2020-04-04,Napa,055,140530,40,15,0,15,2
2020-04-04,Nevada,057,99092,36,19,1,20,1
2020-04-04,Orange,059,3164182,1558,781,14,795,15
2020-04-04,Placer,061,380077,135,87,0,87,2
2020-04-04,Plumas,063,18699,3,2,0,2,0
2020-04-04,Riverside,065,2383286,1795,652,13,665,15
2020-04-04,Sacramento,067,1510023,733,393,0,393,11
2020-04-04,San Benito,069,59416,35,22,0,22,1
2020-04-04,San Bernardino,071,2135413,982,373,0,373,13
2020-04-04,San Diego,073,3302833,1860,1211,0,1211,18
2020-04-04,San Francisco,075,870044,868,537,0,537,6
2020-04-04,San Joaquin,077,732212,295,171,3,174,10
2020-04-04,San Luis Obispo,079,281455,145,82,1,83,0
2020-04-04,San Mateo,081,765935,815,520,2,522,17
2020-04-04,Santa Barbara,083,443738,271,167,1,168,1
2020-04-04,Santa Clara,085,1922200,1608,1045,3,1048,39
2020-04-04,Santa Cruz,087,273765,98,56,0,56,1
2020-04-04,Shasta,089,179085,27,11,0,11,2
2020-04-04,Sierra,091,2930,0,0,0,0,0
2020-04-04,Siskiyou,093,43540,4,3,0,3,0
2020-04-04,Solano,095,438530,154,79,0,79,1
2020-04-04,Sonoma,097,501317,162,88,0,88,1
2020-04-04,Stanislaus,099,539301,145,51,3,54,0
2020-04-04,Sutter,101,95872,22,14,0,14,1
2020-04-04,Tehama,103,63373,1,1,0,1,0
2020-04-04,Trinity,105,12862,0,0,0,0,0
2020-04-04,Tulare,107,460477,267,79,5,84,4
2020-04-04,Tuolumne,109,53932,3,1,0,1,0
2020-04-04,Ventura,111,848112,364,194,0,194,6
2020-04-04,Yolo,113,214977,73,40,0,40,2
2020-04-04,Yuba,115,75493,13,7,0,7,0
2020-04-03,Alameda,001,1643700,864,395,1,396,11
2020-04-03,Alpine,003,1148,1,1,0,1,0
2020-04-03,Amador,005,37829,5,2,0,2,0
2020-04-03,Butte,007,227075,16,8,1,9,0
2020-04-03,Calaveras,009,45235,9,3,0,3,0
2020-04-03,Colusa,011,21464,3,1,0,1,0
2020-04-03,Contra Costa,013,1133247,596,327,0,327,5
2020-04-03,Del Norte,015,27424,2,1,0,1,0
2020-04-03,El Dorado,017,186661,40,16,0,16,0
2020-04-03,Fresno,019,978130,315,98,4,102,1
2020-04-03,Glenn,021,27897,4,2,0,2,0
2020-04-03,Humboldt,023,135768,55,34,0,34,0
2020-04-03,Imperial,025,180216,107,35,0,35,0
2020-04-03,Inyo,027,18085,11,10,0,10,0
2020-04-03,Kern,029,883053,359,87,0,87,1
2020-04-03,Kings,031,150075,37,3,1,4,0
2020-04-03,Lake,033,64148,3,0,0,0,0
2020-04-03,Lassen,035,31185,3,0,2,2,0
2020-04-03,Los Angeles,037,10098052,9176,4566,11,4577,91
2020-04-03,Madera,039,155013,54,28,0,28,2
2020-04-03,Marin,041,260295,156,106,0,106,6
2020-04-03,Mariposa,043,17540,0,0,0,0,0
2020-04-03,Mendocino,045,87422,5,4,0,4,0
2020-04-03,Merced,047,269075,46,9,0,9,0
2020-04-03,Modoc,049,8938,0,0,0,0,0
2020-04-03,Mono,051,14174,28,18,0,18,1
2020-04-03,Monterey,053,433212,88,58,1,59,2
2020-04-03,Napa,055,140530,39,13,0,13,1
2020-04-03,Nevada,057,99092,36,19,1,20,1
2020-04-03,Orange,059,3164182,1519,713,14,727,13
2020-04-03,Placer,061,380077,131,76,0,76,2
2020-04-03,Plumas,063,18699,3,2,0,2,0
2020-04-03,Riverside,065,2383286,1715,540,13,553,14
2020-04-03,Sacramento,067,1510023,712,363,0,363,11
2020-04-03,San Benito,069,59416,35,22,0,22,1
2020-04-03,San Bernardino,071,2135413,937,356,0,356,11
2020-04-03,San Diego,073,3302833,1800,1114,0,1114,17
2020-04-03,San Francisco,075,870044,844,506,0,506,6
2020-04-03,San Joaquin,077,732212,283,162,3,165,10
2020-04-03,San Luis Obispo,079,281455,144,82,1,83,0
2020-04-03,San Mateo,081,765935,798,474,2,476,13
2020-04-03,Santa Barbara,083,443738,260,154,1,155,1
2020-04-03,Santa Clara,085,1922200,1572,983,3,986,39
2020-04-03,Santa Cruz,087,273765,98,52,0,52,1
2020-04-03,Shasta,089,179085,27,10,0,10,1
2020-04-03,Sierra,091,2930,0,0,0,0,0
2020-04-03,Siskiyou,093,43540,4,3,0,3,0
2020-04-03,Solano,095,438530,146,72,0,72,1
2020-04-03,Sonoma,097,501317,162,84,0,84,1
2020-04-03,Stanislaus,099,539301,139,48,3,51,0
2020-04-03,Sutter,101,95872,22,12,0,12,1
2020-04-03,Tehama,103,63373,1,1,0,1,0
2020-04-03,Trinity,105,12862,0,0,0,0,0
2020-04-03,Tulare,107,460477,253,73,5,78,3
2020-04-03,Tuolumne,109,53932,3,1,0,1,0
2020-04-03,Ventura,111,848112,354,186,0,186,6
2020-04-03,Yolo,113,214977,72,33,0,33,1
2020-04-03,Yuba,115,75493,13,6,0,6,0
2020-04-02,Alameda,001,1643700,813,345,1,346,10
2020-04-02,Alpine,003,1148,1,1,0,1,0
2020-04-02,Amador,005,37829,5,2,0,2,0
2020-04-02,Butte,007,227075,16,7,0,7,0
2020-04-02,Calaveras,009,45235,7,3,0,3,0
2020-04-02,Colusa,011,21464,3,1,0,1,0
2020-04-02,Contra Costa,013,1133247,566,297,0,297,3
2020-04-02,Del Norte,015,27424,2,0,0,0,0
2020-04-02,El Dorado,017,186661,38,16,0,16,0
2020-04-02,Fresno,019,978130,299,92,4,96,0
2020-04-02,Glenn,021,27897,3,2,0,2,0
2020-04-02,Humboldt,023,135768,51,23,0,23,0
2020-04-02,Imperial,025,180216,103,24,0,24,0
2020-04-02,Inyo,027,18085,10,8,0,8,0
2020-04-02,Kern,029,883053,332,74,0,74,0
2020-04-02,Kings,031,150075,37,3,1,4,0
2020-04-02,Lake,033,64148,3,0,0,0,0
2020-04-02,Lassen,035,31185,3,0,2,2,0
2020-04-02,Los Angeles,037,10098052,8344,4040,11,4051,79
2020-04-02,Madera,039,155013,52,25,0,25,1
2020-04-02,Marin,041,260295,150,102,0,102,1
2020-04-02,Mariposa,043,17540,0,0,0,0,0
2020-04-02,Mendocino,045,87422,5,4,0,4,0
2020-04-02,Merced,047,269075,41,9,0,9,0
2020-04-02,Modoc,049,8938,0,0,0,0,0
2020-04-02,Mono,051,14174,28,16,0,16,1
2020-04-02,Monterey,053,433212,86,50,1,51,2
2020-04-02,Napa,055,140530,39,13,0,13,0
2020-04-02,Nevada,057,99092,35,17,1,18,0
2020-04-02,Orange,059,3164182,1467,640,13,653,12
2020-04-02,Placer,061,380077,130,72,0,72,2
2020-04-02,Plumas,063,18699,3,1,0,1,0
2020-04-02,Riverside,065,2383286,1598,438,13,451,13
2020-04-02,Sacramento,067,1510023,694,322,0,322,9
2020-04-02,San Benito,069,59416,33,18,0,18,1
2020-04-02,San Bernardino,071,2135413,882,335,0,335,8
2020-04-02,San Diego,073,3302833,1733,968,0,968,16
2020-04-02,San Francisco,075,870044,817,473,0,473,6
2020-04-02,San Joaquin,077,732212,264,148,3,151,9
2020-04-02,San Luis Obispo,079,281455,139,79,1,80,0
2020-04-02,San Mateo,081,765935,777,423,2,425,13
2020-04-02,Santa Barbara,083,443738,249,125,1,126,1
2020-04-02,Santa Clara,085,1922200,1521,908,3,911,38
2020-04-02,Santa Cruz,087,273765,96,49,0,49,1
2020-04-02,Shasta,089,179085,26,7,0,7,1
2020-04-02,Sierra,091,2930,0,0,0,0,0
2020-04-02,Siskiyou,093,43540,4,3,0,3,0
2020-04-02,Solano,095,438530,136,65,0,65,0
2020-04-02,Sonoma,097,501317,158,76,0,76,1
2020-04-02,Stanislaus,099,539301,128,40,3,43,0
2020-04-02,Sutter,101,95872,21,10,0,10,1
2020-04-02,Tehama,103,63373,1,1,0,1,0
2020-04-02,Trinity,105,12862,0,0,0,0,0
2020-04-02,Tulare,107,460477,219,64,5,69,1
2020-04-02,Tuolumne,109,53932,3,1,0,1,0
2020-04-02,Ventura,111,848112,336,178,0,178,5
2020-04-02,Yolo,113,214977,70,29,0,29,1
2020-04-02,Yuba,115,75493,10,5,0,5,0
2020-04-01,Alameda,001,1643700,786,287,1,288,8
2020-04-01,Alpine,003,1148,1,1,0,1,0
2020-04-01,Amador,005,37829,5,1,0,1,0
2020-04-01,Butte,007,227075,16,6,0,6,0
2020-04-01,Calaveras,009,45235,6,3,0,3,0
2020-04-01,Colusa,011,21464,3,1,0,1,0
2020-04-01,Contra Costa,013,1133247,522,267,0,267,3
2020-04-01,Del Norte,015,27424,2,0,0,0,0
2020-04-01,El Dorado,017,186661,37,14,0,14,0
2020-04-01,Fresno,019,978130,277,75,3,78,0
2020-04-01,Glenn,021,27897,3,2,0,2,0
2020-04-01,Humboldt,023,135768,51,19,0,19,0
2020-04-01,Imperial,025,180216,96,25,0,25,0
2020-04-01,Inyo,027,18085,10,8,0,8,0
2020-04-01,Kern,029,883053,305,53,0,53,0
2020-04-01,Kings,031,150075,35,3,1,4,0
2020-04-01,Lake,033,64148,3,0,0,0,0
2020-04-01,Lassen,035,31185,3,0,2,2,0
2020-04-01,Los Angeles,037,10098052,7694,3502,11,3513,66
2020-04-01,Madera,039,155013,50,17,0,17,1
2020-04-01,Marin,041,260295,146,87,0,87,1
2020-04-01,Mariposa,043,17540,0,0,0,0,0
2020-04-01,Mendocino,045,87422,5,4,0,4,0
2020-04-01,Merced,047,269075,38,7,0,7,0
2020-04-01,Modoc,049,8938,0,0,0,0,0
2020-04-01,Mono,051,14174,28,12,0,12,1
2020-04-01,Monterey,053,433212,85,47,1,48,2
2020-04-01,Napa,055,140530,36,11,0,11,0
2020-04-01,Nevada,057,99092,35,15,1,16,0
2020-04-01,Orange,059,3164182,1415,579,13,592,11
2020-04-01,Placer,061,380077,128,52,0,52,2
2020-04-01,Plumas,063,18699,3,1,0,1,0
2020-04-01,Riverside,065,2383286,1430,306,12,318,11
2020-04-01,Sacramento,067,1510023,661,299,0,299,8
2020-04-01,San Benito,069,59416,30,14,0,14,1
2020-04-01,San Bernardino,071,2135413,833,245,0,245,5
2020-04-01,San Diego,073,3302833,1663,851,0,851,11
2020-04-01,San Francisco,075,870044,789,432,0,432,6
2020-04-01,San Joaquin,077,732212,252,132,3,135,8
2020-04-01,San Luis Obispo,079,281455,133,69,1,70,0
2020-04-01,San Mateo,081,765935,759,354,2,356,13
2020-04-01,Santa Barbara,083,443738,236,103,1,104,0
2020-04-01,Santa Clara,085,1922200,1479,805,3,808,33
2020-04-01,Santa Cruz,087,273765,91,44,0,44,1
2020-04-01,Shasta,089,179085,25,5,0,5,1
2020-04-01,Sierra,091,2930,0,0,0,0,0
2020-04-01,Siskiyou,093,43540,4,3,0,3,0
2020-04-01,Solano,095,438530,131,57,0,57,0
2020-04-01,Sonoma,097,501317,154,60,0,60,1
2020-04-01,Stanislaus,099,539301,117,29,3,32,0
2020-04-01,Sutter,101,95872,21,9,0,9,1
2020-04-01,Tehama,103,63373,1,0,0,0,0
2020-04-01,Trinity,105,12862,0,0,0,0,0
2020-04-01,Tulare,107,460477,181,43,5,48,1
2020-04-01,Tuolumne,109,53932,3,1,0,1,0
2020-04-01,Ventura,111,848112,323,154,0,154,5
2020-04-01,Yolo,113,214977,65,22,0,22,1
2020-04-01,Yuba,115,75493,9,5,0,5,0
2020-03-31,Alameda,001,1643700,718,269,1,270,7
2020-03-31,Alpine,003,1148,1,1,0,1,0
2020-03-31,Amador,005,37829,5,1,0,1,0
2020-03-31,Butte,007,227075,16,6,0,6,0
2020-03-31,Calaveras,009,45235,6,3,0,3,0
2020-03-31,Colusa,011,21464,3,1,0,1,0
2020-03-31,Contra Costa,013,1133247,497,246,0,246,3
2020-03-31,Del Norte,015,27424,1,0,0,0,0
2020-03-31,El Dorado,017,186661,33,14,0,14,0
2020-03-31,Fresno,019,978130,252,59,3,62,0
2020-03-31,Glenn,021,27897,3,2,0,2,0
2020-03-31,Humboldt,023,135768,51,18,0,18,0
2020-03-31,Imperial,025,180216,91,17,0,17,0
2020-03-31,Inyo,027,18085,10,8,0,8,0
2020-03-31,Kern,029,883053,281,47,0,47,0
2020-03-31,Kings,031,150075,33,2,1,3,0
2020-03-31,Lake,033,64148,1,0,0,0,0
2020-03-31,Lassen,035,31185,3,0,2,2,0
2020-03-31,Los Angeles,037,10098052,7029,3001,11,3012,53
2020-03-31,Madera,039,155013,49,17,0,17,1
2020-03-31,Marin,041,260295,137,85,0,85,1
2020-03-31,Mariposa,043,17540,0,0,0,0,0
2020-03-31,Mendocino,045,87422,5,4,0,4,0
2020-03-31,Merced,047,269075,33,6,0,6,0
2020-03-31,Modoc,049,8938,0,0,0,0,0
2020-03-31,Mono,051,14174,26,12,0,12,0
2020-03-31,Monterey,053,433212,83,43,1,44,2
2020-03-31,Napa,055,140530,35,9,0,9,0
2020-03-31,Nevada,057,99092,35,15,1,16,0
2020-03-31,Orange,059,3164182,1345,506,13,519,7
2020-03-31,Placer,061,380077,121,49,0,49,2
2020-03-31,Plumas,063,18699,1,0,0,0,0
2020-03-31,Riverside,065,2383286,1284,284,12,296,8
2020-03-31,Sacramento,067,1510023,609,271,0,271,8
2020-03-31,San Benito,069,59416,30,14,0,14,1
2020-03-31,San Bernardino,071,2135413,748,193,0,193,5
2020-03-31,San Diego,073,3302833,1581,736,0,736,9
2020-03-31,San Francisco,075,870044,754,404,0,404,5
2020-03-31,San Joaquin,077,732212,236,122,3,125,7
2020-03-31,San Luis Obispo,079,281455,129,67,1,68,0
2020-03-31,San Mateo,081,765935,740,297,2,299,12
2020-03-31,Santa Barbara,083,443738,221,89,1,90,0
2020-03-31,Santa Clara,085,1922200,1429,777,3,780,30
2020-03-31,Santa Cruz,087,273765,84,40,0,40,1
2020-03-31,Shasta,089,179085,22,5,0,5,1
2020-03-31,Sierra,091,2930,0,0,0,0,0
2020-03-31,Siskiyou,093,43540,4,3,0,3,0
2020-03-31,Solano,095,438530,117,56,0,56,0
2020-03-31,Sonoma,097,501317,149,58,0,58,1
2020-03-31,Stanislaus,099,539301,102,28,3,31,0
2020-03-31,Sutter,101,95872,21,8,0,8,0
2020-03-31,Tehama,103,63373,1,0,0,0,0
2020-03-31,Trinity,105,12862,0,0,0,0,0
2020-03-31,Tulare,107,460477,158,42,4,46,1
2020-03-31,Tuolumne,109,53932,3,1,0,1,0
2020-03-31,Ventura,111,848112,312,143,0,143,4
2020-03-31,Yolo,113,214977,58,21,0,21,1
2020-03-31,Yuba,115,75493,9,5,0,5,0
2020-03-30,Alameda,001,1643700,678,250,1,251,7
2020-03-30,Alpine,003,1148,1,1,0,1,0
2020-03-30,Amador,005,37829,5,1,0,1,0
2020-03-30,Butte,007,227075,14,5,0,5,0
2020-03-30,Calaveras,009,45235,6,3,0,3,0
2020-03-30,Colusa,011,21464,3,1,0,1,0
2020-03-30,Contra Costa,013,1133247,471,212,0,212,3
2020-03-30,Del Norte,015,27424,0,0,0,0,0
2020-03-30,El Dorado,017,186661,33,11,0,11,0
2020-03-30,Fresno,019,978130,227,46,3,49,0
2020-03-30,Glenn,021,27897,3,2,0,2,0
2020-03-30,Humboldt,023,135768,49,11,0,11,0
2020-03-30,Imperial,025,180216,88,9,0,9,0
2020-03-30,Inyo,027,18085,10,5,0,5,0
2020-03-30,Kern,029,883053,248,30,0,30,0
2020-03-30,Kings,031,150075,33,1,1,2,0
2020-03-30,Lake,033,64148,1,0,0,0,0
2020-03-30,Lassen,035,31185,3,0,1,1,0
2020-03-30,Los Angeles,037,10098052,6373,2467,11,2478,44
2020-03-30,Madera,039,155013,48,14,0,14,1
2020-03-30,Marin,041,260295,130,78,0,78,0
2020-03-30,Mariposa,043,17540,0,0,0,0,0
2020-03-30,Mendocino,045,87422,5,2,0,2,0
2020-03-30,Merced,047,269075,29,6,0,6,0
2020-03-30,Modoc,049,8938,0,0,0,0,0
2020-03-30,Mono,051,14174,26,11,0,11,0
2020-03-30,Monterey,053,433212,78,41,1,42,1
2020-03-30,Napa,055,140530,34,9,0,9,0
2020-03-30,Nevada,057,99092,34,14,1,15,0
2020-03-30,Orange,059,3164182,1279,418,13,431,5
2020-03-30,Placer,061,380077,118,44,0,44,2
2020-03-30,Plumas,063,18699,1,0,0,0,0
2020-03-30,Riverside,065,2383286,1203,204,12,216,7
2020-03-30,Sacramento,067,1510023,585,238,0,238,8
2020-03-30,San Benito,069,59416,30,11,0,11,1
2020-03-30,San Bernardino,071,2135413,704,145,0,145,4
2020-03-30,San Diego,073,3302833,1511,605,0,605,7
2020-03-30,San Francisco,075,870044,714,368,0,368,5
2020-03-30,San Joaquin,077,732212,229,112,3,115,5
2020-03-30,San Luis Obispo,079,281455,126,62,1,63,0
2020-03-30,San Mateo,081,765935,716,257,2,259,11
2020-03-30,Santa Barbara,083,443738,212,79,1,80,0
2020-03-30,Santa Clara,085,1922200,1398,745,3,748,31
2020-03-30,Santa Cruz,087,273765,81,36,0,36,1
2020-03-30,Shasta,089,179085,21,4,0,4,1
2020-03-30,Sierra,091,2930,0,0,0,0,0
2020-03-30,Siskiyou,093,43540,4,2,0,2,0
2020-03-30,Solano,095,438530,111,50,0,50,0
2020-03-30,Sonoma,097,501317,146,57,0,57,1
2020-03-30,Stanislaus,099,539301,95,28,3,31,0
2020-03-30,Sutter,101,95872,20,6,0,6,0
2020-03-30,Tehama,103,63373,1,0,0,0,0
2020-03-30,Trinity,105,12862,0,0,0,0,0
2020-03-30,Tulare,107,460477,146,40,3,43,1
2020-03-30,Tuolumne,109,53932,3,1,0,1,0
2020-03-30,Ventura,111,848112,301,118,0,118,2
2020-03-30,Yolo,113,214977,55,17,0,17,1
2020-03-30,Yuba,115,75493,8,5,0,5,0
2020-03-29,Alameda,001,1643700,644,207,1,208,6
2020-03-29,Alpine,003,1148,1,0,0,0,0
2020-03-29,Amador,005,37829,5,1,0,1,0
2020-03-29,Butte,007,227075,14,4,0,4,0
2020-03-29,Calaveras,009,45235,6,2,0,2,0
2020-03-29,Colusa,011,21464,3,1,0,1,0
2020-03-29,Contra Costa,013,1133247,441,187,0,187,3
2020-03-29,Del Norte,015,27424,0,0,0,0,0
2020-03-29,El Dorado,017,186661,32,9,0,9,0
2020-03-29,Fresno,019,978130,203,31,3,34,0
2020-03-29,Glenn,021,27897,2,1,0,1,0
2020-03-29,Humboldt,023,135768,46,9,0,9,0
2020-03-29,Imperial,025,180216,82,9,0,9,0
2020-03-29,Inyo,027,18085,9,0,0,0,0
2020-03-29,Kern,029,883053,230,20,0,20,0
2020-03-29,Kings,031,150075,30,1,1,2,0
2020-03-29,Lake,033,64148,0,0,0,0,0
2020-03-29,Lassen,035,31185,3,0,1,1,0
2020-03-29,Los Angeles,037,10098052,5728,2119,11,2130,37
2020-03-29,Madera,039,155013,43,11,0,11,1
2020-03-29,Marin,041,260295,125,60,0,60,0
2020-03-29,Mariposa,043,17540,0,0,0,0,0
2020-03-29,Mendocino,045,87422,5,2,0,2,0
2020-03-29,Merced,047,269075,28,4,0,4,0
2020-03-29,Modoc,049,8938,0,0,0,0,0
2020-03-29,Mono,051,14174,26,8,0,8,0
2020-03-29,Monterey,053,433212,73,36,1,37,1
2020-03-29,Napa,055,140530,32,5,0,5,0
2020-03-29,Nevada,057,99092,32,13,1,14,0
2020-03-29,Orange,059,3164182,1206,343,13,356,2
2020-03-29,Placer,061,380077,117,35,0,35,2
2020-03-29,Plumas,063,18699,1,0,0,0,0
2020-03-29,Riverside,065,2383286,1079,122,12,134,7
2020-03-29,Sacramento,067,1510023,545,217,0,217,7
2020-03-29,San Benito,069,59416,29,10,0,10,1
2020-03-29,San Bernardino,071,2135413,652,94,0,94,2
2020-03-29,San Diego,073,3302833,1439,521,0,521,7
2020-03-29,San Francisco,075,870044,670,333,0,333,5
2020-03-29,San Joaquin,077,732212,220,86,3,89,4
2020-03-29,San Luis Obispo,079,281455,119,55,0,55,0
2020-03-29,San Mateo,081,765935,691,234,2,236,12
2020-03-29,Santa Barbara,083,443738,204,52,1,53,0
2020-03-29,Santa Clara,085,1922200,1341,591,3,594,30
2020-03-29,Santa Cruz,087,273765,81,33,0,33,1
2020-03-29,Shasta,089,179085,20,4,0,4,1
2020-03-29,Sierra,091,2930,0,0,0,0,0
2020-03-29,Siskiyou,093,43540,4,2,0,2,0
2020-03-29,Solano,095,438530,103,48,0,48,0
2020-03-29,Sonoma,097,501317,144,35,0,35,1
2020-03-29,Stanislaus,099,539301,90,19,3,22,0
2020-03-29,Sutter,101,95872,17,6,0,6,0
2020-03-29,Tehama,103,63373,1,0,0,0,0
2020-03-29,Trinity,105,12862,0,0,0,0,0
2020-03-29,Tulare,107,460477,121,24,3,27,1
2020-03-29,Tuolumne,109,53932,2,1,0,1,0
2020-03-29,Ventura,111,848112,274,92,0,92,2
2020-03-29,Yolo,113,214977,50,13,0,13,1
2020-03-29,Yuba,115,75493,8,3,0,3,0
2020-03-28,Alameda,001,1643700,617,410,1,411,12
2020-03-28,Alpine,003,1148,1,0,0,0,0
2020-03-28,Amador,005,37829,5,2,0,2,0
2020-03-28,Butte,007,227075,14,8,0,8,0
2020-03-28,Calaveras,009,45235,6,4,0,4,0
2020-03-28,Colusa,011,21464,3,2,0,2,0
2020-03-28,Contra Costa,013,1133247,418,350,0,350,4
2020-03-28,Del Norte,015,27424,0,0,0,0,0
2020-03-28,El Dorado,017,186661,31,18,0,18,0
2020-03-28,Fresno,019,978130,193,62,3,65,0
2020-03-28,Glenn,021,27897,2,2,0,2,0
2020-03-28,Humboldt,023,135768,46,18,0,18,0
2020-03-28,Imperial,025,180216,77,18,0,18,0
2020-03-28,Inyo,027,18085,9,0,0,0,0
2020-03-28,Kern,029,883053,213,40,0,40,0
2020-03-28,Kings,031,150075,29,2,1,3,0
2020-03-28,Lake,033,64148,0,0,0,0,0
2020-03-28,Lassen,035,31185,3,0,1,1,0
2020-03-28,Los Angeles,037,10098052,5342,3600,10,3610,64
2020-03-28,Madera,039,155013,43,22,0,22,2
2020-03-28,Marin,041,260295,120,116,0,116,0
2020-03-28,Mariposa,043,17540,0,0,0,0,0
2020-03-28,Mendocino,045,87422,5,4,0,4,0
2020-03-28,Merced,047,269075,27,8,0,8,0
2020-03-28,Modoc,049,8938,0,0,0,0,0
2020-03-28,Mono,051,14174,24,12,0,12,0
2020-03-28,Monterey,053,433212,72,64,1,65,2
2020-03-28,Napa,055,140530,27,10,0,10,0
2020-03-28,Nevada,057,99092,32,22,1,23,0
2020-03-28,Orange,059,3164182,1170,656,13,669,4
2020-03-28,Placer,061,380077,112,70,0,70,2
2020-03-28,Plumas,063,18699,1,0,0,0,0
2020-03-28,Riverside,065,2383286,1011,242,12,254,14
2020-03-28,Sacramento,067,1510023,527,406,0,406,14
2020-03-28,San Benito,069,59416,29,20,0,20,2
2020-03-28,San Bernardino,071,2135413,604,162,0,162,4
2020-03-28,San Diego,073,3302833,1380,980,0,980,14
2020-03-28,San Francisco,075,870044,646,600,0,600,6
2020-03-28,San Joaquin,077,732212,212,166,3,169,8
2020-03-28,San Luis Obispo,079,281455,117,104,0,104,0
2020-03-28,San Mateo,081,765935,671,462,2,464,17
2020-03-28,Santa Barbara,083,443738,194,98,1,99,0
2020-03-28,Santa Clara,085,1922200,1322,1174,3,1177,54
2020-03-28,Santa Cruz,087,273765,80,62,0,62,0
2020-03-28,Shasta,089,179085,20,8,0,8,2
2020-03-28,Sierra,091,2930,0,0,0,0,0
2020-03-28,Siskiyou,093,43540,4,4,0,4,0
2020-03-28,Solano,095,438530,99,96,0,96,0
2020-03-28,Sonoma,097,501317,142,70,0,70,2
2020-03-28,Stanislaus,099,539301,85,34,3,37,0
2020-03-28,Sutter,101,95872,17,6,0,6,0
2020-03-28,Tehama,103,63373,1,0,0,0,0
2020-03-28,Trinity,105,12862,0,0,0,0,0
2020-03-28,Tulare,107,460477,114,46,3,49,0
2020-03-28,Tuolumne,109,53932,2,2,0,2,0
2020-03-28,Ventura,111,848112,270,178,0,178,4
2020-03-28,Yolo,113,214977,49,26,0,26,2
2020-03-28,Yuba,115,75493,8,6,0,6,0
2020-03-27,Alameda,001,1643700,598,185,1,186,4
2020-03-27,Alpine,003,1148,1,0,0,0,0
2020-03-27,Amador,005,37829,4,1,0,1,0
2020-03-27,Butte,007,227075,12,4,0,4,0
2020-03-27,Calaveras,009,45235,6,2,0,2,0
2020-03-27,Colusa,011,21464,3,0,0,0,0
2020-03-27,Contra Costa,013,1133247,397,161,0,161,2
2020-03-27,Del Norte,015,27424,0,0,0,0,0
2020-03-27,El Dorado,017,186661,29,9,0,9,0
2020-03-27,Fresno,019,978130,181,29,2,31,0
2020-03-27,Glenn,021,27897,2,0,0,0,0
2020-03-27,Humboldt,023,135768,42,9,0,9,0
2020-03-27,Imperial,025,180216,72,9,0,9,0
2020-03-27,Inyo,027,18085,9,0,0,0,0
2020-03-27,Kern,029,883053,200,20,0,20,0
2020-03-27,Kings,031,150075,28,0,1,1,0
2020-03-27,Lake,033,64148,0,0,0,0,0
2020-03-27,Lassen,035,31185,3,0,1,1,0
2020-03-27,Los Angeles,037,10098052,4931,1474,10,1484,26
2020-03-27,Madera,039,155013,41,10,0,10,1
2020-03-27,Marin,041,260295,115,58,0,58,0
2020-03-27,Mariposa,043,17540,0,0,0,0,0
2020-03-27,Mendocino,045,87422,5,2,0,2,0
2020-03-27,Merced,047,269075,26,3,0,3,0
2020-03-27,Modoc,049,8938,0,0,0,0,0
2020-03-27,Mono,051,14174,24,6,0,6,0
2020-03-27,Monterey,053,433212,69,26,1,27,1
2020-03-27,Napa,055,140530,27,5,0,5,0
2020-03-27,Nevada,057,99092,32,6,1,7,0
2020-03-27,Orange,059,3164182,1120,299,13,312,2
2020-03-27,Placer,061,380077,109,33,0,33,1
2020-03-27,Plumas,063,18699,0,0,0,0,0
2020-03-27,Riverside,065,2383286,955,121,12,133,7
2020-03-27,Sacramento,067,1510023,504,163,0,163,6
2020-03-27,San Benito,069,59416,28,9,0,9,1
2020-03-27,San Bernardino,071,2135413,514,77,0,77,2
2020-03-27,San Diego,073,3302833,1323,419,0,419,5
2020-03-27,San Francisco,075,870044,621,285,0,285,2
2020-03-27,San Joaquin,077,732212,201,73,3,76,3
2020-03-27,San Luis Obispo,079,281455,115,46,0,46,0
2020-03-27,San Mateo,081,765935,645,213,2,215,7
2020-03-27,Santa Barbara,083,443738,180,37,1,38,0
2020-03-27,Santa Clara,085,1922200,1284,557,3,560,25
2020-03-27,Santa Cruz,087,273765,79,31,0,31,0
2020-03-27,Shasta,089,179085,17,3,0,3,1
2020-03-27,Sierra,091,2930,0,0,0,0,0
2020-03-27,Siskiyou,093,43540,4,2,0,2,0
2020-03-27,Solano,095,438530,93,48,0,48,0
2020-03-27,Sonoma,097,501317,134,35,0,35,1
2020-03-27,Stanislaus,099,539301,83,16,3,19,0
2020-03-27,Sutter,101,95872,16,2,0,2,0
2020-03-27,Tehama,103,63373,1,0,0,0,0
2020-03-27,Trinity,105,12862,0,0,0,0,0
2020-03-27,Tulare,107,460477,106,15,3,18,0
2020-03-27,Tuolumne,109,53932,2,1,0,1,0
2020-03-27,Ventura,111,848112,261,80,0,80,2
2020-03-27,Yolo,113,214977,48,13,0,13,1
2020-03-27,Yuba,115,75493,7,3,0,3,0
2020-03-26,Alameda,001,1643700,558,172,1,173,4
2020-03-26,Alpine,003,1148,1,0,0,0,0
2020-03-26,Amador,005,37829,4,1,0,1,0
2020-03-26,Butte,007,227075,12,4,0,4,0
2020-03-26,Calaveras,009,45235,6,2,0,2,0
2020-03-26,Colusa,011,21464,3,0,0,0,0
2020-03-26,Contra Costa,013,1133247,387,147,0,147,2
2020-03-26,Del Norte,015,27424,0,0,0,0,0
2020-03-26,El Dorado,017,186661,27,7,0,7,0
2020-03-26,Fresno,019,978130,172,25,2,27,0
2020-03-26,Glenn,021,27897,2,0,0,0,0
2020-03-26,Humboldt,023,135768,38,8,0,8,0
2020-03-26,Imperial,025,180216,68,8,0,8,0
2020-03-26,Inyo,027,18085,8,0,0,0,0
2020-03-26,Kern,029,883053,184,20,0,20,0
2020-03-26,Kings,031,150075,28,0,1,1,0
2020-03-26,Lake,033,64148,0,0,0,0,0
2020-03-26,Lassen,035,31185,3,0,1,1,0
2020-03-26,Los Angeles,037,10098052,4528,1075,10,1085,19
2020-03-26,Madera,039,155013,39,8,0,8,0
2020-03-26,Marin,041,260295,106,56,0,56,0
2020-03-26,Mariposa,043,17540,0,0,0,0,0
2020-03-26,Mendocino,045,87422,4,1,0,1,0
2020-03-26,Merced,047,269075,23,1,0,1,0
2020-03-26,Modoc,049,8938,0,0,0,0,0
2020-03-26,Mono,051,14174,23,5,0,5,0
2020-03-26,Monterey,053,433212,66,25,1,26,1
2020-03-26,Napa,055,140530,26,5,0,5,0
2020-03-26,Nevada,057,99092,32,7,1,8,0
2020-03-26,Orange,059,3164182,1058,279,11,290,1
2020-03-26,Placer,061,380077,106,34,0,34,1
2020-03-26,Plumas,063,18699,0,0,0,0,0
2020-03-26,Riverside,065,2383286,884,118,12,130,7
2020-03-26,Sacramento,067,1510023,471,147,0,147,5
2020-03-26,San Benito,069,59416,28,8,0,8,1
2020-03-26,San Bernardino,071,2135413,448,57,0,57,1
2020-03-26,San Diego,073,3302833,1256,299,0,299,2
2020-03-26,San Francisco,075,870044,594,261,0,261,1
2020-03-26,San Joaquin,077,732212,190,69,3,72,3
2020-03-26,San Luis Obispo,079,281455,110,38,0,38,0
2020-03-26,San Mateo,081,765935,611,122,2,124,5
2020-03-26,Santa Barbara,083,443738,167,33,1,34,0
2020-03-26,Santa Clara,085,1922200,1239,487,2,489,20
2020-03-26,Santa Cruz,087,273765,75,30,0,30,0
2020-03-26,Shasta,089,179085,17,3,0,3,1
2020-03-26,Sierra,091,2930,0,0,0,0,0
2020-03-26,Siskiyou,093,43540,4,2,0,2,0
2020-03-26,Solano,095,438530,85,41,0,41,0
2020-03-26,Sonoma,097,501317,129,33,0,33,1
2020-03-26,Stanislaus,099,539301,81,15,3,18,0
2020-03-26,Sutter,101,95872,12,2,0,2,0
2020-03-26,Tehama,103,63373,1,0,0,0,0
2020-03-26,Trinity,105,12862,0,0,0,0,0
2020-03-26,Tulare,107,460477,97,15,3,18,0
2020-03-26,Tuolumne,109,53932,2,0,0,0,0
2020-03-26,Ventura,111,848112,245,70,0,70,1
2020-03-26,Yolo,113,214977,44,13,0,13,1
2020-03-26,Yuba,115,75493,7,3,0,3,0
2020-03-25,Alameda,001,1643700,537,134,1,135,3
2020-03-25,Alpine,003,1148,1,0,0,0,0
2020-03-25,Amador,005,37829,4,1,0,1,0
2020-03-25,Butte,007,227075,12,4,0,4,0
2020-03-25,Calaveras,009,45235,6,2,0,2,0
2020-03-25,Colusa,011,21464,2,0,0,0,0
2020-03-25,Contra Costa,013,1133247,373,131,0,131,1
2020-03-25,Del Norte,015,27424,0,0,0,0,0
2020-03-25,El Dorado,017,186661,27,5,0,5,0
2020-03-25,Fresno,019,978130,152,21,2,23,0
2020-03-25,Glenn,021,27897,2,0,0,0,0
2020-03-25,Humboldt,023,135768,35,3,0,3,0
2020-03-25,Imperial,025,180216,60,8,0,8,0
2020-03-25,Inyo,027,18085,5,0,0,0,0
2020-03-25,Kern,029,883053,164,13,0,13,0
2020-03-25,Kings,031,150075,26,0,1,1,0
2020-03-25,Lake,033,64148,0,0,0,0,0
2020-03-25,Lassen,035,31185,3,0,1,1,0
2020-03-25,Los Angeles,037,10098052,4133,725,10,735,10
2020-03-25,Madera,039,155013,37,6,0,6,0
2020-03-25,Marin,041,260295,100,47,0,47,0
2020-03-25,Mariposa,043,17540,0,0,0,0,0
2020-03-25,Mendocino,045,87422,3,1,0,1,0
2020-03-25,Merced,047,269075,19,0,0,0,0
2020-03-25,Modoc,049,8938,0,0,0,0,0
2020-03-25,Mono,051,14174,22,4,0,4,0
2020-03-25,Monterey,053,433212,63,23,1,24,1
2020-03-25,Napa,055,140530,26,5,0,5,0
2020-03-25,Nevada,057,99092,31,5,1,6,0
2020-03-25,Orange,059,3164182,1000,214,9,223,1
2020-03-25,Placer,061,380077,100,30,0,30,1
2020-03-25,Plumas,063,18699,0,1,0,1,0
2020-03-25,Riverside,065,2383286,813,87,12,99,5
2020-03-25,Sacramento,067,1510023,445,114,0,114,5
2020-03-25,San Benito,069,59416,27,4,0,4,1
2020-03-25,San Bernardino,071,2135413,409,46,0,46,1
2020-03-25,San Diego,073,3302833,1194,238,0,238,2
2020-03-25,San Francisco,075,870044,553,212,0,212,1
2020-03-25,San Joaquin,077,732212,177,64,3,67,2
2020-03-25,San Luis Obispo,079,281455,105,35,0,35,0
2020-03-25,San Mateo,081,765935,576,111,2,113,5
2020-03-25,Santa Barbara,083,443738,157,25,1,26,0
2020-03-25,Santa Clara,085,1922200,1195,452,2,454,20
2020-03-25,Santa Cruz,087,273765,72,26,0,26,0
2020-03-25,Shasta,089,179085,16,3,0,3,1
2020-03-25,Sierra,091,2930,0,0,0,0,0
2020-03-25,Siskiyou,093,43540,4,2,0,2,0
2020-03-25,Solano,095,438530,80,39,0,39,0
2020-03-25,Sonoma,097,501317,124,31,0,31,1
2020-03-25,Stanislaus,099,539301,74,14,3,17,0
2020-03-25,Sutter,101,95872,9,1,0,1,0
2020-03-25,Tehama,103,63373,1,0,0,0,0
2020-03-25,Trinity,105,12862,0,0,0,0,0
2020-03-25,Tulare,107,460477,87,11,3,14,0
2020-03-25,Tuolumne,109,53932,2,0,0,0,0
2020-03-25,Ventura,111,848112,229,53,0,53,1
2020-03-25,Yolo,113,214977,42,9,0,9,1
2020-03-25,Yuba,115,75493,7,2,0,2,0
2020-03-24,Alameda,001,1643700,504,96,1,97,2
2020-03-24,Alpine,003,1148,1,0,0,0,0
2020-03-24,Amador,005,37829,2,1,0,1,0
2020-03-24,Butte,007,227075,11,3,0,3,0
2020-03-24,Calaveras,009,45235,5,2,0,2,0
2020-03-24,Colusa,011,21464,2,0,0,0,0
2020-03-24,Contra Costa,013,1133247,359,108,0,108,1
2020-03-24,Del Norte,015,27424,0,0,0,0,0
2020-03-24,El Dorado,017,186661,27,3,0,3,0
2020-03-24,Fresno,019,978130,133,18,2,20,0
2020-03-24,Glenn,021,27897,2,0,0,0,0
2020-03-24,Humboldt,023,135768,33,2,0,2,0
2020-03-24,Imperial,025,180216,57,3,0,3,0
2020-03-24,Inyo,027,18085,5,0,0,0,0
2020-03-24,Kern,029,883053,144,5,0,5,0
2020-03-24,Kings,031,150075,25,0,1,1,0
2020-03-24,Lake,033,64148,0,0,0,0,0
2020-03-24,Lassen,035,31185,3,0,1,1,0
2020-03-24,Los Angeles,037,10098052,3681,633,10,643,7
2020-03-24,Madera,039,155013,36,6,0,6,0
2020-03-24,Marin,041,260295,89,44,0,44,0
2020-03-24,Mariposa,043,17540,0,0,0,0,0
2020-03-24,Mendocino,045,87422,3,1,0,1,0
2020-03-24,Merced,047,269075,17,0,0,0,0
2020-03-24,Modoc,049,8938,0,0,0,0,0
2020-03-24,Mono,051,14174,21,1,0,1,0
2020-03-24,Monterey,053,433212,59,23,1,24,1
2020-03-24,Napa,055,140530,23,2,0,2,0
2020-03-24,Nevada,057,99092,30,4,1,5,0
2020-03-24,Orange,059,3164182,938,166,9,175,0
2020-03-24,Placer,061,380077,93,22,0,22,1
2020-03-24,Plumas,063,18699,0,1,0,1,0
2020-03-24,Riverside,065,2383286,746,56,12,68,5
2020-03-24,Sacramento,067,1510023,426,93,0,93,4
2020-03-24,San Benito,069,59416,26,4,0,4,1
2020-03-24,San Bernardino,071,2135413,365,27,0,27,0
2020-03-24,San Diego,073,3302833,1127,231,0,231,2
2020-03-24,San Francisco,075,870044,521,181,0,181,1
2020-03-24,San Joaquin,077,732212,166,52,3,55,2
2020-03-24,San Luis Obispo,079,281455,102,32,0,32,0
2020-03-24,San Mateo,081,765935,535,100,2,102,2
2020-03-24,Santa Barbara,083,443738,151,20,1,21,0
2020-03-24,Santa Clara,085,1922200,1126,389,2,391,17
2020-03-24,Santa Cruz,087,273765,67,22,0,22,0
2020-03-24,Shasta,089,179085,15,3,0,3,0
2020-03-24,Sierra,091,2930,0,0,0,0,0
2020-03-24,Siskiyou,093,43540,4,2,0,2,0
2020-03-24,Solano,095,438530,78,34,0,34,0
2020-03-24,Sonoma,097,501317,117,27,0,27,1
2020-03-24,Stanislaus,099,539301,65,13,3,16,0
2020-03-24,Sutter,101,95872,9,0,0,0,0
2020-03-24,Tehama,103,63373,1,0,0,0,0
2020-03-24,Trinity,105,12862,0,0,0,0,0
2020-03-24,Tulare,107,460477,77,10,3,13,0
2020-03-24,Tuolumne,109,53932,2,0,0,0,0
2020-03-24,Ventura,111,848112,213,44,0,44,1
2020-03-24,Yolo,113,214977,38,8,0,8,0
2020-03-24,Yuba,115,75493,7,2,0,2,0
2020-03-23,Alameda,001,1643700,473,88,1,89,1
2020-03-23,Alpine,003,1148,1,0,0,0,0
2020-03-23,Amador,005,37829,2,1,0,1,0
2020-03-23,Butte,007,227075,11,2,0,2,0
2020-03-23,Calaveras,009,45235,5,2,0,2,0
2020-03-23,Colusa,011,21464,1,0,0,0,0
2020-03-23,Contra Costa,013,1133247,339,91,0,91,2
2020-03-23,Del Norte,015,27424,0,0,0,0,0
2020-03-23,El Dorado,017,186661,26,3,0,3,0
2020-03-23,Fresno,019,978130,123,10,2,12,0
2020-03-23,Glenn,021,27897,2,0,0,0,0
2020-03-23,Humboldt,023,135768,31,2,0,2,0
2020-03-23,Imperial,025,180216,53,2,0,2,0
2020-03-23,Inyo,027,18085,3,0,0,0,0
2020-03-23,Kern,029,883053,130,5,0,5,0
2020-03-23,Kings,031,150075,25,0,1,1,0
2020-03-23,Lake,033,64148,0,0,0,0,0
2020-03-23,Lassen,035,31185,3,0,1,1,0
2020-03-23,Los Angeles,037,10098052,3377,389,10,399,4
2020-03-23,Madera,039,155013,36,4,0,4,0
2020-03-23,Marin,041,260295,84,30,0,30,0
2020-03-23,Mariposa,043,17540,0,0,0,0,0
2020-03-23,Mendocino,045,87422,3,1,0,1,0
2020-03-23,Merced,047,269075,11,0,0,0,0
2020-03-23,Modoc,049,8938,0,0,0,0,0
2020-03-23,Mono,051,14174,19,1,0,1,0
2020-03-23,Monterey,053,433212,54,14,1,15,1
2020-03-23,Napa,055,140530,21,1,0,1,0
2020-03-23,Nevada,057,99092,27,2,1,3,0
2020-03-23,Orange,059,3164182,883,138,7,145,0
2020-03-23,Placer,061,380077,90,19,0,19,1
2020-03-23,Plumas,063,18699,0,0,0,0,0
2020-03-23,Riverside,065,2383286,703,39,12,51,5
2020-03-23,Sacramento,067,1510023,393,87,0,87,4
2020-03-23,San Benito,069,59416,25,4,0,4,1
2020-03-23,San Bernardino,071,2135413,335,17,0,17,0
2020-03-23,San Diego,073,3302833,1068,178,0,178,1
2020-03-23,San Francisco,075,870044,492,152,0,152,0
2020-03-23,San Joaquin,077,732212,154,37,3,40,2
2020-03-23,San Luis Obispo,079,281455,96,23,0,23,0
2020-03-23,San Mateo,081,765935,497,88,2,90,1
2020-03-23,Santa Barbara,083,443738,133,18,1,19,0
2020-03-23,Santa Clara,085,1922200,1077,336,2,338,13
2020-03-23,Santa Cruz,087,273765,65,21,0,21,0
2020-03-23,Shasta,089,179085,13,2,0,2,0
2020-03-23,Sierra,091,2930,0,0,0,0,0
2020-03-23,Siskiyou,093,43540,4,2,0,2,0
2020-03-23,Solano,095,438530,74,33,0,33,0
2020-03-23,Sonoma,097,501317,105,19,0,19,1
2020-03-23,Stanislaus,099,539301,57,10,3,13,0
2020-03-23,Sutter,101,95872,9,0,0,0,0
2020-03-23,Tehama,103,63373,1,0,0,0,0
2020-03-23,Trinity,105,12862,0,0,0,0,0
2020-03-23,Tulare,107,460477,68,9,3,12,0
2020-03-23,Tuolumne,109,53932,2,0,0,0,0
2020-03-23,Ventura,111,848112,196,30,0,30,0
2020-03-23,Yolo,113,214977,37,8,0,8,0
2020-03-23,Yuba,115,75493,7,2,0,2,0
2020-03-22,Alameda,001,1643700,434,72,1,73,1
2020-03-22,Alpine,003,1148,1,0,0,0,0
2020-03-22,Amador,005,37829,2,1,0,1,0
2020-03-22,Butte,007,227075,8,1,0,1,0
2020-03-22,Calaveras,009,45235,4,2,0,2,0
2020-03-22,Colusa,011,21464,1,0,0,0,0
2020-03-22,Contra Costa,013,1133247,312,79,0,79,1
2020-03-22,Del Norte,015,27424,0,0,0,0,0
2020-03-22,El Dorado,017,186661,24,1,0,1,0
2020-03-22,Fresno,019,978130,103,8,2,10,0
2020-03-22,Glenn,021,27897,2,0,0,0,0
2020-03-22,Humboldt,023,135768,28,1,0,1,0
2020-03-22,Imperial,025,180216,51,2,0,2,0
2020-03-22,Inyo,027,18085,1,0,0,0,0
2020-03-22,Kern,029,883053,114,3,0,3,0
2020-03-22,Kings,031,150075,22,0,1,1,0
2020-03-22,Lake,033,64148,0,0,0,0,0
2020-03-22,Lassen,035,31185,3,0,1,1,0
2020-03-22,Los Angeles,037,10098052,3056,384,10,394,3
2020-03-22,Madera,039,155013,33,4,0,4,0
2020-03-22,Marin,041,260295,74,30,0,30,0
2020-03-22,Mariposa,043,17540,0,0,0,0,0
2020-03-22,Mendocino,045,87422,3,1,0,1,0
2020-03-22,Merced,047,269075,7,0,0,0,0
2020-03-22,Modoc,049,8938,0,0,0,0,0
2020-03-22,Mono,051,14174,14,1,0,1,0
2020-03-22,Monterey,053,433212,51,14,1,15,1
2020-03-22,Napa,055,140530,17,1,0,1,0
2020-03-22,Nevada,057,99092,23,2,1,3,0
2020-03-22,Orange,059,3164182,811,102,4,106,0
2020-03-22,Placer,061,380077,87,18,0,18,1
2020-03-22,Plumas,063,18699,0,0,0,0,0
2020-03-22,Riverside,065,2383286,613,26,8,34,5
2020-03-22,Sacramento,067,1510023,361,82,0,82,4
2020-03-22,San Benito,069,59416,20,4,0,4,1
2020-03-22,San Bernardino,071,2135413,292,16,0,16,0
2020-03-22,San Diego,073,3302833,980,161,0,161,0
2020-03-22,San Francisco,075,870044,455,134,0,134,0
2020-03-22,San Joaquin,077,732212,140,30,3,33,2
2020-03-22,San Luis Obispo,079,281455,89,19,0,19,0
2020-03-22,San Mateo,081,765935,464,82,2,84,1
2020-03-22,Santa Barbara,083,443738,119,16,1,17,0
2020-03-22,Santa Clara,085,1922200,1013,284,2,286,13
2020-03-22,Santa Cruz,087,273765,64,19,0,19,0
2020-03-22,Shasta,089,179085,13,1,0,1,0
2020-03-22,Sierra,091,2930,0,0,0,0,0
2020-03-22,Siskiyou,093,43540,4,2,0,2,0
2020-03-22,Solano,095,438530,65,30,0,30,0
2020-03-22,Sonoma,097,501317,100,18,0,18,1
2020-03-22,Stanislaus,099,539301,51,8,3,11,0
2020-03-22,Sutter,101,95872,8,0,0,0,0
2020-03-22,Tehama,103,63373,0,0,0,0,0
2020-03-22,Trinity,105,12862,0,0,0,0,0
2020-03-22,Tulare,107,460477,62,5,3,8,0
2020-03-22,Tuolumne,109,53932,2,0,0,0,0
2020-03-22,Ventura,111,848112,174,26,0,26,0
2020-03-22,Yolo,113,214977,31,6,0,6,0
2020-03-22,Yuba,115,75493,7,2,0,2,0
2020-03-21,Alameda,001,1643700,410,62,1,63,0
2020-03-21,Alpine,003,1148,1,0,0,0,0
2020-03-21,Amador,005,37829,2,1,0,1,0
2020-03-21,Butte,007,227075,7,1,0,1,0
2020-03-21,Calaveras,009,45235,4,2,0,2,0
2020-03-21,Colusa,011,21464,1,0,0,0,0
2020-03-21,Contra Costa,013,1133247,301,62,0,62,1
2020-03-21,Del Norte,015,27424,0,0,0,0,0
2020-03-21,El Dorado,017,186661,21,1,0,1,0
2020-03-21,Fresno,019,978130,99,8,2,10,0
2020-03-21,Glenn,021,27897,2,0,0,0,0
2020-03-21,Humboldt,023,135768,25,1,0,1,0
2020-03-21,Imperial,025,180216,47,2,0,2,0
2020-03-21,Inyo,027,18085,1,0,0,0,0
2020-03-21,Kern,029,883053,108,3,0,3,0
2020-03-21,Kings,031,150075,22,0,1,1,0
2020-03-21,Lake,033,64148,0,0,0,0,0
2020-03-21,Lassen,035,31185,3,0,1,1,0
2020-03-21,Los Angeles,037,10098052,2783,322,10,332,2
2020-03-21,Madera,039,155013,33,4,0,4,0
2020-03-21,Marin,041,260295,69,30,0,30,0
2020-03-21,Mariposa,043,17540,0,0,0,0,0
2020-03-21,Mendocino,045,87422,3,1,0,1,0
2020-03-21,Merced,047,269075,6,0,0,0,0
2020-03-21,Modoc,049,8938,0,0,0,0,0
2020-03-21,Mono,051,14174,14,1,0,1,0
2020-03-21,Monterey,053,433212,48,8,1,9,1
2020-03-21,Napa,055,140530,17,0,0,0,0
2020-03-21,Nevada,057,99092,23,2,1,3,0
2020-03-21,Orange,059,3164182,762,85,4,89,0
2020-03-21,Placer,061,380077,78,11,0,11,1
2020-03-21,Plumas,063,18699,0,0,0,0,0
2020-03-21,Riverside,065,2383286,566,20,8,28,3
2020-03-21,Sacramento,067,1510023,334,66,0,66,3
2020-03-21,San Benito,069,59416,18,4,0,4,1
2020-03-21,San Bernardino,071,2135413,272,13,0,13,0
2020-03-21,San Diego,073,3302833,903,121,0,121,0
2020-03-21,San Francisco,075,870044,419,106,0,106,0
2020-03-21,San Joaquin,077,732212,131,26,3,29,2
2020-03-21,San Luis Obispo,079,281455,84,16,0,16,0
2020-03-21,San Mateo,081,765935,426,78,2,80,1
2020-03-21,Santa Barbara,083,443738,109,8,1,9,0
2020-03-21,Santa Clara,085,1922200,951,269,2,271,10
2020-03-21,Santa Cruz,087,273765,62,17,0,17,0
2020-03-21,Shasta,089,179085,12,1,0,1,0
2020-03-21,Sierra,091,2930,0,0,0,0,0
2020-03-21,Siskiyou,093,43540,4,0,0,0,0
2020-03-21,Solano,095,438530,63,30,0,30,0
2020-03-21,Sonoma,097,501317,99,15,0,15,1
2020-03-21,Stanislaus,099,539301,45,7,3,10,0
2020-03-21,Sutter,101,95872,7,0,0,0,0
2020-03-21,Tehama,103,63373,0,0,0,0,0
2020-03-21,Trinity,105,12862,0,0,0,0,0
2020-03-21,Tulare,107,460477,54,5,3,8,0
2020-03-21,Tuolumne,109,53932,2,0,0,0,0
2020-03-21,Ventura,111,848112,166,22,0,22,0
2020-03-21,Yolo,113,214977,31,6,0,6,0
2020-03-21,Yuba,115,75493,7,1,0,1,0
2020-03-20,Alameda,001,1643700,389,42,1,43,0
2020-03-20,Alpine,003,1148,1,0,0,0,0
2020-03-20,Amador,005,37829,1,0,0,0,0
2020-03-20,Butte,007,227075,7,0,0,0,0
2020-03-20,Calaveras,009,45235,4,2,0,2,0
2020-03-20,Colusa,011,21464,1,0,0,0,0
2020-03-20,Contra Costa,013,1133247,271,52,0,52,1
2020-03-20,Del Norte,015,27424,0,0,0,0,0
2020-03-20,El Dorado,017,186661,20,1,0,1,0
2020-03-20,Fresno,019,978130,96,7,2,9,0
2020-03-20,Glenn,021,27897,1,0,0,0,0
2020-03-20,Humboldt,023,135768,25,1,0,1,0
2020-03-20,Imperial,025,180216,46,2,0,2,0
2020-03-20,Inyo,027,18085,0,0,0,0,0
2020-03-20,Kern,029,883053,93,3,0,3,0
2020-03-20,Kings,031,150075,21,0,1,1,0
2020-03-20,Lake,033,64148,0,0,0,0,0
2020-03-20,Lassen,035,31185,3,0,1,1,0
2020-03-20,Los Angeles,037,10098052,2557,267,9,276,1
2020-03-20,Madera,039,155013,32,4,0,4,0
2020-03-20,Marin,041,260295,66,30,0,30,0
2020-03-20,Mariposa,043,17540,0,0,0,0,0
2020-03-20,Mendocino,045,87422,3,1,0,1,0
2020-03-20,Merced,047,269075,6,0,0,0,0
2020-03-20,Modoc,049,8938,0,0,0,0,0
2020-03-20,Mono,051,14174,14,0,0,0,0
2020-03-20,Monterey,053,433212,47,4,1,5,0
2020-03-20,Napa,055,140530,16,0,0,0,0
2020-03-20,Nevada,057,99092,20,2,1,3,0
2020-03-20,Orange,059,3164182,715,71,4,75,2
2020-03-20,Placer,061,380077,72,9,0,9,1
2020-03-20,Plumas,063,18699,0,0,0,0,0
2020-03-20,Riverside,065,2383286,507,19,8,27,3
2020-03-20,Sacramento,067,1510023,313,56,0,56,4
2020-03-20,San Benito,069,59416,18,4,0,4,1
2020-03-20,San Bernardino,071,2135413,245,9,0,9,0
2020-03-20,San Diego,073,3302833,851,98,0,98,0
2020-03-20,San Francisco,075,870044,387,87,0,87,0
2020-03-20,San Joaquin,077,732212,116,18,3,21,2
2020-03-20,San Luis Obispo,079,281455,80,11,0,11,0
2020-03-20,San Mateo,081,765935,396,71,2,73,1
2020-03-20,Santa Barbara,083,443738,97,7,1,8,0
2020-03-20,Santa Clara,085,1922200,914,246,2,248,8
2020-03-20,Santa Cruz,087,273765,60,13,0,13,0
2020-03-20,Shasta,089,179085,11,1,0,1,0
2020-03-20,Sierra,091,2930,0,0,0,0,0
2020-03-20,Siskiyou,093,43540,4,0,0,0,0
2020-03-20,Solano,095,438530,59,29,0,29,0
2020-03-20,Sonoma,097,501317,91,7,0,7,0
2020-03-20,Stanislaus,099,539301,39,7,3,10,0
2020-03-20,Sutter,101,95872,7,0,0,0,0
2020-03-20,Tehama,103,63373,0,0,0,0,0
2020-03-20,Trinity,105,12862,0,0,0,0,0
2020-03-20,Tulare,107,460477,50,4,3,7,0
2020-03-20,Tuolumne,109,53932,2,0,0,0,0
2020-03-20,Ventura,111,848112,156,18,0,18,0
2020-03-20,Yolo,113,214977,29,5,0,5,0
2020-03-20,Yuba,115,75493,6,0,0,0,0
2020-03-19,Alameda,001,1643700,353,36,1,37,0
2020-03-19,Alpine,003,1148,1,0,0,0,0
2020-03-19,Amador,005,37829,1,0,0,0,0
2020-03-19,Butte,007,227075,5,0,0,0,0
2020-03-19,Calaveras,009,45235,4,2,0,2,0
2020-03-19,Colusa,011,21464,0,0,0,0,0
2020-03-19,Contra Costa,013,1133247,255,46,0,46,0
2020-03-19,Del Norte,015,27424,0,0,0,0,0
2020-03-19,El Dorado,017,186661,18,0,0,0,0
2020-03-19,Fresno,019,978130,87,6,2,8,0
2020-03-19,Glenn,021,27897,1,0,0,0,0
2020-03-19,Humboldt,023,135768,23,1,0,1,0
2020-03-19,Imperial,025,180216,39,2,0,2,0
2020-03-19,Inyo,027,18085,0,0,0,0,0
2020-03-19,Kern,029,883053,81,3,0,3,0
2020-03-19,Kings,031,150075,17,0,1,1,0
2020-03-19,Lake,033,64148,0,0,0,0,0
2020-03-19,Lassen,035,31185,2,0,1,1,0
2020-03-19,Los Angeles,037,10098052,2270,233,9,242,0
2020-03-19,Madera,039,155013,31,3,0,3,0
2020-03-19,Marin,041,260295,63,19,0,19,0
2020-03-19,Mariposa,043,17540,0,0,0,0,0
2020-03-19,Mendocino,045,87422,2,1,0,1,0
2020-03-19,Merced,047,269075,5,0,0,0,0
2020-03-19,Modoc,049,8938,0,0,0,0,0
2020-03-19,Mono,051,14174,12,0,0,0,0
2020-03-19,Monterey,053,433212,39,3,1,4,0
2020-03-19,Napa,055,140530,14,0,0,0,0
2020-03-19,Nevada,057,99092,18,2,1,3,0
2020-03-19,Orange,059,3164182,633,59,4,63,0
2020-03-19,Placer,061,380077,64,8,0,8,1
2020-03-19,Plumas,063,18699,0,0,0,0,0
2020-03-19,Riverside,065,2383286,396,14,6,20,3
2020-03-19,Sacramento,067,1510023,280,52,0,52,3
2020-03-19,San Benito,069,59416,15,3,0,3,0
2020-03-19,San Bernardino,071,2135413,215,7,0,7,0
2020-03-19,San Diego,073,3302833,768,68,0,68,0
2020-03-19,San Francisco,075,870044,351,80,0,80,0
2020-03-19,San Joaquin,077,732212,102,15,3,18,2
2020-03-19,San Luis Obispo,079,281455,77,6,0,6,0
2020-03-19,San Mateo,081,765935,361,58,2,60,1
2020-03-19,Santa Barbara,083,443738,85,5,0,5,0
2020-03-19,Santa Clara,085,1922200,847,183,2,185,8
2020-03-19,Santa Cruz,087,273765,57,13,0,13,0
2020-03-19,Shasta,089,179085,10,1,0,1,0
2020-03-19,Sierra,091,2930,0,0,0,0,0
2020-03-19,Siskiyou,093,43540,3,0,0,0,0
2020-03-19,Solano,095,438530,55,26,0,26,0
2020-03-19,Sonoma,097,501317,88,8,0,8,0
2020-03-19,Stanislaus,099,539301,38,7,3,10,0
2020-03-19,Sutter,101,95872,7,0,0,0,0
2020-03-19,Tehama,103,63373,0,0,0,0,0
2020-03-19,Trinity,105,12862,0,0,0,0,0
2020-03-19,Tulare,107,460477,44,3,3,6,0
2020-03-19,Tuolumne,109,53932,2,0,0,0,0
2020-03-19,Ventura,111,848112,134,15,0,15,0
2020-03-19,Yolo,113,214977,25,5,0,5,0
2020-03-19,Yuba,115,75493,5,0,0,0,0
2020-03-18,Alameda,001,1643700,325,29,1,30,0
2020-03-18,Alpine,003,1148,1,0,0,0,0
2020-03-18,Amador,005,37829,1,0,0,0,0
2020-03-18,Butte,007,227075,4,0,0,0,0
2020-03-18,Calaveras,009,45235,4,2,0,2,0
2020-03-18,Colusa,011,21464,0,0,0,0,0
2020-03-18,Contra Costa,013,1133247,233,44,0,44,0
2020-03-18,Del Norte,015,27424,0,0,0,0,0
2020-03-18,El Dorado,017,186661,17,0,0,0,0
2020-03-18,Fresno,019,978130,78,3,1,4,0
2020-03-18,Glenn,021,27897,1,0,0,0,0
2020-03-18,Humboldt,023,135768,19,1,0,1,0
2020-03-18,Imperial,025,180216,33,2,0,2,0
2020-03-18,Inyo,027,18085,0,0,0,0,0
2020-03-18,Kern,029,883053,66,1,0,1,0
2020-03-18,Kings,031,150075,15,0,1,1,0
2020-03-18,Lake,033,64148,0,0,0,0,0
2020-03-18,Lassen,035,31185,1,0,1,1,0
2020-03-18,Los Angeles,037,10098052,2031,47,9,56,0
2020-03-18,Madera,039,155013,30,2,0,2,0
2020-03-18,Marin,041,260295,58,10,0,10,0
2020-03-18,Mariposa,043,17540,0,0,0,0,0
2020-03-18,Mendocino,045,87422,2,0,0,0,0
2020-03-18,Merced,047,269075,5,0,0,0,0
2020-03-18,Modoc,049,8938,0,0,0,0,0
2020-03-18,Mono,051,14174,11,0,0,0,0
2020-03-18,Monterey,053,433212,31,1,0,1,0
2020-03-18,Napa,055,140530,11,0,0,0,0
2020-03-18,Nevada,057,99092,16,2,1,3,0
2020-03-18,Orange,059,3164182,576,38,4,42,0
2020-03-18,Placer,061,380077,57,8,0,8,1
2020-03-18,Plumas,063,18699,0,0,0,0,0
2020-03-18,Riverside,065,2383286,333,11,5,16,2
2020-03-18,Sacramento,067,1510023,257,46,0,46,3
2020-03-18,San Benito,069,59416,14,3,0,3,0
2020-03-18,San Bernardino,071,2135413,193,3,0,3,0
2020-03-18,San Diego,073,3302833,683,40,0,40,0
2020-03-18,San Francisco,075,870044,332,65,0,65,0
2020-03-18,San Joaquin,077,732212,90,14,3,17,2
2020-03-18,San Luis Obispo,079,281455,70,5,0,5,0
2020-03-18,San Mateo,081,765935,340,57,2,59,1
2020-03-18,Santa Barbara,083,443738,77,2,0,2,0
2020-03-18,Santa Clara,085,1922200,796,151,2,153,6
2020-03-18,Santa Cruz,087,273765,55,11,0,11,0
2020-03-18,Shasta,089,179085,9,1,0,1,0
2020-03-18,Sierra,091,2930,0,0,0,0,0
2020-03-18,Siskiyou,093,43540,3,0,0,0,0
2020-03-18,Solano,095,438530,51,26,0,26,0
2020-03-18,Sonoma,097,501317,79,6,0,6,0
2020-03-18,Stanislaus,099,539301,34,5,2,7,0
2020-03-18,Sutter,101,95872,5,0,0,0,0
2020-03-18,Tehama,103,63373,0,0,0,0,0
2020-03-18,Trinity,105,12862,0,0,0,0,0
2020-03-18,Tulare,107,460477,34,3,3,6,0
2020-03-18,Tuolumne,109,53932,2,0,0,0,0
2020-03-18,Ventura,111,848112,115,11,0,11,0
2020-03-18,Yolo,113,214977,22,4,0,4,0
2020-03-18,Yuba,115,75493,4,0,0,0,0
2020-03-17,Alameda,001,1643700,293,19,0,19,0
2020-03-17,Alpine,003,1148,0,0,0,0,0
2020-03-17,Amador,005,37829,1,0,0,0,0
2020-03-17,Butte,007,227075,4,0,0,0,0
2020-03-17,Calaveras,009,45235,4,2,0,2,0
2020-03-17,Colusa,011,21464,0,0,0,0,0
2020-03-17,Contra Costa,013,1133247,211,37,0,37,0
2020-03-17,Del Norte,015,27424,0,0,0,0,0
2020-03-17,El Dorado,017,186661,16,0,0,0,0
2020-03-17,Fresno,019,978130,68,2,1,3,0
2020-03-17,Glenn,021,27897,1,0,0,0,0
2020-03-17,Humboldt,023,135768,17,1,0,1,0
2020-03-17,Imperial,025,180216,27,2,0,2,0
2020-03-17,Inyo,027,18085,0,0,0,0,0
2020-03-17,Kern,029,883053,52,0,0,0,0
2020-03-17,Kings,031,150075,12,0,1,1,0
2020-03-17,Lake,033,64148,0,0,0,0,0
2020-03-17,Lassen,035,31185,1,0,1,1,0
2020-03-17,Los Angeles,037,10098052,1831,41,9,50,0
2020-03-17,Madera,039,155013,22,2,0,2,0
2020-03-17,Marin,041,260295,51,4,0,4,0
2020-03-17,Mariposa,043,17540,0,0,0,0,0
2020-03-17,Mendocino,045,87422,2,0,0,0,0
2020-03-17,Merced,047,269075,5,0,0,0,0
2020-03-17,Modoc,049,8938,0,0,0,0,0
2020-03-17,Mono,051,14174,9,0,0,0,0
2020-03-17,Monterey,053,433212,29,0,0,0,0
2020-03-17,Napa,055,140530,8,0,0,0,0
2020-03-17,Nevada,057,99092,15,1,1,2,0
2020-03-17,Orange,059,3164182,498,24,3,27,0
2020-03-17,Placer,061,380077,47,7,0,7,1
2020-03-17,Plumas,063,18699,0,0,0,0,0
2020-03-17,Riverside,065,2383286,271,11,5,16,0
2020-03-17,Sacramento,067,1510023,237,36,0,36,1
2020-03-17,San Benito,069,59416,12,2,0,2,0
2020-03-17,San Bernardino,071,2135413,165,2,0,2,0
2020-03-17,San Diego,073,3302833,616,17,0,17,0
2020-03-17,San Francisco,075,870044,305,46,0,46,0
2020-03-17,San Joaquin,077,732212,84,11,3,14,0
2020-03-17,San Luis Obispo,079,281455,62,1,0,1,0
2020-03-17,San Mateo,081,765935,308,46,2,48,1
2020-03-17,Santa Barbara,083,443738,65,0,0,0,0
2020-03-17,Santa Clara,085,1922200,738,121,2,123,4
2020-03-17,Santa Cruz,087,273765,52,10,0,10,0
2020-03-17,Shasta,089,179085,5,1,0,1,0
2020-03-17,Sierra,091,2930,0,0,0,0,0
2020-03-17,Siskiyou,093,43540,3,0,0,0,0
2020-03-17,Solano,095,438530,48,27,0,27,0
2020-03-17,Sonoma,097,501317,71,4,0,4,0
2020-03-17,Stanislaus,099,539301,31,4,2,6,0
2020-03-17,Sutter,101,95872,5,0,0,0,0
2020-03-17,Tehama,103,63373,0,0,0,0,0
2020-03-17,Trinity,105,12862,0,0,0,0,0
2020-03-17,Tulare,107,460477,29,2,3,5,0
2020-03-17,Tuolumne,109,53932,2,0,0,0,0
2020-03-17,Ventura,111,848112,98,7,0,7,0
2020-03-17,Yolo,113,214977,18,2,0,2,0
2020-03-17,Yuba,115,75493,4,0,0,0,0
2020-03-16,Alameda,001,1643700,264,17,0,17,0
2020-03-16,Alpine,003,1148,0,0,0,0,0
2020-03-16,Amador,005,37829,1,0,0,0,0
2020-03-16,Butte,007,227075,3,0,0,0,0
2020-03-16,Calaveras,009,45235,4,2,0,2,0
2020-03-16,Colusa,011,21464,0,0,0,0,0
2020-03-16,Contra Costa,013,1133247,187,36,0,36,0
2020-03-16,Del Norte,015,27424,0,0,0,0,0
2020-03-16,El Dorado,017,186661,15,0,0,0,0
2020-03-16,Fresno,019,978130,53,2,1,3,0
2020-03-16,Glenn,021,27897,0,0,0,0,0
2020-03-16,Humboldt,023,135768,13,1,0,1,0
2020-03-16,Imperial,025,180216,22,2,0,2,0
2020-03-16,Inyo,027,18085,0,0,0,0,0
2020-03-16,Kern,029,883053,43,0,0,0,0
2020-03-16,Kings,031,150075,11,0,1,1,0
2020-03-16,Lake,033,64148,0,0,0,0,0
2020-03-16,Lassen,035,31185,1,0,0,0,0
2020-03-16,Los Angeles,037,10098052,1596,43,9,52,0
2020-03-16,Madera,039,155013,21,2,0,2,0
2020-03-16,Marin,041,260295,48,4,0,4,0
2020-03-16,Mariposa,043,17540,0,0,0,0,0
2020-03-16,Mendocino,045,87422,2,0,0,0,0
2020-03-16,Merced,047,269075,5,0,0,0,0
2020-03-16,Modoc,049,8938,0,0,0,0,0
2020-03-16,Mono,051,14174,7,0,0,0,0
2020-03-16,Monterey,053,433212,28,0,0,0,0
2020-03-16,Napa,055,140530,7,0,0,0,0
2020-03-16,Nevada,057,99092,11,1,1,2,0
2020-03-16,Orange,059,3164182,415,18,3,21,0
2020-03-16,Placer,061,380077,39,7,0,7,1
2020-03-16,Plumas,063,18699,0,0,0,0,0
2020-03-16,Riverside,065,2383286,235,10,5,15,0
2020-03-16,Sacramento,067,1510023,210,34,0,34,1
2020-03-16,San Benito,069,59416,8,2,0,2,0
2020-03-16,San Bernardino,071,2135413,145,1,0,1,0
2020-03-16,San Diego,073,3302833,525,17,0,17,0
2020-03-16,San Francisco,075,870044,267,40,0,40,0
2020-03-16,San Joaquin,077,732212,74,9,3,12,0
2020-03-16,San Luis Obispo,079,281455,55,1,0,1,0
2020-03-16,San Mateo,081,765935,270,42,2,44,1
2020-03-16,Santa Barbara,083,443738,55,0,0,0,0
2020-03-16,Santa Clara,085,1922200,658,115,1,116,2
2020-03-16,Santa Cruz,087,273765,45,9,0,9,0
2020-03-16,Shasta,089,179085,5,1,0,1,0
2020-03-16,Sierra,091,2930,0,0,0,0,0
2020-03-16,Siskiyou,093,43540,2,0,0,0,0
2020-03-16,Solano,095,438530,43,27,0,27,0
2020-03-16,Sonoma,097,501317,63,4,0,4,0
2020-03-16,Stanislaus,099,539301,27,2,2,4,0
2020-03-16,Sutter,101,95872,3,0,0,0,0
2020-03-16,Tehama,103,63373,0,0,0,0,0
2020-03-16,Trinity,105,12862,0,0,0,0,0
2020-03-16,Tulare,107,460477,25,2,3,5,0
2020-03-16,Tuolumne,109,53932,2,0,0,0,0
2020-03-16,Ventura,111,848112,88,7,0,7,0
2020-03-16,Yolo,113,214977,17,2,0,2,0
2020-03-16,Yuba,115,75493,3,0,0,0,0
2020-03-15,Alameda,001,1643700,217,17,0,17,0
2020-03-15,Alpine,003,1148,0,0,0,0,0
2020-03-15,Amador,005,37829,1,0,0,0,0
2020-03-15,Butte,007,227075,3,0,0,0,0
2020-03-15,Calaveras,009,45235,2,2,0,2,0
2020-03-15,Colusa,011,21464,0,0,0,0,0
2020-03-15,Contra Costa,013,1133247,162,34,0,34,0
2020-03-15,Del Norte,015,27424,0,0,0,0,0
2020-03-15,El Dorado,017,186661,14,0,0,0,0
2020-03-15,Fresno,019,978130,33,1,1,2,0
2020-03-15,Glenn,021,27897,0,0,0,0,0
2020-03-15,Humboldt,023,135768,11,1,0,1,0
2020-03-15,Imperial,025,180216,17,2,0,2,0
2020-03-15,Inyo,027,18085,0,0,0,0,0
2020-03-15,Kern,029,883053,37,0,0,0,0
2020-03-15,Kings,031,150075,11,0,1,1,0
2020-03-15,Lake,033,64148,0,0,0,0,0
2020-03-15,Lassen,035,31185,1,0,0,0,0
2020-03-15,Los Angeles,037,10098052,1356,41,9,50,0
2020-03-15,Madera,039,155013,20,2,0,2,0
2020-03-15,Marin,041,260295,41,3,0,3,0
2020-03-15,Mariposa,043,17540,0,0,0,0,0
2020-03-15,Mendocino,045,87422,2,0,0,0,0
2020-03-15,Merced,047,269075,3,0,0,0,0
2020-03-15,Modoc,049,8938,0,0,0,0,0
2020-03-15,Mono,051,14174,6,0,0,0,0
2020-03-15,Monterey,053,433212,21,0,0,0,0
2020-03-15,Napa,055,140530,7,0,0,0,0
2020-03-15,Nevada,057,99092,11,0,1,1,0
2020-03-15,Orange,059,3164182,347,16,1,17,0
2020-03-15,Placer,061,380077,33,7,0,7,1
2020-03-15,Plumas,063,18699,0,0,0,0,0
2020-03-15,Riverside,065,2383286,183,10,5,15,0
2020-03-15,Sacramento,067,1510023,174,30,0,30,1
2020-03-15,San Benito,069,59416,8,2,0,2,0
2020-03-15,San Bernardino,071,2135413,123,0,0,0,0
2020-03-15,San Diego,073,3302833,438,16,0,16,0
2020-03-15,San Francisco,075,870044,209,31,0,31,0
2020-03-15,San Joaquin,077,732212,63,6,3,9,0
2020-03-15,San Luis Obispo,079,281455,45,1,0,1,0
2020-03-15,San Mateo,081,765935,236,29,1,30,1
2020-03-15,Santa Barbara,083,443738,46,0,0,0,0
2020-03-15,Santa Clara,085,1922200,586,79,1,80,2
2020-03-15,Santa Cruz,087,273765,38,8,0,8,0
2020-03-15,Shasta,089,179085,5,1,0,1,0
2020-03-15,Sierra,091,2930,0,0,0,0,0
2020-03-15,Siskiyou,093,43540,2,0,0,0,0
2020-03-15,Solano,095,438530,42,26,0,26,0
2020-03-15,Sonoma,097,501317,54,4,0,4,0
2020-03-15,Stanislaus,099,539301,26,2,2,4,0
2020-03-15,Sutter,101,95872,2,0,0,0,0
2020-03-15,Tehama,103,63373,0,0,0,0,0
2020-03-15,Trinity,105,12862,0,0,0,0,0
2020-03-15,Tulare,107,460477,19,2,3,5,0
2020-03-15,Tuolumne,109,53932,1,0,0,0,0
2020-03-15,Ventura,111,848112,77,5,0,5,0
2020-03-15,Yolo,113,214977,14,2,0,2,0
2020-03-15,Yuba,115,75493,2,0,0,0,0
2020-03-14,Alameda,001,1643700,198,11,0,11,0
2020-03-14,Alpine,003,1148,0,0,0,0,0
2020-03-14,Amador,005,37829,1,0,0,0,0
2020-03-14,Butte,007,227075,2,0,0,0,0
2020-03-14,Calaveras,009,45235,2,2,0,2,0
2020-03-14,Colusa,011,21464,0,0,0,0,0
2020-03-14,Contra Costa,013,1133247,140,30,0,30,0
2020-03-14,Del Norte,015,27424,0,0,0,0,0
2020-03-14,El Dorado,017,186661,12,0,0,0,0
2020-03-14,Fresno,019,978130,25,1,1,2,0
2020-03-14,Glenn,021,27897,0,0,0,0,0
2020-03-14,Humboldt,023,135768,7,1,0,1,0
2020-03-14,Imperial,025,180216,13,2,0,2,0
2020-03-14,Inyo,027,18085,0,0,0,0,0
2020-03-14,Kern,029,883053,32,0,0,0,0
2020-03-14,Kings,031,150075,11,0,1,1,0
2020-03-14,Lake,033,64148,0,0,0,0,0
2020-03-14,Lassen,035,31185,1,0,0,0,0
2020-03-14,Los Angeles,037,10098052,1178,35,9,44,0
2020-03-14,Madera,039,155013,19,2,0,2,0
2020-03-14,Marin,041,260295,37,3,0,3,0
2020-03-14,Mariposa,043,17540,0,0,0,0,0
2020-03-14,Mendocino,045,87422,2,0,0,0,0
2020-03-14,Merced,047,269075,3,0,0,0,0
2020-03-14,Modoc,049,8938,0,0,0,0,0
2020-03-14,Mono,051,14174,5,0,0,0,0
2020-03-14,Monterey,053,433212,15,0,0,0,0
2020-03-14,Napa,055,140530,5,0,0,0,0
2020-03-14,Nevada,057,99092,8,0,1,1,0
2020-03-14,Orange,059,3164182,308,14,0,14,0
2020-03-14,Placer,061,380077,29,6,0,6,1
2020-03-14,Plumas,063,18699,0,0,0,0,0
2020-03-14,Riverside,065,2383286,163,10,5,15,0
2020-03-14,Sacramento,067,1510023,152,31,0,31,1
2020-03-14,San Benito,069,59416,8,2,0,2,0
2020-03-14,San Bernardino,071,2135413,104,0,0,0,0
2020-03-14,San Diego,073,3302833,363,10,0,10,0
2020-03-14,San Francisco,075,870044,188,29,0,29,0
2020-03-14,San Joaquin,077,732212,54,6,3,9,0
2020-03-14,San Luis Obispo,079,281455,40,0,0,0,0
2020-03-14,San Mateo,081,765935,213,27,1,28,0
2020-03-14,Santa Barbara,083,443738,37,0,0,0,0
2020-03-14,Santa Clara,085,1922200,530,62,1,63,2
2020-03-14,Santa Cruz,087,273765,33,8,0,8,0
2020-03-14,Shasta,089,179085,5,1,0,1,0
2020-03-14,Sierra,091,2930,0,0,0,0,0
2020-03-14,Siskiyou,093,43540,1,0,0,0,0
2020-03-14,Solano,095,438530,40,26,0,26,0
2020-03-14,Sonoma,097,501317,41,2,0,2,0
2020-03-14,Stanislaus,099,539301,22,2,2,4,0
2020-03-14,Sutter,101,95872,2,0,0,0,0
2020-03-14,Tehama,103,63373,0,0,0,0,0
2020-03-14,Trinity,105,12862,0,0,0,0,0
2020-03-14,Tulare,107,460477,17,2,2,4,0
2020-03-14,Tuolumne,109,53932,1,0,0,0,0
2020-03-14,Ventura,111,848112,68,5,0,5,0
2020-03-14,Yolo,113,214977,14,2,0,2,0
2020-03-14,Yuba,115,75493,1,0,0,0,0
2020-03-13,Alameda,001,1643700,179,12,0,12,0
2020-03-13,Alpine,003,1148,0,0,0,0,0
2020-03-13,Amador,005,37829,1,0,0,0,0
2020-03-13,Butte,007,227075,0,0,0,0,0
2020-03-13,Calaveras,009,45235,2,2,0,2,0
2020-03-13,Colusa,011,21464,0,0,0,0,0
2020-03-13,Contra Costa,013,1133247,126,22,0,22,0
2020-03-13,Del Norte,015,27424,0,0,0,0,0
2020-03-13,El Dorado,017,186661,11,0,0,0,0
2020-03-13,Fresno,019,978130,20,1,1,2,0
2020-03-13,Glenn,021,27897,0,0,0,0,0
2020-03-13,Humboldt,023,135768,7,1,0,1,0
2020-03-13,Imperial,025,180216,12,2,0,2,0
2020-03-13,Inyo,027,18085,0,0,0,0,0
2020-03-13,Kern,029,883053,27,0,0,0,0
2020-03-13,Kings,031,150075,10,0,1,1,0
2020-03-13,Lake,033,64148,0,0,0,0,0
2020-03-13,Lassen,035,31185,1,0,0,0,0
2020-03-13,Los Angeles,037,10098052,1025,30,7,37,0
2020-03-13,Madera,039,155013,18,1,0,1,0
2020-03-13,Marin,041,260295,34,3,0,3,0
2020-03-13,Mariposa,043,17540,0,0,0,0,0
2020-03-13,Mendocino,045,87422,2,0,0,0,0
2020-03-13,Merced,047,269075,2,0,0,0,0
2020-03-13,Modoc,049,8938,0,0,0,0,0
2020-03-13,Mono,051,14174,3,0,0,0,0
2020-03-13,Monterey,053,433212,10,0,0,0,0
2020-03-13,Napa,055,140530,3,0,0,0,0
2020-03-13,Nevada,057,99092,7,0,1,1,0
2020-03-13,Orange,059,3164182,268,10,0,10,0
2020-03-13,Placer,061,380077,27,6,0,6,1
2020-03-13,Plumas,063,18699,0,0,0,0,0
2020-03-13,Riverside,065,2383286,133,5,4,9,0
2020-03-13,Sacramento,067,1510023,130,18,0,18,1
2020-03-13,San Benito,069,59416,6,2,0,2,0
2020-03-13,San Bernardino,071,2135413,97,0,0,0,0
2020-03-13,San Diego,073,3302833,313,8,0,8,0
2020-03-13,San Francisco,075,870044,174,28,0,28,0
2020-03-13,San Joaquin,077,732212,50,6,3,9,0
2020-03-13,San Luis Obispo,079,281455,33,0,0,0,0
2020-03-13,San Mateo,081,765935,192,24,1,25,0
2020-03-13,Santa Barbara,083,443738,33,0,0,0,0
2020-03-13,Santa Clara,085,1922200,468,59,1,60,1
2020-03-13,Santa Cruz,087,273765,32,7,0,7,0
2020-03-13,Shasta,089,179085,3,1,0,1,0
2020-03-13,Sierra,091,2930,0,0,0,0,0
2020-03-13,Siskiyou,093,43540,0,0,0,0,0
2020-03-13,Solano,095,438530,39,26,0,26,0
2020-03-13,Sonoma,097,501317,40,2,0,2,0
2020-03-13,Stanislaus,099,539301,17,2,2,4,0
2020-03-13,Sutter,101,95872,2,0,0,0,0
2020-03-13,Tehama,103,63373,0,0,0,0,0
2020-03-13,Trinity,105,12862,0,0,0,0,0
2020-03-13,Tulare,107,460477,14,2,2,4,0
2020-03-13,Tuolumne,109,53932,1,0,0,0,0
2020-03-13,Ventura,111,848112,54,5,0,5,0
2020-03-13,Yolo,113,214977,14,1,0,1,0
2020-03-13,Yuba,115,75493,1,0,0,0,0
2020-03-12,Alameda,001,1643700,153,9,0,9,0
2020-03-12,Alpine,003,1148,0,0,0,0,0
2020-03-12,Amador,005,37829,1,0,0,0,0
2020-03-12,Butte,007,227075,0,0,0,0,0
2020-03-12,Calaveras,009,45235,2,2,0,2,0
2020-03-12,Colusa,011,21464,0,0,0,0,0
2020-03-12,Contra Costa,013,1133247,109,18,0,18,0
2020-03-12,Del Norte,015,27424,0,0,0,0,0
2020-03-12,El Dorado,017,186661,9,0,0,0,0
2020-03-12,Fresno,019,978130,12,1,1,2,0
2020-03-12,Glenn,021,27897,0,0,0,0,0
2020-03-12,Humboldt,023,135768,6,1,0,1,0
2020-03-12,Imperial,025,180216,11,2,0,2,0
2020-03-12,Inyo,027,18085,0,0,0,0,0
2020-03-12,Kern,029,883053,18,0,0,0,0
2020-03-12,Kings,031,150075,7,0,1,1,0
2020-03-12,Lake,033,64148,0,0,0,0,0
2020-03-12,Lassen,035,31185,1,0,0,0,0
2020-03-12,Los Angeles,037,10098052,866,30,7,37,0
2020-03-12,Madera,039,155013,15,1,0,1,0
2020-03-12,Marin,041,260295,24,1,0,1,0
2020-03-12,Mariposa,043,17540,0,0,0,0,0
2020-03-12,Mendocino,045,87422,2,0,0,0,0
2020-03-12,Merced,047,269075,2,0,0,0,0
2020-03-12,Modoc,049,8938,0,0,0,0,0
2020-03-12,Mono,051,14174,3,0,0,0,0
2020-03-12,Monterey,053,433212,8,0,0,0,0
2020-03-12,Napa,055,140530,3,0,0,0,0
2020-03-12,Nevada,057,99092,4,0,1,1,0
2020-03-12,Orange,059,3164182,231,7,0,7,0
2020-03-12,Placer,061,380077,23,6,0,6,1
2020-03-12,Plumas,063,18699,0,0,0,0,0
2020-03-12,Riverside,065,2383286,107,5,2,7,0
2020-03-12,Sacramento,067,1510023,106,17,0,17,1
2020-03-12,San Benito,069,59416,5,2,0,2,0
2020-03-12,San Bernardino,071,2135413,81,0,0,0,0
2020-03-12,San Diego,073,3302833,258,9,0,9,0
2020-03-12,San Francisco,075,870044,149,20,0,20,0
2020-03-12,San Joaquin,077,732212,44,3,3,6,1
2020-03-12,San Luis Obispo,079,281455,26,0,0,0,0
2020-03-12,San Mateo,081,765935,158,21,1,22,0
2020-03-12,Santa Barbara,083,443738,22,0,0,0,0
2020-03-12,Santa Clara,085,1922200,410,51,1,52,1
2020-03-12,Santa Cruz,087,273765,29,5,0,5,0
2020-03-12,Shasta,089,179085,2,1,0,1,0
2020-03-12,Sierra,091,2930,0,0,0,0,0
2020-03-12,Siskiyou,093,43540,0,0,0,0,0
2020-03-12,Solano,095,438530,34,26,0,26,0
2020-03-12,Sonoma,097,501317,34,2,0,2,0
2020-03-12,Stanislaus,099,539301,15,2,2,4,0
2020-03-12,Sutter,101,95872,0,0,0,0,0
2020-03-12,Tehama,103,63373,0,0,0,0,0
2020-03-12,Trinity,105,12862,0,0,0,0,0
2020-03-12,Tulare,107,460477,12,1,1,2,0
2020-03-12,Tuolumne,109,53932,1,0,0,0,0
2020-03-12,Ventura,111,848112,45,3,0,3,0
2020-03-12,Yolo,113,214977,13,1,0,1,0
2020-03-12,Yuba,115,75493,1,0,0,0,0
2020-03-11,Alameda,001,1643700,121,5,0,5,0
2020-03-11,Alpine,003,1148,0,0,0,0,0
2020-03-11,Amador,005,37829,1,0,0,0,0
2020-03-11,Butte,007,227075,0,0,0,0,0
2020-03-11,Calaveras,009,45235,2,2,0,2,0
2020-03-11,Colusa,011,21464,0,0,0,0,0
2020-03-11,Contra Costa,013,1133247,94,16,0,16,0
2020-03-11,Del Norte,015,27424,0,0,0,0,0
2020-03-11,El Dorado,017,186661,8,0,0,0,0
2020-03-11,Fresno,019,978130,9,1,1,2,0
2020-03-11,Glenn,021,27897,0,0,0,0,0
2020-03-11,Humboldt,023,135768,6,1,0,1,0
2020-03-11,Imperial,025,180216,9,0,0,0,0
2020-03-11,Inyo,027,18085,0,0,0,0,0
2020-03-11,Kern,029,883053,16,0,0,0,0
2020-03-11,Kings,031,150075,5,0,1,1,0
2020-03-11,Lake,033,64148,0,0,0,0,0
2020-03-11,Lassen,035,31185,1,0,0,0,0
2020-03-11,Los Angeles,037,10098052,698,21,7,28,0
2020-03-11,Madera,039,155013,12,1,0,1,0
2020-03-11,Marin,041,260295,17,1,0,1,0
2020-03-11,Mariposa,043,17540,0,0,0,0,0
2020-03-11,Mendocino,045,87422,1,0,0,0,0
2020-03-11,Merced,047,269075,2,0,0,0,0
2020-03-11,Modoc,049,8938,0,0,0,0,0
2020-03-11,Mono,051,14174,3,0,0,0,0
2020-03-11,Monterey,053,433212,7,0,0,0,0
2020-03-11,Napa,055,140530,2,0,0,0,0
2020-03-11,Nevada,057,99092,4,0,1,1,0
2020-03-11,Orange,059,3164182,202,6,0,6,0
2020-03-11,Placer,061,380077,18,6,0,6,1
2020-03-11,Plumas,063,18699,0,0,0,0,0
2020-03-11,Riverside,065,2383286,81,4,1,5,0
2020-03-11,Sacramento,067,1510023,88,9,0,9,1
2020-03-11,San Benito,069,59416,5,2,0,2,0
2020-03-11,San Bernardino,071,2135413,74,0,0,0,0
2020-03-11,San Diego,073,3302833,208,4,0,4,0
2020-03-11,San Francisco,075,870044,124,17,0,17,0
2020-03-11,San Joaquin,077,732212,33,1,3,4,0
2020-03-11,San Luis Obispo,079,281455,23,0,0,0,0
2020-03-11,San Mateo,081,765935,140,16,0,16,0
2020-03-11,Santa Barbara,083,443738,13,0,0,0,0
2020-03-11,Santa Clara,085,1922200,370,48,1,49,1
2020-03-11,Santa Cruz,087,273765,26,2,0,2,0
2020-03-11,Shasta,089,179085,2,1,0,1,0
2020-03-11,Sierra,091,2930,0,0,0,0,0
2020-03-11,Siskiyou,093,43540,0,0,0,0,0
2020-03-11,Solano,095,438530,29,26,0,26,0
2020-03-11,Sonoma,097,501317,30,2,0,2,0
2020-03-11,Stanislaus,099,539301,15,2,2,4,0
2020-03-11,Sutter,101,95872,0,0,0,0,0
2020-03-11,Tehama,103,63373,0,0,0,0,0
2020-03-11,Trinity,105,12862,0,0,0,0,0
2020-03-11,Tulare,107,460477,10,0,1,1,0
2020-03-11,Tuolumne,109,53932,1,0,0,0,0
2020-03-11,Ventura,111,848112,37,3,0,3,0
2020-03-11,Yolo,113,214977,9,1,0,1,0
2020-03-11,Yuba,115,75493,1,0,0,0,0
2020-03-10,Alameda,001,1643700,99,4,0,4,0
2020-03-10,Alpine,003,1148,0,0,0,0,0
2020-03-10,Amador,005,37829,1,0,0,0,0
2020-03-10,Butte,007,227075,0,0,0,0,0
2020-03-10,Calaveras,009,45235,2,2,0,2,0
2020-03-10,Colusa,011,21464,0,0,0,0,0
2020-03-10,Contra Costa,013,1133247,85,11,0,11,0
2020-03-10,Del Norte,015,27424,0,0,0,0,0
2020-03-10,El Dorado,017,186661,7,0,0,0,0
2020-03-10,Fresno,019,978130,7,1,1,2,0
2020-03-10,Glenn,021,27897,0,0,0,0,0
2020-03-10,Humboldt,023,135768,6,1,0,1,0
2020-03-10,Imperial,025,180216,8,0,0,0,0
2020-03-10,Inyo,027,18085,0,0,0,0,0
2020-03-10,Kern,029,883053,11,0,0,0,0
2020-03-10,Kings,031,150075,5,0,1,1,0
2020-03-10,Lake,033,64148,0,0,0,0,0
2020-03-10,Lassen,035,31185,1,0,0,0,0
2020-03-10,Los Angeles,037,10098052,562,20,7,27,0
2020-03-10,Madera,039,155013,7,1,0,1,0
2020-03-10,Marin,041,260295,16,1,0,1,0
2020-03-10,Mariposa,043,17540,0,0,0,0,0
2020-03-10,Mendocino,045,87422,0,0,0,0,0
2020-03-10,Merced,047,269075,2,0,0,0,0
2020-03-10,Modoc,049,8938,0,0,0,0,0
2020-03-10,Mono,051,14174,3,0,0,0,0
2020-03-10,Monterey,053,433212,5,0,0,0,0
2020-03-10,Napa,055,140530,2,0,0,0,0
2020-03-10,Nevada,057,99092,3,0,1,1,0
2020-03-10,Orange,059,3164182,182,5,0,5,1
2020-03-10,Placer,061,380077,14,7,0,7,1
2020-03-10,Plumas,063,18699,0,0,0,0,0
2020-03-10,Riverside,065,2383286,59,4,1,5,0
2020-03-10,Sacramento,067,1510023,79,8,0,8,0
2020-03-10,San Benito,069,59416,5,2,0,2,0
2020-03-10,San Bernardino,071,2135413,66,0,0,0,0
2020-03-10,San Diego,073,3302833,165,3,0,3,0
2020-03-10,San Francisco,075,870044,92,16,0,16,0
2020-03-10,San Joaquin,077,732212,30,1,3,4,0
2020-03-10,San Luis Obispo,079,281455,15,0,0,0,0
2020-03-10,San Mateo,081,765935,124,11,0,11,0
2020-03-10,Santa Barbara,083,443738,10,0,0,0,0
2020-03-10,Santa Clara,085,1922200,322,45,1,46,1
2020-03-10,Santa Cruz,087,273765,22,2,0,2,0
2020-03-10,Shasta,089,179085,2,1,0,1,0
2020-03-10,Sierra,091,2930,0,0,0,0,0
2020-03-10,Siskiyou,093,43540,0,0,0,0,0
2020-03-10,Solano,095,438530,27,26,0,26,0
2020-03-10,Sonoma,097,501317,27,2,0,2,0
2020-03-10,Stanislaus,099,539301,11,0,2,2,0
2020-03-10,Sutter,101,95872,0,0,0,0,0
2020-03-10,Tehama,103,63373,0,0,0,0,0
2020-03-10,Trinity,105,12862,0,0,0,0,0
2020-03-10,Tulare,107,460477,9,0,1,1,0
2020-03-10,Tuolumne,109,53932,1,0,0,0,0
2020-03-10,Ventura,111,848112,29,1,0,1,0
2020-03-10,Yolo,113,214977,6,2,0,2,0
2020-03-10,Yuba,115,75493,1,0,0,0,0
2020-03-09,Alameda,001,1643700,71,4,0,4,0
2020-03-09,Alpine,003,1148,0,0,0,0,0
2020-03-09,Amador,005,37829,0,0,0,0,0
2020-03-09,Butte,007,227075,0,0,0,0,0
2020-03-09,Calaveras,009,45235,2,0,0,0,0
2020-03-09,Colusa,011,21464,0,0,0,0,0
2020-03-09,Contra Costa,013,1133247,72,9,0,9,0
2020-03-09,Del Norte,015,27424,0,0,0,0,0
2020-03-09,El Dorado,017,186661,5,0,0,0,0
2020-03-09,Fresno,019,978130,7,1,1,2,0
2020-03-09,Glenn,021,27897,0,0,0,0,0
2020-03-09,Humboldt,023,135768,5,1,0,1,0
2020-03-09,Imperial,025,180216,8,0,0,0,0
2020-03-09,Inyo,027,18085,0,0,0,0,0
2020-03-09,Kern,029,883053,8,0,0,0,0
2020-03-09,Kings,031,150075,4,0,1,1,0
2020-03-09,Lake,033,64148,0,0,0,0,0
2020-03-09,Lassen,035,31185,1,0,0,0,0
2020-03-09,Los Angeles,037,10098052,460,17,6,23,0
2020-03-09,Madera,039,155013,7,1,0,1,0
2020-03-09,Marin,041,260295,15,1,0,1,0
2020-03-09,Mariposa,043,17540,0,0,0,0,0
2020-03-09,Mendocino,045,87422,0,0,0,0,0
2020-03-09,Merced,047,269075,2,0,0,0,0
2020-03-09,Modoc,049,8938,0,0,0,0,0
2020-03-09,Mono,051,14174,3,0,0,0,0
2020-03-09,Monterey,053,433212,3,0,0,0,0
2020-03-09,Napa,055,140530,2,0,0,0,0
2020-03-09,Nevada,057,99092,2,0,1,1,0
2020-03-09,Orange,059,3164182,154,4,0,4,0
2020-03-09,Placer,061,380077,12,7,0,7,1
2020-03-09,Plumas,063,18699,0,0,0,0,0
2020-03-09,Riverside,065,2383286,49,4,1,5,0
2020-03-09,Sacramento,067,1510023,75,8,0,8,0
2020-03-09,San Benito,069,59416,3,2,0,2,0
2020-03-09,San Bernardino,071,2135413,55,0,0,0,0
2020-03-09,San Diego,073,3302833,126,2,0,2,0
2020-03-09,San Francisco,075,870044,72,14,0,14,0
2020-03-09,San Joaquin,077,732212,21,0,3,3,0
2020-03-09,San Luis Obispo,079,281455,15,0,0,0,0
2020-03-09,San Mateo,081,765935,110,6,0,6,0
2020-03-09,Santa Barbara,083,443738,8,0,0,0,0
2020-03-09,Santa Clara,085,1922200,278,42,1,43,1
2020-03-09,Santa Cruz,087,273765,19,2,0,2,0
2020-03-09,Shasta,089,179085,2,1,0,1,0
2020-03-09,Sierra,091,2930,0,0,0,0,0
2020-03-09,Siskiyou,093,43540,0,0,0,0,0
2020-03-09,Solano,095,438530,25,26,0,26,0
2020-03-09,Sonoma,097,501317,22,2,0,2,0
2020-03-09,Stanislaus,099,539301,11,0,2,2,0
2020-03-09,Sutter,101,95872,0,0,0,0,0
2020-03-09,Tehama,103,63373,0,0,0,0,0
2020-03-09,Trinity,105,12862,0,0,0,0,0
2020-03-09,Tulare,107,460477,9,0,1,1,0
2020-03-09,Tuolumne,109,53932,1,0,0,0,0
2020-03-09,Ventura,111,848112,25,1,0,1,0
2020-03-09,Yolo,113,214977,5,2,0,2,0
2020-03-09,Yuba,115,75493,0,0,0,0,0
2020-03-08,Alameda,001,1643700,46,4,0,4,0
2020-03-08,Alpine,003,1148,0,0,0,0,0
2020-03-08,Amador,005,37829,0,0,0,0,0
2020-03-08,Butte,007,227075,0,0,0,0,0
2020-03-08,Calaveras,009,45235,2,0,0,0,0
2020-03-08,Colusa,011,21464,0,0,0,0,0
2020-03-08,Contra Costa,013,1133247,58,9,0,9,0
2020-03-08,Del Norte,015,27424,0,0,0,0,0
2020-03-08,El Dorado,017,186661,5,0,0,0,0
2020-03-08,Fresno,019,978130,5,1,1,2,0
2020-03-08,Glenn,021,27897,0,0,0,0,0
2020-03-08,Humboldt,023,135768,5,1,0,1,0
2020-03-08,Imperial,025,180216,8,0,0,0,0
2020-03-08,Inyo,027,18085,0,0,0,0,0
2020-03-08,Kern,029,883053,8,0,0,0,0
2020-03-08,Kings,031,150075,3,0,1,1,0
2020-03-08,Lake,033,64148,0,0,0,0,0
2020-03-08,Lassen,035,31185,0,0,0,0,0
2020-03-08,Los Angeles,037,10098052,367,14,6,20,0
2020-03-08,Madera,039,155013,7,1,0,1,0
2020-03-08,Marin,041,260295,13,1,0,1,0
2020-03-08,Mariposa,043,17540,0,0,0,0,0
2020-03-08,Mendocino,045,87422,0,0,0,0,0
2020-03-08,Merced,047,269075,2,0,0,0,0
2020-03-08,Modoc,049,8938,0,0,0,0,0
2020-03-08,Mono,051,14174,3,0,0,0,0
2020-03-08,Monterey,053,433212,3,0,0,0,0
2020-03-08,Napa,055,140530,2,0,0,0,0
2020-03-08,Nevada,057,99092,1,0,1,1,0
2020-03-08,Orange,059,3164182,129,4,0,4,0
2020-03-08,Placer,061,380077,11,7,0,7,1
2020-03-08,Plumas,063,18699,0,0,0,0,0
2020-03-08,Riverside,065,2383286,41,1,1,2,0
2020-03-08,Sacramento,067,1510023,65,5,0,5,0
2020-03-08,San Benito,069,59416,3,2,0,2,0
2020-03-08,San Bernardino,071,2135413,44,0,0,0,0
2020-03-08,San Diego,073,3302833,92,2,0,2,0
2020-03-08,San Francisco,075,870044,53,9,0,9,0
2020-03-08,San Joaquin,077,732212,18,0,3,3,0
2020-03-08,San Luis Obispo,079,281455,9,0,0,0,0
2020-03-08,San Mateo,081,765935,97,4,0,4,0
2020-03-08,Santa Barbara,083,443738,5,0,0,0,0
2020-03-08,Santa Clara,085,1922200,236,36,1,37,0
2020-03-08,Santa Cruz,087,273765,17,1,0,1,0
2020-03-08,Shasta,089,179085,2,0,0,0,0
2020-03-08,Sierra,091,2930,0,0,0,0,0
2020-03-08,Siskiyou,093,43540,0,0,0,0,0
2020-03-08,Solano,095,438530,24,26,0,26,0
2020-03-08,Sonoma,097,501317,17,2,0,2,0
2020-03-08,Stanislaus,099,539301,10,0,2,2,0
2020-03-08,Sutter,101,95872,0,0,0,0,0
2020-03-08,Tehama,103,63373,0,0,0,0,0
2020-03-08,Trinity,105,12862,0,0,0,0,0
2020-03-08,Tulare,107,460477,9,0,0,0,0
2020-03-08,Tuolumne,109,53932,1,0,0,0,0
2020-03-08,Ventura,111,848112,21,1,0,1,0
2020-03-08,Yolo,113,214977,2,2,0,2,0
2020-03-08,Yuba,115,75493,0,0,0,0,0
2020-03-07,Alameda,001,1643700,41,3,0,3,0
2020-03-07,Alpine,003,1148,0,0,0,0,0
2020-03-07,Amador,005,37829,0,0,0,0,0
2020-03-07,Butte,007,227075,0,0,0,0,0
2020-03-07,Calaveras,009,45235,2,0,0,0,0
2020-03-07,Colusa,011,21464,0,0,0,0,0
2020-03-07,Contra Costa,013,1133247,55,4,0,4,0
2020-03-07,Del Norte,015,27424,0,0,0,0,0
2020-03-07,El Dorado,017,186661,4,0,0,0,0
2020-03-07,Fresno,019,978130,4,1,1,2,0
2020-03-07,Glenn,021,27897,0,0,0,0,0
2020-03-07,Humboldt,023,135768,5,1,0,1,0
2020-03-07,Imperial,025,180216,7,0,0,0,0
2020-03-07,Inyo,027,18085,0,0,0,0,0
2020-03-07,Kern,029,883053,7,0,0,0,0
2020-03-07,Kings,031,150075,3,0,1,1,0
2020-03-07,Lake,033,64148,0,0,0,0,0
2020-03-07,Lassen,035,31185,0,0,0,0,0
2020-03-07,Los Angeles,037,10098052,317,14,6,20,0
2020-03-07,Madera,039,155013,6,1,0,1,0
2020-03-07,Marin,041,260295,11,0,0,0,0
2020-03-07,Mariposa,043,17540,0,0,0,0,0
2020-03-07,Mendocino,045,87422,0,0,0,0,0
2020-03-07,Merced,047,269075,2,0,0,0,0
2020-03-07,Modoc,049,8938,0,0,0,0,0
2020-03-07,Mono,051,14174,3,0,0,0,0
2020-03-07,Monterey,053,433212,3,0,0,0,0
2020-03-07,Napa,055,140530,1,0,0,0,0
2020-03-07,Nevada,057,99092,1,0,1,1,0
2020-03-07,Orange,059,3164182,121,4,0,4,0
2020-03-07,Placer,061,380077,11,6,0,6,1
2020-03-07,Plumas,063,18699,0,0,0,0,0
2020-03-07,Riverside,065,2383286,31,0,1,1,0
2020-03-07,Sacramento,067,1510023,52,4,0,4,0
2020-03-07,San Benito,069,59416,3,2,0,2,0
2020-03-07,San Bernardino,071,2135413,42,0,0,0,0
2020-03-07,San Diego,073,3302833,74,2,0,2,0
2020-03-07,San Francisco,075,870044,47,9,0,9,0
2020-03-07,San Joaquin,077,732212,16,0,3,3,0
2020-03-07,San Luis Obispo,079,281455,6,0,0,0,0
2020-03-07,San Mateo,081,765935,87,1,0,1,0
2020-03-07,Santa Barbara,083,443738,5,0,0,0,0
2020-03-07,Santa Clara,085,1922200,206,31,1,32,0
2020-03-07,Santa Cruz,087,273765,17,1,0,1,0
2020-03-07,Shasta,089,179085,2,0,0,0,0
2020-03-07,Sierra,091,2930,0,0,0,0,0
2020-03-07,Siskiyou,093,43540,0,0,0,0,0
2020-03-07,Solano,095,438530,23,25,0,25,0
2020-03-07,Sonoma,097,501317,13,2,0,2,0
2020-03-07,Stanislaus,099,539301,9,0,2,2,0
2020-03-07,Sutter,101,95872,0,0,0,0,0
2020-03-07,Tehama,103,63373,0,0,0,0,0
2020-03-07,Trinity,105,12862,0,0,0,0,0
2020-03-07,Tulare,107,460477,6,0,0,0,0
2020-03-07,Tuolumne,109,53932,1,0,0,0,0
2020-03-07,Ventura,111,848112,18,1,0,1,0
2020-03-07,Yolo,113,214977,2,2,0,2,0
2020-03-07,Yuba,115,75493,0,0,0,0,0
2020-03-06,Alameda,001,1643700,39,3,0,3,0
2020-03-06,Alpine,003,1148,0,0,0,0,0
2020-03-06,Amador,005,37829,0,0,0,0,0
2020-03-06,Butte,007,227075,0,0,0,0,0
2020-03-06,Calaveras,009,45235,2,0,0,0,0
2020-03-06,Colusa,011,21464,0,0,0,0,0
2020-03-06,Contra Costa,013,1133247,46,4,0,4,0
2020-03-06,Del Norte,015,27424,0,0,0,0,0
2020-03-06,El Dorado,017,186661,3,0,0,0,0
2020-03-06,Fresno,019,978130,3,0,1,1,0
2020-03-06,Glenn,021,27897,0,0,0,0,0
2020-03-06,Humboldt,023,135768,4,1,0,1,0
2020-03-06,Imperial,025,180216,6,0,0,0,0
2020-03-06,Inyo,027,18085,0,0,0,0,0
2020-03-06,Kern,029,883053,6,0,0,0,0
2020-03-06,Kings,031,150075,3,0,1,1,0
2020-03-06,Lake,033,64148,0,0,0,0,0
2020-03-06,Lassen,035,31185,0,0,0,0,0
2020-03-06,Los Angeles,037,10098052,274,13,6,19,0
2020-03-06,Madera,039,155013,5,0,0,0,0
2020-03-06,Marin,041,260295,10,0,0,0,0
2020-03-06,Mariposa,043,17540,0,0,0,0,0
2020-03-06,Mendocino,045,87422,0,0,0,0,0
2020-03-06,Merced,047,269075,2,0,0,0,0
2020-03-06,Modoc,049,8938,0,0,0,0,0
2020-03-06,Mono,051,14174,1,0,0,0,0
2020-03-06,Monterey,053,433212,3,0,0,0,0
2020-03-06,Napa,055,140530,1,0,0,0,0
2020-03-06,Nevada,057,99092,1,0,1,1,0
2020-03-06,Orange,059,3164182,95,4,0,4,0
2020-03-06,Placer,061,380077,10,5,0,5,1
2020-03-06,Plumas,063,18699,0,0,0,0,0
2020-03-06,Riverside,065,2383286,30,0,1,1,0
2020-03-06,Sacramento,067,1510023,43,2,0,2,0
2020-03-06,San Benito,069,59416,3,2,0,2,0
2020-03-06,San Bernardino,071,2135413,40,0,0,0,0
2020-03-06,San Diego,073,3302833,61,2,0,2,0
2020-03-06,San Francisco,075,870044,41,2,0,2,0
2020-03-06,San Joaquin,077,732212,13,0,3,3,0
2020-03-06,San Luis Obispo,079,281455,4,0,0,0,0
2020-03-06,San Mateo,081,765935,79,1,0,1,0
2020-03-06,Santa Barbara,083,443738,3,0,0,0,0
2020-03-06,Santa Clara,085,1922200,188,20,1,21,0
2020-03-06,Santa Cruz,087,273765,15,0,0,0,0
2020-03-06,Shasta,089,179085,2,0,0,0,0
2020-03-06,Sierra,091,2930,0,0,0,0,0
2020-03-06,Siskiyou,093,43540,0,0,0,0,0
2020-03-06,Solano,095,438530,22,25,0,25,0
2020-03-06,Sonoma,097,501317,13,2,0,2,0
2020-03-06,Stanislaus,099,539301,5,0,2,2,0
2020-03-06,Sutter,101,95872,0,0,0,0,0
2020-03-06,Tehama,103,63373,0,0,0,0,0
2020-03-06,Trinity,105,12862,0,0,0,0,0
2020-03-06,Tulare,107,460477,6,0,0,0,0
2020-03-06,Tuolumne,109,53932,1,0,0,0,0
2020-03-06,Ventura,111,848112,15,1,0,1,0
2020-03-06,Yolo,113,214977,2,1,0,1,0
2020-03-06,Yuba,115,75493,0,0,0,0,0
2020-03-05,Alameda,001,1643700,34,2,0,2,0
2020-03-05,Alpine,003,1148,0,0,0,0,0
2020-03-05,Amador,005,37829,0,0,0,0,0
2020-03-05,Butte,007,227075,0,0,0,0,0
2020-03-05,Calaveras,009,45235,2,0,0,0,0
2020-03-05,Colusa,011,21464,0,0,0,0,0
2020-03-05,Contra Costa,013,1133247,39,1,0,1,0
2020-03-05,Del Norte,015,27424,0,0,0,0,0
2020-03-05,El Dorado,017,186661,1,0,0,0,0
2020-03-05,Fresno,019,978130,3,0,1,1,0
2020-03-05,Glenn,021,27897,0,0,0,0,0
2020-03-05,Humboldt,023,135768,4,1,0,1,0
2020-03-05,Imperial,025,180216,5,0,0,0,0
2020-03-05,Inyo,027,18085,0,0,0,0,0
2020-03-05,Kern,029,883053,6,0,0,0,0
2020-03-05,Kings,031,150075,3,0,1,1,0
2020-03-05,Lake,033,64148,0,0,0,0,0
2020-03-05,Lassen,035,31185,0,0,0,0,0
2020-03-05,Los Angeles,037,10098052,227,11,6,17,0
2020-03-05,Madera,039,155013,5,0,0,0,0
2020-03-05,Marin,041,260295,10,0,0,0,0
2020-03-05,Mariposa,043,17540,0,0,0,0,0
2020-03-05,Mendocino,045,87422,0,0,0,0,0
2020-03-05,Merced,047,269075,2,0,0,0,0
2020-03-05,Modoc,049,8938,0,0,0,0,0
2020-03-05,Mono,051,14174,1,0,0,0,0
2020-03-05,Monterey,053,433212,3,0,0,0,0
2020-03-05,Napa,055,140530,1,0,0,0,0
2020-03-05,Nevada,057,99092,0,0,1,1,0
2020-03-05,Orange,059,3164182,80,3,0,3,0
2020-03-05,Placer,061,380077,10,2,0,2,1
2020-03-05,Plumas,063,18699,0,0,0,0,0
2020-03-05,Riverside,065,2383286,27,0,1,1,0
2020-03-05,Sacramento,067,1510023,37,2,0,2,0
2020-03-05,San Benito,069,59416,1,2,0,2,0
2020-03-05,San Bernardino,071,2135413,35,0,0,0,0
2020-03-05,San Diego,073,3302833,54,2,0,2,0
2020-03-05,San Francisco,075,870044,31,2,0,2,0
2020-03-05,San Joaquin,077,732212,10,0,3,3,0
2020-03-05,San Luis Obispo,079,281455,4,0,0,0,0
2020-03-05,San Mateo,081,765935,65,1,0,1,0
2020-03-05,Santa Barbara,083,443738,2,0,0,0,0
2020-03-05,Santa Clara,085,1922200,164,14,1,15,0
2020-03-05,Santa Cruz,087,273765,13,0,0,0,0
2020-03-05,Shasta,089,179085,2,0,0,0,0
2020-03-05,Sierra,091,2930,0,0,0,0,0
2020-03-05,Siskiyou,093,43540,0,0,0,0,0
2020-03-05,Solano,095,438530,22,24,0,24,0
2020-03-05,Sonoma,097,501317,12,2,0,2,0
2020-03-05,Stanislaus,099,539301,4,0,2,2,0
2020-03-05,Sutter,101,95872,0,0,0,0,0
2020-03-05,Tehama,103,63373,0,0,0,0,0
2020-03-05,Trinity,105,12862,0,0,0,0,0
2020-03-05,Tulare,107,460477,6,0,0,0,0
2020-03-05,Tuolumne,109,53932,1,0,0,0,0
2020-03-05,Ventura,111,848112,13,0,0,0,0
2020-03-05,Yolo,113,214977,2,0,0,0,0
2020-03-05,Yuba,115,75493,0,0,0,0,0
2020-03-04,Alameda,001,1643700,30,2,0,2,0
2020-03-04,Alpine,003,1148,0,0,0,0,0
2020-03-04,Amador,005,37829,0,0,0,0,0
2020-03-04,Butte,007,227075,0,0,0,0,0
2020-03-04,Calaveras,009,45235,0,0,0,0,0
2020-03-04,Colusa,011,21464,0,0,0,0,0
2020-03-04,Contra Costa,013,1133247,34,1,0,1,0
2020-03-04,Del Norte,015,27424,0,0,0,0,0
2020-03-04,El Dorado,017,186661,1,0,0,0,0
2020-03-04,Fresno,019,978130,3,0,1,1,0
2020-03-04,Glenn,021,27897,0,0,0,0,0
2020-03-04,Humboldt,023,135768,1,1,0,1,0
2020-03-04,Imperial,025,180216,5,0,0,0,0
2020-03-04,Inyo,027,18085,0,0,0,0,0
2020-03-04,Kern,029,883053,6,0,0,0,0
2020-03-04,Kings,031,150075,3,0,1,1,0
2020-03-04,Lake,033,64148,0,0,0,0,0
2020-03-04,Lassen,035,31185,0,0,0,0,0
2020-03-04,Los Angeles,037,10098052,192,7,6,13,0
2020-03-04,Madera,039,155013,5,0,0,0,0
2020-03-04,Marin,041,260295,10,0,0,0,0
2020-03-04,Mariposa,043,17540,0,0,0,0,0
2020-03-04,Mendocino,045,87422,0,0,0,0,0
2020-03-04,Merced,047,269075,2,0,0,0,0
2020-03-04,Modoc,049,8938,0,0,0,0,0
2020-03-04,Mono,051,14174,1,0,0,0,0
2020-03-04,Monterey,053,433212,3,0,0,0,0
2020-03-04,Napa,055,140530,1,0,0,0,0
2020-03-04,Nevada,057,99092,0,0,1,1,0
2020-03-04,Orange,059,3164182,77,3,0,3,0
2020-03-04,Placer,061,380077,9,2,0,2,1
2020-03-04,Plumas,063,18699,0,0,0,0,0
2020-03-04,Riverside,065,2383286,23,0,1,1,0
2020-03-04,Sacramento,067,1510023,32,1,0,1,0
2020-03-04,San Benito,069,59416,1,2,0,2,0
2020-03-04,San Bernardino,071,2135413,32,0,0,0,0
2020-03-04,San Diego,073,3302833,41,2,0,2,0
2020-03-04,San Francisco,075,870044,26,0,0,0,0
2020-03-04,San Joaquin,077,732212,9,0,3,3,0
2020-03-04,San Luis Obispo,079,281455,4,0,0,0,0
2020-03-04,San Mateo,081,765935,60,1,0,1,0
2020-03-04,Santa Barbara,083,443738,2,0,0,0,0
2020-03-04,Santa Clara,085,1922200,147,12,1,13,0
2020-03-04,Santa Cruz,087,273765,13,0,0,0,0
2020-03-04,Shasta,089,179085,2,0,0,0,0
2020-03-04,Sierra,091,2930,0,0,0,0,0
2020-03-04,Siskiyou,093,43540,0,0,0,0,0
2020-03-04,Solano,095,438530,21,24,0,24,0
2020-03-04,Sonoma,097,501317,11,2,0,2,0
2020-03-04,Stanislaus,099,539301,4,0,2,2,0
2020-03-04,Sutter,101,95872,0,0,0,0,0
2020-03-04,Tehama,103,63373,0,0,0,0,0
2020-03-04,Trinity,105,12862,0,0,0,0,0
2020-03-04,Tulare,107,460477,6,0,0,0,0
2020-03-04,Tuolumne,109,53932,0,0,0,0,0
2020-03-04,Ventura,111,848112,12,0,0,0,0
2020-03-04,Yolo,113,214977,2,0,0,0,0
2020-03-04,Yuba,115,75493,0,0,0,0,0
2020-03-03,Alameda,001,1643700,24,2,0,2,0
2020-03-03,Alpine,003,1148,0,0,0,0,0
2020-03-03,Amador,005,37829,0,0,0,0,0
2020-03-03,Butte,007,227075,0,0,0,0,0
2020-03-03,Calaveras,009,45235,0,0,0,0,0
2020-03-03,Colusa,011,21464,0,0,0,0,0
2020-03-03,Contra Costa,013,1133247,30,0,0,0,0
2020-03-03,Del Norte,015,27424,0,0,0,0,0
2020-03-03,El Dorado,017,186661,1,0,0,0,0
2020-03-03,Fresno,019,978130,2,0,1,1,0
2020-03-03,Glenn,021,27897,0,0,0,0,0
2020-03-03,Humboldt,023,135768,1,1,0,1,0
2020-03-03,Imperial,025,180216,5,0,0,0,0
2020-03-03,Inyo,027,18085,0,0,0,0,0
2020-03-03,Kern,029,883053,4,0,0,0,0
2020-03-03,Kings,031,150075,3,0,1,1,0
2020-03-03,Lake,033,64148,0,0,0,0,0
2020-03-03,Lassen,035,31185,0,0,0,0,0
2020-03-03,Los Angeles,037,10098052,173,5,6,11,0
2020-03-03,Madera,039,155013,4,0,0,0,0
2020-03-03,Marin,041,260295,6,0,0,0,0
2020-03-03,Mariposa,043,17540,0,0,0,0,0
2020-03-03,Mendocino,045,87422,0,0,0,0,0
2020-03-03,Merced,047,269075,2,0,0,0,0
2020-03-03,Modoc,049,8938,0,0,0,0,0
2020-03-03,Mono,051,14174,1,0,0,0,0
2020-03-03,Monterey,053,433212,2,0,0,0,0
2020-03-03,Napa,055,140530,1,0,0,0,0
2020-03-03,Nevada,057,99092,0,0,1,1,0
2020-03-03,Orange,059,3164182,69,1,0,1,0
2020-03-03,Placer,061,380077,8,2,0,2,0
2020-03-03,Plumas,063,18699,0,0,0,0,0
2020-03-03,Riverside,065,2383286,20,0,1,1,0
2020-03-03,Sacramento,067,1510023,31,1,0,1,0
2020-03-03,San Benito,069,59416,1,2,0,2,0
2020-03-03,San Bernardino,071,2135413,29,0,0,0,0
2020-03-03,San Diego,073,3302833,34,2,0,2,0
2020-03-03,San Francisco,075,870044,24,0,0,0,0
2020-03-03,San Joaquin,077,732212,8,0,3,3,0
2020-03-03,San Luis Obispo,079,281455,2,0,0,0,0
2020-03-03,San Mateo,081,765935,53,1,0,1,0
2020-03-03,Santa Barbara,083,443738,1,0,0,0,0
2020-03-03,Santa Clara,085,1922200,132,11,1,12,0
2020-03-03,Santa Cruz,087,273765,10,0,0,0,0
2020-03-03,Shasta,089,179085,2,0,0,0,0
2020-03-03,Sierra,091,2930,0,0,0,0,0
2020-03-03,Siskiyou,093,43540,0,0,0,0,0
2020-03-03,Solano,095,438530,20,24,0,24,0
2020-03-03,Sonoma,097,501317,11,1,0,1,0
2020-03-03,Stanislaus,099,539301,4,0,2,2,0
2020-03-03,Sutter,101,95872,0,0,0,0,0
2020-03-03,Tehama,103,63373,0,0,0,0,0
2020-03-03,Trinity,105,12862,0,0,0,0,0
2020-03-03,Tulare,107,460477,6,0,0,0,0
2020-03-03,Tuolumne,109,53932,0,0,0,0,0
2020-03-03,Ventura,111,848112,11,0,0,0,0
2020-03-03,Yolo,113,214977,1,0,0,0,0
2020-03-03,Yuba,115,75493,0,0,0,0,0
2020-03-02,Alameda,001,1643700,21,1,0,1,0
2020-03-02,Alpine,003,1148,0,0,0,0,0
2020-03-02,Amador,005,37829,0,0,0,0,0
2020-03-02,Butte,007,227075,0,0,0,0,0
2020-03-02,Calaveras,009,45235,0,0,0,0,0
2020-03-02,Colusa,011,21464,0,0,0,0,0
2020-03-02,Contra Costa,013,1133247,27,0,0,0,0
2020-03-02,Del Norte,015,27424,0,0,0,0,0
2020-03-02,El Dorado,017,186661,1,0,0,0,0
2020-03-02,Fresno,019,978130,2,0,1,1,0
2020-03-02,Glenn,021,27897,0,0,0,0,0
2020-03-02,Humboldt,023,135768,1,1,0,1,0
2020-03-02,Imperial,025,180216,5,0,0,0,0
2020-03-02,Inyo,027,18085,0,0,0,0,0
2020-03-02,Kern,029,883053,4,0,0,0,0
2020-03-02,Kings,031,150075,3,0,1,1,0
2020-03-02,Lake,033,64148,0,0,0,0,0
2020-03-02,Lassen,035,31185,0,0,0,0,0
2020-03-02,Los Angeles,037,10098052,158,1,6,7,0
2020-03-02,Madera,039,155013,4,0,0,0,0
2020-03-02,Marin,041,260295,6,0,0,0,0
2020-03-02,Mariposa,043,17540,0,0,0,0,0
2020-03-02,Mendocino,045,87422,0,0,0,0,0
2020-03-02,Merced,047,269075,1,0,0,0,0
2020-03-02,Modoc,049,8938,0,0,0,0,0
2020-03-02,Mono,051,14174,1,0,0,0,0
2020-03-02,Monterey,053,433212,2,0,0,0,0
2020-03-02,Napa,055,140530,1,0,0,0,0
2020-03-02,Nevada,057,99092,0,0,1,1,0
2020-03-02,Orange,059,3164182,64,1,0,1,0
2020-03-02,Placer,061,380077,8,1,0,1,0
2020-03-02,Plumas,063,18699,0,0,0,0,0
2020-03-02,Riverside,065,2383286,19,0,1,1,0
2020-03-02,Sacramento,067,1510023,25,1,0,1,0
2020-03-02,San Benito,069,59416,1,2,0,2,0
2020-03-02,San Bernardino,071,2135413,29,0,0,0,0
2020-03-02,San Diego,073,3302833,28,2,0,2,0
2020-03-02,San Francisco,075,870044,17,0,0,0,0
2020-03-02,San Joaquin,077,732212,7,0,3,3,0
2020-03-02,San Luis Obispo,079,281455,2,0,0,0,0
2020-03-02,San Mateo,081,765935,44,1,0,1,0
2020-03-02,Santa Barbara,083,443738,1,0,0,0,0
2020-03-02,Santa Clara,085,1922200,110,7,1,8,0
2020-03-02,Santa Cruz,087,273765,9,0,0,0,0
2020-03-02,Shasta,089,179085,2,0,0,0,0
2020-03-02,Sierra,091,2930,0,0,0,0,0
2020-03-02,Siskiyou,093,43540,0,0,0,0,0
2020-03-02,Solano,095,438530,19,24,0,24,0
2020-03-02,Sonoma,097,501317,10,1,0,1,0
2020-03-02,Stanislaus,099,539301,2,0,2,2,0
2020-03-02,Sutter,101,95872,0,0,0,0,0
2020-03-02,Tehama,103,63373,0,0,0,0,0
2020-03-02,Trinity,105,12862,0,0,0,0,0
2020-03-02,Tulare,107,460477,6,0,0,0,0
2020-03-02,Tuolumne,109,53932,0,0,0,0,0
2020-03-02,Ventura,111,848112,10,0,0,0,0
2020-03-02,Yolo,113,214977,1,0,0,0,0
2020-03-02,Yuba,115,75493,0,0,0,0,0
2020-03-01,Alameda,001,1643700,20,1,0,1,0
2020-03-01,Alpine,003,1148,0,0,0,0,0
2020-03-01,Amador,005,37829,0,0,0,0,0
2020-03-01,Butte,007,227075,0,0,0,0,0
2020-03-01,Calaveras,009,45235,0,0,0,0,0
2020-03-01,Colusa,011,21464,0,0,0,0,0
2020-03-01,Contra Costa,013,1133247,24,0,0,0,0
2020-03-01,Del Norte,015,27424,0,0,0,0,0
2020-03-01,El Dorado,017,186661,1,0,0,0,0
2020-03-01,Fresno,019,978130,1,0,1,1,0
2020-03-01,Glenn,021,27897,0,0,0,0,0
2020-03-01,Humboldt,023,135768,1,1,0,1,0
2020-03-01,Imperial,025,180216,5,0,0,0,0
2020-03-01,Inyo,027,18085,0,0,0,0,0
2020-03-01,Kern,029,883053,2,0,0,0,0
2020-03-01,Kings,031,150075,3,0,1,1,0
2020-03-01,Lake,033,64148,0,0,0,0,0
2020-03-01,Lassen,035,31185,0,0,0,0,0
2020-03-01,Los Angeles,037,10098052,139,1,6,7,0
2020-03-01,Madera,039,155013,2,0,0,0,0
2020-03-01,Marin,041,260295,5,0,0,0,0
2020-03-01,Mariposa,043,17540,0,0,0,0,0
2020-03-01,Mendocino,045,87422,0,0,0,0,0
2020-03-01,Merced,047,269075,1,0,0,0,0
2020-03-01,Modoc,049,8938,0,0,0,0,0
2020-03-01,Mono,051,14174,1,0,0,0,0
2020-03-01,Monterey,053,433212,1,0,0,0,0
2020-03-01,Napa,055,140530,1,0,0,0,0
2020-03-01,Nevada,057,99092,0,0,1,1,0
2020-03-01,Orange,059,3164182,61,1,0,1,0
2020-03-01,Placer,061,380077,8,0,0,0,0
2020-03-01,Plumas,063,18699,0,0,0,0,0
2020-03-01,Riverside,065,2383286,18,0,1,1,0
2020-03-01,Sacramento,067,1510023,21,1,0,1,0
2020-03-01,San Benito,069,59416,0,2,0,2,0
2020-03-01,San Bernardino,071,2135413,27,0,0,0,0
2020-03-01,San Diego,073,3302833,21,2,0,2,0
2020-03-01,San Francisco,075,870044,13,0,0,0,0
2020-03-01,San Joaquin,077,732212,7,0,3,3,0
2020-03-01,San Luis Obispo,079,281455,2,0,0,0,0
2020-03-01,San Mateo,081,765935,36,0,0,0,0
2020-03-01,Santa Barbara,083,443738,1,0,0,0,0
2020-03-01,Santa Clara,085,1922200,97,6,1,7,0
2020-03-01,Santa Cruz,087,273765,8,0,0,0,0
2020-03-01,Shasta,089,179085,2,0,0,0,0
2020-03-01,Sierra,091,2930,0,0,0,0,0
2020-03-01,Siskiyou,093,43540,0,0,0,0,0
2020-03-01,Solano,095,438530,19,24,0,24,0
2020-03-01,Sonoma,097,501317,9,0,0,0,0
2020-03-01,Stanislaus,099,539301,2,0,2,2,0
2020-03-01,Sutter,101,95872,0,0,0,0,0
2020-03-01,Tehama,103,63373,0,0,0,0,0
2020-03-01,Trinity,105,12862,0,0,0,0,0
2020-03-01,Tulare,107,460477,6,0,0,0,0
2020-03-01,Tuolumne,109,53932,0,0,0,0,0
2020-03-01,Ventura,111,848112,8,0,0,0,0
2020-03-01,Yolo,113,214977,1,0,0,0,0
2020-03-01,Yuba,115,75493,0,0,0,0,0
2020-02-29,Alameda,001,1643700,16,0,0,0,0
2020-02-29,Alpine,003,1148,0,0,0,0,0
2020-02-29,Amador,005,37829,0,0,0,0,0
2020-02-29,Butte,007,227075,0,0,0,0,0
2020-02-29,Calaveras,009,45235,0,0,0,0,0
2020-02-29,Colusa,011,21464,0,0,0,0,0
2020-02-29,Contra Costa,013,1133247,20,0,0,0,0
2020-02-29,Del Norte,015,27424,0,0,0,0,0
2020-02-29,El Dorado,017,186661,1,0,0,0,0
2020-02-29,Fresno,019,978130,1,0,0,0,0
2020-02-29,Glenn,021,27897,0,0,0,0,0
2020-02-29,Humboldt,023,135768,1,1,0,1,0
2020-02-29,Imperial,025,180216,3,0,0,0,0
2020-02-29,Inyo,027,18085,0,0,0,0,0
2020-02-29,Kern,029,883053,2,0,0,0,0
2020-02-29,Kings,031,150075,3,0,1,1,0
2020-02-29,Lake,033,64148,0,0,0,0,0
2020-02-29,Lassen,035,31185,0,0,0,0,0
2020-02-29,Los Angeles,037,10098052,111,1,6,7,0
2020-02-29,Madera,039,155013,2,0,0,0,0
2020-02-29,Marin,041,260295,4,0,0,0,0
2020-02-29,Mariposa,043,17540,0,0,0,0,0
2020-02-29,Mendocino,045,87422,0,0,0,0,0
2020-02-29,Merced,047,269075,1,0,0,0,0
2020-02-29,Modoc,049,8938,0,0,0,0,0
2020-02-29,Mono,051,14174,1,0,0,0,0
2020-02-29,Monterey,053,433212,1,0,0,0,0
2020-02-29,Napa,055,140530,1,0,0,0,0
2020-02-29,Nevada,057,99092,0,0,1,1,0
2020-02-29,Orange,059,3164182,56,1,0,1,0
2020-02-29,Placer,061,380077,7,0,0,0,0
2020-02-29,Plumas,063,18699,0,0,0,0,0
2020-02-29,Riverside,065,2383286,15,0,1,1,0
2020-02-29,Sacramento,067,1510023,16,1,0,1,0
2020-02-29,San Benito,069,59416,0,2,0,2,0
2020-02-29,San Bernardino,071,2135413,25,0,0,0,0
2020-02-29,San Diego,073,3302833,16,2,0,2,0
2020-02-29,San Francisco,075,870044,12,0,0,0,0
2020-02-29,San Joaquin,077,732212,6,0,3,3,0
2020-02-29,San Luis Obispo,079,281455,2,0,0,0,0
2020-02-29,San Mateo,081,765935,29,0,0,0,0
2020-02-29,Santa Barbara,083,443738,0,0,0,0,0
2020-02-29,Santa Clara,085,1922200,75,3,1,4,0
2020-02-29,Santa Cruz,087,273765,8,0,0,0,0
2020-02-29,Shasta,089,179085,2,0,0,0,0
2020-02-29,Sierra,091,2930,0,0,0,0,0
2020-02-29,Siskiyou,093,43540,0,0,0,0,0
2020-02-29,Solano,095,438530,18,23,0,23,0
2020-02-29,Sonoma,097,501317,6,0,0,0,0
2020-02-29,Stanislaus,099,539301,2,0,2,2,0
2020-02-29,Sutter,101,95872,0,0,0,0,0
2020-02-29,Tehama,103,63373,0,0,0,0,0
2020-02-29,Trinity,105,12862,0,0,0,0,0
2020-02-29,Tulare,107,460477,4,0,0,0,0
2020-02-29,Tuolumne,109,53932,0,0,0,0,0
2020-02-29,Ventura,111,848112,6,0,0,0,0
2020-02-29,Yolo,113,214977,1,0,0,0,0
2020-02-29,Yuba,115,75493,0,0,0,0,0
2020-02-28,Alameda,001,1643700,14,0,0,0,0
2020-02-28,Alpine,003,1148,0,0,0,0,0
2020-02-28,Amador,005,37829,0,0,0,0,0
2020-02-28,Butte,007,227075,0,0,0,0,0
2020-02-28,Calaveras,009,45235,0,0,0,0,0
2020-02-28,Colusa,011,21464,0,0,0,0,0
2020-02-28,Contra Costa,013,1133247,20,0,0,0,0
2020-02-28,Del Norte,015,27424,0,0,0,0,0
2020-02-28,El Dorado,017,186661,0,0,0,0,0
2020-02-28,Fresno,019,978130,1,0,0,0,0
2020-02-28,Glenn,021,27897,0,0,0,0,0
2020-02-28,Humboldt,023,135768,1,1,0,1,0
2020-02-28,Imperial,025,180216,3,0,0,0,0
2020-02-28,Inyo,027,18085,0,0,0,0,0
2020-02-28,Kern,029,883053,2,0,0,0,0
2020-02-28,Kings,031,150075,3,0,1,1,0
2020-02-28,Lake,033,64148,0,0,0,0,0
2020-02-28,Lassen,035,31185,0,0,0,0,0
2020-02-28,Los Angeles,037,10098052,103,1,6,7,0
2020-02-28,Madera,039,155013,2,0,0,0,0
2020-02-28,Marin,041,260295,2,0,0,0,0
2020-02-28,Mariposa,043,17540,0,0,0,0,0
2020-02-28,Mendocino,045,87422,0,0,0,0,0
2020-02-28,Merced,047,269075,1,0,0,0,0
2020-02-28,Modoc,049,8938,0,0,0,0,0
2020-02-28,Mono,051,14174,0,0,0,0,0
2020-02-28,Monterey,053,433212,1,0,0,0,0
2020-02-28,Napa,055,140530,1,0,0,0,0
2020-02-28,Nevada,057,99092,0,0,1,1,0
2020-02-28,Orange,059,3164182,54,1,0,1,0
2020-02-28,Placer,061,380077,7,0,0,0,0
2020-02-28,Plumas,063,18699,0,0,0,0,0
2020-02-28,Riverside,065,2383286,13,0,1,1,0
2020-02-28,Sacramento,067,1510023,10,1,0,1,0
2020-02-28,San Benito,069,59416,0,2,0,2,0
2020-02-28,San Bernardino,071,2135413,25,0,0,0,0
2020-02-28,San Diego,073,3302833,13,2,0,2,0
2020-02-28,San Francisco,075,870044,10,0,0,0,0
2020-02-28,San Joaquin,077,732212,6,0,3,3,0
2020-02-28,San Luis Obispo,079,281455,2,0,0,0,0
2020-02-28,San Mateo,081,765935,24,0,0,0,0
2020-02-28,Santa Barbara,083,443738,0,0,0,0,0
2020-02-28,Santa Clara,085,1922200,70,3,1,4,0
2020-02-28,Santa Cruz,087,273765,8,0,0,0,0
2020-02-28,Shasta,089,179085,2,0,0,0,0
2020-02-28,Sierra,091,2930,0,0,0,0,0
2020-02-28,Siskiyou,093,43540,0,0,0,0,0
2020-02-28,Solano,095,438530,17,23,0,23,0
2020-02-28,Sonoma,097,501317,6,0,0,0,0
2020-02-28,Stanislaus,099,539301,2,0,2,2,0
2020-02-28,Sutter,101,95872,0,0,0,0,0
2020-02-28,Tehama,103,63373,0,0,0,0,0
2020-02-28,Trinity,105,12862,0,0,0,0,0
2020-02-28,Tulare,107,460477,3,0,0,0,0
2020-02-28,Tuolumne,109,53932,0,0,0,0,0
2020-02-28,Ventura,111,848112,6,0,0,0,0
2020-02-28,Yolo,113,214977,1,0,0,0,0
2020-02-28,Yuba,115,75493,0,0,0,0,0
2020-02-27,Alameda,001,1643700,13,0,0,0,0
2020-02-27,Alpine,003,1148,0,0,0,0,0
2020-02-27,Amador,005,37829,0,0,0,0,0
2020-02-27,Butte,007,227075,0,0,0,0,0
2020-02-27,Calaveras,009,45235,0,0,0,0,0
2020-02-27,Colusa,011,21464,0,0,0,0,0
2020-02-27,Contra Costa,013,1133247,14,0,0,0,0
2020-02-27,Del Norte,015,27424,0,0,0,0,0
2020-02-27,El Dorado,017,186661,0,0,0,0,0
2020-02-27,Fresno,019,978130,1,0,0,0,0
2020-02-27,Glenn,021,27897,0,0,0,0,0
2020-02-27,Humboldt,023,135768,1,1,0,1,0
2020-02-27,Imperial,025,180216,3,0,0,0,0
2020-02-27,Inyo,027,18085,0,0,0,0,0
2020-02-27,Kern,029,883053,2,0,0,0,0
2020-02-27,Kings,031,150075,3,0,1,1,0
2020-02-27,Lake,033,64148,0,0,0,0,0
2020-02-27,Lassen,035,31185,0,0,0,0,0
2020-02-27,Los Angeles,037,10098052,95,1,6,7,0
2020-02-27,Madera,039,155013,2,0,0,0,0
2020-02-27,Marin,041,260295,1,0,0,0,0
2020-02-27,Mariposa,043,17540,0,0,0,0,0
2020-02-27,Mendocino,045,87422,0,0,0,0,0
2020-02-27,Merced,047,269075,1,0,0,0,0
2020-02-27,Modoc,049,8938,0,0,0,0,0
2020-02-27,Mono,051,14174,0,0,0,0,0
2020-02-27,Monterey,053,433212,1,0,0,0,0
2020-02-27,Napa,055,140530,1,0,0,0,0
2020-02-27,Nevada,057,99092,0,0,1,1,0
2020-02-27,Orange,059,3164182,48,1,0,1,0
2020-02-27,Placer,061,380077,6,0,0,0,0
2020-02-27,Plumas,063,18699,0,0,0,0,0
2020-02-27,Riverside,065,2383286,12,0,1,1,0
2020-02-27,Sacramento,067,1510023,10,1,0,1,0
2020-02-27,San Benito,069,59416,0,2,0,2,0
2020-02-27,San Bernardino,071,2135413,25,0,0,0,0
2020-02-27,San Diego,073,3302833,12,2,0,2,0
2020-02-27,San Francisco,075,870044,9,0,0,0,0
2020-02-27,San Joaquin,077,732212,5,0,3,3,0
2020-02-27,San Luis Obispo,079,281455,2,0,0,0,0
2020-02-27,San Mateo,081,765935,20,0,0,0,0
2020-02-27,Santa Barbara,083,443738,0,0,0,0,0
2020-02-27,Santa Clara,085,1922200,59,2,1,3,0
2020-02-27,Santa Cruz,087,273765,6,0,0,0,0
2020-02-27,Shasta,089,179085,0,0,0,0,0
2020-02-27,Sierra,091,2930,0,0,0,0,0
2020-02-27,Siskiyou,093,43540,0,0,0,0,0
2020-02-27,Solano,095,438530,17,23,0,23,0
2020-02-27,Sonoma,097,501317,5,0,0,0,0
2020-02-27,Stanislaus,099,539301,2,0,2,2,0
2020-02-27,Sutter,101,95872,0,0,0,0,0
2020-02-27,Tehama,103,63373,0,0,0,0,0
2020-02-27,Trinity,105,12862,0,0,0,0,0
2020-02-27,Tulare,107,460477,3,0,0,0,0
2020-02-27,Tuolumne,109,53932,0,0,0,0,0
2020-02-27,Ventura,111,848112,4,0,0,0,0
2020-02-27,Yolo,113,214977,1,0,0,0,0
2020-02-27,Yuba,115,75493,0,0,0,0,0
2020-02-26,Alameda,001,1643700,13,0,0,0,0
2020-02-26,Alpine,003,1148,0,0,0,0,0
2020-02-26,Amador,005,37829,0,0,0,0,0
2020-02-26,Butte,007,227075,0,0,0,0,0
2020-02-26,Calaveras,009,45235,0,0,0,0,0
2020-02-26,Colusa,011,21464,0,0,0,0,0
2020-02-26,Contra Costa,013,1133247,13,0,0,0,0
2020-02-26,Del Norte,015,27424,0,0,0,0,0
2020-02-26,El Dorado,017,186661,0,0,0,0,0
2020-02-26,Fresno,019,978130,1,0,0,0,0
2020-02-26,Glenn,021,27897,0,0,0,0,0
2020-02-26,Humboldt,023,135768,1,1,0,1,0
2020-02-26,Imperial,025,180216,3,0,0,0,0
2020-02-26,Inyo,027,18085,0,0,0,0,0
2020-02-26,Kern,029,883053,2,0,0,0,0
2020-02-26,Kings,031,150075,3,0,1,1,0
2020-02-26,Lake,033,64148,0,0,0,0,0
2020-02-26,Lassen,035,31185,0,0,0,0,0
2020-02-26,Los Angeles,037,10098052,89,1,6,7,0
2020-02-26,Madera,039,155013,2,0,0,0,0
2020-02-26,Marin,041,260295,1,0,0,0,0
2020-02-26,Mariposa,043,17540,0,0,0,0,0
2020-02-26,Mendocino,045,87422,0,0,0,0,0
2020-02-26,Merced,047,269075,1,0,0,0,0
2020-02-26,Modoc,049,8938,0,0,0,0,0
2020-02-26,Mono,051,14174,0,0,0,0,0
2020-02-26,Monterey,053,433212,1,0,0,0,0
2020-02-26,Napa,055,140530,0,0,0,0,0
2020-02-26,Nevada,057,99092,0,0,1,1,0
2020-02-26,Orange,059,3164182,47,1,0,1,0
2020-02-26,Placer,061,380077,5,0,0,0,0
2020-02-26,Plumas,063,18699,0,0,0,0,0
2020-02-26,Riverside,065,2383286,10,0,1,1,0
2020-02-26,Sacramento,067,1510023,10,1,0,1,0
2020-02-26,San Benito,069,59416,0,2,0,2,0
2020-02-26,San Bernardino,071,2135413,23,0,0,0,0
2020-02-26,San Diego,073,3302833,11,2,0,2,0
2020-02-26,San Francisco,075,870044,9,0,0,0,0
2020-02-26,San Joaquin,077,732212,5,0,3,3,0
2020-02-26,San Luis Obispo,079,281455,2,0,0,0,0
2020-02-26,San Mateo,081,765935,18,0,0,0,0
2020-02-26,Santa Barbara,083,443738,0,0,0,0,0
2020-02-26,Santa Clara,085,1922200,50,2,1,3,0
2020-02-26,Santa Cruz,087,273765,6,0,0,0,0
2020-02-26,Shasta,089,179085,0,0,0,0,0
2020-02-26,Sierra,091,2930,0,0,0,0,0
2020-02-26,Siskiyou,093,43540,0,0,0,0,0
2020-02-26,Solano,095,438530,17,23,0,23,0
2020-02-26,Sonoma,097,501317,5,0,0,0,0
2020-02-26,Stanislaus,099,539301,2,0,2,2,0
2020-02-26,Sutter,101,95872,0,0,0,0,0
2020-02-26,Tehama,103,63373,0,0,0,0,0
2020-02-26,Trinity,105,12862,0,0,0,0,0
2020-02-26,Tulare,107,460477,3,0,0,0,0
2020-02-26,Tuolumne,109,53932,0,0,0,0,0
2020-02-26,Ventura,111,848112,4,0,0,0,0
2020-02-26,Yolo,113,214977,1,0,0,0,0
2020-02-26,Yuba,115,75493,0,0,0,0,0
2020-02-25,Alameda,001,1643700,13,0,0,0,0
2020-02-25,Alpine,003,1148,0,0,0,0,0
2020-02-25,Amador,005,37829,0,0,0,0,0
2020-02-25,Butte,007,227075,0,0,0,0,0
2020-02-25,Calaveras,009,45235,0,0,0,0,0
2020-02-25,Colusa,011,21464,0,0,0,0,0
2020-02-25,Contra Costa,013,1133247,11,0,0,0,0
2020-02-25,Del Norte,015,27424,0,0,0,0,0
2020-02-25,El Dorado,017,186661,0,0,0,0,0
2020-02-25,Fresno,019,978130,1,0,0,0,0
2020-02-25,Glenn,021,27897,0,0,0,0,0
2020-02-25,Humboldt,023,135768,1,1,0,1,0
2020-02-25,Imperial,025,180216,3,0,0,0,0
2020-02-25,Inyo,027,18085,0,0,0,0,0
2020-02-25,Kern,029,883053,2,0,0,0,0
2020-02-25,Kings,031,150075,3,0,1,1,0
2020-02-25,Lake,033,64148,0,0,0,0,0
2020-02-25,Lassen,035,31185,0,0,0,0,0
2020-02-25,Los Angeles,037,10098052,77,1,6,7,0
2020-02-25,Madera,039,155013,2,0,0,0,0
2020-02-25,Marin,041,260295,1,0,0,0,0
2020-02-25,Mariposa,043,17540,0,0,0,0,0
2020-02-25,Mendocino,045,87422,0,0,0,0,0
2020-02-25,Merced,047,269075,0,0,0,0,0
2020-02-25,Modoc,049,8938,0,0,0,0,0
2020-02-25,Mono,051,14174,0,0,0,0,0
2020-02-25,Monterey,053,433212,1,0,0,0,0
2020-02-25,Napa,055,140530,0,0,0,0,0
2020-02-25,Nevada,057,99092,0,0,1,1,0
2020-02-25,Orange,059,3164182,46,1,0,1,0
2020-02-25,Placer,061,380077,5,0,0,0,0
2020-02-25,Plumas,063,18699,0,0,0,0,0
2020-02-25,Riverside,065,2383286,10,0,1,1,0
2020-02-25,Sacramento,067,1510023,8,1,0,1,0
2020-02-25,San Benito,069,59416,0,2,0,2,0
2020-02-25,San Bernardino,071,2135413,21,0,0,0,0
2020-02-25,San Diego,073,3302833,7,2,0,2,0
2020-02-25,San Francisco,075,870044,7,0,0,0,0
2020-02-25,San Joaquin,077,732212,5,0,2,2,0
2020-02-25,San Luis Obispo,079,281455,2,0,0,0,0
2020-02-25,San Mateo,081,765935,17,0,0,0,0
2020-02-25,Santa Barbara,083,443738,0,0,0,0,0
2020-02-25,Santa Clara,085,1922200,40,2,1,3,0
2020-02-25,Santa Cruz,087,273765,5,0,0,0,0
2020-02-25,Shasta,089,179085,0,0,0,0,0
2020-02-25,Sierra,091,2930,0,0,0,0,0
2020-02-25,Siskiyou,093,43540,0,0,0,0,0
2020-02-25,Solano,095,438530,16,21,0,21,0
2020-02-25,Sonoma,097,501317,5,0,0,0,0
2020-02-25,Stanislaus,099,539301,2,0,2,2,0
2020-02-25,Sutter,101,95872,0,0,0,0,0
2020-02-25,Tehama,103,63373,0,0,0,0,0
2020-02-25,Trinity,105,12862,0,0,0,0,0
2020-02-25,Tulare,107,460477,3,0,0,0,0
2020-02-25,Tuolumne,109,53932,0,0,0,0,0
2020-02-25,Ventura,111,848112,4,0,0,0,0
2020-02-25,Yolo,113,214977,1,0,0,0,0
2020-02-25,Yuba,115,75493,0,0,0,0,0
2020-02-24,Alameda,001,1643700,13,0,0,0,0
2020-02-24,Alpine,003,1148,0,0,0,0,0
2020-02-24,Amador,005,37829,0,0,0,0,0
2020-02-24,Butte,007,227075,0,0,0,0,0
2020-02-24,Calaveras,009,45235,0,0,0,0,0
2020-02-24,Colusa,011,21464,0,0,0,0,0
2020-02-24,Contra Costa,013,1133247,9,0,0,0,0
2020-02-24,Del Norte,015,27424,0,0,0,0,0
2020-02-24,El Dorado,017,186661,0,0,0,0,0
2020-02-24,Fresno,019,978130,1,0,0,0,0
2020-02-24,Glenn,021,27897,0,0,0,0,0
2020-02-24,Humboldt,023,135768,1,1,0,1,0
2020-02-24,Imperial,025,180216,3,0,0,0,0
2020-02-24,Inyo,027,18085,0,0,0,0,0
2020-02-24,Kern,029,883053,2,0,0,0,0
2020-02-24,Kings,031,150075,3,0,1,1,0
2020-02-24,Lake,033,64148,0,0,0,0,0
2020-02-24,Lassen,035,31185,0,0,0,0,0
2020-02-24,Los Angeles,037,10098052,72,1,6,7,0
2020-02-24,Madera,039,155013,1,0,0,0,0
2020-02-24,Marin,041,260295,1,0,0,0,0
2020-02-24,Mariposa,043,17540,0,0,0,0,0
2020-02-24,Mendocino,045,87422,0,0,0,0,0
2020-02-24,Merced,047,269075,0,0,0,0,0
2020-02-24,Modoc,049,8938,0,0,0,0,0
2020-02-24,Mono,051,14174,0,0,0,0,0
2020-02-24,Monterey,053,433212,1,0,0,0,0
2020-02-24,Napa,055,140530,0,0,0,0,0
2020-02-24,Nevada,057,99092,0,0,1,1,0
2020-02-24,Orange,059,3164182,44,1,0,1,0
2020-02-24,Placer,061,380077,3,0,0,0,0
2020-02-24,Plumas,063,18699,0,0,0,0,0
2020-02-24,Riverside,065,2383286,9,0,1,1,0
2020-02-24,Sacramento,067,1510023,7,1,0,1,0
2020-02-24,San Benito,069,59416,0,2,0,2,0
2020-02-24,San Bernardino,071,2135413,21,0,0,0,0
2020-02-24,San Diego,073,3302833,7,2,0,2,0
2020-02-24,San Francisco,075,870044,6,0,0,0,0
2020-02-24,San Joaquin,077,732212,5,0,1,1,0
2020-02-24,San Luis Obispo,079,281455,2,0,0,0,0
2020-02-24,San Mateo,081,765935,13,0,0,0,0
2020-02-24,Santa Barbara,083,443738,0,0,0,0,0
2020-02-24,Santa Clara,085,1922200,38,2,1,3,0
2020-02-24,Santa Cruz,087,273765,5,0,0,0,0
2020-02-24,Shasta,089,179085,0,0,0,0,0
2020-02-24,Sierra,091,2930,0,0,0,0,0
2020-02-24,Siskiyou,093,43540,0,0,0,0,0
2020-02-24,Solano,095,438530,13,15,0,15,0
2020-02-24,Sonoma,097,501317,5,0,0,0,0
2020-02-24,Stanislaus,099,539301,2,0,2,2,0
2020-02-24,Sutter,101,95872,0,0,0,0,0
2020-02-24,Tehama,103,63373,0,0,0,0,0
2020-02-24,Trinity,105,12862,0,0,0,0,0
2020-02-24,Tulare,107,460477,3,0,0,0,0
2020-02-24,Tuolumne,109,53932,0,0,0,0,0
2020-02-24,Ventura,111,848112,4,0,0,0,0
2020-02-24,Yolo,113,214977,1,0,0,0,0
2020-02-24,Yuba,115,75493,0,0,0,0,0
2020-02-23,Alameda,001,1643700,11,0,0,0,0
2020-02-23,Alpine,003,1148,0,0,0,0,0
2020-02-23,Amador,005,37829,0,0,0,0,0
2020-02-23,Butte,007,227075,0,0,0,0,0
2020-02-23,Calaveras,009,45235,0,0,0,0,0
2020-02-23,Colusa,011,21464,0,0,0,0,0
2020-02-23,Contra Costa,013,1133247,6,0,0,0,0
2020-02-23,Del Norte,015,27424,0,0,0,0,0
2020-02-23,El Dorado,017,186661,0,0,0,0,0
2020-02-23,Fresno,019,978130,1,0,0,0,0
2020-02-23,Glenn,021,27897,0,0,0,0,0
2020-02-23,Humboldt,023,135768,1,1,0,1,0
2020-02-23,Imperial,025,180216,3,0,0,0,0
2020-02-23,Inyo,027,18085,0,0,0,0,0
2020-02-23,Kern,029,883053,2,0,0,0,0
2020-02-23,Kings,031,150075,3,0,1,1,0
2020-02-23,Lake,033,64148,0,0,0,0,0
2020-02-23,Lassen,035,31185,0,0,0,0,0
2020-02-23,Los Angeles,037,10098052,64,1,6,7,0
2020-02-23,Madera,039,155013,1,0,0,0,0
2020-02-23,Marin,041,260295,1,0,0,0,0
2020-02-23,Mariposa,043,17540,0,0,0,0,0
2020-02-23,Mendocino,045,87422,0,0,0,0,0
2020-02-23,Merced,047,269075,0,0,0,0,0
2020-02-23,Modoc,049,8938,0,0,0,0,0
2020-02-23,Mono,051,14174,0,0,0,0,0
2020-02-23,Monterey,053,433212,1,0,0,0,0
2020-02-23,Napa,055,140530,0,0,0,0,0
2020-02-23,Nevada,057,99092,0,0,1,1,0
2020-02-23,Orange,059,3164182,44,1,0,1,0
2020-02-23,Placer,061,380077,3,0,0,0,0
2020-02-23,Plumas,063,18699,0,0,0,0,0
2020-02-23,Riverside,065,2383286,9,0,0,0,0
2020-02-23,Sacramento,067,1510023,6,1,0,1,0
2020-02-23,San Benito,069,59416,0,2,0,2,0
2020-02-23,San Bernardino,071,2135413,20,0,0,0,0
2020-02-23,San Diego,073,3302833,6,2,0,2,0
2020-02-23,San Francisco,075,870044,5,0,0,0,0
2020-02-23,San Joaquin,077,732212,4,0,1,1,0
2020-02-23,San Luis Obispo,079,281455,2,0,0,0,0
2020-02-23,San Mateo,081,765935,10,0,0,0,0
2020-02-23,Santa Barbara,083,443738,0,0,0,0,0
2020-02-23,Santa Clara,085,1922200,26,2,1,3,0
2020-02-23,Santa Cruz,087,273765,2,0,0,0,0
2020-02-23,Shasta,089,179085,0,0,0,0,0
2020-02-23,Sierra,091,2930,0,0,0,0,0
2020-02-23,Siskiyou,093,43540,0,0,0,0,0
2020-02-23,Solano,095,438530,11,15,0,15,0
2020-02-23,Sonoma,097,501317,5,0,0,0,0
2020-02-23,Stanislaus,099,539301,2,0,2,2,0
2020-02-23,Sutter,101,95872,0,0,0,0,0
2020-02-23,Tehama,103,63373,0,0,0,0,0
2020-02-23,Trinity,105,12862,0,0,0,0,0
2020-02-23,Tulare,107,460477,2,0,0,0,0
2020-02-23,Tuolumne,109,53932,0,0,0,0,0
2020-02-23,Ventura,111,848112,4,0,0,0,0
2020-02-23,Yolo,113,214977,1,0,0,0,0
2020-02-23,Yuba,115,75493,0,0,0,0,0
2020-02-22,Alameda,001,1643700,10,0,0,0,0
2020-02-22,Alpine,003,1148,0,0,0,0,0
2020-02-22,Amador,005,37829,0,0,0,0,0
2020-02-22,Butte,007,227075,0,0,0,0,0
2020-02-22,Calaveras,009,45235,0,0,0,0,0
2020-02-22,Colusa,011,21464,0,0,0,0,0
2020-02-22,Contra Costa,013,1133247,5,0,0,0,0
2020-02-22,Del Norte,015,27424,0,0,0,0,0
2020-02-22,El Dorado,017,186661,0,0,0,0,0
2020-02-22,Fresno,019,978130,1,0,0,0,0
2020-02-22,Glenn,021,27897,0,0,0,0,0
2020-02-22,Humboldt,023,135768,1,1,0,1,0
2020-02-22,Imperial,025,180216,2,0,0,0,0
2020-02-22,Inyo,027,18085,0,0,0,0,0
2020-02-22,Kern,029,883053,2,0,0,0,0
2020-02-22,Kings,031,150075,3,0,1,1,0
2020-02-22,Lake,033,64148,0,0,0,0,0
2020-02-22,Lassen,035,31185,0,0,0,0,0
2020-02-22,Los Angeles,037,10098052,62,1,6,7,0
2020-02-22,Madera,039,155013,0,0,0,0,0
2020-02-22,Marin,041,260295,1,0,0,0,0
2020-02-22,Mariposa,043,17540,0,0,0,0,0
2020-02-22,Mendocino,045,87422,0,0,0,0,0
2020-02-22,Merced,047,269075,0,0,0,0,0
2020-02-22,Modoc,049,8938,0,0,0,0,0
2020-02-22,Mono,051,14174,0,0,0,0,0
2020-02-22,Monterey,053,433212,1,0,0,0,0
2020-02-22,Napa,055,140530,0,0,0,0,0
2020-02-22,Nevada,057,99092,0,0,1,1,0
2020-02-22,Orange,059,3164182,43,1,0,1,0
2020-02-22,Placer,061,380077,3,0,0,0,0
2020-02-22,Plumas,063,18699,0,0,0,0,0
2020-02-22,Riverside,065,2383286,9,0,0,0,0
2020-02-22,Sacramento,067,1510023,6,1,0,1,0
2020-02-22,San Benito,069,59416,0,2,0,2,0
2020-02-22,San Bernardino,071,2135413,18,0,0,0,0
2020-02-22,San Diego,073,3302833,5,2,0,2,0
2020-02-22,San Francisco,075,870044,3,0,0,0,0
2020-02-22,San Joaquin,077,732212,4,0,1,1,0
2020-02-22,San Luis Obispo,079,281455,2,0,0,0,0
2020-02-22,San Mateo,081,765935,8,0,0,0,0
2020-02-22,Santa Barbara,083,443738,0,0,0,0,0
2020-02-22,Santa Clara,085,1922200,23,2,1,3,0
2020-02-22,Santa Cruz,087,273765,2,0,0,0,0
2020-02-22,Shasta,089,179085,0,0,0,0,0
2020-02-22,Sierra,091,2930,0,0,0,0,0
2020-02-22,Siskiyou,093,43540,0,0,0,0,0
2020-02-22,Solano,095,438530,11,11,0,11,0
2020-02-22,Sonoma,097,501317,4,0,0,0,0
2020-02-22,Stanislaus,099,539301,2,0,2,2,0
2020-02-22,Sutter,101,95872,0,0,0,0,0
2020-02-22,Tehama,103,63373,0,0,0,0,0
2020-02-22,Trinity,105,12862,0,0,0,0,0
2020-02-22,Tulare,107,460477,2,0,0,0,0
2020-02-22,Tuolumne,109,53932,0,0,0,0,0
2020-02-22,Ventura,111,848112,4,0,0,0,0
2020-02-22,Yolo,113,214977,0,0,0,0,0
2020-02-22,Yuba,115,75493,0,0,0,0,0
2020-02-21,Alameda,001,1643700,9,0,0,0,0
2020-02-21,Alpine,003,1148,0,0,0,0,0
2020-02-21,Amador,005,37829,0,0,0,0,0
2020-02-21,Butte,007,227075,0,0,0,0,0
2020-02-21,Calaveras,009,45235,0,0,0,0,0
2020-02-21,Colusa,011,21464,0,0,0,0,0
2020-02-21,Contra Costa,013,1133247,4,0,0,0,0
2020-02-21,Del Norte,015,27424,0,0,0,0,0
2020-02-21,El Dorado,017,186661,0,0,0,0,0
2020-02-21,Fresno,019,978130,1,0,0,0,0
2020-02-21,Glenn,021,27897,0,0,0,0,0
2020-02-21,Humboldt,023,135768,1,1,0,1,0
2020-02-21,Imperial,025,180216,2,0,0,0,0
2020-02-21,Inyo,027,18085,0,0,0,0,0
2020-02-21,Kern,029,883053,2,0,0,0,0
2020-02-21,Kings,031,150075,3,0,1,1,0
2020-02-21,Lake,033,64148,0,0,0,0,0
2020-02-21,Lassen,035,31185,0,0,0,0,0
2020-02-21,Los Angeles,037,10098052,58,1,6,7,0
2020-02-21,Madera,039,155013,0,0,0,0,0
2020-02-21,Marin,041,260295,1,0,0,0,0
2020-02-21,Mariposa,043,17540,0,0,0,0,0
2020-02-21,Mendocino,045,87422,0,0,0,0,0
2020-02-21,Merced,047,269075,0,0,0,0,0
2020-02-21,Modoc,049,8938,0,0,0,0,0
2020-02-21,Mono,051,14174,0,0,0,0,0
2020-02-21,Monterey,053,433212,1,0,0,0,0
2020-02-21,Napa,055,140530,0,0,0,0,0
2020-02-21,Nevada,057,99092,0,0,1,1,0
2020-02-21,Orange,059,3164182,41,1,0,1,0
2020-02-21,Placer,061,380077,2,0,0,0,0
2020-02-21,Plumas,063,18699,0,0,0,0,0
2020-02-21,Riverside,065,2383286,9,0,0,0,0
2020-02-21,Sacramento,067,1510023,5,1,0,1,0
2020-02-21,San Benito,069,59416,0,2,0,2,0
2020-02-21,San Bernardino,071,2135413,17,0,0,0,0
2020-02-21,San Diego,073,3302833,5,2,0,2,0
2020-02-21,San Francisco,075,870044,3,0,0,0,0
2020-02-21,San Joaquin,077,732212,2,0,1,1,0
2020-02-21,San Luis Obispo,079,281455,2,0,0,0,0
2020-02-21,San Mateo,081,765935,8,0,0,0,0
2020-02-21,Santa Barbara,083,443738,0,0,0,0,0
2020-02-21,Santa Clara,085,1922200,21,2,1,3,0
2020-02-21,Santa Cruz,087,273765,2,0,0,0,0
2020-02-21,Shasta,089,179085,0,0,0,0,0
2020-02-21,Sierra,091,2930,0,0,0,0,0
2020-02-21,Siskiyou,093,43540,0,0,0,0,0
2020-02-21,Solano,095,438530,10,11,0,11,0
2020-02-21,Sonoma,097,501317,3,0,0,0,0
2020-02-21,Stanislaus,099,539301,2,0,2,2,0
2020-02-21,Sutter,101,95872,0,0,0,0,0
2020-02-21,Tehama,103,63373,0,0,0,0,0
2020-02-21,Trinity,105,12862,0,0,0,0,0
2020-02-21,Tulare,107,460477,2,0,0,0,0
2020-02-21,Tuolumne,109,53932,0,0,0,0,0
2020-02-21,Ventura,111,848112,4,0,0,0,0
2020-02-21,Yolo,113,214977,0,0,0,0,0
2020-02-21,Yuba,115,75493,0,0,0,0,0
2020-02-20,Alameda,001,1643700,7,0,0,0,0
2020-02-20,Alpine,003,1148,0,0,0,0,0
2020-02-20,Amador,005,37829,0,0,0,0,0
2020-02-20,Butte,007,227075,0,0,0,0,0
2020-02-20,Calaveras,009,45235,0,0,0,0,0
2020-02-20,Colusa,011,21464,0,0,0,0,0
2020-02-20,Contra Costa,013,1133247,3,0,0,0,0
2020-02-20,Del Norte,015,27424,0,0,0,0,0
2020-02-20,El Dorado,017,186661,0,0,0,0,0
2020-02-20,Fresno,019,978130,1,0,0,0,0
2020-02-20,Glenn,021,27897,0,0,0,0,0
2020-02-20,Humboldt,023,135768,1,1,0,1,0
2020-02-20,Imperial,025,180216,2,0,0,0,0
2020-02-20,Inyo,027,18085,0,0,0,0,0
2020-02-20,Kern,029,883053,2,0,0,0,0
2020-02-20,Kings,031,150075,3,0,1,1,0
2020-02-20,Lake,033,64148,0,0,0,0,0
2020-02-20,Lassen,035,31185,0,0,0,0,0
2020-02-20,Los Angeles,037,10098052,57,1,5,6,0
2020-02-20,Madera,039,155013,0,0,0,0,0
2020-02-20,Marin,041,260295,0,0,0,0,0
2020-02-20,Mariposa,043,17540,0,0,0,0,0
2020-02-20,Mendocino,045,87422,0,0,0,0,0
2020-02-20,Merced,047,269075,0,0,0,0,0
2020-02-20,Modoc,049,8938,0,0,0,0,0
2020-02-20,Mono,051,14174,0,0,0,0,0
2020-02-20,Monterey,053,433212,1,0,0,0,0
2020-02-20,Napa,055,140530,0,0,0,0,0
2020-02-20,Nevada,057,99092,0,0,1,1,0
2020-02-20,Orange,059,3164182,41,1,0,1,0
2020-02-20,Placer,061,380077,2,0,0,0,0
2020-02-20,Plumas,063,18699,0,0,0,0,0
2020-02-20,Riverside,065,2383286,7,0,0,0,0
2020-02-20,Sacramento,067,1510023,2,1,0,1,0
2020-02-20,San Benito,069,59416,0,2,0,2,0
2020-02-20,San Bernardino,071,2135413,15,0,0,0,0
2020-02-20,San Diego,073,3302833,5,2,0,2,0
2020-02-20,San Francisco,075,870044,3,0,0,0,0
2020-02-20,San Joaquin,077,732212,2,0,1,1,0
2020-02-20,San Luis Obispo,079,281455,2,0,0,0,0
2020-02-20,San Mateo,081,765935,7,0,0,0,0
2020-02-20,Santa Barbara,083,443738,0,0,0,0,0
2020-02-20,Santa Clara,085,1922200,17,2,1,3,0
2020-02-20,Santa Cruz,087,273765,2,0,0,0,0
2020-02-20,Shasta,089,179085,0,0,0,0,0
2020-02-20,Sierra,091,2930,0,0,0,0,0
2020-02-20,Siskiyou,093,43540,0,0,0,0,0
2020-02-20,Solano,095,438530,8,7,0,7,0
2020-02-20,Sonoma,097,501317,2,0,0,0,0
2020-02-20,Stanislaus,099,539301,2,0,2,2,0
2020-02-20,Sutter,101,95872,0,0,0,0,0
2020-02-20,Tehama,103,63373,0,0,0,0,0
2020-02-20,Trinity,105,12862,0,0,0,0,0
2020-02-20,Tulare,107,460477,2,0,0,0,0
2020-02-20,Tuolumne,109,53932,0,0,0,0,0
2020-02-20,Ventura,111,848112,4,0,0,0,0
2020-02-20,Yolo,113,214977,0,0,0,0,0
2020-02-20,Yuba,115,75493,0,0,0,0,0
2020-02-19,Alameda,001,1643700,6,0,0,0,0
2020-02-19,Alpine,003,1148,0,0,0,0,0
2020-02-19,Amador,005,37829,0,0,0,0,0
2020-02-19,Butte,007,227075,0,0,0,0,0
2020-02-19,Calaveras,009,45235,0,0,0,0,0
2020-02-19,Colusa,011,21464,0,0,0,0,0
2020-02-19,Contra Costa,013,1133247,3,0,0,0,0
2020-02-19,Del Norte,015,27424,0,0,0,0,0
2020-02-19,El Dorado,017,186661,0,0,0,0,0
2020-02-19,Fresno,019,978130,1,0,0,0,0
2020-02-19,Glenn,021,27897,0,0,0,0,0
2020-02-19,Humboldt,023,135768,1,0,0,0,0
2020-02-19,Imperial,025,180216,2,0,0,0,0
2020-02-19,Inyo,027,18085,0,0,0,0,0
2020-02-19,Kern,029,883053,2,0,0,0,0
2020-02-19,Kings,031,150075,3,0,1,1,0
2020-02-19,Lake,033,64148,0,0,0,0,0
2020-02-19,Lassen,035,31185,0,0,0,0,0
2020-02-19,Los Angeles,037,10098052,54,1,5,6,0
2020-02-19,Madera,039,155013,0,0,0,0,0
2020-02-19,Marin,041,260295,0,0,0,0,0
2020-02-19,Mariposa,043,17540,0,0,0,0,0
2020-02-19,Mendocino,045,87422,0,0,0,0,0
2020-02-19,Merced,047,269075,0,0,0,0,0
2020-02-19,Modoc,049,8938,0,0,0,0,0
2020-02-19,Mono,051,14174,0,0,0,0,0
2020-02-19,Monterey,053,433212,1,0,0,0,0
2020-02-19,Napa,055,140530,0,0,0,0,0
2020-02-19,Nevada,057,99092,0,0,1,1,0
2020-02-19,Orange,059,3164182,40,1,0,1,0
2020-02-19,Placer,061,380077,2,0,0,0,0
2020-02-19,Plumas,063,18699,0,0,0,0,0
2020-02-19,Riverside,065,2383286,5,0,0,0,0
2020-02-19,Sacramento,067,1510023,2,0,0,0,0
2020-02-19,San Benito,069,59416,0,2,0,2,0
2020-02-19,San Bernardino,071,2135413,14,0,0,0,0
2020-02-19,San Diego,073,3302833,4,2,0,2,0
2020-02-19,San Francisco,075,870044,2,0,0,0,0
2020-02-19,San Joaquin,077,732212,2,0,1,1,0
2020-02-19,San Luis Obispo,079,281455,2,0,0,0,0
2020-02-19,San Mateo,081,765935,6,0,0,0,0
2020-02-19,Santa Barbara,083,443738,0,0,0,0,0
2020-02-19,Santa Clara,085,1922200,15,2,1,3,0
2020-02-19,Santa Cruz,087,273765,0,0,0,0,0
2020-02-19,Shasta,089,179085,0,0,0,0,0
2020-02-19,Sierra,091,2930,0,0,0,0,0
2020-02-19,Siskiyou,093,43540,0,0,0,0,0
2020-02-19,Solano,095,438530,5,7,0,7,0
2020-02-19,Sonoma,097,501317,2,0,0,0,0
2020-02-19,Stanislaus,099,539301,1,0,2,2,0
2020-02-19,Sutter,101,95872,0,0,0,0,0
2020-02-19,Tehama,103,63373,0,0,0,0,0
2020-02-19,Trinity,105,12862,0,0,0,0,0
2020-02-19,Tulare,107,460477,2,0,0,0,0
2020-02-19,Tuolumne,109,53932,0,0,0,0,0
2020-02-19,Ventura,111,848112,2,0,0,0,0
2020-02-19,Yolo,113,214977,0,0,0,0,0
2020-02-19,Yuba,115,75493,0,0,0,0,0
2020-02-18,Alameda,001,1643700,6,0,0,0,0
2020-02-18,Alpine,003,1148,0,0,0,0,0
2020-02-18,Amador,005,37829,0,0,0,0,0
2020-02-18,Butte,007,227075,0,0,0,0,0
2020-02-18,Calaveras,009,45235,0,0,0,0,0
2020-02-18,Colusa,011,21464,0,0,0,0,0
2020-02-18,Contra Costa,013,1133247,3,0,0,0,0
2020-02-18,Del Norte,015,27424,0,0,0,0,0
2020-02-18,El Dorado,017,186661,0,0,0,0,0
2020-02-18,Fresno,019,978130,0,0,0,0,0
2020-02-18,Glenn,021,27897,0,0,0,0,0
2020-02-18,Humboldt,023,135768,1,0,0,0,0
2020-02-18,Imperial,025,180216,1,0,0,0,0
2020-02-18,Inyo,027,18085,0,0,0,0,0
2020-02-18,Kern,029,883053,2,0,0,0,0
2020-02-18,Kings,031,150075,3,0,1,1,0
2020-02-18,Lake,033,64148,0,0,0,0,0
2020-02-18,Lassen,035,31185,0,0,0,0,0
2020-02-18,Los Angeles,037,10098052,51,1,4,5,0
2020-02-18,Madera,039,155013,0,0,0,0,0
2020-02-18,Marin,041,260295,0,0,0,0,0
2020-02-18,Mariposa,043,17540,0,0,0,0,0
2020-02-18,Mendocino,045,87422,0,0,0,0,0
2020-02-18,Merced,047,269075,0,0,0,0,0
2020-02-18,Modoc,049,8938,0,0,0,0,0
2020-02-18,Mono,051,14174,0,0,0,0,0
2020-02-18,Monterey,053,433212,1,0,0,0,0
2020-02-18,Napa,055,140530,0,0,0,0,0
2020-02-18,Nevada,057,99092,0,0,1,1,0
2020-02-18,Orange,059,3164182,39,1,0,1,0
2020-02-18,Placer,061,380077,0,0,0,0,0
2020-02-18,Plumas,063,18699,0,0,0,0,0
2020-02-18,Riverside,065,2383286,5,0,0,0,0
2020-02-18,Sacramento,067,1510023,2,0,0,0,0
2020-02-18,San Benito,069,59416,0,2,0,2,0
2020-02-18,San Bernardino,071,2135413,13,0,0,0,0
2020-02-18,San Diego,073,3302833,4,2,0,2,0
2020-02-18,San Francisco,075,870044,2,0,0,0,0
2020-02-18,San Joaquin,077,732212,1,0,1,1,0
2020-02-18,San Luis Obispo,079,281455,2,0,0,0,0
2020-02-18,San Mateo,081,765935,5,0,0,0,0
2020-02-18,Santa Barbara,083,443738,0,0,0,0,0
2020-02-18,Santa Clara,085,1922200,14,2,1,3,0
2020-02-18,Santa Cruz,087,273765,0,0,0,0,0
2020-02-18,Shasta,089,179085,0,0,0,0,0
2020-02-18,Sierra,091,2930,0,0,0,0,0
2020-02-18,Siskiyou,093,43540,0,0,0,0,0
2020-02-18,Solano,095,438530,5,7,0,7,0
2020-02-18,Sonoma,097,501317,1,0,0,0,0
2020-02-18,Stanislaus,099,539301,1,0,2,2,0
2020-02-18,Sutter,101,95872,0,0,0,0,0
2020-02-18,Tehama,103,63373,0,0,0,0,0
2020-02-18,Trinity,105,12862,0,0,0,0,0
2020-02-18,Tulare,107,460477,2,0,0,0,0
2020-02-18,Tuolumne,109,53932,0,0,0,0,0
2020-02-18,Ventura,111,848112,2,0,0,0,0
2020-02-18,Yolo,113,214977,0,0,0,0,0
2020-02-18,Yuba,115,75493,0,0,0,0,0
2020-02-17,Alameda,001,1643700,6,0,0,0,0
2020-02-17,Alpine,003,1148,0,0,0,0,0
2020-02-17,Amador,005,37829,0,0,0,0,0
2020-02-17,Butte,007,227075,0,0,0,0,0
2020-02-17,Calaveras,009,45235,0,0,0,0,0
2020-02-17,Colusa,011,21464,0,0,0,0,0
2020-02-17,Contra Costa,013,1133247,3,0,0,0,0
2020-02-17,Del Norte,015,27424,0,0,0,0,0
2020-02-17,El Dorado,017,186661,0,0,0,0,0
2020-02-17,Fresno,019,978130,0,0,0,0,0
2020-02-17,Glenn,021,27897,0,0,0,0,0
2020-02-17,Humboldt,023,135768,1,0,0,0,0
2020-02-17,Imperial,025,180216,1,0,0,0,0
2020-02-17,Inyo,027,18085,0,0,0,0,0
2020-02-17,Kern,029,883053,2,0,0,0,0
2020-02-17,Kings,031,150075,3,0,0,0,0
2020-02-17,Lake,033,64148,0,0,0,0,0
2020-02-17,Lassen,035,31185,0,0,0,0,0
2020-02-17,Los Angeles,037,10098052,48,1,4,5,0
2020-02-17,Madera,039,155013,0,0,0,0,0
2020-02-17,Marin,041,260295,0,0,0,0,0
2020-02-17,Mariposa,043,17540,0,0,0,0,0
2020-02-17,Mendocino,045,87422,0,0,0,0,0
2020-02-17,Merced,047,269075,0,0,0,0,0
2020-02-17,Modoc,049,8938,0,0,0,0,0
2020-02-17,Mono,051,14174,0,0,0,0,0
2020-02-17,Monterey,053,433212,1,0,0,0,0
2020-02-17,Napa,055,140530,0,0,0,0,0
2020-02-17,Nevada,057,99092,0,0,1,1,0
2020-02-17,Orange,059,3164182,39,1,0,1,0
2020-02-17,Placer,061,380077,0,0,0,0,0
2020-02-17,Plumas,063,18699,0,0,0,0,0
2020-02-17,Riverside,065,2383286,5,0,0,0,0
2020-02-17,Sacramento,067,1510023,2,0,0,0,0
2020-02-17,San Benito,069,59416,0,2,0,2,0
2020-02-17,San Bernardino,071,2135413,11,0,0,0,0
2020-02-17,San Diego,073,3302833,4,2,0,2,0
2020-02-17,San Francisco,075,870044,2,0,0,0,0
2020-02-17,San Joaquin,077,732212,1,0,1,1,0
2020-02-17,San Luis Obispo,079,281455,1,0,0,0,0
2020-02-17,San Mateo,081,765935,5,0,0,0,0
2020-02-17,Santa Barbara,083,443738,0,0,0,0,0
2020-02-17,Santa Clara,085,1922200,12,2,1,3,0
2020-02-17,Santa Cruz,087,273765,0,0,0,0,0
2020-02-17,Shasta,089,179085,0,0,0,0,0
2020-02-17,Sierra,091,2930,0,0,0,0,0
2020-02-17,Siskiyou,093,43540,0,0,0,0,0
2020-02-17,Solano,095,438530,3,5,0,5,0
2020-02-17,Sonoma,097,501317,1,0,0,0,0
2020-02-17,Stanislaus,099,539301,1,0,2,2,0
2020-02-17,Sutter,101,95872,0,0,0,0,0
2020-02-17,Tehama,103,63373,0,0,0,0,0
2020-02-17,Trinity,105,12862,0,0,0,0,0
2020-02-17,Tulare,107,460477,2,0,0,0,0
2020-02-17,Tuolumne,109,53932,0,0,0,0,0
2020-02-17,Ventura,111,848112,2,0,0,0,0
2020-02-17,Yolo,113,214977,0,0,0,0,0
2020-02-17,Yuba,115,75493,0,0,0,0,0
2020-02-16,Alameda,001,1643700,5,0,0,0,0
2020-02-16,Alpine,003,1148,0,0,0,0,0
2020-02-16,Amador,005,37829,0,0,0,0,0
2020-02-16,Butte,007,227075,0,0,0,0,0
2020-02-16,Calaveras,009,45235,0,0,0,0,0
2020-02-16,Colusa,011,21464,0,0,0,0,0
2020-02-16,Contra Costa,013,1133247,3,0,0,0,0
2020-02-16,Del Norte,015,27424,0,0,0,0,0
2020-02-16,El Dorado,017,186661,0,0,0,0,0
2020-02-16,Fresno,019,978130,0,0,0,0,0
2020-02-16,Glenn,021,27897,0,0,0,0,0
2020-02-16,Humboldt,023,135768,1,0,0,0,0
2020-02-16,Imperial,025,180216,1,0,0,0,0
2020-02-16,Inyo,027,18085,0,0,0,0,0
2020-02-16,Kern,029,883053,2,0,0,0,0
2020-02-16,Kings,031,150075,3,0,0,0,0
2020-02-16,Lake,033,64148,0,0,0,0,0
2020-02-16,Lassen,035,31185,0,0,0,0,0
2020-02-16,Los Angeles,037,10098052,42,1,4,5,0
2020-02-16,Madera,039,155013,0,0,0,0,0
2020-02-16,Marin,041,260295,0,0,0,0,0
2020-02-16,Mariposa,043,17540,0,0,0,0,0
2020-02-16,Mendocino,045,87422,0,0,0,0,0
2020-02-16,Merced,047,269075,0,0,0,0,0
2020-02-16,Modoc,049,8938,0,0,0,0,0
2020-02-16,Mono,051,14174,0,0,0,0,0
2020-02-16,Monterey,053,433212,1,0,0,0,0
2020-02-16,Napa,055,140530,0,0,0,0,0
2020-02-16,Nevada,057,99092,0,0,0,0,0
2020-02-16,Orange,059,3164182,38,1,0,1,0
2020-02-16,Placer,061,380077,0,0,0,0,0
2020-02-16,Plumas,063,18699,0,0,0,0,0
2020-02-16,Riverside,065,2383286,5,0,0,0,0
2020-02-16,Sacramento,067,1510023,2,0,0,0,0
2020-02-16,San Benito,069,59416,0,2,0,2,0
2020-02-16,San Bernardino,071,2135413,10,0,0,0,0
2020-02-16,San Diego,073,3302833,4,2,0,2,0
2020-02-16,San Francisco,075,870044,2,0,0,0,0
2020-02-16,San Joaquin,077,732212,1,0,1,1,0
2020-02-16,San Luis Obispo,079,281455,1,0,0,0,0
2020-02-16,San Mateo,081,765935,4,0,0,0,0
2020-02-16,Santa Barbara,083,443738,0,0,0,0,0
2020-02-16,Santa Clara,085,1922200,10,2,1,3,0
2020-02-16,Santa Cruz,087,273765,0,0,0,0,0
2020-02-16,Shasta,089,179085,0,0,0,0,0
2020-02-16,Sierra,091,2930,0,0,0,0,0
2020-02-16,Siskiyou,093,43540,0,0,0,0,0
2020-02-16,Solano,095,438530,1,0,0,0,0
2020-02-16,Sonoma,097,501317,1,0,0,0,0
2020-02-16,Stanislaus,099,539301,1,0,2,2,0
2020-02-16,Sutter,101,95872,0,0,0,0,0
2020-02-16,Tehama,103,63373,0,0,0,0,0
2020-02-16,Trinity,105,12862,0,0,0,0,0
2020-02-16,Tulare,107,460477,2,0,0,0,0
2020-02-16,Tuolumne,109,53932,0,0,0,0,0
2020-02-16,Ventura,111,848112,2,0,0,0,0
2020-02-16,Yolo,113,214977,0,0,0,0,0
2020-02-16,Yuba,115,75493,0,0,0,0,0
2020-02-15,Alameda,001,1643700,5,0,0,0,0
2020-02-15,Alpine,003,1148,0,0,0,0,0
2020-02-15,Amador,005,37829,0,0,0,0,0
2020-02-15,Butte,007,227075,0,0,0,0,0
2020-02-15,Calaveras,009,45235,0,0,0,0,0
2020-02-15,Colusa,011,21464,0,0,0,0,0
2020-02-15,Contra Costa,013,1133247,3,0,0,0,0
2020-02-15,Del Norte,015,27424,0,0,0,0,0
2020-02-15,El Dorado,017,186661,0,0,0,0,0
2020-02-15,Fresno,019,978130,0,0,0,0,0
2020-02-15,Glenn,021,27897,0,0,0,0,0
2020-02-15,Humboldt,023,135768,1,0,0,0,0
2020-02-15,Imperial,025,180216,1,0,0,0,0
2020-02-15,Inyo,027,18085,0,0,0,0,0
2020-02-15,Kern,029,883053,2,0,0,0,0
2020-02-15,Kings,031,150075,3,0,0,0,0
2020-02-15,Lake,033,64148,0,0,0,0,0
2020-02-15,Lassen,035,31185,0,0,0,0,0
2020-02-15,Los Angeles,037,10098052,39,1,4,5,0
2020-02-15,Madera,039,155013,0,0,0,0,0
2020-02-15,Marin,041,260295,0,0,0,0,0
2020-02-15,Mariposa,043,17540,0,0,0,0,0
2020-02-15,Mendocino,045,87422,0,0,0,0,0
2020-02-15,Merced,047,269075,0,0,0,0,0
2020-02-15,Modoc,049,8938,0,0,0,0,0
2020-02-15,Mono,051,14174,0,0,0,0,0
2020-02-15,Monterey,053,433212,1,0,0,0,0
2020-02-15,Napa,055,140530,0,0,0,0,0
2020-02-15,Nevada,057,99092,0,0,0,0,0
2020-02-15,Orange,059,3164182,37,1,0,1,0
2020-02-15,Placer,061,380077,0,0,0,0,0
2020-02-15,Plumas,063,18699,0,0,0,0,0
2020-02-15,Riverside,065,2383286,4,0,0,0,0
2020-02-15,Sacramento,067,1510023,2,0,0,0,0
2020-02-15,San Benito,069,59416,0,2,0,2,0
2020-02-15,San Bernardino,071,2135413,9,0,0,0,0
2020-02-15,San Diego,073,3302833,4,2,0,2,0
2020-02-15,San Francisco,075,870044,2,0,0,0,0
2020-02-15,San Joaquin,077,732212,1,0,1,1,0
2020-02-15,San Luis Obispo,079,281455,1,0,0,0,0
2020-02-15,San Mateo,081,765935,4,0,0,0,0
2020-02-15,Santa Barbara,083,443738,0,0,0,0,0
2020-02-15,Santa Clara,085,1922200,10,2,1,3,0
2020-02-15,Santa Cruz,087,273765,0,0,0,0,0
2020-02-15,Shasta,089,179085,0,0,0,0,0
2020-02-15,Sierra,091,2930,0,0,0,0,0
2020-02-15,Siskiyou,093,43540,0,0,0,0,0
2020-02-15,Solano,095,438530,1,0,0,0,0
2020-02-15,Sonoma,097,501317,0,0,0,0,0
2020-02-15,Stanislaus,099,539301,1,0,2,2,0
2020-02-15,Sutter,101,95872,0,0,0,0,0
2020-02-15,Tehama,103,63373,0,0,0,0,0
2020-02-15,Trinity,105,12862,0,0,0,0,0
2020-02-15,Tulare,107,460477,2,0,0,0,0
2020-02-15,Tuolumne,109,53932,0,0,0,0,0
2020-02-15,Ventura,111,848112,2,0,0,0,0
2020-02-15,Yolo,113,214977,0,0,0,0,0
2020-02-15,Yuba,115,75493,0,0,0,0,0
2020-02-14,Alameda,001,1643700,4,0,0,0,0
2020-02-14,Alpine,003,1148,0,0,0,0,0
2020-02-14,Amador,005,37829,0,0,0,0,0
2020-02-14,Butte,007,227075,0,0,0,0,0
2020-02-14,Calaveras,009,45235,0,0,0,0,0
2020-02-14,Colusa,011,21464,0,0,0,0,0
2020-02-14,Contra Costa,013,1133247,3,0,0,0,0
2020-02-14,Del Norte,015,27424,0,0,0,0,0
2020-02-14,El Dorado,017,186661,0,0,0,0,0
2020-02-14,Fresno,019,978130,0,0,0,0,0
2020-02-14,Glenn,021,27897,0,0,0,0,0
2020-02-14,Humboldt,023,135768,1,0,0,0,0
2020-02-14,Imperial,025,180216,1,0,0,0,0
2020-02-14,Inyo,027,18085,0,0,0,0,0
2020-02-14,Kern,029,883053,2,0,0,0,0
2020-02-14,Kings,031,150075,1,0,0,0,0
2020-02-14,Lake,033,64148,0,0,0,0,0
2020-02-14,Lassen,035,31185,0,0,0,0,0
2020-02-14,Los Angeles,037,10098052,34,1,4,5,0
2020-02-14,Madera,039,155013,0,0,0,0,0
2020-02-14,Marin,041,260295,0,0,0,0,0
2020-02-14,Mariposa,043,17540,0,0,0,0,0
2020-02-14,Mendocino,045,87422,0,0,0,0,0
2020-02-14,Merced,047,269075,0,0,0,0,0
2020-02-14,Modoc,049,8938,0,0,0,0,0
2020-02-14,Mono,051,14174,0,0,0,0,0
2020-02-14,Monterey,053,433212,1,0,0,0,0
2020-02-14,Napa,055,140530,0,0,0,0,0
2020-02-14,Nevada,057,99092,0,0,0,0,0
2020-02-14,Orange,059,3164182,37,1,0,1,0
2020-02-14,Placer,061,380077,0,0,0,0,0
2020-02-14,Plumas,063,18699,0,0,0,0,0
2020-02-14,Riverside,065,2383286,4,0,0,0,0
2020-02-14,Sacramento,067,1510023,1,0,0,0,0
2020-02-14,San Benito,069,59416,0,2,0,2,0
2020-02-14,San Bernardino,071,2135413,9,0,0,0,0
2020-02-14,San Diego,073,3302833,3,2,0,2,0
2020-02-14,San Francisco,075,870044,2,0,0,0,0
2020-02-14,San Joaquin,077,732212,1,0,1,1,0
2020-02-14,San Luis Obispo,079,281455,0,0,0,0,0
2020-02-14,San Mateo,081,765935,3,0,0,0,0
2020-02-14,Santa Barbara,083,443738,0,0,0,0,0
2020-02-14,Santa Clara,085,1922200,8,2,1,3,0
2020-02-14,Santa Cruz,087,273765,0,0,0,0,0
2020-02-14,Shasta,089,179085,0,0,0,0,0
2020-02-14,Sierra,091,2930,0,0,0,0,0
2020-02-14,Siskiyou,093,43540,0,0,0,0,0
2020-02-14,Solano,095,438530,1,0,0,0,0
2020-02-14,Sonoma,097,501317,0,0,0,0,0
2020-02-14,Stanislaus,099,539301,1,0,2,2,0
2020-02-14,Sutter,101,95872,0,0,0,0,0
2020-02-14,Tehama,103,63373,0,0,0,0,0
2020-02-14,Trinity,105,12862,0,0,0,0,0
2020-02-14,Tulare,107,460477,2,0,0,0,0
2020-02-14,Tuolumne,109,53932,0,0,0,0,0
2020-02-14,Ventura,111,848112,2,0,0,0,0
2020-02-14,Yolo,113,214977,0,0,0,0,0
2020-02-14,Yuba,115,75493,0,0,0,0,0
2020-02-13,Alameda,001,1643700,4,0,0,0,0
2020-02-13,Alpine,003,1148,0,0,0,0,0
2020-02-13,Amador,005,37829,0,0,0,0,0
2020-02-13,Butte,007,227075,0,0,0,0,0
2020-02-13,Calaveras,009,45235,0,0,0,0,0
2020-02-13,Colusa,011,21464,0,0,0,0,0
2020-02-13,Contra Costa,013,1133247,3,0,0,0,0
2020-02-13,Del Norte,015,27424,0,0,0,0,0
2020-02-13,El Dorado,017,186661,0,0,0,0,0
2020-02-13,Fresno,019,978130,0,0,0,0,0
2020-02-13,Glenn,021,27897,0,0,0,0,0
2020-02-13,Humboldt,023,135768,1,0,0,0,0
2020-02-13,Imperial,025,180216,1,0,0,0,0
2020-02-13,Inyo,027,18085,0,0,0,0,0
2020-02-13,Kern,029,883053,2,0,0,0,0
2020-02-13,Kings,031,150075,1,0,0,0,0
2020-02-13,Lake,033,64148,0,0,0,0,0
2020-02-13,Lassen,035,31185,0,0,0,0,0
2020-02-13,Los Angeles,037,10098052,31,1,3,4,0
2020-02-13,Madera,039,155013,0,0,0,0,0
2020-02-13,Marin,041,260295,0,0,0,0,0
2020-02-13,Mariposa,043,17540,0,0,0,0,0
2020-02-13,Mendocino,045,87422,0,0,0,0,0
2020-02-13,Merced,047,269075,0,0,0,0,0
2020-02-13,Modoc,049,8938,0,0,0,0,0
2020-02-13,Mono,051,14174,0,0,0,0,0
2020-02-13,Monterey,053,433212,1,0,0,0,0
2020-02-13,Napa,055,140530,0,0,0,0,0
2020-02-13,Nevada,057,99092,0,0,0,0,0
2020-02-13,Orange,059,3164182,36,1,0,1,0
2020-02-13,Placer,061,380077,0,0,0,0,0
2020-02-13,Plumas,063,18699,0,0,0,0,0
2020-02-13,Riverside,065,2383286,4,0,0,0,0
2020-02-13,Sacramento,067,1510023,1,0,0,0,0
2020-02-13,San Benito,069,59416,0,2,0,2,0
2020-02-13,San Bernardino,071,2135413,8,0,0,0,0
2020-02-13,San Diego,073,3302833,2,2,0,2,0
2020-02-13,San Francisco,075,870044,2,0,0,0,0
2020-02-13,San Joaquin,077,732212,1,0,1,1,0
2020-02-13,San Luis Obispo,079,281455,0,0,0,0,0
2020-02-13,San Mateo,081,765935,2,0,0,0,0
2020-02-13,Santa Barbara,083,443738,0,0,0,0,0
2020-02-13,Santa Clara,085,1922200,7,2,0,2,0
2020-02-13,Santa Cruz,087,273765,0,0,0,0,0
2020-02-13,Shasta,089,179085,0,0,0,0,0
2020-02-13,Sierra,091,2930,0,0,0,0,0
2020-02-13,Siskiyou,093,43540,0,0,0,0,0
2020-02-13,Solano,095,438530,0,0,0,0,0
2020-02-13,Sonoma,097,501317,0,0,0,0,0
2020-02-13,Stanislaus,099,539301,1,0,1,1,0
2020-02-13,Sutter,101,95872,0,0,0,0,0
2020-02-13,Tehama,103,63373,0,0,0,0,0
2020-02-13,Trinity,105,12862,0,0,0,0,0
2020-02-13,Tulare,107,460477,2,0,0,0,0
2020-02-13,Tuolumne,109,53932,0,0,0,0,0
2020-02-13,Ventura,111,848112,2,0,0,0,0
2020-02-13,Yolo,113,214977,0,0,0,0,0
2020-02-13,Yuba,115,75493,0,0,0,0,0
2020-02-12,Alameda,001,1643700,4,0,0,0,0
2020-02-12,Alpine,003,1148,0,0,0,0,0
2020-02-12,Amador,005,37829,0,0,0,0,0
2020-02-12,Butte,007,227075,0,0,0,0,0
2020-02-12,Calaveras,009,45235,0,0,0,0,0
2020-02-12,Colusa,011,21464,0,0,0,0,0
2020-02-12,Contra Costa,013,1133247,3,0,0,0,0
2020-02-12,Del Norte,015,27424,0,0,0,0,0
2020-02-12,El Dorado,017,186661,0,0,0,0,0
2020-02-12,Fresno,019,978130,0,0,0,0,0
2020-02-12,Glenn,021,27897,0,0,0,0,0
2020-02-12,Humboldt,023,135768,1,0,0,0,0
2020-02-12,Imperial,025,180216,1,0,0,0,0
2020-02-12,Inyo,027,18085,0,0,0,0,0
2020-02-12,Kern,029,883053,2,0,0,0,0
2020-02-12,Kings,031,150075,1,0,0,0,0
2020-02-12,Lake,033,64148,0,0,0,0,0
2020-02-12,Lassen,035,31185,0,0,0,0,0
2020-02-12,Los Angeles,037,10098052,30,1,3,4,0
2020-02-12,Madera,039,155013,0,0,0,0,0
2020-02-12,Marin,041,260295,0,0,0,0,0
2020-02-12,Mariposa,043,17540,0,0,0,0,0
2020-02-12,Mendocino,045,87422,0,0,0,0,0
2020-02-12,Merced,047,269075,0,0,0,0,0
2020-02-12,Modoc,049,8938,0,0,0,0,0
2020-02-12,Mono,051,14174,0,0,0,0,0
2020-02-12,Monterey,053,433212,1,0,0,0,0
2020-02-12,Napa,055,140530,0,0,0,0,0
2020-02-12,Nevada,057,99092,0,0,0,0,0
2020-02-12,Orange,059,3164182,36,1,0,1,0
2020-02-12,Placer,061,380077,0,0,0,0,0
2020-02-12,Plumas,063,18699,0,0,0,0,0
2020-02-12,Riverside,065,2383286,4,0,0,0,0
2020-02-12,Sacramento,067,1510023,1,0,0,0,0
2020-02-12,San Benito,069,59416,0,2,0,2,0
2020-02-12,San Bernardino,071,2135413,8,0,0,0,0
2020-02-12,San Diego,073,3302833,2,2,0,2,0
2020-02-12,San Francisco,075,870044,2,0,0,0,0
2020-02-12,San Joaquin,077,732212,1,0,1,1,0
2020-02-12,San Luis Obispo,079,281455,0,0,0,0,0
2020-02-12,San Mateo,081,765935,2,0,0,0,0
2020-02-12,Santa Barbara,083,443738,0,0,0,0,0
2020-02-12,Santa Clara,085,1922200,6,2,0,2,0
2020-02-12,Santa Cruz,087,273765,0,0,0,0,0
2020-02-12,Shasta,089,179085,0,0,0,0,0
2020-02-12,Sierra,091,2930,0,0,0,0,0
2020-02-12,Siskiyou,093,43540,0,0,0,0,0
2020-02-12,Solano,095,438530,0,0,0,0,0
2020-02-12,Sonoma,097,501317,0,0,0,0,0
2020-02-12,Stanislaus,099,539301,1,0,1,1,0
2020-02-12,Sutter,101,95872,0,0,0,0,0
2020-02-12,Tehama,103,63373,0,0,0,0,0
2020-02-12,Trinity,105,12862,0,0,0,0,0
2020-02-12,Tulare,107,460477,2,0,0,0,0
2020-02-12,Tuolumne,109,53932,0,0,0,0,0
2020-02-12,Ventura,111,848112,2,0,0,0,0
2020-02-12,Yolo,113,214977,0,0,0,0,0
2020-02-12,Yuba,115,75493,0,0,0,0,0
2020-02-11,Alameda,001,1643700,4,0,0,0,0
2020-02-11,Alpine,003,1148,0,0,0,0,0
2020-02-11,Amador,005,37829,0,0,0,0,0
2020-02-11,Butte,007,227075,0,0,0,0,0
2020-02-11,Calaveras,009,45235,0,0,0,0,0
2020-02-11,Colusa,011,21464,0,0,0,0,0
2020-02-11,Contra Costa,013,1133247,3,0,0,0,0
2020-02-11,Del Norte,015,27424,0,0,0,0,0
2020-02-11,El Dorado,017,186661,0,0,0,0,0
2020-02-11,Fresno,019,978130,0,0,0,0,0
2020-02-11,Glenn,021,27897,0,0,0,0,0
2020-02-11,Humboldt,023,135768,1,0,0,0,0
2020-02-11,Imperial,025,180216,1,0,0,0,0
2020-02-11,Inyo,027,18085,0,0,0,0,0
2020-02-11,Kern,029,883053,2,0,0,0,0
2020-02-11,Kings,031,150075,1,0,0,0,0
2020-02-11,Lake,033,64148,0,0,0,0,0
2020-02-11,Lassen,035,31185,0,0,0,0,0
2020-02-11,Los Angeles,037,10098052,30,1,3,4,0
2020-02-11,Madera,039,155013,0,0,0,0,0
2020-02-11,Marin,041,260295,0,0,0,0,0
2020-02-11,Mariposa,043,17540,0,0,0,0,0
2020-02-11,Mendocino,045,87422,0,0,0,0,0
2020-02-11,Merced,047,269075,0,0,0,0,0
2020-02-11,Modoc,049,8938,0,0,0,0,0
2020-02-11,Mono,051,14174,0,0,0,0,0
2020-02-11,Monterey,053,433212,1,0,0,0,0
2020-02-11,Napa,055,140530,0,0,0,0,0
2020-02-11,Nevada,057,99092,0,0,0,0,0
2020-02-11,Orange,059,3164182,35,1,0,1,0
2020-02-11,Placer,061,380077,0,0,0,0,0
2020-02-11,Plumas,063,18699,0,0,0,0,0
2020-02-11,Riverside,065,2383286,4,0,0,0,0
2020-02-11,Sacramento,067,1510023,1,0,0,0,0
2020-02-11,San Benito,069,59416,0,2,0,2,0
2020-02-11,San Bernardino,071,2135413,8,0,0,0,0
2020-02-11,San Diego,073,3302833,2,1,0,1,0
2020-02-11,San Francisco,075,870044,2,0,0,0,0
2020-02-11,San Joaquin,077,732212,0,0,1,1,0
2020-02-11,San Luis Obispo,079,281455,0,0,0,0,0
2020-02-11,San Mateo,081,765935,2,0,0,0,0
2020-02-11,Santa Barbara,083,443738,0,0,0,0,0
2020-02-11,Santa Clara,085,1922200,5,2,0,2,0
2020-02-11,Santa Cruz,087,273765,0,0,0,0,0
2020-02-11,Shasta,089,179085,0,0,0,0,0
2020-02-11,Sierra,091,2930,0,0,0,0,0
2020-02-11,Siskiyou,093,43540,0,0,0,0,0
2020-02-11,Solano,095,438530,0,0,0,0,0
2020-02-11,Sonoma,097,501317,0,0,0,0,0
2020-02-11,Stanislaus,099,539301,1,0,1,1,0
2020-02-11,Sutter,101,95872,0,0,0,0,0
2020-02-11,Tehama,103,63373,0,0,0,0,0
2020-02-11,Trinity,105,12862,0,0,0,0,0
2020-02-11,Tulare,107,460477,2,0,0,0,0
2020-02-11,Tuolumne,109,53932,0,0,0,0,0
2020-02-11,Ventura,111,848112,2,0,0,0,0
2020-02-11,Yolo,113,214977,0,0,0,0,0
2020-02-11,Yuba,115,75493,0,0,0,0,0
2020-02-10,Alameda,001,1643700,4,0,0,0,0
2020-02-10,Alpine,003,1148,0,0,0,0,0
2020-02-10,Amador,005,37829,0,0,0,0,0
2020-02-10,Butte,007,227075,0,0,0,0,0
2020-02-10,Calaveras,009,45235,0,0,0,0,0
2020-02-10,Colusa,011,21464,0,0,0,0,0
2020-02-10,Contra Costa,013,1133247,3,0,0,0,0
2020-02-10,Del Norte,015,27424,0,0,0,0,0
2020-02-10,El Dorado,017,186661,0,0,0,0,0
2020-02-10,Fresno,019,978130,0,0,0,0,0
2020-02-10,Glenn,021,27897,0,0,0,0,0
2020-02-10,Humboldt,023,135768,0,0,0,0,0
2020-02-10,Imperial,025,180216,1,0,0,0,0
2020-02-10,Inyo,027,18085,0,0,0,0,0
2020-02-10,Kern,029,883053,2,0,0,0,0
2020-02-10,Kings,031,150075,1,0,0,0,0
2020-02-10,Lake,033,64148,0,0,0,0,0
2020-02-10,Lassen,035,31185,0,0,0,0,0
2020-02-10,Los Angeles,037,10098052,28,1,3,4,0
2020-02-10,Madera,039,155013,0,0,0,0,0
2020-02-10,Marin,041,260295,0,0,0,0,0
2020-02-10,Mariposa,043,17540,0,0,0,0,0
2020-02-10,Mendocino,045,87422,0,0,0,0,0
2020-02-10,Merced,047,269075,0,0,0,0,0
2020-02-10,Modoc,049,8938,0,0,0,0,0
2020-02-10,Mono,051,14174,0,0,0,0,0
2020-02-10,Monterey,053,433212,1,0,0,0,0
2020-02-10,Napa,055,140530,0,0,0,0,0
2020-02-10,Nevada,057,99092,0,0,0,0,0
2020-02-10,Orange,059,3164182,35,1,0,1,0
2020-02-10,Placer,061,380077,0,0,0,0,0
2020-02-10,Plumas,063,18699,0,0,0,0,0
2020-02-10,Riverside,065,2383286,4,0,0,0,0
2020-02-10,Sacramento,067,1510023,1,0,0,0,0
2020-02-10,San Benito,069,59416,0,2,0,2,0
2020-02-10,San Bernardino,071,2135413,7,0,0,0,0
2020-02-10,San Diego,073,3302833,2,0,0,0,0
2020-02-10,San Francisco,075,870044,2,0,0,0,0
2020-02-10,San Joaquin,077,732212,0,0,1,1,0
2020-02-10,San Luis Obispo,079,281455,0,0,0,0,0
2020-02-10,San Mateo,081,765935,2,0,0,0,0
2020-02-10,Santa Barbara,083,443738,0,0,0,0,0
2020-02-10,Santa Clara,085,1922200,5,2,0,2,0
2020-02-10,Santa Cruz,087,273765,0,0,0,0,0
2020-02-10,Shasta,089,179085,0,0,0,0,0
2020-02-10,Sierra,091,2930,0,0,0,0,0
2020-02-10,Siskiyou,093,43540,0,0,0,0,0
2020-02-10,Solano,095,438530,0,0,0,0,0
2020-02-10,Sonoma,097,501317,0,0,0,0,0
2020-02-10,Stanislaus,099,539301,1,0,0,0,0
2020-02-10,Sutter,101,95872,0,0,0,0,0
2020-02-10,Tehama,103,63373,0,0,0,0,0
2020-02-10,Trinity,105,12862,0,0,0,0,0
2020-02-10,Tulare,107,460477,2,0,0,0,0
2020-02-10,Tuolumne,109,53932,0,0,0,0,0
2020-02-10,Ventura,111,848112,2,0,0,0,0
2020-02-10,Yolo,113,214977,0,0,0,0,0
2020-02-10,Yuba,115,75493,0,0,0,0,0
2020-02-09,Alameda,001,1643700,4,0,0,0,0
2020-02-09,Alpine,003,1148,0,0,0,0,0
2020-02-09,Amador,005,37829,0,0,0,0,0
2020-02-09,Butte,007,227075,0,0,0,0,0
2020-02-09,Calaveras,009,45235,0,0,0,0,0
2020-02-09,Colusa,011,21464,0,0,0,0,0
2020-02-09,Contra Costa,013,1133247,3,0,0,0,0
2020-02-09,Del Norte,015,27424,0,0,0,0,0
2020-02-09,El Dorado,017,186661,0,0,0,0,0
2020-02-09,Fresno,019,978130,0,0,0,0,0
2020-02-09,Glenn,021,27897,0,0,0,0,0
2020-02-09,Humboldt,023,135768,0,0,0,0,0
2020-02-09,Imperial,025,180216,1,0,0,0,0
2020-02-09,Inyo,027,18085,0,0,0,0,0
2020-02-09,Kern,029,883053,2,0,0,0,0
2020-02-09,Kings,031,150075,1,0,0,0,0
2020-02-09,Lake,033,64148,0,0,0,0,0
2020-02-09,Lassen,035,31185,0,0,0,0,0
2020-02-09,Los Angeles,037,10098052,27,1,3,4,0
2020-02-09,Madera,039,155013,0,0,0,0,0
2020-02-09,Marin,041,260295,0,0,0,0,0
2020-02-09,Mariposa,043,17540,0,0,0,0,0
2020-02-09,Mendocino,045,87422,0,0,0,0,0
2020-02-09,Merced,047,269075,0,0,0,0,0
2020-02-09,Modoc,049,8938,0,0,0,0,0
2020-02-09,Mono,051,14174,0,0,0,0,0
2020-02-09,Monterey,053,433212,1,0,0,0,0
2020-02-09,Napa,055,140530,0,0,0,0,0
2020-02-09,Nevada,057,99092,0,0,0,0,0
2020-02-09,Orange,059,3164182,35,1,0,1,0
2020-02-09,Placer,061,380077,0,0,0,0,0
2020-02-09,Plumas,063,18699,0,0,0,0,0
2020-02-09,Riverside,065,2383286,4,0,0,0,0
2020-02-09,Sacramento,067,1510023,0,0,0,0,0
2020-02-09,San Benito,069,59416,0,2,0,2,0
2020-02-09,San Bernardino,071,2135413,7,0,0,0,0
2020-02-09,San Diego,073,3302833,2,0,0,0,0
2020-02-09,San Francisco,075,870044,1,0,0,0,0
2020-02-09,San Joaquin,077,732212,0,0,1,1,0
2020-02-09,San Luis Obispo,079,281455,0,0,0,0,0
2020-02-09,San Mateo,081,765935,2,0,0,0,0
2020-02-09,Santa Barbara,083,443738,0,0,0,0,0
2020-02-09,Santa Clara,085,1922200,4,2,0,2,0
2020-02-09,Santa Cruz,087,273765,0,0,0,0,0
2020-02-09,Shasta,089,179085,0,0,0,0,0
2020-02-09,Sierra,091,2930,0,0,0,0,0
2020-02-09,Siskiyou,093,43540,0,0,0,0,0
2020-02-09,Solano,095,438530,0,0,0,0,0
2020-02-09,Sonoma,097,501317,0,0,0,0,0
2020-02-09,Stanislaus,099,539301,0,0,0,0,0
2020-02-09,Sutter,101,95872,0,0,0,0,0
2020-02-09,Tehama,103,63373,0,0,0,0,0
2020-02-09,Trinity,105,12862,0,0,0,0,0
2020-02-09,Tulare,107,460477,2,0,0,0,0
2020-02-09,Tuolumne,109,53932,0,0,0,0,0
2020-02-09,Ventura,111,848112,1,0,0,0,0
2020-02-09,Yolo,113,214977,0,0,0,0,0
2020-02-09,Yuba,115,75493,0,0,0,0,0
2020-02-08,Alameda,001,1643700,3,0,0,0,0
2020-02-08,Alpine,003,1148,0,0,0,0,0
2020-02-08,Amador,005,37829,0,0,0,0,0
2020-02-08,Butte,007,227075,0,0,0,0,0
2020-02-08,Calaveras,009,45235,0,0,0,0,0
2020-02-08,Colusa,011,21464,0,0,0,0,0
2020-02-08,Contra Costa,013,1133247,2,0,0,0,0
2020-02-08,Del Norte,015,27424,0,0,0,0,0
2020-02-08,El Dorado,017,186661,0,0,0,0,0
2020-02-08,Fresno,019,978130,0,0,0,0,0
2020-02-08,Glenn,021,27897,0,0,0,0,0
2020-02-08,Humboldt,023,135768,0,0,0,0,0
2020-02-08,Imperial,025,180216,1,0,0,0,0
2020-02-08,Inyo,027,18085,0,0,0,0,0
2020-02-08,Kern,029,883053,2,0,0,0,0
2020-02-08,Kings,031,150075,1,0,0,0,0
2020-02-08,Lake,033,64148,0,0,0,0,0
2020-02-08,Lassen,035,31185,0,0,0,0,0
2020-02-08,Los Angeles,037,10098052,23,1,1,2,0
2020-02-08,Madera,039,155013,0,0,0,0,0
2020-02-08,Marin,041,260295,0,0,0,0,0
2020-02-08,Mariposa,043,17540,0,0,0,0,0
2020-02-08,Mendocino,045,87422,0,0,0,0,0
2020-02-08,Merced,047,269075,0,0,0,0,0
2020-02-08,Modoc,049,8938,0,0,0,0,0
2020-02-08,Mono,051,14174,0,0,0,0,0
2020-02-08,Monterey,053,433212,1,0,0,0,0
2020-02-08,Napa,055,140530,0,0,0,0,0
2020-02-08,Nevada,057,99092,0,0,0,0,0
2020-02-08,Orange,059,3164182,35,1,0,1,0
2020-02-08,Placer,061,380077,0,0,0,0,0
2020-02-08,Plumas,063,18699,0,0,0,0,0
2020-02-08,Riverside,065,2383286,4,0,0,0,0
2020-02-08,Sacramento,067,1510023,0,0,0,0,0
2020-02-08,San Benito,069,59416,0,2,0,2,0
2020-02-08,San Bernardino,071,2135413,7,0,0,0,0
2020-02-08,San Diego,073,3302833,1,0,0,0,0
2020-02-08,San Francisco,075,870044,1,0,0,0,0
2020-02-08,San Joaquin,077,732212,0,0,1,1,0
2020-02-08,San Luis Obispo,079,281455,0,0,0,0,0
2020-02-08,San Mateo,081,765935,2,0,0,0,0
2020-02-08,Santa Barbara,083,443738,0,0,0,0,0
2020-02-08,Santa Clara,085,1922200,4,2,0,2,0
2020-02-08,Santa Cruz,087,273765,0,0,0,0,0
2020-02-08,Shasta,089,179085,0,0,0,0,0
2020-02-08,Sierra,091,2930,0,0,0,0,0
2020-02-08,Siskiyou,093,43540,0,0,0,0,0
2020-02-08,Solano,095,438530,0,0,0,0,0
2020-02-08,Sonoma,097,501317,0,0,0,0,0
2020-02-08,Stanislaus,099,539301,0,0,0,0,0
2020-02-08,Sutter,101,95872,0,0,0,0,0
2020-02-08,Tehama,103,63373,0,0,0,0,0
2020-02-08,Trinity,105,12862,0,0,0,0,0
2020-02-08,Tulare,107,460477,2,0,0,0,0
2020-02-08,Tuolumne,109,53932,0,0,0,0,0
2020-02-08,Ventura,111,848112,1,0,0,0,0
2020-02-08,Yolo,113,214977,0,0,0,0,0
2020-02-08,Yuba,115,75493,0,0,0,0,0
2020-02-07,Alameda,001,1643700,3,0,0,0,0
2020-02-07,Alpine,003,1148,0,0,0,0,0
2020-02-07,Amador,005,37829,0,0,0,0,0
2020-02-07,Butte,007,227075,0,0,0,0,0
2020-02-07,Calaveras,009,45235,0,0,0,0,0
2020-02-07,Colusa,011,21464,0,0,0,0,0
2020-02-07,Contra Costa,013,1133247,2,0,0,0,0
2020-02-07,Del Norte,015,27424,0,0,0,0,0
2020-02-07,El Dorado,017,186661,0,0,0,0,0
2020-02-07,Fresno,019,978130,0,0,0,0,0
2020-02-07,Glenn,021,27897,0,0,0,0,0
2020-02-07,Humboldt,023,135768,0,0,0,0,0
2020-02-07,Imperial,025,180216,1,0,0,0,0
2020-02-07,Inyo,027,18085,0,0,0,0,0
2020-02-07,Kern,029,883053,2,0,0,0,0
2020-02-07,Kings,031,150075,1,0,0,0,0
2020-02-07,Lake,033,64148,0,0,0,0,0
2020-02-07,Lassen,035,31185,0,0,0,0,0
2020-02-07,Los Angeles,037,10098052,22,1,0,1,0
2020-02-07,Madera,039,155013,0,0,0,0,0
2020-02-07,Marin,041,260295,0,0,0,0,0
2020-02-07,Mariposa,043,17540,0,0,0,0,0
2020-02-07,Mendocino,045,87422,0,0,0,0,0
2020-02-07,Merced,047,269075,0,0,0,0,0
2020-02-07,Modoc,049,8938,0,0,0,0,0
2020-02-07,Mono,051,14174,0,0,0,0,0
2020-02-07,Monterey,053,433212,1,0,0,0,0
2020-02-07,Napa,055,140530,0,0,0,0,0
2020-02-07,Nevada,057,99092,0,0,0,0,0
2020-02-07,Orange,059,3164182,33,1,0,1,0
2020-02-07,Placer,061,380077,0,0,0,0,0
2020-02-07,Plumas,063,18699,0,0,0,0,0
2020-02-07,Riverside,065,2383286,4,0,0,0,0
2020-02-07,Sacramento,067,1510023,0,0,0,0,0
2020-02-07,San Benito,069,59416,0,2,0,2,0
2020-02-07,San Bernardino,071,2135413,4,0,0,0,0
2020-02-07,San Diego,073,3302833,1,0,0,0,0
2020-02-07,San Francisco,075,870044,1,0,0,0,0
2020-02-07,San Joaquin,077,732212,0,0,1,1,0
2020-02-07,San Luis Obispo,079,281455,0,0,0,0,0
2020-02-07,San Mateo,081,765935,1,0,0,0,0
2020-02-07,Santa Barbara,083,443738,0,0,0,0,0
2020-02-07,Santa Clara,085,1922200,4,2,0,2,0
2020-02-07,Santa Cruz,087,273765,0,0,0,0,0
2020-02-07,Shasta,089,179085,0,0,0,0,0
2020-02-07,Sierra,091,2930,0,0,0,0,0
2020-02-07,Siskiyou,093,43540,0,0,0,0,0
2020-02-07,Solano,095,438530,0,0,0,0,0
2020-02-07,Sonoma,097,501317,0,0,0,0,0
2020-02-07,Stanislaus,099,539301,0,0,0,0,0
2020-02-07,Sutter,101,95872,0,0,0,0,0
2020-02-07,Tehama,103,63373,0,0,0,0,0
2020-02-07,Trinity,105,12862,0,0,0,0,0
2020-02-07,Tulare,107,460477,2,0,0,0,0
2020-02-07,Tuolumne,109,53932,0,0,0,0,0
2020-02-07,Ventura,111,848112,1,0,0,0,0
2020-02-07,Yolo,113,214977,0,0,0,0,0
2020-02-07,Yuba,115,75493,0,0,0,0,0
2020-02-06,Alameda,001,1643700,3,0,0,0,0
2020-02-06,Alpine,003,1148,0,0,0,0,0
2020-02-06,Amador,005,37829,0,0,0,0,0
2020-02-06,Butte,007,227075,0,0,0,0,0
2020-02-06,Calaveras,009,45235,0,0,0,0,0
2020-02-06,Colusa,011,21464,0,0,0,0,0
2020-02-06,Contra Costa,013,1133247,2,0,0,0,0
2020-02-06,Del Norte,015,27424,0,0,0,0,0
2020-02-06,El Dorado,017,186661,0,0,0,0,0
2020-02-06,Fresno,019,978130,0,0,0,0,0
2020-02-06,Glenn,021,27897,0,0,0,0,0
2020-02-06,Humboldt,023,135768,0,0,0,0,0
2020-02-06,Imperial,025,180216,1,0,0,0,0
2020-02-06,Inyo,027,18085,0,0,0,0,0
2020-02-06,Kern,029,883053,2,0,0,0,0
2020-02-06,Kings,031,150075,0,0,0,0,0
2020-02-06,Lake,033,64148,0,0,0,0,0
2020-02-06,Lassen,035,31185,0,0,0,0,0
2020-02-06,Los Angeles,037,10098052,21,1,0,1,0
2020-02-06,Madera,039,155013,0,0,0,0,0
2020-02-06,Marin,041,260295,0,0,0,0,0
2020-02-06,Mariposa,043,17540,0,0,0,0,0
2020-02-06,Mendocino,045,87422,0,0,0,0,0
2020-02-06,Merced,047,269075,0,0,0,0,0
2020-02-06,Modoc,049,8938,0,0,0,0,0
2020-02-06,Mono,051,14174,0,0,0,0,0
2020-02-06,Monterey,053,433212,1,0,0,0,0
2020-02-06,Napa,055,140530,0,0,0,0,0
2020-02-06,Nevada,057,99092,0,0,0,0,0
2020-02-06,Orange,059,3164182,3,1,0,1,0
2020-02-06,Placer,061,380077,0,0,0,0,0
2020-02-06,Plumas,063,18699,0,0,0,0,0
2020-02-06,Riverside,065,2383286,4,0,0,0,0
2020-02-06,Sacramento,067,1510023,0,0,0,0,0
2020-02-06,San Benito,069,59416,0,2,0,2,0
2020-02-06,San Bernardino,071,2135413,4,0,0,0,0
2020-02-06,San Diego,073,3302833,1,0,0,0,0
2020-02-06,San Francisco,075,870044,1,0,0,0,0
2020-02-06,San Joaquin,077,732212,0,0,1,1,0
2020-02-06,San Luis Obispo,079,281455,0,0,0,0,0
2020-02-06,San Mateo,081,765935,1,0,0,0,0
2020-02-06,Santa Barbara,083,443738,0,0,0,0,0
2020-02-06,Santa Clara,085,1922200,4,2,0,2,0
2020-02-06,Santa Cruz,087,273765,0,0,0,0,0
2020-02-06,Shasta,089,179085,0,0,0,0,0
2020-02-06,Sierra,091,2930,0,0,0,0,0
2020-02-06,Siskiyou,093,43540,0,0,0,0,0
2020-02-06,Solano,095,438530,0,0,0,0,0
2020-02-06,Sonoma,097,501317,0,0,0,0,0
2020-02-06,Stanislaus,099,539301,0,0,0,0,0
2020-02-06,Sutter,101,95872,0,0,0,0,0
2020-02-06,Tehama,103,63373,0,0,0,0,0
2020-02-06,Trinity,105,12862,0,0,0,0,0
2020-02-06,Tulare,107,460477,2,0,0,0,0
2020-02-06,Tuolumne,109,53932,0,0,0,0,0
2020-02-06,Ventura,111,848112,1,0,0,0,0
2020-02-06,Yolo,113,214977,0,0,0,0,0
2020-02-06,Yuba,115,75493,0,0,0,0,0
2020-02-05,Alameda,001,1643700,3,0,0,0,0
2020-02-05,Alpine,003,1148,0,0,0,0,0
2020-02-05,Amador,005,37829,0,0,0,0,0
2020-02-05,Butte,007,227075,0,0,0,0,0
2020-02-05,Calaveras,009,45235,0,0,0,0,0
2020-02-05,Colusa,011,21464,0,0,0,0,0
2020-02-05,Contra Costa,013,1133247,2,0,0,0,0
2020-02-05,Del Norte,015,27424,0,0,0,0,0
2020-02-05,El Dorado,017,186661,0,0,0,0,0
2020-02-05,Fresno,019,978130,0,0,0,0,0
2020-02-05,Glenn,021,27897,0,0,0,0,0
2020-02-05,Humboldt,023,135768,0,0,0,0,0
2020-02-05,Imperial,025,180216,1,0,0,0,0
2020-02-05,Inyo,027,18085,0,0,0,0,0
2020-02-05,Kern,029,883053,1,0,0,0,0
2020-02-05,Kings,031,150075,0,0,0,0,0
2020-02-05,Lake,033,64148,0,0,0,0,0
2020-02-05,Lassen,035,31185,0,0,0,0,0
2020-02-05,Los Angeles,037,10098052,21,1,0,1,0
2020-02-05,Madera,039,155013,0,0,0,0,0
2020-02-05,Marin,041,260295,0,0,0,0,0
2020-02-05,Mariposa,043,17540,0,0,0,0,0
2020-02-05,Mendocino,045,87422,0,0,0,0,0
2020-02-05,Merced,047,269075,0,0,0,0,0
2020-02-05,Modoc,049,8938,0,0,0,0,0
2020-02-05,Mono,051,14174,0,0,0,0,0
2020-02-05,Monterey,053,433212,1,0,0,0,0
2020-02-05,Napa,055,140530,0,0,0,0,0
2020-02-05,Nevada,057,99092,0,0,0,0,0
2020-02-05,Orange,059,3164182,1,1,0,1,0
2020-02-05,Placer,061,380077,0,0,0,0,0
2020-02-05,Plumas,063,18699,0,0,0,0,0
2020-02-05,Riverside,065,2383286,4,0,0,0,0
2020-02-05,Sacramento,067,1510023,0,0,0,0,0
2020-02-05,San Benito,069,59416,0,2,0,2,0
2020-02-05,San Bernardino,071,2135413,4,0,0,0,0
2020-02-05,San Diego,073,3302833,0,0,0,0,0
2020-02-05,San Francisco,075,870044,1,0,0,0,0
2020-02-05,San Joaquin,077,732212,0,0,1,1,0
2020-02-05,San Luis Obispo,079,281455,0,0,0,0,0
2020-02-05,San Mateo,081,765935,1,0,0,0,0
2020-02-05,Santa Barbara,083,443738,0,0,0,0,0
2020-02-05,Santa Clara,085,1922200,2,2,0,2,0
2020-02-05,Santa Cruz,087,273765,0,0,0,0,0
2020-02-05,Shasta,089,179085,0,0,0,0,0
2020-02-05,Sierra,091,2930,0,0,0,0,0
2020-02-05,Siskiyou,093,43540,0,0,0,0,0
2020-02-05,Solano,095,438530,0,0,0,0,0
2020-02-05,Sonoma,097,501317,0,0,0,0,0
2020-02-05,Stanislaus,099,539301,0,0,0,0,0
2020-02-05,Sutter,101,95872,0,0,0,0,0
2020-02-05,Tehama,103,63373,0,0,0,0,0
2020-02-05,Trinity,105,12862,0,0,0,0,0
2020-02-05,Tulare,107,460477,2,0,0,0,0
2020-02-05,Tuolumne,109,53932,0,0,0,0,0
2020-02-05,Ventura,111,848112,0,0,0,0,0
2020-02-05,Yolo,113,214977,0,0,0,0,0
2020-02-05,Yuba,115,75493,0,0,0,0,0
2020-02-04,Alameda,001,1643700,3,0,0,0,0
2020-02-04,Alpine,003,1148,0,0,0,0,0
2020-02-04,Amador,005,37829,0,0,0,0,0
2020-02-04,Butte,007,227075,0,0,0,0,0
2020-02-04,Calaveras,009,45235,0,0,0,0,0
2020-02-04,Colusa,011,21464,0,0,0,0,0
2020-02-04,Contra Costa,013,1133247,2,0,0,0,0
2020-02-04,Del Norte,015,27424,0,0,0,0,0
2020-02-04,El Dorado,017,186661,0,0,0,0,0
2020-02-04,Fresno,019,978130,0,0,0,0,0
2020-02-04,Glenn,021,27897,0,0,0,0,0
2020-02-04,Humboldt,023,135768,0,0,0,0,0
2020-02-04,Imperial,025,180216,1,0,0,0,0
2020-02-04,Inyo,027,18085,0,0,0,0,0
2020-02-04,Kern,029,883053,0,0,0,0,0
2020-02-04,Kings,031,150075,0,0,0,0,0
2020-02-04,Lake,033,64148,0,0,0,0,0
2020-02-04,Lassen,035,31185,0,0,0,0,0
2020-02-04,Los Angeles,037,10098052,21,1,0,1,0
2020-02-04,Madera,039,155013,0,0,0,0,0
2020-02-04,Marin,041,260295,0,0,0,0,0
2020-02-04,Mariposa,043,17540,0,0,0,0,0
2020-02-04,Mendocino,045,87422,0,0,0,0,0
2020-02-04,Merced,047,269075,0,0,0,0,0
2020-02-04,Modoc,049,8938,0,0,0,0,0
2020-02-04,Mono,051,14174,0,0,0,0,0
2020-02-04,Monterey,053,433212,1,0,0,0,0
2020-02-04,Napa,055,140530,0,0,0,0,0
2020-02-04,Nevada,057,99092,0,0,0,0,0
2020-02-04,Orange,059,3164182,1,1,0,1,0
2020-02-04,Placer,061,380077,0,0,0,0,0
2020-02-04,Plumas,063,18699,0,0,0,0,0
2020-02-04,Riverside,065,2383286,4,0,0,0,0
2020-02-04,Sacramento,067,1510023,0,0,0,0,0
2020-02-04,San Benito,069,59416,0,2,0,2,0
2020-02-04,San Bernardino,071,2135413,3,0,0,0,0
2020-02-04,San Diego,073,3302833,0,0,0,0,0
2020-02-04,San Francisco,075,870044,1,0,0,0,0
2020-02-04,San Joaquin,077,732212,0,0,1,1,0
2020-02-04,San Luis Obispo,079,281455,0,0,0,0,0
2020-02-04,San Mateo,081,765935,0,0,0,0,0
2020-02-04,Santa Barbara,083,443738,0,0,0,0,0
2020-02-04,Santa Clara,085,1922200,2,2,0,2,0
2020-02-04,Santa Cruz,087,273765,0,0,0,0,0
2020-02-04,Shasta,089,179085,0,0,0,0,0
2020-02-04,Sierra,091,2930,0,0,0,0,0
2020-02-04,Siskiyou,093,43540,0,0,0,0,0
2020-02-04,Solano,095,438530,0,0,0,0,0
2020-02-04,Sonoma,097,501317,0,0,0,0,0
2020-02-04,Stanislaus,099,539301,0,0,0,0,0
2020-02-04,Sutter,101,95872,0,0,0,0,0
2020-02-04,Tehama,103,63373,0,0,0,0,0
2020-02-04,Trinity,105,12862,0,0,0,0,0
2020-02-04,Tulare,107,460477,2,0,0,0,0
2020-02-04,Tuolumne,109,53932,0,0,0,0,0
2020-02-04,Ventura,111,848112,0,0,0,0,0
2020-02-04,Yolo,113,214977,0,0,0,0,0
2020-02-04,Yuba,115,75493,0,0,0,0,0
2020-02-03,Alameda,001,1643700,3,0,0,0,0
2020-02-03,Alpine,003,1148,0,0,0,0,0
2020-02-03,Amador,005,37829,0,0,0,0,0
2020-02-03,Butte,007,227075,0,0,0,0,0
2020-02-03,Calaveras,009,45235,0,0,0,0,0
2020-02-03,Colusa,011,21464,0,0,0,0,0
2020-02-03,Contra Costa,013,1133247,2,0,0,0,0
2020-02-03,Del Norte,015,27424,0,0,0,0,0
2020-02-03,El Dorado,017,186661,0,0,0,0,0
2020-02-03,Fresno,019,978130,0,0,0,0,0
2020-02-03,Glenn,021,27897,0,0,0,0,0
2020-02-03,Humboldt,023,135768,0,0,0,0,0
2020-02-03,Imperial,025,180216,1,0,0,0,0
2020-02-03,Inyo,027,18085,0,0,0,0,0
2020-02-03,Kern,029,883053,0,0,0,0,0
2020-02-03,Kings,031,150075,0,0,0,0,0
2020-02-03,Lake,033,64148,0,0,0,0,0
2020-02-03,Lassen,035,31185,0,0,0,0,0
2020-02-03,Los Angeles,037,10098052,21,1,0,1,0
2020-02-03,Madera,039,155013,0,0,0,0,0
2020-02-03,Marin,041,260295,0,0,0,0,0
2020-02-03,Mariposa,043,17540,0,0,0,0,0
2020-02-03,Mendocino,045,87422,0,0,0,0,0
2020-02-03,Merced,047,269075,0,0,0,0,0
2020-02-03,Modoc,049,8938,0,0,0,0,0
2020-02-03,Mono,051,14174,0,0,0,0,0
2020-02-03,Monterey,053,433212,1,0,0,0,0
2020-02-03,Napa,055,140530,0,0,0,0,0
2020-02-03,Nevada,057,99092,0,0,0,0,0
2020-02-03,Orange,059,3164182,1,1,0,1,0
2020-02-03,Placer,061,380077,0,0,0,0,0
2020-02-03,Plumas,063,18699,0,0,0,0,0
2020-02-03,Riverside,065,2383286,4,0,0,0,0
2020-02-03,Sacramento,067,1510023,0,0,0,0,0
2020-02-03,San Benito,069,59416,0,2,0,2,0
2020-02-03,San Bernardino,071,2135413,3,0,0,0,0
2020-02-03,San Diego,073,3302833,0,0,0,0,0
2020-02-03,San Francisco,075,870044,1,0,0,0,0
2020-02-03,San Joaquin,077,732212,0,0,1,1,0
2020-02-03,San Luis Obispo,079,281455,0,0,0,0,0
2020-02-03,San Mateo,081,765935,0,0,0,0,0
2020-02-03,Santa Barbara,083,443738,0,0,0,0,0
2020-02-03,Santa Clara,085,1922200,2,2,0,2,0
2020-02-03,Santa Cruz,087,273765,0,0,0,0,0
2020-02-03,Shasta,089,179085,0,0,0,0,0
2020-02-03,Sierra,091,2930,0,0,0,0,0
2020-02-03,Siskiyou,093,43540,0,0,0,0,0
2020-02-03,Solano,095,438530,0,0,0,0,0
2020-02-03,Sonoma,097,501317,0,0,0,0,0
2020-02-03,Stanislaus,099,539301,0,0,0,0,0
2020-02-03,Sutter,101,95872,0,0,0,0,0
2020-02-03,Tehama,103,63373,0,0,0,0,0
2020-02-03,Trinity,105,12862,0,0,0,0,0
2020-02-03,Tulare,107,460477,2,0,0,0,0
2020-02-03,Tuolumne,109,53932,0,0,0,0,0
2020-02-03,Ventura,111,848112,0,0,0,0,0
2020-02-03,Yolo,113,214977,0,0,0,0,0
2020-02-03,Yuba,115,75493,0,0,0,0,0
2020-02-02,Alameda,001,1643700,3,0,0,0,0
2020-02-02,Alpine,003,1148,0,0,0,0,0
2020-02-02,Amador,005,37829,0,0,0,0,0
2020-02-02,Butte,007,227075,0,0,0,0,0
2020-02-02,Calaveras,009,45235,0,0,0,0,0
2020-02-02,Colusa,011,21464,0,0,0,0,0
2020-02-02,Contra Costa,013,1133247,1,0,0,0,0
2020-02-02,Del Norte,015,27424,0,0,0,0,0
2020-02-02,El Dorado,017,186661,0,0,0,0,0
2020-02-02,Fresno,019,978130,0,0,0,0,0
2020-02-02,Glenn,021,27897,0,0,0,0,0
2020-02-02,Humboldt,023,135768,0,0,0,0,0
2020-02-02,Imperial,025,180216,1,0,0,0,0
2020-02-02,Inyo,027,18085,0,0,0,0,0
2020-02-02,Kern,029,883053,0,0,0,0,0
2020-02-02,Kings,031,150075,0,0,0,0,0
2020-02-02,Lake,033,64148,0,0,0,0,0
2020-02-02,Lassen,035,31185,0,0,0,0,0
2020-02-02,Los Angeles,037,10098052,17,1,0,1,0
2020-02-02,Madera,039,155013,0,0,0,0,0
2020-02-02,Marin,041,260295,0,0,0,0,0
2020-02-02,Mariposa,043,17540,0,0,0,0,0
2020-02-02,Mendocino,045,87422,0,0,0,0,0
2020-02-02,Merced,047,269075,0,0,0,0,0
2020-02-02,Modoc,049,8938,0,0,0,0,0
2020-02-02,Mono,051,14174,0,0,0,0,0
2020-02-02,Monterey,053,433212,1,0,0,0,0
2020-02-02,Napa,055,140530,0,0,0,0,0
2020-02-02,Nevada,057,99092,0,0,0,0,0
2020-02-02,Orange,059,3164182,1,1,0,1,0
2020-02-02,Placer,061,380077,0,0,0,0,0
2020-02-02,Plumas,063,18699,0,0,0,0,0
2020-02-02,Riverside,065,2383286,3,0,0,0,0
2020-02-02,Sacramento,067,1510023,0,0,0,0,0
2020-02-02,San Benito,069,59416,0,2,0,2,0
2020-02-02,San Bernardino,071,2135413,2,0,0,0,0
2020-02-02,San Diego,073,3302833,0,0,0,0,0
2020-02-02,San Francisco,075,870044,1,0,0,0,0
2020-02-02,San Joaquin,077,732212,0,0,1,1,0
2020-02-02,San Luis Obispo,079,281455,0,0,0,0,0
2020-02-02,San Mateo,081,765935,0,0,0,0,0
2020-02-02,Santa Barbara,083,443738,0,0,0,0,0
2020-02-02,Santa Clara,085,1922200,2,2,0,2,0
2020-02-02,Santa Cruz,087,273765,0,0,0,0,0
2020-02-02,Shasta,089,179085,0,0,0,0,0
2020-02-02,Sierra,091,2930,0,0,0,0,0
2020-02-02,Siskiyou,093,43540,0,0,0,0,0
2020-02-02,Solano,095,438530,0,0,0,0,0
2020-02-02,Sonoma,097,501317,0,0,0,0,0
2020-02-02,Stanislaus,099,539301,0,0,0,0,0
2020-02-02,Sutter,101,95872,0,0,0,0,0
2020-02-02,Tehama,103,63373,0,0,0,0,0
2020-02-02,Trinity,105,12862,0,0,0,0,0
2020-02-02,Tulare,107,460477,2,0,0,0,0
2020-02-02,Tuolumne,109,53932,0,0,0,0,0
2020-02-02,Ventura,111,848112,0,0,0,0,0
2020-02-02,Yolo,113,214977,0,0,0,0,0
2020-02-02,Yuba,115,75493,0,0,0,0,0
2020-02-01,Alameda,001,1643700,3,0,0,0,0
2020-02-01,Alpine,003,1148,0,0,0,0,0
2020-02-01,Amador,005,37829,0,0,0,0,0
2020-02-01,Butte,007,227075,0,0,0,0,0
2020-02-01,Calaveras,009,45235,0,0,0,0,0
2020-02-01,Colusa,011,21464,0,0,0,0,0
2020-02-01,Contra Costa,013,1133247,0,0,0,0,0
2020-02-01,Del Norte,015,27424,0,0,0,0,0
2020-02-01,El Dorado,017,186661,0,0,0,0,0
2020-02-01,Fresno,019,978130,0,0,0,0,0
2020-02-01,Glenn,021,27897,0,0,0,0,0
2020-02-01,Humboldt,023,135768,0,0,0,0,0
2020-02-01,Imperial,025,180216,0,0,0,0,0
2020-02-01,Inyo,027,18085,0,0,0,0,0
2020-02-01,Kern,029,883053,0,0,0,0,0
2020-02-01,Kings,031,150075,0,0,0,0,0
2020-02-01,Lake,033,64148,0,0,0,0,0
2020-02-01,Lassen,035,31185,0,0,0,0,0
2020-02-01,Los Angeles,037,10098052,13,1,0,1,0
2020-02-01,Madera,039,155013,0,0,0,0,0
2020-02-01,Marin,041,260295,0,0,0,0,0
2020-02-01,Mariposa,043,17540,0,0,0,0,0
2020-02-01,Mendocino,045,87422,0,0,0,0,0
2020-02-01,Merced,047,269075,0,0,0,0,0
2020-02-01,Modoc,049,8938,0,0,0,0,0
2020-02-01,Mono,051,14174,0,0,0,0,0
2020-02-01,Monterey,053,433212,0,0,0,0,0
2020-02-01,Napa,055,140530,0,0,0,0,0
2020-02-01,Nevada,057,99092,0,0,0,0,0
2020-02-01,Orange,059,3164182,1,1,0,1,0
2020-02-01,Placer,061,380077,0,0,0,0,0
2020-02-01,Plumas,063,18699,0,0,0,0,0
2020-02-01,Riverside,065,2383286,2,0,0,0,0
2020-02-01,Sacramento,067,1510023,0,0,0,0,0
2020-02-01,San Benito,069,59416,0,0,0,0,0
2020-02-01,San Bernardino,071,2135413,1,0,0,0,0
2020-02-01,San Diego,073,3302833,0,0,0,0,0
2020-02-01,San Francisco,075,870044,1,0,0,0,0
2020-02-01,San Joaquin,077,732212,0,0,1,1,0
2020-02-01,San Luis Obispo,079,281455,0,0,0,0,0
2020-02-01,San Mateo,081,765935,0,0,0,0,0
2020-02-01,Santa Barbara,083,443738,0,0,0,0,0
2020-02-01,Santa Clara,085,1922200,2,1,0,1,0
2020-02-01,Santa Cruz,087,273765,0,0,0,0,0
2020-02-01,Shasta,089,179085,0,0,0,0,0
2020-02-01,Sierra,091,2930,0,0,0,0,0
2020-02-01,Siskiyou,093,43540,0,0,0,0,0
2020-02-01,Solano,095,438530,0,0,0,0,0
2020-02-01,Sonoma,097,501317,0,0,0,0,0
2020-02-01,Stanislaus,099,539301,0,0,0,0,0
2020-02-01,Sutter,101,95872,0,0,0,0,0
2020-02-01,Tehama,103,63373,0,0,0,0,0
2020-02-01,Trinity,105,12862,0,0,0,0,0
2020-02-01,Tulare,107,460477,1,0,0,0,0
2020-02-01,Tuolumne,109,53932,0,0,0,0,0
2020-02-01,Ventura,111,848112,0,0,0,0,0
2020-02-01,Yolo,113,214977,0,0,0,0,0
2020-02-01,Yuba,115,75493,0,0,0,0,0
