date,county,fips,population,confirmed_cases,reported_cases,probable_cases,reported_and_probable_cases,reported_deaths
2022-11-01,Alameda,001,1643700,351518,351524,19829,371353,2044
2022-11-01,Alpine,003,1148,136,136,1,137,0
2022-11-01,Amador,005,37829,10054,10055,929,10984,95
2022-11-01,Butte,007,227075,39852,39852,9079,48931,462
2022-11-01,Calaveras,009,45235,8576,8576,559,9135,135
2022-11-01,Colusa,011,21464,3818,3820,1290,5110,22
2022-11-01,Contra Costa,013,1133247,253118,253122,20739,273861,1463
2022-11-01,Del Norte,015,27424,7468,7469,404,7873,56
2022-11-01,El Dorado,017,186661,32622,32622,4306,36928,231
2022-11-01,Fresno,019,978130,276451,276454,31382,307836,2885
2022-11-01,Glenn,021,27897,5557,5557,1878,7435,48
2022-11-01,Humboldt,023,135768,22112,22115,5089,27204,160
2022-11-01,Imperial,025,180216,66024,66024,15924,81948,960
2022-11-01,Inyo,027,18085,4506,4506,998,5504,60
2022-11-01,Kern,029,883053,220205,220216,64366,284582,2426
2022-11-01,Kings,031,150075,59854,59856,4092,63948,459
2022-11-01,Lake,033,64148,12898,12898,1210,14108,148
2022-11-01,Lassen,035,31185,10007,10007,992,10999,65
2022-11-01,Los Angeles,037,10098052,3304172,3304428,183806,3488234,33733
2022-11-01,Madera,039,155013,44227,44229,8280,52509,375
2022-11-01,Marin,041,260295,45802,45806,5365,51171,314
2022-11-01,Mariposa,043,17540,3116,3116,363,3479,32
2022-11-01,Mendocino,045,87422,16130,16130,4516,20646,137
2022-11-01,Merced,047,269075,72724,72727,11828,84555,870
2022-11-01,Modoc,049,8938,885,885,325,1210,11
2022-11-01,Mono,051,14174,3216,3216,258,3474,7
2022-11-01,Monterey,053,433212,94540,94541,21133,115674,770
2022-11-01,Napa,055,140530,32483,32484,1433,33917,161
2022-11-01,Nevada,057,99092,19124,19129,1869,20998,132
2022-11-01,Orange,059,3164182,672252,672253,62467,734720,7520
2022-11-01,Placer,061,380077,76321,76321,9601,85922,662
2022-11-01,Plumas,063,18699,3720,3720,432,4152,13
2022-11-01,Riverside,065,2383286,699302,699360,35397,734757,6660
2022-11-01,Sacramento,067,1510023,349692,349696,33961,383657,3350
2022-11-01,San Benito,069,59416,16322,16324,980,17304,108
2022-11-01,San Bernardino,071,2135413,674876,674939,31075,706014,8123
2022-11-01,San Diego,073,3302833,931530,931531,72674,1004205,5532
2022-11-01,San Francisco,075,870044,180981,180989,12109,193098,1067
2022-11-01,San Joaquin,077,732212,198709,198717,14819,213536,2336
2022-11-01,San Luis Obispo,079,281455,63585,63599,7259,70858,525
2022-11-01,San Mateo,081,765935,170461,170464,10669,181133,741
2022-11-01,Santa Barbara,083,443738,106478,106478,6949,113427,732
2022-11-01,Santa Clara,085,1922200,436949,436967,18951,455918,2533
2022-11-01,Santa Cruz,087,273765,64070,64070,3465,67535,274
2022-11-01,Shasta,089,179085,35178,35178,7490,42668,594
2022-11-01,Sierra,091,2930,308,308,60,368,5
2022-11-01,Siskiyou,093,43540,5326,5326,3320,8646,94
2022-11-01,Solano,095,438530,106094,106106,7817,113923,468
2022-11-01,Sonoma,097,501317,107900,107907,5348,113255,524
2022-11-01,Stanislaus,099,539301,138695,138715,21658,160373,1785
2022-11-01,Sutter,101,95872,24465,24470,2470,26940,233
2022-11-01,Tehama,103,63373,13707,13707,3087,16794,216
2022-11-01,Trinity,105,12862,1413,1413,392,1805,20
2022-11-01,Tulare,107,460477,122246,122246,36533,158779,1544
2022-11-01,Tuolumne,109,53932,15671,15672,934,16606,196
2022-11-01,Ventura,111,848112,210082,210085,15856,225941,1584
2022-11-01,Yolo,113,214977,47786,47786,4468,52254,353
2022-11-01,Yuba,115,75493,19055,19059,1727,20786,132
2022-10-31,Alameda,001,1643700,351518,350419,19829,370248,2040
2022-10-31,Alpine,003,1148,136,136,1,137,0
2022-10-31,Amador,005,37829,10054,10038,929,10967,94
2022-10-31,Butte,007,227075,39852,39707,9079,48786,457
2022-10-31,Calaveras,009,45235,8576,8561,559,9120,134
2022-10-31,Colusa,011,21464,3818,3813,1290,5103,22
2022-10-31,Contra Costa,013,1133247,253118,252398,20739,273137,1458
2022-10-31,Del Norte,015,27424,7468,7455,404,7859,56
2022-10-31,El Dorado,017,186661,32622,32513,4306,36819,231
2022-10-31,Fresno,019,978130,276451,275924,31382,307306,2885
2022-10-31,Glenn,021,27897,5557,5553,1878,7431,48
2022-10-31,Humboldt,023,135768,22112,22065,5089,27154,160
2022-10-31,Imperial,025,180216,66024,65903,15924,81827,959
2022-10-31,Inyo,027,18085,4506,4500,998,5498,60
2022-10-31,Kern,029,883053,220205,219943,64366,284309,2425
2022-10-31,Kings,031,150075,59854,59742,4092,63834,459
2022-10-31,Lake,033,64148,12898,12868,1210,14078,148
2022-10-31,Lassen,035,31185,10007,9989,992,10981,65
2022-10-31,Los Angeles,037,10098052,3304172,3298549,183806,3482355,33679
2022-10-31,Madera,039,155013,44227,44172,8280,52452,375
2022-10-31,Marin,041,260295,45802,45649,5365,51014,314
2022-10-31,Mariposa,043,17540,3116,3107,363,3470,31
2022-10-31,Mendocino,045,87422,16130,16104,4516,20620,153
2022-10-31,Merced,047,269075,72724,72606,11828,84434,870
2022-10-31,Modoc,049,8938,885,884,325,1209,11
2022-10-31,Mono,051,14174,3216,3215,258,3473,7
2022-10-31,Monterey,053,433212,94540,94425,21133,115558,769
2022-10-31,Napa,055,140530,32483,32448,1433,33881,160
2022-10-31,Nevada,057,99092,19124,19094,1869,20963,132
2022-10-31,Orange,059,3164182,672252,671141,62467,733608,7502
2022-10-31,Placer,061,380077,76321,76178,9601,85779,662
2022-10-31,Plumas,063,18699,3720,3705,432,4137,13
2022-10-31,Riverside,065,2383286,699302,698387,35397,733784,6659
2022-10-31,Sacramento,067,1510023,349692,348942,33961,382903,3346
2022-10-31,San Benito,069,59416,16322,16284,980,17264,108
2022-10-31,San Bernardino,071,2135413,674876,673959,31075,705034,8120
2022-10-31,San Diego,073,3302833,931530,929768,72674,1002442,5524
2022-10-31,San Francisco,075,870044,180981,180409,12109,192518,1066
2022-10-31,San Joaquin,077,732212,198709,198376,14819,213195,2335
2022-10-31,San Luis Obispo,079,281455,63585,63519,7259,70778,525
2022-10-31,San Mateo,081,765935,170461,169941,10669,180610,741
2022-10-31,Santa Barbara,083,443738,106478,106291,6949,113240,729
2022-10-31,Santa Clara,085,1922200,436949,435788,18951,454739,2528
2022-10-31,Santa Cruz,087,273765,64070,63885,3465,67350,274
2022-10-31,Shasta,089,179085,35178,35117,7490,42607,595
2022-10-31,Sierra,091,2930,308,308,60,368,5
2022-10-31,Siskiyou,093,43540,5326,5307,3320,8627,94
2022-10-31,Solano,095,438530,106094,105796,7817,113613,467
2022-10-31,Sonoma,097,501317,107900,107692,5348,113040,524
2022-10-31,Stanislaus,099,539301,138695,138423,21658,160081,1785
2022-10-31,Sutter,101,95872,24465,24425,2470,26895,233
2022-10-31,Tehama,103,63373,13707,13681,3087,16768,210
2022-10-31,Trinity,105,12862,1413,1398,392,1790,20
2022-10-31,Tulare,107,460477,122246,122140,36533,158673,1541
2022-10-31,Tuolumne,109,53932,15671,15658,934,16592,196
2022-10-31,Ventura,111,848112,210082,209746,15856,225602,1582
2022-10-31,Yolo,113,214977,47786,47703,4468,52171,349
2022-10-31,Yuba,115,75493,19055,19009,1727,20736,133
2022-10-30,Alameda,001,1643700,351417,350419,19829,370248,2040
2022-10-30,Alpine,003,1148,136,136,1,137,0
2022-10-30,Amador,005,37829,10051,10038,929,10967,94
2022-10-30,Butte,007,227075,39850,39707,9079,48786,457
2022-10-30,Calaveras,009,45235,8575,8561,559,9120,134
2022-10-30,Colusa,011,21464,3818,3813,1290,5103,22
2022-10-30,Contra Costa,013,1133247,253048,252398,20739,273137,1458
2022-10-30,Del Norte,015,27424,7467,7455,404,7859,56
2022-10-30,El Dorado,017,186661,32618,32513,4306,36819,231
2022-10-30,Fresno,019,978130,276423,275924,31382,307306,2885
2022-10-30,Glenn,021,27897,5556,5553,1878,7431,48
2022-10-30,Humboldt,023,135768,22111,22065,5089,27154,160
2022-10-30,Imperial,025,180216,66015,65903,15924,81827,959
2022-10-30,Inyo,027,18085,4506,4500,998,5498,60
2022-10-30,Kern,029,883053,220192,219943,64366,284309,2425
2022-10-30,Kings,031,150075,59849,59742,4092,63834,459
2022-10-30,Lake,033,64148,12894,12868,1210,14078,148
2022-10-30,Lassen,035,31185,10006,9989,992,10981,65
2022-10-30,Los Angeles,037,10098052,3304120,3298549,183806,3482355,33679
2022-10-30,Madera,039,155013,44222,44172,8280,52452,375
2022-10-30,Marin,041,260295,45790,45649,5365,51014,314
2022-10-30,Mariposa,043,17540,3116,3107,363,3470,31
2022-10-30,Mendocino,045,87422,16130,16104,4516,20620,153
2022-10-30,Merced,047,269075,72719,72606,11828,84434,870
2022-10-30,Modoc,049,8938,885,884,325,1209,11
2022-10-30,Mono,051,14174,3216,3215,258,3473,7
2022-10-30,Monterey,053,433212,94537,94425,21133,115558,769
2022-10-30,Napa,055,140530,32477,32448,1433,33881,160
2022-10-30,Nevada,057,99092,19123,19094,1869,20963,132
2022-10-30,Orange,059,3164182,672207,671141,62467,733608,7502
2022-10-30,Placer,061,380077,76316,76178,9601,85779,662
2022-10-30,Plumas,063,18699,3719,3705,432,4137,13
2022-10-30,Riverside,065,2383286,699228,698387,35397,733784,6659
2022-10-30,Sacramento,067,1510023,349635,348942,33961,382903,3346
2022-10-30,San Benito,069,59416,16318,16284,980,17264,108
2022-10-30,San Bernardino,071,2135413,674857,673959,31075,705034,8120
2022-10-30,San Diego,073,3302833,931474,929768,72674,1002442,5524
2022-10-30,San Francisco,075,870044,180931,180409,12109,192518,1066
2022-10-30,San Joaquin,077,732212,198683,198376,14819,213195,2335
2022-10-30,San Luis Obispo,079,281455,63582,63519,7259,70778,525
2022-10-30,San Mateo,081,765935,170425,169941,10669,180610,741
2022-10-30,Santa Barbara,083,443738,106474,106291,6949,113240,729
2022-10-30,Santa Clara,085,1922200,436863,435788,18951,454739,2528
2022-10-30,Santa Cruz,087,273765,64068,63885,3465,67350,274
2022-10-30,Shasta,089,179085,35178,35117,7490,42607,595
2022-10-30,Sierra,091,2930,308,308,60,368,5
2022-10-30,Siskiyou,093,43540,5324,5307,3320,8627,94
2022-10-30,Solano,095,438530,106053,105796,7817,113613,467
2022-10-30,Sonoma,097,501317,107880,107692,5348,113040,524
2022-10-30,Stanislaus,099,539301,138685,138423,21658,160081,1785
2022-10-30,Sutter,101,95872,24458,24425,2470,26895,233
2022-10-30,Tehama,103,63373,13707,13681,3087,16768,210
2022-10-30,Trinity,105,12862,1413,1398,392,1790,20
2022-10-30,Tulare,107,460477,122241,122140,36533,158673,1541
2022-10-30,Tuolumne,109,53932,15671,15658,934,16592,196
2022-10-30,Ventura,111,848112,210076,209746,15856,225602,1582
2022-10-30,Yolo,113,214977,47779,47703,4468,52171,349
2022-10-30,Yuba,115,75493,19054,19009,1727,20736,133
2022-10-29,Alameda,001,1643700,351351,350419,19829,370248,2040
2022-10-29,Alpine,003,1148,136,136,1,137,0
2022-10-29,Amador,005,37829,10047,10038,929,10967,94
2022-10-29,Butte,007,227075,39846,39707,9079,48786,457
2022-10-29,Calaveras,009,45235,8572,8561,559,9120,134
2022-10-29,Colusa,011,21464,3818,3813,1290,5103,22
2022-10-29,Contra Costa,013,1133247,252984,252398,20739,273137,1458
2022-10-29,Del Norte,015,27424,7466,7455,404,7859,56
2022-10-29,El Dorado,017,186661,32611,32513,4306,36819,231
2022-10-29,Fresno,019,978130,276398,275924,31382,307306,2885
2022-10-29,Glenn,021,27897,5555,5553,1878,7431,48
2022-10-29,Humboldt,023,135768,22107,22065,5089,27154,160
2022-10-29,Imperial,025,180216,66011,65903,15924,81827,959
2022-10-29,Inyo,027,18085,4506,4500,998,5498,60
2022-10-29,Kern,029,883053,220182,219943,64366,284309,2425
2022-10-29,Kings,031,150075,59846,59742,4092,63834,459
2022-10-29,Lake,033,64148,12890,12868,1210,14078,148
2022-10-29,Lassen,035,31185,10006,9989,992,10981,65
2022-10-29,Los Angeles,037,10098052,3303925,3298549,183806,3482355,33679
2022-10-29,Madera,039,155013,44217,44172,8280,52452,375
2022-10-29,Marin,041,260295,45781,45649,5365,51014,314
2022-10-29,Mariposa,043,17540,3116,3107,363,3470,31
2022-10-29,Mendocino,045,87422,16129,16104,4516,20620,153
2022-10-29,Merced,047,269075,72706,72606,11828,84434,870
2022-10-29,Modoc,049,8938,885,884,325,1209,11
2022-10-29,Mono,051,14174,3216,3215,258,3473,7
2022-10-29,Monterey,053,433212,94536,94425,21133,115558,769
2022-10-29,Napa,055,140530,32474,32448,1433,33881,160
2022-10-29,Nevada,057,99092,19122,19094,1869,20963,132
2022-10-29,Orange,059,3164182,672147,671141,62467,733608,7502
2022-10-29,Placer,061,380077,76305,76178,9601,85779,662
2022-10-29,Plumas,063,18699,3719,3705,432,4137,13
2022-10-29,Riverside,065,2383286,699178,698387,35397,733784,6659
2022-10-29,Sacramento,067,1510023,349590,348942,33961,382903,3346
2022-10-29,San Benito,069,59416,16315,16284,980,17264,108
2022-10-29,San Bernardino,071,2135413,674813,673959,31075,705034,8120
2022-10-29,San Diego,073,3302833,931362,929768,72674,1002442,5524
2022-10-29,San Francisco,075,870044,180889,180409,12109,192518,1066
2022-10-29,San Joaquin,077,732212,198659,198376,14819,213195,2335
2022-10-29,San Luis Obispo,079,281455,63581,63519,7259,70778,525
2022-10-29,San Mateo,081,765935,170371,169941,10669,180610,741
2022-10-29,Santa Barbara,083,443738,106464,106291,6949,113240,729
2022-10-29,Santa Clara,085,1922200,436765,435788,18951,454739,2528
2022-10-29,Santa Cruz,087,273765,64059,63885,3465,67350,274
2022-10-29,Shasta,089,179085,35175,35117,7490,42607,595
2022-10-29,Sierra,091,2930,308,308,60,368,5
2022-10-29,Siskiyou,093,43540,5323,5307,3320,8627,94
2022-10-29,Solano,095,438530,106037,105796,7817,113613,467
2022-10-29,Sonoma,097,501317,107865,107692,5348,113040,524
2022-10-29,Stanislaus,099,539301,138661,138423,21658,160081,1785
2022-10-29,Sutter,101,95872,24453,24425,2470,26895,233
2022-10-29,Tehama,103,63373,13707,13681,3087,16768,210
2022-10-29,Trinity,105,12862,1409,1398,392,1790,20
2022-10-29,Tulare,107,460477,122234,122140,36533,158673,1541
2022-10-29,Tuolumne,109,53932,15666,15658,934,16592,196
2022-10-29,Ventura,111,848112,210047,209746,15856,225602,1582
2022-10-29,Yolo,113,214977,47774,47703,4468,52171,349
2022-10-29,Yuba,115,75493,19049,19009,1727,20736,133
2022-10-28,Alameda,001,1643700,351288,350419,19829,370248,2040
2022-10-28,Alpine,003,1148,136,136,1,137,0
2022-10-28,Amador,005,37829,10046,10038,929,10967,94
2022-10-28,Butte,007,227075,39843,39707,9079,48786,457
2022-10-28,Calaveras,009,45235,8571,8561,559,9120,134
2022-10-28,Colusa,011,21464,3818,3813,1290,5103,22
2022-10-28,Contra Costa,013,1133247,252928,252398,20739,273137,1458
2022-10-28,Del Norte,015,27424,7464,7455,404,7859,56
2022-10-28,El Dorado,017,186661,32604,32513,4306,36819,231
2022-10-28,Fresno,019,978130,276362,275924,31382,307306,2885
2022-10-28,Glenn,021,27897,5554,5553,1878,7431,48
2022-10-28,Humboldt,023,135768,22103,22065,5089,27154,160
2022-10-28,Imperial,025,180216,66000,65903,15924,81827,959
2022-10-28,Inyo,027,18085,4503,4500,998,5498,60
2022-10-28,Kern,029,883053,220161,219943,64366,284309,2425
2022-10-28,Kings,031,150075,59843,59742,4092,63834,459
2022-10-28,Lake,033,64148,12888,12868,1210,14078,148
2022-10-28,Lassen,035,31185,10006,9989,992,10981,65
2022-10-28,Los Angeles,037,10098052,3303461,3298549,183806,3482355,33679
2022-10-28,Madera,039,155013,44216,44172,8280,52452,375
2022-10-28,Marin,041,260295,45771,45649,5365,51014,314
2022-10-28,Mariposa,043,17540,3113,3107,363,3470,31
2022-10-28,Mendocino,045,87422,16125,16104,4516,20620,153
2022-10-28,Merced,047,269075,72698,72606,11828,84434,870
2022-10-28,Modoc,049,8938,885,884,325,1209,11
2022-10-28,Mono,051,14174,3216,3215,258,3473,7
2022-10-28,Monterey,053,433212,94521,94425,21133,115558,769
2022-10-28,Napa,055,140530,32468,32448,1433,33881,160
2022-10-28,Nevada,057,99092,19120,19094,1869,20963,132
2022-10-28,Orange,059,3164182,672046,671141,62467,733608,7502
2022-10-28,Placer,061,380077,76294,76178,9601,85779,662
2022-10-28,Plumas,063,18699,3719,3705,432,4137,13
2022-10-28,Riverside,065,2383286,699094,698387,35397,733784,6659
2022-10-28,Sacramento,067,1510023,349500,348942,33961,382903,3346
2022-10-28,San Benito,069,59416,16311,16284,980,17264,108
2022-10-28,San Bernardino,071,2135413,674733,673959,31075,705034,8120
2022-10-28,San Diego,073,3302833,931200,929768,72674,1002442,5524
2022-10-28,San Francisco,075,870044,180851,180409,12109,192518,1066
2022-10-28,San Joaquin,077,732212,198641,198376,14819,213195,2335
2022-10-28,San Luis Obispo,079,281455,63577,63519,7259,70778,525
2022-10-28,San Mateo,081,765935,170327,169941,10669,180610,741
2022-10-28,Santa Barbara,083,443738,106452,106291,6949,113240,729
2022-10-28,Santa Clara,085,1922200,436665,435788,18951,454739,2528
2022-10-28,Santa Cruz,087,273765,64051,63885,3465,67350,274
2022-10-28,Shasta,089,179085,35173,35117,7490,42607,595
2022-10-28,Sierra,091,2930,308,308,60,368,5
2022-10-28,Siskiyou,093,43540,5320,5307,3320,8627,94
2022-10-28,Solano,095,438530,106014,105796,7817,113613,467
2022-10-28,Sonoma,097,501317,107846,107692,5348,113040,524
2022-10-28,Stanislaus,099,539301,138635,138423,21658,160081,1785
2022-10-28,Sutter,101,95872,24445,24425,2470,26895,233
2022-10-28,Tehama,103,63373,13707,13681,3087,16768,210
2022-10-28,Trinity,105,12862,1406,1398,392,1790,20
2022-10-28,Tulare,107,460477,122224,122140,36533,158673,1541
2022-10-28,Tuolumne,109,53932,15665,15658,934,16592,196
2022-10-28,Ventura,111,848112,210020,209746,15856,225602,1582
2022-10-28,Yolo,113,214977,47767,47703,4468,52171,349
2022-10-28,Yuba,115,75493,19044,19009,1727,20736,133
2022-10-27,Alameda,001,1643700,351169,350419,19829,370248,2040
2022-10-27,Alpine,003,1148,136,136,1,137,0
2022-10-27,Amador,005,37829,10046,10038,929,10967,94
2022-10-27,Butte,007,227075,39838,39707,9079,48786,457
2022-10-27,Calaveras,009,45235,8570,8561,559,9120,134
2022-10-27,Colusa,011,21464,3815,3813,1290,5103,22
2022-10-27,Contra Costa,013,1133247,252850,252398,20739,273137,1458
2022-10-27,Del Norte,015,27424,7460,7455,404,7859,56
2022-10-27,El Dorado,017,186661,32591,32513,4306,36819,231
2022-10-27,Fresno,019,978130,276314,275924,31382,307306,2885
2022-10-27,Glenn,021,27897,5552,5553,1878,7431,48
2022-10-27,Humboldt,023,135768,22095,22065,5089,27154,160
2022-10-27,Imperial,025,180216,65983,65903,15924,81827,959
2022-10-27,Inyo,027,18085,4501,4500,998,5498,60
2022-10-27,Kern,029,883053,220103,219943,64366,284309,2425
2022-10-27,Kings,031,150075,59783,59742,4092,63834,459
2022-10-27,Lake,033,64148,12883,12868,1210,14078,148
2022-10-27,Lassen,035,31185,10006,9989,992,10981,65
2022-10-27,Los Angeles,037,10098052,3302814,3298549,183806,3482355,33679
2022-10-27,Madera,039,155013,44208,44172,8280,52452,375
2022-10-27,Marin,041,260295,45754,45649,5365,51014,314
2022-10-27,Mariposa,043,17540,3112,3107,363,3470,31
2022-10-27,Mendocino,045,87422,16123,16104,4516,20620,153
2022-10-27,Merced,047,269075,72690,72606,11828,84434,870
2022-10-27,Modoc,049,8938,885,884,325,1209,11
2022-10-27,Mono,051,14174,3215,3215,258,3473,7
2022-10-27,Monterey,053,433212,94503,94425,21133,115558,769
2022-10-27,Napa,055,140530,32463,32448,1433,33881,160
2022-10-27,Nevada,057,99092,19115,19094,1869,20963,132
2022-10-27,Orange,059,3164182,671883,671141,62467,733608,7502
2022-10-27,Placer,061,380077,76280,76178,9601,85779,662
2022-10-27,Plumas,063,18699,3719,3705,432,4137,13
2022-10-27,Riverside,065,2383286,698990,698387,35397,733784,6659
2022-10-27,Sacramento,067,1510023,349374,348942,33961,382903,3346
2022-10-27,San Benito,069,59416,16310,16284,980,17264,108
2022-10-27,San Bernardino,071,2135413,674628,673959,31075,705034,8120
2022-10-27,San Diego,073,3302833,930978,929768,72674,1002442,5524
2022-10-27,San Francisco,075,870044,180781,180409,12109,192518,1066
2022-10-27,San Joaquin,077,732212,198612,198376,14819,213195,2335
2022-10-27,San Luis Obispo,079,281455,63569,63519,7259,70778,525
2022-10-27,San Mateo,081,765935,170262,169941,10669,180610,741
2022-10-27,Santa Barbara,083,443738,106421,106291,6949,113240,729
2022-10-27,Santa Clara,085,1922200,436532,435788,18951,454739,2528
2022-10-27,Santa Cruz,087,273765,64031,63885,3465,67350,274
2022-10-27,Shasta,089,179085,35169,35117,7490,42607,595
2022-10-27,Sierra,091,2930,308,308,60,368,5
2022-10-27,Siskiyou,093,43540,5318,5307,3320,8627,94
2022-10-27,Solano,095,438530,105974,105796,7817,113613,467
2022-10-27,Sonoma,097,501317,107823,107692,5348,113040,524
2022-10-27,Stanislaus,099,539301,138605,138423,21658,160081,1785
2022-10-27,Sutter,101,95872,24438,24425,2470,26895,233
2022-10-27,Tehama,103,63373,13707,13681,3087,16768,210
2022-10-27,Trinity,105,12862,1405,1398,392,1790,20
2022-10-27,Tulare,107,460477,122214,122140,36533,158673,1541
2022-10-27,Tuolumne,109,53932,15661,15658,934,16592,196
2022-10-27,Ventura,111,848112,209976,209746,15856,225602,1582
2022-10-27,Yolo,113,214977,47766,47703,4468,52171,349
2022-10-27,Yuba,115,75493,19039,19009,1727,20736,133
2022-10-26,Alameda,001,1643700,351016,350419,19829,370248,2040
2022-10-26,Alpine,003,1148,136,136,1,137,0
2022-10-26,Amador,005,37829,10044,10038,929,10967,94
2022-10-26,Butte,007,227075,39829,39707,9079,48786,457
2022-10-26,Calaveras,009,45235,8569,8561,559,9120,134
2022-10-26,Colusa,011,21464,3811,3813,1290,5103,22
2022-10-26,Contra Costa,013,1133247,252763,252398,20739,273137,1458
2022-10-26,Del Norte,015,27424,7459,7455,404,7859,56
2022-10-26,El Dorado,017,186661,32572,32513,4306,36819,231
2022-10-26,Fresno,019,978130,276269,275924,31382,307306,2885
2022-10-26,Glenn,021,27897,5552,5553,1878,7431,48
2022-10-26,Humboldt,023,135768,22090,22065,5089,27154,160
2022-10-26,Imperial,025,180216,65963,65903,15924,81827,959
2022-10-26,Inyo,027,18085,4500,4500,998,5498,60
2022-10-26,Kern,029,883053,220067,219943,64366,284309,2425
2022-10-26,Kings,031,150075,59779,59742,4092,63834,459
2022-10-26,Lake,033,64148,12881,12868,1210,14078,148
2022-10-26,Lassen,035,31185,10002,9989,992,10981,65
2022-10-26,Los Angeles,037,10098052,3302083,3298549,183806,3482355,33679
2022-10-26,Madera,039,155013,44201,44172,8280,52452,375
2022-10-26,Marin,041,260295,45741,45649,5365,51014,314
2022-10-26,Mariposa,043,17540,3111,3107,363,3470,31
2022-10-26,Mendocino,045,87422,16121,16104,4516,20620,153
2022-10-26,Merced,047,269075,72677,72606,11828,84434,870
2022-10-26,Modoc,049,8938,885,884,325,1209,11
2022-10-26,Mono,051,14174,3215,3215,258,3473,7
2022-10-26,Monterey,053,433212,94486,94425,21133,115558,769
2022-10-26,Napa,055,140530,32458,32448,1433,33881,160
2022-10-26,Nevada,057,99092,19114,19094,1869,20963,132
2022-10-26,Orange,059,3164182,671725,671141,62467,733608,7502
2022-10-26,Placer,061,380077,76262,76178,9601,85779,662
2022-10-26,Plumas,063,18699,3717,3705,432,4137,13
2022-10-26,Riverside,065,2383286,698877,698387,35397,733784,6659
2022-10-26,Sacramento,067,1510023,349313,348942,33961,382903,3346
2022-10-26,San Benito,069,59416,16306,16284,980,17264,108
2022-10-26,San Bernardino,071,2135413,674492,673959,31075,705034,8120
2022-10-26,San Diego,073,3302833,930719,929768,72674,1002442,5524
2022-10-26,San Francisco,075,870044,180712,180409,12109,192518,1066
2022-10-26,San Joaquin,077,732212,198567,198376,14819,213195,2335
2022-10-26,San Luis Obispo,079,281455,63560,63519,7259,70778,525
2022-10-26,San Mateo,081,765935,170185,169941,10669,180610,741
2022-10-26,Santa Barbara,083,443738,106397,106291,6949,113240,729
2022-10-26,Santa Clara,085,1922200,436384,435788,18951,454739,2528
2022-10-26,Santa Cruz,087,273765,64015,63885,3465,67350,274
2022-10-26,Shasta,089,179085,35163,35117,7490,42607,595
2022-10-26,Sierra,091,2930,308,308,60,368,5
2022-10-26,Siskiyou,093,43540,5315,5307,3320,8627,94
2022-10-26,Solano,095,438530,105916,105796,7817,113613,467
2022-10-26,Sonoma,097,501317,107800,107692,5348,113040,524
2022-10-26,Stanislaus,099,539301,138576,138423,21658,160081,1785
2022-10-26,Sutter,101,95872,24429,24425,2470,26895,233
2022-10-26,Tehama,103,63373,13703,13681,3087,16768,210
2022-10-26,Trinity,105,12862,1399,1398,392,1790,20
2022-10-26,Tulare,107,460477,122199,122140,36533,158673,1541
2022-10-26,Tuolumne,109,53932,15659,15658,934,16592,196
2022-10-26,Ventura,111,848112,209927,209746,15856,225602,1582
2022-10-26,Yolo,113,214977,47759,47703,4468,52171,349
2022-10-26,Yuba,115,75493,19035,19009,1727,20736,133
2022-10-25,Alameda,001,1643700,350881,350419,19829,370248,2040
2022-10-25,Alpine,003,1148,136,136,1,137,0
2022-10-25,Amador,005,37829,10044,10038,929,10967,94
2022-10-25,Butte,007,227075,39814,39707,9079,48786,457
2022-10-25,Calaveras,009,45235,8566,8561,559,9120,134
2022-10-25,Colusa,011,21464,3810,3813,1290,5103,22
2022-10-25,Contra Costa,013,1133247,252665,252398,20739,273137,1458
2022-10-25,Del Norte,015,27424,7458,7455,404,7859,56
2022-10-25,El Dorado,017,186661,32559,32513,4306,36819,231
2022-10-25,Fresno,019,978130,276220,275924,31382,307306,2885
2022-10-25,Glenn,021,27897,5550,5553,1878,7431,48
2022-10-25,Humboldt,023,135768,22086,22065,5089,27154,160
2022-10-25,Imperial,025,180216,65946,65903,15924,81827,959
2022-10-25,Inyo,027,18085,4500,4500,998,5498,60
2022-10-25,Kern,029,883053,220024,219943,64366,284309,2425
2022-10-25,Kings,031,150075,59765,59742,4092,63834,459
2022-10-25,Lake,033,64148,12878,12868,1210,14078,148
2022-10-25,Lassen,035,31185,9994,9989,992,10981,65
2022-10-25,Los Angeles,037,10098052,3301288,3298549,183806,3482355,33679
2022-10-25,Madera,039,155013,44192,44172,8280,52452,375
2022-10-25,Marin,041,260295,45719,45649,5365,51014,314
2022-10-25,Mariposa,043,17540,3110,3107,363,3470,31
2022-10-25,Mendocino,045,87422,16114,16104,4516,20620,153
2022-10-25,Merced,047,269075,72661,72606,11828,84434,870
2022-10-25,Modoc,049,8938,885,884,325,1209,11
2022-10-25,Mono,051,14174,3215,3215,258,3473,7
2022-10-25,Monterey,053,433212,94473,94425,21133,115558,769
2022-10-25,Napa,055,140530,32455,32448,1433,33881,160
2022-10-25,Nevada,057,99092,19109,19094,1869,20963,132
2022-10-25,Orange,059,3164182,671558,671141,62467,733608,7502
2022-10-25,Placer,061,380077,76242,76178,9601,85779,662
2022-10-25,Plumas,063,18699,3716,3705,432,4137,13
2022-10-25,Riverside,065,2383286,698739,698387,35397,733784,6659
2022-10-25,Sacramento,067,1510023,349213,348942,33961,382903,3346
2022-10-25,San Benito,069,59416,16299,16284,980,17264,108
2022-10-25,San Bernardino,071,2135413,674370,673959,31075,705034,8120
2022-10-25,San Diego,073,3302833,930473,929768,72674,1002442,5524
2022-10-25,San Francisco,075,870044,180641,180409,12109,192518,1066
2022-10-25,San Joaquin,077,732212,198515,198376,14819,213195,2335
2022-10-25,San Luis Obispo,079,281455,63541,63519,7259,70778,525
2022-10-25,San Mateo,081,765935,170128,169941,10669,180610,741
2022-10-25,Santa Barbara,083,443738,106367,106291,6949,113240,729
2022-10-25,Santa Clara,085,1922200,436217,435788,18951,454739,2528
2022-10-25,Santa Cruz,087,273765,63980,63885,3465,67350,274
2022-10-25,Shasta,089,179085,35158,35117,7490,42607,595
2022-10-25,Sierra,091,2930,308,308,60,368,5
2022-10-25,Siskiyou,093,43540,5314,5307,3320,8627,94
2022-10-25,Solano,095,438530,105871,105796,7817,113613,467
2022-10-25,Sonoma,097,501317,107761,107692,5348,113040,524
2022-10-25,Stanislaus,099,539301,138551,138423,21658,160081,1785
2022-10-25,Sutter,101,95872,24422,24425,2470,26895,233
2022-10-25,Tehama,103,63373,13701,13681,3087,16768,210
2022-10-25,Trinity,105,12862,1399,1398,392,1790,20
2022-10-25,Tulare,107,460477,122175,122140,36533,158673,1541
2022-10-25,Tuolumne,109,53932,15659,15658,934,16592,196
2022-10-25,Ventura,111,848112,209887,209746,15856,225602,1582
2022-10-25,Yolo,113,214977,47749,47703,4468,52171,349
2022-10-25,Yuba,115,75493,19029,19009,1727,20736,133
2022-10-24,Alameda,001,1643700,350742,349337,19829,369166,2031
2022-10-24,Alpine,003,1148,136,136,1,137,0
2022-10-24,Amador,005,37829,10042,10025,929,10954,94
2022-10-24,Butte,007,227075,39801,39607,9079,48686,456
2022-10-24,Calaveras,009,45235,8566,8541,559,9100,135
2022-10-24,Colusa,011,21464,3809,3807,1290,5097,22
2022-10-24,Contra Costa,013,1133247,252558,251722,20739,272461,1444
2022-10-24,Del Norte,015,27424,7453,7450,404,7854,56
2022-10-24,El Dorado,017,186661,32546,32443,4306,36749,232
2022-10-24,Fresno,019,978130,276159,275502,31382,306884,2893
2022-10-24,Glenn,021,27897,5549,5543,1878,7421,48
2022-10-24,Humboldt,023,135768,22080,21979,5089,27068,160
2022-10-24,Imperial,025,180216,65925,65801,15924,81725,961
2022-10-24,Inyo,027,18085,4500,4497,998,5495,60
2022-10-24,Kern,029,883053,219978,219679,64366,284045,2424
2022-10-24,Kings,031,150075,59746,59632,4092,63724,460
2022-10-24,Lake,033,64148,12875,12847,1210,14057,148
2022-10-24,Lassen,035,31185,9994,9977,992,10969,65
2022-10-24,Los Angeles,037,10098052,3300314,3289814,183806,3473620,33533
2022-10-24,Madera,039,155013,44187,44121,8280,52401,375
2022-10-24,Marin,041,260295,45690,45521,5365,50886,314
2022-10-24,Mariposa,043,17540,3108,3096,363,3459,31
2022-10-24,Mendocino,045,87422,16112,16059,4516,20575,136
2022-10-24,Merced,047,269075,72650,72442,11828,84270,869
2022-10-24,Modoc,049,8938,884,883,325,1208,11
2022-10-24,Mono,051,14174,3215,3212,258,3470,7
2022-10-24,Monterey,053,433212,94458,94275,21133,115408,768
2022-10-24,Napa,055,140530,32451,32395,1433,33828,160
2022-10-24,Nevada,057,99092,19102,19056,1869,20925,132
2022-10-24,Orange,059,3164182,671390,669923,62467,732390,7536
2022-10-24,Placer,061,380077,76220,76022,9601,85623,662
2022-10-24,Plumas,063,18699,3715,3691,432,4123,13
2022-10-24,Riverside,065,2383286,698629,697500,35397,732897,6569
2022-10-24,Sacramento,067,1510023,349101,348260,33961,382221,3337
2022-10-24,San Benito,069,59416,16293,16251,980,17231,107
2022-10-24,San Bernardino,071,2135413,674211,673189,31075,704264,8152
2022-10-24,San Diego,073,3302833,930209,928182,72674,1000856,5517
2022-10-24,San Francisco,075,870044,180546,179967,12109,192076,1056
2022-10-24,San Joaquin,077,732212,198463,198041,14819,212860,2336
2022-10-24,San Luis Obispo,079,281455,63530,63410,7259,70669,525
2022-10-24,San Mateo,081,765935,170072,169484,10669,180153,732
2022-10-24,Santa Barbara,083,443738,106348,106125,6949,113074,726
2022-10-24,Santa Clara,085,1922200,436025,434684,18951,453635,2523
2022-10-24,Santa Cruz,087,273765,63963,63592,3465,67057,275
2022-10-24,Shasta,089,179085,35145,35031,7490,42521,595
2022-10-24,Sierra,091,2930,308,305,60,365,5
2022-10-24,Siskiyou,093,43540,5312,5298,3320,8618,94
2022-10-24,Solano,095,438530,105823,105561,7817,113378,466
2022-10-24,Sonoma,097,501317,107734,107436,5348,112784,527
2022-10-24,Stanislaus,099,539301,138525,138223,21658,159881,1785
2022-10-24,Sutter,101,95872,24417,24393,2470,26863,233
2022-10-24,Tehama,103,63373,13699,13647,3087,16734,209
2022-10-24,Trinity,105,12862,1398,1396,392,1788,20
2022-10-24,Tulare,107,460477,122156,122035,36533,158568,1540
2022-10-24,Tuolumne,109,53932,15657,15626,934,16560,196
2022-10-24,Ventura,111,848112,209839,209427,15856,225283,1571
2022-10-24,Yolo,113,214977,47739,47611,4468,52079,346
2022-10-24,Yuba,115,75493,19021,18969,1727,20696,130
2022-10-23,Alameda,001,1643700,350545,349337,19829,369166,2031
2022-10-23,Alpine,003,1148,136,136,1,137,0
2022-10-23,Amador,005,37829,10041,10025,929,10954,94
2022-10-23,Butte,007,227075,39791,39607,9079,48686,456
2022-10-23,Calaveras,009,45235,8562,8541,559,9100,135
2022-10-23,Colusa,011,21464,3809,3807,1286,5093,22
2022-10-23,Contra Costa,013,1133247,252461,251722,20739,272461,1444
2022-10-23,Del Norte,015,27424,7452,7450,404,7854,56
2022-10-23,El Dorado,017,186661,32536,32443,4305,36748,232
2022-10-23,Fresno,019,978130,276100,275502,31382,306884,2893
2022-10-23,Glenn,021,27897,5547,5543,1876,7419,48
2022-10-23,Humboldt,023,135768,22073,21979,5089,27068,160
2022-10-23,Imperial,025,180216,65914,65801,15924,81725,961
2022-10-23,Inyo,027,18085,4500,4497,998,5495,60
2022-10-23,Kern,029,883053,219934,219679,64362,284041,2424
2022-10-23,Kings,031,150075,59724,59632,4092,63724,460
2022-10-23,Lake,033,64148,12874,12847,1210,14057,148
2022-10-23,Lassen,035,31185,9991,9977,992,10969,65
2022-10-23,Los Angeles,037,10098052,3299419,3289814,183782,3473596,33533
2022-10-23,Madera,039,155013,44175,44121,8280,52401,375
2022-10-23,Marin,041,260295,45675,45521,5365,50886,314
2022-10-23,Mariposa,043,17540,3106,3096,363,3459,31
2022-10-23,Mendocino,045,87422,16106,16059,4516,20575,136
2022-10-23,Merced,047,269075,72644,72442,11827,84269,869
2022-10-23,Modoc,049,8938,884,883,325,1208,11
2022-10-23,Mono,051,14174,3215,3212,258,3470,7
2022-10-23,Monterey,053,433212,94442,94275,21131,115406,768
2022-10-23,Napa,055,140530,32432,32395,1433,33828,160
2022-10-23,Nevada,057,99092,19093,19056,1868,20924,132
2022-10-23,Orange,059,3164182,671191,669923,62460,732383,7536
2022-10-23,Placer,061,380077,76204,76022,9601,85623,662
2022-10-23,Plumas,063,18699,3714,3691,432,4123,13
2022-10-23,Riverside,065,2383286,698467,697500,35396,732896,6569
2022-10-23,Sacramento,067,1510023,348963,348260,33961,382221,3337
2022-10-23,San Benito,069,59416,16286,16251,980,17231,107
2022-10-23,San Bernardino,071,2135413,674077,673189,31075,704264,8152
2022-10-23,San Diego,073,3302833,929883,928182,72650,1000832,5517
2022-10-23,San Francisco,075,870044,180461,179967,12109,192076,1056
2022-10-23,San Joaquin,077,732212,198405,198041,14818,212859,2336
2022-10-23,San Luis Obispo,079,281455,63517,63410,7259,70669,525
2022-10-23,San Mateo,081,765935,169990,169484,10669,180153,732
2022-10-23,Santa Barbara,083,443738,106313,106125,6949,113074,726
2022-10-23,Santa Clara,085,1922200,435821,434684,18951,453635,2523
2022-10-23,Santa Cruz,087,273765,63912,63592,3465,67057,275
2022-10-23,Shasta,089,179085,35133,35031,7490,42521,595
2022-10-23,Sierra,091,2930,308,305,60,365,5
2022-10-23,Siskiyou,093,43540,5310,5298,3320,8618,94
2022-10-23,Solano,095,438530,105772,105561,7817,113378,466
2022-10-23,Sonoma,097,501317,107676,107436,5348,112784,527
2022-10-23,Stanislaus,099,539301,138485,138223,21656,159879,1785
2022-10-23,Sutter,101,95872,24411,24393,2470,26863,233
2022-10-23,Tehama,103,63373,13694,13647,3087,16734,209
2022-10-23,Trinity,105,12862,1398,1396,392,1788,20
2022-10-23,Tulare,107,460477,122128,122035,36533,158568,1540
2022-10-23,Tuolumne,109,53932,15655,15626,934,16560,196
2022-10-23,Ventura,111,848112,209795,209427,15856,225283,1571
2022-10-23,Yolo,113,214977,47722,47611,4468,52079,346
2022-10-23,Yuba,115,75493,19015,18969,1727,20696,130
2022-10-22,Alameda,001,1643700,350457,349337,19829,369166,2031
2022-10-22,Alpine,003,1148,136,136,1,137,0
2022-10-22,Amador,005,37829,10040,10025,929,10954,94
2022-10-22,Butte,007,227075,39785,39607,9078,48685,456
2022-10-22,Calaveras,009,45235,8559,8541,559,9100,135
2022-10-22,Colusa,011,21464,3809,3807,1286,5093,22
2022-10-22,Contra Costa,013,1133247,252398,251722,20739,272461,1444
2022-10-22,Del Norte,015,27424,7451,7450,404,7854,56
2022-10-22,El Dorado,017,186661,32530,32443,4305,36748,232
2022-10-22,Fresno,019,978130,276066,275502,31382,306884,2893
2022-10-22,Glenn,021,27897,5546,5543,1876,7419,48
2022-10-22,Humboldt,023,135768,22069,21979,5089,27068,160
2022-10-22,Imperial,025,180216,65903,65801,15924,81725,961
2022-10-22,Inyo,027,18085,4499,4497,998,5495,60
2022-10-22,Kern,029,883053,219920,219679,64353,284032,2424
2022-10-22,Kings,031,150075,59718,59632,4092,63724,460
2022-10-22,Lake,033,64148,12872,12847,1210,14057,148
2022-10-22,Lassen,035,31185,9991,9977,992,10969,65
2022-10-22,Los Angeles,037,10098052,3299007,3289814,183746,3473560,33533
2022-10-22,Madera,039,155013,44168,44121,8280,52401,375
2022-10-22,Marin,041,260295,45657,45521,5364,50885,314
2022-10-22,Mariposa,043,17540,3106,3096,363,3459,31
2022-10-22,Mendocino,045,87422,16105,16059,4516,20575,136
2022-10-22,Merced,047,269075,72635,72442,11827,84269,869
2022-10-22,Modoc,049,8938,884,883,325,1208,11
2022-10-22,Mono,051,14174,3215,3212,258,3470,7
2022-10-22,Monterey,053,433212,94432,94275,21131,115406,768
2022-10-22,Napa,055,140530,32428,32395,1433,33828,160
2022-10-22,Nevada,057,99092,19089,19056,1868,20924,132
2022-10-22,Orange,059,3164182,671102,669923,62459,732382,7536
2022-10-22,Placer,061,380077,76188,76022,9601,85623,662
2022-10-22,Plumas,063,18699,3714,3691,432,4123,13
2022-10-22,Riverside,065,2383286,698380,697500,35396,732896,6569
2022-10-22,Sacramento,067,1510023,348899,348260,33961,382221,3337
2022-10-22,San Benito,069,59416,16278,16251,980,17231,107
2022-10-22,San Bernardino,071,2135413,674001,673189,31075,704264,8152
2022-10-22,San Diego,073,3302833,929754,928182,72636,1000818,5517
2022-10-22,San Francisco,075,870044,180419,179967,12109,192076,1056
2022-10-22,San Joaquin,077,732212,198384,198041,14818,212859,2336
2022-10-22,San Luis Obispo,079,281455,63513,63410,7259,70669,525
2022-10-22,San Mateo,081,765935,169936,169484,10669,180153,732
2022-10-22,Santa Barbara,083,443738,106300,106125,6949,113074,726
2022-10-22,Santa Clara,085,1922200,435694,434684,18951,453635,2523
2022-10-22,Santa Cruz,087,273765,63901,63592,3465,67057,275
2022-10-22,Shasta,089,179085,35129,35031,7490,42521,595
2022-10-22,Sierra,091,2930,308,305,60,365,5
2022-10-22,Siskiyou,093,43540,5306,5298,3320,8618,94
2022-10-22,Solano,095,438530,105752,105561,7817,113378,466
2022-10-22,Sonoma,097,501317,107665,107436,5348,112784,527
2022-10-22,Stanislaus,099,539301,138468,138223,21654,159877,1785
2022-10-22,Sutter,101,95872,24409,24393,2470,26863,233
2022-10-22,Tehama,103,63373,13690,13647,3087,16734,209
2022-10-22,Trinity,105,12862,1398,1396,392,1788,20
2022-10-22,Tulare,107,460477,122119,122035,36533,158568,1540
2022-10-22,Tuolumne,109,53932,15653,15626,934,16560,196
2022-10-22,Ventura,111,848112,209771,209427,15856,225283,1571
2022-10-22,Yolo,113,214977,47714,47611,4468,52079,346
2022-10-22,Yuba,115,75493,19010,18969,1727,20696,130
2022-10-21,Alameda,001,1643700,350383,349337,19829,369166,2031
2022-10-21,Alpine,003,1148,136,136,1,137,0
2022-10-21,Amador,005,37829,10039,10025,929,10954,94
2022-10-21,Butte,007,227075,39774,39607,9078,48685,456
2022-10-21,Calaveras,009,45235,8559,8541,559,9100,135
2022-10-21,Colusa,011,21464,3808,3807,1286,5093,22
2022-10-21,Contra Costa,013,1133247,252333,251722,20739,272461,1444
2022-10-21,Del Norte,015,27424,7451,7450,404,7854,56
2022-10-21,El Dorado,017,186661,32521,32443,4305,36748,232
2022-10-21,Fresno,019,978130,276031,275502,31382,306884,2893
2022-10-21,Glenn,021,27897,5546,5543,1876,7419,48
2022-10-21,Humboldt,023,135768,22061,21979,5089,27068,160
2022-10-21,Imperial,025,180216,65899,65801,15924,81725,961
2022-10-21,Inyo,027,18085,4499,4497,998,5495,60
2022-10-21,Kern,029,883053,219900,219679,64334,284013,2424
2022-10-21,Kings,031,150075,59713,59632,4092,63724,460
2022-10-21,Lake,033,64148,12871,12847,1210,14057,148
2022-10-21,Lassen,035,31185,9989,9977,992,10969,65
2022-10-21,Los Angeles,037,10098052,3298547,3289814,183690,3473504,33533
2022-10-21,Madera,039,155013,44162,44121,8280,52401,375
2022-10-21,Marin,041,260295,45638,45521,5364,50885,314
2022-10-21,Mariposa,043,17540,3105,3096,363,3459,31
2022-10-21,Mendocino,045,87422,16098,16059,4516,20575,136
2022-10-21,Merced,047,269075,72629,72442,11827,84269,869
2022-10-21,Modoc,049,8938,884,883,325,1208,11
2022-10-21,Mono,051,14174,3215,3212,258,3470,7
2022-10-21,Monterey,053,433212,94417,94275,21131,115406,768
2022-10-21,Napa,055,140530,32426,32395,1433,33828,160
2022-10-21,Nevada,057,99092,19086,19056,1868,20924,132
2022-10-21,Orange,059,3164182,670982,669923,62459,732382,7536
2022-10-21,Placer,061,380077,76170,76022,9601,85623,662
2022-10-21,Plumas,063,18699,3713,3691,432,4123,13
2022-10-21,Riverside,065,2383286,698297,697500,35396,732896,6569
2022-10-21,Sacramento,067,1510023,348828,348260,33961,382221,3337
2022-10-21,San Benito,069,59416,16276,16251,980,17231,107
2022-10-21,San Bernardino,071,2135413,673927,673189,31075,704264,8152
2022-10-21,San Diego,073,3302833,929617,928182,72612,1000794,5517
2022-10-21,San Francisco,075,870044,180382,179967,12109,192076,1056
2022-10-21,San Joaquin,077,732212,198357,198041,14817,212858,2336
2022-10-21,San Luis Obispo,079,281455,63506,63410,7259,70669,525
2022-10-21,San Mateo,081,765935,169898,169484,10669,180153,732
2022-10-21,Santa Barbara,083,443738,106287,106125,6949,113074,726
2022-10-21,Santa Clara,085,1922200,435568,434684,18951,453635,2523
2022-10-21,Santa Cruz,087,273765,63887,63592,3465,67057,275
2022-10-21,Shasta,089,179085,35121,35031,7490,42521,595
2022-10-21,Sierra,091,2930,308,305,60,365,5
2022-10-21,Siskiyou,093,43540,5306,5298,3320,8618,94
2022-10-21,Solano,095,438530,105729,105561,7817,113378,466
2022-10-21,Sonoma,097,501317,107642,107436,5348,112784,527
2022-10-21,Stanislaus,099,539301,138455,138223,21651,159874,1785
2022-10-21,Sutter,101,95872,24402,24393,2470,26863,233
2022-10-21,Tehama,103,63373,13686,13647,3087,16734,209
2022-10-21,Trinity,105,12862,1398,1396,392,1788,20
2022-10-21,Tulare,107,460477,122110,122035,36533,158568,1540
2022-10-21,Tuolumne,109,53932,15649,15626,934,16560,196
2022-10-21,Ventura,111,848112,209743,209427,15856,225283,1571
2022-10-21,Yolo,113,214977,47704,47611,4467,52078,346
2022-10-21,Yuba,115,75493,19001,18969,1727,20696,130
2022-10-20,Alameda,001,1643700,350251,349337,19829,369166,2031
2022-10-20,Alpine,003,1148,136,136,1,137,0
2022-10-20,Amador,005,37829,10034,10025,929,10954,94
2022-10-20,Butte,007,227075,39767,39607,9078,48685,456
2022-10-20,Calaveras,009,45235,8558,8541,559,9100,135
2022-10-20,Colusa,011,21464,3808,3807,1286,5093,22
2022-10-20,Contra Costa,013,1133247,252233,251722,20739,272461,1444
2022-10-20,Del Norte,015,27424,7451,7450,404,7854,56
2022-10-20,El Dorado,017,186661,32510,32443,4305,36748,232
2022-10-20,Fresno,019,978130,275981,275502,31382,306884,2893
2022-10-20,Glenn,021,27897,5546,5543,1876,7419,48
2022-10-20,Humboldt,023,135768,22055,21979,5089,27068,160
2022-10-20,Imperial,025,180216,65892,65801,15924,81725,961
2022-10-20,Inyo,027,18085,4497,4497,998,5495,60
2022-10-20,Kern,029,883053,219867,219679,64320,283999,2424
2022-10-20,Kings,031,150075,59698,59632,4092,63724,460
2022-10-20,Lake,033,64148,12867,12847,1210,14057,148
2022-10-20,Lassen,035,31185,9986,9977,992,10969,65
2022-10-20,Los Angeles,037,10098052,3297869,3289814,183591,3473405,33533
2022-10-20,Madera,039,155013,44153,44121,8280,52401,375
2022-10-20,Marin,041,260295,45621,45521,5363,50884,314
2022-10-20,Mariposa,043,17540,3104,3096,363,3459,31
2022-10-20,Mendocino,045,87422,16094,16059,4516,20575,136
2022-10-20,Merced,047,269075,72620,72442,11827,84269,869
2022-10-20,Modoc,049,8938,883,883,325,1208,11
2022-10-20,Mono,051,14174,3215,3212,257,3469,7
2022-10-20,Monterey,053,433212,94406,94275,21131,115406,768
2022-10-20,Napa,055,140530,32420,32395,1433,33828,160
2022-10-20,Nevada,057,99092,19084,19056,1867,20923,132
2022-10-20,Orange,059,3164182,670851,669923,62456,732379,7536
2022-10-20,Placer,061,380077,76146,76022,9601,85623,662
2022-10-20,Plumas,063,18699,3712,3691,432,4123,13
2022-10-20,Riverside,065,2383286,698175,697500,35396,732896,6569
2022-10-20,Sacramento,067,1510023,348704,348260,33961,382221,3337
2022-10-20,San Benito,069,59416,16274,16251,980,17231,107
2022-10-20,San Bernardino,071,2135413,673817,673189,31075,704264,8152
2022-10-20,San Diego,073,3302833,929438,928182,72573,1000755,5517
2022-10-20,San Francisco,075,870044,180329,179967,12109,192076,1056
2022-10-20,San Joaquin,077,732212,198325,198041,14817,212858,2336
2022-10-20,San Luis Obispo,079,281455,63496,63410,7259,70669,525
2022-10-20,San Mateo,081,765935,169830,169484,10669,180153,732
2022-10-20,Santa Barbara,083,443738,106265,106125,6949,113074,726
2022-10-20,Santa Clara,085,1922200,435424,434684,18951,453635,2523
2022-10-20,Santa Cruz,087,273765,63850,63592,3465,67057,275
2022-10-20,Shasta,089,179085,35111,35031,7490,42521,595
2022-10-20,Sierra,091,2930,308,305,60,365,5
2022-10-20,Siskiyou,093,43540,5304,5298,3320,8618,94
2022-10-20,Solano,095,438530,105694,105561,7817,113378,466
2022-10-20,Sonoma,097,501317,107608,107436,5348,112784,527
2022-10-20,Stanislaus,099,539301,138418,138223,21649,159872,1785
2022-10-20,Sutter,101,95872,24398,24393,2470,26863,233
2022-10-20,Tehama,103,63373,13681,13647,3087,16734,209
2022-10-20,Trinity,105,12862,1398,1396,392,1788,20
2022-10-20,Tulare,107,460477,122095,122035,36532,158567,1540
2022-10-20,Tuolumne,109,53932,15643,15626,934,16560,196
2022-10-20,Ventura,111,848112,209706,209427,15856,225283,1571
2022-10-20,Yolo,113,214977,47694,47611,4467,52078,346
2022-10-20,Yuba,115,75493,18995,18969,1727,20696,130
2022-10-19,Alameda,001,1643700,350116,349337,19829,369166,2031
2022-10-19,Alpine,003,1148,136,136,1,137,0
2022-10-19,Amador,005,37829,10032,10025,929,10954,94
2022-10-19,Butte,007,227075,39761,39607,9077,48684,456
2022-10-19,Calaveras,009,45235,8556,8541,559,9100,135
2022-10-19,Colusa,011,21464,3807,3807,1286,5093,22
2022-10-19,Contra Costa,013,1133247,252153,251722,20739,272461,1444
2022-10-19,Del Norte,015,27424,7451,7450,404,7854,56
2022-10-19,El Dorado,017,186661,32499,32443,4305,36748,232
2022-10-19,Fresno,019,978130,275919,275502,31381,306883,2893
2022-10-19,Glenn,021,27897,5543,5543,1876,7419,48
2022-10-19,Humboldt,023,135768,22040,21979,5087,27066,160
2022-10-19,Imperial,025,180216,65878,65801,15923,81724,961
2022-10-19,Inyo,027,18085,4497,4497,998,5495,60
2022-10-19,Kern,029,883053,219825,219679,64298,283977,2424
2022-10-19,Kings,031,150075,59684,59632,4092,63724,460
2022-10-19,Lake,033,64148,12862,12847,1210,14057,148
2022-10-19,Lassen,035,31185,9983,9977,992,10969,65
2022-10-19,Los Angeles,037,10098052,3297101,3289814,183473,3473287,33533
2022-10-19,Madera,039,155013,44145,44121,8279,52400,375
2022-10-19,Marin,041,260295,45601,45521,5362,50883,314
2022-10-19,Mariposa,043,17540,3101,3096,363,3459,31
2022-10-19,Mendocino,045,87422,16090,16059,4516,20575,136
2022-10-19,Merced,047,269075,72603,72442,11827,84269,869
2022-10-19,Modoc,049,8938,883,883,325,1208,11
2022-10-19,Mono,051,14174,3214,3212,257,3469,7
2022-10-19,Monterey,053,433212,94392,94275,21125,115400,768
2022-10-19,Napa,055,140530,32413,32395,1433,33828,160
2022-10-19,Nevada,057,99092,19080,19056,1867,20923,132
2022-10-19,Orange,059,3164182,670645,669923,62452,732375,7536
2022-10-19,Placer,061,380077,76128,76022,9599,85621,662
2022-10-19,Plumas,063,18699,3709,3691,432,4123,13
2022-10-19,Riverside,065,2383286,698066,697500,35396,732896,6569
2022-10-19,Sacramento,067,1510023,348604,348260,33961,382221,3337
2022-10-19,San Benito,069,59416,16272,16251,980,17231,107
2022-10-19,San Bernardino,071,2135413,673689,673189,31075,704264,8152
2022-10-19,San Diego,073,3302833,929192,928182,72528,1000710,5517
2022-10-19,San Francisco,075,870044,180258,179967,12109,192076,1056
2022-10-19,San Joaquin,077,732212,198281,198041,14814,212855,2336
2022-10-19,San Luis Obispo,079,281455,63483,63410,7259,70669,525
2022-10-19,San Mateo,081,765935,169768,169484,10669,180153,732
2022-10-19,Santa Barbara,083,443738,106239,106125,6949,113074,726
2022-10-19,Santa Clara,085,1922200,435265,434684,18951,453635,2523
2022-10-19,Santa Cruz,087,273765,63800,63592,3465,67057,275
2022-10-19,Shasta,089,179085,35103,35031,7490,42521,595
2022-10-19,Sierra,091,2930,308,305,60,365,5
2022-10-19,Siskiyou,093,43540,5303,5298,3320,8618,94
2022-10-19,Solano,095,438530,105662,105561,7817,113378,466
2022-10-19,Sonoma,097,501317,107579,107436,5348,112784,527
2022-10-19,Stanislaus,099,539301,138386,138223,21647,159870,1785
2022-10-19,Sutter,101,95872,24395,24393,2470,26863,233
2022-10-19,Tehama,103,63373,13677,13647,3087,16734,209
2022-10-19,Trinity,105,12862,1397,1396,392,1788,20
2022-10-19,Tulare,107,460477,122085,122035,36529,158564,1540
2022-10-19,Tuolumne,109,53932,15639,15626,934,16560,196
2022-10-19,Ventura,111,848112,209664,209427,15856,225283,1571
2022-10-19,Yolo,113,214977,47684,47611,4467,52078,346
2022-10-19,Yuba,115,75493,18986,18969,1727,20696,130
2022-10-18,Alameda,001,1643700,349991,349337,19829,369166,2031
2022-10-18,Alpine,003,1148,136,136,1,137,0
2022-10-18,Amador,005,37829,10029,10025,929,10954,94
2022-10-18,Butte,007,227075,39752,39607,9077,48684,456
2022-10-18,Calaveras,009,45235,8551,8541,559,9100,135
2022-10-18,Colusa,011,21464,3806,3807,1286,5093,22
2022-10-18,Contra Costa,013,1133247,252065,251722,20738,272460,1444
2022-10-18,Del Norte,015,27424,7447,7450,404,7854,56
2022-10-18,El Dorado,017,186661,32482,32443,4303,36746,232
2022-10-18,Fresno,019,978130,275863,275502,31381,306883,2893
2022-10-18,Glenn,021,27897,5543,5543,1876,7419,48
2022-10-18,Humboldt,023,135768,22027,21979,5084,27063,160
2022-10-18,Imperial,025,180216,65857,65801,15923,81724,961
2022-10-18,Inyo,027,18085,4497,4497,998,5495,60
2022-10-18,Kern,029,883053,219782,219679,64268,283947,2424
2022-10-18,Kings,031,150075,59668,59632,4091,63723,460
2022-10-18,Lake,033,64148,12856,12847,1210,14057,148
2022-10-18,Lassen,035,31185,9980,9977,992,10969,65
2022-10-18,Los Angeles,037,10098052,3296340,3289814,183352,3473166,33533
2022-10-18,Madera,039,155013,44136,44121,8279,52400,375
2022-10-18,Marin,041,260295,45578,45521,5357,50878,314
2022-10-18,Mariposa,043,17540,3099,3096,363,3459,31
2022-10-18,Mendocino,045,87422,16080,16059,4516,20575,136
2022-10-18,Merced,047,269075,72584,72442,11827,84269,869
2022-10-18,Modoc,049,8938,883,883,325,1208,11
2022-10-18,Mono,051,14174,3213,3212,257,3469,7
2022-10-18,Monterey,053,433212,94366,94275,21123,115398,768
2022-10-18,Napa,055,140530,32409,32395,1433,33828,160
2022-10-18,Nevada,057,99092,19075,19056,1867,20923,132
2022-10-18,Orange,059,3164182,670468,669923,62430,732353,7536
2022-10-18,Placer,061,380077,76107,76022,9598,85620,662
2022-10-18,Plumas,063,18699,3708,3691,432,4123,13
2022-10-18,Riverside,065,2383286,697922,697500,35395,732895,6569
2022-10-18,Sacramento,067,1510023,348497,348260,33961,382221,3337
2022-10-18,San Benito,069,59416,16267,16251,980,17231,107
2022-10-18,San Bernardino,071,2135413,673583,673189,31074,704263,8152
2022-10-18,San Diego,073,3302833,928912,928182,72481,1000663,5517
2022-10-18,San Francisco,075,870044,180187,179967,12109,192076,1056
2022-10-18,San Joaquin,077,732212,198244,198041,14811,212852,2336
2022-10-18,San Luis Obispo,079,281455,63461,63410,7258,70668,525
2022-10-18,San Mateo,081,765935,169694,169484,10669,180153,732
2022-10-18,Santa Barbara,083,443738,106214,106125,6949,113074,726
2022-10-18,Santa Clara,085,1922200,435095,434684,18950,453634,2523
2022-10-18,Santa Cruz,087,273765,63779,63592,3465,67057,275
2022-10-18,Shasta,089,179085,35096,35031,7490,42521,595
2022-10-18,Sierra,091,2930,308,305,60,365,5
2022-10-18,Siskiyou,093,43540,5303,5298,3320,8618,94
2022-10-18,Solano,095,438530,105628,105561,7817,113378,466
2022-10-18,Sonoma,097,501317,107534,107436,5348,112784,527
2022-10-18,Stanislaus,099,539301,138362,138223,21643,159866,1785
2022-10-18,Sutter,101,95872,24391,24393,2470,26863,233
2022-10-18,Tehama,103,63373,13670,13647,3087,16734,209
2022-10-18,Trinity,105,12862,1397,1396,392,1788,20
2022-10-18,Tulare,107,460477,122066,122035,36527,158562,1540
2022-10-18,Tuolumne,109,53932,15635,15626,934,16560,196
2022-10-18,Ventura,111,848112,209603,209427,15856,225283,1571
2022-10-18,Yolo,113,214977,47675,47611,4467,52078,346
2022-10-18,Yuba,115,75493,18981,18969,1727,20696,130
2022-10-17,Alameda,001,1643700,349845,348487,19829,368316,2027
2022-10-17,Alpine,003,1148,136,135,1,136,0
2022-10-17,Amador,005,37829,10026,10013,929,10942,93
2022-10-17,Butte,007,227075,39737,39567,9077,48644,456
2022-10-17,Calaveras,009,45235,8548,8523,559,9082,133
2022-10-17,Colusa,011,21464,3806,3805,1285,5090,22
2022-10-17,Contra Costa,013,1133247,251958,250897,20737,271634,1440
2022-10-17,Del Norte,015,27424,7447,7440,404,7844,56
2022-10-17,El Dorado,017,186661,32470,32373,4303,36676,231
2022-10-17,Fresno,019,978130,275796,275035,31380,306415,2873
2022-10-17,Glenn,021,27897,5540,5532,1876,7408,48
2022-10-17,Humboldt,023,135768,22014,21914,5076,26990,159
2022-10-17,Imperial,025,180216,65839,65691,15923,81614,958
2022-10-17,Inyo,027,18085,4497,4492,997,5489,60
2022-10-17,Kern,029,883053,219739,219487,64241,283728,2420
2022-10-17,Kings,031,150075,59655,59560,4090,63650,459
2022-10-17,Lake,033,64148,12853,12815,1209,14024,146
2022-10-17,Lassen,035,31185,9978,9970,992,10962,65
2022-10-17,Los Angeles,037,10098052,3295493,3285385,183226,3468611,33525
2022-10-17,Madera,039,155013,44131,44078,8279,52357,375
2022-10-17,Marin,041,260295,45561,45378,5355,50733,315
2022-10-17,Mariposa,043,17540,3097,3091,363,3454,31
2022-10-17,Mendocino,045,87422,16075,16023,4516,20539,136
2022-10-17,Merced,047,269075,72565,72326,11827,84153,868
2022-10-17,Modoc,049,8938,883,882,325,1207,11
2022-10-17,Mono,051,14174,3213,3206,257,3463,7
2022-10-17,Monterey,053,433212,94342,94183,21119,115302,768
2022-10-17,Napa,055,140530,32400,32326,1433,33759,161
2022-10-17,Nevada,057,99092,19071,19023,1867,20890,132
2022-10-17,Orange,059,3164182,670294,668814,62415,731229,7473
2022-10-17,Placer,061,380077,76080,75902,9593,85495,660
2022-10-17,Plumas,063,18699,3703,3682,432,4114,13
2022-10-17,Riverside,065,2383286,697772,696402,35394,731796,6561
2022-10-17,Sacramento,067,1510023,348367,347495,33961,381456,3324
2022-10-17,San Benito,069,59416,16255,16223,980,17203,107
2022-10-17,San Bernardino,071,2135413,673448,672221,31073,703294,8148
2022-10-17,San Diego,073,3302833,928625,926574,72430,999004,5507
2022-10-17,San Francisco,075,870044,180109,179482,12109,191591,1048
2022-10-17,San Joaquin,077,732212,198198,197672,14809,212481,2322
2022-10-17,San Luis Obispo,079,281455,63446,63321,7257,70578,524
2022-10-17,San Mateo,081,765935,169631,168944,10669,179613,732
2022-10-17,Santa Barbara,083,443738,106196,105931,6949,112880,726
2022-10-17,Santa Clara,085,1922200,434888,433458,18950,452408,2513
2022-10-17,Santa Cruz,087,273765,63730,63316,3465,66781,273
2022-10-17,Shasta,089,179085,35074,34971,7490,42461,595
2022-10-17,Sierra,091,2930,306,305,60,365,5
2022-10-17,Siskiyou,093,43540,5300,5287,3320,8607,92
2022-10-17,Solano,095,438530,105590,105287,7816,113103,465
2022-10-17,Sonoma,097,501317,107493,107199,5346,112545,520
2022-10-17,Stanislaus,099,539301,138333,137994,21637,159631,1782
2022-10-17,Sutter,101,95872,24390,24357,2470,26827,233
2022-10-17,Tehama,103,63373,13666,13624,3086,16710,209
2022-10-17,Trinity,105,12862,1397,1396,392,1788,20
2022-10-17,Tulare,107,460477,122050,121902,36522,158424,1538
2022-10-17,Tuolumne,109,53932,15629,15586,934,16520,196
2022-10-17,Ventura,111,848112,209563,209051,15856,224907,1571
2022-10-17,Yolo,113,214977,47655,47498,4467,51965,343
2022-10-17,Yuba,115,75493,18975,18934,1727,20661,129
2022-10-16,Alameda,001,1643700,349684,348487,19829,368316,2027
2022-10-16,Alpine,003,1148,136,135,1,136,0
2022-10-16,Amador,005,37829,10024,10013,929,10942,93
2022-10-16,Butte,007,227075,39719,39567,9077,48644,456
2022-10-16,Calaveras,009,45235,8547,8523,559,9082,133
2022-10-16,Colusa,011,21464,3805,3805,1285,5090,22
2022-10-16,Contra Costa,013,1133247,251838,250897,20737,271634,1440
2022-10-16,Del Norte,015,27424,7446,7440,404,7844,56
2022-10-16,El Dorado,017,186661,32460,32373,4302,36675,231
2022-10-16,Fresno,019,978130,275710,275035,31380,306415,2873
2022-10-16,Glenn,021,27897,5539,5532,1876,7408,48
2022-10-16,Humboldt,023,135768,21992,21914,5071,26985,159
2022-10-16,Imperial,025,180216,65806,65691,15923,81614,958
2022-10-16,Inyo,027,18085,4497,4492,997,5489,60
2022-10-16,Kern,029,883053,219697,219487,64202,283689,2420
2022-10-16,Kings,031,150075,59644,59560,4090,63650,459
2022-10-16,Lake,033,64148,12848,12815,1209,14024,146
2022-10-16,Lassen,035,31185,9977,9970,992,10962,65
2022-10-16,Los Angeles,037,10098052,3294629,3285385,183121,3468506,33525
2022-10-16,Madera,039,155013,44117,44078,8279,52357,375
2022-10-16,Marin,041,260295,45541,45378,5354,50732,315
2022-10-16,Mariposa,043,17540,3096,3091,363,3454,31
2022-10-16,Mendocino,045,87422,16068,16023,4516,20539,136
2022-10-16,Merced,047,269075,72545,72326,11827,84153,868
2022-10-16,Modoc,049,8938,883,882,325,1207,11
2022-10-16,Mono,051,14174,3212,3206,257,3463,7
2022-10-16,Monterey,053,433212,94316,94183,21114,115297,768
2022-10-16,Napa,055,140530,32392,32326,1433,33759,161
2022-10-16,Nevada,057,99092,19068,19023,1867,20890,132
2022-10-16,Orange,059,3164182,670098,668814,62408,731222,7473
2022-10-16,Placer,061,380077,76064,75902,9588,85490,660
2022-10-16,Plumas,063,18699,3699,3682,432,4114,13
2022-10-16,Riverside,065,2383286,697608,696402,35392,731794,6561
2022-10-16,Sacramento,067,1510023,348206,347495,33961,381456,3324
2022-10-16,San Benito,069,59416,16251,16223,979,17202,107
2022-10-16,San Bernardino,071,2135413,673291,672221,31073,703294,8148
2022-10-16,San Diego,073,3302833,928308,926574,72384,998958,5507
2022-10-16,San Francisco,075,870044,180011,179482,12109,191591,1048
2022-10-16,San Joaquin,077,732212,198125,197672,14805,212477,2322
2022-10-16,San Luis Obispo,079,281455,63424,63321,7255,70576,524
2022-10-16,San Mateo,081,765935,169533,168944,10669,179613,732
2022-10-16,Santa Barbara,083,443738,106169,105931,6949,112880,726
2022-10-16,Santa Clara,085,1922200,434699,433458,18948,452406,2513
2022-10-16,Santa Cruz,087,273765,63645,63316,3464,66780,273
2022-10-16,Shasta,089,179085,35060,34971,7490,42461,595
2022-10-16,Sierra,091,2930,306,305,60,365,5
2022-10-16,Siskiyou,093,43540,5297,5287,3320,8607,92
2022-10-16,Solano,095,438530,105545,105287,7816,113103,465
2022-10-16,Sonoma,097,501317,107442,107199,5346,112545,520
2022-10-16,Stanislaus,099,539301,138307,137994,21635,159629,1782
2022-10-16,Sutter,101,95872,24384,24357,2470,26827,233
2022-10-16,Tehama,103,63373,13661,13624,3086,16710,209
2022-10-16,Trinity,105,12862,1397,1396,392,1788,20
2022-10-16,Tulare,107,460477,122021,121902,36520,158422,1538
2022-10-16,Tuolumne,109,53932,15627,15586,934,16520,196
2022-10-16,Ventura,111,848112,209493,209051,15856,224907,1571
2022-10-16,Yolo,113,214977,47640,47498,4467,51965,343
2022-10-16,Yuba,115,75493,18970,18934,1727,20661,129
2022-10-15,Alameda,001,1643700,349589,348487,19829,368316,2027
2022-10-15,Alpine,003,1148,136,135,1,136,0
2022-10-15,Amador,005,37829,10022,10013,929,10942,93
2022-10-15,Butte,007,227075,39716,39567,9077,48644,456
2022-10-15,Calaveras,009,45235,8544,8523,559,9082,133
2022-10-15,Colusa,011,21464,3805,3805,1285,5090,22
2022-10-15,Contra Costa,013,1133247,251768,250897,20737,271634,1440
2022-10-15,Del Norte,015,27424,7446,7440,404,7844,56
2022-10-15,El Dorado,017,186661,32451,32373,4302,36675,231
2022-10-15,Fresno,019,978130,275683,275035,31380,306415,2873
2022-10-15,Glenn,021,27897,5538,5532,1876,7408,48
2022-10-15,Humboldt,023,135768,21984,21914,5067,26981,159
2022-10-15,Imperial,025,180216,65799,65691,15923,81614,958
2022-10-15,Inyo,027,18085,4497,4492,997,5489,60
2022-10-15,Kern,029,883053,219672,219487,64172,283659,2420
2022-10-15,Kings,031,150075,59628,59560,4090,63650,459
2022-10-15,Lake,033,64148,12848,12815,1209,14024,146
2022-10-15,Lassen,035,31185,9976,9970,992,10962,65
2022-10-15,Los Angeles,037,10098052,3294184,3285385,183060,3468445,33525
2022-10-15,Madera,039,155013,44114,44078,8279,52357,375
2022-10-15,Marin,041,260295,45526,45378,5352,50730,315
2022-10-15,Mariposa,043,17540,3096,3091,363,3454,31
2022-10-15,Mendocino,045,87422,16061,16023,4516,20539,136
2022-10-15,Merced,047,269075,72534,72326,11827,84153,868
2022-10-15,Modoc,049,8938,883,882,325,1207,11
2022-10-15,Mono,051,14174,3211,3206,257,3463,7
2022-10-15,Monterey,053,433212,94301,94183,21110,115293,768
2022-10-15,Napa,055,140530,32389,32326,1433,33759,161
2022-10-15,Nevada,057,99092,19064,19023,1867,20890,132
2022-10-15,Orange,059,3164182,669995,668814,62408,731222,7473
2022-10-15,Placer,061,380077,76059,75902,9587,85489,660
2022-10-15,Plumas,063,18699,3698,3682,432,4114,13
2022-10-15,Riverside,065,2383286,697520,696402,35392,731794,6561
2022-10-15,Sacramento,067,1510023,348129,347495,33961,381456,3324
2022-10-15,San Benito,069,59416,16249,16223,979,17202,107
2022-10-15,San Bernardino,071,2135413,673221,672221,31072,703293,8148
2022-10-15,San Diego,073,3302833,928195,926574,72373,998947,5507
2022-10-15,San Francisco,075,870044,179962,179482,12109,191591,1048
2022-10-15,San Joaquin,077,732212,198089,197672,14804,212476,2322
2022-10-15,San Luis Obispo,079,281455,63416,63321,7252,70573,524
2022-10-15,San Mateo,081,765935,169482,168944,10669,179613,732
2022-10-15,Santa Barbara,083,443738,106145,105931,6947,112878,726
2022-10-15,Santa Clara,085,1922200,434595,433458,18948,452406,2513
2022-10-15,Santa Cruz,087,273765,63618,63316,3462,66778,273
2022-10-15,Shasta,089,179085,35053,34971,7490,42461,595
2022-10-15,Sierra,091,2930,306,305,60,365,5
2022-10-15,Siskiyou,093,43540,5296,5287,3320,8607,92
2022-10-15,Solano,095,438530,105528,105287,7816,113103,465
2022-10-15,Sonoma,097,501317,107420,107199,5346,112545,520
2022-10-15,Stanislaus,099,539301,138290,137994,21634,159628,1782
2022-10-15,Sutter,101,95872,24382,24357,2470,26827,233
2022-10-15,Tehama,103,63373,13659,13624,3086,16710,209
2022-10-15,Trinity,105,12862,1397,1396,392,1788,20
2022-10-15,Tulare,107,460477,122009,121902,36518,158420,1538
2022-10-15,Tuolumne,109,53932,15621,15586,934,16520,196
2022-10-15,Ventura,111,848112,209462,209051,15856,224907,1571
2022-10-15,Yolo,113,214977,47632,47498,4466,51964,343
2022-10-15,Yuba,115,75493,18969,18934,1727,20661,129
2022-10-14,Alameda,001,1643700,349516,348487,19829,368316,2027
2022-10-14,Alpine,003,1148,136,135,1,136,0
2022-10-14,Amador,005,37829,10022,10013,929,10942,93
2022-10-14,Butte,007,227075,39708,39567,9076,48643,456
2022-10-14,Calaveras,009,45235,8541,8523,559,9082,133
2022-10-14,Colusa,011,21464,3804,3805,1285,5090,22
2022-10-14,Contra Costa,013,1133247,251710,250897,20737,271634,1440
2022-10-14,Del Norte,015,27424,7446,7440,404,7844,56
2022-10-14,El Dorado,017,186661,32445,32373,4302,36675,231
2022-10-14,Fresno,019,978130,275652,275035,31380,306415,2873
2022-10-14,Glenn,021,27897,5538,5532,1876,7408,48
2022-10-14,Humboldt,023,135768,21982,21914,5065,26979,159
2022-10-14,Imperial,025,180216,65789,65691,15923,81614,958
2022-10-14,Inyo,027,18085,4497,4492,997,5489,60
2022-10-14,Kern,029,883053,219656,219487,64149,283636,2420
2022-10-14,Kings,031,150075,59622,59560,4090,63650,459
2022-10-14,Lake,033,64148,12847,12815,1209,14024,146
2022-10-14,Lassen,035,31185,9976,9970,992,10962,65
2022-10-14,Los Angeles,037,10098052,3293702,3285385,182978,3468363,33525
2022-10-14,Madera,039,155013,44109,44078,8279,52357,375
2022-10-14,Marin,041,260295,45516,45378,5351,50729,315
2022-10-14,Mariposa,043,17540,3096,3091,363,3454,31
2022-10-14,Mendocino,045,87422,16056,16023,4516,20539,136
2022-10-14,Merced,047,269075,72522,72326,11827,84153,868
2022-10-14,Modoc,049,8938,883,882,325,1207,11
2022-10-14,Mono,051,14174,3211,3206,257,3463,7
2022-10-14,Monterey,053,433212,94282,94183,21109,115292,768
2022-10-14,Napa,055,140530,32381,32326,1433,33759,161
2022-10-14,Nevada,057,99092,19057,19023,1867,20890,132
2022-10-14,Orange,059,3164182,669893,668814,62408,731222,7473
2022-10-14,Placer,061,380077,76043,75902,9584,85486,660
2022-10-14,Plumas,063,18699,3697,3682,432,4114,13
2022-10-14,Riverside,065,2383286,697427,696402,35392,731794,6561
2022-10-14,Sacramento,067,1510023,348057,347495,33961,381456,3324
2022-10-14,San Benito,069,59416,16245,16223,979,17202,107
2022-10-14,San Bernardino,071,2135413,673147,672221,31071,703292,8148
2022-10-14,San Diego,073,3302833,927987,926574,72348,998922,5507
2022-10-14,San Francisco,075,870044,179916,179482,12109,191591,1048
2022-10-14,San Joaquin,077,732212,198057,197672,14803,212475,2322
2022-10-14,San Luis Obispo,079,281455,63406,63321,7250,70571,524
2022-10-14,San Mateo,081,765935,169436,168944,10669,179613,732
2022-10-14,Santa Barbara,083,443738,106130,105931,6947,112878,726
2022-10-14,Santa Clara,085,1922200,434458,433458,18948,452406,2513
2022-10-14,Santa Cruz,087,273765,63589,63316,3461,66777,273
2022-10-14,Shasta,089,179085,35048,34971,7490,42461,595
2022-10-14,Sierra,091,2930,306,305,60,365,5
2022-10-14,Siskiyou,093,43540,5295,5287,3320,8607,92
2022-10-14,Solano,095,438530,105497,105287,7816,113103,465
2022-10-14,Sonoma,097,501317,107400,107199,5346,112545,520
2022-10-14,Stanislaus,099,539301,138267,137994,21631,159625,1782
2022-10-14,Sutter,101,95872,24375,24357,2470,26827,233
2022-10-14,Tehama,103,63373,13655,13624,3085,16709,209
2022-10-14,Trinity,105,12862,1397,1396,392,1788,20
2022-10-14,Tulare,107,460477,121993,121902,36518,158420,1538
2022-10-14,Tuolumne,109,53932,15617,15586,934,16520,196
2022-10-14,Ventura,111,848112,209415,209051,15856,224907,1571
2022-10-14,Yolo,113,214977,47622,47498,4465,51963,343
2022-10-14,Yuba,115,75493,18963,18934,1727,20661,129
2022-10-13,Alameda,001,1643700,349377,348487,19828,368315,2027
2022-10-13,Alpine,003,1148,136,135,1,136,0
2022-10-13,Amador,005,37829,10020,10013,929,10942,93
2022-10-13,Butte,007,227075,39698,39567,9075,48642,456
2022-10-13,Calaveras,009,45235,8539,8523,559,9082,133
2022-10-13,Colusa,011,21464,3804,3805,1285,5090,22
2022-10-13,Contra Costa,013,1133247,251623,250897,20737,271634,1440
2022-10-13,Del Norte,015,27424,7445,7440,404,7844,56
2022-10-13,El Dorado,017,186661,32439,32373,4302,36675,231
2022-10-13,Fresno,019,978130,275610,275035,31380,306415,2873
2022-10-13,Glenn,021,27897,5538,5532,1876,7408,48
2022-10-13,Humboldt,023,135768,21971,21914,5065,26979,159
2022-10-13,Imperial,025,180216,65775,65691,15923,81614,958
2022-10-13,Inyo,027,18085,4496,4492,997,5489,60
2022-10-13,Kern,029,883053,219624,219487,64119,283606,2420
2022-10-13,Kings,031,150075,59613,59560,4090,63650,459
2022-10-13,Lake,033,64148,12845,12815,1209,14024,146
2022-10-13,Lassen,035,31185,9975,9970,992,10962,65
2022-10-13,Los Angeles,037,10098052,3292980,3285385,182853,3468238,33525
2022-10-13,Madera,039,155013,44103,44078,8279,52357,375
2022-10-13,Marin,041,260295,45487,45378,5345,50723,315
2022-10-13,Mariposa,043,17540,3095,3091,363,3454,31
2022-10-13,Mendocino,045,87422,16050,16023,4516,20539,136
2022-10-13,Merced,047,269075,72507,72326,11825,84151,868
2022-10-13,Modoc,049,8938,883,882,325,1207,11
2022-10-13,Mono,051,14174,3210,3206,257,3463,7
2022-10-13,Monterey,053,433212,94270,94183,21106,115289,768
2022-10-13,Napa,055,140530,32367,32326,1432,33758,161
2022-10-13,Nevada,057,99092,19047,19023,1867,20890,132
2022-10-13,Orange,059,3164182,669741,668814,62405,731219,7473
2022-10-13,Placer,061,380077,76029,75902,9582,85484,660
2022-10-13,Plumas,063,18699,3695,3682,432,4114,13
2022-10-13,Riverside,065,2383286,697308,696402,35392,731794,6561
2022-10-13,Sacramento,067,1510023,347938,347495,33961,381456,3324
2022-10-13,San Benito,069,59416,16244,16223,979,17202,107
2022-10-13,San Bernardino,071,2135413,673055,672221,31070,703291,8148
2022-10-13,San Diego,073,3302833,927787,926574,72323,998897,5507
2022-10-13,San Francisco,075,870044,179833,179482,12109,191591,1048
2022-10-13,San Joaquin,077,732212,198014,197672,14803,212475,2322
2022-10-13,San Luis Obispo,079,281455,63400,63321,7243,70564,524
2022-10-13,San Mateo,081,765935,169346,168944,10669,179613,732
2022-10-13,Santa Barbara,083,443738,106109,105931,6946,112877,726
2022-10-13,Santa Clara,085,1922200,434318,433458,18948,452406,2513
2022-10-13,Santa Cruz,087,273765,63564,63316,3460,66776,273
2022-10-13,Shasta,089,179085,35039,34971,7490,42461,595
2022-10-13,Sierra,091,2930,306,305,60,365,5
2022-10-13,Siskiyou,093,43540,5292,5287,3320,8607,92
2022-10-13,Solano,095,438530,105460,105287,7815,113102,465
2022-10-13,Sonoma,097,501317,107366,107199,5346,112545,520
2022-10-13,Stanislaus,099,539301,138236,137994,21630,159624,1782
2022-10-13,Sutter,101,95872,24371,24357,2470,26827,233
2022-10-13,Tehama,103,63373,13652,13624,3085,16709,209
2022-10-13,Trinity,105,12862,1397,1396,392,1788,20
2022-10-13,Tulare,107,460477,121979,121902,36517,158419,1538
2022-10-13,Tuolumne,109,53932,15610,15586,934,16520,196
2022-10-13,Ventura,111,848112,209368,209051,15856,224907,1571
2022-10-13,Yolo,113,214977,47604,47498,4465,51963,343
2022-10-13,Yuba,115,75493,18957,18934,1727,20661,129
2022-10-12,Alameda,001,1643700,349258,348487,19828,368315,2027
2022-10-12,Alpine,003,1148,135,135,1,136,0
2022-10-12,Amador,005,37829,10018,10013,929,10942,93
2022-10-12,Butte,007,227075,39689,39567,9075,48642,456
2022-10-12,Calaveras,009,45235,8534,8523,559,9082,133
2022-10-12,Colusa,011,21464,3804,3805,1285,5090,22
2022-10-12,Contra Costa,013,1133247,251534,250897,20737,271634,1440
2022-10-12,Del Norte,015,27424,7445,7440,404,7844,56
2022-10-12,El Dorado,017,186661,32432,32373,4302,36675,231
2022-10-12,Fresno,019,978130,275567,275035,31380,306415,2873
2022-10-12,Glenn,021,27897,5537,5532,1876,7408,48
2022-10-12,Humboldt,023,135768,21966,21914,5064,26978,159
2022-10-12,Imperial,025,180216,65754,65691,15923,81614,958
2022-10-12,Inyo,027,18085,4495,4492,997,5489,60
2022-10-12,Kern,029,883053,219587,219487,64093,283580,2420
2022-10-12,Kings,031,150075,59608,59560,4090,63650,459
2022-10-12,Lake,033,64148,12836,12815,1209,14024,146
2022-10-12,Lassen,035,31185,9972,9970,992,10962,65
2022-10-12,Los Angeles,037,10098052,3292243,3285385,182727,3468112,33525
2022-10-12,Madera,039,155013,44093,44078,8279,52357,375
2022-10-12,Marin,041,260295,45468,45378,5342,50720,315
2022-10-12,Mariposa,043,17540,3094,3091,363,3454,31
2022-10-12,Mendocino,045,87422,16048,16023,4516,20539,136
2022-10-12,Merced,047,269075,72484,72326,11824,84150,868
2022-10-12,Modoc,049,8938,883,882,325,1207,11
2022-10-12,Mono,051,14174,3209,3206,257,3463,7
2022-10-12,Monterey,053,433212,94253,94183,21105,115288,768
2022-10-12,Napa,055,140530,32357,32326,1432,33758,161
2022-10-12,Nevada,057,99092,19040,19023,1867,20890,132
2022-10-12,Orange,059,3164182,669576,668814,62404,731218,7473
2022-10-12,Placer,061,380077,76017,75902,9581,85483,660
2022-10-12,Plumas,063,18699,3693,3682,432,4114,13
2022-10-12,Riverside,065,2383286,697186,696402,35392,731794,6561
2022-10-12,Sacramento,067,1510023,347844,347495,33961,381456,3324
2022-10-12,San Benito,069,59416,16239,16223,978,17201,107
2022-10-12,San Bernardino,071,2135413,672929,672221,31069,703290,8148
2022-10-12,San Diego,073,3302833,927539,926574,72285,998859,5507
2022-10-12,San Francisco,075,870044,179761,179482,12109,191591,1048
2022-10-12,San Joaquin,077,732212,197957,197672,14799,212471,2322
2022-10-12,San Luis Obispo,079,281455,63388,63321,7240,70561,524
2022-10-12,San Mateo,081,765935,169266,168944,10669,179613,732
2022-10-12,Santa Barbara,083,443738,106094,105931,6945,112876,726
2022-10-12,Santa Clara,085,1922200,434139,433458,18948,452406,2513
2022-10-12,Santa Cruz,087,273765,63526,63316,3460,66776,273
2022-10-12,Shasta,089,179085,35026,34971,7490,42461,595
2022-10-12,Sierra,091,2930,306,305,60,365,5
2022-10-12,Siskiyou,093,43540,5292,5287,3320,8607,92
2022-10-12,Solano,095,438530,105418,105287,7815,113102,465
2022-10-12,Sonoma,097,501317,107336,107199,5346,112545,520
2022-10-12,Stanislaus,099,539301,138191,137994,21626,159620,1782
2022-10-12,Sutter,101,95872,24365,24357,2470,26827,233
2022-10-12,Tehama,103,63373,13650,13624,3085,16709,209
2022-10-12,Trinity,105,12862,1397,1396,392,1788,20
2022-10-12,Tulare,107,460477,121955,121902,36516,158418,1538
2022-10-12,Tuolumne,109,53932,15606,15586,934,16520,196
2022-10-12,Ventura,111,848112,209319,209051,15856,224907,1571
2022-10-12,Yolo,113,214977,47585,47498,4464,51962,343
2022-10-12,Yuba,115,75493,18950,18934,1727,20661,129
2022-10-11,Alameda,001,1643700,349099,348487,19828,368315,2027
2022-10-11,Alpine,003,1148,135,135,1,136,0
2022-10-11,Amador,005,37829,10016,10013,929,10942,93
2022-10-11,Butte,007,227075,39674,39567,9074,48641,456
2022-10-11,Calaveras,009,45235,8530,8523,559,9082,133
2022-10-11,Colusa,011,21464,3803,3805,1285,5090,22
2022-10-11,Contra Costa,013,1133247,251424,250897,20737,271634,1440
2022-10-11,Del Norte,015,27424,7441,7440,404,7844,56
2022-10-11,El Dorado,017,186661,32417,32373,4302,36675,231
2022-10-11,Fresno,019,978130,275513,275035,31379,306414,2873
2022-10-11,Glenn,021,27897,5536,5532,1875,7407,48
2022-10-11,Humboldt,023,135768,21960,21914,5060,26974,159
2022-10-11,Imperial,025,180216,65741,65691,15923,81614,958
2022-10-11,Inyo,027,18085,4494,4492,997,5489,60
2022-10-11,Kern,029,883053,219564,219487,64075,283562,2420
2022-10-11,Kings,031,150075,59594,59560,4088,63648,459
2022-10-11,Lake,033,64148,12832,12815,1209,14024,146
2022-10-11,Lassen,035,31185,9971,9970,992,10962,65
2022-10-11,Los Angeles,037,10098052,3291433,3285385,182605,3467990,33525
2022-10-11,Madera,039,155013,44086,44078,8279,52357,375
2022-10-11,Marin,041,260295,45450,45378,5340,50718,315
2022-10-11,Mariposa,043,17540,3093,3091,363,3454,31
2022-10-11,Mendocino,045,87422,16043,16023,4516,20539,136
2022-10-11,Merced,047,269075,72460,72326,11823,84149,868
2022-10-11,Modoc,049,8938,882,882,325,1207,11
2022-10-11,Mono,051,14174,3209,3206,257,3463,7
2022-10-11,Monterey,053,433212,94243,94183,21103,115286,768
2022-10-11,Napa,055,140530,32353,32326,1432,33758,161
2022-10-11,Nevada,057,99092,19031,19023,1867,20890,132
2022-10-11,Orange,059,3164182,669406,668814,62402,731216,7473
2022-10-11,Placer,061,380077,75997,75902,9580,85482,660
2022-10-11,Plumas,063,18699,3693,3682,432,4114,13
2022-10-11,Riverside,065,2383286,697059,696402,35391,731793,6561
2022-10-11,Sacramento,067,1510023,347698,347495,33961,381456,3324
2022-10-11,San Benito,069,59416,16233,16223,978,17201,107
2022-10-11,San Bernardino,071,2135413,672794,672221,31067,703288,8148
2022-10-11,San Diego,073,3302833,927259,926574,72251,998825,5507
2022-10-11,San Francisco,075,870044,179675,179482,12109,191591,1048
2022-10-11,San Joaquin,077,732212,197915,197672,14798,212470,2322
2022-10-11,San Luis Obispo,079,281455,63368,63321,7230,70551,524
2022-10-11,San Mateo,081,765935,169191,168944,10669,179613,732
2022-10-11,Santa Barbara,083,443738,106065,105931,6945,112876,726
2022-10-11,Santa Clara,085,1922200,433967,433458,18948,452406,2513
2022-10-11,Santa Cruz,087,273765,63484,63316,3460,66776,273
2022-10-11,Shasta,089,179085,35016,34971,7490,42461,595
2022-10-11,Sierra,091,2930,306,305,60,365,5
2022-10-11,Siskiyou,093,43540,5291,5287,3320,8607,92
2022-10-11,Solano,095,438530,105382,105287,7815,113102,465
2022-10-11,Sonoma,097,501317,107292,107199,5346,112545,520
2022-10-11,Stanislaus,099,539301,138159,137994,21624,159618,1782
2022-10-11,Sutter,101,95872,24361,24357,2470,26827,233
2022-10-11,Tehama,103,63373,13649,13624,3084,16708,209
2022-10-11,Trinity,105,12862,1397,1396,392,1788,20
2022-10-11,Tulare,107,460477,121930,121902,36515,158417,1538
2022-10-11,Tuolumne,109,53932,15599,15586,934,16520,196
2022-10-11,Ventura,111,848112,209269,209051,15856,224907,1571
2022-10-11,Yolo,113,214977,47579,47498,4460,51958,343
2022-10-11,Yuba,115,75493,18940,18934,1726,20660,129
2022-10-10,Alameda,001,1643700,348955,347497,19828,367325,2023
2022-10-10,Alpine,003,1148,135,135,1,136,0
2022-10-10,Amador,005,37829,10013,9999,929,10928,93
2022-10-10,Butte,007,227075,39663,39453,9073,48526,454
2022-10-10,Calaveras,009,45235,8530,8511,559,9070,133
2022-10-10,Colusa,011,21464,3802,3794,1285,5079,22
2022-10-10,Contra Costa,013,1133247,251307,250136,20736,270872,1430
2022-10-10,Del Norte,015,27424,7438,7433,404,7837,56
2022-10-10,El Dorado,017,186661,32404,32320,4300,36620,231
2022-10-10,Fresno,019,978130,275455,274628,31379,306007,2865
2022-10-10,Glenn,021,27897,5535,5510,1875,7385,48
2022-10-10,Humboldt,023,135768,21941,21831,5059,26890,159
2022-10-10,Imperial,025,180216,65723,65532,15922,81454,958
2022-10-10,Inyo,027,18085,4493,4489,997,5486,59
2022-10-10,Kern,029,883053,219521,219191,64049,283240,2418
2022-10-10,Kings,031,150075,59585,59489,4088,63577,458
2022-10-10,Lake,033,64148,12828,12795,1209,14004,147
2022-10-10,Lassen,035,31185,9971,9967,992,10959,65
2022-10-10,Los Angeles,037,10098052,3290571,3278961,182451,3461412,33467
2022-10-10,Madera,039,155013,44075,44029,8279,52308,374
2022-10-10,Marin,041,260295,45433,45190,5336,50526,313
2022-10-10,Mariposa,043,17540,3092,3088,363,3451,31
2022-10-10,Mendocino,045,87422,16032,15992,4516,20508,136
2022-10-10,Merced,047,269075,72442,72236,11822,84058,865
2022-10-10,Modoc,049,8938,882,876,325,1201,11
2022-10-10,Mono,051,14174,3207,3205,257,3462,7
2022-10-10,Monterey,053,433212,94227,94111,21103,115214,766
2022-10-10,Napa,055,140530,32342,32258,1432,33690,160
2022-10-10,Nevada,057,99092,19028,18989,1867,20856,132
2022-10-10,Orange,059,3164182,669221,667297,62401,729698,7452
2022-10-10,Placer,061,380077,75974,75768,9577,85345,660
2022-10-10,Plumas,063,18699,3692,3669,432,4101,13
2022-10-10,Riverside,065,2383286,696905,695315,35390,730705,6567
2022-10-10,Sacramento,067,1510023,347582,346748,33934,380682,3310
2022-10-10,San Benito,069,59416,16229,16188,978,17166,106
2022-10-10,San Bernardino,071,2135413,672641,670906,31066,701972,8116
2022-10-10,San Diego,073,3302833,927001,924672,72208,996880,5498
2022-10-10,San Francisco,075,870044,179593,178943,12109,191052,1045
2022-10-10,San Joaquin,077,732212,197858,197390,14797,212187,2319
2022-10-10,San Luis Obispo,079,281455,63346,63219,7229,70448,524
2022-10-10,San Mateo,081,765935,169106,168413,10669,179082,737
2022-10-10,Santa Barbara,083,443738,106023,105695,6945,112640,725
2022-10-10,Santa Clara,085,1922200,433765,432327,18948,451275,2506
2022-10-10,Santa Cruz,087,273765,63450,63099,3460,66559,273
2022-10-10,Shasta,089,179085,35001,34904,7490,42394,593
2022-10-10,Sierra,091,2930,306,305,60,365,5
2022-10-10,Siskiyou,093,43540,5288,5272,3320,8592,92
2022-10-10,Solano,095,438530,105337,105042,7814,112856,465
2022-10-10,Sonoma,097,501317,107258,106940,5346,112286,520
2022-10-10,Stanislaus,099,539301,138118,137838,21622,159460,1781
2022-10-10,Sutter,101,95872,24352,24326,2470,26796,232
2022-10-10,Tehama,103,63373,13645,13603,3084,16687,210
2022-10-10,Trinity,105,12862,1397,1394,392,1786,20
2022-10-10,Tulare,107,460477,121913,121787,36508,158295,1531
2022-10-10,Tuolumne,109,53932,15593,15558,934,16492,196
2022-10-10,Ventura,111,848112,209200,208632,15856,224488,1567
2022-10-10,Yolo,113,214977,47556,47422,4460,51882,341
2022-10-10,Yuba,115,75493,18934,18914,1726,20640,129
2022-10-09,Alameda,001,1643700,348802,347497,19827,367324,2023
2022-10-09,Alpine,003,1148,135,135,1,136,0
2022-10-09,Amador,005,37829,10011,9999,929,10928,93
2022-10-09,Butte,007,227075,39655,39453,9073,48526,454
2022-10-09,Calaveras,009,45235,8527,8511,559,9070,133
2022-10-09,Colusa,011,21464,3802,3794,1285,5079,22
2022-10-09,Contra Costa,013,1133247,251200,250136,20735,270871,1430
2022-10-09,Del Norte,015,27424,7437,7433,404,7837,56
2022-10-09,El Dorado,017,186661,32397,32320,4300,36620,231
2022-10-09,Fresno,019,978130,275364,274628,31378,306006,2865
2022-10-09,Glenn,021,27897,5532,5510,1875,7385,48
2022-10-09,Humboldt,023,135768,21928,21831,5057,26888,159
2022-10-09,Imperial,025,180216,65694,65532,15921,81453,958
2022-10-09,Inyo,027,18085,4493,4489,997,5486,59
2022-10-09,Kern,029,883053,219490,219191,63996,283187,2418
2022-10-09,Kings,031,150075,59568,59489,4088,63577,458
2022-10-09,Lake,033,64148,12821,12795,1209,14004,147
2022-10-09,Lassen,035,31185,9971,9967,992,10959,65
2022-10-09,Los Angeles,037,10098052,3289604,3278961,182302,3461263,33467
2022-10-09,Madera,039,155013,44065,44029,8279,52308,374
2022-10-09,Marin,041,260295,45400,45190,5332,50522,313
2022-10-09,Mariposa,043,17540,3090,3088,363,3451,31
2022-10-09,Mendocino,045,87422,16026,15992,4516,20508,136
2022-10-09,Merced,047,269075,72424,72236,11822,84058,865
2022-10-09,Modoc,049,8938,882,876,325,1201,11
2022-10-09,Mono,051,14174,3207,3205,257,3462,7
2022-10-09,Monterey,053,433212,94211,94111,21102,115213,766
2022-10-09,Napa,055,140530,32329,32258,1431,33689,160
2022-10-09,Nevada,057,99092,19022,18989,1867,20856,132
2022-10-09,Orange,059,3164182,669005,667297,62395,729692,7452
2022-10-09,Placer,061,380077,75959,75768,9575,85343,660
2022-10-09,Plumas,063,18699,3690,3669,432,4101,13
2022-10-09,Riverside,065,2383286,696723,695315,35390,730705,6567
2022-10-09,Sacramento,067,1510023,347433,346748,33934,380682,3310
2022-10-09,San Benito,069,59416,16227,16188,978,17166,106
2022-10-09,San Bernardino,071,2135413,672489,670906,31066,701972,8116
2022-10-09,San Diego,073,3302833,926724,924672,72180,996852,5498
2022-10-09,San Francisco,075,870044,179507,178943,12109,191052,1045
2022-10-09,San Joaquin,077,732212,197780,197390,14796,212186,2319
2022-10-09,San Luis Obispo,079,281455,63340,63219,7227,70446,524
2022-10-09,San Mateo,081,765935,169005,168413,10669,179082,737
2022-10-09,Santa Barbara,083,443738,105990,105695,6945,112640,725
2022-10-09,Santa Clara,085,1922200,433560,432327,18948,451275,2506
2022-10-09,Santa Cruz,087,273765,63385,63099,3459,66558,273
2022-10-09,Shasta,089,179085,34978,34904,7490,42394,593
2022-10-09,Sierra,091,2930,306,305,60,365,5
2022-10-09,Siskiyou,093,43540,5288,5272,3319,8591,92
2022-10-09,Solano,095,438530,105282,105042,7814,112856,465
2022-10-09,Sonoma,097,501317,107211,106940,5346,112286,520
2022-10-09,Stanislaus,099,539301,138094,137838,21615,159453,1781
2022-10-09,Sutter,101,95872,24341,24326,2470,26796,232
2022-10-09,Tehama,103,63373,13643,13603,3084,16687,210
2022-10-09,Trinity,105,12862,1397,1394,392,1786,20
2022-10-09,Tulare,107,460477,121889,121787,36505,158292,1531
2022-10-09,Tuolumne,109,53932,15586,15558,934,16492,196
2022-10-09,Ventura,111,848112,209154,208632,15856,224488,1567
2022-10-09,Yolo,113,214977,47533,47422,4456,51878,341
2022-10-09,Yuba,115,75493,18931,18914,1726,20640,129
2022-10-08,Alameda,001,1643700,348716,347497,19827,367324,2023
2022-10-08,Alpine,003,1148,135,135,1,136,0
2022-10-08,Amador,005,37829,10010,9999,929,10928,93
2022-10-08,Butte,007,227075,39650,39453,9072,48525,454
2022-10-08,Calaveras,009,45235,8525,8511,559,9070,133
2022-10-08,Colusa,011,21464,3801,3794,1285,5079,22
2022-10-08,Contra Costa,013,1133247,251126,250136,20735,270871,1430
2022-10-08,Del Norte,015,27424,7437,7433,404,7837,56
2022-10-08,El Dorado,017,186661,32388,32320,4300,36620,231
2022-10-08,Fresno,019,978130,275336,274628,31378,306006,2865
2022-10-08,Glenn,021,27897,5531,5510,1875,7385,48
2022-10-08,Humboldt,023,135768,21919,21831,5056,26887,159
2022-10-08,Imperial,025,180216,65669,65532,15921,81453,958
2022-10-08,Inyo,027,18085,4493,4489,995,5484,59
2022-10-08,Kern,029,883053,219457,219191,63977,283168,2418
2022-10-08,Kings,031,150075,59564,59489,4088,63577,458
2022-10-08,Lake,033,64148,12818,12795,1209,14004,147
2022-10-08,Lassen,035,31185,9971,9967,992,10959,65
2022-10-08,Los Angeles,037,10098052,3289054,3278961,182227,3461188,33467
2022-10-08,Madera,039,155013,44060,44029,8279,52308,374
2022-10-08,Marin,041,260295,45381,45190,5325,50515,313
2022-10-08,Mariposa,043,17540,3090,3088,363,3451,31
2022-10-08,Mendocino,045,87422,16026,15992,4516,20508,136
2022-10-08,Merced,047,269075,72414,72236,11821,84057,865
2022-10-08,Modoc,049,8938,880,876,325,1201,11
2022-10-08,Mono,051,14174,3207,3205,257,3462,7
2022-10-08,Monterey,053,433212,94201,94111,21102,115213,766
2022-10-08,Napa,055,140530,32322,32258,1431,33689,160
2022-10-08,Nevada,057,99092,19021,18989,1867,20856,132
2022-10-08,Orange,059,3164182,668892,667297,62393,729690,7452
2022-10-08,Placer,061,380077,75939,75768,9573,85341,660
2022-10-08,Plumas,063,18699,3689,3669,432,4101,13
2022-10-08,Riverside,065,2383286,696625,695315,35390,730705,6567
2022-10-08,Sacramento,067,1510023,347376,346748,33934,380682,3310
2022-10-08,San Benito,069,59416,16224,16188,978,17166,106
2022-10-08,San Bernardino,071,2135413,672413,670906,31064,701970,8116
2022-10-08,San Diego,073,3302833,926591,924672,72166,996838,5498
2022-10-08,San Francisco,075,870044,179461,178943,12109,191052,1045
2022-10-08,San Joaquin,077,732212,197745,197390,14793,212183,2319
2022-10-08,San Luis Obispo,079,281455,63334,63219,7226,70445,524
2022-10-08,San Mateo,081,765935,168955,168413,10669,179082,737
2022-10-08,Santa Barbara,083,443738,105966,105695,6944,112639,725
2022-10-08,Santa Clara,085,1922200,433445,432327,18948,451275,2506
2022-10-08,Santa Cruz,087,273765,63363,63099,3459,66558,273
2022-10-08,Shasta,089,179085,34972,34904,7490,42394,593
2022-10-08,Sierra,091,2930,306,305,60,365,5
2022-10-08,Siskiyou,093,43540,5288,5272,3319,8591,92
2022-10-08,Solano,095,438530,105262,105042,7814,112856,465
2022-10-08,Sonoma,097,501317,107182,106940,5346,112286,520
2022-10-08,Stanislaus,099,539301,138079,137838,21613,159451,1781
2022-10-08,Sutter,101,95872,24338,24326,2470,26796,232
2022-10-08,Tehama,103,63373,13642,13603,3084,16687,210
2022-10-08,Trinity,105,12862,1397,1394,392,1786,20
2022-10-08,Tulare,107,460477,121866,121787,36504,158291,1531
2022-10-08,Tuolumne,109,53932,15581,15558,934,16492,196
2022-10-08,Ventura,111,848112,209121,208632,15856,224488,1567
2022-10-08,Yolo,113,214977,47522,47422,4455,51877,341
2022-10-08,Yuba,115,75493,18928,18914,1726,20640,129
2022-10-07,Alameda,001,1643700,348598,347497,19827,367324,2023
2022-10-07,Alpine,003,1148,135,135,1,136,0
2022-10-07,Amador,005,37829,10008,9999,929,10928,93
2022-10-07,Butte,007,227075,39649,39453,9072,48525,454
2022-10-07,Calaveras,009,45235,8524,8511,559,9070,133
2022-10-07,Colusa,011,21464,3801,3794,1284,5078,22
2022-10-07,Contra Costa,013,1133247,251047,250136,20735,270871,1430
2022-10-07,Del Norte,015,27424,7437,7433,404,7837,56
2022-10-07,El Dorado,017,186661,32379,32320,4300,36620,231
2022-10-07,Fresno,019,978130,275306,274628,31378,306006,2865
2022-10-07,Glenn,021,27897,5530,5510,1874,7384,48
2022-10-07,Humboldt,023,135768,21914,21831,5052,26883,159
2022-10-07,Imperial,025,180216,65657,65532,15921,81453,958
2022-10-07,Inyo,027,18085,4492,4489,995,5484,59
2022-10-07,Kern,029,883053,219428,219191,63949,283140,2418
2022-10-07,Kings,031,150075,59556,59489,4088,63577,458
2022-10-07,Lake,033,64148,12814,12795,1209,14004,147
2022-10-07,Lassen,035,31185,9971,9967,992,10959,65
2022-10-07,Los Angeles,037,10098052,3288450,3278961,182124,3461085,33467
2022-10-07,Madera,039,155013,44057,44029,8279,52308,374
2022-10-07,Marin,041,260295,45362,45190,5325,50515,313
2022-10-07,Mariposa,043,17540,3087,3088,363,3451,31
2022-10-07,Mendocino,045,87422,16022,15992,4516,20508,136
2022-10-07,Merced,047,269075,72409,72236,11820,84056,865
2022-10-07,Modoc,049,8938,880,876,325,1201,11
2022-10-07,Mono,051,14174,3206,3205,257,3462,7
2022-10-07,Monterey,053,433212,94186,94111,21101,115212,766
2022-10-07,Napa,055,140530,32314,32258,1431,33689,160
2022-10-07,Nevada,057,99092,19020,18989,1867,20856,132
2022-10-07,Orange,059,3164182,668776,667297,62391,729688,7452
2022-10-07,Placer,061,380077,75920,75768,9571,85339,660
2022-10-07,Plumas,063,18699,3686,3669,432,4101,13
2022-10-07,Riverside,065,2383286,696537,695315,35390,730705,6567
2022-10-07,Sacramento,067,1510023,347292,346748,33934,380682,3310
2022-10-07,San Benito,069,59416,16222,16188,978,17166,106
2022-10-07,San Bernardino,071,2135413,672331,670906,31064,701970,8116
2022-10-07,San Diego,073,3302833,926422,924672,72147,996819,5498
2022-10-07,San Francisco,075,870044,179400,178943,12109,191052,1045
2022-10-07,San Joaquin,077,732212,197713,197390,14793,212183,2319
2022-10-07,San Luis Obispo,079,281455,63323,63219,7225,70444,524
2022-10-07,San Mateo,081,765935,168886,168413,10669,179082,737
2022-10-07,Santa Barbara,083,443738,105941,105695,6944,112639,725
2022-10-07,Santa Clara,085,1922200,433317,432327,18948,451275,2506
2022-10-07,Santa Cruz,087,273765,63331,63099,3458,66557,273
2022-10-07,Shasta,089,179085,34966,34904,7490,42394,593
2022-10-07,Sierra,091,2930,306,305,60,365,5
2022-10-07,Siskiyou,093,43540,5287,5272,3319,8591,92
2022-10-07,Solano,095,438530,105233,105042,7813,112855,465
2022-10-07,Sonoma,097,501317,107155,106940,5345,112285,520
2022-10-07,Stanislaus,099,539301,138062,137838,21612,159450,1781
2022-10-07,Sutter,101,95872,24331,24326,2470,26796,232
2022-10-07,Tehama,103,63373,13642,13603,3084,16687,210
2022-10-07,Trinity,105,12862,1396,1394,392,1786,20
2022-10-07,Tulare,107,460477,121851,121787,36503,158290,1531
2022-10-07,Tuolumne,109,53932,15577,15558,934,16492,196
2022-10-07,Ventura,111,848112,209080,208632,15856,224488,1567
2022-10-07,Yolo,113,214977,47515,47422,4452,51874,341
2022-10-07,Yuba,115,75493,18928,18914,1726,20640,129
2022-10-06,Alameda,001,1643700,348463,347497,19827,367324,2023
2022-10-06,Alpine,003,1148,135,135,1,136,0
2022-10-06,Amador,005,37829,10006,9999,929,10928,93
2022-10-06,Butte,007,227075,39640,39453,9071,48524,454
2022-10-06,Calaveras,009,45235,8522,8511,559,9070,133
2022-10-06,Colusa,011,21464,3801,3794,1284,5078,22
2022-10-06,Contra Costa,013,1133247,250958,250136,20735,270871,1430
2022-10-06,Del Norte,015,27424,7435,7433,404,7837,56
2022-10-06,El Dorado,017,186661,32369,32320,4299,36619,231
2022-10-06,Fresno,019,978130,275259,274628,31378,306006,2865
2022-10-06,Glenn,021,27897,5529,5510,1873,7383,48
2022-10-06,Humboldt,023,135768,21903,21831,5048,26879,159
2022-10-06,Imperial,025,180216,65634,65532,15914,81446,958
2022-10-06,Inyo,027,18085,4492,4489,995,5484,59
2022-10-06,Kern,029,883053,219399,219191,63931,283122,2418
2022-10-06,Kings,031,150075,59542,59489,4088,63577,458
2022-10-06,Lake,033,64148,12813,12795,1209,14004,147
2022-10-06,Lassen,035,31185,9971,9967,992,10959,65
2022-10-06,Los Angeles,037,10098052,3287619,3278961,181988,3460949,33467
2022-10-06,Madera,039,155013,44048,44029,8279,52308,374
2022-10-06,Marin,041,260295,45344,45190,5324,50514,313
2022-10-06,Mariposa,043,17540,3087,3088,363,3451,31
2022-10-06,Mendocino,045,87422,16021,15992,4516,20508,136
2022-10-06,Merced,047,269075,72397,72236,11820,84056,865
2022-10-06,Modoc,049,8938,879,876,325,1201,11
2022-10-06,Mono,051,14174,3206,3205,257,3462,7
2022-10-06,Monterey,053,433212,94177,94111,21100,115211,766
2022-10-06,Napa,055,140530,32307,32258,1431,33689,160
2022-10-06,Nevada,057,99092,19014,18989,1867,20856,132
2022-10-06,Orange,059,3164182,668586,667297,62386,729683,7452
2022-10-06,Placer,061,380077,75902,75768,9569,85337,660
2022-10-06,Plumas,063,18699,3684,3669,432,4101,13
2022-10-06,Riverside,065,2383286,696406,695315,35389,730704,6567
2022-10-06,Sacramento,067,1510023,347186,346748,33934,380682,3310
2022-10-06,San Benito,069,59416,16219,16188,978,17166,106
2022-10-06,San Bernardino,071,2135413,672197,670906,31062,701968,8116
2022-10-06,San Diego,073,3302833,926178,924672,72095,996767,5498
2022-10-06,San Francisco,075,870044,179324,178943,12109,191052,1045
2022-10-06,San Joaquin,077,732212,197662,197390,14789,212179,2319
2022-10-06,San Luis Obispo,079,281455,63305,63219,7224,70443,524
2022-10-06,San Mateo,081,765935,168823,168413,10668,179081,737
2022-10-06,Santa Barbara,083,443738,105916,105695,6944,112639,725
2022-10-06,Santa Clara,085,1922200,433156,432327,18948,451275,2506
2022-10-06,Santa Cruz,087,273765,63292,63099,3458,66557,273
2022-10-06,Shasta,089,179085,34955,34904,7490,42394,593
2022-10-06,Sierra,091,2930,306,305,60,365,5
2022-10-06,Siskiyou,093,43540,5285,5272,3319,8591,92
2022-10-06,Solano,095,438530,105203,105042,7813,112855,465
2022-10-06,Sonoma,097,501317,107131,106940,5344,112284,520
2022-10-06,Stanislaus,099,539301,138033,137838,21610,159448,1781
2022-10-06,Sutter,101,95872,24322,24326,2470,26796,232
2022-10-06,Tehama,103,63373,13636,13603,3084,16687,210
2022-10-06,Trinity,105,12862,1396,1394,392,1786,20
2022-10-06,Tulare,107,460477,121834,121787,36502,158289,1531
2022-10-06,Tuolumne,109,53932,15574,15558,934,16492,196
2022-10-06,Ventura,111,848112,209021,208632,15855,224487,1567
2022-10-06,Yolo,113,214977,47504,47422,4449,51871,341
2022-10-06,Yuba,115,75493,18926,18914,1726,20640,129
2022-10-05,Alameda,001,1643700,348305,347497,19826,367323,2023
2022-10-05,Alpine,003,1148,135,135,1,136,0
2022-10-05,Amador,005,37829,10004,9999,929,10928,93
2022-10-05,Butte,007,227075,39633,39453,9071,48524,454
2022-10-05,Calaveras,009,45235,8520,8511,559,9070,133
2022-10-05,Colusa,011,21464,3800,3794,1284,5078,22
2022-10-05,Contra Costa,013,1133247,250868,250136,20734,270870,1430
2022-10-05,Del Norte,015,27424,7432,7433,404,7837,56
2022-10-05,El Dorado,017,186661,32357,32320,4299,36619,231
2022-10-05,Fresno,019,978130,275190,274628,31378,306006,2865
2022-10-05,Glenn,021,27897,5529,5510,1872,7382,48
2022-10-05,Humboldt,023,135768,21889,21831,5047,26878,159
2022-10-05,Imperial,025,180216,65611,65532,15904,81436,958
2022-10-05,Inyo,027,18085,4492,4489,995,5484,59
2022-10-05,Kern,029,883053,219353,219191,63900,283091,2418
2022-10-05,Kings,031,150075,59533,59489,4087,63576,458
2022-10-05,Lake,033,64148,12811,12795,1209,14004,147
2022-10-05,Lassen,035,31185,9971,9967,992,10959,65
2022-10-05,Los Angeles,037,10098052,3286791,3278961,181845,3460806,33467
2022-10-05,Madera,039,155013,44040,44029,8279,52308,374
2022-10-05,Marin,041,260295,45320,45190,5319,50509,313
2022-10-05,Mariposa,043,17540,3086,3088,363,3451,31
2022-10-05,Mendocino,045,87422,16019,15992,4516,20508,136
2022-10-05,Merced,047,269075,72385,72236,11819,84055,865
2022-10-05,Modoc,049,8938,879,876,325,1201,11
2022-10-05,Mono,051,14174,3206,3205,257,3462,7
2022-10-05,Monterey,053,433212,94163,94111,21100,115211,766
2022-10-05,Napa,055,140530,32298,32258,1431,33689,160
2022-10-05,Nevada,057,99092,19006,18989,1867,20856,132
2022-10-05,Orange,059,3164182,668407,667297,62382,729679,7452
2022-10-05,Placer,061,380077,75884,75768,9567,85335,660
2022-10-05,Plumas,063,18699,3681,3669,432,4101,13
2022-10-05,Riverside,065,2383286,696261,695315,35387,730702,6567
2022-10-05,Sacramento,067,1510023,347097,346748,33934,380682,3310
2022-10-05,San Benito,069,59416,16216,16188,978,17166,106
2022-10-05,San Bernardino,071,2135413,672040,670906,31062,701968,8116
2022-10-05,San Diego,073,3302833,925954,924672,72069,996741,5498
2022-10-05,San Francisco,075,870044,179232,178943,12109,191052,1045
2022-10-05,San Joaquin,077,732212,197619,197390,14786,212176,2319
2022-10-05,San Luis Obispo,079,281455,63301,63219,7224,70443,524
2022-10-05,San Mateo,081,765935,168746,168413,10668,179081,737
2022-10-05,Santa Barbara,083,443738,105889,105695,6944,112639,725
2022-10-05,Santa Clara,085,1922200,432981,432327,18948,451275,2506
2022-10-05,Santa Cruz,087,273765,63260,63099,3458,66557,273
2022-10-05,Shasta,089,179085,34948,34904,7490,42394,593
2022-10-05,Sierra,091,2930,306,305,60,365,5
2022-10-05,Siskiyou,093,43540,5280,5272,3319,8591,92
2022-10-05,Solano,095,438530,105168,105042,7813,112855,465
2022-10-05,Sonoma,097,501317,107099,106940,5344,112284,520
2022-10-05,Stanislaus,099,539301,138004,137838,21607,159445,1781
2022-10-05,Sutter,101,95872,24319,24326,2470,26796,232
2022-10-05,Tehama,103,63373,13632,13603,3084,16687,210
2022-10-05,Trinity,105,12862,1396,1394,392,1786,20
2022-10-05,Tulare,107,460477,121817,121787,36497,158284,1531
2022-10-05,Tuolumne,109,53932,15568,15558,934,16492,196
2022-10-05,Ventura,111,848112,208963,208632,15855,224487,1567
2022-10-05,Yolo,113,214977,47488,47422,4448,51870,341
2022-10-05,Yuba,115,75493,18921,18914,1724,20638,129
2022-10-04,Alameda,001,1643700,348167,347497,19825,367322,2023
2022-10-04,Alpine,003,1148,135,135,1,136,0
2022-10-04,Amador,005,37829,10002,9999,929,10928,93
2022-10-04,Butte,007,227075,39620,39453,9070,48523,454
2022-10-04,Calaveras,009,45235,8519,8511,559,9070,133
2022-10-04,Colusa,011,21464,3800,3794,1284,5078,22
2022-10-04,Contra Costa,013,1133247,250790,250136,20734,270870,1430
2022-10-04,Del Norte,015,27424,7430,7433,404,7837,56
2022-10-04,El Dorado,017,186661,32353,32320,4299,36619,231
2022-10-04,Fresno,019,978130,275130,274628,31378,306006,2865
2022-10-04,Glenn,021,27897,5528,5510,1872,7382,48
2022-10-04,Humboldt,023,135768,21877,21831,5047,26878,159
2022-10-04,Imperial,025,180216,65578,65532,15890,81422,958
2022-10-04,Inyo,027,18085,4491,4489,994,5483,59
2022-10-04,Kern,029,883053,219297,219191,63865,283056,2418
2022-10-04,Kings,031,150075,59518,59489,4087,63576,458
2022-10-04,Lake,033,64148,12806,12795,1209,14004,147
2022-10-04,Lassen,035,31185,9970,9967,992,10959,65
2022-10-04,Los Angeles,037,10098052,3285909,3278961,181688,3460649,33467
2022-10-04,Madera,039,155013,44028,44029,8279,52308,374
2022-10-04,Marin,041,260295,45290,45190,5319,50509,313
2022-10-04,Mariposa,043,17540,3086,3088,363,3451,31
2022-10-04,Mendocino,045,87422,16017,15992,4516,20508,136
2022-10-04,Merced,047,269075,72366,72236,11819,84055,865
2022-10-04,Modoc,049,8938,879,876,325,1201,11
2022-10-04,Mono,051,14174,3206,3205,257,3462,7
2022-10-04,Monterey,053,433212,94150,94111,21100,115211,766
2022-10-04,Napa,055,140530,32294,32258,1431,33689,160
2022-10-04,Nevada,057,99092,19004,18989,1867,20856,132
2022-10-04,Orange,059,3164182,668198,667297,62368,729665,7452
2022-10-04,Placer,061,380077,75857,75768,9564,85332,660
2022-10-04,Plumas,063,18699,3675,3669,432,4101,13
2022-10-04,Riverside,065,2383286,696104,695315,35386,730701,6567
2022-10-04,Sacramento,067,1510023,346990,346748,33930,380678,3310
2022-10-04,San Benito,069,59416,16204,16188,977,17165,106
2022-10-04,San Bernardino,071,2135413,671891,670906,31060,701966,8116
2022-10-04,San Diego,073,3302833,925627,924672,72017,996689,5498
2022-10-04,San Francisco,075,870044,179156,178943,12109,191052,1045
2022-10-04,San Joaquin,077,732212,197578,197390,14784,212174,2319
2022-10-04,San Luis Obispo,079,281455,63286,63219,7220,70439,524
2022-10-04,San Mateo,081,765935,168662,168413,10668,179081,737
2022-10-04,Santa Barbara,083,443738,105860,105695,6944,112639,725
2022-10-04,Santa Clara,085,1922200,432793,432327,18948,451275,2506
2022-10-04,Santa Cruz,087,273765,63224,63099,3458,66557,273
2022-10-04,Shasta,089,179085,34937,34904,7490,42394,593
2022-10-04,Sierra,091,2930,306,305,60,365,5
2022-10-04,Siskiyou,093,43540,5278,5272,3319,8591,92
2022-10-04,Solano,095,438530,105122,105042,7813,112855,465
2022-10-04,Sonoma,097,501317,107061,106940,5343,112283,520
2022-10-04,Stanislaus,099,539301,137977,137838,21605,159443,1781
2022-10-04,Sutter,101,95872,24309,24326,2470,26796,232
2022-10-04,Tehama,103,63373,13630,13603,3084,16687,210
2022-10-04,Trinity,105,12862,1396,1394,392,1786,20
2022-10-04,Tulare,107,460477,121792,121787,36495,158282,1531
2022-10-04,Tuolumne,109,53932,15567,15558,934,16492,196
2022-10-04,Ventura,111,848112,208899,208632,15855,224487,1567
2022-10-04,Yolo,113,214977,47472,47422,4445,51867,341
2022-10-04,Yuba,115,75493,18916,18914,1722,20636,129
2022-10-03,Alameda,001,1643700,347986,346369,19825,366194,2020
2022-10-03,Alpine,003,1148,135,134,1,135,0
2022-10-03,Amador,005,37829,10000,9987,929,10916,90
2022-10-03,Butte,007,227075,39605,39378,9069,48447,454
2022-10-03,Calaveras,009,45235,8518,8497,559,9056,133
2022-10-03,Colusa,011,21464,3800,3782,1283,5065,22
2022-10-03,Contra Costa,013,1133247,250683,249273,20734,270007,1426
2022-10-03,Del Norte,015,27424,7429,7421,404,7825,56
2022-10-03,El Dorado,017,186661,32344,32238,4299,36537,231
2022-10-03,Fresno,019,978130,275074,274028,31378,305406,2859
2022-10-03,Glenn,021,27897,5528,5509,1872,7381,48
2022-10-03,Humboldt,023,135768,21863,21744,5047,26791,157
2022-10-03,Imperial,025,180216,65561,65425,15874,81299,958
2022-10-03,Inyo,027,18085,4490,4483,992,5475,59
2022-10-03,Kern,029,883053,219248,218846,63825,282671,2417
2022-10-03,Kings,031,150075,59500,59394,4087,63481,459
2022-10-03,Lake,033,64148,12802,12761,1209,13970,147
2022-10-03,Lassen,035,31185,9968,9962,992,10954,65
2022-10-03,Los Angeles,037,10098052,3284888,3271661,181543,3453204,33336
2022-10-03,Madera,039,155013,44020,43953,8279,52232,374
2022-10-03,Marin,041,260295,45261,45002,5318,50320,310
2022-10-03,Mariposa,043,17540,3086,3079,363,3442,31
2022-10-03,Mendocino,045,87422,16012,15950,4516,20466,136
2022-10-03,Merced,047,269075,72352,72117,11819,83936,863
2022-10-03,Modoc,049,8938,877,873,325,1198,11
2022-10-03,Mono,051,14174,3206,3201,257,3458,7
2022-10-03,Monterey,053,433212,94138,93991,21100,115091,766
2022-10-03,Napa,055,140530,32279,32171,1431,33602,160
2022-10-03,Nevada,057,99092,18997,18923,1865,20788,132
2022-10-03,Orange,059,3164182,667976,665825,62363,728188,7435
2022-10-03,Placer,061,380077,75836,75573,9562,85135,661
2022-10-03,Plumas,063,18699,3674,3645,432,4077,13
2022-10-03,Riverside,065,2383286,695937,694250,35385,729635,6543
2022-10-03,Sacramento,067,1510023,346853,345905,33930,379835,3294
2022-10-03,San Benito,069,59416,16197,16152,977,17129,106
2022-10-03,San Bernardino,071,2135413,671714,668798,31053,699851,8106
2022-10-03,San Diego,073,3302833,925311,922323,71972,994295,5491
2022-10-03,San Francisco,075,870044,179057,178486,12107,190593,1043
2022-10-03,San Joaquin,077,732212,197513,197009,14783,211792,2319
2022-10-03,San Luis Obispo,079,281455,63270,63060,7220,70280,524
2022-10-03,San Mateo,081,765935,168584,167790,10668,178458,736
2022-10-03,Santa Barbara,083,443738,105820,105437,6943,112380,722
2022-10-03,Santa Clara,085,1922200,432575,430899,18948,449847,2494
2022-10-03,Santa Cruz,087,273765,63177,62866,3458,66324,273
2022-10-03,Shasta,089,179085,34930,34849,7490,42339,592
2022-10-03,Sierra,091,2930,306,304,60,364,5
2022-10-03,Siskiyou,093,43540,5278,5261,3319,8580,91
2022-10-03,Solano,095,438530,105065,104704,7813,112517,464
2022-10-03,Sonoma,097,501317,107020,106624,5340,111964,519
2022-10-03,Stanislaus,099,539301,137942,137589,21601,159190,1780
2022-10-03,Sutter,101,95872,24307,24265,2470,26735,232
2022-10-03,Tehama,103,63373,13627,13564,3084,16648,210
2022-10-03,Trinity,105,12862,1396,1392,392,1784,20
2022-10-03,Tulare,107,460477,121773,121589,36490,158079,1531
2022-10-03,Tuolumne,109,53932,15564,15516,934,16450,196
2022-10-03,Ventura,111,848112,208828,208124,15852,223976,1565
2022-10-03,Yolo,113,214977,47455,47279,4442,51721,341
2022-10-03,Yuba,115,75493,18912,18881,1718,20599,132
2022-10-02,Alameda,001,1643700,347787,346369,19825,366194,2020
2022-10-02,Alpine,003,1148,135,134,1,135,0
2022-10-02,Amador,005,37829,10000,9987,929,10916,90
2022-10-02,Butte,007,227075,39593,39378,9069,48447,454
2022-10-02,Calaveras,009,45235,8514,8497,559,9056,133
2022-10-02,Colusa,011,21464,3798,3782,1283,5065,22
2022-10-02,Contra Costa,013,1133247,250579,249273,20733,270006,1426
2022-10-02,Del Norte,015,27424,7426,7421,404,7825,56
2022-10-02,El Dorado,017,186661,32335,32238,4298,36536,231
2022-10-02,Fresno,019,978130,274999,274028,31378,305406,2859
2022-10-02,Glenn,021,27897,5525,5509,1872,7381,48
2022-10-02,Humboldt,023,135768,21845,21744,5042,26786,157
2022-10-02,Imperial,025,180216,65527,65425,15852,81277,958
2022-10-02,Inyo,027,18085,4490,4483,992,5475,59
2022-10-02,Kern,029,883053,219199,218846,63787,282633,2417
2022-10-02,Kings,031,150075,59484,59394,4087,63481,459
2022-10-02,Lake,033,64148,12796,12761,1209,13970,147
2022-10-02,Lassen,035,31185,9967,9962,992,10954,65
2022-10-02,Los Angeles,037,10098052,3283761,3271661,181394,3453055,33336
2022-10-02,Madera,039,155013,44012,43953,8279,52232,374
2022-10-02,Marin,041,260295,45229,45002,5316,50318,310
2022-10-02,Mariposa,043,17540,3086,3079,363,3442,31
2022-10-02,Mendocino,045,87422,16003,15950,4516,20466,136
2022-10-02,Merced,047,269075,72327,72117,11819,83936,863
2022-10-02,Modoc,049,8938,877,873,325,1198,11
2022-10-02,Mono,051,14174,3206,3201,257,3458,7
2022-10-02,Monterey,053,433212,94122,93991,21099,115090,766
2022-10-02,Napa,055,140530,32268,32171,1429,33600,160
2022-10-02,Nevada,057,99092,18993,18923,1865,20788,132
2022-10-02,Orange,059,3164182,667714,665825,62360,728185,7435
2022-10-02,Placer,061,380077,75818,75573,9561,85134,661
2022-10-02,Plumas,063,18699,3670,3645,432,4077,13
2022-10-02,Riverside,065,2383286,695745,694250,35385,729635,6543
2022-10-02,Sacramento,067,1510023,346691,345905,33925,379830,3294
2022-10-02,San Benito,069,59416,16192,16152,977,17129,106
2022-10-02,San Bernardino,071,2135413,671484,668798,31046,699844,8106
2022-10-02,San Diego,073,3302833,924942,922323,71924,994247,5491
2022-10-02,San Francisco,075,870044,178939,178486,12106,190592,1043
2022-10-02,San Joaquin,077,732212,197438,197009,14780,211789,2319
2022-10-02,San Luis Obispo,079,281455,63235,63060,7217,70277,524
2022-10-02,San Mateo,081,765935,168465,167790,10668,178458,736
2022-10-02,Santa Barbara,083,443738,105775,105437,6942,112379,722
2022-10-02,Santa Clara,085,1922200,432357,430899,18948,449847,2494
2022-10-02,Santa Cruz,087,273765,63140,62866,3458,66324,273
2022-10-02,Shasta,089,179085,34917,34849,7490,42339,592
2022-10-02,Sierra,091,2930,306,304,60,364,5
2022-10-02,Siskiyou,093,43540,5278,5261,3319,8580,91
2022-10-02,Solano,095,438530,105004,104704,7813,112517,464
2022-10-02,Sonoma,097,501317,106970,106624,5340,111964,519
2022-10-02,Stanislaus,099,539301,137909,137589,21597,159186,1780
2022-10-02,Sutter,101,95872,24297,24265,2470,26735,232
2022-10-02,Tehama,103,63373,13622,13564,3084,16648,210
2022-10-02,Trinity,105,12862,1396,1392,392,1784,20
2022-10-02,Tulare,107,460477,121749,121589,36489,158078,1531
2022-10-02,Tuolumne,109,53932,15559,15516,934,16450,196
2022-10-02,Ventura,111,848112,208748,208124,15852,223976,1565
2022-10-02,Yolo,113,214977,47443,47279,4438,51717,341
2022-10-02,Yuba,115,75493,18906,18881,1716,20597,132
2022-10-01,Alameda,001,1643700,347675,346369,19825,366194,2020
2022-10-01,Alpine,003,1148,135,134,1,135,0
2022-10-01,Amador,005,37829,9998,9987,929,10916,90
2022-10-01,Butte,007,227075,39582,39378,9063,48441,454
2022-10-01,Calaveras,009,45235,8514,8497,559,9056,133
2022-10-01,Colusa,011,21464,3798,3782,1281,5063,22
2022-10-01,Contra Costa,013,1133247,250506,249273,20733,270006,1426
2022-10-01,Del Norte,015,27424,7424,7421,404,7825,56
2022-10-01,El Dorado,017,186661,32329,32238,4298,36536,231
2022-10-01,Fresno,019,978130,274968,274028,31378,305406,2859
2022-10-01,Glenn,021,27897,5524,5509,1872,7381,48
2022-10-01,Humboldt,023,135768,21842,21744,5041,26785,157
2022-10-01,Imperial,025,180216,65510,65425,15842,81267,958
2022-10-01,Inyo,027,18085,4490,4483,992,5475,59
2022-10-01,Kern,029,883053,219182,218846,63759,282605,2417
2022-10-01,Kings,031,150075,59475,59394,4087,63481,459
2022-10-01,Lake,033,64148,12793,12761,1209,13970,147
2022-10-01,Lassen,035,31185,9965,9962,992,10954,65
2022-10-01,Los Angeles,037,10098052,3283139,3271661,181287,3452948,33336
2022-10-01,Madera,039,155013,44008,43953,8279,52232,374
2022-10-01,Marin,041,260295,45207,45002,5316,50318,310
2022-10-01,Mariposa,043,17540,3086,3079,363,3442,31
2022-10-01,Mendocino,045,87422,15996,15950,4516,20466,136
2022-10-01,Merced,047,269075,72318,72117,11819,83936,863
2022-10-01,Modoc,049,8938,877,873,325,1198,11
2022-10-01,Mono,051,14174,3206,3201,257,3458,7
2022-10-01,Monterey,053,433212,94109,93991,21098,115089,766
2022-10-01,Napa,055,140530,32263,32171,1429,33600,160
2022-10-01,Nevada,057,99092,18990,18923,1865,20788,132
2022-10-01,Orange,059,3164182,667572,665825,62358,728183,7435
2022-10-01,Placer,061,380077,75802,75573,9560,85133,661
2022-10-01,Plumas,063,18699,3669,3645,432,4077,13
2022-10-01,Riverside,065,2383286,695625,694250,35383,729633,6543
2022-10-01,Sacramento,067,1510023,346622,345905,33925,379830,3294
2022-10-01,San Benito,069,59416,16184,16152,977,17129,106
2022-10-01,San Bernardino,071,2135413,671387,668798,31043,699841,8106
2022-10-01,San Diego,073,3302833,924826,922323,71894,994217,5491
2022-10-01,San Francisco,075,870044,178889,178486,12105,190591,1043
2022-10-01,San Joaquin,077,732212,197407,197009,14775,211784,2319
2022-10-01,San Luis Obispo,079,281455,63225,63060,7215,70275,524
2022-10-01,San Mateo,081,765935,168421,167790,10668,178458,736
2022-10-01,Santa Barbara,083,443738,105745,105437,6942,112379,722
2022-10-01,Santa Clara,085,1922200,432188,430899,18948,449847,2494
2022-10-01,Santa Cruz,087,273765,63126,62866,3457,66323,273
2022-10-01,Shasta,089,179085,34911,34849,7490,42339,592
2022-10-01,Sierra,091,2930,306,304,60,364,5
2022-10-01,Siskiyou,093,43540,5276,5261,3319,8580,91
2022-10-01,Solano,095,438530,104996,104704,7813,112517,464
2022-10-01,Sonoma,097,501317,106944,106624,5340,111964,519
2022-10-01,Stanislaus,099,539301,137887,137589,21595,159184,1780
2022-10-01,Sutter,101,95872,24292,24265,2470,26735,232
2022-10-01,Tehama,103,63373,13620,13564,3084,16648,210
2022-10-01,Trinity,105,12862,1396,1392,392,1784,20
2022-10-01,Tulare,107,460477,121742,121589,36486,158075,1531
2022-10-01,Tuolumne,109,53932,15557,15516,934,16450,196
2022-10-01,Ventura,111,848112,208702,208124,15852,223976,1565
2022-10-01,Yolo,113,214977,47433,47279,4437,51716,341
2022-10-01,Yuba,115,75493,18899,18881,1716,20597,132
2022-09-30,Alameda,001,1643700,347564,346369,19824,366193,2020
2022-09-30,Alpine,003,1148,135,134,1,135,0
2022-09-30,Amador,005,37829,9996,9987,929,10916,90
2022-09-30,Butte,007,227075,39572,39378,9061,48439,454
2022-09-30,Calaveras,009,45235,8511,8497,559,9056,133
2022-09-30,Colusa,011,21464,3797,3782,1280,5062,22
2022-09-30,Contra Costa,013,1133247,250418,249273,20733,270006,1426
2022-09-30,Del Norte,015,27424,7424,7421,404,7825,56
2022-09-30,El Dorado,017,186661,32320,32238,4297,36535,231
2022-09-30,Fresno,019,978130,274913,274028,31375,305403,2859
2022-09-30,Glenn,021,27897,5523,5509,1872,7381,48
2022-09-30,Humboldt,023,135768,21828,21744,5041,26785,157
2022-09-30,Imperial,025,180216,65500,65425,15834,81259,958
2022-09-30,Inyo,027,18085,4489,4483,992,5475,59
2022-09-30,Kern,029,883053,219163,218846,63732,282578,2417
2022-09-30,Kings,031,150075,59469,59394,4087,63481,459
2022-09-30,Lake,033,64148,12791,12761,1209,13970,147
2022-09-30,Lassen,035,31185,9965,9962,992,10954,65
2022-09-30,Los Angeles,037,10098052,3282403,3271661,181180,3452841,33336
2022-09-30,Madera,039,155013,44002,43953,8279,52232,374
2022-09-30,Marin,041,260295,45184,45002,5316,50318,310
2022-09-30,Mariposa,043,17540,3085,3079,363,3442,31
2022-09-30,Mendocino,045,87422,15989,15950,4516,20466,136
2022-09-30,Merced,047,269075,72307,72117,11819,83936,863
2022-09-30,Modoc,049,8938,877,873,325,1198,11
2022-09-30,Mono,051,14174,3206,3201,257,3458,7
2022-09-30,Monterey,053,433212,94090,93991,21096,115087,766
2022-09-30,Napa,055,140530,32252,32171,1429,33600,160
2022-09-30,Nevada,057,99092,18985,18923,1865,20788,132
2022-09-30,Orange,059,3164182,667434,665825,62357,728182,7435
2022-09-30,Placer,061,380077,75784,75573,9559,85132,661
2022-09-30,Plumas,063,18699,3668,3645,432,4077,13
2022-09-30,Riverside,065,2383286,695513,694250,35383,729633,6543
2022-09-30,Sacramento,067,1510023,346539,345905,33925,379830,3294
2022-09-30,San Benito,069,59416,16181,16152,977,17129,106
2022-09-30,San Bernardino,071,2135413,671268,668798,31040,699838,8106
2022-09-30,San Diego,073,3302833,924608,922323,71865,994188,5491
2022-09-30,San Francisco,075,870044,178827,178486,12104,190590,1043
2022-09-30,San Joaquin,077,732212,197373,197009,14774,211783,2319
2022-09-30,San Luis Obispo,079,281455,63220,63060,7212,70272,524
2022-09-30,San Mateo,081,765935,168358,167790,10668,178458,736
2022-09-30,Santa Barbara,083,443738,105720,105437,6942,112379,722
2022-09-30,Santa Clara,085,1922200,432011,430899,18948,449847,2494
2022-09-30,Santa Cruz,087,273765,63106,62866,3457,66323,273
2022-09-30,Shasta,089,179085,34908,34849,7490,42339,592
2022-09-30,Sierra,091,2930,306,304,60,364,5
2022-09-30,Siskiyou,093,43540,5275,5261,3319,8580,91
2022-09-30,Solano,095,438530,104966,104704,7813,112517,464
2022-09-30,Sonoma,097,501317,106910,106624,5340,111964,519
2022-09-30,Stanislaus,099,539301,137867,137589,21592,159181,1780
2022-09-30,Sutter,101,95872,24290,24265,2470,26735,232
2022-09-30,Tehama,103,63373,13618,13564,3084,16648,210
2022-09-30,Trinity,105,12862,1395,1392,392,1784,20
2022-09-30,Tulare,107,460477,121721,121589,36483,158072,1531
2022-09-30,Tuolumne,109,53932,15554,15516,934,16450,196
2022-09-30,Ventura,111,848112,208650,208124,15852,223976,1565
2022-09-30,Yolo,113,214977,47422,47279,4437,51716,341
2022-09-30,Yuba,115,75493,18894,18881,1716,20597,132
2022-09-29,Alameda,001,1643700,347401,346369,19823,366192,2020
2022-09-29,Alpine,003,1148,135,134,1,135,0
2022-09-29,Amador,005,37829,9993,9987,929,10916,90
2022-09-29,Butte,007,227075,39566,39378,9061,48439,454
2022-09-29,Calaveras,009,45235,8505,8497,559,9056,133
2022-09-29,Colusa,011,21464,3796,3782,1280,5062,22
2022-09-29,Contra Costa,013,1133247,250321,249273,20733,270006,1426
2022-09-29,Del Norte,015,27424,7421,7421,404,7825,56
2022-09-29,El Dorado,017,186661,32311,32238,4294,36532,231
2022-09-29,Fresno,019,978130,274814,274028,31373,305401,2859
2022-09-29,Glenn,021,27897,5523,5509,1872,7381,48
2022-09-29,Humboldt,023,135768,21816,21744,5041,26785,157
2022-09-29,Imperial,025,180216,65480,65425,15823,81248,958
2022-09-29,Inyo,027,18085,4489,4483,992,5475,59
2022-09-29,Kern,029,883053,219134,218846,63698,282544,2417
2022-09-29,Kings,031,150075,59461,59394,4087,63481,459
2022-09-29,Lake,033,64148,12787,12761,1209,13970,147
2022-09-29,Lassen,035,31185,9964,9962,992,10954,65
2022-09-29,Los Angeles,037,10098052,3281420,3271661,181075,3452736,33336
2022-09-29,Madera,039,155013,43993,43953,8279,52232,374
2022-09-29,Marin,041,260295,45160,45002,5313,50315,310
2022-09-29,Mariposa,043,17540,3083,3079,363,3442,31
2022-09-29,Mendocino,045,87422,15985,15950,4516,20466,136
2022-09-29,Merced,047,269075,72292,72117,11819,83936,863
2022-09-29,Modoc,049,8938,877,873,325,1198,11
2022-09-29,Mono,051,14174,3205,3201,257,3458,7
2022-09-29,Monterey,053,433212,94079,93991,21096,115087,766
2022-09-29,Napa,055,140530,32241,32171,1429,33600,160
2022-09-29,Nevada,057,99092,18976,18923,1865,20788,132
2022-09-29,Orange,059,3164182,667209,665825,62353,728178,7435
2022-09-29,Placer,061,380077,75767,75573,9551,85124,661
2022-09-29,Plumas,063,18699,3667,3645,432,4077,13
2022-09-29,Riverside,065,2383286,695362,694250,35382,729632,6543
2022-09-29,Sacramento,067,1510023,346413,345905,33922,379827,3294
2022-09-29,San Benito,069,59416,16176,16152,976,17128,106
2022-09-29,San Bernardino,071,2135413,671122,668798,31039,699837,8106
2022-09-29,San Diego,073,3302833,924360,922323,71834,994157,5491
2022-09-29,San Francisco,075,870044,178749,178486,12102,190588,1043
2022-09-29,San Joaquin,077,732212,197329,197009,14768,211777,2319
2022-09-29,San Luis Obispo,079,281455,63200,63060,7209,70269,524
2022-09-29,San Mateo,081,765935,168276,167790,10668,178458,736
2022-09-29,Santa Barbara,083,443738,105686,105437,6942,112379,722
2022-09-29,Santa Clara,085,1922200,431817,430899,18948,449847,2494
2022-09-29,Santa Cruz,087,273765,63062,62866,3457,66323,273
2022-09-29,Shasta,089,179085,34901,34849,7490,42339,592
2022-09-29,Sierra,091,2930,306,304,60,364,5
2022-09-29,Siskiyou,093,43540,5272,5261,3319,8580,91
2022-09-29,Solano,095,438530,104932,104704,7813,112517,464
2022-09-29,Sonoma,097,501317,106852,106624,5340,111964,519
2022-09-29,Stanislaus,099,539301,137837,137589,21590,159179,1780
2022-09-29,Sutter,101,95872,24287,24265,2470,26735,232
2022-09-29,Tehama,103,63373,13616,13564,3084,16648,210
2022-09-29,Trinity,105,12862,1395,1392,392,1784,20
2022-09-29,Tulare,107,460477,121705,121589,36478,158067,1531
2022-09-29,Tuolumne,109,53932,15550,15516,934,16450,196
2022-09-29,Ventura,111,848112,208590,208124,15852,223976,1565
2022-09-29,Yolo,113,214977,47410,47279,4434,51713,341
2022-09-29,Yuba,115,75493,18892,18881,1716,20597,132
2022-09-28,Alameda,001,1643700,347242,346369,19809,366178,2020
2022-09-28,Alpine,003,1148,134,134,1,135,0
2022-09-28,Amador,005,37829,9991,9987,929,10916,90
2022-09-28,Butte,007,227075,39559,39378,9057,48435,454
2022-09-28,Calaveras,009,45235,8504,8497,559,9056,133
2022-09-28,Colusa,011,21464,3796,3782,1280,5062,22
2022-09-28,Contra Costa,013,1133247,250215,249273,20726,269999,1426
2022-09-28,Del Norte,015,27424,7419,7421,404,7825,56
2022-09-28,El Dorado,017,186661,32304,32238,4292,36530,231
2022-09-28,Fresno,019,978130,274734,274028,31366,305394,2859
2022-09-28,Glenn,021,27897,5523,5509,1871,7380,48
2022-09-28,Humboldt,023,135768,21806,21744,5038,26782,157
2022-09-28,Imperial,025,180216,65465,65425,15815,81240,958
2022-09-28,Inyo,027,18085,4487,4483,992,5475,59
2022-09-28,Kern,029,883053,219086,218846,63653,282499,2417
2022-09-28,Kings,031,150075,59441,59394,4084,63478,459
2022-09-28,Lake,033,64148,12778,12761,1209,13970,147
2022-09-28,Lassen,035,31185,9963,9962,992,10954,65
2022-09-28,Los Angeles,037,10098052,3280304,3271661,180969,3452630,33336
2022-09-28,Madera,039,155013,43986,43953,8279,52232,374
2022-09-28,Marin,041,260295,45134,45002,5312,50314,310
2022-09-28,Mariposa,043,17540,3083,3079,363,3442,31
2022-09-28,Mendocino,045,87422,15983,15950,4511,20461,136
2022-09-28,Merced,047,269075,72281,72117,11818,83935,863
2022-09-28,Modoc,049,8938,877,873,324,1197,11
2022-09-28,Mono,051,14174,3205,3201,257,3458,7
2022-09-28,Monterey,053,433212,94065,93991,21089,115080,766
2022-09-28,Napa,055,140530,32226,32171,1427,33598,160
2022-09-28,Nevada,057,99092,18968,18923,1854,20777,132
2022-09-28,Orange,059,3164182,666983,665825,62318,728143,7435
2022-09-28,Placer,061,380077,75738,75573,9548,85121,661
2022-09-28,Plumas,063,18699,3665,3645,432,4077,13
2022-09-28,Riverside,065,2383286,695198,694250,35373,729623,6543
2022-09-28,Sacramento,067,1510023,346301,345905,33902,379807,3294
2022-09-28,San Benito,069,59416,16172,16152,972,17124,106
2022-09-28,San Bernardino,071,2135413,670962,668798,31027,699825,8106
2022-09-28,San Diego,073,3302833,924042,922323,71801,994124,5491
2022-09-28,San Francisco,075,870044,178655,178486,12102,190588,1043
2022-09-28,San Joaquin,077,732212,197291,197009,14767,211776,2319
2022-09-28,San Luis Obispo,079,281455,63185,63060,7201,70261,524
2022-09-28,San Mateo,081,765935,168200,167790,10665,178455,736
2022-09-28,Santa Barbara,083,443738,105652,105437,6937,112374,722
2022-09-28,Santa Clara,085,1922200,431650,430899,18945,449844,2494
2022-09-28,Santa Cruz,087,273765,63026,62866,3456,66322,273
2022-09-28,Shasta,089,179085,34896,34849,7490,42339,592
2022-09-28,Sierra,091,2930,306,304,60,364,5
2022-09-28,Siskiyou,093,43540,5270,5261,3318,8579,91
2022-09-28,Solano,095,438530,104904,104704,7812,112516,464
2022-09-28,Sonoma,097,501317,106818,106624,5336,111960,519
2022-09-28,Stanislaus,099,539301,137803,137589,21585,159174,1780
2022-09-28,Sutter,101,95872,24273,24265,2469,26734,232
2022-09-28,Tehama,103,63373,13612,13564,3084,16648,210
2022-09-28,Trinity,105,12862,1395,1392,390,1782,20
2022-09-28,Tulare,107,460477,121682,121589,36468,158057,1531
2022-09-28,Tuolumne,109,53932,15547,15516,934,16450,196
2022-09-28,Ventura,111,848112,208526,208124,15851,223975,1565
2022-09-28,Yolo,113,214977,47387,47279,4432,51711,341
2022-09-28,Yuba,115,75493,18887,18881,1713,20594,132
2022-09-27,Alameda,001,1643700,347078,346369,19799,366168,2020
2022-09-27,Alpine,003,1148,134,134,1,135,0
2022-09-27,Amador,005,37829,9988,9987,927,10914,90
2022-09-27,Butte,007,227075,39551,39378,9053,48431,454
2022-09-27,Calaveras,009,45235,8503,8497,558,9055,133
2022-09-27,Colusa,011,21464,3796,3782,1280,5062,22
2022-09-27,Contra Costa,013,1133247,250114,249273,20715,269988,1426
2022-09-27,Del Norte,015,27424,7419,7421,404,7825,56
2022-09-27,El Dorado,017,186661,32291,32238,4290,36528,231
2022-09-27,Fresno,019,978130,274671,274028,31360,305388,2859
2022-09-27,Glenn,021,27897,5522,5509,1870,7379,48
2022-09-27,Humboldt,023,135768,21796,21744,5032,26776,157
2022-09-27,Imperial,025,180216,65443,65425,15809,81234,958
2022-09-27,Inyo,027,18085,4485,4483,990,5473,59
2022-09-27,Kern,029,883053,219029,218846,63626,282472,2417
2022-09-27,Kings,031,150075,59425,59394,4084,63478,459
2022-09-27,Lake,033,64148,12775,12761,1207,13968,147
2022-09-27,Lassen,035,31185,9961,9962,992,10954,65
2022-09-27,Los Angeles,037,10098052,3279123,3271661,180813,3452474,33336
2022-09-27,Madera,039,155013,43975,43953,8279,52232,374
2022-09-27,Marin,041,260295,45106,45002,5309,50311,310
2022-09-27,Mariposa,043,17540,3082,3079,363,3442,31
2022-09-27,Mendocino,045,87422,15974,15950,4505,20455,136
2022-09-27,Merced,047,269075,72268,72117,11814,83931,863
2022-09-27,Modoc,049,8938,877,873,324,1197,11
2022-09-27,Mono,051,14174,3204,3201,257,3458,7
2022-09-27,Monterey,053,433212,94045,93991,21076,115067,766
2022-09-27,Napa,055,140530,32209,32171,1427,33598,160
2022-09-27,Nevada,057,99092,18958,18923,1853,20776,132
2022-09-27,Orange,059,3164182,666719,665825,62254,728079,7435
2022-09-27,Placer,061,380077,75707,75573,9543,85116,661
2022-09-27,Plumas,063,18699,3662,3645,432,4077,13
2022-09-27,Riverside,065,2383286,695001,694250,35353,729603,6543
2022-09-27,Sacramento,067,1510023,346174,345905,33883,379788,3294
2022-09-27,San Benito,069,59416,16171,16152,972,17124,106
2022-09-27,San Bernardino,071,2135413,670716,668798,31011,699809,8106
2022-09-27,San Diego,073,3302833,923647,922323,71764,994087,5491
2022-09-27,San Francisco,075,870044,178552,178486,12100,190586,1043
2022-09-27,San Joaquin,077,732212,197239,197009,14760,211769,2319
2022-09-27,San Luis Obispo,079,281455,63157,63060,7199,70259,524
2022-09-27,San Mateo,081,765935,168131,167790,10662,178452,736
2022-09-27,Santa Barbara,083,443738,105610,105437,6930,112367,722
2022-09-27,Santa Clara,085,1922200,431431,430899,18931,449830,2494
2022-09-27,Santa Cruz,087,273765,62995,62866,3454,66320,273
2022-09-27,Shasta,089,179085,34885,34849,7484,42333,592
2022-09-27,Sierra,091,2930,304,304,60,364,5
2022-09-27,Siskiyou,093,43540,5268,5261,3318,8579,91
2022-09-27,Solano,095,438530,104861,104704,7810,112514,464
2022-09-27,Sonoma,097,501317,106767,106624,5333,111957,519
2022-09-27,Stanislaus,099,539301,137776,137589,21584,159173,1780
2022-09-27,Sutter,101,95872,24259,24265,2469,26734,232
2022-09-27,Tehama,103,63373,13610,13564,3084,16648,210
2022-09-27,Trinity,105,12862,1395,1392,388,1780,20
2022-09-27,Tulare,107,460477,121659,121589,36453,158042,1531
2022-09-27,Tuolumne,109,53932,15542,15516,933,16449,196
2022-09-27,Ventura,111,848112,208449,208124,15842,223966,1565
2022-09-27,Yolo,113,214977,47358,47279,4431,51710,341
2022-09-27,Yuba,115,75493,18883,18881,1712,20593,132
2022-09-26,Alameda,001,1643700,346889,345351,19795,365146,2012
2022-09-26,Alpine,003,1148,134,134,1,135,0
2022-09-26,Amador,005,37829,9987,9954,926,10880,90
2022-09-26,Butte,007,227075,39539,39282,9049,48331,453
2022-09-26,Calaveras,009,45235,8500,8475,555,9030,133
2022-09-26,Colusa,011,21464,3793,3775,1278,5053,22
2022-09-26,Contra Costa,013,1133247,249983,248053,20698,268751,1424
2022-09-26,Del Norte,015,27424,7418,7403,404,7807,57
2022-09-26,El Dorado,017,186661,32277,32159,4288,36447,231
2022-09-26,Fresno,019,978130,274596,273381,31344,304725,2850
2022-09-26,Glenn,021,27897,5522,5494,1870,7364,48
2022-09-26,Humboldt,023,135768,21784,21641,5027,26668,156
2022-09-26,Imperial,025,180216,65421,65297,15794,81091,957
2022-09-26,Inyo,027,18085,4485,4481,989,5470,59
2022-09-26,Kern,029,883053,218972,218413,63598,282011,2408
2022-09-26,Kings,031,150075,59413,59288,4082,63370,456
2022-09-26,Lake,033,64148,12769,12731,1207,13938,146
2022-09-26,Lassen,035,31185,9961,9947,991,10938,65
2022-09-26,Los Angeles,037,10098052,3277971,3263510,180651,3444161,33258
2022-09-26,Madera,039,155013,43956,43910,8275,52185,374
2022-09-26,Marin,041,260295,45076,44823,5306,50129,310
2022-09-26,Mariposa,043,17540,3081,3074,363,3437,31
2022-09-26,Mendocino,045,87422,15967,15911,4503,20414,136
2022-09-26,Merced,047,269075,72255,71875,11810,83685,862
2022-09-26,Modoc,049,8938,875,872,324,1196,11
2022-09-26,Mono,051,14174,3202,3198,257,3455,7
2022-09-26,Monterey,053,433212,94029,93829,21055,114884,766
2022-09-26,Napa,055,140530,32191,32094,1426,33520,160
2022-09-26,Nevada,057,99092,18950,18861,1851,20712,132
2022-09-26,Orange,059,3164182,666463,664263,62197,726460,7425
2022-09-26,Placer,061,380077,75673,75381,9536,84917,660
2022-09-26,Plumas,063,18699,3662,3632,432,4064,13
2022-09-26,Riverside,065,2383286,694799,693038,35342,728380,6610
2022-09-26,Sacramento,067,1510023,346024,344748,33857,378605,3282
2022-09-26,San Benito,069,59416,16165,16114,971,17085,106
2022-09-26,San Bernardino,071,2135413,670527,667124,31001,698125,8097
2022-09-26,San Diego,073,3302833,923230,920118,71733,991851,5487
2022-09-26,San Francisco,075,870044,178460,176887,12097,188984,1031
2022-09-26,San Joaquin,077,732212,197174,196573,14750,211323,2306
2022-09-26,San Luis Obispo,079,281455,63127,62950,7192,70142,522
2022-09-26,San Mateo,081,765935,168044,167123,10659,177782,736
2022-09-26,Santa Barbara,083,443738,105571,105185,6925,112110,720
2022-09-26,Santa Clara,085,1922200,431180,429334,18917,448251,2486
2022-09-26,Santa Cruz,087,273765,62958,62704,3452,66156,274
2022-09-26,Shasta,089,179085,34878,34762,7477,42239,592
2022-09-26,Sierra,091,2930,304,303,60,363,5
2022-09-26,Siskiyou,093,43540,5268,5243,3316,8559,90
2022-09-26,Solano,095,438530,104820,104383,7805,112188,463
2022-09-26,Sonoma,097,501317,106700,106322,5328,111650,519
2022-09-26,Stanislaus,099,539301,137748,137340,21576,158916,1752
2022-09-26,Sutter,101,95872,24250,24198,2469,26667,232
2022-09-26,Tehama,103,63373,13607,13528,3084,16612,210
2022-09-26,Trinity,105,12862,1395,1390,387,1777,20
2022-09-26,Tulare,107,460477,121620,121446,36440,157886,1530
2022-09-26,Tuolumne,109,53932,15541,15469,931,16400,196
2022-09-26,Ventura,111,848112,208362,207684,15834,223518,1566
2022-09-26,Yolo,113,214977,47332,47147,4424,51571,335
2022-09-26,Yuba,115,75493,18877,18834,1710,20544,129
2022-09-25,Alameda,001,1643700,346676,345351,19774,365125,2012
2022-09-25,Alpine,003,1148,134,134,1,135,0
2022-09-25,Amador,005,37829,9984,9954,923,10877,90
2022-09-25,Butte,007,227075,39516,39282,9042,48324,453
2022-09-25,Calaveras,009,45235,8496,8475,550,9025,133
2022-09-25,Colusa,011,21464,3791,3775,1272,5047,22
2022-09-25,Contra Costa,013,1133247,249839,248053,20682,268735,1424
2022-09-25,Del Norte,015,27424,7413,7403,404,7807,57
2022-09-25,El Dorado,017,186661,32266,32159,4286,36445,231
2022-09-25,Fresno,019,978130,274492,273381,31319,304700,2850
2022-09-25,Glenn,021,27897,5522,5494,1870,7364,48
2022-09-25,Humboldt,023,135768,21775,21641,5022,26663,156
2022-09-25,Imperial,025,180216,65402,65297,15781,81078,957
2022-09-25,Inyo,027,18085,4482,4481,988,5469,59
2022-09-25,Kern,029,883053,218912,218413,63527,281940,2408
2022-09-25,Kings,031,150075,59394,59288,4081,63369,456
2022-09-25,Lake,033,64148,12764,12731,1205,13936,146
2022-09-25,Lassen,035,31185,9960,9947,991,10938,65
2022-09-25,Los Angeles,037,10098052,3276546,3263510,180458,3443968,33258
2022-09-25,Madera,039,155013,43943,43910,8269,52179,374
2022-09-25,Marin,041,260295,45035,44823,5306,50129,310
2022-09-25,Mariposa,043,17540,3081,3074,363,3437,31
2022-09-25,Mendocino,045,87422,15957,15911,4497,20408,136
2022-09-25,Merced,047,269075,72232,71875,11803,83678,862
2022-09-25,Modoc,049,8938,875,872,324,1196,11
2022-09-25,Mono,051,14174,3202,3198,255,3453,7
2022-09-25,Monterey,053,433212,94007,93829,21043,114872,766
2022-09-25,Napa,055,140530,32173,32094,1425,33519,160
2022-09-25,Nevada,057,99092,18940,18861,1849,20710,132
2022-09-25,Orange,059,3164182,666170,664263,62132,726395,7425
2022-09-25,Placer,061,380077,75637,75381,9526,84907,660
2022-09-25,Plumas,063,18699,3656,3632,432,4064,13
2022-09-25,Riverside,065,2383286,694582,693038,35324,728362,6610
2022-09-25,Sacramento,067,1510023,345876,344748,33824,378572,3282
2022-09-25,San Benito,069,59416,16153,16114,971,17085,106
2022-09-25,San Bernardino,071,2135413,670297,667124,30979,698103,8097
2022-09-25,San Diego,073,3302833,922784,920118,71694,991812,5487
2022-09-25,San Francisco,075,870044,178344,176887,12092,188979,1031
2022-09-25,San Joaquin,077,732212,197090,196573,14731,211304,2306
2022-09-25,San Luis Obispo,079,281455,63094,62950,7184,70134,522
2022-09-25,San Mateo,081,765935,167922,167123,10650,177773,736
2022-09-25,Santa Barbara,083,443738,105518,105185,6922,112107,720
2022-09-25,Santa Clara,085,1922200,430937,429334,18902,448236,2486
2022-09-25,Santa Cruz,087,273765,62911,62704,3449,66153,274
2022-09-25,Shasta,089,179085,34868,34762,7465,42227,592
2022-09-25,Sierra,091,2930,304,303,60,363,5
2022-09-25,Siskiyou,093,43540,5266,5243,3315,8558,90
2022-09-25,Solano,095,438530,104756,104383,7801,112184,463
2022-09-25,Sonoma,097,501317,106645,106322,5324,111646,519
2022-09-25,Stanislaus,099,539301,137696,137340,21573,158913,1752
2022-09-25,Sutter,101,95872,24235,24198,2468,26666,232
2022-09-25,Tehama,103,63373,13599,13528,3084,16612,210
2022-09-25,Trinity,105,12862,1395,1390,387,1777,20
2022-09-25,Tulare,107,460477,121589,121446,36421,157867,1530
2022-09-25,Tuolumne,109,53932,15535,15469,930,16399,196
2022-09-25,Ventura,111,848112,208264,207684,15817,223501,1566
2022-09-25,Yolo,113,214977,47306,47147,4419,51566,335
2022-09-25,Yuba,115,75493,18873,18834,1710,20544,129
2022-09-24,Alameda,001,1643700,346564,345351,19766,365117,2012
2022-09-24,Alpine,003,1148,134,134,1,135,0
2022-09-24,Amador,005,37829,9982,9954,922,10876,90
2022-09-24,Butte,007,227075,39510,39282,9040,48322,453
2022-09-24,Calaveras,009,45235,8493,8475,550,9025,133
2022-09-24,Colusa,011,21464,3790,3775,1271,5046,22
2022-09-24,Contra Costa,013,1133247,249756,248053,20677,268730,1424
2022-09-24,Del Norte,015,27424,7410,7403,404,7807,57
2022-09-24,El Dorado,017,186661,32255,32159,4281,36440,231
2022-09-24,Fresno,019,978130,274454,273381,31312,304693,2850
2022-09-24,Glenn,021,27897,5521,5494,1870,7364,48
2022-09-24,Humboldt,023,135768,21762,21641,5020,26661,156
2022-09-24,Imperial,025,180216,65387,65297,15775,81072,957
2022-09-24,Inyo,027,18085,4482,4481,988,5469,59
2022-09-24,Kern,029,883053,218884,218413,63489,281902,2408
2022-09-24,Kings,031,150075,59382,59288,4081,63369,456
2022-09-24,Lake,033,64148,12762,12731,1204,13935,146
2022-09-24,Lassen,035,31185,9959,9947,991,10938,65
2022-09-24,Los Angeles,037,10098052,3275819,3263510,180315,3443825,33258
2022-09-24,Madera,039,155013,43940,43910,8266,52176,374
2022-09-24,Marin,041,260295,45020,44823,5306,50129,310
2022-09-24,Mariposa,043,17540,3079,3074,363,3437,31
2022-09-24,Mendocino,045,87422,15955,15911,4494,20405,136
2022-09-24,Merced,047,269075,72217,71875,11803,83678,862
2022-09-24,Modoc,049,8938,875,872,323,1195,11
2022-09-24,Mono,051,14174,3202,3198,255,3453,7
2022-09-24,Monterey,053,433212,93998,93829,21038,114867,766
2022-09-24,Napa,055,140530,32164,32094,1424,33518,160
2022-09-24,Nevada,057,99092,18935,18861,1847,20708,132
2022-09-24,Orange,059,3164182,666014,664263,62075,726338,7425
2022-09-24,Placer,061,380077,75617,75381,9522,84903,660
2022-09-24,Plumas,063,18699,3653,3632,432,4064,13
2022-09-24,Riverside,065,2383286,694458,693038,35314,728352,6610
2022-09-24,Sacramento,067,1510023,345808,344748,33814,378562,3282
2022-09-24,San Benito,069,59416,16146,16114,970,17084,106
2022-09-24,San Bernardino,071,2135413,670184,667124,30971,698095,8097
2022-09-24,San Diego,073,3302833,922582,920118,71680,991798,5487
2022-09-24,San Francisco,075,870044,178266,176887,12086,188973,1031
2022-09-24,San Joaquin,077,732212,197064,196573,14724,211297,2306
2022-09-24,San Luis Obispo,079,281455,63082,62950,7183,70133,522
2022-09-24,San Mateo,081,765935,167855,167123,10640,177763,736
2022-09-24,Santa Barbara,083,443738,105496,105185,6920,112105,720
2022-09-24,Santa Clara,085,1922200,430781,429334,18893,448227,2486
2022-09-24,Santa Cruz,087,273765,62894,62704,3446,66150,274
2022-09-24,Shasta,089,179085,34863,34762,7463,42225,592
2022-09-24,Sierra,091,2930,304,303,60,363,5
2022-09-24,Siskiyou,093,43540,5263,5243,3315,8558,90
2022-09-24,Solano,095,438530,104738,104383,7800,112183,463
2022-09-24,Sonoma,097,501317,106617,106322,5321,111643,519
2022-09-24,Stanislaus,099,539301,137671,137340,21565,158905,1752
2022-09-24,Sutter,101,95872,24228,24198,2468,26666,232
2022-09-24,Tehama,103,63373,13594,13528,3083,16611,210
2022-09-24,Trinity,105,12862,1395,1390,387,1777,20
2022-09-24,Tulare,107,460477,121570,121446,36404,157850,1530
2022-09-24,Tuolumne,109,53932,15527,15469,930,16399,196
2022-09-24,Ventura,111,848112,208220,207684,15808,223492,1566
2022-09-24,Yolo,113,214977,47291,47147,4418,51565,335
2022-09-24,Yuba,115,75493,18868,18834,1709,20543,129
2022-09-23,Alameda,001,1643700,346423,345351,19755,365106,2012
2022-09-23,Alpine,003,1148,134,134,1,135,0
2022-09-23,Amador,005,37829,9978,9954,922,10876,90
2022-09-23,Butte,007,227075,39502,39282,9037,48319,453
2022-09-23,Calaveras,009,45235,8492,8475,550,9025,133
2022-09-23,Colusa,011,21464,3790,3775,1271,5046,22
2022-09-23,Contra Costa,013,1133247,249679,248053,20672,268725,1424
2022-09-23,Del Norte,015,27424,7407,7403,404,7807,57
2022-09-23,El Dorado,017,186661,32241,32159,4279,36438,231
2022-09-23,Fresno,019,978130,274406,273381,31307,304688,2850
2022-09-23,Glenn,021,27897,5519,5494,1869,7363,48
2022-09-23,Humboldt,023,135768,21745,21641,5013,26654,156
2022-09-23,Imperial,025,180216,65377,65297,15768,81065,957
2022-09-23,Inyo,027,18085,4482,4481,984,5465,59
2022-09-23,Kern,029,883053,218855,218413,63463,281876,2408
2022-09-23,Kings,031,150075,59375,59288,4080,63368,456
2022-09-23,Lake,033,64148,12762,12731,1204,13935,146
2022-09-23,Lassen,035,31185,9957,9947,991,10938,65
2022-09-23,Los Angeles,037,10098052,3275056,3263510,180236,3443746,33258
2022-09-23,Madera,039,155013,43931,43910,8265,52175,374
2022-09-23,Marin,041,260295,44997,44823,5304,50127,310
2022-09-23,Mariposa,043,17540,3079,3074,362,3436,31
2022-09-23,Mendocino,045,87422,15953,15911,4494,20405,136
2022-09-23,Merced,047,269075,72208,71875,11801,83676,862
2022-09-23,Modoc,049,8938,875,872,323,1195,11
2022-09-23,Mono,051,14174,3202,3198,255,3453,7
2022-09-23,Monterey,053,433212,93990,93829,21029,114858,766
2022-09-23,Napa,055,140530,32155,32094,1424,33518,160
2022-09-23,Nevada,057,99092,18931,18861,1846,20707,132
2022-09-23,Orange,059,3164182,665846,664263,62044,726307,7425
2022-09-23,Placer,061,380077,75595,75381,9517,84898,660
2022-09-23,Plumas,063,18699,3650,3632,432,4064,13
2022-09-23,Riverside,065,2383286,694325,693038,35305,728343,6610
2022-09-23,Sacramento,067,1510023,345735,344748,33810,378558,3282
2022-09-23,San Benito,069,59416,16146,16114,970,17084,106
2022-09-23,San Bernardino,071,2135413,670054,667124,30965,698089,8097
2022-09-23,San Diego,073,3302833,922332,920118,71647,991765,5487
2022-09-23,San Francisco,075,870044,178191,176887,12081,188968,1031
2022-09-23,San Joaquin,077,732212,197029,196573,14711,211284,2306
2022-09-23,San Luis Obispo,079,281455,63072,62950,7182,70132,522
2022-09-23,San Mateo,081,765935,167786,167123,10635,177758,736
2022-09-23,Santa Barbara,083,443738,105469,105185,6920,112105,720
2022-09-23,Santa Clara,085,1922200,430618,429334,18880,448214,2486
2022-09-23,Santa Cruz,087,273765,62878,62704,3446,66150,274
2022-09-23,Shasta,089,179085,34859,34762,7457,42219,592
2022-09-23,Sierra,091,2930,304,303,60,363,5
2022-09-23,Siskiyou,093,43540,5261,5243,3315,8558,90
2022-09-23,Solano,095,438530,104709,104383,7798,112181,463
2022-09-23,Sonoma,097,501317,106591,106322,5320,111642,519
2022-09-23,Stanislaus,099,539301,137646,137340,21561,158901,1752
2022-09-23,Sutter,101,95872,24220,24198,2468,26666,232
2022-09-23,Tehama,103,63373,13590,13528,3081,16609,210
2022-09-23,Trinity,105,12862,1394,1390,387,1777,20
2022-09-23,Tulare,107,460477,121550,121446,36386,157832,1530
2022-09-23,Tuolumne,109,53932,15521,15469,930,16399,196
2022-09-23,Ventura,111,848112,208159,207684,15802,223486,1566
2022-09-23,Yolo,113,214977,47275,47147,4416,51563,335
2022-09-23,Yuba,115,75493,18866,18834,1709,20543,129
2022-09-22,Alameda,001,1643700,346255,345351,19749,365100,2012
2022-09-22,Alpine,003,1148,134,134,1,135,0
2022-09-22,Amador,005,37829,9974,9954,922,10876,90
2022-09-22,Butte,007,227075,39490,39282,9032,48314,453
2022-09-22,Calaveras,009,45235,8490,8475,544,9019,133
2022-09-22,Colusa,011,21464,3788,3775,1271,5046,22
2022-09-22,Contra Costa,013,1133247,249564,248053,20658,268711,1424
2022-09-22,Del Norte,015,27424,7406,7403,404,7807,57
2022-09-22,El Dorado,017,186661,32231,32159,4275,36434,231
2022-09-22,Fresno,019,978130,274324,273381,31290,304671,2850
2022-09-22,Glenn,021,27897,5518,5494,1869,7363,48
2022-09-22,Humboldt,023,135768,21732,21641,5010,26651,156
2022-09-22,Imperial,025,180216,65365,65297,15754,81051,957
2022-09-22,Inyo,027,18085,4482,4481,982,5463,59
2022-09-22,Kern,029,883053,218813,218413,63421,281834,2408
2022-09-22,Kings,031,150075,59360,59288,4080,63368,456
2022-09-22,Lake,033,64148,12760,12731,1203,13934,146
2022-09-22,Lassen,035,31185,9956,9947,991,10938,65
2022-09-22,Los Angeles,037,10098052,3274022,3263510,180088,3443598,33258
2022-09-22,Madera,039,155013,43926,43910,8263,52173,374
2022-09-22,Marin,041,260295,44982,44823,5302,50125,310
2022-09-22,Mariposa,043,17540,3078,3074,362,3436,31
2022-09-22,Mendocino,045,87422,15948,15911,4494,20405,136
2022-09-22,Merced,047,269075,72189,71875,11797,83672,862
2022-09-22,Modoc,049,8938,875,872,323,1195,11
2022-09-22,Mono,051,14174,3201,3198,254,3452,7
2022-09-22,Monterey,053,433212,93970,93829,21020,114849,766
2022-09-22,Napa,055,140530,32137,32094,1422,33516,160
2022-09-22,Nevada,057,99092,18926,18861,1845,20706,132
2022-09-22,Orange,059,3164182,665626,664263,61994,726257,7425
2022-09-22,Placer,061,380077,75566,75381,9513,84894,660
2022-09-22,Plumas,063,18699,3647,3632,432,4064,13
2022-09-22,Riverside,065,2383286,694148,693038,35297,728335,6610
2022-09-22,Sacramento,067,1510023,345584,344748,33791,378539,3282
2022-09-22,San Benito,069,59416,16146,16114,969,17083,106
2022-09-22,San Bernardino,071,2135413,669908,667124,30950,698074,8097
2022-09-22,San Diego,073,3302833,921968,920118,71605,991723,5487
2022-09-22,San Francisco,075,870044,178086,176887,12075,188962,1031
2022-09-22,San Joaquin,077,732212,196983,196573,14703,211276,2306
2022-09-22,San Luis Obispo,079,281455,63054,62950,7180,70130,522
2022-09-22,San Mateo,081,765935,167723,167123,10633,177756,736
2022-09-22,Santa Barbara,083,443738,105440,105185,6916,112101,720
2022-09-22,Santa Clara,085,1922200,430443,429334,18865,448199,2486
2022-09-22,Santa Cruz,087,273765,62836,62704,3439,66143,274
2022-09-22,Shasta,089,179085,34847,34762,7449,42211,592
2022-09-22,Sierra,091,2930,304,303,60,363,5
2022-09-22,Siskiyou,093,43540,5260,5243,3314,8557,90
2022-09-22,Solano,095,438530,104650,104383,7794,112177,463
2022-09-22,Sonoma,097,501317,106556,106322,5318,111640,519
2022-09-22,Stanislaus,099,539301,137612,137340,21557,158897,1752
2022-09-22,Sutter,101,95872,24209,24198,2468,26666,232
2022-09-22,Tehama,103,63373,13586,13528,3078,16606,210
2022-09-22,Trinity,105,12862,1392,1390,387,1777,20
2022-09-22,Tulare,107,460477,121532,121446,36371,157817,1530
2022-09-22,Tuolumne,109,53932,15514,15469,929,16398,196
2022-09-22,Ventura,111,848112,208075,207684,15794,223478,1566
2022-09-22,Yolo,113,214977,47260,47147,4410,51557,335
2022-09-22,Yuba,115,75493,18859,18834,1707,20541,129
2022-09-21,Alameda,001,1643700,346091,345351,19734,365085,2012
2022-09-21,Alpine,003,1148,134,134,1,135,0
2022-09-21,Amador,005,37829,9973,9954,922,10876,90
2022-09-21,Butte,007,227075,39477,39282,9023,48305,453
2022-09-21,Calaveras,009,45235,8487,8475,543,9018,133
2022-09-21,Colusa,011,21464,3788,3775,1271,5046,22
2022-09-21,Contra Costa,013,1133247,249454,248053,20647,268700,1424
2022-09-21,Del Norte,015,27424,7405,7403,404,7807,57
2022-09-21,El Dorado,017,186661,32219,32159,4272,36431,231
2022-09-21,Fresno,019,978130,274248,273381,31279,304660,2850
2022-09-21,Glenn,021,27897,5517,5494,1868,7362,48
2022-09-21,Humboldt,023,135768,21716,21641,5007,26648,156
2022-09-21,Imperial,025,180216,65349,65297,15744,81041,957
2022-09-21,Inyo,027,18085,4482,4481,979,5460,59
2022-09-21,Kern,029,883053,218759,218413,63375,281788,2408
2022-09-21,Kings,031,150075,59344,59288,4080,63368,456
2022-09-21,Lake,033,64148,12754,12731,1201,13932,146
2022-09-21,Lassen,035,31185,9956,9947,991,10938,65
2022-09-21,Los Angeles,037,10098052,3272863,3263510,179923,3443433,33258
2022-09-21,Madera,039,155013,43911,43910,8263,52173,374
2022-09-21,Marin,041,260295,44958,44823,5302,50125,310
2022-09-21,Mariposa,043,17540,3078,3074,362,3436,31
2022-09-21,Mendocino,045,87422,15942,15911,4492,20403,136
2022-09-21,Merced,047,269075,72174,71875,11796,83671,862
2022-09-21,Modoc,049,8938,875,872,323,1195,11
2022-09-21,Mono,051,14174,3201,3198,254,3452,7
2022-09-21,Monterey,053,433212,93949,93829,21012,114841,766
2022-09-21,Napa,055,140530,32130,32094,1422,33516,160
2022-09-21,Nevada,057,99092,18916,18861,1845,20706,132
2022-09-21,Orange,059,3164182,665387,664263,61940,726203,7425
2022-09-21,Placer,061,380077,75533,75381,9508,84889,660
2022-09-21,Plumas,063,18699,3645,3632,432,4064,13
2022-09-21,Riverside,065,2383286,693969,693038,35278,728316,6610
2022-09-21,Sacramento,067,1510023,345432,344748,33776,378524,3282
2022-09-21,San Benito,069,59416,16134,16114,966,17080,106
2022-09-21,San Bernardino,071,2135413,669759,667124,30943,698067,8097
2022-09-21,San Diego,073,3302833,921587,920118,71555,991673,5487
2022-09-21,San Francisco,075,870044,177999,176887,12065,188952,1031
2022-09-21,San Joaquin,077,732212,196929,196573,14697,211270,2306
2022-09-21,San Luis Obispo,079,281455,63036,62950,7173,70123,522
2022-09-21,San Mateo,081,765935,167647,167123,10632,177755,736
2022-09-21,Santa Barbara,083,443738,105396,105185,6912,112097,720
2022-09-21,Santa Clara,085,1922200,430255,429334,18857,448191,2486
2022-09-21,Santa Cruz,087,273765,62790,62704,3435,66139,274
2022-09-21,Shasta,089,179085,34841,34762,7444,42206,592
2022-09-21,Sierra,091,2930,303,303,60,363,5
2022-09-21,Siskiyou,093,43540,5257,5243,3313,8556,90
2022-09-21,Solano,095,438530,104606,104383,7791,112174,463
2022-09-21,Sonoma,097,501317,106522,106322,5312,111634,519
2022-09-21,Stanislaus,099,539301,137577,137340,21548,158888,1752
2022-09-21,Sutter,101,95872,24200,24198,2468,26666,232
2022-09-21,Tehama,103,63373,13581,13528,3077,16605,210
2022-09-21,Trinity,105,12862,1392,1390,387,1777,20
2022-09-21,Tulare,107,460477,121503,121446,36355,157801,1530
2022-09-21,Tuolumne,109,53932,15509,15469,927,16396,196
2022-09-21,Ventura,111,848112,208004,207684,15784,223468,1566
2022-09-21,Yolo,113,214977,47241,47147,4402,51549,335
2022-09-21,Yuba,115,75493,18851,18834,1707,20541,129
2022-09-20,Alameda,001,1643700,345938,345351,19718,365069,2012
2022-09-20,Alpine,003,1148,134,134,1,135,0
2022-09-20,Amador,005,37829,9966,9954,922,10876,90
2022-09-20,Butte,007,227075,39462,39282,9014,48296,453
2022-09-20,Calaveras,009,45235,8485,8475,543,9018,133
2022-09-20,Colusa,011,21464,3788,3775,1271,5046,22
2022-09-20,Contra Costa,013,1133247,249334,248053,20632,268685,1424
2022-09-20,Del Norte,015,27424,7400,7403,404,7807,57
2022-09-20,El Dorado,017,186661,32205,32159,4269,36428,231
2022-09-20,Fresno,019,978130,274176,273381,31263,304644,2850
2022-09-20,Glenn,021,27897,5516,5494,1867,7361,48
2022-09-20,Humboldt,023,135768,21703,21641,5004,26645,156
2022-09-20,Imperial,025,180216,65327,65297,15733,81030,957
2022-09-20,Inyo,027,18085,4481,4481,976,5457,59
2022-09-20,Kern,029,883053,218706,218413,63338,281751,2408
2022-09-20,Kings,031,150075,59321,59288,4079,63367,456
2022-09-20,Lake,033,64148,12751,12731,1201,13932,146
2022-09-20,Lassen,035,31185,9953,9947,991,10938,65
2022-09-20,Los Angeles,037,10098052,3271705,3263510,179776,3443286,33258
2022-09-20,Madera,039,155013,43902,43910,8258,52168,374
2022-09-20,Marin,041,260295,44934,44823,5296,50119,310
2022-09-20,Mariposa,043,17540,3078,3074,362,3436,31
2022-09-20,Mendocino,045,87422,15938,15911,4489,20400,136
2022-09-20,Merced,047,269075,72151,71875,11791,83666,862
2022-09-20,Modoc,049,8938,875,872,323,1195,11
2022-09-20,Mono,051,14174,3201,3198,254,3452,7
2022-09-20,Monterey,053,433212,93930,93829,21003,114832,766
2022-09-20,Napa,055,140530,32121,32094,1421,33515,160
2022-09-20,Nevada,057,99092,18911,18861,1845,20706,132
2022-09-20,Orange,059,3164182,665108,664263,61895,726158,7425
2022-09-20,Placer,061,380077,75504,75381,9503,84884,660
2022-09-20,Plumas,063,18699,3643,3632,432,4064,13
2022-09-20,Riverside,065,2383286,693767,693038,35250,728288,6610
2022-09-20,Sacramento,067,1510023,345281,344748,33753,378501,3282
2022-09-20,San Benito,069,59416,16128,16114,966,17080,106
2022-09-20,San Bernardino,071,2135413,669552,667124,30928,698052,8097
2022-09-20,San Diego,073,3302833,921176,920118,71500,991618,5487
2022-09-20,San Francisco,075,870044,177908,176887,12059,188946,1031
2022-09-20,San Joaquin,077,732212,196868,196573,14692,211265,2306
2022-09-20,San Luis Obispo,079,281455,63021,62950,7163,70113,522
2022-09-20,San Mateo,081,765935,167566,167123,10628,177751,736
2022-09-20,Santa Barbara,083,443738,105360,105185,6907,112092,720
2022-09-20,Santa Clara,085,1922200,430051,429334,18847,448181,2486
2022-09-20,Santa Cruz,087,273765,62768,62704,3430,66134,274
2022-09-20,Shasta,089,179085,34830,34762,7440,42202,592
2022-09-20,Sierra,091,2930,303,303,60,363,5
2022-09-20,Siskiyou,093,43540,5253,5243,3313,8556,90
2022-09-20,Solano,095,438530,104562,104383,7787,112170,463
2022-09-20,Sonoma,097,501317,106470,106322,5310,111632,519
2022-09-20,Stanislaus,099,539301,137534,137340,21540,158880,1752
2022-09-20,Sutter,101,95872,24196,24198,2468,26666,232
2022-09-20,Tehama,103,63373,13579,13528,3077,16605,210
2022-09-20,Trinity,105,12862,1392,1390,387,1777,20
2022-09-20,Tulare,107,460477,121484,121446,36330,157776,1530
2022-09-20,Tuolumne,109,53932,15503,15469,926,16395,196
2022-09-20,Ventura,111,848112,207921,207684,15779,223463,1566
2022-09-20,Yolo,113,214977,47221,47147,4397,51544,335
2022-09-20,Yuba,115,75493,18847,18834,1707,20541,129
2022-09-19,Alameda,001,1643700,345769,344045,19703,363748,2007
2022-09-19,Alpine,003,1148,134,134,1,135,0
2022-09-19,Amador,005,37829,9962,9908,922,10830,90
2022-09-19,Butte,007,227075,39449,39155,9006,48161,453
2022-09-19,Calaveras,009,45235,8480,8455,542,8997,133
2022-09-19,Colusa,011,21464,3786,3765,1271,5036,22
2022-09-19,Contra Costa,013,1133247,249238,247095,20609,267704,1423
2022-09-19,Del Norte,015,27424,7397,7381,404,7785,56
2022-09-19,El Dorado,017,186661,32196,32088,4265,36353,231
2022-09-19,Fresno,019,978130,274088,272774,31254,304028,2839
2022-09-19,Glenn,021,27897,5515,5481,1866,7347,48
2022-09-19,Humboldt,023,135768,21690,21561,4999,26560,155
2022-09-19,Imperial,025,180216,65309,65099,15718,80817,956
2022-09-19,Inyo,027,18085,4480,4472,974,5446,59
2022-09-19,Kern,029,883053,218644,217694,63278,280972,2405
2022-09-19,Kings,031,150075,59307,59122,4079,63201,456
2022-09-19,Lake,033,64148,12746,12696,1200,13896,144
2022-09-19,Lassen,035,31185,9948,9938,991,10929,65
2022-09-19,Los Angeles,037,10098052,3270339,3253906,179597,3433503,33160
2022-09-19,Madera,039,155013,43877,43782,8252,52034,373
2022-09-19,Marin,041,260295,44905,44702,5291,49993,309
2022-09-19,Mariposa,043,17540,3078,3064,362,3426,31
2022-09-19,Mendocino,045,87422,15932,15872,4486,20358,136
2022-09-19,Merced,047,269075,72136,71732,11787,83519,862
2022-09-19,Modoc,049,8938,875,872,323,1195,11
2022-09-19,Mono,051,14174,3201,3191,254,3445,7
2022-09-19,Monterey,053,433212,93896,93692,20990,114682,762
2022-09-19,Napa,055,140530,32106,31979,1420,33399,160
2022-09-19,Nevada,057,99092,18905,18824,1843,20667,132
2022-09-19,Orange,059,3164182,664828,662784,61840,724624,7398
2022-09-19,Placer,061,380077,75483,75159,9500,84659,660
2022-09-19,Plumas,063,18699,3641,3609,432,4041,13
2022-09-19,Riverside,065,2383286,693533,691630,35236,726866,6608
2022-09-19,Sacramento,067,1510023,345132,343926,33733,377659,3267
2022-09-19,San Benito,069,59416,16118,16057,966,17023,106
2022-09-19,San Bernardino,071,2135413,669332,664360,30909,695269,8074
2022-09-19,San Diego,073,3302833,920754,917229,71414,988643,5479
2022-09-19,San Francisco,075,870044,177818,176724,12050,188774,1025
2022-09-19,San Joaquin,077,732212,196775,196128,14686,210814,2304
2022-09-19,San Luis Obispo,079,281455,63002,62716,7154,69870,520
2022-09-19,San Mateo,081,765935,167471,166572,10622,177194,735
2022-09-19,Santa Barbara,083,443738,105320,104912,6900,111812,718
2022-09-19,Santa Clara,085,1922200,429822,428065,18831,446896,2473
2022-09-19,Santa Cruz,087,273765,62738,62480,3425,65905,274
2022-09-19,Shasta,089,179085,34811,34648,7433,42081,591
2022-09-19,Sierra,091,2930,303,303,60,363,5
2022-09-19,Siskiyou,093,43540,5250,5226,3311,8537,90
2022-09-19,Solano,095,438530,104518,104085,7785,111870,462
2022-09-19,Sonoma,097,501317,106412,106028,5310,111338,518
2022-09-19,Stanislaus,099,539301,137489,136981,21529,158510,1727
2022-09-19,Sutter,101,95872,24182,24119,2468,26587,232
2022-09-19,Tehama,103,63373,13574,13503,3076,16579,210
2022-09-19,Trinity,105,12862,1392,1385,387,1772,20
2022-09-19,Tulare,107,460477,121458,121230,36307,157537,1531
2022-09-19,Tuolumne,109,53932,15497,15411,926,16337,196
2022-09-19,Ventura,111,848112,207832,207049,15768,222817,1563
2022-09-19,Yolo,113,214977,47206,47085,4395,51480,334
2022-09-19,Yuba,115,75493,18837,18764,1701,20465,129
2022-09-18,Alameda,001,1643700,345566,344045,19688,363733,2007
2022-09-18,Alpine,003,1148,134,134,1,135,0
2022-09-18,Amador,005,37829,9956,9908,922,10830,90
2022-09-18,Butte,007,227075,39432,39155,8995,48150,453
2022-09-18,Calaveras,009,45235,8474,8455,539,8994,133
2022-09-18,Colusa,011,21464,3785,3765,1271,5036,22
2022-09-18,Contra Costa,013,1133247,249089,247095,20594,267689,1423
2022-09-18,Del Norte,015,27424,7391,7381,404,7785,56
2022-09-18,El Dorado,017,186661,32182,32088,4262,36350,231
2022-09-18,Fresno,019,978130,273992,272774,31230,304004,2839
2022-09-18,Glenn,021,27897,5510,5481,1866,7347,48
2022-09-18,Humboldt,023,135768,21677,21561,4990,26551,155
2022-09-18,Imperial,025,180216,65290,65099,15696,80795,956
2022-09-18,Inyo,027,18085,4478,4472,973,5445,59
2022-09-18,Kern,029,883053,218571,217694,63203,280897,2405
2022-09-18,Kings,031,150075,59289,59122,4075,63197,456
2022-09-18,Lake,033,64148,12740,12696,1197,13893,144
2022-09-18,Lassen,035,31185,9944,9938,991,10929,65
2022-09-18,Los Angeles,037,10098052,3268807,3253906,179430,3433336,33160
2022-09-18,Madera,039,155013,43854,43782,8247,52029,373
2022-09-18,Marin,041,260295,44882,44702,5287,49989,309
2022-09-18,Mariposa,043,17540,3077,3064,362,3426,31
2022-09-18,Mendocino,045,87422,15928,15872,4481,20353,136
2022-09-18,Merced,047,269075,72109,71732,11778,83510,862
2022-09-18,Modoc,049,8938,874,872,323,1195,11
2022-09-18,Mono,051,14174,3201,3191,253,3444,7
2022-09-18,Monterey,053,433212,93868,93692,20974,114666,762
2022-09-18,Napa,055,140530,32092,31979,1418,33397,160
2022-09-18,Nevada,057,99092,18893,18824,1841,20665,132
2022-09-18,Orange,059,3164182,664548,662784,61762,724546,7398
2022-09-18,Placer,061,380077,75447,75159,9491,84650,660
2022-09-18,Plumas,063,18699,3635,3609,432,4041,13
2022-09-18,Riverside,065,2383286,693301,691630,35206,726836,6608
2022-09-18,Sacramento,067,1510023,344948,343926,33703,377629,3267
2022-09-18,San Benito,069,59416,16112,16057,963,17020,106
2022-09-18,San Bernardino,071,2135413,669098,664360,30886,695246,8074
2022-09-18,San Diego,073,3302833,920278,917229,71360,988589,5479
2022-09-18,San Francisco,075,870044,177688,176724,12044,188768,1025
2022-09-18,San Joaquin,077,732212,196699,196128,14681,210809,2304
2022-09-18,San Luis Obispo,079,281455,62982,62716,7145,69861,520
2022-09-18,San Mateo,081,765935,167367,166572,10613,177185,735
2022-09-18,Santa Barbara,083,443738,105275,104912,6896,111808,718
2022-09-18,Santa Clara,085,1922200,429577,428065,18810,446875,2473
2022-09-18,Santa Cruz,087,273765,62708,62480,3420,65900,274
2022-09-18,Shasta,089,179085,34793,34648,7420,42068,591
2022-09-18,Sierra,091,2930,303,303,60,363,5
2022-09-18,Siskiyou,093,43540,5247,5226,3309,8535,90
2022-09-18,Solano,095,438530,104463,104085,7776,111861,462
2022-09-18,Sonoma,097,501317,106359,106028,5306,111334,518
2022-09-18,Stanislaus,099,539301,137436,136981,21517,158498,1727
2022-09-18,Sutter,101,95872,24169,24119,2468,26587,232
2022-09-18,Tehama,103,63373,13564,13503,3074,16577,210
2022-09-18,Trinity,105,12862,1392,1385,384,1769,20
2022-09-18,Tulare,107,460477,121411,121230,36276,157506,1531
2022-09-18,Tuolumne,109,53932,15488,15411,924,16335,196
2022-09-18,Ventura,111,848112,207722,207049,15755,222804,1563
2022-09-18,Yolo,113,214977,47193,47085,4392,51477,334
2022-09-18,Yuba,115,75493,18827,18764,1701,20465,129
2022-09-17,Alameda,001,1643700,345447,344045,19684,363729,2007
2022-09-17,Alpine,003,1148,134,134,1,135,0
2022-09-17,Amador,005,37829,9954,9908,922,10830,90
2022-09-17,Butte,007,227075,39421,39155,8990,48145,453
2022-09-17,Calaveras,009,45235,8470,8455,537,8992,133
2022-09-17,Colusa,011,21464,3781,3765,1271,5036,22
2022-09-17,Contra Costa,013,1133247,249004,247095,20590,267685,1423
2022-09-17,Del Norte,015,27424,7390,7381,404,7785,56
2022-09-17,El Dorado,017,186661,32177,32088,4260,36348,231
2022-09-17,Fresno,019,978130,273946,272774,31220,303994,2839
2022-09-17,Glenn,021,27897,5506,5481,1864,7345,48
2022-09-17,Humboldt,023,135768,21669,21561,4984,26545,155
2022-09-17,Imperial,025,180216,65269,65099,15688,80787,956
2022-09-17,Inyo,027,18085,4478,4472,971,5443,59
2022-09-17,Kern,029,883053,218535,217694,63159,280853,2405
2022-09-17,Kings,031,150075,59278,59122,4073,63195,456
2022-09-17,Lake,033,64148,12739,12696,1197,13893,144
2022-09-17,Lassen,035,31185,9944,9938,991,10929,65
2022-09-17,Los Angeles,037,10098052,3267983,3253906,179284,3433190,33160
2022-09-17,Madera,039,155013,43847,43782,8247,52029,373
2022-09-17,Marin,041,260295,44866,44702,5283,49985,309
2022-09-17,Mariposa,043,17540,3076,3064,362,3426,31
2022-09-17,Mendocino,045,87422,15926,15872,4481,20353,136
2022-09-17,Merced,047,269075,72095,71732,11775,83507,862
2022-09-17,Modoc,049,8938,874,872,323,1195,11
2022-09-17,Mono,051,14174,3201,3191,253,3444,7
2022-09-17,Monterey,053,433212,93855,93692,20965,114657,762
2022-09-17,Napa,055,140530,32086,31979,1417,33396,160
2022-09-17,Nevada,057,99092,18885,18824,1838,20662,132
2022-09-17,Orange,059,3164182,664375,662784,61723,724507,7398
2022-09-17,Placer,061,380077,75414,75159,9484,84643,660
2022-09-17,Plumas,063,18699,3633,3609,432,4041,13
2022-09-17,Riverside,065,2383286,693159,691630,35187,726817,6608
2022-09-17,Sacramento,067,1510023,344871,343926,33685,377611,3267
2022-09-17,San Benito,069,59416,16106,16057,961,17018,106
2022-09-17,San Bernardino,071,2135413,668967,664360,30875,695235,8074
2022-09-17,San Diego,073,3302833,920096,917229,71339,988568,5479
2022-09-17,San Francisco,075,870044,177627,176724,12040,188764,1025
2022-09-17,San Joaquin,077,732212,196674,196128,14680,210808,2304
2022-09-17,San Luis Obispo,079,281455,62971,62716,7145,69861,520
2022-09-17,San Mateo,081,765935,167303,166572,10605,177177,735
2022-09-17,Santa Barbara,083,443738,105246,104912,6894,111806,718
2022-09-17,Santa Clara,085,1922200,429438,428065,18803,446868,2473
2022-09-17,Santa Cruz,087,273765,62700,62480,3420,65900,274
2022-09-17,Shasta,089,179085,34783,34648,7414,42062,591
2022-09-17,Sierra,091,2930,303,303,60,363,5
2022-09-17,Siskiyou,093,43540,5246,5226,3308,8534,90
2022-09-17,Solano,095,438530,104452,104085,7774,111859,462
2022-09-17,Sonoma,097,501317,106325,106028,5305,111333,518
2022-09-17,Stanislaus,099,539301,137413,136981,21509,158490,1727
2022-09-17,Sutter,101,95872,24163,24119,2468,26587,232
2022-09-17,Tehama,103,63373,13562,13503,3073,16576,210
2022-09-17,Trinity,105,12862,1392,1385,384,1769,20
2022-09-17,Tulare,107,460477,121394,121230,36263,157493,1531
2022-09-17,Tuolumne,109,53932,15483,15411,923,16334,196
2022-09-17,Ventura,111,848112,207678,207049,15744,222793,1563
2022-09-17,Yolo,113,214977,47184,47085,4386,51471,334
2022-09-17,Yuba,115,75493,18824,18764,1701,20465,129
2022-09-16,Alameda,001,1643700,345313,344045,19670,363715,2007
2022-09-16,Alpine,003,1148,134,134,1,135,0
2022-09-16,Amador,005,37829,9952,9908,922,10830,90
2022-09-16,Butte,007,227075,39405,39155,8987,48142,453
2022-09-16,Calaveras,009,45235,8467,8455,537,8992,133
2022-09-16,Colusa,011,21464,3780,3765,1271,5036,22
2022-09-16,Contra Costa,013,1133247,248919,247095,20583,267678,1423
2022-09-16,Del Norte,015,27424,7389,7381,404,7785,56
2022-09-16,El Dorado,017,186661,32171,32088,4258,36346,231
2022-09-16,Fresno,019,978130,273907,272774,31213,303987,2839
2022-09-16,Glenn,021,27897,5506,5481,1864,7345,48
2022-09-16,Humboldt,023,135768,21659,21561,4984,26545,155
2022-09-16,Imperial,025,180216,65256,65099,15683,80782,956
2022-09-16,Inyo,027,18085,4478,4472,969,5441,59
2022-09-16,Kern,029,883053,218495,217694,63136,280830,2405
2022-09-16,Kings,031,150075,59263,59122,4073,63195,456
2022-09-16,Lake,033,64148,12735,12696,1197,13893,144
2022-09-16,Lassen,035,31185,9943,9938,990,10928,65
2022-09-16,Los Angeles,037,10098052,3267093,3253906,179180,3433086,33160
2022-09-16,Madera,039,155013,43833,43782,8247,52029,373
2022-09-16,Marin,041,260295,44844,44702,5280,49982,309
2022-09-16,Mariposa,043,17540,3075,3064,362,3426,31
2022-09-16,Mendocino,045,87422,15921,15872,4480,20352,136
2022-09-16,Merced,047,269075,72080,71732,11773,83505,862
2022-09-16,Modoc,049,8938,874,872,323,1195,11
2022-09-16,Mono,051,14174,3201,3191,253,3444,7
2022-09-16,Monterey,053,433212,93838,93692,20962,114654,762
2022-09-16,Napa,055,140530,32076,31979,1415,33394,160
2022-09-16,Nevada,057,99092,18880,18824,1838,20662,132
2022-09-16,Orange,059,3164182,664217,662784,61666,724450,7398
2022-09-16,Placer,061,380077,75396,75159,9479,84638,660
2022-09-16,Plumas,063,18699,3631,3609,432,4041,13
2022-09-16,Riverside,065,2383286,693042,691630,35168,726798,6608
2022-09-16,Sacramento,067,1510023,344776,343926,33676,377602,3267
2022-09-16,San Benito,069,59416,16099,16057,961,17018,106
2022-09-16,San Bernardino,071,2135413,668823,664360,30863,695223,8074
2022-09-16,San Diego,073,3302833,919816,917229,71313,988542,5479
2022-09-16,San Francisco,075,870044,177569,176724,12034,188758,1025
2022-09-16,San Joaquin,077,732212,196638,196128,14678,210806,2304
2022-09-16,San Luis Obispo,079,281455,62955,62716,7144,69860,520
2022-09-16,San Mateo,081,765935,167235,166572,10600,177172,735
2022-09-16,Santa Barbara,083,443738,105221,104912,6892,111804,718
2022-09-16,Santa Clara,085,1922200,429299,428065,18793,446858,2473
2022-09-16,Santa Cruz,087,273765,62679,62480,3420,65900,274
2022-09-16,Shasta,089,179085,34777,34648,7410,42058,591
2022-09-16,Sierra,091,2930,303,303,60,363,5
2022-09-16,Siskiyou,093,43540,5244,5226,3308,8534,90
2022-09-16,Solano,095,438530,104427,104085,7771,111856,462
2022-09-16,Sonoma,097,501317,106295,106028,5305,111333,518
2022-09-16,Stanislaus,099,539301,137375,136981,21506,158487,1727
2022-09-16,Sutter,101,95872,24150,24119,2468,26587,232
2022-09-16,Tehama,103,63373,13560,13503,3072,16575,210
2022-09-16,Trinity,105,12862,1392,1385,384,1769,20
2022-09-16,Tulare,107,460477,121369,121230,36244,157474,1531
2022-09-16,Tuolumne,109,53932,15472,15411,923,16334,196
2022-09-16,Ventura,111,848112,207613,207049,15730,222779,1563
2022-09-16,Yolo,113,214977,47174,47085,4380,51465,334
2022-09-16,Yuba,115,75493,18815,18764,1701,20465,129
2022-09-15,Alameda,001,1643700,345139,344045,19657,363702,2007
2022-09-15,Alpine,003,1148,134,134,1,135,0
2022-09-15,Amador,005,37829,9948,9908,922,10830,90
2022-09-15,Butte,007,227075,39395,39155,8982,48137,453
2022-09-15,Calaveras,009,45235,8465,8455,534,8989,133
2022-09-15,Colusa,011,21464,3779,3765,1271,5036,22
2022-09-15,Contra Costa,013,1133247,248788,247095,20563,267658,1423
2022-09-15,Del Norte,015,27424,7386,7381,404,7785,56
2022-09-15,El Dorado,017,186661,32162,32088,4256,36344,231
2022-09-15,Fresno,019,978130,273808,272774,31201,303975,2839
2022-09-15,Glenn,021,27897,5506,5481,1863,7344,48
2022-09-15,Humboldt,023,135768,21642,21561,4976,26537,155
2022-09-15,Imperial,025,180216,65233,65099,15667,80766,956
2022-09-15,Inyo,027,18085,4478,4472,966,5438,59
2022-09-15,Kern,029,883053,218437,217694,63081,280775,2405
2022-09-15,Kings,031,150075,59246,59122,4073,63195,456
2022-09-15,Lake,033,64148,12732,12696,1196,13892,144
2022-09-15,Lassen,035,31185,9942,9938,990,10928,65
2022-09-15,Los Angeles,037,10098052,3265943,3253906,179019,3432925,33160
2022-09-15,Madera,039,155013,43822,43782,8244,52026,373
2022-09-15,Marin,041,260295,44826,44702,5277,49979,309
2022-09-15,Mariposa,043,17540,3074,3064,361,3425,31
2022-09-15,Mendocino,045,87422,15911,15872,4477,20349,136
2022-09-15,Merced,047,269075,72058,71732,11769,83501,862
2022-09-15,Modoc,049,8938,874,872,322,1194,11
2022-09-15,Mono,051,14174,3201,3191,251,3442,7
2022-09-15,Monterey,053,433212,93817,93692,20952,114644,762
2022-09-15,Napa,055,140530,32063,31979,1415,33394,160
2022-09-15,Nevada,057,99092,18872,18824,1835,20659,132
2022-09-15,Orange,059,3164182,663991,662784,61592,724376,7398
2022-09-15,Placer,061,380077,75359,75159,9474,84633,660
2022-09-15,Plumas,063,18699,3631,3609,432,4041,13
2022-09-15,Riverside,065,2383286,692871,691630,35150,726780,6608
2022-09-15,Sacramento,067,1510023,344623,343926,33647,377573,3267
2022-09-15,San Benito,069,59416,16093,16057,961,17018,106
2022-09-15,San Bernardino,071,2135413,668632,664360,30843,695203,8074
2022-09-15,San Diego,073,3302833,919455,917229,71274,988503,5479
2022-09-15,San Francisco,075,870044,177463,176724,12027,188751,1025
2022-09-15,San Joaquin,077,732212,196572,196128,14665,210793,2304
2022-09-15,San Luis Obispo,079,281455,62931,62716,7141,69857,520
2022-09-15,San Mateo,081,765935,167145,166572,10590,177162,735
2022-09-15,Santa Barbara,083,443738,105184,104912,6883,111795,718
2022-09-15,Santa Clara,085,1922200,429089,428065,18779,446844,2473
2022-09-15,Santa Cruz,087,273765,62658,62480,3416,65896,274
2022-09-15,Shasta,089,179085,34771,34648,7402,42050,591
2022-09-15,Sierra,091,2930,303,303,60,363,5
2022-09-15,Siskiyou,093,43540,5240,5226,3305,8531,90
2022-09-15,Solano,095,438530,104385,104085,7765,111850,462
2022-09-15,Sonoma,097,501317,106259,106028,5302,111330,518
2022-09-15,Stanislaus,099,539301,137334,136981,21500,158481,1727
2022-09-15,Sutter,101,95872,24142,24119,2468,26587,232
2022-09-15,Tehama,103,63373,13555,13503,3070,16573,210
2022-09-15,Trinity,105,12862,1391,1385,383,1768,20
2022-09-15,Tulare,107,460477,121342,121230,36224,157454,1531
2022-09-15,Tuolumne,109,53932,15463,15411,923,16334,196
2022-09-15,Ventura,111,848112,207520,207049,15714,222763,1563
2022-09-15,Yolo,113,214977,47161,47085,4378,51463,334
2022-09-15,Yuba,115,75493,18807,18764,1699,20463,129
2022-09-14,Alameda,001,1643700,344958,344045,19645,363690,2007
2022-09-14,Alpine,003,1148,134,134,1,135,0
2022-09-14,Amador,005,37829,9942,9908,922,10830,90
2022-09-14,Butte,007,227075,39377,39155,8974,48129,453
2022-09-14,Calaveras,009,45235,8459,8455,532,8987,133
2022-09-14,Colusa,011,21464,3776,3765,1271,5036,22
2022-09-14,Contra Costa,013,1133247,248682,247095,20544,267639,1423
2022-09-14,Del Norte,015,27424,7383,7381,404,7785,56
2022-09-14,El Dorado,017,186661,32152,32088,4249,36337,231
2022-09-14,Fresno,019,978130,273714,272774,31184,303958,2839
2022-09-14,Glenn,021,27897,5506,5481,1860,7341,48
2022-09-14,Humboldt,023,135768,21621,21561,4972,26533,155
2022-09-14,Imperial,025,180216,65207,65099,15649,80748,956
2022-09-14,Inyo,027,18085,4476,4472,964,5436,59
2022-09-14,Kern,029,883053,218375,217694,63026,280720,2405
2022-09-14,Kings,031,150075,59224,59122,4069,63191,456
2022-09-14,Lake,033,64148,12724,12696,1195,13891,144
2022-09-14,Lassen,035,31185,9942,9938,988,10926,65
2022-09-14,Los Angeles,037,10098052,3264701,3253906,178877,3432783,33160
2022-09-14,Madera,039,155013,43792,43782,8239,52021,373
2022-09-14,Marin,041,260295,44804,44702,5269,49971,309
2022-09-14,Mariposa,043,17540,3073,3064,361,3425,31
2022-09-14,Mendocino,045,87422,15908,15872,4474,20346,136
2022-09-14,Merced,047,269075,72033,71732,11756,83488,862
2022-09-14,Modoc,049,8938,873,872,321,1193,11
2022-09-14,Mono,051,14174,3201,3191,250,3441,7
2022-09-14,Monterey,053,433212,93799,93692,20942,114634,762
2022-09-14,Napa,055,140530,32050,31979,1411,33390,160
2022-09-14,Nevada,057,99092,18863,18824,1832,20656,132
2022-09-14,Orange,059,3164182,663711,662784,61543,724327,7398
2022-09-14,Placer,061,380077,75330,75159,9470,84629,660
2022-09-14,Plumas,063,18699,3625,3609,432,4041,13
2022-09-14,Riverside,065,2383286,692636,691630,35120,726750,6608
2022-09-14,Sacramento,067,1510023,344467,343926,33606,377532,3267
2022-09-14,San Benito,069,59416,16085,16057,961,17018,106
2022-09-14,San Bernardino,071,2135413,668442,664360,30825,695185,8074
2022-09-14,San Diego,073,3302833,919074,917229,71227,988456,5479
2022-09-14,San Francisco,075,870044,177371,176724,12020,188744,1025
2022-09-14,San Joaquin,077,732212,196505,196128,14654,210782,2304
2022-09-14,San Luis Obispo,079,281455,62908,62716,7135,69851,520
2022-09-14,San Mateo,081,765935,167069,166572,10585,177157,735
2022-09-14,Santa Barbara,083,443738,105150,104912,6881,111793,718
2022-09-14,Santa Clara,085,1922200,428896,428065,18768,446833,2473
2022-09-14,Santa Cruz,087,273765,62644,62480,3415,65895,274
2022-09-14,Shasta,089,179085,34759,34648,7392,42040,591
2022-09-14,Sierra,091,2930,303,303,60,363,5
2022-09-14,Siskiyou,093,43540,5236,5226,3304,8530,90
2022-09-14,Solano,095,438530,104352,104085,7762,111847,462
2022-09-14,Sonoma,097,501317,106207,106028,5298,111326,518
2022-09-14,Stanislaus,099,539301,137269,136981,21487,158468,1727
2022-09-14,Sutter,101,95872,24129,24119,2468,26587,232
2022-09-14,Tehama,103,63373,13554,13503,3067,16570,210
2022-09-14,Trinity,105,12862,1391,1385,379,1764,20
2022-09-14,Tulare,107,460477,121318,121230,36201,157431,1531
2022-09-14,Tuolumne,109,53932,15455,15411,923,16334,196
2022-09-14,Ventura,111,848112,207434,207049,15701,222750,1563
2022-09-14,Yolo,113,214977,47153,47085,4371,51456,334
2022-09-14,Yuba,115,75493,18800,18764,1698,20462,129
2022-09-13,Alameda,001,1643700,344766,344045,19633,363678,2007
2022-09-13,Alpine,003,1148,134,134,1,135,0
2022-09-13,Amador,005,37829,9937,9908,922,10830,90
2022-09-13,Butte,007,227075,39350,39155,8967,48122,453
2022-09-13,Calaveras,009,45235,8456,8455,530,8985,133
2022-09-13,Colusa,011,21464,3775,3765,1271,5036,22
2022-09-13,Contra Costa,013,1133247,248552,247095,20532,267627,1423
2022-09-13,Del Norte,015,27424,7379,7381,404,7785,56
2022-09-13,El Dorado,017,186661,32138,32088,4246,36334,231
2022-09-13,Fresno,019,978130,273620,272774,31166,303940,2839
2022-09-13,Glenn,021,27897,5505,5481,1858,7339,48
2022-09-13,Humboldt,023,135768,21603,21561,4963,26524,155
2022-09-13,Imperial,025,180216,65185,65099,15638,80737,956
2022-09-13,Inyo,027,18085,4474,4472,961,5433,59
2022-09-13,Kern,029,883053,218283,217694,62943,280637,2405
2022-09-13,Kings,031,150075,59188,59122,4067,63189,456
2022-09-13,Lake,033,64148,12719,12696,1194,13890,144
2022-09-13,Lassen,035,31185,9942,9938,985,10923,65
2022-09-13,Los Angeles,037,10098052,3263383,3253906,178728,3432634,33160
2022-09-13,Madera,039,155013,43782,43782,8231,52013,373
2022-09-13,Marin,041,260295,44788,44702,5265,49967,309
2022-09-13,Mariposa,043,17540,3071,3064,361,3425,31
2022-09-13,Mendocino,045,87422,15903,15872,4470,20342,136
2022-09-13,Merced,047,269075,72009,71732,11752,83484,862
2022-09-13,Modoc,049,8938,873,872,321,1193,11
2022-09-13,Mono,051,14174,3201,3191,250,3441,7
2022-09-13,Monterey,053,433212,93771,93692,20929,114621,762
2022-09-13,Napa,055,140530,32031,31979,1411,33390,160
2022-09-13,Nevada,057,99092,18852,18824,1830,20654,132
2022-09-13,Orange,059,3164182,663431,662784,61474,724258,7398
2022-09-13,Placer,061,380077,75295,75159,9466,84625,660
2022-09-13,Plumas,063,18699,3622,3609,432,4041,13
2022-09-13,Riverside,065,2383286,692414,691630,35096,726726,6608
2022-09-13,Sacramento,067,1510023,344287,343926,33570,377496,3267
2022-09-13,San Benito,069,59416,16076,16057,961,17018,106
2022-09-13,San Bernardino,071,2135413,668199,664360,30804,695164,8074
2022-09-13,San Diego,073,3302833,918671,917229,71187,988416,5479
2022-09-13,San Francisco,075,870044,177271,176724,12013,188737,1025
2022-09-13,San Joaquin,077,732212,196426,196128,14647,210775,2304
2022-09-13,San Luis Obispo,079,281455,62878,62716,7127,69843,520
2022-09-13,San Mateo,081,765935,166986,166572,10581,177153,735
2022-09-13,Santa Barbara,083,443738,105096,104912,6873,111785,718
2022-09-13,Santa Clara,085,1922200,428664,428065,18757,446822,2473
2022-09-13,Santa Cruz,087,273765,62619,62480,3413,65893,274
2022-09-13,Shasta,089,179085,34736,34648,7387,42035,591
2022-09-13,Sierra,091,2930,303,303,60,363,5
2022-09-13,Siskiyou,093,43540,5232,5226,3303,8529,90
2022-09-13,Solano,095,438530,104297,104085,7754,111839,462
2022-09-13,Sonoma,097,501317,106150,106028,5296,111324,518
2022-09-13,Stanislaus,099,539301,137220,136981,21481,158462,1727
2022-09-13,Sutter,101,95872,24118,24119,2467,26586,232
2022-09-13,Tehama,103,63373,13545,13503,3066,16569,210
2022-09-13,Trinity,105,12862,1390,1385,379,1764,20
2022-09-13,Tulare,107,460477,121289,121230,36170,157400,1531
2022-09-13,Tuolumne,109,53932,15449,15411,923,16334,196
2022-09-13,Ventura,111,848112,207343,207049,15681,222730,1563
2022-09-13,Yolo,113,214977,47141,47085,4366,51451,334
2022-09-13,Yuba,115,75493,18791,18764,1697,20461,129
2022-09-12,Alameda,001,1643700,344547,343017,19615,362632,2006
2022-09-12,Alpine,003,1148,134,134,1,135,0
2022-09-12,Amador,005,37829,9929,9890,921,10811,89
2022-09-12,Butte,007,227075,39332,39049,8957,48006,453
2022-09-12,Calaveras,009,45235,8452,8444,530,8974,133
2022-09-12,Colusa,011,21464,3774,3755,1270,5025,22
2022-09-12,Contra Costa,013,1133247,248423,246174,20513,266687,1415
2022-09-12,Del Norte,015,27424,7376,7354,404,7758,56
2022-09-12,El Dorado,017,186661,32121,32027,4240,36267,229
2022-09-12,Fresno,019,978130,273496,272161,31147,303308,2835
2022-09-12,Glenn,021,27897,5501,5473,1858,7331,48
2022-09-12,Humboldt,023,135768,21588,21494,4951,26445,155
2022-09-12,Imperial,025,180216,65162,64926,15619,80545,956
2022-09-12,Inyo,027,18085,4472,4465,959,5424,59
2022-09-12,Kern,029,883053,218209,217203,62871,280074,2404
2022-09-12,Kings,031,150075,59171,58980,4063,63043,455
2022-09-12,Lake,033,64148,12711,12663,1190,13853,144
2022-09-12,Lassen,035,31185,9941,9931,985,10916,64
2022-09-12,Los Angeles,037,10098052,3261869,3246402,178542,3424944,33094
2022-09-12,Madera,039,155013,43770,43599,8221,51820,373
2022-09-12,Marin,041,260295,44768,44584,5261,49845,305
2022-09-12,Mariposa,043,17540,3068,3058,359,3417,31
2022-09-12,Mendocino,045,87422,15895,15853,4461,20314,135
2022-09-12,Merced,047,269075,71970,71563,11736,83299,856
2022-09-12,Modoc,049,8938,873,872,319,1191,11
2022-09-12,Mono,051,14174,3197,3188,250,3438,7
2022-09-12,Monterey,053,433212,93737,93513,20906,114419,762
2022-09-12,Napa,055,140530,32009,31910,1411,33321,158
2022-09-12,Nevada,057,99092,18843,18784,1829,20613,132
2022-09-12,Orange,059,3164182,663137,661329,61401,722730,7371
2022-09-12,Placer,061,380077,75264,74994,9461,84455,657
2022-09-12,Plumas,063,18699,3619,3594,431,4025,13
2022-09-12,Riverside,065,2383286,692129,690018,35073,725091,6596
2022-09-12,Sacramento,067,1510023,344119,343048,33539,376587,3254
2022-09-12,San Benito,069,59416,16063,16000,961,16961,103
2022-09-12,San Bernardino,071,2135413,667886,662248,30787,693035,8057
2022-09-12,San Diego,073,3302833,918190,915648,71138,986786,5474
2022-09-12,San Francisco,075,870044,177157,176512,12006,188518,1022
2022-09-12,San Joaquin,077,732212,196332,195697,14636,210333,2303
2022-09-12,San Luis Obispo,079,281455,62851,62569,7120,69689,519
2022-09-12,San Mateo,081,765935,166895,166165,10570,176735,735
2022-09-12,Santa Barbara,083,443738,105060,104627,6869,111496,717
2022-09-12,Santa Clara,085,1922200,428406,426854,18744,445598,2478
2022-09-12,Santa Cruz,087,273765,62591,62255,3412,65667,274
2022-09-12,Shasta,089,179085,34715,34531,7380,41911,591
2022-09-12,Sierra,091,2930,303,303,60,363,5
2022-09-12,Siskiyou,093,43540,5229,5197,3300,8497,90
2022-09-12,Solano,095,438530,104245,103841,7747,111588,461
2022-09-12,Sonoma,097,501317,106103,105778,5287,111065,521
2022-09-12,Stanislaus,099,539301,137162,136674,21475,158149,1726
2022-09-12,Sutter,101,95872,24107,24037,2465,26502,228
2022-09-12,Tehama,103,63373,13539,13471,3065,16536,210
2022-09-12,Trinity,105,12862,1389,1383,378,1761,20
2022-09-12,Tulare,107,460477,121236,120972,36132,157104,1529
2022-09-12,Tuolumne,109,53932,15440,15362,923,16285,196
2022-09-12,Ventura,111,848112,207236,206442,15663,222105,1558
2022-09-12,Yolo,113,214977,47126,46989,4364,51353,334
2022-09-12,Yuba,115,75493,18777,18709,1692,20401,129
2022-09-11,Alameda,001,1643700,344282,343017,19593,362610,2006
2022-09-11,Alpine,003,1148,134,134,1,135,0
2022-09-11,Amador,005,37829,9922,9890,918,10808,89
2022-09-11,Butte,007,227075,39299,39049,8948,47997,453
2022-09-11,Calaveras,009,45235,8449,8444,529,8973,133
2022-09-11,Colusa,011,21464,3772,3755,1268,5023,22
2022-09-11,Contra Costa,013,1133247,248261,246174,20482,266656,1415
2022-09-11,Del Norte,015,27424,7371,7354,403,7757,56
2022-09-11,El Dorado,017,186661,32105,32027,4232,36259,229
2022-09-11,Fresno,019,978130,273389,272161,31125,303286,2835
2022-09-11,Glenn,021,27897,5498,5473,1858,7331,48
2022-09-11,Humboldt,023,135768,21572,21494,4936,26430,155
2022-09-11,Imperial,025,180216,65120,64926,15590,80516,956
2022-09-11,Inyo,027,18085,4471,4465,950,5415,59
2022-09-11,Kern,029,883053,218103,217203,62770,279973,2404
2022-09-11,Kings,031,150075,59134,58980,4060,63040,455
2022-09-11,Lake,033,64148,12697,12663,1187,13850,144
2022-09-11,Lassen,035,31185,9936,9931,985,10916,64
2022-09-11,Los Angeles,037,10098052,3260132,3246402,178308,3424710,33094
2022-09-11,Madera,039,155013,43740,43599,8212,51811,373
2022-09-11,Marin,041,260295,44741,44584,5259,49843,305
2022-09-11,Mariposa,043,17540,3065,3058,359,3417,31
2022-09-11,Mendocino,045,87422,15886,15853,4454,20307,135
2022-09-11,Merced,047,269075,71935,71563,11724,83287,856
2022-09-11,Modoc,049,8938,873,872,318,1190,11
2022-09-11,Mono,051,14174,3194,3188,250,3438,7
2022-09-11,Monterey,053,433212,93709,93513,20887,114400,762
2022-09-11,Napa,055,140530,31989,31910,1409,33319,158
2022-09-11,Nevada,057,99092,18833,18784,1825,20609,132
2022-09-11,Orange,059,3164182,662840,661329,61331,722660,7371
2022-09-11,Placer,061,380077,75231,74994,9455,84449,657
2022-09-11,Plumas,063,18699,3613,3594,431,4025,13
2022-09-11,Riverside,065,2383286,691848,690018,35042,725060,6596
2022-09-11,Sacramento,067,1510023,343918,343048,33477,376525,3254
2022-09-11,San Benito,069,59416,16055,16000,956,16956,103
2022-09-11,San Bernardino,071,2135413,667564,662248,30769,693017,8057
2022-09-11,San Diego,073,3302833,917649,915648,71073,986721,5474
2022-09-11,San Francisco,075,870044,177008,176512,11991,188503,1022
2022-09-11,San Joaquin,077,732212,196231,195697,14615,210312,2303
2022-09-11,San Luis Obispo,079,281455,62823,62569,7102,69671,519
2022-09-11,San Mateo,081,765935,166783,166165,10565,176730,735
2022-09-11,Santa Barbara,083,443738,105019,104627,6865,111492,717
2022-09-11,Santa Clara,085,1922200,428117,426854,18729,445583,2478
2022-09-11,Santa Cruz,087,273765,62555,62255,3408,65663,274
2022-09-11,Shasta,089,179085,34686,34531,7372,41903,591
2022-09-11,Sierra,091,2930,303,303,60,363,5
2022-09-11,Siskiyou,093,43540,5227,5197,3294,8491,90
2022-09-11,Solano,095,438530,104165,103841,7742,111583,461
2022-09-11,Sonoma,097,501317,106037,105778,5280,111058,521
2022-09-11,Stanislaus,099,539301,137093,136674,21459,158133,1726
2022-09-11,Sutter,101,95872,24086,24037,2463,26500,228
2022-09-11,Tehama,103,63373,13525,13471,3062,16533,210
2022-09-11,Trinity,105,12862,1389,1383,378,1761,20
2022-09-11,Tulare,107,460477,121188,120972,36097,157069,1529
2022-09-11,Tuolumne,109,53932,15432,15362,922,16284,196
2022-09-11,Ventura,111,848112,207098,206442,15636,222078,1558
2022-09-11,Yolo,113,214977,47098,46989,4361,51350,334
2022-09-11,Yuba,115,75493,18768,18709,1689,20398,129
2022-09-10,Alameda,001,1643700,344144,343017,19586,362603,2006
2022-09-10,Alpine,003,1148,134,134,1,135,0
2022-09-10,Amador,005,37829,9919,9890,917,10807,89
2022-09-10,Butte,007,227075,39282,39049,8947,47996,453
2022-09-10,Calaveras,009,45235,8447,8444,529,8973,133
2022-09-10,Colusa,011,21464,3771,3755,1268,5023,22
2022-09-10,Contra Costa,013,1133247,248154,246174,20470,266644,1415
2022-09-10,Del Norte,015,27424,7369,7354,402,7756,56
2022-09-10,El Dorado,017,186661,32096,32027,4231,36258,229
2022-09-10,Fresno,019,978130,273305,272161,31114,303275,2835
2022-09-10,Glenn,021,27897,5495,5473,1857,7330,48
2022-09-10,Humboldt,023,135768,21563,21494,4932,26426,155
2022-09-10,Imperial,025,180216,65098,64926,15579,80505,956
2022-09-10,Inyo,027,18085,4471,4465,950,5415,59
2022-09-10,Kern,029,883053,218048,217203,62730,279933,2404
2022-09-10,Kings,031,150075,59124,58980,4060,63040,455
2022-09-10,Lake,033,64148,12694,12663,1187,13850,144
2022-09-10,Lassen,035,31185,9935,9931,985,10916,64
2022-09-10,Los Angeles,037,10098052,3259199,3246402,178164,3424566,33094
2022-09-10,Madera,039,155013,43724,43599,8209,51808,373
2022-09-10,Marin,041,260295,44716,44584,5254,49838,305
2022-09-10,Mariposa,043,17540,3065,3058,358,3416,31
2022-09-10,Mendocino,045,87422,15884,15853,4452,20305,135
2022-09-10,Merced,047,269075,71921,71563,11721,83284,856
2022-09-10,Modoc,049,8938,873,872,317,1189,11
2022-09-10,Mono,051,14174,3193,3188,250,3438,7
2022-09-10,Monterey,053,433212,93689,93513,20881,114394,762
2022-09-10,Napa,055,140530,31981,31910,1409,33319,158
2022-09-10,Nevada,057,99092,18829,18784,1825,20609,132
2022-09-10,Orange,059,3164182,662668,661329,61292,722621,7371
2022-09-10,Placer,061,380077,75202,74994,9453,84447,657
2022-09-10,Plumas,063,18699,3609,3594,431,4025,13
2022-09-10,Riverside,065,2383286,691669,690018,35028,725046,6596
2022-09-10,Sacramento,067,1510023,343823,343048,33468,376516,3254
2022-09-10,San Benito,069,59416,16049,16000,955,16955,103
2022-09-10,San Bernardino,071,2135413,667403,662248,30754,693002,8057
2022-09-10,San Diego,073,3302833,917422,915648,71049,986697,5474
2022-09-10,San Francisco,075,870044,176949,176512,11988,188500,1022
2022-09-10,San Joaquin,077,732212,196180,195697,14607,210304,2303
2022-09-10,San Luis Obispo,079,281455,62811,62569,7099,69668,519
2022-09-10,San Mateo,081,765935,166709,166165,10556,176721,735
2022-09-10,Santa Barbara,083,443738,105002,104627,6861,111488,717
2022-09-10,Santa Clara,085,1922200,427890,426854,18721,445575,2478
2022-09-10,Santa Cruz,087,273765,62545,62255,3404,65659,274
2022-09-10,Shasta,089,179085,34677,34531,7367,41898,591
2022-09-10,Sierra,091,2930,303,303,60,363,5
2022-09-10,Siskiyou,093,43540,5227,5197,3294,8491,90
2022-09-10,Solano,095,438530,104140,103841,7740,111581,461
2022-09-10,Sonoma,097,501317,106016,105778,5279,111057,521
2022-09-10,Stanislaus,099,539301,137053,136674,21453,158127,1726
2022-09-10,Sutter,101,95872,24071,24037,2463,26500,228
2022-09-10,Tehama,103,63373,13524,13471,3062,16533,210
2022-09-10,Trinity,105,12862,1389,1383,378,1761,20
2022-09-10,Tulare,107,460477,121163,120972,36085,157057,1529
2022-09-10,Tuolumne,109,53932,15426,15362,922,16284,196
2022-09-10,Ventura,111,848112,207030,206442,15621,222063,1558
2022-09-10,Yolo,113,214977,47088,46989,4358,51347,334
2022-09-10,Yuba,115,75493,18760,18709,1688,20397,129
2022-09-09,Alameda,001,1643700,343967,343017,19576,362593,2006
2022-09-09,Alpine,003,1148,134,134,1,135,0
2022-09-09,Amador,005,37829,9914,9890,917,10807,89
2022-09-09,Butte,007,227075,39269,39049,8942,47991,453
2022-09-09,Calaveras,009,45235,8445,8444,529,8973,133
2022-09-09,Colusa,011,21464,3769,3755,1267,5022,22
2022-09-09,Contra Costa,013,1133247,248077,246174,20459,266633,1415
2022-09-09,Del Norte,015,27424,7368,7354,402,7756,56
2022-09-09,El Dorado,017,186661,32088,32027,4229,36256,229
2022-09-09,Fresno,019,978130,273240,272161,31101,303262,2835
2022-09-09,Glenn,021,27897,5493,5473,1857,7330,48
2022-09-09,Humboldt,023,135768,21557,21494,4926,26420,155
2022-09-09,Imperial,025,180216,65074,64926,15569,80495,956
2022-09-09,Inyo,027,18085,4469,4465,942,5407,59
2022-09-09,Kern,029,883053,217987,217203,62684,279887,2404
2022-09-09,Kings,031,150075,59105,58980,4060,63040,455
2022-09-09,Lake,033,64148,12691,12663,1186,13849,144
2022-09-09,Lassen,035,31185,9935,9931,985,10916,64
2022-09-09,Los Angeles,037,10098052,3258165,3246402,178018,3424420,33094
2022-09-09,Madera,039,155013,43706,43599,8207,51806,373
2022-09-09,Marin,041,260295,44703,44584,5253,49837,305
2022-09-09,Mariposa,043,17540,3064,3058,358,3416,31
2022-09-09,Mendocino,045,87422,15879,15853,4447,20300,135
2022-09-09,Merced,047,269075,71900,71563,11719,83282,856
2022-09-09,Modoc,049,8938,873,872,317,1189,11
2022-09-09,Mono,051,14174,3193,3188,250,3438,7
2022-09-09,Monterey,053,433212,93675,93513,20872,114385,762
2022-09-09,Napa,055,140530,31969,31910,1409,33319,158
2022-09-09,Nevada,057,99092,18822,18784,1825,20609,132
2022-09-09,Orange,059,3164182,662480,661329,61250,722579,7371
2022-09-09,Placer,061,380077,75180,74994,9450,84444,657
2022-09-09,Plumas,063,18699,3607,3594,431,4025,13
2022-09-09,Riverside,065,2383286,691484,690018,35013,725031,6596
2022-09-09,Sacramento,067,1510023,343688,343048,33456,376504,3254
2022-09-09,San Benito,069,59416,16039,16000,955,16955,103
2022-09-09,San Bernardino,071,2135413,667228,662248,30744,692992,8057
2022-09-09,San Diego,073,3302833,917158,915648,71022,986670,5474
2022-09-09,San Francisco,075,870044,176878,176512,11980,188492,1022
2022-09-09,San Joaquin,077,732212,196126,195697,14591,210288,2303
2022-09-09,San Luis Obispo,079,281455,62805,62569,7096,69665,519
2022-09-09,San Mateo,081,765935,166654,166165,10554,176719,735
2022-09-09,Santa Barbara,083,443738,104965,104627,6858,111485,717
2022-09-09,Santa Clara,085,1922200,427702,426854,18708,445562,2478
2022-09-09,Santa Cruz,087,273765,62524,62255,3402,65657,274
2022-09-09,Shasta,089,179085,34663,34531,7359,41890,591
2022-09-09,Sierra,091,2930,303,303,60,363,5
2022-09-09,Siskiyou,093,43540,5220,5197,3294,8491,90
2022-09-09,Solano,095,438530,104106,103841,7735,111576,461
2022-09-09,Sonoma,097,501317,105988,105778,5279,111057,521
2022-09-09,Stanislaus,099,539301,137027,136674,21444,158118,1726
2022-09-09,Sutter,101,95872,24064,24037,2462,26499,228
2022-09-09,Tehama,103,63373,13519,13471,3062,16533,210
2022-09-09,Trinity,105,12862,1388,1383,378,1761,20
2022-09-09,Tulare,107,460477,121127,120972,36064,157036,1529
2022-09-09,Tuolumne,109,53932,15425,15362,922,16284,196
2022-09-09,Ventura,111,848112,206961,206442,15606,222048,1558
2022-09-09,Yolo,113,214977,47073,46989,4358,51347,334
2022-09-09,Yuba,115,75493,18751,18709,1688,20397,129
2022-09-08,Alameda,001,1643700,343744,343017,19559,362576,2006
2022-09-08,Alpine,003,1148,134,134,1,135,0
2022-09-08,Amador,005,37829,9907,9890,917,10807,89
2022-09-08,Butte,007,227075,39248,39049,8931,47980,453
2022-09-08,Calaveras,009,45235,8445,8444,528,8972,133
2022-09-08,Colusa,011,21464,3769,3755,1267,5022,22
2022-09-08,Contra Costa,013,1133247,247951,246174,20437,266611,1415
2022-09-08,Del Norte,015,27424,7358,7354,402,7756,56
2022-09-08,El Dorado,017,186661,32074,32027,4224,36251,229
2022-09-08,Fresno,019,978130,273125,272161,31081,303242,2835
2022-09-08,Glenn,021,27897,5493,5473,1857,7330,48
2022-09-08,Humboldt,023,135768,21534,21494,4919,26413,155
2022-09-08,Imperial,025,180216,65044,64926,15546,80472,956
2022-09-08,Inyo,027,18085,4467,4465,940,5405,59
2022-09-08,Kern,029,883053,217897,217203,62594,279797,2404
2022-09-08,Kings,031,150075,59076,58980,4058,63038,455
2022-09-08,Lake,033,64148,12682,12663,1186,13849,144
2022-09-08,Lassen,035,31185,9934,9931,985,10916,64
2022-09-08,Los Angeles,037,10098052,3256715,3246402,177820,3424222,33094
2022-09-08,Madera,039,155013,43677,43599,8200,51799,373
2022-09-08,Marin,041,260295,44678,44584,5249,49833,305
2022-09-08,Mariposa,043,17540,3062,3058,357,3415,31
2022-09-08,Mendocino,045,87422,15872,15853,4447,20300,135
2022-09-08,Merced,047,269075,71872,71563,11706,83269,856
2022-09-08,Modoc,049,8938,873,872,317,1189,11
2022-09-08,Mono,051,14174,3193,3188,249,3437,7
2022-09-08,Monterey,053,433212,93646,93513,20848,114361,762
2022-09-08,Napa,055,140530,31956,31910,1409,33319,158
2022-09-08,Nevada,057,99092,18813,18784,1823,20607,132
2022-09-08,Orange,059,3164182,662209,661329,61183,722512,7371
2022-09-08,Placer,061,380077,75149,74994,9445,84439,657
2022-09-08,Plumas,063,18699,3604,3594,431,4025,13
2022-09-08,Riverside,065,2383286,691212,690018,34984,725002,6596
2022-09-08,Sacramento,067,1510023,343512,343048,33433,376481,3254
2022-09-08,San Benito,069,59416,16028,16000,955,16955,103
2022-09-08,San Bernardino,071,2135413,666934,662248,30731,692979,8057
2022-09-08,San Diego,073,3302833,916781,915648,70968,986616,5474
2022-09-08,San Francisco,075,870044,176754,176512,11972,188484,1022
2022-09-08,San Joaquin,077,732212,196042,195697,14573,210270,2303
2022-09-08,San Luis Obispo,079,281455,62788,62569,7088,69657,519
2022-09-08,San Mateo,081,765935,166573,166165,10548,176713,735
2022-09-08,Santa Barbara,083,443738,104925,104627,6851,111478,717
2022-09-08,Santa Clara,085,1922200,427435,426854,18696,445550,2478
2022-09-08,Santa Cruz,087,273765,62493,62255,3398,65653,274
2022-09-08,Shasta,089,179085,34642,34531,7349,41880,591
2022-09-08,Sierra,091,2930,303,303,60,363,5
2022-09-08,Siskiyou,093,43540,5215,5197,3293,8490,90
2022-09-08,Solano,095,438530,104051,103841,7726,111567,461
2022-09-08,Sonoma,097,501317,105908,105778,5271,111049,521
2022-09-08,Stanislaus,099,539301,136962,136674,21428,158102,1726
2022-09-08,Sutter,101,95872,24052,24037,2462,26499,228
2022-09-08,Tehama,103,63373,13512,13471,3059,16530,210
2022-09-08,Trinity,105,12862,1388,1383,378,1761,20
2022-09-08,Tulare,107,460477,121080,120972,36034,157006,1529
2022-09-08,Tuolumne,109,53932,15418,15362,921,16283,196
2022-09-08,Ventura,111,848112,206847,206442,15578,222020,1558
2022-09-08,Yolo,113,214977,47052,46989,4350,51339,334
2022-09-08,Yuba,115,75493,18741,18709,1684,20393,129
2022-09-07,Alameda,001,1643700,343499,342480,19550,362030,1999
2022-09-07,Alpine,003,1148,134,133,1,134,0
2022-09-07,Amador,005,37829,9904,9877,917,10794,89
2022-09-07,Butte,007,227075,39219,38969,8919,47888,453
2022-09-07,Calaveras,009,45235,8443,8437,526,8963,133
2022-09-07,Colusa,011,21464,3766,3748,1267,5015,22
2022-09-07,Contra Costa,013,1133247,247813,245708,20420,266128,1415
2022-09-07,Del Norte,015,27424,7356,7346,402,7748,56
2022-09-07,El Dorado,017,186661,32061,31979,4223,36202,229
2022-09-07,Fresno,019,978130,272965,271753,31052,302805,2835
2022-09-07,Glenn,021,27897,5491,5468,1856,7324,48
2022-09-07,Humboldt,023,135768,21516,21459,4916,26375,155
2022-09-07,Imperial,025,180216,65009,64755,15523,80278,956
2022-09-07,Inyo,027,18085,4463,4456,932,5388,59
2022-09-07,Kern,029,883053,217797,216932,62501,279433,2404
2022-09-07,Kings,031,150075,59041,58922,4054,62976,455
2022-09-07,Lake,033,64148,12674,12647,1184,13831,143
2022-09-07,Lassen,035,31185,9934,9918,984,10902,64
2022-09-07,Los Angeles,037,10098052,3255130,3242352,177621,3419973,32971
2022-09-07,Madera,039,155013,43630,43533,8200,51733,373
2022-09-07,Marin,041,260295,44655,44489,5247,49736,305
2022-09-07,Mariposa,043,17540,3060,3046,357,3403,31
2022-09-07,Mendocino,045,87422,15868,15813,4440,20253,135
2022-09-07,Merced,047,269075,71839,71448,11692,83140,856
2022-09-07,Modoc,049,8938,873,868,317,1185,11
2022-09-07,Mono,051,14174,3192,3184,249,3433,7
2022-09-07,Monterey,053,433212,93616,93430,20829,114259,762
2022-09-07,Napa,055,140530,31936,31854,1409,33263,156
2022-09-07,Nevada,057,99092,18802,18761,1819,20580,132
2022-09-07,Orange,059,3164182,661902,660580,61111,721691,7362
2022-09-07,Placer,061,380077,75123,74884,9435,84319,658
2022-09-07,Plumas,063,18699,3602,3588,430,4018,13
2022-09-07,Riverside,065,2383286,690882,688794,34957,723751,6591
2022-09-07,Sacramento,067,1510023,343352,342602,33400,376002,3248
2022-09-07,San Benito,069,59416,16015,15933,954,16887,103
2022-09-07,San Bernardino,071,2135413,666678,660303,30714,691017,8023
2022-09-07,San Diego,073,3302833,916289,914552,70923,985475,5468
2022-09-07,San Francisco,075,870044,176653,176386,11962,188348,1018
2022-09-07,San Joaquin,077,732212,195930,195359,14560,209919,2303
2022-09-07,San Luis Obispo,079,281455,62769,62548,7083,69631,517
2022-09-07,San Mateo,081,765935,166472,165893,10541,176434,736
2022-09-07,Santa Barbara,083,443738,104883,104452,6844,111296,717
2022-09-07,Santa Clara,085,1922200,427158,426178,18683,444861,2472
2022-09-07,Santa Cruz,087,273765,62460,62187,3395,65582,274
2022-09-07,Shasta,089,179085,34621,34484,7331,41815,591
2022-09-07,Sierra,091,2930,303,303,60,363,5
2022-09-07,Siskiyou,093,43540,5210,5190,3292,8482,89
2022-09-07,Solano,095,438530,103993,103665,7719,111384,463
2022-09-07,Sonoma,097,501317,105846,105389,5267,110656,517
2022-09-07,Stanislaus,099,539301,136885,136477,21417,157894,1726
2022-09-07,Sutter,101,95872,24038,23984,2462,26446,228
2022-09-07,Tehama,103,63373,13509,13453,3055,16508,210
2022-09-07,Trinity,105,12862,1388,1382,378,1760,20
2022-09-07,Tulare,107,460477,121028,120846,36003,156849,1529
2022-09-07,Tuolumne,109,53932,15411,15327,921,16248,196
2022-09-07,Ventura,111,848112,206733,206121,15555,221676,1557
2022-09-07,Yolo,113,214977,47023,46966,4344,51310,334
2022-09-07,Yuba,115,75493,18727,18665,1683,20348,129
2022-09-06,Alameda,001,1643700,343234,342480,19536,362016,1999
2022-09-06,Alpine,003,1148,133,133,1,134,0
2022-09-06,Amador,005,37829,9901,9877,917,10794,89
2022-09-06,Butte,007,227075,39188,38969,8908,47877,453
2022-09-06,Calaveras,009,45235,8441,8437,524,8961,133
2022-09-06,Colusa,011,21464,3764,3748,1267,5015,22
2022-09-06,Contra Costa,013,1133247,247649,245708,20391,266099,1415
2022-09-06,Del Norte,015,27424,7348,7346,402,7748,56
2022-09-06,El Dorado,017,186661,32043,31979,4217,36196,229
2022-09-06,Fresno,019,978130,272834,271753,31024,302777,2835
2022-09-06,Glenn,021,27897,5489,5468,1854,7322,48
2022-09-06,Humboldt,023,135768,21499,21459,4910,26369,155
2022-09-06,Imperial,025,180216,64959,64755,15495,80250,956
2022-09-06,Inyo,027,18085,4461,4456,925,5381,59
2022-09-06,Kern,029,883053,217704,216932,62399,279331,2404
2022-09-06,Kings,031,150075,59001,58922,4049,62971,455
2022-09-06,Lake,033,64148,12671,12647,1168,13815,143
2022-09-06,Lassen,035,31185,9931,9918,982,10900,64
2022-09-06,Los Angeles,037,10098052,3253354,3242352,177409,3419761,32971
2022-09-06,Madera,039,155013,43588,43533,8195,51728,373
2022-09-06,Marin,041,260295,44624,44489,5243,49732,305
2022-09-06,Mariposa,043,17540,3059,3046,356,3402,31
2022-09-06,Mendocino,045,87422,15863,15813,4432,20245,135
2022-09-06,Merced,047,269075,71804,71448,11674,83122,856
2022-09-06,Modoc,049,8938,872,868,317,1185,11
2022-09-06,Mono,051,14174,3192,3184,248,3432,7
2022-09-06,Monterey,053,433212,93581,93430,20810,114240,762
2022-09-06,Napa,055,140530,31920,31854,1409,33263,156
2022-09-06,Nevada,057,99092,18793,18761,1814,20575,132
2022-09-06,Orange,059,3164182,661543,660580,61036,721616,7362
2022-09-06,Placer,061,380077,75079,74884,9433,84317,658
2022-09-06,Plumas,063,18699,3598,3588,430,4018,13
2022-09-06,Riverside,065,2383286,690412,688794,34922,723716,6591
2022-09-06,Sacramento,067,1510023,343137,342602,33357,375959,3248
2022-09-06,San Benito,069,59416,15999,15933,954,16887,103
2022-09-06,San Bernardino,071,2135413,666407,660303,30696,690999,8023
2022-09-06,San Diego,073,3302833,915779,914552,70870,985422,5468
2022-09-06,San Francisco,075,870044,176523,176386,11950,188336,1018
2022-09-06,San Joaquin,077,732212,195841,195359,14544,209903,2303
2022-09-06,San Luis Obispo,079,281455,62728,62548,7081,69629,517
2022-09-06,San Mateo,081,765935,166369,165893,10529,176422,736
2022-09-06,Santa Barbara,083,443738,104828,104452,6838,111290,717
2022-09-06,Santa Clara,085,1922200,426897,426178,18669,444847,2472
2022-09-06,Santa Cruz,087,273765,62380,62187,3395,65582,274
2022-09-06,Shasta,089,179085,34575,34484,7308,41792,591
2022-09-06,Sierra,091,2930,303,303,60,363,5
2022-09-06,Siskiyou,093,43540,5207,5190,3288,8478,89
2022-09-06,Solano,095,438530,103928,103665,7707,111372,463
2022-09-06,Sonoma,097,501317,105786,105389,5263,110652,517
2022-09-06,Stanislaus,099,539301,136816,136477,21401,157878,1726
2022-09-06,Sutter,101,95872,24013,23984,2462,26446,228
2022-09-06,Tehama,103,63373,13500,13453,3052,16505,210
2022-09-06,Trinity,105,12862,1387,1382,378,1760,20
2022-09-06,Tulare,107,460477,120978,120846,35964,156810,1529
2022-09-06,Tuolumne,109,53932,15400,15327,921,16248,196
2022-09-06,Ventura,111,848112,206590,206121,15535,221656,1557
2022-09-06,Yolo,113,214977,47007,46966,4333,51299,334
2022-09-06,Yuba,115,75493,18706,18665,1682,20347,129
2022-09-05,Alameda,001,1643700,342943,342480,19526,362006,1999
2022-09-05,Alpine,003,1148,133,133,1,134,0
2022-09-05,Amador,005,37829,9897,9877,917,10794,89
2022-09-05,Butte,007,227075,39143,38969,8894,47863,453
2022-09-05,Calaveras,009,45235,8438,8437,523,8960,133
2022-09-05,Colusa,011,21464,3757,3748,1264,5012,22
2022-09-05,Contra Costa,013,1133247,247462,245708,20371,266079,1415
2022-09-05,Del Norte,015,27424,7343,7346,400,7746,56
2022-09-05,El Dorado,017,186661,32021,31979,4209,36188,229
2022-09-05,Fresno,019,978130,272605,271753,30961,302714,2835
2022-09-05,Glenn,021,27897,5486,5468,1850,7318,48
2022-09-05,Humboldt,023,135768,21484,21459,4903,26362,155
2022-09-05,Imperial,025,180216,64906,64755,15451,80206,956
2022-09-05,Inyo,027,18085,4459,4456,923,5379,59
2022-09-05,Kern,029,883053,217575,216932,62270,279202,2404
2022-09-05,Kings,031,150075,58943,58922,4045,62967,455
2022-09-05,Lake,033,64148,12665,12647,1165,13812,143
2022-09-05,Lassen,035,31185,9922,9918,981,10899,64
2022-09-05,Los Angeles,037,10098052,3250936,3242352,177147,3419499,32971
2022-09-05,Madera,039,155013,43534,43533,8173,51706,373
2022-09-05,Marin,041,260295,44597,44489,5241,49730,305
2022-09-05,Mariposa,043,17540,3054,3046,356,3402,31
2022-09-05,Mendocino,045,87422,15844,15813,4419,20232,135
2022-09-05,Merced,047,269075,71741,71448,11643,83091,856
2022-09-05,Modoc,049,8938,871,868,316,1184,11
2022-09-05,Mono,051,14174,3190,3184,245,3429,7
2022-09-05,Monterey,053,433212,93520,93430,20789,114219,762
2022-09-05,Napa,055,140530,31893,31854,1405,33259,156
2022-09-05,Nevada,057,99092,18786,18761,1809,20570,132
2022-09-05,Orange,059,3164182,661073,660580,60937,721517,7362
2022-09-05,Placer,061,380077,75029,74884,9429,84313,658
2022-09-05,Plumas,063,18699,3597,3588,430,4018,13
2022-09-05,Riverside,065,2383286,689901,688794,34870,723664,6591
2022-09-05,Sacramento,067,1510023,342849,342602,33292,375894,3248
2022-09-05,San Benito,069,59416,15974,15933,950,16883,103
2022-09-05,San Bernardino,071,2135413,665979,660303,30661,690964,8023
2022-09-05,San Diego,073,3302833,915153,914552,70780,985332,5468
2022-09-05,San Francisco,075,870044,176364,176386,11943,188329,1018
2022-09-05,San Joaquin,077,732212,195702,195359,14531,209890,2303
2022-09-05,San Luis Obispo,079,281455,62675,62548,7063,69611,517
2022-09-05,San Mateo,081,765935,166252,165893,10520,176413,736
2022-09-05,Santa Barbara,083,443738,104743,104452,6831,111283,717
2022-09-05,Santa Clara,085,1922200,426535,426178,18652,444830,2472
2022-09-05,Santa Cruz,087,273765,62322,62187,3390,65577,274
2022-09-05,Shasta,089,179085,34544,34484,7295,41779,591
2022-09-05,Sierra,091,2930,303,303,60,363,5
2022-09-05,Siskiyou,093,43540,5201,5190,3288,8478,89
2022-09-05,Solano,095,438530,103832,103665,7690,111355,463
2022-09-05,Sonoma,097,501317,105715,105389,5256,110645,517
2022-09-05,Stanislaus,099,539301,136718,136477,21384,157861,1726
2022-09-05,Sutter,101,95872,23989,23984,2460,26444,228
2022-09-05,Tehama,103,63373,13492,13453,3051,16504,210
2022-09-05,Trinity,105,12862,1387,1382,377,1759,20
2022-09-05,Tulare,107,460477,120882,120846,35903,156749,1529
2022-09-05,Tuolumne,109,53932,15381,15327,920,16247,196
2022-09-05,Ventura,111,848112,206416,206121,15495,221616,1557
2022-09-05,Yolo,113,214977,46984,46966,4325,51291,334
2022-09-05,Yuba,115,75493,18684,18665,1681,20346,129
2022-09-04,Alameda,001,1643700,342804,341621,19513,361134,1998
2022-09-04,Alpine,003,1148,133,133,1,134,0
2022-09-04,Amador,005,37829,9893,9855,916,10771,89
2022-09-04,Butte,007,227075,39122,38851,8886,47737,453
2022-09-04,Calaveras,009,45235,8436,8422,522,8944,133
2022-09-04,Colusa,011,21464,3756,3742,1261,5003,22
2022-09-04,Contra Costa,013,1133247,247358,245022,20364,265386,1410
2022-09-04,Del Norte,015,27424,7342,7340,399,7739,56
2022-09-04,El Dorado,017,186661,32005,31929,4205,36134,229
2022-09-04,Fresno,019,978130,272497,271062,30950,302012,2835
2022-09-04,Glenn,021,27897,5485,5462,1850,7312,48
2022-09-04,Humboldt,023,135768,21474,21390,4899,26289,154
2022-09-04,Imperial,025,180216,64879,64678,15439,80117,956
2022-09-04,Inyo,027,18085,4457,4449,920,5369,59
2022-09-04,Kern,029,883053,217492,216471,62175,278646,2404
2022-09-04,Kings,031,150075,58929,58753,4045,62798,455
2022-09-04,Lake,033,64148,12658,12608,1164,13772,143
2022-09-04,Lassen,035,31185,9919,9908,981,10889,64
2022-09-04,Los Angeles,037,10098052,3249999,3235242,177030,3412272,32927
2022-09-04,Madera,039,155013,43521,43403,8165,51568,373
2022-09-04,Marin,041,260295,44571,44394,5236,49630,305
2022-09-04,Mariposa,043,17540,3053,3036,356,3392,31
2022-09-04,Mendocino,045,87422,15840,15781,4418,20199,134
2022-09-04,Merced,047,269075,71717,71280,11638,82918,856
2022-09-04,Modoc,049,8938,871,868,316,1184,11
2022-09-04,Mono,051,14174,3190,3183,245,3428,7
2022-09-04,Monterey,053,433212,93488,93246,20767,114013,761
2022-09-04,Napa,055,140530,31884,31799,1405,33204,156
2022-09-04,Nevada,057,99092,18778,18705,1806,20511,132
2022-09-04,Orange,059,3164182,660900,659290,60886,720176,7347
2022-09-04,Placer,061,380077,74994,74754,9427,84181,657
2022-09-04,Plumas,063,18699,3595,3587,430,4017,13
2022-09-04,Riverside,065,2383286,689711,687184,34852,722036,6581
2022-09-04,Sacramento,067,1510023,342751,341766,33274,375040,3243
2022-09-04,San Benito,069,59416,15969,15900,950,16850,103
2022-09-04,San Bernardino,071,2135413,665833,658354,30645,688999,8006
2022-09-04,San Diego,073,3302833,914916,912824,70761,983585,5464
2022-09-04,San Francisco,075,870044,176287,176131,11938,188069,1015
2022-09-04,San Joaquin,077,732212,195579,194904,14517,209421,2301
2022-09-04,San Luis Obispo,079,281455,62665,62455,7059,69514,517
2022-09-04,San Mateo,081,765935,166196,165520,10516,176036,738
2022-09-04,Santa Barbara,083,443738,104692,104161,6826,110987,716
2022-09-04,Santa Clara,085,1922200,426337,425040,18638,443678,2473
2022-09-04,Santa Cruz,087,273765,62303,61989,3389,65378,273
2022-09-04,Shasta,089,179085,34537,34422,7288,41710,591
2022-09-04,Sierra,091,2930,303,303,60,363,5
2022-09-04,Siskiyou,093,43540,5198,5168,3285,8453,89
2022-09-04,Solano,095,438530,103814,103457,7686,111143,461
2022-09-04,Sonoma,097,501317,105689,105162,5251,110413,517
2022-09-04,Stanislaus,099,539301,136658,136168,21376,157544,1726
2022-09-04,Sutter,101,95872,23974,23927,2460,26387,228
2022-09-04,Tehama,103,63373,13484,13406,3048,16454,210
2022-09-04,Trinity,105,12862,1387,1377,376,1753,20
2022-09-04,Tulare,107,460477,120840,120592,35867,156459,1527
2022-09-04,Tuolumne,109,53932,15367,15294,919,16213,196
2022-09-04,Ventura,111,848112,206327,205627,15484,221111,1558
2022-09-04,Yolo,113,214977,46974,46882,4319,51201,334
2022-09-04,Yuba,115,75493,18680,18615,1681,20296,129
2022-09-03,Alameda,001,1643700,342680,341621,19508,361129,1998
2022-09-03,Alpine,003,1148,133,133,1,134,0
2022-09-03,Amador,005,37829,9888,9855,915,10770,89
2022-09-03,Butte,007,227075,39105,38851,8878,47729,453
2022-09-03,Calaveras,009,45235,8435,8422,522,8944,133
2022-09-03,Colusa,011,21464,3756,3742,1260,5002,22
2022-09-03,Contra Costa,013,1133247,247250,245022,20354,265376,1410
2022-09-03,Del Norte,015,27424,7342,7340,399,7739,56
2022-09-03,El Dorado,017,186661,31997,31929,4203,36132,229
2022-09-03,Fresno,019,978130,272417,271062,30935,301997,2835
2022-09-03,Glenn,021,27897,5484,5462,1850,7312,48
2022-09-03,Humboldt,023,135768,21466,21390,4899,26289,154
2022-09-03,Imperial,025,180216,64860,64678,15429,80107,956
2022-09-03,Inyo,027,18085,4456,4449,918,5367,59
2022-09-03,Kern,029,883053,217424,216471,62109,278580,2404
2022-09-03,Kings,031,150075,58916,58753,4045,62798,455
2022-09-03,Lake,033,64148,12652,12608,1164,13772,143
2022-09-03,Lassen,035,31185,9919,9908,981,10889,64
2022-09-03,Los Angeles,037,10098052,3249052,3235242,176896,3412138,32927
2022-09-03,Madera,039,155013,43502,43403,8164,51567,373
2022-09-03,Marin,041,260295,44557,44394,5233,49627,305
2022-09-03,Mariposa,043,17540,3052,3036,355,3391,31
2022-09-03,Mendocino,045,87422,15828,15781,4415,20196,134
2022-09-03,Merced,047,269075,71691,71280,11635,82915,856
2022-09-03,Modoc,049,8938,871,868,316,1184,11
2022-09-03,Mono,051,14174,3190,3183,244,3427,7
2022-09-03,Monterey,053,433212,93473,93246,20755,114001,761
2022-09-03,Napa,055,140530,31878,31799,1405,33204,156
2022-09-03,Nevada,057,99092,18772,18705,1806,20511,132
2022-09-03,Orange,059,3164182,660705,659290,60831,720121,7347
2022-09-03,Placer,061,380077,74962,74754,9425,84179,657
2022-09-03,Plumas,063,18699,3593,3587,430,4017,13
2022-09-03,Riverside,065,2383286,689509,687184,34826,722010,6581
2022-09-03,Sacramento,067,1510023,342632,341766,33264,375030,3243
2022-09-03,San Benito,069,59416,15963,15900,949,16849,103
2022-09-03,San Bernardino,071,2135413,665647,658354,30619,688973,8006
2022-09-03,San Diego,073,3302833,914669,912824,70743,983567,5464
2022-09-03,San Francisco,075,870044,176233,176131,11933,188064,1015
2022-09-03,San Joaquin,077,732212,195524,194904,14507,209411,2301
2022-09-03,San Luis Obispo,079,281455,62655,62455,7056,69511,517
2022-09-03,San Mateo,081,765935,166135,165520,10506,176026,738
2022-09-03,Santa Barbara,083,443738,104647,104161,6821,110982,716
2022-09-03,Santa Clara,085,1922200,426158,425040,18631,443671,2473
2022-09-03,Santa Cruz,087,273765,62284,61989,3388,65377,273
2022-09-03,Shasta,089,179085,34525,34422,7284,41706,591
2022-09-03,Sierra,091,2930,303,303,60,363,5
2022-09-03,Siskiyou,093,43540,5195,5168,3285,8453,89
2022-09-03,Solano,095,438530,103800,103457,7682,111139,461
2022-09-03,Sonoma,097,501317,105666,105162,5251,110413,517
2022-09-03,Stanislaus,099,539301,136617,136168,21371,157539,1726
2022-09-03,Sutter,101,95872,23964,23927,2459,26386,228
2022-09-03,Tehama,103,63373,13479,13406,3047,16453,210
2022-09-03,Trinity,105,12862,1387,1377,376,1753,20
2022-09-03,Tulare,107,460477,120808,120592,35829,156421,1527
2022-09-03,Tuolumne,109,53932,15363,15294,918,16212,196
2022-09-03,Ventura,111,848112,206248,205627,15471,221098,1558
2022-09-03,Yolo,113,214977,46964,46882,4317,51199,334
2022-09-03,Yuba,115,75493,18671,18615,1680,20295,129
2022-09-02,Alameda,001,1643700,342549,341621,19502,361123,1998
2022-09-02,Alpine,003,1148,133,133,1,134,0
2022-09-02,Amador,005,37829,9886,9855,915,10770,89
2022-09-02,Butte,007,227075,39093,38851,8866,47717,453
2022-09-02,Calaveras,009,45235,8431,8422,521,8943,133
2022-09-02,Colusa,011,21464,3755,3742,1260,5002,22
2022-09-02,Contra Costa,013,1133247,247156,245022,20341,265363,1410
2022-09-02,Del Norte,015,27424,7342,7340,397,7737,56
2022-09-02,El Dorado,017,186661,31986,31929,4201,36130,229
2022-09-02,Fresno,019,978130,272303,271062,30915,301977,2835
2022-09-02,Glenn,021,27897,5480,5462,1850,7312,48
2022-09-02,Humboldt,023,135768,21458,21390,4895,26285,154
2022-09-02,Imperial,025,180216,64839,64678,15416,80094,956
2022-09-02,Inyo,027,18085,4453,4449,917,5366,59
2022-09-02,Kern,029,883053,217342,216471,62041,278512,2404
2022-09-02,Kings,031,150075,58904,58753,4042,62795,455
2022-09-02,Lake,033,64148,12648,12608,1163,13771,143
2022-09-02,Lassen,035,31185,9918,9908,981,10889,64
2022-09-02,Los Angeles,037,10098052,3248004,3235242,176738,3411980,32927
2022-09-02,Madera,039,155013,43489,43403,8159,51562,373
2022-09-02,Marin,041,260295,44539,44394,5223,49617,305
2022-09-02,Mariposa,043,17540,3049,3036,353,3389,31
2022-09-02,Mendocino,045,87422,15826,15781,4414,20195,134
2022-09-02,Merced,047,269075,71665,71280,11632,82912,856
2022-09-02,Modoc,049,8938,871,868,316,1184,11
2022-09-02,Mono,051,14174,3190,3183,244,3427,7
2022-09-02,Monterey,053,433212,93446,93246,20738,113984,761
2022-09-02,Napa,055,140530,31865,31799,1405,33204,156
2022-09-02,Nevada,057,99092,18767,18705,1804,20509,132
2022-09-02,Orange,059,3164182,660517,659290,60769,720059,7347
2022-09-02,Placer,061,380077,74945,74754,9419,84173,657
2022-09-02,Plumas,063,18699,3592,3587,430,4017,13
2022-09-02,Riverside,065,2383286,689262,687184,34811,721995,6581
2022-09-02,Sacramento,067,1510023,342486,341766,33257,375023,3243
2022-09-02,San Benito,069,59416,15956,15900,949,16849,103
2022-09-02,San Bernardino,071,2135413,665471,658354,30603,688957,8006
2022-09-02,San Diego,073,3302833,914400,912824,70716,983540,5464
2022-09-02,San Francisco,075,870044,176167,176131,11916,188047,1015
2022-09-02,San Joaquin,077,732212,195421,194904,14487,209391,2301
2022-09-02,San Luis Obispo,079,281455,62639,62455,7055,69510,517
2022-09-02,San Mateo,081,765935,166052,165520,10503,176023,738
2022-09-02,Santa Barbara,083,443738,104601,104161,6817,110978,716
2022-09-02,Santa Clara,085,1922200,425961,425040,18618,443658,2473
2022-09-02,Santa Cruz,087,273765,62261,61989,3386,65375,273
2022-09-02,Shasta,089,179085,34519,34422,7282,41704,591
2022-09-02,Sierra,091,2930,303,303,60,363,5
2022-09-02,Siskiyou,093,43540,5192,5168,3285,8453,89
2022-09-02,Solano,095,438530,103766,103457,7678,111135,461
2022-09-02,Sonoma,097,501317,105632,105162,5247,110409,517
2022-09-02,Stanislaus,099,539301,136571,136168,21365,157533,1726
2022-09-02,Sutter,101,95872,23953,23927,2459,26386,228
2022-09-02,Tehama,103,63373,13477,13406,3044,16450,210
2022-09-02,Trinity,105,12862,1386,1377,376,1753,20
2022-09-02,Tulare,107,460477,120766,120592,35805,156397,1527
2022-09-02,Tuolumne,109,53932,15361,15294,917,16211,196
2022-09-02,Ventura,111,848112,206157,205627,15458,221085,1558
2022-09-02,Yolo,113,214977,46953,46882,4314,51196,334
2022-09-02,Yuba,115,75493,18663,18615,1677,20292,129
2022-09-01,Alameda,001,1643700,342319,341621,19486,361107,1998
2022-09-01,Alpine,003,1148,133,133,1,134,0
2022-09-01,Amador,005,37829,9882,9855,915,10770,89
2022-09-01,Butte,007,227075,39065,38851,8851,47702,453
2022-09-01,Calaveras,009,45235,8425,8422,520,8942,133
2022-09-01,Colusa,011,21464,3751,3742,1260,5002,22
2022-09-01,Contra Costa,013,1133247,247007,245022,20316,265338,1410
2022-09-01,Del Norte,015,27424,7341,7340,395,7735,56
2022-09-01,El Dorado,017,186661,31976,31929,4200,36129,229
2022-09-01,Fresno,019,978130,272125,271062,30853,301915,2835
2022-09-01,Glenn,021,27897,5478,5462,1850,7312,48
2022-09-01,Humboldt,023,135768,21445,21390,4888,26278,154
2022-09-01,Imperial,025,180216,64792,64678,15394,80072,956
2022-09-01,Inyo,027,18085,4451,4449,916,5365,59
2022-09-01,Kern,029,883053,217267,216471,61925,278396,2404
2022-09-01,Kings,031,150075,58876,58753,4040,62793,455
2022-09-01,Lake,033,64148,12638,12608,1161,13769,143
2022-09-01,Lassen,035,31185,9918,9908,979,10887,64
2022-09-01,Los Angeles,037,10098052,3246433,3235242,176519,3411761,32927
2022-09-01,Madera,039,155013,43452,43403,8156,51559,373
2022-09-01,Marin,041,260295,44506,44394,5215,49609,305
2022-09-01,Mariposa,043,17540,3048,3036,353,3389,31
2022-09-01,Mendocino,045,87422,15821,15781,4412,20193,134
2022-09-01,Merced,047,269075,71632,71280,11615,82895,856
2022-09-01,Modoc,049,8938,871,868,315,1183,11
2022-09-01,Mono,051,14174,3190,3183,243,3426,7
2022-09-01,Monterey,053,433212,93407,93246,20717,113963,761
2022-09-01,Napa,055,140530,31846,31799,1405,33204,156
2022-09-01,Nevada,057,99092,18758,18705,1804,20509,132
2022-09-01,Orange,059,3164182,660208,659290,60691,719981,7347
2022-09-01,Placer,061,380077,74908,74754,9412,84166,657
2022-09-01,Plumas,063,18699,3591,3587,430,4017,13
2022-09-01,Riverside,065,2383286,688924,687184,34772,721956,6581
2022-09-01,Sacramento,067,1510023,342292,341766,33217,374983,3243
2022-09-01,San Benito,069,59416,15948,15900,948,16848,103
2022-09-01,San Bernardino,071,2135413,665143,658354,30569,688923,8006
2022-09-01,San Diego,073,3302833,913985,912824,70667,983491,5464
2022-09-01,San Francisco,075,870044,176033,176131,11904,188035,1015
2022-09-01,San Joaquin,077,732212,195330,194904,14466,209370,2301
2022-09-01,San Luis Obispo,079,281455,62603,62455,7046,69501,517
2022-09-01,San Mateo,081,765935,165958,165520,10494,176014,738
2022-09-01,Santa Barbara,083,443738,104540,104161,6808,110969,716
2022-09-01,Santa Clara,085,1922200,425674,425040,18609,443649,2473
2022-09-01,Santa Cruz,087,273765,62208,61989,3381,65370,273
2022-09-01,Shasta,089,179085,34499,34422,7277,41699,591
2022-09-01,Sierra,091,2930,303,303,60,363,5
2022-09-01,Siskiyou,093,43540,5191,5168,3284,8452,89
2022-09-01,Solano,095,438530,103698,103457,7675,111132,461
2022-09-01,Sonoma,097,501317,105564,105162,5238,110400,517
2022-09-01,Stanislaus,099,539301,136490,136168,21349,157517,1726
2022-09-01,Sutter,101,95872,23935,23927,2456,26383,228
2022-09-01,Tehama,103,63373,13471,13406,3041,16447,210
2022-09-01,Trinity,105,12862,1385,1377,373,1750,20
2022-09-01,Tulare,107,460477,120712,120592,35761,156353,1527
2022-09-01,Tuolumne,109,53932,15353,15294,917,16211,196
2022-09-01,Ventura,111,848112,206012,205627,15440,221067,1558
2022-09-01,Yolo,113,214977,46926,46882,4305,51187,334
2022-09-01,Yuba,115,75493,18649,18615,1677,20292,129
2022-08-31,Alameda,001,1643700,342087,340789,19471,360260,1986
2022-08-31,Alpine,003,1148,133,133,1,134,0
2022-08-31,Amador,005,37829,9878,9829,913,10742,89
2022-08-31,Butte,007,227075,39029,38720,8835,47555,452
2022-08-31,Calaveras,009,45235,8421,8404,519,8923,133
2022-08-31,Colusa,011,21464,3750,3744,1260,5004,22
2022-08-31,Contra Costa,013,1133247,246850,244168,20289,264457,1409
2022-08-31,Del Norte,015,27424,7338,7333,395,7728,56
2022-08-31,El Dorado,017,186661,31969,31864,4194,36058,226
2022-08-31,Fresno,019,978130,271944,270456,30719,301175,2829
2022-08-31,Glenn,021,27897,5477,5448,1849,7297,48
2022-08-31,Humboldt,023,135768,21420,21325,4883,26208,154
2022-08-31,Imperial,025,180216,64762,64562,15372,79934,953
2022-08-31,Inyo,027,18085,4449,4444,915,5359,59
2022-08-31,Kern,029,883053,217155,216037,61789,277826,2404
2022-08-31,Kings,031,150075,58840,58629,4035,62664,455
2022-08-31,Lake,033,64148,12626,12563,1161,13724,142
2022-08-31,Lassen,035,31185,9913,9889,978,10867,64
2022-08-31,Los Angeles,037,10098052,3244624,3228552,176284,3404836,32877
2022-08-31,Madera,039,155013,43417,43269,8142,51411,372
2022-08-31,Marin,041,260295,44476,44330,5209,49539,305
2022-08-31,Mariposa,043,17540,3048,3025,352,3377,31
2022-08-31,Mendocino,045,87422,15814,15733,4407,20140,134
2022-08-31,Merced,047,269075,71604,71089,11590,82679,852
2022-08-31,Modoc,049,8938,869,865,315,1180,11
2022-08-31,Mono,051,14174,3189,3181,242,3423,7
2022-08-31,Monterey,053,433212,93364,93046,20695,113741,762
2022-08-31,Napa,055,140530,31831,31725,1403,33128,156
2022-08-31,Nevada,057,99092,18741,18649,1803,20452,132
2022-08-31,Orange,059,3164182,659801,658076,60602,718678,7340
2022-08-31,Placer,061,380077,74867,74612,9405,84017,657
2022-08-31,Plumas,063,18699,3590,3581,430,4011,13
2022-08-31,Riverside,065,2383286,688517,685704,34732,720436,6581
2022-08-31,Sacramento,067,1510023,342083,340949,33171,374120,3230
2022-08-31,San Benito,069,59416,15936,15860,946,16806,103
2022-08-31,San Bernardino,071,2135413,664714,656343,30530,686873,8014
2022-08-31,San Diego,073,3302833,913515,910878,70611,981489,5459
2022-08-31,San Francisco,075,870044,175918,175752,11895,187647,1001
2022-08-31,San Joaquin,077,732212,195172,194437,14448,208885,2298
2022-08-31,San Luis Obispo,079,281455,62574,62312,7033,69345,515
2022-08-31,San Mateo,081,765935,165855,165161,10487,175648,738
2022-08-31,Santa Barbara,083,443738,104452,103894,6799,110693,717
2022-08-31,Santa Clara,085,1922200,425371,424011,18592,442603,2467
2022-08-31,Santa Cruz,087,273765,62159,61812,3378,65190,272
2022-08-31,Shasta,089,179085,34484,34355,7270,41625,590
2022-08-31,Sierra,091,2930,303,302,60,362,5
2022-08-31,Siskiyou,093,43540,5183,5152,3283,8435,89
2022-08-31,Solano,095,438530,103635,103173,7672,110845,461
2022-08-31,Sonoma,097,501317,105492,104964,5227,110191,527
2022-08-31,Stanislaus,099,539301,136401,135801,21325,157126,1722
2022-08-31,Sutter,101,95872,23920,23856,2455,26311,228
2022-08-31,Tehama,103,63373,13458,13370,3036,16406,210
2022-08-31,Trinity,105,12862,1385,1373,373,1746,20
2022-08-31,Tulare,107,460477,120636,120346,35714,156060,1527
2022-08-31,Tuolumne,109,53932,15344,15250,915,16165,196
2022-08-31,Ventura,111,848112,205867,205157,15423,220580,1557
2022-08-31,Yolo,113,214977,46893,46807,4296,51103,334
2022-08-31,Yuba,115,75493,18627,18558,1673,20231,129
2022-08-30,Alameda,001,1643700,341840,340789,19452,360241,1986
2022-08-30,Alpine,003,1148,133,133,1,134,0
2022-08-30,Amador,005,37829,9867,9829,913,10742,89
2022-08-30,Butte,007,227075,38993,38720,8820,47540,452
2022-08-30,Calaveras,009,45235,8418,8404,517,8921,133
2022-08-30,Colusa,011,21464,3750,3744,1258,5002,22
2022-08-30,Contra Costa,013,1133247,246696,244168,20270,264438,1409
2022-08-30,Del Norte,015,27424,7337,7333,395,7728,56
2022-08-30,El Dorado,017,186661,31952,31864,4190,36054,226
2022-08-30,Fresno,019,978130,271746,270456,30619,301075,2829
2022-08-30,Glenn,021,27897,5477,5448,1848,7296,48
2022-08-30,Humboldt,023,135768,21399,21325,4879,26204,154
2022-08-30,Imperial,025,180216,64716,64562,15336,79898,953
2022-08-30,Inyo,027,18085,4448,4444,912,5356,59
2022-08-30,Kern,029,883053,217027,216037,61641,277678,2404
2022-08-30,Kings,031,150075,58784,58629,4031,62660,455
2022-08-30,Lake,033,64148,12616,12563,1159,13722,142
2022-08-30,Lassen,035,31185,9909,9889,978,10867,64
2022-08-30,Los Angeles,037,10098052,3242540,3228552,176022,3404574,32877
2022-08-30,Madera,039,155013,43368,43269,8125,51394,372
2022-08-30,Marin,041,260295,44444,44330,5204,49534,305
2022-08-30,Mariposa,043,17540,3046,3025,350,3375,31
2022-08-30,Mendocino,045,87422,15803,15733,4397,20130,134
2022-08-30,Merced,047,269075,71554,71089,11568,82657,852
2022-08-30,Modoc,049,8938,869,865,315,1180,11
2022-08-30,Mono,051,14174,3187,3181,242,3423,7
2022-08-30,Monterey,053,433212,93318,93046,20680,113726,762
2022-08-30,Napa,055,140530,31813,31725,1402,33127,156
2022-08-30,Nevada,057,99092,18723,18649,1783,20432,132
2022-08-30,Orange,059,3164182,659358,658076,60493,718569,7340
2022-08-30,Placer,061,380077,74832,74612,9397,84009,657
2022-08-30,Plumas,063,18699,3589,3581,430,4011,13
2022-08-30,Riverside,065,2383286,688075,685704,34693,720397,6581
2022-08-30,Sacramento,067,1510023,341888,340949,33132,374081,3230
2022-08-30,San Benito,069,59416,15923,15860,942,16802,103
2022-08-30,San Bernardino,071,2135413,664244,656343,30497,686840,8014
2022-08-30,San Diego,073,3302833,912984,910878,70517,981395,5459
2022-08-30,San Francisco,075,870044,175799,175752,11885,187637,1001
2022-08-30,San Joaquin,077,732212,195021,194437,14414,208851,2298
2022-08-30,San Luis Obispo,079,281455,62537,62312,7017,69329,515
2022-08-30,San Mateo,081,765935,165750,165161,10477,175638,738
2022-08-30,Santa Barbara,083,443738,104359,103894,6787,110681,717
2022-08-30,Santa Clara,085,1922200,425044,424011,18577,442588,2467
2022-08-30,Santa Cruz,087,273765,62110,61812,3369,65181,272
2022-08-30,Shasta,089,179085,34461,34355,7265,41620,590
2022-08-30,Sierra,091,2930,303,302,60,362,5
2022-08-30,Siskiyou,093,43540,5175,5152,3281,8433,89
2022-08-30,Solano,095,438530,103548,103173,7665,110838,461
2022-08-30,Sonoma,097,501317,105427,104964,5220,110184,527
2022-08-30,Stanislaus,099,539301,136295,135801,21310,157111,1722
2022-08-30,Sutter,101,95872,23902,23856,2455,26311,228
2022-08-30,Tehama,103,63373,13451,13370,3029,16399,210
2022-08-30,Trinity,105,12862,1384,1373,372,1745,20
2022-08-30,Tulare,107,460477,120554,120346,35659,156005,1527
2022-08-30,Tuolumne,109,53932,15329,15250,915,16165,196
2022-08-30,Ventura,111,848112,205710,205157,15380,220537,1557
2022-08-30,Yolo,113,214977,46874,46807,4291,51098,334
2022-08-30,Yuba,115,75493,18615,18558,1671,20229,129
2022-08-29,Alameda,001,1643700,341518,340789,19421,360210,1986
2022-08-29,Alpine,003,1148,133,133,1,134,0
2022-08-29,Amador,005,37829,9853,9829,912,10741,89
2022-08-29,Butte,007,227075,38951,38720,8804,47524,452
2022-08-29,Calaveras,009,45235,8417,8404,515,8919,133
2022-08-29,Colusa,011,21464,3750,3744,1258,5002,22
2022-08-29,Contra Costa,013,1133247,246519,244168,20245,264413,1409
2022-08-29,Del Norte,015,27424,7336,7333,395,7728,56
2022-08-29,El Dorado,017,186661,31936,31864,4184,36048,226
2022-08-29,Fresno,019,978130,271520,270456,30577,301033,2829
2022-08-29,Glenn,021,27897,5475,5448,1845,7293,48
2022-08-29,Humboldt,023,135768,21376,21325,4872,26197,154
2022-08-29,Imperial,025,180216,64674,64562,15296,79858,953
2022-08-29,Inyo,027,18085,4447,4444,908,5352,59
2022-08-29,Kern,029,883053,216866,216037,61505,277542,2404
2022-08-29,Kings,031,150075,58714,58629,4027,62656,455
2022-08-29,Lake,033,64148,12602,12563,1158,13721,142
2022-08-29,Lassen,035,31185,9903,9889,978,10867,64
2022-08-29,Los Angeles,037,10098052,3240328,3228552,175745,3404297,32877
2022-08-29,Madera,039,155013,43330,43269,8104,51373,372
2022-08-29,Marin,041,260295,44410,44330,5198,49528,305
2022-08-29,Mariposa,043,17540,3043,3025,348,3373,31
2022-08-29,Mendocino,045,87422,15790,15733,4384,20117,134
2022-08-29,Merced,047,269075,71496,71089,11536,82625,852
2022-08-29,Modoc,049,8938,868,865,314,1179,11
2022-08-29,Mono,051,14174,3186,3181,242,3423,7
2022-08-29,Monterey,053,433212,93282,93046,20649,113695,762
2022-08-29,Napa,055,140530,31793,31725,1402,33127,156
2022-08-29,Nevada,057,99092,18707,18649,1781,20430,132
2022-08-29,Orange,059,3164182,658919,658076,60408,718484,7340
2022-08-29,Placer,061,380077,74793,74612,9384,83996,657
2022-08-29,Plumas,063,18699,3588,3581,430,4011,13
2022-08-29,Riverside,065,2383286,687508,685704,34634,720338,6581
2022-08-29,Sacramento,067,1510023,341614,340949,33076,374025,3230
2022-08-29,San Benito,069,59416,15910,15860,940,16800,103
2022-08-29,San Bernardino,071,2135413,663669,656343,30457,686800,8014
2022-08-29,San Diego,073,3302833,912359,910878,70446,981324,5459
2022-08-29,San Francisco,075,870044,175697,175752,11874,187626,1001
2022-08-29,San Joaquin,077,732212,194877,194437,14388,208825,2298
2022-08-29,San Luis Obispo,079,281455,62504,62312,7004,69316,515
2022-08-29,San Mateo,081,765935,165643,165161,10469,175630,738
2022-08-29,Santa Barbara,083,443738,104264,103894,6776,110670,717
2022-08-29,Santa Clara,085,1922200,424651,424011,18551,442562,2467
2022-08-29,Santa Cruz,087,273765,62043,61812,3361,65173,272
2022-08-29,Shasta,089,179085,34442,34355,7252,41607,590
2022-08-29,Sierra,091,2930,303,302,60,362,5
2022-08-29,Siskiyou,093,43540,5171,5152,3280,8432,89
2022-08-29,Solano,095,438530,103467,103173,7655,110828,461
2022-08-29,Sonoma,097,501317,105349,104964,5213,110177,527
2022-08-29,Stanislaus,099,539301,136175,135801,21276,157077,1722
2022-08-29,Sutter,101,95872,23875,23856,2451,26307,228
2022-08-29,Tehama,103,63373,13442,13370,3028,16398,210
2022-08-29,Trinity,105,12862,1383,1373,372,1745,20
2022-08-29,Tulare,107,460477,120466,120346,35587,155933,1527
2022-08-29,Tuolumne,109,53932,15314,15250,915,16165,196
2022-08-29,Ventura,111,848112,205565,205157,15354,220511,1557
2022-08-29,Yolo,113,214977,46848,46807,4281,51088,334
2022-08-29,Yuba,115,75493,18597,18558,1666,20224,129
2022-08-28,Alameda,001,1643700,341195,339618,19397,359015,1978
2022-08-28,Alpine,003,1148,133,133,1,134,0
2022-08-28,Amador,005,37829,9846,9802,910,10712,89
2022-08-28,Butte,007,227075,38901,38606,8792,47398,452
2022-08-28,Calaveras,009,45235,8409,8368,514,8882,133
2022-08-28,Colusa,011,21464,3748,3736,1254,4990,22
2022-08-28,Contra Costa,013,1133247,246302,243331,20223,263554,1404
2022-08-28,Del Norte,015,27424,7330,7316,394,7710,55
2022-08-28,El Dorado,017,186661,31906,31760,4175,35935,226
2022-08-28,Fresno,019,978130,271275,269680,30520,300200,2829
2022-08-28,Glenn,021,27897,5472,5434,1843,7277,49
2022-08-28,Humboldt,023,135768,21352,21264,4857,26121,154
2022-08-28,Imperial,025,180216,64622,64391,15247,79638,953
2022-08-28,Inyo,027,18085,4446,4443,905,5348,59
2022-08-28,Kern,029,883053,216739,215612,61327,276939,2399
2022-08-28,Kings,031,150075,58657,58443,4016,62459,455
2022-08-28,Lake,033,64148,12590,12524,1154,13678,142
2022-08-28,Lassen,035,31185,9892,9871,978,10849,64
2022-08-28,Los Angeles,037,10098052,3237645,3219328,175395,3394723,32833
2022-08-28,Madera,039,155013,43282,43105,8071,51176,372
2022-08-28,Marin,041,260295,44378,44192,5189,49381,305
2022-08-28,Mariposa,043,17540,3037,3018,347,3365,31
2022-08-28,Mendocino,045,87422,15776,15698,4380,20078,134
2022-08-28,Merced,047,269075,71425,70906,11483,82389,851
2022-08-28,Modoc,049,8938,868,865,314,1179,11
2022-08-28,Mono,051,14174,3185,3181,242,3423,7
2022-08-28,Monterey,053,433212,93215,92844,20620,113464,760
2022-08-28,Napa,055,140530,31765,31668,1401,33069,156
2022-08-28,Nevada,057,99092,18685,18592,1780,20372,132
2022-08-28,Orange,059,3164182,658460,656440,60300,716740,7326
2022-08-28,Placer,061,380077,74748,74391,9371,83762,657
2022-08-28,Plumas,063,18699,3585,3571,430,4001,13
2022-08-28,Riverside,065,2383286,686877,683511,34564,718075,6580
2022-08-28,Sacramento,067,1510023,341294,339846,33004,372850,3222
2022-08-28,San Benito,069,59416,15897,15805,937,16742,103
2022-08-28,San Bernardino,071,2135413,663073,653843,30396,684239,8017
2022-08-28,San Diego,073,3302833,911605,908809,70349,979158,5456
2022-08-28,San Francisco,075,870044,175544,175204,11862,187066,1000
2022-08-28,San Joaquin,077,732212,194649,193880,14355,208235,2296
2022-08-28,San Luis Obispo,079,281455,62459,62105,6982,69087,515
2022-08-28,San Mateo,081,765935,165493,164675,10456,175131,738
2022-08-28,Santa Barbara,083,443738,104132,103496,6755,110251,717
2022-08-28,Santa Clara,085,1922200,424241,422650,18530,441180,2459
2022-08-28,Santa Cruz,087,273765,61942,61594,3347,64941,273
2022-08-28,Shasta,089,179085,34412,34283,7233,41516,590
2022-08-28,Sierra,091,2930,302,300,60,360,5
2022-08-28,Siskiyou,093,43540,5165,5140,3278,8418,89
2022-08-28,Solano,095,438530,103374,102855,7646,110501,460
2022-08-28,Sonoma,097,501317,105266,104646,5202,109848,557
2022-08-28,Stanislaus,099,539301,136025,135310,21247,156557,1722
2022-08-28,Sutter,101,95872,23848,23759,2448,26207,228
2022-08-28,Tehama,103,63373,13422,13340,3026,16366,210
2022-08-28,Trinity,105,12862,1383,1370,370,1740,20
2022-08-28,Tulare,107,460477,120354,119942,35477,155419,1527
2022-08-28,Tuolumne,109,53932,15308,15193,910,16103,196
2022-08-28,Ventura,111,848112,205372,204567,15279,219846,1553
2022-08-28,Yolo,113,214977,46801,46744,4269,51013,334
2022-08-28,Yuba,115,75493,18578,18482,1660,20142,129
2022-08-27,Alameda,001,1643700,341008,339618,19386,359004,1978
2022-08-27,Alpine,003,1148,133,133,1,134,0
2022-08-27,Amador,005,37829,9840,9802,909,10711,89
2022-08-27,Butte,007,227075,38873,38606,8779,47385,452
2022-08-27,Calaveras,009,45235,8404,8368,514,8882,133
2022-08-27,Colusa,011,21464,3746,3736,1249,4985,22
2022-08-27,Contra Costa,013,1133247,246162,243331,20212,263543,1404
2022-08-27,Del Norte,015,27424,7329,7316,393,7709,55
2022-08-27,El Dorado,017,186661,31894,31760,4171,35931,226
2022-08-27,Fresno,019,978130,271154,269680,30504,300184,2829
2022-08-27,Glenn,021,27897,5470,5434,1843,7277,49
2022-08-27,Humboldt,023,135768,21336,21264,4849,26113,154
2022-08-27,Imperial,025,180216,64599,64391,15237,79628,953
2022-08-27,Inyo,027,18085,4445,4443,905,5348,59
2022-08-27,Kern,029,883053,216664,215612,61217,276829,2399
2022-08-27,Kings,031,150075,58627,58443,4013,62456,455
2022-08-27,Lake,033,64148,12586,12524,1150,13674,142
2022-08-27,Lassen,035,31185,9888,9871,978,10849,64
2022-08-27,Los Angeles,037,10098052,3236328,3219328,175183,3394511,32833
2022-08-27,Madera,039,155013,43247,43105,8067,51172,372
2022-08-27,Marin,041,260295,44357,44192,5180,49372,305
2022-08-27,Mariposa,043,17540,3036,3018,346,3364,31
2022-08-27,Mendocino,045,87422,15770,15698,4378,20076,134
2022-08-27,Merced,047,269075,71383,70906,11475,82381,851
2022-08-27,Modoc,049,8938,868,865,314,1179,11
2022-08-27,Mono,051,14174,3184,3181,242,3423,7
2022-08-27,Monterey,053,433212,93184,92844,20604,113448,760
2022-08-27,Napa,055,140530,31750,31668,1399,33067,156
2022-08-27,Nevada,057,99092,18674,18592,1778,20370,132
2022-08-27,Orange,059,3164182,658201,656440,60196,716636,7326
2022-08-27,Placer,061,380077,74711,74391,9367,83758,657
2022-08-27,Plumas,063,18699,3584,3571,430,4001,13
2022-08-27,Riverside,065,2383286,686544,683511,34538,718049,6580
2022-08-27,Sacramento,067,1510023,341164,339846,32990,372836,3222
2022-08-27,San Benito,069,59416,15882,15805,932,16737,103
2022-08-27,San Bernardino,071,2135413,662761,653843,30363,684206,8017
2022-08-27,San Diego,073,3302833,911264,908809,70311,979120,5456
2022-08-27,San Francisco,075,870044,175472,175204,11855,187059,1000
2022-08-27,San Joaquin,077,732212,194591,193880,14332,208212,2296
2022-08-27,San Luis Obispo,079,281455,62444,62105,6975,69080,515
2022-08-27,San Mateo,081,765935,165399,164675,10453,175128,738
2022-08-27,Santa Barbara,083,443738,104070,103496,6744,110240,717
2022-08-27,Santa Clara,085,1922200,424030,422650,18517,441167,2459
2022-08-27,Santa Cruz,087,273765,61929,61594,3346,64940,273
2022-08-27,Shasta,089,179085,34402,34283,7227,41510,590
2022-08-27,Sierra,091,2930,302,300,60,360,5
2022-08-27,Siskiyou,093,43540,5163,5140,3278,8418,89
2022-08-27,Solano,095,438530,103337,102855,7639,110494,460
2022-08-27,Sonoma,097,501317,105224,104646,5199,109845,557
2022-08-27,Stanislaus,099,539301,135951,135310,21221,156531,1722
2022-08-27,Sutter,101,95872,23833,23759,2448,26207,228
2022-08-27,Tehama,103,63373,13416,13340,3025,16365,210
2022-08-27,Trinity,105,12862,1382,1370,368,1738,20
2022-08-27,Tulare,107,460477,120295,119942,35427,155369,1527
2022-08-27,Tuolumne,109,53932,15302,15193,908,16101,196
2022-08-27,Ventura,111,848112,205288,204567,15266,219833,1553
2022-08-27,Yolo,113,214977,46780,46744,4268,51012,334
2022-08-27,Yuba,115,75493,18566,18482,1659,20141,129
2022-08-26,Alameda,001,1643700,340841,339618,19376,358994,1978
2022-08-26,Alpine,003,1148,133,133,1,134,0
2022-08-26,Amador,005,37829,9837,9802,907,10709,89
2022-08-26,Butte,007,227075,38859,38606,8767,47373,452
2022-08-26,Calaveras,009,45235,8399,8368,514,8882,133
2022-08-26,Colusa,011,21464,3745,3736,1249,4985,22
2022-08-26,Contra Costa,013,1133247,246009,243331,20203,263534,1404
2022-08-26,Del Norte,015,27424,7327,7316,393,7709,55
2022-08-26,El Dorado,017,186661,31874,31760,4170,35930,226
2022-08-26,Fresno,019,978130,270997,269680,30467,300147,2829
2022-08-26,Glenn,021,27897,5467,5434,1841,7275,49
2022-08-26,Humboldt,023,135768,21330,21264,4846,26110,154
2022-08-26,Imperial,025,180216,64576,64391,15223,79614,953
2022-08-26,Inyo,027,18085,4444,4443,898,5341,59
2022-08-26,Kern,029,883053,216596,215612,61118,276730,2399
2022-08-26,Kings,031,150075,58613,58443,4011,62454,455
2022-08-26,Lake,033,64148,12578,12524,1149,13673,142
2022-08-26,Lassen,035,31185,9886,9871,978,10849,64
2022-08-26,Los Angeles,037,10098052,3234921,3219328,174969,3394297,32833
2022-08-26,Madera,039,155013,43218,43105,8060,51165,372
2022-08-26,Marin,041,260295,44325,44192,5177,49369,305
2022-08-26,Mariposa,043,17540,3032,3018,341,3359,31
2022-08-26,Mendocino,045,87422,15764,15698,4376,20074,134
2022-08-26,Merced,047,269075,71346,70906,11465,82371,851
2022-08-26,Modoc,049,8938,867,865,314,1179,11
2022-08-26,Mono,051,14174,3184,3181,242,3423,7
2022-08-26,Monterey,053,433212,93145,92844,20588,113432,760
2022-08-26,Napa,055,140530,31737,31668,1398,33066,156
2022-08-26,Nevada,057,99092,18662,18592,1776,20368,132
2022-08-26,Orange,059,3164182,657942,656440,60134,716574,7326
2022-08-26,Placer,061,380077,74676,74391,9356,83747,657
2022-08-26,Plumas,063,18699,3583,3571,430,4001,13
2022-08-26,Riverside,065,2383286,686195,683511,34501,718012,6580
2022-08-26,Sacramento,067,1510023,340981,339846,32979,372825,3222
2022-08-26,San Benito,069,59416,15871,15805,932,16737,103
2022-08-26,San Bernardino,071,2135413,662448,653843,30335,684178,8017
2022-08-26,San Diego,073,3302833,910841,908809,70289,979098,5456
2022-08-26,San Francisco,075,870044,175389,175204,11849,187053,1000
2022-08-26,San Joaquin,077,732212,194518,193880,14314,208194,2296
2022-08-26,San Luis Obispo,079,281455,62422,62105,6971,69076,515
2022-08-26,San Mateo,081,765935,165309,164675,10446,175121,738
2022-08-26,Santa Barbara,083,443738,104018,103496,6738,110234,717
2022-08-26,Santa Clara,085,1922200,423816,422650,18505,441155,2459
2022-08-26,Santa Cruz,087,273765,61882,61594,3342,64936,273
2022-08-26,Shasta,089,179085,34390,34283,7223,41506,590
2022-08-26,Sierra,091,2930,302,300,60,360,5
2022-08-26,Siskiyou,093,43540,5160,5140,3278,8418,89
2022-08-26,Solano,095,438530,103279,102855,7629,110484,460
2022-08-26,Sonoma,097,501317,105182,104646,5197,109843,557
2022-08-26,Stanislaus,099,539301,135874,135310,21212,156522,1722
2022-08-26,Sutter,101,95872,23814,23759,2447,26206,228
2022-08-26,Tehama,103,63373,13405,13340,3023,16363,210
2022-08-26,Trinity,105,12862,1382,1370,368,1738,20
2022-08-26,Tulare,107,460477,120237,119942,35377,155319,1527
2022-08-26,Tuolumne,109,53932,15290,15193,908,16101,196
2022-08-26,Ventura,111,848112,205209,204567,15250,219817,1553
2022-08-26,Yolo,113,214977,46768,46744,4264,51008,334
2022-08-26,Yuba,115,75493,18553,18482,1659,20141,129
2022-08-25,Alameda,001,1643700,340550,339618,19349,358967,1978
2022-08-25,Alpine,003,1148,133,133,1,134,0
2022-08-25,Amador,005,37829,9830,9802,907,10709,89
2022-08-25,Butte,007,227075,38835,38606,8759,47365,452
2022-08-25,Calaveras,009,45235,8393,8368,514,8882,133
2022-08-25,Colusa,011,21464,3745,3736,1247,4983,22
2022-08-25,Contra Costa,013,1133247,245812,243331,20175,263506,1404
2022-08-25,Del Norte,015,27424,7318,7316,393,7709,55
2022-08-25,El Dorado,017,186661,31853,31760,4165,35925,226
2022-08-25,Fresno,019,978130,270802,269680,30418,300098,2829
2022-08-25,Glenn,021,27897,5462,5434,1840,7274,49
2022-08-25,Humboldt,023,135768,21309,21264,4836,26100,154
2022-08-25,Imperial,025,180216,64535,64391,15194,79585,953
2022-08-25,Inyo,027,18085,4444,4443,891,5334,59
2022-08-25,Kern,029,883053,216481,215612,61013,276625,2399
2022-08-25,Kings,031,150075,58557,58443,4003,62446,455
2022-08-25,Lake,033,64148,12565,12524,1146,13670,142
2022-08-25,Lassen,035,31185,9885,9871,977,10848,64
2022-08-25,Los Angeles,037,10098052,3232778,3219328,174680,3394008,32833
2022-08-25,Madera,039,155013,43173,43105,8045,51150,372
2022-08-25,Marin,041,260295,44297,44192,5169,49361,305
2022-08-25,Mariposa,043,17540,3030,3018,341,3359,31
2022-08-25,Mendocino,045,87422,15755,15698,4375,20073,134
2022-08-25,Merced,047,269075,71303,70906,11431,82337,851
2022-08-25,Modoc,049,8938,867,865,314,1179,11
2022-08-25,Mono,051,14174,3184,3181,242,3423,7
2022-08-25,Monterey,053,433212,93094,92844,20566,113410,760
2022-08-25,Napa,055,140530,31719,31668,1397,33065,156
2022-08-25,Nevada,057,99092,18640,18592,1771,20363,132
2022-08-25,Orange,059,3164182,657537,656440,60043,716483,7326
2022-08-25,Placer,061,380077,74625,74391,9348,83739,657
2022-08-25,Plumas,063,18699,3581,3571,430,4001,13
2022-08-25,Riverside,065,2383286,685675,683511,34451,717962,6580
2022-08-25,Sacramento,067,1510023,340707,339846,32939,372785,3222
2022-08-25,San Benito,069,59416,15859,15805,930,16735,103
2022-08-25,San Bernardino,071,2135413,661920,653843,30299,684142,8017
2022-08-25,San Diego,073,3302833,910300,908809,70217,979026,5456
2022-08-25,San Francisco,075,870044,175279,175204,11844,187048,1000
2022-08-25,San Joaquin,077,732212,194371,193880,14290,208170,2296
2022-08-25,San Luis Obispo,079,281455,62323,62105,6960,69065,515
2022-08-25,San Mateo,081,765935,165182,164675,10438,175113,738
2022-08-25,Santa Barbara,083,443738,103924,103496,6722,110218,717
2022-08-25,Santa Clara,085,1922200,423508,422650,18484,441134,2459
2022-08-25,Santa Cruz,087,273765,61823,61594,3337,64931,273
2022-08-25,Shasta,089,179085,34371,34283,7211,41494,590
2022-08-25,Sierra,091,2930,302,300,60,360,5
2022-08-25,Siskiyou,093,43540,5155,5140,3273,8413,89
2022-08-25,Solano,095,438530,103195,102855,7620,110475,460
2022-08-25,Sonoma,097,501317,105106,104646,5190,109836,557
2022-08-25,Stanislaus,099,539301,135749,135310,21188,156498,1722
2022-08-25,Sutter,101,95872,23791,23759,2445,26204,228
2022-08-25,Tehama,103,63373,13398,13340,3015,16355,210
2022-08-25,Trinity,105,12862,1382,1370,367,1737,20
2022-08-25,Tulare,107,460477,120144,119942,35304,155246,1527
2022-08-25,Tuolumne,109,53932,15272,15193,907,16100,196
2022-08-25,Ventura,111,848112,205056,204567,15200,219767,1553
2022-08-25,Yolo,113,214977,46740,46744,4258,51002,334
2022-08-25,Yuba,115,75493,18534,18482,1656,20138,129
2022-08-24,Alameda,001,1643700,340239,338591,19323,357914,1976
2022-08-24,Alpine,003,1148,133,131,1,132,0
2022-08-24,Amador,005,37829,9823,9786,904,10690,89
2022-08-24,Butte,007,227075,38797,38458,8743,47201,449
2022-08-24,Calaveras,009,45235,8378,8334,513,8847,132
2022-08-24,Colusa,011,21464,3745,3722,1244,4966,22
2022-08-24,Contra Costa,013,1133247,245627,242633,20147,262780,1399
2022-08-24,Del Norte,015,27424,7314,7308,391,7699,55
2022-08-24,El Dorado,017,186661,31839,31682,4159,35841,225
2022-08-24,Fresno,019,978130,270611,269025,30358,299383,2822
2022-08-24,Glenn,021,27897,5460,5423,1840,7263,48
2022-08-24,Humboldt,023,135768,21288,21195,4825,26020,153
2022-08-24,Imperial,025,180216,64499,64271,15176,79447,951
2022-08-24,Inyo,027,18085,4443,4440,890,5330,59
2022-08-24,Kern,029,883053,216337,215225,60891,276116,2399
2022-08-24,Kings,031,150075,58504,58324,3999,62323,454
2022-08-24,Lake,033,64148,12558,12476,1142,13618,142
2022-08-24,Lassen,035,31185,9882,9867,974,10841,64
2022-08-24,Los Angeles,037,10098052,3230427,3211321,174369,3385690,32783
2022-08-24,Madera,039,155013,43134,42984,8019,51003,372
2022-08-24,Marin,041,260295,44263,44082,5158,49240,305
2022-08-24,Mariposa,043,17540,3030,3010,341,3351,31
2022-08-24,Mendocino,045,87422,15743,15623,4365,19988,134
2022-08-24,Merced,047,269075,71253,70665,11400,82065,849
2022-08-24,Modoc,049,8938,867,864,313,1177,11
2022-08-24,Mono,051,14174,3184,3181,242,3423,7
2022-08-24,Monterey,053,433212,93033,92590,20526,113116,760
2022-08-24,Napa,055,140530,31709,31602,1395,32997,156
2022-08-24,Nevada,057,99092,18624,18565,1768,20333,132
2022-08-24,Orange,059,3164182,657090,654893,59956,714849,7312
2022-08-24,Placer,061,380077,74565,74226,9343,83569,657
2022-08-24,Plumas,063,18699,3577,3555,430,3985,13
2022-08-24,Riverside,065,2383286,685143,681805,34392,716197,6573
2022-08-24,Sacramento,067,1510023,340430,339009,32894,371903,3208
2022-08-24,San Benito,069,59416,15837,15745,927,16672,103
2022-08-24,San Bernardino,071,2135413,661414,651496,30255,681751,8018
2022-08-24,San Diego,073,3302833,909736,906885,70152,977037,5453
2022-08-24,San Francisco,075,870044,175140,174731,11839,186570,974
2022-08-24,San Joaquin,077,732212,194221,193370,14264,207634,2288
2022-08-24,San Luis Obispo,079,281455,62284,61962,6947,68909,515
2022-08-24,San Mateo,081,765935,165068,164307,10432,174739,738
2022-08-24,Santa Barbara,083,443738,103849,103237,6704,109941,716
2022-08-24,Santa Clara,085,1922200,423161,421483,18472,439955,2454
2022-08-24,Santa Cruz,087,273765,61796,61387,3332,64719,270
2022-08-24,Shasta,089,179085,34357,34180,7197,41377,589
2022-08-24,Sierra,091,2930,302,301,60,361,5
2022-08-24,Siskiyou,093,43540,5151,5133,3272,8405,88
2022-08-24,Solano,095,438530,103108,102631,7610,110241,459
2022-08-24,Sonoma,097,501317,105029,104444,5189,109633,520
2022-08-24,Stanislaus,099,539301,135619,134894,21163,156057,1720
2022-08-24,Sutter,101,95872,23759,23673,2444,26117,228
2022-08-24,Tehama,103,63373,13393,13312,3011,16323,209
2022-08-24,Trinity,105,12862,1381,1369,367,1736,20
2022-08-24,Tulare,107,460477,120039,119644,35203,154847,1525
2022-08-24,Tuolumne,109,53932,15262,15140,907,16047,196
2022-08-24,Ventura,111,848112,204890,204064,15159,219223,1551
2022-08-24,Yolo,113,214977,46711,46665,4250,50915,333
2022-08-24,Yuba,115,75493,18509,18425,1650,20075,129
2022-08-23,Alameda,001,1643700,339921,338591,19300,357891,1976
2022-08-23,Alpine,003,1148,133,131,1,132,0
2022-08-23,Amador,005,37829,9812,9786,903,10689,89
2022-08-23,Butte,007,227075,38766,38458,8722,47180,449
2022-08-23,Calaveras,009,45235,8369,8334,509,8843,132
2022-08-23,Colusa,011,21464,3742,3722,1240,4962,22
2022-08-23,Contra Costa,013,1133247,245432,242633,20116,262749,1399
2022-08-23,Del Norte,015,27424,7310,7308,391,7699,55
2022-08-23,El Dorado,017,186661,31819,31682,4156,35838,225
2022-08-23,Fresno,019,978130,270362,269025,30296,299321,2822
2022-08-23,Glenn,021,27897,5453,5423,1839,7262,48
2022-08-23,Humboldt,023,135768,21275,21195,4813,26008,153
2022-08-23,Imperial,025,180216,64457,64271,15156,79427,951
2022-08-23,Inyo,027,18085,4442,4440,882,5322,59
2022-08-23,Kern,029,883053,216208,215225,60727,275952,2399
2022-08-23,Kings,031,150075,58453,58324,3994,62318,454
2022-08-23,Lake,033,64148,12538,12476,1141,13617,142
2022-08-23,Lassen,035,31185,9878,9867,974,10841,64
2022-08-23,Los Angeles,037,10098052,3227788,3211321,174044,3385365,32783
2022-08-23,Madera,039,155013,43090,42984,7996,50980,372
2022-08-23,Marin,041,260295,44232,44082,5154,49236,305
2022-08-23,Mariposa,043,17540,3027,3010,336,3346,31
2022-08-23,Mendocino,045,87422,15725,15623,4357,19980,134
2022-08-23,Merced,047,269075,71198,70665,11355,82020,849
2022-08-23,Modoc,049,8938,867,864,313,1177,11
2022-08-23,Mono,051,14174,3184,3181,242,3423,7
2022-08-23,Monterey,053,433212,92965,92590,20481,113071,760
2022-08-23,Napa,055,140530,31692,31602,1395,32997,156
2022-08-23,Nevada,057,99092,18610,18565,1760,20325,132
2022-08-23,Orange,059,3164182,656585,654893,59843,714736,7312
2022-08-23,Placer,061,380077,74500,74226,9329,83555,657
2022-08-23,Plumas,063,18699,3571,3555,430,3985,13
2022-08-23,Riverside,065,2383286,684529,681805,34327,716132,6573
2022-08-23,Sacramento,067,1510023,340113,339009,32839,371848,3208
2022-08-23,San Benito,069,59416,15814,15745,923,16668,103
2022-08-23,San Bernardino,071,2135413,660809,651496,30191,681687,8018
2022-08-23,San Diego,073,3302833,909114,906885,70079,976964,5453
2022-08-23,San Francisco,075,870044,174989,174731,11830,186561,974
2022-08-23,San Joaquin,077,732212,194066,193370,14221,207591,2288
2022-08-23,San Luis Obispo,079,281455,62240,61962,6932,68894,515
2022-08-23,San Mateo,081,765935,164947,164307,10428,174735,738
2022-08-23,Santa Barbara,083,443738,103756,103237,6687,109924,716
2022-08-23,Santa Clara,085,1922200,422787,421483,18457,439940,2454
2022-08-23,Santa Cruz,087,273765,61743,61387,3329,64716,270
2022-08-23,Shasta,089,179085,34335,34180,7189,41369,589
2022-08-23,Sierra,091,2930,302,301,60,361,5
2022-08-23,Siskiyou,093,43540,5151,5133,3270,8403,88
2022-08-23,Solano,095,438530,103016,102631,7604,110235,459
2022-08-23,Sonoma,097,501317,104948,104444,5178,109622,520
2022-08-23,Stanislaus,099,539301,135499,134894,21120,156014,1720
2022-08-23,Sutter,101,95872,23740,23673,2439,26112,228
2022-08-23,Tehama,103,63373,13383,13312,3009,16321,209
2022-08-23,Trinity,105,12862,1379,1369,367,1736,20
2022-08-23,Tulare,107,460477,119927,119644,35100,154744,1525
2022-08-23,Tuolumne,109,53932,15247,15140,906,16046,196
2022-08-23,Ventura,111,848112,204717,204064,15121,219185,1551
2022-08-23,Yolo,113,214977,46687,46665,4248,50913,333
2022-08-23,Yuba,115,75493,18488,18425,1646,20071,129
2022-08-22,Alameda,001,1643700,339557,338591,19271,357862,1976
2022-08-22,Alpine,003,1148,133,131,1,132,0
2022-08-22,Amador,005,37829,9807,9786,902,10688,89
2022-08-22,Butte,007,227075,38716,38458,8705,47163,449
2022-08-22,Calaveras,009,45235,8358,8334,507,8841,132
2022-08-22,Colusa,011,21464,3740,3722,1236,4958,22
2022-08-22,Contra Costa,013,1133247,245191,242633,20073,262706,1399
2022-08-22,Del Norte,015,27424,7309,7308,391,7699,55
2022-08-22,El Dorado,017,186661,31793,31682,4152,35834,225
2022-08-22,Fresno,019,978130,270122,269025,30210,299235,2822
2022-08-22,Glenn,021,27897,5452,5423,1837,7260,48
2022-08-22,Humboldt,023,135768,21254,21195,4798,25993,153
2022-08-22,Imperial,025,180216,64383,64271,15114,79385,951
2022-08-22,Inyo,027,18085,4440,4440,882,5322,59
2022-08-22,Kern,029,883053,216061,215225,60540,275765,2399
2022-08-22,Kings,031,150075,58401,58324,3986,62310,454
2022-08-22,Lake,033,64148,12516,12476,1136,13612,142
2022-08-22,Lassen,035,31185,9876,9867,974,10841,64
2022-08-22,Los Angeles,037,10098052,3224873,3211321,173699,3385020,32783
2022-08-22,Madera,039,155013,43037,42984,7970,50954,372
2022-08-22,Marin,041,260295,44199,44082,5145,49227,305
2022-08-22,Mariposa,043,17540,3020,3010,335,3345,31
2022-08-22,Mendocino,045,87422,15704,15623,4339,19962,134
2022-08-22,Merced,047,269075,71123,70665,11312,81977,849
2022-08-22,Modoc,049,8938,867,864,313,1177,11
2022-08-22,Mono,051,14174,3184,3181,242,3423,7
2022-08-22,Monterey,053,433212,92890,92590,20430,113020,760
2022-08-22,Napa,055,140530,31666,31602,1392,32994,156
2022-08-22,Nevada,057,99092,18592,18565,1754,20319,132
2022-08-22,Orange,059,3164182,656003,654893,59720,714613,7312
2022-08-22,Placer,061,380077,74427,74226,9319,83545,657
2022-08-22,Plumas,063,18699,3570,3555,430,3985,13
2022-08-22,Riverside,065,2383286,683870,681805,34255,716060,6573
2022-08-22,Sacramento,067,1510023,339773,339009,32762,371771,3208
2022-08-22,San Benito,069,59416,15793,15745,921,16666,103
2022-08-22,San Bernardino,071,2135413,660077,651496,30121,681617,8018
2022-08-22,San Diego,073,3302833,908430,906885,69966,976851,5453
2022-08-22,San Francisco,075,870044,174840,174731,11816,186547,974
2022-08-22,San Joaquin,077,732212,193890,193370,14180,207550,2288
2022-08-22,San Luis Obispo,079,281455,62190,61962,6917,68879,515
2022-08-22,San Mateo,081,765935,164807,164307,10416,174723,738
2022-08-22,Santa Barbara,083,443738,103634,103237,6669,109906,716
2022-08-22,Santa Clara,085,1922200,422362,421483,18430,439913,2454
2022-08-22,Santa Cruz,087,273765,61660,61387,3325,64712,270
2022-08-22,Shasta,089,179085,34320,34180,7179,41359,589
2022-08-22,Sierra,091,2930,302,301,60,361,5
2022-08-22,Siskiyou,093,43540,5147,5133,3268,8401,88
2022-08-22,Solano,095,438530,102928,102631,7592,110223,459
2022-08-22,Sonoma,097,501317,104868,104444,5162,109606,520
2022-08-22,Stanislaus,099,539301,135337,134894,21082,155976,1720
2022-08-22,Sutter,101,95872,23706,23673,2438,26111,228
2022-08-22,Tehama,103,63373,13377,13312,3006,16318,209
2022-08-22,Trinity,105,12862,1376,1369,365,1734,20
2022-08-22,Tulare,107,460477,119801,119644,34996,154640,1525
2022-08-22,Tuolumne,109,53932,15224,15140,906,16046,196
2022-08-22,Ventura,111,848112,204558,204064,15044,219108,1551
2022-08-22,Yolo,113,214977,46648,46665,4239,50904,333
2022-08-22,Yuba,115,75493,18461,18425,1642,20067,129
2022-08-21,Alameda,001,1643700,339130,337238,19248,356486,1970
2022-08-21,Alpine,003,1148,132,131,1,132,0
2022-08-21,Amador,005,37829,9800,9761,897,10658,89
2022-08-21,Butte,007,227075,38671,38316,8687,47003,449
2022-08-21,Calaveras,009,45235,8345,8313,505,8818,132
2022-08-21,Colusa,011,21464,3734,3718,1230,4948,22
2022-08-21,Contra Costa,013,1133247,244910,241665,20036,261701,1399
2022-08-21,Del Norte,015,27424,7302,7290,390,7680,55
2022-08-21,El Dorado,017,186661,31761,31600,4145,35745,225
2022-08-21,Fresno,019,978130,269848,268147,30123,298270,2822
2022-08-21,Glenn,021,27897,5448,5413,1836,7249,48
2022-08-21,Humboldt,023,135768,21230,21104,4780,25884,153
2022-08-21,Imperial,025,180216,64324,64092,15073,79165,951
2022-08-21,Inyo,027,18085,4440,4435,878,5313,59
2022-08-21,Kern,029,883053,215874,214656,60353,275009,2389
2022-08-21,Kings,031,150075,58330,58109,3975,62084,454
2022-08-21,Lake,033,64148,12494,12426,1132,13558,142
2022-08-21,Lassen,035,31185,9870,9843,973,10816,64
2022-08-21,Los Angeles,037,10098052,3221620,3200023,173298,3373321,32746
2022-08-21,Madera,039,155013,42987,42822,7932,50754,372
2022-08-21,Marin,041,260295,44151,43966,5125,49091,305
2022-08-21,Mariposa,043,17540,3019,3003,334,3337,31
2022-08-21,Mendocino,045,87422,15673,15578,4316,19894,134
2022-08-21,Merced,047,269075,71031,70449,11238,81687,846
2022-08-21,Modoc,049,8938,866,862,313,1175,11
2022-08-21,Mono,051,14174,3184,3177,240,3417,7
2022-08-21,Monterey,053,433212,92788,92287,20373,112660,760
2022-08-21,Napa,055,140530,31644,31534,1391,32925,156
2022-08-21,Nevada,057,99092,18581,18497,1749,20246,132
2022-08-21,Orange,059,3164182,655355,652703,59585,712288,7280
2022-08-21,Placer,061,380077,74366,74027,9314,83341,657
2022-08-21,Plumas,063,18699,3563,3550,430,3980,13
2022-08-21,Riverside,065,2383286,683039,679298,34170,713468,6574
2022-08-21,Sacramento,067,1510023,339403,337745,32692,370437,3208
2022-08-21,San Benito,069,59416,15770,15698,918,16616,103
2022-08-21,San Bernardino,071,2135413,659234,648583,30055,678638,8014
2022-08-21,San Diego,073,3302833,907576,904015,69887,973902,5448
2022-08-21,San Francisco,075,870044,174639,174151,11797,185948,973
2022-08-21,San Joaquin,077,732212,193643,192738,14146,206884,2288
2022-08-21,San Luis Obispo,079,281455,62141,61764,6889,68653,516
2022-08-21,San Mateo,081,765935,164652,163705,10408,174113,738
2022-08-21,Santa Barbara,083,443738,103507,102795,6641,109436,713
2022-08-21,Santa Clara,085,1922200,421836,419723,18398,438121,2437
2022-08-21,Santa Cruz,087,273765,61545,61098,3320,64418,269
2022-08-21,Shasta,089,179085,34281,34105,7164,41269,588
2022-08-21,Sierra,091,2930,302,298,60,358,4
2022-08-21,Siskiyou,093,43540,5146,5119,3261,8380,88
2022-08-21,Solano,095,438530,102844,102355,7581,109936,457
2022-08-21,Sonoma,097,501317,104762,104090,5148,109238,511
2022-08-21,Stanislaus,099,539301,135172,134407,21010,155417,1719
2022-08-21,Sutter,101,95872,23673,23587,2431,26018,228
2022-08-21,Tehama,103,63373,13366,13289,3002,16291,209
2022-08-21,Trinity,105,12862,1374,1366,364,1730,20
2022-08-21,Tulare,107,460477,119677,119251,34842,154093,1521
2022-08-21,Tuolumne,109,53932,15208,15085,904,15989,196
2022-08-21,Ventura,111,848112,204332,203318,14967,218285,1547
2022-08-21,Yolo,113,214977,46608,46567,4234,50801,333
2022-08-21,Yuba,115,75493,18439,18363,1635,19998,129
2022-08-20,Alameda,001,1643700,338920,337238,19231,356469,1970
2022-08-20,Alpine,003,1148,132,131,1,132,0
2022-08-20,Amador,005,37829,9797,9761,897,10658,89
2022-08-20,Butte,007,227075,38643,38316,8682,46998,449
2022-08-20,Calaveras,009,45235,8342,8313,504,8817,132
2022-08-20,Colusa,011,21464,3730,3718,1224,4942,22
2022-08-20,Contra Costa,013,1133247,244775,241665,20021,261686,1399
2022-08-20,Del Norte,015,27424,7301,7290,390,7680,55
2022-08-20,El Dorado,017,186661,31742,31600,4143,35743,225
2022-08-20,Fresno,019,978130,269706,268147,30098,298245,2822
2022-08-20,Glenn,021,27897,5445,5413,1836,7249,48
2022-08-20,Humboldt,023,135768,21214,21104,4765,25869,153
2022-08-20,Imperial,025,180216,64289,64092,15053,79145,951
2022-08-20,Inyo,027,18085,4440,4435,878,5313,59
2022-08-20,Kern,029,883053,215786,214656,60229,274885,2389
2022-08-20,Kings,031,150075,58303,58109,3970,62079,454
2022-08-20,Lake,033,64148,12484,12426,1128,13554,142
2022-08-20,Lassen,035,31185,9867,9843,973,10816,64
2022-08-20,Los Angeles,037,10098052,3220034,3200023,173076,3373099,32746
2022-08-20,Madera,039,155013,42964,42822,7925,50747,372
2022-08-20,Marin,041,260295,44133,43966,5123,49089,305
2022-08-20,Mariposa,043,17540,3019,3003,334,3337,31
2022-08-20,Mendocino,045,87422,15659,15578,4313,19891,134
2022-08-20,Merced,047,269075,71007,70449,11230,81679,846
2022-08-20,Modoc,049,8938,866,862,313,1175,11
2022-08-20,Mono,051,14174,3184,3177,238,3415,7
2022-08-20,Monterey,053,433212,92743,92287,20345,112632,760
2022-08-20,Napa,055,140530,31636,31534,1391,32925,156
2022-08-20,Nevada,057,99092,18578,18497,1747,20244,132
2022-08-20,Orange,059,3164182,655037,652703,59499,712202,7280
2022-08-20,Placer,061,380077,74319,74027,9308,83335,657
2022-08-20,Plumas,063,18699,3563,3550,430,3980,13
2022-08-20,Riverside,065,2383286,682616,679298,34139,713437,6574
2022-08-20,Sacramento,067,1510023,339240,337745,32671,370416,3208
2022-08-20,San Benito,069,59416,15751,15698,915,16613,103
2022-08-20,San Bernardino,071,2135413,658818,648583,30014,678597,8014
2022-08-20,San Diego,073,3302833,907192,904015,69862,973877,5448
2022-08-20,San Francisco,075,870044,174517,174151,11796,185947,973
2022-08-20,San Joaquin,077,732212,193544,192738,14120,206858,2288
2022-08-20,San Luis Obispo,079,281455,62123,61764,6881,68645,516
2022-08-20,San Mateo,081,765935,164553,163705,10403,174108,738
2022-08-20,Santa Barbara,083,443738,103437,102795,6633,109428,713
2022-08-20,Santa Clara,085,1922200,421569,419723,18382,438105,2437
2022-08-20,Santa Cruz,087,273765,61517,61098,3314,64412,269
2022-08-20,Shasta,089,179085,34256,34105,7162,41267,588
2022-08-20,Sierra,091,2930,302,298,60,358,4
2022-08-20,Siskiyou,093,43540,5141,5119,3260,8379,88
2022-08-20,Solano,095,438530,102798,102355,7574,109929,457
2022-08-20,Sonoma,097,501317,104712,104090,5142,109232,511
2022-08-20,Stanislaus,099,539301,135083,134407,20993,155400,1719
2022-08-20,Sutter,101,95872,23645,23587,2431,26018,228
2022-08-20,Tehama,103,63373,13360,13289,3000,16289,209
2022-08-20,Trinity,105,12862,1374,1366,364,1730,20
2022-08-20,Tulare,107,460477,119597,119251,34789,154040,1521
2022-08-20,Tuolumne,109,53932,15199,15085,902,15987,196
2022-08-20,Ventura,111,848112,204224,203318,14950,218268,1547
2022-08-20,Yolo,113,214977,46580,46567,4226,50793,333
2022-08-20,Yuba,115,75493,18432,18363,1634,19997,129
2022-08-19,Alameda,001,1643700,338711,337238,19208,356446,1970
2022-08-19,Alpine,003,1148,132,131,1,132,0
2022-08-19,Amador,005,37829,9796,9761,897,10658,89
2022-08-19,Butte,007,227075,38622,38316,8671,46987,449
2022-08-19,Calaveras,009,45235,8337,8313,504,8817,132
2022-08-19,Colusa,011,21464,3729,3718,1223,4941,22
2022-08-19,Contra Costa,013,1133247,244634,241665,20007,261672,1399
2022-08-19,Del Norte,015,27424,7296,7290,390,7680,55
2022-08-19,El Dorado,017,186661,31730,31600,4139,35739,225
2022-08-19,Fresno,019,978130,269543,268147,30072,298219,2822
2022-08-19,Glenn,021,27897,5444,5413,1836,7249,48
2022-08-19,Humboldt,023,135768,21204,21104,4755,25859,153
2022-08-19,Imperial,025,180216,64261,64092,15038,79130,951
2022-08-19,Inyo,027,18085,4440,4435,874,5309,59
2022-08-19,Kern,029,883053,215697,214656,60137,274793,2389
2022-08-19,Kings,031,150075,58260,58109,3963,62072,454
2022-08-19,Lake,033,64148,12472,12426,1125,13551,142
2022-08-19,Lassen,035,31185,9864,9843,973,10816,64
2022-08-19,Los Angeles,037,10098052,3218211,3200023,172854,3372877,32746
2022-08-19,Madera,039,155013,42942,42822,7921,50743,372
2022-08-19,Marin,041,260295,44098,43966,5117,49083,305
2022-08-19,Mariposa,043,17540,3017,3003,334,3337,31
2022-08-19,Mendocino,045,87422,15647,15578,4304,19882,134
2022-08-19,Merced,047,269075,70967,70449,11225,81674,846
2022-08-19,Modoc,049,8938,866,862,313,1175,11
2022-08-19,Mono,051,14174,3184,3177,238,3415,7
2022-08-19,Monterey,053,433212,92689,92287,20315,112602,760
2022-08-19,Napa,055,140530,31619,31534,1389,32923,156
2022-08-19,Nevada,057,99092,18574,18497,1745,20242,132
2022-08-19,Orange,059,3164182,654676,652703,59417,712120,7280
2022-08-19,Placer,061,380077,74283,74027,9301,83328,657
2022-08-19,Plumas,063,18699,3562,3550,430,3980,13
2022-08-19,Riverside,065,2383286,682196,679298,34108,713406,6574
2022-08-19,Sacramento,067,1510023,339051,337745,32650,370395,3208
2022-08-19,San Benito,069,59416,15748,15698,914,16612,103
2022-08-19,San Bernardino,071,2135413,658373,648583,29997,678580,8014
2022-08-19,San Diego,073,3302833,906695,904015,69811,973826,5448
2022-08-19,San Francisco,075,870044,174376,174151,11779,185930,973
2022-08-19,San Joaquin,077,732212,193443,192738,14101,206839,2288
2022-08-19,San Luis Obispo,079,281455,62108,61764,6879,68643,516
2022-08-19,San Mateo,081,765935,164439,163705,10398,174103,738
2022-08-19,Santa Barbara,083,443738,103358,102795,6628,109423,713
2022-08-19,Santa Clara,085,1922200,421259,419723,18366,438089,2437
2022-08-19,Santa Cruz,087,273765,61454,61098,3309,64407,269
2022-08-19,Shasta,089,179085,34240,34105,7162,41267,588
2022-08-19,Sierra,091,2930,302,298,60,358,4
2022-08-19,Siskiyou,093,43540,5134,5119,3260,8379,88
2022-08-19,Solano,095,438530,102741,102355,7567,109922,457
2022-08-19,Sonoma,097,501317,104653,104090,5138,109228,511
2022-08-19,Stanislaus,099,539301,135001,134407,20976,155383,1719
2022-08-19,Sutter,101,95872,23628,23587,2430,26017,228
2022-08-19,Tehama,103,63373,13350,13289,2994,16283,209
2022-08-19,Trinity,105,12862,1373,1366,364,1730,20
2022-08-19,Tulare,107,460477,119512,119251,34737,153988,1521
2022-08-19,Tuolumne,109,53932,15192,15085,901,15986,196
2022-08-19,Ventura,111,848112,204099,203318,14928,218246,1547
2022-08-19,Yolo,113,214977,46558,46567,4223,50790,333
2022-08-19,Yuba,115,75493,18417,18363,1634,19997,129
2022-08-18,Alameda,001,1643700,338415,337238,19173,356411,1970
2022-08-18,Alpine,003,1148,131,131,1,132,0
2022-08-18,Amador,005,37829,9791,9761,896,10657,89
2022-08-18,Butte,007,227075,38593,38316,8656,46972,449
2022-08-18,Calaveras,009,45235,8332,8313,504,8817,132
2022-08-18,Colusa,011,21464,3729,3718,1219,4937,22
2022-08-18,Contra Costa,013,1133247,244426,241665,19975,261640,1399
2022-08-18,Del Norte,015,27424,7291,7290,389,7679,55
2022-08-18,El Dorado,017,186661,31715,31600,4136,35736,225
2022-08-18,Fresno,019,978130,269326,268147,30012,298159,2822
2022-08-18,Glenn,021,27897,5439,5413,1835,7248,48
2022-08-18,Humboldt,023,135768,21180,21104,4727,25831,153
2022-08-18,Imperial,025,180216,64237,64092,14996,79088,951
2022-08-18,Inyo,027,18085,4439,4435,869,5304,59
2022-08-18,Kern,029,883053,215550,214656,60006,274662,2389
2022-08-18,Kings,031,150075,58215,58109,3952,62061,454
2022-08-18,Lake,033,64148,12460,12426,1122,13548,142
2022-08-18,Lassen,035,31185,9863,9843,972,10815,64
2022-08-18,Los Angeles,037,10098052,3215742,3200023,172571,3372594,32746
2022-08-18,Madera,039,155013,42902,42822,7902,50724,372
2022-08-18,Marin,041,260295,44066,43966,5106,49072,305
2022-08-18,Mariposa,043,17540,3015,3003,334,3337,31
2022-08-18,Mendocino,045,87422,15633,15578,4303,19881,134
2022-08-18,Merced,047,269075,70890,70449,11189,81638,846
2022-08-18,Modoc,049,8938,866,862,313,1175,11
2022-08-18,Mono,051,14174,3182,3177,237,3414,7
2022-08-18,Monterey,053,433212,92603,92287,20276,112563,760
2022-08-18,Napa,055,140530,31599,31534,1389,32923,156
2022-08-18,Nevada,057,99092,18558,18497,1740,20237,132
2022-08-18,Orange,059,3164182,654214,652703,59307,712010,7280
2022-08-18,Placer,061,380077,74228,74027,9298,83325,657
2022-08-18,Plumas,063,18699,3558,3550,430,3980,13
2022-08-18,Riverside,065,2383286,681617,679298,34058,713356,6574
2022-08-18,Sacramento,067,1510023,338752,337745,32592,370337,3208
2022-08-18,San Benito,069,59416,15736,15698,911,16609,103
2022-08-18,San Bernardino,071,2135413,657705,648583,29943,678526,8014
2022-08-18,San Diego,073,3302833,906047,904015,69741,973756,5448
2022-08-18,San Francisco,075,870044,174231,174151,11755,185906,973
2022-08-18,San Joaquin,077,732212,193274,192738,14072,206810,2288
2022-08-18,San Luis Obispo,079,281455,62066,61764,6864,68628,516
2022-08-18,San Mateo,081,765935,164261,163705,10389,174094,738
2022-08-18,Santa Barbara,083,443738,103252,102795,6616,109411,713
2022-08-18,Santa Clara,085,1922200,420824,419723,18335,438058,2437
2022-08-18,Santa Cruz,087,273765,61383,61098,3303,64401,269
2022-08-18,Shasta,089,179085,34220,34105,7157,41262,588
2022-08-18,Sierra,091,2930,301,298,60,358,4
2022-08-18,Siskiyou,093,43540,5132,5119,3258,8377,88
2022-08-18,Solano,095,438530,102670,102355,7557,109912,457
2022-08-18,Sonoma,097,501317,104566,104090,5128,109218,511
2022-08-18,Stanislaus,099,539301,134873,134407,20942,155349,1719
2022-08-18,Sutter,101,95872,23607,23587,2428,26015,228
2022-08-18,Tehama,103,63373,13343,13289,2990,16279,209
2022-08-18,Trinity,105,12862,1372,1366,361,1727,20
2022-08-18,Tulare,107,460477,119416,119251,34640,153891,1521
2022-08-18,Tuolumne,109,53932,15151,15085,896,15981,196
2022-08-18,Ventura,111,848112,203926,203318,14886,218204,1547
2022-08-18,Yolo,113,214977,46534,46567,4214,50781,333
2022-08-18,Yuba,115,75493,18397,18363,1631,19994,129
2022-08-17,Alameda,001,1643700,338081,336198,19139,355337,1948
2022-08-17,Alpine,003,1148,131,131,1,132,0
2022-08-17,Amador,005,37829,9783,9728,896,10624,89
2022-08-17,Butte,007,227075,38554,38203,8645,46848,447
2022-08-17,Calaveras,009,45235,8325,8295,501,8796,131
2022-08-17,Colusa,011,21464,3728,3716,1217,4933,22
2022-08-17,Contra Costa,013,1133247,244198,240894,19938,260832,1394
2022-08-17,Del Norte,015,27424,7287,7274,389,7663,55
2022-08-17,El Dorado,017,186661,31697,31523,4132,35655,225
2022-08-17,Fresno,019,978130,269101,267367,29946,297313,2818
2022-08-17,Glenn,021,27897,5438,5403,1832,7235,48
2022-08-17,Humboldt,023,135768,21157,21029,4712,25741,153
2022-08-17,Imperial,025,180216,64195,63972,14965,78937,950
2022-08-17,Inyo,027,18085,4437,4421,866,5287,58
2022-08-17,Kern,029,883053,215419,214040,59876,273916,2389
2022-08-17,Kings,031,150075,58151,57948,3949,61897,454
2022-08-17,Lake,033,64148,12450,12383,1121,13504,142
2022-08-17,Lassen,035,31185,9854,9813,972,10785,64
2022-08-17,Los Angeles,037,10098052,3212952,3190808,172254,3363062,32701
2022-08-17,Madera,039,155013,42855,42677,7864,50541,372
2022-08-17,Marin,041,260295,44033,43852,5102,48954,305
2022-08-17,Mariposa,043,17540,3011,2998,333,3331,31
2022-08-17,Mendocino,045,87422,15623,15504,4297,19801,132
2022-08-17,Merced,047,269075,70832,70232,11145,81377,843
2022-08-17,Modoc,049,8938,865,857,313,1170,11
2022-08-17,Mono,051,14174,3182,3175,237,3412,7
2022-08-17,Monterey,053,433212,92539,91984,20222,112206,759
2022-08-17,Napa,055,140530,31584,31454,1387,32841,155
2022-08-17,Nevada,057,99092,18541,18443,1738,20181,132
2022-08-17,Orange,059,3164182,653608,650827,59188,710015,7266
2022-08-17,Placer,061,380077,74180,73852,9290,83142,655
2022-08-17,Plumas,063,18699,3556,3544,429,3973,13
2022-08-17,Riverside,065,2383286,680980,677437,33996,711433,6562
2022-08-17,Sacramento,067,1510023,338426,336667,32549,369216,3194
2022-08-17,San Benito,069,59416,15720,15655,910,16565,103
2022-08-17,San Bernardino,071,2135413,657069,646584,29883,676467,7999
2022-08-17,San Diego,073,3302833,905305,901794,69673,971467,5442
2022-08-17,San Francisco,075,870044,174102,173590,11743,185333,971
2022-08-17,San Joaquin,077,732212,193125,192078,14036,206114,2283
2022-08-17,San Luis Obispo,079,281455,62013,61604,6851,68455,514
2022-08-17,San Mateo,081,765935,164165,163218,10382,173600,738
2022-08-17,Santa Barbara,083,443738,103140,102430,6597,109027,712
2022-08-17,Santa Clara,085,1922200,420363,418231,18326,436557,2424
2022-08-17,Santa Cruz,087,273765,61294,60880,3297,64177,269
2022-08-17,Shasta,089,179085,34202,33984,7148,41132,587
2022-08-17,Sierra,091,2930,301,297,60,357,4
2022-08-17,Siskiyou,093,43540,5129,5102,3255,8357,88
2022-08-17,Solano,095,438530,102586,102115,7552,109667,459
2022-08-17,Sonoma,097,501317,104465,103844,5121,108965,504
2022-08-17,Stanislaus,099,539301,134728,133989,20904,154893,1715
2022-08-17,Sutter,101,95872,23573,23489,2422,25911,228
2022-08-17,Tehama,103,63373,13340,13259,2985,16244,209
2022-08-17,Trinity,105,12862,1372,1362,359,1721,20
2022-08-17,Tulare,107,460477,119308,118997,34533,153530,1521
2022-08-17,Tuolumne,109,53932,15143,15044,894,15938,196
2022-08-17,Ventura,111,848112,203746,202609,14830,217439,1546
2022-08-17,Yolo,113,214977,46502,46414,4209,50623,331
2022-08-17,Yuba,115,75493,18376,18305,1628,19933,129
2022-08-16,Alameda,001,1643700,337712,336198,19119,355317,1948
2022-08-16,Alpine,003,1148,131,131,1,132,0
2022-08-16,Amador,005,37829,9770,9728,891,10619,89
2022-08-16,Butte,007,227075,38522,38203,8630,46833,447
2022-08-16,Calaveras,009,45235,8317,8295,501,8796,131
2022-08-16,Colusa,011,21464,3727,3716,1215,4931,22
2022-08-16,Contra Costa,013,1133247,243961,240894,19896,260790,1394
2022-08-16,Del Norte,015,27424,7282,7274,389,7663,55
2022-08-16,El Dorado,017,186661,31677,31523,4125,35648,225
2022-08-16,Fresno,019,978130,268854,267367,29900,297267,2818
2022-08-16,Glenn,021,27897,5437,5403,1829,7232,48
2022-08-16,Humboldt,023,135768,21130,21029,4685,25714,153
2022-08-16,Imperial,025,180216,64145,63972,14926,78898,950
2022-08-16,Inyo,027,18085,4433,4421,862,5283,58
2022-08-16,Kern,029,883053,215284,214040,59733,273773,2389
2022-08-16,Kings,031,150075,58105,57948,3946,61894,454
2022-08-16,Lake,033,64148,12434,12383,1117,13500,142
2022-08-16,Lassen,035,31185,9841,9813,971,10784,64
2022-08-16,Los Angeles,037,10098052,3209892,3190808,171905,3362713,32701
2022-08-16,Madera,039,155013,42797,42677,7843,50520,372
2022-08-16,Marin,041,260295,43995,43852,5096,48948,305
2022-08-16,Mariposa,043,17540,3010,2998,332,3330,31
2022-08-16,Mendocino,045,87422,15605,15504,4283,19787,132
2022-08-16,Merced,047,269075,70755,70232,11100,81332,843
2022-08-16,Modoc,049,8938,865,857,313,1170,11
2022-08-16,Mono,051,14174,3182,3175,236,3411,7
2022-08-16,Monterey,053,433212,92459,91984,20150,112134,759
2022-08-16,Napa,055,140530,31565,31454,1386,32840,155
2022-08-16,Nevada,057,99092,18526,18443,1734,20177,132
2022-08-16,Orange,059,3164182,652945,650827,59054,709881,7266
2022-08-16,Placer,061,380077,74113,73852,9279,83131,655
2022-08-16,Plumas,063,18699,3554,3544,429,3973,13
2022-08-16,Riverside,065,2383286,680293,677437,33947,711384,6562
2022-08-16,Sacramento,067,1510023,338097,336667,32513,369180,3194
2022-08-16,San Benito,069,59416,15707,15655,906,16561,103
2022-08-16,San Bernardino,071,2135413,656344,646584,29812,676396,7999
2022-08-16,San Diego,073,3302833,904489,901794,69584,971378,5442
2022-08-16,San Francisco,075,870044,173943,173590,11737,185327,971
2022-08-16,San Joaquin,077,732212,192912,192078,14006,206084,2283
2022-08-16,San Luis Obispo,079,281455,61976,61604,6844,68448,514
2022-08-16,San Mateo,081,765935,164005,163218,10368,173586,738
2022-08-16,Santa Barbara,083,443738,103012,102430,6574,109004,712
2022-08-16,Santa Clara,085,1922200,419888,418231,18301,436532,2424
2022-08-16,Santa Cruz,087,273765,61241,60880,3293,64173,269
2022-08-16,Shasta,089,179085,34175,33984,7139,41123,587
2022-08-16,Sierra,091,2930,300,297,60,357,4
2022-08-16,Siskiyou,093,43540,5125,5102,3250,8352,88
2022-08-16,Solano,095,438530,102514,102115,7536,109651,459
2022-08-16,Sonoma,097,501317,104362,103844,5113,108957,504
2022-08-16,Stanislaus,099,539301,134593,133989,20842,154831,1715
2022-08-16,Sutter,101,95872,23549,23489,2416,25905,228
2022-08-16,Tehama,103,63373,13334,13259,2980,16239,209
2022-08-16,Trinity,105,12862,1369,1362,359,1721,20
2022-08-16,Tulare,107,460477,119221,118997,34413,153410,1521
2022-08-16,Tuolumne,109,53932,15129,15044,894,15938,196
2022-08-16,Ventura,111,848112,203517,202609,14774,217383,1546
2022-08-16,Yolo,113,214977,46483,46414,4204,50618,331
2022-08-16,Yuba,115,75493,18357,18305,1622,19927,129
2022-08-15,Alameda,001,1643700,337329,336198,19092,355290,1948
2022-08-15,Alpine,003,1148,131,131,1,132,0
2022-08-15,Amador,005,37829,9758,9728,891,10619,89
2022-08-15,Butte,007,227075,38500,38203,8611,46814,447
2022-08-15,Calaveras,009,45235,8315,8295,500,8795,131
2022-08-15,Colusa,011,21464,3724,3716,1214,4930,22
2022-08-15,Contra Costa,013,1133247,243679,240894,19862,260756,1394
2022-08-15,Del Norte,015,27424,7278,7274,388,7662,55
2022-08-15,El Dorado,017,186661,31647,31523,4118,35641,225
2022-08-15,Fresno,019,978130,268549,267367,29837,297204,2818
2022-08-15,Glenn,021,27897,5429,5403,1828,7231,48
2022-08-15,Humboldt,023,135768,21107,21029,4664,25693,153
2022-08-15,Imperial,025,180216,64098,63972,14889,78861,950
2022-08-15,Inyo,027,18085,4432,4421,860,5281,58
2022-08-15,Kern,029,883053,215100,214040,59598,273638,2389
2022-08-15,Kings,031,150075,58031,57948,3937,61885,454
2022-08-15,Lake,033,64148,12418,12383,1115,13498,142
2022-08-15,Lassen,035,31185,9840,9813,971,10784,64
2022-08-15,Los Angeles,037,10098052,3206485,3190808,171565,3362373,32701
2022-08-15,Madera,039,155013,42745,42677,7801,50478,372
2022-08-15,Marin,041,260295,43951,43852,5090,48942,305
2022-08-15,Mariposa,043,17540,3008,2998,331,3329,31
2022-08-15,Mendocino,045,87422,15588,15504,4276,19780,132
2022-08-15,Merced,047,269075,70691,70232,11046,81278,843
2022-08-15,Modoc,049,8938,861,857,313,1170,11
2022-08-15,Mono,051,14174,3180,3175,236,3411,7
2022-08-15,Monterey,053,433212,92349,91984,20080,112064,759
2022-08-15,Napa,055,140530,31540,31454,1386,32840,155
2022-08-15,Nevada,057,99092,18512,18443,1733,20176,132
2022-08-15,Orange,059,3164182,652234,650827,58934,709761,7266
2022-08-15,Placer,061,380077,74055,73852,9269,83121,655
2022-08-15,Plumas,063,18699,3550,3544,429,3973,13
2022-08-15,Riverside,065,2383286,679500,677437,33887,711324,6562
2022-08-15,Sacramento,067,1510023,337702,336667,32476,369143,3194
2022-08-15,San Benito,069,59416,15691,15655,904,16559,103
2022-08-15,San Bernardino,071,2135413,655516,646584,29736,676320,7999
2022-08-15,San Diego,073,3302833,903643,901794,69476,971270,5442
2022-08-15,San Francisco,075,870044,173769,173590,11732,185322,971
2022-08-15,San Joaquin,077,732212,192707,192078,13966,206044,2283
2022-08-15,San Luis Obispo,079,281455,61939,61604,6826,68430,514
2022-08-15,San Mateo,081,765935,163803,163218,10362,173580,738
2022-08-15,Santa Barbara,083,443738,102915,102430,6551,108981,712
2022-08-15,Santa Clara,085,1922200,419368,418231,18271,436502,2424
2022-08-15,Santa Cruz,087,273765,61161,60880,3288,64168,269
2022-08-15,Shasta,089,179085,34150,33984,7129,41113,587
2022-08-15,Sierra,091,2930,300,297,60,357,4
2022-08-15,Siskiyou,093,43540,5122,5102,3246,8348,88
2022-08-15,Solano,095,438530,102408,102115,7521,109636,459
2022-08-15,Sonoma,097,501317,104272,103844,5105,108949,504
2022-08-15,Stanislaus,099,539301,134453,133989,20807,154796,1715
2022-08-15,Sutter,101,95872,23517,23489,2414,25903,228
2022-08-15,Tehama,103,63373,13326,13259,2973,16232,209
2022-08-15,Trinity,105,12862,1366,1362,357,1719,20
2022-08-15,Tulare,107,460477,119090,118997,34296,153293,1521
2022-08-15,Tuolumne,109,53932,15121,15044,894,15938,196
2022-08-15,Ventura,111,848112,203268,202609,14709,217318,1546
2022-08-15,Yolo,113,214977,46448,46414,4201,50615,331
2022-08-15,Yuba,115,75493,18334,18305,1617,19922,129
2022-08-14,Alameda,001,1643700,336871,334944,19066,354010,1948
2022-08-14,Alpine,003,1148,131,131,1,132,0
2022-08-14,Amador,005,37829,9749,9705,889,10594,89
2022-08-14,Butte,007,227075,38450,38062,8595,46657,447
2022-08-14,Calaveras,009,45235,8306,8271,499,8770,131
2022-08-14,Colusa,011,21464,3724,3704,1211,4915,22
2022-08-14,Contra Costa,013,1133247,243411,239735,19809,259544,1393
2022-08-14,Del Norte,015,27424,7270,7245,386,7631,54
2022-08-14,El Dorado,017,186661,31616,31430,4113,35543,225
2022-08-14,Fresno,019,978130,268250,266211,29783,295994,2816
2022-08-14,Glenn,021,27897,5425,5393,1827,7220,48
2022-08-14,Humboldt,023,135768,21078,20954,4650,25604,153
2022-08-14,Imperial,025,180216,64033,63766,14847,78613,950
2022-08-14,Inyo,027,18085,4425,4418,856,5274,58
2022-08-14,Kern,029,883053,214917,213071,59425,272496,2380
2022-08-14,Kings,031,150075,57975,57748,3930,61678,454
2022-08-14,Lake,033,64148,12400,12324,1112,13436,142
2022-08-14,Lassen,035,31185,9820,9795,970,10765,64
2022-08-14,Los Angeles,037,10098052,3202930,3177769,171166,3348935,32657
2022-08-14,Madera,039,155013,42684,42517,7758,50275,372
2022-08-14,Marin,041,260295,43906,43662,5084,48746,305
2022-08-14,Mariposa,043,17540,3006,2986,330,3316,31
2022-08-14,Mendocino,045,87422,15569,15456,4269,19725,132
2022-08-14,Merced,047,269075,70585,69974,10980,80954,842
2022-08-14,Modoc,049,8938,860,856,313,1169,11
2022-08-14,Mono,051,14174,3178,3170,236,3406,7
2022-08-14,Monterey,053,433212,92225,91612,20007,111619,759
2022-08-14,Napa,055,140530,31503,31312,1385,32697,156
2022-08-14,Nevada,057,99092,18492,18398,1730,20128,132
2022-08-14,Orange,059,3164182,651508,648171,58784,706955,7248
2022-08-14,Placer,061,380077,73995,73588,9252,82840,656
2022-08-14,Plumas,063,18699,3548,3539,429,3968,13
2022-08-14,Riverside,065,2383286,678685,674362,33802,708164,6561
2022-08-14,Sacramento,067,1510023,337219,335292,32423,367715,3190
2022-08-14,San Benito,069,59416,15669,15578,895,16473,103
2022-08-14,San Bernardino,071,2135413,654652,643895,29662,673557,7983
2022-08-14,San Diego,073,3302833,902750,898646,69372,968018,5437
2022-08-14,San Francisco,075,870044,173555,172876,11718,184594,955
2022-08-14,San Joaquin,077,732212,192412,191272,13905,205177,2283
2022-08-14,San Luis Obispo,079,281455,61878,61403,6798,68201,512
2022-08-14,San Mateo,081,765935,163598,162531,10348,172879,738
2022-08-14,Santa Barbara,083,443738,102778,101942,6525,108467,712
2022-08-14,Santa Clara,085,1922200,418795,416369,18236,434605,2422
2022-08-14,Santa Cruz,087,273765,61056,60594,3281,63875,273
2022-08-14,Shasta,089,179085,34106,33895,7115,41010,584
2022-08-14,Sierra,091,2930,300,296,60,356,4
2022-08-14,Siskiyou,093,43540,5115,5086,3244,8330,88
2022-08-14,Solano,095,438530,102269,101761,7512,109273,458
2022-08-14,Sonoma,097,501317,104166,103496,5089,108585,504
2022-08-14,Stanislaus,099,539301,134272,133490,20751,154241,1702
2022-08-14,Sutter,101,95872,23475,23386,2410,25796,228
2022-08-14,Tehama,103,63373,13318,13213,2972,16185,209
2022-08-14,Trinity,105,12862,1365,1356,357,1713,20
2022-08-14,Tulare,107,460477,118941,118563,34175,152738,1520
2022-08-14,Tuolumne,109,53932,15101,14964,893,15857,196
2022-08-14,Ventura,111,848112,203004,201765,14666,216431,1541
2022-08-14,Yolo,113,214977,46402,46225,4196,50421,331
2022-08-14,Yuba,115,75493,18312,18232,1614,19846,129
2022-08-13,Alameda,001,1643700,336621,334944,19051,353995,1948
2022-08-13,Alpine,003,1148,131,131,1,132,0
2022-08-13,Amador,005,37829,9745,9705,889,10594,89
2022-08-13,Butte,007,227075,38426,38062,8584,46646,447
2022-08-13,Calaveras,009,45235,8302,8271,498,8769,131
2022-08-13,Colusa,011,21464,3721,3704,1211,4915,22
2022-08-13,Contra Costa,013,1133247,243246,239735,19783,259518,1393
2022-08-13,Del Norte,015,27424,7268,7245,386,7631,54
2022-08-13,El Dorado,017,186661,31603,31430,4112,35542,225
2022-08-13,Fresno,019,978130,268111,266211,29753,295964,2816
2022-08-13,Glenn,021,27897,5425,5393,1825,7218,48
2022-08-13,Humboldt,023,135768,21062,20954,4640,25594,153
2022-08-13,Imperial,025,180216,63992,63766,14829,78595,950
2022-08-13,Inyo,027,18085,4423,4418,855,5273,58
2022-08-13,Kern,029,883053,214826,213071,59345,272416,2380
2022-08-13,Kings,031,150075,57950,57748,3930,61678,454
2022-08-13,Lake,033,64148,12389,12324,1112,13436,142
2022-08-13,Lassen,035,31185,9814,9795,969,10764,64
2022-08-13,Los Angeles,037,10098052,3201069,3177769,170905,3348674,32657
2022-08-13,Madera,039,155013,42668,42517,7751,50268,372
2022-08-13,Marin,041,260295,43886,43662,5081,48743,305
2022-08-13,Mariposa,043,17540,3006,2986,329,3315,31
2022-08-13,Mendocino,045,87422,15557,15456,4266,19722,132
2022-08-13,Merced,047,269075,70547,69974,10974,80948,842
2022-08-13,Modoc,049,8938,860,856,313,1169,11
2022-08-13,Mono,051,14174,3178,3170,235,3405,7
2022-08-13,Monterey,053,433212,92160,91612,19971,111583,759
2022-08-13,Napa,055,140530,31490,31312,1383,32695,156
2022-08-13,Nevada,057,99092,18481,18398,1728,20126,132
2022-08-13,Orange,059,3164182,651117,648171,58710,706881,7248
2022-08-13,Placer,061,380077,73949,73588,9246,82834,656
2022-08-13,Plumas,063,18699,3546,3539,429,3968,13
2022-08-13,Riverside,065,2383286,678250,674362,33769,708131,6561
2022-08-13,Sacramento,067,1510023,337028,335292,32412,367704,3190
2022-08-13,San Benito,069,59416,15663,15578,889,16467,103
2022-08-13,San Bernardino,071,2135413,654183,643895,29632,673527,7983
2022-08-13,San Diego,073,3302833,902298,898646,69329,967975,5437
2022-08-13,San Francisco,075,870044,173438,172876,11712,184588,955
2022-08-13,San Joaquin,077,732212,192288,191272,13882,205154,2283
2022-08-13,San Luis Obispo,079,281455,61859,61403,6793,68196,512
2022-08-13,San Mateo,081,765935,163486,162531,10336,172867,738
2022-08-13,Santa Barbara,083,443738,102700,101942,6510,108452,712
2022-08-13,Santa Clara,085,1922200,418480,416369,18215,434584,2422
2022-08-13,Santa Cruz,087,273765,61019,60594,3275,63869,273
2022-08-13,Shasta,089,179085,34068,33895,7111,41006,584
2022-08-13,Sierra,091,2930,300,296,60,356,4
2022-08-13,Siskiyou,093,43540,5113,5086,3241,8327,88
2022-08-13,Solano,095,438530,102229,101761,7505,109266,458
2022-08-13,Sonoma,097,501317,104114,103496,5088,108584,504
2022-08-13,Stanislaus,099,539301,134171,133490,20727,154217,1702
2022-08-13,Sutter,101,95872,23461,23386,2410,25796,228
2022-08-13,Tehama,103,63373,13313,13213,2971,16184,209
2022-08-13,Trinity,105,12862,1364,1356,357,1713,20
2022-08-13,Tulare,107,460477,118870,118563,34118,152681,1520
2022-08-13,Tuolumne,109,53932,15087,14964,888,15852,196
2022-08-13,Ventura,111,848112,202841,201765,14651,216416,1541
2022-08-13,Yolo,113,214977,46374,46225,4193,50418,331
2022-08-13,Yuba,115,75493,18303,18232,1612,19844,129
2022-08-12,Alameda,001,1643700,336372,334944,19037,353981,1948
2022-08-12,Alpine,003,1148,131,131,1,132,0
2022-08-12,Amador,005,37829,9735,9705,886,10591,89
2022-08-12,Butte,007,227075,38406,38062,8575,46637,447
2022-08-12,Calaveras,009,45235,8294,8271,495,8766,131
2022-08-12,Colusa,011,21464,3718,3704,1211,4915,22
2022-08-12,Contra Costa,013,1133247,243078,239735,19765,259500,1393
2022-08-12,Del Norte,015,27424,7264,7245,386,7631,54
2022-08-12,El Dorado,017,186661,31585,31430,4108,35538,225
2022-08-12,Fresno,019,978130,267905,266211,29726,295937,2816
2022-08-12,Glenn,021,27897,5425,5393,1825,7218,48
2022-08-12,Humboldt,023,135768,21040,20954,4632,25586,153
2022-08-12,Imperial,025,180216,63965,63766,14814,78580,950
2022-08-12,Inyo,027,18085,4422,4418,853,5271,58
2022-08-12,Kern,029,883053,214728,213071,59257,272328,2380
2022-08-12,Kings,031,150075,57930,57748,3928,61676,454
2022-08-12,Lake,033,64148,12385,12324,1109,13433,142
2022-08-12,Lassen,035,31185,9812,9795,969,10764,64
2022-08-12,Los Angeles,037,10098052,3198978,3177769,170660,3348429,32657
2022-08-12,Madera,039,155013,42639,42517,7745,50262,372
2022-08-12,Marin,041,260295,43856,43662,5073,48735,305
2022-08-12,Mariposa,043,17540,3006,2986,329,3315,31
2022-08-12,Mendocino,045,87422,15546,15456,4258,19714,132
2022-08-12,Merced,047,269075,70514,69974,10967,80941,842
2022-08-12,Modoc,049,8938,860,856,313,1169,11
2022-08-12,Mono,051,14174,3178,3170,235,3405,7
2022-08-12,Monterey,053,433212,92103,91612,19938,111550,759
2022-08-12,Napa,055,140530,31469,31312,1382,32694,156
2022-08-12,Nevada,057,99092,18477,18398,1726,20124,132
2022-08-12,Orange,059,3164182,650707,648171,58617,706788,7248
2022-08-12,Placer,061,380077,73898,73588,9236,82824,656
2022-08-12,Plumas,063,18699,3544,3539,429,3968,13
2022-08-12,Riverside,065,2383286,677829,674362,33736,708098,6561
2022-08-12,Sacramento,067,1510023,336813,335292,32395,367687,3190
2022-08-12,San Benito,069,59416,15646,15578,888,16466,103
2022-08-12,San Bernardino,071,2135413,653777,643895,29615,673510,7983
2022-08-12,San Diego,073,3302833,901773,898646,69254,967900,5437
2022-08-12,San Francisco,075,870044,173311,172876,11704,184580,955
2022-08-12,San Joaquin,077,732212,192163,191272,13864,205136,2283
2022-08-12,San Luis Obispo,079,281455,61837,61403,6786,68189,512
2022-08-12,San Mateo,081,765935,163359,162531,10331,172862,738
2022-08-12,Santa Barbara,083,443738,102618,101942,6505,108447,712
2022-08-12,Santa Clara,085,1922200,418137,416369,18194,434563,2422
2022-08-12,Santa Cruz,087,273765,60966,60594,3273,63867,273
2022-08-12,Shasta,089,179085,34054,33895,7103,40998,584
2022-08-12,Sierra,091,2930,298,296,59,355,4
2022-08-12,Siskiyou,093,43540,5110,5086,3241,8327,88
2022-08-12,Solano,095,438530,102156,101761,7494,109255,458
2022-08-12,Sonoma,097,501317,104056,103496,5087,108583,504
2022-08-12,Stanislaus,099,539301,134085,133490,20715,154205,1702
2022-08-12,Sutter,101,95872,23446,23386,2410,25796,228
2022-08-12,Tehama,103,63373,13305,13213,2970,16183,209
2022-08-12,Trinity,105,12862,1361,1356,356,1712,20
2022-08-12,Tulare,107,460477,118811,118563,34060,152623,1520
2022-08-12,Tuolumne,109,53932,15080,14964,887,15851,196
2022-08-12,Ventura,111,848112,202696,201765,14633,216398,1541
2022-08-12,Yolo,113,214977,46352,46225,4188,50413,331
2022-08-12,Yuba,115,75493,18292,18232,1611,19843,129
2022-08-11,Alameda,001,1643700,336050,334944,19004,353948,1948
2022-08-11,Alpine,003,1148,131,131,1,132,0
2022-08-11,Amador,005,37829,9732,9705,883,10588,89
2022-08-11,Butte,007,227075,38370,38062,8561,46623,447
2022-08-11,Calaveras,009,45235,8288,8271,493,8764,131
2022-08-11,Colusa,011,21464,3715,3704,1210,4914,22
2022-08-11,Contra Costa,013,1133247,242821,239735,19731,259466,1393
2022-08-11,Del Norte,015,27424,7258,7245,384,7629,54
2022-08-11,El Dorado,017,186661,31554,31430,4101,35531,225
2022-08-11,Fresno,019,978130,267657,266211,29679,295890,2816
2022-08-11,Glenn,021,27897,5423,5393,1824,7217,48
2022-08-11,Humboldt,023,135768,21010,20954,4623,25577,153
2022-08-11,Imperial,025,180216,63918,63766,14769,78535,950
2022-08-11,Inyo,027,18085,4421,4418,847,5265,58
2022-08-11,Kern,029,883053,214549,213071,59113,272184,2380
2022-08-11,Kings,031,150075,57872,57748,3921,61669,454
2022-08-11,Lake,033,64148,12375,12324,1108,13432,142
2022-08-11,Lassen,035,31185,9807,9795,969,10764,64
2022-08-11,Los Angeles,037,10098052,3196004,3177769,170286,3348055,32657
2022-08-11,Madera,039,155013,42592,42517,7719,50236,372
2022-08-11,Marin,041,260295,43817,43662,5066,48728,305
2022-08-11,Mariposa,043,17540,3006,2986,326,3312,31
2022-08-11,Mendocino,045,87422,15535,15456,4255,19711,132
2022-08-11,Merced,047,269075,70462,69974,10931,80905,842
2022-08-11,Modoc,049,8938,859,856,313,1169,11
2022-08-11,Mono,051,14174,3178,3170,235,3405,7
2022-08-11,Monterey,053,433212,92003,91612,19883,111495,759
2022-08-11,Napa,055,140530,31431,31312,1380,32692,156
2022-08-11,Nevada,057,99092,18459,18398,1722,20120,132
2022-08-11,Orange,059,3164182,650056,648171,58481,706652,7248
2022-08-11,Placer,061,380077,73832,73588,9226,82814,656
2022-08-11,Plumas,063,18699,3543,3539,428,3967,13
2022-08-11,Riverside,065,2383286,677221,674362,33690,708052,6561
2022-08-11,Sacramento,067,1510023,336501,335292,32363,367655,3190
2022-08-11,San Benito,069,59416,15630,15578,887,16465,103
2022-08-11,San Bernardino,071,2135413,653029,643895,29563,673458,7983
2022-08-11,San Diego,073,3302833,901000,898646,69130,967776,5437
2022-08-11,San Francisco,075,870044,173162,172876,11687,184563,955
2022-08-11,San Joaquin,077,732212,191973,191272,13835,205107,2283
2022-08-11,San Luis Obispo,079,281455,61788,61403,6759,68162,512
2022-08-11,San Mateo,081,765935,163198,162531,10319,172850,738
2022-08-11,Santa Barbara,083,443738,102510,101942,6483,108425,712
2022-08-11,Santa Clara,085,1922200,417706,416369,18172,434541,2422
2022-08-11,Santa Cruz,087,273765,60901,60594,3269,63863,273
2022-08-11,Shasta,089,179085,34035,33895,7089,40984,584
2022-08-11,Sierra,091,2930,297,296,59,355,4
2022-08-11,Siskiyou,093,43540,5107,5086,3237,8323,88
2022-08-11,Solano,095,438530,102089,101761,7481,109242,458
2022-08-11,Sonoma,097,501317,103962,103496,5080,108576,504
2022-08-11,Stanislaus,099,539301,133928,133490,20674,154164,1702
2022-08-11,Sutter,101,95872,23416,23386,2410,25796,228
2022-08-11,Tehama,103,63373,13297,13213,2970,16183,209
2022-08-11,Trinity,105,12862,1361,1356,355,1711,20
2022-08-11,Tulare,107,460477,118714,118563,33971,152534,1520
2022-08-11,Tuolumne,109,53932,15072,14964,885,15849,196
2022-08-11,Ventura,111,848112,202494,201765,14596,216361,1541
2022-08-11,Yolo,113,214977,46318,46225,4184,50409,331
2022-08-11,Yuba,115,75493,18269,18232,1608,19840,129
2022-08-10,Alameda,001,1643700,335655,333587,18980,352567,1944
2022-08-10,Alpine,003,1148,131,131,1,132,0
2022-08-10,Amador,005,37829,9727,9677,880,10557,88
2022-08-10,Butte,007,227075,38335,37892,8551,46443,446
2022-08-10,Calaveras,009,45235,8282,8251,490,8741,130
2022-08-10,Colusa,011,21464,3711,3700,1210,4910,22
2022-08-10,Contra Costa,013,1133247,242572,238658,19690,258348,1382
2022-08-10,Del Norte,015,27424,7253,7220,384,7604,54
2022-08-10,El Dorado,017,186661,31528,31354,4086,35440,225
2022-08-10,Fresno,019,978130,267387,265300,29615,294915,2815
2022-08-10,Glenn,021,27897,5421,5387,1821,7208,48
2022-08-10,Humboldt,023,135768,20996,20843,4605,25448,153
2022-08-10,Imperial,025,180216,63859,63532,14727,78259,949
2022-08-10,Inyo,027,18085,4421,4416,846,5262,57
2022-08-10,Kern,029,883053,214370,212602,58972,271574,2380
2022-08-10,Kings,031,150075,57825,57569,3919,61488,453
2022-08-10,Lake,033,64148,12361,12281,1108,13389,142
2022-08-10,Lassen,035,31185,9800,9682,969,10651,64
2022-08-10,Los Angeles,037,10098052,3192796,3168105,169926,3338031,32609
2022-08-10,Madera,039,155013,42555,42350,7703,50053,372
2022-08-10,Marin,041,260295,43771,43532,5063,48595,302
2022-08-10,Mariposa,043,17540,3005,2980,326,3306,31
2022-08-10,Mendocino,045,87422,15521,15394,4253,19647,132
2022-08-10,Merced,047,269075,70390,69740,10906,80646,839
2022-08-10,Modoc,049,8938,858,855,312,1167,11
2022-08-10,Mono,051,14174,3176,3165,235,3400,7
2022-08-10,Monterey,053,433212,91902,91307,19817,111124,758
2022-08-10,Napa,055,140530,31393,31223,1378,32601,153
2022-08-10,Nevada,057,99092,18445,18354,1720,20074,132
2022-08-10,Orange,059,3164182,649344,646005,58359,704364,7235
2022-08-10,Placer,061,380077,73776,73348,9217,82565,650
2022-08-10,Plumas,063,18699,3541,3525,428,3953,13
2022-08-10,Riverside,065,2383286,676498,672334,33629,705963,6555
2022-08-10,Sacramento,067,1510023,336176,334382,32333,366715,3177
2022-08-10,San Benito,069,59416,15601,15507,880,16387,101
2022-08-10,San Bernardino,071,2135413,652388,641936,29507,671443,7977
2022-08-10,San Diego,073,3302833,900150,895482,69013,964495,5429
2022-08-10,San Francisco,075,870044,172999,172265,11669,183934,945
2022-08-10,San Joaquin,077,732212,191749,190596,13794,204390,2281
2022-08-10,San Luis Obispo,079,281455,61743,61207,6744,67951,510
2022-08-10,San Mateo,081,765935,163004,161882,10310,172192,738
2022-08-10,Santa Barbara,083,443738,102383,101558,6463,108021,711
2022-08-10,Santa Clara,085,1922200,417183,414659,18149,432808,2398
2022-08-10,Santa Cruz,087,273765,60820,60360,3267,63627,269
2022-08-10,Shasta,089,179085,34014,33816,7080,40896,584
2022-08-10,Sierra,091,2930,297,295,59,354,4
2022-08-10,Siskiyou,093,43540,5102,5074,3231,8305,87
2022-08-10,Solano,095,438530,101999,101393,7476,108869,457
2022-08-10,Sonoma,097,501317,103870,103168,5072,108240,501
2022-08-10,Stanislaus,099,539301,133789,133071,20641,153712,1702
2022-08-10,Sutter,101,95872,23388,23279,2408,25687,228
2022-08-10,Tehama,103,63373,13290,13187,2969,16156,209
2022-08-10,Trinity,105,12862,1360,1350,355,1705,20
2022-08-10,Tulare,107,460477,118629,118239,33892,152131,1520
2022-08-10,Tuolumne,109,53932,15037,14922,883,15805,196
2022-08-10,Ventura,111,848112,202270,201179,14558,215737,1539
2022-08-10,Yolo,113,214977,46284,46069,4177,50246,330
2022-08-10,Yuba,115,75493,18249,18179,1604,19783,129
2022-08-09,Alameda,001,1643700,335231,333587,18939,352526,1944
2022-08-09,Alpine,003,1148,131,131,1,132,0
2022-08-09,Amador,005,37829,9717,9677,879,10556,88
2022-08-09,Butte,007,227075,38297,37892,8540,46432,446
2022-08-09,Calaveras,009,45235,8275,8251,490,8741,130
2022-08-09,Colusa,011,21464,3708,3700,1209,4909,22
2022-08-09,Contra Costa,013,1133247,242297,238658,19645,258303,1382
2022-08-09,Del Norte,015,27424,7236,7220,383,7603,54
2022-08-09,El Dorado,017,186661,31499,31354,4080,35434,225
2022-08-09,Fresno,019,978130,267058,265300,29580,294880,2815
2022-08-09,Glenn,021,27897,5419,5387,1821,7208,48
2022-08-09,Humboldt,023,135768,20971,20843,4595,25438,153
2022-08-09,Imperial,025,180216,63795,63532,14670,78202,949
2022-08-09,Inyo,027,18085,4420,4416,842,5258,57
2022-08-09,Kern,029,883053,214179,212602,58837,271439,2380
2022-08-09,Kings,031,150075,57759,57569,3917,61486,453
2022-08-09,Lake,033,64148,12337,12281,1107,13388,142
2022-08-09,Lassen,035,31185,9794,9682,969,10651,64
2022-08-09,Los Angeles,037,10098052,3189300,3168105,169552,3337657,32609
2022-08-09,Madera,039,155013,42501,42350,7692,50042,372
2022-08-09,Marin,041,260295,43716,43532,5059,48591,302
2022-08-09,Mariposa,043,17540,3001,2980,325,3305,31
2022-08-09,Mendocino,045,87422,15503,15394,4243,19637,132
2022-08-09,Merced,047,269075,70326,69740,10877,80617,839
2022-08-09,Modoc,049,8938,858,855,311,1166,11
2022-08-09,Mono,051,14174,3176,3165,234,3399,7
2022-08-09,Monterey,053,433212,91790,91307,19752,111059,758
2022-08-09,Napa,055,140530,31365,31223,1376,32599,153
2022-08-09,Nevada,057,99092,18433,18354,1718,20072,132
2022-08-09,Orange,059,3164182,648525,646005,58209,704214,7235
2022-08-09,Placer,061,380077,73711,73348,9209,82557,650
2022-08-09,Plumas,063,18699,3536,3525,428,3953,13
2022-08-09,Riverside,065,2383286,675744,672334,33574,705908,6555
2022-08-09,Sacramento,067,1510023,335756,334382,32300,366682,3177
2022-08-09,San Benito,069,59416,15584,15507,875,16382,101
2022-08-09,San Bernardino,071,2135413,651704,641936,29443,671379,7977
2022-08-09,San Diego,073,3302833,899255,895482,68877,964359,5429
2022-08-09,San Francisco,075,870044,172753,172265,11649,183914,945
2022-08-09,San Joaquin,077,732212,191535,190596,13755,204351,2281
2022-08-09,San Luis Obispo,079,281455,61686,61207,6720,67927,510
2022-08-09,San Mateo,081,765935,162812,161882,10294,172176,738
2022-08-09,Santa Barbara,083,443738,102226,101558,6434,107992,711
2022-08-09,Santa Clara,085,1922200,416656,414659,18129,432788,2398
2022-08-09,Santa Cruz,087,273765,60746,60360,3258,63618,269
2022-08-09,Shasta,089,179085,33992,33816,7077,40893,584
2022-08-09,Sierra,091,2930,297,295,59,354,4
2022-08-09,Siskiyou,093,43540,5098,5074,3227,8301,87
2022-08-09,Solano,095,438530,101896,101393,7464,108857,457
2022-08-09,Sonoma,097,501317,103767,103168,5064,108232,501
2022-08-09,Stanislaus,099,539301,133647,133071,20609,153680,1702
2022-08-09,Sutter,101,95872,23358,23279,2406,25685,228
2022-08-09,Tehama,103,63373,13277,13187,2959,16146,209
2022-08-09,Trinity,105,12862,1358,1350,354,1704,20
2022-08-09,Tulare,107,460477,118517,118239,33806,152045,1520
2022-08-09,Tuolumne,109,53932,15021,14922,883,15805,196
2022-08-09,Ventura,111,848112,202036,201179,14523,215702,1539
2022-08-09,Yolo,113,214977,46242,46069,4165,50234,330
2022-08-09,Yuba,115,75493,18230,18179,1594,19773,129
2022-08-08,Alameda,001,1643700,334774,333587,18897,352484,1944
2022-08-08,Alpine,003,1148,131,131,1,132,0
2022-08-08,Amador,005,37829,9711,9677,878,10555,88
2022-08-08,Butte,007,227075,38244,37892,8526,46418,446
2022-08-08,Calaveras,009,45235,8270,8251,487,8738,130
2022-08-08,Colusa,011,21464,3708,3700,1208,4908,22
2022-08-08,Contra Costa,013,1133247,241925,238658,19597,258255,1382
2022-08-08,Del Norte,015,27424,7229,7220,382,7602,54
2022-08-08,El Dorado,017,186661,31470,31354,4073,35427,225
2022-08-08,Fresno,019,978130,266694,265300,29530,294830,2815
2022-08-08,Glenn,021,27897,5413,5387,1820,7207,48
2022-08-08,Humboldt,023,135768,20933,20843,4578,25421,153
2022-08-08,Imperial,025,180216,63736,63532,14602,78134,949
2022-08-08,Inyo,027,18085,4419,4416,841,5257,57
2022-08-08,Kern,029,883053,213924,212602,58683,271285,2380
2022-08-08,Kings,031,150075,57699,57569,3908,61477,453
2022-08-08,Lake,033,64148,12315,12281,1104,13385,142
2022-08-08,Lassen,035,31185,9781,9682,966,10648,64
2022-08-08,Los Angeles,037,10098052,3185664,3168105,169125,3337230,32609
2022-08-08,Madera,039,155013,42444,42350,7669,50019,372
2022-08-08,Marin,041,260295,43661,43532,5046,48578,302
2022-08-08,Mariposa,043,17540,2997,2980,321,3301,31
2022-08-08,Mendocino,045,87422,15489,15394,4233,19627,132
2022-08-08,Merced,047,269075,70255,69740,10849,80589,839
2022-08-08,Modoc,049,8938,857,855,311,1166,11
2022-08-08,Mono,051,14174,3176,3165,234,3399,7
2022-08-08,Monterey,053,433212,91690,91307,19671,110978,758
2022-08-08,Napa,055,140530,31330,31223,1375,32598,153
2022-08-08,Nevada,057,99092,18418,18354,1710,20064,132
2022-08-08,Orange,059,3164182,647690,646005,58049,704054,7235
2022-08-08,Placer,061,380077,73652,73348,9200,82548,650
2022-08-08,Plumas,063,18699,3533,3525,427,3952,13
2022-08-08,Riverside,065,2383286,674943,672334,33522,705856,6555
2022-08-08,Sacramento,067,1510023,335353,334382,32262,366644,3177
2022-08-08,San Benito,069,59416,15559,15507,872,16379,101
2022-08-08,San Bernardino,071,2135413,650866,641936,29378,671314,7977
2022-08-08,San Diego,073,3302833,898160,895482,68753,964235,5429
2022-08-08,San Francisco,075,870044,172538,172265,11631,183896,945
2022-08-08,San Joaquin,077,732212,191269,190596,13715,204311,2281
2022-08-08,San Luis Obispo,079,281455,61620,61207,6698,67905,510
2022-08-08,San Mateo,081,765935,162604,161882,10283,172165,738
2022-08-08,Santa Barbara,083,443738,102093,101558,6417,107975,711
2022-08-08,Santa Clara,085,1922200,416048,414659,18106,432765,2398
2022-08-08,Santa Cruz,087,273765,60670,60360,3255,63615,269
2022-08-08,Shasta,089,179085,33962,33816,7068,40884,584
2022-08-08,Sierra,091,2930,297,295,59,354,4
2022-08-08,Siskiyou,093,43540,5095,5074,3224,8298,87
2022-08-08,Solano,095,438530,101754,101393,7449,108842,457
2022-08-08,Sonoma,097,501317,103653,103168,5055,108223,501
2022-08-08,Stanislaus,099,539301,133523,133071,20582,153653,1702
2022-08-08,Sutter,101,95872,23322,23279,2406,25685,228
2022-08-08,Tehama,103,63373,13267,13187,2957,16144,209
2022-08-08,Trinity,105,12862,1358,1350,353,1703,20
2022-08-08,Tulare,107,460477,118376,118239,33722,151961,1520
2022-08-08,Tuolumne,109,53932,15013,14922,882,15804,196
2022-08-08,Ventura,111,848112,201791,201179,14472,215651,1539
2022-08-08,Yolo,113,214977,46188,46069,4159,50228,330
2022-08-08,Yuba,115,75493,18206,18179,1592,19771,129
2022-08-07,Alameda,001,1643700,334216,331755,18856,350611,1945
2022-08-07,Alpine,003,1148,131,130,1,131,0
2022-08-07,Amador,005,37829,9704,9655,876,10531,88
2022-08-07,Butte,007,227075,38174,37717,8512,46229,446
2022-08-07,Calaveras,009,45235,8257,8219,483,8702,129
2022-08-07,Colusa,011,21464,3704,3696,1207,4903,22
2022-08-07,Contra Costa,013,1133247,241534,237436,19550,256986,1383
2022-08-07,Del Norte,015,27424,7217,7191,379,7570,54
2022-08-07,El Dorado,017,186661,31430,31240,4068,35308,225
2022-08-07,Fresno,019,978130,266274,263912,29456,293368,2815
2022-08-07,Glenn,021,27897,5411,5379,1817,7196,48
2022-08-07,Humboldt,023,135768,20896,20746,4557,25303,153
2022-08-07,Imperial,025,180216,63654,63198,14530,77728,949
2022-08-07,Inyo,027,18085,4419,4408,838,5246,57
2022-08-07,Kern,029,883053,213694,211798,58483,270281,2375
2022-08-07,Kings,031,150075,57602,57294,3900,61194,453
2022-08-07,Lake,033,64148,12301,12220,1104,13324,142
2022-08-07,Lassen,035,31185,9725,9654,966,10620,64
2022-08-07,Los Angeles,037,10098052,3181225,3153757,168738,3322495,32563
2022-08-07,Madera,039,155013,42387,42139,7630,49769,372
2022-08-07,Marin,041,260295,43605,43295,5036,48331,302
2022-08-07,Mariposa,043,17540,2994,2965,320,3285,31
2022-08-07,Mendocino,045,87422,15470,15335,4214,19549,132
2022-08-07,Merced,047,269075,70133,69498,10797,80295,838
2022-08-07,Modoc,049,8938,856,853,311,1164,11
2022-08-07,Mono,051,14174,3173,3161,234,3395,7
2022-08-07,Monterey,053,433212,91557,90884,19582,110466,757
2022-08-07,Napa,055,140530,31287,31052,1373,32425,151
2022-08-07,Nevada,057,99092,18394,18309,1704,20013,132
2022-08-07,Orange,059,3164182,646791,643029,57861,700890,7213
2022-08-07,Placer,061,380077,73562,73064,9185,82249,648
2022-08-07,Plumas,063,18699,3532,3516,427,3943,13
2022-08-07,Riverside,065,2383286,674014,669230,33441,702671,6555
2022-08-07,Sacramento,067,1510023,334867,332928,32212,365140,3175
2022-08-07,San Benito,069,59416,15533,15403,869,16272,101
2022-08-07,San Bernardino,071,2135413,649976,639120,29311,668431,7956
2022-08-07,San Diego,073,3302833,896884,891504,68641,960145,5424
2022-08-07,San Francisco,075,870044,172264,171486,11605,183091,946
2022-08-07,San Joaquin,077,732212,190968,189696,13660,203356,2276
2022-08-07,San Luis Obispo,079,281455,61522,60903,6666,67569,510
2022-08-07,San Mateo,081,765935,162358,161011,10266,171277,734
2022-08-07,Santa Barbara,083,443738,101907,100995,6390,107385,711
2022-08-07,Santa Clara,085,1922200,415336,412411,18086,430497,2386
2022-08-07,Santa Cruz,087,273765,60549,59982,3239,63221,269
2022-08-07,Shasta,089,179085,33914,33727,7054,40781,583
2022-08-07,Sierra,091,2930,296,295,59,354,4
2022-08-07,Siskiyou,093,43540,5089,5045,3219,8264,87
2022-08-07,Solano,095,438530,101597,100081,7432,107513,457
2022-08-07,Sonoma,097,501317,103535,102682,5047,107729,502
2022-08-07,Stanislaus,099,539301,133329,132406,20549,152955,1701
2022-08-07,Sutter,101,95872,23286,23178,2405,25583,228
2022-08-07,Tehama,103,63373,13257,13155,2953,16108,209
2022-08-07,Trinity,105,12862,1356,1347,352,1699,20
2022-08-07,Tulare,107,460477,118226,117668,33622,151290,1516
2022-08-07,Tuolumne,109,53932,14996,14844,882,15726,196
2022-08-07,Ventura,111,848112,201533,200270,14426,214696,1537
2022-08-07,Yolo,113,214977,46138,45902,4149,50051,331
2022-08-07,Yuba,115,75493,18187,18099,1588,19687,124
2022-08-06,Alameda,001,1643700,333973,331755,18844,350599,1945
2022-08-06,Alpine,003,1148,131,130,1,131,0
2022-08-06,Amador,005,37829,9697,9655,874,10529,88
2022-08-06,Butte,007,227075,38136,37717,8501,46218,446
2022-08-06,Calaveras,009,45235,8250,8219,482,8701,129
2022-08-06,Colusa,011,21464,3702,3696,1204,4900,22
2022-08-06,Contra Costa,013,1133247,241288,237436,19531,256967,1383
2022-08-06,Del Norte,015,27424,7211,7191,379,7570,54
2022-08-06,El Dorado,017,186661,31413,31240,4065,35305,225
2022-08-06,Fresno,019,978130,266096,263912,29432,293344,2815
2022-08-06,Glenn,021,27897,5411,5379,1816,7195,48
2022-08-06,Humboldt,023,135768,20875,20746,4549,25295,153
2022-08-06,Imperial,025,180216,63607,63198,14502,77700,949
2022-08-06,Inyo,027,18085,4419,4408,837,5245,57
2022-08-06,Kern,029,883053,213596,211798,58369,270167,2375
2022-08-06,Kings,031,150075,57562,57294,3900,61194,453
2022-08-06,Lake,033,64148,12296,12220,1103,13323,142
2022-08-06,Lassen,035,31185,9692,9654,966,10620,64
2022-08-06,Los Angeles,037,10098052,3179022,3153757,168458,3322215,32563
2022-08-06,Madera,039,155013,42343,42139,7624,49763,372
2022-08-06,Marin,041,260295,43576,43295,5031,48326,302
2022-08-06,Mariposa,043,17540,2993,2965,320,3285,31
2022-08-06,Mendocino,045,87422,15461,15335,4213,19548,132
2022-08-06,Merced,047,269075,70104,69498,10791,80289,838
2022-08-06,Modoc,049,8938,856,853,311,1164,11
2022-08-06,Mono,051,14174,3171,3161,233,3394,7
2022-08-06,Monterey,053,433212,91504,90884,19538,110422,757
2022-08-06,Napa,055,140530,31266,31052,1372,32424,151
2022-08-06,Nevada,057,99092,18386,18309,1702,20011,132
2022-08-06,Orange,059,3164182,646351,643029,57750,700779,7213
2022-08-06,Placer,061,380077,73505,73064,9178,82242,648
2022-08-06,Plumas,063,18699,3530,3516,427,3943,13
2022-08-06,Riverside,065,2383286,673500,669230,33400,702630,6555
2022-08-06,Sacramento,067,1510023,334693,332928,32203,365131,3175
2022-08-06,San Benito,069,59416,15516,15403,867,16270,101
2022-08-06,San Bernardino,071,2135413,649523,639120,29272,668392,7956
2022-08-06,San Diego,073,3302833,896327,891504,68599,960103,5424
2022-08-06,San Francisco,075,870044,172108,171486,11594,183080,946
2022-08-06,San Joaquin,077,732212,190839,189696,13624,203320,2276
2022-08-06,San Luis Obispo,079,281455,61494,60903,6661,67564,510
2022-08-06,San Mateo,081,765935,162222,161011,10259,171270,734
2022-08-06,Santa Barbara,083,443738,101835,100995,6376,107371,711
2022-08-06,Santa Clara,085,1922200,414873,412411,18068,430479,2386
2022-08-06,Santa Cruz,087,273765,60492,59982,3232,63214,269
2022-08-06,Shasta,089,179085,33883,33727,7044,40771,583
2022-08-06,Sierra,091,2930,296,295,59,354,4
2022-08-06,Siskiyou,093,43540,5082,5045,3217,8262,87
2022-08-06,Solano,095,438530,101550,100081,7427,107508,457
2022-08-06,Sonoma,097,501317,103471,102682,5038,107720,502
2022-08-06,Stanislaus,099,539301,133226,132406,20539,152945,1701
2022-08-06,Sutter,101,95872,23262,23178,2405,25583,228
2022-08-06,Tehama,103,63373,13252,13155,2949,16104,209
2022-08-06,Trinity,105,12862,1356,1347,352,1699,20
2022-08-06,Tulare,107,460477,118145,117668,33580,151248,1516
2022-08-06,Tuolumne,109,53932,14988,14844,881,15725,196
2022-08-06,Ventura,111,848112,201425,200270,14403,214673,1537
2022-08-06,Yolo,113,214977,46106,45902,4142,50044,331
2022-08-06,Yuba,115,75493,18172,18099,1587,19686,124
2022-08-05,Alameda,001,1643700,333665,331755,18833,350588,1945
2022-08-05,Alpine,003,1148,131,130,1,131,0
2022-08-05,Amador,005,37829,9695,9655,873,10528,88
2022-08-05,Butte,007,227075,38098,37717,8490,46207,446
2022-08-05,Calaveras,009,45235,8246,8219,482,8701,129
2022-08-05,Colusa,011,21464,3701,3696,1204,4900,22
2022-08-05,Contra Costa,013,1133247,241097,237436,19503,256939,1383
2022-08-05,Del Norte,015,27424,7207,7191,378,7569,54
2022-08-05,El Dorado,017,186661,31405,31240,4064,35304,225
2022-08-05,Fresno,019,978130,265915,263912,29408,293320,2815
2022-08-05,Glenn,021,27897,5410,5379,1815,7194,48
2022-08-05,Humboldt,023,135768,20858,20746,4536,25282,153
2022-08-05,Imperial,025,180216,63532,63198,14463,77661,949
2022-08-05,Inyo,027,18085,4419,4408,837,5245,57
2022-08-05,Kern,029,883053,213483,211798,58275,270073,2375
2022-08-05,Kings,031,150075,57537,57294,3899,61193,453
2022-08-05,Lake,033,64148,12286,12220,1103,13323,142
2022-08-05,Lassen,035,31185,9680,9654,965,10619,64
2022-08-05,Los Angeles,037,10098052,3176518,3153757,168180,3321937,32563
2022-08-05,Madera,039,155013,42300,42139,7614,49753,372
2022-08-05,Marin,041,260295,43533,43295,5025,48320,302
2022-08-05,Mariposa,043,17540,2989,2965,318,3283,31
2022-08-05,Mendocino,045,87422,15446,15335,4210,19545,132
2022-08-05,Merced,047,269075,70054,69498,10784,80282,838
2022-08-05,Modoc,049,8938,856,853,311,1164,11
2022-08-05,Mono,051,14174,3170,3161,233,3394,7
2022-08-05,Monterey,053,433212,91437,90884,19502,110386,757
2022-08-05,Napa,055,140530,31237,31052,1371,32423,151
2022-08-05,Nevada,057,99092,18377,18309,1700,20009,132
2022-08-05,Orange,059,3164182,645847,643029,57646,700675,7213
2022-08-05,Placer,061,380077,73454,73064,9169,82233,648
2022-08-05,Plumas,063,18699,3528,3516,427,3943,13
2022-08-05,Riverside,065,2383286,672942,669230,33351,702581,6555
2022-08-05,Sacramento,067,1510023,334448,332928,32184,365112,3175
2022-08-05,San Benito,069,59416,15496,15403,865,16268,101
2022-08-05,San Bernardino,071,2135413,649067,639120,29243,668363,7956
2022-08-05,San Diego,073,3302833,895664,891504,68519,960023,5424
2022-08-05,San Francisco,075,870044,171965,171486,11574,183060,946
2022-08-05,San Joaquin,077,732212,190711,189696,13594,203290,2276
2022-08-05,San Luis Obispo,079,281455,61459,60903,6653,67556,510
2022-08-05,San Mateo,081,765935,162050,161011,10248,171259,734
2022-08-05,Santa Barbara,083,443738,101733,100995,6368,107363,711
2022-08-05,Santa Clara,085,1922200,414371,412411,18040,430451,2386
2022-08-05,Santa Cruz,087,273765,60425,59982,3228,63210,269
2022-08-05,Shasta,089,179085,33873,33727,7041,40768,583
2022-08-05,Sierra,091,2930,296,295,59,354,4
2022-08-05,Siskiyou,093,43540,5077,5045,3215,8260,87
2022-08-05,Solano,095,438530,101472,100081,7419,107500,457
2022-08-05,Sonoma,097,501317,103395,102682,5033,107715,502
2022-08-05,Stanislaus,099,539301,133124,132406,20528,152934,1701
2022-08-05,Sutter,101,95872,23243,23178,2403,25581,228
2022-08-05,Tehama,103,63373,13244,13155,2949,16104,209
2022-08-05,Trinity,105,12862,1355,1347,352,1699,20
2022-08-05,Tulare,107,460477,118058,117668,33527,151195,1516
2022-08-05,Tuolumne,109,53932,14975,14844,880,15724,196
2022-08-05,Ventura,111,848112,201276,200270,14374,214644,1537
2022-08-05,Yolo,113,214977,46088,45902,4127,50029,331
2022-08-05,Yuba,115,75493,18164,18099,1586,19685,124
2022-08-04,Alameda,001,1643700,333203,331755,18786,350541,1945
2022-08-04,Alpine,003,1148,130,130,1,131,0
2022-08-04,Amador,005,37829,9684,9655,869,10524,88
2022-08-04,Butte,007,227075,38054,37717,8474,46191,446
2022-08-04,Calaveras,009,45235,8239,8219,481,8700,129
2022-08-04,Colusa,011,21464,3700,3696,1204,4900,22
2022-08-04,Contra Costa,013,1133247,240824,237436,19463,256899,1383
2022-08-04,Del Norte,015,27424,7199,7191,377,7568,54
2022-08-04,El Dorado,017,186661,31373,31240,4061,35301,225
2022-08-04,Fresno,019,978130,265585,263912,29352,293264,2815
2022-08-04,Glenn,021,27897,5405,5379,1812,7191,48
2022-08-04,Humboldt,023,135768,20833,20746,4524,25270,153
2022-08-04,Imperial,025,180216,63464,63198,14409,77607,949
2022-08-04,Inyo,027,18085,4418,4408,836,5244,57
2022-08-04,Kern,029,883053,213277,211798,58144,269942,2375
2022-08-04,Kings,031,150075,57470,57294,3891,61185,453
2022-08-04,Lake,033,64148,12272,12220,1102,13322,142
2022-08-04,Lassen,035,31185,9675,9654,962,10616,64
2022-08-04,Los Angeles,037,10098052,3172812,3153757,167801,3321558,32563
2022-08-04,Madera,039,155013,42259,42139,7571,49710,372
2022-08-04,Marin,041,260295,43479,43295,4996,48291,302
2022-08-04,Mariposa,043,17540,2984,2965,316,3281,31
2022-08-04,Mendocino,045,87422,15433,15335,4202,19537,132
2022-08-04,Merced,047,269075,69983,69498,10744,80242,838
2022-08-04,Modoc,049,8938,856,853,311,1164,11
2022-08-04,Mono,051,14174,3170,3161,233,3394,7
2022-08-04,Monterey,053,433212,91329,90884,19436,110320,757
2022-08-04,Napa,055,140530,31201,31052,1370,32422,151
2022-08-04,Nevada,057,99092,18365,18309,1693,20002,132
2022-08-04,Orange,059,3164182,645080,643029,57507,700536,7213
2022-08-04,Placer,061,380077,73384,73064,9156,82220,648
2022-08-04,Plumas,063,18699,3522,3516,427,3943,13
2022-08-04,Riverside,065,2383286,672225,669230,33306,702536,6555
2022-08-04,Sacramento,067,1510023,334027,332928,32161,365089,3175
2022-08-04,San Benito,069,59416,15469,15403,858,16261,101
2022-08-04,San Bernardino,071,2135413,648368,639120,29184,668304,7956
2022-08-04,San Diego,073,3302833,894682,891504,68417,959921,5424
2022-08-04,San Francisco,075,870044,171758,171486,11546,183032,946
2022-08-04,San Joaquin,077,732212,190507,189696,13557,203253,2276
2022-08-04,San Luis Obispo,079,281455,61391,60903,6626,67529,510
2022-08-04,San Mateo,081,765935,161829,161011,10240,171251,734
2022-08-04,Santa Barbara,083,443738,101600,100995,6347,107342,711
2022-08-04,Santa Clara,085,1922200,413789,412411,18010,430421,2386
2022-08-04,Santa Cruz,087,273765,60337,59982,3227,63209,269
2022-08-04,Shasta,089,179085,33850,33727,7027,40754,583
2022-08-04,Sierra,091,2930,296,295,59,354,4
2022-08-04,Siskiyou,093,43540,5071,5045,3209,8254,87
2022-08-04,Solano,095,438530,101361,100081,7409,107490,457
2022-08-04,Sonoma,097,501317,103289,102682,5022,107704,502
2022-08-04,Stanislaus,099,539301,132967,132406,20504,152910,1701
2022-08-04,Sutter,101,95872,23217,23178,2401,25579,228
2022-08-04,Tehama,103,63373,13230,13155,2944,16099,209
2022-08-04,Trinity,105,12862,1354,1347,351,1698,20
2022-08-04,Tulare,107,460477,117943,117668,33466,151134,1516
2022-08-04,Tuolumne,109,53932,14951,14844,878,15722,196
2022-08-04,Ventura,111,848112,201045,200270,14335,214605,1537
2022-08-04,Yolo,113,214977,46052,45902,4119,50021,331
2022-08-04,Yuba,115,75493,18145,18099,1585,19684,124
2022-08-03,Alameda,001,1643700,332693,330158,18751,348909,1941
2022-08-03,Alpine,003,1148,130,130,1,131,0
2022-08-03,Amador,005,37829,9678,9627,866,10493,88
2022-08-03,Butte,007,227075,38009,37567,8464,46031,444
2022-08-03,Calaveras,009,45235,8231,8194,480,8674,128
2022-08-03,Colusa,011,21464,3700,3676,1204,4880,22
2022-08-03,Contra Costa,013,1133247,240500,236190,19412,255602,1381
2022-08-03,Del Norte,015,27424,7195,7156,377,7533,54
2022-08-03,El Dorado,017,186661,31337,31165,4052,35217,222
2022-08-03,Fresno,019,978130,265183,262758,29304,292062,2806
2022-08-03,Glenn,021,27897,5403,5363,1808,7171,48
2022-08-03,Humboldt,023,135768,20800,20640,4506,25146,153
2022-08-03,Imperial,025,180216,63385,62884,14358,77242,949
2022-08-03,Inyo,027,18085,4418,4398,830,5228,57
2022-08-03,Kern,029,883053,213094,211047,57971,269018,2375
2022-08-03,Kings,031,150075,57406,57065,3889,60954,453
2022-08-03,Lake,033,64148,12255,12172,1099,13271,142
2022-08-03,Lassen,035,31185,9672,9563,962,10525,64
2022-08-03,Los Angeles,037,10098052,3169091,3140955,167416,3308371,32500
2022-08-03,Madera,039,155013,42216,41918,7553,49471,372
2022-08-03,Marin,041,260295,43418,43127,4981,48108,300
2022-08-03,Mariposa,043,17540,2980,2950,316,3266,30
2022-08-03,Mendocino,045,87422,15415,15260,4194,19454,132
2022-08-03,Merced,047,269075,69917,69198,10712,79910,838
2022-08-03,Modoc,049,8938,855,842,311,1153,11
2022-08-03,Mono,051,14174,3169,3157,232,3389,7
2022-08-03,Monterey,053,433212,91224,90456,19371,109827,754
2022-08-03,Napa,055,140530,31164,30935,1365,32300,151
2022-08-03,Nevada,057,99092,18354,18253,1690,19943,132
2022-08-03,Orange,059,3164182,644261,640110,57333,697443,7202
2022-08-03,Placer,061,380077,73302,72834,9138,81972,646
2022-08-03,Plumas,063,18699,3519,3496,427,3923,13
2022-08-03,Riverside,065,2383286,671375,666773,33239,700012,6547
2022-08-03,Sacramento,067,1510023,333598,331584,32129,363713,3162
2022-08-03,San Benito,069,59416,15441,15338,851,16189,100
2022-08-03,San Bernardino,071,2135413,647638,636510,29126,665636,7951
2022-08-03,San Diego,073,3302833,893468,887729,68294,956023,5417
2022-08-03,San Francisco,075,870044,171556,170637,11527,182164,939
2022-08-03,San Joaquin,077,732212,190265,188962,13527,202489,2276
2022-08-03,San Luis Obispo,079,281455,61307,60648,6610,67258,504
2022-08-03,San Mateo,081,765935,161642,160258,10228,170486,725
2022-08-03,Santa Barbara,083,443738,101478,100558,6325,106883,710
2022-08-03,Santa Clara,085,1922200,413314,410394,17981,428375,2383
2022-08-03,Santa Cruz,087,273765,60248,59661,3224,62885,269
2022-08-03,Shasta,089,179085,33821,33630,7022,40652,582
2022-08-03,Sierra,091,2930,296,295,59,354,4
2022-08-03,Siskiyou,093,43540,5067,5021,3207,8228,86
2022-08-03,Solano,095,438530,101244,99608,7397,107005,459
2022-08-03,Sonoma,097,501317,103165,102306,5009,107315,500
2022-08-03,Stanislaus,099,539301,132824,131869,20478,152347,1701
2022-08-03,Sutter,101,95872,23188,23056,2399,25455,228
2022-08-03,Tehama,103,63373,13218,13135,2940,16075,209
2022-08-03,Trinity,105,12862,1354,1342,350,1692,20
2022-08-03,Tulare,107,460477,117809,117288,33398,150686,1516
2022-08-03,Tuolumne,109,53932,14932,14778,877,15655,196
2022-08-03,Ventura,111,848112,200810,199530,14297,213827,1536
2022-08-03,Yolo,113,214977,46005,45757,4100,49857,330
2022-08-03,Yuba,115,75493,18116,18036,1584,19620,124
2022-08-02,Alameda,001,1643700,332153,330158,18720,348878,1941
2022-08-02,Alpine,003,1148,130,130,1,131,0
2022-08-02,Amador,005,37829,9668,9627,859,10486,88
2022-08-02,Butte,007,227075,37970,37567,8452,46019,444
2022-08-02,Calaveras,009,45235,8216,8194,478,8672,128
2022-08-02,Colusa,011,21464,3697,3676,1203,4879,22
2022-08-02,Contra Costa,013,1133247,240152,236190,19349,255539,1381
2022-08-02,Del Norte,015,27424,7185,7156,377,7533,54
2022-08-02,El Dorado,017,186661,31303,31165,4046,35211,222
2022-08-02,Fresno,019,978130,264758,262758,29221,291979,2806
2022-08-02,Glenn,021,27897,5399,5363,1806,7169,48
2022-08-02,Humboldt,023,135768,20763,20640,4483,25123,153
2022-08-02,Imperial,025,180216,63303,62884,14310,77194,949
2022-08-02,Inyo,027,18085,4415,4398,820,5218,57
2022-08-02,Kern,029,883053,212857,211047,57772,268819,2375
2022-08-02,Kings,031,150075,57325,57065,3886,60951,453
2022-08-02,Lake,033,64148,12243,12172,1097,13269,142
2022-08-02,Lassen,035,31185,9669,9563,961,10524,64
2022-08-02,Los Angeles,037,10098052,3164753,3140955,166934,3307889,32500
2022-08-02,Madera,039,155013,42148,41918,7530,49448,372
2022-08-02,Marin,041,260295,43360,43127,4973,48100,300
2022-08-02,Mariposa,043,17540,2976,2950,316,3266,30
2022-08-02,Mendocino,045,87422,15384,15260,4180,19440,132
2022-08-02,Merced,047,269075,69841,69198,10669,79867,838
2022-08-02,Modoc,049,8938,855,842,311,1153,11
2022-08-02,Mono,051,14174,3168,3157,230,3387,7
2022-08-02,Monterey,053,433212,91102,90456,19299,109755,754
2022-08-02,Napa,055,140530,31128,30935,1362,32297,151
2022-08-02,Nevada,057,99092,18339,18253,1689,19942,132
2022-08-02,Orange,059,3164182,643383,640110,57163,697273,7202
2022-08-02,Placer,061,380077,73215,72834,9123,81957,646
2022-08-02,Plumas,063,18699,3514,3496,427,3923,13
2022-08-02,Riverside,065,2383286,670456,666773,33187,699960,6547
2022-08-02,Sacramento,067,1510023,333186,331584,32085,363669,3162
2022-08-02,San Benito,069,59416,15407,15338,848,16186,100
2022-08-02,San Bernardino,071,2135413,646791,636510,29071,665581,7951
2022-08-02,San Diego,073,3302833,892310,887729,68164,955893,5417
2022-08-02,San Francisco,075,870044,171321,170637,11512,182149,939
2022-08-02,San Joaquin,077,732212,190029,188962,13489,202451,2276
2022-08-02,San Luis Obispo,079,281455,61220,60648,6581,67229,504
2022-08-02,San Mateo,081,765935,161397,160258,10223,170481,725
2022-08-02,Santa Barbara,083,443738,101315,100558,6296,106854,710
2022-08-02,Santa Clara,085,1922200,412687,410394,17946,428340,2383
2022-08-02,Santa Cruz,087,273765,60159,59661,3216,62877,269
2022-08-02,Shasta,089,179085,33799,33630,7008,40638,582
2022-08-02,Sierra,091,2930,296,295,59,354,4
2022-08-02,Siskiyou,093,43540,5053,5021,3203,8224,86
2022-08-02,Solano,095,438530,101063,99608,7375,106983,459
2022-08-02,Sonoma,097,501317,102994,102306,4992,107298,500
2022-08-02,Stanislaus,099,539301,132666,131869,20437,152306,1701
2022-08-02,Sutter,101,95872,23154,23056,2398,25454,228
2022-08-02,Tehama,103,63373,13208,13135,2935,16070,209
2022-08-02,Trinity,105,12862,1354,1342,348,1690,20
2022-08-02,Tulare,107,460477,117672,117288,33314,150602,1516
2022-08-02,Tuolumne,109,53932,14915,14778,875,15653,196
2022-08-02,Ventura,111,848112,200558,199530,14252,213782,1536
2022-08-02,Yolo,113,214977,45958,45757,4094,49851,330
2022-08-02,Yuba,115,75493,18095,18036,1580,19616,124
2022-08-01,Alameda,001,1643700,331495,330158,18685,348843,1941
2022-08-01,Alpine,003,1148,130,130,1,131,0
2022-08-01,Amador,005,37829,9661,9627,857,10484,88
2022-08-01,Butte,007,227075,37913,37567,8437,46004,444
2022-08-01,Calaveras,009,45235,8213,8194,477,8671,128
2022-08-01,Colusa,011,21464,3693,3676,1194,4870,22
2022-08-01,Contra Costa,013,1133247,239758,236190,19293,255483,1381
2022-08-01,Del Norte,015,27424,7180,7156,377,7533,54
2022-08-01,El Dorado,017,186661,31275,31165,4041,35206,222
2022-08-01,Fresno,019,978130,264302,262758,29143,291901,2806
2022-08-01,Glenn,021,27897,5392,5363,1805,7168,48
2022-08-01,Humboldt,023,135768,20732,20640,4465,25105,153
2022-08-01,Imperial,025,180216,63188,62884,14250,77134,949
2022-08-01,Inyo,027,18085,4411,4398,816,5214,57
2022-08-01,Kern,029,883053,212618,211047,57601,268648,2375
2022-08-01,Kings,031,150075,57233,57065,3875,60940,453
2022-08-01,Lake,033,64148,12214,12172,1096,13268,142
2022-08-01,Lassen,035,31185,9649,9563,961,10524,64
2022-08-01,Los Angeles,037,10098052,3160020,3140955,166456,3307411,32500
2022-08-01,Madera,039,155013,42067,41918,7499,49417,372
2022-08-01,Marin,041,260295,43307,43127,4948,48075,300
2022-08-01,Mariposa,043,17540,2972,2950,314,3264,30
2022-08-01,Mendocino,045,87422,15360,15260,4171,19431,132
2022-08-01,Merced,047,269075,69733,69198,10635,79833,838
2022-08-01,Modoc,049,8938,855,842,311,1153,11
2022-08-01,Mono,051,14174,3167,3157,228,3385,7
2022-08-01,Monterey,053,433212,90958,90456,19224,109680,754
2022-08-01,Napa,055,140530,31079,30935,1359,32294,151
2022-08-01,Nevada,057,99092,18327,18253,1684,19937,132
2022-08-01,Orange,059,3164182,642438,640110,56995,697105,7202
2022-08-01,Placer,061,380077,73148,72834,9109,81943,646
2022-08-01,Plumas,063,18699,3510,3496,427,3923,13
2022-08-01,Riverside,065,2383286,669450,666773,33139,699912,6547
2022-08-01,Sacramento,067,1510023,332751,331584,32043,363627,3162
2022-08-01,San Benito,069,59416,15388,15338,848,16186,100
2022-08-01,San Bernardino,071,2135413,645872,636510,29011,665521,7951
2022-08-01,San Diego,073,3302833,890883,887729,67990,955719,5417
2022-08-01,San Francisco,075,870044,171066,170637,11498,182135,939
2022-08-01,San Joaquin,077,732212,189760,188962,13449,202411,2276
2022-08-01,San Luis Obispo,079,281455,61124,60648,6564,67212,504
2022-08-01,San Mateo,081,765935,161105,160258,10210,170468,725
2022-08-01,Santa Barbara,083,443738,101140,100558,6271,106829,710
2022-08-01,Santa Clara,085,1922200,411912,410394,17920,428314,2383
2022-08-01,Santa Cruz,087,273765,60054,59661,3204,62865,269
2022-08-01,Shasta,089,179085,33773,33630,6996,40626,582
2022-08-01,Sierra,091,2930,296,295,59,354,4
2022-08-01,Siskiyou,093,43540,5045,5021,3195,8216,86
2022-08-01,Solano,095,438530,100882,99608,7356,106964,459
2022-08-01,Sonoma,097,501317,102825,102306,4981,107287,500
2022-08-01,Stanislaus,099,539301,132494,131869,20410,152279,1701
2022-08-01,Sutter,101,95872,23099,23056,2397,25453,228
2022-08-01,Tehama,103,63373,13192,13135,2929,16064,209
2022-08-01,Trinity,105,12862,1353,1342,347,1689,20
2022-08-01,Tulare,107,460477,117501,117288,33232,150520,1516
2022-08-01,Tuolumne,109,53932,14896,14778,875,15653,196
2022-08-01,Ventura,111,848112,200306,199530,14203,213733,1536
2022-08-01,Yolo,113,214977,45907,45757,4078,49835,330
2022-08-01,Yuba,115,75493,18071,18036,1576,19612,124
2022-07-31,Alameda,001,1643700,330763,327608,18647,346255,1941
2022-07-31,Alpine,003,1148,130,130,1,131,0
2022-07-31,Amador,005,37829,9648,9609,852,10461,88
2022-07-31,Butte,007,227075,37837,37349,8417,45766,444
2022-07-31,Calaveras,009,45235,8201,8145,474,8619,128
2022-07-31,Colusa,011,21464,3689,3664,1192,4856,22
2022-07-31,Contra Costa,013,1133247,239286,234635,19223,253858,1375
2022-07-31,Del Norte,015,27424,7168,7136,374,7510,54
2022-07-31,El Dorado,017,186661,31248,31007,4032,35039,222
2022-07-31,Fresno,019,978130,263748,260858,29060,289918,2805
2022-07-31,Glenn,021,27897,5389,5350,1803,7153,48
2022-07-31,Humboldt,023,135768,20693,20523,4433,24956,151
2022-07-31,Imperial,025,180216,63083,62471,14170,76641,949
2022-07-31,Inyo,027,18085,4406,4388,811,5199,57
2022-07-31,Kern,029,883053,212309,210190,57356,267546,2375
2022-07-31,Kings,031,150075,57106,56673,3866,60539,454
2022-07-31,Lake,033,64148,12198,12102,1094,13196,142
2022-07-31,Lassen,035,31185,9570,9548,961,10509,64
2022-07-31,Los Angeles,037,10098052,3154774,3122700,165833,3288533,32445
2022-07-31,Madera,039,155013,41978,41641,7465,49106,372
2022-07-31,Marin,041,260295,43235,42840,4935,47775,300
2022-07-31,Mariposa,043,17540,2966,2940,313,3253,30
2022-07-31,Mendocino,045,87422,15341,15172,4162,19334,132
2022-07-31,Merced,047,269075,69605,68853,10587,79440,838
2022-07-31,Modoc,049,8938,851,841,311,1152,11
2022-07-31,Mono,051,14174,3166,3155,225,3380,7
2022-07-31,Monterey,053,433212,90799,89974,19140,109114,754
2022-07-31,Napa,055,140530,31013,30777,1355,32132,150
2022-07-31,Nevada,057,99092,18290,18187,1681,19868,131
2022-07-31,Orange,059,3164182,641414,636403,56795,693198,7194
2022-07-31,Placer,061,380077,73045,72444,9092,81536,647
2022-07-31,Plumas,063,18699,3504,3490,426,3916,13
2022-07-31,Riverside,065,2383286,668361,662929,33054,695983,6543
2022-07-31,Sacramento,067,1510023,332150,329639,31986,361625,3156
2022-07-31,San Benito,069,59416,15360,15256,842,16098,100
2022-07-31,San Bernardino,071,2135413,644728,633131,28908,662039,7941
2022-07-31,San Diego,073,3302833,889276,881822,67841,949663,5409
2022-07-31,San Francisco,075,870044,170668,169564,11458,181022,937
2022-07-31,San Joaquin,077,732212,189405,187937,13364,201301,2276
2022-07-31,San Luis Obispo,079,281455,60977,60370,6529,66899,503
2022-07-31,San Mateo,081,765935,160859,159145,10182,169327,726
2022-07-31,Santa Barbara,083,443738,100913,99946,6224,106170,708
2022-07-31,Santa Clara,085,1922200,411142,407392,17885,425277,2381
2022-07-31,Santa Cruz,087,273765,59887,59227,3188,62415,269
2022-07-31,Shasta,089,179085,33722,33454,6973,40427,581
2022-07-31,Sierra,091,2930,296,293,59,352,4
2022-07-31,Siskiyou,093,43540,5034,4997,3192,8189,86
2022-07-31,Solano,095,438530,100687,99034,7342,106376,457
2022-07-31,Sonoma,097,501317,102673,101747,4952,106699,500
2022-07-31,Stanislaus,099,539301,132259,131081,20367,151448,1696
2022-07-31,Sutter,101,95872,23055,22931,2386,25317,228
2022-07-31,Tehama,103,63373,13184,13079,2920,15999,208
2022-07-31,Trinity,105,12862,1351,1340,346,1686,20
2022-07-31,Tulare,107,460477,117312,116640,33111,149751,1514
2022-07-31,Tuolumne,109,53932,14872,14701,872,15573,196
2022-07-31,Ventura,111,848112,199990,198498,14121,212619,1530
2022-07-31,Yolo,113,214977,45846,45511,4069,49580,327
2022-07-31,Yuba,115,75493,18040,17951,1567,19518,124
2022-07-30,Alameda,001,1643700,330425,327608,18629,346237,1941
2022-07-30,Alpine,003,1148,130,130,1,131,0
2022-07-30,Amador,005,37829,9646,9609,847,10456,88
2022-07-30,Butte,007,227075,37808,37349,8408,45757,444
2022-07-30,Calaveras,009,45235,8191,8145,473,8618,128
2022-07-30,Colusa,011,21464,3684,3664,1192,4856,22
2022-07-30,Contra Costa,013,1133247,239011,234635,19184,253819,1375
2022-07-30,Del Norte,015,27424,7163,7136,372,7508,54
2022-07-30,El Dorado,017,186661,31229,31007,4028,35035,222
2022-07-30,Fresno,019,978130,263543,260858,29017,289875,2805
2022-07-30,Glenn,021,27897,5384,5350,1802,7152,48
2022-07-30,Humboldt,023,135768,20674,20523,4421,24944,151
2022-07-30,Imperial,025,180216,63037,62471,14141,76612,949
2022-07-30,Inyo,027,18085,4405,4388,807,5195,57
2022-07-30,Kern,029,883053,212185,210190,57212,267402,2375
2022-07-30,Kings,031,150075,57073,56673,3866,60539,454
2022-07-30,Lake,033,64148,12188,12102,1093,13195,142
2022-07-30,Lassen,035,31185,9569,9548,959,10507,64
2022-07-30,Los Angeles,037,10098052,3152288,3122700,165447,3288147,32445
2022-07-30,Madera,039,155013,41944,41641,7460,49101,372
2022-07-30,Marin,041,260295,43203,42840,4933,47773,300
2022-07-30,Mariposa,043,17540,2964,2940,312,3252,30
2022-07-30,Mendocino,045,87422,15317,15172,4158,19330,132
2022-07-30,Merced,047,269075,69554,68853,10579,79432,838
2022-07-30,Modoc,049,8938,851,841,311,1152,11
2022-07-30,Mono,051,14174,3166,3155,223,3378,7
2022-07-30,Monterey,053,433212,90707,89974,19095,109069,754
2022-07-30,Napa,055,140530,30985,30777,1352,32129,150
2022-07-30,Nevada,057,99092,18281,18187,1677,19864,131
2022-07-30,Orange,059,3164182,640860,636403,56688,693091,7194
2022-07-30,Placer,061,380077,73006,72444,9079,81523,647
2022-07-30,Plumas,063,18699,3503,3490,426,3916,13
2022-07-30,Riverside,065,2383286,667810,662929,33025,695954,6543
2022-07-30,Sacramento,067,1510023,331909,329639,31977,361616,3156
2022-07-30,San Benito,069,59416,15348,15256,839,16095,100
2022-07-30,San Bernardino,071,2135413,644241,633131,28865,661996,7941
2022-07-30,San Diego,073,3302833,888629,881822,67784,949606,5409
2022-07-30,San Francisco,075,870044,170517,169564,11447,181011,937
2022-07-30,San Joaquin,077,732212,189279,187937,13335,201272,2276
2022-07-30,San Luis Obispo,079,281455,60937,60370,6516,66886,503
2022-07-30,San Mateo,081,765935,160674,159145,10164,169309,726
2022-07-30,Santa Barbara,083,443738,100822,99946,6203,106149,708
2022-07-30,Santa Clara,085,1922200,410654,407392,17866,425258,2381
2022-07-30,Santa Cruz,087,273765,59821,59227,3181,62408,269
2022-07-30,Shasta,089,179085,33702,33454,6972,40426,581
2022-07-30,Sierra,091,2930,296,293,59,352,4
2022-07-30,Siskiyou,093,43540,5031,4997,3190,8187,86
2022-07-30,Solano,095,438530,100629,99034,7329,106363,457
2022-07-30,Sonoma,097,501317,102584,101747,4944,106691,500
2022-07-30,Stanislaus,099,539301,132127,131081,20342,151423,1696
2022-07-30,Sutter,101,95872,23030,22931,2385,25316,228
2022-07-30,Tehama,103,63373,13178,13079,2917,15996,208
2022-07-30,Trinity,105,12862,1351,1340,346,1686,20
2022-07-30,Tulare,107,460477,117221,116640,33046,149686,1514
2022-07-30,Tuolumne,109,53932,14853,14701,872,15573,196
2022-07-30,Ventura,111,848112,199819,198498,14088,212586,1530
2022-07-30,Yolo,113,214977,45819,45511,4066,49577,327
2022-07-30,Yuba,115,75493,18027,17951,1567,19518,124
2022-07-29,Alameda,001,1643700,330060,327608,18601,346209,1941
2022-07-29,Alpine,003,1148,130,130,1,131,0
2022-07-29,Amador,005,37829,9645,9609,846,10455,88
2022-07-29,Butte,007,227075,37777,37349,8391,45740,444
2022-07-29,Calaveras,009,45235,8187,8145,473,8618,128
2022-07-29,Colusa,011,21464,3684,3664,1192,4856,22
2022-07-29,Contra Costa,013,1133247,238784,234635,19160,253795,1375
2022-07-29,Del Norte,015,27424,7158,7136,371,7507,54
2022-07-29,El Dorado,017,186661,31207,31007,4027,35034,222
2022-07-29,Fresno,019,978130,263298,260858,28969,289827,2805
2022-07-29,Glenn,021,27897,5381,5350,1800,7150,48
2022-07-29,Humboldt,023,135768,20648,20523,4411,24934,151
2022-07-29,Imperial,025,180216,62976,62471,14113,76584,949
2022-07-29,Inyo,027,18085,4404,4388,806,5194,57
2022-07-29,Kern,029,883053,212021,210190,57071,267261,2375
2022-07-29,Kings,031,150075,57036,56673,3865,60538,454
2022-07-29,Lake,033,64148,12173,12102,1090,13192,142
2022-07-29,Lassen,035,31185,9567,9548,959,10507,64
2022-07-29,Los Angeles,037,10098052,3149426,3122700,165117,3287817,32445
2022-07-29,Madera,039,155013,41899,41641,7448,49089,372
2022-07-29,Marin,041,260295,43156,42840,4925,47765,300
2022-07-29,Mariposa,043,17540,2963,2940,312,3252,30
2022-07-29,Mendocino,045,87422,15299,15172,4146,19318,132
2022-07-29,Merced,047,269075,69497,68853,10563,79416,838
2022-07-29,Modoc,049,8938,851,841,311,1152,11
2022-07-29,Mono,051,14174,3165,3155,222,3377,7
2022-07-29,Monterey,053,433212,90614,89974,19060,109034,754
2022-07-29,Napa,055,140530,30959,30777,1351,32128,150
2022-07-29,Nevada,057,99092,18270,18187,1675,19862,131
2022-07-29,Orange,059,3164182,640267,636403,56555,692958,7194
2022-07-29,Placer,061,380077,72936,72444,9065,81509,647
2022-07-29,Plumas,063,18699,3502,3490,426,3916,13
2022-07-29,Riverside,065,2383286,667266,662929,32979,695908,6543
2022-07-29,Sacramento,067,1510023,331596,329639,31958,361597,3156
2022-07-29,San Benito,069,59416,15332,15256,838,16094,100
2022-07-29,San Bernardino,071,2135413,643707,633131,28830,661961,7941
2022-07-29,San Diego,073,3302833,887773,881822,67673,949495,5409
2022-07-29,San Francisco,075,870044,170339,169564,11435,180999,937
2022-07-29,San Joaquin,077,732212,189166,187937,13315,201252,2276
2022-07-29,San Luis Obispo,079,281455,60901,60370,6504,66874,503
2022-07-29,San Mateo,081,765935,160498,159145,10155,169300,726
2022-07-29,Santa Barbara,083,443738,100700,99946,6193,106139,708
2022-07-29,Santa Clara,085,1922200,410179,407392,17846,425238,2381
2022-07-29,Santa Cruz,087,273765,59745,59227,3178,62405,269
2022-07-29,Shasta,089,179085,33676,33454,6964,40418,581
2022-07-29,Sierra,091,2930,296,293,58,351,4
2022-07-29,Siskiyou,093,43540,5026,4997,3189,8186,86
2022-07-29,Solano,095,438530,100499,99034,7319,106353,457
2022-07-29,Sonoma,097,501317,102481,101747,4932,106679,500
2022-07-29,Stanislaus,099,539301,132023,131081,20330,151411,1696
2022-07-29,Sutter,101,95872,23010,22931,2385,25316,228
2022-07-29,Tehama,103,63373,13171,13079,2915,15994,208
2022-07-29,Trinity,105,12862,1347,1340,345,1685,20
2022-07-29,Tulare,107,460477,117119,116640,32986,149626,1514
2022-07-29,Tuolumne,109,53932,14840,14701,871,15572,196
2022-07-29,Ventura,111,848112,199669,198498,14049,212547,1530
2022-07-29,Yolo,113,214977,45784,45511,4053,49564,327
2022-07-29,Yuba,115,75493,18006,17951,1565,19516,124
2022-07-28,Alameda,001,1643700,329576,327608,18553,346161,1941
2022-07-28,Alpine,003,1148,130,130,1,131,0
2022-07-28,Amador,005,37829,9638,9609,845,10454,88
2022-07-28,Butte,007,227075,37725,37349,8378,45727,444
2022-07-28,Calaveras,009,45235,8176,8145,472,8617,128
2022-07-28,Colusa,011,21464,3678,3664,1192,4856,22
2022-07-28,Contra Costa,013,1133247,238421,234635,19105,253740,1375
2022-07-28,Del Norte,015,27424,7152,7136,370,7506,54
2022-07-28,El Dorado,017,186661,31172,31007,4022,35029,222
2022-07-28,Fresno,019,978130,262868,260858,28896,289754,2805
2022-07-28,Glenn,021,27897,5379,5350,1796,7146,48
2022-07-28,Humboldt,023,135768,20614,20523,4400,24923,151
2022-07-28,Imperial,025,180216,62878,62471,14049,76520,949
2022-07-28,Inyo,027,18085,4400,4388,804,5192,57
2022-07-28,Kern,029,883053,211772,210190,56905,267095,2375
2022-07-28,Kings,031,150075,56934,56673,3862,60535,454
2022-07-28,Lake,033,64148,12156,12102,1089,13191,142
2022-07-28,Lassen,035,31185,9562,9548,959,10507,64
2022-07-28,Los Angeles,037,10098052,3145110,3122700,164571,3287271,32445
2022-07-28,Madera,039,155013,41842,41641,7439,49080,372
2022-07-28,Marin,041,260295,43108,42840,4920,47760,300
2022-07-28,Mariposa,043,17540,2960,2940,309,3249,30
2022-07-28,Mendocino,045,87422,15278,15172,4135,19307,132
2022-07-28,Merced,047,269075,69419,68853,10523,79376,838
2022-07-28,Modoc,049,8938,848,841,311,1152,11
2022-07-28,Mono,051,14174,3165,3155,221,3376,7
2022-07-28,Monterey,053,433212,90460,89974,18983,108957,754
2022-07-28,Napa,055,140530,30920,30777,1349,32126,150
2022-07-28,Nevada,057,99092,18257,18187,1669,19856,131
2022-07-28,Orange,059,3164182,639316,636403,56404,692807,7194
2022-07-28,Placer,061,380077,72845,72444,9044,81488,647
2022-07-28,Plumas,063,18699,3501,3490,426,3916,13
2022-07-28,Riverside,065,2383286,666461,662929,32926,695855,6543
2022-07-28,Sacramento,067,1510023,331180,329639,31929,361568,3156
2022-07-28,San Benito,069,59416,15304,15256,833,16089,100
2022-07-28,San Bernardino,071,2135413,642867,633131,28785,661916,7941
2022-07-28,San Diego,073,3302833,886422,881822,67540,949362,5409
2022-07-28,San Francisco,075,870044,170106,169564,11405,180969,937
2022-07-28,San Joaquin,077,732212,188913,187937,13269,201206,2276
2022-07-28,San Luis Obispo,079,281455,60816,60370,6482,66852,503
2022-07-28,San Mateo,081,765935,160244,159145,10141,169286,726
2022-07-28,Santa Barbara,083,443738,100563,99946,6160,106106,708
2022-07-28,Santa Clara,085,1922200,409535,407392,17814,425206,2381
2022-07-28,Santa Cruz,087,273765,59627,59227,3166,62393,269
2022-07-28,Shasta,089,179085,33649,33454,6949,40403,581
2022-07-28,Sierra,091,2930,296,293,58,351,4
2022-07-28,Siskiyou,093,43540,5022,4997,3182,8179,86
2022-07-28,Solano,095,438530,100350,99034,7308,106342,457
2022-07-28,Sonoma,097,501317,102357,101747,4906,106653,500
2022-07-28,Stanislaus,099,539301,131874,131081,20289,151370,1696
2022-07-28,Sutter,101,95872,22979,22931,2380,25311,228
2022-07-28,Tehama,103,63373,13153,13079,2906,15985,208
2022-07-28,Trinity,105,12862,1346,1340,344,1684,20
2022-07-28,Tulare,107,460477,116993,116640,32888,149528,1514
2022-07-28,Tuolumne,109,53932,14821,14701,869,15570,196
2022-07-28,Ventura,111,848112,199401,198498,14008,212506,1530
2022-07-28,Yolo,113,214977,45735,45511,4041,49552,327
2022-07-28,Yuba,115,75493,17992,17951,1556,19507,124
2022-07-27,Alameda,001,1643700,329049,325669,18506,344175,1938
2022-07-27,Alpine,003,1148,130,130,1,131,0
2022-07-27,Amador,005,37829,9630,9568,844,10412,87
2022-07-27,Butte,007,227075,37681,37146,8366,45512,441
2022-07-27,Calaveras,009,45235,8166,8105,471,8576,130
2022-07-27,Colusa,011,21464,3669,3649,1192,4841,22
2022-07-27,Contra Costa,013,1133247,238065,233236,19054,252290,1374
2022-07-27,Del Norte,015,27424,7148,7161,370,7531,54
2022-07-27,El Dorado,017,186661,31125,30891,4013,34904,222
2022-07-27,Fresno,019,978130,262455,259483,28819,288302,2801
2022-07-27,Glenn,021,27897,5375,5327,1795,7122,48
2022-07-27,Humboldt,023,135768,20574,20406,4392,24798,150
2022-07-27,Imperial,025,180216,62793,62014,13994,76008,948
2022-07-27,Inyo,027,18085,4396,4381,800,5181,57
2022-07-27,Kern,029,883053,211546,209400,56692,266092,2368
2022-07-27,Kings,031,150075,56859,56417,3854,60271,451
2022-07-27,Lake,033,64148,12140,12025,1087,13112,142
2022-07-27,Lassen,035,31185,9557,9509,958,10467,64
2022-07-27,Los Angeles,037,10098052,3140350,3107063,164061,3271124,32392
2022-07-27,Madera,039,155013,41755,41423,7426,48849,372
2022-07-27,Marin,041,260295,43036,42624,4912,47536,300
2022-07-27,Mariposa,043,17540,2955,2927,309,3236,30
2022-07-27,Mendocino,045,87422,15249,15066,4120,19186,131
2022-07-27,Merced,047,269075,69303,68455,10493,78948,838
2022-07-27,Modoc,049,8938,846,840,311,1151,10
2022-07-27,Mono,051,14174,3163,3148,219,3367,7
2022-07-27,Monterey,053,433212,90329,89520,18909,108429,752
2022-07-27,Napa,055,140530,30877,30647,1347,31994,150
2022-07-27,Nevada,057,99092,18239,18134,1668,19802,132
2022-07-27,Orange,059,3164182,638326,632871,56231,689102,7188
2022-07-27,Placer,061,380077,72764,72194,9023,81217,647
2022-07-27,Plumas,063,18699,3495,3472,426,3898,13
2022-07-27,Riverside,065,2383286,665450,659650,32846,692496,6528
2022-07-27,Sacramento,067,1510023,330720,328249,31875,360124,3146
2022-07-27,San Benito,069,59416,15284,15188,831,16019,100
2022-07-27,San Bernardino,071,2135413,641996,629895,28730,658625,7937
2022-07-27,San Diego,073,3302833,884977,876507,67402,943909,5386
2022-07-27,San Francisco,075,870044,169859,168570,11389,179959,931
2022-07-27,San Joaquin,077,732212,188626,187066,13227,200293,2267
2022-07-27,San Luis Obispo,079,281455,60734,60180,6448,66628,502
2022-07-27,San Mateo,081,765935,159997,158343,10131,168474,724
2022-07-27,Santa Barbara,083,443738,100405,99460,6123,105583,707
2022-07-27,Santa Clara,085,1922200,408847,404896,17794,422690,2380
2022-07-27,Santa Cruz,087,273765,59532,58873,3153,62026,269
2022-07-27,Shasta,089,179085,33616,33314,6939,40253,578
2022-07-27,Sierra,091,2930,295,293,58,351,4
2022-07-27,Siskiyou,093,43540,5009,4975,3178,8153,84
2022-07-27,Solano,095,438530,100186,98579,7298,105877,457
2022-07-27,Sonoma,097,501317,102215,101316,4892,106208,499
2022-07-27,Stanislaus,099,539301,131673,130451,20247,150698,1695
2022-07-27,Sutter,101,95872,22943,22811,2374,25185,228
2022-07-27,Tehama,103,63373,13139,13036,2901,15937,207
2022-07-27,Trinity,105,12862,1345,1337,343,1680,20
2022-07-27,Tulare,107,460477,116831,116167,32816,148983,1514
2022-07-27,Tuolumne,109,53932,14791,14594,866,15460,196
2022-07-27,Ventura,111,848112,199123,197572,13941,211513,1527
2022-07-27,Yolo,113,214977,45690,45359,4024,49383,326
2022-07-27,Yuba,115,75493,17968,17873,1548,19421,124
2022-07-26,Alameda,001,1643700,328412,325669,18460,344129,1938
2022-07-26,Alpine,003,1148,130,130,1,131,0
2022-07-26,Amador,005,37829,9621,9568,840,10408,87
2022-07-26,Butte,007,227075,37621,37146,8349,45495,441
2022-07-26,Calaveras,009,45235,8156,8105,469,8574,130
2022-07-26,Colusa,011,21464,3668,3649,1192,4841,22
2022-07-26,Contra Costa,013,1133247,237634,233236,18997,252233,1374
2022-07-26,Del Norte,015,27424,7135,7161,370,7531,54
2022-07-26,El Dorado,017,186661,31080,30891,4007,34898,222
2022-07-26,Fresno,019,978130,261919,259483,28724,288207,2801
2022-07-26,Glenn,021,27897,5372,5327,1791,7118,48
2022-07-26,Humboldt,023,135768,20542,20406,4378,24784,150
2022-07-26,Imperial,025,180216,62672,62014,13915,75929,948
2022-07-26,Inyo,027,18085,4393,4381,798,5179,57
2022-07-26,Kern,029,883053,211227,209400,56470,265870,2368
2022-07-26,Kings,031,150075,56744,56417,3852,60269,451
2022-07-26,Lake,033,64148,12110,12025,1085,13110,142
2022-07-26,Lassen,035,31185,9554,9509,956,10465,64
2022-07-26,Los Angeles,037,10098052,3135333,3107063,163470,3270533,32392
2022-07-26,Madera,039,155013,41691,41423,7401,48824,372
2022-07-26,Marin,041,260295,42970,42624,4901,47525,300
2022-07-26,Mariposa,043,17540,2953,2927,309,3236,30
2022-07-26,Mendocino,045,87422,15225,15066,4109,19175,131
2022-07-26,Merced,047,269075,69210,68455,10468,78923,838
2022-07-26,Modoc,049,8938,844,840,311,1151,10
2022-07-26,Mono,051,14174,3161,3148,218,3366,7
2022-07-26,Monterey,053,433212,90190,89520,18822,108342,752
2022-07-26,Napa,055,140530,30840,30647,1341,31988,150
2022-07-26,Nevada,057,99092,18216,18134,1665,19799,132
2022-07-26,Orange,059,3164182,637227,632871,56012,688883,7188
2022-07-26,Placer,061,380077,72646,72194,9004,81198,647
2022-07-26,Plumas,063,18699,3492,3472,425,3897,13
2022-07-26,Riverside,065,2383286,664422,659650,32767,692417,6528
2022-07-26,Sacramento,067,1510023,330187,328249,31810,360059,3146
2022-07-26,San Benito,069,59416,15255,15188,830,16018,100
2022-07-26,San Bernardino,071,2135413,641007,629895,28662,658557,7937
2022-07-26,San Diego,073,3302833,883288,876507,67214,943721,5386
2022-07-26,San Francisco,075,870044,169574,168570,11375,179945,931
2022-07-26,San Joaquin,077,732212,188331,187066,13169,200235,2267
2022-07-26,San Luis Obispo,079,281455,60655,60180,6421,66601,502
2022-07-26,San Mateo,081,765935,159715,158343,10120,168463,724
2022-07-26,Santa Barbara,083,443738,100227,99460,6098,105558,707
2022-07-26,Santa Clara,085,1922200,407996,404896,17756,422652,2380
2022-07-26,Santa Cruz,087,273765,59428,58873,3136,62009,269
2022-07-26,Shasta,089,179085,33583,33314,6923,40237,578
2022-07-26,Sierra,091,2930,294,293,58,351,4
2022-07-26,Siskiyou,093,43540,5004,4975,3170,8145,84
2022-07-26,Solano,095,438530,99994,98579,7282,105861,457
2022-07-26,Sonoma,097,501317,102067,101316,4864,106180,499
2022-07-26,Stanislaus,099,539301,131459,130451,20221,150672,1695
2022-07-26,Sutter,101,95872,22913,22811,2373,25184,228
2022-07-26,Tehama,103,63373,13120,13036,2897,15933,207
2022-07-26,Trinity,105,12862,1344,1337,341,1678,20
2022-07-26,Tulare,107,460477,116681,116167,32729,148896,1514
2022-07-26,Tuolumne,109,53932,14772,14594,864,15458,196
2022-07-26,Ventura,111,848112,198812,197572,13883,211455,1527
2022-07-26,Yolo,113,214977,45641,45359,4013,49372,326
2022-07-26,Yuba,115,75493,17950,17873,1547,19420,124
2022-07-25,Alameda,001,1643700,327678,325669,18389,344058,1938
2022-07-25,Alpine,003,1148,130,130,1,131,0
2022-07-25,Amador,005,37829,9608,9568,837,10405,87
2022-07-25,Butte,007,227075,37545,37146,8334,45480,441
2022-07-25,Calaveras,009,45235,8145,8105,468,8573,130
2022-07-25,Colusa,011,21464,3667,3649,1189,4838,22
2022-07-25,Contra Costa,013,1133247,237151,233236,18915,252151,1374
2022-07-25,Del Norte,015,27424,7128,7161,369,7530,54
2022-07-25,El Dorado,017,186661,31041,30891,3993,34884,222
2022-07-25,Fresno,019,978130,261329,259483,28622,288105,2801
2022-07-25,Glenn,021,27897,5364,5327,1788,7115,48
2022-07-25,Humboldt,023,135768,20510,20406,4357,24763,150
2022-07-25,Imperial,025,180216,62553,62014,13829,75843,948
2022-07-25,Inyo,027,18085,4391,4381,792,5173,57
2022-07-25,Kern,029,883053,210936,209400,56243,265643,2368
2022-07-25,Kings,031,150075,56609,56417,3842,60259,451
2022-07-25,Lake,033,64148,12089,12025,1084,13109,142
2022-07-25,Lassen,035,31185,9547,9509,955,10464,64
2022-07-25,Los Angeles,037,10098052,3129506,3107063,162911,3269974,32392
2022-07-25,Madera,039,155013,41604,41423,7376,48799,372
2022-07-25,Marin,041,260295,42896,42624,4894,47518,300
2022-07-25,Mariposa,043,17540,2950,2927,306,3233,30
2022-07-25,Mendocino,045,87422,15186,15066,4097,19163,131
2022-07-25,Merced,047,269075,69096,68455,10437,78892,838
2022-07-25,Modoc,049,8938,839,840,309,1149,10
2022-07-25,Mono,051,14174,3159,3148,217,3365,7
2022-07-25,Monterey,053,433212,90035,89520,18712,108232,752
2022-07-25,Napa,055,140530,30797,30647,1340,31987,150
2022-07-25,Nevada,057,99092,18204,18134,1657,19791,132
2022-07-25,Orange,059,3164182,635980,632871,55808,688679,7188
2022-07-25,Placer,061,380077,72562,72194,8998,81192,647
2022-07-25,Plumas,063,18699,3486,3472,424,3896,13
2022-07-25,Riverside,065,2383286,663332,659650,32688,692338,6528
2022-07-25,Sacramento,067,1510023,329654,328249,31748,359997,3146
2022-07-25,San Benito,069,59416,15223,15188,828,16016,100
2022-07-25,San Bernardino,071,2135413,639831,629895,28604,658499,7937
2022-07-25,San Diego,073,3302833,881503,876507,67023,943530,5386
2022-07-25,San Francisco,075,870044,169265,168570,11360,179930,931
2022-07-25,San Joaquin,077,732212,188041,187066,13096,200162,2267
2022-07-25,San Luis Obispo,079,281455,60550,60180,6389,66569,502
2022-07-25,San Mateo,081,765935,159345,158343,10098,168441,724
2022-07-25,Santa Barbara,083,443738,100035,99460,6073,105533,707
2022-07-25,Santa Clara,085,1922200,407104,404896,17676,422572,2380
2022-07-25,Santa Cruz,087,273765,59307,58873,3123,61996,269
2022-07-25,Shasta,089,179085,33532,33314,6915,40229,578
2022-07-25,Sierra,091,2930,293,293,58,351,4
2022-07-25,Siskiyou,093,43540,4998,4975,3161,8136,84
2022-07-25,Solano,095,438530,99748,98579,7267,105846,457
2022-07-25,Sonoma,097,501317,101908,101316,4846,106162,499
2022-07-25,Stanislaus,099,539301,131262,130451,20193,150644,1695
2022-07-25,Sutter,101,95872,22867,22811,2372,25183,228
2022-07-25,Tehama,103,63373,13103,13036,2889,15925,207
2022-07-25,Trinity,105,12862,1342,1337,341,1678,20
2022-07-25,Tulare,107,460477,116470,116167,32632,148799,1514
2022-07-25,Tuolumne,109,53932,14753,14594,864,15458,196
2022-07-25,Ventura,111,848112,198505,197572,13827,211399,1527
2022-07-25,Yolo,113,214977,45578,45359,3997,49356,326
2022-07-25,Yuba,115,75493,17912,17873,1546,19419,124
2022-07-24,Alameda,001,1643700,326873,323165,18345,341510,1933
2022-07-24,Alpine,003,1148,130,130,1,131,0
2022-07-24,Amador,005,37829,9586,9526,834,10360,87
2022-07-24,Butte,007,227075,37480,36994,8306,45300,440
2022-07-24,Calaveras,009,45235,8128,8064,466,8530,128
2022-07-24,Colusa,011,21464,3661,3639,1189,4828,22
2022-07-24,Contra Costa,013,1133247,236618,231714,18835,250549,1363
2022-07-24,Del Norte,015,27424,7110,7128,365,7493,54
2022-07-24,El Dorado,017,186661,30994,30722,3976,34698,222
2022-07-24,Fresno,019,978130,260676,257571,28522,286093,2792
2022-07-24,Glenn,021,27897,5358,5311,1786,7097,48
2022-07-24,Humboldt,023,135768,20477,20283,4340,24623,150
2022-07-24,Imperial,025,180216,62390,61671,13708,75379,948
2022-07-24,Inyo,027,18085,4387,4366,781,5147,57
2022-07-24,Kern,029,883053,210567,208535,56004,264539,2366
2022-07-24,Kings,031,150075,56484,56103,3829,59932,451
2022-07-24,Lake,033,64148,12063,11957,1081,13038,142
2022-07-24,Lassen,035,31185,9521,9504,952,10456,64
2022-07-24,Los Angeles,037,10098052,3123032,3085376,162232,3247608,32340
2022-07-24,Madera,039,155013,41507,41145,7346,48491,372
2022-07-24,Marin,041,260295,42826,42347,4882,47229,300
2022-07-24,Mariposa,043,17540,2947,2897,305,3202,30
2022-07-24,Mendocino,045,87422,15136,14988,4065,19053,131
2022-07-24,Merced,047,269075,68939,68127,10378,78505,837
2022-07-24,Modoc,049,8938,839,829,308,1137,10
2022-07-24,Mono,051,14174,3158,3141,217,3358,7
2022-07-24,Monterey,053,433212,89858,89067,18611,107678,747
2022-07-24,Napa,055,140530,30744,30495,1339,31834,148
2022-07-24,Nevada,057,99092,18185,18073,1648,19721,131
2022-07-24,Orange,059,3164182,634628,627948,55570,683518,7181
2022-07-24,Placer,061,380077,72437,71870,8985,80855,644
2022-07-24,Plumas,063,18699,3485,3464,424,3888,13
2022-07-24,Riverside,065,2383286,662040,655603,32574,688177,6527
2022-07-24,Sacramento,067,1510023,328974,326216,31680,357896,3136
2022-07-24,San Benito,069,59416,15202,15049,827,15876,100
2022-07-24,San Bernardino,071,2135413,638437,626059,28523,654582,7933
2022-07-24,San Diego,073,3302833,879426,870102,66832,936934,5380
2022-07-24,San Francisco,075,870044,168821,167260,11330,178590,931
2022-07-24,San Joaquin,077,732212,187681,186142,13027,199169,2267
2022-07-24,San Luis Obispo,079,281455,60403,59919,6357,66276,500
2022-07-24,San Mateo,081,765935,159007,157266,10075,167341,724
2022-07-24,Santa Barbara,083,443738,99809,98826,6033,104859,706
2022-07-24,Santa Clara,085,1922200,406148,401495,17636,419131,2381
2022-07-24,Santa Cruz,087,273765,59135,58386,3102,61488,268
2022-07-24,Shasta,089,179085,33468,33185,6900,40085,578
2022-07-24,Sierra,091,2930,293,293,58,351,4
2022-07-24,Siskiyou,093,43540,4994,4938,3145,8083,84
2022-07-24,Solano,095,438530,99534,98016,7253,105269,457
2022-07-24,Sonoma,097,501317,101705,100735,4825,105560,499
2022-07-24,Stanislaus,099,539301,130968,129813,20156,149969,1695
2022-07-24,Sutter,101,95872,22817,22687,2369,25056,228
2022-07-24,Tehama,103,63373,13092,12974,2879,15853,207
2022-07-24,Trinity,105,12862,1341,1330,339,1669,20
2022-07-24,Tulare,107,460477,116285,115548,32529,148077,1513
2022-07-24,Tuolumne,109,53932,14719,14514,863,15377,196
2022-07-24,Ventura,111,848112,198096,196127,13725,209852,1525
2022-07-24,Yolo,113,214977,45503,45141,3985,49126,327
2022-07-24,Yuba,115,75493,17885,17770,1544,19314,124
2022-07-23,Alameda,001,1643700,326457,323165,18326,341491,1933
2022-07-23,Alpine,003,1148,130,130,1,131,0
2022-07-23,Amador,005,37829,9577,9526,834,10360,87
2022-07-23,Butte,007,227075,37433,36994,8299,45293,440
2022-07-23,Calaveras,009,45235,8117,8064,466,8530,128
2022-07-23,Colusa,011,21464,3656,3639,1189,4828,22
2022-07-23,Contra Costa,013,1133247,236321,231714,18806,250520,1363
2022-07-23,Del Norte,015,27424,7107,7128,364,7492,54
2022-07-23,El Dorado,017,186661,30976,30722,3974,34696,222
2022-07-23,Fresno,019,978130,260451,257571,28467,286038,2792
2022-07-23,Glenn,021,27897,5356,5311,1784,7095,48
2022-07-23,Humboldt,023,135768,20450,20283,4327,24610,150
2022-07-23,Imperial,025,180216,62329,61671,13686,75357,948
2022-07-23,Inyo,027,18085,4385,4366,780,5146,57
2022-07-23,Kern,029,883053,210399,208535,55861,264396,2366
2022-07-23,Kings,031,150075,56441,56103,3826,59929,451
2022-07-23,Lake,033,64148,12052,11957,1080,13037,142
2022-07-23,Lassen,035,31185,9519,9504,952,10456,64
2022-07-23,Los Angeles,037,10098052,3120194,3085376,161787,3247163,32340
2022-07-23,Madera,039,155013,41447,41145,7340,48485,372
2022-07-23,Marin,041,260295,42751,42347,4872,47219,300
2022-07-23,Mariposa,043,17540,2944,2897,305,3202,30
2022-07-23,Mendocino,045,87422,15116,14988,4058,19046,131
2022-07-23,Merced,047,269075,68871,68127,10360,78487,837
2022-07-23,Modoc,049,8938,839,829,308,1137,10
2022-07-23,Mono,051,14174,3157,3141,217,3358,7
2022-07-23,Monterey,053,433212,89770,89067,18590,107657,747
2022-07-23,Napa,055,140530,30711,30495,1338,31833,148
2022-07-23,Nevada,057,99092,18173,18073,1646,19719,131
2022-07-23,Orange,059,3164182,633929,627948,55379,683327,7181
2022-07-23,Placer,061,380077,72365,71870,8975,80845,644
2022-07-23,Plumas,063,18699,3484,3464,424,3888,13
2022-07-23,Riverside,065,2383286,661332,655603,32534,688137,6527
2022-07-23,Sacramento,067,1510023,328699,326216,31664,357880,3136
2022-07-23,San Benito,069,59416,15193,15049,818,15867,100
2022-07-23,San Bernardino,071,2135413,637814,626059,28480,654539,7933
2022-07-23,San Diego,073,3302833,878599,870102,66772,936874,5380
2022-07-23,San Francisco,075,870044,168629,167260,11315,178575,931
2022-07-23,San Joaquin,077,732212,187525,186142,13004,199146,2267
2022-07-23,San Luis Obispo,079,281455,60374,59919,6346,66265,500
2022-07-23,San Mateo,081,765935,158832,157266,10061,167327,724
2022-07-23,Santa Barbara,083,443738,99710,98826,6002,104828,706
2022-07-23,Santa Clara,085,1922200,405534,401495,17611,419106,2381
2022-07-23,Santa Cruz,087,273765,59084,58386,3090,61476,268
2022-07-23,Shasta,089,179085,33429,33185,6894,40079,578
2022-07-23,Sierra,091,2930,293,293,58,351,4
2022-07-23,Siskiyou,093,43540,4990,4938,3143,8081,84
2022-07-23,Solano,095,438530,99469,98016,7247,105263,457
2022-07-23,Sonoma,097,501317,101617,100735,4815,105550,499
2022-07-23,Stanislaus,099,539301,130837,129813,20120,149933,1695
2022-07-23,Sutter,101,95872,22796,22687,2369,25056,228
2022-07-23,Tehama,103,63373,13078,12974,2876,15850,207
2022-07-23,Trinity,105,12862,1341,1330,338,1668,20
2022-07-23,Tulare,107,460477,116169,115548,32460,148008,1513
2022-07-23,Tuolumne,109,53932,14696,14514,863,15377,196
2022-07-23,Ventura,111,848112,197912,196127,13690,209817,1525
2022-07-23,Yolo,113,214977,45469,45141,3977,49118,327
2022-07-23,Yuba,115,75493,17872,17770,1540,19310,124
2022-07-22,Alameda,001,1643700,326047,323165,18297,341462,1933
2022-07-22,Alpine,003,1148,130,130,1,131,0
2022-07-22,Amador,005,37829,9571,9526,833,10359,87
2022-07-22,Butte,007,227075,37398,36994,8283,45277,440
2022-07-22,Calaveras,009,45235,8108,8064,466,8530,128
2022-07-22,Colusa,011,21464,3655,3639,1185,4824,22
2022-07-22,Contra Costa,013,1133247,236027,231714,18769,250483,1363
2022-07-22,Del Norte,015,27424,7100,7128,364,7492,54
2022-07-22,El Dorado,017,186661,30947,30722,3969,34691,222
2022-07-22,Fresno,019,978130,260169,257571,28418,285989,2792
2022-07-22,Glenn,021,27897,5351,5311,1783,7094,48
2022-07-22,Humboldt,023,135768,20426,20283,4317,24600,150
2022-07-22,Imperial,025,180216,62238,61671,13654,75325,948
2022-07-22,Inyo,027,18085,4385,4366,773,5139,57
2022-07-22,Kern,029,883053,210198,208535,55710,264245,2366
2022-07-22,Kings,031,150075,56405,56103,3825,59928,451
2022-07-22,Lake,033,64148,12038,11957,1078,13035,142
2022-07-22,Lassen,035,31185,9519,9504,952,10456,64
2022-07-22,Los Angeles,037,10098052,3116666,3085376,161337,3246713,32340
2022-07-22,Madera,039,155013,41404,41145,7329,48474,372
2022-07-22,Marin,041,260295,42696,42347,4864,47211,300
2022-07-22,Mariposa,043,17540,2942,2897,305,3202,30
2022-07-22,Mendocino,045,87422,15092,14988,4050,19038,131
2022-07-22,Merced,047,269075,68799,68127,10348,78475,837
2022-07-22,Modoc,049,8938,839,829,308,1137,10
2022-07-22,Mono,051,14174,3156,3141,216,3357,7
2022-07-22,Monterey,053,433212,89680,89067,18556,107623,747
2022-07-22,Napa,055,140530,30680,30495,1338,31833,148
2022-07-22,Nevada,057,99092,18161,18073,1639,19712,131
2022-07-22,Orange,059,3164182,633155,627948,55225,683173,7181
2022-07-22,Placer,061,380077,72320,71870,8967,80837,644
2022-07-22,Plumas,063,18699,3483,3464,424,3888,13
2022-07-22,Riverside,065,2383286,660589,655603,32471,688074,6527
2022-07-22,Sacramento,067,1510023,328342,326216,31637,357853,3136
2022-07-22,San Benito,069,59416,15184,15049,818,15867,100
2022-07-22,San Bernardino,071,2135413,637191,626059,28435,654494,7933
2022-07-22,San Diego,073,3302833,877519,870102,66635,936737,5380
2022-07-22,San Francisco,075,870044,168436,167260,11286,178546,931
2022-07-22,San Joaquin,077,732212,187368,186142,12973,199115,2267
2022-07-22,San Luis Obispo,079,281455,60319,59919,6334,66253,500
2022-07-22,San Mateo,081,765935,158604,157266,10048,167314,724
2022-07-22,Santa Barbara,083,443738,99608,98826,5996,104822,706
2022-07-22,Santa Clara,085,1922200,404880,401495,17585,419080,2381
2022-07-22,Santa Cruz,087,273765,58978,58386,3082,61468,268
2022-07-22,Shasta,089,179085,33398,33185,6889,40074,578
2022-07-22,Sierra,091,2930,293,293,58,351,4
2022-07-22,Siskiyou,093,43540,4983,4938,3140,8078,84
2022-07-22,Solano,095,438530,99331,98016,7237,105253,457
2022-07-22,Sonoma,097,501317,101511,100735,4797,105532,499
2022-07-22,Stanislaus,099,539301,130707,129813,20095,149908,1695
2022-07-22,Sutter,101,95872,22772,22687,2368,25055,228
2022-07-22,Tehama,103,63373,13069,12974,2874,15848,207
2022-07-22,Trinity,105,12862,1339,1330,337,1667,20
2022-07-22,Tulare,107,460477,116057,115548,32400,147948,1513
2022-07-22,Tuolumne,109,53932,14672,14514,859,15373,196
2022-07-22,Ventura,111,848112,197725,196127,13655,209782,1525
2022-07-22,Yolo,113,214977,45415,45141,3960,49101,327
2022-07-22,Yuba,115,75493,17858,17770,1538,19308,124
2022-07-21,Alameda,001,1643700,325369,323165,18248,341413,1933
2022-07-21,Alpine,003,1148,130,130,1,131,0
2022-07-21,Amador,005,37829,9564,9526,831,10357,87
2022-07-21,Butte,007,227075,37357,36994,8263,45257,440
2022-07-21,Calaveras,009,45235,8093,8064,464,8528,128
2022-07-21,Colusa,011,21464,3651,3639,1183,4822,22
2022-07-21,Contra Costa,013,1133247,235646,231714,18712,250426,1363
2022-07-21,Del Norte,015,27424,7090,7128,364,7492,54
2022-07-21,El Dorado,017,186661,30896,30722,3966,34688,222
2022-07-21,Fresno,019,978130,259693,257571,28337,285908,2792
2022-07-21,Glenn,021,27897,5345,5311,1783,7094,48
2022-07-21,Humboldt,023,135768,20395,20283,4294,24577,150
2022-07-21,Imperial,025,180216,62125,61671,13558,75229,948
2022-07-21,Inyo,027,18085,4381,4366,766,5132,57
2022-07-21,Kern,029,883053,209924,208535,55527,264062,2366
2022-07-21,Kings,031,150075,56331,56103,3812,59915,451
2022-07-21,Lake,033,64148,12025,11957,1075,13032,142
2022-07-21,Lassen,035,31185,9516,9504,952,10456,64
2022-07-21,Los Angeles,037,10098052,3111068,3085376,160729,3246105,32340
2022-07-21,Madera,039,155013,41329,41145,7307,48452,372
2022-07-21,Marin,041,260295,42631,42347,4861,47208,300
2022-07-21,Mariposa,043,17540,2938,2897,304,3201,30
2022-07-21,Mendocino,045,87422,15066,14988,4044,19032,131
2022-07-21,Merced,047,269075,68697,68127,10321,78448,837
2022-07-21,Modoc,049,8938,837,829,308,1137,10
2022-07-21,Mono,051,14174,3152,3141,215,3356,7
2022-07-21,Monterey,053,433212,89556,89067,18481,107548,747
2022-07-21,Napa,055,140530,30636,30495,1338,31833,148
2022-07-21,Nevada,057,99092,18142,18073,1633,19706,131
2022-07-21,Orange,059,3164182,632030,627948,55006,682954,7181
2022-07-21,Placer,061,380077,72212,71870,8945,80815,644
2022-07-21,Plumas,063,18699,3482,3464,424,3888,13
2022-07-21,Riverside,065,2383286,659525,655603,32398,688001,6527
2022-07-21,Sacramento,067,1510023,327829,326216,31596,357812,3136
2022-07-21,San Benito,069,59416,15142,15049,815,15864,100
2022-07-21,San Bernardino,071,2135413,636152,626059,28370,654429,7933
2022-07-21,San Diego,073,3302833,875838,870102,66441,936543,5380
2022-07-21,San Francisco,075,870044,168082,167260,11234,178494,931
2022-07-21,San Joaquin,077,732212,187114,186142,12932,199074,2267
2022-07-21,San Luis Obispo,079,281455,60263,59919,6304,66223,500
2022-07-21,San Mateo,081,765935,158305,157266,10033,167299,724
2022-07-21,Santa Barbara,083,443738,99447,98826,5976,104802,706
2022-07-21,Santa Clara,085,1922200,404077,401495,17547,419042,2381
2022-07-21,Santa Cruz,087,273765,58860,58386,3067,61453,268
2022-07-21,Shasta,089,179085,33348,33185,6875,40060,578
2022-07-21,Sierra,091,2930,293,293,58,351,4
2022-07-21,Siskiyou,093,43540,4972,4938,3134,8072,84
2022-07-21,Solano,095,438530,99186,98016,7229,105245,457
2022-07-21,Sonoma,097,501317,101367,100735,4783,105518,499
2022-07-21,Stanislaus,099,539301,130516,129813,20072,149885,1695
2022-07-21,Sutter,101,95872,22745,22687,2366,25053,228
2022-07-21,Tehama,103,63373,13052,12974,2863,15837,207
2022-07-21,Trinity,105,12862,1335,1330,337,1667,20
2022-07-21,Tulare,107,460477,115905,115548,32319,147867,1513
2022-07-21,Tuolumne,109,53932,14639,14514,856,15370,196
2022-07-21,Ventura,111,848112,197399,196127,13565,209692,1525
2022-07-21,Yolo,113,214977,45354,45141,3947,49088,327
2022-07-21,Yuba,115,75493,17830,17770,1535,19305,124
2022-07-20,Alameda,001,1643700,324690,321347,18207,339554,1915
2022-07-20,Alpine,003,1148,130,130,1,131,0
2022-07-20,Amador,005,37829,9546,9478,829,10307,87
2022-07-20,Butte,007,227075,37308,36820,8243,45063,440
2022-07-20,Calaveras,009,45235,8084,8035,463,8498,126
2022-07-20,Colusa,011,21464,3647,3627,1181,4808,22
2022-07-20,Contra Costa,013,1133247,235247,230356,18663,249019,1362
2022-07-20,Del Norte,015,27424,7081,7081,364,7445,54
2022-07-20,El Dorado,017,186661,30865,30628,3956,34584,221
2022-07-20,Fresno,019,978130,259178,256217,28266,284483,2790
2022-07-20,Glenn,021,27897,5341,5287,1780,7067,48
2022-07-20,Humboldt,023,135768,20356,20149,4276,24425,150
2022-07-20,Imperial,025,180216,61981,61170,13462,74632,944
2022-07-20,Inyo,027,18085,4379,4355,761,5116,56
2022-07-20,Kern,029,883053,209631,207603,55340,262943,2366
2022-07-20,Kings,031,150075,56246,55836,3801,59637,449
2022-07-20,Lake,033,64148,12004,11895,1070,12965,142
2022-07-20,Lassen,035,31185,9507,9455,952,10407,64
2022-07-20,Los Angeles,037,10098052,3105472,3068779,160117,3228896,32292
2022-07-20,Madera,039,155013,41257,40902,7287,48189,372
2022-07-20,Marin,041,260295,42551,42153,4854,47007,300
2022-07-20,Mariposa,043,17540,2923,2884,302,3186,30
2022-07-20,Mendocino,045,87422,15051,14890,4032,18922,131
2022-07-20,Merced,047,269075,68601,67775,10294,78069,833
2022-07-20,Modoc,049,8938,836,799,307,1106,9
2022-07-20,Mono,051,14174,3149,3138,212,3350,7
2022-07-20,Monterey,053,433212,89418,88606,18400,107006,747
2022-07-20,Napa,055,140530,30598,30353,1336,31689,145
2022-07-20,Nevada,057,99092,18116,18020,1627,19647,131
2022-07-20,Orange,059,3164182,630762,624998,54765,679763,7173
2022-07-20,Placer,061,380077,72130,71614,8927,80541,639
2022-07-20,Plumas,063,18699,3476,3433,423,3856,13
2022-07-20,Riverside,065,2383286,658428,652192,32299,684491,6510
2022-07-20,Sacramento,067,1510023,327280,324765,31551,356316,3123
2022-07-20,San Benito,069,59416,15110,14966,812,15778,100
2022-07-20,San Bernardino,071,2135413,635114,622760,28309,651069,7921
2022-07-20,San Diego,073,3302833,874008,864434,66260,930694,5375
2022-07-20,San Francisco,075,870044,167751,166241,11215,177456,929
2022-07-20,San Joaquin,077,732212,186825,185319,12878,198197,2262
2022-07-20,San Luis Obispo,079,281455,60193,59727,6275,66002,499
2022-07-20,San Mateo,081,765935,158017,156191,10008,166199,724
2022-07-20,Santa Barbara,083,443738,99268,98322,5949,104271,703
2022-07-20,Santa Clara,085,1922200,403271,398816,17512,416328,2374
2022-07-20,Santa Cruz,087,273765,58746,58004,3054,61058,267
2022-07-20,Shasta,089,179085,33306,33017,6868,39885,576
2022-07-20,Sierra,091,2930,293,292,58,350,4
2022-07-20,Siskiyou,093,43540,4957,4921,3127,8048,84
2022-07-20,Solano,095,438530,99020,97577,7209,104786,459
2022-07-20,Sonoma,097,501317,101179,100304,4770,105074,499
2022-07-20,Stanislaus,099,539301,130349,129200,20033,149233,1695
2022-07-20,Sutter,101,95872,22710,22592,2363,24955,228
2022-07-20,Tehama,103,63373,13036,12923,2859,15782,205
2022-07-20,Trinity,105,12862,1335,1319,336,1655,20
2022-07-20,Tulare,107,460477,115724,115073,32205,147278,1510
2022-07-20,Tuolumne,109,53932,14613,14389,855,15244,196
2022-07-20,Ventura,111,848112,197080,195189,13492,208681,1522
2022-07-20,Yolo,113,214977,45298,44950,3936,48886,325
2022-07-20,Yuba,115,75493,17806,17661,1534,19195,124
2022-07-19,Alameda,001,1643700,324016,321347,18182,339529,1915
2022-07-19,Alpine,003,1148,130,130,1,131,0
2022-07-19,Amador,005,37829,9534,9478,825,10303,87
2022-07-19,Butte,007,227075,37255,36820,8229,45049,440
2022-07-19,Calaveras,009,45235,8074,8035,463,8498,126
2022-07-19,Colusa,011,21464,3644,3627,1177,4804,22
2022-07-19,Contra Costa,013,1133247,234798,230356,18606,248962,1362
2022-07-19,Del Norte,015,27424,7073,7081,363,7444,54
2022-07-19,El Dorado,017,186661,30821,30628,3947,34575,221
2022-07-19,Fresno,019,978130,258572,256217,28178,284395,2790
2022-07-19,Glenn,021,27897,5334,5287,1779,7066,48
2022-07-19,Humboldt,023,135768,20321,20149,4262,24411,150
2022-07-19,Imperial,025,180216,61846,61170,13372,74542,944
2022-07-19,Inyo,027,18085,4377,4355,759,5114,56
2022-07-19,Kern,029,883053,209353,207603,55147,262750,2366
2022-07-19,Kings,031,150075,56143,55836,3782,59618,449
2022-07-19,Lake,033,64148,11983,11895,1062,12957,142
2022-07-19,Lassen,035,31185,9499,9455,952,10407,64
2022-07-19,Los Angeles,037,10098052,3099306,3068779,159425,3228204,32292
2022-07-19,Madera,039,155013,41178,40902,7264,48166,372
2022-07-19,Marin,041,260295,42488,42153,4841,46994,300
2022-07-19,Mariposa,043,17540,2918,2884,301,3185,30
2022-07-19,Mendocino,045,87422,15019,14890,4021,18911,131
2022-07-19,Merced,047,269075,68495,67775,10262,78037,833
2022-07-19,Modoc,049,8938,835,799,307,1106,9
2022-07-19,Mono,051,14174,3145,3138,212,3350,7
2022-07-19,Monterey,053,433212,89269,88606,18319,106925,747
2022-07-19,Napa,055,140530,30542,30353,1332,31685,145
2022-07-19,Nevada,057,99092,18102,18020,1620,19640,131
2022-07-19,Orange,059,3164182,629477,624998,54516,679514,7173
2022-07-19,Placer,061,380077,72043,71614,8911,80525,639
2022-07-19,Plumas,063,18699,3470,3433,421,3854,13
2022-07-19,Riverside,065,2383286,657118,652192,32205,684397,6510
2022-07-19,Sacramento,067,1510023,326650,324765,31511,356276,3123
2022-07-19,San Benito,069,59416,15066,14966,810,15776,100
2022-07-19,San Bernardino,071,2135413,633991,622760,28236,650996,7921
2022-07-19,San Diego,073,3302833,871913,864434,66032,930466,5375
2022-07-19,San Francisco,075,870044,167397,166241,11196,177437,929
2022-07-19,San Joaquin,077,732212,186547,185319,12821,198140,2262
2022-07-19,San Luis Obispo,079,281455,60109,59727,6237,65964,499
2022-07-19,San Mateo,081,765935,157722,156191,9984,166175,724
2022-07-19,Santa Barbara,083,443738,99057,98322,5927,104249,703
2022-07-19,Santa Clara,085,1922200,402323,398816,17461,416277,2374
2022-07-19,Santa Cruz,087,273765,58624,58004,3039,61043,267
2022-07-19,Shasta,089,179085,33274,33017,6854,39871,576
2022-07-19,Sierra,091,2930,293,292,58,350,4
2022-07-19,Siskiyou,093,43540,4950,4921,3120,8041,84
2022-07-19,Solano,095,438530,98795,97577,7184,104761,459
2022-07-19,Sonoma,097,501317,101022,100304,4742,105046,499
2022-07-19,Stanislaus,099,539301,130106,129200,20001,149201,1695
2022-07-19,Sutter,101,95872,22680,22592,2360,24952,228
2022-07-19,Tehama,103,63373,13022,12923,2852,15775,205
2022-07-19,Trinity,105,12862,1332,1319,335,1654,20
2022-07-19,Tulare,107,460477,115541,115073,32097,147170,1510
2022-07-19,Tuolumne,109,53932,14589,14389,846,15235,196
2022-07-19,Ventura,111,848112,196734,195189,13414,208603,1522
2022-07-19,Yolo,113,214977,45237,44950,3927,48877,325
2022-07-19,Yuba,115,75493,17773,17661,1533,19194,124
2022-07-18,Alameda,001,1643700,323279,321347,18146,339493,1915
2022-07-18,Alpine,003,1148,130,130,1,131,0
2022-07-18,Amador,005,37829,9519,9478,825,10303,87
2022-07-18,Butte,007,227075,37185,36820,8216,45036,440
2022-07-18,Calaveras,009,45235,8063,8035,460,8495,126
2022-07-18,Colusa,011,21464,3641,3627,1171,4798,22
2022-07-18,Contra Costa,013,1133247,234334,230356,18535,248891,1362
2022-07-18,Del Norte,015,27424,7062,7081,361,7442,54
2022-07-18,El Dorado,017,186661,30769,30628,3938,34566,221
2022-07-18,Fresno,019,978130,257979,256217,28098,284315,2790
2022-07-18,Glenn,021,27897,5332,5287,1779,7066,48
2022-07-18,Humboldt,023,135768,20280,20149,4242,24391,150
2022-07-18,Imperial,025,180216,61681,61170,13275,74445,944
2022-07-18,Inyo,027,18085,4373,4355,758,5113,56
2022-07-18,Kern,029,883053,209041,207603,54894,262497,2366
2022-07-18,Kings,031,150075,56036,55836,3774,59610,449
2022-07-18,Lake,033,64148,11961,11895,1056,12951,142
2022-07-18,Lassen,035,31185,9495,9455,951,10406,64
2022-07-18,Los Angeles,037,10098052,3092487,3068779,158765,3227544,32292
2022-07-18,Madera,039,155013,41071,40902,7236,48138,372
2022-07-18,Marin,041,260295,42408,42153,4831,46984,300
2022-07-18,Mariposa,043,17540,2910,2884,300,3184,30
2022-07-18,Mendocino,045,87422,14990,14890,4010,18900,131
2022-07-18,Merced,047,269075,68373,67775,10236,78011,833
2022-07-18,Modoc,049,8938,834,799,307,1106,9
2022-07-18,Mono,051,14174,3144,3138,212,3350,7
2022-07-18,Monterey,053,433212,89105,88606,18239,106845,747
2022-07-18,Napa,055,140530,30502,30353,1329,31682,145
2022-07-18,Nevada,057,99092,18088,18020,1608,19628,131
2022-07-18,Orange,059,3164182,627997,624998,54265,679263,7173
2022-07-18,Placer,061,380077,71957,71614,8895,80509,639
2022-07-18,Plumas,063,18699,3461,3433,420,3853,13
2022-07-18,Riverside,065,2383286,655835,652192,32094,684286,6510
2022-07-18,Sacramento,067,1510023,326030,324765,31453,356218,3123
2022-07-18,San Benito,069,59416,15027,14966,805,15771,100
2022-07-18,San Bernardino,071,2135413,632733,622760,28163,650923,7921
2022-07-18,San Diego,073,3302833,869597,864434,65761,930195,5375
2022-07-18,San Francisco,075,870044,166977,166241,11171,177412,929
2022-07-18,San Joaquin,077,732212,186214,185319,12772,198091,2262
2022-07-18,San Luis Obispo,079,281455,60013,59727,6212,65939,499
2022-07-18,San Mateo,081,765935,157350,156191,9964,166155,724
2022-07-18,Santa Barbara,083,443738,98859,98322,5906,104228,703
2022-07-18,Santa Clara,085,1922200,401341,398816,17411,416227,2374
2022-07-18,Santa Cruz,087,273765,58475,58004,3027,61031,267
2022-07-18,Shasta,089,179085,33225,33017,6838,39855,576
2022-07-18,Sierra,091,2930,293,292,58,350,4
2022-07-18,Siskiyou,093,43540,4946,4921,3113,8034,84
2022-07-18,Solano,095,438530,98562,97577,7168,104745,459
2022-07-18,Sonoma,097,501317,100843,100304,4724,105028,499
2022-07-18,Stanislaus,099,539301,129883,129200,19961,149161,1695
2022-07-18,Sutter,101,95872,22646,22592,2360,24952,228
2022-07-18,Tehama,103,63373,13001,12923,2852,15775,205
2022-07-18,Trinity,105,12862,1330,1319,334,1653,20
2022-07-18,Tulare,107,460477,115351,115073,32008,147081,1510
2022-07-18,Tuolumne,109,53932,14553,14389,844,15233,196
2022-07-18,Ventura,111,848112,196351,195189,13342,208531,1522
2022-07-18,Yolo,113,214977,45167,44950,3916,48866,325
2022-07-18,Yuba,115,75493,17738,17661,1524,19185,124
2022-07-17,Alameda,001,1643700,322379,318442,18088,336530,1911
2022-07-17,Alpine,003,1148,130,130,1,131,0
2022-07-17,Amador,005,37829,9510,9437,821,10258,87
2022-07-17,Butte,007,227075,37124,36644,8194,44838,440
2022-07-17,Calaveras,009,45235,8046,7994,450,8444,126
2022-07-17,Colusa,011,21464,3635,3617,1165,4782,22
2022-07-17,Contra Costa,013,1133247,233771,228634,18461,247095,1356
2022-07-17,Del Norte,015,27424,7035,6860,359,7219,54
2022-07-17,El Dorado,017,186661,30721,30461,3924,34385,219
2022-07-17,Fresno,019,978130,257287,254088,27994,282082,2790
2022-07-17,Glenn,021,27897,5326,5273,1777,7050,48
2022-07-17,Humboldt,023,135768,20225,20016,4225,24241,150
2022-07-17,Imperial,025,180216,61487,60550,13129,73679,944
2022-07-17,Inyo,027,18085,4363,4343,754,5097,56
2022-07-17,Kern,029,883053,208546,206466,54666,261132,2364
2022-07-17,Kings,031,150075,55899,55432,3751,59183,449
2022-07-17,Lake,033,64148,11929,11835,1052,12887,141
2022-07-17,Lassen,035,31185,9469,9425,947,10372,64
2022-07-17,Los Angeles,037,10098052,3085196,3042708,157973,3200681,32248
2022-07-17,Madera,039,155013,40962,40627,7191,47818,372
2022-07-17,Marin,041,260295,42310,41829,4825,46654,300
2022-07-17,Mariposa,043,17540,2903,2866,300,3166,30
2022-07-17,Mendocino,045,87422,14950,14799,3992,18791,131
2022-07-17,Merced,047,269075,68237,67416,10196,77612,833
2022-07-17,Modoc,049,8938,831,799,307,1106,9
2022-07-17,Mono,051,14174,3142,3131,208,3339,7
2022-07-17,Monterey,053,433212,88912,88118,18169,106287,747
2022-07-17,Napa,055,140530,30443,30176,1328,31504,145
2022-07-17,Nevada,057,99092,18061,17941,1600,19541,131
2022-07-17,Orange,059,3164182,626423,620414,53995,674409,7161
2022-07-17,Placer,061,380077,71868,71232,8876,80108,637
2022-07-17,Plumas,063,18699,3446,3406,420,3826,13
2022-07-17,Riverside,065,2383286,654367,647328,31978,679306,6508
2022-07-17,Sacramento,067,1510023,325366,322788,31394,354182,3119
2022-07-17,San Benito,069,59416,15001,14869,799,15668,100
2022-07-17,San Bernardino,071,2135413,631316,618482,28053,646535,7914
2022-07-17,San Diego,073,3302833,867217,857262,65560,922822,5370
2022-07-17,San Francisco,075,870044,166510,164853,11128,175981,928
2022-07-17,San Joaquin,077,732212,185840,184187,12698,196885,2262
2022-07-17,San Luis Obispo,079,281455,59894,59437,6173,65610,499
2022-07-17,San Mateo,081,765935,156982,154961,9942,164903,723
2022-07-17,Santa Barbara,083,443738,98590,97600,5879,103479,702
2022-07-17,Santa Clara,085,1922200,400284,395466,17357,412823,2371
2022-07-17,Santa Cruz,087,273765,58278,57531,3009,60540,267
2022-07-17,Shasta,089,179085,33173,32871,6812,39683,575
2022-07-17,Sierra,091,2930,293,291,58,349,4
2022-07-17,Siskiyou,093,43540,4936,4899,3099,7998,83
2022-07-17,Solano,095,438530,98363,96974,7144,104118,457
2022-07-17,Sonoma,097,501317,100648,99679,4706,104385,499
2022-07-17,Stanislaus,099,539301,129615,128436,19924,148360,1692
2022-07-17,Sutter,101,95872,22593,22452,2357,24809,228
2022-07-17,Tehama,103,63373,12977,12860,2844,15704,205
2022-07-17,Trinity,105,12862,1327,1304,332,1636,20
2022-07-17,Tulare,107,460477,115128,114399,31915,146314,1510
2022-07-17,Tuolumne,109,53932,14520,14280,836,15116,196
2022-07-17,Ventura,111,848112,195892,193965,13225,207190,1519
2022-07-17,Yolo,113,214977,45089,44703,3899,48602,324
2022-07-17,Yuba,115,75493,17698,17567,1514,19081,124
2022-07-16,Alameda,001,1643700,321963,318442,18072,336514,1911
2022-07-16,Alpine,003,1148,130,130,1,131,0
2022-07-16,Amador,005,37829,9502,9437,821,10258,87
2022-07-16,Butte,007,227075,37103,36644,8179,44823,440
2022-07-16,Calaveras,009,45235,8041,7994,444,8438,126
2022-07-16,Colusa,011,21464,3631,3617,1161,4778,22
2022-07-16,Contra Costa,013,1133247,233464,228634,18410,247044,1356
2022-07-16,Del Norte,015,27424,7024,6860,359,7219,54
2022-07-16,El Dorado,017,186661,30700,30461,3922,34383,219
2022-07-16,Fresno,019,978130,256999,254088,27954,282042,2790
2022-07-16,Glenn,021,27897,5321,5273,1774,7047,48
2022-07-16,Humboldt,023,135768,20194,20016,4213,24229,150
2022-07-16,Imperial,025,180216,61402,60550,13085,73635,944
2022-07-16,Inyo,027,18085,4362,4343,753,5096,56
2022-07-16,Kern,029,883053,208373,206466,54498,260964,2364
2022-07-16,Kings,031,150075,55858,55432,3747,59179,449
2022-07-16,Lake,033,64148,11913,11835,1052,12887,141
2022-07-16,Lassen,035,31185,9467,9425,946,10371,64
2022-07-16,Los Angeles,037,10098052,3081729,3042708,157503,3200211,32248
2022-07-16,Madera,039,155013,40919,40627,7178,47805,372
2022-07-16,Marin,041,260295,42274,41829,4818,46647,300
2022-07-16,Mariposa,043,17540,2901,2866,300,3166,30
2022-07-16,Mendocino,045,87422,14942,14799,3989,18788,131
2022-07-16,Merced,047,269075,68149,67416,10185,77601,833
2022-07-16,Modoc,049,8938,831,799,307,1106,9
2022-07-16,Mono,051,14174,3141,3131,207,3338,7
2022-07-16,Monterey,053,433212,88818,88118,18127,106245,747
2022-07-16,Napa,055,140530,30414,30176,1326,31502,145
2022-07-16,Nevada,057,99092,18047,17941,1593,19534,131
2022-07-16,Orange,059,3164182,625697,620414,53849,674263,7161
2022-07-16,Placer,061,380077,71783,71232,8860,80092,637
2022-07-16,Plumas,063,18699,3442,3406,419,3825,13
2022-07-16,Riverside,065,2383286,653579,647328,31927,679255,6508
2022-07-16,Sacramento,067,1510023,325093,322788,31380,354168,3119
2022-07-16,San Benito,069,59416,14984,14869,795,15664,100
2022-07-16,San Bernardino,071,2135413,630576,618482,27991,646473,7914
2022-07-16,San Diego,073,3302833,866308,857262,65480,922742,5370
2022-07-16,San Francisco,075,870044,166325,164853,11112,175965,928
2022-07-16,San Joaquin,077,732212,185681,184187,12670,196857,2262
2022-07-16,San Luis Obispo,079,281455,59866,59437,6153,65590,499
2022-07-16,San Mateo,081,765935,156741,154961,9932,164893,723
2022-07-16,Santa Barbara,083,443738,98474,97600,5859,103459,702
2022-07-16,Santa Clara,085,1922200,399616,395466,17331,412797,2371
2022-07-16,Santa Cruz,087,273765,58206,57531,3004,60535,267
2022-07-16,Shasta,089,179085,33153,32871,6808,39679,575
2022-07-16,Sierra,091,2930,293,291,58,349,4
2022-07-16,Siskiyou,093,43540,4934,4899,3094,7993,83
2022-07-16,Solano,095,438530,98292,96974,7128,104102,457
2022-07-16,Sonoma,097,501317,100561,99679,4695,104374,499
2022-07-16,Stanislaus,099,539301,129484,128436,19890,148326,1692
2022-07-16,Sutter,101,95872,22570,22452,2356,24808,228
2022-07-16,Tehama,103,63373,12968,12860,2839,15699,205
2022-07-16,Trinity,105,12862,1325,1304,332,1636,20
2022-07-16,Tulare,107,460477,115021,114399,31855,146254,1510
2022-07-16,Tuolumne,109,53932,14496,14280,836,15116,196
2022-07-16,Ventura,111,848112,195666,193965,13184,207149,1519
2022-07-16,Yolo,113,214977,45043,44703,3887,48590,324
2022-07-16,Yuba,115,75493,17674,17567,1514,19081,124
2022-07-15,Alameda,001,1643700,321501,318442,18036,336478,1911
2022-07-15,Alpine,003,1148,130,130,1,131,0
2022-07-15,Amador,005,37829,9499,9437,820,10257,87
2022-07-15,Butte,007,227075,37064,36644,8174,44818,440
2022-07-15,Calaveras,009,45235,8035,7994,440,8434,126
2022-07-15,Colusa,011,21464,3629,3617,1159,4776,22
2022-07-15,Contra Costa,013,1133247,233189,228634,18360,246994,1356
2022-07-15,Del Norte,015,27424,7013,6860,356,7216,54
2022-07-15,El Dorado,017,186661,30672,30461,3919,34380,219
2022-07-15,Fresno,019,978130,256606,254088,27888,281976,2790
2022-07-15,Glenn,021,27897,5318,5273,1771,7044,48
2022-07-15,Humboldt,023,135768,20170,20016,4201,24217,150
2022-07-15,Imperial,025,180216,61328,60550,13043,73593,944
2022-07-15,Inyo,027,18085,4357,4343,748,5091,56
2022-07-15,Kern,029,883053,208158,206466,54327,260793,2364
2022-07-15,Kings,031,150075,55795,55432,3740,59172,449
2022-07-15,Lake,033,64148,11901,11835,1049,12884,141
2022-07-15,Lassen,035,31185,9465,9425,944,10369,64
2022-07-15,Los Angeles,037,10098052,3077539,3042708,156994,3199702,32248
2022-07-15,Madera,039,155013,40856,40627,7159,47786,372
2022-07-15,Marin,041,260295,42214,41829,4807,46636,300
2022-07-15,Mariposa,043,17540,2898,2866,299,3165,30
2022-07-15,Mendocino,045,87422,14919,14799,3984,18783,131
2022-07-15,Merced,047,269075,68088,67416,10176,77592,833
2022-07-15,Modoc,049,8938,830,799,307,1106,9
2022-07-15,Mono,051,14174,3139,3131,206,3337,7
2022-07-15,Monterey,053,433212,88705,88118,18100,106218,747
2022-07-15,Napa,055,140530,30382,30176,1325,31501,145
2022-07-15,Nevada,057,99092,18035,17941,1591,19532,131
2022-07-15,Orange,059,3164182,624857,620414,53685,674099,7161
2022-07-15,Placer,061,380077,71710,71232,8833,80065,637
2022-07-15,Plumas,063,18699,3435,3406,417,3823,13
2022-07-15,Riverside,065,2383286,652751,647328,31865,679193,6508
2022-07-15,Sacramento,067,1510023,324725,322788,31359,354147,3119
2022-07-15,San Benito,069,59416,14969,14869,795,15664,100
2022-07-15,San Bernardino,071,2135413,629833,618482,27950,646432,7914
2022-07-15,San Diego,073,3302833,865033,857262,65315,922577,5370
2022-07-15,San Francisco,075,870044,166072,164853,11070,175923,928
2022-07-15,San Joaquin,077,732212,185504,184187,12633,196820,2262
2022-07-15,San Luis Obispo,079,281455,59834,59437,6141,65578,499
2022-07-15,San Mateo,081,765935,156504,154961,9915,164876,723
2022-07-15,Santa Barbara,083,443738,98345,97600,5852,103452,702
2022-07-15,Santa Clara,085,1922200,398929,395466,17305,412771,2371
2022-07-15,Santa Cruz,087,273765,58116,57531,2992,60523,267
2022-07-15,Shasta,089,179085,33130,32871,6801,39672,575
2022-07-15,Sierra,091,2930,293,291,58,349,4
2022-07-15,Siskiyou,093,43540,4931,4899,3092,7991,83
2022-07-15,Solano,095,438530,98143,96974,7117,104091,457
2022-07-15,Sonoma,097,501317,100438,99679,4686,104365,499
2022-07-15,Stanislaus,099,539301,129360,128436,19870,148306,1692
2022-07-15,Sutter,101,95872,22543,22452,2355,24807,228
2022-07-15,Tehama,103,63373,12961,12860,2831,15691,205
2022-07-15,Trinity,105,12862,1321,1304,332,1636,20
2022-07-15,Tulare,107,460477,114870,114399,31770,146169,1510
2022-07-15,Tuolumne,109,53932,14453,14280,833,15113,196
2022-07-15,Ventura,111,848112,195440,193965,13145,207110,1519
2022-07-15,Yolo,113,214977,44997,44703,3876,48579,324
2022-07-15,Yuba,115,75493,17648,17567,1514,19081,124
2022-07-14,Alameda,001,1643700,320741,318442,17973,336415,1911
2022-07-14,Alpine,003,1148,130,130,1,131,0
2022-07-14,Amador,005,37829,9486,9437,814,10251,87
2022-07-14,Butte,007,227075,37024,36644,8168,44812,440
2022-07-14,Calaveras,009,45235,8028,7994,436,8430,126
2022-07-14,Colusa,011,21464,3629,3617,1157,4774,22
2022-07-14,Contra Costa,013,1133247,232747,228634,18274,246908,1356
2022-07-14,Del Norte,015,27424,6992,6860,354,7214,54
2022-07-14,El Dorado,017,186661,30636,30461,3910,34371,219
2022-07-14,Fresno,019,978130,256074,254088,27794,281882,2790
2022-07-14,Glenn,021,27897,5309,5273,1768,7041,48
2022-07-14,Humboldt,023,135768,20130,20016,4186,24202,150
2022-07-14,Imperial,025,180216,61149,60550,12927,73477,944
2022-07-14,Inyo,027,18085,4355,4343,743,5086,56
2022-07-14,Kern,029,883053,207829,206466,54128,260594,2364
2022-07-14,Kings,031,150075,55700,55432,3729,59161,449
2022-07-14,Lake,033,64148,11885,11835,1047,12882,141
2022-07-14,Lassen,035,31185,9460,9425,943,10368,64
2022-07-14,Los Angeles,037,10098052,3071358,3042708,156281,3198989,32248
2022-07-14,Madera,039,155013,40782,40627,7101,47728,372
2022-07-14,Marin,041,260295,42124,41829,4802,46631,300
2022-07-14,Mariposa,043,17540,2892,2866,294,3160,30
2022-07-14,Mendocino,045,87422,14905,14799,3979,18778,131
2022-07-14,Merced,047,269075,67993,67416,10149,77565,833
2022-07-14,Modoc,049,8938,830,799,307,1106,9
2022-07-14,Mono,051,14174,3138,3131,206,3337,7
2022-07-14,Monterey,053,433212,88587,88118,18022,106140,747
2022-07-14,Napa,055,140530,30338,30176,1321,31497,145
2022-07-14,Nevada,057,99092,18010,17941,1582,19523,131
2022-07-14,Orange,059,3164182,623594,620414,53474,673888,7161
2022-07-14,Placer,061,380077,71600,71232,8813,80045,637
2022-07-14,Plumas,063,18699,3426,3406,416,3822,13
2022-07-14,Riverside,065,2383286,651515,647328,31791,679119,6508
2022-07-14,Sacramento,067,1510023,324177,322788,31317,354105,3119
2022-07-14,San Benito,069,59416,14939,14869,791,15660,100
2022-07-14,San Bernardino,071,2135413,628678,618482,27871,646353,7914
2022-07-14,San Diego,073,3302833,863154,857262,65086,922348,5370
2022-07-14,San Francisco,075,870044,165736,164853,11023,175876,928
2022-07-14,San Joaquin,077,732212,185196,184187,12592,196779,2262
2022-07-14,San Luis Obispo,079,281455,59747,59437,6096,65533,499
2022-07-14,San Mateo,081,765935,156216,154961,9893,164854,723
2022-07-14,Santa Barbara,083,443738,98166,97600,5840,103440,702
2022-07-14,Santa Clara,085,1922200,398076,395466,17262,412728,2371
2022-07-14,Santa Cruz,087,273765,58024,57531,2978,60509,267
2022-07-14,Shasta,089,179085,33082,32871,6789,39660,575
2022-07-14,Sierra,091,2930,293,291,58,349,4
2022-07-14,Siskiyou,093,43540,4923,4899,3084,7983,83
2022-07-14,Solano,095,438530,97966,96974,7105,104079,457
2022-07-14,Sonoma,097,501317,100305,99679,4663,104342,499
2022-07-14,Stanislaus,099,539301,129153,128436,19838,148274,1692
2022-07-14,Sutter,101,95872,22517,22452,2354,24806,228
2022-07-14,Tehama,103,63373,12938,12860,2826,15686,205
2022-07-14,Trinity,105,12862,1321,1304,328,1632,20
2022-07-14,Tulare,107,460477,114741,114399,31671,146070,1510
2022-07-14,Tuolumne,109,53932,14413,14280,829,15109,196
2022-07-14,Ventura,111,848112,195091,193965,13071,207036,1519
2022-07-14,Yolo,113,214977,44932,44703,3863,48566,324
2022-07-14,Yuba,115,75493,17616,17567,1505,19072,124
2022-07-13,Alameda,001,1643700,320041,316026,17934,333960,1911
2022-07-13,Alpine,003,1148,130,129,1,130,0
2022-07-13,Amador,005,37829,9475,9388,813,10201,87
2022-07-13,Butte,007,227075,36968,36405,8154,44559,439
2022-07-13,Calaveras,009,45235,8015,7945,435,8380,125
2022-07-13,Colusa,011,21464,3624,3606,1157,4763,22
2022-07-13,Contra Costa,013,1133247,232268,226833,18187,245020,1356
2022-07-13,Del Norte,015,27424,6973,6790,354,7144,54
2022-07-13,El Dorado,017,186661,30587,30273,3904,34177,218
2022-07-13,Fresno,019,978130,255519,252573,27682,280255,2786
2022-07-13,Glenn,021,27897,5305,5256,1767,7023,48
2022-07-13,Humboldt,023,135768,20097,19854,4171,24025,150
2022-07-13,Imperial,025,180216,60994,60011,12845,72856,944
2022-07-13,Inyo,027,18085,4354,4324,738,5062,56
2022-07-13,Kern,029,883053,207418,205428,53894,259322,2359
2022-07-13,Kings,031,150075,55590,55138,3720,58858,449
2022-07-13,Lake,033,64148,11867,11773,1046,12819,140
2022-07-13,Lassen,035,31185,9438,9381,942,10323,64
2022-07-13,Los Angeles,037,10098052,3064699,3024953,155574,3180527,32206
2022-07-13,Madera,039,155013,40715,40378,7073,47451,372
2022-07-13,Marin,041,260295,42057,41616,4794,46410,300
2022-07-13,Mariposa,043,17540,2887,2847,293,3140,30
2022-07-13,Mendocino,045,87422,14885,14713,3962,18675,128
2022-07-13,Merced,047,269075,67860,67028,10118,77146,832
2022-07-13,Modoc,049,8938,829,791,306,1097,9
2022-07-13,Mono,051,14174,3137,3131,202,3333,7
2022-07-13,Monterey,053,433212,88443,87575,17945,105520,745
2022-07-13,Napa,055,140530,30299,30032,1319,31351,145
2022-07-13,Nevada,057,99092,17992,17849,1574,19423,131
2022-07-13,Orange,059,3164182,622215,616278,53237,669515,7147
2022-07-13,Placer,061,380077,71493,70890,8799,79689,637
2022-07-13,Plumas,063,18699,3418,3354,415,3769,13
2022-07-13,Riverside,065,2383286,650305,643472,31693,675165,6504
2022-07-13,Sacramento,067,1510023,323649,321076,31276,352352,3114
2022-07-13,San Benito,069,59416,14912,14774,785,15559,100
2022-07-13,San Bernardino,071,2135413,627500,614957,27774,642731,7907
2022-07-13,San Diego,073,3302833,861249,851596,64859,916455,5363
2022-07-13,San Francisco,075,870044,165335,163635,10995,174630,919
2022-07-13,San Joaquin,077,732212,184869,183283,12549,195832,2260
2022-07-13,San Luis Obispo,079,281455,59641,59134,6048,65182,498
2022-07-13,San Mateo,081,765935,155875,153875,9876,163751,723
2022-07-13,Santa Barbara,083,443738,97987,97053,5827,102880,699
2022-07-13,Santa Clara,085,1922200,397189,392415,17222,409637,2365
2022-07-13,Santa Cruz,087,273765,57888,57124,2971,60095,267
2022-07-13,Shasta,089,179085,33025,32708,6774,39482,574
2022-07-13,Sierra,091,2930,293,289,58,347,4
2022-07-13,Siskiyou,093,43540,4916,4873,3082,7955,82
2022-07-13,Solano,095,438530,97761,96479,7082,103561,455
2022-07-13,Sonoma,097,501317,100147,99173,4646,103819,499
2022-07-13,Stanislaus,099,539301,128954,127845,19781,147626,1689
2022-07-13,Sutter,101,95872,22471,22331,2352,24683,228
2022-07-13,Tehama,103,63373,12925,12793,2823,15616,205
2022-07-13,Trinity,105,12862,1320,1293,326,1619,20
2022-07-13,Tulare,107,460477,114548,113830,31578,145408,1508
2022-07-13,Tuolumne,109,53932,14389,14159,824,14983,194
2022-07-13,Ventura,111,848112,194754,192923,12988,205911,1518
2022-07-13,Yolo,113,214977,44870,44447,3853,48300,326
2022-07-13,Yuba,115,75493,17589,17464,1497,18961,124
2022-07-12,Alameda,001,1643700,319268,316026,17894,333920,1911
2022-07-12,Alpine,003,1148,130,129,1,130,0
2022-07-12,Amador,005,37829,9442,9388,806,10194,87
2022-07-12,Butte,007,227075,36911,36405,8135,44540,439
2022-07-12,Calaveras,009,45235,8000,7945,433,8378,125
2022-07-12,Colusa,011,21464,3622,3606,1154,4760,22
2022-07-12,Contra Costa,013,1133247,231765,226833,18111,244944,1356
2022-07-12,Del Norte,015,27424,6926,6790,351,7141,54
2022-07-12,El Dorado,017,186661,30547,30273,3898,34171,218
2022-07-12,Fresno,019,978130,254976,252573,27592,280165,2786
2022-07-12,Glenn,021,27897,5301,5256,1763,7019,48
2022-07-12,Humboldt,023,135768,20047,19854,4154,24008,150
2022-07-12,Imperial,025,180216,60818,60011,12745,72756,944
2022-07-12,Inyo,027,18085,4346,4324,738,5062,56
2022-07-12,Kern,029,883053,207088,205428,53684,259112,2359
2022-07-12,Kings,031,150075,55479,55138,3710,58848,449
2022-07-12,Lake,033,64148,11855,11773,1041,12814,140
2022-07-12,Lassen,035,31185,9424,9381,936,10317,64
2022-07-12,Los Angeles,037,10098052,3057899,3024953,154879,3179832,32206
2022-07-12,Madera,039,155013,40629,40378,7058,47436,372
2022-07-12,Marin,041,260295,41983,41616,4784,46400,300
2022-07-12,Mariposa,043,17540,2876,2847,293,3140,30
2022-07-12,Mendocino,045,87422,14845,14713,3938,18651,128
2022-07-12,Merced,047,269075,67752,67028,10085,77113,832
2022-07-12,Modoc,049,8938,827,791,303,1094,9
2022-07-12,Mono,051,14174,3134,3131,202,3333,7
2022-07-12,Monterey,053,433212,88290,87575,17857,105432,745
2022-07-12,Napa,055,140530,30245,30032,1316,31348,145
2022-07-12,Nevada,057,99092,17970,17849,1567,19416,131
2022-07-12,Orange,059,3164182,620809,616278,53002,669280,7147
2022-07-12,Placer,061,380077,71383,70890,8784,79674,637
2022-07-12,Plumas,063,18699,3412,3354,414,3768,13
2022-07-12,Riverside,065,2383286,649020,643472,31598,675070,6504
2022-07-12,Sacramento,067,1510023,323056,321076,31239,352315,3114
2022-07-12,San Benito,069,59416,14866,14774,779,15553,100
2022-07-12,San Bernardino,071,2135413,626167,614957,27686,642643,7907
2022-07-12,San Diego,073,3302833,858888,851596,64627,916223,5363
2022-07-12,San Francisco,075,870044,164932,163635,10971,174606,919
2022-07-12,San Joaquin,077,732212,184557,183283,12491,195774,2260
2022-07-12,San Luis Obispo,079,281455,59563,59134,6018,65152,498
2022-07-12,San Mateo,081,765935,155480,153875,9857,163732,723
2022-07-12,Santa Barbara,083,443738,97772,97053,5810,102863,699
2022-07-12,Santa Clara,085,1922200,396233,392415,17179,409594,2365
2022-07-12,Santa Cruz,087,273765,57751,57124,2962,60086,267
2022-07-12,Shasta,089,179085,32962,32708,6755,39463,574
2022-07-12,Sierra,091,2930,292,289,58,347,4
2022-07-12,Siskiyou,093,43540,4907,4873,3080,7953,82
2022-07-12,Solano,095,438530,97547,96479,7057,103536,455
2022-07-12,Sonoma,097,501317,99986,99173,4618,103791,499
2022-07-12,Stanislaus,099,539301,128707,127845,19743,147588,1689
2022-07-12,Sutter,101,95872,22437,22331,2350,24681,228
2022-07-12,Tehama,103,63373,12905,12793,2816,15609,205
2022-07-12,Trinity,105,12862,1312,1293,326,1619,20
2022-07-12,Tulare,107,460477,114355,113830,31478,145308,1508
2022-07-12,Tuolumne,109,53932,14355,14159,820,14979,194
2022-07-12,Ventura,111,848112,194422,192923,12888,205811,1518
2022-07-12,Yolo,113,214977,44800,44447,3845,48292,326
2022-07-12,Yuba,115,75493,17561,17464,1484,18948,124
2022-07-11,Alameda,001,1643700,318355,316026,17835,333861,1911
2022-07-11,Alpine,003,1148,130,129,1,130,0
2022-07-11,Amador,005,37829,9434,9388,800,10188,87
2022-07-11,Butte,007,227075,36851,36405,8116,44521,439
2022-07-11,Calaveras,009,45235,7984,7945,431,8376,125
2022-07-11,Colusa,011,21464,3618,3606,1151,4757,22
2022-07-11,Contra Costa,013,1133247,231287,226833,18051,244884,1356
2022-07-11,Del Norte,015,27424,6895,6790,341,7131,54
2022-07-11,El Dorado,017,186661,30490,30273,3887,34160,218
2022-07-11,Fresno,019,978130,254306,252573,27509,280082,2786
2022-07-11,Glenn,021,27897,5298,5256,1761,7017,48
2022-07-11,Humboldt,023,135768,19988,19854,4135,23989,150
2022-07-11,Imperial,025,180216,60658,60011,12634,72645,944
2022-07-11,Inyo,027,18085,4343,4324,734,5058,56
2022-07-11,Kern,029,883053,206750,205428,53482,258910,2359
2022-07-11,Kings,031,150075,55331,55138,3700,58838,449
2022-07-11,Lake,033,64148,11829,11773,1039,12812,140
2022-07-11,Lassen,035,31185,9418,9381,936,10317,64
2022-07-11,Los Angeles,037,10098052,3050765,3024953,154097,3179050,32206
2022-07-11,Madera,039,155013,40543,40378,7013,47391,372
2022-07-11,Marin,041,260295,41894,41616,4775,46391,300
2022-07-11,Mariposa,043,17540,2868,2847,291,3138,30
2022-07-11,Mendocino,045,87422,14806,14713,3924,18637,128
2022-07-11,Merced,047,269075,67625,67028,10050,77078,832
2022-07-11,Modoc,049,8938,821,791,301,1092,9
2022-07-11,Mono,051,14174,3134,3131,201,3332,7
2022-07-11,Monterey,053,433212,88124,87575,17788,105363,745
2022-07-11,Napa,055,140530,30184,30032,1316,31348,145
2022-07-11,Nevada,057,99092,17953,17849,1565,19414,131
2022-07-11,Orange,059,3164182,619233,616278,52768,669046,7147
2022-07-11,Placer,061,380077,71275,70890,8769,79659,637
2022-07-11,Plumas,063,18699,3401,3354,412,3766,13
2022-07-11,Riverside,065,2383286,647582,643472,31512,674984,6504
2022-07-11,Sacramento,067,1510023,322509,321076,31193,352269,3114
2022-07-11,San Benito,069,59416,14830,14774,775,15549,100
2022-07-11,San Bernardino,071,2135413,624804,614957,27596,642553,7907
2022-07-11,San Diego,073,3302833,856505,851596,64382,915978,5363
2022-07-11,San Francisco,075,870044,164518,163635,10943,174578,919
2022-07-11,San Joaquin,077,732212,184178,183283,12445,195728,2260
2022-07-11,San Luis Obispo,079,281455,59454,59134,5986,65120,498
2022-07-11,San Mateo,081,765935,155081,153875,9822,163697,723
2022-07-11,Santa Barbara,083,443738,97563,97053,5797,102850,699
2022-07-11,Santa Clara,085,1922200,395165,392415,17125,409540,2365
2022-07-11,Santa Cruz,087,273765,57601,57124,2948,60072,267
2022-07-11,Shasta,089,179085,32904,32708,6725,39433,574
2022-07-11,Sierra,091,2930,292,289,58,347,4
2022-07-11,Siskiyou,093,43540,4900,4873,3073,7946,82
2022-07-11,Solano,095,438530,97334,96479,7042,103521,455
2022-07-11,Sonoma,097,501317,99792,99173,4598,103771,499
2022-07-11,Stanislaus,099,539301,128482,127845,19703,147548,1689
2022-07-11,Sutter,101,95872,22395,22331,2343,24674,228
2022-07-11,Tehama,103,63373,12891,12793,2809,15602,205
2022-07-11,Trinity,105,12862,1310,1293,325,1618,20
2022-07-11,Tulare,107,460477,114168,113830,31373,145203,1508
2022-07-11,Tuolumne,109,53932,14315,14159,818,14977,194
2022-07-11,Ventura,111,848112,194026,192923,12800,205723,1518
2022-07-11,Yolo,113,214977,44734,44447,3830,48277,326
2022-07-11,Yuba,115,75493,17525,17464,1481,18945,124
2022-07-10,Alameda,001,1643700,317358,312651,17755,330406,1912
2022-07-10,Alpine,003,1148,130,129,1,130,0
2022-07-10,Amador,005,37829,9424,9335,797,10132,87
2022-07-10,Butte,007,227075,36752,36165,8094,44259,438
2022-07-10,Calaveras,009,45235,7975,7895,430,8325,125
2022-07-10,Colusa,011,21464,3614,3586,1143,4729,22
2022-07-10,Contra Costa,013,1133247,230674,224718,17957,242675,1351
2022-07-10,Del Norte,015,27424,6855,6666,335,7001,54
2022-07-10,El Dorado,017,186661,30407,30070,3879,33949,218
2022-07-10,Fresno,019,978130,253630,250379,27415,277794,2786
2022-07-10,Glenn,021,27897,5293,5231,1757,6988,48
2022-07-10,Humboldt,023,135768,19929,19677,4121,23798,149
2022-07-10,Imperial,025,180216,60434,59558,12493,72051,944
2022-07-10,Inyo,027,18085,4338,4297,728,5025,56
2022-07-10,Kern,029,883053,206235,204128,53242,257370,2359
2022-07-10,Kings,031,150075,55155,54725,3694,58419,449
2022-07-10,Lake,033,64148,11804,11685,1036,12721,140
2022-07-10,Lassen,035,31185,9403,9362,934,10296,64
2022-07-10,Los Angeles,037,10098052,3043467,3002013,153293,3155306,32151
2022-07-10,Madera,039,155013,40435,40081,6979,47060,372
2022-07-10,Marin,041,260295,41797,41271,4766,46037,302
2022-07-10,Mariposa,043,17540,2861,2805,287,3092,30
2022-07-10,Mendocino,045,87422,14776,14610,3907,18517,128
2022-07-10,Merced,047,269075,67468,66616,9993,76609,832
2022-07-10,Modoc,049,8938,820,789,293,1082,9
2022-07-10,Mono,051,14174,3133,3119,199,3318,7
2022-07-10,Monterey,053,433212,87933,87002,17708,104710,745
2022-07-10,Napa,055,140530,30122,29807,1314,31121,145
2022-07-10,Nevada,057,99092,17892,17693,1556,19249,131
2022-07-10,Orange,059,3164182,617536,610975,52458,663433,7132
2022-07-10,Placer,061,380077,71159,70401,8750,79151,632
2022-07-10,Plumas,063,18699,3388,3339,408,3747,13
2022-07-10,Riverside,065,2383286,645990,638193,31382,669575,6506
2022-07-10,Sacramento,067,1510023,321808,318556,31119,349675,3108
2022-07-10,San Benito,069,59416,14794,14628,764,15392,100
2022-07-10,San Bernardino,071,2135413,623349,610086,27515,637601,7893
2022-07-10,San Diego,073,3302833,854011,844085,64112,908197,5357
2022-07-10,San Francisco,075,870044,163981,161931,10869,172800,914
2022-07-10,San Joaquin,077,732212,183805,181958,12384,194342,2257
2022-07-10,San Luis Obispo,079,281455,59333,58636,5947,64583,498
2022-07-10,San Mateo,081,765935,154616,152319,9794,162113,723
2022-07-10,Santa Barbara,083,443738,97330,96266,5771,102037,697
2022-07-10,Santa Clara,085,1922200,394038,388270,17063,405333,2360
2022-07-10,Santa Cruz,087,273765,57411,56455,2931,59386,266
2022-07-10,Shasta,089,179085,32837,32536,6702,39238,576
2022-07-10,Sierra,091,2930,290,291,58,349,4
2022-07-10,Siskiyou,093,43540,4895,4855,3059,7914,82
2022-07-10,Solano,095,438530,97085,95651,7014,102665,455
2022-07-10,Sonoma,097,501317,99589,98430,4566,102996,496
2022-07-10,Stanislaus,099,539301,128242,126897,19660,146557,1686
2022-07-10,Sutter,101,95872,22346,22165,2342,24507,228
2022-07-10,Tehama,103,63373,12864,12716,2796,15512,205
2022-07-10,Trinity,105,12862,1304,1272,323,1595,20
2022-07-10,Tulare,107,460477,113913,113002,31277,144279,1508
2022-07-10,Tuolumne,109,53932,14280,14019,810,14829,194
2022-07-10,Ventura,111,848112,193551,191462,12696,204158,1518
2022-07-10,Yolo,113,214977,44656,44152,3815,47967,323
2022-07-10,Yuba,115,75493,17486,17345,1479,18824,125
2022-07-09,Alameda,001,1643700,316870,312651,17731,330382,1912
2022-07-09,Alpine,003,1148,130,129,1,130,0
2022-07-09,Amador,005,37829,9416,9335,795,10130,87
2022-07-09,Butte,007,227075,36707,36165,8080,44245,438
2022-07-09,Calaveras,009,45235,7960,7895,429,8324,125
2022-07-09,Colusa,011,21464,3613,3586,1142,4728,22
2022-07-09,Contra Costa,013,1133247,230366,224718,17899,242617,1351
2022-07-09,Del Norte,015,27424,6847,6666,335,7001,54
2022-07-09,El Dorado,017,186661,30364,30070,3874,33944,218
2022-07-09,Fresno,019,978130,253369,250379,27376,277755,2786
2022-07-09,Glenn,021,27897,5286,5231,1757,6988,48
2022-07-09,Humboldt,023,135768,19911,19677,4111,23788,149
2022-07-09,Imperial,025,180216,60355,59558,12440,71998,944
2022-07-09,Inyo,027,18085,4332,4297,727,5024,56
2022-07-09,Kern,029,883053,206053,204128,53099,257227,2359
2022-07-09,Kings,031,150075,55116,54725,3692,58417,449
2022-07-09,Lake,033,64148,11796,11685,1035,12720,140
2022-07-09,Lassen,035,31185,9402,9362,934,10296,64
2022-07-09,Los Angeles,037,10098052,3039963,3002013,152803,3154816,32151
2022-07-09,Madera,039,155013,40395,40081,6971,47052,372
2022-07-09,Marin,041,260295,41741,41271,4755,46026,302
2022-07-09,Mariposa,043,17540,2856,2805,287,3092,30
2022-07-09,Mendocino,045,87422,14761,14610,3897,18507,128
2022-07-09,Merced,047,269075,67417,66616,9988,76604,832
2022-07-09,Modoc,049,8938,820,789,289,1078,9
2022-07-09,Mono,051,14174,3132,3119,199,3318,7
2022-07-09,Monterey,053,433212,87836,87002,17658,104660,745
2022-07-09,Napa,055,140530,30090,29807,1311,31118,145
2022-07-09,Nevada,057,99092,17880,17693,1552,19245,131
2022-07-09,Orange,059,3164182,616674,610975,52289,663264,7132
2022-07-09,Placer,061,380077,71070,70401,8742,79143,632
2022-07-09,Plumas,063,18699,3381,3339,406,3745,13
2022-07-09,Riverside,065,2383286,645094,638193,31327,669520,6506
2022-07-09,Sacramento,067,1510023,321507,318556,31100,349656,3108
2022-07-09,San Benito,069,59416,14774,14628,763,15391,100
2022-07-09,San Bernardino,071,2135413,622632,610086,27464,637550,7893
2022-07-09,San Diego,073,3302833,853105,844085,64025,908110,5357
2022-07-09,San Francisco,075,870044,163752,161931,10848,172779,914
2022-07-09,San Joaquin,077,732212,183637,181958,12355,194313,2257
2022-07-09,San Luis Obispo,079,281455,59276,58636,5928,64564,498
2022-07-09,San Mateo,081,765935,154372,152319,9778,162097,723
2022-07-09,Santa Barbara,083,443738,97197,96266,5761,102027,697
2022-07-09,Santa Clara,085,1922200,393302,388270,17034,405304,2360
2022-07-09,Santa Cruz,087,273765,57334,56455,2922,59377,266
2022-07-09,Shasta,089,179085,32815,32536,6692,39228,576
2022-07-09,Sierra,091,2930,290,291,58,349,4
2022-07-09,Siskiyou,093,43540,4891,4855,3057,7912,82
2022-07-09,Solano,095,438530,97000,95651,7004,102655,455
2022-07-09,Sonoma,097,501317,99501,98430,4560,102990,496
2022-07-09,Stanislaus,099,539301,128079,126897,19629,146526,1686
2022-07-09,Sutter,101,95872,22317,22165,2342,24507,228
2022-07-09,Tehama,103,63373,12848,12716,2787,15503,205
2022-07-09,Trinity,105,12862,1304,1272,322,1594,20
2022-07-09,Tulare,107,460477,113803,113002,31219,144221,1508
2022-07-09,Tuolumne,109,53932,14242,14019,808,14827,194
2022-07-09,Ventura,111,848112,193289,191462,12649,204111,1518
2022-07-09,Yolo,113,214977,44606,44152,3801,47953,323
2022-07-09,Yuba,115,75493,17463,17345,1479,18824,125
2022-07-08,Alameda,001,1643700,316348,312651,17688,330339,1912
2022-07-08,Alpine,003,1148,130,129,1,130,0
2022-07-08,Amador,005,37829,9406,9335,793,10128,87
2022-07-08,Butte,007,227075,36676,36165,8066,44231,438
2022-07-08,Calaveras,009,45235,7945,7895,429,8324,125
2022-07-08,Colusa,011,21464,3609,3586,1142,4728,22
2022-07-08,Contra Costa,013,1133247,230014,224718,17850,242568,1351
2022-07-08,Del Norte,015,27424,6836,6666,333,6999,54
2022-07-08,El Dorado,017,186661,30339,30070,3867,33937,218
2022-07-08,Fresno,019,978130,252999,250379,27323,277702,2786
2022-07-08,Glenn,021,27897,5281,5231,1754,6985,48
2022-07-08,Humboldt,023,135768,19898,19677,4100,23777,149
2022-07-08,Imperial,025,180216,60266,59558,12400,71958,944
2022-07-08,Inyo,027,18085,4331,4297,723,5020,56
2022-07-08,Kern,029,883053,205807,204128,52961,257089,2359
2022-07-08,Kings,031,150075,55074,54725,3691,58416,449
2022-07-08,Lake,033,64148,11779,11685,1032,12717,140
2022-07-08,Lassen,035,31185,9396,9362,933,10295,64
2022-07-08,Los Angeles,037,10098052,3035690,3002013,152230,3154243,32151
2022-07-08,Madera,039,155013,40341,40081,6957,47038,372
2022-07-08,Marin,041,260295,41655,41271,4739,46010,302
2022-07-08,Mariposa,043,17540,2853,2805,286,3091,30
2022-07-08,Mendocino,045,87422,14743,14610,3893,18503,128
2022-07-08,Merced,047,269075,67350,66616,9978,76594,832
2022-07-08,Modoc,049,8938,820,789,289,1078,9
2022-07-08,Mono,051,14174,3130,3119,198,3317,7
2022-07-08,Monterey,053,433212,87723,87002,17628,104630,745
2022-07-08,Napa,055,140530,30066,29807,1310,31117,145
2022-07-08,Nevada,057,99092,17872,17693,1550,19243,131
2022-07-08,Orange,059,3164182,615775,610975,52113,663088,7132
2022-07-08,Placer,061,380077,70995,70401,8728,79129,632
2022-07-08,Plumas,063,18699,3376,3339,406,3745,13
2022-07-08,Riverside,065,2383286,644181,638193,31270,669463,6506
2022-07-08,Sacramento,067,1510023,321070,318556,31079,349635,3108
2022-07-08,San Benito,069,59416,14757,14628,760,15388,100
2022-07-08,San Bernardino,071,2135413,621875,610086,27421,637507,7893
2022-07-08,San Diego,073,3302833,851851,844085,63865,907950,5357
2022-07-08,San Francisco,075,870044,163489,161931,10821,172752,914
2022-07-08,San Joaquin,077,732212,183465,181958,12339,194297,2257
2022-07-08,San Luis Obispo,079,281455,59240,58636,5913,64549,498
2022-07-08,San Mateo,081,765935,154081,152319,9764,162083,723
2022-07-08,Santa Barbara,083,443738,97070,96266,5757,102023,697
2022-07-08,Santa Clara,085,1922200,392531,388270,17013,405283,2360
2022-07-08,Santa Cruz,087,273765,57246,56455,2914,59369,266
2022-07-08,Shasta,089,179085,32785,32536,6684,39220,576
2022-07-08,Sierra,091,2930,290,291,58,349,4
2022-07-08,Siskiyou,093,43540,4886,4855,3054,7909,82
2022-07-08,Solano,095,438530,96882,95651,6993,102644,455
2022-07-08,Sonoma,097,501317,99355,98430,4543,102973,496
2022-07-08,Stanislaus,099,539301,127941,126897,19616,146513,1686
2022-07-08,Sutter,101,95872,22292,22165,2341,24506,228
2022-07-08,Tehama,103,63373,12836,12716,2785,15501,205
2022-07-08,Trinity,105,12862,1302,1272,321,1593,20
2022-07-08,Tulare,107,460477,113683,113002,31151,144153,1508
2022-07-08,Tuolumne,109,53932,14211,14019,802,14821,194
2022-07-08,Ventura,111,848112,193050,191462,12610,204072,1518
2022-07-08,Yolo,113,214977,44554,44152,3789,47941,323
2022-07-08,Yuba,115,75493,17447,17345,1478,18823,125
2022-07-07,Alameda,001,1643700,315543,312651,17641,330292,1912
2022-07-07,Alpine,003,1148,129,129,1,130,0
2022-07-07,Amador,005,37829,9390,9335,786,10121,87
2022-07-07,Butte,007,227075,36612,36165,8046,44211,438
2022-07-07,Calaveras,009,45235,7936,7895,424,8319,125
2022-07-07,Colusa,011,21464,3604,3586,1141,4727,22
2022-07-07,Contra Costa,013,1133247,229467,224718,17774,242492,1351
2022-07-07,Del Norte,015,27424,6810,6666,329,6995,54
2022-07-07,El Dorado,017,186661,30288,30070,3856,33926,218
2022-07-07,Fresno,019,978130,252451,250379,27220,277599,2786
2022-07-07,Glenn,021,27897,5275,5231,1752,6983,48
2022-07-07,Humboldt,023,135768,19853,19677,4084,23761,149
2022-07-07,Imperial,025,180216,60091,59558,12290,71848,944
2022-07-07,Inyo,027,18085,4328,4297,715,5012,56
2022-07-07,Kern,029,883053,205506,204128,52754,256882,2359
2022-07-07,Kings,031,150075,54997,54725,3687,58412,449
2022-07-07,Lake,033,64148,11758,11685,1032,12717,140
2022-07-07,Lassen,035,31185,9395,9362,933,10295,64
2022-07-07,Los Angeles,037,10098052,3029364,3002013,151548,3153561,32151
2022-07-07,Madera,039,155013,40261,40081,6941,47022,372
2022-07-07,Marin,041,260295,41577,41271,4728,45999,302
2022-07-07,Mariposa,043,17540,2846,2805,283,3088,30
2022-07-07,Mendocino,045,87422,14726,14610,3888,18498,128
2022-07-07,Merced,047,269075,67238,66616,9945,76561,832
2022-07-07,Modoc,049,8938,815,789,286,1075,9
2022-07-07,Mono,051,14174,3129,3119,196,3315,7
2022-07-07,Monterey,053,433212,87564,87002,17565,104567,745
2022-07-07,Napa,055,140530,29996,29807,1302,31109,145
2022-07-07,Nevada,057,99092,17842,17693,1545,19238,131
2022-07-07,Orange,059,3164182,614389,610975,51909,662884,7132
2022-07-07,Placer,061,380077,70885,70401,8703,79104,632
2022-07-07,Plumas,063,18699,3369,3339,405,3744,13
2022-07-07,Riverside,065,2383286,642863,638193,31207,669400,6506
2022-07-07,Sacramento,067,1510023,320434,318556,31030,349586,3108
2022-07-07,San Benito,069,59416,14727,14628,760,15388,100
2022-07-07,San Bernardino,071,2135413,620560,610086,27357,637443,7893
2022-07-07,San Diego,073,3302833,849936,844085,63636,907721,5357
2022-07-07,San Francisco,075,870044,163109,161931,10768,172699,914
2022-07-07,San Joaquin,077,732212,183131,181958,12288,194246,2257
2022-07-07,San Luis Obispo,079,281455,59161,58636,5881,64517,498
2022-07-07,San Mateo,081,765935,153741,152319,9755,162074,723
2022-07-07,Santa Barbara,083,443738,96876,96266,5742,102008,697
2022-07-07,Santa Clara,085,1922200,391549,388270,16966,405236,2360
2022-07-07,Santa Cruz,087,273765,57090,56455,2900,59355,266
2022-07-07,Shasta,089,179085,32750,32536,6667,39203,576
2022-07-07,Sierra,091,2930,289,291,57,348,4
2022-07-07,Siskiyou,093,43540,4879,4855,3048,7903,82
2022-07-07,Solano,095,438530,96609,95651,6982,102633,455
2022-07-07,Sonoma,097,501317,99218,98430,4524,102954,496
2022-07-07,Stanislaus,099,539301,127741,126897,19579,146476,1686
2022-07-07,Sutter,101,95872,22246,22165,2339,24504,228
2022-07-07,Tehama,103,63373,12819,12716,2776,15492,205
2022-07-07,Trinity,105,12862,1297,1272,320,1592,20
2022-07-07,Tulare,107,460477,113475,113002,31058,144060,1508
2022-07-07,Tuolumne,109,53932,14174,14019,797,14816,194
2022-07-07,Ventura,111,848112,192730,191462,12529,203991,1518
2022-07-07,Yolo,113,214977,44497,44152,3776,47928,323
2022-07-07,Yuba,115,75493,17413,17345,1476,18821,125
2022-07-06,Alameda,001,1643700,314707,310551,17597,328148,1899
2022-07-06,Alpine,003,1148,129,129,1,130,0
2022-07-06,Amador,005,37829,9371,9301,786,10087,87
2022-07-06,Butte,007,227075,36548,36053,8030,44083,436
2022-07-06,Calaveras,009,45235,7927,7873,422,8295,124
2022-07-06,Colusa,011,21464,3601,3579,1140,4719,22
2022-07-06,Contra Costa,013,1133247,228952,223500,17719,241219,1348
2022-07-06,Del Norte,015,27424,6780,6623,327,6950,54
2022-07-06,El Dorado,017,186661,30244,29953,3844,33797,218
2022-07-06,Fresno,019,978130,251894,249480,27140,276620,2786
2022-07-06,Glenn,021,27897,5270,5222,1752,6974,48
2022-07-06,Humboldt,023,135768,19806,19608,4073,23681,149
2022-07-06,Imperial,025,180216,59892,59184,12202,71386,944
2022-07-06,Inyo,027,18085,4322,4282,709,4991,56
2022-07-06,Kern,029,883053,205183,203587,52538,256125,2353
2022-07-06,Kings,031,150075,54880,54560,3682,58242,449
2022-07-06,Lake,033,64148,11739,11659,1032,12691,140
2022-07-06,Lassen,035,31185,9378,9350,933,10283,64
2022-07-06,Los Angeles,037,10098052,3022929,2991161,150840,3142001,32116
2022-07-06,Madera,039,155013,40191,39952,6919,46871,372
2022-07-06,Marin,041,260295,41509,41036,4718,45754,302
2022-07-06,Mariposa,043,17540,2836,2797,283,3080,30
2022-07-06,Mendocino,045,87422,14698,14540,3876,18416,127
2022-07-06,Merced,047,269075,67115,66420,9922,76342,832
2022-07-06,Modoc,049,8938,809,788,284,1072,8
2022-07-06,Mono,051,14174,3128,3109,196,3305,7
2022-07-06,Monterey,053,433212,87406,86639,17499,104138,744
2022-07-06,Napa,055,140530,29935,29690,1300,30990,144
2022-07-06,Nevada,057,99092,17813,17660,1539,19199,131
2022-07-06,Orange,059,3164182,612868,608084,51708,659792,7125
2022-07-06,Placer,061,380077,70771,70113,8682,78795,632
2022-07-06,Plumas,063,18699,3358,3316,404,3720,13
2022-07-06,Riverside,065,2383286,641503,636209,31135,667344,6505
2022-07-06,Sacramento,067,1510023,319750,317315,30985,348300,3104
2022-07-06,San Benito,069,59416,14685,14556,749,15305,100
2022-07-06,San Bernardino,071,2135413,619313,608119,27280,635399,7870
2022-07-06,San Diego,073,3302833,847810,839970,63383,903353,5349
2022-07-06,San Francisco,075,870044,162693,160612,10736,171348,910
2022-07-06,San Joaquin,077,732212,182816,181448,12258,193706,2256
2022-07-06,San Luis Obispo,079,281455,59049,58488,5842,64330,496
2022-07-06,San Mateo,081,765935,153342,151344,9724,161068,723
2022-07-06,Santa Barbara,083,443738,96685,95918,5721,101639,702
2022-07-06,Santa Clara,085,1922200,390454,385553,16901,402454,2358
2022-07-06,Santa Cruz,087,273765,56948,56307,2882,59189,267
2022-07-06,Shasta,089,179085,32697,32444,6644,39088,570
2022-07-06,Sierra,091,2930,289,290,57,347,4
2022-07-06,Siskiyou,093,43540,4872,4841,3042,7883,82
2022-07-06,Solano,095,438530,96358,95181,6957,102138,455
2022-07-06,Sonoma,097,501317,99035,98031,4506,102537,495
2022-07-06,Stanislaus,099,539301,127518,126492,19548,146040,1682
2022-07-06,Sutter,101,95872,22195,22089,2338,24427,228
2022-07-06,Tehama,103,63373,12808,12680,2770,15450,205
2022-07-06,Trinity,105,12862,1289,1263,316,1579,20
2022-07-06,Tulare,107,460477,113262,112684,30966,143650,1500
2022-07-06,Tuolumne,109,53932,14141,13960,785,14745,189
2022-07-06,Ventura,111,848112,192347,190794,12454,203248,1517
2022-07-06,Yolo,113,214977,44414,43171,3756,46927,324
2022-07-06,Yuba,115,75493,17375,17277,1470,18747,124
2022-07-05,Alameda,001,1643700,313717,310551,17543,328094,1899
2022-07-05,Alpine,003,1148,129,129,1,130,0
2022-07-05,Amador,005,37829,9356,9301,782,10083,87
2022-07-05,Butte,007,227075,36465,36053,8009,44062,436
2022-07-05,Calaveras,009,45235,7916,7873,421,8294,124
2022-07-05,Colusa,011,21464,3596,3579,1138,4717,22
2022-07-05,Contra Costa,013,1133247,228322,223500,17643,241143,1348
2022-07-05,Del Norte,015,27424,6754,6623,322,6945,54
2022-07-05,El Dorado,017,186661,30194,29953,3835,33788,218
2022-07-05,Fresno,019,978130,251295,249480,27053,276533,2786
2022-07-05,Glenn,021,27897,5261,5222,1751,6973,48
2022-07-05,Humboldt,023,135768,19768,19608,4062,23670,149
2022-07-05,Imperial,025,180216,59751,59184,12103,71287,944
2022-07-05,Inyo,027,18085,4308,4282,699,4981,56
2022-07-05,Kern,029,883053,204748,203587,52304,255891,2353
2022-07-05,Kings,031,150075,54752,54560,3669,58229,449
2022-07-05,Lake,033,64148,11716,11659,1029,12688,140
2022-07-05,Lassen,035,31185,9367,9350,933,10283,64
2022-07-05,Los Angeles,037,10098052,3016015,2991161,150083,3141244,32116
2022-07-05,Madera,039,155013,40106,39952,6894,46846,372
2022-07-05,Marin,041,260295,41408,41036,4708,45744,302
2022-07-05,Mariposa,043,17540,2826,2797,280,3077,30
2022-07-05,Mendocino,045,87422,14652,14540,3860,18400,127
2022-07-05,Merced,047,269075,66995,66420,9891,76311,832
2022-07-05,Modoc,049,8938,801,788,284,1072,8
2022-07-05,Mono,051,14174,3125,3109,193,3302,7
2022-07-05,Monterey,053,433212,87242,86639,17447,104086,744
2022-07-05,Napa,055,140530,29883,29690,1295,30985,144
2022-07-05,Nevada,057,99092,17774,17660,1529,19189,131
2022-07-05,Orange,059,3164182,611317,608084,51469,659553,7125
2022-07-05,Placer,061,380077,70666,70113,8661,78774,632
2022-07-05,Plumas,063,18699,3348,3316,403,3719,13
2022-07-05,Riverside,065,2383286,640036,636209,31049,667258,6505
2022-07-05,Sacramento,067,1510023,319104,317315,30917,348232,3104
2022-07-05,San Benito,069,59416,14651,14556,742,15298,100
2022-07-05,San Bernardino,071,2135413,617988,608119,27202,635321,7870
2022-07-05,San Diego,073,3302833,845458,839970,63150,903120,5349
2022-07-05,San Francisco,075,870044,162184,160612,10710,171322,910
2022-07-05,San Joaquin,077,732212,182456,181448,12187,193635,2256
2022-07-05,San Luis Obispo,079,281455,58891,58488,5799,64287,496
2022-07-05,San Mateo,081,765935,152865,151344,9701,161045,723
2022-07-05,Santa Barbara,083,443738,96461,95918,5692,101610,702
2022-07-05,Santa Clara,085,1922200,389290,385553,16847,402400,2358
2022-07-05,Santa Cruz,087,273765,56773,56307,2866,59173,267
2022-07-05,Shasta,089,179085,32654,32444,6620,39064,570
2022-07-05,Sierra,091,2930,289,290,57,347,4
2022-07-05,Siskiyou,093,43540,4865,4841,3030,7871,82
2022-07-05,Solano,095,438530,96080,95181,6934,102115,455
2022-07-05,Sonoma,097,501317,98790,98031,4488,102519,495
2022-07-05,Stanislaus,099,539301,127277,126492,19507,145999,1682
2022-07-05,Sutter,101,95872,22153,22089,2336,24425,228
2022-07-05,Tehama,103,63373,12783,12680,2766,15446,205
2022-07-05,Trinity,105,12862,1280,1263,314,1577,20
2022-07-05,Tulare,107,460477,113024,112684,30885,143569,1500
2022-07-05,Tuolumne,109,53932,14107,13960,778,14738,189
2022-07-05,Ventura,111,848112,191948,190794,12391,203185,1517
2022-07-05,Yolo,113,214977,44328,43171,3746,46917,324
2022-07-05,Yuba,115,75493,17346,17277,1469,18746,124
2022-07-04,Alameda,001,1643700,312567,310551,17458,328009,1899
2022-07-04,Alpine,003,1148,129,129,1,130,0
2022-07-04,Amador,005,37829,9343,9301,781,10082,87
2022-07-04,Butte,007,227075,36355,36053,7991,44044,436
2022-07-04,Calaveras,009,45235,7906,7873,421,8294,124
2022-07-04,Colusa,011,21464,3592,3579,1136,4715,22
2022-07-04,Contra Costa,013,1133247,227610,223500,17542,241042,1348
2022-07-04,Del Norte,015,27424,6721,6623,318,6941,54
2022-07-04,El Dorado,017,186661,30109,29953,3817,33770,218
2022-07-04,Fresno,019,978130,250653,249480,26923,276403,2786
2022-07-04,Glenn,021,27897,5253,5222,1745,6967,48
2022-07-04,Humboldt,023,135768,19697,19608,4048,23656,149
2022-07-04,Imperial,025,180216,59543,59184,11983,71167,944
2022-07-04,Inyo,027,18085,4305,4282,689,4971,56
2022-07-04,Kern,029,883053,204300,203587,52028,255615,2353
2022-07-04,Kings,031,150075,54602,54560,3665,58225,449
2022-07-04,Lake,033,64148,11703,11659,1027,12686,140
2022-07-04,Lassen,035,31185,9359,9350,932,10282,64
2022-07-04,Los Angeles,037,10098052,3007548,2991161,149173,3140334,32116
2022-07-04,Madera,039,155013,40012,39952,6868,46820,372
2022-07-04,Marin,041,260295,41291,41036,4697,45733,302
2022-07-04,Mariposa,043,17540,2816,2797,275,3072,30
2022-07-04,Mendocino,045,87422,14616,14540,3814,18354,127
2022-07-04,Merced,047,269075,66866,66420,9843,76263,832
2022-07-04,Modoc,049,8938,793,788,280,1068,8
2022-07-04,Mono,051,14174,3123,3109,191,3300,7
2022-07-04,Monterey,053,433212,87049,86639,17376,104015,744
2022-07-04,Napa,055,140530,29819,29690,1291,30981,144
2022-07-04,Nevada,057,99092,17732,17660,1521,19181,131
2022-07-04,Orange,059,3164182,609523,608084,51167,659251,7125
2022-07-04,Placer,061,380077,70490,70113,8631,78744,632
2022-07-04,Plumas,063,18699,3330,3316,402,3718,13
2022-07-04,Riverside,065,2383286,638392,636209,30954,667163,6505
2022-07-04,Sacramento,067,1510023,318333,317315,30825,348140,3104
2022-07-04,San Benito,069,59416,14595,14556,737,15293,100
2022-07-04,San Bernardino,071,2135413,616387,608119,27127,635246,7870
2022-07-04,San Diego,073,3302833,842829,839970,62819,902789,5349
2022-07-04,San Francisco,075,870044,161575,160612,10649,171261,910
2022-07-04,San Joaquin,077,732212,182058,181448,12120,193568,2256
2022-07-04,San Luis Obispo,079,281455,58702,58488,5728,64216,496
2022-07-04,San Mateo,081,765935,152357,151344,9661,161005,723
2022-07-04,Santa Barbara,083,443738,96237,95918,5669,101587,702
2022-07-04,Santa Clara,085,1922200,387796,385553,16794,402347,2358
2022-07-04,Santa Cruz,087,273765,56575,56307,2844,59151,267
2022-07-04,Shasta,089,179085,32577,32444,6591,39035,570
2022-07-04,Sierra,091,2930,289,290,57,347,4
2022-07-04,Siskiyou,093,43540,4858,4841,3022,7863,82
2022-07-04,Solano,095,438530,95752,95181,6900,102081,455
2022-07-04,Sonoma,097,501317,98495,98031,4461,102492,495
2022-07-04,Stanislaus,099,539301,126987,126492,19455,145947,1682
2022-07-04,Sutter,101,95872,22107,22089,2334,24423,228
2022-07-04,Tehama,103,63373,12757,12680,2752,15432,205
2022-07-04,Trinity,105,12862,1275,1263,312,1575,20
2022-07-04,Tulare,107,460477,112786,112684,30773,143457,1500
2022-07-04,Tuolumne,109,53932,14065,13960,774,14734,189
2022-07-04,Ventura,111,848112,191478,190794,12285,203079,1517
2022-07-04,Yolo,113,214977,44235,43171,3728,46899,324
2022-07-04,Yuba,115,75493,17307,17277,1469,18746,124
2022-07-03,Alameda,001,1643700,312009,307672,17428,325100,1898
2022-07-03,Alpine,003,1148,129,129,1,130,0
2022-07-03,Amador,005,37829,9335,9243,778,10021,87
2022-07-03,Butte,007,227075,36341,35846,7984,43830,436
2022-07-03,Calaveras,009,45235,7890,7836,421,8257,124
2022-07-03,Colusa,011,21464,3590,3566,1134,4700,22
2022-07-03,Contra Costa,013,1133247,227257,221545,17510,239055,1343
2022-07-03,Del Norte,015,27424,6712,6543,317,6860,53
2022-07-03,El Dorado,017,186661,30077,29764,3811,33575,217
2022-07-03,Fresno,019,978130,250402,247952,26887,274839,2783
2022-07-03,Glenn,021,27897,5252,5211,1742,6953,48
2022-07-03,Humboldt,023,135768,19675,19516,4039,23555,149
2022-07-03,Imperial,025,180216,59468,58768,11944,70712,944
2022-07-03,Inyo,027,18085,4301,4261,687,4948,56
2022-07-03,Kern,029,883053,204158,202502,51873,254375,2352
2022-07-03,Kings,031,150075,54577,54262,3663,57925,449
2022-07-03,Lake,033,64148,11692,11595,1027,12622,140
2022-07-03,Lassen,035,31185,9356,9336,931,10267,64
2022-07-03,Los Angeles,037,10098052,3004779,2969395,148806,3118201,32089
2022-07-03,Madera,039,155013,39985,39738,6863,46601,372
2022-07-03,Marin,041,260295,41221,40653,4688,45341,297
2022-07-03,Mariposa,043,17540,2812,2780,274,3054,30
2022-07-03,Mendocino,045,87422,14604,14464,3813,18277,127
2022-07-03,Merced,047,269075,66817,66093,9838,75931,832
2022-07-03,Modoc,049,8938,793,787,280,1067,8
2022-07-03,Mono,051,14174,3122,3099,190,3289,7
2022-07-03,Monterey,053,433212,86937,86212,17322,103534,744
2022-07-03,Napa,055,140530,29799,29486,1288,30774,145
2022-07-03,Nevada,057,99092,17713,17546,1514,19060,131
2022-07-03,Orange,059,3164182,608981,603511,51026,654537,7114
2022-07-03,Placer,061,380077,70404,69606,8617,78223,631
2022-07-03,Plumas,063,18699,3323,3294,402,3696,13
2022-07-03,Riverside,065,2383286,637821,632038,30911,662949,6502
2022-07-03,Sacramento,067,1510023,318064,315165,30804,345969,3100
2022-07-03,San Benito,069,59416,14588,14420,736,15156,100
2022-07-03,San Bernardino,071,2135413,615786,604093,27092,631185,7860
2022-07-03,San Diego,073,3302833,842099,834116,62746,896862,5341
2022-07-03,San Francisco,075,870044,161240,158871,10637,169508,910
2022-07-03,San Joaquin,077,732212,181887,180368,12082,192450,2256
2022-07-03,San Luis Obispo,079,281455,58633,58079,5718,63797,489
2022-07-03,San Mateo,081,765935,152052,149812,9644,159456,723
2022-07-03,Santa Barbara,083,443738,96129,95214,5657,100871,699
2022-07-03,Santa Clara,085,1922200,387071,381630,16764,398394,2355
2022-07-03,Santa Cruz,087,273765,56514,55757,2823,58580,267
2022-07-03,Shasta,089,179085,32542,32280,6581,38861,570
2022-07-03,Sierra,091,2930,288,283,57,340,4
2022-07-03,Siskiyou,093,43540,4854,4808,3020,7828,82
2022-07-03,Solano,095,438530,95677,94437,6895,101332,455
2022-07-03,Sonoma,097,501317,98385,97379,4456,101835,495
2022-07-03,Stanislaus,099,539301,126867,125788,19440,145228,1681
2022-07-03,Sutter,101,95872,22086,21935,2333,24268,228
2022-07-03,Tehama,103,63373,12739,12615,2750,15365,205
2022-07-03,Trinity,105,12862,1274,1256,309,1565,20
2022-07-03,Tulare,107,460477,112688,112118,30735,142853,1500
2022-07-03,Tuolumne,109,53932,14042,13886,771,14657,189
2022-07-03,Ventura,111,848112,191267,189493,12264,201757,1517
2022-07-03,Yolo,113,214977,44192,42760,3718,46478,324
2022-07-03,Yuba,115,75493,17293,17168,1468,18636,124
2022-07-02,Alameda,001,1643700,311630,307672,17400,325072,1898
2022-07-02,Alpine,003,1148,129,129,1,130,0
2022-07-02,Amador,005,37829,9319,9243,777,10020,87
2022-07-02,Butte,007,227075,36316,35846,7971,43817,436
2022-07-02,Calaveras,009,45235,7884,7836,421,8257,124
2022-07-02,Colusa,011,21464,3586,3566,1132,4698,22
2022-07-02,Contra Costa,013,1133247,226911,221545,17458,239003,1343
2022-07-02,Del Norte,015,27424,6702,6543,317,6860,53
2022-07-02,El Dorado,017,186661,30043,29764,3807,33571,217
2022-07-02,Fresno,019,978130,250176,247952,26850,274802,2783
2022-07-02,Glenn,021,27897,5247,5211,1741,6952,48
2022-07-02,Humboldt,023,135768,19649,19516,4035,23551,149
2022-07-02,Imperial,025,180216,59390,58768,11923,70691,944
2022-07-02,Inyo,027,18085,4297,4261,685,4946,56
2022-07-02,Kern,029,883053,204005,202502,51713,254215,2352
2022-07-02,Kings,031,150075,54532,54262,3663,57925,449
2022-07-02,Lake,033,64148,11683,11595,1025,12620,140
2022-07-02,Lassen,035,31185,9355,9336,930,10266,64
2022-07-02,Los Angeles,037,10098052,3002065,2969395,148381,3117776,32089
2022-07-02,Madera,039,155013,39955,39738,6859,46597,372
2022-07-02,Marin,041,260295,41159,40653,4671,45324,297
2022-07-02,Mariposa,043,17540,2808,2780,273,3053,30
2022-07-02,Mendocino,045,87422,14576,14464,3813,18277,127
2022-07-02,Merced,047,269075,66758,66093,9829,75922,832
2022-07-02,Modoc,049,8938,793,787,279,1066,8
2022-07-02,Mono,051,14174,3119,3099,190,3289,7
2022-07-02,Monterey,053,433212,86847,86212,17284,103496,744
2022-07-02,Napa,055,140530,29770,29486,1287,30773,145
2022-07-02,Nevada,057,99092,17698,17546,1508,19054,131
2022-07-02,Orange,059,3164182,608331,603511,50870,654381,7114
2022-07-02,Placer,061,380077,70312,69606,8603,78209,631
2022-07-02,Plumas,063,18699,3314,3294,402,3696,13
2022-07-02,Riverside,065,2383286,637226,632038,30866,662904,6502
2022-07-02,Sacramento,067,1510023,317729,315165,30781,345946,3100
2022-07-02,San Benito,069,59416,14569,14420,727,15147,100
2022-07-02,San Bernardino,071,2135413,615248,604093,27057,631150,7860
2022-07-02,San Diego,073,3302833,841293,834116,62683,896799,5341
2022-07-02,San Francisco,075,870044,160956,158871,10613,169484,910
2022-07-02,San Joaquin,077,732212,181755,180368,12056,192424,2256
2022-07-02,San Luis Obispo,079,281455,58584,58079,5704,63783,489
2022-07-02,San Mateo,081,765935,151795,149812,9624,159436,723
2022-07-02,Santa Barbara,083,443738,96002,95214,5646,100860,699
2022-07-02,Santa Clara,085,1922200,386335,381630,16734,398364,2355
2022-07-02,Santa Cruz,087,273765,56455,55757,2813,58570,267
2022-07-02,Shasta,089,179085,32513,32280,6570,38850,570
2022-07-02,Sierra,091,2930,288,283,57,340,4
2022-07-02,Siskiyou,093,43540,4847,4808,3019,7827,82
2022-07-02,Solano,095,438530,95606,94437,6881,101318,455
2022-07-02,Sonoma,097,501317,98280,97379,4448,101827,495
2022-07-02,Stanislaus,099,539301,126748,125788,19424,145212,1681
2022-07-02,Sutter,101,95872,22067,21935,2333,24268,228
2022-07-02,Tehama,103,63373,12716,12615,2749,15364,205
2022-07-02,Trinity,105,12862,1272,1256,308,1564,20
2022-07-02,Tulare,107,460477,112586,112118,30693,142811,1500
2022-07-02,Tuolumne,109,53932,14029,13886,762,14648,189
2022-07-02,Ventura,111,848112,191095,189493,12239,201732,1517
2022-07-02,Yolo,113,214977,44147,42760,3711,46471,324
2022-07-02,Yuba,115,75493,17281,17168,1468,18636,124
2022-07-01,Alameda,001,1643700,311146,307672,17372,325044,1898
2022-07-01,Alpine,003,1148,129,129,1,130,0
2022-07-01,Amador,005,37829,9314,9243,775,10018,87
2022-07-01,Butte,007,227075,36289,35846,7953,43799,436
2022-07-01,Calaveras,009,45235,7873,7836,421,8257,124
2022-07-01,Colusa,011,21464,3583,3566,1132,4698,22
2022-07-01,Contra Costa,013,1133247,226609,221545,17415,238960,1343
2022-07-01,Del Norte,015,27424,6682,6543,315,6858,53
2022-07-01,El Dorado,017,186661,30018,29764,3799,33563,217
2022-07-01,Fresno,019,978130,249889,247952,26795,274747,2783
2022-07-01,Glenn,021,27897,5247,5211,1741,6952,48
2022-07-01,Humboldt,023,135768,19627,19516,4026,23542,149
2022-07-01,Imperial,025,180216,59314,58768,11896,70664,944
2022-07-01,Inyo,027,18085,4290,4261,679,4940,56
2022-07-01,Kern,029,883053,203799,202502,51579,254081,2352
2022-07-01,Kings,031,150075,54499,54262,3659,57921,449
2022-07-01,Lake,033,64148,11672,11595,1024,12619,140
2022-07-01,Lassen,035,31185,9352,9336,930,10266,64
2022-07-01,Los Angeles,037,10098052,2998584,2969395,147870,3117265,32089
2022-07-01,Madera,039,155013,39912,39738,6845,46583,372
2022-07-01,Marin,041,260295,41086,40653,4658,45311,297
2022-07-01,Mariposa,043,17540,2806,2780,272,3052,30
2022-07-01,Mendocino,045,87422,14556,14464,3809,18273,127
2022-07-01,Merced,047,269075,66674,66093,9825,75918,832
2022-07-01,Modoc,049,8938,793,787,278,1065,8
2022-07-01,Mono,051,14174,3111,3099,189,3288,7
2022-07-01,Monterey,053,433212,86764,86212,17253,103465,744
2022-07-01,Napa,055,140530,29726,29486,1287,30773,145
2022-07-01,Nevada,057,99092,17678,17546,1503,19049,131
2022-07-01,Orange,059,3164182,607618,603511,50714,654225,7114
2022-07-01,Placer,061,380077,70245,69606,8583,78189,631
2022-07-01,Plumas,063,18699,3312,3294,402,3696,13
2022-07-01,Riverside,065,2383286,636511,632038,30813,662851,6502
2022-07-01,Sacramento,067,1510023,317350,315165,30764,345929,3100
2022-07-01,San Benito,069,59416,14551,14420,726,15146,100
2022-07-01,San Bernardino,071,2135413,614600,604093,27023,631116,7860
2022-07-01,San Diego,073,3302833,840257,834116,62544,896660,5341
2022-07-01,San Francisco,075,870044,160681,158871,10573,169444,910
2022-07-01,San Joaquin,077,732212,181613,180368,12024,192392,2256
2022-07-01,San Luis Obispo,079,281455,58556,58079,5692,63771,489
2022-07-01,San Mateo,081,765935,151519,149812,9604,159416,723
2022-07-01,Santa Barbara,083,443738,95886,95214,5637,100851,699
2022-07-01,Santa Clara,085,1922200,385636,381630,16698,398328,2355
2022-07-01,Santa Cruz,087,273765,56389,55757,2800,58557,267
2022-07-01,Shasta,089,179085,32493,32280,6560,38840,570
2022-07-01,Sierra,091,2930,288,283,57,340,4
2022-07-01,Siskiyou,093,43540,4843,4808,3017,7825,82
2022-07-01,Solano,095,438530,95440,94437,6867,101304,455
2022-07-01,Sonoma,097,501317,98160,97379,4429,101808,495
2022-07-01,Stanislaus,099,539301,126619,125788,19398,145186,1681
2022-07-01,Sutter,101,95872,22038,21935,2333,24268,228
2022-07-01,Tehama,103,63373,12707,12615,2747,15362,205
2022-07-01,Trinity,105,12862,1271,1256,308,1564,20
2022-07-01,Tulare,107,460477,112490,112118,30651,142769,1500
2022-07-01,Tuolumne,109,53932,14010,13886,755,14641,189
2022-07-01,Ventura,111,848112,190884,189493,12203,201696,1517
2022-07-01,Yolo,113,214977,44112,42760,3696,46456,324
2022-07-01,Yuba,115,75493,17260,17168,1468,18636,124
2022-06-30,Alameda,001,1643700,310323,307672,17317,324989,1898
2022-06-30,Alpine,003,1148,129,129,1,130,0
2022-06-30,Amador,005,37829,9304,9243,772,10015,87
2022-06-30,Butte,007,227075,36239,35846,7936,43782,436
2022-06-30,Calaveras,009,45235,7862,7836,420,8256,124
2022-06-30,Colusa,011,21464,3579,3566,1130,4696,22
2022-06-30,Contra Costa,013,1133247,226059,221545,17344,238889,1343
2022-06-30,Del Norte,015,27424,6665,6543,312,6855,53
2022-06-30,El Dorado,017,186661,29973,29764,3790,33554,217
2022-06-30,Fresno,019,978130,249492,247952,26749,274701,2783
2022-06-30,Glenn,021,27897,5244,5211,1741,6952,48
2022-06-30,Humboldt,023,135768,19590,19516,4020,23536,149
2022-06-30,Imperial,025,180216,59200,58768,11864,70632,944
2022-06-30,Inyo,027,18085,4284,4261,679,4940,56
2022-06-30,Kern,029,883053,203481,202502,51395,253897,2352
2022-06-30,Kings,031,150075,54423,54262,3656,57918,449
2022-06-30,Lake,033,64148,11653,11595,1021,12616,140
2022-06-30,Lassen,035,31185,9349,9336,929,10265,64
2022-06-30,Los Angeles,037,10098052,2993196,2969395,147279,3116674,32089
2022-06-30,Madera,039,155013,39846,39738,6818,46556,372
2022-06-30,Marin,041,260295,41002,40653,4651,45304,297
2022-06-30,Mariposa,043,17540,2799,2780,270,3050,30
2022-06-30,Mendocino,045,87422,14540,14464,3803,18267,127
2022-06-30,Merced,047,269075,66574,66093,9808,75901,832
2022-06-30,Modoc,049,8938,792,787,277,1064,8
2022-06-30,Mono,051,14174,3109,3099,188,3287,7
2022-06-30,Monterey,053,433212,86616,86212,17190,103402,744
2022-06-30,Napa,055,140530,29669,29486,1281,30767,145
2022-06-30,Nevada,057,99092,17650,17546,1496,19042,131
2022-06-30,Orange,059,3164182,606452,603511,50518,654029,7114
2022-06-30,Placer,061,380077,70095,69606,8555,78161,631
2022-06-30,Plumas,063,18699,3307,3294,401,3695,13
2022-06-30,Riverside,065,2383286,635412,632038,30743,662781,6502
2022-06-30,Sacramento,067,1510023,316766,315165,30723,345888,3100
2022-06-30,San Benito,069,59416,14515,14420,723,15143,100
2022-06-30,San Bernardino,071,2135413,613551,604093,26981,631074,7860
2022-06-30,San Diego,073,3302833,838738,834116,62333,896449,5341
2022-06-30,San Francisco,075,870044,160261,158871,10543,169414,910
2022-06-30,San Joaquin,077,732212,181333,180368,11992,192360,2256
2022-06-30,San Luis Obispo,079,281455,58456,58079,5664,63743,489
2022-06-30,San Mateo,081,765935,151108,149812,9570,159382,723
2022-06-30,Santa Barbara,083,443738,95688,95214,5625,100839,699
2022-06-30,Santa Clara,085,1922200,384538,381630,16654,398284,2355
2022-06-30,Santa Cruz,087,273765,56270,55757,2786,58543,267
2022-06-30,Shasta,089,179085,32453,32280,6541,38821,570
2022-06-30,Sierra,091,2930,288,283,57,340,4
2022-06-30,Siskiyou,093,43540,4835,4808,3010,7818,82
2022-06-30,Solano,095,438530,95240,94437,6837,101274,455
2022-06-30,Sonoma,097,501317,97996,97379,4408,101787,495
2022-06-30,Stanislaus,099,539301,126424,125788,19368,145156,1681
2022-06-30,Sutter,101,95872,22005,21935,2331,24266,228
2022-06-30,Tehama,103,63373,12686,12615,2744,15359,205
2022-06-30,Trinity,105,12862,1265,1256,306,1562,20
2022-06-30,Tulare,107,460477,112341,112118,30575,142693,1500
2022-06-30,Tuolumne,109,53932,13991,13886,749,14635,189
2022-06-30,Ventura,111,848112,190540,189493,12128,201621,1517
2022-06-30,Yolo,113,214977,44041,42760,3678,46438,324
2022-06-30,Yuba,115,75493,17232,17168,1462,18630,124
2022-06-29,Alameda,001,1643700,309525,305288,17276,322564,1895
2022-06-29,Alpine,003,1148,129,129,1,130,0
2022-06-29,Amador,005,37829,9297,9205,772,9977,87
2022-06-29,Butte,007,227075,36192,35651,7920,43571,434
2022-06-29,Calaveras,009,45235,7850,7798,417,8215,124
2022-06-29,Colusa,011,21464,3576,3548,1128,4676,22
2022-06-29,Contra Costa,013,1133247,225576,219921,17290,237211,1339
2022-06-29,Del Norte,015,27424,6640,6484,308,6792,53
2022-06-29,El Dorado,017,186661,29915,29549,3774,33323,216
2022-06-29,Fresno,019,978130,249098,246740,26684,273424,2777
2022-06-29,Glenn,021,27897,5243,5192,1739,6931,48
2022-06-29,Humboldt,023,135768,19564,19411,4010,23421,149
2022-06-29,Imperial,025,180216,59081,58498,11817,70315,944
2022-06-29,Inyo,027,18085,4280,4243,674,4917,56
2022-06-29,Kern,029,883053,203196,201537,51218,252755,2343
2022-06-29,Kings,031,150075,54333,54031,3654,57685,448
2022-06-29,Lake,033,64148,11626,11548,1017,12565,140
2022-06-29,Lassen,035,31185,9344,9310,929,10239,64
2022-06-29,Los Angeles,037,10098052,2987586,2955489,146686,3102175,32062
2022-06-29,Madera,039,155013,39795,39554,6809,46363,372
2022-06-29,Marin,041,260295,40898,40397,4645,45042,297
2022-06-29,Mariposa,043,17540,2797,2753,270,3023,30
2022-06-29,Mendocino,045,87422,14511,14383,3787,18170,127
2022-06-29,Merced,047,269075,66480,65733,9796,75529,830
2022-06-29,Modoc,049,8938,790,780,276,1056,8
2022-06-29,Mono,051,14174,3109,3081,186,3267,7
2022-06-29,Monterey,053,433212,86485,85711,17140,102851,743
2022-06-29,Napa,055,140530,29617,29285,1277,30562,144
2022-06-29,Nevada,057,99092,17616,17439,1492,18931,129
2022-06-29,Orange,059,3164182,605289,599951,50350,650301,7095
2022-06-29,Placer,061,380077,69959,69244,8546,77790,629
2022-06-29,Plumas,063,18699,3304,3267,399,3666,13
2022-06-29,Riverside,065,2383286,634355,629035,30676,659711,6493
2022-06-29,Sacramento,067,1510023,316174,313224,30675,343899,3082
2022-06-29,San Benito,069,59416,14479,14302,715,15017,100
2022-06-29,San Bernardino,071,2135413,612552,600960,26885,627845,7825
2022-06-29,San Diego,073,3302833,837008,828907,62100,891007,5336
2022-06-29,San Francisco,075,870044,159781,157419,10509,167928,902
2022-06-29,San Joaquin,077,732212,181040,179476,11956,191432,2252
2022-06-29,San Luis Obispo,079,281455,58321,57783,5626,63409,486
2022-06-29,San Mateo,081,765935,150730,148533,9549,158082,723
2022-06-29,Santa Barbara,083,443738,95537,94683,5614,100297,699
2022-06-29,Santa Clara,085,1922200,383545,378000,16596,394596,2348
2022-06-29,Santa Cruz,087,273765,56145,55432,2772,58204,266
2022-06-29,Shasta,089,179085,32406,32106,6525,38631,570
2022-06-29,Sierra,091,2930,286,283,57,340,4
2022-06-29,Siskiyou,093,43540,4827,4773,3009,7782,82
2022-06-29,Solano,095,438530,95014,92975,6819,99794,455
2022-06-29,Sonoma,097,501317,97813,96854,4396,101250,493
2022-06-29,Stanislaus,099,539301,126248,125189,19338,144527,1674
2022-06-29,Sutter,101,95872,21952,21836,2326,24162,227
2022-06-29,Tehama,103,63373,12667,12561,2743,15304,205
2022-06-29,Trinity,105,12862,1263,1245,305,1550,20
2022-06-29,Tulare,107,460477,112208,111707,30502,142209,1499
2022-06-29,Tuolumne,109,53932,13967,13779,733,14512,189
2022-06-29,Ventura,111,848112,190233,188519,12064,200583,1514
2022-06-29,Yolo,113,214977,43939,42410,3667,46077,323
2022-06-29,Yuba,115,75493,17203,17082,1460,18542,124
2022-06-28,Alameda,001,1643700,308683,305288,17239,322527,1895
2022-06-28,Alpine,003,1148,129,129,1,130,0
2022-06-28,Amador,005,37829,9292,9205,771,9976,87
2022-06-28,Butte,007,227075,36126,35651,7902,43553,434
2022-06-28,Calaveras,009,45235,7838,7798,417,8215,124
2022-06-28,Colusa,011,21464,3575,3548,1127,4675,22
2022-06-28,Contra Costa,013,1133247,224971,219921,17227,237148,1339
2022-06-28,Del Norte,015,27424,6603,6484,306,6790,53
2022-06-28,El Dorado,017,186661,29867,29549,3763,33312,216
2022-06-28,Fresno,019,978130,248665,246740,26628,273368,2777
2022-06-28,Glenn,021,27897,5235,5192,1734,6926,48
2022-06-28,Humboldt,023,135768,19544,19411,4003,23414,149
2022-06-28,Imperial,025,180216,58985,58498,11739,70237,944
2022-06-28,Inyo,027,18085,4274,4243,668,4911,56
2022-06-28,Kern,029,883053,202902,201537,51006,252543,2343
2022-06-28,Kings,031,150075,54252,54031,3649,57680,448
2022-06-28,Lake,033,64148,11615,11548,1015,12563,140
2022-06-28,Lassen,035,31185,9337,9310,929,10239,64
2022-06-28,Los Angeles,037,10098052,2981671,2955489,146083,3101572,32062
2022-06-28,Madera,039,155013,39736,39554,6792,46346,372
2022-06-28,Marin,041,260295,40790,40397,4638,45035,297
2022-06-28,Mariposa,043,17540,2789,2753,268,3021,30
2022-06-28,Mendocino,045,87422,14483,14383,3775,18158,127
2022-06-28,Merced,047,269075,66378,65733,9778,75511,830
2022-06-28,Modoc,049,8938,788,780,275,1055,8
2022-06-28,Mono,051,14174,3102,3081,184,3265,7
2022-06-28,Monterey,053,433212,86360,85711,17093,102804,743
2022-06-28,Napa,055,140530,29549,29285,1274,30559,144
2022-06-28,Nevada,057,99092,17585,17439,1488,18927,129
2022-06-28,Orange,059,3164182,603941,599951,50172,650123,7095
2022-06-28,Placer,061,380077,69796,69244,8537,77781,629
2022-06-28,Plumas,063,18699,3304,3267,398,3665,13
2022-06-28,Riverside,065,2383286,633158,629035,30629,659664,6493
2022-06-28,Sacramento,067,1510023,315501,313224,30618,343842,3082
2022-06-28,San Benito,069,59416,14440,14302,714,15016,100
2022-06-28,San Bernardino,071,2135413,611432,600960,26839,627799,7825
2022-06-28,San Diego,073,3302833,835148,828907,61859,890766,5336
2022-06-28,San Francisco,075,870044,159265,157419,10485,167904,902
2022-06-28,San Joaquin,077,732212,180730,179476,11921,191397,2252
2022-06-28,San Luis Obispo,079,281455,58202,57783,5589,63372,486
2022-06-28,San Mateo,081,765935,150279,148533,9522,158055,723
2022-06-28,Santa Barbara,083,443738,95367,94683,5597,100280,699
2022-06-28,Santa Clara,085,1922200,382432,378000,16540,394540,2348
2022-06-28,Santa Cruz,087,273765,56013,55432,2764,58196,266
2022-06-28,Shasta,089,179085,32359,32106,6512,38618,570
2022-06-28,Sierra,091,2930,286,283,57,340,4
2022-06-28,Siskiyou,093,43540,4820,4773,3003,7776,82
2022-06-28,Solano,095,438530,94744,92975,6802,99777,455
2022-06-28,Sonoma,097,501317,97603,96854,4380,101234,493
2022-06-28,Stanislaus,099,539301,126046,125189,19316,144505,1674
2022-06-28,Sutter,101,95872,21916,21836,2324,24160,227
2022-06-28,Tehama,103,63373,12647,12561,2739,15300,205
2022-06-28,Trinity,105,12862,1260,1245,303,1548,20
2022-06-28,Tulare,107,460477,112022,111707,30428,142135,1499
2022-06-28,Tuolumne,109,53932,13936,13779,727,14506,189
2022-06-28,Ventura,111,848112,189910,188519,11985,200504,1514
2022-06-28,Yolo,113,214977,43826,42410,3661,46071,323
2022-06-28,Yuba,115,75493,17168,17082,1456,18538,124
2022-06-27,Alameda,001,1643700,307750,305288,17185,322473,1895
2022-06-27,Alpine,003,1148,129,129,1,130,0
2022-06-27,Amador,005,37829,9277,9205,769,9974,87
2022-06-27,Butte,007,227075,36072,35651,7882,43533,434
2022-06-27,Calaveras,009,45235,7824,7798,417,8215,124
2022-06-27,Colusa,011,21464,3571,3548,1125,4673,22
2022-06-27,Contra Costa,013,1133247,224289,219921,17163,237084,1339
2022-06-27,Del Norte,015,27424,6583,6484,300,6784,53
2022-06-27,El Dorado,017,186661,29802,29549,3745,33294,216
2022-06-27,Fresno,019,978130,248196,246740,26561,273301,2777
2022-06-27,Glenn,021,27897,5229,5192,1727,6919,48
2022-06-27,Humboldt,023,135768,19509,19411,3991,23402,149
2022-06-27,Imperial,025,180216,58845,58498,11673,70171,944
2022-06-27,Inyo,027,18085,4264,4243,659,4902,56
2022-06-27,Kern,029,883053,202544,201537,50798,252335,2343
2022-06-27,Kings,031,150075,54165,54031,3646,57677,448
2022-06-27,Lake,033,64148,11596,11548,1010,12558,140
2022-06-27,Lassen,035,31185,9328,9310,929,10239,64
2022-06-27,Los Angeles,037,10098052,2975467,2955489,145521,3101010,32062
2022-06-27,Madera,039,155013,39671,39554,6780,46334,372
2022-06-27,Marin,041,260295,40684,40397,4625,45022,297
2022-06-27,Mariposa,043,17540,2780,2753,266,3019,30
2022-06-27,Mendocino,045,87422,14453,14383,3769,18152,127
2022-06-27,Merced,047,269075,66269,65733,9742,75475,830
2022-06-27,Modoc,049,8938,783,780,274,1054,8
2022-06-27,Mono,051,14174,3101,3081,184,3265,7
2022-06-27,Monterey,053,433212,86210,85711,17032,102743,743
2022-06-27,Napa,055,140530,29479,29285,1271,30556,144
2022-06-27,Nevada,057,99092,17555,17439,1474,18913,129
2022-06-27,Orange,059,3164182,602583,599951,49953,649904,7095
2022-06-27,Placer,061,380077,69683,69244,8513,77757,629
2022-06-27,Plumas,063,18699,3299,3267,397,3664,13
2022-06-27,Riverside,065,2383286,632009,629035,30563,659598,6493
2022-06-27,Sacramento,067,1510023,314777,313224,30569,343793,3082
2022-06-27,San Benito,069,59416,14385,14302,711,15013,100
2022-06-27,San Bernardino,071,2135413,610318,600960,26792,627752,7825
2022-06-27,San Diego,073,3302833,833223,828907,61631,890538,5336
2022-06-27,San Francisco,075,870044,158721,157419,10459,167878,902
2022-06-27,San Joaquin,077,732212,180388,179476,11879,191355,2252
2022-06-27,San Luis Obispo,079,281455,58088,57783,5552,63335,486
2022-06-27,San Mateo,081,765935,149811,148533,9486,158019,723
2022-06-27,Santa Barbara,083,443738,95180,94683,5583,100266,699
2022-06-27,Santa Clara,085,1922200,381009,378000,16485,394485,2348
2022-06-27,Santa Cruz,087,273765,55843,55432,2756,58188,266
2022-06-27,Shasta,089,179085,32298,32106,6494,38600,570
2022-06-27,Sierra,091,2930,286,283,57,340,4
2022-06-27,Siskiyou,093,43540,4810,4773,2996,7769,82
2022-06-27,Solano,095,438530,94434,92975,6770,99745,455
2022-06-27,Sonoma,097,501317,97410,96854,4361,101215,493
2022-06-27,Stanislaus,099,539301,125819,125189,19295,144484,1674
2022-06-27,Sutter,101,95872,21876,21836,2321,24157,227
2022-06-27,Tehama,103,63373,12625,12561,2737,15298,205
2022-06-27,Trinity,105,12862,1258,1245,301,1546,20
2022-06-27,Tulare,107,460477,111842,111707,30341,142048,1499
2022-06-27,Tuolumne,109,53932,13901,13779,718,14497,189
2022-06-27,Ventura,111,848112,189530,188519,11923,200442,1514
2022-06-27,Yolo,113,214977,43700,42410,3653,46063,323
2022-06-27,Yuba,115,75493,17140,17082,1453,18535,124
2022-06-26,Alameda,001,1643700,306672,302071,17129,319200,1891
2022-06-26,Alpine,003,1148,129,129,1,130,0
2022-06-26,Amador,005,37829,9238,9135,767,9902,87
2022-06-26,Butte,007,227075,35999,35406,7857,43263,433
2022-06-26,Calaveras,009,45235,7809,7754,414,8168,124
2022-06-26,Colusa,011,21464,3562,3540,1121,4661,22
2022-06-26,Contra Costa,013,1133247,223665,218053,17079,235132,1335
2022-06-26,Del Norte,015,27424,6561,6398,296,6694,52
2022-06-26,El Dorado,017,186661,29718,29313,3720,33033,216
2022-06-26,Fresno,019,978130,247659,245118,26499,271617,2777
2022-06-26,Glenn,021,27897,5224,5178,1724,6902,48
2022-06-26,Humboldt,023,135768,19474,19234,3980,23214,149
2022-06-26,Imperial,025,180216,58700,58127,11580,69707,944
2022-06-26,Inyo,027,18085,4253,4228,646,4874,56
2022-06-26,Kern,029,883053,202237,200556,50596,251152,2344
2022-06-26,Kings,031,150075,54057,53783,3643,57426,448
2022-06-26,Lake,033,64148,11577,11471,1008,12479,140
2022-06-26,Lassen,035,31185,9319,9287,929,10216,64
2022-06-26,Los Angeles,037,10098052,2968884,2936815,144889,3081704,32036
2022-06-26,Madera,039,155013,39602,39319,6760,46079,372
2022-06-26,Marin,041,260295,40563,39979,4604,44583,297
2022-06-26,Mariposa,043,17540,2772,2713,266,2979,30
2022-06-26,Mendocino,045,87422,14424,14292,3743,18035,127
2022-06-26,Merced,047,269075,66137,65408,9714,75122,828
2022-06-26,Modoc,049,8938,782,777,272,1049,8
2022-06-26,Mono,051,14174,3091,3076,184,3260,7
2022-06-26,Monterey,053,433212,86038,85275,16971,102246,743
2022-06-26,Napa,055,140530,29399,29054,1268,30322,144
2022-06-26,Nevada,057,99092,17511,17339,1470,18809,129
2022-06-26,Orange,059,3164182,601098,595761,49747,645508,7090
2022-06-26,Placer,061,380077,69548,68785,8490,77275,628
2022-06-26,Plumas,063,18699,3287,3241,397,3638,13
2022-06-26,Riverside,065,2383286,630783,625794,30506,656300,6493
2022-06-26,Sacramento,067,1510023,313957,310837,30500,341337,3077
2022-06-26,San Benito,069,59416,14340,14192,708,14900,99
2022-06-26,San Bernardino,071,2135413,609112,598062,26733,624795,7803
2022-06-26,San Diego,073,3302833,831040,822848,61460,884308,5332
2022-06-26,San Francisco,075,870044,158087,155609,10407,166016,899
2022-06-26,San Joaquin,077,732212,180013,178447,11835,190282,2252
2022-06-26,San Luis Obispo,079,281455,57953,57472,5501,62973,485
2022-06-26,San Mateo,081,765935,149299,146955,9455,156410,723
2022-06-26,Santa Barbara,083,443738,94972,94017,5555,99572,699
2022-06-26,Santa Clara,085,1922200,379631,373961,16408,390369,2338
2022-06-26,Santa Cruz,087,273765,55686,54874,2747,57621,265
2022-06-26,Shasta,089,179085,32216,31921,6476,38397,570
2022-06-26,Sierra,091,2930,285,283,57,340,4
2022-06-26,Siskiyou,093,43540,4792,4744,2989,7733,81
2022-06-26,Solano,095,438530,94164,92248,6731,98979,455
2022-06-26,Sonoma,097,501317,97176,95981,4325,100306,493
2022-06-26,Stanislaus,099,539301,125618,124493,19267,143760,1672
2022-06-26,Sutter,101,95872,21836,21733,2320,24053,227
2022-06-26,Tehama,103,63373,12608,12510,2731,15241,205
2022-06-26,Trinity,105,12862,1253,1233,299,1532,20
2022-06-26,Tulare,107,460477,111662,111188,30259,141447,1496
2022-06-26,Tuolumne,109,53932,13873,13688,711,14399,189
2022-06-26,Ventura,111,848112,189135,187389,11844,199233,1514
2022-06-26,Yolo,113,214977,43585,41932,3639,45571,323
2022-06-26,Yuba,115,75493,17103,16994,1444,18438,124
2022-06-25,Alameda,001,1643700,306204,302071,17115,319186,1891
2022-06-25,Alpine,003,1148,129,129,1,130,0
2022-06-25,Amador,005,37829,9228,9135,766,9901,87
2022-06-25,Butte,007,227075,35960,35406,7835,43241,433
2022-06-25,Calaveras,009,45235,7800,7754,414,8168,124
2022-06-25,Colusa,011,21464,3557,3540,1121,4661,22
2022-06-25,Contra Costa,013,1133247,223304,218053,17036,235089,1335
2022-06-25,Del Norte,015,27424,6547,6398,293,6691,52
2022-06-25,El Dorado,017,186661,29678,29313,3714,33027,216
2022-06-25,Fresno,019,978130,247428,245118,26473,271591,2777
2022-06-25,Glenn,021,27897,5219,5178,1722,6900,48
2022-06-25,Humboldt,023,135768,19453,19234,3969,23203,149
2022-06-25,Imperial,025,180216,58619,58127,11555,69682,944
2022-06-25,Inyo,027,18085,4251,4228,642,4870,56
2022-06-25,Kern,029,883053,202078,200556,50491,251047,2344
2022-06-25,Kings,031,150075,54020,53783,3643,57426,448
2022-06-25,Lake,033,64148,11568,11471,1007,12478,140
2022-06-25,Lassen,035,31185,9313,9287,927,10214,64
2022-06-25,Los Angeles,037,10098052,2965872,2936815,144506,3081321,32036
2022-06-25,Madera,039,155013,39569,39319,6757,46076,372
2022-06-25,Marin,041,260295,40510,39979,4597,44576,297
2022-06-25,Mariposa,043,17540,2770,2713,266,2979,30
2022-06-25,Mendocino,045,87422,14412,14292,3738,18030,127
2022-06-25,Merced,047,269075,66060,65408,9711,75119,828
2022-06-25,Modoc,049,8938,782,777,272,1049,8
2022-06-25,Mono,051,14174,3086,3076,184,3260,7
2022-06-25,Monterey,053,433212,85937,85275,16942,102217,743
2022-06-25,Napa,055,140530,29368,29054,1264,30318,144
2022-06-25,Nevada,057,99092,17487,17339,1466,18805,129
2022-06-25,Orange,059,3164182,600399,595761,49609,645370,7090
2022-06-25,Placer,061,380077,69453,68785,8470,77255,628
2022-06-25,Plumas,063,18699,3283,3241,397,3638,13
2022-06-25,Riverside,065,2383286,630140,625794,30464,656258,6493
2022-06-25,Sacramento,067,1510023,313647,310837,30474,341311,3077
2022-06-25,San Benito,069,59416,14315,14192,707,14899,99
2022-06-25,San Bernardino,071,2135413,608522,598062,26705,624767,7803
2022-06-25,San Diego,073,3302833,830134,822848,61398,884246,5332
2022-06-25,San Francisco,075,870044,157793,155609,10384,165993,899
2022-06-25,San Joaquin,077,732212,179864,178447,11821,190268,2252
2022-06-25,San Luis Obispo,079,281455,57882,57472,5491,62963,485
2022-06-25,San Mateo,081,765935,149025,146955,9432,156387,723
2022-06-25,Santa Barbara,083,443738,94829,94017,5542,99559,699
2022-06-25,Santa Clara,085,1922200,378779,373961,16380,390341,2338
2022-06-25,Santa Cruz,087,273765,55616,54874,2744,57618,265
2022-06-25,Shasta,089,179085,32178,31921,6462,38383,570
2022-06-25,Sierra,091,2930,285,283,57,340,4
2022-06-25,Siskiyou,093,43540,4789,4744,2986,7730,81
2022-06-25,Solano,095,438530,94079,92248,6711,98959,455
2022-06-25,Sonoma,097,501317,97065,95981,4314,100295,493
2022-06-25,Stanislaus,099,539301,125488,124493,19248,143741,1672
2022-06-25,Sutter,101,95872,21815,21733,2319,24052,227
2022-06-25,Tehama,103,63373,12597,12510,2726,15236,205
2022-06-25,Trinity,105,12862,1252,1233,297,1530,20
2022-06-25,Tulare,107,460477,111583,111188,30217,141405,1496
2022-06-25,Tuolumne,109,53932,13855,13688,708,14396,189
2022-06-25,Ventura,111,848112,188927,187389,11815,199204,1514
2022-06-25,Yolo,113,214977,43521,41932,3633,45565,323
2022-06-25,Yuba,115,75493,17082,16994,1443,18437,124
2022-06-24,Alameda,001,1643700,305631,302071,17081,319152,1891
2022-06-24,Alpine,003,1148,129,129,1,130,0
2022-06-24,Amador,005,37829,9221,9135,764,9899,87
2022-06-24,Butte,007,227075,35930,35406,7821,43227,433
2022-06-24,Calaveras,009,45235,7795,7754,413,8167,124
2022-06-24,Colusa,011,21464,3556,3540,1118,4658,22
2022-06-24,Contra Costa,013,1133247,222962,218053,17010,235063,1335
2022-06-24,Del Norte,015,27424,6536,6398,291,6689,52
2022-06-24,El Dorado,017,186661,29635,29313,3710,33023,216
2022-06-24,Fresno,019,978130,247141,245118,26438,271556,2777
2022-06-24,Glenn,021,27897,5217,5178,1722,6900,48
2022-06-24,Humboldt,023,135768,19422,19234,3964,23198,149
2022-06-24,Imperial,025,180216,58547,58127,11525,69652,944
2022-06-24,Inyo,027,18085,4249,4228,638,4866,56
2022-06-24,Kern,029,883053,201905,200556,50395,250951,2344
2022-06-24,Kings,031,150075,53976,53783,3639,57422,448
2022-06-24,Lake,033,64148,11557,11471,1007,12478,140
2022-06-24,Lassen,035,31185,9310,9287,926,10213,64
2022-06-24,Los Angeles,037,10098052,2962591,2936815,144179,3080994,32036
2022-06-24,Madera,039,155013,39523,39319,6751,46070,372
2022-06-24,Marin,041,260295,40434,39979,4585,44564,297
2022-06-24,Mariposa,043,17540,2763,2713,266,2979,30
2022-06-24,Mendocino,045,87422,14403,14292,3735,18027,127
2022-06-24,Merced,047,269075,66023,65408,9702,75110,828
2022-06-24,Modoc,049,8938,782,777,272,1049,8
2022-06-24,Mono,051,14174,3082,3076,183,3259,7
2022-06-24,Monterey,053,433212,85856,85275,16915,102190,743
2022-06-24,Napa,055,140530,29340,29054,1263,30317,144
2022-06-24,Nevada,057,99092,17471,17339,1460,18799,129
2022-06-24,Orange,059,3164182,599710,595761,49465,645226,7090
2022-06-24,Placer,061,380077,69377,68785,8458,77243,628
2022-06-24,Plumas,063,18699,3279,3241,397,3638,13
2022-06-24,Riverside,065,2383286,629494,625794,30420,656214,6493
2022-06-24,Sacramento,067,1510023,313252,310837,30452,341289,3077
2022-06-24,San Benito,069,59416,14302,14192,706,14898,99
2022-06-24,San Bernardino,071,2135413,607939,598062,26680,624742,7803
2022-06-24,San Diego,073,3302833,829097,822848,61319,884167,5332
2022-06-24,San Francisco,075,870044,157479,155609,10357,165966,899
2022-06-24,San Joaquin,077,732212,179685,178447,11796,190243,2252
2022-06-24,San Luis Obispo,079,281455,57837,57472,5486,62958,485
2022-06-24,San Mateo,081,765935,148693,146955,9419,156374,723
2022-06-24,Santa Barbara,083,443738,94698,94017,5539,99556,699
2022-06-24,Santa Clara,085,1922200,377954,373961,16331,390292,2338
2022-06-24,Santa Cruz,087,273765,55515,54874,2733,57607,265
2022-06-24,Shasta,089,179085,32148,31921,6453,38374,570
2022-06-24,Sierra,091,2930,285,283,57,340,4
2022-06-24,Siskiyou,093,43540,4781,4744,2985,7729,81
2022-06-24,Solano,095,438530,93927,92248,6697,98945,455
2022-06-24,Sonoma,097,501317,96926,95981,4297,100278,493
2022-06-24,Stanislaus,099,539301,125363,124493,19226,143719,1672
2022-06-24,Sutter,101,95872,21800,21733,2318,24051,227
2022-06-24,Tehama,103,63373,12582,12510,2720,15230,205
2022-06-24,Trinity,105,12862,1249,1233,297,1530,20
2022-06-24,Tulare,107,460477,111482,111188,30160,141348,1496
2022-06-24,Tuolumne,109,53932,13836,13688,702,14390,189
2022-06-24,Ventura,111,848112,188700,187389,11786,199175,1514
2022-06-24,Yolo,113,214977,43427,41932,3624,45556,323
2022-06-24,Yuba,115,75493,17064,16994,1443,18437,124
2022-06-23,Alameda,001,1643700,304815,302071,17021,319092,1891
2022-06-23,Alpine,003,1148,129,129,1,130,0
2022-06-23,Amador,005,37829,9212,9135,763,9898,87
2022-06-23,Butte,007,227075,35870,35406,7802,43208,433
2022-06-23,Calaveras,009,45235,7784,7754,412,8166,124
2022-06-23,Colusa,011,21464,3549,3540,1116,4656,22
2022-06-23,Contra Costa,013,1133247,222451,218053,16916,234969,1335
2022-06-23,Del Norte,015,27424,6504,6398,289,6687,52
2022-06-23,El Dorado,017,186661,29577,29313,3698,33011,216
2022-06-23,Fresno,019,978130,246737,245118,26377,271495,2777
2022-06-23,Glenn,021,27897,5214,5178,1713,6891,48
2022-06-23,Humboldt,023,135768,19400,19234,3960,23194,149
2022-06-23,Imperial,025,180216,58473,58127,11472,69599,944
2022-06-23,Inyo,027,18085,4246,4228,635,4863,56
2022-06-23,Kern,029,883053,201624,200556,50246,250802,2344
2022-06-23,Kings,031,150075,53917,53783,3636,57419,448
2022-06-23,Lake,033,64148,11536,11471,1007,12478,140
2022-06-23,Lassen,035,31185,9300,9287,925,10212,64
2022-06-23,Los Angeles,037,10098052,2957929,2936815,143640,3080455,32036
2022-06-23,Madera,039,155013,39462,39319,6736,46055,372
2022-06-23,Marin,041,260295,40320,39979,4561,44540,297
2022-06-23,Mariposa,043,17540,2751,2713,266,2979,30
2022-06-23,Mendocino,045,87422,14374,14292,3731,18023,127
2022-06-23,Merced,047,269075,65946,65408,9686,75094,828
2022-06-23,Modoc,049,8938,781,777,272,1049,8
2022-06-23,Mono,051,14174,3080,3076,182,3258,7
2022-06-23,Monterey,053,433212,85710,85275,16862,102137,743
2022-06-23,Napa,055,140530,29283,29054,1262,30316,144
2022-06-23,Nevada,057,99092,17438,17339,1460,18799,129
2022-06-23,Orange,059,3164182,598700,595761,49286,645047,7090
2022-06-23,Placer,061,380077,69238,68785,8437,77222,628
2022-06-23,Plumas,063,18699,3274,3241,395,3636,13
2022-06-23,Riverside,065,2383286,628573,625794,30371,656165,6493
2022-06-23,Sacramento,067,1510023,312648,310837,30408,341245,3077
2022-06-23,San Benito,069,59416,14271,14192,704,14896,99
2022-06-23,San Bernardino,071,2135413,607145,598062,26646,624708,7803
2022-06-23,San Diego,073,3302833,827626,822848,61121,883969,5332
2022-06-23,San Francisco,075,870044,157013,155609,10324,165933,899
2022-06-23,San Joaquin,077,732212,179408,178447,11770,190217,2252
2022-06-23,San Luis Obispo,079,281455,57748,57472,5454,62926,485
2022-06-23,San Mateo,081,765935,148345,146955,9384,156339,723
2022-06-23,Santa Barbara,083,443738,94533,94017,5511,99528,699
2022-06-23,Santa Clara,085,1922200,376972,373961,16284,390245,2338
2022-06-23,Santa Cruz,087,273765,55404,54874,2721,57595,265
2022-06-23,Shasta,089,179085,32106,31921,6441,38362,570
2022-06-23,Sierra,091,2930,284,283,57,340,4
2022-06-23,Siskiyou,093,43540,4775,4744,2978,7722,81
2022-06-23,Solano,095,438530,93680,92248,6655,98903,455
2022-06-23,Sonoma,097,501317,96729,95981,4277,100258,493
2022-06-23,Stanislaus,099,539301,125182,124493,19196,143689,1672
2022-06-23,Sutter,101,95872,21766,21733,2318,24051,227
2022-06-23,Tehama,103,63373,12573,12510,2717,15227,205
2022-06-23,Trinity,105,12862,1247,1233,297,1530,20
2022-06-23,Tulare,107,460477,111357,111188,30092,141280,1496
2022-06-23,Tuolumne,109,53932,13809,13688,690,14378,189
2022-06-23,Ventura,111,848112,188404,187389,11749,199138,1514
2022-06-23,Yolo,113,214977,43323,41932,3613,45545,323
2022-06-23,Yuba,115,75493,17043,16994,1437,18431,124
2022-06-22,Alameda,001,1643700,303990,299567,16962,316529,1888
2022-06-22,Alpine,003,1148,129,129,1,130,0
2022-06-22,Amador,005,37829,9206,9049,762,9811,87
2022-06-22,Butte,007,227075,35804,35203,7784,42987,433
2022-06-22,Calaveras,009,45235,7772,7716,412,8128,122
2022-06-22,Colusa,011,21464,3546,3529,1116,4645,21
2022-06-22,Contra Costa,013,1133247,221931,216355,16861,233216,1328
2022-06-22,Del Norte,015,27424,6486,6367,288,6655,52
2022-06-22,El Dorado,017,186661,29514,29139,3685,32824,215
2022-06-22,Fresno,019,978130,246316,244129,26321,270450,2772
2022-06-22,Glenn,021,27897,5212,5161,1708,6869,48
2022-06-22,Humboldt,023,135768,19348,19111,3940,23051,148
2022-06-22,Imperial,025,180216,58372,57866,11439,69305,944
2022-06-22,Inyo,027,18085,4241,4222,634,4856,56
2022-06-22,Kern,029,883053,201352,199721,50112,249833,2341
2022-06-22,Kings,031,150075,53853,53568,3632,57200,448
2022-06-22,Lake,033,64148,11519,11426,1001,12427,140
2022-06-22,Lassen,035,31185,9292,9259,923,10182,64
2022-06-22,Los Angeles,037,10098052,2952965,2925667,143184,3068851,32015
2022-06-22,Madera,039,155013,39405,39139,6717,45856,372
2022-06-22,Marin,041,260295,40217,39687,4555,44242,297
2022-06-22,Mariposa,043,17540,2745,2695,263,2958,30
2022-06-22,Mendocino,045,87422,14358,14201,3710,17911,127
2022-06-22,Merced,047,269075,65849,65120,9662,74782,827
2022-06-22,Modoc,049,8938,780,773,268,1041,8
2022-06-22,Mono,051,14174,3079,3073,180,3253,7
2022-06-22,Monterey,053,433212,85583,84752,16819,101571,742
2022-06-22,Napa,055,140530,29212,28894,1258,30152,144
2022-06-22,Nevada,057,99092,17419,17280,1450,18730,129
2022-06-22,Orange,059,3164182,597511,592215,49098,641313,7084
2022-06-22,Placer,061,380077,69122,68447,8427,76874,628
2022-06-22,Plumas,063,18699,3264,3220,395,3615,13
2022-06-22,Riverside,065,2383286,627724,623584,30315,653899,6491
2022-06-22,Sacramento,067,1510023,312023,309105,30372,339477,3071
2022-06-22,San Benito,069,59416,14246,14128,701,14829,99
2022-06-22,San Bernardino,071,2135413,606341,595517,26616,622133,7774
2022-06-22,San Diego,073,3302833,826023,815124,60936,876060,5318
2022-06-22,San Francisco,075,870044,156533,154213,10295,164508,897
2022-06-22,San Joaquin,077,732212,179150,177637,11745,189382,2251
2022-06-22,San Luis Obispo,079,281455,57658,57177,5419,62596,485
2022-06-22,San Mateo,081,765935,147937,145781,9361,155142,723
2022-06-22,Santa Barbara,083,443738,94386,93576,5497,99073,700
2022-06-22,Santa Clara,085,1922200,375884,370678,16174,386852,2340
2022-06-22,Santa Cruz,087,273765,55285,54525,2708,57233,265
2022-06-22,Shasta,089,179085,32061,31786,6426,38212,570
2022-06-22,Sierra,091,2930,284,283,57,340,4
2022-06-22,Siskiyou,093,43540,4768,4711,2975,7686,81
2022-06-22,Solano,095,438530,93431,91528,6590,98118,454
2022-06-22,Sonoma,097,501317,96517,95363,4256,99619,493
2022-06-22,Stanislaus,099,539301,124986,124023,19139,143162,1670
2022-06-22,Sutter,101,95872,21734,21649,2317,23966,227
2022-06-22,Tehama,103,63373,12563,12465,2715,15180,205
2022-06-22,Trinity,105,12862,1245,1223,297,1520,20
2022-06-22,Tulare,107,460477,111223,110768,30012,140780,1496
2022-06-22,Tuolumne,109,53932,13790,13596,684,14280,189
2022-06-22,Ventura,111,848112,188099,186601,11697,198298,1514
2022-06-22,Yolo,113,214977,43202,41689,3602,45291,323
2022-06-22,Yuba,115,75493,17023,16912,1433,18345,124
2022-06-21,Alameda,001,1643700,303191,299567,16927,316494,1888
2022-06-21,Alpine,003,1148,129,129,1,130,0
2022-06-21,Amador,005,37829,9199,9049,759,9808,87
2022-06-21,Butte,007,227075,35732,35203,7773,42976,433
2022-06-21,Calaveras,009,45235,7763,7716,411,8127,122
2022-06-21,Colusa,011,21464,3544,3529,1114,4643,21
2022-06-21,Contra Costa,013,1133247,221369,216355,16812,233167,1328
2022-06-21,Del Norte,015,27424,6455,6367,286,6653,52
2022-06-21,El Dorado,017,186661,29441,29139,3678,32817,215
2022-06-21,Fresno,019,978130,245879,244129,26255,270384,2772
2022-06-21,Glenn,021,27897,5205,5161,1706,6867,48
2022-06-21,Humboldt,023,135768,19296,19111,3927,23038,148
2022-06-21,Imperial,025,180216,58277,57866,11403,69269,944
2022-06-21,Inyo,027,18085,4236,4222,628,4850,56
2022-06-21,Kern,029,883053,201031,199721,49929,249650,2341
2022-06-21,Kings,031,150075,53778,53568,3631,57199,448
2022-06-21,Lake,033,64148,11496,11426,998,12424,140
2022-06-21,Lassen,035,31185,9282,9259,920,10179,64
2022-06-21,Los Angeles,037,10098052,2948150,2925667,142675,3068342,32015
2022-06-21,Madera,039,155013,39321,39139,6706,45845,372
2022-06-21,Marin,041,260295,40127,39687,4543,44230,297
2022-06-21,Mariposa,043,17540,2739,2695,262,2957,30
2022-06-21,Mendocino,045,87422,14329,14201,3701,17902,127
2022-06-21,Merced,047,269075,65749,65120,9630,74750,827
2022-06-21,Modoc,049,8938,777,773,267,1040,8
2022-06-21,Mono,051,14174,3077,3073,179,3252,7
2022-06-21,Monterey,053,433212,85427,84752,16777,101529,742
2022-06-21,Napa,055,140530,29159,28894,1257,30151,144
2022-06-21,Nevada,057,99092,17391,17280,1447,18727,129
2022-06-21,Orange,059,3164182,596315,592215,48958,641173,7084
2022-06-21,Placer,061,380077,68995,68447,8415,76862,628
2022-06-21,Plumas,063,18699,3255,3220,394,3614,13
2022-06-21,Riverside,065,2383286,626763,623584,30256,653840,6491
2022-06-21,Sacramento,067,1510023,311329,309105,30327,339432,3071
2022-06-21,San Benito,069,59416,14210,14128,698,14826,99
2022-06-21,San Bernardino,071,2135413,605518,595517,26569,622086,7774
2022-06-21,San Diego,073,3302833,824342,815124,60733,875857,5318
2022-06-21,San Francisco,075,870044,156055,154213,10264,164477,897
2022-06-21,San Joaquin,077,732212,178831,177637,11715,189352,2251
2022-06-21,San Luis Obispo,079,281455,57547,57177,5374,62551,485
2022-06-21,San Mateo,081,765935,147449,145781,9340,155121,723
2022-06-21,Santa Barbara,083,443738,94219,93576,5483,99059,700
2022-06-21,Santa Clara,085,1922200,374726,370678,16126,386804,2340
2022-06-21,Santa Cruz,087,273765,55155,54525,2700,57225,265
2022-06-21,Shasta,089,179085,32015,31786,6408,38194,570
2022-06-21,Sierra,091,2930,284,283,57,340,4
2022-06-21,Siskiyou,093,43540,4760,4711,2967,7678,81
2022-06-21,Solano,095,438530,93170,91528,6572,98100,454
2022-06-21,Sonoma,097,501317,96281,95363,4232,99595,493
2022-06-21,Stanislaus,099,539301,124793,124023,19109,143132,1670
2022-06-21,Sutter,101,95872,21710,21649,2315,23964,227
2022-06-21,Tehama,103,63373,12549,12465,2715,15180,205
2022-06-21,Trinity,105,12862,1239,1223,297,1520,20
2022-06-21,Tulare,107,460477,111083,110768,29952,140720,1496
2022-06-21,Tuolumne,109,53932,13766,13596,678,14274,189
2022-06-21,Ventura,111,848112,187776,186601,11642,198243,1514
2022-06-21,Yolo,113,214977,43069,41689,3590,45279,323
2022-06-21,Yuba,115,75493,16994,16912,1432,18344,124
2022-06-20,Alameda,001,1643700,302292,299567,16869,316436,1888
2022-06-20,Alpine,003,1148,129,129,1,130,0
2022-06-20,Amador,005,37829,9189,9049,757,9806,87
2022-06-20,Butte,007,227075,35663,35203,7758,42961,433
2022-06-20,Calaveras,009,45235,7756,7716,411,8127,122
2022-06-20,Colusa,011,21464,3543,3529,1113,4642,21
2022-06-20,Contra Costa,013,1133247,220769,216355,16745,233100,1328
2022-06-20,Del Norte,015,27424,6443,6367,282,6649,52
2022-06-20,El Dorado,017,186661,29370,29139,3660,32799,215
2022-06-20,Fresno,019,978130,245391,244129,26190,270319,2772
2022-06-20,Glenn,021,27897,5200,5161,1703,6864,48
2022-06-20,Humboldt,023,135768,19248,19111,3910,23021,148
2022-06-20,Imperial,025,180216,58144,57866,11370,69236,944
2022-06-20,Inyo,027,18085,4232,4222,623,4845,56
2022-06-20,Kern,029,883053,200734,199721,49781,249502,2341
2022-06-20,Kings,031,150075,53697,53568,3629,57197,448
2022-06-20,Lake,033,64148,11475,11426,996,12422,140
2022-06-20,Lassen,035,31185,9277,9259,919,10178,64
2022-06-20,Los Angeles,037,10098052,2942743,2925667,142199,3067866,32015
2022-06-20,Madera,039,155013,39259,39139,6688,45827,372
2022-06-20,Marin,041,260295,40025,39687,4520,44207,297
2022-06-20,Mariposa,043,17540,2725,2695,262,2957,30
2022-06-20,Mendocino,045,87422,14300,14201,3696,17897,127
2022-06-20,Merced,047,269075,65655,65120,9604,74724,827
2022-06-20,Modoc,049,8938,776,773,266,1039,8
2022-06-20,Mono,051,14174,3077,3073,176,3249,7
2022-06-20,Monterey,053,433212,85278,84752,16712,101464,742
2022-06-20,Napa,055,140530,29087,28894,1254,30148,144
2022-06-20,Nevada,057,99092,17366,17280,1438,18718,129
2022-06-20,Orange,059,3164182,595049,592215,48803,641018,7084
2022-06-20,Placer,061,380077,68878,68447,8403,76850,628
2022-06-20,Plumas,063,18699,3249,3220,394,3614,13
2022-06-20,Riverside,065,2383286,625825,623584,30188,653772,6491
2022-06-20,Sacramento,067,1510023,310628,309105,30255,339360,3071
2022-06-20,San Benito,069,59416,14164,14128,692,14820,99
2022-06-20,San Bernardino,071,2135413,604614,595517,26531,622048,7774
2022-06-20,San Diego,073,3302833,822357,815124,60480,875604,5318
2022-06-20,San Francisco,075,870044,155440,154213,10225,164438,897
2022-06-20,San Joaquin,077,732212,178505,177637,11670,189307,2251
2022-06-20,San Luis Obispo,079,281455,57443,57177,5326,62503,485
2022-06-20,San Mateo,081,765935,146943,145781,9315,155096,723
2022-06-20,Santa Barbara,083,443738,94035,93576,5458,99034,700
2022-06-20,Santa Clara,085,1922200,373517,370678,16064,386742,2340
2022-06-20,Santa Cruz,087,273765,54982,54525,2693,57218,265
2022-06-20,Shasta,089,179085,31958,31786,6396,38182,570
2022-06-20,Sierra,091,2930,284,283,56,339,4
2022-06-20,Siskiyou,093,43540,4747,4711,2955,7666,81
2022-06-20,Solano,095,438530,92841,91528,6552,98080,454
2022-06-20,Sonoma,097,501317,96042,95363,4206,99569,493
2022-06-20,Stanislaus,099,539301,124608,124023,19081,143104,1670
2022-06-20,Sutter,101,95872,21679,21649,2296,23945,227
2022-06-20,Tehama,103,63373,12534,12465,2712,15177,205
2022-06-20,Trinity,105,12862,1234,1223,297,1520,20
2022-06-20,Tulare,107,460477,110939,110768,29887,140655,1496
2022-06-20,Tuolumne,109,53932,13730,13596,678,14274,189
2022-06-20,Ventura,111,848112,187440,186601,11602,198203,1514
2022-06-20,Yolo,113,214977,42908,41689,3572,45261,323
2022-06-20,Yuba,115,75493,16969,16912,1426,18338,124
2022-06-19,Alameda,001,1643700,301365,296062,16838,312900,1883
2022-06-19,Alpine,003,1148,129,129,1,130,0
2022-06-19,Amador,005,37829,9139,8985,744,9729,87
2022-06-19,Butte,007,227075,35602,34920,7735,42655,432
2022-06-19,Calaveras,009,45235,7738,7664,410,8074,122
2022-06-19,Colusa,011,21464,3538,3519,1109,4628,21
2022-06-19,Contra Costa,013,1133247,220086,213994,16677,230671,1323
2022-06-19,Del Norte,015,27424,6426,6307,279,6586,52
2022-06-19,El Dorado,017,186661,29288,28904,3644,32548,215
2022-06-19,Fresno,019,978130,244943,242214,26121,268335,2768
2022-06-19,Glenn,021,27897,5191,5131,1701,6832,48
2022-06-19,Humboldt,023,135768,19203,18885,3885,22770,148
2022-06-19,Imperial,025,180216,58021,57450,11337,68787,944
2022-06-19,Inyo,027,18085,4231,4209,622,4831,56
2022-06-19,Kern,029,883053,200370,198567,49611,248178,2340
2022-06-19,Kings,031,150075,53603,53242,3626,56868,448
2022-06-19,Lake,033,64148,11461,11318,995,12313,140
2022-06-19,Lassen,035,31185,9264,9225,919,10144,64
2022-06-19,Los Angeles,037,10098052,2937853,2909197,141646,3050843,31999
2022-06-19,Madera,039,155013,39167,38859,6667,45526,372
2022-06-19,Marin,041,260295,39897,39214,4510,43724,294
2022-06-19,Mariposa,043,17540,2718,2662,261,2923,30
2022-06-19,Mendocino,045,87422,14273,14090,3683,17773,127
2022-06-19,Merced,047,269075,65555,64734,9574,74308,827
2022-06-19,Modoc,049,8938,773,771,265,1036,8
2022-06-19,Mono,051,14174,3075,3066,175,3241,6
2022-06-19,Monterey,053,433212,85130,84032,16666,100698,744
2022-06-19,Napa,055,140530,29027,28619,1250,29869,144
2022-06-19,Nevada,057,99092,17336,17134,1430,18564,129
2022-06-19,Orange,059,3164182,593796,587176,48613,635789,7074
2022-06-19,Placer,061,380077,68760,67961,8382,76343,628
2022-06-19,Plumas,063,18699,3241,3201,394,3595,13
2022-06-19,Riverside,065,2383286,624952,619760,30139,649899,6488
2022-06-19,Sacramento,067,1510023,309901,306215,30198,336413,3072
2022-06-19,San Benito,069,59416,14145,13985,690,14675,99
2022-06-19,San Bernardino,071,2135413,603792,591926,26494,618420,7765
2022-06-19,San Diego,073,3302833,820826,815124,60360,875484,5318
2022-06-19,San Francisco,075,870044,154922,151898,10186,162084,897
2022-06-19,San Joaquin,077,732212,178183,176323,11631,187954,2251
2022-06-19,San Luis Obispo,079,281455,57305,56767,5269,62036,485
2022-06-19,San Mateo,081,765935,146489,143879,9281,153160,723
2022-06-19,Santa Barbara,083,443738,93865,92906,5442,98348,699
2022-06-19,Santa Clara,085,1922200,372347,365638,16003,381641,2328
2022-06-19,Santa Cruz,087,273765,54819,53866,2674,56540,264
2022-06-19,Shasta,089,179085,31899,31647,6385,38032,568
2022-06-19,Sierra,091,2930,284,281,56,337,4
2022-06-19,Siskiyou,093,43540,4735,4672,2949,7621,81
2022-06-19,Solano,095,438530,92584,90548,6539,97087,454
2022-06-19,Sonoma,097,501317,95798,94318,4185,98503,493
2022-06-19,Stanislaus,099,539301,124422,123264,19033,142297,1668
2022-06-19,Sutter,101,95872,21644,21501,2288,23789,227
2022-06-19,Tehama,103,63373,12525,12410,2706,15116,205
2022-06-19,Trinity,105,12862,1231,1220,297,1517,20
2022-06-19,Tulare,107,460477,110757,110041,29831,139872,1496
2022-06-19,Tuolumne,109,53932,13703,13487,678,14165,189
2022-06-19,Ventura,111,848112,187088,185219,11557,196776,1513
2022-06-19,Yolo,113,214977,42819,41135,3559,44694,323
2022-06-19,Yuba,115,75493,16938,16786,1423,18209,124
2022-06-18,Alameda,001,1643700,300900,296062,16817,312879,1883
2022-06-18,Alpine,003,1148,129,129,1,130,0
2022-06-18,Amador,005,37829,9132,8985,740,9725,87
2022-06-18,Butte,007,227075,35551,34920,7724,42644,432
2022-06-18,Calaveras,009,45235,7726,7664,410,8074,122
2022-06-18,Colusa,011,21464,3535,3519,1109,4628,21
2022-06-18,Contra Costa,013,1133247,219773,213994,16648,230642,1323
2022-06-18,Del Norte,015,27424,6420,6307,278,6585,52
2022-06-18,El Dorado,017,186661,29259,28904,3641,32545,215
2022-06-18,Fresno,019,978130,244740,242214,26104,268318,2768
2022-06-18,Glenn,021,27897,5188,5131,1700,6831,48
2022-06-18,Humboldt,023,135768,19174,18885,3878,22763,148
2022-06-18,Imperial,025,180216,57951,57450,11324,68774,944
2022-06-18,Inyo,027,18085,4230,4209,621,4830,56
2022-06-18,Kern,029,883053,200247,198567,49524,248091,2340
2022-06-18,Kings,031,150075,53567,53242,3625,56867,448
2022-06-18,Lake,033,64148,11450,11318,993,12311,140
2022-06-18,Lassen,035,31185,9260,9225,919,10144,64
2022-06-18,Los Angeles,037,10098052,2935419,2909197,141356,3050553,31999
2022-06-18,Madera,039,155013,39144,38859,6661,45520,372
2022-06-18,Marin,041,260295,39833,39214,4500,43714,294
2022-06-18,Mariposa,043,17540,2713,2662,261,2923,30
2022-06-18,Mendocino,045,87422,14251,14090,3680,17770,127
2022-06-18,Merced,047,269075,65492,64734,9564,74298,827
2022-06-18,Modoc,049,8938,773,771,265,1036,8
2022-06-18,Mono,051,14174,3074,3066,175,3241,6
2022-06-18,Monterey,053,433212,85038,84032,16638,100670,744
2022-06-18,Napa,055,140530,29002,28619,1249,29868,144
2022-06-18,Nevada,057,99092,17324,17134,1429,18563,129
2022-06-18,Orange,059,3164182,593174,587176,48502,635678,7074
2022-06-18,Placer,061,380077,68695,67961,8369,76330,628
2022-06-18,Plumas,063,18699,3233,3201,394,3595,13
2022-06-18,Riverside,065,2383286,624418,619760,30124,649884,6488
2022-06-18,Sacramento,067,1510023,309584,306215,30176,336391,3072
2022-06-18,San Benito,069,59416,14130,13985,683,14668,99
2022-06-18,San Bernardino,071,2135413,603361,591926,26472,618398,7765
2022-06-18,San Diego,073,3302833,820107,815124,60299,875423,5318
2022-06-18,San Francisco,075,870044,154589,151898,10168,162066,897
2022-06-18,San Joaquin,077,732212,178020,176323,11622,187945,2251
2022-06-18,San Luis Obispo,079,281455,57260,56767,5260,62027,485
2022-06-18,San Mateo,081,765935,146220,143879,9258,153137,723
2022-06-18,Santa Barbara,083,443738,93754,92906,5432,98338,699
2022-06-18,Santa Clara,085,1922200,371590,365638,15958,381596,2328
2022-06-18,Santa Cruz,087,273765,54743,53866,2664,56530,264
2022-06-18,Shasta,089,179085,31878,31647,6382,38029,568
2022-06-18,Sierra,091,2930,284,281,56,337,4
2022-06-18,Siskiyou,093,43540,4727,4672,2945,7617,81
2022-06-18,Solano,095,438530,92501,90548,6530,97078,454
2022-06-18,Sonoma,097,501317,95661,94318,4167,98485,493
2022-06-18,Stanislaus,099,539301,124314,123264,19012,142276,1668
2022-06-18,Sutter,101,95872,21623,21501,2285,23786,227
2022-06-18,Tehama,103,63373,12516,12410,2702,15112,205
2022-06-18,Trinity,105,12862,1230,1220,297,1517,20
2022-06-18,Tulare,107,460477,110676,110041,29790,139831,1496
2022-06-18,Tuolumne,109,53932,13681,13487,675,14162,189
2022-06-18,Ventura,111,848112,186913,185219,11534,196753,1513
2022-06-18,Yolo,113,214977,42750,41135,3554,44689,323
2022-06-18,Yuba,115,75493,16925,16786,1423,18209,124
2022-06-17,Alameda,001,1643700,300430,296062,16803,312865,1883
2022-06-17,Alpine,003,1148,129,129,1,130,0
2022-06-17,Amador,005,37829,9123,8985,740,9725,87
2022-06-17,Butte,007,227075,35520,34920,7714,42634,432
2022-06-17,Calaveras,009,45235,7718,7664,410,8074,122
2022-06-17,Colusa,011,21464,3534,3519,1104,4623,21
2022-06-17,Contra Costa,013,1133247,219474,213994,16622,230616,1323
2022-06-17,Del Norte,015,27424,6406,6307,278,6585,52
2022-06-17,El Dorado,017,186661,29227,28904,3637,32541,215
2022-06-17,Fresno,019,978130,244497,242214,26078,268292,2768
2022-06-17,Glenn,021,27897,5187,5131,1694,6825,48
2022-06-17,Humboldt,023,135768,19147,18885,3874,22759,148
2022-06-17,Imperial,025,180216,57898,57450,11312,68762,944
2022-06-17,Inyo,027,18085,4226,4209,615,4824,56
2022-06-17,Kern,029,883053,200093,198567,49482,248049,2340
2022-06-17,Kings,031,150075,53540,53242,3624,56866,448
2022-06-17,Lake,033,64148,11442,11318,992,12310,140
2022-06-17,Lassen,035,31185,9259,9225,918,10143,64
2022-06-17,Los Angeles,037,10098052,2932575,2909197,141058,3050255,31999
2022-06-17,Madera,039,155013,39119,38859,6655,45514,372
2022-06-17,Marin,041,260295,39738,39214,4488,43702,294
2022-06-17,Mariposa,043,17540,2709,2662,261,2923,30
2022-06-17,Mendocino,045,87422,14235,14090,3676,17766,127
2022-06-17,Merced,047,269075,65434,64734,9560,74294,827
2022-06-17,Modoc,049,8938,773,771,265,1036,8
2022-06-17,Mono,051,14174,3074,3066,175,3241,6
2022-06-17,Monterey,053,433212,84948,84032,16608,100640,744
2022-06-17,Napa,055,140530,28963,28619,1246,29865,144
2022-06-17,Nevada,057,99092,17306,17134,1424,18558,129
2022-06-17,Orange,059,3164182,592494,587176,48369,635545,7074
2022-06-17,Placer,061,380077,68635,67961,8357,76318,628
2022-06-17,Plumas,063,18699,3232,3201,393,3594,13
2022-06-17,Riverside,065,2383286,623867,619760,30088,649848,6488
2022-06-17,Sacramento,067,1510023,309196,306215,30156,336371,3072
2022-06-17,San Benito,069,59416,14118,13985,683,14668,99
2022-06-17,San Bernardino,071,2135413,602922,591926,26441,618367,7765
2022-06-17,San Diego,073,3302833,819145,815124,60195,875319,5318
2022-06-17,San Francisco,075,870044,154273,151898,10133,162031,897
2022-06-17,San Joaquin,077,732212,177871,176323,11612,187935,2251
2022-06-17,San Luis Obispo,079,281455,57223,56767,5254,62021,485
2022-06-17,San Mateo,081,765935,145918,143879,9239,153118,723
2022-06-17,Santa Barbara,083,443738,93649,92906,5420,98326,699
2022-06-17,Santa Clara,085,1922200,370763,365638,15925,381563,2328
2022-06-17,Santa Cruz,087,273765,54677,53866,2659,56525,264
2022-06-17,Shasta,089,179085,31852,31647,6374,38021,568
2022-06-17,Sierra,091,2930,284,281,56,337,4
2022-06-17,Siskiyou,093,43540,4720,4672,2945,7617,81
2022-06-17,Solano,095,438530,92357,90548,6517,97065,454
2022-06-17,Sonoma,097,501317,95496,94318,4150,98468,493
2022-06-17,Stanislaus,099,539301,124217,123264,19003,142267,1668
2022-06-17,Sutter,101,95872,21601,21501,2279,23780,227
2022-06-17,Tehama,103,63373,12501,12410,2699,15109,205
2022-06-17,Trinity,105,12862,1230,1220,297,1517,20
2022-06-17,Tulare,107,460477,110594,110041,29753,139794,1496
2022-06-17,Tuolumne,109,53932,13668,13487,674,14161,189
2022-06-17,Ventura,111,848112,186733,185219,11513,196732,1513
2022-06-17,Yolo,113,214977,42667,41135,3541,44676,323
2022-06-17,Yuba,115,75493,16918,16786,1420,18206,124
2022-06-16,Alameda,001,1643700,299648,296062,16753,312815,1883
2022-06-16,Alpine,003,1148,129,129,1,130,0
2022-06-16,Amador,005,37829,9116,8985,735,9720,87
2022-06-16,Butte,007,227075,35445,34920,7698,42618,432
2022-06-16,Calaveras,009,45235,7706,7664,409,8073,122
2022-06-16,Colusa,011,21464,3532,3519,1103,4622,21
2022-06-16,Contra Costa,013,1133247,219010,213994,16571,230565,1323
2022-06-16,Del Norte,015,27424,6392,6307,277,6584,52
2022-06-16,El Dorado,017,186661,29175,28904,3625,32529,215
2022-06-16,Fresno,019,978130,244126,242214,26015,268229,2768
2022-06-16,Glenn,021,27897,5178,5131,1690,6821,48
2022-06-16,Humboldt,023,135768,19117,18885,3860,22745,148
2022-06-16,Imperial,025,180216,57799,57450,11283,68733,944
2022-06-16,Inyo,027,18085,4225,4209,612,4821,56
2022-06-16,Kern,029,883053,199882,198567,49367,247934,2340
2022-06-16,Kings,031,150075,53473,53242,3620,56862,448
2022-06-16,Lake,033,64148,11426,11318,992,12310,140
2022-06-16,Lassen,035,31185,9252,9225,918,10143,64
2022-06-16,Los Angeles,037,10098052,2928584,2909197,140702,3049899,31999
2022-06-16,Madera,039,155013,39088,38859,6645,45504,372
2022-06-16,Marin,041,260295,39639,39214,4475,43689,294
2022-06-16,Mariposa,043,17540,2701,2662,259,2921,30
2022-06-16,Mendocino,045,87422,14206,14090,3666,17756,127
2022-06-16,Merced,047,269075,65356,64734,9541,74275,827
2022-06-16,Modoc,049,8938,773,771,265,1036,8
2022-06-16,Mono,051,14174,3073,3066,174,3240,6
2022-06-16,Monterey,053,433212,84799,84032,16553,100585,744
2022-06-16,Napa,055,140530,28919,28619,1243,29862,144
2022-06-16,Nevada,057,99092,17283,17134,1419,18553,129
2022-06-16,Orange,059,3164182,591472,587176,48235,635411,7074
2022-06-16,Placer,061,380077,68550,67961,8334,76295,628
2022-06-16,Plumas,063,18699,3225,3201,392,3593,13
2022-06-16,Riverside,065,2383286,623119,619760,30044,649804,6488
2022-06-16,Sacramento,067,1510023,308615,306215,30123,336338,3072
2022-06-16,San Benito,069,59416,14094,13985,680,14665,99
2022-06-16,San Bernardino,071,2135413,602266,591926,26403,618329,7765
2022-06-16,San Diego,073,3302833,817625,815124,60037,875161,5318
2022-06-16,San Francisco,075,870044,153826,151898,10093,161991,897
2022-06-16,San Joaquin,077,732212,177619,176323,11596,187919,2251
2022-06-16,San Luis Obispo,079,281455,57145,56767,5234,62001,485
2022-06-16,San Mateo,081,765935,145553,143879,9223,153102,723
2022-06-16,Santa Barbara,083,443738,93500,92906,5406,98312,699
2022-06-16,Santa Clara,085,1922200,369819,365638,15876,381514,2328
2022-06-16,Santa Cruz,087,273765,54544,53866,2647,56513,264
2022-06-16,Shasta,089,179085,31822,31647,6363,38010,568
2022-06-16,Sierra,091,2930,283,281,56,337,4
2022-06-16,Siskiyou,093,43540,4711,4672,2936,7608,81
2022-06-16,Solano,095,438530,92164,90548,6504,97052,454
2022-06-16,Sonoma,097,501317,95310,94318,4133,98451,493
2022-06-16,Stanislaus,099,539301,124057,123264,18986,142250,1668
2022-06-16,Sutter,101,95872,21576,21501,2277,23778,227
2022-06-16,Tehama,103,63373,12482,12410,2697,15107,205
2022-06-16,Trinity,105,12862,1228,1220,294,1514,20
2022-06-16,Tulare,107,460477,110464,110041,29710,139751,1496
2022-06-16,Tuolumne,109,53932,13644,13487,670,14157,189
2022-06-16,Ventura,111,848112,186462,185219,11468,196687,1513
2022-06-16,Yolo,113,214977,42576,41135,3530,44665,323
2022-06-16,Yuba,115,75493,16894,16786,1416,18202,124
2022-06-15,Alameda,001,1643700,298865,295002,16725,311727,1880
2022-06-15,Alpine,003,1148,129,129,1,130,0
2022-06-15,Amador,005,37829,9108,8972,735,9707,87
2022-06-15,Butte,007,227075,35382,34841,7679,42520,430
2022-06-15,Calaveras,009,45235,7703,7648,407,8055,122
2022-06-15,Colusa,011,21464,3528,3515,1101,4616,21
2022-06-15,Contra Costa,013,1133247,218548,213219,16526,229745,1321
2022-06-15,Del Norte,015,27424,6381,6298,276,6574,52
2022-06-15,El Dorado,017,186661,29121,28829,3613,32442,215
2022-06-15,Fresno,019,978130,243756,241768,25969,267737,2767
2022-06-15,Glenn,021,27897,5173,5128,1682,6810,48
2022-06-15,Humboldt,023,135768,19079,18836,3835,22671,148
2022-06-15,Imperial,025,180216,57716,57373,11260,68633,941
2022-06-15,Inyo,027,18085,4223,4205,611,4816,56
2022-06-15,Kern,029,883053,199617,198216,49260,247476,2338
2022-06-15,Kings,031,150075,53419,53170,3618,56788,448
2022-06-15,Lake,033,64148,11406,11303,987,12290,140
2022-06-15,Lassen,035,31185,9248,9209,917,10126,64
2022-06-15,Los Angeles,037,10098052,2924285,2897298,140344,3037642,31971
2022-06-15,Madera,039,155013,39044,38776,6628,45404,372
2022-06-15,Marin,041,260295,39550,39027,4468,43495,294
2022-06-15,Mariposa,043,17540,2697,2651,257,2908,30
2022-06-15,Mendocino,045,87422,14174,14052,3656,17708,127
2022-06-15,Merced,047,269075,65275,64595,9529,74124,825
2022-06-15,Modoc,049,8938,772,772,265,1037,8
2022-06-15,Mono,051,14174,3073,3060,173,3233,6
2022-06-15,Monterey,053,433212,84658,83837,16513,100350,741
2022-06-15,Napa,055,140530,28859,28518,1234,29752,144
2022-06-15,Nevada,057,99092,17258,17107,1415,18522,127
2022-06-15,Orange,059,3164182,590443,585496,48066,633562,7067
2022-06-15,Placer,061,380077,68427,67805,8318,76123,628
2022-06-15,Plumas,063,18699,3220,3185,390,3575,13
2022-06-15,Riverside,065,2383286,622395,618584,29992,648576,6482
2022-06-15,Sacramento,067,1510023,308021,305361,30076,335437,3059
2022-06-15,San Benito,069,59416,14054,13953,673,14626,99
2022-06-15,San Bernardino,071,2135413,601618,590328,26363,616691,7735
2022-06-15,San Diego,073,3302833,816080,811093,59869,870962,5316
2022-06-15,San Francisco,075,870044,153396,151170,10068,161238,890
2022-06-15,San Joaquin,077,732212,177375,175966,11565,187531,2244
2022-06-15,San Luis Obispo,079,281455,57059,56535,5197,61732,486
2022-06-15,San Mateo,081,765935,145156,143277,9207,152484,722
2022-06-15,Santa Barbara,083,443738,93367,92710,5399,98109,698
2022-06-15,Santa Clara,085,1922200,368816,364014,15840,379854,2323
2022-06-15,Santa Cruz,087,273765,54429,53718,2642,56360,265
2022-06-15,Shasta,089,179085,31781,31598,6356,37954,568
2022-06-15,Sierra,091,2930,281,280,56,336,4
2022-06-15,Siskiyou,093,43540,4700,4656,2926,7582,81
2022-06-15,Solano,095,438530,91935,90265,6493,96758,453
2022-06-15,Sonoma,097,501317,95117,94041,4121,98162,492
2022-06-15,Stanislaus,099,539301,123914,122944,18961,141905,1668
2022-06-15,Sutter,101,95872,21549,21448,2272,23720,227
2022-06-15,Tehama,103,63373,12474,12392,2691,15083,205
2022-06-15,Trinity,105,12862,1227,1217,292,1509,20
2022-06-15,Tulare,107,460477,110359,109930,29673,139603,1495
2022-06-15,Tuolumne,109,53932,13633,13459,670,14129,189
2022-06-15,Ventura,111,848112,186190,184750,11419,196169,1509
2022-06-15,Yolo,113,214977,42470,40756,3515,44271,322
2022-06-15,Yuba,115,75493,16869,16754,1411,18165,124
2022-06-14,Alameda,001,1643700,298170,295002,16681,311683,1880
2022-06-14,Alpine,003,1148,129,129,1,130,0
2022-06-14,Amador,005,37829,9092,8972,730,9702,87
2022-06-14,Butte,007,227075,35327,34841,7663,42504,430
2022-06-14,Calaveras,009,45235,7692,7648,406,8054,122
2022-06-14,Colusa,011,21464,3526,3515,1100,4615,21
2022-06-14,Contra Costa,013,1133247,218014,213219,16467,229686,1321
2022-06-14,Del Norte,015,27424,6373,6298,273,6571,52
2022-06-14,El Dorado,017,186661,29069,28829,3605,32434,215
2022-06-14,Fresno,019,978130,243360,241768,25907,267675,2767
2022-06-14,Glenn,021,27897,5164,5128,1679,6807,48
2022-06-14,Humboldt,023,135768,19029,18836,3818,22654,148
2022-06-14,Imperial,025,180216,57642,57373,11230,68603,941
2022-06-14,Inyo,027,18085,4218,4205,610,4815,56
2022-06-14,Kern,029,883053,199355,198216,49144,247360,2338
2022-06-14,Kings,031,150075,53349,53170,3616,56786,448
2022-06-14,Lake,033,64148,11380,11303,986,12289,140
2022-06-14,Lassen,035,31185,9242,9209,914,10123,64
2022-06-14,Los Angeles,037,10098052,2919761,2897298,139928,3037226,31971
2022-06-14,Madera,039,155013,38991,38776,6619,45395,372
2022-06-14,Marin,041,260295,39441,39027,4457,43484,294
2022-06-14,Mariposa,043,17540,2686,2651,254,2905,30
2022-06-14,Mendocino,045,87422,14146,14052,3643,17695,127
2022-06-14,Merced,047,269075,65193,64595,9504,74099,825
2022-06-14,Modoc,049,8938,772,772,264,1036,8
2022-06-14,Mono,051,14174,3073,3060,172,3232,6
2022-06-14,Monterey,053,433212,84519,83837,16467,100304,741
2022-06-14,Napa,055,140530,28796,28518,1233,29751,144
2022-06-14,Nevada,057,99092,17227,17107,1410,18517,127
2022-06-14,Orange,059,3164182,589315,585496,47905,633401,7067
2022-06-14,Placer,061,380077,68304,67805,8303,76108,628
2022-06-14,Plumas,063,18699,3215,3185,390,3575,13
2022-06-14,Riverside,065,2383286,621614,618584,29957,648541,6482
2022-06-14,Sacramento,067,1510023,307390,305361,29994,335355,3059
2022-06-14,San Benito,069,59416,14019,13953,671,14624,99
2022-06-14,San Bernardino,071,2135413,600905,590328,26319,616647,7735
2022-06-14,San Diego,073,3302833,814371,811093,59720,870813,5316
2022-06-14,San Francisco,075,870044,152916,151170,10041,161211,890
2022-06-14,San Joaquin,077,732212,177107,175966,11530,187496,2244
2022-06-14,San Luis Obispo,079,281455,56950,56535,5149,61684,486
2022-06-14,San Mateo,081,765935,144774,143277,9193,152470,722
2022-06-14,Santa Barbara,083,443738,93231,92710,5383,98093,698
2022-06-14,Santa Clara,085,1922200,367751,364014,15794,379808,2323
2022-06-14,Santa Cruz,087,273765,54302,53718,2631,56349,265
2022-06-14,Shasta,089,179085,31751,31598,6348,37946,568
2022-06-14,Sierra,091,2930,281,280,56,336,4
2022-06-14,Siskiyou,093,43540,4690,4656,2920,7576,81
2022-06-14,Solano,095,438530,91676,90265,6472,96737,453
2022-06-14,Sonoma,097,501317,94901,94041,4107,98148,492
2022-06-14,Stanislaus,099,539301,123737,122944,18932,141876,1668
2022-06-14,Sutter,101,95872,21511,21448,2268,23716,227
2022-06-14,Tehama,103,63373,12456,12392,2690,15082,205
2022-06-14,Trinity,105,12862,1226,1217,292,1509,20
2022-06-14,Tulare,107,460477,110219,109930,29627,139557,1495
2022-06-14,Tuolumne,109,53932,13612,13459,666,14125,189
2022-06-14,Ventura,111,848112,185897,184750,11381,196131,1509
2022-06-14,Yolo,113,214977,42363,40756,3504,44260,322
2022-06-14,Yuba,115,75493,16839,16754,1408,18162,124
2022-06-13,Alameda,001,1643700,297347,295002,16632,311634,1880
2022-06-13,Alpine,003,1148,129,129,1,130,0
2022-06-13,Amador,005,37829,9085,8972,728,9700,87
2022-06-13,Butte,007,227075,35249,34841,7638,42479,430
2022-06-13,Calaveras,009,45235,7674,7648,406,8054,122
2022-06-13,Colusa,011,21464,3526,3515,1097,4612,21
2022-06-13,Contra Costa,013,1133247,217438,213219,16400,229619,1321
2022-06-13,Del Norte,015,27424,6361,6298,269,6567,52
2022-06-13,El Dorado,017,186661,29019,28829,3593,32422,215
2022-06-13,Fresno,019,978130,242934,241768,25851,267619,2767
2022-06-13,Glenn,021,27897,5160,5128,1675,6803,48
2022-06-13,Humboldt,023,135768,18976,18836,3794,22630,148
2022-06-13,Imperial,025,180216,57542,57373,11186,68559,941
2022-06-13,Inyo,027,18085,4214,4205,605,4810,56
2022-06-13,Kern,029,883053,199087,198216,49009,247225,2338
2022-06-13,Kings,031,150075,53284,53170,3612,56782,448
2022-06-13,Lake,033,64148,11355,11303,985,12288,140
2022-06-13,Lassen,035,31185,9234,9209,911,10120,64
2022-06-13,Los Angeles,037,10098052,2915197,2897298,139537,3036835,31971
2022-06-13,Madera,039,155013,38924,38776,6601,45377,372
2022-06-13,Marin,041,260295,39334,39027,4429,43456,294
2022-06-13,Mariposa,043,17540,2672,2651,253,2904,30
2022-06-13,Mendocino,045,87422,14122,14052,3627,17679,127
2022-06-13,Merced,047,269075,65116,64595,9476,74071,825
2022-06-13,Modoc,049,8938,771,772,264,1036,8
2022-06-13,Mono,051,14174,3071,3060,172,3232,6
2022-06-13,Monterey,053,433212,84384,83837,16416,100253,741
2022-06-13,Napa,055,140530,28725,28518,1229,29747,144
2022-06-13,Nevada,057,99092,17196,17107,1407,18514,127
2022-06-13,Orange,059,3164182,588075,585496,47726,633222,7067
2022-06-13,Placer,061,380077,68207,67805,8281,76086,628
2022-06-13,Plumas,063,18699,3210,3185,389,3574,13
2022-06-13,Riverside,065,2383286,620872,618584,29922,648506,6482
2022-06-13,Sacramento,067,1510023,306715,305361,29930,335291,3059
2022-06-13,San Benito,069,59416,13992,13953,665,14618,99
2022-06-13,San Bernardino,071,2135413,600112,590328,26288,616616,7735
2022-06-13,San Diego,073,3302833,812664,811093,59614,870707,5316
2022-06-13,San Francisco,075,870044,152382,151170,10023,161193,890
2022-06-13,San Joaquin,077,732212,176843,175966,11493,187459,2244
2022-06-13,San Luis Obispo,079,281455,56848,56535,5097,61632,486
2022-06-13,San Mateo,081,765935,144334,143277,9171,152448,722
2022-06-13,Santa Barbara,083,443738,93102,92710,5370,98080,698
2022-06-13,Santa Clara,085,1922200,366740,364014,15742,379756,2323
2022-06-13,Santa Cruz,087,273765,54164,53718,2624,56342,265
2022-06-13,Shasta,089,179085,31717,31598,6341,37939,568
2022-06-13,Sierra,091,2930,281,280,56,336,4
2022-06-13,Siskiyou,093,43540,4686,4656,2912,7568,81
2022-06-13,Solano,095,438530,91437,90265,6447,96712,453
2022-06-13,Sonoma,097,501317,94645,94041,4088,98129,492
2022-06-13,Stanislaus,099,539301,123569,122944,18907,141851,1668
2022-06-13,Sutter,101,95872,21483,21448,2264,23712,227
2022-06-13,Tehama,103,63373,12436,12392,2687,15079,205
2022-06-13,Trinity,105,12862,1224,1217,292,1509,20
2022-06-13,Tulare,107,460477,110068,109930,29578,139508,1495
2022-06-13,Tuolumne,109,53932,13589,13459,663,14122,189
2022-06-13,Ventura,111,848112,185605,184750,11329,196079,1509
2022-06-13,Yolo,113,214977,42225,40756,3492,44248,322
2022-06-13,Yuba,115,75493,16821,16754,1404,18158,124
2022-06-12,Alameda,001,1643700,296527,292112,16574,308686,1877
2022-06-12,Alpine,003,1148,129,129,1,130,0
2022-06-12,Amador,005,37829,9062,8869,727,9596,87
2022-06-12,Butte,007,227075,35192,34596,7617,42213,427
2022-06-12,Calaveras,009,45235,7660,7604,403,8007,122
2022-06-12,Colusa,011,21464,3525,3505,1096,4601,21
2022-06-12,Contra Costa,013,1133247,216850,211229,16328,227557,1315
2022-06-12,Del Norte,015,27424,6347,6253,269,6522,52
2022-06-12,El Dorado,017,186661,28958,28641,3576,32217,215
2022-06-12,Fresno,019,978130,242470,240345,25798,266143,2766
2022-06-12,Glenn,021,27897,5157,5104,1673,6777,48
2022-06-12,Humboldt,023,135768,18911,18696,3758,22454,148
2022-06-12,Imperial,025,180216,57465,57129,11142,68271,941
2022-06-12,Inyo,027,18085,4212,4194,604,4798,56
2022-06-12,Kern,029,883053,198805,197353,48890,246243,2338
2022-06-12,Kings,031,150075,53206,52978,3607,56585,447
2022-06-12,Lake,033,64148,11331,11202,984,12186,139
2022-06-12,Lassen,035,31185,9216,9172,909,10081,64
2022-06-12,Los Angeles,037,10098052,2910259,2878981,139056,3018037,31947
2022-06-12,Madera,039,155013,38831,38567,6575,45142,372
2022-06-12,Marin,041,260295,39226,38593,4405,42998,294
2022-06-12,Mariposa,043,17540,2666,2625,252,2877,30
2022-06-12,Mendocino,045,87422,14099,13945,3621,17566,127
2022-06-12,Merced,047,269075,65000,64286,9447,73733,825
2022-06-12,Modoc,049,8938,771,767,264,1031,8
2022-06-12,Mono,051,14174,3067,3052,171,3223,6
2022-06-12,Monterey,053,433212,84227,83391,16338,99729,739
2022-06-12,Napa,055,140530,28663,28202,1220,29422,143
2022-06-12,Nevada,057,99092,17152,16989,1401,18390,127
2022-06-12,Orange,059,3164182,586802,581624,47544,629168,7057
2022-06-12,Placer,061,380077,68094,67306,8257,75563,628
2022-06-12,Plumas,063,18699,3204,3172,388,3560,13
2022-06-12,Riverside,065,2383286,619926,615556,29854,645410,6481
2022-06-12,Sacramento,067,1510023,305970,302721,29829,332550,3058
2022-06-12,San Benito,069,59416,13958,13832,659,14491,99
2022-06-12,San Bernardino,071,2135413,599194,587385,26239,613624,7708
2022-06-12,San Diego,073,3302833,810931,805360,59477,864837,5315
2022-06-12,San Francisco,075,870044,151827,149278,9978,159256,890
2022-06-12,San Joaquin,077,732212,176489,174822,11467,186289,2244
2022-06-12,San Luis Obispo,079,281455,56711,56160,5036,61196,485
2022-06-12,San Mateo,081,765935,143869,141719,9129,150848,715
2022-06-12,Santa Barbara,083,443738,92929,92177,5355,97532,694
2022-06-12,Santa Clara,085,1922200,365565,359925,15696,375621,2322
2022-06-12,Santa Cruz,087,273765,54004,53171,2619,55790,264
2022-06-12,Shasta,089,179085,31670,31483,6327,37810,566
2022-06-12,Sierra,091,2930,281,278,56,334,4
2022-06-12,Siskiyou,093,43540,4678,4633,2907,7540,81
2022-06-12,Solano,095,438530,91145,89424,6428,95852,453
2022-06-12,Sonoma,097,501317,94389,93218,4064,97282,492
2022-06-12,Stanislaus,099,539301,123370,122267,18866,141133,1665
2022-06-12,Sutter,101,95872,21442,21333,2249,23582,227
2022-06-12,Tehama,103,63373,12417,12343,2682,15025,205
2022-06-12,Trinity,105,12862,1221,1213,292,1505,20
2022-06-12,Tulare,107,460477,109873,109467,29512,138979,1495
2022-06-12,Tuolumne,109,53932,13561,13382,661,14043,189
2022-06-12,Ventura,111,848112,185251,183680,11282,194962,1508
2022-06-12,Yolo,113,214977,42104,40202,3487,43689,323
2022-06-12,Yuba,115,75493,16793,16653,1396,18049,123
2022-06-11,Alameda,001,1643700,296112,292112,16554,308666,1877
2022-06-11,Alpine,003,1148,129,129,1,130,0
2022-06-11,Amador,005,37829,9048,8869,727,9596,87
2022-06-11,Butte,007,227075,35157,34596,7601,42197,427
2022-06-11,Calaveras,009,45235,7653,7604,402,8006,122
2022-06-11,Colusa,011,21464,3523,3505,1095,4600,21
2022-06-11,Contra Costa,013,1133247,216538,211229,16293,227522,1315
2022-06-11,Del Norte,015,27424,6339,6253,269,6522,52
2022-06-11,El Dorado,017,186661,28939,28641,3574,32215,215
2022-06-11,Fresno,019,978130,242275,240345,25777,266122,2766
2022-06-11,Glenn,021,27897,5155,5104,1673,6777,48
2022-06-11,Humboldt,023,135768,18891,18696,3750,22446,148
2022-06-11,Imperial,025,180216,57409,57129,11128,68257,941
2022-06-11,Inyo,027,18085,4212,4194,602,4796,56
2022-06-11,Kern,029,883053,198683,197353,48817,246170,2338
2022-06-11,Kings,031,150075,53174,52978,3606,56584,447
2022-06-11,Lake,033,64148,11323,11202,981,12183,139
2022-06-11,Lassen,035,31185,9211,9172,908,10080,64
2022-06-11,Los Angeles,037,10098052,2907921,2878981,138766,3017747,31947
2022-06-11,Madera,039,155013,38810,38567,6573,45140,372
2022-06-11,Marin,041,260295,39149,38593,4371,42964,294
2022-06-11,Mariposa,043,17540,2662,2625,251,2876,30
2022-06-11,Mendocino,045,87422,14088,13945,3617,17562,127
2022-06-11,Merced,047,269075,64952,64286,9443,73729,825
2022-06-11,Modoc,049,8938,771,767,264,1031,8
2022-06-11,Mono,051,14174,3067,3052,171,3223,6
2022-06-11,Monterey,053,433212,84144,83391,16306,99697,739
2022-06-11,Napa,055,140530,28624,28202,1216,29418,143
2022-06-11,Nevada,057,99092,17138,16989,1399,18388,127
2022-06-11,Orange,059,3164182,586161,581624,47407,629031,7057
2022-06-11,Placer,061,380077,68006,67306,8248,75554,628
2022-06-11,Plumas,063,18699,3201,3172,388,3560,13
2022-06-11,Riverside,065,2383286,619400,615556,29825,645381,6481
2022-06-11,Sacramento,067,1510023,305663,302721,29794,332515,3058
2022-06-11,San Benito,069,59416,13948,13832,656,14488,99
2022-06-11,San Bernardino,071,2135413,598774,587385,26216,613601,7708
2022-06-11,San Diego,073,3302833,810229,805360,59432,864792,5315
2022-06-11,San Francisco,075,870044,151505,149278,9958,159236,890
2022-06-11,San Joaquin,077,732212,176335,174822,11449,186271,2244
2022-06-11,San Luis Obispo,079,281455,56677,56160,5026,61186,485
2022-06-11,San Mateo,081,765935,143646,141719,9107,150826,715
2022-06-11,Santa Barbara,083,443738,92863,92177,5341,97518,694
2022-06-11,Santa Clara,085,1922200,364803,359925,15658,375583,2322
2022-06-11,Santa Cruz,087,273765,53949,53171,2605,55776,264
2022-06-11,Shasta,089,179085,31654,31483,6321,37804,566
2022-06-11,Sierra,091,2930,281,278,56,334,4
2022-06-11,Siskiyou,093,43540,4672,4633,2899,7532,81
2022-06-11,Solano,095,438530,91056,89424,6418,95842,453
2022-06-11,Sonoma,097,501317,94282,93218,4039,97257,492
2022-06-11,Stanislaus,099,539301,123268,122267,18843,141110,1665
2022-06-11,Sutter,101,95872,21424,21333,2248,23581,227
2022-06-11,Tehama,103,63373,12410,12343,2682,15025,205
2022-06-11,Trinity,105,12862,1220,1213,292,1505,20
2022-06-11,Tulare,107,460477,109791,109467,29484,138951,1495
2022-06-11,Tuolumne,109,53932,13535,13382,660,14042,189
2022-06-11,Ventura,111,848112,185073,183680,11250,194930,1508
2022-06-11,Yolo,113,214977,42040,40202,3481,43683,323
2022-06-11,Yuba,115,75493,16774,16653,1392,18045,123
2022-06-10,Alameda,001,1643700,295640,292112,16531,308643,1877
2022-06-10,Alpine,003,1148,129,129,1,130,0
2022-06-10,Amador,005,37829,9035,8869,726,9595,87
2022-06-10,Butte,007,227075,35125,34596,7587,42183,427
2022-06-10,Calaveras,009,45235,7648,7604,401,8005,122
2022-06-10,Colusa,011,21464,3518,3505,1094,4599,21
2022-06-10,Contra Costa,013,1133247,216270,211229,16262,227491,1315
2022-06-10,Del Norte,015,27424,6333,6253,268,6521,52
2022-06-10,El Dorado,017,186661,28909,28641,3571,32212,215
2022-06-10,Fresno,019,978130,242046,240345,25754,266099,2766
2022-06-10,Glenn,021,27897,5153,5104,1670,6774,48
2022-06-10,Humboldt,023,135768,18869,18696,3743,22439,148
2022-06-10,Imperial,025,180216,57363,57129,11125,68254,941
2022-06-10,Inyo,027,18085,4211,4194,599,4793,56
2022-06-10,Kern,029,883053,198537,197353,48726,246079,2338
2022-06-10,Kings,031,150075,53154,52978,3605,56583,447
2022-06-10,Lake,033,64148,11308,11202,980,12182,139
2022-06-10,Lassen,035,31185,9208,9172,906,10078,64
2022-06-10,Los Angeles,037,10098052,2905194,2878981,138497,3017478,31947
2022-06-10,Madera,039,155013,38782,38567,6565,45132,372
2022-06-10,Marin,041,260295,39054,38593,4344,42937,294
2022-06-10,Mariposa,043,17540,2658,2625,250,2875,30
2022-06-10,Mendocino,045,87422,14070,13945,3609,17554,127
2022-06-10,Merced,047,269075,64909,64286,9438,73724,825
2022-06-10,Modoc,049,8938,771,767,264,1031,8
2022-06-10,Mono,051,14174,3067,3052,170,3222,6
2022-06-10,Monterey,053,433212,84052,83391,16266,99657,739
2022-06-10,Napa,055,140530,28594,28202,1215,29417,143
2022-06-10,Nevada,057,99092,17125,16989,1398,18387,127
2022-06-10,Orange,059,3164182,585499,581624,47294,628918,7057
2022-06-10,Placer,061,380077,67935,67306,8230,75536,628
2022-06-10,Plumas,063,18699,3197,3172,388,3560,13
2022-06-10,Riverside,065,2383286,618878,615556,29796,645352,6481
2022-06-10,Sacramento,067,1510023,305267,302721,29771,332492,3058
2022-06-10,San Benito,069,59416,13935,13832,655,14487,99
2022-06-10,San Bernardino,071,2135413,598367,587385,26185,613570,7708
2022-06-10,San Diego,073,3302833,809314,805360,59396,864756,5315
2022-06-10,San Francisco,075,870044,151191,149278,9920,159198,890
2022-06-10,San Joaquin,077,732212,176220,174822,11434,186256,2244
2022-06-10,San Luis Obispo,079,281455,56642,56160,5019,61179,485
2022-06-10,San Mateo,081,765935,143391,141719,9094,150813,715
2022-06-10,Santa Barbara,083,443738,92764,92177,5337,97514,694
2022-06-10,Santa Clara,085,1922200,364058,359925,15624,375549,2322
2022-06-10,Santa Cruz,087,273765,53850,53171,2595,55766,264
2022-06-10,Shasta,089,179085,31634,31483,6312,37795,566
2022-06-10,Sierra,091,2930,280,278,56,334,4
2022-06-10,Siskiyou,093,43540,4665,4633,2893,7526,81
2022-06-10,Solano,095,438530,90894,89424,6405,95829,453
2022-06-10,Sonoma,097,501317,94121,93218,4016,97234,492
2022-06-10,Stanislaus,099,539301,123149,122267,18829,141096,1665
2022-06-10,Sutter,101,95872,21409,21333,2246,23579,227
2022-06-10,Tehama,103,63373,12402,12343,2681,15024,205
2022-06-10,Trinity,105,12862,1218,1213,292,1505,20
2022-06-10,Tulare,107,460477,109724,109467,29463,138930,1495
2022-06-10,Tuolumne,109,53932,13521,13382,658,14040,189
2022-06-10,Ventura,111,848112,184887,183680,11216,194896,1508
2022-06-10,Yolo,113,214977,41950,40202,3473,43675,323
2022-06-10,Yuba,115,75493,16753,16653,1389,18042,123
2022-06-09,Alameda,001,1643700,294729,292112,16480,308592,1877
2022-06-09,Alpine,003,1148,129,129,1,130,0
2022-06-09,Amador,005,37829,9024,8869,723,9592,87
2022-06-09,Butte,007,227075,35065,34596,7576,42172,427
2022-06-09,Calaveras,009,45235,7638,7604,401,8005,122
2022-06-09,Colusa,011,21464,3517,3505,1092,4597,21
2022-06-09,Contra Costa,013,1133247,215756,211229,16216,227445,1315
2022-06-09,Del Norte,015,27424,6320,6253,265,6518,52
2022-06-09,El Dorado,017,186661,28852,28641,3562,32203,215
2022-06-09,Fresno,019,978130,241691,240345,25707,266052,2766
2022-06-09,Glenn,021,27897,5147,5104,1668,6772,48
2022-06-09,Humboldt,023,135768,18820,18696,3732,22428,148
2022-06-09,Imperial,025,180216,57305,57129,11108,68237,941
2022-06-09,Inyo,027,18085,4208,4194,594,4788,56
2022-06-09,Kern,029,883053,198335,197353,48628,245981,2338
2022-06-09,Kings,031,150075,53113,52978,3602,56580,447
2022-06-09,Lake,033,64148,11283,11202,978,12180,139
2022-06-09,Lassen,035,31185,9189,9172,904,10076,64
2022-06-09,Los Angeles,037,10098052,2900800,2878981,138116,3017097,31947
2022-06-09,Madera,039,155013,38729,38567,6551,45118,372
2022-06-09,Marin,041,260295,38951,38593,4319,42912,294
2022-06-09,Mariposa,043,17540,2654,2625,249,2874,30
2022-06-09,Mendocino,045,87422,14042,13945,3607,17552,127
2022-06-09,Merced,047,269075,64831,64286,9429,73715,825
2022-06-09,Modoc,049,8938,770,767,264,1031,8
2022-06-09,Mono,051,14174,3061,3052,168,3220,6
2022-06-09,Monterey,053,433212,83932,83391,16197,99588,739
2022-06-09,Napa,055,140530,28534,28202,1213,29415,143
2022-06-09,Nevada,057,99092,17091,16989,1397,18386,127
2022-06-09,Orange,059,3164182,584434,581624,47144,628768,7057
2022-06-09,Placer,061,380077,67814,67306,8217,75523,628
2022-06-09,Plumas,063,18699,3191,3172,388,3560,13
2022-06-09,Riverside,065,2383286,618186,615556,29756,645312,6481
2022-06-09,Sacramento,067,1510023,304686,302721,29689,332410,3058
2022-06-09,San Benito,069,59416,13917,13832,653,14485,99
2022-06-09,San Bernardino,071,2135413,597700,587385,26152,613537,7708
2022-06-09,San Diego,073,3302833,807904,805360,59257,864617,5315
2022-06-09,San Francisco,075,870044,150798,149278,9890,159168,890
2022-06-09,San Joaquin,077,732212,175927,174822,11416,186238,2244
2022-06-09,San Luis Obispo,079,281455,56555,56160,4990,61150,485
2022-06-09,San Mateo,081,765935,143006,141719,9067,150786,715
2022-06-09,Santa Barbara,083,443738,92633,92177,5332,97509,694
2022-06-09,Santa Clara,085,1922200,363092,359925,15555,375480,2322
2022-06-09,Santa Cruz,087,273765,53718,53171,2585,55756,264
2022-06-09,Shasta,089,179085,31603,31483,6302,37785,566
2022-06-09,Sierra,091,2930,280,278,56,334,4
2022-06-09,Siskiyou,093,43540,4658,4633,2879,7512,81
2022-06-09,Solano,095,438530,90649,89424,6390,95814,453
2022-06-09,Sonoma,097,501317,93964,93218,3997,97215,492
2022-06-09,Stanislaus,099,539301,122981,122267,18815,141082,1665
2022-06-09,Sutter,101,95872,21372,21333,2246,23579,227
2022-06-09,Tehama,103,63373,12384,12343,2680,15023,205
2022-06-09,Trinity,105,12862,1217,1213,292,1505,20
2022-06-09,Tulare,107,460477,109603,109467,29427,138894,1495
2022-06-09,Tuolumne,109,53932,13490,13382,655,14037,189
2022-06-09,Ventura,111,848112,184619,183680,11182,194862,1508
2022-06-09,Yolo,113,214977,41837,40202,3458,43660,323
2022-06-09,Yuba,115,75493,16730,16653,1386,18039,123
2022-06-08,Alameda,001,1643700,293968,289661,16432,306093,1873
2022-06-08,Alpine,003,1148,129,128,1,129,0
2022-06-08,Amador,005,37829,9016,8818,721,9539,87
2022-06-08,Butte,007,227075,34998,34380,7558,41938,427
2022-06-08,Calaveras,009,45235,7624,7564,401,7965,122
2022-06-08,Colusa,011,21464,3515,3495,1089,4584,21
2022-06-08,Contra Costa,013,1133247,215244,209384,16151,225535,1310
2022-06-08,Del Norte,015,27424,6298,6229,265,6494,52
2022-06-08,El Dorado,017,186661,28800,28478,3553,32031,215
2022-06-08,Fresno,019,978130,241353,239376,25635,265011,2766
2022-06-08,Glenn,021,27897,5143,5095,1665,6760,48
2022-06-08,Humboldt,023,135768,18790,18598,3706,22304,147
2022-06-08,Imperial,025,180216,57229,56912,11088,68000,941
2022-06-08,Inyo,027,18085,4206,4189,594,4783,56
2022-06-08,Kern,029,883053,198066,196763,48518,245281,2338
2022-06-08,Kings,031,150075,53043,52821,3598,56419,447
2022-06-08,Lake,033,64148,11262,11158,975,12133,137
2022-06-08,Lassen,035,31185,9176,9148,904,10052,64
2022-06-08,Los Angeles,037,10098052,2896173,2865901,137730,3003631,31920
2022-06-08,Madera,039,155013,38684,38408,6538,44946,372
2022-06-08,Marin,041,260295,38858,38338,4302,42640,294
2022-06-08,Mariposa,043,17540,2644,2614,248,2862,30
2022-06-08,Mendocino,045,87422,14022,13859,3595,17454,127
2022-06-08,Merced,047,269075,64766,64080,9407,73487,825
2022-06-08,Modoc,049,8938,766,761,264,1025,8
2022-06-08,Mono,051,14174,3057,3044,168,3212,6
2022-06-08,Monterey,053,433212,83821,83063,16147,99210,740
2022-06-08,Napa,055,140530,28445,27996,1208,29204,143
2022-06-08,Nevada,057,99092,17065,16907,1393,18300,127
2022-06-08,Orange,059,3164182,583328,578530,46958,625488,7044
2022-06-08,Placer,061,380077,67685,66951,8205,75156,627
2022-06-08,Plumas,063,18699,3188,3150,387,3537,13
2022-06-08,Riverside,065,2383286,617500,613469,29721,643190,6480
2022-06-08,Sacramento,067,1510023,304048,300875,29606,330481,3054
2022-06-08,San Benito,069,59416,13883,13734,651,14385,99
2022-06-08,San Bernardino,071,2135413,597003,585029,26108,611137,7685
2022-06-08,San Diego,073,3302833,806405,800840,59081,859921,5308
2022-06-08,San Francisco,075,870044,150376,147960,9864,157824,885
2022-06-08,San Joaquin,077,732212,175652,173887,11389,185276,2241
2022-06-08,San Luis Obispo,079,281455,56399,55822,4927,60749,484
2022-06-08,San Mateo,081,765935,142606,140569,9018,149587,710
2022-06-08,Santa Barbara,083,443738,92494,91747,5321,97068,693
2022-06-08,Santa Clara,085,1922200,362126,356452,15504,371956,2321
2022-06-08,Santa Cruz,087,273765,53578,52753,2574,55327,264
2022-06-08,Shasta,089,179085,31570,31394,6291,37685,565
2022-06-08,Sierra,091,2930,280,278,56,334,4
2022-06-08,Siskiyou,093,43540,4653,4609,2877,7486,81
2022-06-08,Solano,095,438530,90382,88522,6368,94890,453
2022-06-08,Sonoma,097,501317,93779,92644,3963,96607,491
2022-06-08,Stanislaus,099,539301,122798,121787,18780,140567,1662
2022-06-08,Sutter,101,95872,21348,21256,2240,23496,227
2022-06-08,Tehama,103,63373,12377,12306,2679,14985,205
2022-06-08,Trinity,105,12862,1216,1211,291,1502,20
2022-06-08,Tulare,107,460477,109517,109091,29373,138464,1494
2022-06-08,Tuolumne,109,53932,13474,13335,654,13989,189
2022-06-08,Ventura,111,848112,184343,182847,11132,193979,1506
2022-06-08,Yolo,113,214977,41731,39962,3444,43406,321
2022-06-08,Yuba,115,75493,16705,16558,1378,17936,122
2022-06-07,Alameda,001,1643700,293157,289661,16388,306049,1873
2022-06-07,Alpine,003,1148,129,128,1,129,0
2022-06-07,Amador,005,37829,9006,8818,718,9536,87
2022-06-07,Butte,007,227075,34919,34380,7533,41913,427
2022-06-07,Calaveras,009,45235,7616,7564,399,7963,122
2022-06-07,Colusa,011,21464,3515,3495,1086,4581,21
2022-06-07,Contra Costa,013,1133247,214685,209384,16098,225482,1310
2022-06-07,Del Norte,015,27424,6290,6229,262,6491,52
2022-06-07,El Dorado,017,186661,28736,28478,3542,32020,215
2022-06-07,Fresno,019,978130,240970,239376,25569,264945,2766
2022-06-07,Glenn,021,27897,5136,5095,1665,6760,48
2022-06-07,Humboldt,023,135768,18752,18598,3690,22288,147
2022-06-07,Imperial,025,180216,57170,56912,11055,67967,941
2022-06-07,Inyo,027,18085,4205,4189,586,4775,56
2022-06-07,Kern,029,883053,197811,196763,48410,245173,2338
2022-06-07,Kings,031,150075,52985,52821,3594,56415,447
2022-06-07,Lake,033,64148,11237,11158,969,12127,137
2022-06-07,Lassen,035,31185,9167,9148,903,10051,64
2022-06-07,Los Angeles,037,10098052,2890843,2865901,137294,3003195,31920
2022-06-07,Madera,039,155013,38612,38408,6522,44930,372
2022-06-07,Marin,041,260295,38774,38338,4275,42613,294
2022-06-07,Mariposa,043,17540,2637,2614,246,2860,30
2022-06-07,Mendocino,045,87422,13990,13859,3564,17423,127
2022-06-07,Merced,047,269075,64675,64080,9391,73471,825
2022-06-07,Modoc,049,8938,766,761,262,1023,8
2022-06-07,Mono,051,14174,3055,3044,166,3210,6
2022-06-07,Monterey,053,433212,83693,83063,16093,99156,740
2022-06-07,Napa,055,140530,28372,27996,1200,29196,143
2022-06-07,Nevada,057,99092,17038,16907,1387,18294,127
2022-06-07,Orange,059,3164182,582211,578530,46798,625328,7044
2022-06-07,Placer,061,380077,67533,66951,8173,75124,627
2022-06-07,Plumas,063,18699,3183,3150,386,3536,13
2022-06-07,Riverside,065,2383286,616620,613469,29670,643139,6480
2022-06-07,Sacramento,067,1510023,303326,300875,29504,330379,3054
2022-06-07,San Benito,069,59416,13841,13734,647,14381,99
2022-06-07,San Bernardino,071,2135413,596226,585029,26080,611109,7685
2022-06-07,San Diego,073,3302833,804828,800840,58871,859711,5308
2022-06-07,San Francisco,075,870044,149861,147960,9842,157802,885
2022-06-07,San Joaquin,077,732212,175319,173887,11351,185238,2241
2022-06-07,San Luis Obispo,079,281455,56296,55822,4882,60704,484
2022-06-07,San Mateo,081,765935,142187,140569,8962,149531,710
2022-06-07,Santa Barbara,083,443738,92348,91747,5308,97055,693
2022-06-07,Santa Clara,085,1922200,360991,356452,15423,371875,2321
2022-06-07,Santa Cruz,087,273765,53477,52753,2567,55320,264
2022-06-07,Shasta,089,179085,31533,31394,6284,37678,565
2022-06-07,Sierra,091,2930,279,278,56,334,4
2022-06-07,Siskiyou,093,43540,4646,4609,2873,7482,81
2022-06-07,Solano,095,438530,90055,88522,6350,94872,453
2022-06-07,Sonoma,097,501317,93549,92644,3931,96575,491
2022-06-07,Stanislaus,099,539301,122625,121787,18760,140547,1662
2022-06-07,Sutter,101,95872,21319,21256,2238,23494,227
2022-06-07,Tehama,103,63373,12361,12306,2675,14981,205
2022-06-07,Trinity,105,12862,1215,1211,291,1502,20
2022-06-07,Tulare,107,460477,109391,109091,29323,138414,1494
2022-06-07,Tuolumne,109,53932,13461,13335,652,13987,189
2022-06-07,Ventura,111,848112,183978,182847,11088,193935,1506
2022-06-07,Yolo,113,214977,41614,39962,3435,43397,321
2022-06-07,Yuba,115,75493,16676,16558,1377,17935,122
2022-06-06,Alameda,001,1643700,292275,289661,16335,305996,1873
2022-06-06,Alpine,003,1148,129,128,1,129,0
2022-06-06,Amador,005,37829,8955,8818,716,9534,87
2022-06-06,Butte,007,227075,34855,34380,7519,41899,427
2022-06-06,Calaveras,009,45235,7605,7564,399,7963,122
2022-06-06,Colusa,011,21464,3514,3495,1082,4577,21
2022-06-06,Contra Costa,013,1133247,214033,209384,16016,225400,1310
2022-06-06,Del Norte,015,27424,6282,6229,261,6490,52
2022-06-06,El Dorado,017,186661,28687,28478,3530,32008,215
2022-06-06,Fresno,019,978130,240550,239376,25501,264877,2766
2022-06-06,Glenn,021,27897,5128,5095,1662,6757,48
2022-06-06,Humboldt,023,135768,18714,18598,3677,22275,147
2022-06-06,Imperial,025,180216,57096,56912,11022,67934,941
2022-06-06,Inyo,027,18085,4201,4189,583,4772,56
2022-06-06,Kern,029,883053,197528,196763,48280,245043,2338
2022-06-06,Kings,031,150075,52925,52821,3591,56412,447
2022-06-06,Lake,033,64148,11217,11158,963,12121,137
2022-06-06,Lassen,035,31185,9157,9148,902,10050,64
2022-06-06,Los Angeles,037,10098052,2885204,2865901,136878,3002779,31920
2022-06-06,Madera,039,155013,38544,38408,6494,44902,372
2022-06-06,Marin,041,260295,38649,38338,4238,42576,294
2022-06-06,Mariposa,043,17540,2627,2614,244,2858,30
2022-06-06,Mendocino,045,87422,13961,13859,3553,17412,127
2022-06-06,Merced,047,269075,64553,64080,9367,73447,825
2022-06-06,Modoc,049,8938,764,761,260,1021,8
2022-06-06,Mono,051,14174,3052,3044,165,3209,6
2022-06-06,Monterey,053,433212,83550,83063,16028,99091,740
2022-06-06,Napa,055,140530,28294,27996,1191,29187,143
2022-06-06,Nevada,057,99092,17010,16907,1383,18290,127
2022-06-06,Orange,059,3164182,581083,578530,46639,625169,7044
2022-06-06,Placer,061,380077,67417,66951,8141,75092,627
2022-06-06,Plumas,063,18699,3176,3150,385,3535,13
2022-06-06,Riverside,065,2383286,615827,613469,29620,643089,6480
2022-06-06,Sacramento,067,1510023,302553,300875,29401,330276,3054
2022-06-06,San Benito,069,59416,13793,13734,643,14377,99
2022-06-06,San Bernardino,071,2135413,595456,585029,26038,611067,7685
2022-06-06,San Diego,073,3302833,803038,800840,58636,859476,5308
2022-06-06,San Francisco,075,870044,149342,147960,9819,157779,885
2022-06-06,San Joaquin,077,732212,174938,173887,11320,185207,2241
2022-06-06,San Luis Obispo,079,281455,56187,55822,4849,60671,484
2022-06-06,San Mateo,081,765935,141707,140569,8924,149493,710
2022-06-06,Santa Barbara,083,443738,92171,91747,5290,97037,693
2022-06-06,Santa Clara,085,1922200,359730,356452,15340,371792,2321
2022-06-06,Santa Cruz,087,273765,53322,52753,2555,55308,264
2022-06-06,Shasta,089,179085,31498,31394,6272,37666,565
2022-06-06,Sierra,091,2930,279,278,56,334,4
2022-06-06,Siskiyou,093,43540,4636,4609,2863,7472,81
2022-06-06,Solano,095,438530,89765,88522,6331,94853,453
2022-06-06,Sonoma,097,501317,93308,92644,3903,96547,491
2022-06-06,Stanislaus,099,539301,122437,121787,18735,140522,1662
2022-06-06,Sutter,101,95872,21289,21256,2232,23488,227
2022-06-06,Tehama,103,63373,12349,12306,2673,14979,205
2022-06-06,Trinity,105,12862,1213,1211,291,1502,20
2022-06-06,Tulare,107,460477,109252,109091,29268,138359,1494
2022-06-06,Tuolumne,109,53932,13442,13335,651,13986,189
2022-06-06,Ventura,111,848112,183671,182847,11045,193892,1506
2022-06-06,Yolo,113,214977,41456,39962,3424,43386,321
2022-06-06,Yuba,115,75493,16633,16558,1370,17928,122
2022-06-05,Alameda,001,1643700,291224,285785,16274,302059,1873
2022-06-05,Alpine,003,1148,128,128,1,129,0
2022-06-05,Amador,005,37829,8917,8775,713,9488,87
2022-06-05,Butte,007,227075,34776,34129,7501,41630,427
2022-06-05,Calaveras,009,45235,7589,7525,393,7918,121
2022-06-05,Colusa,011,21464,3508,3484,1082,4566,21
2022-06-05,Contra Costa,013,1133247,213323,206711,15903,222614,1310
2022-06-05,Del Norte,015,27424,6271,6206,257,6463,52
2022-06-05,El Dorado,017,186661,28611,28241,3522,31763,214
2022-06-05,Fresno,019,978130,240086,237945,25412,263357,2766
2022-06-05,Glenn,021,27897,5121,5063,1662,6725,48
2022-06-05,Humboldt,023,135768,18665,18433,3655,22088,147
2022-06-05,Imperial,025,180216,57000,56690,10974,67664,941
2022-06-05,Inyo,027,18085,4197,4176,578,4754,56
2022-06-05,Kern,029,883053,197217,195863,48166,244029,2338
2022-06-05,Kings,031,150075,52850,52597,3585,56182,447
2022-06-05,Lake,033,64148,11198,11064,959,12023,137
2022-06-05,Lassen,035,31185,9149,9106,898,10004,64
2022-06-05,Los Angeles,037,10098052,2879139,2846989,136354,2983343,31899
2022-06-05,Madera,039,155013,38482,38188,6478,44666,372
2022-06-05,Marin,041,260295,38536,37879,4205,42084,294
2022-06-05,Mariposa,043,17540,2625,2557,243,2800,30
2022-06-05,Mendocino,045,87422,13925,13738,3506,17244,125
2022-06-05,Merced,047,269075,64462,63756,9334,73090,825
2022-06-05,Modoc,049,8938,763,759,260,1019,8
2022-06-05,Mono,051,14174,3049,3037,163,3200,6
2022-06-05,Monterey,053,433212,83390,82451,15945,98396,738
2022-06-05,Napa,055,140530,28165,27686,1182,28868,143
2022-06-05,Nevada,057,99092,16966,16728,1367,18095,127
2022-06-05,Orange,059,3164182,579819,574146,46452,620598,7038
2022-06-05,Placer,061,380077,67276,66428,8108,74536,627
2022-06-05,Plumas,063,18699,3168,3138,385,3523,13
2022-06-05,Riverside,065,2383286,614891,610369,29557,639926,6481
2022-06-05,Sacramento,067,1510023,301639,297787,29259,327046,3052
2022-06-05,San Benito,069,59416,13748,13572,637,14209,99
2022-06-05,San Bernardino,071,2135413,594478,582305,25993,608298,7664
2022-06-05,San Diego,073,3302833,801135,794822,58445,853267,5303
2022-06-05,San Francisco,075,870044,148754,145876,9766,155642,881
2022-06-05,San Joaquin,077,732212,174504,172621,11272,183893,2242
2022-06-05,San Luis Obispo,079,281455,56025,55333,4776,60109,484
2022-06-05,San Mateo,081,765935,141193,138536,8876,147412,710
2022-06-05,Santa Barbara,083,443738,91979,90911,5271,96182,693
2022-06-05,Santa Clara,085,1922200,358324,351492,15250,366742,2317
2022-06-05,Santa Cruz,087,273765,53130,52333,2542,54875,263
2022-06-05,Shasta,089,179085,31457,31272,6261,37533,565
2022-06-05,Sierra,091,2930,279,278,56,334,4
2022-06-05,Siskiyou,093,43540,4631,4591,2851,7442,81
2022-06-05,Solano,095,438530,89423,87571,6314,93885,452
2022-06-05,Sonoma,097,501317,93029,91518,3874,95392,491
2022-06-05,Stanislaus,099,539301,122240,121001,18707,139708,1661
2022-06-05,Sutter,101,95872,21257,21125,2225,23350,227
2022-06-05,Tehama,103,63373,12330,12262,2670,14932,204
2022-06-05,Trinity,105,12862,1213,1204,291,1495,20
2022-06-05,Tulare,107,460477,109064,108598,29192,137790,1490
2022-06-05,Tuolumne,109,53932,13413,13251,638,13889,189
2022-06-05,Ventura,111,848112,183318,181709,10988,192697,1505
2022-06-05,Yolo,113,214977,41324,39561,3412,42973,321
2022-06-05,Yuba,115,75493,16593,16467,1362,17829,122
2022-06-04,Alameda,001,1643700,290723,285785,16254,302039,1873
2022-06-04,Alpine,003,1148,128,128,1,129,0
2022-06-04,Amador,005,37829,8908,8775,711,9486,87
2022-06-04,Butte,007,227075,34737,34129,7496,41625,427
2022-06-04,Calaveras,009,45235,7575,7525,393,7918,121
2022-06-04,Colusa,011,21464,3505,3484,1077,4561,21
2022-06-04,Contra Costa,013,1133247,212935,206711,15864,222575,1310
2022-06-04,Del Norte,015,27424,6270,6206,257,6463,52
2022-06-04,El Dorado,017,186661,28572,28241,3518,31759,214
2022-06-04,Fresno,019,978130,239915,237945,25395,263340,2766
2022-06-04,Glenn,021,27897,5117,5063,1661,6724,48
2022-06-04,Humboldt,023,135768,18643,18433,3649,22082,147
2022-06-04,Imperial,025,180216,56949,56690,10962,67652,941
2022-06-04,Inyo,027,18085,4197,4176,577,4753,56
2022-06-04,Kern,029,883053,197093,195863,48098,243961,2338
2022-06-04,Kings,031,150075,52808,52597,3585,56182,447
2022-06-04,Lake,033,64148,11183,11064,953,12017,137
2022-06-04,Lassen,035,31185,9144,9106,897,10003,64
2022-06-04,Los Angeles,037,10098052,2876687,2846989,136078,2983067,31899
2022-06-04,Madera,039,155013,38448,38188,6474,44662,372
2022-06-04,Marin,041,260295,38459,37879,4164,42043,294
2022-06-04,Mariposa,043,17540,2622,2557,243,2800,30
2022-06-04,Mendocino,045,87422,13912,13738,3505,17243,125
2022-06-04,Merced,047,269075,64412,63756,9326,73082,825
2022-06-04,Modoc,049,8938,762,759,259,1018,8
2022-06-04,Mono,051,14174,3049,3037,163,3200,6
2022-06-04,Monterey,053,433212,83305,82451,15910,98361,738
2022-06-04,Napa,055,140530,28123,27686,1180,28866,143
2022-06-04,Nevada,057,99092,16953,16728,1366,18094,127
2022-06-04,Orange,059,3164182,579179,574146,46325,620471,7038
2022-06-04,Placer,061,380077,67194,66428,8091,74519,627
2022-06-04,Plumas,063,18699,3164,3138,384,3522,13
2022-06-04,Riverside,065,2383286,614356,610369,29532,639901,6481
2022-06-04,Sacramento,067,1510023,301282,297787,29231,327018,3052
2022-06-04,San Benito,069,59416,13722,13572,634,14206,99
2022-06-04,San Bernardino,071,2135413,594028,582305,25964,608269,7664
2022-06-04,San Diego,073,3302833,800406,794822,58398,853220,5303
2022-06-04,San Francisco,075,870044,148426,145876,9745,155621,881
2022-06-04,San Joaquin,077,732212,174359,172621,11238,183859,2242
2022-06-04,San Luis Obispo,079,281455,55987,55333,4769,60102,484
2022-06-04,San Mateo,081,765935,140889,138536,8848,147384,710
2022-06-04,Santa Barbara,083,443738,91881,90911,5250,96161,693
2022-06-04,Santa Clara,085,1922200,357447,351492,15209,366701,2317
2022-06-04,Santa Cruz,087,273765,53045,52333,2529,54862,263
2022-06-04,Shasta,089,179085,31434,31272,6258,37530,565
2022-06-04,Sierra,091,2930,279,278,56,334,4
2022-06-04,Siskiyou,093,43540,4627,4591,2845,7436,81
2022-06-04,Solano,095,438530,89339,87571,6297,93868,452
2022-06-04,Sonoma,097,501317,92876,91518,3860,95378,491
2022-06-04,Stanislaus,099,539301,122102,121001,18692,139693,1661
2022-06-04,Sutter,101,95872,21230,21125,2222,23347,227
2022-06-04,Tehama,103,63373,12316,12262,2669,14931,204
2022-06-04,Trinity,105,12862,1213,1204,291,1495,20
2022-06-04,Tulare,107,460477,108998,108598,29150,137748,1490
2022-06-04,Tuolumne,109,53932,13403,13251,635,13886,189
2022-06-04,Ventura,111,848112,183133,181709,10971,192680,1505
2022-06-04,Yolo,113,214977,41246,39561,3407,42968,321
2022-06-04,Yuba,115,75493,16577,16467,1358,17825,122
2022-06-03,Alameda,001,1643700,290189,285785,16228,302013,1873
2022-06-03,Alpine,003,1148,128,128,1,129,0
2022-06-03,Amador,005,37829,8902,8775,709,9484,87
2022-06-03,Butte,007,227075,34686,34129,7487,41616,427
2022-06-03,Calaveras,009,45235,7570,7525,393,7918,121
2022-06-03,Colusa,011,21464,3505,3484,1075,4559,21
2022-06-03,Contra Costa,013,1133247,212624,206711,15835,222546,1310
2022-06-03,Del Norte,015,27424,6266,6206,254,6460,52
2022-06-03,El Dorado,017,186661,28543,28241,3515,31756,214
2022-06-03,Fresno,019,978130,239686,237945,25362,263307,2766
2022-06-03,Glenn,021,27897,5111,5063,1658,6721,48
2022-06-03,Humboldt,023,135768,18623,18433,3644,22077,147
2022-06-03,Imperial,025,180216,56903,56690,10952,67642,941
2022-06-03,Inyo,027,18085,4196,4176,577,4753,56
2022-06-03,Kern,029,883053,196952,195863,48030,243893,2338
2022-06-03,Kings,031,150075,52784,52597,3585,56182,447
2022-06-03,Lake,033,64148,11172,11064,950,12014,137
2022-06-03,Lassen,035,31185,9139,9106,897,10003,64
2022-06-03,Los Angeles,037,10098052,2873787,2846989,135795,2982784,31899
2022-06-03,Madera,039,155013,38404,38188,6465,44653,372
2022-06-03,Marin,041,260295,38390,37879,4129,42008,294
2022-06-03,Mariposa,043,17540,2618,2557,243,2800,30
2022-06-03,Mendocino,045,87422,13890,13738,3504,17242,125
2022-06-03,Merced,047,269075,64361,63756,9323,73079,825
2022-06-03,Modoc,049,8938,762,759,259,1018,8
2022-06-03,Mono,051,14174,3046,3037,163,3200,6
2022-06-03,Monterey,053,433212,83206,82451,15863,98314,738
2022-06-03,Napa,055,140530,28073,27686,1172,28858,143
2022-06-03,Nevada,057,99092,16932,16728,1365,18093,127
2022-06-03,Orange,059,3164182,578495,574146,46221,620367,7038
2022-06-03,Placer,061,380077,67113,66428,8074,74502,627
2022-06-03,Plumas,063,18699,3162,3138,383,3521,13
2022-06-03,Riverside,065,2383286,613831,610369,29502,639871,6481
2022-06-03,Sacramento,067,1510023,300812,297787,29198,326985,3052
2022-06-03,San Benito,069,59416,13709,13572,630,14202,99
2022-06-03,San Bernardino,071,2135413,593567,582305,25929,608234,7664
2022-06-03,San Diego,073,3302833,799456,794822,58275,853097,5303
2022-06-03,San Francisco,075,870044,148058,145876,9713,155589,881
2022-06-03,San Joaquin,077,732212,174196,172621,11220,183841,2242
2022-06-03,San Luis Obispo,079,281455,55942,55333,4760,60093,484
2022-06-03,San Mateo,081,765935,140606,138536,8835,147371,710
2022-06-03,Santa Barbara,083,443738,91762,90911,5248,96159,693
2022-06-03,Santa Clara,085,1922200,356554,351492,15163,366655,2317
2022-06-03,Santa Cruz,087,273765,52913,52333,2516,54849,263
2022-06-03,Shasta,089,179085,31422,31272,6257,37529,565
2022-06-03,Sierra,091,2930,279,278,56,334,4
2022-06-03,Siskiyou,093,43540,4622,4591,2844,7435,81
2022-06-03,Solano,095,438530,89223,87571,6288,93859,452
2022-06-03,Sonoma,097,501317,92731,91518,3851,95369,491
2022-06-03,Stanislaus,099,539301,121995,121001,18671,139672,1661
2022-06-03,Sutter,101,95872,21207,21125,2221,23346,227
2022-06-03,Tehama,103,63373,12310,12262,2668,14930,204
2022-06-03,Trinity,105,12862,1211,1204,291,1495,20
2022-06-03,Tulare,107,460477,108930,108598,29115,137713,1490
2022-06-03,Tuolumne,109,53932,13392,13251,632,13883,189
2022-06-03,Ventura,111,848112,182945,181709,10946,192655,1505
2022-06-03,Yolo,113,214977,41183,39561,3393,42954,321
2022-06-03,Yuba,115,75493,16552,16467,1356,17823,122
2022-06-02,Alameda,001,1643700,289289,285785,16165,301950,1873
2022-06-02,Alpine,003,1148,128,128,1,129,0
2022-06-02,Amador,005,37829,8879,8775,707,9482,87
2022-06-02,Butte,007,227075,34611,34129,7471,41600,427
2022-06-02,Calaveras,009,45235,7557,7525,392,7917,121
2022-06-02,Colusa,011,21464,3502,3484,1075,4559,21
2022-06-02,Contra Costa,013,1133247,212037,206711,15743,222454,1310
2022-06-02,Del Norte,015,27424,6256,6206,253,6459,52
2022-06-02,El Dorado,017,186661,28476,28241,3503,31744,214
2022-06-02,Fresno,019,978130,239343,237945,25305,263250,2766
2022-06-02,Glenn,021,27897,5105,5063,1654,6717,48
2022-06-02,Humboldt,023,135768,18582,18433,3623,22056,147
2022-06-02,Imperial,025,180216,56844,56690,10941,67631,941
2022-06-02,Inyo,027,18085,4196,4176,574,4750,56
2022-06-02,Kern,029,883053,196669,195863,47926,243789,2338
2022-06-02,Kings,031,150075,52731,52597,3580,56177,447
2022-06-02,Lake,033,64148,11150,11064,948,12012,137
2022-06-02,Lassen,035,31185,9128,9106,897,10003,64
2022-06-02,Los Angeles,037,10098052,2868870,2846989,135372,2982361,31899
2022-06-02,Madera,039,155013,38351,38188,6452,44640,372
2022-06-02,Marin,041,260295,38292,37879,4102,41981,294
2022-06-02,Mariposa,043,17540,2613,2557,242,2799,30
2022-06-02,Mendocino,045,87422,13861,13738,3496,17234,125
2022-06-02,Merced,047,269075,64283,63756,9314,73070,825
2022-06-02,Modoc,049,8938,761,759,259,1018,8
2022-06-02,Mono,051,14174,3046,3037,163,3200,6
2022-06-02,Monterey,053,433212,83054,82451,15799,98250,738
2022-06-02,Napa,055,140530,27997,27686,1169,28855,143
2022-06-02,Nevada,057,99092,16895,16728,1360,18088,127
2022-06-02,Orange,059,3164182,577467,574146,46076,620222,7038
2022-06-02,Placer,061,380077,66992,66428,8050,74478,627
2022-06-02,Plumas,063,18699,3153,3138,383,3521,13
2022-06-02,Riverside,065,2383286,613145,610369,29443,639812,6481
2022-06-02,Sacramento,067,1510023,300172,297787,29093,326880,3052
2022-06-02,San Benito,069,59416,13676,13572,628,14200,99
2022-06-02,San Bernardino,071,2135413,592885,582305,25884,608189,7664
2022-06-02,San Diego,073,3302833,798083,794822,58106,852928,5303
2022-06-02,San Francisco,075,870044,147641,145876,9663,155539,881
2022-06-02,San Joaquin,077,732212,173887,172621,11188,183809,2242
2022-06-02,San Luis Obispo,079,281455,55812,55333,4725,60058,484
2022-06-02,San Mateo,081,765935,140228,138536,8782,147318,710
2022-06-02,Santa Barbara,083,443738,91588,90911,5233,96144,693
2022-06-02,Santa Clara,085,1922200,355462,351492,15043,366535,2317
2022-06-02,Santa Cruz,087,273765,52797,52333,2505,54838,263
2022-06-02,Shasta,089,179085,31392,31272,6250,37522,565
2022-06-02,Sierra,091,2930,279,278,56,334,4
2022-06-02,Siskiyou,093,43540,4615,4591,2835,7426,81
2022-06-02,Solano,095,438530,88949,87571,6277,93848,452
2022-06-02,Sonoma,097,501317,92505,91518,3825,95343,491
2022-06-02,Stanislaus,099,539301,121837,121001,18642,139643,1661
2022-06-02,Sutter,101,95872,21180,21125,2215,23340,227
2022-06-02,Tehama,103,63373,12298,12262,2661,14923,204
2022-06-02,Trinity,105,12862,1209,1204,291,1495,20
2022-06-02,Tulare,107,460477,108800,108598,29049,137647,1490
2022-06-02,Tuolumne,109,53932,13373,13251,630,13881,189
2022-06-02,Ventura,111,848112,182674,181709,10912,192621,1505
2022-06-02,Yolo,113,214977,41074,39561,3383,42944,321
2022-06-02,Yuba,115,75493,16531,16467,1349,17816,122
2022-06-01,Alameda,001,1643700,288284,284051,16109,300160,1868
2022-06-01,Alpine,003,1148,128,128,1,129,0
2022-06-01,Amador,005,37829,8873,8741,705,9446,87
2022-06-01,Butte,007,227075,34541,34059,7457,41516,427
2022-06-01,Calaveras,009,45235,7552,7502,389,7891,120
2022-06-01,Colusa,011,21464,3499,3476,1075,4551,21
2022-06-01,Contra Costa,013,1133247,211392,205699,15666,221365,1310
2022-06-01,Del Norte,015,27424,6246,6188,252,6440,51
2022-06-01,El Dorado,017,186661,28414,28133,3485,31618,214
2022-06-01,Fresno,019,978130,238985,237367,25250,262617,2765
2022-06-01,Glenn,021,27897,5100,5059,1654,6713,48
2022-06-01,Humboldt,023,135768,18539,18371,3600,21971,147
2022-06-01,Imperial,025,180216,56777,56445,10914,67359,938
2022-06-01,Inyo,027,18085,4192,4171,568,4739,56
2022-06-01,Kern,029,883053,196443,195438,47847,243285,2336
2022-06-01,Kings,031,150075,52674,52491,3576,56067,447
2022-06-01,Lake,033,64148,11129,11024,943,11967,137
2022-06-01,Lassen,035,31185,9115,9083,896,9979,64
2022-06-01,Los Angeles,037,10098052,2863474,2836856,134942,2971798,31882
2022-06-01,Madera,039,155013,38313,38115,6438,44553,372
2022-06-01,Marin,041,260295,38177,37654,4061,41715,293
2022-06-01,Mariposa,043,17540,2598,2549,241,2790,30
2022-06-01,Mendocino,045,87422,13834,13692,3480,17172,125
2022-06-01,Merced,047,269075,64201,63637,9296,72933,824
2022-06-01,Modoc,049,8938,758,755,258,1013,8
2022-06-01,Mono,051,14174,3044,3035,162,3197,6
2022-06-01,Monterey,053,433212,82899,82215,15736,97951,737
2022-06-01,Napa,055,140530,27921,27580,1159,28739,143
2022-06-01,Nevada,057,99092,16856,16693,1351,18044,127
2022-06-01,Orange,059,3164182,576217,571973,45921,617894,7032
2022-06-01,Placer,061,380077,66849,66199,8017,74216,627
2022-06-01,Plumas,063,18699,3146,3117,382,3499,13
2022-06-01,Riverside,065,2383286,612411,608913,29397,638310,6480
2022-06-01,Sacramento,067,1510023,299421,296457,28988,325445,3045
2022-06-01,San Benito,069,59416,13638,13510,617,14127,98
2022-06-01,San Bernardino,071,2135413,592174,580767,25846,606613,7641
2022-06-01,San Diego,073,3302833,796389,791557,57907,849464,5292
2022-06-01,San Francisco,075,870044,147121,144476,9625,154101,879
2022-06-01,San Joaquin,077,732212,173589,172170,11159,183329,2241
2022-06-01,San Luis Obispo,079,281455,55645,55099,4692,59791,482
2022-06-01,San Mateo,081,765935,139747,137566,8707,146273,710
2022-06-01,Santa Barbara,083,443738,91405,90531,5218,95749,693
2022-06-01,Santa Clara,085,1922200,354302,348742,14960,363702,2317
2022-06-01,Santa Cruz,087,273765,52684,52141,2495,54636,263
2022-06-01,Shasta,089,179085,31361,31247,6247,37494,564
2022-06-01,Sierra,091,2930,279,280,56,336,4
2022-06-01,Siskiyou,093,43540,4610,4574,2830,7404,81
2022-06-01,Solano,095,438530,88715,87206,6249,93455,452
2022-06-01,Sonoma,097,501317,92252,91174,3801,94975,491
2022-06-01,Stanislaus,099,539301,121646,120778,18620,139398,1656
2022-06-01,Sutter,101,95872,21151,21065,2211,23276,227
2022-06-01,Tehama,103,63373,12291,12245,2657,14902,204
2022-06-01,Trinity,105,12862,1208,1200,290,1490,20
2022-06-01,Tulare,107,460477,108688,108401,28992,137393,1490
2022-06-01,Tuolumne,109,53932,13359,13221,629,13850,189
2022-06-01,Ventura,111,848112,182391,181163,10881,192044,1503
2022-06-01,Yolo,113,214977,40990,39371,3372,42743,320
2022-06-01,Yuba,115,75493,16507,16406,1341,17747,122
2022-05-31,Alameda,001,1643700,287180,284051,16055,300106,1868
2022-05-31,Alpine,003,1148,128,128,1,129,0
2022-05-31,Amador,005,37829,8855,8741,699,9440,87
2022-05-31,Butte,007,227075,34480,34059,7439,41498,427
2022-05-31,Calaveras,009,45235,7541,7502,389,7891,120
2022-05-31,Colusa,011,21464,3494,3476,1074,4550,21
2022-05-31,Contra Costa,013,1133247,210643,205699,15571,221270,1310
2022-05-31,Del Norte,015,27424,6237,6188,250,6438,51
2022-05-31,El Dorado,017,186661,28352,28133,3465,31598,214
2022-05-31,Fresno,019,978130,238583,237367,25182,262549,2765
2022-05-31,Glenn,021,27897,5092,5059,1652,6711,48
2022-05-31,Humboldt,023,135768,18508,18371,3580,21951,147
2022-05-31,Imperial,025,180216,56713,56445,10890,67335,938
2022-05-31,Inyo,027,18085,4186,4171,566,4737,56
2022-05-31,Kern,029,883053,196200,195438,47751,243189,2336
2022-05-31,Kings,031,150075,52623,52491,3569,56060,447
2022-05-31,Lake,033,64148,11110,11024,939,11963,137
2022-05-31,Lassen,035,31185,9103,9083,895,9978,64
2022-05-31,Los Angeles,037,10098052,2857400,2836856,134478,2971334,31882
2022-05-31,Madera,039,155013,38249,38115,6418,44533,372
2022-05-31,Marin,041,260295,38039,37654,4025,41679,293
2022-05-31,Mariposa,043,17540,2592,2549,236,2785,30
2022-05-31,Mendocino,045,87422,13799,13692,3463,17155,125
2022-05-31,Merced,047,269075,64115,63637,9273,72910,824
2022-05-31,Modoc,049,8938,756,755,258,1013,8
2022-05-31,Mono,051,14174,3040,3035,162,3197,6
2022-05-31,Monterey,053,433212,82739,82215,15670,97885,737
2022-05-31,Napa,055,140530,27828,27580,1156,28736,143
2022-05-31,Nevada,057,99092,16809,16693,1349,18042,127
2022-05-31,Orange,059,3164182,574990,571973,45739,617712,7032
2022-05-31,Placer,061,380077,66689,66199,7987,74186,627
2022-05-31,Plumas,063,18699,3142,3117,381,3498,13
2022-05-31,Riverside,065,2383286,611498,608913,29335,638248,6480
2022-05-31,Sacramento,067,1510023,298569,296457,28848,325305,3045
2022-05-31,San Benito,069,59416,13583,13510,612,14122,98
2022-05-31,San Bernardino,071,2135413,591286,580767,25811,606578,7641
2022-05-31,San Diego,073,3302833,794510,791557,57702,849259,5292
2022-05-31,San Francisco,075,870044,146479,144476,9583,154059,879
2022-05-31,San Joaquin,077,732212,173212,172170,11117,183287,2241
2022-05-31,San Luis Obispo,079,281455,55495,55099,4627,59726,482
2022-05-31,San Mateo,081,765935,139189,137566,8665,146231,710
2022-05-31,Santa Barbara,083,443738,91181,90531,5195,95726,693
2022-05-31,Santa Clara,085,1922200,352789,348742,14883,363625,2317
2022-05-31,Santa Cruz,087,273765,52564,52141,2475,54616,263
2022-05-31,Shasta,089,179085,31327,31247,6236,37483,564
2022-05-31,Sierra,091,2930,278,280,55,335,4
2022-05-31,Siskiyou,093,43540,4605,4574,2824,7398,81
2022-05-31,Solano,095,438530,88383,87206,6226,93432,452
2022-05-31,Sonoma,097,501317,91963,91174,3762,94936,491
2022-05-31,Stanislaus,099,539301,121442,120778,18595,139373,1656
2022-05-31,Sutter,101,95872,21122,21065,2205,23270,227
2022-05-31,Tehama,103,63373,12282,12245,2652,14897,204
2022-05-31,Trinity,105,12862,1207,1200,290,1490,20
2022-05-31,Tulare,107,460477,108550,108401,28933,137334,1490
2022-05-31,Tuolumne,109,53932,13344,13221,626,13847,189
2022-05-31,Ventura,111,848112,182071,181163,10832,191995,1503
2022-05-31,Yolo,113,214977,40816,39371,3361,42732,320
2022-05-31,Yuba,115,75493,16475,16406,1335,17741,122
2022-05-30,Alameda,001,1643700,285807,284051,15965,300016,1868
2022-05-30,Alpine,003,1148,128,128,1,129,0
2022-05-30,Amador,005,37829,8840,8741,698,9439,87
2022-05-30,Butte,007,227075,34403,34059,7416,41475,427
2022-05-30,Calaveras,009,45235,7532,7502,389,7891,120
2022-05-30,Colusa,011,21464,3492,3476,1073,4549,21
2022-05-30,Contra Costa,013,1133247,209802,205699,15435,221134,1310
2022-05-30,Del Norte,015,27424,6219,6188,249,6437,51
2022-05-30,El Dorado,017,186661,28276,28133,3445,31578,214
2022-05-30,Fresno,019,978130,238110,237367,25107,262474,2765
2022-05-30,Glenn,021,27897,5087,5059,1649,6708,48
2022-05-30,Humboldt,023,135768,18454,18371,3552,21923,147
2022-05-30,Imperial,025,180216,56632,56445,10863,67308,938
2022-05-30,Inyo,027,18085,4181,4171,565,4736,56
2022-05-30,Kern,029,883053,195920,195438,47637,243075,2336
2022-05-30,Kings,031,150075,52527,52491,3569,56060,447
2022-05-30,Lake,033,64148,11081,11024,930,11954,137
2022-05-30,Lassen,035,31185,9088,9083,892,9975,64
2022-05-30,Los Angeles,037,10098052,2850071,2836856,133973,2970829,31882
2022-05-30,Madera,039,155013,38193,38115,6378,44493,372
2022-05-30,Marin,041,260295,37914,37654,3983,41637,293
2022-05-30,Mariposa,043,17540,2569,2549,232,2781,30
2022-05-30,Mendocino,045,87422,13752,13692,3445,17137,125
2022-05-30,Merced,047,269075,64019,63637,9236,72873,824
2022-05-30,Modoc,049,8938,753,755,256,1011,8
2022-05-30,Mono,051,14174,3037,3035,162,3197,6
2022-05-30,Monterey,053,433212,82550,82215,15582,97797,737
2022-05-30,Napa,055,140530,27751,27580,1148,28728,143
2022-05-30,Nevada,057,99092,16762,16693,1344,18037,127
2022-05-30,Orange,059,3164182,573525,571973,45524,617497,7032
2022-05-30,Placer,061,380077,66548,66199,7957,74156,627
2022-05-30,Plumas,063,18699,3136,3117,378,3495,13
2022-05-30,Riverside,065,2383286,610494,608913,29257,638170,6480
2022-05-30,Sacramento,067,1510023,297616,296457,28688,325145,3045
2022-05-30,San Benito,069,59416,13521,13510,604,14114,98
2022-05-30,San Bernardino,071,2135413,590284,580767,25775,606542,7641
2022-05-30,San Diego,073,3302833,792237,791557,57409,848966,5292
2022-05-30,San Francisco,075,870044,145822,144476,9529,154005,879
2022-05-30,San Joaquin,077,732212,172817,172170,11078,183248,2241
2022-05-30,San Luis Obispo,079,281455,55290,55099,4555,59654,482
2022-05-30,San Mateo,081,765935,138511,137566,8613,146179,710
2022-05-30,Santa Barbara,083,443738,90925,90531,5161,95692,693
2022-05-30,Santa Clara,085,1922200,351235,348742,14792,363534,2317
2022-05-30,Santa Cruz,087,273765,52426,52141,2465,54606,263
2022-05-30,Shasta,089,179085,31289,31247,6229,37476,564
2022-05-30,Sierra,091,2930,278,280,55,335,4
2022-05-30,Siskiyou,093,43540,4596,4574,2812,7386,81
2022-05-30,Solano,095,438530,88038,87206,6169,93375,452
2022-05-30,Sonoma,097,501317,91676,91174,3718,94892,491
2022-05-30,Stanislaus,099,539301,121250,120778,18566,139344,1656
2022-05-30,Sutter,101,95872,21083,21065,2199,23264,227
2022-05-30,Tehama,103,63373,12266,12245,2648,14893,204
2022-05-30,Trinity,105,12862,1206,1200,290,1490,20
2022-05-30,Tulare,107,460477,108390,108401,28844,137245,1490
2022-05-30,Tuolumne,109,53932,13319,13221,622,13843,189
2022-05-30,Ventura,111,848112,181699,181163,10780,191943,1503
2022-05-30,Yolo,113,214977,40625,39371,3351,42722,320
2022-05-30,Yuba,115,75493,16447,16406,1331,17737,122
2022-05-29,Alameda,001,1643700,285327,280775,15941,296716,1863
2022-05-29,Alpine,003,1148,128,126,1,127,0
2022-05-29,Amador,005,37829,8835,8696,695,9391,86
2022-05-29,Butte,007,227075,34387,33876,7409,41285,426
2022-05-29,Calaveras,009,45235,7521,7469,389,7858,120
2022-05-29,Colusa,011,21464,3491,3474,1072,4546,21
2022-05-29,Contra Costa,013,1133247,209457,203528,15410,218938,1306
2022-05-29,Del Norte,015,27424,6217,6166,248,6414,51
2022-05-29,El Dorado,017,186661,28249,27898,3442,31340,214
2022-05-29,Fresno,019,978130,237981,236250,25087,261337,2764
2022-05-29,Glenn,021,27897,5082,5048,1649,6697,48
2022-05-29,Humboldt,023,135768,18433,18257,3541,21798,147
2022-05-29,Imperial,025,180216,56595,56323,10849,67172,939
2022-05-29,Inyo,027,18085,4180,4161,565,4726,56
2022-05-29,Kern,029,883053,195822,194687,47572,242259,2334
2022-05-29,Kings,031,150075,52502,52292,3569,55861,447
2022-05-29,Lake,033,64148,11072,10958,928,11886,137
2022-05-29,Lassen,035,31185,9084,9049,892,9941,64
2022-05-29,Los Angeles,037,10098052,2847870,2819145,133706,2952851,31862
2022-05-29,Madera,039,155013,38170,37955,6373,44328,371
2022-05-29,Marin,041,260295,37845,37215,3951,41166,293
2022-05-29,Mariposa,043,17540,2564,2526,232,2758,31
2022-05-29,Mendocino,045,87422,13731,13612,3444,17056,124
2022-05-29,Merced,047,269075,63998,63389,9233,72622,824
2022-05-29,Modoc,049,8938,753,751,256,1007,8
2022-05-29,Mono,051,14174,3036,3030,162,3192,6
2022-05-29,Monterey,053,433212,82485,81875,15538,97413,737
2022-05-29,Napa,055,140530,27723,27376,1147,28523,144
2022-05-29,Nevada,057,99092,16747,16568,1342,17910,127
2022-05-29,Orange,059,3164182,572947,568369,45347,613716,7028
2022-05-29,Placer,061,380077,66479,65672,7948,73620,626
2022-05-29,Plumas,063,18699,3129,3096,378,3474,13
2022-05-29,Riverside,065,2383286,610151,606444,29222,635666,6480
2022-05-29,Sacramento,067,1510023,297162,294000,28666,322666,3032
2022-05-29,San Benito,069,59416,13515,13402,602,14004,98
2022-05-29,San Bernardino,071,2135413,589995,578656,25759,604415,7610
2022-05-29,San Diego,073,3302833,791500,786243,57329,843572,5288
2022-05-29,San Francisco,075,870044,145397,142456,9520,151976,879
2022-05-29,San Joaquin,077,732212,172655,171282,11059,182341,2241
2022-05-29,San Luis Obispo,079,281455,55238,54701,4543,59244,481
2022-05-29,San Mateo,081,765935,138259,135746,8600,144346,710
2022-05-29,Santa Barbara,083,443738,90796,89940,5160,95100,693
2022-05-29,Santa Clara,085,1922200,350440,344223,14753,358976,2304
2022-05-29,Santa Cruz,087,273765,52350,51819,2458,54277,263
2022-05-29,Shasta,089,179085,31277,31165,6225,37390,564
2022-05-29,Sierra,091,2930,278,278,55,333,4
2022-05-29,Siskiyou,093,43540,4591,4537,2810,7347,81
2022-05-29,Solano,095,438530,87985,86565,6158,92723,452
2022-05-29,Sonoma,097,501317,91584,90364,3703,94067,490
2022-05-29,Stanislaus,099,539301,121151,120241,18547,138788,1657
2022-05-29,Sutter,101,95872,21063,20976,2199,23175,227
2022-05-29,Tehama,103,63373,12256,12210,2647,14857,204
2022-05-29,Trinity,105,12862,1205,1196,290,1486,20
2022-05-29,Tulare,107,460477,108306,108029,28799,136828,1484
2022-05-29,Tuolumne,109,53932,13304,13141,622,13763,189
2022-05-29,Ventura,111,848112,181554,179953,10770,190723,1503
2022-05-29,Yolo,113,214977,40573,39016,3348,42364,319
2022-05-29,Yuba,115,75493,16431,16314,1327,17641,122
2022-05-28,Alameda,001,1643700,284953,280775,15916,296691,1863
2022-05-28,Alpine,003,1148,128,126,1,127,0
2022-05-28,Amador,005,37829,8826,8696,695,9391,86
2022-05-28,Butte,007,227075,34363,33876,7393,41269,426
2022-05-28,Calaveras,009,45235,7517,7469,389,7858,120
2022-05-28,Colusa,011,21464,3486,3474,1071,4545,21
2022-05-28,Contra Costa,013,1133247,209190,203528,15386,218914,1306
2022-05-28,Del Norte,015,27424,6213,6166,246,6412,51
2022-05-28,El Dorado,017,186661,28219,27898,3441,31339,214
2022-05-28,Fresno,019,978130,237823,236250,25056,261306,2764
2022-05-28,Glenn,021,27897,5079,5048,1649,6697,48
2022-05-28,Humboldt,023,135768,18409,18257,3531,21788,147
2022-05-28,Imperial,025,180216,56569,56323,10839,67162,939
2022-05-28,Inyo,027,18085,4180,4161,563,4724,56
2022-05-28,Kern,029,883053,195723,194687,47522,242209,2334
2022-05-28,Kings,031,150075,52478,52292,3568,55860,447
2022-05-28,Lake,033,64148,11062,10958,928,11886,137
2022-05-28,Lassen,035,31185,9079,9049,892,9941,64
2022-05-28,Los Angeles,037,10098052,2845891,2819145,133439,2952584,31862
2022-05-28,Madera,039,155013,38153,37955,6370,44325,371
2022-05-28,Marin,041,260295,37778,37215,3921,41136,293
2022-05-28,Mariposa,043,17540,2560,2526,232,2758,31
2022-05-28,Mendocino,045,87422,13719,13612,3444,17056,124
2022-05-28,Merced,047,269075,63964,63389,9229,72618,824
2022-05-28,Modoc,049,8938,753,751,256,1007,8
2022-05-28,Mono,051,14174,3036,3030,161,3191,6
2022-05-28,Monterey,053,433212,82417,81875,15506,97381,737
2022-05-28,Napa,055,140530,27677,27376,1146,28522,144
2022-05-28,Nevada,057,99092,16735,16568,1340,17908,127
2022-05-28,Orange,059,3164182,572435,568369,45227,613596,7028
2022-05-28,Placer,061,380077,66404,65672,7934,73606,626
2022-05-28,Plumas,063,18699,3123,3096,377,3473,13
2022-05-28,Riverside,065,2383286,609773,606444,29194,635638,6480
2022-05-28,Sacramento,067,1510023,296888,294000,28649,322649,3032
2022-05-28,San Benito,069,59416,13500,13402,602,14004,98
2022-05-28,San Bernardino,071,2135413,589631,578656,25732,604388,7610
2022-05-28,San Diego,073,3302833,790841,786243,57277,843520,5288
2022-05-28,San Francisco,075,870044,145094,142456,9499,151955,879
2022-05-28,San Joaquin,077,732212,172551,171282,11043,182325,2241
2022-05-28,San Luis Obispo,079,281455,55203,54701,4540,59241,481
2022-05-28,San Mateo,081,765935,137986,135746,8573,144319,710
2022-05-28,Santa Barbara,083,443738,90696,89940,5150,95090,693
2022-05-28,Santa Clara,085,1922200,349655,344223,14726,358949,2304
2022-05-28,Santa Cruz,087,273765,52309,51819,2450,54269,263
2022-05-28,Shasta,089,179085,31266,31165,6220,37385,564
2022-05-28,Sierra,091,2930,278,278,54,332,4
2022-05-28,Siskiyou,093,43540,4583,4537,2806,7343,81
2022-05-28,Solano,095,438530,87911,86565,6148,92713,452
2022-05-28,Sonoma,097,501317,91443,90364,3692,94056,490
2022-05-28,Stanislaus,099,539301,121052,120241,18539,138780,1657
2022-05-28,Sutter,101,95872,21048,20976,2197,23173,227
2022-05-28,Tehama,103,63373,12244,12210,2644,14854,204
2022-05-28,Trinity,105,12862,1204,1196,290,1486,20
2022-05-28,Tulare,107,460477,108249,108029,28766,136795,1484
2022-05-28,Tuolumne,109,53932,13289,13141,621,13762,189
2022-05-28,Ventura,111,848112,181387,179953,10750,190703,1503
2022-05-28,Yolo,113,214977,40519,39016,3341,42357,319
2022-05-28,Yuba,115,75493,16417,16314,1325,17639,122
2022-05-27,Alameda,001,1643700,284480,280775,15879,296654,1863
2022-05-27,Alpine,003,1148,127,126,1,127,0
2022-05-27,Amador,005,37829,8821,8696,695,9391,86
2022-05-27,Butte,007,227075,34337,33876,7377,41253,426
2022-05-27,Calaveras,009,45235,7510,7469,389,7858,120
2022-05-27,Colusa,011,21464,3486,3474,1071,4545,21
2022-05-27,Contra Costa,013,1133247,208909,203528,15354,218882,1306
2022-05-27,Del Norte,015,27424,6207,6166,246,6412,51
2022-05-27,El Dorado,017,186661,28195,27898,3433,31331,214
2022-05-27,Fresno,019,978130,237651,236250,25024,261274,2764
2022-05-27,Glenn,021,27897,5077,5048,1648,6696,48
2022-05-27,Humboldt,023,135768,18399,18257,3525,21782,147
2022-05-27,Imperial,025,180216,56485,56323,10834,67157,939
2022-05-27,Inyo,027,18085,4178,4161,562,4723,56
2022-05-27,Kern,029,883053,195614,194687,47454,242141,2334
2022-05-27,Kings,031,150075,52450,52292,3565,55857,447
2022-05-27,Lake,033,64148,11056,10958,926,11884,137
2022-05-27,Lassen,035,31185,9075,9049,892,9941,64
2022-05-27,Los Angeles,037,10098052,2843541,2819145,133191,2952336,31862
2022-05-27,Madera,039,155013,38119,37955,6361,44316,371
2022-05-27,Marin,041,260295,37711,37215,3887,41102,293
2022-05-27,Mariposa,043,17540,2554,2526,232,2758,31
2022-05-27,Mendocino,045,87422,13702,13612,3440,17052,124
2022-05-27,Merced,047,269075,63919,63389,9227,72616,824
2022-05-27,Modoc,049,8938,753,751,256,1007,8
2022-05-27,Mono,051,14174,3035,3030,161,3191,6
2022-05-27,Monterey,053,433212,82358,81875,15460,97335,737
2022-05-27,Napa,055,140530,27644,27376,1143,28519,144
2022-05-27,Nevada,057,99092,16724,16568,1336,17904,127
2022-05-27,Orange,059,3164182,571884,568369,45117,613486,7028
2022-05-27,Placer,061,380077,66335,65672,7924,73596,626
2022-05-27,Plumas,063,18699,3120,3096,377,3473,13
2022-05-27,Riverside,065,2383286,609360,606444,29162,635606,6480
2022-05-27,Sacramento,067,1510023,296513,294000,28611,322611,3032
2022-05-27,San Benito,069,59416,13488,13402,602,14004,98
2022-05-27,San Bernardino,071,2135413,589294,578656,25707,604363,7610
2022-05-27,San Diego,073,3302833,789962,786243,57185,843428,5288
2022-05-27,San Francisco,075,870044,144764,142456,9459,151915,879
2022-05-27,San Joaquin,077,732212,172421,171282,11024,182306,2241
2022-05-27,San Luis Obispo,079,281455,55142,54701,4527,59228,481
2022-05-27,San Mateo,081,765935,137736,135746,8548,144294,710
2022-05-27,Santa Barbara,083,443738,90607,89940,5149,95089,693
2022-05-27,Santa Clara,085,1922200,348911,344223,14708,358931,2304
2022-05-27,Santa Cruz,087,273765,52254,51819,2438,54257,263
2022-05-27,Shasta,089,179085,31256,31165,6214,37379,564
2022-05-27,Sierra,091,2930,278,278,54,332,4
2022-05-27,Siskiyou,093,43540,4580,4537,2804,7341,81
2022-05-27,Solano,095,438530,87783,86565,6137,92702,452
2022-05-27,Sonoma,097,501317,91298,90364,3680,94044,490
2022-05-27,Stanislaus,099,539301,120969,120241,18524,138765,1657
2022-05-27,Sutter,101,95872,21031,20976,2196,23172,227
2022-05-27,Tehama,103,63373,12241,12210,2643,14853,204
2022-05-27,Trinity,105,12862,1204,1196,290,1486,20
2022-05-27,Tulare,107,460477,108182,108029,28729,136758,1484
2022-05-27,Tuolumne,109,53932,13279,13141,620,13761,189
2022-05-27,Ventura,111,848112,181211,179953,10727,190680,1503
2022-05-27,Yolo,113,214977,40448,39016,3333,42349,319
2022-05-27,Yuba,115,75493,16403,16314,1324,17638,122
2022-05-26,Alameda,001,1643700,283631,280775,15800,296575,1863
2022-05-26,Alpine,003,1148,127,126,1,127,0
2022-05-26,Amador,005,37829,8808,8696,695,9391,86
2022-05-26,Butte,007,227075,34282,33876,7355,41231,426
2022-05-26,Calaveras,009,45235,7500,7469,389,7858,120
2022-05-26,Colusa,011,21464,3483,3474,1068,4542,21
2022-05-26,Contra Costa,013,1133247,208431,203528,15281,218809,1306
2022-05-26,Del Norte,015,27424,6199,6166,242,6408,51
2022-05-26,El Dorado,017,186661,28146,27898,3422,31320,214
2022-05-26,Fresno,019,978130,237396,236250,24968,261218,2764
2022-05-26,Glenn,021,27897,5071,5048,1648,6696,48
2022-05-26,Humboldt,023,135768,18358,18257,3512,21769,147
2022-05-26,Imperial,025,180216,56453,56323,10819,67142,939
2022-05-26,Inyo,027,18085,4177,4161,559,4720,56
2022-05-26,Kern,029,883053,195450,194687,47380,242067,2334
2022-05-26,Kings,031,150075,52404,52292,3562,55854,447
2022-05-26,Lake,033,64148,11041,10958,926,11884,137
2022-05-26,Lassen,035,31185,9066,9049,892,9941,64
2022-05-26,Los Angeles,037,10098052,2839373,2819145,132857,2952002,31862
2022-05-26,Madera,039,155013,38075,37955,6350,44305,371
2022-05-26,Marin,041,260295,37616,37215,3846,41061,293
2022-05-26,Mariposa,043,17540,2549,2526,230,2756,31
2022-05-26,Mendocino,045,87422,13676,13612,3431,17043,124
2022-05-26,Merced,047,269075,63853,63389,9218,72607,824
2022-05-26,Modoc,049,8938,752,751,256,1007,8
2022-05-26,Mono,051,14174,3034,3030,160,3190,6
2022-05-26,Monterey,053,433212,82280,81875,15407,97282,737
2022-05-26,Napa,055,140530,27592,27376,1141,28517,144
2022-05-26,Nevada,057,99092,16693,16568,1327,17895,127
2022-05-26,Orange,059,3164182,570983,568369,44998,613367,7028
2022-05-26,Placer,061,380077,66199,65672,7904,73576,626
2022-05-26,Plumas,063,18699,3116,3096,376,3472,13
2022-05-26,Riverside,065,2383286,608749,606444,29110,635554,6480
2022-05-26,Sacramento,067,1510023,295857,294000,28523,322523,3032
2022-05-26,San Benito,069,59416,13472,13402,600,14002,98
2022-05-26,San Bernardino,071,2135413,588749,578656,25691,604347,7610
2022-05-26,San Diego,073,3302833,788657,786243,57042,843285,5288
2022-05-26,San Francisco,075,870044,144313,142456,9412,151868,879
2022-05-26,San Joaquin,077,732212,172199,171282,10999,182281,2241
2022-05-26,San Luis Obispo,079,281455,55046,54701,4494,59195,481
2022-05-26,San Mateo,081,765935,137348,135746,8510,144256,710
2022-05-26,Santa Barbara,083,443738,90460,89940,5129,95069,693
2022-05-26,Santa Clara,085,1922200,347946,344223,14621,358844,2304
2022-05-26,Santa Cruz,087,273765,52163,51819,2430,54249,263
2022-05-26,Shasta,089,179085,31229,31165,6211,37376,564
2022-05-26,Sierra,091,2930,278,278,54,332,4
2022-05-26,Siskiyou,093,43540,4576,4537,2802,7339,81
2022-05-26,Solano,095,438530,87580,86565,6128,92693,452
2022-05-26,Sonoma,097,501317,91107,90364,3653,94017,490
2022-05-26,Stanislaus,099,539301,120865,120241,18505,138746,1657
2022-05-26,Sutter,101,95872,21011,20976,2192,23168,227
2022-05-26,Tehama,103,63373,12231,12210,2642,14852,204
2022-05-26,Trinity,105,12862,1202,1196,290,1486,20
2022-05-26,Tulare,107,460477,108115,108029,28673,136702,1484
2022-05-26,Tuolumne,109,53932,13259,13141,616,13757,189
2022-05-26,Ventura,111,848112,180949,179953,10690,190643,1503
2022-05-26,Yolo,113,214977,40344,39016,3324,42340,319
2022-05-26,Yuba,115,75493,16387,16314,1322,17636,122
2022-05-25,Alameda,001,1643700,282731,278228,15738,293966,1860
2022-05-25,Alpine,003,1148,126,126,1,127,0
2022-05-25,Amador,005,37829,8791,8654,693,9347,86
2022-05-25,Butte,007,227075,34220,33755,7332,41087,426
2022-05-25,Calaveras,009,45235,7492,7450,387,7837,120
2022-05-25,Colusa,011,21464,3482,3471,1066,4537,21
2022-05-25,Contra Costa,013,1133247,207878,201866,15208,217074,1306
2022-05-25,Del Norte,015,27424,6193,6145,236,6381,50
2022-05-25,El Dorado,017,186661,28093,27715,3413,31128,213
2022-05-25,Fresno,019,978130,237111,235569,24916,260485,2763
2022-05-25,Glenn,021,27897,5066,5030,1646,6676,48
2022-05-25,Humboldt,023,135768,18331,18133,3493,21626,147
2022-05-25,Imperial,025,180216,56396,56203,10808,67011,923
2022-05-25,Inyo,027,18085,4174,4152,559,4711,56
2022-05-25,Kern,029,883053,195257,194251,47293,241544,2336
2022-05-25,Kings,031,150075,52351,52178,3558,55736,447
2022-05-25,Lake,033,64148,11028,10908,925,11833,137
2022-05-25,Lassen,035,31185,9059,9028,892,9920,64
2022-05-25,Los Angeles,037,10098052,2834749,2806770,132492,2939262,31845
2022-05-25,Madera,039,155013,38036,37867,6337,44204,370
2022-05-25,Marin,041,260295,37516,36890,3818,40708,293
2022-05-25,Mariposa,043,17540,2539,2514,228,2742,30
2022-05-25,Mendocino,045,87422,13661,13545,3425,16970,124
2022-05-25,Merced,047,269075,63787,63220,9188,72408,823
2022-05-25,Modoc,049,8938,751,750,255,1005,8
2022-05-25,Mono,051,14174,3034,3024,159,3183,6
2022-05-25,Monterey,053,433212,82214,81592,15364,96956,737
2022-05-25,Napa,055,140530,27542,27240,1135,28375,143
2022-05-25,Nevada,057,99092,16658,16517,1321,17838,127
2022-05-25,Orange,059,3164182,569977,565564,44843,610407,7026
2022-05-25,Placer,061,380077,66048,65309,7883,73192,626
2022-05-25,Plumas,063,18699,3110,3065,375,3440,13
2022-05-25,Riverside,065,2383286,608073,604465,29058,633523,6480
2022-05-25,Sacramento,067,1510023,295214,292211,28414,320625,3028
2022-05-25,San Benito,069,59416,13438,13338,593,13931,98
2022-05-25,San Bernardino,071,2135413,588210,576982,25665,602647,7568
2022-05-25,San Diego,073,3302833,787190,782420,56856,839276,5284
2022-05-25,San Francisco,075,870044,143813,141015,9385,150400,872
2022-05-25,San Joaquin,077,732212,171962,170626,10979,181605,2238
2022-05-25,San Luis Obispo,079,281455,54940,54342,4441,58783,481
2022-05-25,San Mateo,081,765935,136891,134441,8444,142885,710
2022-05-25,Santa Barbara,083,443738,90293,89426,5114,94540,693
2022-05-25,Santa Clara,085,1922200,346881,340868,14514,355382,2304
2022-05-25,Santa Cruz,087,273765,52079,51644,2415,54059,263
2022-05-25,Shasta,089,179085,31204,31072,6202,37274,564
2022-05-25,Sierra,091,2930,278,277,54,331,4
2022-05-25,Siskiyou,093,43540,4565,4516,2799,7315,81
2022-05-25,Solano,095,438530,87370,86024,6110,92134,451
2022-05-25,Sonoma,097,501317,90914,89810,3614,93424,490
2022-05-25,Stanislaus,099,539301,120729,119894,18482,138376,1654
2022-05-25,Sutter,101,95872,20987,20904,2188,23092,226
2022-05-25,Tehama,103,63373,12225,12189,2638,14827,201
2022-05-25,Trinity,105,12862,1202,1194,290,1484,20
2022-05-25,Tulare,107,460477,108033,107790,28630,136420,1482
2022-05-25,Tuolumne,109,53932,13237,13086,613,13699,182
2022-05-25,Ventura,111,848112,180658,179116,10653,189769,1499
2022-05-25,Yolo,113,214977,40250,38782,3314,42096,319
2022-05-25,Yuba,115,75493,16360,16260,1316,17576,122
2022-05-24,Alameda,001,1643700,281853,278228,15681,293909,1860
2022-05-24,Alpine,003,1148,126,126,1,127,0
2022-05-24,Amador,005,37829,8785,8654,689,9343,86
2022-05-24,Butte,007,227075,34176,33755,7310,41065,426
2022-05-24,Calaveras,009,45235,7485,7450,385,7835,120
2022-05-24,Colusa,011,21464,3480,3471,1064,4535,21
2022-05-24,Contra Costa,013,1133247,207226,201866,15108,216974,1306
2022-05-24,Del Norte,015,27424,6188,6145,234,6379,50
2022-05-24,El Dorado,017,186661,28025,27715,3406,31121,213
2022-05-24,Fresno,019,978130,236793,235569,24879,260448,2763
2022-05-24,Glenn,021,27897,5064,5030,1646,6676,48
2022-05-24,Humboldt,023,135768,18299,18133,3475,21608,147
2022-05-24,Imperial,025,180216,56343,56203,10795,66998,923
2022-05-24,Inyo,027,18085,4166,4152,556,4708,56
2022-05-24,Kern,029,883053,195062,194251,47187,241438,2336
2022-05-24,Kings,031,150075,52285,52178,3553,55731,447
2022-05-24,Lake,033,64148,11011,10908,923,11831,137
2022-05-24,Lassen,035,31185,9046,9028,888,9916,64
2022-05-24,Los Angeles,037,10098052,2829458,2806770,132106,2938876,31845
2022-05-24,Madera,039,155013,37989,37867,6322,44189,370
2022-05-24,Marin,041,260295,37409,36890,3767,40657,293
2022-05-24,Mariposa,043,17540,2532,2514,226,2740,30
2022-05-24,Mendocino,045,87422,13637,13545,3415,16960,124
2022-05-24,Merced,047,269075,63726,63220,9157,72377,823
2022-05-24,Modoc,049,8938,750,750,254,1004,8
2022-05-24,Mono,051,14174,3031,3024,159,3183,6
2022-05-24,Monterey,053,433212,82123,81592,15303,96895,737
2022-05-24,Napa,055,140530,27494,27240,1123,28363,143
2022-05-24,Nevada,057,99092,16616,16517,1314,17831,127
2022-05-24,Orange,059,3164182,568946,565564,44672,610236,7026
2022-05-24,Placer,061,380077,65948,65309,7867,73176,626
2022-05-24,Plumas,063,18699,3104,3065,375,3440,13
2022-05-24,Riverside,065,2383286,607380,604465,29009,633474,6480
2022-05-24,Sacramento,067,1510023,294530,292211,28293,320504,3028
2022-05-24,San Benito,069,59416,13403,13338,591,13929,98
2022-05-24,San Bernardino,071,2135413,587586,576982,25636,602618,7568
2022-05-24,San Diego,073,3302833,785537,782420,56639,839059,5284
2022-05-24,San Francisco,075,870044,143276,141015,9358,150373,872
2022-05-24,San Joaquin,077,732212,171698,170626,10948,181574,2238
2022-05-24,San Luis Obispo,079,281455,54790,54342,4387,58729,481
2022-05-24,San Mateo,081,765935,136360,134441,8387,142828,710
2022-05-24,Santa Barbara,083,443738,90131,89426,5087,94513,693
2022-05-24,Santa Clara,085,1922200,345608,340868,14421,355289,2304
2022-05-24,Santa Cruz,087,273765,52002,51644,2405,54049,263
2022-05-24,Shasta,089,179085,31179,31072,6190,37262,564
2022-05-24,Sierra,091,2930,278,277,54,331,4
2022-05-24,Siskiyou,093,43540,4555,4516,2791,7307,81
2022-05-24,Solano,095,438530,87139,86024,6080,92104,451
2022-05-24,Sonoma,097,501317,90706,89810,3576,93386,490
2022-05-24,Stanislaus,099,539301,120590,119894,18446,138340,1654
2022-05-24,Sutter,101,95872,20966,20904,2184,23088,226
2022-05-24,Tehama,103,63373,12216,12189,2636,14825,201
2022-05-24,Trinity,105,12862,1199,1194,290,1484,20
2022-05-24,Tulare,107,460477,107916,107790,28576,136366,1482
2022-05-24,Tuolumne,109,53932,13222,13086,613,13699,182
2022-05-24,Ventura,111,848112,180345,179116,10603,189719,1499
2022-05-24,Yolo,113,214977,40146,38782,3309,42091,319
2022-05-24,Yuba,115,75493,16332,16260,1308,17568,122
2022-05-23,Alameda,001,1643700,280916,278228,15595,293823,1860
2022-05-23,Alpine,003,1148,126,126,1,127,0
2022-05-23,Amador,005,37829,8752,8654,686,9340,86
2022-05-23,Butte,007,227075,34128,33755,7283,41038,426
2022-05-23,Calaveras,009,45235,7478,7450,383,7833,120
2022-05-23,Colusa,011,21464,3479,3471,1062,4533,21
2022-05-23,Contra Costa,013,1133247,206489,201866,15025,216891,1306
2022-05-23,Del Norte,015,27424,6183,6145,230,6375,50
2022-05-23,El Dorado,017,186661,27943,27715,3397,31112,213
2022-05-23,Fresno,019,978130,236445,235569,24811,260380,2763
2022-05-23,Glenn,021,27897,5060,5030,1642,6672,48
2022-05-23,Humboldt,023,135768,18272,18133,3453,21586,147
2022-05-23,Imperial,025,180216,56299,56203,10774,66977,923
2022-05-23,Inyo,027,18085,4163,4152,555,4707,56
2022-05-23,Kern,029,883053,194843,194251,47101,241352,2336
2022-05-23,Kings,031,150075,52237,52178,3548,55726,447
2022-05-23,Lake,033,64148,10992,10908,921,11829,137
2022-05-23,Lassen,035,31185,9038,9028,885,9913,64
2022-05-23,Los Angeles,037,10098052,2824028,2806770,131738,2938508,31845
2022-05-23,Madera,039,155013,37958,37867,6299,44166,370
2022-05-23,Marin,041,260295,37267,36890,3722,40612,293
2022-05-23,Mariposa,043,17540,2530,2514,224,2738,30
2022-05-23,Mendocino,045,87422,13615,13545,3401,16946,124
2022-05-23,Merced,047,269075,63647,63220,9129,72349,823
2022-05-23,Modoc,049,8938,749,750,254,1004,8
2022-05-23,Mono,051,14174,3031,3024,159,3183,6
2022-05-23,Monterey,053,433212,82024,81592,15238,96830,737
2022-05-23,Napa,055,140530,27437,27240,1116,28356,143
2022-05-23,Nevada,057,99092,16581,16517,1311,17828,127
2022-05-23,Orange,059,3164182,567937,565564,44526,610090,7026
2022-05-23,Placer,061,380077,65802,65309,7835,73144,626
2022-05-23,Plumas,063,18699,3101,3065,374,3439,13
2022-05-23,Riverside,065,2383286,606658,604465,28956,633421,6480
2022-05-23,Sacramento,067,1510023,293781,292211,28170,320381,3028
2022-05-23,San Benito,069,59416,13368,13338,588,13926,98
2022-05-23,San Bernardino,071,2135413,586939,576982,25603,602585,7568
2022-05-23,San Diego,073,3302833,783819,782420,56425,838845,5284
2022-05-23,San Francisco,075,870044,142707,141015,9324,150339,872
2022-05-23,San Joaquin,077,732212,171429,170626,10917,181543,2238
2022-05-23,San Luis Obispo,079,281455,54644,54342,4340,58682,481
2022-05-23,San Mateo,081,765935,135788,134441,8335,142776,710
2022-05-23,Santa Barbara,083,443738,89896,89426,5063,94489,693
2022-05-23,Santa Clara,085,1922200,344244,340868,14333,355201,2304
2022-05-23,Santa Cruz,087,273765,51899,51644,2390,54034,263
2022-05-23,Shasta,089,179085,31156,31072,6184,37256,564
2022-05-23,Sierra,091,2930,278,277,54,331,4
2022-05-23,Siskiyou,093,43540,4541,4516,2787,7303,81
2022-05-23,Solano,095,438530,86868,86024,6060,92084,451
2022-05-23,Sonoma,097,501317,90478,89810,3527,93337,490
2022-05-23,Stanislaus,099,539301,120450,119894,18406,138300,1654
2022-05-23,Sutter,101,95872,20926,20904,2179,23083,226
2022-05-23,Tehama,103,63373,12204,12189,2635,14824,201
2022-05-23,Trinity,105,12862,1198,1194,290,1484,20
2022-05-23,Tulare,107,460477,107792,107790,28507,136297,1482
2022-05-23,Tuolumne,109,53932,13198,13086,609,13695,182
2022-05-23,Ventura,111,848112,180014,179116,10572,189688,1499
2022-05-23,Yolo,113,214977,40013,38782,3293,42075,319
2022-05-23,Yuba,115,75493,16303,16260,1304,17564,122
2022-05-22,Alameda,001,1643700,279828,274996,15487,290483,1858
2022-05-22,Alpine,003,1148,126,126,1,127,0
2022-05-22,Amador,005,37829,8735,8628,680,9308,86
2022-05-22,Butte,007,227075,34076,33606,7256,40862,426
2022-05-22,Calaveras,009,45235,7467,7424,379,7803,120
2022-05-22,Colusa,011,21464,3475,3468,1059,4527,21
2022-05-22,Contra Costa,013,1133247,205760,199703,14891,214594,1305
2022-05-22,Del Norte,015,27424,6167,6045,219,6264,50
2022-05-22,El Dorado,017,186661,27866,27517,3381,30898,213
2022-05-22,Fresno,019,978130,236105,234657,24760,259417,2760
2022-05-22,Glenn,021,27897,5050,5020,1641,6661,48
2022-05-22,Humboldt,023,135768,18218,17984,3426,21410,146
2022-05-22,Imperial,025,180216,56231,56014,10759,66773,923
2022-05-22,Inyo,027,18085,4155,4135,553,4688,56
2022-05-22,Kern,029,883053,194607,193705,47001,240706,2334
2022-05-22,Kings,031,150075,52175,52038,3542,55580,447
2022-05-22,Lake,033,64148,10960,10867,919,11786,137
2022-05-22,Lassen,035,31185,9022,9011,882,9893,64
2022-05-22,Los Angeles,037,10098052,2818147,2791671,131311,2922982,31815
2022-05-22,Madera,039,155013,37912,37744,6264,44008,370
2022-05-22,Marin,041,260295,37121,36394,3678,40072,293
2022-05-22,Mariposa,043,17540,2526,2490,223,2713,30
2022-05-22,Mendocino,045,87422,13587,13461,3372,16833,124
2022-05-22,Merced,047,269075,63570,62969,9098,72067,823
2022-05-22,Modoc,049,8938,748,750,254,1004,8
2022-05-22,Mono,051,14174,3030,3012,159,3171,6
2022-05-22,Monterey,053,433212,81867,81224,15138,96362,735
2022-05-22,Napa,055,140530,27366,27034,1108,28142,143
2022-05-22,Nevada,057,99092,16547,16410,1299,17709,127
2022-05-22,Orange,059,3164182,566843,562531,44346,606877,7025
2022-05-22,Placer,061,380077,65643,64802,7803,72605,626
2022-05-22,Plumas,063,18699,3094,3052,372,3424,13
2022-05-22,Riverside,065,2383286,605826,601808,28890,630698,6476
2022-05-22,Sacramento,067,1510023,292983,289972,28009,317981,3027
2022-05-22,San Benito,069,59416,13336,13234,582,13816,98
2022-05-22,San Bernardino,071,2135413,586222,575194,25564,600758,7523
2022-05-22,San Diego,073,3302833,782198,777404,56230,833634,5282
2022-05-22,San Francisco,075,870044,142021,138922,9307,148229,871
2022-05-22,San Joaquin,077,732212,171123,169745,10877,180622,2237
2022-05-22,San Luis Obispo,079,281455,54489,54012,4279,58291,481
2022-05-22,San Mateo,081,765935,135220,132636,8280,140916,711
2022-05-22,Santa Barbara,083,443738,89663,88783,5028,93811,692
2022-05-22,Santa Clara,085,1922200,342811,336488,14255,350743,2301
2022-05-22,Santa Cruz,087,273765,51806,51333,2376,53709,263
2022-05-22,Shasta,089,179085,31108,30966,6172,37138,564
2022-05-22,Sierra,091,2930,278,276,54,330,4
2022-05-22,Siskiyou,093,43540,4532,4501,2786,7287,81
2022-05-22,Solano,095,438530,86584,85038,6027,91065,451
2022-05-22,Sonoma,097,501317,90191,88889,3472,92361,489
2022-05-22,Stanislaus,099,539301,120276,119396,18381,137777,1653
2022-05-22,Sutter,101,95872,20897,20809,2171,22980,226
2022-05-22,Tehama,103,63373,12196,12162,2630,14792,201
2022-05-22,Trinity,105,12862,1198,1191,289,1480,20
2022-05-22,Tulare,107,460477,107688,107485,28424,135909,1477
2022-05-22,Tuolumne,109,53932,13178,12977,607,13584,182
2022-05-22,Ventura,111,848112,179668,178024,10520,188544,1499
2022-05-22,Yolo,113,214977,39887,38377,3269,41646,319
2022-05-22,Yuba,115,75493,16276,16180,1295,17475,122
2022-05-21,Alameda,001,1643700,279367,274996,15466,290462,1858
2022-05-21,Alpine,003,1148,126,126,1,127,0
2022-05-21,Amador,005,37829,8724,8628,680,9308,86
2022-05-21,Butte,007,227075,34055,33606,7242,40848,426
2022-05-21,Calaveras,009,45235,7461,7424,379,7803,120
2022-05-21,Colusa,011,21464,3475,3468,1058,4526,21
2022-05-21,Contra Costa,013,1133247,205400,199703,14858,214561,1305
2022-05-21,Del Norte,015,27424,6163,6045,217,6262,50
2022-05-21,El Dorado,017,186661,27830,27517,3379,30896,213
2022-05-21,Fresno,019,978130,235975,234657,24739,259396,2760
2022-05-21,Glenn,021,27897,5046,5020,1640,6660,48
2022-05-21,Humboldt,023,135768,18193,17984,3418,21402,146
2022-05-21,Imperial,025,180216,56197,56014,10757,66771,923
2022-05-21,Inyo,027,18085,4153,4135,551,4686,56
2022-05-21,Kern,029,883053,194510,193705,46941,240646,2334
2022-05-21,Kings,031,150075,52152,52038,3541,55579,447
2022-05-21,Lake,033,64148,10952,10867,919,11786,137
2022-05-21,Lassen,035,31185,9018,9011,882,9893,64
2022-05-21,Los Angeles,037,10098052,2815846,2791671,131070,2922741,31815
2022-05-21,Madera,039,155013,37894,37744,6258,44002,370
2022-05-21,Marin,041,260295,37026,36394,3634,40028,293
2022-05-21,Mariposa,043,17540,2524,2490,223,2713,30
2022-05-21,Mendocino,045,87422,13576,13461,3367,16828,124
2022-05-21,Merced,047,269075,63535,62969,9092,72061,823
2022-05-21,Modoc,049,8938,747,750,254,1004,8
2022-05-21,Mono,051,14174,3030,3012,159,3171,6
2022-05-21,Monterey,053,433212,81801,81224,15082,96306,735
2022-05-21,Napa,055,140530,27333,27034,1105,28139,143
2022-05-21,Nevada,057,99092,16541,16410,1299,17709,127
2022-05-21,Orange,059,3164182,566331,562531,44239,606770,7025
2022-05-21,Placer,061,380077,65535,64802,7790,72592,626
2022-05-21,Plumas,063,18699,3087,3052,372,3424,13
2022-05-21,Riverside,065,2383286,605353,601808,28865,630673,6476
2022-05-21,Sacramento,067,1510023,292658,289972,27980,317952,3027
2022-05-21,San Benito,069,59416,13324,13234,574,13808,98
2022-05-21,San Bernardino,071,2135413,585884,575194,25539,600733,7523
2022-05-21,San Diego,073,3302833,781500,777404,56166,833570,5282
2022-05-21,San Francisco,075,870044,141715,138922,9294,148216,871
2022-05-21,San Joaquin,077,732212,171005,169745,10859,180604,2237
2022-05-21,San Luis Obispo,079,281455,54410,54012,4265,58277,481
2022-05-21,San Mateo,081,765935,134909,132636,8252,140888,711
2022-05-21,Santa Barbara,083,443738,89571,88783,5015,93798,692
2022-05-21,Santa Clara,085,1922200,341963,336488,14212,350700,2301
2022-05-21,Santa Cruz,087,273765,51761,51333,2357,53690,263
2022-05-21,Shasta,089,179085,31097,30966,6170,37136,564
2022-05-21,Sierra,091,2930,277,276,54,330,4
2022-05-21,Siskiyou,093,43540,4528,4501,2784,7285,81
2022-05-21,Solano,095,438530,86500,85038,6021,91059,451
2022-05-21,Sonoma,097,501317,90065,88889,3463,92352,489
2022-05-21,Stanislaus,099,539301,120197,119396,18357,137753,1653
2022-05-21,Sutter,101,95872,20887,20809,2166,22975,226
2022-05-21,Tehama,103,63373,12194,12162,2629,14791,201
2022-05-21,Trinity,105,12862,1198,1191,289,1480,20
2022-05-21,Tulare,107,460477,107626,107485,28388,135873,1477
2022-05-21,Tuolumne,109,53932,13171,12977,607,13584,182
2022-05-21,Ventura,111,848112,179493,178024,10501,188525,1499
2022-05-21,Yolo,113,214977,39823,38377,3258,41635,319
2022-05-21,Yuba,115,75493,16263,16180,1293,17473,122
2022-05-20,Alameda,001,1643700,278826,274996,15439,290435,1858
2022-05-20,Alpine,003,1148,126,126,1,127,0
2022-05-20,Amador,005,37829,8717,8628,680,9308,86
2022-05-20,Butte,007,227075,34033,33606,7230,40836,426
2022-05-20,Calaveras,009,45235,7453,7424,379,7803,120
2022-05-20,Colusa,011,21464,3475,3468,1058,4526,21
2022-05-20,Contra Costa,013,1133247,205042,199703,14841,214544,1305
2022-05-20,Del Norte,015,27424,6158,6045,216,6261,50
2022-05-20,El Dorado,017,186661,27798,27517,3376,30893,213
2022-05-20,Fresno,019,978130,235818,234657,24709,259366,2760
2022-05-20,Glenn,021,27897,5043,5020,1640,6660,48
2022-05-20,Humboldt,023,135768,18171,17984,3410,21394,146
2022-05-20,Imperial,025,180216,56173,56014,10754,66768,923
2022-05-20,Inyo,027,18085,4150,4135,547,4682,56
2022-05-20,Kern,029,883053,194406,193705,46893,240598,2334
2022-05-20,Kings,031,150075,52137,52038,3540,55578,447
2022-05-20,Lake,033,64148,10935,10867,919,11786,137
2022-05-20,Lassen,035,31185,9016,9011,882,9893,64
2022-05-20,Los Angeles,037,10098052,2813493,2791671,130844,2922515,31815
2022-05-20,Madera,039,155013,37875,37744,6250,43994,370
2022-05-20,Marin,041,260295,36952,36394,3595,39989,293
2022-05-20,Mariposa,043,17540,2519,2490,223,2713,30
2022-05-20,Mendocino,045,87422,13561,13461,3363,16824,124
2022-05-20,Merced,047,269075,63501,62969,9089,72058,823
2022-05-20,Modoc,049,8938,747,750,254,1004,8
2022-05-20,Mono,051,14174,3026,3012,159,3171,6
2022-05-20,Monterey,053,433212,81743,81224,15042,96266,735
2022-05-20,Napa,055,140530,27303,27034,1101,28135,143
2022-05-20,Nevada,057,99092,16533,16410,1297,17707,127
2022-05-20,Orange,059,3164182,565759,562531,44141,606672,7025
2022-05-20,Placer,061,380077,65460,64802,7774,72576,626
2022-05-20,Plumas,063,18699,3085,3052,372,3424,13
2022-05-20,Riverside,065,2383286,604904,601808,28842,630650,6476
2022-05-20,Sacramento,067,1510023,292283,289972,27958,317930,3027
2022-05-20,San Benito,069,59416,13308,13234,573,13807,98
2022-05-20,San Bernardino,071,2135413,585564,575194,25520,600714,7523
2022-05-20,San Diego,073,3302833,780703,777404,56074,833478,5282
2022-05-20,San Francisco,075,870044,141382,138922,9263,148185,871
2022-05-20,San Joaquin,077,732212,170884,169745,10852,180597,2237
2022-05-20,San Luis Obispo,079,281455,54374,54012,4260,58272,481
2022-05-20,San Mateo,081,765935,134594,132636,8229,140865,711
2022-05-20,Santa Barbara,083,443738,89487,88783,5010,93793,692
2022-05-20,Santa Clara,085,1922200,341182,336488,14161,350649,2301
2022-05-20,Santa Cruz,087,273765,51716,51333,2339,53672,263
2022-05-20,Shasta,089,179085,31083,30966,6167,37133,564
2022-05-20,Sierra,091,2930,277,276,54,330,4
2022-05-20,Siskiyou,093,43540,4525,4501,2782,7283,81
2022-05-20,Solano,095,438530,86358,85038,6013,91051,451
2022-05-20,Sonoma,097,501317,89938,88889,3450,92339,489
2022-05-20,Stanislaus,099,539301,120115,119396,18344,137740,1653
2022-05-20,Sutter,101,95872,20878,20809,2165,22974,226
2022-05-20,Tehama,103,63373,12191,12162,2628,14790,201
2022-05-20,Trinity,105,12862,1198,1191,289,1480,20
2022-05-20,Tulare,107,460477,107570,107485,28349,135834,1477
2022-05-20,Tuolumne,109,53932,13152,12977,605,13582,182
2022-05-20,Ventura,111,848112,179296,178024,10483,188507,1499
2022-05-20,Yolo,113,214977,39754,38377,3252,41629,319
2022-05-20,Yuba,115,75493,16248,16180,1289,17469,122
2022-05-19,Alameda,001,1643700,278000,274996,15369,290365,1858
2022-05-19,Alpine,003,1148,126,126,1,127,0
2022-05-19,Amador,005,37829,8709,8628,680,9308,86
2022-05-19,Butte,007,227075,33995,33606,7221,40827,426
2022-05-19,Calaveras,009,45235,7447,7424,376,7800,120
2022-05-19,Colusa,011,21464,3474,3468,1057,4525,21
2022-05-19,Contra Costa,013,1133247,204497,199703,14767,214470,1305
2022-05-19,Del Norte,015,27424,6154,6045,211,6256,50
2022-05-19,El Dorado,017,186661,27746,27517,3361,30878,213
2022-05-19,Fresno,019,978130,235594,234657,24669,259326,2760
2022-05-19,Glenn,021,27897,5042,5020,1636,6656,48
2022-05-19,Humboldt,023,135768,18137,17984,3395,21379,146
2022-05-19,Imperial,025,180216,56127,56014,10753,66767,923
2022-05-19,Inyo,027,18085,4146,4135,546,4681,56
2022-05-19,Kern,029,883053,194265,193705,46818,240523,2334
2022-05-19,Kings,031,150075,52110,52038,3539,55577,447
2022-05-19,Lake,033,64148,10927,10867,917,11784,137
2022-05-19,Lassen,035,31185,9012,9011,882,9893,64
2022-05-19,Los Angeles,037,10098052,2809534,2791671,130515,2922186,31815
2022-05-19,Madera,039,155013,37839,37744,6234,43978,370
2022-05-19,Marin,041,260295,36856,36394,3562,39956,293
2022-05-19,Mariposa,043,17540,2511,2490,223,2713,30
2022-05-19,Mendocino,045,87422,13538,13461,3356,16817,124
2022-05-19,Merced,047,269075,63440,62969,9073,72042,823
2022-05-19,Modoc,049,8938,747,750,254,1004,8
2022-05-19,Mono,051,14174,3025,3012,155,3167,6
2022-05-19,Monterey,053,433212,81663,81224,14977,96201,735
2022-05-19,Napa,055,140530,27246,27034,1098,28132,143
2022-05-19,Nevada,057,99092,16499,16410,1290,17700,127
2022-05-19,Orange,059,3164182,564928,562531,44014,606545,7025
2022-05-19,Placer,061,380077,65341,64802,7758,72560,626
2022-05-19,Plumas,063,18699,3079,3052,372,3424,13
2022-05-19,Riverside,065,2383286,604273,601808,28800,630608,6476
2022-05-19,Sacramento,067,1510023,291726,289972,27875,317847,3027
2022-05-19,San Benito,069,59416,13280,13234,570,13804,98
2022-05-19,San Bernardino,071,2135413,585049,575194,25498,600692,7523
2022-05-19,San Diego,073,3302833,779465,777404,55909,833313,5282
2022-05-19,San Francisco,075,870044,140914,138922,9228,148150,871
2022-05-19,San Joaquin,077,732212,170639,169745,10834,180579,2237
2022-05-19,San Luis Obispo,079,281455,54271,54012,4228,58240,481
2022-05-19,San Mateo,081,765935,134128,132636,8170,140806,711
2022-05-19,Santa Barbara,083,443738,89334,88783,4983,93766,692
2022-05-19,Santa Clara,085,1922200,340105,336488,14069,350557,2301
2022-05-19,Santa Cruz,087,273765,51638,51333,2325,53658,263
2022-05-19,Shasta,089,179085,31054,30966,6161,37127,564
2022-05-19,Sierra,091,2930,277,276,54,330,4
2022-05-19,Siskiyou,093,43540,4522,4501,2780,7281,81
2022-05-19,Solano,095,438530,86172,85038,5988,91026,451
2022-05-19,Sonoma,097,501317,89734,88889,3416,92305,489
2022-05-19,Stanislaus,099,539301,119986,119396,18322,137718,1653
2022-05-19,Sutter,101,95872,20842,20809,2162,22971,226
2022-05-19,Tehama,103,63373,12181,12162,2625,14787,201
2022-05-19,Trinity,105,12862,1197,1191,289,1480,20
2022-05-19,Tulare,107,460477,107478,107485,28303,135788,1477
2022-05-19,Tuolumne,109,53932,13128,12977,602,13579,182
2022-05-19,Ventura,111,848112,179021,178024,10444,188468,1499
2022-05-19,Yolo,113,214977,39663,38377,3244,41621,319
2022-05-19,Yuba,115,75493,16228,16180,1281,17461,122
2022-05-18,Alameda,001,1643700,277152,272530,15299,287829,1859
2022-05-18,Alpine,003,1148,126,126,1,127,0
2022-05-18,Amador,005,37829,8691,8592,680,9272,86
2022-05-18,Butte,007,227075,33954,33486,7206,40692,426
2022-05-18,Calaveras,009,45235,7439,7400,376,7776,120
2022-05-18,Colusa,011,21464,3474,3467,1057,4524,21
2022-05-18,Contra Costa,013,1133247,203938,198207,14680,212887,1303
2022-05-18,Del Norte,015,27424,6146,6001,207,6208,50
2022-05-18,El Dorado,017,186661,27695,27388,3353,30741,212
2022-05-18,Fresno,019,978130,235333,234055,24628,258683,2759
2022-05-18,Glenn,021,27897,5041,5012,1636,6648,48
2022-05-18,Humboldt,023,135768,18112,17868,3374,21242,146
2022-05-18,Imperial,025,180216,56065,55915,10747,66662,918
2022-05-18,Inyo,027,18085,4142,4120,540,4660,56
2022-05-18,Kern,029,883053,194148,193338,46758,240096,2327
2022-05-18,Kings,031,150075,52081,51903,3536,55439,447
2022-05-18,Lake,033,64148,10918,10831,916,11747,137
2022-05-18,Lassen,035,31185,9006,8994,882,9876,65
2022-05-18,Los Angeles,037,10098052,2805192,2780354,130235,2910589,31789
2022-05-18,Madera,039,155013,37801,37644,6225,43869,365
2022-05-18,Marin,041,260295,36766,36024,3521,39545,293
2022-05-18,Mariposa,043,17540,2504,2481,223,2704,30
2022-05-18,Mendocino,045,87422,13517,13403,3341,16744,124
2022-05-18,Merced,047,269075,63375,62802,9046,71848,818
2022-05-18,Modoc,049,8938,747,748,254,1002,8
2022-05-18,Mono,051,14174,3024,3010,153,3163,6
2022-05-18,Monterey,053,433212,81555,80955,14921,95876,735
2022-05-18,Napa,055,140530,27205,26912,1091,28003,143
2022-05-18,Nevada,057,99092,16479,16361,1285,17646,127
2022-05-18,Orange,059,3164182,564125,560094,43908,604002,7021
2022-05-18,Placer,061,380077,65196,64432,7743,72175,626
2022-05-18,Plumas,063,18699,3071,3022,369,3391,13
2022-05-18,Riverside,065,2383286,603631,599947,28748,628695,6471
2022-05-18,Sacramento,067,1510023,291203,288335,27792,316127,3022
2022-05-18,San Benito,069,59416,13256,13186,566,13752,98
2022-05-18,San Bernardino,071,2135413,584576,573790,25471,599261,7455
2022-05-18,San Diego,073,3302833,778029,773934,55745,829679,5277
2022-05-18,San Francisco,075,870044,140388,137341,9201,146542,869
2022-05-18,San Joaquin,077,732212,170406,169045,10748,179793,2236
2022-05-18,San Luis Obispo,079,281455,54172,53756,4194,57950,478
2022-05-18,San Mateo,081,765935,133705,131330,8101,139431,709
2022-05-18,Santa Barbara,083,443738,89174,88317,4962,93279,693
2022-05-18,Santa Clara,085,1922200,338961,333230,13975,347205,2300
2022-05-18,Santa Cruz,087,273765,51548,51020,2312,53332,263
2022-05-18,Shasta,089,179085,31031,30899,6156,37055,558
2022-05-18,Sierra,091,2930,277,275,54,329,4
2022-05-18,Siskiyou,093,43540,4517,4495,2778,7273,81
2022-05-18,Solano,095,438530,85909,84476,5970,90446,451
2022-05-18,Sonoma,097,501317,89535,88195,3377,91572,489
2022-05-18,Stanislaus,099,539301,119876,119025,18289,137314,1645
2022-05-18,Sutter,101,95872,20820,20763,2153,22916,226
2022-05-18,Tehama,103,63373,12175,12133,2622,14755,201
2022-05-18,Trinity,105,12862,1197,1189,289,1478,20
2022-05-18,Tulare,107,460477,107410,107292,28245,135537,1477
2022-05-18,Tuolumne,109,53932,13109,12917,600,13517,182
2022-05-18,Ventura,111,848112,178751,177233,10400,187633,1497
2022-05-18,Yolo,113,214977,39551,38139,3232,41371,316
2022-05-18,Yuba,115,75493,16204,16109,1272,17381,122
2022-05-17,Alameda,001,1643700,276320,272530,15232,287762,1859
2022-05-17,Alpine,003,1148,126,126,1,127,0
2022-05-17,Amador,005,37829,8682,8592,678,9270,86
2022-05-17,Butte,007,227075,33902,33486,7185,40671,426
2022-05-17,Calaveras,009,45235,7432,7400,376,7776,120
2022-05-17,Colusa,011,21464,3473,3467,1056,4523,21
2022-05-17,Contra Costa,013,1133247,203299,198207,14595,212802,1303
2022-05-17,Del Norte,015,27424,6132,6001,207,6208,50
2022-05-17,El Dorado,017,186661,27639,27388,3347,30735,212
2022-05-17,Fresno,019,978130,235081,234055,24597,258652,2759
2022-05-17,Glenn,021,27897,5038,5012,1635,6647,48
2022-05-17,Humboldt,023,135768,18072,17868,3357,21225,146
2022-05-17,Imperial,025,180216,56022,55915,10737,66652,918
2022-05-17,Inyo,027,18085,4140,4120,531,4651,56
2022-05-17,Kern,029,883053,193991,193338,46702,240040,2327
2022-05-17,Kings,031,150075,52038,51903,3532,55435,447
2022-05-17,Lake,033,64148,10903,10831,914,11745,137
2022-05-17,Lassen,035,31185,9001,8994,881,9875,65
2022-05-17,Los Angeles,037,10098052,2800642,2780354,129932,2910286,31789
2022-05-17,Madera,039,155013,37775,37644,6210,43854,365
2022-05-17,Marin,041,260295,36632,36024,3460,39484,293
2022-05-17,Mariposa,043,17540,2499,2481,222,2703,30
2022-05-17,Mendocino,045,87422,13491,13403,3331,16734,124
2022-05-17,Merced,047,269075,63310,62802,9027,71829,818
2022-05-17,Modoc,049,8938,747,748,254,1002,8
2022-05-17,Mono,051,14174,3020,3010,153,3163,6
2022-05-17,Monterey,053,433212,81438,80955,14856,95811,735
2022-05-17,Napa,055,140530,27157,26912,1083,27995,143
2022-05-17,Nevada,057,99092,16450,16361,1277,17638,127
2022-05-17,Orange,059,3164182,563226,560094,43770,603864,7021
2022-05-17,Placer,061,380077,65032,64432,7705,72137,626
2022-05-17,Plumas,063,18699,3065,3022,368,3390,13
2022-05-17,Riverside,065,2383286,602948,599947,28704,628651,6471
2022-05-17,Sacramento,067,1510023,290573,288335,27690,316025,3022
2022-05-17,San Benito,069,59416,13219,13186,565,13751,98
2022-05-17,San Bernardino,071,2135413,584079,573790,25457,599247,7455
2022-05-17,San Diego,073,3302833,776515,773934,55578,829512,5277
2022-05-17,San Francisco,075,870044,139812,137341,9170,146511,869
2022-05-17,San Joaquin,077,732212,170166,169045,10708,179753,2236
2022-05-17,San Luis Obispo,079,281455,54079,53756,4150,57906,478
2022-05-17,San Mateo,081,765935,133210,131330,8061,139391,709
2022-05-17,Santa Barbara,083,443738,88976,88317,4944,93261,693
2022-05-17,Santa Clara,085,1922200,337781,333230,13901,347131,2300
2022-05-17,Santa Cruz,087,273765,51471,51020,2304,53324,263
2022-05-17,Shasta,089,179085,30993,30899,6153,37052,558
2022-05-17,Sierra,091,2930,277,275,54,329,4
2022-05-17,Siskiyou,093,43540,4515,4495,2776,7271,81
2022-05-17,Solano,095,438530,85629,84476,5940,90416,451
2022-05-17,Sonoma,097,501317,89292,88195,3332,91527,489
2022-05-17,Stanislaus,099,539301,119727,119025,18260,137285,1645
2022-05-17,Sutter,101,95872,20800,20763,2149,22912,226
2022-05-17,Tehama,103,63373,12163,12133,2619,14752,201
2022-05-17,Trinity,105,12862,1196,1189,289,1478,20
2022-05-17,Tulare,107,460477,107316,107292,28205,135497,1477
2022-05-17,Tuolumne,109,53932,13094,12917,600,13517,182
2022-05-17,Ventura,111,848112,178428,177233,10346,187579,1497
2022-05-17,Yolo,113,214977,39414,38139,3225,41364,316
2022-05-17,Yuba,115,75493,16180,16109,1269,17378,122
2022-05-16,Alameda,001,1643700,275315,272530,15151,287681,1859
2022-05-16,Alpine,003,1148,126,126,1,127,0
2022-05-16,Amador,005,37829,8672,8592,677,9269,86
2022-05-16,Butte,007,227075,33844,33486,7169,40655,426
2022-05-16,Calaveras,009,45235,7426,7400,374,7774,120
2022-05-16,Colusa,011,21464,3472,3467,1056,4523,21
2022-05-16,Contra Costa,013,1133247,202656,198207,14514,212721,1303
2022-05-16,Del Norte,015,27424,6119,6001,204,6205,50
2022-05-16,El Dorado,017,186661,27583,27388,3339,30727,212
2022-05-16,Fresno,019,978130,234817,234055,24555,258610,2759
2022-05-16,Glenn,021,27897,5034,5012,1630,6642,48
2022-05-16,Humboldt,023,135768,18027,17868,3343,21211,146
2022-05-16,Imperial,025,180216,55958,55915,10724,66639,918
2022-05-16,Inyo,027,18085,4136,4120,528,4648,56
2022-05-16,Kern,029,883053,193839,193338,46636,239974,2327
2022-05-16,Kings,031,150075,51988,51903,3531,55434,447
2022-05-16,Lake,033,64148,10896,10831,913,11744,137
2022-05-16,Lassen,035,31185,8996,8994,879,9873,65
2022-05-16,Los Angeles,037,10098052,2796196,2780354,129648,2910002,31789
2022-05-16,Madera,039,155013,37744,37644,6188,43832,365
2022-05-16,Marin,041,260295,36468,36024,3412,39436,293
2022-05-16,Mariposa,043,17540,2498,2481,221,2702,30
2022-05-16,Mendocino,045,87422,13465,13403,3319,16722,124
2022-05-16,Merced,047,269075,63240,62802,8991,71793,818
2022-05-16,Modoc,049,8938,747,748,254,1002,8
2022-05-16,Mono,051,14174,3017,3010,153,3163,6
2022-05-16,Monterey,053,433212,81327,80955,14769,95724,735
2022-05-16,Napa,055,140530,27106,26912,1078,27990,143
2022-05-16,Nevada,057,99092,16431,16361,1271,17632,127
2022-05-16,Orange,059,3164182,562372,560094,43643,603737,7021
2022-05-16,Placer,061,380077,64924,64432,7674,72106,626
2022-05-16,Plumas,063,18699,3055,3022,367,3389,13
2022-05-16,Riverside,065,2383286,602239,599947,28649,628596,6471
2022-05-16,Sacramento,067,1510023,289910,288335,27599,315934,3022
2022-05-16,San Benito,069,59416,13201,13186,560,13746,98
2022-05-16,San Bernardino,071,2135413,583611,573790,25427,599217,7455
2022-05-16,San Diego,073,3302833,774972,773934,55410,829344,5277
2022-05-16,San Francisco,075,870044,139108,137341,9138,146479,869
2022-05-16,San Joaquin,077,732212,169886,169045,10523,179568,2236
2022-05-16,San Luis Obispo,079,281455,53976,53756,4121,57877,478
2022-05-16,San Mateo,081,765935,132667,131330,8005,139335,709
2022-05-16,Santa Barbara,083,443738,88831,88317,4933,93250,693
2022-05-16,Santa Clara,085,1922200,336460,333230,13814,347044,2300
2022-05-16,Santa Cruz,087,273765,51392,51020,2289,53309,263
2022-05-16,Shasta,089,179085,30960,30899,6145,37044,558
2022-05-16,Sierra,091,2930,277,275,53,328,4
2022-05-16,Siskiyou,093,43540,4512,4495,2769,7264,81
2022-05-16,Solano,095,438530,85367,84476,5914,90390,451
2022-05-16,Sonoma,097,501317,88992,88195,3294,91489,489
2022-05-16,Stanislaus,099,539301,119583,119025,18227,137252,1645
2022-05-16,Sutter,101,95872,20786,20763,2142,22905,226
2022-05-16,Tehama,103,63373,12155,12133,2616,14749,201
2022-05-16,Trinity,105,12862,1195,1189,289,1478,20
2022-05-16,Tulare,107,460477,107241,107292,28154,135446,1477
2022-05-16,Tuolumne,109,53932,13061,12917,597,13514,182
2022-05-16,Ventura,111,848112,178097,177233,10288,187521,1497
2022-05-16,Yolo,113,214977,39279,38139,3216,41355,316
2022-05-16,Yuba,115,75493,16153,16109,1266,17375,122
2022-05-15,Alameda,001,1643700,274244,268944,15082,284026,1857
2022-05-15,Alpine,003,1148,126,125,1,126,0
2022-05-15,Amador,005,37829,8656,8574,672,9246,86
2022-05-15,Butte,007,227075,33786,33377,7148,40525,424
2022-05-15,Calaveras,009,45235,7407,7378,372,7750,120
2022-05-15,Colusa,011,21464,3469,3463,1054,4517,21
2022-05-15,Contra Costa,013,1133247,201892,195925,14432,210357,1301
2022-05-15,Del Norte,015,27424,6046,5919,202,6121,50
2022-05-15,El Dorado,017,186661,27522,27216,3324,30540,212
2022-05-15,Fresno,019,978130,234550,233305,24520,257825,2757
2022-05-15,Glenn,021,27897,5031,5004,1629,6633,48
2022-05-15,Humboldt,023,135768,17977,17633,3303,20936,146
2022-05-15,Imperial,025,180216,55922,55756,10703,66459,917
2022-05-15,Inyo,027,18085,4132,4114,524,4638,56
2022-05-15,Kern,029,883053,193663,192939,46555,239494,2314
2022-05-15,Kings,031,150075,51928,51779,3527,55306,447
2022-05-15,Lake,033,64148,10879,10790,910,11700,137
2022-05-15,Lassen,035,31185,8988,8987,878,9865,65
2022-05-15,Los Angeles,037,10098052,2791580,2768726,129279,2898005,31768
2022-05-15,Madera,039,155013,37702,37520,6170,43690,365
2022-05-15,Marin,041,260295,36297,35486,3373,38859,293
2022-05-15,Mariposa,043,17540,2493,2463,220,2683,30
2022-05-15,Mendocino,045,87422,13446,13349,3292,16641,124
2022-05-15,Merced,047,269075,63155,62627,8945,71572,818
2022-05-15,Modoc,049,8938,746,747,254,1001,8
2022-05-15,Mono,051,14174,3014,3002,151,3153,6
2022-05-15,Monterey,053,433212,81219,80620,14682,95302,735
2022-05-15,Napa,055,140530,27050,26698,1074,27772,143
2022-05-15,Nevada,057,99092,16401,16240,1268,17508,127
2022-05-15,Orange,059,3164182,561426,557134,43505,600639,7017
2022-05-15,Placer,061,380077,64742,63963,7644,71607,626
2022-05-15,Plumas,063,18699,3049,3006,367,3373,13
2022-05-15,Riverside,065,2383286,601523,597914,28581,626495,6471
2022-05-15,Sacramento,067,1510023,289198,286403,27467,313870,3022
2022-05-15,San Benito,069,59416,13175,13106,558,13664,98
2022-05-15,San Bernardino,071,2135413,583064,572057,25398,597455,7423
2022-05-15,San Diego,073,3302833,773466,770323,55211,825534,5271
2022-05-15,San Francisco,075,870044,138395,134916,9104,144020,866
2022-05-15,San Joaquin,077,732212,169646,168174,10446,178620,2236
2022-05-15,San Luis Obispo,079,281455,53849,53502,4079,57581,478
2022-05-15,San Mateo,081,765935,132135,129480,7931,137411,709
2022-05-15,Santa Barbara,083,443738,88601,87773,4898,92671,693
2022-05-15,Santa Clara,085,1922200,335053,328609,13723,342332,2297
2022-05-15,Santa Cruz,087,273765,51287,50268,2273,52541,263
2022-05-15,Shasta,089,179085,30919,30799,6139,36938,557
2022-05-15,Sierra,091,2930,277,275,53,328,4
2022-05-15,Siskiyou,093,43540,4510,4482,2766,7248,81
2022-05-15,Solano,095,438530,85047,83669,5880,89549,451
2022-05-15,Sonoma,097,501317,88667,87070,3269,90339,488
2022-05-15,Stanislaus,099,539301,119414,118586,18195,136781,1645
2022-05-15,Sutter,101,95872,20759,20690,2132,22822,226
2022-05-15,Tehama,103,63373,12138,12115,2610,14725,201
2022-05-15,Trinity,105,12862,1194,1188,289,1477,20
2022-05-15,Tulare,107,460477,107141,107077,28105,135182,1469
2022-05-15,Tuolumne,109,53932,13007,12851,596,13447,182
2022-05-15,Ventura,111,848112,177752,176317,10226,186543,1497
2022-05-15,Yolo,113,214977,39164,37737,3204,40941,316
2022-05-15,Yuba,115,75493,16119,16028,1257,17285,122
2022-05-14,Alameda,001,1643700,273823,268944,15063,284007,1857
2022-05-14,Alpine,003,1148,125,125,1,126,0
2022-05-14,Amador,005,37829,8650,8574,672,9246,86
2022-05-14,Butte,007,227075,33766,33377,7140,40517,424
2022-05-14,Calaveras,009,45235,7405,7378,372,7750,120
2022-05-14,Colusa,011,21464,3469,3463,1054,4517,21
2022-05-14,Contra Costa,013,1133247,201514,195925,14402,210327,1301
2022-05-14,Del Norte,015,27424,6038,5919,200,6119,50
2022-05-14,El Dorado,017,186661,27492,27216,3319,30535,212
2022-05-14,Fresno,019,978130,234427,233305,24511,257816,2757
2022-05-14,Glenn,021,27897,5030,5004,1625,6629,48
2022-05-14,Humboldt,023,135768,17951,17633,3296,20929,146
2022-05-14,Imperial,025,180216,55891,55756,10700,66456,917
2022-05-14,Inyo,027,18085,4127,4114,524,4638,56
2022-05-14,Kern,029,883053,193593,192939,46509,239448,2314
2022-05-14,Kings,031,150075,51901,51779,3527,55306,447
2022-05-14,Lake,033,64148,10869,10790,905,11695,137
2022-05-14,Lassen,035,31185,8986,8987,878,9865,65
2022-05-14,Los Angeles,037,10098052,2789667,2768726,129059,2897785,31768
2022-05-14,Madera,039,155013,37687,37520,6170,43690,365
2022-05-14,Marin,041,260295,36190,35486,3324,38810,293
2022-05-14,Mariposa,043,17540,2492,2463,220,2683,30
2022-05-14,Mendocino,045,87422,13436,13349,3288,16637,124
2022-05-14,Merced,047,269075,63119,62627,8942,71569,818
2022-05-14,Modoc,049,8938,745,747,254,1001,8
2022-05-14,Mono,051,14174,3014,3002,150,3152,6
2022-05-14,Monterey,053,433212,81154,80620,14628,95248,735
2022-05-14,Napa,055,140530,27026,26698,1067,27765,143
2022-05-14,Nevada,057,99092,16386,16240,1267,17507,127
2022-05-14,Orange,059,3164182,560981,557134,43421,600555,7017
2022-05-14,Placer,061,380077,64636,63963,7622,71585,626
2022-05-14,Plumas,063,18699,3045,3006,367,3373,13
2022-05-14,Riverside,065,2383286,601116,597914,28546,626460,6471
2022-05-14,Sacramento,067,1510023,288925,286403,27446,313849,3022
2022-05-14,San Benito,069,59416,13165,13106,555,13661,98
2022-05-14,San Bernardino,071,2135413,582787,572057,25386,597443,7423
2022-05-14,San Diego,073,3302833,772866,770323,55164,825487,5271
2022-05-14,San Francisco,075,870044,138038,134916,9080,143996,866
2022-05-14,San Joaquin,077,732212,169503,168174,10429,178603,2236
2022-05-14,San Luis Obispo,079,281455,53822,53502,4076,57578,478
2022-05-14,San Mateo,081,765935,131812,129480,7902,137382,709
2022-05-14,Santa Barbara,083,443738,88494,87773,4893,92666,693
2022-05-14,Santa Clara,085,1922200,334221,328609,13684,342293,2297
2022-05-14,Santa Cruz,087,273765,51240,50268,2259,52527,263
2022-05-14,Shasta,089,179085,30914,30799,6138,36937,557
2022-05-14,Sierra,091,2930,277,275,53,328,4
2022-05-14,Siskiyou,093,43540,4507,4482,2764,7246,81
2022-05-14,Solano,095,438530,84985,83669,5870,89539,451
2022-05-14,Sonoma,097,501317,88523,87070,3257,90327,488
2022-05-14,Stanislaus,099,539301,119330,118586,18184,136770,1645
2022-05-14,Sutter,101,95872,20752,20690,2131,22821,226
2022-05-14,Tehama,103,63373,12132,12115,2609,14724,201
2022-05-14,Trinity,105,12862,1194,1188,289,1477,20
2022-05-14,Tulare,107,460477,107096,107077,28077,135154,1469
2022-05-14,Tuolumne,109,53932,12996,12851,596,13447,182
2022-05-14,Ventura,111,848112,177590,176317,10201,186518,1497
2022-05-14,Yolo,113,214977,39094,37737,3197,40934,316
2022-05-14,Yuba,115,75493,16112,16028,1256,17284,122
2022-05-13,Alameda,001,1643700,273345,268944,15031,283975,1857
2022-05-13,Alpine,003,1148,125,125,1,126,0
2022-05-13,Amador,005,37829,8645,8574,671,9245,86
2022-05-13,Butte,007,227075,33749,33377,7138,40515,424
2022-05-13,Calaveras,009,45235,7402,7378,372,7750,120
2022-05-13,Colusa,011,21464,3468,3463,1054,4517,21
2022-05-13,Contra Costa,013,1133247,201171,195925,14373,210298,1301
2022-05-13,Del Norte,015,27424,6035,5919,200,6119,50
2022-05-13,El Dorado,017,186661,27464,27216,3319,30535,212
2022-05-13,Fresno,019,978130,234318,233305,24492,257797,2757
2022-05-13,Glenn,021,27897,5028,5004,1624,6628,48
2022-05-13,Humboldt,023,135768,17927,17633,3288,20921,146
2022-05-13,Imperial,025,180216,55872,55756,10699,66455,917
2022-05-13,Inyo,027,18085,4127,4114,523,4637,56
2022-05-13,Kern,029,883053,193520,192939,46479,239418,2314
2022-05-13,Kings,031,150075,51877,51779,3527,55306,447
2022-05-13,Lake,033,64148,10866,10790,905,11695,137
2022-05-13,Lassen,035,31185,8985,8987,878,9865,65
2022-05-13,Los Angeles,037,10098052,2787725,2768726,128869,2897595,31768
2022-05-13,Madera,039,155013,37667,37520,6161,43681,365
2022-05-13,Marin,041,260295,36087,35486,3281,38767,293
2022-05-13,Mariposa,043,17540,2490,2463,220,2683,30
2022-05-13,Mendocino,045,87422,13422,13349,3281,16630,124
2022-05-13,Merced,047,269075,63084,62627,8933,71560,818
2022-05-13,Modoc,049,8938,745,747,254,1001,8
2022-05-13,Mono,051,14174,3012,3002,149,3151,6
2022-05-13,Monterey,053,433212,81098,80620,14589,95209,735
2022-05-13,Napa,055,140530,26990,26698,1065,27763,143
2022-05-13,Nevada,057,99092,16371,16240,1266,17506,127
2022-05-13,Orange,059,3164182,560514,557134,43348,600482,7017
2022-05-13,Placer,061,380077,64557,63963,7613,71576,626
2022-05-13,Plumas,063,18699,3038,3006,367,3373,13
2022-05-13,Riverside,065,2383286,600730,597914,28517,626431,6471
2022-05-13,Sacramento,067,1510023,288592,286403,27428,313831,3022
2022-05-13,San Benito,069,59416,13161,13106,555,13661,98
2022-05-13,San Bernardino,071,2135413,582548,572057,25378,597435,7423
2022-05-13,San Diego,073,3302833,772228,770323,55084,825407,5271
2022-05-13,San Francisco,075,870044,137688,134916,9060,143976,866
2022-05-13,San Joaquin,077,732212,169384,168174,10417,178591,2236
2022-05-13,San Luis Obispo,079,281455,53786,53502,4072,57574,478
2022-05-13,San Mateo,081,765935,131523,129480,7881,137361,709
2022-05-13,Santa Barbara,083,443738,88400,87773,4890,92663,693
2022-05-13,Santa Clara,085,1922200,333425,328609,13651,342260,2297
2022-05-13,Santa Cruz,087,273765,51153,50268,2251,52519,263
2022-05-13,Shasta,089,179085,30910,30799,6138,36937,557
2022-05-13,Sierra,091,2930,276,275,50,325,4
2022-05-13,Siskiyou,093,43540,4506,4482,2764,7246,81
2022-05-13,Solano,095,438530,84861,83669,5863,89532,451
2022-05-13,Sonoma,097,501317,88346,87070,3243,90313,488
2022-05-13,Stanislaus,099,539301,119236,118586,18170,136756,1645
2022-05-13,Sutter,101,95872,20740,20690,2130,22820,226
2022-05-13,Tehama,103,63373,12130,12115,2607,14722,201
2022-05-13,Trinity,105,12862,1193,1188,289,1477,20
2022-05-13,Tulare,107,460477,107050,107077,28041,135118,1469
2022-05-13,Tuolumne,109,53932,12980,12851,596,13447,182
2022-05-13,Ventura,111,848112,177410,176317,10187,186504,1497
2022-05-13,Yolo,113,214977,39031,37737,3193,40930,316
2022-05-13,Yuba,115,75493,16099,16028,1253,17281,122
2022-05-12,Alameda,001,1643700,272600,268944,14975,283919,1857
2022-05-12,Alpine,003,1148,125,125,1,126,0
2022-05-12,Amador,005,37829,8636,8574,671,9245,86
2022-05-12,Butte,007,227075,33722,33377,7124,40501,424
2022-05-12,Calaveras,009,45235,7398,7378,371,7749,120
2022-05-12,Colusa,011,21464,3468,3463,1053,4516,21
2022-05-12,Contra Costa,013,1133247,200651,195925,14310,210235,1301
2022-05-12,Del Norte,015,27424,6018,5919,199,6118,50
2022-05-12,El Dorado,017,186661,27424,27216,3310,30526,212
2022-05-12,Fresno,019,978130,234166,233305,24471,257776,2757
2022-05-12,Glenn,021,27897,5024,5004,1622,6626,48
2022-05-12,Humboldt,023,135768,17885,17633,3275,20908,146
2022-05-12,Imperial,025,180216,55845,55756,10686,66442,917
2022-05-12,Inyo,027,18085,4123,4114,518,4632,56
2022-05-12,Kern,029,883053,193455,192939,46431,239370,2314
2022-05-12,Kings,031,150075,51856,51779,3525,55304,447
2022-05-12,Lake,033,64148,10848,10790,899,11689,137
2022-05-12,Lassen,035,31185,8984,8987,878,9865,65
2022-05-12,Los Angeles,037,10098052,2784512,2768726,128600,2897326,31768
2022-05-12,Madera,039,155013,37642,37520,6149,43669,365
2022-05-12,Marin,041,260295,35987,35486,3258,38744,293
2022-05-12,Mariposa,043,17540,2485,2463,219,2682,30
2022-05-12,Mendocino,045,87422,13405,13349,3269,16618,124
2022-05-12,Merced,047,269075,63051,62627,8922,71549,818
2022-05-12,Modoc,049,8938,744,747,254,1001,8
2022-05-12,Mono,051,14174,3012,3002,148,3150,6
2022-05-12,Monterey,053,433212,81040,80620,14546,95166,735
2022-05-12,Napa,055,140530,26945,26698,1063,27761,143
2022-05-12,Nevada,057,99092,16349,16240,1265,17505,127
2022-05-12,Orange,059,3164182,559875,557134,43239,600373,7017
2022-05-12,Placer,061,380077,64459,63963,7590,71553,626
2022-05-12,Plumas,063,18699,3032,3006,367,3373,13
2022-05-12,Riverside,065,2383286,600275,597914,28484,626398,6471
2022-05-12,Sacramento,067,1510023,288134,286403,27364,313767,3022
2022-05-12,San Benito,069,59416,13146,13106,554,13660,98
2022-05-12,San Bernardino,071,2135413,582196,572057,25361,597418,7423
2022-05-12,San Diego,073,3302833,771274,770323,54994,825317,5271
2022-05-12,San Francisco,075,870044,137308,134916,9022,143938,866
2022-05-12,San Joaquin,077,732212,169203,168174,10374,178548,2236
2022-05-12,San Luis Obispo,079,281455,53727,53502,4043,57545,478
2022-05-12,San Mateo,081,765935,131115,129480,7830,137310,709
2022-05-12,Santa Barbara,083,443738,88294,87773,4879,92652,693
2022-05-12,Santa Clara,085,1922200,332456,328609,13563,342172,2297
2022-05-12,Santa Cruz,087,273765,51009,50268,2245,52513,263
2022-05-12,Shasta,089,179085,30897,30799,6135,36934,557
2022-05-12,Sierra,091,2930,275,275,50,325,4
2022-05-12,Siskiyou,093,43540,4501,4482,2762,7244,81
2022-05-12,Solano,095,438530,84642,83669,5850,89519,451
2022-05-12,Sonoma,097,501317,88129,87070,3216,90286,488
2022-05-12,Stanislaus,099,539301,119134,118586,18141,136727,1645
2022-05-12,Sutter,101,95872,20724,20690,2129,22819,226
2022-05-12,Tehama,103,63373,12123,12115,2605,14720,201
2022-05-12,Trinity,105,12862,1192,1188,288,1476,20
2022-05-12,Tulare,107,460477,106998,107077,27991,135068,1469
2022-05-12,Tuolumne,109,53932,12960,12851,594,13445,182
2022-05-12,Ventura,111,848112,177180,176317,10144,186461,1497
2022-05-12,Yolo,113,214977,38918,37737,3183,40920,316
2022-05-12,Yuba,115,75493,16083,16028,1250,17278,122
2022-05-11,Alameda,001,1643700,271888,267982,14920,282902,1853
2022-05-11,Alpine,003,1148,125,125,1,126,0
2022-05-11,Amador,005,37829,8628,8564,671,9235,86
2022-05-11,Butte,007,227075,33690,33339,7118,40457,423
2022-05-11,Calaveras,009,45235,7393,7368,367,7735,120
2022-05-11,Colusa,011,21464,3467,3462,1053,4515,21
2022-05-11,Contra Costa,013,1133247,200132,195153,14255,209408,1302
2022-05-11,Del Norte,015,27424,6008,5911,199,6110,50
2022-05-11,El Dorado,017,186661,27388,27172,3303,30475,212
2022-05-11,Fresno,019,978130,234002,233021,24438,257459,2754
2022-05-11,Glenn,021,27897,5024,5001,1620,6621,48
2022-05-11,Humboldt,023,135768,17842,17585,3259,20844,146
2022-05-11,Imperial,025,180216,55819,55751,10676,66427,917
2022-05-11,Inyo,027,18085,4122,4093,517,4610,56
2022-05-11,Kern,029,883053,193358,192795,46386,239181,2292
2022-05-11,Kings,031,150075,51828,51752,3523,55275,447
2022-05-11,Lake,033,64148,10835,10786,898,11684,137
2022-05-11,Lassen,035,31185,8983,8984,877,9861,65
2022-05-11,Los Angeles,037,10098052,2781372,2761410,128372,2889782,31747
2022-05-11,Madera,039,155013,37610,37496,6138,43634,365
2022-05-11,Marin,041,260295,35886,35336,3216,38552,292
2022-05-11,Mariposa,043,17540,2480,2461,219,2680,30
2022-05-11,Mendocino,045,87422,13390,13320,3252,16572,124
2022-05-11,Merced,047,269075,63009,62567,8901,71468,818
2022-05-11,Modoc,049,8938,743,747,254,1001,8
2022-05-11,Mono,051,14174,3012,2999,147,3146,6
2022-05-11,Monterey,053,433212,80977,80534,14495,95029,733
2022-05-11,Napa,055,140530,26894,26660,1061,27721,143
2022-05-11,Nevada,057,99092,16333,16230,1260,17490,127
2022-05-11,Orange,059,3164182,559198,556265,43160,599425,7009
2022-05-11,Placer,061,380077,64361,63823,7574,71397,625
2022-05-11,Plumas,063,18699,3024,2998,367,3365,13
2022-05-11,Riverside,065,2383286,599827,597302,28448,625750,6468
2022-05-11,Sacramento,067,1510023,287718,285799,27316,313115,3020
2022-05-11,San Benito,069,59416,13126,13088,550,13638,98
2022-05-11,San Bernardino,071,2135413,581830,571372,25352,596724,7354
2022-05-11,San Diego,073,3302833,770292,768135,54863,822998,5257
2022-05-11,San Francisco,075,870044,136812,134027,8997,143024,864
2022-05-11,San Joaquin,077,732212,169028,167949,10352,178301,2233
2022-05-11,San Luis Obispo,079,281455,53680,53420,4026,57446,478
2022-05-11,San Mateo,081,765935,130718,128821,7786,136607,711
2022-05-11,Santa Barbara,083,443738,88165,87593,4867,92460,693
2022-05-11,Santa Clara,085,1922200,331453,327177,13515,340692,2294
2022-05-11,Santa Cruz,087,273765,50851,50031,2231,52262,263
2022-05-11,Shasta,089,179085,30865,30768,6132,36900,564
2022-05-11,Sierra,091,2930,275,275,50,325,4
2022-05-11,Siskiyou,093,43540,4499,4478,2762,7240,81
2022-05-11,Solano,095,438530,84442,83464,5837,89301,450
2022-05-11,Sonoma,097,501317,87925,86798,3203,90001,488
2022-05-11,Stanislaus,099,539301,119032,118445,18120,136565,1644
2022-05-11,Sutter,101,95872,20709,20668,2128,22796,225
2022-05-11,Tehama,103,63373,12123,12106,2605,14711,201
2022-05-11,Trinity,105,12862,1190,1188,288,1476,20
2022-05-11,Tulare,107,460477,106941,107068,27958,135026,1468
2022-05-11,Tuolumne,109,53932,12942,12829,594,13423,181
2022-05-11,Ventura,111,848112,176981,175955,10102,186057,1491
2022-05-11,Yolo,113,214977,38803,37654,3178,40832,316
2022-05-11,Yuba,115,75493,16064,15997,1240,17237,122
2022-05-10,Alameda,001,1643700,271110,267982,14867,282849,1853
2022-05-10,Alpine,003,1148,125,125,1,126,0
2022-05-10,Amador,005,37829,8624,8564,670,9234,86
2022-05-10,Butte,007,227075,33664,33339,7114,40453,423
2022-05-10,Calaveras,009,45235,7389,7368,366,7734,120
2022-05-10,Colusa,011,21464,3467,3462,1052,4514,21
2022-05-10,Contra Costa,013,1133247,199649,195153,14213,209366,1302
2022-05-10,Del Norte,015,27424,5955,5911,199,6110,50
2022-05-10,El Dorado,017,186661,27351,27172,3297,30469,212
2022-05-10,Fresno,019,978130,233841,233021,24409,257430,2754
2022-05-10,Glenn,021,27897,5021,5001,1620,6621,48
2022-05-10,Humboldt,023,135768,17804,17585,3242,20827,146
2022-05-10,Imperial,025,180216,55784,55751,10658,66409,917
2022-05-10,Inyo,027,18085,4120,4093,511,4604,56
2022-05-10,Kern,029,883053,193256,192795,46345,239140,2292
2022-05-10,Kings,031,150075,51797,51752,3523,55275,447
2022-05-10,Lake,033,64148,10830,10786,898,11684,137
2022-05-10,Lassen,035,31185,8978,8984,877,9861,65
2022-05-10,Los Angeles,037,10098052,2778076,2761410,128137,2889547,31747
2022-05-10,Madera,039,155013,37577,37496,6125,43621,365
2022-05-10,Marin,041,260295,35773,35336,3173,38509,292
2022-05-10,Mariposa,043,17540,2480,2461,219,2680,30
2022-05-10,Mendocino,045,87422,13378,13320,3239,16559,124
2022-05-10,Merced,047,269075,62964,62567,8882,71449,818
2022-05-10,Modoc,049,8938,743,747,254,1001,8
2022-05-10,Mono,051,14174,3008,2999,144,3143,6
2022-05-10,Monterey,053,433212,80911,80534,14447,94981,733
2022-05-10,Napa,055,140530,26856,26660,1059,27719,143
2022-05-10,Nevada,057,99092,16313,16230,1257,17487,127
2022-05-10,Orange,059,3164182,558493,556265,43068,599333,7009
2022-05-10,Placer,061,380077,64248,63823,7559,71382,625
2022-05-10,Plumas,063,18699,3016,2998,366,3364,13
2022-05-10,Riverside,065,2383286,599402,597302,28419,625721,6468
2022-05-10,Sacramento,067,1510023,287218,285799,27249,313048,3020
2022-05-10,San Benito,069,59416,13109,13088,545,13633,98
2022-05-10,San Bernardino,071,2135413,581472,571372,25326,596698,7354
2022-05-10,San Diego,073,3302833,769274,768135,54741,822876,5257
2022-05-10,San Francisco,075,870044,136263,134027,8970,142997,864
2022-05-10,San Joaquin,077,732212,168871,167949,10290,178239,2233
2022-05-10,San Luis Obispo,079,281455,53604,53420,4001,57421,478
2022-05-10,San Mateo,081,765935,130342,128821,7746,136567,711
2022-05-10,Santa Barbara,083,443738,88049,87593,4852,92445,693
2022-05-10,Santa Clara,085,1922200,330430,327177,13434,340611,2294
2022-05-10,Santa Cruz,087,273765,50725,50031,2220,52251,263
2022-05-10,Shasta,089,179085,30845,30768,6131,36899,564
2022-05-10,Sierra,091,2930,275,275,49,324,4
2022-05-10,Siskiyou,093,43540,4495,4478,2762,7240,81
2022-05-10,Solano,095,438530,84255,83464,5818,89282,450
2022-05-10,Sonoma,097,501317,87685,86798,3165,89963,488
2022-05-10,Stanislaus,099,539301,118938,118445,18100,136545,1644
2022-05-10,Sutter,101,95872,20690,20668,2125,22793,225
2022-05-10,Tehama,103,63373,12120,12106,2598,14704,201
2022-05-10,Trinity,105,12862,1190,1188,288,1476,20
2022-05-10,Tulare,107,460477,106898,107068,27930,134998,1468
2022-05-10,Tuolumne,109,53932,12930,12829,594,13423,181
2022-05-10,Ventura,111,848112,176763,175955,10064,186019,1491
2022-05-10,Yolo,113,214977,38699,37654,3167,40821,316
2022-05-10,Yuba,115,75493,16043,15997,1237,17234,122
2022-05-09,Alameda,001,1643700,270339,267982,14822,282804,1853
2022-05-09,Alpine,003,1148,125,125,1,126,0
2022-05-09,Amador,005,37829,8618,8564,670,9234,86
2022-05-09,Butte,007,227075,33638,33339,7105,40444,423
2022-05-09,Calaveras,009,45235,7383,7368,366,7734,120
2022-05-09,Colusa,011,21464,3465,3462,1050,4512,21
2022-05-09,Contra Costa,013,1133247,199178,195153,14155,209308,1302
2022-05-09,Del Norte,015,27424,5946,5911,198,6109,50
2022-05-09,El Dorado,017,186661,27316,27172,3289,30461,212
2022-05-09,Fresno,019,978130,233682,233021,24386,257407,2754
2022-05-09,Glenn,021,27897,5019,5001,1618,6619,48
2022-05-09,Humboldt,023,135768,17753,17585,3220,20805,146
2022-05-09,Imperial,025,180216,55751,55751,10645,66396,917
2022-05-09,Inyo,027,18085,4117,4093,508,4601,56
2022-05-09,Kern,029,883053,193159,192795,46288,239083,2292
2022-05-09,Kings,031,150075,51766,51752,3522,55274,447
2022-05-09,Lake,033,64148,10822,10786,897,11683,137
2022-05-09,Lassen,035,31185,8976,8984,877,9861,65
2022-05-09,Los Angeles,037,10098052,2774716,2761410,127894,2889304,31747
2022-05-09,Madera,039,155013,37545,37496,6116,43612,365
2022-05-09,Marin,041,260295,35656,35336,3138,38474,292
2022-05-09,Mariposa,043,17540,2475,2461,219,2680,30
2022-05-09,Mendocino,045,87422,13367,13320,3228,16548,124
2022-05-09,Merced,047,269075,62923,62567,8863,71430,818
2022-05-09,Modoc,049,8938,743,747,254,1001,8
2022-05-09,Mono,051,14174,3006,2999,142,3141,6
2022-05-09,Monterey,053,433212,80819,80534,14394,94928,733
2022-05-09,Napa,055,140530,26806,26660,1057,27717,143
2022-05-09,Nevada,057,99092,16285,16230,1251,17481,127
2022-05-09,Orange,059,3164182,557824,556265,42986,599251,7009
2022-05-09,Placer,061,380077,64187,63823,7543,71366,625
2022-05-09,Plumas,063,18699,3007,2998,366,3364,13
2022-05-09,Riverside,065,2383286,598912,597302,28383,625685,6468
2022-05-09,Sacramento,067,1510023,286789,285799,27177,312976,3020
2022-05-09,San Benito,069,59416,13090,13088,543,13631,98
2022-05-09,San Bernardino,071,2135413,581141,571372,25315,596687,7354
2022-05-09,San Diego,073,3302833,768295,768135,54599,822734,5257
2022-05-09,San Francisco,075,870044,135708,134027,8946,142973,864
2022-05-09,San Joaquin,077,732212,168688,167949,10268,178217,2233
2022-05-09,San Luis Obispo,079,281455,53551,53420,3980,57400,478
2022-05-09,San Mateo,081,765935,129915,128821,7708,136529,711
2022-05-09,Santa Barbara,083,443738,87919,87593,4841,92434,693
2022-05-09,Santa Clara,085,1922200,329298,327177,13371,340548,2294
2022-05-09,Santa Cruz,087,273765,50584,50031,2212,52243,263
2022-05-09,Shasta,089,179085,30832,30768,6129,36897,564
2022-05-09,Sierra,091,2930,275,275,49,324,4
2022-05-09,Siskiyou,093,43540,4493,4478,2762,7240,81
2022-05-09,Solano,095,438530,84098,83464,5805,89269,450
2022-05-09,Sonoma,097,501317,87425,86798,3139,89937,488
2022-05-09,Stanislaus,099,539301,118842,118445,18082,136527,1644
2022-05-09,Sutter,101,95872,20677,20668,2124,22792,225
2022-05-09,Tehama,103,63373,12118,12106,2596,14702,201
2022-05-09,Trinity,105,12862,1190,1188,288,1476,20
2022-05-09,Tulare,107,460477,106851,107068,27893,134961,1468
2022-05-09,Tuolumne,109,53932,12922,12829,594,13423,181
2022-05-09,Ventura,111,848112,176546,175955,10015,185970,1491
2022-05-09,Yolo,113,214977,38590,37654,3158,40812,316
2022-05-09,Yuba,115,75493,16034,15997,1236,17233,122
2022-05-08,Alameda,001,1643700,269446,265198,14754,279952,1855
2022-05-08,Alpine,003,1148,125,125,1,126,0
2022-05-08,Amador,005,37829,8607,8556,667,9223,86
2022-05-08,Butte,007,227075,33616,33269,7094,40363,421
2022-05-08,Calaveras,009,45235,7376,7353,365,7718,120
2022-05-08,Colusa,011,21464,3464,3459,1050,4509,21
2022-05-08,Contra Costa,013,1133247,198663,193961,14074,208035,1302
2022-05-08,Del Norte,015,27424,5930,5884,198,6082,50
2022-05-08,El Dorado,017,186661,27278,27081,3284,30365,210
2022-05-08,Fresno,019,978130,233516,232655,24363,257018,2754
2022-05-08,Glenn,021,27897,5017,4996,1618,6614,48
2022-05-08,Humboldt,023,135768,17700,17410,3181,20591,146
2022-05-08,Imperial,025,180216,55717,55683,10636,66319,917
2022-05-08,Inyo,027,18085,4110,4087,508,4595,56
2022-05-08,Kern,029,883053,193065,192590,46242,238832,2287
2022-05-08,Kings,031,150075,51749,51702,3522,55224,447
2022-05-08,Lake,033,64148,10815,10766,897,11663,137
2022-05-08,Lassen,035,31185,8972,8978,877,9855,65
2022-05-08,Los Angeles,037,10098052,2771131,2751478,127605,2879083,31738
2022-05-08,Madera,039,155013,37523,37420,6097,43517,365
2022-05-08,Marin,041,260295,35531,34934,3091,38025,292
2022-05-08,Mariposa,043,17540,2468,2438,218,2656,30
2022-05-08,Mendocino,045,87422,13348,13270,3202,16472,124
2022-05-08,Merced,047,269075,62874,62471,8834,71305,818
2022-05-08,Modoc,049,8938,743,745,254,999,8
2022-05-08,Mono,051,14174,3005,2997,140,3137,6
2022-05-08,Monterey,053,433212,80726,80246,14312,94558,733
2022-05-08,Napa,055,140530,26765,26524,1054,27578,143
2022-05-08,Nevada,057,99092,16261,16171,1249,17420,127
2022-05-08,Orange,059,3164182,557146,554411,42883,597294,7007
2022-05-08,Placer,061,380077,64070,63577,7516,71093,625
2022-05-08,Plumas,063,18699,3003,2996,366,3362,13
2022-05-08,Riverside,065,2383286,598425,596022,28347,624369,6467
2022-05-08,Sacramento,067,1510023,286281,284564,27105,311669,3016
2022-05-08,San Benito,069,59416,13075,13047,540,13587,98
2022-05-08,San Bernardino,071,2135413,580709,570381,25280,595661,7306
2022-05-08,San Diego,073,3302833,767265,765377,54495,819872,5244
2022-05-08,San Francisco,075,870044,135056,132659,8916,141575,861
2022-05-08,San Joaquin,077,732212,168500,167568,10235,177803,2229
2022-05-08,San Luis Obispo,079,281455,53480,53273,3960,57233,477
2022-05-08,San Mateo,081,765935,129454,127615,7654,135269,709
2022-05-08,Santa Barbara,083,443738,87785,87305,4832,92137,692
2022-05-08,Santa Clara,085,1922200,328231,324946,13297,338243,2287
2022-05-08,Santa Cruz,087,273765,50404,49605,2208,51813,262
2022-05-08,Shasta,089,179085,30804,30721,6125,36846,563
2022-05-08,Sierra,091,2930,275,275,49,324,4
2022-05-08,Siskiyou,093,43540,4490,4470,2757,7227,81
2022-05-08,Solano,095,438530,83927,83038,5780,88818,450
2022-05-08,Sonoma,097,501317,87206,86150,3104,89254,488
2022-05-08,Stanislaus,099,539301,118734,118235,18057,136292,1643
2022-05-08,Sutter,101,95872,20656,20694,2120,22814,225
2022-05-08,Tehama,103,63373,12112,12098,2593,14691,201
2022-05-08,Trinity,105,12862,1189,1180,288,1468,20
2022-05-08,Tulare,107,460477,106811,106987,27858,134845,1468
2022-05-08,Tuolumne,109,53932,12909,12793,590,13383,181
2022-05-08,Ventura,111,848112,176309,175454,9969,185423,1491
2022-05-08,Yolo,113,214977,38484,37456,3144,40600,315
2022-05-08,Yuba,115,75493,16012,15964,1232,17196,122
2022-05-07,Alameda,001,1643700,269070,265198,14736,279934,1855
2022-05-07,Alpine,003,1148,125,125,1,126,0
2022-05-07,Amador,005,37829,8605,8556,667,9223,86
2022-05-07,Butte,007,227075,33608,33269,7088,40357,421
2022-05-07,Calaveras,009,45235,7369,7353,365,7718,120
2022-05-07,Colusa,011,21464,3464,3459,1050,4509,21
2022-05-07,Contra Costa,013,1133247,198421,193961,14057,208018,1302
2022-05-07,Del Norte,015,27424,5928,5884,198,6082,50
2022-05-07,El Dorado,017,186661,27260,27081,3283,30364,210
2022-05-07,Fresno,019,978130,233460,232655,24356,257011,2754
2022-05-07,Glenn,021,27897,5016,4996,1618,6614,48
2022-05-07,Humboldt,023,135768,17672,17410,3173,20583,146
2022-05-07,Imperial,025,180216,55694,55683,10630,66313,917
2022-05-07,Inyo,027,18085,4107,4087,508,4595,56
2022-05-07,Kern,029,883053,193030,192590,46221,238811,2287
2022-05-07,Kings,031,150075,51738,51702,3522,55224,447
2022-05-07,Lake,033,64148,10811,10766,897,11663,137
2022-05-07,Lassen,035,31185,8972,8978,877,9855,65
2022-05-07,Los Angeles,037,10098052,2769538,2751478,127436,2878914,31738
2022-05-07,Madera,039,155013,37516,37420,6097,43517,365
2022-05-07,Marin,041,260295,35457,34934,3059,37993,292
2022-05-07,Mariposa,043,17540,2465,2438,218,2656,30
2022-05-07,Mendocino,045,87422,13339,13270,3199,16469,124
2022-05-07,Merced,047,269075,62861,62471,8834,71305,818
2022-05-07,Modoc,049,8938,743,745,254,999,8
2022-05-07,Mono,051,14174,3004,2997,139,3136,6
2022-05-07,Monterey,053,433212,80666,80246,14286,94532,733
2022-05-07,Napa,055,140530,26735,26524,1053,27577,143
2022-05-07,Nevada,057,99092,16251,16171,1244,17415,127
2022-05-07,Orange,059,3164182,556819,554411,42830,597241,7007
2022-05-07,Placer,061,380077,64006,63577,7508,71085,625
2022-05-07,Plumas,063,18699,3003,2996,365,3361,13
2022-05-07,Riverside,065,2383286,598170,596022,28320,624342,6467
2022-05-07,Sacramento,067,1510023,286087,284564,27092,311656,3016
2022-05-07,San Benito,069,59416,13066,13047,535,13582,98
2022-05-07,San Bernardino,071,2135413,580496,570381,25275,595656,7306
2022-05-07,San Diego,073,3302833,766779,765377,54464,819841,5244
2022-05-07,San Francisco,075,870044,134728,132659,8896,141555,861
2022-05-07,San Joaquin,077,732212,168395,167568,10226,177794,2229
2022-05-07,San Luis Obispo,079,281455,53468,53273,3949,57222,477
2022-05-07,San Mateo,081,765935,129170,127615,7632,135247,709
2022-05-07,Santa Barbara,083,443738,87705,87305,4829,92134,692
2022-05-07,Santa Clara,085,1922200,327611,324946,13267,338213,2287
2022-05-07,Santa Cruz,087,273765,50351,49605,2198,51803,262
2022-05-07,Shasta,089,179085,30796,30721,6125,36846,563
2022-05-07,Sierra,091,2930,275,275,49,324,4
2022-05-07,Siskiyou,093,43540,4488,4470,2757,7227,81
2022-05-07,Solano,095,438530,83870,83038,5775,88813,450
2022-05-07,Sonoma,097,501317,87081,86150,3095,89245,488
2022-05-07,Stanislaus,099,539301,118687,118235,18048,136283,1643
2022-05-07,Sutter,101,95872,20647,20694,2120,22814,225
2022-05-07,Tehama,103,63373,12110,12098,2592,14690,201
2022-05-07,Trinity,105,12862,1189,1180,288,1468,20
2022-05-07,Tulare,107,460477,106787,106987,27846,134833,1468
2022-05-07,Tuolumne,109,53932,12902,12793,590,13383,181
2022-05-07,Ventura,111,848112,176198,175454,9945,185399,1491
2022-05-07,Yolo,113,214977,38439,37456,3142,40598,315
2022-05-07,Yuba,115,75493,16003,15964,1232,17196,122
2022-05-06,Alameda,001,1643700,268686,265198,14715,279913,1855
2022-05-06,Alpine,003,1148,125,125,1,126,0
2022-05-06,Amador,005,37829,8604,8556,666,9222,86
2022-05-06,Butte,007,227075,33599,33269,7085,40354,421
2022-05-06,Calaveras,009,45235,7367,7353,365,7718,120
2022-05-06,Colusa,011,21464,3464,3459,1050,4509,21
2022-05-06,Contra Costa,013,1133247,198189,193961,14045,208006,1302
2022-05-06,Del Norte,015,27424,5918,5884,198,6082,50
2022-05-06,El Dorado,017,186661,27235,27081,3281,30362,210
2022-05-06,Fresno,019,978130,233384,232655,24347,257002,2754
2022-05-06,Glenn,021,27897,5016,4996,1618,6614,48
2022-05-06,Humboldt,023,135768,17645,17410,3166,20576,146
2022-05-06,Imperial,025,180216,55685,55683,10627,66310,917
2022-05-06,Inyo,027,18085,4098,4087,505,4592,56
2022-05-06,Kern,029,883053,192978,192590,46192,238782,2287
2022-05-06,Kings,031,150075,51730,51702,3522,55224,447
2022-05-06,Lake,033,64148,10809,10766,897,11663,137
2022-05-06,Lassen,035,31185,8972,8978,877,9855,65
2022-05-06,Los Angeles,037,10098052,2767712,2751478,127289,2878767,31738
2022-05-06,Madera,039,155013,37502,37420,6094,43514,365
2022-05-06,Marin,041,260295,35379,34934,3013,37947,292
2022-05-06,Mariposa,043,17540,2464,2438,211,2649,30
2022-05-06,Mendocino,045,87422,13327,13270,3197,16467,124
2022-05-06,Merced,047,269075,62844,62471,8833,71304,818
2022-05-06,Modoc,049,8938,743,745,254,999,8
2022-05-06,Mono,051,14174,3003,2997,139,3136,6
2022-05-06,Monterey,053,433212,80627,80246,14249,94495,733
2022-05-06,Napa,055,140530,26718,26524,1053,27577,143
2022-05-06,Nevada,057,99092,16239,16171,1242,17413,127
2022-05-06,Orange,059,3164182,556475,554411,42764,597175,7007
2022-05-06,Placer,061,380077,63945,63577,7496,71073,625
2022-05-06,Plumas,063,18699,3001,2996,365,3361,13
2022-05-06,Riverside,065,2383286,597942,596022,28300,624322,6467
2022-05-06,Sacramento,067,1510023,285831,284564,27072,311636,3016
2022-05-06,San Benito,069,59416,13062,13047,535,13582,98
2022-05-06,San Bernardino,071,2135413,580319,570381,25269,595650,7306
2022-05-06,San Diego,073,3302833,766269,765377,54427,819804,5244
2022-05-06,San Francisco,075,870044,134401,132659,8875,141534,861
2022-05-06,San Joaquin,077,732212,168306,167568,10214,177782,2229
2022-05-06,San Luis Obispo,079,281455,53442,53273,3944,57217,477
2022-05-06,San Mateo,081,765935,128944,127615,7623,135238,709
2022-05-06,Santa Barbara,083,443738,87651,87305,4827,92132,692
2022-05-06,Santa Clara,085,1922200,327022,324946,13252,338198,2287
2022-05-06,Santa Cruz,087,273765,50286,49605,2194,51799,262
2022-05-06,Shasta,089,179085,30790,30721,6124,36845,563
2022-05-06,Sierra,091,2930,275,275,49,324,4
2022-05-06,Siskiyou,093,43540,4486,4470,2755,7225,81
2022-05-06,Solano,095,438530,83780,83038,5767,88805,450
2022-05-06,Sonoma,097,501317,86959,86150,3080,89230,488
2022-05-06,Stanislaus,099,539301,118630,118235,18041,136276,1643
2022-05-06,Sutter,101,95872,20641,20694,2120,22814,225
2022-05-06,Tehama,103,63373,12105,12098,2592,14690,201
2022-05-06,Trinity,105,12862,1188,1180,288,1468,20
2022-05-06,Tulare,107,460477,106768,106987,27835,134822,1468
2022-05-06,Tuolumne,109,53932,12895,12793,589,13382,181
2022-05-06,Ventura,111,848112,176082,175454,9915,185369,1491
2022-05-06,Yolo,113,214977,38392,37456,3138,40594,315
2022-05-06,Yuba,115,75493,15992,15964,1231,17195,122
2022-05-05,Alameda,001,1643700,268099,265198,14670,279868,1855
2022-05-05,Alpine,003,1148,125,125,1,126,0
2022-05-05,Amador,005,37829,8602,8556,665,9221,86
2022-05-05,Butte,007,227075,33580,33269,7078,40347,421
2022-05-05,Calaveras,009,45235,7363,7353,363,7716,120
2022-05-05,Colusa,011,21464,3464,3459,1047,4506,21
2022-05-05,Contra Costa,013,1133247,197795,193961,14001,207962,1302
2022-05-05,Del Norte,015,27424,5917,5884,198,6082,50
2022-05-05,El Dorado,017,186661,27210,27081,3274,30355,210
2022-05-05,Fresno,019,978130,233283,232655,24324,256979,2754
2022-05-05,Glenn,021,27897,5016,4996,1618,6614,48
2022-05-05,Humboldt,023,135768,17607,17410,3152,20562,146
2022-05-05,Imperial,025,180216,55678,55683,10616,66299,917
2022-05-05,Inyo,027,18085,4094,4087,504,4591,56
2022-05-05,Kern,029,883053,192920,192590,46154,238744,2287
2022-05-05,Kings,031,150075,51722,51702,3522,55224,447
2022-05-05,Lake,033,64148,10805,10766,897,11663,137
2022-05-05,Lassen,035,31185,8972,8978,877,9855,65
2022-05-05,Los Angeles,037,10098052,2765124,2751478,127065,2878543,31738
2022-05-05,Madera,039,155013,37485,37420,6089,43509,365
2022-05-05,Marin,041,260295,35270,34934,2991,37925,292
2022-05-05,Mariposa,043,17540,2462,2438,210,2648,30
2022-05-05,Mendocino,045,87422,13316,13270,3189,16459,124
2022-05-05,Merced,047,269075,62811,62471,8829,71300,818
2022-05-05,Modoc,049,8938,743,745,252,997,8
2022-05-05,Mono,051,14174,3002,2997,138,3135,6
2022-05-05,Monterey,053,433212,80572,80246,14220,94466,733
2022-05-05,Napa,055,140530,26685,26524,1052,27576,143
2022-05-05,Nevada,057,99092,16229,16171,1239,17410,127
2022-05-05,Orange,059,3164182,555966,554411,42706,597117,7007
2022-05-05,Placer,061,380077,63884,63577,7487,71064,625
2022-05-05,Plumas,063,18699,3000,2996,365,3361,13
2022-05-05,Riverside,065,2383286,597605,596022,28273,624295,6467
2022-05-05,Sacramento,067,1510023,285496,284564,27019,311583,3016
2022-05-05,San Benito,069,59416,13051,13047,533,13580,98
2022-05-05,San Bernardino,071,2135413,580029,570381,25253,595634,7306
2022-05-05,San Diego,073,3302833,765528,765377,54357,819734,5244
2022-05-05,San Francisco,075,870044,133985,132659,8841,141500,861
2022-05-05,San Joaquin,077,732212,168215,167568,10186,177754,2229
2022-05-05,San Luis Obispo,079,281455,53406,53273,3929,57202,477
2022-05-05,San Mateo,081,765935,128607,127615,7598,135213,709
2022-05-05,Santa Barbara,083,443738,87576,87305,4822,92127,692
2022-05-05,Santa Clara,085,1922200,326229,324946,13190,338136,2287
2022-05-05,Santa Cruz,087,273765,50188,49605,2190,51795,262
2022-05-05,Shasta,089,179085,30780,30721,6122,36843,563
2022-05-05,Sierra,091,2930,275,275,49,324,4
2022-05-05,Siskiyou,093,43540,4484,4470,2755,7225,81
2022-05-05,Solano,095,438530,83659,83038,5749,88787,450
2022-05-05,Sonoma,097,501317,86786,86150,3062,89212,488
2022-05-05,Stanislaus,099,539301,118572,118235,18027,136262,1643
2022-05-05,Sutter,101,95872,20639,20694,2118,22812,225
2022-05-05,Tehama,103,63373,12101,12098,2590,14688,201
2022-05-05,Trinity,105,12862,1188,1180,288,1468,20
2022-05-05,Tulare,107,460477,106738,106987,27817,134804,1468
2022-05-05,Tuolumne,109,53932,12877,12793,586,13379,181
2022-05-05,Ventura,111,848112,175895,175454,9872,185326,1491
2022-05-05,Yolo,113,214977,38321,37456,3127,40583,315
2022-05-05,Yuba,115,75493,15982,15964,1228,17192,122
2022-05-04,Alameda,001,1643700,267437,263736,14628,278364,1850
2022-05-04,Alpine,003,1148,125,124,1,125,0
2022-05-04,Amador,005,37829,8599,8546,664,9210,86
2022-05-04,Butte,007,227075,33563,33220,7073,40293,417
2022-05-04,Calaveras,009,45235,7358,7344,363,7707,120
2022-05-04,Colusa,011,21464,3463,3460,1047,4507,21
2022-05-04,Contra Costa,013,1133247,197428,193175,13946,207121,1302
2022-05-04,Del Norte,015,27424,5909,5866,198,6064,50
2022-05-04,El Dorado,017,186661,27185,27021,3267,30288,210
2022-05-04,Fresno,019,978130,233166,232332,24313,256645,2751
2022-05-04,Glenn,021,27897,5014,4995,1618,6613,48
2022-05-04,Humboldt,023,135768,17567,17316,3142,20458,146
2022-05-04,Imperial,025,180216,55655,55548,10608,66156,910
2022-05-04,Inyo,027,18085,4094,4085,501,4586,56
2022-05-04,Kern,029,883053,192855,192432,46118,238550,2281
2022-05-04,Kings,031,150075,51704,51663,3521,55184,447
2022-05-04,Lake,033,64148,10800,10758,897,11655,137
2022-05-04,Lassen,035,31185,8971,8972,875,9847,65
2022-05-04,Los Angeles,037,10098052,2762343,2744894,126874,2871768,31722
2022-05-04,Madera,039,155013,37461,37395,6084,43479,365
2022-05-04,Marin,041,260295,35183,34727,2969,37696,291
2022-05-04,Mariposa,043,17540,2456,2435,205,2640,30
2022-05-04,Mendocino,045,87422,13308,13247,3181,16428,123
2022-05-04,Merced,047,269075,62784,62419,8818,71237,818
2022-05-04,Modoc,049,8938,743,746,252,998,8
2022-05-04,Mono,051,14174,3001,2993,135,3128,6
2022-05-04,Monterey,053,433212,80510,80038,14196,94234,732
2022-05-04,Napa,055,140530,26648,26434,1049,27483,143
2022-05-04,Nevada,057,99092,16213,16136,1235,17371,127
2022-05-04,Orange,059,3164182,555382,553177,42631,595808,7006
2022-05-04,Placer,061,380077,63801,63410,7481,70891,625
2022-05-04,Plumas,063,18699,2998,2947,365,3312,13
2022-05-04,Riverside,065,2383286,597270,594981,28247,623228,6457
2022-05-04,Sacramento,067,1510023,285167,283939,26983,310922,3013
2022-05-04,San Benito,069,59416,13042,13019,527,13546,98
2022-05-04,San Bernardino,071,2135413,579767,569570,25240,594810,7240
2022-05-04,San Diego,073,3302833,764780,763453,54264,817717,5239
2022-05-04,San Francisco,075,870044,133578,131599,8819,140418,860
2022-05-04,San Joaquin,077,732212,168112,167280,10158,177438,2225
2022-05-04,San Luis Obispo,079,281455,53362,53156,3918,57074,477
2022-05-04,San Mateo,081,765935,128284,126800,7563,134363,710
2022-05-04,Santa Barbara,083,443738,87471,87058,4807,91865,688
2022-05-04,Santa Clara,085,1922200,325423,322805,13137,335942,2285
2022-05-04,Santa Cruz,087,273765,50073,49230,2187,51417,262
2022-05-04,Shasta,089,179085,30764,30681,6120,36801,556
2022-05-04,Sierra,091,2930,275,275,49,324,4
2022-05-04,Siskiyou,093,43540,4480,4463,2753,7216,81
2022-05-04,Solano,095,438530,83513,82796,5739,88535,449
2022-05-04,Sonoma,097,501317,86610,85694,3037,88731,488
2022-05-04,Stanislaus,099,539301,118509,118123,18016,136139,1643
2022-05-04,Sutter,101,95872,20628,20672,2116,22788,224
2022-05-04,Tehama,103,63373,12099,12090,2585,14675,201
2022-05-04,Trinity,105,12862,1188,1180,288,1468,20
2022-05-04,Tulare,107,460477,106720,106935,27802,134737,1464
2022-05-04,Tuolumne,109,53932,12870,12757,584,13341,181
2022-05-04,Ventura,111,848112,175727,175066,9830,184896,1486
2022-05-04,Yolo,113,214977,38245,37344,3122,40466,315
2022-05-04,Yuba,115,75493,15973,15940,1225,17165,122
2022-05-03,Alameda,001,1643700,266822,263736,14585,278321,1850
2022-05-03,Alpine,003,1148,125,124,1,125,0
2022-05-03,Amador,005,37829,8596,8546,663,9209,86
2022-05-03,Butte,007,227075,33547,33220,7068,40288,417
2022-05-03,Calaveras,009,45235,7351,7344,363,7707,120
2022-05-03,Colusa,011,21464,3462,3460,1047,4507,21
2022-05-03,Contra Costa,013,1133247,197035,193175,13903,207078,1302
2022-05-03,Del Norte,015,27424,5902,5866,196,6062,50
2022-05-03,El Dorado,017,186661,27163,27021,3263,30284,210
2022-05-03,Fresno,019,978130,233054,232332,24294,256626,2751
2022-05-03,Glenn,021,27897,5013,4995,1616,6611,48
2022-05-03,Humboldt,023,135768,17531,17316,3123,20439,146
2022-05-03,Imperial,025,180216,55634,55548,10602,66150,910
2022-05-03,Inyo,027,18085,4092,4085,501,4586,56
2022-05-03,Kern,029,883053,192777,192432,46086,238518,2281
2022-05-03,Kings,031,150075,51692,51663,3521,55184,447
2022-05-03,Lake,033,64148,10796,10758,896,11654,137
2022-05-03,Lassen,035,31185,8971,8972,875,9847,65
2022-05-03,Los Angeles,037,10098052,2759279,2744894,126643,2871537,31722
2022-05-03,Madera,039,155013,37430,37395,6079,43474,365
2022-05-03,Marin,041,260295,35073,34727,2946,37673,291
2022-05-03,Mariposa,043,17540,2448,2435,205,2640,30
2022-05-03,Mendocino,045,87422,13293,13247,3163,16410,123
2022-05-03,Merced,047,269075,62756,62419,8794,71213,818
2022-05-03,Modoc,049,8938,742,746,252,998,8
2022-05-03,Mono,051,14174,2999,2993,134,3127,6
2022-05-03,Monterey,053,433212,80458,80038,14162,94200,732
2022-05-03,Napa,055,140530,26613,26434,1042,27476,143
2022-05-03,Nevada,057,99092,16202,16136,1235,17371,127
2022-05-03,Orange,059,3164182,554861,553177,42553,595730,7006
2022-05-03,Placer,061,380077,63707,63410,7467,70877,625
2022-05-03,Plumas,063,18699,2994,2947,365,3312,13
2022-05-03,Riverside,065,2383286,596904,594981,28223,623204,6457
2022-05-03,Sacramento,067,1510023,284855,283939,26932,310871,3013
2022-05-03,San Benito,069,59416,13029,13019,524,13543,98
2022-05-03,San Bernardino,071,2135413,579498,569570,25228,594798,7240
2022-05-03,San Diego,073,3302833,763935,763453,54164,817617,5239
2022-05-03,San Francisco,075,870044,133103,131599,8789,140388,860
2022-05-03,San Joaquin,077,732212,168029,167280,10132,177412,2225
2022-05-03,San Luis Obispo,079,281455,53315,53156,3909,57065,477
2022-05-03,San Mateo,081,765935,127940,126800,7526,134326,710
2022-05-03,Santa Barbara,083,443738,87382,87058,4805,91863,688
2022-05-03,Santa Clara,085,1922200,324607,322805,13087,335892,2285
2022-05-03,Santa Cruz,087,273765,49981,49230,2181,51411,262
2022-05-03,Shasta,089,179085,30745,30681,6119,36800,556
2022-05-03,Sierra,091,2930,275,275,49,324,4
2022-05-03,Siskiyou,093,43540,4479,4463,2753,7216,81
2022-05-03,Solano,095,438530,83324,82796,5727,88523,449
2022-05-03,Sonoma,097,501317,86429,85694,3013,88707,488
2022-05-03,Stanislaus,099,539301,118455,118123,18003,136126,1643
2022-05-03,Sutter,101,95872,20623,20672,2114,22786,224
2022-05-03,Tehama,103,63373,12095,12090,2584,14674,201
2022-05-03,Trinity,105,12862,1187,1180,288,1468,20
2022-05-03,Tulare,107,460477,106691,106935,27788,134723,1464
2022-05-03,Tuolumne,109,53932,12857,12757,584,13341,181
2022-05-03,Ventura,111,848112,175558,175066,9787,184853,1486
2022-05-03,Yolo,113,214977,38176,37344,3121,40465,315
2022-05-03,Yuba,115,75493,15962,15940,1217,17157,122
2022-05-02,Alameda,001,1643700,266191,263736,14540,278276,1850
2022-05-02,Alpine,003,1148,125,124,1,125,0
2022-05-02,Amador,005,37829,8593,8546,660,9206,86
2022-05-02,Butte,007,227075,33524,33220,7065,40285,417
2022-05-02,Calaveras,009,45235,7350,7344,362,7706,120
2022-05-02,Colusa,011,21464,3462,3460,1047,4507,21
2022-05-02,Contra Costa,013,1133247,196661,193175,13865,207040,1302
2022-05-02,Del Norte,015,27424,5897,5866,191,6057,50
2022-05-02,El Dorado,017,186661,27140,27021,3257,30278,210
2022-05-02,Fresno,019,978130,232943,232332,24265,256597,2751
2022-05-02,Glenn,021,27897,5011,4995,1616,6611,48
2022-05-02,Humboldt,023,135768,17480,17316,3109,20425,146
2022-05-02,Imperial,025,180216,55621,55548,10595,66143,910
2022-05-02,Inyo,027,18085,4091,4085,499,4584,56
2022-05-02,Kern,029,883053,192693,192432,46057,238489,2281
2022-05-02,Kings,031,150075,51675,51663,3521,55184,447
2022-05-02,Lake,033,64148,10792,10758,896,11654,137
2022-05-02,Lassen,035,31185,8970,8972,875,9847,65
2022-05-02,Los Angeles,037,10098052,2756236,2744894,126429,2871323,31722
2022-05-02,Madera,039,155013,37413,37395,6072,43467,365
2022-05-02,Marin,041,260295,34948,34727,2923,37650,291
2022-05-02,Mariposa,043,17540,2443,2435,205,2640,30
2022-05-02,Mendocino,045,87422,13275,13247,3150,16397,123
2022-05-02,Merced,047,269075,62724,62419,8787,71206,818
2022-05-02,Modoc,049,8938,741,746,252,998,8
2022-05-02,Mono,051,14174,2997,2993,133,3126,6
2022-05-02,Monterey,053,433212,80380,80038,14121,94159,732
2022-05-02,Napa,055,140530,26574,26434,1040,27474,143
2022-05-02,Nevada,057,99092,16184,16136,1233,17369,127
2022-05-02,Orange,059,3164182,554320,553177,42458,595635,7006
2022-05-02,Placer,061,380077,63650,63410,7460,70870,625
2022-05-02,Plumas,063,18699,2994,2947,365,3312,13
2022-05-02,Riverside,065,2383286,596513,594981,28196,623177,6457
2022-05-02,Sacramento,067,1510023,284549,283939,26892,310831,3013
2022-05-02,San Benito,069,59416,13017,13019,524,13543,98
2022-05-02,San Bernardino,071,2135413,579210,569570,25209,594779,7240
2022-05-02,San Diego,073,3302833,763070,763453,54068,817521,5239
2022-05-02,San Francisco,075,870044,132669,131599,8762,140361,860
2022-05-02,San Joaquin,077,732212,167913,167280,10121,177401,2225
2022-05-02,San Luis Obispo,079,281455,53262,53156,3900,57056,477
2022-05-02,San Mateo,081,765935,127617,126800,7511,134311,710
2022-05-02,Santa Barbara,083,443738,87281,87058,4801,91859,688
2022-05-02,Santa Clara,085,1922200,323696,322805,13040,335845,2285
2022-05-02,Santa Cruz,087,273765,49855,49230,2177,51407,262
2022-05-02,Shasta,089,179085,30726,30681,6118,36799,556
2022-05-02,Sierra,091,2930,275,275,49,324,4
2022-05-02,Siskiyou,093,43540,4476,4463,2751,7214,81
2022-05-02,Solano,095,438530,83184,82796,5717,88513,449
2022-05-02,Sonoma,097,501317,86246,85694,2992,88686,488
2022-05-02,Stanislaus,099,539301,118382,118123,17989,136112,1643
2022-05-02,Sutter,101,95872,20616,20672,2111,22783,224
2022-05-02,Tehama,103,63373,12090,12090,2581,14671,201
2022-05-02,Trinity,105,12862,1186,1180,288,1468,20
2022-05-02,Tulare,107,460477,106669,106935,27772,134707,1464
2022-05-02,Tuolumne,109,53932,12851,12757,584,13341,181
2022-05-02,Ventura,111,848112,175395,175066,9755,184821,1486
2022-05-02,Yolo,113,214977,38097,37344,3115,40459,315
2022-05-02,Yuba,115,75493,15957,15940,1215,17155,122
2022-05-01,Alameda,001,1643700,265489,262027,14490,276517,1851
2022-05-01,Alpine,003,1148,125,124,1,125,0
2022-05-01,Amador,005,37829,8593,8533,660,9193,86
2022-05-01,Butte,007,227075,33497,33172,7060,40232,418
2022-05-01,Calaveras,009,45235,7346,7328,356,7684,120
2022-05-01,Colusa,011,21464,3462,3457,1047,4504,21
2022-05-01,Contra Costa,013,1133247,196276,192136,13794,205930,1301
2022-05-01,Del Norte,015,27424,5889,5841,191,6032,50
2022-05-01,El Dorado,017,186661,27108,26946,3253,30199,210
2022-05-01,Fresno,019,978130,232838,232067,24245,256312,2748
2022-05-01,Glenn,021,27897,5011,4995,1616,6611,48
2022-05-01,Humboldt,023,135768,17416,17194,3084,20278,145
2022-05-01,Imperial,025,180216,55597,55503,10592,66095,910
2022-05-01,Inyo,027,18085,4090,4084,498,4582,56
2022-05-01,Kern,029,883053,192630,192250,46011,238261,2265
2022-05-01,Kings,031,150075,51654,51640,3517,55157,447
2022-05-01,Lake,033,64148,10785,10742,894,11636,137
2022-05-01,Lassen,035,31185,8970,8966,875,9841,65
2022-05-01,Los Angeles,037,10098052,2753222,2736900,126194,2863094,31712
2022-05-01,Madera,039,155013,37395,37360,6061,43421,365
2022-05-01,Marin,041,260295,34861,34519,2890,37409,291
2022-05-01,Mariposa,043,17540,2442,2430,205,2635,30
2022-05-01,Mendocino,045,87422,13256,13219,3134,16353,123
2022-05-01,Merced,047,269075,62692,62357,8771,71128,818
2022-05-01,Modoc,049,8938,741,745,252,997,8
2022-05-01,Mono,051,14174,2994,2989,131,3120,6
2022-05-01,Monterey,053,433212,80301,79881,14079,93960,731
2022-05-01,Napa,055,140530,26529,26319,1036,27355,143
2022-05-01,Nevada,057,99092,16165,16100,1232,17332,127
2022-05-01,Orange,059,3164182,553768,551822,42360,594182,6998
2022-05-01,Placer,061,380077,63577,63273,7446,70719,625
2022-05-01,Plumas,063,18699,2993,2946,365,3311,13
2022-05-01,Riverside,065,2383286,596055,593965,28162,622127,6457
2022-05-01,Sacramento,067,1510023,284218,283048,26831,309879,3007
2022-05-01,San Benito,069,59416,13009,12988,524,13512,98
2022-05-01,San Bernardino,071,2135413,578891,568758,25192,593950,7191
2022-05-01,San Diego,073,3302833,762188,761253,53976,815229,5238
2022-05-01,San Francisco,075,870044,132177,130241,8733,138974,860
2022-05-01,San Joaquin,077,732212,167769,167028,10091,177119,2225
2022-05-01,San Luis Obispo,079,281455,53190,53040,3884,56924,477
2022-05-01,San Mateo,081,765935,127251,125807,7472,133279,705
2022-05-01,Santa Barbara,083,443738,87177,86768,4791,91559,688
2022-05-01,Santa Clara,085,1922200,322758,320709,12987,333696,2281
2022-05-01,Santa Cruz,087,273765,49703,48798,2169,50967,262
2022-05-01,Shasta,089,179085,30710,30649,6116,36765,554
2022-05-01,Sierra,091,2930,275,274,49,323,4
2022-05-01,Siskiyou,093,43540,4475,4458,2745,7203,81
2022-05-01,Solano,095,438530,83052,82459,5702,88161,449
2022-05-01,Sonoma,097,501317,86026,85290,2964,88254,488
2022-05-01,Stanislaus,099,539301,118327,117943,17973,135916,1643
2022-05-01,Sutter,101,95872,20608,20644,2104,22748,224
2022-05-01,Tehama,103,63373,12089,12078,2580,14658,202
2022-05-01,Trinity,105,12862,1186,1179,288,1467,20
2022-05-01,Tulare,107,460477,106636,106856,27752,134608,1458
2022-05-01,Tuolumne,109,53932,12832,12713,578,13291,181
2022-05-01,Ventura,111,848112,175223,174679,9702,184381,1486
2022-05-01,Yolo,113,214977,38032,37173,3105,40278,314
2022-05-01,Yuba,115,75493,15947,15917,1213,17130,121
2022-04-30,Alameda,001,1643700,265088,262027,14475,276502,1851
2022-04-30,Alpine,003,1148,125,124,1,125,0
2022-04-30,Amador,005,37829,8591,8533,660,9193,86
2022-04-30,Butte,007,227075,33491,33172,7056,40228,418
2022-04-30,Calaveras,009,45235,7343,7328,355,7683,120
2022-04-30,Colusa,011,21464,3461,3457,1047,4504,21
2022-04-30,Contra Costa,013,1133247,196030,192136,13784,205920,1301
2022-04-30,Del Norte,015,27424,5884,5841,191,6032,50
2022-04-30,El Dorado,017,186661,27090,26946,3249,30195,210
2022-04-30,Fresno,019,978130,232792,232067,24237,256304,2748
2022-04-30,Glenn,021,27897,5010,4995,1615,6610,48
2022-04-30,Humboldt,023,135768,17374,17194,3075,20269,145
2022-04-30,Imperial,025,180216,55584,55503,10590,66093,910
2022-04-30,Inyo,027,18085,4090,4084,498,4582,56
2022-04-30,Kern,029,883053,192594,192250,45993,238243,2265
2022-04-30,Kings,031,150075,51648,51640,3516,55156,447
2022-04-30,Lake,033,64148,10782,10742,894,11636,137
2022-04-30,Lassen,035,31185,8970,8966,875,9841,65
2022-04-30,Los Angeles,037,10098052,2751846,2736900,126019,2862919,31712
2022-04-30,Madera,039,155013,37384,37360,6060,43420,365
2022-04-30,Marin,041,260295,34815,34519,2860,37379,291
2022-04-30,Mariposa,043,17540,2440,2430,204,2634,30
2022-04-30,Mendocino,045,87422,13252,13219,3134,16353,123
2022-04-30,Merced,047,269075,62679,62357,8769,71126,818
2022-04-30,Modoc,049,8938,741,745,252,997,8
2022-04-30,Mono,051,14174,2993,2989,129,3118,6
2022-04-30,Monterey,053,433212,80233,79881,14056,93937,731
2022-04-30,Napa,055,140530,26506,26319,1035,27354,143
2022-04-30,Nevada,057,99092,16150,16100,1231,17331,127
2022-04-30,Orange,059,3164182,553501,551822,42322,594144,6998
2022-04-30,Placer,061,380077,63532,63273,7438,70711,625
2022-04-30,Plumas,063,18699,2990,2946,365,3311,13
2022-04-30,Riverside,065,2383286,595811,593965,28144,622109,6457
2022-04-30,Sacramento,067,1510023,284096,283048,26818,309866,3007
2022-04-30,San Benito,069,59416,13006,12988,524,13512,98
2022-04-30,San Bernardino,071,2135413,578716,568758,25183,593941,7191
2022-04-30,San Diego,073,3302833,761815,761253,53946,815199,5238
2022-04-30,San Francisco,075,870044,131892,130241,8711,138952,860
2022-04-30,San Joaquin,077,732212,167714,167028,10086,177114,2225
2022-04-30,San Luis Obispo,079,281455,53179,53040,3881,56921,477
2022-04-30,San Mateo,081,765935,127033,125807,7453,133260,705
2022-04-30,Santa Barbara,083,443738,87121,86768,4788,91556,688
2022-04-30,Santa Clara,085,1922200,322186,320709,12963,333672,2281
2022-04-30,Santa Cruz,087,273765,49657,48798,2169,50967,262
2022-04-30,Shasta,089,179085,30704,30649,6114,36763,554
2022-04-30,Sierra,091,2930,275,274,49,323,4
2022-04-30,Siskiyou,093,43540,4473,4458,2744,7202,81
2022-04-30,Solano,095,438530,83034,82459,5700,88159,449
2022-04-30,Sonoma,097,501317,85909,85290,2952,88242,488
2022-04-30,Stanislaus,099,539301,118296,117943,17967,135910,1643
2022-04-30,Sutter,101,95872,20603,20644,2104,22748,224
2022-04-30,Tehama,103,63373,12085,12078,2578,14656,202
2022-04-30,Trinity,105,12862,1186,1179,288,1467,20
2022-04-30,Tulare,107,460477,106616,106856,27740,134596,1458
2022-04-30,Tuolumne,109,53932,12823,12713,578,13291,181
2022-04-30,Ventura,111,848112,175139,174679,9670,184349,1486
2022-04-30,Yolo,113,214977,37986,37173,3104,40277,314
2022-04-30,Yuba,115,75493,15940,15917,1212,17129,121
2022-04-29,Alameda,001,1643700,264776,262027,14462,276489,1851
2022-04-29,Alpine,003,1148,124,124,1,125,0
2022-04-29,Amador,005,37829,8584,8533,658,9191,86
2022-04-29,Butte,007,227075,33486,33172,7050,40222,418
2022-04-29,Calaveras,009,45235,7341,7328,355,7683,120
2022-04-29,Colusa,011,21464,3460,3457,1047,4504,21
2022-04-29,Contra Costa,013,1133247,195834,192136,13765,205901,1301
2022-04-29,Del Norte,015,27424,5880,5841,191,6032,50
2022-04-29,El Dorado,017,186661,27078,26946,3247,30193,210
2022-04-29,Fresno,019,978130,232742,232067,24229,256296,2748
2022-04-29,Glenn,021,27897,5010,4995,1614,6609,48
2022-04-29,Humboldt,023,135768,17349,17194,3067,20261,145
2022-04-29,Imperial,025,180216,55568,55503,10589,66092,910
2022-04-29,Inyo,027,18085,4090,4084,496,4580,56
2022-04-29,Kern,029,883053,192567,192250,45981,238231,2265
2022-04-29,Kings,031,150075,51643,51640,3516,55156,447
2022-04-29,Lake,033,64148,10781,10742,894,11636,137
2022-04-29,Lassen,035,31185,8969,8966,875,9841,65
2022-04-29,Los Angeles,037,10098052,2750541,2736900,125869,2862769,31712
2022-04-29,Madera,039,155013,37374,37360,6059,43419,365
2022-04-29,Marin,041,260295,34749,34519,2840,37359,291
2022-04-29,Mariposa,043,17540,2438,2430,204,2634,30
2022-04-29,Mendocino,045,87422,13247,13219,3133,16352,123
2022-04-29,Merced,047,269075,62667,62357,8767,71124,818
2022-04-29,Modoc,049,8938,741,745,252,997,8
2022-04-29,Mono,051,14174,2993,2989,129,3118,6
2022-04-29,Monterey,053,433212,80199,79881,14042,93923,731
2022-04-29,Napa,055,140530,26478,26319,1033,27352,143
2022-04-29,Nevada,057,99092,16143,16100,1230,17330,127
2022-04-29,Orange,059,3164182,553234,551822,42275,594097,6998
2022-04-29,Placer,061,380077,63503,63273,7431,70704,625
2022-04-29,Plumas,063,18699,2989,2946,365,3311,13
2022-04-29,Riverside,065,2383286,595592,593965,28123,622088,6457
2022-04-29,Sacramento,067,1510023,283949,283048,26810,309858,3007
2022-04-29,San Benito,069,59416,13001,12988,524,13512,98
2022-04-29,San Bernardino,071,2135413,578558,568758,25173,593931,7191
2022-04-29,San Diego,073,3302833,761397,761253,53920,815173,5238
2022-04-29,San Francisco,075,870044,131670,130241,8691,138932,860
2022-04-29,San Joaquin,077,732212,167659,167028,10082,177110,2225
2022-04-29,San Luis Obispo,079,281455,53164,53040,3876,56916,477
2022-04-29,San Mateo,081,765935,126835,125807,7439,133246,705
2022-04-29,Santa Barbara,083,443738,87081,86768,4786,91554,688
2022-04-29,Santa Clara,085,1922200,321677,320709,12933,333642,2281
2022-04-29,Santa Cruz,087,273765,49601,48798,2165,50963,262
2022-04-29,Shasta,089,179085,30702,30649,6113,36762,554
2022-04-29,Sierra,091,2930,275,274,49,323,4
2022-04-29,Siskiyou,093,43540,4472,4458,2744,7202,81
2022-04-29,Solano,095,438530,82977,82459,5695,88154,449
2022-04-29,Sonoma,097,501317,85801,85290,2939,88229,488
2022-04-29,Stanislaus,099,539301,118273,117943,17961,135904,1643
2022-04-29,Sutter,101,95872,20596,20644,2103,22747,224
2022-04-29,Tehama,103,63373,12083,12078,2578,14656,202
2022-04-29,Trinity,105,12862,1186,1179,288,1467,20
2022-04-29,Tulare,107,460477,106598,106856,27724,134580,1458
2022-04-29,Tuolumne,109,53932,12816,12713,575,13288,181
2022-04-29,Ventura,111,848112,175063,174679,9648,184327,1486
2022-04-29,Yolo,113,214977,37953,37173,3101,40274,314
2022-04-29,Yuba,115,75493,15935,15917,1212,17129,121
2022-04-28,Alameda,001,1643700,264338,262027,14426,276453,1851
2022-04-28,Alpine,003,1148,124,124,1,125,0
2022-04-28,Amador,005,37829,8581,8533,658,9191,86
2022-04-28,Butte,007,227075,33477,33172,7044,40216,418
2022-04-28,Calaveras,009,45235,7337,7328,355,7683,120
2022-04-28,Colusa,011,21464,3460,3457,1047,4504,21
2022-04-28,Contra Costa,013,1133247,195574,192136,13724,205860,1301
2022-04-28,Del Norte,015,27424,5876,5841,191,6032,50
2022-04-28,El Dorado,017,186661,27056,26946,3243,30189,210
2022-04-28,Fresno,019,978130,232683,232067,24220,256287,2748
2022-04-28,Glenn,021,27897,5007,4995,1614,6609,48
2022-04-28,Humboldt,023,135768,17315,17194,3051,20245,145
2022-04-28,Imperial,025,180216,55556,55503,10584,66087,910
2022-04-28,Inyo,027,18085,4090,4084,496,4580,56
2022-04-28,Kern,029,883053,192528,192250,45967,238217,2265
2022-04-28,Kings,031,150075,51637,51640,3516,55156,447
2022-04-28,Lake,033,64148,10777,10742,894,11636,137
2022-04-28,Lassen,035,31185,8969,8966,875,9841,65
2022-04-28,Los Angeles,037,10098052,2748476,2736900,125686,2862586,31712
2022-04-28,Madera,039,155013,37368,37360,6056,43416,365
2022-04-28,Marin,041,260295,34699,34519,2825,37344,291
2022-04-28,Mariposa,043,17540,2438,2430,204,2634,30
2022-04-28,Mendocino,045,87422,13236,13219,3116,16335,123
2022-04-28,Merced,047,269075,62646,62357,8758,71115,818
2022-04-28,Modoc,049,8938,741,745,252,997,8
2022-04-28,Mono,051,14174,2991,2989,129,3118,6
2022-04-28,Monterey,053,433212,80160,79881,14018,93899,731
2022-04-28,Napa,055,140530,26447,26319,1030,27349,143
2022-04-28,Nevada,057,99092,16135,16100,1227,17327,127
2022-04-28,Orange,059,3164182,552874,551822,42211,594033,6998
2022-04-28,Placer,061,380077,63456,63273,7423,70696,625
2022-04-28,Plumas,063,18699,2988,2946,365,3311,13
2022-04-28,Riverside,065,2383286,595309,593965,28101,622066,6457
2022-04-28,Sacramento,067,1510023,283767,283048,26771,309819,3007
2022-04-28,San Benito,069,59416,12991,12988,522,13510,98
2022-04-28,San Bernardino,071,2135413,578358,568758,25165,593923,7191
2022-04-28,San Diego,073,3302833,760856,761253,53856,815109,5238
2022-04-28,San Francisco,075,870044,131368,130241,8657,138898,860
2022-04-28,San Joaquin,077,732212,167588,167028,10067,177095,2225
2022-04-28,San Luis Obispo,079,281455,53136,53040,3858,56898,477
2022-04-28,San Mateo,081,765935,126591,125807,7412,133219,705
2022-04-28,Santa Barbara,083,443738,87028,86768,4783,91551,688
2022-04-28,Santa Clara,085,1922200,321136,320709,12899,333608,2281
2022-04-28,Santa Cruz,087,273765,49503,48798,2159,50957,262
2022-04-28,Shasta,089,179085,30694,30649,6113,36762,554
2022-04-28,Sierra,091,2930,275,274,49,323,4
2022-04-28,Siskiyou,093,43540,4469,4458,2744,7202,81
2022-04-28,Solano,095,438530,82893,82459,5690,88149,449
2022-04-28,Sonoma,097,501317,85686,85290,2925,88215,488
2022-04-28,Stanislaus,099,539301,118235,117943,17954,135897,1643
2022-04-28,Sutter,101,95872,20586,20644,2100,22744,224
2022-04-28,Tehama,103,63373,12082,12078,2577,14655,202
2022-04-28,Trinity,105,12862,1186,1179,288,1467,20
2022-04-28,Tulare,107,460477,106576,106856,27714,134570,1458
2022-04-28,Tuolumne,109,53932,12804,12713,574,13287,181
2022-04-28,Ventura,111,848112,174974,174679,9612,184291,1486
2022-04-28,Yolo,113,214977,37915,37173,3098,40271,314
2022-04-28,Yuba,115,75493,15926,15917,1210,17127,121
2022-04-27,Alameda,001,1643700,263857,260871,14383,275254,1843
2022-04-27,Alpine,003,1148,124,124,1,125,0
2022-04-27,Amador,005,37829,8580,8518,658,9176,86
2022-04-27,Butte,007,227075,33466,33118,7039,40157,411
2022-04-27,Calaveras,009,45235,7334,7307,355,7662,119
2022-04-27,Colusa,011,21464,3460,3457,1047,4504,21
2022-04-27,Contra Costa,013,1133247,195311,191412,13694,205106,1300
2022-04-27,Del Norte,015,27424,5871,5833,191,6024,50
2022-04-27,El Dorado,017,186661,27045,26898,3238,30136,209
2022-04-27,Fresno,019,978130,232617,231951,24206,256157,2744
2022-04-27,Glenn,021,27897,5007,4993,1614,6607,48
2022-04-27,Humboldt,023,135768,17285,17138,3040,20178,145
2022-04-27,Imperial,025,180216,55538,55480,10581,66061,910
2022-04-27,Inyo,027,18085,4089,4080,495,4575,56
2022-04-27,Kern,029,883053,192492,192157,45948,238105,2271
2022-04-27,Kings,031,150075,51632,51617,3515,55132,444
2022-04-27,Lake,033,64148,10773,10732,894,11626,135
2022-04-27,Lassen,035,31185,8968,8965,875,9840,65
2022-04-27,Los Angeles,037,10098052,2746144,2731988,125502,2857490,31691
2022-04-27,Madera,039,155013,37359,37339,6055,43394,354
2022-04-27,Marin,041,260295,34638,34354,2811,37165,288
2022-04-27,Mariposa,043,17540,2436,2427,204,2631,30
2022-04-27,Mendocino,045,87422,13229,13188,3108,16296,123
2022-04-27,Merced,047,269075,62632,62315,8753,71068,815
2022-04-27,Modoc,049,8938,741,745,252,997,8
2022-04-27,Mono,051,14174,2991,2989,129,3118,6
2022-04-27,Monterey,053,433212,80118,79695,13978,93673,729
2022-04-27,Napa,055,140530,26418,26210,1025,27235,143
2022-04-27,Nevada,057,99092,16119,16080,1224,17304,127
2022-04-27,Orange,059,3164182,552501,550859,42151,593010,6991
2022-04-27,Placer,061,380077,63414,63154,7407,70561,623
2022-04-27,Plumas,063,18699,2987,2934,365,3299,13
2022-04-27,Riverside,065,2383286,595044,593397,28085,621482,6453
2022-04-27,Sacramento,067,1510023,283567,281802,26739,308541,3001
2022-04-27,San Benito,069,59416,12978,12989,520,13509,98
2022-04-27,San Bernardino,071,2135413,578159,568018,25158,593176,7105
2022-04-27,San Diego,073,3302833,760283,759873,53793,813666,5236
2022-04-27,San Francisco,075,870044,131017,129284,8633,137917,857
2022-04-27,San Joaquin,077,732212,167513,166848,10052,176900,2225
2022-04-27,San Luis Obispo,079,281455,53091,52911,3847,56758,476
2022-04-27,San Mateo,081,765935,126361,125018,7359,132377,702
2022-04-27,Santa Barbara,083,443738,86964,86557,4776,91333,685
2022-04-27,Santa Clara,085,1922200,320571,319077,12852,331929,2282
2022-04-27,Santa Cruz,087,273765,49419,48500,2151,50651,262
2022-04-27,Shasta,089,179085,30683,30633,6110,36743,554
2022-04-27,Sierra,091,2930,274,276,49,325,4
2022-04-27,Siskiyou,093,43540,4469,4455,2740,7195,81
2022-04-27,Solano,095,438530,82780,82220,5682,87902,448
2022-04-27,Sonoma,097,501317,85577,84983,2907,87890,487
2022-04-27,Stanislaus,099,539301,118193,117841,17944,135785,1643
2022-04-27,Sutter,101,95872,20582,20627,2096,22723,224
2022-04-27,Tehama,103,63373,12082,12073,2577,14650,201
2022-04-27,Trinity,105,12862,1186,1179,288,1467,20
2022-04-27,Tulare,107,460477,106558,106580,27705,134285,1453
2022-04-27,Tuolumne,109,53932,12787,12684,573,13257,181
2022-04-27,Ventura,111,848112,174871,174425,9597,184022,1480
2022-04-27,Yolo,113,214977,37866,37096,3092,40188,314
2022-04-27,Yuba,115,75493,15922,15902,1205,17107,121
2022-04-26,Alameda,001,1643700,263339,260871,14341,275212,1843
2022-04-26,Alpine,003,1148,124,124,1,125,0
2022-04-26,Amador,005,37829,8577,8518,657,9175,86
2022-04-26,Butte,007,227075,33449,33118,7032,40150,411
2022-04-26,Calaveras,009,45235,7330,7307,354,7661,119
2022-04-26,Colusa,011,21464,3460,3457,1047,4504,21
2022-04-26,Contra Costa,013,1133247,195049,191412,13657,205069,1300
2022-04-26,Del Norte,015,27424,5863,5833,191,6024,50
2022-04-26,El Dorado,017,186661,27024,26898,3234,30132,209
2022-04-26,Fresno,019,978130,232537,231951,24196,256147,2744
2022-04-26,Glenn,021,27897,5007,4993,1613,6606,48
2022-04-26,Humboldt,023,135768,17254,17138,3034,20172,145
2022-04-26,Imperial,025,180216,55518,55480,10576,66056,910
2022-04-26,Inyo,027,18085,4089,4080,495,4575,56
2022-04-26,Kern,029,883053,192445,192157,45924,238081,2271
2022-04-26,Kings,031,150075,51626,51617,3515,55132,444
2022-04-26,Lake,033,64148,10766,10732,894,11626,135
2022-04-26,Lassen,035,31185,8963,8965,875,9840,65
2022-04-26,Los Angeles,037,10098052,2743753,2731988,125318,2857306,31691
2022-04-26,Madera,039,155013,37351,37339,6048,43387,354
2022-04-26,Marin,041,260295,34585,34354,2792,37146,288
2022-04-26,Mariposa,043,17540,2436,2427,204,2631,30
2022-04-26,Mendocino,045,87422,13225,13188,3102,16290,123
2022-04-26,Merced,047,269075,62609,62315,8736,71051,815
2022-04-26,Modoc,049,8938,741,745,252,997,8
2022-04-26,Mono,051,14174,2991,2989,128,3117,6
2022-04-26,Monterey,053,433212,80064,79695,13939,93634,729
2022-04-26,Napa,055,140530,26387,26210,1021,27231,143
2022-04-26,Nevada,057,99092,16110,16080,1224,17304,127
2022-04-26,Orange,059,3164182,552093,550859,42094,592953,6991
2022-04-26,Placer,061,380077,63383,63154,7405,70559,623
2022-04-26,Plumas,063,18699,2987,2934,365,3299,13
2022-04-26,Riverside,065,2383286,594736,593397,28059,621456,6453
2022-04-26,Sacramento,067,1510023,283330,281802,26717,308519,3001
2022-04-26,San Benito,069,59416,12974,12989,519,13508,98
2022-04-26,San Bernardino,071,2135413,577948,568018,25144,593162,7105
2022-04-26,San Diego,073,3302833,759622,759873,53688,813561,5236
2022-04-26,San Francisco,075,870044,130619,129284,8608,137892,857
2022-04-26,San Joaquin,077,732212,167452,166848,10042,176890,2225
2022-04-26,San Luis Obispo,079,281455,53062,52911,3836,56747,476
2022-04-26,San Mateo,081,765935,126091,125018,7325,132343,702
2022-04-26,Santa Barbara,083,443738,86903,86557,4771,91328,685
2022-04-26,Santa Clara,085,1922200,320015,319077,12806,331883,2282
2022-04-26,Santa Cruz,087,273765,49319,48500,2148,50648,262
2022-04-26,Shasta,089,179085,30671,30633,6110,36743,554
2022-04-26,Sierra,091,2930,274,276,49,325,4
2022-04-26,Siskiyou,093,43540,4467,4455,2738,7193,81
2022-04-26,Solano,095,438530,82681,82220,5671,87891,448
2022-04-26,Sonoma,097,501317,85471,84983,2891,87874,487
2022-04-26,Stanislaus,099,539301,118158,117841,17934,135775,1643
2022-04-26,Sutter,101,95872,20572,20627,2096,22723,224
2022-04-26,Tehama,103,63373,12073,12073,2577,14650,201
2022-04-26,Trinity,105,12862,1186,1179,288,1467,20
2022-04-26,Tulare,107,460477,106531,106580,27691,134271,1453
2022-04-26,Tuolumne,109,53932,12768,12684,571,13255,181
2022-04-26,Ventura,111,848112,174762,174425,9571,183996,1480
2022-04-26,Yolo,113,214977,37807,37096,3087,40183,314
2022-04-26,Yuba,115,75493,15920,15902,1205,17107,121
2022-04-25,Alameda,001,1643700,262829,260871,14300,275171,1843
2022-04-25,Alpine,003,1148,124,124,1,125,0
2022-04-25,Amador,005,37829,8574,8518,657,9175,86
2022-04-25,Butte,007,227075,33434,33118,7023,40141,411
2022-04-25,Calaveras,009,45235,7327,7307,354,7661,119
2022-04-25,Colusa,011,21464,3460,3457,1047,4504,21
2022-04-25,Contra Costa,013,1133247,194783,191412,13620,205032,1300
2022-04-25,Del Norte,015,27424,5857,5833,189,6022,50
2022-04-25,El Dorado,017,186661,27003,26898,3232,30130,209
2022-04-25,Fresno,019,978130,232446,231951,24183,256134,2744
2022-04-25,Glenn,021,27897,5007,4993,1613,6606,48
2022-04-25,Humboldt,023,135768,17212,17138,3026,20164,145
2022-04-25,Imperial,025,180216,55499,55480,10571,66051,910
2022-04-25,Inyo,027,18085,4089,4080,495,4575,56
2022-04-25,Kern,029,883053,192401,192157,45906,238063,2271
2022-04-25,Kings,031,150075,51617,51617,3514,55131,444
2022-04-25,Lake,033,64148,10763,10732,893,11625,135
2022-04-25,Lassen,035,31185,8962,8965,875,9840,65
2022-04-25,Los Angeles,037,10098052,2741368,2731988,125152,2857140,31691
2022-04-25,Madera,039,155013,37338,37339,6044,43383,354
2022-04-25,Marin,041,260295,34521,34354,2768,37122,288
2022-04-25,Mariposa,043,17540,2436,2427,203,2630,30
2022-04-25,Mendocino,045,87422,13215,13188,3085,16273,123
2022-04-25,Merced,047,269075,62596,62315,8734,71049,815
2022-04-25,Modoc,049,8938,741,745,252,997,8
2022-04-25,Mono,051,14174,2991,2989,128,3117,6
2022-04-25,Monterey,053,433212,80026,79695,13914,93609,729
2022-04-25,Napa,055,140530,26346,26210,1019,27229,143
2022-04-25,Nevada,057,99092,16104,16080,1222,17302,127
2022-04-25,Orange,059,3164182,551687,550859,42031,592890,6991
2022-04-25,Placer,061,380077,63347,63154,7400,70554,623
2022-04-25,Plumas,063,18699,2985,2934,365,3299,13
2022-04-25,Riverside,065,2383286,594474,593397,28042,621439,6453
2022-04-25,Sacramento,067,1510023,283165,281802,26684,308486,3001
2022-04-25,San Benito,069,59416,12967,12989,519,13508,98
2022-04-25,San Bernardino,071,2135413,577718,568018,25127,593145,7105
2022-04-25,San Diego,073,3302833,758939,759873,53610,813483,5236
2022-04-25,San Francisco,075,870044,130258,129284,8592,137876,857
2022-04-25,San Joaquin,077,732212,167368,166848,10028,176876,2225
2022-04-25,San Luis Obispo,079,281455,53013,52911,3828,56739,476
2022-04-25,San Mateo,081,765935,125819,125018,7305,132323,702
2022-04-25,Santa Barbara,083,443738,86842,86557,4765,91322,685
2022-04-25,Santa Clara,085,1922200,319369,319077,12762,331839,2282
2022-04-25,Santa Cruz,087,273765,49177,48500,2139,50639,262
2022-04-25,Shasta,089,179085,30659,30633,6107,36740,554
2022-04-25,Sierra,091,2930,274,276,49,325,4
2022-04-25,Siskiyou,093,43540,4467,4455,2737,7192,81
2022-04-25,Solano,095,438530,82562,82220,5660,87880,448
2022-04-25,Sonoma,097,501317,85348,84983,2872,87855,487
2022-04-25,Stanislaus,099,539301,118113,117841,17927,135768,1643
2022-04-25,Sutter,101,95872,20569,20627,2096,22723,224
2022-04-25,Tehama,103,63373,12073,12073,2577,14650,201
2022-04-25,Trinity,105,12862,1185,1179,288,1467,20
2022-04-25,Tulare,107,460477,106506,106580,27681,134261,1453
2022-04-25,Tuolumne,109,53932,12759,12684,571,13255,181
2022-04-25,Ventura,111,848112,174652,174425,9547,183972,1480
2022-04-25,Yolo,113,214977,37744,37096,3083,40179,314
2022-04-25,Yuba,115,75493,15910,15902,1204,17106,121
2022-04-24,Alameda,001,1643700,262246,259619,14255,273874,1837
2022-04-24,Alpine,003,1148,124,124,1,125,0
2022-04-24,Amador,005,37829,8565,8509,656,9165,86
2022-04-24,Butte,007,227075,33417,33105,7016,40121,411
2022-04-24,Calaveras,009,45235,7318,7296,352,7648,119
2022-04-24,Colusa,011,21464,3459,3453,1047,4500,21
2022-04-24,Contra Costa,013,1133247,194476,190611,13587,204198,1298
2022-04-24,Del Norte,015,27424,5848,5827,187,6014,50
2022-04-24,El Dorado,017,186661,26985,26837,3230,30067,209
2022-04-24,Fresno,019,978130,232366,231751,24169,255920,2744
2022-04-24,Glenn,021,27897,5007,4989,1611,6600,48
2022-04-24,Humboldt,023,135768,17187,17033,3012,20045,145
2022-04-24,Imperial,025,180216,55487,55434,10563,65997,910
2022-04-24,Inyo,027,18085,4085,4079,494,4573,56
2022-04-24,Kern,029,883053,192350,192012,45892,237904,2267
2022-04-24,Kings,031,150075,51608,51588,3514,55102,444
2022-04-24,Lake,033,64148,10755,10720,890,11610,134
2022-04-24,Lassen,035,31185,8961,8966,875,9841,65
2022-04-24,Los Angeles,037,10098052,2739017,2725630,125004,2850634,31667
2022-04-24,Madera,039,155013,37323,37333,6038,43371,354
2022-04-24,Marin,041,260295,34467,34150,2734,36884,288
2022-04-24,Mariposa,043,17540,2433,2422,203,2625,30
2022-04-24,Mendocino,045,87422,13210,13158,3073,16231,122
2022-04-24,Merced,047,269075,62572,62286,8725,71011,815
2022-04-24,Modoc,049,8938,741,745,252,997,8
2022-04-24,Mono,051,14174,2989,2986,128,3114,6
2022-04-24,Monterey,053,433212,79973,79560,13881,93441,729
2022-04-24,Napa,055,140530,26309,26093,1018,27111,143
2022-04-24,Nevada,057,99092,16088,16052,1220,17272,127
2022-04-24,Orange,059,3164182,551265,549765,41969,591734,6989
2022-04-24,Placer,061,380077,63292,63037,7392,70429,622
2022-04-24,Plumas,063,18699,2983,2934,365,3299,13
2022-04-24,Riverside,065,2383286,594195,592683,28007,620690,6450
2022-04-24,Sacramento,067,1510023,282958,280551,26650,307201,2993
2022-04-24,San Benito,069,59416,12962,12966,519,13485,98
2022-04-24,San Bernardino,071,2135413,577486,566806,25105,591911,7047
2022-04-24,San Diego,073,3302833,758308,758311,53547,811858,5233
2022-04-24,San Francisco,075,870044,129813,128323,8567,136890,857
2022-04-24,San Joaquin,077,732212,167281,166626,9992,176618,2224
2022-04-24,San Luis Obispo,079,281455,52937,52826,3817,56643,476
2022-04-24,San Mateo,081,765935,125510,124106,7270,131376,703
2022-04-24,Santa Barbara,083,443738,86773,86376,4763,91139,685
2022-04-24,Santa Clara,085,1922200,318687,317487,12710,330197,2277
2022-04-24,Santa Cruz,087,273765,49064,48255,2133,50388,261
2022-04-24,Shasta,089,179085,30647,30607,6105,36712,557
2022-04-24,Sierra,091,2930,274,276,49,325,4
2022-04-24,Siskiyou,093,43540,4465,4453,2735,7188,81
2022-04-24,Solano,095,438530,82454,81982,5651,87633,448
2022-04-24,Sonoma,097,501317,85212,84581,2850,87431,486
2022-04-24,Stanislaus,099,539301,118062,117737,17921,135658,1632
2022-04-24,Sutter,101,95872,20560,20605,2093,22698,224
2022-04-24,Tehama,103,63373,12069,12064,2577,14641,201
2022-04-24,Trinity,105,12862,1185,1177,288,1465,20
2022-04-24,Tulare,107,460477,106479,106354,27670,134024,1446
2022-04-24,Tuolumne,109,53932,12746,12664,570,13234,181
2022-04-24,Ventura,111,848112,174540,174091,9526,183617,1479
2022-04-24,Yolo,113,214977,37704,36990,3080,40070,314
2022-04-24,Yuba,115,75493,15906,15888,1204,17092,121
2022-04-23,Alameda,001,1643700,262002,259619,14242,273861,1837
2022-04-23,Alpine,003,1148,124,124,1,125,0
2022-04-23,Amador,005,37829,8559,8509,656,9165,86
2022-04-23,Butte,007,227075,33408,33105,7013,40118,411
2022-04-23,Calaveras,009,45235,7310,7296,352,7648,119
2022-04-23,Colusa,011,21464,3459,3453,1047,4500,21
2022-04-23,Contra Costa,013,1133247,194320,190611,13569,204180,1298
2022-04-23,Del Norte,015,27424,5846,5827,186,6013,50
2022-04-23,El Dorado,017,186661,26975,26837,3229,30066,209
2022-04-23,Fresno,019,978130,232333,231751,24163,255914,2744
2022-04-23,Glenn,021,27897,5007,4989,1611,6600,48
2022-04-23,Humboldt,023,135768,17171,17033,3009,20042,145
2022-04-23,Imperial,025,180216,55476,55434,10562,65996,910
2022-04-23,Inyo,027,18085,4085,4079,493,4572,56
2022-04-23,Kern,029,883053,192322,192012,45878,237890,2267
2022-04-23,Kings,031,150075,51603,51588,3513,55101,444
2022-04-23,Lake,033,64148,10754,10720,890,11610,134
2022-04-23,Lassen,035,31185,8961,8966,875,9841,65
2022-04-23,Los Angeles,037,10098052,2738081,2725630,124908,2850538,31667
2022-04-23,Madera,039,155013,37316,37333,6037,43370,354
2022-04-23,Marin,041,260295,34432,34150,2688,36838,288
2022-04-23,Mariposa,043,17540,2433,2422,203,2625,30
2022-04-23,Mendocino,045,87422,13203,13158,3073,16231,122
2022-04-23,Merced,047,269075,62562,62286,8725,71011,815
2022-04-23,Modoc,049,8938,741,745,252,997,8
2022-04-23,Mono,051,14174,2989,2986,128,3114,6
2022-04-23,Monterey,053,433212,79904,79560,13866,93426,729
2022-04-23,Napa,055,140530,26288,26093,1016,27109,143
2022-04-23,Nevada,057,99092,16082,16052,1218,17270,127
2022-04-23,Orange,059,3164182,551049,549765,41921,591686,6989
2022-04-23,Placer,061,380077,63262,63037,7392,70429,622
2022-04-23,Plumas,063,18699,2983,2934,365,3299,13
2022-04-23,Riverside,065,2383286,594059,592683,27997,620680,6450
2022-04-23,Sacramento,067,1510023,282858,280551,26647,307198,2993
2022-04-23,San Benito,069,59416,12961,12966,519,13485,98
2022-04-23,San Bernardino,071,2135413,577365,566806,25102,591908,7047
2022-04-23,San Diego,073,3302833,758046,758311,53529,811840,5233
2022-04-23,San Francisco,075,870044,129609,128323,8542,136865,857
2022-04-23,San Joaquin,077,732212,167240,166626,9984,176610,2224
2022-04-23,San Luis Obispo,079,281455,52922,52826,3813,56639,476
2022-04-23,San Mateo,081,765935,125353,124106,7260,131366,703
2022-04-23,Santa Barbara,083,443738,86737,86376,4762,91138,685
2022-04-23,Santa Clara,085,1922200,318308,317487,12683,330170,2277
2022-04-23,Santa Cruz,087,273765,49014,48255,2131,50386,261
2022-04-23,Shasta,089,179085,30644,30607,6105,36712,557
2022-04-23,Sierra,091,2930,274,276,49,325,4
2022-04-23,Siskiyou,093,43540,4463,4453,2735,7188,81
2022-04-23,Solano,095,438530,82427,81982,5647,87629,448
2022-04-23,Sonoma,097,501317,85144,84581,2841,87422,486
2022-04-23,Stanislaus,099,539301,118026,117737,17919,135656,1632
2022-04-23,Sutter,101,95872,20554,20605,2093,22698,224
2022-04-23,Tehama,103,63373,12068,12064,2577,14641,201
2022-04-23,Trinity,105,12862,1185,1177,288,1465,20
2022-04-23,Tulare,107,460477,106471,106354,27661,134015,1446
2022-04-23,Tuolumne,109,53932,12741,12664,570,13234,181
2022-04-23,Ventura,111,848112,174477,174091,9518,183609,1479
2022-04-23,Yolo,113,214977,37676,36990,3076,40066,314
2022-04-23,Yuba,115,75493,15904,15888,1204,17092,121
2022-04-22,Alameda,001,1643700,261768,259619,14223,273842,1837
2022-04-22,Alpine,003,1148,124,124,1,125,0
2022-04-22,Amador,005,37829,8558,8509,654,9163,86
2022-04-22,Butte,007,227075,33402,33105,7008,40113,411
2022-04-22,Calaveras,009,45235,7309,7296,352,7648,119
2022-04-22,Colusa,011,21464,3459,3453,1047,4500,21
2022-04-22,Contra Costa,013,1133247,194184,190611,13553,204164,1298
2022-04-22,Del Norte,015,27424,5846,5827,186,6013,50
2022-04-22,El Dorado,017,186661,26962,26837,3225,30062,209
2022-04-22,Fresno,019,978130,232303,231751,24159,255910,2744
2022-04-22,Glenn,021,27897,5005,4989,1611,6600,48
2022-04-22,Humboldt,023,135768,17155,17033,3003,20036,145
2022-04-22,Imperial,025,180216,55470,55434,10562,65996,910
2022-04-22,Inyo,027,18085,4085,4079,492,4571,56
2022-04-22,Kern,029,883053,192302,192012,45875,237887,2267
2022-04-22,Kings,031,150075,51599,51588,3512,55100,444
2022-04-22,Lake,033,64148,10753,10720,890,11610,134
2022-04-22,Lassen,035,31185,8961,8966,875,9841,65
2022-04-22,Los Angeles,037,10098052,2736984,2725630,124849,2850479,31667
2022-04-22,Madera,039,155013,37311,37333,6036,43369,354
2022-04-22,Marin,041,260295,34395,34150,2677,36827,288
2022-04-22,Mariposa,043,17540,2432,2422,203,2625,30
2022-04-22,Mendocino,045,87422,13198,13158,3068,16226,122
2022-04-22,Merced,047,269075,62555,62286,8713,70999,815
2022-04-22,Modoc,049,8938,741,745,252,997,8
2022-04-22,Mono,051,14174,2989,2986,127,3113,6
2022-04-22,Monterey,053,433212,79869,79560,13852,93412,729
2022-04-22,Napa,055,140530,26271,26093,1014,27107,143
2022-04-22,Nevada,057,99092,16082,16052,1218,17270,127
2022-04-22,Orange,059,3164182,550864,549765,41869,591634,6989
2022-04-22,Placer,061,380077,63239,63037,7389,70426,622
2022-04-22,Plumas,063,18699,2983,2934,365,3299,13
2022-04-22,Riverside,065,2383286,593915,592683,27982,620665,6450
2022-04-22,Sacramento,067,1510023,282771,280551,26635,307186,2993
2022-04-22,San Benito,069,59416,12956,12966,519,13485,98
2022-04-22,San Bernardino,071,2135413,577252,566806,25094,591900,7047
2022-04-22,San Diego,073,3302833,757725,758311,53501,811812,5233
2022-04-22,San Francisco,075,870044,129445,128323,8516,136839,857
2022-04-22,San Joaquin,077,732212,167210,166626,9983,176609,2224
2022-04-22,San Luis Obispo,079,281455,52916,52826,3812,56638,476
2022-04-22,San Mateo,081,765935,125190,124106,7247,131353,703
2022-04-22,Santa Barbara,083,443738,86690,86376,4761,91137,685
2022-04-22,Santa Clara,085,1922200,317962,317487,12669,330156,2277
2022-04-22,Santa Cruz,087,273765,48974,48255,2130,50385,261
2022-04-22,Shasta,089,179085,30639,30607,6104,36711,557
2022-04-22,Sierra,091,2930,274,276,48,324,4
2022-04-22,Siskiyou,093,43540,4463,4453,2735,7188,81
2022-04-22,Solano,095,438530,82370,81982,5645,87627,448
2022-04-22,Sonoma,097,501317,85080,84581,2837,87418,486
2022-04-22,Stanislaus,099,539301,118004,117737,17914,135651,1632
2022-04-22,Sutter,101,95872,20548,20605,2093,22698,224
2022-04-22,Tehama,103,63373,12063,12064,2576,14640,201
2022-04-22,Trinity,105,12862,1185,1177,287,1464,20
2022-04-22,Tulare,107,460477,106461,106354,27653,134007,1446
2022-04-22,Tuolumne,109,53932,12735,12664,568,13232,181
2022-04-22,Ventura,111,848112,174402,174091,9507,183598,1479
2022-04-22,Yolo,113,214977,37655,36990,3074,40064,314
2022-04-22,Yuba,115,75493,15901,15888,1203,17091,121
2022-04-21,Alameda,001,1643700,261410,259619,14183,273802,1837
2022-04-21,Alpine,003,1148,124,124,1,125,0
2022-04-21,Amador,005,37829,8555,8509,654,9163,86
2022-04-21,Butte,007,227075,33395,33105,7000,40105,411
2022-04-21,Calaveras,009,45235,7306,7296,352,7648,119
2022-04-21,Colusa,011,21464,3458,3453,1047,4500,21
2022-04-21,Contra Costa,013,1133247,193989,190611,13532,204143,1298
2022-04-21,Del Norte,015,27424,5845,5827,186,6013,50
2022-04-21,El Dorado,017,186661,26946,26837,3224,30061,209
2022-04-21,Fresno,019,978130,232261,231751,24150,255901,2744
2022-04-21,Glenn,021,27897,5005,4989,1610,6599,48
2022-04-21,Humboldt,023,135768,17132,17033,2995,20028,145
2022-04-21,Imperial,025,180216,55461,55434,10562,65996,910
2022-04-21,Inyo,027,18085,4085,4079,492,4571,56
2022-04-21,Kern,029,883053,192269,192012,45860,237872,2267
2022-04-21,Kings,031,150075,51591,51588,3512,55100,444
2022-04-21,Lake,033,64148,10750,10720,890,11610,134
2022-04-21,Lassen,035,31185,8961,8966,875,9841,65
2022-04-21,Los Angeles,037,10098052,2735335,2725630,124735,2850365,31667
2022-04-21,Madera,039,155013,37308,37333,6035,43368,354
2022-04-21,Marin,041,260295,34347,34150,2667,36817,288
2022-04-21,Mariposa,043,17540,2431,2422,203,2625,30
2022-04-21,Mendocino,045,87422,13191,13158,3065,16223,122
2022-04-21,Merced,047,269075,62537,62286,8710,70996,815
2022-04-21,Modoc,049,8938,741,745,252,997,8
2022-04-21,Mono,051,14174,2988,2986,126,3112,6
2022-04-21,Monterey,053,433212,79842,79560,13838,93398,729
2022-04-21,Napa,055,140530,26240,26093,1013,27106,143
2022-04-21,Nevada,057,99092,16078,16052,1218,17270,127
2022-04-21,Orange,059,3164182,550611,549765,41832,591597,6989
2022-04-21,Placer,061,380077,63201,63037,7385,70422,622
2022-04-21,Plumas,063,18699,2983,2934,365,3299,13
2022-04-21,Riverside,065,2383286,593755,592683,27964,620647,6450
2022-04-21,Sacramento,067,1510023,282623,280551,26615,307166,2993
2022-04-21,San Benito,069,59416,12950,12966,519,13485,98
2022-04-21,San Bernardino,071,2135413,577061,566806,25082,591888,7047
2022-04-21,San Diego,073,3302833,757300,758311,53457,811768,5233
2022-04-21,San Francisco,075,870044,129222,128323,8488,136811,857
2022-04-21,San Joaquin,077,732212,167156,166626,9978,176604,2224
2022-04-21,San Luis Obispo,079,281455,52896,52826,3805,56631,476
2022-04-21,San Mateo,081,765935,124989,124106,7227,131333,703
2022-04-21,Santa Barbara,083,443738,86631,86376,4758,91134,685
2022-04-21,Santa Clara,085,1922200,317511,317487,12647,330134,2277
2022-04-21,Santa Cruz,087,273765,48928,48255,2128,50383,261
2022-04-21,Shasta,089,179085,30631,30607,6104,36711,557
2022-04-21,Sierra,091,2930,274,276,48,324,4
2022-04-21,Siskiyou,093,43540,4463,4453,2735,7188,81
2022-04-21,Solano,095,438530,82308,81982,5638,87620,448
2022-04-21,Sonoma,097,501317,84966,84581,2817,87398,486
2022-04-21,Stanislaus,099,539301,117965,117737,17906,135643,1632
2022-04-21,Sutter,101,95872,20539,20605,2091,22696,224
2022-04-21,Tehama,103,63373,12063,12064,2576,14640,201
2022-04-21,Trinity,105,12862,1185,1177,287,1464,20
2022-04-21,Tulare,107,460477,106454,106354,27649,134003,1446
2022-04-21,Tuolumne,109,53932,12730,12664,568,13232,181
2022-04-21,Ventura,111,848112,174320,174091,9501,183592,1479
2022-04-21,Yolo,113,214977,37625,36990,3074,40064,314
2022-04-21,Yuba,115,75493,15899,15888,1203,17091,121
2022-04-20,Alameda,001,1643700,261047,258734,14153,272887,1832
2022-04-20,Alpine,003,1148,124,124,1,125,0
2022-04-20,Amador,005,37829,8553,8494,654,9148,86
2022-04-20,Butte,007,227075,33379,33083,6993,40076,408
2022-04-20,Calaveras,009,45235,7300,7288,351,7639,119
2022-04-20,Colusa,011,21464,3458,3453,1047,4500,21
2022-04-20,Contra Costa,013,1133247,193754,190042,13507,203549,1299
2022-04-20,Del Norte,015,27424,5839,5814,186,6000,50
2022-04-20,El Dorado,017,186661,26931,26821,3219,30040,209
2022-04-20,Fresno,019,978130,232211,231568,24149,255717,2740
2022-04-20,Glenn,021,27897,5004,4988,1607,6595,48
2022-04-20,Humboldt,023,135768,17110,16976,2991,19967,145
2022-04-20,Imperial,025,180216,55453,55405,10559,65964,910
2022-04-20,Inyo,027,18085,4085,4075,491,4566,56
2022-04-20,Kern,029,883053,192234,191915,45844,237759,2262
2022-04-20,Kings,031,150075,51582,51571,3510,55081,445
2022-04-20,Lake,033,64148,10750,10711,890,11601,134
2022-04-20,Lassen,035,31185,8961,8951,875,9826,65
2022-04-20,Los Angeles,037,10098052,2733596,2721699,124616,2846315,31630
2022-04-20,Madera,039,155013,37305,37333,6032,43365,354
2022-04-20,Marin,041,260295,34306,33985,2644,36629,288
2022-04-20,Mariposa,043,17540,2429,2412,203,2615,30
2022-04-20,Mendocino,045,87422,13185,13128,3057,16185,122
2022-04-20,Merced,047,269075,62527,62322,8697,71019,813
2022-04-20,Modoc,049,8938,741,744,252,996,8
2022-04-20,Mono,051,14174,2988,2984,126,3110,6
2022-04-20,Monterey,053,433212,79797,79419,13819,93238,727
2022-04-20,Napa,055,140530,26206,26016,1009,27025,143
2022-04-20,Nevada,057,99092,16068,16034,1215,17249,127
2022-04-20,Orange,059,3164182,550283,549136,41785,590921,6963
2022-04-20,Placer,061,380077,63175,62928,7380,70308,619
2022-04-20,Plumas,063,18699,2983,2932,365,3297,13
2022-04-20,Riverside,065,2383286,593563,592224,27942,620166,6447
2022-04-20,Sacramento,067,1510023,282480,279326,26598,305924,2987
2022-04-20,San Benito,069,59416,12944,12971,516,13487,98
2022-04-20,San Bernardino,071,2135413,576854,565405,25065,590470,6977
2022-04-20,San Diego,073,3302833,756857,757138,53397,810535,5231
2022-04-20,San Francisco,075,870044,128915,127594,8470,136064,854
2022-04-20,San Joaquin,077,732212,167085,166531,9971,176502,2222
2022-04-20,San Luis Obispo,079,281455,52869,52740,3798,56538,476
2022-04-20,San Mateo,081,765935,124771,123279,7195,130474,701
2022-04-20,Santa Barbara,083,443738,86595,86214,4752,90966,685
2022-04-20,Santa Clara,085,1922200,317100,316355,12609,328964,2274
2022-04-20,Santa Cruz,087,273765,48864,47997,2124,50121,261
2022-04-20,Shasta,089,179085,30628,30590,6103,36693,554
2022-04-20,Sierra,091,2930,274,276,48,324,4
2022-04-20,Siskiyou,093,43540,4462,4446,2734,7180,80
2022-04-20,Solano,095,438530,82237,81841,5635,87476,447
2022-04-20,Sonoma,097,501317,84878,84429,2793,87222,485
2022-04-20,Stanislaus,099,539301,117929,117540,17895,135435,1630
2022-04-20,Sutter,101,95872,20532,20632,2091,22723,224
2022-04-20,Tehama,103,63373,12061,12061,2576,14637,199
2022-04-20,Trinity,105,12862,1185,1178,287,1465,20
2022-04-20,Tulare,107,460477,106446,105974,27638,133612,1439
2022-04-20,Tuolumne,109,53932,12725,12648,567,13215,180
2022-04-20,Ventura,111,848112,174232,173904,9492,183396,1475
2022-04-20,Yolo,113,214977,37575,36785,3071,39856,311
2022-04-20,Yuba,115,75493,15895,15868,1201,17069,121
2022-04-19,Alameda,001,1643700,260686,258734,14121,272855,1832
2022-04-19,Alpine,003,1148,124,124,1,125,0
2022-04-19,Amador,005,37829,8549,8494,651,9145,86
2022-04-19,Butte,007,227075,33372,33083,6989,40072,408
2022-04-19,Calaveras,009,45235,7297,7288,351,7639,119
2022-04-19,Colusa,011,21464,3458,3453,1047,4500,21
2022-04-19,Contra Costa,013,1133247,193508,190042,13489,203531,1299
2022-04-19,Del Norte,015,27424,5837,5814,184,5998,50
2022-04-19,El Dorado,017,186661,26916,26821,3216,30037,209
2022-04-19,Fresno,019,978130,232157,231568,24139,255707,2740
2022-04-19,Glenn,021,27897,5003,4988,1607,6595,48
2022-04-19,Humboldt,023,135768,17073,16976,2980,19956,145
2022-04-19,Imperial,025,180216,55446,55405,10556,65961,910
2022-04-19,Inyo,027,18085,4082,4075,491,4566,56
2022-04-19,Kern,029,883053,192198,191915,45834,237749,2262
2022-04-19,Kings,031,150075,51568,51571,3509,55080,445
2022-04-19,Lake,033,64148,10746,10711,889,11600,134
2022-04-19,Lassen,035,31185,8961,8951,875,9826,65
2022-04-19,Los Angeles,037,10098052,2731796,2721699,124490,2846189,31630
2022-04-19,Madera,039,155013,37302,37333,6031,43364,354
2022-04-19,Marin,041,260295,34256,33985,2628,36613,288
2022-04-19,Mariposa,043,17540,2429,2412,202,2614,30
2022-04-19,Mendocino,045,87422,13177,13128,3046,16174,122
2022-04-19,Merced,047,269075,62508,62322,8693,71015,813
2022-04-19,Modoc,049,8938,741,744,252,996,8
2022-04-19,Mono,051,14174,2988,2984,126,3110,6
2022-04-19,Monterey,053,433212,79777,79419,13806,93225,727
2022-04-19,Napa,055,140530,26183,26016,1000,27016,143
2022-04-19,Nevada,057,99092,16062,16034,1213,17247,127
2022-04-19,Orange,059,3164182,550004,549136,41741,590877,6963
2022-04-19,Placer,061,380077,63143,62928,7375,70303,619
2022-04-19,Plumas,063,18699,2983,2932,365,3297,13
2022-04-19,Riverside,065,2383286,593381,592224,27930,620154,6447
2022-04-19,Sacramento,067,1510023,282306,279326,26575,305901,2987
2022-04-19,San Benito,069,59416,12938,12971,515,13486,98
2022-04-19,San Bernardino,071,2135413,576639,565405,25043,590448,6977
2022-04-19,San Diego,073,3302833,756391,757138,53332,810470,5231
2022-04-19,San Francisco,075,870044,128582,127594,8452,136046,854
2022-04-19,San Joaquin,077,732212,167034,166531,9967,176498,2222
2022-04-19,San Luis Obispo,079,281455,52833,52740,3792,56532,476
2022-04-19,San Mateo,081,765935,124540,123279,7174,130453,701
2022-04-19,Santa Barbara,083,443738,86541,86214,4744,90958,685
2022-04-19,Santa Clara,085,1922200,316680,316355,12580,328935,2274
2022-04-19,Santa Cruz,087,273765,48809,47997,2122,50119,261
2022-04-19,Shasta,089,179085,30616,30590,6102,36692,554
2022-04-19,Sierra,091,2930,274,276,48,324,4
2022-04-19,Siskiyou,093,43540,4461,4446,2732,7178,80
2022-04-19,Solano,095,438530,82153,81841,5628,87469,447
2022-04-19,Sonoma,097,501317,84776,84429,2764,87193,485
2022-04-19,Stanislaus,099,539301,117903,117540,17890,135430,1630
2022-04-19,Sutter,101,95872,20532,20632,2091,22723,224
2022-04-19,Tehama,103,63373,12060,12061,2576,14637,199
2022-04-19,Trinity,105,12862,1184,1178,287,1465,20
2022-04-19,Tulare,107,460477,106431,105974,27632,133606,1439
2022-04-19,Tuolumne,109,53932,12723,12648,567,13215,180
2022-04-19,Ventura,111,848112,174139,173904,9479,183383,1475
2022-04-19,Yolo,113,214977,37530,36785,3069,39854,311
2022-04-19,Yuba,115,75493,15888,15868,1201,17069,121
2022-04-18,Alameda,001,1643700,260303,258734,14098,272832,1832
2022-04-18,Alpine,003,1148,124,124,1,125,0
2022-04-18,Amador,005,37829,8548,8494,650,9144,86
2022-04-18,Butte,007,227075,33368,33083,6984,40067,408
2022-04-18,Calaveras,009,45235,7293,7288,350,7638,119
2022-04-18,Colusa,011,21464,3457,3453,1047,4500,21
2022-04-18,Contra Costa,013,1133247,193273,190042,13464,203506,1299
2022-04-18,Del Norte,015,27424,5832,5814,184,5998,50
2022-04-18,El Dorado,017,186661,26899,26821,3213,30034,209
2022-04-18,Fresno,019,978130,232115,231568,24128,255696,2740
2022-04-18,Glenn,021,27897,5003,4988,1606,6594,48
2022-04-18,Humboldt,023,135768,17044,16976,2977,19953,145
2022-04-18,Imperial,025,180216,55434,55405,10554,65959,910
2022-04-18,Inyo,027,18085,4082,4075,491,4566,56
2022-04-18,Kern,029,883053,192153,191915,45822,237737,2262
2022-04-18,Kings,031,150075,51563,51571,3509,55080,445
2022-04-18,Lake,033,64148,10742,10711,888,11599,134
2022-04-18,Lassen,035,31185,8961,8951,875,9826,65
2022-04-18,Los Angeles,037,10098052,2729963,2721699,124376,2846075,31630
2022-04-18,Madera,039,155013,37294,37333,6030,43363,354
2022-04-18,Marin,041,260295,34192,33985,2605,36590,288
2022-04-18,Mariposa,043,17540,2427,2412,202,2614,30
2022-04-18,Mendocino,045,87422,13160,13128,3041,16169,122
2022-04-18,Merced,047,269075,62496,62322,8687,71009,813
2022-04-18,Modoc,049,8938,740,744,252,996,8
2022-04-18,Mono,051,14174,2987,2984,126,3110,6
2022-04-18,Monterey,053,433212,79704,79419,13790,93209,727
2022-04-18,Napa,055,140530,26147,26016,999,27015,143
2022-04-18,Nevada,057,99092,16052,16034,1211,17245,127
2022-04-18,Orange,059,3164182,549716,549136,41706,590842,6963
2022-04-18,Placer,061,380077,63110,62928,7373,70301,619
2022-04-18,Plumas,063,18699,2983,2932,365,3297,13
2022-04-18,Riverside,065,2383286,593172,592224,27910,620134,6447
2022-04-18,Sacramento,067,1510023,282150,279326,26563,305889,2987
2022-04-18,San Benito,069,59416,12932,12971,515,13486,98
2022-04-18,San Bernardino,071,2135413,576427,565405,25025,590430,6977
2022-04-18,San Diego,073,3302833,755921,757138,53273,810411,5231
2022-04-18,San Francisco,075,870044,128265,127594,8440,136034,854
2022-04-18,San Joaquin,077,732212,166974,166531,9960,176491,2222
2022-04-18,San Luis Obispo,079,281455,52804,52740,3787,56527,476
2022-04-18,San Mateo,081,765935,124308,123279,7154,130433,701
2022-04-18,Santa Barbara,083,443738,86470,86214,4739,90953,685
2022-04-18,Santa Clara,085,1922200,316234,316355,12556,328911,2274
2022-04-18,Santa Cruz,087,273765,48704,47997,2120,50117,261
2022-04-18,Shasta,089,179085,30610,30590,6099,36689,554
2022-04-18,Sierra,091,2930,274,276,48,324,4
2022-04-18,Siskiyou,093,43540,4460,4446,2731,7177,80
2022-04-18,Solano,095,438530,82088,81841,5622,87463,447
2022-04-18,Sonoma,097,501317,84676,84429,2749,87178,485
2022-04-18,Stanislaus,099,539301,117873,117540,17887,135427,1630
2022-04-18,Sutter,101,95872,20530,20632,2089,22721,224
2022-04-18,Tehama,103,63373,12056,12061,2576,14637,199
2022-04-18,Trinity,105,12862,1184,1178,287,1465,20
2022-04-18,Tulare,107,460477,106416,105974,27624,133598,1439
2022-04-18,Tuolumne,109,53932,12716,12648,566,13214,180
2022-04-18,Ventura,111,848112,174048,173904,9469,183373,1475
2022-04-18,Yolo,113,214977,37473,36785,3069,39854,311
2022-04-18,Yuba,115,75493,15879,15868,1200,17068,121
2022-04-17,Alameda,001,1643700,259911,257897,14072,271969,1829
2022-04-17,Alpine,003,1148,124,124,1,125,0
2022-04-17,Amador,005,37829,8543,8491,648,9139,86
2022-04-17,Butte,007,227075,33365,33053,6981,40034,405
2022-04-17,Calaveras,009,45235,7290,7275,349,7624,119
2022-04-17,Colusa,011,21464,3456,3450,1047,4497,21
2022-04-17,Contra Costa,013,1133247,193045,189742,13428,203170,1298
2022-04-17,Del Norte,015,27424,5827,5809,184,5993,50
2022-04-17,El Dorado,017,186661,26887,26796,3211,30007,209
2022-04-17,Fresno,019,978130,232038,231455,24123,255578,2739
2022-04-17,Glenn,021,27897,5003,4991,1606,6597,48
2022-04-17,Humboldt,023,135768,17009,16929,2971,19900,143
2022-04-17,Imperial,025,180216,55425,55371,10552,65923,910
2022-04-17,Inyo,027,18085,4080,4075,491,4566,56
2022-04-17,Kern,029,883053,192118,191866,45807,237673,2258
2022-04-17,Kings,031,150075,51552,51544,3507,55051,445
2022-04-17,Lake,033,64148,10741,10702,888,11590,134
2022-04-17,Lassen,035,31185,8961,8950,875,9825,65
2022-04-17,Los Angeles,037,10098052,2727968,2717479,124258,2841737,31598
2022-04-17,Madera,039,155013,37288,37362,6030,43392,354
2022-04-17,Marin,041,260295,34125,33829,2575,36404,288
2022-04-17,Mariposa,043,17540,2419,2406,202,2608,30
2022-04-17,Mendocino,045,87422,13145,13107,3037,16144,122
2022-04-17,Merced,047,269075,62476,62295,8681,70976,813
2022-04-17,Modoc,049,8938,740,743,252,995,8
2022-04-17,Mono,051,14174,2986,2977,126,3103,6
2022-04-17,Monterey,053,433212,79671,79311,13770,93081,727
2022-04-17,Napa,055,140530,26103,25929,993,26922,143
2022-04-17,Nevada,057,99092,16036,16014,1206,17220,123
2022-04-17,Orange,059,3164182,549353,548311,41658,589969,6945
2022-04-17,Placer,061,380077,63070,62882,7366,70248,618
2022-04-17,Plumas,063,18699,2983,2929,365,3294,13
2022-04-17,Riverside,065,2383286,592952,591772,27890,619662,6443
2022-04-17,Sacramento,067,1510023,281989,278523,26538,305061,2978
2022-04-17,San Benito,069,59416,12929,12926,514,13440,98
2022-04-17,San Bernardino,071,2135413,576189,564397,25011,589408,6948
2022-04-17,San Diego,073,3302833,755430,756165,53205,809370,5229
2022-04-17,San Francisco,075,870044,127947,126976,8424,135400,854
2022-04-17,San Joaquin,077,732212,166924,166645,9954,176599,2220
2022-04-17,San Luis Obispo,079,281455,52735,52698,3782,56480,476
2022-04-17,San Mateo,081,765935,124072,122652,7138,129790,699
2022-04-17,Santa Barbara,083,443738,86412,86030,4732,90762,684
2022-04-17,Santa Clara,085,1922200,315741,315296,12529,327825,2268
2022-04-17,Santa Cruz,087,273765,48582,47895,2118,50013,261
2022-04-17,Shasta,089,179085,30599,30578,6095,36673,554
2022-04-17,Sierra,091,2930,274,276,48,324,4
2022-04-17,Siskiyou,093,43540,4455,4444,2730,7174,80
2022-04-17,Solano,095,438530,82021,81781,5616,87397,447
2022-04-17,Sonoma,097,501317,84564,84172,2742,86914,485
2022-04-17,Stanislaus,099,539301,117843,117567,17880,135447,1619
2022-04-17,Sutter,101,95872,20525,20621,2088,22709,224
2022-04-17,Tehama,103,63373,12055,12061,2576,14637,199
2022-04-17,Trinity,105,12862,1183,1178,287,1465,20
2022-04-17,Tulare,107,460477,106402,105757,27615,133372,1428
2022-04-17,Tuolumne,109,53932,12710,12640,566,13206,180
2022-04-17,Ventura,111,848112,173951,173665,9450,183115,1474
2022-04-17,Yolo,113,214977,37424,36752,3067,39819,311
2022-04-17,Yuba,115,75493,15873,15857,1200,17057,121
2022-04-16,Alameda,001,1643700,259759,257897,14062,271959,1829
2022-04-16,Alpine,003,1148,124,124,1,125,0
2022-04-16,Amador,005,37829,8541,8491,648,9139,86
2022-04-16,Butte,007,227075,33361,33053,6979,40032,405
2022-04-16,Calaveras,009,45235,7288,7275,349,7624,119
2022-04-16,Colusa,011,21464,3456,3450,1047,4497,21
2022-04-16,Contra Costa,013,1133247,192954,189742,13422,203164,1298
2022-04-16,Del Norte,015,27424,5827,5809,184,5993,50
2022-04-16,El Dorado,017,186661,26876,26796,3211,30007,209
2022-04-16,Fresno,019,978130,232010,231455,24122,255577,2739
2022-04-16,Glenn,021,27897,5003,4991,1606,6597,48
2022-04-16,Humboldt,023,135768,17001,16929,2966,19895,143
2022-04-16,Imperial,025,180216,55419,55371,10551,65922,910
2022-04-16,Inyo,027,18085,4080,4075,491,4566,56
2022-04-16,Kern,029,883053,192107,191866,45795,237661,2258
2022-04-16,Kings,031,150075,51549,51544,3507,55051,445
2022-04-16,Lake,033,64148,10739,10702,888,11590,134
2022-04-16,Lassen,035,31185,8961,8950,875,9825,65
2022-04-16,Los Angeles,037,10098052,2727260,2717479,124208,2841687,31598
2022-04-16,Madera,039,155013,37286,37362,6030,43392,354
2022-04-16,Marin,041,260295,34087,33829,2549,36378,288
2022-04-16,Mariposa,043,17540,2418,2406,202,2608,30
2022-04-16,Mendocino,045,87422,13139,13107,3037,16144,122
2022-04-16,Merced,047,269075,62473,62295,8680,70975,813
2022-04-16,Modoc,049,8938,740,743,252,995,8
2022-04-16,Mono,051,14174,2986,2977,126,3103,6
2022-04-16,Monterey,053,433212,79656,79311,13761,93072,727
2022-04-16,Napa,055,140530,26080,25929,991,26920,143
2022-04-16,Nevada,057,99092,16033,16014,1203,17217,123
2022-04-16,Orange,059,3164182,549237,548311,41629,589940,6945
2022-04-16,Placer,061,380077,63054,62882,7364,70246,618
2022-04-16,Plumas,063,18699,2981,2929,365,3294,13
2022-04-16,Riverside,065,2383286,592872,591772,27884,619656,6443
2022-04-16,Sacramento,067,1510023,281938,278523,26533,305056,2978
2022-04-16,San Benito,069,59416,12928,12926,514,13440,98
2022-04-16,San Bernardino,071,2135413,576089,564397,25007,589404,6948
2022-04-16,San Diego,073,3302833,755283,756165,53191,809356,5229
2022-04-16,San Francisco,075,870044,127791,126976,8415,135391,854
2022-04-16,San Joaquin,077,732212,166884,166645,9950,176595,2220
2022-04-16,San Luis Obispo,079,281455,52729,52698,3781,56479,476
2022-04-16,San Mateo,081,765935,123976,122652,7131,129783,699
2022-04-16,Santa Barbara,083,443738,86382,86030,4732,90762,684
2022-04-16,Santa Clara,085,1922200,315500,315296,12521,327817,2268
2022-04-16,Santa Cruz,087,273765,48554,47895,2118,50013,261
2022-04-16,Shasta,089,179085,30595,30578,6095,36673,554
2022-04-16,Sierra,091,2930,274,276,48,324,4
2022-04-16,Siskiyou,093,43540,4455,4444,2730,7174,80
2022-04-16,Solano,095,438530,82006,81781,5614,87395,447
2022-04-16,Sonoma,097,501317,84515,84172,2733,86905,485
2022-04-16,Stanislaus,099,539301,117823,117567,17875,135442,1619
2022-04-16,Sutter,101,95872,20521,20621,2088,22709,224
2022-04-16,Tehama,103,63373,12054,12061,2576,14637,199
2022-04-16,Trinity,105,12862,1183,1178,287,1465,20
2022-04-16,Tulare,107,460477,106392,105757,27613,133370,1428
2022-04-16,Tuolumne,109,53932,12709,12640,566,13206,180
2022-04-16,Ventura,111,848112,173923,173665,9446,183111,1474
2022-04-16,Yolo,113,214977,37415,36752,3066,39818,311
2022-04-16,Yuba,115,75493,15869,15857,1200,17057,121
2022-04-15,Alameda,001,1643700,259577,257897,14054,271951,1829
2022-04-15,Alpine,003,1148,124,124,1,125,0
2022-04-15,Amador,005,37829,8540,8491,646,9137,86
2022-04-15,Butte,007,227075,33359,33053,6977,40030,405
2022-04-15,Calaveras,009,45235,7286,7275,349,7624,119
2022-04-15,Colusa,011,21464,3456,3450,1047,4497,21
2022-04-15,Contra Costa,013,1133247,192837,189742,13415,203157,1298
2022-04-15,Del Norte,015,27424,5826,5809,184,5993,50
2022-04-15,El Dorado,017,186661,26862,26796,3210,30006,209
2022-04-15,Fresno,019,978130,231981,231455,24121,255576,2739
2022-04-15,Glenn,021,27897,5002,4991,1606,6597,48
2022-04-15,Humboldt,023,135768,16989,16929,2965,19894,143
2022-04-15,Imperial,025,180216,55417,55371,10551,65922,910
2022-04-15,Inyo,027,18085,4080,4075,490,4565,56
2022-04-15,Kern,029,883053,192092,191866,45784,237650,2258
2022-04-15,Kings,031,150075,51545,51544,3507,55051,445
2022-04-15,Lake,033,64148,10734,10702,888,11590,134
2022-04-15,Lassen,035,31185,8961,8950,875,9825,65
2022-04-15,Los Angeles,037,10098052,2726486,2717479,124142,2841621,31598
2022-04-15,Madera,039,155013,37284,37362,6030,43392,354
2022-04-15,Marin,041,260295,34053,33829,2528,36357,288
2022-04-15,Mariposa,043,17540,2417,2406,202,2608,30
2022-04-15,Mendocino,045,87422,13133,13107,3035,16142,122
2022-04-15,Merced,047,269075,62469,62295,8680,70975,813
2022-04-15,Modoc,049,8938,740,743,252,995,8
2022-04-15,Mono,051,14174,2981,2977,125,3102,6
2022-04-15,Monterey,053,433212,79629,79311,13755,93066,727
2022-04-15,Napa,055,140530,26063,25929,990,26919,143
2022-04-15,Nevada,057,99092,16031,16014,1202,17216,123
2022-04-15,Orange,059,3164182,549116,548311,41599,589910,6945
2022-04-15,Placer,061,380077,63039,62882,7363,70245,618
2022-04-15,Plumas,063,18699,2981,2929,365,3294,13
2022-04-15,Riverside,065,2383286,592771,591772,27878,619650,6443
2022-04-15,Sacramento,067,1510023,281859,278523,26529,305052,2978
2022-04-15,San Benito,069,59416,12926,12926,513,13439,98
2022-04-15,San Bernardino,071,2135413,576007,564397,25004,589401,6948
2022-04-15,San Diego,073,3302833,755090,756165,53171,809336,5229
2022-04-15,San Francisco,075,870044,127641,126976,8400,135376,854
2022-04-15,San Joaquin,077,732212,166861,166645,9948,176593,2220
2022-04-15,San Luis Obispo,079,281455,52721,52698,3781,56479,476
2022-04-15,San Mateo,081,765935,123845,122652,7120,129772,699
2022-04-15,Santa Barbara,083,443738,86349,86030,4731,90761,684
2022-04-15,Santa Clara,085,1922200,315210,315296,12513,327809,2268
2022-04-15,Santa Cruz,087,273765,48526,47895,2117,50012,261
2022-04-15,Shasta,089,179085,30586,30578,6095,36673,554
2022-04-15,Sierra,091,2930,274,276,48,324,4
2022-04-15,Siskiyou,093,43540,4453,4444,2730,7174,80
2022-04-15,Solano,095,438530,81981,81781,5614,87395,447
2022-04-15,Sonoma,097,501317,84462,84172,2717,86889,485
2022-04-15,Stanislaus,099,539301,117803,117567,17873,135440,1619
2022-04-15,Sutter,101,95872,20518,20621,2088,22709,224
2022-04-15,Tehama,103,63373,12054,12061,2576,14637,199
2022-04-15,Trinity,105,12862,1183,1178,287,1465,20
2022-04-15,Tulare,107,460477,106386,105757,27607,133364,1428
2022-04-15,Tuolumne,109,53932,12706,12640,563,13203,180
2022-04-15,Ventura,111,848112,173894,173665,9440,183105,1474
2022-04-15,Yolo,113,214977,37398,36752,3066,39818,311
2022-04-15,Yuba,115,75493,15866,15857,1200,17057,121
2022-04-14,Alameda,001,1643700,259312,257897,14044,271941,1829
2022-04-14,Alpine,003,1148,124,124,1,125,0
2022-04-14,Amador,005,37829,8540,8491,646,9137,86
2022-04-14,Butte,007,227075,33354,33053,6974,40027,405
2022-04-14,Calaveras,009,45235,7285,7275,349,7624,119
2022-04-14,Colusa,011,21464,3456,3450,1047,4497,21
2022-04-14,Contra Costa,013,1133247,192681,189742,13403,203145,1298
2022-04-14,Del Norte,015,27424,5824,5809,184,5993,50
2022-04-14,El Dorado,017,186661,26859,26796,3208,30004,209
2022-04-14,Fresno,019,978130,231954,231455,24120,255575,2739
2022-04-14,Glenn,021,27897,5002,4991,1604,6595,48
2022-04-14,Humboldt,023,135768,16975,16929,2964,19893,143
2022-04-14,Imperial,025,180216,55407,55371,10551,65922,910
2022-04-14,Inyo,027,18085,4080,4075,489,4564,56
2022-04-14,Kern,029,883053,192073,191866,45776,237642,2258
2022-04-14,Kings,031,150075,51537,51544,3507,55051,445
2022-04-14,Lake,033,64148,10733,10702,888,11590,134
2022-04-14,Lassen,035,31185,8961,8950,874,9824,65
2022-04-14,Los Angeles,037,10098052,2725399,2717479,124053,2841532,31598
2022-04-14,Madera,039,155013,37282,37362,6030,43392,354
2022-04-14,Marin,041,260295,34020,33829,2500,36329,288
2022-04-14,Mariposa,043,17540,2416,2406,202,2608,30
2022-04-14,Mendocino,045,87422,13128,13107,3035,16142,122
2022-04-14,Merced,047,269075,62465,62295,8679,70974,813
2022-04-14,Modoc,049,8938,739,743,252,995,8
2022-04-14,Mono,051,14174,2981,2977,124,3101,6
2022-04-14,Monterey,053,433212,79604,79311,13750,93061,727
2022-04-14,Napa,055,140530,26041,25929,989,26918,143
2022-04-14,Nevada,057,99092,16024,16014,1201,17215,123
2022-04-14,Orange,059,3164182,548927,548311,41572,589883,6945
2022-04-14,Placer,061,380077,63021,62882,7358,70240,618
2022-04-14,Plumas,063,18699,2981,2929,365,3294,13
2022-04-14,Riverside,065,2383286,592651,591772,27868,619640,6443
2022-04-14,Sacramento,067,1510023,281740,278523,26515,305038,2978
2022-04-14,San Benito,069,59416,12920,12926,513,13439,98
2022-04-14,San Bernardino,071,2135413,575836,564397,24999,589396,6948
2022-04-14,San Diego,073,3302833,754812,756165,53133,809298,5229
2022-04-14,San Francisco,075,870044,127440,126976,8388,135364,854
2022-04-14,San Joaquin,077,732212,166829,166645,9947,176592,2220
2022-04-14,San Luis Obispo,079,281455,52705,52698,3777,56475,476
2022-04-14,San Mateo,081,765935,123690,122652,7102,129754,699
2022-04-14,Santa Barbara,083,443738,86304,86030,4729,90759,684
2022-04-14,Santa Clara,085,1922200,314911,315296,12504,327800,2268
2022-04-14,Santa Cruz,087,273765,48496,47895,2116,50011,261
2022-04-14,Shasta,089,179085,30584,30578,6094,36672,554
2022-04-14,Sierra,091,2930,274,276,48,324,4
2022-04-14,Siskiyou,093,43540,4453,4444,2729,7173,80
2022-04-14,Solano,095,438530,81941,81781,5608,87389,447
2022-04-14,Sonoma,097,501317,84371,84172,2712,86884,485
2022-04-14,Stanislaus,099,539301,117783,117567,17870,135437,1619
2022-04-14,Sutter,101,95872,20516,20621,2079,22700,224
2022-04-14,Tehama,103,63373,12053,12061,2575,14636,199
2022-04-14,Trinity,105,12862,1183,1178,287,1465,20
2022-04-14,Tulare,107,460477,106372,105757,27603,133360,1428
2022-04-14,Tuolumne,109,53932,12702,12640,562,13202,180
2022-04-14,Ventura,111,848112,173845,173665,9434,183099,1474
2022-04-14,Yolo,113,214977,37371,36752,3063,39815,311
2022-04-14,Yuba,115,75493,15863,15857,1200,17057,121
2022-04-13,Alameda,001,1643700,259060,257440,14024,271464,1833
2022-04-13,Alpine,003,1148,124,124,1,125,0
2022-04-13,Amador,005,37829,8538,8490,646,9136,86
2022-04-13,Butte,007,227075,33345,33044,6974,40018,402
2022-04-13,Calaveras,009,45235,7284,7270,349,7619,119
2022-04-13,Colusa,011,21464,3456,3451,1047,4498,21
2022-04-13,Contra Costa,013,1133247,192548,189471,13389,202860,1298
2022-04-13,Del Norte,015,27424,5822,5812,184,5996,50
2022-04-13,El Dorado,017,186661,26855,26794,3208,30002,208
2022-04-13,Fresno,019,978130,231921,231325,24108,255433,2738
2022-04-13,Glenn,021,27897,5000,4989,1604,6593,48
2022-04-13,Humboldt,023,135768,16961,16922,2963,19885,143
2022-04-13,Imperial,025,180216,55394,55353,10549,65902,910
2022-04-13,Inyo,027,18085,4080,4074,486,4560,56
2022-04-13,Kern,029,883053,192049,191859,45770,237629,2249
2022-04-13,Kings,031,150075,51531,51535,3507,55042,443
2022-04-13,Lake,033,64148,10731,10695,888,11583,134
2022-04-13,Lassen,035,31185,8960,8949,874,9823,65
2022-04-13,Los Angeles,037,10098052,2724138,2715722,123977,2839699,31578
2022-04-13,Madera,039,155013,37279,37361,6030,43391,354
2022-04-13,Marin,041,260295,33981,33747,2471,36218,288
2022-04-13,Mariposa,043,17540,2410,2402,202,2604,29
2022-04-13,Mendocino,045,87422,13119,13101,3033,16134,120
2022-04-13,Merced,047,269075,62455,62276,8678,70954,811
2022-04-13,Modoc,049,8938,739,743,252,995,8
2022-04-13,Mono,051,14174,2979,2971,124,3095,6
2022-04-13,Monterey,053,433212,79591,79179,13743,92922,727
2022-04-13,Napa,055,140530,26024,25892,986,26878,143
2022-04-13,Nevada,057,99092,16018,16002,1201,17203,123
2022-04-13,Orange,059,3164182,548732,547783,41549,589332,6935
2022-04-13,Placer,061,380077,62994,62851,7354,70205,615
2022-04-13,Plumas,063,18699,2980,2923,365,3288,13
2022-04-13,Riverside,065,2383286,592512,591659,27861,619520,6437
2022-04-13,Sacramento,067,1510023,281654,277866,26512,304378,2974
2022-04-13,San Benito,069,59416,12914,12927,513,13440,98
2022-04-13,San Bernardino,071,2135413,575691,563709,24994,588703,6905
2022-04-13,San Diego,073,3302833,754527,755584,53101,808685,5223
2022-04-13,San Francisco,075,870044,127271,126608,8368,134976,850
2022-04-13,San Joaquin,077,732212,166794,166654,9945,176599,2219
2022-04-13,San Luis Obispo,079,281455,52681,52660,3777,56437,476
2022-04-13,San Mateo,081,765935,123539,122167,7078,129245,699
2022-04-13,Santa Barbara,083,443738,86266,85938,4724,90662,684
2022-04-13,Santa Clara,085,1922200,314642,314863,12487,327350,2267
2022-04-13,Santa Cruz,087,273765,48442,47765,2115,49880,260
2022-04-13,Shasta,089,179085,30582,30569,6094,36663,551
2022-04-13,Sierra,091,2930,274,276,48,324,4
2022-04-13,Siskiyou,093,43540,4452,4444,2728,7172,80
2022-04-13,Solano,095,438530,81903,81843,5605,87448,448
2022-04-13,Sonoma,097,501317,84301,84033,2698,86731,485
2022-04-13,Stanislaus,099,539301,117765,117573,17865,135438,1577
2022-04-13,Sutter,101,95872,20512,20610,2079,22689,223
2022-04-13,Tehama,103,63373,12052,12062,2574,14636,200
2022-04-13,Trinity,105,12862,1183,1177,287,1464,20
2022-04-13,Tulare,107,460477,106364,105519,27598,133117,1426
2022-04-13,Tuolumne,109,53932,12696,12639,562,13201,180
2022-04-13,Ventura,111,848112,173788,173558,9428,182986,1474
2022-04-13,Yolo,113,214977,37332,36684,3061,39745,311
2022-04-13,Yuba,115,75493,15859,15851,1200,17051,121
2022-04-12,Alameda,001,1643700,258816,257440,14015,271455,1833
2022-04-12,Alpine,003,1148,124,124,1,125,0
2022-04-12,Amador,005,37829,8537,8490,646,9136,86
2022-04-12,Butte,007,227075,33333,33044,6968,40012,402
2022-04-12,Calaveras,009,45235,7280,7270,348,7618,119
2022-04-12,Colusa,011,21464,3456,3451,1047,4498,21
2022-04-12,Contra Costa,013,1133247,192394,189471,13375,202846,1298
2022-04-12,Del Norte,015,27424,5819,5812,184,5996,50
2022-04-12,El Dorado,017,186661,26843,26794,3208,30002,208
2022-04-12,Fresno,019,978130,231891,231325,24101,255426,2738
2022-04-12,Glenn,021,27897,5000,4989,1604,6593,48
2022-04-12,Humboldt,023,135768,16953,16922,2961,19883,143
2022-04-12,Imperial,025,180216,55390,55353,10540,65893,910
2022-04-12,Inyo,027,18085,4080,4074,486,4560,56
2022-04-12,Kern,029,883053,192029,191859,45761,237620,2249
2022-04-12,Kings,031,150075,51523,51535,3505,55040,443
2022-04-12,Lake,033,64148,10727,10695,887,11582,134
2022-04-12,Lassen,035,31185,8960,8949,874,9823,65
2022-04-12,Los Angeles,037,10098052,2722890,2715722,123877,2839599,31578
2022-04-12,Madera,039,155013,37278,37361,6030,43391,354
2022-04-12,Marin,041,260295,33936,33747,2444,36191,288
2022-04-12,Mariposa,043,17540,2410,2402,202,2604,29
2022-04-12,Mendocino,045,87422,13111,13101,3027,16128,120
2022-04-12,Merced,047,269075,62441,62276,8676,70952,811
2022-04-12,Modoc,049,8938,739,743,251,994,8
2022-04-12,Mono,051,14174,2979,2971,124,3095,6
2022-04-12,Monterey,053,433212,79567,79179,13736,92915,727
2022-04-12,Napa,055,140530,26001,25892,976,26868,143
2022-04-12,Nevada,057,99092,16015,16002,1200,17202,123
2022-04-12,Orange,059,3164182,548481,547783,41517,589300,6935
2022-04-12,Placer,061,380077,62971,62851,7349,70200,615
2022-04-12,Plumas,063,18699,2979,2923,365,3288,13
2022-04-12,Riverside,065,2383286,592369,591659,27841,619500,6437
2022-04-12,Sacramento,067,1510023,281539,277866,26510,304376,2974
2022-04-12,San Benito,069,59416,12909,12927,512,13439,98
2022-04-12,San Bernardino,071,2135413,575516,563709,24991,588700,6905
2022-04-12,San Diego,073,3302833,754194,755584,53059,808643,5223
2022-04-12,San Francisco,075,870044,127059,126608,8354,134962,850
2022-04-12,San Joaquin,077,732212,166764,166654,9943,176597,2219
2022-04-12,San Luis Obispo,079,281455,52647,52660,3771,56431,476
2022-04-12,San Mateo,081,765935,123382,122167,7056,129223,699
2022-04-12,Santa Barbara,083,443738,86220,85938,4720,90658,684
2022-04-12,Santa Clara,085,1922200,314351,314863,12476,327339,2267
2022-04-12,Santa Cruz,087,273765,48362,47765,2112,49877,260
2022-04-12,Shasta,089,179085,30582,30569,6093,36662,551
2022-04-12,Sierra,091,2930,274,276,48,324,4
2022-04-12,Siskiyou,093,43540,4452,4444,2726,7170,80
2022-04-12,Solano,095,438530,81863,81843,5603,87446,448
2022-04-12,Sonoma,097,501317,84242,84033,2692,86725,485
2022-04-12,Stanislaus,099,539301,117745,117573,17861,135434,1577
2022-04-12,Sutter,101,95872,20509,20610,2079,22689,223
2022-04-12,Tehama,103,63373,12050,12062,2574,14636,200
2022-04-12,Trinity,105,12862,1183,1177,287,1464,20
2022-04-12,Tulare,107,460477,106349,105519,27593,133112,1426
2022-04-12,Tuolumne,109,53932,12694,12639,560,13199,180
2022-04-12,Ventura,111,848112,173740,173558,9422,182980,1474
2022-04-12,Yolo,113,214977,37292,36684,3055,39739,311
2022-04-12,Yuba,115,75493,15854,15851,1200,17051,121
2022-04-11,Alameda,001,1643700,258524,256649,13998,270647,1826
2022-04-11,Alpine,003,1148,124,124,1,125,0
2022-04-11,Amador,005,37829,8536,8489,646,9135,86
2022-04-11,Butte,007,227075,33320,33031,6964,39995,399
2022-04-11,Calaveras,009,45235,7277,7260,348,7608,119
2022-04-11,Colusa,011,21464,3454,3449,1047,4496,21
2022-04-11,Contra Costa,013,1133247,192227,189154,13358,202512,1296
2022-04-11,Del Norte,015,27424,5818,5811,184,5995,50
2022-04-11,El Dorado,017,186661,26830,26757,3207,29964,207
2022-04-11,Fresno,019,978130,231869,231090,24100,255190,2731
2022-04-11,Glenn,021,27897,4999,4988,1603,6591,47
2022-04-11,Humboldt,023,135768,16938,16913,2959,19872,141
2022-04-11,Imperial,025,180216,55385,55267,10538,65805,910
2022-04-11,Inyo,027,18085,4080,4071,486,4557,56
2022-04-11,Kern,029,883053,192004,191542,45759,237301,2244
2022-04-11,Kings,031,150075,51519,51519,3505,55024,443
2022-04-11,Lake,033,64148,10726,10690,886,11576,134
2022-04-11,Lassen,035,31185,8960,8948,874,9822,65
2022-04-11,Los Angeles,037,10098052,2721630,2709735,123803,2833538,31509
2022-04-11,Madera,039,155013,37271,37356,6030,43386,354
2022-04-11,Marin,041,260295,33880,33648,2425,36073,288
2022-04-11,Mariposa,043,17540,2409,2394,202,2596,29
2022-04-11,Mendocino,045,87422,13107,13087,3025,16112,120
2022-04-11,Merced,047,269075,62431,62231,8674,70905,811
2022-04-11,Modoc,049,8938,739,743,251,994,8
2022-04-11,Mono,051,14174,2978,2967,123,3090,6
2022-04-11,Monterey,053,433212,79547,79103,13727,92830,727
2022-04-11,Napa,055,140530,25984,25824,974,26798,144
2022-04-11,Nevada,057,99092,16011,15976,1200,17176,123
2022-04-11,Orange,059,3164182,548276,546983,41484,588467,6912
2022-04-11,Placer,061,380077,62949,62831,7348,70179,616
2022-04-11,Plumas,063,18699,2977,2887,365,3252,13
2022-04-11,Riverside,065,2383286,592242,591268,27824,619092,6429
2022-04-11,Sacramento,067,1510023,281439,277125,26508,303633,2972
2022-04-11,San Benito,069,59416,12908,12917,512,13429,98
2022-04-11,San Bernardino,071,2135413,575365,562571,24982,587553,6892
2022-04-11,San Diego,073,3302833,753867,754281,53019,807300,5210
2022-04-11,San Francisco,075,870044,126827,125963,8342,134305,844
2022-04-11,San Joaquin,077,732212,166726,166547,9937,176484,2212
2022-04-11,San Luis Obispo,079,281455,52624,52609,3770,56379,476
2022-04-11,San Mateo,081,765935,123196,121514,7042,128556,698
2022-04-11,Santa Barbara,083,443738,86171,85754,4715,90469,680
2022-04-11,Santa Clara,085,1922200,314007,313965,12461,326426,2266
2022-04-11,Santa Cruz,087,273765,48267,47624,2109,49733,259
2022-04-11,Shasta,089,179085,30577,30586,6092,36678,549
2022-04-11,Sierra,091,2930,274,272,48,320,4
2022-04-11,Siskiyou,093,43540,4452,4444,2724,7168,80
2022-04-11,Solano,095,438530,81835,81886,5602,87488,448
2022-04-11,Sonoma,097,501317,84174,83600,2680,86280,485
2022-04-11,Stanislaus,099,539301,117711,117528,17853,135381,1578
2022-04-11,Sutter,101,95872,20506,20591,2079,22670,223
2022-04-11,Tehama,103,63373,12049,12059,2573,14632,201
2022-04-11,Trinity,105,12862,1183,1177,287,1464,20
2022-04-11,Tulare,107,460477,106338,105278,27585,132863,1415
2022-04-11,Tuolumne,109,53932,12691,12632,560,13192,180
2022-04-11,Ventura,111,848112,173681,173343,9421,182764,1467
2022-04-11,Yolo,113,214977,37255,36587,3053,39640,312
2022-04-11,Yuba,115,75493,15851,15848,1199,17047,121
2022-04-10,Alameda,001,1643700,258191,256649,13987,270636,1826
2022-04-10,Alpine,003,1148,124,124,1,125,0
2022-04-10,Amador,005,37829,8534,8489,646,9135,86
2022-04-10,Butte,007,227075,33316,33031,6960,39991,399
2022-04-10,Calaveras,009,45235,7274,7260,348,7608,119
2022-04-10,Colusa,011,21464,3453,3449,1047,4496,21
2022-04-10,Contra Costa,013,1133247,192067,189154,13338,202492,1296
2022-04-10,Del Norte,015,27424,5815,5811,184,5995,50
2022-04-10,El Dorado,017,186661,26823,26757,3205,29962,207
2022-04-10,Fresno,019,978130,231831,231090,24098,255188,2731
2022-04-10,Glenn,021,27897,4999,4988,1603,6591,47
2022-04-10,Humboldt,023,135768,16928,16913,2957,19870,141
2022-04-10,Imperial,025,180216,55381,55267,10536,65803,910
2022-04-10,Inyo,027,18085,4080,4071,484,4555,56
2022-04-10,Kern,029,883053,191985,191542,45754,237296,2244
2022-04-10,Kings,031,150075,51517,51519,3505,55024,443
2022-04-10,Lake,033,64148,10722,10690,884,11574,134
2022-04-10,Lassen,035,31185,8959,8948,874,9822,65
2022-04-10,Los Angeles,037,10098052,2720302,2709735,123711,2833446,31509
2022-04-10,Madera,039,155013,37266,37356,6029,43385,354
2022-04-10,Marin,041,260295,33840,33648,2396,36044,288
2022-04-10,Mariposa,043,17540,2407,2394,202,2596,29
2022-04-10,Mendocino,045,87422,13099,13087,3024,16111,120
2022-04-10,Merced,047,269075,62420,62231,8672,70903,811
2022-04-10,Modoc,049,8938,739,743,251,994,8
2022-04-10,Mono,051,14174,2975,2967,123,3090,6
2022-04-10,Monterey,053,433212,79531,79103,13717,92820,727
2022-04-10,Napa,055,140530,25962,25824,972,26796,144
2022-04-10,Nevada,057,99092,15994,15976,1200,17176,123
2022-04-10,Orange,059,3164182,548026,546983,41446,588429,6912
2022-04-10,Placer,061,380077,62915,62831,7347,70178,616
2022-04-10,Plumas,063,18699,2975,2887,365,3252,13
2022-04-10,Riverside,065,2383286,592090,591268,27811,619079,6429
2022-04-10,Sacramento,067,1510023,281341,277125,26499,303624,2972
2022-04-10,San Benito,069,59416,12905,12917,512,13429,98
2022-04-10,San Bernardino,071,2135413,575133,562571,24973,587544,6892
2022-04-10,San Diego,073,3302833,753541,754281,52971,807252,5210
2022-04-10,San Francisco,075,870044,126588,125963,8326,134289,844
2022-04-10,San Joaquin,077,732212,166679,166547,9930,176477,2212
2022-04-10,San Luis Obispo,079,281455,52590,52609,3767,56376,476
2022-04-10,San Mateo,081,765935,123029,121514,7027,128541,698
2022-04-10,Santa Barbara,083,443738,86087,85754,4705,90459,680
2022-04-10,Santa Clara,085,1922200,313680,313965,12447,326412,2266
2022-04-10,Santa Cruz,087,273765,48178,47624,2108,49732,259
2022-04-10,Shasta,089,179085,30570,30586,6092,36678,549
2022-04-10,Sierra,091,2930,274,272,48,320,4
2022-04-10,Siskiyou,093,43540,4452,4444,2723,7167,80
2022-04-10,Solano,095,438530,81788,81886,5597,87483,448
2022-04-10,Sonoma,097,501317,84073,83600,2673,86273,485
2022-04-10,Stanislaus,099,539301,117688,117528,17846,135374,1578
2022-04-10,Sutter,101,95872,20502,20591,2075,22666,223
2022-04-10,Tehama,103,63373,12047,12059,2573,14632,201
2022-04-10,Trinity,105,12862,1183,1177,287,1464,20
2022-04-10,Tulare,107,460477,106324,105278,27578,132856,1415
2022-04-10,Tuolumne,109,53932,12684,12632,560,13192,180
2022-04-10,Ventura,111,848112,173602,173343,9416,182759,1467
2022-04-10,Yolo,113,214977,37224,36587,3048,39635,312
2022-04-10,Yuba,115,75493,15850,15848,1199,17047,121
2022-04-09,Alameda,001,1643700,258015,256649,13982,270631,1826
2022-04-09,Alpine,003,1148,124,124,1,125,0
2022-04-09,Amador,005,37829,8534,8489,645,9134,86
2022-04-09,Butte,007,227075,33313,33031,6960,39991,399
2022-04-09,Calaveras,009,45235,7273,7260,348,7608,119
2022-04-09,Colusa,011,21464,3452,3449,1047,4496,21
2022-04-09,Contra Costa,013,1133247,191971,189154,13331,202485,1296
2022-04-09,Del Norte,015,27424,5814,5811,184,5995,50
2022-04-09,El Dorado,017,186661,26816,26757,3205,29962,207
2022-04-09,Fresno,019,978130,231810,231090,24098,255188,2731
2022-04-09,Glenn,021,27897,4999,4988,1603,6591,47
2022-04-09,Humboldt,023,135768,16921,16913,2957,19870,141
2022-04-09,Imperial,025,180216,55376,55267,10536,65803,910
2022-04-09,Inyo,027,18085,4080,4071,484,4555,56
2022-04-09,Kern,029,883053,191976,191542,45749,237291,2244
2022-04-09,Kings,031,150075,51511,51519,3505,55024,443
2022-04-09,Lake,033,64148,10720,10690,884,11574,134
2022-04-09,Lassen,035,31185,8959,8948,874,9822,65
2022-04-09,Los Angeles,037,10098052,2719622,2709735,123638,2833373,31509
2022-04-09,Madera,039,155013,37263,37356,6029,43385,354
2022-04-09,Marin,041,260295,33807,33648,2353,36001,288
2022-04-09,Mariposa,043,17540,2407,2394,202,2596,29
2022-04-09,Mendocino,045,87422,13097,13087,3024,16111,120
2022-04-09,Merced,047,269075,62408,62231,8670,70901,811
2022-04-09,Modoc,049,8938,739,743,251,994,8
2022-04-09,Mono,051,14174,2974,2967,122,3089,6
2022-04-09,Monterey,053,433212,79522,79103,13713,92816,727
2022-04-09,Napa,055,140530,25937,25824,972,26796,144
2022-04-09,Nevada,057,99092,15991,15976,1200,17176,123
2022-04-09,Orange,059,3164182,547905,546983,41425,588408,6912
2022-04-09,Placer,061,380077,62900,62831,7345,70176,616
2022-04-09,Plumas,063,18699,2975,2887,365,3252,13
2022-04-09,Riverside,065,2383286,592000,591268,27801,619069,6429
2022-04-09,Sacramento,067,1510023,281294,277125,26497,303622,2972
2022-04-09,San Benito,069,59416,12904,12917,511,13428,98
2022-04-09,San Bernardino,071,2135413,575068,562571,24970,587541,6892
2022-04-09,San Diego,073,3302833,753393,754281,52957,807238,5210
2022-04-09,San Francisco,075,870044,126464,125963,8319,134282,844
2022-04-09,San Joaquin,077,732212,166663,166547,9927,176474,2212
2022-04-09,San Luis Obispo,079,281455,52590,52609,3764,56373,476
2022-04-09,San Mateo,081,765935,122939,121514,7020,128534,698
2022-04-09,Santa Barbara,083,443738,86054,85754,4705,90459,680
2022-04-09,Santa Clara,085,1922200,313484,313965,12444,326409,2266
2022-04-09,Santa Cruz,087,273765,48145,47624,2106,49730,259
2022-04-09,Shasta,089,179085,30568,30586,6092,36678,549
2022-04-09,Sierra,091,2930,274,272,48,320,4
2022-04-09,Siskiyou,093,43540,4451,4444,2722,7166,80
2022-04-09,Solano,095,438530,81770,81886,5595,87481,448
2022-04-09,Sonoma,097,501317,84034,83600,2669,86269,485
2022-04-09,Stanislaus,099,539301,117675,117528,17844,135372,1578
2022-04-09,Sutter,101,95872,20502,20591,2075,22666,223
2022-04-09,Tehama,103,63373,12047,12059,2573,14632,201
2022-04-09,Trinity,105,12862,1183,1177,287,1464,20
2022-04-09,Tulare,107,460477,106321,105278,27576,132854,1415
2022-04-09,Tuolumne,109,53932,12682,12632,560,13192,180
2022-04-09,Ventura,111,848112,173565,173343,9413,182756,1467
2022-04-09,Yolo,113,214977,37205,36587,3048,39635,312
2022-04-09,Yuba,115,75493,15849,15848,1199,17047,121
2022-04-08,Alameda,001,1643700,257856,256649,13976,270625,1826
2022-04-08,Alpine,003,1148,124,124,1,125,0
2022-04-08,Amador,005,37829,8532,8489,644,9133,86
2022-04-08,Butte,007,227075,33307,33031,6957,39988,399
2022-04-08,Calaveras,009,45235,7271,7260,348,7608,119
2022-04-08,Colusa,011,21464,3452,3449,1047,4496,21
2022-04-08,Contra Costa,013,1133247,191893,189154,13318,202472,1296
2022-04-08,Del Norte,015,27424,5812,5811,184,5995,50
2022-04-08,El Dorado,017,186661,26814,26757,3205,29962,207
2022-04-08,Fresno,019,978130,231790,231090,24096,255186,2731
2022-04-08,Glenn,021,27897,4999,4988,1603,6591,47
2022-04-08,Humboldt,023,135768,16917,16913,2955,19868,141
2022-04-08,Imperial,025,180216,55372,55267,10536,65803,910
2022-04-08,Inyo,027,18085,4078,4071,483,4554,56
2022-04-08,Kern,029,883053,191957,191542,45748,237290,2244
2022-04-08,Kings,031,150075,51506,51519,3505,55024,443
2022-04-08,Lake,033,64148,10720,10690,884,11574,134
2022-04-08,Lassen,035,31185,8959,8948,874,9822,65
2022-04-08,Los Angeles,037,10098052,2718993,2709735,123583,2833318,31509
2022-04-08,Madera,039,155013,37261,37356,6028,43384,354
2022-04-08,Marin,041,260295,33787,33648,2337,35985,288
2022-04-08,Mariposa,043,17540,2407,2394,201,2595,29
2022-04-08,Mendocino,045,87422,13095,13087,3024,16111,120
2022-04-08,Merced,047,269075,62403,62231,8667,70898,811
2022-04-08,Modoc,049,8938,739,743,251,994,8
2022-04-08,Mono,051,14174,2972,2967,122,3089,6
2022-04-08,Monterey,053,433212,79512,79103,13712,92815,727
2022-04-08,Napa,055,140530,25925,25824,964,26788,144
2022-04-08,Nevada,057,99092,15988,15976,1200,17176,123
2022-04-08,Orange,059,3164182,547786,546983,41411,588394,6912
2022-04-08,Placer,061,380077,62882,62831,7343,70174,616
2022-04-08,Plumas,063,18699,2972,2887,365,3252,13
2022-04-08,Riverside,065,2383286,591924,591268,27798,619066,6429
2022-04-08,Sacramento,067,1510023,281248,277125,26496,303621,2972
2022-04-08,San Benito,069,59416,12904,12917,511,13428,98
2022-04-08,San Bernardino,071,2135413,575015,562571,24967,587538,6892
2022-04-08,San Diego,073,3302833,753223,754281,52946,807227,5210
2022-04-08,San Francisco,075,870044,126368,125963,8314,134277,844
2022-04-08,San Joaquin,077,732212,166645,166547,9925,176472,2212
2022-04-08,San Luis Obispo,079,281455,52585,52609,3764,56373,476
2022-04-08,San Mateo,081,765935,122832,121514,7015,128529,698
2022-04-08,Santa Barbara,083,443738,86033,85754,4705,90459,680
2022-04-08,Santa Clara,085,1922200,313298,313965,12437,326402,2266
2022-04-08,Santa Cruz,087,273765,48128,47624,2103,49727,259
2022-04-08,Shasta,089,179085,30565,30586,6092,36678,549
2022-04-08,Sierra,091,2930,274,272,48,320,4
2022-04-08,Siskiyou,093,43540,4451,4444,2722,7166,80
2022-04-08,Solano,095,438530,81750,81886,5594,87480,448
2022-04-08,Sonoma,097,501317,83983,83600,2665,86265,485
2022-04-08,Stanislaus,099,539301,117660,117528,17842,135370,1578
2022-04-08,Sutter,101,95872,20502,20591,2075,22666,223
2022-04-08,Tehama,103,63373,12047,12059,2573,14632,201
2022-04-08,Trinity,105,12862,1183,1177,287,1464,20
2022-04-08,Tulare,107,460477,106316,105278,27572,132850,1415
2022-04-08,Tuolumne,109,53932,12681,12632,559,13191,180
2022-04-08,Ventura,111,848112,173536,173343,9411,182754,1467
2022-04-08,Yolo,113,214977,37196,36587,3047,39634,312
2022-04-08,Yuba,115,75493,15848,15848,1199,17047,121
2022-04-07,Alameda,001,1643700,257662,256649,13969,270618,1826
2022-04-07,Alpine,003,1148,124,124,1,125,0
2022-04-07,Amador,005,37829,8531,8489,641,9130,86
2022-04-07,Butte,007,227075,33303,33031,6955,39986,399
2022-04-07,Calaveras,009,45235,7269,7260,348,7608,119
2022-04-07,Colusa,011,21464,3451,3449,1047,4496,21
2022-04-07,Contra Costa,013,1133247,191774,189154,13306,202460,1296
2022-04-07,Del Norte,015,27424,5811,5811,184,5995,50
2022-04-07,El Dorado,017,186661,26802,26757,3203,29960,207
2022-04-07,Fresno,019,978130,231764,231090,24095,255185,2731
2022-04-07,Glenn,021,27897,4998,4988,1602,6590,47
2022-04-07,Humboldt,023,135768,16910,16913,2953,19866,141
2022-04-07,Imperial,025,180216,55370,55267,10534,65801,910
2022-04-07,Inyo,027,18085,4078,4071,483,4554,56
2022-04-07,Kern,029,883053,191933,191542,45745,237287,2244
2022-04-07,Kings,031,150075,51498,51519,3505,55024,443
2022-04-07,Lake,033,64148,10716,10690,884,11574,134
2022-04-07,Lassen,035,31185,8959,8948,874,9822,65
2022-04-07,Los Angeles,037,10098052,2718076,2709735,123509,2833244,31509
2022-04-07,Madera,039,155013,37257,37356,6028,43384,354
2022-04-07,Marin,041,260295,33768,33648,2318,35966,288
2022-04-07,Mariposa,043,17540,2404,2394,200,2594,29
2022-04-07,Mendocino,045,87422,13091,13087,3023,16110,120
2022-04-07,Merced,047,269075,62393,62231,8662,70893,811
2022-04-07,Modoc,049,8938,739,743,251,994,8
2022-04-07,Mono,051,14174,2971,2967,122,3089,6
2022-04-07,Monterey,053,433212,79490,79103,13708,92811,727
2022-04-07,Napa,055,140530,25909,25824,960,26784,144
2022-04-07,Nevada,057,99092,15980,15976,1199,17175,123
2022-04-07,Orange,059,3164182,547630,546983,41383,588366,6912
2022-04-07,Placer,061,380077,62865,62831,7340,70171,616
2022-04-07,Plumas,063,18699,2972,2887,365,3252,13
2022-04-07,Riverside,065,2383286,591822,591268,27784,619052,6429
2022-04-07,Sacramento,067,1510023,281182,277125,26489,303614,2972
2022-04-07,San Benito,069,59416,12903,12917,511,13428,98
2022-04-07,San Bernardino,071,2135413,574855,562571,24954,587525,6892
2022-04-07,San Diego,073,3302833,752955,754281,52914,807195,5210
2022-04-07,San Francisco,075,870044,126211,125963,8299,134262,844
2022-04-07,San Joaquin,077,732212,166605,166547,9922,176469,2212
2022-04-07,San Luis Obispo,079,281455,52567,52609,3762,56371,476
2022-04-07,San Mateo,081,765935,122710,121514,6998,128512,698
2022-04-07,Santa Barbara,083,443738,85989,85754,4703,90457,680
2022-04-07,Santa Clara,085,1922200,313075,313965,12425,326390,2266
2022-04-07,Santa Cruz,087,273765,48109,47624,2099,49723,259
2022-04-07,Shasta,089,179085,30563,30586,6092,36678,549
2022-04-07,Sierra,091,2930,274,272,48,320,4
2022-04-07,Siskiyou,093,43540,4451,4444,2721,7165,80
2022-04-07,Solano,095,438530,81720,81886,5594,87480,448
2022-04-07,Sonoma,097,501317,83940,83600,2659,86259,485
2022-04-07,Stanislaus,099,539301,117638,117528,17839,135367,1578
2022-04-07,Sutter,101,95872,20498,20591,2074,22665,223
2022-04-07,Tehama,103,63373,12046,12059,2573,14632,201
2022-04-07,Trinity,105,12862,1183,1177,287,1464,20
2022-04-07,Tulare,107,460477,106310,105278,27571,132849,1415
2022-04-07,Tuolumne,109,53932,12679,12632,558,13190,180
2022-04-07,Ventura,111,848112,173507,173343,9409,182752,1467
2022-04-07,Yolo,113,214977,37178,36587,3047,39634,312
2022-04-07,Yuba,115,75493,15846,15848,1199,17047,121
2022-04-06,Alameda,001,1643700,257477,256143,13962,270105,1814
2022-04-06,Alpine,003,1148,124,124,1,125,0
2022-04-06,Amador,005,37829,8530,8488,641,9129,86
2022-04-06,Butte,007,227075,33298,32997,6953,39950,396
2022-04-06,Calaveras,009,45235,7267,7258,348,7606,120
2022-04-06,Colusa,011,21464,3451,3447,1047,4494,21
2022-04-06,Contra Costa,013,1133247,191708,188850,13291,202141,1296
2022-04-06,Del Norte,015,27424,5811,5809,184,5993,50
2022-04-06,El Dorado,017,186661,26799,26744,3203,29947,205
2022-04-06,Fresno,019,978130,231729,230942,24091,255033,2725
2022-04-06,Glenn,021,27897,4998,4986,1601,6587,47
2022-04-06,Humboldt,023,135768,16906,16904,2952,19856,140
2022-04-06,Imperial,025,180216,55364,55294,10534,65828,908
2022-04-06,Inyo,027,18085,4077,4068,481,4549,56
2022-04-06,Kern,029,883053,191911,191449,45743,237192,2234
2022-04-06,Kings,031,150075,51497,51491,3504,54995,443
2022-04-06,Lake,033,64148,10712,10679,884,11563,136
2022-04-06,Lassen,035,31185,8959,8945,874,9819,65
2022-04-06,Los Angeles,037,10098052,2717027,2707306,123442,2830748,31465
2022-04-06,Madera,039,155013,37253,37349,6028,43377,354
2022-04-06,Marin,041,260295,33748,33566,2310,35876,288
2022-04-06,Mariposa,043,17540,2403,2392,200,2592,29
2022-04-06,Mendocino,045,87422,13087,13074,3022,16096,119
2022-04-06,Merced,047,269075,62385,62195,8658,70853,810
2022-04-06,Modoc,049,8938,739,741,251,992,8
2022-04-06,Mono,051,14174,2970,2967,122,3089,6
2022-04-06,Monterey,053,433212,79477,79019,13700,92719,727
2022-04-06,Napa,055,140530,25890,25790,956,26746,143
2022-04-06,Nevada,057,99092,15978,15974,1199,17173,123
2022-04-06,Orange,059,3164182,547462,546491,41360,587851,6887
2022-04-06,Placer,061,380077,62859,62787,7339,70126,615
2022-04-06,Plumas,063,18699,2972,2850,365,3215,13
2022-04-06,Riverside,065,2383286,591726,590826,27779,618605,6424
2022-04-06,Sacramento,067,1510023,281104,276567,26485,303052,2953
2022-04-06,San Benito,069,59416,12902,12908,511,13419,98
2022-04-06,San Bernardino,071,2135413,574723,561648,24952,586600,6883
2022-04-06,San Diego,073,3302833,752659,753402,52875,806277,5192
2022-04-06,San Francisco,075,870044,126052,125536,8293,133829,843
2022-04-06,San Joaquin,077,732212,166573,166415,9919,176334,2207
2022-04-06,San Luis Obispo,079,281455,52545,52557,3760,56317,475
2022-04-06,San Mateo,081,765935,122602,121041,6986,128027,693
2022-04-06,Santa Barbara,083,443738,85949,85630,4699,90329,679
2022-04-06,Santa Clara,085,1922200,312878,313278,12405,325683,2265
2022-04-06,Santa Cruz,087,273765,48055,47446,2094,49540,259
2022-04-06,Shasta,089,179085,30562,30565,6092,36657,529
2022-04-06,Sierra,091,2930,274,272,48,320,4
2022-04-06,Siskiyou,093,43540,4451,4442,2721,7163,80
2022-04-06,Solano,095,438530,81685,81789,5589,87378,447
2022-04-06,Sonoma,097,501317,83876,83361,2654,86015,485
2022-04-06,Stanislaus,099,539301,117622,117534,17833,135367,1578
2022-04-06,Sutter,101,95872,20493,20581,2074,22655,222
2022-04-06,Tehama,103,63373,12044,12049,2573,14622,198
2022-04-06,Trinity,105,12862,1183,1173,287,1460,20
2022-04-06,Tulare,107,460477,106303,104826,27566,132392,1414
2022-04-06,Tuolumne,109,53932,12677,12621,558,13179,180
2022-04-06,Ventura,111,848112,173454,173179,9403,182582,1460
2022-04-06,Yolo,113,214977,37153,36393,3046,39439,314
2022-04-06,Yuba,115,75493,15841,15839,1199,17038,121
2022-04-05,Alameda,001,1643700,257265,256143,13953,270096,1814
2022-04-05,Alpine,003,1148,124,124,1,125,0
2022-04-05,Amador,005,37829,8528,8488,641,9129,86
2022-04-05,Butte,007,227075,33293,32997,6950,39947,396
2022-04-05,Calaveras,009,45235,7263,7258,348,7606,120
2022-04-05,Colusa,011,21464,3449,3447,1046,4493,21
2022-04-05,Contra Costa,013,1133247,191614,188850,13284,202134,1296
2022-04-05,Del Norte,015,27424,5809,5809,184,5993,50
2022-04-05,El Dorado,017,186661,26787,26744,3203,29947,205
2022-04-05,Fresno,019,978130,231693,230942,24083,255025,2725
2022-04-05,Glenn,021,27897,4998,4986,1600,6586,47
2022-04-05,Humboldt,023,135768,16900,16904,2952,19856,140
2022-04-05,Imperial,025,180216,55362,55294,10534,65828,908
2022-04-05,Inyo,027,18085,4076,4068,480,4548,56
2022-04-05,Kern,029,883053,191891,191449,45740,237189,2234
2022-04-05,Kings,031,150075,51494,51491,3504,54995,443
2022-04-05,Lake,033,64148,10709,10679,884,11563,136
2022-04-05,Lassen,035,31185,8959,8945,874,9819,65
2022-04-05,Los Angeles,037,10098052,2715967,2707306,123368,2830674,31465
2022-04-05,Madera,039,155013,37246,37349,6026,43375,354
2022-04-05,Marin,041,260295,33693,33566,2295,35861,288
2022-04-05,Mariposa,043,17540,2403,2392,200,2592,29
2022-04-05,Mendocino,045,87422,13081,13074,3021,16095,119
2022-04-05,Merced,047,269075,62374,62195,8653,70848,810
2022-04-05,Modoc,049,8938,739,741,251,992,8
2022-04-05,Mono,051,14174,2969,2967,122,3089,6
2022-04-05,Monterey,053,433212,79454,79019,13689,92708,727
2022-04-05,Napa,055,140530,25881,25790,951,26741,143
2022-04-05,Nevada,057,99092,15970,15974,1199,17173,123
2022-04-05,Orange,059,3164182,547281,546491,41331,587822,6887
2022-04-05,Placer,061,380077,62833,62787,7339,70126,615
2022-04-05,Plumas,063,18699,2972,2850,365,3215,13
2022-04-05,Riverside,065,2383286,591606,590826,27767,618593,6424
2022-04-05,Sacramento,067,1510023,281024,276567,26480,303047,2953
2022-04-05,San Benito,069,59416,12895,12908,511,13419,98
2022-04-05,San Bernardino,071,2135413,574592,561648,24942,586590,6883
2022-04-05,San Diego,073,3302833,752351,753402,52831,806233,5192
2022-04-05,San Francisco,075,870044,125849,125536,8285,133821,843
2022-04-05,San Joaquin,077,732212,166530,166415,9916,176331,2207
2022-04-05,San Luis Obispo,079,281455,52528,52557,3755,56312,475
2022-04-05,San Mateo,081,765935,122486,121041,6975,128016,693
2022-04-05,Santa Barbara,083,443738,85913,85630,4698,90328,679
2022-04-05,Santa Clara,085,1922200,312618,313278,12392,325670,2265
2022-04-05,Santa Cruz,087,273765,47988,47446,2091,49537,259
2022-04-05,Shasta,089,179085,30562,30565,6090,36655,529
2022-04-05,Sierra,091,2930,274,272,48,320,4
2022-04-05,Siskiyou,093,43540,4451,4442,2721,7163,80
2022-04-05,Solano,095,438530,81632,81789,5586,87375,447
2022-04-05,Sonoma,097,501317,83812,83361,2645,86006,485
2022-04-05,Stanislaus,099,539301,117608,117534,17824,135358,1578
2022-04-05,Sutter,101,95872,20489,20581,2073,22654,222
2022-04-05,Tehama,103,63373,12042,12049,2572,14621,198
2022-04-05,Trinity,105,12862,1183,1173,287,1460,20
2022-04-05,Tulare,107,460477,106293,104826,27563,132389,1414
2022-04-05,Tuolumne,109,53932,12676,12621,558,13179,180
2022-04-05,Ventura,111,848112,173398,173179,9396,182575,1460
2022-04-05,Yolo,113,214977,37138,36393,3043,39436,314
2022-04-05,Yuba,115,75493,15839,15839,1199,17038,121
2022-04-04,Alameda,001,1643700,257035,256143,13939,270082,1814
2022-04-04,Alpine,003,1148,124,124,1,125,0
2022-04-04,Amador,005,37829,8527,8488,640,9128,86
2022-04-04,Butte,007,227075,33287,32997,6947,39944,396
2022-04-04,Calaveras,009,45235,7263,7258,348,7606,120
2022-04-04,Colusa,011,21464,3448,3447,1046,4493,21
2022-04-04,Contra Costa,013,1133247,191514,188850,13276,202126,1296
2022-04-04,Del Norte,015,27424,5809,5809,184,5993,50
2022-04-04,El Dorado,017,186661,26782,26744,3203,29947,205
2022-04-04,Fresno,019,978130,231675,230942,24078,255020,2725
2022-04-04,Glenn,021,27897,4997,4986,1600,6586,47
2022-04-04,Humboldt,023,135768,16892,16904,2947,19851,140
2022-04-04,Imperial,025,180216,55357,55294,10534,65828,908
2022-04-04,Inyo,027,18085,4076,4068,478,4546,56
2022-04-04,Kern,029,883053,191869,191449,45735,237184,2234
2022-04-04,Kings,031,150075,51488,51491,3504,54995,443
2022-04-04,Lake,033,64148,10704,10679,884,11563,136
2022-04-04,Lassen,035,31185,8959,8945,874,9819,65
2022-04-04,Los Angeles,037,10098052,2714863,2707306,123321,2830627,31465
2022-04-04,Madera,039,155013,37242,37349,6026,43375,354
2022-04-04,Marin,041,260295,33676,33566,2286,35852,288
2022-04-04,Mariposa,043,17540,2402,2392,200,2592,29
2022-04-04,Mendocino,045,87422,13075,13074,3019,16093,119
2022-04-04,Merced,047,269075,62363,62195,8648,70843,810
2022-04-04,Modoc,049,8938,739,741,251,992,8
2022-04-04,Mono,051,14174,2969,2967,122,3089,6
2022-04-04,Monterey,053,433212,79438,79019,13683,92702,727
2022-04-04,Napa,055,140530,25864,25790,950,26740,143
2022-04-04,Nevada,057,99092,15966,15974,1198,17172,123
2022-04-04,Orange,059,3164182,547115,546491,41305,587796,6887
2022-04-04,Placer,061,380077,62823,62787,7338,70125,615
2022-04-04,Plumas,063,18699,2971,2850,365,3215,13
2022-04-04,Riverside,065,2383286,591515,590826,27755,618581,6424
2022-04-04,Sacramento,067,1510023,280933,276567,26472,303039,2953
2022-04-04,San Benito,069,59416,12892,12908,511,13419,98
2022-04-04,San Bernardino,071,2135413,574454,561648,24935,586583,6883
2022-04-04,San Diego,073,3302833,752030,753402,52794,806196,5192
2022-04-04,San Francisco,075,870044,125651,125536,8276,133812,843
2022-04-04,San Joaquin,077,732212,166503,166415,9913,176328,2207
2022-04-04,San Luis Obispo,079,281455,52505,52557,3753,56310,475
2022-04-04,San Mateo,081,765935,122350,121041,6961,128002,693
2022-04-04,Santa Barbara,083,443738,85868,85630,4697,90327,679
2022-04-04,Santa Clara,085,1922200,312349,313278,12380,325658,2265
2022-04-04,Santa Cruz,087,273765,47941,47446,2091,49537,259
2022-04-04,Shasta,089,179085,30559,30565,6089,36654,529
2022-04-04,Sierra,091,2930,274,272,48,320,4
2022-04-04,Siskiyou,093,43540,4451,4442,2721,7163,80
2022-04-04,Solano,095,438530,81586,81789,5583,87372,447
2022-04-04,Sonoma,097,501317,83758,83361,2638,85999,485
2022-04-04,Stanislaus,099,539301,117587,117534,17817,135351,1578
2022-04-04,Sutter,101,95872,20486,20581,2073,22654,222
2022-04-04,Tehama,103,63373,12040,12049,2572,14621,198
2022-04-04,Trinity,105,12862,1183,1173,287,1460,20
2022-04-04,Tulare,107,460477,106284,104826,27560,132386,1414
2022-04-04,Tuolumne,109,53932,12669,12621,558,13179,180
2022-04-04,Ventura,111,848112,173358,173179,9393,182572,1460
2022-04-04,Yolo,113,214977,37124,36393,3041,39434,314
2022-04-04,Yuba,115,75493,15836,15839,1199,17038,121
2022-04-03,Alameda,001,1643700,256781,255650,13937,269587,1813
2022-04-03,Alpine,003,1148,124,124,1,125,0
2022-04-03,Amador,005,37829,8526,8485,640,9125,86
2022-04-03,Butte,007,227075,33280,32981,6945,39926,396
2022-04-03,Calaveras,009,45235,7263,7254,348,7602,119
2022-04-03,Colusa,011,21464,3448,3445,1046,4491,21
2022-04-03,Contra Costa,013,1133247,191408,188658,13266,201924,1291
2022-04-03,Del Norte,015,27424,5809,5812,184,5996,50
2022-04-03,El Dorado,017,186661,26768,26732,3201,29933,200
2022-04-03,Fresno,019,978130,231643,230559,24075,254634,2722
2022-04-03,Glenn,021,27897,4997,4982,1600,6582,47
2022-04-03,Humboldt,023,135768,16887,16898,2947,19845,140
2022-04-03,Imperial,025,180216,55355,55266,10531,65797,908
2022-04-03,Inyo,027,18085,4074,4063,478,4541,56
2022-04-03,Kern,029,883053,191843,191384,45730,237114,2224
2022-04-03,Kings,031,150075,51482,51470,3502,54972,443
2022-04-03,Lake,033,64148,10702,10674,884,11558,136
2022-04-03,Lassen,035,31185,8958,8943,874,9817,65
2022-04-03,Los Angeles,037,10098052,2713669,2703576,123236,2826812,31410
2022-04-03,Madera,039,155013,37240,37333,6025,43358,354
2022-04-03,Marin,041,260295,33641,33493,2278,35771,287
2022-04-03,Mariposa,043,17540,2401,2391,200,2591,29
2022-04-03,Mendocino,045,87422,13069,13058,3018,16076,119
2022-04-03,Merced,047,269075,62348,62149,8642,70791,808
2022-04-03,Modoc,049,8938,738,741,251,992,8
2022-04-03,Mono,051,14174,2969,2967,122,3089,6
2022-04-03,Monterey,053,433212,79421,78964,13658,92622,726
2022-04-03,Napa,055,140530,25845,25757,949,26706,143
2022-04-03,Nevada,057,99092,15960,15962,1197,17159,123
2022-04-03,Orange,059,3164182,546916,546047,41280,587327,6880
2022-04-03,Placer,061,380077,62797,62740,7333,70073,614
2022-04-03,Plumas,063,18699,2970,2803,365,3168,14
2022-04-03,Riverside,065,2383286,591359,590563,27740,618303,6418
2022-04-03,Sacramento,067,1510023,280857,276218,26459,302677,2950
2022-04-03,San Benito,069,59416,12888,12901,511,13412,98
2022-04-03,San Bernardino,071,2135413,574308,561362,24932,586294,6865
2022-04-03,San Diego,073,3302833,751700,752281,52757,805038,5178
2022-04-03,San Francisco,075,870044,125420,125075,8270,133345,843
2022-04-03,San Joaquin,077,732212,166446,166336,9908,176244,2202
2022-04-03,San Luis Obispo,079,281455,52486,52512,3753,56265,475
2022-04-03,San Mateo,081,765935,122210,120717,6954,127671,693
2022-04-03,Santa Barbara,083,443738,85823,85611,4695,90306,678
2022-04-03,Santa Clara,085,1922200,312049,312517,12371,324888,2258
2022-04-03,Santa Cruz,087,273765,47886,47371,2089,49460,259
2022-04-03,Shasta,089,179085,30549,30556,6088,36644,530
2022-04-03,Sierra,091,2930,274,273,48,321,4
2022-04-03,Siskiyou,093,43540,4451,4439,2721,7160,80
2022-04-03,Solano,095,438530,81545,81848,5577,87425,446
2022-04-03,Sonoma,097,501317,83680,83235,2630,85865,485
2022-04-03,Stanislaus,099,539301,117556,117536,17811,135347,1581
2022-04-03,Sutter,101,95872,20483,20570,2073,22643,222
2022-04-03,Tehama,103,63373,12038,12046,2572,14618,198
2022-04-03,Trinity,105,12862,1183,1173,287,1460,20
2022-04-03,Tulare,107,460477,106277,104736,27552,132288,1410
2022-04-03,Tuolumne,109,53932,12668,12618,558,13176,180
2022-04-03,Ventura,111,848112,173305,173044,9389,182433,1460
2022-04-03,Yolo,113,214977,37103,36347,3039,39386,313
2022-04-03,Yuba,115,75493,15834,15835,1199,17034,120
2022-04-02,Alameda,001,1643700,256679,255650,13937,269587,1813
2022-04-02,Alpine,003,1148,124,124,1,125,0
2022-04-02,Amador,005,37829,8526,8485,640,9125,86
2022-04-02,Butte,007,227075,33276,32981,6944,39925,396
2022-04-02,Calaveras,009,45235,7263,7254,348,7602,119
2022-04-02,Colusa,011,21464,3448,3445,1046,4491,21
2022-04-02,Contra Costa,013,1133247,191349,188658,13263,201921,1291
2022-04-02,Del Norte,015,27424,5808,5812,184,5996,50
2022-04-02,El Dorado,017,186661,26765,26732,3201,29933,200
2022-04-02,Fresno,019,978130,231614,230559,24075,254634,2722
2022-04-02,Glenn,021,27897,4997,4982,1600,6582,47
2022-04-02,Humboldt,023,135768,16883,16898,2947,19845,140
2022-04-02,Imperial,025,180216,55352,55266,10531,65797,908
2022-04-02,Inyo,027,18085,4074,4063,478,4541,56
2022-04-02,Kern,029,883053,191828,191384,45726,237110,2224
2022-04-02,Kings,031,150075,51479,51470,3502,54972,443
2022-04-02,Lake,033,64148,10701,10674,884,11558,136
2022-04-02,Lassen,035,31185,8958,8943,874,9817,65
2022-04-02,Los Angeles,037,10098052,2713158,2703576,123195,2826771,31410
2022-04-02,Madera,039,155013,37237,37333,6025,43358,354
2022-04-02,Marin,041,260295,33618,33493,2270,35763,287
2022-04-02,Mariposa,043,17540,2400,2391,200,2591,29
2022-04-02,Mendocino,045,87422,13067,13058,3018,16076,119
2022-04-02,Merced,047,269075,62345,62149,8642,70791,808
2022-04-02,Modoc,049,8938,738,741,251,992,8
2022-04-02,Mono,051,14174,2969,2967,121,3088,6
2022-04-02,Monterey,053,433212,79408,78964,13652,92616,726
2022-04-02,Napa,055,140530,25831,25757,948,26705,143
2022-04-02,Nevada,057,99092,15956,15962,1196,17158,123
2022-04-02,Orange,059,3164182,546810,546047,41268,587315,6880
2022-04-02,Placer,061,380077,62786,62740,7331,70071,614
2022-04-02,Plumas,063,18699,2970,2803,365,3168,14
2022-04-02,Riverside,065,2383286,591285,590563,27735,618298,6418
2022-04-02,Sacramento,067,1510023,280818,276218,26458,302676,2950
2022-04-02,San Benito,069,59416,12887,12901,511,13412,98
2022-04-02,San Bernardino,071,2135413,574257,561362,24929,586291,6865
2022-04-02,San Diego,073,3302833,751576,752281,52747,805028,5178
2022-04-02,San Francisco,075,870044,125316,125075,8262,133337,843
2022-04-02,San Joaquin,077,732212,166425,166336,9906,176242,2202
2022-04-02,San Luis Obispo,079,281455,52481,52512,3753,56265,475
2022-04-02,San Mateo,081,765935,122115,120717,6945,127662,693
2022-04-02,Santa Barbara,083,443738,85804,85611,4694,90305,678
2022-04-02,Santa Clara,085,1922200,311883,312517,12367,324884,2258
2022-04-02,Santa Cruz,087,273765,47874,47371,2088,49459,259
2022-04-02,Shasta,089,179085,30548,30556,6088,36644,530
2022-04-02,Sierra,091,2930,274,273,48,321,4
2022-04-02,Siskiyou,093,43540,4450,4439,2720,7159,80
2022-04-02,Solano,095,438530,81530,81848,5576,87424,446
2022-04-02,Sonoma,097,501317,83632,83235,2624,85859,485
2022-04-02,Stanislaus,099,539301,117547,117536,17809,135345,1581
2022-04-02,Sutter,101,95872,20478,20570,2073,22643,222
2022-04-02,Tehama,103,63373,12038,12046,2572,14618,198
2022-04-02,Trinity,105,12862,1183,1173,287,1460,20
2022-04-02,Tulare,107,460477,106273,104736,27552,132288,1410
2022-04-02,Tuolumne,109,53932,12666,12618,558,13176,180
2022-04-02,Ventura,111,848112,173264,173044,9389,182433,1460
2022-04-02,Yolo,113,214977,37091,36347,3036,39383,313
2022-04-02,Yuba,115,75493,15833,15835,1199,17034,120
2022-04-01,Alameda,001,1643700,256563,255650,13932,269582,1813
2022-04-01,Alpine,003,1148,124,124,1,125,0
2022-04-01,Amador,005,37829,8526,8485,640,9125,86
2022-04-01,Butte,007,227075,33272,32981,6941,39922,396
2022-04-01,Calaveras,009,45235,7261,7254,348,7602,119
2022-04-01,Colusa,011,21464,3447,3445,1046,4491,21
2022-04-01,Contra Costa,013,1133247,191297,188658,13262,201920,1291
2022-04-01,Del Norte,015,27424,5806,5812,184,5996,50
2022-04-01,El Dorado,017,186661,26762,26732,3200,29932,200
2022-04-01,Fresno,019,978130,231589,230559,24073,254632,2722
2022-04-01,Glenn,021,27897,4997,4982,1600,6582,47
2022-04-01,Humboldt,023,135768,16881,16898,2947,19845,140
2022-04-01,Imperial,025,180216,55350,55266,10531,65797,908
2022-04-01,Inyo,027,18085,4072,4063,477,4540,56
2022-04-01,Kern,029,883053,191817,191384,45723,237107,2224
2022-04-01,Kings,031,150075,51476,51470,3502,54972,443
2022-04-01,Lake,033,64148,10698,10674,884,11558,136
2022-04-01,Lassen,035,31185,8957,8943,874,9817,65
2022-04-01,Los Angeles,037,10098052,2712661,2703576,123152,2826728,31410
2022-04-01,Madera,039,155013,37236,37333,6025,43358,354
2022-04-01,Marin,041,260295,33600,33493,2263,35756,287
2022-04-01,Mariposa,043,17540,2397,2391,200,2591,29
2022-04-01,Mendocino,045,87422,13064,13058,3017,16075,119
2022-04-01,Merced,047,269075,62338,62149,8641,70790,808
2022-04-01,Modoc,049,8938,738,741,251,992,8
2022-04-01,Mono,051,14174,2969,2967,121,3088,6
2022-04-01,Monterey,053,433212,79390,78964,13649,92613,726
2022-04-01,Napa,055,140530,25821,25757,948,26705,143
2022-04-01,Nevada,057,99092,15956,15962,1195,17157,123
2022-04-01,Orange,059,3164182,546703,546047,41260,587307,6880
2022-04-01,Placer,061,380077,62772,62740,7331,70071,614
2022-04-01,Plumas,063,18699,2970,2803,364,3167,14
2022-04-01,Riverside,065,2383286,591219,590563,27722,618285,6418
2022-04-01,Sacramento,067,1510023,280779,276218,26454,302672,2950
2022-04-01,San Benito,069,59416,12886,12901,511,13412,98
2022-04-01,San Bernardino,071,2135413,574201,561362,24925,586287,6865
2022-04-01,San Diego,073,3302833,751429,752281,52731,805012,5178
2022-04-01,San Francisco,075,870044,125205,125075,8256,133331,843
2022-04-01,San Joaquin,077,732212,166405,166336,9904,176240,2202
2022-04-01,San Luis Obispo,079,281455,52475,52512,3752,56264,475
2022-04-01,San Mateo,081,765935,122053,120717,6939,127656,693
2022-04-01,Santa Barbara,083,443738,85784,85611,4694,90305,678
2022-04-01,Santa Clara,085,1922200,311733,312517,12366,324883,2258
2022-04-01,Santa Cruz,087,273765,47859,47371,2086,49457,259
2022-04-01,Shasta,089,179085,30547,30556,6088,36644,530
2022-04-01,Sierra,091,2930,274,273,48,321,4
2022-04-01,Siskiyou,093,43540,4450,4439,2719,7158,80
2022-04-01,Solano,095,438530,81515,81848,5576,87424,446
2022-04-01,Sonoma,097,501317,83588,83235,2623,85858,485
2022-04-01,Stanislaus,099,539301,117535,117536,17806,135342,1581
2022-04-01,Sutter,101,95872,20478,20570,2073,22643,222
2022-04-01,Tehama,103,63373,12038,12046,2572,14618,198
2022-04-01,Trinity,105,12862,1183,1173,287,1460,20
2022-04-01,Tulare,107,460477,106268,104736,27548,132284,1410
2022-04-01,Tuolumne,109,53932,12665,12618,558,13176,180
2022-04-01,Ventura,111,848112,173233,173044,9385,182429,1460
2022-04-01,Yolo,113,214977,37077,36347,3035,39382,313
2022-04-01,Yuba,115,75493,15832,15835,1199,17034,120
2022-03-31,Alameda,001,1643700,256386,255650,13919,269569,1813
2022-03-31,Alpine,003,1148,124,124,1,125,0
2022-03-31,Amador,005,37829,8526,8485,640,9125,86
2022-03-31,Butte,007,227075,33268,32981,6938,39919,396
2022-03-31,Calaveras,009,45235,7258,7254,348,7602,119
2022-03-31,Colusa,011,21464,3446,3445,1046,4491,21
2022-03-31,Contra Costa,013,1133247,191201,188658,13256,201914,1291
2022-03-31,Del Norte,015,27424,5805,5812,184,5996,50
2022-03-31,El Dorado,017,186661,26754,26732,3200,29932,200
2022-03-31,Fresno,019,978130,231554,230559,24052,254611,2722
2022-03-31,Glenn,021,27897,4996,4982,1600,6582,47
2022-03-31,Humboldt,023,135768,16877,16898,2947,19845,140
2022-03-31,Imperial,025,180216,55347,55266,10530,65796,908
2022-03-31,Inyo,027,18085,4071,4063,474,4537,56
2022-03-31,Kern,029,883053,191802,191384,45714,237098,2224
2022-03-31,Kings,031,150075,51467,51470,3502,54972,443
2022-03-31,Lake,033,64148,10697,10674,883,11557,136
2022-03-31,Lassen,035,31185,8955,8943,874,9817,65
2022-03-31,Los Angeles,037,10098052,2711916,2703576,123099,2826675,31410
2022-03-31,Madera,039,155013,37233,37333,6025,43358,354
2022-03-31,Marin,041,260295,33574,33493,2251,35744,287
2022-03-31,Mariposa,043,17540,2396,2391,199,2590,29
2022-03-31,Mendocino,045,87422,13060,13058,3017,16075,119
2022-03-31,Merced,047,269075,62333,62149,8638,70787,808
2022-03-31,Modoc,049,8938,738,741,251,992,8
2022-03-31,Mono,051,14174,2969,2967,121,3088,6
2022-03-31,Monterey,053,433212,79373,78964,13638,92602,726
2022-03-31,Napa,055,140530,25814,25757,946,26703,143
2022-03-31,Nevada,057,99092,15949,15962,1194,17156,123
2022-03-31,Orange,059,3164182,546556,546047,41246,587293,6880
2022-03-31,Placer,061,380077,62747,62740,7328,70068,614
2022-03-31,Plumas,063,18699,2970,2803,363,3166,14
2022-03-31,Riverside,065,2383286,591109,590563,27719,618282,6418
2022-03-31,Sacramento,067,1510023,280705,276218,26446,302664,2950
2022-03-31,San Benito,069,59416,12885,12901,511,13412,98
2022-03-31,San Bernardino,071,2135413,574104,561362,24914,586276,6865
2022-03-31,San Diego,073,3302833,751193,752281,52703,804984,5178
2022-03-31,San Francisco,075,870044,125048,125075,8244,133319,843
2022-03-31,San Joaquin,077,732212,166371,166336,9890,176226,2202
2022-03-31,San Luis Obispo,079,281455,52461,52512,3751,56263,475
2022-03-31,San Mateo,081,765935,121943,120717,6937,127654,693
2022-03-31,Santa Barbara,083,443738,85754,85611,4694,90305,678
2022-03-31,Santa Clara,085,1922200,311506,312517,12354,324871,2258
2022-03-31,Santa Cruz,087,273765,47840,47371,2084,49455,259
2022-03-31,Shasta,089,179085,30541,30556,6088,36644,530
2022-03-31,Sierra,091,2930,271,273,48,321,4
2022-03-31,Siskiyou,093,43540,4448,4439,2719,7158,80
2022-03-31,Solano,095,438530,81486,81848,5573,87421,446
2022-03-31,Sonoma,097,501317,83545,83235,2617,85852,485
2022-03-31,Stanislaus,099,539301,117518,117536,17801,135337,1581
2022-03-31,Sutter,101,95872,20475,20570,2072,22642,222
2022-03-31,Tehama,103,63373,12037,12046,2571,14617,198
2022-03-31,Trinity,105,12862,1183,1173,287,1460,20
2022-03-31,Tulare,107,460477,106258,104736,27540,132276,1410
2022-03-31,Tuolumne,109,53932,12664,12618,558,13176,180
2022-03-31,Ventura,111,848112,173193,173044,9382,182426,1460
2022-03-31,Yolo,113,214977,37061,36347,3035,39382,313
2022-03-31,Yuba,115,75493,15832,15835,1196,17031,120
2022-03-30,Alameda,001,1643700,256253,255467,13911,269378,1812
2022-03-30,Alpine,003,1148,124,124,1,125,0
2022-03-30,Amador,005,37829,8526,8485,640,9125,86
2022-03-30,Butte,007,227075,33263,32968,6932,39900,396
2022-03-30,Calaveras,009,45235,7256,7253,347,7600,119
2022-03-30,Colusa,011,21464,3446,3445,1046,4491,21
2022-03-30,Contra Costa,013,1133247,191139,188496,13245,201741,1291
2022-03-30,Del Norte,015,27424,5803,5808,184,5992,50
2022-03-30,El Dorado,017,186661,26746,26722,3200,29922,200
2022-03-30,Fresno,019,978130,231543,230448,24046,254494,2720
2022-03-30,Glenn,021,27897,4995,4982,1600,6582,47
2022-03-30,Humboldt,023,135768,16874,16894,2947,19841,140
2022-03-30,Imperial,025,180216,55343,55252,10527,65779,908
2022-03-30,Inyo,027,18085,4070,4062,472,4534,56
2022-03-30,Kern,029,883053,191774,191363,45709,237072,2219
2022-03-30,Kings,031,150075,51461,51446,3501,54947,443
2022-03-30,Lake,033,64148,10696,10674,883,11557,136
2022-03-30,Lassen,035,31185,8955,8943,874,9817,65
2022-03-30,Los Angeles,037,10098052,2711090,2702536,123044,2825580,31384
2022-03-30,Madera,039,155013,37227,37330,6024,43354,354
2022-03-30,Marin,041,260295,33554,33453,2232,35685,287
2022-03-30,Mariposa,043,17540,2396,2390,199,2589,27
2022-03-30,Mendocino,045,87422,13056,13055,3014,16069,118
2022-03-30,Merced,047,269075,62328,62136,8633,70769,808
2022-03-30,Modoc,049,8938,738,739,251,990,8
2022-03-30,Mono,051,14174,2968,2967,121,3088,6
2022-03-30,Monterey,053,433212,79356,78911,13631,92542,726
2022-03-30,Napa,055,140530,25802,25745,945,26690,141
2022-03-30,Nevada,057,99092,15946,15960,1192,17152,123
2022-03-30,Orange,059,3164182,546406,545895,41224,587119,6876
2022-03-30,Placer,061,380077,62732,62705,7324,70029,614
2022-03-30,Plumas,063,18699,2970,2762,361,3123,13
2022-03-30,Riverside,065,2383286,591026,590437,27706,618143,6411
2022-03-30,Sacramento,067,1510023,280637,276081,26439,302520,2949
2022-03-30,San Benito,069,59416,12881,12898,511,13409,98
2022-03-30,San Bernardino,071,2135413,574021,561153,24910,586063,6863
2022-03-30,San Diego,073,3302833,750961,751684,52676,804360,5169
2022-03-30,San Francisco,075,870044,124943,124930,8235,133165,841
2022-03-30,San Joaquin,077,732212,166343,166299,9884,176183,2201
2022-03-30,San Luis Obispo,079,281455,52447,52484,3747,56231,475
2022-03-30,San Mateo,081,765935,121843,120548,6937,127485,693
2022-03-30,Santa Barbara,083,443738,85732,85488,4691,90179,677
2022-03-30,Santa Clara,085,1922200,311325,312253,12334,324587,2258
2022-03-30,Santa Cruz,087,273765,47784,47340,2083,49423,259
2022-03-30,Shasta,089,179085,30538,30555,6088,36643,530
2022-03-30,Sierra,091,2930,271,273,48,321,4
2022-03-30,Siskiyou,093,43540,4448,4439,2719,7158,80
2022-03-30,Solano,095,438530,81467,81816,5569,87385,443
2022-03-30,Sonoma,097,501317,83508,83163,2616,85779,485
2022-03-30,Stanislaus,099,539301,117505,117593,17798,135391,1559
2022-03-30,Sutter,101,95872,20470,20565,2072,22637,222
2022-03-30,Tehama,103,63373,12036,12045,2570,14615,198
2022-03-30,Trinity,105,12862,1182,1173,287,1460,20
2022-03-30,Tulare,107,460477,106252,104667,27533,132200,1410
2022-03-30,Tuolumne,109,53932,12662,12616,558,13174,180
2022-03-30,Ventura,111,848112,173152,172984,9374,182358,1460
2022-03-30,Yolo,113,214977,37051,36325,3032,39357,313
2022-03-30,Yuba,115,75493,15830,15830,1196,17026,120
2022-03-29,Alameda,001,1643700,256128,255261,13901,269162,1810
2022-03-29,Alpine,003,1148,124,124,1,125,0
2022-03-29,Amador,005,37829,8526,8483,640,9123,86
2022-03-29,Butte,007,227075,33260,32954,6932,39886,396
2022-03-29,Calaveras,009,45235,7255,7250,346,7596,119
2022-03-29,Colusa,011,21464,3446,3445,1046,4491,21
2022-03-29,Contra Costa,013,1133247,191050,188359,13237,201596,1290
2022-03-29,Del Norte,015,27424,5803,5806,183,5989,50
2022-03-29,El Dorado,017,186661,26741,26706,3200,29906,200
2022-03-29,Fresno,019,978130,231515,230256,24042,254298,2718
2022-03-29,Glenn,021,27897,4995,4983,1600,6583,47
2022-03-29,Humboldt,023,135768,16871,16892,2944,19836,140
2022-03-29,Imperial,025,180216,55329,55233,10526,65759,908
2022-03-29,Inyo,027,18085,4068,4062,471,4533,56
2022-03-29,Kern,029,883053,191742,191338,45702,237040,2220
2022-03-29,Kings,031,150075,51454,51416,3500,54916,443
2022-03-29,Lake,033,64148,10692,10674,883,11557,136
2022-03-29,Lassen,035,31185,8954,8943,874,9817,65
2022-03-29,Los Angeles,037,10098052,2710261,2702005,122998,2825003,31378
2022-03-29,Madera,039,155013,37219,37325,6021,43346,354
2022-03-29,Marin,041,260295,33534,33431,2227,35658,287
2022-03-29,Mariposa,043,17540,2396,2388,199,2587,23
2022-03-29,Mendocino,045,87422,13052,13053,3013,16066,119
2022-03-29,Merced,047,269075,62315,62123,8632,70755,806
2022-03-29,Modoc,049,8938,736,737,251,988,8
2022-03-29,Mono,051,14174,2968,2966,121,3087,5
2022-03-29,Monterey,053,433212,79343,78774,13623,92397,725
2022-03-29,Napa,055,140530,25795,25732,945,26677,141
2022-03-29,Nevada,057,99092,15938,15956,1192,17148,123
2022-03-29,Orange,059,3164182,546258,545832,41208,587040,6871
2022-03-29,Placer,061,380077,62714,62687,7319,70006,614
2022-03-29,Plumas,063,18699,2968,2761,361,3122,13
2022-03-29,Riverside,065,2383286,590926,590359,27698,618057,6403
2022-03-29,Sacramento,067,1510023,280571,276040,26428,302468,2946
2022-03-29,San Benito,069,59416,12879,12892,511,13403,97
2022-03-29,San Bernardino,071,2135413,573924,561026,24902,585928,6860
2022-03-29,San Diego,073,3302833,750717,751240,52653,803893,5159
2022-03-29,San Francisco,075,870044,124792,124789,8229,133018,840
2022-03-29,San Joaquin,077,732212,166307,166241,9876,176117,2198
2022-03-29,San Luis Obispo,079,281455,52431,52455,3743,56198,472
2022-03-29,San Mateo,081,765935,121749,120435,6934,127369,686
2022-03-29,Santa Barbara,083,443738,85709,85464,4691,90155,676
2022-03-29,Santa Clara,085,1922200,311085,312067,12317,324384,2259
2022-03-29,Santa Cruz,087,273765,47764,47323,2082,49405,259
2022-03-29,Shasta,089,179085,30531,30552,6086,36638,529
2022-03-29,Sierra,091,2930,271,273,48,321,4
2022-03-29,Siskiyou,093,43540,4448,4439,2718,7157,80
2022-03-29,Solano,095,438530,81445,81713,5566,87279,441
2022-03-29,Sonoma,097,501317,83475,83130,2610,85740,485
2022-03-29,Stanislaus,099,539301,117486,117683,17792,135475,1559
2022-03-29,Sutter,101,95872,20468,20556,2071,22627,221
2022-03-29,Tehama,103,63373,12034,12045,2570,14615,198
2022-03-29,Trinity,105,12862,1182,1173,287,1460,20
2022-03-29,Tulare,107,460477,106247,104622,27528,132150,1406
2022-03-29,Tuolumne,109,53932,12660,12615,558,13173,180
2022-03-29,Ventura,111,848112,173097,172946,9373,182319,1460
2022-03-29,Yolo,113,214977,37038,36296,3031,39327,313
2022-03-29,Yuba,115,75493,15826,15824,1195,17019,117
2022-03-28,Alameda,001,1643700,255975,255192,13891,269083,1808
2022-03-28,Alpine,003,1148,124,124,1,125,0
2022-03-28,Amador,005,37829,8525,8480,640,9120,86
2022-03-28,Butte,007,227075,33243,32947,6932,39879,392
2022-03-28,Calaveras,009,45235,7255,7247,346,7593,119
2022-03-28,Colusa,011,21464,3446,3445,1046,4491,21
2022-03-28,Contra Costa,013,1133247,190970,188305,13232,201537,1290
2022-03-28,Del Norte,015,27424,5801,5834,183,6017,50
2022-03-28,El Dorado,017,186661,26734,26703,3198,29901,200
2022-03-28,Fresno,019,978130,231487,230144,24025,254169,2717
2022-03-28,Glenn,021,27897,4994,4983,1600,6583,47
2022-03-28,Humboldt,023,135768,16870,16916,2944,19860,140
2022-03-28,Imperial,025,180216,55319,55245,10526,65771,909
2022-03-28,Inyo,027,18085,4067,4062,471,4533,56
2022-03-28,Kern,029,883053,191716,191333,45693,237026,2212
2022-03-28,Kings,031,150075,51441,51405,3500,54905,443
2022-03-28,Lake,033,64148,10690,10673,883,11556,136
2022-03-28,Lassen,035,31185,8954,8946,874,9820,63
2022-03-28,Los Angeles,037,10098052,2709381,2700997,122959,2823956,31349
2022-03-28,Madera,039,155013,37215,37324,6021,43345,354
2022-03-28,Marin,041,260295,33509,33391,2222,35613,287
2022-03-28,Mariposa,043,17540,2395,2388,199,2587,23
2022-03-28,Mendocino,045,87422,13050,13046,3012,16058,118
2022-03-28,Merced,047,269075,62305,62116,8626,70742,805
2022-03-28,Modoc,049,8938,735,736,251,987,7
2022-03-28,Mono,051,14174,2968,2966,121,3087,5
2022-03-28,Monterey,053,433212,79310,78784,13619,92403,724
2022-03-28,Napa,055,140530,25789,25723,944,26667,140
2022-03-28,Nevada,057,99092,15936,15969,1192,17161,123
2022-03-28,Orange,059,3164182,546129,545700,41182,586882,6860
2022-03-28,Placer,061,380077,62694,62687,7318,70005,613
2022-03-28,Plumas,063,18699,2967,2760,361,3121,13
2022-03-28,Riverside,065,2383286,590827,590298,27690,617988,6397
2022-03-28,Sacramento,067,1510023,280502,275889,26416,302305,2946
2022-03-28,San Benito,069,59416,12879,12889,511,13400,97
2022-03-28,San Bernardino,071,2135413,573841,560836,24891,585727,6858
2022-03-28,San Diego,073,3302833,750478,750659,52619,803278,5155
2022-03-28,San Francisco,075,870044,124652,124678,8219,132897,839
2022-03-28,San Joaquin,077,732212,166275,166247,9874,176121,2196
2022-03-28,San Luis Obispo,079,281455,52406,52434,3740,56174,470
2022-03-28,San Mateo,081,765935,121635,120337,6927,127264,686
2022-03-28,Santa Barbara,083,443738,85681,85442,4689,90131,675
2022-03-28,Santa Clara,085,1922200,310856,311953,12308,324261,2257
2022-03-28,Santa Cruz,087,273765,47731,47324,2082,49406,259
2022-03-28,Shasta,089,179085,30530,30550,6085,36635,527
2022-03-28,Sierra,091,2930,271,273,48,321,4
2022-03-28,Siskiyou,093,43540,4447,4438,2718,7156,80
2022-03-28,Solano,095,438530,81417,81704,5561,87265,441
2022-03-28,Sonoma,097,501317,83429,83105,2605,85710,485
2022-03-28,Stanislaus,099,539301,117474,117783,17787,135570,1562
2022-03-28,Sutter,101,95872,20462,20549,2071,22620,221
2022-03-28,Tehama,103,63373,12034,12041,2570,14611,200
2022-03-28,Trinity,105,12862,1182,1173,287,1460,20
2022-03-28,Tulare,107,460477,106235,104576,27522,132098,1404
2022-03-28,Tuolumne,109,53932,12660,12627,558,13185,180
2022-03-28,Ventura,111,848112,173058,172867,9372,182239,1455
2022-03-28,Yolo,113,214977,37020,36282,3029,39311,312
2022-03-28,Yuba,115,75493,15825,15821,1193,17014,117
2022-03-27,Alameda,001,1643700,255788,255132,13882,269014,1809
2022-03-27,Alpine,003,1148,124,124,1,125,0
2022-03-27,Amador,005,37829,8522,8480,640,9120,86
2022-03-27,Butte,007,227075,33230,32943,6926,39869,392
2022-03-27,Calaveras,009,45235,7253,7245,346,7591,119
2022-03-27,Colusa,011,21464,3446,3445,1046,4491,21
2022-03-27,Contra Costa,013,1133247,190855,188251,13215,201466,1290
2022-03-27,Del Norte,015,27424,5800,5836,183,6019,50
2022-03-27,El Dorado,017,186661,26720,26699,3195,29894,200
2022-03-27,Fresno,019,978130,231440,230049,24007,254056,2717
2022-03-27,Glenn,021,27897,4992,4983,1600,6583,47
2022-03-27,Humboldt,023,135768,16866,16920,2944,19864,140
2022-03-27,Imperial,025,180216,55306,55240,10525,65765,909
2022-03-27,Inyo,027,18085,4066,4062,469,4531,56
2022-03-27,Kern,029,883053,191678,191332,45687,237019,2213
2022-03-27,Kings,031,150075,51432,51400,3500,54900,443
2022-03-27,Lake,033,64148,10689,10672,882,11554,136
2022-03-27,Lassen,035,31185,8954,8946,874,9820,63
2022-03-27,Los Angeles,037,10098052,2708571,2700983,122912,2823895,31348
2022-03-27,Madera,039,155013,37211,37323,6019,43342,354
2022-03-27,Marin,041,260295,33472,33391,2212,35603,287
2022-03-27,Mariposa,043,17540,2395,2390,199,2589,23
2022-03-27,Mendocino,045,87422,13046,13046,3010,16056,118
2022-03-27,Merced,047,269075,62294,62110,8625,70735,805
2022-03-27,Modoc,049,8938,734,736,249,985,7
2022-03-27,Mono,051,14174,2968,2966,121,3087,5
2022-03-27,Monterey,053,433212,79289,78778,13607,92385,724
2022-03-27,Napa,055,140530,25773,25723,944,26667,140
2022-03-27,Nevada,057,99092,15932,15967,1190,17157,123
2022-03-27,Orange,059,3164182,545995,545644,41148,586792,6860
2022-03-27,Placer,061,380077,62676,62680,7317,69997,613
2022-03-27,Plumas,063,18699,2966,2760,359,3119,13
2022-03-27,Riverside,065,2383286,590741,590251,27679,617930,6395
2022-03-27,Sacramento,067,1510023,280421,275854,26409,302263,2941
2022-03-27,San Benito,069,59416,12874,12889,510,13399,97
2022-03-27,San Bernardino,071,2135413,573725,560853,24889,585742,6862
2022-03-27,San Diego,073,3302833,750222,750659,52596,803255,5155
2022-03-27,San Francisco,075,870044,124466,124619,8208,132827,839
2022-03-27,San Joaquin,077,732212,166239,166238,9870,176108,2196
2022-03-27,San Luis Obispo,079,281455,52385,52430,3738,56168,470
2022-03-27,San Mateo,081,765935,121530,120324,6921,127245,686
2022-03-27,Santa Barbara,083,443738,85645,85434,4687,90121,675
2022-03-27,Santa Clara,085,1922200,310645,311822,12301,324123,2257
2022-03-27,Santa Cruz,087,273765,47698,47321,2080,49401,259
2022-03-27,Shasta,089,179085,30526,30550,6083,36633,527
2022-03-27,Sierra,091,2930,271,273,48,321,4
2022-03-27,Siskiyou,093,43540,4447,4436,2717,7153,80
2022-03-27,Solano,095,438530,81375,81691,5558,87249,441
2022-03-27,Sonoma,097,501317,83376,83088,2601,85689,485
2022-03-27,Stanislaus,099,539301,117454,117778,17784,135562,1562
2022-03-27,Sutter,101,95872,20456,20545,2071,22616,221
2022-03-27,Tehama,103,63373,12034,12040,2570,14610,200
2022-03-27,Trinity,105,12862,1182,1173,287,1460,20
2022-03-27,Tulare,107,460477,106226,104582,27513,132095,1404
2022-03-27,Tuolumne,109,53932,12659,12628,558,13186,180
2022-03-27,Ventura,111,848112,173013,172831,9370,182201,1455
2022-03-27,Yolo,113,214977,36999,36232,3026,39258,312
2022-03-27,Yuba,115,75493,15822,15821,1186,17007,117
2022-03-26,Alameda,001,1643700,255708,254691,13881,268572,1803
2022-03-26,Alpine,003,1148,124,124,1,125,0
2022-03-26,Amador,005,37829,8522,8476,640,9116,86
2022-03-26,Butte,007,227075,33226,32929,6924,39853,391
2022-03-26,Calaveras,009,45235,7251,7240,346,7586,120
2022-03-26,Colusa,011,21464,3444,3445,1046,4491,21
2022-03-26,Contra Costa,013,1133247,190802,187990,13212,201202,1285
2022-03-26,Del Norte,015,27424,5798,5831,183,6014,50
2022-03-26,El Dorado,017,186661,26712,26674,3193,29867,200
2022-03-26,Fresno,019,978130,231417,229799,24006,253805,2710
2022-03-26,Glenn,021,27897,4991,4978,1600,6578,47
2022-03-26,Humboldt,023,135768,16862,16911,2944,19855,139
2022-03-26,Imperial,025,180216,55300,55230,10524,65754,913
2022-03-26,Inyo,027,18085,4066,4060,468,4528,56
2022-03-26,Kern,029,883053,191664,191288,45683,236971,2201
2022-03-26,Kings,031,150075,51431,51397,3500,54897,444
2022-03-26,Lake,033,64148,10689,10659,882,11541,136
2022-03-26,Lassen,035,31185,8954,8944,874,9818,63
2022-03-26,Los Angeles,037,10098052,2708115,2698028,122870,2820898,31291
2022-03-26,Madera,039,155013,37208,37321,6017,43338,354
2022-03-26,Marin,041,260295,33461,33317,2208,35525,287
2022-03-26,Mariposa,043,17540,2395,2386,199,2585,23
2022-03-26,Mendocino,045,87422,13042,13038,3010,16048,118
2022-03-26,Merced,047,269075,62288,62083,8623,70706,805
2022-03-26,Modoc,049,8938,734,736,249,985,7
2022-03-26,Mono,051,14174,2968,2966,121,3087,5
2022-03-26,Monterey,053,433212,79282,78688,13605,92293,724
2022-03-26,Napa,055,140530,25769,25701,944,26645,139
2022-03-26,Nevada,057,99092,15928,15960,1190,17150,123
2022-03-26,Orange,059,3164182,545918,545294,41137,586431,6853
2022-03-26,Placer,061,380077,62664,62634,7313,69947,613
2022-03-26,Plumas,063,18699,2966,2758,358,3116,13
2022-03-26,Riverside,065,2383286,590672,590060,27678,617738,6397
2022-03-26,Sacramento,067,1510023,280388,275529,26407,301936,2935
2022-03-26,San Benito,069,59416,12874,12885,510,13395,97
2022-03-26,San Bernardino,071,2135413,573666,560742,24885,585627,6840
2022-03-26,San Diego,073,3302833,750098,750170,52589,802759,5146
2022-03-26,San Francisco,075,870044,124360,124265,8202,132467,839
2022-03-26,San Joaquin,077,732212,166218,166079,9869,175948,2195
2022-03-26,San Luis Obispo,079,281455,52379,52369,3738,56107,469
2022-03-26,San Mateo,081,765935,121471,120165,6913,127078,684
2022-03-26,Santa Barbara,083,443738,85625,85477,4685,90162,674
2022-03-26,Santa Clara,085,1922200,310487,311189,12294,323483,2250
2022-03-26,Santa Cruz,087,273765,47687,47329,2080,49409,259
2022-03-26,Shasta,089,179085,30525,30542,6082,36624,527
2022-03-26,Sierra,091,2930,271,273,48,321,4
2022-03-26,Siskiyou,093,43540,4446,4433,2717,7150,80
2022-03-26,Solano,095,438530,81366,81659,5558,87217,441
2022-03-26,Sonoma,097,501317,83346,83113,2596,85709,485
2022-03-26,Stanislaus,099,539301,117447,117962,17783,135745,1565
2022-03-26,Sutter,101,95872,20454,20536,2071,22607,221
2022-03-26,Tehama,103,63373,12034,12036,2569,14605,195
2022-03-26,Trinity,105,12862,1182,1174,287,1461,20
2022-03-26,Tulare,107,460477,106219,104538,27512,132050,1400
2022-03-26,Tuolumne,109,53932,12657,12628,558,13186,180
2022-03-26,Ventura,111,848112,172972,172690,9366,182056,1455
2022-03-26,Yolo,113,214977,36990,36234,3026,39260,311
2022-03-26,Yuba,115,75493,15821,15807,1186,16993,117
2022-03-25,Alameda,001,1643700,255644,254691,13878,268569,1803
2022-03-25,Alpine,003,1148,124,124,1,125,0
2022-03-25,Amador,005,37829,8521,8476,640,9116,86
2022-03-25,Butte,007,227075,33221,32929,6924,39853,391
2022-03-25,Calaveras,009,45235,7250,7240,346,7586,120
2022-03-25,Colusa,011,21464,3444,3445,1046,4491,21
2022-03-25,Contra Costa,013,1133247,190755,187990,13209,201199,1285
2022-03-25,Del Norte,015,27424,5798,5831,183,6014,50
2022-03-25,El Dorado,017,186661,26708,26674,3193,29867,200
2022-03-25,Fresno,019,978130,231388,229799,23998,253797,2710
2022-03-25,Glenn,021,27897,4991,4978,1600,6578,47
2022-03-25,Humboldt,023,135768,16862,16911,2944,19855,139
2022-03-25,Imperial,025,180216,55295,55230,10523,65753,913
2022-03-25,Inyo,027,18085,4065,4060,468,4528,56
2022-03-25,Kern,029,883053,191654,191288,45682,236970,2201
2022-03-25,Kings,031,150075,51430,51397,3500,54897,444
2022-03-25,Lake,033,64148,10689,10659,882,11541,136
2022-03-25,Lassen,035,31185,8953,8944,874,9818,63
2022-03-25,Los Angeles,037,10098052,2707693,2698028,122839,2820867,31291
2022-03-25,Madera,039,155013,37207,37321,6016,43337,354
2022-03-25,Marin,041,260295,33446,33317,2199,35516,287
2022-03-25,Mariposa,043,17540,2395,2386,199,2585,23
2022-03-25,Mendocino,045,87422,13042,13038,3010,16048,118
2022-03-25,Merced,047,269075,62282,62083,8622,70705,805
2022-03-25,Modoc,049,8938,734,736,249,985,7
2022-03-25,Mono,051,14174,2967,2966,121,3087,5
2022-03-25,Monterey,053,433212,79271,78688,13602,92290,724
2022-03-25,Napa,055,140530,25762,25701,944,26645,139
2022-03-25,Nevada,057,99092,15927,15960,1190,17150,123
2022-03-25,Orange,059,3164182,545844,545294,41121,586415,6853
2022-03-25,Placer,061,380077,62658,62634,7310,69944,613
2022-03-25,Plumas,063,18699,2965,2758,358,3116,13
2022-03-25,Riverside,065,2383286,590612,590060,27667,617727,6397
2022-03-25,Sacramento,067,1510023,280346,275529,26405,301934,2935
2022-03-25,San Benito,069,59416,12874,12885,510,13395,97
2022-03-25,San Bernardino,071,2135413,573627,560742,24882,585624,6840
2022-03-25,San Diego,073,3302833,749975,750170,52578,802748,5146
2022-03-25,San Francisco,075,870044,124279,124265,8189,132454,839
2022-03-25,San Joaquin,077,732212,166204,166079,9866,175945,2195
2022-03-25,San Luis Obispo,079,281455,52376,52369,3737,56106,469
2022-03-25,San Mateo,081,765935,121419,120165,6913,127078,684
2022-03-25,Santa Barbara,083,443738,85610,85477,4683,90160,674
2022-03-25,Santa Clara,085,1922200,310336,311189,12289,323478,2250
2022-03-25,Santa Cruz,087,273765,47679,47329,2080,49409,259
2022-03-25,Shasta,089,179085,30521,30542,6081,36623,527
2022-03-25,Sierra,091,2930,271,273,48,321,4
2022-03-25,Siskiyou,093,43540,4444,4433,2715,7148,80
2022-03-25,Solano,095,438530,81352,81659,5556,87215,441
2022-03-25,Sonoma,097,501317,83309,83113,2596,85709,485
2022-03-25,Stanislaus,099,539301,117433,117962,17782,135744,1565
2022-03-25,Sutter,101,95872,20449,20536,2071,22607,221
2022-03-25,Tehama,103,63373,12032,12036,2569,14605,195
2022-03-25,Trinity,105,12862,1182,1174,287,1461,20
2022-03-25,Tulare,107,460477,106215,104538,27512,132050,1400
2022-03-25,Tuolumne,109,53932,12656,12628,558,13186,180
2022-03-25,Ventura,111,848112,172934,172690,9366,182056,1455
2022-03-25,Yolo,113,214977,36978,36234,3025,39259,311
2022-03-25,Yuba,115,75493,15816,15807,1185,16992,117
2022-03-24,Alameda,001,1643700,255527,254691,13862,268553,1803
2022-03-24,Alpine,003,1148,124,124,1,125,0
2022-03-24,Amador,005,37829,8521,8476,640,9116,86
2022-03-24,Butte,007,227075,33215,32929,6924,39853,391
2022-03-24,Calaveras,009,45235,7248,7240,346,7586,120
2022-03-24,Colusa,011,21464,3444,3445,1046,4491,21
2022-03-24,Contra Costa,013,1133247,190676,187990,13206,201196,1285
2022-03-24,Del Norte,015,27424,5794,5831,183,6014,50
2022-03-24,El Dorado,017,186661,26698,26674,3193,29867,200
2022-03-24,Fresno,019,978130,231346,229799,23989,253788,2710
2022-03-24,Glenn,021,27897,4990,4978,1600,6578,47
2022-03-24,Humboldt,023,135768,16857,16911,2942,19853,139
2022-03-24,Imperial,025,180216,55288,55230,10523,65753,913
2022-03-24,Inyo,027,18085,4064,4060,468,4528,56
2022-03-24,Kern,029,883053,191644,191288,45680,236968,2201
2022-03-24,Kings,031,150075,51421,51397,3498,54895,444
2022-03-24,Lake,033,64148,10688,10659,882,11541,136
2022-03-24,Lassen,035,31185,8952,8944,874,9818,63
2022-03-24,Los Angeles,037,10098052,2707124,2698028,122794,2820822,31291
2022-03-24,Madera,039,155013,37205,37321,6014,43335,354
2022-03-24,Marin,041,260295,33425,33317,2190,35507,287
2022-03-24,Mariposa,043,17540,2395,2386,199,2585,23
2022-03-24,Mendocino,045,87422,13036,13038,3007,16045,118
2022-03-24,Merced,047,269075,62275,62083,8621,70704,805
2022-03-24,Modoc,049,8938,734,736,249,985,7
2022-03-24,Mono,051,14174,2967,2966,121,3087,5
2022-03-24,Monterey,053,433212,79245,78688,13588,92276,724
2022-03-24,Napa,055,140530,25753,25701,944,26645,139
2022-03-24,Nevada,057,99092,15923,15960,1189,17149,123
2022-03-24,Orange,059,3164182,545742,545294,41106,586400,6853
2022-03-24,Placer,061,380077,62638,62634,7309,69943,613
2022-03-24,Plumas,063,18699,2965,2758,358,3116,13
2022-03-24,Riverside,065,2383286,590535,590060,27659,617719,6397
2022-03-24,Sacramento,067,1510023,280277,275529,26400,301929,2935
2022-03-24,San Benito,069,59416,12873,12885,509,13394,97
2022-03-24,San Bernardino,071,2135413,573545,560742,24878,585620,6840
2022-03-24,San Diego,073,3302833,749767,750170,52565,802735,5146
2022-03-24,San Francisco,075,870044,124197,124265,8183,132448,839
2022-03-24,San Joaquin,077,732212,166177,166079,9866,175945,2195
2022-03-24,San Luis Obispo,079,281455,52360,52369,3736,56105,469
2022-03-24,San Mateo,081,765935,121371,120165,6909,127074,684
2022-03-24,Santa Barbara,083,443738,85595,85477,4680,90157,674
2022-03-24,Santa Clara,085,1922200,310190,311189,12272,323461,2250
2022-03-24,Santa Cruz,087,273765,47661,47329,2079,49408,259
2022-03-24,Shasta,089,179085,30513,30542,6081,36623,527
2022-03-24,Sierra,091,2930,271,273,48,321,4
2022-03-24,Siskiyou,093,43540,4441,4433,2715,7148,80
2022-03-24,Solano,095,438530,81333,81659,5555,87214,441
2022-03-24,Sonoma,097,501317,83274,83113,2594,85707,485
2022-03-24,Stanislaus,099,539301,117425,117962,17779,135741,1565
2022-03-24,Sutter,101,95872,20444,20536,2071,22607,221
2022-03-24,Tehama,103,63373,12030,12036,2568,14604,195
2022-03-24,Trinity,105,12862,1182,1174,287,1461,20
2022-03-24,Tulare,107,460477,106204,104538,27507,132045,1400
2022-03-24,Tuolumne,109,53932,12654,12628,558,13186,180
2022-03-24,Ventura,111,848112,172891,172690,9365,182055,1455
2022-03-24,Yolo,113,214977,36972,36234,3021,39255,311
2022-03-24,Yuba,115,75493,15812,15807,1183,16990,117
2022-03-23,Alameda,001,1643700,255392,254559,13851,268410,1802
2022-03-23,Alpine,003,1148,124,124,1,125,0
2022-03-23,Amador,005,37829,8521,8475,640,9115,86
2022-03-23,Butte,007,227075,33200,32920,6923,39843,387
2022-03-23,Calaveras,009,45235,7243,7237,346,7583,120
2022-03-23,Colusa,011,21464,3443,3444,1046,4490,21
2022-03-23,Contra Costa,013,1133247,190578,187898,13195,201093,1279
2022-03-23,Del Norte,015,27424,5792,5830,183,6013,50
2022-03-23,El Dorado,017,186661,26692,26670,3193,29863,200
2022-03-23,Fresno,019,978130,231310,229656,23976,253632,2710
2022-03-23,Glenn,021,27897,4990,4975,1600,6575,47
2022-03-23,Humboldt,023,135768,16856,16908,2941,19849,139
2022-03-23,Imperial,025,180216,55282,55211,10522,65733,909
2022-03-23,Inyo,027,18085,4064,4060,468,4528,56
2022-03-23,Kern,029,883053,191627,191241,45675,236916,2196
2022-03-23,Kings,031,150075,51410,51384,3498,54882,442
2022-03-23,Lake,033,64148,10684,10658,881,11539,135
2022-03-23,Lassen,035,31185,8951,8944,873,9817,63
2022-03-23,Los Angeles,037,10098052,2706441,2697227,122765,2819992,31267
2022-03-23,Madera,039,155013,37200,37317,6011,43328,354
2022-03-23,Marin,041,260295,33399,33274,2185,35459,287
2022-03-23,Mariposa,043,17540,2393,2382,198,2580,11
2022-03-23,Mendocino,045,87422,13032,13033,3006,16039,118
2022-03-23,Merced,047,269075,62264,62056,8618,70674,805
2022-03-23,Modoc,049,8938,734,736,249,985,7
2022-03-23,Mono,051,14174,2967,2966,121,3087,5
2022-03-23,Monterey,053,433212,79228,78655,13564,92219,724
2022-03-23,Napa,055,140530,25740,25691,942,26633,139
2022-03-23,Nevada,057,99092,15921,15958,1189,17147,123
2022-03-23,Orange,059,3164182,545611,545158,41093,586251,6852
2022-03-23,Placer,061,380077,62619,62622,7307,69929,613
2022-03-23,Plumas,063,18699,2965,2747,358,3105,13
2022-03-23,Riverside,065,2383286,590462,589947,27654,617601,6388
2022-03-23,Sacramento,067,1510023,280214,275398,26393,301791,2934
2022-03-23,San Benito,069,59416,12872,12884,509,13393,97
2022-03-23,San Bernardino,071,2135413,573471,560550,24874,585424,6828
2022-03-23,San Diego,073,3302833,749573,749871,52542,802413,5143
2022-03-23,San Francisco,075,870044,124084,124110,8176,132286,838
2022-03-23,San Joaquin,077,732212,166140,166041,9859,175900,2187
2022-03-23,San Luis Obispo,079,281455,52343,52344,3731,56075,469
2022-03-23,San Mateo,081,765935,121287,120080,6899,126979,685
2022-03-23,Santa Barbara,083,443738,85578,85464,4679,90143,673
2022-03-23,Santa Clara,085,1922200,310026,310956,12260,323216,2250
2022-03-23,Santa Cruz,087,273765,47642,47314,2075,49389,259
2022-03-23,Shasta,089,179085,30509,30524,6080,36604,526
2022-03-23,Sierra,091,2930,271,273,48,321,4
2022-03-23,Siskiyou,093,43540,4440,4433,2715,7148,80
2022-03-23,Solano,095,438530,81299,81615,5554,87169,441
2022-03-23,Sonoma,097,501317,83241,83074,2591,85665,482
2022-03-23,Stanislaus,099,539301,117408,118041,17776,135817,1568
2022-03-23,Sutter,101,95872,20441,20532,2071,22603,218
2022-03-23,Tehama,103,63373,12027,12035,2568,14603,195
2022-03-23,Trinity,105,12862,1182,1174,287,1461,20
2022-03-23,Tulare,107,460477,106186,104489,27502,131991,1394
2022-03-23,Tuolumne,109,53932,12653,12629,558,13187,180
2022-03-23,Ventura,111,848112,172843,172647,9363,182010,1455
2022-03-23,Yolo,113,214977,36952,36197,3019,39216,308
2022-03-23,Yuba,115,75493,15805,15801,1182,16983,117
2022-03-22,Alameda,001,1643700,255270,254467,13552,268019,1802
2022-03-22,Alpine,003,1148,124,122,1,123,0
2022-03-22,Amador,005,37829,8520,8462,639,9101,86
2022-03-22,Butte,007,227075,33190,32907,6919,39826,387
2022-03-22,Calaveras,009,45235,7241,7237,346,7583,120
2022-03-22,Colusa,011,21464,3442,3445,1046,4491,21
2022-03-22,Contra Costa,013,1133247,190502,187813,13174,200987,1279
2022-03-22,Del Norte,015,27424,5786,5824,183,6007,50
2022-03-22,El Dorado,017,186661,26685,26661,3193,29854,200
2022-03-22,Fresno,019,978130,231261,229551,23967,253518,2708
2022-03-22,Glenn,021,27897,4988,4971,1600,6571,47
2022-03-22,Humboldt,023,135768,16853,16911,2941,19852,139
2022-03-22,Imperial,025,180216,55270,55170,10519,65689,908
2022-03-22,Inyo,027,18085,4064,4060,468,4528,56
2022-03-22,Kern,029,883053,191604,191213,45667,236880,2195
2022-03-22,Kings,031,150075,51398,51369,3497,54866,442
2022-03-22,Lake,033,64148,10682,10657,880,11537,135
2022-03-22,Lassen,035,31185,8951,8940,873,9813,63
2022-03-22,Los Angeles,037,10098052,2705778,2696746,122718,2819464,31250
2022-03-22,Madera,039,155013,37197,37304,6008,43312,354
2022-03-22,Marin,041,260295,33374,33253,2181,35434,287
2022-03-22,Mariposa,043,17540,2391,2382,198,2580,6
2022-03-22,Mendocino,045,87422,13027,13030,3004,16034,118
2022-03-22,Merced,047,269075,62253,62056,8614,70670,805
2022-03-22,Modoc,049,8938,734,735,249,984,7
2022-03-22,Mono,051,14174,2967,2963,121,3084,5
2022-03-22,Monterey,053,433212,79211,78614,13554,92168,724
2022-03-22,Napa,055,140530,25730,25688,941,26629,139
2022-03-22,Nevada,057,99092,15913,15950,1189,17139,123
2022-03-22,Orange,059,3164182,545469,545075,41076,586151,6843
2022-03-22,Placer,061,380077,62606,62604,7305,69909,610
2022-03-22,Plumas,063,18699,2964,2744,358,3102,13
2022-03-22,Riverside,065,2383286,590387,589816,27651,617467,6383
2022-03-22,Sacramento,067,1510023,280138,275374,26382,301756,2927
2022-03-22,San Benito,069,59416,12871,12884,508,13392,97
2022-03-22,San Bernardino,071,2135413,573389,560371,24854,585225,6811
2022-03-22,San Diego,073,3302833,749373,749647,52522,802169,5141
2022-03-22,San Francisco,075,870044,123977,123998,8170,132168,838
2022-03-22,San Joaquin,077,732212,166112,165992,9856,175848,2187
2022-03-22,San Luis Obispo,079,281455,52335,52257,3731,55988,465
2022-03-22,San Mateo,081,765935,121214,119975,6896,126871,686
2022-03-22,Santa Barbara,083,443738,85561,85457,4678,90135,672
2022-03-22,Santa Clara,085,1922200,309857,310787,12248,323035,2249
2022-03-22,Santa Cruz,087,273765,47622,47287,2074,49361,259
2022-03-22,Shasta,089,179085,30503,30528,6080,36608,525
2022-03-22,Sierra,091,2930,271,273,48,321,4
2022-03-22,Siskiyou,093,43540,4440,4429,2714,7143,80
2022-03-22,Solano,095,438530,81276,81587,5551,87138,440
2022-03-22,Sonoma,097,501317,83212,83042,2588,85630,482
2022-03-22,Stanislaus,099,539301,117391,118025,17772,135797,1568
2022-03-22,Sutter,101,95872,20440,20525,2068,22593,218
2022-03-22,Tehama,103,63373,12025,12034,2568,14602,162
2022-03-22,Trinity,105,12862,1182,1174,287,1461,20
2022-03-22,Tulare,107,460477,106175,104431,27494,131925,1391
2022-03-22,Tuolumne,109,53932,12653,12628,558,13186,180
2022-03-22,Ventura,111,848112,172794,172590,9361,181951,1455
2022-03-22,Yolo,113,214977,36932,36184,3018,39202,308
2022-03-22,Yuba,115,75493,15802,15795,1181,16976,117
2022-03-21,Alameda,001,1643700,255045,254354,13544,267898,1799
2022-03-21,Alpine,003,1148,124,122,1,123,0
2022-03-21,Amador,005,37829,8517,8461,638,9099,85
2022-03-21,Butte,007,227075,33179,32895,6916,39811,385
2022-03-21,Calaveras,009,45235,7240,7237,346,7583,119
2022-03-21,Colusa,011,21464,3442,3445,1046,4491,21
2022-03-21,Contra Costa,013,1133247,190438,187509,13159,200668,1276
2022-03-21,Del Norte,015,27424,5785,5824,183,6007,50
2022-03-21,El Dorado,017,186661,26674,26610,3193,29803,199
2022-03-21,Fresno,019,978130,231213,229374,23959,253333,2707
2022-03-21,Glenn,021,27897,4986,4972,1595,6567,46
2022-03-21,Humboldt,023,135768,16843,16912,2928,19840,139
2022-03-21,Imperial,025,180216,55257,55133,10518,65651,908
2022-03-21,Inyo,027,18085,4063,4060,468,4528,56
2022-03-21,Kern,029,883053,191571,191184,45661,236845,2187
2022-03-21,Kings,031,150075,51384,51366,3495,54861,441
2022-03-21,Lake,033,64148,10680,10655,880,11535,135
2022-03-21,Lassen,035,31185,8950,8939,873,9812,63
2022-03-21,Los Angeles,037,10098052,2704909,2694711,122669,2817380,31218
2022-03-21,Madera,039,155013,37191,37288,6005,43293,354
2022-03-21,Marin,041,260295,33330,33242,2176,35418,287
2022-03-21,Mariposa,043,17540,2390,2383,197,2580,6
2022-03-21,Mendocino,045,87422,13019,13028,3002,16030,118
2022-03-21,Merced,047,269075,62240,62048,8609,70657,803
2022-03-21,Modoc,049,8938,732,734,249,983,7
2022-03-21,Mono,051,14174,2967,2962,121,3083,5
2022-03-21,Monterey,053,433212,79162,78572,13541,92113,724
2022-03-21,Napa,055,140530,25722,25684,939,26623,138
2022-03-21,Nevada,057,99092,15909,15963,1188,17151,123
2022-03-21,Orange,059,3164182,545316,544943,41059,586002,6841
2022-03-21,Placer,061,380077,62587,62550,7304,69854,610
2022-03-21,Plumas,063,18699,2964,2744,358,3102,13
2022-03-21,Riverside,065,2383286,590306,589707,27647,617354,6376
2022-03-21,Sacramento,067,1510023,280048,275334,26368,301702,2925
2022-03-21,San Benito,069,59416,12865,12872,508,13380,97
2022-03-21,San Bernardino,071,2135413,573301,560210,24841,585051,6807
2022-03-21,San Diego,073,3302833,749148,748833,52502,801335,5138
2022-03-21,San Francisco,075,870044,123809,123912,8161,132073,835
2022-03-21,San Joaquin,077,732212,166086,165939,9853,175792,2185
2022-03-21,San Luis Obispo,079,281455,52310,52219,3726,55945,463
2022-03-21,San Mateo,081,765935,121055,119899,6894,126793,684
2022-03-21,Santa Barbara,083,443738,85546,85416,4676,90092,672
2022-03-21,Santa Clara,085,1922200,309597,310509,12245,322754,2245
2022-03-21,Santa Cruz,087,273765,47586,47267,2073,49340,259
2022-03-21,Shasta,089,179085,30497,30523,6078,36601,525
2022-03-21,Sierra,091,2930,271,273,48,321,4
2022-03-21,Siskiyou,093,43540,4440,4426,2714,7140,80
2022-03-21,Solano,095,438530,81248,81399,5550,86949,441
2022-03-21,Sonoma,097,501317,83173,82979,2583,85562,482
2022-03-21,Stanislaus,099,539301,117358,118144,17770,135914,1571
2022-03-21,Sutter,101,95872,20437,20523,2056,22579,218
2022-03-21,Tehama,103,63373,12021,12030,2568,14598,160
2022-03-21,Trinity,105,12862,1182,1174,287,1461,20
2022-03-21,Tulare,107,460477,106155,104350,27489,131839,1389
2022-03-21,Tuolumne,109,53932,12653,12620,558,13178,180
2022-03-21,Ventura,111,848112,172724,172537,9357,181894,1452
2022-03-21,Yolo,113,214977,36916,36141,3016,39157,307
2022-03-21,Yuba,115,75493,15799,15790,1180,16970,117
2022-03-20,Alameda,001,1643700,254908,254293,13534,267827,1801
2022-03-20,Alpine,003,1148,122,122,1,123,0
2022-03-20,Amador,005,37829,8514,8460,638,9098,85
2022-03-20,Butte,007,227075,33164,32892,6912,39804,385
2022-03-20,Calaveras,009,45235,7240,7233,343,7576,119
2022-03-20,Colusa,011,21464,3442,3446,1046,4492,21
2022-03-20,Contra Costa,013,1133247,190335,187467,13149,200616,1276
2022-03-20,Del Norte,015,27424,5783,5821,183,6004,50
2022-03-20,El Dorado,017,186661,26666,26608,3193,29801,199
2022-03-20,Fresno,019,978130,231135,229297,23948,253245,2707
2022-03-20,Glenn,021,27897,4985,4972,1595,6567,46
2022-03-20,Humboldt,023,135768,16841,16913,2926,19839,139
2022-03-20,Imperial,025,180216,55246,55133,10517,65650,908
2022-03-20,Inyo,027,18085,4063,4060,468,4528,56
2022-03-20,Kern,029,883053,191527,191170,45656,236826,2187
2022-03-20,Kings,031,150075,51373,51360,3495,54855,441
2022-03-20,Lake,033,64148,10676,10652,880,11532,135
2022-03-20,Lassen,035,31185,8948,8938,873,9811,63
2022-03-20,Los Angeles,037,10098052,2704113,2694698,122625,2817323,31219
2022-03-20,Madera,039,155013,37186,37284,6002,43286,354
2022-03-20,Marin,041,260295,33314,33232,2175,35407,275
2022-03-20,Mariposa,043,17540,2390,2383,197,2580,6
2022-03-20,Mendocino,045,87422,13012,13027,2997,16024,118
2022-03-20,Merced,047,269075,62228,62041,8606,70647,803
2022-03-20,Modoc,049,8938,732,734,249,983,7
2022-03-20,Mono,051,14174,2965,2962,121,3083,5
2022-03-20,Monterey,053,433212,79129,78566,13530,92096,723
2022-03-20,Napa,055,140530,25710,25682,938,26620,138
2022-03-20,Nevada,057,99092,15905,15964,1188,17152,123
2022-03-20,Orange,059,3164182,545194,544862,41041,585903,6841
2022-03-20,Placer,061,380077,62567,62525,7304,69829,610
2022-03-20,Plumas,063,18699,2964,2744,358,3102,13
2022-03-20,Riverside,065,2383286,590209,589657,27643,617300,6376
2022-03-20,Sacramento,067,1510023,279970,275317,26353,301670,2927
2022-03-20,San Benito,069,59416,12865,12869,507,13376,97
2022-03-20,San Bernardino,071,2135413,573220,560220,24832,585052,6805
2022-03-20,San Diego,073,3302833,748912,748833,52469,801302,5138
2022-03-20,San Francisco,075,870044,123659,123858,8149,132007,835
2022-03-20,San Joaquin,077,732212,166053,165927,9849,175776,2185
2022-03-20,San Luis Obispo,079,281455,52286,52217,3723,55940,463
2022-03-20,San Mateo,081,765935,120995,119901,6888,126789,684
2022-03-20,Santa Barbara,083,443738,85521,85412,4675,90087,672
2022-03-20,Santa Clara,085,1922200,309389,310412,12237,322649,2243
2022-03-20,Santa Cruz,087,273765,47559,47265,2072,49337,259
2022-03-20,Shasta,089,179085,30487,30522,6077,36599,525
2022-03-20,Sierra,091,2930,271,273,48,321,4
2022-03-20,Siskiyou,093,43540,4439,4426,2714,7140,80
2022-03-20,Solano,095,438530,81218,81393,5548,86941,441
2022-03-20,Sonoma,097,501317,83130,82965,2582,85547,481
2022-03-20,Stanislaus,099,539301,117333,118146,17767,135913,1572
2022-03-20,Sutter,101,95872,20430,20519,2048,22567,218
2022-03-20,Tehama,103,63373,12019,12030,2568,14598,160
2022-03-20,Trinity,105,12862,1182,1174,287,1461,20
2022-03-20,Tulare,107,460477,106134,104353,27477,131830,1389
2022-03-20,Tuolumne,109,53932,12648,12617,558,13175,180
2022-03-20,Ventura,111,848112,172674,172514,9352,181866,1451
2022-03-20,Yolo,113,214977,36896,36135,3015,39150,307
2022-03-20,Yuba,115,75493,15790,15787,1178,16965,117
2022-03-19,Alameda,001,1643700,254832,253936,13532,267468,1797
2022-03-19,Alpine,003,1148,122,122,1,123,0
2022-03-19,Amador,005,37829,8511,8456,638,9094,85
2022-03-19,Butte,007,227075,33156,32856,6912,39768,385
2022-03-19,Calaveras,009,45235,7240,7229,343,7572,119
2022-03-19,Colusa,011,21464,3440,3445,1046,4491,21
2022-03-19,Contra Costa,013,1133247,190299,187225,13148,200373,1276
2022-03-19,Del Norte,015,27424,5780,5815,183,5998,48
2022-03-19,El Dorado,017,186661,26662,26618,3193,29811,199
2022-03-19,Fresno,019,978130,231112,228965,23947,252912,2694
2022-03-19,Glenn,021,27897,4985,4971,1595,6566,44
2022-03-19,Humboldt,023,135768,16835,16901,2926,19827,138
2022-03-19,Imperial,025,180216,55245,55038,10516,65554,898
2022-03-19,Inyo,027,18085,4063,4061,468,4529,56
2022-03-19,Kern,029,883053,191512,190943,45648,236591,2184
2022-03-19,Kings,031,150075,51368,51334,3495,54829,441
2022-03-19,Lake,033,64148,10676,10641,880,11521,135
2022-03-19,Lassen,035,31185,8948,8925,873,9798,63
2022-03-19,Los Angeles,037,10098052,2703741,2686759,122591,2809350,31133
2022-03-19,Madera,039,155013,37186,37273,6002,43275,354
2022-03-19,Marin,041,260295,33295,33163,2171,35334,272
2022-03-19,Mariposa,043,17540,2389,2378,197,2575,6
2022-03-19,Mendocino,045,87422,13012,13012,2997,16009,117
2022-03-19,Merced,047,269075,62223,61985,8604,70589,800
2022-03-19,Modoc,049,8938,732,734,249,983,7
2022-03-19,Mono,051,14174,2965,2961,121,3082,5
2022-03-19,Monterey,053,433212,79118,78483,13523,92006,720
2022-03-19,Napa,055,140530,25707,25654,938,26592,138
2022-03-19,Nevada,057,99092,15903,15960,1188,17148,123
2022-03-19,Orange,059,3164182,545122,543907,41025,584932,6817
2022-03-19,Placer,061,380077,62553,62483,7304,69787,605
2022-03-19,Plumas,063,18699,2964,2724,358,3082,13
2022-03-19,Riverside,065,2383286,590159,589017,27636,616653,6359
2022-03-19,Sacramento,067,1510023,279929,274855,26349,301204,2913
2022-03-19,San Benito,069,59416,12864,12859,507,13366,97
2022-03-19,San Bernardino,071,2135413,573174,559935,24830,584765,6778
2022-03-19,San Diego,073,3302833,748812,747344,52455,799799,5133
2022-03-19,San Francisco,075,870044,123589,123587,8147,131734,833
2022-03-19,San Joaquin,077,732212,166028,165765,9846,175611,2181
2022-03-19,San Luis Obispo,079,281455,52280,52174,3723,55897,463
2022-03-19,San Mateo,081,765935,120958,119782,6887,126669,667
2022-03-19,Santa Barbara,083,443738,85507,85336,4674,90010,671
2022-03-19,Santa Clara,085,1922200,309267,309918,12228,322146,2225
2022-03-19,Santa Cruz,087,273765,47551,47203,2068,49271,256
2022-03-19,Shasta,089,179085,30483,30495,6077,36572,525
2022-03-19,Sierra,091,2930,271,273,48,321,4
2022-03-19,Siskiyou,093,43540,4438,4422,2714,7136,76
2022-03-19,Solano,095,438530,81209,81340,5545,86885,441
2022-03-19,Sonoma,097,501317,83113,82838,2579,85417,472
2022-03-19,Stanislaus,099,539301,117323,118138,17765,135903,1568
2022-03-19,Sutter,101,95872,20427,20503,2048,22551,218
2022-03-19,Tehama,103,63373,12019,12007,2568,14575,160
2022-03-19,Trinity,105,12862,1182,1173,287,1460,20
2022-03-19,Tulare,107,460477,106125,104290,27472,131762,1384
2022-03-19,Tuolumne,109,53932,12647,12617,558,13175,180
2022-03-19,Ventura,111,848112,172643,172380,9351,181731,1451
2022-03-19,Yolo,113,214977,36887,36086,3015,39101,306
2022-03-19,Yuba,115,75493,15786,15768,1177,16945,117
2022-03-18,Alameda,001,1643700,254772,253936,13529,267465,1797
2022-03-18,Alpine,003,1148,122,122,1,123,0
2022-03-18,Amador,005,37829,8511,8456,638,9094,85
2022-03-18,Butte,007,227075,33151,32856,6909,39765,385
2022-03-18,Calaveras,009,45235,7240,7229,343,7572,119
2022-03-18,Colusa,011,21464,3440,3445,1046,4491,21
2022-03-18,Contra Costa,013,1133247,190267,187225,13146,200371,1276
2022-03-18,Del Norte,015,27424,5778,5815,183,5998,48
2022-03-18,El Dorado,017,186661,26657,26618,3191,29809,199
2022-03-18,Fresno,019,978130,231079,228965,23947,252912,2694
2022-03-18,Glenn,021,27897,4984,4971,1595,6566,44
2022-03-18,Humboldt,023,135768,16832,16901,2925,19826,138
2022-03-18,Imperial,025,180216,55243,55038,10516,65554,898
2022-03-18,Inyo,027,18085,4063,4061,468,4529,56
2022-03-18,Kern,029,883053,191501,190943,45645,236588,2184
2022-03-18,Kings,031,150075,51360,51334,3495,54829,441
2022-03-18,Lake,033,64148,10674,10641,879,11520,135
2022-03-18,Lassen,035,31185,8947,8925,873,9798,63
2022-03-18,Los Angeles,037,10098052,2703393,2686759,122565,2809324,31133
2022-03-18,Madera,039,155013,37181,37273,6002,43275,354
2022-03-18,Marin,041,260295,33281,33163,2171,35334,272
2022-03-18,Mariposa,043,17540,2388,2378,197,2575,6
2022-03-18,Mendocino,045,87422,13008,13012,2997,16009,117
2022-03-18,Merced,047,269075,62211,61985,8604,70589,800
2022-03-18,Modoc,049,8938,732,734,249,983,7
2022-03-18,Mono,051,14174,2964,2961,121,3082,5
2022-03-18,Monterey,053,433212,79100,78483,13521,92004,720
2022-03-18,Napa,055,140530,25704,25654,938,26592,138
2022-03-18,Nevada,057,99092,15900,15960,1187,17147,123
2022-03-18,Orange,059,3164182,545055,543907,41016,584923,6817
2022-03-18,Placer,061,380077,62544,62483,7304,69787,605
2022-03-18,Plumas,063,18699,2964,2724,358,3082,13
2022-03-18,Riverside,065,2383286,590099,589017,27632,616649,6359
2022-03-18,Sacramento,067,1510023,279893,274855,26345,301200,2913
2022-03-18,San Benito,069,59416,12862,12859,507,13366,97
2022-03-18,San Bernardino,071,2135413,573136,559935,24828,584763,6778
2022-03-18,San Diego,073,3302833,748704,747344,52440,799784,5133
2022-03-18,San Francisco,075,870044,123510,123587,8142,131729,833
2022-03-18,San Joaquin,077,732212,166013,165765,9841,175606,2181
2022-03-18,San Luis Obispo,079,281455,52273,52174,3723,55897,463
2022-03-18,San Mateo,081,765935,120923,119782,6884,126666,667
2022-03-18,Santa Barbara,083,443738,85497,85336,4673,90009,671
2022-03-18,Santa Clara,085,1922200,309163,309918,12225,322143,2225
2022-03-18,Santa Cruz,087,273765,47539,47203,2067,49270,256
2022-03-18,Shasta,089,179085,30482,30495,6077,36572,525
2022-03-18,Sierra,091,2930,271,273,48,321,4
2022-03-18,Siskiyou,093,43540,4438,4422,2714,7136,76
2022-03-18,Solano,095,438530,81198,81340,5539,86879,441
2022-03-18,Sonoma,097,501317,83092,82838,2578,85416,472
2022-03-18,Stanislaus,099,539301,117310,118138,17765,135903,1568
2022-03-18,Sutter,101,95872,20424,20503,2048,22551,218
2022-03-18,Tehama,103,63373,12018,12007,2568,14575,160
2022-03-18,Trinity,105,12862,1182,1173,287,1460,20
2022-03-18,Tulare,107,460477,106119,104290,27467,131757,1384
2022-03-18,Tuolumne,109,53932,12646,12617,558,13175,180
2022-03-18,Ventura,111,848112,172623,172380,9346,181726,1451
2022-03-18,Yolo,113,214977,36876,36086,3015,39101,306
2022-03-18,Yuba,115,75493,15784,15768,1177,16945,117
2022-03-17,Alameda,001,1643700,254674,253936,13523,267459,1797
2022-03-17,Alpine,003,1148,122,122,1,123,0
2022-03-17,Amador,005,37829,8504,8456,638,9094,85
2022-03-17,Butte,007,227075,33138,32856,6907,39763,385
2022-03-17,Calaveras,009,45235,7237,7229,343,7572,119
2022-03-17,Colusa,011,21464,3440,3445,1046,4491,21
2022-03-17,Contra Costa,013,1133247,190203,187225,13135,200360,1276
2022-03-17,Del Norte,015,27424,5776,5815,183,5998,48
2022-03-17,El Dorado,017,186661,26651,26618,3191,29809,199
2022-03-17,Fresno,019,978130,231030,228965,23944,252909,2694
2022-03-17,Glenn,021,27897,4984,4971,1595,6566,44
2022-03-17,Humboldt,023,135768,16828,16901,2923,19824,138
2022-03-17,Imperial,025,180216,55232,55038,10516,65554,898
2022-03-17,Inyo,027,18085,4063,4061,468,4529,56
2022-03-17,Kern,029,883053,191472,190943,45642,236585,2184
2022-03-17,Kings,031,150075,51357,51334,3494,54828,441
2022-03-17,Lake,033,64148,10671,10641,879,11520,135
2022-03-17,Lassen,035,31185,8945,8925,873,9798,63
2022-03-17,Los Angeles,037,10098052,2702730,2686759,122530,2809289,31133
2022-03-17,Madera,039,155013,37177,37273,6002,43275,354
2022-03-17,Marin,041,260295,33269,33163,2170,35333,272
2022-03-17,Mariposa,043,17540,2388,2378,197,2575,6
2022-03-17,Mendocino,045,87422,13004,13012,2994,16006,117
2022-03-17,Merced,047,269075,62205,61985,8602,70587,800
2022-03-17,Modoc,049,8938,732,734,249,983,7
2022-03-17,Mono,051,14174,2964,2961,120,3081,5
2022-03-17,Monterey,053,433212,79077,78483,13515,91998,720
2022-03-17,Napa,055,140530,25699,25654,938,26592,138
2022-03-17,Nevada,057,99092,15897,15960,1187,17147,123
2022-03-17,Orange,059,3164182,544961,543907,41006,584913,6817
2022-03-17,Placer,061,380077,62528,62483,7302,69785,605
2022-03-17,Plumas,063,18699,2963,2724,358,3082,13
2022-03-17,Riverside,065,2383286,590019,589017,27625,616642,6359
2022-03-17,Sacramento,067,1510023,279827,274855,26339,301194,2913
2022-03-17,San Benito,069,59416,12861,12859,507,13366,97
2022-03-17,San Bernardino,071,2135413,573072,559935,24825,584760,6778
2022-03-17,San Diego,073,3302833,748528,747344,52424,799768,5133
2022-03-17,San Francisco,075,870044,123429,123587,8137,131724,833
2022-03-17,San Joaquin,077,732212,165993,165765,9839,175604,2181
2022-03-17,San Luis Obispo,079,281455,52259,52174,3721,55895,463
2022-03-17,San Mateo,081,765935,120875,119782,6880,126662,667
2022-03-17,Santa Barbara,083,443738,85481,85336,4673,90009,671
2022-03-17,Santa Clara,085,1922200,309043,309918,12220,322138,2225
2022-03-17,Santa Cruz,087,273765,47523,47203,2065,49268,256
2022-03-17,Shasta,089,179085,30478,30495,6075,36570,525
2022-03-17,Sierra,091,2930,271,273,48,321,4
2022-03-17,Siskiyou,093,43540,4437,4422,2714,7136,76
2022-03-17,Solano,095,438530,81169,81340,5535,86875,441
2022-03-17,Sonoma,097,501317,83064,82838,2576,85414,472
2022-03-17,Stanislaus,099,539301,117296,118138,17760,135898,1568
2022-03-17,Sutter,101,95872,20414,20503,2037,22540,218
2022-03-17,Tehama,103,63373,12018,12007,2568,14575,160
2022-03-17,Trinity,105,12862,1182,1173,287,1460,20
2022-03-17,Tulare,107,460477,106103,104290,27457,131747,1384
2022-03-17,Tuolumne,109,53932,12644,12617,557,13174,180
2022-03-17,Ventura,111,848112,172574,172380,9344,181724,1451
2022-03-17,Yolo,113,214977,36862,36086,3015,39101,306
2022-03-17,Yuba,115,75493,15782,15768,1176,16944,117
2022-03-16,Alameda,001,1643700,254575,253792,13520,267312,1794
2022-03-16,Alpine,003,1148,122,122,1,123,0
2022-03-16,Amador,005,37829,8496,8449,638,9087,85
2022-03-16,Butte,007,227075,33127,32837,6902,39739,385
2022-03-16,Calaveras,009,45235,7235,7229,343,7572,120
2022-03-16,Colusa,011,21464,3440,3445,1046,4491,22
2022-03-16,Contra Costa,013,1133247,190145,187100,13124,200224,1266
2022-03-16,Del Norte,015,27424,5775,5811,181,5992,48
2022-03-16,El Dorado,017,186661,26638,26602,3190,29792,199
2022-03-16,Fresno,019,978130,230983,228786,23933,252719,2689
2022-03-16,Glenn,021,27897,4983,4969,1595,6564,44
2022-03-16,Humboldt,023,135768,16825,16893,2923,19816,138
2022-03-16,Imperial,025,180216,55220,55002,10515,65517,897
2022-03-16,Inyo,027,18085,4062,4061,468,4529,56
2022-03-16,Kern,029,883053,191430,190835,45635,236470,2170
2022-03-16,Kings,031,150075,51342,51321,3494,54815,437
2022-03-16,Lake,033,64148,10669,10633,878,11511,133
2022-03-16,Lassen,035,31185,8942,8924,873,9797,62
2022-03-16,Los Angeles,037,10098052,2702098,2685789,122488,2808277,31102
2022-03-16,Madera,039,155013,37167,37262,6001,43263,354
2022-03-16,Marin,041,260295,33248,33136,2168,35304,272
2022-03-16,Mariposa,043,17540,2386,2376,197,2573,6
2022-03-16,Mendocino,045,87422,13001,13011,2993,16004,117
2022-03-16,Merced,047,269075,62189,61959,8598,70557,798
2022-03-16,Modoc,049,8938,731,734,249,983,7
2022-03-16,Mono,051,14174,2964,2960,120,3080,5
2022-03-16,Monterey,053,433212,79055,78416,13510,91926,720
2022-03-16,Napa,055,140530,25690,25638,938,26576,138
2022-03-16,Nevada,057,99092,15895,15960,1187,17147,123
2022-03-16,Orange,059,3164182,544838,543326,40983,584309,6791
2022-03-16,Placer,061,380077,62512,62435,7300,69735,605
2022-03-16,Plumas,063,18699,2963,2723,358,3081,13
2022-03-16,Riverside,065,2383286,589923,588761,27622,616383,6351
2022-03-16,Sacramento,067,1510023,279761,274709,26332,301041,2910
2022-03-16,San Benito,069,59416,12856,12854,507,13361,97
2022-03-16,San Bernardino,071,2135413,572991,559746,24818,584564,6775
2022-03-16,San Diego,073,3302833,748323,746970,52400,799370,5126
2022-03-16,San Francisco,075,870044,123329,123446,8130,131576,831
2022-03-16,San Joaquin,077,732212,165946,165703,9836,175539,2169
2022-03-16,San Luis Obispo,079,281455,52241,52132,3717,55849,462
2022-03-16,San Mateo,081,765935,120812,119680,6872,126552,660
2022-03-16,Santa Barbara,083,443738,85448,85322,4669,89991,670
2022-03-16,Santa Clara,085,1922200,308857,309689,12205,321894,2224
2022-03-16,Santa Cruz,087,273765,47494,47161,2065,49226,255
2022-03-16,Shasta,089,179085,30469,30489,6071,36560,527
2022-03-16,Sierra,091,2930,271,273,48,321,4
2022-03-16,Siskiyou,093,43540,4434,4419,2712,7131,76
2022-03-16,Solano,095,438530,81146,81277,5533,86810,440
2022-03-16,Sonoma,097,501317,83021,82791,2566,85357,472
2022-03-16,Stanislaus,099,539301,117270,118072,17758,135830,1567
2022-03-16,Sutter,101,95872,20412,20494,2036,22530,218
2022-03-16,Tehama,103,63373,12016,11999,2568,14567,160
2022-03-16,Trinity,105,12862,1182,1173,287,1460,20
2022-03-16,Tulare,107,460477,106090,104217,27451,131668,1377
2022-03-16,Tuolumne,109,53932,12639,12610,557,13167,180
2022-03-16,Ventura,111,848112,172533,172212,9340,181552,1451
2022-03-16,Yolo,113,214977,36839,36079,3014,39093,307
2022-03-16,Yuba,115,75493,15777,15758,1176,16934,117
2022-03-15,Alameda,001,1643700,254443,253694,13511,267205,1793
2022-03-15,Alpine,003,1148,122,122,1,123,0
2022-03-15,Amador,005,37829,8493,8448,638,9086,85
2022-03-15,Butte,007,227075,33114,32822,6901,39723,385
2022-03-15,Calaveras,009,45235,7233,7236,343,7579,118
2022-03-15,Colusa,011,21464,3440,3445,1046,4491,21
2022-03-15,Contra Costa,013,1133247,190064,187021,13117,200138,1265
2022-03-15,Del Norte,015,27424,5772,5806,178,5984,48
2022-03-15,El Dorado,017,186661,26635,26596,3190,29786,199
2022-03-15,Fresno,019,978130,230939,228631,23924,252555,2689
2022-03-15,Glenn,021,27897,4981,4966,1595,6561,44
2022-03-15,Humboldt,023,135768,16819,16889,2922,19811,138
2022-03-15,Imperial,025,180216,55210,54981,10511,65492,896
2022-03-15,Inyo,027,18085,4062,4062,467,4529,56
2022-03-15,Kern,029,883053,191401,190645,45625,236270,2168
2022-03-15,Kings,031,150075,51323,51317,3490,54807,437
2022-03-15,Lake,033,64148,10665,10631,878,11509,131
2022-03-15,Lassen,035,31185,8940,8926,873,9799,62
2022-03-15,Los Angeles,037,10098052,2701412,2685071,122431,2807502,31077
2022-03-15,Madera,039,155013,37158,37258,6000,43258,354
2022-03-15,Marin,041,260295,33225,33111,2167,35278,272
2022-03-15,Mariposa,043,17540,2384,2377,197,2574,6
2022-03-15,Mendocino,045,87422,12996,13005,2992,15997,117
2022-03-15,Merced,047,269075,62171,61916,8589,70505,798
2022-03-15,Modoc,049,8938,731,733,249,982,7
2022-03-15,Mono,051,14174,2964,2961,120,3081,5
2022-03-15,Monterey,053,433212,79025,78400,13502,91902,718
2022-03-15,Napa,055,140530,25682,25657,936,26593,138
2022-03-15,Nevada,057,99092,15893,15960,1185,17145,123
2022-03-15,Orange,059,3164182,544699,543197,40976,584173,6780
2022-03-15,Placer,061,380077,62495,62398,7296,69694,604
2022-03-15,Plumas,063,18699,2962,2722,358,3080,13
2022-03-15,Riverside,065,2383286,589824,588622,27614,616236,6333
2022-03-15,Sacramento,067,1510023,279676,274633,26326,300959,2907
2022-03-15,San Benito,069,59416,12852,12849,507,13356,95
2022-03-15,San Bernardino,071,2135413,572915,559605,24815,584420,6770
2022-03-15,San Diego,073,3302833,748080,746474,52378,798852,5116
2022-03-15,San Francisco,075,870044,123212,123526,8121,131647,831
2022-03-15,San Joaquin,077,732212,165903,165664,9830,175494,2161
2022-03-15,San Luis Obispo,079,281455,52231,52060,3713,55773,458
2022-03-15,San Mateo,081,765935,120761,119586,6866,126452,649
2022-03-15,Santa Barbara,083,443738,85423,85353,4665,90018,668
2022-03-15,Santa Clara,085,1922200,308697,309535,12193,321728,2224
2022-03-15,Santa Cruz,087,273765,47441,47117,2065,49182,255
2022-03-15,Shasta,089,179085,30460,30476,6068,36544,524
2022-03-15,Sierra,091,2930,271,273,48,321,4
2022-03-15,Siskiyou,093,43540,4434,4420,2712,7132,76
2022-03-15,Solano,095,438530,81110,81260,5532,86792,440
2022-03-15,Sonoma,097,501317,82981,82737,2566,85303,472
2022-03-15,Stanislaus,099,539301,117252,118085,17755,135840,1567
2022-03-15,Sutter,101,95872,20409,20480,2027,22507,217
2022-03-15,Tehama,103,63373,12013,11997,2568,14565,160
2022-03-15,Trinity,105,12862,1182,1173,287,1460,20
2022-03-15,Tulare,107,460477,106071,104153,27439,131592,1375
2022-03-15,Tuolumne,109,53932,12635,12602,557,13159,180
2022-03-15,Ventura,111,848112,172488,172150,9337,181487,1451
2022-03-15,Yolo,113,214977,36823,36079,3010,39089,308
2022-03-15,Yuba,115,75493,15769,15756,1176,16932,116
2022-03-14,Alameda,001,1643700,254333,253629,13507,267136,1791
2022-03-14,Alpine,003,1148,122,122,1,123,0
2022-03-14,Amador,005,37829,8488,8448,638,9086,85
2022-03-14,Butte,007,227075,33098,32812,6901,39713,385
2022-03-14,Calaveras,009,45235,7232,7245,343,7588,118
2022-03-14,Colusa,011,21464,3439,3445,1046,4491,21
2022-03-14,Contra Costa,013,1133247,189972,186969,13109,200078,1265
2022-03-14,Del Norte,015,27424,5766,5807,178,5985,48
2022-03-14,El Dorado,017,186661,26630,26570,3190,29760,199
2022-03-14,Fresno,019,978130,230865,228470,23914,252384,2682
2022-03-14,Glenn,021,27897,4979,4966,1595,6561,44
2022-03-14,Humboldt,023,135768,16812,16890,2920,19810,137
2022-03-14,Imperial,025,180216,55199,54933,10510,65443,897
2022-03-14,Inyo,027,18085,4062,4062,467,4529,56
2022-03-14,Kern,029,883053,191366,190526,45614,236140,2166
2022-03-14,Kings,031,150075,51305,51293,3489,54782,437
2022-03-14,Lake,033,64148,10662,10631,878,11509,131
2022-03-14,Lassen,035,31185,8940,8927,872,9799,62
2022-03-14,Los Angeles,037,10098052,2700779,2683369,122365,2805734,31034
2022-03-14,Madera,039,155013,37151,37255,5999,43254,354
2022-03-14,Marin,041,260295,33197,33099,2167,35266,272
2022-03-14,Mariposa,043,17540,2383,2376,197,2573,6
2022-03-14,Mendocino,045,87422,12991,12992,2985,15977,117
2022-03-14,Merced,047,269075,62152,61905,8587,70492,795
2022-03-14,Modoc,049,8938,730,731,249,980,7
2022-03-14,Mono,051,14174,2963,2961,120,3081,5
2022-03-14,Monterey,053,433212,79010,78376,13466,91842,718
2022-03-14,Napa,055,140530,25668,25649,936,26585,138
2022-03-14,Nevada,057,99092,15891,15954,1185,17139,123
2022-03-14,Orange,059,3164182,544562,543099,40967,584066,6775
2022-03-14,Placer,061,380077,62477,62389,7294,69683,601
2022-03-14,Plumas,063,18699,2962,2711,358,3069,13
2022-03-14,Riverside,065,2383286,589690,588531,27604,616135,6332
2022-03-14,Sacramento,067,1510023,279595,274682,26321,301003,2899
2022-03-14,San Benito,069,59416,12847,12846,507,13353,95
2022-03-14,San Bernardino,071,2135413,572827,559505,24810,584315,6767
2022-03-14,San Diego,073,3302833,747777,745515,52349,797864,5108
2022-03-14,San Francisco,075,870044,123121,123575,8115,131690,824
2022-03-14,San Joaquin,077,732212,165864,165662,9829,175491,2142
2022-03-14,San Luis Obispo,079,281455,52203,52046,3710,55756,458
2022-03-14,San Mateo,081,765935,120688,119564,6864,126428,649
2022-03-14,Santa Barbara,083,443738,85386,85396,4664,90060,667
2022-03-14,Santa Clara,085,1922200,308513,309600,12189,321789,2223
2022-03-14,Santa Cruz,087,273765,47403,47107,2063,49170,255
2022-03-14,Shasta,089,179085,30455,30462,6065,36527,520
2022-03-14,Sierra,091,2930,271,273,48,321,4
2022-03-14,Siskiyou,093,43540,4429,4419,2711,7130,76
2022-03-14,Solano,095,438530,81061,81233,5527,86760,440
2022-03-14,Sonoma,097,501317,82945,82731,2562,85293,473
2022-03-14,Stanislaus,099,539301,117216,118088,17751,135839,1567
2022-03-14,Sutter,101,95872,20402,20478,2027,22505,217
2022-03-14,Tehama,103,63373,12011,11996,2568,14564,160
2022-03-14,Trinity,105,12862,1182,1172,287,1459,20
2022-03-14,Tulare,107,460477,106043,104121,27432,131553,1365
2022-03-14,Tuolumne,109,53932,12634,12567,556,13123,180
2022-03-14,Ventura,111,848112,172435,172107,9335,181442,1442
2022-03-14,Yolo,113,214977,36807,36059,3008,39067,308
2022-03-14,Yuba,115,75493,15757,15748,1176,16924,116
2022-03-13,Alameda,001,1643700,254210,253547,13499,267046,1792
2022-03-13,Alpine,003,1148,122,122,1,123,0
2022-03-13,Amador,005,37829,8486,8444,638,9082,85
2022-03-13,Butte,007,227075,33079,32806,6898,39704,384
2022-03-13,Calaveras,009,45235,7227,7253,343,7596,118
2022-03-13,Colusa,011,21464,3439,3444,1044,4488,21
2022-03-13,Contra Costa,013,1133247,189875,186911,13096,200007,1265
2022-03-13,Del Norte,015,27424,5762,5808,178,5986,48
2022-03-13,El Dorado,017,186661,26625,26563,3189,29752,199
2022-03-13,Fresno,019,978130,230785,228421,23900,252321,2683
2022-03-13,Glenn,021,27897,4976,4966,1594,6560,44
2022-03-13,Humboldt,023,135768,16804,16883,2920,19803,137
2022-03-13,Imperial,025,180216,55188,54934,10508,65442,897
2022-03-13,Inyo,027,18085,4062,4062,466,4528,56
2022-03-13,Kern,029,883053,191312,190495,45602,236097,2166
2022-03-13,Kings,031,150075,51297,51273,3489,54762,437
2022-03-13,Lake,033,64148,10659,10626,878,11504,131
2022-03-13,Lassen,035,31185,8939,8929,871,9800,62
2022-03-13,Los Angeles,037,10098052,2700054,2683351,122321,2805672,31034
2022-03-13,Madera,039,155013,37143,37248,5999,43247,354
2022-03-13,Marin,041,260295,33173,33083,2165,35248,272
2022-03-13,Mariposa,043,17540,2381,2376,197,2573,6
2022-03-13,Mendocino,045,87422,12985,12987,2980,15967,117
2022-03-13,Merced,047,269075,62130,61895,8578,70473,795
2022-03-13,Modoc,049,8938,730,731,249,980,7
2022-03-13,Mono,051,14174,2963,2961,120,3081,5
2022-03-13,Monterey,053,433212,78974,78366,13418,91784,718
2022-03-13,Napa,055,140530,25654,25639,935,26574,138
2022-03-13,Nevada,057,99092,15884,15959,1185,17144,123
2022-03-13,Orange,059,3164182,544442,543036,40943,583979,6774
2022-03-13,Placer,061,380077,62450,62372,7291,69663,601
2022-03-13,Plumas,063,18699,2962,2711,358,3069,13
2022-03-13,Riverside,065,2383286,589557,588487,27598,616085,6332
2022-03-13,Sacramento,067,1510023,279497,274715,26309,301024,2899
2022-03-13,San Benito,069,59416,12841,12844,505,13349,95
2022-03-13,San Bernardino,071,2135413,572737,559450,24800,584250,6767
2022-03-13,San Diego,073,3302833,747436,745515,52315,797830,5108
2022-03-13,San Francisco,075,870044,123000,123622,8109,131731,824
2022-03-13,San Joaquin,077,732212,165815,165641,9827,175468,2142
2022-03-13,San Luis Obispo,079,281455,52174,52040,3707,55747,458
2022-03-13,San Mateo,081,765935,120610,119521,6855,126376,649
2022-03-13,Santa Barbara,083,443738,85346,85453,4662,90115,667
2022-03-13,Santa Clara,085,1922200,308342,309493,12181,321674,2225
2022-03-13,Santa Cruz,087,273765,47351,47087,2063,49150,255
2022-03-13,Shasta,089,179085,30438,30457,6063,36520,520
2022-03-13,Sierra,091,2930,271,273,48,321,4
2022-03-13,Siskiyou,093,43540,4429,4418,2711,7129,76
2022-03-13,Solano,095,438530,81026,81217,5522,86739,440
2022-03-13,Sonoma,097,501317,82910,82711,2558,85269,473
2022-03-13,Stanislaus,099,539301,117183,118075,17746,135821,1567
2022-03-13,Sutter,101,95872,20398,20474,2027,22501,217
2022-03-13,Tehama,103,63373,12010,11997,2567,14564,160
2022-03-13,Trinity,105,12862,1182,1172,287,1459,20
2022-03-13,Tulare,107,460477,106010,104119,27424,131543,1365
2022-03-13,Tuolumne,109,53932,12631,12565,556,13121,180
2022-03-13,Ventura,111,848112,172377,172080,9328,181408,1442
2022-03-13,Yolo,113,214977,36788,36019,3006,39025,308
2022-03-13,Yuba,115,75493,15752,15741,1176,16917,116
2022-03-12,Alameda,001,1643700,254142,253079,13494,266573,1783
2022-03-12,Alpine,003,1148,122,122,1,123,0
2022-03-12,Amador,005,37829,8482,8427,638,9065,84
2022-03-12,Butte,007,227075,33074,32774,6896,39670,380
2022-03-12,Calaveras,009,45235,7226,7253,343,7596,118
2022-03-12,Colusa,011,21464,3439,3440,1044,4484,21
2022-03-12,Contra Costa,013,1133247,189833,186618,13095,199713,1256
2022-03-12,Del Norte,015,27424,5761,5791,178,5969,48
2022-03-12,El Dorado,017,186661,26621,26538,3189,29727,199
2022-03-12,Fresno,019,978130,230763,228041,23900,251941,2653
2022-03-12,Glenn,021,27897,4976,4955,1594,6549,44
2022-03-12,Humboldt,023,135768,16800,16862,2919,19781,137
2022-03-12,Imperial,025,180216,55183,54837,10505,65342,896
2022-03-12,Inyo,027,18085,4062,4056,466,4522,56
2022-03-12,Kern,029,883053,191295,190330,45597,235927,2162
2022-03-12,Kings,031,150075,51291,51145,3489,54634,436
2022-03-12,Lake,033,64148,10657,10594,877,11471,131
2022-03-12,Lassen,035,31185,8938,8915,871,9786,62
2022-03-12,Los Angeles,037,10098052,2699725,2678858,122301,2801159,30901
2022-03-12,Madera,039,155013,37138,37223,5999,43222,354
2022-03-12,Marin,041,260295,33148,33015,2164,35179,272
2022-03-12,Mariposa,043,17540,2381,2372,197,2569,6
2022-03-12,Mendocino,045,87422,12981,12965,2980,15945,117
2022-03-12,Merced,047,269075,62123,61840,8577,70417,795
2022-03-12,Modoc,049,8938,730,730,249,979,7
2022-03-12,Mono,051,14174,2963,2960,119,3079,5
2022-03-12,Monterey,053,433212,78967,78285,13416,91701,716
2022-03-12,Napa,055,140530,25644,25584,934,26518,138
2022-03-12,Nevada,057,99092,15878,15947,1185,17132,123
2022-03-12,Orange,059,3164182,544378,542354,40934,583288,6718
2022-03-12,Placer,061,380077,62441,62282,7291,69573,598
2022-03-12,Plumas,063,18699,2962,2707,358,3065,13
2022-03-12,Riverside,065,2383286,589492,588022,27593,615615,6317
2022-03-12,Sacramento,067,1510023,279457,274519,26305,300824,2886
2022-03-12,San Benito,069,59416,12838,12868,505,13373,95
2022-03-12,San Bernardino,071,2135413,572693,559013,24799,583812,6734
2022-03-12,San Diego,073,3302833,747314,744386,52293,796679,5090
2022-03-12,San Francisco,075,870044,122935,123610,8103,131713,823
2022-03-12,San Joaquin,077,732212,165798,165516,9824,175340,2117
2022-03-12,San Luis Obispo,079,281455,52165,51947,3704,55651,457
2022-03-12,San Mateo,081,765935,120574,119288,6854,126142,641
2022-03-12,Santa Barbara,083,443738,85327,85421,4662,90083,664
2022-03-12,Santa Clara,085,1922200,308243,308989,12176,321165,2208
2022-03-12,Santa Cruz,087,273765,47338,46982,2062,49044,254
2022-03-12,Shasta,089,179085,30426,30419,6061,36480,517
2022-03-12,Sierra,091,2930,271,273,48,321,4
2022-03-12,Siskiyou,093,43540,4429,4405,2711,7116,75
2022-03-12,Solano,095,438530,81012,81058,5522,86580,436
2022-03-12,Sonoma,097,501317,82893,82622,2556,85178,473
2022-03-12,Stanislaus,099,539301,117169,117884,17745,135629,1564
2022-03-12,Sutter,101,95872,20397,20429,2027,22456,217
2022-03-12,Tehama,103,63373,12010,11983,2567,14550,159
2022-03-12,Trinity,105,12862,1181,1172,287,1459,20
2022-03-12,Tulare,107,460477,106005,103994,27420,131414,1358
2022-03-12,Tuolumne,109,53932,12630,12476,556,13032,180
2022-03-12,Ventura,111,848112,172352,171932,9327,181259,1442
2022-03-12,Yolo,113,214977,36781,35982,3004,38986,308
2022-03-12,Yuba,115,75493,15752,15722,1176,16898,116
2022-03-11,Alameda,001,1643700,254077,253079,13494,266573,1783
2022-03-11,Alpine,003,1148,122,122,1,123,0
2022-03-11,Amador,005,37829,8480,8427,638,9065,84
2022-03-11,Butte,007,227075,33070,32774,6895,39669,380
2022-03-11,Calaveras,009,45235,7226,7253,343,7596,118
2022-03-11,Colusa,011,21464,3439,3440,1044,4484,21
2022-03-11,Contra Costa,013,1133247,189785,186618,13093,199711,1256
2022-03-11,Del Norte,015,27424,5757,5791,178,5969,48
2022-03-11,El Dorado,017,186661,26617,26538,3189,29727,199
2022-03-11,Fresno,019,978130,230709,228041,23896,251937,2653
2022-03-11,Glenn,021,27897,4976,4955,1594,6549,44
2022-03-11,Humboldt,023,135768,16795,16862,2918,19780,137
2022-03-11,Imperial,025,180216,55177,54837,10504,65341,896
2022-03-11,Inyo,027,18085,4062,4056,466,4522,56
2022-03-11,Kern,029,883053,191274,190330,45592,235922,2162
2022-03-11,Kings,031,150075,51271,51145,3489,54634,436
2022-03-11,Lake,033,64148,10653,10594,877,11471,131
2022-03-11,Lassen,035,31185,8937,8915,871,9786,62
2022-03-11,Los Angeles,037,10098052,2699402,2678858,122276,2801134,30901
2022-03-11,Madera,039,155013,37133,37223,5999,43222,354
2022-03-11,Marin,041,260295,33132,33015,2163,35178,272
2022-03-11,Mariposa,043,17540,2380,2372,197,2569,6
2022-03-11,Mendocino,045,87422,12975,12965,2980,15945,117
2022-03-11,Merced,047,269075,62116,61840,8575,70415,795
2022-03-11,Modoc,049,8938,730,730,249,979,7
2022-03-11,Mono,051,14174,2962,2960,119,3079,5
2022-03-11,Monterey,053,433212,78954,78285,13409,91694,716
2022-03-11,Napa,055,140530,25633,25584,934,26518,138
2022-03-11,Nevada,057,99092,15875,15947,1185,17132,123
2022-03-11,Orange,059,3164182,544309,542354,40920,583274,6718
2022-03-11,Placer,061,380077,62430,62282,7290,69572,598
2022-03-11,Plumas,063,18699,2960,2707,358,3065,13
2022-03-11,Riverside,065,2383286,589415,588022,27589,615611,6317
2022-03-11,Sacramento,067,1510023,279389,274519,26302,300821,2886
2022-03-11,San Benito,069,59416,12837,12868,505,13373,95
2022-03-11,San Bernardino,071,2135413,572636,559013,24794,583807,6734
2022-03-11,San Diego,073,3302833,747148,744386,52279,796665,5090
2022-03-11,San Francisco,075,870044,122884,123610,8099,131709,823
2022-03-11,San Joaquin,077,732212,165764,165516,9821,175337,2117
2022-03-11,San Luis Obispo,079,281455,52157,51947,3703,55650,457
2022-03-11,San Mateo,081,765935,120525,119288,6851,126139,641
2022-03-11,Santa Barbara,083,443738,85307,85421,4661,90082,664
2022-03-11,Santa Clara,085,1922200,308143,308989,12173,321162,2208
2022-03-11,Santa Cruz,087,273765,47323,46982,2062,49044,254
2022-03-11,Shasta,089,179085,30421,30419,6058,36477,517
2022-03-11,Sierra,091,2930,271,273,48,321,4
2022-03-11,Siskiyou,093,43540,4427,4405,2709,7114,75
2022-03-11,Solano,095,438530,80998,81058,5521,86579,436
2022-03-11,Sonoma,097,501317,82868,82622,2554,85176,473
2022-03-11,Stanislaus,099,539301,117155,117884,17743,135627,1564
2022-03-11,Sutter,101,95872,20395,20429,2027,22456,217
2022-03-11,Tehama,103,63373,12008,11983,2567,14550,159
2022-03-11,Trinity,105,12862,1181,1172,287,1459,20
2022-03-11,Tulare,107,460477,105991,103994,27414,131408,1358
2022-03-11,Tuolumne,109,53932,12628,12476,556,13032,180
2022-03-11,Ventura,111,848112,172316,171932,9322,181254,1442
2022-03-11,Yolo,113,214977,36770,35982,3004,38986,308
2022-03-11,Yuba,115,75493,15749,15722,1176,16898,116
2022-03-10,Alameda,001,1643700,253966,253079,13488,266567,1783
2022-03-10,Alpine,003,1148,122,122,1,123,0
2022-03-10,Amador,005,37829,8479,8427,638,9065,84
2022-03-10,Butte,007,227075,33054,32774,6893,39667,380
2022-03-10,Calaveras,009,45235,7225,7253,342,7595,118
2022-03-10,Colusa,011,21464,3439,3440,1044,4484,21
2022-03-10,Contra Costa,013,1133247,189701,186618,13083,199701,1256
2022-03-10,Del Norte,015,27424,5748,5791,178,5969,48
2022-03-10,El Dorado,017,186661,26605,26538,3188,29726,199
2022-03-10,Fresno,019,978130,230636,228041,23886,251927,2653
2022-03-10,Glenn,021,27897,4973,4955,1594,6549,44
2022-03-10,Humboldt,023,135768,16786,16862,2917,19779,137
2022-03-10,Imperial,025,180216,55167,54837,10503,65340,896
2022-03-10,Inyo,027,18085,4061,4056,466,4522,56
2022-03-10,Kern,029,883053,191241,190330,45578,235908,2162
2022-03-10,Kings,031,150075,51242,51145,3488,54633,436
2022-03-10,Lake,033,64148,10643,10594,876,11470,131
2022-03-10,Lassen,035,31185,8937,8915,871,9786,62
2022-03-10,Los Angeles,037,10098052,2698847,2678858,122237,2801095,30901
2022-03-10,Madera,039,155013,37127,37223,5992,43215,354
2022-03-10,Marin,041,260295,33119,33015,2159,35174,272
2022-03-10,Mariposa,043,17540,2380,2372,197,2569,6
2022-03-10,Mendocino,045,87422,12972,12965,2980,15945,117
2022-03-10,Merced,047,269075,62097,61840,8570,70410,795
2022-03-10,Modoc,049,8938,729,730,249,979,7
2022-03-10,Mono,051,14174,2962,2960,119,3079,5
2022-03-10,Monterey,053,433212,78931,78285,13384,91669,716
2022-03-10,Napa,055,140530,25624,25584,933,26517,138
2022-03-10,Nevada,057,99092,15868,15947,1185,17132,123
2022-03-10,Orange,059,3164182,544188,542354,40903,583257,6718
2022-03-10,Placer,061,380077,62408,62282,7285,69567,598
2022-03-10,Plumas,063,18699,2959,2707,358,3065,13
2022-03-10,Riverside,065,2383286,589300,588022,27584,615606,6317
2022-03-10,Sacramento,067,1510023,279311,274519,26296,300815,2886
2022-03-10,San Benito,069,59416,12836,12868,504,13372,95
2022-03-10,San Bernardino,071,2135413,572563,559013,24790,583803,6734
2022-03-10,San Diego,073,3302833,746890,744386,52248,796634,5090
2022-03-10,San Francisco,075,870044,122816,123610,8093,131703,823
2022-03-10,San Joaquin,077,732212,165733,165516,9819,175335,2117
2022-03-10,San Luis Obispo,079,281455,52134,51947,3700,55647,457
2022-03-10,San Mateo,081,765935,120462,119288,6849,126137,641
2022-03-10,Santa Barbara,083,443738,85275,85421,4660,90081,664
2022-03-10,Santa Clara,085,1922200,308017,308989,12165,321154,2208
2022-03-10,Santa Cruz,087,273765,47291,46982,2062,49044,254
2022-03-10,Shasta,089,179085,30412,30419,6056,36475,517
2022-03-10,Sierra,091,2930,271,273,48,321,4
2022-03-10,Siskiyou,093,43540,4427,4405,2709,7114,75
2022-03-10,Solano,095,438530,80962,81058,5516,86574,436
2022-03-10,Sonoma,097,501317,82841,82622,2554,85176,473
2022-03-10,Stanislaus,099,539301,117121,117884,17741,135625,1564
2022-03-10,Sutter,101,95872,20391,20429,2027,22456,217
2022-03-10,Tehama,103,63373,12007,11983,2567,14550,159
2022-03-10,Trinity,105,12862,1181,1172,287,1459,20
2022-03-10,Tulare,107,460477,105973,103994,27408,131402,1358
2022-03-10,Tuolumne,109,53932,12625,12476,556,13032,180
2022-03-10,Ventura,111,848112,172275,171932,9319,181251,1442
2022-03-10,Yolo,113,214977,36757,35982,3003,38985,308
2022-03-10,Yuba,115,75493,15739,15722,1175,16897,116
2022-03-09,Alameda,001,1643700,253843,252893,13483,266376,1781
2022-03-09,Alpine,003,1148,122,125,1,126,0
2022-03-09,Amador,005,37829,8473,8409,638,9047,84
2022-03-09,Butte,007,227075,33045,32767,6889,39656,380
2022-03-09,Calaveras,009,45235,7223,7249,342,7591,117
2022-03-09,Colusa,011,21464,3438,3439,1044,4483,21
2022-03-09,Contra Costa,013,1133247,189607,186483,13068,199551,1256
2022-03-09,Del Norte,015,27424,5744,5765,178,5943,48
2022-03-09,El Dorado,017,186661,26600,26515,3188,29703,198
2022-03-09,Fresno,019,978130,230537,227885,23879,251764,2653
2022-03-09,Glenn,021,27897,4972,4953,1593,6546,44
2022-03-09,Humboldt,023,135768,16781,16854,2914,19768,137
2022-03-09,Imperial,025,180216,55162,54764,10501,65265,894
2022-03-09,Inyo,027,18085,4061,4056,466,4522,56
2022-03-09,Kern,029,883053,191193,190254,45566,235820,2159
2022-03-09,Kings,031,150075,51221,51122,3488,54610,435
2022-03-09,Lake,033,64148,10636,10586,876,11462,130
2022-03-09,Lassen,035,31185,8937,8901,871,9772,62
2022-03-09,Los Angeles,037,10098052,2698199,2677901,122198,2800099,30842
2022-03-09,Madera,039,155013,37120,37207,5991,43198,354
2022-03-09,Marin,041,260295,33101,32967,2159,35126,272
2022-03-09,Mariposa,043,17540,2377,2372,197,2569,6
2022-03-09,Mendocino,045,87422,12968,12957,2975,15932,117
2022-03-09,Merced,047,269075,62080,61792,8564,70356,792
2022-03-09,Modoc,049,8938,728,730,248,978,7
2022-03-09,Mono,051,14174,2962,2962,119,3081,5
2022-03-09,Monterey,053,433212,78909,78258,13341,91599,716
2022-03-09,Napa,055,140530,25603,25561,932,26493,138
2022-03-09,Nevada,057,99092,15859,15938,1184,17122,123
2022-03-09,Orange,059,3164182,544058,542278,40891,583169,6700
2022-03-09,Placer,061,380077,62387,62242,7281,69523,598
2022-03-09,Plumas,063,18699,2958,2708,358,3066,13
2022-03-09,Riverside,065,2383286,589204,587833,27574,615407,6305
2022-03-09,Sacramento,067,1510023,279227,274373,26280,300653,2877
2022-03-09,San Benito,069,59416,12833,12864,504,13368,95
2022-03-09,San Bernardino,071,2135413,572471,558795,24779,583574,6723
2022-03-09,San Diego,073,3302833,746619,743956,52221,796177,5083
2022-03-09,San Francisco,075,870044,122726,123676,8089,131765,812
2022-03-09,San Joaquin,077,732212,165693,165444,9813,175257,2113
2022-03-09,San Luis Obispo,079,281455,52115,51923,3698,55621,457
2022-03-09,San Mateo,081,765935,120404,119194,6837,126031,639
2022-03-09,Santa Barbara,083,443738,85261,85382,4658,90040,661
2022-03-09,Santa Clara,085,1922200,307881,308765,12155,320920,2206
2022-03-09,Santa Cruz,087,273765,47251,46917,2061,48978,254
2022-03-09,Shasta,089,179085,30390,30407,6055,36462,493
2022-03-09,Sierra,091,2930,271,273,48,321,4
2022-03-09,Siskiyou,093,43540,4425,4403,2708,7111,75
2022-03-09,Solano,095,438530,80926,80984,5515,86499,436
2022-03-09,Sonoma,097,501317,82808,82574,2552,85126,473
2022-03-09,Stanislaus,099,539301,117084,117827,17736,135563,1541
2022-03-09,Sutter,101,95872,20380,20409,2023,22432,217
2022-03-09,Tehama,103,63373,12003,11980,2567,14547,159
2022-03-09,Trinity,105,12862,1181,1174,287,1461,20
2022-03-09,Tulare,107,460477,105945,103932,27395,131327,1350
2022-03-09,Tuolumne,109,53932,12623,12444,556,13000,180
2022-03-09,Ventura,111,848112,172225,171852,9316,181168,1448
2022-03-09,Yolo,113,214977,36738,35973,2991,38964,308
2022-03-09,Yuba,115,75493,15734,15714,1174,16888,115
2022-03-08,Alameda,001,1643700,253688,252744,13471,266215,1769
2022-03-08,Alpine,003,1148,122,125,1,126,0
2022-03-08,Amador,005,37829,8459,8407,638,9045,84
2022-03-08,Butte,007,227075,33031,32759,6885,39644,380
2022-03-08,Calaveras,009,45235,7219,7245,342,7587,117
2022-03-08,Colusa,011,21464,3435,3439,1043,4482,21
2022-03-08,Contra Costa,013,1133247,189520,186396,13055,199451,1256
2022-03-08,Del Norte,015,27424,5739,5763,178,5941,48
2022-03-08,El Dorado,017,186661,26590,26503,3182,29685,197
2022-03-08,Fresno,019,978130,230439,227808,23870,251678,2653
2022-03-08,Glenn,021,27897,4970,4944,1592,6536,43
2022-03-08,Humboldt,023,135768,16769,16837,2901,19738,137
2022-03-08,Imperial,025,180216,55147,54721,10499,65220,890
2022-03-08,Inyo,027,18085,4058,4056,466,4522,56
2022-03-08,Kern,029,883053,191129,190208,45552,235760,2154
2022-03-08,Kings,031,150075,51179,51089,3486,54575,434
2022-03-08,Lake,033,64148,10626,10571,876,11447,130
2022-03-08,Lassen,035,31185,8936,8897,871,9768,62
2022-03-08,Los Angeles,037,10098052,2697506,2677166,122160,2799326,30803
2022-03-08,Madera,039,155013,37110,37185,5990,43175,354
2022-03-08,Marin,041,260295,33064,32943,2158,35101,272
2022-03-08,Mariposa,043,17540,2375,2371,197,2568,6
2022-03-08,Mendocino,045,87422,12964,12950,2974,15924,117
2022-03-08,Merced,047,269075,62060,61767,8554,70321,791
2022-03-08,Modoc,049,8938,727,729,248,977,7
2022-03-08,Mono,051,14174,2961,2961,119,3080,5
2022-03-08,Monterey,053,433212,78889,78247,13304,91551,711
2022-03-08,Napa,055,140530,25577,25528,931,26459,137
2022-03-08,Nevada,057,99092,15848,15939,1183,17122,122
2022-03-08,Orange,059,3164182,543913,542164,40871,583035,6692
2022-03-08,Placer,061,380077,62360,62221,7280,69501,594
2022-03-08,Plumas,063,18699,2958,2703,358,3061,13
2022-03-08,Riverside,065,2383286,589096,587686,27567,615253,6294
2022-03-08,Sacramento,067,1510023,279132,274276,26261,300537,2872
2022-03-08,San Benito,069,59416,12831,12855,504,13359,94
2022-03-08,San Bernardino,071,2135413,572378,558512,24769,583281,6715
2022-03-08,San Diego,073,3302833,746275,743604,52204,795808,5077
2022-03-08,San Francisco,075,870044,122637,123675,8084,131759,807
2022-03-08,San Joaquin,077,732212,165659,165381,9809,175190,2104
2022-03-08,San Luis Obispo,079,281455,52087,51900,3695,55595,451
2022-03-08,San Mateo,081,765935,120323,119103,6827,125930,638
2022-03-08,Santa Barbara,083,443738,85229,85363,4658,90021,659
2022-03-08,Santa Clara,085,1922200,307672,308528,12147,320675,2206
2022-03-08,Santa Cruz,087,273765,47214,46875,2060,48935,254
2022-03-08,Shasta,089,179085,30371,30372,6052,36424,493
2022-03-08,Sierra,091,2930,271,273,48,321,4
2022-03-08,Siskiyou,093,43540,4421,4404,2708,7112,74
2022-03-08,Solano,095,438530,80898,80924,5512,86436,434
2022-03-08,Sonoma,097,501317,82760,82571,2551,85122,473
2022-03-08,Stanislaus,099,539301,117040,117782,17727,135509,1541
2022-03-08,Sutter,101,95872,20372,20403,2023,22426,217
2022-03-08,Tehama,103,63373,11999,11972,2566,14538,158
2022-03-08,Trinity,105,12862,1181,1174,287,1461,20
2022-03-08,Tulare,107,460477,105907,103893,27384,131277,1334
2022-03-08,Tuolumne,109,53932,12618,12427,554,12981,180
2022-03-08,Ventura,111,848112,172161,171806,9309,181115,1447
2022-03-08,Yolo,113,214977,36712,35946,2990,38936,306
2022-03-08,Yuba,115,75493,15729,15705,1173,16878,115
2022-03-07,Alameda,001,1643700,253485,252578,13456,266034,1766
2022-03-07,Alpine,003,1148,122,125,1,126,0
2022-03-07,Amador,005,37829,8456,8368,638,9006,84
2022-03-07,Butte,007,227075,33016,32734,6881,39615,378
2022-03-07,Calaveras,009,45235,7215,7242,342,7584,116
2022-03-07,Colusa,011,21464,3435,3437,1043,4480,21
2022-03-07,Contra Costa,013,1133247,189420,186087,13034,199121,1256
2022-03-07,Del Norte,015,27424,5735,5758,178,5936,48
2022-03-07,El Dorado,017,186661,26584,26487,3181,29668,196
2022-03-07,Fresno,019,978130,230349,227670,23847,251517,2653
2022-03-07,Glenn,021,27897,4967,4939,1592,6531,43
2022-03-07,Humboldt,023,135768,16755,16829,2896,19725,137
2022-03-07,Imperial,025,180216,55125,54712,10494,65206,890
2022-03-07,Inyo,027,18085,4056,4054,466,4520,56
2022-03-07,Kern,029,883053,191066,190163,45529,235692,2152
2022-03-07,Kings,031,150075,51149,51065,3481,54546,433
2022-03-07,Lake,033,64148,10614,10562,875,11437,130
2022-03-07,Lassen,035,31185,8935,8896,871,9767,62
2022-03-07,Los Angeles,037,10098052,2696696,2675497,122121,2797618,30759
2022-03-07,Madera,039,155013,37100,37164,5988,43152,354
2022-03-07,Marin,041,260295,33027,32919,2155,35074,272
2022-03-07,Mariposa,043,17540,2374,2369,197,2566,6
2022-03-07,Mendocino,045,87422,12957,12940,2973,15913,117
2022-03-07,Merced,047,269075,62020,61751,8547,70298,791
2022-03-07,Modoc,049,8938,727,729,248,977,7
2022-03-07,Mono,051,14174,2961,2960,119,3079,5
2022-03-07,Monterey,053,433212,78855,78161,13256,91417,706
2022-03-07,Napa,055,140530,25548,25500,931,26431,136
2022-03-07,Nevada,057,99092,15841,15935,1177,17112,122
2022-03-07,Orange,059,3164182,543742,542028,40844,582872,6687
2022-03-07,Placer,061,380077,62331,62215,7279,69494,591
2022-03-07,Plumas,063,18699,2958,2702,358,3060,13
2022-03-07,Riverside,065,2383286,588969,587537,27559,615096,6279
2022-03-07,Sacramento,067,1510023,279031,274079,26248,300327,2866
2022-03-07,San Benito,069,59416,12825,12843,504,13347,94
2022-03-07,San Bernardino,071,2135413,572273,558265,24759,583024,6703
2022-03-07,San Diego,073,3302833,745933,742287,52161,794448,5068
2022-03-07,San Francisco,075,870044,122525,123655,8078,131733,807
2022-03-07,San Joaquin,077,732212,165609,165343,9802,175145,2091
2022-03-07,San Luis Obispo,079,281455,52043,51874,3692,55566,448
2022-03-07,San Mateo,081,765935,120247,119035,6820,125855,630
2022-03-07,Santa Barbara,083,443738,85191,85345,4657,90002,659
2022-03-07,Santa Clara,085,1922200,307485,308517,12141,320658,2202
2022-03-07,Santa Cruz,087,273765,47164,46823,2059,48882,254
2022-03-07,Shasta,089,179085,30358,30352,6049,36401,493
2022-03-07,Sierra,091,2930,271,273,48,321,4
2022-03-07,Siskiyou,093,43540,4417,4398,2707,7105,74
2022-03-07,Solano,095,438530,80841,80886,5510,86396,435
2022-03-07,Sonoma,097,501317,82717,82530,2550,85080,473
2022-03-07,Stanislaus,099,539301,117001,117713,17720,135433,1537
2022-03-07,Sutter,101,95872,20361,20400,2022,22422,217
2022-03-07,Tehama,103,63373,11994,11966,2565,14531,158
2022-03-07,Trinity,105,12862,1179,1173,287,1460,20
2022-03-07,Tulare,107,460477,105871,103834,27374,131208,1316
2022-03-07,Tuolumne,109,53932,12612,12408,553,12961,179
2022-03-07,Ventura,111,848112,172110,171886,9307,181193,1436
2022-03-07,Yolo,113,214977,36689,35934,2984,38918,306
2022-03-07,Yuba,115,75493,15722,15701,1172,16873,115
2022-03-06,Alameda,001,1643700,253298,252460,13447,265907,1766
2022-03-06,Alpine,003,1148,122,125,1,126,0
2022-03-06,Amador,005,37829,8453,8367,636,9003,84
2022-03-06,Butte,007,227075,33004,32714,6876,39590,376
2022-03-06,Calaveras,009,45235,7213,7236,341,7577,116
2022-03-06,Colusa,011,21464,3433,3435,1042,4477,21
2022-03-06,Contra Costa,013,1133247,189306,185974,13009,198983,1256
2022-03-06,Del Norte,015,27424,5720,5744,177,5921,48
2022-03-06,El Dorado,017,186661,26576,26478,3179,29657,196
2022-03-06,Fresno,019,978130,230206,227514,23837,251351,2653
2022-03-06,Glenn,021,27897,4964,4939,1592,6531,43
2022-03-06,Humboldt,023,135768,16745,16813,2893,19706,137
2022-03-06,Imperial,025,180216,55107,54719,10484,65203,890
2022-03-06,Inyo,027,18085,4054,4053,466,4519,56
2022-03-06,Kern,029,883053,191010,190088,45509,235597,2152
2022-03-06,Kings,031,150075,51079,51050,3479,54529,432
2022-03-06,Lake,033,64148,10600,10539,874,11413,130
2022-03-06,Lassen,035,31185,8922,8887,870,9757,62
2022-03-06,Los Angeles,037,10098052,2695764,2675456,122064,2797520,30759
2022-03-06,Madera,039,155013,37070,37135,5981,43116,354
2022-03-06,Marin,041,260295,33001,32879,2154,35033,272
2022-03-06,Mariposa,043,17540,2373,2365,196,2561,6
2022-03-06,Mendocino,045,87422,12945,12923,2969,15892,116
2022-03-06,Merced,047,269075,61987,61722,8530,70252,791
2022-03-06,Modoc,049,8938,727,729,248,977,7
2022-03-06,Mono,051,14174,2961,2959,119,3078,5
2022-03-06,Monterey,053,433212,78809,78154,13225,91379,706
2022-03-06,Napa,055,140530,25513,25457,929,26386,136
2022-03-06,Nevada,057,99092,15830,15924,1176,17100,122
2022-03-06,Orange,059,3164182,543584,541903,40798,582701,6688
2022-03-06,Placer,061,380077,62298,62185,7275,69460,591
2022-03-06,Plumas,063,18699,2953,2704,358,3062,13
2022-03-06,Riverside,065,2383286,588807,587388,27539,614927,6279
2022-03-06,Sacramento,067,1510023,278896,273935,26224,300159,2869
2022-03-06,San Benito,069,59416,12814,12835,503,13338,94
2022-03-06,San Bernardino,071,2135413,572151,558139,24747,582886,6701
2022-03-06,San Diego,073,3302833,745538,742287,52112,794399,5068
2022-03-06,San Francisco,075,870044,122392,123742,8075,131817,806
2022-03-06,San Joaquin,077,732212,165527,165252,9796,175048,2091
2022-03-06,San Luis Obispo,079,281455,52005,51828,3690,55518,448
2022-03-06,San Mateo,081,765935,120164,118916,6811,125727,630
2022-03-06,Santa Barbara,083,443738,85150,85317,4652,89969,659
2022-03-06,Santa Clara,085,1922200,307227,308250,12139,320389,2201
2022-03-06,Santa Cruz,087,273765,47113,46755,2058,48813,254
2022-03-06,Shasta,089,179085,30335,30332,6033,36365,493
2022-03-06,Sierra,091,2930,271,273,48,321,4
2022-03-06,Siskiyou,093,43540,4413,4398,2705,7103,74
2022-03-06,Solano,095,438530,80784,80833,5504,86337,435
2022-03-06,Sonoma,097,501317,82682,82458,2546,85004,473
2022-03-06,Stanislaus,099,539301,116955,117680,17708,135388,1536
2022-03-06,Sutter,101,95872,20351,20390,2018,22408,217
2022-03-06,Tehama,103,63373,11986,11963,2565,14528,158
2022-03-06,Trinity,105,12862,1179,1172,286,1458,20
2022-03-06,Tulare,107,460477,105815,103794,27362,131156,1316
2022-03-06,Tuolumne,109,53932,12606,12379,551,12930,179
2022-03-06,Ventura,111,848112,172041,171819,9305,181124,1436
2022-03-06,Yolo,113,214977,36663,35882,2981,38863,306
2022-03-06,Yuba,115,75493,15718,15694,1171,16865,115
2022-03-05,Alameda,001,1643700,253182,251988,13442,265430,1760
2022-03-05,Alpine,003,1148,122,125,1,126,0
2022-03-05,Amador,005,37829,8450,8344,636,8980,83
2022-03-05,Butte,007,227075,32996,32663,6872,39535,372
2022-03-05,Calaveras,009,45235,7210,7236,341,7577,116
2022-03-05,Colusa,011,21464,3433,3433,1042,4475,21
2022-03-05,Contra Costa,013,1133247,189243,185734,13004,198738,1235
2022-03-05,Del Norte,015,27424,5717,5725,177,5902,48
2022-03-05,El Dorado,017,186661,26570,26446,3176,29622,193
2022-03-05,Fresno,019,978130,230154,227154,23836,250990,2640
2022-03-05,Glenn,021,27897,4960,4927,1592,6519,43
2022-03-05,Humboldt,023,135768,16739,16781,2891,19672,136
2022-03-05,Imperial,025,180216,55097,54650,10482,65132,880
2022-03-05,Inyo,027,18085,4053,4043,465,4508,56
2022-03-05,Kern,029,883053,190977,189817,45491,235308,2141
2022-03-05,Kings,031,150075,51072,50926,3478,54404,431
2022-03-05,Lake,033,64148,10592,10512,873,11385,130
2022-03-05,Lassen,035,31185,8914,8818,870,9688,62
2022-03-05,Los Angeles,037,10098052,2695404,2671564,122027,2793591,30608
2022-03-05,Madera,039,155013,37055,37100,5981,43081,354
2022-03-05,Marin,041,260295,32989,32829,2154,34983,272
2022-03-05,Mariposa,043,17540,2373,2363,196,2559,6
2022-03-05,Mendocino,045,87422,12942,12845,2969,15814,113
2022-03-05,Merced,047,269075,61976,61653,8530,70183,789
2022-03-05,Modoc,049,8938,727,729,248,977,7
2022-03-05,Mono,051,14174,2961,2961,119,3080,5
2022-03-05,Monterey,053,433212,78790,78028,13218,91246,704
2022-03-05,Napa,055,140530,25495,25405,929,26334,134
2022-03-05,Nevada,057,99092,15826,15907,1176,17083,122
2022-03-05,Orange,059,3164182,543459,541463,40787,582250,6638
2022-03-05,Placer,061,380077,62284,62117,7268,69385,591
2022-03-05,Plumas,063,18699,2952,2701,358,3059,13
2022-03-05,Riverside,065,2383286,588716,586785,27535,614320,6239
2022-03-05,Sacramento,067,1510023,278832,273487,26218,299705,2847
2022-03-05,San Benito,069,59416,12812,12820,503,13323,94
2022-03-05,San Bernardino,071,2135413,572093,557421,24741,582162,6641
2022-03-05,San Diego,073,3302833,745348,740747,52100,792847,5045
2022-03-05,San Francisco,075,870044,122323,123537,8072,131609,798
2022-03-05,San Joaquin,077,732212,165487,165085,9788,174873,2069
2022-03-05,San Luis Obispo,079,281455,51997,51739,3689,55428,446
2022-03-05,San Mateo,081,765935,120109,118646,6807,125453,621
2022-03-05,Santa Barbara,083,443738,85135,85249,4652,89901,655
2022-03-05,Santa Clara,085,1922200,307110,307689,12136,319825,2195
2022-03-05,Santa Cruz,087,273765,47093,46622,2058,48680,253
2022-03-05,Shasta,089,179085,30323,30282,6033,36315,492
2022-03-05,Sierra,091,2930,271,273,47,320,4
2022-03-05,Siskiyou,093,43540,4412,4389,2704,7093,74
2022-03-05,Solano,095,438530,80767,80690,5504,86194,435
2022-03-05,Sonoma,097,501317,82660,82313,2546,84859,473
2022-03-05,Stanislaus,099,539301,116929,117501,17706,135207,1531
2022-03-05,Sutter,101,95872,20343,20346,2018,22364,217
2022-03-05,Tehama,103,63373,11983,11939,2565,14504,158
2022-03-05,Trinity,105,12862,1179,1170,284,1454,20
2022-03-05,Tulare,107,460477,105801,103534,27353,130887,1305
2022-03-05,Tuolumne,109,53932,12602,12325,550,12875,178
2022-03-05,Ventura,111,848112,172000,171666,9303,180969,1436
2022-03-05,Yolo,113,214977,36649,35856,2981,38837,306
2022-03-05,Yuba,115,75493,15710,15666,1171,16837,115
2022-03-04,Alameda,001,1643700,253086,251988,13434,265422,1760
2022-03-04,Alpine,003,1148,122,125,1,126,0
2022-03-04,Amador,005,37829,8449,8344,636,8980,83
2022-03-04,Butte,007,227075,32990,32663,6867,39530,372
2022-03-04,Calaveras,009,45235,7209,7236,341,7577,116
2022-03-04,Colusa,011,21464,3431,3433,1042,4475,21
2022-03-04,Contra Costa,013,1133247,189175,185734,13001,198735,1235
2022-03-04,Del Norte,015,27424,5707,5725,177,5902,48
2022-03-04,El Dorado,017,186661,26566,26446,3176,29622,193
2022-03-04,Fresno,019,978130,230091,227154,23829,250983,2640
2022-03-04,Glenn,021,27897,4959,4927,1592,6519,43
2022-03-04,Humboldt,023,135768,16735,16781,2891,19672,136
2022-03-04,Imperial,025,180216,55090,54650,10478,65128,880
2022-03-04,Inyo,027,18085,4053,4043,465,4508,56
2022-03-04,Kern,029,883053,190935,189817,45481,235298,2141
2022-03-04,Kings,031,150075,51059,50926,3478,54404,431
2022-03-04,Lake,033,64148,10591,10512,873,11385,130
2022-03-04,Lassen,035,31185,8912,8818,870,9688,62
2022-03-04,Los Angeles,037,10098052,2694876,2671564,121998,2793562,30608
2022-03-04,Madera,039,155013,37046,37100,5981,43081,354
2022-03-04,Marin,041,260295,32967,32829,2152,34981,272
2022-03-04,Mariposa,043,17540,2368,2363,196,2559,6
2022-03-04,Mendocino,045,87422,12936,12845,2969,15814,113
2022-03-04,Merced,047,269075,61966,61653,8528,70181,789
2022-03-04,Modoc,049,8938,727,729,248,977,7
2022-03-04,Mono,051,14174,2961,2961,119,3080,5
2022-03-04,Monterey,053,433212,78770,78028,13212,91240,704
2022-03-04,Napa,055,140530,25480,25405,928,26333,134
2022-03-04,Nevada,057,99092,15821,15907,1176,17083,122
2022-03-04,Orange,059,3164182,543340,541463,40769,582232,6638
2022-03-04,Placer,061,380077,62272,62117,7265,69382,591
2022-03-04,Plumas,063,18699,2952,2701,357,3058,13
2022-03-04,Riverside,065,2383286,588629,586785,27534,614319,6239
2022-03-04,Sacramento,067,1510023,278759,273487,26215,299702,2847
2022-03-04,San Benito,069,59416,12808,12820,503,13323,94
2022-03-04,San Bernardino,071,2135413,572011,557421,24740,582161,6641
2022-03-04,San Diego,073,3302833,745110,740747,52083,792830,5045
2022-03-04,San Francisco,075,870044,122259,123537,8065,131602,798
2022-03-04,San Joaquin,077,732212,165455,165085,9787,174872,2069
2022-03-04,San Luis Obispo,079,281455,51988,51739,3688,55427,446
2022-03-04,San Mateo,081,765935,120051,118646,6805,125451,621
2022-03-04,Santa Barbara,083,443738,85112,85249,4652,89901,655
2022-03-04,Santa Clara,085,1922200,306960,307689,12133,319822,2195
2022-03-04,Santa Cruz,087,273765,47071,46622,2058,48680,253
2022-03-04,Shasta,089,179085,30315,30282,6030,36312,492
2022-03-04,Sierra,091,2930,271,273,47,320,4
2022-03-04,Siskiyou,093,43540,4410,4389,2700,7089,74
2022-03-04,Solano,095,438530,80734,80690,5501,86191,435
2022-03-04,Sonoma,097,501317,82629,82313,2545,84858,473
2022-03-04,Stanislaus,099,539301,116910,117501,17704,135205,1531
2022-03-04,Sutter,101,95872,20339,20346,2018,22364,217
2022-03-04,Tehama,103,63373,11980,11939,2565,14504,158
2022-03-04,Trinity,105,12862,1179,1170,284,1454,20
2022-03-04,Tulare,107,460477,105782,103534,27348,130882,1305
2022-03-04,Tuolumne,109,53932,12597,12325,550,12875,178
2022-03-04,Ventura,111,848112,171953,171666,9300,180966,1436
2022-03-04,Yolo,113,214977,36632,35856,2981,38837,306
2022-03-04,Yuba,115,75493,15705,15666,1170,16836,115
2022-03-03,Alameda,001,1643700,252967,251988,13422,265410,1760
2022-03-03,Alpine,003,1148,122,125,1,126,0
2022-03-03,Amador,005,37829,8448,8344,636,8980,83
2022-03-03,Butte,007,227075,32973,32663,6860,39523,372
2022-03-03,Calaveras,009,45235,7197,7236,341,7577,116
2022-03-03,Colusa,011,21464,3431,3433,1042,4475,21
2022-03-03,Contra Costa,013,1133247,189100,185734,12986,198720,1235
2022-03-03,Del Norte,015,27424,5700,5725,177,5902,48
2022-03-03,El Dorado,017,186661,26548,26446,3175,29621,193
2022-03-03,Fresno,019,978130,229964,227154,23821,250975,2640
2022-03-03,Glenn,021,27897,4956,4927,1591,6518,43
2022-03-03,Humboldt,023,135768,16720,16781,2890,19671,136
2022-03-03,Imperial,025,180216,55073,54650,10476,65126,880
2022-03-03,Inyo,027,18085,4052,4043,465,4508,56
2022-03-03,Kern,029,883053,190867,189817,45463,235280,2141
2022-03-03,Kings,031,150075,51036,50926,3476,54402,431
2022-03-03,Lake,033,64148,10586,10512,871,11383,130
2022-03-03,Lassen,035,31185,8904,8818,870,9688,62
2022-03-03,Los Angeles,037,10098052,2694149,2671564,121957,2793521,30608
2022-03-03,Madera,039,155013,37030,37100,5976,43076,354
2022-03-03,Marin,041,260295,32941,32829,2151,34980,272
2022-03-03,Mariposa,043,17540,2367,2363,196,2559,6
2022-03-03,Mendocino,045,87422,12925,12845,2967,15812,113
2022-03-03,Merced,047,269075,61948,61653,8522,70175,789
2022-03-03,Modoc,049,8938,727,729,248,977,7
2022-03-03,Mono,051,14174,2960,2961,119,3080,5
2022-03-03,Monterey,053,433212,78740,78028,13195,91223,704
2022-03-03,Napa,055,140530,25456,25405,927,26332,134
2022-03-03,Nevada,057,99092,15816,15907,1171,17078,122
2022-03-03,Orange,059,3164182,543164,541463,40743,582206,6638
2022-03-03,Placer,061,380077,62250,62117,7262,69379,591
2022-03-03,Plumas,063,18699,2951,2701,357,3058,13
2022-03-03,Riverside,065,2383286,588496,586785,27529,614314,6239
2022-03-03,Sacramento,067,1510023,278648,273487,26198,299685,2847
2022-03-03,San Benito,069,59416,12805,12820,503,13323,94
2022-03-03,San Bernardino,071,2135413,571909,557421,24734,582155,6641
2022-03-03,San Diego,073,3302833,744767,740747,52065,792812,5045
2022-03-03,San Francisco,075,870044,122185,123537,8054,131591,798
2022-03-03,San Joaquin,077,732212,165381,165085,9784,174869,2069
2022-03-03,San Luis Obispo,079,281455,51933,51739,3680,55419,446
2022-03-03,San Mateo,081,765935,119976,118646,6795,125441,621
2022-03-03,Santa Barbara,083,443738,85093,85249,4643,89892,655
2022-03-03,Santa Clara,085,1922200,306779,307689,12118,319807,2195
2022-03-03,Santa Cruz,087,273765,47021,46622,2056,48678,253
2022-03-03,Shasta,089,179085,30297,30282,6028,36310,492
2022-03-03,Sierra,091,2930,271,273,47,320,4
2022-03-03,Siskiyou,093,43540,4407,4389,2700,7089,74
2022-03-03,Solano,095,438530,80685,80690,5499,86189,435
2022-03-03,Sonoma,097,501317,82581,82313,2540,84853,473
2022-03-03,Stanislaus,099,539301,116877,117501,17696,135197,1531
2022-03-03,Sutter,101,95872,20331,20346,2018,22364,217
2022-03-03,Tehama,103,63373,11977,11939,2565,14504,158
2022-03-03,Trinity,105,12862,1178,1170,284,1454,20
2022-03-03,Tulare,107,460477,105739,103534,27340,130874,1305
2022-03-03,Tuolumne,109,53932,12586,12325,550,12875,178
2022-03-03,Ventura,111,848112,171901,171666,9298,180964,1436
2022-03-03,Yolo,113,214977,36608,35856,2976,38832,306
2022-03-03,Yuba,115,75493,15699,15666,1165,16831,115
2022-03-02,Alameda,001,1643700,252789,251886,13405,265291,1759
2022-03-02,Alpine,003,1148,122,125,1,126,0
2022-03-02,Amador,005,37829,8435,8341,636,8977,83
2022-03-02,Butte,007,227075,32961,32636,6856,39492,372
2022-03-02,Calaveras,009,45235,7196,7225,341,7566,116
2022-03-02,Colusa,011,21464,3428,3428,1042,4470,21
2022-03-02,Contra Costa,013,1133247,189007,185589,12968,198557,1236
2022-03-02,Del Norte,015,27424,5693,5708,175,5883,47
2022-03-02,El Dorado,017,186661,26537,26433,3172,29605,192
2022-03-02,Fresno,019,978130,229832,226932,23811,250743,2629
2022-03-02,Glenn,021,27897,4955,4922,1590,6512,43
2022-03-02,Humboldt,023,135768,16710,16747,2883,19630,135
2022-03-02,Imperial,025,180216,55047,54629,10471,65100,878
2022-03-02,Inyo,027,18085,4050,4041,464,4505,56
2022-03-02,Kern,029,883053,190800,189656,45444,235100,2136
2022-03-02,Kings,031,150075,51010,50819,3473,54292,431
2022-03-02,Lake,033,64148,10573,10495,869,11364,130
2022-03-02,Lassen,035,31185,8901,8811,869,9680,62
2022-03-02,Los Angeles,037,10098052,2693268,2670287,121911,2792198,30535
2022-03-02,Madera,039,155013,37013,37077,5974,43051,354
2022-03-02,Marin,041,260295,32923,32794,2150,34944,272
2022-03-02,Mariposa,043,17540,2367,2359,196,2555,6
2022-03-02,Mendocino,045,87422,12912,12832,2962,15794,112
2022-03-02,Merced,047,269075,61922,61606,8513,70119,785
2022-03-02,Modoc,049,8938,727,729,248,977,7
2022-03-02,Mono,051,14174,2960,2961,119,3080,5
2022-03-02,Monterey,053,433212,78703,77963,13172,91135,703
2022-03-02,Napa,055,140530,25407,25382,926,26308,134
2022-03-02,Nevada,057,99092,15805,15920,1170,17090,122
2022-03-02,Orange,059,3164182,542960,541230,40717,581947,6623
2022-03-02,Placer,061,380077,62228,62066,7259,69325,589
2022-03-02,Plumas,063,18699,2951,2700,357,3057,13
2022-03-02,Riverside,065,2383286,588346,586513,27519,614032,6229
2022-03-02,Sacramento,067,1510023,278530,273291,26187,299478,2837
2022-03-02,San Benito,069,59416,12794,12814,503,13317,94
2022-03-02,San Bernardino,071,2135413,571800,557082,24728,581810,6619
2022-03-02,San Diego,073,3302833,744404,739803,52017,791820,5034
2022-03-02,San Francisco,075,870044,122090,123442,8052,131494,792
2022-03-02,San Joaquin,077,732212,165323,164968,9779,174747,2063
2022-03-02,San Luis Obispo,079,281455,51895,51686,3675,55361,446
2022-03-02,San Mateo,081,765935,119889,118518,6779,125297,617
2022-03-02,Santa Barbara,083,443738,85068,85183,4642,89825,655
2022-03-02,Santa Clara,085,1922200,306566,307354,12104,319458,2184
2022-03-02,Santa Cruz,087,273765,46950,46534,2055,48589,253
2022-03-02,Shasta,089,179085,30272,30253,6018,36271,490
2022-03-02,Sierra,091,2930,271,273,47,320,4
2022-03-02,Siskiyou,093,43540,4405,4384,2697,7081,74
2022-03-02,Solano,095,438530,80619,80626,5496,86122,433
2022-03-02,Sonoma,097,501317,82535,82208,2536,84744,473
2022-03-02,Stanislaus,099,539301,116841,117411,17671,135082,1519
2022-03-02,Sutter,101,95872,20309,20317,2001,22318,216
2022-03-02,Tehama,103,63373,11972,11930,2564,14494,158
2022-03-02,Trinity,105,12862,1176,1160,284,1444,20
2022-03-02,Tulare,107,460477,105699,103451,27325,130776,1302
2022-03-02,Tuolumne,109,53932,12581,12297,550,12847,179
2022-03-02,Ventura,111,848112,171848,171770,9294,181064,1427
2022-03-02,Yolo,113,214977,36590,35799,2971,38770,305
2022-03-02,Yuba,115,75493,15686,15653,1160,16813,115
2022-03-01,Alameda,001,1643700,252624,251830,13394,265224,1749
2022-03-01,Alpine,003,1148,122,125,1,126,0
2022-03-01,Amador,005,37829,8387,8334,634,8968,83
2022-03-01,Butte,007,227075,32937,32575,6851,39426,372
2022-03-01,Calaveras,009,45235,7193,7223,340,7563,116
2022-03-01,Colusa,011,21464,3427,3423,1042,4465,21
2022-03-01,Contra Costa,013,1133247,188897,185378,12953,198331,1231
2022-03-01,Del Norte,015,27424,5690,5701,174,5875,45
2022-03-01,El Dorado,017,186661,26518,26413,3170,29583,192
2022-03-01,Fresno,019,978130,229692,226594,23797,250391,2628
2022-03-01,Glenn,021,27897,4953,4919,1588,6507,40
2022-03-01,Humboldt,023,135768,16689,16727,2876,19603,135
2022-03-01,Imperial,025,180216,55030,54570,10465,65035,875
2022-03-01,Inyo,027,18085,4046,4041,463,4504,56
2022-03-01,Kern,029,883053,190726,189365,45420,234785,2120
2022-03-01,Kings,031,150075,50988,50763,3469,54232,427
2022-03-01,Lake,033,64148,10562,10471,867,11338,128
2022-03-01,Lassen,035,31185,8897,8801,869,9670,61
2022-03-01,Los Angeles,037,10098052,2692316,2669489,121853,2791342,30486
2022-03-01,Madera,039,155013,36993,37046,5968,43014,354
2022-03-01,Marin,041,260295,32897,32764,2149,34913,272
2022-03-01,Mariposa,043,17540,2366,2357,195,2552,6
2022-03-01,Mendocino,045,87422,12901,12818,2960,15778,112
2022-03-01,Merced,047,269075,61891,61549,8499,70048,781
2022-03-01,Modoc,049,8938,727,729,248,977,7
2022-03-01,Mono,051,14174,2959,2960,119,3079,6
2022-03-01,Monterey,053,433212,78677,77911,13162,91073,696
2022-03-01,Napa,055,140530,25376,25344,926,26270,134
2022-03-01,Nevada,057,99092,15797,15916,1167,17083,121
2022-03-01,Orange,059,3164182,542744,541054,40682,581736,6612
2022-03-01,Placer,061,380077,62200,62021,7254,69275,583
2022-03-01,Plumas,063,18699,2951,2694,357,3051,13
2022-03-01,Riverside,065,2383286,588182,586184,27518,613702,6198
2022-03-01,Sacramento,067,1510023,278400,273089,26174,299263,2831
2022-03-01,San Benito,069,59416,12790,12806,503,13309,94
2022-03-01,San Bernardino,071,2135413,571671,556743,24726,581469,6588
2022-03-01,San Diego,073,3302833,743978,739136,51975,791111,5029
2022-03-01,San Francisco,075,870044,121987,123481,8046,131527,792
2022-03-01,San Joaquin,077,732212,165256,164894,9775,174669,2062
2022-03-01,San Luis Obispo,079,281455,51859,51592,3671,55263,445
2022-03-01,San Mateo,081,765935,119812,118358,6772,125130,613
2022-03-01,Santa Barbara,083,443738,85032,85134,4638,89772,654
2022-03-01,Santa Clara,085,1922200,306315,306978,12092,319070,2190
2022-03-01,Santa Cruz,087,273765,46900,46471,2052,48523,253
2022-03-01,Shasta,089,179085,30243,30227,6015,36242,489
2022-03-01,Sierra,091,2930,271,274,47,321,5
2022-03-01,Siskiyou,093,43540,4401,4384,2692,7076,74
2022-03-01,Solano,095,438530,80556,80556,5493,86049,434
2022-03-01,Sonoma,097,501317,82465,82103,2530,84633,477
2022-03-01,Stanislaus,099,539301,116789,117308,17646,134954,1521
2022-03-01,Sutter,101,95872,20295,20288,1997,22285,217
2022-03-01,Tehama,103,63373,11966,11923,2561,14484,158
2022-03-01,Trinity,105,12862,1175,1159,284,1443,20
2022-03-01,Tulare,107,460477,105617,103371,27305,130676,1302
2022-03-01,Tuolumne,109,53932,12574,12276,548,12824,175
2022-03-01,Ventura,111,848112,171778,171672,9287,180959,1427
2022-03-01,Yolo,113,214977,36565,35801,2965,38766,299
2022-03-01,Yuba,115,75493,15678,15637,1160,16797,116
2022-02-28,Alameda,001,1643700,252404,251714,13379,265093,1742
2022-02-28,Alpine,003,1148,122,125,1,126,0
2022-02-28,Amador,005,37829,8381,8308,633,8941,83
2022-02-28,Butte,007,227075,32918,32550,6845,39395,368
2022-02-28,Calaveras,009,45235,7190,7220,339,7559,110
2022-02-28,Colusa,011,21464,3426,3422,1040,4462,21
2022-02-28,Contra Costa,013,1133247,188791,185272,12934,198206,1231
2022-02-28,Del Norte,015,27424,5685,5699,173,5872,45
2022-02-28,El Dorado,017,186661,26508,26409,3165,29574,191
2022-02-28,Fresno,019,978130,229491,226519,23776,250295,2622
2022-02-28,Glenn,021,27897,4949,4918,1588,6506,40
2022-02-28,Humboldt,023,135768,16674,16717,2872,19589,135
2022-02-28,Imperial,025,180216,55003,54517,10461,64978,875
2022-02-28,Inyo,027,18085,4046,4041,462,4503,56
2022-02-28,Kern,029,883053,190635,189245,45391,234636,2115
2022-02-28,Kings,031,150075,50948,50741,3468,54209,427
2022-02-28,Lake,033,64148,10550,10468,863,11331,128
2022-02-28,Lassen,035,31185,8840,8794,869,9663,55
2022-02-28,Los Angeles,037,10098052,2691145,2666804,121757,2788561,30410
2022-02-28,Madera,039,155013,36967,37023,5952,42975,354
2022-02-28,Marin,041,260295,32872,32775,2149,34924,272
2022-02-28,Mariposa,043,17540,2363,2354,193,2547,6
2022-02-28,Mendocino,045,87422,12892,12800,2952,15752,112
2022-02-28,Merced,047,269075,61846,61519,8482,70001,781
2022-02-28,Modoc,049,8938,727,727,248,975,7
2022-02-28,Mono,051,14174,2959,2961,119,3080,5
2022-02-28,Monterey,053,433212,78610,77865,13141,91006,693
2022-02-28,Napa,055,140530,25349,25317,926,26243,129
2022-02-28,Nevada,057,99092,15791,15908,1161,17069,121
2022-02-28,Orange,059,3164182,542491,540839,40668,581507,6605
2022-02-28,Placer,061,380077,62169,61976,7249,69225,577
2022-02-28,Plumas,063,18699,2951,2691,356,3047,13
2022-02-28,Riverside,065,2383286,587987,585891,27486,613377,6179
2022-02-28,Sacramento,067,1510023,278261,273038,26150,299188,2825
2022-02-28,San Benito,069,59416,12785,12798,503,13301,94
2022-02-28,San Bernardino,071,2135413,571487,556540,24712,581252,6576
2022-02-28,San Diego,073,3302833,743589,737760,51945,789705,5018
2022-02-28,San Francisco,075,870044,121827,123402,8039,131441,792
2022-02-28,San Joaquin,077,732212,165170,164833,9765,174598,2060
2022-02-28,San Luis Obispo,079,281455,51798,51565,3664,55229,440
2022-02-28,San Mateo,081,765935,119713,118301,6766,125067,611
2022-02-28,Santa Barbara,083,443738,84989,85076,4633,89709,653
2022-02-28,Santa Clara,085,1922200,306040,306930,12070,319000,2180
2022-02-28,Santa Cruz,087,273765,46830,46447,2052,48499,253
2022-02-28,Shasta,089,179085,30218,30213,6011,36224,488
2022-02-28,Sierra,091,2930,271,273,47,320,4
2022-02-28,Siskiyou,093,43540,4398,4382,2687,7069,74
2022-02-28,Solano,095,438530,80488,80544,5481,86025,430
2022-02-28,Sonoma,097,501317,82397,82058,2527,84585,477
2022-02-28,Stanislaus,099,539301,116725,117231,17629,134860,1521
2022-02-28,Sutter,101,95872,20282,20285,1994,22279,214
2022-02-28,Tehama,103,63373,11953,11917,2561,14478,158
2022-02-28,Trinity,105,12862,1175,1160,284,1444,20
2022-02-28,Tulare,107,460477,105568,103304,27289,130593,1300
2022-02-28,Tuolumne,109,53932,12564,12247,548,12795,175
2022-02-28,Ventura,111,848112,171694,171614,9286,180900,1423
2022-02-28,Yolo,113,214977,36529,35754,2958,38712,299
2022-02-28,Yuba,115,75493,15663,15625,1159,16784,115
2022-02-27,Alameda,001,1643700,252130,251624,13370,264994,1744
2022-02-27,Alpine,003,1148,122,125,1,126,0
2022-02-27,Amador,005,37829,8377,8305,630,8935,83
2022-02-27,Butte,007,227075,32881,32551,6832,39383,368
2022-02-27,Calaveras,009,45235,7182,7214,339,7553,110
2022-02-27,Colusa,011,21464,3424,3422,1040,4462,21
2022-02-27,Contra Costa,013,1133247,188664,185185,12914,198099,1230
2022-02-27,Del Norte,015,27424,5668,5691,171,5862,45
2022-02-27,El Dorado,017,186661,26490,26410,3163,29573,191
2022-02-27,Fresno,019,978130,229292,226397,23749,250146,2621
2022-02-27,Glenn,021,27897,4947,4915,1588,6503,40
2022-02-27,Humboldt,023,135768,16652,16713,2865,19578,135
2022-02-27,Imperial,025,180216,54955,54509,10444,64953,875
2022-02-27,Inyo,027,18085,4045,4041,458,4499,56
2022-02-27,Kern,029,883053,190518,189219,45353,234572,2115
2022-02-27,Kings,031,150075,50920,50733,3467,54200,428
2022-02-27,Lake,033,64148,10531,10463,863,11326,128
2022-02-27,Lassen,035,31185,8832,8786,869,9655,55
2022-02-27,Los Angeles,037,10098052,2689835,2666789,121675,2788464,30410
2022-02-27,Madera,039,155013,36941,37009,5944,42953,354
2022-02-27,Marin,041,260295,32834,32756,2147,34903,272
2022-02-27,Mariposa,043,17540,2360,2352,193,2545,6
2022-02-27,Mendocino,045,87422,12876,12798,2939,15737,112
2022-02-27,Merced,047,269075,61793,61491,8465,69956,779
2022-02-27,Modoc,049,8938,726,727,248,975,7
2022-02-27,Mono,051,14174,2958,2960,119,3079,5
2022-02-27,Monterey,053,433212,78553,77851,13117,90968,693
2022-02-27,Napa,055,140530,25312,25316,926,26242,129
2022-02-27,Nevada,057,99092,15783,15900,1157,17057,121
2022-02-27,Orange,059,3164182,542245,540659,40639,581298,6605
2022-02-27,Placer,061,380077,62129,61965,7245,69210,577
2022-02-27,Plumas,063,18699,2948,2691,356,3047,13
2022-02-27,Riverside,065,2383286,587746,585833,27462,613295,6179
2022-02-27,Sacramento,067,1510023,278074,272927,26121,299048,2822
2022-02-27,San Benito,069,59416,12778,12798,503,13301,94
2022-02-27,San Bernardino,071,2135413,571303,556457,24702,581159,6572
2022-02-27,San Diego,073,3302833,743117,737760,51899,789659,5018
2022-02-27,San Francisco,075,870044,121704,123327,8028,131355,791
2022-02-27,San Joaquin,077,732212,165066,164814,9758,174572,2060
2022-02-27,San Luis Obispo,079,281455,51706,51564,3657,55221,439
2022-02-27,San Mateo,081,765935,119600,118244,6761,125005,611
2022-02-27,Santa Barbara,083,443738,84951,85050,4629,89679,653
2022-02-27,Santa Clara,085,1922200,305752,306756,12042,318798,2180
2022-02-27,Santa Cruz,087,273765,46769,46411,2052,48463,253
2022-02-27,Shasta,089,179085,30186,30206,6006,36212,488
2022-02-27,Sierra,091,2930,271,273,47,320,4
2022-02-27,Siskiyou,093,43540,4393,4378,2675,7053,74
2022-02-27,Solano,095,438530,80414,80515,5468,85983,430
2022-02-27,Sonoma,097,501317,82315,82041,2520,84561,476
2022-02-27,Stanislaus,099,539301,116659,117200,17609,134809,1522
2022-02-27,Sutter,101,95872,20265,20280,1988,22268,214
2022-02-27,Tehama,103,63373,11940,11915,2560,14475,158
2022-02-27,Trinity,105,12862,1174,1158,284,1442,20
2022-02-27,Tulare,107,460477,105499,103270,27240,130510,1300
2022-02-27,Tuolumne,109,53932,12551,12243,547,12790,175
2022-02-27,Ventura,111,848112,171619,171660,9282,180942,1423
2022-02-27,Yolo,113,214977,36501,35744,2953,38697,299
2022-02-27,Yuba,115,75493,15653,15619,1157,16776,113
2022-02-26,Alameda,001,1643700,252021,250867,13365,264232,1716
2022-02-26,Alpine,003,1148,122,125,1,126,0
2022-02-26,Amador,005,37829,8375,8282,629,8911,83
2022-02-26,Butte,007,227075,32867,32466,6829,39295,368
2022-02-26,Calaveras,009,45235,7181,7192,339,7531,110
2022-02-26,Colusa,011,21464,3424,3414,1040,4454,21
2022-02-26,Contra Costa,013,1133247,188595,184686,12896,197582,1209
2022-02-26,Del Norte,015,27424,5663,5639,171,5810,45
2022-02-26,El Dorado,017,186661,26479,26355,3160,29515,191
2022-02-26,Fresno,019,978130,229202,225679,23749,249428,2597
2022-02-26,Glenn,021,27897,4945,4909,1587,6496,40
2022-02-26,Humboldt,023,135768,16627,16619,2864,19483,133
2022-02-26,Imperial,025,180216,54928,54367,10442,64809,871
2022-02-26,Inyo,027,18085,4044,4034,453,4487,56
2022-02-26,Kern,029,883053,190465,188584,45334,233918,2106
2022-02-26,Kings,031,150075,50907,50579,3467,54046,423
2022-02-26,Lake,033,64148,10526,10383,863,11246,128
2022-02-26,Lassen,035,31185,8831,8761,869,9630,55
2022-02-26,Los Angeles,037,10098052,2689261,2660973,121635,2782608,30202
2022-02-26,Madera,039,155013,36926,36933,5942,42875,330
2022-02-26,Marin,041,260295,32818,32651,2145,34796,267
2022-02-26,Mariposa,043,17540,2359,2332,193,2525,6
2022-02-26,Mendocino,045,87422,12869,12762,2939,15701,111
2022-02-26,Merced,047,269075,61772,61348,8464,69812,775
2022-02-26,Modoc,049,8938,726,726,248,974,7
2022-02-26,Mono,051,14174,2958,2959,118,3077,5
2022-02-26,Monterey,053,433212,78521,77610,13111,90721,692
2022-02-26,Napa,055,140530,25297,25221,925,26146,130
2022-02-26,Nevada,057,99092,15779,15850,1155,17005,121
2022-02-26,Orange,059,3164182,542134,539992,40622,580614,6540
2022-02-26,Placer,061,380077,62110,61803,7242,69045,573
2022-02-26,Plumas,063,18699,2948,2673,356,3029,13
2022-02-26,Riverside,065,2383286,587626,584835,27453,612288,6143
2022-02-26,Sacramento,067,1510023,277977,272339,26111,298450,2793
2022-02-26,San Benito,069,59416,12774,12770,503,13273,92
2022-02-26,San Bernardino,071,2135413,571212,555668,24695,580363,6505
2022-02-26,San Diego,073,3302833,742894,736049,51875,787924,5002
2022-02-26,San Francisco,075,870044,121634,123079,8020,131099,769
2022-02-26,San Joaquin,077,732212,165033,164418,9757,174175,2048
2022-02-26,San Luis Obispo,079,281455,51694,51358,3655,55013,438
2022-02-26,San Mateo,081,765935,119546,117860,6760,124620,603
2022-02-26,Santa Barbara,083,443738,84920,84830,4629,89459,652
2022-02-26,Santa Clara,085,1922200,305603,305895,12038,317933,2166
2022-02-26,Santa Cruz,087,273765,46746,46186,2052,48238,251
2022-02-26,Shasta,089,179085,30177,30108,6000,36108,485
2022-02-26,Sierra,091,2930,271,270,47,317,1
2022-02-26,Siskiyou,093,43540,4393,4359,2673,7032,72
2022-02-26,Solano,095,438530,80379,80225,5464,85689,428
2022-02-26,Sonoma,097,501317,82281,81702,2518,84220,432
2022-02-26,Stanislaus,099,539301,116621,116896,17604,134500,1503
2022-02-26,Sutter,101,95872,20256,20230,1988,22218,214
2022-02-26,Tehama,103,63373,11934,11878,2558,14436,158
2022-02-26,Trinity,105,12862,1173,1156,284,1440,20
2022-02-26,Tulare,107,460477,105463,102983,27225,130208,1295
2022-02-26,Tuolumne,109,53932,12548,12169,547,12716,175
2022-02-26,Ventura,111,848112,171587,171292,9279,180571,1411
2022-02-26,Yolo,113,214977,36480,35615,2950,38565,296
2022-02-26,Yuba,115,75493,15641,15587,1157,16744,113
2022-02-25,Alameda,001,1643700,251898,250867,13356,264223,1716
2022-02-25,Alpine,003,1148,122,125,1,126,0
2022-02-25,Amador,005,37829,8364,8282,629,8911,83
2022-02-25,Butte,007,227075,32854,32466,6826,39292,368
2022-02-25,Calaveras,009,45235,7179,7192,339,7531,110
2022-02-25,Colusa,011,21464,3424,3414,1040,4454,21
2022-02-25,Contra Costa,013,1133247,188511,184686,12875,197561,1209
2022-02-25,Del Norte,015,27424,5654,5639,171,5810,45
2022-02-25,El Dorado,017,186661,26470,26355,3160,29515,191
2022-02-25,Fresno,019,978130,229105,225679,23742,249421,2597
2022-02-25,Glenn,021,27897,4943,4909,1587,6496,40
2022-02-25,Humboldt,023,135768,16616,16619,2864,19483,133
2022-02-25,Imperial,025,180216,54910,54367,10441,64808,871
2022-02-25,Inyo,027,18085,4043,4034,453,4487,56
2022-02-25,Kern,029,883053,190400,188584,45321,233905,2106
2022-02-25,Kings,031,150075,50893,50579,3465,54044,423
2022-02-25,Lake,033,64148,10508,10383,863,11246,128
2022-02-25,Lassen,035,31185,8828,8761,869,9630,55
2022-02-25,Los Angeles,037,10098052,2688672,2660973,121604,2782577,30202
2022-02-25,Madera,039,155013,36906,36933,5941,42874,330
2022-02-25,Marin,041,260295,32804,32651,2145,34796,267
2022-02-25,Mariposa,043,17540,2356,2332,193,2525,6
2022-02-25,Mendocino,045,87422,12867,12762,2939,15701,111
2022-02-25,Merced,047,269075,61741,61348,8460,69808,775
2022-02-25,Modoc,049,8938,726,726,248,974,7
2022-02-25,Mono,051,14174,2957,2959,118,3077,5
2022-02-25,Monterey,053,433212,78493,77610,13105,90715,692
2022-02-25,Napa,055,140530,25288,25221,925,26146,130
2022-02-25,Nevada,057,99092,15768,15850,1152,17002,121
2022-02-25,Orange,059,3164182,541999,539992,40599,580591,6540
2022-02-25,Placer,061,380077,62095,61803,7236,69039,573
2022-02-25,Plumas,063,18699,2946,2673,356,3029,13
2022-02-25,Riverside,065,2383286,587471,584835,27441,612276,6143
2022-02-25,Sacramento,067,1510023,277875,272339,26106,298445,2793
2022-02-25,San Benito,069,59416,12772,12770,503,13273,92
2022-02-25,San Bernardino,071,2135413,571105,555668,24688,580356,6505
2022-02-25,San Diego,073,3302833,742611,736049,51856,787905,5002
2022-02-25,San Francisco,075,870044,121554,123079,8017,131096,769
2022-02-25,San Joaquin,077,732212,164993,164418,9752,174170,2048
2022-02-25,San Luis Obispo,079,281455,51690,51358,3646,55004,438
2022-02-25,San Mateo,081,765935,119484,117860,6756,124616,603
2022-02-25,Santa Barbara,083,443738,84883,84830,4629,89459,652
2022-02-25,Santa Clara,085,1922200,305418,305895,12035,317930,2166
2022-02-25,Santa Cruz,087,273765,46712,46186,2050,48236,251
2022-02-25,Shasta,089,179085,30168,30108,5998,36106,485
2022-02-25,Sierra,091,2930,271,270,47,317,1
2022-02-25,Siskiyou,093,43540,4393,4359,2672,7031,72
2022-02-25,Solano,095,438530,80350,80225,5463,85688,428
2022-02-25,Sonoma,097,501317,82230,81702,2516,84218,432
2022-02-25,Stanislaus,099,539301,116593,116896,17600,134496,1503
2022-02-25,Sutter,101,95872,20247,20230,1988,22218,214
2022-02-25,Tehama,103,63373,11932,11878,2558,14436,158
2022-02-25,Trinity,105,12862,1173,1156,284,1440,20
2022-02-25,Tulare,107,460477,105429,102983,27203,130186,1295
2022-02-25,Tuolumne,109,53932,12545,12169,547,12716,175
2022-02-25,Ventura,111,848112,171536,171292,9278,180570,1411
2022-02-25,Yolo,113,214977,36465,35615,2950,38565,296
2022-02-25,Yuba,115,75493,15634,15587,1157,16744,113
2022-02-24,Alameda,001,1643700,251693,250867,13347,264214,1716
2022-02-24,Alpine,003,1148,122,125,1,126,0
2022-02-24,Amador,005,37829,8359,8282,628,8910,83
2022-02-24,Butte,007,227075,32832,32466,6822,39288,368
2022-02-24,Calaveras,009,45235,7177,7192,337,7529,110
2022-02-24,Colusa,011,21464,3423,3414,1039,4453,21
2022-02-24,Contra Costa,013,1133247,188382,184686,12866,197552,1209
2022-02-24,Del Norte,015,27424,5639,5639,170,5809,45
2022-02-24,El Dorado,017,186661,26455,26355,3160,29515,191
2022-02-24,Fresno,019,978130,228910,225679,23727,249406,2597
2022-02-24,Glenn,021,27897,4941,4909,1586,6495,40
2022-02-24,Humboldt,023,135768,16600,16619,2863,19482,133
2022-02-24,Imperial,025,180216,54870,54367,10432,64799,871
2022-02-24,Inyo,027,18085,4042,4034,452,4486,56
2022-02-24,Kern,029,883053,190260,188584,45288,233872,2106
2022-02-24,Kings,031,150075,50863,50579,3460,54039,423
2022-02-24,Lake,033,64148,10491,10383,863,11246,128
2022-02-24,Lassen,035,31185,8824,8761,868,9629,55
2022-02-24,Los Angeles,037,10098052,2687511,2660973,121548,2782521,30202
2022-02-24,Madera,039,155013,36880,36933,5939,42872,330
2022-02-24,Marin,041,260295,32784,32651,2144,34795,267
2022-02-24,Mariposa,043,17540,2350,2332,192,2524,6
2022-02-24,Mendocino,045,87422,12860,12762,2935,15697,111
2022-02-24,Merced,047,269075,61711,61348,8452,69800,775
2022-02-24,Modoc,049,8938,725,726,248,974,7
2022-02-24,Mono,051,14174,2956,2959,118,3077,5
2022-02-24,Monterey,053,433212,78441,77610,13097,90707,692
2022-02-24,Napa,055,140530,25248,25221,921,26142,130
2022-02-24,Nevada,057,99092,15754,15850,1152,17002,121
2022-02-24,Orange,059,3164182,541749,539992,40565,580557,6540
2022-02-24,Placer,061,380077,62058,61803,7234,69037,573
2022-02-24,Plumas,063,18699,2941,2673,355,3028,13
2022-02-24,Riverside,065,2383286,587219,584835,27415,612250,6143
2022-02-24,Sacramento,067,1510023,277702,272339,26090,298429,2793
2022-02-24,San Benito,069,59416,12761,12770,503,13273,92
2022-02-24,San Bernardino,071,2135413,570912,555668,24676,580344,6505
2022-02-24,San Diego,073,3302833,742198,736049,51808,787857,5002
2022-02-24,San Francisco,075,870044,121432,123079,8010,131089,769
2022-02-24,San Joaquin,077,732212,164865,164418,9748,174166,2048
2022-02-24,San Luis Obispo,079,281455,51644,51358,3644,55002,438
2022-02-24,San Mateo,081,765935,119392,117860,6749,124609,603
2022-02-24,Santa Barbara,083,443738,84818,84830,4628,89458,652
2022-02-24,Santa Clara,085,1922200,305183,305895,12022,317917,2166
2022-02-24,Santa Cruz,087,273765,46632,46186,2048,48234,251
2022-02-24,Shasta,089,179085,30149,30108,5992,36100,485
2022-02-24,Sierra,091,2930,271,270,47,317,1
2022-02-24,Siskiyou,093,43540,4390,4359,2669,7028,72
2022-02-24,Solano,095,438530,80271,80225,5459,85684,428
2022-02-24,Sonoma,097,501317,82176,81702,2511,84213,432
2022-02-24,Stanislaus,099,539301,116518,116896,17587,134483,1503
2022-02-24,Sutter,101,95872,20233,20230,1972,22202,214
2022-02-24,Tehama,103,63373,11926,11878,2557,14435,158
2022-02-24,Trinity,105,12862,1171,1156,284,1440,20
2022-02-24,Tulare,107,460477,105373,102983,27173,130156,1295
2022-02-24,Tuolumne,109,53932,12535,12169,545,12714,175
2022-02-24,Ventura,111,848112,171458,171292,9275,180567,1411
2022-02-24,Yolo,113,214977,36439,35615,2948,38563,296
2022-02-24,Yuba,115,75493,15620,15587,1157,16744,113
2022-02-23,Alameda,001,1643700,251471,247686,13328,261014,1713
2022-02-23,Alpine,003,1148,122,125,1,126,0
2022-02-23,Amador,005,37829,8341,8274,628,8902,79
2022-02-23,Butte,007,227075,32805,32417,6819,39236,367
2022-02-23,Calaveras,009,45235,7167,7182,336,7518,107
2022-02-23,Colusa,011,21464,3419,3411,1039,4450,21
2022-02-23,Contra Costa,013,1133247,188239,184013,12853,196866,1209
2022-02-23,Del Norte,015,27424,5628,5625,169,5794,45
2022-02-23,El Dorado,017,186661,26439,26317,3156,29473,189
2022-02-23,Fresno,019,978130,228723,225308,23705,249013,2596
2022-02-23,Glenn,021,27897,4937,4909,1584,6493,40
2022-02-23,Humboldt,023,135768,16584,16601,2860,19461,132
2022-02-23,Imperial,025,180216,54831,54292,10419,64711,871
2022-02-23,Inyo,027,18085,4041,4031,449,4480,54
2022-02-23,Kern,029,883053,190157,188432,45241,233673,2106
2022-02-23,Kings,031,150075,50830,50416,3459,53875,423
2022-02-23,Lake,033,64148,10473,10368,862,11230,126
2022-02-23,Lassen,035,31185,8808,8749,868,9617,55
2022-02-23,Los Angeles,037,10098052,2686139,2659569,121504,2781073,30167
2022-02-23,Madera,039,155013,36849,36876,5929,42805,330
2022-02-23,Marin,041,260295,32761,32625,2143,34768,267
2022-02-23,Mariposa,043,17540,2345,2325,191,2516,6
2022-02-23,Mendocino,045,87422,12850,12747,2931,15678,111
2022-02-23,Merced,047,269075,61679,61295,8447,69742,772
2022-02-23,Modoc,049,8938,725,723,247,970,7
2022-02-23,Mono,051,14174,2955,2960,118,3078,5
2022-02-23,Monterey,053,433212,78403,77472,13074,90546,691
2022-02-23,Napa,055,140530,25223,25185,916,26101,128
2022-02-23,Nevada,057,99092,15748,15825,1149,16974,121
2022-02-23,Orange,059,3164182,541444,539631,40543,580174,6520
2022-02-23,Placer,061,380077,62011,61758,7227,68985,573
2022-02-23,Plumas,063,18699,2937,2663,355,3018,13
2022-02-23,Riverside,065,2383286,586927,584381,27379,611760,6119
2022-02-23,Sacramento,067,1510023,277543,272057,26070,298127,2796
2022-02-23,San Benito,069,59416,12754,12756,502,13258,92
2022-02-23,San Bernardino,071,2135413,570753,555238,24660,579898,6479
2022-02-23,San Diego,073,3302833,741694,735406,51758,787164,4988
2022-02-23,San Francisco,075,870044,121305,122127,8008,130135,769
2022-02-23,San Joaquin,077,732212,164772,164257,9742,173999,2042
2022-02-23,San Luis Obispo,079,281455,51596,51264,3642,54906,434
2022-02-23,San Mateo,081,765935,119301,117585,6740,124325,603
2022-02-23,Santa Barbara,083,443738,84757,84760,4624,89384,651
2022-02-23,Santa Clara,085,1922200,304927,305484,12013,317497,2157
2022-02-23,Santa Cruz,087,273765,46562,46059,2047,48106,251
2022-02-23,Shasta,089,179085,30121,30066,5989,36055,481
2022-02-23,Sierra,091,2930,271,270,47,317,1
2022-02-23,Siskiyou,093,43540,4387,4356,2667,7023,71
2022-02-23,Solano,095,438530,80181,80103,5457,85560,427
2022-02-23,Sonoma,097,501317,82122,81594,2509,84103,432
2022-02-23,Stanislaus,099,539301,116441,116789,17578,134367,1482
2022-02-23,Sutter,101,95872,20216,20194,1968,22162,213
2022-02-23,Tehama,103,63373,11916,11863,2557,14420,154
2022-02-23,Trinity,105,12862,1171,1156,284,1440,20
2022-02-23,Tulare,107,460477,105306,102812,27150,129962,1290
2022-02-23,Tuolumne,109,53932,12526,12158,544,12702,175
2022-02-23,Ventura,111,848112,171370,171163,9268,180431,1401
2022-02-23,Yolo,113,214977,36402,35590,2941,38531,296
2022-02-23,Yuba,115,75493,15617,15571,1155,16726,113
2022-02-22,Alameda,001,1643700,251226,247434,13314,260748,1706
2022-02-22,Alpine,003,1148,122,124,1,125,0
2022-02-22,Amador,005,37829,8331,8243,628,8871,79
2022-02-22,Butte,007,227075,32770,32359,6812,39171,366
2022-02-22,Calaveras,009,45235,7158,7178,336,7514,107
2022-02-22,Colusa,011,21464,3418,3402,1037,4439,21
2022-02-22,Contra Costa,013,1133247,188086,183812,12834,196646,1201
2022-02-22,Del Norte,015,27424,5619,5611,168,5779,45
2022-02-22,El Dorado,017,186661,26429,26289,3156,29445,189
2022-02-22,Fresno,019,978130,228499,225104,23679,248783,2592
2022-02-22,Glenn,021,27897,4936,4900,1583,6483,40
2022-02-22,Humboldt,023,135768,16561,16559,2856,19415,132
2022-02-22,Imperial,025,180216,54799,54227,10415,64642,864
2022-02-22,Inyo,027,18085,4039,4026,447,4473,54
2022-02-22,Kern,029,883053,190037,188237,45205,233442,2102
2022-02-22,Kings,031,150075,50768,50359,3457,53816,423
2022-02-22,Lake,033,64148,10462,10353,860,11213,126
2022-02-22,Lassen,035,31185,8804,8730,868,9598,55
2022-02-22,Los Angeles,037,10098052,2684673,2658230,121417,2779647,30129
2022-02-22,Madera,039,155013,36816,36833,5919,42752,330
2022-02-22,Marin,041,260295,32736,32591,2142,34733,267
2022-02-22,Mariposa,043,17540,2337,2322,191,2513,6
2022-02-22,Mendocino,045,87422,12836,12714,2921,15635,110
2022-02-22,Merced,047,269075,61618,61241,8441,69682,770
2022-02-22,Modoc,049,8938,722,720,247,967,6
2022-02-22,Mono,051,14174,2955,2961,118,3079,5
2022-02-22,Monterey,053,433212,78349,77359,13055,90414,690
2022-02-22,Napa,055,140530,25194,25151,915,26066,128
2022-02-22,Nevada,057,99092,15731,15815,1148,16963,121
2022-02-22,Orange,059,3164182,541158,539390,40510,579900,6502
2022-02-22,Placer,061,380077,61973,61709,7222,68931,572
2022-02-22,Plumas,063,18699,2931,2659,354,3013,13
2022-02-22,Riverside,065,2383286,586670,583969,27359,611328,6097
2022-02-22,Sacramento,067,1510023,277353,271789,26047,297836,2775
2022-02-22,San Benito,069,59416,12743,12742,501,13243,92
2022-02-22,San Bernardino,071,2135413,570552,554903,24641,579544,6451
2022-02-22,San Diego,073,3302833,741169,734536,51703,786239,4974
2022-02-22,San Francisco,075,870044,121176,121954,8004,129958,769
2022-02-22,San Joaquin,077,732212,164650,164111,9732,173843,2040
2022-02-22,San Luis Obispo,079,281455,51511,51193,3636,54829,431
2022-02-22,San Mateo,081,765935,119207,117418,6735,124153,603
2022-02-22,Santa Barbara,083,443738,84696,84701,4620,89321,650
2022-02-22,Santa Clara,085,1922200,304645,305045,12007,317052,2155
2022-02-22,Santa Cruz,087,273765,46497,45958,2047,48005,251
2022-02-22,Shasta,089,179085,30096,30024,5984,36008,479
2022-02-22,Sierra,091,2930,271,269,46,315,0
2022-02-22,Siskiyou,093,43540,4384,4350,2662,7012,70
2022-02-22,Solano,095,438530,80105,79968,5455,85423,425
2022-02-22,Sonoma,097,501317,82056,81412,2505,83917,431
2022-02-22,Stanislaus,099,539301,116360,116676,17558,134234,1475
2022-02-22,Sutter,101,95872,20200,20164,1966,22130,210
2022-02-22,Tehama,103,63373,11907,11852,2556,14408,152
2022-02-22,Trinity,105,12862,1171,1147,283,1430,20
2022-02-22,Tulare,107,460477,105200,102717,27120,129837,1287
2022-02-22,Tuolumne,109,53932,12508,12136,543,12679,175
2022-02-22,Ventura,111,848112,171285,171064,9262,180326,1401
2022-02-22,Yolo,113,214977,36365,35527,2936,38463,292
2022-02-22,Yuba,115,75493,15607,15550,1154,16704,110
2022-02-21,Alameda,001,1643700,250941,247434,13298,260732,1704
2022-02-21,Alpine,003,1148,122,124,1,125,0
2022-02-21,Amador,005,37829,8325,8246,628,8874,79
2022-02-21,Butte,007,227075,32728,32356,6788,39144,366
2022-02-21,Calaveras,009,45235,7150,7175,336,7511,107
2022-02-21,Colusa,011,21464,3416,3401,1035,4436,21
2022-02-21,Contra Costa,013,1133247,187859,183701,12820,196521,1201
2022-02-21,Del Norte,015,27424,5601,5601,167,5768,45
2022-02-21,El Dorado,017,186661,26401,26273,3151,29424,189
2022-02-21,Fresno,019,978130,228186,224923,23623,248546,2592
2022-02-21,Glenn,021,27897,4931,4897,1583,6480,40
2022-02-21,Humboldt,023,135768,16518,16548,2848,19396,132
2022-02-21,Imperial,025,180216,54739,54208,10402,64610,864
2022-02-21,Inyo,027,18085,4036,4023,447,4470,54
2022-02-21,Kern,029,883053,189844,188188,45153,233341,2102
2022-02-21,Kings,031,150075,50702,50188,3454,53642,422
2022-02-21,Lake,033,64148,10440,10334,858,11192,126
2022-02-21,Lassen,035,31185,8796,8705,863,9568,55
2022-02-21,Los Angeles,037,10098052,2682894,2656873,121321,2778194,30108
2022-02-21,Madera,039,155013,36779,36796,5898,42694,330
2022-02-21,Marin,041,260295,32712,32570,2142,34712,258
2022-02-21,Mariposa,043,17540,2334,2321,191,2512,6
2022-02-21,Mendocino,045,87422,12810,12706,2909,15615,110
2022-02-21,Merced,047,269075,61561,61209,8424,69633,770
2022-02-21,Modoc,049,8938,721,718,247,965,6
2022-02-21,Mono,051,14174,2954,2960,118,3078,5
2022-02-21,Monterey,053,433212,78255,77354,13014,90368,690
2022-02-21,Napa,055,140530,25155,25126,915,26041,128
2022-02-21,Nevada,057,99092,15720,15810,1145,16955,121
2022-02-21,Orange,059,3164182,540808,539068,40485,579553,6502
2022-02-21,Placer,061,380077,61919,61727,7218,68945,572
2022-02-21,Plumas,063,18699,2928,2657,349,3006,13
2022-02-21,Riverside,065,2383286,586302,583712,27312,611024,6097
2022-02-21,Sacramento,067,1510023,277098,271588,26014,297602,2769
2022-02-21,San Benito,069,59416,12730,12731,501,13232,92
2022-02-21,San Bernardino,071,2135413,570313,554662,24620,579282,6441
2022-02-21,San Diego,073,3302833,740553,732298,51625,783923,4974
2022-02-21,San Francisco,075,870044,120995,121865,8000,129865,769
2022-02-21,San Joaquin,077,732212,164506,164036,9720,173756,2040
2022-02-21,San Luis Obispo,079,281455,51420,51184,3629,54813,429
2022-02-21,San Mateo,081,765935,119114,117259,6727,123986,605
2022-02-21,Santa Barbara,083,443738,84620,84626,4612,89238,650
2022-02-21,Santa Clara,085,1922200,304317,304858,12001,316859,2158
2022-02-21,Santa Cruz,087,273765,46371,45941,2046,47987,251
2022-02-21,Shasta,089,179085,30051,30004,5976,35980,479
2022-02-21,Sierra,091,2930,271,269,46,315,0
2022-02-21,Siskiyou,093,43540,4372,4337,2657,6994,70
2022-02-21,Solano,095,438530,80012,79906,5450,85356,425
2022-02-21,Sonoma,097,501317,81942,81361,2498,83859,431
2022-02-21,Stanislaus,099,539301,116248,116597,17534,134131,1475
2022-02-21,Sutter,101,95872,20175,20152,1964,22116,210
2022-02-21,Tehama,103,63373,11893,11842,2555,14397,152
2022-02-21,Trinity,105,12862,1170,1147,283,1430,20
2022-02-21,Tulare,107,460477,105106,102614,27076,129690,1287
2022-02-21,Tuolumne,109,53932,12497,12126,540,12666,175
2022-02-21,Ventura,111,848112,171146,170939,9253,180192,1401
2022-02-21,Yolo,113,214977,36322,35518,2927,38445,292
2022-02-21,Yuba,115,75493,15588,15546,1145,16691,110
2022-02-20,Alameda,001,1643700,250711,246028,13290,259318,1700
2022-02-20,Alpine,003,1148,122,124,1,125,0
2022-02-20,Amador,005,37829,8313,8203,628,8831,79
2022-02-20,Butte,007,227075,32699,32173,6783,38956,364
2022-02-20,Calaveras,009,45235,7147,7136,335,7471,107
2022-02-20,Colusa,011,21464,3413,3389,1034,4423,21
2022-02-20,Contra Costa,013,1133247,187729,182797,12815,195612,1190
2022-02-20,Del Norte,015,27424,5586,5511,167,5678,45
2022-02-20,El Dorado,017,186661,26380,26101,3150,29251,189
2022-02-20,Fresno,019,978130,227995,223594,23607,247201,2544
2022-02-20,Glenn,021,27897,4928,4881,1583,6464,39
2022-02-20,Humboldt,023,135768,16506,16393,2844,19237,132
2022-02-20,Imperial,025,180216,54673,53967,10392,64359,862
2022-02-20,Inyo,027,18085,4036,4018,446,4464,52
2022-02-20,Kern,029,883053,189710,187158,45109,232267,2095
2022-02-20,Kings,031,150075,50674,49724,3451,53175,421
2022-02-20,Lake,033,64148,10407,10184,857,11041,126
2022-02-20,Lassen,035,31185,8784,8640,863,9503,55
2022-02-20,Los Angeles,037,10098052,2681568,2642878,121238,2764116,29842
2022-02-20,Madera,039,155013,36748,36526,5894,42420,330
2022-02-20,Marin,041,260295,32695,32441,2142,34583,258
2022-02-20,Mariposa,043,17540,2328,2310,189,2499,6
2022-02-20,Mendocino,045,87422,12800,12625,2906,15531,110
2022-02-20,Merced,047,269075,61533,60886,8423,69309,769
2022-02-20,Modoc,049,8938,720,714,247,961,6
2022-02-20,Mono,051,14174,2954,2956,118,3074,5
2022-02-20,Monterey,053,433212,78195,76765,13001,89766,682
2022-02-20,Napa,055,140530,25133,24970,913,25883,127
2022-02-20,Nevada,057,99092,15709,15715,1144,16859,121
2022-02-20,Orange,059,3164182,540489,538019,40449,578468,6416
2022-02-20,Placer,061,380077,61887,61417,7210,68627,560
2022-02-20,Plumas,063,18699,2924,2646,347,2993,13
2022-02-20,Riverside,065,2383286,586035,581788,27286,609074,6087
2022-02-20,Sacramento,067,1510023,276919,270080,25990,296070,2747
2022-02-20,San Benito,069,59416,12727,12665,501,13166,92
2022-02-20,San Bernardino,071,2135413,570105,553151,24603,577754,6400
2022-02-20,San Diego,073,3302833,739981,729549,51561,781110,4947
2022-02-20,San Francisco,075,870044,120856,121197,7990,129187,756
2022-02-20,San Joaquin,077,732212,164388,163083,9709,172792,2033
2022-02-20,San Luis Obispo,079,281455,51391,50823,3625,54448,424
2022-02-20,San Mateo,081,765935,119040,116648,6720,123368,598
2022-02-20,Santa Barbara,083,443738,84576,83988,4610,88598,642
2022-02-20,Santa Clara,085,1922200,304039,303077,11993,315070,2138
2022-02-20,Santa Cruz,087,273765,46305,45532,2043,47575,250
2022-02-20,Shasta,089,179085,30022,29847,5969,35816,479
2022-02-20,Sierra,091,2930,271,269,46,315,0
2022-02-20,Siskiyou,093,43540,4367,4307,2656,6963,70
2022-02-20,Solano,095,438530,79937,78914,5446,84360,424
2022-02-20,Sonoma,097,501317,81867,80843,2495,83338,431
2022-02-20,Stanislaus,099,539301,116182,115976,17517,133493,1454
2022-02-20,Sutter,101,95872,20163,20060,1961,22021,210
2022-02-20,Tehama,103,63373,11881,11760,2552,14312,152
2022-02-20,Trinity,105,12862,1169,1130,283,1413,20
2022-02-20,Tulare,107,460477,105018,101996,27050,129046,1286
2022-02-20,Tuolumne,109,53932,12476,12036,540,12576,175
2022-02-20,Ventura,111,848112,171050,170331,9246,179577,1384
2022-02-20,Yolo,113,214977,36296,35363,2924,38287,293
2022-02-20,Yuba,115,75493,15573,15449,1144,16593,112
2022-02-19,Alameda,001,1643700,250536,246028,13286,259314,1700
2022-02-19,Alpine,003,1148,122,124,1,125,0
2022-02-19,Amador,005,37829,8309,8203,628,8831,79
2022-02-19,Butte,007,227075,32675,32173,6780,38953,364
2022-02-19,Calaveras,009,45235,7147,7136,335,7471,107
2022-02-19,Colusa,011,21464,3412,3389,1032,4421,21
2022-02-19,Contra Costa,013,1133247,187632,182797,12814,195611,1190
2022-02-19,Del Norte,015,27424,5576,5511,167,5678,45
2022-02-19,El Dorado,017,186661,26362,26101,3148,29249,189
2022-02-19,Fresno,019,978130,227876,223594,23600,247194,2544
2022-02-19,Glenn,021,27897,4923,4881,1583,6464,39
2022-02-19,Humboldt,023,135768,16491,16393,2844,19237,132
2022-02-19,Imperial,025,180216,54657,53967,10387,64354,862
2022-02-19,Inyo,027,18085,4035,4018,445,4463,52
2022-02-19,Kern,029,883053,189607,187158,45085,232243,2095
2022-02-19,Kings,031,150075,50651,49724,3450,53174,421
2022-02-19,Lake,033,64148,10398,10184,857,11041,126
2022-02-19,Lassen,035,31185,8772,8640,862,9502,55
2022-02-19,Los Angeles,037,10098052,2680776,2642878,121197,2764075,29842
2022-02-19,Madera,039,155013,36726,36526,5892,42418,330
2022-02-19,Marin,041,260295,32672,32441,2141,34582,258
2022-02-19,Mariposa,043,17540,2325,2310,189,2499,6
2022-02-19,Mendocino,045,87422,12790,12625,2906,15531,110
2022-02-19,Merced,047,269075,61489,60886,8419,69305,769
2022-02-19,Modoc,049,8938,720,714,246,960,6
2022-02-19,Mono,051,14174,2953,2956,118,3074,5
2022-02-19,Monterey,053,433212,78106,76765,12990,89755,682
2022-02-19,Napa,055,140530,25123,24970,913,25883,127
2022-02-19,Nevada,057,99092,15701,15715,1144,16859,121
2022-02-19,Orange,059,3164182,540287,538019,40424,578443,6416
2022-02-19,Placer,061,380077,61840,61417,7210,68627,560
2022-02-19,Plumas,063,18699,2923,2646,347,2993,13
2022-02-19,Riverside,065,2383286,585853,581788,27274,609062,6087
2022-02-19,Sacramento,067,1510023,276776,270080,25979,296059,2747
2022-02-19,San Benito,069,59416,12714,12665,500,13165,92
2022-02-19,San Bernardino,071,2135413,569943,553151,24596,577747,6400
2022-02-19,San Diego,073,3302833,739636,729549,51514,781063,4947
2022-02-19,San Francisco,075,870044,120770,121197,7986,129183,756
2022-02-19,San Joaquin,077,732212,164316,163083,9698,172781,2033
2022-02-19,San Luis Obispo,079,281455,51378,50823,3621,54444,424
2022-02-19,San Mateo,081,765935,118999,116648,6719,123367,598
2022-02-19,Santa Barbara,083,443738,84509,83988,4609,88597,642
2022-02-19,Santa Clara,085,1922200,303846,303077,11991,315068,2138
2022-02-19,Santa Cruz,087,273765,46267,45532,2041,47573,250
2022-02-19,Shasta,089,179085,30008,29847,5966,35813,479
2022-02-19,Sierra,091,2930,271,269,46,315,0
2022-02-19,Siskiyou,093,43540,4364,4307,2656,6963,70
2022-02-19,Solano,095,438530,79895,78914,5445,84359,424
2022-02-19,Sonoma,097,501317,81825,80843,2495,83338,431
2022-02-19,Stanislaus,099,539301,116110,115976,17511,133487,1454
2022-02-19,Sutter,101,95872,20155,20060,1961,22021,210
2022-02-19,Tehama,103,63373,11874,11760,2552,14312,152
2022-02-19,Trinity,105,12862,1167,1130,283,1413,20
2022-02-19,Tulare,107,460477,104971,101996,27025,129021,1286
2022-02-19,Tuolumne,109,53932,12467,12036,540,12576,175
2022-02-19,Ventura,111,848112,170975,170331,9242,179573,1384
2022-02-19,Yolo,113,214977,36265,35363,2920,38283,293
2022-02-19,Yuba,115,75493,15564,15449,1144,16593,112
2022-02-18,Alameda,001,1643700,250370,246028,13278,259306,1700
2022-02-18,Alpine,003,1148,121,124,1,125,0
2022-02-18,Amador,005,37829,8302,8203,626,8829,79
2022-02-18,Butte,007,227075,32654,32173,6774,38947,364
2022-02-18,Calaveras,009,45235,7142,7136,334,7470,107
2022-02-18,Colusa,011,21464,3410,3389,1032,4421,21
2022-02-18,Contra Costa,013,1133247,187525,182797,12808,195605,1190
2022-02-18,Del Norte,015,27424,5565,5511,167,5678,45
2022-02-18,El Dorado,017,186661,26351,26101,3148,29249,189
2022-02-18,Fresno,019,978130,227688,223594,23589,247183,2544
2022-02-18,Glenn,021,27897,4922,4881,1582,6463,39
2022-02-18,Humboldt,023,135768,16474,16393,2839,19232,132
2022-02-18,Imperial,025,180216,54631,53967,10376,64343,862
2022-02-18,Inyo,027,18085,4033,4018,445,4463,52
2022-02-18,Kern,029,883053,189495,187158,45040,232198,2095
2022-02-18,Kings,031,150075,50564,49724,3450,53174,421
2022-02-18,Lake,033,64148,10380,10184,855,11039,126
2022-02-18,Lassen,035,31185,8752,8640,861,9501,55
2022-02-18,Los Angeles,037,10098052,2679790,2642878,121143,2764021,29842
2022-02-18,Madera,039,155013,36703,36526,5890,42416,330
2022-02-18,Marin,041,260295,32654,32441,2139,34580,258
2022-02-18,Mariposa,043,17540,2323,2310,189,2499,6
2022-02-18,Mendocino,045,87422,12780,12625,2906,15531,110
2022-02-18,Merced,047,269075,61445,60886,8410,69296,769
2022-02-18,Modoc,049,8938,720,714,246,960,6
2022-02-18,Mono,051,14174,2953,2956,118,3074,5
2022-02-18,Monterey,053,433212,78033,76765,12982,89747,682
2022-02-18,Napa,055,140530,25105,24970,913,25883,127
2022-02-18,Nevada,057,99092,15693,15715,1144,16859,121
2022-02-18,Orange,059,3164182,540051,538019,40385,578404,6416
2022-02-18,Placer,061,380077,61811,61417,7203,68620,560
2022-02-18,Plumas,063,18699,2919,2646,347,2993,13
2022-02-18,Riverside,065,2383286,585673,581788,27266,609054,6087
2022-02-18,Sacramento,067,1510023,276585,270080,25971,296051,2747
2022-02-18,San Benito,069,59416,12706,12665,500,13165,92
2022-02-18,San Bernardino,071,2135413,569765,553151,24591,577742,6400
2022-02-18,San Diego,073,3302833,739212,729549,51488,781037,4947
2022-02-18,San Francisco,075,870044,120682,121197,7978,129175,756
2022-02-18,San Joaquin,077,732212,164247,163083,9691,172774,2033
2022-02-18,San Luis Obispo,079,281455,51362,50823,3618,54441,424
2022-02-18,San Mateo,081,765935,118934,116648,6716,123364,598
2022-02-18,Santa Barbara,083,443738,84469,83988,4607,88595,642
2022-02-18,Santa Clara,085,1922200,303610,303077,11990,315067,2138
2022-02-18,Santa Cruz,087,273765,46233,45532,2040,47572,250
2022-02-18,Shasta,089,179085,29994,29847,5965,35812,479
2022-02-18,Sierra,091,2930,271,269,46,315,0
2022-02-18,Siskiyou,093,43540,4361,4307,2654,6961,70
2022-02-18,Solano,095,438530,79825,78914,5444,84358,424
2022-02-18,Sonoma,097,501317,81769,80843,2494,83337,431
2022-02-18,Stanislaus,099,539301,116060,115976,17497,133473,1454
2022-02-18,Sutter,101,95872,20143,20060,1961,22021,210
2022-02-18,Tehama,103,63373,11863,11760,2552,14312,152
2022-02-18,Trinity,105,12862,1166,1130,282,1412,20
2022-02-18,Tulare,107,460477,104920,101996,26984,128980,1286
2022-02-18,Tuolumne,109,53932,12461,12036,539,12575,175
2022-02-18,Ventura,111,848112,170885,170331,9237,179568,1384
2022-02-18,Yolo,113,214977,36237,35363,2918,38281,293
2022-02-18,Yuba,115,75493,15549,15449,1144,16593,112
2022-02-17,Alameda,001,1643700,250107,246028,13258,259286,1700
2022-02-17,Alpine,003,1148,121,124,1,125,0
2022-02-17,Amador,005,37829,8298,8203,624,8827,79
2022-02-17,Butte,007,227075,32621,32173,6770,38943,364
2022-02-17,Calaveras,009,45235,7133,7136,331,7467,107
2022-02-17,Colusa,011,21464,3407,3389,1032,4421,21
2022-02-17,Contra Costa,013,1133247,187329,182797,12776,195573,1190
2022-02-17,Del Norte,015,27424,5544,5511,167,5678,45
2022-02-17,El Dorado,017,186661,26325,26101,3138,29239,189
2022-02-17,Fresno,019,978130,227397,223594,23558,247152,2544
2022-02-17,Glenn,021,27897,4920,4881,1579,6460,39
2022-02-17,Humboldt,023,135768,16434,16393,2838,19231,132
2022-02-17,Imperial,025,180216,54560,53967,10360,64327,862
2022-02-17,Inyo,027,18085,4031,4018,444,4462,52
2022-02-17,Kern,029,883053,189341,187158,44991,232149,2095
2022-02-17,Kings,031,150075,50500,49724,3445,53169,421
2022-02-17,Lake,033,64148,10350,10184,851,11035,126
2022-02-17,Lassen,035,31185,8742,8640,859,9499,55
2022-02-17,Los Angeles,037,10098052,2677950,2642878,121063,2763941,29842
2022-02-17,Madera,039,155013,36660,36526,5883,42409,330
2022-02-17,Marin,041,260295,32628,32441,2138,34579,258
2022-02-17,Mariposa,043,17540,2321,2310,188,2498,6
2022-02-17,Mendocino,045,87422,12763,12625,2903,15528,110
2022-02-17,Merced,047,269075,61370,60886,8394,69280,769
2022-02-17,Modoc,049,8938,719,714,246,960,6
2022-02-17,Mono,051,14174,2951,2956,118,3074,5
2022-02-17,Monterey,053,433212,77921,76765,12940,89705,682
2022-02-17,Napa,055,140530,25073,24970,911,25881,127
2022-02-17,Nevada,057,99092,15681,15715,1143,16858,121
2022-02-17,Orange,059,3164182,539712,538019,40358,578377,6416
2022-02-17,Placer,061,380077,61769,61417,7195,68612,560
2022-02-17,Plumas,063,18699,2916,2646,347,2993,13
2022-02-17,Riverside,065,2383286,585301,581788,27239,609027,6087
2022-02-17,Sacramento,067,1510023,276297,270080,25923,296003,2747
2022-02-17,San Benito,069,59416,12695,12665,500,13165,92
2022-02-17,San Bernardino,071,2135413,569462,553151,24577,577728,6400
2022-02-17,San Diego,073,3302833,738615,729549,51435,780984,4947
2022-02-17,San Francisco,075,870044,120548,121197,7968,129165,756
2022-02-17,San Joaquin,077,732212,164083,163083,9678,172761,2033
2022-02-17,San Luis Obispo,079,281455,51257,50823,3610,54433,424
2022-02-17,San Mateo,081,765935,118840,116648,6707,123355,598
2022-02-17,Santa Barbara,083,443738,84369,83988,4600,88588,642
2022-02-17,Santa Clara,085,1922200,303247,303077,11976,315053,2138
2022-02-17,Santa Cruz,087,273765,46151,45532,2038,47570,250
2022-02-17,Shasta,089,179085,29967,29847,5962,35809,479
2022-02-17,Sierra,091,2930,271,269,46,315,0
2022-02-17,Siskiyou,093,43540,4352,4307,2650,6957,70
2022-02-17,Solano,095,438530,79744,78914,5437,84351,424
2022-02-17,Sonoma,097,501317,81703,80843,2487,83330,431
2022-02-17,Stanislaus,099,539301,115956,115976,17480,133456,1454
2022-02-17,Sutter,101,95872,20128,20060,1953,22013,210
2022-02-17,Tehama,103,63373,11855,11760,2551,14311,152
2022-02-17,Trinity,105,12862,1164,1130,280,1410,20
2022-02-17,Tulare,107,460477,104807,101996,26960,128956,1286
2022-02-17,Tuolumne,109,53932,12450,12036,539,12575,175
2022-02-17,Ventura,111,848112,170745,170331,9236,179567,1384
2022-02-17,Yolo,113,214977,36199,35363,2917,38280,293
2022-02-17,Yuba,115,75493,15534,15449,1144,16593,112
2022-02-16,Alameda,001,1643700,249796,245662,13220,258882,1691
2022-02-16,Alpine,003,1148,121,124,1,125,0
2022-02-16,Amador,005,37829,8280,8197,623,8820,77
2022-02-16,Butte,007,227075,32575,32095,6757,38852,363
2022-02-16,Calaveras,009,45235,7129,7129,328,7457,107
2022-02-16,Colusa,011,21464,3402,3384,1032,4416,21
2022-02-16,Contra Costa,013,1133247,187094,182423,12740,195163,1179
2022-02-16,Del Norte,015,27424,5524,5473,164,5637,45
2022-02-16,El Dorado,017,186661,26298,26061,3134,29195,189
2022-02-16,Fresno,019,978130,227037,223056,23509,246565,2542
2022-02-16,Glenn,021,27897,4917,4873,1574,6447,39
2022-02-16,Humboldt,023,135768,16410,16342,2828,19170,132
2022-02-16,Imperial,025,180216,54482,53901,10332,64233,861
2022-02-16,Inyo,027,18085,4028,4013,443,4456,52
2022-02-16,Kern,029,883053,189124,186740,44906,231646,2084
2022-02-16,Kings,031,150075,50447,49575,3437,53012,420
2022-02-16,Lake,033,64148,10325,10145,851,10996,125
2022-02-16,Lassen,035,31185,8709,8618,859,9477,55
2022-02-16,Los Angeles,037,10098052,2675856,2640005,120954,2760959,29749
2022-02-16,Madera,039,155013,36593,36382,5869,42251,330
2022-02-16,Marin,041,260295,32592,32381,2136,34517,257
2022-02-16,Mariposa,043,17540,2319,2305,188,2493,6
2022-02-16,Mendocino,045,87422,12741,12605,2893,15498,108
2022-02-16,Merced,047,269075,61303,60776,8362,69138,767
2022-02-16,Modoc,049,8938,719,711,242,953,6
2022-02-16,Mono,051,14174,2949,2953,118,3071,5
2022-02-16,Monterey,053,433212,77774,76624,12899,89523,682
2022-02-16,Napa,055,140530,25034,24897,908,25805,128
2022-02-16,Nevada,057,99092,15664,15677,1139,16816,121
2022-02-16,Orange,059,3164182,539308,537934,40314,578248,6392
2022-02-16,Placer,061,380077,61726,61278,7183,68461,556
2022-02-16,Plumas,063,18699,2913,2644,345,2989,13
2022-02-16,Riverside,065,2383286,584904,580828,27193,608021,6064
2022-02-16,Sacramento,067,1510023,275973,269416,25866,295282,2736
2022-02-16,San Benito,069,59416,12668,12644,500,13144,92
2022-02-16,San Bernardino,071,2135413,569188,552353,24555,576908,6379
2022-02-16,San Diego,073,3302833,737855,728610,51358,779968,4931
2022-02-16,San Francisco,075,870044,120375,120987,7965,128952,756
2022-02-16,San Joaquin,077,732212,163916,162752,9668,172420,2032
2022-02-16,San Luis Obispo,079,281455,51185,50704,3598,54302,425
2022-02-16,San Mateo,081,765935,118722,116438,6689,123127,595
2022-02-16,Santa Barbara,083,443738,84293,83968,4588,88556,642
2022-02-16,Santa Clara,085,1922200,302861,302439,11943,314382,2130
2022-02-16,Santa Cruz,087,273765,46061,45274,2036,47310,250
2022-02-16,Shasta,089,179085,29929,29767,5950,35717,477
2022-02-16,Sierra,091,2930,270,269,46,315,0
2022-02-16,Siskiyou,093,43540,4345,4302,2644,6946,71
2022-02-16,Solano,095,438530,79629,78742,5431,84173,422
2022-02-16,Sonoma,097,501317,81575,80642,2477,83119,431
2022-02-16,Stanislaus,099,539301,115837,115751,17447,133198,1443
2022-02-16,Sutter,101,95872,20111,20020,1950,21970,210
2022-02-16,Tehama,103,63373,11838,11738,2549,14287,152
2022-02-16,Trinity,105,12862,1164,1130,279,1409,20
2022-02-16,Tulare,107,460477,104687,101817,26910,128727,1281
2022-02-16,Tuolumne,109,53932,12438,11991,538,12529,171
2022-02-16,Ventura,111,848112,170610,170117,9228,179345,1372
2022-02-16,Yolo,113,214977,36148,35284,2915,38199,292
2022-02-16,Yuba,115,75493,15512,15405,1141,16546,110
2022-02-15,Alameda,001,1643700,249445,245265,13192,258457,1683
2022-02-15,Alpine,003,1148,121,124,1,125,0
2022-02-15,Amador,005,37829,8270,8183,622,8805,77
2022-02-15,Butte,007,227075,32525,32011,6743,38754,361
2022-02-15,Calaveras,009,45235,7119,7115,328,7443,106
2022-02-15,Colusa,011,21464,3394,3374,1031,4405,21
2022-02-15,Contra Costa,013,1133247,186836,182041,12710,194751,1179
2022-02-15,Del Norte,015,27424,5496,5439,163,5602,45
2022-02-15,El Dorado,017,186661,26279,25988,3129,29117,189
2022-02-15,Fresno,019,978130,226659,222673,23451,246124,2543
2022-02-15,Glenn,021,27897,4908,4862,1573,6435,39
2022-02-15,Humboldt,023,135768,16365,16297,2813,19110,132
2022-02-15,Imperial,025,180216,54418,53813,10317,64130,860
2022-02-15,Inyo,027,18085,4027,4009,442,4451,52
2022-02-15,Kern,029,883053,188904,186324,44815,231139,2072
2022-02-15,Kings,031,150075,50354,49473,3428,52901,418
2022-02-15,Lake,033,64148,10293,10112,845,10957,123
2022-02-15,Lassen,035,31185,8695,8587,857,9444,55
2022-02-15,Los Angeles,037,10098052,2673598,2638266,120823,2759089,29691
2022-02-15,Madera,039,155013,36527,36260,5849,42109,330
2022-02-15,Marin,041,260295,32550,32355,2134,34489,255
2022-02-15,Mariposa,043,17540,2318,2302,188,2490,6
2022-02-15,Mendocino,045,87422,12724,12580,2874,15454,108
2022-02-15,Merced,047,269075,61222,60674,8331,69005,763
2022-02-15,Modoc,049,8938,717,710,239,949,6
2022-02-15,Mono,051,14174,2948,2952,118,3070,5
2022-02-15,Monterey,053,433212,77648,75530,12841,88371,682
2022-02-15,Napa,055,140530,24984,24832,901,25733,127
2022-02-15,Nevada,057,99092,15638,15643,1138,16781,121
2022-02-15,Orange,059,3164182,538851,537478,40271,577749,6374
2022-02-15,Placer,061,380077,61665,61170,7172,68342,554
2022-02-15,Plumas,063,18699,2909,2638,345,2983,13
2022-02-15,Riverside,065,2383286,584418,579940,27134,607074,6049
2022-02-15,Sacramento,067,1510023,275587,268950,25788,294738,2721
2022-02-15,San Benito,069,59416,12649,12616,500,13116,91
2022-02-15,San Bernardino,071,2135413,568826,551803,24535,576338,6372
2022-02-15,San Diego,073,3302833,736894,727486,51255,778741,4914
2022-02-15,San Francisco,075,870044,120204,120759,7954,128713,756
2022-02-15,San Joaquin,077,732212,163697,162518,9655,172173,2021
2022-02-15,San Luis Obispo,079,281455,51088,50534,3583,54117,419
2022-02-15,San Mateo,081,765935,118586,116253,6669,122922,595
2022-02-15,Santa Barbara,083,443738,84158,83734,4574,88308,640
2022-02-15,Santa Clara,085,1922200,302368,301831,11906,313737,2130
2022-02-15,Santa Cruz,087,273765,45957,45171,2031,47202,250
2022-02-15,Shasta,089,179085,29878,29684,5936,35620,477
2022-02-15,Sierra,091,2930,270,269,46,315,0
2022-02-15,Siskiyou,093,43540,4338,4288,2637,6925,70
2022-02-15,Solano,095,438530,79495,78626,5426,84052,426
2022-02-15,Sonoma,097,501317,81454,80433,2471,82904,431
2022-02-15,Stanislaus,099,539301,115696,115549,17416,132965,1429
2022-02-15,Sutter,101,95872,20083,19980,1945,21925,208
2022-02-15,Tehama,103,63373,11820,11717,2547,14264,151
2022-02-15,Trinity,105,12862,1158,1125,276,1401,20
2022-02-15,Tulare,107,460477,104535,101645,26855,128500,1278
2022-02-15,Tuolumne,109,53932,12419,11945,536,12481,171
2022-02-15,Ventura,111,848112,170436,169942,9221,179163,1372
2022-02-15,Yolo,113,214977,36097,35241,2907,38148,289
2022-02-15,Yuba,115,75493,15484,15372,1136,16508,109
2022-02-14,Alameda,001,1643700,249010,244315,13160,257475,1677
2022-02-14,Alpine,003,1148,121,125,1,126,0
2022-02-14,Amador,005,37829,8255,8164,619,8783,77
2022-02-14,Butte,007,227075,32470,31946,6728,38674,360
2022-02-14,Calaveras,009,45235,7106,7097,326,7423,106
2022-02-14,Colusa,011,21464,3391,3367,1027,4394,21
2022-02-14,Contra Costa,013,1133247,186552,181753,12672,194425,1167
2022-02-14,Del Norte,015,27424,5473,5426,162,5588,45
2022-02-14,El Dorado,017,186661,26244,25915,3120,29035,188
2022-02-14,Fresno,019,978130,226176,222360,23364,245724,2538
2022-02-14,Glenn,021,27897,4903,4854,1573,6427,39
2022-02-14,Humboldt,023,135768,16325,16264,2788,19052,132
2022-02-14,Imperial,025,180216,54347,53765,10291,64056,860
2022-02-14,Inyo,027,18085,4026,4010,441,4451,52
2022-02-14,Kern,029,883053,188561,186037,44707,230744,2063
2022-02-14,Kings,031,150075,50248,49395,3419,52814,419
2022-02-14,Lake,033,64148,10256,10090,842,10932,123
2022-02-14,Lassen,035,31185,8685,8539,855,9394,55
2022-02-14,Los Angeles,037,10098052,2671015,2636064,120695,2756759,29650
2022-02-14,Madera,039,155013,36463,36194,5826,42020,330
2022-02-14,Marin,041,260295,32514,32304,2131,34435,255
2022-02-14,Mariposa,043,17540,2311,2295,188,2483,6
2022-02-14,Mendocino,045,87422,12697,12541,2842,15383,108
2022-02-14,Merced,047,269075,61133,60591,8289,68880,758
2022-02-14,Modoc,049,8938,712,707,239,946,6
2022-02-14,Mono,051,14174,2947,2954,118,3072,5
2022-02-14,Monterey,053,433212,77477,75407,12761,88168,678
2022-02-14,Napa,055,140530,24925,24776,901,25677,127
2022-02-14,Nevada,057,99092,15619,15629,1137,16766,121
2022-02-14,Orange,059,3164182,538346,536924,40205,577129,6355
2022-02-14,Placer,061,380077,61595,61123,7157,68280,554
2022-02-14,Plumas,063,18699,2907,2631,345,2976,13
2022-02-14,Riverside,065,2383286,583872,579174,27066,606240,5994
2022-02-14,Sacramento,067,1510023,275146,268547,25677,294224,2717
2022-02-14,San Benito,069,59416,12625,12598,499,13097,91
2022-02-14,San Bernardino,071,2135413,568410,551338,24515,575853,6372
2022-02-14,San Diego,073,3302833,735926,723902,51152,775054,4894
2022-02-14,San Francisco,075,870044,120014,120581,7944,128525,756
2022-02-14,San Joaquin,077,732212,163457,162363,9632,171995,2018
2022-02-14,San Luis Obispo,079,281455,50980,50465,3573,54038,416
2022-02-14,San Mateo,081,765935,118422,116129,6661,122790,592
2022-02-14,Santa Barbara,083,443738,84012,83697,4564,88261,636
2022-02-14,Santa Clara,085,1922200,301836,301319,11882,313201,2127
2022-02-14,Santa Cruz,087,273765,45794,45042,2027,47069,250
2022-02-14,Shasta,089,179085,29792,29595,5919,35514,474
2022-02-14,Sierra,091,2930,270,269,46,315,0
2022-02-14,Siskiyou,093,43540,4325,4278,2623,6901,69
2022-02-14,Solano,095,438530,79316,78533,5414,83947,427
2022-02-14,Sonoma,097,501317,81313,80336,2459,82795,431
2022-02-14,Stanislaus,099,539301,115518,115426,17373,132799,1406
2022-02-14,Sutter,101,95872,20055,19957,1939,21896,209
2022-02-14,Tehama,103,63373,11797,11686,2546,14232,151
2022-02-14,Trinity,105,12862,1155,1123,276,1399,20
2022-02-14,Tulare,107,460477,104328,101448,26760,128208,1276
2022-02-14,Tuolumne,109,53932,12390,11920,533,12453,170
2022-02-14,Ventura,111,848112,170259,169725,9209,178934,1361
2022-02-14,Yolo,113,214977,36038,35112,2897,38009,286
2022-02-14,Yuba,115,75493,15454,15375,1132,16507,108
2022-02-13,Alameda,001,1643700,248520,243681,13126,256807,1677
2022-02-13,Alpine,003,1148,121,125,1,126,0
2022-02-13,Amador,005,37829,8226,8146,616,8762,77
2022-02-13,Butte,007,227075,32395,31865,6706,38571,360
2022-02-13,Calaveras,009,45235,7099,7083,323,7406,106
2022-02-13,Colusa,011,21464,3389,3366,1025,4391,21
2022-02-13,Contra Costa,013,1133247,186188,181313,12608,193921,1159
2022-02-13,Del Norte,015,27424,5441,5379,162,5541,45
2022-02-13,El Dorado,017,186661,26207,25871,3112,28983,188
2022-02-13,Fresno,019,978130,225636,221686,23304,244990,2537
2022-02-13,Glenn,021,27897,4896,4847,1570,6417,39
2022-02-13,Humboldt,023,135768,16278,16210,2760,18970,132
2022-02-13,Imperial,025,180216,54249,53658,10256,63914,860
2022-02-13,Inyo,027,18085,4023,4006,439,4445,52
2022-02-13,Kern,029,883053,188309,185640,44622,230262,2063
2022-02-13,Kings,031,150075,50121,49243,3408,52651,416
2022-02-13,Lake,033,64148,10193,10042,835,10877,123
2022-02-13,Lassen,035,31185,8660,8503,853,9356,55
2022-02-13,Los Angeles,037,10098052,2667841,2631267,120555,2751822,29595
2022-02-13,Madera,039,155013,36346,36054,5798,41852,330
2022-02-13,Marin,041,260295,32443,32222,2124,34346,255
2022-02-13,Mariposa,043,17540,2305,2292,186,2478,6
2022-02-13,Mendocino,045,87422,12668,12521,2803,15324,108
2022-02-13,Merced,047,269075,60991,60460,8236,68696,758
2022-02-13,Modoc,049,8938,710,704,232,936,6
2022-02-13,Mono,051,14174,2946,2949,118,3067,5
2022-02-13,Monterey,053,433212,77270,75295,12687,87982,678
2022-02-13,Napa,055,140530,24848,24743,898,25641,127
2022-02-13,Nevada,057,99092,15585,15590,1130,16720,121
2022-02-13,Orange,059,3164182,537720,536134,40143,576277,6355
2022-02-13,Placer,061,380077,61519,61020,7136,68156,554
2022-02-13,Plumas,063,18699,2899,2626,342,2968,13
2022-02-13,Riverside,065,2383286,583280,578363,27025,605388,5995
2022-02-13,Sacramento,067,1510023,274634,267947,25548,293495,2699
2022-02-13,San Benito,069,59416,12592,12578,498,13076,91
2022-02-13,San Bernardino,071,2135413,567923,550632,24481,575113,6367
2022-02-13,San Diego,073,3302833,734788,723902,51032,774934,4894
2022-02-13,San Francisco,075,870044,119762,120295,7932,128227,756
2022-02-13,San Joaquin,077,732212,163151,162028,9604,171632,2018
2022-02-13,San Luis Obispo,079,281455,50835,50384,3565,53949,415
2022-02-13,San Mateo,081,765935,118201,115876,6635,122511,592
2022-02-13,Santa Barbara,083,443738,83847,83547,4557,88104,635
2022-02-13,Santa Clara,085,1922200,301198,300412,11845,312257,2114
2022-02-13,Santa Cruz,087,273765,45639,44887,2025,46912,240
2022-02-13,Shasta,089,179085,29713,29531,5896,35427,474
2022-02-13,Sierra,091,2930,270,269,46,315,0
2022-02-13,Siskiyou,093,43540,4318,4264,2607,6871,69
2022-02-13,Solano,095,438530,79159,78424,5390,83814,426
2022-02-13,Sonoma,097,501317,81147,80172,2447,82619,431
2022-02-13,Stanislaus,099,539301,115325,115156,17333,132489,1406
2022-02-13,Sutter,101,95872,20016,19900,1939,21839,209
2022-02-13,Tehama,103,63373,11772,11644,2543,14187,151
2022-02-13,Trinity,105,12862,1152,1120,273,1393,20
2022-02-13,Tulare,107,460477,104113,101135,26672,127807,1276
2022-02-13,Tuolumne,109,53932,12364,11891,528,12419,170
2022-02-13,Ventura,111,848112,170065,169422,9189,178611,1361
2022-02-13,Yolo,113,214977,35971,35057,2885,37942,286
2022-02-13,Yuba,115,75493,15420,15346,1131,16477,107
2022-02-12,Alameda,001,1643700,248300,242137,13112,255249,1668
2022-02-12,Alpine,003,1148,121,124,1,125,0
2022-02-12,Amador,005,37829,8220,8091,616,8707,76
2022-02-12,Butte,007,227075,32366,31601,6700,38301,360
2022-02-12,Calaveras,009,45235,7096,7022,322,7344,106
2022-02-12,Colusa,011,21464,3386,3345,1025,4370,21
2022-02-12,Contra Costa,013,1133247,185997,180270,12601,192871,1141
2022-02-12,Del Norte,015,27424,5422,5262,162,5424,45
2022-02-12,El Dorado,017,186661,26191,25692,3112,28804,188
2022-02-12,Fresno,019,978130,225426,219909,23289,243198,2509
2022-02-12,Glenn,021,27897,4895,4818,1569,6387,39
2022-02-12,Humboldt,023,135768,16254,16058,2757,18815,132
2022-02-12,Imperial,025,180216,54205,53304,10246,63550,860
2022-02-12,Inyo,027,18085,4021,3991,439,4430,52
2022-02-12,Kern,029,883053,188198,184639,44585,229224,2037
2022-02-12,Kings,031,150075,50081,48893,3401,52294,415
2022-02-12,Lake,033,64148,10172,9926,831,10757,123
2022-02-12,Lassen,035,31185,8637,8477,852,9329,55
2022-02-12,Los Angeles,037,10098052,2666679,2616426,120483,2736909,29364
2022-02-12,Madera,039,155013,36312,35710,5791,41501,330
2022-02-12,Marin,041,260295,32411,32048,2121,34169,255
2022-02-12,Mariposa,043,17540,2305,2286,186,2472,6
2022-02-12,Mendocino,045,87422,12652,12439,2803,15242,107
2022-02-12,Merced,047,269075,60937,60187,8231,68418,758
2022-02-12,Modoc,049,8938,710,697,232,929,6
2022-02-12,Mono,051,14174,2945,2939,118,3057,5
2022-02-12,Monterey,053,433212,77209,74842,12665,87507,672
2022-02-12,Napa,055,140530,24820,24530,898,25428,124
2022-02-12,Nevada,057,99092,15572,15499,1129,16628,119
2022-02-12,Orange,059,3164182,537430,534503,40107,574610,6305
2022-02-12,Placer,061,380077,61462,60636,7133,67769,554
2022-02-12,Plumas,063,18699,2898,2617,341,2958,13
2022-02-12,Riverside,065,2383286,582918,575566,27002,602568,5961
2022-02-12,Sacramento,067,1510023,274399,266347,25539,291886,2686
2022-02-12,San Benito,069,59416,12580,12526,498,13024,91
2022-02-12,San Bernardino,071,2135413,567688,548822,24468,573290,6360
2022-02-12,San Diego,073,3302833,734289,720287,50981,771268,4854
2022-02-12,San Francisco,075,870044,119640,119113,7921,127034,740
2022-02-12,San Joaquin,077,732212,163020,161234,9598,170832,2014
2022-02-12,San Luis Obispo,079,281455,50799,50064,3562,53626,416
2022-02-12,San Mateo,081,765935,118113,115235,6628,121863,589
2022-02-12,Santa Barbara,083,443738,83761,83390,4550,87940,631
2022-02-12,Santa Clara,085,1922200,300861,298176,11837,310013,2093
2022-02-12,Santa Cruz,087,273765,45603,44447,2023,46470,239
2022-02-12,Shasta,089,179085,29684,29370,5892,35262,473
2022-02-12,Sierra,091,2930,270,268,46,314,0
2022-02-12,Siskiyou,093,43540,4310,4231,2604,6835,68
2022-02-12,Solano,095,438530,79117,77865,5385,83250,424
2022-02-12,Sonoma,097,501317,81043,79533,2445,81978,431
2022-02-12,Stanislaus,099,539301,115200,114531,17320,131851,1406
2022-02-12,Sutter,101,95872,20001,19800,1939,21739,211
2022-02-12,Tehama,103,63373,11756,11580,2543,14123,151
2022-02-12,Trinity,105,12862,1151,1115,273,1388,20
2022-02-12,Tulare,107,460477,104018,100434,26635,127069,1273
2022-02-12,Tuolumne,109,53932,12346,11754,528,12282,125
2022-02-12,Ventura,111,848112,169958,168736,9184,177920,1340
2022-02-12,Yolo,113,214977,35930,34773,2882,37655,286
2022-02-12,Yuba,115,75493,15406,15242,1130,16372,107
2022-02-11,Alameda,001,1643700,248020,242137,13097,255234,1668
2022-02-11,Alpine,003,1148,121,124,1,125,0
2022-02-11,Amador,005,37829,8208,8091,616,8707,76
2022-02-11,Butte,007,227075,32322,31601,6689,38290,360
2022-02-11,Calaveras,009,45235,7093,7022,322,7344,106
2022-02-11,Colusa,011,21464,3384,3345,1024,4369,21
2022-02-11,Contra Costa,013,1133247,185793,180270,12582,192852,1141
2022-02-11,Del Norte,015,27424,5406,5262,161,5423,45
2022-02-11,El Dorado,017,186661,26172,25692,3111,28803,188
2022-02-11,Fresno,019,978130,225131,219909,23271,243180,2509
2022-02-11,Glenn,021,27897,4891,4818,1569,6387,39
2022-02-11,Humboldt,023,135768,16225,16058,2752,18810,132
2022-02-11,Imperial,025,180216,54176,53304,10235,63539,860
2022-02-11,Inyo,027,18085,4017,3991,435,4426,52
2022-02-11,Kern,029,883053,188040,184639,44534,229173,2037
2022-02-11,Kings,031,150075,50041,48893,3400,52293,415
2022-02-11,Lake,033,64148,10147,9926,829,10755,123
2022-02-11,Lassen,035,31185,8597,8477,852,9329,55
2022-02-11,Los Angeles,037,10098052,2665047,2616426,120394,2736820,29364
2022-02-11,Madera,039,155013,36270,35710,5785,41495,330
2022-02-11,Marin,041,260295,32379,32048,2118,34166,255
2022-02-11,Mariposa,043,17540,2300,2286,186,2472,6
2022-02-11,Mendocino,045,87422,12636,12439,2803,15242,107
2022-02-11,Merced,047,269075,60887,60187,8224,68411,758
2022-02-11,Modoc,049,8938,708,697,232,929,6
2022-02-11,Mono,051,14174,2944,2939,118,3057,5
2022-02-11,Monterey,053,433212,77093,74842,12652,87494,672
2022-02-11,Napa,055,140530,24793,24530,898,25428,124
2022-02-11,Nevada,057,99092,15558,15499,1126,16625,119
2022-02-11,Orange,059,3164182,537079,534503,40047,574550,6305
2022-02-11,Placer,061,380077,61410,60636,7131,67767,554
2022-02-11,Plumas,063,18699,2894,2617,339,2956,13
2022-02-11,Riverside,065,2383286,582501,575566,26986,602552,5961
2022-02-11,Sacramento,067,1510023,274135,266347,25527,291874,2686
2022-02-11,San Benito,069,59416,12575,12526,498,13024,91
2022-02-11,San Bernardino,071,2135413,567373,548822,24454,573276,6360
2022-02-11,San Diego,073,3302833,733586,720287,50922,771209,4854
2022-02-11,San Francisco,075,870044,119519,119113,7905,127018,740
2022-02-11,San Joaquin,077,732212,162852,161234,9586,170820,2014
2022-02-11,San Luis Obispo,079,281455,50762,50064,3558,53622,416
2022-02-11,San Mateo,081,765935,117995,115235,6619,121854,589
2022-02-11,Santa Barbara,083,443738,83677,83390,4549,87939,631
2022-02-11,Santa Clara,085,1922200,300438,298176,11820,309996,2093
2022-02-11,Santa Cruz,087,273765,45511,44447,2023,46470,239
2022-02-11,Shasta,089,179085,29653,29370,5884,35254,473
2022-02-11,Sierra,091,2930,269,268,45,313,0
2022-02-11,Siskiyou,093,43540,4299,4231,2598,6829,68
2022-02-11,Solano,095,438530,78992,77865,5379,83244,424
2022-02-11,Sonoma,097,501317,80956,79533,2440,81973,431
2022-02-11,Stanislaus,099,539301,115100,114531,17305,131836,1406
2022-02-11,Sutter,101,95872,19978,19800,1937,21737,211
2022-02-11,Tehama,103,63373,11742,11580,2543,14123,151
2022-02-11,Trinity,105,12862,1150,1115,272,1387,20
2022-02-11,Tulare,107,460477,103900,100434,26584,127018,1273
2022-02-11,Tuolumne,109,53932,12331,11754,526,12280,125
2022-02-11,Ventura,111,848112,169819,168736,9179,177915,1340
2022-02-11,Yolo,113,214977,35897,34773,2880,37653,286
2022-02-11,Yuba,115,75493,15389,15242,1129,16371,107
2022-02-10,Alameda,001,1643700,247500,242137,13050,255187,1668
2022-02-10,Alpine,003,1148,121,124,1,125,0
2022-02-10,Amador,005,37829,8196,8091,610,8701,76
2022-02-10,Butte,007,227075,32271,31601,6675,38276,360
2022-02-10,Calaveras,009,45235,7081,7022,320,7342,106
2022-02-10,Colusa,011,21464,3378,3345,1022,4367,21
2022-02-10,Contra Costa,013,1133247,185432,180270,12518,192788,1141
2022-02-10,Del Norte,015,27424,5377,5262,159,5421,45
2022-02-10,El Dorado,017,186661,26127,25692,3104,28796,188
2022-02-10,Fresno,019,978130,224551,219909,23187,243096,2509
2022-02-10,Glenn,021,27897,4885,4818,1567,6385,39
2022-02-10,Humboldt,023,135768,16175,16058,2730,18788,132
2022-02-10,Imperial,025,180216,54107,53304,10192,63496,860
2022-02-10,Inyo,027,18085,4013,3991,435,4426,52
2022-02-10,Kern,029,883053,187732,184639,44425,229064,2037
2022-02-10,Kings,031,150075,49930,48893,3389,52282,415
2022-02-10,Lake,033,64148,10116,9926,827,10753,123
2022-02-10,Lassen,035,31185,8583,8477,850,9327,55
2022-02-10,Los Angeles,037,10098052,2661891,2616426,120208,2736634,29364
2022-02-10,Madera,039,155013,36173,35710,5754,41464,330
2022-02-10,Marin,041,260295,32321,32048,2106,34154,255
2022-02-10,Mariposa,043,17540,2296,2286,185,2471,6
2022-02-10,Mendocino,045,87422,12614,12439,2779,15218,107
2022-02-10,Merced,047,269075,60763,60187,8171,68358,758
2022-02-10,Modoc,049,8938,707,697,231,928,6
2022-02-10,Mono,051,14174,2942,2939,117,3056,5
2022-02-10,Monterey,053,433212,76912,74842,12572,87414,672
2022-02-10,Napa,055,140530,24729,24530,896,25426,124
2022-02-10,Nevada,057,99092,15533,15499,1125,16624,119
2022-02-10,Orange,059,3164182,536430,534503,39980,574483,6305
2022-02-10,Placer,061,380077,61329,60636,7122,67758,554
2022-02-10,Plumas,063,18699,2891,2617,332,2949,13
2022-02-10,Riverside,065,2383286,581784,575566,26931,602497,5961
2022-02-10,Sacramento,067,1510023,273654,266347,25439,291786,2686
2022-02-10,San Benito,069,59416,12554,12526,496,13022,91
2022-02-10,San Bernardino,071,2135413,566827,548822,24424,573246,6360
2022-02-10,San Diego,073,3302833,732480,720287,50796,771083,4854
2022-02-10,San Francisco,075,870044,119306,119113,7888,127001,740
2022-02-10,San Joaquin,077,732212,162539,161234,9578,170812,2014
2022-02-10,San Luis Obispo,079,281455,50663,50064,3547,53611,416
2022-02-10,San Mateo,081,765935,117769,115235,6602,121837,589
2022-02-10,Santa Barbara,083,443738,83493,83390,4543,87933,631
2022-02-10,Santa Clara,085,1922200,299770,298176,11764,309940,2093
2022-02-10,Santa Cruz,087,273765,45367,44447,2022,46469,239
2022-02-10,Shasta,089,179085,29591,29370,5864,35234,473
2022-02-10,Sierra,091,2930,269,268,45,313,0
2022-02-10,Siskiyou,093,43540,4294,4231,2585,6816,68
2022-02-10,Solano,095,438530,78799,77865,5360,83225,424
2022-02-10,Sonoma,097,501317,80820,79533,2423,81956,431
2022-02-10,Stanislaus,099,539301,114920,114531,17266,131797,1406
2022-02-10,Sutter,101,95872,19939,19800,1922,21722,211
2022-02-10,Tehama,103,63373,11712,11580,2540,14120,151
2022-02-10,Trinity,105,12862,1147,1115,271,1386,20
2022-02-10,Tulare,107,460477,103712,100434,26507,126941,1273
2022-02-10,Tuolumne,109,53932,12309,11754,521,12275,125
2022-02-10,Ventura,111,848112,169538,168736,9165,177901,1340
2022-02-10,Yolo,113,214977,35820,34773,2874,37647,286
2022-02-10,Yuba,115,75493,15357,15242,1124,16366,107
2022-02-09,Alameda,001,1643700,246967,241141,12993,254134,1668
2022-02-09,Alpine,003,1148,120,124,1,125,0
2022-02-09,Amador,005,37829,8182,8069,605,8674,76
2022-02-09,Butte,007,227075,32178,31433,6661,38094,359
2022-02-09,Calaveras,009,45235,7067,7005,316,7321,106
2022-02-09,Colusa,011,21464,3375,3331,1021,4352,21
2022-02-09,Contra Costa,013,1133247,185075,179695,12472,192167,1132
2022-02-09,Del Norte,015,27424,5330,5204,158,5362,45
2022-02-09,El Dorado,017,186661,26090,25572,3092,28664,186
2022-02-09,Fresno,019,978130,223936,218989,23099,242088,2502
2022-02-09,Glenn,021,27897,4870,4804,1566,6370,39
2022-02-09,Humboldt,023,135768,16128,15929,2705,18634,131
2022-02-09,Imperial,025,180216,54004,53102,10120,63222,858
2022-02-09,Inyo,027,18085,4007,3989,434,4423,52
2022-02-09,Kern,029,883053,187356,184068,44311,228379,2021
2022-02-09,Kings,031,150075,49819,48718,3383,52101,410
2022-02-09,Lake,033,64148,10076,9880,822,10702,124
2022-02-09,Lassen,035,31185,8558,8459,849,9308,55
2022-02-09,Los Angeles,037,10098052,2658211,2611611,120074,2731685,29263
2022-02-09,Madera,039,155013,36075,35559,5724,41283,330
2022-02-09,Marin,041,260295,32271,31965,2099,34064,255
2022-02-09,Mariposa,043,17540,2293,2279,185,2464,6
2022-02-09,Mendocino,045,87422,12580,12378,2750,15128,107
2022-02-09,Merced,047,269075,60633,59952,8119,68071,755
2022-02-09,Modoc,049,8938,704,691,230,921,6
2022-02-09,Mono,051,14174,2940,2937,117,3054,5
2022-02-09,Monterey,053,433212,76710,74500,12486,86986,670
2022-02-09,Napa,055,140530,24683,24429,891,25320,123
2022-02-09,Nevada,057,99092,15512,15446,1123,16569,119
2022-02-09,Orange,059,3164182,535800,534316,39900,574216,6263
2022-02-09,Placer,061,380077,61234,60490,7102,67592,553
2022-02-09,Plumas,063,18699,2886,2609,328,2937,13
2022-02-09,Riverside,065,2383286,581044,573907,26886,600793,5911
2022-02-09,Sacramento,067,1510023,273088,265624,25323,290947,2673
2022-02-09,San Benito,069,59416,12530,12492,496,12988,91
2022-02-09,San Bernardino,071,2135413,566218,547768,24398,572166,6349
2022-02-09,San Diego,073,3302833,731123,717896,50684,768580,4832
2022-02-09,San Francisco,075,870044,119055,118550,7877,126427,731
2022-02-09,San Joaquin,077,732212,162234,160618,9568,170186,2014
2022-02-09,San Luis Obispo,079,281455,50517,49833,3542,53375,414
2022-02-09,San Mateo,081,765935,117581,114890,6562,121452,589
2022-02-09,Santa Barbara,083,443738,83311,82830,4537,87367,629
2022-02-09,Santa Clara,085,1922200,299053,297157,11706,308863,2090
2022-02-09,Santa Cruz,087,273765,45186,44200,2015,46215,239
2022-02-09,Shasta,089,179085,29522,29215,5843,35058,471
2022-02-09,Sierra,091,2930,268,268,44,312,0
2022-02-09,Siskiyou,093,43540,4280,4217,2579,6796,68
2022-02-09,Solano,095,438530,78608,77299,5349,82648,423
2022-02-09,Sonoma,097,501317,80646,79165,2416,81581,431
2022-02-09,Stanislaus,099,539301,114671,114039,17034,131073,1406
2022-02-09,Sutter,101,95872,19897,19758,1909,21667,207
2022-02-09,Tehama,103,63373,11687,11542,2536,14078,149
2022-02-09,Trinity,105,12862,1143,1110,270,1380,20
2022-02-09,Tulare,107,460477,103498,100049,26421,126470,1271
2022-02-09,Tuolumne,109,53932,12272,11702,518,12220,95
2022-02-09,Ventura,111,848112,169301,168253,9152,177405,1325
2022-02-09,Yolo,113,214977,35750,34588,2858,37446,285
2022-02-09,Yuba,115,75493,15326,15187,1113,16300,105
2022-02-08,Alameda,001,1643700,246332,240587,12920,253507,1651
2022-02-08,Alpine,003,1148,120,124,1,125,0
2022-02-08,Amador,005,37829,8174,8050,598,8648,76
2022-02-08,Butte,007,227075,32093,31353,6637,37990,359
2022-02-08,Calaveras,009,45235,7050,6981,314,7295,101
2022-02-08,Colusa,011,21464,3367,3320,1020,4340,21
2022-02-08,Contra Costa,013,1133247,184645,179078,12395,191473,1132
2022-02-08,Del Norte,015,27424,5305,5156,153,5309,44
2022-02-08,El Dorado,017,186661,26045,25446,3081,28527,186
2022-02-08,Fresno,019,978130,223191,218416,22994,241410,2502
2022-02-08,Glenn,021,27897,4853,4784,1562,6346,39
2022-02-08,Humboldt,023,135768,16067,15865,2673,18538,130
2022-02-08,Imperial,025,180216,53875,52977,10076,63053,855
2022-02-08,Inyo,027,18085,4002,3983,434,4417,52
2022-02-08,Kern,029,883053,187020,183519,44181,227700,2010
2022-02-08,Kings,031,150075,49660,48479,3371,51850,411
2022-02-08,Lake,033,64148,10046,9806,816,10622,125
2022-02-08,Lassen,035,31185,8549,8423,845,9268,55
2022-02-08,Los Angeles,037,10098052,2653873,2611204,119887,2731091,29259
2022-02-08,Madera,039,155013,35967,35381,5668,41049,330
2022-02-08,Marin,041,260295,32197,31878,2094,33972,255
2022-02-08,Mariposa,043,17540,2292,2266,177,2443,6
2022-02-08,Mendocino,045,87422,12548,12336,2719,15055,107
2022-02-08,Merced,047,269075,60525,59789,8060,67849,751
2022-02-08,Modoc,049,8938,700,684,230,914,6
2022-02-08,Mono,051,14174,2939,2932,117,3049,5
2022-02-08,Monterey,053,433212,76504,74316,12400,86716,670
2022-02-08,Napa,055,140530,24610,24346,884,25230,121
2022-02-08,Nevada,057,99092,15485,15383,1120,16503,117
2022-02-08,Orange,059,3164182,535113,533507,39812,573319,6205
2022-02-08,Placer,061,380077,61126,60301,7090,67391,553
2022-02-08,Plumas,063,18699,2875,2596,321,2917,13
2022-02-08,Riverside,065,2383286,580214,571892,26814,598706,5908
2022-02-08,Sacramento,067,1510023,272419,264479,25147,289626,2664
2022-02-08,San Benito,069,59416,12506,12434,494,12928,91
2022-02-08,San Bernardino,071,2135413,565506,544658,24354,569012,6335
2022-02-08,San Diego,073,3302833,729550,717896,50552,768448,4832
2022-02-08,San Francisco,075,870044,118744,117942,7868,125810,731
2022-02-08,San Joaquin,077,732212,161851,160147,9550,169697,2005
2022-02-08,San Luis Obispo,079,281455,50352,49556,3512,53068,410
2022-02-08,San Mateo,081,765935,117363,114541,6533,121074,589
2022-02-08,Santa Barbara,083,443738,83143,82461,4512,86973,627
2022-02-08,Santa Clara,085,1922200,298172,295679,11659,307338,2091
2022-02-08,Santa Cruz,087,273765,45031,43884,2010,45894,239
2022-02-08,Shasta,089,179085,29439,29084,5815,34899,470
2022-02-08,Sierra,091,2930,268,267,44,311,0
2022-02-08,Siskiyou,093,43540,4270,4191,2570,6761,68
2022-02-08,Solano,095,438530,78375,77031,5334,82365,421
2022-02-08,Sonoma,097,501317,80432,78798,2392,81190,431
2022-02-08,Stanislaus,099,539301,114417,113733,16956,130689,1406
2022-02-08,Sutter,101,95872,19859,19717,1897,21614,203
2022-02-08,Tehama,103,63373,11660,11491,2529,14020,149
2022-02-08,Trinity,105,12862,1137,1110,270,1380,20
2022-02-08,Tulare,107,460477,103207,99694,26290,125984,1267
2022-02-08,Tuolumne,109,53932,12248,11665,516,12181,92
2022-02-08,Ventura,111,848112,169064,167830,9137,176967,1325
2022-02-08,Yolo,113,214977,35668,34462,2845,37307,281
2022-02-08,Yuba,115,75493,15281,15126,1091,16217,107
2022-02-07,Alameda,001,1643700,245616,238678,12853,251531,1643
2022-02-07,Alpine,003,1148,120,124,1,125,0
2022-02-07,Amador,005,37829,8146,7980,590,8570,75
2022-02-07,Butte,007,227075,32000,31184,6608,37792,355
2022-02-07,Calaveras,009,45235,7028,6910,313,7223,100
2022-02-07,Colusa,011,21464,3356,3283,1016,4299,21
2022-02-07,Contra Costa,013,1133247,184175,177767,12323,190090,1130
2022-02-07,Del Norte,015,27424,5264,5093,148,5241,44
2022-02-07,El Dorado,017,186661,25982,25257,3070,28327,185
2022-02-07,Fresno,019,978130,222334,216495,22849,239344,2493
2022-02-07,Glenn,021,27897,4845,4762,1558,6320,39
2022-02-07,Humboldt,023,135768,15992,15764,2648,18412,129
2022-02-07,Imperial,025,180216,53760,52689,10007,62696,853
2022-02-07,Inyo,027,18085,3997,3976,428,4404,51
2022-02-07,Kern,029,883053,186547,182047,44017,226064,1998
2022-02-07,Kings,031,150075,49476,48147,3354,51501,403
2022-02-07,Lake,033,64148,10000,9519,808,10327,125
2022-02-07,Lassen,035,31185,8531,8362,839,9201,55
2022-02-07,Los Angeles,037,10098052,2649409,2607438,119672,2727110,29210
2022-02-07,Madera,039,155013,35843,35083,5621,40704,330
2022-02-07,Marin,041,260295,32131,31670,2083,33753,255
2022-02-07,Mariposa,043,17540,2287,2253,173,2426,6
2022-02-07,Mendocino,045,87422,12490,12237,2681,14918,107
2022-02-07,Merced,047,269075,60398,59472,7967,67439,748
2022-02-07,Modoc,049,8938,696,679,230,909,6
2022-02-07,Mono,051,14174,2937,2917,117,3034,5
2022-02-07,Monterey,053,433212,76250,69433,12293,81726,670
2022-02-07,Napa,055,140530,24524,23237,875,24112,120
2022-02-07,Nevada,057,99092,15450,15268,1114,16382,113
2022-02-07,Orange,059,3164182,534351,531442,39732,571174,6179
2022-02-07,Placer,061,380077,61002,59894,7075,66969,546
2022-02-07,Plumas,063,18699,2864,2573,312,2885,13
2022-02-07,Riverside,065,2383286,579269,568874,26730,595604,5868
2022-02-07,Sacramento,067,1510023,271734,262834,24965,287799,2631
2022-02-07,San Benito,069,59416,12468,12285,492,12777,90
2022-02-07,San Bernardino,071,2135413,564707,542846,24315,567161,6335
2022-02-07,San Diego,073,3302833,727831,716244,50363,766607,4811
2022-02-07,San Francisco,075,870044,118405,113945,7843,121788,727
2022-02-07,San Joaquin,077,732212,161468,159358,9531,168889,1998
2022-02-07,San Luis Obispo,079,281455,50182,48994,3493,52487,406
2022-02-07,San Mateo,081,765935,117077,107060,6504,113564,589
2022-02-07,Santa Barbara,083,443738,82955,81608,4497,86105,624
2022-02-07,Santa Clara,085,1922200,297221,293360,11612,304972,2085
2022-02-07,Santa Cruz,087,273765,44815,43244,2006,45250,239
2022-02-07,Shasta,089,179085,29349,28900,5789,34689,468
2022-02-07,Sierra,091,2930,268,265,44,309,0
2022-02-07,Siskiyou,093,43540,4259,4157,2554,6711,68
2022-02-07,Solano,095,438530,78118,73934,5305,79239,420
2022-02-07,Sonoma,097,501317,80175,78296,2376,80672,431
2022-02-07,Stanislaus,099,539301,114159,113029,16812,129841,1406
2022-02-07,Sutter,101,95872,19826,19599,1870,21469,203
2022-02-07,Tehama,103,63373,11618,11418,2521,13939,146
2022-02-07,Trinity,105,12862,1133,1109,267,1376,20
2022-02-07,Tulare,107,460477,102848,98774,26160,124934,1263
2022-02-07,Tuolumne,109,53932,12200,11578,512,12090,92
2022-02-07,Ventura,111,848112,168747,166904,9122,176026,1324
2022-02-07,Yolo,113,214977,35558,34007,2831,36838,281
2022-02-07,Yuba,115,75493,15234,14998,1084,16082,105
2022-02-06,Alameda,001,1643700,244702,237188,12771,249959,1643
2022-02-06,Alpine,003,1148,120,123,1,124,0
2022-02-06,Amador,005,37829,8115,7922,578,8500,73
2022-02-06,Butte,007,227075,31871,31021,6557,37578,355
2022-02-06,Calaveras,009,45235,7001,6870,308,7178,99
2022-02-06,Colusa,011,21464,3346,3282,1015,4297,21
2022-02-06,Contra Costa,013,1133247,183536,176863,12167,189030,1128
2022-02-06,Del Norte,015,27424,5208,5038,146,5184,44
2022-02-06,El Dorado,017,186661,25919,25165,3058,28223,185
2022-02-06,Fresno,019,978130,221488,214726,22593,237319,2489
2022-02-06,Glenn,021,27897,4831,4738,1549,6287,39
2022-02-06,Humboldt,023,135768,15908,15658,2608,18266,128
2022-02-06,Imperial,025,180216,53573,52396,9961,62357,853
2022-02-06,Inyo,027,18085,3995,3970,425,4395,51
2022-02-06,Kern,029,883053,185995,181188,43778,224966,1996
2022-02-06,Kings,031,150075,49253,47669,3329,50998,401
2022-02-06,Lake,033,64148,9931,9468,791,10259,125
2022-02-06,Lassen,035,31185,8511,8326,834,9160,55
2022-02-06,Los Angeles,037,10098052,2643868,2602620,119412,2722032,29180
2022-02-06,Madera,039,155013,35659,34901,5529,40430,330
2022-02-06,Marin,041,260295,32033,31488,2070,33558,255
2022-02-06,Mariposa,043,17540,2279,2244,162,2406,6
2022-02-06,Mendocino,045,87422,12447,12169,2611,14780,107
2022-02-06,Merced,047,269075,60180,59112,7805,66917,748
2022-02-06,Modoc,049,8938,691,675,229,904,6
2022-02-06,Mono,051,14174,2932,2901,115,3016,5
2022-02-06,Monterey,053,433212,75884,67912,12136,80048,670
2022-02-06,Napa,055,140530,24405,23230,868,24098,120
2022-02-06,Nevada,057,99092,15385,15192,1101,16293,113
2022-02-06,Orange,059,3164182,533399,527906,39631,567537,6171
2022-02-06,Placer,061,380077,60826,59507,7049,66556,544
2022-02-06,Plumas,063,18699,2851,2559,303,2862,13
2022-02-06,Riverside,065,2383286,578133,568276,26653,594929,5865
2022-02-06,Sacramento,067,1510023,270865,261353,24704,286057,2631
2022-02-06,San Benito,069,59416,12413,12186,484,12670,90
2022-02-06,San Bernardino,071,2135413,563727,541103,24245,565348,6334
2022-02-06,San Diego,073,3302833,725769,709938,50120,760058,4786
2022-02-06,San Francisco,075,870044,118025,113115,7817,120932,728
2022-02-06,San Joaquin,077,732212,160903,158510,9492,168002,1997
2022-02-06,San Luis Obispo,079,281455,49957,48843,3436,52279,405
2022-02-06,San Mateo,081,765935,116738,105556,6465,112021,587
2022-02-06,Santa Barbara,083,443738,82637,81118,4460,85578,623
2022-02-06,Santa Clara,085,1922200,296114,291732,11496,303228,2075
2022-02-06,Santa Cruz,087,273765,44502,42952,1992,44944,239
2022-02-06,Shasta,089,179085,29226,28762,5740,34502,468
2022-02-06,Sierra,091,2930,268,265,44,309,0
2022-02-06,Siskiyou,093,43540,4238,4118,2528,6646,68
2022-02-06,Solano,095,438530,77821,73475,5262,78737,419
2022-02-06,Sonoma,097,501317,79840,77887,2356,80243,431
2022-02-06,Stanislaus,099,539301,113763,112521,16665,129186,1406
2022-02-06,Sutter,101,95872,19784,19523,1832,21355,203
2022-02-06,Tehama,103,63373,11578,11366,2501,13867,146
2022-02-06,Trinity,105,12862,1132,1102,266,1368,20
2022-02-06,Tulare,107,460477,102415,98260,25976,124236,1262
2022-02-06,Tuolumne,109,53932,12148,11507,495,12002,92
2022-02-06,Ventura,111,848112,168371,166235,9111,175346,1323
2022-02-06,Yolo,113,214977,35419,33784,2814,36598,281
2022-02-06,Yuba,115,75493,15189,14917,1075,15992,104
2022-02-05,Alameda,001,1643700,244284,235698,12762,248460,1638
2022-02-05,Alpine,003,1148,120,124,1,125,0
2022-02-05,Amador,005,37829,8106,7855,576,8431,71
2022-02-05,Butte,007,227075,31816,30733,6543,37276,355
2022-02-05,Calaveras,009,45235,6985,6789,308,7097,99
2022-02-05,Colusa,011,21464,3339,3234,1015,4249,21
2022-02-05,Contra Costa,013,1133247,183264,175871,12151,188022,1115
2022-02-05,Del Norte,015,27424,5166,4978,146,5124,44
2022-02-05,El Dorado,017,186661,25888,24813,3056,27869,185
2022-02-05,Fresno,019,978130,221143,213539,22572,236111,2477
2022-02-05,Glenn,021,27897,4829,4691,1543,6234,39
2022-02-05,Humboldt,023,135768,15859,15514,2605,18119,127
2022-02-05,Imperial,025,180216,53511,52153,9948,62101,853
2022-02-05,Inyo,027,18085,3992,3948,425,4373,51
2022-02-05,Kern,029,883053,185786,180296,43677,223973,1987
2022-02-05,Kings,031,150075,49166,47538,3322,50860,402
2022-02-05,Lake,033,64148,9912,9289,784,10073,124
2022-02-05,Lassen,035,31185,8500,8288,832,9120,55
2022-02-05,Los Angeles,037,10098052,2641684,2572702,119287,2691989,28947
2022-02-05,Madera,039,155013,35606,34471,5516,39987,329
2022-02-05,Marin,041,260295,31986,31299,2066,33365,255
2022-02-05,Mariposa,043,17540,2278,2222,161,2383,6
2022-02-05,Mendocino,045,87422,12419,12066,2609,14675,107
2022-02-05,Merced,047,269075,60087,58908,7798,66706,744
2022-02-05,Modoc,049,8938,690,664,229,893,6
2022-02-05,Mono,051,14174,2931,2904,115,3019,5
2022-02-05,Monterey,053,433212,75768,67342,12092,79434,666
2022-02-05,Napa,055,140530,24349,22973,867,23840,118
2022-02-05,Nevada,057,99092,15364,15002,1096,16098,113
2022-02-05,Orange,059,3164182,532958,527516,39540,567056,6134
2022-02-05,Placer,061,380077,60700,59043,7036,66079,533
2022-02-05,Plumas,063,18699,2850,2550,302,2852,13
2022-02-05,Riverside,065,2383286,577531,563991,26583,590574,5827
2022-02-05,Sacramento,067,1510023,270472,259437,24670,284107,2610
2022-02-05,San Benito,069,59416,12368,12142,484,12626,90
2022-02-05,San Bernardino,071,2135413,563213,539312,24225,563537,6322
2022-02-05,San Diego,073,3302833,724909,703957,50043,754000,4735
2022-02-05,San Francisco,075,870044,117815,112481,7790,120271,720
2022-02-05,San Joaquin,077,732212,160718,157420,9480,166900,1989
2022-02-05,San Luis Obispo,079,281455,49920,48361,3434,51795,404
2022-02-05,San Mateo,081,765935,116550,104810,6457,111267,587
2022-02-05,Santa Barbara,083,443738,82474,80478,4448,84926,617
2022-02-05,Santa Clara,085,1922200,295460,289262,11480,300742,2067
2022-02-05,Santa Cruz,087,273765,44428,42553,1989,44542,239
2022-02-05,Shasta,089,179085,29183,28604,5730,34334,466
2022-02-05,Sierra,091,2930,268,262,44,306,0
2022-02-05,Siskiyou,093,43540,4231,4106,2515,6621,67
2022-02-05,Solano,095,438530,77746,73112,5253,78365,415
2022-02-05,Sonoma,097,501317,79674,77213,2352,79565,431
2022-02-05,Stanislaus,099,539301,113561,111783,16642,128425,1406
2022-02-05,Sutter,101,95872,19754,19406,1826,21232,203
2022-02-05,Tehama,103,63373,11559,11259,2494,13753,146
2022-02-05,Trinity,105,12862,1130,1085,266,1351,20
2022-02-05,Tulare,107,460477,102246,97414,25895,123309,1254
2022-02-05,Tuolumne,109,53932,12122,11409,492,11901,91
2022-02-05,Ventura,111,848112,168145,165532,9095,174627,1308
2022-02-05,Yolo,113,214977,35334,33614,2799,36413,281
2022-02-05,Yuba,115,75493,15158,14801,1067,15868,105
2022-02-04,Alameda,001,1643700,243796,235698,12751,248449,1638
2022-02-04,Alpine,003,1148,120,124,1,125,0
2022-02-04,Amador,005,37829,8090,7855,572,8427,71
2022-02-04,Butte,007,227075,31757,30733,6531,37264,355
2022-02-04,Calaveras,009,45235,6975,6789,306,7095,99
2022-02-04,Colusa,011,21464,3335,3234,1013,4247,21
2022-02-04,Contra Costa,013,1133247,182937,175871,12123,187994,1115
2022-02-04,Del Norte,015,27424,5145,4978,146,5124,44
2022-02-04,El Dorado,017,186661,25852,24813,3053,27866,185
2022-02-04,Fresno,019,978130,220659,213539,22537,236076,2477
2022-02-04,Glenn,021,27897,4820,4691,1540,6231,39
2022-02-04,Humboldt,023,135768,15832,15514,2602,18116,127
2022-02-04,Imperial,025,180216,53434,52153,9931,62084,853
2022-02-04,Inyo,027,18085,3989,3948,425,4373,51
2022-02-04,Kern,029,883053,185561,180296,43553,223849,1987
2022-02-04,Kings,031,150075,49091,47538,3315,50853,402
2022-02-04,Lake,033,64148,9890,9289,781,10070,124
2022-02-04,Lassen,035,31185,8477,8288,832,9120,55
2022-02-04,Los Angeles,037,10098052,2639047,2572702,119157,2691859,28947
2022-02-04,Madera,039,155013,35523,34471,5508,39979,329
2022-02-04,Marin,041,260295,31922,31299,2057,33356,255
2022-02-04,Mariposa,043,17540,2276,2222,159,2381,6
2022-02-04,Mendocino,045,87422,12388,12066,2607,14673,107
2022-02-04,Merced,047,269075,60007,58908,7788,66696,744
2022-02-04,Modoc,049,8938,690,664,229,893,6
2022-02-04,Mono,051,14174,2929,2904,115,3019,5
2022-02-04,Monterey,053,433212,75578,67342,12049,79391,666
2022-02-04,Napa,055,140530,24302,22973,863,23836,118
2022-02-04,Nevada,057,99092,15330,15002,1092,16094,113
2022-02-04,Orange,059,3164182,532408,527516,39482,566998,6134
2022-02-04,Placer,061,380077,60596,59043,7025,66068,533
2022-02-04,Plumas,063,18699,2843,2550,301,2851,13
2022-02-04,Riverside,065,2383286,576819,563991,26571,590562,5827
2022-02-04,Sacramento,067,1510023,269968,259437,24647,284084,2610
2022-02-04,San Benito,069,59416,12349,12142,482,12624,90
2022-02-04,San Bernardino,071,2135413,562633,539312,24204,563516,6322
2022-02-04,San Diego,073,3302833,723776,703957,49956,753913,4735
2022-02-04,San Francisco,075,870044,117574,112481,7765,120246,720
2022-02-04,San Joaquin,077,732212,160488,157420,9468,166888,1989
2022-02-04,San Luis Obispo,079,281455,49859,48361,3427,51788,404
2022-02-04,San Mateo,081,765935,116319,104810,6443,111253,587
2022-02-04,Santa Barbara,083,443738,82325,80478,4447,84925,617
2022-02-04,Santa Clara,085,1922200,294791,289262,11459,300721,2067
2022-02-04,Santa Cruz,087,273765,44223,42553,1985,44538,239
2022-02-04,Shasta,089,179085,29130,28604,5719,34323,466
2022-02-04,Sierra,091,2930,268,262,44,306,0
2022-02-04,Siskiyou,093,43540,4223,4106,2508,6614,67
2022-02-04,Solano,095,438530,77554,73112,5215,78327,415
2022-02-04,Sonoma,097,501317,79515,77213,2271,79484,431
2022-02-04,Stanislaus,099,539301,113380,111783,16616,128399,1406
2022-02-04,Sutter,101,95872,19730,19406,1819,21225,203
2022-02-04,Tehama,103,63373,11544,11259,2493,13752,146
2022-02-04,Trinity,105,12862,1129,1085,265,1350,20
2022-02-04,Tulare,107,460477,102063,97414,25815,123229,1254
2022-02-04,Tuolumne,109,53932,12110,11409,491,11900,91
2022-02-04,Ventura,111,848112,167876,165532,9087,174619,1308
2022-02-04,Yolo,113,214977,35239,33614,2793,36407,281
2022-02-04,Yuba,115,75493,15140,14801,1067,15868,105
2022-02-03,Alameda,001,1643700,243019,235698,12688,248386,1638
2022-02-03,Alpine,003,1148,120,124,1,125,0
2022-02-03,Amador,005,37829,8070,7855,567,8422,71
2022-02-03,Butte,007,227075,31651,30733,6502,37235,355
2022-02-03,Calaveras,009,45235,6945,6789,303,7092,99
2022-02-03,Colusa,011,21464,3322,3234,1011,4245,21
2022-02-03,Contra Costa,013,1133247,182328,175871,12025,187896,1115
2022-02-03,Del Norte,015,27424,5103,4978,143,5121,44
2022-02-03,El Dorado,017,186661,25782,24813,3047,27860,185
2022-02-03,Fresno,019,978130,219725,213539,22374,235913,2477
2022-02-03,Glenn,021,27897,4803,4691,1523,6214,39
2022-02-03,Humboldt,023,135768,15756,15514,2566,18080,127
2022-02-03,Imperial,025,180216,53290,52153,9880,62033,853
2022-02-03,Inyo,027,18085,3986,3948,421,4369,51
2022-02-03,Kern,029,883053,185098,180296,43339,223635,1987
2022-02-03,Kings,031,150075,48934,47538,3308,50846,402
2022-02-03,Lake,033,64148,9836,9289,775,10064,124
2022-02-03,Lassen,035,31185,8453,8288,831,9119,55
2022-02-03,Los Angeles,037,10098052,2633618,2572702,118894,2691596,28947
2022-02-03,Madera,039,155013,35386,34471,5464,39935,329
2022-02-03,Marin,041,260295,31826,31299,2052,33351,255
2022-02-03,Mariposa,043,17540,2264,2222,156,2378,6
2022-02-03,Mendocino,045,87422,12344,12066,2584,14650,107
2022-02-03,Merced,047,269075,59857,58908,7692,66600,744
2022-02-03,Modoc,049,8938,687,664,229,893,6
2022-02-03,Mono,051,14174,2924,2904,114,3018,5
2022-02-03,Monterey,053,433212,75292,67342,11857,79199,666
2022-02-03,Napa,055,140530,24170,22973,863,23836,118
2022-02-03,Nevada,057,99092,15290,15002,1082,16084,113
2022-02-03,Orange,059,3164182,531484,527516,39390,566906,6134
2022-02-03,Placer,061,380077,60399,59043,7002,66045,533
2022-02-03,Plumas,063,18699,2829,2550,297,2847,13
2022-02-03,Riverside,065,2383286,575618,563991,26500,590491,5827
2022-02-03,Sacramento,067,1510023,269011,259437,24457,283894,2610
2022-02-03,San Benito,069,59416,12322,12142,479,12621,90
2022-02-03,San Bernardino,071,2135413,561616,539312,24165,563477,6322
2022-02-03,San Diego,073,3302833,721805,703957,49784,753741,4735
2022-02-03,San Francisco,075,870044,117241,112481,7735,120216,720
2022-02-03,San Joaquin,077,732212,160006,157420,9438,166858,1989
2022-02-03,San Luis Obispo,079,281455,49660,48361,3412,51773,404
2022-02-03,San Mateo,081,765935,115967,104810,6410,111220,587
2022-02-03,Santa Barbara,083,443738,81967,80478,4418,84896,617
2022-02-03,Santa Clara,085,1922200,293624,289262,11350,300612,2067
2022-02-03,Santa Cruz,087,273765,43883,42553,1978,44531,239
2022-02-03,Shasta,089,179085,29026,28604,5692,34296,466
2022-02-03,Sierra,091,2930,268,262,44,306,0
2022-02-03,Siskiyou,093,43540,4208,4106,2492,6598,67
2022-02-03,Solano,095,438530,77223,73112,5196,78308,415
2022-02-03,Sonoma,097,501317,79219,77213,2264,79477,431
2022-02-03,Stanislaus,099,539301,113002,111783,16529,128312,1406
2022-02-03,Sutter,101,95872,19678,19406,1803,21209,203
2022-02-03,Tehama,103,63373,11514,11259,2485,13744,146
2022-02-03,Trinity,105,12862,1127,1085,264,1349,20
2022-02-03,Tulare,107,460477,101660,97414,25676,123090,1254
2022-02-03,Tuolumne,109,53932,12069,11409,479,11888,91
2022-02-03,Ventura,111,848112,167491,165532,9075,174607,1308
2022-02-03,Yolo,113,214977,35129,33614,2779,36393,281
2022-02-03,Yuba,115,75493,15090,14801,1051,15852,105
2022-02-02,Alameda,001,1643700,242067,234300,12585,246885,1632
2022-02-02,Alpine,003,1148,120,123,1,124,0
2022-02-02,Amador,005,37829,8040,7781,558,8339,71
2022-02-02,Butte,007,227075,31538,30550,6465,37015,355
2022-02-02,Calaveras,009,45235,6919,6753,299,7052,99
2022-02-02,Colusa,011,21464,3307,3211,1010,4221,21
2022-02-02,Contra Costa,013,1133247,181724,174876,11934,186810,1113
2022-02-02,Del Norte,015,27424,5061,4924,139,5063,44
2022-02-02,El Dorado,017,186661,25715,24690,3029,27719,185
2022-02-02,Fresno,019,978130,218710,211976,22243,234219,2463
2022-02-02,Glenn,021,27897,4784,4667,1513,6180,39
2022-02-02,Humboldt,023,135768,15695,15392,2527,17919,127
2022-02-02,Imperial,025,180216,53094,51875,9753,61628,853
2022-02-02,Inyo,027,18085,3980,3944,420,4364,51
2022-02-02,Kern,029,883053,184502,179386,43126,222512,1974
2022-02-02,Kings,031,150075,48743,47061,3283,50344,401
2022-02-02,Lake,033,64148,9778,9235,768,10003,120
2022-02-02,Lassen,035,31185,8440,8258,822,9080,55
2022-02-02,Los Angeles,037,10098052,2627391,2561902,118510,2680412,28850
2022-02-02,Madera,039,155013,35219,34265,5392,39657,329
2022-02-02,Marin,041,260295,31723,31149,2042,33191,255
2022-02-02,Mariposa,043,17540,2253,2215,152,2367,6
2022-02-02,Mendocino,045,87422,12291,11996,2545,14541,105
2022-02-02,Merced,047,269075,59681,58532,7608,66140,744
2022-02-02,Modoc,049,8938,681,662,229,891,6
2022-02-02,Mono,051,14174,2913,2887,114,3001,5
2022-02-02,Monterey,053,433212,74901,66852,11677,78529,666
2022-02-02,Napa,055,140530,24049,22859,850,23709,117
2022-02-02,Nevada,057,99092,15232,14895,1060,15955,112
2022-02-02,Orange,059,3164182,530428,524418,39296,563714,6127
2022-02-02,Placer,061,380077,60207,58654,6973,65627,533
2022-02-02,Plumas,063,18699,2813,2540,294,2834,12
2022-02-02,Riverside,065,2383286,574341,561220,26453,587673,5827
2022-02-02,Sacramento,067,1510023,268005,258078,24251,282329,2602
2022-02-02,San Benito,069,59416,12282,12058,475,12533,90
2022-02-02,San Bernardino,071,2135413,560594,537485,24102,561587,6317
2022-02-02,San Diego,073,3302833,719603,703957,49595,753552,4735
2022-02-02,San Francisco,075,870044,116870,112008,7719,119727,714
2022-02-02,San Joaquin,077,732212,159429,156537,9413,165950,1986
2022-02-02,San Luis Obispo,079,281455,49462,48119,3399,51518,403
2022-02-02,San Mateo,081,765935,115592,104201,6346,110547,587
2022-02-02,Santa Barbara,083,443738,81624,79979,4387,84366,612
2022-02-02,Santa Clara,085,1922200,292481,287443,11237,298680,2051
2022-02-02,Santa Cruz,087,273765,43593,42127,1967,44094,239
2022-02-02,Shasta,089,179085,28924,28429,5647,34076,465
2022-02-02,Sierra,091,2930,268,262,44,306,0
2022-02-02,Siskiyou,093,43540,4198,4078,2463,6541,67
2022-02-02,Solano,095,438530,76865,72711,5169,77880,414
2022-02-02,Sonoma,097,501317,78906,76681,2251,78932,431
2022-02-02,Stanislaus,099,539301,112607,111167,16398,127565,1403
2022-02-02,Sutter,101,95872,19613,19290,1774,21064,203
2022-02-02,Tehama,103,63373,11457,11193,2466,13659,146
2022-02-02,Trinity,105,12862,1124,1074,262,1336,20
2022-02-02,Tulare,107,460477,101272,96820,25524,122344,1249
2022-02-02,Tuolumne,109,53932,11992,11342,476,11818,91
2022-02-02,Ventura,111,848112,167092,164905,9056,173961,1292
2022-02-02,Yolo,113,214977,35003,33332,2756,36088,281
2022-02-02,Yuba,115,75493,15025,14720,1043,15763,104
2022-02-01,Alameda,001,1643700,240987,233782,12480,246262,1620
2022-02-01,Alpine,003,1148,120,123,1,124,0
2022-02-01,Amador,005,37829,7994,7783,552,8335,73
2022-02-01,Butte,007,227075,31392,30496,6422,36918,355
2022-02-01,Calaveras,009,45235,6882,6749,295,7044,98
2022-02-01,Colusa,011,21464,3295,3202,992,4194,21
2022-02-01,Contra Costa,013,1133247,180976,174379,11795,186174,1115
2022-02-01,Del Norte,015,27424,5013,4907,136,5043,44
2022-02-01,El Dorado,017,186661,25656,24664,3012,27676,184
2022-02-01,Fresno,019,978130,217541,211352,22080,233432,2464
2022-02-01,Glenn,021,27897,4768,4649,1503,6152,39
2022-02-01,Humboldt,023,135768,15614,15354,2499,17853,127
2022-02-01,Imperial,025,180216,52881,51675,9688,61363,846
2022-02-01,Inyo,027,18085,3970,3928,417,4345,51
2022-02-01,Kern,029,883053,183855,178987,42881,221868,1967
2022-02-01,Kings,031,150075,48483,46959,3260,50219,400
2022-02-01,Lake,033,64148,9722,9211,761,9972,119
2022-02-01,Lassen,035,31185,8422,8231,818,9049,55
2022-02-01,Los Angeles,037,10098052,2620201,2548794,118139,2666933,28752
2022-02-01,Madera,039,155013,34999,34124,5311,39435,329
2022-02-01,Marin,041,260295,31599,31099,2026,33125,255
2022-02-01,Mariposa,043,17540,2246,2210,151,2361,6
2022-02-01,Mendocino,045,87422,12229,11978,2508,14486,105
2022-02-01,Merced,047,269075,59496,58362,7485,65847,743
2022-02-01,Modoc,049,8938,674,664,229,893,6
2022-02-01,Mono,051,14174,2907,2888,114,3002,5
2022-02-01,Monterey,053,433212,74480,66553,11483,78036,665
2022-02-01,Napa,055,140530,23950,22795,834,23629,116
2022-02-01,Nevada,057,99092,15171,14863,1048,15911,112
2022-02-01,Orange,059,3164182,529279,523741,39153,562894,6108
2022-02-01,Placer,061,380077,59960,58486,6935,65421,532
2022-02-01,Plumas,063,18699,2798,2526,291,2817,12
2022-02-01,Riverside,065,2383286,572956,560010,26405,586415,5825
2022-02-01,Sacramento,067,1510023,266953,257504,23986,281490,2593
2022-02-01,San Benito,069,59416,12216,12053,472,12525,90
2022-02-01,San Bernardino,071,2135413,559300,536591,24037,560628,6311
2022-02-01,San Diego,073,3302833,717082,701009,49367,750376,4710
2022-02-01,San Francisco,075,870044,116403,111606,7700,119306,713
2022-02-01,San Joaquin,077,732212,158899,156300,9390,165690,1987
2022-02-01,San Luis Obispo,079,281455,49234,47842,3337,51179,403
2022-02-01,San Mateo,081,765935,115124,103868,6304,110172,589
2022-02-01,Santa Barbara,083,443738,81179,79659,4350,84009,608
2022-02-01,Santa Clara,085,1922200,290963,286109,11132,297241,2070
2022-02-01,Santa Cruz,087,273765,43294,41782,1951,43733,239
2022-02-01,Shasta,089,179085,28804,28382,5594,33976,465
2022-02-01,Sierra,091,2930,266,262,44,306,0
2022-02-01,Siskiyou,093,43540,4184,4072,2436,6508,66
2022-02-01,Solano,095,438530,76588,72494,5147,77641,415
2022-02-01,Sonoma,097,501317,78546,76379,2228,78607,431
2022-02-01,Stanislaus,099,539301,112197,110925,16294,127219,1403
2022-02-01,Sutter,101,95872,19545,19256,1741,20997,202
2022-02-01,Tehama,103,63373,11400,11165,2453,13618,146
2022-02-01,Trinity,105,12862,1120,1073,262,1335,19
2022-02-01,Tulare,107,460477,100782,96467,25326,121793,1247
2022-02-01,Tuolumne,109,53932,11942,11318,467,11785,91
2022-02-01,Ventura,111,848112,166587,164721,9031,173752,1293
2022-02-01,Yolo,113,214977,34851,33257,2730,35987,275
2022-02-01,Yuba,115,75493,14964,14693,1036,15729,103
2022-01-31,Alameda,001,1643700,239627,232743,12365,245108,1607
2022-01-31,Alpine,003,1148,119,123,1,124,0
2022-01-31,Amador,005,37829,7941,7682,535,8217,73
2022-01-31,Butte,007,227075,31217,30371,6374,36745,354
2022-01-31,Calaveras,009,45235,6846,6700,284,6984,96
2022-01-31,Colusa,011,21464,3284,3187,983,4170,21
2022-01-31,Contra Costa,013,1133247,180157,173466,11671,185137,1115
2022-01-31,Del Norte,015,27424,4979,4879,133,5012,43
2022-01-31,El Dorado,017,186661,25554,24545,2983,27528,184
2022-01-31,Fresno,019,978130,216046,210589,21874,232463,2464
2022-01-31,Glenn,021,27897,4732,4641,1491,6132,39
2022-01-31,Humboldt,023,135768,15524,15308,2466,17774,126
2022-01-31,Imperial,025,180216,52665,51472,9579,61051,846
2022-01-31,Inyo,027,18085,3959,3922,411,4333,50
2022-01-31,Kern,029,883053,183073,178375,42565,220940,1967
2022-01-31,Kings,031,150075,48126,46845,3226,50071,398
2022-01-31,Lake,033,64148,9649,9141,749,9890,119
2022-01-31,Lassen,035,31185,8391,8162,812,8974,55
2022-01-31,Los Angeles,037,10098052,2611964,2541189,117734,2658923,28718
2022-01-31,Madera,039,155013,34785,33886,5215,39101,329
2022-01-31,Marin,041,260295,31474,31023,2009,33032,253
2022-01-31,Mariposa,043,17540,2236,2203,142,2345,6
2022-01-31,Mendocino,045,87422,12163,11896,2467,14363,104
2022-01-31,Merced,047,269075,59216,58198,7296,65494,740
2022-01-31,Modoc,049,8938,671,661,229,890,6
2022-01-31,Mono,051,14174,2893,2889,114,3003,5
2022-01-31,Monterey,053,433212,74029,66117,11270,77387,661
2022-01-31,Napa,055,140530,23782,22707,817,23524,113
2022-01-31,Nevada,057,99092,15094,14813,1035,15848,112
2022-01-31,Orange,059,3164182,527954,522358,39017,561375,6098
2022-01-31,Placer,061,380077,59713,58252,6904,65156,523
2022-01-31,Plumas,063,18699,2785,2513,289,2802,12
2022-01-31,Riverside,065,2383286,571140,558166,26341,584507,5785
2022-01-31,Sacramento,067,1510023,265661,256594,23734,280328,2571
2022-01-31,San Benito,069,59416,12157,11976,471,12447,90
2022-01-31,San Bernardino,071,2135413,557653,535276,23955,559231,6302
2022-01-31,San Diego,073,3302833,714176,698571,49095,747666,4686
2022-01-31,San Francisco,075,870044,115997,111119,7666,118785,712
2022-01-31,San Joaquin,077,732212,158142,155736,9359,165095,1985
2022-01-31,San Luis Obispo,079,281455,48980,47656,3280,50936,395
2022-01-31,San Mateo,081,765935,114614,103313,6246,109559,589
2022-01-31,Santa Barbara,083,443738,80673,79267,4308,83575,606
2022-01-31,Santa Clara,085,1922200,289289,284562,11025,295587,2041
2022-01-31,Santa Cruz,087,273765,42915,41630,1944,43574,239
2022-01-31,Shasta,089,179085,28673,28190,5553,33743,462
2022-01-31,Sierra,091,2930,266,261,44,305,0
2022-01-31,Siskiyou,093,43540,4168,4054,2420,6474,66
2022-01-31,Solano,095,438530,75882,72258,5100,77358,414
2022-01-31,Sonoma,097,501317,78092,76199,2198,78397,431
2022-01-31,Stanislaus,099,539301,111670,110493,16113,126606,1403
2022-01-31,Sutter,101,95872,19465,19189,1691,20880,202
2022-01-31,Tehama,103,63373,11337,11112,2425,13537,145
2022-01-31,Trinity,105,12862,1115,1071,259,1330,19
2022-01-31,Tulare,107,460477,100147,96053,25093,121146,1245
2022-01-31,Tuolumne,109,53932,11853,11278,460,11738,91
2022-01-31,Ventura,111,848112,166051,164060,9006,173066,1286
2022-01-31,Yolo,113,214977,34690,33175,2703,35878,274
2022-01-31,Yuba,115,75493,14901,14652,1016,15668,103
2022-01-30,Alameda,001,1643700,238075,231838,12213,244051,1607
2022-01-30,Alpine,003,1148,119,123,1,124,0
2022-01-30,Amador,005,37829,7891,7644,512,8156,73
2022-01-30,Butte,007,227075,31009,30255,6295,36550,354
2022-01-30,Calaveras,009,45235,6790,6676,273,6949,96
2022-01-30,Colusa,011,21464,3263,3168,974,4142,21
2022-01-30,Contra Costa,013,1133247,179189,172902,11472,184374,1102
2022-01-30,Del Norte,015,27424,4938,4833,130,4963,43
2022-01-30,El Dorado,017,186661,25433,24491,2956,27447,184
2022-01-30,Fresno,019,978130,214485,209645,21612,231257,2463
2022-01-30,Glenn,021,27897,4699,4619,1482,6101,39
2022-01-30,Humboldt,023,135768,15413,15247,2410,17657,126
2022-01-30,Imperial,025,180216,52340,51415,9410,60825,846
2022-01-30,Inyo,027,18085,3942,3921,408,4329,50
2022-01-30,Kern,029,883053,182209,177924,42244,220168,1967
2022-01-30,Kings,031,150075,47774,46654,3169,49823,398
2022-01-30,Lake,033,64148,9560,9080,728,9808,119
2022-01-30,Lassen,035,31185,8367,8158,804,8962,55
2022-01-30,Los Angeles,037,10098052,2601885,2530739,117262,2648001,28678
2022-01-30,Madera,039,155013,34487,33752,5031,38783,329
2022-01-30,Marin,041,260295,31326,30875,1995,32870,253
2022-01-30,Mariposa,043,17540,2224,2177,137,2314,6
2022-01-30,Mendocino,045,87422,12090,11860,2361,14221,104
2022-01-30,Merced,047,269075,58851,58006,7005,65011,740
2022-01-30,Modoc,049,8938,668,661,229,890,6
2022-01-30,Mono,051,14174,2887,2888,114,3002,5
2022-01-30,Monterey,053,433212,73440,65996,10991,76987,661
2022-01-30,Napa,055,140530,23614,22588,800,23388,114
2022-01-30,Nevada,057,99092,15006,14741,1019,15760,112
2022-01-30,Orange,059,3164182,526318,521334,38867,560201,6098
2022-01-30,Placer,061,380077,59383,58030,6864,64894,523
2022-01-30,Plumas,063,18699,2760,2510,275,2785,12
2022-01-30,Riverside,065,2383286,569075,557088,26241,583329,5767
2022-01-30,Sacramento,067,1510023,264203,255715,23240,278955,2572
2022-01-30,San Benito,069,59416,12091,11945,466,12411,90
2022-01-30,San Bernardino,071,2135413,555884,534050,23844,557894,6302
2022-01-30,San Diego,073,3302833,710637,687145,48659,735804,4665
2022-01-30,San Francisco,075,870044,115450,110772,7632,118404,712
2022-01-30,San Joaquin,077,732212,157156,155165,9321,164486,1985
2022-01-30,San Luis Obispo,079,281455,48583,47599,3244,50843,394
2022-01-30,San Mateo,081,765935,114040,102979,6201,109180,589
2022-01-30,Santa Barbara,083,443738,79996,79072,4247,83319,606
2022-01-30,Santa Clara,085,1922200,287325,282846,10894,293740,2035
2022-01-30,Santa Cruz,087,273765,42456,41330,1936,43266,239
2022-01-30,Shasta,089,179085,28513,28105,5469,33574,462
2022-01-30,Sierra,091,2930,266,261,44,305,0
2022-01-30,Siskiyou,093,43540,4138,4039,2373,6412,66
2022-01-30,Solano,095,438530,75357,71857,5049,76906,414
2022-01-30,Sonoma,097,501317,77574,75890,2169,78059,431
2022-01-30,Stanislaus,099,539301,111017,110111,15910,126021,1403
2022-01-30,Sutter,101,95872,19373,19108,1594,20702,202
2022-01-30,Tehama,103,63373,11265,11071,2395,13466,145
2022-01-30,Trinity,105,12862,1109,1068,259,1327,19
2022-01-30,Tulare,107,460477,99404,95676,24835,120511,1245
2022-01-30,Tuolumne,109,53932,11745,11242,423,11665,91
2022-01-30,Ventura,111,848112,165472,163521,8976,172497,1286
2022-01-30,Yolo,113,214977,34471,33043,2670,35713,274
2022-01-30,Yuba,115,75493,14811,14584,996,15580,103
2022-01-29,Alameda,001,1643700,237405,225602,12196,237798,1605
2022-01-29,Alpine,003,1148,119,123,1,124,0
2022-01-29,Amador,005,37829,7869,7505,509,8014,73
2022-01-29,Butte,007,227075,30919,29557,6264,35821,353
2022-01-29,Calaveras,009,45235,6771,6484,273,6757,96
2022-01-29,Colusa,011,21464,3258,3107,970,4077,21
2022-01-29,Contra Costa,013,1133247,178654,168003,11442,179445,1101
2022-01-29,Del Norte,015,27424,4920,4589,128,4717,43
2022-01-29,El Dorado,017,186661,25390,24008,2949,26957,184
2022-01-29,Fresno,019,978130,214028,202691,21573,224264,2457
2022-01-29,Glenn,021,27897,4691,4516,1475,5991,39
2022-01-29,Humboldt,023,135768,15366,14812,2403,17215,126
2022-01-29,Imperial,025,180216,52224,50153,9354,59507,845
2022-01-29,Inyo,027,18085,3940,3895,400,4295,50
2022-01-29,Kern,029,883053,181869,174456,42082,216538,1962
2022-01-29,Kings,031,150075,47655,45047,3162,48209,397
2022-01-29,Lake,033,64148,9527,8747,724,9471,119
2022-01-29,Lassen,035,31185,8346,7961,801,8762,55
2022-01-29,Los Angeles,037,10098052,2597981,2473332,116996,2590328,28467
2022-01-29,Madera,039,155013,34378,32753,5003,37756,329
2022-01-29,Marin,041,260295,31261,30137,1993,32130,253
2022-01-29,Mariposa,043,17540,2222,2117,135,2252,6
2022-01-29,Mendocino,045,87422,12066,11591,2345,13936,104
2022-01-29,Merced,047,269075,58744,56472,7000,63472,735
2022-01-29,Modoc,049,8938,668,654,229,883,6
2022-01-29,Mono,051,14174,2885,2860,114,2974,5
2022-01-29,Monterey,053,433212,73285,64090,10929,75019,658
2022-01-29,Napa,055,140530,23558,22121,798,22919,113
2022-01-29,Nevada,057,99092,14972,14337,1016,15353,112
2022-01-29,Orange,059,3164182,525615,511255,38761,550016,6038
2022-01-29,Placer,061,380077,59191,56562,6848,63410,523
2022-01-29,Plumas,063,18699,2750,2463,271,2734,12
2022-01-29,Riverside,065,2383286,568053,548121,26199,574320,5726
2022-01-29,Sacramento,067,1510023,263559,249130,23194,272324,2558
2022-01-29,San Benito,069,59416,12033,11670,465,12135,90
2022-01-29,San Bernardino,071,2135413,555133,525249,23800,549049,6297
2022-01-29,San Diego,073,3302833,709302,683027,48559,731586,4643
2022-01-29,San Francisco,075,870044,115176,108265,7584,115849,712
2022-01-29,San Joaquin,077,732212,156911,150849,9299,160148,1971
2022-01-29,San Luis Obispo,079,281455,48493,46374,3241,49615,391
2022-01-29,San Mateo,081,765935,113704,100306,6178,106484,586
2022-01-29,Santa Barbara,083,443738,79774,76546,4241,80787,604
2022-01-29,Santa Clara,085,1922200,286390,273879,10866,284745,2019
2022-01-29,Santa Cruz,087,273765,42325,39228,1934,41162,240
2022-01-29,Shasta,089,179085,28453,27504,5456,32960,452
2022-01-29,Sierra,091,2930,266,260,43,303,0
2022-01-29,Siskiyou,093,43540,4128,3987,2366,6353,66
2022-01-29,Solano,095,438530,75212,69862,5036,74898,407
2022-01-29,Sonoma,097,501317,77360,73439,2164,75603,427
2022-01-29,Stanislaus,099,539301,110767,107668,15859,123527,1403
2022-01-29,Sutter,101,95872,19325,18797,1578,20375,202
2022-01-29,Tehama,103,63373,11230,10880,2386,13266,145
2022-01-29,Trinity,105,12862,1106,1033,258,1291,19
2022-01-29,Tulare,107,460477,99149,93154,24763,117917,1237
2022-01-29,Tuolumne,109,53932,11719,10806,415,11221,91
2022-01-29,Ventura,111,848112,165142,160466,8957,169423,1271
2022-01-29,Yolo,113,214977,34356,32123,2654,34777,275
2022-01-29,Yuba,115,75493,14771,14295,994,15289,103
2022-01-28,Alameda,001,1643700,236459,225602,12179,237781,1605
2022-01-28,Alpine,003,1148,119,123,1,124,0
2022-01-28,Amador,005,37829,7843,7505,508,8013,73
2022-01-28,Butte,007,227075,30843,29557,6242,35799,353
2022-01-28,Calaveras,009,45235,6753,6484,272,6756,96
2022-01-28,Colusa,011,21464,3253,3107,969,4076,21
2022-01-28,Contra Costa,013,1133247,178118,168003,11405,179408,1101
2022-01-28,Del Norte,015,27424,4896,4589,127,4716,43
2022-01-28,El Dorado,017,186661,25343,24008,2943,26951,184
2022-01-28,Fresno,019,978130,213159,202691,21517,224208,2457
2022-01-28,Glenn,021,27897,4678,4516,1473,5989,39
2022-01-28,Humboldt,023,135768,15330,14812,2393,17205,126
2022-01-28,Imperial,025,180216,52095,50153,9324,59477,845
2022-01-28,Inyo,027,18085,3936,3895,397,4292,50
2022-01-28,Kern,029,883053,181458,174456,41925,216381,1962
2022-01-28,Kings,031,150075,47525,45047,3152,48199,397
2022-01-28,Lake,033,64148,9495,8747,722,9469,119
2022-01-28,Lassen,035,31185,8276,7961,799,8760,55
2022-01-28,Los Angeles,037,10098052,2592259,2473332,116781,2590113,28467
2022-01-28,Madera,039,155013,34250,32753,4987,37740,329
2022-01-28,Marin,041,260295,31168,30137,1973,32110,253
2022-01-28,Mariposa,043,17540,2212,2117,133,2250,6
2022-01-28,Mendocino,045,87422,12023,11591,2343,13934,104
2022-01-28,Merced,047,269075,58648,56472,6985,63457,735
2022-01-28,Modoc,049,8938,667,654,229,883,6
2022-01-28,Mono,051,14174,2880,2860,113,2973,5
2022-01-28,Monterey,053,433212,73083,64090,10880,74970,658
2022-01-28,Napa,055,140530,23479,22121,796,22917,113
2022-01-28,Nevada,057,99092,14935,14337,1014,15351,112
2022-01-28,Orange,059,3164182,524546,511255,38672,549927,6038
2022-01-28,Placer,061,380077,58991,56562,6824,63386,523
2022-01-28,Plumas,063,18699,2742,2463,269,2732,12
2022-01-28,Riverside,065,2383286,566731,548121,26158,574279,5726
2022-01-28,Sacramento,067,1510023,262777,249130,23140,272270,2558
2022-01-28,San Benito,069,59416,12011,11670,460,12130,90
2022-01-28,San Bernardino,071,2135413,554090,525249,23763,549012,6297
2022-01-28,San Diego,073,3302833,707478,683027,48480,731507,4643
2022-01-28,San Francisco,075,870044,114821,108265,7535,115800,712
2022-01-28,San Joaquin,077,732212,156621,150849,9285,160134,1971
2022-01-28,San Luis Obispo,079,281455,48409,46374,3234,49608,391
2022-01-28,San Mateo,081,765935,113352,100306,6157,106463,586
2022-01-28,Santa Barbara,083,443738,79525,76546,4239,80785,604
2022-01-28,Santa Clara,085,1922200,285208,273879,10817,284696,2019
2022-01-28,Santa Cruz,087,273765,42132,39228,1923,41151,240
2022-01-28,Shasta,089,179085,28393,27504,5442,32946,452
2022-01-28,Sierra,091,2930,266,260,43,303,0
2022-01-28,Siskiyou,093,43540,4118,3987,2362,6349,66
2022-01-28,Solano,095,438530,74660,69862,4970,74832,407
2022-01-28,Sonoma,097,501317,77154,73439,2157,75596,427
2022-01-28,Stanislaus,099,539301,110494,107668,15812,123480,1403
2022-01-28,Sutter,101,95872,19280,18797,1576,20373,202
2022-01-28,Tehama,103,63373,11198,10880,2379,13259,145
2022-01-28,Trinity,105,12862,1097,1033,258,1291,19
2022-01-28,Tulare,107,460477,98875,93154,24657,117811,1237
2022-01-28,Tuolumne,109,53932,11686,10806,411,11217,91
2022-01-28,Ventura,111,848112,164688,160466,8938,169404,1271
2022-01-28,Yolo,113,214977,34251,32123,2648,34771,275
2022-01-28,Yuba,115,75493,14732,14295,990,15285,103
2022-01-27,Alameda,001,1643700,234872,225602,12046,237648,1605
2022-01-27,Alpine,003,1148,119,123,1,124,0
2022-01-27,Amador,005,37829,7796,7505,497,8002,73
2022-01-27,Butte,007,227075,30688,29557,6189,35746,353
2022-01-27,Calaveras,009,45235,6727,6484,256,6740,96
2022-01-27,Colusa,011,21464,3238,3107,965,4072,21
2022-01-27,Contra Costa,013,1133247,177088,168003,11235,179238,1101
2022-01-27,Del Norte,015,27424,4852,4589,123,4712,43
2022-01-27,El Dorado,017,186661,25232,24008,2923,26931,184
2022-01-27,Fresno,019,978130,211527,202691,21297,223988,2457
2022-01-27,Glenn,021,27897,4646,4516,1465,5981,39
2022-01-27,Humboldt,023,135768,15241,14812,2356,17168,126
2022-01-27,Imperial,025,180216,51826,50153,9212,59365,845
2022-01-27,Inyo,027,18085,3929,3895,388,4283,50
2022-01-27,Kern,029,883053,180678,174456,41565,216021,1962
2022-01-27,Kings,031,150075,47185,45047,3114,48161,397
2022-01-27,Lake,033,64148,9441,8747,705,9452,119
2022-01-27,Lassen,035,31185,8235,7961,793,8754,55
2022-01-27,Los Angeles,037,10098052,2581109,2473332,116274,2589606,28467
2022-01-27,Madera,039,155013,34041,32753,4885,37638,329
2022-01-27,Marin,041,260295,31005,30137,1958,32095,253
2022-01-27,Mariposa,043,17540,2189,2117,130,2247,6
2022-01-27,Mendocino,045,87422,11972,11591,2294,13885,104
2022-01-27,Merced,047,269075,58386,56472,6822,63294,735
2022-01-27,Modoc,049,8938,665,654,228,882,6
2022-01-27,Mono,051,14174,2875,2860,113,2973,5
2022-01-27,Monterey,053,433212,72461,64090,10635,74725,658
2022-01-27,Napa,055,140530,23322,22121,769,22890,113
2022-01-27,Nevada,057,99092,14862,14337,987,15324,112
2022-01-27,Orange,059,3164182,522820,511255,38535,549790,6038
2022-01-27,Placer,061,380077,58674,56562,6772,63334,523
2022-01-27,Plumas,063,18699,2731,2463,257,2720,12
2022-01-27,Riverside,065,2383286,564556,548121,26089,574210,5726
2022-01-27,Sacramento,067,1510023,261496,249130,22814,271944,2558
2022-01-27,San Benito,069,59416,11956,11670,455,12125,90
2022-01-27,San Bernardino,071,2135413,552149,525249,23662,548911,6297
2022-01-27,San Diego,073,3302833,704133,683027,48121,731148,4643
2022-01-27,San Francisco,075,870044,114314,108265,7476,115741,712
2022-01-27,San Joaquin,077,732212,155763,150849,9221,160070,1971
2022-01-27,San Luis Obispo,079,281455,48138,46374,3199,49573,391
2022-01-27,San Mateo,081,765935,112767,100306,6088,106394,586
2022-01-27,Santa Barbara,083,443738,79046,76546,4184,80730,604
2022-01-27,Santa Clara,085,1922200,283149,273879,10670,284549,2019
2022-01-27,Santa Cruz,087,273765,41468,39228,1905,41133,240
2022-01-27,Shasta,089,179085,28267,27504,5393,32897,452
2022-01-27,Sierra,091,2930,265,260,42,302,0
2022-01-27,Siskiyou,093,43540,4097,3987,2325,6312,66
2022-01-27,Solano,095,438530,74021,69862,4913,74775,407
2022-01-27,Sonoma,097,501317,76687,73439,2143,75582,427
2022-01-27,Stanislaus,099,539301,109966,107668,15657,123325,1403
2022-01-27,Sutter,101,95872,19175,18797,1551,20348,202
2022-01-27,Tehama,103,63373,11146,10880,2363,13243,145
2022-01-27,Trinity,105,12862,1093,1033,257,1290,19
2022-01-27,Tulare,107,460477,98209,93154,24395,117549,1237
2022-01-27,Tuolumne,109,53932,11633,10806,402,11208,91
2022-01-27,Ventura,111,848112,164037,160466,8902,169368,1271
2022-01-27,Yolo,113,214977,34105,32123,2633,34756,275
2022-01-27,Yuba,115,75493,14654,14295,974,15269,103
2022-01-26,Alameda,001,1643700,232978,222680,11877,234557,1596
2022-01-26,Alpine,003,1148,119,123,1,124,0
2022-01-26,Amador,005,37829,7722,7427,482,7909,73
2022-01-26,Butte,007,227075,30492,29229,6125,35354,353
2022-01-26,Calaveras,009,45235,6689,6387,250,6637,96
2022-01-26,Colusa,011,21464,3219,3094,960,4054,21
2022-01-26,Contra Costa,013,1133247,175923,165972,11068,177040,1095
2022-01-26,Del Norte,015,27424,4794,4542,122,4664,43
2022-01-26,El Dorado,017,186661,25113,23819,2900,26719,181
2022-01-26,Fresno,019,978130,209666,199689,21078,220767,2452
2022-01-26,Glenn,021,27897,4613,4472,1460,5932,39
2022-01-26,Humboldt,023,135768,15143,14715,2313,17028,126
2022-01-26,Imperial,025,180216,51469,49477,9072,58549,839
2022-01-26,Inyo,027,18085,3926,3889,358,4247,50
2022-01-26,Kern,029,883053,179738,173052,41226,214278,1953
2022-01-26,Kings,031,150075,46780,44367,3085,47452,396
2022-01-26,Lake,033,64148,9359,8645,695,9340,119
2022-01-26,Lassen,035,31185,8195,7888,793,8681,55
2022-01-26,Los Angeles,037,10098052,2568910,2450620,115828,2566448,28382
2022-01-26,Madera,039,155013,33803,32323,4748,37071,329
2022-01-26,Marin,041,260295,30823,29813,1941,31754,253
2022-01-26,Mariposa,043,17540,2172,2108,123,2231,6
2022-01-26,Mendocino,045,87422,11924,11453,2243,13696,103
2022-01-26,Merced,047,269075,58018,56060,6645,62705,733
2022-01-26,Modoc,049,8938,664,652,227,879,6
2022-01-26,Mono,051,14174,2872,2852,113,2965,4
2022-01-26,Monterey,053,433212,71904,63264,10346,73610,659
2022-01-26,Napa,055,140530,23166,21864,759,22623,112
2022-01-26,Nevada,057,99092,14769,14128,975,15103,112
2022-01-26,Orange,059,3164182,520831,506419,38371,544790,6007
2022-01-26,Placer,061,380077,58337,55892,6711,62603,524
2022-01-26,Plumas,063,18699,2704,2425,255,2680,12
2022-01-26,Riverside,065,2383286,562030,543788,25973,569761,5701
2022-01-26,Sacramento,067,1510023,259804,246416,22487,268903,2559
2022-01-26,San Benito,069,59416,11885,11563,443,12006,90
2022-01-26,San Bernardino,071,2135413,549872,521699,23555,545254,6291
2022-01-26,San Diego,073,3302833,699911,676392,47763,724155,4622
2022-01-26,San Francisco,075,870044,113673,107174,7443,114617,704
2022-01-26,San Joaquin,077,732212,154775,148770,9168,157938,1971
2022-01-26,San Luis Obispo,079,281455,47834,45716,3172,48888,391
2022-01-26,San Mateo,081,765935,112101,99016,5963,104979,586
2022-01-26,Santa Barbara,083,443738,78517,75548,4124,79672,600
2022-01-26,Santa Clara,085,1922200,281062,270470,10500,280970,2015
2022-01-26,Santa Cruz,087,273765,40949,38298,1891,40189,239
2022-01-26,Shasta,089,179085,28119,27255,5348,32603,452
2022-01-26,Sierra,091,2930,264,260,41,301,0
2022-01-26,Siskiyou,093,43540,4081,3971,2300,6271,66
2022-01-26,Solano,095,438530,73325,69150,4846,73996,401
2022-01-26,Sonoma,097,501317,76127,72509,2108,74617,423
2022-01-26,Stanislaus,099,539301,109409,106582,15440,122022,1396
2022-01-26,Sutter,101,95872,19065,18670,1507,20177,202
2022-01-26,Tehama,103,63373,11092,10749,2349,13098,145
2022-01-26,Trinity,105,12862,1088,1008,257,1265,19
2022-01-26,Tulare,107,460477,97400,91904,24156,116060,1234
2022-01-26,Tuolumne,109,53932,11449,10699,391,11090,91
2022-01-26,Ventura,111,848112,163327,159077,8860,167937,1263
2022-01-26,Yolo,113,214977,33887,31913,2595,34508,275
2022-01-26,Yuba,115,75493,14569,14171,952,15123,103
2022-01-25,Alameda,001,1643700,231078,219753,11702,231455,1589
2022-01-25,Alpine,003,1148,119,122,1,123,0
2022-01-25,Amador,005,37829,7645,7352,471,7823,73
2022-01-25,Butte,007,227075,30278,28887,6048,34935,351
2022-01-25,Calaveras,009,45235,6631,6266,237,6503,95
2022-01-25,Colusa,011,21464,3198,3074,958,4032,21
2022-01-25,Contra Costa,013,1133247,174560,163792,10852,174644,1092
2022-01-25,Del Norte,015,27424,4724,4514,117,4631,43
2022-01-25,El Dorado,017,186661,24977,23339,2874,26213,179
2022-01-25,Fresno,019,978130,207503,198262,20787,219049,2434
2022-01-25,Glenn,021,27897,4583,4418,1444,5862,39
2022-01-25,Humboldt,023,135768,15051,14574,2287,16861,126
2022-01-25,Imperial,025,180216,51013,48913,8851,57764,832
2022-01-25,Inyo,027,18085,3910,3857,316,4173,50
2022-01-25,Kern,029,883053,178733,171695,40778,212473,1947
2022-01-25,Kings,031,150075,46311,43853,3040,46893,396
2022-01-25,Lake,033,64148,9280,8543,683,9226,118
2022-01-25,Lassen,035,31185,8164,7834,784,8618,55
2022-01-25,Los Angeles,037,10098052,2553967,2433516,115195,2548711,28293
2022-01-25,Madera,039,155013,33482,31794,4615,36409,329
2022-01-25,Marin,041,260295,30645,29589,1928,31517,253
2022-01-25,Mariposa,043,17540,2160,2069,117,2186,6
2022-01-25,Mendocino,045,87422,11804,11280,2140,13420,103
2022-01-25,Merced,047,269075,57636,55555,6507,62062,733
2022-01-25,Modoc,049,8938,662,652,227,879,6
2022-01-25,Mono,051,14174,2862,2826,112,2938,4
2022-01-25,Monterey,053,433212,71330,62498,9945,72443,654
2022-01-25,Napa,055,140530,22971,21668,725,22393,111
2022-01-25,Nevada,057,99092,14656,13944,953,14897,112
2022-01-25,Orange,059,3164182,518551,504274,38176,542450,5980
2022-01-25,Placer,061,380077,57935,55465,6638,62103,518
2022-01-25,Plumas,063,18699,2680,2397,251,2648,12
2022-01-25,Riverside,065,2383286,558941,540723,25809,566532,5686
2022-01-25,Sacramento,067,1510023,257862,244468,21960,266428,2545
2022-01-25,San Benito,069,59416,11786,11446,439,11885,88
2022-01-25,San Bernardino,071,2135413,547285,519150,23441,542591,6288
2022-01-25,San Diego,073,3302833,694917,670110,47311,717421,4604
2022-01-25,San Francisco,075,870044,112913,106254,7401,113655,703
2022-01-25,San Joaquin,077,732212,153783,147271,9105,156376,1972
2022-01-25,San Luis Obispo,079,281455,47473,45130,3124,48254,391
2022-01-25,San Mateo,081,765935,111268,98010,5852,103862,586
2022-01-25,Santa Barbara,083,443738,77849,74686,4045,78731,594
2022-01-25,Santa Clara,085,1922200,278448,268031,10298,278329,2006
2022-01-25,Santa Cruz,087,273765,40278,37850,1876,39726,237
2022-01-25,Shasta,089,179085,27957,27090,5282,32372,452
2022-01-25,Sierra,091,2930,264,260,37,297,0
2022-01-25,Siskiyou,093,43540,4057,3958,2265,6223,65
2022-01-25,Solano,095,438530,72756,68657,4787,73444,399
2022-01-25,Sonoma,097,501317,75437,71633,2068,73701,423
2022-01-25,Stanislaus,099,539301,108737,105965,15214,121179,1396
2022-01-25,Sutter,101,95872,18962,18508,1467,19975,200
2022-01-25,Tehama,103,63373,11029,10669,2325,12994,145
2022-01-25,Trinity,105,12862,1081,999,255,1254,19
2022-01-25,Tulare,107,460477,96533,91237,23837,115074,1229
2022-01-25,Tuolumne,109,53932,11268,10516,367,10883,91
2022-01-25,Ventura,111,848112,162473,157971,8811,166782,1263
2022-01-25,Yolo,113,214977,33627,31677,2551,34228,274
2022-01-25,Yuba,115,75493,14484,14038,925,14963,103
2022-01-24,Alameda,001,1643700,228607,216252,11432,227684,1581
2022-01-24,Alpine,003,1148,119,120,1,121,0
2022-01-24,Amador,005,37829,7594,7166,434,7600,73
2022-01-24,Butte,007,227075,30044,28607,5983,34590,350
2022-01-24,Calaveras,009,45235,6583,6172,223,6395,95
2022-01-24,Colusa,011,21464,3178,3052,942,3994,21
2022-01-24,Contra Costa,013,1133247,173036,162161,10638,172799,1092
2022-01-24,Del Norte,015,27424,4664,4460,117,4577,43
2022-01-24,El Dorado,017,186661,24810,23128,2845,25973,179
2022-01-24,Fresno,019,978130,205184,196092,20461,216553,2430
2022-01-24,Glenn,021,27897,4543,4367,1435,5802,39
2022-01-24,Humboldt,023,135768,14940,14416,2242,16658,126
2022-01-24,Imperial,025,180216,50473,48228,8571,56799,824
2022-01-24,Inyo,027,18085,3904,3805,292,4097,50
2022-01-24,Kern,029,883053,177426,169892,40309,210201,1946
2022-01-24,Kings,031,150075,45739,43260,2969,46229,396
2022-01-24,Lake,033,64148,9171,8423,668,9091,118
2022-01-24,Lassen,035,31185,8080,7732,765,8497,55
2022-01-24,Los Angeles,037,10098052,2537446,2391045,114420,2505465,28230
2022-01-24,Madera,039,155013,33046,31339,4431,35770,329
2022-01-24,Marin,041,260295,30413,29301,1892,31193,253
2022-01-24,Mariposa,043,17540,2135,2033,113,2146,6
2022-01-24,Mendocino,045,87422,11700,11002,2061,13063,103
2022-01-24,Merced,047,269075,57143,54970,6226,61196,730
2022-01-24,Modoc,049,8938,659,648,226,874,6
2022-01-24,Mono,051,14174,2852,2802,111,2913,4
2022-01-24,Monterey,053,433212,70470,61975,9590,71565,654
2022-01-24,Napa,055,140530,22791,21494,713,22207,111
2022-01-24,Nevada,057,99092,14529,13774,930,14704,112
2022-01-24,Orange,059,3164182,515974,501634,37912,539546,5969
2022-01-24,Placer,061,380077,57454,54933,6589,61522,518
2022-01-24,Plumas,063,18699,2648,2370,237,2607,12
2022-01-24,Riverside,065,2383286,555214,535962,25601,561563,5661
2022-01-24,Sacramento,067,1510023,255502,241522,21405,262927,2526
2022-01-24,San Benito,069,59416,11689,11331,426,11757,88
2022-01-24,San Bernardino,071,2135413,544295,515604,23278,538882,6285
2022-01-24,San Diego,073,3302833,689259,663580,46760,710340,4586
2022-01-24,San Francisco,075,870044,111954,105418,7306,112724,703
2022-01-24,San Joaquin,077,732212,152472,145984,9029,155013,1959
2022-01-24,San Luis Obispo,079,281455,47002,44616,3070,47686,387
2022-01-24,San Mateo,081,765935,110305,96968,5738,102706,586
2022-01-24,Santa Barbara,083,443738,77038,73866,3952,77818,591
2022-01-24,Santa Clara,085,1922200,275577,265341,10087,275428,2006
2022-01-24,Santa Cruz,087,273765,39478,37188,1858,39046,237
2022-01-24,Shasta,089,179085,27774,26871,5194,32065,452
2022-01-24,Sierra,091,2930,264,258,37,295,0
2022-01-24,Siskiyou,093,43540,4048,3934,2226,6160,64
2022-01-24,Solano,095,438530,72074,68094,4710,72804,400
2022-01-24,Sonoma,097,501317,74522,70733,2031,72764,423
2022-01-24,Stanislaus,099,539301,107980,104933,14927,119860,1395
2022-01-24,Sutter,101,95872,18847,18336,1381,19717,200
2022-01-24,Tehama,103,63373,10959,10567,2305,12872,145
2022-01-24,Trinity,105,12862,1072,978,253,1231,19
2022-01-24,Tulare,107,460477,95462,90089,23478,113567,1219
2022-01-24,Tuolumne,109,53932,11147,10374,359,10733,91
2022-01-24,Ventura,111,848112,161450,156551,8766,165317,1261
2022-01-24,Yolo,113,214977,33334,31480,2522,34002,273
2022-01-24,Yuba,115,75493,14378,13862,886,14748,103
2022-01-23,Alameda,001,1643700,225905,214003,11109,225112,1583
2022-01-23,Alpine,003,1148,119,120,1,121,0
2022-01-23,Amador,005,37829,7538,7090,394,7484,73
2022-01-23,Butte,007,227075,29743,28340,5857,34197,350
2022-01-23,Calaveras,009,45235,6518,6095,202,6297,95
2022-01-23,Colusa,011,21464,3153,3040,935,3975,21
2022-01-23,Contra Costa,013,1133247,171153,160798,10283,171081,1092
2022-01-23,Del Norte,015,27424,4596,4419,111,4530,43
2022-01-23,El Dorado,017,186661,24620,22925,2798,25723,179
2022-01-23,Fresno,019,978130,202699,193642,19979,213621,2430
2022-01-23,Glenn,021,27897,4496,4340,1413,5753,39
2022-01-23,Humboldt,023,135768,14818,14296,2160,16456,126
2022-01-23,Imperial,025,180216,49875,47935,8289,56224,824
2022-01-23,Inyo,027,18085,3877,3781,278,4059,50
2022-01-23,Kern,029,883053,176063,168585,39784,208369,1946
2022-01-23,Kings,031,150075,45104,42622,2867,45489,397
2022-01-23,Lake,033,64148,9001,8363,642,9005,118
2022-01-23,Lassen,035,31185,8031,7710,741,8451,55
2022-01-23,Los Angeles,037,10098052,2517136,2390590,113278,2503868,28231
2022-01-23,Madera,039,155013,32688,30962,4195,35157,329
2022-01-23,Marin,041,260295,30160,29025,1854,30879,253
2022-01-23,Mariposa,043,17540,2120,2011,110,2121,6
2022-01-23,Mendocino,045,87422,11575,10889,1933,12822,103
2022-01-23,Merced,047,269075,56588,54644,5779,60423,730
2022-01-23,Modoc,049,8938,657,645,223,868,6
2022-01-23,Mono,051,14174,2844,2788,109,2897,4
2022-01-23,Monterey,053,433212,69633,61522,9157,70679,654
2022-01-23,Napa,055,140530,22529,21281,700,21981,111
2022-01-23,Nevada,057,99092,14368,13629,901,14530,112
2022-01-23,Orange,059,3164182,512871,498968,37621,536589,5970
2022-01-23,Placer,061,380077,56884,54568,6501,61069,518
2022-01-23,Plumas,063,18699,2615,2368,208,2576,12
2022-01-23,Riverside,065,2383286,550770,532273,25299,557572,5661
2022-01-23,Sacramento,067,1510023,252857,239589,20465,260054,2530
2022-01-23,San Benito,069,59416,11567,11225,415,11640,88
2022-01-23,San Bernardino,071,2135413,540794,512657,23000,535657,6281
2022-01-23,San Diego,073,3302833,682651,640215,45951,686166,4566
2022-01-23,San Francisco,075,870044,110887,104485,7199,111684,704
2022-01-23,San Joaquin,077,732212,150859,144621,8947,153568,1959
2022-01-23,San Luis Obispo,079,281455,46306,44183,2996,47179,386
2022-01-23,San Mateo,081,765935,109188,95940,5594,101534,586
2022-01-23,Santa Barbara,083,443738,75914,73041,3829,76870,590
2022-01-23,Santa Clara,085,1922200,272276,261991,9768,271759,2005
2022-01-23,Santa Cruz,087,273765,38948,36547,1827,38374,237
2022-01-23,Shasta,089,179085,27494,26732,5074,31806,452
2022-01-23,Sierra,091,2930,263,252,37,289,0
2022-01-23,Siskiyou,093,43540,4023,3916,2169,6085,64
2022-01-23,Solano,095,438530,71274,67457,4616,72073,400
2022-01-23,Sonoma,097,501317,73568,69791,1975,71766,423
2022-01-23,Stanislaus,099,539301,107120,104067,14638,118705,1395
2022-01-23,Sutter,101,95872,18689,18175,1268,19443,200
2022-01-23,Tehama,103,63373,10861,10481,2273,12754,145
2022-01-23,Trinity,105,12862,1069,961,251,1212,19
2022-01-23,Tulare,107,460477,94207,89120,23066,112186,1219
2022-01-23,Tuolumne,109,53932,10955,10243,342,10585,91
2022-01-23,Ventura,111,848112,160268,155052,8689,163741,1261
2022-01-23,Yolo,113,214977,32957,30908,2482,33390,273
2022-01-23,Yuba,115,75493,14254,13762,833,14595,103
2022-01-22,Alameda,001,1643700,224840,203927,11081,215008,1575
2022-01-22,Alpine,003,1148,118,119,1,120,0
2022-01-22,Amador,005,37829,7504,6845,389,7234,73
2022-01-22,Butte,007,227075,29622,27232,5825,33057,350
2022-01-22,Calaveras,009,45235,6488,5835,201,6036,95
2022-01-22,Colusa,011,21464,3136,2954,932,3886,21
2022-01-22,Contra Costa,013,1133247,170209,154111,10253,164364,1091
2022-01-22,Del Norte,015,27424,4557,4269,107,4376,43
2022-01-22,El Dorado,017,186661,24554,22273,2788,25061,179
2022-01-22,Fresno,019,978130,201868,185292,19909,205201,2429
2022-01-22,Glenn,021,27897,4489,4174,1410,5584,39
2022-01-22,Humboldt,023,135768,14750,13628,2147,15775,125
2022-01-22,Imperial,025,180216,49685,45741,8231,53972,820
2022-01-22,Inyo,027,18085,3873,3706,254,3960,50
2022-01-22,Kern,029,883053,175438,162902,39484,202386,1946
2022-01-22,Kings,031,150075,44896,40580,2854,43434,396
2022-01-22,Lake,033,64148,8967,8056,634,8690,118
2022-01-22,Lassen,035,31185,7997,7545,734,8279,55
2022-01-22,Los Angeles,037,10098052,2509725,2286280,112773,2399053,28038
2022-01-22,Madera,039,155013,32569,29595,4180,33775,329
2022-01-22,Marin,041,260295,30033,27893,1849,29742,253
2022-01-22,Mariposa,043,17540,2116,1920,110,2030,6
2022-01-22,Mendocino,045,87422,11525,10395,1911,12306,103
2022-01-22,Merced,047,269075,56435,53025,5772,58797,727
2022-01-22,Modoc,049,8938,656,639,223,862,6
2022-01-22,Mono,051,14174,2843,2723,105,2828,4
2022-01-22,Monterey,053,433212,69427,59038,9115,68153,651
2022-01-22,Napa,055,140530,22434,20402,690,21092,111
2022-01-22,Nevada,057,99092,14300,12957,893,13850,112
2022-01-22,Orange,059,3164182,511263,480329,37373,517702,5946
2022-01-22,Placer,061,380077,56613,52557,6464,59021,512
2022-01-22,Plumas,063,18699,2598,2289,204,2493,12
2022-01-22,Riverside,065,2383286,548855,513567,25226,538793,5623
2022-01-22,Sacramento,067,1510023,251805,230206,20361,250567,2510
2022-01-22,San Benito,069,59416,11509,10743,410,11153,88
2022-01-22,San Bernardino,071,2135413,539256,495209,22906,518115,6267
2022-01-22,San Diego,073,3302833,680162,628904,45730,674634,4559
2022-01-22,San Francisco,075,870044,110230,100238,7051,107289,702
2022-01-22,San Joaquin,077,732212,150418,138264,8905,147169,1960
2022-01-22,San Luis Obispo,079,281455,46187,42154,2990,45144,385
2022-01-22,San Mateo,081,765935,108603,91440,5532,96972,585
2022-01-22,Santa Barbara,083,443738,75492,69555,3823,73378,589
2022-01-22,Santa Clara,085,1922200,270595,249205,9702,258907,1993
2022-01-22,Santa Cruz,087,273765,38766,33741,1821,35562,237
2022-01-22,Shasta,089,179085,27398,25919,5052,30971,450
2022-01-22,Sierra,091,2930,263,248,36,284,0
2022-01-22,Siskiyou,093,43540,4005,3845,2148,5993,62
2022-01-22,Solano,095,438530,71051,63882,4578,68460,391
2022-01-22,Sonoma,097,501317,73148,66013,1965,67978,422
2022-01-22,Stanislaus,099,539301,106662,100092,14540,114632,1393
2022-01-22,Sutter,101,95872,18621,17616,1255,18871,199
2022-01-22,Tehama,103,63373,10826,10171,2262,12433,142
2022-01-22,Trinity,105,12862,1067,925,251,1176,19
2022-01-22,Tulare,107,460477,93829,85223,22944,108167,1211
2022-01-22,Tuolumne,109,53932,10887,9731,336,10067,91
2022-01-22,Ventura,111,848112,159577,148742,8649,157391,1250
2022-01-22,Yolo,113,214977,32779,30061,2465,32526,273
2022-01-22,Yuba,115,75493,14165,13288,829,14117,103
2022-01-21,Alameda,001,1643700,223255,203927,11048,214975,1575
2022-01-21,Alpine,003,1148,118,119,1,120,0
2022-01-21,Amador,005,37829,7447,6845,386,7231,73
2022-01-21,Butte,007,227075,29496,27232,5782,33014,350
2022-01-21,Calaveras,009,45235,6442,5835,201,6036,95
2022-01-21,Colusa,011,21464,3129,2954,927,3881,21
2022-01-21,Contra Costa,013,1133247,169133,154111,10175,164286,1091
2022-01-21,Del Norte,015,27424,4517,4269,107,4376,43
2022-01-21,El Dorado,017,186661,24470,22273,2774,25047,179
2022-01-21,Fresno,019,978130,200618,185292,19811,205103,2429
2022-01-21,Glenn,021,27897,4467,4174,1406,5580,39
2022-01-21,Humboldt,023,135768,14680,13628,2128,15756,125
2022-01-21,Imperial,025,180216,49496,45741,8155,53896,820
2022-01-21,Inyo,027,18085,3860,3706,249,3955,50
2022-01-21,Kern,029,883053,174723,162902,39114,202016,1946
2022-01-21,Kings,031,150075,44699,40580,2846,43426,396
2022-01-21,Lake,033,64148,8910,8056,622,8678,118
2022-01-21,Lassen,035,31185,7948,7545,730,8275,55
2022-01-21,Los Angeles,037,10098052,2498428,2286280,112313,2398593,28038
2022-01-21,Madera,039,155013,32278,29595,4152,33747,329
2022-01-21,Marin,041,260295,29856,27893,1830,29723,253
2022-01-21,Mariposa,043,17540,2104,1920,109,2029,6
2022-01-21,Mendocino,045,87422,11444,10395,1908,12303,103
2022-01-21,Merced,047,269075,56276,53025,5768,58793,727
2022-01-21,Modoc,049,8938,655,639,223,862,6
2022-01-21,Mono,051,14174,2829,2723,102,2825,4
2022-01-21,Monterey,053,433212,68956,59038,8989,68027,651
2022-01-21,Napa,055,140530,22314,20402,682,21084,111
2022-01-21,Nevada,057,99092,14202,12957,889,13846,112
2022-01-21,Orange,059,3164182,509025,480329,37128,517457,5946
2022-01-21,Placer,061,380077,56221,52557,6402,58959,512
2022-01-21,Plumas,063,18699,2585,2289,199,2488,12
2022-01-21,Riverside,065,2383286,546200,513567,25147,538714,5623
2022-01-21,Sacramento,067,1510023,250361,230206,20260,250466,2510
2022-01-21,San Benito,069,59416,11473,10743,407,11150,88
2022-01-21,San Bernardino,071,2135413,537184,495209,22831,518040,6267
2022-01-21,San Diego,073,3302833,675994,628904,45552,674456,4559
2022-01-21,San Francisco,075,870044,109472,100238,6963,107201,702
2022-01-21,San Joaquin,077,732212,149819,138264,8849,147113,1960
2022-01-21,San Luis Obispo,079,281455,46061,42154,2987,45141,385
2022-01-21,San Mateo,081,765935,107931,91440,5494,96934,585
2022-01-21,Santa Barbara,083,443738,74990,69555,3814,73369,589
2022-01-21,Santa Clara,085,1922200,268771,249205,9594,258799,1993
2022-01-21,Santa Cruz,087,273765,38048,33741,1808,35549,237
2022-01-21,Shasta,089,179085,27309,25919,5005,30924,450
2022-01-21,Sierra,091,2930,261,248,35,283,0
2022-01-21,Siskiyou,093,43540,3996,3845,2130,5975,62
2022-01-21,Solano,095,438530,70640,63882,4495,68377,391
2022-01-21,Sonoma,097,501317,72623,66013,1955,67968,422
2022-01-21,Stanislaus,099,539301,106158,100092,14465,114557,1393
2022-01-21,Sutter,101,95872,18535,17616,1241,18857,199
2022-01-21,Tehama,103,63373,10789,10171,2260,12431,142
2022-01-21,Trinity,105,12862,1061,925,250,1175,19
2022-01-21,Tulare,107,460477,93352,85223,22790,108013,1211
2022-01-21,Tuolumne,109,53932,10804,9731,329,10060,91
2022-01-21,Ventura,111,848112,158768,148742,8618,157360,1250
2022-01-21,Yolo,113,214977,32616,30061,2444,32505,273
2022-01-21,Yuba,115,75493,14093,13288,822,14110,103
2022-01-20,Alameda,001,1643700,220184,203927,10812,214739,1575
2022-01-20,Alpine,003,1148,118,119,1,120,0
2022-01-20,Amador,005,37829,7383,6845,368,7213,73
2022-01-20,Butte,007,227075,29232,27232,5703,32935,350
2022-01-20,Calaveras,009,45235,6337,5835,192,6027,95
2022-01-20,Colusa,011,21464,3102,2954,915,3869,21
2022-01-20,Contra Costa,013,1133247,167132,154111,9911,164022,1091
2022-01-20,Del Norte,015,27424,4477,4269,104,4373,43
2022-01-20,El Dorado,017,186661,24265,22273,2731,25004,179
2022-01-20,Fresno,019,978130,198001,185292,19430,204722,2429
2022-01-20,Glenn,021,27897,4433,4174,1397,5571,39
2022-01-20,Humboldt,023,135768,14553,13628,2078,15706,125
2022-01-20,Imperial,025,180216,48979,45741,7979,53720,820
2022-01-20,Inyo,027,18085,3848,3706,238,3944,50
2022-01-20,Kern,029,883053,173200,162902,38576,201478,1946
2022-01-20,Kings,031,150075,44144,40580,2806,43386,396
2022-01-20,Lake,033,64148,8814,8056,594,8650,118
2022-01-20,Lassen,035,31185,7895,7545,715,8260,55
2022-01-20,Los Angeles,037,10098052,2473701,2286280,111342,2397622,28038
2022-01-20,Madera,039,155013,31891,29595,4027,33622,329
2022-01-20,Marin,041,260295,29563,27893,1793,29686,253
2022-01-20,Mariposa,043,17540,2077,1920,106,2026,6
2022-01-20,Mendocino,045,87422,11346,10395,1830,12225,103
2022-01-20,Merced,047,269075,55847,53025,5539,58564,727
2022-01-20,Modoc,049,8938,653,639,223,862,6
2022-01-20,Mono,051,14174,2821,2723,101,2824,4
2022-01-20,Monterey,053,433212,68193,59038,8576,67614,651
2022-01-20,Napa,055,140530,22048,20402,643,21045,111
2022-01-20,Nevada,057,99092,14057,12957,867,13824,112
2022-01-20,Orange,059,3164182,505087,480329,36760,517089,5946
2022-01-20,Placer,061,380077,55737,52557,6342,58899,512
2022-01-20,Plumas,063,18699,2558,2289,195,2484,12
2022-01-20,Riverside,065,2383286,541634,513567,24916,538483,5623
2022-01-20,Sacramento,067,1510023,248068,230206,19629,249835,2510
2022-01-20,San Benito,069,59416,11362,10743,394,11137,88
2022-01-20,San Bernardino,071,2135413,532947,495209,22553,517762,6267
2022-01-20,San Diego,073,3302833,668895,628904,44847,673751,4559
2022-01-20,San Francisco,075,870044,108324,100238,6824,107062,702
2022-01-20,San Joaquin,077,732212,148185,138264,8723,146987,1960
2022-01-20,San Luis Obispo,079,281455,45550,42154,2953,45107,385
2022-01-20,San Mateo,081,765935,106706,91440,5290,96730,585
2022-01-20,Santa Barbara,083,443738,74092,69555,3702,73257,589
2022-01-20,Santa Clara,085,1922200,265466,249205,9267,258472,1993
2022-01-20,Santa Cruz,087,273765,37164,33741,1785,35526,237
2022-01-20,Shasta,089,179085,27119,25919,4938,30857,450
2022-01-20,Sierra,091,2930,261,248,33,281,0
2022-01-20,Siskiyou,093,43540,3984,3845,2097,5942,62
2022-01-20,Solano,095,438530,69693,63882,4406,68288,391
2022-01-20,Sonoma,097,501317,71597,66013,1904,67917,422
2022-01-20,Stanislaus,099,539301,105200,100092,14259,114351,1393
2022-01-20,Sutter,101,95872,18371,17616,1213,18829,199
2022-01-20,Tehama,103,63373,10716,10171,2242,12413,142
2022-01-20,Trinity,105,12862,1047,925,249,1174,19
2022-01-20,Tulare,107,460477,92304,85223,22506,107729,1211
2022-01-20,Tuolumne,109,53932,10662,9731,319,10050,91
2022-01-20,Ventura,111,848112,157383,148742,8541,157283,1250
2022-01-20,Yolo,113,214977,32328,30061,2411,32472,273
2022-01-20,Yuba,115,75493,13987,13288,789,14077,103
2022-01-19,Alameda,001,1643700,216798,199739,10483,210222,1571
2022-01-19,Alpine,003,1148,117,119,1,120,0
2022-01-19,Amador,005,37829,7302,6789,326,7115,73
2022-01-19,Butte,007,227075,28926,26839,5617,32456,351
2022-01-19,Calaveras,009,45235,6247,5765,183,5948,95
2022-01-19,Colusa,011,21464,3068,2938,908,3846,21
2022-01-19,Contra Costa,013,1133247,164768,151543,9671,161214,1091
2022-01-19,Del Norte,015,27424,4438,4240,103,4343,43
2022-01-19,El Dorado,017,186661,24013,21953,2689,24642,177
2022-01-19,Fresno,019,978130,195063,181526,19102,200628,2430
2022-01-19,Glenn,021,27897,4381,4127,1387,5514,39
2022-01-19,Humboldt,023,135768,14395,13391,2028,15419,125
2022-01-19,Imperial,025,180216,48244,45156,7781,52937,820
2022-01-19,Inyo,027,18085,3825,3680,199,3879,49
2022-01-19,Kern,029,883053,171435,160747,37898,198645,1946
2022-01-19,Kings,031,150075,43448,40027,2738,42765,395
2022-01-19,Lake,033,64148,8687,7972,581,8553,118
2022-01-19,Lassen,035,31185,7838,7507,693,8200,55
2022-01-19,Los Angeles,037,10098052,2445321,2251718,109924,2361642,27934
2022-01-19,Madera,039,155013,31512,29021,3857,32878,329
2022-01-19,Marin,041,260295,29267,27375,1751,29126,251
2022-01-19,Mariposa,043,17540,2052,1896,99,1995,6
2022-01-19,Mendocino,045,87422,11175,10252,1737,11989,103
2022-01-19,Merced,047,269075,55303,52355,5183,57538,724
2022-01-19,Modoc,049,8938,651,635,222,857,6
2022-01-19,Mono,051,14174,2799,2677,99,2776,4
2022-01-19,Monterey,053,433212,67285,58426,8120,66546,651
2022-01-19,Napa,055,140530,21795,20090,616,20706,110
2022-01-19,Nevada,057,99092,13900,12703,840,13543,112
2022-01-19,Orange,059,3164182,500601,468460,36390,504850,5943
2022-01-19,Placer,061,380077,55174,51545,6274,57819,511
2022-01-19,Plumas,063,18699,2518,2239,189,2428,12
2022-01-19,Riverside,065,2383286,536116,503575,24681,528256,5604
2022-01-19,Sacramento,067,1510023,245178,226035,18914,244949,2512
2022-01-19,San Benito,069,59416,11221,10639,382,11021,88
2022-01-19,San Bernardino,071,2135413,528188,487846,22174,510020,6265
2022-01-19,San Diego,073,3302833,660120,614709,44110,658819,4553
2022-01-19,San Francisco,075,870044,106951,98652,6748,105400,694
2022-01-19,San Joaquin,077,732212,146294,135953,8600,144553,1959
2022-01-19,San Luis Obispo,079,281455,44951,41374,2887,44261,382
2022-01-19,San Mateo,081,765935,105294,89715,5026,94741,585
2022-01-19,Santa Barbara,083,443738,73095,68531,3603,72134,586
2022-01-19,Santa Clara,085,1922200,261735,244922,8907,253829,1991
2022-01-19,Santa Cruz,087,273765,35862,33026,1761,34787,237
2022-01-19,Shasta,089,179085,26852,25355,4866,30221,450
2022-01-19,Sierra,091,2930,261,245,32,277,0
2022-01-19,Siskiyou,093,43540,3960,3821,2044,5865,62
2022-01-19,Solano,095,438530,68849,63003,4276,67279,392
2022-01-19,Sonoma,097,501317,70498,64689,1858,66547,420
2022-01-19,Stanislaus,099,539301,104149,98952,13966,112918,1381
2022-01-19,Sutter,101,95872,18203,17436,1125,18561,199
2022-01-19,Tehama,103,63373,10601,10064,2198,12262,142
2022-01-19,Trinity,105,12862,1035,916,248,1164,19
2022-01-19,Tulare,107,460477,91021,83743,22039,105782,1200
2022-01-19,Tuolumne,109,53932,10503,9613,295,9908,91
2022-01-19,Ventura,111,848112,155868,144738,8466,153204,1234
2022-01-19,Yolo,113,214977,31964,29392,2375,31767,273
2022-01-19,Yuba,115,75493,13825,13114,776,13890,104
2022-01-18,Alameda,001,1643700,213427,195728,10165,205893,1566
2022-01-18,Alpine,003,1148,117,118,1,119,0
2022-01-18,Amador,005,37829,7164,6691,290,6981,73
2022-01-18,Butte,007,227075,28533,26514,5535,32049,347
2022-01-18,Calaveras,009,45235,6158,5684,168,5852,94
2022-01-18,Colusa,011,21464,3024,2903,903,3806,21
2022-01-18,Contra Costa,013,1133247,162684,149446,9296,158742,1085
2022-01-18,Del Norte,015,27424,4368,4229,98,4327,43
2022-01-18,El Dorado,017,186661,23633,21707,2644,24351,175
2022-01-18,Fresno,019,978130,191540,178922,18653,197575,2425
2022-01-18,Glenn,021,27897,4347,4070,1375,5445,39
2022-01-18,Humboldt,023,135768,14231,13218,1956,15174,125
2022-01-18,Imperial,025,180216,47548,44742,7600,52342,819
2022-01-18,Inyo,027,18085,3784,3654,189,3843,49
2022-01-18,Kern,029,883053,169412,158864,37146,196010,1943
2022-01-18,Kings,031,150075,42573,39440,2660,42100,392
2022-01-18,Lake,033,64148,8574,7919,562,8481,117
2022-01-18,Lassen,035,31185,7755,7461,654,8115,55
2022-01-18,Los Angeles,037,10098052,2411904,2227360,108459,2335819,27871
2022-01-18,Madera,039,155013,30990,28717,3668,32385,329
2022-01-18,Marin,041,260295,28964,27036,1709,28745,251
2022-01-18,Mariposa,043,17540,2027,1872,95,1967,6
2022-01-18,Mendocino,045,87422,11006,10114,1652,11766,103
2022-01-18,Merced,047,269075,54691,51746,4896,56642,718
2022-01-18,Modoc,049,8938,649,633,217,850,6
2022-01-18,Mono,051,14174,2778,2643,98,2741,4
2022-01-18,Monterey,053,433212,66510,57846,7641,65487,650
2022-01-18,Napa,055,140530,21462,19911,601,20512,109
2022-01-18,Nevada,057,99092,13716,12584,798,13382,111
2022-01-18,Orange,059,3164182,495270,461324,35885,497209,5938
2022-01-18,Placer,061,380077,54529,50983,6201,57184,508
2022-01-18,Plumas,063,18699,2480,2218,183,2401,12
2022-01-18,Riverside,065,2383286,530139,497278,24374,521652,5599
2022-01-18,Sacramento,067,1510023,242094,223745,17934,241679,2496
2022-01-18,San Benito,069,59416,11080,10520,368,10888,88
2022-01-18,San Bernardino,071,2135413,522734,483753,21746,505499,6258
2022-01-18,San Diego,073,3302833,649921,605137,43070,648207,4547
2022-01-18,San Francisco,075,870044,105486,96505,6632,103137,694
2022-01-18,San Joaquin,077,732212,144349,134365,8384,142749,1957
2022-01-18,San Luis Obispo,079,281455,44269,40848,2801,43649,381
2022-01-18,San Mateo,081,765935,103783,88225,4829,93054,585
2022-01-18,Santa Barbara,083,443738,71877,67216,3430,70646,581
2022-01-18,Santa Clara,085,1922200,257622,240281,8510,248791,1986
2022-01-18,Santa Cruz,087,273765,35212,32203,1726,33929,237
2022-01-18,Shasta,089,179085,26570,25162,4772,29934,448
2022-01-18,Sierra,091,2930,257,244,32,276,0
2022-01-18,Siskiyou,093,43540,3927,3799,1991,5790,62
2022-01-18,Solano,095,438530,67999,62204,4165,66369,391
2022-01-18,Sonoma,097,501317,69111,63714,1803,65517,419
2022-01-18,Stanislaus,099,539301,102932,98000,13590,111590,1379
2022-01-18,Sutter,101,95872,18013,17295,1054,18349,198
2022-01-18,Tehama,103,63373,10505,9975,2146,12121,142
2022-01-18,Trinity,105,12862,1022,907,247,1154,19
2022-01-18,Tulare,107,460477,89558,82667,21635,104302,1196
2022-01-18,Tuolumne,109,53932,10336,9528,284,9812,91
2022-01-18,Ventura,111,848112,154154,143384,8380,151764,1233
2022-01-18,Yolo,113,214977,31567,28786,2325,31111,270
2022-01-18,Yuba,115,75493,13664,12971,751,13722,101
2022-01-17,Alameda,001,1643700,208730,193276,9580,202856,1565
2022-01-17,Alpine,003,1148,116,118,0,118,0
2022-01-17,Amador,005,37829,7049,6640,232,6872,73
2022-01-17,Butte,007,227075,28138,26303,5427,31730,348
2022-01-17,Calaveras,009,45235,6027,5584,140,5724,94
2022-01-17,Colusa,011,21464,3000,2905,896,3801,21
2022-01-17,Contra Costa,013,1133247,159793,147993,8806,156799,1086
2022-01-17,Del Norte,015,27424,4317,4209,91,4300,43
2022-01-17,El Dorado,017,186661,23385,21540,2562,24102,175
2022-01-17,Fresno,019,978130,187824,176959,18134,195093,2426
2022-01-17,Glenn,021,27897,4294,4055,1362,5417,39
2022-01-17,Humboldt,023,135768,14025,13120,1790,14910,125
2022-01-17,Imperial,025,180216,46863,44412,7438,51850,821
2022-01-17,Inyo,027,18085,3762,3650,163,3813,49
2022-01-17,Kern,029,883053,166869,157645,36271,193916,1944
2022-01-17,Kings,031,150075,41439,39143,2540,41683,392
2022-01-17,Lake,033,64148,8425,7864,522,8386,117
2022-01-17,Lassen,035,31185,7662,7417,617,8034,55
2022-01-17,Los Angeles,037,10098052,2372698,2205740,106503,2312243,27832
2022-01-17,Madera,039,155013,30338,28568,3488,32056,329
2022-01-17,Marin,041,260295,28559,26633,1653,28286,251
2022-01-17,Mariposa,043,17540,2001,1862,89,1951,6
2022-01-17,Mendocino,045,87422,10783,10030,1512,11542,103
2022-01-17,Merced,047,269075,54012,51227,4334,55561,718
2022-01-17,Modoc,049,8938,645,630,217,847,6
2022-01-17,Mono,051,14174,2755,2642,97,2739,4
2022-01-17,Monterey,053,433212,65393,57318,7226,64544,647
2022-01-17,Napa,055,140530,21117,19647,578,20225,109
2022-01-17,Nevada,057,99092,13530,12414,761,13175,111
2022-01-17,Orange,059,3164182,489319,457418,35410,492828,5933
2022-01-17,Placer,061,380077,53797,50511,6058,56569,508
2022-01-17,Plumas,063,18699,2434,2205,151,2356,12
2022-01-17,Riverside,065,2383286,523325,491322,23921,515243,5600
2022-01-17,Sacramento,067,1510023,238018,221143,16590,237733,2497
2022-01-17,San Benito,069,59416,10913,10432,340,10772,88
2022-01-17,San Bernardino,071,2135413,516241,480243,21203,501446,6259
2022-01-17,San Diego,073,3302833,637702,569241,41863,611104,4545
2022-01-17,San Francisco,075,870044,103856,95292,6437,101729,694
2022-01-17,San Joaquin,077,732212,141510,133414,8194,141608,1958
2022-01-17,San Luis Obispo,079,281455,43440,40425,2700,43125,379
2022-01-17,San Mateo,081,765935,101813,87013,4575,91588,585
2022-01-17,Santa Barbara,083,443738,70555,66704,3230,69934,581
2022-01-17,Santa Clara,085,1922200,253135,237934,8075,246009,1985
2022-01-17,Santa Cruz,087,273765,34441,31714,1689,33403,237
2022-01-17,Shasta,089,179085,26290,25025,4651,29676,448
2022-01-17,Sierra,091,2930,256,242,32,274,0
2022-01-17,Siskiyou,093,43540,3888,3764,1911,5675,62
2022-01-17,Solano,095,438530,66958,61497,3906,65403,391
2022-01-17,Sonoma,097,501317,67608,62763,1737,64500,419
2022-01-17,Stanislaus,099,539301,101618,96951,13099,110050,1379
2022-01-17,Sutter,101,95872,17803,17159,918,18077,198
2022-01-17,Tehama,103,63373,10381,9912,2088,12000,142
2022-01-17,Trinity,105,12862,1009,906,243,1149,19
2022-01-17,Tulare,107,460477,87812,81741,21088,102829,1199
2022-01-17,Tuolumne,109,53932,10197,9416,252,9668,91
2022-01-17,Ventura,111,848112,152038,142070,8262,150332,1234
2022-01-17,Yolo,113,214977,31036,28638,2259,30897,270
2022-01-17,Yuba,115,75493,13467,12871,695,13566,101
2022-01-16,Alameda,001,1643700,205674,190691,9325,200016,1564
2022-01-16,Alpine,003,1148,116,118,0,118,0
2022-01-16,Amador,005,37829,6976,6618,224,6842,73
2022-01-16,Butte,007,227075,27789,26139,5374,31513,348
2022-01-16,Calaveras,009,45235,5926,5537,136,5673,94
2022-01-16,Colusa,011,21464,2983,2886,884,3770,21
2022-01-16,Contra Costa,013,1133247,157797,146307,8599,154906,1086
2022-01-16,Del Norte,015,27424,4275,4177,89,4266,43
2022-01-16,El Dorado,017,186661,23116,21303,2523,23826,175
2022-01-16,Fresno,019,978130,185108,174818,17735,192553,2425
2022-01-16,Glenn,021,27897,4237,4049,1340,5389,39
2022-01-16,Humboldt,023,135768,13878,13075,1771,14846,125
2022-01-16,Imperial,025,180216,46292,44035,7274,51309,821
2022-01-16,Inyo,027,18085,3725,3602,141,3743,49
2022-01-16,Kern,029,883053,165598,156655,35484,192139,1944
2022-01-16,Kings,031,150075,41065,38861,2520,41381,392
2022-01-16,Lake,033,64148,8321,7823,488,8311,117
2022-01-16,Lassen,035,31185,7617,7391,604,7995,55
2022-01-16,Los Angeles,037,10098052,2349522,2174403,104983,2279386,27805
2022-01-16,Madera,039,155013,29969,28313,3438,31751,329
2022-01-16,Marin,041,260295,28265,26292,1639,27931,251
2022-01-16,Mariposa,043,17540,1974,1851,84,1935,6
2022-01-16,Mendocino,045,87422,10636,9992,1396,11388,102
2022-01-16,Merced,047,269075,53421,50882,4308,55190,718
2022-01-16,Modoc,049,8938,642,629,217,846,6
2022-01-16,Mono,051,14174,2751,2614,95,2709,4
2022-01-16,Monterey,053,433212,64627,57012,7081,64093,647
2022-01-16,Napa,055,140530,20850,19521,567,20088,109
2022-01-16,Nevada,057,99092,13317,12307,743,13050,111
2022-01-16,Orange,059,3164182,483937,451962,34862,486824,5932
2022-01-16,Placer,061,380077,53090,50076,5947,56023,508
2022-01-16,Plumas,063,18699,2399,2204,142,2346,12
2022-01-16,Riverside,065,2383286,517820,485191,23701,508892,5600
2022-01-16,Sacramento,067,1510023,235065,218819,15873,234692,2491
2022-01-16,San Benito,069,59416,10755,10377,338,10715,88
2022-01-16,San Bernardino,071,2135413,512225,474425,20947,495372,6259
2022-01-16,San Diego,073,3302833,630114,569241,41426,610667,4545
2022-01-16,San Francisco,075,870044,102337,94139,6299,100438,694
2022-01-16,San Joaquin,077,732212,139724,132214,8051,140265,1958
2022-01-16,San Luis Obispo,079,281455,42783,40113,2661,42774,379
2022-01-16,San Mateo,081,765935,100288,85966,4482,90448,585
2022-01-16,Santa Barbara,083,443738,69527,66111,3189,69300,582
2022-01-16,Santa Clara,085,1922200,249468,234293,7921,242214,1984
2022-01-16,Santa Cruz,087,273765,33812,31469,1667,33136,237
2022-01-16,Shasta,089,179085,26036,24980,4583,29563,449
2022-01-16,Sierra,091,2930,252,238,31,269,0
2022-01-16,Siskiyou,093,43540,3860,3748,1872,5620,62
2022-01-16,Solano,095,438530,66282,60885,3775,64660,391
2022-01-16,Sonoma,097,501317,66530,61842,1720,63562,419
2022-01-16,Stanislaus,099,539301,100555,96370,12934,109304,1379
2022-01-16,Sutter,101,95872,17603,16996,896,17892,198
2022-01-16,Tehama,103,63373,10296,9868,2067,11935,142
2022-01-16,Trinity,105,12862,1004,889,241,1130,19
2022-01-16,Tulare,107,460477,86503,80867,20834,101701,1199
2022-01-16,Tuolumne,109,53932,10091,9369,244,9613,91
2022-01-16,Ventura,111,848112,150463,140715,8183,148898,1234
2022-01-16,Yolo,113,214977,30644,28481,2206,30687,270
2022-01-16,Yuba,115,75493,13290,12760,689,13449,101
2022-01-15,Alameda,001,1643700,204310,177768,9271,187039,1561
2022-01-15,Alpine,003,1148,116,117,0,117,0
2022-01-15,Amador,005,37829,6944,6434,210,6644,72
2022-01-15,Butte,007,227075,27633,25032,5324,30356,348
2022-01-15,Calaveras,009,45235,5894,5258,136,5394,93
2022-01-15,Colusa,011,21464,2969,2796,877,3673,21
2022-01-15,Contra Costa,013,1133247,156539,137643,8552,146195,1082
2022-01-15,Del Norte,015,27424,4260,4065,87,4152,43
2022-01-15,El Dorado,017,186661,23013,20434,2507,22941,175
2022-01-15,Fresno,019,978130,184179,167361,17638,184999,2415
2022-01-15,Glenn,021,27897,4230,3906,1331,5237,39
2022-01-15,Humboldt,023,135768,13775,12419,1755,14174,123
2022-01-15,Imperial,025,180216,46154,42508,7166,49674,817
2022-01-15,Inyo,027,18085,3715,3395,141,3536,49
2022-01-15,Kern,029,883053,164754,150085,35094,185179,1938
2022-01-15,Kings,031,150075,40816,37221,2508,39729,391
2022-01-15,Lake,033,64148,8282,7641,475,8116,117
2022-01-15,Lassen,035,31185,7576,7274,598,7872,55
2022-01-15,Los Angeles,037,10098052,2337993,2047927,104034,2151961,27641
2022-01-15,Madera,039,155013,29823,27294,3414,30708,329
2022-01-15,Marin,041,260295,28078,25248,1632,26880,251
2022-01-15,Mariposa,043,17540,1967,1762,84,1846,6
2022-01-15,Mendocino,045,87422,10563,9534,1390,10924,102
2022-01-15,Merced,047,269075,53254,48904,4296,53200,715
2022-01-15,Modoc,049,8938,640,628,217,845,6
2022-01-15,Mono,051,14174,2746,2508,94,2602,4
2022-01-15,Monterey,053,433212,64112,55315,7017,62332,647
2022-01-15,Napa,055,140530,20729,17648,563,18211,109
2022-01-15,Nevada,057,99092,13257,11773,730,12503,111
2022-01-15,Orange,059,3164182,481339,433141,34589,467730,5914
2022-01-15,Placer,061,380077,52799,47780,5911,53691,501
2022-01-15,Plumas,063,18699,2378,2158,136,2294,12
2022-01-15,Riverside,065,2383286,515139,466381,23566,489947,5578
2022-01-15,Sacramento,067,1510023,233908,208156,15774,223930,2491
2022-01-15,San Benito,069,59416,10656,9868,333,10201,87
2022-01-15,San Bernardino,071,2135413,509861,454395,20798,475193,6233
2022-01-15,San Diego,073,3302833,626325,559385,41170,600555,4540
2022-01-15,San Francisco,075,870044,101342,88004,6164,94168,692
2022-01-15,San Joaquin,077,732212,139159,125136,7954,133090,1954
2022-01-15,San Luis Obispo,079,281455,42594,38231,2648,40879,374
2022-01-15,San Mateo,081,765935,99332,80494,4441,84935,582
2022-01-15,Santa Barbara,083,443738,68931,62312,3178,65490,579
2022-01-15,Santa Clara,085,1922200,247264,218986,7801,226787,1974
2022-01-15,Santa Cruz,087,273765,33458,29414,1659,31073,235
2022-01-15,Shasta,089,179085,25946,24482,4551,29033,445
2022-01-15,Sierra,091,2930,251,232,30,262,0
2022-01-15,Siskiyou,093,43540,3848,3661,1862,5523,62
2022-01-15,Solano,095,438530,66003,58061,3726,61787,389
2022-01-15,Sonoma,097,501317,65944,58181,1714,59895,418
2022-01-15,Stanislaus,099,539301,99973,92986,12831,105817,1379
2022-01-15,Sutter,101,95872,17512,16345,886,17231,197
2022-01-15,Tehama,103,63373,10247,9572,2049,11621,141
2022-01-15,Trinity,105,12862,1001,872,241,1113,19
2022-01-15,Tulare,107,460477,86057,77769,20723,98492,1192
2022-01-15,Tuolumne,109,53932,9990,9042,239,9281,91
2022-01-15,Ventura,111,848112,149688,134736,8145,142881,1227
2022-01-15,Yolo,113,214977,30464,27311,2186,29497,270
2022-01-15,Yuba,115,75493,13227,12200,685,12885,101
2022-01-14,Alameda,001,1643700,202273,177768,9223,186991,1561
2022-01-14,Alpine,003,1148,116,117,0,117,0
2022-01-14,Amador,005,37829,6868,6434,201,6635,72
2022-01-14,Butte,007,227075,27452,25032,5292,30324,348
2022-01-14,Calaveras,009,45235,5857,5258,135,5393,93
2022-01-14,Colusa,011,21464,2960,2796,867,3663,21
2022-01-14,Contra Costa,013,1133247,155033,137643,8447,146090,1082
2022-01-14,Del Norte,015,27424,4235,4065,86,4151,43
2022-01-14,El Dorado,017,186661,22861,20434,2489,22923,175
2022-01-14,Fresno,019,978130,182525,167361,17542,184903,2415
2022-01-14,Glenn,021,27897,4207,3906,1323,5229,39
2022-01-14,Humboldt,023,135768,13669,12419,1722,14141,123
2022-01-14,Imperial,025,180216,45983,42508,7146,49654,817
2022-01-14,Inyo,027,18085,3690,3395,137,3532,49
2022-01-14,Kern,029,883053,163755,150085,34660,184745,1938
2022-01-14,Kings,031,150075,40564,37221,2500,39721,391
2022-01-14,Lake,033,64148,8225,7641,463,8104,117
2022-01-14,Lassen,035,31185,7542,7274,586,7860,55
2022-01-14,Los Angeles,037,10098052,2318666,2047927,103002,2150929,27641
2022-01-14,Madera,039,155013,29588,27294,3386,30680,329
2022-01-14,Marin,041,260295,27819,25248,1597,26845,251
2022-01-14,Mariposa,043,17540,1952,1762,84,1846,6
2022-01-14,Mendocino,045,87422,10451,9534,1377,10911,102
2022-01-14,Merced,047,269075,53071,48904,4281,53185,715
2022-01-14,Modoc,049,8938,639,628,217,845,6
2022-01-14,Mono,051,14174,2725,2508,92,2600,4
2022-01-14,Monterey,053,433212,63414,55315,6924,62239,647
2022-01-14,Napa,055,140530,20559,17648,558,18206,109
2022-01-14,Nevada,057,99092,13135,11773,717,12490,111
2022-01-14,Orange,059,3164182,477609,433141,34273,467414,5914
2022-01-14,Placer,061,380077,52363,47780,5825,53605,501
2022-01-14,Plumas,063,18699,2370,2158,129,2287,12
2022-01-14,Riverside,065,2383286,511617,466381,23423,489804,5578
2022-01-14,Sacramento,067,1510023,231960,208156,15625,223781,2491
2022-01-14,San Benito,069,59416,10604,9868,332,10200,87
2022-01-14,San Bernardino,071,2135413,506631,454395,20611,475006,6233
2022-01-14,San Diego,073,3302833,620675,559385,40862,600247,4540
2022-01-14,San Francisco,075,870044,100170,88004,5989,93993,692
2022-01-14,San Joaquin,077,732212,138309,125136,7874,133010,1954
2022-01-14,San Luis Obispo,079,281455,42427,38231,2627,40858,374
2022-01-14,San Mateo,081,765935,98103,80494,4412,84906,582
2022-01-14,Santa Barbara,083,443738,68412,62312,3168,65480,579
2022-01-14,Santa Clara,085,1922200,244691,218986,7695,226681,1974
2022-01-14,Santa Cruz,087,273765,33080,29414,1650,31064,235
2022-01-14,Shasta,089,179085,25825,24482,4518,29000,445
2022-01-14,Sierra,091,2930,249,232,28,260,0
2022-01-14,Siskiyou,093,43540,3837,3661,1849,5510,62
2022-01-14,Solano,095,438530,65158,58061,3638,61699,389
2022-01-14,Sonoma,097,501317,65403,58181,1688,59869,418
2022-01-14,Stanislaus,099,539301,99367,92986,12723,105709,1379
2022-01-14,Sutter,101,95872,17386,16345,878,17223,197
2022-01-14,Tehama,103,63373,10194,9572,2037,11609,141
2022-01-14,Trinity,105,12862,996,872,239,1111,19
2022-01-14,Tulare,107,460477,85530,77769,20562,98331,1192
2022-01-14,Tuolumne,109,53932,9867,9042,235,9277,91
2022-01-14,Ventura,111,848112,148584,134736,8086,142822,1227
2022-01-14,Yolo,113,214977,30223,27311,2158,29469,270
2022-01-14,Yuba,115,75493,13124,12200,680,12880,101
2022-01-13,Alameda,001,1643700,197964,177768,8872,186640,1561
2022-01-13,Alpine,003,1148,115,117,0,117,0
2022-01-13,Amador,005,37829,6808,6434,180,6614,72
2022-01-13,Butte,007,227075,27145,25032,5178,30210,348
2022-01-13,Calaveras,009,45235,5767,5258,132,5390,93
2022-01-13,Colusa,011,21464,2932,2796,857,3653,21
2022-01-13,Contra Costa,013,1133247,152387,137643,7982,145625,1082
2022-01-13,Del Norte,015,27424,4199,4065,85,4150,43
2022-01-13,El Dorado,017,186661,22608,20434,2443,22877,175
2022-01-13,Fresno,019,978130,179706,167361,17153,184514,2415
2022-01-13,Glenn,021,27897,4160,3906,1297,5203,39
2022-01-13,Humboldt,023,135768,13517,12419,1660,14079,123
2022-01-13,Imperial,025,180216,45442,42508,6932,49440,817
2022-01-13,Inyo,027,18085,3634,3395,120,3515,49
2022-01-13,Kern,029,883053,162171,150085,34071,184156,1938
2022-01-13,Kings,031,150075,40083,37221,2456,39677,391
2022-01-13,Lake,033,64148,8125,7641,442,8083,117
2022-01-13,Lassen,035,31185,7508,7274,570,7844,55
2022-01-13,Los Angeles,037,10098052,2282196,2047927,101204,2149131,27641
2022-01-13,Madera,039,155013,29122,27294,3293,30587,329
2022-01-13,Marin,041,260295,27475,25248,1554,26802,251
2022-01-13,Mariposa,043,17540,1929,1762,81,1843,6
2022-01-13,Mendocino,045,87422,10360,9534,1309,10843,102
2022-01-13,Merced,047,269075,52413,48904,4019,52923,715
2022-01-13,Modoc,049,8938,636,628,217,845,6
2022-01-13,Mono,051,14174,2702,2508,89,2597,4
2022-01-13,Monterey,053,433212,62477,55315,6639,61954,647
2022-01-13,Napa,055,140530,20261,17648,548,18196,109
2022-01-13,Nevada,057,99092,12943,11773,687,12460,111
2022-01-13,Orange,059,3164182,471170,433141,33817,466958,5914
2022-01-13,Placer,061,380077,51734,47780,5710,53490,501
2022-01-13,Plumas,063,18699,2350,2158,119,2277,12
2022-01-13,Riverside,065,2383286,505318,466381,23096,489477,5578
2022-01-13,Sacramento,067,1510023,228870,208156,14841,222997,2491
2022-01-13,San Benito,069,59416,10500,9868,324,10192,87
2022-01-13,San Bernardino,071,2135413,500750,454395,20146,474541,6233
2022-01-13,San Diego,073,3302833,612159,559385,39987,599372,4540
2022-01-13,San Francisco,075,870044,98433,88004,5795,93799,692
2022-01-13,San Joaquin,077,732212,136240,125136,7725,132861,1954
2022-01-13,San Luis Obispo,079,281455,41824,38231,2522,40753,374
2022-01-13,San Mateo,081,765935,96322,80494,4176,84670,582
2022-01-13,Santa Barbara,083,443738,67415,62312,2992,65304,579
2022-01-13,Santa Clara,085,1922200,240437,218986,7365,226351,1974
2022-01-13,Santa Cruz,087,273765,32265,29414,1628,31042,235
2022-01-13,Shasta,089,179085,25616,24482,4446,28928,445
2022-01-13,Sierra,091,2930,248,232,28,260,0
2022-01-13,Siskiyou,093,43540,3815,3661,1809,5470,62
2022-01-13,Solano,095,438530,64026,58061,3527,61588,389
2022-01-13,Sonoma,097,501317,64338,58181,1632,59813,418
2022-01-13,Stanislaus,099,539301,98250,92986,12430,105416,1379
2022-01-13,Sutter,101,95872,17190,16345,814,17159,197
2022-01-13,Tehama,103,63373,10096,9572,1989,11561,141
2022-01-13,Trinity,105,12862,988,872,239,1111,19
2022-01-13,Tulare,107,460477,84250,77769,20273,98042,1192
2022-01-13,Tuolumne,109,53932,9725,9042,217,9259,91
2022-01-13,Ventura,111,848112,146802,134736,7992,142728,1227
2022-01-13,Yolo,113,214977,29807,27311,2114,29425,270
2022-01-13,Yuba,115,75493,12989,12200,651,12851,101
2022-01-12,Alameda,001,1643700,193362,173001,8417,181418,1563
2022-01-12,Alpine,003,1148,115,117,0,117,0
2022-01-12,Amador,005,37829,6760,6354,166,6520,71
2022-01-12,Butte,007,227075,26813,24631,5087,29718,348
2022-01-12,Calaveras,009,45235,5690,5151,126,5277,93
2022-01-12,Colusa,011,21464,2894,2772,844,3616,21
2022-01-12,Contra Costa,013,1133247,149700,134579,7606,142185,1077
2022-01-12,Del Norte,015,27424,4173,4019,83,4102,43
2022-01-12,El Dorado,017,186661,22289,20092,2402,22494,175
2022-01-12,Fresno,019,978130,176965,165316,16731,182047,2413
2022-01-12,Glenn,021,27897,4108,3859,1275,5134,39
2022-01-12,Humboldt,023,135768,13344,12081,1578,13659,122
2022-01-12,Imperial,025,180216,44787,41985,6633,48618,814
2022-01-12,Inyo,027,18085,3588,3334,104,3438,49
2022-01-12,Kern,029,883053,160032,148435,33349,181784,1933
2022-01-12,Kings,031,150075,39453,36780,2414,39194,391
2022-01-12,Lake,033,64148,8009,7535,398,7933,117
2022-01-12,Lassen,035,31185,7466,7223,543,7766,55
2022-01-12,Los Angeles,037,10098052,2242454,2005065,98969,2104034,27601
2022-01-12,Madera,039,155013,28808,26952,3194,30146,329
2022-01-12,Marin,041,260295,26984,24704,1503,26207,251
2022-01-12,Mariposa,043,17540,1900,1725,79,1804,6
2022-01-12,Mendocino,045,87422,10196,9379,1211,10590,103
2022-01-12,Merced,047,269075,51710,48441,3746,52187,710
2022-01-12,Modoc,049,8938,634,627,217,844,6
2022-01-12,Mono,051,14174,2666,2466,85,2551,4
2022-01-12,Monterey,053,433212,61491,54524,6278,60802,647
2022-01-12,Napa,055,140530,20002,17347,525,17872,109
2022-01-12,Nevada,057,99092,12728,11552,641,12193,111
2022-01-12,Orange,059,3164182,464403,425737,33228,458965,5912
2022-01-12,Placer,061,380077,51074,47004,5595,52599,501
2022-01-12,Plumas,063,18699,2311,2135,108,2243,12
2022-01-12,Riverside,065,2383286,498092,458881,22756,481637,5565
2022-01-12,Sacramento,067,1510023,225295,204696,13965,218661,2479
2022-01-12,San Benito,069,59416,10369,9737,312,10049,87
2022-01-12,San Bernardino,071,2135413,494225,447869,19523,467392,6222
2022-01-12,San Diego,073,3302833,601655,551669,39129,590798,4529
2022-01-12,San Francisco,075,870044,96598,85700,5682,91382,691
2022-01-12,San Joaquin,077,732212,133952,122850,7598,130448,1948
2022-01-12,San Luis Obispo,079,281455,41098,37727,2439,40166,373
2022-01-12,San Mateo,081,765935,94288,78476,3802,82278,582
2022-01-12,Santa Barbara,083,443738,66272,60815,2890,63705,578
2022-01-12,Santa Clara,085,1922200,235941,213177,6986,220163,1971
2022-01-12,Santa Cruz,087,273765,31611,28463,1580,30043,235
2022-01-12,Shasta,089,179085,25404,24324,4381,28705,446
2022-01-12,Sierra,091,2930,247,228,28,256,0
2022-01-12,Siskiyou,093,43540,3787,3639,1762,5401,62
2022-01-12,Solano,095,438530,62976,57052,3406,60458,386
2022-01-12,Sonoma,097,501317,63054,56394,1549,57943,417
2022-01-12,Stanislaus,099,539301,97018,91738,12086,103824,1373
2022-01-12,Sutter,101,95872,16995,16135,781,16916,197
2022-01-12,Tehama,103,63373,10008,9475,1928,11403,141
2022-01-12,Trinity,105,12862,984,868,238,1106,19
2022-01-12,Tulare,107,460477,83134,76943,19894,96837,1192
2022-01-12,Tuolumne,109,53932,9596,8870,200,9070,91
2022-01-12,Ventura,111,848112,144895,132180,7906,140086,1220
2022-01-12,Yolo,113,214977,29392,26888,2041,28929,270
2022-01-12,Yuba,115,75493,12829,12015,624,12639,101
2022-01-11,Alameda,001,1643700,188869,169181,8018,177199,1561
2022-01-11,Alpine,003,1148,115,116,0,116,0
2022-01-11,Amador,005,37829,6676,6317,151,6468,71
2022-01-11,Butte,007,227075,26416,24479,4993,29472,347
2022-01-11,Calaveras,009,45235,5561,5083,112,5195,93
2022-01-11,Colusa,011,21464,2868,2766,831,3597,21
2022-01-11,Contra Costa,013,1133247,146566,132410,7112,139522,1077
2022-01-11,Del Norte,015,27424,4140,4006,81,4087,43
2022-01-11,El Dorado,017,186661,21955,19842,2329,22171,174
2022-01-11,Fresno,019,978130,173911,163509,16347,179856,2404
2022-01-11,Glenn,021,27897,4046,3844,1231,5075,39
2022-01-11,Humboldt,023,135768,13125,11960,1485,13445,122
2022-01-11,Imperial,025,180216,44182,41444,6434,47878,813
2022-01-11,Inyo,027,18085,3490,3278,97,3375,49
2022-01-11,Kern,029,883053,157750,146942,32527,179469,1929
2022-01-11,Kings,031,150075,38865,36524,2383,38907,389
2022-01-11,Lake,033,64148,7931,7494,382,7876,117
2022-01-11,Lassen,035,31185,7416,7210,529,7739,55
2022-01-11,Los Angeles,037,10098052,2199997,1966319,96733,2063052,27563
2022-01-11,Madera,039,155013,28393,26688,3115,29803,329
2022-01-11,Marin,041,260295,26627,24387,1458,25845,251
2022-01-11,Mariposa,043,17540,1878,1718,75,1793,6
2022-01-11,Mendocino,045,87422,10035,9301,1113,10414,102
2022-01-11,Merced,047,269075,50928,48068,3563,51631,708
2022-01-11,Modoc,049,8938,633,626,216,842,6
2022-01-11,Mono,051,14174,2623,2425,84,2509,4
2022-01-11,Monterey,053,433212,60448,53911,5930,59841,646
2022-01-11,Napa,055,140530,19562,17020,478,17498,109
2022-01-11,Nevada,057,99092,12502,11467,606,12073,110
2022-01-11,Orange,059,3164182,456737,417703,32595,450298,5909
2022-01-11,Placer,061,380077,50319,46459,5451,51910,500
2022-01-11,Plumas,063,18699,2276,2099,100,2199,12
2022-01-11,Riverside,065,2383286,490361,453766,22442,476208,5551
2022-01-11,Sacramento,067,1510023,221119,201058,12941,213999,2489
2022-01-11,San Benito,069,59416,10233,9624,299,9923,83
2022-01-11,San Bernardino,071,2135413,486253,442960,18915,461875,6198
2022-01-11,San Diego,073,3302833,589652,536954,38019,574973,4520
2022-01-11,San Francisco,075,870044,94397,83678,5523,89201,691
2022-01-11,San Joaquin,077,732212,131571,121139,7432,128571,1944
2022-01-11,San Luis Obispo,079,281455,40323,37183,2320,39503,372
2022-01-11,San Mateo,081,765935,91997,76756,3580,80336,582
2022-01-11,Santa Barbara,083,443738,64967,59758,2753,62511,578
2022-01-11,Santa Clara,085,1922200,230550,208425,6535,214960,1971
2022-01-11,Santa Cruz,087,273765,31103,27709,1530,29239,232
2022-01-11,Shasta,089,179085,25146,24132,4288,28420,446
2022-01-11,Sierra,091,2930,245,228,28,256,0
2022-01-11,Siskiyou,093,43540,3763,3621,1712,5333,62
2022-01-11,Solano,095,438530,61573,56349,3252,59601,388
2022-01-11,Sonoma,097,501317,61536,55411,1469,56880,416
2022-01-11,Stanislaus,099,539301,95651,90998,11713,102711,1372
2022-01-11,Sutter,101,95872,16795,15993,727,16720,197
2022-01-11,Tehama,103,63373,9881,9406,1880,11286,140
2022-01-11,Trinity,105,12862,972,858,236,1094,19
2022-01-11,Tulare,107,460477,81831,76267,19494,95761,1188
2022-01-11,Tuolumne,109,53932,9437,8811,193,9004,91
2022-01-11,Ventura,111,848112,142666,129548,7760,137308,1220
2022-01-11,Yolo,113,214977,28815,26482,1980,28462,270
2022-01-11,Yuba,115,75493,12654,11912,603,12515,101
2022-01-10,Alameda,001,1643700,183733,165657,7496,173153,1559
2022-01-10,Alpine,003,1148,115,116,0,116,0
2022-01-10,Amador,005,37829,6573,6279,136,6415,71
2022-01-10,Butte,007,227075,26074,24217,4897,29114,347
2022-01-10,Calaveras,009,45235,5463,5025,106,5131,93
2022-01-10,Colusa,011,21464,2838,2758,822,3580,21
2022-01-10,Contra Costa,013,1133247,143690,129951,6590,136541,1077
2022-01-10,Del Norte,015,27424,4117,3970,81,4051,43
2022-01-10,El Dorado,017,186661,21397,19606,2274,21880,172
2022-01-10,Fresno,019,978130,170868,161593,15920,177513,2404
2022-01-10,Glenn,021,27897,3987,3807,1217,5024,39
2022-01-10,Humboldt,023,135768,12883,11778,1352,13130,121
2022-01-10,Imperial,025,180216,43456,41080,6217,47297,811
2022-01-10,Inyo,027,18085,3435,3227,85,3312,49
2022-01-10,Kern,029,883053,155179,145744,31784,177528,1929
2022-01-10,Kings,031,150075,38246,36286,2357,38643,389
2022-01-10,Lake,033,64148,7842,7416,358,7774,117
2022-01-10,Lassen,035,31185,7378,7192,507,7699,55
2022-01-10,Los Angeles,037,10098052,2154459,1932475,94228,2026703,27546
2022-01-10,Madera,039,155013,27945,26501,3013,29514,328
2022-01-10,Marin,041,260295,26137,24023,1385,25408,251
2022-01-10,Mariposa,043,17540,1838,1684,70,1754,6
2022-01-10,Mendocino,045,87422,9862,9163,1026,10189,101
2022-01-10,Merced,047,269075,50096,47632,3274,50906,707
2022-01-10,Modoc,049,8938,632,622,214,836,6
2022-01-10,Mono,051,14174,2557,2415,79,2494,4
2022-01-10,Monterey,053,433212,59493,53485,5616,59101,645
2022-01-10,Napa,055,140530,19185,16775,464,17239,109
2022-01-10,Nevada,057,99092,12278,11300,568,11868,110
2022-01-10,Orange,059,3164182,448051,406170,31748,437918,5906
2022-01-10,Placer,061,380077,49472,45642,5289,50931,498
2022-01-10,Plumas,063,18699,2241,2086,98,2184,12
2022-01-10,Riverside,065,2383286,482110,445536,21993,467529,5546
2022-01-10,Sacramento,067,1510023,216611,198023,11898,209921,2474
2022-01-10,San Benito,069,59416,10062,9467,289,9756,83
2022-01-10,San Bernardino,071,2135413,477778,437207,18188,455395,6184
2022-01-10,San Diego,073,3302833,576957,530506,36881,567387,4500
2022-01-10,San Francisco,075,870044,92605,82209,5264,87473,690
2022-01-10,San Joaquin,077,732212,128901,119587,7148,126735,1927
2022-01-10,San Luis Obispo,079,281455,39507,36618,2225,38843,371
2022-01-10,San Mateo,081,765935,89349,75210,3324,78534,582
2022-01-10,Santa Barbara,083,443738,63706,58957,2564,61521,578
2022-01-10,Santa Clara,085,1922200,224766,203540,6056,209596,1971
2022-01-10,Santa Cruz,087,273765,30264,26906,1492,28398,232
2022-01-10,Shasta,089,179085,24949,23983,4211,28194,446
2022-01-10,Sierra,091,2930,242,223,28,251,0
2022-01-10,Siskiyou,093,43540,3730,3592,1668,5260,62
2022-01-10,Solano,095,438530,60532,55663,3055,58718,385
2022-01-10,Sonoma,097,501317,59989,54478,1423,55901,412
2022-01-10,Stanislaus,099,539301,94315,89997,11362,101359,1372
2022-01-10,Sutter,101,95872,16551,15823,681,16504,196
2022-01-10,Tehama,103,63373,9767,9360,1825,11185,140
2022-01-10,Trinity,105,12862,968,849,234,1083,19
2022-01-10,Tulare,107,460477,80340,75498,19110,94608,1186
2022-01-10,Tuolumne,109,53932,9312,8685,181,8866,91
2022-01-10,Ventura,111,848112,140063,126240,7610,133850,1217
2022-01-10,Yolo,113,214977,28219,26065,1927,27992,270
2022-01-10,Yuba,115,75493,12406,11776,569,12345,101
2022-01-09,Alameda,001,1643700,179230,162701,6825,169526,1561
2022-01-09,Alpine,003,1148,115,116,0,116,0
2022-01-09,Amador,005,37829,6485,6215,124,6339,71
2022-01-09,Butte,007,227075,25679,24018,4779,28797,347
2022-01-09,Calaveras,009,45235,5333,4976,97,5073,93
2022-01-09,Colusa,011,21464,2810,2750,799,3549,21
2022-01-09,Contra Costa,013,1133247,140688,128050,5923,133973,1077
2022-01-09,Del Norte,015,27424,4078,3950,77,4027,43
2022-01-09,El Dorado,017,186661,21024,19430,2208,21638,172
2022-01-09,Fresno,019,978130,168284,159989,15512,175501,2405
2022-01-09,Glenn,021,27897,3930,3797,1196,4993,39
2022-01-09,Humboldt,023,135768,12638,11582,1230,12812,121
2022-01-09,Imperial,025,180216,42621,40608,5957,46565,811
2022-01-09,Inyo,027,18085,3332,3149,76,3225,49
2022-01-09,Kern,029,883053,152727,144819,31045,175864,1927
2022-01-09,Kings,031,150075,37569,36041,2321,38362,389
2022-01-09,Lake,033,64148,7731,7393,314,7707,117
2022-01-09,Lassen,035,31185,7314,7172,478,7650,55
2022-01-09,Los Angeles,037,10098052,2106433,1887830,91166,1978996,27532
2022-01-09,Madera,039,155013,27565,26325,2916,29241,328
2022-01-09,Marin,041,260295,25688,23708,1295,25003,251
2022-01-09,Mariposa,043,17540,1788,1660,69,1729,6
2022-01-09,Mendocino,045,87422,9655,9097,914,10011,101
2022-01-09,Merced,047,269075,49216,47294,2999,50293,706
2022-01-09,Modoc,049,8938,630,619,214,833,6
2022-01-09,Mono,051,14174,2522,2390,72,2462,4
2022-01-09,Monterey,053,433212,58432,53251,5348,58599,645
2022-01-09,Napa,055,140530,18690,16614,448,17062,109
2022-01-09,Nevada,057,99092,12025,11152,507,11659,110
2022-01-09,Orange,059,3164182,438055,400563,30797,431360,5905
2022-01-09,Placer,061,380077,48477,45081,5139,50220,498
2022-01-09,Plumas,063,18699,2202,2081,78,2159,12
2022-01-09,Riverside,065,2383286,473125,440413,21452,461865,5546
2022-01-09,Sacramento,067,1510023,211818,195444,10782,206226,2475
2022-01-09,San Benito,069,59416,9876,9363,261,9624,83
2022-01-09,San Bernardino,071,2135413,469273,430257,17369,447626,6180
2022-01-09,San Diego,073,3302833,563840,478206,35026,513232,4500
2022-01-09,San Francisco,075,870044,90737,80463,5019,85482,690
2022-01-09,San Joaquin,077,732212,125823,118422,6980,125402,1927
2022-01-09,San Luis Obispo,079,281455,38702,36291,2119,38410,371
2022-01-09,San Mateo,081,765935,86837,73867,2998,76865,582
2022-01-09,Santa Barbara,083,443738,62021,58280,2302,60582,578
2022-01-09,Santa Clara,085,1922200,218717,199889,5521,205410,1976
2022-01-09,Santa Cruz,087,273765,29514,26513,1460,27973,232
2022-01-09,Shasta,089,179085,24709,23926,4124,28050,446
2022-01-09,Sierra,091,2930,239,223,26,249,0
2022-01-09,Siskiyou,093,43540,3701,3580,1609,5189,62
2022-01-09,Solano,095,438530,59377,54985,2774,57759,384
2022-01-09,Sonoma,097,501317,58314,53543,1386,54929,412
2022-01-09,Stanislaus,099,539301,92945,89248,11066,100314,1372
2022-01-09,Sutter,101,95872,16263,15695,601,16296,196
2022-01-09,Tehama,103,63373,9650,9306,1774,11080,140
2022-01-09,Trinity,105,12862,964,848,232,1080,19
2022-01-09,Tulare,107,460477,78933,75085,18739,93824,1186
2022-01-09,Tuolumne,109,53932,9154,8595,162,8757,91
2022-01-09,Ventura,111,848112,137012,124269,7367,131636,1217
2022-01-09,Yolo,113,214977,27611,25632,1882,27514,270
2022-01-09,Yuba,115,75493,12208,11666,538,12204,101
2022-01-08,Alameda,001,1643700,177327,148560,6684,155244,1558
2022-01-08,Alpine,003,1148,115,114,0,114,0
2022-01-08,Amador,005,37829,6454,6091,119,6210,71
2022-01-08,Butte,007,227075,25487,23429,4738,28167,347
2022-01-08,Calaveras,009,45235,5287,4823,93,4916,93
2022-01-08,Colusa,011,21464,2802,2713,796,3509,21
2022-01-08,Contra Costa,013,1133247,139128,119907,5840,125747,1077
2022-01-08,Del Norte,015,27424,4061,3902,77,3979,43
2022-01-08,El Dorado,017,186661,20843,18599,2174,20773,172
2022-01-08,Fresno,019,978130,167395,155394,15373,170767,2393
2022-01-08,Glenn,021,27897,3922,3732,1191,4923,39
2022-01-08,Humboldt,023,135768,12514,11149,1204,12353,121
2022-01-08,Imperial,025,180216,42433,39429,5815,45244,800
2022-01-08,Inyo,027,18085,3318,3020,73,3093,49
2022-01-08,Kern,029,883053,151590,140410,30615,171025,1921
2022-01-08,Kings,031,150075,37328,35275,2304,37579,390
2022-01-08,Lake,033,64148,7691,7209,306,7515,117
2022-01-08,Lassen,035,31185,7284,7127,462,7589,55
2022-01-08,Los Angeles,037,10098052,2088039,1765787,89437,1855224,27476
2022-01-08,Madera,039,155013,27398,25767,2878,28645,328
2022-01-08,Marin,041,260295,25403,22377,1284,23661,251
2022-01-08,Mariposa,043,17540,1778,1588,69,1657,6
2022-01-08,Mendocino,045,87422,9581,8792,912,9704,101
2022-01-08,Merced,047,269075,49038,46094,2975,49069,703
2022-01-08,Modoc,049,8938,630,610,214,824,6
2022-01-08,Mono,051,14174,2511,2240,67,2307,4
2022-01-08,Monterey,053,433212,58046,51721,5255,56976,644
2022-01-08,Napa,055,140530,18536,15819,422,16241,109
2022-01-08,Nevada,057,99092,11940,10765,494,11259,110
2022-01-08,Orange,059,3164182,434265,375124,29950,405074,5903
2022-01-08,Placer,061,380077,48034,43172,5097,48269,495
2022-01-08,Plumas,063,18699,2192,2053,73,2126,12
2022-01-08,Riverside,065,2383286,469605,422591,21184,443775,5535
2022-01-08,Sacramento,067,1510023,210381,185118,10624,195742,2470
2022-01-08,San Benito,069,59416,9715,9016,258,9274,83
2022-01-08,San Bernardino,071,2135413,465790,411724,16969,428693,6122
2022-01-08,San Diego,073,3302833,558939,472273,34483,506756,4495
2022-01-08,San Francisco,075,870044,89542,73660,4740,78400,690
2022-01-08,San Joaquin,077,732212,124855,112514,6881,119395,1916
2022-01-08,San Luis Obispo,079,281455,38499,34489,2076,36565,369
2022-01-08,San Mateo,081,765935,85453,67918,2911,70829,582
2022-01-08,Santa Barbara,083,443738,61326,54617,2268,56885,575
2022-01-08,Santa Clara,085,1922200,215678,183842,5313,189155,1966
2022-01-08,Santa Cruz,087,273765,29087,24678,1440,26118,230
2022-01-08,Shasta,089,179085,24618,23585,4093,27678,445
2022-01-08,Sierra,091,2930,235,215,25,240,0
2022-01-08,Siskiyou,093,43540,3689,3545,1595,5140,62
2022-01-08,Solano,095,438530,58969,52452,2702,55154,383
2022-01-08,Sonoma,097,501317,57791,50130,1352,51482,411
2022-01-08,Stanislaus,099,539301,92305,87049,10943,97992,1372
2022-01-08,Sutter,101,95872,16144,15261,588,15849,195
2022-01-08,Tehama,103,63373,9619,9109,1766,10875,140
2022-01-08,Trinity,105,12862,958,836,232,1068,19
2022-01-08,Tulare,107,460477,78537,73600,18605,92205,1185
2022-01-08,Tuolumne,109,53932,9048,8360,159,8519,91
2022-01-08,Ventura,111,848112,135844,117229,7233,124462,1216
2022-01-08,Yolo,113,214977,27317,24006,1854,25860,270
2022-01-08,Yuba,115,75493,12121,11277,535,11812,101
2022-01-07,Alameda,001,1643700,174641,148560,6569,155129,1558
2022-01-07,Alpine,003,1148,115,114,0,114,0
2022-01-07,Amador,005,37829,6405,6091,116,6207,71
2022-01-07,Butte,007,227075,25281,23429,4704,28133,347
2022-01-07,Calaveras,009,45235,5248,4823,93,4916,93
2022-01-07,Colusa,011,21464,2793,2713,785,3498,21
2022-01-07,Contra Costa,013,1133247,137188,119907,5716,125623,1077
2022-01-07,Del Norte,015,27424,4045,3902,76,3978,43
2022-01-07,El Dorado,017,186661,20673,18599,2161,20760,172
2022-01-07,Fresno,019,978130,166033,155394,15269,170663,2393
2022-01-07,Glenn,021,27897,3902,3732,1188,4920,39
2022-01-07,Humboldt,023,135768,12370,11149,1177,12326,121
2022-01-07,Imperial,025,180216,42275,39429,5731,45160,800
2022-01-07,Inyo,027,18085,3299,3020,71,3091,49
2022-01-07,Kern,029,883053,150619,140410,30173,170583,1921
2022-01-07,Kings,031,150075,37147,35275,2290,37565,390
2022-01-07,Lake,033,64148,7643,7209,281,7490,117
2022-01-07,Lassen,035,31185,7268,7127,459,7586,55
2022-01-07,Los Angeles,037,10098052,2056861,1765787,87976,1853763,27476
2022-01-07,Madera,039,155013,27216,25767,2841,28608,328
2022-01-07,Marin,041,260295,25022,22377,1266,23643,251
2022-01-07,Mariposa,043,17540,1762,1588,69,1657,6
2022-01-07,Mendocino,045,87422,9488,8792,911,9703,101
2022-01-07,Merced,047,269075,48865,46094,2951,49045,703
2022-01-07,Modoc,049,8938,629,610,214,824,6
2022-01-07,Mono,051,14174,2473,2240,61,2301,4
2022-01-07,Monterey,053,433212,57626,51721,5160,56881,644
2022-01-07,Napa,055,140530,18310,15819,401,16220,109
2022-01-07,Nevada,057,99092,11810,10765,473,11238,110
2022-01-07,Orange,059,3164182,429455,375124,29332,404456,5903
2022-01-07,Placer,061,380077,47529,43172,5047,48219,495
2022-01-07,Plumas,063,18699,2183,2053,72,2125,12
2022-01-07,Riverside,065,2383286,465778,422591,20955,443546,5535
2022-01-07,Sacramento,067,1510023,208116,185118,10471,195589,2470
2022-01-07,San Benito,069,59416,9670,9016,257,9273,83
2022-01-07,San Bernardino,071,2135413,461674,411724,16740,428464,6122
2022-01-07,San Diego,073,3302833,551827,472273,33935,506208,4495
2022-01-07,San Francisco,075,870044,88100,73660,4482,78142,690
2022-01-07,San Joaquin,077,732212,123902,112514,6820,119334,1916
2022-01-07,San Luis Obispo,079,281455,38284,34489,2021,36510,369
2022-01-07,San Mateo,081,765935,83987,67918,2852,70770,582
2022-01-07,Santa Barbara,083,443738,60631,54617,2247,56864,575
2022-01-07,Santa Clara,085,1922200,212433,183842,5204,189046,1966
2022-01-07,Santa Cruz,087,273765,28607,24678,1424,26102,230
2022-01-07,Shasta,089,179085,24519,23585,4059,27644,445
2022-01-07,Sierra,091,2930,232,215,25,240,0
2022-01-07,Siskiyou,093,43540,3678,3545,1583,5128,62
2022-01-07,Solano,095,438530,58286,52452,2657,55109,383
2022-01-07,Sonoma,097,501317,57189,50130,1267,51397,411
2022-01-07,Stanislaus,099,539301,91777,87049,10842,97891,1372
2022-01-07,Sutter,101,95872,15994,15261,575,15836,195
2022-01-07,Tehama,103,63373,9583,9109,1753,10862,140
2022-01-07,Trinity,105,12862,951,836,231,1067,19
2022-01-07,Tulare,107,460477,78112,73600,18465,92065,1185
2022-01-07,Tuolumne,109,53932,8960,8360,155,8515,91
2022-01-07,Ventura,111,848112,134218,117229,7098,124327,1216
2022-01-07,Yolo,113,214977,26943,24006,1835,25841,270
2022-01-07,Yuba,115,75493,12015,11277,530,11807,101
2022-01-06,Alameda,001,1643700,169374,148560,6164,154724,1558
2022-01-06,Alpine,003,1148,114,114,0,114,0
2022-01-06,Amador,005,37829,6354,6091,111,6202,71
2022-01-06,Butte,007,227075,24987,23429,4620,28049,347
2022-01-06,Calaveras,009,45235,5131,4823,91,4914,93
2022-01-06,Colusa,011,21464,2774,2713,777,3490,21
2022-01-06,Contra Costa,013,1133247,134105,119907,5294,125201,1077
2022-01-06,Del Norte,015,27424,4011,3902,74,3976,43
2022-01-06,El Dorado,017,186661,20335,18599,2124,20723,172
2022-01-06,Fresno,019,978130,163901,155394,15005,170399,2393
2022-01-06,Glenn,021,27897,3875,3732,1162,4894,39
2022-01-06,Humboldt,023,135768,12143,11149,1136,12285,121
2022-01-06,Imperial,025,180216,41691,39429,5530,44959,800
2022-01-06,Inyo,027,18085,3261,3020,71,3091,49
2022-01-06,Kern,029,883053,148951,140410,29507,169917,1921
2022-01-06,Kings,031,150075,36822,35275,2265,37540,390
2022-01-06,Lake,033,64148,7569,7209,270,7479,117
2022-01-06,Lassen,035,31185,7245,7127,453,7580,55
2022-01-06,Los Angeles,037,10098052,2002703,1765787,85630,1851417,27476
2022-01-06,Madera,039,155013,26911,25767,2783,28550,328
2022-01-06,Marin,041,260295,24619,22377,1233,23610,251
2022-01-06,Mariposa,043,17540,1743,1588,69,1657,6
2022-01-06,Mendocino,045,87422,9391,8792,872,9664,101
2022-01-06,Merced,047,269075,48305,46094,2805,48899,703
2022-01-06,Modoc,049,8938,628,610,214,824,6
2022-01-06,Mono,051,14174,2450,2240,58,2298,4
2022-01-06,Monterey,053,433212,56903,51721,4909,56630,644
2022-01-06,Napa,055,140530,17913,15819,392,16211,109
2022-01-06,Nevada,057,99092,11612,10765,461,11226,110
2022-01-06,Orange,059,3164182,420005,375124,28593,403717,5903
2022-01-06,Placer,061,380077,46790,43172,4959,48131,495
2022-01-06,Plumas,063,18699,2165,2053,64,2117,12
2022-01-06,Riverside,065,2383286,458309,422591,20668,443259,5535
2022-01-06,Sacramento,067,1510023,204063,185118,9735,194853,2470
2022-01-06,San Benito,069,59416,9569,9016,250,9266,83
2022-01-06,San Bernardino,071,2135413,454000,411724,16251,427975,6122
2022-01-06,San Diego,073,3302833,540191,472273,32933,505206,4495
2022-01-06,San Francisco,075,870044,85771,73660,4228,77888,690
2022-01-06,San Joaquin,077,732212,121731,112514,6734,119248,1916
2022-01-06,San Luis Obispo,079,281455,37585,34489,1951,36440,369
2022-01-06,San Mateo,081,765935,81565,67918,2672,70590,582
2022-01-06,Santa Barbara,083,443738,59463,54617,2188,56805,575
2022-01-06,Santa Clara,085,1922200,207531,183842,4818,188660,1966
2022-01-06,Santa Cruz,087,273765,28047,24678,1400,26078,230
2022-01-06,Shasta,089,179085,24372,23585,4009,27594,445
2022-01-06,Sierra,091,2930,229,215,25,240,0
2022-01-06,Siskiyou,093,43540,3662,3545,1537,5082,62
2022-01-06,Solano,095,438530,57274,52452,2472,54924,383
2022-01-06,Sonoma,097,501317,55797,50130,1234,51364,411
2022-01-06,Stanislaus,099,539301,90626,87049,10672,97721,1372
2022-01-06,Sutter,101,95872,15817,15261,547,15808,195
2022-01-06,Tehama,103,63373,9505,9109,1726,10835,140
2022-01-06,Trinity,105,12862,944,836,230,1066,19
2022-01-06,Tulare,107,460477,77407,73600,18297,91897,1185
2022-01-06,Tuolumne,109,53932,8848,8360,149,8509,91
2022-01-06,Ventura,111,848112,131533,117229,6938,124167,1216
2022-01-06,Yolo,113,214977,26383,24006,1791,25797,270
2022-01-06,Yuba,115,75493,11880,11277,513,11790,101
2022-01-05,Alameda,001,1643700,164328,144824,5748,150572,1548
2022-01-05,Alpine,003,1148,114,112,0,112,0
2022-01-05,Amador,005,37829,6311,6012,108,6120,70
2022-01-05,Butte,007,227075,24673,23134,4559,27693,343
2022-01-05,Calaveras,009,45235,5076,4758,89,4847,90
2022-01-05,Colusa,011,21464,2761,2704,766,3470,21
2022-01-05,Contra Costa,013,1133247,130885,117188,4841,122029,1071
2022-01-05,Del Norte,015,27424,3991,3862,72,3934,43
2022-01-05,El Dorado,017,186661,19943,18367,2095,20462,171
2022-01-05,Fresno,019,978130,161881,153033,14724,167757,2377
2022-01-05,Glenn,021,27897,3826,3700,1152,4852,39
2022-01-05,Humboldt,023,135768,11939,10938,1088,12026,120
2022-01-05,Imperial,025,180216,41064,38789,5377,44166,800
2022-01-05,Inyo,027,18085,3179,2939,67,3006,49
2022-01-05,Kern,029,883053,147167,138186,28937,167123,1913
2022-01-05,Kings,031,150075,36479,34893,2246,37139,387
2022-01-05,Lake,033,64148,7486,7129,254,7383,117
2022-01-05,Lassen,035,31185,7225,7077,445,7522,55
2022-01-05,Los Angeles,037,10098052,1946405,1729640,83251,1812891,27443
2022-01-05,Madera,039,155013,26671,25392,2690,28082,327
2022-01-05,Marin,041,260295,24273,21829,1184,23013,251
2022-01-05,Mariposa,043,17540,1717,1564,68,1632,6
2022-01-05,Mendocino,045,87422,9260,8625,837,9462,101
2022-01-05,Merced,047,269075,47637,45721,2670,48391,700
2022-01-05,Modoc,049,8938,625,603,214,817,6
2022-01-05,Mono,051,14174,2431,2201,54,2255,4
2022-01-05,Monterey,053,433212,56079,51241,4711,55952,639
2022-01-05,Napa,055,140530,17550,15494,362,15856,108
2022-01-05,Nevada,057,99092,11416,10624,444,11068,110
2022-01-05,Orange,059,3164182,409962,366139,27539,393678,5869
2022-01-05,Placer,061,380077,45906,42456,4866,47322,492
2022-01-05,Plumas,063,18699,2145,2020,62,2082,12
2022-01-05,Riverside,065,2383286,450858,415253,20317,435570,5502
2022-01-05,Sacramento,067,1510023,199289,181488,8787,190275,2455
2022-01-05,San Benito,069,59416,9375,8829,238,9067,83
2022-01-05,San Bernardino,071,2135413,445248,405323,15692,421015,6085
2022-01-05,San Diego,073,3302833,526607,466602,31952,498554,4495
2022-01-05,San Francisco,075,870044,83196,71405,4090,75495,686
2022-01-05,San Joaquin,077,732212,119198,110497,6654,117151,1903
2022-01-05,San Luis Obispo,079,281455,36789,34066,1874,35940,369
2022-01-05,San Mateo,081,765935,79391,66018,2474,68492,578
2022-01-05,Santa Barbara,083,443738,58158,53082,2109,55191,570
2022-01-05,Santa Clara,085,1922200,201766,178629,4401,183030,1961
2022-01-05,Santa Cruz,087,273765,27292,24394,1379,25773,229
2022-01-05,Shasta,089,179085,24216,23361,3980,27341,441
2022-01-05,Sierra,091,2930,226,210,23,233,0
2022-01-05,Siskiyou,093,43540,3652,3513,1508,5021,60
2022-01-05,Solano,095,438530,56228,51505,2337,53842,380
2022-01-05,Sonoma,097,501317,54533,49120,1077,50197,412
2022-01-05,Stanislaus,099,539301,89635,86248,10499,96747,1360
2022-01-05,Sutter,101,95872,15615,15117,508,15625,193
2022-01-05,Tehama,103,63373,9408,9011,1695,10706,140
2022-01-05,Trinity,105,12862,940,822,228,1050,19
2022-01-05,Tulare,107,460477,76629,72718,18124,90842,1173
2022-01-05,Tuolumne,109,53932,8756,8223,142,8365,90
2022-01-05,Ventura,111,848112,128785,114752,6730,121482,1211
2022-01-05,Yolo,113,214977,25771,23401,1752,25153,269
2022-01-05,Yuba,115,75493,11697,11138,487,11625,100
2022-01-04,Alameda,001,1643700,158811,143360,5337,148697,1532
2022-01-04,Alpine,003,1148,114,113,0,113,0
2022-01-04,Amador,005,37829,6244,6025,102,6127,71
2022-01-04,Butte,007,227075,24372,23094,4488,27582,346
2022-01-04,Calaveras,009,45235,5002,4767,86,4853,93
2022-01-04,Colusa,011,21464,2744,2689,760,3449,21
2022-01-04,Contra Costa,013,1133247,127584,116005,4471,120476,1075
2022-01-04,Del Norte,015,27424,3959,3882,69,3951,43
2022-01-04,El Dorado,017,186661,19585,18339,2074,20413,172
2022-01-04,Fresno,019,978130,159732,153244,14471,167715,2380
2022-01-04,Glenn,021,27897,3797,3705,1137,4842,39
2022-01-04,Humboldt,023,135768,11692,10865,1038,11903,120
2022-01-04,Imperial,025,180216,40463,38596,5116,43712,800
2022-01-04,Inyo,027,18085,3096,2870,66,2936,49
2022-01-04,Kern,029,883053,145238,138245,28357,166602,1916
2022-01-04,Kings,031,150075,36155,34931,2229,37160,388
2022-01-04,Lake,033,64148,7445,7152,245,7397,117
2022-01-04,Lassen,035,31185,7202,7111,441,7552,55
2022-01-04,Los Angeles,037,10098052,1886452,1705253,80917,1786170,27419
2022-01-04,Madera,039,155013,26328,25425,2619,28044,328
2022-01-04,Marin,041,260295,23792,21675,1125,22800,251
2022-01-04,Mariposa,043,17540,1681,1564,67,1631,6
2022-01-04,Mendocino,045,87422,9137,8636,813,9449,101
2022-01-04,Merced,047,269075,47016,45583,2541,48124,700
2022-01-04,Modoc,049,8938,622,611,214,825,6
2022-01-04,Mono,051,14174,2382,2190,44,2234,4
2022-01-04,Monterey,053,433212,55348,51176,4487,55663,643
2022-01-04,Napa,055,140530,17044,15370,332,15702,107
2022-01-04,Nevada,057,99092,11258,10608,431,11039,110
2022-01-04,Orange,059,3164182,399210,362051,26394,388445,5897
2022-01-04,Placer,061,380077,45070,42285,4750,47035,494
2022-01-04,Plumas,063,18699,2119,2014,60,2074,12
2022-01-04,Riverside,065,2383286,442334,413366,19969,433335,5504
2022-01-04,Sacramento,067,1510023,194310,181271,8067,189338,2453
2022-01-04,San Benito,069,59416,9187,8763,230,8993,79
2022-01-04,San Bernardino,071,2135413,436056,404409,15153,419562,6060
2022-01-04,San Diego,073,3302833,510271,458499,30986,489485,4487
2022-01-04,San Francisco,075,870044,80347,70666,3949,74615,688
2022-01-04,San Joaquin,077,732212,116782,110374,6500,116874,1911
2022-01-04,San Luis Obispo,079,281455,35983,33788,1787,35575,371
2022-01-04,San Mateo,081,765935,77083,65157,2286,67443,582
2022-01-04,Santa Barbara,083,443738,56634,52449,2032,54481,574
2022-01-04,Santa Clara,085,1922200,195798,176854,3934,180788,1964
2022-01-04,Santa Cruz,087,273765,26531,23904,1344,25248,228
2022-01-04,Shasta,089,179085,24071,23366,3926,27292,442
2022-01-04,Sierra,091,2930,225,214,22,236,0
2022-01-04,Siskiyou,093,43540,3637,3509,1489,4998,61
2022-01-04,Solano,095,438530,54920,51300,2140,53440,383
2022-01-04,Sonoma,097,501317,52826,48653,957,49610,410
2022-01-04,Stanislaus,099,539301,88575,86107,10329,96436,1361
2022-01-04,Sutter,101,95872,15462,15032,484,15516,193
2022-01-04,Tehama,103,63373,9330,9020,1673,10693,140
2022-01-04,Trinity,105,12862,935,833,224,1057,18
2022-01-04,Tulare,107,460477,75842,72893,17926,90819,1172
2022-01-04,Tuolumne,109,53932,8644,8235,137,8372,91
2022-01-04,Ventura,111,848112,125728,114079,6500,120579,1213
2022-01-04,Yolo,113,214977,25119,22938,1708,24646,270
2022-01-04,Yuba,115,75493,11517,11104,471,11575,101
2022-01-03,Alameda,001,1643700,152813,142090,4899,146989,1529
2022-01-03,Alpine,003,1148,113,113,0,113,0
2022-01-03,Amador,005,37829,6182,6004,97,6101,71
2022-01-03,Butte,007,227075,24073,22924,4431,27355,345
2022-01-03,Calaveras,009,45235,4941,4742,80,4822,93
2022-01-03,Colusa,011,21464,2734,2683,753,3436,21
2022-01-03,Contra Costa,013,1133247,124173,114966,3887,118853,1073
2022-01-03,Del Norte,015,27424,3939,3873,65,3938,43
2022-01-03,El Dorado,017,186661,19190,18183,2045,20228,172
2022-01-03,Fresno,019,978130,157747,152674,14267,166941,2379
2022-01-03,Glenn,021,27897,3768,3703,1102,4805,39
2022-01-03,Humboldt,023,135768,11482,10784,990,11774,119
2022-01-03,Imperial,025,180216,39832,38411,4940,43351,800
2022-01-03,Inyo,027,18085,3027,2845,62,2907,49
2022-01-03,Kern,029,883053,143244,137773,27762,165535,1916
2022-01-03,Kings,031,150075,35832,34817,2200,37017,387
2022-01-03,Lake,033,64148,7343,7134,227,7361,117
2022-01-03,Lassen,035,31185,7184,7103,438,7541,55
2022-01-03,Los Angeles,037,10098052,1825647,1686203,78175,1764378,27394
2022-01-03,Madera,039,155013,26035,25323,2575,27898,320
2022-01-03,Marin,041,260295,23199,21532,1086,22618,251
2022-01-03,Mariposa,043,17540,1639,1559,67,1626,6
2022-01-03,Mendocino,045,87422,8989,8573,763,9336,101
2022-01-03,Merced,047,269075,46413,45459,2429,47888,696
2022-01-03,Modoc,049,8938,619,602,214,816,6
2022-01-03,Mono,051,14174,2304,2172,39,2211,4
2022-01-03,Monterey,053,433212,54520,51047,4281,55328,644
2022-01-03,Napa,055,140530,16535,15260,300,15560,107
2022-01-03,Nevada,057,99092,11094,10572,422,10994,110
2022-01-03,Orange,059,3164182,388039,358052,25188,383240,5894
2022-01-03,Placer,061,380077,44247,42054,4689,46743,489
2022-01-03,Plumas,063,18699,2099,2005,60,2065,12
2022-01-03,Riverside,065,2383286,433862,410155,19475,429630,5504
2022-01-03,Sacramento,067,1510023,189150,179992,7514,187506,2452
2022-01-03,San Benito,069,59416,9025,8688,223,8911,79
2022-01-03,San Bernardino,071,2135413,427124,401938,14685,416623,6056
2022-01-03,San Diego,073,3302833,494180,451154,30025,481179,4476
2022-01-03,San Francisco,075,870044,77534,69315,3697,73012,686
2022-01-03,San Joaquin,077,732212,114465,109757,6374,116131,1903
2022-01-03,San Luis Obispo,079,281455,35173,33667,1694,35361,367
2022-01-03,San Mateo,081,765935,74367,64470,2129,66599,582
2022-01-03,Santa Barbara,083,443738,55173,51912,1939,53851,571
2022-01-03,Santa Clara,085,1922200,189861,174215,3461,177676,1963
2022-01-03,Santa Cruz,087,273765,25723,23765,1313,25078,228
2022-01-03,Shasta,089,179085,23894,23301,3899,27200,440
2022-01-03,Sierra,091,2930,218,213,21,234,0
2022-01-03,Siskiyou,093,43540,3610,3500,1467,4967,61
2022-01-03,Solano,095,438530,53621,51030,1954,52984,380
2022-01-03,Sonoma,097,501317,51128,48391,861,49252,410
2022-01-03,Stanislaus,099,539301,87583,85793,10139,95932,1332
2022-01-03,Sutter,101,95872,15304,14973,464,15437,193
2022-01-03,Tehama,103,63373,9255,9005,1647,10652,140
2022-01-03,Trinity,105,12862,930,833,223,1056,18
2022-01-03,Tulare,107,460477,75145,72664,17723,90387,1167
2022-01-03,Tuolumne,109,53932,8508,8179,133,8312,91
2022-01-03,Ventura,111,848112,122559,112762,6261,119023,1211
2022-01-03,Yolo,113,214977,24436,22563,1645,24208,270
2022-01-03,Yuba,115,75493,11384,11037,452,11489,99
2022-01-02,Alameda,001,1643700,148344,133486,4416,137902,1528
2022-01-02,Alpine,003,1148,111,113,0,113,0
2022-01-02,Amador,005,37829,6114,5913,92,6005,70
2022-01-02,Butte,007,227075,23731,22469,4369,26838,341
2022-01-02,Calaveras,009,45235,4870,4668,72,4740,93
2022-01-02,Colusa,011,21464,2728,2659,742,3401,21
2022-01-02,Contra Costa,013,1133247,120599,109593,3451,113044,1073
2022-01-02,Del Norte,015,27424,3907,3841,63,3904,43
2022-01-02,El Dorado,017,186661,18853,17621,1994,19615,172
2022-01-02,Fresno,019,978130,156017,149927,14041,163968,2379
2022-01-02,Glenn,021,27897,3749,3663,1093,4756,39
2022-01-02,Humboldt,023,135768,11240,10381,914,11295,119
2022-01-02,Imperial,025,180216,39177,37672,4731,42403,800
2022-01-02,Inyo,027,18085,2957,2726,51,2777,49
2022-01-02,Kern,029,883053,141327,136123,27170,163293,1917
2022-01-02,Kings,031,150075,35509,34318,2166,36484,386
2022-01-02,Lake,033,64148,7272,7060,213,7273,117
2022-01-02,Lassen,035,31185,7168,7089,436,7525,55
2022-01-02,Los Angeles,037,10098052,1774468,1596123,75307,1671430,27371
2022-01-02,Madera,039,155013,25783,25002,2522,27524,320
2022-01-02,Marin,041,260295,22635,20475,1015,21490,249
2022-01-02,Mariposa,043,17540,1608,1509,65,1574,6
2022-01-02,Mendocino,045,87422,8865,8422,745,9167,101
2022-01-02,Merced,047,269075,45872,44769,2329,47098,694
2022-01-02,Modoc,049,8938,617,601,213,814,6
2022-01-02,Mono,051,14174,2275,2101,34,2135,4
2022-01-02,Monterey,053,433212,53894,50251,4071,54322,643
2022-01-02,Napa,055,140530,15995,14439,289,14728,107
2022-01-02,Nevada,057,99092,10906,10299,407,10706,110
2022-01-02,Orange,059,3164182,377019,339526,24035,363561,5890
2022-01-02,Placer,061,380077,43521,40857,4602,45459,489
2022-01-02,Plumas,063,18699,2083,1994,56,2050,12
2022-01-02,Riverside,065,2383286,425525,397124,18959,416083,5501
2022-01-02,Sacramento,067,1510023,185059,173562,6682,180244,2448
2022-01-02,San Benito,069,59416,8845,8320,208,8528,79
2022-01-02,San Bernardino,071,2135413,418980,386278,14127,400405,6051
2022-01-02,San Diego,073,3302833,479160,427087,28846,455933,4469
2022-01-02,San Francisco,075,870044,74593,64498,3457,67955,682
2022-01-02,San Joaquin,077,732212,112583,106640,6230,112870,1902
2022-01-02,San Luis Obispo,079,281455,34438,32342,1611,33953,365
2022-01-02,San Mateo,081,765935,71800,60504,1889,62393,581
2022-01-02,Santa Barbara,083,443738,53739,49555,1878,51433,568
2022-01-02,Santa Clara,085,1922200,183712,164547,3062,167609,1969
2022-01-02,Santa Cruz,087,273765,25056,22980,1280,24260,228
2022-01-02,Shasta,089,179085,23702,23161,3850,27011,435
2022-01-02,Sierra,091,2930,217,206,21,227,0
2022-01-02,Siskiyou,093,43540,3585,3474,1444,4918,61
2022-01-02,Solano,095,438530,52678,48957,1790,50747,379
2022-01-02,Sonoma,097,501317,49809,46040,824,46864,410
2022-01-02,Stanislaus,099,539301,86727,84367,10002,94369,1332
2022-01-02,Sutter,101,95872,15131,14741,445,15186,193
2022-01-02,Tehama,103,63373,9192,8944,1624,10568,139
2022-01-02,Trinity,105,12862,928,832,222,1054,17
2022-01-02,Tulare,107,460477,74485,71941,17530,89471,1160
2022-01-02,Tuolumne,109,53932,8401,8044,128,8172,91
2022-01-02,Ventura,111,848112,119636,107992,6041,114033,1211
2022-01-02,Yolo,113,214977,23758,21747,1579,23326,270
2022-01-02,Yuba,115,75493,11260,10844,436,11280,99
2022-01-01,Alameda,001,1643700,146501,133486,4160,137646,1528
2022-01-01,Alpine,003,1148,111,113,0,113,0
2022-01-01,Amador,005,37829,6078,5913,87,6000,70
2022-01-01,Butte,007,227075,23535,22469,4331,26800,341
2022-01-01,Calaveras,009,45235,4831,4668,70,4738,93
2022-01-01,Colusa,011,21464,2724,2659,732,3391,21
2022-01-01,Contra Costa,013,1133247,119232,109593,3326,112919,1073
2022-01-01,Del Norte,015,27424,3902,3841,63,3904,43
2022-01-01,El Dorado,017,186661,18704,17621,1979,19600,172
2022-01-01,Fresno,019,978130,155345,149927,13959,163886,2379
2022-01-01,Glenn,021,27897,3742,3663,1093,4756,39
2022-01-01,Humboldt,023,135768,11101,10381,893,11274,119
2022-01-01,Imperial,025,180216,39029,37672,4682,42354,800
2022-01-01,Inyo,027,18085,2928,2726,49,2775,49
2022-01-01,Kern,029,883053,140627,136123,26865,162988,1917
2022-01-01,Kings,031,150075,35367,34318,2139,36457,386
2022-01-01,Lake,033,64148,7234,7060,208,7268,117
2022-01-01,Lassen,035,31185,7162,7089,431,7520,55
2022-01-01,Los Angeles,037,10098052,1754344,1596123,73366,1669489,27371
2022-01-01,Madera,039,155013,25699,25002,2508,27510,320
2022-01-01,Marin,041,260295,22322,20475,974,21449,249
2022-01-01,Mariposa,043,17540,1597,1509,65,1574,6
2022-01-01,Mendocino,045,87422,8773,8422,739,9161,101
2022-01-01,Merced,047,269075,45739,44769,2315,47084,694
2022-01-01,Modoc,049,8938,614,601,213,814,6
2022-01-01,Mono,051,14174,2251,2101,29,2130,4
2022-01-01,Monterey,053,433212,53585,50251,3984,54235,643
2022-01-01,Napa,055,140530,15845,14439,274,14713,107
2022-01-01,Nevada,057,99092,10830,10299,400,10699,110
2022-01-01,Orange,059,3164182,372799,339526,23327,362853,5890
2022-01-01,Placer,061,380077,43218,40857,4536,45393,489
2022-01-01,Plumas,063,18699,2071,1994,56,2050,12
2022-01-01,Riverside,065,2383286,422033,397124,18757,415881,5501
2022-01-01,Sacramento,067,1510023,183785,173562,6426,179988,2448
2022-01-01,San Benito,069,59416,8755,8320,208,8528,79
2022-01-01,San Bernardino,071,2135413,415715,386278,13847,400125,6051
2022-01-01,San Diego,073,3302833,473210,427087,28326,455413,4469
2022-01-01,San Francisco,075,870044,73194,64498,3246,67744,682
2022-01-01,San Joaquin,077,732212,111877,106640,6157,112797,1902
2022-01-01,San Luis Obispo,079,281455,34235,32342,1602,33944,365
2022-01-01,San Mateo,081,765935,70331,60504,1740,62244,581
2022-01-01,Santa Barbara,083,443738,52999,49555,1843,51398,568
2022-01-01,Santa Clara,085,1922200,180675,164547,2866,167413,1969
2022-01-01,Santa Cruz,087,273765,24735,22980,1262,24242,228
2022-01-01,Shasta,089,179085,23618,23161,3832,26993,435
2022-01-01,Sierra,091,2930,216,206,21,227,0
2022-01-01,Siskiyou,093,43540,3582,3474,1434,4908,61
2022-01-01,Solano,095,438530,52411,48957,1731,50688,379
2022-01-01,Sonoma,097,501317,49415,46040,794,46834,410
2022-01-01,Stanislaus,099,539301,86320,84367,9915,94282,1332
2022-01-01,Sutter,101,95872,15054,14741,443,15184,193
2022-01-01,Tehama,103,63373,9160,8944,1612,10556,139
2022-01-01,Trinity,105,12862,925,832,222,1054,17
2022-01-01,Tulare,107,460477,74240,71941,17430,89371,1160
2022-01-01,Tuolumne,109,53932,8341,8044,125,8169,91
2022-01-01,Ventura,111,848112,118251,107992,5912,113904,1211
2022-01-01,Yolo,113,214977,23338,21747,1539,23286,270
2022-01-01,Yuba,115,75493,11194,10844,430,11274,99
2021-12-31,Alameda,001,1643700,145712,133486,4060,137546,1528
2021-12-31,Alpine,003,1148,111,113,0,113,0
2021-12-31,Amador,005,37829,6054,5913,86,5999,70
2021-12-31,Butte,007,227075,23428,22469,4296,26765,341
2021-12-31,Calaveras,009,45235,4798,4668,70,4738,93
2021-12-31,Colusa,011,21464,2715,2659,726,3385,21
2021-12-31,Contra Costa,013,1133247,118341,109593,3247,112840,1073
2021-12-31,Del Norte,015,27424,3893,3841,61,3902,43
2021-12-31,El Dorado,017,186661,18621,17621,1961,19582,172
2021-12-31,Fresno,019,978130,155036,149927,13937,163864,2379
2021-12-31,Glenn,021,27897,3741,3663,1091,4754,39
2021-12-31,Humboldt,023,135768,11014,10381,874,11255,119
2021-12-31,Imperial,025,180216,38897,37672,4666,42338,800
2021-12-31,Inyo,027,18085,2901,2726,48,2774,49
2021-12-31,Kern,029,883053,140119,136123,26728,162851,1917
2021-12-31,Kings,031,150075,35257,34318,2129,36447,386
2021-12-31,Lake,033,64148,7211,7060,203,7263,117
2021-12-31,Lassen,035,31185,7148,7089,431,7520,55
2021-12-31,Los Angeles,037,10098052,1743567,1596123,72618,1668741,27371
2021-12-31,Madera,039,155013,25630,25002,2491,27493,320
2021-12-31,Marin,041,260295,22166,20475,943,21418,249
2021-12-31,Mariposa,043,17540,1590,1509,64,1573,6
2021-12-31,Mendocino,045,87422,8740,8422,736,9158,101
2021-12-31,Merced,047,269075,45655,44769,2297,47066,694
2021-12-31,Modoc,049,8938,610,601,211,812,6
2021-12-31,Mono,051,14174,2239,2101,28,2129,4
2021-12-31,Monterey,053,433212,53458,50251,3918,54169,643
2021-12-31,Napa,055,140530,15733,14439,264,14703,107
2021-12-31,Nevada,057,99092,10763,10299,394,10693,110
2021-12-31,Orange,059,3164182,370285,339526,22904,362430,5890
2021-12-31,Placer,061,380077,42985,40857,4470,45327,489
2021-12-31,Plumas,063,18699,2066,1994,56,2050,12
2021-12-31,Riverside,065,2383286,420345,397124,18602,415726,5501
2021-12-31,Sacramento,067,1510023,182919,173562,6320,179882,2448
2021-12-31,San Benito,069,59416,8741,8320,207,8527,79
2021-12-31,San Bernardino,071,2135413,413403,386278,13656,399934,6051
2021-12-31,San Diego,073,3302833,469992,427087,28007,455094,4469
2021-12-31,San Francisco,075,870044,72267,64498,3188,67686,682
2021-12-31,San Joaquin,077,732212,111250,106640,6091,112731,1902
2021-12-31,San Luis Obispo,079,281455,34127,32342,1590,33932,365
2021-12-31,San Mateo,081,765935,69451,60504,1688,62192,581
2021-12-31,Santa Barbara,083,443738,52600,49555,1831,51386,568
2021-12-31,Santa Clara,085,1922200,178720,164547,2727,167274,1969
2021-12-31,Santa Cruz,087,273765,24498,22980,1241,24221,228
2021-12-31,Shasta,089,179085,23555,23161,3811,26972,435
2021-12-31,Sierra,091,2930,216,206,21,227,0
2021-12-31,Siskiyou,093,43540,3575,3474,1423,4897,61
2021-12-31,Solano,095,438530,52255,48957,1705,50662,379
2021-12-31,Sonoma,097,501317,49162,46040,781,46821,410
2021-12-31,Stanislaus,099,539301,85992,84367,9854,94221,1332
2021-12-31,Sutter,101,95872,14993,14741,437,15178,193
2021-12-31,Tehama,103,63373,9128,8944,1603,10547,139
2021-12-31,Trinity,105,12862,924,832,222,1054,17
2021-12-31,Tulare,107,460477,74036,71941,17346,89287,1160
2021-12-31,Tuolumne,109,53932,8296,8044,124,8168,91
2021-12-31,Ventura,111,848112,117277,107992,5830,113822,1211
2021-12-31,Yolo,113,214977,23117,21747,1517,23264,270
2021-12-31,Yuba,115,75493,11137,10844,424,11268,99
2021-12-30,Alameda,001,1643700,144413,133486,3925,137411,1528
2021-12-30,Alpine,003,1148,110,113,0,113,0
2021-12-30,Amador,005,37829,6035,5913,85,5998,70
2021-12-30,Butte,007,227075,23295,22469,4271,26740,341
2021-12-30,Calaveras,009,45235,4779,4668,70,4738,93
2021-12-30,Colusa,011,21464,2714,2659,724,3383,21
2021-12-30,Contra Costa,013,1133247,117245,109593,3137,112730,1073
2021-12-30,Del Norte,015,27424,3882,3841,60,3901,43
2021-12-30,El Dorado,017,186661,18515,17621,1940,19561,172
2021-12-30,Fresno,019,978130,154504,149927,13867,163794,2379
2021-12-30,Glenn,021,27897,3735,3663,1088,4751,39
2021-12-30,Humboldt,023,135768,10947,10381,862,11243,119
2021-12-30,Imperial,025,180216,38729,37672,4556,42228,800
2021-12-30,Inyo,027,18085,2882,2726,46,2772,49
2021-12-30,Kern,029,883053,139585,136123,26428,162551,1917
2021-12-30,Kings,031,150075,35139,34318,2114,36432,386
2021-12-30,Lake,033,64148,7196,7060,198,7258,117
2021-12-30,Lassen,035,31185,7142,7089,431,7520,55
2021-12-30,Los Angeles,037,10098052,1720253,1596123,71367,1667490,27371
2021-12-30,Madera,039,155013,25554,25002,2471,27473,320
2021-12-30,Marin,041,260295,21988,20475,918,21393,249
2021-12-30,Mariposa,043,17540,1584,1509,64,1573,6
2021-12-30,Mendocino,045,87422,8723,8422,725,9147,101
2021-12-30,Merced,047,269075,45553,44769,2282,47051,694
2021-12-30,Modoc,049,8938,609,601,211,812,6
2021-12-30,Mono,051,14174,2234,2101,27,2128,4
2021-12-30,Monterey,053,433212,53146,50251,3857,54108,643
2021-12-30,Napa,055,140530,15589,14439,255,14694,107
2021-12-30,Nevada,057,99092,10699,10299,385,10684,110
2021-12-30,Orange,059,3164182,365196,339526,22351,361877,5890
2021-12-30,Placer,061,380077,42709,40857,4423,45280,489
2021-12-30,Plumas,063,18699,2062,1994,55,2049,12
2021-12-30,Riverside,065,2383286,417077,397124,18450,415574,5501
2021-12-30,Sacramento,067,1510023,181663,173562,6174,179736,2448
2021-12-30,San Benito,069,59416,8695,8320,205,8525,79
2021-12-30,San Bernardino,071,2135413,410783,386278,13508,399786,6051
2021-12-30,San Diego,073,3302833,464849,427087,27495,454582,4469
2021-12-30,San Francisco,075,870044,71176,64498,3116,67614,682
2021-12-30,San Joaquin,077,732212,110654,106640,6047,112687,1902
2021-12-30,San Luis Obispo,079,281455,34008,32342,1577,33919,365
2021-12-30,San Mateo,081,765935,68407,60504,1559,62063,581
2021-12-30,Santa Barbara,083,443738,52122,49555,1812,51367,568
2021-12-30,Santa Clara,085,1922200,176443,164547,2603,167150,1969
2021-12-30,Santa Cruz,087,273765,24259,22980,1207,24187,228
2021-12-30,Shasta,089,179085,23502,23161,3805,26966,435
2021-12-30,Sierra,091,2930,216,206,21,227,0
2021-12-30,Siskiyou,093,43540,3566,3474,1421,4895,61
2021-12-30,Solano,095,438530,51906,48957,1658,50615,379
2021-12-30,Sonoma,097,501317,48826,46040,772,46812,410
2021-12-30,Stanislaus,099,539301,85675,84367,9794,94161,1332
2021-12-30,Sutter,101,95872,14931,14741,436,15177,193
2021-12-30,Tehama,103,63373,9101,8944,1597,10541,139
2021-12-30,Trinity,105,12862,921,832,222,1054,17
2021-12-30,Tulare,107,460477,73850,71941,17269,89210,1160
2021-12-30,Tuolumne,109,53932,8257,8044,124,8168,91
2021-12-30,Ventura,111,848112,116020,107992,5727,113719,1211
2021-12-30,Yolo,113,214977,22978,21747,1491,23238,270
2021-12-30,Yuba,115,75493,11090,10844,422,11266,99
2021-12-29,Alameda,001,1643700,141188,131586,3774,135360,1529
2021-12-29,Alpine,003,1148,110,113,0,113,0
2021-12-29,Amador,005,37829,6012,5905,82,5987,70
2021-12-29,Butte,007,227075,23153,22353,4232,26585,338
2021-12-29,Calaveras,009,45235,4751,4646,68,4714,93
2021-12-29,Colusa,011,21464,2704,2657,719,3376,21
2021-12-29,Contra Costa,013,1133247,115155,108165,3014,111179,1072
2021-12-29,Del Norte,015,27424,3868,3826,58,3884,43
2021-12-29,El Dorado,017,186661,18292,17489,1922,19411,172
2021-12-29,Fresno,019,978130,153374,149318,13755,163073,2364
2021-12-29,Glenn,021,27897,3725,3653,1085,4738,39
2021-12-29,Humboldt,023,135768,10837,10249,840,11089,119
2021-12-29,Imperial,025,180216,38493,37460,4488,41948,800
2021-12-29,Inyo,027,18085,2849,2703,46,2749,49
2021-12-29,Kern,029,883053,138782,135648,26042,161690,1913
2021-12-29,Kings,031,150075,35023,34216,2108,36324,386
2021-12-29,Lake,033,64148,7165,7048,196,7244,117
2021-12-29,Lassen,035,31185,7138,7085,430,7515,55
2021-12-29,Los Angeles,037,10098052,1690250,1576414,69660,1646074,27349
2021-12-29,Madera,039,155013,25450,24923,2460,27383,320
2021-12-29,Marin,041,260295,21632,20025,897,20922,249
2021-12-29,Mariposa,043,17540,1562,1507,64,1571,6
2021-12-29,Mendocino,045,87422,8664,8386,721,9107,99
2021-12-29,Merced,047,269075,45337,44548,2267,46815,693
2021-12-29,Modoc,049,8938,606,600,211,811,6
2021-12-29,Mono,051,14174,2210,2056,26,2082,4
2021-12-29,Monterey,053,433212,52737,50097,3751,53848,641
2021-12-29,Napa,055,140530,15266,14247,236,14483,107
2021-12-29,Nevada,057,99092,10608,10274,384,10658,110
2021-12-29,Orange,059,3164182,357682,334557,21675,356232,5887
2021-12-29,Placer,061,380077,42222,40545,4348,44893,489
2021-12-29,Plumas,063,18699,2050,1990,55,2045,12
2021-12-29,Riverside,065,2383286,411657,392989,18243,411232,5486
2021-12-29,Sacramento,067,1510023,179333,172145,6016,178161,2437
2021-12-29,San Benito,069,59416,8552,8239,204,8443,79
2021-12-29,San Bernardino,071,2135413,405197,382872,13292,396164,6049
2021-12-29,San Diego,073,3302833,454018,421045,26777,447822,4461
2021-12-29,San Francisco,075,870044,69479,63117,3046,66163,684
2021-12-29,San Joaquin,077,732212,109471,106063,5976,112039,1891
2021-12-29,San Luis Obispo,079,281455,33613,31936,1528,33464,365
2021-12-29,San Mateo,081,765935,66778,59478,1451,60929,581
2021-12-29,Santa Barbara,083,443738,51282,49003,1787,50790,568
2021-12-29,Santa Clara,085,1922200,173293,162008,2472,164480,1962
2021-12-29,Santa Cruz,087,273765,23980,22669,1175,23844,228
2021-12-29,Shasta,089,179085,23427,23083,3793,26876,435
2021-12-29,Sierra,091,2930,215,206,21,227,0
2021-12-29,Siskiyou,093,43540,3554,3472,1410,4882,61
2021-12-29,Solano,095,438530,51201,48562,1605,50167,379
2021-12-29,Sonoma,097,501317,48024,45479,750,46229,410
2021-12-29,Stanislaus,099,539301,85188,84083,9734,93817,1332
2021-12-29,Sutter,101,95872,14862,14688,434,15122,193
2021-12-29,Tehama,103,63373,9076,8914,1584,10498,138
2021-12-29,Trinity,105,12862,919,832,222,1054,17
2021-12-29,Tulare,107,460477,73560,71752,17152,88904,1160
2021-12-29,Tuolumne,109,53932,8204,8012,123,8135,91
2021-12-29,Ventura,111,848112,114083,106974,5549,112523,1207
2021-12-29,Yolo,113,214977,22739,21564,1460,23024,270
2021-12-29,Yuba,115,75493,11029,10808,418,11226,99
2021-12-28,Alameda,001,1643700,138027,130427,3619,134046,1522
2021-12-28,Alpine,003,1148,110,113,0,113,0
2021-12-28,Amador,005,37829,5992,5900,81,5981,70
2021-12-28,Butte,007,227075,23009,22285,4215,26500,338
2021-12-28,Calaveras,009,45235,4733,4641,67,4708,91
2021-12-28,Colusa,011,21464,2698,2653,717,3370,21
2021-12-28,Contra Costa,013,1133247,112853,107160,2900,110060,1072
2021-12-28,Del Norte,015,27424,3862,3815,58,3873,43
2021-12-28,El Dorado,017,186661,18068,17419,1912,19331,172
2021-12-28,Fresno,019,978130,152294,148987,13673,162660,2365
2021-12-28,Glenn,021,27897,3700,3639,1081,4720,39
2021-12-28,Humboldt,023,135768,10716,10198,816,11014,119
2021-12-28,Imperial,025,180216,38197,37223,4388,41611,800
2021-12-28,Inyo,027,18085,2791,2676,45,2721,48
2021-12-28,Kern,029,883053,138061,135346,25693,161039,1909
2021-12-28,Kings,031,150075,34887,34165,2093,36258,386
2021-12-28,Lake,033,64148,7146,7044,191,7235,116
2021-12-28,Lassen,035,31185,7129,7083,430,7513,55
2021-12-28,Los Angeles,037,10098052,1658004,1561791,68014,1629805,27323
2021-12-28,Madera,039,155013,25324,24865,2440,27305,320
2021-12-28,Marin,041,260295,21220,19739,867,20606,249
2021-12-28,Mariposa,043,17540,1551,1499,63,1562,6
2021-12-28,Mendocino,045,87422,8604,8366,713,9079,98
2021-12-28,Merced,047,269075,45097,44434,2255,46689,691
2021-12-28,Modoc,049,8938,606,599,210,809,6
2021-12-28,Mono,051,14174,2187,2045,24,2069,4
2021-12-28,Monterey,053,433212,52361,49973,3678,53651,639
2021-12-28,Napa,055,140530,14949,14131,209,14340,107
2021-12-28,Nevada,057,99092,10517,10250,381,10631,110
2021-12-28,Orange,059,3164182,350034,331279,20939,352218,5882
2021-12-28,Placer,061,380077,41755,40410,4278,44688,489
2021-12-28,Plumas,063,18699,2047,1989,55,2044,12
2021-12-28,Riverside,065,2383286,406417,390343,18000,408343,5470
2021-12-28,Sacramento,067,1510023,177051,171290,5887,177177,2426
2021-12-28,San Benito,069,59416,8408,8170,202,8372,79
2021-12-28,San Bernardino,071,2135413,399300,381316,13071,394387,6047
2021-12-28,San Diego,073,3302833,443325,417383,26221,443604,4450
2021-12-28,San Francisco,075,870044,67857,61745,2988,64733,682
2021-12-28,San Joaquin,077,732212,108416,105572,5932,111504,1884
2021-12-28,San Luis Obispo,079,281455,33147,31759,1512,33271,365
2021-12-28,San Mateo,081,765935,65265,58712,1363,60075,582
2021-12-28,Santa Barbara,083,443738,50637,48493,1767,50260,568
2021-12-28,Santa Clara,085,1922200,170158,160811,2377,163188,1962
2021-12-28,Santa Cruz,087,273765,23607,22513,1137,23650,228
2021-12-28,Shasta,089,179085,23357,23035,3788,26823,434
2021-12-28,Sierra,091,2930,212,206,21,227,0
2021-12-28,Siskiyou,093,43540,3545,3468,1405,4873,60
2021-12-28,Solano,095,438530,50287,48318,1551,49869,378
2021-12-28,Sonoma,097,501317,47164,45086,725,45811,410
2021-12-28,Stanislaus,099,539301,84704,83946,9673,93619,1331
2021-12-28,Sutter,101,95872,14813,14662,431,15093,193
2021-12-28,Tehama,103,63373,9059,8893,1582,10475,138
2021-12-28,Trinity,105,12862,917,831,221,1052,17
2021-12-28,Tulare,107,460477,73281,71630,17036,88666,1156
2021-12-28,Tuolumne,109,53932,8162,8006,123,8129,91
2021-12-28,Ventura,111,848112,111977,105883,5419,111302,1207
2021-12-28,Yolo,113,214977,22405,21320,1411,22731,270
2021-12-28,Yuba,115,75493,10973,10778,415,11193,99
2021-12-27,Alameda,001,1643700,135373,129910,3487,133397,1530
2021-12-27,Alpine,003,1148,110,113,0,113,0
2021-12-27,Amador,005,37829,5964,5891,81,5972,70
2021-12-27,Butte,007,227075,22870,22234,4188,26422,335
2021-12-27,Calaveras,009,45235,4707,4630,66,4696,91
2021-12-27,Colusa,011,21464,2687,2652,711,3363,21
2021-12-27,Contra Costa,013,1133247,110689,106692,2819,109511,1071
2021-12-27,Del Norte,015,27424,3853,3802,57,3859,43
2021-12-27,El Dorado,017,186661,17909,17361,1900,19261,172
2021-12-27,Fresno,019,978130,151335,148826,13592,162418,2364
2021-12-27,Glenn,021,27897,3692,3634,1075,4709,39
2021-12-27,Humboldt,023,135768,10602,10164,794,10958,119
2021-12-27,Imperial,025,180216,37956,37180,4294,41474,800
2021-12-27,Inyo,027,18085,2762,2662,43,2705,48
2021-12-27,Kern,029,883053,137410,135119,25390,160509,1907
2021-12-27,Kings,031,150075,34738,34126,2080,36206,382
2021-12-27,Lake,033,64148,7123,7037,181,7218,116
2021-12-27,Lassen,035,31185,7123,7080,430,7510,55
2021-12-27,Los Angeles,037,10098052,1621664,1554074,66274,1620348,27300
2021-12-27,Madera,039,155013,25204,24840,2421,27261,320
2021-12-27,Marin,041,260295,20832,19601,840,20441,249
2021-12-27,Mariposa,043,17540,1536,1495,63,1558,6
2021-12-27,Mendocino,045,87422,8537,8351,708,9059,98
2021-12-27,Merced,047,269075,44867,44383,2237,46620,690
2021-12-27,Modoc,049,8938,604,599,210,809,6
2021-12-27,Mono,051,14174,2124,2026,24,2050,4
2021-12-27,Monterey,053,433212,52060,49918,3627,53545,639
2021-12-27,Napa,055,140530,14680,14083,200,14283,107
2021-12-27,Nevada,057,99092,10448,10239,373,10612,110
2021-12-27,Orange,059,3164182,342556,329222,20137,349359,5875
2021-12-27,Placer,061,380077,41378,40263,4230,44493,489
2021-12-27,Plumas,063,18699,2045,1988,53,2041,12
2021-12-27,Riverside,065,2383286,401836,389096,17744,406840,5470
2021-12-27,Sacramento,067,1510023,175024,170858,5718,176576,2422
2021-12-27,San Benito,069,59416,8289,8133,198,8331,79
2021-12-27,San Bernardino,071,2135413,393314,380526,12871,393397,6047
2021-12-27,San Diego,073,3302833,433116,414968,25731,440699,4445
2021-12-27,San Francisco,075,870044,66110,60920,2923,63843,682
2021-12-27,San Joaquin,077,732212,107497,105413,5868,111281,1876
2021-12-27,San Luis Obispo,079,281455,32702,31671,1491,33162,365
2021-12-27,San Mateo,081,765935,63740,58397,1264,59661,581
2021-12-27,Santa Barbara,083,443738,49851,48209,1747,49956,568
2021-12-27,Santa Clara,085,1922200,167187,159904,2252,162156,1961
2021-12-27,Santa Cruz,087,273765,23320,22456,1119,23575,228
2021-12-27,Shasta,089,179085,23296,23015,3777,26792,432
2021-12-27,Sierra,091,2930,212,206,21,227,0
2021-12-27,Siskiyou,093,43540,3536,3466,1400,4866,60
2021-12-27,Solano,095,438530,49554,48172,1502,49674,378
2021-12-27,Sonoma,097,501317,46588,44990,707,45697,410
2021-12-27,Stanislaus,099,539301,84251,83833,9632,93465,1331
2021-12-27,Sutter,101,95872,14757,14642,426,15068,191
2021-12-27,Tehama,103,63373,9044,8887,1575,10462,136
2021-12-27,Trinity,105,12862,917,827,221,1048,17
2021-12-27,Tulare,107,460477,73017,71562,16941,88503,1146
2021-12-27,Tuolumne,109,53932,8124,7978,122,8100,91
2021-12-27,Ventura,111,848112,109892,105212,5284,110496,1206
2021-12-27,Yolo,113,214977,22113,21300,1378,22678,270
2021-12-27,Yuba,115,75493,10912,10759,414,11173,98
2021-12-26,Alameda,001,1643700,133271,127221,3415,130636,1525
2021-12-26,Alpine,003,1148,110,113,0,113,0
2021-12-26,Amador,005,37829,5948,5861,79,5940,70
2021-12-26,Butte,007,227075,22716,22087,4158,26245,330
2021-12-26,Calaveras,009,45235,4685,4591,66,4657,91
2021-12-26,Colusa,011,21464,2676,2647,705,3352,21
2021-12-26,Contra Costa,013,1133247,108927,105022,2720,107742,1071
2021-12-26,Del Norte,015,27424,3848,3795,57,3852,43
2021-12-26,El Dorado,017,186661,17754,17188,1892,19080,172
2021-12-26,Fresno,019,978130,150631,148027,13512,161539,2358
2021-12-26,Glenn,021,27897,3680,3611,1061,4672,39
2021-12-26,Humboldt,023,135768,10459,10052,771,10823,119
2021-12-26,Imperial,025,180216,37654,36878,4204,41082,800
2021-12-26,Inyo,027,18085,2738,2636,40,2676,47
2021-12-26,Kern,029,883053,136686,134591,25135,159726,1908
2021-12-26,Kings,031,150075,34585,34009,2074,36083,379
2021-12-26,Lake,033,64148,7101,7019,178,7197,116
2021-12-26,Lassen,035,31185,7117,7072,429,7501,55
2021-12-26,Los Angeles,037,10098052,1591807,1515469,64478,1579947,27257
2021-12-26,Madera,039,155013,25085,24741,2405,27146,320
2021-12-26,Marin,041,260295,20453,19085,781,19866,249
2021-12-26,Mariposa,043,17540,1530,1480,63,1543,6
2021-12-26,Mendocino,045,87422,8486,8314,706,9020,98
2021-12-26,Merced,047,269075,44616,44208,2223,46431,690
2021-12-26,Modoc,049,8938,603,597,208,805,6
2021-12-26,Mono,051,14174,2098,2000,24,2024,4
2021-12-26,Monterey,053,433212,51779,49709,3578,53287,638
2021-12-26,Napa,055,140530,14442,13809,195,14004,107
2021-12-26,Nevada,057,99092,10388,10153,366,10519,110
2021-12-26,Orange,059,3164182,336222,322991,19341,342332,5863
2021-12-26,Placer,061,380077,41027,39852,4160,44012,489
2021-12-26,Plumas,063,18699,2037,1987,52,2039,12
2021-12-26,Riverside,065,2383286,397651,384567,17575,402142,5470
2021-12-26,Sacramento,067,1510023,173300,169144,5572,174716,2418
2021-12-26,San Benito,069,59416,8200,7991,194,8185,79
2021-12-26,San Bernardino,071,2135413,388461,376052,12694,388746,6043
2021-12-26,San Diego,073,3302833,424120,406616,25237,431853,4442
2021-12-26,San Francisco,075,870044,64528,58229,2861,61090,682
2021-12-26,San Joaquin,077,732212,106683,104590,5815,110405,1872
2021-12-26,San Luis Obispo,079,281455,32256,31290,1473,32763,365
2021-12-26,San Mateo,081,765935,62337,56973,1217,58190,581
2021-12-26,Santa Barbara,083,443738,49175,47553,1717,49270,567
2021-12-26,Santa Clara,085,1922200,164486,156872,2120,158992,1967
2021-12-26,Santa Cruz,087,273765,23036,22176,1105,23281,228
2021-12-26,Shasta,089,179085,23214,22959,3765,26724,432
2021-12-26,Sierra,091,2930,212,202,21,223,0
2021-12-26,Siskiyou,093,43540,3528,3460,1391,4851,60
2021-12-26,Solano,095,438530,49052,47646,1464,49110,377
2021-12-26,Sonoma,097,501317,46092,44358,675,45033,408
2021-12-26,Stanislaus,099,539301,83877,83368,9590,92958,1331
2021-12-26,Sutter,101,95872,14692,14533,423,14956,191
2021-12-26,Tehama,103,63373,9011,8861,1571,10432,136
2021-12-26,Trinity,105,12862,917,826,220,1046,17
2021-12-26,Tulare,107,460477,72767,71292,16835,88127,1137
2021-12-26,Tuolumne,109,53932,8087,7919,122,8041,91
2021-12-26,Ventura,111,848112,108058,103498,5137,108635,1206
2021-12-26,Yolo,113,214977,21825,21084,1339,22423,270
2021-12-26,Yuba,115,75493,10861,10694,412,11106,98
2021-12-25,Alameda,001,1643700,132186,127221,3351,130572,1525
2021-12-25,Alpine,003,1148,110,113,0,113,0
2021-12-25,Amador,005,37829,5929,5861,79,5940,70
2021-12-25,Butte,007,227075,22618,22087,4141,26228,330
2021-12-25,Calaveras,009,45235,4656,4591,65,4656,91
2021-12-25,Colusa,011,21464,2671,2647,699,3346,21
2021-12-25,Contra Costa,013,1133247,108104,105022,2667,107689,1071
2021-12-25,Del Norte,015,27424,3841,3795,56,3851,43
2021-12-25,El Dorado,017,186661,17701,17188,1881,19069,172
2021-12-25,Fresno,019,978130,150316,148027,13464,161491,2358
2021-12-25,Glenn,021,27897,3669,3611,1057,4668,39
2021-12-25,Humboldt,023,135768,10377,10052,764,10816,119
2021-12-25,Imperial,025,180216,37532,36878,4182,41060,800
2021-12-25,Inyo,027,18085,2718,2636,40,2676,47
2021-12-25,Kern,029,883053,136339,134591,25009,159600,1908
2021-12-25,Kings,031,150075,34495,34009,2067,36076,379
2021-12-25,Lake,033,64148,7089,7019,176,7195,116
2021-12-25,Lassen,035,31185,7115,7072,429,7501,55
2021-12-25,Los Angeles,037,10098052,1578990,1515469,63162,1578631,27257
2021-12-25,Madera,039,155013,25035,24741,2399,27140,320
2021-12-25,Marin,041,260295,20111,19085,732,19817,249
2021-12-25,Mariposa,043,17540,1524,1480,63,1543,6
2021-12-25,Mendocino,045,87422,8448,8314,706,9020,98
2021-12-25,Merced,047,269075,44515,44208,2221,46429,690
2021-12-25,Modoc,049,8938,603,597,208,805,6
2021-12-25,Mono,051,14174,2081,2000,24,2024,4
2021-12-25,Monterey,053,433212,51612,49709,3544,53253,638
2021-12-25,Napa,055,140530,14327,13809,187,13996,107
2021-12-25,Nevada,057,99092,10359,10153,366,10519,110
2021-12-25,Orange,059,3164182,333354,322991,18771,341762,5863
2021-12-25,Placer,061,380077,40842,39852,4126,43978,489
2021-12-25,Plumas,063,18699,2035,1987,52,2039,12
2021-12-25,Riverside,065,2383286,395371,384567,17456,402023,5470
2021-12-25,Sacramento,067,1510023,172484,169144,5467,174611,2418
2021-12-25,San Benito,069,59416,8135,7991,194,8185,79
2021-12-25,San Bernardino,071,2135413,386225,376052,12561,388613,6043
2021-12-25,San Diego,073,3302833,420055,406616,24967,431583,4442
2021-12-25,San Francisco,075,870044,63498,58229,2825,61054,682
2021-12-25,San Joaquin,077,732212,106346,104590,5783,110373,1872
2021-12-25,San Luis Obispo,079,281455,32103,31290,1464,32754,365
2021-12-25,San Mateo,081,765935,61304,56973,1174,58147,581
2021-12-25,Santa Barbara,083,443738,48811,47553,1705,49258,567
2021-12-25,Santa Clara,085,1922200,163009,156872,2053,158925,1967
2021-12-25,Santa Cruz,087,273765,22876,22176,1099,23275,228
2021-12-25,Shasta,089,179085,23181,22959,3759,26718,432
2021-12-25,Sierra,091,2930,212,202,21,223,0
2021-12-25,Siskiyou,093,43540,3525,3460,1385,4845,60
2021-12-25,Solano,095,438530,48927,47646,1446,49092,377
2021-12-25,Sonoma,097,501317,45707,44358,649,45007,408
2021-12-25,Stanislaus,099,539301,83663,83368,9564,92932,1331
2021-12-25,Sutter,101,95872,14651,14533,421,14954,191
2021-12-25,Tehama,103,63373,8991,8861,1567,10428,136
2021-12-25,Trinity,105,12862,916,826,220,1046,17
2021-12-25,Tulare,107,460477,72632,71292,16757,88049,1137
2021-12-25,Tuolumne,109,53932,8056,7919,122,8041,91
2021-12-25,Ventura,111,848112,106885,103498,5031,108529,1206
2021-12-25,Yolo,113,214977,21715,21084,1318,22402,270
2021-12-25,Yuba,115,75493,10834,10694,411,11105,98
2021-12-24,Alameda,001,1643700,131562,127221,3335,130556,1525
2021-12-24,Alpine,003,1148,110,113,0,113,0
2021-12-24,Amador,005,37829,5921,5861,78,5939,70
2021-12-24,Butte,007,227075,22561,22087,4124,26211,330
2021-12-24,Calaveras,009,45235,4650,4591,65,4656,91
2021-12-24,Colusa,011,21464,2669,2647,698,3345,21
2021-12-24,Contra Costa,013,1133247,107787,105022,2636,107658,1071
2021-12-24,Del Norte,015,27424,3834,3795,56,3851,43
2021-12-24,El Dorado,017,186661,17647,17188,1876,19064,172
2021-12-24,Fresno,019,978130,150150,148027,13451,161478,2358
2021-12-24,Glenn,021,27897,3668,3611,1057,4668,39
2021-12-24,Humboldt,023,135768,10322,10052,759,10811,119
2021-12-24,Imperial,025,180216,37449,36878,4178,41056,800
2021-12-24,Inyo,027,18085,2698,2636,40,2676,47
2021-12-24,Kern,029,883053,136216,134591,24967,159558,1908
2021-12-24,Kings,031,150075,34426,34009,2066,36075,379
2021-12-24,Lake,033,64148,7085,7019,176,7195,116
2021-12-24,Lassen,035,31185,7112,7072,429,7501,55
2021-12-24,Los Angeles,037,10098052,1574119,1515469,62634,1578103,27257
2021-12-24,Madera,039,155013,25000,24741,2394,27135,320
2021-12-24,Marin,041,260295,19965,19085,701,19786,249
2021-12-24,Mariposa,043,17540,1522,1480,63,1543,6
2021-12-24,Mendocino,045,87422,8431,8314,706,9020,98
2021-12-24,Merced,047,269075,44465,44208,2219,46427,690
2021-12-24,Modoc,049,8938,603,597,208,805,6
2021-12-24,Mono,051,14174,2068,2000,24,2024,4
2021-12-24,Monterey,053,433212,51515,49709,3518,53227,638
2021-12-24,Napa,055,140530,14261,13809,183,13992,107
2021-12-24,Nevada,057,99092,10333,10153,364,10517,110
2021-12-24,Orange,059,3164182,332294,322991,18613,341604,5863
2021-12-24,Placer,061,380077,40722,39852,4110,43962,489
2021-12-24,Plumas,063,18699,2034,1987,52,2039,12
2021-12-24,Riverside,065,2383286,394375,384567,17366,401933,5470
2021-12-24,Sacramento,067,1510023,172168,169144,5432,174576,2418
2021-12-24,San Benito,069,59416,8126,7991,193,8184,79
2021-12-24,San Bernardino,071,2135413,385081,376052,12488,388540,6043
2021-12-24,San Diego,073,3302833,418932,406616,24840,431456,4442
2021-12-24,San Francisco,075,870044,62990,58229,2808,61037,682
2021-12-24,San Joaquin,077,732212,106151,104590,5775,110365,1872
2021-12-24,San Luis Obispo,079,281455,32041,31290,1454,32744,365
2021-12-24,San Mateo,081,765935,60872,56973,1151,58124,581
2021-12-24,Santa Barbara,083,443738,48606,47553,1698,49251,567
2021-12-24,Santa Clara,085,1922200,162185,156872,2019,158891,1967
2021-12-24,Santa Cruz,087,273765,22793,22176,1096,23272,228
2021-12-24,Shasta,089,179085,23147,22959,3755,26714,432
2021-12-24,Sierra,091,2930,211,202,21,223,0
2021-12-24,Siskiyou,093,43540,3520,3460,1381,4841,60
2021-12-24,Solano,095,438530,48875,47646,1444,49090,377
2021-12-24,Sonoma,097,501317,45541,44358,641,44999,408
2021-12-24,Stanislaus,099,539301,83552,83368,9541,92909,1331
2021-12-24,Sutter,101,95872,14631,14533,418,14951,191
2021-12-24,Tehama,103,63373,8982,8861,1564,10425,136
2021-12-24,Trinity,105,12862,914,826,220,1046,17
2021-12-24,Tulare,107,460477,72565,71292,16714,88006,1137
2021-12-24,Tuolumne,109,53932,8031,7919,122,8041,91
2021-12-24,Ventura,111,848112,106438,103498,4975,108473,1206
2021-12-24,Yolo,113,214977,21641,21084,1300,22384,270
2021-12-24,Yuba,115,75493,10811,10694,410,11104,98
2021-12-23,Alameda,001,1643700,130838,127221,3300,130521,1525
2021-12-23,Alpine,003,1148,110,113,0,113,0
2021-12-23,Amador,005,37829,5909,5861,76,5937,70
2021-12-23,Butte,007,227075,22508,22087,4113,26200,330
2021-12-23,Calaveras,009,45235,4639,4591,65,4656,91
2021-12-23,Colusa,011,21464,2663,2647,694,3341,21
2021-12-23,Contra Costa,013,1133247,107358,105022,2592,107614,1071
2021-12-23,Del Norte,015,27424,3831,3795,56,3851,43
2021-12-23,El Dorado,017,186661,17584,17188,1870,19058,172
2021-12-23,Fresno,019,978130,149945,148027,13432,161459,2358
2021-12-23,Glenn,021,27897,3664,3611,1057,4668,39
2021-12-23,Humboldt,023,135768,10269,10052,756,10808,119
2021-12-23,Imperial,025,180216,37375,36878,4151,41029,800
2021-12-23,Inyo,027,18085,2685,2636,40,2676,47
2021-12-23,Kern,029,883053,136066,134591,24871,159462,1908
2021-12-23,Kings,031,150075,34385,34009,2065,36074,379
2021-12-23,Lake,033,64148,7073,7019,174,7193,116
2021-12-23,Lassen,035,31185,7111,7072,429,7501,55
2021-12-23,Los Angeles,037,10098052,1564573,1515469,61554,1577023,27257
2021-12-23,Madera,039,155013,24967,24741,2390,27131,320
2021-12-23,Marin,041,260295,19831,19085,684,19769,249
2021-12-23,Mariposa,043,17540,1517,1480,63,1543,6
2021-12-23,Mendocino,045,87422,8422,8314,706,9020,98
2021-12-23,Merced,047,269075,44416,44208,2217,46425,690
2021-12-23,Modoc,049,8938,603,597,208,805,6
2021-12-23,Mono,051,14174,2047,2000,23,2023,4
2021-12-23,Monterey,053,433212,51393,49709,3497,53206,638
2021-12-23,Napa,055,140530,14180,13809,178,13987,107
2021-12-23,Nevada,057,99092,10309,10153,363,10516,110
2021-12-23,Orange,059,3164182,330606,322991,18284,341275,5863
2021-12-23,Placer,061,380077,40599,39852,4094,43946,489
2021-12-23,Plumas,063,18699,2034,1987,52,2039,12
2021-12-23,Riverside,065,2383286,393157,384567,17297,401864,5470
2021-12-23,Sacramento,067,1510023,171712,169144,5385,174529,2418
2021-12-23,San Benito,069,59416,8107,7991,191,8182,79
2021-12-23,San Bernardino,071,2135413,383893,376052,12383,388435,6043
2021-12-23,San Diego,073,3302833,417080,406616,24642,431258,4442
2021-12-23,San Francisco,075,870044,62259,58229,2780,61009,682
2021-12-23,San Joaquin,077,732212,105933,104590,5762,110352,1872
2021-12-23,San Luis Obispo,079,281455,31969,31290,1450,32740,365
2021-12-23,San Mateo,081,765935,60310,56973,1131,58104,581
2021-12-23,Santa Barbara,083,443738,48407,47553,1696,49249,567
2021-12-23,Santa Clara,085,1922200,161278,156872,1960,158832,1967
2021-12-23,Santa Cruz,087,273765,22678,22176,1084,23260,228
2021-12-23,Shasta,089,179085,23116,22959,3752,26711,432
2021-12-23,Sierra,091,2930,208,202,21,223,0
2021-12-23,Siskiyou,093,43540,3520,3460,1379,4839,60
2021-12-23,Solano,095,438530,48768,47646,1428,49074,377
2021-12-23,Sonoma,097,501317,45364,44358,640,44998,408
2021-12-23,Stanislaus,099,539301,83423,83368,9521,92889,1331
2021-12-23,Sutter,101,95872,14614,14533,417,14950,191
2021-12-23,Tehama,103,63373,8970,8861,1560,10421,136
2021-12-23,Trinity,105,12862,914,826,220,1046,17
2021-12-23,Tulare,107,460477,72490,71292,16671,87963,1137
2021-12-23,Tuolumne,109,53932,8013,7919,121,8040,91
2021-12-23,Ventura,111,848112,105903,103498,4909,108407,1206
2021-12-23,Yolo,113,214977,21569,21084,1282,22366,270
2021-12-23,Yuba,115,75493,10798,10694,410,11104,98
2021-12-22,Alameda,001,1643700,129904,126533,3219,129752,1522
2021-12-22,Alpine,003,1148,110,112,0,112,0
2021-12-22,Amador,005,37829,5896,5850,75,5925,70
2021-12-22,Butte,007,227075,22456,22070,4099,26169,330
2021-12-22,Calaveras,009,45235,4630,4580,65,4645,91
2021-12-22,Colusa,011,21464,2663,2645,691,3336,21
2021-12-22,Contra Costa,013,1133247,106719,104559,2550,107109,1070
2021-12-22,Del Norte,015,27424,3831,3794,56,3850,43
2021-12-22,El Dorado,017,186661,17522,17140,1861,19001,172
2021-12-22,Fresno,019,978130,149667,147838,13401,161239,2349
2021-12-22,Glenn,021,27897,3659,3604,1057,4661,39
2021-12-22,Humboldt,023,135768,10208,10022,751,10773,119
2021-12-22,Imperial,025,180216,37289,36755,4114,40869,798
2021-12-22,Inyo,027,18085,2667,2632,40,2672,47
2021-12-22,Kern,029,883053,135831,134433,24789,159222,1900
2021-12-22,Kings,031,150075,34335,33953,2058,36011,376
2021-12-22,Lake,033,64148,7066,7008,172,7180,116
2021-12-22,Lassen,035,31185,7106,7069,428,7497,55
2021-12-22,Los Angeles,037,10098052,1551021,1507110,60398,1567508,27234
2021-12-22,Madera,039,155013,24929,24702,2386,27088,320
2021-12-22,Marin,041,260295,19610,18927,661,19588,249
2021-12-22,Mariposa,043,17540,1510,1480,63,1543,6
2021-12-22,Mendocino,045,87422,8413,8299,706,9005,99
2021-12-22,Merced,047,269075,44345,44137,2215,46352,689
2021-12-22,Modoc,049,8938,603,595,208,803,6
2021-12-22,Mono,051,14174,2043,1979,23,2002,4
2021-12-22,Monterey,053,433212,51236,49650,3480,53130,639
2021-12-22,Napa,055,140530,14052,13746,168,13914,107
2021-12-22,Nevada,057,99092,10281,10101,358,10459,110
2021-12-22,Orange,059,3164182,328310,321765,17856,339621,5858
2021-12-22,Placer,061,380077,40416,39758,4057,43815,489
2021-12-22,Plumas,063,18699,2030,1986,52,2038,12
2021-12-22,Riverside,065,2383286,391326,383319,17184,400503,5472
2021-12-22,Sacramento,067,1510023,171053,168695,5325,174020,2422
2021-12-22,San Benito,069,59416,8055,7971,189,8160,79
2021-12-22,San Bernardino,071,2135413,382168,375044,12298,387342,6039
2021-12-22,San Diego,073,3302833,412960,404269,24313,428582,4434
2021-12-22,San Francisco,075,870044,61273,57520,2738,60258,682
2021-12-22,San Joaquin,077,732212,105663,104385,5748,110133,1870
2021-12-22,San Luis Obispo,079,281455,31828,31175,1430,32605,365
2021-12-22,San Mateo,081,765935,59627,56604,1101,57705,581
2021-12-22,Santa Barbara,083,443738,48150,47372,1680,49052,566
2021-12-22,Santa Clara,085,1922200,160157,156258,1919,158177,1954
2021-12-22,Santa Cruz,087,273765,22571,22075,1079,23154,228
2021-12-22,Shasta,089,179085,23087,22937,3747,26684,432
2021-12-22,Sierra,091,2930,208,202,21,223,0
2021-12-22,Siskiyou,093,43540,3517,3458,1376,4834,59
2021-12-22,Solano,095,438530,48539,47531,1415,48946,375
2021-12-22,Sonoma,097,501317,45089,44201,629,44830,408
2021-12-22,Stanislaus,099,539301,83282,83245,9501,92746,1331
2021-12-22,Sutter,101,95872,14578,14513,414,14927,191
2021-12-22,Tehama,103,63373,8957,8853,1556,10409,136
2021-12-22,Trinity,105,12862,914,826,220,1046,17
2021-12-22,Tulare,107,460477,72391,71226,16622,87848,1137
2021-12-22,Tuolumne,109,53932,7992,7903,121,8024,91
2021-12-22,Ventura,111,848112,105297,103089,4804,107893,1206
2021-12-22,Yolo,113,214977,21493,21012,1268,22280,270
2021-12-22,Yuba,115,75493,10781,10681,410,11091,98
2021-12-21,Alameda,001,1643700,128897,126007,3165,129172,1518
2021-12-21,Alpine,003,1148,110,112,0,112,0
2021-12-21,Amador,005,37829,5886,5845,75,5920,70
2021-12-21,Butte,007,227075,22392,22041,4085,26126,330
2021-12-21,Calaveras,009,45235,4617,4575,65,4640,91
2021-12-21,Colusa,011,21464,2661,2643,690,3333,21
2021-12-21,Contra Costa,013,1133247,106089,104255,2486,106741,1068
2021-12-21,Del Norte,015,27424,3830,3793,56,3849,43
2021-12-21,El Dorado,017,186661,17457,17098,1849,18947,172
2021-12-21,Fresno,019,978130,149380,147707,13366,161073,2341
2021-12-21,Glenn,021,27897,3645,3602,1057,4659,39
2021-12-21,Humboldt,023,135768,10144,9989,746,10735,118
2021-12-21,Imperial,025,180216,37191,36580,4073,40653,792
2021-12-21,Inyo,027,18085,2656,2627,40,2667,47
2021-12-21,Kern,029,883053,135622,134321,24684,159005,1892
2021-12-21,Kings,031,150075,34275,33914,2057,35971,376
2021-12-21,Lake,033,64148,7061,7004,170,7174,116
2021-12-21,Lassen,035,31185,7104,7069,428,7497,55
2021-12-21,Los Angeles,037,10098052,1537119,1501169,59379,1560548,27220
2021-12-21,Madera,039,155013,24892,24688,2379,27067,320
2021-12-21,Marin,041,260295,19440,18828,626,19454,249
2021-12-21,Mariposa,043,17540,1509,1480,62,1542,6
2021-12-21,Mendocino,045,87422,8397,8282,704,8986,97
2021-12-21,Merced,047,269075,44273,44096,2212,46308,688
2021-12-21,Modoc,049,8938,601,595,206,801,6
2021-12-21,Mono,051,14174,2024,1979,23,2002,4
2021-12-21,Monterey,053,433212,51145,49586,3463,53049,638
2021-12-21,Napa,055,140530,13951,13703,157,13860,107
2021-12-21,Nevada,057,99092,10252,10095,358,10453,110
2021-12-21,Orange,059,3164182,326179,320705,17407,338112,5855
2021-12-21,Placer,061,380077,40275,39649,4028,43677,487
2021-12-21,Plumas,063,18699,2030,1975,52,2027,12
2021-12-21,Riverside,065,2383286,389599,382415,17065,399480,5465
2021-12-21,Sacramento,067,1510023,170404,168422,5270,173692,2419
2021-12-21,San Benito,069,59416,8016,7950,186,8136,79
2021-12-21,San Bernardino,071,2135413,380494,374219,12186,386405,6026
2021-12-21,San Diego,073,3302833,409230,402386,23976,426362,4424
2021-12-21,San Francisco,075,870044,60312,56950,2705,59655,681
2021-12-21,San Joaquin,077,732212,105377,104238,5729,109967,1870
2021-12-21,San Luis Obispo,079,281455,31664,31103,1418,32521,365
2021-12-21,San Mateo,081,765935,59010,56381,1078,57459,581
2021-12-21,Santa Barbara,083,443738,47922,47194,1665,48859,564
2021-12-21,Santa Clara,085,1922200,159133,155769,1877,157646,1951
2021-12-21,Santa Cruz,087,273765,22454,22028,1069,23097,228
2021-12-21,Shasta,089,179085,23056,22920,3743,26663,429
2021-12-21,Sierra,091,2930,206,201,21,222,0
2021-12-21,Siskiyou,093,43540,3516,3455,1376,4831,59
2021-12-21,Solano,095,438530,48385,47474,1408,48882,372
2021-12-21,Sonoma,097,501317,44866,44051,619,44670,408
2021-12-21,Stanislaus,099,539301,83125,83167,9470,92637,1331
2021-12-21,Sutter,101,95872,14555,14492,413,14905,190
2021-12-21,Tehama,103,63373,8949,8849,1551,10400,136
2021-12-21,Trinity,105,12862,913,826,220,1046,17
2021-12-21,Tulare,107,460477,72297,71166,16581,87747,1137
2021-12-21,Tuolumne,109,53932,7968,7893,121,8014,91
2021-12-21,Ventura,111,848112,104679,102631,4691,107322,1205
2021-12-21,Yolo,113,214977,21384,20944,1264,22208,267
2021-12-21,Yuba,115,75493,10764,10668,410,11078,98
2021-12-20,Alameda,001,1643700,127955,125762,3096,128858,1515
2021-12-20,Alpine,003,1148,110,112,0,112,0
2021-12-20,Amador,005,37829,5872,5838,75,5913,70
2021-12-20,Butte,007,227075,22330,22030,4071,26101,329
2021-12-20,Calaveras,009,45235,4607,4569,65,4634,91
2021-12-20,Colusa,011,21464,2660,2644,690,3334,21
2021-12-20,Contra Costa,013,1133247,105556,104051,2439,106490,1068
2021-12-20,Del Norte,015,27424,3828,3792,56,3848,43
2021-12-20,El Dorado,017,186661,17396,17083,1841,18924,172
2021-12-20,Fresno,019,978130,149137,147605,13336,160941,2341
2021-12-20,Glenn,021,27897,3639,3597,1057,4654,39
2021-12-20,Humboldt,023,135768,10102,9973,742,10715,118
2021-12-20,Imperial,025,180216,37075,36532,4043,40575,792
2021-12-20,Inyo,027,18085,2653,2615,40,2655,47
2021-12-20,Kern,029,883053,135423,134203,24624,158827,1883
2021-12-20,Kings,031,150075,34233,33898,2056,35954,376
2021-12-20,Lake,033,64148,7056,6999,170,7169,116
2021-12-20,Lassen,035,31185,7102,7065,427,7492,55
2021-12-20,Los Angeles,037,10098052,1525641,1495251,58655,1553906,27188
2021-12-20,Madera,039,155013,24863,24668,2375,27043,313
2021-12-20,Marin,041,260295,19225,18747,608,19355,249
2021-12-20,Mariposa,043,17540,1500,1479,62,1541,6
2021-12-20,Mendocino,045,87422,8385,8264,702,8966,96
2021-12-20,Merced,047,269075,44216,44071,2207,46278,687
2021-12-20,Modoc,049,8938,601,595,203,798,6
2021-12-20,Mono,051,14174,2001,1973,23,1996,4
2021-12-20,Monterey,053,433212,51049,49556,3443,52999,636
2021-12-20,Napa,055,140530,13866,13672,147,13819,107
2021-12-20,Nevada,057,99092,10212,10079,357,10436,109
2021-12-20,Orange,059,3164182,324571,320235,17092,337327,5852
2021-12-20,Placer,061,380077,40145,39579,3998,43577,485
2021-12-20,Plumas,063,18699,2027,1971,50,2021,12
2021-12-20,Riverside,065,2383286,388149,381841,16976,398817,5452
2021-12-20,Sacramento,067,1510023,169833,168153,5230,173383,2414
2021-12-20,San Benito,069,59416,7972,7934,184,8118,79
2021-12-20,San Bernardino,071,2135413,378962,373881,12101,385982,6023
2021-12-20,San Diego,073,3302833,406014,401483,23736,425219,4412
2021-12-20,San Francisco,075,870044,59252,56661,2648,59309,681
2021-12-20,San Joaquin,077,732212,105134,104188,5718,109906,1865
2021-12-20,San Luis Obispo,079,281455,31550,31075,1410,32485,365
2021-12-20,San Mateo,081,765935,58462,56247,1059,57306,581
2021-12-20,Santa Barbara,083,443738,47710,47131,1660,48791,562
2021-12-20,Santa Clara,085,1922200,158175,155427,1829,157256,1950
2021-12-20,Santa Cruz,087,273765,22374,21989,1064,23053,227
2021-12-20,Shasta,089,179085,23035,22888,3738,26626,429
2021-12-20,Sierra,091,2930,205,201,21,222,0
2021-12-20,Siskiyou,093,43540,3515,3453,1374,4827,59
2021-12-20,Solano,095,438530,48257,47394,1400,48794,370
2021-12-20,Sonoma,097,501317,44676,43982,611,44593,408
2021-12-20,Stanislaus,099,539301,82999,83110,9441,92551,1331
2021-12-20,Sutter,101,95872,14532,14480,413,14893,190
2021-12-20,Tehama,103,63373,8941,8840,1548,10388,136
2021-12-20,Trinity,105,12862,913,826,220,1046,17
2021-12-20,Tulare,107,460477,72203,71124,16523,87647,1129
2021-12-20,Tuolumne,109,53932,7954,7867,117,7984,91
2021-12-20,Ventura,111,848112,104172,102452,4615,107067,1203
2021-12-20,Yolo,113,214977,21291,20903,1252,22155,267
2021-12-20,Yuba,115,75493,10748,10656,407,11063,97
2021-12-19,Alameda,001,1643700,127066,125464,3056,128520,1519
2021-12-19,Alpine,003,1148,110,112,0,112,0
2021-12-19,Amador,005,37829,5860,5832,74,5906,70
2021-12-19,Butte,007,227075,22275,22022,4063,26085,329
2021-12-19,Calaveras,009,45235,4591,4563,64,4627,91
2021-12-19,Colusa,011,21464,2660,2643,687,3330,21
2021-12-19,Contra Costa,013,1133247,105064,103906,2405,106311,1068
2021-12-19,Del Norte,015,27424,3824,3797,56,3853,43
2021-12-19,El Dorado,017,186661,17338,17067,1839,18906,172
2021-12-19,Fresno,019,978130,148896,147505,13311,160816,2341
2021-12-19,Glenn,021,27897,3635,3596,1056,4652,39
2021-12-19,Humboldt,023,135768,10059,9957,737,10694,118
2021-12-19,Imperial,025,180216,36946,36501,4000,40501,792
2021-12-19,Inyo,027,18085,2644,2613,40,2653,47
2021-12-19,Kern,029,883053,135224,134136,24556,158692,1883
2021-12-19,Kings,031,150075,34175,33874,2052,35926,378
2021-12-19,Lake,033,64148,7047,6999,167,7166,116
2021-12-19,Lassen,035,31185,7098,7065,427,7492,55
2021-12-19,Los Angeles,037,10098052,1516642,1495082,58058,1553140,27189
2021-12-19,Madera,039,155013,24838,24642,2369,27011,313
2021-12-19,Marin,041,260295,19049,18707,585,19292,249
2021-12-19,Mariposa,043,17540,1494,1475,62,1537,6
2021-12-19,Mendocino,045,87422,8368,8257,699,8956,96
2021-12-19,Merced,047,269075,44121,44045,2200,46245,687
2021-12-19,Modoc,049,8938,600,595,203,798,6
2021-12-19,Mono,051,14174,1990,1968,22,1990,4
2021-12-19,Monterey,053,433212,50948,49516,3422,52938,636
2021-12-19,Napa,055,140530,13793,13659,138,13797,107
2021-12-19,Nevada,057,99092,10176,10057,354,10411,109
2021-12-19,Orange,059,3164182,323162,319615,16866,336481,5852
2021-12-19,Placer,061,380077,40024,39525,3982,43507,485
2021-12-19,Plumas,063,18699,2024,1971,50,2021,12
2021-12-19,Riverside,065,2383286,386703,381305,16901,398206,5452
2021-12-19,Sacramento,067,1510023,169338,167933,5201,173134,2415
2021-12-19,San Benito,069,59416,7947,7929,183,8112,79
2021-12-19,San Bernardino,071,2135413,377632,373480,12063,385543,6023
2021-12-19,San Diego,073,3302833,403534,398197,23540,421737,4406
2021-12-19,San Francisco,075,870044,58373,56358,2592,58950,681
2021-12-19,San Joaquin,077,732212,104877,104125,5704,109829,1865
2021-12-19,San Luis Obispo,079,281455,31427,31035,1398,32433,366
2021-12-19,San Mateo,081,765935,57998,56132,1044,57176,581
2021-12-19,Santa Barbara,083,443738,47487,47070,1653,48723,562
2021-12-19,Santa Clara,085,1922200,157287,155049,1803,156852,1950
2021-12-19,Santa Cruz,087,273765,22275,21960,1059,23019,227
2021-12-19,Shasta,089,179085,22998,22875,3734,26609,429
2021-12-19,Sierra,091,2930,204,201,21,222,0
2021-12-19,Siskiyou,093,43540,3512,3452,1374,4826,59
2021-12-19,Solano,095,438530,48135,47341,1394,48735,370
2021-12-19,Sonoma,097,501317,44492,43944,609,44553,408
2021-12-19,Stanislaus,099,539301,82861,83040,9409,92449,1331
2021-12-19,Sutter,101,95872,14492,14475,412,14887,190
2021-12-19,Tehama,103,63373,8933,8840,1548,10388,136
2021-12-19,Trinity,105,12862,913,826,220,1046,17
2021-12-19,Tulare,107,460477,72110,71085,16481,87566,1129
2021-12-19,Tuolumne,109,53932,7937,7865,116,7981,91
2021-12-19,Ventura,111,848112,103592,102170,4550,106720,1203
2021-12-19,Yolo,113,214977,21210,20887,1233,22120,267
2021-12-19,Yuba,115,75493,10731,10646,405,11051,97
2021-12-18,Alameda,001,1643700,126659,124583,3029,127612,1512
2021-12-18,Alpine,003,1148,110,110,0,110,0
2021-12-18,Amador,005,37829,5854,5821,74,5895,69
2021-12-18,Butte,007,227075,22259,21956,4058,26014,328
2021-12-18,Calaveras,009,45235,4584,4534,64,4598,91
2021-12-18,Colusa,011,21464,2656,2635,685,3320,21
2021-12-18,Contra Costa,013,1133247,104849,103380,2391,105771,1065
2021-12-18,Del Norte,015,27424,3821,3791,56,3847,43
2021-12-18,El Dorado,017,186661,17310,16968,1836,18804,171
2021-12-18,Fresno,019,978130,148793,147038,13298,160336,2335
2021-12-18,Glenn,021,27897,3632,3590,1056,4646,39
2021-12-18,Humboldt,023,135768,10043,9889,737,10626,118
2021-12-18,Imperial,025,180216,36873,36280,3988,40268,790
2021-12-18,Inyo,027,18085,2638,2607,40,2647,47
2021-12-18,Kern,029,883053,135134,133754,24511,158265,1873
2021-12-18,Kings,031,150075,34142,33783,2048,35831,374
2021-12-18,Lake,033,64148,7046,6976,167,7143,115
2021-12-18,Lassen,035,31185,7096,7061,426,7487,55
2021-12-18,Los Angeles,037,10098052,1512549,1484840,57746,1542586,27135
2021-12-18,Madera,039,155013,24823,24575,2367,26942,313
2021-12-18,Marin,041,260295,18948,18537,573,19110,249
2021-12-18,Mariposa,043,17540,1493,1468,62,1530,6
2021-12-18,Mendocino,045,87422,8362,8219,699,8918,95
2021-12-18,Merced,047,269075,44086,43929,2199,46128,686
2021-12-18,Modoc,049,8938,598,595,203,798,6
2021-12-18,Mono,051,14174,1988,1956,22,1978,4
2021-12-18,Monterey,053,433212,50890,49343,3417,52760,635
2021-12-18,Napa,055,140530,13767,13581,136,13717,107
2021-12-18,Nevada,057,99092,10154,9991,352,10343,108
2021-12-18,Orange,059,3164182,322495,318149,16730,334879,5844
2021-12-18,Placer,061,380077,39923,39336,3968,43304,485
2021-12-18,Plumas,063,18699,2024,1964,50,2014,13
2021-12-18,Riverside,065,2383286,386006,379354,16860,396214,5439
2021-12-18,Sacramento,067,1510023,169102,167046,5182,172228,2404
2021-12-18,San Benito,069,59416,7932,7894,183,8077,79
2021-12-18,San Bernardino,071,2135413,376962,371658,12035,383693,6017
2021-12-18,San Diego,073,3302833,402569,397130,23488,420618,4399
2021-12-18,San Francisco,075,870044,57879,55562,2562,58124,679
2021-12-18,San Joaquin,077,732212,104790,103698,5694,109392,1858
2021-12-18,San Luis Obispo,079,281455,31385,30873,1392,32265,365
2021-12-18,San Mateo,081,765935,57758,55730,1039,56769,580
2021-12-18,Santa Barbara,083,443738,47391,46776,1651,48427,562
2021-12-18,Santa Clara,085,1922200,156831,154243,1790,156033,1946
2021-12-18,Santa Cruz,087,273765,22223,21805,1057,22862,225
2021-12-18,Shasta,089,179085,22977,22811,3734,26545,429
2021-12-18,Sierra,091,2930,204,199,21,220,0
2021-12-18,Siskiyou,093,43540,3510,3441,1373,4814,58
2021-12-18,Solano,095,438530,48089,47174,1392,48566,369
2021-12-18,Sonoma,097,501317,44382,43658,605,44263,407
2021-12-18,Stanislaus,099,539301,82779,82736,9397,92133,1330
2021-12-18,Sutter,101,95872,14474,14435,412,14847,190
2021-12-18,Tehama,103,63373,8926,8814,1547,10361,136
2021-12-18,Trinity,105,12862,913,823,220,1043,17
2021-12-18,Tulare,107,460477,72072,70922,16456,87378,1120
2021-12-18,Tuolumne,109,53932,7923,7834,116,7950,91
2021-12-18,Ventura,111,848112,103307,101612,4528,106140,1201
2021-12-18,Yolo,113,214977,21170,20793,1227,22020,267
2021-12-18,Yuba,115,75493,10720,10599,405,11004,96
2021-12-17,Alameda,001,1643700,126319,124583,3010,127593,1512
2021-12-17,Alpine,003,1148,110,110,0,110,0
2021-12-17,Amador,005,37829,5847,5821,74,5895,69
2021-12-17,Butte,007,227075,22238,21956,4051,26007,328
2021-12-17,Calaveras,009,45235,4580,4534,64,4598,91
2021-12-17,Colusa,011,21464,2655,2635,684,3319,21
2021-12-17,Contra Costa,013,1133247,104648,103380,2387,105767,1065
2021-12-17,Del Norte,015,27424,3820,3791,56,3847,43
2021-12-17,El Dorado,017,186661,17282,16968,1833,18801,171
2021-12-17,Fresno,019,978130,148690,147038,13298,160336,2335
2021-12-17,Glenn,021,27897,3625,3590,1056,4646,39
2021-12-17,Humboldt,023,135768,10023,9889,735,10624,118
2021-12-17,Imperial,025,180216,36810,36280,3970,40250,790
2021-12-17,Inyo,027,18085,2633,2607,40,2647,47
2021-12-17,Kern,029,883053,135042,133754,24470,158224,1873
2021-12-17,Kings,031,150075,34123,33783,2048,35831,374
2021-12-17,Lake,033,64148,7042,6976,167,7143,115
2021-12-17,Lassen,035,31185,7096,7061,425,7486,55
2021-12-17,Los Angeles,037,10098052,1508608,1484840,57507,1542347,27135
2021-12-17,Madera,039,155013,24807,24575,2362,26937,313
2021-12-17,Marin,041,260295,18872,18537,569,19106,249
2021-12-17,Mariposa,043,17540,1489,1468,62,1530,6
2021-12-17,Mendocino,045,87422,8351,8219,699,8918,95
2021-12-17,Merced,047,269075,44060,43929,2198,46127,686
2021-12-17,Modoc,049,8938,598,595,203,798,6
2021-12-17,Mono,051,14174,1985,1956,22,1978,4
2021-12-17,Monterey,053,433212,50832,49343,3412,52755,635
2021-12-17,Napa,055,140530,13740,13581,135,13716,107
2021-12-17,Nevada,057,99092,10143,9991,352,10343,108
2021-12-17,Orange,059,3164182,321932,318149,16662,334811,5844
2021-12-17,Placer,061,380077,39868,39336,3962,43298,485
2021-12-17,Plumas,063,18699,2023,1964,50,2014,13
2021-12-17,Riverside,065,2383286,385354,379354,16850,396204,5439
2021-12-17,Sacramento,067,1510023,168869,167046,5169,172215,2404
2021-12-17,San Benito,069,59416,7930,7894,183,8077,79
2021-12-17,San Bernardino,071,2135413,376401,371658,12018,383676,6017
2021-12-17,San Diego,073,3302833,401640,397130,23440,420570,4399
2021-12-17,San Francisco,075,870044,57552,55562,2532,58094,679
2021-12-17,San Joaquin,077,732212,104715,103698,5677,109375,1858
2021-12-17,San Luis Obispo,079,281455,31356,30873,1388,32261,365
2021-12-17,San Mateo,081,765935,57570,55730,1032,56762,580
2021-12-17,Santa Barbara,083,443738,47314,46776,1645,48421,562
2021-12-17,Santa Clara,085,1922200,156457,154243,1776,156019,1946
2021-12-17,Santa Cruz,087,273765,22176,21805,1053,22858,225
2021-12-17,Shasta,089,179085,22965,22811,3732,26543,429
2021-12-17,Sierra,091,2930,203,199,21,220,0
2021-12-17,Siskiyou,093,43540,3506,3441,1371,4812,58
2021-12-17,Solano,095,438530,48021,47174,1388,48562,369
2021-12-17,Sonoma,097,501317,44285,43658,602,44260,407
2021-12-17,Stanislaus,099,539301,82728,82736,9390,92126,1330
2021-12-17,Sutter,101,95872,14462,14435,410,14845,190
2021-12-17,Tehama,103,63373,8919,8814,1546,10360,136
2021-12-17,Trinity,105,12862,913,823,220,1043,17
2021-12-17,Tulare,107,460477,72030,70922,16426,87348,1120
2021-12-17,Tuolumne,109,53932,7911,7834,116,7950,91
2021-12-17,Ventura,111,848112,103057,101612,4516,106128,1201
2021-12-17,Yolo,113,214977,21137,20793,1222,22015,267
2021-12-17,Yuba,115,75493,10709,10599,403,11002,96
2021-12-16,Alameda,001,1643700,125940,124583,2995,127578,1512
2021-12-16,Alpine,003,1148,108,110,0,110,0
2021-12-16,Amador,005,37829,5839,5821,74,5895,69
2021-12-16,Butte,007,227075,22218,21956,4047,26003,328
2021-12-16,Calaveras,009,45235,4573,4534,64,4598,91
2021-12-16,Colusa,011,21464,2655,2635,684,3319,21
2021-12-16,Contra Costa,013,1133247,104425,103380,2377,105757,1065
2021-12-16,Del Norte,015,27424,3817,3791,56,3847,43
2021-12-16,El Dorado,017,186661,17247,16968,1828,18796,171
2021-12-16,Fresno,019,978130,148531,147038,13291,160329,2335
2021-12-16,Glenn,021,27897,3625,3590,1053,4643,39
2021-12-16,Humboldt,023,135768,9999,9889,725,10614,118
2021-12-16,Imperial,025,180216,36726,36280,3942,40222,790
2021-12-16,Inyo,027,18085,2629,2607,39,2646,47
2021-12-16,Kern,029,883053,134898,133754,24421,158175,1873
2021-12-16,Kings,031,150075,34099,33783,2047,35830,374
2021-12-16,Lake,033,64148,7038,6976,167,7143,115
2021-12-16,Lassen,035,31185,7093,7061,424,7485,55
2021-12-16,Los Angeles,037,10098052,1504392,1484840,57242,1542082,27135
2021-12-16,Madera,039,155013,24778,24575,2358,26933,313
2021-12-16,Marin,041,260295,18826,18537,562,19099,249
2021-12-16,Mariposa,043,17540,1487,1468,62,1530,6
2021-12-16,Mendocino,045,87422,8340,8219,694,8913,95
2021-12-16,Merced,047,269075,44021,43929,2197,46126,686
2021-12-16,Modoc,049,8938,598,595,203,798,6
2021-12-16,Mono,051,14174,1982,1956,22,1978,4
2021-12-16,Monterey,053,433212,50761,49343,3395,52738,635
2021-12-16,Napa,055,140530,13708,13581,135,13716,107
2021-12-16,Nevada,057,99092,10117,9991,352,10343,108
2021-12-16,Orange,059,3164182,321320,318149,16584,334733,5844
2021-12-16,Placer,061,380077,39791,39336,3957,43293,485
2021-12-16,Plumas,063,18699,2023,1964,50,2014,13
2021-12-16,Riverside,065,2383286,384549,379354,16836,396190,5439
2021-12-16,Sacramento,067,1510023,168586,167046,5145,172191,2404
2021-12-16,San Benito,069,59416,7923,7894,183,8077,79
2021-12-16,San Bernardino,071,2135413,375735,371658,11999,383657,6017
2021-12-16,San Diego,073,3302833,400471,397130,23374,420504,4399
2021-12-16,San Francisco,075,870044,57175,55562,2510,58072,679
2021-12-16,San Joaquin,077,732212,104591,103698,5670,109368,1858
2021-12-16,San Luis Obispo,079,281455,31286,30873,1382,32255,365
2021-12-16,San Mateo,081,765935,57370,55730,1029,56759,580
2021-12-16,Santa Barbara,083,443738,47193,46776,1641,48417,562
2021-12-16,Santa Clara,085,1922200,156126,154243,1766,156009,1946
2021-12-16,Santa Cruz,087,273765,22130,21805,1052,22857,225
2021-12-16,Shasta,089,179085,22935,22811,3730,26541,429
2021-12-16,Sierra,091,2930,203,199,21,220,0
2021-12-16,Siskiyou,093,43540,3505,3441,1367,4808,58
2021-12-16,Solano,095,438530,47953,47174,1381,48555,369
2021-12-16,Sonoma,097,501317,44186,43658,600,44258,407
2021-12-16,Stanislaus,099,539301,82641,82736,9376,92112,1330
2021-12-16,Sutter,101,95872,14448,14435,409,14844,190
2021-12-16,Tehama,103,63373,8912,8814,1545,10359,136
2021-12-16,Trinity,105,12862,913,823,220,1043,17
2021-12-16,Tulare,107,460477,71981,70922,16401,87323,1120
2021-12-16,Tuolumne,109,53932,7890,7834,116,7950,91
2021-12-16,Ventura,111,848112,102790,101612,4509,106121,1201
2021-12-16,Yolo,113,214977,21086,20793,1217,22010,267
2021-12-16,Yuba,115,75493,10693,10599,402,11001,96
2021-12-15,Alameda,001,1643700,125612,124342,2984,127326,1509
2021-12-15,Alpine,003,1148,108,109,0,109,0
2021-12-15,Amador,005,37829,5833,5810,74,5884,69
2021-12-15,Butte,007,227075,22194,21922,4046,25968,327
2021-12-15,Calaveras,009,45235,4567,4523,64,4587,89
2021-12-15,Colusa,011,21464,2654,2632,683,3315,21
2021-12-15,Contra Costa,013,1133247,104205,103236,2374,105610,1064
2021-12-15,Del Norte,015,27424,3816,3789,55,3844,43
2021-12-15,El Dorado,017,186661,17217,16936,1822,18758,171
2021-12-15,Fresno,019,978130,148404,146859,13277,160136,2319
2021-12-15,Glenn,021,27897,3624,3589,1053,4642,39
2021-12-15,Humboldt,023,135768,9979,9854,724,10578,118
2021-12-15,Imperial,025,180216,36646,36187,3898,40085,789
2021-12-15,Inyo,027,18085,2624,2606,39,2645,47
2021-12-15,Kern,029,883053,134759,133590,24375,157965,1866
2021-12-15,Kings,031,150075,34070,33716,2043,35759,374
2021-12-15,Lake,033,64148,7030,6968,166,7134,115
2021-12-15,Lassen,035,31185,7093,7062,424,7486,55
2021-12-15,Los Angeles,037,10098052,1500497,1482735,57049,1539784,27116
2021-12-15,Madera,039,155013,24760,24549,2352,26901,313
2021-12-15,Marin,041,260295,18767,18514,557,19071,249
2021-12-15,Mariposa,043,17540,1484,1463,62,1525,6
2021-12-15,Mendocino,045,87422,8335,8209,691,8900,95
2021-12-15,Merced,047,269075,43979,43890,2185,46075,685
2021-12-15,Modoc,049,8938,598,595,203,798,6
2021-12-15,Mono,051,14174,1978,1955,22,1977,4
2021-12-15,Monterey,053,433212,50706,49279,3377,52656,635
2021-12-15,Napa,055,140530,13679,13557,133,13690,107
2021-12-15,Nevada,057,99092,10096,9958,352,10310,107
2021-12-15,Orange,059,3164182,320737,317808,16542,334350,5838
2021-12-15,Placer,061,380077,39734,39264,3947,43211,485
2021-12-15,Plumas,063,18699,2019,1957,50,2007,12
2021-12-15,Riverside,065,2383286,383829,378769,16825,395594,5438
2021-12-15,Sacramento,067,1510023,168277,166793,5125,171918,2401
2021-12-15,San Benito,069,59416,7908,7877,183,8060,79
2021-12-15,San Bernardino,071,2135413,375169,371122,11966,383088,6013
2021-12-15,San Diego,073,3302833,399276,396546,23304,419850,4395
2021-12-15,San Francisco,075,870044,56857,55414,2492,57906,679
2021-12-15,San Joaquin,077,732212,104434,103579,5660,109239,1853
2021-12-15,San Luis Obispo,079,281455,31237,30784,1375,32159,365
2021-12-15,San Mateo,081,765935,57228,55657,1019,56676,580
2021-12-15,Santa Barbara,083,443738,47112,46681,1639,48320,562
2021-12-15,Santa Clara,085,1922200,155816,153928,1746,155674,1944
2021-12-15,Santa Cruz,087,273765,22090,21753,1045,22798,225
2021-12-15,Shasta,089,179085,22920,22778,3726,26504,427
2021-12-15,Sierra,091,2930,203,199,21,220,0
2021-12-15,Siskiyou,093,43540,3504,3434,1366,4800,58
2021-12-15,Solano,095,438530,47882,47098,1375,48473,367
2021-12-15,Sonoma,097,501317,44104,43580,595,44175,407
2021-12-15,Stanislaus,099,539301,82533,82628,9368,91996,1298
2021-12-15,Sutter,101,95872,14428,14428,408,14836,189
2021-12-15,Tehama,103,63373,8905,8806,1544,10350,136
2021-12-15,Trinity,105,12862,912,822,220,1042,17
2021-12-15,Tulare,107,460477,71930,70846,16372,87218,1120
2021-12-15,Tuolumne,109,53932,7881,7818,115,7933,91
2021-12-15,Ventura,111,848112,102575,101447,4503,105950,1199
2021-12-15,Yolo,113,214977,21058,20749,1212,21961,267
2021-12-15,Yuba,115,75493,10682,10587,401,10988,96
2021-12-14,Alameda,001,1643700,125280,124272,2972,127244,1506
2021-12-14,Alpine,003,1148,107,109,0,109,0
2021-12-14,Amador,005,37829,5827,5808,73,5881,69
2021-12-14,Butte,007,227075,22161,21901,4044,25945,326
2021-12-14,Calaveras,009,45235,4555,4517,64,4581,89
2021-12-14,Colusa,011,21464,2652,2628,683,3311,21
2021-12-14,Contra Costa,013,1133247,104021,103135,2370,105505,1064
2021-12-14,Del Norte,015,27424,3813,3788,55,3843,43
2021-12-14,El Dorado,017,186661,17182,16915,1820,18735,170
2021-12-14,Fresno,019,978130,148232,146756,13269,160025,2316
2021-12-14,Glenn,021,27897,3623,3589,1053,4642,39
2021-12-14,Humboldt,023,135768,9967,9836,716,10552,118
2021-12-14,Imperial,025,180216,36573,36049,3855,39904,789
2021-12-14,Inyo,027,18085,2623,2601,39,2640,46
2021-12-14,Kern,029,883053,134621,133498,24326,157824,1863
2021-12-14,Kings,031,150075,34033,33693,2040,35733,373
2021-12-14,Lake,033,64148,7021,6961,166,7127,115
2021-12-14,Lassen,035,31185,7092,7061,424,7485,55
2021-12-14,Los Angeles,037,10098052,1496833,1481131,56871,1538002,27099
2021-12-14,Madera,039,155013,24733,24535,2344,26879,313
2021-12-14,Marin,041,260295,18719,18491,555,19046,249
2021-12-14,Mariposa,043,17540,1481,1463,61,1524,6
2021-12-14,Mendocino,045,87422,8307,8206,689,8895,95
2021-12-14,Merced,047,269075,43933,43870,2183,46053,684
2021-12-14,Modoc,049,8938,597,595,203,798,6
2021-12-14,Mono,051,14174,1971,1955,22,1977,4
2021-12-14,Monterey,053,433212,50622,49237,3366,52603,635
2021-12-14,Napa,055,140530,13650,13528,133,13661,107
2021-12-14,Nevada,057,99092,10070,9956,351,10307,106
2021-12-14,Orange,059,3164182,320182,317465,16488,333953,5827
2021-12-14,Placer,061,380077,39659,39221,3942,43163,482
2021-12-14,Plumas,063,18699,2015,1950,48,1998,12
2021-12-14,Riverside,065,2383286,383137,378227,16808,395035,5427
2021-12-14,Sacramento,067,1510023,167967,166605,5102,171707,2394
2021-12-14,San Benito,069,59416,7889,7871,183,8054,79
2021-12-14,San Bernardino,071,2135413,374540,370604,11934,382538,6013
2021-12-14,San Diego,073,3302833,398137,395876,23253,419129,4393
2021-12-14,San Francisco,075,870044,56541,55278,2481,57759,679
2021-12-14,San Joaquin,077,732212,104288,103488,5643,109131,1848
2021-12-14,San Luis Obispo,079,281455,31177,30753,1371,32124,363
2021-12-14,San Mateo,081,765935,57064,55601,1012,56613,580
2021-12-14,Santa Barbara,083,443738,47010,46648,1635,48283,560
2021-12-14,Santa Clara,085,1922200,155494,153814,1733,155547,1945
2021-12-14,Santa Cruz,087,273765,22025,21737,1040,22777,225
2021-12-14,Shasta,089,179085,22893,22756,3725,26481,427
2021-12-14,Sierra,091,2930,201,199,21,220,0
2021-12-14,Siskiyou,093,43540,3499,3430,1365,4795,58
2021-12-14,Solano,095,438530,47835,47065,1369,48434,367
2021-12-14,Sonoma,097,501317,44021,43538,593,44131,407
2021-12-14,Stanislaus,099,539301,82446,82581,9352,91933,1293
2021-12-14,Sutter,101,95872,14416,14421,407,14828,189
2021-12-14,Tehama,103,63373,8901,8805,1544,10349,134
2021-12-14,Trinity,105,12862,912,821,220,1041,17
2021-12-14,Tulare,107,460477,71858,70803,16342,87145,1120
2021-12-14,Tuolumne,109,53932,7868,7815,115,7930,91
2021-12-14,Ventura,111,848112,102351,101343,4496,105839,1199
2021-12-14,Yolo,113,214977,21024,20734,1199,21933,267
2021-12-14,Yuba,115,75493,10665,10574,401,10975,92
2021-12-13,Alameda,001,1643700,124990,124174,2955,127129,1501
2021-12-13,Alpine,003,1148,107,109,0,109,0
2021-12-13,Amador,005,37829,5823,5797,73,5870,69
2021-12-13,Butte,007,227075,22137,21889,4040,25929,326
2021-12-13,Calaveras,009,45235,4548,4507,63,4570,89
2021-12-13,Colusa,011,21464,2649,2627,683,3310,21
2021-12-13,Contra Costa,013,1133247,103870,103041,2359,105400,1064
2021-12-13,Del Norte,015,27424,3809,3787,55,3842,42
2021-12-13,El Dorado,017,186661,17159,16896,1818,18714,170
2021-12-13,Fresno,019,978130,148081,146641,13259,159900,2312
2021-12-13,Glenn,021,27897,3619,3589,1051,4640,37
2021-12-13,Humboldt,023,135768,9938,9821,712,10533,118
2021-12-13,Imperial,025,180216,36489,35974,3834,39808,787
2021-12-13,Inyo,027,18085,2622,2592,39,2631,46
2021-12-13,Kern,029,883053,134495,133381,24273,157654,1863
2021-12-13,Kings,031,150075,33990,33680,2035,35715,372
2021-12-13,Lake,033,64148,7019,6958,164,7122,115
2021-12-13,Lassen,035,31185,7091,7057,424,7481,55
2021-12-13,Los Angeles,037,10098052,1494049,1480195,56711,1536906,27085
2021-12-13,Madera,039,155013,24704,24527,2339,26866,311
2021-12-13,Marin,041,260295,18659,18471,552,19023,249
2021-12-13,Mariposa,043,17540,1479,1462,61,1523,6
2021-12-13,Mendocino,045,87422,8294,8196,687,8883,95
2021-12-13,Merced,047,269075,43893,43848,2179,46027,682
2021-12-13,Modoc,049,8938,596,595,203,798,6
2021-12-13,Mono,051,14174,1964,1952,22,1974,4
2021-12-13,Monterey,053,433212,50570,49222,3347,52569,631
2021-12-13,Napa,055,140530,13637,13518,133,13651,107
2021-12-13,Nevada,057,99092,10051,9946,350,10296,106
2021-12-13,Orange,059,3164182,319712,317112,16436,333548,5824
2021-12-13,Placer,061,380077,39598,39168,3931,43099,481
2021-12-13,Plumas,063,18699,2011,1943,48,1991,12
2021-12-13,Riverside,065,2383286,382555,377728,16793,394521,5414
2021-12-13,Sacramento,067,1510023,167689,166439,5070,171509,2392
2021-12-13,San Benito,069,59416,7880,7856,183,8039,79
2021-12-13,San Bernardino,071,2135413,373958,370274,11926,382200,6011
2021-12-13,San Diego,073,3302833,397332,395266,23200,418466,4389
2021-12-13,San Francisco,075,870044,56271,55245,2468,57713,678
2021-12-13,San Joaquin,077,732212,104172,103449,5634,109083,1846
2021-12-13,San Luis Obispo,079,281455,31127,30746,1367,32113,363
2021-12-13,San Mateo,081,765935,56905,55569,1003,56572,580
2021-12-13,Santa Barbara,083,443738,46922,46608,1630,48238,560
2021-12-13,Santa Clara,085,1922200,155229,153672,1722,155394,1944
2021-12-13,Santa Cruz,087,273765,21970,21698,1037,22735,225
2021-12-13,Shasta,089,179085,22871,22731,3723,26454,426
2021-12-13,Sierra,091,2930,201,199,21,220,0
2021-12-13,Siskiyou,093,43540,3495,3426,1362,4788,57
2021-12-13,Solano,095,438530,47761,47045,1364,48409,365
2021-12-13,Sonoma,097,501317,43925,43492,591,44083,407
2021-12-13,Stanislaus,099,539301,82329,82507,9329,91836,1282
2021-12-13,Sutter,101,95872,14409,14408,407,14815,188
2021-12-13,Tehama,103,63373,8889,8800,1544,10344,134
2021-12-13,Trinity,105,12862,912,820,220,1040,17
2021-12-13,Tulare,107,460477,71800,70758,16318,87076,1114
2021-12-13,Tuolumne,109,53932,7857,7804,115,7919,91
2021-12-13,Ventura,111,848112,102126,101180,4485,105665,1197
2021-12-13,Yolo,113,214977,20975,20706,1194,21900,267
2021-12-13,Yuba,115,75493,10648,10570,401,10971,92
2021-12-12,Alameda,001,1643700,124707,124075,2943,127018,1503
2021-12-12,Alpine,003,1148,107,109,0,109,0
2021-12-12,Amador,005,37829,5815,5797,72,5869,69
2021-12-12,Butte,007,227075,22113,21874,4034,25908,326
2021-12-12,Calaveras,009,45235,4537,4501,63,4564,89
2021-12-12,Colusa,011,21464,2644,2627,680,3307,21
2021-12-12,Contra Costa,013,1133247,103683,102976,2357,105333,1065
2021-12-12,Del Norte,015,27424,3806,3793,55,3848,42
2021-12-12,El Dorado,017,186661,17123,16890,1810,18700,170
2021-12-12,Fresno,019,978130,147919,146518,13244,159762,2310
2021-12-12,Glenn,021,27897,3616,3589,1051,4640,37
2021-12-12,Humboldt,023,135768,9913,9804,705,10509,118
2021-12-12,Imperial,025,180216,36355,35926,3803,39729,787
2021-12-12,Inyo,027,18085,2617,2592,39,2631,46
2021-12-12,Kern,029,883053,134329,133314,24232,157546,1861
2021-12-12,Kings,031,150075,33939,33661,2033,35694,372
2021-12-12,Lake,033,64148,7012,6955,162,7117,115
2021-12-12,Lassen,035,31185,7090,7057,424,7481,55
2021-12-12,Los Angeles,037,10098052,1491136,1479054,56530,1535584,27074
2021-12-12,Madera,039,155013,24675,24493,2332,26825,311
2021-12-12,Marin,041,260295,18606,18451,548,18999,249
2021-12-12,Mariposa,043,17540,1478,1461,61,1522,6
2021-12-12,Mendocino,045,87422,8281,8190,686,8876,95
2021-12-12,Merced,047,269075,43860,43821,2172,45993,682
2021-12-12,Modoc,049,8938,596,595,202,797,6
2021-12-12,Mono,051,14174,1960,1947,22,1969,4
2021-12-12,Monterey,053,433212,50517,49192,3321,52513,631
2021-12-12,Napa,055,140530,13594,13508,131,13639,107
2021-12-12,Nevada,057,99092,10024,9938,349,10287,106
2021-12-12,Orange,059,3164182,319206,316918,16371,333289,5825
2021-12-12,Placer,061,380077,39533,39139,3925,43064,481
2021-12-12,Plumas,063,18699,2007,1942,46,1988,12
2021-12-12,Riverside,065,2383286,381877,377467,16768,394235,5414
2021-12-12,Sacramento,067,1510023,167422,166291,5049,171340,2392
2021-12-12,San Benito,069,59416,7860,7853,183,8036,79
2021-12-12,San Bernardino,071,2135413,373311,369977,11902,381879,6011
2021-12-12,San Diego,073,3302833,396437,393307,23162,416469,4378
2021-12-12,San Francisco,075,870044,56015,55180,2456,57636,678
2021-12-12,San Joaquin,077,732212,104033,103405,5624,109029,1846
2021-12-12,San Luis Obispo,079,281455,31074,30719,1365,32084,363
2021-12-12,San Mateo,081,765935,56788,55505,999,56504,580
2021-12-12,Santa Barbara,083,443738,46847,46586,1628,48214,560
2021-12-12,Santa Clara,085,1922200,154949,153452,1708,155160,1945
2021-12-12,Santa Cruz,087,273765,21921,21671,1035,22706,225
2021-12-12,Shasta,089,179085,22843,22732,3722,26454,426
2021-12-12,Sierra,091,2930,201,199,21,220,0
2021-12-12,Siskiyou,093,43540,3495,3424,1362,4786,57
2021-12-12,Solano,095,438530,47695,47021,1361,48382,365
2021-12-12,Sonoma,097,501317,43832,43424,588,44012,407
2021-12-12,Stanislaus,099,539301,82229,82460,9316,91776,1282
2021-12-12,Sutter,101,95872,14398,14396,407,14803,189
2021-12-12,Tehama,103,63373,8878,8796,1542,10338,134
2021-12-12,Trinity,105,12862,910,820,220,1040,17
2021-12-12,Tulare,107,460477,71723,70733,16276,87009,1115
2021-12-12,Tuolumne,109,53932,7840,7794,115,7909,91
2021-12-12,Ventura,111,848112,101933,101105,4471,105576,1197
2021-12-12,Yolo,113,214977,20925,20685,1182,21867,267
2021-12-12,Yuba,115,75493,10634,10565,398,10963,92
2021-12-11,Alameda,001,1643700,124570,123572,2941,126513,1496
2021-12-11,Alpine,003,1148,107,109,0,109,0
2021-12-11,Amador,005,37829,5810,5787,72,5859,69
2021-12-11,Butte,007,227075,22099,21819,4032,25851,326
2021-12-11,Calaveras,009,45235,4529,4469,62,4531,89
2021-12-11,Colusa,011,21464,2640,2619,679,3298,21
2021-12-11,Contra Costa,013,1133247,103597,102618,2355,104973,1061
2021-12-11,Del Norte,015,27424,3806,3778,55,3833,42
2021-12-11,El Dorado,017,186661,17103,16796,1809,18605,170
2021-12-11,Fresno,019,978130,147832,145988,13235,159223,2294
2021-12-11,Glenn,021,27897,3614,3585,1051,4636,37
2021-12-11,Humboldt,023,135768,9896,9721,702,10423,118
2021-12-11,Imperial,025,180216,36297,35635,3794,39429,782
2021-12-11,Inyo,027,18085,2612,2576,39,2615,46
2021-12-11,Kern,029,883053,134260,132852,24198,157050,1854
2021-12-11,Kings,031,150075,33926,33530,2031,35561,371
2021-12-11,Lake,033,64148,7011,6932,160,7092,114
2021-12-11,Lassen,035,31185,7089,7049,424,7473,55
2021-12-11,Los Angeles,037,10098052,1489923,1474030,56439,1530469,27031
2021-12-11,Madera,039,155013,24669,24417,2331,26748,311
2021-12-11,Marin,041,260295,18572,18339,545,18884,249
2021-12-11,Mariposa,043,17540,1477,1450,61,1511,6
2021-12-11,Mendocino,045,87422,8274,8130,686,8816,95
2021-12-11,Merced,047,269075,43841,43690,2171,45861,681
2021-12-11,Modoc,049,8938,596,594,202,796,6
2021-12-11,Mono,051,14174,1956,1926,22,1948,4
2021-12-11,Monterey,053,433212,50489,49008,3318,52326,631
2021-12-11,Napa,055,140530,13577,13459,131,13590,107
2021-12-11,Nevada,057,99092,10011,9880,349,10229,106
2021-12-11,Orange,059,3164182,318956,315759,16344,332103,5805
2021-12-11,Placer,061,380077,39475,38959,3918,42877,481
2021-12-11,Plumas,063,18699,2001,1934,46,1980,12
2021-12-11,Riverside,065,2383286,381457,375649,16752,392401,5408
2021-12-11,Sacramento,067,1510023,167291,165530,5042,170572,2386
2021-12-11,San Benito,069,59416,7846,7808,183,7991,79
2021-12-11,San Bernardino,071,2135413,372946,368145,11892,380037,6007
2021-12-11,San Diego,073,3302833,396014,392274,23124,415398,4374
2021-12-11,San Francisco,075,870044,55863,54869,2451,57320,678
2021-12-11,San Joaquin,077,732212,103972,103013,5620,108633,1842
2021-12-11,San Luis Obispo,079,281455,31052,30567,1361,31928,362
2021-12-11,San Mateo,081,765935,56709,55284,997,56281,580
2021-12-11,Santa Barbara,083,443738,46812,46309,1628,47937,559
2021-12-11,Santa Clara,085,1922200,154751,152846,1696,154542,1941
2021-12-11,Santa Cruz,087,273765,21897,21557,1035,22592,225
2021-12-11,Shasta,089,179085,22828,22660,3718,26378,419
2021-12-11,Sierra,091,2930,201,199,21,220,0
2021-12-11,Siskiyou,093,43540,3489,3418,1359,4777,57
2021-12-11,Solano,095,438530,47666,46891,1357,48248,365
2021-12-11,Sonoma,097,501317,43784,43227,588,43815,407
2021-12-11,Stanislaus,099,539301,82180,82133,9307,91440,1264
2021-12-11,Sutter,101,95872,14389,14354,407,14761,187
2021-12-11,Tehama,103,63373,8875,8776,1540,10316,134
2021-12-11,Trinity,105,12862,910,819,220,1039,17
2021-12-11,Tulare,107,460477,71679,70523,16266,86789,1103
2021-12-11,Tuolumne,109,53932,7831,7760,115,7875,91
2021-12-11,Ventura,111,848112,101858,100711,4464,105175,1195
2021-12-11,Yolo,113,214977,20906,20608,1178,21786,267
2021-12-11,Yuba,115,75493,10622,10519,397,10916,92
2021-12-10,Alameda,001,1643700,124446,123572,2933,126505,1496
2021-12-10,Alpine,003,1148,106,109,0,109,0
2021-12-10,Amador,005,37829,5803,5787,72,5859,69
2021-12-10,Butte,007,227075,22086,21819,4030,25849,326
2021-12-10,Calaveras,009,45235,4526,4469,62,4531,89
2021-12-10,Colusa,011,21464,2639,2619,679,3298,21
2021-12-10,Contra Costa,013,1133247,103501,102618,2354,104972,1061
2021-12-10,Del Norte,015,27424,3806,3778,55,3833,42
2021-12-10,El Dorado,017,186661,17090,16796,1809,18605,170
2021-12-10,Fresno,019,978130,147744,145988,13224,159212,2294
2021-12-10,Glenn,021,27897,3614,3585,1051,4636,37
2021-12-10,Humboldt,023,135768,9879,9721,700,10421,118
2021-12-10,Imperial,025,180216,36242,35635,3779,39414,782
2021-12-10,Inyo,027,18085,2609,2576,39,2615,46
2021-12-10,Kern,029,883053,134171,132852,24174,157026,1854
2021-12-10,Kings,031,150075,33911,33530,2029,35559,371
2021-12-10,Lake,033,64148,7004,6932,160,7092,114
2021-12-10,Lassen,035,31185,7088,7049,424,7473,55
2021-12-10,Los Angeles,037,10098052,1488836,1474030,56352,1530382,27031
2021-12-10,Madera,039,155013,24651,24417,2329,26746,311
2021-12-10,Marin,041,260295,18550,18339,545,18884,249
2021-12-10,Mariposa,043,17540,1474,1450,61,1511,6
2021-12-10,Mendocino,045,87422,8267,8130,685,8815,95
2021-12-10,Merced,047,269075,43823,43690,2169,45859,681
2021-12-10,Modoc,049,8938,596,594,202,796,6
2021-12-10,Mono,051,14174,1953,1926,22,1948,4
2021-12-10,Monterey,053,433212,50452,49008,3312,52320,631
2021-12-10,Napa,055,140530,13565,13459,130,13589,107
2021-12-10,Nevada,057,99092,10002,9880,349,10229,106
2021-12-10,Orange,059,3164182,318689,315759,16312,332071,5805
2021-12-10,Placer,061,380077,39433,38959,3915,42874,481
2021-12-10,Plumas,063,18699,1999,1934,46,1980,12
2021-12-10,Riverside,065,2383286,381051,375649,16742,392391,5408
2021-12-10,Sacramento,067,1510023,167138,165530,5040,170570,2386
2021-12-10,San Benito,069,59416,7842,7808,183,7991,79
2021-12-10,San Bernardino,071,2135413,372574,368145,11869,380014,6007
2021-12-10,San Diego,073,3302833,395534,392274,23110,415384,4374
2021-12-10,San Francisco,075,870044,55778,54869,2445,57314,678
2021-12-10,San Joaquin,077,732212,103917,103013,5616,108629,1842
2021-12-10,San Luis Obispo,079,281455,31042,30567,1358,31925,362
2021-12-10,San Mateo,081,765935,56652,55284,994,56278,580
2021-12-10,Santa Barbara,083,443738,46775,46309,1627,47936,559
2021-12-10,Santa Clara,085,1922200,154581,152846,1683,154529,1941
2021-12-10,Santa Cruz,087,273765,21877,21557,1034,22591,225
2021-12-10,Shasta,089,179085,22817,22660,3715,26375,419
2021-12-10,Sierra,091,2930,201,199,21,220,0
2021-12-10,Siskiyou,093,43540,3482,3418,1359,4777,57
2021-12-10,Solano,095,438530,47624,46891,1353,48244,365
2021-12-10,Sonoma,097,501317,43750,43227,587,43814,407
2021-12-10,Stanislaus,099,539301,82114,82133,9301,91434,1264
2021-12-10,Sutter,101,95872,14381,14354,407,14761,187
2021-12-10,Tehama,103,63373,8873,8776,1538,10314,134
2021-12-10,Trinity,105,12862,910,819,220,1039,17
2021-12-10,Tulare,107,460477,71650,70523,16242,86765,1103
2021-12-10,Tuolumne,109,53932,7825,7760,115,7875,91
2021-12-10,Ventura,111,848112,101754,100711,4461,105172,1195
2021-12-10,Yolo,113,214977,20892,20608,1176,21784,267
2021-12-10,Yuba,115,75493,10610,10519,396,10915,92
2021-12-09,Alameda,001,1643700,124303,123572,2928,126500,1496
2021-12-09,Alpine,003,1148,106,109,0,109,0
2021-12-09,Amador,005,37829,5800,5787,71,5858,69
2021-12-09,Butte,007,227075,22066,21819,4026,25845,326
2021-12-09,Calaveras,009,45235,4517,4469,62,4531,89
2021-12-09,Colusa,011,21464,2637,2619,679,3298,21
2021-12-09,Contra Costa,013,1133247,103382,102618,2348,104966,1061
2021-12-09,Del Norte,015,27424,3805,3778,55,3833,42
2021-12-09,El Dorado,017,186661,17062,16796,1804,18600,170
2021-12-09,Fresno,019,978130,147597,145988,13212,159200,2294
2021-12-09,Glenn,021,27897,3614,3585,1051,4636,37
2021-12-09,Humboldt,023,135768,9856,9721,699,10420,118
2021-12-09,Imperial,025,180216,36171,35635,3750,39385,782
2021-12-09,Inyo,027,18085,2607,2576,39,2615,46
2021-12-09,Kern,029,883053,134045,132852,24141,156993,1854
2021-12-09,Kings,031,150075,33884,33530,2026,35556,371
2021-12-09,Lake,033,64148,6996,6932,160,7092,114
2021-12-09,Lassen,035,31185,7086,7049,424,7473,55
2021-12-09,Los Angeles,037,10098052,1487296,1474030,56267,1530297,27031
2021-12-09,Madera,039,155013,24626,24417,2326,26743,311
2021-12-09,Marin,041,260295,18536,18339,543,18882,249
2021-12-09,Mariposa,043,17540,1473,1450,61,1511,6
2021-12-09,Mendocino,045,87422,8254,8130,682,8812,95
2021-12-09,Merced,047,269075,43785,43690,2157,45847,681
2021-12-09,Modoc,049,8938,596,594,202,796,6
2021-12-09,Mono,051,14174,1949,1926,22,1948,4
2021-12-09,Monterey,053,433212,50405,49008,3301,52309,631
2021-12-09,Napa,055,140530,13545,13459,126,13585,107
2021-12-09,Nevada,057,99092,9983,9880,349,10229,106
2021-12-09,Orange,059,3164182,318353,315759,16273,332032,5805
2021-12-09,Placer,061,380077,39389,38959,3902,42861,481
2021-12-09,Plumas,063,18699,1991,1934,46,1980,12
2021-12-09,Riverside,065,2383286,380501,375649,16726,392375,5408
2021-12-09,Sacramento,067,1510023,166917,165530,5025,170555,2386
2021-12-09,San Benito,069,59416,7830,7808,182,7990,79
2021-12-09,San Bernardino,071,2135413,372061,368145,11845,379990,6007
2021-12-09,San Diego,073,3302833,394887,392274,23080,415354,4374
2021-12-09,San Francisco,075,870044,55693,54869,2438,57307,678
2021-12-09,San Joaquin,077,732212,103825,103013,5610,108623,1842
2021-12-09,San Luis Obispo,079,281455,31014,30567,1356,31923,362
2021-12-09,San Mateo,081,765935,56564,55284,992,56276,580
2021-12-09,Santa Barbara,083,443738,46695,46309,1621,47930,559
2021-12-09,Santa Clara,085,1922200,154366,152846,1672,154518,1941
2021-12-09,Santa Cruz,087,273765,21849,21557,1034,22591,225
2021-12-09,Shasta,089,179085,22801,22660,3714,26374,419
2021-12-09,Sierra,091,2930,201,199,21,220,0
2021-12-09,Siskiyou,093,43540,3478,3418,1358,4776,57
2021-12-09,Solano,095,438530,47587,46891,1351,48242,365
2021-12-09,Sonoma,097,501317,43693,43227,585,43812,407
2021-12-09,Stanislaus,099,539301,82043,82133,9286,91419,1264
2021-12-09,Sutter,101,95872,14366,14354,407,14761,187
2021-12-09,Tehama,103,63373,8866,8776,1536,10312,134
2021-12-09,Trinity,105,12862,910,819,220,1039,17
2021-12-09,Tulare,107,460477,71595,70523,16213,86736,1103
2021-12-09,Tuolumne,109,53932,7814,7760,114,7874,91
2021-12-09,Ventura,111,848112,101609,100711,4449,105160,1195
2021-12-09,Yolo,113,214977,20869,20608,1168,21776,267
2021-12-09,Yuba,115,75493,10602,10519,393,10912,92
2021-12-08,Alameda,001,1643700,124153,123438,2918,126356,1496
2021-12-08,Alpine,003,1148,106,108,0,108,0
2021-12-08,Amador,005,37829,5795,5781,71,5852,69
2021-12-08,Butte,007,227075,22049,21780,4023,25803,326
2021-12-08,Calaveras,009,45235,4509,4455,62,4517,89
2021-12-08,Colusa,011,21464,2634,2619,678,3297,21
2021-12-08,Contra Costa,013,1133247,103253,102506,2348,104854,1058
2021-12-08,Del Norte,015,27424,3804,3767,55,3822,42
2021-12-08,El Dorado,017,186661,17030,16757,1804,18561,170
2021-12-08,Fresno,019,978130,147437,145830,13198,159028,2293
2021-12-08,Glenn,021,27897,3614,3584,1047,4631,37
2021-12-08,Humboldt,023,135768,9835,9704,697,10401,117
2021-12-08,Imperial,025,180216,36090,35537,3720,39257,782
2021-12-08,Inyo,027,18085,2604,2570,39,2609,46
2021-12-08,Kern,029,883053,133922,132709,24093,156802,1846
2021-12-08,Kings,031,150075,33850,33468,2025,35493,371
2021-12-08,Lake,033,64148,6990,6927,159,7086,114
2021-12-08,Lassen,035,31185,7085,7041,422,7463,55
2021-12-08,Los Angeles,037,10098052,1485749,1472410,56157,1528567,27018
2021-12-08,Madera,039,155013,24605,24396,2319,26715,311
2021-12-08,Marin,041,260295,18515,18305,540,18845,249
2021-12-08,Mariposa,043,17540,1470,1447,61,1508,6
2021-12-08,Mendocino,045,87422,8241,8118,681,8799,95
2021-12-08,Merced,047,269075,43753,43631,2150,45781,680
2021-12-08,Modoc,049,8938,596,594,202,796,6
2021-12-08,Mono,051,14174,1943,1924,22,1946,4
2021-12-08,Monterey,053,433212,50340,48957,3286,52243,631
2021-12-08,Napa,055,140530,13531,13421,126,13547,107
2021-12-08,Nevada,057,99092,9967,9862,349,10211,106
2021-12-08,Orange,059,3164182,318006,315421,16236,331657,5795
2021-12-08,Placer,061,380077,39338,38934,3898,42832,478
2021-12-08,Plumas,063,18699,1989,1924,46,1970,12
2021-12-08,Riverside,065,2383286,379989,375099,16703,391802,5404
2021-12-08,Sacramento,067,1510023,166662,165278,4998,170276,2373
2021-12-08,San Benito,069,59416,7821,7793,182,7975,79
2021-12-08,San Bernardino,071,2135413,371579,367516,11820,379336,6006
2021-12-08,San Diego,073,3302833,394237,391676,23048,414724,4369
2021-12-08,San Francisco,075,870044,55606,54792,2430,57222,677
2021-12-08,San Joaquin,077,732212,103723,102877,5601,108478,1841
2021-12-08,San Luis Obispo,079,281455,30965,30519,1351,31870,361
2021-12-08,San Mateo,081,765935,56497,55220,986,56206,580
2021-12-08,Santa Barbara,083,443738,46640,46250,1618,47868,558
2021-12-08,Santa Clara,085,1922200,154202,152674,1661,154335,1937
2021-12-08,Santa Cruz,087,273765,21803,21505,1032,22537,224
2021-12-08,Shasta,089,179085,22781,22616,3708,26324,419
2021-12-08,Sierra,091,2930,201,199,21,220,0
2021-12-08,Siskiyou,093,43540,3477,3415,1356,4771,57
2021-12-08,Solano,095,438530,47557,46837,1350,48187,365
2021-12-08,Sonoma,097,501317,43631,43179,584,43763,405
2021-12-08,Stanislaus,099,539301,81961,82038,9273,91311,1264
2021-12-08,Sutter,101,95872,14350,14336,405,14741,187
2021-12-08,Tehama,103,63373,8857,8768,1536,10304,133
2021-12-08,Trinity,105,12862,910,818,220,1038,17
2021-12-08,Tulare,107,460477,71532,70472,16188,86660,1102
2021-12-08,Tuolumne,109,53932,7801,7749,114,7863,91
2021-12-08,Ventura,111,848112,101480,100647,4446,105093,1194
2021-12-08,Yolo,113,214977,20843,20575,1162,21737,267
2021-12-08,Yuba,115,75493,10588,10499,390,10889,92
2021-12-07,Alameda,001,1643700,123979,123325,2910,126235,1497
2021-12-07,Alpine,003,1148,106,108,0,108,0
2021-12-07,Amador,005,37829,5792,5778,70,5848,69
2021-12-07,Butte,007,227075,22024,21761,4017,25778,324
2021-12-07,Calaveras,009,45235,4492,4445,62,4507,88
2021-12-07,Colusa,011,21464,2632,2619,678,3297,21
2021-12-07,Contra Costa,013,1133247,103134,102421,2340,104761,1058
2021-12-07,Del Norte,015,27424,3803,3766,55,3821,42
2021-12-07,El Dorado,017,186661,17004,16742,1801,18543,170
2021-12-07,Fresno,019,978130,147289,145715,13184,158899,2289
2021-12-07,Glenn,021,27897,3613,3579,1047,4626,36
2021-12-07,Humboldt,023,135768,9809,9693,692,10385,117
2021-12-07,Imperial,025,180216,36012,35502,3699,39201,778
2021-12-07,Inyo,027,18085,2601,2567,39,2606,46
2021-12-07,Kern,029,883053,133762,132564,24040,156604,1838
2021-12-07,Kings,031,150075,33818,33441,2022,35463,372
2021-12-07,Lake,033,64148,6985,6925,159,7084,113
2021-12-07,Lassen,035,31185,7083,7040,421,7461,55
2021-12-07,Los Angeles,037,10098052,1483972,1470904,56057,1526961,27007
2021-12-07,Madera,039,155013,24582,24367,2312,26679,311
2021-12-07,Marin,041,260295,18482,18284,534,18818,249
2021-12-07,Mariposa,043,17540,1468,1446,61,1507,6
2021-12-07,Mendocino,045,87422,8222,8107,681,8788,95
2021-12-07,Merced,047,269075,43712,43600,2143,45743,675
2021-12-07,Modoc,049,8938,596,594,201,795,6
2021-12-07,Mono,051,14174,1941,1921,22,1943,4
2021-12-07,Monterey,053,433212,50257,48880,3269,52149,631
2021-12-07,Napa,055,140530,13513,13409,126,13535,107
2021-12-07,Nevada,057,99092,9952,9858,348,10206,105
2021-12-07,Orange,059,3164182,317672,315138,16187,331325,5784
2021-12-07,Placer,061,380077,39262,38860,3894,42754,474
2021-12-07,Plumas,063,18699,1985,1915,46,1961,12
2021-12-07,Riverside,065,2383286,379457,374552,16687,391239,5397
2021-12-07,Sacramento,067,1510023,166415,165148,4984,170132,2375
2021-12-07,San Benito,069,59416,7804,7776,182,7958,78
2021-12-07,San Bernardino,071,2135413,370986,366981,11802,378783,6007
2021-12-07,San Diego,073,3302833,393394,391110,23010,414120,4357
2021-12-07,San Francisco,075,870044,55495,54729,2425,57154,676
2021-12-07,San Joaquin,077,732212,103606,102797,5589,108386,1839
2021-12-07,San Luis Obispo,079,281455,30925,30495,1349,31844,361
2021-12-07,San Mateo,081,765935,56405,55163,980,56143,580
2021-12-07,Santa Barbara,083,443738,46568,46205,1616,47821,556
2021-12-07,Santa Clara,085,1922200,154016,152465,1652,154117,1941
2021-12-07,Santa Cruz,087,273765,21756,21493,1032,22525,224
2021-12-07,Shasta,089,179085,22759,22594,3705,26299,418
2021-12-07,Sierra,091,2930,201,199,21,220,0
2021-12-07,Siskiyou,093,43540,3475,3412,1356,4768,57
2021-12-07,Solano,095,438530,47517,46812,1348,48160,365
2021-12-07,Sonoma,097,501317,43557,43154,583,43737,405
2021-12-07,Stanislaus,099,539301,81883,81980,9262,91242,1258
2021-12-07,Sutter,101,95872,14342,14322,404,14726,186
2021-12-07,Tehama,103,63373,8849,8765,1535,10300,133
2021-12-07,Trinity,105,12862,910,818,220,1038,17
2021-12-07,Tulare,107,460477,71476,70411,16160,86571,1103
2021-12-07,Tuolumne,109,53932,7793,7743,114,7857,91
2021-12-07,Ventura,111,848112,101383,100569,4436,105005,1194
2021-12-07,Yolo,113,214977,20817,20560,1159,21719,263
2021-12-07,Yuba,115,75493,10570,10491,389,10880,91
2021-12-06,Alameda,001,1643700,123814,123227,2907,126134,1496
2021-12-06,Alpine,003,1148,106,108,0,108,0
2021-12-06,Amador,005,37829,5785,5769,69,5838,67
2021-12-06,Butte,007,227075,22006,21732,4014,25746,321
2021-12-06,Calaveras,009,45235,4485,4443,62,4505,88
2021-12-06,Colusa,011,21464,2631,2615,674,3289,21
2021-12-06,Contra Costa,013,1133247,103014,102327,2336,104663,1058
2021-12-06,Del Norte,015,27424,3801,3744,55,3799,42
2021-12-06,El Dorado,017,186661,16979,16726,1799,18525,168
2021-12-06,Fresno,019,978130,147092,145539,13174,158713,2285
2021-12-06,Glenn,021,27897,3610,3577,1046,4623,36
2021-12-06,Humboldt,023,135768,9789,9671,685,10356,117
2021-12-06,Imperial,025,180216,35931,35453,3681,39134,778
2021-12-06,Inyo,027,18085,2595,2562,38,2600,46
2021-12-06,Kern,029,883053,133574,132366,23984,156350,1835
2021-12-06,Kings,031,150075,33785,33399,2017,35416,368
2021-12-06,Lake,033,64148,6981,6922,159,7081,113
2021-12-06,Lassen,035,31185,7078,7032,419,7451,51
2021-12-06,Los Angeles,037,10098052,1482309,1470059,55965,1526024,26993
2021-12-06,Madera,039,155013,24555,24334,2309,26643,307
2021-12-06,Marin,041,260295,18454,18252,532,18784,249
2021-12-06,Mariposa,043,17540,1465,1443,61,1504,6
2021-12-06,Mendocino,045,87422,8209,8079,677,8756,95
2021-12-06,Merced,047,269075,43672,43549,2133,45682,672
2021-12-06,Modoc,049,8938,596,593,201,794,6
2021-12-06,Mono,051,14174,1936,1913,22,1935,4
2021-12-06,Monterey,053,433212,50181,48831,3250,52081,626
2021-12-06,Napa,055,140530,13490,13387,124,13511,107
2021-12-06,Nevada,057,99092,9924,9847,347,10194,105
2021-12-06,Orange,059,3164182,317292,314859,16145,331004,5771
2021-12-06,Placer,061,380077,39204,38785,3889,42674,473
2021-12-06,Plumas,063,18699,1977,1913,46,1959,10
2021-12-06,Riverside,065,2383286,378932,374116,16673,390789,5388
2021-12-06,Sacramento,067,1510023,166139,164926,4963,169889,2367
2021-12-06,San Benito,069,59416,7788,7755,182,7937,78
2021-12-06,San Bernardino,071,2135413,370425,366606,11775,378381,5998
2021-12-06,San Diego,073,3302833,392548,390389,22965,413354,4352
2021-12-06,San Francisco,075,870044,55387,54659,2420,57079,674
2021-12-06,San Joaquin,077,732212,103478,102728,5582,108310,1837
2021-12-06,San Luis Obispo,079,281455,30888,30464,1347,31811,361
2021-12-06,San Mateo,081,765935,56331,55112,977,56089,580
2021-12-06,Santa Barbara,083,443738,46475,46146,1615,47761,556
2021-12-06,Santa Clara,085,1922200,153807,152310,1635,153945,1937
2021-12-06,Santa Cruz,087,273765,21721,21450,1029,22479,224
2021-12-06,Shasta,089,179085,22736,22556,3697,26253,416
2021-12-06,Sierra,091,2930,200,198,21,219,0
2021-12-06,Siskiyou,093,43540,3473,3409,1351,4760,57
2021-12-06,Solano,095,438530,47472,46748,1347,48095,360
2021-12-06,Sonoma,097,501317,43486,43114,575,43689,405
2021-12-06,Stanislaus,099,539301,81786,81889,9228,91117,1241
2021-12-06,Sutter,101,95872,14330,14319,404,14723,186
2021-12-06,Tehama,103,63373,8841,8760,1535,10295,133
2021-12-06,Trinity,105,12862,910,815,219,1034,17
2021-12-06,Tulare,107,460477,71399,70285,16121,86406,1101
2021-12-06,Tuolumne,109,53932,7779,7726,114,7840,91
2021-12-06,Ventura,111,848112,101282,100426,4428,104854,1194
2021-12-06,Yolo,113,214977,20793,20548,1158,21706,263
2021-12-06,Yuba,115,75493,10555,10480,384,10864,91
2021-12-05,Alameda,001,1643700,123628,123104,2900,126004,1496
2021-12-05,Alpine,003,1148,105,108,0,108,0
2021-12-05,Amador,005,37829,5782,5761,69,5830,67
2021-12-05,Butte,007,227075,21972,21720,4008,25728,320
2021-12-05,Calaveras,009,45235,4469,4434,62,4496,88
2021-12-05,Colusa,011,21464,2630,2615,673,3288,21
2021-12-05,Contra Costa,013,1133247,102882,102251,2326,104577,1058
2021-12-05,Del Norte,015,27424,3799,3751,55,3806,42
2021-12-05,El Dorado,017,186661,16941,16717,1794,18511,168
2021-12-05,Fresno,019,978130,146918,145452,13153,158605,2284
2021-12-05,Glenn,021,27897,3608,3577,1045,4622,36
2021-12-05,Humboldt,023,135768,9758,9662,682,10344,117
2021-12-05,Imperial,025,180216,35837,35422,3652,39074,778
2021-12-05,Inyo,027,18085,2588,2559,38,2597,46
2021-12-05,Kern,029,883053,133410,132286,23932,156218,1833
2021-12-05,Kings,031,150075,33722,33360,2017,35377,369
2021-12-05,Lake,033,64148,6976,6919,158,7077,113
2021-12-05,Lassen,035,31185,7076,7031,419,7450,51
2021-12-05,Los Angeles,037,10098052,1480459,1468937,55830,1524767,26991
2021-12-05,Madera,039,155013,24514,24311,2306,26617,307
2021-12-05,Marin,041,260295,18407,18216,524,18740,249
2021-12-05,Mariposa,043,17540,1462,1440,60,1500,6
2021-12-05,Mendocino,045,87422,8190,8069,671,8740,95
2021-12-05,Merced,047,269075,43628,43534,2124,45658,672
2021-12-05,Modoc,049,8938,596,593,201,794,6
2021-12-05,Mono,051,14174,1929,1907,22,1929,4
2021-12-05,Monterey,053,433212,50109,48813,3218,52031,626
2021-12-05,Napa,055,140530,13464,13382,121,13503,107
2021-12-05,Nevada,057,99092,9903,9827,346,10173,105
2021-12-05,Orange,059,3164182,316856,314560,16103,330663,5771
2021-12-05,Placer,061,380077,39146,38738,3880,42618,473
2021-12-05,Plumas,063,18699,1973,1913,45,1958,9
2021-12-05,Riverside,065,2383286,378273,373827,16643,390470,5388
2021-12-05,Sacramento,067,1510023,165834,164721,4945,169666,2367
2021-12-05,San Benito,069,59416,7771,7748,181,7929,78
2021-12-05,San Bernardino,071,2135413,369717,366282,11728,378010,5998
2021-12-05,San Diego,073,3302833,391753,387979,22916,410895,4351
2021-12-05,San Francisco,075,870044,55286,54603,2418,57021,674
2021-12-05,San Joaquin,077,732212,103337,102698,5577,108275,1837
2021-12-05,San Luis Obispo,079,281455,30818,30454,1344,31798,360
2021-12-05,San Mateo,081,765935,56242,55050,967,56017,580
2021-12-05,Santa Barbara,083,443738,46392,46097,1607,47704,555
2021-12-05,Santa Clara,085,1922200,153554,152114,1616,153730,1933
2021-12-05,Santa Cruz,087,273765,21671,21424,1029,22453,224
2021-12-05,Shasta,089,179085,22680,22550,3696,26246,416
2021-12-05,Sierra,091,2930,200,198,21,219,0
2021-12-05,Siskiyou,093,43540,3471,3409,1350,4759,57
2021-12-05,Solano,095,438530,47409,46715,1345,48060,360
2021-12-05,Sonoma,097,501317,43409,43038,570,43608,405
2021-12-05,Stanislaus,099,539301,81648,81847,9218,91065,1241
2021-12-05,Sutter,101,95872,14307,14303,399,14702,186
2021-12-05,Tehama,103,63373,8833,8755,1533,10288,133
2021-12-05,Trinity,105,12862,909,815,219,1034,17
2021-12-05,Tulare,107,460477,71318,70254,16073,86327,1102
2021-12-05,Tuolumne,109,53932,7766,7718,114,7832,91
2021-12-05,Ventura,111,848112,101146,100367,4415,104782,1194
2021-12-05,Yolo,113,214977,20751,20512,1156,21668,263
2021-12-05,Yuba,115,75493,10542,10467,377,10844,91
2021-12-04,Alameda,001,1643700,123515,122508,2897,125405,1494
2021-12-04,Alpine,003,1148,105,108,0,108,0
2021-12-04,Amador,005,37829,5779,5729,69,5798,67
2021-12-04,Butte,007,227075,21953,21638,4004,25642,318
2021-12-04,Calaveras,009,45235,4461,4392,61,4453,88
2021-12-04,Colusa,011,21464,2630,2600,671,3271,21
2021-12-04,Contra Costa,013,1133247,102810,101824,2320,104144,1056
2021-12-04,Del Norte,015,27424,3796,3726,55,3781,42
2021-12-04,El Dorado,017,186661,16932,16621,1793,18414,168
2021-12-04,Fresno,019,978130,146829,144734,13144,157878,2270
2021-12-04,Glenn,021,27897,3608,3559,1045,4604,36
2021-12-04,Humboldt,023,135768,9743,9596,678,10274,117
2021-12-04,Imperial,025,180216,35784,35206,3639,38845,776
2021-12-04,Inyo,027,18085,2583,2538,38,2576,46
2021-12-04,Kern,029,883053,133330,131771,23909,155680,1817
2021-12-04,Kings,031,150075,33698,33183,2016,35199,367
2021-12-04,Lake,033,64148,6967,6903,158,7061,113
2021-12-04,Lassen,035,31185,7075,7014,417,7431,51
2021-12-04,Los Angeles,037,10098052,1479583,1463270,55753,1519023,26952
2021-12-04,Madera,039,155013,24500,24188,2302,26490,307
2021-12-04,Marin,041,260295,18386,18075,523,18598,249
2021-12-04,Mariposa,043,17540,1458,1421,60,1481,6
2021-12-04,Mendocino,045,87422,8185,7981,671,8652,91
2021-12-04,Merced,047,269075,43601,43337,2122,45459,671
2021-12-04,Modoc,049,8938,596,591,201,792,6
2021-12-04,Mono,051,14174,1929,1883,22,1905,4
2021-12-04,Monterey,053,433212,50077,48682,3211,51893,626
2021-12-04,Napa,055,140530,13454,13327,120,13447,106
2021-12-04,Nevada,057,99092,9895,9752,346,10098,105
2021-12-04,Orange,059,3164182,316624,313112,16077,329189,5748
2021-12-04,Placer,061,380077,39106,38460,3874,42334,473
2021-12-04,Plumas,063,18699,1970,1903,45,1948,7
2021-12-04,Riverside,065,2383286,377914,371768,16637,388405,5381
2021-12-04,Sacramento,067,1510023,165691,163900,4937,168837,2365
2021-12-04,San Benito,069,59416,7745,7688,181,7869,78
2021-12-04,San Bernardino,071,2135413,369328,364154,11715,375869,5983
2021-12-04,San Diego,073,3302833,391273,386710,22886,409596,4350
2021-12-04,San Francisco,075,870044,55218,54286,2415,56701,674
2021-12-04,San Joaquin,077,732212,103282,102286,5575,107861,1835
2021-12-04,San Luis Obispo,079,281455,30797,30318,1340,31658,360
2021-12-04,San Mateo,081,765935,56193,54774,964,55738,579
2021-12-04,Santa Barbara,083,443738,46347,45774,1607,47381,555
2021-12-04,Santa Clara,085,1922200,153400,151275,1602,152877,1928
2021-12-04,Santa Cruz,087,273765,21645,21286,1028,22314,224
2021-12-04,Shasta,089,179085,22663,22418,3694,26112,414
2021-12-04,Sierra,091,2930,200,196,21,217,0
2021-12-04,Siskiyou,093,43540,3469,3398,1350,4748,57
2021-12-04,Solano,095,438530,47389,46529,1344,47873,360
2021-12-04,Sonoma,097,501317,43364,42778,567,43345,405
2021-12-04,Stanislaus,099,539301,81576,81462,9211,90673,1231
2021-12-04,Sutter,101,95872,14299,14258,398,14656,186
2021-12-04,Tehama,103,63373,8831,8742,1533,10275,131
2021-12-04,Trinity,105,12862,908,801,219,1020,17
2021-12-04,Tulare,107,460477,71280,70014,16045,86059,1100
2021-12-04,Tuolumne,109,53932,7761,7676,114,7790,91
2021-12-04,Ventura,111,848112,101055,99751,4411,104162,1192
2021-12-04,Yolo,113,214977,20728,20442,1154,21596,261
2021-12-04,Yuba,115,75493,10531,10418,376,10794,91
2021-12-03,Alameda,001,1643700,123422,122508,2887,125395,1494
2021-12-03,Alpine,003,1148,105,108,0,108,0
2021-12-03,Amador,005,37829,5774,5729,68,5797,67
2021-12-03,Butte,007,227075,21940,21638,3999,25637,318
2021-12-03,Calaveras,009,45235,4452,4392,61,4453,88
2021-12-03,Colusa,011,21464,2628,2600,671,3271,21
2021-12-03,Contra Costa,013,1133247,102737,101824,2314,104138,1056
2021-12-03,Del Norte,015,27424,3794,3726,55,3781,42
2021-12-03,El Dorado,017,186661,16902,16621,1791,18412,168
2021-12-03,Fresno,019,978130,146715,144734,13141,157875,2270
2021-12-03,Glenn,021,27897,3607,3559,1044,4603,36
2021-12-03,Humboldt,023,135768,9726,9596,676,10272,117
2021-12-03,Imperial,025,180216,35742,35206,3609,38815,776
2021-12-03,Inyo,027,18085,2576,2538,38,2576,46
2021-12-03,Kern,029,883053,133258,131771,23874,155645,1817
2021-12-03,Kings,031,150075,33671,33183,2016,35199,367
2021-12-03,Lake,033,64148,6967,6903,158,7061,113
2021-12-03,Lassen,035,31185,7073,7014,416,7430,51
2021-12-03,Los Angeles,037,10098052,1478636,1463270,55677,1518947,26952
2021-12-03,Madera,039,155013,24474,24188,2298,26486,307
2021-12-03,Marin,041,260295,18353,18075,519,18594,249
2021-12-03,Mariposa,043,17540,1456,1421,60,1481,6
2021-12-03,Mendocino,045,87422,8178,7981,671,8652,91
2021-12-03,Merced,047,269075,43578,43337,2119,45456,671
2021-12-03,Modoc,049,8938,596,591,201,792,6
2021-12-03,Mono,051,14174,1923,1883,22,1905,4
2021-12-03,Monterey,053,433212,50038,48682,3200,51882,626
2021-12-03,Napa,055,140530,13442,13327,120,13447,106
2021-12-03,Nevada,057,99092,9884,9752,346,10098,105
2021-12-03,Orange,059,3164182,316355,313112,16046,329158,5748
2021-12-03,Placer,061,380077,39069,38460,3867,42327,473
2021-12-03,Plumas,063,18699,1967,1903,45,1948,7
2021-12-03,Riverside,065,2383286,377522,371768,16631,388399,5381
2021-12-03,Sacramento,067,1510023,165511,163900,4923,168823,2365
2021-12-03,San Benito,069,59416,7738,7688,181,7869,78
2021-12-03,San Bernardino,071,2135413,368879,364154,11704,375858,5983
2021-12-03,San Diego,073,3302833,390797,386710,22862,409572,4350
2021-12-03,San Francisco,075,870044,55148,54286,2411,56697,674
2021-12-03,San Joaquin,077,732212,103226,102286,5574,107860,1835
2021-12-03,San Luis Obispo,079,281455,30771,30318,1337,31655,360
2021-12-03,San Mateo,081,765935,56128,54774,961,55735,579
2021-12-03,Santa Barbara,083,443738,46311,45774,1607,47381,555
2021-12-03,Santa Clara,085,1922200,153218,151275,1587,152862,1928
2021-12-03,Santa Cruz,087,273765,21618,21286,1028,22314,224
2021-12-03,Shasta,089,179085,22648,22418,3694,26112,414
2021-12-03,Sierra,091,2930,200,196,21,217,0
2021-12-03,Siskiyou,093,43540,3466,3398,1348,4746,57
2021-12-03,Solano,095,438530,47347,46529,1343,47872,360
2021-12-03,Sonoma,097,501317,43328,42778,565,43343,405
2021-12-03,Stanislaus,099,539301,81519,81462,9202,90664,1231
2021-12-03,Sutter,101,95872,14286,14258,396,14654,186
2021-12-03,Tehama,103,63373,8830,8742,1532,10274,131
2021-12-03,Trinity,105,12862,908,801,219,1020,17
2021-12-03,Tulare,107,460477,71241,70014,16014,86028,1100
2021-12-03,Tuolumne,109,53932,7752,7676,114,7790,91
2021-12-03,Ventura,111,848112,100969,99751,4404,104155,1192
2021-12-03,Yolo,113,214977,20711,20442,1153,21595,261
2021-12-03,Yuba,115,75493,10523,10418,376,10794,91
2021-12-02,Alameda,001,1643700,123265,122508,2880,125388,1494
2021-12-02,Alpine,003,1148,105,108,0,108,0
2021-12-02,Amador,005,37829,5769,5729,67,5796,67
2021-12-02,Butte,007,227075,21915,21638,3994,25632,318
2021-12-02,Calaveras,009,45235,4442,4392,60,4452,88
2021-12-02,Colusa,011,21464,2627,2600,671,3271,21
2021-12-02,Contra Costa,013,1133247,102623,101824,2310,104134,1056
2021-12-02,Del Norte,015,27424,3786,3726,55,3781,42
2021-12-02,El Dorado,017,186661,16881,16621,1789,18410,168
2021-12-02,Fresno,019,978130,146545,144734,13129,157863,2270
2021-12-02,Glenn,021,27897,3607,3559,1041,4600,36
2021-12-02,Humboldt,023,135768,9707,9596,675,10271,117
2021-12-02,Imperial,025,180216,35674,35206,3587,38793,776
2021-12-02,Inyo,027,18085,2571,2538,38,2576,46
2021-12-02,Kern,029,883053,133088,131771,23822,155593,1817
2021-12-02,Kings,031,150075,33618,33183,2014,35197,367
2021-12-02,Lake,033,64148,6963,6903,158,7061,113
2021-12-02,Lassen,035,31185,7069,7014,416,7430,51
2021-12-02,Los Angeles,037,10098052,1477114,1463270,55590,1518860,26952
2021-12-02,Madera,039,155013,24437,24188,2289,26477,307
2021-12-02,Marin,041,260295,18322,18075,515,18590,249
2021-12-02,Mariposa,043,17540,1453,1421,60,1481,6
2021-12-02,Mendocino,045,87422,8162,7981,670,8651,91
2021-12-02,Merced,047,269075,43532,43337,2114,45451,671
2021-12-02,Modoc,049,8938,595,591,201,792,6
2021-12-02,Mono,051,14174,1917,1883,22,1905,4
2021-12-02,Monterey,053,433212,49963,48682,3178,51860,626
2021-12-02,Napa,055,140530,13429,13327,120,13447,106
2021-12-02,Nevada,057,99092,9866,9752,345,10097,105
2021-12-02,Orange,059,3164182,316011,313112,16009,329121,5748
2021-12-02,Placer,061,380077,39003,38460,3862,42322,473
2021-12-02,Plumas,063,18699,1964,1903,45,1948,7
2021-12-02,Riverside,065,2383286,376994,371768,16621,388389,5381
2021-12-02,Sacramento,067,1510023,165284,163900,4913,168813,2365
2021-12-02,San Benito,069,59416,7718,7688,181,7869,78
2021-12-02,San Bernardino,071,2135413,368325,364154,11683,375837,5983
2021-12-02,San Diego,073,3302833,390156,386710,22807,409517,4350
2021-12-02,San Francisco,075,870044,55053,54286,2406,56692,674
2021-12-02,San Joaquin,077,732212,103112,102286,5569,107855,1835
2021-12-02,San Luis Obispo,079,281455,30737,30318,1330,31648,360
2021-12-02,San Mateo,081,765935,56047,54774,953,55727,579
2021-12-02,Santa Barbara,083,443738,46230,45774,1604,47378,555
2021-12-02,Santa Clara,085,1922200,152972,151275,1570,152845,1928
2021-12-02,Santa Cruz,087,273765,21567,21286,1027,22313,224
2021-12-02,Shasta,089,179085,22615,22418,3693,26111,414
2021-12-02,Sierra,091,2930,200,196,21,217,0
2021-12-02,Siskiyou,093,43540,3465,3398,1341,4739,57
2021-12-02,Solano,095,438530,47297,46529,1341,47870,360
2021-12-02,Sonoma,097,501317,43254,42778,565,43343,405
2021-12-02,Stanislaus,099,539301,81424,81462,9194,90656,1231
2021-12-02,Sutter,101,95872,14273,14258,393,14651,186
2021-12-02,Tehama,103,63373,8823,8742,1530,10272,131
2021-12-02,Trinity,105,12862,908,801,219,1020,17
2021-12-02,Tulare,107,460477,71154,70014,15964,85978,1100
2021-12-02,Tuolumne,109,53932,7737,7676,113,7789,91
2021-12-02,Ventura,111,848112,100844,99751,4402,104153,1192
2021-12-02,Yolo,113,214977,20687,20442,1149,21591,261
2021-12-02,Yuba,115,75493,10507,10418,373,10791,91
2021-12-01,Alameda,001,1643700,123114,122298,2871,125169,1492
2021-12-01,Alpine,003,1148,105,108,0,108,0
2021-12-01,Amador,005,37829,5762,5723,67,5790,67
2021-12-01,Butte,007,227075,21897,21600,3989,25589,318
2021-12-01,Calaveras,009,45235,4437,4371,60,4431,88
2021-12-01,Colusa,011,21464,2620,2595,669,3264,20
2021-12-01,Contra Costa,013,1133247,102515,101651,2300,103951,1048
2021-12-01,Del Norte,015,27424,3784,3722,55,3777,42
2021-12-01,El Dorado,017,186661,16860,16575,1787,18362,166
2021-12-01,Fresno,019,978130,146338,144507,13121,157628,2264
2021-12-01,Glenn,021,27897,3601,3556,1040,4596,36
2021-12-01,Humboldt,023,135768,9683,9573,670,10243,117
2021-12-01,Imperial,025,180216,35594,35085,3560,38645,776
2021-12-01,Inyo,027,18085,2567,2533,38,2571,46
2021-12-01,Kern,029,883053,132941,131580,23767,155347,1804
2021-12-01,Kings,031,150075,33568,33112,2013,35125,364
2021-12-01,Lake,033,64148,6955,6896,157,7053,112
2021-12-01,Lassen,035,31185,7064,7008,414,7422,51
2021-12-01,Los Angeles,037,10098052,1475523,1461394,55495,1516889,26928
2021-12-01,Madera,039,155013,24406,24134,2280,26414,307
2021-12-01,Marin,041,260295,18284,18038,509,18547,249
2021-12-01,Mariposa,043,17540,1449,1415,60,1475,6
2021-12-01,Mendocino,045,87422,8148,7966,665,8631,90
2021-12-01,Merced,047,269075,43477,43259,2093,45352,670
2021-12-01,Modoc,049,8938,595,576,201,777,5
2021-12-01,Mono,051,14174,1912,1876,22,1898,4
2021-12-01,Monterey,053,433212,49914,48611,3169,51780,626
2021-12-01,Napa,055,140530,13412,13319,117,13436,107
2021-12-01,Nevada,057,99092,9853,9706,345,10051,105
2021-12-01,Orange,059,3164182,315644,312772,15973,328745,5735
2021-12-01,Placer,061,380077,38948,38373,3856,42229,472
2021-12-01,Plumas,063,18699,1960,1893,45,1938,7
2021-12-01,Riverside,065,2383286,376468,371189,16604,387793,5369
2021-12-01,Sacramento,067,1510023,165072,163616,4896,168512,2360
2021-12-01,San Benito,069,59416,7704,7669,181,7850,78
2021-12-01,San Bernardino,071,2135413,367731,363368,11657,375025,5973
2021-12-01,San Diego,073,3302833,389359,386056,22751,408807,4346
2021-12-01,San Francisco,075,870044,54971,54199,2399,56598,672
2021-12-01,San Joaquin,077,732212,103004,102109,5568,107677,1834
2021-12-01,San Luis Obispo,079,281455,30695,30238,1326,31564,360
2021-12-01,San Mateo,081,765935,55966,54711,950,55661,579
2021-12-01,Santa Barbara,083,443738,46160,45681,1602,47283,554
2021-12-01,Santa Clara,085,1922200,152752,150961,1552,152513,1925
2021-12-01,Santa Cruz,087,273765,21538,21191,1026,22217,224
2021-12-01,Shasta,089,179085,22584,22375,3687,26062,410
2021-12-01,Sierra,091,2930,200,195,21,216,0
2021-12-01,Siskiyou,093,43540,3462,3391,1341,4732,55
2021-12-01,Solano,095,438530,47252,46485,1341,47826,360
2021-12-01,Sonoma,097,501317,43178,42713,564,43277,405
2021-12-01,Stanislaus,099,539301,81327,81330,9181,90511,1231
2021-12-01,Sutter,101,95872,14258,14229,392,14621,186
2021-12-01,Tehama,103,63373,8813,8728,1530,10258,130
2021-12-01,Trinity,105,12862,903,801,219,1020,17
2021-12-01,Tulare,107,460477,71079,69953,15924,85877,1098
2021-12-01,Tuolumne,109,53932,7729,7655,113,7768,91
2021-12-01,Ventura,111,848112,100738,99680,4391,104071,1191
2021-12-01,Yolo,113,214977,20659,20393,1149,21542,260
2021-12-01,Yuba,115,75493,10496,10401,373,10774,89
2021-11-30,Alameda,001,1643700,122945,122196,2862,125058,1489
2021-11-30,Alpine,003,1148,105,108,0,108,0
2021-11-30,Amador,005,37829,5754,5716,67,5783,66
2021-11-30,Butte,007,227075,21868,21565,3978,25543,318
2021-11-30,Calaveras,009,45235,4419,4360,60,4420,88
2021-11-30,Colusa,011,21464,2619,2592,669,3261,21
2021-11-30,Contra Costa,013,1133247,102379,101538,2293,103831,1046
2021-11-30,Del Norte,015,27424,3778,3718,55,3773,42
2021-11-30,El Dorado,017,186661,16832,16558,1781,18339,166
2021-11-30,Fresno,019,978130,146138,144384,13113,157497,2259
2021-11-30,Glenn,021,27897,3596,3555,1039,4594,36
2021-11-30,Humboldt,023,135768,9652,9539,664,10203,116
2021-11-30,Imperial,025,180216,35486,34999,3533,38532,773
2021-11-30,Inyo,027,18085,2558,2530,38,2568,46
2021-11-30,Kern,029,883053,132774,131451,23710,155161,1799
2021-11-30,Kings,031,150075,33516,33074,2009,35083,362
2021-11-30,Lake,033,64148,6949,6892,155,7047,110
2021-11-30,Lassen,035,31185,7060,7003,413,7416,51
2021-11-30,Los Angeles,037,10098052,1473720,1460177,55395,1515572,26913
2021-11-30,Madera,039,155013,24372,24108,2275,26383,307
2021-11-30,Marin,041,260295,18240,18010,507,18517,249
2021-11-30,Mariposa,043,17540,1443,1412,60,1472,6
2021-11-30,Mendocino,045,87422,8119,7960,659,8619,89
2021-11-30,Merced,047,269075,43409,43200,2085,45285,668
2021-11-30,Modoc,049,8938,594,576,201,777,5
2021-11-30,Mono,051,14174,1909,1873,22,1895,4
2021-11-30,Monterey,053,433212,49851,48581,3159,51740,626
2021-11-30,Napa,055,140530,13392,13308,117,13425,105
2021-11-30,Nevada,057,99092,9837,9699,344,10043,105
2021-11-30,Orange,059,3164182,315222,312451,15931,328382,5724
2021-11-30,Placer,061,380077,38845,38324,3848,42172,470
2021-11-30,Plumas,063,18699,1955,1887,44,1931,7
2021-11-30,Riverside,065,2383286,375784,370739,16579,387318,5358
2021-11-30,Sacramento,067,1510023,164791,163420,4874,168294,2353
2021-11-30,San Benito,069,59416,7682,7645,180,7825,78
2021-11-30,San Bernardino,071,2135413,367045,363006,11634,374640,5967
2021-11-30,San Diego,073,3302833,388431,385405,22704,408109,4340
2021-11-30,San Francisco,075,870044,54865,54147,2390,56537,672
2021-11-30,San Joaquin,077,732212,102878,101972,5560,107532,1834
2021-11-30,San Luis Obispo,079,281455,30670,30200,1324,31524,360
2021-11-30,San Mateo,081,765935,55861,54656,940,55596,579
2021-11-30,Santa Barbara,083,443738,46064,45628,1596,47224,553
2021-11-30,Santa Clara,085,1922200,152493,150799,1535,152334,1929
2021-11-30,Santa Cruz,087,273765,21479,21169,1022,22191,224
2021-11-30,Shasta,089,179085,22554,22347,3684,26031,401
2021-11-30,Sierra,091,2930,197,195,21,216,0
2021-11-30,Siskiyou,093,43540,3458,3385,1338,4723,55
2021-11-30,Solano,095,438530,47189,46434,1335,47769,358
2021-11-30,Sonoma,097,501317,43099,42663,561,43224,405
2021-11-30,Stanislaus,099,539301,81223,81276,9153,90429,1227
2021-11-30,Sutter,101,95872,14247,14210,389,14599,186
2021-11-30,Tehama,103,63373,8806,8727,1529,10256,130
2021-11-30,Trinity,105,12862,902,799,219,1018,17
2021-11-30,Tulare,107,460477,70992,69900,15878,85778,1099
2021-11-30,Tuolumne,109,53932,7714,7643,113,7756,91
2021-11-30,Ventura,111,848112,100584,99601,4380,103981,1191
2021-11-30,Yolo,113,214977,20617,20376,1143,21519,260
2021-11-30,Yuba,115,75493,10477,10398,368,10766,89
2021-11-29,Alameda,001,1643700,122784,122136,2853,124989,1489
2021-11-29,Alpine,003,1148,105,108,0,108,0
2021-11-29,Amador,005,37829,5747,5706,67,5773,66
2021-11-29,Butte,007,227075,21838,21544,3970,25514,314
2021-11-29,Calaveras,009,45235,4403,4353,60,4413,88
2021-11-29,Colusa,011,21464,2617,2585,666,3251,20
2021-11-29,Contra Costa,013,1133247,102230,101441,2285,103726,1046
2021-11-29,Del Norte,015,27424,3775,3704,55,3759,42
2021-11-29,El Dorado,017,186661,16814,16534,1776,18310,166
2021-11-29,Fresno,019,978130,145931,144282,13090,157372,2254
2021-11-29,Glenn,021,27897,3593,3555,1038,4593,36
2021-11-29,Humboldt,023,135768,9635,9514,657,10171,115
2021-11-29,Imperial,025,180216,35421,34960,3512,38472,773
2021-11-29,Inyo,027,18085,2553,2529,38,2567,46
2021-11-29,Kern,029,883053,132590,131362,23669,155031,1789
2021-11-29,Kings,031,150075,33463,33059,2005,35064,363
2021-11-29,Lake,033,64148,6937,6889,155,7044,110
2021-11-29,Lassen,035,31185,7057,7003,411,7414,51
2021-11-29,Los Angeles,037,10098052,1471872,1459446,55310,1514756,26889
2021-11-29,Madera,039,155013,24336,24069,2267,26336,307
2021-11-29,Marin,041,260295,18193,17980,502,18482,249
2021-11-29,Mariposa,043,17540,1435,1409,60,1469,6
2021-11-29,Mendocino,045,87422,8102,7954,655,8609,89
2021-11-29,Merced,047,269075,43335,43167,2077,45244,667
2021-11-29,Modoc,049,8938,593,569,201,770,5
2021-11-29,Mono,051,14174,1892,1859,22,1881,4
2021-11-29,Monterey,053,433212,49790,48548,3143,51691,626
2021-11-29,Napa,055,140530,13382,13304,117,13421,104
2021-11-29,Nevada,057,99092,9823,9689,344,10033,105
2021-11-29,Orange,059,3164182,314819,312203,15885,328088,5709
2021-11-29,Placer,061,380077,38780,38261,3843,42104,470
2021-11-29,Plumas,063,18699,1952,1884,44,1928,7
2021-11-29,Riverside,065,2383286,375246,370334,16568,386902,5358
2021-11-29,Sacramento,067,1510023,164543,163282,4842,168124,2342
2021-11-29,San Benito,069,59416,7662,7631,179,7810,77
2021-11-29,San Bernardino,071,2135413,366440,362694,11600,374294,5962
2021-11-29,San Diego,073,3302833,387543,384853,22670,407523,4335
2021-11-29,San Francisco,075,870044,54766,54125,2386,56511,669
2021-11-29,San Joaquin,077,732212,102739,101927,5553,107480,1834
2021-11-29,San Luis Obispo,079,281455,30636,30165,1320,31485,359
2021-11-29,San Mateo,081,765935,55758,54622,936,55558,579
2021-11-29,Santa Barbara,083,443738,45967,45576,1592,47168,549
2021-11-29,Santa Clara,085,1922200,152219,150620,1529,152149,1925
2021-11-29,Santa Cruz,087,273765,21441,21149,1021,22170,224
2021-11-29,Shasta,089,179085,22519,22315,3680,25995,399
2021-11-29,Sierra,091,2930,197,195,21,216,0
2021-11-29,Siskiyou,093,43540,3455,3374,1331,4705,55
2021-11-29,Solano,095,438530,47137,46412,1333,47745,357
2021-11-29,Sonoma,097,501317,43022,42624,558,43182,405
2021-11-29,Stanislaus,099,539301,81141,81227,9135,90362,1223
2021-11-29,Sutter,101,95872,14231,14204,386,14590,186
2021-11-29,Tehama,103,63373,8801,8720,1524,10244,130
2021-11-29,Trinity,105,12862,897,798,219,1017,17
2021-11-29,Tulare,107,460477,70912,69850,15844,85694,1096
2021-11-29,Tuolumne,109,53932,7701,7627,113,7740,90
2021-11-29,Ventura,111,848112,100464,99520,4371,103891,1190
2021-11-29,Yolo,113,214977,20572,20344,1141,21485,257
2021-11-29,Yuba,115,75493,10460,10395,367,10762,89
2021-11-28,Alameda,001,1643700,122565,122082,2847,124929,1491
2021-11-28,Alpine,003,1148,105,108,0,108,0
2021-11-28,Amador,005,37829,5737,5703,67,5770,66
2021-11-28,Butte,007,227075,21797,21530,3967,25497,313
2021-11-28,Calaveras,009,45235,4382,4350,60,4410,88
2021-11-28,Colusa,011,21464,2613,2586,665,3251,19
2021-11-28,Contra Costa,013,1133247,102057,101355,2275,103630,1046
2021-11-28,Del Norte,015,27424,3770,3703,55,3758,42
2021-11-28,El Dorado,017,186661,16773,16527,1775,18302,166
2021-11-28,Fresno,019,978130,145685,144164,13064,157228,2252
2021-11-28,Glenn,021,27897,3590,3547,1036,4583,36
2021-11-28,Humboldt,023,135768,9603,9499,653,10152,115
2021-11-28,Imperial,025,180216,35313,34929,3488,38417,773
2021-11-28,Inyo,027,18085,2546,2531,38,2569,46
2021-11-28,Kern,029,883053,132383,131279,23612,154891,1789
2021-11-28,Kings,031,150075,33390,33057,1999,35056,364
2021-11-28,Lake,033,64148,6927,6885,154,7039,110
2021-11-28,Lassen,035,31185,7048,7002,407,7409,51
2021-11-28,Los Angeles,037,10098052,1469700,1458646,55224,1513870,26878
2021-11-28,Madera,039,155013,24288,24055,2260,26315,307
2021-11-28,Marin,041,260295,18145,17962,498,18460,249
2021-11-28,Mariposa,043,17540,1431,1406,60,1466,6
2021-11-28,Mendocino,045,87422,8072,7943,650,8593,89
2021-11-28,Merced,047,269075,43269,43166,2062,45228,667
2021-11-28,Modoc,049,8938,592,569,201,770,5
2021-11-28,Mono,051,14174,1886,1841,22,1863,4
2021-11-28,Monterey,053,433212,49725,48537,3124,51661,626
2021-11-28,Napa,055,140530,13369,13303,117,13420,104
2021-11-28,Nevada,057,99092,9797,9684,343,10027,105
2021-11-28,Orange,059,3164182,314434,312028,15843,327871,5693
2021-11-28,Placer,061,380077,38698,38240,3824,42064,470
2021-11-28,Plumas,063,18699,1946,1884,43,1927,7
2021-11-28,Riverside,065,2383286,374583,370051,16546,386597,5358
2021-11-28,Sacramento,067,1510023,164186,163170,4819,167989,2335
2021-11-28,San Benito,069,59416,7643,7623,178,7801,77
2021-11-28,San Bernardino,071,2135413,365697,362407,11572,373979,5958
2021-11-28,San Diego,073,3302833,386654,383025,22606,405631,4325
2021-11-28,San Francisco,075,870044,54690,54082,2381,56463,669
2021-11-28,San Joaquin,077,732212,102559,101895,5536,107431,1834
2021-11-28,San Luis Obispo,079,281455,30573,30152,1316,31468,358
2021-11-28,San Mateo,081,765935,55664,54567,932,55499,579
2021-11-28,Santa Barbara,083,443738,45888,45551,1581,47132,549
2021-11-28,Santa Clara,085,1922200,151918,150436,1514,151950,1920
2021-11-28,Santa Cruz,087,273765,21370,21110,1020,22130,224
2021-11-28,Shasta,089,179085,22480,22316,3678,25994,400
2021-11-28,Sierra,091,2930,197,195,21,216,0
2021-11-28,Siskiyou,093,43540,3449,3372,1327,4699,55
2021-11-28,Solano,095,438530,47075,46385,1332,47717,356
2021-11-28,Sonoma,097,501317,42936,42583,555,43138,405
2021-11-28,Stanislaus,099,539301,81016,81181,9113,90294,1223
2021-11-28,Sutter,101,95872,14209,14192,380,14572,186
2021-11-28,Tehama,103,63373,8793,8720,1520,10240,130
2021-11-28,Trinity,105,12862,896,797,219,1016,17
2021-11-28,Tulare,107,460477,70815,69833,15792,85625,1095
2021-11-28,Tuolumne,109,53932,7680,7620,113,7733,90
2021-11-28,Ventura,111,848112,100308,99486,4360,103846,1190
2021-11-28,Yolo,113,214977,20529,20333,1140,21473,257
2021-11-28,Yuba,115,75493,10442,10391,365,10756,89
2021-11-27,Alameda,001,1643700,122467,121618,2844,124462,1477
2021-11-27,Alpine,003,1148,105,106,0,106,0
2021-11-27,Amador,005,37829,5736,5670,67,5737,66
2021-11-27,Butte,007,227075,21774,21384,3962,25346,309
2021-11-27,Calaveras,009,45235,4376,4294,60,4354,85
2021-11-27,Colusa,011,21464,2612,2568,663,3231,19
2021-11-27,Contra Costa,013,1133247,101972,100961,2274,103235,1045
2021-11-27,Del Norte,015,27424,3763,3661,55,3716,42
2021-11-27,El Dorado,017,186661,16739,16399,1774,18173,161
2021-11-27,Fresno,019,978130,145573,143386,13058,156444,2246
2021-11-27,Glenn,021,27897,3586,3532,1035,4567,36
2021-11-27,Humboldt,023,135768,9575,9399,651,10050,115
2021-11-27,Imperial,025,180216,35231,34611,3472,38083,769
2021-11-27,Inyo,027,18085,2543,2506,38,2544,45
2021-11-27,Kern,029,883053,132298,130245,23583,153828,1773
2021-11-27,Kings,031,150075,33368,32891,1996,34887,358
2021-11-27,Lake,033,64148,6924,6836,153,6989,110
2021-11-27,Lassen,035,31185,7046,6959,406,7365,47
2021-11-27,Los Angeles,037,10098052,1468694,1454495,55156,1509651,26817
2021-11-27,Madera,039,155013,24267,23880,2255,26135,296
2021-11-27,Marin,041,260295,18106,17857,493,18350,248
2021-11-27,Mariposa,043,17540,1429,1374,60,1434,6
2021-11-27,Mendocino,045,87422,8053,7871,650,8521,89
2021-11-27,Merced,047,269075,43234,42921,2059,44980,664
2021-11-27,Modoc,049,8938,590,551,201,752,5
2021-11-27,Mono,051,14174,1884,1810,22,1832,4
2021-11-27,Monterey,053,433212,49692,48400,3110,51510,625
2021-11-27,Napa,055,140530,13355,13256,117,13373,104
2021-11-27,Nevada,057,99092,9775,9584,342,9926,103
2021-11-27,Orange,059,3164182,314183,310809,15806,326615,5665
2021-11-27,Placer,061,380077,38637,38001,3818,41819,468
2021-11-27,Plumas,063,18699,1942,1860,43,1903,7
2021-11-27,Riverside,065,2383286,374225,367601,16539,384140,5306
2021-11-27,Sacramento,067,1510023,164028,162328,4816,167144,2335
2021-11-27,San Benito,069,59416,7627,7575,178,7753,77
2021-11-27,San Bernardino,071,2135413,365262,360033,11563,371596,5932
2021-11-27,San Diego,073,3302833,386159,382634,22580,405214,4319
2021-11-27,San Francisco,075,870044,54640,53830,2378,56208,669
2021-11-27,San Joaquin,077,732212,102491,101368,5533,106901,1833
2021-11-27,San Luis Obispo,079,281455,30538,29983,1312,31295,358
2021-11-27,San Mateo,081,765935,55607,54360,929,55289,577
2021-11-27,Santa Barbara,083,443738,45834,45318,1579,46897,548
2021-11-27,Santa Clara,085,1922200,151711,149700,1507,151207,1922
2021-11-27,Santa Cruz,087,273765,21330,20929,1017,21946,222
2021-11-27,Shasta,089,179085,22457,22151,3677,25828,396
2021-11-27,Sierra,091,2930,196,194,21,215,0
2021-11-27,Siskiyou,093,43540,3446,3336,1325,4661,54
2021-11-27,Solano,095,438530,47039,46163,1329,47492,356
2021-11-27,Sonoma,097,501317,42873,42368,555,42923,405
2021-11-27,Stanislaus,099,539301,80947,80782,9096,89878,1220
2021-11-27,Sutter,101,95872,14201,14127,379,14506,181
2021-11-27,Tehama,103,63373,8791,8675,1519,10194,129
2021-11-27,Trinity,105,12862,896,789,219,1008,17
2021-11-27,Tulare,107,460477,70763,69377,15776,85153,1082
2021-11-27,Tuolumne,109,53932,7667,7574,113,7687,90
2021-11-27,Ventura,111,848112,100235,99163,4353,103516,1188
2021-11-27,Yolo,113,214977,20508,20237,1131,21368,257
2021-11-27,Yuba,115,75493,10431,10335,365,10700,88
2021-11-26,Alameda,001,1643700,122359,121618,2842,124460,1477
2021-11-26,Alpine,003,1148,105,106,0,106,0
2021-11-26,Amador,005,37829,5732,5670,67,5737,66
2021-11-26,Butte,007,227075,21751,21384,3957,25341,309
2021-11-26,Calaveras,009,45235,4367,4294,60,4354,85
2021-11-26,Colusa,011,21464,2610,2568,662,3230,19
2021-11-26,Contra Costa,013,1133247,101884,100961,2270,103231,1045
2021-11-26,Del Norte,015,27424,3760,3661,55,3716,42
2021-11-26,El Dorado,017,186661,16722,16399,1771,18170,161
2021-11-26,Fresno,019,978130,145440,143386,13048,156434,2246
2021-11-26,Glenn,021,27897,3583,3532,1035,4567,36
2021-11-26,Humboldt,023,135768,9556,9399,647,10046,115
2021-11-26,Imperial,025,180216,35174,34611,3459,38070,769
2021-11-26,Inyo,027,18085,2543,2506,38,2544,45
2021-11-26,Kern,029,883053,132215,130245,23539,153784,1773
2021-11-26,Kings,031,150075,33344,32891,1994,34885,358
2021-11-26,Lake,033,64148,6922,6836,153,6989,110
2021-11-26,Lassen,035,31185,7040,6959,406,7365,47
2021-11-26,Los Angeles,037,10098052,1467846,1454495,55095,1509590,26817
2021-11-26,Madera,039,155013,24240,23880,2253,26133,296
2021-11-26,Marin,041,260295,18077,17857,493,18350,248
2021-11-26,Mariposa,043,17540,1423,1374,59,1433,6
2021-11-26,Mendocino,045,87422,8043,7871,650,8521,89
2021-11-26,Merced,047,269075,43204,42921,2055,44976,664
2021-11-26,Modoc,049,8938,588,551,201,752,5
2021-11-26,Mono,051,14174,1873,1810,22,1832,4
2021-11-26,Monterey,053,433212,49649,48400,3103,51503,625
2021-11-26,Napa,055,140530,13339,13256,117,13373,104
2021-11-26,Nevada,057,99092,9763,9584,342,9926,103
2021-11-26,Orange,059,3164182,313914,310809,15774,326583,5665
2021-11-26,Placer,061,380077,38592,38001,3810,41811,468
2021-11-26,Plumas,063,18699,1937,1860,43,1903,7
2021-11-26,Riverside,065,2383286,373823,367601,16532,384133,5306
2021-11-26,Sacramento,067,1510023,163915,162328,4811,167139,2335
2021-11-26,San Benito,069,59416,7619,7575,178,7753,77
2021-11-26,San Bernardino,071,2135413,364829,360033,11556,371589,5932
2021-11-26,San Diego,073,3302833,385614,382634,22568,405202,4319
2021-11-26,San Francisco,075,870044,54593,53830,2376,56206,669
2021-11-26,San Joaquin,077,732212,102434,101368,5532,106900,1833
2021-11-26,San Luis Obispo,079,281455,30496,29983,1309,31292,358
2021-11-26,San Mateo,081,765935,55544,54360,928,55288,577
2021-11-26,Santa Barbara,083,443738,45787,45318,1578,46896,548
2021-11-26,Santa Clara,085,1922200,151542,149700,1499,151199,1922
2021-11-26,Santa Cruz,087,273765,21290,20929,1017,21946,222
2021-11-26,Shasta,089,179085,22437,22151,3675,25826,396
2021-11-26,Sierra,091,2930,196,194,21,215,0
2021-11-26,Siskiyou,093,43540,3443,3336,1324,4660,54
2021-11-26,Solano,095,438530,46998,46163,1328,47491,356
2021-11-26,Sonoma,097,501317,42823,42368,553,42921,405
2021-11-26,Stanislaus,099,539301,80874,80782,9085,89867,1220
2021-11-26,Sutter,101,95872,14188,14127,378,14505,181
2021-11-26,Tehama,103,63373,8789,8675,1518,10193,129
2021-11-26,Trinity,105,12862,895,789,219,1008,17
2021-11-26,Tulare,107,460477,70717,69377,15744,85121,1082
2021-11-26,Tuolumne,109,53932,7657,7574,113,7687,90
2021-11-26,Ventura,111,848112,100155,99163,4348,103511,1188
2021-11-26,Yolo,113,214977,20489,20237,1124,21361,257
2021-11-26,Yuba,115,75493,10425,10335,365,10700,88
2021-11-25,Alameda,001,1643700,122250,121618,2837,124455,1477
2021-11-25,Alpine,003,1148,105,106,0,106,0
2021-11-25,Amador,005,37829,5724,5670,67,5737,66
2021-11-25,Butte,007,227075,21733,21384,3955,25339,309
2021-11-25,Calaveras,009,45235,4362,4294,60,4354,85
2021-11-25,Colusa,011,21464,2607,2568,660,3228,19
2021-11-25,Contra Costa,013,1133247,101780,100961,2267,103228,1045
2021-11-25,Del Norte,015,27424,3755,3661,55,3716,42
2021-11-25,El Dorado,017,186661,16703,16399,1771,18170,161
2021-11-25,Fresno,019,978130,145306,143386,13039,156425,2246
2021-11-25,Glenn,021,27897,3580,3532,1034,4566,36
2021-11-25,Humboldt,023,135768,9537,9399,644,10043,115
2021-11-25,Imperial,025,180216,35129,34611,3448,38059,769
2021-11-25,Inyo,027,18085,2541,2506,38,2544,45
2021-11-25,Kern,029,883053,132117,130245,23493,153738,1773
2021-11-25,Kings,031,150075,33316,32891,1993,34884,358
2021-11-25,Lake,033,64148,6915,6836,153,6989,110
2021-11-25,Lassen,035,31185,7038,6959,405,7364,47
2021-11-25,Los Angeles,037,10098052,1466876,1454495,55038,1509533,26817
2021-11-25,Madera,039,155013,24204,23880,2252,26132,296
2021-11-25,Marin,041,260295,18050,17857,487,18344,248
2021-11-25,Mariposa,043,17540,1420,1374,59,1433,6
2021-11-25,Mendocino,045,87422,8025,7871,650,8521,89
2021-11-25,Merced,047,269075,43165,42921,2049,44970,664
2021-11-25,Modoc,049,8938,587,551,201,752,5
2021-11-25,Mono,051,14174,1862,1810,22,1832,4
2021-11-25,Monterey,053,433212,49605,48400,3094,51494,625
2021-11-25,Napa,055,140530,13332,13256,117,13373,104
2021-11-25,Nevada,057,99092,9744,9584,339,9923,103
2021-11-25,Orange,059,3164182,313651,310809,15743,326552,5665
2021-11-25,Placer,061,380077,38546,38001,3804,41805,468
2021-11-25,Plumas,063,18699,1935,1860,43,1903,7
2021-11-25,Riverside,065,2383286,373408,367601,16525,384126,5306
2021-11-25,Sacramento,067,1510023,163736,162328,4805,167133,2335
2021-11-25,San Benito,069,59416,7612,7575,178,7753,77
2021-11-25,San Bernardino,071,2135413,364428,360033,11539,371572,5932
2021-11-25,San Diego,073,3302833,385172,382634,22549,405183,4319
2021-11-25,San Francisco,075,870044,54543,53830,2373,56203,669
2021-11-25,San Joaquin,077,732212,102351,101368,5528,106896,1833
2021-11-25,San Luis Obispo,079,281455,30466,29983,1307,31290,358
2021-11-25,San Mateo,081,765935,55495,54360,926,55286,577
2021-11-25,Santa Barbara,083,443738,45748,45318,1576,46894,548
2021-11-25,Santa Clara,085,1922200,151385,149700,1494,151194,1922
2021-11-25,Santa Cruz,087,273765,21257,20929,1017,21946,222
2021-11-25,Shasta,089,179085,22411,22151,3675,25826,396
2021-11-25,Sierra,091,2930,196,194,21,215,0
2021-11-25,Siskiyou,093,43540,3440,3336,1324,4660,54
2021-11-25,Solano,095,438530,46961,46163,1327,47490,356
2021-11-25,Sonoma,097,501317,42766,42368,549,42917,405
2021-11-25,Stanislaus,099,539301,80807,80782,9071,89853,1220
2021-11-25,Sutter,101,95872,14172,14127,377,14504,181
2021-11-25,Tehama,103,63373,8781,8675,1518,10193,129
2021-11-25,Trinity,105,12862,895,789,219,1008,17
2021-11-25,Tulare,107,460477,70649,69377,15718,85095,1082
2021-11-25,Tuolumne,109,53932,7645,7574,113,7687,90
2021-11-25,Ventura,111,848112,100089,99163,4345,103508,1188
2021-11-25,Yolo,113,214977,20459,20237,1120,21357,257
2021-11-25,Yuba,115,75493,10416,10335,364,10699,88
2021-11-24,Alameda,001,1643700,122187,121618,2833,124451,1477
2021-11-24,Alpine,003,1148,105,106,0,106,0
2021-11-24,Amador,005,37829,5714,5670,67,5737,66
2021-11-24,Butte,007,227075,21717,21384,3954,25338,309
2021-11-24,Calaveras,009,45235,4355,4294,60,4354,85
2021-11-24,Colusa,011,21464,2607,2568,659,3227,19
2021-11-24,Contra Costa,013,1133247,101741,100961,2264,103225,1045
2021-11-24,Del Norte,015,27424,3752,3661,55,3716,42
2021-11-24,El Dorado,017,186661,16692,16399,1770,18169,161
2021-11-24,Fresno,019,978130,145252,143386,13038,156424,2246
2021-11-24,Glenn,021,27897,3575,3532,1033,4565,36
2021-11-24,Humboldt,023,135768,9522,9399,644,10043,115
2021-11-24,Imperial,025,180216,35100,34611,3442,38053,769
2021-11-24,Inyo,027,18085,2538,2506,38,2544,45
2021-11-24,Kern,029,883053,132055,130245,23481,153726,1773
2021-11-24,Kings,031,150075,33302,32891,1992,34883,358
2021-11-24,Lake,033,64148,6911,6836,153,6989,110
2021-11-24,Lassen,035,31185,7038,6959,405,7364,47
2021-11-24,Los Angeles,037,10098052,1466391,1454495,54996,1509491,26817
2021-11-24,Madera,039,155013,24181,23880,2246,26126,296
2021-11-24,Marin,041,260295,18038,17857,485,18342,248
2021-11-24,Mariposa,043,17540,1420,1374,59,1433,6
2021-11-24,Mendocino,045,87422,8013,7871,650,8521,89
2021-11-24,Merced,047,269075,43133,42921,2046,44967,664
2021-11-24,Modoc,049,8938,587,551,201,752,5
2021-11-24,Mono,051,14174,1859,1810,22,1832,4
2021-11-24,Monterey,053,433212,49592,48400,3093,51493,625
2021-11-24,Napa,055,140530,13328,13256,117,13373,104
2021-11-24,Nevada,057,99092,9729,9584,339,9923,103
2021-11-24,Orange,059,3164182,313496,310809,15728,326537,5665
2021-11-24,Placer,061,380077,38513,38001,3802,41803,468
2021-11-24,Plumas,063,18699,1933,1860,43,1903,7
2021-11-24,Riverside,065,2383286,373229,367601,16519,384120,5306
2021-11-24,Sacramento,067,1510023,163665,162328,4805,167133,2335
2021-11-24,San Benito,069,59416,7610,7575,178,7753,77
2021-11-24,San Bernardino,071,2135413,364217,360033,11529,371562,5932
2021-11-24,San Diego,073,3302833,384914,382634,22536,405170,4319
2021-11-24,San Francisco,075,870044,54512,53830,2371,56201,669
2021-11-24,San Joaquin,077,732212,102310,101368,5525,106893,1833
2021-11-24,San Luis Obispo,079,281455,30447,29983,1307,31290,358
2021-11-24,San Mateo,081,765935,55465,54360,925,55285,577
2021-11-24,Santa Barbara,083,443738,45721,45318,1576,46894,548
2021-11-24,Santa Clara,085,1922200,151289,149700,1493,151193,1922
2021-11-24,Santa Cruz,087,273765,21234,20929,1016,21945,222
2021-11-24,Shasta,089,179085,22400,22151,3672,25823,396
2021-11-24,Sierra,091,2930,196,194,21,215,0
2021-11-24,Siskiyou,093,43540,3437,3336,1324,4660,54
2021-11-24,Solano,095,438530,46933,46163,1325,47488,356
2021-11-24,Sonoma,097,501317,42734,42368,547,42915,405
2021-11-24,Stanislaus,099,539301,80770,80782,9066,89848,1220
2021-11-24,Sutter,101,95872,14159,14127,375,14502,181
2021-11-24,Tehama,103,63373,8778,8675,1517,10192,129
2021-11-24,Trinity,105,12862,895,789,219,1008,17
2021-11-24,Tulare,107,460477,70625,69377,15699,85076,1082
2021-11-24,Tuolumne,109,53932,7641,7574,113,7687,90
2021-11-24,Ventura,111,848112,100054,99163,4341,103504,1188
2021-11-24,Yolo,113,214977,20451,20237,1119,21356,257
2021-11-24,Yuba,115,75493,10412,10335,363,10698,88
2021-11-23,Alameda,001,1643700,122069,121618,2826,124444,1477
2021-11-23,Alpine,003,1148,105,106,0,106,0
2021-11-23,Amador,005,37829,5707,5670,67,5737,66
2021-11-23,Butte,007,227075,21688,21384,3950,25334,309
2021-11-23,Calaveras,009,45235,4349,4294,59,4353,85
2021-11-23,Colusa,011,21464,2603,2568,657,3225,19
2021-11-23,Contra Costa,013,1133247,101634,100961,2262,103223,1045
2021-11-23,Del Norte,015,27424,3749,3661,55,3716,42
2021-11-23,El Dorado,017,186661,16661,16399,1767,18166,161
2021-11-23,Fresno,019,978130,145113,143386,13029,156415,2246
2021-11-23,Glenn,021,27897,3570,3532,1033,4565,36
2021-11-23,Humboldt,023,135768,9500,9399,641,10040,115
2021-11-23,Imperial,025,180216,35031,34611,3423,38034,769
2021-11-23,Inyo,027,18085,2534,2506,38,2544,45
2021-11-23,Kern,029,883053,131947,130245,23432,153677,1773
2021-11-23,Kings,031,150075,33260,32891,1991,34882,358
2021-11-23,Lake,033,64148,6906,6836,153,6989,110
2021-11-23,Lassen,035,31185,7035,6959,402,7361,47
2021-11-23,Los Angeles,037,10098052,1465381,1454495,54928,1509423,26817
2021-11-23,Madera,039,155013,24155,23880,2244,26124,296
2021-11-23,Marin,041,260295,18007,17857,482,18339,248
2021-11-23,Mariposa,043,17540,1417,1374,59,1433,6
2021-11-23,Mendocino,045,87422,7992,7871,647,8518,89
2021-11-23,Merced,047,269075,43095,42921,2045,44966,664
2021-11-23,Modoc,049,8938,585,551,201,752,5
2021-11-23,Mono,051,14174,1845,1810,22,1832,4
2021-11-23,Monterey,053,433212,49556,48400,3087,51487,625
2021-11-23,Napa,055,140530,13320,13256,117,13373,104
2021-11-23,Nevada,057,99092,9700,9584,338,9922,103
2021-11-23,Orange,059,3164182,313246,310809,15692,326501,5665
2021-11-23,Placer,061,380077,38454,38001,3785,41786,468
2021-11-23,Plumas,063,18699,1929,1860,43,1903,7
2021-11-23,Riverside,065,2383286,372846,367601,16506,384107,5306
2021-11-23,Sacramento,067,1510023,163479,162328,4794,167122,2335
2021-11-23,San Benito,069,59416,7601,7575,176,7751,77
2021-11-23,San Bernardino,071,2135413,363800,360033,11514,371547,5932
2021-11-23,San Diego,073,3302833,384430,382634,22513,405147,4319
2021-11-23,San Francisco,075,870044,54453,53830,2369,56199,669
2021-11-23,San Joaquin,077,732212,102199,101368,5514,106882,1833
2021-11-23,San Luis Obispo,079,281455,30412,29983,1304,31287,358
2021-11-23,San Mateo,081,765935,55415,54360,924,55284,577
2021-11-23,Santa Barbara,083,443738,45668,45318,1576,46894,548
2021-11-23,Santa Clara,085,1922200,151079,149700,1481,151181,1922
2021-11-23,Santa Cruz,087,273765,21196,20929,1016,21945,222
2021-11-23,Shasta,089,179085,22364,22151,3670,25821,396
2021-11-23,Sierra,091,2930,196,194,21,215,0
2021-11-23,Siskiyou,093,43540,3432,3336,1323,4659,54
2021-11-23,Solano,095,438530,46879,46163,1321,47484,356
2021-11-23,Sonoma,097,501317,42683,42368,544,42912,405
2021-11-23,Stanislaus,099,539301,80700,80782,9054,89836,1220
2021-11-23,Sutter,101,95872,14143,14127,374,14501,181
2021-11-23,Tehama,103,63373,8765,8675,1516,10191,129
2021-11-23,Trinity,105,12862,894,789,219,1008,17
2021-11-23,Tulare,107,460477,70578,69377,15669,85046,1082
2021-11-23,Tuolumne,109,53932,7629,7574,112,7686,90
2021-11-23,Ventura,111,848112,99971,99163,4335,103498,1188
2021-11-23,Yolo,113,214977,20430,20237,1111,21348,257
2021-11-23,Yuba,115,75493,10400,10335,363,10698,88
2021-11-22,Alameda,001,1643700,121954,121566,2824,124390,1475
2021-11-22,Alpine,003,1148,105,106,0,106,0
2021-11-22,Amador,005,37829,5694,5670,67,5737,66
2021-11-22,Butte,007,227075,21649,21363,3945,25308,305
2021-11-22,Calaveras,009,45235,4337,4294,59,4353,84
2021-11-22,Colusa,011,21464,2600,2565,657,3222,19
2021-11-22,Contra Costa,013,1133247,101546,100877,2257,103134,1045
2021-11-22,Del Norte,015,27424,3746,3659,55,3714,42
2021-11-22,El Dorado,017,186661,16638,16378,1764,18142,161
2021-11-22,Fresno,019,978130,144980,143290,13021,156311,2243
2021-11-22,Glenn,021,27897,3565,3530,1032,4562,36
2021-11-22,Humboldt,023,135768,9474,9389,636,10025,115
2021-11-22,Imperial,025,180216,34970,34562,3409,37971,766
2021-11-22,Inyo,027,18085,2528,2501,38,2539,44
2021-11-22,Kern,029,883053,131786,130091,23383,153474,1762
2021-11-22,Kings,031,150075,33223,32867,1986,34853,358
2021-11-22,Lake,033,64148,6901,6837,153,6990,110
2021-11-22,Lassen,035,31185,7033,6954,401,7355,47
2021-11-22,Los Angeles,037,10098052,1464316,1453945,54846,1508791,26800
2021-11-22,Madera,039,155013,24121,23872,2236,26108,296
2021-11-22,Marin,041,260295,17976,17842,480,18322,248
2021-11-22,Mariposa,043,17540,1413,1372,59,1431,6
2021-11-22,Mendocino,045,87422,7976,7859,646,8505,89
2021-11-22,Merced,047,269075,43044,42898,2034,44932,660
2021-11-22,Modoc,049,8938,584,551,201,752,5
2021-11-22,Mono,051,14174,1838,1809,22,1831,4
2021-11-22,Monterey,053,433212,49528,48374,3083,51457,611
2021-11-22,Napa,055,140530,13311,13255,116,13371,104
2021-11-22,Nevada,057,99092,9683,9575,336,9911,96
2021-11-22,Orange,059,3164182,313005,310654,15666,326320,5663
2021-11-22,Placer,061,380077,38408,37956,3777,41733,465
2021-11-22,Plumas,063,18699,1926,1858,43,1901,7
2021-11-22,Riverside,065,2383286,372409,367301,16497,383798,5283
2021-11-22,Sacramento,067,1510023,163287,162222,4785,167007,2328
2021-11-22,San Benito,069,59416,7581,7567,176,7743,77
2021-11-22,San Bernardino,071,2135413,363384,359851,11503,371354,5916
2021-11-22,San Diego,073,3302833,383935,382132,22489,404621,4317
2021-11-22,San Francisco,075,870044,54361,53778,2363,56141,669
2021-11-22,San Joaquin,077,732212,102074,101299,5509,106808,1833
2021-11-22,San Luis Obispo,079,281455,30386,29963,1301,31264,358
2021-11-22,San Mateo,081,765935,55358,54330,922,55252,577
2021-11-22,Santa Barbara,083,443738,45592,45279,1576,46855,546
2021-11-22,Santa Clara,085,1922200,150894,149541,1471,151012,1919
2021-11-22,Santa Cruz,087,273765,21155,20891,1016,21907,222
2021-11-22,Shasta,089,179085,22350,22116,3665,25781,393
2021-11-22,Sierra,091,2930,196,193,21,214,0
2021-11-22,Siskiyou,093,43540,3427,3336,1321,4657,54
2021-11-22,Solano,095,438530,46830,46153,1319,47472,356
2021-11-22,Sonoma,097,501317,42622,42344,543,42887,404
2021-11-22,Stanislaus,099,539301,80612,80718,9044,89762,1209
2021-11-22,Sutter,101,95872,14127,14125,372,14497,181
2021-11-22,Tehama,103,63373,8758,8669,1511,10180,127
2021-11-22,Trinity,105,12862,893,785,219,1004,17
2021-11-22,Tulare,107,460477,70517,69314,15633,84947,1075
2021-11-22,Tuolumne,109,53932,7614,7567,112,7679,90
2021-11-22,Ventura,111,848112,99905,99114,4332,103446,1186
2021-11-22,Yolo,113,214977,20407,20227,1109,21336,257
2021-11-22,Yuba,115,75493,10391,10332,362,10694,88
2021-11-21,Alameda,001,1643700,121823,121443,2820,124263,1475
2021-11-21,Alpine,003,1148,103,106,0,106,0
2021-11-21,Amador,005,37829,5689,5662,66,5728,66
2021-11-21,Butte,007,227075,21607,21342,3940,25282,306
2021-11-21,Calaveras,009,45235,4328,4287,59,4346,84
2021-11-21,Colusa,011,21464,2596,2562,656,3218,19
2021-11-21,Contra Costa,013,1133247,101444,100807,2250,103057,1045
2021-11-21,Del Norte,015,27424,3742,3659,55,3714,42
2021-11-21,El Dorado,017,186661,16611,16370,1758,18128,161
2021-11-21,Fresno,019,978130,144808,143203,13001,156204,2242
2021-11-21,Glenn,021,27897,3560,3529,1032,4561,36
2021-11-21,Humboldt,023,135768,9452,9378,635,10013,115
2021-11-21,Imperial,025,180216,34882,34527,3399,37926,766
2021-11-21,Inyo,027,18085,2521,2501,38,2539,44
2021-11-21,Kern,029,883053,131622,130020,23337,153357,1762
2021-11-21,Kings,031,150075,33185,32843,1982,34825,356
2021-11-21,Lake,033,64148,6894,6834,153,6987,110
2021-11-21,Lassen,035,31185,7024,6953,401,7354,47
2021-11-21,Los Angeles,037,10098052,1463248,1453181,54791,1507972,26793
2021-11-21,Madera,039,155013,24096,23856,2231,26087,296
2021-11-21,Marin,041,260295,17947,17829,477,18306,248
2021-11-21,Mariposa,043,17540,1412,1371,58,1429,6
2021-11-21,Mendocino,045,87422,7970,7846,643,8489,89
2021-11-21,Merced,047,269075,42989,42881,2031,44912,660
2021-11-21,Modoc,049,8938,580,551,201,752,5
2021-11-21,Mono,051,14174,1828,1799,21,1820,4
2021-11-21,Monterey,053,433212,49482,48358,3074,51432,611
2021-11-21,Napa,055,140530,13298,13250,116,13366,104
2021-11-21,Nevada,057,99092,9657,9556,335,9891,96
2021-11-21,Orange,059,3164182,312749,310477,15635,326112,5663
2021-11-21,Placer,061,380077,38327,37929,3776,41705,465
2021-11-21,Plumas,063,18699,1921,1858,43,1901,7
2021-11-21,Riverside,065,2383286,371917,367093,16489,383582,5283
2021-11-21,Sacramento,067,1510023,163070,162087,4775,166862,2327
2021-11-21,San Benito,069,59416,7567,7563,175,7738,77
2021-11-21,San Bernardino,071,2135413,362890,359621,11467,371088,5912
2021-11-21,San Diego,073,3302833,383404,380747,22464,403211,4317
2021-11-21,San Francisco,075,870044,54292,53741,2358,56099,669
2021-11-21,San Joaquin,077,732212,101968,101264,5496,106760,1833
2021-11-21,San Luis Obispo,079,281455,30348,29948,1301,31249,358
2021-11-21,San Mateo,081,765935,55306,54290,920,55210,577
2021-11-21,Santa Barbara,083,443738,45532,45237,1573,46810,546
2021-11-21,Santa Clara,085,1922200,150689,149387,1452,150839,1918
2021-11-21,Santa Cruz,087,273765,21111,20866,1014,21880,222
2021-11-21,Shasta,089,179085,22319,22112,3663,25775,393
2021-11-21,Sierra,091,2930,196,193,21,214,0
2021-11-21,Siskiyou,093,43540,3422,3333,1320,4653,54
2021-11-21,Solano,095,438530,46774,46122,1312,47434,356
2021-11-21,Sonoma,097,501317,42562,42298,542,42840,404
2021-11-21,Stanislaus,099,539301,80517,80687,9029,89716,1209
2021-11-21,Sutter,101,95872,14113,14111,372,14483,181
2021-11-21,Tehama,103,63373,8752,8669,1510,10179,127
2021-11-21,Trinity,105,12862,891,784,217,1001,17
2021-11-21,Tulare,107,460477,70434,69285,15594,84879,1075
2021-11-21,Tuolumne,109,53932,7606,7560,111,7671,90
2021-11-21,Ventura,111,848112,99814,99081,4329,103410,1186
2021-11-21,Yolo,113,214977,20379,20209,1106,21315,257
2021-11-21,Yuba,115,75493,10382,10326,362,10688,88
2021-11-20,Alameda,001,1643700,121729,121059,2814,123873,1473
2021-11-20,Alpine,003,1148,103,105,0,105,0
2021-11-20,Amador,005,37829,5683,5652,65,5717,66
2021-11-20,Butte,007,227075,21592,21265,3936,25201,300
2021-11-20,Calaveras,009,45235,4318,4268,59,4327,84
2021-11-20,Colusa,011,21464,2595,2549,655,3204,19
2021-11-20,Contra Costa,013,1133247,101367,100491,2246,102737,1043
2021-11-20,Del Norte,015,27424,3739,3637,55,3692,42
2021-11-20,El Dorado,017,186661,16590,16308,1756,18064,161
2021-11-20,Fresno,019,978130,144739,142579,12992,155571,2233
2021-11-20,Glenn,021,27897,3559,3526,1031,4557,35
2021-11-20,Humboldt,023,135768,9439,9302,633,9935,115
2021-11-20,Imperial,025,180216,34830,34312,3393,37705,766
2021-11-20,Inyo,027,18085,2520,2467,38,2505,44
2021-11-20,Kern,029,883053,131521,129488,23300,152788,1750
2021-11-20,Kings,031,150075,33175,32720,1982,34702,354
2021-11-20,Lake,033,64148,6891,6808,153,6961,110
2021-11-20,Lassen,035,31185,7023,6931,401,7332,47
2021-11-20,Los Angeles,037,10098052,1462628,1448963,54743,1503706,26741
2021-11-20,Madera,039,155013,24082,23720,2227,25947,296
2021-11-20,Marin,041,260295,17932,17774,477,18251,248
2021-11-20,Mariposa,043,17540,1411,1354,58,1412,6
2021-11-20,Mendocino,045,87422,7962,7773,643,8416,89
2021-11-20,Merced,047,269075,42963,42692,2031,44723,656
2021-11-20,Modoc,049,8938,579,550,201,751,5
2021-11-20,Mono,051,14174,1822,1767,21,1788,4
2021-11-20,Monterey,053,433212,49469,48260,3069,51329,609
2021-11-20,Napa,055,140530,13295,13184,116,13300,103
2021-11-20,Nevada,057,99092,9641,9480,335,9815,92
2021-11-20,Orange,059,3164182,312550,309672,15618,325290,5658
2021-11-20,Placer,061,380077,38287,37800,3771,41571,462
2021-11-20,Plumas,063,18699,1917,1841,43,1884,7
2021-11-20,Riverside,065,2383286,371644,365809,16477,382286,5265
2021-11-20,Sacramento,067,1510023,162966,161533,4771,166304,2316
2021-11-20,San Benito,069,59416,7563,7533,175,7708,77
2021-11-20,San Bernardino,071,2135413,362610,358322,11456,369778,5897
2021-11-20,San Diego,073,3302833,383078,380147,22438,402585,4311
2021-11-20,San Francisco,075,870044,54253,53525,2357,55882,669
2021-11-20,San Joaquin,077,732212,101918,100922,5491,106413,1832
2021-11-20,San Luis Obispo,079,281455,30334,29815,1300,31115,355
2021-11-20,San Mateo,081,765935,55272,54132,919,55051,577
2021-11-20,Santa Barbara,083,443738,45500,45074,1573,46647,544
2021-11-20,Santa Clara,085,1922200,150582,148829,1451,150280,1917
2021-11-20,Santa Cruz,087,273765,21093,20756,1014,21770,222
2021-11-20,Shasta,089,179085,22295,21968,3662,25630,383
2021-11-20,Sierra,091,2930,196,191,21,212,0
2021-11-20,Siskiyou,093,43540,3419,3313,1320,4633,54
2021-11-20,Solano,095,438530,46753,46006,1312,47318,356
2021-11-20,Sonoma,097,501317,42531,42151,542,42693,403
2021-11-20,Stanislaus,099,539301,80471,80412,9025,89437,1205
2021-11-20,Sutter,101,95872,14105,14074,372,14446,181
2021-11-20,Tehama,103,63373,8747,8648,1510,10158,125
2021-11-20,Trinity,105,12862,887,771,217,988,17
2021-11-20,Tulare,107,460477,70395,69074,15573,84647,1054
2021-11-20,Tuolumne,109,53932,7598,7511,111,7622,90
2021-11-20,Ventura,111,848112,99765,98893,4322,103215,1186
2021-11-20,Yolo,113,214977,20371,20139,1102,21241,257
2021-11-20,Yuba,115,75493,10376,10290,361,10651,88
2021-11-19,Alameda,001,1643700,121655,121059,2811,123870,1473
2021-11-19,Alpine,003,1148,103,105,0,105,0
2021-11-19,Amador,005,37829,5673,5652,65,5717,66
2021-11-19,Butte,007,227075,21569,21265,3929,25194,300
2021-11-19,Calaveras,009,45235,4311,4268,59,4327,84
2021-11-19,Colusa,011,21464,2593,2549,654,3203,19
2021-11-19,Contra Costa,013,1133247,101310,100491,2241,102732,1043
2021-11-19,Del Norte,015,27424,3734,3637,55,3692,42
2021-11-19,El Dorado,017,186661,16568,16308,1754,18062,161
2021-11-19,Fresno,019,978130,144622,142579,12983,155562,2233
2021-11-19,Glenn,021,27897,3558,3526,1030,4556,35
2021-11-19,Humboldt,023,135768,9427,9302,630,9932,115
2021-11-19,Imperial,025,180216,34793,34312,3386,37698,766
2021-11-19,Inyo,027,18085,2516,2467,38,2505,44
2021-11-19,Kern,029,883053,131418,129488,23257,152745,1750
2021-11-19,Kings,031,150075,33150,32720,1980,34700,354
2021-11-19,Lake,033,64148,6888,6808,153,6961,110
2021-11-19,Lassen,035,31185,7018,6931,400,7331,47
2021-11-19,Los Angeles,037,10098052,1461938,1448963,54690,1503653,26741
2021-11-19,Madera,039,155013,24061,23720,2222,25942,296
2021-11-19,Marin,041,260295,17914,17774,475,18249,248
2021-11-19,Mariposa,043,17540,1409,1354,58,1412,6
2021-11-19,Mendocino,045,87422,7942,7773,643,8416,89
2021-11-19,Merced,047,269075,42937,42692,2030,44722,656
2021-11-19,Modoc,049,8938,578,550,201,751,5
2021-11-19,Mono,051,14174,1811,1767,21,1788,4
2021-11-19,Monterey,053,433212,49447,48260,3069,51329,609
2021-11-19,Napa,055,140530,13285,13184,115,13299,103
2021-11-19,Nevada,057,99092,9628,9480,335,9815,92
2021-11-19,Orange,059,3164182,312396,309672,15593,325265,5658
2021-11-19,Placer,061,380077,38250,37800,3767,41567,462
2021-11-19,Plumas,063,18699,1913,1841,43,1884,7
2021-11-19,Riverside,065,2383286,371370,365809,16473,382282,5265
2021-11-19,Sacramento,067,1510023,162841,161533,4767,166300,2316
2021-11-19,San Benito,069,59416,7557,7533,173,7706,77
2021-11-19,San Bernardino,071,2135413,362287,358322,11447,369769,5897
2021-11-19,San Diego,073,3302833,382687,380147,22412,402559,4311
2021-11-19,San Francisco,075,870044,54215,53525,2357,55882,669
2021-11-19,San Joaquin,077,732212,101861,100922,5487,106409,1832
2021-11-19,San Luis Obispo,079,281455,30316,29815,1298,31113,355
2021-11-19,San Mateo,081,765935,55224,54132,915,55047,577
2021-11-19,Santa Barbara,083,443738,45463,45074,1573,46647,544
2021-11-19,Santa Clara,085,1922200,150434,148829,1448,150277,1917
2021-11-19,Santa Cruz,087,273765,21066,20756,1011,21767,222
2021-11-19,Shasta,089,179085,22283,21968,3661,25629,383
2021-11-19,Sierra,091,2930,196,191,21,212,0
2021-11-19,Siskiyou,093,43540,3416,3313,1320,4633,54
2021-11-19,Solano,095,438530,46722,46006,1308,47314,356
2021-11-19,Sonoma,097,501317,42498,42151,539,42690,403
2021-11-19,Stanislaus,099,539301,80413,80412,9016,89428,1205
2021-11-19,Sutter,101,95872,14103,14074,372,14446,181
2021-11-19,Tehama,103,63373,8744,8648,1510,10158,125
2021-11-19,Trinity,105,12862,885,771,217,988,17
2021-11-19,Tulare,107,460477,70354,69074,15547,84621,1054
2021-11-19,Tuolumne,109,53932,7587,7511,111,7622,90
2021-11-19,Ventura,111,848112,99700,98893,4319,103212,1186
2021-11-19,Yolo,113,214977,20360,20139,1100,21239,257
2021-11-19,Yuba,115,75493,10373,10290,361,10651,88
2021-11-18,Alameda,001,1643700,121529,121059,2804,123863,1473
2021-11-18,Alpine,003,1148,103,105,0,105,0
2021-11-18,Amador,005,37829,5671,5652,65,5717,66
2021-11-18,Butte,007,227075,21552,21265,3922,25187,300
2021-11-18,Calaveras,009,45235,4304,4268,58,4326,84
2021-11-18,Colusa,011,21464,2585,2549,654,3203,19
2021-11-18,Contra Costa,013,1133247,101208,100491,2233,102724,1043
2021-11-18,Del Norte,015,27424,3731,3637,55,3692,42
2021-11-18,El Dorado,017,186661,16548,16308,1751,18059,161
2021-11-18,Fresno,019,978130,144482,142579,12973,155552,2233
2021-11-18,Glenn,021,27897,3557,3526,1029,4555,35
2021-11-18,Humboldt,023,135768,9410,9302,625,9927,115
2021-11-18,Imperial,025,180216,34738,34312,3370,37682,766
2021-11-18,Inyo,027,18085,2508,2467,38,2505,44
2021-11-18,Kern,029,883053,131270,129488,23210,152698,1750
2021-11-18,Kings,031,150075,33113,32720,1977,34697,354
2021-11-18,Lake,033,64148,6883,6808,153,6961,110
2021-11-18,Lassen,035,31185,7015,6931,395,7326,47
2021-11-18,Los Angeles,037,10098052,1460947,1448963,54629,1503592,26741
2021-11-18,Madera,039,155013,24036,23720,2218,25938,296
2021-11-18,Marin,041,260295,17897,17774,471,18245,248
2021-11-18,Mariposa,043,17540,1406,1354,58,1412,6
2021-11-18,Mendocino,045,87422,7920,7773,634,8407,89
2021-11-18,Merced,047,269075,42880,42692,2028,44720,656
2021-11-18,Modoc,049,8938,566,550,201,751,5
2021-11-18,Mono,051,14174,1803,1767,21,1788,4
2021-11-18,Monterey,053,433212,49422,48260,3064,51324,609
2021-11-18,Napa,055,140530,13273,13184,114,13298,103
2021-11-18,Nevada,057,99092,9604,9480,335,9815,92
2021-11-18,Orange,059,3164182,312159,309672,15573,325245,5658
2021-11-18,Placer,061,380077,38207,37800,3756,41556,462
2021-11-18,Plumas,063,18699,1912,1841,43,1884,7
2021-11-18,Riverside,065,2383286,370995,365809,16460,382269,5265
2021-11-18,Sacramento,067,1510023,162613,161533,4752,166285,2316
2021-11-18,San Benito,069,59416,7547,7533,173,7706,77
2021-11-18,San Bernardino,071,2135413,361854,358322,11428,369750,5897
2021-11-18,San Diego,073,3302833,382189,380147,22396,402543,4311
2021-11-18,San Francisco,075,870044,54163,53525,2353,55878,669
2021-11-18,San Joaquin,077,732212,101768,100922,5479,106401,1832
2021-11-18,San Luis Obispo,079,281455,30286,29815,1297,31112,355
2021-11-18,San Mateo,081,765935,55165,54132,912,55044,577
2021-11-18,Santa Barbara,083,443738,45417,45074,1566,46640,544
2021-11-18,Santa Clara,085,1922200,150247,148829,1440,150269,1917
2021-11-18,Santa Cruz,087,273765,21015,20756,1010,21766,222
2021-11-18,Shasta,089,179085,22247,21968,3656,25624,383
2021-11-18,Sierra,091,2930,195,191,21,212,0
2021-11-18,Siskiyou,093,43540,3416,3313,1316,4629,54
2021-11-18,Solano,095,438530,46680,46006,1305,47311,356
2021-11-18,Sonoma,097,501317,42449,42151,537,42688,403
2021-11-18,Stanislaus,099,539301,80346,80412,9008,89420,1205
2021-11-18,Sutter,101,95872,14092,14074,371,14445,181
2021-11-18,Tehama,103,63373,8739,8648,1510,10158,125
2021-11-18,Trinity,105,12862,884,771,217,988,17
2021-11-18,Tulare,107,460477,70280,69074,15503,84577,1054
2021-11-18,Tuolumne,109,53932,7577,7511,111,7622,90
2021-11-18,Ventura,111,848112,99623,98893,4315,103208,1186
2021-11-18,Yolo,113,214977,20343,20139,1096,21235,257
2021-11-18,Yuba,115,75493,10367,10290,361,10651,88
2021-11-17,Alameda,001,1643700,121407,120913,2803,123716,1472
2021-11-17,Alpine,003,1148,103,105,0,105,0
2021-11-17,Amador,005,37829,5665,5646,65,5711,66
2021-11-17,Butte,007,227075,21526,21230,3919,25149,300
2021-11-17,Calaveras,009,45235,4297,4259,58,4317,84
2021-11-17,Colusa,011,21464,2582,2546,653,3199,19
2021-11-17,Contra Costa,013,1133247,101116,100387,2229,102616,1039
2021-11-17,Del Norte,015,27424,3728,3630,55,3685,42
2021-11-17,El Dorado,017,186661,16528,16269,1750,18019,161
2021-11-17,Fresno,019,978130,144299,142366,12960,155326,2230
2021-11-17,Glenn,021,27897,3555,3527,1027,4554,34
2021-11-17,Humboldt,023,135768,9399,9270,622,9892,115
2021-11-17,Imperial,025,180216,34682,34256,3349,37605,766
2021-11-17,Inyo,027,18085,2502,2457,38,2495,44
2021-11-17,Kern,029,883053,131097,129307,23168,152475,1743
2021-11-17,Kings,031,150075,33086,32669,1973,34642,352
2021-11-17,Lake,033,64148,6879,6795,152,6947,110
2021-11-17,Lassen,035,31185,7013,6918,395,7313,47
2021-11-17,Los Angeles,037,10098052,1459847,1447947,54561,1502508,26721
2021-11-17,Madera,039,155013,24003,23673,2216,25889,287
2021-11-17,Marin,041,260295,17877,17757,469,18226,248
2021-11-17,Mariposa,043,17540,1402,1353,58,1411,6
2021-11-17,Mendocino,045,87422,7912,7735,633,8368,89
2021-11-17,Merced,047,269075,42821,42612,2023,44635,654
2021-11-17,Modoc,049,8938,562,540,201,741,5
2021-11-17,Mono,051,14174,1799,1765,21,1786,5
2021-11-17,Monterey,053,433212,49374,48221,3053,51274,609
2021-11-17,Napa,055,140530,13251,13167,114,13281,103
2021-11-17,Nevada,057,99092,9591,9447,335,9782,92
2021-11-17,Orange,059,3164182,311912,309396,15539,324935,5651
2021-11-17,Placer,061,380077,38159,37725,3748,41473,460
2021-11-17,Plumas,063,18699,1907,1833,43,1876,7
2021-11-17,Riverside,065,2383286,370584,365406,16447,381853,5229
2021-11-17,Sacramento,067,1510023,162443,161269,4745,166014,2302
2021-11-17,San Benito,069,59416,7540,7524,173,7697,77
2021-11-17,San Bernardino,071,2135413,361489,357947,11411,369358,5893
2021-11-17,San Diego,073,3302833,381698,379769,22370,402139,4301
2021-11-17,San Francisco,075,870044,54108,53469,2350,55819,667
2021-11-17,San Joaquin,077,732212,101666,100764,5474,106238,1828
2021-11-17,San Luis Obispo,079,281455,30260,29731,1294,31025,354
2021-11-17,San Mateo,081,765935,55097,54092,909,55001,577
2021-11-17,Santa Barbara,083,443738,45378,45000,1566,46566,542
2021-11-17,Santa Clara,085,1922200,150083,148626,1432,150058,1915
2021-11-17,Santa Cruz,087,273765,20980,20700,1010,21710,222
2021-11-17,Shasta,089,179085,22214,21883,3654,25537,382
2021-11-17,Sierra,091,2930,194,189,21,210,0
2021-11-17,Siskiyou,093,43540,3412,3307,1313,4620,54
2021-11-17,Solano,095,438530,46647,45948,1304,47252,353
2021-11-17,Sonoma,097,501317,42403,42093,534,42627,403
2021-11-17,Stanislaus,099,539301,80257,80276,8998,89274,1199
2021-11-17,Sutter,101,95872,14078,14064,369,14433,181
2021-11-17,Tehama,103,63373,8729,8633,1507,10140,125
2021-11-17,Trinity,105,12862,883,765,217,982,17
2021-11-17,Tulare,107,460477,70209,68977,15476,84453,1047
2021-11-17,Tuolumne,109,53932,7560,7485,111,7596,90
2021-11-17,Ventura,111,848112,99561,98812,4309,103121,1183
2021-11-17,Yolo,113,214977,20324,20100,1093,21193,257
2021-11-17,Yuba,115,75493,10355,10275,357,10632,88
2021-11-16,Alameda,001,1643700,121299,120809,2799,123608,1467
2021-11-16,Alpine,003,1148,103,105,0,105,0
2021-11-16,Amador,005,37829,5659,5644,65,5709,66
2021-11-16,Butte,007,227075,21500,21208,3914,25122,297
2021-11-16,Calaveras,009,45235,4288,4249,58,4307,83
2021-11-16,Colusa,011,21464,2576,2538,653,3191,19
2021-11-16,Contra Costa,013,1133247,100995,100320,2226,102546,1038
2021-11-16,Del Norte,015,27424,3722,3630,55,3685,42
2021-11-16,El Dorado,017,186661,16502,16248,1748,17996,159
2021-11-16,Fresno,019,978130,144113,142200,12938,155138,2218
2021-11-16,Glenn,021,27897,3554,3527,1024,4551,34
2021-11-16,Humboldt,023,135768,9378,9252,618,9870,115
2021-11-16,Imperial,025,180216,34598,34177,3335,37512,766
2021-11-16,Inyo,027,18085,2495,2449,38,2487,42
2021-11-16,Kern,029,883053,130937,129136,23107,152243,1735
2021-11-16,Kings,031,150075,33034,32614,1966,34580,350
2021-11-16,Lake,033,64148,6874,6789,152,6941,110
2021-11-16,Lassen,035,31185,7003,6915,395,7310,47
2021-11-16,Los Angeles,037,10098052,1458673,1446815,54489,1501304,26703
2021-11-16,Madera,039,155013,23965,23642,2210,25852,287
2021-11-16,Marin,041,260295,17858,17736,468,18204,248
2021-11-16,Mariposa,043,17540,1394,1349,57,1406,6
2021-11-16,Mendocino,045,87422,7870,7723,629,8352,89
2021-11-16,Merced,047,269075,42784,42578,2016,44594,653
2021-11-16,Modoc,049,8938,561,539,200,739,5
2021-11-16,Mono,051,14174,1790,1767,21,1788,4
2021-11-16,Monterey,053,433212,49344,48195,3039,51234,609
2021-11-16,Napa,055,140530,13240,13151,114,13265,103
2021-11-16,Nevada,057,99092,9574,9435,334,9769,92
2021-11-16,Orange,059,3164182,311645,309170,15505,324675,5651
2021-11-16,Placer,061,380077,38117,37676,3742,41418,459
2021-11-16,Plumas,063,18699,1898,1832,43,1875,7
2021-11-16,Riverside,065,2383286,370162,365078,16425,381503,5208
2021-11-16,Sacramento,067,1510023,162263,161102,4733,165835,2299
2021-11-16,San Benito,069,59416,7526,7513,173,7686,77
2021-11-16,San Bernardino,071,2135413,361064,357528,11358,368886,5901
2021-11-16,San Diego,073,3302833,381143,379435,22343,401778,4287
2021-11-16,San Francisco,075,870044,54035,53415,2342,55757,667
2021-11-16,San Joaquin,077,732212,101526,100637,5459,106096,1807
2021-11-16,San Luis Obispo,079,281455,30228,29703,1291,30994,356
2021-11-16,San Mateo,081,765935,55035,54034,907,54941,577
2021-11-16,Santa Barbara,083,443738,45310,44932,1563,46495,539
2021-11-16,Santa Clara,085,1922200,149902,148452,1420,149872,1916
2021-11-16,Santa Cruz,087,273765,20935,20684,1008,21692,222
2021-11-16,Shasta,089,179085,22175,21853,3650,25503,379
2021-11-16,Sierra,091,2930,194,189,21,210,0
2021-11-16,Siskiyou,093,43540,3409,3304,1311,4615,54
2021-11-16,Solano,095,438530,46607,45908,1303,47211,351
2021-11-16,Sonoma,097,501317,42354,42056,533,42589,401
2021-11-16,Stanislaus,099,539301,80160,80214,8975,89189,1196
2021-11-16,Sutter,101,95872,14066,14058,368,14426,181
2021-11-16,Tehama,103,63373,8722,8621,1500,10121,125
2021-11-16,Trinity,105,12862,883,762,216,978,17
2021-11-16,Tulare,107,460477,70129,68881,15441,84322,1039
2021-11-16,Tuolumne,109,53932,7550,7478,111,7589,90
2021-11-16,Ventura,111,848112,99486,98731,4306,103037,1183
2021-11-16,Yolo,113,214977,20285,20077,1091,21168,257
2021-11-16,Yuba,115,75493,10347,10262,355,10617,85
2021-11-15,Alameda,001,1643700,121141,120731,2795,123526,1464
2021-11-15,Alpine,003,1148,103,105,0,105,0
2021-11-15,Amador,005,37829,5654,5637,65,5702,66
2021-11-15,Butte,007,227075,21476,21182,3909,25091,296
2021-11-15,Calaveras,009,45235,4274,4237,58,4295,83
2021-11-15,Colusa,011,21464,2569,2535,650,3185,19
2021-11-15,Contra Costa,013,1133247,100889,100251,2223,102474,1038
2021-11-15,Del Norte,015,27424,3717,3630,54,3684,42
2021-11-15,El Dorado,017,186661,16478,16236,1744,17980,159
2021-11-15,Fresno,019,978130,143891,142015,12916,154931,2210
2021-11-15,Glenn,021,27897,3552,3526,1024,4550,34
2021-11-15,Humboldt,023,135768,9356,9230,610,9840,115
2021-11-15,Imperial,025,180216,34525,34130,3319,37449,766
2021-11-15,Inyo,027,18085,2490,2442,38,2480,42
2021-11-15,Kern,029,883053,130728,128928,23037,151965,1730
2021-11-15,Kings,031,150075,33000,32584,1961,34545,348
2021-11-15,Lake,033,64148,6870,6784,152,6936,109
2021-11-15,Lassen,035,31185,6992,6915,393,7308,47
2021-11-15,Los Angeles,037,10098052,1457483,1446114,54426,1500540,26677
2021-11-15,Madera,039,155013,23927,23605,2199,25804,287
2021-11-15,Marin,041,260295,17841,17723,467,18190,248
2021-11-15,Mariposa,043,17540,1393,1347,55,1402,6
2021-11-15,Mendocino,045,87422,7850,7694,623,8317,89
2021-11-15,Merced,047,269075,42727,42552,2005,44557,648
2021-11-15,Modoc,049,8938,560,538,199,737,5
2021-11-15,Mono,051,14174,1785,1763,21,1784,4
2021-11-15,Monterey,053,433212,49312,48154,3033,51187,609
2021-11-15,Napa,055,140530,13232,13143,114,13257,103
2021-11-15,Nevada,057,99092,9545,9420,333,9753,92
2021-11-15,Orange,059,3164182,311368,308859,15480,324339,5646
2021-11-15,Placer,061,380077,38053,37610,3738,41348,452
2021-11-15,Plumas,063,18699,1891,1829,43,1872,7
2021-11-15,Riverside,065,2383286,369714,364750,16406,381156,5199
2021-11-15,Sacramento,067,1510023,162042,160937,4721,165658,2293
2021-11-15,San Benito,069,59416,7521,7511,172,7683,77
2021-11-15,San Bernardino,071,2135413,360636,357306,11339,368645,5898
2021-11-15,San Diego,073,3302833,380606,378845,22318,401163,4284
2021-11-15,San Francisco,075,870044,53968,53374,2339,55713,667
2021-11-15,San Joaquin,077,732212,101372,100587,5448,106035,1799
2021-11-15,San Luis Obispo,079,281455,30185,29669,1279,30948,351
2021-11-15,San Mateo,081,765935,54982,54010,905,54915,576
2021-11-15,Santa Barbara,083,443738,45254,44879,1557,46436,539
2021-11-15,Santa Clara,085,1922200,149685,148313,1413,149726,1914
2021-11-15,Santa Cruz,087,273765,20893,20630,1007,21637,223
2021-11-15,Shasta,089,179085,22130,21779,3645,25424,374
2021-11-15,Sierra,091,2930,194,189,21,210,0
2021-11-15,Siskiyou,093,43540,3402,3302,1309,4611,54
2021-11-15,Solano,095,438530,46568,45885,1298,47183,351
2021-11-15,Sonoma,097,501317,42303,42021,532,42553,401
2021-11-15,Stanislaus,099,539301,80075,80129,8961,89090,1174
2021-11-15,Sutter,101,95872,14053,14043,367,14410,181
2021-11-15,Tehama,103,63373,8716,8615,1499,10114,125
2021-11-15,Trinity,105,12862,881,757,214,971,17
2021-11-15,Tulare,107,460477,70042,68826,15396,84222,1039
2021-11-15,Tuolumne,109,53932,7539,7461,111,7572,90
2021-11-15,Ventura,111,848112,99402,98605,4301,102906,1183
2021-11-15,Yolo,113,214977,20255,20065,1086,21151,255
2021-11-15,Yuba,115,75493,10328,10254,351,10605,85
2021-11-14,Alameda,001,1643700,120968,120629,2791,123420,1461
2021-11-14,Alpine,003,1148,102,105,0,105,0
2021-11-14,Amador,005,37829,5647,5632,64,5696,66
2021-11-14,Butte,007,227075,21444,21146,3900,25046,296
2021-11-14,Calaveras,009,45235,4263,4222,58,4280,83
2021-11-14,Colusa,011,21464,2567,2532,647,3179,19
2021-11-14,Contra Costa,013,1133247,100780,100188,2221,102409,1038
2021-11-14,Del Norte,015,27424,3714,3629,54,3683,42
2021-11-14,El Dorado,017,186661,16436,16212,1739,17951,159
2021-11-14,Fresno,019,978130,143609,141869,12882,154751,2209
2021-11-14,Glenn,021,27897,3550,3521,1024,4545,34
2021-11-14,Humboldt,023,135768,9325,9215,600,9815,115
2021-11-14,Imperial,025,180216,34422,34078,3304,37382,766
2021-11-14,Inyo,027,18085,2478,2441,38,2479,42
2021-11-14,Kern,029,883053,130488,128842,22967,151809,1730
2021-11-14,Kings,031,150075,32943,32545,1954,34499,349
2021-11-14,Lake,033,64148,6862,6777,152,6929,109
2021-11-14,Lassen,035,31185,6982,6911,392,7303,47
2021-11-14,Los Angeles,037,10098052,1456116,1445284,54350,1499634,26667
2021-11-14,Madera,039,155013,23877,23566,2190,25756,287
2021-11-14,Marin,041,260295,17826,17712,467,18179,247
2021-11-14,Mariposa,043,17540,1383,1337,51,1388,6
2021-11-14,Mendocino,045,87422,7817,7684,618,8302,89
2021-11-14,Merced,047,269075,42637,42513,1999,44512,648
2021-11-14,Modoc,049,8938,558,538,199,737,5
2021-11-14,Mono,051,14174,1773,1760,21,1781,4
2021-11-14,Monterey,053,433212,49257,48135,3015,51150,609
2021-11-14,Napa,055,140530,13214,13132,114,13246,103
2021-11-14,Nevada,057,99092,9517,9408,333,9741,92
2021-11-14,Orange,059,3164182,311049,308699,15459,324158,5646
2021-11-14,Placer,061,380077,37973,37569,3728,41297,452
2021-11-14,Plumas,063,18699,1888,1829,42,1871,7
2021-11-14,Riverside,065,2383286,369216,364490,16389,380879,5199
2021-11-14,Sacramento,067,1510023,161806,160761,4704,165465,2295
2021-11-14,San Benito,069,59416,7510,7507,171,7678,77
2021-11-14,San Bernardino,071,2135413,360053,357014,11322,368336,5897
2021-11-14,San Diego,073,3302833,380009,377633,22287,399920,4280
2021-11-14,San Francisco,075,870044,53892,53338,2334,55672,667
2021-11-14,San Joaquin,077,732212,101244,100518,5443,105961,1799
2021-11-14,San Luis Obispo,079,281455,30104,29645,1275,30920,352
2021-11-14,San Mateo,081,765935,54929,53978,903,54881,576
2021-11-14,Santa Barbara,083,443738,45175,44842,1554,46396,539
2021-11-14,Santa Clara,085,1922200,149487,148152,1405,149557,1913
2021-11-14,Santa Cruz,087,273765,20839,20609,1005,21614,223
2021-11-14,Shasta,089,179085,22078,21771,3632,25403,373
2021-11-14,Sierra,091,2930,194,189,21,210,0
2021-11-14,Siskiyou,093,43540,3393,3302,1308,4610,54
2021-11-14,Solano,095,438530,46513,45860,1291,47151,351
2021-11-14,Sonoma,097,501317,42237,41974,530,42504,401
2021-11-14,Stanislaus,099,539301,79940,80076,8943,89019,1174
2021-11-14,Sutter,101,95872,14036,14031,363,14394,181
2021-11-14,Tehama,103,63373,8706,8607,1497,10104,125
2021-11-14,Trinity,105,12862,878,754,212,966,17
2021-11-14,Tulare,107,460477,69925,68772,15338,84110,1037
2021-11-14,Tuolumne,109,53932,7521,7439,110,7549,90
2021-11-14,Ventura,111,848112,99287,98550,4300,102850,1183
2021-11-14,Yolo,113,214977,20228,20040,1080,21120,255
2021-11-14,Yuba,115,75493,10321,10238,350,10588,85
2021-11-13,Alameda,001,1643700,120899,120407,2790,123197,1454
2021-11-13,Alpine,003,1148,102,105,0,105,0
2021-11-13,Amador,005,37829,5646,5614,64,5678,66
2021-11-13,Butte,007,227075,21423,21104,3897,25001,296
2021-11-13,Calaveras,009,45235,4252,4203,58,4261,83
2021-11-13,Colusa,011,21464,2565,2522,647,3169,19
2021-11-13,Contra Costa,013,1133247,100708,100004,2215,102219,1028
2021-11-13,Del Norte,015,27424,3714,3629,54,3683,42
2021-11-13,El Dorado,017,186661,16423,16163,1736,17899,159
2021-11-13,Fresno,019,978130,143502,141452,12868,154320,2205
2021-11-13,Glenn,021,27897,3550,3514,1023,4537,34
2021-11-13,Humboldt,023,135768,9309,9177,595,9772,115
2021-11-13,Imperial,025,180216,34372,33990,3287,37277,766
2021-11-13,Inyo,027,18085,2472,2436,38,2474,42
2021-11-13,Kern,029,883053,130386,128472,22923,151395,1719
2021-11-13,Kings,031,150075,32926,32452,1953,34405,347
2021-11-13,Lake,033,64148,6857,6769,152,6921,109
2021-11-13,Lassen,035,31185,6977,6897,392,7289,47
2021-11-13,Los Angeles,037,10098052,1455461,1443088,54311,1497399,26649
2021-11-13,Madera,039,155013,23846,23462,2185,25647,287
2021-11-13,Marin,041,260295,17813,17684,465,18149,247
2021-11-13,Mariposa,043,17540,1380,1323,51,1374,6
2021-11-13,Mendocino,045,87422,7798,7652,617,8269,89
2021-11-13,Merced,047,269075,42599,42411,1996,44407,644
2021-11-13,Modoc,049,8938,557,536,199,735,5
2021-11-13,Mono,051,14174,1769,1750,21,1771,4
2021-11-13,Monterey,053,433212,49231,48087,3013,51100,609
2021-11-13,Napa,055,140530,13206,13110,114,13224,103
2021-11-13,Nevada,057,99092,9497,9369,331,9700,92
2021-11-13,Orange,059,3164182,310882,308211,15431,323642,5641
2021-11-13,Placer,061,380077,37923,37453,3725,41178,445
2021-11-13,Plumas,063,18699,1885,1828,42,1870,8
2021-11-13,Riverside,065,2383286,368910,363801,16382,380183,5187
2021-11-13,Sacramento,067,1510023,161670,160397,4692,165089,2291
2021-11-13,San Benito,069,59416,7497,7491,170,7661,77
2021-11-13,San Bernardino,071,2135413,359800,356325,11315,367640,5873
2021-11-13,San Diego,073,3302833,379679,377633,22259,399892,4280
2021-11-13,San Francisco,075,870044,53860,53195,2333,55528,667
2021-11-13,San Joaquin,077,732212,101187,100263,5434,105697,1799
2021-11-13,San Luis Obispo,079,281455,30074,29589,1273,30862,351
2021-11-13,San Mateo,081,765935,54891,53853,902,54755,574
2021-11-13,Santa Barbara,083,443738,45142,44734,1554,46288,537
2021-11-13,Santa Clara,085,1922200,149367,147821,1400,149221,1905
2021-11-13,Santa Cruz,087,273765,20824,20565,1004,21569,223
2021-11-13,Shasta,089,179085,22047,21713,3628,25341,366
2021-11-13,Sierra,091,2930,193,188,21,209,0
2021-11-13,Siskiyou,093,43540,3384,3299,1307,4606,54
2021-11-13,Solano,095,438530,46484,45774,1287,47061,350
2021-11-13,Sonoma,097,501317,42203,41882,529,42411,399
2021-11-13,Stanislaus,099,539301,79865,79872,8929,88801,1174
2021-11-13,Sutter,101,95872,14026,14017,362,14379,181
2021-11-13,Tehama,103,63373,8700,8592,1493,10085,125
2021-11-13,Trinity,105,12862,877,749,212,961,17
2021-11-13,Tulare,107,460477,69859,68619,15315,83934,1033
2021-11-13,Tuolumne,109,53932,7503,7392,110,7502,90
2021-11-13,Ventura,111,848112,99229,98452,4297,102749,1183
2021-11-13,Yolo,113,214977,20214,20009,1075,21084,255
2021-11-13,Yuba,115,75493,10311,10218,348,10566,85
2021-11-12,Alameda,001,1643700,120813,120407,2787,123194,1454
2021-11-12,Alpine,003,1148,102,105,0,105,0
2021-11-12,Amador,005,37829,5642,5614,63,5677,66
2021-11-12,Butte,007,227075,21405,21104,3893,24997,296
2021-11-12,Calaveras,009,45235,4241,4203,58,4261,83
2021-11-12,Colusa,011,21464,2561,2522,646,3168,19
2021-11-12,Contra Costa,013,1133247,100654,100004,2214,102218,1028
2021-11-12,Del Norte,015,27424,3713,3629,54,3683,42
2021-11-12,El Dorado,017,186661,16404,16163,1735,17898,159
2021-11-12,Fresno,019,978130,143359,141452,12855,154307,2205
2021-11-12,Glenn,021,27897,3547,3514,1022,4536,34
2021-11-12,Humboldt,023,135768,9302,9177,593,9770,115
2021-11-12,Imperial,025,180216,34345,33990,3278,37268,766
2021-11-12,Inyo,027,18085,2468,2436,38,2474,42
2021-11-12,Kern,029,883053,130249,128472,22890,151362,1719
2021-11-12,Kings,031,150075,32900,32452,1951,34403,347
2021-11-12,Lake,033,64148,6853,6769,152,6921,109
2021-11-12,Lassen,035,31185,6973,6897,391,7288,47
2021-11-12,Los Angeles,037,10098052,1454734,1443088,54266,1497354,26649
2021-11-12,Madera,039,155013,23817,23462,2180,25642,287
2021-11-12,Marin,041,260295,17797,17684,464,18148,247
2021-11-12,Mariposa,043,17540,1373,1323,51,1374,6
2021-11-12,Mendocino,045,87422,7786,7652,614,8266,89
2021-11-12,Merced,047,269075,42570,42411,1994,44405,644
2021-11-12,Modoc,049,8938,556,536,199,735,5
2021-11-12,Mono,051,14174,1767,1750,21,1771,4
2021-11-12,Monterey,053,433212,49199,48087,3007,51094,609
2021-11-12,Napa,055,140530,13197,13110,114,13224,103
2021-11-12,Nevada,057,99092,9483,9369,330,9699,92
2021-11-12,Orange,059,3164182,310694,308211,15413,323624,5641
2021-11-12,Placer,061,380077,37884,37453,3722,41175,445
2021-11-12,Plumas,063,18699,1879,1828,42,1870,8
2021-11-12,Riverside,065,2383286,368643,363801,16378,380179,5187
2021-11-12,Sacramento,067,1510023,161511,160397,4687,165084,2291
2021-11-12,San Benito,069,59416,7497,7491,170,7661,77
2021-11-12,San Bernardino,071,2135413,359491,356325,11305,367630,5873
2021-11-12,San Diego,073,3302833,379312,377633,22237,399870,4280
2021-11-12,San Francisco,075,870044,53826,53195,2329,55524,667
2021-11-12,San Joaquin,077,732212,101142,100263,5427,105690,1799
2021-11-12,San Luis Obispo,079,281455,30045,29589,1272,30861,351
2021-11-12,San Mateo,081,765935,54841,53853,899,54752,574
2021-11-12,Santa Barbara,083,443738,45087,44734,1553,46287,537
2021-11-12,Santa Clara,085,1922200,149225,147821,1396,149217,1905
2021-11-12,Santa Cruz,087,273765,20796,20565,1002,21567,223
2021-11-12,Shasta,089,179085,22014,21713,3625,25338,366
2021-11-12,Sierra,091,2930,192,188,21,209,0
2021-11-12,Siskiyou,093,43540,3383,3299,1305,4604,54
2021-11-12,Solano,095,438530,46457,45774,1283,47057,350
2021-11-12,Sonoma,097,501317,42163,41882,529,42411,399
2021-11-12,Stanislaus,099,539301,79813,79872,8921,88793,1174
2021-11-12,Sutter,101,95872,14019,14017,362,14379,181
2021-11-12,Tehama,103,63373,8696,8592,1492,10084,125
2021-11-12,Trinity,105,12862,870,749,212,961,17
2021-11-12,Tulare,107,460477,69817,68619,15280,83899,1033
2021-11-12,Tuolumne,109,53932,7490,7392,109,7501,90
2021-11-12,Ventura,111,848112,99164,98452,4296,102748,1183
2021-11-12,Yolo,113,214977,20200,20009,1069,21078,255
2021-11-12,Yuba,115,75493,10302,10218,347,10565,85
2021-11-11,Alameda,001,1643700,120699,120147,2779,122926,1453
2021-11-11,Alpine,003,1148,102,105,0,105,0
2021-11-11,Amador,005,37829,5639,5603,62,5665,66
2021-11-11,Butte,007,227075,21362,21047,3886,24933,293
2021-11-11,Calaveras,009,45235,4223,4179,58,4237,83
2021-11-11,Colusa,011,21464,2553,2518,644,3162,19
2021-11-11,Contra Costa,013,1133247,100550,99808,2210,102018,1028
2021-11-11,Del Norte,015,27424,3711,3622,54,3676,42
2021-11-11,El Dorado,017,186661,16370,16085,1732,17817,159
2021-11-11,Fresno,019,978130,143155,140833,12820,153653,2202
2021-11-11,Glenn,021,27897,3545,3503,1021,4524,34
2021-11-11,Humboldt,023,135768,9279,9125,590,9715,115
2021-11-11,Imperial,025,180216,34276,33844,3256,37100,766
2021-11-11,Inyo,027,18085,2463,2428,38,2466,42
2021-11-11,Kern,029,883053,130064,128023,22827,150850,1709
2021-11-11,Kings,031,150075,32850,32318,1949,34267,345
2021-11-11,Lake,033,64148,6846,6745,152,6897,107
2021-11-11,Lassen,035,31185,6967,6875,391,7266,47
2021-11-11,Los Angeles,037,10098052,1453639,1440436,54208,1494644,26614
2021-11-11,Madera,039,155013,23769,23316,2172,25488,287
2021-11-11,Marin,041,260295,17787,17639,464,18103,247
2021-11-11,Mariposa,043,17540,1363,1317,51,1368,6
2021-11-11,Mendocino,045,87422,7771,7612,605,8217,89
2021-11-11,Merced,047,269075,42514,42292,1991,44283,643
2021-11-11,Modoc,049,8938,554,536,199,735,5
2021-11-11,Mono,051,14174,1763,1743,21,1764,4
2021-11-11,Monterey,053,433212,49164,48008,2995,51003,609
2021-11-11,Napa,055,140530,13189,13075,114,13189,103
2021-11-11,Nevada,057,99092,9461,9308,330,9638,92
2021-11-11,Orange,059,3164182,310421,307674,15376,323050,5633
2021-11-11,Placer,061,380077,37833,37333,3714,41047,440
2021-11-11,Plumas,063,18699,1875,1814,42,1856,7
2021-11-11,Riverside,065,2383286,368208,362930,16360,379290,5175
2021-11-11,Sacramento,067,1510023,161299,159962,4668,164630,2289
2021-11-11,San Benito,069,59416,7489,7473,170,7643,76
2021-11-11,San Bernardino,071,2135413,359060,355413,11292,366705,5849
2021-11-11,San Diego,073,3302833,378803,376428,22214,398642,4272
2021-11-11,San Francisco,075,870044,53767,53063,2328,55391,666
2021-11-11,San Joaquin,077,732212,101047,99937,5411,105348,1799
2021-11-11,San Luis Obispo,079,281455,29994,29532,1270,30802,351
2021-11-11,San Mateo,081,765935,54792,53722,894,54616,574
2021-11-11,Santa Barbara,083,443738,45030,44603,1550,46153,534
2021-11-11,Santa Clara,085,1922200,149043,147458,1390,148848,1901
2021-11-11,Santa Cruz,087,273765,20751,20479,1002,21481,222
2021-11-11,Shasta,089,179085,21968,21600,3623,25223,364
2021-11-11,Sierra,091,2930,191,186,21,207,0
2021-11-11,Siskiyou,093,43540,3377,3297,1304,4601,53
2021-11-11,Solano,095,438530,46420,45679,1282,46961,350
2021-11-11,Sonoma,097,501317,42126,41774,529,42303,395
2021-11-11,Stanislaus,099,539301,79731,79570,8905,88475,1166
2021-11-11,Sutter,101,95872,14004,13993,361,14354,181
2021-11-11,Tehama,103,63373,8684,8565,1490,10055,125
2021-11-11,Trinity,105,12862,869,748,212,960,17
2021-11-11,Tulare,107,460477,69724,68367,15244,83611,1028
2021-11-11,Tuolumne,109,53932,7477,7354,109,7463,90
2021-11-11,Ventura,111,848112,99086,98297,4289,102586,1182
2021-11-11,Yolo,113,214977,20173,19946,1067,21013,255
2021-11-11,Yuba,115,75493,10286,10191,347,10538,85
2021-11-10,Alameda,001,1643700,120589,120147,2770,122917,1453
2021-11-10,Alpine,003,1148,102,105,0,105,0
2021-11-10,Amador,005,37829,5633,5603,62,5665,66
2021-11-10,Butte,007,227075,21335,21047,3882,24929,293
2021-11-10,Calaveras,009,45235,4212,4179,58,4237,83
2021-11-10,Colusa,011,21464,2547,2518,644,3162,19
2021-11-10,Contra Costa,013,1133247,100467,99808,2206,102014,1028
2021-11-10,Del Norte,015,27424,3710,3622,54,3676,42
2021-11-10,El Dorado,017,186661,16354,16085,1731,17816,159
2021-11-10,Fresno,019,978130,142977,140833,12807,153640,2202
2021-11-10,Glenn,021,27897,3545,3503,1020,4523,34
2021-11-10,Humboldt,023,135768,9261,9125,590,9715,115
2021-11-10,Imperial,025,180216,34228,33844,3237,37081,766
2021-11-10,Inyo,027,18085,2456,2428,38,2466,42
2021-11-10,Kern,029,883053,129914,128023,22772,150795,1709
2021-11-10,Kings,031,150075,32817,32318,1947,34265,345
2021-11-10,Lake,033,64148,6836,6745,152,6897,107
2021-11-10,Lassen,035,31185,6962,6875,391,7266,47
2021-11-10,Los Angeles,037,10098052,1452689,1440436,54150,1494586,26614
2021-11-10,Madera,039,155013,23719,23316,2166,25482,287
2021-11-10,Marin,041,260295,17774,17639,462,18101,247
2021-11-10,Mariposa,043,17540,1357,1317,51,1368,6
2021-11-10,Mendocino,045,87422,7759,7612,604,8216,89
2021-11-10,Merced,047,269075,42479,42292,1989,44281,643
2021-11-10,Modoc,049,8938,553,536,198,734,5
2021-11-10,Mono,051,14174,1761,1743,21,1764,4
2021-11-10,Monterey,053,433212,49130,48008,2984,50992,609
2021-11-10,Napa,055,140530,13175,13075,113,13188,103
2021-11-10,Nevada,057,99092,9454,9308,328,9636,92
2021-11-10,Orange,059,3164182,310157,307674,15344,323018,5633
2021-11-10,Placer,061,380077,37787,37333,3707,41040,440
2021-11-10,Plumas,063,18699,1869,1814,41,1855,7
2021-11-10,Riverside,065,2383286,367828,362930,16354,379284,5175
2021-11-10,Sacramento,067,1510023,161144,159962,4658,164620,2289
2021-11-10,San Benito,069,59416,7481,7473,170,7643,76
2021-11-10,San Bernardino,071,2135413,358719,355413,11285,366698,5849
2021-11-10,San Diego,073,3302833,378399,376428,22192,398620,4272
2021-11-10,San Francisco,075,870044,53706,53063,2325,55388,666
2021-11-10,San Joaquin,077,732212,100942,99937,5406,105343,1799
2021-11-10,San Luis Obispo,079,281455,29963,29532,1269,30801,351
2021-11-10,San Mateo,081,765935,54739,53722,893,54615,574
2021-11-10,Santa Barbara,083,443738,44992,44603,1549,46152,534
2021-11-10,Santa Clara,085,1922200,148896,147458,1384,148842,1901
2021-11-10,Santa Cruz,087,273765,20724,20479,1001,21480,222
2021-11-10,Shasta,089,179085,21932,21600,3621,25221,364
2021-11-10,Sierra,091,2930,190,186,21,207,0
2021-11-10,Siskiyou,093,43540,3375,3297,1304,4601,53
2021-11-10,Solano,095,438530,46390,45679,1280,46959,350
2021-11-10,Sonoma,097,501317,42075,41774,529,42303,395
2021-11-10,Stanislaus,099,539301,79629,79570,8889,88459,1166
2021-11-10,Sutter,101,95872,13996,13993,361,14354,181
2021-11-10,Tehama,103,63373,8672,8565,1484,10049,125
2021-11-10,Trinity,105,12862,865,748,211,959,17
2021-11-10,Tulare,107,460477,69663,68367,15205,83572,1028
2021-11-10,Tuolumne,109,53932,7453,7354,109,7463,90
2021-11-10,Ventura,111,848112,99015,98297,4289,102586,1182
2021-11-10,Yolo,113,214977,20154,19946,1066,21012,255
2021-11-10,Yuba,115,75493,10277,10191,347,10538,85
2021-11-09,Alameda,001,1643700,120451,120051,2761,122812,1450
2021-11-09,Alpine,003,1148,102,105,0,105,0
2021-11-09,Amador,005,37829,5627,5596,62,5658,66
2021-11-09,Butte,007,227075,21311,21022,3878,24900,291
2021-11-09,Calaveras,009,45235,4208,4174,58,4232,84
2021-11-09,Colusa,011,21464,2542,2517,643,3160,19
2021-11-09,Contra Costa,013,1133247,100372,99732,2198,101930,1028
2021-11-09,Del Norte,015,27424,3709,3620,54,3674,42
2021-11-09,El Dorado,017,186661,16316,16073,1726,17799,160
2021-11-09,Fresno,019,978130,142731,140666,12792,153458,2188
2021-11-09,Glenn,021,27897,3540,3499,1019,4518,34
2021-11-09,Humboldt,023,135768,9240,9112,585,9697,115
2021-11-09,Imperial,025,180216,34175,33751,3223,36974,766
2021-11-09,Inyo,027,18085,2452,2404,38,2442,42
2021-11-09,Kern,029,883053,129668,127901,22710,150611,1694
2021-11-09,Kings,031,150075,32750,32279,1943,34222,344
2021-11-09,Lake,033,64148,6827,6743,152,6895,106
2021-11-09,Lassen,035,31185,6950,6846,391,7237,47
2021-11-09,Los Angeles,037,10098052,1451427,1439125,54088,1493213,26581
2021-11-09,Madera,039,155013,23669,23285,2157,25442,287
2021-11-09,Marin,041,260295,17755,17630,460,18090,247
2021-11-09,Mariposa,043,17540,1349,1317,51,1368,5
2021-11-09,Mendocino,045,87422,7736,7598,598,8196,85
2021-11-09,Merced,047,269075,42438,42251,1983,44234,613
2021-11-09,Modoc,049,8938,552,536,196,732,5
2021-11-09,Mono,051,14174,1756,1738,21,1759,4
2021-11-09,Monterey,053,433212,49094,47975,2960,50935,609
2021-11-09,Napa,055,140530,13157,13051,113,13164,103
2021-11-09,Nevada,057,99092,9435,9288,328,9616,92
2021-11-09,Orange,059,3164182,309873,307412,15317,322729,5621
2021-11-09,Placer,061,380077,37732,37291,3690,40981,440
2021-11-09,Plumas,063,18699,1867,1802,41,1843,7
2021-11-09,Riverside,065,2383286,367361,362557,16340,378897,5160
2021-11-09,Sacramento,067,1510023,160903,159856,4649,164505,2286
2021-11-09,San Benito,069,59416,7471,7471,169,7640,76
2021-11-09,San Bernardino,071,2135413,358268,354972,11268,366240,5839
2021-11-09,San Diego,073,3302833,377904,375997,22166,398163,4272
2021-11-09,San Francisco,075,870044,53632,52996,2319,55315,666
2021-11-09,San Joaquin,077,732212,100768,99848,5393,105241,1794
2021-11-09,San Luis Obispo,079,281455,29921,29488,1268,30756,350
2021-11-09,San Mateo,081,765935,54693,53697,884,54581,574
2021-11-09,Santa Barbara,083,443738,44925,44579,1542,46121,533
2021-11-09,Santa Clara,085,1922200,148690,147281,1377,148658,1901
2021-11-09,Santa Cruz,087,273765,20690,20463,1000,21463,222
2021-11-09,Shasta,089,179085,21877,21558,3616,25174,364
2021-11-09,Sierra,091,2930,190,186,21,207,0
2021-11-09,Siskiyou,093,43540,3373,3295,1302,4597,52
2021-11-09,Solano,095,438530,46335,45639,1279,46918,350
2021-11-09,Sonoma,097,501317,42018,41727,527,42254,395
2021-11-09,Stanislaus,099,539301,79523,79505,8872,88377,1165
2021-11-09,Sutter,101,95872,13981,13988,359,14347,180
2021-11-09,Tehama,103,63373,8654,8555,1482,10037,125
2021-11-09,Trinity,105,12862,864,746,211,957,17
2021-11-09,Tulare,107,460477,69557,68298,15166,83464,1024
2021-11-09,Tuolumne,109,53932,7433,7347,109,7456,90
2021-11-09,Ventura,111,848112,98937,98202,4284,102486,1182
2021-11-09,Yolo,113,214977,20130,19931,1062,20993,255
2021-11-09,Yuba,115,75493,10260,10175,341,10516,85
2021-11-08,Alameda,001,1643700,120307,119983,2755,122738,1447
2021-11-08,Alpine,003,1148,102,105,0,105,0
2021-11-08,Amador,005,37829,5621,5590,62,5652,66
2021-11-08,Butte,007,227075,21283,21000,3869,24869,288
2021-11-08,Calaveras,009,45235,4200,4166,58,4224,82
2021-11-08,Colusa,011,21464,2541,2514,642,3156,19
2021-11-08,Contra Costa,013,1133247,100268,99669,2194,101863,1028
2021-11-08,Del Norte,015,27424,3705,3619,54,3673,42
2021-11-08,El Dorado,017,186661,16297,16055,1721,17776,156
2021-11-08,Fresno,019,978130,142430,140466,12770,153236,2179
2021-11-08,Glenn,021,27897,3538,3496,1015,4511,34
2021-11-08,Humboldt,023,135768,9214,9095,575,9670,109
2021-11-08,Imperial,025,180216,34095,33690,3205,36895,766
2021-11-08,Inyo,027,18085,2445,2398,38,2436,41
2021-11-08,Kern,029,883053,129432,127722,22627,150349,1692
2021-11-08,Kings,031,150075,32704,32248,1942,34190,344
2021-11-08,Lake,033,64148,6821,6737,152,6889,106
2021-11-08,Lassen,035,31185,6943,6830,389,7219,46
2021-11-08,Los Angeles,037,10098052,1450081,1438322,54031,1492353,26575
2021-11-08,Madera,039,155013,23620,23253,2146,25399,287
2021-11-08,Marin,041,260295,17738,17617,457,18074,247
2021-11-08,Mariposa,043,17540,1341,1316,50,1366,5
2021-11-08,Mendocino,045,87422,7723,7581,592,8173,85
2021-11-08,Merced,047,269075,42368,42224,1973,44197,607
2021-11-08,Modoc,049,8938,551,529,196,725,5
2021-11-08,Mono,051,14174,1752,1739,21,1760,4
2021-11-08,Monterey,053,433212,49053,47942,2940,50882,602
2021-11-08,Napa,055,140530,13143,13045,113,13158,103
2021-11-08,Nevada,057,99092,9416,9278,326,9604,92
2021-11-08,Orange,059,3164182,309601,307156,15286,322442,5616
2021-11-08,Placer,061,380077,37678,37250,3687,40937,439
2021-11-08,Plumas,063,18699,1866,1788,40,1828,7
2021-11-08,Riverside,065,2383286,366906,362201,16326,378527,5152
2021-11-08,Sacramento,067,1510023,160687,159735,4628,164363,2275
2021-11-08,San Benito,069,59416,7469,7461,169,7630,75
2021-11-08,San Bernardino,071,2135413,357756,354741,11250,365991,5836
2021-11-08,San Diego,073,3302833,377342,375557,22119,397676,4259
2021-11-08,San Francisco,075,870044,53579,52942,2313,55255,666
2021-11-08,San Joaquin,077,732212,100651,99736,5391,105127,1794
2021-11-08,San Luis Obispo,079,281455,29869,29464,1263,30727,350
2021-11-08,San Mateo,081,765935,54620,53658,879,54537,574
2021-11-08,Santa Barbara,083,443738,44871,44548,1541,46089,532
2021-11-08,Santa Clara,085,1922200,148464,147183,1371,148554,1899
2021-11-08,Santa Cruz,087,273765,20661,20435,1000,21435,222
2021-11-08,Shasta,089,179085,21830,21504,3610,25114,354
2021-11-08,Sierra,091,2930,190,183,21,204,0
2021-11-08,Siskiyou,093,43540,3369,3290,1291,4581,50
2021-11-08,Solano,095,438530,46294,45613,1275,46888,350
2021-11-08,Sonoma,097,501317,41950,41669,526,42195,395
2021-11-08,Stanislaus,099,539301,79371,79417,8858,88275,1150
2021-11-08,Sutter,101,95872,13973,13976,355,14331,180
2021-11-08,Tehama,103,63373,8645,8534,1482,10016,123
2021-11-08,Trinity,105,12862,864,743,210,953,13
2021-11-08,Tulare,107,460477,69440,68199,15128,83327,1020
2021-11-08,Tuolumne,109,53932,7414,7328,108,7436,90
2021-11-08,Ventura,111,848112,98844,98144,4282,102426,1182
2021-11-08,Yolo,113,214977,20092,19916,1057,20973,255
2021-11-08,Yuba,115,75493,10249,10172,338,10510,83
2021-11-07,Alameda,001,1643700,120149,119902,2749,122651,1444
2021-11-07,Alpine,003,1148,102,105,0,105,0
2021-11-07,Amador,005,37829,5613,5580,60,5640,66
2021-11-07,Butte,007,227075,21242,20969,3860,24829,288
2021-11-07,Calaveras,009,45235,4173,4158,57,4215,82
2021-11-07,Colusa,011,21464,2535,2511,640,3151,19
2021-11-07,Contra Costa,013,1133247,100157,99596,2185,101781,1028
2021-11-07,Del Norte,015,27424,3703,3617,54,3671,42
2021-11-07,El Dorado,017,186661,16260,16040,1718,17758,156
2021-11-07,Fresno,019,978130,142089,140263,12743,153006,2179
2021-11-07,Glenn,021,27897,3531,3493,1014,4507,34
2021-11-07,Humboldt,023,135768,9190,9074,571,9645,109
2021-11-07,Imperial,025,180216,34022,33674,3186,36860,766
2021-11-07,Inyo,027,18085,2432,2394,38,2432,41
2021-11-07,Kern,029,883053,129160,127583,22536,150119,1692
2021-11-07,Kings,031,150075,32613,32221,1939,34160,343
2021-11-07,Lake,033,64148,6805,6734,151,6885,106
2021-11-07,Lassen,035,31185,6935,6819,385,7204,46
2021-11-07,Los Angeles,037,10098052,1448587,1437314,53956,1491270,26573
2021-11-07,Madera,039,155013,23575,23225,2138,25363,287
2021-11-07,Marin,041,260295,17718,17594,456,18050,247
2021-11-07,Mariposa,043,17540,1339,1306,50,1356,5
2021-11-07,Mendocino,045,87422,7695,7567,588,8155,85
2021-11-07,Merced,047,269075,42290,42186,1942,44128,607
2021-11-07,Modoc,049,8938,548,528,195,723,5
2021-11-07,Mono,051,14174,1746,1739,21,1760,4
2021-11-07,Monterey,053,433212,49001,47924,2936,50860,602
2021-11-07,Napa,055,140530,13122,13041,113,13154,103
2021-11-07,Nevada,057,99092,9368,9254,326,9580,92
2021-11-07,Orange,059,3164182,309277,306954,15248,322202,5616
2021-11-07,Placer,061,380077,37602,37202,3672,40874,439
2021-11-07,Plumas,063,18699,1859,1787,39,1826,7
2021-11-07,Riverside,065,2383286,366369,361960,16306,378266,5152
2021-11-07,Sacramento,067,1510023,160454,159549,4611,164160,2277
2021-11-07,San Benito,069,59416,7456,7460,169,7629,75
2021-11-07,San Bernardino,071,2135413,357238,354488,11227,365715,5832
2021-11-07,San Diego,073,3302833,376761,375165,22086,397251,4250
2021-11-07,San Francisco,075,870044,53495,52868,2307,55175,666
2021-11-07,San Joaquin,077,732212,100467,99696,5385,105081,1794
2021-11-07,San Luis Obispo,079,281455,29819,29454,1259,30713,350
2021-11-07,San Mateo,081,765935,54561,53600,877,54477,574
2021-11-07,Santa Barbara,083,443738,44808,44501,1540,46041,532
2021-11-07,Santa Clara,085,1922200,148260,147054,1358,148412,1898
2021-11-07,Santa Cruz,087,273765,20603,20397,999,21396,222
2021-11-07,Shasta,089,179085,21782,21479,3604,25083,354
2021-11-07,Sierra,091,2930,188,183,21,204,0
2021-11-07,Siskiyou,093,43540,3363,3289,1289,4578,51
2021-11-07,Solano,095,438530,46239,45582,1268,46850,350
2021-11-07,Sonoma,097,501317,41900,41630,525,42155,395
2021-11-07,Stanislaus,099,539301,79216,79351,8836,88187,1150
2021-11-07,Sutter,101,95872,13960,13964,352,14316,180
2021-11-07,Tehama,103,63373,8620,8528,1480,10008,121
2021-11-07,Trinity,105,12862,863,742,209,951,13
2021-11-07,Tulare,107,460477,69287,68145,15085,83230,1020
2021-11-07,Tuolumne,109,53932,7396,7300,106,7406,90
2021-11-07,Ventura,111,848112,98753,98085,4280,102365,1182
2021-11-07,Yolo,113,214977,20071,19899,1053,20952,255
2021-11-07,Yuba,115,75493,10232,10162,333,10495,83
2021-11-06,Alameda,001,1643700,120086,119499,2746,122245,1436
2021-11-06,Alpine,003,1148,102,105,0,105,0
2021-11-06,Amador,005,37829,5607,5557,60,5617,66
2021-11-06,Butte,007,227075,21222,20796,3856,24652,288
2021-11-06,Calaveras,009,45235,4165,4105,57,4162,82
2021-11-06,Colusa,011,21464,2534,2501,639,3140,19
2021-11-06,Contra Costa,013,1133247,100102,99282,2183,101465,1025
2021-11-06,Del Norte,015,27424,3700,3607,54,3661,42
2021-11-06,El Dorado,017,186661,16243,15958,1718,17676,156
2021-11-06,Fresno,019,978130,141971,139249,12738,151987,2170
2021-11-06,Glenn,021,27897,3528,3479,1014,4493,33
2021-11-06,Humboldt,023,135768,9178,8972,567,9539,109
2021-11-06,Imperial,025,180216,33978,33471,3180,36651,766
2021-11-06,Inyo,027,18085,2426,2353,38,2391,41
2021-11-06,Kern,029,883053,129026,126848,22484,149332,1684
2021-11-06,Kings,031,150075,32580,32018,1934,33952,342
2021-11-06,Lake,033,64148,6803,6695,151,6846,106
2021-11-06,Lassen,035,31185,6930,6796,384,7180,46
2021-11-06,Los Angeles,037,10098052,1447816,1433081,53913,1486994,26533
2021-11-06,Madera,039,155013,23539,22994,2128,25122,287
2021-11-06,Marin,041,260295,17699,17520,453,17973,247
2021-11-06,Mariposa,043,17540,1337,1282,50,1332,5
2021-11-06,Mendocino,045,87422,7673,7486,588,8074,85
2021-11-06,Merced,047,269075,42266,41958,1934,43892,604
2021-11-06,Modoc,049,8938,547,523,195,718,5
2021-11-06,Mono,051,14174,1744,1725,21,1746,4
2021-11-06,Monterey,053,433212,48969,47830,2926,50756,602
2021-11-06,Napa,055,140530,13112,12950,113,13063,103
2021-11-06,Nevada,057,99092,9346,9169,325,9494,91
2021-11-06,Orange,059,3164182,309071,306049,15222,321271,5611
2021-11-06,Placer,061,380077,37561,36967,3669,40636,438
2021-11-06,Plumas,063,18699,1855,1755,38,1793,7
2021-11-06,Riverside,065,2383286,366049,360584,16298,376882,5138
2021-11-06,Sacramento,067,1510023,160361,158766,4606,163372,2263
2021-11-06,San Benito,069,59416,7449,7429,169,7598,75
2021-11-06,San Bernardino,071,2135413,356968,353142,11223,364365,5813
2021-11-06,San Diego,073,3302833,376425,373423,22068,395491,4246
2021-11-06,San Francisco,075,870044,53442,52556,2304,54860,666
2021-11-06,San Joaquin,077,732212,100409,99372,5384,104756,1782
2021-11-06,San Luis Obispo,079,281455,29791,29335,1255,30590,350
2021-11-06,San Mateo,081,765935,54526,53442,876,54318,574
2021-11-06,Santa Barbara,083,443738,44772,44301,1539,45840,532
2021-11-06,Santa Clara,085,1922200,148115,146519,1353,147872,1894
2021-11-06,Santa Cruz,087,273765,20584,20311,997,21308,222
2021-11-06,Shasta,089,179085,21763,21281,3599,24880,349
2021-11-06,Sierra,091,2930,188,181,21,202,0
2021-11-06,Siskiyou,093,43540,3363,3279,1287,4566,48
2021-11-06,Solano,095,438530,46209,45465,1267,46732,350
2021-11-06,Sonoma,097,501317,41850,41398,524,41922,395
2021-11-06,Stanislaus,099,539301,79148,78902,8828,87730,1193
2021-11-06,Sutter,101,95872,13956,13908,351,14259,180
2021-11-06,Tehama,103,63373,8608,8474,1478,9952,120
2021-11-06,Trinity,105,12862,860,732,209,941,11
2021-11-06,Tulare,107,460477,69238,67767,15056,82823,1010
2021-11-06,Tuolumne,109,53932,7384,7245,106,7351,90
2021-11-06,Ventura,111,848112,98686,97770,4275,102045,1180
2021-11-06,Yolo,113,214977,20054,19827,1049,20876,255
2021-11-06,Yuba,115,75493,10218,10107,333,10440,83
2021-11-05,Alameda,001,1643700,120002,119499,2744,122243,1436
2021-11-05,Alpine,003,1148,102,105,0,105,0
2021-11-05,Amador,005,37829,5602,5557,60,5617,66
2021-11-05,Butte,007,227075,21209,20796,3855,24651,288
2021-11-05,Calaveras,009,45235,4160,4105,57,4162,82
2021-11-05,Colusa,011,21464,2534,2501,638,3139,19
2021-11-05,Contra Costa,013,1133247,100037,99282,2181,101463,1025
2021-11-05,Del Norte,015,27424,3698,3607,54,3661,42
2021-11-05,El Dorado,017,186661,16226,15958,1712,17670,156
2021-11-05,Fresno,019,978130,141792,139249,12728,151977,2170
2021-11-05,Glenn,021,27897,3527,3479,1013,4492,33
2021-11-05,Humboldt,023,135768,9164,8972,567,9539,109
2021-11-05,Imperial,025,180216,33942,33471,3177,36648,766
2021-11-05,Inyo,027,18085,2418,2353,38,2391,41
2021-11-05,Kern,029,883053,128899,126848,22429,149277,1684
2021-11-05,Kings,031,150075,32556,32018,1933,33951,342
2021-11-05,Lake,033,64148,6797,6695,151,6846,106
2021-11-05,Lassen,035,31185,6926,6796,383,7179,46
2021-11-05,Los Angeles,037,10098052,1446994,1433081,53875,1486956,26533
2021-11-05,Madera,039,155013,23501,22994,2127,25121,287
2021-11-05,Marin,041,260295,17677,17520,452,17972,247
2021-11-05,Mariposa,043,17540,1334,1282,49,1331,5
2021-11-05,Mendocino,045,87422,7662,7486,587,8073,85
2021-11-05,Merced,047,269075,42240,41958,1925,43883,604
2021-11-05,Modoc,049,8938,547,523,195,718,5
2021-11-05,Mono,051,14174,1743,1725,21,1746,4
2021-11-05,Monterey,053,433212,48939,47830,2924,50754,602
2021-11-05,Napa,055,140530,13090,12950,113,13063,103
2021-11-05,Nevada,057,99092,9333,9169,325,9494,91
2021-11-05,Orange,059,3164182,308874,306049,15200,321249,5611
2021-11-05,Placer,061,380077,37534,36967,3660,40627,438
2021-11-05,Plumas,063,18699,1847,1755,38,1793,7
2021-11-05,Riverside,065,2383286,365708,360584,16288,376872,5138
2021-11-05,Sacramento,067,1510023,160238,158766,4600,163366,2263
2021-11-05,San Benito,069,59416,7447,7429,168,7597,75
2021-11-05,San Bernardino,071,2135413,356634,353142,11213,364355,5813
2021-11-05,San Diego,073,3302833,376072,373423,22056,395479,4246
2021-11-05,San Francisco,075,870044,53391,52556,2301,54857,666
2021-11-05,San Joaquin,077,732212,100356,99372,5375,104747,1782
2021-11-05,San Luis Obispo,079,281455,29768,29335,1255,30590,350
2021-11-05,San Mateo,081,765935,54484,53442,874,54316,574
2021-11-05,Santa Barbara,083,443738,44727,44301,1538,45839,532
2021-11-05,Santa Clara,085,1922200,147978,146519,1352,147871,1894
2021-11-05,Santa Cruz,087,273765,20560,20311,996,21307,222
2021-11-05,Shasta,089,179085,21731,21281,3594,24875,349
2021-11-05,Sierra,091,2930,188,181,21,202,0
2021-11-05,Siskiyou,093,43540,3358,3279,1286,4565,48
2021-11-05,Solano,095,438530,46164,45465,1265,46730,350
2021-11-05,Sonoma,097,501317,41810,41398,524,41922,395
2021-11-05,Stanislaus,099,539301,79089,78902,8816,87718,1193
2021-11-05,Sutter,101,95872,13948,13908,350,14258,180
2021-11-05,Tehama,103,63373,8601,8474,1477,9951,120
2021-11-05,Trinity,105,12862,860,732,209,941,11
2021-11-05,Tulare,107,460477,69166,67767,15019,82786,1010
2021-11-05,Tuolumne,109,53932,7367,7245,105,7350,90
2021-11-05,Ventura,111,848112,98646,97770,4273,102043,1180
2021-11-05,Yolo,113,214977,20043,19827,1048,20875,255
2021-11-05,Yuba,115,75493,10205,10107,331,10438,83
2021-11-04,Alameda,001,1643700,119887,119499,2738,122237,1436
2021-11-04,Alpine,003,1148,102,105,0,105,0
2021-11-04,Amador,005,37829,5594,5557,60,5617,66
2021-11-04,Butte,007,227075,21167,20796,3844,24640,288
2021-11-04,Calaveras,009,45235,4146,4105,55,4160,82
2021-11-04,Colusa,011,21464,2528,2501,637,3138,19
2021-11-04,Contra Costa,013,1133247,99946,99282,2176,101458,1025
2021-11-04,Del Norte,015,27424,3695,3607,54,3661,42
2021-11-04,El Dorado,017,186661,16200,15958,1708,17666,156
2021-11-04,Fresno,019,978130,141510,139249,12719,151968,2170
2021-11-04,Glenn,021,27897,3522,3479,1012,4491,33
2021-11-04,Humboldt,023,135768,9139,8972,564,9536,109
2021-11-04,Imperial,025,180216,33885,33471,3168,36639,766
2021-11-04,Inyo,027,18085,2410,2353,38,2391,41
2021-11-04,Kern,029,883053,128667,126848,22360,149208,1684
2021-11-04,Kings,031,150075,32477,32018,1924,33942,342
2021-11-04,Lake,033,64148,6787,6695,149,6844,106
2021-11-04,Lassen,035,31185,6916,6796,378,7174,46
2021-11-04,Los Angeles,037,10098052,1445675,1433081,53794,1486875,26533
2021-11-04,Madera,039,155013,23446,22994,2116,25110,287
2021-11-04,Marin,041,260295,17665,17520,450,17970,247
2021-11-04,Mariposa,043,17540,1327,1282,49,1331,5
2021-11-04,Mendocino,045,87422,7649,7486,581,8067,85
2021-11-04,Merced,047,269075,42186,41958,1921,43879,604
2021-11-04,Modoc,049,8938,546,523,195,718,5
2021-11-04,Mono,051,14174,1738,1725,21,1746,4
2021-11-04,Monterey,053,433212,48895,47830,2908,50738,602
2021-11-04,Napa,055,140530,13068,12950,113,13063,103
2021-11-04,Nevada,057,99092,9302,9169,324,9493,91
2021-11-04,Orange,059,3164182,308626,306049,15182,321231,5611
2021-11-04,Placer,061,380077,37462,36967,3651,40618,438
2021-11-04,Plumas,063,18699,1839,1755,34,1789,7
2021-11-04,Riverside,065,2383286,365310,360584,16279,376863,5138
2021-11-04,Sacramento,067,1510023,160004,158766,4580,163346,2263
2021-11-04,San Benito,069,59416,7441,7429,168,7597,75
2021-11-04,San Bernardino,071,2135413,356196,353142,11205,364347,5813
2021-11-04,San Diego,073,3302833,375603,373423,22035,395458,4246
2021-11-04,San Francisco,075,870044,53310,52556,2297,54853,666
2021-11-04,San Joaquin,077,732212,100249,99372,5363,104735,1782
2021-11-04,San Luis Obispo,079,281455,29744,29335,1249,30584,350
2021-11-04,San Mateo,081,765935,54425,53442,868,54310,574
2021-11-04,Santa Barbara,083,443738,44671,44301,1538,45839,532
2021-11-04,Santa Clara,085,1922200,147824,146519,1348,147867,1894
2021-11-04,Santa Cruz,087,273765,20525,20311,996,21307,222
2021-11-04,Shasta,089,179085,21673,21281,3588,24869,349
2021-11-04,Sierra,091,2930,186,181,21,202,0
2021-11-04,Siskiyou,093,43540,3354,3279,1279,4558,48
2021-11-04,Solano,095,438530,46122,45465,1264,46729,350
2021-11-04,Sonoma,097,501317,41750,41398,524,41922,395
2021-11-04,Stanislaus,099,539301,78951,78902,8808,87710,1193
2021-11-04,Sutter,101,95872,13937,13908,348,14256,180
2021-11-04,Tehama,103,63373,8592,8474,1473,9947,120
2021-11-04,Trinity,105,12862,859,732,209,941,11
2021-11-04,Tulare,107,460477,69050,67767,14973,82740,1010
2021-11-04,Tuolumne,109,53932,7345,7245,103,7348,90
2021-11-04,Ventura,111,848112,98558,97770,4270,102040,1180
2021-11-04,Yolo,113,214977,20018,19827,1043,20870,255
2021-11-04,Yuba,115,75493,10191,10107,329,10436,83
2021-11-03,Alameda,001,1643700,119747,119356,2734,122090,1428
2021-11-03,Alpine,003,1148,102,105,0,105,0
2021-11-03,Amador,005,37829,5588,5545,59,5604,66
2021-11-03,Butte,007,227075,21122,20769,3835,24604,284
2021-11-03,Calaveras,009,45235,4128,4087,54,4141,82
2021-11-03,Colusa,011,21464,2522,2499,637,3136,20
2021-11-03,Contra Costa,013,1133247,99847,99168,2171,101339,1025
2021-11-03,Del Norte,015,27424,3693,3600,53,3653,42
2021-11-03,El Dorado,017,186661,16173,15915,1704,17619,156
2021-11-03,Fresno,019,978130,141148,138873,12697,151570,2166
2021-11-03,Glenn,021,27897,3519,3470,1012,4482,33
2021-11-03,Humboldt,023,135768,9122,8949,559,9508,109
2021-11-03,Imperial,025,180216,33813,33402,3158,36560,766
2021-11-03,Inyo,027,18085,2389,2344,38,2382,41
2021-11-03,Kern,029,883053,128407,126523,22260,148783,1681
2021-11-03,Kings,031,150075,32423,31923,1917,33840,341
2021-11-03,Lake,033,64148,6771,6685,149,6834,106
2021-11-03,Lassen,035,31185,6900,6782,373,7155,46
2021-11-03,Los Angeles,037,10098052,1444321,1431209,53711,1484920,26517
2021-11-03,Madera,039,155013,23378,22893,2107,25000,287
2021-11-03,Marin,041,260295,17644,17491,446,17937,247
2021-11-03,Mariposa,043,17540,1317,1276,49,1325,5
2021-11-03,Mendocino,045,87422,7633,7457,573,8030,84
2021-11-03,Merced,047,269075,42125,41849,1911,43760,597
2021-11-03,Modoc,049,8938,546,521,193,714,5
2021-11-03,Mono,051,14174,1734,1719,21,1740,4
2021-11-03,Monterey,053,433212,48845,47794,2895,50689,601
2021-11-03,Napa,055,140530,13056,12937,112,13049,103
2021-11-03,Nevada,057,99092,9275,9131,323,9454,91
2021-11-03,Orange,059,3164182,308315,305661,15150,320811,5607
2021-11-03,Placer,061,380077,37392,36868,3646,40514,438
2021-11-03,Plumas,063,18699,1828,1739,33,1772,7
2021-11-03,Riverside,065,2383286,364852,360060,16275,376335,5131
2021-11-03,Sacramento,067,1510023,159779,158311,4570,162881,2259
2021-11-03,San Benito,069,59416,7433,7419,168,7587,75
2021-11-03,San Bernardino,071,2135413,355721,352225,11185,363410,5813
2021-11-03,San Diego,073,3302833,375103,372951,22012,394963,4241
2021-11-03,San Francisco,075,870044,53218,52493,2292,54785,663
2021-11-03,San Joaquin,077,732212,100137,99188,5353,104541,1776
2021-11-03,San Luis Obispo,079,281455,29702,29276,1243,30519,348
2021-11-03,San Mateo,081,765935,54361,53396,862,54258,571
2021-11-03,Santa Barbara,083,443738,44614,44220,1535,45755,531
2021-11-03,Santa Clara,085,1922200,147654,146259,1341,147600,1897
2021-11-03,Santa Cruz,087,273765,20490,20275,996,21271,222
2021-11-03,Shasta,089,179085,21615,21215,3581,24796,346
2021-11-03,Sierra,091,2930,184,180,21,201,0
2021-11-03,Siskiyou,093,43540,3350,3276,1277,4553,46
2021-11-03,Solano,095,438530,46095,45411,1262,46673,351
2021-11-03,Sonoma,097,501317,41673,41326,522,41848,395
2021-11-03,Stanislaus,099,539301,78820,78736,8792,87528,1193
2021-11-03,Sutter,101,95872,13924,13876,346,14222,179
2021-11-03,Tehama,103,63373,8580,8438,1473,9911,118
2021-11-03,Trinity,105,12862,858,730,209,939,11
2021-11-03,Tulare,107,460477,68923,67588,14932,82520,1007
2021-11-03,Tuolumne,109,53932,7327,7218,101,7319,90
2021-11-03,Ventura,111,848112,98450,97682,4266,101948,1178
2021-11-03,Yolo,113,214977,20000,19758,1035,20793,250
2021-11-03,Yuba,115,75493,10179,10092,329,10421,83
2021-11-02,Alameda,001,1643700,119600,119241,2728,121969,1425
2021-11-02,Alpine,003,1148,101,105,0,105,0
2021-11-02,Amador,005,37829,5583,5535,59,5594,66
2021-11-02,Butte,007,227075,21078,20744,3823,24567,282
2021-11-02,Calaveras,009,45235,4105,4075,54,4129,82
2021-11-02,Colusa,011,21464,2517,2497,636,3133,19
2021-11-02,Contra Costa,013,1133247,99743,99080,2159,101239,1025
2021-11-02,Del Norte,015,27424,3691,3596,53,3649,42
2021-11-02,El Dorado,017,186661,16144,15883,1704,17587,154
2021-11-02,Fresno,019,978130,140824,138644,12666,151310,2158
2021-11-02,Glenn,021,27897,3511,3469,1009,4478,33
2021-11-02,Humboldt,023,135768,9080,8937,558,9495,109
2021-11-02,Imperial,025,180216,33740,33371,3146,36517,766
2021-11-02,Inyo,027,18085,2382,2324,38,2362,41
2021-11-02,Kern,029,883053,128152,126311,22140,148451,1665
2021-11-02,Kings,031,150075,32364,31896,1912,33808,339
2021-11-02,Lake,033,64148,6766,6681,148,6829,106
2021-11-02,Lassen,035,31185,6888,6777,370,7147,45
2021-11-02,Los Angeles,037,10098052,1442874,1429601,53635,1483236,26496
2021-11-02,Madera,039,155013,23297,22837,2096,24933,287
2021-11-02,Marin,041,260295,17616,17482,446,17928,247
2021-11-02,Mariposa,043,17540,1306,1270,48,1318,5
2021-11-02,Mendocino,045,87422,7609,7447,561,8008,84
2021-11-02,Merced,047,269075,42058,41785,1903,43688,596
2021-11-02,Modoc,049,8938,543,520,192,712,5
2021-11-02,Mono,051,14174,1730,1718,21,1739,4
2021-11-02,Monterey,053,433212,48794,47775,2877,50652,599
2021-11-02,Napa,055,140530,13038,12930,112,13042,104
2021-11-02,Nevada,057,99092,9245,9122,322,9444,91
2021-11-02,Orange,059,3164182,307999,305369,15106,320475,5600
2021-11-02,Placer,061,380077,37320,36817,3631,40448,438
2021-11-02,Plumas,063,18699,1817,1721,33,1754,7
2021-11-02,Riverside,065,2383286,364398,359586,16256,375842,5116
2021-11-02,Sacramento,067,1510023,159523,158112,4548,162660,2250
2021-11-02,San Benito,069,59416,7417,7407,168,7575,75
2021-11-02,San Bernardino,071,2135413,355244,351832,11131,362963,5813
2021-11-02,San Diego,073,3302833,374518,372440,21982,394422,4232
2021-11-02,San Francisco,075,870044,53099,52450,2288,54738,663
2021-11-02,San Joaquin,077,732212,100004,99076,5342,104418,1772
2021-11-02,San Luis Obispo,079,281455,29669,29224,1239,30463,348
2021-11-02,San Mateo,081,765935,54289,53351,859,54210,571
2021-11-02,Santa Barbara,083,443738,44558,44177,1532,45709,531
2021-11-02,Santa Clara,085,1922200,147460,146115,1334,147449,1896
2021-11-02,Santa Cruz,087,273765,20457,20266,995,21261,222
2021-11-02,Shasta,089,179085,21541,21127,3571,24698,344
2021-11-02,Sierra,091,2930,184,180,20,200,0
2021-11-02,Siskiyou,093,43540,3348,3272,1274,4546,46
2021-11-02,Solano,095,438530,46055,45378,1256,46634,350
2021-11-02,Sonoma,097,501317,41592,41288,521,41809,395
2021-11-02,Stanislaus,099,539301,78665,78629,8772,87401,1193
2021-11-02,Sutter,101,95872,13904,13868,346,14214,179
2021-11-02,Tehama,103,63373,8564,8422,1470,9892,116
2021-11-02,Trinity,105,12862,858,729,209,938,11
2021-11-02,Tulare,107,460477,68798,67502,14884,82386,1002
2021-11-02,Tuolumne,109,53932,7305,7204,99,7303,90
2021-11-02,Ventura,111,848112,98345,97574,4262,101836,1178
2021-11-02,Yolo,113,214977,19970,19736,1033,20769,250
2021-11-02,Yuba,115,75493,10156,10080,327,10407,83
2021-11-01,Alameda,001,1643700,119462,119159,2726,121885,1421
2021-11-01,Alpine,003,1148,101,105,0,105,0
2021-11-01,Amador,005,37829,5581,5532,59,5591,64
2021-11-01,Butte,007,227075,21028,20710,3817,24527,281
2021-11-01,Calaveras,009,45235,4095,4059,53,4112,82
2021-11-01,Colusa,011,21464,2515,2494,633,3127,19
2021-11-01,Contra Costa,013,1133247,99619,99011,2151,101162,1025
2021-11-01,Del Norte,015,27424,3689,3594,53,3647,42
2021-11-01,El Dorado,017,186661,16120,15858,1699,17557,154
2021-11-01,Fresno,019,978130,140448,138421,12630,151051,2149
2021-11-01,Glenn,021,27897,3503,3461,1007,4468,33
2021-11-01,Humboldt,023,135768,9052,8929,555,9484,108
2021-11-01,Imperial,025,180216,33690,33342,3137,36479,766
2021-11-01,Inyo,027,18085,2370,2307,38,2345,41
2021-11-01,Kern,029,883053,127852,126092,22025,148117,1660
2021-11-01,Kings,031,150075,32311,31866,1908,33774,337
2021-11-01,Lake,033,64148,6755,6676,147,6823,106
2021-11-01,Lassen,035,31185,6873,6775,367,7142,42
2021-11-01,Los Angeles,037,10098052,1441491,1428891,53545,1482436,26483
2021-11-01,Madera,039,155013,23218,22801,2091,24892,283
2021-11-01,Marin,041,260295,17596,17460,445,17905,247
2021-11-01,Mariposa,043,17540,1298,1266,47,1313,5
2021-11-01,Mendocino,045,87422,7576,7422,543,7965,84
2021-11-01,Merced,047,269075,41967,41740,1901,43641,594
2021-11-01,Modoc,049,8938,538,520,190,710,5
2021-11-01,Mono,051,14174,1726,1714,21,1735,3
2021-11-01,Monterey,053,433212,48751,47756,2865,50621,597
2021-11-01,Napa,055,140530,13011,12916,111,13027,101
2021-11-01,Nevada,057,99092,9222,9108,321,9429,91
2021-11-01,Orange,059,3164182,307656,305192,15065,320257,5596
2021-11-01,Placer,061,380077,37237,36747,3619,40366,435
2021-11-01,Plumas,063,18699,1798,1719,33,1752,7
2021-11-01,Riverside,065,2383286,363895,359263,16234,375497,5115
2021-11-01,Sacramento,067,1510023,159253,157893,4525,162418,2239
2021-11-01,San Benito,069,59416,7407,7406,167,7573,73
2021-11-01,San Bernardino,071,2135413,354753,351620,11111,362731,5815
2021-11-01,San Diego,073,3302833,373953,372043,21964,394007,4232
2021-11-01,San Francisco,075,870044,53013,52418,2281,54699,661
2021-11-01,San Joaquin,077,732212,99842,98969,5335,104304,1772
2021-11-01,San Luis Obispo,079,281455,29625,29199,1234,30433,343
2021-11-01,San Mateo,081,765935,54222,53314,855,54169,571
2021-11-01,Santa Barbara,083,443738,44491,44146,1528,45674,529
2021-11-01,Santa Clara,085,1922200,147263,145978,1329,147307,1907
2021-11-01,Santa Cruz,087,273765,20422,20238,995,21233,221
2021-11-01,Shasta,089,179085,21488,21104,3564,24668,338
2021-11-01,Sierra,091,2930,184,180,20,200,0
2021-11-01,Siskiyou,093,43540,3341,3272,1269,4541,46
2021-11-01,Solano,095,438530,46001,45358,1256,46614,350
2021-11-01,Sonoma,097,501317,41519,41234,520,41754,395
2021-11-01,Stanislaus,099,539301,78535,78534,8757,87291,1193
2021-11-01,Sutter,101,95872,13880,13852,344,14196,179
2021-11-01,Tehama,103,63373,8536,8412,1467,9879,116
2021-11-01,Trinity,105,12862,856,727,209,936,11
2021-11-01,Tulare,107,460477,68655,67388,14832,82220,1002
2021-11-01,Tuolumne,109,53932,7289,7175,98,7273,90
2021-11-01,Ventura,111,848112,98255,97507,4260,101767,1178
2021-11-01,Yolo,113,214977,19950,19708,1026,20734,250
2021-11-01,Yuba,115,75493,10138,10066,325,10391,83
2021-10-31,Alameda,001,1643700,119318,119071,2722,121793,1419
2021-10-31,Alpine,003,1148,101,105,0,105,0
2021-10-31,Amador,005,37829,5570,5518,59,5577,64
2021-10-31,Butte,007,227075,20966,20689,3806,24495,281
2021-10-31,Calaveras,009,45235,4077,4052,52,4104,82
2021-10-31,Colusa,011,21464,2513,2493,630,3123,18
2021-10-31,Contra Costa,013,1133247,99491,98936,2149,101085,1025
2021-10-31,Del Norte,015,27424,3683,3591,53,3644,42
2021-10-31,El Dorado,017,186661,16074,15841,1696,17537,154
2021-10-31,Fresno,019,978130,140045,138165,12592,150757,2147
2021-10-31,Glenn,021,27897,3497,3459,1007,4466,33
2021-10-31,Humboldt,023,135768,9004,8919,549,9468,108
2021-10-31,Imperial,025,180216,33615,33334,3125,36459,766
2021-10-31,Inyo,027,18085,2351,2309,38,2347,41
2021-10-31,Kern,029,883053,127483,125917,21901,147818,1666
2021-10-31,Kings,031,150075,32225,31814,1896,33710,338
2021-10-31,Lake,033,64148,6744,6665,145,6810,106
2021-10-31,Lassen,035,31185,6858,6768,362,7130,42
2021-10-31,Los Angeles,037,10098052,1439939,1427933,53463,1481396,26474
2021-10-31,Madera,039,155013,23122,22744,2078,24822,283
2021-10-31,Marin,041,260295,17568,17443,444,17887,247
2021-10-31,Mariposa,043,17540,1292,1257,46,1303,5
2021-10-31,Mendocino,045,87422,7535,7403,526,7929,84
2021-10-31,Merced,047,269075,41874,41699,1881,43580,589
2021-10-31,Modoc,049,8938,532,517,187,704,5
2021-10-31,Mono,051,14174,1722,1711,21,1732,3
2021-10-31,Monterey,053,433212,48710,47744,2847,50591,596
2021-10-31,Napa,055,140530,12993,12906,109,13015,101
2021-10-31,Nevada,057,99092,9185,9084,316,9400,91
2021-10-31,Orange,059,3164182,307308,305032,14982,320014,5596
2021-10-31,Placer,061,380077,37140,36698,3606,40304,435
2021-10-31,Plumas,063,18699,1780,1716,33,1749,7
2021-10-31,Riverside,065,2383286,363315,359005,16220,375225,5104
2021-10-31,Sacramento,067,1510023,158901,157667,4512,162179,2243
2021-10-31,San Benito,069,59416,7398,7397,165,7562,73
2021-10-31,San Bernardino,071,2135413,354219,351411,11097,362508,5810
2021-10-31,San Diego,073,3302833,373400,371603,21933,393536,4218
2021-10-31,San Francisco,075,870044,52904,52370,2275,54645,661
2021-10-31,San Joaquin,077,732212,99678,98893,5320,104213,1772
2021-10-31,San Luis Obispo,079,281455,29572,29176,1233,30409,343
2021-10-31,San Mateo,081,765935,54163,53284,853,54137,571
2021-10-31,Santa Barbara,083,443738,44421,44113,1523,45636,529
2021-10-31,Santa Clara,085,1922200,147048,145829,1315,147144,1908
2021-10-31,Santa Cruz,087,273765,20387,20218,994,21212,221
2021-10-31,Shasta,089,179085,21405,21086,3552,24638,338
2021-10-31,Sierra,091,2930,184,180,20,200,0
2021-10-31,Siskiyou,093,43540,3335,3271,1268,4539,46
2021-10-31,Solano,095,438530,45953,45310,1249,46559,350
2021-10-31,Sonoma,097,501317,41449,41183,517,41700,395
2021-10-31,Stanislaus,099,539301,78346,78426,8740,87166,1193
2021-10-31,Sutter,101,95872,13861,13838,341,14179,179
2021-10-31,Tehama,103,63373,8505,8391,1463,9854,116
2021-10-31,Trinity,105,12862,856,724,209,933,11
2021-10-31,Tulare,107,460477,68460,67310,14744,82054,1002
2021-10-31,Tuolumne,109,53932,7260,7141,97,7238,90
2021-10-31,Ventura,111,848112,98133,97460,4255,101715,1178
2021-10-31,Yolo,113,214977,19906,19662,1020,20682,250
2021-10-31,Yuba,115,75493,10120,10051,315,10366,83
2021-10-30,Alameda,001,1643700,119258,118632,2719,121351,1419
2021-10-30,Alpine,003,1148,101,105,0,105,0
2021-10-30,Amador,005,37829,5561,5480,58,5538,64
2021-10-30,Butte,007,227075,20951,20516,3799,24315,277
2021-10-30,Calaveras,009,45235,4070,3992,52,4044,82
2021-10-30,Colusa,011,21464,2513,2484,629,3113,19
2021-10-30,Contra Costa,013,1133247,99428,98562,2148,100710,1024
2021-10-30,Del Norte,015,27424,3680,3574,53,3627,42
2021-10-30,El Dorado,017,186661,16058,15752,1692,17444,154
2021-10-30,Fresno,019,978130,139900,136901,12580,149481,2131
2021-10-30,Glenn,021,27897,3493,3442,1007,4449,33
2021-10-30,Humboldt,023,135768,8989,8871,547,9418,105
2021-10-30,Imperial,025,180216,33569,33156,3121,36277,766
2021-10-30,Inyo,027,18085,2348,2249,38,2287,41
2021-10-30,Kern,029,883053,127331,124892,21832,146724,1653
2021-10-30,Kings,031,150075,32190,31578,1892,33470,337
2021-10-30,Lake,033,64148,6739,6610,145,6755,106
2021-10-30,Lassen,035,31185,6852,6719,360,7079,42
2021-10-30,Los Angeles,037,10098052,1439217,1424257,53410,1477667,26625
2021-10-30,Madera,039,155013,23078,22524,2073,24597,283
2021-10-30,Marin,041,260295,17553,17380,442,17822,247
2021-10-30,Mariposa,043,17540,1289,1228,46,1274,5
2021-10-30,Mendocino,045,87422,7512,7338,524,7862,84
2021-10-30,Merced,047,269075,41834,41428,1879,43307,586
2021-10-30,Modoc,049,8938,530,513,186,699,5
2021-10-30,Mono,051,14174,1722,1684,21,1705,3
2021-10-30,Monterey,053,433212,48693,47649,2841,50490,588
2021-10-30,Napa,055,140530,12979,12863,108,12971,101
2021-10-30,Nevada,057,99092,9166,9015,316,9331,91
2021-10-30,Orange,059,3164182,307128,304120,14960,319080,5588
2021-10-30,Placer,061,380077,37094,36400,3600,40000,434
2021-10-30,Plumas,063,18699,1775,1695,33,1728,7
2021-10-30,Riverside,065,2383286,363010,357645,16212,373857,5088
2021-10-30,Sacramento,067,1510023,158743,157125,4503,161628,2233
2021-10-30,San Benito,069,59416,7391,7362,165,7527,71
2021-10-30,San Bernardino,071,2135413,353941,350076,11082,361158,5777
2021-10-30,San Diego,073,3302833,373037,370006,21911,391917,4213
2021-10-30,San Francisco,075,870044,52876,52161,2273,54434,661
2021-10-30,San Joaquin,077,732212,99622,98314,5319,103633,1768
2021-10-30,San Luis Obispo,079,281455,29540,29053,1230,30283,341
2021-10-30,San Mateo,081,765935,54124,53083,853,53936,571
2021-10-30,Santa Barbara,083,443738,44386,43972,1522,45494,528
2021-10-30,Santa Clara,085,1922200,146943,145262,1311,146573,1903
2021-10-30,Santa Cruz,087,273765,20369,20134,992,21126,221
2021-10-30,Shasta,089,179085,21361,20878,3546,24424,332
2021-10-30,Sierra,091,2930,184,175,20,195,0
2021-10-30,Siskiyou,093,43540,3334,3257,1265,4522,46
2021-10-30,Solano,095,438530,45932,45146,1247,46393,346
2021-10-30,Sonoma,097,501317,41410,40924,517,41441,393
2021-10-30,Stanislaus,099,539301,78276,77871,8733,86604,1191
2021-10-30,Sutter,101,95872,13847,13773,341,14114,178
2021-10-30,Tehama,103,63373,8493,8307,1459,9766,114
2021-10-30,Trinity,105,12862,854,708,208,916,11
2021-10-30,Tulare,107,460477,68389,66745,14700,81445,995
2021-10-30,Tuolumne,109,53932,7236,7050,96,7146,90
2021-10-30,Ventura,111,848112,98084,97182,4252,101434,1174
2021-10-30,Yolo,113,214977,19887,19568,1018,20586,250
2021-10-30,Yuba,115,75493,10109,9969,315,10284,82
2021-10-29,Alameda,001,1643700,119179,118632,2714,121346,1419
2021-10-29,Alpine,003,1148,101,105,0,105,0
2021-10-29,Amador,005,37829,5550,5480,58,5538,64
2021-10-29,Butte,007,227075,20926,20516,3788,24304,277
2021-10-29,Calaveras,009,45235,4063,3992,52,4044,82
2021-10-29,Colusa,011,21464,2513,2484,627,3111,19
2021-10-29,Contra Costa,013,1133247,99360,98562,2146,100708,1024
2021-10-29,Del Norte,015,27424,3673,3574,53,3627,42
2021-10-29,El Dorado,017,186661,16044,15752,1692,17444,154
2021-10-29,Fresno,019,978130,139685,136901,12566,149467,2131
2021-10-29,Glenn,021,27897,3492,3442,1006,4448,33
2021-10-29,Humboldt,023,135768,8984,8871,546,9417,105
2021-10-29,Imperial,025,180216,33542,33156,3118,36274,766
2021-10-29,Inyo,027,18085,2345,2249,38,2287,41
2021-10-29,Kern,029,883053,127154,124892,21742,146634,1653
2021-10-29,Kings,031,150075,32156,31578,1890,33468,337
2021-10-29,Lake,033,64148,6730,6610,142,6752,106
2021-10-29,Lassen,035,31185,6843,6719,358,7077,42
2021-10-29,Los Angeles,037,10098052,1438378,1424257,53366,1477623,26625
2021-10-29,Madera,039,155013,23026,22524,2068,24592,283
2021-10-29,Marin,041,260295,17537,17380,441,17821,247
2021-10-29,Mariposa,043,17540,1285,1228,46,1274,5
2021-10-29,Mendocino,045,87422,7504,7338,524,7862,84
2021-10-29,Merced,047,269075,41784,41428,1873,43301,586
2021-10-29,Modoc,049,8938,528,513,185,698,5
2021-10-29,Mono,051,14174,1720,1684,21,1705,3
2021-10-29,Monterey,053,433212,48670,47649,2841,50490,588
2021-10-29,Napa,055,140530,12958,12863,108,12971,101
2021-10-29,Nevada,057,99092,9154,9015,316,9331,91
2021-10-29,Orange,059,3164182,306903,304120,14940,319060,5588
2021-10-29,Placer,061,380077,37058,36400,3590,39990,434
2021-10-29,Plumas,063,18699,1769,1695,33,1728,7
2021-10-29,Riverside,065,2383286,362676,357645,16207,373852,5088
2021-10-29,Sacramento,067,1510023,158554,157125,4494,161619,2233
2021-10-29,San Benito,069,59416,7388,7362,165,7527,71
2021-10-29,San Bernardino,071,2135413,353638,350076,11071,361147,5777
2021-10-29,San Diego,073,3302833,372665,370006,21883,391889,4213
2021-10-29,San Francisco,075,870044,52816,52161,2267,54428,661
2021-10-29,San Joaquin,077,732212,99562,98314,5314,103628,1768
2021-10-29,San Luis Obispo,079,281455,29514,29053,1228,30281,341
2021-10-29,San Mateo,081,765935,54081,53083,851,53934,571
2021-10-29,Santa Barbara,083,443738,44346,43972,1519,45491,528
2021-10-29,Santa Clara,085,1922200,146829,145262,1304,146566,1903
2021-10-29,Santa Cruz,087,273765,20362,20134,991,21125,221
2021-10-29,Shasta,089,179085,21323,20878,3540,24418,332
2021-10-29,Sierra,091,2930,182,175,20,195,0
2021-10-29,Siskiyou,093,43540,3334,3257,1264,4521,46
2021-10-29,Solano,095,438530,45895,45146,1246,46392,346
2021-10-29,Sonoma,097,501317,41389,40924,517,41441,393
2021-10-29,Stanislaus,099,539301,78191,77871,8721,86592,1191
2021-10-29,Sutter,101,95872,13828,13773,341,14114,178
2021-10-29,Tehama,103,63373,8480,8307,1458,9765,114
2021-10-29,Trinity,105,12862,853,708,208,916,11
2021-10-29,Tulare,107,460477,68285,66745,14657,81402,995
2021-10-29,Tuolumne,109,53932,7223,7050,96,7146,90
2021-10-29,Ventura,111,848112,98029,97182,4248,101430,1174
2021-10-29,Yolo,113,214977,19869,19568,1013,20581,250
2021-10-29,Yuba,115,75493,10101,9969,311,10280,82
2021-10-28,Alameda,001,1643700,119056,118632,2707,121339,1419
2021-10-28,Alpine,003,1148,101,105,0,105,0
2021-10-28,Amador,005,37829,5537,5480,58,5538,64
2021-10-28,Butte,007,227075,20883,20516,3776,24292,277
2021-10-28,Calaveras,009,45235,4050,3992,52,4044,82
2021-10-28,Colusa,011,21464,2510,2484,626,3110,19
2021-10-28,Contra Costa,013,1133247,99230,98562,2142,100704,1024
2021-10-28,Del Norte,015,27424,3672,3574,53,3627,42
2021-10-28,El Dorado,017,186661,16017,15752,1689,17441,154
2021-10-28,Fresno,019,978130,139351,136901,12535,149436,2131
2021-10-28,Glenn,021,27897,3489,3442,1004,4446,33
2021-10-28,Humboldt,023,135768,8968,8871,541,9412,105
2021-10-28,Imperial,025,180216,33476,33156,3111,36267,766
2021-10-28,Inyo,027,18085,2328,2249,38,2287,41
2021-10-28,Kern,029,883053,126907,124892,21629,146521,1653
2021-10-28,Kings,031,150075,32087,31578,1885,33463,337
2021-10-28,Lake,033,64148,6720,6610,142,6752,106
2021-10-28,Lassen,035,31185,6834,6719,355,7074,42
2021-10-28,Los Angeles,037,10098052,1437240,1424257,53292,1477549,26625
2021-10-28,Madera,039,155013,22972,22524,2057,24581,283
2021-10-28,Marin,041,260295,17519,17380,440,17820,247
2021-10-28,Mariposa,043,17540,1281,1228,46,1274,5
2021-10-28,Mendocino,045,87422,7491,7338,513,7851,84
2021-10-28,Merced,047,269075,41699,41428,1863,43291,586
2021-10-28,Modoc,049,8938,527,513,185,698,5
2021-10-28,Mono,051,14174,1714,1684,21,1705,3
2021-10-28,Monterey,053,433212,48639,47649,2824,50473,588
2021-10-28,Napa,055,140530,12949,12863,107,12970,101
2021-10-28,Nevada,057,99092,9136,9015,316,9331,91
2021-10-28,Orange,059,3164182,306616,304120,14876,318996,5588
2021-10-28,Placer,061,380077,36979,36400,3581,39981,434
2021-10-28,Plumas,063,18699,1761,1695,33,1728,7
2021-10-28,Riverside,065,2383286,362236,357645,16184,373829,5088
2021-10-28,Sacramento,067,1510023,158288,157125,4483,161608,2233
2021-10-28,San Benito,069,59416,7380,7362,165,7527,71
2021-10-28,San Bernardino,071,2135413,353222,350076,11048,361124,5777
2021-10-28,San Diego,073,3302833,372209,370006,21860,391866,4213
2021-10-28,San Francisco,075,870044,52770,52161,2260,54421,661
2021-10-28,San Joaquin,077,732212,99434,98314,5313,103627,1768
2021-10-28,San Luis Obispo,079,281455,29485,29053,1225,30278,341
2021-10-28,San Mateo,081,765935,54036,53083,849,53932,571
2021-10-28,Santa Barbara,083,443738,44307,43972,1517,45489,528
2021-10-28,Santa Clara,085,1922200,146672,145262,1299,146561,1903
2021-10-28,Santa Cruz,087,273765,20338,20134,991,21125,221
2021-10-28,Shasta,089,179085,21248,20878,3533,24411,332
2021-10-28,Sierra,091,2930,181,175,20,195,0
2021-10-28,Siskiyou,093,43540,3333,3257,1264,4521,46
2021-10-28,Solano,095,438530,45856,45146,1245,46391,346
2021-10-28,Sonoma,097,501317,41321,40924,516,41440,393
2021-10-28,Stanislaus,099,539301,78038,77871,8705,86576,1191
2021-10-28,Sutter,101,95872,13815,13773,337,14110,178
2021-10-28,Tehama,103,63373,8443,8307,1455,9762,114
2021-10-28,Trinity,105,12862,850,708,208,916,11
2021-10-28,Tulare,107,460477,68146,66745,14601,81346,995
2021-10-28,Tuolumne,109,53932,7192,7050,96,7146,90
2021-10-28,Ventura,111,848112,97944,97182,4245,101427,1174
2021-10-28,Yolo,113,214977,19831,19568,1009,20577,250
2021-10-28,Yuba,115,75493,10072,9969,308,10277,82
2021-10-27,Alameda,001,1643700,118933,118487,2705,121192,1414
2021-10-27,Alpine,003,1148,101,105,0,105,0
2021-10-27,Amador,005,37829,5525,5470,57,5527,64
2021-10-27,Butte,007,227075,20838,20446,3761,24207,274
2021-10-27,Calaveras,009,45235,4032,3970,51,4021,82
2021-10-27,Colusa,011,21464,2510,2480,625,3105,18
2021-10-27,Contra Costa,013,1133247,99122,98442,2130,100572,1018
2021-10-27,Del Norte,015,27424,3665,3571,52,3623,42
2021-10-27,El Dorado,017,186661,15986,15723,1684,17407,154
2021-10-27,Fresno,019,978130,138969,136447,12501,148948,2128
2021-10-27,Glenn,021,27897,3487,3435,1003,4438,33
2021-10-27,Humboldt,023,135768,8948,8851,539,9390,105
2021-10-27,Imperial,025,180216,33436,33068,3106,36174,766
2021-10-27,Inyo,027,18085,2308,2236,38,2274,41
2021-10-27,Kern,029,883053,126638,124557,21529,146086,1647
2021-10-27,Kings,031,150075,32021,31437,1879,33316,335
2021-10-27,Lake,033,64148,6694,6589,142,6731,105
2021-10-27,Lassen,035,31185,6821,6706,353,7059,42
2021-10-27,Los Angeles,037,10098052,1436011,1422615,53234,1475849,26604
2021-10-27,Madera,039,155013,22888,22413,2033,24446,283
2021-10-27,Marin,041,260295,17504,17362,440,17802,247
2021-10-27,Mariposa,043,17540,1268,1228,46,1274,5
2021-10-27,Mendocino,045,87422,7477,7321,506,7827,84
2021-10-27,Merced,047,269075,41602,41310,1849,43159,583
2021-10-27,Modoc,049,8938,523,513,185,698,5
2021-10-27,Mono,051,14174,1711,1682,21,1703,3
2021-10-27,Monterey,053,433212,48602,47610,2803,50413,588
2021-10-27,Napa,055,140530,12934,12856,106,12962,101
2021-10-27,Nevada,057,99092,9118,8987,315,9302,90
2021-10-27,Orange,059,3164182,306296,303825,14827,318652,5584
2021-10-27,Placer,061,380077,36914,36296,3574,39870,434
2021-10-27,Plumas,063,18699,1753,1686,33,1719,7
2021-10-27,Riverside,065,2383286,361804,357152,16176,373328,5081
2021-10-27,Sacramento,067,1510023,158020,156830,4462,161292,2230
2021-10-27,San Benito,069,59416,7373,7337,165,7502,71
2021-10-27,San Bernardino,071,2135413,352797,349624,11026,360650,5770
2021-10-27,San Diego,073,3302833,371652,369579,21836,391415,4207
2021-10-27,San Francisco,075,870044,52719,52108,2256,54364,655
2021-10-27,San Joaquin,077,732212,99276,98168,5298,103466,1753
2021-10-27,San Luis Obispo,079,281455,29446,29002,1223,30225,341
2021-10-27,San Mateo,081,765935,53981,53032,841,53873,571
2021-10-27,Santa Barbara,083,443738,44254,43901,1514,45415,527
2021-10-27,Santa Clara,085,1922200,146495,145081,1291,146372,1902
2021-10-27,Santa Cruz,087,273765,20311,20091,989,21080,221
2021-10-27,Shasta,089,179085,21173,20813,3525,24338,331
2021-10-27,Sierra,091,2930,180,176,20,196,0
2021-10-27,Siskiyou,093,43540,3330,3256,1260,4516,46
2021-10-27,Solano,095,438530,45811,45089,1238,46327,346
2021-10-27,Sonoma,097,501317,41245,40829,514,41343,393
2021-10-27,Stanislaus,099,539301,77878,77687,8690,86377,1191
2021-10-27,Sutter,101,95872,13801,13754,337,14091,177
2021-10-27,Tehama,103,63373,8421,8265,1453,9718,113
2021-10-27,Trinity,105,12862,850,706,207,913,11
2021-10-27,Tulare,107,460477,67992,66568,14545,81113,991
2021-10-27,Tuolumne,109,53932,7165,7009,95,7104,90
2021-10-27,Ventura,111,848112,97852,97108,4240,101348,1172
2021-10-27,Yolo,113,214977,19802,19517,1002,20519,250
2021-10-27,Yuba,115,75493,10051,9945,306,10251,82
2021-10-26,Alameda,001,1643700,118797,118360,2703,121063,1407
2021-10-26,Alpine,003,1148,101,105,0,105,0
2021-10-26,Amador,005,37829,5517,5465,56,5521,64
2021-10-26,Butte,007,227075,20778,20387,3744,24131,274
2021-10-26,Calaveras,009,45235,4021,3966,51,4017,81
2021-10-26,Colusa,011,21464,2507,2478,624,3102,18
2021-10-26,Contra Costa,013,1133247,99000,98352,2120,100472,1017
2021-10-26,Del Norte,015,27424,3660,3563,52,3615,42
2021-10-26,El Dorado,017,186661,15957,15690,1675,17365,153
2021-10-26,Fresno,019,978130,138523,136211,12455,148666,2122
2021-10-26,Glenn,021,27897,3473,3431,1000,4431,33
2021-10-26,Humboldt,023,135768,8930,8830,533,9363,105
2021-10-26,Imperial,025,180216,33371,33012,3101,36113,766
2021-10-26,Inyo,027,18085,2293,2200,38,2238,41
2021-10-26,Kern,029,883053,126295,124351,21411,145762,1645
2021-10-26,Kings,031,150075,31954,31382,1872,33254,336
2021-10-26,Lake,033,64148,6684,6584,140,6724,105
2021-10-26,Lassen,035,31185,6800,6689,351,7040,42
2021-10-26,Los Angeles,037,10098052,1434669,1421795,53164,1474959,26599
2021-10-26,Madera,039,155013,22798,22363,2022,24385,283
2021-10-26,Marin,041,260295,17487,17354,439,17793,244
2021-10-26,Mariposa,043,17540,1263,1225,45,1270,5
2021-10-26,Mendocino,045,87422,7448,7308,490,7798,83
2021-10-26,Merced,047,269075,41524,41267,1842,43109,583
2021-10-26,Modoc,049,8938,523,513,185,698,5
2021-10-26,Mono,051,14174,1706,1680,21,1701,3
2021-10-26,Monterey,053,433212,48563,47572,2793,50365,588
2021-10-26,Napa,055,140530,12922,12849,106,12955,101
2021-10-26,Nevada,057,99092,9087,8971,314,9285,90
2021-10-26,Orange,059,3164182,306027,303533,14788,318321,5580
2021-10-26,Placer,061,380077,36817,36245,3568,39813,434
2021-10-26,Plumas,063,18699,1744,1645,33,1678,7
2021-10-26,Riverside,065,2383286,361315,356775,16166,372941,5068
2021-10-26,Sacramento,067,1510023,157719,156643,4445,161088,2228
2021-10-26,San Benito,069,59416,7350,7325,165,7490,71
2021-10-26,San Bernardino,071,2135413,352369,349346,11011,360357,5764
2021-10-26,San Diego,073,3302833,371135,369043,21806,390849,4198
2021-10-26,San Francisco,075,870044,52645,52063,2253,54316,655
2021-10-26,San Joaquin,077,732212,99099,98036,5283,103319,1748
2021-10-26,San Luis Obispo,079,281455,29407,28928,1217,30145,337
2021-10-26,San Mateo,081,765935,53909,52974,838,53812,571
2021-10-26,Santa Barbara,083,443738,44208,43835,1513,45348,525
2021-10-26,Santa Clara,085,1922200,146295,144932,1285,146217,1903
2021-10-26,Santa Cruz,087,273765,20280,20067,989,21056,221
2021-10-26,Shasta,089,179085,21112,20725,3507,24232,330
2021-10-26,Sierra,091,2930,180,169,20,189,0
2021-10-26,Siskiyou,093,43540,3324,3254,1258,4512,46
2021-10-26,Solano,095,438530,45755,45044,1237,46281,344
2021-10-26,Sonoma,097,501317,41163,40794,512,41306,393
2021-10-26,Stanislaus,099,539301,77704,77552,8665,86217,1157
2021-10-26,Sutter,101,95872,13772,13739,336,14075,176
2021-10-26,Tehama,103,63373,8393,8247,1448,9695,112
2021-10-26,Trinity,105,12862,846,705,207,912,11
2021-10-26,Tulare,107,460477,67832,66476,14488,80964,991
2021-10-26,Tuolumne,109,53932,7139,6995,93,7088,90
2021-10-26,Ventura,111,848112,97743,97014,4237,101251,1170
2021-10-26,Yolo,113,214977,19773,19490,999,20489,248
2021-10-26,Yuba,115,75493,10033,9927,301,10228,82
2021-10-25,Alameda,001,1643700,118653,118319,2702,121021,1404
2021-10-25,Alpine,003,1148,101,105,0,105,0
2021-10-25,Amador,005,37829,5503,5455,56,5511,64
2021-10-25,Butte,007,227075,20705,20331,3736,24067,273
2021-10-25,Calaveras,009,45235,3991,3942,50,3992,82
2021-10-25,Colusa,011,21464,2505,2471,622,3093,18
2021-10-25,Contra Costa,013,1133247,98883,98267,2116,100383,1017
2021-10-25,Del Norte,015,27424,3653,3562,52,3614,42
2021-10-25,El Dorado,017,186661,15922,15663,1673,17336,149
2021-10-25,Fresno,019,978130,138089,135974,12419,148393,2112
2021-10-25,Glenn,021,27897,3470,3421,999,4420,33
2021-10-25,Humboldt,023,135768,8907,8825,528,9353,105
2021-10-25,Imperial,025,180216,33310,32968,3090,36058,766
2021-10-25,Inyo,027,18085,2275,2183,38,2221,41
2021-10-25,Kern,029,883053,125943,124078,21272,145350,1649
2021-10-25,Kings,031,150075,31865,31329,1863,33192,335
2021-10-25,Lake,033,64148,6670,6571,140,6711,105
2021-10-25,Lassen,035,31185,6789,6688,349,7037,42
2021-10-25,Los Angeles,037,10098052,1433314,1421061,53098,1474159,26579
2021-10-25,Madera,039,155013,22744,22325,2015,24340,281
2021-10-25,Marin,041,260295,17465,17334,437,17771,244
2021-10-25,Mariposa,043,17540,1249,1220,45,1265,5
2021-10-25,Mendocino,045,87422,7419,7296,486,7782,82
2021-10-25,Merced,047,269075,41456,41207,1815,43022,583
2021-10-25,Modoc,049,8938,521,512,183,695,5
2021-10-25,Mono,051,14174,1698,1677,21,1698,3
2021-10-25,Monterey,053,433212,48530,47547,2791,50338,587
2021-10-25,Napa,055,140530,12909,12841,106,12947,100
2021-10-25,Nevada,057,99092,9061,8958,314,9272,90
2021-10-25,Orange,059,3164182,305729,303279,14751,318030,5574
2021-10-25,Placer,061,380077,36709,36153,3558,39711,431
2021-10-25,Plumas,063,18699,1732,1641,33,1674,7
2021-10-25,Riverside,065,2383286,360886,356381,16151,372532,5056
2021-10-25,Sacramento,067,1510023,157415,156516,4422,160938,2235
2021-10-25,San Benito,069,59416,7337,7314,164,7478,71
2021-10-25,San Bernardino,071,2135413,351861,349075,10999,360074,5748
2021-10-25,San Diego,073,3302833,370566,368386,21778,390164,4196
2021-10-25,San Francisco,075,870044,52572,52041,2247,54288,649
2021-10-25,San Joaquin,077,732212,98897,97980,5274,103254,1740
2021-10-25,San Luis Obispo,079,281455,29359,28907,1212,30119,336
2021-10-25,San Mateo,081,765935,53848,52927,834,53761,571
2021-10-25,Santa Barbara,083,443738,44149,43775,1513,45288,525
2021-10-25,Santa Clara,085,1922200,146104,144895,1280,146175,1901
2021-10-25,Santa Cruz,087,273765,20251,20053,988,21041,221
2021-10-25,Shasta,089,179085,21040,20666,3500,24166,326
2021-10-25,Sierra,091,2930,180,168,20,188,0
2021-10-25,Siskiyou,093,43540,3320,3248,1253,4501,46
2021-10-25,Solano,095,438530,45694,45022,1235,46257,344
2021-10-25,Sonoma,097,501317,41090,40746,510,41256,393
2021-10-25,Stanislaus,099,539301,77512,77452,8637,86089,1145
2021-10-25,Sutter,101,95872,13758,13721,333,14054,176
2021-10-25,Tehama,103,63373,8366,8224,1444,9668,111
2021-10-25,Trinity,105,12862,841,699,206,905,11
2021-10-25,Tulare,107,460477,67637,66357,14426,80783,986
2021-10-25,Tuolumne,109,53932,7105,6952,92,7044,90
2021-10-25,Ventura,111,848112,97652,96932,4234,101166,1167
2021-10-25,Yolo,113,214977,19724,19457,995,20452,248
2021-10-25,Yuba,115,75493,10017,9924,297,10221,82
2021-10-24,Alameda,001,1643700,118521,117816,2697,120513,1397
2021-10-24,Alpine,003,1148,101,105,0,105,0
2021-10-24,Amador,005,37829,5498,5412,56,5468,64
2021-10-24,Butte,007,227075,20633,20101,3724,23825,273
2021-10-24,Calaveras,009,45235,3972,3865,49,3914,81
2021-10-24,Colusa,011,21464,2501,2458,619,3077,18
2021-10-24,Contra Costa,013,1133247,98765,97855,2107,99962,1008
2021-10-24,Del Norte,015,27424,3649,3540,52,3592,42
2021-10-24,El Dorado,017,186661,15886,15540,1669,17209,149
2021-10-24,Fresno,019,978130,137653,134466,12369,146835,2094
2021-10-24,Glenn,021,27897,3462,3399,997,4396,33
2021-10-24,Humboldt,023,135768,8894,8753,522,9275,105
2021-10-24,Imperial,025,180216,33232,32777,3084,35861,766
2021-10-24,Inyo,027,18085,2243,2108,38,2146,41
2021-10-24,Kern,029,883053,125609,122939,21156,144095,1636
2021-10-24,Kings,031,150075,31736,30942,1848,32790,325
2021-10-24,Lake,033,64148,6647,6501,139,6640,105
2021-10-24,Lassen,035,31185,6772,6632,348,6980,27
2021-10-24,Los Angeles,037,10098052,1431879,1415919,53030,1468949,26527
2021-10-24,Madera,039,155013,22667,22062,2003,24065,281
2021-10-24,Marin,041,260295,17449,17264,436,17700,244
2021-10-24,Mariposa,043,17540,1246,1184,45,1229,5
2021-10-24,Mendocino,045,87422,7395,7220,476,7696,82
2021-10-24,Merced,047,269075,41335,40808,1809,42617,581
2021-10-24,Modoc,049,8938,520,507,183,690,5
2021-10-24,Mono,051,14174,1693,1655,21,1676,3
2021-10-24,Monterey,053,433212,48482,47456,2781,50237,586
2021-10-24,Napa,055,140530,12898,12789,106,12895,100
2021-10-24,Nevada,057,99092,9038,8861,311,9172,90
2021-10-24,Orange,059,3164182,305379,302237,14714,316951,5546
2021-10-24,Placer,061,380077,36605,35822,3544,39366,426
2021-10-24,Plumas,063,18699,1722,1623,32,1655,7
2021-10-24,Riverside,065,2383286,360412,354688,16131,370819,5041
2021-10-24,Sacramento,067,1510023,157074,155125,4399,159524,2232
2021-10-24,San Benito,069,59416,7317,7280,164,7444,71
2021-10-24,San Bernardino,071,2135413,351303,347681,10987,358668,5688
2021-10-24,San Diego,073,3302833,369983,366085,21747,387832,4183
2021-10-24,San Francisco,075,870044,52509,51820,2241,54061,649
2021-10-24,San Joaquin,077,732212,98722,97440,5268,102708,1721
2021-10-24,San Luis Obispo,079,281455,29298,28755,1205,29960,333
2021-10-24,San Mateo,081,765935,53776,52719,834,53553,571
2021-10-24,Santa Barbara,083,443738,44082,43552,1511,45063,523
2021-10-24,Santa Clara,085,1922200,145913,144276,1270,145546,1897
2021-10-24,Santa Cruz,087,273765,20213,19967,987,20954,221
2021-10-24,Shasta,089,179085,20942,20386,3494,23880,321
2021-10-24,Sierra,091,2930,180,168,20,188,0
2021-10-24,Siskiyou,093,43540,3313,3231,1249,4480,46
2021-10-24,Solano,095,438530,45644,44861,1230,46091,341
2021-10-24,Sonoma,097,501317,41007,40476,510,40986,393
2021-10-24,Stanislaus,099,539301,77321,76812,8626,85438,1145
2021-10-24,Sutter,101,95872,13731,13616,325,13941,175
2021-10-24,Tehama,103,63373,8318,8105,1433,9538,110
2021-10-24,Trinity,105,12862,837,696,204,900,11
2021-10-24,Tulare,107,460477,67464,65585,14355,79940,978
2021-10-24,Tuolumne,109,53932,7065,6840,90,6930,90
2021-10-24,Ventura,111,848112,97545,96664,4233,100897,1167
2021-10-24,Yolo,113,214977,19675,19280,993,20273,248
2021-10-24,Yuba,115,75493,9993,9838,296,10134,82
2021-10-23,Alameda,001,1643700,118433,117816,2692,120508,1397
2021-10-23,Alpine,003,1148,101,105,0,105,0
2021-10-23,Amador,005,37829,5491,5412,56,5468,64
2021-10-23,Butte,007,227075,20596,20101,3716,23817,273
2021-10-23,Calaveras,009,45235,3965,3865,48,3913,81
2021-10-23,Colusa,011,21464,2499,2458,618,3076,18
2021-10-23,Contra Costa,013,1133247,98713,97855,2103,99958,1008
2021-10-23,Del Norte,015,27424,3647,3540,52,3592,42
2021-10-23,El Dorado,017,186661,15860,15540,1667,17207,149
2021-10-23,Fresno,019,978130,137475,134466,12356,146822,2094
2021-10-23,Glenn,021,27897,3460,3399,996,4395,33
2021-10-23,Humboldt,023,135768,8880,8753,517,9270,105
2021-10-23,Imperial,025,180216,33185,32777,3080,35857,766
2021-10-23,Inyo,027,18085,2232,2108,38,2146,41
2021-10-23,Kern,029,883053,125449,122939,21069,144008,1636
2021-10-23,Kings,031,150075,31690,30942,1846,32788,325
2021-10-23,Lake,033,64148,6642,6501,139,6640,105
2021-10-23,Lassen,035,31185,6769,6632,346,6978,27
2021-10-23,Los Angeles,037,10098052,1431197,1415919,52976,1468895,26527
2021-10-23,Madera,039,155013,22618,22062,1995,24057,281
2021-10-23,Marin,041,260295,17432,17264,436,17700,244
2021-10-23,Mariposa,043,17540,1243,1184,44,1228,5
2021-10-23,Mendocino,045,87422,7388,7220,475,7695,82
2021-10-23,Merced,047,269075,41294,40808,1804,42612,581
2021-10-23,Modoc,049,8938,518,507,183,690,5
2021-10-23,Mono,051,14174,1687,1655,21,1676,3
2021-10-23,Monterey,053,433212,48465,47456,2777,50233,586
2021-10-23,Napa,055,140530,12893,12789,106,12895,100
2021-10-23,Nevada,057,99092,9027,8861,309,9170,90
2021-10-23,Orange,059,3164182,305192,302237,14699,316936,5546
2021-10-23,Placer,061,380077,36543,35822,3538,39360,426
2021-10-23,Plumas,063,18699,1721,1623,32,1655,7
2021-10-23,Riverside,065,2383286,360091,354688,16124,370812,5041
2021-10-23,Sacramento,067,1510023,156945,155125,4391,159516,2232
2021-10-23,San Benito,069,59416,7307,7280,164,7444,71
2021-10-23,San Bernardino,071,2135413,351032,347681,10979,358660,5688
2021-10-23,San Diego,073,3302833,369642,366085,21716,387801,4183
2021-10-23,San Francisco,075,870044,52473,51820,2240,54060,649
2021-10-23,San Joaquin,077,732212,98654,97440,5259,102699,1721
2021-10-23,San Luis Obispo,079,281455,29261,28755,1203,29958,333
2021-10-23,San Mateo,081,765935,53738,52719,833,53552,571
2021-10-23,Santa Barbara,083,443738,44051,43552,1509,45061,523
2021-10-23,Santa Clara,085,1922200,145805,144276,1266,145542,1897
2021-10-23,Santa Cruz,087,273765,20201,19967,987,20954,221
2021-10-23,Shasta,089,179085,20906,20386,3482,23868,321
2021-10-23,Sierra,091,2930,179,168,20,188,0
2021-10-23,Siskiyou,093,43540,3311,3231,1249,4480,46
2021-10-23,Solano,095,438530,45619,44861,1227,46088,341
2021-10-23,Sonoma,097,501317,40967,40476,510,40986,393
2021-10-23,Stanislaus,099,539301,77232,76812,8606,85418,1145
2021-10-23,Sutter,101,95872,13725,13616,324,13940,175
2021-10-23,Tehama,103,63373,8306,8105,1432,9537,110
2021-10-23,Trinity,105,12862,836,696,204,900,11
2021-10-23,Tulare,107,460477,67376,65585,14296,79881,978
2021-10-23,Tuolumne,109,53932,7044,6840,90,6930,90
2021-10-23,Ventura,111,848112,97484,96664,4233,100897,1167
2021-10-23,Yolo,113,214977,19658,19280,990,20270,248
2021-10-23,Yuba,115,75493,9984,9838,296,10134,82
2021-10-22,Alameda,001,1643700,118351,117816,2689,120505,1397
2021-10-22,Alpine,003,1148,101,105,0,105,0
2021-10-22,Amador,005,37829,5480,5412,56,5468,64
2021-10-22,Butte,007,227075,20564,20101,3712,23813,273
2021-10-22,Calaveras,009,45235,3957,3865,48,3913,81
2021-10-22,Colusa,011,21464,2496,2458,618,3076,18
2021-10-22,Contra Costa,013,1133247,98622,97855,2101,99956,1008
2021-10-22,Del Norte,015,27424,3643,3540,52,3592,42
2021-10-22,El Dorado,017,186661,15847,15540,1665,17205,149
2021-10-22,Fresno,019,978130,137260,134466,12334,146800,2094
2021-10-22,Glenn,021,27897,3450,3399,996,4395,33
2021-10-22,Humboldt,023,135768,8866,8753,516,9269,105
2021-10-22,Imperial,025,180216,33141,32777,3080,35857,766
2021-10-22,Inyo,027,18085,2219,2108,38,2146,41
2021-10-22,Kern,029,883053,125262,122939,20996,143935,1636
2021-10-22,Kings,031,150075,31655,30942,1845,32787,325
2021-10-22,Lake,033,64148,6632,6501,139,6640,105
2021-10-22,Lassen,035,31185,6762,6632,343,6975,27
2021-10-22,Los Angeles,037,10098052,1430433,1415919,52917,1468836,26527
2021-10-22,Madera,039,155013,22568,22062,1983,24045,281
2021-10-22,Marin,041,260295,17420,17264,436,17700,244
2021-10-22,Mariposa,043,17540,1240,1184,44,1228,5
2021-10-22,Mendocino,045,87422,7374,7220,474,7694,82
2021-10-22,Merced,047,269075,41257,40808,1797,42605,581
2021-10-22,Modoc,049,8938,518,507,183,690,5
2021-10-22,Mono,051,14174,1685,1655,21,1676,3
2021-10-22,Monterey,053,433212,48432,47456,2775,50231,586
2021-10-22,Napa,055,140530,12887,12789,106,12895,100
2021-10-22,Nevada,057,99092,9010,8861,308,9169,90
2021-10-22,Orange,059,3164182,304976,302237,14669,316906,5546
2021-10-22,Placer,061,380077,36515,35822,3529,39351,426
2021-10-22,Plumas,063,18699,1715,1623,32,1655,7
2021-10-22,Riverside,065,2383286,359780,354688,16119,370807,5041
2021-10-22,Sacramento,067,1510023,156758,155125,4382,159507,2232
2021-10-22,San Benito,069,59416,7302,7280,164,7444,71
2021-10-22,San Bernardino,071,2135413,350702,347681,10964,358645,5688
2021-10-22,San Diego,073,3302833,369244,366085,21698,387783,4183
2021-10-22,San Francisco,075,870044,52437,51820,2233,54053,649
2021-10-22,San Joaquin,077,732212,98595,97440,5256,102696,1721
2021-10-22,San Luis Obispo,079,281455,29231,28755,1203,29958,333
2021-10-22,San Mateo,081,765935,53687,52719,827,53546,571
2021-10-22,Santa Barbara,083,443738,44010,43552,1509,45061,523
2021-10-22,Santa Clara,085,1922200,145649,144276,1259,145535,1897
2021-10-22,Santa Cruz,087,273765,20179,19967,987,20954,221
2021-10-22,Shasta,089,179085,20873,20386,3479,23865,321
2021-10-22,Sierra,091,2930,178,168,19,187,0
2021-10-22,Siskiyou,093,43540,3309,3231,1246,4477,46
2021-10-22,Solano,095,438530,45584,44861,1223,46084,341
2021-10-22,Sonoma,097,501317,40910,40476,510,40986,393
2021-10-22,Stanislaus,099,539301,77129,76812,8589,85401,1145
2021-10-22,Sutter,101,95872,13710,13616,324,13940,175
2021-10-22,Tehama,103,63373,8284,8105,1427,9532,110
2021-10-22,Trinity,105,12862,835,696,204,900,11
2021-10-22,Tulare,107,460477,67290,65585,14243,79828,978
2021-10-22,Tuolumne,109,53932,7009,6840,90,6930,90
2021-10-22,Ventura,111,848112,97431,96664,4227,100891,1167
2021-10-22,Yolo,113,214977,19631,19280,988,20268,248
2021-10-22,Yuba,115,75493,9970,9838,294,10132,82
2021-10-21,Alameda,001,1643700,118236,117816,2683,120499,1397
2021-10-21,Alpine,003,1148,101,105,0,105,0
2021-10-21,Amador,005,37829,5472,5412,56,5468,64
2021-10-21,Butte,007,227075,20480,20101,3698,23799,273
2021-10-21,Calaveras,009,45235,3938,3865,48,3913,81
2021-10-21,Colusa,011,21464,2492,2458,614,3072,18
2021-10-21,Contra Costa,013,1133247,98505,97855,2096,99951,1008
2021-10-21,Del Norte,015,27424,3637,3540,51,3591,42
2021-10-21,El Dorado,017,186661,15818,15540,1658,17198,149
2021-10-21,Fresno,019,978130,136909,134466,12289,146755,2094
2021-10-21,Glenn,021,27897,3446,3399,993,4392,33
2021-10-21,Humboldt,023,135768,8852,8753,512,9265,105
2021-10-21,Imperial,025,180216,33086,32777,3076,35853,766
2021-10-21,Inyo,027,18085,2197,2108,38,2146,41
2021-10-21,Kern,029,883053,125015,122939,20887,143826,1636
2021-10-21,Kings,031,150075,31557,30942,1839,32781,325
2021-10-21,Lake,033,64148,6618,6501,138,6639,105
2021-10-21,Lassen,035,31185,6749,6632,339,6971,27
2021-10-21,Los Angeles,037,10098052,1429313,1415919,52868,1468787,26527
2021-10-21,Madera,039,155013,22510,22062,1973,24035,281
2021-10-21,Marin,041,260295,17402,17264,436,17700,244
2021-10-21,Mariposa,043,17540,1234,1184,43,1227,5
2021-10-21,Mendocino,045,87422,7356,7220,467,7687,82
2021-10-21,Merced,047,269075,41160,40808,1786,42594,581
2021-10-21,Modoc,049,8938,518,507,183,690,5
2021-10-21,Mono,051,14174,1676,1655,21,1676,3
2021-10-21,Monterey,053,433212,48397,47456,2764,50220,586
2021-10-21,Napa,055,140530,12875,12789,106,12895,100
2021-10-21,Nevada,057,99092,8985,8861,308,9169,90
2021-10-21,Orange,059,3164182,304704,302237,14633,316870,5546
2021-10-21,Placer,061,380077,36426,35822,3516,39338,426
2021-10-21,Plumas,063,18699,1701,1623,32,1655,7
2021-10-21,Riverside,065,2383286,359333,354688,16109,370797,5041
2021-10-21,Sacramento,067,1510023,156438,155125,4356,159481,2232
2021-10-21,San Benito,069,59416,7295,7280,162,7442,71
2021-10-21,San Bernardino,071,2135413,350322,347681,10930,358611,5688
2021-10-21,San Diego,073,3302833,368732,366085,21668,387753,4183
2021-10-21,San Francisco,075,870044,52382,51820,2232,54052,649
2021-10-21,San Joaquin,077,732212,98456,97440,5249,102689,1721
2021-10-21,San Luis Obispo,079,281455,29189,28755,1201,29956,333
2021-10-21,San Mateo,081,765935,53640,52719,826,53545,571
2021-10-21,Santa Barbara,083,443738,43944,43552,1507,45059,523
2021-10-21,Santa Clara,085,1922200,145478,144276,1255,145531,1897
2021-10-21,Santa Cruz,087,273765,20155,19967,985,20952,221
2021-10-21,Shasta,089,179085,20812,20386,3464,23850,321
2021-10-21,Sierra,091,2930,177,168,18,186,0
2021-10-21,Siskiyou,093,43540,3304,3231,1244,4475,46
2021-10-21,Solano,095,438530,45532,44861,1221,46082,341
2021-10-21,Sonoma,097,501317,40841,40476,508,40984,393
2021-10-21,Stanislaus,099,539301,76960,76812,8578,85390,1145
2021-10-21,Sutter,101,95872,13682,13616,320,13936,175
2021-10-21,Tehama,103,63373,8257,8105,1420,9525,110
2021-10-21,Trinity,105,12862,833,696,204,900,11
2021-10-21,Tulare,107,460477,67101,65585,14174,79759,978
2021-10-21,Tuolumne,109,53932,6971,6840,89,6929,90
2021-10-21,Ventura,111,848112,97340,96664,4225,100889,1167
2021-10-21,Yolo,113,214977,19584,19280,986,20266,248
2021-10-21,Yuba,115,75493,9946,9838,293,10131,82
2021-10-20,Alameda,001,1643700,118116,117654,2683,120337,1390
2021-10-20,Alpine,003,1148,101,103,0,103,0
2021-10-20,Amador,005,37829,5464,5379,56,5435,64
2021-10-20,Butte,007,227075,20424,20021,3682,23703,270
2021-10-20,Calaveras,009,45235,3918,3844,47,3891,81
2021-10-20,Colusa,011,21464,2488,2454,612,3066,18
2021-10-20,Contra Costa,013,1133247,98389,97721,2092,99813,1008
2021-10-20,Del Norte,015,27424,3633,3536,51,3587,42
2021-10-20,El Dorado,017,186661,15789,15502,1655,17157,149
2021-10-20,Fresno,019,978130,136507,134025,12252,146277,2084
2021-10-20,Glenn,021,27897,3438,3382,992,4374,33
2021-10-20,Humboldt,023,135768,8830,8727,510,9237,105
2021-10-20,Imperial,025,180216,33012,32705,3068,35773,766
2021-10-20,Inyo,027,18085,2178,2077,37,2114,40
2021-10-20,Kern,029,883053,124721,122630,20768,143398,1623
2021-10-20,Kings,031,150075,31480,30805,1829,32634,322
2021-10-20,Lake,033,64148,6596,6475,137,6612,104
2021-10-20,Lassen,035,31185,6734,6622,339,6961,27
2021-10-20,Los Angeles,037,10098052,1428195,1414931,52798,1467729,26506
2021-10-20,Madera,039,155013,22440,21983,1964,23947,281
2021-10-20,Marin,041,260295,17381,17250,434,17684,244
2021-10-20,Mariposa,043,17540,1227,1174,43,1217,5
2021-10-20,Mendocino,045,87422,7328,7189,464,7653,82
2021-10-20,Merced,047,269075,41079,40685,1770,42455,581
2021-10-20,Modoc,049,8938,518,504,183,687,5
2021-10-20,Mono,051,14174,1676,1653,21,1674,3
2021-10-20,Monterey,053,433212,48365,47430,2755,50185,587
2021-10-20,Napa,055,140530,12861,12773,105,12878,100
2021-10-20,Nevada,057,99092,8957,8836,308,9144,90
2021-10-20,Orange,059,3164182,304418,301957,14611,316568,5534
2021-10-20,Placer,061,380077,36337,35729,3507,39236,425
2021-10-20,Plumas,063,18699,1694,1604,32,1636,7
2021-10-20,Riverside,065,2383286,358889,354311,16092,370403,5030
2021-10-20,Sacramento,067,1510023,156139,154822,4333,159155,2222
2021-10-20,San Benito,069,59416,7292,7275,160,7435,71
2021-10-20,San Bernardino,071,2135413,349921,347217,10899,358116,5663
2021-10-20,San Diego,073,3302833,368223,365698,21649,387347,4178
2021-10-20,San Francisco,075,870044,52333,51755,2231,53986,646
2021-10-20,San Joaquin,077,732212,98311,97246,5241,102487,1721
2021-10-20,San Luis Obispo,079,281455,29143,28727,1197,29924,332
2021-10-20,San Mateo,081,765935,53569,52663,818,53481,571
2021-10-20,Santa Barbara,083,443738,43881,43489,1506,44995,523
2021-10-20,Santa Clara,085,1922200,145343,144124,1250,145374,1896
2021-10-20,Santa Cruz,087,273765,20142,19951,985,20936,219
2021-10-20,Shasta,089,179085,20750,20313,3437,23750,320
2021-10-20,Sierra,091,2930,177,168,18,186,0
2021-10-20,Siskiyou,093,43540,3304,3224,1238,4462,46
2021-10-20,Solano,095,438530,45500,44819,1219,46038,341
2021-10-20,Sonoma,097,501317,40794,40404,508,40912,393
2021-10-20,Stanislaus,099,539301,76810,76631,8559,85190,1145
2021-10-20,Sutter,101,95872,13658,13592,314,13906,175
2021-10-20,Tehama,103,63373,8226,8081,1409,9490,110
2021-10-20,Trinity,105,12862,833,693,203,896,11
2021-10-20,Tulare,107,460477,66925,65413,14130,79543,967
2021-10-20,Tuolumne,109,53932,6948,6803,89,6892,89
2021-10-20,Ventura,111,848112,97258,96610,4221,100831,1166
2021-10-20,Yolo,113,214977,19539,19236,984,20220,248
2021-10-20,Yuba,115,75493,9929,9808,290,10098,82
2021-10-19,Alameda,001,1643700,117994,117542,2677,120219,1383
2021-10-19,Alpine,003,1148,101,103,0,103,0
2021-10-19,Amador,005,37829,5448,5367,56,5423,64
2021-10-19,Butte,007,227075,20371,19974,3674,23648,268
2021-10-19,Calaveras,009,45235,3901,3826,46,3872,80
2021-10-19,Colusa,011,21464,2485,2447,610,3057,18
2021-10-19,Contra Costa,013,1133247,98298,97613,2087,99700,1004
2021-10-19,Del Norte,015,27424,3626,3531,51,3582,42
2021-10-19,El Dorado,017,186661,15764,15478,1650,17128,149
2021-10-19,Fresno,019,978130,136143,133813,12204,146017,2073
2021-10-19,Glenn,021,27897,3435,3380,990,4370,33
2021-10-19,Humboldt,023,135768,8806,8714,504,9218,105
2021-10-19,Imperial,025,180216,32946,32632,3064,35696,764
2021-10-19,Inyo,027,18085,2147,2045,37,2082,40
2021-10-19,Kern,029,883053,124404,122391,20644,143035,1613
2021-10-19,Kings,031,150075,31387,30757,1822,32579,322
2021-10-19,Lake,033,64148,6592,6465,137,6602,104
2021-10-19,Lassen,035,31185,6728,6612,335,6947,27
2021-10-19,Los Angeles,037,10098052,1426948,1413882,52725,1466607,26473
2021-10-19,Madera,039,155013,22377,21950,1956,23906,281
2021-10-19,Marin,041,260295,17367,17241,431,17672,244
2021-10-19,Mariposa,043,17540,1221,1171,41,1212,5
2021-10-19,Mendocino,045,87422,7313,7172,461,7633,82
2021-10-19,Merced,047,269075,40964,40628,1749,42377,580
2021-10-19,Modoc,049,8938,516,502,183,685,5
2021-10-19,Mono,051,14174,1672,1651,21,1672,3
2021-10-19,Monterey,053,433212,48328,47412,2744,50156,583
2021-10-19,Napa,055,140530,12854,12769,105,12874,100
2021-10-19,Nevada,057,99092,8936,8829,307,9136,90
2021-10-19,Orange,059,3164182,304161,301700,14578,316278,5527
2021-10-19,Placer,061,380077,36216,35663,3492,39155,422
2021-10-19,Plumas,063,18699,1676,1586,32,1618,8
2021-10-19,Riverside,065,2383286,358468,353891,16085,369976,5020
2021-10-19,Sacramento,067,1510023,155832,154570,4307,158877,2227
2021-10-19,San Benito,069,59416,7277,7264,160,7424,71
2021-10-19,San Bernardino,071,2135413,349518,346814,10870,357684,5627
2021-10-19,San Diego,073,3302833,367642,365285,21618,386903,4170
2021-10-19,San Francisco,075,870044,52270,51704,2229,53933,645
2021-10-19,San Joaquin,077,732212,98145,97105,5230,102335,1721
2021-10-19,San Luis Obispo,079,281455,29095,28670,1194,29864,332
2021-10-19,San Mateo,081,765935,53511,52617,816,53433,571
2021-10-19,Santa Barbara,083,443738,43814,43413,1505,44918,522
2021-10-19,Santa Clara,085,1922200,145170,143989,1243,145232,1898
2021-10-19,Santa Cruz,087,273765,20118,19895,983,20878,218
2021-10-19,Shasta,089,179085,20674,20209,3429,23638,319
2021-10-19,Sierra,091,2930,174,168,18,186,0
2021-10-19,Siskiyou,093,43540,3300,3216,1233,4449,46
2021-10-19,Solano,095,438530,45459,44782,1213,45995,341
2021-10-19,Sonoma,097,501317,40720,40379,507,40886,392
2021-10-19,Stanislaus,099,539301,76668,76526,8547,85073,1145
2021-10-19,Sutter,101,95872,13634,13569,313,13882,174
2021-10-19,Tehama,103,63373,8196,8057,1393,9450,108
2021-10-19,Trinity,105,12862,826,691,203,894,11
2021-10-19,Tulare,107,460477,66738,65253,14062,79315,958
2021-10-19,Tuolumne,109,53932,6919,6782,88,6870,89
2021-10-19,Ventura,111,848112,97182,96539,4216,100755,1166
2021-10-19,Yolo,113,214977,19493,19206,980,20186,248
2021-10-19,Yuba,115,75493,9911,9796,289,10085,82
2021-10-18,Alameda,001,1643700,117857,117506,2667,120173,1381
2021-10-18,Alpine,003,1148,101,103,0,103,0
2021-10-18,Amador,005,37829,5437,5345,56,5401,64
2021-10-18,Butte,007,227075,20320,19921,3662,23583,265
2021-10-18,Calaveras,009,45235,3876,3819,45,3864,80
2021-10-18,Colusa,011,21464,2484,2444,608,3052,18
2021-10-18,Contra Costa,013,1133247,98186,97585,2083,99668,995
2021-10-18,Del Norte,015,27424,3619,3529,51,3580,41
2021-10-18,El Dorado,017,186661,15734,15452,1648,17100,149
2021-10-18,Fresno,019,978130,135741,133688,12162,145850,2063
2021-10-18,Glenn,021,27897,3431,3370,986,4356,32
2021-10-18,Humboldt,023,135768,8786,8699,496,9195,104
2021-10-18,Imperial,025,180216,32855,32558,3064,35622,764
2021-10-18,Inyo,027,18085,2129,2020,37,2057,40
2021-10-18,Kern,029,883053,124105,122231,20550,142781,1605
2021-10-18,Kings,031,150075,31273,30698,1809,32507,320
2021-10-18,Lake,033,64148,6573,6455,133,6588,104
2021-10-18,Lassen,035,31185,6708,6607,332,6939,26
2021-10-18,Los Angeles,037,10098052,1425703,1413291,52649,1465940,26446
2021-10-18,Madera,039,155013,22323,21909,1943,23852,277
2021-10-18,Marin,041,260295,17347,17232,428,17660,244
2021-10-18,Mariposa,043,17540,1213,1160,41,1201,5
2021-10-18,Mendocino,045,87422,7294,7156,453,7609,82
2021-10-18,Merced,047,269075,40841,40573,1739,42312,579
2021-10-18,Modoc,049,8938,516,498,183,681,5
2021-10-18,Mono,051,14174,1666,1648,20,1668,3
2021-10-18,Monterey,053,433212,48306,47389,2739,50128,583
2021-10-18,Napa,055,140530,12839,12762,105,12867,100
2021-10-18,Nevada,057,99092,8917,8816,307,9123,90
2021-10-18,Orange,059,3164182,303822,301573,14543,316116,5524
2021-10-18,Placer,061,380077,36139,35598,3488,39086,420
2021-10-18,Plumas,063,18699,1668,1579,32,1611,6
2021-10-18,Riverside,065,2383286,358052,353699,16071,369770,5008
2021-10-18,Sacramento,067,1510023,155527,154428,4277,158705,2203
2021-10-18,San Benito,069,59416,7265,7253,160,7413,71
2021-10-18,San Bernardino,071,2135413,349098,346742,10856,357598,5606
2021-10-18,San Diego,073,3302833,367086,364948,21580,386528,4169
2021-10-18,San Francisco,075,870044,52207,51671,2223,53894,644
2021-10-18,San Joaquin,077,732212,97980,97041,5220,102261,1721
2021-10-18,San Luis Obispo,079,281455,29056,28644,1191,29835,331
2021-10-18,San Mateo,081,765935,53446,52594,815,53409,571
2021-10-18,Santa Barbara,083,443738,43755,43386,1503,44889,522
2021-10-18,Santa Clara,085,1922200,145015,143891,1235,145126,1895
2021-10-18,Santa Cruz,087,273765,20104,19876,981,20857,218
2021-10-18,Shasta,089,179085,20594,20146,3418,23564,313
2021-10-18,Sierra,091,2930,174,166,18,184,0
2021-10-18,Siskiyou,093,43540,3297,3210,1225,4435,42
2021-10-18,Solano,095,438530,45415,44758,1210,45968,339
2021-10-18,Sonoma,097,501317,40656,40349,504,40853,392
2021-10-18,Stanislaus,099,539301,76503,76466,8533,84999,1145
2021-10-18,Sutter,101,95872,13600,13557,311,13868,172
2021-10-18,Tehama,103,63373,8161,8042,1381,9423,107
2021-10-18,Trinity,105,12862,825,688,203,891,11
2021-10-18,Tulare,107,460477,66563,65171,13998,79169,958
2021-10-18,Tuolumne,109,53932,6890,6755,88,6843,89
2021-10-18,Ventura,111,848112,97087,96506,4213,100719,1165
2021-10-18,Yolo,113,214977,19456,19197,977,20174,248
2021-10-18,Yuba,115,75493,9884,9782,287,10069,82
2021-10-17,Alameda,001,1643700,117706,117423,2662,120085,1376
2021-10-17,Alpine,003,1148,101,103,0,103,0
2021-10-17,Amador,005,37829,5414,5341,56,5397,64
2021-10-17,Butte,007,227075,20236,19897,3652,23549,265
2021-10-17,Calaveras,009,45235,3860,3805,45,3850,80
2021-10-17,Colusa,011,21464,2479,2442,601,3043,18
2021-10-17,Contra Costa,013,1133247,98065,97485,2072,99557,995
2021-10-17,Del Norte,015,27424,3614,3526,51,3577,41
2021-10-17,El Dorado,017,186661,15676,15438,1641,17079,149
2021-10-17,Fresno,019,978130,135274,133429,12119,145548,2063
2021-10-17,Glenn,021,27897,3421,3364,981,4345,32
2021-10-17,Humboldt,023,135768,8766,8690,493,9183,104
2021-10-17,Imperial,025,180216,32773,32520,3057,35577,764
2021-10-17,Inyo,027,18085,2101,2000,37,2037,40
2021-10-17,Kern,029,883053,123755,122085,20452,142537,1603
2021-10-17,Kings,031,150075,31160,30636,1801,32437,315
2021-10-17,Lake,033,64148,6557,6437,133,6570,104
2021-10-17,Lassen,035,31185,6696,6605,328,6933,26
2021-10-17,Los Angeles,037,10098052,1424363,1412371,52574,1464945,26443
2021-10-17,Madera,039,155013,22261,21869,1932,23801,277
2021-10-17,Marin,041,260295,17325,17211,428,17639,243
2021-10-17,Mariposa,043,17540,1206,1150,41,1191,5
2021-10-17,Mendocino,045,87422,7265,7148,447,7595,82
2021-10-17,Merced,047,269075,40715,40531,1723,42254,579
2021-10-17,Modoc,049,8938,513,498,181,679,5
2021-10-17,Mono,051,14174,1664,1640,19,1659,3
2021-10-17,Monterey,053,433212,48265,47369,2729,50098,583
2021-10-17,Napa,055,140530,12824,12753,102,12855,100
2021-10-17,Nevada,057,99092,8900,8794,306,9100,90
2021-10-17,Orange,059,3164182,303507,301414,14510,315924,5524
2021-10-17,Placer,061,380077,36039,35559,3473,39032,420
2021-10-17,Plumas,063,18699,1644,1571,31,1602,6
2021-10-17,Riverside,065,2383286,357567,353500,16057,369557,5008
2021-10-17,Sacramento,067,1510023,155128,154080,4260,158340,2213
2021-10-17,San Benito,069,59416,7256,7250,159,7409,71
2021-10-17,San Bernardino,071,2135413,348662,346524,10836,357360,5597
2021-10-17,San Diego,073,3302833,366495,364675,21552,386227,4163
2021-10-17,San Francisco,075,870044,52135,51625,2214,53839,644
2021-10-17,San Joaquin,077,732212,97807,96950,5211,102161,1721
2021-10-17,San Luis Obispo,079,281455,29004,28604,1183,29787,331
2021-10-17,San Mateo,081,765935,53394,52541,811,53352,571
2021-10-17,Santa Barbara,083,443738,43692,43344,1502,44846,522
2021-10-17,Santa Clara,085,1922200,144838,143768,1226,144994,1895
2021-10-17,Santa Cruz,087,273765,20076,19861,979,20840,218
2021-10-17,Shasta,089,179085,20504,20116,3408,23524,312
2021-10-17,Sierra,091,2930,172,165,18,183,0
2021-10-17,Siskiyou,093,43540,3289,3204,1222,4426,42
2021-10-17,Solano,095,438530,45358,44722,1209,45931,340
2021-10-17,Sonoma,097,501317,40580,40306,503,40809,392
2021-10-17,Stanislaus,099,539301,76305,76354,8519,84873,1145
2021-10-17,Sutter,101,95872,13583,13543,309,13852,172
2021-10-17,Tehama,103,63373,8129,8015,1365,9380,107
2021-10-17,Trinity,105,12862,822,686,202,888,11
2021-10-17,Tulare,107,460477,66380,65057,13926,78983,958
2021-10-17,Tuolumne,109,53932,6856,6735,87,6822,89
2021-10-17,Ventura,111,848112,96987,96458,4210,100668,1165
2021-10-17,Yolo,113,214977,19413,19171,969,20140,248
2021-10-17,Yuba,115,75493,9858,9771,285,10056,82
2021-10-16,Alameda,001,1643700,117617,117027,2660,119687,1365
2021-10-16,Alpine,003,1148,100,102,0,102,0
2021-10-16,Amador,005,37829,5407,5310,56,5366,64
2021-10-16,Butte,007,227075,20205,19612,3643,23255,260
2021-10-16,Calaveras,009,45235,3853,3771,45,3816,80
2021-10-16,Colusa,011,21464,2475,2431,598,3029,18
2021-10-16,Contra Costa,013,1133247,97973,97107,2065,99172,982
2021-10-16,Del Norte,015,27424,3611,3516,51,3567,41
2021-10-16,El Dorado,017,186661,15655,15315,1639,16954,149
2021-10-16,Fresno,019,978130,135120,132433,12102,144535,2051
2021-10-16,Glenn,021,27897,3415,3331,981,4312,26
2021-10-16,Humboldt,023,135768,8754,8621,488,9109,104
2021-10-16,Imperial,025,180216,32758,32368,3055,35423,764
2021-10-16,Inyo,027,18085,2087,1932,37,1969,39
2021-10-16,Kern,029,883053,123599,121354,20371,141725,1590
2021-10-16,Kings,031,150075,31114,30418,1798,32216,314
2021-10-16,Lake,033,64148,6546,6378,133,6511,104
2021-10-16,Lassen,035,31185,6687,6559,324,6883,26
2021-10-16,Los Angeles,037,10098052,1423708,1409418,52520,1461938,26398
2021-10-16,Madera,039,155013,22217,21707,1928,23635,277
2021-10-16,Marin,041,260295,17315,17148,428,17576,243
2021-10-16,Mariposa,043,17540,1203,1096,41,1137,5
2021-10-16,Mendocino,045,87422,7254,7099,447,7546,82
2021-10-16,Merced,047,269075,40683,40265,1721,41986,577
2021-10-16,Modoc,049,8938,510,492,181,673,5
2021-10-16,Mono,051,14174,1660,1628,19,1647,3
2021-10-16,Monterey,053,433212,48248,47293,2721,50014,582
2021-10-16,Napa,055,140530,12813,12706,102,12808,100
2021-10-16,Nevada,057,99092,8880,8739,306,9045,90
2021-10-16,Orange,059,3164182,303331,300722,14485,315207,5509
2021-10-16,Placer,061,380077,35955,35343,3467,38810,412
2021-10-16,Plumas,063,18699,1639,1542,30,1572,6
2021-10-16,Riverside,065,2383286,357297,352435,16045,368480,4990
2021-10-16,Sacramento,067,1510023,154929,153264,4256,157520,2192
2021-10-16,San Benito,069,59416,7243,7210,158,7368,71
2021-10-16,San Bernardino,071,2135413,348454,345418,10828,356246,5566
2021-10-16,San Diego,073,3302833,366179,363109,21536,384645,4151
2021-10-16,San Francisco,075,870044,52088,51436,2210,53646,645
2021-10-16,San Joaquin,077,732212,97735,96507,5208,101715,1708
2021-10-16,San Luis Obispo,079,281455,28978,28460,1182,29642,329
2021-10-16,San Mateo,081,765935,53345,52399,810,53209,569
2021-10-16,Santa Barbara,083,443738,43656,43175,1501,44676,521
2021-10-16,Santa Clara,085,1922200,144738,143282,1218,144500,1890
2021-10-16,Santa Cruz,087,273765,20061,19794,978,20772,218
2021-10-16,Shasta,089,179085,20454,19932,3397,23329,309
2021-10-16,Sierra,091,2930,170,160,18,178,0
2021-10-16,Siskiyou,093,43540,3287,3173,1215,4388,42
2021-10-16,Solano,095,438530,45332,44585,1205,45790,334
2021-10-16,Sonoma,097,501317,40540,40195,503,40698,390
2021-10-16,Stanislaus,099,539301,76219,75868,8509,84377,1142
2021-10-16,Sutter,101,95872,13564,13471,308,13779,169
2021-10-16,Tehama,103,63373,8116,7907,1360,9267,104
2021-10-16,Trinity,105,12862,822,679,202,881,11
2021-10-16,Tulare,107,460477,66242,64489,13895,78384,951
2021-10-16,Tuolumne,109,53932,6824,6666,87,6753,89
2021-10-16,Ventura,111,848112,96955,96181,4205,100386,1164
2021-10-16,Yolo,113,214977,19386,19078,963,20041,247
2021-10-16,Yuba,115,75493,9834,9705,282,9987,82
2021-10-15,Alameda,001,1643700,117545,117027,2656,119683,1365
2021-10-15,Alpine,003,1148,100,102,0,102,0
2021-10-15,Amador,005,37829,5383,5310,56,5366,64
2021-10-15,Butte,007,227075,20169,19612,3636,23248,260
2021-10-15,Calaveras,009,45235,3847,3771,45,3816,80
2021-10-15,Colusa,011,21464,2473,2431,595,3026,18
2021-10-15,Contra Costa,013,1133247,97891,97107,2062,99169,982
2021-10-15,Del Norte,015,27424,3609,3516,51,3567,41
2021-10-15,El Dorado,017,186661,15635,15315,1634,16949,149
2021-10-15,Fresno,019,978130,134867,132433,12092,144525,2051
2021-10-15,Glenn,021,27897,3409,3331,980,4311,26
2021-10-15,Humboldt,023,135768,8745,8621,486,9107,104
2021-10-15,Imperial,025,180216,32711,32368,3051,35419,764
2021-10-15,Inyo,027,18085,2069,1932,37,1969,39
2021-10-15,Kern,029,883053,123463,121354,20297,141651,1590
2021-10-15,Kings,031,150075,31059,30418,1794,32212,314
2021-10-15,Lake,033,64148,6537,6378,133,6511,104
2021-10-15,Lassen,035,31185,6675,6559,323,6882,26
2021-10-15,Los Angeles,037,10098052,1423015,1409418,52472,1461890,26398
2021-10-15,Madera,039,155013,22173,21707,1920,23627,277
2021-10-15,Marin,041,260295,17304,17148,428,17576,243
2021-10-15,Mariposa,043,17540,1195,1096,41,1137,5
2021-10-15,Mendocino,045,87422,7239,7099,447,7546,82
2021-10-15,Merced,047,269075,40653,40265,1718,41983,577
2021-10-15,Modoc,049,8938,509,492,181,673,5
2021-10-15,Mono,051,14174,1657,1628,19,1647,3
2021-10-15,Monterey,053,433212,48226,47293,2719,50012,582
2021-10-15,Napa,055,140530,12809,12706,102,12808,100
2021-10-15,Nevada,057,99092,8865,8739,306,9045,90
2021-10-15,Orange,059,3164182,303163,300722,14467,315189,5509
2021-10-15,Placer,061,380077,35901,35343,3461,38804,412
2021-10-15,Plumas,063,18699,1631,1542,30,1572,6
2021-10-15,Riverside,065,2383286,357055,352435,16040,368475,4990
2021-10-15,Sacramento,067,1510023,154741,153264,4246,157510,2192
2021-10-15,San Benito,069,59416,7240,7210,158,7368,71
2021-10-15,San Bernardino,071,2135413,348222,345418,10825,356243,5566
2021-10-15,San Diego,073,3302833,365819,363109,21511,384620,4151
2021-10-15,San Francisco,075,870044,52047,51436,2203,53639,645
2021-10-15,San Joaquin,077,732212,97657,96507,5201,101708,1708
2021-10-15,San Luis Obispo,079,281455,28957,28460,1180,29640,329
2021-10-15,San Mateo,081,765935,53301,52399,809,53208,569
2021-10-15,Santa Barbara,083,443738,43618,43175,1501,44676,521
2021-10-15,Santa Clara,085,1922200,144616,143282,1210,144492,1890
2021-10-15,Santa Cruz,087,273765,20050,19794,978,20772,218
2021-10-15,Shasta,089,179085,20398,19932,3389,23321,309
2021-10-15,Sierra,091,2930,170,160,18,178,0
2021-10-15,Siskiyou,093,43540,3286,3173,1212,4385,42
2021-10-15,Solano,095,438530,45306,44585,1205,45790,334
2021-10-15,Sonoma,097,501317,40506,40195,502,40697,390
2021-10-15,Stanislaus,099,539301,76139,75868,8493,84361,1142
2021-10-15,Sutter,101,95872,13547,13471,306,13777,169
2021-10-15,Tehama,103,63373,8094,7907,1355,9262,104
2021-10-15,Trinity,105,12862,822,679,202,881,11
2021-10-15,Tulare,107,460477,66163,64489,13858,78347,951
2021-10-15,Tuolumne,109,53932,6801,6666,85,6751,89
2021-10-15,Ventura,111,848112,96913,96181,4202,100383,1164
2021-10-15,Yolo,113,214977,19371,19078,959,20037,247
2021-10-15,Yuba,115,75493,9824,9705,281,9986,82
2021-10-14,Alameda,001,1643700,117437,117027,2651,119678,1365
2021-10-14,Alpine,003,1148,100,102,0,102,0
2021-10-14,Amador,005,37829,5372,5310,56,5366,64
2021-10-14,Butte,007,227075,20117,19612,3630,23242,260
2021-10-14,Calaveras,009,45235,3834,3771,44,3815,80
2021-10-14,Colusa,011,21464,2471,2431,593,3024,18
2021-10-14,Contra Costa,013,1133247,97757,97107,2055,99162,982
2021-10-14,Del Norte,015,27424,3603,3516,51,3567,41
2021-10-14,El Dorado,017,186661,15597,15315,1631,16946,149
2021-10-14,Fresno,019,978130,134572,132433,12063,144496,2051
2021-10-14,Glenn,021,27897,3404,3331,979,4310,26
2021-10-14,Humboldt,023,135768,8728,8621,483,9104,104
2021-10-14,Imperial,025,180216,32648,32368,3044,35412,764
2021-10-14,Inyo,027,18085,2050,1932,37,1969,39
2021-10-14,Kern,029,883053,123191,121354,20198,141552,1590
2021-10-14,Kings,031,150075,30994,30418,1786,32204,314
2021-10-14,Lake,033,64148,6516,6378,132,6510,104
2021-10-14,Lassen,035,31185,6669,6559,322,6881,26
2021-10-14,Los Angeles,037,10098052,1422023,1409418,52422,1461840,26398
2021-10-14,Madera,039,155013,22108,21707,1914,23621,277
2021-10-14,Marin,041,260295,17299,17148,426,17574,243
2021-10-14,Mariposa,043,17540,1182,1096,40,1136,5
2021-10-14,Mendocino,045,87422,7225,7099,445,7544,82
2021-10-14,Merced,047,269075,40564,40265,1704,41969,577
2021-10-14,Modoc,049,8938,509,492,181,673,5
2021-10-14,Mono,051,14174,1650,1628,19,1647,3
2021-10-14,Monterey,053,433212,48200,47293,2714,50007,582
2021-10-14,Napa,055,140530,12794,12706,102,12808,100
2021-10-14,Nevada,057,99092,8838,8739,304,9043,90
2021-10-14,Orange,059,3164182,302955,300722,14450,315172,5509
2021-10-14,Placer,061,380077,35834,35343,3447,38790,412
2021-10-14,Plumas,063,18699,1616,1542,30,1572,6
2021-10-14,Riverside,065,2383286,356658,352435,16029,368464,4990
2021-10-14,Sacramento,067,1510023,154490,153264,4226,157490,2192
2021-10-14,San Benito,069,59416,7229,7210,158,7368,71
2021-10-14,San Bernardino,071,2135413,347866,345418,10818,356236,5566
2021-10-14,San Diego,073,3302833,365379,363109,21484,384593,4151
2021-10-14,San Francisco,075,870044,51991,51436,2199,53635,645
2021-10-14,San Joaquin,077,732212,97528,96507,5192,101699,1708
2021-10-14,San Luis Obispo,079,281455,28912,28460,1176,29636,329
2021-10-14,San Mateo,081,765935,53253,52399,808,53207,569
2021-10-14,Santa Barbara,083,443738,43562,43175,1496,44671,521
2021-10-14,Santa Clara,085,1922200,144475,143282,1204,144486,1890
2021-10-14,Santa Cruz,087,273765,20027,19794,978,20772,218
2021-10-14,Shasta,089,179085,20341,19932,3377,23309,309
2021-10-14,Sierra,091,2930,169,160,18,178,0
2021-10-14,Siskiyou,093,43540,3283,3173,1204,4377,42
2021-10-14,Solano,095,438530,45256,44585,1197,45782,334
2021-10-14,Sonoma,097,501317,40456,40195,499,40694,390
2021-10-14,Stanislaus,099,539301,75993,75868,8480,84348,1142
2021-10-14,Sutter,101,95872,13527,13471,305,13776,169
2021-10-14,Tehama,103,63373,8063,7907,1348,9255,104
2021-10-14,Trinity,105,12862,821,679,201,880,11
2021-10-14,Tulare,107,460477,65978,64489,13811,78300,951
2021-10-14,Tuolumne,109,53932,6769,6666,84,6750,89
2021-10-14,Ventura,111,848112,96845,96181,4196,100377,1164
2021-10-14,Yolo,113,214977,19338,19078,952,20030,247
2021-10-14,Yuba,115,75493,9810,9705,272,9977,82
2021-10-13,Alameda,001,1643700,117331,116914,2645,119559,1360
2021-10-13,Alpine,003,1148,100,102,0,102,0
2021-10-13,Amador,005,37829,5358,5305,56,5361,63
2021-10-13,Butte,007,227075,20041,19546,3625,23171,257
2021-10-13,Calaveras,009,45235,3813,3756,42,3798,79
2021-10-13,Colusa,011,21464,2464,2430,589,3019,18
2021-10-13,Contra Costa,013,1133247,97641,96975,2054,99029,969
2021-10-13,Del Norte,015,27424,3598,3512,51,3563,39
2021-10-13,El Dorado,017,186661,15573,15302,1626,16928,149
2021-10-13,Fresno,019,978130,134238,132055,12032,144087,2048
2021-10-13,Glenn,021,27897,3399,3327,975,4302,26
2021-10-13,Humboldt,023,135768,8717,8604,479,9083,102
2021-10-13,Imperial,025,180216,32588,32317,3042,35359,762
2021-10-13,Inyo,027,18085,2013,1907,37,1944,39
2021-10-13,Kern,029,883053,122946,120956,20106,141062,1586
2021-10-13,Kings,031,150075,30913,30246,1779,32025,312
2021-10-13,Lake,033,64148,6496,6371,132,6503,103
2021-10-13,Lassen,035,31185,6658,6535,316,6851,25
2021-10-13,Los Angeles,037,10098052,1420970,1408384,52366,1460750,26379
2021-10-13,Madera,039,155013,22055,21609,1900,23509,277
2021-10-13,Marin,041,260295,17275,17137,425,17562,243
2021-10-13,Mariposa,043,17540,1168,1090,40,1130,5
2021-10-13,Mendocino,045,87422,7209,7088,437,7525,82
2021-10-13,Merced,047,269075,40479,40164,1693,41857,577
2021-10-13,Modoc,049,8938,507,490,179,669,5
2021-10-13,Mono,051,14174,1650,1612,19,1631,3
2021-10-13,Monterey,053,433212,48181,47273,2707,49980,582
2021-10-13,Napa,055,140530,12783,12695,100,12795,100
2021-10-13,Nevada,057,99092,8816,8725,304,9029,90
2021-10-13,Orange,059,3164182,302748,300468,14434,314902,5503
2021-10-13,Placer,061,380077,35767,35254,3438,38692,412
2021-10-13,Plumas,063,18699,1602,1514,30,1544,6
2021-10-13,Riverside,065,2383286,356328,352044,16016,368060,4978
2021-10-13,Sacramento,067,1510023,154241,153141,4205,157346,2182
2021-10-13,San Benito,069,59416,7223,7196,157,7353,71
2021-10-13,San Bernardino,071,2135413,347541,344951,10801,355752,5562
2021-10-13,San Diego,073,3302833,364948,362564,21462,384026,4141
2021-10-13,San Francisco,075,870044,51948,51379,2195,53574,644
2021-10-13,San Joaquin,077,732212,97384,96343,5188,101531,1696
2021-10-13,San Luis Obispo,079,281455,28874,28397,1173,29570,330
2021-10-13,San Mateo,081,765935,53201,52352,804,53156,569
2021-10-13,Santa Barbara,083,443738,43510,43109,1496,44605,518
2021-10-13,Santa Clara,085,1922200,144337,143064,1203,144267,1886
2021-10-13,Santa Cruz,087,273765,20001,19763,977,20740,217
2021-10-13,Shasta,089,179085,20271,19802,3357,23159,307
2021-10-13,Sierra,091,2930,169,155,18,173,0
2021-10-13,Siskiyou,093,43540,3275,3173,1203,4376,42
2021-10-13,Solano,095,438530,45217,44558,1194,45752,334
2021-10-13,Sonoma,097,501317,40400,40122,499,40621,390
2021-10-13,Stanislaus,099,539301,75851,75698,8470,84168,1136
2021-10-13,Sutter,101,95872,13497,13458,303,13761,169
2021-10-13,Tehama,103,63373,8027,7849,1342,9191,103
2021-10-13,Trinity,105,12862,818,677,201,878,11
2021-10-13,Tulare,107,460477,65797,64297,13757,78054,945
2021-10-13,Tuolumne,109,53932,6755,6644,83,6727,89
2021-10-13,Ventura,111,848112,96771,96099,4190,100289,1162
2021-10-13,Yolo,113,214977,19310,19023,950,19973,247
2021-10-13,Yuba,115,75493,9785,9690,259,9949,80
2021-10-12,Alameda,001,1643700,117228,116813,2641,119454,1357
2021-10-12,Alpine,003,1148,100,102,0,102,0
2021-10-12,Amador,005,37829,5347,5301,56,5357,63
2021-10-12,Butte,007,227075,19969,19506,3614,23120,256
2021-10-12,Calaveras,009,45235,3798,3750,42,3792,75
2021-10-12,Colusa,011,21464,2461,2428,587,3015,18
2021-10-12,Contra Costa,013,1133247,97528,96894,2045,98939,960
2021-10-12,Del Norte,015,27424,3592,3511,51,3562,39
2021-10-12,El Dorado,017,186661,15539,15287,1624,16911,148
2021-10-12,Fresno,019,978130,133877,131848,12001,143849,2042
2021-10-12,Glenn,021,27897,3385,3321,974,4295,26
2021-10-12,Humboldt,023,135768,8690,8587,473,9060,102
2021-10-12,Imperial,025,180216,32536,32267,3040,35307,762
2021-10-12,Inyo,027,18085,1981,1889,37,1926,39
2021-10-12,Kern,029,883053,122659,120826,19997,140823,1580
2021-10-12,Kings,031,150075,30839,30200,1768,31968,312
2021-10-12,Lake,033,64148,6481,6372,130,6502,97
2021-10-12,Lassen,035,31185,6648,6526,315,6841,25
2021-10-12,Los Angeles,037,10098052,1419910,1407462,52320,1459782,26362
2021-10-12,Madera,039,155013,21984,21574,1887,23461,277
2021-10-12,Marin,041,260295,17252,17126,425,17551,242
2021-10-12,Mariposa,043,17540,1154,1088,40,1128,5
2021-10-12,Mendocino,045,87422,7180,7077,434,7511,82
2021-10-12,Merced,047,269075,40400,40113,1687,41800,567
2021-10-12,Modoc,049,8938,502,485,178,663,5
2021-10-12,Mono,051,14174,1648,1608,19,1627,3
2021-10-12,Monterey,053,433212,48150,47254,2699,49953,582
2021-10-12,Napa,055,140530,12769,12671,100,12771,97
2021-10-12,Nevada,057,99092,8804,8720,303,9023,89
2021-10-12,Orange,059,3164182,302494,300256,14408,314664,5499
2021-10-12,Placer,061,380077,35704,35214,3430,38644,404
2021-10-12,Plumas,063,18699,1588,1488,29,1517,6
2021-10-12,Riverside,065,2383286,356002,351771,16002,367773,4973
2021-10-12,Sacramento,067,1510023,153937,152935,4180,157115,2170
2021-10-12,San Benito,069,59416,7209,7193,157,7350,71
2021-10-12,San Bernardino,071,2135413,347228,344788,10791,355579,5563
2021-10-12,San Diego,073,3302833,364435,362256,21433,383689,4137
2021-10-12,San Francisco,075,870044,51884,51301,2194,53495,643
2021-10-12,San Joaquin,077,732212,97247,96237,5183,101420,1690
2021-10-12,San Luis Obispo,079,281455,28827,28379,1172,29551,327
2021-10-12,San Mateo,081,765935,53150,52328,803,53131,569
2021-10-12,Santa Barbara,083,443738,43449,43076,1496,44572,515
2021-10-12,Santa Clara,085,1922200,144184,142954,1201,144155,1882
2021-10-12,Santa Cruz,087,273765,19976,19757,977,20734,218
2021-10-12,Shasta,089,179085,20195,19731,3336,23067,304
2021-10-12,Sierra,091,2930,169,153,18,171,0
2021-10-12,Siskiyou,093,43540,3264,3166,1197,4363,42
2021-10-12,Solano,095,438530,45175,44516,1188,45704,329
2021-10-12,Sonoma,097,501317,40359,40105,498,40603,390
2021-10-12,Stanislaus,099,539301,75699,75589,8458,84047,1126
2021-10-12,Sutter,101,95872,13474,13436,299,13735,168
2021-10-12,Tehama,103,63373,7995,7820,1338,9158,103
2021-10-12,Trinity,105,12862,815,676,201,877,11
2021-10-12,Tulare,107,460477,65612,64216,13702,77918,944
2021-10-12,Tuolumne,109,53932,6738,6637,82,6719,89
2021-10-12,Ventura,111,848112,96670,96022,4185,100207,1160
2021-10-12,Yolo,113,214977,19283,18987,942,19929,247
2021-10-12,Yuba,115,75493,9770,9676,255,9931,70
2021-10-11,Alameda,001,1643700,117085,116759,2640,119399,1358
2021-10-11,Alpine,003,1148,100,102,0,102,0
2021-10-11,Amador,005,37829,5335,5286,56,5342,62
2021-10-11,Butte,007,227075,19909,19452,3609,23061,253
2021-10-11,Calaveras,009,45235,3777,3750,42,3792,75
2021-10-11,Colusa,011,21464,2457,2427,579,3006,18
2021-10-11,Contra Costa,013,1133247,97392,96832,2040,98872,960
2021-10-11,Del Norte,015,27424,3589,3510,47,3557,39
2021-10-11,El Dorado,017,186661,15510,15273,1620,16893,146
2021-10-11,Fresno,019,978130,133547,131703,11966,143669,2036
2021-10-11,Glenn,021,27897,3368,3308,972,4280,26
2021-10-11,Humboldt,023,135768,8665,8571,466,9037,101
2021-10-11,Imperial,025,180216,32486,32207,3034,35241,762
2021-10-11,Inyo,027,18085,1958,1862,36,1898,39
2021-10-11,Kern,029,883053,122422,120684,19902,140586,1575
2021-10-11,Kings,031,150075,30750,30180,1758,31938,309
2021-10-11,Lake,033,64148,6465,6361,126,6487,97
2021-10-11,Lassen,035,31185,6628,6499,312,6811,25
2021-10-11,Los Angeles,037,10098052,1418863,1406826,52269,1459095,26346
2021-10-11,Madera,039,155013,21926,21555,1870,23425,272
2021-10-11,Marin,041,260295,17234,17121,421,17542,242
2021-10-11,Mariposa,043,17540,1124,1083,39,1122,5
2021-10-11,Mendocino,045,87422,7164,7064,430,7494,82
2021-10-11,Merced,047,269075,40284,40064,1662,41726,566
2021-10-11,Modoc,049,8938,499,482,175,657,5
2021-10-11,Mono,051,14174,1638,1604,19,1623,3
2021-10-11,Monterey,053,433212,48121,47241,2692,49933,580
2021-10-11,Napa,055,140530,12746,12654,98,12752,96
2021-10-11,Nevada,057,99092,8784,8716,302,9018,90
2021-10-11,Orange,059,3164182,302263,299941,14378,314319,5499
2021-10-11,Placer,061,380077,35635,35173,3413,38586,404
2021-10-11,Plumas,063,18699,1570,1469,27,1496,6
2021-10-11,Riverside,065,2383286,355657,351444,15997,367441,4973
2021-10-11,Sacramento,067,1510023,153647,152681,4149,156830,2169
2021-10-11,San Benito,069,59416,7188,7184,155,7339,71
2021-10-11,San Bernardino,071,2135413,346844,344594,10783,355377,5549
2021-10-11,San Diego,073,3302833,363923,361712,21401,383113,4124
2021-10-11,San Francisco,075,870044,51813,51275,2191,53466,643
2021-10-11,San Joaquin,077,732212,97092,96152,5172,101324,1681
2021-10-11,San Luis Obispo,079,281455,28779,28355,1167,29522,327
2021-10-11,San Mateo,081,765935,53102,52298,803,53101,569
2021-10-11,Santa Barbara,083,443738,43402,43018,1495,44513,515
2021-10-11,Santa Clara,085,1922200,144022,142836,1197,144033,1882
2021-10-11,Santa Cruz,087,273765,19952,19745,976,20721,217
2021-10-11,Shasta,089,179085,20116,19662,3320,22982,295
2021-10-11,Sierra,091,2930,166,147,17,164,0
2021-10-11,Siskiyou,093,43540,3257,3159,1193,4352,42
2021-10-11,Solano,095,438530,45126,44474,1185,45659,329
2021-10-11,Sonoma,097,501317,40314,40067,498,40565,390
2021-10-11,Stanislaus,099,539301,75528,75478,8437,83915,1118
2021-10-11,Sutter,101,95872,13455,13427,297,13724,165
2021-10-11,Tehama,103,63373,7954,7795,1329,9124,102
2021-10-11,Trinity,105,12862,809,675,200,875,11
2021-10-11,Tulare,107,460477,65433,64094,13635,77729,942
2021-10-11,Tuolumne,109,53932,6700,6602,82,6684,89
2021-10-11,Ventura,111,848112,96573,95876,4178,100054,1160
2021-10-11,Yolo,113,214977,19236,18977,939,19916,247
2021-10-11,Yuba,115,75493,9753,9657,243,9900,69
2021-10-10,Alameda,001,1643700,116966,116679,2636,119315,1358
2021-10-10,Alpine,003,1148,100,102,0,102,0
2021-10-10,Amador,005,37829,5321,5278,56,5334,62
2021-10-10,Butte,007,227075,19844,19430,3593,23023,253
2021-10-10,Calaveras,009,45235,3765,3747,42,3789,75
2021-10-10,Colusa,011,21464,2456,2425,578,3003,18
2021-10-10,Contra Costa,013,1133247,97293,96760,2034,98794,960
2021-10-10,Del Norte,015,27424,3585,3507,47,3554,39
2021-10-10,El Dorado,017,186661,15480,15250,1614,16864,146
2021-10-10,Fresno,019,978130,133217,131434,11935,143369,2035
2021-10-10,Glenn,021,27897,3363,3297,970,4267,26
2021-10-10,Humboldt,023,135768,8644,8554,462,9016,101
2021-10-10,Imperial,025,180216,32411,32167,3033,35200,762
2021-10-10,Inyo,027,18085,1937,1857,36,1893,39
2021-10-10,Kern,029,883053,122096,120552,19799,140351,1573
2021-10-10,Kings,031,150075,30661,30122,1748,31870,308
2021-10-10,Lake,033,64148,6449,6349,125,6474,97
2021-10-10,Lassen,035,31185,6609,6495,311,6806,26
2021-10-10,Los Angeles,037,10098052,1417674,1406034,52195,1458229,26338
2021-10-10,Madera,039,155013,21880,21486,1861,23347,272
2021-10-10,Marin,041,260295,17217,17112,421,17533,242
2021-10-10,Mariposa,043,17540,1121,1074,39,1113,5
2021-10-10,Mendocino,045,87422,7149,7060,422,7482,81
2021-10-10,Merced,047,269075,40201,40036,1643,41679,566
2021-10-10,Modoc,049,8938,499,482,175,657,5
2021-10-10,Mono,051,14174,1637,1596,19,1615,3
2021-10-10,Monterey,053,433212,48091,47228,2691,49919,580
2021-10-10,Napa,055,140530,12723,12641,98,12739,96
2021-10-10,Nevada,057,99092,8772,8689,302,8991,90
2021-10-10,Orange,059,3164182,302001,299787,14350,314137,5499
2021-10-10,Placer,061,380077,35542,35128,3401,38529,404
2021-10-10,Plumas,063,18699,1554,1468,25,1493,6
2021-10-10,Riverside,065,2383286,355283,351248,15979,367227,4973
2021-10-10,Sacramento,067,1510023,153382,152405,4132,156537,2178
2021-10-10,San Benito,069,59416,7183,7180,154,7334,71
2021-10-10,San Bernardino,071,2135413,346531,344423,10775,355198,5551
2021-10-10,San Diego,073,3302833,363407,361038,21353,382391,4113
2021-10-10,San Francisco,075,870044,51766,51216,2189,53405,643
2021-10-10,San Joaquin,077,732212,96921,96084,5158,101242,1681
2021-10-10,San Luis Obispo,079,281455,28735,28343,1167,29510,326
2021-10-10,San Mateo,081,765935,53060,52273,802,53075,569
2021-10-10,Santa Barbara,083,443738,43355,42987,1494,44481,515
2021-10-10,Santa Clara,085,1922200,143857,142768,1190,143958,1881
2021-10-10,Santa Cruz,087,273765,19932,19727,976,20703,217
2021-10-10,Shasta,089,179085,20028,19635,3311,22946,296
2021-10-10,Sierra,091,2930,164,147,17,164,0
2021-10-10,Siskiyou,093,43540,3243,3155,1186,4341,42
2021-10-10,Solano,095,438530,45070,44431,1185,45616,329
2021-10-10,Sonoma,097,501317,40262,40027,498,40525,390
2021-10-10,Stanislaus,099,539301,75350,75403,8423,83826,1118
2021-10-10,Sutter,101,95872,13431,13412,292,13704,165
2021-10-10,Tehama,103,63373,7916,7764,1320,9084,102
2021-10-10,Trinity,105,12862,808,669,199,868,11
2021-10-10,Tulare,107,460477,65261,63930,13586,77516,940
2021-10-10,Tuolumne,109,53932,6676,6580,81,6661,89
2021-10-10,Ventura,111,848112,96484,95829,4178,100007,1160
2021-10-10,Yolo,113,214977,19204,18952,934,19886,247
2021-10-10,Yuba,115,75493,9737,9641,238,9879,69
2021-10-09,Alameda,001,1643700,116868,116253,2634,118887,1356
2021-10-09,Alpine,003,1148,99,102,0,102,0
2021-10-09,Amador,005,37829,5319,5237,55,5292,62
2021-10-09,Butte,007,227075,19813,19277,3589,22866,250
2021-10-09,Calaveras,009,45235,3761,3716,42,3758,75
2021-10-09,Colusa,011,21464,2452,2419,577,2996,18
2021-10-09,Contra Costa,013,1133247,97224,96378,2028,98406,958
2021-10-09,Del Norte,015,27424,3584,3495,47,3542,39
2021-10-09,El Dorado,017,186661,15462,15153,1611,16764,144
2021-10-09,Fresno,019,978130,133085,130508,11917,142425,2018
2021-10-09,Glenn,021,27897,3359,3277,968,4245,26
2021-10-09,Humboldt,023,135768,8630,8448,460,8908,97
2021-10-09,Imperial,025,180216,32377,31989,3031,35020,760
2021-10-09,Inyo,027,18085,1928,1808,36,1844,39
2021-10-09,Kern,029,883053,121955,119795,19772,139567,1559
2021-10-09,Kings,031,150075,30612,29894,1746,31640,308
2021-10-09,Lake,033,64148,6430,6283,124,6407,97
2021-10-09,Lassen,035,31185,6604,6442,310,6752,25
2021-10-09,Los Angeles,037,10098052,1417086,1402810,52158,1454968,26280
2021-10-09,Madera,039,155013,21847,21313,1847,23160,271
2021-10-09,Marin,041,260295,17212,17049,419,17468,242
2021-10-09,Mariposa,043,17540,1114,1042,38,1080,5
2021-10-09,Mendocino,045,87422,7142,7011,421,7432,82
2021-10-09,Merced,047,269075,40158,39784,1643,41427,565
2021-10-09,Modoc,049,8938,497,477,174,651,5
2021-10-09,Mono,051,14174,1634,1577,19,1596,3
2021-10-09,Monterey,053,433212,48079,47168,2688,49856,577
2021-10-09,Napa,055,140530,12719,12586,98,12684,96
2021-10-09,Nevada,057,99092,8761,8613,301,8914,90
2021-10-09,Orange,059,3164182,301820,299089,14331,313420,5457
2021-10-09,Placer,061,380077,35504,34877,3394,38271,393
2021-10-09,Plumas,063,18699,1543,1418,25,1443,6
2021-10-09,Riverside,065,2383286,355031,350082,15963,366045,4965
2021-10-09,Sacramento,067,1510023,153172,151566,4119,155685,2160
2021-10-09,San Benito,069,59416,7175,7123,154,7277,71
2021-10-09,San Bernardino,071,2135413,346343,343452,10771,354223,5556
2021-10-09,San Diego,073,3302833,363101,359909,21348,381257,4111
2021-10-09,San Francisco,075,870044,51718,50960,2182,53142,643
2021-10-09,San Joaquin,077,732212,96855,95606,5153,100759,1669
2021-10-09,San Luis Obispo,079,281455,28718,28197,1165,29362,324
2021-10-09,San Mateo,081,765935,53029,52121,801,52922,569
2021-10-09,Santa Barbara,083,443738,43328,42735,1494,44229,514
2021-10-09,Santa Clara,085,1922200,143733,142298,1184,143482,1873
2021-10-09,Santa Cruz,087,273765,19922,19635,975,20610,217
2021-10-09,Shasta,089,179085,19977,19437,3306,22743,290
2021-10-09,Sierra,091,2930,161,141,17,158,0
2021-10-09,Siskiyou,093,43540,3242,3124,1185,4309,42
2021-10-09,Solano,095,438530,45053,44265,1184,45449,329
2021-10-09,Sonoma,097,501317,40218,39848,498,40346,387
2021-10-09,Stanislaus,099,539301,75260,74899,8412,83311,1114
2021-10-09,Sutter,101,95872,13422,13314,290,13604,165
2021-10-09,Tehama,103,63373,7905,7670,1315,8985,99
2021-10-09,Trinity,105,12862,807,660,199,859,11
2021-10-09,Tulare,107,460477,65153,63398,13565,76963,932
2021-10-09,Tuolumne,109,53932,6657,6521,81,6602,89
2021-10-09,Ventura,111,848112,96430,95542,4175,99717,1158
2021-10-09,Yolo,113,214977,19182,18850,932,19782,247
2021-10-09,Yuba,115,75493,9725,9551,237,9788,69
2021-10-08,Alameda,001,1643700,116787,116253,2630,118883,1356
2021-10-08,Alpine,003,1148,99,102,0,102,0
2021-10-08,Amador,005,37829,5306,5237,55,5292,62
2021-10-08,Butte,007,227075,19784,19277,3585,22862,250
2021-10-08,Calaveras,009,45235,3756,3716,42,3758,75
2021-10-08,Colusa,011,21464,2450,2419,577,2996,18
2021-10-08,Contra Costa,013,1133247,97180,96378,2023,98401,958
2021-10-08,Del Norte,015,27424,3583,3495,47,3542,39
2021-10-08,El Dorado,017,186661,15442,15153,1607,16760,144
2021-10-08,Fresno,019,978130,132889,130508,11896,142404,2018
2021-10-08,Glenn,021,27897,3351,3277,966,4243,26
2021-10-08,Humboldt,023,135768,8619,8448,457,8905,97
2021-10-08,Imperial,025,180216,32348,31989,3027,35016,760
2021-10-08,Inyo,027,18085,1910,1808,36,1844,39
2021-10-08,Kern,029,883053,121818,119795,19730,139525,1559
2021-10-08,Kings,031,150075,30518,29894,1745,31639,308
2021-10-08,Lake,033,64148,6422,6283,124,6407,97
2021-10-08,Lassen,035,31185,6590,6442,307,6749,25
2021-10-08,Los Angeles,037,10098052,1416426,1402810,52124,1454934,26280
2021-10-08,Madera,039,155013,21788,21313,1840,23153,271
2021-10-08,Marin,041,260295,17201,17049,418,17467,242
2021-10-08,Mariposa,043,17540,1107,1042,36,1078,5
2021-10-08,Mendocino,045,87422,7129,7011,421,7432,82
2021-10-08,Merced,047,269075,40126,39784,1640,41424,565
2021-10-08,Modoc,049,8938,495,477,174,651,5
2021-10-08,Mono,051,14174,1631,1577,19,1596,3
2021-10-08,Monterey,053,433212,48052,47168,2686,49854,577
2021-10-08,Napa,055,140530,12703,12586,98,12684,96
2021-10-08,Nevada,057,99092,8748,8613,301,8914,90
2021-10-08,Orange,059,3164182,301673,299089,14311,313400,5457
2021-10-08,Placer,061,380077,35466,34877,3387,38264,393
2021-10-08,Plumas,063,18699,1531,1418,25,1443,6
2021-10-08,Riverside,065,2383286,354762,350082,15952,366034,4965
2021-10-08,Sacramento,067,1510023,153007,151566,4105,155671,2160
2021-10-08,San Benito,069,59416,7171,7123,152,7275,71
2021-10-08,San Bernardino,071,2135413,346134,343452,10763,354215,5556
2021-10-08,San Diego,073,3302833,362775,359909,21329,381238,4111
2021-10-08,San Francisco,075,870044,51671,50960,2175,53135,643
2021-10-08,San Joaquin,077,732212,96787,95606,5147,100753,1669
2021-10-08,San Luis Obispo,079,281455,28691,28197,1164,29361,324
2021-10-08,San Mateo,081,765935,53001,52121,801,52922,569
2021-10-08,Santa Barbara,083,443738,43293,42735,1493,44228,514
2021-10-08,Santa Clara,085,1922200,143620,142298,1179,143477,1873
2021-10-08,Santa Cruz,087,273765,19907,19635,975,20610,217
2021-10-08,Shasta,089,179085,19935,19437,3300,22737,290
2021-10-08,Sierra,091,2930,159,141,15,156,0
2021-10-08,Siskiyou,093,43540,3234,3124,1184,4308,42
2021-10-08,Solano,095,438530,45014,44265,1184,45449,329
2021-10-08,Sonoma,097,501317,40182,39848,498,40346,387
2021-10-08,Stanislaus,099,539301,75191,74899,8403,83302,1114
2021-10-08,Sutter,101,95872,13408,13314,288,13602,165
2021-10-08,Tehama,103,63373,7888,7670,1313,8983,99
2021-10-08,Trinity,105,12862,806,660,199,859,11
2021-10-08,Tulare,107,460477,65035,63398,13533,76931,932
2021-10-08,Tuolumne,109,53932,6634,6521,81,6602,89
2021-10-08,Ventura,111,848112,96379,95542,4169,99711,1158
2021-10-08,Yolo,113,214977,19169,18850,928,19778,247
2021-10-08,Yuba,115,75493,9705,9551,236,9787,69
2021-10-07,Alameda,001,1643700,116668,116253,2629,118882,1356
2021-10-07,Alpine,003,1148,99,102,0,102,0
2021-10-07,Amador,005,37829,5299,5237,55,5292,62
2021-10-07,Butte,007,227075,19735,19277,3574,22851,250
2021-10-07,Calaveras,009,45235,3744,3716,42,3758,75
2021-10-07,Colusa,011,21464,2447,2419,571,2990,18
2021-10-07,Contra Costa,013,1133247,97057,96378,2020,98398,958
2021-10-07,Del Norte,015,27424,3580,3495,47,3542,39
2021-10-07,El Dorado,017,186661,15405,15153,1603,16756,144
2021-10-07,Fresno,019,978130,132615,130508,11872,142380,2018
2021-10-07,Glenn,021,27897,3344,3277,963,4240,26
2021-10-07,Humboldt,023,135768,8593,8448,454,8902,97
2021-10-07,Imperial,025,180216,32277,31989,3014,35003,760
2021-10-07,Inyo,027,18085,1891,1808,36,1844,39
2021-10-07,Kern,029,883053,121586,119795,19666,139461,1559
2021-10-07,Kings,031,150075,30453,29894,1739,31633,308
2021-10-07,Lake,033,64148,6411,6283,124,6407,97
2021-10-07,Lassen,035,31185,6572,6442,305,6747,25
2021-10-07,Los Angeles,037,10098052,1415470,1402810,52079,1454889,26280
2021-10-07,Madera,039,155013,21715,21313,1826,23139,271
2021-10-07,Marin,041,260295,17183,17049,418,17467,242
2021-10-07,Mariposa,043,17540,1099,1042,36,1078,5
2021-10-07,Mendocino,045,87422,7119,7011,417,7428,82
2021-10-07,Merced,047,269075,40059,39784,1623,41407,565
2021-10-07,Modoc,049,8938,492,477,173,650,5
2021-10-07,Mono,051,14174,1623,1577,19,1596,3
2021-10-07,Monterey,053,433212,48027,47168,2677,49845,577
2021-10-07,Napa,055,140530,12688,12586,98,12684,96
2021-10-07,Nevada,057,99092,8720,8613,301,8914,90
2021-10-07,Orange,059,3164182,301447,299089,14297,313386,5457
2021-10-07,Placer,061,380077,35404,34877,3380,38257,393
2021-10-07,Plumas,063,18699,1514,1418,25,1443,6
2021-10-07,Riverside,065,2383286,354430,350082,15940,366022,4965
2021-10-07,Sacramento,067,1510023,152725,151566,4078,155644,2160
2021-10-07,San Benito,069,59416,7155,7123,150,7273,71
2021-10-07,San Bernardino,071,2135413,345860,343452,10755,354207,5556
2021-10-07,San Diego,073,3302833,362380,359909,21308,381217,4111
2021-10-07,San Francisco,075,870044,51600,50960,2172,53132,643
2021-10-07,San Joaquin,077,732212,96633,95606,5139,100745,1669
2021-10-07,San Luis Obispo,079,281455,28640,28197,1162,29359,324
2021-10-07,San Mateo,081,765935,52961,52121,800,52921,569
2021-10-07,Santa Barbara,083,443738,43225,42735,1487,44222,514
2021-10-07,Santa Clara,085,1922200,143471,142298,1173,143471,1873
2021-10-07,Santa Cruz,087,273765,19887,19635,974,20609,217
2021-10-07,Shasta,089,179085,19846,19437,3285,22722,290
2021-10-07,Sierra,091,2930,158,141,15,156,0
2021-10-07,Siskiyou,093,43540,3230,3124,1179,4303,42
2021-10-07,Solano,095,438530,44969,44265,1180,45445,329
2021-10-07,Sonoma,097,501317,40145,39848,496,40344,387
2021-10-07,Stanislaus,099,539301,75029,74899,8378,83277,1114
2021-10-07,Sutter,101,95872,13386,13314,285,13599,165
2021-10-07,Tehama,103,63373,7855,7670,1307,8977,99
2021-10-07,Trinity,105,12862,804,660,199,859,11
2021-10-07,Tulare,107,460477,64868,63398,13497,76895,932
2021-10-07,Tuolumne,109,53932,6612,6521,81,6602,89
2021-10-07,Ventura,111,848112,96306,95542,4166,99708,1158
2021-10-07,Yolo,113,214977,19136,18850,924,19774,247
2021-10-07,Yuba,115,75493,9679,9551,229,9780,69
2021-10-06,Alameda,001,1643700,116531,116058,2623,118681,1353
2021-10-06,Alpine,003,1148,99,102,0,102,0
2021-10-06,Amador,005,37829,5296,5205,55,5260,62
2021-10-06,Butte,007,227075,19673,19208,3567,22775,247
2021-10-06,Calaveras,009,45235,3735,3669,42,3711,75
2021-10-06,Colusa,011,21464,2445,2414,564,2978,18
2021-10-06,Contra Costa,013,1133247,96933,96184,2016,98200,953
2021-10-06,Del Norte,015,27424,3577,3490,44,3534,39
2021-10-06,El Dorado,017,186661,15379,15078,1600,16678,140
2021-10-06,Fresno,019,978130,132325,130074,11848,141922,2008
2021-10-06,Glenn,021,27897,3335,3270,961,4231,26
2021-10-06,Humboldt,023,135768,8578,8416,448,8864,94
2021-10-06,Imperial,025,180216,32224,31930,3004,34934,760
2021-10-06,Inyo,027,18085,1876,1806,36,1842,39
2021-10-06,Kern,029,883053,121329,119491,19575,139066,1552
2021-10-06,Kings,031,150075,30387,29785,1731,31516,308
2021-10-06,Lake,033,64148,6397,6271,124,6395,97
2021-10-06,Lassen,035,31185,6556,6429,304,6733,25
2021-10-06,Los Angeles,037,10098052,1414514,1401675,52030,1453705,26252
2021-10-06,Madera,039,155013,21660,21230,1816,23046,269
2021-10-06,Marin,041,260295,17174,17042,415,17457,242
2021-10-06,Mariposa,043,17540,1092,1036,36,1072,5
2021-10-06,Mendocino,045,87422,7110,6986,415,7401,81
2021-10-06,Merced,047,269075,39984,39666,1611,41277,563
2021-10-06,Modoc,049,8938,492,477,171,648,5
2021-10-06,Mono,051,14174,1611,1568,19,1587,3
2021-10-06,Monterey,053,433212,47994,47136,2672,49808,577
2021-10-06,Napa,055,140530,12664,12552,97,12649,96
2021-10-06,Nevada,057,99092,8704,8582,300,8882,90
2021-10-06,Orange,059,3164182,301208,298785,14285,313070,5448
2021-10-06,Placer,061,380077,35353,34764,3374,38138,390
2021-10-06,Plumas,063,18699,1491,1383,25,1408,6
2021-10-06,Riverside,065,2383286,354074,349645,15919,365564,4953
2021-10-06,Sacramento,067,1510023,152472,151164,4047,155211,2141
2021-10-06,San Benito,069,59416,7140,7108,150,7258,69
2021-10-06,San Bernardino,071,2135413,345568,343022,10748,353770,5551
2021-10-06,San Diego,073,3302833,361888,359564,21282,380846,4104
2021-10-06,San Francisco,075,870044,51537,50894,2169,53063,641
2021-10-06,San Joaquin,077,732212,96499,95418,5127,100545,1658
2021-10-06,San Luis Obispo,079,281455,28590,28170,1156,29326,323
2021-10-06,San Mateo,081,765935,52911,52056,795,52851,569
2021-10-06,Santa Barbara,083,443738,43142,42687,1485,44172,513
2021-10-06,Santa Clara,085,1922200,143320,142124,1168,143292,1872
2021-10-06,Santa Cruz,087,273765,19858,19604,972,20576,217
2021-10-06,Shasta,089,179085,19771,19325,3272,22597,287
2021-10-06,Sierra,091,2930,156,138,15,153,0
2021-10-06,Siskiyou,093,43540,3220,3116,1172,4288,42
2021-10-06,Solano,095,438530,44935,44185,1179,45364,328
2021-10-06,Sonoma,097,501317,40095,39787,495,40282,383
2021-10-06,Stanislaus,099,539301,74887,74699,8365,83064,1114
2021-10-06,Sutter,101,95872,13365,13284,283,13567,164
2021-10-06,Tehama,103,63373,7819,7629,1299,8928,99
2021-10-06,Trinity,105,12862,801,656,199,855,11
2021-10-06,Tulare,107,460477,64689,63198,13441,76639,926
2021-10-06,Tuolumne,109,53932,6585,6486,81,6567,89
2021-10-06,Ventura,111,848112,96215,95449,4158,99607,1158
2021-10-06,Yolo,113,214977,19104,18815,920,19735,247
2021-10-06,Yuba,115,75493,9655,9520,228,9748,69
2021-10-05,Alameda,001,1643700,116387,115968,2618,118586,1350
2021-10-05,Alpine,003,1148,99,102,0,102,0
2021-10-05,Amador,005,37829,5275,5194,54,5248,61
2021-10-05,Butte,007,227075,19624,19137,3552,22689,246
2021-10-05,Calaveras,009,45235,3719,3657,42,3699,73
2021-10-05,Colusa,011,21464,2438,2414,563,2977,18
2021-10-05,Contra Costa,013,1133247,96816,96108,2011,98119,941
2021-10-05,Del Norte,015,27424,3575,3485,43,3528,39
2021-10-05,El Dorado,017,186661,15340,15052,1597,16649,140
2021-10-05,Fresno,019,978130,131986,129957,11812,141769,1987
2021-10-05,Glenn,021,27897,3324,3270,956,4226,26
2021-10-05,Humboldt,023,135768,8547,8398,444,8842,94
2021-10-05,Imperial,025,180216,32177,31909,2999,34908,759
2021-10-05,Inyo,027,18085,1859,1800,36,1836,39
2021-10-05,Kern,029,883053,121064,119260,19474,138734,1540
2021-10-05,Kings,031,150075,30312,29749,1726,31475,301
2021-10-05,Lake,033,64148,6376,6264,123,6387,97
2021-10-05,Lassen,035,31185,6537,6417,302,6719,25
2021-10-05,Los Angeles,037,10098052,1413371,1400300,51977,1452277,26223
2021-10-05,Madera,039,155013,21602,21183,1804,22987,269
2021-10-05,Marin,041,260295,17162,17024,415,17439,242
2021-10-05,Mariposa,043,17540,1073,1033,33,1066,5
2021-10-05,Mendocino,045,87422,7094,6972,408,7380,79
2021-10-05,Merced,047,269075,39918,39608,1603,41211,562
2021-10-05,Modoc,049,8938,488,475,170,645,5
2021-10-05,Mono,051,14174,1603,1565,19,1584,3
2021-10-05,Monterey,053,433212,47977,47087,2662,49749,573
2021-10-05,Napa,055,140530,12640,12533,97,12630,96
2021-10-05,Nevada,057,99092,8674,8576,300,8876,90
2021-10-05,Orange,059,3164182,300931,298589,14253,312842,5441
2021-10-05,Placer,061,380077,35273,34728,3367,38095,382
2021-10-05,Plumas,063,18699,1466,1357,25,1382,6
2021-10-05,Riverside,065,2383286,353715,349365,15904,365269,4942
2021-10-05,Sacramento,067,1510023,152198,151111,4019,155130,2126
2021-10-05,San Benito,069,59416,7122,7103,148,7251,69
2021-10-05,San Bernardino,071,2135413,345241,342711,10741,353452,5557
2021-10-05,San Diego,073,3302833,361313,359194,21255,380449,4092
2021-10-05,San Francisco,075,870044,51440,50826,2166,52992,641
2021-10-05,San Joaquin,077,732212,96346,95276,5101,100377,1651
2021-10-05,San Luis Obispo,079,281455,28546,28113,1154,29267,324
2021-10-05,San Mateo,081,765935,52864,52008,795,52803,569
2021-10-05,Santa Barbara,083,443738,43064,42595,1481,44076,511
2021-10-05,Santa Clara,085,1922200,143160,141971,1161,143132,1873
2021-10-05,Santa Cruz,087,273765,19816,19582,972,20554,216
2021-10-05,Shasta,089,179085,19697,19285,3259,22544,286
2021-10-05,Sierra,091,2930,152,136,15,151,0
2021-10-05,Siskiyou,093,43540,3206,3107,1172,4279,42
2021-10-05,Solano,095,438530,44864,44149,1178,45327,325
2021-10-05,Sonoma,097,501317,40040,39756,490,40246,383
2021-10-05,Stanislaus,099,539301,74725,74599,8348,82947,1114
2021-10-05,Sutter,101,95872,13337,13270,282,13552,164
2021-10-05,Tehama,103,63373,7790,7607,1290,8897,98
2021-10-05,Trinity,105,12862,798,655,199,854,11
2021-10-05,Tulare,107,460477,64482,63093,13388,76481,920
2021-10-05,Tuolumne,109,53932,6569,6473,80,6553,89
2021-10-05,Ventura,111,848112,96109,95351,4157,99508,1155
2021-10-05,Yolo,113,214977,19068,18782,914,19696,245
2021-10-05,Yuba,115,75493,9623,9504,225,9729,69
2021-10-04,Alameda,001,1643700,116226,115845,2615,118460,1347
2021-10-04,Alpine,003,1148,99,102,0,102,0
2021-10-04,Amador,005,37829,5265,5163,53,5216,61
2021-10-04,Butte,007,227075,19546,19081,3541,22622,245
2021-10-04,Calaveras,009,45235,3710,3641,42,3683,73
2021-10-04,Colusa,011,21464,2437,2414,561,2975,18
2021-10-04,Contra Costa,013,1133247,96674,95958,2006,97964,937
2021-10-04,Del Norte,015,27424,3573,3485,39,3524,39
2021-10-04,El Dorado,017,186661,15293,15031,1590,16621,138
2021-10-04,Fresno,019,978130,131676,129665,11782,141447,1978
2021-10-04,Glenn,021,27897,3317,3270,953,4223,26
2021-10-04,Humboldt,023,135768,8515,8355,437,8792,94
2021-10-04,Imperial,025,180216,32128,31866,2992,34858,757
2021-10-04,Inyo,027,18085,1847,1792,34,1826,39
2021-10-04,Kern,029,883053,120773,118984,19354,138338,1531
2021-10-04,Kings,031,150075,30219,29702,1723,31425,303
2021-10-04,Lake,033,64148,6363,6248,123,6371,97
2021-10-04,Lassen,035,31185,6520,6405,302,6707,25
2021-10-04,Los Angeles,037,10098052,1412252,1399604,51920,1451524,26186
2021-10-04,Madera,039,155013,21538,21126,1792,22918,266
2021-10-04,Marin,041,260295,17146,17008,414,17422,242
2021-10-04,Mariposa,043,17540,1061,1024,33,1057,5
2021-10-04,Mendocino,045,87422,7076,6947,405,7352,79
2021-10-04,Merced,047,269075,39801,39565,1587,41152,558
2021-10-04,Modoc,049,8938,485,473,170,643,5
2021-10-04,Mono,051,14174,1595,1561,19,1580,3
2021-10-04,Monterey,053,433212,47956,47058,2655,49713,571
2021-10-04,Napa,055,140530,12617,12506,97,12603,96
2021-10-04,Nevada,057,99092,8654,8563,300,8863,90
2021-10-04,Orange,059,3164182,300635,298165,14221,312386,5438
2021-10-04,Placer,061,380077,35191,34630,3340,37970,379
2021-10-04,Plumas,063,18699,1444,1329,25,1354,6
2021-10-04,Riverside,065,2383286,353335,348828,15894,364722,4923
2021-10-04,Sacramento,067,1510023,151873,150887,3992,154879,2115
2021-10-04,San Benito,069,59416,7109,7099,148,7247,69
2021-10-04,San Bernardino,071,2135413,344880,342418,10730,353148,5551
2021-10-04,San Diego,073,3302833,360747,358525,21224,379749,4090
2021-10-04,San Francisco,075,870044,51345,50798,2162,52960,638
2021-10-04,San Joaquin,077,732212,96150,95198,5081,100279,1649
2021-10-04,San Luis Obispo,079,281455,28501,28090,1148,29238,323
2021-10-04,San Mateo,081,765935,52804,51958,794,52752,569
2021-10-04,Santa Barbara,083,443738,42979,42585,1480,44065,511
2021-10-04,Santa Clara,085,1922200,143016,141840,1155,142995,1869
2021-10-04,Santa Cruz,087,273765,19787,19559,971,20530,216
2021-10-04,Shasta,089,179085,19590,19170,3245,22415,279
2021-10-04,Sierra,091,2930,145,136,14,150,0
2021-10-04,Siskiyou,093,43540,3197,3103,1157,4260,42
2021-10-04,Solano,095,438530,44805,44092,1174,45266,322
2021-10-04,Sonoma,097,501317,39974,39720,490,40210,381
2021-10-04,Stanislaus,099,539301,74574,74444,8329,82773,1106
2021-10-04,Sutter,101,95872,13308,13261,281,13542,164
2021-10-04,Tehama,103,63373,7749,7585,1284,8869,95
2021-10-04,Trinity,105,12862,797,649,198,847,11
2021-10-04,Tulare,107,460477,64296,62957,13320,76277,920
2021-10-04,Tuolumne,109,53932,6543,6442,80,6522,89
2021-10-04,Ventura,111,848112,96017,95170,4151,99321,1153
2021-10-04,Yolo,113,214977,19024,18761,910,19671,242
2021-10-04,Yuba,115,75493,9584,9481,223,9704,68
2021-10-03,Alameda,001,1643700,116081,115751,2605,118356,1349
2021-10-03,Alpine,003,1148,99,102,0,102,0
2021-10-03,Amador,005,37829,5247,5160,51,5211,61
2021-10-03,Butte,007,227075,19473,19066,3524,22590,245
2021-10-03,Calaveras,009,45235,3693,3632,42,3674,73
2021-10-03,Colusa,011,21464,2436,2413,558,2971,18
2021-10-03,Contra Costa,013,1133247,96542,95890,1999,97889,937
2021-10-03,Del Norte,015,27424,3567,3483,38,3521,39
2021-10-03,El Dorado,017,186661,15234,15014,1583,16597,139
2021-10-03,Fresno,019,978130,131295,129365,11741,141106,1978
2021-10-03,Glenn,021,27897,3310,3266,945,4211,26
2021-10-03,Humboldt,023,135768,8469,8352,433,8785,94
2021-10-03,Imperial,025,180216,32061,31844,2984,34828,757
2021-10-03,Inyo,027,18085,1826,1788,34,1822,39
2021-10-03,Kern,029,883053,120468,118851,19232,138083,1535
2021-10-03,Kings,031,150075,30120,29623,1716,31339,300
2021-10-03,Lake,033,64148,6337,6239,123,6362,97
2021-10-03,Lassen,035,31185,6498,6400,300,6700,25
2021-10-03,Los Angeles,037,10098052,1410990,1398790,51866,1450656,26179
2021-10-03,Madera,039,155013,21466,21066,1782,22848,266
2021-10-03,Marin,041,260295,17123,16995,409,17404,242
2021-10-03,Mariposa,043,17540,1054,1011,33,1044,5
2021-10-03,Mendocino,045,87422,7056,6939,397,7336,79
2021-10-03,Merced,047,269075,39694,39516,1567,41083,558
2021-10-03,Modoc,049,8938,484,472,169,641,5
2021-10-03,Mono,051,14174,1591,1554,19,1573,3
2021-10-03,Monterey,053,433212,47931,47049,2644,49693,571
2021-10-03,Napa,055,140530,12588,12489,95,12584,96
2021-10-03,Nevada,057,99092,8619,8545,300,8845,90
2021-10-03,Orange,059,3164182,300353,298027,14201,312228,5447
2021-10-03,Placer,061,380077,35053,34596,3324,37920,379
2021-10-03,Plumas,063,18699,1416,1328,25,1353,6
2021-10-03,Riverside,065,2383286,352904,348593,15874,364467,4924
2021-10-03,Sacramento,067,1510023,151584,150664,3963,154627,2120
2021-10-03,San Benito,069,59416,7100,7095,148,7243,69
2021-10-03,San Bernardino,071,2135413,344462,342302,10723,353025,5555
2021-10-03,San Diego,073,3302833,360167,358153,21192,379345,4081
2021-10-03,San Francisco,075,870044,51259,50733,2159,52892,638
2021-10-03,San Joaquin,077,732212,95961,95133,5073,100206,1649
2021-10-03,San Luis Obispo,079,281455,28434,28065,1143,29208,325
2021-10-03,San Mateo,081,765935,52737,51923,793,52716,569
2021-10-03,Santa Barbara,083,443738,42883,42550,1472,44022,511
2021-10-03,Santa Clara,085,1922200,142846,141737,1147,142884,1869
2021-10-03,Santa Cruz,087,273765,19747,19548,969,20517,216
2021-10-03,Shasta,089,179085,19485,19132,3217,22349,279
2021-10-03,Sierra,091,2930,142,136,14,150,0
2021-10-03,Siskiyou,093,43540,3184,3096,1147,4243,42
2021-10-03,Solano,095,438530,44741,44051,1171,45222,322
2021-10-03,Sonoma,097,501317,39908,39679,490,40169,381
2021-10-03,Stanislaus,099,539301,74386,74366,8311,82677,1106
2021-10-03,Sutter,101,95872,13293,13248,277,13525,164
2021-10-03,Tehama,103,63373,7706,7564,1279,8843,94
2021-10-03,Trinity,105,12862,793,647,196,843,11
2021-10-03,Tulare,107,460477,64093,62860,13248,76108,924
2021-10-03,Tuolumne,109,53932,6514,6430,78,6508,89
2021-10-03,Ventura,111,848112,95912,95108,4148,99256,1153
2021-10-03,Yolo,113,214977,18995,18720,902,19622,242
2021-10-03,Yuba,115,75493,9567,9462,222,9684,68
2021-10-02,Alameda,001,1643700,115973,115185,2600,117785,1343
2021-10-02,Alpine,003,1148,99,102,0,102,0
2021-10-02,Amador,005,37829,5238,5105,51,5156,61
2021-10-02,Butte,007,227075,19443,18911,3517,22428,243
2021-10-02,Calaveras,009,45235,3686,3585,42,3627,72
2021-10-02,Colusa,011,21464,2435,2403,556,2959,18
2021-10-02,Contra Costa,013,1133247,96471,95369,1995,97364,933
2021-10-02,Del Norte,015,27424,3562,3468,38,3506,39
2021-10-02,El Dorado,017,186661,15208,14887,1582,16469,136
2021-10-02,Fresno,019,978130,131124,128450,11728,140178,1964
2021-10-02,Glenn,021,27897,3305,3234,945,4179,26
2021-10-02,Humboldt,023,135768,8451,8244,433,8677,94
2021-10-02,Imperial,025,180216,32026,31674,2981,34655,757
2021-10-02,Inyo,027,18085,1817,1746,34,1780,39
2021-10-02,Kern,029,883053,120335,117962,19151,137113,1524
2021-10-02,Kings,031,150075,30071,29339,1712,31051,301
2021-10-02,Lake,033,64148,6328,6191,123,6314,97
2021-10-02,Lassen,035,31185,6493,6360,300,6660,25
2021-10-02,Los Angeles,037,10098052,1410379,1395070,51830,1446900,26126
2021-10-02,Madera,039,155013,21441,20931,1773,22704,266
2021-10-02,Marin,041,260295,17118,16936,406,17342,242
2021-10-02,Mariposa,043,17540,1052,967,33,1000,5
2021-10-02,Mendocino,045,87422,7046,6869,397,7266,78
2021-10-02,Merced,047,269075,39667,39196,1563,40759,552
2021-10-02,Modoc,049,8938,482,468,169,637,5
2021-10-02,Mono,051,14174,1589,1540,19,1559,3
2021-10-02,Monterey,053,433212,47876,46964,2643,49607,571
2021-10-02,Napa,055,140530,12577,12433,95,12528,96
2021-10-02,Nevada,057,99092,8608,8474,299,8773,87
2021-10-02,Orange,059,3164182,300188,297307,14181,311488,5435
2021-10-02,Placer,061,380077,34987,34377,3315,37692,381
2021-10-02,Plumas,063,18699,1405,1298,25,1323,6
2021-10-02,Riverside,065,2383286,352663,347227,15863,363090,4895
2021-10-02,Sacramento,067,1510023,151411,149897,3955,153852,2099
2021-10-02,San Benito,069,59416,7093,7055,148,7203,69
2021-10-02,San Bernardino,071,2135413,344275,341212,10671,351883,5540
2021-10-02,San Diego,073,3302833,359850,356454,21170,377624,4078
2021-10-02,San Francisco,075,870044,51210,50393,2154,52547,634
2021-10-02,San Joaquin,077,732212,95896,94599,5067,99666,1646
2021-10-02,San Luis Obispo,079,281455,28410,27915,1143,29058,323
2021-10-02,San Mateo,081,765935,52696,51767,789,52556,573
2021-10-02,Santa Barbara,083,443738,42843,42423,1472,43895,508
2021-10-02,Santa Clara,085,1922200,142732,141231,1143,142374,1862
2021-10-02,Santa Cruz,087,273765,19730,19461,968,20429,214
2021-10-02,Shasta,089,179085,19439,18912,3211,22123,270
2021-10-02,Sierra,091,2930,141,131,14,145,0
2021-10-02,Siskiyou,093,43540,3183,3053,1144,4197,42
2021-10-02,Solano,095,438530,44696,43800,1170,44970,321
2021-10-02,Sonoma,097,501317,39874,39497,489,39986,382
2021-10-02,Stanislaus,099,539301,74300,73859,8298,82157,1099
2021-10-02,Sutter,101,95872,13284,13160,276,13436,160
2021-10-02,Tehama,103,63373,7691,7453,1279,8732,93
2021-10-02,Trinity,105,12862,790,625,196,821,10
2021-10-02,Tulare,107,460477,64017,62247,13222,75469,908
2021-10-02,Tuolumne,109,53932,6500,6369,78,6447,89
2021-10-02,Ventura,111,848112,95840,94854,4143,98997,1148
2021-10-02,Yolo,113,214977,18970,18640,898,19538,242
2021-10-02,Yuba,115,75493,9548,9370,221,9591,66
2021-10-01,Alameda,001,1643700,115897,115185,2594,117779,1343
2021-10-01,Alpine,003,1148,99,102,0,102,0
2021-10-01,Amador,005,37829,5218,5105,51,5156,61
2021-10-01,Butte,007,227075,19402,18911,3510,22421,243
2021-10-01,Calaveras,009,45235,3676,3585,42,3627,72
2021-10-01,Colusa,011,21464,2433,2403,556,2959,18
2021-10-01,Contra Costa,013,1133247,96375,95369,1991,97360,933
2021-10-01,Del Norte,015,27424,3559,3468,37,3505,39
2021-10-01,El Dorado,017,186661,15191,14887,1578,16465,136
2021-10-01,Fresno,019,978130,130935,128450,11718,140168,1964
2021-10-01,Glenn,021,27897,3303,3234,944,4178,26
2021-10-01,Humboldt,023,135768,8434,8244,433,8677,94
2021-10-01,Imperial,025,180216,32007,31674,2972,34646,757
2021-10-01,Inyo,027,18085,1808,1746,34,1780,39
2021-10-01,Kern,029,883053,120182,117962,19095,137057,1524
2021-10-01,Kings,031,150075,30037,29339,1707,31046,301
2021-10-01,Lake,033,64148,6318,6191,123,6314,97
2021-10-01,Lassen,035,31185,6482,6360,299,6659,25
2021-10-01,Los Angeles,037,10098052,1409615,1395070,51786,1446856,26126
2021-10-01,Madera,039,155013,21391,20931,1764,22695,266
2021-10-01,Marin,041,260295,17103,16936,405,17341,242
2021-10-01,Mariposa,043,17540,1045,967,33,1000,5
2021-10-01,Mendocino,045,87422,7034,6869,397,7266,78
2021-10-01,Merced,047,269075,39623,39196,1554,40750,552
2021-10-01,Modoc,049,8938,481,468,169,637,5
2021-10-01,Mono,051,14174,1586,1540,19,1559,3
2021-10-01,Monterey,053,433212,47855,46964,2640,49604,571
2021-10-01,Napa,055,140530,12567,12433,94,12527,96
2021-10-01,Nevada,057,99092,8594,8474,298,8772,87
2021-10-01,Orange,059,3164182,300004,297307,14161,311468,5435
2021-10-01,Placer,061,380077,34953,34377,3311,37688,381
2021-10-01,Plumas,063,18699,1396,1298,25,1323,6
2021-10-01,Riverside,065,2383286,352370,347227,15856,363083,4895
2021-10-01,Sacramento,067,1510023,151259,149897,3944,153841,2099
2021-10-01,San Benito,069,59416,7091,7055,146,7201,69
2021-10-01,San Bernardino,071,2135413,344075,341212,10668,351880,5540
2021-10-01,San Diego,073,3302833,359490,356454,21149,377603,4078
2021-10-01,San Francisco,075,870044,51169,50393,2153,52546,634
2021-10-01,San Joaquin,077,732212,95826,94599,5063,99662,1646
2021-10-01,San Luis Obispo,079,281455,28386,27915,1140,29055,323
2021-10-01,San Mateo,081,765935,52656,51767,786,52553,573
2021-10-01,Santa Barbara,083,443738,42807,42423,1472,43895,508
2021-10-01,Santa Clara,085,1922200,142639,141231,1138,142369,1862
2021-10-01,Santa Cruz,087,273765,19710,19461,967,20428,214
2021-10-01,Shasta,089,179085,19385,18912,3204,22116,270
2021-10-01,Sierra,091,2930,141,131,14,145,0
2021-10-01,Siskiyou,093,43540,3182,3053,1141,4194,42
2021-10-01,Solano,095,438530,44644,43800,1164,44964,321
2021-10-01,Sonoma,097,501317,39842,39497,488,39985,382
2021-10-01,Stanislaus,099,539301,74216,73859,8287,82146,1099
2021-10-01,Sutter,101,95872,13268,13160,274,13434,160
2021-10-01,Tehama,103,63373,7679,7453,1277,8730,93
2021-10-01,Trinity,105,12862,788,625,196,821,10
2021-10-01,Tulare,107,460477,63914,62247,13187,75434,908
2021-10-01,Tuolumne,109,53932,6483,6369,78,6447,89
2021-10-01,Ventura,111,848112,95773,94854,4138,98992,1148
2021-10-01,Yolo,113,214977,18946,18640,896,19536,242
2021-10-01,Yuba,115,75493,9526,9370,221,9591,66
2021-09-30,Alameda,001,1643700,115753,115185,2590,117775,1343
2021-09-30,Alpine,003,1148,99,102,0,102,0
2021-09-30,Amador,005,37829,5206,5105,51,5156,61
2021-09-30,Butte,007,227075,19353,18911,3501,22412,243
2021-09-30,Calaveras,009,45235,3662,3585,42,3627,72
2021-09-30,Colusa,011,21464,2430,2403,555,2958,18
2021-09-30,Contra Costa,013,1133247,96270,95369,1986,97355,933
2021-09-30,Del Norte,015,27424,3555,3468,34,3502,39
2021-09-30,El Dorado,017,186661,15165,14887,1570,16457,136
2021-09-30,Fresno,019,978130,130660,128450,11684,140134,1964
2021-09-30,Glenn,021,27897,3293,3234,941,4175,26
2021-09-30,Humboldt,023,135768,8402,8244,427,8671,94
2021-09-30,Imperial,025,180216,31955,31674,2970,34644,757
2021-09-30,Inyo,027,18085,1798,1746,34,1780,39
2021-09-30,Kern,029,883053,119939,117962,19014,136976,1524
2021-09-30,Kings,031,150075,29947,29339,1703,31042,301
2021-09-30,Lake,033,64148,6300,6191,123,6314,97
2021-09-30,Lassen,035,31185,6468,6360,299,6659,25
2021-09-30,Los Angeles,037,10098052,1408407,1395070,51726,1446796,26126
2021-09-30,Madera,039,155013,21308,20931,1749,22680,266
2021-09-30,Marin,041,260295,17083,16936,404,17340,242
2021-09-30,Mariposa,043,17540,1023,967,33,1000,5
2021-09-30,Mendocino,045,87422,7025,6869,388,7257,78
2021-09-30,Merced,047,269075,39527,39196,1550,40746,552
2021-09-30,Modoc,049,8938,481,468,168,636,5
2021-09-30,Mono,051,14174,1578,1540,19,1559,3
2021-09-30,Monterey,053,433212,47825,46964,2629,49593,571
2021-09-30,Napa,055,140530,12547,12433,94,12527,96
2021-09-30,Nevada,057,99092,8577,8474,297,8771,87
2021-09-30,Orange,059,3164182,299732,297307,14123,311430,5435
2021-09-30,Placer,061,380077,34899,34377,3291,37668,381
2021-09-30,Plumas,063,18699,1378,1298,25,1323,6
2021-09-30,Riverside,065,2383286,351936,347227,15835,363062,4895
2021-09-30,Sacramento,067,1510023,150998,149897,3918,153815,2099
2021-09-30,San Benito,069,59416,7085,7055,146,7201,69
2021-09-30,San Bernardino,071,2135413,343762,341212,10654,351866,5540
2021-09-30,San Diego,073,3302833,359009,356454,21123,377577,4078
2021-09-30,San Francisco,075,870044,51092,50393,2149,52542,634
2021-09-30,San Joaquin,077,732212,95695,94599,5055,99654,1646
2021-09-30,San Luis Obispo,079,281455,28338,27915,1136,29051,323
2021-09-30,San Mateo,081,765935,52607,51767,783,52550,573
2021-09-30,Santa Barbara,083,443738,42750,42423,1471,43894,508
2021-09-30,Santa Clara,085,1922200,142489,141231,1135,142366,1862
2021-09-30,Santa Cruz,087,273765,19670,19461,966,20427,214
2021-09-30,Shasta,089,179085,19323,18912,3189,22101,270
2021-09-30,Sierra,091,2930,140,131,14,145,0
2021-09-30,Siskiyou,093,43540,3174,3053,1136,4189,42
2021-09-30,Solano,095,438530,44590,43800,1161,44961,321
2021-09-30,Sonoma,097,501317,39793,39497,488,39985,382
2021-09-30,Stanislaus,099,539301,74056,73859,8268,82127,1099
2021-09-30,Sutter,101,95872,13247,13160,274,13434,160
2021-09-30,Tehama,103,63373,7642,7453,1265,8718,93
2021-09-30,Trinity,105,12862,784,625,196,821,10
2021-09-30,Tulare,107,460477,63738,62247,13130,75377,908
2021-09-30,Tuolumne,109,53932,6460,6369,78,6447,89
2021-09-30,Ventura,111,848112,95668,94854,4131,98985,1148
2021-09-30,Yolo,113,214977,18906,18640,893,19533,242
2021-09-30,Yuba,115,75493,9503,9370,220,9590,66
2021-09-29,Alameda,001,1643700,115608,114998,2587,117585,1339
2021-09-29,Alpine,003,1148,99,101,0,101,0
2021-09-29,Amador,005,37829,5184,5058,51,5109,61
2021-09-29,Butte,007,227075,19299,18835,3494,22329,242
2021-09-29,Calaveras,009,45235,3645,3553,41,3594,72
2021-09-29,Colusa,011,21464,2428,2401,555,2956,18
2021-09-29,Contra Costa,013,1133247,96156,95213,1978,97191,929
2021-09-29,Del Norte,015,27424,3549,3467,34,3501,39
2021-09-29,El Dorado,017,186661,15131,14834,1563,16397,136
2021-09-29,Fresno,019,978130,130360,128068,11663,139731,1957
2021-09-29,Glenn,021,27897,3288,3213,939,4152,26
2021-09-29,Humboldt,023,135768,8379,8203,426,8629,94
2021-09-29,Imperial,025,180216,31890,31600,2965,34565,757
2021-09-29,Inyo,027,18085,1788,1740,33,1773,39
2021-09-29,Kern,029,883053,119704,117605,18938,136543,1513
2021-09-29,Kings,031,150075,29865,29195,1688,30883,299
2021-09-29,Lake,033,64148,6280,6164,123,6287,97
2021-09-29,Lassen,035,31185,6454,6347,299,6646,25
2021-09-29,Los Angeles,037,10098052,1407187,1393617,51657,1445274,26098
2021-09-29,Madera,039,155013,21264,20818,1733,22551,266
2021-09-29,Marin,041,260295,17065,16921,402,17323,242
2021-09-29,Mariposa,043,17540,1008,963,33,996,5
2021-09-29,Mendocino,045,87422,7013,6821,380,7201,78
2021-09-29,Merced,047,269075,39433,39026,1539,40565,552
2021-09-29,Modoc,049,8938,479,468,168,636,5
2021-09-29,Mono,051,14174,1576,1527,19,1546,3
2021-09-29,Monterey,053,433212,47787,46917,2615,49532,571
2021-09-29,Napa,055,140530,12527,12416,91,12507,96
2021-09-29,Nevada,057,99092,8564,8434,297,8731,87
2021-09-29,Orange,059,3164182,299464,296936,14087,311023,5429
2021-09-29,Placer,061,380077,34835,34271,3269,37540,379
2021-09-29,Plumas,063,18699,1359,1289,25,1314,6
2021-09-29,Riverside,065,2383286,351502,346558,15822,362380,4886
2021-09-29,Sacramento,067,1510023,150747,149686,3908,153594,2099
2021-09-29,San Benito,069,59416,7074,7039,146,7185,69
2021-09-29,San Bernardino,071,2135413,343442,340672,10639,351311,5539
2021-09-29,San Diego,073,3302833,358522,355899,21093,376992,4066
2021-09-29,San Francisco,075,870044,51008,50286,2145,52431,629
2021-09-29,San Joaquin,077,732212,95537,94356,5033,99389,1645
2021-09-29,San Luis Obispo,079,281455,28292,27800,1130,28930,323
2021-09-29,San Mateo,081,765935,52547,51673,781,52454,573
2021-09-29,Santa Barbara,083,443738,42678,42328,1468,43796,507
2021-09-29,Santa Clara,085,1922200,142354,141036,1129,142165,1861
2021-09-29,Santa Cruz,087,273765,19652,19425,965,20390,214
2021-09-29,Shasta,089,179085,19257,18805,3178,21983,271
2021-09-29,Sierra,091,2930,136,130,14,144,0
2021-09-29,Siskiyou,093,43540,3161,3043,1129,4172,42
2021-09-29,Solano,095,438530,44534,43724,1154,44878,321
2021-09-29,Sonoma,097,501317,39732,39426,486,39912,370
2021-09-29,Stanislaus,099,539301,73925,73634,8257,81891,1096
2021-09-29,Sutter,101,95872,13220,13135,271,13406,155
2021-09-29,Tehama,103,63373,7612,7409,1250,8659,88
2021-09-29,Trinity,105,12862,780,616,196,812,10
2021-09-29,Tulare,107,460477,63563,62046,13071,75117,908
2021-09-29,Tuolumne,109,53932,6443,6336,78,6414,89
2021-09-29,Ventura,111,848112,95578,94753,4127,98880,1144
2021-09-29,Yolo,113,214977,18873,18587,888,19475,239
2021-09-29,Yuba,115,75493,9472,9351,216,9567,66
2021-09-28,Alameda,001,1643700,115450,114869,2581,117450,1333
2021-09-28,Alpine,003,1148,99,101,0,101,0
2021-09-28,Amador,005,37829,5162,5049,51,5100,61
2021-09-28,Butte,007,227075,19250,18764,3479,22243,241
2021-09-28,Calaveras,009,45235,3625,3530,41,3571,72
2021-09-28,Colusa,011,21464,2425,2399,553,2952,18
2021-09-28,Contra Costa,013,1133247,96015,95115,1973,97088,929
2021-09-28,Del Norte,015,27424,3546,3462,34,3496,39
2021-09-28,El Dorado,017,186661,15085,14793,1559,16352,133
2021-09-28,Fresno,019,978130,130016,127877,11629,139506,1948
2021-09-28,Glenn,021,27897,3283,3205,938,4143,26
2021-09-28,Humboldt,023,135768,8339,8159,423,8582,91
2021-09-28,Imperial,025,180216,31845,31543,2961,34504,757
2021-09-28,Inyo,027,18085,1774,1708,32,1740,39
2021-09-28,Kern,029,883053,119435,117420,18843,136263,1506
2021-09-28,Kings,031,150075,29763,29141,1680,30821,295
2021-09-28,Lake,033,64148,6265,6155,123,6278,95
2021-09-28,Lassen,035,31185,6448,6340,295,6635,25
2021-09-28,Los Angeles,037,10098052,1405896,1392445,51591,1444036,26068
2021-09-28,Madera,039,155013,21210,20764,1718,22482,266
2021-09-28,Marin,041,260295,17046,16887,400,17287,242
2021-09-28,Mariposa,043,17540,1003,952,33,985,5
2021-09-28,Mendocino,045,87422,6991,6804,378,7182,78
2021-09-28,Merced,047,269075,39347,38953,1526,40479,551
2021-09-28,Modoc,049,8938,478,467,168,635,5
2021-09-28,Mono,051,14174,1566,1527,19,1546,3
2021-09-28,Monterey,053,433212,47750,46859,2606,49465,571
2021-09-28,Napa,055,140530,12510,12388,90,12478,96
2021-09-28,Nevada,057,99092,8541,8409,296,8705,84
2021-09-28,Orange,059,3164182,299210,296596,14058,310654,5421
2021-09-28,Placer,061,380077,34770,34187,3251,37438,370
2021-09-28,Plumas,063,18699,1350,1276,25,1301,6
2021-09-28,Riverside,065,2383286,351043,346096,15801,361897,4874
2021-09-28,Sacramento,067,1510023,150456,149310,3886,153196,2086
2021-09-28,San Benito,069,59416,7057,7028,145,7173,69
2021-09-28,San Bernardino,071,2135413,343095,340342,10621,350963,5540
2021-09-28,San Diego,073,3302833,357975,355373,21061,376434,4054
2021-09-28,San Francisco,075,870044,50907,50234,2144,52378,627
2021-09-28,San Joaquin,077,732212,95384,94194,5020,99214,1639
2021-09-28,San Luis Obispo,079,281455,28258,27755,1125,28880,321
2021-09-28,San Mateo,081,765935,52502,51620,781,52401,571
2021-09-28,Santa Barbara,083,443738,42605,42226,1467,43693,506
2021-09-28,Santa Clara,085,1922200,142193,140886,1120,142006,1858
2021-09-28,Santa Cruz,087,273765,19611,19324,964,20288,214
2021-09-28,Shasta,089,179085,19196,18701,3164,21865,267
2021-09-28,Sierra,091,2930,135,130,13,143,0
2021-09-28,Siskiyou,093,43540,3149,3032,1126,4158,42
2021-09-28,Solano,095,438530,44461,43652,1151,44803,316
2021-09-28,Sonoma,097,501317,39685,39395,485,39880,370
2021-09-28,Stanislaus,099,539301,73754,73528,8245,81773,1094
2021-09-28,Sutter,101,95872,13201,13102,267,13369,155
2021-09-28,Tehama,103,63373,7594,7382,1235,8617,88
2021-09-28,Trinity,105,12862,777,613,196,809,10
2021-09-28,Tulare,107,460477,63402,61916,13013,74929,905
2021-09-28,Tuolumne,109,53932,6416,6308,78,6386,89
2021-09-28,Ventura,111,848112,95452,94632,4124,98756,1143
2021-09-28,Yolo,113,214977,18847,18564,884,19448,239
2021-09-28,Yuba,115,75493,9453,9323,215,9538,66
2021-09-27,Alameda,001,1643700,115256,114731,2572,117303,1327
2021-09-27,Alpine,003,1148,99,101,0,101,0
2021-09-27,Amador,005,37829,5148,5017,51,5068,59
2021-09-27,Butte,007,227075,19190,18687,3462,22149,239
2021-09-27,Calaveras,009,45235,3605,3514,40,3554,70
2021-09-27,Colusa,011,21464,2424,2393,552,2945,18
2021-09-27,Contra Costa,013,1133247,95883,94979,1964,96943,924
2021-09-27,Del Norte,015,27424,3544,3468,32,3500,37
2021-09-27,El Dorado,017,186661,15046,14764,1552,16316,132
2021-09-27,Fresno,019,978130,129696,127475,11596,139071,1942
2021-09-27,Glenn,021,27897,3270,3189,934,4123,26
2021-09-27,Humboldt,023,135768,8299,8118,423,8541,91
2021-09-27,Imperial,025,180216,31782,31491,2954,34445,756
2021-09-27,Inyo,027,18085,1762,1698,32,1730,39
2021-09-27,Kern,029,883053,119160,117064,18748,135812,1503
2021-09-27,Kings,031,150075,29665,28998,1668,30666,297
2021-09-27,Lake,033,64148,6245,6126,122,6248,95
2021-09-27,Lassen,035,31185,6433,6327,291,6618,25
2021-09-27,Los Angeles,037,10098052,1404559,1391538,51523,1443061,26040
2021-09-27,Madera,039,155013,21145,20691,1710,22401,262
2021-09-27,Marin,041,260295,17025,16861,399,17260,242
2021-09-27,Mariposa,043,17540,993,931,33,964,5
2021-09-27,Mendocino,045,87422,6965,6761,371,7132,74
2021-09-27,Merced,047,269075,39247,38840,1520,40360,548
2021-09-27,Modoc,049,8938,477,465,166,631,5
2021-09-27,Mono,051,14174,1554,1525,19,1544,3
2021-09-27,Monterey,053,433212,47707,46811,2595,49406,571
2021-09-27,Napa,055,140530,12486,12354,89,12443,95
2021-09-27,Nevada,057,99092,8517,8379,293,8672,84
2021-09-27,Orange,059,3164182,298903,296334,14028,310362,5409
2021-09-27,Placer,061,380077,34683,34087,3246,37333,370
2021-09-27,Plumas,063,18699,1340,1269,25,1294,6
2021-09-27,Riverside,065,2383286,350601,345529,15791,361320,4864
2021-09-27,Sacramento,067,1510023,150140,149096,3864,152960,2076
2021-09-27,San Benito,069,59416,7040,7017,145,7162,67
2021-09-27,San Bernardino,071,2135413,342678,339952,10597,350549,5544
2021-09-27,San Diego,073,3302833,357323,354755,21036,375791,4054
2021-09-27,San Francisco,075,870044,50823,50157,2141,52298,622
2021-09-27,San Joaquin,077,732212,95199,94085,5017,99102,1633
2021-09-27,San Luis Obispo,079,281455,28203,27674,1122,28796,320
2021-09-27,San Mateo,081,765935,52426,51552,781,52333,571
2021-09-27,Santa Barbara,083,443738,42538,42012,1463,43475,505
2021-09-27,Santa Clara,085,1922200,142012,140802,1110,141912,1853
2021-09-27,Santa Cruz,087,273765,19587,19292,963,20255,214
2021-09-27,Shasta,089,179085,19116,18599,3137,21736,267
2021-09-27,Sierra,091,2930,135,128,13,141,0
2021-09-27,Siskiyou,093,43540,3137,3015,1121,4136,42
2021-09-27,Solano,095,438530,44386,43582,1145,44727,314
2021-09-27,Sonoma,097,501317,39631,39347,485,39832,370
2021-09-27,Stanislaus,099,539301,73600,73370,8225,81595,1091
2021-09-27,Sutter,101,95872,13171,13082,264,13346,155
2021-09-27,Tehama,103,63373,7554,7345,1226,8571,88
2021-09-27,Trinity,105,12862,766,605,195,800,9
2021-09-27,Tulare,107,460477,63202,61708,12941,74649,904
2021-09-27,Tuolumne,109,53932,6394,6264,78,6342,89
2021-09-27,Ventura,111,848112,95327,94477,4120,98597,1138
2021-09-27,Yolo,113,214977,18813,18524,883,19407,239
2021-09-27,Yuba,115,75493,9416,9292,211,9503,64
2021-09-26,Alameda,001,1643700,115062,114601,2565,117166,1326
2021-09-26,Alpine,003,1148,99,101,0,101,0
2021-09-26,Amador,005,37829,5116,5001,50,5051,59
2021-09-26,Butte,007,227075,19115,18634,3443,22077,238
2021-09-26,Calaveras,009,45235,3583,3505,40,3545,70
2021-09-26,Colusa,011,21464,2419,2392,550,2942,18
2021-09-26,Contra Costa,013,1133247,95708,94877,1951,96828,924
2021-09-26,Del Norte,015,27424,3539,3466,31,3497,37
2021-09-26,El Dorado,017,186661,15004,14738,1544,16282,132
2021-09-26,Fresno,019,978130,129339,127235,11550,138785,1939
2021-09-26,Glenn,021,27897,3262,3182,930,4112,26
2021-09-26,Humboldt,023,135768,8262,8098,422,8520,91
2021-09-26,Imperial,025,180216,31722,31462,2953,34415,756
2021-09-26,Inyo,027,18085,1747,1685,32,1717,39
2021-09-26,Kern,029,883053,118821,116927,18638,135565,1502
2021-09-26,Kings,031,150075,29564,28930,1657,30587,293
2021-09-26,Lake,033,64148,6228,6113,122,6235,95
2021-09-26,Lassen,035,31185,6423,6319,286,6605,25
2021-09-26,Los Angeles,037,10098052,1403069,1390577,51455,1442032,26035
2021-09-26,Madera,039,155013,21070,20629,1691,22320,262
2021-09-26,Marin,041,260295,17002,16860,399,17259,242
2021-09-26,Mariposa,043,17540,987,929,33,962,5
2021-09-26,Mendocino,045,87422,6931,6744,356,7100,74
2021-09-26,Merced,047,269075,39086,38717,1512,40229,548
2021-09-26,Modoc,049,8938,477,465,165,630,5
2021-09-26,Mono,051,14174,1550,1516,19,1535,3
2021-09-26,Monterey,053,433212,47660,46792,2582,49374,571
2021-09-26,Napa,055,140530,12462,12340,88,12428,95
2021-09-26,Nevada,057,99092,8486,8356,288,8644,84
2021-09-26,Orange,059,3164182,298562,296085,13995,310080,5409
2021-09-26,Placer,061,380077,34589,34043,3237,37280,370
2021-09-26,Plumas,063,18699,1322,1268,25,1293,6
2021-09-26,Riverside,065,2383286,350069,345257,15777,361034,4864
2021-09-26,Sacramento,067,1510023,149734,148745,3845,152590,2071
2021-09-26,San Benito,069,59416,7023,7012,144,7156,67
2021-09-26,San Bernardino,071,2135413,342220,339771,10583,350354,5545
2021-09-26,San Diego,073,3302833,356701,354414,20995,375409,4051
2021-09-26,San Francisco,075,870044,50697,50092,2132,52224,622
2021-09-26,San Joaquin,077,732212,94995,93935,5003,98938,1633
2021-09-26,San Luis Obispo,079,281455,28129,27624,1117,28741,319
2021-09-26,San Mateo,081,765935,52357,51496,779,52275,571
2021-09-26,Santa Barbara,083,443738,42452,41946,1460,43406,505
2021-09-26,Santa Clara,085,1922200,141811,140667,1107,141774,1852
2021-09-26,Santa Cruz,087,273765,19562,19279,963,20242,214
2021-09-26,Shasta,089,179085,19007,18566,3114,21680,266
2021-09-26,Sierra,091,2930,135,128,13,141,0
2021-09-26,Siskiyou,093,43540,3123,2998,1111,4109,42
2021-09-26,Solano,095,438530,44319,43537,1144,44681,314
2021-09-26,Sonoma,097,501317,39572,39302,485,39787,370
2021-09-26,Stanislaus,099,539301,73400,73243,8197,81440,1091
2021-09-26,Sutter,101,95872,13134,13045,263,13308,155
2021-09-26,Tehama,103,63373,7497,7323,1215,8538,88
2021-09-26,Trinity,105,12862,763,591,195,786,9
2021-09-26,Tulare,107,460477,62981,61560,12864,74424,904
2021-09-26,Tuolumne,109,53932,6366,6236,76,6312,89
2021-09-26,Ventura,111,848112,95213,94391,4113,98504,1138
2021-09-26,Yolo,113,214977,18776,18496,875,19371,239
2021-09-26,Yuba,115,75493,9389,9275,211,9486,64
2021-09-25,Alameda,001,1643700,114983,114014,2562,116576,1324
2021-09-25,Alpine,003,1148,99,101,0,101,0
2021-09-25,Amador,005,37829,5102,4934,50,4984,59
2021-09-25,Butte,007,227075,19086,18396,3435,21831,236
2021-09-25,Calaveras,009,45235,3580,3461,40,3501,70
2021-09-25,Colusa,011,21464,2416,2387,548,2935,16
2021-09-25,Contra Costa,013,1133247,95637,94337,1947,96284,924
2021-09-25,Del Norte,015,27424,3538,3404,31,3435,35
2021-09-25,El Dorado,017,186661,14981,14641,1540,16181,130
2021-09-25,Fresno,019,978130,129194,126299,11534,137833,1927
2021-09-25,Glenn,021,27897,3257,3144,929,4073,25
2021-09-25,Humboldt,023,135768,8243,8014,420,8434,88
2021-09-25,Imperial,025,180216,31695,31280,2953,34233,755
2021-09-25,Inyo,027,18085,1739,1657,32,1689,39
2021-09-25,Kern,029,883053,118666,116021,18571,134592,1485
2021-09-25,Kings,031,150075,29513,28636,1654,30290,293
2021-09-25,Lake,033,64148,6223,6046,120,6166,92
2021-09-25,Lassen,035,31185,6411,6248,285,6533,25
2021-09-25,Los Angeles,037,10098052,1402359,1386417,51414,1437831,25964
2021-09-25,Madera,039,155013,21045,20432,1685,22117,262
2021-09-25,Marin,041,260295,16993,16802,397,17199,242
2021-09-25,Mariposa,043,17540,982,906,33,939,5
2021-09-25,Mendocino,045,87422,6912,6657,355,7012,74
2021-09-25,Merced,047,269075,39040,38393,1510,39903,546
2021-09-25,Modoc,049,8938,477,460,165,625,5
2021-09-25,Mono,051,14174,1547,1501,19,1520,3
2021-09-25,Monterey,053,433212,47630,46653,2580,49233,567
2021-09-25,Napa,055,140530,12442,12266,88,12354,95
2021-09-25,Nevada,057,99092,8469,8285,288,8573,84
2021-09-25,Orange,059,3164182,298389,294514,13978,308492,5374
2021-09-25,Placer,061,380077,34525,33764,3235,36999,367
2021-09-25,Plumas,063,18699,1318,1238,25,1263,6
2021-09-25,Riverside,065,2383286,349746,343463,15769,359232,4843
2021-09-25,Sacramento,067,1510023,149559,147728,3837,151565,2049
2021-09-25,San Benito,069,59416,7018,6965,144,7109,67
2021-09-25,San Bernardino,071,2135413,341982,338413,10570,348983,5540
2021-09-25,San Diego,073,3302833,356356,352017,20969,372986,4039
2021-09-25,San Francisco,075,870044,50653,49840,2131,51971,615
2021-09-25,San Joaquin,077,732212,94909,93273,5001,98274,1628
2021-09-25,San Luis Obispo,079,281455,28091,27447,1113,28560,318
2021-09-25,San Mateo,081,765935,52293,51266,777,52043,568
2021-09-25,Santa Barbara,083,443738,42394,41728,1460,43188,505
2021-09-25,Santa Clara,085,1922200,141705,140023,1105,141128,1844
2021-09-25,Santa Cruz,087,273765,19546,19200,961,20161,214
2021-09-25,Shasta,089,179085,18956,18256,3105,21361,262
2021-09-25,Sierra,091,2930,134,127,13,140,0
2021-09-25,Siskiyou,093,43540,3116,2956,1101,4057,41
2021-09-25,Solano,095,438530,44278,43331,1141,44472,312
2021-09-25,Sonoma,097,501317,39532,39112,485,39597,369
2021-09-25,Stanislaus,099,539301,73290,72628,8183,80811,1091
2021-09-25,Sutter,101,95872,13116,12976,260,13236,154
2021-09-25,Tehama,103,63373,7481,7200,1213,8413,86
2021-09-25,Trinity,105,12862,763,576,195,771,9
2021-09-25,Tulare,107,460477,62899,60909,12821,73730,898
2021-09-25,Tuolumne,109,53932,6354,6168,76,6244,89
2021-09-25,Ventura,111,848112,95146,94059,4109,98168,1129
2021-09-25,Yolo,113,214977,18754,18393,874,19267,239
2021-09-25,Yuba,115,75493,9369,9191,211,9402,61
2021-09-24,Alameda,001,1643700,114878,114014,2558,116572,1324
2021-09-24,Alpine,003,1148,99,101,0,101,0
2021-09-24,Amador,005,37829,5072,4934,50,4984,59
2021-09-24,Butte,007,227075,19033,18396,3424,21820,236
2021-09-24,Calaveras,009,45235,3573,3461,39,3500,70
2021-09-24,Colusa,011,21464,2413,2387,547,2934,16
2021-09-24,Contra Costa,013,1133247,95527,94337,1943,96280,924
2021-09-24,Del Norte,015,27424,3535,3404,31,3435,35
2021-09-24,El Dorado,017,186661,14963,14641,1538,16179,130
2021-09-24,Fresno,019,978130,128996,126299,11522,137821,1927
2021-09-24,Glenn,021,27897,3249,3144,929,4073,25
2021-09-24,Humboldt,023,135768,8224,8014,417,8431,88
2021-09-24,Imperial,025,180216,31657,31280,2951,34231,755
2021-09-24,Inyo,027,18085,1730,1657,32,1689,39
2021-09-24,Kern,029,883053,118530,116021,18505,134526,1485
2021-09-24,Kings,031,150075,29472,28636,1650,30286,293
2021-09-24,Lake,033,64148,6215,6046,120,6166,92
2021-09-24,Lassen,035,31185,6403,6248,284,6532,25
2021-09-24,Los Angeles,037,10098052,1401472,1386417,51373,1437790,25964
2021-09-24,Madera,039,155013,21014,20432,1676,22108,262
2021-09-24,Marin,041,260295,16979,16802,396,17198,242
2021-09-24,Mariposa,043,17540,970,906,33,939,5
2021-09-24,Mendocino,045,87422,6899,6657,355,7012,74
2021-09-24,Merced,047,269075,38996,38393,1510,39903,546
2021-09-24,Modoc,049,8938,477,460,164,624,5
2021-09-24,Mono,051,14174,1542,1501,19,1520,3
2021-09-24,Monterey,053,433212,47609,46653,2572,49225,567
2021-09-24,Napa,055,140530,12422,12266,88,12354,95
2021-09-24,Nevada,057,99092,8455,8285,285,8570,84
2021-09-24,Orange,059,3164182,298182,294514,13960,308474,5374
2021-09-24,Placer,061,380077,34470,33764,3223,36987,367
2021-09-24,Plumas,063,18699,1314,1238,25,1263,6
2021-09-24,Riverside,065,2383286,349412,343463,15762,359225,4843
2021-09-24,Sacramento,067,1510023,149374,147728,3833,151561,2049
2021-09-24,San Benito,069,59416,7012,6965,144,7109,67
2021-09-24,San Bernardino,071,2135413,341713,338413,10560,348973,5540
2021-09-24,San Diego,073,3302833,356005,352017,20954,372971,4039
2021-09-24,San Francisco,075,870044,50589,49840,2124,51964,615
2021-09-24,San Joaquin,077,732212,94796,93273,4999,98272,1628
2021-09-24,San Luis Obispo,079,281455,28060,27447,1108,28555,318
2021-09-24,San Mateo,081,765935,52233,51266,776,52042,568
2021-09-24,Santa Barbara,083,443738,42354,41728,1459,43187,505
2021-09-24,Santa Clara,085,1922200,141593,140023,1104,141127,1844
2021-09-24,Santa Cruz,087,273765,19523,19200,960,20160,214
2021-09-24,Shasta,089,179085,18902,18256,3091,21347,262
2021-09-24,Sierra,091,2930,133,127,13,140,0
2021-09-24,Siskiyou,093,43540,3107,2956,1095,4051,41
2021-09-24,Solano,095,438530,44241,43331,1139,44470,312
2021-09-24,Sonoma,097,501317,39499,39112,485,39597,369
2021-09-24,Stanislaus,099,539301,73174,72628,8168,80796,1091
2021-09-24,Sutter,101,95872,13097,12976,259,13235,154
2021-09-24,Tehama,103,63373,7468,7200,1208,8408,86
2021-09-24,Trinity,105,12862,760,576,195,771,9
2021-09-24,Tulare,107,460477,62810,60909,12779,73688,898
2021-09-24,Tuolumne,109,53932,6325,6168,76,6244,89
2021-09-24,Ventura,111,848112,95068,94059,4102,98161,1129
2021-09-24,Yolo,113,214977,18722,18393,870,19263,239
2021-09-24,Yuba,115,75493,9350,9191,211,9402,61
2021-09-23,Alameda,001,1643700,114721,114014,2552,116566,1324
2021-09-23,Alpine,003,1148,99,101,0,101,0
2021-09-23,Amador,005,37829,5059,4934,50,4984,59
2021-09-23,Butte,007,227075,18971,18396,3399,21795,236
2021-09-23,Calaveras,009,45235,3552,3461,39,3500,70
2021-09-23,Colusa,011,21464,2411,2387,544,2931,16
2021-09-23,Contra Costa,013,1133247,95386,94337,1936,96273,924
2021-09-23,Del Norte,015,27424,3526,3404,30,3434,35
2021-09-23,El Dorado,017,186661,14937,14641,1532,16173,130
2021-09-23,Fresno,019,978130,128699,126299,11503,137802,1927
2021-09-23,Glenn,021,27897,3235,3144,926,4070,25
2021-09-23,Humboldt,023,135768,8200,8014,415,8429,88
2021-09-23,Imperial,025,180216,31621,31280,2951,34231,755
2021-09-23,Inyo,027,18085,1716,1657,32,1689,39
2021-09-23,Kern,029,883053,118272,116021,18425,134446,1485
2021-09-23,Kings,031,150075,29368,28636,1641,30277,293
2021-09-23,Lake,033,64148,6205,6046,120,6166,92
2021-09-23,Lassen,035,31185,6394,6248,279,6527,25
2021-09-23,Los Angeles,037,10098052,1400275,1386417,51309,1437726,25964
2021-09-23,Madera,039,155013,20930,20432,1672,22104,262
2021-09-23,Marin,041,260295,16964,16802,393,17195,242
2021-09-23,Mariposa,043,17540,957,906,33,939,5
2021-09-23,Mendocino,045,87422,6876,6657,350,7007,74
2021-09-23,Merced,047,269075,38891,38393,1503,39896,546
2021-09-23,Modoc,049,8938,476,460,164,624,5
2021-09-23,Mono,051,14174,1539,1501,19,1520,3
2021-09-23,Monterey,053,433212,47560,46653,2561,49214,567
2021-09-23,Napa,055,140530,12405,12266,88,12354,95
2021-09-23,Nevada,057,99092,8428,8285,285,8570,84
2021-09-23,Orange,059,3164182,297885,294514,13936,308450,5374
2021-09-23,Placer,061,380077,34394,33764,3217,36981,367
2021-09-23,Plumas,063,18699,1297,1238,24,1262,6
2021-09-23,Riverside,065,2383286,348959,343463,15755,359218,4843
2021-09-23,Sacramento,067,1510023,149051,147728,3814,151542,2049
2021-09-23,San Benito,069,59416,7001,6965,144,7109,67
2021-09-23,San Bernardino,071,2135413,341347,338413,10545,348958,5540
2021-09-23,San Diego,073,3302833,355549,352017,20915,372932,4039
2021-09-23,San Francisco,075,870044,50516,49840,2122,51962,615
2021-09-23,San Joaquin,077,732212,94623,93273,4984,98257,1628
2021-09-23,San Luis Obispo,079,281455,28017,27447,1106,28553,318
2021-09-23,San Mateo,081,765935,52158,51266,775,52041,568
2021-09-23,Santa Barbara,083,443738,42276,41728,1456,43184,505
2021-09-23,Santa Clara,085,1922200,141441,140023,1097,141120,1844
2021-09-23,Santa Cruz,087,273765,19492,19200,960,20160,214
2021-09-23,Shasta,089,179085,18822,18256,3074,21330,262
2021-09-23,Sierra,091,2930,133,127,13,140,0
2021-09-23,Siskiyou,093,43540,3103,2956,1084,4040,41
2021-09-23,Solano,095,438530,44173,43331,1136,44467,312
2021-09-23,Sonoma,097,501317,39440,39112,482,39594,369
2021-09-23,Stanislaus,099,539301,73017,72628,8136,80764,1091
2021-09-23,Sutter,101,95872,13068,12976,259,13235,154
2021-09-23,Tehama,103,63373,7427,7200,1203,8403,86
2021-09-23,Trinity,105,12862,746,576,194,770,9
2021-09-23,Tulare,107,460477,62633,60909,12725,73634,898
2021-09-23,Tuolumne,109,53932,6300,6168,75,6243,89
2021-09-23,Ventura,111,848112,94964,94059,4095,98154,1129
2021-09-23,Yolo,113,214977,18691,18393,865,19258,239
2021-09-23,Yuba,115,75493,9321,9191,210,9401,61
2021-09-22,Alameda,001,1643700,114565,113862,2548,116410,1322
2021-09-22,Alpine,003,1148,99,100,0,100,0
2021-09-22,Amador,005,37829,5043,4915,50,4965,59
2021-09-22,Butte,007,227075,18910,18337,3381,21718,235
2021-09-22,Calaveras,009,45235,3536,3448,39,3487,70
2021-09-22,Colusa,011,21464,2406,2384,543,2927,16
2021-09-22,Contra Costa,013,1133247,95199,94209,1927,96136,924
2021-09-22,Del Norte,015,27424,3515,3386,29,3415,35
2021-09-22,El Dorado,017,186661,14901,14605,1526,16131,127
2021-09-22,Fresno,019,978130,128443,126006,11488,137494,1908
2021-09-22,Glenn,021,27897,3228,3138,925,4063,25
2021-09-22,Humboldt,023,135768,8178,7998,407,8405,80
2021-09-22,Imperial,025,180216,31569,31243,2944,34187,755
2021-09-22,Inyo,027,18085,1706,1651,32,1683,39
2021-09-22,Kern,029,883053,118030,115757,18303,134060,1477
2021-09-22,Kings,031,150075,29283,28589,1635,30224,292
2021-09-22,Lake,033,64148,6193,6035,120,6155,93
2021-09-22,Lassen,035,31185,6374,6209,275,6484,25
2021-09-22,Los Angeles,037,10098052,1398952,1384719,51254,1435973,25930
2021-09-22,Madera,039,155013,20873,20382,1662,22044,262
2021-09-22,Marin,041,260295,16953,16782,390,17172,242
2021-09-22,Mariposa,043,17540,951,901,33,934,5
2021-09-22,Mendocino,045,87422,6850,6624,344,6968,70
2021-09-22,Merced,047,269075,38758,38305,1501,39806,541
2021-09-22,Modoc,049,8938,473,458,164,622,5
2021-09-22,Mono,051,14174,1530,1496,18,1514,3
2021-09-22,Monterey,053,433212,47509,46615,2554,49169,566
2021-09-22,Napa,055,140530,12383,12248,87,12335,95
2021-09-22,Nevada,057,99092,8405,8273,282,8555,84
2021-09-22,Orange,059,3164182,297609,294214,13919,308133,5366
2021-09-22,Placer,061,380077,34306,33661,3204,36865,367
2021-09-22,Plumas,063,18699,1284,1230,24,1254,6
2021-09-22,Riverside,065,2383286,348424,342946,15730,358676,4830
2021-09-22,Sacramento,067,1510023,148746,147533,3785,151318,2043
2021-09-22,San Benito,069,59416,6990,6961,142,7103,67
2021-09-22,San Bernardino,071,2135413,340953,337938,10536,348474,5528
2021-09-22,San Diego,073,3302833,355098,351132,20891,372023,4027
2021-09-22,San Francisco,075,870044,50431,49734,2117,51851,610
2021-09-22,San Joaquin,077,732212,94391,93010,4960,97970,1626
2021-09-22,San Luis Obispo,079,281455,27967,27398,1102,28500,315
2021-09-22,San Mateo,081,765935,52085,51197,771,51968,568
2021-09-22,Santa Barbara,083,443738,42213,41678,1455,43133,504
2021-09-22,Santa Clara,085,1922200,141278,139803,1090,140893,1844
2021-09-22,Santa Cruz,087,273765,19454,19177,959,20136,214
2021-09-22,Shasta,089,179085,18732,18153,3063,21216,260
2021-09-22,Sierra,091,2930,133,127,13,140,0
2021-09-22,Siskiyou,093,43540,3086,2947,1074,4021,41
2021-09-22,Solano,095,438530,44108,43269,1135,44404,312
2021-09-22,Sonoma,097,501317,39387,39063,481,39544,369
2021-09-22,Stanislaus,099,539301,72852,72355,8117,80472,1091
2021-09-22,Sutter,101,95872,13048,12960,256,13216,153
2021-09-22,Tehama,103,63373,7400,7173,1200,8373,86
2021-09-22,Trinity,105,12862,745,572,194,766,9
2021-09-22,Tulare,107,460477,62422,60776,12656,73432,896
2021-09-22,Tuolumne,109,53932,6279,6155,74,6229,89
2021-09-22,Ventura,111,848112,94859,93978,4090,98068,1122
2021-09-22,Yolo,113,214977,18652,18342,858,19200,239
2021-09-22,Yuba,115,75493,9292,9169,205,9374,61
2021-09-21,Alameda,001,1643700,114412,113765,2548,116313,1321
2021-09-21,Alpine,003,1148,99,100,0,100,0
2021-09-21,Amador,005,37829,5021,4897,50,4947,59
2021-09-21,Butte,007,227075,18814,18229,3341,21570,232
2021-09-21,Calaveras,009,45235,3519,3437,39,3476,70
2021-09-21,Colusa,011,21464,2403,2378,542,2920,16
2021-09-21,Contra Costa,013,1133247,95005,94101,1913,96014,924
2021-09-21,Del Norte,015,27424,3503,3378,29,3407,34
2021-09-21,El Dorado,017,186661,14871,14578,1519,16097,127
2021-09-21,Fresno,019,978130,128091,125789,11461,137250,1892
2021-09-21,Glenn,021,27897,3221,3134,921,4055,25
2021-09-21,Humboldt,023,135768,8146,7955,402,8357,80
2021-09-21,Imperial,025,180216,31513,31185,2942,34127,755
2021-09-21,Inyo,027,18085,1696,1646,32,1678,39
2021-09-21,Kern,029,883053,117737,115534,18190,133724,1467
2021-09-21,Kings,031,150075,29195,28545,1627,30172,291
2021-09-21,Lake,033,64148,6170,6013,120,6133,90
2021-09-21,Lassen,035,31185,6356,6159,271,6430,25
2021-09-21,Los Angeles,037,10098052,1397497,1383277,51199,1434476,25893
2021-09-21,Madera,039,155013,20813,20317,1652,21969,262
2021-09-21,Marin,041,260295,16938,16748,389,17137,242
2021-09-21,Mariposa,043,17540,946,894,32,926,5
2021-09-21,Mendocino,045,87422,6812,6580,333,6913,68
2021-09-21,Merced,047,269075,38636,38225,1497,39722,539
2021-09-21,Modoc,049,8938,470,458,164,622,5
2021-09-21,Mono,051,14174,1528,1495,17,1512,3
2021-09-21,Monterey,053,433212,47441,46583,2542,49125,565
2021-09-21,Napa,055,140530,12362,12238,87,12325,95
2021-09-21,Nevada,057,99092,8378,8259,274,8533,84
2021-09-21,Orange,059,3164182,297277,293898,13889,307787,5357
2021-09-21,Placer,061,380077,34205,33609,3193,36802,365
2021-09-21,Plumas,063,18699,1277,1225,24,1249,5
2021-09-21,Riverside,065,2383286,347865,342460,15706,358166,4817
2021-09-21,Sacramento,067,1510023,148365,147378,3757,151135,2027
2021-09-21,San Benito,069,59416,6979,6950,141,7091,67
2021-09-21,San Bernardino,071,2135413,340513,337387,10519,347906,5520
2021-09-21,San Diego,073,3302833,354492,350265,20865,371130,4021
2021-09-21,San Francisco,075,870044,50334,49653,2113,51766,609
2021-09-21,San Joaquin,077,732212,94157,92762,4949,97711,1621
2021-09-21,San Luis Obispo,079,281455,27908,27318,1098,28416,314
2021-09-21,San Mateo,081,765935,52016,51136,771,51907,568
2021-09-21,Santa Barbara,083,443738,42144,41644,1451,43095,503
2021-09-21,Santa Clara,085,1922200,141061,139657,1086,140743,1843
2021-09-21,Santa Cruz,087,273765,19424,19140,958,20098,212
2021-09-21,Shasta,089,179085,18604,18027,3039,21066,258
2021-09-21,Sierra,091,2930,133,127,13,140,0
2021-09-21,Siskiyou,093,43540,3072,2927,1060,3987,36
2021-09-21,Solano,095,438530,44032,43220,1135,44355,311
2021-09-21,Sonoma,097,501317,39334,39042,481,39523,369
2021-09-21,Stanislaus,099,539301,72668,72211,8097,80308,1091
2021-09-21,Sutter,101,95872,13025,12930,253,13183,153
2021-09-21,Tehama,103,63373,7354,7151,1196,8347,85
2021-09-21,Trinity,105,12862,734,572,192,764,9
2021-09-21,Tulare,107,460477,62207,60607,12595,73202,896
2021-09-21,Tuolumne,109,53932,6246,6139,74,6213,89
2021-09-21,Ventura,111,848112,94754,93818,4082,97900,1120
2021-09-21,Yolo,113,214977,18616,18313,855,19168,239
2021-09-21,Yuba,115,75493,9264,9135,205,9340,61
2021-09-20,Alameda,001,1643700,114231,113637,2544,116181,1320
2021-09-20,Alpine,003,1148,99,100,0,100,0
2021-09-20,Amador,005,37829,5003,4883,49,4932,59
2021-09-20,Butte,007,227075,18732,18135,3326,21461,231
2021-09-20,Calaveras,009,45235,3497,3395,38,3433,66
2021-09-20,Colusa,011,21464,2401,2376,539,2915,16
2021-09-20,Contra Costa,013,1133247,94855,93919,1907,95826,924
2021-09-20,Del Norte,015,27424,3495,3374,28,3402,34
2021-09-20,El Dorado,017,186661,14838,14545,1507,16052,127
2021-09-20,Fresno,019,978130,127677,125287,11435,136722,1889
2021-09-20,Glenn,021,27897,3210,3112,918,4030,25
2021-09-20,Humboldt,023,135768,8111,7938,397,8335,80
2021-09-20,Imperial,025,180216,31430,31146,2941,34087,755
2021-09-20,Inyo,027,18085,1688,1641,31,1672,39
2021-09-20,Kern,029,883053,117398,115271,18059,133330,1459
2021-09-20,Kings,031,150075,29108,28471,1621,30092,285
2021-09-20,Lake,033,64148,6155,5984,119,6103,87
2021-09-20,Lassen,035,31185,6326,6132,271,6403,25
2021-09-20,Los Angeles,037,10098052,1395973,1382206,51119,1433325,25858
2021-09-20,Madera,039,155013,20760,20203,1645,21848,257
2021-09-20,Marin,041,260295,16913,16732,387,17119,242
2021-09-20,Mariposa,043,17540,935,887,32,919,5
2021-09-20,Mendocino,045,87422,6778,6568,328,6896,67
2021-09-20,Merced,047,269075,38525,38144,1486,39630,536
2021-09-20,Modoc,049,8938,469,457,162,619,5
2021-09-20,Mono,051,14174,1522,1480,17,1497,3
2021-09-20,Monterey,053,433212,47399,46506,2524,49030,565
2021-09-20,Napa,055,140530,12337,12209,86,12295,95
2021-09-20,Nevada,057,99092,8358,8228,272,8500,84
2021-09-20,Orange,059,3164182,296934,293642,13862,307504,5354
2021-09-20,Placer,061,380077,34115,33531,3178,36709,364
2021-09-20,Plumas,063,18699,1272,1211,24,1235,5
2021-09-20,Riverside,065,2383286,347365,341961,15693,357654,4802
2021-09-20,Sacramento,067,1510023,147992,147016,3724,150740,2016
2021-09-20,San Benito,069,59416,6970,6947,140,7087,67
2021-09-20,San Bernardino,071,2135413,340111,337059,10503,347562,5507
2021-09-20,San Diego,073,3302833,353820,349579,20828,370407,4009
2021-09-20,San Francisco,075,870044,50227,49559,2112,51671,605
2021-09-20,San Joaquin,077,732212,93914,92614,4936,97550,1615
2021-09-20,San Luis Obispo,079,281455,27832,27259,1090,28349,313
2021-09-20,San Mateo,081,765935,51929,51100,768,51868,567
2021-09-20,Santa Barbara,083,443738,42045,41589,1447,43036,500
2021-09-20,Santa Clara,085,1922200,140861,139578,1084,140662,1841
2021-09-20,Santa Cruz,087,273765,19392,19121,958,20079,211
2021-09-20,Shasta,089,179085,18505,17893,3009,20902,258
2021-09-20,Sierra,091,2930,131,126,13,139,0
2021-09-20,Siskiyou,093,43540,3050,2902,1047,3949,35
2021-09-20,Solano,095,438530,43964,43152,1127,44279,312
2021-09-20,Sonoma,097,501317,39288,38991,481,39472,369
2021-09-20,Stanislaus,099,539301,72469,72031,8078,80109,1091
2021-09-20,Sutter,101,95872,12989,12896,248,13144,153
2021-09-20,Tehama,103,63373,7322,7121,1184,8305,84
2021-09-20,Trinity,105,12862,728,568,191,759,7
2021-09-20,Tulare,107,460477,62005,60302,12542,72844,896
2021-09-20,Tuolumne,109,53932,6220,6113,74,6187,89
2021-09-20,Ventura,111,848112,94641,93700,4076,97776,1120
2021-09-20,Yolo,113,214977,18570,18287,853,19140,239
2021-09-20,Yuba,115,75493,9229,9107,203,9310,61
2021-09-19,Alameda,001,1643700,114019,113446,2539,115985,1320
2021-09-19,Alpine,003,1148,99,100,0,100,0
2021-09-19,Amador,005,37829,4963,4875,48,4923,59
2021-09-19,Butte,007,227075,18638,18063,3297,21360,230
2021-09-19,Calaveras,009,45235,3473,3390,35,3425,66
2021-09-19,Colusa,011,21464,2399,2375,537,2912,16
2021-09-19,Contra Costa,013,1133247,94670,93788,1897,95685,924
2021-09-19,Del Norte,015,27424,3469,3344,27,3371,34
2021-09-19,El Dorado,017,186661,14785,14512,1501,16013,127
2021-09-19,Fresno,019,978130,127272,124985,11390,136375,1888
2021-09-19,Glenn,021,27897,3201,3102,915,4017,25
2021-09-19,Humboldt,023,135768,8065,7914,395,8309,80
2021-09-19,Imperial,025,180216,31361,31122,2938,34060,755
2021-09-19,Inyo,027,18085,1679,1639,31,1670,39
2021-09-19,Kern,029,883053,117086,115074,17953,133027,1459
2021-09-19,Kings,031,150075,28981,28416,1612,30028,284
2021-09-19,Lake,033,64148,6124,5962,119,6081,87
2021-09-19,Lassen,035,31185,6306,6129,265,6394,25
2021-09-19,Los Angeles,037,10098052,1393993,1381200,51025,1432225,25852
2021-09-19,Madera,039,155013,20682,20161,1635,21796,257
2021-09-19,Marin,041,260295,16884,16711,385,17096,242
2021-09-19,Mariposa,043,17540,927,881,32,913,5
2021-09-19,Mendocino,045,87422,6733,6538,322,6860,67
2021-09-19,Merced,047,269075,38368,38068,1477,39545,535
2021-09-19,Modoc,049,8938,466,457,160,617,5
2021-09-19,Mono,051,14174,1517,1480,17,1497,3
2021-09-19,Monterey,053,433212,47344,46486,2521,49007,565
2021-09-19,Napa,055,140530,12316,12190,84,12274,95
2021-09-19,Nevada,057,99092,8330,8203,270,8473,84
2021-09-19,Orange,059,3164182,296565,293258,13840,307098,5354
2021-09-19,Placer,061,380077,34002,33406,3160,36566,364
2021-09-19,Plumas,063,18699,1264,1211,24,1235,5
2021-09-19,Riverside,065,2383286,346772,341566,15684,357250,4804
2021-09-19,Sacramento,067,1510023,147631,146603,3680,150283,2012
2021-09-19,San Benito,069,59416,6951,6942,140,7082,67
2021-09-19,San Bernardino,071,2135413,339615,336688,10491,347179,5506
2021-09-19,San Diego,073,3302833,353116,349225,20791,370016,4006
2021-09-19,San Francisco,075,870044,50120,49458,2103,51561,605
2021-09-19,San Joaquin,077,732212,93618,92467,4925,97392,1615
2021-09-19,San Luis Obispo,079,281455,27731,27208,1081,28289,313
2021-09-19,San Mateo,081,765935,51831,51028,767,51795,567
2021-09-19,Santa Barbara,083,443738,41939,41512,1447,42959,500
2021-09-19,Santa Clara,085,1922200,140674,139410,1079,140489,1841
2021-09-19,Santa Cruz,087,273765,19353,19096,958,20054,211
2021-09-19,Shasta,089,179085,18391,17813,2974,20787,258
2021-09-19,Sierra,091,2930,130,126,13,139,0
2021-09-19,Siskiyou,093,43540,3024,2882,1038,3920,35
2021-09-19,Solano,095,438530,43875,43056,1122,44178,312
2021-09-19,Sonoma,097,501317,39216,38956,477,39433,369
2021-09-19,Stanislaus,099,539301,72224,71830,8053,79883,1091
2021-09-19,Sutter,101,95872,12962,12868,241,13109,153
2021-09-19,Tehama,103,63373,7268,7081,1175,8256,84
2021-09-19,Trinity,105,12862,717,562,189,751,7
2021-09-19,Tulare,107,460477,61744,60160,12449,72609,896
2021-09-19,Tuolumne,109,53932,6179,6097,74,6171,89
2021-09-19,Ventura,111,848112,94479,93491,4067,97558,1120
2021-09-19,Yolo,113,214977,18521,18238,847,19085,239
2021-09-19,Yuba,115,75493,9203,9087,202,9289,61
2021-09-18,Alameda,001,1643700,113919,113300,2538,115838,1320
2021-09-18,Alpine,003,1148,99,100,0,100,0
2021-09-18,Amador,005,37829,4953,4850,48,4898,59
2021-09-18,Butte,007,227075,18599,17961,3281,21242,230
2021-09-18,Calaveras,009,45235,3468,3361,34,3395,66
2021-09-18,Colusa,011,21464,2399,2373,536,2909,16
2021-09-18,Contra Costa,013,1133247,94580,93656,1893,95549,924
2021-09-18,Del Norte,015,27424,3461,3326,25,3351,34
2021-09-18,El Dorado,017,186661,14762,14472,1498,15970,127
2021-09-18,Fresno,019,978130,127130,124771,11372,136143,1889
2021-09-18,Glenn,021,27897,3192,3086,912,3998,25
2021-09-18,Humboldt,023,135768,8051,7881,394,8275,80
2021-09-18,Imperial,025,180216,31337,31096,2937,34033,755
2021-09-18,Inyo,027,18085,1673,1636,31,1667,39
2021-09-18,Kern,029,883053,116931,114781,17889,132670,1459
2021-09-18,Kings,031,150075,28933,28330,1607,29937,285
2021-09-18,Lake,033,64148,6107,5936,119,6055,87
2021-09-18,Lassen,035,31185,6296,6121,263,6384,25
2021-09-18,Los Angeles,037,10098052,1393230,1379880,50975,1430855,25849
2021-09-18,Madera,039,155013,20638,20126,1625,21751,257
2021-09-18,Marin,041,260295,16867,16685,384,17069,242
2021-09-18,Mariposa,043,17540,924,871,32,903,5
2021-09-18,Mendocino,045,87422,6712,6523,322,6845,67
2021-09-18,Merced,047,269075,38332,37977,1471,39448,535
2021-09-18,Modoc,049,8938,466,457,159,616,5
2021-09-18,Mono,051,14174,1514,1480,17,1497,3
2021-09-18,Monterey,053,433212,47306,46466,2518,48984,565
2021-09-18,Napa,055,140530,12304,12168,84,12252,95
2021-09-18,Nevada,057,99092,8313,8183,270,8453,84
2021-09-18,Orange,059,3164182,296371,293005,13826,306831,5354
2021-09-18,Placer,061,380077,33930,33309,3157,36466,364
2021-09-18,Plumas,063,18699,1263,1204,24,1228,5
2021-09-18,Riverside,065,2383286,346388,341136,15670,356806,4802
2021-09-18,Sacramento,067,1510023,147449,146162,3671,149833,2016
2021-09-18,San Benito,069,59416,6947,6937,140,7077,67
2021-09-18,San Bernardino,071,2135413,339341,336380,10478,346858,5501
2021-09-18,San Diego,073,3302833,352725,348848,20778,369626,4006
2021-09-18,San Francisco,075,870044,50057,49359,2098,51457,605
2021-09-18,San Joaquin,077,732212,93507,92242,4913,97155,1615
2021-09-18,San Luis Obispo,079,281455,27694,27181,1078,28259,313
2021-09-18,San Mateo,081,765935,51781,50961,765,51726,567
2021-09-18,Santa Barbara,083,443738,41874,41465,1447,42912,500
2021-09-18,Santa Clara,085,1922200,140554,139233,1076,140309,1841
2021-09-18,Santa Cruz,087,273765,19333,19079,958,20037,211
2021-09-18,Shasta,089,179085,18328,17777,2958,20735,258
2021-09-18,Sierra,091,2930,129,125,13,138,0
2021-09-18,Siskiyou,093,43540,3021,2875,1032,3907,35
2021-09-18,Solano,095,438530,43835,42966,1119,44085,312
2021-09-18,Sonoma,097,501317,39181,38891,475,39366,369
2021-09-18,Stanislaus,099,539301,72079,71587,8031,79618,1091
2021-09-18,Sutter,101,95872,12948,12829,241,13070,153
2021-09-18,Tehama,103,63373,7254,7055,1168,8223,84
2021-09-18,Trinity,105,12862,715,561,189,750,7
2021-09-18,Tulare,107,460477,61668,60003,12399,72402,896
2021-09-18,Tuolumne,109,53932,6164,6069,74,6143,89
2021-09-18,Ventura,111,848112,94411,93424,4062,97486,1120
2021-09-18,Yolo,113,214977,18494,18213,842,19055,239
2021-09-18,Yuba,115,75493,9189,9061,201,9262,61
2021-09-17,Alameda,001,1643700,113794,113070,2536,115606,1320
2021-09-17,Alpine,003,1148,99,99,0,99,0
2021-09-17,Amador,005,37829,4937,4835,47,4882,58
2021-09-17,Butte,007,227075,18547,17870,3272,21142,230
2021-09-17,Calaveras,009,45235,3456,3338,33,3371,66
2021-09-17,Colusa,011,21464,2398,2369,531,2900,16
2021-09-17,Contra Costa,013,1133247,94478,93485,1890,95375,924
2021-09-17,Del Norte,015,27424,3456,3311,23,3334,34
2021-09-17,El Dorado,017,186661,14743,14421,1496,15917,127
2021-09-17,Fresno,019,978130,126911,124296,11356,135652,1882
2021-09-17,Glenn,021,27897,3175,3072,908,3980,25
2021-09-17,Humboldt,023,135768,8030,7850,394,8244,80
2021-09-17,Imperial,025,180216,31311,31031,2936,33967,755
2021-09-17,Inyo,027,18085,1665,1634,31,1665,39
2021-09-17,Kern,029,883053,116740,114303,17792,132095,1456
2021-09-17,Kings,031,150075,28868,28240,1605,29845,281
2021-09-17,Lake,033,64148,6094,5915,119,6034,87
2021-09-17,Lassen,035,31185,6281,6080,261,6341,25
2021-09-17,Los Angeles,037,10098052,1392251,1377905,50909,1428814,25820
2021-09-17,Madera,039,155013,20587,20040,1613,21653,257
2021-09-17,Marin,041,260295,16854,16658,382,17040,242
2021-09-17,Mariposa,043,17540,922,869,32,901,5
2021-09-17,Mendocino,045,87422,6693,6498,322,6820,67
2021-09-17,Merced,047,269075,38285,37803,1469,39272,533
2021-09-17,Modoc,049,8938,466,456,159,615,5
2021-09-17,Mono,051,14174,1510,1457,17,1474,3
2021-09-17,Monterey,053,433212,47283,46421,2517,48938,564
2021-09-17,Napa,055,140530,12283,12153,84,12237,95
2021-09-17,Nevada,057,99092,8298,8157,270,8427,84
2021-09-17,Orange,059,3164182,296152,292685,13808,306493,5346
2021-09-17,Placer,061,380077,33870,33188,3147,36335,362
2021-09-17,Plumas,063,18699,1254,1192,23,1215,5
2021-09-17,Riverside,065,2383286,345988,340445,15659,356104,4792
2021-09-17,Sacramento,067,1510023,147249,145985,3660,149645,1999
2021-09-17,San Benito,069,59416,6944,6929,140,7069,67
2021-09-17,San Bernardino,071,2135413,338981,335810,10471,346281,5488
2021-09-17,San Diego,073,3302833,352301,348098,20761,368859,4002
2021-09-17,San Francisco,075,870044,50005,49249,2093,51342,605
2021-09-17,San Joaquin,077,732212,93369,91977,4902,96879,1610
2021-09-17,San Luis Obispo,079,281455,27660,27102,1067,28169,311
2021-09-17,San Mateo,081,765935,51728,50854,764,51618,564
2021-09-17,Santa Barbara,083,443738,41811,41354,1446,42800,498
2021-09-17,Santa Clara,085,1922200,140405,138939,1075,140014,1838
2021-09-17,Santa Cruz,087,273765,19309,19039,958,19997,211
2021-09-17,Shasta,089,179085,18258,17617,2945,20562,254
2021-09-17,Sierra,091,2930,129,124,13,137,0
2021-09-17,Siskiyou,093,43540,3006,2852,1032,3884,35
2021-09-17,Solano,095,438530,43772,42898,1115,44013,312
2021-09-17,Sonoma,097,501317,39144,38808,474,39282,369
2021-09-17,Stanislaus,099,539301,71972,71408,8013,79421,1091
2021-09-17,Sutter,101,95872,12932,12799,238,13037,153
2021-09-17,Tehama,103,63373,7231,7020,1156,8176,84
2021-09-17,Trinity,105,12862,710,556,188,744,7
2021-09-17,Tulare,107,460477,61553,59689,12364,72053,895
2021-09-17,Tuolumne,109,53932,6145,6047,74,6121,89
2021-09-17,Ventura,111,848112,94299,93273,4060,97333,1116
2021-09-17,Yolo,113,214977,18463,18177,838,19015,239
2021-09-17,Yuba,115,75493,9162,9019,200,9219,61
2021-09-16,Alameda,001,1643700,113619,112770,2533,115303,1318
2021-09-16,Alpine,003,1148,99,99,0,99,0
2021-09-16,Amador,005,37829,4917,4819,47,4866,58
2021-09-16,Butte,007,227075,18472,17750,3256,21006,230
2021-09-16,Calaveras,009,45235,3425,3313,33,3346,66
2021-09-16,Colusa,011,21464,2396,2363,529,2892,16
2021-09-16,Contra Costa,013,1133247,94307,93213,1882,95095,917
2021-09-16,Del Norte,015,27424,3438,3285,23,3308,34
2021-09-16,El Dorado,017,186661,14702,14372,1488,15860,127
2021-09-16,Fresno,019,978130,126554,123853,11315,135168,1868
2021-09-16,Glenn,021,27897,3165,3068,906,3974,24
2021-09-16,Humboldt,023,135768,7997,7809,386,8195,80
2021-09-16,Imperial,025,180216,31268,30966,2928,33894,753
2021-09-16,Inyo,027,18085,1663,1623,31,1654,39
2021-09-16,Kern,029,883053,116468,113828,17725,131553,1448
2021-09-16,Kings,031,150075,28782,28114,1597,29711,280
2021-09-16,Lake,033,64148,6070,5890,116,6006,87
2021-09-16,Lassen,035,31185,6246,6028,256,6284,25
2021-09-16,Los Angeles,037,10098052,1390859,1376277,50844,1427121,25796
2021-09-16,Madera,039,155013,20510,19974,1608,21582,257
2021-09-16,Marin,041,260295,16827,16625,381,17006,242
2021-09-16,Mariposa,043,17540,916,849,32,881,6
2021-09-16,Mendocino,045,87422,6655,6445,311,6756,67
2021-09-16,Merced,047,269075,38178,37675,1467,39142,532
2021-09-16,Modoc,049,8938,464,455,159,614,5
2021-09-16,Mono,051,14174,1504,1449,17,1466,3
2021-09-16,Monterey,053,433212,47229,46342,2511,48853,562
2021-09-16,Napa,055,140530,12258,12115,80,12195,95
2021-09-16,Nevada,057,99092,8271,8121,269,8390,84
2021-09-16,Orange,059,3164182,295806,292183,13788,305971,5340
2021-09-16,Placer,061,380077,33774,33037,3127,36164,354
2021-09-16,Plumas,063,18699,1245,1178,23,1201,5
2021-09-16,Riverside,065,2383286,345458,339770,15645,355415,4786
2021-09-16,Sacramento,067,1510023,146893,145754,3628,149382,1996
2021-09-16,San Benito,069,59416,6932,6913,139,7052,67
2021-09-16,San Bernardino,071,2135413,338558,335129,10464,345593,5474
2021-09-16,San Diego,073,3302833,351687,347472,20722,368194,3994
2021-09-16,San Francisco,075,870044,49919,49133,2085,51218,605
2021-09-16,San Joaquin,077,732212,93131,91650,4859,96509,1608
2021-09-16,San Luis Obispo,079,281455,27587,27044,1063,28107,310
2021-09-16,San Mateo,081,765935,51651,50773,762,51535,564
2021-09-16,Santa Barbara,083,443738,41745,41272,1443,42715,497
2021-09-16,Santa Clara,085,1922200,140251,138685,1071,139756,1835
2021-09-16,Santa Cruz,087,273765,19282,19011,958,19969,211
2021-09-16,Shasta,089,179085,18133,17438,2912,20350,251
2021-09-16,Sierra,091,2930,129,123,13,136,0
2021-09-16,Siskiyou,093,43540,2986,2819,1025,3844,35
2021-09-16,Solano,095,438530,43700,42792,1106,43898,312
2021-09-16,Sonoma,097,501317,39081,38707,473,39180,369
2021-09-16,Stanislaus,099,539301,71739,71105,7997,79102,1091
2021-09-16,Sutter,101,95872,12888,12729,233,12962,152
2021-09-16,Tehama,103,63373,7191,6953,1145,8098,83
2021-09-16,Trinity,105,12862,707,547,187,734,7
2021-09-16,Tulare,107,460477,61331,59459,12291,71750,894
2021-09-16,Tuolumne,109,53932,6124,5999,72,6071,89
2021-09-16,Ventura,111,848112,94159,93087,4056,97143,1110
2021-09-16,Yolo,113,214977,18431,18135,836,18971,239
2021-09-16,Yuba,115,75493,9128,8981,197,9178,61
2021-09-15,Alameda,001,1643700,113455,112498,2526,115024,1317
2021-09-15,Alpine,003,1148,99,99,0,99,0
2021-09-15,Amador,005,37829,4909,4792,47,4839,58
2021-09-15,Butte,007,227075,18374,17664,3236,20900,228
2021-09-15,Calaveras,009,45235,3396,3293,31,3324,66
2021-09-15,Colusa,011,21464,2394,2352,526,2878,16
2021-09-15,Contra Costa,013,1133247,94125,92989,1871,94860,913
2021-09-15,Del Norte,015,27424,3425,3271,21,3292,34
2021-09-15,El Dorado,017,186661,14676,14309,1478,15787,127
2021-09-15,Fresno,019,978130,126175,123370,11259,134629,1867
2021-09-15,Glenn,021,27897,3153,3051,901,3952,20
2021-09-15,Humboldt,023,135768,7961,7754,381,8135,52
2021-09-15,Imperial,025,180216,31213,30891,2923,33814,753
2021-09-15,Inyo,027,18085,1659,1614,31,1645,39
2021-09-15,Kern,029,883053,116122,113546,17627,131173,1434
2021-09-15,Kings,031,150075,28703,27991,1589,29580,279
2021-09-15,Lake,033,64148,6037,5852,115,5967,85
2021-09-15,Lassen,035,31185,6186,6018,251,6269,25
2021-09-15,Los Angeles,037,10098052,1389357,1374307,50775,1425082,25767
2021-09-15,Madera,039,155013,20435,19880,1601,21481,257
2021-09-15,Marin,041,260295,16792,16592,376,16968,242
2021-09-15,Mariposa,043,17540,904,843,32,875,5
2021-09-15,Mendocino,045,87422,6625,6399,306,6705,66
2021-09-15,Merced,047,269075,38070,37508,1465,38973,529
2021-09-15,Modoc,049,8938,464,454,159,613,5
2021-09-15,Mono,051,14174,1498,1445,17,1462,3
2021-09-15,Monterey,053,433212,47159,46317,2500,48817,562
2021-09-15,Napa,055,140530,12237,12082,80,12162,95
2021-09-15,Nevada,057,99092,8249,8081,266,8347,84
2021-09-15,Orange,059,3164182,295482,291834,13769,305603,5328
2021-09-15,Placer,061,380077,33662,32860,3106,35966,352
2021-09-15,Plumas,063,18699,1240,1164,22,1186,5
2021-09-15,Riverside,065,2383286,344875,339077,15621,354698,4769
2021-09-15,Sacramento,067,1510023,146468,145202,3597,148799,1981
2021-09-15,San Benito,069,59416,6929,6902,139,7041,67
2021-09-15,San Bernardino,071,2135413,338096,334556,10450,345006,5470
2021-09-15,San Diego,073,3302833,351068,346933,20694,367627,3983
2021-09-15,San Francisco,075,870044,49808,48999,2080,51079,605
2021-09-15,San Joaquin,077,732212,92855,91322,4819,96141,1607
2021-09-15,San Luis Obispo,079,281455,27504,26943,1057,28000,306
2021-09-15,San Mateo,081,765935,51569,50691,759,51450,564
2021-09-15,Santa Barbara,083,443738,41642,41077,1439,42516,497
2021-09-15,Santa Clara,085,1922200,140077,138410,1066,139476,1833
2021-09-15,Santa Cruz,087,273765,19244,18984,956,19940,210
2021-09-15,Shasta,089,179085,18022,17317,2891,20208,250
2021-09-15,Sierra,091,2930,129,123,13,136,0
2021-09-15,Siskiyou,093,43540,2966,2804,995,3799,35
2021-09-15,Solano,095,438530,43628,42682,1101,43783,312
2021-09-15,Sonoma,097,501317,39024,38629,473,39102,369
2021-09-15,Stanislaus,099,539301,71515,70852,7975,78827,1091
2021-09-15,Sutter,101,95872,12855,12699,228,12927,151
2021-09-15,Tehama,103,63373,7150,6894,1136,8030,79
2021-09-15,Trinity,105,12862,705,541,185,726,7
2021-09-15,Tulare,107,460477,61072,59149,12230,71379,890
2021-09-15,Tuolumne,109,53932,6098,5969,72,6041,89
2021-09-15,Ventura,111,848112,94016,92960,4049,97009,1109
2021-09-15,Yolo,113,214977,18397,18064,830,18894,239
2021-09-15,Yuba,115,75493,9094,8953,197,9150,61
2021-09-14,Alameda,001,1643700,113248,112329,2523,114852,1316
2021-09-14,Alpine,003,1148,99,98,0,98,0
2021-09-14,Amador,005,37829,4889,4790,47,4837,57
2021-09-14,Butte,007,227075,18240,17516,3212,20728,226
2021-09-14,Calaveras,009,45235,3376,3280,28,3308,66
2021-09-14,Colusa,011,21464,2390,2344,523,2867,16
2021-09-14,Contra Costa,013,1133247,93927,92822,1863,94685,908
2021-09-14,Del Norte,015,27424,3409,3252,21,3273,32
2021-09-14,El Dorado,017,186661,14623,14247,1470,15717,123
2021-09-14,Fresno,019,978130,125700,123151,11207,134358,1856
2021-09-14,Glenn,021,27897,3136,3045,897,3942,20
2021-09-14,Humboldt,023,135768,7927,7717,376,8093,52
2021-09-14,Imperial,025,180216,31164,30845,2920,33765,752
2021-09-14,Inyo,027,18085,1650,1605,30,1635,39
2021-09-14,Kern,029,883053,115739,113250,17504,130754,1428
2021-09-14,Kings,031,150075,28627,27955,1581,29536,278
2021-09-14,Lake,033,64148,6005,5845,115,5960,83
2021-09-14,Lassen,035,31185,6172,5977,246,6223,25
2021-09-14,Los Angeles,037,10098052,1387520,1372831,50694,1423525,25729
2021-09-14,Madera,039,155013,20353,19800,1590,21390,254
2021-09-14,Marin,041,260295,16764,16584,374,16958,242
2021-09-14,Mariposa,043,17540,893,834,31,865,5
2021-09-14,Mendocino,045,87422,6589,6372,295,6667,65
2021-09-14,Merced,047,269075,37920,37430,1461,38891,526
2021-09-14,Modoc,049,8938,463,453,159,612,5
2021-09-14,Mono,051,14174,1494,1440,17,1457,4
2021-09-14,Monterey,053,433212,47118,46224,2489,48713,558
2021-09-14,Napa,055,140530,12204,12070,79,12149,91
2021-09-14,Nevada,057,99092,8215,8056,266,8322,83
2021-09-14,Orange,059,3164182,295089,291423,13745,305168,5319
2021-09-14,Placer,061,380077,33530,32735,3086,35821,350
2021-09-14,Plumas,063,18699,1225,1148,22,1170,5
2021-09-14,Riverside,065,2383286,344234,338534,15590,354124,4748
2021-09-14,Sacramento,067,1510023,146083,145051,3549,148600,1977
2021-09-14,San Benito,069,59416,6919,6887,139,7026,64
2021-09-14,San Bernardino,071,2135413,337599,333968,10425,344393,5465
2021-09-14,San Diego,073,3302833,350408,346204,20643,366847,3966
2021-09-14,San Francisco,075,870044,49674,48998,2078,51076,603
2021-09-14,San Joaquin,077,732212,92616,91128,4810,95938,1596
2021-09-14,San Luis Obispo,079,281455,27431,26845,1052,27897,304
2021-09-14,San Mateo,081,765935,51472,50602,756,51358,564
2021-09-14,Santa Barbara,083,443738,41546,40783,1430,42213,495
2021-09-14,Santa Clara,085,1922200,139842,138321,1063,139384,1828
2021-09-14,Santa Cruz,087,273765,19204,18965,954,19919,210
2021-09-14,Shasta,089,179085,17891,17152,2870,20022,246
2021-09-14,Sierra,091,2930,129,123,13,136,0
2021-09-14,Siskiyou,093,43540,2942,2756,978,3734,35
2021-09-14,Solano,095,438530,43545,42599,1098,43697,307
2021-09-14,Sonoma,097,501317,38955,38595,469,39064,369
2021-09-14,Stanislaus,099,539301,71255,70697,7947,78644,1091
2021-09-14,Sutter,101,95872,12813,12670,221,12891,149
2021-09-14,Tehama,103,63373,7096,6859,1128,7987,80
2021-09-14,Trinity,105,12862,699,538,184,722,7
2021-09-14,Tulare,107,460477,60819,58961,12159,71120,888
2021-09-14,Tuolumne,109,53932,6077,5951,70,6021,89
2021-09-14,Ventura,111,848112,93831,92841,4032,96873,1107
2021-09-14,Yolo,113,214977,18353,18039,825,18864,239
2021-09-14,Yuba,115,75493,9058,8928,197,9125,61
2021-09-13,Alameda,001,1643700,113034,112159,2518,114677,1309
2021-09-13,Alpine,003,1148,98,98,0,98,0
2021-09-13,Amador,005,37829,4871,4761,47,4808,56
2021-09-13,Butte,007,227075,18115,17393,3184,20577,225
2021-09-13,Calaveras,009,45235,3350,3253,27,3280,65
2021-09-13,Colusa,011,21464,2381,2346,519,2865,16
2021-09-13,Contra Costa,013,1133247,93681,92658,1858,94516,908
2021-09-13,Del Norte,015,27424,3373,3232,21,3253,28
2021-09-13,El Dorado,017,186661,14562,14194,1462,15656,119
2021-09-13,Fresno,019,978130,125233,122650,11141,133791,1853
2021-09-13,Glenn,021,27897,3122,3026,891,3917,20
2021-09-13,Humboldt,023,135768,7894,7659,373,8032,52
2021-09-13,Imperial,025,180216,31111,30802,2917,33719,751
2021-09-13,Inyo,027,18085,1643,1602,30,1632,39
2021-09-13,Kern,029,883053,115355,112930,17382,130312,1424
2021-09-13,Kings,031,150075,28517,27858,1569,29427,275
2021-09-13,Lake,033,64148,5983,5809,115,5924,82
2021-09-13,Lassen,035,31185,6137,5953,245,6198,25
2021-09-13,Los Angeles,037,10098052,1385656,1371423,50627,1422050,25703
2021-09-13,Madera,039,155013,20284,19735,1575,21310,252
2021-09-13,Marin,041,260295,16728,16557,373,16930,242
2021-09-13,Mariposa,043,17540,879,825,31,856,5
2021-09-13,Mendocino,045,87422,6554,6323,286,6609,61
2021-09-13,Merced,047,269075,37770,37291,1456,38747,521
2021-09-13,Modoc,049,8938,462,451,159,610,5
2021-09-13,Mono,051,14174,1488,1435,17,1452,3
2021-09-13,Monterey,053,433212,47027,46188,2476,48664,558
2021-09-13,Napa,055,140530,12186,12039,79,12118,91
2021-09-13,Nevada,057,99092,8189,8021,264,8285,83
2021-09-13,Orange,059,3164182,294656,291128,13724,304852,5312
2021-09-13,Placer,061,380077,33365,32617,3069,35686,343
2021-09-13,Plumas,063,18699,1216,1142,22,1164,5
2021-09-13,Riverside,065,2383286,343589,337876,15572,353448,4731
2021-09-13,Sacramento,067,1510023,145596,144537,3516,148053,1956
2021-09-13,San Benito,069,59416,6904,6867,138,7005,64
2021-09-13,San Bernardino,071,2135413,337108,333613,10400,344013,5441
2021-09-13,San Diego,073,3302833,349621,345647,20591,366238,3961
2021-09-13,San Francisco,075,870044,49545,48914,2072,50986,603
2021-09-13,San Joaquin,077,732212,92331,90966,4792,95758,1581
2021-09-13,San Luis Obispo,079,281455,27334,26805,1049,27854,300
2021-09-13,San Mateo,081,765935,51380,50525,751,51276,564
2021-09-13,Santa Barbara,083,443738,41427,40661,1423,42084,494
2021-09-13,Santa Clara,085,1922200,139597,138152,1058,139210,1820
2021-09-13,Santa Cruz,087,273765,19164,18917,953,19870,210
2021-09-13,Shasta,089,179085,17761,17033,2830,19863,243
2021-09-13,Sierra,091,2930,129,123,13,136,0
2021-09-13,Siskiyou,093,43540,2927,2745,966,3711,35
2021-09-13,Solano,095,438530,43441,42501,1095,43596,306
2021-09-13,Sonoma,097,501317,38888,38513,466,38979,368
2021-09-13,Stanislaus,099,539301,71001,70477,7911,78388,1091
2021-09-13,Sutter,101,95872,12755,12624,217,12841,145
2021-09-13,Tehama,103,63373,7033,6803,1116,7919,79
2021-09-13,Trinity,105,12862,697,533,182,715,7
2021-09-13,Tulare,107,460477,60536,58768,12099,70867,887
2021-09-13,Tuolumne,109,53932,6046,5909,70,5979,89
2021-09-13,Ventura,111,848112,93670,92679,4025,96704,1107
2021-09-13,Yolo,113,214977,18308,17974,819,18793,239
2021-09-13,Yuba,115,75493,9013,8884,196,9080,61
2021-09-12,Alameda,001,1643700,112773,111961,2515,114476,1309
2021-09-12,Alpine,003,1148,98,98,0,98,0
2021-09-12,Amador,005,37829,4850,4752,47,4799,56
2021-09-12,Butte,007,227075,17970,17257,3136,20393,221
2021-09-12,Calaveras,009,45235,3319,3236,23,3259,65
2021-09-12,Colusa,011,21464,2378,2344,518,2862,16
2021-09-12,Contra Costa,013,1133247,93413,92498,1846,94344,908
2021-09-12,Del Norte,015,27424,3338,3200,21,3221,28
2021-09-12,El Dorado,017,186661,14489,14167,1446,15613,119
2021-09-12,Fresno,019,978130,124716,122407,11084,133491,1853
2021-09-12,Glenn,021,27897,3105,3016,885,3901,20
2021-09-12,Humboldt,023,135768,7824,7636,362,7998,52
2021-09-12,Imperial,025,180216,31048,30790,2912,33702,751
2021-09-12,Inyo,027,18085,1633,1596,30,1626,39
2021-09-12,Kern,029,883053,114943,112602,17223,129825,1424
2021-09-12,Kings,031,150075,28406,27764,1552,29316,274
2021-09-12,Lake,033,64148,5943,5781,113,5894,82
2021-09-12,Lassen,035,31185,6100,5943,236,6179,25
2021-09-12,Los Angeles,037,10098052,1383597,1365968,50555,1416523,25630
2021-09-12,Madera,039,155013,20197,19691,1563,21254,252
2021-09-12,Marin,041,260295,16705,16526,373,16899,242
2021-09-12,Mariposa,043,17540,868,811,29,840,5
2021-09-12,Mendocino,045,87422,6514,6283,277,6560,61
2021-09-12,Merced,047,269075,37598,37172,1445,38617,521
2021-09-12,Modoc,049,8938,462,451,158,609,5
2021-09-12,Mono,051,14174,1481,1431,17,1448,3
2021-09-12,Monterey,053,433212,46928,46167,2466,48633,558
2021-09-12,Napa,055,140530,12156,12011,79,12090,91
2021-09-12,Nevada,057,99092,8149,7987,263,8250,83
2021-09-12,Orange,059,3164182,294193,290718,13703,304421,5312
2021-09-12,Placer,061,380077,33216,32520,3047,35567,343
2021-09-12,Plumas,063,18699,1197,1138,22,1160,5
2021-09-12,Riverside,065,2383286,342905,337332,15538,352870,4731
2021-09-12,Sacramento,067,1510023,145089,144030,3477,147507,1959
2021-09-12,San Benito,069,59416,6885,6852,137,6989,64
2021-09-12,San Bernardino,071,2135413,336498,333049,10387,343436,5439
2021-09-12,San Diego,073,3302833,348811,345058,20515,365573,3942
2021-09-12,San Francisco,075,870044,49434,48819,2065,50884,603
2021-09-12,San Joaquin,077,732212,92002,90730,4784,95514,1581
2021-09-12,San Luis Obispo,079,281455,27215,26729,1036,27765,299
2021-09-12,San Mateo,081,765935,51270,50432,747,51179,564
2021-09-12,Santa Barbara,083,443738,41315,40600,1416,42016,494
2021-09-12,Santa Clara,085,1922200,139340,137899,1055,138954,1820
2021-09-12,Santa Cruz,087,273765,19131,18892,952,19844,210
2021-09-12,Shasta,089,179085,17596,16957,2772,19729,243
2021-09-12,Sierra,091,2930,129,123,13,136,0
2021-09-12,Siskiyou,093,43540,2899,2730,951,3681,35
2021-09-12,Solano,095,438530,43335,42409,1092,43501,306
2021-09-12,Sonoma,097,501317,38808,38456,464,38920,368
2021-09-12,Stanislaus,099,539301,70702,70184,7872,78056,1091
2021-09-12,Sutter,101,95872,12713,12589,211,12800,145
2021-09-12,Tehama,103,63373,6969,6732,1104,7836,79
2021-09-12,Trinity,105,12862,693,529,180,709,7
2021-09-12,Tulare,107,460477,60183,58582,12039,70621,887
2021-09-12,Tuolumne,109,53932,6013,5888,70,5958,89
2021-09-12,Ventura,111,848112,93543,92496,4019,96515,1107
2021-09-12,Yolo,113,214977,18242,17943,811,18754,239
2021-09-12,Yuba,115,75493,8978,8842,196,9038,61
2021-09-11,Alameda,001,1643700,112649,111715,2513,114228,1309
2021-09-11,Alpine,003,1148,98,98,0,98,0
2021-09-11,Amador,005,37829,4837,4728,46,4774,56
2021-09-11,Butte,007,227075,17887,17218,3109,20327,221
2021-09-11,Calaveras,009,45235,3311,3208,22,3230,65
2021-09-11,Colusa,011,21464,2377,2338,515,2853,16
2021-09-11,Contra Costa,013,1133247,93294,92269,1842,94111,908
2021-09-11,Del Norte,015,27424,3322,3184,21,3205,28
2021-09-11,El Dorado,017,186661,14470,14117,1439,15556,119
2021-09-11,Fresno,019,978130,124537,122224,11059,133283,1853
2021-09-11,Glenn,021,27897,3095,3007,882,3889,20
2021-09-11,Humboldt,023,135768,7802,7615,359,7974,52
2021-09-11,Imperial,025,180216,31023,30760,2909,33669,751
2021-09-11,Inyo,027,18085,1630,1590,30,1620,39
2021-09-11,Kern,029,883053,114693,112205,17109,129314,1424
2021-09-11,Kings,031,150075,28357,27631,1546,29177,275
2021-09-11,Lake,033,64148,5922,5761,113,5874,82
2021-09-11,Lassen,035,31185,6085,5930,232,6162,25
2021-09-11,Los Angeles,037,10098052,1382624,1365831,50491,1416322,25630
2021-09-11,Madera,039,155013,20144,19648,1558,21206,252
2021-09-11,Marin,041,260295,16677,16496,372,16868,242
2021-09-11,Mariposa,043,17540,863,799,29,828,5
2021-09-11,Mendocino,045,87422,6490,6257,277,6534,61
2021-09-11,Merced,047,269075,37544,37042,1442,38484,521
2021-09-11,Modoc,049,8938,462,449,158,607,5
2021-09-11,Mono,051,14174,1475,1431,17,1448,3
2021-09-11,Monterey,053,433212,46891,46140,2463,48603,558
2021-09-11,Napa,055,140530,12133,11991,79,12070,91
2021-09-11,Nevada,057,99092,8134,7967,263,8230,83
2021-09-11,Orange,059,3164182,293891,290429,13687,304116,5306
2021-09-11,Placer,061,380077,33133,32414,3036,35450,344
2021-09-11,Plumas,063,18699,1190,1112,22,1134,5
2021-09-11,Riverside,065,2383286,342467,336585,15525,352110,4731
2021-09-11,Sacramento,067,1510023,144789,143557,3465,147022,1955
2021-09-11,San Benito,069,59416,6872,6844,137,6981,64
2021-09-11,San Bernardino,071,2135413,336155,332512,10373,342885,5430
2021-09-11,San Diego,073,3302833,348327,344355,20491,364846,3942
2021-09-11,San Francisco,075,870044,49379,48660,2060,50720,603
2021-09-11,San Joaquin,077,732212,91859,90482,4777,95259,1581
2021-09-11,San Luis Obispo,079,281455,27169,26651,1035,27686,299
2021-09-11,San Mateo,081,765935,51198,50341,746,51087,564
2021-09-11,Santa Barbara,083,443738,41242,40451,1416,41867,494
2021-09-11,Santa Clara,085,1922200,139187,137659,1052,138711,1820
2021-09-11,Santa Cruz,087,273765,19102,18865,952,19817,210
2021-09-11,Shasta,089,179085,17502,16877,2752,19629,243
2021-09-11,Sierra,091,2930,129,123,13,136,0
2021-09-11,Siskiyou,093,43540,2882,2717,948,3665,35
2021-09-11,Solano,095,438530,43284,42344,1089,43433,306
2021-09-11,Sonoma,097,501317,38761,38399,462,38861,368
2021-09-11,Stanislaus,099,539301,70577,69974,7859,77833,1091
2021-09-11,Sutter,101,95872,12687,12538,208,12746,145
2021-09-11,Tehama,103,63373,6948,6703,1096,7799,79
2021-09-11,Trinity,105,12862,686,526,180,706,7
2021-09-11,Tulare,107,460477,60071,58321,11993,70314,889
2021-09-11,Tuolumne,109,53932,5994,5879,67,5946,89
2021-09-11,Ventura,111,848112,93461,92328,4014,96342,1107
2021-09-11,Yolo,113,214977,18218,17906,807,18713,239
2021-09-11,Yuba,115,75493,8953,8813,196,9009,61
2021-09-10,Alameda,001,1643700,112458,111386,2512,113898,1306
2021-09-10,Alpine,003,1148,97,97,0,97,0
2021-09-10,Amador,005,37829,4825,4706,46,4752,56
2021-09-10,Butte,007,227075,17812,17051,3091,20142,222
2021-09-10,Calaveras,009,45235,3303,3183,22,3205,65
2021-09-10,Colusa,011,21464,2373,2327,512,2839,16
2021-09-10,Contra Costa,013,1133247,93171,92024,1840,93864,908
2021-09-10,Del Norte,015,27424,3307,3128,20,3148,28
2021-09-10,El Dorado,017,186661,14440,14051,1435,15486,119
2021-09-10,Fresno,019,978130,124214,121659,11030,132689,1846
2021-09-10,Glenn,021,27897,3088,2977,881,3858,20
2021-09-10,Humboldt,023,135768,7770,7543,355,7898,52
2021-09-10,Imperial,025,180216,31000,30716,2907,33623,751
2021-09-10,Inyo,027,18085,1626,1590,30,1620,39
2021-09-10,Kern,029,883053,114439,111832,16993,128825,1419
2021-09-10,Kings,031,150075,28283,27473,1539,29012,274
2021-09-10,Lake,033,64148,5906,5713,111,5824,79
2021-09-10,Lassen,035,31185,6077,5914,229,6143,25
2021-09-10,Los Angeles,037,10098052,1381420,1365709,50426,1416135,25630
2021-09-10,Madera,039,155013,20098,19520,1551,21071,252
2021-09-10,Marin,041,260295,16657,16458,369,16827,242
2021-09-10,Mariposa,043,17540,858,795,29,824,5
2021-09-10,Mendocino,045,87422,6458,6184,276,6460,61
2021-09-10,Merced,047,269075,37492,36884,1441,38325,521
2021-09-10,Modoc,049,8938,462,448,158,606,5
2021-09-10,Mono,051,14174,1470,1422,17,1439,3
2021-09-10,Monterey,053,433212,46847,46084,2461,48545,557
2021-09-10,Napa,055,140530,12108,11948,79,12027,90
2021-09-10,Nevada,057,99092,8116,7932,262,8194,83
2021-09-10,Orange,059,3164182,293584,290022,13677,303699,5302
2021-09-10,Placer,061,380077,33031,32264,3023,35287,343
2021-09-10,Plumas,063,18699,1182,1111,22,1133,5
2021-09-10,Riverside,065,2383286,341994,335988,15518,351506,4720
2021-09-10,Sacramento,067,1510023,144446,143244,3457,146701,1950
2021-09-10,San Benito,069,59416,6868,6824,137,6961,64
2021-09-10,San Bernardino,071,2135413,335736,331894,10364,342258,5422
2021-09-10,San Diego,073,3302833,347780,343173,20454,363627,3941
2021-09-10,San Francisco,075,870044,49300,48518,2053,50571,602
2021-09-10,San Joaquin,077,732212,91678,90208,4771,94979,1573
2021-09-10,San Luis Obispo,079,281455,27136,26526,1033,27559,299
2021-09-10,San Mateo,081,765935,51131,50251,745,50996,564
2021-09-10,Santa Barbara,083,443738,41189,40321,1413,41734,492
2021-09-10,Santa Clara,085,1922200,139004,137337,1051,138388,1817
2021-09-10,Santa Cruz,087,273765,19083,18785,951,19736,210
2021-09-10,Shasta,089,179085,17408,16667,2724,19391,242
2021-09-10,Sierra,091,2930,129,117,13,130,0
2021-09-10,Siskiyou,093,43540,2870,2702,944,3646,35
2021-09-10,Solano,095,438530,43210,42230,1082,43312,305
2021-09-10,Sonoma,097,501317,38703,38271,461,38732,368
2021-09-10,Stanislaus,099,539301,70421,69617,7835,77452,1091
2021-09-10,Sutter,101,95872,12653,12468,208,12676,145
2021-09-10,Tehama,103,63373,6915,6652,1090,7742,77
2021-09-10,Trinity,105,12862,682,524,180,704,7
2021-09-10,Tulare,107,460477,59923,57930,11946,69876,883
2021-09-10,Tuolumne,109,53932,5974,5842,67,5909,89
2021-09-10,Ventura,111,848112,93364,92145,4010,96155,1104
2021-09-10,Yolo,113,214977,18193,17825,802,18627,239
2021-09-10,Yuba,115,75493,8934,8760,195,8955,62
2021-09-09,Alameda,001,1643700,112239,111014,2508,113522,1306
2021-09-09,Alpine,003,1148,97,94,0,94,0
2021-09-09,Amador,005,37829,4804,4698,45,4743,56
2021-09-09,Butte,007,227075,17665,16874,3064,19938,221
2021-09-09,Calaveras,009,45235,3269,3165,22,3187,65
2021-09-09,Colusa,011,21464,2366,2321,511,2832,16
2021-09-09,Contra Costa,013,1133247,92961,91687,1835,93522,904
2021-09-09,Del Norte,015,27424,3284,3102,20,3122,28
2021-09-09,El Dorado,017,186661,14383,13970,1425,15395,119
2021-09-09,Fresno,019,978130,123738,121040,10984,132024,1838
2021-09-09,Glenn,021,27897,3076,2947,877,3824,20
2021-09-09,Humboldt,023,135768,7720,7471,349,7820,52
2021-09-09,Imperial,025,180216,30962,30661,2904,33565,751
2021-09-09,Inyo,027,18085,1619,1586,30,1616,39
2021-09-09,Kern,029,883053,114092,111390,16837,128227,1414
2021-09-09,Kings,031,150075,28181,27282,1528,28810,273
2021-09-09,Lake,033,64148,5882,5638,109,5747,79
2021-09-09,Lassen,035,31185,6027,5860,223,6083,25
2021-09-09,Los Angeles,037,10098052,1379552,1363735,50352,1414087,25583
2021-09-09,Madera,039,155013,20025,19401,1538,20939,252
2021-09-09,Marin,041,260295,16634,16416,366,16782,242
2021-09-09,Mariposa,043,17540,845,779,28,807,5
2021-09-09,Mendocino,045,87422,6424,6089,267,6356,61
2021-09-09,Merced,047,269075,37338,36634,1428,38062,516
2021-09-09,Modoc,049,8938,462,448,158,606,5
2021-09-09,Mono,051,14174,1460,1420,17,1437,3
2021-09-09,Monterey,053,433212,46793,45991,2450,48441,556
2021-09-09,Napa,055,140530,12076,11878,79,11957,90
2021-09-09,Nevada,057,99092,8078,7855,262,8117,82
2021-09-09,Orange,059,3164182,293175,289109,13646,302755,5299
2021-09-09,Placer,061,380077,32913,32048,3008,35056,342
2021-09-09,Plumas,063,18699,1171,1098,22,1120,5
2021-09-09,Riverside,065,2383286,341355,334774,15500,350274,4701
2021-09-09,Sacramento,067,1510023,143967,142728,3412,146140,1929
2021-09-09,San Benito,069,59416,6858,6820,136,6956,64
2021-09-09,San Bernardino,071,2135413,335166,331040,10351,341391,5417
2021-09-09,San Diego,073,3302833,347066,342149,20397,362546,3929
2021-09-09,San Francisco,075,870044,49186,48404,2044,50448,597
2021-09-09,San Joaquin,077,732212,91405,89874,4753,94627,1570
2021-09-09,San Luis Obispo,079,281455,27054,26472,1030,27502,296
2021-09-09,San Mateo,081,765935,51010,50143,742,50885,561
2021-09-09,Santa Barbara,083,443738,41083,40180,1409,41589,490
2021-09-09,Santa Clara,085,1922200,138781,137017,1046,138063,1816
2021-09-09,Santa Cruz,087,273765,19037,18728,951,19679,210
2021-09-09,Shasta,089,179085,17261,16401,2683,19084,238
2021-09-09,Sierra,091,2930,129,115,13,128,0
2021-09-09,Siskiyou,093,43540,2847,2683,930,3613,35
2021-09-09,Solano,095,438530,43094,42081,1078,43159,303
2021-09-09,Sonoma,097,501317,38635,38171,460,38631,360
2021-09-09,Stanislaus,099,539301,70142,69178,7803,76981,1074
2021-09-09,Sutter,101,95872,12598,12396,206,12602,144
2021-09-09,Tehama,103,63373,6861,6554,1085,7639,75
2021-09-09,Trinity,105,12862,676,523,178,701,6
2021-09-09,Tulare,107,460477,59682,57564,11887,69451,879
2021-09-09,Tuolumne,109,53932,5946,5802,66,5868,89
2021-09-09,Ventura,111,848112,93219,91610,4001,95611,1098
2021-09-09,Yolo,113,214977,18135,17724,799,18523,239
2021-09-09,Yuba,115,75493,8889,8707,192,8899,55
2021-09-08,Alameda,001,1643700,111995,110781,2506,113287,1305
2021-09-08,Alpine,003,1148,97,94,0,94,0
2021-09-08,Amador,005,37829,4792,4693,45,4738,56
2021-09-08,Butte,007,227075,17530,16775,3045,19820,220
2021-09-08,Calaveras,009,45235,3251,3157,22,3179,63
2021-09-08,Colusa,011,21464,2364,2308,511,2819,16
2021-09-08,Contra Costa,013,1133247,92681,91471,1830,93301,900
2021-09-08,Del Norte,015,27424,3261,3085,20,3105,25
2021-09-08,El Dorado,017,186661,14303,13928,1405,15333,119
2021-09-08,Fresno,019,978130,123241,120644,10921,131565,1831
2021-09-08,Glenn,021,27897,3061,2942,868,3810,20
2021-09-08,Humboldt,023,135768,7675,7438,341,7779,52
2021-09-08,Imperial,025,180216,30929,30609,2891,33500,751
2021-09-08,Inyo,027,18085,1608,1580,30,1610,39
2021-09-08,Kern,029,883053,113694,110933,16699,127632,1409
2021-09-08,Kings,031,150075,28052,27235,1514,28749,267
2021-09-08,Lake,033,64148,5851,5618,107,5725,79
2021-09-08,Lassen,035,31185,6009,5848,216,6064,25
2021-09-08,Los Angeles,037,10098052,1377482,1362029,50264,1412293,25533
2021-09-08,Madera,039,155013,19965,19352,1525,20877,252
2021-09-08,Marin,041,260295,16606,16386,365,16751,242
2021-09-08,Mariposa,043,17540,833,777,27,804,5
2021-09-08,Mendocino,045,87422,6380,6069,258,6327,61
2021-09-08,Merced,047,269075,37177,36500,1416,37916,516
2021-09-08,Modoc,049,8938,462,448,158,606,5
2021-09-08,Mono,051,14174,1454,1418,17,1435,3
2021-09-08,Monterey,053,433212,46744,45959,2444,48403,554
2021-09-08,Napa,055,140530,12041,11842,77,11919,90
2021-09-08,Nevada,057,99092,8043,7843,261,8104,82
2021-09-08,Orange,059,3164182,292765,288511,13623,302134,5290
2021-09-08,Placer,061,380077,32776,31852,2991,34843,337
2021-09-08,Plumas,063,18699,1164,1072,22,1094,5
2021-09-08,Riverside,065,2383286,340596,334037,15475,349512,4683
2021-09-08,Sacramento,067,1510023,143488,142448,3364,145812,1921
2021-09-08,San Benito,069,59416,6840,6800,136,6936,64
2021-09-08,San Bernardino,071,2135413,334560,330279,10334,340613,5411
2021-09-08,San Diego,073,3302833,346149,341437,20346,361783,3926
2021-09-08,San Francisco,075,870044,49049,48263,2040,50303,589
2021-09-08,San Joaquin,077,732212,91125,89631,4729,94360,1561
2021-09-08,San Luis Obispo,079,281455,26960,26303,1025,27328,294
2021-09-08,San Mateo,081,765935,50905,50051,742,50793,561
2021-09-08,Santa Barbara,083,443738,40971,40000,1405,41405,490
2021-09-08,Santa Clara,085,1922200,138548,136836,1042,137878,1810
2021-09-08,Santa Cruz,087,273765,19000,18699,951,19650,210
2021-09-08,Shasta,089,179085,17106,16227,2636,18863,234
2021-09-08,Sierra,091,2930,129,113,13,126,0
2021-09-08,Siskiyou,093,43540,2814,2643,919,3562,35
2021-09-08,Solano,095,438530,43001,41971,1075,43046,302
2021-09-08,Sonoma,097,501317,38551,38075,459,38534,360
2021-09-08,Stanislaus,099,539301,69910,68945,7764,76709,1074
2021-09-08,Sutter,101,95872,12533,12349,203,12552,144
2021-09-08,Tehama,103,63373,6794,6520,1067,7587,75
2021-09-08,Trinity,105,12862,673,520,174,694,6
2021-09-08,Tulare,107,460477,59358,57425,11832,69257,876
2021-09-08,Tuolumne,109,53932,5914,5783,64,5847,89
2021-09-08,Ventura,111,848112,93067,91345,3983,95328,1096
2021-09-08,Yolo,113,214977,18054,17680,794,18474,239
2021-09-08,Yuba,115,75493,8847,8675,190,8865,55
2021-09-07,Alameda,001,1643700,111695,110550,2499,113049,1301
2021-09-07,Alpine,003,1148,96,94,0,94,0
2021-09-07,Amador,005,37829,4765,4679,45,4724,53
2021-09-07,Butte,007,227075,17374,16723,3009,19732,220
2021-09-07,Calaveras,009,45235,3210,3140,20,3160,63
2021-09-07,Colusa,011,21464,2354,2306,509,2815,16
2021-09-07,Contra Costa,013,1133247,92417,91167,1824,92991,891
2021-09-07,Del Norte,015,27424,3247,3081,20,3101,24
2021-09-07,El Dorado,017,186661,14231,13892,1390,15282,119
2021-09-07,Fresno,019,978130,122683,120268,10828,131096,1828
2021-09-07,Glenn,021,27897,3049,2937,862,3799,20
2021-09-07,Humboldt,023,135768,7615,7397,324,7721,52
2021-09-07,Imperial,025,180216,30889,30584,2883,33467,751
2021-09-07,Inyo,027,18085,1602,1579,29,1608,39
2021-09-07,Kern,029,883053,113262,110674,16541,127215,1408
2021-09-07,Kings,031,150075,27928,27169,1496,28665,267
2021-09-07,Lake,033,64148,5808,5597,99,5696,78
2021-09-07,Lassen,035,31185,5991,5842,210,6052,21
2021-09-07,Los Angeles,037,10098052,1375251,1360407,50173,1410580,25486
2021-09-07,Madera,039,155013,19878,19316,1517,20833,249
2021-09-07,Marin,041,260295,16567,16363,365,16728,242
2021-09-07,Mariposa,043,17540,817,771,27,798,5
2021-09-07,Mendocino,045,87422,6320,6036,248,6284,61
2021-09-07,Merced,047,269075,37003,36400,1410,37810,513
2021-09-07,Modoc,049,8938,460,449,158,607,5
2021-09-07,Mono,051,14174,1445,1416,17,1433,3
2021-09-07,Monterey,053,433212,46661,45911,2432,48343,543
2021-09-07,Napa,055,140530,12000,11814,77,11891,90
2021-09-07,Nevada,057,99092,8016,7829,261,8090,82
2021-09-07,Orange,059,3164182,292336,288225,13593,301818,5274
2021-09-07,Placer,061,380077,32623,31710,2963,34673,337
2021-09-07,Plumas,063,18699,1149,1071,22,1093,5
2021-09-07,Riverside,065,2383286,339808,333390,15456,348846,4666
2021-09-07,Sacramento,067,1510023,142950,142364,3318,145682,1905
2021-09-07,San Benito,069,59416,6822,6786,136,6922,64
2021-09-07,San Bernardino,071,2135413,333808,329962,10309,340271,5407
2021-09-07,San Diego,073,3302833,345151,340709,20280,360989,3922
2021-09-07,San Francisco,075,870044,48909,48175,2035,50210,589
2021-09-07,San Joaquin,077,732212,90789,89468,4715,94183,1548
2021-09-07,San Luis Obispo,079,281455,26843,26253,1016,27269,287
2021-09-07,San Mateo,081,765935,50810,49913,741,50654,561
2021-09-07,Santa Barbara,083,443738,40845,39957,1400,41357,489
2021-09-07,Santa Clara,085,1922200,138260,136631,1037,137668,1807
2021-09-07,Santa Cruz,087,273765,18951,18669,949,19618,210
2021-09-07,Shasta,089,179085,16950,16096,2584,18680,226
2021-09-07,Sierra,091,2930,129,111,13,124,0
2021-09-07,Siskiyou,093,43540,2788,2607,902,3509,34
2021-09-07,Solano,095,438530,42871,41862,1071,42933,300
2021-09-07,Sonoma,097,501317,38467,38013,457,38470,358
2021-09-07,Stanislaus,099,539301,69639,68831,7737,76568,1074
2021-09-07,Sutter,101,95872,12459,12310,197,12507,138
2021-09-07,Tehama,103,63373,6742,6482,1047,7529,74
2021-09-07,Trinity,105,12862,667,517,174,691,6
2021-09-07,Tulare,107,460477,59009,57228,11754,68982,874
2021-09-07,Tuolumne,109,53932,5877,5759,64,5823,88
2021-09-07,Ventura,111,848112,92856,91246,3973,95219,1093
2021-09-07,Yolo,113,214977,17985,17653,789,18442,235
2021-09-07,Yuba,115,75493,8804,8642,185,8827,55
2021-09-06,Alameda,001,1643700,111385,110357,2491,112848,1301
2021-09-06,Alpine,003,1148,94,94,0,94,0
2021-09-06,Amador,005,37829,4749,4648,44,4692,53
2021-09-06,Butte,007,227075,17182,16588,2966,19554,218
2021-09-06,Calaveras,009,45235,3188,3122,20,3142,63
2021-09-06,Colusa,011,21464,2347,2306,505,2811,16
2021-09-06,Contra Costa,013,1133247,92122,90971,1814,92785,891
2021-09-06,Del Norte,015,27424,3206,3037,19,3056,24
2021-09-06,El Dorado,017,186661,14162,13848,1374,15222,119
2021-09-06,Fresno,019,978130,122109,119738,10753,130491,1828
2021-09-06,Glenn,021,27897,3020,2912,854,3766,20
2021-09-06,Humboldt,023,135768,7539,7320,306,7626,52
2021-09-06,Imperial,025,180216,30826,30576,2877,33453,751
2021-09-06,Inyo,027,18085,1593,1578,17,1595,39
2021-09-06,Kern,029,883053,112749,110347,16353,126700,1408
2021-09-06,Kings,031,150075,27785,27094,1481,28575,264
2021-09-06,Lake,033,64148,5744,5548,92,5640,78
2021-09-06,Lassen,035,31185,5965,5822,200,6022,21
2021-09-06,Los Angeles,037,10098052,1372876,1359348,50058,1409406,25477
2021-09-06,Madera,039,155013,19775,19191,1494,20685,249
2021-09-06,Marin,041,260295,16527,16356,365,16721,242
2021-09-06,Mariposa,043,17540,805,764,27,791,5
2021-09-06,Mendocino,045,87422,6250,5984,235,6219,61
2021-09-06,Merced,047,269075,36789,36300,1396,37696,513
2021-09-06,Modoc,049,8938,457,449,158,607,5
2021-09-06,Mono,051,14174,1441,1416,17,1433,3
2021-09-06,Monterey,053,433212,46567,45833,2416,48249,541
2021-09-06,Napa,055,140530,11957,11792,76,11868,90
2021-09-06,Nevada,057,99092,7968,7748,259,8007,82
2021-09-06,Orange,059,3164182,291842,287948,13542,301490,5274
2021-09-06,Placer,061,380077,32446,31595,2925,34520,337
2021-09-06,Plumas,063,18699,1128,1068,19,1087,5
2021-09-06,Riverside,065,2383286,338992,333052,15436,348488,4666
2021-09-06,Sacramento,067,1510023,142314,141730,3250,144980,1905
2021-09-06,San Benito,069,59416,6799,6777,133,6910,64
2021-09-06,San Bernardino,071,2135413,332919,329693,10278,339971,5398
2021-09-06,San Diego,073,3302833,344152,340222,20183,360405,3922
2021-09-06,San Francisco,075,870044,48775,48120,2030,50150,589
2021-09-06,San Joaquin,077,732212,90445,89293,4689,93982,1548
2021-09-06,San Luis Obispo,079,281455,26714,26183,1012,27195,286
2021-09-06,San Mateo,081,765935,50680,49859,739,50598,561
2021-09-06,Santa Barbara,083,443738,40714,39876,1391,41267,489
2021-09-06,Santa Clara,085,1922200,137968,136458,1035,137493,1807
2021-09-06,Santa Cruz,087,273765,18902,18615,946,19561,210
2021-09-06,Shasta,089,179085,16769,15985,2530,18515,226
2021-09-06,Sierra,091,2930,129,109,13,122,0
2021-09-06,Siskiyou,093,43540,2744,2595,868,3463,34
2021-09-06,Solano,095,438530,42723,41774,1065,42839,300
2021-09-06,Sonoma,097,501317,38346,37929,456,38385,358
2021-09-06,Stanislaus,099,539301,69297,68596,7693,76289,1074
2021-09-06,Sutter,101,95872,12397,12238,188,12426,138
2021-09-06,Tehama,103,63373,6680,6413,1020,7433,74
2021-09-06,Trinity,105,12862,664,515,172,687,6
2021-09-06,Tulare,107,460477,58651,57068,11674,68742,874
2021-09-06,Tuolumne,109,53932,5841,5697,64,5761,88
2021-09-06,Ventura,111,848112,92679,91132,3961,95093,1093
2021-09-06,Yolo,113,214977,17899,17576,784,18360,235
2021-09-06,Yuba,115,75493,8754,8584,181,8765,55
2021-09-05,Alameda,001,1643700,111192,110173,2488,112661,1301
2021-09-05,Alpine,003,1148,94,94,0,94,0
2021-09-05,Amador,005,37829,4737,4642,44,4686,53
2021-09-05,Butte,007,227075,17092,16504,2938,19442,218
2021-09-05,Calaveras,009,45235,3182,3106,20,3126,63
2021-09-05,Colusa,011,21464,2339,2305,503,2808,16
2021-09-05,Contra Costa,013,1133247,91937,90862,1809,92671,891
2021-09-05,Del Norte,015,27424,3186,3023,19,3042,24
2021-09-05,El Dorado,017,186661,14133,13827,1361,15188,119
2021-09-05,Fresno,019,978130,121810,119384,10712,130096,1828
2021-09-05,Glenn,021,27897,3006,2899,852,3751,20
2021-09-05,Humboldt,023,135768,7506,7312,303,7615,52
2021-09-05,Imperial,025,180216,30797,30548,2875,33423,751
2021-09-05,Inyo,027,18085,1590,1572,17,1589,39
2021-09-05,Kern,029,883053,112450,110073,16194,126267,1408
2021-09-05,Kings,031,150075,27708,26989,1477,28466,264
2021-09-05,Lake,033,64148,5724,5525,92,5617,78
2021-09-05,Lassen,035,31185,5943,5820,196,6016,21
2021-09-05,Los Angeles,037,10098052,1371581,1357748,49990,1407738,25465
2021-09-05,Madera,039,155013,19734,19155,1483,20638,249
2021-09-05,Marin,041,260295,16508,16342,364,16706,242
2021-09-05,Mariposa,043,17540,801,761,27,788,5
2021-09-05,Mendocino,045,87422,6216,5965,235,6200,61
2021-09-05,Merced,047,269075,36714,36243,1394,37637,513
2021-09-05,Modoc,049,8938,457,447,158,605,5
2021-09-05,Mono,051,14174,1441,1416,17,1433,3
2021-09-05,Monterey,053,433212,46539,45795,2407,48202,540
2021-09-05,Napa,055,140530,11932,11770,76,11846,90
2021-09-05,Nevada,057,99092,7946,7722,258,7980,82
2021-09-05,Orange,059,3164182,291554,287614,13525,301139,5274
2021-09-05,Placer,061,380077,32318,31487,2911,34398,337
2021-09-05,Plumas,063,18699,1121,1067,19,1086,5
2021-09-05,Riverside,065,2383286,338537,332604,15424,348028,4654
2021-09-05,Sacramento,067,1510023,141876,141276,3233,144509,1905
2021-09-05,San Benito,069,59416,6798,6764,133,6897,64
2021-09-05,San Bernardino,071,2135413,332534,329062,10262,339324,5392
2021-09-05,San Diego,073,3302833,343600,339427,20142,359569,3914
2021-09-05,San Francisco,075,870044,48697,48035,2026,50061,589
2021-09-05,San Joaquin,077,732212,90279,89121,4672,93793,1548
2021-09-05,San Luis Obispo,079,281455,26664,26098,1011,27109,285
2021-09-05,San Mateo,081,765935,50612,49809,735,50544,561
2021-09-05,Santa Barbara,083,443738,40647,39762,1389,41151,489
2021-09-05,Santa Clara,085,1922200,137758,136146,1033,137179,1807
2021-09-05,Santa Cruz,087,273765,18882,18588,944,19532,210
2021-09-05,Shasta,089,179085,16687,15960,2504,18464,226
2021-09-05,Sierra,091,2930,128,109,13,122,0
2021-09-05,Siskiyou,093,43540,2727,2585,854,3439,34
2021-09-05,Solano,095,438530,42628,41687,1060,42747,300
2021-09-05,Sonoma,097,501317,38261,37881,455,38336,358
2021-09-05,Stanislaus,099,539301,69157,68434,7669,76103,1074
2021-09-05,Sutter,101,95872,12367,12179,182,12361,138
2021-09-05,Tehama,103,63373,6653,6400,1014,7414,74
2021-09-05,Trinity,105,12862,658,505,171,676,6
2021-09-05,Tulare,107,460477,58482,56915,11630,68545,874
2021-09-05,Tuolumne,109,53932,5829,5688,64,5752,88
2021-09-05,Ventura,111,848112,92543,91004,3957,94961,1093
2021-09-05,Yolo,113,214977,17862,17557,779,18336,235
2021-09-05,Yuba,115,75493,8728,8521,179,8700,55
2021-09-04,Alameda,001,1643700,111069,109944,2481,112425,1301
2021-09-04,Alpine,003,1148,94,94,0,94,0
2021-09-04,Amador,005,37829,4719,4637,43,4680,53
2021-09-04,Butte,007,227075,17034,16403,2923,19326,218
2021-09-04,Calaveras,009,45235,3170,3087,19,3106,63
2021-09-04,Colusa,011,21464,2337,2301,503,2804,16
2021-09-04,Contra Costa,013,1133247,91820,90623,1806,92429,891
2021-09-04,Del Norte,015,27424,3175,2984,19,3003,24
2021-09-04,El Dorado,017,186661,14107,13782,1353,15135,119
2021-09-04,Fresno,019,978130,121615,119033,10691,129724,1828
2021-09-04,Glenn,021,27897,2996,2878,846,3724,20
2021-09-04,Humboldt,023,135768,7475,7298,297,7595,52
2021-09-04,Imperial,025,180216,30774,30526,2873,33399,751
2021-09-04,Inyo,027,18085,1588,1571,17,1588,39
2021-09-04,Kern,029,883053,112207,109751,16064,125815,1408
2021-09-04,Kings,031,150075,27621,26896,1471,28367,263
2021-09-04,Lake,033,64148,5706,5507,92,5599,78
2021-09-04,Lassen,035,31185,5928,5814,188,6002,21
2021-09-04,Los Angeles,037,10098052,1370625,1355634,49932,1405566,25454
2021-09-04,Madera,039,155013,19701,19112,1476,20588,249
2021-09-04,Marin,041,260295,16492,16319,363,16682,242
2021-09-04,Mariposa,043,17540,796,759,27,786,5
2021-09-04,Mendocino,045,87422,6180,5933,235,6168,61
2021-09-04,Merced,047,269075,36670,36083,1389,37472,513
2021-09-04,Modoc,049,8938,457,447,158,605,5
2021-09-04,Mono,051,14174,1438,1417,17,1434,3
2021-09-04,Monterey,053,433212,46508,45756,2403,48159,540
2021-09-04,Napa,055,140530,11907,11760,74,11834,90
2021-09-04,Nevada,057,99092,7931,7691,257,7948,82
2021-09-04,Orange,059,3164182,291291,287244,13504,300748,5274
2021-09-04,Placer,061,380077,32214,31374,2894,34268,337
2021-09-04,Plumas,063,18699,1113,1067,19,1086,5
2021-09-04,Riverside,065,2383286,338067,331958,15412,347370,4654
2021-09-04,Sacramento,067,1510023,141582,140735,3225,143960,1896
2021-09-04,San Benito,069,59416,6789,6758,133,6891,64
2021-09-04,San Bernardino,071,2135413,332202,328425,10248,338673,5393
2021-09-04,San Diego,073,3302833,343165,338748,20120,358868,3914
2021-09-04,San Francisco,075,870044,48622,47937,2018,49955,589
2021-09-04,San Joaquin,077,732212,90164,88846,4664,93510,1548
2021-09-04,San Luis Obispo,079,281455,26632,26020,1011,27031,285
2021-09-04,San Mateo,081,765935,50558,49721,735,50456,560
2021-09-04,Santa Barbara,083,443738,40581,39667,1387,41054,489
2021-09-04,Santa Clara,085,1922200,137573,135845,1030,136875,1806
2021-09-04,Santa Cruz,087,273765,18864,18579,940,19519,210
2021-09-04,Shasta,089,179085,16610,15924,2478,18402,226
2021-09-04,Sierra,091,2930,126,108,13,121,0
2021-09-04,Siskiyou,093,43540,2701,2563,843,3406,34
2021-09-04,Solano,095,438530,42555,41614,1058,42672,300
2021-09-04,Sonoma,097,501317,38228,37809,455,38264,358
2021-09-04,Stanislaus,099,539301,69010,68210,7644,75854,1074
2021-09-04,Sutter,101,95872,12326,12137,181,12318,138
2021-09-04,Tehama,103,63373,6628,6367,996,7363,74
2021-09-04,Trinity,105,12862,656,497,171,668,6
2021-09-04,Tulare,107,460477,58374,56719,11587,68306,874
2021-09-04,Tuolumne,109,53932,5810,5667,62,5729,88
2021-09-04,Ventura,111,848112,92408,90904,3954,94858,1090
2021-09-04,Yolo,113,214977,17826,17522,775,18297,235
2021-09-04,Yuba,115,75493,8699,8475,178,8653,55
2021-09-03,Alameda,001,1643700,110909,109636,2479,112115,1301
2021-09-03,Alpine,003,1148,94,94,0,94,0
2021-09-03,Amador,005,37829,4697,4614,43,4657,53
2021-09-03,Butte,007,227075,16943,16259,2897,19156,215
2021-09-03,Calaveras,009,45235,3160,3069,19,3088,63
2021-09-03,Colusa,011,21464,2332,2295,502,2797,16
2021-09-03,Contra Costa,013,1133247,91668,90299,1803,92102,886
2021-09-03,Del Norte,015,27424,3147,2943,18,2961,24
2021-09-03,El Dorado,017,186661,14074,13710,1349,15059,119
2021-09-03,Fresno,019,978130,121279,118508,10669,129177,1822
2021-09-03,Glenn,021,27897,2987,2867,838,3705,20
2021-09-03,Humboldt,023,135768,7450,7194,292,7486,52
2021-09-03,Imperial,025,180216,30751,30475,2868,33343,751
2021-09-03,Inyo,027,18085,1583,1567,17,1584,39
2021-09-03,Kern,029,883053,111991,109296,15953,125249,1407
2021-09-03,Kings,031,150075,27537,26753,1468,28221,263
2021-09-03,Lake,033,64148,5686,5479,90,5569,78
2021-09-03,Lassen,035,31185,5911,5789,184,5973,21
2021-09-03,Los Angeles,037,10098052,1369295,1351185,49866,1401051,25384
2021-09-03,Madera,039,155013,19616,19021,1470,20491,247
2021-09-03,Marin,041,260295,16470,16293,362,16655,242
2021-09-03,Mariposa,043,17540,789,753,25,778,5
2021-09-03,Mendocino,045,87422,6145,5891,235,6126,61
2021-09-03,Merced,047,269075,36616,35941,1380,37321,512
2021-09-03,Modoc,049,8938,457,445,158,603,5
2021-09-03,Mono,051,14174,1437,1410,17,1427,3
2021-09-03,Monterey,053,433212,46470,45707,2399,48106,540
2021-09-03,Napa,055,140530,11886,11733,74,11807,89
2021-09-03,Nevada,057,99092,7897,7632,257,7889,82
2021-09-03,Orange,059,3164182,290973,286818,13477,300295,5253
2021-09-03,Placer,061,380077,32107,31238,2870,34108,335
2021-09-03,Plumas,063,18699,1102,1057,19,1076,5
2021-09-03,Riverside,065,2383286,337535,331011,15396,346407,4653
2021-09-03,Sacramento,067,1510023,141218,139982,3207,143189,1886
2021-09-03,San Benito,069,59416,6783,6746,133,6879,64
2021-09-03,San Bernardino,071,2135413,331785,327599,10238,337837,5381
2021-09-03,San Diego,073,3302833,342545,337627,20087,357714,3911
2021-09-03,San Francisco,075,870044,48546,47822,2012,49834,589
2021-09-03,San Joaquin,077,732212,90011,88366,4656,93022,1540
2021-09-03,San Luis Obispo,079,281455,26556,25917,1009,26926,283
2021-09-03,San Mateo,081,765935,50463,49617,733,50350,560
2021-09-03,Santa Barbara,083,443738,40514,39507,1384,40891,489
2021-09-03,Santa Clara,085,1922200,137371,135522,1026,136548,1801
2021-09-03,Santa Cruz,087,273765,18839,18532,940,19472,210
2021-09-03,Shasta,089,179085,16535,15778,2454,18232,226
2021-09-03,Sierra,091,2930,124,105,13,118,0
2021-09-03,Siskiyou,093,43540,2689,2529,830,3359,34
2021-09-03,Solano,095,438530,42459,41457,1055,42512,300
2021-09-03,Sonoma,097,501317,38165,37699,455,38154,358
2021-09-03,Stanislaus,099,539301,68834,67887,7618,75505,1074
2021-09-03,Sutter,101,95872,12287,12073,180,12253,139
2021-09-03,Tehama,103,63373,6589,6334,989,7323,72
2021-09-03,Trinity,105,12862,654,490,167,657,6
2021-09-03,Tulare,107,460477,58248,56401,11535,67936,872
2021-09-03,Tuolumne,109,53932,5768,5630,62,5692,88
2021-09-03,Ventura,111,848112,92274,90742,3950,94692,1088
2021-09-03,Yolo,113,214977,17803,17446,770,18216,235
2021-09-03,Yuba,115,75493,8668,8412,178,8590,55
2021-09-02,Alameda,001,1643700,110651,109377,2476,111853,1301
2021-09-02,Alpine,003,1148,93,92,0,92,0
2021-09-02,Amador,005,37829,4681,4606,43,4649,53
2021-09-02,Butte,007,227075,16816,16154,2878,19032,215
2021-09-02,Calaveras,009,45235,3147,3042,19,3061,62
2021-09-02,Colusa,011,21464,2328,2290,502,2792,16
2021-09-02,Contra Costa,013,1133247,91486,90038,1792,91830,886
2021-09-02,Del Norte,015,27424,3116,2891,18,2909,24
2021-09-02,El Dorado,017,186661,14015,13641,1324,14965,119
2021-09-02,Fresno,019,978130,120791,117974,10615,128589,1804
2021-09-02,Glenn,021,27897,2971,2855,832,3687,20
2021-09-02,Humboldt,023,135768,7403,7141,281,7422,52
2021-09-02,Imperial,025,180216,30707,30449,2863,33312,751
2021-09-02,Inyo,027,18085,1578,1564,16,1580,39
2021-09-02,Kern,029,883053,111578,108930,15809,124739,1404
2021-09-02,Kings,031,150075,27444,26638,1458,28096,263
2021-09-02,Lake,033,64148,5656,5432,86,5518,78
2021-09-02,Lassen,035,31185,5897,5747,177,5924,21
2021-09-02,Los Angeles,037,10098052,1367439,1351105,49773,1400878,25382
2021-09-02,Madera,039,155013,19525,18937,1452,20389,247
2021-09-02,Marin,041,260295,16457,16244,360,16604,242
2021-09-02,Mariposa,043,17540,782,745,22,767,5
2021-09-02,Mendocino,045,87422,6103,5848,232,6080,61
2021-09-02,Merced,047,269075,36453,35820,1373,37193,508
2021-09-02,Modoc,049,8938,457,437,158,595,5
2021-09-02,Mono,051,14174,1437,1409,17,1426,3
2021-09-02,Monterey,053,433212,46404,45648,2384,48032,539
2021-09-02,Napa,055,140530,11857,11684,74,11758,88
2021-09-02,Nevada,057,99092,7845,7575,256,7831,82
2021-09-02,Orange,059,3164182,290513,286326,13443,299769,5240
2021-09-02,Placer,061,380077,31969,31067,2841,33908,330
2021-09-02,Plumas,063,18699,1091,1045,18,1063,5
2021-09-02,Riverside,065,2383286,336821,330190,15372,345562,4644
2021-09-02,Sacramento,067,1510023,140637,139274,3168,142442,1882
2021-09-02,San Benito,069,59416,6778,6734,132,6866,64
2021-09-02,San Bernardino,071,2135413,331177,326940,10165,337105,5369
2021-09-02,San Diego,073,3302833,341587,336382,20034,356416,3909
2021-09-02,San Francisco,075,870044,48438,47674,2008,49682,587
2021-09-02,San Joaquin,077,732212,89727,88056,4632,92688,1540
2021-09-02,San Luis Obispo,079,281455,26470,25851,1004,26855,283
2021-09-02,San Mateo,081,765935,50362,49490,731,50221,558
2021-09-02,Santa Barbara,083,443738,40424,39386,1371,40757,486
2021-09-02,Santa Clara,085,1922200,137070,135216,1020,136236,1799
2021-09-02,Santa Cruz,087,273765,18805,18473,937,19410,210
2021-09-02,Shasta,089,179085,16397,15670,2425,18095,224
2021-09-02,Sierra,091,2930,124,105,13,118,0
2021-09-02,Siskiyou,093,43540,2668,2513,802,3315,34
2021-09-02,Solano,095,438530,42353,41293,1052,42345,294
2021-09-02,Sonoma,097,501317,38084,37558,455,38013,352
2021-09-02,Stanislaus,099,539301,68593,67576,7598,75174,1074
2021-09-02,Sutter,101,95872,12218,11995,176,12171,138
2021-09-02,Tehama,103,63373,6531,6265,970,7235,72
2021-09-02,Trinity,105,12862,650,484,165,649,6
2021-09-02,Tulare,107,460477,58018,56105,11484,67589,872
2021-09-02,Tuolumne,109,53932,5711,5578,62,5640,88
2021-09-02,Ventura,111,848112,92091,90610,3945,94555,1084
2021-09-02,Yolo,113,214977,17733,17357,759,18116,235
2021-09-02,Yuba,115,75493,8608,8363,178,8541,55
2021-09-01,Alameda,001,1643700,110383,109075,2471,111546,1299
2021-09-01,Alpine,003,1148,93,92,0,92,0
2021-09-01,Amador,005,37829,4665,4599,42,4641,53
2021-09-01,Butte,007,227075,16701,16046,2850,18896,215
2021-09-01,Calaveras,009,45235,3135,3023,19,3042,59
2021-09-01,Colusa,011,21464,2323,2281,501,2782,16
2021-09-01,Contra Costa,013,1133247,91251,89834,1785,91619,877
2021-09-01,Del Norte,015,27424,3083,2860,18,2878,24
2021-09-01,El Dorado,017,186661,13959,13577,1295,14872,119
2021-09-01,Fresno,019,978130,120300,117492,10546,128038,1800
2021-09-01,Glenn,021,27897,2946,2846,824,3670,20
2021-09-01,Humboldt,023,135768,7356,7090,274,7364,52
2021-09-01,Imperial,025,180216,30669,30393,2858,33251,750
2021-09-01,Inyo,027,18085,1574,1561,15,1576,39
2021-09-01,Kern,029,883053,111147,108449,15671,124120,1400
2021-09-01,Kings,031,150075,27331,26443,1447,27890,263
2021-09-01,Lake,033,64148,5615,5396,81,5477,77
2021-09-01,Lassen,035,31185,5875,5731,173,5904,21
2021-09-01,Los Angeles,037,10098052,1365173,1348589,49671,1398260,25341
2021-09-01,Madera,039,155013,19447,18852,1437,20289,247
2021-09-01,Marin,041,260295,16435,16224,355,16579,240
2021-09-01,Mariposa,043,17540,774,735,22,757,5
2021-09-01,Mendocino,045,87422,6060,5821,227,6048,59
2021-09-01,Merced,047,269075,36276,35686,1363,37049,500
2021-09-01,Modoc,049,8938,451,436,156,592,5
2021-09-01,Mono,051,14174,1437,1400,17,1417,3
2021-09-01,Monterey,053,433212,46324,45590,2369,47959,539
2021-09-01,Napa,055,140530,11824,11653,74,11727,88
2021-09-01,Nevada,057,99092,7792,7508,255,7763,82
2021-09-01,Orange,059,3164182,290038,285840,13406,299246,5233
2021-09-01,Placer,061,380077,31813,30902,2827,33729,330
2021-09-01,Plumas,063,18699,1083,1033,18,1051,5
2021-09-01,Riverside,065,2383286,336008,329388,15342,344730,4634
2021-09-01,Sacramento,067,1510023,140029,138499,3123,141622,1875
2021-09-01,San Benito,069,59416,6761,6716,132,6848,64
2021-09-01,San Bernardino,071,2135413,330530,326250,10136,336386,5364
2021-09-01,San Diego,073,3302833,340565,335302,19978,355280,3908
2021-09-01,San Francisco,075,870044,48330,47538,2001,49539,584
2021-09-01,San Joaquin,077,732212,89405,87640,4609,92249,1540
2021-09-01,San Luis Obispo,079,281455,26374,25691,999,26690,283
2021-09-01,San Mateo,081,765935,50242,49394,725,50119,558
2021-09-01,Santa Barbara,083,443738,40306,39263,1355,40618,483
2021-09-01,Santa Clara,085,1922200,136802,134855,1014,135869,1796
2021-09-01,Santa Cruz,087,273765,18758,18453,935,19388,210
2021-09-01,Shasta,089,179085,16265,15552,2385,17937,221
2021-09-01,Sierra,091,2930,123,98,13,111,0
2021-09-01,Siskiyou,093,43540,2638,2482,782,3264,34
2021-09-01,Solano,095,438530,42202,41194,1046,42240,293
2021-09-01,Sonoma,097,501317,37990,37454,454,37908,352
2021-09-01,Stanislaus,099,539301,68308,67287,7567,74854,1075
2021-09-01,Sutter,101,95872,12154,11945,169,12114,136
2021-09-01,Tehama,103,63373,6497,6228,953,7181,72
2021-09-01,Trinity,105,12862,649,482,162,644,5
2021-09-01,Tulare,107,460477,57735,55768,11447,67215,870
2021-09-01,Tuolumne,109,53932,5672,5553,62,5615,88
2021-09-01,Ventura,111,848112,91876,90471,3929,94400,1089
2021-09-01,Yolo,113,214977,17677,17264,753,18017,235
2021-09-01,Yuba,115,75493,8546,8308,178,8486,55
2021-08-31,Alameda,001,1643700,110089,108837,2465,111302,1297
2021-08-31,Alpine,003,1148,91,92,0,92,0
2021-08-31,Amador,005,37829,4644,4555,42,4597,53
2021-08-31,Butte,007,227075,16560,15896,2809,18705,216
2021-08-31,Calaveras,009,45235,3095,3008,19,3027,59
2021-08-31,Colusa,011,21464,2321,2275,499,2774,16
2021-08-31,Contra Costa,013,1133247,90956,89546,1773,91319,871
2021-08-31,Del Norte,015,27424,3047,2830,18,2848,19
2021-08-31,El Dorado,017,186661,13888,13539,1277,14816,119
2021-08-31,Fresno,019,978130,119724,117155,10467,127622,1801
2021-08-31,Glenn,021,27897,2930,2829,814,3643,20
2021-08-31,Humboldt,023,135768,7281,7030,261,7291,52
2021-08-31,Imperial,025,180216,30632,30348,2850,33198,750
2021-08-31,Inyo,027,18085,1570,1550,15,1565,39
2021-08-31,Kern,029,883053,110645,108151,15492,123643,1393
2021-08-31,Kings,031,150075,27190,26405,1433,27838,260
2021-08-31,Lake,033,64148,5571,5359,80,5439,74
2021-08-31,Lassen,035,31185,5849,5702,170,5872,21
2021-08-31,Los Angeles,037,10098052,1362582,1346686,49593,1396279,25303
2021-08-31,Madera,039,155013,19357,18811,1420,20231,247
2021-08-31,Marin,041,260295,16406,16215,352,16567,240
2021-08-31,Mariposa,043,17540,766,732,22,754,5
2021-08-31,Mendocino,045,87422,6018,5777,226,6003,59
2021-08-31,Merced,047,269075,36106,35512,1358,36870,498
2021-08-31,Modoc,049,8938,450,436,156,592,5
2021-08-31,Mono,051,14174,1425,1398,17,1415,3
2021-08-31,Monterey,053,433212,46240,45550,2356,47906,539
2021-08-31,Napa,055,140530,11776,11618,74,11692,88
2021-08-31,Nevada,057,99092,7726,7460,255,7715,82
2021-08-31,Orange,059,3164182,289439,285310,13374,298684,5229
2021-08-31,Placer,061,380077,31623,30745,2790,33535,325
2021-08-31,Plumas,063,18699,1079,1018,17,1035,5
2021-08-31,Riverside,065,2383286,335035,328556,15309,343865,4627
2021-08-31,Sacramento,067,1510023,139345,137879,3091,140970,1863
2021-08-31,San Benito,069,59416,6749,6694,130,6824,64
2021-08-31,San Bernardino,071,2135413,329781,325446,10116,335562,5350
2021-08-31,San Diego,073,3302833,339312,334377,19920,354297,3888
2021-08-31,San Francisco,075,870044,48180,47440,1990,49430,581
2021-08-31,San Joaquin,077,732212,88960,87365,4594,91959,1540
2021-08-31,San Luis Obispo,079,281455,26251,25518,995,26513,282
2021-08-31,San Mateo,081,765935,50130,49299,725,50024,556
2021-08-31,Santa Barbara,083,443738,40156,39091,1349,40440,481
2021-08-31,Santa Clara,085,1922200,136451,134637,1007,135644,1793
2021-08-31,Santa Cruz,087,273765,18720,18419,932,19351,210
2021-08-31,Shasta,089,179085,16113,15368,2358,17726,220
2021-08-31,Sierra,091,2930,120,95,13,108,0
2021-08-31,Siskiyou,093,43540,2618,2435,766,3201,33
2021-08-31,Solano,095,438530,42063,41067,1039,42106,289
2021-08-31,Sonoma,097,501317,37894,37379,453,37832,352
2021-08-31,Stanislaus,099,539301,67953,67004,7532,74536,1075
2021-08-31,Sutter,101,95872,12089,11901,165,12066,136
2021-08-31,Tehama,103,63373,6436,6169,922,7091,72
2021-08-31,Trinity,105,12862,643,480,162,642,3
2021-08-31,Tulare,107,460477,57401,55567,11377,66944,870
2021-08-31,Tuolumne,109,53932,5636,5516,62,5578,88
2021-08-31,Ventura,111,848112,91657,90292,3917,94209,1081
2021-08-31,Yolo,113,214977,17595,17205,746,17951,234
2021-08-31,Yuba,115,75493,8492,8253,178,8431,54
2021-08-30,Alameda,001,1643700,109772,107734,2454,110188,1296
2021-08-30,Alpine,003,1148,91,92,0,92,0
2021-08-30,Amador,005,37829,4633,4507,42,4549,53
2021-08-30,Butte,007,227075,16408,15719,2776,18495,214
2021-08-30,Calaveras,009,45235,3080,2975,19,2994,59
2021-08-30,Colusa,011,21464,2312,2271,496,2767,16
2021-08-30,Contra Costa,013,1133247,90696,87679,1763,89442,872
2021-08-30,Del Norte,015,27424,3005,2796,17,2813,11
2021-08-30,El Dorado,017,186661,13819,13217,1260,14477,119
2021-08-30,Fresno,019,978130,119152,115867,10395,126262,1790
2021-08-30,Glenn,021,27897,2919,2804,808,3612,20
2021-08-30,Humboldt,023,135768,7227,6930,255,7185,52
2021-08-30,Imperial,025,180216,30594,30311,2845,33156,750
2021-08-30,Inyo,027,18085,1565,1544,15,1559,39
2021-08-30,Kern,029,883053,110166,107615,15330,122945,1389
2021-08-30,Kings,031,150075,27073,26236,1418,27654,259
2021-08-30,Lake,033,64148,5536,5323,77,5400,74
2021-08-30,Lassen,035,31185,5827,5667,164,5831,21
2021-08-30,Los Angeles,037,10098052,1360120,1344949,49508,1394457,25269
2021-08-30,Madera,039,155013,19275,18622,1400,20022,247
2021-08-30,Marin,041,260295,16375,16160,352,16512,240
2021-08-30,Mariposa,043,17540,760,715,21,736,5
2021-08-30,Mendocino,045,87422,5984,5721,222,5943,55
2021-08-30,Merced,047,269075,35978,35335,1354,36689,497
2021-08-30,Modoc,049,8938,448,436,155,591,5
2021-08-30,Mono,051,14174,1424,1390,17,1407,3
2021-08-30,Monterey,053,433212,46178,45463,2339,47802,539
2021-08-30,Napa,055,140530,11727,11579,72,11651,87
2021-08-30,Nevada,057,99092,7667,7356,252,7608,82
2021-08-30,Orange,059,3164182,288858,284750,13325,298075,5223
2021-08-30,Placer,061,380077,31458,29825,2767,32592,319
2021-08-30,Plumas,063,18699,1062,998,17,1015,5
2021-08-30,Riverside,065,2383286,334144,327593,15278,342871,4623
2021-08-30,Sacramento,067,1510023,138687,134571,3045,137616,1847
2021-08-30,San Benito,069,59416,6740,6663,130,6793,64
2021-08-30,San Bernardino,071,2135413,329103,324870,10086,334956,5348
2021-08-30,San Diego,073,3302833,338041,333011,19840,352851,3885
2021-08-30,San Francisco,075,870044,48040,46966,1977,48943,581
2021-08-30,San Joaquin,077,732212,88629,86203,4573,90776,1528
2021-08-30,San Luis Obispo,079,281455,26126,25422,988,26410,280
2021-08-30,San Mateo,081,765935,50004,48839,719,49558,554
2021-08-30,Santa Barbara,083,443738,40004,38998,1344,40342,481
2021-08-30,Santa Clara,085,1922200,136129,133281,1000,134281,1789
2021-08-30,Santa Cruz,087,273765,18666,18326,928,19254,210
2021-08-30,Shasta,089,179085,15984,15238,2319,17557,217
2021-08-30,Sierra,091,2930,118,91,13,104,0
2021-08-30,Siskiyou,093,43540,2605,2411,755,3166,33
2021-08-30,Solano,095,438530,41902,39986,1035,41021,290
2021-08-30,Sonoma,097,501317,37789,36764,453,37217,352
2021-08-30,Stanislaus,099,539301,67614,66173,7501,73674,1074
2021-08-30,Sutter,101,95872,12019,11791,158,11949,136
2021-08-30,Tehama,103,63373,6357,6085,898,6983,71
2021-08-30,Trinity,105,12862,632,468,159,627,3
2021-08-30,Tulare,107,460477,57089,55140,11302,66442,870
2021-08-30,Tuolumne,109,53932,5590,5492,62,5554,74
2021-08-30,Ventura,111,848112,91441,90149,3905,94054,1082
2021-08-30,Yolo,113,214977,17533,17071,742,17813,231
2021-08-30,Yuba,115,75493,8418,8129,177,8306,54
2021-08-29,Alameda,001,1643700,109440,107494,2443,109937,1296
2021-08-29,Alpine,003,1148,91,92,0,92,0
2021-08-29,Amador,005,37829,4619,4501,42,4543,53
2021-08-29,Butte,007,227075,16238,15602,2739,18341,214
2021-08-29,Calaveras,009,45235,3048,2970,19,2989,59
2021-08-29,Colusa,011,21464,2305,2260,490,2750,16
2021-08-29,Contra Costa,013,1133247,90400,87439,1758,89197,872
2021-08-29,Del Norte,015,27424,2962,2752,17,2769,11
2021-08-29,El Dorado,017,186661,13763,13166,1249,14415,119
2021-08-29,Fresno,019,978130,118555,115502,10326,125828,1790
2021-08-29,Glenn,021,27897,2901,2778,801,3579,20
2021-08-29,Humboldt,023,135768,7183,6922,240,7162,52
2021-08-29,Imperial,025,180216,30533,30293,2834,33127,750
2021-08-29,Inyo,027,18085,1555,1543,14,1557,39
2021-08-29,Kern,029,883053,109715,107324,15160,122484,1389
2021-08-29,Kings,031,150075,26919,26143,1404,27547,259
2021-08-29,Lake,033,64148,5496,5293,67,5360,74
2021-08-29,Lassen,035,31185,5804,5666,160,5826,21
2021-08-29,Los Angeles,037,10098052,1357372,1342541,49397,1391938,25263
2021-08-29,Madera,039,155013,19188,18594,1384,19978,247
2021-08-29,Marin,041,260295,16344,16134,350,16484,240
2021-08-29,Mariposa,043,17540,754,709,19,728,5
2021-08-29,Mendocino,045,87422,5926,5689,209,5898,55
2021-08-29,Merced,047,269075,35739,35250,1342,36592,497
2021-08-29,Modoc,049,8938,445,436,155,591,5
2021-08-29,Mono,051,14174,1417,1387,17,1404,3
2021-08-29,Monterey,053,433212,46072,45424,2316,47740,539
2021-08-29,Napa,055,140530,11696,11552,72,11624,87
2021-08-29,Nevada,057,99092,7610,7294,251,7545,82
2021-08-29,Orange,059,3164182,288230,284432,13283,297715,5223
2021-08-29,Placer,061,380077,31286,29674,2726,32400,319
2021-08-29,Plumas,063,18699,1051,996,17,1013,5
2021-08-29,Riverside,065,2383286,333286,326987,15257,342244,4623
2021-08-29,Sacramento,067,1510023,137934,133981,2996,136977,1843
2021-08-29,San Benito,069,59416,6715,6646,130,6776,64
2021-08-29,San Bernardino,071,2135413,328318,324266,10052,334318,5347
2021-08-29,San Diego,073,3302833,336935,332014,19745,351759,3880
2021-08-29,San Francisco,075,870044,47905,46885,1965,48850,581
2021-08-29,San Joaquin,077,732212,88181,85922,4553,90475,1528
2021-08-29,San Luis Obispo,079,281455,25928,25288,980,26268,280
2021-08-29,San Mateo,081,765935,49891,48737,714,49451,554
2021-08-29,Santa Barbara,083,443738,39838,38900,1340,40240,481
2021-08-29,Santa Clara,085,1922200,135776,132979,994,133973,1789
2021-08-29,Santa Cruz,087,273765,18619,18285,926,19211,210
2021-08-29,Shasta,089,179085,15830,15198,2292,17490,217
2021-08-29,Sierra,091,2930,116,91,13,104,0
2021-08-29,Siskiyou,093,43540,2558,2407,735,3142,33
2021-08-29,Solano,095,438530,41748,39887,1028,40915,290
2021-08-29,Sonoma,097,501317,37654,36650,449,37099,352
2021-08-29,Stanislaus,099,539301,67269,65956,7465,73421,1074
2021-08-29,Sutter,101,95872,11960,11719,151,11870,136
2021-08-29,Tehama,103,63373,6286,6040,875,6915,71
2021-08-29,Trinity,105,12862,629,468,156,624,3
2021-08-29,Tulare,107,460477,56756,54974,11218,66192,870
2021-08-29,Tuolumne,109,53932,5564,5478,61,5539,74
2021-08-29,Ventura,111,848112,91183,90114,3896,94010,1082
2021-08-29,Yolo,113,214977,17433,17015,729,17744,231
2021-08-29,Yuba,115,75493,8354,8042,177,8219,54
2021-08-28,Alameda,001,1643700,109276,107007,2434,109441,1296
2021-08-28,Alpine,003,1148,91,92,0,92,0
2021-08-28,Amador,005,37829,4600,4484,41,4525,53
2021-08-28,Butte,007,227075,16178,15487,2711,18198,214
2021-08-28,Calaveras,009,45235,3038,2926,19,2945,59
2021-08-28,Colusa,011,21464,2301,2252,488,2740,16
2021-08-28,Contra Costa,013,1133247,90189,86938,1755,88693,872
2021-08-28,Del Norte,015,27424,2935,2734,16,2750,11
2021-08-28,El Dorado,017,186661,13724,13089,1243,14332,119
2021-08-28,Fresno,019,978130,118314,115079,10295,125374,1792
2021-08-28,Glenn,021,27897,2892,2773,794,3567,20
2021-08-28,Humboldt,023,135768,7148,6887,235,7122,52
2021-08-28,Imperial,025,180216,30506,30260,2831,33091,750
2021-08-28,Inyo,027,18085,1553,1539,14,1553,39
2021-08-28,Kern,029,883053,109477,107012,15020,122032,1389
2021-08-28,Kings,031,150075,26852,26059,1401,27460,257
2021-08-28,Lake,033,64148,5473,5267,63,5330,74
2021-08-28,Lassen,035,31185,5789,5665,159,5824,21
2021-08-28,Los Angeles,037,10098052,1356157,1337097,49326,1386423,25234
2021-08-28,Madera,039,155013,19137,18553,1370,19923,247
2021-08-28,Marin,041,260295,16329,16106,350,16456,240
2021-08-28,Mariposa,043,17540,752,704,19,723,5
2021-08-28,Mendocino,045,87422,5901,5658,209,5867,55
2021-08-28,Merced,047,269075,35687,35108,1339,36447,497
2021-08-28,Modoc,049,8938,445,436,154,590,5
2021-08-28,Mono,051,14174,1414,1385,17,1402,3
2021-08-28,Monterey,053,433212,46030,45394,2311,47705,539
2021-08-28,Napa,055,140530,11673,11512,71,11583,88
2021-08-28,Nevada,057,99092,7586,7238,249,7487,82
2021-08-28,Orange,059,3164182,287873,283953,13235,297188,5222
2021-08-28,Placer,061,380077,31177,29428,2713,32141,319
2021-08-28,Plumas,063,18699,1044,991,17,1008,5
2021-08-28,Riverside,065,2383286,332698,326222,15247,341469,4623
2021-08-28,Sacramento,067,1510023,137544,132985,2979,135964,1844
2021-08-28,San Benito,069,59416,6708,6636,130,6766,64
2021-08-28,San Bernardino,071,2135413,327870,323672,10044,333716,5348
2021-08-28,San Diego,073,3302833,336351,331330,19709,351039,3880
2021-08-28,San Francisco,075,870044,47833,46654,1958,48612,581
2021-08-28,San Joaquin,077,732212,88011,85481,4544,90025,1527
2021-08-28,San Luis Obispo,079,281455,25861,25138,975,26113,280
2021-08-28,San Mateo,081,765935,49817,48575,710,49285,554
2021-08-28,Santa Barbara,083,443738,39767,38780,1340,40120,481
2021-08-28,Santa Clara,085,1922200,135569,132488,992,133480,1789
2021-08-28,Santa Cruz,087,273765,18601,18240,923,19163,210
2021-08-28,Shasta,089,179085,15727,15147,2274,17421,217
2021-08-28,Sierra,091,2930,112,91,13,104,0
2021-08-28,Siskiyou,093,43540,2550,2402,724,3126,33
2021-08-28,Solano,095,438530,41699,39610,1027,40637,290
2021-08-28,Sonoma,097,501317,37581,36466,447,36913,352
2021-08-28,Stanislaus,099,539301,67111,65670,7448,73118,1074
2021-08-28,Sutter,101,95872,11939,11669,150,11819,136
2021-08-28,Tehama,103,63373,6260,6004,864,6868,71
2021-08-28,Trinity,105,12862,625,463,155,618,3
2021-08-28,Tulare,107,460477,56626,54746,11176,65922,870
2021-08-28,Tuolumne,109,53932,5548,5469,61,5530,74
2021-08-28,Ventura,111,848112,91065,89934,3894,93828,1081
2021-08-28,Yolo,113,214977,17397,16907,722,17629,231
2021-08-28,Yuba,115,75493,8323,7985,176,8161,55
2021-08-27,Alameda,001,1643700,109066,106622,2432,109054,1296
2021-08-27,Alpine,003,1148,91,92,0,92,0
2021-08-27,Amador,005,37829,4584,4458,40,4498,53
2021-08-27,Butte,007,227075,16098,15277,2689,17966,214
2021-08-27,Calaveras,009,45235,3024,2903,19,2922,59
2021-08-27,Colusa,011,21464,2295,2240,486,2726,16
2021-08-27,Contra Costa,013,1133247,89991,86386,1752,88138,872
2021-08-27,Del Norte,015,27424,2903,2695,16,2711,11
2021-08-27,El Dorado,017,186661,13685,12968,1239,14207,119
2021-08-27,Fresno,019,978130,117880,114481,10273,124754,1774
2021-08-27,Glenn,021,27897,2874,2754,785,3539,20
2021-08-27,Humboldt,023,135768,7115,6782,232,7014,52
2021-08-27,Imperial,025,180216,30486,30201,2829,33030,750
2021-08-27,Inyo,027,18085,1552,1529,14,1543,39
2021-08-27,Kern,029,883053,109183,106570,14910,121480,1385
2021-08-27,Kings,031,150075,26773,25957,1399,27356,257
2021-08-27,Lake,033,64148,5448,5228,62,5290,74
2021-08-27,Lassen,035,31185,5773,5646,154,5800,21
2021-08-27,Los Angeles,037,10098052,1354629,1337006,49264,1386270,25230
2021-08-27,Madera,039,155013,19081,18476,1357,19833,247
2021-08-27,Marin,041,260295,16313,16055,348,16403,240
2021-08-27,Mariposa,043,17540,746,690,19,709,5
2021-08-27,Mendocino,045,87422,5870,5602,208,5810,55
2021-08-27,Merced,047,269075,35633,34906,1331,36237,495
2021-08-27,Modoc,049,8938,445,434,154,588,5
2021-08-27,Mono,051,14174,1409,1385,17,1402,3
2021-08-27,Monterey,053,433212,45981,45337,2303,47640,539
2021-08-27,Napa,055,140530,11639,11460,71,11531,87
2021-08-27,Nevada,057,99092,7546,7169,247,7416,82
2021-08-27,Orange,059,3164182,287513,283407,13196,296603,5206
2021-08-27,Placer,061,380077,31047,29157,2694,31851,320
2021-08-27,Plumas,063,18699,1038,984,17,1001,5
2021-08-27,Riverside,065,2383286,332180,325379,15232,340611,4622
2021-08-27,Sacramento,067,1510023,137109,131921,2966,134887,1838
2021-08-27,San Benito,069,59416,6702,6622,130,6752,64
2021-08-27,San Bernardino,071,2135413,327345,322893,10026,332919,5342
2021-08-27,San Diego,073,3302833,335570,330162,19655,349817,3877
2021-08-27,San Francisco,075,870044,47757,46456,1940,48396,581
2021-08-27,San Joaquin,077,732212,87828,84949,4525,89474,1524
2021-08-27,San Luis Obispo,079,281455,25812,24952,972,25924,280
2021-08-27,San Mateo,081,765935,49742,48424,706,49130,553
2021-08-27,Santa Barbara,083,443738,39675,38675,1338,40013,480
2021-08-27,Santa Clara,085,1922200,135339,132011,989,133000,1783
2021-08-27,Santa Cruz,087,273765,18562,18163,919,19082,210
2021-08-27,Shasta,089,179085,15648,14996,2258,17254,217
2021-08-27,Sierra,091,2930,111,91,13,104,0
2021-08-27,Siskiyou,093,43540,2535,2358,710,3068,33
2021-08-27,Solano,095,438530,41585,39347,1023,40370,287
2021-08-27,Sonoma,097,501317,37510,36326,446,36772,342
2021-08-27,Stanislaus,099,539301,66902,65167,7411,72578,1061
2021-08-27,Sutter,101,95872,11893,11590,148,11738,135
2021-08-27,Tehama,103,63373,6228,5964,849,6813,71
2021-08-27,Trinity,105,12862,625,458,154,612,3
2021-08-27,Tulare,107,460477,56491,54443,11131,65574,870
2021-08-27,Tuolumne,109,53932,5516,5438,61,5499,74
2021-08-27,Ventura,111,848112,90936,89774,3890,93664,1076
2021-08-27,Yolo,113,214977,17354,16805,717,17522,231
2021-08-27,Yuba,115,75493,8266,7926,176,8102,54
2021-08-26,Alameda,001,1643700,108797,106146,2424,108570,1296
2021-08-26,Alpine,003,1148,91,92,0,92,0
2021-08-26,Amador,005,37829,4569,4442,39,4481,53
2021-08-26,Butte,007,227075,15963,15159,2651,17810,214
2021-08-26,Calaveras,009,45235,3013,2873,19,2892,59
2021-08-26,Colusa,011,21464,2288,2234,482,2716,16
2021-08-26,Contra Costa,013,1133247,89631,85808,1746,87554,866
2021-08-26,Del Norte,015,27424,2867,2625,16,2641,8
2021-08-26,El Dorado,017,186661,13616,12863,1225,14088,118
2021-08-26,Fresno,019,978130,117379,113854,10220,124074,1770
2021-08-26,Glenn,021,27897,2856,2740,776,3516,20
2021-08-26,Humboldt,023,135768,7057,6695,222,6917,53
2021-08-26,Imperial,025,180216,30437,30121,2822,32943,748
2021-08-26,Inyo,027,18085,1542,1521,13,1534,39
2021-08-26,Kern,029,883053,108755,106051,14768,120819,1380
2021-08-26,Kings,031,150075,26650,25838,1391,27229,260
2021-08-26,Lake,033,64148,5402,5196,59,5255,74
2021-08-26,Lassen,035,31185,5761,5626,152,5778,21
2021-08-26,Los Angeles,037,10098052,1352353,1334372,49171,1383543,25199
2021-08-26,Madera,039,155013,19011,18393,1344,19737,247
2021-08-26,Marin,041,260295,16284,15983,345,16328,240
2021-08-26,Mariposa,043,17540,736,677,19,696,5
2021-08-26,Mendocino,045,87422,5832,5533,203,5736,55
2021-08-26,Merced,047,269075,35466,34755,1310,36065,495
2021-08-26,Modoc,049,8938,445,433,154,587,5
2021-08-26,Mono,051,14174,1405,1385,17,1402,3
2021-08-26,Monterey,053,433212,45908,45265,2292,47557,539
2021-08-26,Napa,055,140530,11616,11394,70,11464,87
2021-08-26,Nevada,057,99092,7488,7086,244,7330,80
2021-08-26,Orange,059,3164182,287021,282814,13172,295986,5200
2021-08-26,Placer,061,380077,30877,28898,2668,31566,319
2021-08-26,Plumas,063,18699,1031,971,16,987,5
2021-08-26,Riverside,065,2383286,331388,324486,15212,339698,4615
2021-08-26,Sacramento,067,1510023,136575,130977,2925,133902,1827
2021-08-26,San Benito,069,59416,6692,6604,130,6734,64
2021-08-26,San Bernardino,071,2135413,326687,322100,10001,332101,5339
2021-08-26,San Diego,073,3302833,334543,328276,19589,347865,3869
2021-08-26,San Francisco,075,870044,47630,46288,1935,48223,581
2021-08-26,San Joaquin,077,732212,87450,84429,4504,88933,1513
2021-08-26,San Luis Obispo,079,281455,25662,24831,965,25796,278
2021-08-26,San Mateo,081,765935,49613,48263,704,48967,553
2021-08-26,Santa Barbara,083,443738,39590,38566,1337,39903,479
2021-08-26,Santa Clara,085,1922200,135014,131443,985,132428,1782
2021-08-26,Santa Cruz,087,273765,18502,18072,917,18989,210
2021-08-26,Shasta,089,179085,15526,14891,2230,17121,217
2021-08-26,Sierra,091,2930,109,90,13,103,0
2021-08-26,Siskiyou,093,43540,2513,2342,697,3039,33
2021-08-26,Solano,095,438530,41436,39027,1015,40042,286
2021-08-26,Sonoma,097,501317,37421,36102,446,36548,337
2021-08-26,Stanislaus,099,539301,66602,64785,7370,72155,1061
2021-08-26,Sutter,101,95872,11833,11499,145,11644,135
2021-08-26,Tehama,103,63373,6170,5913,836,6749,68
2021-08-26,Trinity,105,12862,620,450,152,602,3
2021-08-26,Tulare,107,460477,56234,54157,11085,65242,870
2021-08-26,Tuolumne,109,53932,5496,5387,61,5448,74
2021-08-26,Ventura,111,848112,90750,89595,3881,93476,1080
2021-08-26,Yolo,113,214977,17289,16727,706,17433,231
2021-08-26,Yuba,115,75493,8193,7834,174,8008,54
2021-08-25,Alameda,001,1643700,108480,105636,2417,108053,1296
2021-08-25,Alpine,003,1148,91,92,0,92,0
2021-08-25,Amador,005,37829,4554,4415,39,4454,53
2021-08-25,Butte,007,227075,15855,15039,2610,17649,214
2021-08-25,Calaveras,009,45235,2994,2851,19,2870,59
2021-08-25,Colusa,011,21464,2281,2227,473,2700,16
2021-08-25,Contra Costa,013,1133247,89243,85322,1740,87062,863
2021-08-25,Del Norte,015,27424,2822,2573,16,2589,8
2021-08-25,El Dorado,017,186661,13556,12787,1210,13997,118
2021-08-25,Fresno,019,978130,116838,113384,10178,123562,1761
2021-08-25,Glenn,021,27897,2838,2728,761,3489,20
2021-08-25,Humboldt,023,135768,6988,6653,213,6866,52
2021-08-25,Imperial,025,180216,30400,30085,2816,32901,748
2021-08-25,Inyo,027,18085,1538,1518,13,1531,39
2021-08-25,Kern,029,883053,108324,105687,14613,120300,1379
2021-08-25,Kings,031,150075,26543,25676,1385,27061,258
2021-08-25,Lake,033,64148,5372,5163,56,5219,74
2021-08-25,Lassen,035,31185,5744,5583,151,5734,21
2021-08-25,Los Angeles,037,10098052,1349754,1331400,49073,1380473,25170
2021-08-25,Madera,039,155013,18947,18311,1322,19633,247
2021-08-25,Marin,041,260295,16262,15938,339,16277,240
2021-08-25,Mariposa,043,17540,730,676,19,695,5
2021-08-25,Mendocino,045,87422,5798,5486,197,5683,53
2021-08-25,Merced,047,269075,35334,34600,1297,35897,492
2021-08-25,Modoc,049,8938,445,433,154,587,5
2021-08-25,Mono,051,14174,1401,1382,17,1399,3
2021-08-25,Monterey,053,433212,45834,45196,2277,47473,539
2021-08-25,Napa,055,140530,11582,11348,69,11417,87
2021-08-25,Nevada,057,99092,7422,7000,243,7243,77
2021-08-25,Orange,059,3164182,286494,282061,13138,295199,5193
2021-08-25,Placer,061,380077,30701,28740,2636,31376,319
2021-08-25,Plumas,063,18699,1016,962,16,978,5
2021-08-25,Riverside,065,2383286,330544,323548,15190,338738,4610
2021-08-25,Sacramento,067,1510023,135892,130046,2887,132933,1827
2021-08-25,San Benito,069,59416,6671,6587,129,6716,64
2021-08-25,San Bernardino,071,2135413,325995,321228,9980,331208,5337
2021-08-25,San Diego,073,3302833,333275,327166,19504,346670,3859
2021-08-25,San Francisco,075,870044,47480,46107,1930,48037,578
2021-08-25,San Joaquin,077,732212,87065,84002,4487,88489,1510
2021-08-25,San Luis Obispo,079,281455,25470,24607,961,25568,276
2021-08-25,San Mateo,081,765935,49491,48153,701,48854,553
2021-08-25,Santa Barbara,083,443738,39461,38450,1337,39787,479
2021-08-25,Santa Clara,085,1922200,134646,130995,983,131978,1783
2021-08-25,Santa Cruz,087,273765,18442,17987,914,18901,210
2021-08-25,Shasta,089,179085,15400,14752,2198,16950,217
2021-08-25,Sierra,091,2930,106,90,13,103,0
2021-08-25,Siskiyou,093,43540,2468,2322,679,3001,33
2021-08-25,Solano,095,438530,41264,38848,1003,39851,286
2021-08-25,Sonoma,097,501317,37297,35986,443,36429,336
2021-08-25,Stanislaus,099,539301,66320,64441,7338,71779,1061
2021-08-25,Sutter,101,95872,11765,11451,141,11592,134
2021-08-25,Tehama,103,63373,6111,5861,819,6680,68
2021-08-25,Trinity,105,12862,614,450,151,601,3
2021-08-25,Tulare,107,460477,55950,53877,11015,64892,866
2021-08-25,Tuolumne,109,53932,5470,5354,61,5415,74
2021-08-25,Ventura,111,848112,90566,89379,3867,93246,1068
2021-08-25,Yolo,113,214977,17224,16667,696,17363,231
2021-08-25,Yuba,115,75493,8127,7771,173,7944,54
2021-08-24,Alameda,001,1643700,108171,105319,2405,107724,1296
2021-08-24,Alpine,003,1148,91,92,0,92,0
2021-08-24,Amador,005,37829,4535,4380,39,4419,50
2021-08-24,Butte,007,227075,15701,14964,2577,17541,214
2021-08-24,Calaveras,009,45235,2955,2811,19,2830,59
2021-08-24,Colusa,011,21464,2273,2221,468,2689,16
2021-08-24,Contra Costa,013,1133247,88879,84963,1735,86698,857
2021-08-24,Del Norte,015,27424,2795,2543,16,2559,8
2021-08-24,El Dorado,017,186661,13479,12732,1195,13927,118
2021-08-24,Fresno,019,978130,116231,113024,10115,123139,1761
2021-08-24,Glenn,021,27897,2823,2717,754,3471,20
2021-08-24,Humboldt,023,135768,6925,6585,200,6785,52
2021-08-24,Imperial,025,180216,30339,30045,2811,32856,748
2021-08-24,Inyo,027,18085,1533,1512,13,1525,39
2021-08-24,Kern,029,883053,107860,105399,14449,119848,1375
2021-08-24,Kings,031,150075,26422,25629,1370,26999,258
2021-08-24,Lake,033,64148,5337,5135,56,5191,72
2021-08-24,Lassen,035,31185,5728,5576,149,5725,21
2021-08-24,Los Angeles,037,10098052,1346889,1328777,48967,1377744,25135
2021-08-24,Madera,039,155013,18871,18251,1305,19556,247
2021-08-24,Marin,041,260295,16226,15900,335,16235,240
2021-08-24,Mariposa,043,17540,723,670,19,689,5
2021-08-24,Mendocino,045,87422,5755,5416,190,5606,52
2021-08-24,Merced,047,269075,35166,34490,1286,35776,491
2021-08-24,Modoc,049,8938,445,432,154,586,5
2021-08-24,Mono,051,14174,1399,1382,17,1399,3
2021-08-24,Monterey,053,433212,45768,45126,2260,47386,539
2021-08-24,Napa,055,140530,11550,11299,68,11367,85
2021-08-24,Nevada,057,99092,7352,6981,241,7222,77
2021-08-24,Orange,059,3164182,285894,281461,13114,294575,5187
2021-08-24,Placer,061,380077,30496,28618,2597,31215,318
2021-08-24,Plumas,063,18699,1006,953,16,969,5
2021-08-24,Riverside,065,2383286,329671,322620,15161,337781,4605
2021-08-24,Sacramento,067,1510023,135208,129542,2841,132383,1812
2021-08-24,San Benito,069,59416,6658,6576,129,6705,64
2021-08-24,San Bernardino,071,2135413,325240,320300,9950,330250,5328
2021-08-24,San Diego,073,3302833,331832,325823,19395,345218,3851
2021-08-24,San Francisco,075,870044,47305,46010,1920,47930,574
2021-08-24,San Joaquin,077,732212,86625,83684,4450,88134,1508
2021-08-24,San Luis Obispo,079,281455,25293,24443,950,25393,274
2021-08-24,San Mateo,081,765935,49342,48050,699,48749,553
2021-08-24,Santa Barbara,083,443738,39330,38307,1336,39643,478
2021-08-24,Santa Clara,085,1922200,134222,130763,979,131742,1779
2021-08-24,Santa Cruz,087,273765,18367,17928,908,18836,209
2021-08-24,Shasta,089,179085,15292,14664,2167,16831,217
2021-08-24,Sierra,091,2930,103,90,13,103,0
2021-08-24,Siskiyou,093,43540,2446,2294,664,2958,33
2021-08-24,Solano,095,438530,41055,38724,991,39715,283
2021-08-24,Sonoma,097,501317,37169,35849,441,36290,336
2021-08-24,Stanislaus,099,539301,65991,64195,7284,71479,1058
2021-08-24,Sutter,101,95872,11698,11384,138,11522,134
2021-08-24,Tehama,103,63373,6065,5826,805,6631,67
2021-08-24,Trinity,105,12862,603,446,143,589,3
2021-08-24,Tulare,107,460477,55599,53702,10925,64627,856
2021-08-24,Tuolumne,109,53932,5439,5287,61,5348,74
2021-08-24,Ventura,111,848112,90382,89167,3856,93023,1068
2021-08-24,Yolo,113,214977,17145,16492,683,17175,231
2021-08-24,Yuba,115,75493,8044,7723,171,7894,54
2021-08-23,Alameda,001,1643700,107764,104922,2392,107314,1294
2021-08-23,Alpine,003,1148,91,91,0,91,0
2021-08-23,Amador,005,37829,4521,4369,39,4408,50
2021-08-23,Butte,007,227075,15555,14847,2539,17386,211
2021-08-23,Calaveras,009,45235,2928,2803,19,2822,59
2021-08-23,Colusa,011,21464,2269,2206,465,2671,16
2021-08-23,Contra Costa,013,1133247,88501,84651,1728,86379,857
2021-08-23,Del Norte,015,27424,2749,2499,16,2515,8
2021-08-23,El Dorado,017,186661,13376,12684,1173,13857,118
2021-08-23,Fresno,019,978130,115670,112445,10065,122510,1759
2021-08-23,Glenn,021,27897,2807,2696,744,3440,20
2021-08-23,Humboldt,023,135768,6852,6498,186,6684,52
2021-08-23,Imperial,025,180216,30288,30011,2808,32819,748
2021-08-23,Inyo,027,18085,1526,1509,13,1522,39
2021-08-23,Kern,029,883053,107405,104995,14295,119290,1375
2021-08-23,Kings,031,150075,26291,25465,1364,26829,257
2021-08-23,Lake,033,64148,5297,5099,54,5153,69
2021-08-23,Lassen,035,31185,5716,5562,149,5711,21
2021-08-23,Los Angeles,037,10098052,1343918,1326412,48837,1375249,25096
2021-08-23,Madera,039,155013,18785,18155,1289,19444,246
2021-08-23,Marin,041,260295,16178,15856,331,16187,240
2021-08-23,Mariposa,043,17540,712,645,19,664,5
2021-08-23,Mendocino,045,87422,5688,5374,183,5557,51
2021-08-23,Merced,047,269075,34984,34322,1281,35603,488
2021-08-23,Modoc,049,8938,442,431,153,584,6
2021-08-23,Mono,051,14174,1395,1384,17,1401,3
2021-08-23,Monterey,053,433212,45668,45047,2250,47297,538
2021-08-23,Napa,055,140530,11512,11257,68,11325,85
2021-08-23,Nevada,057,99092,7271,6930,239,7169,77
2021-08-23,Orange,059,3164182,285261,280891,13080,293971,5181
2021-08-23,Placer,061,380077,30296,28540,2559,31099,314
2021-08-23,Plumas,063,18699,998,934,16,950,5
2021-08-23,Riverside,065,2383286,328753,321650,15135,336785,4598
2021-08-23,Sacramento,067,1510023,134420,128969,2774,131743,1807
2021-08-23,San Benito,069,59416,6640,6562,127,6689,64
2021-08-23,San Bernardino,071,2135413,324433,319577,9910,329487,5324
2021-08-23,San Diego,073,3302833,330399,324536,19272,343808,3848
2021-08-23,San Francisco,075,870044,47150,45945,1911,47856,573
2021-08-23,San Joaquin,077,732212,86192,83466,4417,87883,1499
2021-08-23,San Luis Obispo,079,281455,25110,24317,948,25265,274
2021-08-23,San Mateo,081,765935,49204,47935,696,48631,553
2021-08-23,Santa Barbara,083,443738,39151,38181,1334,39515,478
2021-08-23,Santa Clara,085,1922200,133822,130489,975,131464,1778
2021-08-23,Santa Cruz,087,273765,18310,17871,907,18778,209
2021-08-23,Shasta,089,179085,15165,14537,2129,16666,216
2021-08-23,Sierra,091,2930,103,90,13,103,0
2021-08-23,Siskiyou,093,43540,2425,2274,643,2917,33
2021-08-23,Solano,095,438530,40901,38612,982,39594,283
2021-08-23,Sonoma,097,501317,37049,35769,440,36209,336
2021-08-23,Stanislaus,099,539301,65657,63922,7245,71167,1058
2021-08-23,Sutter,101,95872,11610,11314,130,11444,133
2021-08-23,Tehama,103,63373,6011,5805,789,6594,67
2021-08-23,Trinity,105,12862,600,435,140,575,3
2021-08-23,Tulare,107,460477,55292,53370,10853,64223,856
2021-08-23,Tuolumne,109,53932,5397,5240,61,5301,73
2021-08-23,Ventura,111,848112,90164,88960,3844,92804,1063
2021-08-23,Yolo,113,214977,17056,16445,669,17114,226
2021-08-23,Yuba,115,75493,7973,7653,169,7822,54
2021-08-22,Alameda,001,1643700,107318,104539,2365,106904,1294
2021-08-22,Alpine,003,1148,91,91,0,91,0
2021-08-22,Amador,005,37829,4491,4349,39,4388,50
2021-08-22,Butte,007,227075,15415,14791,2505,17296,211
2021-08-22,Calaveras,009,45235,2890,2771,19,2790,59
2021-08-22,Colusa,011,21464,2262,2201,459,2660,16
2021-08-22,Contra Costa,013,1133247,87958,84371,1715,86086,857
2021-08-22,Del Norte,015,27424,2689,2455,16,2471,8
2021-08-22,El Dorado,017,186661,13272,12629,1153,13782,118
2021-08-22,Fresno,019,978130,115072,112057,9997,122054,1759
2021-08-22,Glenn,021,27897,2780,2678,731,3409,20
2021-08-22,Humboldt,023,135768,6774,6483,168,6651,52
2021-08-22,Imperial,025,180216,30230,29993,2803,32796,748
2021-08-22,Inyo,027,18085,1520,1505,13,1518,39
2021-08-22,Kern,029,883053,106879,104691,14143,118834,1375
2021-08-22,Kings,031,150075,26133,25391,1347,26738,257
2021-08-22,Lake,033,64148,5252,5069,51,5120,69
2021-08-22,Lassen,035,31185,5684,5556,145,5701,21
2021-08-22,Los Angeles,037,10098052,1340595,1324151,48708,1372859,25089
2021-08-22,Madera,039,155013,18666,18120,1275,19395,246
2021-08-22,Marin,041,260295,16126,15822,323,16145,240
2021-08-22,Mariposa,043,17540,702,638,17,655,5
2021-08-22,Mendocino,045,87422,5629,5336,183,5519,51
2021-08-22,Merced,047,269075,34781,34234,1268,35502,488
2021-08-22,Modoc,049,8938,440,431,153,584,6
2021-08-22,Mono,051,14174,1393,1378,17,1395,3
2021-08-22,Monterey,053,433212,45569,45017,2236,47253,538
2021-08-22,Napa,055,140530,11467,11231,68,11299,85
2021-08-22,Nevada,057,99092,7197,6864,237,7101,77
2021-08-22,Orange,059,3164182,284567,280390,13036,293426,5181
2021-08-22,Placer,061,380077,30089,28395,2523,30918,314
2021-08-22,Plumas,063,18699,980,923,15,938,5
2021-08-22,Riverside,065,2383286,327732,320836,15088,335924,4594
2021-08-22,Sacramento,067,1510023,133645,128231,2734,130965,1802
2021-08-22,San Benito,069,59416,6624,6550,127,6677,64
2021-08-22,San Bernardino,071,2135413,323465,318839,9875,328714,5324
2021-08-22,San Diego,073,3302833,329077,323591,19166,342757,3848
2021-08-22,San Francisco,075,870044,46984,45831,1902,47733,573
2021-08-22,San Joaquin,077,732212,85734,83121,4382,87503,1498
2021-08-22,San Luis Obispo,079,281455,24904,24250,941,25191,274
2021-08-22,San Mateo,081,765935,49028,47821,691,48512,553
2021-08-22,Santa Barbara,083,443738,38970,38099,1326,39425,478
2021-08-22,Santa Clara,085,1922200,133405,130189,968,131157,1778
2021-08-22,Santa Cruz,087,273765,18252,17823,902,18725,209
2021-08-22,Shasta,089,179085,15028,14478,2093,16571,216
2021-08-22,Sierra,091,2930,103,87,13,100,0
2021-08-22,Siskiyou,093,43540,2396,2261,625,2886,33
2021-08-22,Solano,095,438530,40703,38489,969,39458,283
2021-08-22,Sonoma,097,501317,36892,35676,438,36114,336
2021-08-22,Stanislaus,099,539301,65304,63683,7155,70838,1058
2021-08-22,Sutter,101,95872,11528,11251,126,11377,133
2021-08-22,Tehama,103,63373,5965,5791,770,6561,67
2021-08-22,Trinity,105,12862,593,433,138,571,3
2021-08-22,Tulare,107,460477,54973,53220,10770,63990,856
2021-08-22,Tuolumne,109,53932,5354,5214,61,5275,73
2021-08-22,Ventura,111,848112,89955,88791,3827,92618,1063
2021-08-22,Yolo,113,214977,16953,16374,661,17035,226
2021-08-22,Yuba,115,75493,7900,7626,168,7794,54
2021-08-21,Alameda,001,1643700,107117,104281,2359,106640,1294
2021-08-21,Alpine,003,1148,91,91,0,91,0
2021-08-21,Amador,005,37829,4481,4338,38,4376,50
2021-08-21,Butte,007,227075,15347,14714,2486,17200,211
2021-08-21,Calaveras,009,45235,2874,2744,19,2763,59
2021-08-21,Colusa,011,21464,2256,2192,455,2647,16
2021-08-21,Contra Costa,013,1133247,87699,84136,1707,85843,857
2021-08-21,Del Norte,015,27424,2666,2409,16,2425,8
2021-08-21,El Dorado,017,186661,13228,12590,1149,13739,118
2021-08-21,Fresno,019,978130,114872,111765,9985,121750,1759
2021-08-21,Glenn,021,27897,2767,2654,723,3377,20
2021-08-21,Humboldt,023,135768,6736,6446,163,6609,52
2021-08-21,Imperial,025,180216,30187,29976,2800,32776,748
2021-08-21,Inyo,027,18085,1517,1500,13,1513,39
2021-08-21,Kern,029,883053,106624,104443,14020,118463,1375
2021-08-21,Kings,031,150075,26062,25313,1342,26655,257
2021-08-21,Lake,033,64148,5231,5055,49,5104,69
2021-08-21,Lassen,035,31185,5670,5553,145,5698,21
2021-08-21,Los Angeles,037,10098052,1339297,1321308,48616,1369924,25080
2021-08-21,Madera,039,155013,18628,18067,1269,19336,246
2021-08-21,Marin,041,260295,16092,15775,321,16096,240
2021-08-21,Mariposa,043,17540,692,634,17,651,5
2021-08-21,Mendocino,045,87422,5583,5307,182,5489,51
2021-08-21,Merced,047,269075,34676,34148,1263,35411,488
2021-08-21,Modoc,049,8938,440,430,153,583,6
2021-08-21,Mono,051,14174,1393,1378,17,1395,3
2021-08-21,Monterey,053,433212,45522,44969,2229,47198,538
2021-08-21,Napa,055,140530,11432,11211,68,11279,85
2021-08-21,Nevada,057,99092,7153,6810,236,7046,77
2021-08-21,Orange,059,3164182,284115,279855,13002,292857,5181
2021-08-21,Placer,061,380077,29951,28289,2499,30788,314
2021-08-21,Plumas,063,18699,976,916,14,930,5
2021-08-21,Riverside,065,2383286,327152,320086,15075,335161,4594
2021-08-21,Sacramento,067,1510023,133150,127751,2723,130474,1809
2021-08-21,San Benito,069,59416,6614,6542,126,6668,64
2021-08-21,San Bernardino,071,2135413,323015,318293,9854,328147,5324
2021-08-21,San Diego,073,3302833,328421,322620,19117,341737,3848
2021-08-21,San Francisco,075,870044,46882,45637,1895,47532,573
2021-08-21,San Joaquin,077,732212,85517,82825,4366,87191,1498
2021-08-21,San Luis Obispo,079,281455,24846,24169,941,25110,273
2021-08-21,San Mateo,081,765935,48933,47685,691,48376,553
2021-08-21,Santa Barbara,083,443738,38888,37951,1322,39273,478
2021-08-21,Santa Clara,085,1922200,133140,129911,964,130875,1778
2021-08-21,Santa Cruz,087,273765,18215,17763,897,18660,209
2021-08-21,Shasta,089,179085,14954,14417,2079,16496,217
2021-08-21,Sierra,091,2930,98,85,13,98,0
2021-08-21,Siskiyou,093,43540,2382,2246,614,2860,33
2021-08-21,Solano,095,438530,40592,38423,959,39382,281
2021-08-21,Sonoma,097,501317,36805,35582,437,36019,336
2021-08-21,Stanislaus,099,539301,65122,63512,7138,70650,1058
2021-08-21,Sutter,101,95872,11483,11204,124,11328,133
2021-08-21,Tehama,103,63373,5940,5757,763,6520,67
2021-08-21,Trinity,105,12862,588,431,136,567,3
2021-08-21,Tulare,107,460477,54828,53045,10727,63772,857
2021-08-21,Tuolumne,109,53932,5323,5193,61,5254,73
2021-08-21,Ventura,111,848112,89810,88558,3812,92370,1063
2021-08-21,Yolo,113,214977,16906,16322,655,16977,226
2021-08-21,Yuba,115,75493,7854,7580,167,7747,54
2021-08-20,Alameda,001,1643700,106882,103812,2351,106163,1294
2021-08-20,Alpine,003,1148,91,91,0,91,0
2021-08-20,Amador,005,37829,4455,4323,38,4361,50
2021-08-20,Butte,007,227075,15274,14617,2464,17081,211
2021-08-20,Calaveras,009,45235,2854,2717,19,2736,59
2021-08-20,Colusa,011,21464,2251,2178,453,2631,16
2021-08-20,Contra Costa,013,1133247,87424,83721,1700,85421,857
2021-08-20,Del Norte,015,27424,2634,2316,16,2332,8
2021-08-20,El Dorado,017,186661,13190,12495,1141,13636,118
2021-08-20,Fresno,019,978130,114515,111315,9951,121266,1759
2021-08-20,Glenn,021,27897,2760,2642,713,3355,20
2021-08-20,Humboldt,023,135768,6684,6349,158,6507,52
2021-08-20,Imperial,025,180216,30164,29934,2800,32734,747
2021-08-20,Inyo,027,18085,1511,1495,13,1508,39
2021-08-20,Kern,029,883053,106341,104048,13892,117940,1373
2021-08-20,Kings,031,150075,25996,25241,1340,26581,256
2021-08-20,Lake,033,64148,5216,5024,46,5070,69
2021-08-20,Lassen,035,31185,5650,5539,145,5684,21
2021-08-20,Los Angeles,037,10098052,1337418,1317541,48515,1366056,25049
2021-08-20,Madera,039,155013,18579,18018,1254,19272,246
2021-08-20,Marin,041,260295,16074,15727,317,16044,240
2021-08-20,Mariposa,043,17540,687,630,17,647,5
2021-08-20,Mendocino,045,87422,5537,5241,181,5422,51
2021-08-20,Merced,047,269075,34612,34035,1253,35288,486
2021-08-20,Modoc,049,8938,440,429,153,582,6
2021-08-20,Mono,051,14174,1392,1368,17,1385,3
2021-08-20,Monterey,053,433212,45484,44890,2223,47113,538
2021-08-20,Napa,055,140530,11400,11152,68,11220,83
2021-08-20,Nevada,057,99092,7111,6753,230,6983,77
2021-08-20,Orange,059,3164182,283670,279193,12981,292174,5179
2021-08-20,Placer,061,380077,29855,28156,2470,30626,313
2021-08-20,Plumas,063,18699,966,908,14,922,5
2021-08-20,Riverside,065,2383286,326456,319072,15044,334116,4594
2021-08-20,Sacramento,067,1510023,132674,127226,2706,129932,1797
2021-08-20,San Benito,069,59416,6600,6508,126,6634,64
2021-08-20,San Bernardino,071,2135413,322403,317372,9825,327197,5322
2021-08-20,San Diego,073,3302833,327512,321102,19047,340149,3846
2021-08-20,San Francisco,075,870044,46785,45432,1880,47312,573
2021-08-20,San Joaquin,077,732212,85286,82419,4347,86766,1496
2021-08-20,San Luis Obispo,079,281455,24768,23986,937,24923,273
2021-08-20,San Mateo,081,765935,48820,47561,688,48249,551
2021-08-20,Santa Barbara,083,443738,38803,37794,1317,39111,477
2021-08-20,Santa Clara,085,1922200,132858,129510,959,130469,1774
2021-08-20,Santa Cruz,087,273765,18175,17701,894,18595,209
2021-08-20,Shasta,089,179085,14873,14277,2061,16338,215
2021-08-20,Sierra,091,2930,97,83,13,96,0
2021-08-20,Siskiyou,093,43540,2366,2226,609,2835,33
2021-08-20,Solano,095,438530,40451,38214,948,39162,277
2021-08-20,Sonoma,097,501317,36737,35416,436,35852,336
2021-08-20,Stanislaus,099,539301,64933,63219,7114,70333,1047
2021-08-20,Sutter,101,95872,11427,11136,123,11259,133
2021-08-20,Tehama,103,63373,5924,5730,751,6481,66
2021-08-20,Trinity,105,12862,588,422,135,557,3
2021-08-20,Tulare,107,460477,54698,52855,10684,63539,856
2021-08-20,Tuolumne,109,53932,5299,5153,60,5213,73
2021-08-20,Ventura,111,848112,89642,88285,3809,92094,1061
2021-08-20,Yolo,113,214977,16851,16236,649,16885,225
2021-08-20,Yuba,115,75493,7813,7523,167,7690,54
2021-08-19,Alameda,001,1643700,106437,103276,2329,105605,1294
2021-08-19,Alpine,003,1148,91,91,0,91,0
2021-08-19,Amador,005,37829,4448,4317,38,4355,50
2021-08-19,Butte,007,227075,15140,14518,2436,16954,211
2021-08-19,Calaveras,009,45235,2832,2673,19,2692,59
2021-08-19,Colusa,011,21464,2242,2167,448,2615,16
2021-08-19,Contra Costa,013,1133247,86984,83296,1687,84983,852
2021-08-19,Del Norte,015,27424,2584,2257,16,2273,8
2021-08-19,El Dorado,017,186661,13104,12410,1122,13532,118
2021-08-19,Fresno,019,978130,114076,110947,9897,120844,1759
2021-08-19,Glenn,021,27897,2742,2629,706,3335,20
2021-08-19,Humboldt,023,135768,6623,6246,152,6398,52
2021-08-19,Imperial,025,180216,30118,29865,2795,32660,747
2021-08-19,Inyo,027,18085,1504,1494,13,1507,39
2021-08-19,Kern,029,883053,105945,103731,13751,117482,1371
2021-08-19,Kings,031,150075,25865,25128,1328,26456,256
2021-08-19,Lake,033,64148,5184,4991,42,5033,69
2021-08-19,Lassen,035,31185,5632,5520,144,5664,21
2021-08-19,Los Angeles,037,10098052,1334435,1314453,48374,1362827,25020
2021-08-19,Madera,039,155013,18517,17947,1239,19186,246
2021-08-19,Marin,041,260295,16041,15672,314,15986,240
2021-08-19,Mariposa,043,17540,672,618,17,635,5
2021-08-19,Mendocino,045,87422,5504,5167,178,5345,51
2021-08-19,Merced,047,269075,34477,33851,1239,35090,486
2021-08-19,Modoc,049,8938,440,427,153,580,6
2021-08-19,Mono,051,14174,1388,1349,17,1366,3
2021-08-19,Monterey,053,433212,45411,44821,2213,47034,538
2021-08-19,Napa,055,140530,11348,11104,68,11172,83
2021-08-19,Nevada,057,99092,7047,6695,227,6922,77
2021-08-19,Orange,059,3164182,283032,278562,12930,291492,5172
2021-08-19,Placer,061,380077,29674,27953,2453,30406,313
2021-08-19,Plumas,063,18699,953,896,14,910,5
2021-08-19,Riverside,065,2383286,325424,318056,15015,333071,4589
2021-08-19,Sacramento,067,1510023,131970,126720,2671,129391,1801
2021-08-19,San Benito,069,59416,6583,6493,125,6618,64
2021-08-19,San Bernardino,071,2135413,321579,316398,9802,326200,5318
2021-08-19,San Diego,073,3302833,326261,319582,18949,338531,3839
2021-08-19,San Francisco,075,870044,46622,45220,1867,47087,571
2021-08-19,San Joaquin,077,732212,84837,82047,4298,86345,1491
2021-08-19,San Luis Obispo,079,281455,24630,23878,930,24808,271
2021-08-19,San Mateo,081,765935,48688,47431,687,48118,551
2021-08-19,Santa Barbara,083,443738,38658,37693,1314,39007,477
2021-08-19,Santa Clara,085,1922200,132468,129133,952,130085,1774
2021-08-19,Santa Cruz,087,273765,18112,17644,887,18531,209
2021-08-19,Shasta,089,179085,14749,14200,2038,16238,214
2021-08-19,Sierra,091,2930,93,83,13,96,0
2021-08-19,Siskiyou,093,43540,2351,2218,597,2815,33
2021-08-19,Solano,095,438530,40293,38025,937,38962,273
2021-08-19,Sonoma,097,501317,36649,35233,435,35668,336
2021-08-19,Stanislaus,099,539301,64589,62928,7070,69998,1047
2021-08-19,Sutter,101,95872,11342,11057,122,11179,133
2021-08-19,Tehama,103,63373,5888,5683,725,6408,66
2021-08-19,Trinity,105,12862,584,414,133,547,3
2021-08-19,Tulare,107,460477,54466,52685,10621,63306,856
2021-08-19,Tuolumne,109,53932,5263,5112,59,5171,64
2021-08-19,Ventura,111,848112,89439,88073,3795,91868,1060
2021-08-19,Yolo,113,214977,16766,16153,641,16794,225
2021-08-19,Yuba,115,75493,7761,7458,166,7624,51
2021-08-18,Alameda,001,1643700,106031,102696,2308,105004,1294
2021-08-18,Alpine,003,1148,90,91,0,91,0
2021-08-18,Amador,005,37829,4432,4279,37,4316,50
2021-08-18,Butte,007,227075,15030,14426,2408,16834,208
2021-08-18,Calaveras,009,45235,2795,2643,18,2661,59
2021-08-18,Colusa,011,21464,2234,2160,444,2604,16
2021-08-18,Contra Costa,013,1133247,86484,82767,1681,84448,851
2021-08-18,Del Norte,015,27424,2527,2219,16,2235,8
2021-08-18,El Dorado,017,186661,13014,12306,1108,13414,118
2021-08-18,Fresno,019,978130,113621,110523,9836,120359,1759
2021-08-18,Glenn,021,27897,2709,2623,698,3321,20
2021-08-18,Humboldt,023,135768,6552,6195,147,6342,52
2021-08-18,Imperial,025,180216,30085,29821,2793,32614,746
2021-08-18,Inyo,027,18085,1501,1494,13,1507,39
2021-08-18,Kern,029,883053,105598,103440,13657,117097,1370
2021-08-18,Kings,031,150075,25756,24984,1320,26304,256
2021-08-18,Lake,033,64148,5143,4957,41,4998,69
2021-08-18,Lassen,035,31185,5613,5506,143,5649,21
2021-08-18,Los Angeles,037,10098052,1331282,1311477,48242,1359719,24984
2021-08-18,Madera,039,155013,18458,17871,1226,19097,246
2021-08-18,Marin,041,260295,16003,15610,311,15921,240
2021-08-18,Mariposa,043,17540,659,615,16,631,5
2021-08-18,Mendocino,045,87422,5453,5129,176,5305,51
2021-08-18,Merced,047,269075,34313,33708,1228,34936,484
2021-08-18,Modoc,049,8938,440,427,152,579,6
2021-08-18,Mono,051,14174,1385,1344,17,1361,3
2021-08-18,Monterey,053,433212,45327,44735,2196,46931,532
2021-08-18,Napa,055,140530,11309,11060,67,11127,83
2021-08-18,Nevada,057,99092,6981,6633,227,6860,76
2021-08-18,Orange,059,3164182,282394,277795,12878,290673,5168
2021-08-18,Placer,061,380077,29447,27741,2425,30166,312
2021-08-18,Plumas,063,18699,944,874,14,888,5
2021-08-18,Riverside,065,2383286,324426,317107,14982,332089,4585
2021-08-18,Sacramento,067,1510023,131209,125599,2639,128238,1781
2021-08-18,San Benito,069,59416,6572,6481,124,6605,64
2021-08-18,San Bernardino,071,2135413,320780,315477,9783,325260,5304
2021-08-18,San Diego,073,3302833,324921,318152,18883,337035,3834
2021-08-18,San Francisco,075,870044,46420,44957,1858,46815,568
2021-08-18,San Joaquin,077,732212,84384,81601,4267,85868,1491
2021-08-18,San Luis Obispo,079,281455,24480,23726,917,24643,270
2021-08-18,San Mateo,081,765935,48524,47255,686,47941,551
2021-08-18,Santa Barbara,083,443738,38527,37599,1308,38907,475
2021-08-18,Santa Clara,085,1922200,132104,128563,949,129512,1773
2021-08-18,Santa Cruz,087,273765,18057,17566,883,18449,209
2021-08-18,Shasta,089,179085,14650,14087,2019,16106,213
2021-08-18,Sierra,091,2930,92,83,13,96,0
2021-08-18,Siskiyou,093,43540,2322,2204,585,2789,33
2021-08-18,Solano,095,438530,40087,37812,922,38734,271
2021-08-18,Sonoma,097,501317,36505,35063,434,35497,333
2021-08-18,Stanislaus,099,539301,64258,62613,7027,69640,1047
2021-08-18,Sutter,101,95872,11270,11004,117,11121,130
2021-08-18,Tehama,103,63373,5853,5653,715,6368,66
2021-08-18,Trinity,105,12862,577,409,130,539,3
2021-08-18,Tulare,107,460477,54226,52486,10552,63038,856
2021-08-18,Tuolumne,109,53932,5227,5081,57,5138,64
2021-08-18,Ventura,111,848112,89207,87835,3785,91620,1055
2021-08-18,Yolo,113,214977,16683,16047,623,16670,225
2021-08-18,Yuba,115,75493,7696,7391,166,7557,51
2021-08-17,Alameda,001,1643700,105634,102379,2293,104672,1290
2021-08-17,Alpine,003,1148,90,91,0,91,0
2021-08-17,Amador,005,37829,4403,4266,37,4303,50
2021-08-17,Butte,007,227075,14923,14357,2373,16730,206
2021-08-17,Calaveras,009,45235,2761,2624,18,2642,59
2021-08-17,Colusa,011,21464,2225,2156,440,2596,16
2021-08-17,Contra Costa,013,1133247,86036,82482,1671,84153,848
2021-08-17,Del Norte,015,27424,2473,2188,16,2204,8
2021-08-17,El Dorado,017,186661,12927,12242,1094,13336,118
2021-08-17,Fresno,019,978130,113136,110263,9773,120036,1755
2021-08-17,Glenn,021,27897,2695,2608,689,3297,20
2021-08-17,Humboldt,023,135768,6472,6155,145,6300,52
2021-08-17,Imperial,025,180216,30034,29768,2789,32557,746
2021-08-17,Inyo,027,18085,1498,1492,13,1505,39
2021-08-17,Kern,029,883053,105204,103048,13536,116584,1367
2021-08-17,Kings,031,150075,25651,24930,1309,26239,254
2021-08-17,Lake,033,64148,5100,4930,35,4965,68
2021-08-17,Lassen,035,31185,5596,5499,141,5640,21
2021-08-17,Los Angeles,037,10098052,1327714,1307999,48113,1356112,24952
2021-08-17,Madera,039,155013,18384,17838,1208,19046,246
2021-08-17,Marin,041,260295,15947,15570,311,15881,240
2021-08-17,Mariposa,043,17540,651,609,15,624,5
2021-08-17,Mendocino,045,87422,5398,5097,176,5273,51
2021-08-17,Merced,047,269075,34163,33508,1217,34725,482
2021-08-17,Modoc,049,8938,437,424,150,574,6
2021-08-17,Mono,051,14174,1380,1341,17,1358,3
2021-08-17,Monterey,053,433212,45243,44672,2186,46858,528
2021-08-17,Napa,055,140530,11268,11007,66,11073,83
2021-08-17,Nevada,057,99092,6906,6605,225,6830,75
2021-08-17,Orange,059,3164182,281748,277121,12842,289963,5164
2021-08-17,Placer,061,380077,29232,27634,2396,30030,312
2021-08-17,Plumas,063,18699,932,860,14,874,5
2021-08-17,Riverside,065,2383286,323413,316051,14939,330990,4582
2021-08-17,Sacramento,067,1510023,130415,125151,2597,127748,1774
2021-08-17,San Benito,069,59416,6553,6470,124,6594,64
2021-08-17,San Bernardino,071,2135413,319841,314402,9743,324145,5302
2021-08-17,San Diego,073,3302833,323311,317058,18785,335843,3824
2021-08-17,San Francisco,075,870044,46220,44820,1852,46672,567
2021-08-17,San Joaquin,077,732212,83916,81300,4233,85533,1489
2021-08-17,San Luis Obispo,079,281455,24324,23556,914,24470,268
2021-08-17,San Mateo,081,765935,48369,47127,681,47808,551
2021-08-17,Santa Barbara,083,443738,38368,37478,1301,38779,475
2021-08-17,Santa Clara,085,1922200,131701,128354,943,129297,1773
2021-08-17,Santa Cruz,087,273765,17972,17528,882,18410,209
2021-08-17,Shasta,089,179085,14519,14012,2000,16012,214
2021-08-17,Sierra,091,2930,91,82,13,95,0
2021-08-17,Siskiyou,093,43540,2306,2183,572,2755,33
2021-08-17,Solano,095,438530,39858,37662,909,38571,269
2021-08-17,Sonoma,097,501317,36357,34943,430,35373,333
2021-08-17,Stanislaus,099,539301,63917,62385,6968,69353,1047
2021-08-17,Sutter,101,95872,11198,10973,117,11090,130
2021-08-17,Tehama,103,63373,5819,5612,693,6305,66
2021-08-17,Trinity,105,12862,572,406,128,534,3
2021-08-17,Tulare,107,460477,53958,52362,10487,62849,856
2021-08-17,Tuolumne,109,53932,5184,5042,56,5098,64
2021-08-17,Ventura,111,848112,88969,87601,3764,91365,1053
2021-08-17,Yolo,113,214977,16594,15975,609,16584,225
2021-08-17,Yuba,115,75493,7624,7355,166,7521,51
2021-08-16,Alameda,001,1643700,105138,102052,2285,104337,1287
2021-08-16,Alpine,003,1148,90,91,0,91,0
2021-08-16,Amador,005,37829,4393,4235,37,4272,50
2021-08-16,Butte,007,227075,14803,14283,2337,16620,206
2021-08-16,Calaveras,009,45235,2701,2609,17,2626,57
2021-08-16,Colusa,011,21464,2214,2147,436,2583,16
2021-08-16,Contra Costa,013,1133247,85494,82070,1661,83731,848
2021-08-16,Del Norte,015,27424,2396,2125,16,2141,8
2021-08-16,El Dorado,017,186661,12826,12139,1081,13220,118
2021-08-16,Fresno,019,978130,112639,109623,9721,119344,1753
2021-08-16,Glenn,021,27897,2676,2593,683,3276,20
2021-08-16,Humboldt,023,135768,6401,6064,124,6188,52
2021-08-16,Imperial,025,180216,29993,29737,2775,32512,746
2021-08-16,Inyo,027,18085,1495,1490,13,1503,39
2021-08-16,Kern,029,883053,104829,102690,13420,116110,1367
2021-08-16,Kings,031,150075,25548,24817,1300,26117,254
2021-08-16,Lake,033,64148,5073,4898,34,4932,68
2021-08-16,Lassen,035,31185,5580,5481,133,5614,21
2021-08-16,Los Angeles,037,10098052,1324333,1305330,47971,1353301,24923
2021-08-16,Madera,039,155013,18309,17756,1187,18943,246
2021-08-16,Marin,041,260295,15888,15497,310,15807,239
2021-08-16,Mariposa,043,17540,634,597,15,612,5
2021-08-16,Mendocino,045,87422,5342,5037,174,5211,49
2021-08-16,Merced,047,269075,33962,33364,1204,34568,481
2021-08-16,Modoc,049,8938,435,421,149,570,5
2021-08-16,Mono,051,14174,1375,1339,17,1356,3
2021-08-16,Monterey,053,433212,45164,44595,2174,46769,527
2021-08-16,Napa,055,140530,11239,10946,66,11012,83
2021-08-16,Nevada,057,99092,6851,6535,224,6759,74
2021-08-16,Orange,059,3164182,280954,275985,12796,288781,5161
2021-08-16,Placer,061,380077,29049,27384,2364,29748,306
2021-08-16,Plumas,063,18699,921,851,14,865,5
2021-08-16,Riverside,065,2383286,322317,314774,14902,329676,4582
2021-08-16,Sacramento,067,1510023,129604,124554,2554,127108,1762
2021-08-16,San Benito,069,59416,6529,6452,124,6576,64
2021-08-16,San Bernardino,071,2135413,318874,313617,9716,323333,5301
2021-08-16,San Diego,073,3302833,321713,315348,18645,333993,3824
2021-08-16,San Francisco,075,870044,46016,44681,1845,46526,567
2021-08-16,San Joaquin,077,732212,83412,81087,4205,85292,1488
2021-08-16,San Luis Obispo,079,281455,24174,23452,906,24358,265
2021-08-16,San Mateo,081,765935,48187,47024,675,47699,548
2021-08-16,Santa Barbara,083,443738,38198,37358,1296,38654,475
2021-08-16,Santa Clara,085,1922200,131237,127978,939,128917,1773
2021-08-16,Santa Cruz,087,273765,17908,17491,876,18367,209
2021-08-16,Shasta,089,179085,14430,13862,1984,15846,211
2021-08-16,Sierra,091,2930,88,82,13,95,0
2021-08-16,Siskiyou,093,43540,2289,2169,552,2721,33
2021-08-16,Solano,095,438530,39577,37436,897,38333,263
2021-08-16,Sonoma,097,501317,36189,34844,427,35271,333
2021-08-16,Stanislaus,099,539301,63578,62033,6916,68949,1039
2021-08-16,Sutter,101,95872,11129,10902,116,11018,130
2021-08-16,Tehama,103,63373,5756,5565,688,6253,66
2021-08-16,Trinity,105,12862,566,400,127,527,3
2021-08-16,Tulare,107,460477,53715,52162,10419,62581,856
2021-08-16,Tuolumne,109,53932,5145,4984,55,5039,64
2021-08-16,Ventura,111,848112,88724,86954,3746,90700,1052
2021-08-16,Yolo,113,214977,16493,15922,601,16523,225
2021-08-16,Yuba,115,75493,7540,7314,165,7479,51
2021-08-15,Alameda,001,1643700,104654,101660,2268,103928,1287
2021-08-15,Alpine,003,1148,90,91,0,91,0
2021-08-15,Amador,005,37829,4365,4231,37,4268,49
2021-08-15,Butte,007,227075,14678,14263,2314,16577,206
2021-08-15,Calaveras,009,45235,2659,2599,17,2616,57
2021-08-15,Colusa,011,21464,2202,2140,426,2566,16
2021-08-15,Contra Costa,013,1133247,85011,81781,1646,83427,848
2021-08-15,Del Norte,015,27424,2329,2060,16,2076,8
2021-08-15,El Dorado,017,186661,12691,12057,1064,13121,118
2021-08-15,Fresno,019,978130,112160,109382,9655,119037,1753
2021-08-15,Glenn,021,27897,2653,2592,671,3263,20
2021-08-15,Humboldt,023,135768,6327,6024,118,6142,52
2021-08-15,Imperial,025,180216,29927,29711,2771,32482,746
2021-08-15,Inyo,027,18085,1494,1489,13,1502,39
2021-08-15,Kern,029,883053,104385,102524,13308,115832,1367
2021-08-15,Kings,031,150075,25402,24736,1290,26026,254
2021-08-15,Lake,033,64148,5014,4886,33,4919,68
2021-08-15,Lassen,035,31185,5563,5482,132,5614,21
2021-08-15,Los Angeles,037,10098052,1320795,1302882,47801,1350683,24918
2021-08-15,Madera,039,155013,18221,17714,1171,18885,246
2021-08-15,Marin,041,260295,15829,15461,308,15769,239
2021-08-15,Mariposa,043,17540,627,591,14,605,5
2021-08-15,Mendocino,045,87422,5285,5022,168,5190,49
2021-08-15,Merced,047,269075,33718,33305,1193,34498,481
2021-08-15,Modoc,049,8938,433,421,149,570,5
2021-08-15,Mono,051,14174,1371,1334,17,1351,3
2021-08-15,Monterey,053,433212,45042,44567,2153,46720,527
2021-08-15,Napa,055,140530,11184,10919,66,10985,83
2021-08-15,Nevada,057,99092,6766,6486,224,6710,74
2021-08-15,Orange,059,3164182,280184,275447,12756,288203,5161
2021-08-15,Placer,061,380077,28827,27220,2316,29536,306
2021-08-15,Plumas,063,18699,909,850,14,864,5
2021-08-15,Riverside,065,2383286,321179,314133,14875,329008,4582
2021-08-15,Sacramento,067,1510023,128787,123924,2522,126446,1761
2021-08-15,San Benito,069,59416,6511,6446,123,6569,64
2021-08-15,San Bernardino,071,2135413,317801,313120,9685,322805,5301
2021-08-15,San Diego,073,3302833,320241,314247,18518,332765,3824
2021-08-15,San Francisco,075,870044,45792,44531,1830,46361,567
2021-08-15,San Joaquin,077,732212,82924,80832,4166,84998,1488
2021-08-15,San Luis Obispo,079,281455,23978,23404,896,24300,265
2021-08-15,San Mateo,081,765935,48000,46897,669,47566,548
2021-08-15,Santa Barbara,083,443738,38026,37276,1289,38565,475
2021-08-15,Santa Clara,085,1922200,130804,127715,933,128648,1773
2021-08-15,Santa Cruz,087,273765,17838,17440,869,18309,209
2021-08-15,Shasta,089,179085,14327,13835,1959,15794,211
2021-08-15,Sierra,091,2930,87,82,12,94,0
2021-08-15,Siskiyou,093,43540,2268,2169,538,2707,33
2021-08-15,Solano,095,438530,39321,37320,886,38206,263
2021-08-15,Sonoma,097,501317,35993,34706,419,35125,333
2021-08-15,Stanislaus,099,539301,63209,61795,6839,68634,1039
2021-08-15,Sutter,101,95872,11038,10863,116,10979,130
2021-08-15,Tehama,103,63373,5707,5550,682,6232,66
2021-08-15,Trinity,105,12862,562,400,126,526,3
2021-08-15,Tulare,107,460477,53459,52046,10360,62406,856
2021-08-15,Tuolumne,109,53932,5107,4934,53,4987,64
2021-08-15,Ventura,111,848112,88419,86797,3732,90529,1052
2021-08-15,Yolo,113,214977,16396,15873,591,16464,225
2021-08-15,Yuba,115,75493,7463,7265,164,7429,51
2021-08-14,Alameda,001,1643700,104438,101305,2264,103569,1287
2021-08-14,Alpine,003,1148,90,91,0,91,0
2021-08-14,Amador,005,37829,4347,4206,37,4243,49
2021-08-14,Butte,007,227075,14642,14192,2298,16490,206
2021-08-14,Calaveras,009,45235,2652,2579,17,2596,57
2021-08-14,Colusa,011,21464,2191,2134,422,2556,16
2021-08-14,Contra Costa,013,1133247,84763,81458,1638,83096,848
2021-08-14,Del Norte,015,27424,2302,2015,16,2031,8
2021-08-14,El Dorado,017,186661,12655,12019,1056,13075,118
2021-08-14,Fresno,019,978130,111998,109056,9625,118681,1753
2021-08-14,Glenn,021,27897,2642,2583,668,3251,20
2021-08-14,Humboldt,023,135768,6274,5998,115,6113,52
2021-08-14,Imperial,025,180216,29900,29671,2771,32442,746
2021-08-14,Inyo,027,18085,1492,1487,13,1500,39
2021-08-14,Kern,029,883053,104190,102306,13212,115518,1367
2021-08-14,Kings,031,150075,25304,24647,1282,25929,254
2021-08-14,Lake,033,64148,4997,4850,32,4882,68
2021-08-14,Lassen,035,31185,5556,5475,131,5606,21
2021-08-14,Los Angeles,037,10098052,1319022,1299346,47664,1347010,24911
2021-08-14,Madera,039,155013,18174,17691,1166,18857,246
2021-08-14,Marin,041,260295,15795,15441,308,15749,239
2021-08-14,Mariposa,043,17540,623,584,14,598,5
2021-08-14,Mendocino,045,87422,5249,4977,165,5142,49
2021-08-14,Merced,047,269075,33654,33234,1187,34421,481
2021-08-14,Modoc,049,8938,433,421,149,570,5
2021-08-14,Mono,051,14174,1366,1332,17,1349,3
2021-08-14,Monterey,053,433212,44997,44514,2150,46664,527
2021-08-14,Napa,055,140530,11154,10878,65,10943,83
2021-08-14,Nevada,057,99092,6731,6419,223,6642,74
2021-08-14,Orange,059,3164182,279750,274732,12729,287461,5161
2021-08-14,Placer,061,380077,28681,27115,2292,29407,306
2021-08-14,Plumas,063,18699,899,849,14,863,5
2021-08-14,Riverside,065,2383286,320463,313264,14854,328118,4582
2021-08-14,Sacramento,067,1510023,128293,123438,2504,125942,1758
2021-08-14,San Benito,069,59416,6498,6428,123,6551,64
2021-08-14,San Bernardino,071,2135413,317250,312142,9664,321806,5301
2021-08-14,San Diego,073,3302833,319570,313589,18450,332039,3824
2021-08-14,San Francisco,075,870044,45663,44353,1811,46164,567
2021-08-14,San Joaquin,077,732212,82707,80585,4151,84736,1488
2021-08-14,San Luis Obispo,079,281455,23917,23328,893,24221,265
2021-08-14,San Mateo,081,765935,47881,46792,665,47457,548
2021-08-14,Santa Barbara,083,443738,37932,37118,1287,38405,475
2021-08-14,Santa Clara,085,1922200,130525,127432,930,128362,1772
2021-08-14,Santa Cruz,087,273765,17799,17384,868,18252,209
2021-08-14,Shasta,089,179085,14252,13813,1938,15751,211
2021-08-14,Sierra,091,2930,86,81,12,93,0
2021-08-14,Siskiyou,093,43540,2258,2160,528,2688,33
2021-08-14,Solano,095,438530,39234,37237,874,38111,263
2021-08-14,Sonoma,097,501317,35870,34606,417,35023,333
2021-08-14,Stanislaus,099,539301,63033,61564,6795,68359,1039
2021-08-14,Sutter,101,95872,10993,10808,115,10923,130
2021-08-14,Tehama,103,63373,5683,5530,678,6208,66
2021-08-14,Trinity,105,12862,556,399,126,525,3
2021-08-14,Tulare,107,460477,53323,51951,10315,62266,856
2021-08-14,Tuolumne,109,53932,5072,4924,53,4977,64
2021-08-14,Ventura,111,848112,88263,86569,3712,90281,1052
2021-08-14,Yolo,113,214977,16351,15815,582,16397,225
2021-08-14,Yuba,115,75493,7414,7223,164,7387,51
2021-08-13,Alameda,001,1643700,104143,100930,2256,103186,1284
2021-08-13,Alpine,003,1148,90,91,0,91,0
2021-08-13,Amador,005,37829,4319,4169,37,4206,49
2021-08-13,Butte,007,227075,14572,14100,2282,16382,206
2021-08-13,Calaveras,009,45235,2646,2564,17,2581,57
2021-08-13,Colusa,011,21464,2184,2123,417,2540,16
2021-08-13,Contra Costa,013,1133247,84451,81046,1631,82677,848
2021-08-13,Del Norte,015,27424,2261,1973,16,1989,8
2021-08-13,El Dorado,017,186661,12615,11951,1044,12995,118
2021-08-13,Fresno,019,978130,111706,108638,9601,118239,1753
2021-08-13,Glenn,021,27897,2631,2574,665,3239,20
2021-08-13,Humboldt,023,135768,6227,5882,112,5994,52
2021-08-13,Imperial,025,180216,29873,29654,2770,32424,745
2021-08-13,Inyo,027,18085,1491,1484,13,1497,39
2021-08-13,Kern,029,883053,103981,102029,13103,115132,1364
2021-08-13,Kings,031,150075,25219,24531,1275,25806,253
2021-08-13,Lake,033,64148,4974,4811,31,4842,68
2021-08-13,Lassen,035,31185,5548,5455,130,5585,21
2021-08-13,Los Angeles,037,10098052,1316699,1295406,47526,1342932,24891
2021-08-13,Madera,039,155013,18125,17614,1157,18771,246
2021-08-13,Marin,041,260295,15764,15380,308,15688,239
2021-08-13,Mariposa,043,17540,617,577,14,591,5
2021-08-13,Mendocino,045,87422,5196,4924,163,5087,49
2021-08-13,Merced,047,269075,33607,33111,1181,34292,480
2021-08-13,Modoc,049,8938,432,421,148,569,5
2021-08-13,Mono,051,14174,1363,1331,17,1348,3
2021-08-13,Monterey,053,433212,44937,44450,2148,46598,527
2021-08-13,Napa,055,140530,11118,10830,65,10895,83
2021-08-13,Nevada,057,99092,6690,6356,222,6578,74
2021-08-13,Orange,059,3164182,279256,274004,12680,286684,5159
2021-08-13,Placer,061,380077,28580,26987,2265,29252,306
2021-08-13,Plumas,063,18699,885,842,14,856,5
2021-08-13,Riverside,065,2383286,319724,312408,14829,327237,4581
2021-08-13,Sacramento,067,1510023,127823,122868,2479,125347,1758
2021-08-13,San Benito,069,59416,6492,6422,121,6543,64
2021-08-13,San Bernardino,071,2135413,316582,311378,9645,321023,5301
2021-08-13,San Diego,073,3302833,318524,312293,18371,330664,3821
2021-08-13,San Francisco,075,870044,45527,44196,1788,45984,567
2021-08-13,San Joaquin,077,732212,82490,80232,4135,84367,1481
2021-08-13,San Luis Obispo,079,281455,23854,23226,890,24116,265
2021-08-13,San Mateo,081,765935,47762,46660,664,47324,548
2021-08-13,Santa Barbara,083,443738,37847,37023,1283,38306,474
2021-08-13,Santa Clara,085,1922200,130238,126958,924,127882,1769
2021-08-13,Santa Cruz,087,273765,17759,17332,861,18193,209
2021-08-13,Shasta,089,179085,14189,13698,1924,15622,211
2021-08-13,Sierra,091,2930,85,81,12,93,0
2021-08-13,Siskiyou,093,43540,2249,2147,524,2671,33
2021-08-13,Solano,095,438530,39100,37104,866,37970,264
2021-08-13,Sonoma,097,501317,35765,34464,417,34881,333
2021-08-13,Stanislaus,099,539301,62861,61294,6754,68048,1039
2021-08-13,Sutter,101,95872,10949,10751,114,10865,130
2021-08-13,Tehama,103,63373,5659,5496,676,6172,66
2021-08-13,Trinity,105,12862,552,392,126,518,3
2021-08-13,Tulare,107,460477,53219,51770,10242,62012,856
2021-08-13,Tuolumne,109,53932,5039,4899,52,4951,64
2021-08-13,Ventura,111,848112,88105,86368,3699,90067,1052
2021-08-13,Yolo,113,214977,16297,15761,572,16333,225
2021-08-13,Yuba,115,75493,7376,7184,164,7348,51
2021-08-12,Alameda,001,1643700,103655,100472,2243,102715,1284
2021-08-12,Alpine,003,1148,90,91,0,91,0
2021-08-12,Amador,005,37829,4289,4161,36,4197,49
2021-08-12,Butte,007,227075,14502,14006,2264,16270,206
2021-08-12,Calaveras,009,45235,2630,2531,17,2548,57
2021-08-12,Colusa,011,21464,2179,2111,416,2527,17
2021-08-12,Contra Costa,013,1133247,83966,80738,1616,82354,846
2021-08-12,Del Norte,015,27424,2189,1923,16,1939,8
2021-08-12,El Dorado,017,186661,12501,11880,1035,12915,118
2021-08-12,Fresno,019,978130,111284,108193,9533,117726,1753
2021-08-12,Glenn,021,27897,2623,2559,653,3212,20
2021-08-12,Humboldt,023,135768,6158,5845,108,5953,52
2021-08-12,Imperial,025,180216,29817,29585,2764,32349,745
2021-08-12,Inyo,027,18085,1489,1483,13,1496,39
2021-08-12,Kern,029,883053,103692,101698,13024,114722,1364
2021-08-12,Kings,031,150075,25119,24423,1267,25690,252
2021-08-12,Lake,033,64148,4948,4774,31,4805,68
2021-08-12,Lassen,035,31185,5526,5428,129,5557,21
2021-08-12,Los Angeles,037,10098052,1313508,1291875,47391,1339266,24874
2021-08-12,Madera,039,155013,18061,17564,1145,18709,246
2021-08-12,Marin,041,260295,15715,15277,305,15582,239
2021-08-12,Mariposa,043,17540,608,568,13,581,5
2021-08-12,Mendocino,045,87422,5166,4873,157,5030,49
2021-08-12,Merced,047,269075,33483,32960,1174,34134,480
2021-08-12,Modoc,049,8938,431,423,148,571,5
2021-08-12,Mono,051,14174,1358,1325,17,1342,3
2021-08-12,Monterey,053,433212,44861,44383,2133,46516,527
2021-08-12,Napa,055,140530,11069,10780,64,10844,83
2021-08-12,Nevada,057,99092,6629,6283,222,6505,74
2021-08-12,Orange,059,3164182,278578,273167,12622,285789,5158
2021-08-12,Placer,061,380077,28381,26856,2242,29098,306
2021-08-12,Plumas,063,18699,877,829,14,843,5
2021-08-12,Riverside,065,2383286,318715,311304,14797,326101,4575
2021-08-12,Sacramento,067,1510023,127051,122222,2449,124671,1758
2021-08-12,San Benito,069,59416,6475,6398,119,6517,64
2021-08-12,San Bernardino,071,2135413,315708,310420,9615,320035,5297
2021-08-12,San Diego,073,3302833,317154,310596,18282,328878,3821
2021-08-12,San Francisco,075,870044,45320,43774,1775,45549,564
2021-08-12,San Joaquin,077,732212,82095,79945,4111,84056,1479
2021-08-12,San Luis Obispo,079,281455,23754,23101,877,23978,264
2021-08-12,San Mateo,081,765935,47618,46435,661,47096,548
2021-08-12,Santa Barbara,083,443738,37710,36881,1275,38156,473
2021-08-12,Santa Clara,085,1922200,129789,126614,918,127532,1769
2021-08-12,Santa Cruz,087,273765,17695,17261,860,18121,209
2021-08-12,Shasta,089,179085,14104,13621,1897,15518,211
2021-08-12,Sierra,091,2930,85,81,12,93,0
2021-08-12,Siskiyou,093,43540,2242,2134,515,2649,33
2021-08-12,Solano,095,438530,38870,36980,857,37837,262
2021-08-12,Sonoma,097,501317,35617,34299,414,34713,333
2021-08-12,Stanislaus,099,539301,62596,61026,6695,67721,1039
2021-08-12,Sutter,101,95872,10888,10695,112,10807,130
2021-08-12,Tehama,103,63373,5629,5462,667,6129,66
2021-08-12,Trinity,105,12862,548,386,125,511,3
2021-08-12,Tulare,107,460477,53074,51632,10193,61825,856
2021-08-12,Tuolumne,109,53932,4992,4845,50,4895,64
2021-08-12,Ventura,111,848112,87868,86106,3675,89781,1052
2021-08-12,Yolo,113,214977,16225,15686,558,16244,224
2021-08-12,Yuba,115,75493,7328,7128,163,7291,51
2021-08-11,Alameda,001,1643700,103148,100040,2240,102280,1281
2021-08-11,Alpine,003,1148,90,91,0,91,0
2021-08-11,Amador,005,37829,4265,4127,36,4163,49
2021-08-11,Butte,007,227075,14401,13905,2239,16144,206
2021-08-11,Calaveras,009,45235,2608,2505,17,2522,57
2021-08-11,Colusa,011,21464,2169,2101,414,2515,16
2021-08-11,Contra Costa,013,1133247,83465,80275,1598,81873,843
2021-08-11,Del Norte,015,27424,2130,1893,16,1909,8
2021-08-11,El Dorado,017,186661,12390,11799,1023,12822,119
2021-08-11,Fresno,019,978130,110828,107773,9487,117260,1751
2021-08-11,Glenn,021,27897,2614,2547,643,3190,20
2021-08-11,Humboldt,023,135768,6111,5765,107,5872,52
2021-08-11,Imperial,025,180216,29774,29565,2760,32325,745
2021-08-11,Inyo,027,18085,1489,1483,13,1496,39
2021-08-11,Kern,029,883053,103378,101448,12917,114365,1363
2021-08-11,Kings,031,150075,25006,24304,1258,25562,250
2021-08-11,Lake,033,64148,4911,4713,30,4743,68
2021-08-11,Lassen,035,31185,5517,5408,127,5535,21
2021-08-11,Los Angeles,037,10098052,1310180,1288238,47205,1335443,24851
2021-08-11,Madera,039,155013,18011,17511,1134,18645,245
2021-08-11,Marin,041,260295,15666,15235,305,15540,239
2021-08-11,Mariposa,043,17540,598,554,12,566,5
2021-08-11,Mendocino,045,87422,5097,4796,148,4944,49
2021-08-11,Merced,047,269075,33350,32802,1170,33972,479
2021-08-11,Modoc,049,8938,431,421,148,569,5
2021-08-11,Mono,051,14174,1353,1320,17,1337,3
2021-08-11,Monterey,053,433212,44762,44314,2115,46429,527
2021-08-11,Napa,055,140530,11028,10732,64,10796,83
2021-08-11,Nevada,057,99092,6576,6172,219,6391,74
2021-08-11,Orange,059,3164182,277720,272212,12576,284788,5155
2021-08-11,Placer,061,380077,28169,26687,2216,28903,305
2021-08-11,Plumas,063,18699,868,824,14,838,5
2021-08-11,Riverside,065,2383286,317722,310265,14762,325027,4570
2021-08-11,Sacramento,067,1510023,126259,121603,2410,124013,1757
2021-08-11,San Benito,069,59416,6462,6381,119,6500,64
2021-08-11,San Bernardino,071,2135413,314815,309498,9596,319094,5296
2021-08-11,San Diego,073,3302833,315684,309406,18178,327584,3818
2021-08-11,San Francisco,075,870044,45095,43555,1767,45322,564
2021-08-11,San Joaquin,077,732212,81688,79641,4084,83725,1478
2021-08-11,San Luis Obispo,079,281455,23650,22920,870,23790,264
2021-08-11,San Mateo,081,765935,47450,46300,658,46958,548
2021-08-11,Santa Barbara,083,443738,37547,36699,1267,37966,472
2021-08-11,Santa Clara,085,1922200,129307,126301,910,127211,1769
2021-08-11,Santa Cruz,087,273765,17630,17191,857,18048,209
2021-08-11,Shasta,089,179085,14030,13546,1882,15428,211
2021-08-11,Sierra,091,2930,84,81,12,93,0
2021-08-11,Siskiyou,093,43540,2228,2124,508,2632,33
2021-08-11,Solano,095,438530,38635,36862,843,37705,262
2021-08-11,Sonoma,097,501317,35438,34188,409,34597,333
2021-08-11,Stanislaus,099,539301,62265,60767,6665,67432,1037
2021-08-11,Sutter,101,95872,10816,10628,112,10740,130
2021-08-11,Tehama,103,63373,5600,5410,651,6061,66
2021-08-11,Trinity,105,12862,546,385,125,510,3
2021-08-11,Tulare,107,460477,52906,51464,10148,61612,854
2021-08-11,Tuolumne,109,53932,4960,4794,50,4844,64
2021-08-11,Ventura,111,848112,87616,85863,3654,89517,1051
2021-08-11,Yolo,113,214977,16150,15593,542,16135,218
2021-08-11,Yuba,115,75493,7269,7063,162,7225,53
2021-08-10,Alameda,001,1643700,102680,99771,2233,102004,1281
2021-08-10,Alpine,003,1148,90,91,0,91,0
2021-08-10,Amador,005,37829,4249,4093,36,4129,49
2021-08-10,Butte,007,227075,14317,13853,2218,16071,205
2021-08-10,Calaveras,009,45235,2584,2491,15,2506,57
2021-08-10,Colusa,011,21464,2156,2088,405,2493,16
2021-08-10,Contra Costa,013,1133247,82920,80018,1588,81606,840
2021-08-10,Del Norte,015,27424,2086,1870,16,1886,8
2021-08-10,El Dorado,017,186661,12289,11734,1011,12745,117
2021-08-10,Fresno,019,978130,110371,107616,9432,117048,1747
2021-08-10,Glenn,021,27897,2601,2538,633,3171,20
2021-08-10,Humboldt,023,135768,6057,5718,104,5822,52
2021-08-10,Imperial,025,180216,29739,29522,2753,32275,745
2021-08-10,Inyo,027,18085,1489,1482,13,1495,39
2021-08-10,Kern,029,883053,103050,101254,12821,114075,1359
2021-08-10,Kings,031,150075,24880,24252,1242,25494,251
2021-08-10,Lake,033,64148,4870,4700,30,4730,67
2021-08-10,Lassen,035,31185,5499,5401,127,5528,21
2021-08-10,Los Angeles,037,10098052,1306423,1285140,47040,1332180,24821
2021-08-10,Madera,039,155013,17938,17481,1124,18605,245
2021-08-10,Marin,041,260295,15619,15194,305,15499,239
2021-08-10,Mariposa,043,17540,585,550,12,562,5
2021-08-10,Mendocino,045,87422,5052,4775,144,4919,49
2021-08-10,Merced,047,269075,33203,32721,1161,33882,477
2021-08-10,Modoc,049,8938,430,421,148,569,5
2021-08-10,Mono,051,14174,1348,1320,17,1337,3
2021-08-10,Monterey,053,433212,44700,44259,2100,46359,527
2021-08-10,Napa,055,140530,10972,10703,63,10766,83
2021-08-10,Nevada,057,99092,6511,6151,218,6369,73
2021-08-10,Orange,059,3164182,276840,271688,12529,284217,5155
2021-08-10,Placer,061,380077,27950,26561,2174,28735,305
2021-08-10,Plumas,063,18699,859,816,14,830,5
2021-08-10,Riverside,065,2383286,316607,309529,14736,324265,4564
2021-08-10,Sacramento,067,1510023,125406,121159,2379,123538,1755
2021-08-10,San Benito,069,59416,6448,6371,119,6490,64
2021-08-10,San Bernardino,071,2135413,313891,308672,9578,318250,5295
2021-08-10,San Diego,073,3302833,314042,308288,18086,326374,3815
2021-08-10,San Francisco,075,870044,44841,43389,1752,45141,564
2021-08-10,San Joaquin,077,732212,81290,79391,4066,83457,1478
2021-08-10,San Luis Obispo,079,281455,23524,22776,868,23644,264
2021-08-10,San Mateo,081,765935,47278,46184,656,46840,548
2021-08-10,Santa Barbara,083,443738,37382,36574,1260,37834,472
2021-08-10,Santa Clara,085,1922200,128844,126019,903,126922,1770
2021-08-10,Santa Cruz,087,273765,17547,17142,855,17997,209
2021-08-10,Shasta,089,179085,13952,13461,1859,15320,211
2021-08-10,Sierra,091,2930,84,76,12,88,0
2021-08-10,Siskiyou,093,43540,2219,2088,501,2589,33
2021-08-10,Solano,095,438530,38389,36767,832,37599,262
2021-08-10,Sonoma,097,501317,35293,34054,406,34460,333
2021-08-10,Stanislaus,099,539301,61919,60605,6628,67233,1037
2021-08-10,Sutter,101,95872,10751,10569,112,10681,130
2021-08-10,Tehama,103,63373,5571,5392,646,6038,66
2021-08-10,Trinity,105,12862,546,384,125,509,3
2021-08-10,Tulare,107,460477,52742,51390,10096,61486,854
2021-08-10,Tuolumne,109,53932,4931,4780,48,4828,64
2021-08-10,Ventura,111,848112,87326,85714,3633,89347,1051
2021-08-10,Yolo,113,214977,16063,15568,532,16100,218
2021-08-10,Yuba,115,75493,7220,7028,162,7190,50
2021-08-09,Alameda,001,1643700,102130,99496,2229,101725,1276
2021-08-09,Alpine,003,1148,90,91,0,91,0
2021-08-09,Amador,005,37829,4223,4078,36,4114,48
2021-08-09,Butte,007,227075,14218,13813,2189,16002,205
2021-08-09,Calaveras,009,45235,2559,2472,15,2487,57
2021-08-09,Colusa,011,21464,2146,2075,398,2473,16
2021-08-09,Contra Costa,013,1133247,82377,79740,1576,81316,840
2021-08-09,Del Norte,015,27424,2018,1848,16,1864,8
2021-08-09,El Dorado,017,186661,12182,11672,998,12670,117
2021-08-09,Fresno,019,978130,109877,107310,9394,116704,1747
2021-08-09,Glenn,021,27897,2590,2532,621,3153,20
2021-08-09,Humboldt,023,135768,5966,5632,102,5734,52
2021-08-09,Imperial,025,180216,29694,29512,2749,32261,745
2021-08-09,Inyo,027,18085,1489,1481,13,1494,39
2021-08-09,Kern,029,883053,102738,101069,12735,113804,1359
2021-08-09,Kings,031,150075,24773,24155,1228,25383,250
2021-08-09,Lake,033,64148,4835,4670,28,4698,66
2021-08-09,Lassen,035,31185,5477,5393,126,5519,21
2021-08-09,Los Angeles,037,10098052,1302410,1282891,46837,1329728,24798
2021-08-09,Madera,039,155013,17879,17429,1104,18533,245
2021-08-09,Marin,041,260295,15566,15154,304,15458,239
2021-08-09,Mariposa,043,17540,572,545,12,557,5
2021-08-09,Mendocino,045,87422,5001,4732,136,4868,49
2021-08-09,Merced,047,269075,33057,32666,1154,33820,477
2021-08-09,Modoc,049,8938,430,419,148,567,5
2021-08-09,Mono,051,14174,1345,1337,17,1354,3
2021-08-09,Monterey,053,433212,44628,44190,2085,46275,527
2021-08-09,Napa,055,140530,10925,10679,63,10742,83
2021-08-09,Nevada,057,99092,6439,6088,217,6305,73
2021-08-09,Orange,059,3164182,275800,271036,12474,283510,5153
2021-08-09,Placer,061,380077,27726,26457,2143,28600,305
2021-08-09,Plumas,063,18699,842,803,14,817,5
2021-08-09,Riverside,065,2383286,315531,308678,14718,323396,4562
2021-08-09,Sacramento,067,1510023,124571,120812,2354,123166,1748
2021-08-09,San Benito,069,59416,6428,6359,117,6476,63
2021-08-09,San Bernardino,071,2135413,312907,308038,9555,317593,5295
2021-08-09,San Diego,073,3302833,312384,306855,17987,324842,3811
2021-08-09,San Francisco,075,870044,44595,43261,1736,44997,564
2021-08-09,San Joaquin,077,732212,80907,79198,4048,83246,1469
2021-08-09,San Luis Obispo,079,281455,23385,22695,859,23554,264
2021-08-09,San Mateo,081,765935,47106,46040,653,46693,548
2021-08-09,Santa Barbara,083,443738,37198,36474,1252,37726,470
2021-08-09,Santa Clara,085,1922200,128341,125791,894,126685,2187
2021-08-09,Santa Cruz,087,273765,17485,17082,855,17937,209
2021-08-09,Shasta,089,179085,13835,13397,1848,15245,210
2021-08-09,Sierra,091,2930,83,75,12,87,0
2021-08-09,Siskiyou,093,43540,2207,2047,486,2533,32
2021-08-09,Solano,095,438530,38113,36653,830,37483,262
2021-08-09,Sonoma,097,501317,35112,33933,404,34337,333
2021-08-09,Stanislaus,099,539301,61640,60410,6579,66989,1037
2021-08-09,Sutter,101,95872,10702,10525,109,10634,129
2021-08-09,Tehama,103,63373,5529,5373,645,6018,66
2021-08-09,Trinity,105,12862,544,378,123,501,3
2021-08-09,Tulare,107,460477,52583,51274,10034,61308,854
2021-08-09,Tuolumne,109,53932,4889,4745,48,4793,64
2021-08-09,Ventura,111,848112,87054,85514,3622,89136,1047
2021-08-09,Yolo,113,214977,15985,15521,511,16032,218
2021-08-09,Yuba,115,75493,7161,6994,162,7156,50
2021-08-08,Alameda,001,1643700,101581,99135,2223,101358,1276
2021-08-08,Alpine,003,1148,90,91,0,91,0
2021-08-08,Amador,005,37829,4189,4057,35,4092,48
2021-08-08,Butte,007,227075,14136,13791,2169,15960,205
2021-08-08,Calaveras,009,45235,2526,2462,15,2477,57
2021-08-08,Colusa,011,21464,2129,2070,391,2461,16
2021-08-08,Contra Costa,013,1133247,81852,79454,1568,81022,840
2021-08-08,Del Norte,015,27424,1972,1810,16,1826,8
2021-08-08,El Dorado,017,186661,12061,11631,988,12619,117
2021-08-08,Fresno,019,978130,109434,107078,9357,116435,1747
2021-08-08,Glenn,021,27897,2582,2527,614,3141,20
2021-08-08,Humboldt,023,135768,5877,5571,102,5673,52
2021-08-08,Imperial,025,180216,29670,29485,2739,32224,745
2021-08-08,Inyo,027,18085,1489,1481,13,1494,39
2021-08-08,Kern,029,883053,102418,100909,12623,113532,1359
2021-08-08,Kings,031,150075,24659,24095,1219,25314,250
2021-08-08,Lake,033,64148,4785,4636,27,4663,66
2021-08-08,Lassen,035,31185,5462,5391,125,5516,21
2021-08-08,Los Angeles,037,10098052,1298157,1279982,46654,1326636,24793
2021-08-08,Madera,039,155013,17800,17398,1087,18485,245
2021-08-08,Marin,041,260295,15513,15124,302,15426,239
2021-08-08,Mariposa,043,17540,568,538,12,550,5
2021-08-08,Mendocino,045,87422,4939,4702,123,4825,49
2021-08-08,Merced,047,269075,32910,32634,1145,33779,477
2021-08-08,Modoc,049,8938,429,419,147,566,5
2021-08-08,Mono,051,14174,1341,1336,17,1353,3
2021-08-08,Monterey,053,433212,44558,44171,2074,46245,527
2021-08-08,Napa,055,140530,10889,10668,63,10731,83
2021-08-08,Nevada,057,99092,6355,6009,215,6224,73
2021-08-08,Orange,059,3164182,274887,270532,12432,282964,5153
2021-08-08,Placer,061,380077,27517,26332,2102,28434,305
2021-08-08,Plumas,063,18699,833,803,14,817,5
2021-08-08,Riverside,065,2383286,314410,308042,14695,322737,4562
2021-08-08,Sacramento,067,1510023,123743,120109,2342,122451,1744
2021-08-08,San Benito,069,59416,6411,6350,116,6466,63
2021-08-08,San Bernardino,071,2135413,311765,307378,9526,316904,5295
2021-08-08,San Diego,073,3302833,311043,305983,17889,323872,3811
2021-08-08,San Francisco,075,870044,44335,43098,1714,44812,564
2021-08-08,San Joaquin,077,732212,80458,79002,4032,83034,1469
2021-08-08,San Luis Obispo,079,281455,23211,22668,851,23519,263
2021-08-08,San Mateo,081,765935,46916,45927,650,46577,548
2021-08-08,Santa Barbara,083,443738,37021,36417,1245,37662,470
2021-08-08,Santa Clara,085,1922200,127890,125553,889,126442,2187
2021-08-08,Santa Cruz,087,273765,17414,17035,850,17885,209
2021-08-08,Shasta,089,179085,13750,13381,1837,15218,210
2021-08-08,Sierra,091,2930,83,74,12,86,0
2021-08-08,Siskiyou,093,43540,2191,2041,481,2522,32
2021-08-08,Solano,095,438530,37861,36551,826,37377,262
2021-08-08,Sonoma,097,501317,34867,33805,403,34208,333
2021-08-08,Stanislaus,099,539301,61314,60269,6534,66803,1037
2021-08-08,Sutter,101,95872,10642,10481,108,10589,129
2021-08-08,Tehama,103,63373,5493,5359,642,6001,66
2021-08-08,Trinity,105,12862,539,378,123,501,3
2021-08-08,Tulare,107,460477,52404,51220,9975,61195,854
2021-08-08,Tuolumne,109,53932,4849,4731,48,4779,64
2021-08-08,Ventura,111,848112,86763,85382,3612,88994,1047
2021-08-08,Yolo,113,214977,15893,15477,504,15981,218
2021-08-08,Yuba,115,75493,7122,6967,162,7129,50
2021-08-07,Alameda,001,1643700,101335,98812,2217,101029,1276
2021-08-07,Alpine,003,1148,90,91,0,91,0
2021-08-07,Amador,005,37829,4172,4041,34,4075,48
2021-08-07,Butte,007,227075,14084,13714,2157,15871,205
2021-08-07,Calaveras,009,45235,2516,2446,15,2461,57
2021-08-07,Colusa,011,21464,2124,2067,382,2449,16
2021-08-07,Contra Costa,013,1133247,81556,79168,1565,80733,840
2021-08-07,Del Norte,015,27424,1940,1791,16,1807,8
2021-08-07,El Dorado,017,186661,12013,11575,981,12556,117
2021-08-07,Fresno,019,978130,109231,106861,9331,116192,1747
2021-08-07,Glenn,021,27897,2574,2515,613,3128,20
2021-08-07,Humboldt,023,135768,5827,5510,99,5609,52
2021-08-07,Imperial,025,180216,29651,29470,2739,32209,745
2021-08-07,Inyo,027,18085,1487,1476,13,1489,39
2021-08-07,Kern,029,883053,102260,100693,12567,113260,1359
2021-08-07,Kings,031,150075,24598,24048,1213,25261,250
2021-08-07,Lake,033,64148,4764,4613,27,4640,66
2021-08-07,Lassen,035,31185,5458,5386,125,5511,21
2021-08-07,Los Angeles,037,10098052,1296119,1276853,46508,1323361,24786
2021-08-07,Madera,039,155013,17765,17366,1083,18449,245
2021-08-07,Marin,041,260295,15479,15085,301,15386,239
2021-08-07,Mariposa,043,17540,565,530,12,542,5
2021-08-07,Mendocino,045,87422,4903,4690,121,4811,49
2021-08-07,Merced,047,269075,32846,32569,1142,33711,477
2021-08-07,Modoc,049,8938,429,419,147,566,5
2021-08-07,Mono,051,14174,1338,1329,17,1346,3
2021-08-07,Monterey,053,433212,44506,44124,2069,46193,527
2021-08-07,Napa,055,140530,10868,10658,62,10720,83
2021-08-07,Nevada,057,99092,6305,5967,213,6180,73
2021-08-07,Orange,059,3164182,274295,269900,12402,282302,5153
2021-08-07,Placer,061,380077,27328,26244,2094,28338,305
2021-08-07,Plumas,063,18699,828,801,14,815,5
2021-08-07,Riverside,065,2383286,313738,307326,14688,322014,4562
2021-08-07,Sacramento,067,1510023,123242,119636,2338,121974,1744
2021-08-07,San Benito,069,59416,6401,6332,116,6448,63
2021-08-07,San Bernardino,071,2135413,311176,306663,9509,316172,5295
2021-08-07,San Diego,073,3302833,310288,304974,17854,322828,3811
2021-08-07,San Francisco,075,870044,44164,42926,1696,44622,564
2021-08-07,San Joaquin,077,732212,80294,78769,4017,82786,1469
2021-08-07,San Luis Obispo,079,281455,23142,22579,850,23429,263
2021-08-07,San Mateo,081,765935,46788,45804,648,46452,548
2021-08-07,Santa Barbara,083,443738,36925,36303,1239,37542,470
2021-08-07,Santa Clara,085,1922200,127619,125196,884,126080,2188
2021-08-07,Santa Cruz,087,273765,17371,16994,848,17842,209
2021-08-07,Shasta,089,179085,13694,13361,1830,15191,210
2021-08-07,Sierra,091,2930,83,74,12,86,0
2021-08-07,Siskiyou,093,43540,2179,2039,479,2518,32
2021-08-07,Solano,095,438530,37745,36458,818,37276,262
2021-08-07,Sonoma,097,501317,34745,33716,403,34119,333
2021-08-07,Stanislaus,099,539301,61143,60093,6504,66597,1037
2021-08-07,Sutter,101,95872,10605,10447,108,10555,129
2021-08-07,Tehama,103,63373,5482,5343,637,5980,66
2021-08-07,Trinity,105,12862,535,377,122,499,3
2021-08-07,Tulare,107,460477,52318,51133,9937,61070,854
2021-08-07,Tuolumne,109,53932,4819,4721,48,4769,64
2021-08-07,Ventura,111,848112,86583,85232,3598,88830,1047
2021-08-07,Yolo,113,214977,15849,15423,498,15921,218
2021-08-07,Yuba,115,75493,7097,6937,160,7097,50
2021-08-06,Alameda,001,1643700,101006,98487,2211,100698,1275
2021-08-06,Alpine,003,1148,90,91,0,91,0
2021-08-06,Amador,005,37829,4151,4002,34,4036,48
2021-08-06,Butte,007,227075,14034,13626,2142,15768,205
2021-08-06,Calaveras,009,45235,2505,2419,15,2434,57
2021-08-06,Colusa,011,21464,2117,2045,376,2421,16
2021-08-06,Contra Costa,013,1133247,81261,78796,1560,80356,840
2021-08-06,Del Norte,015,27424,1913,1755,15,1770,8
2021-08-06,El Dorado,017,186661,11963,11498,969,12467,117
2021-08-06,Fresno,019,978130,108967,106542,9304,115846,1747
2021-08-06,Glenn,021,27897,2559,2504,610,3114,20
2021-08-06,Humboldt,023,135768,5776,5421,96,5517,52
2021-08-06,Imperial,025,180216,29640,29404,2735,32139,745
2021-08-06,Inyo,027,18085,1484,1471,13,1484,39
2021-08-06,Kern,029,883053,102083,100427,12482,112909,1359
2021-08-06,Kings,031,150075,24543,23974,1209,25183,250
2021-08-06,Lake,033,64148,4741,4557,27,4584,66
2021-08-06,Lassen,035,31185,5436,5368,125,5493,21
2021-08-06,Los Angeles,037,10098052,1293625,1273081,46358,1319439,24772
2021-08-06,Madera,039,155013,17726,17324,1074,18398,245
2021-08-06,Marin,041,260295,15446,15051,301,15352,239
2021-08-06,Mariposa,043,17540,556,511,12,523,5
2021-08-06,Mendocino,045,87422,4861,4649,120,4769,49
2021-08-06,Merced,047,269075,32786,32456,1139,33595,477
2021-08-06,Modoc,049,8938,429,419,147,566,5
2021-08-06,Mono,051,14174,1337,1328,17,1345,3
2021-08-06,Monterey,053,433212,44438,44058,2056,46114,527
2021-08-06,Napa,055,140530,10841,10620,62,10682,83
2021-08-06,Nevada,057,99092,6249,5874,213,6087,73
2021-08-06,Orange,059,3164182,273730,269077,12385,281462,5151
2021-08-06,Placer,061,380077,27205,26086,2073,28159,305
2021-08-06,Plumas,063,18699,819,795,14,809,5
2021-08-06,Riverside,065,2383286,313028,306304,14677,320981,4562
2021-08-06,Sacramento,067,1510023,122750,119169,2319,121488,1740
2021-08-06,San Benito,069,59416,6384,6315,116,6431,63
2021-08-06,San Bernardino,071,2135413,310475,305806,9499,315305,5286
2021-08-06,San Diego,073,3302833,309249,303691,17805,321496,3810
2021-08-06,San Francisco,075,870044,44007,42659,1678,44337,565
2021-08-06,San Joaquin,077,732212,80144,78405,4005,82410,1469
2021-08-06,San Luis Obispo,079,281455,23074,22472,845,23317,263
2021-08-06,San Mateo,081,765935,46636,45665,643,46308,548
2021-08-06,Santa Barbara,083,443738,36836,36208,1235,37443,470
2021-08-06,Santa Clara,085,1922200,127329,124767,879,125646,2185
2021-08-06,Santa Cruz,087,273765,17327,16924,844,17768,207
2021-08-06,Shasta,089,179085,13628,13284,1824,15108,210
2021-08-06,Sierra,091,2930,83,73,12,85,0
2021-08-06,Siskiyou,093,43540,2169,2030,475,2505,32
2021-08-06,Solano,095,438530,37635,36351,809,37160,262
2021-08-06,Sonoma,097,501317,34659,33594,402,33996,333
2021-08-06,Stanislaus,099,539301,61005,59854,6484,66338,1037
2021-08-06,Sutter,101,95872,10562,10391,108,10499,128
2021-08-06,Tehama,103,63373,5458,5325,635,5960,66
2021-08-06,Trinity,105,12862,534,371,121,492,3
2021-08-06,Tulare,107,460477,52217,51018,9890,60908,854
2021-08-06,Tuolumne,109,53932,4792,4674,48,4722,64
2021-08-06,Ventura,111,848112,86412,85046,3586,88632,1047
2021-08-06,Yolo,113,214977,15796,15299,493,15792,218
2021-08-06,Yuba,115,75493,7074,6904,160,7064,50
2021-08-05,Alameda,001,1643700,100520,98052,2206,100258,1275
2021-08-05,Alpine,003,1148,90,91,0,91,0
2021-08-05,Amador,005,37829,4131,3992,34,4026,48
2021-08-05,Butte,007,227075,13973,13564,2119,15683,206
2021-08-05,Calaveras,009,45235,2486,2397,15,2412,57
2021-08-05,Colusa,011,21464,2105,2036,372,2408,16
2021-08-05,Contra Costa,013,1133247,80834,78514,1553,80067,840
2021-08-05,Del Norte,015,27424,1886,1731,15,1746,8
2021-08-05,El Dorado,017,186661,11878,11408,958,12366,117
2021-08-05,Fresno,019,978130,108596,106219,9268,115487,1747
2021-08-05,Glenn,021,27897,2553,2494,607,3101,20
2021-08-05,Humboldt,023,135768,5702,5328,95,5423,52
2021-08-05,Imperial,025,180216,29609,29383,2731,32114,745
2021-08-05,Inyo,027,18085,1480,1468,13,1481,38
2021-08-05,Kern,029,883053,101861,100091,12397,112488,1358
2021-08-05,Kings,031,150075,24459,23906,1204,25110,249
2021-08-05,Lake,033,64148,4702,4490,25,4515,66
2021-08-05,Lassen,035,31185,5428,5344,125,5469,21
2021-08-05,Los Angeles,037,10098052,1290405,1269445,46226,1315671,24756
2021-08-05,Madera,039,155013,17685,17301,1066,18367,245
2021-08-05,Marin,041,260295,15402,15005,297,15302,239
2021-08-05,Mariposa,043,17540,545,504,11,515,5
2021-08-05,Mendocino,045,87422,4818,4597,111,4708,49
2021-08-05,Merced,047,269075,32719,32381,1128,33509,477
2021-08-05,Modoc,049,8938,428,418,147,565,5
2021-08-05,Mono,051,14174,1329,1309,17,1326,3
2021-08-05,Monterey,053,433212,44381,43992,2038,46030,527
2021-08-05,Napa,055,140530,10805,10591,60,10651,83
2021-08-05,Nevada,057,99092,6167,5778,210,5988,73
2021-08-05,Orange,059,3164182,272949,268329,12359,280688,5149
2021-08-05,Placer,061,380077,27005,25965,2046,28011,305
2021-08-05,Plumas,063,18699,810,787,14,801,5
2021-08-05,Riverside,065,2383286,312111,305415,14651,320066,4562
2021-08-05,Sacramento,067,1510023,122041,118590,2306,120896,1739
2021-08-05,San Benito,069,59416,6366,6305,116,6421,63
2021-08-05,San Bernardino,071,2135413,309639,304956,9478,314434,5284
2021-08-05,San Diego,073,3302833,307977,302220,17723,319943,3806
2021-08-05,San Francisco,075,870044,43796,42301,1669,43970,564
2021-08-05,San Joaquin,077,732212,79782,78151,3987,82138,1468
2021-08-05,San Luis Obispo,079,281455,22959,22362,839,23201,263
2021-08-05,San Mateo,081,765935,46463,45554,641,46195,548
2021-08-05,Santa Barbara,083,443738,36729,36112,1232,37344,470
2021-08-05,Santa Clara,085,1922200,126996,124490,879,125369,2185
2021-08-05,Santa Cruz,087,273765,17283,16867,841,17708,207
2021-08-05,Shasta,089,179085,13570,13217,1816,15033,210
2021-08-05,Sierra,091,2930,78,73,12,85,0
2021-08-05,Siskiyou,093,43540,2148,2024,466,2490,32
2021-08-05,Solano,095,438530,37454,36250,802,37052,262
2021-08-05,Sonoma,097,501317,34524,33455,401,33856,330
2021-08-05,Stanislaus,099,539301,60783,59692,6445,66137,1037
2021-08-05,Sutter,101,95872,10507,10349,108,10457,127
2021-08-05,Tehama,103,63373,5440,5305,632,5937,66
2021-08-05,Trinity,105,12862,528,367,121,488,3
2021-08-05,Tulare,107,460477,52100,50889,9836,60725,854
2021-08-05,Tuolumne,109,53932,4762,4619,48,4667,64
2021-08-05,Ventura,111,848112,86161,84837,3572,88409,1047
2021-08-05,Yolo,113,214977,15729,15250,483,15733,218
2021-08-05,Yuba,115,75493,7031,6872,158,7030,50
2021-08-04,Alameda,001,1643700,100016,97477,2195,99672,1274
2021-08-04,Alpine,003,1148,90,91,0,91,0
2021-08-04,Amador,005,37829,4101,3962,33,3995,48
2021-08-04,Butte,007,227075,13905,13509,2102,15611,205
2021-08-04,Calaveras,009,45235,2461,2374,15,2389,57
2021-08-04,Colusa,011,21464,2093,2025,366,2391,16
2021-08-04,Contra Costa,013,1133247,80317,77966,1548,79514,840
2021-08-04,Del Norte,015,27424,1863,1701,15,1716,8
2021-08-04,El Dorado,017,186661,11798,11319,947,12266,117
2021-08-04,Fresno,019,978130,108228,105899,9229,115128,1747
2021-08-04,Glenn,021,27897,2545,2487,605,3092,20
2021-08-04,Humboldt,023,135768,5626,5271,94,5365,52
2021-08-04,Imperial,025,180216,29561,29375,2729,32104,745
2021-08-04,Inyo,027,18085,1479,1465,13,1478,38
2021-08-04,Kern,029,883053,101611,99868,12314,112182,1358
2021-08-04,Kings,031,150075,24387,23840,1196,25036,250
2021-08-04,Lake,033,64148,4672,4423,20,4443,65
2021-08-04,Lassen,035,31185,5420,5340,125,5465,21
2021-08-04,Los Angeles,037,10098052,1286910,1265788,46067,1311855,24737
2021-08-04,Madera,039,155013,17650,17251,1059,18310,245
2021-08-04,Marin,041,260295,15355,14950,295,15245,239
2021-08-04,Mariposa,043,17540,530,497,11,508,5
2021-08-04,Mendocino,045,87422,4794,4560,107,4667,49
2021-08-04,Merced,047,269075,32581,32274,1123,33397,476
2021-08-04,Modoc,049,8938,428,416,147,563,5
2021-08-04,Mono,051,14174,1325,1307,17,1324,3
2021-08-04,Monterey,053,433212,44316,43926,2027,45953,526
2021-08-04,Napa,055,140530,10768,10544,60,10604,82
2021-08-04,Nevada,057,99092,6103,5702,209,5911,73
2021-08-04,Orange,059,3164182,272074,267199,12322,279521,5146
2021-08-04,Placer,061,380077,26788,25688,2026,27714,305
2021-08-04,Plumas,063,18699,804,784,14,798,5
2021-08-04,Riverside,065,2383286,311186,304272,14626,318898,4562
2021-08-04,Sacramento,067,1510023,121284,117882,2280,120162,1736
2021-08-04,San Benito,069,59416,6351,6300,116,6416,63
2021-08-04,San Bernardino,071,2135413,308782,304164,9459,313623,5285
2021-08-04,San Diego,073,3302833,306464,301100,17656,318756,3805
2021-08-04,San Francisco,075,870044,43541,41913,1657,43570,562
2021-08-04,San Joaquin,077,732212,79425,77846,3975,81821,1466
2021-08-04,San Luis Obispo,079,281455,22849,22245,833,23078,262
2021-08-04,San Mateo,081,765935,46291,45392,640,46032,548
2021-08-04,Santa Barbara,083,443738,36600,36013,1224,37237,470
2021-08-04,Santa Clara,085,1922200,126605,124127,872,124999,2183
2021-08-04,Santa Cruz,087,273765,17221,16820,834,17654,208
2021-08-04,Shasta,089,179085,13519,13134,1805,14939,211
2021-08-04,Sierra,091,2930,78,73,12,85,0
2021-08-04,Siskiyou,093,43540,2128,2010,462,2472,32
2021-08-04,Solano,095,438530,37253,36025,793,36818,262
2021-08-04,Sonoma,097,501317,34352,33311,399,33710,330
2021-08-04,Stanislaus,099,539301,60557,59396,6407,65803,1037
2021-08-04,Sutter,101,95872,10470,10294,108,10402,127
2021-08-04,Tehama,103,63373,5414,5281,626,5907,66
2021-08-04,Trinity,105,12862,526,362,118,480,3
2021-08-04,Tulare,107,460477,51990,50797,9792,60589,855
2021-08-04,Tuolumne,109,53932,4737,4584,48,4632,64
2021-08-04,Ventura,111,848112,85903,84406,3550,87956,1047
2021-08-04,Yolo,113,214977,15649,15189,470,15659,215
2021-08-04,Yuba,115,75493,6991,6827,157,6984,50
2021-08-03,Alameda,001,1643700,99568,97275,2190,99465,1270
2021-08-03,Alpine,003,1148,90,91,0,91,0
2021-08-03,Amador,005,37829,4065,3953,33,3986,48
2021-08-03,Butte,007,227075,13837,13468,2087,15555,205
2021-08-03,Calaveras,009,45235,2439,2356,15,2371,57
2021-08-03,Colusa,011,21464,2080,2023,360,2383,16
2021-08-03,Contra Costa,013,1133247,79835,77739,1541,79280,836
2021-08-03,Del Norte,015,27424,1831,1691,14,1705,8
2021-08-03,El Dorado,017,186661,11705,11255,936,12191,117
2021-08-03,Fresno,019,978130,107866,105732,9198,114930,1746
2021-08-03,Glenn,021,27897,2538,2481,599,3080,20
2021-08-03,Humboldt,023,135768,5561,5199,89,5288,52
2021-08-03,Imperial,025,180216,29539,29333,2722,32055,745
2021-08-03,Inyo,027,18085,1476,1459,13,1472,38
2021-08-03,Kern,029,883053,101349,99708,12235,111943,1358
2021-08-03,Kings,031,150075,24299,23780,1189,24969,249
2021-08-03,Lake,033,64148,4616,4408,16,4424,66
2021-08-03,Lassen,035,31185,5410,5341,125,5466,21
2021-08-03,Los Angeles,037,10098052,1283166,1262678,45890,1308568,24721
2021-08-03,Madera,039,155013,17609,17220,1044,18264,245
2021-08-03,Marin,041,260295,15306,14906,292,15198,243
2021-08-03,Mariposa,043,17540,519,495,11,506,5
2021-08-03,Mendocino,045,87422,4745,4546,106,4652,49
2021-08-03,Merced,047,269075,32498,32197,1121,33318,476
2021-08-03,Modoc,049,8938,428,416,147,563,5
2021-08-03,Mono,051,14174,1320,1303,17,1320,3
2021-08-03,Monterey,053,433212,44253,43872,2014,45886,525
2021-08-03,Napa,055,140530,10725,10527,59,10586,82
2021-08-03,Nevada,057,99092,6022,5685,208,5893,73
2021-08-03,Orange,059,3164182,271335,266649,12292,278941,5146
2021-08-03,Placer,061,380077,26587,25624,2002,27626,305
2021-08-03,Plumas,063,18699,797,779,14,793,5
2021-08-03,Riverside,065,2383286,310261,303499,14600,318099,4562
2021-08-03,Sacramento,067,1510023,120539,117591,2260,119851,1732
2021-08-03,San Benito,069,59416,6336,6284,115,6399,63
2021-08-03,San Bernardino,071,2135413,307860,303386,9441,312827,5265
2021-08-03,San Diego,073,3302833,305025,300189,17546,317735,3803
2021-08-03,San Francisco,075,870044,43259,41758,1637,43395,562
2021-08-03,San Joaquin,077,732212,79074,77615,3954,81569,1461
2021-08-03,San Luis Obispo,079,281455,22709,22166,826,22992,264
2021-08-03,San Mateo,081,765935,46099,45255,635,45890,548
2021-08-03,Santa Barbara,083,443738,36481,35912,1218,37130,469
2021-08-03,Santa Clara,085,1922200,126184,123914,866,124780,2183
2021-08-03,Santa Cruz,087,273765,17155,16778,831,17609,207
2021-08-03,Shasta,089,179085,13444,13091,1794,14885,211
2021-08-03,Sierra,091,2930,78,72,12,84,0
2021-08-03,Siskiyou,093,43540,2117,1998,457,2455,32
2021-08-03,Solano,095,438530,37033,35953,781,36734,261
2021-08-03,Sonoma,097,501317,34171,33243,398,33641,330
2021-08-03,Stanislaus,099,539301,60335,59282,6388,65670,1037
2021-08-03,Sutter,101,95872,10430,10263,107,10370,127
2021-08-03,Tehama,103,63373,5387,5269,621,5890,66
2021-08-03,Trinity,105,12862,523,361,115,476,3
2021-08-03,Tulare,107,460477,51895,50729,9746,60475,854
2021-08-03,Tuolumne,109,53932,4702,4563,48,4611,64
2021-08-03,Ventura,111,848112,85659,84270,3529,87799,1046
2021-08-03,Yolo,113,214977,15557,15149,455,15604,215
2021-08-03,Yuba,115,75493,6954,6781,155,6936,50
2021-08-02,Alameda,001,1643700,99011,96954,2186,99140,1270
2021-08-02,Alpine,003,1148,90,91,0,91,0
2021-08-02,Amador,005,37829,4045,3927,33,3960,48
2021-08-02,Butte,007,227075,13757,13442,2068,15510,205
2021-08-02,Calaveras,009,45235,2414,2347,15,2362,57
2021-08-02,Colusa,011,21464,2068,2019,357,2376,16
2021-08-02,Contra Costa,013,1133247,79325,77516,1527,79043,836
2021-08-02,Del Norte,015,27424,1801,1653,14,1667,8
2021-08-02,El Dorado,017,186661,11602,11226,922,12148,116
2021-08-02,Fresno,019,978130,107520,105471,9161,114632,1744
2021-08-02,Glenn,021,27897,2530,2477,596,3073,20
2021-08-02,Humboldt,023,135768,5478,5161,87,5248,52
2021-08-02,Imperial,025,180216,29506,29302,2719,32021,743
2021-08-02,Inyo,027,18085,1470,1455,13,1468,38
2021-08-02,Kern,029,883053,101094,99556,12144,111700,1357
2021-08-02,Kings,031,150075,24229,23722,1183,24905,249
2021-08-02,Lake,033,64148,4573,4375,16,4391,66
2021-08-02,Lassen,035,31185,5387,5338,123,5461,21
2021-08-02,Los Angeles,037,10098052,1279444,1260807,45684,1306491,24705
2021-08-02,Madera,039,155013,17565,17158,1031,18189,245
2021-08-02,Marin,041,260295,15263,14859,291,15150,239
2021-08-02,Mariposa,043,17540,510,490,11,501,5
2021-08-02,Mendocino,045,87422,4705,4512,103,4615,49
2021-08-02,Merced,047,269075,32400,32163,1114,33277,474
2021-08-02,Modoc,049,8938,428,415,147,562,5
2021-08-02,Mono,051,14174,1313,1296,17,1313,3
2021-08-02,Monterey,053,433212,44193,43842,2006,45848,525
2021-08-02,Napa,055,140530,10682,10490,56,10546,82
2021-08-02,Nevada,057,99092,5951,5611,207,5818,73
2021-08-02,Orange,059,3164182,270421,266050,12247,278297,5146
2021-08-02,Placer,061,380077,26440,25516,1968,27484,306
2021-08-02,Plumas,063,18699,790,762,14,776,5
2021-08-02,Riverside,065,2383286,309323,302756,14585,317341,4562
2021-08-02,Sacramento,067,1510023,119842,117183,2240,119423,1728
2021-08-02,San Benito,069,59416,6317,6276,114,6390,63
2021-08-02,San Bernardino,071,2135413,306985,303000,9408,312408,5253
2021-08-02,San Diego,073,3302833,303545,299021,17466,316487,3798
2021-08-02,San Francisco,075,870044,42973,41553,1614,43167,562
2021-08-02,San Joaquin,077,732212,78731,77447,3929,81376,1461
2021-08-02,San Luis Obispo,079,281455,22615,22093,819,22912,261
2021-08-02,San Mateo,081,765935,45922,45154,623,45777,548
2021-08-02,Santa Barbara,083,443738,36343,35851,1212,37063,469
2021-08-02,Santa Clara,085,1922200,125714,123655,858,124513,2183
2021-08-02,Santa Cruz,087,273765,17097,16746,827,17573,207
2021-08-02,Shasta,089,179085,13382,13049,1780,14829,212
2021-08-02,Sierra,091,2930,78,71,12,83,0
2021-08-02,Siskiyou,093,43540,2106,1992,443,2435,31
2021-08-02,Solano,095,438530,36785,35852,768,36620,260
2021-08-02,Sonoma,097,501317,33945,33132,393,33525,330
2021-08-02,Stanislaus,099,539301,60116,59160,6361,65521,1037
2021-08-02,Sutter,101,95872,10384,10220,107,10327,127
2021-08-02,Tehama,103,63373,5364,5260,617,5877,66
2021-08-02,Trinity,105,12862,518,359,114,473,3
2021-08-02,Tulare,107,460477,51794,50640,9674,60314,854
2021-08-02,Tuolumne,109,53932,4635,4524,48,4572,64
2021-08-02,Ventura,111,848112,85474,84143,3506,87649,1044
2021-08-02,Yolo,113,214977,15459,15072,438,15510,215
2021-08-02,Yuba,115,75493,6912,6743,152,6895,50
2021-08-01,Alameda,001,1643700,98480,96775,2180,98955,1270
2021-08-01,Alpine,003,1148,90,91,0,91,0
2021-08-01,Amador,005,37829,4007,3923,33,3956,48
2021-08-01,Butte,007,227075,13679,13406,2051,15457,205
2021-08-01,Calaveras,009,45235,2390,2341,15,2356,57
2021-08-01,Colusa,011,21464,2057,2014,355,2369,16
2021-08-01,Contra Costa,013,1133247,78889,77360,1520,78880,836
2021-08-01,Del Norte,015,27424,1769,1642,14,1656,8
2021-08-01,El Dorado,017,186661,11502,11189,911,12100,116
2021-08-01,Fresno,019,978130,107194,105339,9116,114455,1744
2021-08-01,Glenn,021,27897,2524,2476,593,3069,20
2021-08-01,Humboldt,023,135768,5401,5118,83,5201,52
2021-08-01,Imperial,025,180216,29471,29297,2715,32012,743
2021-08-01,Inyo,027,18085,1468,1454,13,1467,38
2021-08-01,Kern,029,883053,100816,99396,12069,111465,1357
2021-08-01,Kings,031,150075,24142,23700,1178,24878,249
2021-08-01,Lake,033,64148,4494,4356,16,4372,66
2021-08-01,Lassen,035,31185,5374,5336,121,5457,21
2021-08-01,Los Angeles,037,10098052,1275753,1258461,45460,1303921,24700
2021-08-01,Madera,039,155013,17509,17146,1026,18172,245
2021-08-01,Marin,041,260295,15186,14844,290,15134,239
2021-08-01,Mariposa,043,17540,503,482,11,493,5
2021-08-01,Mendocino,045,87422,4659,4476,99,4575,49
2021-08-01,Merced,047,269075,32309,32144,1108,33252,474
2021-08-01,Modoc,049,8938,426,413,147,560,5
2021-08-01,Mono,051,14174,1310,1294,17,1311,3
2021-08-01,Monterey,053,433212,44146,43808,1993,45801,525
2021-08-01,Napa,055,140530,10633,10473,54,10527,82
2021-08-01,Nevada,057,99092,5864,5561,206,5767,73
2021-08-01,Orange,059,3164182,269608,265467,12204,277671,5146
2021-08-01,Placer,061,380077,26225,25464,1938,27402,306
2021-08-01,Plumas,063,18699,784,761,14,775,5
2021-08-01,Riverside,065,2383286,308390,302256,14567,316823,4562
2021-08-01,Sacramento,067,1510023,119106,116923,2226,119149,1727
2021-08-01,San Benito,069,59416,6300,6271,114,6385,63
2021-08-01,San Bernardino,071,2135413,306051,302542,9397,311939,5248
2021-08-01,San Diego,073,3302833,302359,298002,17401,315403,3798
2021-08-01,San Francisco,075,870044,42635,41432,1601,43033,562
2021-08-01,San Joaquin,077,732212,78364,77338,3904,81242,1461
2021-08-01,San Luis Obispo,079,281455,22513,22083,814,22897,261
2021-08-01,San Mateo,081,765935,45740,45036,616,45652,548
2021-08-01,Santa Barbara,083,443738,36219,35809,1208,37017,469
2021-08-01,Santa Clara,085,1922200,125302,123511,850,124361,2183
2021-08-01,Santa Cruz,087,273765,17018,16709,820,17529,207
2021-08-01,Shasta,089,179085,13311,13036,1771,14807,212
2021-08-01,Sierra,091,2930,76,71,12,83,0
2021-08-01,Siskiyou,093,43540,2100,1989,437,2426,31
2021-08-01,Solano,095,438530,36550,35800,759,36559,260
2021-08-01,Sonoma,097,501317,33753,33076,390,33466,330
2021-08-01,Stanislaus,099,539301,59879,59078,6329,65407,1037
2021-08-01,Sutter,101,95872,10329,10198,104,10302,127
2021-08-01,Tehama,103,63373,5347,5252,613,5865,66
2021-08-01,Trinity,105,12862,515,359,113,472,3
2021-08-01,Tulare,107,460477,51637,50600,9613,60213,854
2021-08-01,Tuolumne,109,53932,4597,4489,48,4537,64
2021-08-01,Ventura,111,848112,85244,84040,3491,87531,1044
2021-08-01,Yolo,113,214977,15387,15042,428,15470,215
2021-08-01,Yuba,115,75493,6875,6721,151,6872,50
2021-07-31,Alameda,001,1643700,98148,95279,2175,97454,1265
2021-07-31,Alpine,003,1148,90,89,0,89,0
2021-07-31,Amador,005,37829,3987,3877,33,3910,48
2021-07-31,Butte,007,227075,13645,13235,2031,15266,205
2021-07-31,Calaveras,009,45235,2381,2294,15,2309,57
2021-07-31,Colusa,011,21464,2051,2006,353,2359,16
2021-07-31,Contra Costa,013,1133247,78610,75866,1518,77384,832
2021-07-31,Del Norte,015,27424,1743,1576,14,1590,8
2021-07-31,El Dorado,017,186661,11449,11017,905,11922,116
2021-07-31,Fresno,019,978130,107035,104639,9103,113742,1744
2021-07-31,Glenn,021,27897,2519,2465,588,3053,20
2021-07-31,Humboldt,023,135768,5346,4978,82,5060,52
2021-07-31,Imperial,025,180216,29454,29164,2712,31876,743
2021-07-31,Inyo,027,18085,1465,1442,13,1455,38
2021-07-31,Kern,029,883053,100651,98903,12010,110913,1357
2021-07-31,Kings,031,150075,24089,23548,1173,24721,248
2021-07-31,Lake,033,64148,4469,4238,16,4254,66
2021-07-31,Lassen,035,31185,5367,5320,121,5441,21
2021-07-31,Los Angeles,037,10098052,1273548,1248545,45318,1293863,24691
2021-07-31,Madera,039,155013,17476,17058,1020,18078,245
2021-07-31,Marin,041,260295,15142,14701,289,14990,239
2021-07-31,Mariposa,043,17540,494,470,11,481,5
2021-07-31,Mendocino,045,87422,4634,4400,96,4496,49
2021-07-31,Merced,047,269075,32261,31959,1103,33062,474
2021-07-31,Modoc,049,8938,426,413,147,560,5
2021-07-31,Mono,051,14174,1308,1287,17,1304,3
2021-07-31,Monterey,053,433212,44106,43720,1983,45703,525
2021-07-31,Napa,055,140530,10614,10401,53,10454,82
2021-07-31,Nevada,057,99092,5825,5373,205,5578,72
2021-07-31,Orange,059,3164182,269034,263446,12186,275632,5144
2021-07-31,Placer,061,380077,26092,25104,1931,27035,306
2021-07-31,Plumas,063,18699,781,743,14,757,5
2021-07-31,Riverside,065,2383286,307774,300315,14557,314872,4554
2021-07-31,Sacramento,067,1510023,118694,115259,2220,117479,1720
2021-07-31,San Benito,069,59416,6289,6251,114,6365,63
2021-07-31,San Bernardino,071,2135413,305477,300726,9394,310120,5240
2021-07-31,San Diego,073,3302833,301686,295054,17355,312409,3798
2021-07-31,San Francisco,075,870044,42407,40412,1581,41993,562
2021-07-31,San Joaquin,077,732212,78199,76575,3891,80466,1443
2021-07-31,San Luis Obispo,079,281455,22459,21922,812,22734,260
2021-07-31,San Mateo,081,765935,45583,44622,611,45233,548
2021-07-31,Santa Barbara,083,443738,36138,35531,1207,36738,467
2021-07-31,Santa Clara,085,1922200,125047,122614,848,123462,2099
2021-07-31,Santa Cruz,087,273765,16979,16576,819,17395,207
2021-07-31,Shasta,089,179085,13274,12918,1763,14681,212
2021-07-31,Sierra,091,2930,76,68,12,80,0
2021-07-31,Siskiyou,093,43540,2091,1976,431,2407,31
2021-07-31,Solano,095,438530,36449,35340,752,36092,263
2021-07-31,Sonoma,097,501317,33627,32601,390,32991,329
2021-07-31,Stanislaus,099,539301,59720,58586,6307,64893,1035
2021-07-31,Sutter,101,95872,10295,10068,103,10171,127
2021-07-31,Tehama,103,63373,5332,5216,610,5826,66
2021-07-31,Trinity,105,12862,514,354,112,466,3
2021-07-31,Tulare,107,460477,51547,50409,9560,59969,854
2021-07-31,Tuolumne,109,53932,4558,4362,48,4410,64
2021-07-31,Ventura,111,848112,85083,83509,3475,86984,1044
2021-07-31,Yolo,113,214977,15339,14863,417,15280,215
2021-07-31,Yuba,115,75493,6852,6615,147,6762,50
2021-07-30,Alameda,001,1643700,97822,95279,2171,97450,1265
2021-07-30,Alpine,003,1148,90,89,0,89,0
2021-07-30,Amador,005,37829,3964,3877,33,3910,48
2021-07-30,Butte,007,227075,13590,13235,2018,15253,205
2021-07-30,Calaveras,009,45235,2371,2294,15,2309,57
2021-07-30,Colusa,011,21464,2047,2006,351,2357,16
2021-07-30,Contra Costa,013,1133247,78364,75866,1514,77380,832
2021-07-30,Del Norte,015,27424,1725,1576,14,1590,8
2021-07-30,El Dorado,017,186661,11415,11017,899,11916,116
2021-07-30,Fresno,019,978130,106841,104639,9091,113730,1744
2021-07-30,Glenn,021,27897,2514,2465,587,3052,20
2021-07-30,Humboldt,023,135768,5283,4978,79,5057,52
2021-07-30,Imperial,025,180216,29440,29164,2709,31873,743
2021-07-30,Inyo,027,18085,1464,1442,13,1455,38
2021-07-30,Kern,029,883053,100527,98903,11963,110866,1357
2021-07-30,Kings,031,150075,24049,23548,1169,24717,248
2021-07-30,Lake,033,64148,4441,4238,16,4254,66
2021-07-30,Lassen,035,31185,5363,5320,121,5441,21
2021-07-30,Los Angeles,037,10098052,1271217,1248545,45169,1293714,24691
2021-07-30,Madera,039,155013,17434,17058,1017,18075,245
2021-07-30,Marin,041,260295,15108,14701,289,14990,239
2021-07-30,Mariposa,043,17540,490,470,11,481,5
2021-07-30,Mendocino,045,87422,4604,4400,95,4495,49
2021-07-30,Merced,047,269075,32220,31959,1099,33058,474
2021-07-30,Modoc,049,8938,424,413,147,560,5
2021-07-30,Mono,051,14174,1303,1287,17,1304,3
2021-07-30,Monterey,053,433212,44072,43720,1974,45694,525
2021-07-30,Napa,055,140530,10592,10401,52,10453,82
2021-07-30,Nevada,057,99092,5768,5373,205,5578,72
2021-07-30,Orange,059,3164182,268409,263446,12160,275606,5144
2021-07-30,Placer,061,380077,26002,25104,1913,27017,306
2021-07-30,Plumas,063,18699,776,743,14,757,5
2021-07-30,Riverside,065,2383286,307137,300315,14547,314862,4554
2021-07-30,Sacramento,067,1510023,118242,115259,2216,117475,1720
2021-07-30,San Benito,069,59416,6282,6251,114,6365,63
2021-07-30,San Bernardino,071,2135413,304964,300726,9387,310113,5240
2021-07-30,San Diego,073,3302833,300912,295054,17297,312351,3798
2021-07-30,San Francisco,075,870044,42194,40412,1567,41979,562
2021-07-30,San Joaquin,077,732212,78045,76575,3886,80461,1443
2021-07-30,San Luis Obispo,079,281455,22421,21922,808,22730,260
2021-07-30,San Mateo,081,765935,45458,44622,598,45220,548
2021-07-30,Santa Barbara,083,443738,36069,35531,1201,36732,467
2021-07-30,Santa Clara,085,1922200,124824,122614,846,123460,2099
2021-07-30,Santa Cruz,087,273765,16953,16576,817,17393,207
2021-07-30,Shasta,089,179085,13229,12918,1763,14681,212
2021-07-30,Sierra,091,2930,75,68,12,80,0
2021-07-30,Siskiyou,093,43540,2082,1976,430,2406,31
2021-07-30,Solano,095,438530,36358,35340,736,36076,263
2021-07-30,Sonoma,097,501317,33532,32601,390,32991,329
2021-07-30,Stanislaus,099,539301,59576,58586,6287,64873,1035
2021-07-30,Sutter,101,95872,10260,10068,103,10171,127
2021-07-30,Tehama,103,63373,5322,5216,610,5826,66
2021-07-30,Trinity,105,12862,514,354,112,466,3
2021-07-30,Tulare,107,460477,51504,50409,9525,59934,854
2021-07-30,Tuolumne,109,53932,4540,4362,48,4410,64
2021-07-30,Ventura,111,848112,84919,83509,3460,86969,1044
2021-07-30,Yolo,113,214977,15279,14863,413,15276,215
2021-07-30,Yuba,115,75493,6816,6615,146,6761,50
2021-07-29,Alameda,001,1643700,97410,95279,2165,97444,1265
2021-07-29,Alpine,003,1148,90,89,0,89,0
2021-07-29,Amador,005,37829,3945,3877,33,3910,48
2021-07-29,Butte,007,227075,13541,13235,2010,15245,205
2021-07-29,Calaveras,009,45235,2356,2294,15,2309,57
2021-07-29,Colusa,011,21464,2040,2006,351,2357,16
2021-07-29,Contra Costa,013,1133247,77924,75866,1512,77378,832
2021-07-29,Del Norte,015,27424,1701,1576,14,1590,8
2021-07-29,El Dorado,017,186661,11351,11017,887,11904,116
2021-07-29,Fresno,019,978130,106577,104639,9065,113704,1744
2021-07-29,Glenn,021,27897,2504,2465,586,3051,20
2021-07-29,Humboldt,023,135768,5223,4978,77,5055,52
2021-07-29,Imperial,025,180216,29395,29164,2707,31871,743
2021-07-29,Inyo,027,18085,1460,1442,13,1455,38
2021-07-29,Kern,029,883053,100320,98903,11886,110789,1357
2021-07-29,Kings,031,150075,24003,23548,1165,24713,248
2021-07-29,Lake,033,64148,4406,4238,16,4254,66
2021-07-29,Lassen,035,31185,5355,5320,118,5438,21
2021-07-29,Los Angeles,037,10098052,1268118,1248545,44988,1293533,24691
2021-07-29,Madera,039,155013,17387,17058,1013,18071,245
2021-07-29,Marin,041,260295,15065,14701,289,14990,239
2021-07-29,Mariposa,043,17540,486,470,11,481,5
2021-07-29,Mendocino,045,87422,4581,4400,93,4493,49
2021-07-29,Merced,047,269075,32165,31959,1099,33058,474
2021-07-29,Modoc,049,8938,424,413,147,560,5
2021-07-29,Mono,051,14174,1301,1287,17,1304,3
2021-07-29,Monterey,053,433212,44023,43720,1964,45684,525
2021-07-29,Napa,055,140530,10560,10401,50,10451,82
2021-07-29,Nevada,057,99092,5716,5373,204,5577,72
2021-07-29,Orange,059,3164182,267697,263446,12128,275574,5144
2021-07-29,Placer,061,380077,25879,25104,1898,27002,306
2021-07-29,Plumas,063,18699,768,743,14,757,5
2021-07-29,Riverside,065,2383286,306432,300315,14523,314838,4554
2021-07-29,Sacramento,067,1510023,117687,115259,2203,117462,1720
2021-07-29,San Benito,069,59416,6271,6251,114,6365,63
2021-07-29,San Bernardino,071,2135413,304327,300726,9378,310104,5240
2021-07-29,San Diego,073,3302833,299855,295054,17229,312283,3798
2021-07-29,San Francisco,075,870044,41946,40412,1546,41958,562
2021-07-29,San Joaquin,077,732212,77790,76575,3878,80453,1443
2021-07-29,San Luis Obispo,079,281455,22366,21922,806,22728,260
2021-07-29,San Mateo,081,765935,45331,44622,588,45210,548
2021-07-29,Santa Barbara,083,443738,35983,35531,1200,36731,467
2021-07-29,Santa Clara,085,1922200,124527,122614,843,123457,2099
2021-07-29,Santa Cruz,087,273765,16900,16576,815,17391,207
2021-07-29,Shasta,089,179085,13175,12918,1754,14672,212
2021-07-29,Sierra,091,2930,75,68,12,80,0
2021-07-29,Siskiyou,093,43540,2077,1976,428,2404,31
2021-07-29,Solano,095,438530,36198,35340,726,36066,263
2021-07-29,Sonoma,097,501317,33358,32601,388,32989,329
2021-07-29,Stanislaus,099,539301,59404,58586,6272,64858,1035
2021-07-29,Sutter,101,95872,10214,10068,102,10170,127
2021-07-29,Tehama,103,63373,5309,5216,604,5820,66
2021-07-29,Trinity,105,12862,512,354,111,465,3
2021-07-29,Tulare,107,460477,51414,50409,9485,59894,854
2021-07-29,Tuolumne,109,53932,4500,4362,47,4409,64
2021-07-29,Ventura,111,848112,84753,83509,3453,86962,1044
2021-07-29,Yolo,113,214977,15211,14863,399,15262,215
2021-07-29,Yuba,115,75493,6767,6615,143,6758,50
2021-07-28,Alameda,001,1643700,96949,94965,2158,97123,1262
2021-07-28,Alpine,003,1148,90,89,0,89,0
2021-07-28,Amador,005,37829,3931,3870,33,3903,48
2021-07-28,Butte,007,227075,13484,13184,1997,15181,205
2021-07-28,Calaveras,009,45235,2335,2289,15,2304,57
2021-07-28,Colusa,011,21464,2037,2001,350,2351,16
2021-07-28,Contra Costa,013,1133247,77435,75487,1504,76991,832
2021-07-28,Del Norte,015,27424,1668,1545,14,1559,8
2021-07-28,El Dorado,017,186661,11301,10967,878,11845,116
2021-07-28,Fresno,019,978130,106328,104458,9045,113503,1744
2021-07-28,Glenn,021,27897,2501,2464,583,3047,20
2021-07-28,Humboldt,023,135768,5172,4946,76,5022,52
2021-07-28,Imperial,025,180216,29348,29096,2707,31803,743
2021-07-28,Inyo,027,18085,1454,1439,12,1451,38
2021-07-28,Kern,029,883053,100164,98781,11840,110621,1352
2021-07-28,Kings,031,150075,23939,23503,1155,24658,248
2021-07-28,Lake,033,64148,4360,4191,15,4206,65
2021-07-28,Lassen,035,31185,5347,5318,118,5436,21
2021-07-28,Los Angeles,037,10098052,1264942,1245485,44803,1290288,24673
2021-07-28,Madera,039,155013,17346,17024,1007,18031,245
2021-07-28,Marin,041,260295,15011,14652,289,14941,239
2021-07-28,Mariposa,043,17540,479,469,11,480,5
2021-07-28,Mendocino,045,87422,4553,4377,93,4470,49
2021-07-28,Merced,047,269075,32109,31886,1095,32981,474
2021-07-28,Modoc,049,8938,422,413,147,560,5
2021-07-28,Mono,051,14174,1300,1286,17,1303,3
2021-07-28,Monterey,053,433212,43976,43668,1955,45623,524
2021-07-28,Napa,055,140530,10520,10376,48,10424,82
2021-07-28,Nevada,057,99092,5662,5320,204,5524,72
2021-07-28,Orange,059,3164182,266905,262735,12099,274834,5143
2021-07-28,Placer,061,380077,25732,24978,1883,26861,306
2021-07-28,Plumas,063,18699,763,754,14,768,5
2021-07-28,Riverside,065,2383286,305665,299611,14504,314115,4554
2021-07-28,Sacramento,067,1510023,117035,114665,2184,116849,1714
2021-07-28,San Benito,069,59416,6260,6236,114,6350,63
2021-07-28,San Bernardino,071,2135413,303706,300121,9366,309487,5236
2021-07-28,San Diego,073,3302833,298581,294176,17156,311332,3798
2021-07-28,San Francisco,075,870044,41642,40144,1520,41664,561
2021-07-28,San Joaquin,077,732212,77539,76312,3848,80160,1443
2021-07-28,San Luis Obispo,079,281455,22307,21865,805,22670,260
2021-07-28,San Mateo,081,765935,45180,44477,579,45056,547
2021-07-28,Santa Barbara,083,443738,35908,35431,1195,36626,467
2021-07-28,Santa Clara,085,1922200,124265,122345,841,123186,2099
2021-07-28,Santa Cruz,087,273765,16862,16551,814,17365,207
2021-07-28,Shasta,089,179085,13130,12882,1744,14626,212
2021-07-28,Sierra,091,2930,71,67,12,79,0
2021-07-28,Siskiyou,093,43540,2068,1971,425,2396,31
2021-07-28,Solano,095,438530,36024,35204,719,35923,262
2021-07-28,Sonoma,097,501317,33214,32434,385,32819,328
2021-07-28,Stanislaus,099,539301,59207,58427,6256,64683,1035
2021-07-28,Sutter,101,95872,10182,10033,101,10134,126
2021-07-28,Tehama,103,63373,5297,5209,601,5810,66
2021-07-28,Trinity,105,12862,511,352,111,463,3
2021-07-28,Tulare,107,460477,51326,50363,9438,59801,854
2021-07-28,Tuolumne,109,53932,4461,4313,47,4360,64
2021-07-28,Ventura,111,848112,84557,83360,3437,86797,1043
2021-07-28,Yolo,113,214977,15139,14801,390,15191,215
2021-07-28,Yuba,115,75493,6734,6591,142,6733,51
2021-07-27,Alameda,001,1643700,96548,94682,2150,96832,1256
2021-07-27,Alpine,003,1148,90,89,0,89,0
2021-07-27,Amador,005,37829,3915,3861,33,3894,48
2021-07-27,Butte,007,227075,13436,13127,1986,15113,205
2021-07-27,Calaveras,009,45235,2324,2280,15,2295,57
2021-07-27,Colusa,011,21464,2028,1999,349,2348,16
2021-07-27,Contra Costa,013,1133247,76950,75227,1500,76727,830
2021-07-27,Del Norte,015,27424,1648,1538,14,1552,8
2021-07-27,El Dorado,017,186661,11241,10941,868,11809,116
2021-07-27,Fresno,019,978130,106035,104288,9022,113310,1746
2021-07-27,Glenn,021,27897,2493,2460,581,3041,20
2021-07-27,Humboldt,023,135768,5118,4925,75,5000,52
2021-07-27,Imperial,025,180216,29303,29048,2706,31754,743
2021-07-27,Inyo,027,18085,1452,1430,12,1442,38
2021-07-27,Kern,029,883053,99994,98724,11784,110508,1352
2021-07-27,Kings,031,150075,23882,23463,1145,24608,248
2021-07-27,Lake,033,64148,4321,4157,15,4172,65
2021-07-27,Lassen,035,31185,5341,5315,118,5433,21
2021-07-27,Los Angeles,037,10098052,1261477,1243336,44596,1287932,24658
2021-07-27,Madera,039,155013,17293,16998,1001,17999,245
2021-07-27,Marin,041,260295,14963,14631,286,14917,239
2021-07-27,Mariposa,043,17540,476,468,11,479,5
2021-07-27,Mendocino,045,87422,4530,4371,93,4464,49
2021-07-27,Merced,047,269075,32042,31825,1092,32917,473
2021-07-27,Modoc,049,8938,421,413,147,560,5
2021-07-27,Mono,051,14174,1296,1288,17,1305,3
2021-07-27,Monterey,053,433212,43936,43646,1944,45590,523
2021-07-27,Napa,055,140530,10490,10354,48,10402,82
2021-07-27,Nevada,057,99092,5585,5305,202,5507,72
2021-07-27,Orange,059,3164182,266163,262193,12073,274266,5143
2021-07-27,Placer,061,380077,25573,24916,1857,26773,306
2021-07-27,Plumas,063,18699,760,752,14,766,5
2021-07-27,Riverside,065,2383286,304936,299160,14485,313645,4554
2021-07-27,Sacramento,067,1510023,116432,114413,2175,116588,1710
2021-07-27,San Benito,069,59416,6251,6229,114,6343,63
2021-07-27,San Bernardino,071,2135413,303022,299593,9344,308937,5236
2021-07-27,San Diego,073,3302833,297492,293408,17077,310485,3798
2021-07-27,San Francisco,075,870044,41286,39939,1502,41441,561
2021-07-27,San Joaquin,077,732212,77276,76166,3829,79995,1442
2021-07-27,San Luis Obispo,079,281455,22252,21803,796,22599,260
2021-07-27,San Mateo,081,765935,45029,44378,576,44954,547
2021-07-27,Santa Barbara,083,443738,35813,35355,1193,36548,467
2021-07-27,Santa Clara,085,1922200,123971,122154,839,122993,2099
2021-07-27,Santa Cruz,087,273765,16816,16523,813,17336,207
2021-07-27,Shasta,089,179085,13080,12846,1731,14577,212
2021-07-27,Sierra,091,2930,71,65,12,77,0
2021-07-27,Siskiyou,093,43540,2063,1964,422,2386,31
2021-07-27,Solano,095,438530,35892,35093,709,35802,261
2021-07-27,Sonoma,097,501317,33070,32367,383,32750,328
2021-07-27,Stanislaus,099,539301,59039,58333,6228,64561,1033
2021-07-27,Sutter,101,95872,10141,9998,101,10099,115
2021-07-27,Tehama,103,63373,5275,5192,599,5791,66
2021-07-27,Trinity,105,12862,510,351,111,462,3
2021-07-27,Tulare,107,460477,51260,50324,9407,59731,854
2021-07-27,Tuolumne,109,53932,4409,4282,47,4329,64
2021-07-27,Ventura,111,848112,84349,83189,3425,86614,1043
2021-07-27,Yolo,113,214977,15065,14759,384,15143,215
2021-07-27,Yuba,115,75493,6712,6564,140,6704,51
2021-07-26,Alameda,001,1643700,96102,94436,2146,96582,1259
2021-07-26,Alpine,003,1148,90,89,0,89,0
2021-07-26,Amador,005,37829,3905,3854,33,3887,48
2021-07-26,Butte,007,227075,13381,13082,1975,15057,203
2021-07-26,Calaveras,009,45235,2318,2276,15,2291,57
2021-07-26,Colusa,011,21464,2021,1996,347,2343,16
2021-07-26,Contra Costa,013,1133247,76453,74854,1493,76347,830
2021-07-26,Del Norte,015,27424,1627,1530,14,1544,8
2021-07-26,El Dorado,017,186661,11177,10899,865,11764,116
2021-07-26,Fresno,019,978130,105831,104143,8999,113142,1742
2021-07-26,Glenn,021,27897,2491,2461,580,3041,20
2021-07-26,Humboldt,023,135768,5079,4906,73,4979,52
2021-07-26,Imperial,025,180216,29263,29034,2706,31740,743
2021-07-26,Inyo,027,18085,1447,1429,12,1441,38
2021-07-26,Kern,029,883053,99828,98633,11719,110352,1351
2021-07-26,Kings,031,150075,23833,23426,1141,24567,247
2021-07-26,Lake,033,64148,4300,4133,15,4148,65
2021-07-26,Lassen,035,31185,5337,5314,118,5432,21
2021-07-26,Los Angeles,037,10098052,1258130,1241527,44425,1285952,24647
2021-07-26,Madera,039,155013,17265,16971,994,17965,245
2021-07-26,Marin,041,260295,14906,14579,285,14864,239
2021-07-26,Mariposa,043,17540,475,467,11,478,5
2021-07-26,Mendocino,045,87422,4509,4354,93,4447,49
2021-07-26,Merced,047,269075,31951,31774,1088,32862,473
2021-07-26,Modoc,049,8938,421,413,147,560,5
2021-07-26,Mono,051,14174,1295,1286,17,1303,3
2021-07-26,Monterey,053,433212,43893,43595,1932,45527,521
2021-07-26,Napa,055,140530,10467,10332,48,10380,82
2021-07-26,Nevada,057,99092,5499,5280,202,5482,72
2021-07-26,Orange,059,3164182,265525,261803,12053,273856,5142
2021-07-26,Placer,061,380077,25437,24842,1836,26678,304
2021-07-26,Plumas,063,18699,756,750,14,764,5
2021-07-26,Riverside,065,2383286,304244,298626,14471,313097,4553
2021-07-26,Sacramento,067,1510023,115832,113986,2159,116145,1705
2021-07-26,San Benito,069,59416,6245,6222,114,6336,63
2021-07-26,San Bernardino,071,2135413,302407,299238,9331,308569,5237
2021-07-26,San Diego,073,3302833,296384,292688,16995,309683,3793
2021-07-26,San Francisco,075,870044,40924,39800,1476,41276,561
2021-07-26,San Joaquin,077,732212,77041,76033,3825,79858,1440
2021-07-26,San Luis Obispo,079,281455,22203,21752,793,22545,260
2021-07-26,San Mateo,081,765935,44881,44297,568,44865,547
2021-07-26,Santa Barbara,083,443738,35740,35311,1181,36492,467
2021-07-26,Santa Clara,085,1922200,123662,121978,830,122808,2099
2021-07-26,Santa Cruz,087,273765,16776,16493,810,17303,207
2021-07-26,Shasta,089,179085,13031,12819,1720,14539,211
2021-07-26,Sierra,091,2930,70,65,12,77,0
2021-07-26,Siskiyou,093,43540,2060,1962,420,2382,31
2021-07-26,Solano,095,438530,35737,34990,702,35692,259
2021-07-26,Sonoma,097,501317,32934,32283,381,32664,328
2021-07-26,Stanislaus,099,539301,58894,58219,6209,64428,1033
2021-07-26,Sutter,101,95872,10101,9963,98,10061,115
2021-07-26,Tehama,103,63373,5265,5183,595,5778,66
2021-07-26,Trinity,105,12862,510,351,110,461,3
2021-07-26,Tulare,107,460477,51194,50265,9378,59643,854
2021-07-26,Tuolumne,109,53932,4379,4271,46,4317,64
2021-07-26,Ventura,111,848112,84176,83072,3410,86482,1041
2021-07-26,Yolo,113,214977,15004,14727,372,15099,215
2021-07-26,Yuba,115,75493,6678,6538,138,6676,51
2021-07-25,Alameda,001,1643700,95614,94146,2141,96287,1259
2021-07-25,Alpine,003,1148,88,89,0,89,0
2021-07-25,Amador,005,37829,3890,3848,33,3881,48
2021-07-25,Butte,007,227075,13342,13074,1965,15039,203
2021-07-25,Calaveras,009,45235,2307,2275,15,2290,57
2021-07-25,Colusa,011,21464,2012,1996,343,2339,16
2021-07-25,Contra Costa,013,1133247,75969,74634,1479,76113,830
2021-07-25,Del Norte,015,27424,1606,1526,14,1540,8
2021-07-25,El Dorado,017,186661,11120,10878,861,11739,116
2021-07-25,Fresno,019,978130,105589,104019,8983,113002,1742
2021-07-25,Glenn,021,27897,2482,2461,578,3039,20
2021-07-25,Humboldt,023,135768,5020,4892,72,4964,52
2021-07-25,Imperial,025,180216,29227,29037,2706,31743,743
2021-07-25,Inyo,027,18085,1442,1427,12,1439,38
2021-07-25,Kern,029,883053,99656,98503,11648,110151,1351
2021-07-25,Kings,031,150075,23779,23396,1137,24533,247
2021-07-25,Lake,033,64148,4247,4109,14,4123,65
2021-07-25,Lassen,035,31185,5332,5314,118,5432,21
2021-07-25,Los Angeles,037,10098052,1254710,1239596,44231,1283827,24643
2021-07-25,Madera,039,155013,17228,16947,987,17934,245
2021-07-25,Marin,041,260295,14856,14558,282,14840,239
2021-07-25,Mariposa,043,17540,472,465,11,476,5
2021-07-25,Mendocino,045,87422,4480,4335,91,4426,49
2021-07-25,Merced,047,269075,31878,31760,1086,32846,473
2021-07-25,Modoc,049,8938,421,413,147,560,5
2021-07-25,Mono,051,14174,1292,1286,17,1303,3
2021-07-25,Monterey,053,433212,43855,43590,1924,45514,521
2021-07-25,Napa,055,140530,10431,10316,47,10363,82
2021-07-25,Nevada,057,99092,5434,5256,199,5455,72
2021-07-25,Orange,059,3164182,264817,261351,12030,273381,5142
2021-07-25,Placer,061,380077,25315,24755,1815,26570,304
2021-07-25,Plumas,063,18699,754,750,14,764,5
2021-07-25,Riverside,065,2383286,303480,298181,14454,312635,4553
2021-07-25,Sacramento,067,1510023,115282,113611,2144,115755,1704
2021-07-25,San Benito,069,59416,6238,6217,114,6331,63
2021-07-25,San Bernardino,071,2135413,301749,298982,9324,308306,5237
2021-07-25,San Diego,073,3302833,295322,290626,16921,307547,3793
2021-07-25,San Francisco,075,870044,40574,39663,1451,41114,561
2021-07-25,San Joaquin,077,732212,76785,75926,3806,79732,1440
2021-07-25,San Luis Obispo,079,281455,22130,21741,790,22531,260
2021-07-25,San Mateo,081,765935,44719,44189,562,44751,547
2021-07-25,Santa Barbara,083,443738,35660,35261,1178,36439,467
2021-07-25,Santa Clara,085,1922200,123332,121800,825,122625,2099
2021-07-25,Santa Cruz,087,273765,16729,16474,809,17283,207
2021-07-25,Shasta,089,179085,12984,12815,1715,14530,211
2021-07-25,Sierra,091,2930,70,65,12,77,0
2021-07-25,Siskiyou,093,43540,2052,1963,417,2380,31
2021-07-25,Solano,095,438530,35545,34863,699,35562,259
2021-07-25,Sonoma,097,501317,32809,32202,378,32580,328
2021-07-25,Stanislaus,099,539301,58728,58154,6204,64358,1033
2021-07-25,Sutter,101,95872,10048,9937,96,10033,115
2021-07-25,Tehama,103,63373,5249,5181,594,5775,66
2021-07-25,Trinity,105,12862,508,351,108,459,3
2021-07-25,Tulare,107,460477,51119,50221,9340,59561,854
2021-07-25,Tuolumne,109,53932,4328,4267,46,4313,64
2021-07-25,Ventura,111,848112,83962,82986,3387,86373,1041
2021-07-25,Yolo,113,214977,14943,14693,358,15051,215
2021-07-25,Yuba,115,75493,6645,6519,138,6657,51
2021-07-24,Alameda,001,1643700,95333,93170,2137,95307,1259
2021-07-24,Alpine,003,1148,88,89,0,89,0
2021-07-24,Amador,005,37829,3881,3816,33,3849,48
2021-07-24,Butte,007,227075,13313,12982,1963,14945,203
2021-07-24,Calaveras,009,45235,2302,2267,15,2282,57
2021-07-24,Colusa,011,21464,2011,1992,341,2333,16
2021-07-24,Contra Costa,013,1133247,75741,73682,1476,75158,830
2021-07-24,Del Norte,015,27424,1595,1497,14,1511,8
2021-07-24,El Dorado,017,186661,11086,10773,858,11631,116
2021-07-24,Fresno,019,978130,105471,103637,8973,112610,1736
2021-07-24,Glenn,021,27897,2480,2457,578,3035,20
2021-07-24,Humboldt,023,135768,4985,4780,71,4851,52
2021-07-24,Imperial,025,180216,29207,28996,2706,31702,742
2021-07-24,Inyo,027,18085,1439,1424,12,1436,38
2021-07-24,Kern,029,883053,99578,98261,11626,109887,1350
2021-07-24,Kings,031,150075,23748,23304,1134,24438,246
2021-07-24,Lake,033,64148,4224,3963,14,3977,64
2021-07-24,Lassen,035,31185,5331,5311,118,5429,21
2021-07-24,Los Angeles,037,10098052,1252935,1232164,44102,1276266,24623
2021-07-24,Madera,039,155013,17204,16885,985,17870,245
2021-07-24,Marin,041,260295,14817,14454,282,14736,238
2021-07-24,Mariposa,043,17540,472,453,11,464,5
2021-07-24,Mendocino,045,87422,4455,4293,91,4384,49
2021-07-24,Merced,047,269075,31856,31661,1085,32746,473
2021-07-24,Modoc,049,8938,421,413,147,560,5
2021-07-24,Mono,051,14174,1290,1284,17,1301,3
2021-07-24,Monterey,053,433212,43830,43525,1917,45442,521
2021-07-24,Napa,055,140530,10415,10230,47,10277,81
2021-07-24,Nevada,057,99092,5402,5183,199,5382,72
2021-07-24,Orange,059,3164182,264351,259973,12018,271991,5141
2021-07-24,Placer,061,380077,25232,24530,1810,26340,303
2021-07-24,Plumas,063,18699,753,737,14,751,4
2021-07-24,Riverside,065,2383286,303012,296912,14444,311356,4552
2021-07-24,Sacramento,067,1510023,114967,112438,2140,114578,1698
2021-07-24,San Benito,069,59416,6234,6200,113,6313,63
2021-07-24,San Bernardino,071,2135413,301358,297899,9315,307214,5236
2021-07-24,San Diego,073,3302833,294856,289368,16893,306261,3788
2021-07-24,San Francisco,075,870044,40400,38954,1435,40389,561
2021-07-24,San Joaquin,077,732212,76657,75461,3795,79256,1436
2021-07-24,San Luis Obispo,079,281455,22099,21616,788,22404,260
2021-07-24,San Mateo,081,765935,44602,43880,556,44436,542
2021-07-24,Santa Barbara,083,443738,35601,35071,1174,36245,465
2021-07-24,Santa Clara,085,1922200,123120,121092,824,121916,2099
2021-07-24,Santa Cruz,087,273765,16706,16416,809,17225,207
2021-07-24,Shasta,089,179085,12956,12759,1712,14471,211
2021-07-24,Sierra,091,2930,69,64,12,76,0
2021-07-24,Siskiyou,093,43540,2052,1951,417,2368,31
2021-07-24,Solano,095,438530,35453,34499,690,35189,259
2021-07-24,Sonoma,097,501317,32684,31928,376,32304,327
2021-07-24,Stanislaus,099,539301,58636,57879,6194,64073,1030
2021-07-24,Sutter,101,95872,10021,9890,96,9986,115
2021-07-24,Tehama,103,63373,5242,5166,592,5758,65
2021-07-24,Trinity,105,12862,508,345,108,453,3
2021-07-24,Tulare,107,460477,51076,50104,9323,59427,854
2021-07-24,Tuolumne,109,53932,4302,4216,46,4262,64
2021-07-24,Ventura,111,848112,83835,82687,3371,86058,1041
2021-07-24,Yolo,113,214977,14905,14557,354,14911,214
2021-07-24,Yuba,115,75493,6626,6449,138,6587,51
2021-07-23,Alameda,001,1643700,95080,93170,2133,95303,1259
2021-07-23,Alpine,003,1148,88,89,0,89,0
2021-07-23,Amador,005,37829,3874,3816,33,3849,48
2021-07-23,Butte,007,227075,13284,12982,1955,14937,203
2021-07-23,Calaveras,009,45235,2292,2267,15,2282,57
2021-07-23,Colusa,011,21464,2010,1992,341,2333,16
2021-07-23,Contra Costa,013,1133247,75481,73682,1467,75149,830
2021-07-23,Del Norte,015,27424,1587,1497,14,1511,8
2021-07-23,El Dorado,017,186661,11057,10773,854,11627,116
2021-07-23,Fresno,019,978130,105339,103637,8963,112600,1736
2021-07-23,Glenn,021,27897,2478,2457,575,3032,20
2021-07-23,Humboldt,023,135768,4963,4780,68,4848,52
2021-07-23,Imperial,025,180216,29195,28996,2706,31702,742
2021-07-23,Inyo,027,18085,1436,1424,12,1436,38
2021-07-23,Kern,029,883053,99496,98261,11601,109862,1350
2021-07-23,Kings,031,150075,23717,23304,1131,24435,246
2021-07-23,Lake,033,64148,4195,3963,14,3977,64
2021-07-23,Lassen,035,31185,5329,5311,118,5429,21
2021-07-23,Los Angeles,037,10098052,1250994,1232164,43993,1276157,24623
2021-07-23,Madera,039,155013,17174,16885,980,17865,245
2021-07-23,Marin,041,260295,14780,14454,280,14734,238
2021-07-23,Mariposa,043,17540,469,453,11,464,5
2021-07-23,Mendocino,045,87422,4442,4293,91,4384,49
2021-07-23,Merced,047,269075,31831,31661,1085,32746,473
2021-07-23,Modoc,049,8938,421,413,147,560,5
2021-07-23,Mono,051,14174,1289,1284,17,1301,3
2021-07-23,Monterey,053,433212,43804,43525,1917,45442,521
2021-07-23,Napa,055,140530,10394,10230,47,10277,81
2021-07-23,Nevada,057,99092,5358,5183,199,5382,72
2021-07-23,Orange,059,3164182,263902,259973,11995,271968,5141
2021-07-23,Placer,061,380077,25152,24530,1794,26324,303
2021-07-23,Plumas,063,18699,751,737,14,751,4
2021-07-23,Riverside,065,2383286,302546,296912,14432,311344,4552
2021-07-23,Sacramento,067,1510023,114613,112438,2138,114576,1698
2021-07-23,San Benito,069,59416,6228,6200,113,6313,63
2021-07-23,San Bernardino,071,2135413,300976,297899,9306,307205,5236
2021-07-23,San Diego,073,3302833,294248,289368,16845,306213,3788
2021-07-23,San Francisco,075,870044,40214,38954,1423,40377,561
2021-07-23,San Joaquin,077,732212,76553,75461,3780,79241,1436
2021-07-23,San Luis Obispo,079,281455,22060,21616,788,22404,260
2021-07-23,San Mateo,081,765935,44498,43880,552,44432,542
2021-07-23,Santa Barbara,083,443738,35536,35071,1173,36244,465
2021-07-23,Santa Clara,085,1922200,122901,121092,821,121913,2099
2021-07-23,Santa Cruz,087,273765,16681,16416,809,17225,207
2021-07-23,Shasta,089,179085,12929,12759,1709,14468,211
2021-07-23,Sierra,091,2930,69,64,12,76,0
2021-07-23,Siskiyou,093,43540,2050,1951,417,2368,31
2021-07-23,Solano,095,438530,35361,34499,686,35185,259
2021-07-23,Sonoma,097,501317,32589,31928,375,32303,327
2021-07-23,Stanislaus,099,539301,58560,57879,6185,64064,1030
2021-07-23,Sutter,101,95872,9992,9890,96,9986,115
2021-07-23,Tehama,103,63373,5233,5166,592,5758,65
2021-07-23,Trinity,105,12862,507,345,107,452,3
2021-07-23,Tulare,107,460477,51030,50104,9302,59406,854
2021-07-23,Tuolumne,109,53932,4280,4216,46,4262,64
2021-07-23,Ventura,111,848112,83673,82687,3353,86040,1041
2021-07-23,Yolo,113,214977,14868,14557,347,14904,214
2021-07-23,Yuba,115,75493,6600,6449,137,6586,51
2021-07-22,Alameda,001,1643700,94727,93170,2128,95298,1259
2021-07-22,Alpine,003,1148,88,89,0,89,0
2021-07-22,Amador,005,37829,3865,3816,33,3849,48
2021-07-22,Butte,007,227075,13250,12982,1946,14928,203
2021-07-22,Calaveras,009,45235,2282,2267,15,2282,57
2021-07-22,Colusa,011,21464,2008,1992,338,2330,16
2021-07-22,Contra Costa,013,1133247,75142,73682,1462,75144,830
2021-07-22,Del Norte,015,27424,1570,1497,14,1511,8
2021-07-22,El Dorado,017,186661,11021,10773,846,11619,116
2021-07-22,Fresno,019,978130,105210,103637,8953,112590,1736
2021-07-22,Glenn,021,27897,2474,2457,575,3032,20
2021-07-22,Humboldt,023,135768,4932,4780,66,4846,52
2021-07-22,Imperial,025,180216,29165,28996,2706,31702,742
2021-07-22,Inyo,027,18085,1434,1424,12,1436,38
2021-07-22,Kern,029,883053,99381,98261,11560,109821,1350
2021-07-22,Kings,031,150075,23678,23304,1129,24433,246
2021-07-22,Lake,033,64148,4144,3963,14,3977,64
2021-07-22,Lassen,035,31185,5326,5311,118,5429,21
2021-07-22,Los Angeles,037,10098052,1248558,1232164,43814,1275978,24623
2021-07-22,Madera,039,155013,17139,16885,978,17863,245
2021-07-22,Marin,041,260295,14739,14454,279,14733,238
2021-07-22,Mariposa,043,17540,462,453,11,464,5
2021-07-22,Mendocino,045,87422,4429,4293,90,4383,49
2021-07-22,Merced,047,269075,31789,31661,1084,32745,473
2021-07-22,Modoc,049,8938,421,413,147,560,5
2021-07-22,Mono,051,14174,1288,1284,17,1301,3
2021-07-22,Monterey,053,433212,43776,43525,1911,45436,521
2021-07-22,Napa,055,140530,10376,10230,47,10277,81
2021-07-22,Nevada,057,99092,5332,5183,198,5381,72
2021-07-22,Orange,059,3164182,263349,259973,11986,271959,5141
2021-07-22,Placer,061,380077,25058,24530,1783,26313,303
2021-07-22,Plumas,063,18699,750,737,14,751,4
2021-07-22,Riverside,065,2383286,302038,296912,14411,311323,4552
2021-07-22,Sacramento,067,1510023,114176,112438,2129,114567,1698
2021-07-22,San Benito,069,59416,6221,6200,113,6313,63
2021-07-22,San Bernardino,071,2135413,300572,297899,9291,307190,5236
2021-07-22,San Diego,073,3302833,293518,289368,16785,306153,3788
2021-07-22,San Francisco,075,870044,40001,38954,1411,40365,561
2021-07-22,San Joaquin,077,732212,76410,75461,3768,79229,1436
2021-07-22,San Luis Obispo,079,281455,22022,21616,784,22400,260
2021-07-22,San Mateo,081,765935,44386,43880,547,44427,542
2021-07-22,Santa Barbara,083,443738,35470,35071,1171,36242,465
2021-07-22,Santa Clara,085,1922200,122660,121092,818,121910,2099
2021-07-22,Santa Cruz,087,273765,16644,16416,808,17224,207
2021-07-22,Shasta,089,179085,12905,12759,1705,14464,211
2021-07-22,Sierra,091,2930,67,64,12,76,0
2021-07-22,Siskiyou,093,43540,2047,1951,417,2368,31
2021-07-22,Solano,095,438530,35215,34499,679,35178,259
2021-07-22,Sonoma,097,501317,32479,31928,373,32301,327
2021-07-22,Stanislaus,099,539301,58432,57879,6173,64052,1030
2021-07-22,Sutter,101,95872,9971,9890,96,9986,115
2021-07-22,Tehama,103,63373,5227,5166,592,5758,65
2021-07-22,Trinity,105,12862,507,345,107,452,3
2021-07-22,Tulare,107,460477,50987,50104,9274,59378,854
2021-07-22,Tuolumne,109,53932,4268,4216,46,4262,64
2021-07-22,Ventura,111,848112,83539,82687,3340,86027,1041
2021-07-22,Yolo,113,214977,14830,14557,347,14904,214
2021-07-22,Yuba,115,75493,6569,6449,134,6583,51
2021-07-21,Alameda,001,1643700,94408,92840,2125,94965,1256
2021-07-21,Alpine,003,1148,88,89,0,89,0
2021-07-21,Amador,005,37829,3852,3813,33,3846,48
2021-07-21,Butte,007,227075,13209,12939,1941,14880,203
2021-07-21,Calaveras,009,45235,2278,2257,15,2272,57
2021-07-21,Colusa,011,21464,2004,1988,337,2325,16
2021-07-21,Contra Costa,013,1133247,74878,73320,1453,74773,827
2021-07-21,Del Norte,015,27424,1560,1492,14,1506,8
2021-07-21,El Dorado,017,186661,10984,10742,842,11584,116
2021-07-21,Fresno,019,978130,105062,103504,8944,112448,1736
2021-07-21,Glenn,021,27897,2472,2455,574,3029,20
2021-07-21,Humboldt,023,135768,4900,4763,64,4827,52
2021-07-21,Imperial,025,180216,29153,28964,2703,31667,742
2021-07-21,Inyo,027,18085,1434,1423,12,1435,38
2021-07-21,Kern,029,883053,99263,98152,11519,109671,1350
2021-07-21,Kings,031,150075,23650,23270,1125,24395,246
2021-07-21,Lake,033,64148,4078,3896,14,3910,64
2021-07-21,Lassen,035,31185,5323,5310,118,5428,21
2021-07-21,Los Angeles,037,10098052,1246046,1229598,43676,1273274,24609
2021-07-21,Madera,039,155013,17115,16858,976,17834,245
2021-07-21,Marin,041,260295,14690,14427,279,14706,238
2021-07-21,Mariposa,043,17540,458,449,11,460,5
2021-07-21,Mendocino,045,87422,4411,4274,90,4364,49
2021-07-21,Merced,047,269075,31750,31607,1080,32687,473
2021-07-21,Modoc,049,8938,421,413,147,560,5
2021-07-21,Mono,051,14174,1285,1282,17,1299,3
2021-07-21,Monterey,053,433212,43746,43502,1908,45410,515
2021-07-21,Napa,055,140530,10350,10209,47,10256,81
2021-07-21,Nevada,057,99092,5297,5152,198,5350,72
2021-07-21,Orange,059,3164182,262795,259615,11956,271571,5139
2021-07-21,Placer,061,380077,24949,24441,1772,26213,303
2021-07-21,Plumas,063,18699,750,736,14,750,4
2021-07-21,Riverside,065,2383286,301525,296419,14394,310813,4552
2021-07-21,Sacramento,067,1510023,113754,112043,2118,114161,1696
2021-07-21,San Benito,069,59416,6211,6196,113,6309,63
2021-07-21,San Bernardino,071,2135413,300116,297519,9283,306802,5230
2021-07-21,San Diego,073,3302833,292669,288682,16722,305404,3787
2021-07-21,San Francisco,075,870044,39776,38699,1406,40105,559
2021-07-21,San Joaquin,077,732212,76221,75288,3756,79044,1434
2021-07-21,San Luis Obispo,079,281455,21985,21579,781,22360,260
2021-07-21,San Mateo,081,765935,44294,43755,543,44298,542
2021-07-21,Santa Barbara,083,443738,35411,34998,1155,36153,465
2021-07-21,Santa Clara,085,1922200,122451,120838,816,121654,2099
2021-07-21,Santa Cruz,087,273765,16610,16407,808,17215,207
2021-07-21,Shasta,089,179085,12871,12751,1702,14453,211
2021-07-21,Sierra,091,2930,67,64,12,76,0
2021-07-21,Siskiyou,093,43540,2045,1943,415,2358,31
2021-07-21,Solano,095,438530,35057,34374,674,35048,258
2021-07-21,Sonoma,097,501317,32363,31789,373,32162,327
2021-07-21,Stanislaus,099,539301,58330,57774,6163,63937,1028
2021-07-21,Sutter,101,95872,9947,9862,96,9958,113
2021-07-21,Tehama,103,63373,5223,5161,592,5753,65
2021-07-21,Trinity,105,12862,505,345,106,451,3
2021-07-21,Tulare,107,460477,50927,50066,9249,59315,854
2021-07-21,Tuolumne,109,53932,4231,4156,46,4202,64
2021-07-21,Ventura,111,848112,83417,82573,3328,85901,1041
2021-07-21,Yolo,113,214977,14788,14525,346,14871,213
2021-07-21,Yuba,115,75493,6541,6425,134,6559,52
2021-07-20,Alameda,001,1643700,94039,92625,2111,94736,1256
2021-07-20,Alpine,003,1148,88,89,0,89,0
2021-07-20,Amador,005,37829,3841,3807,33,3840,48
2021-07-20,Butte,007,227075,13172,12916,1936,14852,203
2021-07-20,Calaveras,009,45235,2275,2249,15,2264,57
2021-07-20,Colusa,011,21464,2004,1985,337,2322,16
2021-07-20,Contra Costa,013,1133247,74593,73143,1435,74578,825
2021-07-20,Del Norte,015,27424,1550,1490,14,1504,8
2021-07-20,El Dorado,017,186661,10944,10727,838,11565,116
2021-07-20,Fresno,019,978130,104927,103438,8925,112363,1736
2021-07-20,Glenn,021,27897,2472,2453,574,3027,20
2021-07-20,Humboldt,023,135768,4855,4735,62,4797,52
2021-07-20,Imperial,025,180216,29133,28933,2703,31636,742
2021-07-20,Inyo,027,18085,1430,1420,12,1432,36
2021-07-20,Kern,029,883053,99149,98082,11491,109573,1350
2021-07-20,Kings,031,150075,23609,23254,1120,24374,246
2021-07-20,Lake,033,64148,4053,3871,14,3885,64
2021-07-20,Lassen,035,31185,5323,5306,118,5424,21
2021-07-20,Los Angeles,037,10098052,1243249,1227404,43511,1270915,24603
2021-07-20,Madera,039,155013,17094,16856,972,17828,245
2021-07-20,Marin,041,260295,14654,14396,276,14672,234
2021-07-20,Mariposa,043,17540,456,448,11,459,5
2021-07-20,Mendocino,045,87422,4394,4259,90,4349,49
2021-07-20,Merced,047,269075,31711,31578,1073,32651,473
2021-07-20,Modoc,049,8938,421,413,147,560,5
2021-07-20,Mono,051,14174,1281,1281,17,1298,3
2021-07-20,Monterey,053,433212,43715,43481,1905,45386,515
2021-07-20,Napa,055,140530,10327,10191,47,10238,81
2021-07-20,Nevada,057,99092,5278,5148,197,5345,72
2021-07-20,Orange,059,3164182,262238,259303,11926,271229,5139
2021-07-20,Placer,061,380077,24857,24408,1750,26158,303
2021-07-20,Plumas,063,18699,748,736,14,750,4
2021-07-20,Riverside,065,2383286,300990,296118,14380,310498,4543
2021-07-20,Sacramento,067,1510023,113314,111796,2088,113884,1695
2021-07-20,San Benito,069,59416,6204,6196,113,6309,63
2021-07-20,San Bernardino,071,2135413,299707,297222,9258,306480,5231
2021-07-20,San Diego,073,3302833,291743,288209,16626,304835,3786
2021-07-20,San Francisco,075,870044,39516,38536,1395,39931,558
2021-07-20,San Joaquin,077,732212,76049,75198,3743,78941,1433
2021-07-20,San Luis Obispo,079,281455,21939,21556,780,22336,259
2021-07-20,San Mateo,081,765935,44175,43670,542,44212,542
2021-07-20,Santa Barbara,083,443738,35341,34935,1149,36084,462
2021-07-20,Santa Clara,085,1922200,122194,120704,814,121518,2098
2021-07-20,Santa Cruz,087,273765,16581,16399,808,17207,207
2021-07-20,Shasta,089,179085,12845,12734,1698,14432,211
2021-07-20,Sierra,091,2930,67,64,12,76,0
2021-07-20,Siskiyou,093,43540,2041,1931,414,2345,31
2021-07-20,Solano,095,438530,34922,34337,667,35004,258
2021-07-20,Sonoma,097,501317,32244,31763,372,32135,326
2021-07-20,Stanislaus,099,539301,58215,57706,6158,63864,1028
2021-07-20,Sutter,101,95872,9920,9854,93,9947,114
2021-07-20,Tehama,103,63373,5221,5153,592,5745,65
2021-07-20,Trinity,105,12862,503,344,105,449,3
2021-07-20,Tulare,107,460477,50885,50047,9232,59279,854
2021-07-20,Tuolumne,109,53932,4212,4156,46,4202,64
2021-07-20,Ventura,111,848112,83264,82504,3313,85817,1041
2021-07-20,Yolo,113,214977,14723,14495,343,14838,213
2021-07-20,Yuba,115,75493,6516,6393,131,6524,52
2021-07-19,Alameda,001,1643700,93664,92357,2095,94452,1256
2021-07-19,Alpine,003,1148,88,89,0,89,0
2021-07-19,Amador,005,37829,3837,3802,33,3835,48
2021-07-19,Butte,007,227075,13128,12901,1931,14832,202
2021-07-19,Calaveras,009,45235,2271,2245,15,2260,57
2021-07-19,Colusa,011,21464,2002,1981,337,2318,16
2021-07-19,Contra Costa,013,1133247,74281,72935,1415,74350,825
2021-07-19,Del Norte,015,27424,1537,1484,14,1498,8
2021-07-19,El Dorado,017,186661,10914,10703,830,11533,114
2021-07-19,Fresno,019,978130,104797,103350,8912,112262,1731
2021-07-19,Glenn,021,27897,2472,2452,573,3025,20
2021-07-19,Humboldt,023,135768,4825,4719,60,4779,52
2021-07-19,Imperial,025,180216,29106,28888,2702,31590,742
2021-07-19,Inyo,027,18085,1429,1417,12,1429,36
2021-07-19,Kern,029,883053,99035,97999,11458,109457,1349
2021-07-19,Kings,031,150075,23579,23221,1114,24335,246
2021-07-19,Lake,033,64148,4017,3848,14,3862,64
2021-07-19,Lassen,035,31185,5322,5305,118,5423,21
2021-07-19,Los Angeles,037,10098052,1240643,1225946,43325,1269271,24600
2021-07-19,Madera,039,155013,17071,16846,969,17815,244
2021-07-19,Marin,041,260295,14619,14369,273,14642,234
2021-07-19,Mariposa,043,17540,450,447,11,458,5
2021-07-19,Mendocino,045,87422,4376,4251,90,4341,49
2021-07-19,Merced,047,269075,31647,31565,1066,32631,472
2021-07-19,Modoc,049,8938,420,413,147,560,5
2021-07-19,Mono,051,14174,1279,1280,17,1297,3
2021-07-19,Monterey,053,433212,43691,43436,1904,45340,515
2021-07-19,Napa,055,140530,10302,10180,45,10225,81
2021-07-19,Nevada,057,99092,5250,5133,196,5329,72
2021-07-19,Orange,059,3164182,261715,258927,11894,270821,5138
2021-07-19,Placer,061,380077,24758,24359,1728,26087,303
2021-07-19,Plumas,063,18699,748,730,14,744,4
2021-07-19,Riverside,065,2383286,300500,295736,14342,310078,4543
2021-07-19,Sacramento,067,1510023,112950,111470,2064,113534,1696
2021-07-19,San Benito,069,59416,6201,6193,113,6306,63
2021-07-19,San Bernardino,071,2135413,299334,296929,9239,306168,5235
2021-07-19,San Diego,073,3302833,290843,287695,16521,304216,3786
2021-07-19,San Francisco,075,870044,39243,38463,1382,39845,560
2021-07-19,San Joaquin,077,732212,75884,75086,3738,78824,1431
2021-07-19,San Luis Obispo,079,281455,21894,21531,776,22307,259
2021-07-19,San Mateo,081,765935,44033,43563,533,44096,542
2021-07-19,Santa Barbara,083,443738,35269,34904,1147,36051,461
2021-07-19,Santa Clara,085,1922200,121936,120554,813,121367,2098
2021-07-19,Santa Cruz,087,273765,16565,16387,808,17195,207
2021-07-19,Shasta,089,179085,12827,12723,1696,14419,209
2021-07-19,Sierra,091,2930,66,64,12,76,0
2021-07-19,Siskiyou,093,43540,2036,1927,412,2339,31
2021-07-19,Solano,095,438530,34747,34262,656,34918,261
2021-07-19,Sonoma,097,501317,32123,31713,371,32084,325
2021-07-19,Stanislaus,099,539301,58114,57644,6148,63792,1027
2021-07-19,Sutter,101,95872,9904,9834,93,9927,114
2021-07-19,Tehama,103,63373,5215,5152,590,5742,65
2021-07-19,Trinity,105,12862,503,344,104,448,3
2021-07-19,Tulare,107,460477,50838,49994,9216,59210,855
2021-07-19,Tuolumne,109,53932,4202,4151,46,4197,64
2021-07-19,Ventura,111,848112,83168,82409,3291,85700,1041
2021-07-19,Yolo,113,214977,14691,14439,341,14780,213
2021-07-19,Yuba,115,75493,6492,6370,131,6501,52
2021-07-18,Alameda,001,1643700,93303,92162,2083,94245,1256
2021-07-18,Alpine,003,1148,88,89,0,89,0
2021-07-18,Amador,005,37829,3826,3799,33,3832,48
2021-07-18,Butte,007,227075,13086,12888,1926,14814,202
2021-07-18,Calaveras,009,45235,2268,2243,15,2258,57
2021-07-18,Colusa,011,21464,2002,1981,336,2317,16
2021-07-18,Contra Costa,013,1133247,73965,72849,1397,74246,825
2021-07-18,Del Norte,015,27424,1528,1482,14,1496,8
2021-07-18,El Dorado,017,186661,10877,10687,822,11509,114
2021-07-18,Fresno,019,978130,104643,103298,8894,112192,1731
2021-07-18,Glenn,021,27897,2471,2452,572,3024,20
2021-07-18,Humboldt,023,135768,4789,4714,60,4774,52
2021-07-18,Imperial,025,180216,29069,28877,2701,31578,742
2021-07-18,Inyo,027,18085,1425,1417,12,1429,36
2021-07-18,Kern,029,883053,98909,97963,11416,109379,1349
2021-07-18,Kings,031,150075,23558,23203,1110,24313,246
2021-07-18,Lake,033,64148,3981,3825,14,3839,64
2021-07-18,Lassen,035,31185,5322,5305,118,5423,21
2021-07-18,Los Angeles,037,10098052,1237955,1224691,43134,1267825,24598
2021-07-18,Madera,039,155013,17046,16838,965,17803,244
2021-07-18,Marin,041,260295,14583,14358,271,14629,234
2021-07-18,Mariposa,043,17540,449,447,11,458,5
2021-07-18,Mendocino,045,87422,4355,4246,90,4336,49
2021-07-18,Merced,047,269075,31616,31537,1064,32601,471
2021-07-18,Modoc,049,8938,420,413,147,560,5
2021-07-18,Mono,051,14174,1278,1280,17,1297,3
2021-07-18,Monterey,053,433212,43673,43422,1894,45316,515
2021-07-18,Napa,055,140530,10285,10174,42,10216,81
2021-07-18,Nevada,057,99092,5224,5124,196,5320,72
2021-07-18,Orange,059,3164182,261231,258724,11866,270590,5138
2021-07-18,Placer,061,380077,24691,24313,1701,26014,303
2021-07-18,Plumas,063,18699,748,730,14,744,4
2021-07-18,Riverside,065,2383286,300008,295522,14300,309822,4543
2021-07-18,Sacramento,067,1510023,112519,111255,2031,113286,1696
2021-07-18,San Benito,069,59416,6193,6191,113,6304,63
2021-07-18,San Bernardino,071,2135413,298859,296739,9224,305963,5233
2021-07-18,San Diego,073,3302833,290027,286287,16437,302724,3786
2021-07-18,San Francisco,075,870044,39007,38367,1371,39738,560
2021-07-18,San Joaquin,077,732212,75707,74997,3725,78722,1431
2021-07-18,San Luis Obispo,079,281455,21859,21527,773,22300,259
2021-07-18,San Mateo,081,765935,43920,43506,527,44033,542
2021-07-18,Santa Barbara,083,443738,35204,34880,1145,36025,461
2021-07-18,Santa Clara,085,1922200,121722,120438,806,121244,2098
2021-07-18,Santa Cruz,087,273765,16533,16372,807,17179,207
2021-07-18,Shasta,089,179085,12802,12714,1692,14406,209
2021-07-18,Sierra,091,2930,66,64,12,76,0
2021-07-18,Siskiyou,093,43540,2030,1927,407,2334,31
2021-07-18,Solano,095,438530,34619,34215,652,34867,261
2021-07-18,Sonoma,097,501317,32018,31675,370,32045,325
2021-07-18,Stanislaus,099,539301,58003,57600,6123,63723,1028
2021-07-18,Sutter,101,95872,9872,9826,93,9919,114
2021-07-18,Tehama,103,63373,5212,5150,589,5739,65
2021-07-18,Trinity,105,12862,503,344,104,448,3
2021-07-18,Tulare,107,460477,50785,49985,9193,59178,855
2021-07-18,Tuolumne,109,53932,4184,4149,46,4195,64
2021-07-18,Ventura,111,848112,83054,82361,3267,85628,1041
2021-07-18,Yolo,113,214977,14632,14425,335,14760,213
2021-07-18,Yuba,115,75493,6451,6357,131,6488,52
2021-07-17,Alameda,001,1643700,93085,91346,2072,93418,1255
2021-07-17,Alpine,003,1148,88,89,0,89,0
2021-07-17,Amador,005,37829,3817,3785,33,3818,48
2021-07-17,Butte,007,227075,13071,12824,1922,14746,202
2021-07-17,Calaveras,009,45235,2263,2237,15,2252,57
2021-07-17,Colusa,011,21464,1999,1976,336,2312,16
2021-07-17,Contra Costa,013,1133247,73783,72254,1384,73638,824
2021-07-17,Del Norte,015,27424,1520,1475,14,1489,8
2021-07-17,El Dorado,017,186661,10850,10622,818,11440,114
2021-07-17,Fresno,019,978130,104570,103055,8880,111935,1730
2021-07-17,Glenn,021,27897,2470,2451,572,3023,20
2021-07-17,Humboldt,023,135768,4776,4654,59,4713,52
2021-07-17,Imperial,025,180216,29053,28840,2701,31541,742
2021-07-17,Inyo,027,18085,1425,1416,12,1428,36
2021-07-17,Kern,029,883053,98852,97796,11380,109176,1348
2021-07-17,Kings,031,150075,23538,23163,1109,24272,246
2021-07-17,Lake,033,64148,3956,3760,14,3774,64
2021-07-17,Lassen,035,31185,5322,5302,118,5420,21
2021-07-17,Los Angeles,037,10098052,1236418,1219733,42993,1262726,24582
2021-07-17,Madera,039,155013,17038,16804,965,17769,240
2021-07-17,Marin,041,260295,14565,14297,269,14566,234
2021-07-17,Mariposa,043,17540,449,445,11,456,5
2021-07-17,Mendocino,045,87422,4343,4209,90,4299,49
2021-07-17,Merced,047,269075,31595,31451,1060,32511,471
2021-07-17,Modoc,049,8938,420,412,147,559,5
2021-07-17,Mono,051,14174,1276,1277,17,1294,3
2021-07-17,Monterey,053,433212,43650,43367,1889,45256,515
2021-07-17,Napa,055,140530,10269,10129,42,10171,81
2021-07-17,Nevada,057,99092,5209,5066,196,5262,72
2021-07-17,Orange,059,3164182,260924,257805,11827,269632,5136
2021-07-17,Placer,061,380077,24624,24169,1687,25856,303
2021-07-17,Plumas,063,18699,743,721,14,735,4
2021-07-17,Riverside,065,2383286,299702,294751,14268,309019,4542
2021-07-17,Sacramento,067,1510023,112284,110432,2011,112443,1694
2021-07-17,San Benito,069,59416,6187,6181,113,6294,63
2021-07-17,San Bernardino,071,2135413,298622,296048,9205,305253,5218
2021-07-17,San Diego,073,3302833,289620,285698,16369,302067,3786
2021-07-17,San Francisco,075,870044,38886,37978,1368,39346,560
2021-07-17,San Joaquin,077,732212,75620,74695,3719,78414,1430
2021-07-17,San Luis Obispo,079,281455,21832,21462,773,22235,258
2021-07-17,San Mateo,081,765935,43849,43324,526,43850,542
2021-07-17,Santa Barbara,083,443738,35163,34769,1142,35911,461
2021-07-17,Santa Clara,085,1922200,121550,119980,803,120783,2097
2021-07-17,Santa Cruz,087,273765,16526,16337,807,17144,207
2021-07-17,Shasta,089,179085,12787,12683,1687,14370,210
2021-07-17,Sierra,091,2930,66,62,12,74,0
2021-07-17,Siskiyou,093,43540,2025,1922,404,2326,29
2021-07-17,Solano,095,438530,34554,34015,644,34659,263
2021-07-17,Sonoma,097,501317,31950,31536,369,31905,322
2021-07-17,Stanislaus,099,539301,57926,57400,6109,63509,1028
2021-07-17,Sutter,101,95872,9862,9778,93,9871,114
2021-07-17,Tehama,103,63373,5209,5145,589,5734,64
2021-07-17,Trinity,105,12862,502,341,104,445,3
2021-07-17,Tulare,107,460477,50764,49937,9181,59118,854
2021-07-17,Tuolumne,109,53932,4174,4131,46,4177,64
2021-07-17,Ventura,111,848112,82985,82125,3256,85381,1041
2021-07-17,Yolo,113,214977,14600,14356,328,14684,213
2021-07-17,Yuba,115,75493,6440,6309,131,6440,52
2021-07-16,Alameda,001,1643700,92845,91346,2061,93407,1255
2021-07-16,Alpine,003,1148,88,89,0,89,0
2021-07-16,Amador,005,37829,3814,3785,33,3818,48
2021-07-16,Butte,007,227075,13046,12824,1919,14743,202
2021-07-16,Calaveras,009,45235,2262,2237,15,2252,57
2021-07-16,Colusa,011,21464,1997,1976,335,2311,16
2021-07-16,Contra Costa,013,1133247,73594,72254,1380,73634,824
2021-07-16,Del Norte,015,27424,1518,1475,14,1489,8
2021-07-16,El Dorado,017,186661,10831,10622,817,11439,114
2021-07-16,Fresno,019,978130,104517,103055,8860,111915,1730
2021-07-16,Glenn,021,27897,2470,2451,572,3023,20
2021-07-16,Humboldt,023,135768,4754,4654,59,4713,52
2021-07-16,Imperial,025,180216,29041,28840,2701,31541,742
2021-07-16,Inyo,027,18085,1423,1416,12,1428,36
2021-07-16,Kern,029,883053,98790,97796,11340,109136,1348
2021-07-16,Kings,031,150075,23513,23163,1108,24271,246
2021-07-16,Lake,033,64148,3929,3760,14,3774,64
2021-07-16,Lassen,035,31185,5321,5302,118,5420,21
2021-07-16,Los Angeles,037,10098052,1234916,1219733,42848,1262581,24582
2021-07-16,Madera,039,155013,17020,16804,965,17769,240
2021-07-16,Marin,041,260295,14541,14297,266,14563,234
2021-07-16,Mariposa,043,17540,449,445,11,456,5
2021-07-16,Mendocino,045,87422,4334,4209,89,4298,49
2021-07-16,Merced,047,269075,31574,31451,1058,32509,471
2021-07-16,Modoc,049,8938,420,412,147,559,5
2021-07-16,Mono,051,14174,1275,1277,17,1294,3
2021-07-16,Monterey,053,433212,43628,43367,1888,45255,515
2021-07-16,Napa,055,140530,10245,10129,41,10170,81
2021-07-16,Nevada,057,99092,5199,5066,196,5262,72
2021-07-16,Orange,059,3164182,260651,257805,11786,269591,5136
2021-07-16,Placer,061,380077,24571,24169,1682,25851,303
2021-07-16,Plumas,063,18699,742,721,14,735,4
2021-07-16,Riverside,065,2383286,299426,294751,14242,308993,4542
2021-07-16,Sacramento,067,1510023,112067,110432,1998,112430,1694
2021-07-16,San Benito,069,59416,6185,6181,113,6294,63
2021-07-16,San Bernardino,071,2135413,298346,296048,9188,305236,5218
2021-07-16,San Diego,073,3302833,289178,285698,16322,302020,3786
2021-07-16,San Francisco,075,870044,38769,37978,1363,39341,560
2021-07-16,San Joaquin,077,732212,75526,74695,3716,78411,1430
2021-07-16,San Luis Obispo,079,281455,21815,21462,773,22235,258
2021-07-16,San Mateo,081,765935,43796,43324,525,43849,542
2021-07-16,Santa Barbara,083,443738,35125,34769,1142,35911,461
2021-07-16,Santa Clara,085,1922200,121403,119980,796,120776,2097
2021-07-16,Santa Cruz,087,273765,16513,16337,807,17144,207
2021-07-16,Shasta,089,179085,12777,12683,1686,14369,210
2021-07-16,Sierra,091,2930,66,62,12,74,0
2021-07-16,Siskiyou,093,43540,2023,1922,402,2324,29
2021-07-16,Solano,095,438530,34487,34015,636,34651,263
2021-07-16,Sonoma,097,501317,31898,31536,366,31902,322
2021-07-16,Stanislaus,099,539301,57876,57400,6099,63499,1028
2021-07-16,Sutter,101,95872,9850,9778,93,9871,114
2021-07-16,Tehama,103,63373,5207,5145,589,5734,64
2021-07-16,Trinity,105,12862,502,341,103,444,3
2021-07-16,Tulare,107,460477,50739,49937,9171,59108,854
2021-07-16,Tuolumne,109,53932,4168,4131,46,4177,64
2021-07-16,Ventura,111,848112,82920,82125,3249,85374,1041
2021-07-16,Yolo,113,214977,14574,14356,325,14681,213
2021-07-16,Yuba,115,75493,6418,6309,130,6439,52
2021-07-15,Alameda,001,1643700,92550,91346,2051,93397,1255
2021-07-15,Alpine,003,1148,88,89,0,89,0
2021-07-15,Amador,005,37829,3811,3785,33,3818,48
2021-07-15,Butte,007,227075,13020,12824,1917,14741,202
2021-07-15,Calaveras,009,45235,2259,2237,15,2252,57
2021-07-15,Colusa,011,21464,1996,1976,334,2310,16
2021-07-15,Contra Costa,013,1133247,73380,72254,1373,73627,824
2021-07-15,Del Norte,015,27424,1515,1475,14,1489,8
2021-07-15,El Dorado,017,186661,10804,10622,815,11437,114
2021-07-15,Fresno,019,978130,104420,103055,8840,111895,1730
2021-07-15,Glenn,021,27897,2470,2451,572,3023,20
2021-07-15,Humboldt,023,135768,4736,4654,58,4712,52
2021-07-15,Imperial,025,180216,29018,28840,2701,31541,742
2021-07-15,Inyo,027,18085,1423,1416,12,1428,36
2021-07-15,Kern,029,883053,98720,97796,11312,109108,1348
2021-07-15,Kings,031,150075,23475,23163,1105,24268,246
2021-07-15,Lake,033,64148,3890,3760,14,3774,64
2021-07-15,Lassen,035,31185,5320,5302,118,5420,21
2021-07-15,Los Angeles,037,10098052,1232930,1219733,42691,1262424,24582
2021-07-15,Madera,039,155013,16998,16804,961,17765,240
2021-07-15,Marin,041,260295,14516,14297,266,14563,234
2021-07-15,Mariposa,043,17540,449,445,11,456,5
2021-07-15,Mendocino,045,87422,4326,4209,88,4297,49
2021-07-15,Merced,047,269075,31544,31451,1058,32509,471
2021-07-15,Modoc,049,8938,420,412,147,559,5
2021-07-15,Mono,051,14174,1275,1277,17,1294,3
2021-07-15,Monterey,053,433212,43599,43367,1885,45252,515
2021-07-15,Napa,055,140530,10220,10129,40,10169,81
2021-07-15,Nevada,057,99092,5182,5066,195,5261,72
2021-07-15,Orange,059,3164182,260300,257805,11755,269560,5136
2021-07-15,Placer,061,380077,24511,24169,1665,25834,303
2021-07-15,Plumas,063,18699,741,721,14,735,4
2021-07-15,Riverside,065,2383286,299105,294751,14227,308978,4542
2021-07-15,Sacramento,067,1510023,111763,110432,1981,112413,1694
2021-07-15,San Benito,069,59416,6183,6181,113,6294,63
2021-07-15,San Bernardino,071,2135413,298039,296048,9174,305222,5218
2021-07-15,San Diego,073,3302833,288540,285698,16244,301942,3786
2021-07-15,San Francisco,075,870044,38618,37978,1355,39333,560
2021-07-15,San Joaquin,077,732212,75409,74695,3711,78406,1430
2021-07-15,San Luis Obispo,079,281455,21783,21462,773,22235,258
2021-07-15,San Mateo,081,765935,43691,43324,520,43844,542
2021-07-15,Santa Barbara,083,443738,35069,34769,1141,35910,461
2021-07-15,Santa Clara,085,1922200,121281,119980,793,120773,2097
2021-07-15,Santa Cruz,087,273765,16500,16337,807,17144,207
2021-07-15,Shasta,089,179085,12769,12683,1682,14365,210
2021-07-15,Sierra,091,2930,66,62,12,74,0
2021-07-15,Siskiyou,093,43540,2022,1922,402,2324,29
2021-07-15,Solano,095,438530,34411,34015,630,34645,263
2021-07-15,Sonoma,097,501317,31837,31536,366,31902,322
2021-07-15,Stanislaus,099,539301,57807,57400,6086,63486,1028
2021-07-15,Sutter,101,95872,9830,9778,92,9870,114
2021-07-15,Tehama,103,63373,5201,5145,588,5733,64
2021-07-15,Trinity,105,12862,502,341,103,444,3
2021-07-15,Tulare,107,460477,50719,49937,9154,59091,854
2021-07-15,Tuolumne,109,53932,4156,4131,46,4177,64
2021-07-15,Ventura,111,848112,82844,82125,3244,85369,1041
2021-07-15,Yolo,113,214977,14546,14356,324,14680,213
2021-07-15,Yuba,115,75493,6403,6309,129,6438,52
2021-07-14,Alameda,001,1643700,92290,91092,2035,93127,1255
2021-07-14,Alpine,003,1148,88,89,0,89,0
2021-07-14,Amador,005,37829,3803,3784,33,3817,48
2021-07-14,Butte,007,227075,12993,12813,1910,14723,202
2021-07-14,Calaveras,009,45235,2252,2234,15,2249,57
2021-07-14,Colusa,011,21464,1993,1974,334,2308,16
2021-07-14,Contra Costa,013,1133247,73151,72091,1361,73452,823
2021-07-14,Del Norte,015,27424,1514,1472,14,1486,8
2021-07-14,El Dorado,017,186661,10778,10598,812,11410,114
2021-07-14,Fresno,019,978130,104340,102966,8829,111795,1728
2021-07-14,Glenn,021,27897,2470,2449,572,3021,20
2021-07-14,Humboldt,023,135768,4712,4644,56,4700,52
2021-07-14,Imperial,025,180216,28989,28822,2701,31523,742
2021-07-14,Inyo,027,18085,1422,1415,12,1427,36
2021-07-14,Kern,029,883053,98656,97736,11287,109023,1346
2021-07-14,Kings,031,150075,23462,23142,1105,24247,246
2021-07-14,Lake,033,64148,3857,3739,14,3753,63
2021-07-14,Lassen,035,31185,5319,5298,118,5416,21
2021-07-14,Los Angeles,037,10098052,1230914,1218265,42550,1260815,24578
2021-07-14,Madera,039,155013,16986,16786,959,17745,240
2021-07-14,Marin,041,260295,14482,14269,264,14533,233
2021-07-14,Mariposa,043,17540,447,445,11,456,5
2021-07-14,Mendocino,045,87422,4313,4193,88,4281,49
2021-07-14,Merced,047,269075,31507,31412,1055,32467,471
2021-07-14,Modoc,049,8938,420,412,147,559,4
2021-07-14,Mono,051,14174,1275,1278,17,1295,3
2021-07-14,Monterey,053,433212,43575,43347,1883,45230,504
2021-07-14,Napa,055,140530,10198,10121,40,10161,81
2021-07-14,Nevada,057,99092,5162,5058,195,5253,72
2021-07-14,Orange,059,3164182,259983,257558,11725,269283,5137
2021-07-14,Placer,061,380077,24458,24125,1653,25778,303
2021-07-14,Plumas,063,18699,734,719,14,733,4
2021-07-14,Riverside,065,2383286,298781,294511,14211,308722,4542
2021-07-14,Sacramento,067,1510023,111435,110193,1957,112150,1688
2021-07-14,San Benito,069,59416,6180,6177,113,6290,63
2021-07-14,San Bernardino,071,2135413,297739,295820,9159,304979,5193
2021-07-14,San Diego,073,3302833,287968,285269,16164,301433,3786
2021-07-14,San Francisco,075,870044,38479,37836,1350,39186,559
2021-07-14,San Joaquin,077,732212,75317,74599,3702,78301,1416
2021-07-14,San Luis Obispo,079,281455,21761,21444,771,22215,258
2021-07-14,San Mateo,081,765935,43592,43249,516,43765,542
2021-07-14,Santa Barbara,083,443738,35027,34719,1139,35858,461
2021-07-14,Santa Clara,085,1922200,121131,119844,790,120634,2098
2021-07-14,Santa Cruz,087,273765,16488,16326,807,17133,207
2021-07-14,Shasta,089,179085,12749,12669,1679,14348,209
2021-07-14,Sierra,091,2930,66,62,12,74,0
2021-07-14,Siskiyou,093,43540,2015,1922,399,2321,29
2021-07-14,Solano,095,438530,34338,33948,630,34578,268
2021-07-14,Sonoma,097,501317,31785,31470,366,31836,322
2021-07-14,Stanislaus,099,539301,57732,57340,6074,63414,1028
2021-07-14,Sutter,101,95872,9808,9766,92,9858,114
2021-07-14,Tehama,103,63373,5199,5142,588,5730,64
2021-07-14,Trinity,105,12862,502,341,103,444,3
2021-07-14,Tulare,107,460477,50702,49908,9140,59048,853
2021-07-14,Tuolumne,109,53932,4153,4128,45,4173,64
2021-07-14,Ventura,111,848112,82750,82041,3233,85274,1040
2021-07-14,Yolo,113,214977,14513,14332,321,14653,213
2021-07-14,Yuba,115,75493,6385,6294,129,6423,52
2021-07-13,Alameda,001,1643700,92026,90874,2025,92899,1255
2021-07-13,Alpine,003,1148,88,89,0,89,0
2021-07-13,Amador,005,37829,3796,3783,33,3816,48
2021-07-13,Butte,007,227075,12979,12802,1909,14711,202
2021-07-13,Calaveras,009,45235,2248,2230,15,2245,57
2021-07-13,Colusa,011,21464,1991,1972,331,2303,16
2021-07-13,Contra Costa,013,1133247,72926,71963,1352,73315,823
2021-07-13,Del Norte,015,27424,1510,1471,14,1485,8
2021-07-13,El Dorado,017,186661,10761,10581,810,11391,114
2021-07-13,Fresno,019,978130,104265,102909,8819,111728,1727
2021-07-13,Glenn,021,27897,2468,2448,572,3020,20
2021-07-13,Humboldt,023,135768,4697,4634,56,4690,51
2021-07-13,Imperial,025,180216,28978,28792,2701,31493,741
2021-07-13,Inyo,027,18085,1421,1415,12,1427,36
2021-07-13,Kern,029,883053,98567,97698,11248,108946,1346
2021-07-13,Kings,031,150075,23444,23132,1105,24237,246
2021-07-13,Lake,033,64148,3830,3719,13,3732,63
2021-07-13,Lassen,035,31185,5317,5292,118,5410,21
2021-07-13,Los Angeles,037,10098052,1229063,1217184,42380,1259564,24569
2021-07-13,Madera,039,155013,16976,16773,955,17728,240
2021-07-13,Marin,041,260295,14453,14254,263,14517,233
2021-07-13,Mariposa,043,17540,446,443,11,454,5
2021-07-13,Mendocino,045,87422,4306,4185,88,4273,49
2021-07-13,Merced,047,269075,31486,31379,1052,32431,471
2021-07-13,Modoc,049,8938,420,411,147,558,4
2021-07-13,Mono,051,14174,1274,1277,17,1294,3
2021-07-13,Monterey,053,433212,43557,43333,1879,45212,504
2021-07-13,Napa,055,140530,10177,10118,40,10158,81
2021-07-13,Nevada,057,99092,5137,5053,195,5248,72
2021-07-13,Orange,059,3164182,259653,257339,11697,269036,5136
2021-07-13,Placer,061,380077,24412,24091,1640,25731,303
2021-07-13,Plumas,063,18699,733,716,14,730,4
2021-07-13,Riverside,065,2383286,298458,294302,14184,308486,4541
2021-07-13,Sacramento,067,1510023,111124,109990,1934,111924,1687
2021-07-13,San Benito,069,59416,6178,6173,113,6286,63
2021-07-13,San Bernardino,071,2135413,297462,295596,9137,304733,5183
2021-07-13,San Diego,073,3302833,287420,284997,16085,301082,3785
2021-07-13,San Francisco,075,870044,38335,37725,1344,39069,559
2021-07-13,San Joaquin,077,732212,75201,74500,3699,78199,1417
2021-07-13,San Luis Obispo,079,281455,21735,21423,768,22191,258
2021-07-13,San Mateo,081,765935,43523,43180,515,43695,542
2021-07-13,Santa Barbara,083,443738,34978,34679,1136,35815,461
2021-07-13,Santa Clara,085,1922200,120978,119727,786,120513,2098
2021-07-13,Santa Cruz,087,273765,16479,16315,805,17120,207
2021-07-13,Shasta,089,179085,12736,12659,1672,14331,209
2021-07-13,Sierra,091,2930,66,62,12,74,0
2021-07-13,Siskiyou,093,43540,2014,1916,397,2313,29
2021-07-13,Solano,095,438530,34273,33918,624,34542,268
2021-07-13,Sonoma,097,501317,31726,31431,366,31797,322
2021-07-13,Stanislaus,099,539301,57662,57282,6059,63341,1028
2021-07-13,Sutter,101,95872,9790,9752,91,9843,114
2021-07-13,Tehama,103,63373,5192,5144,588,5732,64
2021-07-13,Trinity,105,12862,502,341,102,443,3
2021-07-13,Tulare,107,460477,50677,49891,9124,59015,853
2021-07-13,Tuolumne,109,53932,4145,4122,44,4166,64
2021-07-13,Ventura,111,848112,82665,81982,3208,85190,1040
2021-07-13,Yolo,113,214977,14485,14320,315,14635,213
2021-07-13,Yuba,115,75493,6368,6279,129,6408,52
2021-07-12,Alameda,001,1643700,91768,90720,2018,92738,1254
2021-07-12,Alpine,003,1148,88,89,0,89,0
2021-07-12,Amador,005,37829,3789,3781,33,3814,47
2021-07-12,Butte,007,227075,12959,12796,1907,14703,202
2021-07-12,Calaveras,009,45235,2246,2228,15,2243,57
2021-07-12,Colusa,011,21464,1987,1971,330,2301,16
2021-07-12,Contra Costa,013,1133247,72722,71833,1347,73180,823
2021-07-12,Del Norte,015,27424,1507,1469,14,1483,8
2021-07-12,El Dorado,017,186661,10732,10569,808,11377,114
2021-07-12,Fresno,019,978130,104170,102853,8807,111660,1728
2021-07-12,Glenn,021,27897,2468,2446,572,3018,20
2021-07-12,Humboldt,023,135768,4681,4621,56,4677,51
2021-07-12,Imperial,025,180216,28948,28789,2701,31490,741
2021-07-12,Inyo,027,18085,1421,1415,12,1427,36
2021-07-12,Kern,029,883053,98498,97660,11223,108883,1346
2021-07-12,Kings,031,150075,23424,23124,1103,24227,246
2021-07-12,Lake,033,64148,3809,3706,13,3719,63
2021-07-12,Lassen,035,31185,5316,5292,118,5410,21
2021-07-12,Los Angeles,037,10098052,1227266,1216230,42247,1258477,24559
2021-07-12,Madera,039,155013,16965,16772,955,17727,240
2021-07-12,Marin,041,260295,14428,14238,262,14500,233
2021-07-12,Mariposa,043,17540,446,442,11,453,5
2021-07-12,Mendocino,045,87422,4295,4175,88,4263,49
2021-07-12,Merced,047,269075,31455,31374,1051,32425,471
2021-07-12,Modoc,049,8938,419,411,147,558,4
2021-07-12,Mono,051,14174,1272,1275,17,1292,3
2021-07-12,Monterey,053,433212,43536,43315,1875,45190,504
2021-07-12,Napa,055,140530,10159,10104,39,10143,81
2021-07-12,Nevada,057,99092,5114,5046,195,5241,72
2021-07-12,Orange,059,3164182,259299,257171,11674,268845,5136
2021-07-12,Placer,061,380077,24361,24052,1634,25686,302
2021-07-12,Plumas,063,18699,733,716,14,730,4
2021-07-12,Riverside,065,2383286,298150,294108,14155,308263,4541
2021-07-12,Sacramento,067,1510023,110909,109849,1909,111758,1685
2021-07-12,San Benito,069,59416,6175,6166,113,6279,63
2021-07-12,San Bernardino,071,2135413,297190,295447,9122,304569,5171
2021-07-12,San Diego,073,3302833,286951,284648,16009,300657,3785
2021-07-12,San Francisco,075,870044,38189,37656,1341,38997,559
2021-07-12,San Joaquin,077,732212,75107,74424,3689,78113,1415
2021-07-12,San Luis Obispo,079,281455,21716,21408,767,22175,258
2021-07-12,San Mateo,081,765935,43429,43138,508,43646,542
2021-07-12,Santa Barbara,083,443738,34935,34664,1134,35798,461
2021-07-12,Santa Clara,085,1922200,120813,119634,783,120417,2098
2021-07-12,Santa Cruz,087,273765,16454,16310,804,17114,207
2021-07-12,Shasta,089,179085,12729,12648,1669,14317,208
2021-07-12,Sierra,091,2930,66,62,12,74,0
2021-07-12,Siskiyou,093,43540,2009,1916,392,2308,29
2021-07-12,Solano,095,438530,34183,33859,615,34474,268
2021-07-12,Sonoma,097,501317,31678,31377,365,31742,322
2021-07-12,Stanislaus,099,539301,57592,57243,6052,63295,1028
2021-07-12,Sutter,101,95872,9773,9736,90,9826,114
2021-07-12,Tehama,103,63373,5187,5138,587,5725,63
2021-07-12,Trinity,105,12862,498,340,100,440,3
2021-07-12,Tulare,107,460477,50649,49882,9111,58993,853
2021-07-12,Tuolumne,109,53932,4141,4116,44,4160,64
2021-07-12,Ventura,111,848112,82564,81919,3187,85106,1040
2021-07-12,Yolo,113,214977,14457,14303,311,14614,213
2021-07-12,Yuba,115,75493,6353,6266,129,6395,52
2021-07-11,Alameda,001,1643700,91438,90597,2006,92603,1254
2021-07-11,Alpine,003,1148,88,89,0,89,0
2021-07-11,Amador,005,37829,3787,3779,33,3812,47
2021-07-11,Butte,007,227075,12937,12794,1901,14695,202
2021-07-11,Calaveras,009,45235,2244,2226,14,2240,57
2021-07-11,Colusa,011,21464,1986,1971,329,2300,16
2021-07-11,Contra Costa,013,1133247,72512,71744,1340,73084,823
2021-07-11,Del Norte,015,27424,1503,1467,13,1480,8
2021-07-11,El Dorado,017,186661,10703,10554,806,11360,114
2021-07-11,Fresno,019,978130,104075,102813,8787,111600,1728
2021-07-11,Glenn,021,27897,2467,2446,572,3018,20
2021-07-11,Humboldt,023,135768,4668,4611,55,4666,51
2021-07-11,Imperial,025,180216,28930,28787,2700,31487,741
2021-07-11,Inyo,027,18085,1419,1415,12,1427,36
2021-07-11,Kern,029,883053,98425,97637,11207,108844,1346
2021-07-11,Kings,031,150075,23393,23116,1100,24216,246
2021-07-11,Lake,033,64148,3778,3699,13,3712,63
2021-07-11,Lassen,035,31185,5313,5291,118,5409,21
2021-07-11,Los Angeles,037,10098052,1225509,1215182,42091,1257273,24558
2021-07-11,Madera,039,155013,16946,16766,954,17720,240
2021-07-11,Marin,041,260295,14402,14231,262,14493,233
2021-07-11,Mariposa,043,17540,445,442,11,453,5
2021-07-11,Mendocino,045,87422,4275,4167,88,4255,49
2021-07-11,Merced,047,269075,31431,31366,1046,32412,471
2021-07-11,Modoc,049,8938,418,411,147,558,4
2021-07-11,Mono,051,14174,1272,1275,17,1292,3
2021-07-11,Monterey,053,433212,43517,43307,1871,45178,504
2021-07-11,Napa,055,140530,10155,10100,39,10139,81
2021-07-11,Nevada,057,99092,5103,5035,194,5229,72
2021-07-11,Orange,059,3164182,258987,257009,11646,268655,5136
2021-07-11,Placer,061,380077,24304,24017,1622,25639,302
2021-07-11,Plumas,063,18699,733,716,14,730,4
2021-07-11,Riverside,065,2383286,297886,293969,14137,308106,4541
2021-07-11,Sacramento,067,1510023,110630,109696,1899,111595,1685
2021-07-11,San Benito,069,59416,6170,6163,113,6276,63
2021-07-11,San Bernardino,071,2135413,296884,295342,9097,304439,5167
2021-07-11,San Diego,073,3302833,286537,283819,15923,299742,3784
2021-07-11,San Francisco,075,870044,38060,37596,1335,38931,559
2021-07-11,San Joaquin,077,732212,74990,74376,3672,78048,1415
2021-07-11,San Luis Obispo,079,281455,21683,21403,766,22169,258
2021-07-11,San Mateo,081,765935,43350,43107,502,43609,542
2021-07-11,Santa Barbara,083,443738,34888,34646,1134,35780,461
2021-07-11,Santa Clara,085,1922200,120659,119549,782,120331,2098
2021-07-11,Santa Cruz,087,273765,16438,16303,804,17107,207
2021-07-11,Shasta,089,179085,12712,12647,1667,14314,208
2021-07-11,Sierra,091,2930,66,62,12,74,0
2021-07-11,Siskiyou,093,43540,2005,1915,390,2305,29
2021-07-11,Solano,095,438530,34101,33837,611,34448,268
2021-07-11,Sonoma,097,501317,31596,31352,365,31717,322
2021-07-11,Stanislaus,099,539301,57526,57230,6041,63271,1028
2021-07-11,Sutter,101,95872,9759,9728,90,9818,114
2021-07-11,Tehama,103,63373,5184,5138,587,5725,63
2021-07-11,Trinity,105,12862,497,340,100,440,3
2021-07-11,Tulare,107,460477,50624,49877,9093,58970,853
2021-07-11,Tuolumne,109,53932,4135,4116,44,4160,64
2021-07-11,Ventura,111,848112,82491,81875,3167,85042,1040
2021-07-11,Yolo,113,214977,14432,14285,305,14590,213
2021-07-11,Yuba,115,75493,6342,6260,129,6389,52
2021-07-10,Alameda,001,1643700,91286,90090,2002,92092,1252
2021-07-10,Alpine,003,1148,88,89,0,89,0
2021-07-10,Amador,005,37829,3781,3773,33,3806,47
2021-07-10,Butte,007,227075,12927,12764,1898,14662,202
2021-07-10,Calaveras,009,45235,2243,2214,14,2228,57
2021-07-10,Colusa,011,21464,1984,1969,329,2298,16
2021-07-10,Contra Costa,013,1133247,72412,71376,1339,72715,821
2021-07-10,Del Norte,015,27424,1501,1451,13,1464,8
2021-07-10,El Dorado,017,186661,10686,10508,803,11311,114
2021-07-10,Fresno,019,978130,104042,102675,8780,111455,1730
2021-07-10,Glenn,021,27897,2464,2440,571,3011,20
2021-07-10,Humboldt,023,135768,4659,4574,55,4629,51
2021-07-10,Imperial,025,180216,28917,28729,2700,31429,741
2021-07-10,Inyo,027,18085,1418,1415,12,1427,36
2021-07-10,Kern,029,883053,98385,97538,11190,108728,1346
2021-07-10,Kings,031,150075,23386,23090,1099,24189,246
2021-07-10,Lake,033,64148,3761,3667,13,3680,63
2021-07-10,Lassen,035,31185,5313,5290,118,5408,21
2021-07-10,Los Angeles,037,10098052,1224482,1212043,41988,1254031,24542
2021-07-10,Madera,039,155013,16940,16744,951,17695,241
2021-07-10,Marin,041,260295,14388,14194,262,14456,233
2021-07-10,Mariposa,043,17540,445,442,11,453,5
2021-07-10,Mendocino,045,87422,4268,4153,87,4240,49
2021-07-10,Merced,047,269075,31418,31328,1046,32374,470
2021-07-10,Modoc,049,8938,418,410,147,557,4
2021-07-10,Mono,051,14174,1272,1275,17,1292,3
2021-07-10,Monterey,053,433212,43503,43251,1869,45120,499
2021-07-10,Napa,055,140530,10143,10077,39,10116,81
2021-07-10,Nevada,057,99092,5094,5000,194,5194,72
2021-07-10,Orange,059,3164182,258809,256438,11630,268068,5135
2021-07-10,Placer,061,380077,24275,23916,1612,25528,302
2021-07-10,Plumas,063,18699,732,717,14,731,4
2021-07-10,Riverside,065,2383286,297696,293474,14124,307598,4541
2021-07-10,Sacramento,067,1510023,110481,109091,1893,110984,1682
2021-07-10,San Benito,069,59416,6165,6141,113,6254,63
2021-07-10,San Bernardino,071,2135413,296696,294932,9084,304016,5117
2021-07-10,San Diego,073,3302833,286247,283577,15870,299447,3783
2021-07-10,San Francisco,075,870044,37977,37338,1332,38670,559
2021-07-10,San Joaquin,077,732212,74933,74150,3666,77816,1412
2021-07-10,San Luis Obispo,079,281455,21672,21375,765,22140,258
2021-07-10,San Mateo,081,765935,43298,42948,500,43448,542
2021-07-10,Santa Barbara,083,443738,34861,34595,1134,35729,460
2021-07-10,Santa Clara,085,1922200,120556,119330,779,120109,2094
2021-07-10,Santa Cruz,087,273765,16431,16286,804,17090,207
2021-07-10,Shasta,089,179085,12699,12623,1662,14285,206
2021-07-10,Sierra,091,2930,66,61,12,73,0
2021-07-10,Siskiyou,093,43540,2003,1909,387,2296,29
2021-07-10,Solano,095,438530,34059,33678,605,34283,268
2021-07-10,Sonoma,097,501317,31545,31231,365,31596,317
2021-07-10,Stanislaus,099,539301,57490,57104,6031,63135,1026
2021-07-10,Sutter,101,95872,9747,9692,90,9782,114
2021-07-10,Tehama,103,63373,5181,5131,587,5718,63
2021-07-10,Trinity,105,12862,497,341,100,441,3
2021-07-10,Tulare,107,460477,50614,49850,9087,58937,853
2021-07-10,Tuolumne,109,53932,4133,4114,44,4158,64
2021-07-10,Ventura,111,848112,82446,81713,3149,84862,1039
2021-07-10,Yolo,113,214977,14411,14250,302,14552,213
2021-07-10,Yuba,115,75493,6332,6238,129,6367,52
2021-07-09,Alameda,001,1643700,91127,90090,1997,92087,1252
2021-07-09,Alpine,003,1148,88,89,0,89,0
2021-07-09,Amador,005,37829,3780,3773,33,3806,47
2021-07-09,Butte,007,227075,12915,12764,1896,14660,202
2021-07-09,Calaveras,009,45235,2241,2214,14,2228,57
2021-07-09,Colusa,011,21464,1983,1969,329,2298,16
2021-07-09,Contra Costa,013,1133247,72286,71376,1337,72713,821
2021-07-09,Del Norte,015,27424,1496,1451,13,1464,8
2021-07-09,El Dorado,017,186661,10671,10508,802,11310,114
2021-07-09,Fresno,019,978130,103987,102675,8773,111448,1730
2021-07-09,Glenn,021,27897,2463,2440,569,3009,20
2021-07-09,Humboldt,023,135768,4640,4574,55,4629,51
2021-07-09,Imperial,025,180216,28909,28729,2699,31428,741
2021-07-09,Inyo,027,18085,1417,1415,12,1427,36
2021-07-09,Kern,029,883053,98347,97538,11178,108716,1346
2021-07-09,Kings,031,150075,23375,23090,1098,24188,246
2021-07-09,Lake,033,64148,3747,3667,13,3680,63
2021-07-09,Lassen,035,31185,5311,5290,117,5407,21
2021-07-09,Los Angeles,037,10098052,1223477,1212043,41917,1253960,24542
2021-07-09,Madera,039,155013,16930,16744,950,17694,241
2021-07-09,Marin,041,260295,14367,14194,261,14455,233
2021-07-09,Mariposa,043,17540,445,442,11,453,5
2021-07-09,Mendocino,045,87422,4261,4153,87,4240,49
2021-07-09,Merced,047,269075,31403,31328,1046,32374,470
2021-07-09,Modoc,049,8938,418,410,147,557,4
2021-07-09,Mono,051,14174,1272,1275,17,1292,3
2021-07-09,Monterey,053,433212,43494,43251,1869,45120,499
2021-07-09,Napa,055,140530,10136,10077,39,10116,81
2021-07-09,Nevada,057,99092,5085,5000,194,5194,72
2021-07-09,Orange,059,3164182,258603,256438,11616,268054,5135
2021-07-09,Placer,061,380077,24253,23916,1606,25522,302
2021-07-09,Plumas,063,18699,730,717,14,731,4
2021-07-09,Riverside,065,2383286,297510,293474,14111,307585,4541
2021-07-09,Sacramento,067,1510023,110327,109091,1884,110975,1682
2021-07-09,San Benito,069,59416,6163,6141,113,6254,63
2021-07-09,San Bernardino,071,2135413,296544,294932,9077,304009,5117
2021-07-09,San Diego,073,3302833,285958,283577,15822,299399,3783
2021-07-09,San Francisco,075,870044,37897,37338,1325,38663,559
2021-07-09,San Joaquin,077,732212,74859,74150,3659,77809,1412
2021-07-09,San Luis Obispo,079,281455,21660,21375,765,22140,258
2021-07-09,San Mateo,081,765935,43254,42948,496,43444,542
2021-07-09,Santa Barbara,083,443738,34840,34595,1133,35728,460
2021-07-09,Santa Clara,085,1922200,120445,119330,779,120109,2094
2021-07-09,Santa Cruz,087,273765,16428,16286,804,17090,207
2021-07-09,Shasta,089,179085,12693,12623,1657,14280,206
2021-07-09,Sierra,091,2930,66,61,12,73,0
2021-07-09,Siskiyou,093,43540,2001,1909,386,2295,29
2021-07-09,Solano,095,438530,34023,33678,601,34279,268
2021-07-09,Sonoma,097,501317,31509,31231,365,31596,317
2021-07-09,Stanislaus,099,539301,57461,57104,6029,63133,1026
2021-07-09,Sutter,101,95872,9738,9692,90,9782,114
2021-07-09,Tehama,103,63373,5179,5131,587,5718,63
2021-07-09,Trinity,105,12862,496,341,97,438,3
2021-07-09,Tulare,107,460477,50601,49850,9081,58931,853
2021-07-09,Tuolumne,109,53932,4129,4114,44,4158,64
2021-07-09,Ventura,111,848112,82391,81713,3140,84853,1039
2021-07-09,Yolo,113,214977,14396,14250,298,14548,213
2021-07-09,Yuba,115,75493,6319,6238,129,6367,52
2021-07-08,Alameda,001,1643700,90920,90090,1994,92084,1252
2021-07-08,Alpine,003,1148,88,89,0,89,0
2021-07-08,Amador,005,37829,3778,3773,33,3806,47
2021-07-08,Butte,007,227075,12902,12764,1893,14657,202
2021-07-08,Calaveras,009,45235,2238,2214,13,2227,57
2021-07-08,Colusa,011,21464,1983,1969,329,2298,16
2021-07-08,Contra Costa,013,1133247,72158,71376,1332,72708,821
2021-07-08,Del Norte,015,27424,1494,1451,13,1464,8
2021-07-08,El Dorado,017,186661,10654,10508,795,11303,114
2021-07-08,Fresno,019,978130,103924,102675,8762,111437,1730
2021-07-08,Glenn,021,27897,2463,2440,569,3009,20
2021-07-08,Humboldt,023,135768,4624,4574,54,4628,51
2021-07-08,Imperial,025,180216,28897,28729,2698,31427,741
2021-07-08,Inyo,027,18085,1417,1415,12,1427,36
2021-07-08,Kern,029,883053,98299,97538,11163,108701,1346
2021-07-08,Kings,031,150075,23366,23090,1098,24188,246
2021-07-08,Lake,033,64148,3733,3667,13,3680,63
2021-07-08,Lassen,035,31185,5308,5290,117,5407,21
2021-07-08,Los Angeles,037,10098052,1222264,1212043,41823,1253866,24542
2021-07-08,Madera,039,155013,16914,16744,950,17694,241
2021-07-08,Marin,041,260295,14353,14194,261,14455,233
2021-07-08,Mariposa,043,17540,444,442,11,453,5
2021-07-08,Mendocino,045,87422,4258,4153,87,4240,49
2021-07-08,Merced,047,269075,31389,31328,1044,32372,470
2021-07-08,Modoc,049,8938,418,410,147,557,4
2021-07-08,Mono,051,14174,1272,1275,17,1292,3
2021-07-08,Monterey,053,433212,43474,43251,1863,45114,499
2021-07-08,Napa,055,140530,10132,10077,39,10116,81
2021-07-08,Nevada,057,99092,5079,5000,194,5194,72
2021-07-08,Orange,059,3164182,258408,256438,11594,268032,5135
2021-07-08,Placer,061,380077,24214,23916,1598,25514,302
2021-07-08,Plumas,063,18699,729,717,14,731,4
2021-07-08,Riverside,065,2383286,297309,293474,14095,307569,4541
2021-07-08,Sacramento,067,1510023,110105,109091,1879,110970,1682
2021-07-08,San Benito,069,59416,6160,6141,113,6254,63
2021-07-08,San Bernardino,071,2135413,296369,294932,9068,304000,5117
2021-07-08,San Diego,073,3302833,285631,283577,15774,299351,3783
2021-07-08,San Francisco,075,870044,37817,37338,1321,38659,559
2021-07-08,San Joaquin,077,732212,74771,74150,3646,77796,1412
2021-07-08,San Luis Obispo,079,281455,21648,21375,762,22137,258
2021-07-08,San Mateo,081,765935,43203,42948,495,43443,542
2021-07-08,Santa Barbara,083,443738,34813,34595,1131,35726,460
2021-07-08,Santa Clara,085,1922200,120352,119330,778,120108,2094
2021-07-08,Santa Cruz,087,273765,16422,16286,804,17090,207
2021-07-08,Shasta,089,179085,12687,12623,1653,14276,206
2021-07-08,Sierra,091,2930,66,61,12,73,0
2021-07-08,Siskiyou,093,43540,1996,1909,383,2292,29
2021-07-08,Solano,095,438530,33968,33678,595,34273,268
2021-07-08,Sonoma,097,501317,31478,31231,364,31595,317
2021-07-08,Stanislaus,099,539301,57434,57104,6025,63129,1026
2021-07-08,Sutter,101,95872,9724,9692,88,9780,114
2021-07-08,Tehama,103,63373,5176,5131,586,5717,63
2021-07-08,Trinity,105,12862,496,341,97,438,3
2021-07-08,Tulare,107,460477,50583,49850,9074,58924,853
2021-07-08,Tuolumne,109,53932,4127,4114,44,4158,64
2021-07-08,Ventura,111,848112,82327,81713,3124,84837,1039
2021-07-08,Yolo,113,214977,14376,14250,296,14546,213
2021-07-08,Yuba,115,75493,6311,6238,129,6367,52
2021-07-07,Alameda,001,1643700,90736,89995,1988,91983,1253
2021-07-07,Alpine,003,1148,88,89,0,89,0
2021-07-07,Amador,005,37829,3773,3770,33,3803,47
2021-07-07,Butte,007,227075,12889,12750,1888,14638,202
2021-07-07,Calaveras,009,45235,2231,2212,13,2225,57
2021-07-07,Colusa,011,21464,1979,1969,329,2298,16
2021-07-07,Contra Costa,013,1133247,72011,71308,1330,72638,821
2021-07-07,Del Norte,015,27424,1489,1446,13,1459,8
2021-07-07,El Dorado,017,186661,10634,10494,793,11287,114
2021-07-07,Fresno,019,978130,103874,102639,8755,111394,1729
2021-07-07,Glenn,021,27897,2463,2441,569,3010,20
2021-07-07,Humboldt,023,135768,4610,4566,54,4620,51
2021-07-07,Imperial,025,180216,28890,28701,2698,31399,740
2021-07-07,Inyo,027,18085,1416,1415,12,1427,36
2021-07-07,Kern,029,883053,98255,97507,11148,108655,1348
2021-07-07,Kings,031,150075,23353,23085,1095,24180,245
2021-07-07,Lake,033,64148,3714,3660,13,3673,63
2021-07-07,Lassen,035,31185,5308,5286,117,5403,21
2021-07-07,Los Angeles,037,10098052,1221083,1211316,41720,1253036,24531
2021-07-07,Madera,039,155013,16903,16733,948,17681,241
2021-07-07,Marin,041,260295,14334,14183,260,14443,233
2021-07-07,Mariposa,043,17540,442,442,11,453,5
2021-07-07,Mendocino,045,87422,4249,4145,87,4232,49
2021-07-07,Merced,047,269075,31374,31317,1044,32361,470
2021-07-07,Modoc,049,8938,418,410,147,557,4
2021-07-07,Mono,051,14174,1271,1274,17,1291,3
2021-07-07,Monterey,053,433212,43450,43233,1861,45094,494
2021-07-07,Napa,055,140530,10121,10078,39,10117,81
2021-07-07,Nevada,057,99092,5072,4996,194,5190,72
2021-07-07,Orange,059,3164182,258182,256301,11573,267874,5132
2021-07-07,Placer,061,380077,24178,23901,1588,25489,302
2021-07-07,Plumas,063,18699,729,710,14,724,4
2021-07-07,Riverside,065,2383286,297095,293331,14085,307416,4538
2021-07-07,Sacramento,067,1510023,109914,108954,1871,110825,1682
2021-07-07,San Benito,069,59416,6155,6137,113,6250,63
2021-07-07,San Bernardino,071,2135413,296200,294787,9061,303848,5087
2021-07-07,San Diego,073,3302833,285311,283377,15734,299111,3782
2021-07-07,San Francisco,075,870044,37725,37284,1318,38602,558
2021-07-07,San Joaquin,077,732212,74695,74095,3631,77726,1410
2021-07-07,San Luis Obispo,079,281455,21639,21360,760,22120,258
2021-07-07,San Mateo,081,765935,43149,42908,492,43400,542
2021-07-07,Santa Barbara,083,443738,34787,34582,1131,35713,460
2021-07-07,Santa Clara,085,1922200,120254,119250,777,120027,2094
2021-07-07,Santa Cruz,087,273765,16413,16279,803,17082,207
2021-07-07,Shasta,089,179085,12679,12613,1650,14263,206
2021-07-07,Sierra,091,2930,66,60,12,72,0
2021-07-07,Siskiyou,093,43540,1990,1908,379,2287,29
2021-07-07,Solano,095,438530,33919,33659,588,34247,268
2021-07-07,Sonoma,097,501317,31432,31172,364,31536,316
2021-07-07,Stanislaus,099,539301,57402,57102,6020,63122,1028
2021-07-07,Sutter,101,95872,9714,9683,88,9771,114
2021-07-07,Tehama,103,63373,5175,5129,586,5715,63
2021-07-07,Trinity,105,12862,496,341,97,438,3
2021-07-07,Tulare,107,460477,50579,49835,9065,58900,853
2021-07-07,Tuolumne,109,53932,4123,4115,43,4158,64
2021-07-07,Ventura,111,848112,82283,81608,3110,84718,1036
2021-07-07,Yolo,113,214977,14365,14236,293,14529,213
2021-07-07,Yuba,115,75493,6295,6233,129,6362,51
2021-07-06,Alameda,001,1643700,90541,89918,1980,91898,1253
2021-07-06,Alpine,003,1148,88,89,0,89,0
2021-07-06,Amador,005,37829,3772,3768,32,3800,47
2021-07-06,Butte,007,227075,12876,12744,1885,14629,201
2021-07-06,Calaveras,009,45235,2231,2211,13,2224,55
2021-07-06,Colusa,011,21464,1978,1967,326,2293,16
2021-07-06,Contra Costa,013,1133247,71882,71262,1327,72589,820
2021-07-06,Del Norte,015,27424,1485,1445,13,1458,8
2021-07-06,El Dorado,017,186661,10616,10484,791,11275,113
2021-07-06,Fresno,019,978130,103822,102616,8743,111359,1727
2021-07-06,Glenn,021,27897,2462,2438,569,3007,20
2021-07-06,Humboldt,023,135768,4596,4565,53,4618,49
2021-07-06,Imperial,025,180216,28875,28693,2696,31389,739
2021-07-06,Inyo,027,18085,1416,1412,12,1424,36
2021-07-06,Kern,029,883053,98213,97491,11137,108628,1346
2021-07-06,Kings,031,150075,23345,23077,1094,24171,245
2021-07-06,Lake,033,64148,3704,3659,13,3672,63
2021-07-06,Lassen,035,31185,5307,5288,116,5404,21
2021-07-06,Los Angeles,037,10098052,1219866,1210965,41622,1252587,24525
2021-07-06,Madera,039,155013,16891,16730,948,17678,241
2021-07-06,Marin,041,260295,14320,14181,260,14441,233
2021-07-06,Mariposa,043,17540,442,442,11,453,5
2021-07-06,Mendocino,045,87422,4242,4143,87,4230,49
2021-07-06,Merced,047,269075,31357,31317,1043,32360,470
2021-07-06,Modoc,049,8938,418,411,147,558,4
2021-07-06,Mono,051,14174,1270,1274,17,1291,3
2021-07-06,Monterey,053,433212,43428,43224,1859,45083,494
2021-07-06,Napa,055,140530,10110,10081,39,10120,81
2021-07-06,Nevada,057,99092,5063,4988,194,5182,72
2021-07-06,Orange,059,3164182,257938,256227,11556,267783,5129
2021-07-06,Placer,061,380077,24137,23876,1582,25458,302
2021-07-06,Plumas,063,18699,728,708,14,722,4
2021-07-06,Riverside,065,2383286,296893,293227,14067,307294,4539
2021-07-06,Sacramento,067,1510023,109703,108850,1863,110713,1679
2021-07-06,San Benito,069,59416,6151,6137,113,6250,63
2021-07-06,San Bernardino,071,2135413,296021,294712,9048,303760,5056
2021-07-06,San Diego,073,3302833,284953,283278,15675,298953,3782
2021-07-06,San Francisco,075,870044,37610,37251,1317,38568,558
2021-07-06,San Joaquin,077,732212,74625,74019,3619,77638,1410
2021-07-06,San Luis Obispo,079,281455,21622,21354,758,22112,257
2021-07-06,San Mateo,081,765935,43074,42895,492,43387,541
2021-07-06,Santa Barbara,083,443738,34768,34572,1130,35702,460
2021-07-06,Santa Clara,085,1922200,120136,119194,774,119968,2095
2021-07-06,Santa Cruz,087,273765,16408,16274,802,17076,207
2021-07-06,Shasta,089,179085,12669,12606,1648,14254,205
2021-07-06,Sierra,091,2930,65,60,12,72,0
2021-07-06,Siskiyou,093,43540,1987,1905,375,2280,29
2021-07-06,Solano,095,438530,33868,33619,585,34204,268
2021-07-06,Sonoma,097,501317,31369,31130,363,31493,316
2021-07-06,Stanislaus,099,539301,57353,57120,6009,63129,1029
2021-07-06,Sutter,101,95872,9705,9674,87,9761,114
2021-07-06,Tehama,103,63373,5172,5126,585,5711,63
2021-07-06,Trinity,105,12862,496,341,97,438,3
2021-07-06,Tulare,107,460477,50564,49826,9055,58881,853
2021-07-06,Tuolumne,109,53932,4121,4113,43,4156,64
2021-07-06,Ventura,111,848112,82243,81534,3085,84619,1033
2021-07-06,Yolo,113,214977,14343,14227,290,14517,213
2021-07-06,Yuba,115,75493,6284,6231,129,6360,51
2021-07-05,Alameda,001,1643700,90364,89892,1975,91867,1253
2021-07-05,Alpine,003,1148,88,89,0,89,0
2021-07-05,Amador,005,37829,3770,3768,32,3800,47
2021-07-05,Butte,007,227075,12868,12740,1876,14616,201
2021-07-05,Calaveras,009,45235,2229,2211,13,2224,55
2021-07-05,Colusa,011,21464,1976,1966,325,2291,16
2021-07-05,Contra Costa,013,1133247,71754,71235,1327,72562,820
2021-07-05,Del Norte,015,27424,1481,1446,13,1459,8
2021-07-05,El Dorado,017,186661,10591,10481,791,11272,113
2021-07-05,Fresno,019,978130,103763,102592,8728,111320,1727
2021-07-05,Glenn,021,27897,2459,2438,568,3006,20
2021-07-05,Humboldt,023,135768,4582,4563,53,4616,49
2021-07-05,Imperial,025,180216,28856,28689,2696,31385,739
2021-07-05,Inyo,027,18085,1416,1412,12,1424,36
2021-07-05,Kern,029,883053,98165,97479,11116,108595,1346
2021-07-05,Kings,031,150075,23337,23065,1091,24156,245
2021-07-05,Lake,033,64148,3686,3645,13,3658,63
2021-07-05,Lassen,035,31185,5304,5288,115,5403,21
2021-07-05,Los Angeles,037,10098052,1218670,1210653,41520,1252173,24522
2021-07-05,Madera,039,155013,16880,16722,947,17669,241
2021-07-05,Marin,041,260295,14299,14178,260,14438,233
2021-07-05,Mariposa,043,17540,442,441,11,452,5
2021-07-05,Mendocino,045,87422,4237,4139,87,4226,49
2021-07-05,Merced,047,269075,31337,31312,1043,32355,470
2021-07-05,Modoc,049,8938,418,410,147,557,4
2021-07-05,Mono,051,14174,1270,1273,17,1290,3
2021-07-05,Monterey,053,433212,43408,43218,1854,45072,494
2021-07-05,Napa,055,140530,10104,10074,39,10113,81
2021-07-05,Nevada,057,99092,5045,4980,193,5173,72
2021-07-05,Orange,059,3164182,257737,256173,11538,267711,5129
2021-07-05,Placer,061,380077,24090,23867,1574,25441,302
2021-07-05,Plumas,063,18699,727,708,14,722,4
2021-07-05,Riverside,065,2383286,296702,293193,14055,307248,4539
2021-07-05,Sacramento,067,1510023,109521,108758,1854,110612,1679
2021-07-05,San Benito,069,59416,6144,6137,113,6250,63
2021-07-05,San Bernardino,071,2135413,295859,294647,9041,303688,5037
2021-07-05,San Diego,073,3302833,284590,282834,15631,298465,3782
2021-07-05,San Francisco,075,870044,37523,37237,1312,38549,558
2021-07-05,San Joaquin,077,732212,74555,73999,3614,77613,1410
2021-07-05,San Luis Obispo,079,281455,21608,21351,757,22108,257
2021-07-05,San Mateo,081,765935,43022,42876,489,43365,541
2021-07-05,Santa Barbara,083,443738,34748,34569,1130,35699,460
2021-07-05,Santa Clara,085,1922200,120030,119184,772,119956,2095
2021-07-05,Santa Cruz,087,273765,16399,16273,801,17074,208
2021-07-05,Shasta,089,179085,12660,12603,1646,14249,205
2021-07-05,Sierra,091,2930,65,60,12,72,0
2021-07-05,Siskiyou,093,43540,1985,1904,374,2278,29
2021-07-05,Solano,095,438530,33798,33612,579,34191,268
2021-07-05,Sonoma,097,501317,31316,31116,363,31479,316
2021-07-05,Stanislaus,099,539301,57323,57109,5998,63107,1029
2021-07-05,Sutter,101,95872,9693,9667,87,9754,114
2021-07-05,Tehama,103,63373,5171,5125,585,5710,63
2021-07-05,Trinity,105,12862,495,341,96,437,3
2021-07-05,Tulare,107,460477,50546,49818,9052,58870,853
2021-07-05,Tuolumne,109,53932,4117,4112,43,4155,64
2021-07-05,Ventura,111,848112,82192,81519,3066,84585,1033
2021-07-05,Yolo,113,214977,14323,14225,282,14507,213
2021-07-05,Yuba,115,75493,6276,6223,129,6352,51
2021-07-04,Alameda,001,1643700,90199,89683,1972,91655,1253
2021-07-04,Alpine,003,1148,88,89,0,89,0
2021-07-04,Amador,005,37829,3769,3758,32,3790,46
2021-07-04,Butte,007,227075,12858,12684,1876,14560,201
2021-07-04,Calaveras,009,45235,2225,2200,13,2213,55
2021-07-04,Colusa,011,21464,1976,1969,325,2294,15
2021-07-04,Contra Costa,013,1133247,71648,70941,1322,72263,818
2021-07-04,Del Norte,015,27424,1478,1439,13,1452,8
2021-07-04,El Dorado,017,186661,10582,10433,790,11223,113
2021-07-04,Fresno,019,978130,103717,102512,8713,111225,1727
2021-07-04,Glenn,021,27897,2457,2442,567,3009,20
2021-07-04,Humboldt,023,135768,4574,4530,53,4583,49
2021-07-04,Imperial,025,180216,28850,28661,2696,31357,739
2021-07-04,Inyo,027,18085,1416,1412,12,1424,35
2021-07-04,Kern,029,883053,98146,97421,11107,108528,1347
2021-07-04,Kings,031,150075,23329,23051,1091,24142,245
2021-07-04,Lake,033,64148,3676,3623,13,3636,62
2021-07-04,Lassen,035,31185,5303,5277,115,5392,20
2021-07-04,Los Angeles,037,10098052,1217808,1208705,41435,1250140,24506
2021-07-04,Madera,039,155013,16868,16696,946,17642,240
2021-07-04,Marin,041,260295,14284,14143,260,14403,233
2021-07-04,Mariposa,043,17540,442,441,11,452,5
2021-07-04,Mendocino,045,87422,4227,4122,87,4209,49
2021-07-04,Merced,047,269075,31326,31297,1043,32340,469
2021-07-04,Modoc,049,8938,418,410,147,557,4
2021-07-04,Mono,051,14174,1270,1275,17,1292,3
2021-07-04,Monterey,053,433212,43392,43212,1853,45065,492
2021-07-04,Napa,055,140530,10096,10045,38,10083,81
2021-07-04,Nevada,057,99092,5035,4966,193,5159,72
2021-07-04,Orange,059,3164182,257562,255823,11518,267341,5126
2021-07-04,Placer,061,380077,24053,23764,1568,25332,299
2021-07-04,Plumas,063,18699,727,707,14,721,4
2021-07-04,Riverside,065,2383286,296542,293260,14049,307309,4536
2021-07-04,Sacramento,067,1510023,109351,108257,1848,110105,1676
2021-07-04,San Benito,069,59416,6137,6108,113,6221,63
2021-07-04,San Bernardino,071,2135413,295691,294294,9034,303328,5003
2021-07-04,San Diego,073,3302833,284365,282692,15594,298286,3780
2021-07-04,San Francisco,075,870044,37464,37107,1306,38413,558
2021-07-04,San Joaquin,077,732212,74489,73841,3606,77447,1409
2021-07-04,San Luis Obispo,079,281455,21602,21330,756,22086,256
2021-07-04,San Mateo,081,765935,42988,42691,489,43180,541
2021-07-04,Santa Barbara,083,443738,34725,34526,1129,35655,456
2021-07-04,Santa Clara,085,1922200,119940,118966,771,119737,2090
2021-07-04,Santa Cruz,087,273765,16388,16254,801,17055,208
2021-07-04,Shasta,089,179085,12656,12582,1645,14227,204
2021-07-04,Sierra,091,2930,64,60,12,72,0
2021-07-04,Siskiyou,093,43540,1981,1899,373,2272,29
2021-07-04,Solano,095,438530,33757,33486,577,34063,268
2021-07-04,Sonoma,097,501317,31286,31000,363,31363,316
2021-07-04,Stanislaus,099,539301,57308,57018,5992,63010,1018
2021-07-04,Sutter,101,95872,9682,9644,87,9731,114
2021-07-04,Tehama,103,63373,5167,5124,585,5709,63
2021-07-04,Trinity,105,12862,494,341,96,437,3
2021-07-04,Tulare,107,460477,50536,49789,9049,58838,853
2021-07-04,Tuolumne,109,53932,4109,4113,43,4156,64
2021-07-04,Ventura,111,848112,82134,81425,3055,84480,1033
2021-07-04,Yolo,113,214977,14302,14188,279,14467,213
2021-07-04,Yuba,115,75493,6268,6197,129,6326,51
2021-07-03,Alameda,001,1643700,90112,89683,1964,91647,1253
2021-07-03,Alpine,003,1148,88,89,0,89,0
2021-07-03,Amador,005,37829,3769,3758,32,3790,46
2021-07-03,Butte,007,227075,12854,12684,1875,14559,201
2021-07-03,Calaveras,009,45235,2223,2200,13,2213,55
2021-07-03,Colusa,011,21464,1975,1969,325,2294,15
2021-07-03,Contra Costa,013,1133247,71588,70941,1319,72260,818
2021-07-03,Del Norte,015,27424,1475,1439,13,1452,8
2021-07-03,El Dorado,017,186661,10576,10433,788,11221,113
2021-07-03,Fresno,019,978130,103693,102512,8704,111216,1727
2021-07-03,Glenn,021,27897,2457,2442,567,3009,20
2021-07-03,Humboldt,023,135768,4569,4530,53,4583,49
2021-07-03,Imperial,025,180216,28840,28661,2696,31357,739
2021-07-03,Inyo,027,18085,1416,1412,12,1424,35
2021-07-03,Kern,029,883053,98126,97421,11099,108520,1347
2021-07-03,Kings,031,150075,23329,23051,1090,24141,245
2021-07-03,Lake,033,64148,3666,3623,13,3636,62
2021-07-03,Lassen,035,31185,5302,5277,115,5392,20
2021-07-03,Los Angeles,037,10098052,1217379,1208705,41404,1250109,24506
2021-07-03,Madera,039,155013,16859,16696,943,17639,240
2021-07-03,Marin,041,260295,14280,14143,260,14403,233
2021-07-03,Mariposa,043,17540,442,441,11,452,5
2021-07-03,Mendocino,045,87422,4226,4122,87,4209,49
2021-07-03,Merced,047,269075,31313,31297,1042,32339,469
2021-07-03,Modoc,049,8938,417,410,147,557,4
2021-07-03,Mono,051,14174,1269,1275,17,1292,3
2021-07-03,Monterey,053,433212,43380,43212,1851,45063,492
2021-07-03,Napa,055,140530,10091,10045,38,10083,81
2021-07-03,Nevada,057,99092,5021,4966,193,5159,72
2021-07-03,Orange,059,3164182,257478,255823,11511,267334,5126
2021-07-03,Placer,061,380077,24034,23764,1565,25329,299
2021-07-03,Plumas,063,18699,727,707,14,721,4
2021-07-03,Riverside,065,2383286,296450,293260,14045,307305,4536
2021-07-03,Sacramento,067,1510023,109277,108257,1845,110102,1676
2021-07-03,San Benito,069,59416,6130,6108,113,6221,63
2021-07-03,San Bernardino,071,2135413,295601,294294,9031,303325,5003
2021-07-03,San Diego,073,3302833,284234,282692,15575,298267,3780
2021-07-03,San Francisco,075,870044,37423,37107,1303,38410,558
2021-07-03,San Joaquin,077,732212,74453,73841,3601,77442,1409
2021-07-03,San Luis Obispo,079,281455,21590,21330,756,22086,256
2021-07-03,San Mateo,081,765935,42963,42691,488,43179,541
2021-07-03,Santa Barbara,083,443738,34716,34526,1128,35654,456
2021-07-03,Santa Clara,085,1922200,119893,118966,771,119737,2090
2021-07-03,Santa Cruz,087,273765,16381,16254,801,17055,208
2021-07-03,Shasta,089,179085,12652,12582,1643,14225,204
2021-07-03,Sierra,091,2930,64,60,12,72,0
2021-07-03,Siskiyou,093,43540,1980,1899,372,2271,29
2021-07-03,Solano,095,438530,33713,33486,577,34063,268
2021-07-03,Sonoma,097,501317,31252,31000,363,31363,316
2021-07-03,Stanislaus,099,539301,57297,57018,5985,63003,1018
2021-07-03,Sutter,101,95872,9672,9644,87,9731,114
2021-07-03,Tehama,103,63373,5165,5124,585,5709,63
2021-07-03,Trinity,105,12862,494,341,96,437,3
2021-07-03,Tulare,107,460477,50530,49789,9043,58832,853
2021-07-03,Tuolumne,109,53932,4108,4113,43,4156,64
2021-07-03,Ventura,111,848112,82104,81425,3047,84472,1033
2021-07-03,Yolo,113,214977,14292,14188,276,14464,213
2021-07-03,Yuba,115,75493,6262,6197,129,6326,51
2021-07-02,Alameda,001,1643700,90029,89683,1962,91645,1253
2021-07-02,Alpine,003,1148,88,89,0,89,0
2021-07-02,Amador,005,37829,3767,3758,32,3790,46
2021-07-02,Butte,007,227075,12847,12684,1875,14559,201
2021-07-02,Calaveras,009,45235,2221,2200,13,2213,55
2021-07-02,Colusa,011,21464,1974,1969,324,2293,15
2021-07-02,Contra Costa,013,1133247,71518,70941,1315,72256,818
2021-07-02,Del Norte,015,27424,1475,1439,13,1452,8
2021-07-02,El Dorado,017,186661,10568,10433,788,11221,113
2021-07-02,Fresno,019,978130,103665,102512,8698,111210,1727
2021-07-02,Glenn,021,27897,2456,2442,566,3008,20
2021-07-02,Humboldt,023,135768,4566,4530,52,4582,49
2021-07-02,Imperial,025,180216,28834,28661,2695,31356,739
2021-07-02,Inyo,027,18085,1416,1412,12,1424,35
2021-07-02,Kern,029,883053,98108,97421,11091,108512,1347
2021-07-02,Kings,031,150075,23319,23051,1090,24141,245
2021-07-02,Lake,033,64148,3660,3623,13,3636,62
2021-07-02,Lassen,035,31185,5302,5277,115,5392,20
2021-07-02,Los Angeles,037,10098052,1216905,1208705,41366,1250071,24506
2021-07-02,Madera,039,155013,16850,16696,942,17638,240
2021-07-02,Marin,041,260295,14276,14143,260,14403,233
2021-07-02,Mariposa,043,17540,442,441,11,452,5
2021-07-02,Mendocino,045,87422,4222,4122,86,4208,49
2021-07-02,Merced,047,269075,31304,31297,1042,32339,469
2021-07-02,Modoc,049,8938,417,410,147,557,4
2021-07-02,Mono,051,14174,1268,1275,17,1292,3
2021-07-02,Monterey,053,433212,43372,43212,1850,45062,492
2021-07-02,Napa,055,140530,10086,10045,38,10083,81
2021-07-02,Nevada,057,99092,5012,4966,193,5159,72
2021-07-02,Orange,059,3164182,257367,255823,11504,267327,5126
2021-07-02,Placer,061,380077,24017,23764,1558,25322,299
2021-07-02,Plumas,063,18699,727,707,14,721,4
2021-07-02,Riverside,065,2383286,296352,293260,14040,307300,4536
2021-07-02,Sacramento,067,1510023,109199,108257,1844,110101,1676
2021-07-02,San Benito,069,59416,6127,6108,113,6221,63
2021-07-02,San Bernardino,071,2135413,295514,294294,9029,303323,5003
2021-07-02,San Diego,073,3302833,284089,282692,15549,298241,3780
2021-07-02,San Francisco,075,870044,37375,37107,1301,38408,558
2021-07-02,San Joaquin,077,732212,74421,73841,3595,77436,1409
2021-07-02,San Luis Obispo,079,281455,21584,21330,755,22085,256
2021-07-02,San Mateo,081,765935,42927,42691,488,43179,541
2021-07-02,Santa Barbara,083,443738,34706,34526,1128,35654,456
2021-07-02,Santa Clara,085,1922200,119815,118966,771,119737,2090
2021-07-02,Santa Cruz,087,273765,16377,16254,801,17055,208
2021-07-02,Shasta,089,179085,12648,12582,1643,14225,204
2021-07-02,Sierra,091,2930,63,60,12,72,0
2021-07-02,Siskiyou,093,43540,1977,1899,371,2270,29
2021-07-02,Solano,095,438530,33688,33486,577,34063,268
2021-07-02,Sonoma,097,501317,31229,31000,363,31363,316
2021-07-02,Stanislaus,099,539301,57280,57018,5984,63002,1018
2021-07-02,Sutter,101,95872,9668,9644,87,9731,114
2021-07-02,Tehama,103,63373,5163,5124,583,5707,63
2021-07-02,Trinity,105,12862,494,341,96,437,3
2021-07-02,Tulare,107,460477,50520,49789,9035,58824,853
2021-07-02,Tuolumne,109,53932,4105,4113,43,4156,64
2021-07-02,Ventura,111,848112,82061,81425,3039,84464,1033
2021-07-02,Yolo,113,214977,14276,14188,274,14462,213
2021-07-02,Yuba,115,75493,6254,6197,129,6326,51
2021-07-01,Alameda,001,1643700,89929,89683,1960,91643,1253
2021-07-01,Alpine,003,1148,88,89,0,89,0
2021-07-01,Amador,005,37829,3766,3758,32,3790,46
2021-07-01,Butte,007,227075,12835,12684,1873,14557,201
2021-07-01,Calaveras,009,45235,2219,2200,13,2213,55
2021-07-01,Colusa,011,21464,1974,1969,322,2291,15
2021-07-01,Contra Costa,013,1133247,71446,70941,1315,72256,818
2021-07-01,Del Norte,015,27424,1474,1439,13,1452,8
2021-07-01,El Dorado,017,186661,10556,10433,788,11221,113
2021-07-01,Fresno,019,978130,103626,102512,8693,111205,1727
2021-07-01,Glenn,021,27897,2456,2442,566,3008,20
2021-07-01,Humboldt,023,135768,4564,4530,52,4582,49
2021-07-01,Imperial,025,180216,28817,28661,2695,31356,739
2021-07-01,Inyo,027,18085,1416,1412,12,1424,35
2021-07-01,Kern,029,883053,98082,97421,11081,108502,1347
2021-07-01,Kings,031,150075,23305,23051,1090,24141,245
2021-07-01,Lake,033,64148,3657,3623,13,3636,62
2021-07-01,Lassen,035,31185,5300,5277,115,5392,20
2021-07-01,Los Angeles,037,10098052,1216301,1208705,41311,1250016,24506
2021-07-01,Madera,039,155013,16841,16696,941,17637,240
2021-07-01,Marin,041,260295,14272,14143,260,14403,233
2021-07-01,Mariposa,043,17540,442,441,11,452,5
2021-07-01,Mendocino,045,87422,4218,4122,85,4207,49
2021-07-01,Merced,047,269075,31298,31297,1042,32339,469
2021-07-01,Modoc,049,8938,417,410,147,557,4
2021-07-01,Mono,051,14174,1267,1275,17,1292,3
2021-07-01,Monterey,053,433212,43364,43212,1847,45059,492
2021-07-01,Napa,055,140530,10079,10045,38,10083,81
2021-07-01,Nevada,057,99092,5007,4966,193,5159,72
2021-07-01,Orange,059,3164182,257246,255823,11485,267308,5126
2021-07-01,Placer,061,380077,23998,23764,1555,25319,299
2021-07-01,Plumas,063,18699,724,707,12,719,4
2021-07-01,Riverside,065,2383286,296243,293260,14032,307292,4536
2021-07-01,Sacramento,067,1510023,109073,108257,1837,110094,1676
2021-07-01,San Benito,069,59416,6123,6108,113,6221,63
2021-07-01,San Bernardino,071,2135413,295393,294294,9024,303318,5003
2021-07-01,San Diego,073,3302833,283911,282692,15512,298204,3780
2021-07-01,San Francisco,075,870044,37339,37107,1299,38406,558
2021-07-01,San Joaquin,077,732212,74370,73841,3591,77432,1409
2021-07-01,San Luis Obispo,079,281455,21569,21330,754,22084,256
2021-07-01,San Mateo,081,765935,42899,42691,487,43178,541
2021-07-01,Santa Barbara,083,443738,34693,34526,1128,35654,456
2021-07-01,Santa Clara,085,1922200,119766,118966,771,119737,2090
2021-07-01,Santa Cruz,087,273765,16372,16254,801,17055,208
2021-07-01,Shasta,089,179085,12640,12582,1642,14224,204
2021-07-01,Sierra,091,2930,63,60,12,72,0
2021-07-01,Siskiyou,093,43540,1977,1899,371,2270,29
2021-07-01,Solano,095,438530,33647,33486,576,34062,268
2021-07-01,Sonoma,097,501317,31185,31000,363,31363,316
2021-07-01,Stanislaus,099,539301,57263,57018,5980,62998,1018
2021-07-01,Sutter,101,95872,9659,9644,87,9731,114
2021-07-01,Tehama,103,63373,5163,5124,582,5706,63
2021-07-01,Trinity,105,12862,494,341,96,437,3
2021-07-01,Tulare,107,460477,50511,49789,9028,58817,853
2021-07-01,Tuolumne,109,53932,4098,4113,43,4156,64
2021-07-01,Ventura,111,848112,82030,81425,3029,84454,1033
2021-07-01,Yolo,113,214977,14260,14188,272,14460,213
2021-07-01,Yuba,115,75493,6247,6197,129,6326,51
2021-06-30,Alameda,001,1643700,89850,89597,1956,91553,1256
2021-06-30,Alpine,003,1148,88,89,0,89,0
2021-06-30,Amador,005,37829,3764,3756,32,3788,46
2021-06-30,Butte,007,227075,12828,12676,1864,14540,201
2021-06-30,Calaveras,009,45235,2213,2198,13,2211,55
2021-06-30,Colusa,011,21464,1972,1967,319,2286,15
2021-06-30,Contra Costa,013,1133247,71381,70869,1312,72181,818
2021-06-30,Del Norte,015,27424,1469,1435,13,1448,8
2021-06-30,El Dorado,017,186661,10536,10420,788,11208,113
2021-06-30,Fresno,019,978130,103589,102490,8690,111180,1727
2021-06-30,Glenn,021,27897,2454,2440,566,3006,20
2021-06-30,Humboldt,023,135768,4548,4522,50,4572,49
2021-06-30,Imperial,025,180216,28809,28651,2695,31346,739
2021-06-30,Inyo,027,18085,1416,1409,12,1421,35
2021-06-30,Kern,029,883053,98041,97267,11069,108336,1348
2021-06-30,Kings,031,150075,23300,23038,1089,24127,245
2021-06-30,Lake,033,64148,3644,3601,13,3614,56
2021-06-30,Lassen,035,31185,5295,5269,115,5384,20
2021-06-30,Los Angeles,037,10098052,1215627,1208246,41266,1249512,24499
2021-06-30,Madera,039,155013,16833,16688,939,17627,240
2021-06-30,Marin,041,260295,14263,14133,259,14392,232
2021-06-30,Mariposa,043,17540,441,441,11,452,5
2021-06-30,Mendocino,045,87422,4208,4115,85,4200,49
2021-06-30,Merced,047,269075,31288,31286,1042,32328,469
2021-06-30,Modoc,049,8938,417,410,147,557,4
2021-06-30,Mono,051,14174,1267,1275,17,1292,3
2021-06-30,Monterey,053,433212,43359,43209,1845,45054,492
2021-06-30,Napa,055,140530,10071,10039,38,10077,81
2021-06-30,Nevada,057,99092,4996,4958,193,5151,72
2021-06-30,Orange,059,3164182,257120,255764,11475,267239,5125
2021-06-30,Placer,061,380077,23974,23721,1552,25273,299
2021-06-30,Plumas,063,18699,724,705,12,717,4
2021-06-30,Riverside,065,2383286,296129,293280,14024,307304,4535
2021-06-30,Sacramento,067,1510023,108934,108137,1833,109970,1676
2021-06-30,San Benito,069,59416,6119,6105,113,6218,63
2021-06-30,San Bernardino,071,2135413,295233,294211,9019,303230,4975
2021-06-30,San Diego,073,3302833,283775,282583,15484,298067,3780
2021-06-30,San Francisco,075,870044,37290,37065,1294,38359,558
2021-06-30,San Joaquin,077,732212,74308,73777,3590,77367,1409
2021-06-30,San Luis Obispo,079,281455,21556,21326,753,22079,256
2021-06-30,San Mateo,081,765935,42862,42599,486,43085,537
2021-06-30,Santa Barbara,083,443738,34677,34521,1128,35649,456
2021-06-30,Santa Clara,085,1922200,119719,118930,768,119698,2090
2021-06-30,Santa Cruz,087,273765,16366,16250,801,17051,208
2021-06-30,Shasta,089,179085,12634,12564,1642,14206,204
2021-06-30,Sierra,091,2930,63,60,12,72,0
2021-06-30,Siskiyou,093,43540,1975,1900,368,2268,29
2021-06-30,Solano,095,438530,33608,33453,574,34027,268
2021-06-30,Sonoma,097,501317,31155,30947,363,31310,316
2021-06-30,Stanislaus,099,539301,57246,56997,5979,62976,1018
2021-06-30,Sutter,101,95872,9649,9638,87,9725,114
2021-06-30,Tehama,103,63373,5161,5124,582,5706,63
2021-06-30,Trinity,105,12862,494,341,96,437,3
2021-06-30,Tulare,107,460477,50500,49764,9017,58781,853
2021-06-30,Tuolumne,109,53932,4095,4112,43,4155,64
2021-06-30,Ventura,111,848112,81987,81392,3024,84416,1032
2021-06-30,Yolo,113,214977,14254,14178,269,14447,213
2021-06-30,Yuba,115,75493,6240,6191,129,6320,51
2021-06-29,Alameda,001,1643700,89744,89519,1954,91473,1257
2021-06-29,Alpine,003,1148,88,89,0,89,0
2021-06-29,Amador,005,37829,3760,3754,32,3786,46
2021-06-29,Butte,007,227075,12820,12669,1864,14533,201
2021-06-29,Calaveras,009,45235,2207,2198,13,2211,55
2021-06-29,Colusa,011,21464,1970,1967,319,2286,15
2021-06-29,Contra Costa,013,1133247,71307,70775,1311,72086,817
2021-06-29,Del Norte,015,27424,1468,1435,13,1448,8
2021-06-29,El Dorado,017,186661,10523,10403,784,11187,113
2021-06-29,Fresno,019,978130,103556,102464,8687,111151,1725
2021-06-29,Glenn,021,27897,2453,2439,566,3005,20
2021-06-29,Humboldt,023,135768,4544,4514,49,4563,49
2021-06-29,Imperial,025,180216,28800,28645,2694,31339,737
2021-06-29,Inyo,027,18085,1416,1408,12,1420,35
2021-06-29,Kern,029,883053,98020,97173,11063,108236,1347
2021-06-29,Kings,031,150075,23291,23035,1088,24123,245
2021-06-29,Lake,033,64148,3638,3594,13,3607,56
2021-06-29,Lassen,035,31185,5288,5268,115,5383,20
2021-06-29,Los Angeles,037,10098052,1215012,1207895,41238,1249133,24498
2021-06-29,Madera,039,155013,16829,16680,938,17618,240
2021-06-29,Marin,041,260295,14251,14127,259,14386,232
2021-06-29,Mariposa,043,17540,441,441,11,452,5
2021-06-29,Mendocino,045,87422,4204,4107,84,4191,49
2021-06-29,Merced,047,269075,31276,31277,1042,32319,469
2021-06-29,Modoc,049,8938,416,408,147,555,3
2021-06-29,Mono,051,14174,1267,1275,17,1292,3
2021-06-29,Monterey,053,433212,43349,43196,1843,45039,471
2021-06-29,Napa,055,140530,10065,10033,38,10071,81
2021-06-29,Nevada,057,99092,4989,4952,193,5145,72
2021-06-29,Orange,059,3164182,257020,255686,11460,267146,5124
2021-06-29,Placer,061,380077,23954,23693,1550,25243,299
2021-06-29,Plumas,063,18699,724,704,12,716,4
2021-06-29,Riverside,065,2383286,296030,292962,14017,306979,4524
2021-06-29,Sacramento,067,1510023,108781,108067,1830,109897,1677
2021-06-29,San Benito,069,59416,6108,6099,113,6212,63
2021-06-29,San Bernardino,071,2135413,295121,294118,9018,303136,4940
2021-06-29,San Diego,073,3302833,283619,282499,15457,297956,3780
2021-06-29,San Francisco,075,870044,37252,37041,1291,38332,558
2021-06-29,San Joaquin,077,732212,74260,73724,3587,77311,1409
2021-06-29,San Luis Obispo,079,281455,21546,21324,752,22076,256
2021-06-29,San Mateo,081,765935,42828,42540,486,43026,540
2021-06-29,Santa Barbara,083,443738,34667,34507,1127,35634,455
2021-06-29,Santa Clara,085,1922200,119665,118893,767,119660,2090
2021-06-29,Santa Cruz,087,273765,16360,16249,801,17050,208
2021-06-29,Shasta,089,179085,12622,12564,1641,14205,204
2021-06-29,Sierra,091,2930,63,59,12,71,0
2021-06-29,Siskiyou,093,43540,1972,1897,364,2261,29
2021-06-29,Solano,095,438530,33575,33440,572,34012,268
2021-06-29,Sonoma,097,501317,31113,30950,361,31311,316
2021-06-29,Stanislaus,099,539301,57225,56980,5972,62952,1018
2021-06-29,Sutter,101,95872,9638,9634,87,9721,114
2021-06-29,Tehama,103,63373,5161,5124,582,5706,63
2021-06-29,Trinity,105,12862,494,341,96,437,3
2021-06-29,Tulare,107,460477,50487,49751,9012,58763,852
2021-06-29,Tuolumne,109,53932,4093,4111,43,4154,64
2021-06-29,Ventura,111,848112,81949,81363,3018,84381,1032
2021-06-29,Yolo,113,214977,14242,14171,268,14439,213
2021-06-29,Yuba,115,75493,6230,6188,129,6317,51
2021-06-28,Alameda,001,1643700,89649,89638,1951,91589,1259
2021-06-28,Alpine,003,1148,88,89,0,89,0
2021-06-28,Amador,005,37829,3759,3753,32,3785,46
2021-06-28,Butte,007,227075,12811,12697,1862,14559,198
2021-06-28,Calaveras,009,45235,2204,2203,13,2216,55
2021-06-28,Colusa,011,21464,1968,1974,319,2293,15
2021-06-28,Contra Costa,013,1133247,71232,70807,1309,72116,816
2021-06-28,Del Norte,015,27424,1468,1436,13,1449,8
2021-06-28,El Dorado,017,186661,10513,10422,780,11202,115
2021-06-28,Fresno,019,978130,103525,103121,8685,111806,1727
2021-06-28,Glenn,021,27897,2453,2439,566,3005,20
2021-06-28,Humboldt,023,135768,4537,4520,48,4568,49
2021-06-28,Imperial,025,180216,28792,28981,2693,31674,741
2021-06-28,Inyo,027,18085,1413,1407,12,1419,35
2021-06-28,Kern,029,883053,98001,97252,11058,108310,1348
2021-06-28,Kings,031,150075,23285,23134,1088,24222,246
2021-06-28,Lake,033,64148,3630,3591,13,3604,56
2021-06-28,Lassen,035,31185,5286,5268,115,5383,20
2021-06-28,Los Angeles,037,10098052,1214493,1207714,41203,1248917,24496
2021-06-28,Madera,039,155013,16818,16683,937,17620,240
2021-06-28,Marin,041,260295,14236,14186,259,14445,232
2021-06-28,Mariposa,043,17540,441,440,11,451,5
2021-06-28,Mendocino,045,87422,4195,4102,83,4185,49
2021-06-28,Merced,047,269075,31264,31277,1042,32319,469
2021-06-28,Modoc,049,8938,416,411,146,557,3
2021-06-28,Mono,051,14174,1267,1276,17,1293,3
2021-06-28,Monterey,053,433212,43345,43202,1842,45044,462
2021-06-28,Napa,055,140530,10056,10050,37,10087,81
2021-06-28,Nevada,057,99092,4985,4951,193,5144,72
2021-06-28,Orange,059,3164182,256930,255755,11446,267201,5123
2021-06-28,Placer,061,380077,23934,23756,1546,25302,299
2021-06-28,Plumas,063,18699,722,704,12,716,4
2021-06-28,Riverside,065,2383286,295904,292647,14005,306652,4507
2021-06-28,Sacramento,067,1510023,108649,108342,1825,110167,1675
2021-06-28,San Benito,069,59416,6106,6101,113,6214,63
2021-06-28,San Bernardino,071,2135413,295020,294151,9013,303164,4928
2021-06-28,San Diego,073,3302833,283455,282417,15428,297845,3780
2021-06-28,San Francisco,075,870044,37217,37372,1289,38661,559
2021-06-28,San Joaquin,077,732212,74213,73973,3584,77557,1411
2021-06-28,San Luis Obispo,079,281455,21542,21340,751,22091,256
2021-06-28,San Mateo,081,765935,42794,42927,485,43412,540
2021-06-28,Santa Barbara,083,443738,34660,34534,1125,35659,455
2021-06-28,Santa Clara,085,1922200,119601,120377,766,121143,2103
2021-06-28,Santa Cruz,087,273765,16355,16245,801,17046,208
2021-06-28,Shasta,089,179085,12618,12642,1639,14281,203
2021-06-28,Sierra,091,2930,63,58,12,70,0
2021-06-28,Siskiyou,093,43540,1971,1896,364,2260,29
2021-06-28,Solano,095,438530,33539,33524,570,34094,267
2021-06-28,Sonoma,097,501317,31076,31137,360,31497,315
2021-06-28,Stanislaus,099,539301,57207,57047,5968,63015,1018
2021-06-28,Sutter,101,95872,9634,9682,87,9769,114
2021-06-28,Tehama,103,63373,5159,5122,582,5704,63
2021-06-28,Trinity,105,12862,494,341,96,437,3
2021-06-28,Tulare,107,460477,50477,49751,9008,58759,850
2021-06-28,Tuolumne,109,53932,4085,4121,43,4164,64
2021-06-28,Ventura,111,848112,81892,81393,3013,84406,1032
2021-06-28,Yolo,113,214977,14233,14199,265,14464,213
2021-06-28,Yuba,115,75493,6225,6207,129,6336,51
2021-06-27,Alameda,001,1643700,89562,89611,1947,91558,1259
2021-06-27,Alpine,003,1148,88,89,0,89,0
2021-06-27,Amador,005,37829,3758,3752,32,3784,46
2021-06-27,Butte,007,227075,12802,12696,1861,14557,198
2021-06-27,Calaveras,009,45235,2203,2203,13,2216,55
2021-06-27,Colusa,011,21464,1968,1974,319,2293,15
2021-06-27,Contra Costa,013,1133247,71146,70762,1305,72067,816
2021-06-27,Del Norte,015,27424,1465,1436,13,1449,8
2021-06-27,El Dorado,017,186661,10501,10418,777,11195,115
2021-06-27,Fresno,019,978130,103496,103110,8682,111792,1727
2021-06-27,Glenn,021,27897,2452,2439,565,3004,20
2021-06-27,Humboldt,023,135768,4525,4513,45,4558,49
2021-06-27,Imperial,025,180216,28778,28987,2693,31680,741
2021-06-27,Inyo,027,18085,1413,1407,12,1419,35
2021-06-27,Kern,029,883053,97975,97249,11051,108300,1348
2021-06-27,Kings,031,150075,23275,23132,1088,24220,246
2021-06-27,Lake,033,64148,3623,3581,13,3594,56
2021-06-27,Lassen,035,31185,5285,5265,115,5380,20
2021-06-27,Los Angeles,037,10098052,1213941,1207461,41163,1248624,24493
2021-06-27,Madera,039,155013,16810,16680,937,17617,240
2021-06-27,Marin,041,260295,14227,14182,259,14441,232
2021-06-27,Mariposa,043,17540,441,440,11,451,5
2021-06-27,Mendocino,045,87422,4188,4100,83,4183,49
2021-06-27,Merced,047,269075,31252,31266,1042,32308,469
2021-06-27,Modoc,049,8938,416,411,146,557,3
2021-06-27,Mono,051,14174,1267,1279,17,1296,3
2021-06-27,Monterey,053,433212,43332,43199,1842,45041,462
2021-06-27,Napa,055,140530,10050,10046,37,10083,81
2021-06-27,Nevada,057,99092,4979,4946,193,5139,72
2021-06-27,Orange,059,3164182,256816,255710,11435,267145,5123
2021-06-27,Placer,061,380077,23901,23731,1543,25274,299
2021-06-27,Plumas,063,18699,722,704,12,716,4
2021-06-27,Riverside,065,2383286,295802,292641,13999,306640,4507
2021-06-27,Sacramento,067,1510023,108514,108279,1821,110100,1675
2021-06-27,San Benito,069,59416,6100,6101,113,6214,63
2021-06-27,San Bernardino,071,2135413,294907,294115,9011,303126,4927
2021-06-27,San Diego,073,3302833,283315,282359,15402,297761,3780
2021-06-27,San Francisco,075,870044,37180,37360,1288,38648,559
2021-06-27,San Joaquin,077,732212,74177,73960,3582,77542,1411
2021-06-27,San Luis Obispo,079,281455,21535,21340,750,22090,256
2021-06-27,San Mateo,081,765935,42765,42925,482,43407,539
2021-06-27,Santa Barbara,083,443738,34646,34533,1123,35656,455
2021-06-27,Santa Clara,085,1922200,119550,120352,765,121117,2103
2021-06-27,Santa Cruz,087,273765,16346,16241,801,17042,208
2021-06-27,Shasta,089,179085,12612,12640,1638,14278,203
2021-06-27,Sierra,091,2930,63,58,12,70,0
2021-06-27,Siskiyou,093,43540,1969,1896,363,2259,29
2021-06-27,Solano,095,438530,33511,33516,570,34086,267
2021-06-27,Sonoma,097,501317,31038,31129,360,31489,315
2021-06-27,Stanislaus,099,539301,57167,57021,5965,62986,1018
2021-06-27,Sutter,101,95872,9628,9678,87,9765,114
2021-06-27,Tehama,103,63373,5155,5122,582,5704,63
2021-06-27,Trinity,105,12862,494,341,95,436,3
2021-06-27,Tulare,107,460477,50464,49749,9001,58750,850
2021-06-27,Tuolumne,109,53932,4083,4121,43,4164,64
2021-06-27,Ventura,111,848112,81858,81361,3004,84365,1032
2021-06-27,Yolo,113,214977,14218,14194,261,14455,213
2021-06-27,Yuba,115,75493,6219,6205,129,6334,51
2021-06-26,Alameda,001,1643700,89505,89560,1945,91505,1259
2021-06-26,Alpine,003,1148,88,89,0,89,0
2021-06-26,Amador,005,37829,3758,3748,32,3780,46
2021-06-26,Butte,007,227075,12798,12693,1858,14551,198
2021-06-26,Calaveras,009,45235,2201,2202,13,2215,55
2021-06-26,Colusa,011,21464,1968,1973,319,2292,15
2021-06-26,Contra Costa,013,1133247,71103,70712,1304,72016,816
2021-06-26,Del Norte,015,27424,1464,1432,13,1445,8
2021-06-26,El Dorado,017,186661,10493,10414,775,11189,115
2021-06-26,Fresno,019,978130,103476,103091,8680,111771,1727
2021-06-26,Glenn,021,27897,2450,2441,565,3006,20
2021-06-26,Humboldt,023,135768,4522,4509,45,4554,49
2021-06-26,Imperial,025,180216,28774,28970,2693,31663,741
2021-06-26,Inyo,027,18085,1413,1407,12,1419,35
2021-06-26,Kern,029,883053,97949,97239,11042,108281,1348
2021-06-26,Kings,031,150075,23271,23128,1087,24215,246
2021-06-26,Lake,033,64148,3612,3576,13,3589,56
2021-06-26,Lassen,035,31185,5282,5263,115,5378,20
2021-06-26,Los Angeles,037,10098052,1213636,1207198,41131,1248329,24490
2021-06-26,Madera,039,155013,16803,16679,936,17615,240
2021-06-26,Marin,041,260295,14218,14180,259,14439,232
2021-06-26,Mariposa,043,17540,441,440,11,451,5
2021-06-26,Mendocino,045,87422,4186,4096,83,4179,49
2021-06-26,Merced,047,269075,31246,31259,1041,32300,469
2021-06-26,Modoc,049,8938,416,411,146,557,3
2021-06-26,Mono,051,14174,1267,1279,17,1296,3
2021-06-26,Monterey,053,433212,43329,43192,1842,45034,462
2021-06-26,Napa,055,140530,10043,10043,37,10080,81
2021-06-26,Nevada,057,99092,4974,4939,193,5132,72
2021-06-26,Orange,059,3164182,256736,255640,11428,267068,5123
2021-06-26,Placer,061,380077,23887,23702,1541,25243,299
2021-06-26,Plumas,063,18699,722,704,12,716,4
2021-06-26,Riverside,065,2383286,295744,292480,13993,306473,4505
2021-06-26,Sacramento,067,1510023,108443,108179,1818,109997,1675
2021-06-26,San Benito,069,59416,6096,6100,113,6213,63
2021-06-26,San Bernardino,071,2135413,294813,294034,9007,303041,4928
2021-06-26,San Diego,073,3302833,283230,282263,15384,297647,3780
2021-06-26,San Francisco,075,870044,37148,37348,1287,38635,559
2021-06-26,San Joaquin,077,732212,74148,73928,3581,77509,1411
2021-06-26,San Luis Obispo,079,281455,21534,21330,749,22079,256
2021-06-26,San Mateo,081,765935,42745,42898,482,43380,539
2021-06-26,Santa Barbara,083,443738,34637,34525,1123,35648,455
2021-06-26,Santa Clara,085,1922200,119517,120321,765,121086,2103
2021-06-26,Santa Cruz,087,273765,16343,16239,801,17040,208
2021-06-26,Shasta,089,179085,12608,12635,1634,14269,203
2021-06-26,Sierra,091,2930,63,58,12,70,0
2021-06-26,Siskiyou,093,43540,1968,1896,362,2258,29
2021-06-26,Solano,095,438530,33493,33489,568,34057,267
2021-06-26,Sonoma,097,501317,31012,31088,360,31448,315
2021-06-26,Stanislaus,099,539301,57151,57006,5962,62968,1018
2021-06-26,Sutter,101,95872,9627,9669,87,9756,114
2021-06-26,Tehama,103,63373,5155,5119,582,5701,63
2021-06-26,Trinity,105,12862,494,341,95,436,3
2021-06-26,Tulare,107,460477,50458,49745,9001,58746,850
2021-06-26,Tuolumne,109,53932,4083,4121,43,4164,64
2021-06-26,Ventura,111,848112,81834,81352,3003,84355,1032
2021-06-26,Yolo,113,214977,14210,14184,261,14445,213
2021-06-26,Yuba,115,75493,6216,6200,129,6329,51
2021-06-25,Alameda,001,1643700,89437,89453,1943,91396,1271
2021-06-25,Alpine,003,1148,88,89,0,89,0
2021-06-25,Amador,005,37829,3757,3746,32,3778,46
2021-06-25,Butte,007,227075,12793,12682,1855,14537,198
2021-06-25,Calaveras,009,45235,2200,2201,13,2214,55
2021-06-25,Colusa,011,21464,1968,1972,319,2291,15
2021-06-25,Contra Costa,013,1133247,71067,70659,1304,71963,815
2021-06-25,Del Norte,015,27424,1464,1426,13,1439,8
2021-06-25,El Dorado,017,186661,10485,10406,772,11178,115
2021-06-25,Fresno,019,978130,103458,103073,8676,111749,1727
2021-06-25,Glenn,021,27897,2450,2441,565,3006,20
2021-06-25,Humboldt,023,135768,4516,4503,43,4546,49
2021-06-25,Imperial,025,180216,28771,28968,2693,31661,740
2021-06-25,Inyo,027,18085,1412,1406,12,1418,35
2021-06-25,Kern,029,883053,97930,97182,11038,108220,1347
2021-06-25,Kings,031,150075,23265,23118,1087,24205,246
2021-06-25,Lake,033,64148,3606,3571,13,3584,56
2021-06-25,Lassen,035,31185,5281,5259,115,5374,20
2021-06-25,Los Angeles,037,10098052,1213353,1206909,41114,1248023,24483
2021-06-25,Madera,039,155013,16800,16670,936,17606,240
2021-06-25,Marin,041,260295,14215,14179,259,14438,232
2021-06-25,Mariposa,043,17540,441,440,11,451,5
2021-06-25,Mendocino,045,87422,4183,4089,83,4172,49
2021-06-25,Merced,047,269075,31238,31256,1041,32297,467
2021-06-25,Modoc,049,8938,416,411,146,557,3
2021-06-25,Mono,051,14174,1267,1279,17,1296,3
2021-06-25,Monterey,053,433212,43324,43184,1841,45025,462
2021-06-25,Napa,055,140530,10038,10037,37,10074,81
2021-06-25,Nevada,057,99092,4971,4932,193,5125,72
2021-06-25,Orange,059,3164182,256665,255574,11426,267000,5119
2021-06-25,Placer,061,380077,23868,23672,1540,25212,299
2021-06-25,Plumas,063,18699,722,702,11,713,4
2021-06-25,Riverside,065,2383286,295676,291663,13986,305649,4490
2021-06-25,Sacramento,067,1510023,108371,108034,1815,109849,1673
2021-06-25,San Benito,069,59416,6092,6098,113,6211,63
2021-06-25,San Bernardino,071,2135413,294758,293941,9005,302946,4911
2021-06-25,San Diego,073,3302833,283170,282157,15371,297528,3779
2021-06-25,San Francisco,075,870044,37125,37338,1286,38624,559
2021-06-25,San Joaquin,077,732212,74115,73860,3579,77439,1410
2021-06-25,San Luis Obispo,079,281455,21531,21325,748,22073,256
2021-06-25,San Mateo,081,765935,42727,42849,482,43331,537
2021-06-25,Santa Barbara,083,443738,34628,34518,1122,35640,454
2021-06-25,Santa Clara,085,1922200,119497,120272,765,121037,2103
2021-06-25,Santa Cruz,087,273765,16340,16230,799,17029,208
2021-06-25,Shasta,089,179085,12598,12633,1633,14266,202
2021-06-25,Sierra,091,2930,63,58,12,70,0
2021-06-25,Siskiyou,093,43540,1967,1894,362,2256,29
2021-06-25,Solano,095,438530,33473,33449,568,34017,267
2021-06-25,Sonoma,097,501317,30989,31043,360,31403,314
2021-06-25,Stanislaus,099,539301,57135,56973,5955,62928,1018
2021-06-25,Sutter,101,95872,9620,9664,87,9751,114
2021-06-25,Tehama,103,63373,5154,5119,582,5701,63
2021-06-25,Trinity,105,12862,494,338,95,433,3
2021-06-25,Tulare,107,460477,50451,49731,8998,58729,850
2021-06-25,Tuolumne,109,53932,4082,4121,43,4164,64
2021-06-25,Ventura,111,848112,81805,81342,2997,84339,1032
2021-06-25,Yolo,113,214977,14204,14172,261,14433,213
2021-06-25,Yuba,115,75493,6212,6195,129,6324,51
2021-06-24,Alameda,001,1643700,89365,89358,1940,91298,1268
2021-06-24,Alpine,003,1148,88,89,0,89,0
2021-06-24,Amador,005,37829,3753,3745,32,3777,46
2021-06-24,Butte,007,227075,12787,12673,1853,14526,198
2021-06-24,Calaveras,009,45235,2197,2202,13,2215,55
2021-06-24,Colusa,011,21464,1967,1972,319,2291,15
2021-06-24,Contra Costa,013,1133247,71008,70590,1304,71894,813
2021-06-24,Del Norte,015,27424,1463,1421,13,1434,8
2021-06-24,El Dorado,017,186661,10478,10402,772,11174,115
2021-06-24,Fresno,019,978130,103438,103061,8674,111735,1727
2021-06-24,Glenn,021,27897,2449,2439,565,3004,20
2021-06-24,Humboldt,023,135768,4511,4493,43,4536,49
2021-06-24,Imperial,025,180216,28768,28981,2693,31674,740
2021-06-24,Inyo,027,18085,1411,1406,12,1418,35
2021-06-24,Kern,029,883053,97911,97129,11025,108154,1346
2021-06-24,Kings,031,150075,23261,23114,1086,24200,246
2021-06-24,Lake,033,64148,3600,3571,13,3584,56
2021-06-24,Lassen,035,31185,5280,5258,115,5373,20
2021-06-24,Los Angeles,037,10098052,1213028,1206590,41090,1247680,24480
2021-06-24,Madera,039,155013,16789,16662,935,17597,240
2021-06-24,Marin,041,260295,14211,14180,259,14439,232
2021-06-24,Mariposa,043,17540,441,440,11,451,5
2021-06-24,Mendocino,045,87422,4175,4085,83,4168,49
2021-06-24,Merced,047,269075,31228,31248,1040,32288,466
2021-06-24,Modoc,049,8938,416,411,146,557,3
2021-06-24,Mono,051,14174,1267,1276,17,1293,3
2021-06-24,Monterey,053,433212,43317,43180,1841,45021,451
2021-06-24,Napa,055,140530,10036,10036,37,10073,80
2021-06-24,Nevada,057,99092,4969,4927,193,5120,72
2021-06-24,Orange,059,3164182,256601,255520,11418,266938,5117
2021-06-24,Placer,061,380077,23843,23659,1538,25197,299
2021-06-24,Plumas,063,18699,721,702,11,713,4
2021-06-24,Riverside,065,2383286,295595,291067,13975,305042,4473
2021-06-24,Sacramento,067,1510023,108283,107965,1813,109778,1672
2021-06-24,San Benito,069,59416,6089,6098,113,6211,63
2021-06-24,San Bernardino,071,2135413,294687,293895,8999,302894,4898
2021-06-24,San Diego,073,3302833,283066,282053,15358,297411,3778
2021-06-24,San Francisco,075,870044,37103,37320,1284,38604,559
2021-06-24,San Joaquin,077,732212,74067,73814,3579,77393,1408
2021-06-24,San Luis Obispo,079,281455,21525,21326,748,22074,256
2021-06-24,San Mateo,081,765935,42701,42814,481,43295,542
2021-06-24,Santa Barbara,083,443738,34622,34512,1121,35633,454
2021-06-24,Santa Clara,085,1922200,119466,120274,764,121038,2103
2021-06-24,Santa Cruz,087,273765,16339,16227,799,17026,208
2021-06-24,Shasta,089,179085,12593,12629,1629,14258,202
2021-06-24,Sierra,091,2930,63,58,12,70,0
2021-06-24,Siskiyou,093,43540,1967,1892,362,2254,28
2021-06-24,Solano,095,438530,33450,33432,566,33998,267
2021-06-24,Sonoma,097,501317,30960,31020,360,31380,314
2021-06-24,Stanislaus,099,539301,57109,56946,5955,62901,1018
2021-06-24,Sutter,101,95872,9613,9660,87,9747,113
2021-06-24,Tehama,103,63373,5151,5115,582,5697,63
2021-06-24,Trinity,105,12862,493,338,95,433,3
2021-06-24,Tulare,107,460477,50440,49730,8996,58726,850
2021-06-24,Tuolumne,109,53932,4080,4120,43,4163,64
2021-06-24,Ventura,111,848112,81777,81332,2996,84328,1032
2021-06-24,Yolo,113,214977,14195,14169,258,14427,213
2021-06-24,Yuba,115,75493,6207,6195,129,6324,51
2021-06-23,Alameda,001,1643700,89293,89338,1939,91277,1266
2021-06-23,Alpine,003,1148,88,88,0,88,0
2021-06-23,Amador,005,37829,3751,3743,32,3775,46
2021-06-23,Butte,007,227075,12780,12666,1853,14519,198
2021-06-23,Calaveras,009,45235,2196,2199,13,2212,55
2021-06-23,Colusa,011,21464,1966,1972,319,2291,15
2021-06-23,Contra Costa,013,1133247,70943,70526,1303,71829,813
2021-06-23,Del Norte,015,27424,1459,1418,13,1431,8
2021-06-23,El Dorado,017,186661,10468,10395,769,11164,115
2021-06-23,Fresno,019,978130,103409,103020,8672,111692,1724
2021-06-23,Glenn,021,27897,2449,2437,564,3001,20
2021-06-23,Humboldt,023,135768,4502,4490,43,4533,48
2021-06-23,Imperial,025,180216,28761,28908,2693,31601,740
2021-06-23,Inyo,027,18085,1411,1406,12,1418,35
2021-06-23,Kern,029,883053,97883,97078,11012,108090,1345
2021-06-23,Kings,031,150075,23254,23105,1084,24189,245
2021-06-23,Lake,033,64148,3591,3566,13,3579,53
2021-06-23,Lassen,035,31185,5277,5257,115,5372,20
2021-06-23,Los Angeles,037,10098052,1212691,1206358,41080,1247438,24472
2021-06-23,Madera,039,155013,16782,16660,935,17595,240
2021-06-23,Marin,041,260295,14205,14177,259,14436,230
2021-06-23,Mariposa,043,17540,441,439,11,450,5
2021-06-23,Mendocino,045,87422,4171,4078,83,4161,49
2021-06-23,Merced,047,269075,31219,31260,1040,32300,465
2021-06-23,Modoc,049,8938,414,407,146,553,3
2021-06-23,Mono,051,14174,1267,1279,17,1296,3
2021-06-23,Monterey,053,433212,43308,43166,1841,45007,439
2021-06-23,Napa,055,140530,10027,10032,37,10069,80
2021-06-23,Nevada,057,99092,4966,4924,193,5117,72
2021-06-23,Orange,059,3164182,256535,255479,11410,266889,5116
2021-06-23,Placer,061,380077,23814,23630,1533,25163,299
2021-06-23,Plumas,063,18699,720,701,11,712,4
2021-06-23,Riverside,065,2383286,295512,290343,13973,304316,4462
2021-06-23,Sacramento,067,1510023,108191,107868,1808,109676,1671
2021-06-23,San Benito,069,59416,6085,6097,113,6210,63
2021-06-23,San Bernardino,071,2135413,294608,293816,8994,302810,4886
2021-06-23,San Diego,073,3302833,282966,281937,15337,297274,3777
2021-06-23,San Francisco,075,870044,37079,37304,1282,38586,559
2021-06-23,San Joaquin,077,732212,74028,73764,3577,77341,1405
2021-06-23,San Luis Obispo,079,281455,21521,21323,747,22070,257
2021-06-23,San Mateo,081,765935,42685,42756,481,43237,542
2021-06-23,Santa Barbara,083,443738,34612,34505,1121,35626,454
2021-06-23,Santa Clara,085,1922200,119437,120233,764,120997,2098
2021-06-23,Santa Cruz,087,273765,16335,16215,799,17014,209
2021-06-23,Shasta,089,179085,12586,12604,1627,14231,202
2021-06-23,Sierra,091,2930,63,57,12,69,0
2021-06-23,Siskiyou,093,43540,1965,1892,362,2254,28
2021-06-23,Solano,095,438530,33406,33408,566,33974,267
2021-06-23,Sonoma,097,501317,30920,30959,358,31317,314
2021-06-23,Stanislaus,099,539301,57079,56926,5954,62880,1017
2021-06-23,Sutter,101,95872,9607,9653,87,9740,113
2021-06-23,Tehama,103,63373,5151,5119,581,5700,63
2021-06-23,Trinity,105,12862,493,338,95,433,3
2021-06-23,Tulare,107,460477,50433,49711,8993,58704,850
2021-06-23,Tuolumne,109,53932,4077,4120,43,4163,64
2021-06-23,Ventura,111,848112,81754,81312,2993,84305,1032
2021-06-23,Yolo,113,214977,14185,14161,258,14419,212
2021-06-23,Yuba,115,75493,6204,6190,129,6319,51
2021-06-22,Alameda,001,1643700,89226,89308,1939,91247,1263
2021-06-22,Alpine,003,1148,88,88,0,88,0
2021-06-22,Amador,005,37829,3748,3743,32,3775,46
2021-06-22,Butte,007,227075,12776,12662,1850,14512,198
2021-06-22,Calaveras,009,45235,2195,2198,13,2211,55
2021-06-22,Colusa,011,21464,1965,1971,319,2290,15
2021-06-22,Contra Costa,013,1133247,70887,70480,1302,71782,813
2021-06-22,Del Norte,015,27424,1456,1417,13,1430,8
2021-06-22,El Dorado,017,186661,10463,10380,768,11148,113
2021-06-22,Fresno,019,978130,103389,102996,8668,111664,1724
2021-06-22,Glenn,021,27897,2448,2435,562,2997,19
2021-06-22,Humboldt,023,135768,4492,4483,43,4526,42
2021-06-22,Imperial,025,180216,28756,28880,2693,31573,740
2021-06-22,Inyo,027,18085,1411,1405,12,1417,35
2021-06-22,Kern,029,883053,97870,97013,11008,108021,1342
2021-06-22,Kings,031,150075,23246,23098,1083,24181,245
2021-06-22,Lake,033,64148,3589,3564,13,3577,45
2021-06-22,Lassen,035,31185,5272,5254,115,5369,20
2021-06-22,Los Angeles,037,10098052,1212375,1206146,41068,1247214,24461
2021-06-22,Madera,039,155013,16777,16652,935,17587,240
2021-06-22,Marin,041,260295,14203,14174,259,14433,230
2021-06-22,Mariposa,043,17540,441,439,11,450,5
2021-06-22,Mendocino,045,87422,4165,4072,83,4155,49
2021-06-22,Merced,047,269075,31208,31267,1040,32307,464
2021-06-22,Modoc,049,8938,412,405,145,550,3
2021-06-22,Mono,051,14174,1267,1277,17,1294,3
2021-06-22,Monterey,053,433212,43305,43162,1840,45002,427
2021-06-22,Napa,055,140530,10023,10029,37,10066,80
2021-06-22,Nevada,057,99092,4960,4923,193,5116,72
2021-06-22,Orange,059,3164182,256466,255452,11399,266851,5114
2021-06-22,Placer,061,380077,23792,23603,1533,25136,299
2021-06-22,Plumas,063,18699,720,697,11,708,4
2021-06-22,Riverside,065,2383286,295451,289839,13969,303808,4456
2021-06-22,Sacramento,067,1510023,108090,107801,1803,109604,1670
2021-06-22,San Benito,069,59416,6084,6098,113,6211,63
2021-06-22,San Bernardino,071,2135413,294533,293770,8988,302758,4873
2021-06-22,San Diego,073,3302833,282862,281867,15314,297181,3771
2021-06-22,San Francisco,075,870044,37065,37287,1282,38569,556
2021-06-22,San Joaquin,077,732212,73998,73723,3575,77298,1405
2021-06-22,San Luis Obispo,079,281455,21518,21321,746,22067,257
2021-06-22,San Mateo,081,765935,42671,42725,476,43201,542
2021-06-22,Santa Barbara,083,443738,34601,34500,1120,35620,454
2021-06-22,Santa Clara,085,1922200,119405,120194,764,120958,2095
2021-06-22,Santa Cruz,087,273765,16330,16218,799,17017,209
2021-06-22,Shasta,089,179085,12575,12616,1624,14240,202
2021-06-22,Sierra,091,2930,62,57,12,69,0
2021-06-22,Siskiyou,093,43540,1965,1892,362,2254,28
2021-06-22,Solano,095,438530,33388,33397,565,33962,267
2021-06-22,Sonoma,097,501317,30880,30933,358,31291,314
2021-06-22,Stanislaus,099,539301,57063,56915,5952,62867,1017
2021-06-22,Sutter,101,95872,9600,9649,87,9736,113
2021-06-22,Tehama,103,63373,5149,5118,580,5698,63
2021-06-22,Trinity,105,12862,491,337,95,432,3
2021-06-22,Tulare,107,460477,50424,49706,8988,58694,850
2021-06-22,Tuolumne,109,53932,4075,4119,43,4162,64
2021-06-22,Ventura,111,848112,81740,81300,2992,84292,1032
2021-06-22,Yolo,113,214977,14180,14157,256,14413,212
2021-06-22,Yuba,115,75493,6200,6181,129,6310,51
2021-06-21,Alameda,001,1643700,89170,89281,1937,91218,1262
2021-06-21,Alpine,003,1148,88,88,0,88,0
2021-06-21,Amador,005,37829,3742,3742,32,3774,46
2021-06-21,Butte,007,227075,12770,12668,1848,14516,195
2021-06-21,Calaveras,009,45235,2193,2194,13,2207,55
2021-06-21,Colusa,011,21464,1964,1970,318,2288,15
2021-06-21,Contra Costa,013,1133247,70816,70439,1301,71740,813
2021-06-21,Del Norte,015,27424,1452,1416,13,1429,8
2021-06-21,El Dorado,017,186661,10457,10375,767,11142,113
2021-06-21,Fresno,019,978130,103369,102971,8665,111636,1724
2021-06-21,Glenn,021,27897,2447,2433,562,2995,19
2021-06-21,Humboldt,023,135768,4483,4478,42,4520,42
2021-06-21,Imperial,025,180216,28752,28855,2693,31548,740
2021-06-21,Inyo,027,18085,1410,1405,12,1417,35
2021-06-21,Kern,029,883053,97841,96995,11000,107995,1342
2021-06-21,Kings,031,150075,23239,23091,1080,24171,245
2021-06-21,Lake,033,64148,3583,3563,13,3576,45
2021-06-21,Lassen,035,31185,5270,5233,115,5348,19
2021-06-21,Los Angeles,037,10098052,1212080,1205994,41046,1247040,24459
2021-06-21,Madera,039,155013,16768,16647,935,17582,240
2021-06-21,Marin,041,260295,14199,14173,259,14432,230
2021-06-21,Mariposa,043,17540,441,439,11,450,5
2021-06-21,Mendocino,045,87422,4162,4085,83,4168,49
2021-06-21,Merced,047,269075,31198,31264,1039,32303,465
2021-06-21,Modoc,049,8938,412,405,145,550,3
2021-06-21,Mono,051,14174,1267,1277,17,1294,3
2021-06-21,Monterey,053,433212,43302,43157,1840,44997,427
2021-06-21,Napa,055,140530,10018,10028,37,10065,80
2021-06-21,Nevada,057,99092,4956,4921,193,5114,72
2021-06-21,Orange,059,3164182,256393,255400,11392,266792,5113
2021-06-21,Placer,061,380077,23768,23577,1533,25110,298
2021-06-21,Plumas,063,18699,718,697,11,708,4
2021-06-21,Riverside,065,2383286,295375,289797,13964,303761,4456
2021-06-21,Sacramento,067,1510023,107979,107757,1802,109559,1669
2021-06-21,San Benito,069,59416,6080,6098,113,6211,63
2021-06-21,San Bernardino,071,2135413,294446,293736,8984,302720,4850
2021-06-21,San Diego,073,3302833,282757,281811,15294,297105,3771
2021-06-21,San Francisco,075,870044,37049,37275,1281,38556,556
2021-06-21,San Joaquin,077,732212,73957,73687,3574,77261,1405
2021-06-21,San Luis Obispo,079,281455,21509,21316,746,22062,257
2021-06-21,San Mateo,081,765935,42655,42685,475,43160,542
2021-06-21,Santa Barbara,083,443738,34596,34492,1120,35612,455
2021-06-21,Santa Clara,085,1922200,119372,120192,763,120955,2093
2021-06-21,Santa Cruz,087,273765,16328,16212,799,17011,208
2021-06-21,Shasta,089,179085,12562,12617,1621,14238,201
2021-06-21,Sierra,091,2930,62,57,12,69,0
2021-06-21,Siskiyou,093,43540,1965,1892,362,2254,27
2021-06-21,Solano,095,438530,33365,33383,564,33947,266
2021-06-21,Sonoma,097,501317,30857,30912,358,31270,314
2021-06-21,Stanislaus,099,539301,57033,56891,5947,62838,1017
2021-06-21,Sutter,101,95872,9597,9649,87,9736,113
2021-06-21,Tehama,103,63373,5149,5115,579,5694,63
2021-06-21,Trinity,105,12862,491,337,95,432,3
2021-06-21,Tulare,107,460477,50413,49689,8984,58673,849
2021-06-21,Tuolumne,109,53932,4071,4119,43,4162,63
2021-06-21,Ventura,111,848112,81712,81291,2988,84279,1031
2021-06-21,Yolo,113,214977,14174,14165,256,14421,212
2021-06-21,Yuba,115,75493,6199,6172,129,6301,51
2021-06-20,Alameda,001,1643700,89105,89255,1936,91191,1263
2021-06-20,Alpine,003,1148,88,88,0,88,0
2021-06-20,Amador,005,37829,3739,3740,32,3772,46
2021-06-20,Butte,007,227075,12763,12668,1847,14515,194
2021-06-20,Calaveras,009,45235,2192,2193,13,2206,55
2021-06-20,Colusa,011,21464,1964,1970,318,2288,15
2021-06-20,Contra Costa,013,1133247,70759,70401,1299,71700,813
2021-06-20,Del Norte,015,27424,1448,1416,13,1429,8
2021-06-20,El Dorado,017,186661,10443,10372,764,11136,113
2021-06-20,Fresno,019,978130,103328,102947,8662,111609,1724
2021-06-20,Glenn,021,27897,2447,2434,562,2996,19
2021-06-20,Humboldt,023,135768,4477,4472,42,4514,42
2021-06-20,Imperial,025,180216,28743,28855,2693,31548,740
2021-06-20,Inyo,027,18085,1409,1405,12,1417,35
2021-06-20,Kern,029,883053,97820,96985,10989,107974,1342
2021-06-20,Kings,031,150075,23234,23088,1078,24166,245
2021-06-20,Lake,033,64148,3581,3563,13,3576,45
2021-06-20,Lassen,035,31185,5267,5230,115,5345,19
2021-06-20,Los Angeles,037,10098052,1211775,1205874,41038,1246912,24456
2021-06-20,Madera,039,155013,16760,16638,933,17571,240
2021-06-20,Marin,041,260295,14196,14166,259,14425,230
2021-06-20,Mariposa,043,17540,439,439,11,450,5
2021-06-20,Mendocino,045,87422,4155,4080,83,4163,49
2021-06-20,Merced,047,269075,31185,31265,1039,32304,465
2021-06-20,Modoc,049,8938,412,405,145,550,3
2021-06-20,Mono,051,14174,1267,1275,17,1292,3
2021-06-20,Monterey,053,433212,43293,43156,1839,44995,427
2021-06-20,Napa,055,140530,10011,10026,36,10062,80
2021-06-20,Nevada,057,99092,4949,4919,193,5112,72
2021-06-20,Orange,059,3164182,256329,255377,11381,266758,5113
2021-06-20,Placer,061,380077,23734,23562,1529,25091,298
2021-06-20,Plumas,063,18699,717,697,11,708,4
2021-06-20,Riverside,065,2383286,295296,289770,13953,303723,4456
2021-06-20,Sacramento,067,1510023,107868,107700,1799,109499,1669
2021-06-20,San Benito,069,59416,6080,6098,113,6211,63
2021-06-20,San Bernardino,071,2135413,294345,293713,8980,302693,4845
2021-06-20,San Diego,073,3302833,282651,281750,15272,297022,3771
2021-06-20,San Francisco,075,870044,37026,37269,1281,38550,556
2021-06-20,San Joaquin,077,732212,73912,73676,3565,77241,1405
2021-06-20,San Luis Obispo,079,281455,21507,21313,746,22059,257
2021-06-20,San Mateo,081,765935,42626,42681,475,43156,542
2021-06-20,Santa Barbara,083,443738,34587,34487,1120,35607,455
2021-06-20,Santa Clara,085,1922200,119337,120163,763,120926,2093
2021-06-20,Santa Cruz,087,273765,16323,16210,799,17009,208
2021-06-20,Shasta,089,179085,12557,12617,1619,14236,201
2021-06-20,Sierra,091,2930,62,57,12,69,0
2021-06-20,Siskiyou,093,43540,1964,1891,362,2253,27
2021-06-20,Solano,095,438530,33343,33361,562,33923,266
2021-06-20,Sonoma,097,501317,30810,30884,355,31239,314
2021-06-20,Stanislaus,099,539301,57000,56868,5946,62814,1017
2021-06-20,Sutter,101,95872,9594,9645,87,9732,113
2021-06-20,Tehama,103,63373,5145,5115,579,5694,63
2021-06-20,Trinity,105,12862,491,337,95,432,3
2021-06-20,Tulare,107,460477,50404,49685,8982,58667,849
2021-06-20,Tuolumne,109,53932,4068,4117,43,4160,63
2021-06-20,Ventura,111,848112,81696,81282,2986,84268,1031
2021-06-20,Yolo,113,214977,14167,14160,256,14416,212
2021-06-20,Yuba,115,75493,6192,6167,129,6296,51
2021-06-19,Alameda,001,1643700,89070,89202,1936,91138,1263
2021-06-19,Alpine,003,1148,88,88,0,88,0
2021-06-19,Amador,005,37829,3737,3739,32,3771,46
2021-06-19,Butte,007,227075,12759,12659,1847,14506,194
2021-06-19,Calaveras,009,45235,2192,2192,13,2205,55
2021-06-19,Colusa,011,21464,1964,1969,318,2287,15
2021-06-19,Contra Costa,013,1133247,70728,70334,1298,71632,813
2021-06-19,Del Norte,015,27424,1447,1416,13,1429,8
2021-06-19,El Dorado,017,186661,10442,10363,763,11126,113
2021-06-19,Fresno,019,978130,103315,102922,8661,111583,1724
2021-06-19,Glenn,021,27897,2446,2434,561,2995,19
2021-06-19,Humboldt,023,135768,4466,4463,42,4505,42
2021-06-19,Imperial,025,180216,28742,28813,2693,31506,740
2021-06-19,Inyo,027,18085,1409,1405,12,1417,35
2021-06-19,Kern,029,883053,97804,96966,10985,107951,1342
2021-06-19,Kings,031,150075,23231,23086,1078,24164,245
2021-06-19,Lake,033,64148,3577,3563,13,3576,45
2021-06-19,Lassen,035,31185,5266,5225,115,5340,19
2021-06-19,Los Angeles,037,10098052,1211572,1205602,41022,1246624,24454
2021-06-19,Madera,039,155013,16758,16632,933,17565,240
2021-06-19,Marin,041,260295,14188,14152,259,14411,230
2021-06-19,Mariposa,043,17540,439,439,11,450,5
2021-06-19,Mendocino,045,87422,4150,4077,83,4160,49
2021-06-19,Merced,047,269075,31183,31256,1039,32295,465
2021-06-19,Modoc,049,8938,411,402,145,547,3
2021-06-19,Mono,051,14174,1267,1275,17,1292,3
2021-06-19,Monterey,053,433212,43287,43153,1839,44992,427
2021-06-19,Napa,055,140530,10007,10025,36,10061,80
2021-06-19,Nevada,057,99092,4944,4910,193,5103,72
2021-06-19,Orange,059,3164182,256283,255329,11378,266707,5112
2021-06-19,Placer,061,380077,23718,23537,1526,25063,298
2021-06-19,Plumas,063,18699,716,697,11,708,4
2021-06-19,Riverside,065,2383286,295250,289720,13953,303673,4456
2021-06-19,Sacramento,067,1510023,107822,107631,1796,109427,1669
2021-06-19,San Benito,069,59416,6079,6098,113,6211,63
2021-06-19,San Bernardino,071,2135413,294302,293673,8978,302651,4844
2021-06-19,San Diego,073,3302833,282591,281682,15258,296940,3771
2021-06-19,San Francisco,075,870044,37013,37256,1281,38537,556
2021-06-19,San Joaquin,077,732212,73896,73652,3561,77213,1405
2021-06-19,San Luis Obispo,079,281455,21505,21308,744,22052,257
2021-06-19,San Mateo,081,765935,42608,42646,473,43119,542
2021-06-19,Santa Barbara,083,443738,34585,34472,1120,35592,455
2021-06-19,Santa Clara,085,1922200,119314,120110,762,120872,2093
2021-06-19,Santa Cruz,087,273765,16318,16206,799,17005,208
2021-06-19,Shasta,089,179085,12555,12615,1618,14233,201
2021-06-19,Sierra,091,2930,62,57,12,69,0
2021-06-19,Siskiyou,093,43540,1964,1891,362,2253,27
2021-06-19,Solano,095,438530,33333,33341,561,33902,266
2021-06-19,Sonoma,097,501317,30769,30841,355,31196,314
2021-06-19,Stanislaus,099,539301,56981,56847,5943,62790,1017
2021-06-19,Sutter,101,95872,9591,9645,87,9732,113
2021-06-19,Tehama,103,63373,5144,5115,579,5694,63
2021-06-19,Trinity,105,12862,491,337,95,432,3
2021-06-19,Tulare,107,460477,50397,49681,8977,58658,849
2021-06-19,Tuolumne,109,53932,4068,4117,43,4160,63
2021-06-19,Ventura,111,848112,81683,81270,2985,84255,1031
2021-06-19,Yolo,113,214977,14163,14156,255,14411,212
2021-06-19,Yuba,115,75493,6191,6157,129,6286,51
2021-06-18,Alameda,001,1643700,89033,89123,1936,91059,1263
2021-06-18,Alpine,003,1148,88,88,0,88,0
2021-06-18,Amador,005,37829,3737,3739,32,3771,46
2021-06-18,Butte,007,227075,12756,12653,1844,14497,194
2021-06-18,Calaveras,009,45235,2192,2191,13,2204,55
2021-06-18,Colusa,011,21464,1963,1969,318,2287,15
2021-06-18,Contra Costa,013,1133247,70686,70271,1296,71567,813
2021-06-18,Del Norte,015,27424,1447,1415,13,1428,8
2021-06-18,El Dorado,017,186661,10439,10348,761,11109,113
2021-06-18,Fresno,019,978130,103299,102894,8659,111553,1722
2021-06-18,Glenn,021,27897,2445,2430,561,2991,19
2021-06-18,Humboldt,023,135768,4458,4450,42,4492,42
2021-06-18,Imperial,025,180216,28740,28809,2693,31502,740
2021-06-18,Inyo,027,18085,1409,1405,12,1417,35
2021-06-18,Kern,029,883053,97793,96948,10979,107927,1341
2021-06-18,Kings,031,150075,23226,23082,1078,24160,245
2021-06-18,Lake,033,64148,3573,3563,13,3576,45
2021-06-18,Lassen,035,31185,5265,5224,115,5339,19
2021-06-18,Los Angeles,037,10098052,1211406,1205472,41005,1246477,24451
2021-06-18,Madera,039,155013,16752,16625,933,17558,241
2021-06-18,Marin,041,260295,14185,14147,259,14406,230
2021-06-18,Mariposa,043,17540,439,439,11,450,5
2021-06-18,Mendocino,045,87422,4145,4068,83,4151,49
2021-06-18,Merced,047,269075,31181,31262,1039,32301,464
2021-06-18,Modoc,049,8938,411,402,145,547,3
2021-06-18,Mono,051,14174,1266,1275,16,1291,3
2021-06-18,Monterey,053,433212,43284,43148,1839,44987,427
2021-06-18,Napa,055,140530,10003,10021,36,10057,80
2021-06-18,Nevada,057,99092,4936,4903,193,5096,72
2021-06-18,Orange,059,3164182,256246,255274,11375,266649,5108
2021-06-18,Placer,061,380077,23710,23500,1523,25023,298
2021-06-18,Plumas,063,18699,716,697,11,708,4
2021-06-18,Riverside,065,2383286,295201,289676,13952,303628,4457
2021-06-18,Sacramento,067,1510023,107774,107570,1796,109366,1669
2021-06-18,San Benito,069,59416,6078,6097,113,6210,63
2021-06-18,San Bernardino,071,2135413,294258,293629,8974,302603,4826
2021-06-18,San Diego,073,3302833,282515,281608,15247,296855,3771
2021-06-18,San Francisco,075,870044,37004,37246,1281,38527,556
2021-06-18,San Joaquin,077,732212,73878,73623,3559,77182,1403
2021-06-18,San Luis Obispo,079,281455,21501,21301,742,22043,257
2021-06-18,San Mateo,081,765935,42597,42630,472,43102,542
2021-06-18,Santa Barbara,083,443738,34575,34469,1120,35589,455
2021-06-18,Santa Clara,085,1922200,119293,120081,760,120841,2093
2021-06-18,Santa Cruz,087,273765,16314,16202,799,17001,208
2021-06-18,Shasta,089,179085,12551,12607,1616,14223,201
2021-06-18,Sierra,091,2930,61,57,12,69,0
2021-06-18,Siskiyou,093,43540,1964,1890,362,2252,27
2021-06-18,Solano,095,438530,33319,33323,561,33884,266
2021-06-18,Sonoma,097,501317,30751,30816,354,31170,313
2021-06-18,Stanislaus,099,539301,56966,56803,5941,62744,1012
2021-06-18,Sutter,101,95872,9588,9643,87,9730,113
2021-06-18,Tehama,103,63373,5142,5114,579,5693,63
2021-06-18,Trinity,105,12862,491,337,94,431,3
2021-06-18,Tulare,107,460477,50395,49664,8970,58634,849
2021-06-18,Tuolumne,109,53932,4065,4116,43,4159,63
2021-06-18,Ventura,111,848112,81673,81256,2980,84236,1031
2021-06-18,Yolo,113,214977,14160,14148,253,14401,212
2021-06-18,Yuba,115,75493,6185,6150,129,6279,51
2021-06-17,Alameda,001,1643700,88987,89087,1936,91023,1262
2021-06-17,Alpine,003,1148,88,88,0,88,0
2021-06-17,Amador,005,37829,3735,3731,32,3763,46
2021-06-17,Butte,007,227075,12746,12644,1843,14487,194
2021-06-17,Calaveras,009,45235,2191,2189,13,2202,55
2021-06-17,Colusa,011,21464,1962,1969,318,2287,15
2021-06-17,Contra Costa,013,1133247,70647,70190,1292,71482,810
2021-06-17,Del Norte,015,27424,1445,1413,13,1426,8
2021-06-17,El Dorado,017,186661,10429,10341,761,11102,113
2021-06-17,Fresno,019,978130,103273,102867,8655,111522,1722
2021-06-17,Glenn,021,27897,2445,2430,561,2991,19
2021-06-17,Humboldt,023,135768,4449,4438,42,4480,42
2021-06-17,Imperial,025,180216,28732,28801,2693,31494,741
2021-06-17,Inyo,027,18085,1409,1405,12,1417,35
2021-06-17,Kern,029,883053,97778,96840,10973,107813,1340
2021-06-17,Kings,031,150075,23222,23078,1077,24155,245
2021-06-17,Lake,033,64148,3570,3563,9,3572,45
2021-06-17,Lassen,035,31185,5261,5223,115,5338,19
2021-06-17,Los Angeles,037,10098052,1211191,1205301,40978,1246279,24444
2021-06-17,Madera,039,155013,16747,16618,933,17551,241
2021-06-17,Marin,041,260295,14185,14141,259,14400,229
2021-06-17,Mariposa,043,17540,439,439,11,450,5
2021-06-17,Mendocino,045,87422,4138,4054,83,4137,49
2021-06-17,Merced,047,269075,31176,31262,1039,32301,464
2021-06-17,Modoc,049,8938,410,401,145,546,3
2021-06-17,Mono,051,14174,1265,1275,16,1291,3
2021-06-17,Monterey,053,433212,43276,43140,1839,44979,416
2021-06-17,Napa,055,140530,10003,10014,36,10050,80
2021-06-17,Nevada,057,99092,4932,4898,193,5091,72
2021-06-17,Orange,059,3164182,256200,255240,11364,266604,5109
2021-06-17,Placer,061,380077,23694,23461,1521,24982,298
2021-06-17,Plumas,063,18699,715,697,11,708,4
2021-06-17,Riverside,065,2383286,295147,289627,13950,303577,4458
2021-06-17,Sacramento,067,1510023,107710,107492,1794,109286,1666
2021-06-17,San Benito,069,59416,6078,6097,113,6210,63
2021-06-17,San Bernardino,071,2135413,294217,293560,8974,302534,4811
2021-06-17,San Diego,073,3302833,282439,281531,15233,296764,3771
2021-06-17,San Francisco,075,870044,36993,37243,1280,38523,556
2021-06-17,San Joaquin,077,732212,73855,73560,3554,77114,1403
2021-06-17,San Luis Obispo,079,281455,21499,21297,742,22039,257
2021-06-17,San Mateo,081,765935,42591,42615,472,43087,542
2021-06-17,Santa Barbara,083,443738,34569,34466,1120,35586,453
2021-06-17,Santa Clara,085,1922200,119268,120032,759,120791,2093
2021-06-17,Santa Cruz,087,273765,16310,16197,799,16996,208
2021-06-17,Shasta,089,179085,12543,12597,1616,14213,201
2021-06-17,Sierra,091,2930,61,56,12,68,0
2021-06-17,Siskiyou,093,43540,1963,1889,362,2251,27
2021-06-17,Solano,095,438530,33298,33296,560,33856,266
2021-06-17,Sonoma,097,501317,30721,30793,354,31147,323
2021-06-17,Stanislaus,099,539301,56935,56752,5936,62688,1012
2021-06-17,Sutter,101,95872,9585,9629,87,9716,113
2021-06-17,Tehama,103,63373,5141,5112,577,5689,63
2021-06-17,Trinity,105,12862,490,337,94,431,3
2021-06-17,Tulare,107,460477,50390,49649,8962,58611,849
2021-06-17,Tuolumne,109,53932,4064,4116,43,4159,63
2021-06-17,Ventura,111,848112,81664,81248,2977,84225,1030
2021-06-17,Yolo,113,214977,14152,14141,253,14394,212
2021-06-17,Yuba,115,75493,6176,6140,129,6269,51
2021-06-16,Alameda,001,1643700,88938,89045,1935,90980,1265
2021-06-16,Alpine,003,1148,88,88,0,88,0
2021-06-16,Amador,005,37829,3734,3730,32,3762,46
2021-06-16,Butte,007,227075,12744,12635,1841,14476,194
2021-06-16,Calaveras,009,45235,2189,2188,13,2201,55
2021-06-16,Colusa,011,21464,1962,1967,318,2285,15
2021-06-16,Contra Costa,013,1133247,70595,70136,1291,71427,810
2021-06-16,Del Norte,015,27424,1442,1413,13,1426,8
2021-06-16,El Dorado,017,186661,10423,10334,760,11094,113
2021-06-16,Fresno,019,978130,103242,102842,8651,111493,1722
2021-06-16,Glenn,021,27897,2445,2430,561,2991,19
2021-06-16,Humboldt,023,135768,4440,4427,41,4468,42
2021-06-16,Imperial,025,180216,28729,28796,2693,31489,741
2021-06-16,Inyo,027,18085,1408,1405,12,1417,35
2021-06-16,Kern,029,883053,97756,96789,10966,107755,1339
2021-06-16,Kings,031,150075,23221,23072,1076,24148,245
2021-06-16,Lake,033,64148,3570,3562,9,3571,45
2021-06-16,Lassen,035,31185,5258,5216,115,5331,19
2021-06-16,Los Angeles,037,10098052,1210967,1205102,40968,1246070,24439
2021-06-16,Madera,039,155013,16743,16603,933,17536,240
2021-06-16,Marin,041,260295,14183,14137,259,14396,229
2021-06-16,Mariposa,043,17540,439,437,11,448,5
2021-06-16,Mendocino,045,87422,4130,4041,83,4124,49
2021-06-16,Merced,047,269075,31168,31250,1039,32289,463
2021-06-16,Modoc,049,8938,409,383,144,527,3
2021-06-16,Mono,051,14174,1265,1275,16,1291,3
2021-06-16,Monterey,053,433212,43273,43122,1839,44961,416
2021-06-16,Napa,055,140530,9999,10011,36,10047,80
2021-06-16,Nevada,057,99092,4927,4894,193,5087,72
2021-06-16,Orange,059,3164182,256146,255188,11356,266544,5109
2021-06-16,Placer,061,380077,23684,23425,1517,24942,298
2021-06-16,Plumas,063,18699,715,697,11,708,4
2021-06-16,Riverside,065,2383286,295086,289539,13948,303487,4457
2021-06-16,Sacramento,067,1510023,107640,107422,1790,109212,1665
2021-06-16,San Benito,069,59416,6078,6090,113,6203,63
2021-06-16,San Bernardino,071,2135413,294168,293499,8972,302471,4797
2021-06-16,San Diego,073,3302833,282360,281423,15220,296643,3770
2021-06-16,San Francisco,075,870044,36980,37222,1278,38500,555
2021-06-16,San Joaquin,077,732212,73817,73530,3550,77080,1399
2021-06-16,San Luis Obispo,079,281455,21494,21294,742,22036,257
2021-06-16,San Mateo,081,765935,42575,42601,472,43073,542
2021-06-16,Santa Barbara,083,443738,34563,34459,1120,35579,460
2021-06-16,Santa Clara,085,1922200,119236,119982,759,120741,2087
2021-06-16,Santa Cruz,087,273765,16307,16187,799,16986,208
2021-06-16,Shasta,089,179085,12538,12592,1615,14207,200
2021-06-16,Sierra,091,2930,61,56,12,68,0
2021-06-16,Siskiyou,093,43540,1962,1886,362,2248,26
2021-06-16,Solano,095,438530,33270,33276,560,33836,266
2021-06-16,Sonoma,097,501317,30685,30741,354,31095,323
2021-06-16,Stanislaus,099,539301,56904,56738,5934,62672,984
2021-06-16,Sutter,101,95872,9581,9620,87,9707,113
2021-06-16,Tehama,103,63373,5139,5106,577,5683,63
2021-06-16,Trinity,105,12862,489,332,94,426,3
2021-06-16,Tulare,107,460477,50385,49578,8958,58536,849
2021-06-16,Tuolumne,109,53932,4064,4110,43,4153,63
2021-06-16,Ventura,111,848112,81650,81229,2975,84204,1029
2021-06-16,Yolo,113,214977,14143,14135,252,14387,212
2021-06-16,Yuba,115,75493,6166,6134,129,6263,51
2021-06-15,Alameda,001,1643700,88896,89008,1935,90943,1262
2021-06-15,Alpine,003,1148,88,88,0,88,0
2021-06-15,Amador,005,37829,3731,3723,32,3755,46
2021-06-15,Butte,007,227075,12736,12620,1840,14460,194
2021-06-15,Calaveras,009,45235,2188,2188,13,2201,55
2021-06-15,Colusa,011,21464,1962,1967,316,2283,15
2021-06-15,Contra Costa,013,1133247,70533,70101,1291,71392,810
2021-06-15,Del Norte,015,27424,1441,1411,13,1424,8
2021-06-15,El Dorado,017,186661,10414,10330,760,11090,113
2021-06-15,Fresno,019,978130,103210,102828,8650,111478,1722
2021-06-15,Glenn,021,27897,2444,2426,561,2987,19
2021-06-15,Humboldt,023,135768,4431,4414,40,4454,42
2021-06-15,Imperial,025,180216,28723,28789,2693,31482,741
2021-06-15,Inyo,027,18085,1408,1405,12,1417,35
2021-06-15,Kern,029,883053,97728,96782,10958,107740,1338
2021-06-15,Kings,031,150075,23215,23070,1074,24144,245
2021-06-15,Lake,033,64148,3569,3559,9,3568,45
2021-06-15,Lassen,035,31185,5257,5211,115,5326,19
2021-06-15,Los Angeles,037,10098052,1210742,1204926,40960,1245886,24435
2021-06-15,Madera,039,155013,16736,16600,932,17532,240
2021-06-15,Marin,041,260295,14175,14135,259,14394,229
2021-06-15,Mariposa,043,17540,439,437,11,448,5
2021-06-15,Mendocino,045,87422,4123,4034,83,4117,49
2021-06-15,Merced,047,269075,31162,31244,1039,32283,461
2021-06-15,Modoc,049,8938,408,383,144,527,3
2021-06-15,Mono,051,14174,1265,1275,16,1291,3
2021-06-15,Monterey,053,433212,43267,43118,1839,44957,416
2021-06-15,Napa,055,140530,9997,10010,36,10046,80
2021-06-15,Nevada,057,99092,4924,4888,193,5081,72
2021-06-15,Orange,059,3164182,256105,255127,11347,266474,5105
2021-06-15,Placer,061,380077,23662,23396,1516,24912,298
2021-06-15,Plumas,063,18699,714,697,11,708,4
2021-06-15,Riverside,065,2383286,295026,289508,13944,303452,4455
2021-06-15,Sacramento,067,1510023,107565,107370,1784,109154,1662
2021-06-15,San Benito,069,59416,6077,6089,113,6202,63
2021-06-15,San Bernardino,071,2135413,294118,293463,8966,302429,4790
2021-06-15,San Diego,073,3302833,282276,281375,15205,296580,3770
2021-06-15,San Francisco,075,870044,36971,37210,1277,38487,555
2021-06-15,San Joaquin,077,732212,73777,73494,3545,77039,1399
2021-06-15,San Luis Obispo,079,281455,21489,21293,741,22034,257
2021-06-15,San Mateo,081,765935,42562,42593,472,43065,543
2021-06-15,Santa Barbara,083,443738,34558,34451,1120,35571,460
2021-06-15,Santa Clara,085,1922200,119198,119963,759,120722,2086
2021-06-15,Santa Cruz,087,273765,16301,16180,798,16978,208
2021-06-15,Shasta,089,179085,12532,12583,1615,14198,201
2021-06-15,Sierra,091,2930,60,55,12,67,0
2021-06-15,Siskiyou,093,43540,1961,1887,362,2249,26
2021-06-15,Solano,095,438530,33251,33264,560,33824,266
2021-06-15,Sonoma,097,501317,30646,30707,353,31060,323
2021-06-15,Stanislaus,099,539301,56876,56724,5931,62655,979
2021-06-15,Sutter,101,95872,9572,9616,87,9703,113
2021-06-15,Tehama,103,63373,5137,5102,577,5679,63
2021-06-15,Trinity,105,12862,488,332,93,425,3
2021-06-15,Tulare,107,460477,50379,49561,8955,58516,848
2021-06-15,Tuolumne,109,53932,4064,4111,43,4154,63
2021-06-15,Ventura,111,848112,81639,81215,2972,84187,1029
2021-06-15,Yolo,113,214977,14139,14127,250,14377,212
2021-06-15,Yuba,115,75493,6155,6130,129,6259,51
2021-06-14,Alameda,001,1643700,88848,88966,1935,90901,1264
2021-06-14,Alpine,003,1148,88,88,0,88,0
2021-06-14,Amador,005,37829,3730,3722,32,3754,46
2021-06-14,Butte,007,227075,12725,12613,1836,14449,194
2021-06-14,Calaveras,009,45235,2187,2190,13,2203,55
2021-06-14,Colusa,011,21464,1961,1966,316,2282,15
2021-06-14,Contra Costa,013,1133247,70480,70069,1289,71358,810
2021-06-14,Del Norte,015,27424,1441,1411,13,1424,8
2021-06-14,El Dorado,017,186661,10405,10327,758,11085,113
2021-06-14,Fresno,019,978130,103188,102812,8648,111460,1719
2021-06-14,Glenn,021,27897,2444,2426,561,2987,19
2021-06-14,Humboldt,023,135768,4423,4407,39,4446,42
2021-06-14,Imperial,025,180216,28711,28836,2693,31529,741
2021-06-14,Inyo,027,18085,1407,1405,12,1417,35
2021-06-14,Kern,029,883053,97708,96760,10948,107708,1337
2021-06-14,Kings,031,150075,23212,23071,1073,24144,245
2021-06-14,Lake,033,64148,3568,3557,9,3566,45
2021-06-14,Lassen,035,31185,5254,5209,114,5323,19
2021-06-14,Los Angeles,037,10098052,1210500,1204748,40950,1245698,24434
2021-06-14,Madera,039,155013,16730,16597,931,17528,240
2021-06-14,Marin,041,260295,14173,14133,259,14392,229
2021-06-14,Mariposa,043,17540,438,437,11,448,5
2021-06-14,Mendocino,045,87422,4117,4028,83,4111,49
2021-06-14,Merced,047,269075,31153,31241,1038,32279,461
2021-06-14,Modoc,049,8938,399,382,142,524,3
2021-06-14,Mono,051,14174,1265,1275,16,1291,3
2021-06-14,Monterey,053,433212,43264,43110,1839,44949,415
2021-06-14,Napa,055,140530,9993,10000,36,10036,80
2021-06-14,Nevada,057,99092,4917,4885,193,5078,72
2021-06-14,Orange,059,3164182,256067,255069,11343,266412,5103
2021-06-14,Placer,061,380077,23637,23379,1515,24894,298
2021-06-14,Plumas,063,18699,714,696,11,707,4
2021-06-14,Riverside,065,2383286,294972,289476,13944,303420,4453
2021-06-14,Sacramento,067,1510023,107511,107334,1779,109113,1661
2021-06-14,San Benito,069,59416,6077,6087,113,6200,63
2021-06-14,San Bernardino,071,2135413,294062,293446,8962,302408,4790
2021-06-14,San Diego,073,3302833,282170,281314,15185,296499,3770
2021-06-14,San Francisco,075,870044,36958,37206,1277,38483,555
2021-06-14,San Joaquin,077,732212,73748,73453,3545,76998,1398
2021-06-14,San Luis Obispo,079,281455,21487,21302,741,22043,256
2021-06-14,San Mateo,081,765935,42549,42619,471,43090,543
2021-06-14,Santa Barbara,083,443738,34555,34449,1120,35569,460
2021-06-14,Santa Clara,085,1922200,119167,119957,758,120715,2085
2021-06-14,Santa Cruz,087,273765,16298,16175,798,16973,208
2021-06-14,Shasta,089,179085,12521,12561,1612,14173,201
2021-06-14,Sierra,091,2930,59,55,12,67,0
2021-06-14,Siskiyou,093,43540,1961,1886,362,2248,26
2021-06-14,Solano,095,438530,33234,33243,559,33802,266
2021-06-14,Sonoma,097,501317,30614,30679,352,31031,323
2021-06-14,Stanislaus,099,539301,56839,56689,5928,62617,975
2021-06-14,Sutter,101,95872,9569,9607,87,9694,112
2021-06-14,Tehama,103,63373,5135,5102,577,5679,63
2021-06-14,Trinity,105,12862,488,332,93,425,3
2021-06-14,Tulare,107,460477,50374,49538,8952,58490,848
2021-06-14,Tuolumne,109,53932,4061,4108,43,4151,63
2021-06-14,Ventura,111,848112,81629,81209,2972,84181,1028
2021-06-14,Yolo,113,214977,14131,14123,250,14373,212
2021-06-14,Yuba,115,75493,6148,6127,129,6256,50
2021-06-13,Alameda,001,1643700,88791,88947,1934,90881,1264
2021-06-13,Alpine,003,1148,87,88,0,88,0
2021-06-13,Amador,005,37829,3726,3721,32,3753,46
2021-06-13,Butte,007,227075,12714,12586,1833,14419,194
2021-06-13,Calaveras,009,45235,2187,2189,13,2202,55
2021-06-13,Colusa,011,21464,1961,1965,315,2280,15
2021-06-13,Contra Costa,013,1133247,70426,70040,1287,71327,810
2021-06-13,Del Norte,015,27424,1439,1412,13,1425,8
2021-06-13,El Dorado,017,186661,10396,10324,758,11082,113
2021-06-13,Fresno,019,978130,103158,102795,8643,111438,1719
2021-06-13,Glenn,021,27897,2443,2425,559,2984,19
2021-06-13,Humboldt,023,135768,4410,4401,39,4440,42
2021-06-13,Imperial,025,180216,28702,28800,2693,31493,741
2021-06-13,Inyo,027,18085,1407,1405,12,1417,35
2021-06-13,Kern,029,883053,97684,96743,10936,107679,1337
2021-06-13,Kings,031,150075,23207,23069,1072,24141,245
2021-06-13,Lake,033,64148,3568,3556,9,3565,45
2021-06-13,Lassen,035,31185,5249,5209,114,5323,19
2021-06-13,Los Angeles,037,10098052,1210232,1204614,40938,1245552,24433
2021-06-13,Madera,039,155013,16716,16590,931,17521,240
2021-06-13,Marin,041,260295,14167,14126,259,14385,229
2021-06-13,Mariposa,043,17540,438,434,11,445,5
2021-06-13,Mendocino,045,87422,4110,4026,83,4109,49
2021-06-13,Merced,047,269075,31147,31240,1037,32277,461
2021-06-13,Modoc,049,8938,397,382,140,522,3
2021-06-13,Mono,051,14174,1265,1275,16,1291,3
2021-06-13,Monterey,053,433212,43256,43108,1839,44947,415
2021-06-13,Napa,055,140530,9987,9995,36,10031,80
2021-06-13,Nevada,057,99092,4912,4883,193,5076,72
2021-06-13,Orange,059,3164182,256012,255043,11340,266383,5103
2021-06-13,Placer,061,380077,23611,23365,1513,24878,295
2021-06-13,Plumas,063,18699,713,696,11,707,4
2021-06-13,Riverside,065,2383286,294905,289447,13941,303388,4453
2021-06-13,Sacramento,067,1510023,107435,107289,1776,109065,1658
2021-06-13,San Benito,069,59416,6077,6086,113,6199,63
2021-06-13,San Bernardino,071,2135413,294010,293416,8957,302373,4788
2021-06-13,San Diego,073,3302833,282091,281268,15169,296437,3770
2021-06-13,San Francisco,075,870044,36946,37197,1277,38474,555
2021-06-13,San Joaquin,077,732212,73713,73438,3543,76981,1398
2021-06-13,San Luis Obispo,079,281455,21481,21298,740,22038,256
2021-06-13,San Mateo,081,765935,42536,42611,471,43082,542
2021-06-13,Santa Barbara,083,443738,34544,34449,1119,35568,460
2021-06-13,Santa Clara,085,1922200,119143,119946,758,120704,2085
2021-06-13,Santa Cruz,087,273765,16291,16172,798,16970,208
2021-06-13,Shasta,089,179085,12512,12560,1611,14171,201
2021-06-13,Sierra,091,2930,59,55,12,67,0
2021-06-13,Siskiyou,093,43540,1960,1885,362,2247,26
2021-06-13,Solano,095,438530,33213,33234,559,33793,266
2021-06-13,Sonoma,097,501317,30579,30663,350,31013,323
2021-06-13,Stanislaus,099,539301,56813,56671,5925,62596,975
2021-06-13,Sutter,101,95872,9562,9603,87,9690,112
2021-06-13,Tehama,103,63373,5133,5100,577,5677,63
2021-06-13,Trinity,105,12862,487,332,93,425,3
2021-06-13,Tulare,107,460477,50365,49537,8947,58484,848
2021-06-13,Tuolumne,109,53932,4059,4107,42,4149,63
2021-06-13,Ventura,111,848112,81615,81201,2972,84173,1028
2021-06-13,Yolo,113,214977,14122,14120,248,14368,212
2021-06-13,Yuba,115,75493,6141,6125,129,6254,50
2021-06-12,Alameda,001,1643700,88764,88901,1934,90835,1271
2021-06-12,Alpine,003,1148,87,88,0,88,0
2021-06-12,Amador,005,37829,3725,3721,32,3753,46
2021-06-12,Butte,007,227075,12710,12576,1833,14409,194
2021-06-12,Calaveras,009,45235,2187,2189,13,2202,55
2021-06-12,Colusa,011,21464,1961,1965,315,2280,15
2021-06-12,Contra Costa,013,1133247,70395,69989,1285,71274,810
2021-06-12,Del Norte,015,27424,1439,1412,13,1425,8
2021-06-12,El Dorado,017,186661,10391,10320,757,11077,113
2021-06-12,Fresno,019,978130,103148,102783,8642,111425,1720
2021-06-12,Glenn,021,27897,2441,2425,559,2984,19
2021-06-12,Humboldt,023,135768,4402,4396,39,4435,42
2021-06-12,Imperial,025,180216,28699,28799,2693,31492,741
2021-06-12,Inyo,027,18085,1407,1405,12,1417,35
2021-06-12,Kern,029,883053,97669,96731,10932,107663,1337
2021-06-12,Kings,031,150075,23205,23067,1072,24139,245
2021-06-12,Lake,033,64148,3567,3552,9,3561,45
2021-06-12,Lassen,035,31185,5249,5208,114,5322,19
2021-06-12,Los Angeles,037,10098052,1210092,1204439,40932,1245371,24434
2021-06-12,Madera,039,155013,16712,16586,931,17517,240
2021-06-12,Marin,041,260295,14164,14121,259,14380,229
2021-06-12,Mariposa,043,17540,438,434,11,445,5
2021-06-12,Mendocino,045,87422,4107,4024,83,4107,49
2021-06-12,Merced,047,269075,31144,31236,1037,32273,461
2021-06-12,Modoc,049,8938,396,382,140,522,3
2021-06-12,Mono,051,14174,1265,1275,16,1291,3
2021-06-12,Monterey,053,433212,43251,43103,1839,44942,415
2021-06-12,Napa,055,140530,9983,9986,36,10022,80
2021-06-12,Nevada,057,99092,4906,4878,193,5071,72
2021-06-12,Orange,059,3164182,255980,255004,11338,266342,5103
2021-06-12,Placer,061,380077,23592,23345,1513,24858,295
2021-06-12,Plumas,063,18699,713,696,11,707,4
2021-06-12,Riverside,065,2383286,294863,289413,13938,303351,4453
2021-06-12,Sacramento,067,1510023,107376,107199,1773,108972,1658
2021-06-12,San Benito,069,59416,6075,6083,113,6196,63
2021-06-12,San Bernardino,071,2135413,293975,293375,8955,302330,4788
2021-06-12,San Diego,073,3302833,282034,281203,15160,296363,3770
2021-06-12,San Francisco,075,870044,36936,37189,1277,38466,555
2021-06-12,San Joaquin,077,732212,73694,73413,3542,76955,1398
2021-06-12,San Luis Obispo,079,281455,21478,21293,740,22033,256
2021-06-12,San Mateo,081,765935,42530,42604,471,43075,542
2021-06-12,Santa Barbara,083,443738,34539,34450,1119,35569,460
2021-06-12,Santa Clara,085,1922200,119103,119894,758,120652,2085
2021-06-12,Santa Cruz,087,273765,16283,16170,798,16968,208
2021-06-12,Shasta,089,179085,12509,12556,1610,14166,201
2021-06-12,Sierra,091,2930,59,55,12,67,0
2021-06-12,Siskiyou,093,43540,1959,1884,362,2246,25
2021-06-12,Solano,095,438530,33204,33219,559,33778,266
2021-06-12,Sonoma,097,501317,30550,30647,350,30997,323
2021-06-12,Stanislaus,099,539301,56796,56649,5924,62573,974
2021-06-12,Sutter,101,95872,9558,9603,87,9690,112
2021-06-12,Tehama,103,63373,5133,5099,576,5675,63
2021-06-12,Trinity,105,12862,487,332,93,425,3
2021-06-12,Tulare,107,460477,50360,49533,8940,58473,848
2021-06-12,Tuolumne,109,53932,4058,4105,42,4147,63
2021-06-12,Ventura,111,848112,81603,81197,2972,84169,1028
2021-06-12,Yolo,113,214977,14119,14118,247,14365,212
2021-06-12,Yuba,115,75493,6136,6120,129,6249,50
2021-06-11,Alameda,001,1643700,88736,88844,1934,90778,1278
2021-06-11,Alpine,003,1148,87,88,0,88,0
2021-06-11,Amador,005,37829,3724,3710,32,3742,46
2021-06-11,Butte,007,227075,12706,12576,1831,14407,194
2021-06-11,Calaveras,009,45235,2187,2188,13,2201,55
2021-06-11,Colusa,011,21464,1960,1964,315,2279,15
2021-06-11,Contra Costa,013,1133247,70362,69940,1283,71223,808
2021-06-11,Del Norte,015,27424,1439,1409,13,1422,8
2021-06-11,El Dorado,017,186661,10388,10316,757,11073,113
2021-06-11,Fresno,019,978130,103129,102770,8641,111411,1720
2021-06-11,Glenn,021,27897,2441,2425,559,2984,19
2021-06-11,Humboldt,023,135768,4398,4389,39,4428,42
2021-06-11,Imperial,025,180216,28694,28793,2693,31486,741
2021-06-11,Inyo,027,18085,1407,1405,12,1417,35
2021-06-11,Kern,029,883053,97657,96718,10929,107647,1340
2021-06-11,Kings,031,150075,23201,23069,1071,24140,245
2021-06-11,Lake,033,64148,3566,3550,9,3559,45
2021-06-11,Lassen,035,31185,5248,5204,114,5318,18
2021-06-11,Los Angeles,037,10098052,1209942,1204259,40917,1245176,24434
2021-06-11,Madera,039,155013,16709,16582,931,17513,240
2021-06-11,Marin,041,260295,14161,14116,259,14375,229
2021-06-11,Mariposa,043,17540,438,434,11,445,5
2021-06-11,Mendocino,045,87422,4104,4022,83,4105,49
2021-06-11,Merced,047,269075,31139,31231,1037,32268,461
2021-06-11,Modoc,049,8938,396,382,139,521,3
2021-06-11,Mono,051,14174,1265,1274,16,1290,3
2021-06-11,Monterey,053,433212,43247,43097,1839,44936,415
2021-06-11,Napa,055,140530,9980,9977,36,10013,80
2021-06-11,Nevada,057,99092,4904,4873,193,5066,72
2021-06-11,Orange,059,3164182,255946,254975,11335,266310,5101
2021-06-11,Placer,061,380077,23587,23330,1513,24843,294
2021-06-11,Plumas,063,18699,713,696,11,707,4
2021-06-11,Riverside,065,2383286,294825,289376,13933,303309,4451
2021-06-11,Sacramento,067,1510023,107316,107119,1772,108891,1659
2021-06-11,San Benito,069,59416,6074,6082,113,6195,63
2021-06-11,San Bernardino,071,2135413,293939,293335,8951,302286,4788
2021-06-11,San Diego,073,3302833,281994,281144,15153,296297,3768
2021-06-11,San Francisco,075,870044,36931,37177,1277,38454,555
2021-06-11,San Joaquin,077,732212,73677,73347,3539,76886,1397
2021-06-11,San Luis Obispo,079,281455,21477,21288,740,22028,256
2021-06-11,San Mateo,081,765935,42516,42585,471,43056,542
2021-06-11,Santa Barbara,083,443738,34536,34438,1119,35557,460
2021-06-11,Santa Clara,085,1922200,119083,119860,758,120618,2083
2021-06-11,Santa Cruz,087,273765,16275,16164,798,16962,208
2021-06-11,Shasta,089,179085,12501,12550,1608,14158,201
2021-06-11,Sierra,091,2930,59,55,12,67,0
2021-06-11,Siskiyou,093,43540,1958,1882,362,2244,25
2021-06-11,Solano,095,438530,33184,33179,558,33737,266
2021-06-11,Sonoma,097,501317,30532,30624,350,30974,323
2021-06-11,Stanislaus,099,539301,56770,56617,5920,62537,974
2021-06-11,Sutter,101,95872,9555,9600,86,9686,112
2021-06-11,Tehama,103,63373,5132,5099,576,5675,63
2021-06-11,Trinity,105,12862,487,331,93,424,3
2021-06-11,Tulare,107,460477,50354,49516,8939,58455,848
2021-06-11,Tuolumne,109,53932,4055,4104,42,4146,63
2021-06-11,Ventura,111,848112,81593,81189,2972,84161,1026
2021-06-11,Yolo,113,214977,14112,14111,243,14354,212
2021-06-11,Yuba,115,75493,6132,6113,129,6242,50
2021-06-10,Alameda,001,1643700,88692,88806,1933,90739,1275
2021-06-10,Alpine,003,1148,87,88,0,88,0
2021-06-10,Amador,005,37829,3720,3709,32,3741,46
2021-06-10,Butte,007,227075,12689,12565,1831,14396,194
2021-06-10,Calaveras,009,45235,2186,2188,13,2201,55
2021-06-10,Colusa,011,21464,1958,1964,315,2279,15
2021-06-10,Contra Costa,013,1133247,70308,69876,1283,71159,807
2021-06-10,Del Norte,015,27424,1439,1405,13,1418,8
2021-06-10,El Dorado,017,186661,10381,10314,753,11067,113
2021-06-10,Fresno,019,978130,103103,102724,8640,111364,1717
2021-06-10,Glenn,021,27897,2441,2425,559,2984,19
2021-06-10,Humboldt,023,135768,4390,4384,39,4423,42
2021-06-10,Imperial,025,180216,28688,28779,2693,31472,739
2021-06-10,Inyo,027,18085,1407,1405,12,1417,35
2021-06-10,Kern,029,883053,97643,96706,10924,107630,1336
2021-06-10,Kings,031,150075,23200,23067,1071,24138,245
2021-06-10,Lake,033,64148,3561,3550,9,3559,45
2021-06-10,Lassen,035,31185,5246,5201,114,5315,18
2021-06-10,Los Angeles,037,10098052,1209777,1204110,40901,1245011,24440
2021-06-10,Madera,039,155013,16702,16581,930,17511,240
2021-06-10,Marin,041,260295,14158,14118,259,14377,229
2021-06-10,Mariposa,043,17540,436,434,11,445,5
2021-06-10,Mendocino,045,87422,4099,4016,83,4099,48
2021-06-10,Merced,047,269075,31131,31231,1034,32265,461
2021-06-10,Modoc,049,8938,395,381,139,520,3
2021-06-10,Mono,051,14174,1264,1274,16,1290,3
2021-06-10,Monterey,053,433212,43241,43090,1839,44929,415
2021-06-10,Napa,055,140530,9979,9974,36,10010,80
2021-06-10,Nevada,057,99092,4899,4866,193,5059,72
2021-06-10,Orange,059,3164182,255916,254950,11328,266278,5097
2021-06-10,Placer,061,380077,23574,23296,1513,24809,293
2021-06-10,Plumas,063,18699,713,696,11,707,4
2021-06-10,Riverside,065,2383286,294783,289335,13928,303263,4450
2021-06-10,Sacramento,067,1510023,107254,107049,1772,108821,1658
2021-06-10,San Benito,069,59416,6074,6079,113,6192,63
2021-06-10,San Bernardino,071,2135413,293898,293281,8948,302229,4782
2021-06-10,San Diego,073,3302833,281936,281052,15136,296188,3766
2021-06-10,San Francisco,075,870044,36921,37159,1275,38434,552
2021-06-10,San Joaquin,077,732212,73643,73276,3538,76814,1393
2021-06-10,San Luis Obispo,079,281455,21474,21280,740,22020,256
2021-06-10,San Mateo,081,765935,42509,42562,471,43033,666
2021-06-10,Santa Barbara,083,443738,34532,34434,1119,35553,460
2021-06-10,Santa Clara,085,1922200,119048,119832,757,120589,2075
2021-06-10,Santa Cruz,087,273765,16274,16159,798,16957,208
2021-06-10,Shasta,089,179085,12491,12536,1608,14144,201
2021-06-10,Sierra,091,2930,58,55,12,67,0
2021-06-10,Siskiyou,093,43540,1958,1881,362,2243,25
2021-06-10,Solano,095,438530,33167,33150,557,33707,265
2021-06-10,Sonoma,097,501317,30496,30571,348,30919,323
2021-06-10,Stanislaus,099,539301,56749,56588,5916,62504,974
2021-06-10,Sutter,101,95872,9548,9594,86,9680,112
2021-06-10,Tehama,103,63373,5132,5096,576,5672,63
2021-06-10,Trinity,105,12862,487,331,93,424,3
2021-06-10,Tulare,107,460477,50346,49503,8939,58442,848
2021-06-10,Tuolumne,109,53932,4055,4100,42,4142,63
2021-06-10,Ventura,111,848112,81582,81172,2971,84143,1026
2021-06-10,Yolo,113,214977,14109,14107,243,14350,212
2021-06-10,Yuba,115,75493,6128,6112,129,6241,50
2021-06-09,Alameda,001,1643700,88648,88762,1932,90694,1271
2021-06-09,Alpine,003,1148,87,88,0,88,0
2021-06-09,Amador,005,37829,3716,3706,32,3738,46
2021-06-09,Butte,007,227075,12683,12555,1829,14384,194
2021-06-09,Calaveras,009,45235,2184,2184,13,2197,55
2021-06-09,Colusa,011,21464,1958,1962,314,2276,15
2021-06-09,Contra Costa,013,1133247,70271,69829,1282,71111,803
2021-06-09,Del Norte,015,27424,1435,1403,13,1416,8
2021-06-09,El Dorado,017,186661,10378,10312,752,11064,113
2021-06-09,Fresno,019,978130,103083,102690,8636,111326,1717
2021-06-09,Glenn,021,27897,2440,2424,559,2983,19
2021-06-09,Humboldt,023,135768,4385,4379,38,4417,42
2021-06-09,Imperial,025,180216,28685,28754,2693,31447,739
2021-06-09,Inyo,027,18085,1407,1405,12,1417,35
2021-06-09,Kern,029,883053,97629,96697,10915,107612,1328
2021-06-09,Kings,031,150075,23198,23061,1071,24132,245
2021-06-09,Lake,033,64148,3558,3541,9,3550,45
2021-06-09,Lassen,035,31185,5245,5200,114,5314,18
2021-06-09,Los Angeles,037,10098052,1209589,1203955,40888,1244843,24432
2021-06-09,Madera,039,155013,16697,16580,930,17510,240
2021-06-09,Marin,041,260295,14153,14114,259,14373,229
2021-06-09,Mariposa,043,17540,436,434,11,445,5
2021-06-09,Mendocino,045,87422,4093,4008,83,4091,47
2021-06-09,Merced,047,269075,31127,31225,1034,32259,461
2021-06-09,Modoc,049,8938,393,377,138,515,3
2021-06-09,Mono,051,14174,1264,1274,16,1290,3
2021-06-09,Monterey,053,433212,43234,43082,1839,44921,415
2021-06-09,Napa,055,140530,9973,9971,36,10007,80
2021-06-09,Nevada,057,99092,4889,4863,192,5055,72
2021-06-09,Orange,059,3164182,255872,254893,11323,266216,5080
2021-06-09,Placer,061,380077,23555,23237,1513,24750,293
2021-06-09,Plumas,063,18699,712,697,11,708,4
2021-06-09,Riverside,065,2383286,294737,289299,13926,303225,4450
2021-06-09,Sacramento,067,1510023,107191,106971,1769,108740,1657
2021-06-09,San Benito,069,59416,6071,6078,113,6191,63
2021-06-09,San Bernardino,071,2135413,293856,293222,8948,302170,4782
2021-06-09,San Diego,073,3302833,281872,280941,15124,296065,3765
2021-06-09,San Francisco,075,870044,36908,37143,1274,38417,552
2021-06-09,San Joaquin,077,732212,73617,73232,3538,76770,1392
2021-06-09,San Luis Obispo,079,281455,21473,21259,740,21999,256
2021-06-09,San Mateo,081,765935,42493,42502,470,42972,666
2021-06-09,Santa Barbara,083,443738,34521,34422,1119,35541,460
2021-06-09,Santa Clara,085,1922200,119010,119793,756,120549,2068
2021-06-09,Santa Cruz,087,273765,16271,16155,798,16953,208
2021-06-09,Shasta,089,179085,12481,12521,1606,14127,201
2021-06-09,Sierra,091,2930,57,55,12,67,0
2021-06-09,Siskiyou,093,43540,1957,1871,362,2233,25
2021-06-09,Solano,095,438530,33151,33137,556,33693,264
2021-06-09,Sonoma,097,501317,30474,30540,348,30888,323
2021-06-09,Stanislaus,099,539301,56729,56560,5913,62473,974
2021-06-09,Sutter,101,95872,9539,9586,85,9671,111
2021-06-09,Tehama,103,63373,5131,5093,576,5669,63
2021-06-09,Trinity,105,12862,486,331,93,424,3
2021-06-09,Tulare,107,460477,50342,49496,8937,58433,847
2021-06-09,Tuolumne,109,53932,4052,4100,42,4142,63
2021-06-09,Ventura,111,848112,81572,81154,2970,84124,1026
2021-06-09,Yolo,113,214977,14107,14102,242,14344,212
2021-06-09,Yuba,115,75493,6124,6109,129,6238,50
2021-06-08,Alameda,001,1643700,88600,88731,1932,90663,1267
2021-06-08,Alpine,003,1148,87,88,0,88,0
2021-06-08,Amador,005,37829,3715,3704,32,3736,46
2021-06-08,Butte,007,227075,12677,12540,1827,14367,194
2021-06-08,Calaveras,009,45235,2183,2181,13,2194,55
2021-06-08,Colusa,011,21464,1958,1961,314,2275,15
2021-06-08,Contra Costa,013,1133247,70223,69762,1281,71043,803
2021-06-08,Del Norte,015,27424,1433,1402,13,1415,8
2021-06-08,El Dorado,017,186661,10373,10306,750,11056,113
2021-06-08,Fresno,019,978130,103058,102680,8634,111314,1717
2021-06-08,Glenn,021,27897,2439,2423,559,2982,19
2021-06-08,Humboldt,023,135768,4380,4363,38,4401,42
2021-06-08,Imperial,025,180216,28676,28752,2693,31445,738
2021-06-08,Inyo,027,18085,1407,1405,12,1417,35
2021-06-08,Kern,029,883053,97610,96671,10908,107579,1325
2021-06-08,Kings,031,150075,23197,23036,1071,24107,245
2021-06-08,Lake,033,64148,3557,3540,9,3549,45
2021-06-08,Lassen,035,31185,5245,5200,114,5314,18
2021-06-08,Los Angeles,037,10098052,1209391,1203794,40876,1244670,24426
2021-06-08,Madera,039,155013,16691,16579,929,17508,240
2021-06-08,Marin,041,260295,14151,14111,258,14369,229
2021-06-08,Mariposa,043,17540,436,434,11,445,5
2021-06-08,Mendocino,045,87422,4086,4002,83,4085,47
2021-06-08,Merced,047,269075,31119,31225,1034,32259,461
2021-06-08,Modoc,049,8938,387,377,137,514,3
2021-06-08,Mono,051,14174,1264,1274,16,1290,3
2021-06-08,Monterey,053,433212,43228,43078,1838,44916,415
2021-06-08,Napa,055,140530,9969,9962,36,9998,80
2021-06-08,Nevada,057,99092,4884,4861,192,5053,72
2021-06-08,Orange,059,3164182,255830,254852,11316,266168,5078
2021-06-08,Placer,061,380077,23537,23209,1509,24718,293
2021-06-08,Plumas,063,18699,712,692,11,703,4
2021-06-08,Riverside,065,2383286,294701,289268,13918,303186,4452
2021-06-08,Sacramento,067,1510023,107129,106901,1766,108667,1654
2021-06-08,San Benito,069,59416,6069,6076,113,6189,63
2021-06-08,San Bernardino,071,2135413,293807,293186,8944,302130,4778
2021-06-08,San Diego,073,3302833,281809,280879,15115,295994,3764
2021-06-08,San Francisco,075,870044,36893,37134,1273,38407,552
2021-06-08,San Joaquin,077,732212,73573,73186,3533,76719,1390
2021-06-08,San Luis Obispo,079,281455,21467,21251,739,21990,255
2021-06-08,San Mateo,081,765935,42480,42488,470,42958,663
2021-06-08,Santa Barbara,083,443738,34517,34418,1119,35537,459
2021-06-08,Santa Clara,085,1922200,118989,119770,755,120525,2068
2021-06-08,Santa Cruz,087,273765,16268,16160,798,16958,208
2021-06-08,Shasta,089,179085,12466,12498,1606,14104,201
2021-06-08,Sierra,091,2930,57,55,12,67,0
2021-06-08,Siskiyou,093,43540,1955,1870,360,2230,21
2021-06-08,Solano,095,438530,33130,33130,556,33686,259
2021-06-08,Sonoma,097,501317,30448,30523,346,30869,323
2021-06-08,Stanislaus,099,539301,56702,56548,5911,62459,973
2021-06-08,Sutter,101,95872,9536,9581,85,9666,111
2021-06-08,Tehama,103,63373,5128,5093,576,5669,63
2021-06-08,Trinity,105,12862,486,330,92,422,3
2021-06-08,Tulare,107,460477,50331,49485,8933,58418,847
2021-06-08,Tuolumne,109,53932,4048,4099,42,4141,63
2021-06-08,Ventura,111,848112,81556,81142,2969,84111,1026
2021-06-08,Yolo,113,214977,14102,14099,241,14340,212
2021-06-08,Yuba,115,75493,6122,6103,129,6232,50
2021-06-07,Alameda,001,1643700,88543,88688,1932,90620,1267
2021-06-07,Alpine,003,1148,87,88,0,88,0
2021-06-07,Amador,005,37829,3705,3697,32,3729,46
2021-06-07,Butte,007,227075,12670,12533,1826,14359,194
2021-06-07,Calaveras,009,45235,2182,2181,13,2194,55
2021-06-07,Colusa,011,21464,1957,1960,314,2274,15
2021-06-07,Contra Costa,013,1133247,70166,69718,1280,70998,817
2021-06-07,Del Norte,015,27424,1433,1401,13,1414,8
2021-06-07,El Dorado,017,186661,10368,10305,750,11055,113
2021-06-07,Fresno,019,978130,103027,102659,8626,111285,1717
2021-06-07,Glenn,021,27897,2439,2423,559,2982,19
2021-06-07,Humboldt,023,135768,4372,4354,38,4392,42
2021-06-07,Imperial,025,180216,28674,28754,2693,31447,738
2021-06-07,Inyo,027,18085,1407,1404,12,1416,35
2021-06-07,Kern,029,883053,97594,96645,10901,107546,1324
2021-06-07,Kings,031,150075,23193,23023,1071,24094,244
2021-06-07,Lake,033,64148,3555,3540,9,3549,45
2021-06-07,Lassen,035,31185,5240,5198,114,5312,18
2021-06-07,Los Angeles,037,10098052,1209167,1203664,40862,1244526,24413
2021-06-07,Madera,039,155013,16684,16572,929,17501,240
2021-06-07,Marin,041,260295,14147,14108,257,14365,229
2021-06-07,Mariposa,043,17540,436,434,11,445,5
2021-06-07,Mendocino,045,87422,4080,3998,83,4081,47
2021-06-07,Merced,047,269075,31107,31212,1033,32245,459
2021-06-07,Modoc,049,8938,386,375,134,509,3
2021-06-07,Mono,051,14174,1264,1275,16,1291,3
2021-06-07,Monterey,053,433212,43221,43077,1838,44915,415
2021-06-07,Napa,055,140530,9961,9962,36,9998,80
2021-06-07,Nevada,057,99092,4882,4860,192,5052,72
2021-06-07,Orange,059,3164182,255790,254808,11308,266116,5073
2021-06-07,Placer,061,380077,23518,23176,1507,24683,293
2021-06-07,Plumas,063,18699,712,692,11,703,4
2021-06-07,Riverside,065,2383286,294658,289232,13914,303146,4451
2021-06-07,Sacramento,067,1510023,107053,106841,1763,108604,1655
2021-06-07,San Benito,069,59416,6068,6074,113,6187,63
2021-06-07,San Bernardino,071,2135413,293769,293129,8943,302072,4775
2021-06-07,San Diego,073,3302833,281727,280808,15102,295910,3764
2021-06-07,San Francisco,075,870044,36877,37122,1273,38395,552
2021-06-07,San Joaquin,077,732212,73528,73130,3526,76656,1388
2021-06-07,San Luis Obispo,079,281455,21454,21252,739,21991,255
2021-06-07,San Mateo,081,765935,42464,42479,470,42949,664
2021-06-07,Santa Barbara,083,443738,34511,34407,1119,35526,459
2021-06-07,Santa Clara,085,1922200,118957,119743,755,120498,2066
2021-06-07,Santa Cruz,087,273765,16267,16159,798,16957,208
2021-06-07,Shasta,089,179085,12452,12483,1601,14084,200
2021-06-07,Sierra,091,2930,57,55,12,67,0
2021-06-07,Siskiyou,093,43540,1955,1869,360,2229,21
2021-06-07,Solano,095,438530,33108,33124,555,33679,258
2021-06-07,Sonoma,097,501317,30412,30504,345,30849,323
2021-06-07,Stanislaus,099,539301,56669,56521,5909,62430,972
2021-06-07,Sutter,101,95872,9532,9571,85,9656,111
2021-06-07,Tehama,103,63373,5124,5092,574,5666,63
2021-06-07,Trinity,105,12862,486,329,92,421,3
2021-06-07,Tulare,107,460477,50325,49471,8933,58404,847
2021-06-07,Tuolumne,109,53932,4047,4098,42,4140,63
2021-06-07,Ventura,111,848112,81539,81137,2967,84104,1025
2021-06-07,Yolo,113,214977,14097,14097,240,14337,211
2021-06-07,Yuba,115,75493,6120,6099,126,6225,49
2021-06-06,Alameda,001,1643700,88505,88636,1931,90567,1267
2021-06-06,Alpine,003,1148,87,88,0,88,0
2021-06-06,Amador,005,37829,3702,3696,32,3728,46
2021-06-06,Butte,007,227075,12659,12527,1825,14352,194
2021-06-06,Calaveras,009,45235,2181,2181,13,2194,55
2021-06-06,Colusa,011,21464,1955,1959,314,2273,15
2021-06-06,Contra Costa,013,1133247,70101,69659,1278,70937,817
2021-06-06,Del Norte,015,27424,1428,1401,13,1414,8
2021-06-06,El Dorado,017,186661,10361,10294,750,11044,113
2021-06-06,Fresno,019,978130,102994,102642,8623,111265,1717
2021-06-06,Glenn,021,27897,2438,2423,559,2982,19
2021-06-06,Humboldt,023,135768,4361,4353,38,4391,42
2021-06-06,Imperial,025,180216,28668,28762,2693,31455,738
2021-06-06,Inyo,027,18085,1406,1404,12,1416,35
2021-06-06,Kern,029,883053,97576,96623,10894,107517,1324
2021-06-06,Kings,031,150075,23187,23021,1071,24092,244
2021-06-06,Lake,033,64148,3555,3535,9,3544,45
2021-06-06,Lassen,035,31185,5238,5191,114,5305,18
2021-06-06,Los Angeles,037,10098052,1208968,1203539,40848,1244387,24410
2021-06-06,Madera,039,155013,16677,16567,929,17496,240
2021-06-06,Marin,041,260295,14141,14106,256,14362,229
2021-06-06,Mariposa,043,17540,435,435,11,446,5
2021-06-06,Mendocino,045,87422,4076,3993,83,4076,47
2021-06-06,Merced,047,269075,31101,31215,1032,32247,459
2021-06-06,Modoc,049,8938,386,375,133,508,3
2021-06-06,Mono,051,14174,1264,1275,16,1291,3
2021-06-06,Monterey,053,433212,43216,43078,1838,44916,415
2021-06-06,Napa,055,140530,9955,9963,36,9999,80
2021-06-06,Nevada,057,99092,4875,4854,191,5045,72
2021-06-06,Orange,059,3164182,255754,254782,11303,266085,5073
2021-06-06,Placer,061,380077,23493,23156,1504,24660,293
2021-06-06,Plumas,063,18699,712,692,11,703,4
2021-06-06,Riverside,065,2383286,294619,289201,13908,303109,4451
2021-06-06,Sacramento,067,1510023,106967,106749,1762,108511,1655
2021-06-06,San Benito,069,59416,6062,6074,113,6187,63
2021-06-06,San Bernardino,071,2135413,293712,293117,8934,302051,4773
2021-06-06,San Diego,073,3302833,281647,280743,15085,295828,3764
2021-06-06,San Francisco,075,870044,36864,37118,1271,38389,552
2021-06-06,San Joaquin,077,732212,73496,73105,3522,76627,1388
2021-06-06,San Luis Obispo,079,281455,21451,21246,739,21985,255
2021-06-06,San Mateo,081,765935,42447,42457,470,42927,664
2021-06-06,Santa Barbara,083,443738,34507,34403,1118,35521,459
2021-06-06,Santa Clara,085,1922200,118935,119711,755,120466,2066
2021-06-06,Santa Cruz,087,273765,16266,16158,798,16956,208
2021-06-06,Shasta,089,179085,12437,12478,1598,14076,200
2021-06-06,Sierra,091,2930,57,55,12,67,0
2021-06-06,Siskiyou,093,43540,1952,1869,360,2229,21
2021-06-06,Solano,095,438530,33081,33093,555,33648,258
2021-06-06,Sonoma,097,501317,30381,30478,344,30822,323
2021-06-06,Stanislaus,099,539301,56633,56486,5906,62392,972
2021-06-06,Sutter,101,95872,9525,9567,85,9652,111
2021-06-06,Tehama,103,63373,5114,5092,572,5664,63
2021-06-06,Trinity,105,12862,486,328,92,420,3
2021-06-06,Tulare,107,460477,50316,49466,8928,58394,847
2021-06-06,Tuolumne,109,53932,4044,4097,42,4139,63
2021-06-06,Ventura,111,848112,81528,81130,2964,84094,1025
2021-06-06,Yolo,113,214977,14089,14089,239,14328,210
2021-06-06,Yuba,115,75493,6112,6096,126,6222,49
2021-06-05,Alameda,001,1643700,88472,88612,1931,90543,1268
2021-06-05,Alpine,003,1148,87,88,0,88,0
2021-06-05,Amador,005,37829,3702,3694,32,3726,46
2021-06-05,Butte,007,227075,12653,12514,1824,14338,194
2021-06-05,Calaveras,009,45235,2181,2181,13,2194,55
2021-06-05,Colusa,011,21464,1955,1959,314,2273,15
2021-06-05,Contra Costa,013,1133247,70072,69601,1278,70879,817
2021-06-05,Del Norte,015,27424,1428,1400,13,1413,8
2021-06-05,El Dorado,017,186661,10359,10288,749,11037,113
2021-06-05,Fresno,019,978130,102985,102626,8623,111249,1717
2021-06-05,Glenn,021,27897,2437,2423,559,2982,19
2021-06-05,Humboldt,023,135768,4356,4346,38,4384,42
2021-06-05,Imperial,025,180216,28665,28764,2693,31457,738
2021-06-05,Inyo,027,18085,1406,1405,12,1417,35
2021-06-05,Kern,029,883053,97563,96597,10890,107487,1324
2021-06-05,Kings,031,150075,23184,23017,1071,24088,244
2021-06-05,Lake,033,64148,3552,3534,9,3543,45
2021-06-05,Lassen,035,31185,5237,5191,114,5305,18
2021-06-05,Los Angeles,037,10098052,1208839,1203338,40837,1244175,24411
2021-06-05,Madera,039,155013,16673,16563,929,17492,240
2021-06-05,Marin,041,260295,14139,14101,256,14357,229
2021-06-05,Mariposa,043,17540,435,435,11,446,5
2021-06-05,Mendocino,045,87422,4073,3989,83,4072,47
2021-06-05,Merced,047,269075,31099,31212,1031,32243,459
2021-06-05,Modoc,049,8938,386,375,132,507,3
2021-06-05,Mono,051,14174,1264,1274,16,1290,3
2021-06-05,Monterey,053,433212,43212,43071,1837,44908,415
2021-06-05,Napa,055,140530,9950,9960,36,9996,80
2021-06-05,Nevada,057,99092,4873,4849,191,5040,72
2021-06-05,Orange,059,3164182,255730,254752,11300,266052,5069
2021-06-05,Placer,061,380077,23477,23133,1504,24637,293
2021-06-05,Plumas,063,18699,712,692,11,703,4
2021-06-05,Riverside,065,2383286,294584,289157,13904,303061,4451
2021-06-05,Sacramento,067,1510023,106915,106688,1760,108448,1655
2021-06-05,San Benito,069,59416,6060,6074,113,6187,63
2021-06-05,San Bernardino,071,2135413,293679,293081,8933,302014,4772
2021-06-05,San Diego,073,3302833,281606,280676,15072,295748,3764
2021-06-05,San Francisco,075,870044,36855,37111,1271,38382,552
2021-06-05,San Joaquin,077,732212,73480,73078,3516,76594,1388
2021-06-05,San Luis Obispo,079,281455,21448,21236,739,21975,255
2021-06-05,San Mateo,081,765935,42437,42433,470,42903,664
2021-06-05,Santa Barbara,083,443738,34504,34399,1117,35516,459
2021-06-05,Santa Clara,085,1922200,118913,119676,753,120429,2066
2021-06-05,Santa Cruz,087,273765,16266,16154,798,16952,208
2021-06-05,Shasta,089,179085,12427,12472,1597,14069,200
2021-06-05,Sierra,091,2930,57,55,12,67,0
2021-06-05,Siskiyou,093,43540,1952,1867,360,2227,21
2021-06-05,Solano,095,438530,33066,33074,555,33629,257
2021-06-05,Sonoma,097,501317,30354,30450,342,30792,323
2021-06-05,Stanislaus,099,539301,56625,56463,5904,62367,973
2021-06-05,Sutter,101,95872,9522,9559,85,9644,111
2021-06-05,Tehama,103,63373,5113,5092,571,5663,63
2021-06-05,Trinity,105,12862,486,328,92,420,3
2021-06-05,Tulare,107,460477,50310,49463,8928,58391,847
2021-06-05,Tuolumne,109,53932,4042,4098,42,4140,63
2021-06-05,Ventura,111,848112,81519,81119,2962,84081,1025
2021-06-05,Yolo,113,214977,14087,14088,239,14327,210
2021-06-05,Yuba,115,75493,6111,6087,126,6213,49
2021-06-04,Alameda,001,1643700,88445,88585,1928,90513,1263
2021-06-04,Alpine,003,1148,87,88,0,88,0
2021-06-04,Amador,005,37829,3702,3690,32,3722,46
2021-06-04,Butte,007,227075,12642,12494,1821,14315,193
2021-06-04,Calaveras,009,45235,2181,2179,13,2192,55
2021-06-04,Colusa,011,21464,1955,1959,314,2273,15
2021-06-04,Contra Costa,013,1133247,70037,69540,1275,70815,816
2021-06-04,Del Norte,015,27424,1428,1398,13,1411,8
2021-06-04,El Dorado,017,186661,10355,10284,747,11031,112
2021-06-04,Fresno,019,978130,102969,102601,8623,111224,1712
2021-06-04,Glenn,021,27897,2437,2423,558,2981,19
2021-06-04,Humboldt,023,135768,4351,4327,38,4365,42
2021-06-04,Imperial,025,180216,28661,28753,2693,31446,738
2021-06-04,Inyo,027,18085,1406,1404,12,1416,35
2021-06-04,Kern,029,883053,97545,96573,10888,107461,1327
2021-06-04,Kings,031,150075,23183,23002,1071,24073,244
2021-06-04,Lake,033,64148,3550,3528,9,3537,45
2021-06-04,Lassen,035,31185,5237,5180,114,5294,18
2021-06-04,Los Angeles,037,10098052,1208718,1203106,40828,1243934,24400
2021-06-04,Madera,039,155013,16671,16557,929,17486,240
2021-06-04,Marin,041,260295,14138,14099,255,14354,229
2021-06-04,Mariposa,043,17540,435,435,11,446,5
2021-06-04,Mendocino,045,87422,4064,3983,83,4066,47
2021-06-04,Merced,047,269075,31094,31204,1030,32234,459
2021-06-04,Modoc,049,8938,384,375,132,507,3
2021-06-04,Mono,051,14174,1264,1275,16,1291,3
2021-06-04,Monterey,053,433212,43208,43068,1837,44905,415
2021-06-04,Napa,055,140530,9946,9958,36,9994,80
2021-06-04,Nevada,057,99092,4869,4844,191,5035,72
2021-06-04,Orange,059,3164182,255693,254730,11296,266026,5059
2021-06-04,Placer,061,380077,23461,23110,1503,24613,293
2021-06-04,Plumas,063,18699,712,691,11,702,4
2021-06-04,Riverside,065,2383286,294558,289098,13900,302998,4452
2021-06-04,Sacramento,067,1510023,106861,106616,1759,108375,1654
2021-06-04,San Benito,069,59416,6058,6073,113,6186,63
2021-06-04,San Bernardino,071,2135413,293655,293056,8931,301987,4768
2021-06-04,San Diego,073,3302833,281563,280556,15065,295621,3763
2021-06-04,San Francisco,075,870044,36850,37079,1270,38349,551
2021-06-04,San Joaquin,077,732212,73461,73039,3514,76553,1388
2021-06-04,San Luis Obispo,079,281455,21445,21234,738,21972,255
2021-06-04,San Mateo,081,765935,42425,42413,470,42883,478
2021-06-04,Santa Barbara,083,443738,34498,34402,1116,35518,459
2021-06-04,Santa Clara,085,1922200,118883,119619,753,120372,2065
2021-06-04,Santa Cruz,087,273765,16263,16150,798,16948,207
2021-06-04,Shasta,089,179085,12421,12458,1592,14050,200
2021-06-04,Sierra,091,2930,57,55,12,67,0
2021-06-04,Siskiyou,093,43540,1951,1865,360,2225,21
2021-06-04,Solano,095,438530,33055,33058,555,33613,256
2021-06-04,Sonoma,097,501317,30333,30411,342,30753,323
2021-06-04,Stanislaus,099,539301,56610,56442,5902,62344,973
2021-06-04,Sutter,101,95872,9517,9554,85,9639,111
2021-06-04,Tehama,103,63373,5108,5090,571,5661,63
2021-06-04,Trinity,105,12862,486,328,92,420,3
2021-06-04,Tulare,107,460477,50301,49452,8926,58378,847
2021-06-04,Tuolumne,109,53932,4041,4095,42,4137,63
2021-06-04,Ventura,111,848112,81512,81104,2960,84064,1023
2021-06-04,Yolo,113,214977,14085,14083,239,14322,210
2021-06-04,Yuba,115,75493,6108,6084,126,6210,49
2021-06-03,Alameda,001,1643700,88407,88555,1925,90480,1257
2021-06-03,Alpine,003,1148,87,88,0,88,0
2021-06-03,Amador,005,37829,3694,3688,32,3720,46
2021-06-03,Butte,007,227075,12638,12478,1820,14298,193
2021-06-03,Calaveras,009,45235,2181,2179,13,2192,55
2021-06-03,Colusa,011,21464,1955,1957,314,2271,15
2021-06-03,Contra Costa,013,1133247,69983,69500,1270,70770,816
2021-06-03,Del Norte,015,27424,1426,1397,13,1410,8
2021-06-03,El Dorado,017,186661,10349,10284,744,11028,112
2021-06-03,Fresno,019,978130,102952,102566,8623,111189,1709
2021-06-03,Glenn,021,27897,2437,2421,558,2979,19
2021-06-03,Humboldt,023,135768,4343,4314,38,4352,42
2021-06-03,Imperial,025,180216,28650,28737,2693,31430,738
2021-06-03,Inyo,027,18085,1406,1404,12,1416,35
2021-06-03,Kern,029,883053,97518,96507,10874,107381,1326
2021-06-03,Kings,031,150075,23179,22982,1071,24053,244
2021-06-03,Lake,033,64148,3548,3526,9,3535,45
2021-06-03,Lassen,035,31185,5228,5177,114,5291,12
2021-06-03,Los Angeles,037,10098052,1208547,1202923,40820,1243743,24386
2021-06-03,Madera,039,155013,16664,16554,929,17483,240
2021-06-03,Marin,041,260295,14133,14095,255,14350,230
2021-06-03,Mariposa,043,17540,435,435,11,446,5
2021-06-03,Mendocino,045,87422,4057,3978,83,4061,47
2021-06-03,Merced,047,269075,31091,31199,1030,32229,459
2021-06-03,Modoc,049,8938,383,376,131,507,3
2021-06-03,Mono,051,14174,1264,1275,16,1291,3
2021-06-03,Monterey,053,433212,43205,43063,1837,44900,415
2021-06-03,Napa,055,140530,9939,9957,36,9993,81
2021-06-03,Nevada,057,99092,4865,4837,191,5028,72
2021-06-03,Orange,059,3164182,255665,254676,11286,265962,5056
2021-06-03,Placer,061,380077,23452,23100,1502,24602,293
2021-06-03,Plumas,063,18699,712,691,11,702,4
2021-06-03,Riverside,065,2383286,294503,289035,13896,302931,4447
2021-06-03,Sacramento,067,1510023,106782,106526,1757,108283,1654
2021-06-03,San Benito,069,59416,6058,6073,113,6186,63
2021-06-03,San Bernardino,071,2135413,293624,293021,8931,301952,4762
2021-06-03,San Diego,073,3302833,281499,280430,15055,295485,3761
2021-06-03,San Francisco,075,870044,36844,37072,1270,38342,551
2021-06-03,San Joaquin,077,732212,73433,72989,3510,76499,1388
2021-06-03,San Luis Obispo,079,281455,21440,21224,738,21962,255
2021-06-03,San Mateo,081,765935,42412,42396,470,42866,467
2021-06-03,Santa Barbara,083,443738,34495,34391,1116,35507,459
2021-06-03,Santa Clara,085,1922200,118861,119592,751,120343,2058
2021-06-03,Santa Cruz,087,273765,16261,16144,798,16942,207
2021-06-03,Shasta,089,179085,12406,12441,1589,14030,199
2021-06-03,Sierra,091,2930,57,55,12,67,0
2021-06-03,Siskiyou,093,43540,1951,1862,359,2221,21
2021-06-03,Solano,095,438530,33041,33019,555,33574,256
2021-06-03,Sonoma,097,501317,30311,30383,341,30724,322
2021-06-03,Stanislaus,099,539301,56591,56401,5896,62297,973
2021-06-03,Sutter,101,95872,9508,9539,85,9624,111
2021-06-03,Tehama,103,63373,5108,5087,571,5658,63
2021-06-03,Trinity,105,12862,486,328,92,420,3
2021-06-03,Tulare,107,460477,50298,49442,8922,58364,848
2021-06-03,Tuolumne,109,53932,4039,4095,42,4137,63
2021-06-03,Ventura,111,848112,81500,81078,2958,84036,1023
2021-06-03,Yolo,113,214977,14081,14078,237,14315,210
2021-06-03,Yuba,115,75493,6101,6077,126,6203,49
2021-06-02,Alameda,001,1643700,88362,88525,1923,90448,1254
2021-06-02,Alpine,003,1148,87,88,0,88,0
2021-06-02,Amador,005,37829,3692,3687,32,3719,46
2021-06-02,Butte,007,227075,12618,12432,1817,14249,193
2021-06-02,Calaveras,009,45235,2178,2174,13,2187,55
2021-06-02,Colusa,011,21464,1954,1957,314,2271,15
2021-06-02,Contra Costa,013,1133247,69932,69455,1268,70723,814
2021-06-02,Del Norte,015,27424,1424,1395,13,1408,8
2021-06-02,El Dorado,017,186661,10345,10275,744,11019,110
2021-06-02,Fresno,019,978130,102928,102547,8620,111167,1707
2021-06-02,Glenn,021,27897,2437,2421,558,2979,19
2021-06-02,Humboldt,023,135768,4328,4302,38,4340,42
2021-06-02,Imperial,025,180216,28644,28737,2692,31429,738
2021-06-02,Inyo,027,18085,1405,1403,12,1415,35
2021-06-02,Kern,029,883053,97491,96481,10867,107348,1326
2021-06-02,Kings,031,150075,23177,22981,1070,24051,244
2021-06-02,Lake,033,64148,3543,3522,9,3531,45
2021-06-02,Lassen,035,31185,5227,5177,114,5291,6
2021-06-02,Los Angeles,037,10098052,1208343,1202760,40811,1243571,24375
2021-06-02,Madera,039,155013,16656,16550,929,17479,240
2021-06-02,Marin,041,260295,14131,14091,254,14345,229
2021-06-02,Mariposa,043,17540,435,434,11,445,5
2021-06-02,Mendocino,045,87422,4051,3970,83,4053,47
2021-06-02,Merced,047,269075,31078,31195,1029,32224,458
2021-06-02,Modoc,049,8938,382,375,130,505,3
2021-06-02,Mono,051,14174,1264,1275,16,1291,3
2021-06-02,Monterey,053,433212,43203,43056,1837,44893,380
2021-06-02,Napa,055,140530,9938,9953,36,9989,82
2021-06-02,Nevada,057,99092,4862,4833,191,5024,72
2021-06-02,Orange,059,3164182,255616,254637,11279,265916,5055
2021-06-02,Placer,061,380077,23431,23058,1500,24558,293
2021-06-02,Plumas,063,18699,712,690,11,701,4
2021-06-02,Riverside,065,2383286,294445,289012,13886,302898,4445
2021-06-02,Sacramento,067,1510023,106717,106435,1751,108186,1649
2021-06-02,San Benito,069,59416,6057,6073,113,6186,63
2021-06-02,San Bernardino,071,2135413,293576,293004,8926,301930,4760
2021-06-02,San Diego,073,3302833,281419,280347,15034,295381,3760
2021-06-02,San Francisco,075,870044,36824,37050,1269,38319,550
2021-06-02,San Joaquin,077,732212,73402,72893,3507,76400,1387
2021-06-02,San Luis Obispo,079,281455,21433,21214,737,21951,255
2021-06-02,San Mateo,081,765935,42402,42383,469,42852,464
2021-06-02,Santa Barbara,083,443738,34488,34381,1116,35497,456
2021-06-02,Santa Clara,085,1922200,118833,119553,750,120303,2058
2021-06-02,Santa Cruz,087,273765,16258,16144,798,16942,207
2021-06-02,Shasta,089,179085,12388,12426,1584,14010,199
2021-06-02,Sierra,091,2930,57,55,12,67,0
2021-06-02,Siskiyou,093,43540,1951,1861,357,2218,21
2021-06-02,Solano,095,438530,33029,33007,554,33561,256
2021-06-02,Sonoma,097,501317,30292,30359,336,30695,322
2021-06-02,Stanislaus,099,539301,56572,56377,5891,62268,973
2021-06-02,Sutter,101,95872,9505,9533,85,9618,111
2021-06-02,Tehama,103,63373,5105,5081,571,5652,63
2021-06-02,Trinity,105,12862,484,328,92,420,3
2021-06-02,Tulare,107,460477,50290,49434,8918,58352,846
2021-06-02,Tuolumne,109,53932,4038,4095,42,4137,63
2021-06-02,Ventura,111,848112,81475,81033,2958,83991,1020
2021-06-02,Yolo,113,214977,14078,14074,236,14310,210
2021-06-02,Yuba,115,75493,6095,6072,126,6198,48
2021-06-01,Alameda,001,1643700,88327,88472,1921,90393,1253
2021-06-01,Alpine,003,1148,87,88,0,88,0
2021-06-01,Amador,005,37829,3690,3687,32,3719,46
2021-06-01,Butte,007,227075,12604,12427,1816,14243,193
2021-06-01,Calaveras,009,45235,2176,2173,13,2186,55
2021-06-01,Colusa,011,21464,1953,1955,313,2268,15
2021-06-01,Contra Costa,013,1133247,69874,69404,1268,70672,813
2021-06-01,Del Norte,015,27424,1423,1394,13,1407,8
2021-06-01,El Dorado,017,186661,10339,10271,744,11015,110
2021-06-01,Fresno,019,978130,102904,102534,8617,111151,1706
2021-06-01,Glenn,021,27897,2437,2422,558,2980,18
2021-06-01,Humboldt,023,135768,4318,4299,38,4337,42
2021-06-01,Imperial,025,180216,28640,28722,2690,31412,736
2021-06-01,Inyo,027,18085,1405,1403,12,1415,35
2021-06-01,Kern,029,883053,97464,96477,10859,107336,1319
2021-06-01,Kings,031,150075,23173,22977,1070,24047,244
2021-06-01,Lake,033,64148,3542,3523,9,3532,45
2021-06-01,Lassen,035,31185,5220,5172,114,5286,6
2021-06-01,Los Angeles,037,10098052,1208106,1202673,40797,1243470,24367
2021-06-01,Madera,039,155013,16647,16549,928,17477,240
2021-06-01,Marin,041,260295,14129,14081,254,14335,229
2021-06-01,Mariposa,043,17540,435,431,11,442,5
2021-06-01,Mendocino,045,87422,4044,3966,83,4049,47
2021-06-01,Merced,047,269075,31068,31195,1029,32224,456
2021-06-01,Modoc,049,8938,380,375,130,505,3
2021-06-01,Mono,051,14174,1264,1275,16,1291,3
2021-06-01,Monterey,053,433212,43197,43051,1837,44888,379
2021-06-01,Napa,055,140530,9936,9949,36,9985,82
2021-06-01,Nevada,057,99092,4857,4825,191,5016,72
2021-06-01,Orange,059,3164182,255580,254603,11271,265874,5051
2021-06-01,Placer,061,380077,23401,23021,1498,24519,293
2021-06-01,Plumas,063,18699,711,690,11,701,4
2021-06-01,Riverside,065,2383286,294392,288996,13880,302876,4442
2021-06-01,Sacramento,067,1510023,106645,106330,1749,108079,1644
2021-06-01,San Benito,069,59416,6056,6073,112,6185,63
2021-06-01,San Bernardino,071,2135413,293551,292990,8925,301915,4758
2021-06-01,San Diego,073,3302833,281315,280305,15017,295322,3756
2021-06-01,San Francisco,075,870044,36808,37031,1269,38300,550
2021-06-01,San Joaquin,077,732212,73370,72858,3506,76364,1383
2021-06-01,San Luis Obispo,079,281455,21428,21217,737,21954,256
2021-06-01,San Mateo,081,765935,42386,42383,468,42851,462
2021-06-01,Santa Barbara,083,443738,34484,34374,1116,35490,456
2021-06-01,Santa Clara,085,1922200,118805,119528,750,120278,2057
2021-06-01,Santa Cruz,087,273765,16254,16143,797,16940,207
2021-06-01,Shasta,089,179085,12379,12409,1579,13988,199
2021-06-01,Sierra,091,2930,57,55,12,67,0
2021-06-01,Siskiyou,093,43540,1944,1860,356,2216,21
2021-06-01,Solano,095,438530,33004,32974,553,33527,256
2021-06-01,Sonoma,097,501317,30253,30324,335,30659,322
2021-06-01,Stanislaus,099,539301,56555,56348,5889,62237,973
2021-06-01,Sutter,101,95872,9498,9528,85,9613,111
2021-06-01,Tehama,103,63373,5103,5079,571,5650,63
2021-06-01,Trinity,105,12862,483,328,91,419,3
2021-06-01,Tulare,107,460477,50282,49419,8914,58333,845
2021-06-01,Tuolumne,109,53932,4038,4094,42,4136,63
2021-06-01,Ventura,111,848112,81459,81018,2957,83975,1021
2021-06-01,Yolo,113,214977,14072,14067,236,14303,210
2021-06-01,Yuba,115,75493,6091,6067,126,6193,48
2021-05-31,Alameda,001,1643700,88291,88458,1917,90375,1253
2021-05-31,Alpine,003,1148,87,88,0,88,0
2021-05-31,Amador,005,37829,3684,3687,32,3719,46
2021-05-31,Butte,007,227075,12591,12429,1816,14245,193
2021-05-31,Calaveras,009,45235,2175,2171,13,2184,55
2021-05-31,Colusa,011,21464,1953,1956,312,2268,15
2021-05-31,Contra Costa,013,1133247,69837,69390,1267,70657,813
2021-05-31,Del Norte,015,27424,1420,1394,13,1407,8
2021-05-31,El Dorado,017,186661,10333,10271,742,11013,110
2021-05-31,Fresno,019,978130,102867,102507,8617,111124,1706
2021-05-31,Glenn,021,27897,2436,2422,557,2979,18
2021-05-31,Humboldt,023,135768,4306,4295,38,4333,42
2021-05-31,Imperial,025,180216,28634,28732,2687,31419,736
2021-05-31,Inyo,027,18085,1404,1403,12,1415,35
2021-05-31,Kern,029,883053,97428,96457,10850,107307,1319
2021-05-31,Kings,031,150075,23169,22977,1070,24047,244
2021-05-31,Lake,033,64148,3537,3523,9,3532,45
2021-05-31,Lassen,035,31185,5218,5172,113,5285,6
2021-05-31,Los Angeles,037,10098052,1207863,1202567,40788,1243355,24364
2021-05-31,Madera,039,155013,16646,16543,927,17470,240
2021-05-31,Marin,041,260295,14127,14080,254,14334,229
2021-05-31,Mariposa,043,17540,435,430,11,441,5
2021-05-31,Mendocino,045,87422,4034,3961,83,4044,47
2021-05-31,Merced,047,269075,31063,31194,1029,32223,456
2021-05-31,Modoc,049,8938,379,374,130,504,3
2021-05-31,Mono,051,14174,1264,1275,16,1291,3
2021-05-31,Monterey,053,433212,43193,43051,1837,44888,379
2021-05-31,Napa,055,140530,9929,9948,36,9984,82
2021-05-31,Nevada,057,99092,4847,4823,190,5013,72
2021-05-31,Orange,059,3164182,255552,254572,11263,265835,5051
2021-05-31,Placer,061,380077,23374,23019,1494,24513,293
2021-05-31,Plumas,063,18699,710,690,11,701,4
2021-05-31,Riverside,065,2383286,294335,288970,13868,302838,4442
2021-05-31,Sacramento,067,1510023,106548,106278,1744,108022,1644
2021-05-31,San Benito,069,59416,6056,6072,112,6184,63
2021-05-31,San Bernardino,071,2135413,293503,292973,8924,301897,4758
2021-05-31,San Diego,073,3302833,281211,280254,15005,295259,3756
2021-05-31,San Francisco,075,870044,36793,37022,1268,38290,550
2021-05-31,San Joaquin,077,732212,73321,72856,3500,76356,1383
2021-05-31,San Luis Obispo,079,281455,21420,21215,737,21952,256
2021-05-31,San Mateo,081,765935,42370,42389,468,42857,442
2021-05-31,Santa Barbara,083,443738,34471,34369,1114,35483,456
2021-05-31,Santa Clara,085,1922200,118761,119515,750,120265,2057
2021-05-31,Santa Cruz,087,273765,16251,16139,797,16936,207
2021-05-31,Shasta,089,179085,12363,12408,1576,13984,199
2021-05-31,Sierra,091,2930,57,55,12,67,0
2021-05-31,Siskiyou,093,43540,1943,1856,355,2211,21
2021-05-31,Solano,095,438530,32954,32973,553,33526,256
2021-05-31,Sonoma,097,501317,30210,30314,335,30649,322
2021-05-31,Stanislaus,099,539301,56514,56335,5886,62221,973
2021-05-31,Sutter,101,95872,9479,9523,85,9608,111
2021-05-31,Tehama,103,63373,5100,5076,570,5646,63
2021-05-31,Trinity,105,12862,483,328,91,419,3
2021-05-31,Tulare,107,460477,50271,49404,8909,58313,845
2021-05-31,Tuolumne,109,53932,4036,4095,42,4137,63
2021-05-31,Ventura,111,848112,81444,81017,2954,83971,1021
2021-05-31,Yolo,113,214977,14068,14064,236,14300,210
2021-05-31,Yuba,115,75493,6085,6063,123,6186,48
2021-05-30,Alameda,001,1643700,88268,88429,1917,90346,1253
2021-05-30,Alpine,003,1148,87,88,0,88,0
2021-05-30,Amador,005,37829,3680,3685,32,3717,46
2021-05-30,Butte,007,227075,12581,12427,1814,14241,190
2021-05-30,Calaveras,009,45235,2171,2166,13,2179,55
2021-05-30,Colusa,011,21464,1953,1954,312,2266,15
2021-05-30,Contra Costa,013,1133247,69803,69381,1265,70646,813
2021-05-30,Del Norte,015,27424,1419,1393,13,1406,8
2021-05-30,El Dorado,017,186661,10330,10271,742,11013,110
2021-05-30,Fresno,019,978130,102850,102499,8613,111112,1706
2021-05-30,Glenn,021,27897,2436,2422,556,2978,18
2021-05-30,Humboldt,023,135768,4298,4291,38,4329,42
2021-05-30,Imperial,025,180216,28630,28732,2686,31418,736
2021-05-30,Inyo,027,18085,1404,1403,12,1415,35
2021-05-30,Kern,029,883053,97412,96443,10847,107290,1319
2021-05-30,Kings,031,150075,23168,22974,1070,24044,244
2021-05-30,Lake,033,64148,3537,3517,9,3526,45
2021-05-30,Lassen,035,31185,5216,5171,113,5284,6
2021-05-30,Los Angeles,037,10098052,1207748,1202425,40781,1243206,24360
2021-05-30,Madera,039,155013,16642,16538,927,17465,240
2021-05-30,Marin,041,260295,14123,14083,253,14336,229
2021-05-30,Mariposa,043,17540,435,430,11,441,5
2021-05-30,Mendocino,045,87422,4027,3955,83,4038,47
2021-05-30,Merced,047,269075,31059,31189,1028,32217,456
2021-05-30,Modoc,049,8938,379,374,130,504,3
2021-05-30,Mono,051,14174,1264,1275,16,1291,3
2021-05-30,Monterey,053,433212,43190,43049,1837,44886,379
2021-05-30,Napa,055,140530,9928,9948,36,9984,82
2021-05-30,Nevada,057,99092,4841,4818,190,5008,72
2021-05-30,Orange,059,3164182,255529,254559,11262,265821,5051
2021-05-30,Placer,061,380077,23368,23016,1494,24510,293
2021-05-30,Plumas,063,18699,708,690,11,701,4
2021-05-30,Riverside,065,2383286,294314,288961,13866,302827,4442
2021-05-30,Sacramento,067,1510023,106502,106252,1742,107994,1644
2021-05-30,San Benito,069,59416,6056,6072,112,6184,63
2021-05-30,San Bernardino,071,2135413,293477,292981,8923,301904,4758
2021-05-30,San Diego,073,3302833,281155,280209,15000,295209,3756
2021-05-30,San Francisco,075,870044,36774,37016,1268,38284,550
2021-05-30,San Joaquin,077,732212,73304,72853,3499,76352,1383
2021-05-30,San Luis Obispo,079,281455,21411,21211,736,21947,256
2021-05-30,San Mateo,081,765935,42362,42386,468,42854,439
2021-05-30,Santa Barbara,083,443738,34467,34369,1114,35483,456
2021-05-30,Santa Clara,085,1922200,118739,119510,746,120256,2057
2021-05-30,Santa Cruz,087,273765,16249,16140,797,16937,207
2021-05-30,Shasta,089,179085,12361,12408,1573,13981,199
2021-05-30,Sierra,091,2930,57,55,12,67,0
2021-05-30,Siskiyou,093,43540,1943,1856,355,2211,21
2021-05-30,Solano,095,438530,32943,32952,552,33504,256
2021-05-30,Sonoma,097,501317,30193,30310,334,30644,322
2021-05-30,Stanislaus,099,539301,56503,56323,5885,62208,973
2021-05-30,Sutter,101,95872,9478,9519,84,9603,111
2021-05-30,Tehama,103,63373,5100,5073,570,5643,63
2021-05-30,Trinity,105,12862,483,328,91,419,3
2021-05-30,Tulare,107,460477,50264,49397,8901,58298,845
2021-05-30,Tuolumne,109,53932,4036,4094,42,4136,63
2021-05-30,Ventura,111,848112,81440,81012,2953,83965,1021
2021-05-30,Yolo,113,214977,14063,14059,235,14294,210
2021-05-30,Yuba,115,75493,6078,6063,122,6185,48
2021-05-29,Alameda,001,1643700,88245,88433,1915,90348,1253
2021-05-29,Alpine,003,1148,87,88,0,88,0
2021-05-29,Amador,005,37829,3679,3683,32,3715,46
2021-05-29,Butte,007,227075,12575,12425,1814,14239,190
2021-05-29,Calaveras,009,45235,2170,2166,13,2179,55
2021-05-29,Colusa,011,21464,1950,1954,312,2266,15
2021-05-29,Contra Costa,013,1133247,69770,69351,1265,70616,813
2021-05-29,Del Norte,015,27424,1419,1391,13,1404,8
2021-05-29,El Dorado,017,186661,10329,10269,740,11009,110
2021-05-29,Fresno,019,978130,102838,102470,8610,111080,1706
2021-05-29,Glenn,021,27897,2436,2422,555,2977,18
2021-05-29,Humboldt,023,135768,4292,4283,38,4321,42
2021-05-29,Imperial,025,180216,28627,28729,2685,31414,736
2021-05-29,Inyo,027,18085,1404,1404,12,1416,35
2021-05-29,Kern,029,883053,97401,96424,10834,107258,1319
2021-05-29,Kings,031,150075,23167,22970,1069,24039,244
2021-05-29,Lake,033,64148,3537,3515,9,3524,45
2021-05-29,Lassen,035,31185,5216,5171,113,5284,6
2021-05-29,Los Angeles,037,10098052,1207625,1202264,40778,1243042,24359
2021-05-29,Madera,039,155013,16640,16535,927,17462,240
2021-05-29,Marin,041,260295,14119,14071,252,14323,229
2021-05-29,Mariposa,043,17540,434,428,11,439,5
2021-05-29,Mendocino,045,87422,4021,3952,83,4035,47
2021-05-29,Merced,047,269075,31047,31187,1028,32215,456
2021-05-29,Modoc,049,8938,379,374,130,504,3
2021-05-29,Mono,051,14174,1264,1275,16,1291,3
2021-05-29,Monterey,053,433212,43188,43042,1837,44879,379
2021-05-29,Napa,055,140530,9925,9948,36,9984,82
2021-05-29,Nevada,057,99092,4840,4816,190,5006,72
2021-05-29,Orange,059,3164182,255507,254537,11252,265789,5049
2021-05-29,Placer,061,380077,23353,23009,1493,24502,293
2021-05-29,Plumas,063,18699,708,689,11,700,4
2021-05-29,Riverside,065,2383286,294294,288908,13865,302773,4442
2021-05-29,Sacramento,067,1510023,106472,106218,1741,107959,1643
2021-05-29,San Benito,069,59416,6055,6072,112,6184,63
2021-05-29,San Bernardino,071,2135413,293444,292961,8922,301883,4757
2021-05-29,San Diego,073,3302833,281096,280151,14995,295146,3756
2021-05-29,San Francisco,075,870044,36765,37008,1268,38276,550
2021-05-29,San Joaquin,077,732212,73288,72827,3497,76324,1383
2021-05-29,San Luis Obispo,079,281455,21409,21201,736,21937,256
2021-05-29,San Mateo,081,765935,42354,42375,467,42842,439
2021-05-29,Santa Barbara,083,443738,34463,34367,1114,35481,456
2021-05-29,Santa Clara,085,1922200,118715,119498,745,120243,2056
2021-05-29,Santa Cruz,087,273765,16248,16137,797,16934,207
2021-05-29,Shasta,089,179085,12353,12401,1572,13973,199
2021-05-29,Sierra,091,2930,57,55,12,67,0
2021-05-29,Siskiyou,093,43540,1938,1856,355,2211,21
2021-05-29,Solano,095,438530,32934,32917,552,33469,256
2021-05-29,Sonoma,097,501317,30170,30298,333,30631,322
2021-05-29,Stanislaus,099,539301,56485,56305,5883,62188,974
2021-05-29,Sutter,101,95872,9474,9516,84,9600,111
2021-05-29,Tehama,103,63373,5099,5070,570,5640,63
2021-05-29,Trinity,105,12862,483,328,91,419,3
2021-05-29,Tulare,107,460477,50254,49392,8897,58289,845
2021-05-29,Tuolumne,109,53932,4036,4093,42,4135,63
2021-05-29,Ventura,111,848112,81432,81008,2953,83961,1021
2021-05-29,Yolo,113,214977,14062,14055,235,14290,210
2021-05-29,Yuba,115,75493,6078,6059,122,6181,48
2021-05-28,Alameda,001,1643700,88221,88391,1911,90302,1261
2021-05-28,Alpine,003,1148,87,88,0,88,0
2021-05-28,Amador,005,37829,3679,3680,32,3712,46
2021-05-28,Butte,007,227075,12572,12407,1813,14220,190
2021-05-28,Calaveras,009,45235,2169,2165,13,2178,55
2021-05-28,Colusa,011,21464,1950,1954,310,2264,15
2021-05-28,Contra Costa,013,1133247,69734,69290,1264,70554,813
2021-05-28,Del Norte,015,27424,1418,1390,13,1403,8
2021-05-28,El Dorado,017,186661,10326,10265,740,11005,110
2021-05-28,Fresno,019,978130,102823,102437,8610,111047,1705
2021-05-28,Glenn,021,27897,2436,2419,555,2974,18
2021-05-28,Humboldt,023,135768,4285,4265,38,4303,42
2021-05-28,Imperial,025,180216,28624,28722,2685,31407,736
2021-05-28,Inyo,027,18085,1404,1404,12,1416,35
2021-05-28,Kern,029,883053,97384,96396,10826,107222,1320
2021-05-28,Kings,031,150075,23165,22962,1069,24031,244
2021-05-28,Lake,033,64148,3535,3515,9,3524,45
2021-05-28,Lassen,035,31185,5216,5169,113,5282,6
2021-05-28,Los Angeles,037,10098052,1207514,1202103,40768,1242871,24357
2021-05-28,Madera,039,155013,16638,16530,927,17457,240
2021-05-28,Marin,041,260295,14118,14063,251,14314,229
2021-05-28,Mariposa,043,17540,434,428,11,439,5
2021-05-28,Mendocino,045,87422,4016,3947,83,4030,47
2021-05-28,Merced,047,269075,31044,31176,1028,32204,455
2021-05-28,Modoc,049,8938,379,374,130,504,3
2021-05-28,Mono,051,14174,1264,1274,16,1290,3
2021-05-28,Monterey,053,433212,43187,43036,1837,44873,379
2021-05-28,Napa,055,140530,9925,9941,36,9977,82
2021-05-28,Nevada,057,99092,4838,4813,190,5003,71
2021-05-28,Orange,059,3164182,255487,254494,11250,265744,5047
2021-05-28,Placer,061,380077,23343,22987,1491,24478,293
2021-05-28,Plumas,063,18699,706,688,11,699,4
2021-05-28,Riverside,065,2383286,294272,288872,13863,302735,4442
2021-05-28,Sacramento,067,1510023,106416,106131,1739,107870,1642
2021-05-28,San Benito,069,59416,6055,6074,112,6186,63
2021-05-28,San Bernardino,071,2135413,293421,292905,8922,301827,4757
2021-05-28,San Diego,073,3302833,281033,280043,14984,295027,3756
2021-05-28,San Francisco,075,870044,36759,36987,1268,38255,546
2021-05-28,San Joaquin,077,732212,73258,72793,3495,76288,1383
2021-05-28,San Luis Obispo,079,281455,21404,21190,734,21924,256
2021-05-28,San Mateo,081,765935,42348,42364,467,42831,439
2021-05-28,Santa Barbara,083,443738,34462,34371,1114,35485,455
2021-05-28,Santa Clara,085,1922200,118691,119462,745,120207,2056
2021-05-28,Santa Cruz,087,273765,16247,16129,797,16926,207
2021-05-28,Shasta,089,179085,12344,12383,1570,13953,198
2021-05-28,Sierra,091,2930,57,54,12,66,0
2021-05-28,Siskiyou,093,43540,1936,1850,355,2205,19
2021-05-28,Solano,095,438530,32919,32892,552,33444,256
2021-05-28,Sonoma,097,501317,30151,30270,333,30603,321
2021-05-28,Stanislaus,099,539301,56466,56278,5880,62158,974
2021-05-28,Sutter,101,95872,9470,9511,84,9595,111
2021-05-28,Tehama,103,63373,5093,5064,570,5634,63
2021-05-28,Trinity,105,12862,483,328,91,419,3
2021-05-28,Tulare,107,460477,50249,49375,8888,58263,846
2021-05-28,Tuolumne,109,53932,4036,4090,42,4132,63
2021-05-28,Ventura,111,848112,81421,80985,2952,83937,1021
2021-05-28,Yolo,113,214977,14059,14050,234,14284,210
2021-05-28,Yuba,115,75493,6076,6050,121,6171,48
2021-05-27,Alameda,001,1643700,88186,88342,1911,90253,1274
2021-05-27,Alpine,003,1148,87,88,0,88,0
2021-05-27,Amador,005,37829,3676,3680,32,3712,46
2021-05-27,Butte,007,227075,12567,12401,1812,14213,190
2021-05-27,Calaveras,009,45235,2168,2163,13,2176,55
2021-05-27,Colusa,011,21464,1947,1952,310,2262,15
2021-05-27,Contra Costa,013,1133247,69692,69245,1262,70507,813
2021-05-27,Del Norte,015,27424,1418,1388,13,1401,8
2021-05-27,El Dorado,017,186661,10325,10248,740,10988,112
2021-05-27,Fresno,019,978130,102807,102413,8607,111020,1704
2021-05-27,Glenn,021,27897,2436,2415,555,2970,18
2021-05-27,Humboldt,023,135768,4277,4260,38,4298,42
2021-05-27,Imperial,025,180216,28613,28728,2685,31413,736
2021-05-27,Inyo,027,18085,1404,1404,12,1416,35
2021-05-27,Kern,029,883053,97368,96364,10818,107182,1322
2021-05-27,Kings,031,150075,23162,22953,1069,24022,245
2021-05-27,Lake,033,64148,3530,3509,9,3518,45
2021-05-27,Lassen,035,31185,5215,5170,112,5282,6
2021-05-27,Los Angeles,037,10098052,1207344,1201927,40755,1242682,24348
2021-05-27,Madera,039,155013,16629,16527,927,17454,240
2021-05-27,Marin,041,260295,14114,14061,251,14312,229
2021-05-27,Mariposa,043,17540,432,427,11,438,5
2021-05-27,Mendocino,045,87422,4010,3945,83,4028,47
2021-05-27,Merced,047,269075,31032,31161,1028,32189,455
2021-05-27,Modoc,049,8938,378,374,130,504,3
2021-05-27,Mono,051,14174,1264,1276,16,1292,3
2021-05-27,Monterey,053,433212,43181,43032,1837,44869,379
2021-05-27,Napa,055,140530,9924,9934,36,9970,82
2021-05-27,Nevada,057,99092,4834,4807,188,4995,71
2021-05-27,Orange,059,3164182,255450,254438,11246,265684,5059
2021-05-27,Placer,061,380077,23334,22966,1491,24457,293
2021-05-27,Plumas,063,18699,706,687,11,698,4
2021-05-27,Riverside,065,2383286,294236,288835,13858,302693,4443
2021-05-27,Sacramento,067,1510023,106341,106015,1737,107752,1642
2021-05-27,San Benito,069,59416,6054,6074,112,6186,63
2021-05-27,San Bernardino,071,2135413,293385,292755,8920,301675,4756
2021-05-27,San Diego,073,3302833,280959,279960,14970,294930,3756
2021-05-27,San Francisco,075,870044,36753,36980,1265,38245,546
2021-05-27,San Joaquin,077,732212,73226,72714,3492,76206,1388
2021-05-27,San Luis Obispo,079,281455,21399,21171,734,21905,256
2021-05-27,San Mateo,081,765935,42339,42345,467,42812,436
2021-05-27,Santa Barbara,083,443738,34457,34355,1114,35469,456
2021-05-27,Santa Clara,085,1922200,118670,119452,745,120197,2053
2021-05-27,Santa Cruz,087,273765,16245,16134,797,16931,207
2021-05-27,Shasta,089,179085,12334,12380,1570,13950,202
2021-05-27,Sierra,091,2930,57,54,12,66,0
2021-05-27,Siskiyou,093,43540,1933,1846,355,2201,18
2021-05-27,Solano,095,438530,32878,32855,551,33406,257
2021-05-27,Sonoma,097,501317,30124,30253,329,30582,321
2021-05-27,Stanislaus,099,539301,56441,56207,5879,62086,974
2021-05-27,Sutter,101,95872,9466,9501,84,9585,111
2021-05-27,Tehama,103,63373,5090,5064,569,5633,63
2021-05-27,Trinity,105,12862,483,328,91,419,3
2021-05-27,Tulare,107,460477,50235,49366,8879,58245,840
2021-05-27,Tuolumne,109,53932,4035,4090,42,4132,66
2021-05-27,Ventura,111,848112,81408,80965,2949,83914,1023
2021-05-27,Yolo,113,214977,14056,14036,234,14270,213
2021-05-27,Yuba,115,75493,6071,6040,120,6160,48
2021-05-26,Alameda,001,1643700,88157,88297,1911,90208,1266
2021-05-26,Alpine,003,1148,87,88,0,88,0
2021-05-26,Amador,005,37829,3676,3679,32,3711,46
2021-05-26,Butte,007,227075,12558,12332,1811,14143,190
2021-05-26,Calaveras,009,45235,2167,2154,13,2167,55
2021-05-26,Colusa,011,21464,1946,1952,310,2262,15
2021-05-26,Contra Costa,013,1133247,69655,69210,1262,70472,812
2021-05-26,Del Norte,015,27424,1418,1386,12,1398,8
2021-05-26,El Dorado,017,186661,10321,10242,739,10981,112
2021-05-26,Fresno,019,978130,102774,102374,8602,110976,1702
2021-05-26,Glenn,021,27897,2435,2415,555,2970,18
2021-05-26,Humboldt,023,135768,4272,4246,38,4284,42
2021-05-26,Imperial,025,180216,28608,28712,2683,31395,734
2021-05-26,Inyo,027,18085,1404,1403,12,1415,36
2021-05-26,Kern,029,883053,97343,96343,10811,107154,1320
2021-05-26,Kings,031,150075,23158,22950,1068,24018,245
2021-05-26,Lake,033,64148,3529,3508,9,3517,45
2021-05-26,Lassen,035,31185,5214,5164,112,5276,6
2021-05-26,Los Angeles,037,10098052,1207176,1198100,40739,1238839,24221
2021-05-26,Madera,039,155013,16626,16520,927,17447,240
2021-05-26,Marin,041,260295,14111,14061,250,14311,227
2021-05-26,Mariposa,043,17540,432,427,11,438,5
2021-05-26,Mendocino,045,87422,4004,3938,83,4021,47
2021-05-26,Merced,047,269075,31023,31139,1028,32167,455
2021-05-26,Modoc,049,8938,378,371,129,500,3
2021-05-26,Mono,051,14174,1264,1274,16,1290,3
2021-05-26,Monterey,053,433212,43175,43018,1836,44854,379
2021-05-26,Napa,055,140530,9917,9932,34,9966,82
2021-05-26,Nevada,057,99092,4829,4803,188,4991,70
2021-05-26,Orange,059,3164182,255414,254368,11243,265611,5058
2021-05-26,Placer,061,380077,23310,22940,1491,24431,293
2021-05-26,Plumas,063,18699,705,685,11,696,4
2021-05-26,Riverside,065,2383286,294190,288782,13851,302633,4443
2021-05-26,Sacramento,067,1510023,106255,105919,1733,107652,1637
2021-05-26,San Benito,069,59416,6054,6074,112,6186,63
2021-05-26,San Bernardino,071,2135413,293350,292662,8919,301581,4755
2021-05-26,San Diego,073,3302833,280884,279859,14960,294819,3755
2021-05-26,San Francisco,075,870044,36741,36954,1265,38219,546
2021-05-26,San Joaquin,077,732212,73184,72681,3489,76170,1388
2021-05-26,San Luis Obispo,079,281455,21393,21163,734,21897,256
2021-05-26,San Mateo,081,765935,42331,42331,467,42798,436
2021-05-26,Santa Barbara,083,443738,34448,34348,1114,35462,459
2021-05-26,Santa Clara,085,1922200,118643,119421,744,120165,2031
2021-05-26,Santa Cruz,087,273765,16244,16139,797,16936,207
2021-05-26,Shasta,089,179085,12319,12357,1567,13924,202
2021-05-26,Sierra,091,2930,57,54,12,66,0
2021-05-26,Siskiyou,093,43540,1931,1847,353,2200,18
2021-05-26,Solano,095,438530,32842,32831,551,33382,257
2021-05-26,Sonoma,097,501317,30097,30230,329,30559,321
2021-05-26,Stanislaus,099,539301,56419,56193,5877,62070,974
2021-05-26,Sutter,101,95872,9461,9495,84,9579,112
2021-05-26,Tehama,103,63373,5089,5054,566,5620,63
2021-05-26,Trinity,105,12862,483,328,91,419,3
2021-05-26,Tulare,107,460477,50228,49352,8875,58227,839
2021-05-26,Tuolumne,109,53932,4031,4088,41,4129,66
2021-05-26,Ventura,111,848112,81385,80944,2947,83891,1023
2021-05-26,Yolo,113,214977,14053,14025,234,14259,213
2021-05-26,Yuba,115,75493,6066,6036,120,6156,49
2021-05-25,Alameda,001,1643700,88127,88237,1911,90148,1263
2021-05-25,Alpine,003,1148,87,88,0,88,0
2021-05-25,Amador,005,37829,3671,3676,32,3708,46
2021-05-25,Butte,007,227075,12547,12295,1810,14105,189
2021-05-25,Calaveras,009,45235,2165,2148,13,2161,55
2021-05-25,Colusa,011,21464,1945,1949,310,2259,15
2021-05-25,Contra Costa,013,1133247,69603,69167,1257,70424,809
2021-05-25,Del Norte,015,27424,1418,1385,12,1397,8
2021-05-25,El Dorado,017,186661,10314,10240,738,10978,112
2021-05-25,Fresno,019,978130,102753,102329,8600,110929,1701
2021-05-25,Glenn,021,27897,2434,2414,554,2968,17
2021-05-25,Humboldt,023,135768,4265,4231,36,4267,42
2021-05-25,Imperial,025,180216,28601,28586,2683,31269,735
2021-05-25,Inyo,027,18085,1404,1402,12,1414,36
2021-05-25,Kern,029,883053,97312,96319,10797,107116,1319
2021-05-25,Kings,031,150075,23151,22944,1068,24012,245
2021-05-25,Lake,033,64148,3528,3508,9,3517,44
2021-05-25,Lassen,035,31185,5210,5164,112,5276,6
2021-05-25,Los Angeles,037,10098052,1206989,1197940,40721,1238661,24212
2021-05-25,Madera,039,155013,16621,16519,926,17445,240
2021-05-25,Marin,041,260295,14105,14053,250,14303,227
2021-05-25,Mariposa,043,17540,431,427,11,438,5
2021-05-25,Mendocino,045,87422,3999,3928,83,4011,47
2021-05-25,Merced,047,269075,31002,31132,1028,32160,455
2021-05-25,Modoc,049,8938,377,367,129,496,3
2021-05-25,Mono,051,14174,1264,1274,16,1290,3
2021-05-25,Monterey,053,433212,43171,43012,1835,44847,379
2021-05-25,Napa,055,140530,9915,9926,34,9960,82
2021-05-25,Nevada,057,99092,4823,4795,188,4983,70
2021-05-25,Orange,059,3164182,255385,254321,11242,265563,5057
2021-05-25,Placer,061,380077,23299,22920,1489,24409,292
2021-05-25,Plumas,063,18699,705,684,11,695,4
2021-05-25,Riverside,065,2383286,294151,288725,13848,302573,4443
2021-05-25,Sacramento,067,1510023,106174,105828,1730,107558,1633
2021-05-25,San Benito,069,59416,6054,6073,112,6185,63
2021-05-25,San Bernardino,071,2135413,293290,292485,8917,301402,4755
2021-05-25,San Diego,073,3302833,280802,279786,14955,294741,3753
2021-05-25,San Francisco,075,870044,36718,36939,1265,38204,546
2021-05-25,San Joaquin,077,732212,73142,72628,3486,76114,1387
2021-05-25,San Luis Obispo,079,281455,21390,21153,734,21887,256
2021-05-25,San Mateo,081,765935,42321,42268,467,42735,435
2021-05-25,Santa Barbara,083,443738,34445,34337,1114,35451,459
2021-05-25,Santa Clara,085,1922200,118619,119393,743,120136,2032
2021-05-25,Santa Cruz,087,273765,16239,16141,797,16938,207
2021-05-25,Shasta,089,179085,12310,12328,1565,13893,202
2021-05-25,Sierra,091,2930,56,54,12,66,0
2021-05-25,Siskiyou,093,43540,1930,1845,352,2197,18
2021-05-25,Solano,095,438530,32823,32817,550,33367,256
2021-05-25,Sonoma,097,501317,30068,30207,328,30535,321
2021-05-25,Stanislaus,099,539301,56383,56168,5874,62042,974
2021-05-25,Sutter,101,95872,9457,9495,84,9579,112
2021-05-25,Tehama,103,63373,5086,5048,565,5613,63
2021-05-25,Trinity,105,12862,483,328,90,418,3
2021-05-25,Tulare,107,460477,50218,49326,8867,58193,838
2021-05-25,Tuolumne,109,53932,4031,4084,41,4125,66
2021-05-25,Ventura,111,848112,81367,80905,2947,83852,1022
2021-05-25,Yolo,113,214977,14045,14018,232,14250,213
2021-05-25,Yuba,115,75493,6059,6028,120,6148,49
2021-05-24,Alameda,001,1643700,88087,88182,1909,90091,1263
2021-05-24,Alpine,003,1148,87,88,0,88,0
2021-05-24,Amador,005,37829,3669,3675,32,3707,46
2021-05-24,Butte,007,227075,12534,12279,1807,14086,189
2021-05-24,Calaveras,009,45235,2163,2146,13,2159,54
2021-05-24,Colusa,011,21464,1945,1949,310,2259,15
2021-05-24,Contra Costa,013,1133247,69562,69107,1253,70360,809
2021-05-24,Del Norte,015,27424,1417,1384,12,1396,8
2021-05-24,El Dorado,017,186661,10304,10227,737,10964,112
2021-05-24,Fresno,019,978130,102711,102289,8599,110888,1698
2021-05-24,Glenn,021,27897,2434,2413,554,2967,17
2021-05-24,Humboldt,023,135768,4258,4225,36,4261,42
2021-05-24,Imperial,025,180216,28599,28575,2683,31258,735
2021-05-24,Inyo,027,18085,1404,1402,12,1414,36
2021-05-24,Kern,029,883053,97285,96296,10792,107088,1319
2021-05-24,Kings,031,150075,23147,22940,1068,24008,246
2021-05-24,Lake,033,64148,3526,3506,9,3515,43
2021-05-24,Lassen,035,31185,5206,5163,112,5275,6
2021-05-24,Los Angeles,037,10098052,1206817,1197782,40707,1238489,24201
2021-05-24,Madera,039,155013,16617,16513,925,17438,239
2021-05-24,Marin,041,260295,14103,14051,250,14301,227
2021-05-24,Mariposa,043,17540,430,427,11,438,5
2021-05-24,Mendocino,045,87422,3997,3919,83,4002,47
2021-05-24,Merced,047,269075,30992,31128,1027,32155,455
2021-05-24,Modoc,049,8938,377,366,128,494,3
2021-05-24,Mono,051,14174,1264,1270,16,1286,3
2021-05-24,Monterey,053,433212,43166,43005,1834,44839,379
2021-05-24,Napa,055,140530,9915,9924,34,9958,82
2021-05-24,Nevada,057,99092,4820,4790,188,4978,70
2021-05-24,Orange,059,3164182,255351,254287,11232,265519,5056
2021-05-24,Placer,061,380077,23280,22895,1488,24383,292
2021-05-24,Plumas,063,18699,704,683,11,694,4
2021-05-24,Riverside,065,2383286,294094,288669,13838,302507,4442
2021-05-24,Sacramento,067,1510023,106059,105716,1729,107445,1632
2021-05-24,San Benito,069,59416,6054,6072,112,6184,63
2021-05-24,San Bernardino,071,2135413,293250,292343,8916,301259,4747
2021-05-24,San Diego,073,3302833,280694,279715,14945,294660,3749
2021-05-24,San Francisco,075,870044,36698,36934,1263,38197,547
2021-05-24,San Joaquin,077,732212,73110,72586,3486,76072,1371
2021-05-24,San Luis Obispo,079,281455,21372,21146,733,21879,256
2021-05-24,San Mateo,081,765935,42311,42249,467,42716,433
2021-05-24,Santa Barbara,083,443738,34440,34322,1114,35436,459
2021-05-24,Santa Clara,085,1922200,118587,119358,743,120101,2030
2021-05-24,Santa Cruz,087,273765,16233,16135,797,16932,207
2021-05-24,Shasta,089,179085,12293,12315,1562,13877,201
2021-05-24,Sierra,091,2930,56,54,12,66,0
2021-05-24,Siskiyou,093,43540,1927,1840,352,2192,17
2021-05-24,Solano,095,438530,32798,32792,549,33341,254
2021-05-24,Sonoma,097,501317,30053,30187,328,30515,321
2021-05-24,Stanislaus,099,539301,56349,56128,5870,61998,974
2021-05-24,Sutter,101,95872,9451,9486,84,9570,113
2021-05-24,Tehama,103,63373,5083,5043,563,5606,63
2021-05-24,Trinity,105,12862,483,328,90,418,3
2021-05-24,Tulare,107,460477,50211,49318,8863,58181,838
2021-05-24,Tuolumne,109,53932,4031,4083,41,4124,65
2021-05-24,Ventura,111,848112,81354,80876,2945,83821,1022
2021-05-24,Yolo,113,214977,14028,14012,230,14242,213
2021-05-24,Yuba,115,75493,6050,6022,120,6142,49
2021-05-23,Alameda,001,1643700,88024,88157,1907,90064,1263
2021-05-23,Alpine,003,1148,87,88,0,88,0
2021-05-23,Amador,005,37829,3668,3673,32,3705,46
2021-05-23,Butte,007,227075,12520,12271,1806,14077,189
2021-05-23,Calaveras,009,45235,2155,2144,13,2157,54
2021-05-23,Colusa,011,21464,1945,1949,308,2257,15
2021-05-23,Contra Costa,013,1133247,69518,69075,1251,70326,809
2021-05-23,Del Norte,015,27424,1413,1383,12,1395,8
2021-05-23,El Dorado,017,186661,10298,10222,737,10959,112
2021-05-23,Fresno,019,978130,102666,102270,8594,110864,1698
2021-05-23,Glenn,021,27897,2432,2413,554,2967,17
2021-05-23,Humboldt,023,135768,4240,4216,36,4252,42
2021-05-23,Imperial,025,180216,28593,28569,2682,31251,735
2021-05-23,Inyo,027,18085,1404,1402,12,1414,36
2021-05-23,Kern,029,883053,97261,96282,10784,107066,1319
2021-05-23,Kings,031,150075,23134,22939,1066,24005,246
2021-05-23,Lake,033,64148,3523,3504,9,3513,43
2021-05-23,Lassen,035,31185,5202,5163,111,5274,6
2021-05-23,Los Angeles,037,10098052,1206628,1197633,40696,1238329,24197
2021-05-23,Madera,039,155013,16611,16504,925,17429,239
2021-05-23,Marin,041,260295,14094,14048,249,14297,227
2021-05-23,Mariposa,043,17540,430,427,11,438,5
2021-05-23,Mendocino,045,87422,3991,3913,82,3995,47
2021-05-23,Merced,047,269075,30983,31118,1027,32145,455
2021-05-23,Modoc,049,8938,373,366,128,494,3
2021-05-23,Mono,051,14174,1263,1270,16,1286,3
2021-05-23,Monterey,053,433212,43156,43003,1834,44837,379
2021-05-23,Napa,055,140530,9911,9923,34,9957,82
2021-05-23,Nevada,057,99092,4810,4790,188,4978,70
2021-05-23,Orange,059,3164182,255313,254277,11226,265503,5050
2021-05-23,Placer,061,380077,23260,22888,1488,24376,292
2021-05-23,Plumas,063,18699,703,683,11,694,4
2021-05-23,Riverside,065,2383286,294026,288641,13834,302475,4442
2021-05-23,Sacramento,067,1510023,105943,105663,1726,107389,1632
2021-05-23,San Benito,069,59416,6053,6072,112,6184,63
2021-05-23,San Bernardino,071,2135413,293199,292327,8915,301242,4747
2021-05-23,San Diego,073,3302833,280604,279690,14934,294624,3751
2021-05-23,San Francisco,075,870044,36687,36927,1262,38189,547
2021-05-23,San Joaquin,077,732212,73061,72571,3484,76055,1371
2021-05-23,San Luis Obispo,079,281455,21362,21141,732,21873,256
2021-05-23,San Mateo,081,765935,42294,42248,467,42715,433
2021-05-23,Santa Barbara,083,443738,34433,34319,1114,35433,459
2021-05-23,Santa Clara,085,1922200,118563,119333,743,120076,2030
2021-05-23,Santa Cruz,087,273765,16230,16130,797,16927,207
2021-05-23,Shasta,089,179085,12276,12313,1558,13871,201
2021-05-23,Sierra,091,2930,56,54,12,66,0
2021-05-23,Siskiyou,093,43540,1922,1826,345,2171,17
2021-05-23,Solano,095,438530,32780,32780,548,33328,254
2021-05-23,Sonoma,097,501317,30024,30168,327,30495,321
2021-05-23,Stanislaus,099,539301,56301,56104,5867,61971,974
2021-05-23,Sutter,101,95872,9442,9479,84,9563,113
2021-05-23,Tehama,103,63373,5076,5041,561,5602,63
2021-05-23,Trinity,105,12862,483,328,90,418,3
2021-05-23,Tulare,107,460477,50197,49310,8859,58169,838
2021-05-23,Tuolumne,109,53932,4028,4081,41,4122,65
2021-05-23,Ventura,111,848112,81324,80872,2944,83816,1022
2021-05-23,Yolo,113,214977,14016,14004,227,14231,213
2021-05-23,Yuba,115,75493,6045,6017,120,6137,49
2021-05-22,Alameda,001,1643700,87997,88101,1907,90008,1263
2021-05-22,Alpine,003,1148,87,88,0,88,0
2021-05-22,Amador,005,37829,3667,3672,32,3704,46
2021-05-22,Butte,007,227075,12508,12265,1805,14070,189
2021-05-22,Calaveras,009,45235,2151,2141,13,2154,54
2021-05-22,Colusa,011,21464,1941,1949,307,2256,15
2021-05-22,Contra Costa,013,1133247,69485,69004,1250,70254,809
2021-05-22,Del Norte,015,27424,1412,1381,12,1393,8
2021-05-22,El Dorado,017,186661,10293,10215,736,10951,112
2021-05-22,Fresno,019,978130,102652,102238,8592,110830,1698
2021-05-22,Glenn,021,27897,2432,2412,554,2966,17
2021-05-22,Humboldt,023,135768,4231,4194,35,4229,42
2021-05-22,Imperial,025,180216,28584,28574,2682,31256,735
2021-05-22,Inyo,027,18085,1404,1402,12,1414,36
2021-05-22,Kern,029,883053,97249,96260,10777,107037,1319
2021-05-22,Kings,031,150075,23134,22936,1066,24002,246
2021-05-22,Lake,033,64148,3520,3502,9,3511,43
2021-05-22,Lassen,035,31185,5202,5163,111,5274,6
2021-05-22,Los Angeles,037,10098052,1206519,1197454,40688,1238142,24192
2021-05-22,Madera,039,155013,16608,16503,925,17428,239
2021-05-22,Marin,041,260295,14091,14043,249,14292,227
2021-05-22,Mariposa,043,17540,430,427,11,438,5
2021-05-22,Mendocino,045,87422,3985,3908,82,3990,47
2021-05-22,Merced,047,269075,30973,31099,1027,32126,455
2021-05-22,Modoc,049,8938,373,366,128,494,3
2021-05-22,Mono,051,14174,1261,1270,16,1286,3
2021-05-22,Monterey,053,433212,43150,42998,1834,44832,379
2021-05-22,Napa,055,140530,9909,9918,34,9952,82
2021-05-22,Nevada,057,99092,4803,4787,187,4974,70
2021-05-22,Orange,059,3164182,255292,254238,11221,265459,5048
2021-05-22,Placer,061,380077,23246,22865,1487,24352,292
2021-05-22,Plumas,063,18699,702,683,11,694,4
2021-05-22,Riverside,065,2383286,293994,288580,13833,302413,4442
2021-05-22,Sacramento,067,1510023,105868,105551,1723,107274,1632
2021-05-22,San Benito,069,59416,6053,6071,112,6183,63
2021-05-22,San Bernardino,071,2135413,293174,292292,8915,301207,4747
2021-05-22,San Diego,073,3302833,280545,279614,14926,294540,3751
2021-05-22,San Francisco,075,870044,36677,36906,1260,38166,547
2021-05-22,San Joaquin,077,732212,73039,72528,3481,76009,1371
2021-05-22,San Luis Obispo,079,281455,21354,21134,731,21865,256
2021-05-22,San Mateo,081,765935,42284,42218,467,42685,433
2021-05-22,Santa Barbara,083,443738,34429,34313,1113,35426,459
2021-05-22,Santa Clara,085,1922200,118539,119292,743,120035,2030
2021-05-22,Santa Cruz,087,273765,16230,16125,797,16922,207
2021-05-22,Shasta,089,179085,12269,12307,1555,13862,201
2021-05-22,Sierra,091,2930,56,54,12,66,0
2021-05-22,Siskiyou,093,43540,1921,1824,344,2168,17
2021-05-22,Solano,095,438530,32767,32753,548,33301,254
2021-05-22,Sonoma,097,501317,30012,30154,327,30481,321
2021-05-22,Stanislaus,099,539301,56278,56069,5866,61935,974
2021-05-22,Sutter,101,95872,9437,9476,84,9560,113
2021-05-22,Tehama,103,63373,5075,5036,561,5597,63
2021-05-22,Trinity,105,12862,483,328,90,418,3
2021-05-22,Tulare,107,460477,50192,49299,8854,58153,838
2021-05-22,Tuolumne,109,53932,4028,4078,41,4119,65
2021-05-22,Ventura,111,848112,81320,80859,2944,83803,1022
2021-05-22,Yolo,113,214977,14014,13997,227,14224,213
2021-05-22,Yuba,115,75493,6042,6010,120,6130,49
2021-05-21,Alameda,001,1643700,87971,88041,1906,89947,1263
2021-05-21,Alpine,003,1148,87,88,0,88,0
2021-05-21,Amador,005,37829,3664,3672,32,3704,46
2021-05-21,Butte,007,227075,12502,12236,1803,14039,188
2021-05-21,Calaveras,009,45235,2149,2138,13,2151,54
2021-05-21,Colusa,011,21464,1941,1947,307,2254,15
2021-05-21,Contra Costa,013,1133247,69442,68965,1249,70214,810
2021-05-21,Del Norte,015,27424,1411,1376,12,1388,8
2021-05-21,El Dorado,017,186661,10289,10204,736,10940,112
2021-05-21,Fresno,019,978130,102624,102189,8590,110779,1698
2021-05-21,Glenn,021,27897,2431,2408,554,2962,17
2021-05-21,Humboldt,023,135768,4224,4175,35,4210,42
2021-05-21,Imperial,025,180216,28577,28572,2681,31253,732
2021-05-21,Inyo,027,18085,1404,1402,12,1414,36
2021-05-21,Kern,029,883053,97235,96233,10770,107003,1318
2021-05-21,Kings,031,150075,23134,22927,1066,23993,246
2021-05-21,Lake,033,64148,3518,3500,9,3509,43
2021-05-21,Lassen,035,31185,5201,5161,111,5272,6
2021-05-21,Los Angeles,037,10098052,1206401,1197263,40680,1237943,24180
2021-05-21,Madera,039,155013,16607,16500,924,17424,238
2021-05-21,Marin,041,260295,14086,14042,249,14291,227
2021-05-21,Mariposa,043,17540,429,427,11,438,5
2021-05-21,Mendocino,045,87422,3980,3897,82,3979,47
2021-05-21,Merced,047,269075,30965,31076,1027,32103,455
2021-05-21,Modoc,049,8938,373,365,128,493,3
2021-05-21,Mono,051,14174,1261,1269,16,1285,3
2021-05-21,Monterey,053,433212,43148,42995,1834,44829,379
2021-05-21,Napa,055,140530,9905,9913,34,9947,82
2021-05-21,Nevada,057,99092,4802,4779,187,4966,70
2021-05-21,Orange,059,3164182,255272,254171,11219,265390,5042
2021-05-21,Placer,061,380077,23237,22853,1487,24340,292
2021-05-21,Plumas,063,18699,702,683,10,693,4
2021-05-21,Riverside,065,2383286,293967,288499,13826,302325,4442
2021-05-21,Sacramento,067,1510023,105801,105476,1720,107196,1632
2021-05-21,San Benito,069,59416,6053,6068,112,6180,63
2021-05-21,San Bernardino,071,2135413,293142,292205,8913,301118,4744
2021-05-21,San Diego,073,3302833,280472,279554,14916,294470,3748
2021-05-21,San Francisco,075,870044,36672,36879,1260,38139,546
2021-05-21,San Joaquin,077,732212,73019,72467,3479,75946,1371
2021-05-21,San Luis Obispo,079,281455,21348,21128,728,21856,256
2021-05-21,San Mateo,081,765935,42271,42163,466,42629,432
2021-05-21,Santa Barbara,083,443738,34424,34302,1113,35415,459
2021-05-21,Santa Clara,085,1922200,118512,119247,743,119990,2029
2021-05-21,Santa Cruz,087,273765,16226,16120,797,16917,207
2021-05-21,Shasta,089,179085,12252,12289,1553,13842,201
2021-05-21,Sierra,091,2930,56,54,12,66,0
2021-05-21,Siskiyou,093,43540,1920,1815,344,2159,16
2021-05-21,Solano,095,438530,32752,32742,548,33290,254
2021-05-21,Sonoma,097,501317,29999,30126,327,30453,321
2021-05-21,Stanislaus,099,539301,56248,56036,5864,61900,975
2021-05-21,Sutter,101,95872,9435,9470,84,9554,113
2021-05-21,Tehama,103,63373,5069,5030,561,5591,63
2021-05-21,Trinity,105,12862,483,329,89,418,3
2021-05-21,Tulare,107,460477,50187,49271,8852,58123,838
2021-05-21,Tuolumne,109,53932,4026,4079,41,4120,65
2021-05-21,Ventura,111,848112,81312,80821,2941,83762,1021
2021-05-21,Yolo,113,214977,14008,13983,227,14210,213
2021-05-21,Yuba,115,75493,6036,6006,120,6126,49
2021-05-20,Alameda,001,1643700,87928,87975,1904,89879,1264
2021-05-20,Alpine,003,1148,87,88,0,88,0
2021-05-20,Amador,005,37829,3663,3671,32,3703,46
2021-05-20,Butte,007,227075,12495,12220,1800,14020,188
2021-05-20,Calaveras,009,45235,2145,2138,13,2151,54
2021-05-20,Colusa,011,21464,1940,1946,305,2251,15
2021-05-20,Contra Costa,013,1133247,69397,68913,1247,70160,809
2021-05-20,Del Norte,015,27424,1411,1373,12,1385,8
2021-05-20,El Dorado,017,186661,10279,10188,736,10924,112
2021-05-20,Fresno,019,978130,102602,102135,8588,110723,1696
2021-05-20,Glenn,021,27897,2428,2406,554,2960,17
2021-05-20,Humboldt,023,135768,4207,4162,34,4196,42
2021-05-20,Imperial,025,180216,28572,28551,2681,31232,732
2021-05-20,Inyo,027,18085,1404,1402,12,1414,36
2021-05-20,Kern,029,883053,97214,96204,10763,106967,1317
2021-05-20,Kings,031,150075,23132,22922,1066,23988,246
2021-05-20,Lake,033,64148,3515,3500,9,3509,43
2021-05-20,Lassen,035,31185,5199,5160,110,5270,6
2021-05-20,Los Angeles,037,10098052,1206245,1197073,40670,1237743,24168
2021-05-20,Madera,039,155013,16601,16499,922,17421,238
2021-05-20,Marin,041,260295,14082,14036,248,14284,227
2021-05-20,Mariposa,043,17540,429,426,11,437,5
2021-05-20,Mendocino,045,87422,3973,3897,82,3979,47
2021-05-20,Merced,047,269075,30952,31046,1026,32072,454
2021-05-20,Modoc,049,8938,373,365,128,493,3
2021-05-20,Mono,051,14174,1260,1269,16,1285,3
2021-05-20,Monterey,053,433212,43142,42984,1833,44817,379
2021-05-20,Napa,055,140530,9902,9913,34,9947,82
2021-05-20,Nevada,057,99092,4801,4775,187,4962,70
2021-05-20,Orange,059,3164182,255229,254127,11216,265343,5038
2021-05-20,Placer,061,380077,23224,22823,1486,24309,292
2021-05-20,Plumas,063,18699,700,682,10,692,4
2021-05-20,Riverside,065,2383286,293919,288453,13821,302274,4442
2021-05-20,Sacramento,067,1510023,105705,105414,1717,107131,1629
2021-05-20,San Benito,069,59416,6052,6067,112,6179,63
2021-05-20,San Bernardino,071,2135413,293096,292153,8912,301065,4728
2021-05-20,San Diego,073,3302833,280384,279490,14904,294394,3749
2021-05-20,San Francisco,075,870044,36663,36860,1260,38120,546
2021-05-20,San Joaquin,077,732212,72981,72388,3477,75865,1371
2021-05-20,San Luis Obispo,079,281455,21336,21095,726,21821,256
2021-05-20,San Mateo,081,765935,42257,42152,464,42616,432
2021-05-20,Santa Barbara,083,443738,34420,34293,1113,35406,459
2021-05-20,Santa Clara,085,1922200,118491,119222,743,119965,2029
2021-05-20,Santa Cruz,087,273765,16221,16119,797,16916,207
2021-05-20,Shasta,089,179085,12239,12266,1550,13816,200
2021-05-20,Sierra,091,2930,56,54,12,66,0
2021-05-20,Siskiyou,093,43540,1913,1811,343,2154,16
2021-05-20,Solano,095,438530,32737,32725,548,33273,253
2021-05-20,Sonoma,097,501317,29982,30107,326,30433,321
2021-05-20,Stanislaus,099,539301,56219,55979,5862,61841,970
2021-05-20,Sutter,101,95872,9431,9467,84,9551,113
2021-05-20,Tehama,103,63373,5067,5029,561,5590,63
2021-05-20,Trinity,105,12862,483,329,88,417,3
2021-05-20,Tulare,107,460477,50176,49217,8849,58066,837
2021-05-20,Tuolumne,109,53932,4025,4077,41,4118,65
2021-05-20,Ventura,111,848112,81301,80800,2941,83741,1019
2021-05-20,Yolo,113,214977,14003,13973,227,14200,211
2021-05-20,Yuba,115,75493,6027,6002,120,6122,49
2021-05-19,Alameda,001,1643700,87888,87889,1903,89792,1260
2021-05-19,Alpine,003,1148,87,88,0,88,0
2021-05-19,Amador,005,37829,3663,3669,32,3701,46
2021-05-19,Butte,007,227075,12484,12198,1800,13998,188
2021-05-19,Calaveras,009,45235,2141,2132,13,2145,54
2021-05-19,Colusa,011,21464,1940,1945,303,2248,15
2021-05-19,Contra Costa,013,1133247,69350,68836,1247,70083,808
2021-05-19,Del Norte,015,27424,1409,1371,12,1383,8
2021-05-19,El Dorado,017,186661,10274,10179,735,10914,112
2021-05-19,Fresno,019,978130,102572,102085,8585,110670,1693
2021-05-19,Glenn,021,27897,2428,2404,554,2958,17
2021-05-19,Humboldt,023,135768,4197,4143,34,4177,42
2021-05-19,Imperial,025,180216,28563,28550,2681,31231,732
2021-05-19,Inyo,027,18085,1404,1402,12,1414,36
2021-05-19,Kern,029,883053,97185,96173,10756,106929,1316
2021-05-19,Kings,031,150075,23126,22919,1066,23985,246
2021-05-19,Lake,033,64148,3515,3497,9,3506,43
2021-05-19,Lassen,035,31185,5198,5157,110,5267,6
2021-05-19,Los Angeles,037,10098052,1206048,1196856,40656,1237512,24143
2021-05-19,Madera,039,155013,16598,16496,922,17418,238
2021-05-19,Marin,041,260295,14078,14033,246,14279,227
2021-05-19,Mariposa,043,17540,429,425,11,436,5
2021-05-19,Mendocino,045,87422,3969,3886,82,3968,47
2021-05-19,Merced,047,269075,30936,31044,1026,32070,452
2021-05-19,Modoc,049,8938,373,364,125,489,3
2021-05-19,Mono,051,14174,1260,1266,16,1282,3
2021-05-19,Monterey,053,433212,43137,42973,1832,44805,379
2021-05-19,Napa,055,140530,9899,9906,34,9940,82
2021-05-19,Nevada,057,99092,4799,4769,187,4956,70
2021-05-19,Orange,059,3164182,255192,254087,11206,265293,5035
2021-05-19,Placer,061,380077,23205,22784,1481,24265,291
2021-05-19,Plumas,063,18699,700,682,10,692,4
2021-05-19,Riverside,065,2383286,293873,288398,13819,302217,4442
2021-05-19,Sacramento,067,1510023,105627,105225,1716,106941,1629
2021-05-19,San Benito,069,59416,6051,6064,112,6176,63
2021-05-19,San Bernardino,071,2135413,293052,292078,8909,300987,4725
2021-05-19,San Diego,073,3302833,280299,279345,14883,294228,3746
2021-05-19,San Francisco,075,870044,36650,36835,1259,38094,546
2021-05-19,San Joaquin,077,732212,72938,72338,3472,75810,1369
2021-05-19,San Luis Obispo,079,281455,21328,21085,725,21810,256
2021-05-19,San Mateo,081,765935,42250,42126,464,42590,429
2021-05-19,Santa Barbara,083,443738,34412,34292,1113,35405,459
2021-05-19,Santa Clara,085,1922200,118451,119176,742,119918,2015
2021-05-19,Santa Cruz,087,273765,16217,16121,796,16917,207
2021-05-19,Shasta,089,179085,12221,12233,1547,13780,200
2021-05-19,Sierra,091,2930,56,54,12,66,0
2021-05-19,Siskiyou,093,43540,1910,1803,342,2145,16
2021-05-19,Solano,095,438530,32710,32678,546,33224,253
2021-05-19,Sonoma,097,501317,29967,30080,326,30406,321
2021-05-19,Stanislaus,099,539301,56199,55912,5857,61769,967
2021-05-19,Sutter,101,95872,9424,9459,83,9542,113
2021-05-19,Tehama,103,63373,5058,5026,557,5583,63
2021-05-19,Trinity,105,12862,483,329,88,417,3
2021-05-19,Tulare,107,460477,50163,49163,8844,58007,837
2021-05-19,Tuolumne,109,53932,4025,4074,41,4115,64
2021-05-19,Ventura,111,848112,81286,80747,2940,83687,1019
2021-05-19,Yolo,113,214977,13996,13961,226,14187,211
2021-05-19,Yuba,115,75493,6023,5993,120,6113,49
2021-05-18,Alameda,001,1643700,87814,87816,1903,89719,1254
2021-05-18,Alpine,003,1148,87,88,0,88,0
2021-05-18,Amador,005,37829,3663,3669,32,3701,46
2021-05-18,Butte,007,227075,12471,12164,1797,13961,191
2021-05-18,Calaveras,009,45235,2137,2131,13,2144,54
2021-05-18,Colusa,011,21464,1940,1943,303,2246,14
2021-05-18,Contra Costa,013,1133247,69293,68750,1246,69996,808
2021-05-18,Del Norte,015,27424,1406,1371,12,1383,8
2021-05-18,El Dorado,017,186661,10263,10169,734,10903,112
2021-05-18,Fresno,019,978130,102536,102056,8582,110638,1690
2021-05-18,Glenn,021,27897,2422,2403,553,2956,17
2021-05-18,Humboldt,023,135768,4179,4132,34,4166,42
2021-05-18,Imperial,025,180216,28558,28538,2679,31217,730
2021-05-18,Inyo,027,18085,1404,1401,12,1413,36
2021-05-18,Kern,029,883053,97152,96128,10742,106870,1315
2021-05-18,Kings,031,150075,23120,22916,1066,23982,247
2021-05-18,Lake,033,64148,3513,3495,9,3504,43
2021-05-18,Lassen,035,31185,5197,5157,109,5266,6
2021-05-18,Los Angeles,037,10098052,1205868,1196668,40645,1237313,24133
2021-05-18,Madera,039,155013,16588,16491,921,17412,238
2021-05-18,Marin,041,260295,14075,14026,246,14272,227
2021-05-18,Mariposa,043,17540,429,424,11,435,5
2021-05-18,Mendocino,045,87422,3957,3877,81,3958,47
2021-05-18,Merced,047,269075,30917,31036,1026,32062,452
2021-05-18,Modoc,049,8938,372,364,124,488,3
2021-05-18,Mono,051,14174,1259,1265,16,1281,3
2021-05-18,Monterey,053,433212,43131,43001,1832,44833,379
2021-05-18,Napa,055,140530,9899,9905,34,9939,82
2021-05-18,Nevada,057,99092,4792,4762,187,4949,70
2021-05-18,Orange,059,3164182,255151,254041,11196,265237,5031
2021-05-18,Placer,061,380077,23172,22726,1477,24203,291
2021-05-18,Plumas,063,18699,700,682,10,692,4
2021-05-18,Riverside,065,2383286,293818,288354,13812,302166,4438
2021-05-18,Sacramento,067,1510023,105525,105083,1714,106797,1629
2021-05-18,San Benito,069,59416,6050,6065,112,6177,63
2021-05-18,San Bernardino,071,2135413,292994,292014,8904,300918,4722
2021-05-18,San Diego,073,3302833,280191,279254,14874,294128,3742
2021-05-18,San Francisco,075,870044,36630,36818,1259,38077,546
2021-05-18,San Joaquin,077,732212,72891,72282,3468,75750,1368
2021-05-18,San Luis Obispo,079,281455,21318,21080,723,21803,256
2021-05-18,San Mateo,081,765935,42238,42099,463,42562,428
2021-05-18,Santa Barbara,083,443738,34403,34278,1113,35391,459
2021-05-18,Santa Clara,085,1922200,118424,119171,742,119913,2014
2021-05-18,Santa Cruz,087,273765,16209,16137,796,16933,207
2021-05-18,Shasta,089,179085,12203,12197,1541,13738,200
2021-05-18,Sierra,091,2930,56,54,12,66,0
2021-05-18,Siskiyou,093,43540,1909,1799,342,2141,16
2021-05-18,Solano,095,438530,32685,32644,546,33190,253
2021-05-18,Sonoma,097,501317,29947,30054,325,30379,321
2021-05-18,Stanislaus,099,539301,56163,55860,5857,61717,959
2021-05-18,Sutter,101,95872,9416,9453,83,9536,113
2021-05-18,Tehama,103,63373,5052,5020,555,5575,63
2021-05-18,Trinity,105,12862,483,329,87,416,3
2021-05-18,Tulare,107,460477,50155,49142,8839,57981,836
2021-05-18,Tuolumne,109,53932,4023,4073,41,4114,64
2021-05-18,Ventura,111,848112,81270,80726,2938,83664,1017
2021-05-18,Yolo,113,214977,13988,13951,226,14177,211
2021-05-18,Yuba,115,75493,6019,5989,120,6109,49
2021-05-17,Alameda,001,1643700,87761,87766,1900,89666,1253
2021-05-17,Alpine,003,1148,87,88,0,88,0
2021-05-17,Amador,005,37829,3660,3668,32,3700,46
2021-05-17,Butte,007,227075,12463,12144,1797,13941,192
2021-05-17,Calaveras,009,45235,2137,2131,13,2144,53
2021-05-17,Colusa,011,21464,1940,1943,303,2246,14
2021-05-17,Contra Costa,013,1133247,69238,68720,1245,69965,805
2021-05-17,Del Norte,015,27424,1401,1369,12,1381,8
2021-05-17,El Dorado,017,186661,10246,10163,734,10897,112
2021-05-17,Fresno,019,978130,102492,102013,8574,110587,1690
2021-05-17,Glenn,021,27897,2422,2401,553,2954,17
2021-05-17,Humboldt,023,135768,4168,4112,34,4146,42
2021-05-17,Imperial,025,180216,28552,28533,2677,31210,729
2021-05-17,Inyo,027,18085,1404,1401,12,1413,36
2021-05-17,Kern,029,883053,97123,96095,10725,106820,1315
2021-05-17,Kings,031,150075,23117,22918,1066,23984,246
2021-05-17,Lake,033,64148,3508,3489,9,3498,43
2021-05-17,Lassen,035,31185,5194,5156,108,5264,6
2021-05-17,Los Angeles,037,10098052,1205687,1196556,40639,1237195,24123
2021-05-17,Madera,039,155013,16581,16486,921,17407,238
2021-05-17,Marin,041,260295,14069,14021,246,14267,227
2021-05-17,Mariposa,043,17540,428,423,11,434,5
2021-05-17,Mendocino,045,87422,3948,3868,81,3949,46
2021-05-17,Merced,047,269075,30902,31031,1026,32057,450
2021-05-17,Modoc,049,8938,371,362,124,486,3
2021-05-17,Mono,051,14174,1255,1265,16,1281,3
2021-05-17,Monterey,053,433212,43124,42995,1832,44827,379
2021-05-17,Napa,055,140530,9898,9894,34,9928,82
2021-05-17,Nevada,057,99092,4788,4761,186,4947,70
2021-05-17,Orange,059,3164182,255104,253993,11189,265182,5031
2021-05-17,Placer,061,380077,23149,22706,1470,24176,289
2021-05-17,Plumas,063,18699,700,682,10,692,4
2021-05-17,Riverside,065,2383286,293749,288304,13808,302112,4433
2021-05-17,Sacramento,067,1510023,105417,105035,1712,106747,1629
2021-05-17,San Benito,069,59416,6047,6067,112,6179,63
2021-05-17,San Bernardino,071,2135413,292944,291989,8896,300885,4724
2021-05-17,San Diego,073,3302833,280059,279146,14852,293998,3742
2021-05-17,San Francisco,075,870044,36618,36816,1257,38073,546
2021-05-17,San Joaquin,077,732212,72853,72234,3465,75699,1359
2021-05-17,San Luis Obispo,079,281455,21309,21079,721,21800,256
2021-05-17,San Mateo,081,765935,42210,42083,463,42546,428
2021-05-17,Santa Barbara,083,443738,34396,34275,1113,35388,459
2021-05-17,Santa Clara,085,1922200,118387,119116,740,119856,2015
2021-05-17,Santa Cruz,087,273765,16206,16151,796,16947,206
2021-05-17,Shasta,089,179085,12181,12163,1540,13703,200
2021-05-17,Sierra,091,2930,56,54,12,66,0
2021-05-17,Siskiyou,093,43540,1900,1795,339,2134,15
2021-05-17,Solano,095,438530,32667,32627,545,33172,253
2021-05-17,Sonoma,097,501317,29924,30043,324,30367,321
2021-05-17,Stanislaus,099,539301,56115,55839,5850,61689,951
2021-05-17,Sutter,101,95872,9409,9447,83,9530,113
2021-05-17,Tehama,103,63373,5048,5016,554,5570,63
2021-05-17,Trinity,105,12862,483,328,87,415,3
2021-05-17,Tulare,107,460477,50133,49107,8834,57941,836
2021-05-17,Tuolumne,109,53932,4023,4071,41,4112,64
2021-05-17,Ventura,111,848112,81250,80699,2938,83637,1017
2021-05-17,Yolo,113,214977,13981,13941,226,14167,211
2021-05-17,Yuba,115,75493,6011,5987,120,6107,49
2021-05-16,Alameda,001,1643700,87697,87743,1900,89643,1253
2021-05-16,Alpine,003,1148,87,88,0,88,0
2021-05-16,Amador,005,37829,3659,3667,32,3699,46
2021-05-16,Butte,007,227075,12449,12140,1796,13936,192
2021-05-16,Calaveras,009,45235,2135,2129,13,2142,53
2021-05-16,Colusa,011,21464,1938,1943,303,2246,14
2021-05-16,Contra Costa,013,1133247,69170,68694,1243,69937,805
2021-05-16,Del Norte,015,27424,1398,1365,12,1377,8
2021-05-16,El Dorado,017,186661,10230,10159,733,10892,112
2021-05-16,Fresno,019,978130,102448,101987,8568,110555,1690
2021-05-16,Glenn,021,27897,2422,2401,552,2953,17
2021-05-16,Humboldt,023,135768,4154,4104,34,4138,42
2021-05-16,Imperial,025,180216,28541,28516,2676,31192,729
2021-05-16,Inyo,027,18085,1404,1401,12,1413,36
2021-05-16,Kern,029,883053,97090,96083,10705,106788,1315
2021-05-16,Kings,031,150075,23113,22918,1063,23981,246
2021-05-16,Lake,033,64148,3505,3489,9,3498,43
2021-05-16,Lassen,035,31185,5193,5156,108,5264,6
2021-05-16,Los Angeles,037,10098052,1205461,1196397,40623,1237020,24120
2021-05-16,Madera,039,155013,16576,16483,918,17401,238
2021-05-16,Marin,041,260295,14066,14015,246,14261,227
2021-05-16,Mariposa,043,17540,428,423,11,434,5
2021-05-16,Mendocino,045,87422,3938,3863,81,3944,46
2021-05-16,Merced,047,269075,30881,31023,1024,32047,450
2021-05-16,Modoc,049,8938,371,362,124,486,3
2021-05-16,Mono,051,14174,1255,1265,16,1281,3
2021-05-16,Monterey,053,433212,43119,42991,1832,44823,379
2021-05-16,Napa,055,140530,9895,9891,34,9925,82
2021-05-16,Nevada,057,99092,4784,4755,186,4941,70
2021-05-16,Orange,059,3164182,255072,253962,11186,265148,5031
2021-05-16,Placer,061,380077,23117,22696,1464,24160,289
2021-05-16,Plumas,063,18699,699,682,10,692,4
2021-05-16,Riverside,065,2383286,293673,288259,13800,302059,4433
2021-05-16,Sacramento,067,1510023,105303,105013,1710,106723,1628
2021-05-16,San Benito,069,59416,6046,6067,111,6178,63
2021-05-16,San Bernardino,071,2135413,292872,291940,8894,300834,4724
2021-05-16,San Diego,073,3302833,279941,279099,14839,293938,3742
2021-05-16,San Francisco,075,870044,36595,36808,1256,38064,546
2021-05-16,San Joaquin,077,732212,72804,72218,3460,75678,1359
2021-05-16,San Luis Obispo,079,281455,21301,21072,720,21792,256
2021-05-16,San Mateo,081,765935,42199,42063,462,42525,428
2021-05-16,Santa Barbara,083,443738,34389,34270,1113,35383,459
2021-05-16,Santa Clara,085,1922200,118358,119098,739,119837,2015
2021-05-16,Santa Cruz,087,273765,16204,16143,796,16939,206
2021-05-16,Shasta,089,179085,12165,12156,1536,13692,200
2021-05-16,Sierra,091,2930,56,54,12,66,0
2021-05-16,Siskiyou,093,43540,1896,1790,338,2128,15
2021-05-16,Solano,095,438530,32634,32619,543,33162,253
2021-05-16,Sonoma,097,501317,29905,30033,324,30357,321
2021-05-16,Stanislaus,099,539301,56062,55814,5839,61653,951
2021-05-16,Sutter,101,95872,9402,9445,83,9528,113
2021-05-16,Tehama,103,63373,5044,5013,553,5566,63
2021-05-16,Trinity,105,12862,483,328,87,415,3
2021-05-16,Tulare,107,460477,50116,49091,8831,57922,837
2021-05-16,Tuolumne,109,53932,4019,4070,41,4111,64
2021-05-16,Ventura,111,848112,81219,80689,2938,83627,1017
2021-05-16,Yolo,113,214977,13966,13938,226,14164,211
2021-05-16,Yuba,115,75493,6008,5987,120,6107,49
2021-05-15,Alameda,001,1643700,87671,87677,1899,89576,1252
2021-05-15,Alpine,003,1148,87,88,0,88,0
2021-05-15,Amador,005,37829,3659,3666,32,3698,46
2021-05-15,Butte,007,227075,12442,12095,1795,13890,192
2021-05-15,Calaveras,009,45235,2134,2126,13,2139,53
2021-05-15,Colusa,011,21464,1938,1941,301,2242,14
2021-05-15,Contra Costa,013,1133247,69124,68658,1243,69901,805
2021-05-15,Del Norte,015,27424,1393,1359,12,1371,8
2021-05-15,El Dorado,017,186661,10218,10156,732,10888,112
2021-05-15,Fresno,019,978130,102411,101957,8566,110523,1690
2021-05-15,Glenn,021,27897,2422,2400,552,2952,17
2021-05-15,Humboldt,023,135768,4144,4080,34,4114,42
2021-05-15,Imperial,025,180216,28538,28504,2675,31179,729
2021-05-15,Inyo,027,18085,1404,1402,12,1414,36
2021-05-15,Kern,029,883053,97076,96061,10691,106752,1315
2021-05-15,Kings,031,150075,23112,22913,1063,23976,246
2021-05-15,Lake,033,64148,3504,3485,9,3494,43
2021-05-15,Lassen,035,31185,5190,5156,107,5263,6
2021-05-15,Los Angeles,037,10098052,1205338,1196255,40610,1236865,24115
2021-05-15,Madera,039,155013,16573,16482,918,17400,238
2021-05-15,Marin,041,260295,14062,14012,246,14258,227
2021-05-15,Mariposa,043,17540,428,423,11,434,5
2021-05-15,Mendocino,045,87422,3935,3861,81,3942,46
2021-05-15,Merced,047,269075,30860,31012,1024,32036,450
2021-05-15,Modoc,049,8938,371,362,124,486,3
2021-05-15,Mono,051,14174,1255,1265,16,1281,3
2021-05-15,Monterey,053,433212,43115,42982,1832,44814,379
2021-05-15,Napa,055,140530,9892,9887,34,9921,82
2021-05-15,Nevada,057,99092,4783,4755,186,4941,70
2021-05-15,Orange,059,3164182,255045,253919,11179,265098,5030
2021-05-15,Placer,061,380077,23096,22688,1464,24152,289
2021-05-15,Plumas,063,18699,699,681,10,691,4
2021-05-15,Riverside,065,2383286,293631,288203,13795,301998,4433
2021-05-15,Sacramento,067,1510023,105231,104929,1707,106636,1628
2021-05-15,San Benito,069,59416,6046,6066,111,6177,63
2021-05-15,San Bernardino,071,2135413,292830,291892,8892,300784,4724
2021-05-15,San Diego,073,3302833,279870,278991,14824,293815,3737
2021-05-15,San Francisco,075,870044,36579,36795,1254,38049,546
2021-05-15,San Joaquin,077,732212,72778,72197,3458,75655,1359
2021-05-15,San Luis Obispo,079,281455,21298,21061,719,21780,256
2021-05-15,San Mateo,081,765935,42183,42059,462,42521,428
2021-05-15,Santa Barbara,083,443738,34381,34259,1113,35372,459
2021-05-15,Santa Clara,085,1922200,118337,119060,739,119799,2016
2021-05-15,Santa Cruz,087,273765,16200,16137,796,16933,206
2021-05-15,Shasta,089,179085,12153,12152,1533,13685,200
2021-05-15,Sierra,091,2930,56,54,12,66,0
2021-05-15,Siskiyou,093,43540,1890,1788,336,2124,15
2021-05-15,Solano,095,438530,32625,32604,542,33146,253
2021-05-15,Sonoma,097,501317,29886,30020,324,30344,321
2021-05-15,Stanislaus,099,539301,56031,55795,5832,61627,952
2021-05-15,Sutter,101,95872,9400,9436,83,9519,113
2021-05-15,Tehama,103,63373,5040,5012,552,5564,63
2021-05-15,Trinity,105,12862,483,328,87,415,3
2021-05-15,Tulare,107,460477,50106,49080,8827,57907,837
2021-05-15,Tuolumne,109,53932,4017,4064,41,4105,63
2021-05-15,Ventura,111,848112,81208,80662,2938,83600,1017
2021-05-15,Yolo,113,214977,13959,13932,225,14157,211
2021-05-15,Yuba,115,75493,6005,5979,119,6098,49
2021-05-14,Alameda,001,1643700,87637,87621,1897,89518,1249
2021-05-14,Alpine,003,1148,87,88,0,88,0
2021-05-14,Amador,005,37829,3659,3665,32,3697,46
2021-05-14,Butte,007,227075,12433,12076,1792,13868,192
2021-05-14,Calaveras,009,45235,2130,2121,13,2134,53
2021-05-14,Colusa,011,21464,1937,1940,300,2240,14
2021-05-14,Contra Costa,013,1133247,69082,68589,1241,69830,806
2021-05-14,Del Norte,015,27424,1393,1355,12,1367,8
2021-05-14,El Dorado,017,186661,10211,10143,731,10874,113
2021-05-14,Fresno,019,978130,102382,101917,8560,110477,1688
2021-05-14,Glenn,021,27897,2421,2398,552,2950,17
2021-05-14,Humboldt,023,135768,4137,4050,34,4084,37
2021-05-14,Imperial,025,180216,28531,28485,2674,31159,728
2021-05-14,Inyo,027,18085,1404,1400,12,1412,36
2021-05-14,Kern,029,883053,97046,96033,10682,106715,1311
2021-05-14,Kings,031,150075,23111,22910,1063,23973,246
2021-05-14,Lake,033,64148,3500,3483,9,3492,43
2021-05-14,Lassen,035,31185,5190,5154,107,5261,6
2021-05-14,Los Angeles,037,10098052,1205203,1196038,40605,1236643,24101
2021-05-14,Madera,039,155013,16570,16474,918,17392,238
2021-05-14,Marin,041,260295,14058,14010,246,14256,227
2021-05-14,Mariposa,043,17540,428,422,11,433,5
2021-05-14,Mendocino,045,87422,3933,3855,81,3936,46
2021-05-14,Merced,047,269075,30850,31010,1024,32034,450
2021-05-14,Modoc,049,8938,371,362,124,486,3
2021-05-14,Mono,051,14174,1254,1265,16,1281,3
2021-05-14,Monterey,053,433212,43110,42973,1832,44805,380
2021-05-14,Napa,055,140530,9889,9883,34,9917,82
2021-05-14,Nevada,057,99092,4778,4745,186,4931,70
2021-05-14,Orange,059,3164182,255011,253855,11172,265027,5028
2021-05-14,Placer,061,380077,23077,22660,1458,24118,287
2021-05-14,Plumas,063,18699,698,680,10,690,4
2021-05-14,Riverside,065,2383286,293581,288140,13792,301932,4433
2021-05-14,Sacramento,067,1510023,105142,104828,1706,106534,1627
2021-05-14,San Benito,069,59416,6046,6064,111,6175,63
2021-05-14,San Bernardino,071,2135413,292782,291834,8892,300726,4721
2021-05-14,San Diego,073,3302833,279797,278853,14813,293666,3732
2021-05-14,San Francisco,075,870044,36570,36771,1250,38021,545
2021-05-14,San Joaquin,077,732212,72746,72160,3451,75611,1359
2021-05-14,San Luis Obispo,079,281455,21294,21051,719,21770,256
2021-05-14,San Mateo,081,765935,42173,42041,462,42503,428
2021-05-14,Santa Barbara,083,443738,34371,34243,1113,35356,456
2021-05-14,Santa Clara,085,1922200,118308,119006,739,119745,2014
2021-05-14,Santa Cruz,087,273765,16195,16130,796,16926,207
2021-05-14,Shasta,089,179085,12147,12130,1528,13658,200
2021-05-14,Sierra,091,2930,56,54,12,66,0
2021-05-14,Siskiyou,093,43540,1883,1779,335,2114,14
2021-05-14,Solano,095,438530,32605,32585,541,33126,252
2021-05-14,Sonoma,097,501317,29867,30007,324,30331,321
2021-05-14,Stanislaus,099,539301,55996,55752,5826,61578,950
2021-05-14,Sutter,101,95872,9391,9433,81,9514,113
2021-05-14,Tehama,103,63373,5033,5005,552,5557,63
2021-05-14,Trinity,105,12862,483,328,87,415,3
2021-05-14,Tulare,107,460477,50089,49060,8822,57882,836
2021-05-14,Tuolumne,109,53932,4017,4060,41,4101,63
2021-05-14,Ventura,111,848112,81194,80628,2938,83566,1014
2021-05-14,Yolo,113,214977,13954,13922,221,14143,210
2021-05-14,Yuba,115,75493,6001,5970,119,6089,47
2021-05-13,Alameda,001,1643700,87594,87557,1896,89453,1250
2021-05-13,Alpine,003,1148,87,88,0,88,0
2021-05-13,Amador,005,37829,3659,3662,32,3694,46
2021-05-13,Butte,007,227075,12418,12051,1791,13842,196
2021-05-13,Calaveras,009,45235,2128,2120,13,2133,53
2021-05-13,Colusa,011,21464,1936,1939,296,2235,14
2021-05-13,Contra Costa,013,1133247,69034,68522,1240,69762,806
2021-05-13,Del Norte,015,27424,1391,1354,12,1366,8
2021-05-13,El Dorado,017,186661,10208,10133,731,10864,112
2021-05-13,Fresno,019,978130,102353,101862,8559,110421,1687
2021-05-13,Glenn,021,27897,2420,2395,552,2947,17
2021-05-13,Humboldt,023,135768,4119,4027,34,4061,37
2021-05-13,Imperial,025,180216,28516,28468,2672,31140,729
2021-05-13,Inyo,027,18085,1404,1400,12,1412,36
2021-05-13,Kern,029,883053,97022,95996,10664,106660,1311
2021-05-13,Kings,031,150075,23110,22904,1063,23967,246
2021-05-13,Lake,033,64148,3499,3479,9,3488,43
2021-05-13,Lassen,035,31185,5190,5152,106,5258,6
2021-05-13,Los Angeles,037,10098052,1205014,1195504,40591,1236095,24083
2021-05-13,Madera,039,155013,16562,16467,918,17385,238
2021-05-13,Marin,041,260295,14053,14004,244,14248,227
2021-05-13,Mariposa,043,17540,428,422,11,433,5
2021-05-13,Mendocino,045,87422,3929,3846,81,3927,46
2021-05-13,Merced,047,269075,30843,30989,1023,32012,450
2021-05-13,Modoc,049,8938,371,362,124,486,3
2021-05-13,Mono,051,14174,1254,1265,16,1281,3
2021-05-13,Monterey,053,433212,43095,42966,1832,44798,380
2021-05-13,Napa,055,140530,9882,9877,34,9911,82
2021-05-13,Nevada,057,99092,4774,4743,185,4928,70
2021-05-13,Orange,059,3164182,254966,253778,11170,264948,5026
2021-05-13,Placer,061,380077,23050,22668,1451,24119,288
2021-05-13,Plumas,063,18699,698,680,10,690,4
2021-05-13,Riverside,065,2383286,293515,288067,13787,301854,4433
2021-05-13,Sacramento,067,1510023,105056,104711,1704,106415,1626
2021-05-13,San Benito,069,59416,6044,6062,111,6173,63
2021-05-13,San Bernardino,071,2135413,292716,291765,8892,300657,4722
2021-05-13,San Diego,073,3302833,279683,278592,14796,293388,3729
2021-05-13,San Francisco,075,870044,36546,36741,1248,37989,544
2021-05-13,San Joaquin,077,732212,72704,72096,3447,75543,1357
2021-05-13,San Luis Obispo,079,281455,21279,21043,718,21761,255
2021-05-13,San Mateo,081,765935,42156,42059,462,42521,426
2021-05-13,Santa Barbara,083,443738,34359,34242,1113,35355,456
2021-05-13,Santa Clara,085,1922200,118281,118952,739,119691,2013
2021-05-13,Santa Cruz,087,273765,16189,16129,796,16925,208
2021-05-13,Shasta,089,179085,12127,12111,1524,13635,200
2021-05-13,Sierra,091,2930,56,54,12,66,0
2021-05-13,Siskiyou,093,43540,1876,1769,332,2101,14
2021-05-13,Solano,095,438530,32592,32548,539,33087,252
2021-05-13,Sonoma,097,501317,29842,29991,324,30315,321
2021-05-13,Stanislaus,099,539301,55958,55678,5820,61498,949
2021-05-13,Sutter,101,95872,9386,9431,80,9511,112
2021-05-13,Tehama,103,63373,5028,4997,552,5549,63
2021-05-13,Trinity,105,12862,482,327,86,413,3
2021-05-13,Tulare,107,460477,50063,49032,8814,57846,837
2021-05-13,Tuolumne,109,53932,4016,4059,41,4100,63
2021-05-13,Ventura,111,848112,81164,80615,2937,83552,1012
2021-05-13,Yolo,113,214977,13945,13914,219,14133,210
2021-05-13,Yuba,115,75493,5992,5962,119,6081,47
2021-05-12,Alameda,001,1643700,87562,87482,1894,89376,1261
2021-05-12,Alpine,003,1148,87,88,0,88,0
2021-05-12,Amador,005,37829,3659,3658,32,3690,46
2021-05-12,Butte,007,227075,12408,12026,1791,13817,199
2021-05-12,Calaveras,009,45235,2125,2119,13,2132,53
2021-05-12,Colusa,011,21464,1934,1939,295,2234,14
2021-05-12,Contra Costa,013,1133247,68975,68462,1234,69696,805
2021-05-12,Del Norte,015,27424,1389,1352,12,1364,8
2021-05-12,El Dorado,017,186661,10198,10123,731,10854,112
2021-05-12,Fresno,019,978130,102304,101838,8548,110386,1688
2021-05-12,Glenn,021,27897,2417,2391,552,2943,17
2021-05-12,Humboldt,023,135768,4091,3982,34,4016,37
2021-05-12,Imperial,025,180216,28498,28443,2669,31112,726
2021-05-12,Inyo,027,18085,1404,1400,12,1412,36
2021-05-12,Kern,029,883053,96986,95955,10657,106612,1310
2021-05-12,Kings,031,150075,23108,22896,1063,23959,246
2021-05-12,Lake,033,64148,3497,3476,9,3485,43
2021-05-12,Lassen,035,31185,5188,5151,106,5257,6
2021-05-12,Los Angeles,037,10098052,1204830,1195318,40575,1235893,24067
2021-05-12,Madera,039,155013,16555,16462,917,17379,238
2021-05-12,Marin,041,260295,14048,13997,244,14241,227
2021-05-12,Mariposa,043,17540,428,422,11,433,5
2021-05-12,Mendocino,045,87422,3919,3836,81,3917,46
2021-05-12,Merced,047,269075,30827,30941,1023,31964,450
2021-05-12,Modoc,049,8938,370,362,124,486,3
2021-05-12,Mono,051,14174,1254,1265,16,1281,3
2021-05-12,Monterey,053,433212,43083,42950,1831,44781,380
2021-05-12,Napa,055,140530,9876,9870,34,9904,82
2021-05-12,Nevada,057,99092,4770,4738,185,4923,70
2021-05-12,Orange,059,3164182,254915,253587,11166,264753,5024
2021-05-12,Placer,061,380077,23032,22652,1444,24096,288
2021-05-12,Plumas,063,18699,698,681,10,691,4
2021-05-12,Riverside,065,2383286,293445,287830,13783,301613,4431
2021-05-12,Sacramento,067,1510023,104961,104592,1702,106294,1621
2021-05-12,San Benito,069,59416,6044,6062,111,6173,63
2021-05-12,San Bernardino,071,2135413,292667,291505,8887,300392,4715
2021-05-12,San Diego,073,3302833,279579,278402,14775,293177,3729
2021-05-12,San Francisco,075,870044,36526,36720,1247,37967,544
2021-05-12,San Joaquin,077,732212,72650,72043,3443,75486,1356
2021-05-12,San Luis Obispo,079,281455,21269,21021,718,21739,255
2021-05-12,San Mateo,081,765935,42147,42038,461,42499,426
2021-05-12,Santa Barbara,083,443738,34351,34218,1113,35331,456
2021-05-12,Santa Clara,085,1922200,118237,118897,739,119636,2005
2021-05-12,Santa Cruz,087,273765,16183,16123,796,16919,207
2021-05-12,Shasta,089,179085,12107,12092,1522,13614,200
2021-05-12,Sierra,091,2930,56,54,12,66,0
2021-05-12,Siskiyou,093,43540,1872,1760,331,2091,13
2021-05-12,Solano,095,438530,32568,32519,539,33058,252
2021-05-12,Sonoma,097,501317,29830,29976,324,30300,320
2021-05-12,Stanislaus,099,539301,55917,55632,5813,61445,919
2021-05-12,Sutter,101,95872,9383,9427,80,9507,112
2021-05-12,Tehama,103,63373,5023,4989,552,5541,62
2021-05-12,Trinity,105,12862,482,327,86,413,3
2021-05-12,Tulare,107,460477,50047,49001,8806,57807,838
2021-05-12,Tuolumne,109,53932,4015,4056,41,4097,63
2021-05-12,Ventura,111,848112,81145,80577,2937,83514,1010
2021-05-12,Yolo,113,214977,13937,13910,218,14128,210
2021-05-12,Yuba,115,75493,5989,5956,119,6075,47
2021-05-11,Alameda,001,1643700,87497,87413,1890,89303,1290
2021-05-11,Alpine,003,1148,87,88,0,88,0
2021-05-11,Amador,005,37829,3657,3657,32,3689,46
2021-05-11,Butte,007,227075,12393,12008,1788,13796,199
2021-05-11,Calaveras,009,45235,2125,2118,13,2131,52
2021-05-11,Colusa,011,21464,1933,1939,295,2234,14
2021-05-11,Contra Costa,013,1133247,68915,68406,1233,69639,806
2021-05-11,Del Norte,015,27424,1387,1347,12,1359,8
2021-05-11,El Dorado,017,186661,10192,10108,730,10838,112
2021-05-11,Fresno,019,978130,102258,101792,8543,110335,1686
2021-05-11,Glenn,021,27897,2416,2387,551,2938,17
2021-05-11,Humboldt,023,135768,4070,3964,33,3997,37
2021-05-11,Imperial,025,180216,28490,28413,2665,31078,722
2021-05-11,Inyo,027,18085,1403,1402,12,1414,36
2021-05-11,Kern,029,883053,96958,95938,10644,106582,1310
2021-05-11,Kings,031,150075,23100,22887,1063,23950,246
2021-05-11,Lake,033,64148,3497,3473,9,3482,43
2021-05-11,Lassen,035,31185,5186,5148,106,5254,6
2021-05-11,Los Angeles,037,10098052,1204593,1195100,40558,1235658,24048
2021-05-11,Madera,039,155013,16551,16459,916,17375,238
2021-05-11,Marin,041,260295,14041,13987,244,14231,227
2021-05-11,Mariposa,043,17540,428,421,11,432,5
2021-05-11,Mendocino,045,87422,3911,3821,81,3902,46
2021-05-11,Merced,047,269075,30818,30893,1023,31916,449
2021-05-11,Modoc,049,8938,370,362,123,485,3
2021-05-11,Mono,051,14174,1254,1265,16,1281,3
2021-05-11,Monterey,053,433212,43075,42934,1830,44764,380
2021-05-11,Napa,055,140530,9869,9870,34,9904,81
2021-05-11,Nevada,057,99092,4766,4737,185,4922,70
2021-05-11,Orange,059,3164182,254851,253545,11159,264704,5017
2021-05-11,Placer,061,380077,23010,22615,1440,24055,287
2021-05-11,Plumas,063,18699,696,679,10,689,4
2021-05-11,Riverside,065,2383286,293383,287757,13778,301535,4429
2021-05-11,Sacramento,067,1510023,104862,104496,1699,106195,1616
2021-05-11,San Benito,069,59416,6041,6058,111,6169,63
2021-05-11,San Bernardino,071,2135413,292607,291421,8885,300306,4707
2021-05-11,San Diego,073,3302833,279444,278308,14756,293064,3725
2021-05-11,San Francisco,075,870044,36506,36707,1247,37954,543
2021-05-11,San Joaquin,077,732212,72602,71999,3440,75439,1356
2021-05-11,San Luis Obispo,079,281455,21262,21008,716,21724,255
2021-05-11,San Mateo,081,765935,42128,41985,460,42445,425
2021-05-11,Santa Barbara,083,443738,34341,34207,1113,35320,456
2021-05-11,Santa Clara,085,1922200,118190,118857,738,119595,2005
2021-05-11,Santa Cruz,087,273765,16179,16113,796,16909,206
2021-05-11,Shasta,089,179085,12084,12050,1516,13566,200
2021-05-11,Sierra,091,2930,56,54,12,66,0
2021-05-11,Siskiyou,093,43540,1862,1756,329,2085,13
2021-05-11,Solano,095,438530,32550,32499,537,33036,250
2021-05-11,Sonoma,097,501317,29815,29966,324,30290,318
2021-05-11,Stanislaus,099,539301,55869,55589,5809,61398,909
2021-05-11,Sutter,101,95872,9376,9417,80,9497,112
2021-05-11,Tehama,103,63373,5019,4985,551,5536,62
2021-05-11,Trinity,105,12862,482,327,85,412,3
2021-05-11,Tulare,107,460477,50020,48974,8792,57766,837
2021-05-11,Tuolumne,109,53932,4014,4056,41,4097,63
2021-05-11,Ventura,111,848112,81121,80544,2934,83478,1008
2021-05-11,Yolo,113,214977,13924,13902,215,14117,210
2021-05-11,Yuba,115,75493,5980,5950,119,6069,46
2021-05-10,Alameda,001,1643700,87429,87366,1889,89255,1284
2021-05-10,Alpine,003,1148,87,88,0,88,0
2021-05-10,Amador,005,37829,3656,3657,32,3689,46
2021-05-10,Butte,007,227075,12377,11993,1784,13777,199
2021-05-10,Calaveras,009,45235,2118,2118,13,2131,52
2021-05-10,Colusa,011,21464,1933,1939,295,2234,14
2021-05-10,Contra Costa,013,1133247,68851,68357,1233,69590,806
2021-05-10,Del Norte,015,27424,1384,1339,12,1351,8
2021-05-10,El Dorado,017,186661,10178,10093,730,10823,113
2021-05-10,Fresno,019,978130,102226,101755,8536,110291,1682
2021-05-10,Glenn,021,27897,2415,2384,550,2934,17
2021-05-10,Humboldt,023,135768,4040,3961,33,3994,36
2021-05-10,Imperial,025,180216,28476,28397,2661,31058,722
2021-05-10,Inyo,027,18085,1403,1401,12,1413,36
2021-05-10,Kern,029,883053,96915,95920,10630,106550,1310
2021-05-10,Kings,031,150075,23089,22884,1062,23946,246
2021-05-10,Lake,033,64148,3489,3471,9,3480,43
2021-05-10,Lassen,035,31185,5182,5148,106,5254,5
2021-05-10,Los Angeles,037,10098052,1204326,1194976,40543,1235519,24030
2021-05-10,Madera,039,155013,16541,16450,916,17366,238
2021-05-10,Marin,041,260295,14038,13981,244,14225,228
2021-05-10,Mariposa,043,17540,427,420,11,431,5
2021-05-10,Mendocino,045,87422,3905,3818,81,3899,46
2021-05-10,Merced,047,269075,30807,30880,1023,31903,448
2021-05-10,Modoc,049,8938,370,361,123,484,3
2021-05-10,Mono,051,14174,1254,1265,16,1281,3
2021-05-10,Monterey,053,433212,43069,42927,1825,44752,380
2021-05-10,Napa,055,140530,9867,9860,34,9894,81
2021-05-10,Nevada,057,99092,4759,4735,185,4920,70
2021-05-10,Orange,059,3164182,254798,253484,11153,264637,5008
2021-05-10,Placer,061,380077,22988,22590,1437,24027,286
2021-05-10,Plumas,063,18699,695,679,10,689,4
2021-05-10,Riverside,065,2383286,293314,287689,13772,301461,4427
2021-05-10,Sacramento,067,1510023,104749,104378,1694,106072,1613
2021-05-10,San Benito,069,59416,6040,6058,111,6169,63
2021-05-10,San Bernardino,071,2135413,292556,291360,8884,300244,4707
2021-05-10,San Diego,073,3302833,279280,278183,14729,292912,3725
2021-05-10,San Francisco,075,870044,36487,36683,1247,37930,543
2021-05-10,San Joaquin,077,732212,72565,71954,3426,75380,1356
2021-05-10,San Luis Obispo,079,281455,21244,20993,715,21708,256
2021-05-10,San Mateo,081,765935,42111,41926,460,42386,424
2021-05-10,Santa Barbara,083,443738,34333,34201,1113,35314,456
2021-05-10,Santa Clara,085,1922200,118131,118822,738,119560,2003
2021-05-10,Santa Cruz,087,273765,16174,16114,796,16910,206
2021-05-10,Shasta,089,179085,12070,12036,1512,13548,200
2021-05-10,Sierra,091,2930,56,54,12,66,0
2021-05-10,Siskiyou,093,43540,1852,1752,327,2079,13
2021-05-10,Solano,095,438530,32530,32466,535,33001,250
2021-05-10,Sonoma,097,501317,29800,29955,323,30278,318
2021-05-10,Stanislaus,099,539301,55795,55541,5803,61344,898
2021-05-10,Sutter,101,95872,9370,9412,80,9492,111
2021-05-10,Tehama,103,63373,5015,4980,551,5531,62
2021-05-10,Trinity,105,12862,482,327,83,410,3
2021-05-10,Tulare,107,460477,49997,48956,8786,57742,837
2021-05-10,Tuolumne,109,53932,4010,4054,40,4094,63
2021-05-10,Ventura,111,848112,81105,80501,2933,83434,1008
2021-05-10,Yolo,113,214977,13912,13898,213,14111,209
2021-05-10,Yuba,115,75493,5978,5942,119,6061,46
2021-05-09,Alameda,001,1643700,87359,87292,1886,89178,1284
2021-05-09,Alpine,003,1148,87,88,0,88,0
2021-05-09,Amador,005,37829,3654,3655,32,3687,46
2021-05-09,Butte,007,227075,12359,11985,1780,13765,199
2021-05-09,Calaveras,009,45235,2117,2116,13,2129,52
2021-05-09,Colusa,011,21464,1932,1940,295,2235,14
2021-05-09,Contra Costa,013,1133247,68788,68302,1231,69533,806
2021-05-09,Del Norte,015,27424,1377,1338,12,1350,8
2021-05-09,El Dorado,017,186661,10164,10089,726,10815,113
2021-05-09,Fresno,019,978130,102188,101729,8527,110256,1682
2021-05-09,Glenn,021,27897,2408,2382,547,2929,17
2021-05-09,Humboldt,023,135768,4020,3950,33,3983,36
2021-05-09,Imperial,025,180216,28453,28388,2653,31041,722
2021-05-09,Inyo,027,18085,1403,1401,11,1412,36
2021-05-09,Kern,029,883053,96887,95903,10620,106523,1310
2021-05-09,Kings,031,150075,23080,22878,1062,23940,246
2021-05-09,Lake,033,64148,3485,3471,9,3480,43
2021-05-09,Lassen,035,31185,5180,5147,106,5253,5
2021-05-09,Los Angeles,037,10098052,1204068,1194820,40528,1235348,24026
2021-05-09,Madera,039,155013,16532,16444,910,17354,238
2021-05-09,Marin,041,260295,14027,13979,243,14222,228
2021-05-09,Mariposa,043,17540,424,420,11,431,5
2021-05-09,Mendocino,045,87422,3895,3814,81,3895,46
2021-05-09,Merced,047,269075,30784,30883,1023,31906,448
2021-05-09,Modoc,049,8938,370,360,123,483,3
2021-05-09,Mono,051,14174,1254,1264,16,1280,3
2021-05-09,Monterey,053,433212,43051,42918,1825,44743,380
2021-05-09,Napa,055,140530,9856,9857,34,9891,81
2021-05-09,Nevada,057,99092,4752,4727,185,4912,70
2021-05-09,Orange,059,3164182,254744,253451,11145,264596,5008
2021-05-09,Placer,061,380077,22962,22566,1434,24000,286
2021-05-09,Plumas,063,18699,694,679,10,689,4
2021-05-09,Riverside,065,2383286,293234,287644,13766,301410,4427
2021-05-09,Sacramento,067,1510023,104600,104309,1688,105997,1612
2021-05-09,San Benito,069,59416,6038,6056,111,6167,63
2021-05-09,San Bernardino,071,2135413,292473,291337,8878,300215,4707
2021-05-09,San Diego,073,3302833,279113,277950,14707,292657,3725
2021-05-09,San Francisco,075,870044,36461,36669,1245,37914,543
2021-05-09,San Joaquin,077,732212,72519,71927,3425,75352,1356
2021-05-09,San Luis Obispo,079,281455,21233,20999,715,21714,256
2021-05-09,San Mateo,081,765935,42081,41903,460,42363,424
2021-05-09,Santa Barbara,083,443738,34320,34196,1112,35308,456
2021-05-09,Santa Clara,085,1922200,118077,118798,737,119535,2003
2021-05-09,Santa Cruz,087,273765,16168,16094,796,16890,206
2021-05-09,Shasta,089,179085,12040,12034,1507,13541,200
2021-05-09,Sierra,091,2930,56,54,12,66,0
2021-05-09,Siskiyou,093,43540,1845,1741,324,2065,13
2021-05-09,Solano,095,438530,32491,32434,533,32967,250
2021-05-09,Sonoma,097,501317,29786,29953,322,30275,318
2021-05-09,Stanislaus,099,539301,55729,55511,5799,61310,898
2021-05-09,Sutter,101,95872,9364,9413,80,9493,111
2021-05-09,Tehama,103,63373,5010,4979,551,5530,62
2021-05-09,Trinity,105,12862,482,327,83,410,3
2021-05-09,Tulare,107,460477,49970,48948,8781,57729,837
2021-05-09,Tuolumne,109,53932,4008,4053,40,4093,63
2021-05-09,Ventura,111,848112,81090,80487,2932,83419,1008
2021-05-09,Yolo,113,214977,13901,13897,213,14110,209
2021-05-09,Yuba,115,75493,5972,5934,119,6053,46
2021-05-08,Alameda,001,1643700,87317,87213,1882,89095,1284
2021-05-08,Alpine,003,1148,87,88,0,88,0
2021-05-08,Amador,005,37829,3652,3652,32,3684,46
2021-05-08,Butte,007,227075,12347,11962,1779,13741,199
2021-05-08,Calaveras,009,45235,2116,2114,13,2127,52
2021-05-08,Colusa,011,21464,1932,1939,295,2234,14
2021-05-08,Contra Costa,013,1133247,68755,68223,1229,69452,803
2021-05-08,Del Norte,015,27424,1374,1335,12,1347,8
2021-05-08,El Dorado,017,186661,10150,10079,726,10805,113
2021-05-08,Fresno,019,978130,102152,101676,8522,110198,1682
2021-05-08,Glenn,021,27897,2406,2382,545,2927,17
2021-05-08,Humboldt,023,135768,4004,3939,33,3972,36
2021-05-08,Imperial,025,180216,28445,28373,2653,31026,721
2021-05-08,Inyo,027,18085,1403,1402,11,1413,36
2021-05-08,Kern,029,883053,96862,95880,10607,106487,1310
2021-05-08,Kings,031,150075,23077,22872,1061,23933,246
2021-05-08,Lake,033,64148,3484,3470,9,3479,43
2021-05-08,Lassen,035,31185,5179,5145,106,5251,5
2021-05-08,Los Angeles,037,10098052,1203914,1194584,40512,1235096,24022
2021-05-08,Madera,039,155013,16528,16442,910,17352,238
2021-05-08,Marin,041,260295,14024,13974,242,14216,228
2021-05-08,Mariposa,043,17540,424,420,11,431,5
2021-05-08,Mendocino,045,87422,3890,3810,80,3890,46
2021-05-08,Merced,047,269075,30775,30876,1023,31899,448
2021-05-08,Modoc,049,8938,370,360,122,482,3
2021-05-08,Mono,051,14174,1254,1262,16,1278,3
2021-05-08,Monterey,053,433212,43046,42914,1824,44738,380
2021-05-08,Napa,055,140530,9849,9853,34,9887,81
2021-05-08,Nevada,057,99092,4749,4716,185,4901,70
2021-05-08,Orange,059,3164182,254710,253412,11141,264553,5006
2021-05-08,Placer,061,380077,22944,22547,1432,23979,286
2021-05-08,Plumas,063,18699,693,679,10,689,4
2021-05-08,Riverside,065,2383286,293191,287574,13764,301338,4427
2021-05-08,Sacramento,067,1510023,104515,104208,1685,105893,1610
2021-05-08,San Benito,069,59416,6037,6048,111,6159,63
2021-05-08,San Bernardino,071,2135413,292430,291296,8878,300174,4707
2021-05-08,San Diego,073,3302833,279030,277760,14689,292449,3725
2021-05-08,San Francisco,075,870044,36438,36642,1245,37887,543
2021-05-08,San Joaquin,077,732212,72490,71869,3416,75285,1356
2021-05-08,San Luis Obispo,079,281455,21222,20992,715,21707,256
2021-05-08,San Mateo,081,765935,42070,41871,460,42331,424
2021-05-08,Santa Barbara,083,443738,34307,34185,1112,35297,456
2021-05-08,Santa Clara,085,1922200,118046,118751,737,119488,2003
2021-05-08,Santa Cruz,087,273765,16165,16089,796,16885,206
2021-05-08,Shasta,089,179085,12030,12030,1503,13533,200
2021-05-08,Sierra,091,2930,56,54,12,66,0
2021-05-08,Siskiyou,093,43540,1844,1741,320,2061,13
2021-05-08,Solano,095,438530,32467,32395,531,32926,249
2021-05-08,Sonoma,097,501317,29773,29942,322,30264,318
2021-05-08,Stanislaus,099,539301,55698,55467,5795,61262,898
2021-05-08,Sutter,101,95872,9361,9413,80,9493,111
2021-05-08,Tehama,103,63373,5008,4977,551,5528,62
2021-05-08,Trinity,105,12862,482,327,83,410,3
2021-05-08,Tulare,107,460477,49956,48929,8771,57700,837
2021-05-08,Tuolumne,109,53932,4007,4050,40,4090,63
2021-05-08,Ventura,111,848112,81079,80481,2929,83410,1008
2021-05-08,Yolo,113,214977,13898,13894,212,14106,209
2021-05-08,Yuba,115,75493,5964,5928,119,6047,46
2021-05-07,Alameda,001,1643700,87264,87128,1882,89010,1280
2021-05-07,Alpine,003,1148,87,88,0,88,0
2021-05-07,Amador,005,37829,3649,3651,32,3683,46
2021-05-07,Butte,007,227075,12326,11943,1776,13719,199
2021-05-07,Calaveras,009,45235,2114,2114,13,2127,52
2021-05-07,Colusa,011,21464,1932,1937,295,2232,14
2021-05-07,Contra Costa,013,1133247,68708,68156,1227,69383,804
2021-05-07,Del Norte,015,27424,1369,1329,12,1341,8
2021-05-07,El Dorado,017,186661,10137,10065,725,10790,112
2021-05-07,Fresno,019,978130,102119,101625,8521,110146,1684
2021-05-07,Glenn,021,27897,2403,2381,544,2925,17
2021-05-07,Humboldt,023,135768,3989,3919,33,3952,36
2021-05-07,Imperial,025,180216,28437,28352,2653,31005,721
2021-05-07,Inyo,027,18085,1403,1402,11,1413,36
2021-05-07,Kern,029,883053,96849,95839,10595,106434,1308
2021-05-07,Kings,031,150075,23076,22857,1060,23917,246
2021-05-07,Lake,033,64148,3482,3467,9,3476,43
2021-05-07,Lassen,035,31185,5178,5144,105,5249,5
2021-05-07,Los Angeles,037,10098052,1203734,1194294,40505,1234799,24008
2021-05-07,Madera,039,155013,16523,16439,910,17349,238
2021-05-07,Marin,041,260295,14020,13968,242,14210,228
2021-05-07,Mariposa,043,17540,423,419,11,430,5
2021-05-07,Mendocino,045,87422,3884,3805,80,3885,46
2021-05-07,Merced,047,269075,30772,30862,1023,31885,446
2021-05-07,Modoc,049,8938,370,360,122,482,3
2021-05-07,Mono,051,14174,1253,1261,16,1277,3
2021-05-07,Monterey,053,433212,43040,42909,1822,44731,380
2021-05-07,Napa,055,140530,9847,9849,34,9883,81
2021-05-07,Nevada,057,99092,4745,4704,185,4889,70
2021-05-07,Orange,059,3164182,254670,253338,11133,264471,5000
2021-05-07,Placer,061,380077,22924,22524,1430,23954,286
2021-05-07,Plumas,063,18699,693,678,10,688,4
2021-05-07,Riverside,065,2383286,293133,287479,13763,301242,4426
2021-05-07,Sacramento,067,1510023,104443,104068,1680,105748,1609
2021-05-07,San Benito,069,59416,6036,6048,111,6159,63
2021-05-07,San Bernardino,071,2135413,292388,291185,8873,300058,4697
2021-05-07,San Diego,073,3302833,278944,277534,14673,292207,3718
2021-05-07,San Francisco,075,870044,36425,36616,1244,37860,543
2021-05-07,San Joaquin,077,732212,72449,71804,3414,75218,1351
2021-05-07,San Luis Obispo,079,281455,21215,20979,715,21694,256
2021-05-07,San Mateo,081,765935,42055,41844,460,42304,424
2021-05-07,Santa Barbara,083,443738,34297,34166,1112,35278,453
2021-05-07,Santa Clara,085,1922200,118013,118691,736,119427,2002
2021-05-07,Santa Cruz,087,273765,16162,16074,796,16870,206
2021-05-07,Shasta,089,179085,12008,12005,1501,13506,200
2021-05-07,Sierra,091,2930,56,54,12,66,0
2021-05-07,Siskiyou,093,43540,1841,1723,320,2043,13
2021-05-07,Solano,095,438530,32439,32352,529,32881,249
2021-05-07,Sonoma,097,501317,29755,29925,320,30245,318
2021-05-07,Stanislaus,099,539301,55658,55407,5790,61197,896
2021-05-07,Sutter,101,95872,9361,9407,80,9487,111
2021-05-07,Tehama,103,63373,5001,4974,551,5525,57
2021-05-07,Trinity,105,12862,482,327,83,410,3
2021-05-07,Tulare,107,460477,49939,48913,8766,57679,837
2021-05-07,Tuolumne,109,53932,4005,4048,40,4088,63
2021-05-07,Ventura,111,848112,81055,80444,2929,83373,1008
2021-05-07,Yolo,113,214977,13892,13875,211,14086,209
2021-05-07,Yuba,115,75493,5954,5910,119,6029,46
2021-05-06,Alameda,001,1643700,87188,87028,1879,88907,1278
2021-05-06,Alpine,003,1148,87,88,0,88,0
2021-05-06,Amador,005,37829,3647,3650,32,3682,46
2021-05-06,Butte,007,227075,12306,11929,1771,13700,198
2021-05-06,Calaveras,009,45235,2114,2111,13,2124,52
2021-05-06,Colusa,011,21464,1932,1935,295,2230,14
2021-05-06,Contra Costa,013,1133247,68653,68076,1224,69300,802
2021-05-06,Del Norte,015,27424,1361,1324,12,1336,6
2021-05-06,El Dorado,017,186661,10130,10048,725,10773,112
2021-05-06,Fresno,019,978130,102075,101536,8517,110053,1680
2021-05-06,Glenn,021,27897,2402,2380,543,2923,17
2021-05-06,Humboldt,023,135768,3964,3898,33,3931,36
2021-05-06,Imperial,025,180216,28426,28311,2652,30963,720
2021-05-06,Inyo,027,18085,1403,1401,11,1412,36
2021-05-06,Kern,029,883053,96824,95801,10578,106379,1307
2021-05-06,Kings,031,150075,23069,22848,1059,23907,246
2021-05-06,Lake,033,64148,3481,3465,9,3474,43
2021-05-06,Lassen,035,31185,5177,5143,105,5248,1
2021-05-06,Los Angeles,037,10098052,1203492,1193954,40489,1234443,23991
2021-05-06,Madera,039,155013,16515,16430,910,17340,238
2021-05-06,Marin,041,260295,14016,13956,242,14198,228
2021-05-06,Mariposa,043,17540,422,419,11,430,5
2021-05-06,Mendocino,045,87422,3873,3802,80,3882,46
2021-05-06,Merced,047,269075,30757,30863,1022,31885,444
2021-05-06,Modoc,049,8938,370,360,122,482,3
2021-05-06,Mono,051,14174,1251,1261,16,1277,3
2021-05-06,Monterey,053,433212,43025,42899,1822,44721,379
2021-05-06,Napa,055,140530,9841,9843,34,9877,81
2021-05-06,Nevada,057,99092,4744,4687,185,4872,70
2021-05-06,Orange,059,3164182,254602,253286,11127,264413,4991
2021-05-06,Placer,061,380077,22902,22493,1430,23923,286
2021-05-06,Plumas,063,18699,693,678,10,688,4
2021-05-06,Riverside,065,2383286,293060,287399,13758,301157,4422
2021-05-06,Sacramento,067,1510023,104327,103956,1677,105633,1609
2021-05-06,San Benito,069,59416,6035,6045,111,6156,63
2021-05-06,San Bernardino,071,2135413,292318,291085,8872,299957,4683
2021-05-06,San Diego,073,3302833,278817,277324,14650,291974,3716
2021-05-06,San Francisco,075,870044,36410,36599,1244,37843,543
2021-05-06,San Joaquin,077,732212,72394,71729,3411,75140,1350
2021-05-06,San Luis Obispo,079,281455,21203,20965,713,21678,256
2021-05-06,San Mateo,081,765935,42036,41802,459,42261,424
2021-05-06,Santa Barbara,083,443738,34284,34152,1112,35264,453
2021-05-06,Santa Clara,085,1922200,117972,118591,736,119327,2001
2021-05-06,Santa Cruz,087,273765,16155,16050,796,16846,206
2021-05-06,Shasta,089,179085,11986,11983,1495,13478,199
2021-05-06,Sierra,091,2930,56,54,12,66,0
2021-05-06,Siskiyou,093,43540,1831,1711,319,2030,12
2021-05-06,Solano,095,438530,32413,32320,521,32841,249
2021-05-06,Sonoma,097,501317,29747,29911,320,30231,318
2021-05-06,Stanislaus,099,539301,55602,55323,5785,61108,834
2021-05-06,Sutter,101,95872,9355,9396,80,9476,111
2021-05-06,Tehama,103,63373,4996,4970,551,5521,53
2021-05-06,Trinity,105,12862,482,327,83,410,3
2021-05-06,Tulare,107,460477,49914,48890,8751,57641,836
2021-05-06,Tuolumne,109,53932,4001,4047,40,4087,63
2021-05-06,Ventura,111,848112,81024,80411,2926,83337,1005
2021-05-06,Yolo,113,214977,13884,13871,208,14079,209
2021-05-06,Yuba,115,75493,5942,5901,119,6020,46
2021-05-05,Alameda,001,1643700,87127,86950,1877,88827,1278
2021-05-05,Alpine,003,1148,87,88,0,88,0
2021-05-05,Amador,005,37829,3644,3650,32,3682,46
2021-05-05,Butte,007,227075,12288,11907,1768,13675,198
2021-05-05,Calaveras,009,45235,2110,2103,13,2116,52
2021-05-05,Colusa,011,21464,1931,1933,295,2228,14
2021-05-05,Contra Costa,013,1133247,68588,67997,1220,69217,803
2021-05-05,Del Norte,015,27424,1358,1317,12,1329,6
2021-05-05,El Dorado,017,186661,10119,10020,724,10744,111
2021-05-05,Fresno,019,978130,102025,101491,8508,109999,1680
2021-05-05,Glenn,021,27897,2399,2380,542,2922,17
2021-05-05,Humboldt,023,135768,3945,3886,32,3918,36
2021-05-05,Imperial,025,180216,28385,28295,2645,30940,720
2021-05-05,Inyo,027,18085,1402,1401,11,1412,36
2021-05-05,Kern,029,883053,96780,95753,10574,106327,1304
2021-05-05,Kings,031,150075,23063,22840,1058,23898,246
2021-05-05,Lake,033,64148,3478,3458,9,3467,43
2021-05-05,Lassen,035,31185,5177,5143,104,5247,1
2021-05-05,Los Angeles,037,10098052,1203225,1193608,40475,1234083,23977
2021-05-05,Madera,039,155013,16513,16423,910,17333,235
2021-05-05,Marin,041,260295,14008,13950,241,14191,228
2021-05-05,Mariposa,043,17540,422,418,11,429,5
2021-05-05,Mendocino,045,87422,3869,3799,80,3879,46
2021-05-05,Merced,047,269075,30736,30844,1022,31866,444
2021-05-05,Modoc,049,8938,369,361,121,482,3
2021-05-05,Mono,051,14174,1251,1260,16,1276,3
2021-05-05,Monterey,053,433212,43012,42870,1819,44689,379
2021-05-05,Napa,055,140530,9835,9833,34,9867,81
2021-05-05,Nevada,057,99092,4741,4666,185,4851,70
2021-05-05,Orange,059,3164182,254544,253237,11122,264359,4978
2021-05-05,Placer,061,380077,22870,22362,1426,23788,287
2021-05-05,Plumas,063,18699,693,677,10,687,4
2021-05-05,Riverside,065,2383286,292965,287353,13749,301102,4414
2021-05-05,Sacramento,067,1510023,104239,103476,1672,105148,1607
2021-05-05,San Benito,069,59416,6026,6046,111,6157,63
2021-05-05,San Bernardino,071,2135413,292243,291008,8868,299876,4677
2021-05-05,San Diego,073,3302833,278680,277098,14631,291729,3716
2021-05-05,San Francisco,075,870044,36396,36577,1243,37820,543
2021-05-05,San Joaquin,077,732212,72341,71638,3408,75046,1345
2021-05-05,San Luis Obispo,079,281455,21195,20958,713,21671,256
2021-05-05,San Mateo,081,765935,42007,41755,458,42213,415
2021-05-05,Santa Barbara,083,443738,34269,34139,1111,35250,453
2021-05-05,Santa Clara,085,1922200,117942,118482,733,119215,1992
2021-05-05,Santa Cruz,087,273765,16149,16013,796,16809,207
2021-05-05,Shasta,089,179085,11970,11939,1491,13430,200
2021-05-05,Sierra,091,2930,56,54,12,66,0
2021-05-05,Siskiyou,093,43540,1814,1706,311,2017,11
2021-05-05,Solano,095,438530,32378,32250,519,32769,249
2021-05-05,Sonoma,097,501317,29734,29879,320,30199,318
2021-05-05,Stanislaus,099,539301,55545,55231,5783,61014,807
2021-05-05,Sutter,101,95872,9349,9387,80,9467,111
2021-05-05,Tehama,103,63373,4992,4968,551,5519,53
2021-05-05,Trinity,105,12862,482,326,83,409,3
2021-05-05,Tulare,107,460477,49890,48875,8744,57619,835
2021-05-05,Tuolumne,109,53932,3998,4040,40,4080,63
2021-05-05,Ventura,111,848112,80996,80372,2922,83294,1005
2021-05-05,Yolo,113,214977,13880,13846,206,14052,209
2021-05-05,Yuba,115,75493,5932,5895,118,6013,44
2021-05-04,Alameda,001,1643700,87035,86894,1877,88771,1277
2021-05-04,Alpine,003,1148,87,88,0,88,0
2021-05-04,Amador,005,37829,3644,3650,32,3682,46
2021-05-04,Butte,007,227075,12264,11883,1767,13650,198
2021-05-04,Calaveras,009,45235,2106,2100,13,2113,52
2021-05-04,Colusa,011,21464,1930,1933,295,2228,14
2021-05-04,Contra Costa,013,1133247,68508,67931,1218,69149,799
2021-05-04,Del Norte,015,27424,1358,1314,12,1326,6
2021-05-04,El Dorado,017,186661,10108,10009,720,10729,110
2021-05-04,Fresno,019,978130,101970,101451,8501,109952,1677
2021-05-04,Glenn,021,27897,2396,2379,539,2918,17
2021-05-04,Humboldt,023,135768,3919,3877,32,3909,36
2021-05-04,Imperial,025,180216,28365,28276,2642,30918,720
2021-05-04,Inyo,027,18085,1402,1399,11,1410,36
2021-05-04,Kern,029,883053,96744,95720,10556,106276,1301
2021-05-04,Kings,031,150075,23049,22822,1055,23877,246
2021-05-04,Lake,033,64148,3477,3454,9,3463,43
2021-05-04,Lassen,035,31185,5176,5142,104,5246,1
2021-05-04,Los Angeles,037,10098052,1202935,1193453,40462,1233915,23957
2021-05-04,Madera,039,155013,16512,16418,910,17328,235
2021-05-04,Marin,041,260295,14000,13935,241,14176,228
2021-05-04,Mariposa,043,17540,422,418,11,429,5
2021-05-04,Mendocino,045,87422,3864,3794,80,3874,46
2021-05-04,Merced,047,269075,30719,30829,1022,31851,444
2021-05-04,Modoc,049,8938,368,360,120,480,3
2021-05-04,Mono,051,14174,1251,1260,16,1276,3
2021-05-04,Monterey,053,433212,43000,42845,1818,44663,380
2021-05-04,Napa,055,140530,9826,9824,34,9858,81
2021-05-04,Nevada,057,99092,4734,4656,185,4841,70
2021-05-04,Orange,059,3164182,254476,253177,11114,264291,4977
2021-05-04,Placer,061,380077,22842,22326,1423,23749,287
2021-05-04,Plumas,063,18699,692,675,10,685,4
2021-05-04,Riverside,065,2383286,292881,287285,13742,301027,4411
2021-05-04,Sacramento,067,1510023,104110,103383,1667,105050,1604
2021-05-04,San Benito,069,59416,6025,6039,111,6150,63
2021-05-04,San Bernardino,071,2135413,292166,290934,8861,299795,4668
2021-05-04,San Diego,073,3302833,278513,276879,14614,291493,3713
2021-05-04,San Francisco,075,870044,36378,36550,1243,37793,541
2021-05-04,San Joaquin,077,732212,72280,71582,3403,74985,1342
2021-05-04,San Luis Obispo,079,281455,21189,20923,711,21634,255
2021-05-04,San Mateo,081,765935,41981,41708,458,42166,415
2021-05-04,Santa Barbara,083,443738,34254,34131,1110,35241,453
2021-05-04,Santa Clara,085,1922200,117879,118431,732,119163,1988
2021-05-04,Santa Cruz,087,273765,16143,16005,796,16801,207
2021-05-04,Shasta,089,179085,11950,11923,1485,13408,198
2021-05-04,Sierra,091,2930,56,54,12,66,0
2021-05-04,Siskiyou,093,43540,1807,1694,309,2003,11
2021-05-04,Solano,095,438530,32337,32220,517,32737,249
2021-05-04,Sonoma,097,501317,29714,29867,319,30186,318
2021-05-04,Stanislaus,099,539301,55489,55165,5780,60945,807
2021-05-04,Sutter,101,95872,9344,9375,80,9455,111
2021-05-04,Tehama,103,63373,4989,4959,550,5509,53
2021-05-04,Trinity,105,12862,482,326,83,409,3
2021-05-04,Tulare,107,460477,49863,48857,8736,57593,835
2021-05-04,Tuolumne,109,53932,3996,4041,40,4081,61
2021-05-04,Ventura,111,848112,80967,80351,2920,83271,1005
2021-05-04,Yolo,113,214977,13867,13820,204,14024,208
2021-05-04,Yuba,115,75493,5926,5891,118,6009,44
2021-05-03,Alameda,001,1643700,86959,86845,1872,88717,1272
2021-05-03,Alpine,003,1148,87,88,0,88,0
2021-05-03,Amador,005,37829,3644,3651,32,3683,46
2021-05-03,Butte,007,227075,12254,11864,1764,13628,198
2021-05-03,Calaveras,009,45235,2104,2099,13,2112,50
2021-05-03,Colusa,011,21464,1929,1931,293,2224,14
2021-05-03,Contra Costa,013,1133247,68449,67895,1214,69109,799
2021-05-03,Del Norte,015,27424,1353,1306,11,1317,6
2021-05-03,El Dorado,017,186661,10090,9984,715,10699,110
2021-05-03,Fresno,019,978130,101914,101405,8490,109895,1678
2021-05-03,Glenn,021,27897,2396,2375,538,2913,17
2021-05-03,Humboldt,023,135768,3904,3865,32,3897,36
2021-05-03,Imperial,025,180216,28343,28280,2639,30919,720
2021-05-03,Inyo,027,18085,1401,1398,11,1409,36
2021-05-03,Kern,029,883053,96707,95693,10545,106238,1299
2021-05-03,Kings,031,150075,23040,22821,1055,23876,246
2021-05-03,Lake,033,64148,3475,3446,9,3455,43
2021-05-03,Lassen,035,31185,5175,5142,104,5246,1
2021-05-03,Los Angeles,037,10098052,1202667,1193261,40436,1233697,23942
2021-05-03,Madera,039,155013,16507,16414,909,17323,235
2021-05-03,Marin,041,260295,13994,13927,241,14168,228
2021-05-03,Mariposa,043,17540,422,418,11,429,5
2021-05-03,Mendocino,045,87422,3857,3792,80,3872,46
2021-05-03,Merced,047,269075,30708,30814,1020,31834,444
2021-05-03,Modoc,049,8938,368,360,120,480,3
2021-05-03,Mono,051,14174,1251,1259,16,1275,3
2021-05-03,Monterey,053,433212,42988,42837,1816,44653,380
2021-05-03,Napa,055,140530,9821,9815,34,9849,81
2021-05-03,Nevada,057,99092,4726,4650,185,4835,70
2021-05-03,Orange,059,3164182,254417,253107,11105,264212,4968
2021-05-03,Placer,061,380077,22811,22289,1417,23706,287
2021-05-03,Plumas,063,18699,691,675,10,685,4
2021-05-03,Riverside,065,2383286,292807,287233,13741,300974,4412
2021-05-03,Sacramento,067,1510023,103957,103303,1657,104960,1602
2021-05-03,San Benito,069,59416,6024,6038,111,6149,63
2021-05-03,San Bernardino,071,2135413,292098,290886,8858,299744,4659
2021-05-03,San Diego,073,3302833,278350,276693,14589,291282,3712
2021-05-03,San Francisco,075,870044,36352,36538,1243,37781,541
2021-05-03,San Joaquin,077,732212,72230,71504,3400,74904,1325
2021-05-03,San Luis Obispo,079,281455,21173,20915,708,21623,254
2021-05-03,San Mateo,081,765935,41958,41689,457,42146,413
2021-05-03,Santa Barbara,083,443738,34242,34119,1110,35229,453
2021-05-03,Santa Clara,085,1922200,117825,118373,731,119104,1988
2021-05-03,Santa Cruz,087,273765,16140,16000,796,16796,207
2021-05-03,Shasta,089,179085,11927,11890,1480,13370,197
2021-05-03,Sierra,091,2930,56,54,12,66,0
2021-05-03,Siskiyou,093,43540,1801,1683,303,1986,11
2021-05-03,Solano,095,438530,32296,32201,516,32717,249
2021-05-03,Sonoma,097,501317,29702,29855,316,30171,318
2021-05-03,Stanislaus,099,539301,55423,55116,5771,60887,774
2021-05-03,Sutter,101,95872,9332,9370,80,9450,111
2021-05-03,Tehama,103,63373,4981,4952,550,5502,53
2021-05-03,Trinity,105,12862,482,326,83,409,3
2021-05-03,Tulare,107,460477,49845,48844,8726,57570,835
2021-05-03,Tuolumne,109,53932,3995,4038,40,4078,61
2021-05-03,Ventura,111,848112,80945,80291,2920,83211,1005
2021-05-03,Yolo,113,214977,13853,13809,203,14012,208
2021-05-03,Yuba,115,75493,5921,5880,118,5998,44
2021-05-02,Alameda,001,1643700,86874,86784,1870,88654,1272
2021-05-02,Alpine,003,1148,87,88,0,88,0
2021-05-02,Amador,005,37829,3644,3650,32,3682,46
2021-05-02,Butte,007,227075,12230,11859,1762,13621,198
2021-05-02,Calaveras,009,45235,2100,2098,13,2111,50
2021-05-02,Colusa,011,21464,1928,1931,292,2223,14
2021-05-02,Contra Costa,013,1133247,68364,67843,1212,69055,800
2021-05-02,Del Norte,015,27424,1346,1305,11,1316,6
2021-05-02,El Dorado,017,186661,10075,9962,714,10676,110
2021-05-02,Fresno,019,978130,101842,101372,8479,109851,1678
2021-05-02,Glenn,021,27897,2395,2374,536,2910,17
2021-05-02,Humboldt,023,135768,3892,3858,31,3889,36
2021-05-02,Imperial,025,180216,28309,28275,2630,30905,721
2021-05-02,Inyo,027,18085,1399,1398,11,1409,36
2021-05-02,Kern,029,883053,96649,95668,10538,106206,1299
2021-05-02,Kings,031,150075,23022,22816,1054,23870,246
2021-05-02,Lake,033,64148,3473,3443,9,3452,43
2021-05-02,Lassen,035,31185,5174,5142,103,5245,1
2021-05-02,Los Angeles,037,10098052,1202315,1193056,40415,1233471,23943
2021-05-02,Madera,039,155013,16501,16410,909,17319,235
2021-05-02,Marin,041,260295,13984,13917,241,14158,228
2021-05-02,Mariposa,043,17540,422,419,11,430,5
2021-05-02,Mendocino,045,87422,3852,3787,80,3867,46
2021-05-02,Merced,047,269075,30688,30793,1016,31809,444
2021-05-02,Modoc,049,8938,367,360,120,480,3
2021-05-02,Mono,051,14174,1250,1259,16,1275,3
2021-05-02,Monterey,053,433212,42974,42837,1815,44652,380
2021-05-02,Napa,055,140530,9817,9805,34,9839,81
2021-05-02,Nevada,057,99092,4710,4635,185,4820,70
2021-05-02,Orange,059,3164182,254343,253025,11091,264116,4968
2021-05-02,Placer,061,380077,22782,22264,1414,23678,287
2021-05-02,Plumas,063,18699,691,675,10,685,4
2021-05-02,Riverside,065,2383286,292707,287197,13731,300928,4412
2021-05-02,Sacramento,067,1510023,103817,103153,1650,104803,1602
2021-05-02,San Benito,069,59416,6019,6037,111,6148,63
2021-05-02,San Bernardino,071,2135413,291999,290859,8856,299715,4655
2021-05-02,San Diego,073,3302833,278154,276521,14562,291083,3712
2021-05-02,San Francisco,075,870044,36326,36522,1243,37765,541
2021-05-02,San Joaquin,077,732212,72166,71447,3394,74841,1325
2021-05-02,San Luis Obispo,079,281455,21152,20910,707,21617,254
2021-05-02,San Mateo,081,765935,41942,41656,456,42112,412
2021-05-02,Santa Barbara,083,443738,34228,34106,1110,35216,453
2021-05-02,Santa Clara,085,1922200,117751,118321,731,119052,1988
2021-05-02,Santa Cruz,087,273765,16135,15995,795,16790,207
2021-05-02,Shasta,089,179085,11911,11885,1472,13357,197
2021-05-02,Sierra,091,2930,56,54,12,66,0
2021-05-02,Siskiyou,093,43540,1790,1661,302,1963,11
2021-05-02,Solano,095,438530,32257,32151,512,32663,249
2021-05-02,Sonoma,097,501317,29680,29842,316,30158,318
2021-05-02,Stanislaus,099,539301,55349,55057,5764,60821,774
2021-05-02,Sutter,101,95872,9326,9363,80,9443,111
2021-05-02,Tehama,103,63373,4976,4950,548,5498,53
2021-05-02,Trinity,105,12862,482,326,83,409,3
2021-05-02,Tulare,107,460477,49827,48834,8718,57552,835
2021-05-02,Tuolumne,109,53932,3992,4038,40,4078,61
2021-05-02,Ventura,111,848112,80907,80284,2919,83203,1005
2021-05-02,Yolo,113,214977,13841,13799,202,14001,208
2021-05-02,Yuba,115,75493,5911,5879,118,5997,44
2021-05-01,Alameda,001,1643700,86831,86704,1867,88571,1270
2021-05-01,Alpine,003,1148,87,88,0,88,0
2021-05-01,Amador,005,37829,3644,3650,32,3682,46
2021-05-01,Butte,007,227075,12216,11845,1757,13602,198
2021-05-01,Calaveras,009,45235,2098,2096,13,2109,50
2021-05-01,Colusa,011,21464,1927,1931,292,2223,14
2021-05-01,Contra Costa,013,1133247,68312,67779,1209,68988,800
2021-05-01,Del Norte,015,27424,1345,1292,11,1303,6
2021-05-01,El Dorado,017,186661,10061,9944,712,10656,110
2021-05-01,Fresno,019,978130,101797,101326,8473,109799,1678
2021-05-01,Glenn,021,27897,2392,2369,535,2904,17
2021-05-01,Humboldt,023,135768,3878,3845,31,3876,36
2021-05-01,Imperial,025,180216,28302,28262,2630,30892,721
2021-05-01,Inyo,027,18085,1399,1397,11,1408,36
2021-05-01,Kern,029,883053,96622,95645,10527,106172,1299
2021-05-01,Kings,031,150075,23019,22797,1053,23850,246
2021-05-01,Lake,033,64148,3471,3441,9,3450,43
2021-05-01,Lassen,035,31185,5172,5142,103,5245,1
2021-05-01,Los Angeles,037,10098052,1202145,1192781,40401,1233182,23946
2021-05-01,Madera,039,155013,16497,16408,909,17317,235
2021-05-01,Marin,041,260295,13977,13902,241,14143,228
2021-05-01,Mariposa,043,17540,422,418,11,429,5
2021-05-01,Mendocino,045,87422,3850,3782,80,3862,46
2021-05-01,Merced,047,269075,30671,30771,1015,31786,444
2021-05-01,Modoc,049,8938,367,361,120,481,3
2021-05-01,Mono,051,14174,1250,1258,16,1274,3
2021-05-01,Monterey,053,433212,42968,42828,1815,44643,379
2021-05-01,Napa,055,140530,9814,9800,34,9834,81
2021-05-01,Nevada,057,99092,4705,4625,185,4810,70
2021-05-01,Orange,059,3164182,254300,252969,11081,264050,4964
2021-05-01,Placer,061,380077,22756,22240,1412,23652,287
2021-05-01,Plumas,063,18699,690,675,10,685,4
2021-05-01,Riverside,065,2383286,292668,287129,13729,300858,4412
2021-05-01,Sacramento,067,1510023,103736,103043,1649,104692,1602
2021-05-01,San Benito,069,59416,6016,6030,111,6141,63
2021-05-01,San Bernardino,071,2135413,291956,290802,8855,299657,4652
2021-05-01,San Diego,073,3302833,278030,276367,14541,290908,3706
2021-05-01,San Francisco,075,870044,36311,36496,1243,37739,541
2021-05-01,San Joaquin,077,732212,72117,71389,3392,74781,1325
2021-05-01,San Luis Obispo,079,281455,21147,20896,707,21603,254
2021-05-01,San Mateo,081,765935,41913,41617,455,42072,411
2021-05-01,Santa Barbara,083,443738,34223,34085,1109,35194,453
2021-05-01,Santa Clara,085,1922200,117699,118265,729,118994,1988
2021-05-01,Santa Cruz,087,273765,16132,15984,795,16779,207
2021-05-01,Shasta,089,179085,11891,11878,1465,13343,197
2021-05-01,Sierra,091,2930,56,53,12,65,0
2021-05-01,Siskiyou,093,43540,1782,1653,301,1954,11
2021-05-01,Solano,095,438530,32227,32124,504,32628,249
2021-05-01,Sonoma,097,501317,29677,29835,316,30151,318
2021-05-01,Stanislaus,099,539301,55314,55005,5758,60763,774
2021-05-01,Sutter,101,95872,9323,9358,80,9438,110
2021-05-01,Tehama,103,63373,4975,4950,547,5497,53
2021-05-01,Trinity,105,12862,482,326,82,408,3
2021-05-01,Tulare,107,460477,49820,48818,8712,57530,835
2021-05-01,Tuolumne,109,53932,3986,4035,40,4075,61
2021-05-01,Ventura,111,848112,80889,80268,2919,83187,1005
2021-05-01,Yolo,113,214977,13834,13784,200,13984,208
2021-05-01,Yuba,115,75493,5909,5875,118,5993,44
2021-04-30,Alameda,001,1643700,86770,86602,1864,88466,1268
2021-04-30,Alpine,003,1148,87,88,0,88,0
2021-04-30,Amador,005,37829,3642,3650,32,3682,46
2021-04-30,Butte,007,227075,12197,11812,1753,13565,197
2021-04-30,Calaveras,009,45235,2097,2087,13,2100,50
2021-04-30,Colusa,011,21464,1927,1931,291,2222,14
2021-04-30,Contra Costa,013,1133247,68264,67684,1206,68890,800
2021-04-30,Del Norte,015,27424,1333,1276,11,1287,6
2021-04-30,El Dorado,017,186661,10047,9906,712,10618,110
2021-04-30,Fresno,019,978130,101751,101263,8469,109732,1670
2021-04-30,Glenn,021,27897,2391,2369,535,2904,17
2021-04-30,Humboldt,023,135768,3865,3834,31,3865,36
2021-04-30,Imperial,025,180216,28293,28244,2627,30871,721
2021-04-30,Inyo,027,18085,1399,1397,11,1408,36
2021-04-30,Kern,029,883053,96605,95605,10523,106128,1298
2021-04-30,Kings,031,150075,23016,22793,1052,23845,246
2021-04-30,Lake,033,64148,3467,3440,9,3449,43
2021-04-30,Lassen,035,31185,5171,5140,103,5243,1
2021-04-30,Los Angeles,037,10098052,1201934,1192393,40388,1232781,23919
2021-04-30,Madera,039,155013,16491,16395,909,17304,235
2021-04-30,Marin,041,260295,13969,13895,239,14134,228
2021-04-30,Mariposa,043,17540,422,417,11,428,5
2021-04-30,Mendocino,045,87422,3846,3777,80,3857,46
2021-04-30,Merced,047,269075,30658,30740,1014,31754,444
2021-04-30,Modoc,049,8938,366,360,120,480,3
2021-04-30,Mono,051,14174,1250,1258,16,1274,3
2021-04-30,Monterey,053,433212,42954,42810,1814,44624,379
2021-04-30,Napa,055,140530,9810,9792,34,9826,81
2021-04-30,Nevada,057,99092,4697,4608,185,4793,70
2021-04-30,Orange,059,3164182,254243,252883,11075,263958,4956
2021-04-30,Placer,061,380077,22737,22190,1408,23598,287
2021-04-30,Plumas,063,18699,690,677,10,687,4
2021-04-30,Riverside,065,2383286,292610,287030,13722,300752,4412
2021-04-30,Sacramento,067,1510023,103635,102864,1645,104509,1596
2021-04-30,San Benito,069,59416,6012,6024,110,6134,63
2021-04-30,San Bernardino,071,2135413,291896,290704,8854,299558,4640
2021-04-30,San Diego,073,3302833,277934,276157,14530,290687,3702
2021-04-30,San Francisco,075,870044,36300,36453,1242,37695,538
2021-04-30,San Joaquin,077,732212,72065,71311,3389,74700,1306
2021-04-30,San Luis Obispo,079,281455,21141,20884,707,21591,255
2021-04-30,San Mateo,081,765935,41899,41583,454,42037,380
2021-04-30,Santa Barbara,083,443738,34210,34061,1109,35170,451
2021-04-30,Santa Clara,085,1922200,117641,118170,725,118895,1988
2021-04-30,Santa Cruz,087,273765,16127,15975,795,16770,207
2021-04-30,Shasta,089,179085,11870,11848,1462,13310,197
2021-04-30,Sierra,091,2930,56,53,12,65,0
2021-04-30,Siskiyou,093,43540,1771,1628,298,1926,11
2021-04-30,Solano,095,438530,32195,32050,501,32551,249
2021-04-30,Sonoma,097,501317,29667,29816,314,30130,318
2021-04-30,Stanislaus,099,539301,55263,54938,5755,60693,774
2021-04-30,Sutter,101,95872,9321,9353,80,9433,110
2021-04-30,Tehama,103,63373,4972,4944,547,5491,53
2021-04-30,Trinity,105,12862,482,326,82,408,3
2021-04-30,Tulare,107,460477,49810,48797,8696,57493,836
2021-04-30,Tuolumne,109,53932,3985,4033,40,4073,61
2021-04-30,Ventura,111,848112,80849,80232,2914,83146,1004
2021-04-30,Yolo,113,214977,13822,13756,200,13956,208
2021-04-30,Yuba,115,75493,5901,5870,118,5988,44
2021-04-29,Alameda,001,1643700,86703,86490,1863,88353,1263
2021-04-29,Alpine,003,1148,87,88,0,88,0
2021-04-29,Amador,005,37829,3642,3649,32,3681,46
2021-04-29,Butte,007,227075,12182,11787,1751,13538,196
2021-04-29,Calaveras,009,45235,2094,2082,13,2095,50
2021-04-29,Colusa,011,21464,1927,1929,291,2220,14
2021-04-29,Contra Costa,013,1133247,68209,67606,1203,68809,795
2021-04-29,Del Norte,015,27424,1329,1271,11,1282,6
2021-04-29,El Dorado,017,186661,10027,9884,709,10593,107
2021-04-29,Fresno,019,978130,101697,101189,8458,109647,1667
2021-04-29,Glenn,021,27897,2388,2369,535,2904,17
2021-04-29,Humboldt,023,135768,3851,3815,31,3846,36
2021-04-29,Imperial,025,180216,28281,28235,2626,30861,720
2021-04-29,Inyo,027,18085,1399,1396,11,1407,36
2021-04-29,Kern,029,883053,96572,95547,10519,106066,1295
2021-04-29,Kings,031,150075,23006,22777,1047,23824,245
2021-04-29,Lake,033,64148,3459,3438,9,3447,43
2021-04-29,Lassen,035,31185,5171,5140,103,5243,1
2021-04-29,Los Angeles,037,10098052,1201656,1192068,40367,1232435,23899
2021-04-29,Madera,039,155013,16486,16383,908,17291,235
2021-04-29,Marin,041,260295,13965,13884,231,14115,228
2021-04-29,Mariposa,043,17540,421,416,11,427,5
2021-04-29,Mendocino,045,87422,3840,3774,80,3854,46
2021-04-29,Merced,047,269075,30639,30706,1013,31719,444
2021-04-29,Modoc,049,8938,366,360,120,480,3
2021-04-29,Mono,051,14174,1247,1259,16,1275,3
2021-04-29,Monterey,053,433212,42937,42797,1813,44610,379
2021-04-29,Napa,055,140530,9796,9789,34,9823,81
2021-04-29,Nevada,057,99092,4686,4590,185,4775,70
2021-04-29,Orange,059,3164182,254173,252823,11060,263883,4934
2021-04-29,Placer,061,380077,22712,22161,1406,23567,286
2021-04-29,Plumas,063,18699,689,676,10,686,4
2021-04-29,Riverside,065,2383286,292542,286947,13720,300667,4409
2021-04-29,Sacramento,067,1510023,103502,102686,1636,104322,1593
2021-04-29,San Benito,069,59416,6011,6023,110,6133,63
2021-04-29,San Bernardino,071,2135413,291824,290606,8849,299455,4609
2021-04-29,San Diego,073,3302833,277783,275961,14513,290474,3700
2021-04-29,San Francisco,075,870044,36275,36412,1242,37654,537
2021-04-29,San Joaquin,077,732212,71999,71225,3384,74609,1301
2021-04-29,San Luis Obispo,079,281455,21130,20876,707,21583,255
2021-04-29,San Mateo,081,765935,41871,41538,453,41991,358
2021-04-29,Santa Barbara,083,443738,34194,34039,1107,35146,448
2021-04-29,Santa Clara,085,1922200,117586,118082,722,118804,1984
2021-04-29,Santa Cruz,087,273765,16121,15961,795,16756,205
2021-04-29,Shasta,089,179085,11839,11836,1454,13290,193
2021-04-29,Sierra,091,2930,56,53,12,65,0
2021-04-29,Siskiyou,093,43540,1762,1615,295,1910,11
2021-04-29,Solano,095,438530,32154,32002,497,32499,248
2021-04-29,Sonoma,097,501317,29652,29785,311,30096,318
2021-04-29,Stanislaus,099,539301,55196,54836,5750,60586,774
2021-04-29,Sutter,101,95872,9314,9346,80,9426,110
2021-04-29,Tehama,103,63373,4964,4939,547,5486,53
2021-04-29,Trinity,105,12862,482,326,82,408,3
2021-04-29,Tulare,107,460477,49792,48785,8685,57470,832
2021-04-29,Tuolumne,109,53932,3984,4030,40,4070,58
2021-04-29,Ventura,111,848112,80815,80188,2912,83100,1002
2021-04-29,Yolo,113,214977,13802,13745,199,13944,205
2021-04-29,Yuba,115,75493,5891,5865,118,5983,44
2021-04-28,Alameda,001,1643700,86631,86390,1859,88249,1260
2021-04-28,Alpine,003,1148,87,88,0,88,0
2021-04-28,Amador,005,37829,3642,3646,32,3678,46
2021-04-28,Butte,007,227075,12162,11762,1746,13508,196
2021-04-28,Calaveras,009,45235,2090,2078,12,2090,50
2021-04-28,Colusa,011,21464,1924,1927,290,2217,14
2021-04-28,Contra Costa,013,1133247,68149,67539,1201,68740,795
2021-04-28,Del Norte,015,27424,1321,1267,11,1278,6
2021-04-28,El Dorado,017,186661,10002,9873,709,10582,107
2021-04-28,Fresno,019,978130,101650,101161,8448,109609,1666
2021-04-28,Glenn,021,27897,2385,2368,535,2903,17
2021-04-28,Humboldt,023,135768,3835,3796,31,3827,36
2021-04-28,Imperial,025,180216,28267,28177,2625,30802,720
2021-04-28,Inyo,027,18085,1399,1396,10,1406,36
2021-04-28,Kern,029,883053,96543,95494,10510,106004,1295
2021-04-28,Kings,031,150075,22994,22767,1045,23812,245
2021-04-28,Lake,033,64148,3456,3433,9,3442,43
2021-04-28,Lassen,035,31185,5171,5138,103,5241,1
2021-04-28,Los Angeles,037,10098052,1201354,1191729,40340,1232069,23858
2021-04-28,Madera,039,155013,16482,16372,908,17280,235
2021-04-28,Marin,041,260295,13954,13866,231,14097,227
2021-04-28,Mariposa,043,17540,418,415,11,426,5
2021-04-28,Mendocino,045,87422,3834,3770,78,3848,46
2021-04-28,Merced,047,269075,30621,30649,1013,31662,443
2021-04-28,Modoc,049,8938,366,360,120,480,3
2021-04-28,Mono,051,14174,1247,1258,16,1274,3
2021-04-28,Monterey,053,433212,42932,42776,1813,44589,379
2021-04-28,Napa,055,140530,9785,9777,34,9811,81
2021-04-28,Nevada,057,99092,4666,4570,185,4755,70
2021-04-28,Orange,059,3164182,254093,252747,11048,263795,4931
2021-04-28,Placer,061,380077,22685,22115,1405,23520,285
2021-04-28,Plumas,063,18699,689,676,10,686,4
2021-04-28,Riverside,065,2383286,292486,286868,13714,300582,4407
2021-04-28,Sacramento,067,1510023,103380,102613,1632,104245,1591
2021-04-28,San Benito,069,59416,6009,6021,110,6131,63
2021-04-28,San Bernardino,071,2135413,291745,290548,8839,299387,4582
2021-04-28,San Diego,073,3302833,277629,275821,14499,290320,3698
2021-04-28,San Francisco,075,870044,36245,36382,1241,37623,534
2021-04-28,San Joaquin,077,732212,71919,71171,3376,74547,1301
2021-04-28,San Luis Obispo,079,281455,21122,20851,707,21558,255
2021-04-28,San Mateo,081,765935,41846,41498,451,41949,358
2021-04-28,Santa Barbara,083,443738,34180,34003,1107,35110,448
2021-04-28,Santa Clara,085,1922200,117517,117997,720,118717,1969
2021-04-28,Santa Cruz,087,273765,16117,15943,794,16737,205
2021-04-28,Shasta,089,179085,11823,11815,1447,13262,192
2021-04-28,Sierra,091,2930,56,51,12,63,0
2021-04-28,Siskiyou,093,43540,1749,1603,292,1895,11
2021-04-28,Solano,095,438530,32122,31982,492,32474,248
2021-04-28,Sonoma,097,501317,29638,29773,307,30080,318
2021-04-28,Stanislaus,099,539301,55141,54745,5747,60492,774
2021-04-28,Sutter,101,95872,9309,9343,80,9423,110
2021-04-28,Tehama,103,63373,4959,4930,546,5476,53
2021-04-28,Trinity,105,12862,482,326,82,408,3
2021-04-28,Tulare,107,460477,49774,48754,8670,57424,832
2021-04-28,Tuolumne,109,53932,3981,4029,40,4069,58
2021-04-28,Ventura,111,848112,80780,80172,2910,83082,1000
2021-04-28,Yolo,113,214977,13788,13721,198,13919,205
2021-04-28,Yuba,115,75493,5885,5857,118,5975,44
2021-04-27,Alameda,001,1643700,86541,86301,1853,88154,1260
2021-04-27,Alpine,003,1148,87,88,0,88,0
2021-04-27,Amador,005,37829,3642,3645,32,3677,46
2021-04-27,Butte,007,227075,12137,11738,1740,13478,196
2021-04-27,Calaveras,009,45235,2088,2076,12,2088,50
2021-04-27,Colusa,011,21464,1923,1926,290,2216,14
2021-04-27,Contra Costa,013,1133247,68080,67470,1197,68667,791
2021-04-27,Del Norte,015,27424,1309,1266,11,1277,6
2021-04-27,El Dorado,017,186661,9973,9866,706,10572,106
2021-04-27,Fresno,019,978130,101585,101138,8438,109576,1663
2021-04-27,Glenn,021,27897,2385,2368,535,2903,17
2021-04-27,Humboldt,023,135768,3823,3780,31,3811,35
2021-04-27,Imperial,025,180216,28251,28149,2619,30768,720
2021-04-27,Inyo,027,18085,1399,1396,10,1406,36
2021-04-27,Kern,029,883053,96486,95466,10500,105966,1295
2021-04-27,Kings,031,150075,22979,22759,1043,23802,244
2021-04-27,Lake,033,64148,3455,3431,9,3440,43
2021-04-27,Lassen,035,31185,5171,5137,103,5240,1
2021-04-27,Los Angeles,037,10098052,1201031,1191504,40310,1231814,23825
2021-04-27,Madera,039,155013,16475,16365,908,17273,235
2021-04-27,Marin,041,260295,13932,13855,231,14086,227
2021-04-27,Mariposa,043,17540,417,413,11,424,5
2021-04-27,Mendocino,045,87422,3830,3765,78,3843,46
2021-04-27,Merced,047,269075,30580,30620,1013,31633,443
2021-04-27,Modoc,049,8938,365,360,120,480,3
2021-04-27,Mono,051,14174,1247,1257,16,1273,3
2021-04-27,Monterey,053,433212,42914,42752,1810,44562,379
2021-04-27,Napa,055,140530,9778,9774,32,9806,81
2021-04-27,Nevada,057,99092,4651,4557,185,4742,70
2021-04-27,Orange,059,3164182,254023,252667,11043,263710,4925
2021-04-27,Placer,061,380077,22656,22050,1401,23451,285
2021-04-27,Plumas,063,18699,688,675,10,685,4
2021-04-27,Riverside,065,2383286,292410,286820,13710,300530,4405
2021-04-27,Sacramento,067,1510023,103251,102595,1622,104217,1589
2021-04-27,San Benito,069,59416,6004,6016,110,6126,63
2021-04-27,San Bernardino,071,2135413,291678,290461,8834,299295,4575
2021-04-27,San Diego,073,3302833,277472,275685,14479,290164,3692
2021-04-27,San Francisco,075,870044,36217,36358,1240,37598,533
2021-04-27,San Joaquin,077,732212,71866,71104,3370,74474,1301
2021-04-27,San Luis Obispo,079,281455,21115,20841,707,21548,255
2021-04-27,San Mateo,081,765935,41811,41474,450,41924,358
2021-04-27,Santa Barbara,083,443738,34156,33973,1106,35079,448
2021-04-27,Santa Clara,085,1922200,117467,117945,719,118664,1969
2021-04-27,Santa Cruz,087,273765,16110,15905,793,16698,205
2021-04-27,Shasta,089,179085,11795,11802,1440,13242,192
2021-04-27,Sierra,091,2930,56,51,12,63,0
2021-04-27,Siskiyou,093,43540,1734,1597,291,1888,11
2021-04-27,Solano,095,438530,32074,31964,491,32455,248
2021-04-27,Sonoma,097,501317,29620,29761,306,30067,318
2021-04-27,Stanislaus,099,539301,55071,54695,5739,60434,752
2021-04-27,Sutter,101,95872,9304,9342,80,9422,110
2021-04-27,Tehama,103,63373,4956,4922,542,5464,53
2021-04-27,Trinity,105,12862,482,326,82,408,3
2021-04-27,Tulare,107,460477,49757,48744,8661,57405,832
2021-04-27,Tuolumne,109,53932,3978,4028,40,4068,58
2021-04-27,Ventura,111,848112,80751,80152,2908,83060,1000
2021-04-27,Yolo,113,214977,13774,13697,197,13894,205
2021-04-27,Yuba,115,75493,5885,5853,118,5971,44
2021-04-26,Alameda,001,1643700,86447,86230,1850,88080,1256
2021-04-26,Alpine,003,1148,87,88,0,88,0
2021-04-26,Amador,005,37829,3641,3645,32,3677,46
2021-04-26,Butte,007,227075,12113,11720,1736,13456,196
2021-04-26,Calaveras,009,45235,2082,2074,12,2086,50
2021-04-26,Colusa,011,21464,1923,1925,289,2214,14
2021-04-26,Contra Costa,013,1133247,68013,67392,1193,68585,789
2021-04-26,Del Norte,015,27424,1300,1263,11,1274,6
2021-04-26,El Dorado,017,186661,9952,9849,705,10554,106
2021-04-26,Fresno,019,978130,101530,101099,8425,109524,1662
2021-04-26,Glenn,021,27897,2383,2367,535,2902,17
2021-04-26,Humboldt,023,135768,3813,3764,30,3794,35
2021-04-26,Imperial,025,180216,28238,28148,2616,30764,720
2021-04-26,Inyo,027,18085,1398,1396,10,1406,36
2021-04-26,Kern,029,883053,96459,95429,10494,105923,1295
2021-04-26,Kings,031,150075,22976,22756,1040,23796,244
2021-04-26,Lake,033,64148,3450,3428,9,3437,43
2021-04-26,Lassen,035,31185,5171,5138,103,5241,1
2021-04-26,Los Angeles,037,10098052,1200702,1191253,40291,1231544,23802
2021-04-26,Madera,039,155013,16463,16353,907,17260,231
2021-04-26,Marin,041,260295,13917,13849,231,14080,227
2021-04-26,Mariposa,043,17540,416,410,11,421,5
2021-04-26,Mendocino,045,87422,3828,3757,77,3834,46
2021-04-26,Merced,047,269075,30563,30611,1010,31621,443
2021-04-26,Modoc,049,8938,365,360,120,480,3
2021-04-26,Mono,051,14174,1247,1258,16,1274,3
2021-04-26,Monterey,053,433212,42898,42740,1809,44549,379
2021-04-26,Napa,055,140530,9766,9769,32,9801,79
2021-04-26,Nevada,057,99092,4630,4548,185,4733,70
2021-04-26,Orange,059,3164182,253940,252592,11033,263625,4919
2021-04-26,Placer,061,380077,22628,22032,1396,23428,285
2021-04-26,Plumas,063,18699,688,670,10,680,4
2021-04-26,Riverside,065,2383286,292348,286724,13702,300426,4401
2021-04-26,Sacramento,067,1510023,103079,102459,1610,104069,1587
2021-04-26,San Benito,069,59416,6002,6013,110,6123,63
2021-04-26,San Bernardino,071,2135413,291626,290394,8833,299227,4572
2021-04-26,San Diego,073,3302833,277297,275541,14451,289992,3692
2021-04-26,San Francisco,075,870044,36189,36330,1239,37569,532
2021-04-26,San Joaquin,077,732212,71800,71050,3362,74412,1301
2021-04-26,San Luis Obispo,079,281455,21107,20830,706,21536,255
2021-04-26,San Mateo,081,765935,41781,41457,450,41907,357
2021-04-26,Santa Barbara,083,443738,34125,33948,1106,35054,448
2021-04-26,Santa Clara,085,1922200,117367,117874,716,118590,1968
2021-04-26,Santa Cruz,087,273765,16101,15877,793,16670,205
2021-04-26,Shasta,089,179085,11778,11787,1434,13221,192
2021-04-26,Sierra,091,2930,55,51,12,63,0
2021-04-26,Siskiyou,093,43540,1724,1592,288,1880,11
2021-04-26,Solano,095,438530,32029,31913,489,32402,247
2021-04-26,Sonoma,097,501317,29597,29755,304,30059,318
2021-04-26,Stanislaus,099,539301,54981,54638,5733,60371,744
2021-04-26,Sutter,101,95872,9299,9328,80,9408,110
2021-04-26,Tehama,103,63373,4951,4920,539,5459,53
2021-04-26,Trinity,105,12862,482,326,82,408,3
2021-04-26,Tulare,107,460477,49737,48735,8652,57387,831
2021-04-26,Tuolumne,109,53932,3977,4024,40,4064,58
2021-04-26,Ventura,111,848112,80726,80137,2905,83042,999
2021-04-26,Yolo,113,214977,13754,13684,194,13878,205
2021-04-26,Yuba,115,75493,5883,5851,118,5969,44
2021-04-25,Alameda,001,1643700,86346,86162,1844,88006,1256
2021-04-25,Alpine,003,1148,87,87,0,87,0
2021-04-25,Amador,005,37829,3640,3643,32,3675,46
2021-04-25,Butte,007,227075,12084,11709,1729,13438,196
2021-04-25,Calaveras,009,45235,2077,2072,11,2083,50
2021-04-25,Colusa,011,21464,1922,1924,289,2213,14
2021-04-25,Contra Costa,013,1133247,67921,67316,1192,68508,789
2021-04-25,Del Norte,015,27424,1294,1259,11,1270,6
2021-04-25,El Dorado,017,186661,9935,9837,703,10540,106
2021-04-25,Fresno,019,978130,101471,101061,8413,109474,1662
2021-04-25,Glenn,021,27897,2383,2366,535,2901,17
2021-04-25,Humboldt,023,135768,3800,3751,30,3781,35
2021-04-25,Imperial,025,180216,28212,28136,2614,30750,720
2021-04-25,Inyo,027,18085,1398,1396,10,1406,36
2021-04-25,Kern,029,883053,96393,95398,10482,105880,1295
2021-04-25,Kings,031,150075,22962,22755,1038,23793,244
2021-04-25,Lake,033,64148,3448,3427,9,3436,43
2021-04-25,Lassen,035,31185,5169,5138,103,5241,1
2021-04-25,Los Angeles,037,10098052,1200366,1190970,40271,1231241,23799
2021-04-25,Madera,039,155013,16451,16346,907,17253,231
2021-04-25,Marin,041,260295,13908,13852,231,14083,227
2021-04-25,Mariposa,043,17540,416,410,11,421,5
2021-04-25,Mendocino,045,87422,3821,3757,77,3834,46
2021-04-25,Merced,047,269075,30529,30586,1009,31595,443
2021-04-25,Modoc,049,8938,365,360,120,480,3
2021-04-25,Mono,051,14174,1247,1257,16,1273,3
2021-04-25,Monterey,053,433212,42885,42737,1807,44544,379
2021-04-25,Napa,055,140530,9761,9762,32,9794,79
2021-04-25,Nevada,057,99092,4618,4536,185,4721,70
2021-04-25,Orange,059,3164182,253864,252531,11027,263558,4919
2021-04-25,Placer,061,380077,22582,22011,1388,23399,285
2021-04-25,Plumas,063,18699,687,670,10,680,4
2021-04-25,Riverside,065,2383286,292254,286651,13696,300347,4401
2021-04-25,Sacramento,067,1510023,102911,102319,1600,103919,1587
2021-04-25,San Benito,069,59416,6000,6014,109,6123,63
2021-04-25,San Bernardino,071,2135413,291551,290357,8825,299182,4571
2021-04-25,San Diego,073,3302833,277084,275412,14418,289830,3692
2021-04-25,San Francisco,075,870044,36158,36310,1239,37549,532
2021-04-25,San Joaquin,077,732212,71705,70987,3352,74339,1301
2021-04-25,San Luis Obispo,079,281455,21088,20820,704,21524,255
2021-04-25,San Mateo,081,765935,41746,41465,449,41914,356
2021-04-25,Santa Barbara,083,443738,34099,33931,1106,35037,448
2021-04-25,Santa Clara,085,1922200,117288,117778,714,118492,1968
2021-04-25,Santa Cruz,087,273765,16095,15868,791,16659,205
2021-04-25,Shasta,089,179085,11755,11784,1429,13213,192
2021-04-25,Sierra,091,2930,55,51,12,63,0
2021-04-25,Siskiyou,093,43540,1713,1580,286,1866,11
2021-04-25,Solano,095,438530,31982,31864,481,32345,247
2021-04-25,Sonoma,097,501317,29579,29756,304,30060,318
2021-04-25,Stanislaus,099,539301,54885,54543,5725,60268,744
2021-04-25,Sutter,101,95872,9293,9326,80,9406,110
2021-04-25,Tehama,103,63373,4947,4916,537,5453,53
2021-04-25,Trinity,105,12862,482,326,82,408,3
2021-04-25,Tulare,107,460477,49721,48728,8639,57367,831
2021-04-25,Tuolumne,109,53932,3975,4022,40,4062,58
2021-04-25,Ventura,111,848112,80702,80110,2905,83015,999
2021-04-25,Yolo,113,214977,13728,13667,193,13860,205
2021-04-25,Yuba,115,75493,5880,5849,117,5966,44
2021-04-24,Alameda,001,1643700,86291,86016,1842,87858,1257
2021-04-24,Alpine,003,1148,87,86,0,86,0
2021-04-24,Amador,005,37829,3639,3640,32,3672,46
2021-04-24,Butte,007,227075,12068,11678,1727,13405,196
2021-04-24,Calaveras,009,45235,2073,2067,11,2078,50
2021-04-24,Colusa,011,21464,1921,1921,289,2210,14
2021-04-24,Contra Costa,013,1133247,67850,67222,1190,68412,789
2021-04-24,Del Norte,015,27424,1289,1255,11,1266,6
2021-04-24,El Dorado,017,186661,9924,9814,702,10516,106
2021-04-24,Fresno,019,978130,101440,100991,8407,109398,1662
2021-04-24,Glenn,021,27897,2383,2363,535,2898,17
2021-04-24,Humboldt,023,135768,3786,3722,30,3752,35
2021-04-24,Imperial,025,180216,28205,28124,2613,30737,720
2021-04-24,Inyo,027,18085,1397,1396,10,1406,36
2021-04-24,Kern,029,883053,96374,95365,10472,105837,1295
2021-04-24,Kings,031,150075,22959,22749,1038,23787,244
2021-04-24,Lake,033,64148,3447,3426,9,3435,43
2021-04-24,Lassen,035,31185,5168,5137,103,5240,1
2021-04-24,Los Angeles,037,10098052,1200134,1190603,40255,1230858,23802
2021-04-24,Madera,039,155013,16448,16338,907,17245,231
2021-04-24,Marin,041,260295,13900,13847,231,14078,227
2021-04-24,Mariposa,043,17540,416,409,11,420,5
2021-04-24,Mendocino,045,87422,3819,3754,75,3829,46
2021-04-24,Merced,047,269075,30509,30559,1009,31568,443
2021-04-24,Modoc,049,8938,365,360,120,480,3
2021-04-24,Mono,051,14174,1247,1256,16,1272,3
2021-04-24,Monterey,053,433212,42873,42727,1806,44533,379
2021-04-24,Napa,055,140530,9755,9756,32,9788,79
2021-04-24,Nevada,057,99092,4611,4522,185,4707,70
2021-04-24,Orange,059,3164182,253820,252441,11021,263462,4910
2021-04-24,Placer,061,380077,22569,21983,1387,23370,285
2021-04-24,Plumas,063,18699,686,670,10,680,4
2021-04-24,Riverside,065,2383286,292186,286552,13692,300244,4400
2021-04-24,Sacramento,067,1510023,102828,102179,1593,103772,1587
2021-04-24,San Benito,069,59416,5998,6007,109,6116,63
2021-04-24,San Bernardino,071,2135413,291502,290264,8824,299088,4568
2021-04-24,San Diego,073,3302833,276981,275252,14398,289650,3688
2021-04-24,San Francisco,075,870044,36129,36285,1235,37520,532
2021-04-24,San Joaquin,077,732212,71662,70911,3349,74260,1301
2021-04-24,San Luis Obispo,079,281455,21078,20797,703,21500,255
2021-04-24,San Mateo,081,765935,41733,41424,447,41871,355
2021-04-24,Santa Barbara,083,443738,34084,33911,1105,35016,448
2021-04-24,Santa Clara,085,1922200,117233,117674,712,118386,1968
2021-04-24,Santa Cruz,087,273765,16087,15840,791,16631,205
2021-04-24,Shasta,089,179085,11737,11770,1426,13196,192
2021-04-24,Sierra,091,2930,55,51,12,63,0
2021-04-24,Siskiyou,093,43540,1703,1574,285,1859,11
2021-04-24,Solano,095,438530,31959,31821,478,32299,247
2021-04-24,Sonoma,097,501317,29577,29739,304,30043,318
2021-04-24,Stanislaus,099,539301,54836,54455,5722,60177,744
2021-04-24,Sutter,101,95872,9290,9316,80,9396,110
2021-04-24,Tehama,103,63373,4942,4907,537,5444,53
2021-04-24,Trinity,105,12862,482,326,82,408,3
2021-04-24,Tulare,107,460477,49710,48705,8629,57334,830
2021-04-24,Tuolumne,109,53932,3971,4020,40,4060,58
2021-04-24,Ventura,111,848112,80689,80097,2903,83000,999
2021-04-24,Yolo,113,214977,13717,13653,193,13846,205
2021-04-24,Yuba,115,75493,5878,5837,117,5954,44
2021-04-23,Alameda,001,1643700,86217,85935,1839,87774,1256
2021-04-23,Alpine,003,1148,86,86,0,86,0
2021-04-23,Amador,005,37829,3638,3637,32,3669,46
2021-04-23,Butte,007,227075,12047,11672,1722,13394,196
2021-04-23,Calaveras,009,45235,2070,2064,11,2075,50
2021-04-23,Colusa,011,21464,1920,1921,289,2210,14
2021-04-23,Contra Costa,013,1133247,67796,67164,1188,68352,785
2021-04-23,Del Norte,015,27424,1288,1254,11,1265,6
2021-04-23,El Dorado,017,186661,9906,9788,699,10487,106
2021-04-23,Fresno,019,978130,101399,100928,8401,109329,1662
2021-04-23,Glenn,021,27897,2383,2361,534,2895,17
2021-04-23,Humboldt,023,135768,3776,3698,30,3728,35
2021-04-23,Imperial,025,180216,28190,28108,2612,30720,720
2021-04-23,Inyo,027,18085,1397,1395,10,1405,36
2021-04-23,Kern,029,883053,96349,95330,10466,105796,1295
2021-04-23,Kings,031,150075,22956,22735,1038,23773,244
2021-04-23,Lake,033,64148,3445,3425,9,3434,43
2021-04-23,Lassen,035,31185,5168,5141,103,5244,1
2021-04-23,Los Angeles,037,10098052,1199864,1190264,40231,1230495,23785
2021-04-23,Madera,039,155013,16439,16328,907,17235,231
2021-04-23,Marin,041,260295,13895,13838,231,14069,227
2021-04-23,Mariposa,043,17540,415,405,11,416,5
2021-04-23,Mendocino,045,87422,3817,3745,74,3819,46
2021-04-23,Merced,047,269075,30492,30530,1008,31538,443
2021-04-23,Modoc,049,8938,365,360,120,480,3
2021-04-23,Mono,051,14174,1245,1256,16,1272,3
2021-04-23,Monterey,053,433212,42867,42722,1806,44528,377
2021-04-23,Napa,055,140530,9750,9752,32,9784,79
2021-04-23,Nevada,057,99092,4602,4510,185,4695,70
2021-04-23,Orange,059,3164182,253776,252399,11014,263413,4904
2021-04-23,Placer,061,380077,22546,21959,1386,23345,282
2021-04-23,Plumas,063,18699,685,670,10,680,4
2021-04-23,Riverside,065,2383286,292127,286456,13687,300143,4399
2021-04-23,Sacramento,067,1510023,102741,102041,1590,103631,1586
2021-04-23,San Benito,069,59416,5996,6005,109,6114,63
2021-04-23,San Bernardino,071,2135413,291451,290189,8823,299012,4568
2021-04-23,San Diego,073,3302833,276842,275097,14375,289472,3684
2021-04-23,San Francisco,075,870044,36113,36252,1234,37486,532
2021-04-23,San Joaquin,077,732212,71606,70840,3346,74186,1295
2021-04-23,San Luis Obispo,079,281455,21069,20781,702,21483,255
2021-04-23,San Mateo,081,765935,41707,41386,447,41833,355
2021-04-23,Santa Barbara,083,443738,34074,33895,1103,34998,447
2021-04-23,Santa Clara,085,1922200,117171,117593,711,118304,1965
2021-04-23,Santa Cruz,087,273765,16080,15802,791,16593,205
2021-04-23,Shasta,089,179085,11730,11759,1425,13184,192
2021-04-23,Sierra,091,2930,55,51,12,63,0
2021-04-23,Siskiyou,093,43540,1691,1567,284,1851,11
2021-04-23,Solano,095,438530,31927,31784,474,32258,247
2021-04-23,Sonoma,097,501317,29563,29727,304,30031,318
2021-04-23,Stanislaus,099,539301,54774,54391,5714,60105,744
2021-04-23,Sutter,101,95872,9288,9312,80,9392,110
2021-04-23,Tehama,103,63373,4939,4906,537,5443,53
2021-04-23,Trinity,105,12862,482,326,82,408,3
2021-04-23,Tulare,107,460477,49693,48694,8622,57316,829
2021-04-23,Tuolumne,109,53932,3970,4020,40,4060,58
2021-04-23,Ventura,111,848112,80670,80095,2903,82998,996
2021-04-23,Yolo,113,214977,13705,13647,193,13840,205
2021-04-23,Yuba,115,75493,5875,5828,117,5945,44
2021-04-22,Alameda,001,1643700,86127,85829,1838,87667,1253
2021-04-22,Alpine,003,1148,86,86,0,86,0
2021-04-22,Amador,005,37829,3637,3633,32,3665,46
2021-04-22,Butte,007,227075,12033,11656,1719,13375,196
2021-04-22,Calaveras,009,45235,2068,2059,11,2070,50
2021-04-22,Colusa,011,21464,1918,1920,287,2207,14
2021-04-22,Contra Costa,013,1133247,67724,67029,1184,68213,782
2021-04-22,Del Norte,015,27424,1283,1252,11,1263,6
2021-04-22,El Dorado,017,186661,9894,9773,696,10469,106
2021-04-22,Fresno,019,978130,101354,100864,8390,109254,1657
2021-04-22,Glenn,021,27897,2382,2361,534,2895,17
2021-04-22,Humboldt,023,135768,3767,3680,30,3710,35
2021-04-22,Imperial,025,180216,28169,28096,2609,30705,720
2021-04-22,Inyo,027,18085,1396,1394,10,1404,36
2021-04-22,Kern,029,883053,96306,95292,10451,105743,1299
2021-04-22,Kings,031,150075,22946,22725,1038,23763,243
2021-04-22,Lake,033,64148,3443,3423,9,3432,43
2021-04-22,Lassen,035,31185,5168,5155,103,5258,1
2021-04-22,Los Angeles,037,10098052,1199542,1189878,40210,1230088,23762
2021-04-22,Madera,039,155013,16420,16316,907,17223,231
2021-04-22,Marin,041,260295,13887,13832,231,14063,227
2021-04-22,Mariposa,043,17540,414,403,11,414,5
2021-04-22,Mendocino,045,87422,3811,3729,74,3803,46
2021-04-22,Merced,047,269075,30457,30490,1007,31497,443
2021-04-22,Modoc,049,8938,365,360,120,480,3
2021-04-22,Mono,051,14174,1245,1254,16,1270,3
2021-04-22,Monterey,053,433212,42860,42708,1804,44512,377
2021-04-22,Napa,055,140530,9740,9734,32,9766,79
2021-04-22,Nevada,057,99092,4592,4504,183,4687,70
2021-04-22,Orange,059,3164182,253703,252307,11001,263308,4898
2021-04-22,Placer,061,380077,22515,21916,1382,23298,282
2021-04-22,Plumas,063,18699,684,670,10,680,4
2021-04-22,Riverside,065,2383286,292028,286362,13678,300040,4398
2021-04-22,Sacramento,067,1510023,102592,101870,1581,103451,1585
2021-04-22,San Benito,069,59416,5992,5998,109,6107,63
2021-04-22,San Bernardino,071,2135413,291382,290125,8814,298939,4571
2021-04-22,San Diego,073,3302833,276676,275913,14353,290266,3684
2021-04-22,San Francisco,075,870044,36090,36218,1231,37449,532
2021-04-22,San Joaquin,077,732212,71547,70751,3339,74090,1295
2021-04-22,San Luis Obispo,079,281455,21055,20761,702,21463,255
2021-04-22,San Mateo,081,765935,41681,41345,445,41790,355
2021-04-22,Santa Barbara,083,443738,34051,33870,1102,34972,446
2021-04-22,Santa Clara,085,1922200,117083,117457,707,118164,1954
2021-04-22,Santa Cruz,087,273765,16077,15737,790,16527,205
2021-04-22,Shasta,089,179085,11715,11738,1423,13161,192
2021-04-22,Sierra,091,2930,55,51,12,63,0
2021-04-22,Siskiyou,093,43540,1687,1564,283,1847,11
2021-04-22,Solano,095,438530,31881,31731,471,32202,247
2021-04-22,Sonoma,097,501317,29548,29705,300,30005,318
2021-04-22,Stanislaus,099,539301,54701,54313,5708,60021,744
2021-04-22,Sutter,101,95872,9284,9302,80,9382,110
2021-04-22,Tehama,103,63373,4933,4896,533,5429,53
2021-04-22,Trinity,105,12862,482,326,82,408,3
2021-04-22,Tulare,107,460477,49673,48669,8613,57282,828
2021-04-22,Tuolumne,109,53932,3966,4020,40,4060,58
2021-04-22,Ventura,111,848112,80644,80073,2901,82974,996
2021-04-22,Yolo,113,214977,13684,13616,193,13809,205
2021-04-22,Yuba,115,75493,5865,5825,117,5942,44
2021-04-21,Alameda,001,1643700,86048,85762,1836,87598,1249
2021-04-21,Alpine,003,1148,86,86,0,86,0
2021-04-21,Amador,005,37829,3634,3632,32,3664,46
2021-04-21,Butte,007,227075,12013,11643,1717,13360,196
2021-04-21,Calaveras,009,45235,2060,2057,11,2068,50
2021-04-21,Colusa,011,21464,1916,1920,286,2206,14
2021-04-21,Contra Costa,013,1133247,67658,66981,1183,68164,782
2021-04-21,Del Norte,015,27424,1279,1252,11,1263,6
2021-04-21,El Dorado,017,186661,9877,9760,693,10453,106
2021-04-21,Fresno,019,978130,101298,100838,8384,109222,1654
2021-04-21,Glenn,021,27897,2381,2361,534,2895,17
2021-04-21,Humboldt,023,135768,3748,3642,30,3672,35
2021-04-21,Imperial,025,180216,28157,28052,2608,30660,719
2021-04-21,Inyo,027,18085,1396,1392,10,1402,36
2021-04-21,Kern,029,883053,96260,95257,10441,105698,1297
2021-04-21,Kings,031,150075,22939,22713,1037,23750,243
2021-04-21,Lake,033,64148,3440,3421,9,3430,43
2021-04-21,Lassen,035,31185,5167,5156,103,5259,1
2021-04-21,Los Angeles,037,10098052,1199200,1189530,40191,1229721,23729
2021-04-21,Madera,039,155013,16415,16309,907,17216,231
2021-04-21,Marin,041,260295,13872,13822,231,14053,227
2021-04-21,Mariposa,043,17540,413,402,11,413,5
2021-04-21,Mendocino,045,87422,3809,3729,74,3803,46
2021-04-21,Merced,047,269075,30437,30471,1005,31476,442
2021-04-21,Modoc,049,8938,365,360,120,480,3
2021-04-21,Mono,051,14174,1245,1254,16,1270,3
2021-04-21,Monterey,053,433212,42845,42699,1802,44501,377
2021-04-21,Napa,055,140530,9734,9727,32,9759,79
2021-04-21,Nevada,057,99092,4578,4499,183,4682,70
2021-04-21,Orange,059,3164182,253627,252243,10988,263231,4889
2021-04-21,Placer,061,380077,22484,21896,1377,23273,282
2021-04-21,Plumas,063,18699,684,670,10,680,4
2021-04-21,Riverside,065,2383286,291934,286299,13671,299970,4388
2021-04-21,Sacramento,067,1510023,102463,101803,1575,103378,1579
2021-04-21,San Benito,069,59416,5989,5998,109,6107,63
2021-04-21,San Bernardino,071,2135413,291306,290049,8812,298861,4572
2021-04-21,San Diego,073,3302833,276467,275632,14315,289947,3681
2021-04-21,San Francisco,075,870044,36070,36194,1230,37424,529
2021-04-21,San Joaquin,077,732212,71492,70687,3329,74016,1295
2021-04-21,San Luis Obispo,079,281455,21040,20724,701,21425,255
2021-04-21,San Mateo,081,765935,41650,41318,444,41762,355
2021-04-21,Santa Barbara,083,443738,34032,33830,1101,34931,445
2021-04-21,Santa Clara,085,1922200,117005,117318,701,118019,1946
2021-04-21,Santa Cruz,087,273765,16068,15698,790,16488,204
2021-04-21,Shasta,089,179085,11696,11722,1421,13143,192
2021-04-21,Sierra,091,2930,55,51,12,63,0
2021-04-21,Siskiyou,093,43540,1680,1557,283,1840,11
2021-04-21,Solano,095,438530,31842,31712,470,32182,244
2021-04-21,Sonoma,097,501317,29536,29697,299,29996,318
2021-04-21,Stanislaus,099,539301,54640,54290,5702,59992,742
2021-04-21,Sutter,101,95872,9276,9297,80,9377,110
2021-04-21,Tehama,103,63373,4926,4893,532,5425,53
2021-04-21,Trinity,105,12862,482,326,82,408,3
2021-04-21,Tulare,107,460477,49658,48653,8600,57253,828
2021-04-21,Tuolumne,109,53932,3963,4019,40,4059,58
2021-04-21,Ventura,111,848112,80612,80039,2898,82937,996
2021-04-21,Yolo,113,214977,13664,13606,192,13798,200
2021-04-21,Yuba,115,75493,5858,5822,116,5938,44
2021-04-20,Alameda,001,1643700,85953,85652,1834,87486,1248
2021-04-20,Alpine,003,1148,85,85,0,85,0
2021-04-20,Amador,005,37829,3633,3631,32,3663,46
2021-04-20,Butte,007,227075,11994,11619,1715,13334,196
2021-04-20,Calaveras,009,45235,2059,2053,11,2064,50
2021-04-20,Colusa,011,21464,1916,1915,285,2200,14
2021-04-20,Contra Costa,013,1133247,67574,66889,1180,68069,782
2021-04-20,Del Norte,015,27424,1278,1250,11,1261,6
2021-04-20,El Dorado,017,186661,9849,9743,691,10434,106
2021-04-20,Fresno,019,978130,101240,100768,8374,109142,1650
2021-04-20,Glenn,021,27897,2379,2359,533,2892,17
2021-04-20,Humboldt,023,135768,3730,3612,30,3642,35
2021-04-20,Imperial,025,180216,28138,28024,2604,30628,719
2021-04-20,Inyo,027,18085,1396,1393,10,1403,36
2021-04-20,Kern,029,883053,96224,95223,10425,105648,1295
2021-04-20,Kings,031,150075,22933,22693,1034,23727,243
2021-04-20,Lake,033,64148,3438,3418,9,3427,43
2021-04-20,Lassen,035,31185,5167,5155,103,5258,1
2021-04-20,Los Angeles,037,10098052,1198853,1189256,40161,1229417,23694
2021-04-20,Madera,039,155013,16409,16301,907,17208,231
2021-04-20,Marin,041,260295,13858,13807,231,14038,227
2021-04-20,Mariposa,043,17540,412,402,11,413,5
2021-04-20,Mendocino,045,87422,3808,3726,74,3800,46
2021-04-20,Merced,047,269075,30410,30439,1004,31443,441
2021-04-20,Modoc,049,8938,365,359,120,479,3
2021-04-20,Mono,051,14174,1244,1254,16,1270,3
2021-04-20,Monterey,053,433212,42834,42663,1800,44463,363
2021-04-20,Napa,055,140530,9729,9711,32,9743,79
2021-04-20,Nevada,057,99092,4560,4485,183,4668,70
2021-04-20,Orange,059,3164182,253537,252134,10976,263110,4887
2021-04-20,Placer,061,380077,22450,21846,1373,23219,282
2021-04-20,Plumas,063,18699,683,670,10,680,4
2021-04-20,Riverside,065,2383286,291837,286194,13666,299860,4388
2021-04-20,Sacramento,067,1510023,102325,101629,1567,103196,1574
2021-04-20,San Benito,069,59416,5986,5988,109,6097,63
2021-04-20,San Bernardino,071,2135413,291225,289905,8810,298715,4569
2021-04-20,San Diego,073,3302833,276236,275369,14282,289651,3674
2021-04-20,San Francisco,075,870044,36051,36117,1229,37346,529
2021-04-20,San Joaquin,077,732212,71419,70590,3320,73910,1289
2021-04-20,San Luis Obispo,079,281455,21017,20691,693,21384,254
2021-04-20,San Mateo,081,765935,41619,41251,444,41695,355
2021-04-20,Santa Barbara,083,443738,34013,33803,1101,34904,445
2021-04-20,Santa Clara,085,1922200,116907,117228,697,117925,1944
2021-04-20,Santa Cruz,087,273765,16056,15647,790,16437,204
2021-04-20,Shasta,089,179085,11680,11677,1418,13095,189
2021-04-20,Sierra,091,2930,55,51,12,63,0
2021-04-20,Siskiyou,093,43540,1672,1551,282,1833,10
2021-04-20,Solano,095,438530,31787,31673,466,32139,243
2021-04-20,Sonoma,097,501317,29527,29676,297,29973,311
2021-04-20,Stanislaus,099,539301,54575,54236,5689,59925,735
2021-04-20,Sutter,101,95872,9272,9279,80,9359,109
2021-04-20,Tehama,103,63373,4921,4887,531,5418,52
2021-04-20,Trinity,105,12862,482,326,82,408,3
2021-04-20,Tulare,107,460477,49636,48650,8592,57242,831
2021-04-20,Tuolumne,109,53932,3963,4014,40,4054,58
2021-04-20,Ventura,111,848112,80584,80018,2896,82914,995
2021-04-20,Yolo,113,214977,13644,13581,191,13772,200
2021-04-20,Yuba,115,75493,5848,5814,116,5930,44
2021-04-19,Alameda,001,1643700,85835,85583,1830,87413,1247
2021-04-19,Alpine,003,1148,85,85,0,85,0
2021-04-19,Amador,005,37829,3632,3629,32,3661,46
2021-04-19,Butte,007,227075,11976,11601,1710,13311,196
2021-04-19,Calaveras,009,45235,2057,2050,11,2061,50
2021-04-19,Colusa,011,21464,1916,1913,284,2197,14
2021-04-19,Contra Costa,013,1133247,67496,66833,1178,68011,782
2021-04-19,Del Norte,015,27424,1276,1247,11,1258,6
2021-04-19,El Dorado,017,186661,9833,9726,686,10412,106
2021-04-19,Fresno,019,978130,101172,100702,8362,109064,1646
2021-04-19,Glenn,021,27897,2379,2358,532,2890,17
2021-04-19,Humboldt,023,135768,3710,3602,28,3630,35
2021-04-19,Imperial,025,180216,28117,27995,2604,30599,719
2021-04-19,Inyo,027,18085,1396,1392,10,1402,36
2021-04-19,Kern,029,883053,96194,95162,10410,105572,1290
2021-04-19,Kings,031,150075,22918,22688,1034,23722,243
2021-04-19,Lake,033,64148,3437,3416,9,3425,43
2021-04-19,Lassen,035,31185,5166,5156,103,5259,1
2021-04-19,Los Angeles,037,10098052,1198474,1188945,40136,1229081,23666
2021-04-19,Madera,039,155013,16398,16289,906,17195,231
2021-04-19,Marin,041,260295,13847,13804,230,14034,226
2021-04-19,Mariposa,043,17540,411,401,11,412,5
2021-04-19,Mendocino,045,87422,3806,3722,74,3796,46
2021-04-19,Merced,047,269075,30381,30422,1003,31425,441
2021-04-19,Modoc,049,8938,365,359,120,479,3
2021-04-19,Mono,051,14174,1243,1254,16,1270,3
2021-04-19,Monterey,053,433212,42821,42642,1795,44437,356
2021-04-19,Napa,055,140530,9721,9680,32,9712,79
2021-04-19,Nevada,057,99092,4544,4477,183,4660,70
2021-04-19,Orange,059,3164182,253419,252013,10961,262974,4883
2021-04-19,Placer,061,380077,22427,21814,1369,23183,282
2021-04-19,Plumas,063,18699,683,665,10,675,4
2021-04-19,Riverside,065,2383286,291742,286087,13656,299743,4371
2021-04-19,Sacramento,067,1510023,102189,101482,1557,103039,1572
2021-04-19,San Benito,069,59416,5978,5989,109,6098,63
2021-04-19,San Bernardino,071,2135413,291140,289738,8804,298542,4561
2021-04-19,San Diego,073,3302833,275988,275113,14249,289362,3674
2021-04-19,San Francisco,075,870044,36014,36094,1227,37321,529
2021-04-19,San Joaquin,077,732212,71339,70514,3314,73828,1289
2021-04-19,San Luis Obispo,079,281455,20991,20669,687,21356,254
2021-04-19,San Mateo,081,765935,41586,41226,443,41669,355
2021-04-19,Santa Barbara,083,443738,33999,33786,1101,34887,446
2021-04-19,Santa Clara,085,1922200,116796,117099,693,117792,1944
2021-04-19,Santa Cruz,087,273765,16044,15600,790,16390,204
2021-04-19,Shasta,089,179085,11665,11662,1410,13072,189
2021-04-19,Sierra,091,2930,55,51,12,63,0
2021-04-19,Siskiyou,093,43540,1662,1544,282,1826,10
2021-04-19,Solano,095,438530,31748,31643,461,32104,239
2021-04-19,Sonoma,097,501317,29508,29667,297,29964,311
2021-04-19,Stanislaus,099,539301,54499,54179,5685,59864,728
2021-04-19,Sutter,101,95872,9261,9269,80,9349,109
2021-04-19,Tehama,103,63373,4915,4878,531,5409,52
2021-04-19,Trinity,105,12862,482,326,81,407,3
2021-04-19,Tulare,107,460477,49620,48630,8579,57209,831
2021-04-19,Tuolumne,109,53932,3962,4010,40,4050,58
2021-04-19,Ventura,111,848112,80558,80000,2894,82894,996
2021-04-19,Yolo,113,214977,13631,13572,189,13761,200
2021-04-19,Yuba,115,75493,5841,5804,115,5919,44
2021-04-18,Alameda,001,1643700,85720,85481,1822,87303,1247
2021-04-18,Alpine,003,1148,85,85,0,85,0
2021-04-18,Amador,005,37829,3629,3627,32,3659,46
2021-04-18,Butte,007,227075,11958,11591,1705,13296,196
2021-04-18,Calaveras,009,45235,2051,2047,11,2058,50
2021-04-18,Colusa,011,21464,1912,1912,283,2195,14
2021-04-18,Contra Costa,013,1133247,67393,66750,1174,67924,782
2021-04-18,Del Norte,015,27424,1276,1240,11,1251,6
2021-04-18,El Dorado,017,186661,9810,9710,684,10394,106
2021-04-18,Fresno,019,978130,101114,100621,8356,108977,1646
2021-04-18,Glenn,021,27897,2374,2358,532,2890,17
2021-04-18,Humboldt,023,135768,3682,3590,28,3618,35
2021-04-18,Imperial,025,180216,28102,27991,2599,30590,719
2021-04-18,Inyo,027,18085,1395,1392,10,1402,36
2021-04-18,Kern,029,883053,96158,95129,10395,105524,1290
2021-04-18,Kings,031,150075,22909,22685,1034,23719,243
2021-04-18,Lake,033,64148,3436,3413,9,3422,43
2021-04-18,Lassen,035,31185,5163,5156,103,5259,1
2021-04-18,Los Angeles,037,10098052,1198014,1188620,40113,1228733,23648
2021-04-18,Madera,039,155013,16387,16277,905,17182,231
2021-04-18,Marin,041,260295,13840,13801,229,14030,226
2021-04-18,Mariposa,043,17540,410,400,10,410,5
2021-04-18,Mendocino,045,87422,3803,3722,74,3796,46
2021-04-18,Merced,047,269075,30344,30405,1002,31407,441
2021-04-18,Modoc,049,8938,365,359,120,479,3
2021-04-18,Mono,051,14174,1243,1254,16,1270,3
2021-04-18,Monterey,053,433212,42809,42638,1794,44432,356
2021-04-18,Napa,055,140530,9705,9674,32,9706,79
2021-04-18,Nevada,057,99092,4529,4464,183,4647,70
2021-04-18,Orange,059,3164182,253305,251940,10954,262894,4883
2021-04-18,Placer,061,380077,22384,21783,1364,23147,282
2021-04-18,Plumas,063,18699,682,665,10,675,4
2021-04-18,Riverside,065,2383286,291652,286043,13652,299695,4371
2021-04-18,Sacramento,067,1510023,102014,101354,1551,102905,1572
2021-04-18,San Benito,069,59416,5976,5989,109,6098,63
2021-04-18,San Bernardino,071,2135413,291047,289691,8795,298486,4556
2021-04-18,San Diego,073,3302833,275709,274961,14214,289175,3674
2021-04-18,San Francisco,075,870044,35977,36073,1223,37296,525
2021-04-18,San Joaquin,077,732212,71258,70466,3305,73771,1289
2021-04-18,San Luis Obispo,079,281455,20969,20656,681,21337,254
2021-04-18,San Mateo,081,765935,41557,41201,442,41643,352
2021-04-18,Santa Barbara,083,443738,33964,33769,1100,34869,446
2021-04-18,Santa Clara,085,1922200,116629,116996,688,117684,1944
2021-04-18,Santa Cruz,087,273765,16034,15580,789,16369,204
2021-04-18,Shasta,089,179085,11644,11658,1407,13065,189
2021-04-18,Sierra,091,2930,55,51,12,63,0
2021-04-18,Siskiyou,093,43540,1651,1538,281,1819,10
2021-04-18,Solano,095,438530,31698,31606,460,32066,239
2021-04-18,Sonoma,097,501317,29492,29660,295,29955,311
2021-04-18,Stanislaus,099,539301,54417,54132,5679,59811,728
2021-04-18,Sutter,101,95872,9247,9261,80,9341,109
2021-04-18,Tehama,103,63373,4906,4877,530,5407,52
2021-04-18,Trinity,105,12862,482,326,81,407,3
2021-04-18,Tulare,107,460477,49607,48618,8574,57192,829
2021-04-18,Tuolumne,109,53932,3961,4008,39,4047,58
2021-04-18,Ventura,111,848112,80527,79984,2891,82875,996
2021-04-18,Yolo,113,214977,13619,13562,187,13749,200
2021-04-18,Yuba,115,75493,5834,5804,115,5919,44
2021-04-17,Alameda,001,1643700,85645,85367,1820,87187,1247
2021-04-17,Alpine,003,1148,85,85,0,85,0
2021-04-17,Amador,005,37829,3627,3625,32,3657,46
2021-04-17,Butte,007,227075,11938,11573,1701,13274,196
2021-04-17,Calaveras,009,45235,2049,2045,11,2056,50
2021-04-17,Colusa,011,21464,1912,1912,283,2195,14
2021-04-17,Contra Costa,013,1133247,67345,66657,1166,67823,782
2021-04-17,Del Norte,015,27424,1276,1238,11,1249,6
2021-04-17,El Dorado,017,186661,9795,9692,681,10373,106
2021-04-17,Fresno,019,978130,101081,100562,8351,108913,1646
2021-04-17,Glenn,021,27897,2374,2357,532,2889,17
2021-04-17,Humboldt,023,135768,3658,3579,28,3607,35
2021-04-17,Imperial,025,180216,28091,27987,2599,30586,719
2021-04-17,Inyo,027,18085,1392,1392,10,1402,36
2021-04-17,Kern,029,883053,96140,95102,10391,105493,1290
2021-04-17,Kings,031,150075,22904,22678,1033,23711,243
2021-04-17,Lake,033,64148,3435,3409,9,3418,43
2021-04-17,Lassen,035,31185,5163,5154,103,5257,1
2021-04-17,Los Angeles,037,10098052,1197755,1188262,40082,1228344,23653
2021-04-17,Madera,039,155013,16383,16260,904,17164,231
2021-04-17,Marin,041,260295,13836,13797,229,14026,226
2021-04-17,Mariposa,043,17540,409,398,10,408,5
2021-04-17,Mendocino,045,87422,3800,3721,74,3795,46
2021-04-17,Merced,047,269075,30328,30392,1001,31393,441
2021-04-17,Modoc,049,8938,365,357,120,477,3
2021-04-17,Mono,051,14174,1243,1253,16,1269,3
2021-04-17,Monterey,053,433212,42800,42630,1792,44422,356
2021-04-17,Napa,055,140530,9701,9666,32,9698,79
2021-04-17,Nevada,057,99092,4521,4457,183,4640,70
2021-04-17,Orange,059,3164182,253236,251873,10942,262815,4878
2021-04-17,Placer,061,380077,22361,21736,1359,23095,282
2021-04-17,Plumas,063,18699,681,666,10,676,4
2021-04-17,Riverside,065,2383286,291583,285963,13644,299607,4371
2021-04-17,Sacramento,067,1510023,101904,101172,1540,102712,1572
2021-04-17,San Benito,069,59416,5970,5986,109,6095,63
2021-04-17,San Bernardino,071,2135413,290992,289624,8792,298416,4555
2021-04-17,San Diego,073,3302833,275562,274812,14180,288992,3674
2021-04-17,San Francisco,075,870044,35955,36032,1220,37252,523
2021-04-17,San Joaquin,077,732212,71218,70372,3295,73667,1288
2021-04-17,San Luis Obispo,079,281455,20956,20642,678,21320,254
2021-04-17,San Mateo,081,765935,41534,41157,442,41599,352
2021-04-17,Santa Barbara,083,443738,33933,33738,1098,34836,446
2021-04-17,Santa Clara,085,1922200,116537,116887,686,117573,1944
2021-04-17,Santa Cruz,087,273765,16028,15571,789,16360,204
2021-04-17,Shasta,089,179085,11629,11647,1406,13053,189
2021-04-17,Sierra,091,2930,55,51,12,63,0
2021-04-17,Siskiyou,093,43540,1646,1539,278,1817,10
2021-04-17,Solano,095,438530,31667,31541,457,31998,239
2021-04-17,Sonoma,097,501317,29485,29637,295,29932,311
2021-04-17,Stanislaus,099,539301,54380,54058,5674,59732,728
2021-04-17,Sutter,101,95872,9241,9252,80,9332,109
2021-04-17,Tehama,103,63373,4900,4875,529,5404,52
2021-04-17,Trinity,105,12862,482,326,81,407,3
2021-04-17,Tulare,107,460477,49595,48603,8570,57173,829
2021-04-17,Tuolumne,109,53932,3959,4005,39,4044,58
2021-04-17,Ventura,111,848112,80506,79964,2891,82855,996
2021-04-17,Yolo,113,214977,13609,13580,187,13767,200
2021-04-17,Yuba,115,75493,5829,5802,114,5916,44
2021-04-16,Alameda,001,1643700,85566,85243,1818,87061,1245
2021-04-16,Alpine,003,1148,85,85,0,85,0
2021-04-16,Amador,005,37829,3622,3621,32,3653,46
2021-04-16,Butte,007,227075,11926,11549,1699,13248,196
2021-04-16,Calaveras,009,45235,2047,2042,11,2053,50
2021-04-16,Colusa,011,21464,1910,1911,283,2194,14
2021-04-16,Contra Costa,013,1133247,67291,66569,1163,67732,782
2021-04-16,Del Norte,015,27424,1275,1237,11,1248,6
2021-04-16,El Dorado,017,186661,9775,9665,677,10342,106
2021-04-16,Fresno,019,978130,101031,100500,8345,108845,1643
2021-04-16,Glenn,021,27897,2374,2355,532,2887,17
2021-04-16,Humboldt,023,135768,3637,3570,27,3597,35
2021-04-16,Imperial,025,180216,28081,27962,2599,30561,719
2021-04-16,Inyo,027,18085,1392,1392,10,1402,36
2021-04-16,Kern,029,883053,96111,95066,10388,105454,1288
2021-04-16,Kings,031,150075,22900,22667,1032,23699,243
2021-04-16,Lake,033,64148,3429,3406,9,3415,43
2021-04-16,Lassen,035,31185,5162,5155,103,5258,1
2021-04-16,Los Angeles,037,10098052,1197454,1187818,40046,1227864,23627
2021-04-16,Madera,039,155013,16377,16250,903,17153,231
2021-04-16,Marin,041,260295,13833,13788,229,14017,226
2021-04-16,Mariposa,043,17540,408,396,9,405,5
2021-04-16,Mendocino,045,87422,3798,3719,74,3793,46
2021-04-16,Merced,047,269075,30313,30355,1001,31356,438
2021-04-16,Modoc,049,8938,365,355,120,475,3
2021-04-16,Mono,051,14174,1243,1253,16,1269,3
2021-04-16,Monterey,053,433212,42789,42620,1789,44409,351
2021-04-16,Napa,055,140530,9693,9653,32,9685,79
2021-04-16,Nevada,057,99092,4512,4443,183,4626,70
2021-04-16,Orange,059,3164182,253172,251770,10933,262703,4873
2021-04-16,Placer,061,380077,22334,21680,1355,23035,282
2021-04-16,Plumas,063,18699,680,665,10,675,4
2021-04-16,Riverside,065,2383286,291506,285818,13642,299460,4369
2021-04-16,Sacramento,067,1510023,101807,100993,1535,102528,1572
2021-04-16,San Benito,069,59416,5968,5982,109,6091,63
2021-04-16,San Bernardino,071,2135413,290945,289424,8791,298215,4550
2021-04-16,San Diego,073,3302833,275408,274567,14162,288729,3662
2021-04-16,San Francisco,075,870044,35930,35993,1217,37210,517
2021-04-16,San Joaquin,077,732212,71151,70280,3287,73567,1288
2021-04-16,San Luis Obispo,079,281455,20944,20623,677,21300,253
2021-04-16,San Mateo,081,765935,41505,41107,441,41548,352
2021-04-16,Santa Barbara,083,443738,33915,33703,1098,34801,446
2021-04-16,Santa Clara,085,1922200,116437,116693,683,117376,1941
2021-04-16,Santa Cruz,087,273765,16026,15539,789,16328,204
2021-04-16,Shasta,089,179085,11617,11623,1405,13028,189
2021-04-16,Sierra,091,2930,55,51,12,63,0
2021-04-16,Siskiyou,093,43540,1642,1530,276,1806,10
2021-04-16,Solano,095,438530,31628,31470,454,31924,239
2021-04-16,Sonoma,097,501317,29474,29617,295,29912,311
2021-04-16,Stanislaus,099,539301,54332,53983,5672,59655,728
2021-04-16,Sutter,101,95872,9235,9247,80,9327,109
2021-04-16,Tehama,103,63373,4899,4866,529,5395,52
2021-04-16,Trinity,105,12862,482,326,81,407,3
2021-04-16,Tulare,107,460477,49583,48583,8566,57149,830
2021-04-16,Tuolumne,109,53932,3956,4005,39,4044,58
2021-04-16,Ventura,111,848112,80481,79942,2886,82828,994
2021-04-16,Yolo,113,214977,13596,13559,185,13744,198
2021-04-16,Yuba,115,75493,5826,5795,113,5908,44
2021-04-15,Alameda,001,1643700,85459,85089,1816,86905,1246
2021-04-15,Alpine,003,1148,85,85,0,85,0
2021-04-15,Amador,005,37829,3621,3616,32,3648,46
2021-04-15,Butte,007,227075,11911,11529,1695,13224,196
2021-04-15,Calaveras,009,45235,2046,2039,11,2050,50
2021-04-15,Colusa,011,21464,1908,1909,282,2191,14
2021-04-15,Contra Costa,013,1133247,67218,66480,1159,67639,781
2021-04-15,Del Norte,015,27424,1268,1235,11,1246,6
2021-04-15,El Dorado,017,186661,9760,9639,675,10314,106
2021-04-15,Fresno,019,978130,100968,100431,8339,108770,1642
2021-04-15,Glenn,021,27897,2374,2354,532,2886,17
2021-04-15,Humboldt,023,135768,3616,3561,27,3588,35
2021-04-15,Imperial,025,180216,28053,27920,2596,30516,718
2021-04-15,Inyo,027,18085,1392,1393,10,1403,36
2021-04-15,Kern,029,883053,96078,94989,10375,105364,1289
2021-04-15,Kings,031,150075,22886,22648,1032,23680,242
2021-04-15,Lake,033,64148,3428,3399,9,3408,43
2021-04-15,Lassen,035,31185,5161,5152,103,5255,1
2021-04-15,Los Angeles,037,10098052,1197049,1187274,40010,1227284,23598
2021-04-15,Madera,039,155013,16362,16234,903,17137,231
2021-04-15,Marin,041,260295,13829,13783,228,14011,226
2021-04-15,Mariposa,043,17540,406,395,9,404,5
2021-04-15,Mendocino,045,87422,3797,3714,74,3788,46
2021-04-15,Merced,047,269075,30287,30325,1000,31325,437
2021-04-15,Modoc,049,8938,365,355,120,475,3
2021-04-15,Mono,051,14174,1242,1253,16,1269,3
2021-04-15,Monterey,053,433212,42779,42604,1787,44391,347
2021-04-15,Napa,055,140530,9685,9645,32,9677,79
2021-04-15,Nevada,057,99092,4500,4434,182,4616,70
2021-04-15,Orange,059,3164182,253077,251679,10921,262600,4857
2021-04-15,Placer,061,380077,22303,21614,1348,22962,281
2021-04-15,Plumas,063,18699,678,665,10,675,4
2021-04-15,Riverside,065,2383286,291402,285698,13635,299333,4363
2021-04-15,Sacramento,067,1510023,101677,100782,1521,102303,1570
2021-04-15,San Benito,069,59416,5965,5969,108,6077,63
2021-04-15,San Bernardino,071,2135413,290855,289288,8784,298072,4544
2021-04-15,San Diego,073,3302833,275161,274250,14103,288353,3653
2021-04-15,San Francisco,075,870044,35911,35947,1215,37162,510
2021-04-15,San Joaquin,077,732212,71070,70189,3279,73468,1288
2021-04-15,San Luis Obispo,079,281455,20928,20591,674,21265,253
2021-04-15,San Mateo,081,765935,41466,41050,440,41490,352
2021-04-15,Santa Barbara,083,443738,33897,33672,1094,34766,446
2021-04-15,Santa Clara,085,1922200,116331,116602,679,117281,1927
2021-04-15,Santa Cruz,087,273765,16016,15509,789,16298,203
2021-04-15,Shasta,089,179085,11603,11597,1401,12998,191
2021-04-15,Sierra,091,2930,55,51,12,63,0
2021-04-15,Siskiyou,093,43540,1636,1524,275,1799,10
2021-04-15,Solano,095,438530,31590,31394,453,31847,239
2021-04-15,Sonoma,097,501317,29460,29587,295,29882,311
2021-04-15,Stanislaus,099,539301,54278,53918,5663,59581,728
2021-04-15,Sutter,101,95872,9228,9237,80,9317,109
2021-04-15,Tehama,103,63373,4898,4854,528,5382,52
2021-04-15,Trinity,105,12862,482,326,81,407,3
2021-04-15,Tulare,107,460477,49562,48556,8566,57122,829
2021-04-15,Tuolumne,109,53932,3956,4003,39,4042,57
2021-04-15,Ventura,111,848112,80462,79917,2884,82801,989
2021-04-15,Yolo,113,214977,13577,13547,183,13730,198
2021-04-15,Yuba,115,75493,5823,5788,113,5901,44
2021-04-14,Alameda,001,1643700,85362,85009,1815,86824,1247
2021-04-14,Alpine,003,1148,85,85,0,85,0
2021-04-14,Amador,005,37829,3620,3613,32,3645,46
2021-04-14,Butte,007,227075,11898,11513,1694,13207,196
2021-04-14,Calaveras,009,45235,2045,2037,11,2048,50
2021-04-14,Colusa,011,21464,1908,1905,282,2187,14
2021-04-14,Contra Costa,013,1133247,67132,66400,1153,67553,781
2021-04-14,Del Norte,015,27424,1268,1228,11,1239,6
2021-04-14,El Dorado,017,186661,9745,9625,670,10295,106
2021-04-14,Fresno,019,978130,100911,100376,8327,108703,1640
2021-04-14,Glenn,021,27897,2374,2353,532,2885,17
2021-04-14,Humboldt,023,135768,3594,3551,26,3577,35
2021-04-14,Imperial,025,180216,28031,27907,2594,30501,718
2021-04-14,Inyo,027,18085,1392,1392,10,1402,36
2021-04-14,Kern,029,883053,96053,94947,10368,105315,1287
2021-04-14,Kings,031,150075,22877,22641,1030,23671,243
2021-04-14,Lake,033,64148,3423,3396,9,3405,43
2021-04-14,Lassen,035,31185,5160,5151,103,5254,1
2021-04-14,Los Angeles,037,10098052,1196650,1186821,39965,1226786,23579
2021-04-14,Madera,039,155013,16353,16218,903,17121,231
2021-04-14,Marin,041,260295,13827,13768,227,13995,226
2021-04-14,Mariposa,043,17540,405,394,9,403,5
2021-04-14,Mendocino,045,87422,3792,3711,74,3785,46
2021-04-14,Merced,047,269075,30271,30296,998,31294,436
2021-04-14,Modoc,049,8938,365,355,120,475,3
2021-04-14,Mono,051,14174,1241,1252,16,1268,3
2021-04-14,Monterey,053,433212,42763,42595,1783,44378,347
2021-04-14,Napa,055,140530,9674,9643,32,9675,79
2021-04-14,Nevada,057,99092,4493,4421,182,4603,70
2021-04-14,Orange,059,3164182,252972,251568,10902,262470,4849
2021-04-14,Placer,061,380077,22270,21575,1347,22922,280
2021-04-14,Plumas,063,18699,678,665,10,675,4
2021-04-14,Riverside,065,2383286,291292,285583,13629,299212,4358
2021-04-14,Sacramento,067,1510023,101502,100645,1507,102152,1570
2021-04-14,San Benito,069,59416,5963,5960,108,6068,62
2021-04-14,San Bernardino,071,2135413,290787,289078,8782,297860,4523
2021-04-14,San Diego,073,3302833,274950,273969,14074,288043,3648
2021-04-14,San Francisco,075,870044,35873,35898,1214,37112,510
2021-04-14,San Joaquin,077,732212,71000,70095,3273,73368,1288
2021-04-14,San Luis Obispo,079,281455,20905,20561,664,21225,253
2021-04-14,San Mateo,081,765935,41426,40982,437,41419,352
2021-04-14,Santa Barbara,083,443738,33868,33650,1094,34744,445
2021-04-14,Santa Clara,085,1922200,116214,116488,676,117164,1922
2021-04-14,Santa Cruz,087,273765,16006,15481,789,16270,203
2021-04-14,Shasta,089,179085,11577,11581,1399,12980,190
2021-04-14,Sierra,091,2930,55,51,12,63,0
2021-04-14,Siskiyou,093,43540,1628,1518,274,1792,10
2021-04-14,Solano,095,438530,31537,31357,446,31803,239
2021-04-14,Sonoma,097,501317,29452,29572,293,29865,311
2021-04-14,Stanislaus,099,539301,54207,53836,5654,59490,727
2021-04-14,Sutter,101,95872,9220,9230,80,9310,106
2021-04-14,Tehama,103,63373,4892,4853,527,5380,52
2021-04-14,Trinity,105,12862,482,326,81,407,3
2021-04-14,Tulare,107,460477,49536,48527,8563,57090,827
2021-04-14,Tuolumne,109,53932,3955,3997,39,4036,57
2021-04-14,Ventura,111,848112,80426,79891,2882,82773,986
2021-04-14,Yolo,113,214977,13561,13530,181,13711,198
2021-04-14,Yuba,115,75493,5821,5778,113,5891,44
2021-04-13,Alameda,001,1643700,85256,84921,1812,86733,1239
2021-04-13,Alpine,003,1148,85,85,0,85,0
2021-04-13,Amador,005,37829,3617,3609,32,3641,46
2021-04-13,Butte,007,227075,11880,11497,1691,13188,196
2021-04-13,Calaveras,009,45235,2043,2035,11,2046,50
2021-04-13,Colusa,011,21464,1906,1905,280,2185,14
2021-04-13,Contra Costa,013,1133247,67044,66304,1153,67457,778
2021-04-13,Del Norte,015,27424,1263,1221,11,1232,6
2021-04-13,El Dorado,017,186661,9719,9609,667,10276,106
2021-04-13,Fresno,019,978130,100830,100357,8321,108678,1636
2021-04-13,Glenn,021,27897,2373,2351,532,2883,17
2021-04-13,Humboldt,023,135768,3577,3540,26,3566,35
2021-04-13,Imperial,025,180216,28012,27887,2586,30473,718
2021-04-13,Inyo,027,18085,1392,1391,10,1401,36
2021-04-13,Kern,029,883053,96009,94908,10356,105264,1285
2021-04-13,Kings,031,150075,22861,22636,1029,23665,243
2021-04-13,Lake,033,64148,3420,3390,9,3399,43
2021-04-13,Lassen,035,31185,5159,5147,103,5250,1
2021-04-13,Los Angeles,037,10098052,1196196,1186482,39924,1226406,23526
2021-04-13,Madera,039,155013,16343,16207,901,17108,231
2021-04-13,Marin,041,260295,13819,13760,226,13986,224
2021-04-13,Mariposa,043,17540,404,394,6,400,5
2021-04-13,Mendocino,045,87422,3786,3702,74,3776,46
2021-04-13,Merced,047,269075,30241,30276,995,31271,435
2021-04-13,Modoc,049,8938,365,355,120,475,3
2021-04-13,Mono,051,14174,1241,1251,16,1267,3
2021-04-13,Monterey,053,433212,42752,42577,1783,44360,347
2021-04-13,Napa,055,140530,9664,9627,32,9659,79
2021-04-13,Nevada,057,99092,4481,4415,182,4597,69
2021-04-13,Orange,059,3164182,252877,251491,10885,262376,4836
2021-04-13,Placer,061,380077,22233,21534,1344,22878,280
2021-04-13,Plumas,063,18699,677,665,10,675,4
2021-04-13,Riverside,065,2383286,291173,285505,13623,299128,4348
2021-04-13,Sacramento,067,1510023,101327,100551,1502,102053,1569
2021-04-13,San Benito,069,59416,5960,5946,108,6054,62
2021-04-13,San Bernardino,071,2135413,290671,288929,8776,297705,4521
2021-04-13,San Diego,073,3302833,274696,273709,14039,287748,3623
2021-04-13,San Francisco,075,870044,35837,35869,1210,37079,506
2021-04-13,San Joaquin,077,732212,70892,70034,3265,73299,1288
2021-04-13,San Luis Obispo,079,281455,20878,20536,654,21190,253
2021-04-13,San Mateo,081,765935,41381,40955,437,41392,353
2021-04-13,Santa Barbara,083,443738,33845,33613,1091,34704,444
2021-04-13,Santa Clara,085,1922200,116085,116363,675,117038,1923
2021-04-13,Santa Cruz,087,273765,15999,15449,789,16238,203
2021-04-13,Shasta,089,179085,11557,11536,1396,12932,189
2021-04-13,Sierra,091,2930,55,51,12,63,0
2021-04-13,Siskiyou,093,43540,1620,1511,271,1782,10
2021-04-13,Solano,095,438530,31488,31335,442,31777,239
2021-04-13,Sonoma,097,501317,29444,29544,292,29836,311
2021-04-13,Stanislaus,099,539301,54135,53797,5645,59442,722
2021-04-13,Sutter,101,95872,9216,9226,80,9306,106
2021-04-13,Tehama,103,63373,4885,4850,524,5374,52
2021-04-13,Trinity,105,12862,482,326,81,407,3
2021-04-13,Tulare,107,460477,49523,48511,8560,57071,825
2021-04-13,Tuolumne,109,53932,3953,3995,39,4034,57
2021-04-13,Ventura,111,848112,80394,79854,2880,82734,986
2021-04-13,Yolo,113,214977,13549,13516,180,13696,198
2021-04-13,Yuba,115,75493,5812,5776,113,5889,44
2021-04-12,Alameda,001,1643700,85154,84817,1810,86627,1238
2021-04-12,Alpine,003,1148,85,85,0,85,0
2021-04-12,Amador,005,37829,3616,3607,32,3639,46
2021-04-12,Butte,007,227075,11865,11488,1687,13175,193
2021-04-12,Calaveras,009,45235,2039,2033,11,2044,50
2021-04-12,Colusa,011,21464,1904,1904,278,2182,14
2021-04-12,Contra Costa,013,1133247,66964,66176,1153,67329,777
2021-04-12,Del Norte,015,27424,1260,1216,11,1227,6
2021-04-12,El Dorado,017,186661,9702,9588,665,10253,106
2021-04-12,Fresno,019,978130,100769,100277,8298,108575,1633
2021-04-12,Glenn,021,27897,2372,2349,532,2881,17
2021-04-12,Humboldt,023,135768,3563,3533,25,3558,35
2021-04-12,Imperial,025,180216,27982,27851,2582,30433,717
2021-04-12,Inyo,027,18085,1392,1390,10,1400,36
2021-04-12,Kern,029,883053,95972,94861,10346,105207,1283
2021-04-12,Kings,031,150075,22853,22621,1028,23649,241
2021-04-12,Lake,033,64148,3416,3380,9,3389,43
2021-04-12,Lassen,035,31185,5158,5147,103,5250,1
2021-04-12,Los Angeles,037,10098052,1195692,1186145,39887,1226032,23505
2021-04-12,Madera,039,155013,16331,16174,899,17073,231
2021-04-12,Marin,041,260295,13806,13751,224,13975,224
2021-04-12,Mariposa,043,17540,403,394,6,400,5
2021-04-12,Mendocino,045,87422,3785,3699,74,3773,46
2021-04-12,Merced,047,269075,30210,30261,992,31253,435
2021-04-12,Modoc,049,8938,363,352,120,472,3
2021-04-12,Mono,051,14174,1241,1251,16,1267,3
2021-04-12,Monterey,053,433212,42738,42555,1781,44336,346
2021-04-12,Napa,055,140530,9650,9603,32,9635,80
2021-04-12,Nevada,057,99092,4470,4408,182,4590,69
2021-04-12,Orange,059,3164182,252790,251350,10864,262214,4826
2021-04-12,Placer,061,380077,22182,21475,1341,22816,278
2021-04-12,Plumas,063,18699,675,666,10,676,4
2021-04-12,Riverside,065,2383286,291062,285361,13617,298978,4336
2021-04-12,Sacramento,067,1510023,101153,100394,1497,101891,1566
2021-04-12,San Benito,069,59416,5952,5942,107,6049,62
2021-04-12,San Bernardino,071,2135413,290564,288736,8764,297500,4493
2021-04-12,San Diego,073,3302833,274435,273431,14010,287441,3621
2021-04-12,San Francisco,075,870044,35803,35841,1209,37050,506
2021-04-12,San Joaquin,077,732212,70820,69968,3258,73226,1288
2021-04-12,San Luis Obispo,079,281455,20833,20515,641,21156,253
2021-04-12,San Mateo,081,765935,41339,40920,433,41353,353
2021-04-12,Santa Barbara,083,443738,33813,33606,1091,34697,444
2021-04-12,Santa Clara,085,1922200,115957,116252,673,116925,1923
2021-04-12,Santa Cruz,087,273765,15979,15406,789,16195,203
2021-04-12,Shasta,089,179085,11540,11509,1392,12901,189
2021-04-12,Sierra,091,2930,55,51,12,63,0
2021-04-12,Siskiyou,093,43540,1609,1511,268,1779,7
2021-04-12,Solano,095,438530,31446,31305,439,31744,238
2021-04-12,Sonoma,097,501317,29416,29500,292,29792,310
2021-04-12,Stanislaus,099,539301,54069,53722,5638,59360,707
2021-04-12,Sutter,101,95872,9205,9221,80,9301,106
2021-04-12,Tehama,103,63373,4876,4834,520,5354,52
2021-04-12,Trinity,105,12862,482,324,81,405,3
2021-04-12,Tulare,107,460477,49503,48495,8550,57045,824
2021-04-12,Tuolumne,109,53932,3949,3993,39,4032,57
2021-04-12,Ventura,111,848112,80361,79818,2878,82696,985
2021-04-12,Yolo,113,214977,13535,13510,179,13689,198
2021-04-12,Yuba,115,75493,5806,5773,113,5886,43
2021-04-11,Alameda,001,1643700,85017,84756,1805,86561,1238
2021-04-11,Alpine,003,1148,85,85,0,85,0
2021-04-11,Amador,005,37829,3614,3605,32,3637,46
2021-04-11,Butte,007,227075,11830,11487,1683,13170,193
2021-04-11,Calaveras,009,45235,2035,2036,11,2047,50
2021-04-11,Colusa,011,21464,1903,1904,277,2181,14
2021-04-11,Contra Costa,013,1133247,66855,66107,1151,67258,777
2021-04-11,Del Norte,015,27424,1254,1214,11,1225,6
2021-04-11,El Dorado,017,186661,9688,9575,662,10237,106
2021-04-11,Fresno,019,978130,100701,100230,8288,108518,1633
2021-04-11,Glenn,021,27897,2368,2348,532,2880,17
2021-04-11,Humboldt,023,135768,3553,3523,25,3548,35
2021-04-11,Imperial,025,180216,27958,27841,2580,30421,717
2021-04-11,Inyo,027,18085,1392,1390,10,1400,36
2021-04-11,Kern,029,883053,95911,94830,10338,105168,1283
2021-04-11,Kings,031,150075,22844,22618,1025,23643,241
2021-04-11,Lake,033,64148,3412,3377,9,3386,43
2021-04-11,Lassen,035,31185,5154,5147,103,5250,1
2021-04-11,Los Angeles,037,10098052,1195180,1185757,39845,1225602,23503
2021-04-11,Madera,039,155013,16312,16166,898,17064,231
2021-04-11,Marin,041,260295,13799,13741,223,13964,226
2021-04-11,Mariposa,043,17540,403,394,6,400,5
2021-04-11,Mendocino,045,87422,3783,3696,74,3770,46
2021-04-11,Merced,047,269075,30172,30249,991,31240,435
2021-04-11,Modoc,049,8938,362,352,118,470,3
2021-04-11,Mono,051,14174,1240,1250,16,1266,3
2021-04-11,Monterey,053,433212,42732,42547,1774,44321,346
2021-04-11,Napa,055,140530,9639,9592,32,9624,80
2021-04-11,Nevada,057,99092,4456,4394,182,4576,69
2021-04-11,Orange,059,3164182,252663,251233,10853,262086,4826
2021-04-11,Placer,061,380077,22125,21458,1336,22794,278
2021-04-11,Plumas,063,18699,675,666,10,676,4
2021-04-11,Riverside,065,2383286,290928,285269,13607,298876,4336
2021-04-11,Sacramento,067,1510023,100983,100296,1485,101781,1566
2021-04-11,San Benito,069,59416,5944,5941,106,6047,62
2021-04-11,San Bernardino,071,2135413,290457,288686,8758,297444,4492
2021-04-11,San Diego,073,3302833,274137,273287,13951,287238,3621
2021-04-11,San Francisco,075,870044,35767,35815,1206,37021,498
2021-04-11,San Joaquin,077,732212,70734,69939,3247,73186,1288
2021-04-11,San Luis Obispo,079,281455,20807,20501,638,21139,253
2021-04-11,San Mateo,081,765935,41281,40901,432,41333,353
2021-04-11,Santa Barbara,083,443738,33778,33591,1090,34681,444
2021-04-11,Santa Clara,085,1922200,115821,116161,670,116831,1923
2021-04-11,Santa Cruz,087,273765,15967,15382,789,16171,203
2021-04-11,Shasta,089,179085,11496,11504,1391,12895,189
2021-04-11,Sierra,091,2930,55,51,12,63,0
2021-04-11,Siskiyou,093,43540,1602,1509,265,1774,7
2021-04-11,Solano,095,438530,31393,31268,435,31703,238
2021-04-11,Sonoma,097,501317,29390,29496,288,29784,310
2021-04-11,Stanislaus,099,539301,53986,53683,5629,59312,707
2021-04-11,Sutter,101,95872,9196,9222,80,9302,106
2021-04-11,Tehama,103,63373,4873,4832,519,5351,52
2021-04-11,Trinity,105,12862,482,324,81,405,3
2021-04-11,Tulare,107,460477,49489,48479,8543,57022,824
2021-04-11,Tuolumne,109,53932,3947,3993,39,4032,57
2021-04-11,Ventura,111,848112,80313,79800,2873,82673,985
2021-04-11,Yolo,113,214977,13515,13496,177,13673,198
2021-04-11,Yuba,115,75493,5796,5768,113,5881,43
2021-04-10,Alameda,001,1643700,84953,84626,1805,86431,1238
2021-04-10,Alpine,003,1148,85,85,0,85,0
2021-04-10,Amador,005,37829,3612,3603,32,3635,46
2021-04-10,Butte,007,227075,11819,11482,1682,13164,193
2021-04-10,Calaveras,009,45235,2033,2032,11,2043,50
2021-04-10,Colusa,011,21464,1903,1902,277,2179,14
2021-04-10,Contra Costa,013,1133247,66794,66001,1148,67149,778
2021-04-10,Del Norte,015,27424,1251,1212,11,1223,6
2021-04-10,El Dorado,017,186661,9676,9549,659,10208,106
2021-04-10,Fresno,019,978130,100668,100135,8281,108416,1633
2021-04-10,Glenn,021,27897,2368,2343,532,2875,17
2021-04-10,Humboldt,023,135768,3543,3508,25,3533,35
2021-04-10,Imperial,025,180216,27944,27816,2580,30396,717
2021-04-10,Inyo,027,18085,1392,1387,10,1397,36
2021-04-10,Kern,029,883053,95897,94802,10332,105134,1284
2021-04-10,Kings,031,150075,22840,22614,1023,23637,241
2021-04-10,Lake,033,64148,3407,3368,9,3377,43
2021-04-10,Lassen,035,31185,5154,5146,102,5248,1
2021-04-10,Los Angeles,037,10098052,1194905,1185246,39828,1225074,23493
2021-04-10,Madera,039,155013,16304,16143,897,17040,231
2021-04-10,Marin,041,260295,13794,13731,223,13954,226
2021-04-10,Mariposa,043,17540,400,393,6,399,5
2021-04-10,Mendocino,045,87422,3781,3696,74,3770,46
2021-04-10,Merced,047,269075,30152,30225,990,31215,435
2021-04-10,Modoc,049,8938,362,352,118,470,3
2021-04-10,Mono,051,14174,1240,1249,16,1265,3
2021-04-10,Monterey,053,433212,42721,42527,1773,44300,346
2021-04-10,Napa,055,140530,9632,9569,32,9601,79
2021-04-10,Nevada,057,99092,4449,4379,182,4561,69
2021-04-10,Orange,059,3164182,252570,251139,10847,261986,4818
2021-04-10,Placer,061,380077,22094,21402,1330,22732,278
2021-04-10,Plumas,063,18699,675,666,10,676,4
2021-04-10,Riverside,065,2383286,290848,285082,13599,298681,4336
2021-04-10,Sacramento,067,1510023,100880,100048,1483,101531,1566
2021-04-10,San Benito,069,59416,5933,5932,105,6037,62
2021-04-10,San Bernardino,071,2135413,290393,288590,8751,297341,4489
2021-04-10,San Diego,073,3302833,273921,273058,13931,286989,3613
2021-04-10,San Francisco,075,870044,35737,35774,1203,36977,498
2021-04-10,San Joaquin,077,732212,70699,69852,3237,73089,1288
2021-04-10,San Luis Obispo,079,281455,20791,20461,637,21098,253
2021-04-10,San Mateo,081,765935,41248,40878,432,41310,350
2021-04-10,Santa Barbara,083,443738,33750,33541,1088,34629,444
2021-04-10,Santa Clara,085,1922200,115725,116015,669,116684,1923
2021-04-10,Santa Cruz,087,273765,15961,15360,789,16149,203
2021-04-10,Shasta,089,179085,11487,11492,1388,12880,189
2021-04-10,Sierra,091,2930,55,51,12,63,0
2021-04-10,Siskiyou,093,43540,1599,1512,265,1777,7
2021-04-10,Solano,095,438530,31359,31218,431,31649,238
2021-04-10,Sonoma,097,501317,29375,29469,288,29757,310
2021-04-10,Stanislaus,099,539301,53951,53596,5623,59219,707
2021-04-10,Sutter,101,95872,9194,9214,80,9294,106
2021-04-10,Tehama,103,63373,4871,4820,517,5337,52
2021-04-10,Trinity,105,12862,482,324,81,405,3
2021-04-10,Tulare,107,460477,49480,48470,8537,57007,824
2021-04-10,Tuolumne,109,53932,3944,3991,39,4030,57
2021-04-10,Ventura,111,848112,80285,79758,2871,82629,985
2021-04-10,Yolo,113,214977,13507,13494,176,13670,198
2021-04-10,Yuba,115,75493,5793,5757,112,5869,43
2021-04-09,Alameda,001,1643700,84886,84404,1797,86201,1237
2021-04-09,Alpine,003,1148,85,85,0,85,0
2021-04-09,Amador,005,37829,3611,3600,32,3632,46
2021-04-09,Butte,007,227075,11809,11454,1681,13135,193
2021-04-09,Calaveras,009,45235,2032,2028,11,2039,50
2021-04-09,Colusa,011,21464,1903,1898,277,2175,14
2021-04-09,Contra Costa,013,1133247,66701,65857,1142,66999,777
2021-04-09,Del Norte,015,27424,1250,1207,11,1218,6
2021-04-09,El Dorado,017,186661,9654,9528,655,10183,106
2021-04-09,Fresno,019,978130,100634,100027,8276,108303,1630
2021-04-09,Glenn,021,27897,2368,2337,532,2869,17
2021-04-09,Humboldt,023,135768,3534,3496,25,3521,35
2021-04-09,Imperial,025,180216,27929,27764,2578,30342,717
2021-04-09,Inyo,027,18085,1391,1386,10,1396,36
2021-04-09,Kern,029,883053,95859,94675,10330,105005,1282
2021-04-09,Kings,031,150075,22831,22595,1020,23615,242
2021-04-09,Lake,033,64148,3403,3362,9,3371,43
2021-04-09,Lassen,035,31185,5154,5140,102,5242,1
2021-04-09,Los Angeles,037,10098052,1194536,1184501,39800,1224301,23458
2021-04-09,Madera,039,155013,16301,16118,897,17015,231
2021-04-09,Marin,041,260295,13787,13721,223,13944,226
2021-04-09,Mariposa,043,17540,400,393,6,399,5
2021-04-09,Mendocino,045,87422,3779,3693,74,3767,46
2021-04-09,Merced,047,269075,30123,30179,989,31168,435
2021-04-09,Modoc,049,8938,361,352,118,470,3
2021-04-09,Mono,051,14174,1240,1247,16,1263,3
2021-04-09,Monterey,053,433212,42712,42481,1769,44250,344
2021-04-09,Napa,055,140530,9613,9574,32,9606,80
2021-04-09,Nevada,057,99092,4441,4373,182,4555,69
2021-04-09,Orange,059,3164182,252496,250852,10842,261694,4813
2021-04-09,Placer,061,380077,22063,21327,1322,22649,278
2021-04-09,Plumas,063,18699,674,666,10,676,4
2021-04-09,Riverside,065,2383286,290765,284562,13593,298155,4325
2021-04-09,Sacramento,067,1510023,100725,99722,1477,101199,1564
2021-04-09,San Benito,069,59416,5928,5925,104,6029,62
2021-04-09,San Bernardino,071,2135413,290324,288000,8748,296748,4467
2021-04-09,San Diego,073,3302833,273723,272697,13889,286586,3600
2021-04-09,San Francisco,075,870044,35696,35716,1198,36914,497
2021-04-09,San Joaquin,077,732212,70635,69675,3225,72900,1281
2021-04-09,San Luis Obispo,079,281455,20776,20427,637,21064,252
2021-04-09,San Mateo,081,765935,41212,40800,431,41231,350
2021-04-09,Santa Barbara,083,443738,33727,33424,1085,34509,444
2021-04-09,Santa Clara,085,1922200,115641,115749,667,116416,1923
2021-04-09,Santa Cruz,087,273765,15956,15331,789,16120,203
2021-04-09,Shasta,089,179085,11477,11478,1385,12863,188
2021-04-09,Sierra,091,2930,55,51,12,63,0
2021-04-09,Siskiyou,093,43540,1596,1510,264,1774,7
2021-04-09,Solano,095,438530,31326,31166,426,31592,238
2021-04-09,Sonoma,097,501317,29362,29433,288,29721,310
2021-04-09,Stanislaus,099,539301,53896,53504,5614,59118,705
2021-04-09,Sutter,101,95872,9187,9201,80,9281,106
2021-04-09,Tehama,103,63373,4865,4806,517,5323,52
2021-04-09,Trinity,105,12862,481,324,81,405,3
2021-04-09,Tulare,107,460477,49476,48430,8531,56961,824
2021-04-09,Tuolumne,109,53932,3943,3986,39,4025,57
2021-04-09,Ventura,111,848112,80257,79698,2871,82569,987
2021-04-09,Yolo,113,214977,13495,13478,174,13652,198
2021-04-09,Yuba,115,75493,5786,5754,112,5866,43
2021-04-08,Alameda,001,1643700,84780,84213,1794,86007,1232
2021-04-08,Alpine,003,1148,85,85,0,85,0
2021-04-08,Amador,005,37829,3607,3595,32,3627,46
2021-04-08,Butte,007,227075,11798,11414,1680,13094,193
2021-04-08,Calaveras,009,45235,2030,2027,11,2038,50
2021-04-08,Colusa,011,21464,1902,1897,277,2174,14
2021-04-08,Contra Costa,013,1133247,66591,65706,1139,66845,775
2021-04-08,Del Norte,015,27424,1244,1201,11,1212,6
2021-04-08,El Dorado,017,186661,9638,9513,650,10163,106
2021-04-08,Fresno,019,978130,100571,99935,8269,108204,1627
2021-04-08,Glenn,021,27897,2367,2337,532,2869,17
2021-04-08,Humboldt,023,135768,3524,3486,25,3511,35
2021-04-08,Imperial,025,180216,27901,27744,2575,30319,713
2021-04-08,Inyo,027,18085,1390,1386,10,1396,36
2021-04-08,Kern,029,883053,95813,94493,10317,104810,1281
2021-04-08,Kings,031,150075,22824,22589,1018,23607,243
2021-04-08,Lake,033,64148,3396,3360,9,3369,43
2021-04-08,Lassen,035,31185,5153,5136,102,5238,1
2021-04-08,Los Angeles,037,10098052,1194037,1184443,39762,1224205,23416
2021-04-08,Madera,039,155013,16289,16103,897,17000,231
2021-04-08,Marin,041,260295,13780,13704,223,13927,226
2021-04-08,Mariposa,043,17540,399,393,6,399,5
2021-04-08,Mendocino,045,87422,3777,3690,74,3764,45
2021-04-08,Merced,047,269075,30101,30163,989,31152,430
2021-04-08,Modoc,049,8938,361,352,118,470,3
2021-04-08,Mono,051,14174,1238,1247,16,1263,3
2021-04-08,Monterey,053,433212,42690,42437,1764,44201,342
2021-04-08,Napa,055,140530,9596,9569,32,9601,80
2021-04-08,Nevada,057,99092,4430,4367,182,4549,69
2021-04-08,Orange,059,3164182,252386,250529,10827,261356,4797
2021-04-08,Placer,061,380077,22021,21258,1313,22571,277
2021-04-08,Plumas,063,18699,674,665,10,675,4
2021-04-08,Riverside,065,2383286,290651,283853,13588,297441,4296
2021-04-08,Sacramento,067,1510023,100586,99319,1466,100785,1561
2021-04-08,San Benito,069,59416,5925,5914,102,6016,62
2021-04-08,San Bernardino,071,2135413,290227,287190,8745,295935,4445
2021-04-08,San Diego,073,3302833,273493,272495,13853,286348,3592
2021-04-08,San Francisco,075,870044,35672,35657,1197,36854,494
2021-04-08,San Joaquin,077,732212,70563,69479,3219,72698,1279
2021-04-08,San Luis Obispo,079,281455,20757,20402,635,21037,252
2021-04-08,San Mateo,081,765935,41172,40749,431,41180,350
2021-04-08,Santa Barbara,083,443738,33703,33309,1084,34393,444
2021-04-08,Santa Clara,085,1922200,115535,115487,666,116153,1905
2021-04-08,Santa Cruz,087,273765,15949,15296,789,16085,203
2021-04-08,Shasta,089,179085,11467,11466,1381,12847,186
2021-04-08,Sierra,091,2930,55,51,12,63,0
2021-04-08,Siskiyou,093,43540,1593,1511,264,1775,7
2021-04-08,Solano,095,438530,31277,31120,426,31546,238
2021-04-08,Sonoma,097,501317,29342,29410,287,29697,310
2021-04-08,Stanislaus,099,539301,53818,53401,5604,59005,706
2021-04-08,Sutter,101,95872,9183,9195,80,9275,106
2021-04-08,Tehama,103,63373,4861,4802,517,5319,52
2021-04-08,Trinity,105,12862,481,324,81,405,3
2021-04-08,Tulare,107,460477,49463,48409,8521,56930,821
2021-04-08,Tuolumne,109,53932,3943,3986,39,4025,57
2021-04-08,Ventura,111,848112,80220,79626,2867,82493,986
2021-04-08,Yolo,113,214977,13486,13468,173,13641,198
2021-04-08,Yuba,115,75493,5782,5743,112,5855,43
2021-04-07,Alameda,001,1643700,84696,84130,1792,85922,1224
2021-04-07,Alpine,003,1148,85,85,0,85,0
2021-04-07,Amador,005,37829,3604,3590,32,3622,46
2021-04-07,Butte,007,227075,11794,11405,1677,13082,193
2021-04-07,Calaveras,009,45235,2029,2022,11,2033,50
2021-04-07,Colusa,011,21464,1898,1894,276,2170,14
2021-04-07,Contra Costa,013,1133247,66505,65619,1138,66757,775
2021-04-07,Del Norte,015,27424,1242,1198,11,1209,6
2021-04-07,El Dorado,017,186661,9617,9500,644,10144,106
2021-04-07,Fresno,019,978130,100506,99865,8258,108123,1627
2021-04-07,Glenn,021,27897,2365,2337,531,2868,17
2021-04-07,Humboldt,023,135768,3511,3484,25,3509,35
2021-04-07,Imperial,025,180216,27877,27704,2569,30273,713
2021-04-07,Inyo,027,18085,1389,1386,10,1396,36
2021-04-07,Kern,029,883053,95777,94456,10302,104758,1275
2021-04-07,Kings,031,150075,22822,22589,1018,23607,243
2021-04-07,Lake,033,64148,3394,3358,9,3367,43
2021-04-07,Lassen,035,31185,5153,5137,102,5239,1
2021-04-07,Los Angeles,037,10098052,1193596,1183862,39742,1223604,23372
2021-04-07,Madera,039,155013,16270,16090,896,16986,231
2021-04-07,Marin,041,260295,13769,13688,222,13910,225
2021-04-07,Mariposa,043,17540,398,391,6,397,5
2021-04-07,Mendocino,045,87422,3776,3691,74,3765,45
2021-04-07,Merced,047,269075,30078,30132,985,31117,430
2021-04-07,Modoc,049,8938,361,351,118,469,3
2021-04-07,Mono,051,14174,1238,1246,16,1262,3
2021-04-07,Monterey,053,433212,42672,42427,1763,44190,341
2021-04-07,Napa,055,140530,9582,9556,32,9588,80
2021-04-07,Nevada,057,99092,4424,4364,182,4546,69
2021-04-07,Orange,059,3164182,252261,250378,10805,261183,4778
2021-04-07,Placer,061,380077,21977,21227,1305,22532,276
2021-04-07,Plumas,063,18699,674,665,10,675,4
2021-04-07,Riverside,065,2383286,290531,283749,13578,297327,4285
2021-04-07,Sacramento,067,1510023,100418,99202,1460,100662,1544
2021-04-07,San Benito,069,59416,5920,5912,101,6013,62
2021-04-07,San Bernardino,071,2135413,290108,286978,8740,295718,4433
2021-04-07,San Diego,073,3302833,273267,272195,13824,286019,3588
2021-04-07,San Francisco,075,870044,35632,35618,1193,36811,493
2021-04-07,San Joaquin,077,732212,70492,69375,3214,72589,1278
2021-04-07,San Luis Obispo,079,281455,20731,20373,632,21005,252
2021-04-07,San Mateo,081,765935,41128,40693,431,41124,350
2021-04-07,Santa Barbara,083,443738,33677,33289,1081,34370,444
2021-04-07,Santa Clara,085,1922200,115403,115311,664,115975,1900
2021-04-07,Santa Cruz,087,273765,15938,15275,789,16064,203
2021-04-07,Shasta,089,179085,11455,11456,1377,12833,184
2021-04-07,Sierra,091,2930,55,51,12,63,0
2021-04-07,Siskiyou,093,43540,1587,1512,263,1775,7
2021-04-07,Solano,095,438530,31226,31097,425,31522,238
2021-04-07,Sonoma,097,501317,29324,29394,286,29680,310
2021-04-07,Stanislaus,099,539301,53750,53344,5594,58938,686
2021-04-07,Sutter,101,95872,9180,9188,80,9268,106
2021-04-07,Tehama,103,63373,4853,4802,515,5317,52
2021-04-07,Trinity,105,12862,481,322,81,403,3
2021-04-07,Tulare,107,460477,49448,48386,8511,56897,820
2021-04-07,Tuolumne,109,53932,3941,3982,39,4021,57
2021-04-07,Ventura,111,848112,80186,79595,2865,82460,986
2021-04-07,Yolo,113,214977,13471,13450,171,13621,198
2021-04-07,Yuba,115,75493,5778,5737,112,5849,43
2021-04-06,Alameda,001,1643700,84583,84091,1789,85880,1223
2021-04-06,Alpine,003,1148,85,85,0,85,0
2021-04-06,Amador,005,37829,3603,3587,32,3619,45
2021-04-06,Butte,007,227075,11779,11396,1675,13071,193
2021-04-06,Calaveras,009,45235,2025,2021,11,2032,50
2021-04-06,Colusa,011,21464,1896,1894,274,2168,14
2021-04-06,Contra Costa,013,1133247,66427,65575,1137,66712,774
2021-04-06,Del Norte,015,27424,1237,1197,11,1208,6
2021-04-06,El Dorado,017,186661,9587,9489,642,10131,106
2021-04-06,Fresno,019,978130,100442,99814,8252,108066,1626
2021-04-06,Glenn,021,27897,2364,2335,530,2865,17
2021-04-06,Humboldt,023,135768,3502,3477,25,3502,35
2021-04-06,Imperial,025,180216,27843,27661,2560,30221,713
2021-04-06,Inyo,027,18085,1389,1379,10,1389,36
2021-04-06,Kern,029,883053,95733,94422,10296,104718,1259
2021-04-06,Kings,031,150075,22816,22587,1018,23605,240
2021-04-06,Lake,033,64148,3391,3358,9,3367,43
2021-04-06,Lassen,035,31185,5151,5137,102,5239,1
2021-04-06,Los Angeles,037,10098052,1193084,1183499,39703,1223202,23323
2021-04-06,Madera,039,155013,16250,16085,891,16976,230
2021-04-06,Marin,041,260295,13760,13675,218,13893,224
2021-04-06,Mariposa,043,17540,398,390,6,396,5
2021-04-06,Mendocino,045,87422,3774,3686,74,3760,45
2021-04-06,Merced,047,269075,30049,30100,980,31080,430
2021-04-06,Modoc,049,8938,360,351,118,469,3
2021-04-06,Mono,051,14174,1238,1246,16,1262,3
2021-04-06,Monterey,053,433212,42663,42412,1762,44174,341
2021-04-06,Napa,055,140530,9563,9509,32,9541,78
2021-04-06,Nevada,057,99092,4414,4356,180,4536,69
2021-04-06,Orange,059,3164182,252152,250304,10792,261096,4771
2021-04-06,Placer,061,380077,21929,21184,1303,22487,276
2021-04-06,Plumas,063,18699,674,665,10,675,4
2021-04-06,Riverside,065,2383286,290350,283622,13567,297189,4264
2021-04-06,Sacramento,067,1510023,100210,99110,1454,100564,1537
2021-04-06,San Benito,069,59416,5911,5907,101,6008,62
2021-04-06,San Bernardino,071,2135413,289995,286792,8730,295522,4428
2021-04-06,San Diego,073,3302833,273005,271867,13796,285663,3585
2021-04-06,San Francisco,075,870044,35589,35572,1193,36765,488
2021-04-06,San Joaquin,077,732212,70409,69316,3202,72518,1278
2021-04-06,San Luis Obispo,079,281455,20709,20350,629,20979,252
2021-04-06,San Mateo,081,765935,41080,40649,430,41079,350
2021-04-06,Santa Barbara,083,443738,33659,33257,1080,34337,443
2021-04-06,Santa Clara,085,1922200,115232,115184,663,115847,1900
2021-04-06,Santa Cruz,087,273765,15928,15252,789,16041,203
2021-04-06,Shasta,089,179085,11434,11443,1375,12818,184
2021-04-06,Sierra,091,2930,55,51,12,63,0
2021-04-06,Siskiyou,093,43540,1583,1510,262,1772,7
2021-04-06,Solano,095,438530,31179,31078,424,31502,237
2021-04-06,Sonoma,097,501317,29299,29386,284,29670,311
2021-04-06,Stanislaus,099,539301,53694,53304,5588,58892,686
2021-04-06,Sutter,101,95872,9170,9179,80,9259,106
2021-04-06,Tehama,103,63373,4844,4798,515,5313,52
2021-04-06,Trinity,105,12862,481,321,81,402,3
2021-04-06,Tulare,107,460477,49405,48372,8507,56879,819
2021-04-06,Tuolumne,109,53932,3941,3981,39,4020,57
2021-04-06,Ventura,111,848112,80149,79556,2863,82419,983
2021-04-06,Yolo,113,214977,13458,13443,170,13613,198
2021-04-06,Yuba,115,75493,5774,5733,111,5844,43
2021-04-05,Alameda,001,1643700,84467,84007,1785,85792,1219
2021-04-05,Alpine,003,1148,85,85,0,85,0
2021-04-05,Amador,005,37829,3600,3584,32,3616,45
2021-04-05,Butte,007,227075,11764,11384,1675,13059,193
2021-04-05,Calaveras,009,45235,2023,2019,11,2030,50
2021-04-05,Colusa,011,21464,1896,1894,273,2167,14
2021-04-05,Contra Costa,013,1133247,66361,65457,1135,66592,774
2021-04-05,Del Norte,015,27424,1235,1189,11,1200,6
2021-04-05,El Dorado,017,186661,9572,9463,642,10105,106
2021-04-05,Fresno,019,978130,100354,99755,8244,107999,1622
2021-04-05,Glenn,021,27897,2363,2335,530,2865,17
2021-04-05,Humboldt,023,135768,3493,3475,25,3500,35
2021-04-05,Imperial,025,180216,27811,27604,2555,30159,710
2021-04-05,Inyo,027,18085,1386,1377,10,1387,36
2021-04-05,Kern,029,883053,95678,94401,10271,104672,1249
2021-04-05,Kings,031,150075,22812,22580,1018,23598,239
2021-04-05,Lake,033,64148,3383,3359,9,3368,43
2021-04-05,Lassen,035,31185,5151,5138,101,5239,1
2021-04-05,Los Angeles,037,10098052,1192548,1183200,39655,1222855,23302
2021-04-05,Madera,039,155013,16235,16065,890,16955,230
2021-04-05,Marin,041,260295,13746,13666,214,13880,221
2021-04-05,Mariposa,043,17540,398,390,6,396,5
2021-04-05,Mendocino,045,87422,3772,3687,74,3761,45
2021-04-05,Merced,047,269075,30024,30068,978,31046,427
2021-04-05,Modoc,049,8938,358,346,118,464,3
2021-04-05,Mono,051,14174,1238,1246,16,1262,3
2021-04-05,Monterey,053,433212,42650,42396,1758,44154,341
2021-04-05,Napa,055,140530,9540,9492,32,9524,78
2021-04-05,Nevada,057,99092,4403,4346,180,4526,69
2021-04-05,Orange,059,3164182,252037,250177,10768,260945,4759
2021-04-05,Placer,061,380077,21883,21133,1296,22429,276
2021-04-05,Plumas,063,18699,674,666,10,676,4
2021-04-05,Riverside,065,2383286,290213,283549,13555,297104,4237
2021-04-05,Sacramento,067,1510023,100048,98908,1446,100354,1533
2021-04-05,San Benito,069,59416,5905,5904,101,6005,61
2021-04-05,San Bernardino,071,2135413,289885,286597,8727,295324,4425
2021-04-05,San Diego,073,3302833,272756,271655,13755,285410,3583
2021-04-05,San Francisco,075,870044,35558,35538,1193,36731,488
2021-04-05,San Joaquin,077,732212,70320,69214,3193,72407,1268
2021-04-05,San Luis Obispo,079,281455,20672,20333,629,20962,252
2021-04-05,San Mateo,081,765935,41036,40609,429,41038,350
2021-04-05,Santa Barbara,083,443738,33624,33235,1080,34315,443
2021-04-05,Santa Clara,085,1922200,115065,115091,660,115751,1893
2021-04-05,Santa Cruz,087,273765,15921,15228,789,16017,201
2021-04-05,Shasta,089,179085,11413,11435,1372,12807,184
2021-04-05,Sierra,091,2930,55,50,12,62,0
2021-04-05,Siskiyou,093,43540,1580,1509,260,1769,7
2021-04-05,Solano,095,438530,31138,31026,422,31448,237
2021-04-05,Sonoma,097,501317,29267,29361,282,29643,311
2021-04-05,Stanislaus,099,539301,53614,53238,5585,58823,686
2021-04-05,Sutter,101,95872,9163,9169,80,9249,106
2021-04-05,Tehama,103,63373,4838,4794,515,5309,52
2021-04-05,Trinity,105,12862,480,321,81,402,3
2021-04-05,Tulare,107,460477,49393,48356,8500,56856,818
2021-04-05,Tuolumne,109,53932,3940,3980,39,4019,57
2021-04-05,Ventura,111,848112,80118,79549,2860,82409,983
2021-04-05,Yolo,113,214977,13444,13427,169,13596,198
2021-04-05,Yuba,115,75493,5769,5728,110,5838,43
2021-04-04,Alameda,001,1643700,84348,83951,1781,85732,1219
2021-04-04,Alpine,003,1148,85,85,0,85,0
2021-04-04,Amador,005,37829,3594,3582,32,3614,45
2021-04-04,Butte,007,227075,11749,11375,1674,13049,193
2021-04-04,Calaveras,009,45235,2019,2020,11,2031,50
2021-04-04,Colusa,011,21464,1895,1893,273,2166,14
2021-04-04,Contra Costa,013,1133247,66255,65408,1130,66538,774
2021-04-04,Del Norte,015,27424,1227,1186,11,1197,6
2021-04-04,El Dorado,017,186661,9553,9455,639,10094,106
2021-04-04,Fresno,019,978130,100280,99702,8232,107934,1622
2021-04-04,Glenn,021,27897,2360,2335,529,2864,17
2021-04-04,Humboldt,023,135768,3482,3472,25,3497,35
2021-04-04,Imperial,025,180216,27755,27588,2553,30141,710
2021-04-04,Inyo,027,18085,1382,1377,10,1387,36
2021-04-04,Kern,029,883053,95634,94388,10250,104638,1247
2021-04-04,Kings,031,150075,22810,22580,1017,23597,239
2021-04-04,Lake,033,64148,3377,3355,8,3363,43
2021-04-04,Lassen,035,31185,5149,5138,101,5239,1
2021-04-04,Los Angeles,037,10098052,1192004,1182872,39610,1222482,23301
2021-04-04,Madera,039,155013,16209,16052,886,16938,230
2021-04-04,Marin,041,260295,13733,13663,213,13876,221
2021-04-04,Mariposa,043,17540,398,390,6,396,5
2021-04-04,Mendocino,045,87422,3769,3684,74,3758,45
2021-04-04,Merced,047,269075,29981,30048,975,31023,427
2021-04-04,Modoc,049,8938,358,346,118,464,3
2021-04-04,Mono,051,14174,1237,1245,16,1261,3
2021-04-04,Monterey,053,433212,42633,42391,1757,44148,341
2021-04-04,Napa,055,140530,9528,9486,32,9518,78
2021-04-04,Nevada,057,99092,4391,4337,180,4517,69
2021-04-04,Orange,059,3164182,251903,250117,10752,260869,4759
2021-04-04,Placer,061,380077,21836,21104,1278,22382,276
2021-04-04,Plumas,063,18699,674,666,10,676,4
2021-04-04,Riverside,065,2383286,290087,283537,13551,297088,4237
2021-04-04,Sacramento,067,1510023,99849,98821,1437,100258,1531
2021-04-04,San Benito,069,59416,5895,5901,97,5998,61
2021-04-04,San Bernardino,071,2135413,289745,286561,8719,295280,4423
2021-04-04,San Diego,073,3302833,272444,271528,13714,285242,3583
2021-04-04,San Francisco,075,870044,35504,35525,1190,36715,488
2021-04-04,San Joaquin,077,732212,70219,69147,3181,72328,1268
2021-04-04,San Luis Obispo,079,281455,20640,20328,621,20949,252
2021-04-04,San Mateo,081,765935,40993,40587,427,41014,350
2021-04-04,Santa Barbara,083,443738,33588,33213,1080,34293,443
2021-04-04,Santa Clara,085,1922200,114899,114976,653,115629,1893
2021-04-04,Santa Cruz,087,273765,15912,15219,789,16008,201
2021-04-04,Shasta,089,179085,11387,11433,1371,12804,184
2021-04-04,Sierra,091,2930,55,50,12,62,0
2021-04-04,Siskiyou,093,43540,1577,1509,256,1765,7
2021-04-04,Solano,095,438530,31091,31002,420,31422,237
2021-04-04,Sonoma,097,501317,29235,29340,280,29620,311
2021-04-04,Stanislaus,099,539301,53521,53181,5577,58758,686
2021-04-04,Sutter,101,95872,9156,9164,80,9244,106
2021-04-04,Tehama,103,63373,4826,4792,514,5306,52
2021-04-04,Trinity,105,12862,478,321,81,402,3
2021-04-04,Tulare,107,460477,49379,48343,8492,56835,818
2021-04-04,Tuolumne,109,53932,3932,3980,39,4019,57
2021-04-04,Ventura,111,848112,80075,79526,2858,82384,983
2021-04-04,Yolo,113,214977,13423,13425,168,13593,198
2021-04-04,Yuba,115,75493,5762,5722,110,5832,43
2021-04-03,Alameda,001,1643700,84281,83861,1779,85640,1218
2021-04-03,Alpine,003,1148,85,85,0,85,0
2021-04-03,Amador,005,37829,3591,3577,32,3609,45
2021-04-03,Butte,007,227075,11745,11359,1670,13029,193
2021-04-03,Calaveras,009,45235,2017,2019,11,2030,50
2021-04-03,Colusa,011,21464,1895,1891,273,2164,14
2021-04-03,Contra Costa,013,1133247,66183,65338,1130,66468,774
2021-04-03,Del Norte,015,27424,1222,1183,11,1194,6
2021-04-03,El Dorado,017,186661,9544,9448,638,10086,106
2021-04-03,Fresno,019,978130,100223,99602,8226,107828,1622
2021-04-03,Glenn,021,27897,2359,2334,528,2862,17
2021-04-03,Humboldt,023,135768,3480,3467,25,3492,35
2021-04-03,Imperial,025,180216,27739,27572,2550,30122,710
2021-04-03,Inyo,027,18085,1381,1376,10,1386,36
2021-04-03,Kern,029,883053,95608,94369,10234,104603,1243
2021-04-03,Kings,031,150075,22808,22580,1017,23597,239
2021-04-03,Lake,033,64148,3376,3350,8,3358,43
2021-04-03,Lassen,035,31185,5148,5136,101,5237,1
2021-04-03,Los Angeles,037,10098052,1191697,1182402,39593,1221995,23301
2021-04-03,Madera,039,155013,16200,16051,884,16935,230
2021-04-03,Marin,041,260295,13725,13658,212,13870,221
2021-04-03,Mariposa,043,17540,398,390,5,395,5
2021-04-03,Mendocino,045,87422,3768,3684,74,3758,45
2021-04-03,Merced,047,269075,29966,30031,975,31006,427
2021-04-03,Modoc,049,8938,358,346,118,464,3
2021-04-03,Mono,051,14174,1237,1245,16,1261,3
2021-04-03,Monterey,053,433212,42620,42376,1755,44131,341
2021-04-03,Napa,055,140530,9519,9473,32,9505,78
2021-04-03,Nevada,057,99092,4387,4323,180,4503,69
2021-04-03,Orange,059,3164182,251822,249982,10734,260716,4755
2021-04-03,Placer,061,380077,21805,21060,1274,22334,276
2021-04-03,Plumas,063,18699,674,666,10,676,4
2021-04-03,Riverside,065,2383286,290009,283423,13548,296971,4237
2021-04-03,Sacramento,067,1510023,99741,98660,1431,100091,1531
2021-04-03,San Benito,069,59416,5892,5893,96,5989,61
2021-04-03,San Bernardino,071,2135413,289681,286473,8713,295186,4422
2021-04-03,San Diego,073,3302833,272275,271335,13697,285032,3571
2021-04-03,San Francisco,075,870044,35485,35488,1188,36676,489
2021-04-03,San Joaquin,077,732212,70178,69100,3165,72265,1268
2021-04-03,San Luis Obispo,079,281455,20621,20301,621,20922,252
2021-04-03,San Mateo,081,765935,40968,40560,427,40987,350
2021-04-03,Santa Barbara,083,443738,33562,33172,1079,34251,443
2021-04-03,Santa Clara,085,1922200,114791,114865,651,115516,1893
2021-04-03,Santa Cruz,087,273765,15905,15205,789,15994,201
2021-04-03,Shasta,089,179085,11379,11418,1371,12789,184
2021-04-03,Sierra,091,2930,55,50,12,62,0
2021-04-03,Siskiyou,093,43540,1576,1509,256,1765,7
2021-04-03,Solano,095,438530,31070,30970,417,31387,237
2021-04-03,Sonoma,097,501317,29219,29315,279,29594,311
2021-04-03,Stanislaus,099,539301,53486,53137,5571,58708,686
2021-04-03,Sutter,101,95872,9150,9158,80,9238,106
2021-04-03,Tehama,103,63373,4818,4788,514,5302,52
2021-04-03,Trinity,105,12862,478,321,81,402,3
2021-04-03,Tulare,107,460477,49369,48327,8488,56815,818
2021-04-03,Tuolumne,109,53932,3932,3980,39,4019,57
2021-04-03,Ventura,111,848112,80054,79489,2856,82345,983
2021-04-03,Yolo,113,214977,13417,13414,168,13582,198
2021-04-03,Yuba,115,75493,5756,5716,110,5826,43
2021-04-02,Alameda,001,1643700,84207,83776,1776,85552,1217
2021-04-02,Alpine,003,1148,85,85,0,85,0
2021-04-02,Amador,005,37829,3587,3573,31,3604,45
2021-04-02,Butte,007,227075,11736,11350,1670,13020,193
2021-04-02,Calaveras,009,45235,2015,2010,11,2021,50
2021-04-02,Colusa,011,21464,1895,1891,273,2164,14
2021-04-02,Contra Costa,013,1133247,66119,65299,1129,66428,774
2021-04-02,Del Norte,015,27424,1219,1174,11,1185,6
2021-04-02,El Dorado,017,186661,9531,9437,635,10072,106
2021-04-02,Fresno,019,978130,100169,99551,8215,107766,1620
2021-04-02,Glenn,021,27897,2359,2331,528,2859,17
2021-04-02,Humboldt,023,135768,3476,3465,25,3490,35
2021-04-02,Imperial,025,180216,27727,27553,2544,30097,710
2021-04-02,Inyo,027,18085,1381,1377,10,1387,36
2021-04-02,Kern,029,883053,95590,94348,10231,104579,1233
2021-04-02,Kings,031,150075,22808,22571,1014,23585,239
2021-04-02,Lake,033,64148,3374,3348,8,3356,43
2021-04-02,Lassen,035,31185,5148,5134,101,5235,1
2021-04-02,Los Angeles,037,10098052,1191386,1181682,39572,1221254,23264
2021-04-02,Madera,039,155013,16191,16036,883,16919,230
2021-04-02,Marin,041,260295,13717,13649,212,13861,221
2021-04-02,Mariposa,043,17540,396,390,5,395,5
2021-04-02,Mendocino,045,87422,3765,3682,74,3756,45
2021-04-02,Merced,047,269075,29941,29998,975,30973,426
2021-04-02,Modoc,049,8938,355,346,118,464,3
2021-04-02,Mono,051,14174,1237,1246,16,1262,3
2021-04-02,Monterey,053,433212,42610,42359,1752,44111,341
2021-04-02,Napa,055,140530,9504,9453,32,9485,78
2021-04-02,Nevada,057,99092,4383,4323,180,4503,69
2021-04-02,Orange,059,3164182,251726,249891,10722,260613,4748
2021-04-02,Placer,061,380077,21769,21035,1268,22303,275
2021-04-02,Plumas,063,18699,674,666,10,676,4
2021-04-02,Riverside,065,2383286,289923,283328,13539,296867,4213
2021-04-02,Sacramento,067,1510023,99634,98648,1424,100072,1527
2021-04-02,San Benito,069,59416,5890,5888,94,5982,61
2021-04-02,San Bernardino,071,2135413,289608,286308,8709,295017,4417
2021-04-02,San Diego,073,3302833,272088,271036,13671,284707,3568
2021-04-02,San Francisco,075,870044,35450,35451,1186,36637,488
2021-04-02,San Joaquin,077,732212,70113,68996,3150,72146,1268
2021-04-02,San Luis Obispo,079,281455,20604,20271,620,20891,252
2021-04-02,San Mateo,081,765935,40926,40514,427,40941,350
2021-04-02,Santa Barbara,083,443738,33534,33145,1079,34224,443
2021-04-02,Santa Clara,085,1922200,114680,114777,649,115426,1882
2021-04-02,Santa Cruz,087,273765,15897,15216,789,16005,202
2021-04-02,Shasta,089,179085,11374,11377,1364,12741,181
2021-04-02,Sierra,091,2930,55,50,12,62,0
2021-04-02,Siskiyou,093,43540,1576,1508,255,1763,7
2021-04-02,Solano,095,438530,31041,30951,414,31365,237
2021-04-02,Sonoma,097,501317,29198,29288,278,29566,311
2021-04-02,Stanislaus,099,539301,53441,53073,5565,58638,687
2021-04-02,Sutter,101,95872,9142,9131,80,9211,106
2021-04-02,Tehama,103,63373,4811,4775,513,5288,52
2021-04-02,Trinity,105,12862,478,320,81,401,3
2021-04-02,Tulare,107,460477,49363,48306,8482,56788,818
2021-04-02,Tuolumne,109,53932,3929,3980,39,4019,57
2021-04-02,Ventura,111,848112,80027,79434,2854,82288,982
2021-04-02,Yolo,113,214977,13407,13381,168,13549,197
2021-04-02,Yuba,115,75493,5752,5709,110,5819,44
2021-04-01,Alameda,001,1643700,84128,83574,1771,85345,1216
2021-04-01,Alpine,003,1148,85,85,0,85,0
2021-04-01,Amador,005,37829,3583,3558,31,3589,45
2021-04-01,Butte,007,227075,11718,11328,1668,12996,193
2021-04-01,Calaveras,009,45235,2012,2006,11,2017,50
2021-04-01,Colusa,011,21464,1892,1890,273,2163,14
2021-04-01,Contra Costa,013,1133247,66059,65176,1127,66303,771
2021-04-01,Del Norte,015,27424,1214,1138,11,1149,6
2021-04-01,El Dorado,017,186661,9522,9393,631,10024,106
2021-04-01,Fresno,019,978130,100116,99317,8207,107524,1616
2021-04-01,Glenn,021,27897,2359,2322,527,2849,17
2021-04-01,Humboldt,023,135768,3472,3464,25,3489,35
2021-04-01,Imperial,025,180216,27697,27520,2539,30059,710
2021-04-01,Inyo,027,18085,1380,1374,10,1384,36
2021-04-01,Kern,029,883053,95554,94244,10219,104463,1233
2021-04-01,Kings,031,150075,22801,22560,1013,23573,239
2021-04-01,Lake,033,64148,3369,3337,8,3345,43
2021-04-01,Lassen,035,31185,5147,5132,101,5233,1
2021-04-01,Los Angeles,037,10098052,1190892,1181101,39543,1220644,23220
2021-04-01,Madera,039,155013,16175,16023,883,16906,230
2021-04-01,Marin,041,260295,13707,13635,212,13847,221
2021-04-01,Mariposa,043,17540,394,389,5,394,5
2021-04-01,Mendocino,045,87422,3765,3680,74,3754,45
2021-04-01,Merced,047,269075,29908,29820,975,30795,425
2021-04-01,Modoc,049,8938,354,346,118,464,3
2021-04-01,Mono,051,14174,1237,1245,16,1261,3
2021-04-01,Monterey,053,433212,42602,42324,1750,44074,339
2021-04-01,Napa,055,140530,9492,9410,32,9442,78
2021-04-01,Nevada,057,99092,4373,4288,179,4467,68
2021-04-01,Orange,059,3164182,251606,249617,10705,260322,4742
2021-04-01,Placer,061,380077,21730,20909,1256,22165,274
2021-04-01,Plumas,063,18699,674,664,10,674,4
2021-04-01,Riverside,065,2383286,289818,283128,13536,296664,4193
2021-04-01,Sacramento,067,1510023,99490,97952,1411,99363,1521
2021-04-01,San Benito,069,59416,5882,5878,93,5971,61
2021-04-01,San Bernardino,071,2135413,289492,286086,8700,294786,4404
2021-04-01,San Diego,073,3302833,271865,270540,13641,284181,3555
2021-04-01,San Francisco,075,870044,35429,35386,1183,36569,488
2021-04-01,San Joaquin,077,732212,70031,68802,3142,71944,1262
2021-04-01,San Luis Obispo,079,281455,20575,20235,619,20854,252
2021-04-01,San Mateo,081,765935,40885,40454,427,40881,350
2021-04-01,Santa Barbara,083,443738,33487,33096,1074,34170,443
2021-04-01,Santa Clara,085,1922200,114567,114606,648,115254,1874
2021-04-01,Santa Cruz,087,273765,15882,15271,789,16060,202
2021-04-01,Shasta,089,179085,11359,11355,1359,12714,181
2021-04-01,Sierra,091,2930,55,50,12,62,0
2021-04-01,Siskiyou,093,43540,1574,1507,254,1761,7
2021-04-01,Solano,095,438530,31008,30850,411,31261,237
2021-04-01,Sonoma,097,501317,29167,29241,271,29512,311
2021-04-01,Stanislaus,099,539301,53379,52825,5559,58384,687
2021-04-01,Sutter,101,95872,9130,9105,80,9185,106
2021-04-01,Tehama,103,63373,4805,4764,510,5274,52
2021-04-01,Trinity,105,12862,478,319,81,400,3
2021-04-01,Tulare,107,460477,49340,48279,8472,56751,817
2021-04-01,Tuolumne,109,53932,3927,3978,39,4017,57
2021-04-01,Ventura,111,848112,80003,79369,2853,82222,977
2021-04-01,Yolo,113,214977,13394,13342,168,13510,197
2021-04-01,Yuba,115,75493,5747,5694,110,5804,44
2021-03-31,Alameda,001,1643700,84046,83475,1766,85241,1215
2021-03-31,Alpine,003,1148,85,85,0,85,0
2021-03-31,Amador,005,37829,3580,3556,31,3587,45
2021-03-31,Butte,007,227075,11708,11321,1665,12986,193
2021-03-31,Calaveras,009,45235,2010,2005,11,2016,50
2021-03-31,Colusa,011,21464,1892,1890,273,2163,14
2021-03-31,Contra Costa,013,1133247,65974,65109,1126,66235,769
2021-03-31,Del Norte,015,27424,1205,1129,11,1140,6
2021-03-31,El Dorado,017,186661,9505,9390,631,10021,106
2021-03-31,Fresno,019,978130,100023,99240,8191,107431,1616
2021-03-31,Glenn,021,27897,2355,2318,525,2843,17
2021-03-31,Humboldt,023,135768,3466,3460,25,3485,35
2021-03-31,Imperial,025,180216,27677,27506,2538,30044,710
2021-03-31,Inyo,027,18085,1377,1373,9,1382,35
2021-03-31,Kern,029,883053,95511,94205,10210,104415,1229
2021-03-31,Kings,031,150075,22798,22540,1013,23553,239
2021-03-31,Lake,033,64148,3365,3332,8,3340,43
2021-03-31,Lassen,035,31185,5143,5132,101,5233,1
2021-03-31,Los Angeles,037,10098052,1190422,1180538,39505,1220043,23171
2021-03-31,Madera,039,155013,16161,16015,882,16897,229
2021-03-31,Marin,041,260295,13696,13624,212,13836,221
2021-03-31,Mariposa,043,17540,394,389,5,394,5
2021-03-31,Mendocino,045,87422,3759,3675,74,3749,45
2021-03-31,Merced,047,269075,29879,29780,975,30755,423
2021-03-31,Modoc,049,8938,354,346,118,464,3
2021-03-31,Mono,051,14174,1237,1245,16,1261,3
2021-03-31,Monterey,053,433212,42585,42309,1748,44057,338
2021-03-31,Napa,055,140530,9474,9401,32,9433,78
2021-03-31,Nevada,057,99092,4367,4283,179,4462,68
2021-03-31,Orange,059,3164182,251495,249518,10690,260208,4731
2021-03-31,Placer,061,380077,21680,20885,1249,22134,271
2021-03-31,Plumas,063,18699,673,663,10,673,4
2021-03-31,Riverside,065,2383286,289716,283006,13526,296532,4171
2021-03-31,Sacramento,067,1510023,99315,97760,1404,99164,1519
2021-03-31,San Benito,069,59416,5872,5875,93,5968,61
2021-03-31,San Bernardino,071,2135413,289398,285916,8697,294613,4356
2021-03-31,San Diego,073,3302833,271633,270288,13606,283894,3555
2021-03-31,San Francisco,075,870044,35384,35347,1182,36529,474
2021-03-31,San Joaquin,077,732212,69942,68685,3126,71811,1259
2021-03-31,San Luis Obispo,079,281455,20553,20215,618,20833,251
2021-03-31,San Mateo,081,765935,40855,40423,427,40850,350
2021-03-31,Santa Barbara,083,443738,33455,33052,1072,34124,443
2021-03-31,Santa Clara,085,1922200,114440,114499,648,115147,1874
2021-03-31,Santa Cruz,087,273765,15869,15295,788,16083,201
2021-03-31,Shasta,089,179085,11347,11327,1351,12678,179
2021-03-31,Sierra,091,2930,55,50,12,62,0
2021-03-31,Siskiyou,093,43540,1573,1505,254,1759,7
2021-03-31,Solano,095,438530,30962,30824,410,31234,235
2021-03-31,Sonoma,097,501317,29140,29216,271,29487,311
2021-03-31,Stanislaus,099,539301,53311,52782,5547,58329,687
2021-03-31,Sutter,101,95872,9119,9111,80,9191,106
2021-03-31,Tehama,103,63373,4800,4762,508,5270,52
2021-03-31,Trinity,105,12862,478,319,81,400,3
2021-03-31,Tulare,107,460477,49320,48261,8456,56717,816
2021-03-31,Tuolumne,109,53932,3926,3976,39,4015,57
2021-03-31,Ventura,111,848112,79971,79326,2849,82175,969
2021-03-31,Yolo,113,214977,13377,13359,167,13526,197
2021-03-31,Yuba,115,75493,5740,5686,110,5796,44
2021-03-30,Alameda,001,1643700,83946,83395,1763,85158,1211
2021-03-30,Alpine,003,1148,85,85,0,85,0
2021-03-30,Amador,005,37829,3577,3551,31,3582,45
2021-03-30,Butte,007,227075,11696,11296,1662,12958,193
2021-03-30,Calaveras,009,45235,2006,1997,11,2008,50
2021-03-30,Colusa,011,21464,1891,1890,272,2162,14
2021-03-30,Contra Costa,013,1133247,65885,65041,1124,66165,767
2021-03-30,Del Norte,015,27424,1197,1118,10,1128,6
2021-03-30,El Dorado,017,186661,9486,9381,628,10009,105
2021-03-30,Fresno,019,978130,99958,99156,8178,107334,1609
2021-03-30,Glenn,021,27897,2355,2310,524,2834,17
2021-03-30,Humboldt,023,135768,3464,3461,25,3486,35
2021-03-30,Imperial,025,180216,27649,27471,2536,30007,706
2021-03-30,Inyo,027,18085,1377,1374,9,1383,35
2021-03-30,Kern,029,883053,95469,94151,10201,104352,1221
2021-03-30,Kings,031,150075,22794,22530,1011,23541,238
2021-03-30,Lake,033,64148,3359,3330,8,3338,43
2021-03-30,Lassen,035,31185,5143,5132,101,5233,1
2021-03-30,Los Angeles,037,10098052,1189926,1180044,39483,1219527,23136
2021-03-30,Madera,039,155013,16151,16003,878,16881,229
2021-03-30,Marin,041,260295,13687,13611,204,13815,221
2021-03-30,Mariposa,043,17540,394,388,5,393,5
2021-03-30,Mendocino,045,87422,3757,3670,74,3744,45
2021-03-30,Merced,047,269075,29842,29731,975,30706,423
2021-03-30,Modoc,049,8938,353,346,118,464,3
2021-03-30,Mono,051,14174,1236,1245,16,1261,3
2021-03-30,Monterey,053,433212,42559,42308,1746,44054,338
2021-03-30,Napa,055,140530,9459,9391,32,9423,78
2021-03-30,Nevada,057,99092,4355,4266,178,4444,68
2021-03-30,Orange,059,3164182,251366,249412,10663,260075,4727
2021-03-30,Placer,061,380077,21640,20866,1243,22109,271
2021-03-30,Plumas,063,18699,673,661,10,671,4
2021-03-30,Riverside,065,2383286,289591,282930,13517,296447,4154
2021-03-30,Sacramento,067,1510023,99178,97718,1401,99119,1516
2021-03-30,San Benito,069,59416,5866,5870,93,5963,61
2021-03-30,San Bernardino,071,2135413,289289,285758,8688,294446,4343
2021-03-30,San Diego,073,3302833,271394,269998,13568,283566,3555
2021-03-30,San Francisco,075,870044,35334,35325,1181,36506,474
2021-03-30,San Joaquin,077,732212,69854,68613,3116,71729,1232
2021-03-30,San Luis Obispo,079,281455,20533,20194,618,20812,251
2021-03-30,San Mateo,081,765935,40811,40377,427,40804,349
2021-03-30,Santa Barbara,083,443738,33430,33016,1072,34088,441
2021-03-30,Santa Clara,085,1922200,114318,114413,647,115060,1873
2021-03-30,Santa Cruz,087,273765,15863,15278,788,16066,201
2021-03-30,Shasta,089,179085,11339,11316,1350,12666,184
2021-03-30,Sierra,091,2930,55,50,12,62,0
2021-03-30,Siskiyou,093,43540,1572,1501,254,1755,7
2021-03-30,Solano,095,438530,30932,30802,409,31211,232
2021-03-30,Sonoma,097,501317,29108,29198,271,29469,311
2021-03-30,Stanislaus,099,539301,53233,52690,5539,58229,677
2021-03-30,Sutter,101,95872,9115,9107,79,9186,106
2021-03-30,Tehama,103,63373,4791,4748,507,5255,52
2021-03-30,Trinity,105,12862,478,316,81,397,3
2021-03-30,Tulare,107,460477,49305,48249,8447,56696,815
2021-03-30,Tuolumne,109,53932,3921,3972,39,4011,57
2021-03-30,Ventura,111,848112,79927,79282,2846,82128,958
2021-03-30,Yolo,113,214977,13364,13353,167,13520,195
2021-03-30,Yuba,115,75493,5729,5679,104,5783,42
2021-03-29,Alameda,001,1643700,83845,83338,1761,85099,1211
2021-03-29,Alpine,003,1148,85,85,0,85,0
2021-03-29,Amador,005,37829,3571,3549,31,3580,45
2021-03-29,Butte,007,227075,11688,11291,1659,12950,191
2021-03-29,Calaveras,009,45235,2004,1998,11,2009,50
2021-03-29,Colusa,011,21464,1891,1889,271,2160,14
2021-03-29,Contra Costa,013,1133247,65816,64971,1123,66094,767
2021-03-29,Del Norte,015,27424,1192,1116,9,1125,6
2021-03-29,El Dorado,017,186661,9466,9374,623,9997,105
2021-03-29,Fresno,019,978130,99875,99085,8163,107248,1606
2021-03-29,Glenn,021,27897,2348,2310,524,2834,17
2021-03-29,Humboldt,023,135768,3459,3459,25,3484,34
2021-03-29,Imperial,025,180216,27628,27442,2534,29976,704
2021-03-29,Inyo,027,18085,1377,1372,9,1381,35
2021-03-29,Kern,029,883053,95422,94098,10182,104280,1220
2021-03-29,Kings,031,150075,22782,22522,1010,23532,238
2021-03-29,Lake,033,64148,3356,3325,8,3333,43
2021-03-29,Lassen,035,31185,5143,5131,101,5232,1
2021-03-29,Los Angeles,037,10098052,1189429,1179736,39443,1219179,23108
2021-03-29,Madera,039,155013,16131,15987,876,16863,210
2021-03-29,Marin,041,260295,13675,13600,201,13801,220
2021-03-29,Mariposa,043,17540,393,388,5,393,5
2021-03-29,Mendocino,045,87422,3754,3667,74,3741,45
2021-03-29,Merced,047,269075,29818,29699,975,30674,422
2021-03-29,Modoc,049,8938,352,344,118,462,3
2021-03-29,Mono,051,14174,1235,1243,16,1259,3
2021-03-29,Monterey,053,433212,42543,42305,1741,44046,337
2021-03-29,Napa,055,140530,9443,9379,32,9411,78
2021-03-29,Nevada,057,99092,4348,4258,178,4436,68
2021-03-29,Orange,059,3164182,251255,249295,10651,259946,4713
2021-03-29,Placer,061,380077,21605,20827,1236,22063,267
2021-03-29,Plumas,063,18699,672,660,10,670,4
2021-03-29,Riverside,065,2383286,289487,282867,13516,296383,4133
2021-03-29,Sacramento,067,1510023,98984,97577,1393,98970,1514
2021-03-29,San Benito,069,59416,5859,5865,93,5958,61
2021-03-29,San Bernardino,071,2135413,289192,285615,8684,294299,4335
2021-03-29,San Diego,073,3302833,271128,269771,13542,283313,3547
2021-03-29,San Francisco,075,870044,35299,35291,1178,36469,474
2021-03-29,San Joaquin,077,732212,69768,68537,3103,71640,1211
2021-03-29,San Luis Obispo,079,281455,20498,20176,617,20793,250
2021-03-29,San Mateo,081,765935,40769,40357,426,40783,348
2021-03-29,Santa Barbara,083,443738,33396,32983,1071,34054,439
2021-03-29,Santa Clara,085,1922200,114210,114335,642,114977,1871
2021-03-29,Santa Cruz,087,273765,15852,15249,787,16036,201
2021-03-29,Shasta,089,179085,11321,11313,1348,12661,183
2021-03-29,Sierra,091,2930,55,50,12,62,0
2021-03-29,Siskiyou,093,43540,1570,1497,254,1751,6
2021-03-29,Solano,095,438530,30893,30762,407,31169,232
2021-03-29,Sonoma,097,501317,29085,29184,268,29452,310
2021-03-29,Stanislaus,099,539301,53149,52614,5532,58146,677
2021-03-29,Sutter,101,95872,9108,9105,79,9184,106
2021-03-29,Tehama,103,63373,4783,4742,506,5248,52
2021-03-29,Trinity,105,12862,478,314,81,395,3
2021-03-29,Tulare,107,460477,49277,48226,8436,56662,815
2021-03-29,Tuolumne,109,53932,3919,3969,39,4008,57
2021-03-29,Ventura,111,848112,79885,79252,2846,82098,956
2021-03-29,Yolo,113,214977,13345,13346,167,13513,195
2021-03-29,Yuba,115,75493,5722,5671,103,5774,42
2021-03-28,Alameda,001,1643700,83724,83239,1759,84998,1212
2021-03-28,Alpine,003,1148,85,85,0,85,0
2021-03-28,Amador,005,37829,3567,3541,31,3572,45
2021-03-28,Butte,007,227075,11675,11285,1657,12942,191
2021-03-28,Calaveras,009,45235,2002,1995,11,2006,50
2021-03-28,Colusa,011,21464,1890,1889,271,2160,14
2021-03-28,Contra Costa,013,1133247,65742,64878,1119,65997,767
2021-03-28,Del Norte,015,27424,1185,1107,7,1114,6
2021-03-28,El Dorado,017,186661,9451,9371,621,9992,105
2021-03-28,Fresno,019,978130,99793,99004,8151,107155,1606
2021-03-28,Glenn,021,27897,2344,2309,522,2831,17
2021-03-28,Humboldt,023,135768,3456,3452,24,3476,34
2021-03-28,Imperial,025,180216,27601,27426,2531,29957,704
2021-03-28,Inyo,027,18085,1376,1372,9,1381,35
2021-03-28,Kern,029,883053,95377,94084,10171,104255,1219
2021-03-28,Kings,031,150075,22777,22514,1007,23521,238
2021-03-28,Lake,033,64148,3351,3320,8,3328,43
2021-03-28,Lassen,035,31185,5143,5131,100,5231,1
2021-03-28,Los Angeles,037,10098052,1188876,1179316,39385,1218701,23101
2021-03-28,Madera,039,155013,16116,15973,875,16848,210
2021-03-28,Marin,041,260295,13662,13594,199,13793,221
2021-03-28,Mariposa,043,17540,393,388,5,393,5
2021-03-28,Mendocino,045,87422,3752,3666,74,3740,45
2021-03-28,Merced,047,269075,29761,29679,975,30654,422
2021-03-28,Modoc,049,8938,352,344,118,462,3
2021-03-28,Mono,051,14174,1234,1242,16,1258,3
2021-03-28,Monterey,053,433212,42520,42294,1737,44031,337
2021-03-28,Napa,055,140530,9429,9368,32,9400,78
2021-03-28,Nevada,057,99092,4334,4239,178,4417,68
2021-03-28,Orange,059,3164182,251100,249238,10641,259879,4713
2021-03-28,Placer,061,380077,21561,20796,1230,22026,267
2021-03-28,Plumas,063,18699,670,657,10,667,4
2021-03-28,Riverside,065,2383286,289373,282811,13508,296319,4132
2021-03-28,Sacramento,067,1510023,98810,97425,1387,98812,1514
2021-03-28,San Benito,069,59416,5854,5862,93,5955,61
2021-03-28,San Bernardino,071,2135413,289072,285570,8676,294246,4332
2021-03-28,San Diego,073,3302833,270852,269476,13513,282989,3547
2021-03-28,San Francisco,075,870044,35253,35286,1174,36460,474
2021-03-28,San Joaquin,077,732212,69644,68459,3084,71543,1211
2021-03-28,San Luis Obispo,079,281455,20463,20172,614,20786,250
2021-03-28,San Mateo,081,765935,40724,40305,426,40731,348
2021-03-28,Santa Barbara,083,443738,33354,32953,1070,34023,439
2021-03-28,Santa Clara,085,1922200,114110,114232,638,114870,1871
2021-03-28,Santa Cruz,087,273765,15837,15238,786,16024,201
2021-03-28,Shasta,089,179085,11295,11308,1337,12645,183
2021-03-28,Sierra,091,2930,55,50,12,62,0
2021-03-28,Siskiyou,093,43540,1570,1497,253,1750,6
2021-03-28,Solano,095,438530,30856,30719,405,31124,232
2021-03-28,Sonoma,097,501317,29049,29161,266,29427,310
2021-03-28,Stanislaus,099,539301,53061,52567,5519,58086,678
2021-03-28,Sutter,101,95872,9099,9094,79,9173,106
2021-03-28,Tehama,103,63373,4773,4740,504,5244,52
2021-03-28,Trinity,105,12862,476,314,80,394,3
2021-03-28,Tulare,107,460477,49248,48218,8430,56648,815
2021-03-28,Tuolumne,109,53932,3916,3969,38,4007,57
2021-03-28,Ventura,111,848112,79834,79222,2841,82063,956
2021-03-28,Yolo,113,214977,13328,13325,166,13491,194
2021-03-28,Yuba,115,75493,5718,5662,103,5765,42
2021-03-27,Alameda,001,1643700,83653,83169,1755,84924,1211
2021-03-27,Alpine,003,1148,85,85,0,85,0
2021-03-27,Amador,005,37829,3562,3538,31,3569,45
2021-03-27,Butte,007,227075,11668,11278,1656,12934,191
2021-03-27,Calaveras,009,45235,1999,1992,11,2003,50
2021-03-27,Colusa,011,21464,1890,1889,271,2160,14
2021-03-27,Contra Costa,013,1133247,65672,64804,1116,65920,767
2021-03-27,Del Norte,015,27424,1175,1104,7,1111,6
2021-03-27,El Dorado,017,186661,9437,9367,621,9988,105
2021-03-27,Fresno,019,978130,99740,98901,8145,107046,1606
2021-03-27,Glenn,021,27897,2343,2308,522,2830,17
2021-03-27,Humboldt,023,135768,3451,3442,24,3466,34
2021-03-27,Imperial,025,180216,27589,27406,2528,29934,704
2021-03-27,Inyo,027,18085,1374,1372,9,1381,35
2021-03-27,Kern,029,883053,95357,94041,10160,104201,1217
2021-03-27,Kings,031,150075,22774,22502,1007,23509,238
2021-03-27,Lake,033,64148,3349,3317,8,3325,43
2021-03-27,Lassen,035,31185,5143,5129,100,5229,1
2021-03-27,Los Angeles,037,10098052,1188562,1178831,39359,1218190,23103
2021-03-27,Madera,039,155013,16109,15968,873,16841,210
2021-03-27,Marin,041,260295,13657,13579,199,13778,222
2021-03-27,Mariposa,043,17540,393,386,5,391,5
2021-03-27,Mendocino,045,87422,3750,3666,74,3740,45
2021-03-27,Merced,047,269075,29728,29647,973,30620,422
2021-03-27,Modoc,049,8938,352,344,118,462,3
2021-03-27,Mono,051,14174,1232,1241,16,1257,3
2021-03-27,Monterey,053,433212,42510,42271,1737,44008,337
2021-03-27,Napa,055,140530,9417,9360,32,9392,78
2021-03-27,Nevada,057,99092,4324,4231,178,4409,68
2021-03-27,Orange,059,3164182,251005,249160,10625,259785,4698
2021-03-27,Placer,061,380077,21541,20717,1223,21940,267
2021-03-27,Plumas,063,18699,669,655,10,665,4
2021-03-27,Riverside,065,2383286,289311,282707,13500,296207,4132
2021-03-27,Sacramento,067,1510023,98720,97247,1385,98632,1513
2021-03-27,San Benito,069,59416,5852,5862,91,5953,61
2021-03-27,San Bernardino,071,2135413,289010,285480,8675,294155,4325
2021-03-27,San Diego,073,3302833,270681,269271,13491,282762,3540
2021-03-27,San Francisco,075,870044,35230,35244,1172,36416,474
2021-03-27,San Joaquin,077,732212,69584,68365,3076,71441,1211
2021-03-27,San Luis Obispo,079,281455,20452,20153,611,20764,250
2021-03-27,San Mateo,081,765935,40701,40264,426,40690,348
2021-03-27,Santa Barbara,083,443738,33331,32921,1070,33991,439
2021-03-27,Santa Clara,085,1922200,114014,114124,636,114760,1871
2021-03-27,Santa Cruz,087,273765,15831,15215,786,16001,201
2021-03-27,Shasta,089,179085,11284,11288,1335,12623,183
2021-03-27,Sierra,091,2930,55,50,12,62,0
2021-03-27,Siskiyou,093,43540,1570,1497,253,1750,6
2021-03-27,Solano,095,438530,30828,30669,404,31073,232
2021-03-27,Sonoma,097,501317,29034,29133,264,29397,310
2021-03-27,Stanislaus,099,539301,52996,52497,5511,58008,678
2021-03-27,Sutter,101,95872,9092,9093,79,9172,106
2021-03-27,Tehama,103,63373,4767,4738,502,5240,52
2021-03-27,Trinity,105,12862,476,313,80,393,3
2021-03-27,Tulare,107,460477,49232,48203,8423,56626,813
2021-03-27,Tuolumne,109,53932,3913,3968,38,4006,57
2021-03-27,Ventura,111,848112,79807,79184,2839,82023,956
2021-03-27,Yolo,113,214977,13323,13317,165,13482,194
2021-03-27,Yuba,115,75493,5716,5657,103,5760,42
2021-03-26,Alameda,001,1643700,83590,83043,1753,84796,1208
2021-03-26,Alpine,003,1148,85,85,0,85,0
2021-03-26,Amador,005,37829,3557,3532,31,3563,45
2021-03-26,Butte,007,227075,11657,11278,1656,12934,191
2021-03-26,Calaveras,009,45235,1996,1989,11,2000,50
2021-03-26,Colusa,011,21464,1890,1889,271,2160,14
2021-03-26,Contra Costa,013,1133247,65612,64699,1113,65812,761
2021-03-26,Del Norte,015,27424,1172,1101,7,1108,6
2021-03-26,El Dorado,017,186661,9432,9353,621,9974,105
2021-03-26,Fresno,019,978130,99678,98731,8135,106866,1601
2021-03-26,Glenn,021,27897,2343,2307,521,2828,17
2021-03-26,Humboldt,023,135768,3449,3431,24,3455,34
2021-03-26,Imperial,025,180216,27565,27374,2528,29902,701
2021-03-26,Inyo,027,18085,1373,1369,9,1378,35
2021-03-26,Kern,029,883053,95331,93949,10154,104103,1211
2021-03-26,Kings,031,150075,22766,22493,1005,23498,239
2021-03-26,Lake,033,64148,3348,3314,8,3322,43
2021-03-26,Lassen,035,31185,5142,5131,100,5231,1
2021-03-26,Los Angeles,037,10098052,1188226,1178213,39346,1217559,23080
2021-03-26,Madera,039,155013,16099,15952,873,16825,210
2021-03-26,Marin,041,260295,13651,13553,194,13747,221
2021-03-26,Mariposa,043,17540,393,386,5,391,5
2021-03-26,Mendocino,045,87422,3749,3664,74,3738,45
2021-03-26,Merced,047,269075,29705,29613,972,30585,419
2021-03-26,Modoc,049,8938,352,344,118,462,3
2021-03-26,Mono,051,14174,1231,1236,16,1252,3
2021-03-26,Monterey,053,433212,42497,42241,1733,43974,338
2021-03-26,Napa,055,140530,9407,9349,32,9381,78
2021-03-26,Nevada,057,99092,4304,4222,178,4400,83
2021-03-26,Orange,059,3164182,250942,248995,10611,259606,4671
2021-03-26,Placer,061,380077,21515,20679,1222,21901,259
2021-03-26,Plumas,063,18699,668,654,10,664,4
2021-03-26,Riverside,065,2383286,289233,282602,13494,296096,4109
2021-03-26,Sacramento,067,1510023,98620,97040,1380,98420,1509
2021-03-26,San Benito,069,59416,5849,5855,91,5946,61
2021-03-26,San Bernardino,071,2135413,288954,285313,8673,293986,4288
2021-03-26,San Diego,073,3302833,270503,269045,13465,282510,3525
2021-03-26,San Francisco,075,870044,35204,35186,1172,36358,472
2021-03-26,San Joaquin,077,732212,69521,68249,3072,71321,1202
2021-03-26,San Luis Obispo,079,281455,20439,20118,611,20729,250
2021-03-26,San Mateo,081,765935,40666,40199,426,40625,348
2021-03-26,Santa Barbara,083,443738,33301,32895,1069,33964,439
2021-03-26,Santa Clara,085,1922200,113916,113959,635,114594,1868
2021-03-26,Santa Cruz,087,273765,15816,15199,785,15984,201
2021-03-26,Shasta,089,179085,11275,11276,1329,12605,182
2021-03-26,Sierra,091,2930,55,50,12,62,0
2021-03-26,Siskiyou,093,43540,1570,1493,252,1745,6
2021-03-26,Solano,095,438530,30803,30640,404,31044,205
2021-03-26,Sonoma,097,501317,29018,29101,261,29362,310
2021-03-26,Stanislaus,099,539301,52928,52420,5507,57927,678
2021-03-26,Sutter,101,95872,9089,9082,79,9161,104
2021-03-26,Tehama,103,63373,4766,4722,501,5223,51
2021-03-26,Trinity,105,12862,476,311,80,391,3
2021-03-26,Tulare,107,460477,49217,48179,8416,56595,813
2021-03-26,Tuolumne,109,53932,3912,3965,38,4003,57
2021-03-26,Ventura,111,848112,79773,79122,2837,81959,953
2021-03-26,Yolo,113,214977,13316,13299,163,13462,194
2021-03-26,Yuba,115,75493,5706,5653,103,5756,42
2021-03-25,Alameda,001,1643700,83496,82945,1751,84696,1206
2021-03-25,Alpine,003,1148,85,84,0,84,0
2021-03-25,Amador,005,37829,3555,3530,31,3561,45
2021-03-25,Butte,007,227075,11647,11270,1656,12926,188
2021-03-25,Calaveras,009,45235,1995,1982,11,1993,50
2021-03-25,Colusa,011,21464,1890,1888,271,2159,14
2021-03-25,Contra Costa,013,1133247,65545,64606,1110,65716,757
2021-03-25,Del Norte,015,27424,1166,1095,7,1102,6
2021-03-25,El Dorado,017,186661,9422,9331,621,9952,105
2021-03-25,Fresno,019,978130,99560,98602,8122,106724,1593
2021-03-25,Glenn,021,27897,2342,2302,520,2822,17
2021-03-25,Humboldt,023,135768,3444,3423,24,3447,34
2021-03-25,Imperial,025,180216,27549,27352,2527,29879,699
2021-03-25,Inyo,027,18085,1373,1369,9,1378,35
2021-03-25,Kern,029,883053,95299,93857,10149,104006,1206
2021-03-25,Kings,031,150075,22756,22472,1005,23477,237
2021-03-25,Lake,033,64148,3343,3312,8,3320,43
2021-03-25,Lassen,035,31185,5142,5129,100,5229,1
2021-03-25,Los Angeles,037,10098052,1187789,1177490,39312,1216802,23051
2021-03-25,Madera,039,155013,16080,15937,871,16808,210
2021-03-25,Marin,041,260295,13641,13538,191,13729,219
2021-03-25,Mariposa,043,17540,393,386,5,391,5
2021-03-25,Mendocino,045,87422,3748,3664,74,3738,45
2021-03-25,Merced,047,269075,29671,29576,965,30541,416
2021-03-25,Modoc,049,8938,352,343,118,461,3
2021-03-25,Mono,051,14174,1231,1235,16,1251,3
2021-03-25,Monterey,053,433212,42476,42220,1728,43948,336
2021-03-25,Napa,055,140530,9388,9321,32,9353,78
2021-03-25,Nevada,057,99092,4286,4202,176,4378,84
2021-03-25,Orange,059,3164182,250827,248871,10591,259462,4655
2021-03-25,Placer,061,380077,21474,20639,1215,21854,252
2021-03-25,Plumas,063,18699,668,654,10,664,4
2021-03-25,Riverside,065,2383286,289136,282492,13483,295975,4078
2021-03-25,Sacramento,067,1510023,98475,96823,1378,98201,1505
2021-03-25,San Benito,069,59416,5846,5850,91,5941,61
2021-03-25,San Bernardino,071,2135413,288873,285134,8668,293802,4222
2021-03-25,San Diego,073,3302833,270275,268623,13434,282057,3520
2021-03-25,San Francisco,075,870044,35164,35154,1170,36324,468
2021-03-25,San Joaquin,077,732212,69424,68089,3034,71123,1196
2021-03-25,San Luis Obispo,079,281455,20421,20076,611,20687,250
2021-03-25,San Mateo,081,765935,40626,40147,426,40573,348
2021-03-25,Santa Barbara,083,443738,33274,32857,1069,33926,439
2021-03-25,Santa Clara,085,1922200,113812,113877,633,114510,1868
2021-03-25,Santa Cruz,087,273765,15795,15170,785,15955,201
2021-03-25,Shasta,089,179085,11258,11262,1326,12588,181
2021-03-25,Sierra,091,2930,55,50,12,62,0
2021-03-25,Siskiyou,093,43540,1568,1491,251,1742,6
2021-03-25,Solano,095,438530,30742,30583,402,30985,193
2021-03-25,Sonoma,097,501317,28984,29060,257,29317,310
2021-03-25,Stanislaus,099,539301,52861,52321,5500,57821,678
2021-03-25,Sutter,101,95872,9080,9069,79,9148,104
2021-03-25,Tehama,103,63373,4764,4719,500,5219,52
2021-03-25,Trinity,105,12862,476,310,80,390,3
2021-03-25,Tulare,107,460477,49190,48148,8404,56552,811
2021-03-25,Tuolumne,109,53932,3911,3962,38,4000,57
2021-03-25,Ventura,111,848112,79732,79045,2833,81878,952
2021-03-25,Yolo,113,214977,13310,13287,163,13450,194
2021-03-25,Yuba,115,75493,5700,5647,97,5744,42
2021-03-24,Alameda,001,1643700,83402,82871,1748,84619,1199
2021-03-24,Alpine,003,1148,85,84,0,84,0
2021-03-24,Amador,005,37829,3549,3529,31,3560,45
2021-03-24,Butte,007,227075,11637,11252,1652,12904,187
2021-03-24,Calaveras,009,45235,1992,1975,11,1986,50
2021-03-24,Colusa,011,21464,1890,1886,271,2157,14
2021-03-24,Contra Costa,013,1133247,65465,64539,1109,65648,755
2021-03-24,Del Norte,015,27424,1161,1087,7,1094,6
2021-03-24,El Dorado,017,186661,9416,9319,620,9939,105
2021-03-24,Fresno,019,978130,99470,98437,8107,106544,1585
2021-03-24,Glenn,021,27897,2341,2297,519,2816,17
2021-03-24,Humboldt,023,135768,3441,3414,24,3438,34
2021-03-24,Imperial,025,180216,27540,27325,2527,29852,699
2021-03-24,Inyo,027,18085,1373,1368,9,1377,35
2021-03-24,Kern,029,883053,95251,93800,10140,103940,1198
2021-03-24,Kings,031,150075,22741,22456,1003,23459,237
2021-03-24,Lake,033,64148,3339,3307,8,3315,43
2021-03-24,Lassen,035,31185,5140,5130,99,5229,1
2021-03-24,Los Angeles,037,10098052,1187302,1177015,39279,1216294,22993
2021-03-24,Madera,039,155013,16071,15918,870,16788,210
2021-03-24,Marin,041,260295,13627,13526,189,13715,219
2021-03-24,Mariposa,043,17540,393,384,5,389,5
2021-03-24,Mendocino,045,87422,3745,3660,74,3734,45
2021-03-24,Merced,047,269075,29630,29525,965,30490,415
2021-03-24,Modoc,049,8938,351,341,118,459,3
2021-03-24,Mono,051,14174,1230,1243,16,1259,3
2021-03-24,Monterey,053,433212,42454,42201,1725,43926,335
2021-03-24,Napa,055,140530,9368,9310,32,9342,78
2021-03-24,Nevada,057,99092,4271,4191,175,4366,85
2021-03-24,Orange,059,3164182,250713,248775,10573,259348,4638
2021-03-24,Placer,061,380077,21444,20606,1207,21813,250
2021-03-24,Plumas,063,18699,666,652,10,662,4
2021-03-24,Riverside,065,2383286,289052,282410,13480,295890,4058
2021-03-24,Sacramento,067,1510023,98300,96628,1367,97995,1500
2021-03-24,San Benito,069,59416,5845,5847,91,5938,61
2021-03-24,San Bernardino,071,2135413,288786,284983,8666,293649,4170
2021-03-24,San Diego,073,3302833,270061,268413,13406,281819,3509
2021-03-24,San Francisco,075,870044,35137,35103,1167,36270,462
2021-03-24,San Joaquin,077,732212,69353,67978,3022,71000,1196
2021-03-24,San Luis Obispo,079,281455,20391,20021,610,20631,250
2021-03-24,San Mateo,081,765935,40576,40083,426,40509,348
2021-03-24,Santa Barbara,083,443738,33246,32810,1069,33879,438
2021-03-24,Santa Clara,085,1922200,113696,113757,630,114387,1851
2021-03-24,Santa Cruz,087,273765,15781,15138,784,15922,202
2021-03-24,Shasta,089,179085,11239,11243,1324,12567,181
2021-03-24,Sierra,091,2930,55,50,12,62,0
2021-03-24,Siskiyou,093,43540,1566,1490,251,1741,6
2021-03-24,Solano,095,438530,30705,30552,401,30953,178
2021-03-24,Sonoma,097,501317,28964,29034,253,29287,310
2021-03-24,Stanislaus,099,539301,52785,52259,5491,57750,677
2021-03-24,Sutter,101,95872,9064,9049,79,9128,104
2021-03-24,Tehama,103,63373,4758,4719,499,5218,49
2021-03-24,Trinity,105,12862,475,310,80,390,3
2021-03-24,Tulare,107,460477,49179,48109,8391,56500,808
2021-03-24,Tuolumne,109,53932,3909,3961,38,3999,57
2021-03-24,Ventura,111,848112,79680,78993,2826,81819,944
2021-03-24,Yolo,113,214977,13298,13269,163,13432,194
2021-03-24,Yuba,115,75493,5694,5634,94,5728,42
2021-03-23,Alameda,001,1643700,83300,82799,1744,84543,1190
2021-03-23,Alpine,003,1148,85,84,0,84,0
2021-03-23,Amador,005,37829,3543,3524,31,3555,45
2021-03-23,Butte,007,227075,11625,11227,1651,12878,187
2021-03-23,Calaveras,009,45235,1990,1971,11,1982,50
2021-03-23,Colusa,011,21464,1888,1885,270,2155,14
2021-03-23,Contra Costa,013,1133247,65365,64491,1108,65599,750
2021-03-23,Del Norte,015,27424,1156,1082,7,1089,6
2021-03-23,El Dorado,017,186661,9406,9318,617,9935,105
2021-03-23,Fresno,019,978130,99356,98362,8083,106445,1575
2021-03-23,Glenn,021,27897,2336,2293,517,2810,17
2021-03-23,Humboldt,023,135768,3432,3405,24,3429,34
2021-03-23,Imperial,025,180216,27532,27320,2527,29847,699
2021-03-23,Inyo,027,18085,1371,1364,9,1373,35
2021-03-23,Kern,029,883053,95144,93728,10133,103861,1191
2021-03-23,Kings,031,150075,22730,22439,1001,23440,237
2021-03-23,Lake,033,64148,3337,3294,8,3302,43
2021-03-23,Lassen,035,31185,5140,5130,99,5229,1
2021-03-23,Los Angeles,037,10098052,1186781,1176572,39242,1215814,22904
2021-03-23,Madera,039,155013,16055,15908,869,16777,210
2021-03-23,Marin,041,260295,13604,13514,187,13701,221
2021-03-23,Mariposa,043,17540,392,384,5,389,5
2021-03-23,Mendocino,045,87422,3743,3652,74,3726,45
2021-03-23,Merced,047,269075,29597,29485,965,30450,415
2021-03-23,Modoc,049,8938,350,342,118,460,3
2021-03-23,Mono,051,14174,1229,1263,16,1279,3
2021-03-23,Monterey,053,433212,42443,42180,1723,43903,335
2021-03-23,Napa,055,140530,9343,9299,32,9331,78
2021-03-23,Nevada,057,99092,4252,4179,174,4353,89
2021-03-23,Orange,059,3164182,250587,248661,10555,259216,4626
2021-03-23,Placer,061,380077,21409,20567,1203,21770,248
2021-03-23,Plumas,063,18699,666,652,10,662,4
2021-03-23,Riverside,065,2383286,288952,282317,13474,295791,4035
2021-03-23,Sacramento,067,1510023,98108,96521,1363,97884,1496
2021-03-23,San Benito,069,59416,5840,5845,90,5935,61
2021-03-23,San Bernardino,071,2135413,288701,284875,8658,293533,4134
2021-03-23,San Diego,073,3302833,269816,268156,13374,281530,3498
2021-03-23,San Francisco,075,870044,35079,35071,1162,36233,462
2021-03-23,San Joaquin,077,732212,69257,67903,3004,70907,1182
2021-03-23,San Luis Obispo,079,281455,20351,20009,609,20618,250
2021-03-23,San Mateo,081,765935,40520,40032,425,40457,348
2021-03-23,Santa Barbara,083,443738,33208,32771,1068,33839,438
2021-03-23,Santa Clara,085,1922200,113580,113645,627,114272,1848
2021-03-23,Santa Cruz,087,273765,15766,15106,784,15890,201
2021-03-23,Shasta,089,179085,11226,11234,1323,12557,175
2021-03-23,Sierra,091,2930,55,50,12,62,0
2021-03-23,Siskiyou,093,43540,1561,1485,249,1734,6
2021-03-23,Solano,095,438530,30664,30524,400,30924,178
2021-03-23,Sonoma,097,501317,28927,29020,252,29272,310
2021-03-23,Stanislaus,099,539301,52686,52148,5484,57632,677
2021-03-23,Sutter,101,95872,9056,9039,79,9118,104
2021-03-23,Tehama,103,63373,4749,4707,498,5205,46
2021-03-23,Trinity,105,12862,475,310,80,390,3
2021-03-23,Tulare,107,460477,49152,48095,8375,56470,808
2021-03-23,Tuolumne,109,53932,3906,3957,38,3995,57
2021-03-23,Ventura,111,848112,79619,78930,2823,81753,932
2021-03-23,Yolo,113,214977,13287,13255,163,13418,194
2021-03-23,Yuba,115,75493,5689,5628,94,5722,42
2021-03-22,Alameda,001,1643700,83209,82748,1739,84487,1189
2021-03-22,Alpine,003,1148,84,83,0,83,0
2021-03-22,Amador,005,37829,3535,3522,31,3553,44
2021-03-22,Butte,007,227075,11616,11211,1649,12860,185
2021-03-22,Calaveras,009,45235,1986,1963,11,1974,49
2021-03-22,Colusa,011,21464,1886,1885,270,2155,13
2021-03-22,Contra Costa,013,1133247,65270,64432,1106,65538,740
2021-03-22,Del Norte,015,27424,1150,1082,7,1089,6
2021-03-22,El Dorado,017,186661,9390,9310,613,9923,105
2021-03-22,Fresno,019,978130,99258,98276,8071,106347,1556
2021-03-22,Glenn,021,27897,2328,2291,517,2808,17
2021-03-22,Humboldt,023,135768,3427,3403,24,3427,34
2021-03-22,Imperial,025,180216,27517,27302,2524,29826,699
2021-03-22,Inyo,027,18085,1368,1363,9,1372,35
2021-03-22,Kern,029,883053,95073,93675,10117,103792,1178
2021-03-22,Kings,031,150075,22717,22433,996,23429,236
2021-03-22,Lake,033,64148,3336,3290,8,3298,43
2021-03-22,Lassen,035,31185,5138,5129,99,5228,1
2021-03-22,Los Angeles,037,10098052,1186264,1176205,39212,1215417,22843
2021-03-22,Madera,039,155013,16040,15904,869,16773,210
2021-03-22,Marin,041,260295,13595,13501,186,13687,221
2021-03-22,Mariposa,043,17540,391,381,5,386,5
2021-03-22,Mendocino,045,87422,3741,3653,74,3727,45
2021-03-22,Merced,047,269075,29554,29468,962,30430,413
2021-03-22,Modoc,049,8938,348,342,118,460,3
2021-03-22,Mono,051,14174,1224,1263,16,1279,3
2021-03-22,Monterey,053,433212,42427,42161,1721,43882,335
2021-03-22,Napa,055,140530,9332,9288,32,9320,77
2021-03-22,Nevada,057,99092,4242,4174,170,4344,89
2021-03-22,Orange,059,3164182,250437,248517,10521,259038,4599
2021-03-22,Placer,061,380077,21374,20543,1198,21741,242
2021-03-22,Plumas,063,18699,666,652,10,662,4
2021-03-22,Riverside,065,2383286,288851,282242,13463,295705,4009
2021-03-22,Sacramento,067,1510023,97930,96385,1353,97738,1493
2021-03-22,San Benito,069,59416,5837,5844,89,5933,61
2021-03-22,San Bernardino,071,2135413,288613,284771,8646,293417,4107
2021-03-22,San Diego,073,3302833,269604,267913,13354,281267,3494
2021-03-22,San Francisco,075,870044,35037,35040,1158,36198,462
2021-03-22,San Joaquin,077,732212,69165,67815,2987,70802,1182
2021-03-22,San Luis Obispo,079,281455,20327,20000,608,20608,250
2021-03-22,San Mateo,081,765935,40469,40024,424,40448,348
2021-03-22,Santa Barbara,083,443738,33163,32756,1066,33822,437
2021-03-22,Santa Clara,085,1922200,113460,113575,627,114202,1845
2021-03-22,Santa Cruz,087,273765,15754,15077,783,15860,201
2021-03-22,Shasta,089,179085,11212,11218,1322,12540,150
2021-03-22,Sierra,091,2930,55,50,12,62,0
2021-03-22,Siskiyou,093,43540,1560,1487,248,1735,5
2021-03-22,Solano,095,438530,30624,30490,396,30886,171
2021-03-22,Sonoma,097,501317,28898,29010,248,29258,310
2021-03-22,Stanislaus,099,539301,52602,52083,5479,57562,677
2021-03-22,Sutter,101,95872,9043,9024,79,9103,104
2021-03-22,Tehama,103,63373,4741,4704,498,5202,45
2021-03-22,Trinity,105,12862,475,310,80,390,3
2021-03-22,Tulare,107,460477,49137,48074,8355,56429,807
2021-03-22,Tuolumne,109,53932,3903,3954,38,3992,57
2021-03-22,Ventura,111,848112,79573,78890,2820,81710,927
2021-03-22,Yolo,113,214977,13275,13243,162,13405,190
2021-03-22,Yuba,115,75493,5678,5627,92,5719,42
2021-03-21,Alameda,001,1643700,83122,82684,1736,84420,1187
2021-03-21,Alpine,003,1148,84,83,0,83,0
2021-03-21,Amador,005,37829,3531,3519,31,3550,44
2021-03-21,Butte,007,227075,11600,11208,1644,12852,185
2021-03-21,Calaveras,009,45235,1980,1962,11,1973,49
2021-03-21,Colusa,011,21464,1886,1885,270,2155,13
2021-03-21,Contra Costa,013,1133247,65188,64382,1102,65484,740
2021-03-21,Del Norte,015,27424,1135,1076,7,1083,6
2021-03-21,El Dorado,017,186661,9380,9302,608,9910,105
2021-03-21,Fresno,019,978130,99144,98211,8048,106259,1556
2021-03-21,Glenn,021,27897,2325,2288,516,2804,17
2021-03-21,Humboldt,023,135768,3422,3402,24,3426,34
2021-03-21,Imperial,025,180216,27500,27267,2519,29786,699
2021-03-21,Inyo,027,18085,1368,1363,9,1372,35
2021-03-21,Kern,029,883053,95007,93649,10108,103757,1170
2021-03-21,Kings,031,150075,22700,22422,996,23418,236
2021-03-21,Lake,033,64148,3332,3286,8,3294,43
2021-03-21,Lassen,035,31185,5138,5129,99,5228,1
2021-03-21,Los Angeles,037,10098052,1185728,1175684,39165,1214849,22834
2021-03-21,Madera,039,155013,16020,15895,867,16762,210
2021-03-21,Marin,041,260295,13579,13495,185,13680,220
2021-03-21,Mariposa,043,17540,391,381,5,386,5
2021-03-21,Mendocino,045,87422,3738,3651,74,3725,45
2021-03-21,Merced,047,269075,29494,29446,956,30402,413
2021-03-21,Modoc,049,8938,348,341,118,459,3
2021-03-21,Mono,051,14174,1219,1263,16,1279,3
2021-03-21,Monterey,053,433212,42402,42153,1718,43871,335
2021-03-21,Napa,055,140530,9311,9282,32,9314,77
2021-03-21,Nevada,057,99092,4229,4169,170,4339,89
2021-03-21,Orange,059,3164182,250304,248442,10494,258936,4598
2021-03-21,Placer,061,380077,21338,20520,1190,21710,242
2021-03-21,Plumas,063,18699,666,653,10,663,4
2021-03-21,Riverside,065,2383286,288743,282187,13452,295639,4009
2021-03-21,Sacramento,067,1510023,97736,96269,1346,97615,1489
2021-03-21,San Benito,069,59416,5831,5842,89,5931,61
2021-03-21,San Bernardino,071,2135413,288523,284732,8640,293372,4094
2021-03-21,San Diego,073,3302833,269344,267724,13328,281052,3494
2021-03-21,San Francisco,075,870044,34990,35012,1152,36164,460
2021-03-21,San Joaquin,077,732212,69043,67729,2969,70698,1182
2021-03-21,San Luis Obispo,079,281455,20295,19979,606,20585,250
2021-03-21,San Mateo,081,765935,40424,39988,423,40411,344
2021-03-21,Santa Barbara,083,443738,33124,32743,1065,33808,437
2021-03-21,Santa Clara,085,1922200,113330,113487,624,114111,1840
2021-03-21,Santa Cruz,087,273765,15747,15064,783,15847,199
2021-03-21,Shasta,089,179085,11192,11215,1321,12536,150
2021-03-21,Sierra,091,2930,55,50,12,62,0
2021-03-21,Siskiyou,093,43540,1560,1486,247,1733,5
2021-03-21,Solano,095,438530,30585,30474,393,30867,171
2021-03-21,Sonoma,097,501317,28869,28986,247,29233,310
2021-03-21,Stanislaus,099,539301,52512,52014,5477,57491,677
2021-03-21,Sutter,101,95872,9030,9021,79,9100,104
2021-03-21,Tehama,103,63373,4737,4701,498,5199,45
2021-03-21,Trinity,105,12862,473,310,80,390,3
2021-03-21,Tulare,107,460477,49121,48060,8343,56403,807
2021-03-21,Tuolumne,109,53932,3901,3953,38,3991,57
2021-03-21,Ventura,111,848112,79510,78863,2815,81678,927
2021-03-21,Yolo,113,214977,13253,13235,162,13397,190
2021-03-21,Yuba,115,75493,5668,5624,92,5716,42
2021-03-20,Alameda,001,1643700,83054,82614,1734,84348,1178
2021-03-20,Alpine,003,1148,84,83,0,83,0
2021-03-20,Amador,005,37829,3529,3518,31,3549,44
2021-03-20,Butte,007,227075,11594,11199,1642,12841,185
2021-03-20,Calaveras,009,45235,1976,1961,11,1972,49
2021-03-20,Colusa,011,21464,1886,1883,270,2153,12
2021-03-20,Contra Costa,013,1133247,65128,64313,1102,65415,713
2021-03-20,Del Norte,015,27424,1134,1075,7,1082,6
2021-03-20,El Dorado,017,186661,9374,9290,608,9898,105
2021-03-20,Fresno,019,978130,99084,98112,8041,106153,1532
2021-03-20,Glenn,021,27897,2324,2288,514,2802,17
2021-03-20,Humboldt,023,135768,3415,3399,24,3423,33
2021-03-20,Imperial,025,180216,27494,27239,2517,29756,695
2021-03-20,Inyo,027,18085,1368,1362,9,1371,35
2021-03-20,Kern,029,883053,94978,93606,10104,103710,1155
2021-03-20,Kings,031,150075,22695,22415,995,23410,236
2021-03-20,Lake,033,64148,3328,3280,8,3288,43
2021-03-20,Lassen,035,31185,5138,5128,99,5227,1
2021-03-20,Los Angeles,037,10098052,1185429,1175290,39141,1214431,22810
2021-03-20,Madera,039,155013,16012,15891,866,16757,210
2021-03-20,Marin,041,260295,13567,13470,181,13651,220
2021-03-20,Mariposa,043,17540,390,381,5,386,5
2021-03-20,Mendocino,045,87422,3737,3639,74,3713,43
2021-03-20,Merced,047,269075,29463,29411,953,30364,412
2021-03-20,Modoc,049,8938,347,341,118,459,3
2021-03-20,Mono,051,14174,1219,1256,16,1272,3
2021-03-20,Monterey,053,433212,42393,42146,1717,43863,334
2021-03-20,Napa,055,140530,9303,9274,32,9306,77
2021-03-20,Nevada,057,99092,4218,4164,169,4333,89
2021-03-20,Orange,059,3164182,250223,248348,10483,258831,4522
2021-03-20,Placer,061,380077,21315,20505,1188,21693,242
2021-03-20,Plumas,063,18699,663,652,10,662,4
2021-03-20,Riverside,065,2383286,288667,282081,13448,295529,4000
2021-03-20,Sacramento,067,1510023,97625,96126,1343,97469,1488
2021-03-20,San Benito,069,59416,5827,5840,89,5929,61
2021-03-20,San Bernardino,071,2135413,288457,284690,8636,293326,3965
2021-03-20,San Diego,073,3302833,269173,267532,13321,280853,3493
2021-03-20,San Francisco,075,870044,34967,34968,1145,36113,453
2021-03-20,San Joaquin,077,732212,69002,67662,2962,70624,1161
2021-03-20,San Luis Obispo,079,281455,20279,19951,600,20551,250
2021-03-20,San Mateo,081,765935,40390,39958,422,40380,344
2021-03-20,Santa Barbara,083,443738,33099,32723,1064,33787,434
2021-03-20,Santa Clara,085,1922200,113238,113384,623,114007,1799
2021-03-20,Santa Cruz,087,273765,15731,15053,783,15836,199
2021-03-20,Shasta,089,179085,11186,11211,1321,12532,147
2021-03-20,Sierra,091,2930,55,50,12,62,0
2021-03-20,Siskiyou,093,43540,1560,1483,247,1730,5
2021-03-20,Solano,095,438530,30555,30439,393,30832,170
2021-03-20,Sonoma,097,501317,28854,28962,247,29209,309
2021-03-20,Stanislaus,099,539301,52456,51925,5470,57395,673
2021-03-20,Sutter,101,95872,9022,9014,79,9093,103
2021-03-20,Tehama,103,63373,4732,4696,496,5192,33
2021-03-20,Trinity,105,12862,472,310,80,390,3
2021-03-20,Tulare,107,460477,49106,48030,8326,56356,804
2021-03-20,Tuolumne,109,53932,3898,3950,38,3988,57
2021-03-20,Ventura,111,848112,79475,78818,2813,81631,922
2021-03-20,Yolo,113,214977,13249,13226,162,13388,190
2021-03-20,Yuba,115,75493,5665,5621,91,5712,42
2021-03-19,Alameda,001,1643700,82982,82499,1733,84232,1187
2021-03-19,Alpine,003,1148,83,82,0,82,0
2021-03-19,Amador,005,37829,3526,3515,31,3546,44
2021-03-19,Butte,007,227075,11586,11191,1639,12830,185
2021-03-19,Calaveras,009,45235,1975,1957,11,1968,49
2021-03-19,Colusa,011,21464,1885,1883,270,2153,12
2021-03-19,Contra Costa,013,1133247,65069,64195,1099,65294,737
2021-03-19,Del Norte,015,27424,1128,1071,5,1076,6
2021-03-19,El Dorado,017,186661,9365,9274,608,9882,105
2021-03-19,Fresno,019,978130,99000,97969,8028,105997,1527
2021-03-19,Glenn,021,27897,2324,2282,514,2796,17
2021-03-19,Humboldt,023,135768,3406,3388,24,3412,33
2021-03-19,Imperial,025,180216,27482,27218,2514,29732,695
2021-03-19,Inyo,027,18085,1366,1356,9,1365,35
2021-03-19,Kern,029,883053,94945,93534,10091,103625,1152
2021-03-19,Kings,031,150075,22686,22369,992,23361,235
2021-03-19,Lake,033,64148,3322,3262,8,3270,43
2021-03-19,Lassen,035,31185,5138,5126,99,5225,1
2021-03-19,Los Angeles,037,10098052,1185089,1174818,39124,1213942,22752
2021-03-19,Madera,039,155013,16005,15877,865,16742,210
2021-03-19,Marin,041,260295,13555,13441,181,13622,220
2021-03-19,Mariposa,043,17540,389,380,5,385,5
2021-03-19,Mendocino,045,87422,3736,3639,74,3713,45
2021-03-19,Merced,047,269075,29436,29376,951,30327,412
2021-03-19,Modoc,049,8938,347,341,118,459,3
2021-03-19,Mono,051,14174,1217,1244,16,1260,3
2021-03-19,Monterey,053,433212,42384,42125,1715,43840,335
2021-03-19,Napa,055,140530,9291,9256,32,9288,77
2021-03-19,Nevada,057,99092,4207,4156,169,4325,88
2021-03-19,Orange,059,3164182,250123,248146,10474,258620,4501
2021-03-19,Placer,061,380077,21297,20451,1186,21637,242
2021-03-19,Plumas,063,18699,663,650,10,660,4
2021-03-19,Riverside,065,2383286,288584,281937,13443,295380,3989
2021-03-19,Sacramento,067,1510023,97522,95934,1340,97274,1486
2021-03-19,San Benito,069,59416,5827,5845,89,5934,61
2021-03-19,San Bernardino,071,2135413,288386,284501,8634,293135,4017
2021-03-19,San Diego,073,3302833,269038,267173,13311,280484,3491
2021-03-19,San Francisco,075,870044,34922,34936,1142,36078,461
2021-03-19,San Joaquin,077,732212,68932,67515,2948,70463,1180
2021-03-19,San Luis Obispo,079,281455,20259,19913,598,20511,249
2021-03-19,San Mateo,081,765935,40366,39893,422,40315,344
2021-03-19,Santa Barbara,083,443738,33069,32685,1063,33748,435
2021-03-19,Santa Clara,085,1922200,113163,113232,622,113854,1797
2021-03-19,Santa Cruz,087,273765,15724,15026,783,15809,199
2021-03-19,Shasta,089,179085,11179,11104,1319,12423,103
2021-03-19,Sierra,091,2930,54,49,12,61,0
2021-03-19,Siskiyou,093,43540,1560,1480,246,1726,5
2021-03-19,Solano,095,438530,30525,30395,391,30786,172
2021-03-19,Sonoma,097,501317,28833,28932,245,29177,292
2021-03-19,Stanislaus,099,539301,52398,51755,5467,57222,679
2021-03-19,Sutter,101,95872,9020,9005,79,9084,103
2021-03-19,Tehama,103,63373,4725,4685,496,5181,33
2021-03-19,Trinity,105,12862,472,310,80,390,3
2021-03-19,Tulare,107,460477,49083,47989,8303,56292,805
2021-03-19,Tuolumne,109,53932,3895,3946,38,3984,57
2021-03-19,Ventura,111,848112,79442,78753,2809,81562,920
2021-03-19,Yolo,113,214977,13241,13197,162,13359,189
2021-03-19,Yuba,115,75493,5662,5615,90,5705,42
2021-03-18,Alameda,001,1643700,82901,82419,1730,84149,1189
2021-03-18,Alpine,003,1148,83,82,0,82,0
2021-03-18,Amador,005,37829,3522,3513,31,3544,44
2021-03-18,Butte,007,227075,11575,11179,1637,12816,185
2021-03-18,Calaveras,009,45235,1973,1954,11,1965,49
2021-03-18,Colusa,011,21464,1885,1882,270,2152,12
2021-03-18,Contra Costa,013,1133247,64996,64103,1096,65199,739
2021-03-18,Del Norte,015,27424,1119,1059,5,1064,6
2021-03-18,El Dorado,017,186661,9352,9261,607,9868,105
2021-03-18,Fresno,019,978130,98903,97856,8013,105869,1527
2021-03-18,Glenn,021,27897,2320,2275,513,2788,17
2021-03-18,Humboldt,023,135768,3398,3381,24,3405,34
2021-03-18,Imperial,025,180216,27467,27190,2509,29699,695
2021-03-18,Inyo,027,18085,1363,1354,9,1363,35
2021-03-18,Kern,029,883053,94888,93458,10077,103535,1158
2021-03-18,Kings,031,150075,22679,22354,991,23345,235
2021-03-18,Lake,033,64148,3319,3260,8,3268,43
2021-03-18,Lassen,035,31185,5137,5126,99,5225,1
2021-03-18,Los Angeles,037,10098052,1184656,1174205,39095,1213300,22689
2021-03-18,Madera,039,155013,15993,15860,862,16722,211
2021-03-18,Marin,041,260295,13537,13435,180,13615,219
2021-03-18,Mariposa,043,17540,387,380,5,385,5
2021-03-18,Mendocino,045,87422,3726,3630,74,3704,45
2021-03-18,Merced,047,269075,29401,29317,951,30268,410
2021-03-18,Modoc,049,8938,347,341,118,459,3
2021-03-18,Mono,051,14174,1213,1215,15,1230,3
2021-03-18,Monterey,053,433212,42372,42105,1715,43820,335
2021-03-18,Napa,055,140530,9282,9243,32,9275,77
2021-03-18,Nevada,057,99092,4200,4154,169,4323,74
2021-03-18,Orange,059,3164182,250020,248050,10461,258511,4514
2021-03-18,Placer,061,380077,21265,20421,1183,21604,243
2021-03-18,Plumas,063,18699,661,648,10,658,4
2021-03-18,Riverside,065,2383286,288503,281789,13436,295225,3957
2021-03-18,Sacramento,067,1510023,97374,95819,1336,97155,1481
2021-03-18,San Benito,069,59416,5825,5842,89,5931,61
2021-03-18,San Bernardino,071,2135413,288303,284294,8604,292898,4076
2021-03-18,San Diego,073,3302833,268885,266752,13301,280053,3478
2021-03-18,San Francisco,075,870044,34883,34904,1141,36045,461
2021-03-18,San Joaquin,077,732212,68832,67301,2936,70237,1169
2021-03-18,San Luis Obispo,079,281455,20230,19894,597,20491,249
2021-03-18,San Mateo,081,765935,40325,39874,422,40296,344
2021-03-18,Santa Barbara,083,443738,33028,32640,1063,33703,434
2021-03-18,Santa Clara,085,1922200,113046,113119,618,113737,1808
2021-03-18,Santa Cruz,087,273765,15714,14998,783,15781,198
2021-03-18,Shasta,089,179085,11165,11059,1317,12376,100
2021-03-18,Sierra,091,2930,54,49,12,61,0
2021-03-18,Siskiyou,093,43540,1557,1480,245,1725,5
2021-03-18,Solano,095,438530,30483,30352,388,30740,172
2021-03-18,Sonoma,097,501317,28812,28915,243,29158,292
2021-03-18,Stanislaus,099,539301,52326,51615,5463,57078,682
2021-03-18,Sutter,101,95872,9008,8999,79,9078,103
2021-03-18,Tehama,103,63373,4719,4683,495,5178,35
2021-03-18,Trinity,105,12862,472,310,80,390,3
2021-03-18,Tulare,107,460477,49064,47964,8288,56252,805
2021-03-18,Tuolumne,109,53932,3894,3942,38,3980,57
2021-03-18,Ventura,111,848112,79382,78697,2809,81506,918
2021-03-18,Yolo,113,214977,13228,13183,162,13345,191
2021-03-18,Yuba,115,75493,5658,5612,90,5702,42
2021-03-17,Alameda,001,1643700,82825,82353,1725,84078,1185
2021-03-17,Alpine,003,1148,83,82,0,82,0
2021-03-17,Amador,005,37829,3520,3511,31,3542,44
2021-03-17,Butte,007,227075,11566,11170,1635,12805,185
2021-03-17,Calaveras,009,45235,1970,1946,11,1957,49
2021-03-17,Colusa,011,21464,1884,1882,270,2152,12
2021-03-17,Contra Costa,013,1133247,64927,64026,1095,65121,737
2021-03-17,Del Norte,015,27424,1115,1053,5,1058,6
2021-03-17,El Dorado,017,186661,9342,9252,607,9859,105
2021-03-17,Fresno,019,978130,98792,97727,7995,105722,1507
2021-03-17,Glenn,021,27897,2313,2269,512,2781,17
2021-03-17,Humboldt,023,135768,3390,3365,24,3389,33
2021-03-17,Imperial,025,180216,27450,27168,2506,29674,691
2021-03-17,Inyo,027,18085,1361,1351,9,1360,35
2021-03-17,Kern,029,883053,94832,93392,10064,103456,1149
2021-03-17,Kings,031,150075,22663,22336,990,23326,233
2021-03-17,Lake,033,64148,3312,3251,8,3259,43
2021-03-17,Lassen,035,31185,5136,5125,99,5224,1
2021-03-17,Los Angeles,037,10098052,1184202,1173416,39062,1212478,22602
2021-03-17,Madera,039,155013,15986,15835,862,16697,214
2021-03-17,Marin,041,260295,13520,13428,179,13607,218
2021-03-17,Mariposa,043,17540,387,379,5,384,5
2021-03-17,Mendocino,045,87422,3722,3625,74,3699,44
2021-03-17,Merced,047,269075,29373,29250,947,30197,408
2021-03-17,Modoc,049,8938,347,341,118,459,3
2021-03-17,Mono,051,14174,1211,1212,15,1227,3
2021-03-17,Monterey,053,433212,42354,42061,1712,43773,334
2021-03-17,Napa,055,140530,9267,9219,32,9251,76
2021-03-17,Nevada,057,99092,4190,4145,169,4314,74
2021-03-17,Orange,059,3164182,249901,247943,10433,258376,4502
2021-03-17,Placer,061,380077,21237,20369,1182,21551,243
2021-03-17,Plumas,063,18699,660,645,10,655,4
2021-03-17,Riverside,065,2383286,288387,281649,13428,295077,3925
2021-03-17,Sacramento,067,1510023,97246,95650,1331,96981,1477
2021-03-17,San Benito,069,59416,5822,5841,89,5930,61
2021-03-17,San Bernardino,071,2135413,288186,284170,8599,292769,4049
2021-03-17,San Diego,073,3302833,268674,266313,13283,279596,3470
2021-03-17,San Francisco,075,870044,34848,34873,1140,36013,457
2021-03-17,San Joaquin,077,732212,68747,67093,2920,70013,1164
2021-03-17,San Luis Obispo,079,281455,20207,19858,593,20451,249
2021-03-17,San Mateo,081,765935,40295,39838,421,40259,344
2021-03-17,Santa Barbara,083,443738,33006,32585,1062,33647,433
2021-03-17,Santa Clara,085,1922200,112953,112983,617,113600,1805
2021-03-17,Santa Cruz,087,273765,15706,14967,783,15750,199
2021-03-17,Shasta,089,179085,11160,11045,1314,12359,100
2021-03-17,Sierra,091,2930,54,49,12,61,0
2021-03-17,Siskiyou,093,43540,1556,1479,244,1723,5
2021-03-17,Solano,095,438530,30457,30320,386,30706,171
2021-03-17,Sonoma,097,501317,28788,28877,242,29119,292
2021-03-17,Stanislaus,099,539301,52251,51524,5456,56980,682
2021-03-17,Sutter,101,95872,8998,8982,79,9061,103
2021-03-17,Tehama,103,63373,4714,4670,495,5165,34
2021-03-17,Trinity,105,12862,472,308,80,388,3
2021-03-17,Tulare,107,460477,49044,47929,8278,56207,805
2021-03-17,Tuolumne,109,53932,3891,3938,38,3976,57
2021-03-17,Ventura,111,848112,79326,78648,2806,81454,916
2021-03-17,Yolo,113,214977,13211,13169,162,13331,190
2021-03-17,Yuba,115,75493,5655,5603,90,5693,42
2021-03-16,Alameda,001,1643700,82714,82259,1723,83982,1177
2021-03-16,Alpine,003,1148,83,82,0,82,0
2021-03-16,Amador,005,37829,3518,3510,31,3541,44
2021-03-16,Butte,007,227075,11554,11154,1634,12788,184
2021-03-16,Calaveras,009,45235,1965,1945,11,1956,49
2021-03-16,Colusa,011,21464,1883,1882,270,2152,12
2021-03-16,Contra Costa,013,1133247,64844,63951,1092,65043,736
2021-03-16,Del Norte,015,27424,1107,1048,5,1053,6
2021-03-16,El Dorado,017,186661,9327,9249,607,9856,105
2021-03-16,Fresno,019,978130,98654,97638,7975,105613,1498
2021-03-16,Glenn,021,27897,2305,2267,508,2775,17
2021-03-16,Humboldt,023,135768,3386,3351,24,3375,33
2021-03-16,Imperial,025,180216,27439,27143,2503,29646,689
2021-03-16,Inyo,027,18085,1360,1346,9,1355,35
2021-03-16,Kern,029,883053,94766,93340,10049,103389,1144
2021-03-16,Kings,031,150075,22627,22320,989,23309,233
2021-03-16,Lake,033,64148,3304,3246,8,3254,43
2021-03-16,Lassen,035,31185,5135,5126,99,5225,1
2021-03-16,Los Angeles,037,10098052,1183669,1172676,39024,1211700,22527
2021-03-16,Madera,039,155013,15970,15822,860,16682,214
2021-03-16,Marin,041,260295,13502,13419,179,13598,218
2021-03-16,Mariposa,043,17540,384,379,5,384,5
2021-03-16,Mendocino,045,87422,3717,3623,74,3697,44
2021-03-16,Merced,047,269075,29320,29198,946,30144,407
2021-03-16,Modoc,049,8938,347,341,118,459,3
2021-03-16,Mono,051,14174,1210,1207,15,1222,3
2021-03-16,Monterey,053,433212,42334,42023,1712,43735,334
2021-03-16,Napa,055,140530,9257,9209,32,9241,75
2021-03-16,Nevada,057,99092,4181,4132,168,4300,67
2021-03-16,Orange,059,3164182,249762,247843,10414,258257,4479
2021-03-16,Placer,061,380077,21205,20339,1178,21517,240
2021-03-16,Plumas,063,18699,659,643,10,653,4
2021-03-16,Riverside,065,2383286,288273,281540,13416,294956,3893
2021-03-16,Sacramento,067,1510023,97103,95522,1327,96849,1466
2021-03-16,San Benito,069,59416,5817,5831,89,5920,61
2021-03-16,San Bernardino,071,2135413,288056,283980,8592,292572,4032
2021-03-16,San Diego,073,3302833,268442,265903,13270,279173,3462
2021-03-16,San Francisco,075,870044,34819,34833,1135,35968,456
2021-03-16,San Joaquin,077,732212,68645,66856,2908,69764,1163
2021-03-16,San Luis Obispo,079,281455,20177,19832,591,20423,248
2021-03-16,San Mateo,081,765935,40261,39806,419,40225,344
2021-03-16,Santa Barbara,083,443738,32974,32556,1061,33617,433
2021-03-16,Santa Clara,085,1922200,112835,112845,614,113459,1797
2021-03-16,Santa Cruz,087,273765,15700,14926,783,15709,199
2021-03-16,Shasta,089,179085,11144,11035,1312,12347,100
2021-03-16,Sierra,091,2930,53,49,12,61,0
2021-03-16,Siskiyou,093,43540,1553,1477,244,1721,5
2021-03-16,Solano,095,438530,30423,30298,384,30682,171
2021-03-16,Sonoma,097,501317,28755,28850,240,29090,291
2021-03-16,Stanislaus,099,539301,52171,51410,5449,56859,683
2021-03-16,Sutter,101,95872,8990,8970,79,9049,102
2021-03-16,Tehama,103,63373,4711,4660,494,5154,34
2021-03-16,Trinity,105,12862,472,308,79,387,3
2021-03-16,Tulare,107,460477,48996,47895,8270,56165,803
2021-03-16,Tuolumne,109,53932,3888,3938,38,3976,57
2021-03-16,Ventura,111,848112,79260,78671,2799,81470,916
2021-03-16,Yolo,113,214977,13196,13162,162,13324,190
2021-03-16,Yuba,115,75493,5652,5596,89,5685,42
2021-03-15,Alameda,001,1643700,82626,82159,1723,83882,1167
2021-03-15,Alpine,003,1148,83,82,0,82,0
2021-03-15,Amador,005,37829,3517,3506,31,3537,44
2021-03-15,Butte,007,227075,11541,11141,1630,12771,185
2021-03-15,Calaveras,009,45235,1964,1941,11,1952,49
2021-03-15,Colusa,011,21464,1883,1883,270,2153,12
2021-03-15,Contra Costa,013,1133247,64782,63847,1091,64938,732
2021-03-15,Del Norte,015,27424,1104,1048,5,1053,6
2021-03-15,El Dorado,017,186661,9321,9235,607,9842,103
2021-03-15,Fresno,019,978130,98527,97520,7960,105480,1496
2021-03-15,Glenn,021,27897,2300,2261,505,2766,15
2021-03-15,Humboldt,023,135768,3380,3337,24,3361,32
2021-03-15,Imperial,025,180216,27419,27122,2500,29622,684
2021-03-15,Inyo,027,18085,1360,1346,9,1355,35
2021-03-15,Kern,029,883053,94706,93266,10042,103308,1141
2021-03-15,Kings,031,150075,22610,22294,983,23277,233
2021-03-15,Lake,033,64148,3292,3237,8,3245,43
2021-03-15,Lassen,035,31185,5135,5125,99,5224,1
2021-03-15,Los Angeles,037,10098052,1183098,1172445,38992,1211437,22477
2021-03-15,Madera,039,155013,15959,15806,858,16664,214
2021-03-15,Marin,041,260295,13496,13408,178,13586,218
2021-03-15,Mariposa,043,17540,384,376,5,381,5
2021-03-15,Mendocino,045,87422,3713,3615,74,3689,44
2021-03-15,Merced,047,269075,29282,29169,944,30113,407
2021-03-15,Modoc,049,8938,347,340,118,458,3
2021-03-15,Mono,051,14174,1209,1206,15,1221,3
2021-03-15,Monterey,053,433212,42305,42011,1709,43720,333
2021-03-15,Napa,055,140530,9246,9196,32,9228,75
2021-03-15,Nevada,057,99092,4176,4123,167,4290,66
2021-03-15,Orange,059,3164182,249649,247697,10395,258092,4481
2021-03-15,Placer,061,380077,21182,20308,1178,21486,238
2021-03-15,Plumas,063,18699,659,642,10,652,4
2021-03-15,Riverside,065,2383286,288120,281367,13406,294773,3856
2021-03-15,Sacramento,067,1510023,96950,95414,1321,96735,1463
2021-03-15,San Benito,069,59416,5814,5831,89,5920,61
2021-03-15,San Bernardino,071,2135413,287965,283815,8584,292399,4004
2021-03-15,San Diego,073,3302833,268193,265646,13254,278900,3452
2021-03-15,San Francisco,075,870044,34784,34820,1131,35951,456
2021-03-15,San Joaquin,077,732212,68542,66622,2896,69518,1140
2021-03-15,San Luis Obispo,079,281455,20146,19813,587,20400,247
2021-03-15,San Mateo,081,765935,40207,39765,419,40184,344
2021-03-15,Santa Barbara,083,443738,32951,32529,1058,33587,431
2021-03-15,Santa Clara,085,1922200,112734,112729,612,113341,1798
2021-03-15,Santa Cruz,087,273765,15694,14899,782,15681,200
2021-03-15,Shasta,089,179085,11128,11019,1307,12326,92
2021-03-15,Sierra,091,2930,53,49,12,61,0
2021-03-15,Siskiyou,093,43540,1553,1475,244,1719,5
2021-03-15,Solano,095,438530,30394,30258,383,30641,171
2021-03-15,Sonoma,097,501317,28737,28814,237,29051,285
2021-03-15,Stanislaus,099,539301,52092,51357,5442,56799,683
2021-03-15,Sutter,101,95872,8984,8962,79,9041,102
2021-03-15,Tehama,103,63373,4696,4650,493,5143,34
2021-03-15,Trinity,105,12862,472,308,79,387,3
2021-03-15,Tulare,107,460477,48966,47857,8255,56112,800
2021-03-15,Tuolumne,109,53932,3886,3937,37,3974,57
2021-03-15,Ventura,111,848112,79204,78626,2798,81424,910
2021-03-15,Yolo,113,214977,13177,13131,162,13293,190
2021-03-15,Yuba,115,75493,5647,5585,88,5673,42
2021-03-14,Alameda,001,1643700,82541,82116,1720,83836,1168
2021-03-14,Alpine,003,1148,83,82,0,82,0
2021-03-14,Amador,005,37829,3512,3504,31,3535,44
2021-03-14,Butte,007,227075,11528,11140,1626,12766,185
2021-03-14,Calaveras,009,45235,1960,1939,11,1950,49
2021-03-14,Colusa,011,21464,1883,1883,270,2153,12
2021-03-14,Contra Costa,013,1133247,64678,63808,1090,64898,731
2021-03-14,Del Norte,015,27424,1090,1048,5,1053,6
2021-03-14,El Dorado,017,186661,9311,9231,607,9838,103
2021-03-14,Fresno,019,978130,98418,97461,7942,105403,1496
2021-03-14,Glenn,021,27897,2295,2260,502,2762,15
2021-03-14,Humboldt,023,135768,3366,3335,24,3359,32
2021-03-14,Imperial,025,180216,27404,27122,2495,29617,685
2021-03-14,Inyo,027,18085,1356,1346,9,1355,35
2021-03-14,Kern,029,883053,94623,93252,10024,103276,1141
2021-03-14,Kings,031,150075,22591,22292,981,23273,232
2021-03-14,Lake,033,64148,3287,3237,8,3245,43
2021-03-14,Lassen,035,31185,5133,5125,99,5224,1
2021-03-14,Los Angeles,037,10098052,1182523,1172100,38960,1211060,22476
2021-03-14,Madera,039,155013,15934,15804,858,16662,214
2021-03-14,Marin,041,260295,13480,13405,176,13581,218
2021-03-14,Mariposa,043,17540,382,376,5,381,5
2021-03-14,Mendocino,045,87422,3708,3613,74,3687,44
2021-03-14,Merced,047,269075,29214,29149,940,30089,407
2021-03-14,Modoc,049,8938,347,340,118,458,3
2021-03-14,Mono,051,14174,1203,1206,15,1221,3
2021-03-14,Monterey,053,433212,42281,42007,1706,43713,333
2021-03-14,Napa,055,140530,9228,9194,32,9226,75
2021-03-14,Nevada,057,99092,4170,4122,165,4287,66
2021-03-14,Orange,059,3164182,249515,247656,10375,258031,4460
2021-03-14,Placer,061,380077,21147,20288,1170,21458,238
2021-03-14,Plumas,063,18699,657,642,10,652,4
2021-03-14,Riverside,065,2383286,287962,281332,13398,294730,3845
2021-03-14,Sacramento,067,1510023,96772,95343,1316,96659,1462
2021-03-14,San Benito,069,59416,5805,5829,89,5918,61
2021-03-14,San Bernardino,071,2135413,287842,283791,8573,292364,3996
2021-03-14,San Diego,073,3302833,267958,265468,13241,278709,3452
2021-03-14,San Francisco,075,870044,34745,34810,1128,35938,455
2021-03-14,San Joaquin,077,732212,68414,66563,2879,69442,1140
2021-03-14,San Luis Obispo,079,281455,20118,19806,585,20391,247
2021-03-14,San Mateo,081,765935,40168,39744,419,40163,342
2021-03-14,Santa Barbara,083,443738,32907,32514,1056,33570,431
2021-03-14,Santa Clara,085,1922200,112606,112648,611,113259,1796
2021-03-14,Santa Cruz,087,273765,15678,14887,780,15667,200
2021-03-14,Shasta,089,179085,11112,11019,1300,12319,92
2021-03-14,Sierra,091,2930,53,49,12,61,0
2021-03-14,Siskiyou,093,43540,1550,1473,244,1717,5
2021-03-14,Solano,095,438530,30362,30230,378,30608,171
2021-03-14,Sonoma,097,501317,28702,28798,233,29031,284
2021-03-14,Stanislaus,099,539301,51972,51306,5434,56740,690
2021-03-14,Sutter,101,95872,8968,8958,79,9037,102
2021-03-14,Tehama,103,63373,4689,4650,492,5142,34
2021-03-14,Trinity,105,12862,471,308,78,386,3
2021-03-14,Tulare,107,460477,48933,47845,8234,56079,800
2021-03-14,Tuolumne,109,53932,3884,3937,37,3974,57
2021-03-14,Ventura,111,848112,79156,78611,2792,81403,910
2021-03-14,Yolo,113,214977,13154,13128,159,13287,189
2021-03-14,Yuba,115,75493,5637,5583,88,5671,42
2021-03-13,Alameda,001,1643700,82481,82010,1720,83730,1168
2021-03-13,Alpine,003,1148,83,82,0,82,0
2021-03-13,Amador,005,37829,3509,3504,31,3535,44
2021-03-13,Butte,007,227075,11519,11131,1625,12756,185
2021-03-13,Calaveras,009,45235,1959,1939,11,1950,49
2021-03-13,Colusa,011,21464,1883,1882,270,2152,12
2021-03-13,Contra Costa,013,1133247,64617,63689,1090,64779,731
2021-03-13,Del Norte,015,27424,1086,1041,5,1046,6
2021-03-13,El Dorado,017,186661,9303,9221,607,9828,103
2021-03-13,Fresno,019,978130,98359,97324,7922,105246,1495
2021-03-13,Glenn,021,27897,2294,2260,501,2761,15
2021-03-13,Humboldt,023,135768,3359,3325,24,3349,32
2021-03-13,Imperial,025,180216,27398,27099,2491,29590,677
2021-03-13,Inyo,027,18085,1355,1344,9,1353,35
2021-03-13,Kern,029,883053,94584,93197,10018,103215,1140
2021-03-13,Kings,031,150075,22575,22265,980,23245,232
2021-03-13,Lake,033,64148,3280,3234,7,3241,43
2021-03-13,Lassen,035,31185,5133,5125,99,5224,1
2021-03-13,Los Angeles,037,10098052,1182205,1171505,38918,1210423,22451
2021-03-13,Madera,039,155013,15922,15780,858,16638,214
2021-03-13,Marin,041,260295,13474,13391,174,13565,218
2021-03-13,Mariposa,043,17540,381,376,5,381,5
2021-03-13,Mendocino,045,87422,3704,3611,74,3685,44
2021-03-13,Merced,047,269075,29183,29106,940,30046,406
2021-03-13,Modoc,049,8938,347,340,117,457,3
2021-03-13,Mono,051,14174,1203,1207,15,1222,3
2021-03-13,Monterey,053,433212,42271,41989,1704,43693,332
2021-03-13,Napa,055,140530,9222,9190,32,9222,75
2021-03-13,Nevada,057,99092,4163,4111,164,4275,66
2021-03-13,Orange,059,3164182,249434,247514,10359,257873,4423
2021-03-13,Placer,061,380077,21126,20238,1167,21405,239
2021-03-13,Plumas,063,18699,655,642,10,652,4
2021-03-13,Riverside,065,2383286,287869,281191,13390,294581,3848
2021-03-13,Sacramento,067,1510023,96686,95192,1314,96506,1461
2021-03-13,San Benito,069,59416,5802,5823,89,5912,61
2021-03-13,San Bernardino,071,2135413,287788,283727,8567,292294,3972
2021-03-13,San Diego,073,3302833,267803,265270,13227,278497,3444
2021-03-13,San Francisco,075,870044,34728,34784,1119,35903,455
2021-03-13,San Joaquin,077,732212,68358,66480,2857,69337,1141
2021-03-13,San Luis Obispo,079,281455,20100,19789,584,20373,247
2021-03-13,San Mateo,081,765935,40141,39689,418,40107,341
2021-03-13,Santa Barbara,083,443738,32882,32486,1055,33541,431
2021-03-13,Santa Clara,085,1922200,112521,112531,610,113141,1790
2021-03-13,Santa Cruz,087,273765,15671,14875,780,15655,199
2021-03-13,Shasta,089,179085,11104,11021,1297,12318,108
2021-03-13,Sierra,091,2930,52,49,12,61,0
2021-03-13,Siskiyou,093,43540,1548,1470,244,1714,5
2021-03-13,Solano,095,438530,30345,30198,378,30576,171
2021-03-13,Sonoma,097,501317,28682,28762,229,28991,285
2021-03-13,Stanislaus,099,539301,51921,51257,5430,56687,695
2021-03-13,Sutter,101,95872,8961,8948,79,9027,102
2021-03-13,Tehama,103,63373,4687,4647,492,5139,33
2021-03-13,Trinity,105,12862,471,306,78,384,3
2021-03-13,Tulare,107,460477,48907,47818,8226,56044,798
2021-03-13,Tuolumne,109,53932,3881,3937,37,3974,57
2021-03-13,Ventura,111,848112,79104,78693,2792,81485,906
2021-03-13,Yolo,113,214977,13145,13087,159,13246,189
2021-03-13,Yuba,115,75493,5636,5577,88,5665,42
2021-03-12,Alameda,001,1643700,82404,81898,1719,83617,1164
2021-03-12,Alpine,003,1148,83,82,0,82,0
2021-03-12,Amador,005,37829,3506,3503,31,3534,44
2021-03-12,Butte,007,227075,11509,11126,1623,12749,184
2021-03-12,Calaveras,009,45235,1959,1916,11,1927,49
2021-03-12,Colusa,011,21464,1883,1883,270,2153,12
2021-03-12,Contra Costa,013,1133247,64541,63583,1090,64673,728
2021-03-12,Del Norte,015,27424,1080,1033,5,1038,6
2021-03-12,El Dorado,017,186661,9294,9219,607,9826,103
2021-03-12,Fresno,019,978130,98262,97185,7911,105096,1489
2021-03-12,Glenn,021,27897,2293,2258,500,2758,15
2021-03-12,Humboldt,023,135768,3354,3315,24,3339,32
2021-03-12,Imperial,025,180216,27387,27071,2489,29560,677
2021-03-12,Inyo,027,18085,1353,1339,9,1348,35
2021-03-12,Kern,029,883053,94550,93142,10002,103144,1132
2021-03-12,Kings,031,150075,22556,22233,980,23213,232
2021-03-12,Lake,033,64148,3274,3226,6,3232,43
2021-03-12,Lassen,035,31185,5133,5125,98,5223,1
2021-03-12,Los Angeles,037,10098052,1181810,1170860,38901,1209761,22409
2021-03-12,Madera,039,155013,15910,15761,855,16616,214
2021-03-12,Marin,041,260295,13467,13375,174,13549,218
2021-03-12,Mariposa,043,17540,379,376,5,381,5
2021-03-12,Mendocino,045,87422,3701,3605,74,3679,43
2021-03-12,Merced,047,269075,29152,29064,940,30004,403
2021-03-12,Modoc,049,8938,347,340,117,457,3
2021-03-12,Mono,051,14174,1202,1206,15,1221,3
2021-03-12,Monterey,053,433212,42257,41964,1699,43663,329
2021-03-12,Napa,055,140530,9213,9180,32,9212,75
2021-03-12,Nevada,057,99092,4153,4101,164,4265,66
2021-03-12,Orange,059,3164182,249342,247388,10348,257736,4401
2021-03-12,Placer,061,380077,21093,20210,1162,21372,239
2021-03-12,Plumas,063,18699,654,641,10,651,4
2021-03-12,Riverside,065,2383286,287769,281037,13383,294420,3854
2021-03-12,Sacramento,067,1510023,96562,95061,1308,96369,1460
2021-03-12,San Benito,069,59416,5799,5817,89,5906,61
2021-03-12,San Bernardino,071,2135413,287732,283558,8562,292120,3917
2021-03-12,San Diego,073,3302833,267640,264886,13219,278105,3434
2021-03-12,San Francisco,075,870044,34707,34758,1116,35874,452
2021-03-12,San Joaquin,077,732212,68287,66482,2848,69330,1144
2021-03-12,San Luis Obispo,079,281455,20087,19769,582,20351,247
2021-03-12,San Mateo,081,765935,40105,39638,416,40054,341
2021-03-12,Santa Barbara,083,443738,32859,32457,1052,33509,429
2021-03-12,Santa Clara,085,1922200,112426,112396,609,113005,1766
2021-03-12,Santa Cruz,087,273765,15659,14846,778,15624,195
2021-03-12,Shasta,089,179085,11095,11143,1295,12438,153
2021-03-12,Sierra,091,2930,52,49,12,61,0
2021-03-12,Siskiyou,093,43540,1548,1468,243,1711,5
2021-03-12,Solano,095,438530,30326,30180,377,30557,171
2021-03-12,Sonoma,097,501317,28655,28714,229,28943,285
2021-03-12,Stanislaus,099,539301,51862,51146,5424,56570,701
2021-03-12,Sutter,101,95872,8955,8940,79,9019,101
2021-03-12,Tehama,103,63373,4683,4638,491,5129,33
2021-03-12,Trinity,105,12862,470,306,78,384,3
2021-03-12,Tulare,107,460477,48882,47772,8220,55992,798
2021-03-12,Tuolumne,109,53932,3880,3936,37,3973,57
2021-03-12,Ventura,111,848112,79058,78698,2788,81486,899
2021-03-12,Yolo,113,214977,13135,13061,152,13213,189
2021-03-12,Yuba,115,75493,5629,5563,87,5650,42
2021-03-11,Alameda,001,1643700,82313,81809,1714,83523,1164
2021-03-11,Alpine,003,1148,83,78,0,78,0
2021-03-11,Amador,005,37829,3505,3498,31,3529,42
2021-03-11,Butte,007,227075,11498,11110,1621,12731,185
2021-03-11,Calaveras,009,45235,1956,1915,11,1926,49
2021-03-11,Colusa,011,21464,1883,1883,270,2153,12
2021-03-11,Contra Costa,013,1133247,64468,63469,1088,64557,728
2021-03-11,Del Norte,015,27424,1075,1027,5,1032,6
2021-03-11,El Dorado,017,186661,9280,9211,607,9818,101
2021-03-11,Fresno,019,978130,98146,97026,7882,104908,1481
2021-03-11,Glenn,021,27897,2290,2255,500,2755,15
2021-03-11,Humboldt,023,135768,3337,3302,24,3326,32
2021-03-11,Imperial,025,180216,27380,27045,2486,29531,675
2021-03-11,Inyo,027,18085,1348,1335,9,1344,35
2021-03-11,Kern,029,883053,94494,93052,9963,103015,1121
2021-03-11,Kings,031,150075,22541,22183,977,23160,230
2021-03-11,Lake,033,64148,3270,3214,6,3220,42
2021-03-11,Lassen,035,31185,5132,5124,98,5222,1
2021-03-11,Los Angeles,037,10098052,1181278,1170111,38870,1208981,22316
2021-03-11,Madera,039,155013,15899,15725,853,16578,214
2021-03-11,Marin,041,260295,13455,13356,173,13529,217
2021-03-11,Mariposa,043,17540,379,376,5,381,5
2021-03-11,Mendocino,045,87422,3694,3604,74,3678,42
2021-03-11,Merced,047,269075,29104,29001,939,29940,401
2021-03-11,Modoc,049,8938,347,340,117,457,3
2021-03-11,Mono,051,14174,1201,1206,15,1221,3
2021-03-11,Monterey,053,433212,42234,41936,1693,43629,329
2021-03-11,Napa,055,140530,9200,9173,32,9205,75
2021-03-11,Nevada,057,99092,4141,4085,162,4247,66
2021-03-11,Orange,059,3164182,249204,247217,10330,257547,4373
2021-03-11,Placer,061,380077,21051,20178,1158,21336,239
2021-03-11,Plumas,063,18699,653,640,10,650,4
2021-03-11,Riverside,065,2383286,287598,280881,13370,294251,3842
2021-03-11,Sacramento,067,1510023,96421,94912,1305,96217,1455
2021-03-11,San Benito,069,59416,5796,5816,89,5905,61
2021-03-11,San Bernardino,071,2135413,287635,283312,8556,291868,3869
2021-03-11,San Diego,073,3302833,267475,264524,13203,277727,3422
2021-03-11,San Francisco,075,870044,34671,34722,1110,35832,452
2021-03-11,San Joaquin,077,732212,68175,66522,2840,69362,1157
2021-03-11,San Luis Obispo,079,281455,20062,19748,581,20329,247
2021-03-11,San Mateo,081,765935,40068,39590,415,40005,341
2021-03-11,Santa Barbara,083,443738,32831,32408,1047,33455,430
2021-03-11,Santa Clara,085,1922200,112297,112246,606,112852,1765
2021-03-11,Santa Cruz,087,273765,15647,14812,777,15589,193
2021-03-11,Shasta,089,179085,11085,11139,1290,12429,158
2021-03-11,Sierra,091,2930,52,48,12,60,0
2021-03-11,Siskiyou,093,43540,1545,1466,242,1708,5
2021-03-11,Solano,095,438530,30298,30138,376,30514,171
2021-03-11,Sonoma,097,501317,28626,28677,229,28906,285
2021-03-11,Stanislaus,099,539301,51777,51038,5416,56454,707
2021-03-11,Sutter,101,95872,8949,8933,79,9012,101
2021-03-11,Tehama,103,63373,4675,4632,491,5123,33
2021-03-11,Trinity,105,12862,469,304,77,381,3
2021-03-11,Tulare,107,460477,48845,47709,8209,55918,797
2021-03-11,Tuolumne,109,53932,3878,3934,37,3971,57
2021-03-11,Ventura,111,848112,79008,78697,2784,81481,889
2021-03-11,Yolo,113,214977,13117,13041,151,13192,190
2021-03-11,Yuba,115,75493,5625,5553,87,5640,42
2021-03-10,Alameda,001,1643700,82207,81701,1709,83410,1160
2021-03-10,Alpine,003,1148,82,78,0,78,0
2021-03-10,Amador,005,37829,3503,3496,31,3527,42
2021-03-10,Butte,007,227075,11488,11096,1621,12717,185
2021-03-10,Calaveras,009,45235,1950,1913,11,1924,48
2021-03-10,Colusa,011,21464,1883,1882,270,2152,12
2021-03-10,Contra Costa,013,1133247,64368,63372,1084,64456,725
2021-03-10,Del Norte,015,27424,1073,1020,5,1025,5
2021-03-10,El Dorado,017,186661,9267,9203,607,9810,100
2021-03-10,Fresno,019,978130,98039,96866,7866,104732,1471
2021-03-10,Glenn,021,27897,2287,2253,498,2751,15
2021-03-10,Humboldt,023,135768,3327,3296,23,3319,32
2021-03-10,Imperial,025,180216,27365,27051,2486,29537,675
2021-03-10,Inyo,027,18085,1348,1328,9,1337,35
2021-03-10,Kern,029,883053,94428,92965,9942,102907,1102
2021-03-10,Kings,031,150075,22522,22166,976,23142,226
2021-03-10,Lake,033,64148,3260,3207,6,3213,42
2021-03-10,Lassen,035,31185,5132,5120,98,5218,1
2021-03-10,Los Angeles,037,10098052,1180732,1169079,38844,1207923,22199
2021-03-10,Madera,039,155013,15878,15705,850,16555,212
2021-03-10,Marin,041,260295,13445,13348,172,13520,216
2021-03-10,Mariposa,043,17540,379,376,5,381,5
2021-03-10,Mendocino,045,87422,3689,3602,74,3676,42
2021-03-10,Merced,047,269075,29066,28927,936,29863,401
2021-03-10,Modoc,049,8938,346,338,117,455,3
2021-03-10,Mono,051,14174,1197,1204,15,1219,3
2021-03-10,Monterey,053,433212,42212,41920,1689,43609,329
2021-03-10,Napa,055,140530,9191,9165,32,9197,75
2021-03-10,Nevada,057,99092,4137,4074,162,4236,66
2021-03-10,Orange,059,3164182,249056,247075,10315,257390,4342
2021-03-10,Placer,061,380077,21017,20144,1152,21296,239
2021-03-10,Plumas,063,18699,652,639,10,649,4
2021-03-10,Riverside,065,2383286,287457,280708,13356,294064,3822
2021-03-10,Sacramento,067,1510023,96291,94796,1299,96095,1452
2021-03-10,San Benito,069,59416,5787,5811,89,5900,61
2021-03-10,San Bernardino,071,2135413,287542,283140,8550,291690,3841
2021-03-10,San Diego,073,3302833,267253,264094,13191,277285,3413
2021-03-10,San Francisco,075,870044,34636,34688,1102,35790,450
2021-03-10,San Joaquin,077,732212,68073,66483,2823,69306,1156
2021-03-10,San Luis Obispo,079,281455,20038,19710,577,20287,247
2021-03-10,San Mateo,081,765935,40044,39571,415,39986,338
2021-03-10,Santa Barbara,083,443738,32804,32356,1044,33400,429
2021-03-10,Santa Clara,085,1922200,112188,112103,602,112705,1759
2021-03-10,Santa Cruz,087,273765,15632,14790,776,15566,192
2021-03-10,Shasta,089,179085,11075,11125,1287,12412,155
2021-03-10,Sierra,091,2930,52,48,12,60,0
2021-03-10,Siskiyou,093,43540,1543,1458,242,1700,5
2021-03-10,Solano,095,438530,30268,30111,375,30486,170
2021-03-10,Sonoma,097,501317,28591,28638,228,28866,286
2021-03-10,Stanislaus,099,539301,51690,50968,5397,56365,706
2021-03-10,Sutter,101,95872,8938,8918,79,8997,101
2021-03-10,Tehama,103,63373,4664,4623,490,5113,33
2021-03-10,Trinity,105,12862,469,304,77,381,3
2021-03-10,Tulare,107,460477,48797,47659,8191,55850,793
2021-03-10,Tuolumne,109,53932,3877,3931,37,3968,57
2021-03-10,Ventura,111,848112,78931,78609,2782,81391,878
2021-03-10,Yolo,113,214977,13093,13021,151,13172,189
2021-03-10,Yuba,115,75493,5612,5545,86,5631,42
2021-03-09,Alameda,001,1643700,82121,81618,1709,83327,1151
2021-03-09,Alpine,003,1148,82,78,0,78,0
2021-03-09,Amador,005,37829,3501,3494,31,3525,42
2021-03-09,Butte,007,227075,11475,11092,1620,12712,185
2021-03-09,Calaveras,009,45235,1948,1913,11,1924,48
2021-03-09,Colusa,011,21464,1883,1880,270,2150,11
2021-03-09,Contra Costa,013,1133247,64278,63314,1082,64396,723
2021-03-09,Del Norte,015,27424,1065,1017,5,1022,5
2021-03-09,El Dorado,017,186661,9259,9198,607,9805,98
2021-03-09,Fresno,019,978130,97920,96744,7840,104584,1463
2021-03-09,Glenn,021,27897,2283,2251,496,2747,15
2021-03-09,Humboldt,023,135768,3315,3288,22,3310,32
2021-03-09,Imperial,025,180216,27355,27045,2482,29527,675
2021-03-09,Inyo,027,18085,1346,1324,9,1333,35
2021-03-09,Kern,029,883053,94349,92924,9924,102848,1088
2021-03-09,Kings,031,150075,22497,22143,974,23117,226
2021-03-09,Lake,033,64148,3254,3202,6,3208,42
2021-03-09,Lassen,035,31185,5132,5120,98,5218,1
2021-03-09,Los Angeles,037,10098052,1180135,1167967,38811,1206778,22080
2021-03-09,Madera,039,155013,15867,15701,848,16549,211
2021-03-09,Marin,041,260295,13427,13335,170,13505,214
2021-03-09,Mariposa,043,17540,379,376,5,381,5
2021-03-09,Mendocino,045,87422,3685,3595,74,3669,42
2021-03-09,Merced,047,269075,29006,28876,933,29809,399
2021-03-09,Modoc,049,8938,346,338,116,454,3
2021-03-09,Mono,051,14174,1196,1203,15,1218,3
2021-03-09,Monterey,053,433212,42193,41894,1681,43575,329
2021-03-09,Napa,055,140530,9177,9155,32,9187,75
2021-03-09,Nevada,057,99092,4129,4062,162,4224,66
2021-03-09,Orange,059,3164182,248914,246989,10296,257285,4310
2021-03-09,Placer,061,380077,20975,20122,1147,21269,239
2021-03-09,Plumas,063,18699,649,639,10,649,4
2021-03-09,Riverside,065,2383286,287324,280562,13352,293914,3821
2021-03-09,Sacramento,067,1510023,96124,94720,1293,96013,1442
2021-03-09,San Benito,069,59416,5783,5800,89,5889,61
2021-03-09,San Bernardino,071,2135413,287427,282971,8544,291515,3823
2021-03-09,San Diego,073,3302833,267021,263745,13170,276915,3405
2021-03-09,San Francisco,075,870044,34605,34654,1098,35752,450
2021-03-09,San Joaquin,077,732212,67945,66383,2813,69196,1150
2021-03-09,San Luis Obispo,079,281455,20021,19672,570,20242,245
2021-03-09,San Mateo,081,765935,39997,39535,413,39948,336
2021-03-09,Santa Barbara,083,443738,32763,32314,1042,33356,428
2021-03-09,Santa Clara,085,1922200,112077,111963,597,112560,1756
2021-03-09,Santa Cruz,087,273765,15610,14764,775,15539,188
2021-03-09,Shasta,089,179085,11068,11113,1282,12395,155
2021-03-09,Sierra,091,2930,52,48,12,60,0
2021-03-09,Siskiyou,093,43540,1539,1447,240,1687,5
2021-03-09,Solano,095,438530,30232,30090,373,30463,169
2021-03-09,Sonoma,097,501317,28541,28601,225,28826,284
2021-03-09,Stanislaus,099,539301,51592,50884,5388,56272,703
2021-03-09,Sutter,101,95872,8925,8914,79,8993,101
2021-03-09,Tehama,103,63373,4659,4620,490,5110,33
2021-03-09,Trinity,105,12862,469,304,77,381,3
2021-03-09,Tulare,107,460477,48770,47637,8172,55809,792
2021-03-09,Tuolumne,109,53932,3875,3929,37,3966,56
2021-03-09,Ventura,111,848112,78868,78526,2780,81306,863
2021-03-09,Yolo,113,214977,13081,13015,149,13164,189
2021-03-09,Yuba,115,75493,5605,5539,86,5625,42
2021-03-08,Alameda,001,1643700,82010,81543,1708,83251,1142
2021-03-08,Alpine,003,1148,82,78,0,78,0
2021-03-08,Amador,005,37829,3498,3490,31,3521,42
2021-03-08,Butte,007,227075,11462,11082,1619,12701,185
2021-03-08,Calaveras,009,45235,1944,1909,11,1920,48
2021-03-08,Colusa,011,21464,1883,1877,270,2147,11
2021-03-08,Contra Costa,013,1133247,64182,63240,1082,64322,719
2021-03-08,Del Norte,015,27424,1060,1012,5,1017,5
2021-03-08,El Dorado,017,186661,9256,9188,606,9794,97
2021-03-08,Fresno,019,978130,97822,96665,7819,104484,1442
2021-03-08,Glenn,021,27897,2282,2249,496,2745,15
2021-03-08,Humboldt,023,135768,3301,3278,22,3300,31
2021-03-08,Imperial,025,180216,27347,27033,2479,29512,663
2021-03-08,Inyo,027,18085,1344,1320,9,1329,35
2021-03-08,Kern,029,883053,94283,92857,9904,102761,1087
2021-03-08,Kings,031,150075,22476,22130,972,23102,226
2021-03-08,Lake,033,64148,3242,3195,6,3201,42
2021-03-08,Lassen,035,31185,5132,5119,98,5217,1
2021-03-08,Los Angeles,037,10098052,1179515,1163409,38779,1202188,21868
2021-03-08,Madera,039,155013,15857,15691,846,16537,211
2021-03-08,Marin,041,260295,13407,13328,168,13496,214
2021-03-08,Mariposa,043,17540,379,376,5,381,5
2021-03-08,Mendocino,045,87422,3683,3590,73,3663,42
2021-03-08,Merced,047,269075,28946,28841,932,29773,398
2021-03-08,Modoc,049,8938,346,338,116,454,3
2021-03-08,Mono,051,14174,1195,1200,15,1215,3
2021-03-08,Monterey,053,433212,42172,41863,1680,43543,328
2021-03-08,Napa,055,140530,9174,9146,32,9178,75
2021-03-08,Nevada,057,99092,4121,4059,162,4221,66
2021-03-08,Orange,059,3164182,248741,246900,10264,257164,4243
2021-03-08,Placer,061,380077,20940,20102,1136,21238,239
2021-03-08,Plumas,063,18699,648,635,10,645,4
2021-03-08,Riverside,065,2383286,287171,280463,13342,293805,3783
2021-03-08,Sacramento,067,1510023,95954,94654,1288,95942,1438
2021-03-08,San Benito,069,59416,5780,5797,89,5886,61
2021-03-08,San Bernardino,071,2135413,287316,282894,8537,291431,3811
2021-03-08,San Diego,073,3302833,266780,263272,13155,276427,3390
2021-03-08,San Francisco,075,870044,34579,34634,1094,35728,446
2021-03-08,San Joaquin,077,732212,67829,66307,2804,69111,1139
2021-03-08,San Luis Obispo,079,281455,19978,19656,567,20223,245
2021-03-08,San Mateo,081,765935,39948,39492,411,39903,335
2021-03-08,Santa Barbara,083,443738,32731,32293,1042,33335,427
2021-03-08,Santa Clara,085,1922200,111949,111882,595,112477,1756
2021-03-08,Santa Cruz,087,273765,15590,14729,775,15504,188
2021-03-08,Shasta,089,179085,11060,11088,1277,12365,155
2021-03-08,Sierra,091,2930,52,48,12,60,0
2021-03-08,Siskiyou,093,43540,1538,1440,240,1680,5
2021-03-08,Solano,095,438530,30192,30068,371,30439,169
2021-03-08,Sonoma,097,501317,28497,28571,224,28795,284
2021-03-08,Stanislaus,099,539301,51513,50825,5383,56208,690
2021-03-08,Sutter,101,95872,8922,8905,79,8984,100
2021-03-08,Tehama,103,63373,4655,4615,490,5105,33
2021-03-08,Trinity,105,12862,468,302,77,379,3
2021-03-08,Tulare,107,460477,48729,47587,8147,55734,791
2021-03-08,Tuolumne,109,53932,3874,3921,37,3958,56
2021-03-08,Ventura,111,848112,78795,78526,2772,81298,852
2021-03-08,Yolo,113,214977,13058,13000,149,13149,189
2021-03-08,Yuba,115,75493,5595,5530,86,5616,42
2021-03-07,Alameda,001,1643700,81890,81413,1707,83120,1145
2021-03-07,Alpine,003,1148,82,78,0,78,0
2021-03-07,Amador,005,37829,3495,3489,31,3520,42
2021-03-07,Butte,007,227075,11446,11075,1618,12693,185
2021-03-07,Calaveras,009,45235,1940,1906,11,1917,48
2021-03-07,Colusa,011,21464,1883,1876,270,2146,11
2021-03-07,Contra Costa,013,1133247,64083,63148,1080,64228,719
2021-03-07,Del Norte,015,27424,1055,1010,5,1015,5
2021-03-07,El Dorado,017,186661,9253,9184,605,9789,97
2021-03-07,Fresno,019,978130,97644,96549,7797,104346,1442
2021-03-07,Glenn,021,27897,2280,2244,496,2740,15
2021-03-07,Humboldt,023,135768,3291,3274,22,3296,31
2021-03-07,Imperial,025,180216,27338,27019,2477,29496,658
2021-03-07,Inyo,027,18085,1341,1320,9,1329,35
2021-03-07,Kern,029,883053,94196,92746,9874,102620,1086
2021-03-07,Kings,031,150075,22454,22103,972,23075,224
2021-03-07,Lake,033,64148,3236,3192,6,3198,42
2021-03-07,Lassen,035,31185,5131,5119,98,5217,1
2021-03-07,Los Angeles,037,10098052,1178789,1162749,38744,1201493,21857
2021-03-07,Madera,039,155013,15838,15675,846,16521,211
2021-03-07,Marin,041,260295,13399,13313,166,13479,214
2021-03-07,Mariposa,043,17540,378,376,5,381,5
2021-03-07,Mendocino,045,87422,3679,3581,73,3654,42
2021-03-07,Merced,047,269075,28872,28829,928,29757,399
2021-03-07,Modoc,049,8938,346,338,116,454,3
2021-03-07,Mono,051,14174,1193,1199,15,1214,3
2021-03-07,Monterey,053,433212,42151,41858,1677,43535,328
2021-03-07,Napa,055,140530,9164,9137,32,9169,75
2021-03-07,Nevada,057,99092,4107,4052,161,4213,66
2021-03-07,Orange,059,3164182,248549,246771,10236,257007,4218
2021-03-07,Placer,061,380077,20899,20070,1132,21202,239
2021-03-07,Plumas,063,18699,647,635,10,645,4
2021-03-07,Riverside,065,2383286,287023,280379,13333,293712,3779
2021-03-07,Sacramento,067,1510023,95777,94513,1282,95795,1437
2021-03-07,San Benito,069,59416,5773,5795,89,5884,61
2021-03-07,San Bernardino,071,2135413,287165,282860,8532,291392,3810
2021-03-07,San Diego,073,3302833,266498,262965,13131,276096,3390
2021-03-07,San Francisco,075,870044,34545,34594,1089,35683,445
2021-03-07,San Joaquin,077,732212,67693,66252,2791,69043,1139
2021-03-07,San Luis Obispo,079,281455,19941,19614,565,20179,245
2021-03-07,San Mateo,081,765935,39908,39436,408,39844,329
2021-03-07,Santa Barbara,083,443738,32685,32218,1041,33259,425
2021-03-07,Santa Clara,085,1922200,111804,111745,591,112336,1752
2021-03-07,Santa Cruz,087,273765,15568,14715,774,15489,189
2021-03-07,Shasta,089,179085,11047,11083,1269,12352,156
2021-03-07,Sierra,091,2930,51,48,12,60,0
2021-03-07,Siskiyou,093,43540,1537,1435,236,1671,5
2021-03-07,Solano,095,438530,30155,30027,371,30398,169
2021-03-07,Sonoma,097,501317,28448,28533,222,28755,284
2021-03-07,Stanislaus,099,539301,51381,50783,5367,56150,699
2021-03-07,Sutter,101,95872,8912,8900,79,8979,100
2021-03-07,Tehama,103,63373,4648,4614,489,5103,33
2021-03-07,Trinity,105,12862,468,302,77,379,3
2021-03-07,Tulare,107,460477,48670,47569,8116,55685,790
2021-03-07,Tuolumne,109,53932,3873,3922,36,3958,56
2021-03-07,Ventura,111,848112,78703,78487,2770,81257,851
2021-03-07,Yolo,113,214977,13039,12988,149,13137,189
2021-03-07,Yuba,115,75493,5590,5516,86,5602,42
2021-03-06,Alameda,001,1643700,81833,81310,1706,83016,1143
2021-03-06,Alpine,003,1148,82,78,0,78,0
2021-03-06,Amador,005,37829,3491,3487,31,3518,42
2021-03-06,Butte,007,227075,11441,11065,1617,12682,185
2021-03-06,Calaveras,009,45235,1936,1904,11,1915,48
2021-03-06,Colusa,011,21464,1881,1874,270,2144,11
2021-03-06,Contra Costa,013,1133247,64021,63040,1076,64116,719
2021-03-06,Del Norte,015,27424,1050,1000,5,1005,5
2021-03-06,El Dorado,017,186661,9249,9166,605,9771,97
2021-03-06,Fresno,019,978130,97549,96366,7786,104152,1440
2021-03-06,Glenn,021,27897,2280,2241,496,2737,15
2021-03-06,Humboldt,023,135768,3281,3260,22,3282,31
2021-03-06,Imperial,025,180216,27333,27009,2472,29481,658
2021-03-06,Inyo,027,18085,1338,1312,9,1321,35
2021-03-06,Kern,029,883053,94150,92684,9854,102538,1082
2021-03-06,Kings,031,150075,22439,22094,972,23066,224
2021-03-06,Lake,033,64148,3234,3189,6,3195,42
2021-03-06,Lassen,035,31185,5131,5119,98,5217,1
2021-03-06,Los Angeles,037,10098052,1178349,1161745,38716,1200461,21843
2021-03-06,Madera,039,155013,15829,15646,845,16491,211
2021-03-06,Marin,041,260295,13390,13289,166,13455,213
2021-03-06,Mariposa,043,17540,378,376,5,381,5
2021-03-06,Mendocino,045,87422,3677,3579,73,3652,42
2021-03-06,Merced,047,269075,28829,28771,928,29699,399
2021-03-06,Modoc,049,8938,345,338,116,454,3
2021-03-06,Mono,051,14174,1192,1198,15,1213,3
2021-03-06,Monterey,053,433212,42146,41838,1674,43512,327
2021-03-06,Napa,055,140530,9156,9129,32,9161,75
2021-03-06,Nevada,057,99092,4101,4044,161,4205,66
2021-03-06,Orange,059,3164182,248458,246634,10222,256856,4165
2021-03-06,Placer,061,380077,20876,20030,1130,21160,239
2021-03-06,Plumas,063,18699,647,634,10,644,4
2021-03-06,Riverside,065,2383286,286929,280225,13325,293550,3781
2021-03-06,Sacramento,067,1510023,95689,94332,1273,95605,1436
2021-03-06,San Benito,069,59416,5768,5793,89,5882,61
2021-03-06,San Bernardino,071,2135413,287081,282737,8530,291267,3791
2021-03-06,San Diego,073,3302833,266311,262778,13114,275892,3385
2021-03-06,San Francisco,075,870044,34514,34560,1085,35645,435
2021-03-06,San Joaquin,077,732212,67619,66162,2781,68943,1138
2021-03-06,San Luis Obispo,079,281455,19921,19592,563,20155,245
2021-03-06,San Mateo,081,765935,39883,39384,408,39792,329
2021-03-06,Santa Barbara,083,443738,32655,32176,1041,33217,424
2021-03-06,Santa Clara,085,1922200,111709,111570,588,112158,1749
2021-03-06,Santa Cruz,087,273765,15557,14701,774,15475,188
2021-03-06,Shasta,089,179085,11038,11076,1267,12343,158
2021-03-06,Sierra,091,2930,51,48,12,60,0
2021-03-06,Siskiyou,093,43540,1535,1432,236,1668,5
2021-03-06,Solano,095,438530,30126,30000,370,30370,169
2021-03-06,Sonoma,097,501317,28425,28484,220,28704,284
2021-03-06,Stanislaus,099,539301,51311,50691,5361,56052,711
2021-03-06,Sutter,101,95872,8906,8887,79,8966,100
2021-03-06,Tehama,103,63373,4646,4610,486,5096,33
2021-03-06,Trinity,105,12862,468,302,77,379,3
2021-03-06,Tulare,107,460477,48638,47515,8088,55603,789
2021-03-06,Tuolumne,109,53932,3871,3920,36,3956,56
2021-03-06,Ventura,111,848112,78647,78439,2769,81208,848
2021-03-06,Yolo,113,214977,13033,12951,148,13099,189
2021-03-06,Yuba,115,75493,5581,5504,86,5590,42
2021-03-05,Alameda,001,1643700,81746,81215,1705,82920,1141
2021-03-05,Alpine,003,1148,82,78,0,78,0
2021-03-05,Amador,005,37829,3490,3484,31,3515,42
2021-03-05,Butte,007,227075,11430,11050,1616,12666,185
2021-03-05,Calaveras,009,45235,1933,1902,11,1913,48
2021-03-05,Colusa,011,21464,1881,1874,270,2144,11
2021-03-05,Contra Costa,013,1133247,63941,62886,1073,63959,711
2021-03-05,Del Norte,015,27424,1046,995,5,1000,5
2021-03-05,El Dorado,017,186661,9244,9150,604,9754,97
2021-03-05,Fresno,019,978130,97441,96184,7767,103951,1432
2021-03-05,Glenn,021,27897,2277,2241,495,2736,15
2021-03-05,Humboldt,023,135768,3274,3234,22,3256,31
2021-03-05,Imperial,025,180216,27323,26970,2463,29433,651
2021-03-05,Inyo,027,18085,1334,1309,9,1318,35
2021-03-05,Kern,029,883053,94110,92601,9841,102442,1076
2021-03-05,Kings,031,150075,22421,22063,971,23034,224
2021-03-05,Lake,033,64148,3232,3185,6,3191,42
2021-03-05,Lassen,035,31185,5131,5117,96,5213,1
2021-03-05,Los Angeles,037,10098052,1177858,1160688,38687,1199375,21745
2021-03-05,Madera,039,155013,15819,15624,843,16467,211
2021-03-05,Marin,041,260295,13378,13275,165,13440,215
2021-03-05,Mariposa,043,17540,378,375,5,380,4
2021-03-05,Mendocino,045,87422,3674,3577,73,3650,42
2021-03-05,Merced,047,269075,28796,28734,927,29661,399
2021-03-05,Modoc,049,8938,345,337,116,453,3
2021-03-05,Mono,051,14174,1191,1197,15,1212,3
2021-03-05,Monterey,053,433212,42133,41802,1674,43476,325
2021-03-05,Napa,055,140530,9148,9109,32,9141,75
2021-03-05,Nevada,057,99092,4098,4033,161,4194,66
2021-03-05,Orange,059,3164182,248345,246489,10209,256698,4108
2021-03-05,Placer,061,380077,20850,19973,1126,21099,239
2021-03-05,Plumas,063,18699,647,635,10,645,4
2021-03-05,Riverside,065,2383286,286818,280075,13320,293395,3781
2021-03-05,Sacramento,067,1510023,95593,94182,1266,95448,1430
2021-03-05,San Benito,069,59416,5765,5790,89,5879,61
2021-03-05,San Bernardino,071,2135413,286988,282640,8526,291166,3774
2021-03-05,San Diego,073,3302833,266078,262357,13097,275454,3371
2021-03-05,San Francisco,075,870044,34474,34526,1081,35607,430
2021-03-05,San Joaquin,077,732212,67539,66041,2772,68813,1133
2021-03-05,San Luis Obispo,079,281455,19900,19557,561,20118,244
2021-03-05,San Mateo,081,765935,39851,39305,408,39713,326
2021-03-05,Santa Barbara,083,443738,32618,32139,1036,33175,424
2021-03-05,Santa Clara,085,1922200,111614,111384,588,111972,1745
2021-03-05,Santa Cruz,087,273765,15546,14694,774,15468,188
2021-03-05,Shasta,089,179085,11026,11062,1261,12323,148
2021-03-05,Sierra,091,2930,51,48,12,60,0
2021-03-05,Siskiyou,093,43540,1530,1429,235,1664,5
2021-03-05,Solano,095,438530,30109,29951,368,30319,168
2021-03-05,Sonoma,097,501317,28399,28417,220,28637,279
2021-03-05,Stanislaus,099,539301,51260,50606,5351,55957,721
2021-03-05,Sutter,101,95872,8899,8876,79,8955,100
2021-03-05,Tehama,103,63373,4637,4606,486,5092,33
2021-03-05,Trinity,105,12862,468,302,77,379,3
2021-03-05,Tulare,107,460477,48609,47469,8069,55538,789
2021-03-05,Tuolumne,109,53932,3869,3917,36,3953,56
2021-03-05,Ventura,111,848112,78580,78368,2768,81136,839
2021-03-05,Yolo,113,214977,13021,12920,147,13067,188
2021-03-05,Yuba,115,75493,5569,5496,86,5582,42
2021-03-04,Alameda,001,1643700,81637,81115,1704,82819,1136
2021-03-04,Alpine,003,1148,82,78,0,78,0
2021-03-04,Amador,005,37829,3489,3480,31,3511,42
2021-03-04,Butte,007,227075,11423,11033,1615,12648,185
2021-03-04,Calaveras,009,45235,1932,1896,11,1907,48
2021-03-04,Colusa,011,21464,1879,1873,265,2138,11
2021-03-04,Contra Costa,013,1133247,63841,62789,1071,63860,708
2021-03-04,Del Norte,015,27424,1038,989,5,994,5
2021-03-04,El Dorado,017,186661,9229,9133,604,9737,97
2021-03-04,Fresno,019,978130,97277,96023,7748,103771,1422
2021-03-04,Glenn,021,27897,2270,2236,494,2730,15
2021-03-04,Humboldt,023,135768,3260,3212,22,3234,31
2021-03-04,Imperial,025,180216,27310,26946,2460,29406,646
2021-03-04,Inyo,027,18085,1331,1300,9,1309,35
2021-03-04,Kern,029,883053,94021,92525,9822,102347,1070
2021-03-04,Kings,031,150075,22395,22025,968,22993,224
2021-03-04,Lake,033,64148,3224,3181,6,3187,42
2021-03-04,Lassen,035,31185,5131,5116,96,5212,1
2021-03-04,Los Angeles,037,10098052,1177246,1159405,38637,1198042,21610
2021-03-04,Madera,039,155013,15784,15596,840,16436,208
2021-03-04,Marin,041,260295,13362,13240,162,13402,215
2021-03-04,Mariposa,043,17540,378,376,5,381,4
2021-03-04,Mendocino,045,87422,3671,3569,73,3642,42
2021-03-04,Merced,047,269075,28745,28671,925,29596,396
2021-03-04,Modoc,049,8938,344,336,116,452,3
2021-03-04,Mono,051,14174,1191,1197,15,1212,3
2021-03-04,Monterey,053,433212,42113,41771,1672,43443,325
2021-03-04,Napa,055,140530,9140,9094,32,9126,74
2021-03-04,Nevada,057,99092,4088,4020,161,4181,66
2021-03-04,Orange,059,3164182,248188,246354,10192,256546,4096
2021-03-04,Placer,061,380077,20818,19900,1120,21020,239
2021-03-04,Plumas,063,18699,647,634,10,644,4
2021-03-04,Riverside,065,2383286,286686,279871,13307,293178,3766
2021-03-04,Sacramento,067,1510023,95458,93982,1263,95245,1426
2021-03-04,San Benito,069,59416,5765,5781,89,5870,61
2021-03-04,San Bernardino,071,2135413,286858,282407,8522,290929,3757
2021-03-04,San Diego,073,3302833,265817,261858,13053,274911,3359
2021-03-04,San Francisco,075,870044,34439,34480,1078,35558,426
2021-03-04,San Joaquin,077,732212,67445,65931,2763,68694,1129
2021-03-04,San Luis Obispo,079,281455,19863,19520,559,20079,243
2021-03-04,San Mateo,081,765935,39807,39225,407,39632,322
2021-03-04,Santa Barbara,083,443738,32581,32090,1035,33125,423
2021-03-04,Santa Clara,085,1922200,111480,111194,586,111780,1723
2021-03-04,Santa Cruz,087,273765,15527,14669,774,15443,186
2021-03-04,Shasta,089,179085,11023,11050,1252,12302,150
2021-03-04,Sierra,091,2930,51,48,12,60,0
2021-03-04,Siskiyou,093,43540,1523,1427,235,1662,5
2021-03-04,Solano,095,438530,30082,29905,367,30272,168
2021-03-04,Sonoma,097,501317,28344,28379,219,28598,279
2021-03-04,Stanislaus,099,539301,51173,50521,5343,55864,731
2021-03-04,Sutter,101,95872,8887,8849,79,8928,100
2021-03-04,Tehama,103,63373,4629,4604,486,5090,33
2021-03-04,Trinity,105,12862,468,302,77,379,3
2021-03-04,Tulare,107,460477,48564,47398,8044,55442,784
2021-03-04,Tuolumne,109,53932,3863,3916,36,3952,56
2021-03-04,Ventura,111,848112,78490,78184,2765,80949,831
2021-03-04,Yolo,113,214977,13001,12895,147,13042,189
2021-03-04,Yuba,115,75493,5557,5483,86,5569,41
2021-03-03,Alameda,001,1643700,81516,80972,1703,82675,1127
2021-03-03,Alpine,003,1148,82,77,0,77,0
2021-03-03,Amador,005,37829,3487,3478,30,3508,42
2021-03-03,Butte,007,227075,11415,11014,1614,12628,184
2021-03-03,Calaveras,009,45235,1931,1893,11,1904,48
2021-03-03,Colusa,011,21464,1878,1873,265,2138,11
2021-03-03,Contra Costa,013,1133247,63743,62668,1068,63736,708
2021-03-03,Del Norte,015,27424,1035,988,5,993,5
2021-03-03,El Dorado,017,186661,9219,9121,604,9725,97
2021-03-03,Fresno,019,978130,97133,95893,7731,103624,1415
2021-03-03,Glenn,021,27897,2270,2233,494,2727,15
2021-03-03,Humboldt,023,135768,3249,3196,22,3218,30
2021-03-03,Imperial,025,180216,27294,26939,2456,29395,640
2021-03-03,Inyo,027,18085,1323,1294,9,1303,35
2021-03-03,Kern,029,883053,93945,92434,9805,102239,1063
2021-03-03,Kings,031,150075,22379,22009,967,22976,223
2021-03-03,Lake,033,64148,3217,3175,6,3181,40
2021-03-03,Lassen,035,31185,5131,5115,96,5211,1
2021-03-03,Los Angeles,037,10098052,1176606,1157911,38598,1196509,21500
2021-03-03,Madera,039,155013,15765,15553,834,16387,203
2021-03-03,Marin,041,260295,13348,13216,162,13378,214
2021-03-03,Mariposa,043,17540,377,376,5,381,4
2021-03-03,Mendocino,045,87422,3663,3564,73,3637,42
2021-03-03,Merced,047,269075,28693,28625,925,29550,393
2021-03-03,Modoc,049,8938,344,333,115,448,3
2021-03-03,Mono,051,14174,1191,1191,15,1206,3
2021-03-03,Monterey,053,433212,42081,41731,1669,43400,325
2021-03-03,Napa,055,140530,9132,9090,32,9122,72
2021-03-03,Nevada,057,99092,4078,4009,161,4170,66
2021-03-03,Orange,059,3164182,248042,246120,10178,256298,4072
2021-03-03,Placer,061,380077,20792,19851,1117,20968,239
2021-03-03,Plumas,063,18699,646,631,10,641,4
2021-03-03,Riverside,065,2383286,286552,279626,13301,292927,3735
2021-03-03,Sacramento,067,1510023,95297,93819,1255,95074,1419
2021-03-03,San Benito,069,59416,5764,5774,89,5863,61
2021-03-03,San Bernardino,071,2135413,286717,282138,8516,290654,3664
2021-03-03,San Diego,073,3302833,265553,261350,13022,274372,3342
2021-03-03,San Francisco,075,870044,34407,34443,1075,35518,426
2021-03-03,San Joaquin,077,732212,67332,65855,2756,68611,1115
2021-03-03,San Luis Obispo,079,281455,19837,19479,556,20035,241
2021-03-03,San Mateo,081,765935,39761,39189,406,39595,319
2021-03-03,Santa Barbara,083,443738,32543,32027,1035,33062,421
2021-03-03,Santa Clara,085,1922200,111326,110991,584,111575,1720
2021-03-03,Santa Cruz,087,273765,15516,14645,774,15419,185
2021-03-03,Shasta,089,179085,11013,11023,1245,12268,150
2021-03-03,Sierra,091,2930,51,48,12,60,0
2021-03-03,Siskiyou,093,43540,1521,1424,235,1659,5
2021-03-03,Solano,095,438530,30046,29866,366,30232,167
2021-03-03,Sonoma,097,501317,28305,28307,218,28525,279
2021-03-03,Stanislaus,099,539301,51095,50438,5336,55774,730
2021-03-03,Sutter,101,95872,8879,8840,79,8919,99
2021-03-03,Tehama,103,63373,4627,4601,486,5087,32
2021-03-03,Trinity,105,12862,468,302,77,379,3
2021-03-03,Tulare,107,460477,48513,47348,8015,55363,778
2021-03-03,Tuolumne,109,53932,3861,3914,35,3949,56
2021-03-03,Ventura,111,848112,78406,78057,2760,80817,822
2021-03-03,Yolo,113,214977,12988,12890,147,13037,189
2021-03-03,Yuba,115,75493,5544,5479,86,5565,41
2021-03-02,Alameda,001,1643700,81394,80904,1701,82605,1116
2021-03-02,Alpine,003,1148,82,77,0,77,0
2021-03-02,Amador,005,37829,3485,3474,30,3504,42
2021-03-02,Butte,007,227075,11405,11007,1611,12618,182
2021-03-02,Calaveras,009,45235,1923,1890,11,1901,48
2021-03-02,Colusa,011,21464,1878,1872,264,2136,11
2021-03-02,Contra Costa,013,1133247,63632,62557,1064,63621,694
2021-03-02,Del Norte,015,27424,1028,983,5,988,5
2021-03-02,El Dorado,017,186661,9211,9116,604,9720,98
2021-03-02,Fresno,019,978130,96987,95785,7705,103490,1410
2021-03-02,Glenn,021,27897,2264,2232,493,2725,15
2021-03-02,Humboldt,023,135768,3230,3184,22,3206,30
2021-03-02,Imperial,025,180216,27284,26926,2454,29380,637
2021-03-02,Inyo,027,18085,1319,1292,9,1301,35
2021-03-02,Kern,029,883053,93839,92313,9778,102091,1046
2021-03-02,Kings,031,150075,22327,21999,964,22963,217
2021-03-02,Lake,033,64148,3211,3169,6,3175,40
2021-03-02,Lassen,035,31185,5126,5115,95,5210,1
2021-03-02,Los Angeles,037,10098052,1175968,1156826,38553,1195379,21395
2021-03-02,Madera,039,155013,15745,15523,831,16354,194
2021-03-02,Marin,041,260295,13325,13186,161,13347,214
2021-03-02,Mariposa,043,17540,377,376,5,381,4
2021-03-02,Mendocino,045,87422,3660,3562,72,3634,41
2021-03-02,Merced,047,269075,28636,28598,925,29523,389
2021-03-02,Modoc,049,8938,344,332,115,447,3
2021-03-02,Mono,051,14174,1190,1191,15,1206,3
2021-03-02,Monterey,053,433212,42054,41716,1669,43385,325
2021-03-02,Napa,055,140530,9120,9080,32,9112,71
2021-03-02,Nevada,057,99092,4069,3983,160,4143,66
2021-03-02,Orange,059,3164182,247897,246004,10160,256164,4037
2021-03-02,Placer,061,380077,20739,19828,1114,20942,239
2021-03-02,Plumas,063,18699,643,628,10,638,4
2021-03-02,Riverside,065,2383286,286379,279486,13293,292779,3721
2021-03-02,Sacramento,067,1510023,95130,93690,1254,94944,1411
2021-03-02,San Benito,069,59416,5757,5770,89,5859,60
2021-03-02,San Bernardino,071,2135413,286583,281919,8510,290429,3604
2021-03-02,San Diego,073,3302833,265309,260998,13000,273998,3317
2021-03-02,San Francisco,075,870044,34367,34387,1071,35458,424
2021-03-02,San Joaquin,077,732212,67224,65769,2739,68508,1111
2021-03-02,San Luis Obispo,079,281455,19805,19452,556,20008,241
2021-03-02,San Mateo,081,765935,39709,39148,405,39553,317
2021-03-02,Santa Barbara,083,443738,32494,31964,1031,32995,416
2021-03-02,Santa Clara,085,1922200,111147,110832,583,111415,1706
2021-03-02,Santa Cruz,087,273765,15502,14611,772,15383,185
2021-03-02,Shasta,089,179085,10999,11012,1234,12246,149
2021-03-02,Sierra,091,2930,51,48,12,60,0
2021-03-02,Siskiyou,093,43540,1517,1412,233,1645,5
2021-03-02,Solano,095,438530,30013,29827,364,30191,167
2021-03-02,Sonoma,097,501317,28250,28261,218,28479,279
2021-03-02,Stanislaus,099,539301,51008,50359,5324,55683,724
2021-03-02,Sutter,101,95872,8870,8832,79,8911,99
2021-03-02,Tehama,103,63373,4623,4597,485,5082,32
2021-03-02,Trinity,105,12862,468,301,77,378,3
2021-03-02,Tulare,107,460477,48450,47326,7995,55321,783
2021-03-02,Tuolumne,109,53932,3857,3908,35,3943,53
2021-03-02,Ventura,111,848112,78313,77952,2756,80708,780
2021-03-02,Yolo,113,214977,12972,12867,147,13014,189
2021-03-02,Yuba,115,75493,5536,5475,86,5561,41
2021-03-01,Alameda,001,1643700,81267,80805,1699,82504,1105
2021-03-01,Alpine,003,1148,80,77,0,77,0
2021-03-01,Amador,005,37829,3482,3469,30,3499,42
2021-03-01,Butte,007,227075,11390,10981,1607,12588,180
2021-03-01,Calaveras,009,45235,1918,1885,11,1896,46
2021-03-01,Colusa,011,21464,1877,1871,264,2135,11
2021-03-01,Contra Costa,013,1133247,63524,62458,1063,63521,694
2021-03-01,Del Norte,015,27424,1023,982,5,987,5
2021-03-01,El Dorado,017,186661,9187,9085,604,9689,98
2021-03-01,Fresno,019,978130,96849,95677,7682,103359,1405
2021-03-01,Glenn,021,27897,2259,2232,492,2724,15
2021-03-01,Humboldt,023,135768,3211,3179,22,3201,30
2021-03-01,Imperial,025,180216,27274,26913,2446,29359,636
2021-03-01,Inyo,027,18085,1316,1285,9,1294,35
2021-03-01,Kern,029,883053,93750,92219,9752,101971,1041
2021-03-01,Kings,031,150075,22310,21988,958,22946,217
2021-03-01,Lake,033,64148,3206,3164,6,3170,40
2021-03-01,Lassen,035,31185,5124,5111,95,5206,1
2021-03-01,Los Angeles,037,10098052,1175308,1155984,38513,1194497,21293
2021-03-01,Madera,039,155013,15716,15505,821,16326,194
2021-03-01,Marin,041,260295,13297,13161,160,13321,214
2021-03-01,Mariposa,043,17540,377,375,5,380,4
2021-03-01,Mendocino,045,87422,3653,3561,72,3633,41
2021-03-01,Merced,047,269075,28591,28575,921,29496,385
2021-03-01,Modoc,049,8938,341,331,114,445,3
2021-03-01,Mono,051,14174,1189,1192,15,1207,3
2021-03-01,Monterey,053,433212,42029,41697,1667,43364,324
2021-03-01,Napa,055,140530,9111,9056,32,9088,70
2021-03-01,Nevada,057,99092,4050,3979,160,4139,66
2021-03-01,Orange,059,3164182,247704,245852,10146,255998,3976
2021-03-01,Placer,061,380077,20700,19803,1111,20914,239
2021-03-01,Plumas,063,18699,643,628,10,638,4
2021-03-01,Riverside,065,2383286,286161,279323,13286,292609,3680
2021-03-01,Sacramento,067,1510023,94985,93546,1252,94798,1401
2021-03-01,San Benito,069,59416,5752,5772,89,5861,57
2021-03-01,San Bernardino,071,2135413,286439,281685,8506,290191,3603
2021-03-01,San Diego,073,3302833,264992,260622,12967,273589,3303
2021-03-01,San Francisco,075,870044,34323,34318,1063,35381,424
2021-03-01,San Joaquin,077,732212,67115,65699,2729,68428,1097
2021-03-01,San Luis Obispo,079,281455,19783,19429,554,19983,239
2021-03-01,San Mateo,081,765935,39657,39096,405,39501,314
2021-03-01,Santa Barbara,083,443738,32451,31909,1030,32939,413
2021-03-01,Santa Clara,085,1922200,110988,110684,580,111264,1704
2021-03-01,Santa Cruz,087,273765,15483,14575,771,15346,185
2021-03-01,Shasta,089,179085,10987,10990,1231,12221,149
2021-03-01,Sierra,091,2930,51,48,12,60,0
2021-03-01,Siskiyou,093,43540,1513,1408,231,1639,5
2021-03-01,Solano,095,438530,29970,29779,363,30142,166
2021-03-01,Sonoma,097,501317,28202,28222,216,28438,278
2021-03-01,Stanislaus,099,539301,50934,50293,5318,55611,722
2021-03-01,Sutter,101,95872,8859,8825,79,8904,99
2021-03-01,Tehama,103,63373,4617,4595,485,5080,32
2021-03-01,Trinity,105,12862,468,298,76,374,3
2021-03-01,Tulare,107,460477,48412,47275,7962,55237,781
2021-03-01,Tuolumne,109,53932,3854,3907,35,3942,53
2021-03-01,Ventura,111,848112,78232,77849,2755,80604,775
2021-03-01,Yolo,113,214977,12955,12854,145,12999,188
2021-03-01,Yuba,115,75493,5524,5466,86,5552,41
2021-02-28,Alameda,001,1643700,81146,80727,1697,82424,1105
2021-02-28,Alpine,003,1148,80,77,0,77,0
2021-02-28,Amador,005,37829,3477,3466,29,3495,42
2021-02-28,Butte,007,227075,11375,10970,1607,12577,180
2021-02-28,Calaveras,009,45235,1914,1881,11,1892,46
2021-02-28,Colusa,011,21464,1877,1871,263,2134,11
2021-02-28,Contra Costa,013,1133247,63397,62386,1058,63444,694
2021-02-28,Del Norte,015,27424,1021,981,5,986,5
2021-02-28,El Dorado,017,186661,9176,9082,604,9686,98
2021-02-28,Fresno,019,978130,96666,95548,7648,103196,1405
2021-02-28,Glenn,021,27897,2257,2230,490,2720,15
2021-02-28,Humboldt,023,135768,3188,3179,22,3201,30
2021-02-28,Imperial,025,180216,27248,26909,2442,29351,636
2021-02-28,Inyo,027,18085,1311,1282,9,1291,35
2021-02-28,Kern,029,883053,93635,92169,9732,101901,1012
2021-02-28,Kings,031,150075,22289,21967,957,22924,217
2021-02-28,Lake,033,64148,3201,3164,6,3170,40
2021-02-28,Lassen,035,31185,5123,5106,95,5201,1
2021-02-28,Los Angeles,037,10098052,1174519,1155141,38451,1193592,21261
2021-02-28,Madera,039,155013,15674,15496,818,16314,199
2021-02-28,Marin,041,260295,13274,13152,158,13310,214
2021-02-28,Mariposa,043,17540,377,374,5,379,4
2021-02-28,Mendocino,045,87422,3647,3558,72,3630,41
2021-02-28,Merced,047,269075,28528,28546,920,29466,384
2021-02-28,Modoc,049,8938,341,331,114,445,3
2021-02-28,Mono,051,14174,1186,1192,15,1207,3
2021-02-28,Monterey,053,433212,41997,41683,1665,43348,323
2021-02-28,Napa,055,140530,9092,9053,32,9085,70
2021-02-28,Nevada,057,99092,4037,3972,160,4132,66
2021-02-28,Orange,059,3164182,247506,245706,10139,255845,3970
2021-02-28,Placer,061,380077,20654,19775,1109,20884,239
2021-02-28,Plumas,063,18699,643,628,10,638,4
2021-02-28,Riverside,065,2383286,285928,279214,13275,292489,3661
2021-02-28,Sacramento,067,1510023,94801,93463,1247,94710,1398
2021-02-28,San Benito,069,59416,5741,5772,89,5861,57
2021-02-28,San Bernardino,071,2135413,286297,281620,8494,290114,3595
2021-02-28,San Diego,073,3302833,264695,260353,12933,273286,3303
2021-02-28,San Francisco,075,870044,34281,34291,1057,35348,417
2021-02-28,San Joaquin,077,732212,67007,65662,2720,68382,1097
2021-02-28,San Luis Obispo,079,281455,19747,19422,552,19974,237
2021-02-28,San Mateo,081,765935,39604,39059,404,39463,314
2021-02-28,Santa Barbara,083,443738,32399,31877,1030,32907,413
2021-02-28,Santa Clara,085,1922200,110789,110556,577,111133,1704
2021-02-28,Santa Cruz,087,273765,15454,14571,768,15339,185
2021-02-28,Shasta,089,179085,10966,10990,1227,12217,149
2021-02-28,Sierra,091,2930,51,48,12,60,0
2021-02-28,Siskiyou,093,43540,1505,1408,231,1639,5
2021-02-28,Solano,095,438530,29915,29758,357,30115,166
2021-02-28,Sonoma,097,501317,28139,28193,215,28408,279
2021-02-28,Stanislaus,099,539301,50843,50228,5306,55534,728
2021-02-28,Sutter,101,95872,8844,8825,79,8904,99
2021-02-28,Tehama,103,63373,4612,4590,485,5075,32
2021-02-28,Trinity,105,12862,468,298,76,374,3
2021-02-28,Tulare,107,460477,48350,47258,7931,55189,780
2021-02-28,Tuolumne,109,53932,3849,3905,35,3940,53
2021-02-28,Ventura,111,848112,78120,77749,2752,80501,775
2021-02-28,Yolo,113,214977,12932,12851,145,12996,188
2021-02-28,Yuba,115,75493,5514,5461,86,5547,41
2021-02-27,Alameda,001,1643700,81073,80565,1695,82260,1108
2021-02-27,Alpine,003,1148,80,77,0,77,0
2021-02-27,Amador,005,37829,3475,3463,29,3492,42
2021-02-27,Butte,007,227075,11363,10962,1607,12569,180
2021-02-27,Calaveras,009,45235,1909,1875,11,1886,46
2021-02-27,Colusa,011,21464,1876,1869,263,2132,11
2021-02-27,Contra Costa,013,1133247,63327,62248,1055,63303,693
2021-02-27,Del Norte,015,27424,1019,978,5,983,5
2021-02-27,El Dorado,017,186661,9172,9072,604,9676,98
2021-02-27,Fresno,019,978130,96589,95393,7637,103030,1400
2021-02-27,Glenn,021,27897,2256,2225,489,2714,15
2021-02-27,Humboldt,023,135768,3182,3167,22,3189,30
2021-02-27,Imperial,025,180216,27240,26903,2440,29343,633
2021-02-27,Inyo,027,18085,1308,1275,9,1284,35
2021-02-27,Kern,029,883053,93574,92053,9717,101770,996
2021-02-27,Kings,031,150075,22279,21955,954,22909,216
2021-02-27,Lake,033,64148,3198,3156,6,3162,40
2021-02-27,Lassen,035,31185,5123,5106,95,5201,1
2021-02-27,Los Angeles,037,10098052,1174017,1154275,38424,1192699,21158
2021-02-27,Madera,039,155013,15657,15467,817,16284,199
2021-02-27,Marin,041,260295,13250,13134,158,13292,214
2021-02-27,Mariposa,043,17540,377,374,5,379,4
2021-02-27,Mendocino,045,87422,3644,3555,72,3627,41
2021-02-27,Merced,047,269075,28486,28501,912,29413,384
2021-02-27,Modoc,049,8938,341,331,113,444,3
2021-02-27,Mono,051,14174,1184,1191,15,1206,3
2021-02-27,Monterey,053,433212,41988,41665,1664,43329,322
2021-02-27,Napa,055,140530,9081,9038,32,9070,71
2021-02-27,Nevada,057,99092,4031,3960,160,4120,66
2021-02-27,Orange,059,3164182,247379,245542,10128,255670,3960
2021-02-27,Placer,061,380077,20618,19726,1106,20832,239
2021-02-27,Plumas,063,18699,643,628,10,638,4
2021-02-27,Riverside,065,2383286,285818,279048,13265,292313,3663
2021-02-27,Sacramento,067,1510023,94718,93281,1237,94518,1396
2021-02-27,San Benito,069,59416,5740,5767,88,5855,57
2021-02-27,San Bernardino,071,2135413,286218,281471,8489,289960,3527
2021-02-27,San Diego,073,3302833,264505,260091,12895,272986,3284
2021-02-27,San Francisco,075,870044,34247,34260,1054,35314,413
2021-02-27,San Joaquin,077,732212,66961,65578,2718,68296,1100
2021-02-27,San Luis Obispo,079,281455,19726,19411,551,19962,237
2021-02-27,San Mateo,081,765935,39563,38998,403,39401,313
2021-02-27,Santa Barbara,083,443738,32365,31805,1029,32834,411
2021-02-27,Santa Clara,085,1922200,110641,110361,575,110936,1703
2021-02-27,Santa Cruz,087,273765,15445,14552,767,15319,185
2021-02-27,Shasta,089,179085,10960,10985,1223,12208,149
2021-02-27,Sierra,091,2930,51,48,12,60,0
2021-02-27,Siskiyou,093,43540,1503,1407,230,1637,5
2021-02-27,Solano,095,438530,29887,29718,356,30074,165
2021-02-27,Sonoma,097,501317,28095,28141,210,28351,281
2021-02-27,Stanislaus,099,539301,50788,50147,5296,55443,733
2021-02-27,Sutter,101,95872,8839,8820,79,8899,99
2021-02-27,Tehama,103,63373,4607,4584,484,5068,32
2021-02-27,Trinity,105,12862,468,298,76,374,3
2021-02-27,Tulare,107,460477,48313,47209,7905,55114,770
2021-02-27,Tuolumne,109,53932,3846,3899,35,3934,53
2021-02-27,Ventura,111,848112,78047,77623,2749,80372,771
2021-02-27,Yolo,113,214977,12920,12834,145,12979,188
2021-02-27,Yuba,115,75493,5511,5450,86,5536,39
2021-02-26,Alameda,001,1643700,80978,80387,1690,82077,1106
2021-02-26,Alpine,003,1148,80,77,0,77,0
2021-02-26,Amador,005,37829,3469,3457,29,3486,42
2021-02-26,Butte,007,227075,11353,10941,1607,12548,180
2021-02-26,Calaveras,009,45235,1907,1873,11,1884,46
2021-02-26,Colusa,011,21464,1876,1865,263,2128,11
2021-02-26,Contra Costa,013,1133247,63245,62114,1055,63169,685
2021-02-26,Del Norte,015,27424,1015,968,5,973,5
2021-02-26,El Dorado,017,186661,9167,9038,602,9640,98
2021-02-26,Fresno,019,978130,96487,95202,7629,102831,1391
2021-02-26,Glenn,021,27897,2253,2220,489,2709,15
2021-02-26,Humboldt,023,135768,3176,3152,22,3174,30
2021-02-26,Imperial,025,180216,27233,26888,2438,29326,631
2021-02-26,Inyo,027,18085,1306,1271,9,1280,34
2021-02-26,Kern,029,883053,93495,91884,9701,101585,997
2021-02-26,Kings,031,150075,22263,21917,951,22868,216
2021-02-26,Lake,033,64148,3193,3153,6,3159,40
2021-02-26,Lassen,035,31185,5123,5102,95,5197,1
2021-02-26,Los Angeles,037,10098052,1173440,1153131,38364,1191495,21070
2021-02-26,Madera,039,155013,15641,15436,815,16251,199
2021-02-26,Marin,041,260295,13237,13091,158,13249,214
2021-02-26,Mariposa,043,17540,377,375,5,380,4
2021-02-26,Mendocino,045,87422,3639,3549,72,3621,41
2021-02-26,Merced,047,269075,28452,28455,911,29366,382
2021-02-26,Modoc,049,8938,340,330,113,443,3
2021-02-26,Mono,051,14174,1182,1191,15,1206,3
2021-02-26,Monterey,053,433212,41962,41607,1663,43270,322
2021-02-26,Napa,055,140530,9075,9014,32,9046,70
2021-02-26,Nevada,057,99092,4020,3952,160,4112,66
2021-02-26,Orange,059,3164182,247240,245278,10118,255396,3918
2021-02-26,Placer,061,380077,20592,19712,1100,20812,239
2021-02-26,Plumas,063,18699,643,628,10,638,4
2021-02-26,Riverside,065,2383286,285674,278772,13259,292031,3653
2021-02-26,Sacramento,067,1510023,94595,93180,1234,94414,1390
2021-02-26,San Benito,069,59416,5739,5759,88,5847,57
2021-02-26,San Bernardino,071,2135413,286118,281132,8487,289619,3461
2021-02-26,San Diego,073,3302833,264277,259641,12874,272515,3271
2021-02-26,San Francisco,075,870044,34217,34213,1051,35264,413
2021-02-26,San Joaquin,077,732212,66880,65492,2712,68204,1070
2021-02-26,San Luis Obispo,079,281455,19710,19359,549,19908,234
2021-02-26,San Mateo,081,765935,39518,38922,403,39325,313
2021-02-26,Santa Barbara,083,443738,32321,31724,1028,32752,410
2021-02-26,Santa Clara,085,1922200,110509,110168,573,110741,1700
2021-02-26,Santa Cruz,087,273765,15433,14528,766,15294,185
2021-02-26,Shasta,089,179085,10953,10972,1214,12186,149
2021-02-26,Sierra,091,2930,51,47,12,59,0
2021-02-26,Siskiyou,093,43540,1503,1401,229,1630,5
2021-02-26,Solano,095,438530,29853,29651,355,30006,165
2021-02-26,Sonoma,097,501317,28066,28063,209,28272,280
2021-02-26,Stanislaus,099,539301,50732,50054,5288,55342,737
2021-02-26,Sutter,101,95872,8830,8806,79,8885,99
2021-02-26,Tehama,103,63373,4605,4581,484,5065,32
2021-02-26,Trinity,105,12862,467,298,76,374,3
2021-02-26,Tulare,107,460477,48278,47135,7876,55011,770
2021-02-26,Tuolumne,109,53932,3845,3896,35,3931,53
2021-02-26,Ventura,111,848112,77947,77534,2745,80279,765
2021-02-26,Yolo,113,214977,12913,12816,145,12961,188
2021-02-26,Yuba,115,75493,5506,5438,86,5524,39
2021-02-25,Alameda,001,1643700,80857,80181,1689,81870,1093
2021-02-25,Alpine,003,1148,80,77,0,77,0
2021-02-25,Amador,005,37829,3466,3448,29,3477,41
2021-02-25,Butte,007,227075,11332,10922,1602,12524,178
2021-02-25,Calaveras,009,45235,1899,1868,11,1879,46
2021-02-25,Colusa,011,21464,1873,1863,262,2125,11
2021-02-25,Contra Costa,013,1133247,63143,61910,1055,62965,686
2021-02-25,Del Norte,015,27424,1005,966,5,971,5
2021-02-25,El Dorado,017,186661,9151,9012,602,9614,98
2021-02-25,Fresno,019,978130,96343,95015,7608,102623,1377
2021-02-25,Glenn,021,27897,2250,2219,488,2707,15
2021-02-25,Humboldt,023,135768,3169,3129,22,3151,30
2021-02-25,Imperial,025,180216,27226,26855,2434,29289,628
2021-02-25,Inyo,027,18085,1300,1264,9,1273,33
2021-02-25,Kern,029,883053,93379,91735,9676,101411,992
2021-02-25,Kings,031,150075,22254,21900,948,22848,216
2021-02-25,Lake,033,64148,3184,3141,6,3147,40
2021-02-25,Lassen,035,31185,5122,5097,94,5191,1
2021-02-25,Los Angeles,037,10098052,1172693,1151846,38306,1190152,20931
2021-02-25,Madera,039,155013,15606,15414,811,16225,194
2021-02-25,Marin,041,260295,13214,13067,158,13225,214
2021-02-25,Mariposa,043,17540,377,375,5,380,4
2021-02-25,Mendocino,045,87422,3634,3542,72,3614,41
2021-02-25,Merced,047,269075,28403,28383,909,29292,382
2021-02-25,Modoc,049,8938,340,329,113,442,3
2021-02-25,Mono,051,14174,1181,1190,15,1205,3
2021-02-25,Monterey,053,433212,41937,41564,1658,43222,321
2021-02-25,Napa,055,140530,9049,8998,32,9030,70
2021-02-25,Nevada,057,99092,4003,3940,159,4099,66
2021-02-25,Orange,059,3164182,247067,245000,10108,255108,3882
2021-02-25,Placer,061,380077,20553,19661,1098,20759,239
2021-02-25,Plumas,063,18699,643,626,10,636,4
2021-02-25,Riverside,065,2383286,285486,278544,13239,291783,3646
2021-02-25,Sacramento,067,1510023,94437,92961,1222,94183,1386
2021-02-25,San Benito,069,59416,5734,5752,88,5840,58
2021-02-25,San Bernardino,071,2135413,285983,280946,8479,289425,3409
2021-02-25,San Diego,073,3302833,263983,258979,12844,271823,3260
2021-02-25,San Francisco,075,870044,34174,34138,1049,35187,408
2021-02-25,San Joaquin,077,732212,66796,65389,2700,68089,1047
2021-02-25,San Luis Obispo,079,281455,19689,19335,547,19882,234
2021-02-25,San Mateo,081,765935,39471,38872,403,39275,300
2021-02-25,Santa Barbara,083,443738,32244,31631,1027,32658,408
2021-02-25,Santa Clara,085,1922200,110344,109923,572,110495,1677
2021-02-25,Santa Cruz,087,273765,15414,14492,765,15257,185
2021-02-25,Shasta,089,179085,10941,10947,1209,12156,148
2021-02-25,Sierra,091,2930,51,47,12,59,0
2021-02-25,Siskiyou,093,43540,1498,1390,226,1616,4
2021-02-25,Solano,095,438530,29821,29616,355,29971,161
2021-02-25,Sonoma,097,501317,28012,28004,206,28210,278
2021-02-25,Stanislaus,099,539301,50641,49964,5278,55242,738
2021-02-25,Sutter,101,95872,8816,8789,78,8867,99
2021-02-25,Tehama,103,63373,4602,4578,482,5060,32
2021-02-25,Trinity,105,12862,467,297,76,373,3
2021-02-25,Tulare,107,460477,48228,47052,7850,54902,765
2021-02-25,Tuolumne,109,53932,3842,3894,35,3929,53
2021-02-25,Ventura,111,848112,77839,77395,2739,80134,751
2021-02-25,Yolo,113,214977,12896,12787,145,12932,188
2021-02-25,Yuba,115,75493,5499,5429,86,5515,39
2021-02-24,Alameda,001,1643700,80737,80070,1685,81755,1082
2021-02-24,Alpine,003,1148,79,77,0,77,0
2021-02-24,Amador,005,37829,3461,3444,29,3473,41
2021-02-24,Butte,007,227075,11319,10915,1598,12513,178
2021-02-24,Calaveras,009,45235,1895,1864,11,1875,31
2021-02-24,Colusa,011,21464,1871,1863,262,2125,11
2021-02-24,Contra Costa,013,1133247,63035,61776,1055,62831,663
2021-02-24,Del Norte,015,27424,1004,960,4,964,5
2021-02-24,El Dorado,017,186661,9138,8993,602,9595,98
2021-02-24,Fresno,019,978130,96195,94794,7592,102386,1369
2021-02-24,Glenn,021,27897,2249,2210,488,2698,14
2021-02-24,Humboldt,023,135768,3157,3123,22,3145,29
2021-02-24,Imperial,025,180216,27213,26843,2429,29272,596
2021-02-24,Inyo,027,18085,1295,1253,9,1262,32
2021-02-24,Kern,029,883053,93246,91525,9660,101185,992
2021-02-24,Kings,031,150075,22229,21871,946,22817,216
2021-02-24,Lake,033,64148,3177,3134,6,3140,40
2021-02-24,Lassen,035,31185,5118,5095,93,5188,1
2021-02-24,Los Angeles,037,10098052,1171931,1150322,38267,1188589,20817
2021-02-24,Madera,039,155013,15579,15390,811,16201,194
2021-02-24,Marin,041,260295,13191,13044,157,13201,214
2021-02-24,Mariposa,043,17540,377,374,5,379,4
2021-02-24,Mendocino,045,87422,3627,3540,72,3612,41
2021-02-24,Merced,047,269075,28365,28295,905,29200,383
2021-02-24,Modoc,049,8938,339,329,113,442,3
2021-02-24,Mono,051,14174,1179,1189,15,1204,3
2021-02-24,Monterey,053,433212,41912,41495,1656,43151,320
2021-02-24,Napa,055,140530,9032,8976,31,9007,70
2021-02-24,Nevada,057,99092,3993,3927,159,4086,66
2021-02-24,Orange,059,3164182,246849,244743,10095,254838,3835
2021-02-24,Placer,061,380077,20514,19648,1092,20740,239
2021-02-24,Plumas,063,18699,641,626,10,636,4
2021-02-24,Riverside,065,2383286,285258,278293,13230,291523,3603
2021-02-24,Sacramento,067,1510023,94283,92742,1217,93959,1375
2021-02-24,San Benito,069,59416,5733,5743,88,5831,57
2021-02-24,San Bernardino,071,2135413,285831,280583,8475,289058,3360
2021-02-24,San Diego,073,3302833,263687,258460,12828,271288,3230
2021-02-24,San Francisco,075,870044,34128,34061,1046,35107,406
2021-02-24,San Joaquin,077,732212,66686,65274,2698,67972,1019
2021-02-24,San Luis Obispo,079,281455,19666,19309,545,19854,233
2021-02-24,San Mateo,081,765935,39434,38763,403,39166,300
2021-02-24,Santa Barbara,083,443738,32192,31563,1024,32587,405
2021-02-24,Santa Clara,085,1922200,110196,109671,571,110242,1674
2021-02-24,Santa Cruz,087,273765,15393,14458,765,15223,185
2021-02-24,Shasta,089,179085,10928,10922,1206,12128,148
2021-02-24,Sierra,091,2930,51,47,12,59,0
2021-02-24,Siskiyou,093,43540,1491,1385,222,1607,4
2021-02-24,Solano,095,438530,29781,29577,353,29930,158
2021-02-24,Sonoma,097,501317,27948,27954,202,28156,278
2021-02-24,Stanislaus,099,539301,50570,49851,5271,55122,732
2021-02-24,Sutter,101,95872,8806,8778,78,8856,99
2021-02-24,Tehama,103,63373,4599,4566,482,5048,31
2021-02-24,Trinity,105,12862,467,294,75,369,3
2021-02-24,Tulare,107,460477,48172,46976,7822,54798,759
2021-02-24,Tuolumne,109,53932,3839,3887,35,3922,53
2021-02-24,Ventura,111,848112,77731,77238,2738,79976,718
2021-02-24,Yolo,113,214977,12883,12760,145,12905,188
2021-02-24,Yuba,115,75493,5488,5425,84,5509,39
2021-02-23,Alameda,001,1643700,80599,79948,1683,81631,1070
2021-02-23,Alpine,003,1148,78,77,0,77,0
2021-02-23,Amador,005,37829,3459,3440,29,3469,41
2021-02-23,Butte,007,227075,11303,10887,1595,12482,176
2021-02-23,Calaveras,009,45235,1894,1863,11,1874,21
2021-02-23,Colusa,011,21464,1868,1862,262,2124,11
2021-02-23,Contra Costa,013,1133247,62901,61613,1052,62665,661
2021-02-23,Del Norte,015,27424,1002,953,4,957,3
2021-02-23,El Dorado,017,186661,9125,8969,602,9571,96
2021-02-23,Fresno,019,978130,96034,94741,7578,102319,1356
2021-02-23,Glenn,021,27897,2247,2209,488,2697,14
2021-02-23,Humboldt,023,135768,3140,3108,22,3130,29
2021-02-23,Imperial,025,180216,27193,26816,2424,29240,591
2021-02-23,Inyo,027,18085,1291,1250,9,1259,32
2021-02-23,Kern,029,883053,93107,91390,9632,101022,982
2021-02-23,Kings,031,150075,22214,21839,942,22781,216
2021-02-23,Lake,033,64148,3169,3121,6,3127,40
2021-02-23,Lassen,035,31185,5115,5092,93,5185,1
2021-02-23,Los Angeles,037,10098052,1171056,1148965,38215,1187180,19887
2021-02-23,Madera,039,155013,15565,15352,805,16157,193
2021-02-23,Marin,041,260295,13171,13015,156,13171,214
2021-02-23,Mariposa,043,17540,377,374,5,379,4
2021-02-23,Mendocino,045,87422,3625,3540,71,3611,41
2021-02-23,Merced,047,269075,28285,28209,898,29107,381
2021-02-23,Modoc,049,8938,338,328,112,440,3
2021-02-23,Mono,051,14174,1179,1189,15,1204,3
2021-02-23,Monterey,053,433212,41873,41439,1651,43090,317
2021-02-23,Napa,055,140530,9020,8967,31,8998,70
2021-02-23,Nevada,057,99092,3985,3912,159,4071,66
2021-02-23,Orange,059,3164182,246651,244566,10077,254643,3843
2021-02-23,Placer,061,380077,20489,19608,1088,20696,238
2021-02-23,Plumas,063,18699,640,626,10,636,4
2021-02-23,Riverside,065,2383286,285021,278075,13216,291291,3599
2021-02-23,Sacramento,067,1510023,94126,92632,1211,93843,1370
2021-02-23,San Benito,069,59416,5727,5731,87,5818,57
2021-02-23,San Bernardino,071,2135413,285643,280279,8470,288749,3283
2021-02-23,San Diego,073,3302833,263310,257802,12798,270600,3218
2021-02-23,San Francisco,075,870044,34079,33994,1045,35039,405
2021-02-23,San Joaquin,077,732212,66586,65141,2691,67832,1004
2021-02-23,San Luis Obispo,079,281455,19637,19233,544,19777,230
2021-02-23,San Mateo,081,765935,39373,38662,403,39065,299
2021-02-23,Santa Barbara,083,443738,32137,31483,1023,32506,402
2021-02-23,Santa Clara,085,1922200,109999,109449,568,110017,1661
2021-02-23,Santa Cruz,087,273765,15364,14435,763,15198,178
2021-02-23,Shasta,089,179085,10916,10903,1202,12105,146
2021-02-23,Sierra,091,2930,51,47,12,59,0
2021-02-23,Siskiyou,093,43540,1486,1380,220,1600,4
2021-02-23,Solano,095,438530,29741,29545,350,29895,154
2021-02-23,Sonoma,097,501317,27905,27882,199,28081,278
2021-02-23,Stanislaus,099,539301,50492,49749,5255,55004,722
2021-02-23,Sutter,101,95872,8793,8766,78,8844,98
2021-02-23,Tehama,103,63373,4593,4556,481,5037,30
2021-02-23,Trinity,105,12862,467,292,74,366,3
2021-02-23,Tulare,107,460477,48094,46937,7789,54726,757
2021-02-23,Tuolumne,109,53932,3835,3864,35,3899,53
2021-02-23,Ventura,111,848112,77615,77093,2729,79822,689
2021-02-23,Yolo,113,214977,12854,12729,145,12874,188
2021-02-23,Yuba,115,75493,5475,5417,83,5500,38
2021-02-22,Alameda,001,1643700,80447,79796,1679,81475,1062
2021-02-22,Alpine,003,1148,78,77,0,77,0
2021-02-22,Amador,005,37829,3454,3438,29,3467,39
2021-02-22,Butte,007,227075,11290,10855,1590,12445,176
2021-02-22,Calaveras,009,45235,1892,1862,11,1873,21
2021-02-22,Colusa,011,21464,1868,1860,262,2122,11
2021-02-22,Contra Costa,013,1133247,62773,61478,1051,62529,661
2021-02-22,Del Norte,015,27424,1001,948,4,952,3
2021-02-22,El Dorado,017,186661,9108,8940,602,9542,96
2021-02-22,Fresno,019,978130,95872,94584,7561,102145,1351
2021-02-22,Glenn,021,27897,2242,2207,486,2693,14
2021-02-22,Humboldt,023,135768,3128,3095,22,3117,29
2021-02-22,Imperial,025,180216,27171,26778,2417,29195,590
2021-02-22,Inyo,027,18085,1286,1248,9,1257,32
2021-02-22,Kern,029,883053,92990,91201,9610,100811,982
2021-02-22,Kings,031,150075,22191,21801,939,22740,214
2021-02-22,Lake,033,64148,3163,3107,6,3113,40
2021-02-22,Lassen,035,31185,5115,5088,92,5180,1
2021-02-22,Los Angeles,037,10098052,1170193,1147541,38157,1185698,19730
2021-02-22,Madera,039,155013,15540,15325,801,16126,193
2021-02-22,Marin,041,260295,13146,12991,153,13144,213
2021-02-22,Mariposa,043,17540,376,374,5,379,4
2021-02-22,Mendocino,045,87422,3619,3535,71,3606,41
2021-02-22,Merced,047,269075,28222,28166,895,29061,379
2021-02-22,Modoc,049,8938,338,329,112,441,3
2021-02-22,Mono,051,14174,1175,1189,15,1204,3
2021-02-22,Monterey,053,433212,41828,41397,1645,43042,311
2021-02-22,Napa,055,140530,8993,8950,31,8981,69
2021-02-22,Nevada,057,99092,3976,3900,157,4057,66
2021-02-22,Orange,059,3164182,246415,244118,10059,254177,3843
2021-02-22,Placer,061,380077,20452,19587,1080,20667,238
2021-02-22,Plumas,063,18699,640,625,10,635,4
2021-02-22,Riverside,065,2383286,284759,277730,13208,290938,3567
2021-02-22,Sacramento,067,1510023,93959,92476,1201,93677,1359
2021-02-22,San Benito,069,59416,5725,5723,87,5810,57
2021-02-22,San Bernardino,071,2135413,285466,279984,8457,288441,3259
2021-02-22,San Diego,073,3302833,262900,257348,12765,270113,3189
2021-02-22,San Francisco,075,870044,34020,33947,1040,34987,405
2021-02-22,San Joaquin,077,732212,66490,65060,2678,67738,1001
2021-02-22,San Luis Obispo,079,281455,19600,19198,542,19740,229
2021-02-22,San Mateo,081,765935,39316,38542,400,38942,282
2021-02-22,Santa Barbara,083,443738,32071,31421,1020,32441,399
2021-02-22,Santa Clara,085,1922200,109790,109213,557,109770,1655
2021-02-22,Santa Cruz,087,273765,15338,14417,763,15180,176
2021-02-22,Shasta,089,179085,10901,10872,1197,12069,145
2021-02-22,Sierra,091,2930,51,47,12,59,0
2021-02-22,Siskiyou,093,43540,1480,1373,219,1592,4
2021-02-22,Solano,095,438530,29702,29508,349,29857,150
2021-02-22,Sonoma,097,501317,27860,27845,198,28043,278
2021-02-22,Stanislaus,099,539301,50390,49630,5237,54867,722
2021-02-22,Sutter,101,95872,8785,8698,78,8776,98
2021-02-22,Tehama,103,63373,4590,4550,480,5030,30
2021-02-22,Trinity,105,12862,467,287,73,360,3
2021-02-22,Tulare,107,460477,48032,46879,7757,54636,751
2021-02-22,Tuolumne,109,53932,3831,3856,35,3891,53
2021-02-22,Ventura,111,848112,77487,76947,2724,79671,677
2021-02-22,Yolo,113,214977,12827,12689,145,12834,183
2021-02-22,Yuba,115,75493,5472,5404,82,5486,38
2021-02-21,Alameda,001,1643700,80254,79649,1674,81323,1061
2021-02-21,Alpine,003,1148,78,77,0,77,0
2021-02-21,Amador,005,37829,3446,3435,29,3464,39
2021-02-21,Butte,007,227075,11272,10855,1588,12443,176
2021-02-21,Calaveras,009,45235,1891,1860,11,1871,21
2021-02-21,Colusa,011,21464,1867,1860,258,2118,11
2021-02-21,Contra Costa,013,1133247,62618,61364,1048,62412,661
2021-02-21,Del Norte,015,27424,995,942,4,946,3
2021-02-21,El Dorado,017,186661,9090,8927,601,9528,96
2021-02-21,Fresno,019,978130,95730,94374,7545,101919,1349
2021-02-21,Glenn,021,27897,2240,2201,484,2685,14
2021-02-21,Humboldt,023,135768,3116,3096,22,3118,29
2021-02-21,Imperial,025,180216,27157,26779,2415,29194,590
2021-02-21,Inyo,027,18085,1280,1232,9,1241,32
2021-02-21,Kern,029,883053,92865,91141,9572,100713,980
2021-02-21,Kings,031,150075,22155,21784,937,22721,213
2021-02-21,Lake,033,64148,3155,3100,6,3106,40
2021-02-21,Lassen,035,31185,5107,5077,92,5169,1
2021-02-21,Los Angeles,037,10098052,1169151,1146756,38113,1184869,19711
2021-02-21,Madera,039,155013,15507,15298,798,16096,192
2021-02-21,Marin,041,260295,13117,12968,153,13121,212
2021-02-21,Mariposa,043,17540,376,373,5,378,4
2021-02-21,Mendocino,045,87422,3614,3535,71,3606,41
2021-02-21,Merced,047,269075,28148,28106,880,28986,379
2021-02-21,Modoc,049,8938,335,329,112,441,3
2021-02-21,Mono,051,14174,1175,1189,15,1204,3
2021-02-21,Monterey,053,433212,41772,41373,1638,43011,309
2021-02-21,Napa,055,140530,8979,8929,31,8960,69
2021-02-21,Nevada,057,99092,3963,3895,157,4052,66
2021-02-21,Orange,059,3164182,246118,243985,10042,254027,3801
2021-02-21,Placer,061,380077,20416,19553,1076,20629,238
2021-02-21,Plumas,063,18699,640,625,10,635,4
2021-02-21,Riverside,065,2383286,284526,277555,13195,290750,3564
2021-02-21,Sacramento,067,1510023,93749,92288,1191,93479,1354
2021-02-21,San Benito,069,59416,5715,5716,84,5800,57
2021-02-21,San Bernardino,071,2135413,285242,279870,8443,288313,3247
2021-02-21,San Diego,073,3302833,262466,257027,12719,269746,3190
2021-02-21,San Francisco,075,870044,33955,33891,1036,34927,405
2021-02-21,San Joaquin,077,732212,66351,64997,2666,67663,1001
2021-02-21,San Luis Obispo,079,281455,19567,19178,540,19718,229
2021-02-21,San Mateo,081,765935,39254,38448,396,38844,282
2021-02-21,Santa Barbara,083,443738,32009,31374,1017,32391,399
2021-02-21,Santa Clara,085,1922200,109564,108992,549,109541,1654
2021-02-21,Santa Cruz,087,273765,15315,14401,762,15163,176
2021-02-21,Shasta,089,179085,10887,10867,1192,12059,145
2021-02-21,Sierra,091,2930,51,47,12,59,0
2021-02-21,Siskiyou,093,43540,1474,1371,219,1590,4
2021-02-21,Solano,095,438530,29647,29471,348,29819,150
2021-02-21,Sonoma,097,501317,27796,27793,191,27984,278
2021-02-21,Stanislaus,099,539301,50277,49527,5223,54750,726
2021-02-21,Sutter,101,95872,8768,8687,77,8764,97
2021-02-21,Tehama,103,63373,4581,4547,480,5027,30
2021-02-21,Trinity,105,12862,465,286,73,359,3
2021-02-21,Tulare,107,460477,47964,46830,7722,54552,749
2021-02-21,Tuolumne,109,53932,3817,3828,35,3863,53
2021-02-21,Ventura,111,848112,77338,76862,2711,79573,677
2021-02-21,Yolo,113,214977,12796,12670,144,12814,183
2021-02-21,Yuba,115,75493,5464,5396,81,5477,38
2021-02-20,Alameda,001,1643700,80163,79496,1669,81165,1055
2021-02-20,Alpine,003,1148,78,77,0,77,0
2021-02-20,Amador,005,37829,3444,3432,29,3461,39
2021-02-20,Butte,007,227075,11264,10838,1587,12425,176
2021-02-20,Calaveras,009,45235,1890,1858,11,1869,21
2021-02-20,Colusa,011,21464,1866,1858,258,2116,11
2021-02-20,Contra Costa,013,1133247,62534,61205,1046,62251,663
2021-02-20,Del Norte,015,27424,991,937,4,941,3
2021-02-20,El Dorado,017,186661,9080,8911,600,9511,96
2021-02-20,Fresno,019,978130,95646,94234,7525,101759,1341
2021-02-20,Glenn,021,27897,2236,2199,483,2682,14
2021-02-20,Humboldt,023,135768,3108,3073,22,3095,29
2021-02-20,Imperial,025,180216,27147,26771,2415,29186,590
2021-02-20,Inyo,027,18085,1276,1226,9,1235,32
2021-02-20,Kern,029,883053,92794,91025,9540,100565,968
2021-02-20,Kings,031,150075,22137,21773,936,22709,212
2021-02-20,Lake,033,64148,3148,3089,6,3095,40
2021-02-20,Lassen,035,31185,5105,5067,92,5159,1
2021-02-20,Los Angeles,037,10098052,1168581,1145594,38073,1183667,19630
2021-02-20,Madera,039,155013,15487,15274,797,16071,191
2021-02-20,Marin,041,260295,13096,12945,151,13096,211
2021-02-20,Mariposa,043,17540,376,372,5,377,4
2021-02-20,Mendocino,045,87422,3612,3533,71,3604,40
2021-02-20,Merced,047,269075,28105,28066,877,28943,379
2021-02-20,Modoc,049,8938,335,328,112,440,3
2021-02-20,Mono,051,14174,1174,1187,15,1202,3
2021-02-20,Monterey,053,433212,41750,41313,1636,42949,309
2021-02-20,Napa,055,140530,8970,8910,31,8941,69
2021-02-20,Nevada,057,99092,3953,3887,156,4043,66
2021-02-20,Orange,059,3164182,245949,243761,10028,253789,3755
2021-02-20,Placer,061,380077,20375,19509,1072,20581,236
2021-02-20,Plumas,063,18699,640,626,10,636,4
2021-02-20,Riverside,065,2383286,284372,277267,13186,290453,3559
2021-02-20,Sacramento,067,1510023,93626,92057,1189,93246,1352
2021-02-20,San Benito,069,59416,5704,5709,84,5793,57
2021-02-20,San Bernardino,071,2135413,285140,279608,8438,288046,3203
2021-02-20,San Diego,073,3302833,262224,256510,12690,269200,3188
2021-02-20,San Francisco,075,870044,33913,33820,1028,34848,399
2021-02-20,San Joaquin,077,732212,66281,64916,2661,67577,1001
2021-02-20,San Luis Obispo,079,281455,19543,19138,539,19677,229
2021-02-20,San Mateo,081,765935,39210,38371,395,38766,282
2021-02-20,Santa Barbara,083,443738,31975,31289,1016,32305,396
2021-02-20,Santa Clara,085,1922200,109386,108728,546,109274,1649
2021-02-20,Santa Cruz,087,273765,15304,14378,760,15138,176
2021-02-20,Shasta,089,179085,10873,10850,1187,12037,146
2021-02-20,Sierra,091,2930,51,47,12,59,0
2021-02-20,Siskiyou,093,43540,1471,1366,219,1585,4
2021-02-20,Solano,095,438530,29633,29440,346,29786,150
2021-02-20,Sonoma,097,501317,27767,27703,189,27892,278
2021-02-20,Stanislaus,099,539301,50226,49445,5209,54654,733
2021-02-20,Sutter,101,95872,8762,8681,77,8758,97
2021-02-20,Tehama,103,63373,4576,4545,480,5025,30
2021-02-20,Trinity,105,12862,464,285,72,357,3
2021-02-20,Tulare,107,460477,47928,46769,7700,54469,739
2021-02-20,Tuolumne,109,53932,3812,3823,35,3858,53
2021-02-20,Ventura,111,848112,77243,76757,2708,79465,671
2021-02-20,Yolo,113,214977,12782,12639,144,12783,183
2021-02-20,Yuba,115,75493,5461,5386,81,5467,38
2021-02-19,Alameda,001,1643700,80062,79318,1665,80983,1047
2021-02-19,Alpine,003,1148,78,77,0,77,0
2021-02-19,Amador,005,37829,3440,3427,29,3456,39
2021-02-19,Butte,007,227075,11250,10823,1580,12403,176
2021-02-19,Calaveras,009,45235,1889,1856,11,1867,21
2021-02-19,Colusa,011,21464,1866,1858,258,2116,11
2021-02-19,Contra Costa,013,1133247,62422,61017,1043,62060,651
2021-02-19,Del Norte,015,27424,986,932,4,936,2
2021-02-19,El Dorado,017,186661,9071,8882,599,9481,96
2021-02-19,Fresno,019,978130,95516,93973,7509,101482,1330
2021-02-19,Glenn,021,27897,2231,2199,482,2681,14
2021-02-19,Humboldt,023,135768,3096,3037,22,3059,29
2021-02-19,Imperial,025,180216,27141,26751,2412,29163,589
2021-02-19,Inyo,027,18085,1271,1212,9,1221,32
2021-02-19,Kern,029,883053,92725,90807,9500,100307,963
2021-02-19,Kings,031,150075,22123,21724,934,22658,211
2021-02-19,Lake,033,64148,3142,3078,6,3084,40
2021-02-19,Lassen,035,31185,5104,5057,92,5149,1
2021-02-19,Los Angeles,037,10098052,1167830,1143828,38033,1181861,19498
2021-02-19,Madera,039,155013,15470,15222,795,16017,188
2021-02-19,Marin,041,260295,13078,12919,150,13069,210
2021-02-19,Mariposa,043,17540,376,371,5,376,4
2021-02-19,Mendocino,045,87422,3610,3526,71,3597,39
2021-02-19,Merced,047,269075,28075,27985,874,28859,376
2021-02-19,Modoc,049,8938,335,328,112,440,3
2021-02-19,Mono,051,14174,1174,1186,15,1201,3
2021-02-19,Monterey,053,433212,41723,41209,1632,42841,309
2021-02-19,Napa,055,140530,8957,8899,31,8930,69
2021-02-19,Nevada,057,99092,3947,3863,156,4019,66
2021-02-19,Orange,059,3164182,245773,243397,10016,253413,3715
2021-02-19,Placer,061,380077,20353,19457,1072,20529,236
2021-02-19,Plumas,063,18699,638,624,10,634,4
2021-02-19,Riverside,065,2383286,284203,276941,13169,290110,3541
2021-02-19,Sacramento,067,1510023,93506,91815,1185,93000,1351
2021-02-19,San Benito,069,59416,5699,5699,84,5783,57
2021-02-19,San Bernardino,071,2135413,285004,279209,8433,287642,3117
2021-02-19,San Diego,073,3302833,261933,255799,12667,268466,3169
2021-02-19,San Francisco,075,870044,33865,33746,1022,34768,387
2021-02-19,San Joaquin,077,732212,66205,64774,2653,67427,988
2021-02-19,San Luis Obispo,079,281455,19512,19061,537,19598,230
2021-02-19,San Mateo,081,765935,39152,38256,393,38649,282
2021-02-19,Santa Barbara,083,443738,31911,31204,1015,32219,392
2021-02-19,Santa Clara,085,1922200,109174,108400,544,108944,1634
2021-02-19,Santa Cruz,087,273765,15289,14354,760,15114,176
2021-02-19,Shasta,089,179085,10862,10833,1184,12017,140
2021-02-19,Sierra,091,2930,51,47,12,59,0
2021-02-19,Siskiyou,093,43540,1467,1363,217,1580,4
2021-02-19,Solano,095,438530,29608,29383,345,29728,150
2021-02-19,Sonoma,097,501317,27720,27595,187,27782,280
2021-02-19,Stanislaus,099,539301,50164,49282,5193,54475,739
2021-02-19,Sutter,101,95872,8752,8665,77,8742,96
2021-02-19,Tehama,103,63373,4574,4535,480,5015,30
2021-02-19,Trinity,105,12862,462,282,70,352,3
2021-02-19,Tulare,107,460477,47883,46662,7675,54337,736
2021-02-19,Tuolumne,109,53932,3805,3817,35,3852,52
2021-02-19,Ventura,111,848112,77164,76582,2705,79287,667
2021-02-19,Yolo,113,214977,12766,12606,144,12750,183
2021-02-19,Yuba,115,75493,5451,5376,81,5457,38
2021-02-18,Alameda,001,1643700,79928,79111,1658,80769,1012
2021-02-18,Alpine,003,1148,78,77,0,77,0
2021-02-18,Amador,005,37829,3436,3417,28,3445,38
2021-02-18,Butte,007,227075,11232,10791,1578,12369,175
2021-02-18,Calaveras,009,45235,1884,1873,11,1884,21
2021-02-18,Colusa,011,21464,1864,1856,256,2112,11
2021-02-18,Contra Costa,013,1133247,62308,60868,1041,61909,640
2021-02-18,Del Norte,015,27424,981,929,4,933,2
2021-02-18,El Dorado,017,186661,9056,8850,598,9448,94
2021-02-18,Fresno,019,978130,95347,93734,7484,101218,1323
2021-02-18,Glenn,021,27897,2225,2195,482,2677,14
2021-02-18,Humboldt,023,135768,3084,3023,22,3045,29
2021-02-18,Imperial,025,180216,27115,26731,2405,29136,591
2021-02-18,Inyo,027,18085,1267,1213,8,1221,32
2021-02-18,Kern,029,883053,92571,90655,9470,100125,961
2021-02-18,Kings,031,150075,22099,21648,933,22581,211
2021-02-18,Lake,033,64148,3137,3066,6,3072,40
2021-02-18,Lassen,035,31185,5095,5052,92,5144,1
2021-02-18,Los Angeles,037,10098052,1166875,1141930,37970,1179900,19358
2021-02-18,Madera,039,155013,15448,15175,790,15965,188
2021-02-18,Marin,041,260295,13065,12895,149,13044,209
2021-02-18,Mariposa,043,17540,375,369,5,374,4
2021-02-18,Mendocino,045,87422,3607,3519,70,3589,39
2021-02-18,Merced,047,269075,28026,27870,868,28738,372
2021-02-18,Modoc,049,8938,333,327,111,438,3
2021-02-18,Mono,051,14174,1174,1182,15,1197,3
2021-02-18,Monterey,053,433212,41665,41091,1623,42714,307
2021-02-18,Napa,055,140530,8940,8877,31,8908,68
2021-02-18,Nevada,057,99092,3938,3836,155,3991,66
2021-02-18,Orange,059,3164182,245550,243098,9999,253097,3673
2021-02-18,Placer,061,380077,20326,19429,1071,20500,232
2021-02-18,Plumas,063,18699,638,624,10,634,4
2021-02-18,Riverside,065,2383286,283915,276595,13148,289743,3510
2021-02-18,Sacramento,067,1510023,93344,91476,1179,92655,1334
2021-02-18,San Benito,069,59416,5696,5697,83,5780,58
2021-02-18,San Bernardino,071,2135413,284795,278887,8419,287306,3066
2021-02-18,San Diego,073,3302833,261578,254987,12644,267631,3135
2021-02-18,San Francisco,075,870044,33807,33650,1019,34669,386
2021-02-18,San Joaquin,077,732212,66122,64634,2643,67277,982
2021-02-18,San Luis Obispo,079,281455,19470,18987,534,19521,230
2021-02-18,San Mateo,081,765935,39090,38185,389,38574,282
2021-02-18,Santa Barbara,083,443738,31833,31054,1008,32062,387
2021-02-18,Santa Clara,085,1922200,108949,108210,541,108751,1605
2021-02-18,Santa Cruz,087,273765,15263,14314,760,15074,176
2021-02-18,Shasta,089,179085,10844,10811,1181,11992,139
2021-02-18,Sierra,091,2930,50,47,12,59,0
2021-02-18,Siskiyou,093,43540,1462,1359,216,1575,4
2021-02-18,Solano,095,438530,29582,29349,344,29693,150
2021-02-18,Sonoma,097,501317,27653,27512,186,27698,281
2021-02-18,Stanislaus,099,539301,50064,49150,5176,54326,738
2021-02-18,Sutter,101,95872,8744,8654,77,8731,96
2021-02-18,Tehama,103,63373,4571,4528,480,5008,30
2021-02-18,Trinity,105,12862,461,282,70,352,3
2021-02-18,Tulare,107,460477,47820,46591,7636,54227,728
2021-02-18,Tuolumne,109,53932,3768,3811,35,3846,52
2021-02-18,Ventura,111,848112,77032,76442,2697,79139,659
2021-02-18,Yolo,113,214977,12740,12549,144,12693,183
2021-02-18,Yuba,115,75493,5434,5358,81,5439,38
2021-02-17,Alameda,001,1643700,79766,78895,1656,80551,1002
2021-02-17,Alpine,003,1148,78,77,0,77,0
2021-02-17,Amador,005,37829,3432,3415,28,3443,38
2021-02-17,Butte,007,227075,11214,10770,1574,12344,174
2021-02-17,Calaveras,009,45235,1884,1876,11,1887,21
2021-02-17,Colusa,011,21464,1861,1854,256,2110,10
2021-02-17,Contra Costa,013,1133247,62170,60723,1038,61761,635
2021-02-17,Del Norte,015,27424,974,920,4,924,2
2021-02-17,El Dorado,017,186661,9045,8847,598,9445,94
2021-02-17,Fresno,019,978130,95208,93555,7457,101012,1307
2021-02-17,Glenn,021,27897,2224,2189,481,2670,14
2021-02-17,Humboldt,023,135768,3069,3006,22,3028,29
2021-02-17,Imperial,025,180216,27101,26726,2401,29127,580
2021-02-17,Inyo,027,18085,1259,1197,8,1205,32
2021-02-17,Kern,029,883053,92453,90454,9426,99880,962
2021-02-17,Kings,031,150075,22061,21617,929,22546,211
2021-02-17,Lake,033,64148,3127,3057,2,3059,38
2021-02-17,Lassen,035,31185,5090,5052,91,5143,1
2021-02-17,Los Angeles,037,10098052,1165818,1139786,37908,1177694,19213
2021-02-17,Madera,039,155013,15423,15135,781,15916,177
2021-02-17,Marin,041,260295,13040,12881,149,13030,207
2021-02-17,Mariposa,043,17540,375,368,4,372,4
2021-02-17,Mendocino,045,87422,3605,3494,69,3563,39
2021-02-17,Merced,047,269075,27971,27824,859,28683,372
2021-02-17,Modoc,049,8938,333,327,111,438,3
2021-02-17,Mono,051,14174,1174,1180,15,1195,3
2021-02-17,Monterey,053,433212,41610,41014,1612,42626,304
2021-02-17,Napa,055,140530,8926,8865,31,8896,68
2021-02-17,Nevada,057,99092,3919,3822,152,3974,52
2021-02-17,Orange,059,3164182,245289,242716,9966,252682,3626
2021-02-17,Placer,061,380077,20292,19405,1067,20472,230
2021-02-17,Plumas,063,18699,637,623,10,633,4
2021-02-17,Riverside,065,2383286,283626,276289,13127,289416,3491
2021-02-17,Sacramento,067,1510023,93185,91309,1172,92481,1326
2021-02-17,San Benito,069,59416,5690,5661,83,5744,57
2021-02-17,San Bernardino,071,2135413,284592,278461,8399,286860,3020
2021-02-17,San Diego,073,3302833,261200,254177,12623,266800,3099
2021-02-17,San Francisco,075,870044,33731,33558,1014,34572,379
2021-02-17,San Joaquin,077,732212,66016,64556,2637,67193,979
2021-02-17,San Luis Obispo,079,281455,19425,18964,534,19498,230
2021-02-17,San Mateo,081,765935,39026,38124,389,38513,282
2021-02-17,Santa Barbara,083,443738,31765,30927,1007,31934,384
2021-02-17,Santa Clara,085,1922200,108717,107949,539,108488,1592
2021-02-17,Santa Cruz,087,273765,15230,14268,757,15025,174
2021-02-17,Shasta,089,179085,10824,10770,1180,11950,139
2021-02-17,Sierra,091,2930,50,47,12,59,0
2021-02-17,Siskiyou,093,43540,1456,1352,213,1565,4
2021-02-17,Solano,095,438530,29525,29288,344,29632,149
2021-02-17,Sonoma,097,501317,27581,27408,181,27589,281
2021-02-17,Stanislaus,099,539301,49951,49050,5160,54210,730
2021-02-17,Sutter,101,95872,8734,8681,77,8758,95
2021-02-17,Tehama,103,63373,4568,4511,480,4991,30
2021-02-17,Trinity,105,12862,461,277,68,345,3
2021-02-17,Tulare,107,460477,47755,46495,7611,54106,726
2021-02-17,Tuolumne,109,53932,3759,3806,35,3841,49
2021-02-17,Ventura,111,848112,76910,76234,2691,78925,646
2021-02-17,Yolo,113,214977,12721,12506,142,12648,182
2021-02-17,Yuba,115,75493,5425,5345,81,5426,38
2021-02-16,Alameda,001,1643700,79597,78756,1653,80409,997
2021-02-16,Alpine,003,1148,78,76,0,76,0
2021-02-16,Amador,005,37829,3425,3413,28,3441,39
2021-02-16,Butte,007,227075,11188,10748,1571,12319,164
2021-02-16,Calaveras,009,45235,1882,1872,11,1883,21
2021-02-16,Colusa,011,21464,1858,1852,254,2106,10
2021-02-16,Contra Costa,013,1133247,62019,60564,1033,61597,631
2021-02-16,Del Norte,015,27424,966,913,4,917,2
2021-02-16,El Dorado,017,186661,9035,8836,596,9432,94
2021-02-16,Fresno,019,978130,95043,93363,7427,100790,1293
2021-02-16,Glenn,021,27897,2220,2189,477,2666,14
2021-02-16,Humboldt,023,135768,3046,2994,21,3015,29
2021-02-16,Imperial,025,180216,27088,26711,2397,29108,580
2021-02-16,Inyo,027,18085,1251,1191,8,1199,32
2021-02-16,Kern,029,883053,92321,90267,9396,99663,959
2021-02-16,Kings,031,150075,22015,21583,925,22508,206
2021-02-16,Lake,033,64148,3120,3041,2,3043,38
2021-02-16,Lassen,035,31185,5078,5047,91,5138,1
2021-02-16,Los Angeles,037,10098052,1164565,1138262,37848,1176110,19044
2021-02-16,Madera,039,155013,15385,15120,776,15896,172
2021-02-16,Marin,041,260295,13012,12832,149,12981,205
2021-02-16,Mariposa,043,17540,375,367,4,371,4
2021-02-16,Mendocino,045,87422,3601,3489,69,3558,39
2021-02-16,Merced,047,269075,27890,27724,853,28577,368
2021-02-16,Modoc,049,8938,333,326,111,437,3
2021-02-16,Mono,051,14174,1174,1180,15,1195,3
2021-02-16,Monterey,053,433212,41534,40962,1603,42565,303
2021-02-16,Napa,055,140530,8913,8854,31,8885,66
2021-02-16,Nevada,057,99092,3906,3774,151,3925,47
2021-02-16,Orange,059,3164182,244968,242382,9950,252332,3612
2021-02-16,Placer,061,380077,20259,19367,1064,20431,230
2021-02-16,Plumas,063,18699,637,619,10,629,4
2021-02-16,Riverside,065,2383286,283319,275954,13105,289059,3471
2021-02-16,Sacramento,067,1510023,92931,91246,1166,92412,1305
2021-02-16,San Benito,069,59416,5682,5659,82,5741,56
2021-02-16,San Bernardino,071,2135413,284369,277947,8390,286337,2978
2021-02-16,San Diego,073,3302833,260735,253638,12584,266222,3042
2021-02-16,San Francisco,075,870044,33659,33491,1009,34500,373
2021-02-16,San Joaquin,077,732212,65886,64448,2634,67082,979
2021-02-16,San Luis Obispo,079,281455,19380,18925,531,19456,229
2021-02-16,San Mateo,081,765935,38967,38041,387,38428,277
2021-02-16,Santa Barbara,083,443738,31691,30865,1004,31869,378
2021-02-16,Santa Clara,085,1922200,108465,107754,536,108290,1591
2021-02-16,Santa Cruz,087,273765,15210,14256,756,15012,174
2021-02-16,Shasta,089,179085,10809,10736,1178,11914,139
2021-02-16,Sierra,091,2930,50,47,12,59,0
2021-02-16,Siskiyou,093,43540,1452,1351,213,1564,4
2021-02-16,Solano,095,438530,29487,29246,343,29589,148
2021-02-16,Sonoma,097,501317,27522,27380,175,27555,279
2021-02-16,Stanislaus,099,539301,49827,48927,5146,54073,716
2021-02-16,Sutter,101,95872,8711,8671,77,8748,95
2021-02-16,Tehama,103,63373,4559,4501,478,4979,30
2021-02-16,Trinity,105,12862,457,275,68,343,3
2021-02-16,Tulare,107,460477,47691,46444,7568,54012,716
2021-02-16,Tuolumne,109,53932,3757,3796,35,3831,49
2021-02-16,Ventura,111,848112,76768,76043,2688,78731,631
2021-02-16,Yolo,113,214977,12692,12457,142,12599,175
2021-02-16,Yuba,115,75493,5418,5332,80,5412,38
2021-02-15,Alameda,001,1643700,79400,78647,1642,80289,996
2021-02-15,Alpine,003,1148,78,76,0,76,0
2021-02-15,Amador,005,37829,3421,3409,28,3437,39
2021-02-15,Butte,007,227075,11170,10723,1567,12290,155
2021-02-15,Calaveras,009,45235,1878,1871,11,1882,21
2021-02-15,Colusa,011,21464,1858,1849,250,2099,10
2021-02-15,Contra Costa,013,1133247,61848,60444,1028,61472,631
2021-02-15,Del Norte,015,27424,962,913,4,917,2
2021-02-15,El Dorado,017,186661,9018,8816,596,9412,94
2021-02-15,Fresno,019,978130,94844,93231,7388,100619,1288
2021-02-15,Glenn,021,27897,2218,2185,476,2661,14
2021-02-15,Humboldt,023,135768,3039,2997,21,3018,29
2021-02-15,Imperial,025,180216,27068,26700,2394,29094,580
2021-02-15,Inyo,027,18085,1232,1184,8,1192,32
2021-02-15,Kern,029,883053,92177,90181,9366,99547,959
2021-02-15,Kings,031,150075,21970,21574,921,22495,205
2021-02-15,Lake,033,64148,3106,3030,1,3031,38
2021-02-15,Lassen,035,31185,5076,5047,90,5137,1
2021-02-15,Los Angeles,037,10098052,1163177,1137164,37787,1174951,18925
2021-02-15,Madera,039,155013,15354,15108,774,15882,106
2021-02-15,Marin,041,260295,12991,12810,146,12956,203
2021-02-15,Mariposa,043,17540,373,367,4,371,4
2021-02-15,Mendocino,045,87422,3589,3481,69,3550,39
2021-02-15,Merced,047,269075,27816,27656,846,28502,368
2021-02-15,Modoc,049,8938,333,326,111,437,3
2021-02-15,Mono,051,14174,1171,1178,15,1193,3
2021-02-15,Monterey,053,433212,41470,40911,1591,42502,302
2021-02-15,Napa,055,140530,8899,8837,31,8868,57
2021-02-15,Nevada,057,99092,3889,3767,150,3917,47
2021-02-15,Orange,059,3164182,244649,242176,9922,252098,3586
2021-02-15,Placer,061,380077,20233,19361,1063,20424,230
2021-02-15,Plumas,063,18699,637,620,10,630,4
2021-02-15,Riverside,065,2383286,282965,275771,13086,288857,3468
2021-02-15,Sacramento,067,1510023,92604,91091,1161,92252,1304
2021-02-15,San Benito,069,59416,5676,5649,82,5731,56
2021-02-15,San Bernardino,071,2135413,284118,277869,8382,286251,2945
2021-02-15,San Diego,073,3302833,260222,252940,12553,265493,3037
2021-02-15,San Francisco,075,870044,33586,33454,1003,34457,373
2021-02-15,San Joaquin,077,732212,65721,64382,2627,67009,979
2021-02-15,San Luis Obispo,079,281455,19327,18891,529,19420,227
2021-02-15,San Mateo,081,765935,38888,37969,384,38353,277
2021-02-15,Santa Barbara,083,443738,31588,30810,1001,31811,378
2021-02-15,Santa Clara,085,1922200,108235,107630,534,108164,1588
2021-02-15,Santa Cruz,087,273765,15178,14239,753,14992,175
2021-02-15,Shasta,089,179085,10789,10730,1173,11903,139
2021-02-15,Sierra,091,2930,50,47,12,59,0
2021-02-15,Siskiyou,093,43540,1444,1345,212,1557,4
2021-02-15,Solano,095,438530,29432,29225,343,29568,148
2021-02-15,Sonoma,097,501317,27438,27359,171,27530,276
2021-02-15,Stanislaus,099,539301,49700,48808,5133,53941,716
2021-02-15,Sutter,101,95872,8696,8652,77,8729,95
2021-02-15,Tehama,103,63373,4550,4492,477,4969,30
2021-02-15,Trinity,105,12862,456,274,68,342,3
2021-02-15,Tulare,107,460477,47620,46344,7529,53873,715
2021-02-15,Tuolumne,109,53932,3747,3794,35,3829,49
2021-02-15,Ventura,111,848112,76613,75889,2685,78574,629
2021-02-15,Yolo,113,214977,12656,12412,141,12553,175
2021-02-15,Yuba,115,75493,5401,5320,79,5399,38
2021-02-14,Alameda,001,1643700,79248,78442,1641,80083,995
2021-02-14,Alpine,003,1148,78,76,0,76,0
2021-02-14,Amador,005,37829,3416,3398,28,3426,39
2021-02-14,Butte,007,227075,11146,10717,1564,12281,155
2021-02-14,Calaveras,009,45235,1874,1866,11,1877,21
2021-02-14,Colusa,011,21464,1854,1845,247,2092,10
2021-02-14,Contra Costa,013,1133247,61698,60272,1025,61297,631
2021-02-14,Del Norte,015,27424,958,911,4,915,2
2021-02-14,El Dorado,017,186661,8986,8790,595,9385,94
2021-02-14,Fresno,019,978130,94673,93065,7365,100430,1287
2021-02-14,Glenn,021,27897,2215,2184,476,2660,14
2021-02-14,Humboldt,023,135768,3026,2992,21,3013,29
2021-02-14,Imperial,025,180216,27061,26696,2393,29089,580
2021-02-14,Inyo,027,18085,1226,1177,8,1185,32
2021-02-14,Kern,029,883053,92017,90038,9313,99351,959
2021-02-14,Kings,031,150075,21944,21538,919,22457,205
2021-02-14,Lake,033,64148,3095,3030,1,3031,38
2021-02-14,Lassen,035,31185,5072,5037,90,5127,1
2021-02-14,Los Angeles,037,10098052,1161830,1135450,37705,1173155,18898
2021-02-14,Madera,039,155013,15322,15089,770,15859,106
2021-02-14,Marin,041,260295,12967,12784,146,12930,201
2021-02-14,Mariposa,043,17540,373,365,4,369,4
2021-02-14,Mendocino,045,87422,3583,3475,69,3544,39
2021-02-14,Merced,047,269075,27734,27601,841,28442,368
2021-02-14,Modoc,049,8938,333,326,111,437,3
2021-02-14,Mono,051,14174,1170,1180,15,1195,3
2021-02-14,Monterey,053,433212,41419,40842,1586,42428,302
2021-02-14,Napa,055,140530,8879,8826,31,8857,57
2021-02-14,Nevada,057,99092,3873,3761,150,3911,47
2021-02-14,Orange,059,3164182,244338,241859,9904,251763,3564
2021-02-14,Placer,061,380077,20194,19313,1058,20371,230
2021-02-14,Plumas,063,18699,636,620,10,630,4
2021-02-14,Riverside,065,2383286,282634,275518,13067,288585,3471
2021-02-14,Sacramento,067,1510023,92397,90856,1157,92013,1304
2021-02-14,San Benito,069,59416,5667,5641,81,5722,56
2021-02-14,San Bernardino,071,2135413,283812,277664,8362,286026,2929
2021-02-14,San Diego,073,3302833,259730,252247,12506,264753,3037
2021-02-14,San Francisco,075,870044,33512,33374,995,34369,372
2021-02-14,San Joaquin,077,732212,65623,64243,2613,66856,979
2021-02-14,San Luis Obispo,079,281455,19289,18868,526,19394,225
2021-02-14,San Mateo,081,765935,38803,37859,384,38243,277
2021-02-14,Santa Barbara,083,443738,31496,30744,997,31741,377
2021-02-14,Santa Clara,085,1922200,108036,107412,530,107942,1582
2021-02-14,Santa Cruz,087,273765,15150,14225,748,14973,175
2021-02-14,Shasta,089,179085,10757,10720,1169,11889,139
2021-02-14,Sierra,091,2930,50,47,12,59,0
2021-02-14,Siskiyou,093,43540,1440,1340,212,1552,4
2021-02-14,Solano,095,438530,29390,29150,340,29490,148
2021-02-14,Sonoma,097,501317,27363,27266,169,27435,276
2021-02-14,Stanislaus,099,539301,49590,48672,5118,53790,716
2021-02-14,Sutter,101,95872,8673,8642,77,8719,95
2021-02-14,Tehama,103,63373,4544,4490,474,4964,30
2021-02-14,Trinity,105,12862,456,272,68,340,3
2021-02-14,Tulare,107,460477,47535,46263,7480,53743,715
2021-02-14,Tuolumne,109,53932,3746,3764,35,3799,49
2021-02-14,Ventura,111,848112,76444,75742,2674,78416,629
2021-02-14,Yolo,113,214977,12627,12399,140,12539,175
2021-02-14,Yuba,115,75493,5391,5314,79,5393,38
2021-02-13,Alameda,001,1643700,79126,78246,1638,79884,995
2021-02-13,Alpine,003,1148,78,76,0,76,0
2021-02-13,Amador,005,37829,3413,3387,28,3415,38
2021-02-13,Butte,007,227075,11130,10699,1562,12261,155
2021-02-13,Calaveras,009,45235,1871,1863,11,1874,21
2021-02-13,Colusa,011,21464,1854,1837,247,2084,10
2021-02-13,Contra Costa,013,1133247,61577,60100,1025,61125,629
2021-02-13,Del Norte,015,27424,956,908,4,912,2
2021-02-13,El Dorado,017,186661,8974,8758,594,9352,93
2021-02-13,Fresno,019,978130,94559,92807,7343,100150,1287
2021-02-13,Glenn,021,27897,2214,2182,474,2656,14
2021-02-13,Humboldt,023,135768,3013,2974,20,2994,29
2021-02-13,Imperial,025,180216,27054,26680,2391,29071,580
2021-02-13,Inyo,027,18085,1222,1168,8,1176,32
2021-02-13,Kern,029,883053,91928,89915,9287,99202,957
2021-02-13,Kings,031,150075,21929,21513,917,22430,205
2021-02-13,Lake,033,64148,3086,3025,1,3026,37
2021-02-13,Lassen,035,31185,5069,5028,90,5118,1
2021-02-13,Los Angeles,037,10098052,1160972,1133752,37658,1171410,18822
2021-02-13,Madera,039,155013,15313,15053,766,15819,106
2021-02-13,Marin,041,260295,12943,12757,146,12903,201
2021-02-13,Mariposa,043,17540,373,365,4,369,4
2021-02-13,Mendocino,045,87422,3573,3466,69,3535,38
2021-02-13,Merced,047,269075,27690,27541,838,28379,368
2021-02-13,Modoc,049,8938,333,325,111,436,3
2021-02-13,Mono,051,14174,1170,1176,15,1191,3
2021-02-13,Monterey,053,433212,41387,40731,1585,42316,301
2021-02-13,Napa,055,140530,8870,8809,31,8840,57
2021-02-13,Nevada,057,99092,3864,3742,149,3891,47
2021-02-13,Orange,059,3164182,244132,241545,9885,251430,3520
2021-02-13,Placer,061,380077,20174,19214,1058,20272,230
2021-02-13,Plumas,063,18699,636,616,10,626,4
2021-02-13,Riverside,065,2383286,282405,275276,13058,288334,3462
2021-02-13,Sacramento,067,1510023,92230,90401,1154,91555,1302
2021-02-13,San Benito,069,59416,5650,5633,81,5714,56
2021-02-13,San Bernardino,071,2135413,283660,277405,8349,285754,2899
2021-02-13,San Diego,073,3302833,259398,251679,12494,264173,3009
2021-02-13,San Francisco,075,870044,33462,33291,985,34276,364
2021-02-13,San Joaquin,077,732212,65554,64105,2603,66708,977
2021-02-13,San Luis Obispo,079,281455,19261,18803,520,19323,225
2021-02-13,San Mateo,081,765935,38750,37745,384,38129,277
2021-02-13,Santa Barbara,083,443738,31444,30594,996,31590,374
2021-02-13,Santa Clara,085,1922200,107847,107125,526,107651,1570
2021-02-13,Santa Cruz,087,273765,15123,14198,747,14945,173
2021-02-13,Shasta,089,179085,10744,10713,1164,11877,139
2021-02-13,Sierra,091,2930,50,47,12,59,0
2021-02-13,Siskiyou,093,43540,1437,1336,212,1548,4
2021-02-13,Solano,095,438530,29354,29084,340,29424,148
2021-02-13,Sonoma,097,501317,27315,27157,167,27324,276
2021-02-13,Stanislaus,099,539301,49519,48568,5112,53680,697
2021-02-13,Sutter,101,95872,8661,8626,77,8703,94
2021-02-13,Tehama,103,63373,4534,4484,473,4957,30
2021-02-13,Trinity,105,12862,455,272,67,339,3
2021-02-13,Tulare,107,460477,47484,46162,7449,53611,709
2021-02-13,Tuolumne,109,53932,3745,3752,35,3787,49
2021-02-13,Ventura,111,848112,76304,75481,2668,78149,618
2021-02-13,Yolo,113,214977,12614,12374,139,12513,175
2021-02-13,Yuba,115,75493,5383,5289,79,5368,38
2021-02-12,Alameda,001,1643700,78977,77958,1632,79590,974
2021-02-12,Alpine,003,1148,78,76,0,76,0
2021-02-12,Amador,005,37829,3409,3381,28,3409,38
2021-02-12,Butte,007,227075,11117,10655,1555,12210,155
2021-02-12,Calaveras,009,45235,1868,1860,11,1871,21
2021-02-12,Colusa,011,21464,1854,1836,247,2083,10
2021-02-12,Contra Costa,013,1133247,61427,59878,1021,60899,620
2021-02-12,Del Norte,015,27424,946,901,4,905,2
2021-02-12,El Dorado,017,186661,8959,8725,591,9316,92
2021-02-12,Fresno,019,978130,94405,92520,7323,99843,1273
2021-02-12,Glenn,021,27897,2211,2175,474,2649,14
2021-02-12,Humboldt,023,135768,3005,2961,20,2981,29
2021-02-12,Imperial,025,180216,27047,26646,2388,29034,585
2021-02-12,Inyo,027,18085,1216,1156,8,1164,32
2021-02-12,Kern,029,883053,91814,89532,9255,98787,949
2021-02-12,Kings,031,150075,21897,21462,912,22374,202
2021-02-12,Lake,033,64148,3081,3012,1,3013,36
2021-02-12,Lassen,035,31185,5067,5015,90,5105,1
2021-02-12,Los Angeles,037,10098052,1159761,1131185,37591,1168776,18637
2021-02-12,Madera,039,155013,15286,15022,763,15785,106
2021-02-12,Marin,041,260295,12917,12720,146,12866,200
2021-02-12,Mariposa,043,17540,372,365,4,369,4
2021-02-12,Mendocino,045,87422,3571,3447,69,3516,38
2021-02-12,Merced,047,269075,27639,27453,835,28288,367
2021-02-12,Modoc,049,8938,333,324,111,435,3
2021-02-12,Mono,051,14174,1169,1172,15,1187,3
2021-02-12,Monterey,053,433212,41339,40633,1576,42209,297
2021-02-12,Napa,055,140530,8858,8785,31,8816,55
2021-02-12,Nevada,057,99092,3859,3728,149,3877,47
2021-02-12,Orange,059,3164182,243893,241075,9870,250945,3505
2021-02-12,Placer,061,380077,20132,19174,1053,20227,230
2021-02-12,Plumas,063,18699,635,614,10,624,4
2021-02-12,Riverside,065,2383286,282127,274792,13043,287835,3438
2021-02-12,Sacramento,067,1510023,92028,90252,1153,91405,1295
2021-02-12,San Benito,069,59416,5634,5622,80,5702,56
2021-02-12,San Bernardino,071,2135413,283470,276890,8338,285228,2827
2021-02-12,San Diego,073,3302833,259010,250788,12468,263256,2979
2021-02-12,San Francisco,075,870044,33402,33179,981,34160,359
2021-02-12,San Joaquin,077,732212,65458,63966,2595,66561,975
2021-02-12,San Luis Obispo,079,281455,19220,18687,519,19206,224
2021-02-12,San Mateo,081,765935,38678,37560,384,37944,254
2021-02-12,Santa Barbara,083,443738,31373,30454,991,31445,372
2021-02-12,Santa Clara,085,1922200,107675,106759,523,107282,1543
2021-02-12,Santa Cruz,087,273765,15103,14147,747,14894,170
2021-02-12,Shasta,089,179085,10726,10693,1154,11847,142
2021-02-12,Sierra,091,2930,49,45,12,57,0
2021-02-12,Siskiyou,093,43540,1433,1324,209,1533,4
2021-02-12,Solano,095,438530,29322,28996,337,29333,147
2021-02-12,Sonoma,097,501317,27260,27064,163,27227,275
2021-02-12,Stanislaus,099,539301,49431,48418,5090,53508,697
2021-02-12,Sutter,101,95872,8648,8609,77,8686,93
2021-02-12,Tehama,103,63373,4527,4470,472,4942,27
2021-02-12,Trinity,105,12862,455,269,67,336,3
2021-02-12,Tulare,107,460477,47406,46016,7423,53439,710
2021-02-12,Tuolumne,109,53932,3742,3736,34,3770,49
2021-02-12,Ventura,111,848112,76134,75210,2662,77872,605
2021-02-12,Yolo,113,214977,12593,12340,139,12479,175
2021-02-12,Yuba,115,75493,5375,5274,79,5353,38
2021-02-11,Alameda,001,1643700,78751,77564,1627,79191,960
2021-02-11,Alpine,003,1148,77,76,0,76,0
2021-02-11,Amador,005,37829,3405,3368,28,3396,35
2021-02-11,Butte,007,227075,11094,10624,1554,12178,155
2021-02-11,Calaveras,009,45235,1865,1856,11,1867,21
2021-02-11,Colusa,011,21464,1849,1823,245,2068,10
2021-02-11,Contra Costa,013,1133247,61260,59633,1017,60650,605
2021-02-11,Del Norte,015,27424,941,894,4,898,2
2021-02-11,El Dorado,017,186661,8938,8698,591,9289,92
2021-02-11,Fresno,019,978130,94251,92168,7300,99468,1255
2021-02-11,Glenn,021,27897,2206,2166,473,2639,14
2021-02-11,Humboldt,023,135768,2992,2954,19,2973,29
2021-02-11,Imperial,025,180216,27023,26545,2386,28931,578
2021-02-11,Inyo,027,18085,1207,1144,8,1152,32
2021-02-11,Kern,029,883053,91623,89224,9212,98436,941
2021-02-11,Kings,031,150075,21867,21373,909,22282,202
2021-02-11,Lake,033,64148,3071,3002,1,3003,36
2021-02-11,Lassen,035,31185,5056,5004,87,5091,1
2021-02-11,Los Angeles,037,10098052,1158132,1128437,37522,1165959,18500
2021-02-11,Madera,039,155013,15265,14984,761,15745,106
2021-02-11,Marin,041,260295,12880,12682,146,12828,200
2021-02-11,Mariposa,043,17540,372,361,4,365,4
2021-02-11,Mendocino,045,87422,3564,3420,69,3489,38
2021-02-11,Merced,047,269075,27573,27325,831,28156,363
2021-02-11,Modoc,049,8938,332,317,111,428,3
2021-02-11,Mono,051,14174,1165,1173,15,1188,3
2021-02-11,Monterey,053,433212,41233,40469,1570,42039,295
2021-02-11,Napa,055,140530,8837,8777,31,8808,55
2021-02-11,Nevada,057,99092,3843,3720,149,3869,47
2021-02-11,Orange,059,3164182,243526,240590,9846,250436,3476
2021-02-11,Placer,061,380077,20092,19118,1052,20170,224
2021-02-11,Plumas,063,18699,634,592,10,602,4
2021-02-11,Riverside,065,2383286,281760,274313,13028,287341,3394
2021-02-11,Sacramento,067,1510023,91785,89988,1147,91135,1286
2021-02-11,San Benito,069,59416,5625,5609,80,5689,56
2021-02-11,San Bernardino,071,2135413,283172,276349,8324,284673,2774
2021-02-11,San Diego,073,3302833,258457,249971,12434,262405,2955
2021-02-11,San Francisco,075,870044,33318,33076,972,34048,356
2021-02-11,San Joaquin,077,732212,65290,63719,2585,66304,971
2021-02-11,San Luis Obispo,079,281455,19155,18615,515,19130,219
2021-02-11,San Mateo,081,765935,38587,37439,382,37821,253
2021-02-11,Santa Barbara,083,443738,31275,30375,986,31361,370
2021-02-11,Santa Clara,085,1922200,107415,106392,518,106910,1507
2021-02-11,Santa Cruz,087,273765,15080,14088,742,14830,165
2021-02-11,Shasta,089,179085,10702,10672,1150,11822,140
2021-02-11,Sierra,091,2930,49,45,12,57,0
2021-02-11,Siskiyou,093,43540,1418,1320,209,1529,4
2021-02-11,Solano,095,438530,29269,28885,337,29222,138
2021-02-11,Sonoma,097,501317,27175,26971,160,27131,272
2021-02-11,Stanislaus,099,539301,49286,48205,5078,53283,697
2021-02-11,Sutter,101,95872,8634,8590,76,8666,93
2021-02-11,Tehama,103,63373,4521,4463,472,4935,26
2021-02-11,Trinity,105,12862,455,269,67,336,3
2021-02-11,Tulare,107,460477,47311,45897,7383,53280,706
2021-02-11,Tuolumne,109,53932,3705,3716,34,3750,48
2021-02-11,Ventura,111,848112,75932,74959,2653,77612,590
2021-02-11,Yolo,113,214977,12569,12303,139,12442,173
2021-02-11,Yuba,115,75493,5361,5261,78,5339,38
2021-02-10,Alameda,001,1643700,78550,77344,1626,78970,944
2021-02-10,Alpine,003,1148,77,76,0,76,0
2021-02-10,Amador,005,37829,3393,3348,28,3376,35
2021-02-10,Butte,007,227075,11066,10594,1553,12147,155
2021-02-10,Calaveras,009,45235,1863,1850,11,1861,21
2021-02-10,Colusa,011,21464,1842,1815,243,2058,10
2021-02-10,Contra Costa,013,1133247,61085,59488,1015,60503,590
2021-02-10,Del Norte,015,27424,935,888,4,892,2
2021-02-10,El Dorado,017,186661,8907,8682,587,9269,87
2021-02-10,Fresno,019,978130,94076,91876,7275,99151,1247
2021-02-10,Glenn,021,27897,2202,2160,471,2631,14
2021-02-10,Humboldt,023,135768,2984,2924,19,2943,29
2021-02-10,Imperial,025,180216,26985,26522,2383,28905,578
2021-02-10,Inyo,027,18085,1195,1138,8,1146,30
2021-02-10,Kern,029,883053,91416,88933,9158,98091,926
2021-02-10,Kings,031,150075,21824,21294,907,22201,197
2021-02-10,Lake,033,64148,3058,2975,1,2976,36
2021-02-10,Lassen,035,31185,5052,4993,87,5080,1
2021-02-10,Los Angeles,037,10098052,1156385,1125437,37394,1162831,18338
2021-02-10,Madera,039,155013,15226,14925,759,15684,105
2021-02-10,Marin,041,260295,12843,12651,146,12797,199
2021-02-10,Mariposa,043,17540,370,360,4,364,4
2021-02-10,Mendocino,045,87422,3549,3395,69,3464,38
2021-02-10,Merced,047,269075,27490,27246,820,28066,359
2021-02-10,Modoc,049,8938,331,315,109,424,3
2021-02-10,Mono,051,14174,1160,1170,15,1185,3
2021-02-10,Monterey,053,433212,41156,40366,1556,41922,288
2021-02-10,Napa,055,140530,8818,8769,31,8800,55
2021-02-10,Nevada,057,99092,3828,3693,147,3840,47
2021-02-10,Orange,059,3164182,243109,239974,9815,249789,3439
2021-02-10,Placer,061,380077,20053,19062,1047,20109,220
2021-02-10,Plumas,063,18699,631,589,10,599,2
2021-02-10,Riverside,065,2383286,281331,273721,13018,286739,3374
2021-02-10,Sacramento,067,1510023,91534,89653,1143,90796,1275
2021-02-10,San Benito,069,59416,5611,5591,80,5671,55
2021-02-10,San Bernardino,071,2135413,282818,275616,8308,283924,2696
2021-02-10,San Diego,073,3302833,257875,248858,12396,261254,2904
2021-02-10,San Francisco,075,870044,33235,32955,969,33924,351
2021-02-10,San Joaquin,077,732212,65148,63484,2571,66055,954
2021-02-10,San Luis Obispo,079,281455,19076,18549,513,19062,216
2021-02-10,San Mateo,081,765935,38496,37323,382,37705,245
2021-02-10,Santa Barbara,083,443738,31184,30216,981,31197,359
2021-02-10,Santa Clara,085,1922200,107175,106048,515,106563,1489
2021-02-10,Santa Cruz,087,273765,15044,14007,740,14747,165
2021-02-10,Shasta,089,179085,10679,10645,1147,11792,142
2021-02-10,Sierra,091,2930,49,45,12,57,0
2021-02-10,Siskiyou,093,43540,1413,1314,208,1522,4
2021-02-10,Solano,095,438530,29194,28835,335,29170,137
2021-02-10,Sonoma,097,501317,27079,26881,158,27039,271
2021-02-10,Stanislaus,099,539301,49169,48016,5062,53078,696
2021-02-10,Sutter,101,95872,8617,8571,76,8647,93
2021-02-10,Tehama,103,63373,4513,4445,472,4917,23
2021-02-10,Trinity,105,12862,452,268,67,335,3
2021-02-10,Tulare,107,460477,47194,45782,7345,53127,696
2021-02-10,Tuolumne,109,53932,3697,3691,34,3725,48
2021-02-10,Ventura,111,848112,75704,74651,2636,77287,580
2021-02-10,Yolo,113,214977,12545,12276,139,12415,174
2021-02-10,Yuba,115,75493,5343,5241,78,5319,38
2021-02-09,Alameda,001,1643700,78288,77018,1622,78640,936
2021-02-09,Alpine,003,1148,77,76,0,76,0
2021-02-09,Amador,005,37829,3385,3347,28,3375,35
2021-02-09,Butte,007,227075,11040,10563,1550,12113,153
2021-02-09,Calaveras,009,45235,1859,1847,11,1858,21
2021-02-09,Colusa,011,21464,1833,1812,238,2050,10
2021-02-09,Contra Costa,013,1133247,60895,59307,1009,60316,583
2021-02-09,Del Norte,015,27424,929,886,4,890,2
2021-02-09,El Dorado,017,186661,8879,8663,585,9248,87
2021-02-09,Fresno,019,978130,93834,91730,7247,98977,1211
2021-02-09,Glenn,021,27897,2198,2156,471,2627,14
2021-02-09,Humboldt,023,135768,2976,2904,19,2923,29
2021-02-09,Imperial,025,180216,26954,26509,2380,28889,568
2021-02-09,Inyo,027,18085,1187,1137,8,1145,30
2021-02-09,Kern,029,883053,91164,88684,9112,97796,920
2021-02-09,Kings,031,150075,21782,21275,905,22180,196
2021-02-09,Lake,033,64148,3047,2955,1,2956,36
2021-02-09,Lassen,035,31185,5045,4983,87,5070,1
2021-02-09,Los Angeles,037,10098052,1154407,1122745,37312,1160057,18198
2021-02-09,Madera,039,155013,15206,14912,756,15668,105
2021-02-09,Marin,041,260295,12811,12623,145,12768,197
2021-02-09,Mariposa,043,17540,368,355,4,359,4
2021-02-09,Mendocino,045,87422,3531,3369,69,3438,38
2021-02-09,Merced,047,269075,27392,27166,815,27981,354
2021-02-09,Modoc,049,8938,330,316,109,425,3
2021-02-09,Mono,051,14174,1159,1167,15,1182,3
2021-02-09,Monterey,053,433212,41048,40279,1543,41822,285
2021-02-09,Napa,055,140530,8805,8749,31,8780,55
2021-02-09,Nevada,057,99092,3811,3687,147,3834,44
2021-02-09,Orange,059,3164182,242698,239169,9784,248953,3406
2021-02-09,Placer,061,380077,19988,19008,1040,20048,220
2021-02-09,Plumas,063,18699,631,584,10,594,2
2021-02-09,Riverside,065,2383286,280837,273465,13001,286466,3334
2021-02-09,Sacramento,067,1510023,91224,89378,1142,90520,1265
2021-02-09,San Benito,069,59416,5599,5566,79,5645,54
2021-02-09,San Bernardino,071,2135413,282447,274998,8295,283293,2613
2021-02-09,San Diego,073,3302833,257217,248048,12353,260401,2853
2021-02-09,San Francisco,075,870044,33156,32782,959,33741,349
2021-02-09,San Joaquin,077,732212,64973,63341,2566,65907,937
2021-02-09,San Luis Obispo,079,281455,19017,18489,512,19001,216
2021-02-09,San Mateo,081,765935,38365,37227,381,37608,235
2021-02-09,Santa Barbara,083,443738,31072,30118,975,31093,351
2021-02-09,Santa Clara,085,1922200,106869,105762,512,106274,1463
2021-02-09,Santa Cruz,087,273765,14993,13958,735,14693,162
2021-02-09,Shasta,089,179085,10651,10595,1145,11740,139
2021-02-09,Sierra,091,2930,49,44,12,56,0
2021-02-09,Siskiyou,093,43540,1405,1306,206,1512,4
2021-02-09,Solano,095,438530,29115,28769,332,29101,131
2021-02-09,Sonoma,097,501317,26989,26826,156,26982,267
2021-02-09,Stanislaus,099,539301,49009,47906,5047,52953,679
2021-02-09,Sutter,101,95872,8601,8541,76,8617,92
2021-02-09,Tehama,103,63373,4506,4416,471,4887,22
2021-02-09,Trinity,105,12862,452,266,67,333,3
2021-02-09,Tulare,107,460477,47060,45704,7293,52997,686
2021-02-09,Tuolumne,109,53932,3678,3673,34,3707,48
2021-02-09,Ventura,111,848112,75452,74333,2628,76961,567
2021-02-09,Yolo,113,214977,12503,12220,139,12359,174
2021-02-09,Yuba,115,75493,5334,5235,78,5313,35
2021-02-08,Alameda,001,1643700,78027,76735,1617,78352,924
2021-02-08,Alpine,003,1148,77,73,0,73,0
2021-02-08,Amador,005,37829,3378,3344,27,3371,33
2021-02-08,Butte,007,227075,11018,10524,1546,12070,152
2021-02-08,Calaveras,009,45235,1858,1840,11,1851,21
2021-02-08,Colusa,011,21464,1825,1802,234,2036,10
2021-02-08,Contra Costa,013,1133247,60684,59039,1007,60046,567
2021-02-08,Del Norte,015,27424,926,885,4,889,2
2021-02-08,El Dorado,017,186661,8847,8627,582,9209,86
2021-02-08,Fresno,019,978130,93621,91430,7221,98651,1207
2021-02-08,Glenn,021,27897,2194,2148,469,2617,14
2021-02-08,Humboldt,023,135768,2968,2902,19,2921,29
2021-02-08,Imperial,025,180216,26932,26526,2378,28904,567
2021-02-08,Inyo,027,18085,1174,1126,8,1134,30
2021-02-08,Kern,029,883053,90947,88380,9052,97432,920
2021-02-08,Kings,031,150075,21720,21232,902,22134,195
2021-02-08,Lake,033,64148,3028,2949,1,2950,36
2021-02-08,Lassen,035,31185,5032,4976,87,5063,1
2021-02-08,Los Angeles,037,10098052,1152310,1120179,37191,1157370,17977
2021-02-08,Madera,039,155013,15170,14887,749,15636,93
2021-02-08,Marin,041,260295,12781,12591,145,12736,194
2021-02-08,Mariposa,043,17540,368,355,4,359,4
2021-02-08,Mendocino,045,87422,3517,3355,69,3424,38
2021-02-08,Merced,047,269075,27309,27082,810,27892,346
2021-02-08,Modoc,049,8938,328,318,109,427,3
2021-02-08,Mono,051,14174,1159,1165,15,1180,3
2021-02-08,Monterey,053,433212,40928,40186,1524,41710,283
2021-02-08,Napa,055,140530,8790,8719,31,8750,55
2021-02-08,Nevada,057,99092,3799,3671,147,3818,44
2021-02-08,Orange,059,3164182,242231,238715,9761,248476,3361
2021-02-08,Placer,061,380077,19946,18944,1034,19978,211
2021-02-08,Plumas,063,18699,630,584,10,594,2
2021-02-08,Riverside,065,2383286,280269,272904,12975,285879,3301
2021-02-08,Sacramento,067,1510023,90938,89267,1139,90406,1247
2021-02-08,San Benito,069,59416,5594,5553,78,5631,52
2021-02-08,San Bernardino,071,2135413,282044,274661,8289,282950,2587
2021-02-08,San Diego,073,3302833,256474,247259,12312,259571,2821
2021-02-08,San Francisco,075,870044,33062,32679,951,33630,348
2021-02-08,San Joaquin,077,732212,64812,63148,2556,65704,929
2021-02-08,San Luis Obispo,079,281455,18960,18421,507,18928,214
2021-02-08,San Mateo,081,765935,38256,37084,381,37465,232
2021-02-08,Santa Barbara,083,443738,30957,29978,968,30946,340
2021-02-08,Santa Clara,085,1922200,106546,105413,504,105917,1456
2021-02-08,Santa Cruz,087,273765,14954,13921,729,14650,161
2021-02-08,Shasta,089,179085,10624,10574,1139,11713,137
2021-02-08,Sierra,091,2930,49,44,12,56,0
2021-02-08,Siskiyou,093,43540,1402,1303,206,1509,4
2021-02-08,Solano,095,438530,29049,28644,330,28974,130
2021-02-08,Sonoma,097,501317,26898,26760,155,26915,259
2021-02-08,Stanislaus,099,539301,48854,47704,5019,52723,679
2021-02-08,Sutter,101,95872,8582,8526,76,8602,92
2021-02-08,Tehama,103,63373,4496,4403,468,4871,22
2021-02-08,Trinity,105,12862,450,266,67,333,3
2021-02-08,Tulare,107,460477,46952,45617,7253,52870,673
2021-02-08,Tuolumne,109,53932,3670,3647,34,3681,48
2021-02-08,Ventura,111,848112,75195,74068,2623,76691,565
2021-02-08,Yolo,113,214977,12471,12169,138,12307,162
2021-02-08,Yuba,115,75493,5318,5215,78,5293,35
2021-02-07,Alameda,001,1643700,77725,76500,1609,78109,924
2021-02-07,Alpine,003,1148,74,72,0,72,0
2021-02-07,Amador,005,37829,3357,3343,27,3370,33
2021-02-07,Butte,007,227075,10986,10513,1538,12051,152
2021-02-07,Calaveras,009,45235,1854,1837,11,1848,21
2021-02-07,Colusa,011,21464,1814,1795,232,2027,10
2021-02-07,Contra Costa,013,1133247,60440,58836,1002,59838,566
2021-02-07,Del Norte,015,27424,922,881,4,885,2
2021-02-07,El Dorado,017,186661,8818,8596,580,9176,86
2021-02-07,Fresno,019,978130,93391,91184,7183,98367,1207
2021-02-07,Glenn,021,27897,2190,2141,464,2605,14
2021-02-07,Humboldt,023,135768,2947,2895,19,2914,28
2021-02-07,Imperial,025,180216,26904,26518,2373,28891,567
2021-02-07,Inyo,027,18085,1163,1124,8,1132,27
2021-02-07,Kern,029,883053,90700,88146,8994,97140,920
2021-02-07,Kings,031,150075,21659,21180,899,22079,192
2021-02-07,Lake,033,64148,3013,2940,1,2941,36
2021-02-07,Lassen,035,31185,5021,4973,87,5060,1
2021-02-07,Los Angeles,037,10098052,1149553,1117551,37065,1154616,17889
2021-02-07,Madera,039,155013,15136,14850,745,15595,93
2021-02-07,Marin,041,260295,12748,12571,143,12714,194
2021-02-07,Mariposa,043,17540,367,355,4,359,4
2021-02-07,Mendocino,045,87422,3500,3348,69,3417,38
2021-02-07,Merced,047,269075,27197,26977,798,27775,346
2021-02-07,Modoc,049,8938,328,317,105,422,3
2021-02-07,Mono,051,14174,1156,1165,15,1180,3
2021-02-07,Monterey,053,433212,40792,40113,1505,41618,283
2021-02-07,Napa,055,140530,8766,8701,31,8732,55
2021-02-07,Nevada,057,99092,3788,3643,147,3790,44
2021-02-07,Orange,059,3164182,241633,238155,9728,247883,3336
2021-02-07,Placer,061,380077,19899,18903,1021,19924,211
2021-02-07,Plumas,063,18699,630,584,10,594,2
2021-02-07,Riverside,065,2383286,279740,272301,12954,285255,3267
2021-02-07,Sacramento,067,1510023,90605,88919,1132,90051,1246
2021-02-07,San Benito,069,59416,5575,5548,77,5625,52
2021-02-07,San Bernardino,071,2135413,281451,274316,8264,282580,2587
2021-02-07,San Diego,073,3302833,255688,246561,12248,258809,2821
2021-02-07,San Francisco,075,870044,32942,32609,939,33548,348
2021-02-07,San Joaquin,077,732212,64538,63051,2542,65593,929
2021-02-07,San Luis Obispo,079,281455,18888,18349,500,18849,214
2021-02-07,San Mateo,081,765935,38122,36984,379,37363,232
2021-02-07,Santa Barbara,083,443738,30817,29815,956,30771,340
2021-02-07,Santa Clara,085,1922200,106207,105118,494,105612,1450
2021-02-07,Santa Cruz,087,273765,14900,13887,724,14611,161
2021-02-07,Shasta,089,179085,10604,10570,1131,11701,137
2021-02-07,Sierra,091,2930,49,43,12,55,0
2021-02-07,Siskiyou,093,43540,1395,1295,204,1499,4
2021-02-07,Solano,095,438530,28938,28567,329,28896,130
2021-02-07,Sonoma,097,501317,26791,26684,151,26835,257
2021-02-07,Stanislaus,099,539301,48664,47551,4987,52538,679
2021-02-07,Sutter,101,95872,8554,8515,76,8591,92
2021-02-07,Tehama,103,63373,4480,4396,467,4863,22
2021-02-07,Trinity,105,12862,447,264,65,329,3
2021-02-07,Tulare,107,460477,46830,45520,7175,52695,671
2021-02-07,Tuolumne,109,53932,3646,3619,33,3652,48
2021-02-07,Ventura,111,848112,74884,73759,2611,76370,561
2021-02-07,Yolo,113,214977,12426,12135,138,12273,162
2021-02-07,Yuba,115,75493,5303,5198,76,5274,35
2021-02-06,Alameda,001,1643700,77572,76170,1598,77768,922
2021-02-06,Alpine,003,1148,74,72,0,72,0
2021-02-06,Amador,005,37829,3351,3306,27,3333,33
2021-02-06,Butte,007,227075,10969,10480,1534,12014,150
2021-02-06,Calaveras,009,45235,1852,1832,11,1843,21
2021-02-06,Colusa,011,21464,1812,1791,231,2022,10
2021-02-06,Contra Costa,013,1133247,60293,58567,996,59563,566
2021-02-06,Del Norte,015,27424,918,879,4,883,2
2021-02-06,El Dorado,017,186661,8811,8575,576,9151,86
2021-02-06,Fresno,019,978130,93278,90944,7162,98106,1207
2021-02-06,Glenn,021,27897,2188,2136,463,2599,14
2021-02-06,Humboldt,023,135768,2936,2880,19,2899,28
2021-02-06,Imperial,025,180216,26892,26514,2372,28886,567
2021-02-06,Inyo,027,18085,1160,1113,8,1121,27
2021-02-06,Kern,029,883053,90546,87919,8948,96867,912
2021-02-06,Kings,031,150075,21629,21156,899,22055,190
2021-02-06,Lake,033,64148,3008,2920,1,2921,34
2021-02-06,Lassen,035,31185,5017,4964,86,5050,1
2021-02-06,Los Angeles,037,10098052,1148196,1114718,36968,1151686,17793
2021-02-06,Madera,039,155013,15115,14807,743,15550,93
2021-02-06,Marin,041,260295,12728,12531,143,12674,194
2021-02-06,Mariposa,043,17540,366,355,3,358,4
2021-02-06,Mendocino,045,87422,3482,3316,68,3384,38
2021-02-06,Merced,047,269075,27111,26881,790,27671,346
2021-02-06,Modoc,049,8938,328,313,105,418,3
2021-02-06,Mono,051,14174,1155,1159,15,1174,3
2021-02-06,Monterey,053,433212,40734,39995,1497,41492,282
2021-02-06,Napa,055,140530,8753,8639,31,8670,55
2021-02-06,Nevada,057,99092,3776,3624,147,3771,43
2021-02-06,Orange,059,3164182,241270,237391,9694,247085,3293
2021-02-06,Placer,061,380077,19862,18836,1018,19854,211
2021-02-06,Plumas,063,18699,630,584,10,594,2
2021-02-06,Riverside,065,2383286,279372,271741,12935,284676,3243
2021-02-06,Sacramento,067,1510023,90388,88532,1122,89654,1237
2021-02-06,San Benito,069,59416,5557,5516,77,5593,52
2021-02-06,San Bernardino,071,2135413,281142,273718,8242,281960,2564
2021-02-06,San Diego,073,3302833,255192,245331,12213,257544,2812
2021-02-06,San Francisco,075,870044,32868,32437,929,33366,346
2021-02-06,San Joaquin,077,732212,64459,62840,2531,65371,906
2021-02-06,San Luis Obispo,079,281455,18846,18284,496,18780,214
2021-02-06,San Mateo,081,765935,38054,36824,376,37200,232
2021-02-06,Santa Barbara,083,443738,30741,29645,954,30599,337
2021-02-06,Santa Clara,085,1922200,105985,104639,489,105128,1439
2021-02-06,Santa Cruz,087,273765,14869,13845,720,14565,161
2021-02-06,Shasta,089,179085,10593,10561,1129,11690,137
2021-02-06,Sierra,091,2930,49,43,12,55,0
2021-02-06,Siskiyou,093,43540,1392,1289,203,1492,4
2021-02-06,Solano,095,438530,28902,28446,328,28774,129
2021-02-06,Sonoma,097,501317,26754,26564,149,26713,257
2021-02-06,Stanislaus,099,539301,48568,47325,4972,52297,679
2021-02-06,Sutter,101,95872,8546,8485,76,8561,92
2021-02-06,Tehama,103,63373,4470,4380,466,4846,22
2021-02-06,Trinity,105,12862,447,263,65,328,3
2021-02-06,Tulare,107,460477,46762,45349,7130,52479,664
2021-02-06,Tuolumne,109,53932,3639,3612,33,3645,48
2021-02-06,Ventura,111,848112,74704,73431,2605,76036,552
2021-02-06,Yolo,113,214977,12403,12061,138,12199,161
2021-02-06,Yuba,115,75493,5293,5177,75,5252,35
2021-02-05,Alameda,001,1643700,77343,75716,1596,77312,916
2021-02-05,Alpine,003,1148,74,72,0,72,0
2021-02-05,Amador,005,37829,3346,3299,26,3325,33
2021-02-05,Butte,007,227075,10950,10421,1527,11948,150
2021-02-05,Calaveras,009,45235,1848,1818,11,1829,21
2021-02-05,Colusa,011,21464,1808,1785,231,2016,10
2021-02-05,Contra Costa,013,1133247,60132,58195,994,59189,560
2021-02-05,Del Norte,015,27424,917,874,4,878,2
2021-02-05,El Dorado,017,186661,8791,8527,574,9101,86
2021-02-05,Fresno,019,978130,93076,90513,7141,97654,1194
2021-02-05,Glenn,021,27897,2185,2122,458,2580,14
2021-02-05,Humboldt,023,135768,2926,2857,19,2876,28
2021-02-05,Imperial,025,180216,26873,26474,2371,28845,557
2021-02-05,Inyo,027,18085,1156,1104,8,1112,27
2021-02-05,Kern,029,883053,90377,87470,8882,96352,906
2021-02-05,Kings,031,150075,21591,21021,896,21917,190
2021-02-05,Lake,033,64148,2996,2906,1,2907,33
2021-02-05,Lassen,035,31185,5013,4936,86,5022,1
2021-02-05,Los Angeles,037,10098052,1146097,1110384,36836,1147220,17608
2021-02-05,Madera,039,155013,15081,14752,738,15490,95
2021-02-05,Marin,041,260295,12693,12479,143,12622,193
2021-02-05,Mariposa,043,17540,366,352,3,355,4
2021-02-05,Mendocino,045,87422,3468,3272,68,3340,38
2021-02-05,Merced,047,269075,27051,26760,789,27549,345
2021-02-05,Modoc,049,8938,328,312,105,417,3
2021-02-05,Mono,051,14174,1154,1157,15,1172,3
2021-02-05,Monterey,053,433212,40667,39840,1486,41326,281
2021-02-05,Napa,055,140530,8739,8598,31,8629,55
2021-02-05,Nevada,057,99092,3773,3607,147,3754,43
2021-02-05,Orange,059,3164182,240843,236335,9667,246002,3260
2021-02-05,Placer,061,380077,19826,18756,1016,19772,211
2021-02-05,Plumas,063,18699,628,578,10,588,2
2021-02-05,Riverside,065,2383286,278956,270666,12916,283582,3235
2021-02-05,Sacramento,067,1510023,90208,87992,1115,89107,1231
2021-02-05,San Benito,069,59416,5546,5502,77,5579,51
2021-02-05,San Bernardino,071,2135413,280796,272938,8226,281164,2495
2021-02-05,San Diego,073,3302833,254616,244066,12178,256244,2777
2021-02-05,San Francisco,075,870044,32778,32229,918,33147,337
2021-02-05,San Joaquin,077,732212,64310,62565,2523,65088,902
2021-02-05,San Luis Obispo,079,281455,18785,18152,492,18644,213
2021-02-05,San Mateo,081,765935,37971,36582,375,36957,227
2021-02-05,Santa Barbara,083,443738,30644,29455,941,30396,334
2021-02-05,Santa Clara,085,1922200,105737,104112,487,104599,1421
2021-02-05,Santa Cruz,087,273765,14848,13776,718,14494,161
2021-02-05,Shasta,089,179085,10577,10507,1122,11629,136
2021-02-05,Sierra,091,2930,49,42,12,54,0
2021-02-05,Siskiyou,093,43540,1385,1276,201,1477,4
2021-02-05,Solano,095,438530,28852,28283,328,28611,127
2021-02-05,Sonoma,097,501317,26685,26423,146,26569,252
2021-02-05,Stanislaus,099,539301,48423,47024,4954,51978,678
2021-02-05,Sutter,101,95872,8526,8443,76,8519,92
2021-02-05,Tehama,103,63373,4461,4355,465,4820,22
2021-02-05,Trinity,105,12862,446,260,65,325,3
2021-02-05,Tulare,107,460477,46686,45138,7082,52220,663
2021-02-05,Tuolumne,109,53932,3613,3595,33,3628,45
2021-02-05,Ventura,111,848112,74459,72953,2593,75546,546
2021-02-05,Yolo,113,214977,12384,12025,135,12160,162
2021-02-05,Yuba,115,75493,5276,5145,75,5220,35
2021-02-04,Alameda,001,1643700,77058,75422,1590,77012,899
2021-02-04,Alpine,003,1148,73,72,0,72,0
2021-02-04,Amador,005,37829,3343,3288,26,3314,33
2021-02-04,Butte,007,227075,10917,10386,1519,11905,147
2021-02-04,Calaveras,009,45235,1846,1808,11,1819,21
2021-02-04,Colusa,011,21464,1804,1777,229,2006,10
2021-02-04,Contra Costa,013,1133247,59945,57991,990,58981,550
2021-02-04,Del Norte,015,27424,911,870,4,874,2
2021-02-04,El Dorado,017,186661,8765,8490,571,9061,86
2021-02-04,Fresno,019,978130,92861,90126,7114,97240,1114
2021-02-04,Glenn,021,27897,2180,2102,457,2559,14
2021-02-04,Humboldt,023,135768,2916,2827,19,2846,28
2021-02-04,Imperial,025,180216,26828,26411,2369,28780,556
2021-02-04,Inyo,027,18085,1144,1084,8,1092,27
2021-02-04,Kern,029,883053,90103,87156,8806,95962,898
2021-02-04,Kings,031,150075,21541,20918,890,21808,187
2021-02-04,Lake,033,64148,2984,2882,1,2883,34
2021-02-04,Lassen,035,31185,5010,4927,86,5013,1
2021-02-04,Los Angeles,037,10098052,1143299,1106323,36712,1143035,17396
2021-02-04,Madera,039,155013,15051,14706,735,15441,95
2021-02-04,Marin,041,260295,12658,12431,143,12574,192
2021-02-04,Mariposa,043,17540,366,348,3,351,4
2021-02-04,Mendocino,045,87422,3450,3240,66,3306,38
2021-02-04,Merced,047,269075,26957,26629,786,27415,345
2021-02-04,Modoc,049,8938,328,309,105,414,3
2021-02-04,Mono,051,14174,1152,1153,15,1168,3
2021-02-04,Monterey,053,433212,40556,39619,1469,41088,279
2021-02-04,Napa,055,140530,8710,8573,31,8604,55
2021-02-04,Nevada,057,99092,3753,3590,146,3736,37
2021-02-04,Orange,059,3164182,240201,235677,9625,245302,3238
2021-02-04,Placer,061,380077,19765,18711,1007,19718,210
2021-02-04,Plumas,063,18699,625,562,10,572,2
2021-02-04,Riverside,065,2383286,278192,269851,12877,282728,3230
2021-02-04,Sacramento,067,1510023,89907,87658,1105,88763,1222
2021-02-04,San Benito,069,59416,5532,5488,76,5564,51
2021-02-04,San Bernardino,071,2135413,280247,272223,8206,280429,2409
2021-02-04,San Diego,073,3302833,253828,242613,12112,254725,2738
2021-02-04,San Francisco,075,870044,32664,32116,909,33025,326
2021-02-04,San Joaquin,077,732212,64085,62374,2515,64889,883
2021-02-04,San Luis Obispo,079,281455,18718,18058,490,18548,211
2021-02-04,San Mateo,081,765935,37850,36437,372,36809,226
2021-02-04,Santa Barbara,083,443738,30509,29344,924,30268,322
2021-02-04,Santa Clara,085,1922200,105394,103781,484,104265,1404
2021-02-04,Santa Cruz,087,273765,14815,13713,710,14423,156
2021-02-04,Shasta,089,179085,10551,10466,1117,11583,131
2021-02-04,Sierra,091,2930,49,42,12,54,0
2021-02-04,Siskiyou,093,43540,1376,1273,201,1474,4
2021-02-04,Solano,095,438530,28749,28192,327,28519,120
2021-02-04,Sonoma,097,501317,26603,26276,143,26419,249
2021-02-04,Stanislaus,099,539301,48262,46822,4935,51757,678
2021-02-04,Sutter,101,95872,8506,8401,76,8477,92
2021-02-04,Tehama,103,63373,4444,4327,464,4791,21
2021-02-04,Trinity,105,12862,445,260,64,324,3
2021-02-04,Tulare,107,460477,46559,44983,7024,52007,656
2021-02-04,Tuolumne,109,53932,3573,3585,33,3618,45
2021-02-04,Ventura,111,848112,74127,72595,2580,75175,537
2021-02-04,Yolo,113,214977,12350,11982,134,12116,161
2021-02-04,Yuba,115,75493,5250,5135,75,5210,34
2021-02-03,Alameda,001,1643700,76734,74968,1587,76555,880
2021-02-03,Alpine,003,1148,73,72,0,72,0
2021-02-03,Amador,005,37829,3339,3281,26,3307,33
2021-02-03,Butte,007,227075,10885,10355,1512,11867,144
2021-02-03,Calaveras,009,45235,1831,1799,11,1810,21
2021-02-03,Colusa,011,21464,1799,1773,228,2001,10
2021-02-03,Contra Costa,013,1133247,59704,57762,978,58740,537
2021-02-03,Del Norte,015,27424,906,869,4,873,2
2021-02-03,El Dorado,017,186661,8744,8428,570,8998,86
2021-02-03,Fresno,019,978130,92640,89748,7075,96823,1015
2021-02-03,Glenn,021,27897,2170,2098,456,2554,14
2021-02-03,Humboldt,023,135768,2906,2800,19,2819,27
2021-02-03,Imperial,025,180216,26792,26363,2363,28726,547
2021-02-03,Inyo,027,18085,1134,1071,8,1079,27
2021-02-03,Kern,029,883053,89860,86771,8765,95536,877
2021-02-03,Kings,031,150075,21480,20831,888,21719,172
2021-02-03,Lake,033,64148,2966,2869,1,2870,33
2021-02-03,Lassen,035,31185,4998,4910,86,4996,1
2021-02-03,Los Angeles,037,10098052,1140215,1101890,36592,1138482,17163
2021-02-03,Madera,039,155013,15011,14605,733,15338,94
2021-02-03,Marin,041,260295,12623,12406,143,12549,190
2021-02-03,Mariposa,043,17540,365,347,3,350,4
2021-02-03,Mendocino,045,87422,3424,3236,65,3301,38
2021-02-03,Merced,047,269075,26842,26520,782,27302,343
2021-02-03,Modoc,049,8938,327,308,105,413,3
2021-02-03,Mono,051,14174,1145,1146,15,1161,3
2021-02-03,Monterey,053,433212,40429,39500,1452,40952,279
2021-02-03,Napa,055,140530,8675,8534,31,8565,54
2021-02-03,Nevada,057,99092,3739,3572,146,3718,35
2021-02-03,Orange,059,3164182,239457,234738,9593,244331,3189
2021-02-03,Placer,061,380077,19710,18646,1005,19651,210
2021-02-03,Plumas,063,18699,625,559,10,569,2
2021-02-03,Riverside,065,2383286,277448,269019,12847,281866,3195
2021-02-03,Sacramento,067,1510023,89584,87415,1101,88516,1212
2021-02-03,San Benito,069,59416,5514,5463,73,5536,51
2021-02-03,San Bernardino,071,2135413,279760,271477,8183,279660,2308
2021-02-03,San Diego,073,3302833,252926,241015,12066,253081,2683
2021-02-03,San Francisco,075,870044,32534,31983,904,32887,325
2021-02-03,San Joaquin,077,732212,63857,61976,2505,64481,880
2021-02-03,San Luis Obispo,079,281455,18640,17922,487,18409,206
2021-02-03,San Mateo,081,765935,37712,36227,368,36595,225
2021-02-03,Santa Barbara,083,443738,30360,29121,915,30036,315
2021-02-03,Santa Clara,085,1922200,105078,103278,482,103760,1364
2021-02-03,Santa Cruz,087,273765,14760,13611,704,14315,154
2021-02-03,Shasta,089,179085,10508,10422,1112,11534,130
2021-02-03,Sierra,091,2930,49,42,12,54,0
2021-02-03,Siskiyou,093,43540,1365,1268,200,1468,4
2021-02-03,Solano,095,438530,28627,28057,327,28384,119
2021-02-03,Sonoma,097,501317,26519,26155,142,26297,248
2021-02-03,Stanislaus,099,539301,48086,46598,4916,51514,662
2021-02-03,Sutter,101,95872,8481,8379,76,8455,90
2021-02-03,Tehama,103,63373,4426,4309,461,4770,21
2021-02-03,Trinity,105,12862,445,260,63,323,3
2021-02-03,Tulare,107,460477,46388,44838,6968,51806,640
2021-02-03,Tuolumne,109,53932,3562,3568,33,3601,45
2021-02-03,Ventura,111,848112,73790,72124,2570,74694,526
2021-02-03,Yolo,113,214977,12325,11933,134,12067,161
2021-02-03,Yuba,115,75493,5232,5124,75,5199,34
2021-02-02,Alameda,001,1643700,76391,74642,1575,76217,869
2021-02-02,Alpine,003,1148,73,72,0,72,0
2021-02-02,Amador,005,37829,3308,3275,26,3301,33
2021-02-02,Butte,007,227075,10859,10307,1503,11810,141
2021-02-02,Calaveras,009,45235,1822,1786,11,1797,21
2021-02-02,Colusa,011,21464,1791,1769,223,1992,9
2021-02-02,Contra Costa,013,1133247,59424,57551,975,58526,536
2021-02-02,Del Norte,015,27424,900,868,4,872,2
2021-02-02,El Dorado,017,186661,8704,8405,570,8975,84
2021-02-02,Fresno,019,978130,92339,89542,7040,96582,1009
2021-02-02,Glenn,021,27897,2158,2090,453,2543,14
2021-02-02,Humboldt,023,135768,2894,2784,19,2803,25
2021-02-02,Imperial,025,180216,26739,26317,2357,28674,535
2021-02-02,Inyo,027,18085,1131,1074,8,1082,27
2021-02-02,Kern,029,883053,89557,86485,8689,95174,867
2021-02-02,Kings,031,150075,21402,20785,880,21665,172
2021-02-02,Lake,033,64148,2946,2857,1,2858,33
2021-02-02,Lassen,035,31185,4991,4908,86,4994,1
2021-02-02,Los Angeles,037,10098052,1136830,1097573,36430,1134003,16913
2021-02-02,Madera,039,155013,14960,14595,728,15323,94
2021-02-02,Marin,041,260295,12593,12367,143,12510,189
2021-02-02,Mariposa,043,17540,362,345,3,348,4
2021-02-02,Mendocino,045,87422,3391,3210,65,3275,38
2021-02-02,Merced,047,269075,26745,26427,776,27203,340
2021-02-02,Modoc,049,8938,322,306,105,411,3
2021-02-02,Mono,051,14174,1143,1147,15,1162,3
2021-02-02,Monterey,053,433212,40294,39371,1438,40809,278
2021-02-02,Napa,055,140530,8646,8505,31,8536,53
2021-02-02,Nevada,057,99092,3724,3548,146,3694,20
2021-02-02,Orange,059,3164182,238654,233783,9558,243341,3152
2021-02-02,Placer,061,380077,19652,18615,1001,19616,205
2021-02-02,Plumas,063,18699,625,560,10,570,2
2021-02-02,Riverside,065,2383286,276590,267901,12813,280714,3169
2021-02-02,Sacramento,067,1510023,89294,87107,1090,88197,1202
2021-02-02,San Benito,069,59416,5500,5444,72,5516,50
2021-02-02,San Bernardino,071,2135413,279083,270486,8154,278640,2244
2021-02-02,San Diego,073,3302833,251887,240047,11979,252026,2629
2021-02-02,San Francisco,075,870044,32380,31788,894,32682,324
2021-02-02,San Joaquin,077,732212,63636,61708,2492,64200,878
2021-02-02,San Luis Obispo,079,281455,18546,17811,485,18296,201
2021-02-02,San Mateo,081,765935,37548,36004,362,36366,225
2021-02-02,Santa Barbara,083,443738,30189,28951,908,29859,304
2021-02-02,Santa Clara,085,1922200,104613,102872,477,103349,1349
2021-02-02,Santa Cruz,087,273765,14701,13572,700,14272,150
2021-02-02,Shasta,089,179085,10482,10371,1102,11473,128
2021-02-02,Sierra,091,2930,49,42,12,54,0
2021-02-02,Siskiyou,093,43540,1358,1252,197,1449,4
2021-02-02,Solano,095,438530,28531,27963,323,28286,118
2021-02-02,Sonoma,097,501317,26403,26054,142,26196,247
2021-02-02,Stanislaus,099,539301,47867,46306,4884,51190,641
2021-02-02,Sutter,101,95872,8458,8340,76,8416,89
2021-02-02,Tehama,103,63373,4412,4289,460,4749,21
2021-02-02,Trinity,105,12862,445,260,63,323,3
2021-02-02,Tulare,107,460477,46232,44720,6903,51623,625
2021-02-02,Tuolumne,109,53932,3550,3548,33,3581,39
2021-02-02,Ventura,111,848112,73374,71557,2560,74117,514
2021-02-02,Yolo,113,214977,12280,11886,132,12018,158
2021-02-02,Yuba,115,75493,5214,5111,74,5185,34
2021-02-01,Alameda,001,1643700,76035,74374,1570,75944,858
2021-02-01,Alpine,003,1148,73,72,0,72,0
2021-02-01,Amador,005,37829,3297,3234,26,3260,32
2021-02-01,Butte,007,227075,10815,10263,1499,11762,141
2021-02-01,Calaveras,009,45235,1815,1785,11,1796,21
2021-02-01,Colusa,011,21464,1786,1763,214,1977,9
2021-02-01,Contra Costa,013,1133247,59182,57324,974,58298,531
2021-02-01,Del Norte,015,27424,896,865,4,869,2
2021-02-01,El Dorado,017,186661,8665,8337,570,8907,83
2021-02-01,Fresno,019,978130,92007,89272,7005,96277,994
2021-02-01,Glenn,021,27897,2142,2086,445,2531,14
2021-02-01,Humboldt,023,135768,2873,2773,18,2791,25
2021-02-01,Imperial,025,180216,26696,26224,2355,28579,530
2021-02-01,Inyo,027,18085,1121,1072,8,1080,27
2021-02-01,Kern,029,883053,89160,86170,8621,94791,862
2021-02-01,Kings,031,150075,21311,20746,872,21618,172
2021-02-01,Lake,033,64148,2930,2843,1,2844,33
2021-02-01,Lassen,035,31185,4971,4907,86,4993,1
2021-02-01,Los Angeles,037,10098052,1133003,1094341,36265,1130606,16695
2021-02-01,Madera,039,155013,14925,14572,725,15297,94
2021-02-01,Marin,041,260295,12554,12341,142,12483,188
2021-02-01,Mariposa,043,17540,360,344,3,347,4
2021-02-01,Mendocino,045,87422,3358,3192,65,3257,37
2021-02-01,Merced,047,269075,26621,26282,767,27049,337
2021-02-01,Modoc,049,8938,316,303,101,404,1
2021-02-01,Mono,051,14174,1140,1145,15,1160,3
2021-02-01,Monterey,053,433212,40110,39196,1417,40613,278
2021-02-01,Napa,055,140530,8614,8449,31,8480,52
2021-02-01,Nevada,057,99092,3707,3535,145,3680,20
2021-02-01,Orange,059,3164182,237742,233155,9513,242668,3100
2021-02-01,Placer,061,380077,19585,18574,994,19568,204
2021-02-01,Plumas,063,18699,623,554,10,564,2
2021-02-01,Riverside,065,2383286,275649,267025,12778,279803,3092
2021-02-01,Sacramento,067,1510023,88892,86856,1079,87935,1193
2021-02-01,San Benito,069,59416,5482,5432,72,5504,48
2021-02-01,San Bernardino,071,2135413,278387,270012,8115,278127,2172
2021-02-01,San Diego,073,3302833,250662,239121,11903,251024,2619
2021-02-01,San Francisco,075,870044,32245,31703,882,32585,324
2021-02-01,San Joaquin,077,732212,63430,61542,2481,64023,877
2021-02-01,San Luis Obispo,079,281455,18426,17690,478,18168,199
2021-02-01,San Mateo,081,765935,37399,35843,362,36205,220
2021-02-01,Santa Barbara,083,443738,30020,28837,900,29737,297
2021-02-01,Santa Clara,085,1922200,104196,102462,476,102938,1343
2021-02-01,Santa Cruz,087,273765,14648,13524,698,14222,149
2021-02-01,Shasta,089,179085,10457,10329,1096,11425,112
2021-02-01,Sierra,091,2930,49,42,12,54,0
2021-02-01,Siskiyou,093,43540,1351,1238,194,1432,4
2021-02-01,Solano,095,438530,28426,27844,322,28166,117
2021-02-01,Sonoma,097,501317,26315,26011,141,26152,243
2021-02-01,Stanislaus,099,539301,47610,46112,4856,50968,642
2021-02-01,Sutter,101,95872,8419,8313,76,8389,89
2021-02-01,Tehama,103,63373,4386,4263,460,4723,21
2021-02-01,Trinity,105,12862,443,260,63,323,3
2021-02-01,Tulare,107,460477,46087,44569,6823,51392,618
2021-02-01,Tuolumne,109,53932,3542,3534,33,3567,39
2021-02-01,Ventura,111,848112,72969,71104,2543,73647,502
2021-02-01,Yolo,113,214977,12232,11824,132,11956,151
2021-02-01,Yuba,115,75493,5200,5084,73,5157,33
2021-01-31,Alameda,001,1643700,75609,73979,1562,75541,857
2021-01-31,Alpine,003,1148,73,72,0,72,0
2021-01-31,Amador,005,37829,3287,3212,25,3237,32
2021-01-31,Butte,007,227075,10770,10215,1489,11704,140
2021-01-31,Calaveras,009,45235,1795,1778,11,1789,21
2021-01-31,Colusa,011,21464,1780,1754,209,1963,9
2021-01-31,Contra Costa,013,1133247,58850,57079,974,58053,531
2021-01-31,Del Norte,015,27424,894,865,4,869,2
2021-01-31,El Dorado,017,186661,8628,8317,568,8885,83
2021-01-31,Fresno,019,978130,91695,88852,6951,95803,994
2021-01-31,Glenn,021,27897,2132,2083,444,2527,14
2021-01-31,Humboldt,023,135768,2857,2767,18,2785,25
2021-01-31,Imperial,025,180216,26623,26206,2346,28552,530
2021-01-31,Inyo,027,18085,1108,1072,8,1080,27
2021-01-31,Kern,029,883053,88663,85872,8537,94409,861
2021-01-31,Kings,031,150075,21227,20709,860,21569,172
2021-01-31,Lake,033,64148,2909,2826,1,2827,33
2021-01-31,Lassen,035,31185,4955,4900,86,4986,1
2021-01-31,Los Angeles,037,10098052,1128373,1090304,36064,1126368,16609
2021-01-31,Madera,039,155013,14871,14496,717,15213,94
2021-01-31,Marin,041,260295,12507,12297,138,12435,185
2021-01-31,Mariposa,043,17540,358,344,3,347,4
2021-01-31,Mendocino,045,87422,3335,3181,64,3245,37
2021-01-31,Merced,047,269075,26477,26222,762,26984,337
2021-01-31,Modoc,049,8938,313,304,99,403,1
2021-01-31,Mono,051,14174,1137,1146,15,1161,3
2021-01-31,Monterey,053,433212,39931,39035,1390,40425,278
2021-01-31,Napa,055,140530,8572,8404,31,8435,52
2021-01-31,Nevada,057,99092,3685,3518,143,3661,20
2021-01-31,Orange,059,3164182,236724,232347,9473,241820,3053
2021-01-31,Placer,061,380077,19507,18506,983,19489,204
2021-01-31,Plumas,063,18699,622,554,10,564,2
2021-01-31,Riverside,065,2383286,274632,266145,12731,278876,3074
2021-01-31,Sacramento,067,1510023,88450,86560,1065,87625,1186
2021-01-31,San Benito,069,59416,5460,5425,70,5495,48
2021-01-31,San Bernardino,071,2135413,277385,269533,8086,277619,2156
2021-01-31,San Diego,073,3302833,249349,238039,11789,249828,2619
2021-01-31,San Francisco,075,870044,32056,31563,871,32434,323
2021-01-31,San Joaquin,077,732212,63029,61379,2472,63851,877
2021-01-31,San Luis Obispo,079,281455,18293,17615,473,18088,199
2021-01-31,San Mateo,081,765935,37209,35659,359,36018,219
2021-01-31,Santa Barbara,083,443738,29776,28570,891,29461,297
2021-01-31,Santa Clara,085,1922200,103661,101986,467,102453,1330
2021-01-31,Santa Cruz,087,273765,14553,13469,684,14153,149
2021-01-31,Shasta,089,179085,10412,10313,1088,11401,112
2021-01-31,Sierra,091,2930,48,43,12,55,0
2021-01-31,Siskiyou,093,43540,1341,1238,194,1432,4
2021-01-31,Solano,095,438530,28296,27678,322,28000,118
2021-01-31,Sonoma,097,501317,26212,25925,140,26065,243
2021-01-31,Stanislaus,099,539301,47326,45971,4826,50797,642
2021-01-31,Sutter,101,95872,8374,8289,76,8365,89
2021-01-31,Tehama,103,63373,4364,4256,459,4715,21
2021-01-31,Trinity,105,12862,441,260,63,323,3
2021-01-31,Tulare,107,460477,45919,44440,6744,51184,618
2021-01-31,Tuolumne,109,53932,3504,3519,33,3552,39
2021-01-31,Ventura,111,848112,72374,70635,2530,73165,502
2021-01-31,Yolo,113,214977,12171,11771,132,11903,151
2021-01-31,Yuba,115,75493,5180,5071,73,5144,33
2021-01-30,Alameda,001,1643700,75405,73622,1557,75179,850
2021-01-30,Alpine,003,1148,73,72,0,72,0
2021-01-30,Amador,005,37829,3283,3181,25,3206,32
2021-01-30,Butte,007,227075,10736,10177,1480,11657,139
2021-01-30,Calaveras,009,45235,1782,1763,11,1774,21
2021-01-30,Colusa,011,21464,1778,1748,209,1957,9
2021-01-30,Contra Costa,013,1133247,58671,56763,970,57733,531
2021-01-30,Del Norte,015,27424,893,865,4,869,2
2021-01-30,El Dorado,017,186661,8608,8299,567,8866,83
2021-01-30,Fresno,019,978130,91515,88476,6931,95407,964
2021-01-30,Glenn,021,27897,2129,2074,442,2516,14
2021-01-30,Humboldt,023,135768,2846,2742,18,2760,24
2021-01-30,Imperial,025,180216,26599,26160,2344,28504,530
2021-01-30,Inyo,027,18085,1104,1068,8,1076,27
2021-01-30,Kern,029,883053,88462,85572,8472,94044,848
2021-01-30,Kings,031,150075,21156,20605,855,21460,169
2021-01-30,Lake,033,64148,2903,2809,1,2810,33
2021-01-30,Lassen,035,31185,4951,4890,86,4976,1
2021-01-30,Los Angeles,037,10098052,1125975,1084763,35922,1120685,16484
2021-01-30,Madera,039,155013,14829,14443,712,15155,94
2021-01-30,Marin,041,260295,12480,12225,137,12362,185
2021-01-30,Mariposa,043,17540,356,344,3,347,4
2021-01-30,Mendocino,045,87422,3321,3153,63,3216,36
2021-01-30,Merced,047,269075,26403,26078,760,26838,335
2021-01-30,Modoc,049,8938,313,303,99,402,1
2021-01-30,Mono,051,14174,1137,1143,15,1158,3
2021-01-30,Monterey,053,433212,39871,38847,1388,40235,277
2021-01-30,Napa,055,140530,8556,8342,31,8373,52
2021-01-30,Nevada,057,99092,3666,3499,143,3642,20
2021-01-30,Orange,059,3164182,236179,231358,9436,240794,3013
2021-01-30,Placer,061,380077,19454,18430,977,19407,205
2021-01-30,Plumas,063,18699,620,554,10,564,2
2021-01-30,Riverside,065,2383286,274036,265137,12700,277837,3061
2021-01-30,Sacramento,067,1510023,88259,86388,1060,87448,1184
2021-01-30,San Benito,069,59416,5442,5401,69,5470,48
2021-01-30,San Bernardino,071,2135413,276957,268660,8066,276726,2122
2021-01-30,San Diego,073,3302833,248584,236765,11744,248509,2603
2021-01-30,San Francisco,075,870044,31955,31427,868,32295,316
2021-01-30,San Joaquin,077,732212,62897,61120,2463,63583,864
2021-01-30,San Luis Obispo,079,281455,18213,17522,472,17994,198
2021-01-30,San Mateo,081,765935,37070,35451,358,35809,219
2021-01-30,Santa Barbara,083,443738,29634,28342,889,29231,296
2021-01-30,Santa Clara,085,1922200,103332,101471,465,101936,1307
2021-01-30,Santa Cruz,087,273765,14513,13383,683,14066,149
2021-01-30,Shasta,089,179085,10393,10283,1085,11368,112
2021-01-30,Sierra,091,2930,48,43,12,55,0
2021-01-30,Siskiyou,093,43540,1338,1236,193,1429,4
2021-01-30,Solano,095,438530,28213,27511,321,27832,118
2021-01-30,Sonoma,097,501317,26164,25810,137,25947,243
2021-01-30,Stanislaus,099,539301,47196,45697,4799,50496,642
2021-01-30,Sutter,101,95872,8358,8226,76,8302,87
2021-01-30,Tehama,103,63373,4351,4229,458,4687,21
2021-01-30,Trinity,105,12862,441,259,63,322,3
2021-01-30,Tulare,107,460477,45783,44203,6708,50911,615
2021-01-30,Tuolumne,109,53932,3500,3508,33,3541,36
2021-01-30,Ventura,111,848112,72062,69931,2516,72447,493
2021-01-30,Yolo,113,214977,12157,11698,131,11829,151
2021-01-30,Yuba,115,75493,5170,5042,72,5114,33
2021-01-29,Alameda,001,1643700,75138,73210,1550,74760,841
2021-01-29,Alpine,003,1148,73,72,0,72,0
2021-01-29,Amador,005,37829,3271,3134,24,3158,32
2021-01-29,Butte,007,227075,10704,10122,1471,11593,138
2021-01-29,Calaveras,009,45235,1771,1757,11,1768,21
2021-01-29,Colusa,011,21464,1774,1734,208,1942,8
2021-01-29,Contra Costa,013,1133247,58504,56318,968,57286,529
2021-01-29,Del Norte,015,27424,892,865,4,869,2
2021-01-29,El Dorado,017,186661,8591,8231,566,8797,83
2021-01-29,Fresno,019,978130,91301,87936,6895,94831,962
2021-01-29,Glenn,021,27897,2124,2061,441,2502,14
2021-01-29,Humboldt,023,135768,2833,2707,18,2725,24
2021-01-29,Imperial,025,180216,26584,26045,2341,28386,521
2021-01-29,Inyo,027,18085,1092,1048,8,1056,27
2021-01-29,Kern,029,883053,88235,85044,8421,93465,836
2021-01-29,Kings,031,150075,21117,20466,850,21316,169
2021-01-29,Lake,033,64148,2893,2792,1,2793,32
2021-01-29,Lassen,035,31185,4948,4874,86,4960,1
2021-01-29,Los Angeles,037,10098052,1122479,1078329,35772,1114101,16190
2021-01-29,Madera,039,155013,14782,14377,712,15089,94
2021-01-29,Marin,041,260295,12435,12145,136,12281,185
2021-01-29,Mariposa,043,17540,355,342,3,345,4
2021-01-29,Mendocino,045,87422,3312,3131,62,3193,36
2021-01-29,Merced,047,269075,26329,25865,755,26620,334
2021-01-29,Modoc,049,8938,312,297,99,396,1
2021-01-29,Mono,051,14174,1135,1139,15,1154,3
2021-01-29,Monterey,053,433212,39758,38539,1380,39919,277
2021-01-29,Napa,055,140530,8525,8276,31,8307,52
2021-01-29,Nevada,057,99092,3657,3487,142,3629,20
2021-01-29,Orange,059,3164182,235503,229917,9399,239316,2967
2021-01-29,Placer,061,380077,19401,18367,973,19340,203
2021-01-29,Plumas,063,18699,619,548,10,558,2
2021-01-29,Riverside,065,2383286,273234,263504,12668,276172,3008
2021-01-29,Sacramento,067,1510023,88005,86320,1055,87375,1169
2021-01-29,San Benito,069,59416,5434,5386,69,5455,48
2021-01-29,San Bernardino,071,2135413,276438,267490,8028,275518,2095
2021-01-29,San Diego,073,3302833,247642,234637,11666,246303,2571
2021-01-29,San Francisco,075,870044,31816,31294,860,32154,307
2021-01-29,San Joaquin,077,732212,62753,60899,2449,63348,858
2021-01-29,San Luis Obispo,079,281455,18153,17440,467,17907,193
2021-01-29,San Mateo,081,765935,36937,35223,355,35578,218
2021-01-29,Santa Barbara,083,443738,29501,28105,883,28988,291
2021-01-29,Santa Clara,085,1922200,102978,101010,463,101473,1273
2021-01-29,Santa Cruz,087,273765,14460,13311,680,13991,148
2021-01-29,Shasta,089,179085,10377,10220,1081,11301,112
2021-01-29,Sierra,091,2930,48,43,12,55,0
2021-01-29,Siskiyou,093,43540,1337,1227,193,1420,4
2021-01-29,Solano,095,438530,28130,27352,319,27671,116
2021-01-29,Sonoma,097,501317,26108,25710,136,25846,243
2021-01-29,Stanislaus,099,539301,47053,45466,4777,50243,642
2021-01-29,Sutter,101,95872,8339,8181,76,8257,87
2021-01-29,Tehama,103,63373,4339,4191,456,4647,20
2021-01-29,Trinity,105,12862,441,260,63,323,3
2021-01-29,Tulare,107,460477,45676,43925,6669,50594,606
2021-01-29,Tuolumne,109,53932,3490,3483,33,3516,36
2021-01-29,Ventura,111,848112,71640,69511,2503,72014,484
2021-01-29,Yolo,113,214977,12119,11612,131,11743,151
2021-01-29,Yuba,115,75493,5154,5018,72,5090,32
2021-01-28,Alameda,001,1643700,74715,72758,1542,74300,833
2021-01-28,Alpine,003,1148,73,72,0,72,0
2021-01-28,Amador,005,37829,3234,3124,24,3148,31
2021-01-28,Butte,007,227075,10663,10037,1461,11498,138
2021-01-28,Calaveras,009,45235,1758,1747,10,1757,21
2021-01-28,Colusa,011,21464,1767,1731,204,1935,8
2021-01-28,Contra Costa,013,1133247,58261,55999,958,56957,525
2021-01-28,Del Norte,015,27424,891,862,4,866,2
2021-01-28,El Dorado,017,186661,8576,8198,561,8759,79
2021-01-28,Fresno,019,978130,91015,87401,6848,94249,949
2021-01-28,Glenn,021,27897,2119,2043,434,2477,14
2021-01-28,Humboldt,023,135768,2816,2686,18,2704,24
2021-01-28,Imperial,025,180216,26540,25984,2334,28318,517
2021-01-28,Inyo,027,18085,1087,1039,8,1047,27
2021-01-28,Kern,029,883053,87906,84708,8338,93046,817
2021-01-28,Kings,031,150075,21057,20328,847,21175,167
2021-01-28,Lake,033,64148,2878,2772,1,2773,32
2021-01-28,Lassen,035,31185,4942,4865,86,4951,1
2021-01-28,Los Angeles,037,10098052,1118564,1072412,35586,1107998,15967
2021-01-28,Madera,039,155013,14727,14301,708,15009,94
2021-01-28,Marin,041,260295,12386,12079,135,12214,183
2021-01-28,Mariposa,043,17540,355,334,3,337,4
2021-01-28,Mendocino,045,87422,3295,3110,62,3172,36
2021-01-28,Merced,047,269075,26207,25620,743,26363,328
2021-01-28,Modoc,049,8938,311,297,99,396,0
2021-01-28,Mono,051,14174,1133,1131,15,1146,3
2021-01-28,Monterey,053,433212,39564,38312,1361,39673,274
2021-01-28,Napa,055,140530,8478,8233,31,8264,50
2021-01-28,Nevada,057,99092,3642,3452,141,3593,19
2021-01-28,Orange,059,3164182,234527,228636,9369,238005,2860
2021-01-28,Placer,061,380077,19341,18246,970,19216,198
2021-01-28,Plumas,063,18699,618,547,10,557,2
2021-01-28,Riverside,065,2383286,272453,262342,12620,274962,2981
2021-01-28,Sacramento,067,1510023,87642,85698,1044,86742,1149
2021-01-28,San Benito,069,59416,5416,5344,68,5412,47
2021-01-28,San Bernardino,071,2135413,275736,266456,8007,274463,2057
2021-01-28,San Diego,073,3302833,246489,232967,11577,244544,2534
2021-01-28,San Francisco,075,870044,31679,31193,844,32037,290
2021-01-28,San Joaquin,077,732212,62490,60627,2435,63062,854
2021-01-28,San Luis Obispo,079,281455,18053,17279,465,17744,189
2021-01-28,San Mateo,081,765935,36768,34931,339,35270,218
2021-01-28,Santa Barbara,083,443738,29278,27674,870,28544,284
2021-01-28,Santa Clara,085,1922200,102522,100470,461,100931,1219
2021-01-28,Santa Cruz,087,273765,14371,13188,674,13862,145
2021-01-28,Shasta,089,179085,10343,10176,1073,11249,110
2021-01-28,Sierra,091,2930,48,43,12,55,0
2021-01-28,Siskiyou,093,43540,1330,1218,191,1409,4
2021-01-28,Solano,095,438530,27970,27163,318,27481,114
2021-01-28,Sonoma,097,501317,26016,25564,136,25700,236
2021-01-28,Stanislaus,099,539301,46845,45162,4758,49920,640
2021-01-28,Sutter,101,95872,8292,8136,76,8212,85
2021-01-28,Tehama,103,63373,4316,4163,453,4616,20
2021-01-28,Trinity,105,12862,439,260,63,323,3
2021-01-28,Tulare,107,460477,45521,43742,6594,50336,595
2021-01-28,Tuolumne,109,53932,3476,3472,33,3505,32
2021-01-28,Ventura,111,848112,71128,68896,2487,71383,475
2021-01-28,Yolo,113,214977,12076,11500,127,11627,151
2021-01-28,Yuba,115,75493,5138,4994,71,5065,32
2021-01-27,Alameda,001,1643700,74297,72188,1535,73723,815
2021-01-27,Alpine,003,1148,73,72,0,72,0
2021-01-27,Amador,005,37829,3218,3116,24,3140,31
2021-01-27,Butte,007,227075,10624,9988,1449,11437,138
2021-01-27,Calaveras,009,45235,1749,1737,10,1747,21
2021-01-27,Colusa,011,21464,1761,1724,202,1926,8
2021-01-27,Contra Costa,013,1133247,57966,55578,955,56533,507
2021-01-27,Del Norte,015,27424,890,859,4,863,2
2021-01-27,El Dorado,017,186661,8550,8141,560,8701,76
2021-01-27,Fresno,019,978130,90723,86886,6806,93692,938
2021-01-27,Glenn,021,27897,2115,2042,433,2475,14
2021-01-27,Humboldt,023,135768,2794,2630,18,2648,24
2021-01-27,Imperial,025,180216,26486,25861,2322,28183,504
2021-01-27,Inyo,027,18085,1083,1023,8,1031,27
2021-01-27,Kern,029,883053,87596,84244,8268,92512,809
2021-01-27,Kings,031,150075,20951,20211,839,21050,167
2021-01-27,Lake,033,64148,2858,2750,1,2751,32
2021-01-27,Lassen,035,31185,4936,4851,86,4937,1
2021-01-27,Los Angeles,037,10098052,1113752,1066569,35383,1101952,15757
2021-01-27,Madera,039,155013,14685,14194,703,14897,86
2021-01-27,Marin,041,260295,12348,12028,134,12162,180
2021-01-27,Mariposa,043,17540,355,333,3,336,4
2021-01-27,Mendocino,045,87422,3275,3095,62,3157,36
2021-01-27,Merced,047,269075,26048,25439,732,26171,315
2021-01-27,Modoc,049,8938,311,297,96,393,0
2021-01-27,Mono,051,14174,1131,1131,15,1146,3
2021-01-27,Monterey,053,433212,39357,38139,1342,39481,268
2021-01-27,Napa,055,140530,8405,8187,31,8218,46
2021-01-27,Nevada,057,99092,3620,3431,141,3572,18
2021-01-27,Orange,059,3164182,233411,227110,9317,236427,2832
2021-01-27,Placer,061,380077,19271,18106,959,19065,198
2021-01-27,Plumas,063,18699,618,544,10,554,2
2021-01-27,Riverside,065,2383286,271257,260796,12569,273365,2931
2021-01-27,Sacramento,067,1510023,87282,85428,1033,86461,1142
2021-01-27,San Benito,069,59416,5401,5284,68,5352,47
2021-01-27,San Bernardino,071,2135413,274881,265153,7974,273127,2019
2021-01-27,San Diego,073,3302833,245160,231478,11472,242950,2465
2021-01-27,San Francisco,075,870044,31535,31082,837,31919,287
2021-01-27,San Joaquin,077,732212,62220,60131,2416,62547,853
2021-01-27,San Luis Obispo,079,281455,17945,17119,461,17580,188
2021-01-27,San Mateo,081,765935,36613,34619,336,34955,216
2021-01-27,Santa Barbara,083,443738,29101,27435,864,28299,282
2021-01-27,Santa Clara,085,1922200,102107,99732,457,100189,1184
2021-01-27,Santa Cruz,087,273765,14301,13111,671,13782,143
2021-01-27,Shasta,089,179085,10309,10106,1067,11173,105
2021-01-27,Sierra,091,2930,48,44,12,56,0
2021-01-27,Siskiyou,093,43540,1325,1214,188,1402,4
2021-01-27,Solano,095,438530,27793,26982,311,27293,112
2021-01-27,Sonoma,097,501317,25918,25361,132,25493,237
2021-01-27,Stanislaus,099,539301,46661,44874,4733,49607,624
2021-01-27,Sutter,101,95872,8249,8093,76,8169,83
2021-01-27,Tehama,103,63373,4296,4133,449,4582,20
2021-01-27,Trinity,105,12862,439,260,63,323,3
2021-01-27,Tulare,107,460477,45334,43462,6524,49986,583
2021-01-27,Tuolumne,109,53932,3466,3464,33,3497,32
2021-01-27,Ventura,111,848112,70654,68291,2462,70753,468
2021-01-27,Yolo,113,214977,12028,11427,125,11552,151
2021-01-27,Yuba,115,75493,5122,4968,71,5039,32
2021-01-26,Alameda,001,1643700,73922,71851,1518,73369,789
2021-01-26,Alpine,003,1148,73,72,0,72,0
2021-01-26,Amador,005,37829,3207,3113,24,3137,31
2021-01-26,Butte,007,227075,10582,9943,1443,11386,136
2021-01-26,Calaveras,009,45235,1739,1723,10,1733,21
2021-01-26,Colusa,011,21464,1754,1719,199,1918,8
2021-01-26,Contra Costa,013,1133247,57693,55337,947,56284,491
2021-01-26,Del Norte,015,27424,889,856,4,860,2
2021-01-26,El Dorado,017,186661,8525,8115,558,8673,71
2021-01-26,Fresno,019,978130,90365,86673,6763,93436,923
2021-01-26,Glenn,021,27897,2105,2034,428,2462,13
2021-01-26,Humboldt,023,135768,2773,2612,17,2629,24
2021-01-26,Imperial,025,180216,26414,25812,2310,28122,498
2021-01-26,Inyo,027,18085,1077,1018,8,1026,27
2021-01-26,Kern,029,883053,87173,83868,8193,92061,790
2021-01-26,Kings,031,150075,20893,20156,834,20990,159
2021-01-26,Lake,033,64148,2850,2748,1,2749,32
2021-01-26,Lassen,035,31185,4930,4844,86,4930,1
2021-01-26,Los Angeles,037,10098052,1108464,1060492,35182,1095674,15458
2021-01-26,Madera,039,155013,14628,14130,697,14827,86
2021-01-26,Marin,041,260295,12304,11993,132,12125,179
2021-01-26,Mariposa,043,17540,353,332,3,335,3
2021-01-26,Mendocino,045,87422,3249,3076,61,3137,36
2021-01-26,Merced,047,269075,25908,25359,724,26083,309
2021-01-26,Modoc,049,8938,304,291,95,386,0
2021-01-26,Mono,051,14174,1129,1120,15,1135,3
2021-01-26,Monterey,053,433212,39163,37963,1322,39285,255
2021-01-26,Napa,055,140530,8348,8145,31,8176,43
2021-01-26,Nevada,057,99092,3613,3410,140,3550,18
2021-01-26,Orange,059,3164182,232288,225987,9271,235258,2760
2021-01-26,Placer,061,380077,19195,18016,957,18973,193
2021-01-26,Plumas,063,18699,616,536,10,546,2
2021-01-26,Riverside,065,2383286,269888,259399,12506,271905,2898
2021-01-26,Sacramento,067,1510023,86924,85062,1026,86088,1127
2021-01-26,San Benito,069,59416,5387,5251,67,5318,45
2021-01-26,San Bernardino,071,2135413,273887,263736,7932,271668,1970
2021-01-26,San Diego,073,3302833,243665,230063,11370,241433,2421
2021-01-26,San Francisco,075,870044,31403,30874,818,31692,286
2021-01-26,San Joaquin,077,732212,61968,59889,2400,62289,847
2021-01-26,San Luis Obispo,079,281455,17864,17016,458,17474,186
2021-01-26,San Mateo,081,765935,36419,34441,325,34766,213
2021-01-26,Santa Barbara,083,443738,28925,27321,852,28173,273
2021-01-26,Santa Clara,085,1922200,101628,99215,454,99669,1171
2021-01-26,Santa Cruz,087,273765,14235,13045,665,13710,134
2021-01-26,Shasta,089,179085,10274,10036,1059,11095,103
2021-01-26,Sierra,091,2930,48,43,12,55,0
2021-01-26,Siskiyou,093,43540,1310,1208,186,1394,4
2021-01-26,Solano,095,438530,27637,26858,304,27162,110
2021-01-26,Sonoma,097,501317,25799,25273,130,25403,236
2021-01-26,Stanislaus,099,539301,46479,44703,4693,49396,599
2021-01-26,Sutter,101,95872,8206,8067,76,8143,83
2021-01-26,Tehama,103,63373,4263,4115,449,4564,20
2021-01-26,Trinity,105,12862,439,260,63,323,3
2021-01-26,Tulare,107,460477,45131,43394,6456,49850,579
2021-01-26,Tuolumne,109,53932,3456,3451,33,3484,30
2021-01-26,Ventura,111,848112,70122,67526,2436,69962,448
2021-01-26,Yolo,113,214977,11983,11361,122,11483,148
2021-01-26,Yuba,115,75493,5097,4944,69,5013,31
2021-01-25,Alameda,001,1643700,73496,71255,1508,72763,780
2021-01-25,Alpine,003,1148,73,72,0,72,0
2021-01-25,Amador,005,37829,3167,3074,24,3098,30
2021-01-25,Butte,007,227075,10515,9865,1435,11300,133
2021-01-25,Calaveras,009,45235,1724,1713,10,1723,21
2021-01-25,Colusa,011,21464,1742,1709,195,1904,8
2021-01-25,Contra Costa,013,1133247,57341,54989,940,55929,488
2021-01-25,Del Norte,015,27424,889,855,4,859,2
2021-01-25,El Dorado,017,186661,8500,8060,558,8618,66
2021-01-25,Fresno,019,978130,89995,86336,6731,93067,913
2021-01-25,Glenn,021,27897,2096,2028,428,2456,13
2021-01-25,Humboldt,023,135768,2739,2587,17,2604,24
2021-01-25,Imperial,025,180216,26367,25745,2303,28048,491
2021-01-25,Inyo,027,18085,1071,1015,8,1023,27
2021-01-25,Kern,029,883053,86787,83401,8108,91509,787
2021-01-25,Kings,031,150075,20773,20067,830,20897,159
2021-01-25,Lake,033,64148,2832,2729,1,2730,32
2021-01-25,Lassen,035,31185,4903,4835,86,4921,1
2021-01-25,Los Angeles,037,10098052,1102497,1055181,34962,1090143,15163
2021-01-25,Madera,039,155013,14573,14068,692,14760,86
2021-01-25,Marin,041,260295,12255,11923,128,12051,177
2021-01-25,Mariposa,043,17540,350,331,3,334,3
2021-01-25,Mendocino,045,87422,3238,3054,61,3115,35
2021-01-25,Merced,047,269075,25769,25181,715,25896,305
2021-01-25,Modoc,049,8938,303,288,91,379,0
2021-01-25,Mono,051,14174,1126,1114,14,1128,3
2021-01-25,Monterey,053,433212,38910,37726,1303,39029,255
2021-01-25,Napa,055,140530,8314,8057,30,8087,43
2021-01-25,Nevada,057,99092,3599,3365,140,3505,18
2021-01-25,Orange,059,3164182,231079,225105,9226,234331,2696
2021-01-25,Placer,061,380077,19106,17936,942,18878,193
2021-01-25,Plumas,063,18699,613,533,10,543,2
2021-01-25,Riverside,065,2383286,268152,258082,12453,270535,2789
2021-01-25,Sacramento,067,1510023,86482,84653,1018,85671,1118
2021-01-25,San Benito,069,59416,5352,5238,66,5304,43
2021-01-25,San Bernardino,071,2135413,272963,263174,7896,271070,1947
2021-01-25,San Diego,073,3302833,242052,228630,11298,239928,2375
2021-01-25,San Francisco,075,870044,31256,30734,795,31529,288
2021-01-25,San Joaquin,077,732212,61677,59291,2375,61666,838
2021-01-25,San Luis Obispo,079,281455,17730,16868,453,17321,179
2021-01-25,San Mateo,081,765935,36186,34187,319,34506,213
2021-01-25,Santa Barbara,083,443738,28691,27065,842,27907,269
2021-01-25,Santa Clara,085,1922200,101104,98647,446,99093,1143
2021-01-25,Santa Cruz,087,273765,14148,12973,661,13634,133
2021-01-25,Shasta,089,179085,10233,9991,1048,11039,103
2021-01-25,Sierra,091,2930,48,42,12,54,0
2021-01-25,Siskiyou,093,43540,1302,1205,183,1388,4
2021-01-25,Solano,095,438530,27469,26648,303,26951,109
2021-01-25,Sonoma,097,501317,25692,25160,128,25288,233
2021-01-25,Stanislaus,099,539301,46233,44293,4651,48944,599
2021-01-25,Sutter,101,95872,8163,8023,76,8099,83
2021-01-25,Tehama,103,63373,4236,4082,445,4527,20
2021-01-25,Trinity,105,12862,439,262,63,325,3
2021-01-25,Tulare,107,460477,44914,43124,6354,49478,578
2021-01-25,Tuolumne,109,53932,3447,3422,33,3455,29
2021-01-25,Ventura,111,848112,69501,66910,2420,69330,439
2021-01-25,Yolo,113,214977,11898,11276,121,11397,140
2021-01-25,Yuba,115,75493,5076,4900,67,4967,31
2021-01-24,Alameda,001,1643700,72994,70823,1497,72320,780
2021-01-24,Alpine,003,1148,73,72,0,72,0
2021-01-24,Amador,005,37829,3134,3054,24,3078,30
2021-01-24,Butte,007,227075,10431,9820,1419,11239,133
2021-01-24,Calaveras,009,45235,1711,1704,10,1714,21
2021-01-24,Colusa,011,21464,1731,1689,189,1878,8
2021-01-24,Contra Costa,013,1133247,56956,54694,928,55622,488
2021-01-24,Del Norte,015,27424,885,855,4,859,2
2021-01-24,El Dorado,017,186661,8465,8003,554,8557,66
2021-01-24,Fresno,019,978130,89556,85808,6692,92500,911
2021-01-24,Glenn,021,27897,2088,2026,427,2453,13
2021-01-24,Humboldt,023,135768,2700,2562,17,2579,24
2021-01-24,Imperial,025,180216,26271,25707,2282,27989,488
2021-01-24,Inyo,027,18085,1055,1007,8,1015,27
2021-01-24,Kern,029,883053,86352,83125,8001,91126,785
2021-01-24,Kings,031,150075,20645,19988,814,20802,159
2021-01-24,Lake,033,64148,2815,2724,0,2724,32
2021-01-24,Lassen,035,31185,4892,4828,83,4911,1
2021-01-24,Los Angeles,037,10098052,1096081,1048757,34657,1083414,15119
2021-01-24,Madera,039,155013,14490,14000,686,14686,86
2021-01-24,Marin,041,260295,12191,11872,127,11999,177
2021-01-24,Mariposa,043,17540,346,322,3,325,3
2021-01-24,Mendocino,045,87422,3217,3037,60,3097,33
2021-01-24,Merced,047,269075,25558,25047,706,25753,305
2021-01-24,Modoc,049,8938,303,285,91,376,0
2021-01-24,Mono,051,14174,1119,1113,14,1127,3
2021-01-24,Monterey,053,433212,38638,37527,1269,38796,254
2021-01-24,Napa,055,140530,8271,8005,30,8035,43
2021-01-24,Nevada,057,99092,3557,3349,138,3487,18
2021-01-24,Orange,059,3164182,229646,223853,9157,233010,2632
2021-01-24,Placer,061,380077,18993,17839,922,18761,193
2021-01-24,Plumas,063,18699,610,532,10,542,2
2021-01-24,Riverside,065,2383286,266513,256767,12377,269144,2761
2021-01-24,Sacramento,067,1510023,85929,84110,1010,85120,1112
2021-01-24,San Benito,069,59416,5310,5223,63,5286,43
2021-01-24,San Bernardino,071,2135413,271651,262370,7844,270214,1935
2021-01-24,San Diego,073,3302833,240358,227193,11167,238360,2375
2021-01-24,San Francisco,075,870044,31067,30559,774,31333,275
2021-01-24,San Joaquin,077,732212,61251,59021,2361,61382,838
2021-01-24,San Luis Obispo,079,281455,17606,16758,451,17209,179
2021-01-24,San Mateo,081,765935,35941,33956,314,34270,213
2021-01-24,Santa Barbara,083,443738,28376,26735,832,27567,269
2021-01-24,Santa Clara,085,1922200,100469,98103,441,98544,1109
2021-01-24,Santa Cruz,087,273765,14062,12905,653,13558,133
2021-01-24,Shasta,089,179085,10162,9978,1039,11017,103
2021-01-24,Sierra,091,2930,47,42,12,54,0
2021-01-24,Siskiyou,093,43540,1295,1195,183,1378,4
2021-01-24,Solano,095,438530,27283,26515,299,26814,109
2021-01-24,Sonoma,097,501317,25530,25045,127,25172,233
2021-01-24,Stanislaus,099,539301,45924,44031,4592,48623,599
2021-01-24,Sutter,101,95872,8099,7980,76,8056,83
2021-01-24,Tehama,103,63373,4196,4062,442,4504,20
2021-01-24,Trinity,105,12862,439,262,63,325,3
2021-01-24,Tulare,107,460477,44694,43006,6265,49271,577
2021-01-24,Tuolumne,109,53932,3436,3416,33,3449,29
2021-01-24,Ventura,111,848112,68811,66347,2398,68745,439
2021-01-24,Yolo,113,214977,11815,11210,117,11327,140
2021-01-24,Yuba,115,75493,5036,4875,66,4941,31
2021-01-23,Alameda,001,1643700,72746,70080,1491,71571,780
2021-01-23,Alpine,003,1148,73,72,0,72,0
2021-01-23,Amador,005,37829,3131,3049,24,3073,30
2021-01-23,Butte,007,227075,10402,9757,1416,11173,133
2021-01-23,Calaveras,009,45235,1708,1695,10,1705,21
2021-01-23,Colusa,011,21464,1727,1672,188,1860,8
2021-01-23,Contra Costa,013,1133247,56742,54162,922,55084,487
2021-01-23,Del Norte,015,27424,883,855,4,859,2
2021-01-23,El Dorado,017,186661,8449,7984,552,8536,66
2021-01-23,Fresno,019,978130,89369,85274,6664,91938,910
2021-01-23,Glenn,021,27897,2085,2015,423,2438,13
2021-01-23,Humboldt,023,135768,2681,2493,16,2509,23
2021-01-23,Imperial,025,180216,26237,25581,2270,27851,487
2021-01-23,Inyo,027,18085,1046,987,8,995,27
2021-01-23,Kern,029,883053,86109,82602,7933,90535,783
2021-01-23,Kings,031,150075,20601,19904,812,20716,159
2021-01-23,Lake,033,64148,2806,2673,0,2673,32
2021-01-23,Lassen,035,31185,4891,4816,80,4896,1
2021-01-23,Los Angeles,037,10098052,1092844,1040961,34498,1075459,15034
2021-01-23,Madera,039,155013,14453,13858,683,14541,86
2021-01-23,Marin,041,260295,12135,11796,125,11921,177
2021-01-23,Mariposa,043,17540,346,323,3,326,3
2021-01-23,Mendocino,045,87422,3203,2991,60,3051,32
2021-01-23,Merced,047,269075,25466,24787,692,25479,303
2021-01-23,Modoc,049,8938,303,285,91,376,0
2021-01-23,Mono,051,14174,1117,1111,14,1125,3
2021-01-23,Monterey,053,433212,38555,37165,1264,38429,253
2021-01-23,Napa,055,140530,8246,7893,30,7923,43
2021-01-23,Nevada,057,99092,3546,3332,137,3469,18
2021-01-23,Orange,059,3164182,228877,221722,9117,230839,2618
2021-01-23,Placer,061,380077,18943,17617,917,18534,193
2021-01-23,Plumas,063,18699,609,528,10,538,2
2021-01-23,Riverside,065,2383286,265614,253636,12327,265963,2733
2021-01-23,Sacramento,067,1510023,85701,83408,1007,84415,1108
2021-01-23,San Benito,069,59416,5286,5166,62,5228,43
2021-01-23,San Bernardino,071,2135413,271094,260381,7814,268195,1922
2021-01-23,San Diego,073,3302833,239297,225556,11095,236651,2344
2021-01-23,San Francisco,075,870044,30962,30308,745,31053,268
2021-01-23,San Joaquin,077,732212,61123,58164,2351,60515,836
2021-01-23,San Luis Obispo,079,281455,17542,16652,448,17100,176
2021-01-23,San Mateo,081,765935,35765,33696,303,33999,213
2021-01-23,Santa Barbara,083,443738,28191,26234,823,27057,264
2021-01-23,Santa Clara,085,1922200,100110,97189,440,97629,1086
2021-01-23,Santa Cruz,087,273765,14004,12771,650,13421,127
2021-01-23,Shasta,089,179085,10133,9951,1038,10989,103
2021-01-23,Sierra,091,2930,47,41,12,53,0
2021-01-23,Siskiyou,093,43540,1286,1190,182,1372,4
2021-01-23,Solano,095,438530,27190,26261,297,26558,107
2021-01-23,Sonoma,097,501317,25450,24790,127,24917,232
2021-01-23,Stanislaus,099,539301,45757,43723,4561,48284,599
2021-01-23,Sutter,101,95872,8081,7943,75,8018,80
2021-01-23,Tehama,103,63373,4177,4006,441,4447,20
2021-01-23,Trinity,105,12862,439,262,63,325,3
2021-01-23,Tulare,107,460477,44541,42661,6205,48866,575
2021-01-23,Tuolumne,109,53932,3429,3407,33,3440,29
2021-01-23,Ventura,111,848112,68355,65581,2375,67956,438
2021-01-23,Yolo,113,214977,11774,11087,116,11203,141
2021-01-23,Yuba,115,75493,5024,4831,65,4896,30
2021-01-22,Alameda,001,1643700,72428,69693,1484,71177,751
2021-01-22,Alpine,003,1148,73,71,0,71,0
2021-01-22,Amador,005,37829,3126,3042,24,3066,30
2021-01-22,Butte,007,227075,10358,9711,1403,11114,133
2021-01-22,Calaveras,009,45235,1699,1672,10,1682,21
2021-01-22,Colusa,011,21464,1725,1668,188,1856,7
2021-01-22,Contra Costa,013,1133247,56504,53887,916,54803,485
2021-01-22,Del Norte,015,27424,882,852,4,856,2
2021-01-22,El Dorado,017,186661,8416,7877,549,8426,64
2021-01-22,Fresno,019,978130,89028,84744,6636,91380,892
2021-01-22,Glenn,021,27897,2080,1985,417,2402,13
2021-01-22,Humboldt,023,135768,2657,2452,16,2468,23
2021-01-22,Imperial,025,180216,26201,25562,2255,27817,474
2021-01-22,Inyo,027,18085,1035,961,8,969,26
2021-01-22,Kern,029,883053,85812,82101,7857,89958,771
2021-01-22,Kings,031,150075,20525,19760,808,20568,159
2021-01-22,Lake,033,64148,2794,2681,0,2681,32
2021-01-22,Lassen,035,31185,4882,4765,79,4844,1
2021-01-22,Los Angeles,037,10098052,1088375,1031177,34310,1065487,14777
2021-01-22,Madera,039,155013,14393,13781,682,14463,86
2021-01-22,Marin,041,260295,12098,11769,123,11892,177
2021-01-22,Mariposa,043,17540,346,323,3,326,3
2021-01-22,Mendocino,045,87422,3178,2994,59,3053,32
2021-01-22,Merced,047,269075,25343,24616,685,25301,290
2021-01-22,Modoc,049,8938,303,285,91,376,0
2021-01-22,Mono,051,14174,1117,1108,14,1122,3
2021-01-22,Monterey,053,433212,38402,36909,1259,38168,253
2021-01-22,Napa,055,140530,8200,7828,30,7858,40
2021-01-22,Nevada,057,99092,3521,3296,136,3432,18
2021-01-22,Orange,059,3164182,227924,220384,9070,229454,2542
2021-01-22,Placer,061,380077,18886,17636,902,18538,193
2021-01-22,Plumas,063,18699,607,522,10,532,2
2021-01-22,Riverside,065,2383286,264470,252440,12261,264701,2710
2021-01-22,Sacramento,067,1510023,85371,82861,999,83860,1094
2021-01-22,San Benito,069,59416,5260,5143,62,5205,43
2021-01-22,San Bernardino,071,2135413,270291,259121,7784,266905,1849
2021-01-22,San Diego,073,3302833,238057,222576,11030,233606,2301
2021-01-22,San Francisco,075,870044,30849,30027,728,30755,266
2021-01-22,San Joaquin,077,732212,60939,58485,2339,60824,812
2021-01-22,San Luis Obispo,079,281455,17453,16336,445,16781,172
2021-01-22,San Mateo,081,765935,35543,33401,300,33701,211
2021-01-22,Santa Barbara,083,443738,27991,25989,812,26801,256
2021-01-22,Santa Clara,085,1922200,99664,96435,437,96872,1062
2021-01-22,Santa Cruz,087,273765,13946,12687,646,13333,123
2021-01-22,Shasta,089,179085,10113,9866,1036,10902,103
2021-01-22,Sierra,091,2930,47,40,12,52,0
2021-01-22,Siskiyou,093,43540,1282,1182,180,1362,4
2021-01-22,Solano,095,438530,27100,26048,295,26343,107
2021-01-22,Sonoma,097,501317,25365,24659,127,24786,232
2021-01-22,Stanislaus,099,539301,45591,43489,4535,48024,599
2021-01-22,Sutter,101,95872,8056,7878,75,7953,80
2021-01-22,Tehama,103,63373,4163,3993,439,4432,19
2021-01-22,Trinity,105,12862,438,263,63,326,3
2021-01-22,Tulare,107,460477,44362,42307,6138,48445,573
2021-01-22,Tuolumne,109,53932,3401,3379,33,3412,29
2021-01-22,Ventura,111,848112,67842,64404,2356,66760,426
2021-01-22,Yolo,113,214977,11740,11014,114,11128,141
2021-01-22,Yuba,115,75493,5000,4789,63,4852,29
2021-01-21,Alameda,001,1643700,71992,69314,1467,70781,739
2021-01-21,Alpine,003,1148,73,71,0,71,0
2021-01-21,Amador,005,37829,3104,3038,24,3062,29
2021-01-21,Butte,007,227075,10294,9643,1396,11039,130
2021-01-21,Calaveras,009,45235,1690,1647,10,1657,21
2021-01-21,Colusa,011,21464,1718,1662,186,1848,7
2021-01-21,Contra Costa,013,1133247,56114,53595,904,54499,478
2021-01-21,Del Norte,015,27424,880,850,3,853,2
2021-01-21,El Dorado,017,186661,8366,7823,546,8369,58
2021-01-21,Fresno,019,978130,88624,84137,6596,90733,889
2021-01-21,Glenn,021,27897,2072,1964,412,2376,13
2021-01-21,Humboldt,023,135768,2634,2423,16,2439,23
2021-01-21,Imperial,025,180216,26114,25509,2243,27752,463
2021-01-21,Inyo,027,18085,1026,946,8,954,26
2021-01-21,Kern,029,883053,85399,81328,7742,89070,769
2021-01-21,Kings,031,150075,20454,19633,791,20424,158
2021-01-21,Lake,033,64148,2780,2669,0,2669,32
2021-01-21,Lassen,035,31185,4875,4763,79,4842,1
2021-01-21,Los Angeles,037,10098052,1081709,1023055,33997,1057052,14537
2021-01-21,Madera,039,155013,14329,13664,674,14338,86
2021-01-21,Marin,041,260295,12043,11732,121,11853,173
2021-01-21,Mariposa,043,17540,342,322,3,325,3
2021-01-21,Mendocino,045,87422,3155,2967,57,3024,32
2021-01-21,Merced,047,269075,25188,24426,678,25104,245
2021-01-21,Modoc,049,8938,300,284,90,374,0
2021-01-21,Mono,051,14174,1112,1104,14,1118,3
2021-01-21,Monterey,053,433212,38121,36149,1250,37399,253
2021-01-21,Napa,055,140530,8136,7774,30,7804,40
2021-01-21,Nevada,057,99092,3492,3274,135,3409,18
2021-01-21,Orange,059,3164182,226548,218867,9016,227883,2540
2021-01-21,Placer,061,380077,18807,17553,898,18451,190
2021-01-21,Plumas,063,18699,603,518,10,528,2
2021-01-21,Riverside,065,2383286,262748,251007,12183,263190,2676
2021-01-21,Sacramento,067,1510023,84892,82303,979,83282,1084
2021-01-21,San Benito,069,59416,5230,5100,57,5157,43
2021-01-21,San Bernardino,071,2135413,268970,257754,7719,265473,1832
2021-01-21,San Diego,073,3302833,236282,219729,10923,230652,2222
2021-01-21,San Francisco,075,870044,30676,29801,694,30495,266
2021-01-21,San Joaquin,077,732212,60633,58270,2321,60591,806
2021-01-21,San Luis Obispo,079,281455,17367,16153,437,16590,169
2021-01-21,San Mateo,081,765935,35297,33156,287,33443,210
2021-01-21,Santa Barbara,083,443738,27703,25654,799,26453,253
2021-01-21,Santa Clara,085,1922200,99076,96028,432,96460,1062
2021-01-21,Santa Cruz,087,273765,13862,12548,636,13184,119
2021-01-21,Shasta,089,179085,10070,9795,1021,10816,98
2021-01-21,Sierra,091,2930,47,40,12,52,0
2021-01-21,Siskiyou,093,43540,1279,1178,178,1356,4
2021-01-21,Solano,095,438530,26921,25885,291,26176,106
2021-01-21,Sonoma,097,501317,25225,24440,125,24565,230
2021-01-21,Stanislaus,099,539301,45293,43223,4491,47714,599
2021-01-21,Sutter,101,95872,8022,7822,75,7897,80
2021-01-21,Tehama,103,63373,4124,3938,438,4376,19
2021-01-21,Trinity,105,12862,438,261,63,324,3
2021-01-21,Tulare,107,460477,44151,42082,6064,48146,569
2021-01-21,Tuolumne,109,53932,3391,3365,32,3397,29
2021-01-21,Ventura,111,848112,67143,63995,2336,66331,420
2021-01-21,Yolo,113,214977,11649,10940,106,11046,141
2021-01-21,Yuba,115,75493,4968,4757,62,4819,29
2021-01-20,Alameda,001,1643700,71519,68785,1451,70236,702
2021-01-20,Alpine,003,1148,73,71,0,71,0
2021-01-20,Amador,005,37829,3073,3036,24,3060,29
2021-01-20,Butte,007,227075,10238,9582,1386,10968,130
2021-01-20,Calaveras,009,45235,1668,1637,9,1646,21
2021-01-20,Colusa,011,21464,1701,1630,181,1811,7
2021-01-20,Contra Costa,013,1133247,55688,53108,895,54003,461
2021-01-20,Del Norte,015,27424,879,848,3,851,2
2021-01-20,El Dorado,017,186661,8316,7785,543,8328,53
2021-01-20,Fresno,019,978130,88206,83591,6542,90133,872
2021-01-20,Glenn,021,27897,2053,1955,410,2365,13
2021-01-20,Humboldt,023,135768,2591,2390,16,2406,22
2021-01-20,Imperial,025,180216,26041,25380,2209,27589,461
2021-01-20,Inyo,027,18085,1016,901,8,909,26
2021-01-20,Kern,029,883053,84947,80701,7636,88337,754
2021-01-20,Kings,031,150075,20364,19522,783,20305,146
2021-01-20,Lake,033,64148,2760,2646,0,2646,31
2021-01-20,Lassen,035,31185,4867,4758,77,4835,1
2021-01-20,Los Angeles,037,10098052,1074207,1015608,33716,1049324,14299
2021-01-20,Madera,039,155013,14264,13585,670,14255,86
2021-01-20,Marin,041,260295,11987,11684,119,11803,171
2021-01-20,Mariposa,043,17540,340,322,3,325,3
2021-01-20,Mendocino,045,87422,3140,2957,57,3014,32
2021-01-20,Merced,047,269075,25015,24220,656,24876,243
2021-01-20,Modoc,049,8938,299,282,90,372,0
2021-01-20,Mono,051,14174,1105,1105,13,1118,3
2021-01-20,Monterey,053,433212,37809,35960,1230,37190,249
2021-01-20,Napa,055,140530,8067,7731,30,7761,40
2021-01-20,Nevada,057,99092,3460,3238,135,3373,18
2021-01-20,Orange,059,3164182,225013,216893,8955,225848,2500
2021-01-20,Placer,061,380077,18713,17455,880,18335,186
2021-01-20,Plumas,063,18699,601,512,10,522,2
2021-01-20,Riverside,065,2383286,260704,248686,12100,260786,2615
2021-01-20,Sacramento,067,1510023,84332,81687,969,82656,1072
2021-01-20,San Benito,069,59416,5199,5036,56,5092,35
2021-01-20,San Bernardino,071,2135413,267646,255921,7672,263593,1801
2021-01-20,San Diego,073,3302833,234427,218553,10819,229372,2174
2021-01-20,San Francisco,075,870044,30489,29665,673,30338,262
2021-01-20,San Joaquin,077,732212,60229,58025,2312,60337,783
2021-01-20,San Luis Obispo,079,281455,17185,15936,428,16364,164
2021-01-20,San Mateo,081,765935,35070,32929,286,33215,210
2021-01-20,Santa Barbara,083,443738,27385,25312,787,26099,248
2021-01-20,Santa Clara,085,1922200,98431,94995,430,95425,1040
2021-01-20,Santa Cruz,087,273765,13755,12460,623,13083,107
2021-01-20,Shasta,089,179085,10018,9697,1011,10708,98
2021-01-20,Sierra,091,2930,47,40,12,52,0
2021-01-20,Siskiyou,093,43540,1272,1163,177,1340,4
2021-01-20,Solano,095,438530,26728,25659,287,25946,106
2021-01-20,Sonoma,097,501317,25088,24262,123,24385,223
2021-01-20,Stanislaus,099,539301,45013,42955,4453,47408,585
2021-01-20,Sutter,101,95872,7971,7772,73,7845,80
2021-01-20,Tehama,103,63373,4098,3892,435,4327,19
2021-01-20,Trinity,105,12862,438,260,63,323,3
2021-01-20,Tulare,107,460477,43894,41799,5974,47773,559
2021-01-20,Tuolumne,109,53932,3377,3355,31,3386,29
2021-01-20,Ventura,111,848112,66182,63413,2307,65720,395
2021-01-20,Yolo,113,214977,11583,10852,103,10955,141
2021-01-20,Yuba,115,75493,4942,4729,62,4791,29
2021-01-19,Alameda,001,1643700,70879,68434,1442,69876,680
2021-01-19,Alpine,003,1148,73,71,0,71,0
2021-01-19,Amador,005,37829,3064,3024,24,3048,28
2021-01-19,Butte,007,227075,10175,9528,1372,10900,129
2021-01-19,Calaveras,009,45235,1653,1621,8,1629,21
2021-01-19,Colusa,011,21464,1679,1617,178,1795,7
2021-01-19,Contra Costa,013,1133247,55224,52730,885,53615,448
2021-01-19,Del Norte,015,27424,877,843,3,846,2
2021-01-19,El Dorado,017,186661,8255,7743,535,8278,47
2021-01-19,Fresno,019,978130,87684,83200,6492,89692,857
2021-01-19,Glenn,021,27897,2041,1948,405,2353,13
2021-01-19,Humboldt,023,135768,2567,2359,13,2372,22
2021-01-19,Imperial,025,180216,25960,25333,2192,27525,452
2021-01-19,Inyo,027,18085,1008,891,8,899,26
2021-01-19,Kern,029,883053,84359,80272,7531,87803,742
2021-01-19,Kings,031,150075,20225,19375,773,20148,143
2021-01-19,Lake,033,64148,2747,2625,0,2625,31
2021-01-19,Lassen,035,31185,4860,4753,77,4830,1
2021-01-19,Los Angeles,037,10098052,1065530,1010375,33449,1043824,14014
2021-01-19,Madera,039,155013,14153,13528,665,14193,86
2021-01-19,Marin,041,260295,11932,11654,115,11769,169
2021-01-19,Mariposa,043,17540,340,322,3,325,3
2021-01-19,Mendocino,045,87422,3123,2930,57,2987,32
2021-01-19,Merced,047,269075,24803,24108,647,24755,242
2021-01-19,Modoc,049,8938,298,281,90,371,0
2021-01-19,Mono,051,14174,1104,1106,13,1119,3
2021-01-19,Monterey,053,433212,37508,35840,1209,37049,248
2021-01-19,Napa,055,140530,8008,7672,30,7702,38
2021-01-19,Nevada,057,99092,3442,3216,133,3349,18
2021-01-19,Orange,059,3164182,223281,215244,8888,224132,2468
2021-01-19,Placer,061,380077,18616,17348,870,18218,182
2021-01-19,Plumas,063,18699,594,509,10,519,2
2021-01-19,Riverside,065,2383286,258619,246248,12022,258270,2585
2021-01-19,Sacramento,067,1510023,83795,81183,949,82132,1053
2021-01-19,San Benito,069,59416,5153,4988,55,5043,35
2021-01-19,San Bernardino,071,2135413,265936,253651,7618,261269,1777
2021-01-19,San Diego,073,3302833,232004,216833,10721,227554,2109
2021-01-19,San Francisco,075,870044,30270,29502,642,30144,261
2021-01-19,San Joaquin,077,732212,59848,57655,2301,59956,782
2021-01-19,San Luis Obispo,079,281455,16922,15855,425,16280,161
2021-01-19,San Mateo,081,765935,34785,32730,275,33005,208
2021-01-19,Santa Barbara,083,443738,27001,24991,771,25762,236
2021-01-19,Santa Clara,085,1922200,97696,94483,429,94912,1010
2021-01-19,Santa Cruz,087,273765,13638,12410,615,13025,106
2021-01-19,Shasta,089,179085,9982,9614,1001,10615,93
2021-01-19,Sierra,091,2930,47,40,10,50,0
2021-01-19,Siskiyou,093,43540,1264,1149,175,1324,4
2021-01-19,Solano,095,438530,26480,25520,286,25806,106
2021-01-19,Sonoma,097,501317,24908,24133,121,24254,223
2021-01-19,Stanislaus,099,539301,44665,42723,4408,47131,561
2021-01-19,Sutter,101,95872,7921,7709,67,7776,80
2021-01-19,Tehama,103,63373,4068,3876,433,4309,19
2021-01-19,Trinity,105,12862,437,260,63,323,3
2021-01-19,Tulare,107,460477,43615,41559,5879,47438,549
2021-01-19,Tuolumne,109,53932,3350,3328,31,3359,29
2021-01-19,Ventura,111,848112,65498,62656,2280,64936,383
2021-01-19,Yolo,113,214977,11498,10789,103,10892,134
2021-01-19,Yuba,115,75493,4908,4695,61,4756,29
2021-01-18,Alameda,001,1643700,70247,67938,1425,69363,680
2021-01-18,Alpine,003,1148,73,71,0,71,0
2021-01-18,Amador,005,37829,3050,3016,24,3040,28
2021-01-18,Butte,007,227075,10090,9474,1360,10834,129
2021-01-18,Calaveras,009,45235,1632,1617,7,1624,21
2021-01-18,Colusa,011,21464,1663,1608,176,1784,7
2021-01-18,Contra Costa,013,1133247,54716,52323,877,53200,448
2021-01-18,Del Norte,015,27424,876,840,3,843,2
2021-01-18,El Dorado,017,186661,8189,7707,533,8240,47
2021-01-18,Fresno,019,978130,87073,82485,6426,88911,857
2021-01-18,Glenn,021,27897,2024,1935,401,2336,13
2021-01-18,Humboldt,023,135768,2529,2343,13,2356,22
2021-01-18,Imperial,025,180216,25893,25317,2168,27485,452
2021-01-18,Inyo,027,18085,996,872,8,880,26
2021-01-18,Kern,029,883053,83722,79930,7440,87370,740
2021-01-18,Kings,031,150075,20055,19267,761,20028,141
2021-01-18,Lake,033,64148,2730,2591,0,2591,30
2021-01-18,Lassen,035,31185,4824,4749,76,4825,1
2021-01-18,Los Angeles,037,10098052,1056025,1002614,33163,1035777,13828
2021-01-18,Madera,039,155013,14051,13443,656,14099,85
2021-01-18,Marin,041,260295,11885,11607,113,11720,165
2021-01-18,Mariposa,043,17540,337,320,2,322,3
2021-01-18,Mendocino,045,87422,3100,2919,57,2976,31
2021-01-18,Merced,047,269075,24558,23927,631,24558,242
2021-01-18,Modoc,049,8938,295,281,87,368,0
2021-01-18,Mono,051,14174,1101,1101,13,1114,3
2021-01-18,Monterey,053,433212,37066,35549,1195,36744,247
2021-01-18,Napa,055,140530,7935,7601,30,7631,38
2021-01-18,Nevada,057,99092,3404,3199,133,3332,17
2021-01-18,Orange,059,3164182,221390,213866,8834,222700,2405
2021-01-18,Placer,061,380077,18500,17263,861,18124,182
2021-01-18,Plumas,063,18699,591,506,10,516,2
2021-01-18,Riverside,065,2383286,256307,244151,11929,256080,2568
2021-01-18,Sacramento,067,1510023,83125,80546,933,81479,1046
2021-01-18,San Benito,069,59416,5105,4963,53,5016,35
2021-01-18,San Bernardino,071,2135413,264215,252808,7563,260371,1775
2021-01-18,San Diego,073,3302833,229356,214335,10592,224927,2103
2021-01-18,San Francisco,075,870044,30063,29321,618,29939,259
2021-01-18,San Joaquin,077,732212,59335,57405,2280,59685,782
2021-01-18,San Luis Obispo,079,281455,16735,15742,415,16157,158
2021-01-18,San Mateo,081,765935,34473,32515,256,32771,208
2021-01-18,Santa Barbara,083,443738,26622,24638,758,25396,235
2021-01-18,Santa Clara,085,1922200,96908,93688,425,94113,992
2021-01-18,Santa Cruz,087,273765,13505,12298,602,12900,106
2021-01-18,Shasta,089,179085,9943,9600,991,10591,92
2021-01-18,Sierra,091,2930,46,40,10,50,0
2021-01-18,Siskiyou,093,43540,1251,1144,174,1318,4
2021-01-18,Solano,095,438530,26202,25344,282,25626,105
2021-01-18,Sonoma,097,501317,24640,24068,120,24188,223
2021-01-18,Stanislaus,099,539301,44308,42413,4352,46765,562
2021-01-18,Sutter,101,95872,7864,7680,65,7745,78
2021-01-18,Tehama,103,63373,4023,3854,426,4280,19
2021-01-18,Trinity,105,12862,437,260,63,323,3
2021-01-18,Tulare,107,460477,43325,41196,5773,46969,549
2021-01-18,Tuolumne,109,53932,3326,3318,30,3348,28
2021-01-18,Ventura,111,848112,65065,61859,2258,64117,379
2021-01-18,Yolo,113,214977,11376,10620,100,10720,134
2021-01-18,Yuba,115,75493,4881,4671,59,4730,29
2021-01-17,Alameda,001,1643700,69683,67375,1407,68782,676
2021-01-17,Alpine,003,1148,73,71,0,71,0
2021-01-17,Amador,005,37829,3043,3001,24,3025,28
2021-01-17,Butte,007,227075,10015,9411,1336,10747,129
2021-01-17,Calaveras,009,45235,1619,1608,7,1615,21
2021-01-17,Colusa,011,21464,1650,1588,172,1760,7
2021-01-17,Contra Costa,013,1133247,54209,51932,866,52798,447
2021-01-17,Del Norte,015,27424,876,838,3,841,2
2021-01-17,El Dorado,017,186661,8134,7659,522,8181,47
2021-01-17,Fresno,019,978130,86518,82039,6351,88390,857
2021-01-17,Glenn,021,27897,2013,1924,396,2320,9
2021-01-17,Humboldt,023,135768,2493,2322,11,2333,22
2021-01-17,Imperial,025,180216,25824,25253,2127,27380,451
2021-01-17,Inyo,027,18085,990,864,8,872,26
2021-01-17,Kern,029,883053,83173,79489,7354,86843,738
2021-01-17,Kings,031,150075,19919,19201,747,19948,131
2021-01-17,Lake,033,64148,2716,2572,0,2572,30
2021-01-17,Lassen,035,31185,4816,4740,75,4815,1
2021-01-17,Los Angeles,037,10098052,1049368,993028,32770,1025798,13741
2021-01-17,Madera,039,155013,13961,13328,652,13980,85
2021-01-17,Marin,041,260295,11833,11552,111,11663,164
2021-01-17,Mariposa,043,17540,337,319,2,321,3
2021-01-17,Mendocino,045,87422,3072,2912,56,2968,31
2021-01-17,Merced,047,269075,24346,23800,613,24413,242
2021-01-17,Modoc,049,8938,294,279,87,366,0
2021-01-17,Mono,051,14174,1094,1091,12,1103,3
2021-01-17,Monterey,053,433212,36822,35340,1169,36509,244
2021-01-17,Napa,055,140530,7879,7521,30,7551,38
2021-01-17,Nevada,057,99092,3379,3176,131,3307,17
2021-01-17,Orange,059,3164182,219392,212389,8760,221149,2359
2021-01-17,Placer,061,380077,18394,17194,846,18040,181
2021-01-17,Plumas,063,18699,589,505,9,514,2
2021-01-17,Riverside,065,2383286,254196,242206,11813,254019,2534
2021-01-17,Sacramento,067,1510023,82525,80154,921,81075,1045
2021-01-17,San Benito,069,59416,5067,4941,53,4994,35
2021-01-17,San Bernardino,071,2135413,262114,251487,7476,258963,1775
2021-01-17,San Diego,073,3302833,227162,211785,10485,222270,2103
2021-01-17,San Francisco,075,870044,29874,29139,581,29720,255
2021-01-17,San Joaquin,077,732212,58978,57094,2266,59360,780
2021-01-17,San Luis Obispo,079,281455,16613,15658,406,16064,157
2021-01-17,San Mateo,081,765935,34221,32186,233,32419,208
2021-01-17,Santa Barbara,083,443738,26161,24401,746,25147,235
2021-01-17,Santa Clara,085,1922200,96149,92752,422,93174,976
2021-01-17,Santa Cruz,087,273765,13393,12196,599,12795,106
2021-01-17,Shasta,089,179085,9885,9588,983,10571,92
2021-01-17,Sierra,091,2930,46,38,9,47,0
2021-01-17,Siskiyou,093,43540,1244,1136,171,1307,4
2021-01-17,Solano,095,438530,25976,25216,280,25496,105
2021-01-17,Sonoma,097,501317,24466,23871,120,23991,223
2021-01-17,Stanislaus,099,539301,43988,42221,4289,46510,562
2021-01-17,Sutter,101,95872,7801,7604,64,7668,77
2021-01-17,Tehama,103,63373,3992,3837,422,4259,18
2021-01-17,Trinity,105,12862,437,261,63,324,3
2021-01-17,Tulare,107,460477,43037,41016,5657,46673,549
2021-01-17,Tuolumne,109,53932,3309,3287,30,3317,27
2021-01-17,Ventura,111,848112,64214,61257,2211,63468,376
2021-01-17,Yolo,113,214977,11277,10519,98,10617,134
2021-01-17,Yuba,115,75493,4834,4640,56,4696,28
2021-01-16,Alameda,001,1643700,69361,66583,1395,67978,673
2021-01-16,Alpine,003,1148,73,71,0,71,0
2021-01-16,Amador,005,37829,3040,2986,24,3010,28
2021-01-16,Butte,007,227075,9984,9359,1316,10675,129
2021-01-16,Calaveras,009,45235,1606,1596,7,1603,21
2021-01-16,Colusa,011,21464,1639,1578,172,1750,7
2021-01-16,Contra Costa,013,1133247,53930,51363,859,52222,443
2021-01-16,Del Norte,015,27424,871,833,3,836,2
2021-01-16,El Dorado,017,186661,8112,7575,521,8096,47
2021-01-16,Fresno,019,978130,86243,81294,6297,87591,846
2021-01-16,Glenn,021,27897,2009,1894,393,2287,9
2021-01-16,Humboldt,023,135768,2473,2294,9,2303,22
2021-01-16,Imperial,025,180216,25786,25140,2120,27260,451
2021-01-16,Inyo,027,18085,986,845,8,853,25
2021-01-16,Kern,029,883053,82806,78865,7300,86165,733
2021-01-16,Kings,031,150075,19863,19072,744,19816,131
2021-01-16,Lake,033,64148,2704,2504,0,2504,30
2021-01-16,Lassen,035,31185,4804,4719,75,4794,1
2021-01-16,Los Angeles,037,10098052,1045284,982684,32533,1015217,13654
2021-01-16,Madera,039,155013,13895,13193,647,13840,85
2021-01-16,Marin,041,260295,11791,11482,111,11593,164
2021-01-16,Mariposa,043,17540,336,317,2,319,3
2021-01-16,Mendocino,045,87422,3058,2890,53,2943,31
2021-01-16,Merced,047,269075,24259,23478,599,24077,242
2021-01-16,Modoc,049,8938,294,278,87,365,0
2021-01-16,Mono,051,14174,1092,1079,12,1091,3
2021-01-16,Monterey,053,433212,36711,34972,1153,36125,243
2021-01-16,Napa,055,140530,7840,7356,30,7386,39
2021-01-16,Nevada,057,99092,3346,3144,131,3275,17
2021-01-16,Orange,059,3164182,218360,210111,8704,218815,2312
2021-01-16,Placer,061,380077,18330,16995,844,17839,177
2021-01-16,Plumas,063,18699,587,502,9,511,2
2021-01-16,Riverside,065,2383286,252839,239412,11698,251110,2506
2021-01-16,Sacramento,067,1510023,82151,79122,904,80026,1033
2021-01-16,San Benito,069,59416,5034,4875,53,4928,35
2021-01-16,San Bernardino,071,2135413,261290,249401,7409,256810,1755
2021-01-16,San Diego,073,3302833,225864,209895,10388,220283,2065
2021-01-16,San Francisco,075,870044,29745,28853,550,29403,244
2021-01-16,San Joaquin,077,732212,58735,56642,2233,58875,776
2021-01-16,San Luis Obispo,079,281455,16512,15466,404,15870,152
2021-01-16,San Mateo,081,765935,34057,31805,227,32032,208
2021-01-16,Santa Barbara,083,443738,25960,24088,742,24830,229
2021-01-16,Santa Clara,085,1922200,95652,91584,415,91999,954
2021-01-16,Santa Cruz,087,273765,13334,12026,597,12623,106
2021-01-16,Shasta,089,179085,9852,9547,979,10526,92
2021-01-16,Sierra,091,2930,45,38,9,47,0
2021-01-16,Siskiyou,093,43540,1239,1124,171,1295,4
2021-01-16,Solano,095,438530,25867,24732,276,25008,103
2021-01-16,Sonoma,097,501317,24375,23607,119,23726,223
2021-01-16,Stanislaus,099,539301,43800,41809,4239,46048,562
2021-01-16,Sutter,101,95872,7769,7560,64,7624,76
2021-01-16,Tehama,103,63373,3978,3783,422,4205,18
2021-01-16,Trinity,105,12862,437,261,63,324,3
2021-01-16,Tulare,107,460477,42858,40655,5584,46239,542
2021-01-16,Tuolumne,109,53932,3301,3269,30,3299,27
2021-01-16,Ventura,111,848112,63661,60368,2181,62549,369
2021-01-16,Yolo,113,214977,11226,10406,97,10503,134
2021-01-16,Yuba,115,75493,4806,4602,56,4658,27
2021-01-15,Alameda,001,1643700,68936,65416,1384,66800,672
2021-01-15,Alpine,003,1148,73,71,0,71,0
2021-01-15,Amador,005,37829,3033,2953,24,2977,28
2021-01-15,Butte,007,227075,9942,9233,1301,10534,129
2021-01-15,Calaveras,009,45235,1599,1538,7,1545,21
2021-01-15,Colusa,011,21464,1628,1541,167,1708,7
2021-01-15,Contra Costa,013,1133247,53595,50408,852,51260,428
2021-01-15,Del Norte,015,27424,867,828,2,830,2
2021-01-15,El Dorado,017,186661,8062,7439,513,7952,47
2021-01-15,Fresno,019,978130,85706,79950,6262,86212,832
2021-01-15,Glenn,021,27897,2005,1824,390,2214,9
2021-01-15,Humboldt,023,135768,2446,2218,8,2226,22
2021-01-15,Imperial,025,180216,25750,24944,2114,27058,446
2021-01-15,Inyo,027,18085,969,814,8,822,25
2021-01-15,Kern,029,883053,82390,77873,7235,85108,719
2021-01-15,Kings,031,150075,19754,18661,738,19399,131
2021-01-15,Lake,033,64148,2678,2434,0,2434,28
2021-01-15,Lassen,035,31185,4793,4693,73,4766,1
2021-01-15,Los Angeles,037,10098052,1038232,968979,32249,1001228,13404
2021-01-15,Madera,039,155013,13805,12883,643,13526,85
2021-01-15,Marin,041,260295,11739,11310,111,11421,160
2021-01-15,Mariposa,043,17540,334,307,2,309,3
2021-01-15,Mendocino,045,87422,3047,2835,53,2888,31
2021-01-15,Merced,047,269075,24146,23060,595,23655,239
2021-01-15,Modoc,049,8938,294,278,85,363,0
2021-01-15,Mono,051,14174,1089,1057,12,1069,3
2021-01-15,Monterey,053,433212,36494,34460,1096,35556,243
2021-01-15,Napa,055,140530,7778,7231,30,7261,38
2021-01-15,Nevada,057,99092,3333,3099,128,3227,17
2021-01-15,Orange,059,3164182,217007,207129,8652,215781,2254
2021-01-15,Placer,061,380077,18226,16712,835,17547,173
2021-01-15,Plumas,063,18699,584,499,9,508,2
2021-01-15,Riverside,065,2383286,250976,235235,11619,246854,2458
2021-01-15,Sacramento,067,1510023,81728,80279,896,81175,1023
2021-01-15,San Benito,069,59416,4995,4766,51,4817,35
2021-01-15,San Bernardino,071,2135413,260109,246182,7347,253529,1726
2021-01-15,San Diego,073,3302833,224115,206868,10323,217191,2037
2021-01-15,San Francisco,075,870044,29570,28574,530,29104,242
2021-01-15,San Joaquin,077,732212,58507,55885,2219,58104,748
2021-01-15,San Luis Obispo,079,281455,16379,15129,399,15528,148
2021-01-15,San Mateo,081,765935,33812,31291,223,31514,208
2021-01-15,Santa Barbara,083,443738,25677,23487,738,24225,226
2021-01-15,Santa Clara,085,1922200,94991,90103,410,90513,942
2021-01-15,Santa Cruz,087,273765,13225,11776,584,12360,105
2021-01-15,Shasta,089,179085,9813,9459,972,10431,91
2021-01-15,Sierra,091,2930,44,36,7,43,0
2021-01-15,Siskiyou,093,43540,1235,1119,171,1290,4
2021-01-15,Solano,095,438530,25719,24222,274,24496,103
2021-01-15,Sonoma,097,501317,24244,23204,118,23322,222
2021-01-15,Stanislaus,099,539301,43550,41178,4197,45375,562
2021-01-15,Sutter,101,95872,7722,7484,63,7547,75
2021-01-15,Tehama,103,63373,3956,3714,421,4135,17
2021-01-15,Trinity,105,12862,437,262,63,325,3
2021-01-15,Tulare,107,460477,42615,39951,5501,45452,535
2021-01-15,Tuolumne,109,53932,3285,3231,30,3261,27
2021-01-15,Ventura,111,848112,62918,59061,2148,61209,353
2021-01-15,Yolo,113,214977,11168,10240,96,10336,134
2021-01-15,Yuba,115,75493,4786,4549,56,4605,27
2021-01-14,Alameda,001,1643700,68309,64364,1369,65733,686
2021-01-14,Alpine,003,1148,73,71,0,71,0
2021-01-14,Amador,005,37829,3027,2940,24,2964,28
2021-01-14,Butte,007,227075,9854,9127,1279,10406,129
2021-01-14,Calaveras,009,45235,1582,1513,7,1520,21
2021-01-14,Colusa,011,21464,1613,1535,161,1696,7
2021-01-14,Contra Costa,013,1133247,53053,49545,840,50385,415
2021-01-14,Del Norte,015,27424,861,821,2,823,2
2021-01-14,El Dorado,017,186661,7988,7321,506,7827,45
2021-01-14,Fresno,019,978130,85073,79033,6182,85215,814
2021-01-14,Glenn,021,27897,1993,1798,385,2183,9
2021-01-14,Humboldt,023,135768,2403,2169,8,2177,22
2021-01-14,Imperial,025,180216,25644,24882,2084,26966,447
2021-01-14,Inyo,027,18085,962,790,8,798,25
2021-01-14,Kern,029,883053,81719,77070,7134,84204,705
2021-01-14,Kings,031,150075,19624,18405,734,19139,108
2021-01-14,Lake,033,64148,2639,2378,0,2378,27
2021-01-14,Lassen,035,31185,4783,4673,71,4744,1
2021-01-14,Los Angeles,037,10098052,1028205,954652,31881,986533,13147
2021-01-14,Madera,039,155013,13690,12742,634,13376,85
2021-01-14,Marin,041,260295,11664,11155,110,11265,159
2021-01-14,Mariposa,043,17540,331,302,2,304,3
2021-01-14,Mendocino,045,87422,3033,2801,51,2852,31
2021-01-14,Merced,047,269075,23920,22780,585,23365,239
2021-01-14,Modoc,049,8938,294,273,85,358,0
2021-01-14,Mono,051,14174,1081,1020,12,1032,3
2021-01-14,Monterey,053,433212,36073,34105,1074,35179,242
2021-01-14,Napa,055,140530,7691,7117,30,7147,38
2021-01-14,Nevada,057,99092,3306,3075,126,3201,17
2021-01-14,Orange,059,3164182,215092,204442,8568,213010,2162
2021-01-14,Placer,061,380077,18065,16488,828,17316,169
2021-01-14,Plumas,063,18699,576,496,9,505,2
2021-01-14,Riverside,065,2383286,248330,231684,11518,243202,2357
2021-01-14,Sacramento,067,1510023,81089,79137,873,80010,1007
2021-01-14,San Benito,069,59416,4959,4678,50,4728,35
2021-01-14,San Bernardino,071,2135413,258125,243379,7276,250655,1750
2021-01-14,San Diego,073,3302833,221720,204173,10203,214376,2005
2021-01-14,San Francisco,075,870044,29324,28200,484,28684,238
2021-01-14,San Joaquin,077,732212,57989,55058,2206,57264,739
2021-01-14,San Luis Obispo,079,281455,16217,14851,390,15241,146
2021-01-14,San Mateo,081,765935,33443,30694,214,30908,208
2021-01-14,Santa Barbara,083,443738,25256,23126,721,23847,219
2021-01-14,Santa Clara,085,1922200,94080,88505,404,88909,910
2021-01-14,Santa Cruz,087,273765,13078,11583,569,12152,109
2021-01-14,Shasta,089,179085,9764,9334,956,10290,90
2021-01-14,Sierra,091,2930,44,35,6,41,0
2021-01-14,Siskiyou,093,43540,1223,1108,168,1276,3
2021-01-14,Solano,095,438530,25458,23782,270,24052,103
2021-01-14,Sonoma,097,501317,24004,22910,118,23028,202
2021-01-14,Stanislaus,099,539301,43223,40597,4156,44753,574
2021-01-14,Sutter,101,95872,7663,7416,60,7476,74
2021-01-14,Tehama,103,63373,3927,3664,417,4081,17
2021-01-14,Trinity,105,12862,437,261,62,323,3
2021-01-14,Tulare,107,460477,42230,39565,5392,44957,533
2021-01-14,Tuolumne,109,53932,3264,3215,30,3245,28
2021-01-14,Ventura,111,848112,62044,57941,2111,60052,347
2021-01-14,Yolo,113,214977,11064,10097,90,10187,135
2021-01-14,Yuba,115,75493,4754,4496,56,4552,27
2021-01-13,Alameda,001,1643700,67558,63568,1351,64919,690
2021-01-13,Alpine,003,1148,73,71,0,71,0
2021-01-13,Amador,005,37829,3013,2914,24,2938,26
2021-01-13,Butte,007,227075,9772,9013,1264,10277,126
2021-01-13,Calaveras,009,45235,1560,1493,7,1500,21
2021-01-13,Colusa,011,21464,1603,1524,153,1677,7
2021-01-13,Contra Costa,013,1133247,52480,48877,829,49706,403
2021-01-13,Del Norte,015,27424,857,820,2,822,2
2021-01-13,El Dorado,017,186661,7894,7247,498,7745,43
2021-01-13,Fresno,019,978130,84354,78278,6140,84418,804
2021-01-13,Glenn,021,27897,1977,1792,376,2168,9
2021-01-13,Humboldt,023,135768,2370,2114,8,2122,22
2021-01-13,Imperial,025,180216,25520,24717,2052,26769,463
2021-01-13,Inyo,027,18085,950,785,8,793,25
2021-01-13,Kern,029,883053,81062,76049,7044,83093,704
2021-01-13,Kings,031,150075,19457,18121,713,18834,108
2021-01-13,Lake,033,64148,2598,2305,0,2305,27
2021-01-13,Lassen,035,31185,4776,4663,70,4733,1
2021-01-13,Los Angeles,037,10098052,1017411,937985,31483,969468,12873
2021-01-13,Madera,039,155013,13574,12570,629,13199,85
2021-01-13,Marin,041,260295,11611,11039,110,11149,161
2021-01-13,Mariposa,043,17540,329,304,2,306,3
2021-01-13,Mendocino,045,87422,3013,2790,51,2841,31
2021-01-13,Merced,047,269075,23682,22497,571,23068,241
2021-01-13,Modoc,049,8938,293,274,82,356,0
2021-01-13,Mono,051,14174,1077,1017,12,1029,3
2021-01-13,Monterey,053,433212,35648,33748,1050,34798,241
2021-01-13,Napa,055,140530,7577,7028,30,7058,36
2021-01-13,Nevada,057,99092,3282,3037,123,3160,17
2021-01-13,Orange,059,3164182,213014,201158,8499,209657,2172
2021-01-13,Placer,061,380077,17940,16272,814,17086,172
2021-01-13,Plumas,063,18699,574,490,9,499,2
2021-01-13,Riverside,065,2383286,245185,228192,11405,239597,2278
2021-01-13,Sacramento,067,1510023,80428,78268,866,79134,996
2021-01-13,San Benito,069,59416,4903,4583,49,4632,35
2021-01-13,San Bernardino,071,2135413,255736,240191,7201,247392,1759
2021-01-13,San Diego,073,3302833,219106,201578,10100,211678,1952
2021-01-13,San Francisco,075,870044,29085,27863,464,28327,238
2021-01-13,San Joaquin,077,732212,57365,54373,2178,56551,738
2021-01-13,San Luis Obispo,079,281455,16062,14625,379,15004,140
2021-01-13,San Mateo,081,765935,33104,30195,212,30407,207
2021-01-13,Santa Barbara,083,443738,24814,22714,705,23419,216
2021-01-13,Santa Clara,085,1922200,93107,87187,400,87587,911
2021-01-13,Santa Cruz,087,273765,12905,11423,555,11978,110
2021-01-13,Shasta,089,179085,9700,9180,942,10122,93
2021-01-13,Sierra,091,2930,44,33,6,39,0
2021-01-13,Siskiyou,093,43540,1217,1102,164,1266,3
2021-01-13,Solano,095,438530,25180,23503,267,23770,105
2021-01-13,Sonoma,097,501317,23754,22610,117,22727,206
2021-01-13,Stanislaus,099,539301,42831,40167,4103,44270,574
2021-01-13,Sutter,101,95872,7617,7350,59,7409,73
2021-01-13,Tehama,103,63373,3876,3589,412,4001,17
2021-01-13,Trinity,105,12862,437,260,62,322,3
2021-01-13,Tulare,107,460477,41827,39129,5292,44421,522
2021-01-13,Tuolumne,109,53932,3250,3196,30,3226,28
2021-01-13,Ventura,111,848112,61032,56453,2071,58524,338
2021-01-13,Yolo,113,214977,10965,9933,87,10020,135
2021-01-13,Yuba,115,75493,4709,4448,53,4501,27
2021-01-12,Alameda,001,1643700,66734,62642,1333,63975,677
2021-01-12,Alpine,003,1148,73,71,0,71,0
2021-01-12,Amador,005,37829,2996,2897,24,2921,26
2021-01-12,Butte,007,227075,9684,8883,1249,10132,124
2021-01-12,Calaveras,009,45235,1524,1475,7,1482,21
2021-01-12,Colusa,011,21464,1591,1510,149,1659,7
2021-01-12,Contra Costa,013,1133247,51837,48242,815,49057,399
2021-01-12,Del Norte,015,27424,852,816,2,818,2
2021-01-12,El Dorado,017,186661,7810,7156,487,7643,41
2021-01-12,Fresno,019,978130,83483,77651,6072,83723,796
2021-01-12,Glenn,021,27897,1952,1781,372,2153,9
2021-01-12,Humboldt,023,135768,2316,2077,7,2084,22
2021-01-12,Imperial,025,180216,25429,24566,2011,26577,457
2021-01-12,Inyo,027,18085,932,773,8,781,25
2021-01-12,Kern,029,883053,80355,75320,6949,82269,689
2021-01-12,Kings,031,150075,19246,18072,703,18775,108
2021-01-12,Lake,033,64148,2550,2260,0,2260,27
2021-01-12,Lassen,035,31185,4754,4659,68,4727,1
2021-01-12,Los Angeles,037,10098052,1005748,926295,31085,957380,12610
2021-01-12,Madera,039,155013,13426,12485,620,13105,85
2021-01-12,Marin,041,260295,11504,10960,110,11070,157
2021-01-12,Mariposa,043,17540,326,302,2,304,3
2021-01-12,Mendocino,045,87422,2993,2762,47,2809,31
2021-01-12,Merced,047,269075,23431,22172,549,22721,239
2021-01-12,Modoc,049,8938,291,274,82,356,0
2021-01-12,Mono,051,14174,1067,1008,12,1020,3
2021-01-12,Monterey,053,433212,35157,33381,1033,34414,240
2021-01-12,Napa,055,140530,7493,6936,30,6966,36
2021-01-12,Nevada,057,99092,3254,3014,121,3135,17
2021-01-12,Orange,059,3164182,210735,198260,8413,206673,2142
2021-01-12,Placer,061,380077,17770,16087,808,16895,163
2021-01-12,Plumas,063,18699,568,483,9,492,2
2021-01-12,Riverside,065,2383286,242052,225580,11266,236846,2266
2021-01-12,Sacramento,067,1510023,79700,77201,858,78059,985
2021-01-12,San Benito,069,59416,4834,4515,49,4564,35
2021-01-12,San Bernardino,071,2135413,253153,237008,7132,244140,1739
2021-01-12,San Diego,073,3302833,216192,198317,9983,208300,1898
2021-01-12,San Francisco,075,870044,28808,27531,431,27962,238
2021-01-12,San Joaquin,077,732212,56725,53630,2150,55780,725
2021-01-12,San Luis Obispo,079,281455,15817,14367,371,14738,132
2021-01-12,San Mateo,081,765935,32713,29747,200,29947,206
2021-01-12,Santa Barbara,083,443738,24392,22182,685,22867,209
2021-01-12,Santa Clara,085,1922200,91993,86075,392,86467,904
2021-01-12,Santa Cruz,087,273765,12690,11267,540,11807,110
2021-01-12,Shasta,089,179085,9627,9086,929,10015,84
2021-01-12,Sierra,091,2930,43,33,6,39,0
2021-01-12,Siskiyou,093,43540,1207,1091,157,1248,3
2021-01-12,Solano,095,438530,24879,23160,263,23423,102
2021-01-12,Sonoma,097,501317,23449,22403,117,22520,205
2021-01-12,Stanislaus,099,539301,42392,39615,4068,43683,571
2021-01-12,Sutter,101,95872,7554,7276,58,7334,73
2021-01-12,Tehama,103,63373,3838,3567,407,3974,17
2021-01-12,Trinity,105,12862,437,258,62,320,3
2021-01-12,Tulare,107,460477,41367,38797,5176,43973,509
2021-01-12,Tuolumne,109,53932,3217,3178,30,3208,28
2021-01-12,Ventura,111,848112,60058,55342,2039,57381,324
2021-01-12,Yolo,113,214977,10829,9857,84,9941,133
2021-01-12,Yuba,115,75493,4664,4389,53,4442,27
2021-01-11,Alameda,001,1643700,65880,61949,1315,63264,652
2021-01-11,Alpine,003,1148,73,70,0,70,0
2021-01-11,Amador,005,37829,2982,2867,24,2891,24
2021-01-11,Butte,007,227075,9571,8757,1231,9988,119
2021-01-11,Calaveras,009,45235,1505,1460,7,1467,21
2021-01-11,Colusa,011,21464,1572,1494,144,1638,7
2021-01-11,Contra Costa,013,1133247,51156,47728,804,48532,398
2021-01-11,Del Norte,015,27424,848,810,2,812,2
2021-01-11,El Dorado,017,186661,7716,6987,480,7467,36
2021-01-11,Fresno,019,978130,82603,76581,5996,82577,775
2021-01-11,Glenn,021,27897,1925,1763,366,2129,9
2021-01-11,Humboldt,023,135768,2277,2069,7,2076,22
2021-01-11,Imperial,025,180216,25318,24418,1974,26392,453
2021-01-11,Inyo,027,18085,913,763,8,771,25
2021-01-11,Kern,029,883053,79494,74489,6850,81339,682
2021-01-11,Kings,031,150075,18983,17909,695,18604,108
2021-01-11,Lake,033,64148,2499,2205,0,2205,26
2021-01-11,Lassen,035,31185,4731,4647,68,4715,1
2021-01-11,Los Angeles,037,10098052,992520,914434,30625,945059,12304
2021-01-11,Madera,039,155013,13289,12366,609,12975,85
2021-01-11,Marin,041,260295,11405,10814,109,10923,156
2021-01-11,Mariposa,043,17540,319,296,2,298,3
2021-01-11,Mendocino,045,87422,2965,2728,47,2775,31
2021-01-11,Merced,047,269075,23108,21884,535,22419,238
2021-01-11,Modoc,049,8938,290,271,81,352,0
2021-01-11,Mono,051,14174,1061,1006,12,1018,3
2021-01-11,Monterey,053,433212,34618,32858,971,33829,239
2021-01-11,Napa,055,140530,7391,6822,30,6852,36
2021-01-11,Nevada,057,99092,3226,2980,121,3101,17
2021-01-11,Orange,059,3164182,208149,196340,8314,204654,2113
2021-01-11,Placer,061,380077,17591,15919,799,16718,163
2021-01-11,Plumas,063,18699,564,477,9,486,2
2021-01-11,Riverside,065,2383286,238546,222907,11122,234029,2222
2021-01-11,Sacramento,067,1510023,78767,76009,842,76851,974
2021-01-11,San Benito,069,59416,4762,4482,42,4524,34
2021-01-11,San Bernardino,071,2135413,250354,235543,7035,242578,1739
2021-01-11,San Diego,073,3302833,212923,194793,9823,204616,1857
2021-01-11,San Francisco,075,870044,28529,27264,411,27675,238
2021-01-11,San Joaquin,077,732212,56117,53002,2121,55123,725
2021-01-11,San Luis Obispo,079,281455,15446,14213,364,14577,126
2021-01-11,San Mateo,081,765935,32269,29355,188,29543,206
2021-01-11,Santa Barbara,083,443738,23941,21740,673,22413,200
2021-01-11,Santa Clara,085,1922200,90749,84851,384,85235,877
2021-01-11,Santa Cruz,087,273765,12510,11093,517,11610,106
2021-01-11,Shasta,089,179085,9529,8977,916,9893,81
2021-01-11,Sierra,091,2930,41,33,6,39,0
2021-01-11,Siskiyou,093,43540,1198,1087,155,1242,3
2021-01-11,Solano,095,438530,24558,22893,257,23150,101
2021-01-11,Sonoma,097,501317,23202,22191,117,22308,205
2021-01-11,Stanislaus,099,539301,41901,39149,4019,43168,571
2021-01-11,Sutter,101,95872,7495,7204,57,7261,71
2021-01-11,Tehama,103,63373,3776,3524,386,3910,17
2021-01-11,Trinity,105,12862,437,256,62,318,2
2021-01-11,Tulare,107,460477,40952,38380,5096,43476,497
2021-01-11,Tuolumne,109,53932,3206,3165,30,3195,27
2021-01-11,Ventura,111,848112,58921,54202,2015,56217,320
2021-01-11,Yolo,113,214977,10622,9699,83,9782,129
2021-01-11,Yuba,115,75493,4626,4349,46,4395,27
2021-01-10,Alameda,001,1643700,64898,61111,1287,62398,650
2021-01-10,Alpine,003,1148,73,70,0,70,0
2021-01-10,Amador,005,37829,2958,2861,24,2885,24
2021-01-10,Butte,007,227075,9450,8665,1205,9870,119
2021-01-10,Calaveras,009,45235,1482,1449,7,1456,21
2021-01-10,Colusa,011,21464,1550,1478,142,1620,7
2021-01-10,Contra Costa,013,1133247,50360,47109,785,47894,398
2021-01-10,Del Norte,015,27424,846,809,2,811,2
2021-01-10,El Dorado,017,186661,7628,6904,463,7367,36
2021-01-10,Fresno,019,978130,81793,75621,5874,81495,775
2021-01-10,Glenn,021,27897,1906,1746,358,2104,9
2021-01-10,Humboldt,023,135768,2216,2049,7,2056,22
2021-01-10,Imperial,025,180216,25160,24233,1924,26157,453
2021-01-10,Inyo,027,18085,886,748,8,756,25
2021-01-10,Kern,029,883053,78663,73712,6720,80432,679
2021-01-10,Kings,031,150075,18764,17812,688,18500,108
2021-01-10,Lake,033,64148,2444,2174,0,2174,26
2021-01-10,Lassen,035,31185,4709,4642,68,4710,1
2021-01-10,Los Angeles,037,10098052,977906,901783,30009,931792,12170
2021-01-10,Madera,039,155013,13098,12179,592,12771,85
2021-01-10,Marin,041,260295,11282,10737,108,10845,155
2021-01-10,Mariposa,043,17540,319,291,2,293,3
2021-01-10,Mendocino,045,87422,2934,2706,43,2749,31
2021-01-10,Merced,047,269075,22837,21691,524,22215,238
2021-01-10,Modoc,049,8938,290,271,79,350,0
2021-01-10,Mono,051,14174,1043,965,12,977,3
2021-01-10,Monterey,053,433212,34178,32571,939,33510,237
2021-01-10,Napa,055,140530,7288,6687,28,6715,36
2021-01-10,Nevada,057,99092,3207,2959,117,3076,17
2021-01-10,Orange,059,3164182,205369,193766,8192,201958,2104
2021-01-10,Placer,061,380077,17402,15779,779,16558,163
2021-01-10,Plumas,063,18699,554,477,9,486,2
2021-01-10,Riverside,065,2383286,235184,219486,10933,230419,2216
2021-01-10,Sacramento,067,1510023,77806,75394,815,76209,965
2021-01-10,San Benito,069,59416,4660,4434,41,4475,34
2021-01-10,San Bernardino,071,2135413,246939,232171,6932,239103,1736
2021-01-10,San Diego,073,3302833,209255,191886,9656,201542,1857
2021-01-10,San Francisco,075,870044,28148,27054,380,27434,238
2021-01-10,San Joaquin,077,732212,55307,52535,2088,54623,725
2021-01-10,San Luis Obispo,079,281455,15117,13968,352,14320,122
2021-01-10,San Mateo,081,765935,31779,28972,174,29146,206
2021-01-10,Santa Barbara,083,443738,23382,21290,658,21948,200
2021-01-10,Santa Clara,085,1922200,89567,83779,375,84154,858
2021-01-10,Santa Cruz,087,273765,12297,10951,499,11450,106
2021-01-10,Shasta,089,179085,9417,8936,901,9837,81
2021-01-10,Sierra,091,2930,40,32,6,38,0
2021-01-10,Siskiyou,093,43540,1192,1075,152,1227,3
2021-01-10,Solano,095,438530,24157,22621,254,22875,101
2021-01-10,Sonoma,097,501317,22926,21925,116,22041,204
2021-01-10,Stanislaus,099,539301,41327,38809,3942,42751,571
2021-01-10,Sutter,101,95872,7434,7133,54,7187,71
2021-01-10,Tehama,103,63373,3703,3504,374,3878,17
2021-01-10,Trinity,105,12862,437,253,60,313,2
2021-01-10,Tulare,107,460477,40536,38012,4978,42990,497
2021-01-10,Tuolumne,109,53932,3172,3143,29,3172,27
2021-01-10,Ventura,111,848112,57652,53095,1972,55067,319
2021-01-10,Yolo,113,214977,10469,9610,83,9693,129
2021-01-10,Yuba,115,75493,4573,4300,43,4343,27
2021-01-09,Alameda,001,1643700,64354,60125,1271,61396,649
2021-01-09,Alpine,003,1148,73,70,0,70,0
2021-01-09,Amador,005,37829,2951,2809,24,2833,24
2021-01-09,Butte,007,227075,9371,8552,1181,9733,118
2021-01-09,Calaveras,009,45235,1472,1425,7,1432,21
2021-01-09,Colusa,011,21464,1543,1468,141,1609,7
2021-01-09,Contra Costa,013,1133247,50005,46406,770,47176,393
2021-01-09,Del Norte,015,27424,844,802,2,804,2
2021-01-09,El Dorado,017,186661,7595,6800,460,7260,36
2021-01-09,Fresno,019,978130,81382,74816,5834,80650,773
2021-01-09,Glenn,021,27897,1891,1707,355,2062,9
2021-01-09,Humboldt,023,135768,2198,2026,7,2033,22
2021-01-09,Imperial,025,180216,25091,24028,1911,25939,448
2021-01-09,Inyo,027,18085,877,734,8,742,25
2021-01-09,Kern,029,883053,78194,73015,6643,79658,677
2021-01-09,Kings,031,150075,18669,17679,684,18363,108
2021-01-09,Lake,033,64148,2408,2144,0,2144,26
2021-01-09,Lassen,035,31185,4697,4613,68,4681,1
2021-01-09,Los Angeles,037,10098052,972328,887949,29579,917528,12011
2021-01-09,Madera,039,155013,13003,12063,586,12649,85
2021-01-09,Marin,041,260295,11221,10634,107,10741,154
2021-01-09,Mariposa,043,17540,316,287,2,289,3
2021-01-09,Mendocino,045,87422,2916,2664,43,2707,31
2021-01-09,Merced,047,269075,22695,21357,515,21872,237
2021-01-09,Modoc,049,8938,290,271,78,349,0
2021-01-09,Mono,051,14174,1038,964,12,976,3
2021-01-09,Monterey,053,433212,34027,31948,929,32877,235
2021-01-09,Napa,055,140530,7218,6594,25,6619,36
2021-01-09,Nevada,057,99092,3185,2932,114,3046,17
2021-01-09,Orange,059,3164182,203852,191004,8100,199104,2034
2021-01-09,Placer,061,380077,17295,15609,777,16386,162
2021-01-09,Plumas,063,18699,552,477,9,486,2
2021-01-09,Riverside,065,2383286,233430,216076,10797,226873,2201
2021-01-09,Sacramento,067,1510023,77274,74482,810,75292,953
2021-01-09,San Benito,069,59416,4608,4335,41,4376,34
2021-01-09,San Bernardino,071,2135413,245720,228857,6865,235722,1714
2021-01-09,San Diego,073,3302833,207561,188598,9536,198134,1824
2021-01-09,San Francisco,075,870044,27978,26708,339,27047,235
2021-01-09,San Joaquin,077,732212,54979,51927,2069,53996,724
2021-01-09,San Luis Obispo,079,281455,14993,13647,341,13988,121
2021-01-09,San Mateo,081,765935,31480,28512,167,28679,205
2021-01-09,Santa Barbara,083,443738,23170,20971,653,21624,197
2021-01-09,Santa Clara,085,1922200,88727,82269,363,82632,808
2021-01-09,Santa Cruz,087,273765,12201,10717,493,11210,107
2021-01-09,Shasta,089,179085,9384,8893,897,9790,81
2021-01-09,Sierra,091,2930,38,32,6,38,0
2021-01-09,Siskiyou,093,43540,1188,1062,147,1209,3
2021-01-09,Solano,095,438530,23999,22226,252,22478,101
2021-01-09,Sonoma,097,501317,22804,21393,116,21509,202
2021-01-09,Stanislaus,099,539301,41036,38403,3908,42311,567
2021-01-09,Sutter,101,95872,7398,7072,53,7125,69
2021-01-09,Tehama,103,63373,3671,3451,363,3814,15
2021-01-09,Trinity,105,12862,437,252,60,312,2
2021-01-09,Tulare,107,460477,40286,37684,4914,42598,496
2021-01-09,Tuolumne,109,53932,3164,3117,28,3145,26
2021-01-09,Ventura,111,848112,56824,51988,1946,53934,306
2021-01-09,Yolo,113,214977,10398,9524,82,9606,129
2021-01-09,Yuba,115,75493,4542,4265,43,4308,27
2021-01-08,Alameda,001,1643700,63792,59172,1262,60434,646
2021-01-08,Alpine,003,1148,73,70,0,70,0
2021-01-08,Amador,005,37829,2944,2792,24,2816,24
2021-01-08,Butte,007,227075,9311,8430,1167,9597,115
2021-01-08,Calaveras,009,45235,1458,1385,7,1392,21
2021-01-08,Colusa,011,21464,1531,1448,140,1588,7
2021-01-08,Contra Costa,013,1133247,49469,45667,766,46433,381
2021-01-08,Del Norte,015,27424,842,795,2,797,2
2021-01-08,El Dorado,017,186661,7525,6690,448,7138,36
2021-01-08,Fresno,019,978130,80569,73689,5776,79465,771
2021-01-08,Glenn,021,27897,1876,1680,350,2030,9
2021-01-08,Humboldt,023,135768,2174,1988,7,1995,22
2021-01-08,Imperial,025,180216,25026,23751,1896,25647,446
2021-01-08,Inyo,027,18085,862,682,8,690,24
2021-01-08,Kern,029,883053,77630,71978,6570,78548,674
2021-01-08,Kings,031,150075,18541,17441,679,18120,108
2021-01-08,Lake,033,64148,2380,2098,0,2098,26
2021-01-08,Lassen,035,31185,4689,4598,66,4664,1
2021-01-08,Los Angeles,037,10098052,961513,871188,29159,900347,11796
2021-01-08,Madera,039,155013,12853,11846,577,12423,85
2021-01-08,Marin,041,260295,11129,10531,107,10638,153
2021-01-08,Mariposa,043,17540,315,273,2,275,3
2021-01-08,Mendocino,045,87422,2897,2634,40,2674,31
2021-01-08,Merced,047,269075,22500,20862,510,21372,236
2021-01-08,Modoc,049,8938,290,266,78,344,0
2021-01-08,Mono,051,14174,1028,951,12,963,3
2021-01-08,Monterey,053,433212,33775,31543,919,32462,224
2021-01-08,Napa,055,140530,7148,6544,25,6569,32
2021-01-08,Nevada,057,99092,3163,2888,114,3002,17
2021-01-08,Orange,059,3164182,201854,186608,8014,194622,1991
2021-01-08,Placer,061,380077,17162,15401,770,16171,161
2021-01-08,Plumas,063,18699,546,465,9,474,2
2021-01-08,Riverside,065,2383286,231026,212122,10674,222796,2184
2021-01-08,Sacramento,067,1510023,76701,73245,804,74049,939
2021-01-08,San Benito,069,59416,4571,4225,40,4265,33
2021-01-08,San Bernardino,071,2135413,243842,224267,6794,231061,1703
2021-01-08,San Diego,073,3302833,205023,185060,9442,194502,1771
2021-01-08,San Francisco,075,870044,27727,26378,317,26695,207
2021-01-08,San Joaquin,077,732212,54654,50990,2041,53031,710
2021-01-08,San Luis Obispo,079,281455,14860,13286,329,13615,119
2021-01-08,San Mateo,081,765935,31131,28072,165,28237,204
2021-01-08,Santa Barbara,083,443738,22884,20461,648,21109,189
2021-01-08,Santa Clara,085,1922200,87783,80561,360,80921,789
2021-01-08,Santa Cruz,087,273765,12060,10486,485,10971,106
2021-01-08,Shasta,089,179085,9334,8772,882,9654,81
2021-01-08,Sierra,091,2930,38,31,6,37,0
2021-01-08,Siskiyou,093,43540,1185,1027,146,1173,3
2021-01-08,Solano,095,438530,23827,21832,249,22081,100
2021-01-08,Sonoma,097,501317,22662,21178,116,21294,201
2021-01-08,Stanislaus,099,539301,40737,37858,3874,41732,566
2021-01-08,Sutter,101,95872,7348,6982,53,7035,68
2021-01-08,Tehama,103,63373,3647,3406,360,3766,15
2021-01-08,Trinity,105,12862,437,247,60,307,2
2021-01-08,Tulare,107,460477,40018,36946,4819,41765,491
2021-01-08,Tuolumne,109,53932,3156,3099,28,3127,19
2021-01-08,Ventura,111,848112,55958,50553,1922,52475,294
2021-01-08,Yolo,113,214977,10309,9391,82,9473,129
2021-01-08,Yuba,115,75493,4500,4195,42,4237,26
2021-01-07,Alameda,001,1643700,62935,57921,1235,59156,632
2021-01-07,Alpine,003,1148,71,70,0,70,0
2021-01-07,Amador,005,37829,2931,2740,23,2763,24
2021-01-07,Butte,007,227075,9214,8278,1146,9424,112
2021-01-07,Calaveras,009,45235,1441,1342,6,1348,21
2021-01-07,Colusa,011,21464,1519,1420,133,1553,7
2021-01-07,Contra Costa,013,1133247,48692,44756,752,45508,376
2021-01-07,Del Norte,015,27424,840,791,2,793,2
2021-01-07,El Dorado,017,186661,7424,6545,438,6983,36
2021-01-07,Fresno,019,978130,79613,72557,5676,78233,765
2021-01-07,Glenn,021,27897,1858,1639,340,1979,9
2021-01-07,Humboldt,023,135768,2147,1954,7,1961,22
2021-01-07,Imperial,025,180216,24846,23608,1845,25453,431
2021-01-07,Inyo,027,18085,850,656,8,664,20
2021-01-07,Kern,029,883053,76768,70953,6422,77375,660
2021-01-07,Kings,031,150075,18415,17238,670,17908,108
2021-01-07,Lake,033,64148,2327,2054,0,2054,26
2021-01-07,Lassen,035,31185,4684,4581,64,4645,1
2021-01-07,Los Angeles,037,10098052,946593,853187,28628,881815,11480
2021-01-07,Madera,039,155013,12698,11644,567,12211,76
2021-01-07,Marin,041,260295,11040,10364,105,10469,153
2021-01-07,Mariposa,043,17540,313,264,2,266,3
2021-01-07,Mendocino,045,87422,2843,2585,35,2620,30
2021-01-07,Merced,047,269075,22178,20510,494,21004,234
2021-01-07,Modoc,049,8938,290,265,78,343,0
2021-01-07,Mono,051,14174,1017,905,12,917,3
2021-01-07,Monterey,053,433212,33271,30903,896,31799,222
2021-01-07,Napa,055,140530,7039,6408,25,6433,32
2021-01-07,Nevada,057,99092,3129,2847,109,2956,17
2021-01-07,Orange,059,3164182,199019,181922,7915,189837,1974
2021-01-07,Placer,061,380077,16985,15155,742,15897,144
2021-01-07,Plumas,063,18699,544,454,9,463,2
2021-01-07,Riverside,065,2383286,227568,208177,10524,218701,2156
2021-01-07,Sacramento,067,1510023,75796,72342,783,73125,919
2021-01-07,San Benito,069,59416,4510,4112,38,4150,33
2021-01-07,San Bernardino,071,2135413,240405,219691,6710,226401,1666
2021-01-07,San Diego,073,3302833,201717,180510,9264,189774,1738
2021-01-07,San Francisco,075,870044,27401,25885,304,26189,202
2021-01-07,San Joaquin,077,732212,53984,50156,2012,52168,689
2021-01-07,San Luis Obispo,079,281455,14622,12810,316,13126,118
2021-01-07,San Mateo,081,765935,30621,27494,162,27656,201
2021-01-07,Santa Barbara,083,443738,22457,19931,637,20568,187
2021-01-07,Santa Clara,085,1922200,86663,78808,356,79164,775
2021-01-07,Santa Cruz,087,273765,11851,10228,477,10705,104
2021-01-07,Shasta,089,179085,9246,8612,874,9486,81
2021-01-07,Sierra,091,2930,38,31,6,37,0
2021-01-07,Siskiyou,093,43540,1180,1010,145,1155,3
2021-01-07,Solano,095,438530,23437,21384,245,21629,100
2021-01-07,Sonoma,097,501317,22401,20857,115,20972,200
2021-01-07,Stanislaus,099,539301,40320,37296,3822,41118,553
2021-01-07,Sutter,101,95872,7289,6890,52,6942,65
2021-01-07,Tehama,103,63373,3623,3330,352,3682,15
2021-01-07,Trinity,105,12862,437,247,60,307,2
2021-01-07,Tulare,107,460477,39631,36397,4689,41086,482
2021-01-07,Tuolumne,109,53932,3136,3068,27,3095,14
2021-01-07,Ventura,111,848112,54797,49083,1894,50977,288
2021-01-07,Yolo,113,214977,10167,9207,80,9287,128
2021-01-07,Yuba,115,75493,4460,4128,42,4170,25
2021-01-06,Alameda,001,1643700,62082,57081,1208,58289,616
2021-01-06,Alpine,003,1148,71,70,0,70,0
2021-01-06,Amador,005,37829,2910,2717,22,2739,24
2021-01-06,Butte,007,227075,9099,8147,1127,9274,110
2021-01-06,Calaveras,009,45235,1418,1321,6,1327,21
2021-01-06,Colusa,011,21464,1499,1385,128,1513,7
2021-01-06,Contra Costa,013,1133247,47896,44054,736,44790,358
2021-01-06,Del Norte,015,27424,834,780,2,782,2
2021-01-06,El Dorado,017,186661,7312,6397,424,6821,35
2021-01-06,Fresno,019,978130,78768,71404,5574,76978,752
2021-01-06,Glenn,021,27897,1832,1622,336,1958,9
2021-01-06,Humboldt,023,135768,2121,1912,7,1919,22
2021-01-06,Imperial,025,180216,24599,23400,1802,25202,431
2021-01-06,Inyo,027,18085,834,630,8,638,20
2021-01-06,Kern,029,883053,75825,69893,6296,76189,646
2021-01-06,Kings,031,150075,18217,17019,651,17670,108
2021-01-06,Lake,033,64148,2293,2033,0,2033,26
2021-01-06,Lassen,035,31185,4672,4560,60,4620,1
2021-01-06,Los Angeles,037,10098052,930631,835052,27944,862996,11285
2021-01-06,Madera,039,155013,12564,11407,560,11967,67
2021-01-06,Marin,041,260295,10917,10282,104,10386,153
2021-01-06,Mariposa,043,17540,310,259,2,261,3
2021-01-06,Mendocino,045,87422,2813,2561,35,2596,30
2021-01-06,Merced,047,269075,21843,20258,479,20737,232
2021-01-06,Modoc,049,8938,290,263,78,341,0
2021-01-06,Mono,051,14174,986,905,12,917,3
2021-01-06,Monterey,053,433212,32670,30387,865,31252,222
2021-01-06,Napa,055,140530,6909,6342,25,6367,32
2021-01-06,Nevada,057,99092,3109,2805,108,2913,15
2021-01-06,Orange,059,3164182,195586,177686,7774,185460,1935
2021-01-06,Placer,061,380077,16796,14940,724,15664,134
2021-01-06,Plumas,063,18699,536,445,9,454,2
2021-01-06,Riverside,065,2383286,223553,203714,10338,214052,2121
2021-01-06,Sacramento,067,1510023,74772,71572,766,72338,909
2021-01-06,San Benito,069,59416,4434,4031,37,4068,32
2021-01-06,San Bernardino,071,2135413,236715,215286,6607,221893,1634
2021-01-06,San Diego,073,3302833,198217,176660,9093,185753,1691
2021-01-06,San Francisco,075,870044,27036,25424,296,25720,199
2021-01-06,San Joaquin,077,732212,53251,49286,1970,51256,673
2021-01-06,San Luis Obispo,079,281455,14229,12305,309,12614,115
2021-01-06,San Mateo,081,765935,30196,27050,159,27209,200
2021-01-06,Santa Barbara,083,443738,21968,19453,628,20081,177
2021-01-06,Santa Clara,085,1922200,85342,77485,349,77834,746
2021-01-06,Santa Cruz,087,273765,11632,9954,459,10413,97
2021-01-06,Shasta,089,179085,9176,8482,867,9349,78
2021-01-06,Sierra,091,2930,37,31,6,37,0
2021-01-06,Siskiyou,093,43540,1168,998,141,1139,3
2021-01-06,Solano,095,438530,23059,21102,242,21344,99
2021-01-06,Sonoma,097,501317,22094,20558,115,20673,196
2021-01-06,Stanislaus,099,539301,39753,36751,3762,40513,553
2021-01-06,Sutter,101,95872,7208,6839,51,6890,59
2021-01-06,Tehama,103,63373,3594,3306,346,3652,15
2021-01-06,Trinity,105,12862,437,246,60,306,2
2021-01-06,Tulare,107,460477,39138,35882,4594,40476,465
2021-01-06,Tuolumne,109,53932,3115,3008,27,3035,14
2021-01-06,Ventura,111,848112,53553,47428,1870,49298,280
2021-01-06,Yolo,113,214977,10003,9083,77,9160,127
2021-01-06,Yuba,115,75493,4410,4097,42,4139,25
2021-01-05,Alameda,001,1643700,60966,56432,1178,57610,602
2021-01-05,Alpine,003,1148,71,70,0,70,0
2021-01-05,Amador,005,37829,2870,2695,22,2717,24
2021-01-05,Butte,007,227075,8958,8008,1100,9108,107
2021-01-05,Calaveras,009,45235,1371,1292,6,1298,21
2021-01-05,Colusa,011,21464,1476,1376,122,1498,7
2021-01-05,Contra Costa,013,1133247,47036,43442,724,44166,353
2021-01-05,Del Norte,015,27424,828,770,2,772,2
2021-01-05,El Dorado,017,186661,7194,6270,403,6673,32
2021-01-05,Fresno,019,978130,77548,70971,5483,76454,741
2021-01-05,Glenn,021,27897,1809,1608,320,1928,9
2021-01-05,Humboldt,023,135768,2085,1884,7,1891,22
2021-01-05,Imperial,025,180216,24428,23165,1760,24925,421
2021-01-05,Inyo,027,18085,820,627,8,635,20
2021-01-05,Kern,029,883053,74747,68257,6161,74418,624
2021-01-05,Kings,031,150075,18019,16860,629,17489,108
2021-01-05,Lake,033,64148,2247,2015,0,2015,25
2021-01-05,Lassen,035,31185,4657,4554,56,4610,1
2021-01-05,Los Angeles,037,10098052,911892,823783,27283,851066,11028
2021-01-05,Madera,039,155013,12394,11359,548,11907,67
2021-01-05,Marin,041,260295,10769,10214,103,10317,151
2021-01-05,Mariposa,043,17540,304,257,2,259,3
2021-01-05,Mendocino,045,87422,2777,2501,35,2536,30
2021-01-05,Merced,047,269075,21491,20051,467,20518,230
2021-01-05,Modoc,049,8938,290,254,78,332,0
2021-01-05,Mono,051,14174,980,896,12,908,3
2021-01-05,Monterey,053,433212,32123,30045,832,30877,213
2021-01-05,Napa,055,140530,6822,6264,25,6289,29
2021-01-05,Nevada,057,99092,3081,2781,106,2887,15
2021-01-05,Orange,059,3164182,191955,174869,7584,182453,1918
2021-01-05,Placer,061,380077,16574,14723,701,15424,133
2021-01-05,Plumas,063,18699,529,428,9,437,2
2021-01-05,Riverside,065,2383286,219429,200439,10169,210608,2069
2021-01-05,Sacramento,067,1510023,73844,70677,740,71417,888
2021-01-05,San Benito,069,59416,4332,3961,35,3996,28
2021-01-05,San Bernardino,071,2135413,232747,212522,6491,219013,1615
2021-01-05,San Diego,073,3302833,194077,172845,8879,181724,1654
2021-01-05,San Francisco,075,870044,26665,24989,280,25269,196
2021-01-05,San Joaquin,077,732212,52392,48969,1926,50895,663
2021-01-05,San Luis Obispo,079,281455,13832,12027,299,12326,106
2021-01-05,San Mateo,081,765935,29715,26486,157,26643,198
2021-01-05,Santa Barbara,083,443738,21521,19063,620,19683,172
2021-01-05,Santa Clara,085,1922200,83794,76355,337,76692,729
2021-01-05,Santa Cruz,087,273765,11359,9753,435,10188,93
2021-01-05,Shasta,089,179085,9069,8345,849,9194,73
2021-01-05,Sierra,091,2930,37,31,6,37,0
2021-01-05,Siskiyou,093,43540,1156,985,139,1124,3
2021-01-05,Solano,095,438530,22650,20860,237,21097,97
2021-01-05,Sonoma,097,501317,21735,20247,114,20361,194
2021-01-05,Stanislaus,099,539301,39209,36363,3711,40074,553
2021-01-05,Sutter,101,95872,7111,6769,50,6819,59
2021-01-05,Tehama,103,63373,3540,3255,342,3597,9
2021-01-05,Trinity,105,12862,437,246,60,306,2
2021-01-05,Tulare,107,460477,38563,35585,4453,40038,455
2021-01-05,Tuolumne,109,53932,3091,2996,22,3018,13
2021-01-05,Ventura,111,848112,52309,46456,1848,48304,264
2021-01-05,Yolo,113,214977,9824,8980,75,9055,127
2021-01-05,Yuba,115,75493,4351,4053,41,4094,21
2021-01-04,Alameda,001,1643700,59750,55899,1144,57043,583
2021-01-04,Alpine,003,1148,71,68,0,68,0
2021-01-04,Amador,005,37829,2830,2596,22,2618,24
2021-01-04,Butte,007,227075,8799,7893,1079,8972,105
2021-01-04,Calaveras,009,45235,1330,1276,5,1281,21
2021-01-04,Colusa,011,21464,1451,1368,108,1476,7
2021-01-04,Contra Costa,013,1133247,46177,43019,700,43719,353
2021-01-04,Del Norte,015,27424,817,770,2,772,2
2021-01-04,El Dorado,017,186661,7060,6152,388,6540,27
2021-01-04,Fresno,019,978130,76281,69871,5385,75256,726
2021-01-04,Glenn,021,27897,1776,1590,315,1905,9
2021-01-04,Humboldt,023,135768,2048,1845,7,1852,22
2021-01-04,Imperial,025,180216,24280,23035,1709,24744,420
2021-01-04,Inyo,027,18085,794,623,8,631,20
2021-01-04,Kern,029,883053,73664,67418,5967,73385,623
2021-01-04,Kings,031,150075,17743,16801,605,17406,108
2021-01-04,Lake,033,64148,2211,1984,0,1984,25
2021-01-04,Lassen,035,31185,4635,4550,55,4605,1
2021-01-04,Los Angeles,037,10098052,891756,813022,26436,839458,10790
2021-01-04,Madera,039,155013,12178,11204,527,11731,67
2021-01-04,Marin,041,260295,10629,10115,101,10216,151
2021-01-04,Mariposa,043,17540,298,253,2,255,3
2021-01-04,Mendocino,045,87422,2737,2460,31,2491,28
2021-01-04,Merced,047,269075,21077,19804,448,20252,230
2021-01-04,Modoc,049,8938,274,250,76,326,0
2021-01-04,Mono,051,14174,969,895,12,907,3
2021-01-04,Monterey,053,433212,31508,29659,811,30470,212
2021-01-04,Napa,055,140530,6681,6187,25,6212,29
2021-01-04,Nevada,057,99092,3043,2765,103,2868,15
2021-01-04,Orange,059,3164182,188072,172458,7462,179920,1918
2021-01-04,Placer,061,380077,16315,14622,688,15310,133
2021-01-04,Plumas,063,18699,519,419,9,428,1
2021-01-04,Riverside,065,2383286,214880,196809,9983,206792,2066
2021-01-04,Sacramento,067,1510023,72791,70164,731,70895,870
2021-01-04,San Benito,069,59416,4219,3914,35,3949,28
2021-01-04,San Bernardino,071,2135413,228483,210868,6343,217211,1615
2021-01-04,San Diego,073,3302833,189503,171031,8683,179714,1598
2021-01-04,San Francisco,075,870044,26279,24753,274,25027,191
2021-01-04,San Joaquin,077,732212,51502,48644,1885,50529,661
2021-01-04,San Luis Obispo,079,281455,13346,11945,292,12237,96
2021-01-04,San Mateo,081,765935,29151,26150,152,26302,198
2021-01-04,Santa Barbara,083,443738,20998,18735,591,19326,165
2021-01-04,Santa Clara,085,1922200,82038,75297,330,75627,727
2021-01-04,Santa Cruz,087,273765,11071,9680,418,10098,85
2021-01-04,Shasta,089,179085,8964,8224,832,9056,72
2021-01-04,Sierra,091,2930,36,30,6,36,0
2021-01-04,Siskiyou,093,43540,1139,980,136,1116,3
2021-01-04,Solano,095,438530,22148,20588,229,20817,97
2021-01-04,Sonoma,097,501317,21397,20210,113,20323,194
2021-01-04,Stanislaus,099,539301,38646,36141,3656,39797,553
2021-01-04,Sutter,101,95872,7015,6712,49,6761,56
2021-01-04,Tehama,103,63373,3471,3190,337,3527,9
2021-01-04,Trinity,105,12862,434,245,60,305,2
2021-01-04,Tulare,107,460477,38023,35060,4353,39413,455
2021-01-04,Tuolumne,109,53932,3066,2987,22,3009,13
2021-01-04,Ventura,111,848112,50806,45014,1828,46842,255
2021-01-04,Yolo,113,214977,9629,8834,75,8909,121
2021-01-04,Yuba,115,75493,4296,4023,41,4064,21
2021-01-03,Alameda,001,1643700,58501,55082,1117,56199,580
2021-01-03,Alpine,003,1148,69,68,0,68,0
2021-01-03,Amador,005,37829,2773,2565,22,2587,24
2021-01-03,Butte,007,227075,8605,7837,1033,8870,105
2021-01-03,Calaveras,009,45235,1293,1249,3,1252,21
2021-01-03,Colusa,011,21464,1423,1337,102,1439,7
2021-01-03,Contra Costa,013,1133247,45291,42432,679,43111,352
2021-01-03,Del Norte,015,27424,806,768,2,770,2
2021-01-03,El Dorado,017,186661,6932,6034,371,6405,27
2021-01-03,Fresno,019,978130,75134,69326,5269,74595,719
2021-01-03,Glenn,021,27897,1751,1581,309,1890,9
2021-01-03,Humboldt,023,135768,2011,1833,7,1840,21
2021-01-03,Imperial,025,180216,24039,22951,1631,24582,419
2021-01-03,Inyo,027,18085,775,615,8,623,20
2021-01-03,Kern,029,883053,72402,66895,5792,72687,609
2021-01-03,Kings,031,150075,17467,16593,576,17169,108
2021-01-03,Lake,033,64148,2165,1976,0,1976,24
2021-01-03,Lassen,035,31185,4602,4531,54,4585,1
2021-01-03,Los Angeles,037,10098052,869696,792168,25391,817559,10633
2021-01-03,Madera,039,155013,11950,11152,504,11656,67
2021-01-03,Marin,041,260295,10478,10034,97,10131,150
2021-01-03,Mariposa,043,17540,291,248,2,250,3
2021-01-03,Mendocino,045,87422,2697,2445,29,2474,24
2021-01-03,Merced,047,269075,20610,19600,422,20022,230
2021-01-03,Modoc,049,8938,270,245,75,320,0
2021-01-03,Mono,051,14174,944,893,12,905,3
2021-01-03,Monterey,053,433212,30917,29357,776,30133,191
2021-01-03,Napa,055,140530,6580,6094,25,6119,29
2021-01-03,Nevada,057,99092,2982,2742,100,2842,15
2021-01-03,Orange,059,3164182,183883,169881,7273,177154,1919
2021-01-03,Placer,061,380077,16065,14319,665,14984,133
2021-01-03,Plumas,063,18699,506,416,9,425,1
2021-01-03,Riverside,065,2383286,210006,195048,9736,204784,2005
2021-01-03,Sacramento,067,1510023,71584,68558,710,69268,859
2021-01-03,San Benito,069,59416,4123,3882,34,3916,28
2021-01-03,San Bernardino,071,2135413,223206,208294,6172,214466,1592
2021-01-03,San Diego,073,3302833,184243,168018,8454,176472,1592
2021-01-03,San Francisco,075,870044,25789,24588,256,24844,193
2021-01-03,San Joaquin,077,732212,50393,47899,1830,49729,661
2021-01-03,San Luis Obispo,079,281455,12878,11636,284,11920,95
2021-01-03,San Mateo,081,765935,28557,25770,145,25915,196
2021-01-03,Santa Barbara,083,443738,20265,18267,576,18843,164
2021-01-03,Santa Clara,085,1922200,80448,74534,324,74858,720
2021-01-03,Santa Cruz,087,273765,10766,9528,403,9931,84
2021-01-03,Shasta,089,179085,8837,8192,792,8984,72
2021-01-03,Sierra,091,2930,36,30,6,36,0
2021-01-03,Siskiyou,093,43540,1106,976,127,1103,3
2021-01-03,Solano,095,438530,21615,20105,223,20328,97
2021-01-03,Sonoma,097,501317,21010,19982,111,20093,193
2021-01-03,Stanislaus,099,539301,37939,35762,3573,39335,553
2021-01-03,Sutter,101,95872,6918,6664,48,6712,53
2021-01-03,Tehama,103,63373,3417,3176,329,3505,9
2021-01-03,Trinity,105,12862,429,243,58,301,2
2021-01-03,Tulare,107,460477,37446,34747,4208,38955,455
2021-01-03,Tuolumne,109,53932,3005,2978,19,2997,13
2021-01-03,Ventura,111,848112,48980,43748,1811,45559,254
2021-01-03,Yolo,113,214977,9467,8674,74,8748,121
2021-01-03,Yuba,115,75493,4245,3966,40,4006,20
2021-01-02,Alameda,001,1643700,57881,54518,1086,55604,581
2021-01-02,Alpine,003,1148,69,68,0,68,0
2021-01-02,Amador,005,37829,2754,2540,22,2562,24
2021-01-02,Butte,007,227075,8499,7750,1012,8762,105
2021-01-02,Calaveras,009,45235,1273,1230,3,1233,21
2021-01-02,Colusa,011,21464,1412,1332,101,1433,7
2021-01-02,Contra Costa,013,1133247,44745,41993,671,42664,352
2021-01-02,Del Norte,015,27424,804,764,2,766,2
2021-01-02,El Dorado,017,186661,6877,5959,367,6326,27
2021-01-02,Fresno,019,978130,74590,68740,5158,73898,717
2021-01-02,Glenn,021,27897,1734,1546,308,1854,9
2021-01-02,Humboldt,023,135768,1984,1815,7,1822,21
2021-01-02,Imperial,025,180216,23951,22867,1600,24467,420
2021-01-02,Inyo,027,18085,764,609,8,617,20
2021-01-02,Kern,029,883053,71682,66457,5680,72137,610
2021-01-02,Kings,031,150075,17373,16515,572,17087,108
2021-01-02,Lake,033,64148,2128,1925,0,1925,24
2021-01-02,Lassen,035,31185,4591,4457,53,4510,1
2021-01-02,Los Angeles,037,10098052,861333,791892,24703,816595,10633
2021-01-02,Madera,039,155013,11835,11039,492,11531,67
2021-01-02,Marin,041,260295,10431,9924,94,10018,151
2021-01-02,Mariposa,043,17540,284,243,2,245,3
2021-01-02,Mendocino,045,87422,2654,2428,28,2456,24
2021-01-02,Merced,047,269075,20468,19395,405,19800,230
2021-01-02,Modoc,049,8938,269,245,75,320,0
2021-01-02,Mono,051,14174,933,884,12,896,3
2021-01-02,Monterey,053,433212,30701,28991,764,29755,191
2021-01-02,Napa,055,140530,6521,5994,25,6019,29
2021-01-02,Nevada,057,99092,2953,2706,96,2802,15
2021-01-02,Orange,059,3164182,181660,168457,7125,175582,1918
2021-01-02,Placer,061,380077,15892,14182,656,14838,133
2021-01-02,Plumas,063,18699,503,413,9,422,1
2021-01-02,Riverside,065,2383286,207359,192069,9509,201578,2008
2021-01-02,Sacramento,067,1510023,70950,67810,692,68502,858
2021-01-02,San Benito,069,59416,4041,3829,34,3863,28
2021-01-02,San Bernardino,071,2135413,221540,206939,6050,212989,1597
2021-01-02,San Diego,073,3302833,181644,164498,8257,172755,1592
2021-01-02,San Francisco,075,870044,25535,24414,248,24662,194
2021-01-02,San Joaquin,077,732212,49989,47310,1802,49112,662
2021-01-02,San Luis Obispo,079,281455,12744,11467,278,11745,95
2021-01-02,San Mateo,081,765935,28220,25483,137,25620,196
2021-01-02,Santa Barbara,083,443738,19976,18135,573,18708,164
2021-01-02,Santa Clara,085,1922200,79270,73662,318,73980,720
2021-01-02,Santa Cruz,087,273765,10611,9340,395,9735,85
2021-01-02,Shasta,089,179085,8771,8154,781,8935,72
2021-01-02,Sierra,091,2930,36,28,6,34,0
2021-01-02,Siskiyou,093,43540,1095,949,125,1074,3
2021-01-02,Solano,095,438530,21413,19805,214,20019,97
2021-01-02,Sonoma,097,501317,20841,19761,111,19872,194
2021-01-02,Stanislaus,099,539301,37606,35431,3509,38940,553
2021-01-02,Sutter,101,95872,6866,6621,48,6669,53
2021-01-02,Tehama,103,63373,3389,3146,325,3471,9
2021-01-02,Trinity,105,12862,426,243,58,301,2
2021-01-02,Tulare,107,460477,37118,34479,4134,38613,455
2021-01-02,Tuolumne,109,53932,2991,2942,17,2959,13
2021-01-02,Ventura,111,848112,47825,43397,1778,45175,254
2021-01-02,Yolo,113,214977,9368,8571,72,8643,122
2021-01-02,Yuba,115,75493,4207,3930,40,3970,21
2021-01-01,Alameda,001,1643700,57234,53518,1072,54590,579
2021-01-01,Alpine,003,1148,69,68,0,68,0
2021-01-01,Amador,005,37829,2728,2513,20,2533,24
2021-01-01,Butte,007,227075,8397,7589,990,8579,105
2021-01-01,Calaveras,009,45235,1258,1186,3,1189,21
2021-01-01,Colusa,011,21464,1402,1314,99,1413,7
2021-01-01,Contra Costa,013,1133247,44270,41412,651,42063,351
2021-01-01,Del Norte,015,27424,799,758,2,760,2
2021-01-01,El Dorado,017,186661,6784,5832,359,6191,27
2021-01-01,Fresno,019,978130,73517,67484,5074,72558,717
2021-01-01,Glenn,021,27897,1717,1520,299,1819,9
2021-01-01,Humboldt,023,135768,1945,1783,7,1790,21
2021-01-01,Imperial,025,180216,23855,22715,1549,24264,418
2021-01-01,Inyo,027,18085,739,606,8,614,20
2021-01-01,Kern,029,883053,70855,65571,5573,71144,609
2021-01-01,Kings,031,150075,17190,16358,565,16923,108
2021-01-01,Lake,033,64148,2090,1888,0,1888,24
2021-01-01,Lassen,035,31185,4585,4377,53,4430,1
2021-01-01,Los Angeles,037,10098052,847124,775578,24022,799600,10515
2021-01-01,Madera,039,155013,11680,10752,483,11235,66
2021-01-01,Marin,041,260295,10332,9821,93,9914,148
2021-01-01,Mariposa,043,17540,276,236,2,238,3
2021-01-01,Mendocino,045,87422,2600,2400,28,2428,24
2021-01-01,Merced,047,269075,20284,19118,389,19507,229
2021-01-01,Modoc,049,8938,269,241,75,316,0
2021-01-01,Mono,051,14174,915,884,11,895,3
2021-01-01,Monterey,053,433212,30463,28465,755,29220,191
2021-01-01,Napa,055,140530,6435,5899,25,5924,28
2021-01-01,Nevada,057,99092,2929,2663,96,2759,15
2021-01-01,Orange,059,3164182,178866,165440,6982,172422,1893
2021-01-01,Placer,061,380077,15702,13987,641,14628,133
2021-01-01,Plumas,063,18699,498,412,9,421,1
2021-01-01,Riverside,065,2383286,204170,188674,9256,197930,1990
2021-01-01,Sacramento,067,1510023,70354,66956,675,67631,848
2021-01-01,San Benito,069,59416,4003,3773,34,3807,28
2021-01-01,San Bernardino,071,2135413,218771,203651,5920,209571,1590
2021-01-01,San Diego,073,3302833,178571,160071,8078,168149,1592
2021-01-01,San Francisco,075,870044,25257,24145,237,24382,187
2021-01-01,San Joaquin,077,732212,49665,46640,1758,48398,657
2021-01-01,San Luis Obispo,079,281455,12517,11160,270,11430,94
2021-01-01,San Mateo,081,765935,27771,25041,133,25174,194
2021-01-01,Santa Barbara,083,443738,19656,17759,563,18322,164
2021-01-01,Santa Clara,085,1922200,78049,71904,314,72218,680
2021-01-01,Santa Cruz,087,273765,10431,9146,385,9531,84
2021-01-01,Shasta,089,179085,8690,8102,764,8866,72
2021-01-01,Sierra,091,2930,36,26,6,32,0
2021-01-01,Siskiyou,093,43540,1081,944,120,1064,3
2021-01-01,Solano,095,438530,21199,19393,212,19605,97
2021-01-01,Sonoma,097,501317,20645,19513,111,19624,189
2021-01-01,Stanislaus,099,539301,37318,34978,3447,38425,553
2021-01-01,Sutter,101,95872,6809,6553,47,6600,52
2021-01-01,Tehama,103,63373,3332,3079,318,3397,9
2021-01-01,Trinity,105,12862,426,243,58,301,2
2021-01-01,Tulare,107,460477,36710,33994,4046,38040,454
2021-01-01,Tuolumne,109,53932,2975,2909,17,2926,13
2021-01-01,Ventura,111,848112,46332,42026,1752,43778,253
2021-01-01,Yolo,113,214977,9256,8461,69,8530,120
2021-01-01,Yuba,115,75493,4153,3845,39,3884,19
2020-12-31,Alameda,001,1643700,56684,52475,1040,53515,579
2020-12-31,Alpine,003,1148,69,66,0,66,0
2020-12-31,Amador,005,37829,2714,2493,20,2513,24
2020-12-31,Butte,007,227075,8322,7405,970,8375,105
2020-12-31,Calaveras,009,45235,1247,1161,3,1164,21
2020-12-31,Colusa,011,21464,1390,1301,96,1397,7
2020-12-31,Contra Costa,013,1133247,43867,40512,635,41147,336
2020-12-31,Del Norte,015,27424,798,748,2,750,2
2020-12-31,El Dorado,017,186661,6732,5662,350,6012,26
2020-12-31,Fresno,019,978130,73086,66442,5012,71454,711
2020-12-31,Glenn,021,27897,1689,1484,291,1775,9
2020-12-31,Humboldt,023,135768,1928,1713,7,1720,21
2020-12-31,Imperial,025,180216,23785,22494,1532,24026,417
2020-12-31,Inyo,027,18085,731,591,8,599,20
2020-12-31,Kern,029,883053,70381,64904,5485,70389,609
2020-12-31,Kings,031,150075,17115,16077,557,16634,108
2020-12-31,Lake,033,64148,2069,1848,0,1848,23
2020-12-31,Lassen,035,31185,4579,4340,52,4392,1
2020-12-31,Los Angeles,037,10098052,841781,755844,23568,779412,10320
2020-12-31,Madera,039,155013,11595,10609,475,11084,64
2020-12-31,Marin,041,260295,10280,9731,91,9822,148
2020-12-31,Mariposa,043,17540,274,217,2,219,3
2020-12-31,Mendocino,045,87422,2585,2367,24,2391,24
2020-12-31,Merced,047,269075,20194,18808,379,19187,226
2020-12-31,Modoc,049,8938,269,238,75,313,0
2020-12-31,Mono,051,14174,907,868,11,879,3
2020-12-31,Monterey,053,433212,30233,27720,743,28463,188
2020-12-31,Napa,055,140530,6372,5801,25,5826,28
2020-12-31,Nevada,057,99092,2906,2619,95,2714,15
2020-12-31,Orange,059,3164182,176966,161586,6853,168439,1866
2020-12-31,Placer,061,380077,15545,13708,638,14346,126
2020-12-31,Plumas,063,18699,494,401,8,409,1
2020-12-31,Riverside,065,2383286,202488,184193,9128,193321,1958
2020-12-31,Sacramento,067,1510023,69824,65817,665,66482,830
2020-12-31,San Benito,069,59416,3979,3673,34,3707,28
2020-12-31,San Bernardino,071,2135413,217081,199115,5847,204962,1586
2020-12-31,San Diego,073,3302833,176808,155593,7979,163572,1534
2020-12-31,San Francisco,075,870044,25022,23740,230,23970,183
2020-12-31,San Joaquin,077,732212,49314,45764,1720,47484,646
2020-12-31,San Luis Obispo,079,281455,12403,10846,270,11116,89
2020-12-31,San Mateo,081,765935,27441,24570,127,24697,192
2020-12-31,Santa Barbara,083,443738,19412,17434,556,17990,161
2020-12-31,Santa Clara,085,1922200,77173,70032,309,70341,665
2020-12-31,Santa Cruz,087,273765,10313,8909,373,9282,84
2020-12-31,Shasta,089,179085,8624,7996,754,8750,69
2020-12-31,Sierra,091,2930,36,26,6,32,0
2020-12-31,Siskiyou,093,43540,1065,940,117,1057,3
2020-12-31,Solano,095,438530,20969,18942,211,19153,97
2020-12-31,Sonoma,097,501317,20524,19129,110,19239,188
2020-12-31,Stanislaus,099,539301,37010,34398,3400,37798,552
2020-12-31,Sutter,101,95872,6778,6432,47,6479,51
2020-12-31,Tehama,103,63373,3294,3036,317,3353,9
2020-12-31,Trinity,105,12862,425,241,58,299,2
2020-12-31,Tulare,107,460477,36508,33412,3985,37397,446
2020-12-31,Tuolumne,109,53932,2966,2902,17,2919,12
2020-12-31,Ventura,111,848112,45821,40854,1735,42589,251
2020-12-31,Yolo,113,214977,9167,8295,68,8363,117
2020-12-31,Yuba,115,75493,4116,3799,38,3837,18
2020-12-30,Alameda,001,1643700,55900,50158,987,51145,573
2020-12-30,Alpine,003,1148,69,66,0,66,0
2020-12-30,Amador,005,37829,2694,2418,19,2437,24
2020-12-30,Butte,007,227075,8161,7140,950,8090,103
2020-12-30,Calaveras,009,45235,1222,1135,3,1138,21
2020-12-30,Colusa,011,21464,1372,1289,90,1379,7
2020-12-30,Contra Costa,013,1133247,43318,39601,622,40223,337
2020-12-30,Del Norte,015,27424,793,726,2,728,2
2020-12-30,El Dorado,017,186661,6631,5595,340,5935,27
2020-12-30,Fresno,019,978130,72240,65566,4863,70429,711
2020-12-30,Glenn,021,27897,1658,1471,279,1750,9
2020-12-30,Humboldt,023,135768,1894,1654,7,1661,22
2020-12-30,Imperial,025,180216,23618,22098,1456,23554,412
2020-12-30,Inyo,027,18085,725,572,8,580,20
2020-12-30,Kern,029,883053,69653,63292,5341,68633,604
2020-12-30,Kings,031,150075,16996,15862,549,16411,108
2020-12-30,Lake,033,64148,2050,1731,0,1731,23
2020-12-30,Lassen,035,31185,4570,4300,52,4352,1
2020-12-30,Los Angeles,037,10098052,830861,741907,22895,764802,10046
2020-12-30,Madera,039,155013,11485,10249,464,10713,65
2020-12-30,Marin,041,260295,10187,9569,84,9653,148
2020-12-30,Mariposa,043,17540,270,214,2,216,3
2020-12-30,Mendocino,045,87422,2567,2291,21,2312,24
2020-12-30,Merced,047,269075,19904,18519,369,18888,225
2020-12-30,Modoc,049,8938,266,234,75,309,0
2020-12-30,Mono,051,14174,904,868,11,879,3
2020-12-30,Monterey,053,433212,29603,26977,721,27698,186
2020-12-30,Napa,055,140530,6266,5754,25,5779,28
2020-12-30,Nevada,057,99092,2871,2595,93,2688,15
2020-12-30,Orange,059,3164182,174307,153951,6666,160617,1863
2020-12-30,Placer,061,380077,15314,13540,626,14166,127
2020-12-30,Plumas,063,18699,489,397,8,405,1
2020-12-30,Riverside,065,2383286,199541,176402,8945,185347,1919
2020-12-30,Sacramento,067,1510023,68950,64119,648,64767,847
2020-12-30,San Benito,069,59416,3897,3464,30,3494,29
2020-12-30,San Bernardino,071,2135413,214513,192648,5762,198410,1591
2020-12-30,San Diego,073,3302833,173175,152510,7804,160314,1472
2020-12-30,San Francisco,075,870044,24746,23099,225,23324,182
2020-12-30,San Joaquin,077,732212,48593,44465,1679,46144,634
2020-12-30,San Luis Obispo,079,281455,12134,10542,262,10804,89
2020-12-30,San Mateo,081,765935,27012,24150,123,24273,190
2020-12-30,Santa Barbara,083,443738,19010,16895,535,17430,161
2020-12-30,Santa Clara,085,1922200,75965,67218,305,67523,661
2020-12-30,Santa Cruz,087,273765,10139,8787,364,9151,86
2020-12-30,Shasta,089,179085,8510,7818,740,8558,69
2020-12-30,Sierra,091,2930,36,25,6,31,0
2020-12-30,Siskiyou,093,43540,1058,913,109,1022,3
2020-12-30,Solano,095,438530,20580,18300,208,18508,96
2020-12-30,Sonoma,097,501317,20268,18947,110,19057,191
2020-12-30,Stanislaus,099,539301,36547,33730,3325,37055,526
2020-12-30,Sutter,101,95872,6718,6328,45,6373,51
2020-12-30,Tehama,103,63373,3250,2969,313,3282,9
2020-12-30,Trinity,105,12862,424,231,57,288,2
2020-12-30,Tulare,107,460477,35978,32413,3926,36339,430
2020-12-30,Tuolumne,109,53932,2956,2772,15,2787,12
2020-12-30,Ventura,111,848112,44534,39039,1711,40750,251
2020-12-30,Yolo,113,214977,9059,8067,66,8133,117
2020-12-30,Yuba,115,75493,4048,3612,38,3650,18
2020-12-29,Alameda,001,1643700,54831,50946,952,51898,552
2020-12-29,Alpine,003,1148,69,65,0,65,0
2020-12-29,Amador,005,37829,2642,2388,18,2406,23
2020-12-29,Butte,007,227075,7988,7178,926,8104,98
2020-12-29,Calaveras,009,45235,1178,1111,2,1113,21
2020-12-29,Colusa,011,21464,1351,1272,85,1357,7
2020-12-29,Contra Costa,013,1133247,42547,39225,596,39821,325
2020-12-29,Del Norte,015,27424,786,724,2,726,2
2020-12-29,El Dorado,017,186661,6501,5551,327,5878,22
2020-12-29,Fresno,019,978130,70866,65149,4713,69862,688
2020-12-29,Glenn,021,27897,1624,1454,272,1726,9
2020-12-29,Humboldt,023,135768,1846,1616,7,1623,19
2020-12-29,Imperial,025,180216,23404,22105,1374,23479,407
2020-12-29,Inyo,027,18085,707,571,8,579,19
2020-12-29,Kern,029,883053,68487,63096,5173,68269,589
2020-12-29,Kings,031,150075,16827,15777,537,16314,108
2020-12-29,Lake,033,64148,2019,1805,0,1805,22
2020-12-29,Lassen,035,31185,4555,4288,52,4340,1
2020-12-29,Los Angeles,037,10098052,810655,731907,22057,753964,9786
2020-12-29,Madera,039,155013,11183,10251,451,10702,64
2020-12-29,Marin,041,260295,10044,9595,80,9675,146
2020-12-29,Mariposa,043,17540,262,212,2,214,3
2020-12-29,Mendocino,045,87422,2524,2249,20,2269,24
2020-12-29,Merced,047,269075,19554,18464,353,18817,221
2020-12-29,Modoc,049,8938,263,232,75,307,0
2020-12-29,Mono,051,14174,895,868,11,879,3
2020-12-29,Monterey,053,433212,28952,26894,696,27590,185
2020-12-29,Napa,055,140530,6148,5663,25,5688,28
2020-12-29,Nevada,057,99092,2823,2550,92,2642,15
2020-12-29,Orange,059,3164182,170531,154411,6502,160913,1839
2020-12-29,Placer,061,380077,15101,13392,605,13997,126
2020-12-29,Plumas,063,18699,480,395,8,403,1
2020-12-29,Riverside,065,2383286,194942,177624,8696,186320,1904
2020-12-29,Sacramento,067,1510023,67899,65078,636,65714,820
2020-12-29,San Benito,069,59416,3778,3474,29,3503,25
2020-12-29,San Bernardino,071,2135413,209675,190476,5626,196102,1557
2020-12-29,San Diego,073,3302833,168952,150062,7573,157635,1435
2020-12-29,San Francisco,075,870044,24406,22996,218,23214,178
2020-12-29,San Joaquin,077,732212,47653,44699,1626,46325,622
2020-12-29,San Luis Obispo,079,281455,11838,10387,254,10641,80
2020-12-29,San Mateo,081,765935,26470,23773,111,23884,189
2020-12-29,Santa Barbara,083,443738,18541,16797,509,17306,155
2020-12-29,Santa Clara,085,1922200,74464,67581,301,67882,621
2020-12-29,Santa Cruz,087,273765,9873,8492,355,8847,84
2020-12-29,Shasta,089,179085,8406,7782,725,8507,65
2020-12-29,Sierra,091,2930,34,24,5,29,0
2020-12-29,Siskiyou,093,43540,1043,926,107,1033,3
2020-12-29,Solano,095,438530,20204,18412,203,18615,96
2020-12-29,Sonoma,097,501317,19936,18790,108,18898,187
2020-12-29,Stanislaus,099,539301,36070,33775,3255,37030,508
2020-12-29,Sutter,101,95872,6651,6302,45,6347,50
2020-12-29,Tehama,103,63373,3180,2962,301,3263,9
2020-12-29,Trinity,105,12862,423,241,57,298,2
2020-12-29,Tulare,107,460477,35351,32545,3804,36349,419
2020-12-29,Tuolumne,109,53932,2914,2797,15,2812,12
2020-12-29,Ventura,111,848112,43279,38669,1685,40354,235
2020-12-29,Yolo,113,214977,8929,8124,64,8188,111
2020-12-29,Yuba,115,75493,3969,3723,38,3761,18
2020-12-28,Alameda,001,1643700,53789,50405,932,51337,551
2020-12-28,Alpine,003,1148,68,65,0,65,0
2020-12-28,Amador,005,37829,2572,2255,18,2273,23
2020-12-28,Butte,007,227075,7821,7053,896,7949,86
2020-12-28,Calaveras,009,45235,1155,1102,2,1104,21
2020-12-28,Colusa,011,21464,1325,1255,74,1329,7
2020-12-28,Contra Costa,013,1133247,41604,38872,567,39439,324
2020-12-28,Del Norte,015,27424,777,718,2,720,2
2020-12-28,El Dorado,017,186661,6345,5441,315,5756,18
2020-12-28,Fresno,019,978130,69597,64274,4564,68838,679
2020-12-28,Glenn,021,27897,1590,1435,260,1695,9
2020-12-28,Humboldt,023,135768,1811,1579,7,1586,19
2020-12-28,Imperial,025,180216,23149,22003,1300,23303,405
2020-12-28,Inyo,027,18085,701,569,8,577,19
2020-12-28,Kern,029,883053,67420,62392,4973,67365,579
2020-12-28,Kings,031,150075,16610,15733,520,16253,108
2020-12-28,Lake,033,64148,1979,1785,0,1785,22
2020-12-28,Lassen,035,31185,4448,4284,51,4335,1
2020-12-28,Los Angeles,037,10098052,788300,720699,21263,741962,9544
2020-12-28,Madera,039,155013,11010,10123,431,10554,64
2020-12-28,Marin,041,260295,9937,9546,74,9620,145
2020-12-28,Mariposa,043,17540,238,211,2,213,3
2020-12-28,Mendocino,045,87422,2489,2214,20,2234,23
2020-12-28,Merced,047,269075,19234,18245,335,18580,213
2020-12-28,Modoc,049,8938,258,220,74,294,0
2020-12-28,Mono,051,14174,891,848,11,859,3
2020-12-28,Monterey,053,433212,28104,26529,687,27216,182
2020-12-28,Napa,055,140530,6039,5576,25,5601,26
2020-12-28,Nevada,057,99092,2775,2532,88,2620,15
2020-12-28,Orange,059,3164182,166431,152089,6327,158416,1839
2020-12-28,Placer,061,380077,14761,13234,578,13812,126
2020-12-28,Plumas,063,18699,476,391,8,399,0
2020-12-28,Riverside,065,2383286,190046,174029,8409,182438,1855
2020-12-28,Sacramento,067,1510023,66665,64322,612,64934,813
2020-12-28,San Benito,069,59416,3709,3429,29,3458,24
2020-12-28,San Bernardino,071,2135413,204586,188919,5513,194432,1552
2020-12-28,San Diego,073,3302833,164208,147528,7391,154919,1404
2020-12-28,San Francisco,075,870044,24046,22726,213,22939,178
2020-12-28,San Joaquin,077,732212,46714,44172,1594,45766,618
2020-12-28,San Luis Obispo,079,281455,11488,10260,250,10510,76
2020-12-28,San Mateo,081,765935,25996,23467,107,23574,189
2020-12-28,Santa Barbara,083,443738,18073,16579,497,17076,155
2020-12-28,Santa Clara,085,1922200,72985,66418,294,66712,619
2020-12-28,Santa Cruz,087,273765,9615,8310,345,8655,81
2020-12-28,Shasta,089,179085,8289,7688,712,8400,65
2020-12-28,Sierra,091,2930,32,24,4,28,0
2020-12-28,Siskiyou,093,43540,1027,915,102,1017,3
2020-12-28,Solano,095,438530,19644,18171,196,18367,96
2020-12-28,Sonoma,097,501317,19589,18667,106,18773,185
2020-12-28,Stanislaus,099,539301,35524,33473,3196,36669,507
2020-12-28,Sutter,101,95872,6571,6253,45,6298,49
2020-12-28,Tehama,103,63373,3127,2934,294,3228,9
2020-12-28,Trinity,105,12862,421,240,57,297,2
2020-12-28,Tulare,107,460477,34702,32010,3703,35713,404
2020-12-28,Tuolumne,109,53932,2897,2777,15,2792,12
2020-12-28,Ventura,111,848112,41610,37151,1640,38791,230
2020-12-28,Yolo,113,214977,8775,8031,63,8094,111
2020-12-28,Yuba,115,75493,3914,3679,37,3716,18
2020-12-27,Alameda,001,1643700,52549,49764,905,50669,551
2020-12-27,Alpine,003,1148,66,65,0,65,0
2020-12-27,Amador,005,37829,2452,2218,18,2236,23
2020-12-27,Butte,007,227075,7666,7016,857,7873,86
2020-12-27,Calaveras,009,45235,1109,1097,2,1099,21
2020-12-27,Colusa,011,21464,1300,1253,71,1324,7
2020-12-27,Contra Costa,013,1133247,40657,38428,543,38971,324
2020-12-27,Del Norte,015,27424,753,712,2,714,2
2020-12-27,El Dorado,017,186661,6131,5388,292,5680,18
2020-12-27,Fresno,019,978130,68352,63811,4361,68172,679
2020-12-27,Glenn,021,27897,1562,1434,246,1680,9
2020-12-27,Humboldt,023,135768,1767,1575,7,1582,17
2020-12-27,Imperial,025,180216,22870,21934,1193,23127,405
2020-12-27,Inyo,027,18085,681,565,7,572,18
2020-12-27,Kern,029,883053,66139,61914,4808,66722,568
2020-12-27,Kings,031,150075,16374,15593,486,16079,108
2020-12-27,Lake,033,64148,1930,1769,0,1769,22
2020-12-27,Lassen,035,31185,4371,4230,44,4274,1
2020-12-27,Los Angeles,037,10098052,766777,707260,20389,727649,9476
2020-12-27,Madera,039,155013,10753,10005,421,10426,64
2020-12-27,Marin,041,260295,9817,9477,72,9549,144
2020-12-27,Mariposa,043,17540,231,208,2,210,3
2020-12-27,Mendocino,045,87422,2442,2209,20,2229,23
2020-12-27,Merced,047,269075,18867,18075,319,18394,213
2020-12-27,Modoc,049,8938,249,221,70,291,0
2020-12-27,Mono,051,14174,879,849,11,860,3
2020-12-27,Monterey,053,433212,27541,26322,670,26992,181
2020-12-27,Napa,055,140530,5905,5496,25,5521,26
2020-12-27,Nevada,057,99092,2739,2519,88,2607,15
2020-12-27,Orange,059,3164182,162027,149276,6139,155415,1839
2020-12-27,Placer,061,380077,14466,13017,546,13563,126
2020-12-27,Plumas,063,18699,470,390,8,398,0
2020-12-27,Riverside,065,2383286,185132,171995,8109,180104,1836
2020-12-27,Sacramento,067,1510023,65455,63416,590,64006,811
2020-12-27,San Benito,069,59416,3624,3394,29,3423,24
2020-12-27,San Bernardino,071,2135413,199491,186776,5376,192152,1551
2020-12-27,San Diego,073,3302833,159801,145777,7204,152981,1402
2020-12-27,San Francisco,075,870044,23691,22514,205,22719,178
2020-12-27,San Joaquin,077,732212,45664,43529,1545,45074,618
2020-12-27,San Luis Obispo,079,281455,11080,10154,245,10399,76
2020-12-27,San Mateo,081,765935,25432,23136,104,23240,187
2020-12-27,Santa Barbara,083,443738,17544,16364,470,16834,155
2020-12-27,Santa Clara,085,1922200,71287,65288,288,65576,619
2020-12-27,Santa Cruz,087,273765,9357,8234,337,8571,81
2020-12-27,Shasta,089,179085,8162,7671,690,8361,65
2020-12-27,Sierra,091,2930,32,24,3,27,0
2020-12-27,Siskiyou,093,43540,1017,914,97,1011,3
2020-12-27,Solano,095,438530,19162,17840,191,18031,96
2020-12-27,Sonoma,097,501317,19298,18487,105,18592,185
2020-12-27,Stanislaus,099,539301,34912,33076,3113,36189,506
2020-12-27,Sutter,101,95872,6490,6218,43,6261,48
2020-12-27,Tehama,103,63373,3056,2922,278,3200,9
2020-12-27,Trinity,105,12862,414,240,55,295,2
2020-12-27,Tulare,107,460477,34100,31864,3585,35449,400
2020-12-27,Tuolumne,109,53932,2791,2750,13,2763,12
2020-12-27,Ventura,111,848112,40547,36661,1589,38250,230
2020-12-27,Yolo,113,214977,8586,7919,59,7978,111
2020-12-27,Yuba,115,75493,3851,3665,35,3700,18
2020-12-26,Alameda,001,1643700,51927,49084,892,49976,551
2020-12-26,Alpine,003,1148,66,65,0,65,0
2020-12-26,Amador,005,37829,2438,2189,18,2207,23
2020-12-26,Butte,007,227075,7571,6968,833,7801,86
2020-12-26,Calaveras,009,45235,1103,1084,2,1086,21
2020-12-26,Colusa,011,21464,1290,1240,71,1311,7
2020-12-26,Contra Costa,013,1133247,40178,38008,526,38534,324
2020-12-26,Del Norte,015,27424,748,709,2,711,2
2020-12-26,El Dorado,017,186661,6076,5279,288,5567,18
2020-12-26,Fresno,019,978130,67882,63080,4298,67378,679
2020-12-26,Glenn,021,27897,1541,1413,241,1654,9
2020-12-26,Humboldt,023,135768,1729,1545,7,1552,17
2020-12-26,Imperial,025,180216,22775,21734,1140,22874,405
2020-12-26,Inyo,027,18085,666,554,7,561,18
2020-12-26,Kern,029,883053,65468,61174,4661,65835,564
2020-12-26,Kings,031,150075,16256,15517,482,15999,108
2020-12-26,Lake,033,64148,1890,1710,0,1710,22
2020-12-26,Lassen,035,31185,4350,3981,44,4025,1
2020-12-26,Los Angeles,037,10098052,758204,694149,19896,714045,9424
2020-12-26,Madera,039,155013,10677,9908,409,10317,64
2020-12-26,Marin,041,260295,9777,9413,69,9482,143
2020-12-26,Mariposa,043,17540,230,206,2,208,3
2020-12-26,Mendocino,045,87422,2396,2194,20,2214,23
2020-12-26,Merced,047,269075,18708,17890,314,18204,213
2020-12-26,Modoc,049,8938,246,222,70,292,0
2020-12-26,Mono,051,14174,873,850,11,861,3
2020-12-26,Monterey,053,433212,27403,26010,661,26671,182
2020-12-26,Napa,055,140530,5847,5427,25,5452,26
2020-12-26,Nevada,057,99092,2711,2480,88,2568,15
2020-12-26,Orange,059,3164182,159809,147304,6048,153352,1838
2020-12-26,Placer,061,380077,14295,12816,531,13347,122
2020-12-26,Plumas,063,18699,467,381,8,389,0
2020-12-26,Riverside,065,2383286,182647,169360,7951,177311,1834
2020-12-26,Sacramento,067,1510023,64830,62435,580,63015,807
2020-12-26,San Benito,069,59416,3551,3330,29,3359,24
2020-12-26,San Bernardino,071,2135413,197813,185111,5294,190405,1551
2020-12-26,San Diego,073,3302833,157276,142644,7057,149701,1402
2020-12-26,San Francisco,075,870044,23450,22319,205,22524,177
2020-12-26,San Joaquin,077,732212,45277,42887,1499,44386,618
2020-12-26,San Luis Obispo,079,281455,10993,9945,240,10185,76
2020-12-26,San Mateo,081,765935,25094,22908,99,23007,187
2020-12-26,Santa Barbara,083,443738,17305,16159,464,16623,155
2020-12-26,Santa Clara,085,1922200,70173,64185,286,64471,618
2020-12-26,Santa Cruz,087,273765,9226,8113,328,8441,81
2020-12-26,Shasta,089,179085,8102,7641,678,8319,65
2020-12-26,Sierra,091,2930,32,24,3,27,0
2020-12-26,Siskiyou,093,43540,1010,909,94,1003,2
2020-12-26,Solano,095,438530,18921,17528,191,17719,96
2020-12-26,Sonoma,097,501317,19095,18261,103,18364,184
2020-12-26,Stanislaus,099,539301,34613,32678,3060,35738,505
2020-12-26,Sutter,101,95872,6432,6121,43,6164,48
2020-12-26,Tehama,103,63373,3027,2884,272,3156,9
2020-12-26,Trinity,105,12862,412,237,54,291,2
2020-12-26,Tulare,107,460477,33790,31665,3522,35187,398
2020-12-26,Tuolumne,109,53932,2780,2703,13,2716,12
2020-12-26,Ventura,111,848112,39582,36064,1559,37623,230
2020-12-26,Yolo,113,214977,8484,7785,57,7842,111
2020-12-26,Yuba,115,75493,3819,3599,35,3634,18
2020-12-25,Alameda,001,1643700,51354,48365,877,49242,542
2020-12-25,Alpine,003,1148,66,64,0,64,0
2020-12-25,Amador,005,37829,2395,2172,18,2190,23
2020-12-25,Butte,007,227075,7472,6873,815,7688,85
2020-12-25,Calaveras,009,45235,1100,1062,2,1064,21
2020-12-25,Colusa,011,21464,1277,1219,70,1289,7
2020-12-25,Contra Costa,013,1133247,39692,37480,502,37982,324
2020-12-25,Del Norte,015,27424,746,692,2,694,2
2020-12-25,El Dorado,017,186661,6011,5170,275,5445,16
2020-12-25,Fresno,019,978130,67018,62251,4217,66468,679
2020-12-25,Glenn,021,27897,1525,1390,234,1624,9
2020-12-25,Humboldt,023,135768,1689,1532,7,1539,16
2020-12-25,Imperial,025,180216,22673,21646,1128,22774,405
2020-12-25,Inyo,027,18085,656,546,7,553,18
2020-12-25,Kern,029,883053,64737,60417,4515,64932,562
2020-12-25,Kings,031,150075,16145,15460,478,15938,108
2020-12-25,Lake,033,64148,1871,1669,0,1669,20
2020-12-25,Lassen,035,31185,4335,3926,44,3970,1
2020-12-25,Los Angeles,037,10098052,744533,665600,19237,684837,9292
2020-12-25,Madera,039,155013,10513,9770,403,10173,64
2020-12-25,Marin,041,260295,9724,9375,67,9442,143
2020-12-25,Mariposa,043,17540,224,203,2,205,3
2020-12-25,Mendocino,045,87422,2353,2176,20,2196,23
2020-12-25,Merced,047,269075,18547,17726,306,18032,213
2020-12-25,Modoc,049,8938,245,221,70,291,0
2020-12-25,Mono,051,14174,871,843,11,854,3
2020-12-25,Monterey,053,433212,27126,25788,652,26440,182
2020-12-25,Napa,055,140530,5770,5351,25,5376,26
2020-12-25,Nevada,057,99092,2685,2458,86,2544,15
2020-12-25,Orange,059,3164182,157119,144542,5857,150399,1814
2020-12-25,Placer,061,380077,14109,12660,509,13169,122
2020-12-25,Plumas,063,18699,460,381,8,389,0
2020-12-25,Riverside,065,2383286,179366,166690,7640,174330,1825
2020-12-25,Sacramento,067,1510023,64139,61630,555,62185,796
2020-12-25,San Benito,069,59416,3510,3281,27,3308,24
2020-12-25,San Bernardino,071,2135413,195210,181812,5179,186991,1546
2020-12-25,San Diego,073,3302833,154796,139958,6879,146837,1402
2020-12-25,San Francisco,075,870044,23168,22130,200,22330,175
2020-12-25,San Joaquin,077,732212,44976,42089,1446,43535,614
2020-12-25,San Luis Obispo,079,281455,10810,9749,233,9982,76
2020-12-25,San Mateo,081,765935,24772,22568,97,22665,187
2020-12-25,Santa Barbara,083,443738,17081,15936,457,16393,155
2020-12-25,Santa Clara,085,1922200,69037,63173,277,63450,612
2020-12-25,Santa Cruz,087,273765,9076,8018,307,8325,81
2020-12-25,Shasta,089,179085,8028,7612,655,8267,65
2020-12-25,Sierra,091,2930,32,24,3,27,0
2020-12-25,Siskiyou,093,43540,1004,905,92,997,2
2020-12-25,Solano,095,438530,18742,17280,189,17469,96
2020-12-25,Sonoma,097,501317,18920,18035,101,18136,184
2020-12-25,Stanislaus,099,539301,34331,32290,3005,35295,498
2020-12-25,Sutter,101,95872,6373,6051,42,6093,47
2020-12-25,Tehama,103,63373,2979,2839,259,3098,9
2020-12-25,Trinity,105,12862,408,236,54,290,2
2020-12-25,Tulare,107,460477,33380,31323,3454,34777,398
2020-12-25,Tuolumne,109,53932,2761,2674,13,2687,12
2020-12-25,Ventura,111,848112,38426,35514,1511,37025,230
2020-12-25,Yolo,113,214977,8392,7700,55,7755,111
2020-12-25,Yuba,115,75493,3779,3549,34,3583,17
2020-12-24,Alameda,001,1643700,50998,47527,859,48386,541
2020-12-24,Alpine,003,1148,66,64,0,64,0
2020-12-24,Amador,005,37829,2382,2145,18,2163,23
2020-12-24,Butte,007,227075,7434,6716,799,7515,84
2020-12-24,Calaveras,009,45235,1097,1032,2,1034,21
2020-12-24,Colusa,011,21464,1272,1188,68,1256,7
2020-12-24,Contra Costa,013,1133247,39441,36623,489,37112,311
2020-12-24,Del Norte,015,27424,745,678,2,680,2
2020-12-24,El Dorado,017,186661,5985,5042,267,5309,16
2020-12-24,Fresno,019,978130,66796,61435,4203,65638,663
2020-12-24,Glenn,021,27897,1514,1363,226,1589,9
2020-12-24,Humboldt,023,135768,1666,1516,7,1523,16
2020-12-24,Imperial,025,180216,22610,21545,1118,22663,402
2020-12-24,Inyo,027,18085,654,532,7,539,17
2020-12-24,Kern,029,883053,64450,59601,4502,64103,556
2020-12-24,Kings,031,150075,16105,15211,477,15688,108
2020-12-24,Lake,033,64148,1849,1629,0,1629,20
2020-12-24,Lassen,035,31185,4322,3894,44,3938,1
2020-12-24,Los Angeles,037,10098052,740344,664840,18991,683831,9288
2020-12-24,Madera,039,155013,10464,9547,395,9942,63
2020-12-24,Marin,041,260295,9685,9287,67,9354,143
2020-12-24,Mariposa,043,17540,220,197,2,199,3
2020-12-24,Mendocino,045,87422,2342,2150,20,2170,23
2020-12-24,Merced,047,269075,18477,17485,302,17787,212
2020-12-24,Modoc,049,8938,245,220,69,289,0
2020-12-24,Mono,051,14174,869,817,11,828,3
2020-12-24,Monterey,053,433212,27013,25131,645,25776,180
2020-12-24,Napa,055,140530,5715,5265,25,5290,26
2020-12-24,Nevada,057,99092,2661,2429,86,2515,15
2020-12-24,Orange,059,3164182,155632,141205,5806,147011,1775
2020-12-24,Placer,061,380077,14019,12457,502,12959,121
2020-12-24,Plumas,063,18699,457,376,8,384,0
2020-12-24,Riverside,065,2383286,178431,162435,7600,170035,1816
2020-12-24,Sacramento,067,1510023,63864,60596,553,61149,788
2020-12-24,San Benito,069,59416,3479,3183,27,3210,24
2020-12-24,San Bernardino,071,2135413,194125,176866,5146,182012,1533
2020-12-24,San Diego,073,3302833,153712,136952,6847,143799,1382
2020-12-24,San Francisco,075,870044,22996,21830,197,22027,175
2020-12-24,San Joaquin,077,732212,44809,41324,1428,42752,611
2020-12-24,San Luis Obispo,079,281455,10741,9504,231,9735,77
2020-12-24,San Mateo,081,765935,24577,22093,97,22190,186
2020-12-24,Santa Barbara,083,443738,16976,15644,449,16093,153
2020-12-24,Santa Clara,085,1922200,68348,61742,270,62012,591
2020-12-24,Santa Cruz,087,273765,8997,7856,295,8151,82
2020-12-24,Shasta,089,179085,7987,7540,638,8178,65
2020-12-24,Sierra,091,2930,29,23,1,24,0
2020-12-24,Siskiyou,093,43540,999,900,86,986,2
2020-12-24,Solano,095,438530,18601,16872,184,17056,96
2020-12-24,Sonoma,097,501317,18819,17710,101,17811,183
2020-12-24,Stanislaus,099,539301,34129,31848,2978,34826,498
2020-12-24,Sutter,101,95872,6332,5960,41,6001,47
2020-12-24,Tehama,103,63373,2961,2779,257,3036,9
2020-12-24,Trinity,105,12862,407,235,54,289,2
2020-12-24,Tulare,107,460477,33232,30827,3428,34255,390
2020-12-24,Tuolumne,109,53932,2753,2653,13,2666,12
2020-12-24,Ventura,111,848112,38146,34400,1504,35904,224
2020-12-24,Yolo,113,214977,8350,7566,54,7620,113
2020-12-24,Yuba,115,75493,3748,3483,34,3517,16
2020-12-23,Alameda,001,1643700,50420,46753,832,47585,537
2020-12-23,Alpine,003,1148,66,64,0,64,0
2020-12-23,Amador,005,37829,2313,2108,17,2125,23
2020-12-23,Butte,007,227075,7345,6588,772,7360,84
2020-12-23,Calaveras,009,45235,1089,1002,1,1003,21
2020-12-23,Colusa,011,21464,1261,1167,67,1234,7
2020-12-23,Contra Costa,013,1133247,39044,36190,475,36665,311
2020-12-23,Del Norte,015,27424,737,670,2,672,2
2020-12-23,El Dorado,017,186661,5910,4967,259,5226,14
2020-12-23,Fresno,019,978130,66186,60488,4138,64626,654
2020-12-23,Glenn,021,27897,1500,1349,222,1571,9
2020-12-23,Humboldt,023,135768,1641,1458,7,1465,16
2020-12-23,Imperial,025,180216,22515,21323,1089,22412,399
2020-12-23,Inyo,027,18085,641,517,7,524,17
2020-12-23,Kern,029,883053,63932,58656,4411,63067,549
2020-12-23,Kings,031,150075,16028,14923,474,15397,105
2020-12-23,Lake,033,64148,1832,1595,0,1595,20
2020-12-23,Lassen,035,31185,4312,3865,41,3906,1
2020-12-23,Los Angeles,037,10098052,731272,651958,18471,670429,9146
2020-12-23,Madera,039,155013,10307,9371,380,9751,63
2020-12-23,Marin,041,260295,9626,9199,64,9263,142
2020-12-23,Mariposa,043,17540,218,194,2,196,3
2020-12-23,Mendocino,045,87422,2330,2121,20,2141,23
2020-12-23,Merced,047,269075,18321,17250,294,17544,203
2020-12-23,Modoc,049,8938,241,197,68,265,0
2020-12-23,Mono,051,14174,866,814,11,825,3
2020-12-23,Monterey,053,433212,26713,24856,640,25496,176
2020-12-23,Napa,055,140530,5647,5172,25,5197,25
2020-12-23,Nevada,057,99092,2616,2406,85,2491,15
2020-12-23,Orange,059,3164182,153179,138050,5645,143695,1771
2020-12-23,Placer,061,380077,13809,12213,494,12707,111
2020-12-23,Plumas,063,18699,450,369,8,377,0
2020-12-23,Riverside,065,2383286,176159,158110,7446,165556,1790
2020-12-23,Sacramento,067,1510023,63215,59661,540,60201,779
2020-12-23,San Benito,069,59416,3425,3073,25,3098,24
2020-12-23,San Bernardino,071,2135413,192059,172888,5078,177966,1509
2020-12-23,San Diego,073,3302833,151286,134695,6710,141405,1350
2020-12-23,San Francisco,075,870044,22775,21498,194,21692,174
2020-12-23,San Joaquin,077,732212,44282,35664,1386,37050,602
2020-12-23,San Luis Obispo,079,281455,10599,9267,226,9493,74
2020-12-23,San Mateo,081,765935,24275,21780,95,21875,186
2020-12-23,Santa Barbara,083,443738,16768,15399,424,15823,152
2020-12-23,Santa Clara,085,1922200,67401,60455,265,60720,579
2020-12-23,Santa Cruz,087,273765,8838,7637,277,7914,75
2020-12-23,Shasta,089,179085,7915,7487,632,8119,66
2020-12-23,Sierra,091,2930,27,23,1,24,0
2020-12-23,Siskiyou,093,43540,978,891,85,976,2
2020-12-23,Solano,095,438530,18388,16626,179,16805,95
2020-12-23,Sonoma,097,501317,18615,17397,101,17498,182
2020-12-23,Stanislaus,099,539301,33777,31492,2926,34418,499
2020-12-23,Sutter,101,95872,6265,5871,41,5912,46
2020-12-23,Tehama,103,63373,2943,2737,250,2987,9
2020-12-23,Trinity,105,12862,407,234,53,287,2
2020-12-23,Tulare,107,460477,32920,30315,3388,33703,385
2020-12-23,Tuolumne,109,53932,2714,2540,13,2553,12
2020-12-23,Ventura,111,848112,37749,33377,1475,34852,216
2020-12-23,Yolo,113,214977,8271,7508,54,7562,112
2020-12-23,Yuba,115,75493,3688,3438,34,3472,14
2020-12-22,Alameda,001,1643700,49532,45751,802,46553,534
2020-12-22,Alpine,003,1148,66,64,0,64,0
2020-12-22,Amador,005,37829,2302,1839,17,1856,23
2020-12-22,Butte,007,227075,7216,6467,758,7225,85
2020-12-22,Calaveras,009,45235,1062,988,0,988,21
2020-12-22,Colusa,011,21464,1238,1150,64,1214,7
2020-12-22,Contra Costa,013,1133247,38420,35681,461,36142,301
2020-12-22,Del Norte,015,27424,727,666,2,668,2
2020-12-22,El Dorado,017,186661,5787,4885,247,5132,12
2020-12-22,Fresno,019,978130,65154,59640,4036,63676,640
2020-12-22,Glenn,021,27897,1477,1337,211,1548,9
2020-12-22,Humboldt,023,135768,1608,1440,7,1447,16
2020-12-22,Imperial,025,180216,22325,21128,1048,22176,398
2020-12-22,Inyo,027,18085,620,506,7,513,17
2020-12-22,Kern,029,883053,62979,57816,4276,62092,547
2020-12-22,Kings,031,150075,15886,14855,468,15323,102
2020-12-22,Lake,033,64148,1808,1569,0,1569,20
2020-12-22,Lassen,035,31185,4170,3848,39,3887,1
2020-12-22,Los Angeles,037,10098052,713998,635931,17810,653741,9013
2020-12-22,Madera,039,155013,10193,9187,365,9552,63
2020-12-22,Marin,041,260295,9560,9115,63,9178,142
2020-12-22,Mariposa,043,17540,215,194,2,196,3
2020-12-22,Mendocino,045,87422,2297,2092,19,2111,23
2020-12-22,Merced,047,269075,18075,17012,289,17301,201
2020-12-22,Modoc,049,8938,233,182,67,249,0
2020-12-22,Mono,051,14174,860,786,11,797,3
2020-12-22,Monterey,053,433212,26042,24152,619,24771,176
2020-12-22,Napa,055,140530,5558,5059,25,5084,23
2020-12-22,Nevada,057,99092,2588,2367,84,2451,14
2020-12-22,Orange,059,3164182,149842,134850,5477,140327,1774
2020-12-22,Placer,061,380077,13565,11943,474,12417,105
2020-12-22,Plumas,063,18699,444,360,8,368,0
2020-12-22,Riverside,065,2383286,172349,155059,7180,162239,1777
2020-12-22,Sacramento,067,1510023,62287,57966,521,58487,772
2020-12-22,San Benito,069,59416,3347,2998,25,3023,24
2020-12-22,San Bernardino,071,2135413,187453,169266,4934,174200,1500
2020-12-22,San Diego,073,3302833,147927,132097,6548,138645,1311
2020-12-22,San Francisco,075,870044,22503,21232,190,21422,174
2020-12-22,San Joaquin,077,732212,43519,39423,1338,40761,592
2020-12-22,San Luis Obispo,079,281455,10253,9174,221,9395,69
2020-12-22,San Mateo,081,765935,23949,21382,79,21461,186
2020-12-22,Santa Barbara,083,443738,16502,15189,414,15603,150
2020-12-22,Santa Clara,085,1922200,66224,59192,258,59450,569
2020-12-22,Santa Cruz,087,273765,8655,7471,251,7722,72
2020-12-22,Shasta,089,179085,7836,7371,615,7986,64
2020-12-22,Sierra,091,2930,27,23,0,23,0
2020-12-22,Siskiyou,093,43540,972,880,84,964,2
2020-12-22,Solano,095,438530,17984,16229,176,16405,95
2020-12-22,Sonoma,097,501317,18294,17216,101,17317,180
2020-12-22,Stanislaus,099,539301,33393,30914,2852,33766,499
2020-12-22,Sutter,101,95872,6206,5791,40,5831,46
2020-12-22,Tehama,103,63373,2894,2688,244,2932,9
2020-12-22,Trinity,105,12862,406,231,53,284,2
2020-12-22,Tulare,107,460477,32454,30025,3324,33349,377
2020-12-22,Tuolumne,109,53932,2663,2526,13,2539,12
2020-12-22,Ventura,111,848112,36983,32488,1432,33920,213
2020-12-22,Yolo,113,214977,8159,7388,53,7441,113
2020-12-22,Yuba,115,75493,3640,3379,34,3413,14
2020-12-21,Alameda,001,1643700,48633,44756,776,45532,518
2020-12-21,Alpine,003,1148,65,64,0,64,0
2020-12-21,Amador,005,37829,2225,1815,17,1832,23
2020-12-21,Butte,007,227075,7061,6335,735,7070,81
2020-12-21,Calaveras,009,45235,1032,963,0,963,21
2020-12-21,Colusa,011,21464,1211,1135,59,1194,7
2020-12-21,Contra Costa,013,1133247,37671,35207,425,35632,300
2020-12-21,Del Norte,015,27424,712,660,2,662,2
2020-12-21,El Dorado,017,186661,5641,4805,235,5040,10
2020-12-21,Fresno,019,978130,64004,58568,3894,62462,634
2020-12-21,Glenn,021,27897,1445,1323,203,1526,9
2020-12-21,Humboldt,023,135768,1585,1419,7,1426,16
2020-12-21,Imperial,025,180216,22061,20994,1006,22000,395
2020-12-21,Inyo,027,18085,600,482,7,489,17
2020-12-21,Kern,029,883053,62090,56836,4142,60978,541
2020-12-21,Kings,031,150075,15636,14760,453,15213,100
2020-12-21,Lake,033,64148,1760,1538,0,1538,20
2020-12-21,Lassen,035,31185,4010,3798,37,3835,1
2020-12-21,Los Angeles,037,10098052,694895,624129,17146,641275,8918
2020-12-21,Madera,039,155013,10004,9069,344,9413,63
2020-12-21,Marin,041,260295,9490,9035,63,9098,142
2020-12-21,Mariposa,043,17540,210,186,2,188,3
2020-12-21,Mendocino,045,87422,2266,2066,19,2085,23
2020-12-21,Merced,047,269075,17825,16710,274,16984,198
2020-12-21,Modoc,049,8938,219,181,66,247,0
2020-12-21,Mono,051,14174,848,781,11,792,3
2020-12-21,Monterey,053,433212,25510,23673,605,24278,174
2020-12-21,Napa,055,140530,5471,4952,25,4977,23
2020-12-21,Nevada,057,99092,2555,2337,84,2421,13
2020-12-21,Orange,059,3164182,146437,130444,5325,135769,1772
2020-12-21,Placer,061,380077,13333,11715,455,12170,105
2020-12-21,Plumas,063,18699,440,353,8,361,0
2020-12-21,Riverside,065,2383286,168126,151713,6861,158574,1743
2020-12-21,Sacramento,067,1510023,61270,57064,504,57568,759
2020-12-21,San Benito,069,59416,3279,2921,25,2946,22
2020-12-21,San Bernardino,071,2135413,182643,165086,4768,169854,1476
2020-12-21,San Diego,073,3302833,144476,129716,6384,136100,1284
2020-12-21,San Francisco,075,870044,22213,21086,188,21274,174
2020-12-21,San Joaquin,077,732212,42722,38811,1288,40099,586
2020-12-21,San Luis Obispo,079,281455,10064,9006,216,9222,64
2020-12-21,San Mateo,081,765935,23545,21035,76,21111,185
2020-12-21,Santa Barbara,083,443738,16228,14988,409,15397,149
2020-12-21,Santa Clara,085,1922200,65032,57699,246,57945,570
2020-12-21,Santa Cruz,087,273765,8448,7315,238,7553,69
2020-12-21,Shasta,089,179085,7771,7299,605,7904,64
2020-12-21,Sierra,091,2930,24,23,0,23,0
2020-12-21,Siskiyou,093,43540,965,878,83,961,2
2020-12-21,Solano,095,438530,17525,15878,171,16049,95
2020-12-21,Sonoma,097,501317,18021,17075,98,17173,176
2020-12-21,Stanislaus,099,539301,32936,30437,2776,33213,499
2020-12-21,Sutter,101,95872,6111,5708,40,5748,46
2020-12-21,Tehama,103,63373,2829,2656,235,2891,9
2020-12-21,Trinity,105,12862,404,226,51,277,2
2020-12-21,Tulare,107,460477,31968,29482,3233,32715,373
2020-12-21,Tuolumne,109,53932,2638,2423,11,2434,12
2020-12-21,Ventura,111,848112,35903,31759,1395,33154,212
2020-12-21,Yolo,113,214977,8020,7266,49,7315,109
2020-12-21,Yuba,115,75493,3582,3329,34,3363,14
2020-12-20,Alameda,001,1643700,47752,44004,755,44759,516
2020-12-20,Alpine,003,1148,65,64,0,64,0
2020-12-20,Amador,005,37829,2167,1771,17,1788,23
2020-12-20,Butte,007,227075,6914,6228,699,6927,81
2020-12-20,Calaveras,009,45235,1008,926,0,926,21
2020-12-20,Colusa,011,21464,1183,1121,53,1174,7
2020-12-20,Contra Costa,013,1133247,37070,34798,407,35205,301
2020-12-20,Del Norte,015,27424,690,652,2,654,2
2020-12-20,El Dorado,017,186661,5517,4697,226,4923,10
2020-12-20,Fresno,019,978130,63013,57616,3759,61375,634
2020-12-20,Glenn,021,27897,1436,1295,196,1491,9
2020-12-20,Humboldt,023,135768,1548,1386,6,1392,15
2020-12-20,Imperial,025,180216,21821,20882,904,21786,395
2020-12-20,Inyo,027,18085,584,476,7,483,17
2020-12-20,Kern,029,883053,60992,55983,3988,59971,540
2020-12-20,Kings,031,150075,15416,14629,437,15066,100
2020-12-20,Lake,033,64148,1717,1463,0,1463,20
2020-12-20,Lassen,035,31185,3956,3669,35,3704,1
2020-12-20,Los Angeles,037,10098052,676785,612975,16426,629401,8862
2020-12-20,Madera,039,155013,9795,8871,337,9208,63
2020-12-20,Marin,041,260295,9388,8948,60,9008,142
2020-12-20,Mariposa,043,17540,209,179,2,181,3
2020-12-20,Mendocino,045,87422,2241,2033,19,2052,23
2020-12-20,Merced,047,269075,17508,16435,267,16702,198
2020-12-20,Modoc,049,8938,219,181,64,245,0
2020-12-20,Mono,051,14174,830,774,11,785,3
2020-12-20,Monterey,053,433212,25027,23250,567,23817,173
2020-12-20,Napa,055,140530,5350,4865,23,4888,23
2020-12-20,Nevada,057,99092,2509,2289,78,2367,13
2020-12-20,Orange,059,3164182,142942,128780,5177,133957,1763
2020-12-20,Placer,061,380077,13108,11496,437,11933,105
2020-12-20,Plumas,063,18699,432,347,8,355,0
2020-12-20,Riverside,065,2383286,163918,148714,6574,155288,1742
2020-12-20,Sacramento,067,1510023,60271,56017,484,56501,755
2020-12-20,San Benito,069,59416,3207,2885,24,2909,21
2020-12-20,San Bernardino,071,2135413,177638,162810,4611,167421,1458
2020-12-20,San Diego,073,3302833,140758,126465,6214,132679,1280
2020-12-20,San Francisco,075,870044,21896,20937,185,21122,174
2020-12-20,San Joaquin,077,732212,41873,38268,1228,39496,587
2020-12-20,San Luis Obispo,079,281455,9773,8881,210,9091,63
2020-12-20,San Mateo,081,765935,23111,20764,72,20836,185
2020-12-20,Santa Barbara,083,443738,15906,14817,391,15208,148
2020-12-20,Santa Clara,085,1922200,63634,56860,240,57100,566
2020-12-20,Santa Cruz,087,273765,8238,7178,225,7403,69
2020-12-20,Shasta,089,179085,7657,7256,591,7847,64
2020-12-20,Sierra,091,2930,24,22,0,22,0
2020-12-20,Siskiyou,093,43540,956,870,82,952,2
2020-12-20,Solano,095,438530,17142,15533,160,15693,95
2020-12-20,Sonoma,097,501317,17745,16802,97,16899,175
2020-12-20,Stanislaus,099,539301,32406,29995,2676,32671,498
2020-12-20,Sutter,101,95872,6024,5601,40,5641,43
2020-12-20,Tehama,103,63373,2781,2602,216,2818,9
2020-12-20,Trinity,105,12862,396,221,50,271,2
2020-12-20,Tulare,107,460477,31451,29078,3141,32219,373
2020-12-20,Tuolumne,109,53932,2530,2152,10,2162,12
2020-12-20,Ventura,111,848112,35202,31335,1363,32698,210
2020-12-20,Yolo,113,214977,7867,7121,46,7167,109
2020-12-20,Yuba,115,75493,3532,3254,32,3286,12
2020-12-19,Alameda,001,1643700,47305,43109,748,43857,516
2020-12-19,Alpine,003,1148,65,64,0,64,0
2020-12-19,Amador,005,37829,2143,1754,17,1771,23
2020-12-19,Butte,007,227075,6814,6118,677,6795,81
2020-12-19,Calaveras,009,45235,991,900,0,900,21
2020-12-19,Colusa,011,21464,1175,1096,50,1146,7
2020-12-19,Contra Costa,013,1133247,36742,34321,393,34714,301
2020-12-19,Del Norte,015,27424,688,641,1,642,2
2020-12-19,El Dorado,017,186661,5450,4588,218,4806,10
2020-12-19,Fresno,019,978130,62688,55428,3693,59121,634
2020-12-19,Glenn,021,27897,1401,1286,195,1481,9
2020-12-19,Humboldt,023,135768,1531,1357,6,1363,15
2020-12-19,Imperial,025,180216,21727,20711,858,21569,395
2020-12-19,Inyo,027,18085,577,475,7,482,17
2020-12-19,Kern,029,883053,60508,55118,3882,59000,540
2020-12-19,Kings,031,150075,15337,14474,435,14909,100
2020-12-19,Lake,033,64148,1677,1438,0,1438,20
2020-12-19,Lassen,035,31185,3928,3595,35,3630,1
2020-12-19,Los Angeles,037,10098052,669663,599888,15902,615790,8804
2020-12-19,Madera,039,155013,9694,8717,325,9042,63
2020-12-19,Marin,041,260295,9348,8864,60,8924,142
2020-12-19,Mariposa,043,17540,207,177,2,179,3
2020-12-19,Mendocino,045,87422,2216,2008,19,2027,23
2020-12-19,Merced,047,269075,17369,16230,259,16489,198
2020-12-19,Modoc,049,8938,216,181,64,245,0
2020-12-19,Mono,051,14174,823,766,11,777,3
2020-12-19,Monterey,053,433212,24913,22799,562,23361,172
2020-12-19,Napa,055,140530,5288,4772,23,4795,23
2020-12-19,Nevada,057,99092,2487,2260,78,2338,13
2020-12-19,Orange,059,3164182,141016,125574,5029,130603,1733
2020-12-19,Placer,061,380077,12953,11246,431,11677,105
2020-12-19,Plumas,063,18699,429,343,8,351,0
2020-12-19,Riverside,065,2383286,161931,146703,6343,153046,1737
2020-12-19,Sacramento,067,1510023,59737,55169,470,55639,746
2020-12-19,San Benito,069,59416,3160,2820,23,2843,21
2020-12-19,San Bernardino,071,2135413,176055,159883,4503,164386,1433
2020-12-19,San Diego,073,3302833,138991,122972,6075,129047,1280
2020-12-19,San Francisco,075,870044,21741,20643,185,20828,174
2020-12-19,San Joaquin,077,732212,41469,37340,1180,38520,586
2020-12-19,San Luis Obispo,079,281455,9702,8788,207,8995,63
2020-12-19,San Mateo,081,765935,22902,20393,65,20458,182
2020-12-19,Santa Barbara,083,443738,15750,14667,385,15052,148
2020-12-19,Santa Clara,085,1922200,62784,55540,236,55776,558
2020-12-19,Santa Cruz,087,273765,8132,7054,221,7275,68
2020-12-19,Shasta,089,179085,7605,7221,579,7800,63
2020-12-19,Sierra,091,2930,24,23,0,23,0
2020-12-19,Siskiyou,093,43540,952,853,81,934,2
2020-12-19,Solano,095,438530,16964,15204,157,15361,95
2020-12-19,Sonoma,097,501317,17636,16553,97,16650,175
2020-12-19,Stanislaus,099,539301,32079,29555,2604,32159,498
2020-12-19,Sutter,101,95872,5968,5506,40,5546,41
2020-12-19,Tehama,103,63373,2732,2574,214,2788,9
2020-12-19,Trinity,105,12862,395,219,50,269,2
2020-12-19,Tulare,107,460477,31212,28734,3075,31809,375
2020-12-19,Tuolumne,109,53932,2516,2107,10,2117,12
2020-12-19,Ventura,111,848112,34921,30843,1333,32176,209
2020-12-19,Yolo,113,214977,7792,7025,45,7070,109
2020-12-19,Yuba,115,75493,3502,3168,32,3200,11
2020-12-18,Alameda,001,1643700,46770,42196,732,42928,515
2020-12-18,Alpine,003,1148,65,64,0,64,0
2020-12-18,Amador,005,37829,2126,1727,15,1742,20
2020-12-18,Butte,007,227075,6729,5891,651,6542,81
2020-12-18,Calaveras,009,45235,981,870,0,870,21
2020-12-18,Colusa,011,21464,1166,1068,50,1118,7
2020-12-18,Contra Costa,013,1133247,36450,33610,382,33992,300
2020-12-18,Del Norte,015,27424,683,627,0,627,2
2020-12-18,El Dorado,017,186661,5388,4494,209,4703,10
2020-12-18,Fresno,019,978130,61860,52643,3632,56275,613
2020-12-18,Glenn,021,27897,1384,1264,190,1454,9
2020-12-18,Humboldt,023,135768,1516,1331,6,1337,15
2020-12-18,Imperial,025,180216,21644,20430,812,21242,393
2020-12-18,Inyo,027,18085,558,454,7,461,17
2020-12-18,Kern,029,883053,59848,54220,3797,58017,533
2020-12-18,Kings,031,150075,15211,14284,429,14713,98
2020-12-18,Lake,033,64148,1661,1397,0,1397,20
2020-12-18,Lassen,035,31185,3920,3486,35,3521,1
2020-12-18,Los Angeles,037,10098052,657507,586413,15421,601834,8744
2020-12-18,Madera,039,155013,9591,8609,319,8928,63
2020-12-18,Marin,041,260295,9264,8799,60,8859,142
2020-12-18,Mariposa,043,17540,204,176,2,178,3
2020-12-18,Mendocino,045,87422,2198,1977,19,1996,24
2020-12-18,Merced,047,269075,17288,15956,257,16213,195
2020-12-18,Modoc,049,8938,216,179,64,243,0
2020-12-18,Mono,051,14174,815,731,11,742,3
2020-12-18,Monterey,053,433212,24620,22336,557,22893,165
2020-12-18,Napa,055,140530,5239,4688,23,4711,23
2020-12-18,Nevada,057,99092,2470,2220,77,2297,13
2020-12-18,Orange,059,3164182,138573,121681,4880,126561,1725
2020-12-18,Placer,061,380077,12782,10995,423,11418,104
2020-12-18,Plumas,063,18699,423,336,8,344,0
2020-12-18,Riverside,065,2383286,159092,142375,6081,148456,1733
2020-12-18,Sacramento,067,1510023,59111,53980,454,54434,736
2020-12-18,San Benito,069,59416,3111,2744,23,2767,21
2020-12-18,San Bernardino,071,2135413,173756,154272,4369,158641,1430
2020-12-18,San Diego,073,3302833,136813,120463,5936,126399,1253
2020-12-18,San Francisco,075,870044,21574,20315,179,20494,173
2020-12-18,San Joaquin,077,732212,41113,36484,1151,37635,559
2020-12-18,San Luis Obispo,079,281455,9604,8598,202,8800,62
2020-12-18,San Mateo,081,765935,22589,19971,61,20032,182
2020-12-18,Santa Barbara,083,443738,15609,14361,372,14733,148
2020-12-18,Santa Clara,085,1922200,61887,53992,227,54219,539
2020-12-18,Santa Cruz,087,273765,8013,6838,213,7051,68
2020-12-18,Shasta,089,179085,7567,7114,568,7682,62
2020-12-18,Sierra,091,2930,24,23,0,23,0
2020-12-18,Siskiyou,093,43540,950,840,81,921,2
2020-12-18,Solano,095,438530,16807,14667,153,14820,95
2020-12-18,Sonoma,097,501317,17516,16261,97,16358,173
2020-12-18,Stanislaus,099,539301,31803,28967,2567,31534,490
2020-12-18,Sutter,101,95872,5884,5399,40,5439,39
2020-12-18,Tehama,103,63373,2717,2523,204,2727,9
2020-12-18,Trinity,105,12862,394,215,50,265,2
2020-12-18,Tulare,107,460477,30922,28322,2997,31319,370
2020-12-18,Tuolumne,109,53932,2505,2067,10,2077,12
2020-12-18,Ventura,111,848112,34417,29907,1290,31197,209
2020-12-18,Yolo,113,214977,7723,6901,44,6945,109
2020-12-18,Yuba,115,75493,3442,3097,32,3129,11
2020-12-17,Alameda,001,1643700,45966,41548,707,42255,508
2020-12-17,Alpine,003,1148,65,64,0,64,0
2020-12-17,Amador,005,37829,2078,1703,13,1716,19
2020-12-17,Butte,007,227075,6604,5746,632,6378,78
2020-12-17,Calaveras,009,45235,958,848,0,848,21
2020-12-17,Colusa,011,21464,1155,1053,48,1101,7
2020-12-17,Contra Costa,013,1133247,35917,33006,352,33358,293
2020-12-17,Del Norte,015,27424,678,583,0,583,1
2020-12-17,El Dorado,017,186661,5242,4327,196,4523,9
2020-12-17,Fresno,019,978130,61000,49918,3506,53424,597
2020-12-17,Glenn,021,27897,1360,1244,183,1427,9
2020-12-17,Humboldt,023,135768,1483,1322,6,1328,14
2020-12-17,Imperial,025,180216,21483,20208,746,20954,391
2020-12-17,Inyo,027,18085,540,450,6,456,16
2020-12-17,Kern,029,883053,58891,53683,3662,57345,526
2020-12-17,Kings,031,150075,15108,14057,414,14471,98
2020-12-17,Lake,033,64148,1632,1374,0,1374,20
2020-12-17,Lassen,035,31185,3884,3417,35,3452,1
2020-12-17,Los Angeles,037,10098052,641838,571093,14881,585974,8657
2020-12-17,Madera,039,155013,9470,8465,315,8780,62
2020-12-17,Marin,041,260295,9202,8721,58,8779,142
2020-12-17,Mariposa,043,17540,200,172,2,174,3
2020-12-17,Mendocino,045,87422,2164,1942,19,1961,23
2020-12-17,Merced,047,269075,17026,15648,249,15897,192
2020-12-17,Modoc,049,8938,213,179,64,243,0
2020-12-17,Mono,051,14174,801,718,11,729,3
2020-12-17,Monterey,053,433212,24101,21951,542,22493,163
2020-12-17,Napa,055,140530,5127,4612,23,4635,23
2020-12-17,Nevada,057,99092,2429,2173,74,2247,13
2020-12-17,Orange,059,3164182,135200,118367,4748,123115,1725
2020-12-17,Placer,061,380077,12508,10756,409,11165,99
2020-12-17,Plumas,063,18699,414,324,8,332,0
2020-12-17,Riverside,065,2383286,155214,139325,5867,145192,1696
2020-12-17,Sacramento,067,1510023,58204,53189,432,53621,721
2020-12-17,San Benito,069,59416,3042,2645,22,2667,20
2020-12-17,San Bernardino,071,2135413,169809,149838,4253,154091,1425
2020-12-17,San Diego,073,3302833,134012,116852,5780,122632,1239
2020-12-17,San Francisco,075,870044,21283,19939,174,20113,170
2020-12-17,San Joaquin,077,732212,40385,35894,1117,37011,554
2020-12-17,San Luis Obispo,079,281455,9485,8365,201,8566,59
2020-12-17,San Mateo,081,765935,22219,19647,61,19708,181
2020-12-17,Santa Barbara,083,443738,15376,14207,365,14572,147
2020-12-17,Santa Clara,085,1922200,60697,52559,221,52780,527
2020-12-17,Santa Cruz,087,273765,7857,6687,200,6887,64
2020-12-17,Shasta,089,179085,7491,7000,549,7549,62
2020-12-17,Sierra,091,2930,23,23,0,23,0
2020-12-17,Siskiyou,093,43540,942,827,80,907,2
2020-12-17,Solano,095,438530,16494,14361,150,14511,96
2020-12-17,Sonoma,097,501317,17244,15993,96,16089,171
2020-12-17,Stanislaus,099,539301,31383,28582,2507,31089,489
2020-12-17,Sutter,101,95872,5786,5309,38,5347,39
2020-12-17,Tehama,103,63373,2668,2480,198,2678,9
2020-12-17,Trinity,105,12862,389,213,50,263,2
2020-12-17,Tulare,107,460477,30522,27852,2918,30770,358
2020-12-17,Tuolumne,109,53932,2213,1992,10,2002,11
2020-12-17,Ventura,111,848112,33807,29404,1254,30658,208
2020-12-17,Yolo,113,214977,7602,6800,43,6843,105
2020-12-17,Yuba,115,75493,3382,3035,31,3066,12
2020-12-16,Alameda,001,1643700,45113,40751,683,41434,497
2020-12-16,Alpine,003,1148,65,64,0,64,0
2020-12-16,Amador,005,37829,2031,1693,12,1705,19
2020-12-16,Butte,007,227075,6415,5659,604,6263,76
2020-12-16,Calaveras,009,45235,923,821,0,821,21
2020-12-16,Colusa,011,21464,1142,1038,45,1083,7
2020-12-16,Contra Costa,013,1133247,35359,32429,333,32762,293
2020-12-16,Del Norte,015,27424,676,575,0,575,1
2020-12-16,El Dorado,017,186661,5121,4237,187,4424,9
2020-12-16,Fresno,019,978130,60043,49173,3410,52583,584
2020-12-16,Glenn,021,27897,1342,1236,172,1408,9
2020-12-16,Humboldt,023,135768,1451,1308,5,1313,12
2020-12-16,Imperial,025,180216,21301,19980,682,20662,388
2020-12-16,Inyo,027,18085,527,444,6,450,16
2020-12-16,Kern,029,883053,58014,52896,3533,56429,522
2020-12-16,Kings,031,150075,14928,13734,398,14132,99
2020-12-16,Lake,033,64148,1593,1363,0,1363,20
2020-12-16,Lassen,035,31185,3851,3396,34,3430,1
2020-12-16,Los Angeles,037,10098052,625290,557907,14213,572120,8561
2020-12-16,Madera,039,155013,9344,8278,307,8585,62
2020-12-16,Marin,041,260295,9131,8641,58,8699,142
2020-12-16,Mariposa,043,17540,197,175,2,177,3
2020-12-16,Mendocino,045,87422,2129,1929,19,1948,23
2020-12-16,Merced,047,269075,16741,15443,246,15689,190
2020-12-16,Modoc,049,8938,210,178,64,242,0
2020-12-16,Mono,051,14174,782,702,11,713,3
2020-12-16,Monterey,053,433212,23541,21107,531,21638,163
2020-12-16,Napa,055,140530,5029,4544,23,4567,23
2020-12-16,Nevada,057,99092,2393,2149,72,2221,13
2020-12-16,Orange,059,3164182,131729,115260,4583,119843,1712
2020-12-16,Placer,061,380077,12271,10554,388,10942,96
2020-12-16,Plumas,063,18699,405,319,8,327,0
2020-12-16,Riverside,065,2383286,151097,135751,5622,141373,1664
2020-12-16,Sacramento,067,1510023,57232,52166,407,52573,715
2020-12-16,San Benito,069,59416,2952,2582,22,2604,20
2020-12-16,San Bernardino,071,2135413,165202,143565,4119,147684,1403
2020-12-16,San Diego,073,3302833,130908,114248,5626,119874,1217
2020-12-16,San Francisco,075,870044,21025,19624,174,19798,170
2020-12-16,San Joaquin,077,732212,39563,35010,1077,36087,547
2020-12-16,San Luis Obispo,079,281455,9290,8252,192,8444,58
2020-12-16,San Mateo,081,765935,21894,19292,57,19349,179
2020-12-16,Santa Barbara,083,443738,15124,13966,353,14319,144
2020-12-16,Santa Clara,085,1922200,59446,51502,218,51720,523
2020-12-16,Santa Cruz,087,273765,7669,6536,189,6725,63
2020-12-16,Shasta,089,179085,7418,6914,526,7440,62
2020-12-16,Sierra,091,2930,23,23,0,23,0
2020-12-16,Siskiyou,093,43540,934,818,80,898,2
2020-12-16,Solano,095,438530,16023,14157,146,14303,96
2020-12-16,Sonoma,097,501317,16989,15768,96,15864,170
2020-12-16,Stanislaus,099,539301,30890,28279,2436,30715,489
2020-12-16,Sutter,101,95872,5707,5223,38,5261,39
2020-12-16,Tehama,103,63373,2633,2441,174,2615,9
2020-12-16,Trinity,105,12862,383,212,50,262,2
2020-12-16,Tulare,107,460477,30095,27500,2828,30328,352
2020-12-16,Tuolumne,109,53932,2170,1941,10,1951,11
2020-12-16,Ventura,111,848112,33034,28566,1212,29778,203
2020-12-16,Yolo,113,214977,7475,6649,42,6691,103
2020-12-16,Yuba,115,75493,3295,2980,30,3010,11
2020-12-15,Alameda,001,1643700,44256,40026,662,40688,492
2020-12-15,Alpine,003,1148,65,64,0,64,0
2020-12-15,Amador,005,37829,1918,1669,10,1679,19
2020-12-15,Butte,007,227075,6276,5565,576,6141,75
2020-12-15,Calaveras,009,45235,891,799,0,799,21
2020-12-15,Colusa,011,21464,1129,1026,44,1070,7
2020-12-15,Contra Costa,013,1133247,34705,31423,319,31742,281
2020-12-15,Del Norte,015,27424,669,564,0,564,1
2020-12-15,El Dorado,017,186661,5013,4113,173,4286,9
2020-12-15,Fresno,019,978130,58670,47316,3276,50592,574
2020-12-15,Glenn,021,27897,1329,1207,156,1363,9
2020-12-15,Humboldt,023,135768,1431,1276,5,1281,12
2020-12-15,Imperial,025,180216,21076,19756,604,20360,380
2020-12-15,Inyo,027,18085,515,394,6,400,16
2020-12-15,Kern,029,883053,57003,52002,3427,55429,511
2020-12-15,Kings,031,150075,14764,13652,379,14031,97
2020-12-15,Lake,033,64148,1567,1341,0,1341,21
2020-12-15,Lassen,035,31185,3679,3378,33,3411,1
2020-12-15,Los Angeles,037,10098052,608889,536258,13584,549842,8429
2020-12-15,Madera,039,155013,9187,8118,300,8418,60
2020-12-15,Marin,041,260295,9026,8528,57,8585,141
2020-12-15,Mariposa,043,17540,193,171,2,173,3
2020-12-15,Mendocino,045,87422,2102,1883,19,1902,24
2020-12-15,Merced,047,269075,16445,15120,242,15362,190
2020-12-15,Modoc,049,8938,208,179,64,243,0
2020-12-15,Mono,051,14174,766,702,11,713,3
2020-12-15,Monterey,053,433212,22944,19905,470,20375,161
2020-12-15,Napa,055,140530,4926,4440,23,4463,23
2020-12-15,Nevada,057,99092,2360,2117,70,2187,11
2020-12-15,Orange,059,3164182,128095,112893,4434,117327,1689
2020-12-15,Placer,061,380077,12037,10301,366,10667,95
2020-12-15,Plumas,063,18699,400,313,8,321,0
2020-12-15,Riverside,065,2383286,147047,131822,5347,137169,1624
2020-12-15,Sacramento,067,1510023,56216,51076,394,51470,703
2020-12-15,San Benito,069,59416,2873,2520,21,2541,19
2020-12-15,San Bernardino,071,2135413,160741,137548,3970,141518,1351
2020-12-15,San Diego,073,3302833,127341,111441,5463,116904,1194
2020-12-15,San Francisco,075,870044,20717,19283,171,19454,171
2020-12-15,San Joaquin,077,732212,38641,33849,1043,34892,537
2020-12-15,San Luis Obispo,079,281455,9181,8074,189,8263,55
2020-12-15,San Mateo,081,765935,21485,18907,55,18962,178
2020-12-15,Santa Barbara,083,443738,14897,13782,345,14127,144
2020-12-15,Santa Clara,085,1922200,58017,50311,215,50526,505
2020-12-15,Santa Cruz,087,273765,7482,6361,176,6537,59
2020-12-15,Shasta,089,179085,7359,6794,501,7295,54
2020-12-15,Sierra,091,2930,23,23,0,23,0
2020-12-15,Siskiyou,093,43540,926,812,79,891,2
2020-12-15,Solano,095,438530,15669,13796,146,13942,95
2020-12-15,Sonoma,097,501317,16768,15406,96,15502,167
2020-12-15,Stanislaus,099,539301,30393,27823,2357,30180,485
2020-12-15,Sutter,101,95872,5609,5080,37,5117,36
2020-12-15,Tehama,103,63373,2595,2392,168,2560,9
2020-12-15,Trinity,105,12862,375,213,48,261,1
2020-12-15,Tulare,107,460477,29596,27026,2740,29766,342
2020-12-15,Tuolumne,109,53932,2140,1874,10,1884,8
2020-12-15,Ventura,111,848112,32412,27936,1165,29101,201
2020-12-15,Yolo,113,214977,7350,6531,40,6571,104
2020-12-15,Yuba,115,75493,3200,2891,29,2920,11
2020-12-14,Alameda,001,1643700,43354,39252,643,39895,487
2020-12-14,Alpine,003,1148,65,63,0,63,0
2020-12-14,Amador,005,37829,1846,1609,10,1619,19
2020-12-14,Butte,007,227075,6108,5202,559,5761,75
2020-12-14,Calaveras,009,45235,853,718,0,718,21
2020-12-14,Colusa,011,21464,1105,949,43,992,7
2020-12-14,Contra Costa,013,1133247,34015,30594,305,30899,281
2020-12-14,Del Norte,015,27424,663,560,0,560,1
2020-12-14,El Dorado,017,186661,4857,4018,157,4175,9
2020-12-14,Fresno,019,978130,57647,44726,3101,47827,560
2020-12-14,Glenn,021,27897,1303,1186,148,1334,9
2020-12-14,Humboldt,023,135768,1418,1256,5,1261,9
2020-12-14,Imperial,025,180216,20836,19608,530,20138,379
2020-12-14,Inyo,027,18085,502,382,6,388,16
2020-12-14,Kern,029,883053,55966,50538,3306,53844,510
2020-12-14,Kings,031,150075,14579,13491,352,13843,97
2020-12-14,Lake,033,64148,1516,1301,0,1301,21
2020-12-14,Lassen,035,31185,3581,2905,30,2935,1
2020-12-14,Los Angeles,037,10098052,591253,524668,12955,537623,8340
2020-12-14,Madera,039,155013,8922,8011,291,8302,60
2020-12-14,Marin,041,260295,8941,8475,56,8531,141
2020-12-14,Mariposa,043,17540,192,171,2,173,3
2020-12-14,Mendocino,045,87422,2081,1845,19,1864,24
2020-12-14,Merced,047,269075,16040,14572,228,14800,189
2020-12-14,Modoc,049,8938,202,180,62,242,0
2020-12-14,Mono,051,14174,758,685,11,696,3
2020-12-14,Monterey,053,433212,22421,19154,464,19618,155
2020-12-14,Napa,055,140530,4832,4289,23,4312,22
2020-12-14,Nevada,057,99092,2323,2070,67,2137,11
2020-12-14,Orange,059,3164182,124210,108602,4298,112900,1688
2020-12-14,Placer,061,380077,11756,9551,355,9906,95
2020-12-14,Plumas,063,18699,388,309,8,317,0
2020-12-14,Riverside,065,2383286,142925,123715,5085,128800,1588
2020-12-14,Sacramento,067,1510023,55109,50304,369,50673,691
2020-12-14,San Benito,069,59416,2807,2467,20,2487,19
2020-12-14,San Bernardino,071,2135413,156290,129151,3844,132995,1347
2020-12-14,San Diego,073,3302833,123605,109578,5278,114856,1162
2020-12-14,San Francisco,075,870044,20347,18904,169,19073,171
2020-12-14,San Joaquin,077,732212,37806,32522,997,33519,534
2020-12-14,San Luis Obispo,079,281455,8936,7791,185,7976,52
2020-12-14,San Mateo,081,765935,20988,18361,52,18413,178
2020-12-14,Santa Barbara,083,443738,14624,13587,337,13924,144
2020-12-14,Santa Clara,085,1922200,56504,49180,204,49384,502
2020-12-14,Santa Cruz,087,273765,7300,6049,161,6210,54
2020-12-14,Shasta,089,179085,7270,6665,483,7148,54
2020-12-14,Sierra,091,2930,23,21,0,21,0
2020-12-14,Siskiyou,093,43540,903,764,73,837,2
2020-12-14,Solano,095,438530,15313,13352,145,13497,93
2020-12-14,Sonoma,097,501317,16461,14807,95,14902,167
2020-12-14,Stanislaus,099,539301,29865,27311,2311,29622,485
2020-12-14,Sutter,101,95872,5505,5001,30,5031,35
2020-12-14,Tehama,103,63373,2553,2344,165,2509,9
2020-12-14,Trinity,105,12862,371,205,46,251,1
2020-12-14,Tulare,107,460477,29117,25735,2651,28386,341
2020-12-14,Tuolumne,109,53932,2087,1647,10,1657,8
2020-12-14,Ventura,111,848112,31489,27436,1107,28543,202
2020-12-14,Yolo,113,214977,7192,6389,39,6428,95
2020-12-14,Yuba,115,75493,3137,2851,29,2880,11
2020-12-13,Alameda,001,1643700,42153,38064,619,38683,486
2020-12-13,Alpine,003,1148,65,63,0,63,0
2020-12-13,Amador,005,37829,1790,1457,9,1466,19
2020-12-13,Butte,007,227075,5960,5103,521,5624,75
2020-12-13,Calaveras,009,45235,819,710,0,710,21
2020-12-13,Colusa,011,21464,1089,945,40,985,7
2020-12-13,Contra Costa,013,1133247,33288,29667,299,29966,281
2020-12-13,Del Norte,015,27424,611,542,0,542,1
2020-12-13,El Dorado,017,186661,4756,3770,148,3918,9
2020-12-13,Fresno,019,978130,56541,44114,2946,47060,559
2020-12-13,Glenn,021,27897,1290,1171,137,1308,9
2020-12-13,Humboldt,023,135768,1395,1238,4,1242,9
2020-12-13,Imperial,025,180216,20554,19472,410,19882,379
2020-12-13,Inyo,027,18085,481,380,6,386,16
2020-12-13,Kern,029,883053,54937,49051,3152,52203,510
2020-12-13,Kings,031,150075,14299,13357,334,13691,97
2020-12-13,Lake,033,64148,1475,1271,0,1271,21
2020-12-13,Lassen,035,31185,3474,2867,25,2892,1
2020-12-13,Los Angeles,037,10098052,573619,517472,12267,529739,8294
2020-12-13,Madera,039,155013,8737,7909,278,8187,60
2020-12-13,Marin,041,260295,8821,8409,56,8465,141
2020-12-13,Mariposa,043,17540,188,167,2,169,3
2020-12-13,Mendocino,045,87422,2047,1793,19,1812,24
2020-12-13,Merced,047,269075,15688,14384,225,14609,189
2020-12-13,Modoc,049,8938,192,179,57,236,0
2020-12-13,Mono,051,14174,742,675,11,686,3
2020-12-13,Monterey,053,433212,22000,18913,450,19363,153
2020-12-13,Napa,055,140530,4724,4194,23,4217,22
2020-12-13,Nevada,057,99092,2276,2030,65,2095,11
2020-12-13,Orange,059,3164182,120274,104768,4125,108893,1688
2020-12-13,Placer,061,380077,11442,9405,337,9742,95
2020-12-13,Plumas,063,18699,382,291,8,299,0
2020-12-13,Riverside,065,2383286,138800,119691,4825,124516,1581
2020-12-13,Sacramento,067,1510023,53841,49480,341,49821,682
2020-12-13,San Benito,069,59416,2738,2408,19,2427,19
2020-12-13,San Bernardino,071,2135413,151392,126718,3689,130407,1333
2020-12-13,San Diego,073,3302833,120005,107372,5109,112481,1162
2020-12-13,San Francisco,075,870044,20010,18686,160,18846,167
2020-12-13,San Joaquin,077,732212,37004,32170,957,33127,534
2020-12-13,San Luis Obispo,079,281455,8745,7625,177,7802,52
2020-12-13,San Mateo,081,765935,20497,18090,46,18136,177
2020-12-13,Santa Barbara,083,443738,14355,13249,323,13572,144
2020-12-13,Santa Clara,085,1922200,55097,47920,196,48116,499
2020-12-13,Santa Cruz,087,273765,7053,5986,151,6137,54
2020-12-13,Shasta,089,179085,7196,6647,457,7104,54
2020-12-13,Sierra,091,2930,23,21,0,21,0
2020-12-13,Siskiyou,093,43540,890,762,68,830,2
2020-12-13,Solano,095,438530,14878,13276,142,13418,93
2020-12-13,Sonoma,097,501317,16148,14495,94,14589,167
2020-12-13,Stanislaus,099,539301,29308,26569,2260,28829,485
2020-12-13,Sutter,101,95872,5378,4798,26,4824,34
2020-12-13,Tehama,103,63373,2508,2325,150,2475,9
2020-12-13,Trinity,105,12862,365,204,46,250,1
2020-12-13,Tulare,107,460477,28635,25496,2574,28070,340
2020-12-13,Tuolumne,109,53932,2025,1611,10,1621,8
2020-12-13,Ventura,111,848112,30490,26588,1047,27635,202
2020-12-13,Yolo,113,214977,7006,6265,33,6298,95
2020-12-13,Yuba,115,75493,3074,2754,26,2780,11
2020-12-12,Alameda,001,1643700,41711,37027,600,37627,486
2020-12-12,Alpine,003,1148,65,63,0,63,0
2020-12-12,Amador,005,37829,1762,1236,8,1244,19
2020-12-12,Butte,007,227075,5887,4972,507,5479,73
2020-12-12,Calaveras,009,45235,809,708,0,708,21
2020-12-12,Colusa,011,21464,1069,945,39,984,7
2020-12-12,Contra Costa,013,1133247,32941,29506,290,29796,281
2020-12-12,Del Norte,015,27424,603,529,0,529,1
2020-12-12,El Dorado,017,186661,4681,3706,132,3838,9
2020-12-12,Fresno,019,978130,56190,43756,2887,46643,559
2020-12-12,Glenn,021,27897,1282,1143,133,1276,8
2020-12-12,Humboldt,023,135768,1376,1208,4,1212,9
2020-12-12,Imperial,025,180216,20465,18947,355,19302,379
2020-12-12,Inyo,027,18085,475,380,6,386,16
2020-12-12,Kern,029,883053,54417,48194,3065,51259,507
2020-12-12,Kings,031,150075,14210,13205,330,13535,96
2020-12-12,Lake,033,64148,1459,1232,0,1232,21
2020-12-12,Lassen,035,31185,3451,2866,22,2888,1
2020-12-12,Los Angeles,037,10098052,566805,504317,11772,516089,8269
2020-12-12,Madera,039,155013,8610,7765,275,8040,59
2020-12-12,Marin,041,260295,8765,8363,55,8418,141
2020-12-12,Mariposa,043,17540,187,164,2,166,3
2020-12-12,Mendocino,045,87422,2011,1771,19,1790,24
2020-12-12,Merced,047,269075,15596,14181,221,14402,188
2020-12-12,Modoc,049,8938,191,169,54,223,0
2020-12-12,Mono,051,14174,735,640,11,651,3
2020-12-12,Monterey,053,433212,21887,18596,421,19017,151
2020-12-12,Napa,055,140530,4679,4113,23,4136,22
2020-12-12,Nevada,057,99092,2258,1981,63,2044,10
2020-12-12,Orange,059,3164182,118379,100468,3980,104448,1674
2020-12-12,Placer,061,380077,11277,9390,332,9722,95
2020-12-12,Plumas,063,18699,376,291,8,299,0
2020-12-12,Riverside,065,2383286,136741,118335,4624,122959,1579
2020-12-12,Sacramento,067,1510023,53259,48319,328,48647,673
2020-12-12,San Benito,069,59416,2683,2355,19,2374,19
2020-12-12,San Bernardino,071,2135413,149759,125741,3587,129328,1321
2020-12-12,San Diego,073,3302833,118384,104958,5012,109970,1151
2020-12-12,San Francisco,075,870044,19813,18413,156,18569,167
2020-12-12,San Joaquin,077,732212,36677,32200,927,33127,534
2020-12-12,San Luis Obispo,079,281455,8646,7462,171,7633,50
2020-12-12,San Mateo,081,765935,20276,17574,45,17619,177
2020-12-12,Santa Barbara,083,443738,14203,13174,315,13489,144
2020-12-12,Santa Clara,085,1922200,54162,45892,193,46085,498
2020-12-12,Santa Cruz,087,273765,6956,5905,142,6047,54
2020-12-12,Shasta,089,179085,7163,6551,439,6990,54
2020-12-12,Sierra,091,2930,23,21,0,21,0
2020-12-12,Siskiyou,093,43540,888,762,65,827,2
2020-12-12,Solano,095,438530,14684,12748,135,12883,93
2020-12-12,Sonoma,097,501317,16027,14466,94,14560,166
2020-12-12,Stanislaus,099,539301,29002,26246,2211,28457,483
2020-12-12,Sutter,101,95872,5316,4717,26,4743,32
2020-12-12,Tehama,103,63373,2490,2252,145,2397,9
2020-12-12,Trinity,105,12862,363,204,44,248,1
2020-12-12,Tulare,107,460477,28371,25333,2515,27848,341
2020-12-12,Tuolumne,109,53932,1981,1536,10,1546,8
2020-12-12,Ventura,111,848112,30045,25955,1014,26969,202
2020-12-12,Yolo,113,214977,6923,6116,31,6147,95
2020-12-12,Yuba,115,75493,3047,2692,25,2717,10
2020-12-11,Alameda,001,1643700,41144,36281,588,36869,482
2020-12-11,Alpine,003,1148,65,63,0,63,0
2020-12-11,Amador,005,37829,1746,1213,8,1221,19
2020-12-11,Butte,007,227075,5814,4941,489,5430,73
2020-12-11,Calaveras,009,45235,793,697,0,697,21
2020-12-11,Colusa,011,21464,1059,923,37,960,7
2020-12-11,Contra Costa,013,1133247,32509,29036,287,29323,282
2020-12-11,Del Norte,015,27424,595,505,0,505,1
2020-12-11,El Dorado,017,186661,4600,3669,117,3786,9
2020-12-11,Fresno,019,978130,55177,43071,2821,45892,550
2020-12-11,Glenn,021,27897,1266,1135,129,1264,8
2020-12-11,Humboldt,023,135768,1358,1190,4,1194,9
2020-12-11,Imperial,025,180216,20375,18599,311,18910,377
2020-12-11,Inyo,027,18085,465,372,6,378,16
2020-12-11,Kern,029,883053,53739,47664,3002,50666,502
2020-12-11,Kings,031,150075,14066,13118,326,13444,94
2020-12-11,Lake,033,64148,1442,1205,0,1205,21
2020-12-11,Lassen,035,31185,3439,2790,21,2811,1
2020-12-11,Los Angeles,037,10098052,554992,493592,11363,504955,8198
2020-12-11,Madera,039,155013,8518,7648,265,7913,59
2020-12-11,Marin,041,260295,8676,8317,54,8371,141
2020-12-11,Mariposa,043,17540,186,164,2,166,3
2020-12-11,Mendocino,045,87422,1987,1769,19,1788,24
2020-12-11,Merced,047,269075,15476,14038,213,14251,186
2020-12-11,Modoc,049,8938,191,168,53,221,0
2020-12-11,Mono,051,14174,725,631,11,642,3
2020-12-11,Monterey,053,433212,21586,18421,416,18837,150
2020-12-11,Napa,055,140530,4624,4054,23,4077,22
2020-12-11,Nevada,057,99092,2241,1959,60,2019,10
2020-12-11,Orange,059,3164182,116062,98357,3879,102236,1656
2020-12-11,Placer,061,380077,11115,8904,316,9220,93
2020-12-11,Plumas,063,18699,368,286,8,294,0
2020-12-11,Riverside,065,2383286,133664,115329,4406,119735,1573
2020-12-11,Sacramento,067,1510023,52596,47468,320,47788,669
2020-12-11,San Benito,069,59416,2632,2319,19,2338,19
2020-12-11,San Bernardino,071,2135413,147061,123092,3473,126565,1313
2020-12-11,San Diego,073,3302833,116424,102468,4929,107397,1137
2020-12-11,San Francisco,075,870044,19583,18246,155,18401,165
2020-12-11,San Joaquin,077,732212,36328,32044,900,32944,534
2020-12-11,San Luis Obispo,079,281455,8485,7415,169,7584,49
2020-12-11,San Mateo,081,765935,20006,17240,34,17274,177
2020-12-11,Santa Barbara,083,443738,14060,12997,307,13304,144
2020-12-11,Santa Clara,085,1922200,53155,45101,184,45285,494
2020-12-11,Santa Cruz,087,273765,6836,5764,133,5897,50
2020-12-11,Shasta,089,179085,7118,6459,432,6891,54
2020-12-11,Sierra,091,2930,23,19,0,19,0
2020-12-11,Siskiyou,093,43540,881,753,62,815,2
2020-12-11,Solano,095,438530,14497,12554,131,12685,92
2020-12-11,Sonoma,097,501317,15860,14298,92,14390,166
2020-12-11,Stanislaus,099,539301,28730,25928,2164,28092,464
2020-12-11,Sutter,101,95872,5253,4600,25,4625,30
2020-12-11,Tehama,103,63373,2459,2232,141,2373,9
2020-12-11,Trinity,105,12862,360,204,44,248,1
2020-12-11,Tulare,107,460477,28016,24953,2462,27415,338
2020-12-11,Tuolumne,109,53932,1966,1510,10,1520,8
2020-12-11,Ventura,111,848112,29438,24999,992,25991,202
2020-12-11,Yolo,113,214977,6819,6006,30,6036,95
2020-12-11,Yuba,115,75493,2986,2649,23,2672,10
2020-12-10,Alameda,001,1643700,40374,35686,568,36254,477
2020-12-10,Alpine,003,1148,65,63,0,63,0
2020-12-10,Amador,005,37829,1689,1191,8,1199,18
2020-12-10,Butte,007,227075,5699,4863,465,5328,72
2020-12-10,Calaveras,009,45235,775,684,0,684,21
2020-12-10,Colusa,011,21464,1036,909,34,943,7
2020-12-10,Contra Costa,013,1133247,31831,28413,281,28694,276
2020-12-10,Del Norte,015,27424,584,501,0,501,1
2020-12-10,El Dorado,017,186661,4482,3557,112,3669,9
2020-12-10,Fresno,019,978130,54200,42461,2681,45142,540
2020-12-10,Glenn,021,27897,1246,1126,120,1246,8
2020-12-10,Humboldt,023,135768,1338,1140,4,1144,9
2020-12-10,Imperial,025,180216,20163,18333,236,18569,370
2020-12-10,Inyo,027,18085,445,365,6,371,15
2020-12-10,Kern,029,883053,52758,47176,2839,50015,499
2020-12-10,Kings,031,150075,13908,12993,320,13313,92
2020-12-10,Lake,033,64148,1402,1167,0,1167,21
2020-12-10,Lassen,035,31185,3417,2764,17,2781,0
2020-12-10,Los Angeles,037,10098052,541010,480354,10838,491192,8149
2020-12-10,Madera,039,155013,8409,7445,250,7695,59
2020-12-10,Marin,041,260295,8626,8245,53,8298,140
2020-12-10,Mariposa,043,17540,185,160,2,162,3
2020-12-10,Mendocino,045,87422,1961,1748,16,1764,24
2020-12-10,Merced,047,269075,15230,13756,210,13966,186
2020-12-10,Modoc,049,8938,186,165,51,216,0
2020-12-10,Mono,051,14174,720,601,11,612,3
2020-12-10,Monterey,053,433212,21104,18266,406,18672,145
2020-12-10,Napa,055,140530,4538,3974,22,3996,22
2020-12-10,Nevada,057,99092,2205,1919,60,1979,10
2020-12-10,Orange,059,3164182,112958,95297,3719,99016,1651
2020-12-10,Placer,061,380077,10862,8906,299,9205,90
2020-12-10,Plumas,063,18699,357,281,8,289,0
2020-12-10,Riverside,065,2383286,129978,112794,4139,116933,1552
2020-12-10,Sacramento,067,1510023,51695,46471,299,46770,664
2020-12-10,San Benito,069,59416,2571,2268,18,2286,19
2020-12-10,San Bernardino,071,2135413,142818,120186,3299,123485,1306
2020-12-10,San Diego,073,3302833,113899,99601,4780,104381,1114
2020-12-10,San Francisco,075,870044,19275,17945,148,18093,164
2020-12-10,San Joaquin,077,732212,35693,31228,871,32099,534
2020-12-10,San Luis Obispo,079,281455,8322,7245,158,7403,49
2020-12-10,San Mateo,081,765935,19564,16701,24,16725,177
2020-12-10,Santa Barbara,083,443738,13881,12788,299,13087,143
2020-12-10,Santa Clara,085,1922200,52000,43939,170,44109,491
2020-12-10,Santa Cruz,087,273765,6670,5645,121,5766,48
2020-12-10,Shasta,089,179085,7051,6312,407,6719,53
2020-12-10,Sierra,091,2930,23,18,0,18,0
2020-12-10,Siskiyou,093,43540,871,712,61,773,2
2020-12-10,Solano,095,438530,14133,12017,126,12143,90
2020-12-10,Sonoma,097,501317,15604,14282,90,14372,167
2020-12-10,Stanislaus,099,539301,28271,25582,2090,27672,464
2020-12-10,Sutter,101,95872,5123,4528,23,4551,27
2020-12-10,Tehama,103,63373,2415,2190,133,2323,9
2020-12-10,Trinity,105,12862,356,202,42,244,1
2020-12-10,Tulare,107,460477,27559,24506,2399,26905,337
2020-12-10,Tuolumne,109,53932,1724,1451,10,1461,8
2020-12-10,Ventura,111,848112,28588,24075,948,25023,202
2020-12-10,Yolo,113,214977,6698,5896,29,5925,95
2020-12-10,Yuba,115,75493,2922,2604,22,2626,10
2020-12-09,Alameda,001,1643700,39538,35047,547,35594,470
2020-12-09,Alpine,003,1148,65,58,0,58,0
2020-12-09,Amador,005,37829,1646,1121,8,1129,19
2020-12-09,Butte,007,227075,5556,4733,445,5178,70
2020-12-09,Calaveras,009,45235,746,670,0,670,21
2020-12-09,Colusa,011,21464,1021,896,33,929,7
2020-12-09,Contra Costa,013,1133247,31123,28308,269,28577,273
2020-12-09,Del Norte,015,27424,576,481,0,481,2
2020-12-09,El Dorado,017,186661,4347,3449,104,3553,8
2020-12-09,Fresno,019,978130,53200,41954,2528,44482,533
2020-12-09,Glenn,021,27897,1232,1107,114,1221,8
2020-12-09,Humboldt,023,135768,1306,1086,4,1090,10
2020-12-09,Imperial,025,180216,19905,17757,200,17957,368
2020-12-09,Inyo,027,18085,432,356,6,362,15
2020-12-09,Kern,029,883053,51601,46379,2697,49076,494
2020-12-09,Kings,031,150075,13763,12716,312,13028,92
2020-12-09,Lake,033,64148,1373,1158,0,1158,20
2020-12-09,Lassen,035,31185,3348,2331,15,2346,0
2020-12-09,Los Angeles,037,10098052,527506,467971,10302,478273,8075
2020-12-09,Madera,039,155013,8293,7216,247,7463,59
2020-12-09,Marin,041,260295,8563,8182,52,8234,138
2020-12-09,Mariposa,043,17540,183,154,2,156,3
2020-12-09,Mendocino,045,87422,1936,1703,15,1718,24
2020-12-09,Merced,047,269075,14989,13588,204,13792,183
2020-12-09,Modoc,049,8938,181,146,42,188,0
2020-12-09,Mono,051,14174,708,601,11,612,3
2020-12-09,Monterey,053,433212,20703,17891,398,18289,143
2020-12-09,Napa,055,140530,4452,3858,21,3879,21
2020-12-09,Nevada,057,99092,2152,1864,60,1924,10
2020-12-09,Orange,059,3164182,109861,93763,3551,97314,1629
2020-12-09,Placer,061,380077,10601,8588,285,8873,85
2020-12-09,Plumas,063,18699,349,271,8,279,0
2020-12-09,Riverside,065,2383286,126276,110376,3938,114314,1543
2020-12-09,Sacramento,067,1510023,50632,45284,274,45558,659
2020-12-09,San Benito,069,59416,2499,2217,16,2233,19
2020-12-09,San Bernardino,071,2135413,138538,114516,3103,117619,1305
2020-12-09,San Diego,073,3302833,110919,97551,4641,102192,1103
2020-12-09,San Francisco,075,870044,18974,17628,147,17775,163
2020-12-09,San Joaquin,077,732212,34879,30539,847,31386,531
2020-12-09,San Luis Obispo,079,281455,8104,7105,150,7255,47
2020-12-09,San Mateo,081,765935,19115,16422,23,16445,175
2020-12-09,Santa Barbara,083,443738,13681,12630,289,12919,142
2020-12-09,Santa Clara,085,1922200,50823,42912,155,43067,489
2020-12-09,Santa Cruz,087,273765,6509,5527,106,5633,47
2020-12-09,Shasta,089,179085,6986,6105,393,6498,52
2020-12-09,Sierra,091,2930,23,18,0,18,0
2020-12-09,Siskiyou,093,43540,860,713,60,773,2
2020-12-09,Solano,095,438530,13790,11862,118,11980,90
2020-12-09,Sonoma,097,501317,15347,13994,87,14081,164
2020-12-09,Stanislaus,099,539301,27782,25157,2027,27184,463
2020-12-09,Sutter,101,95872,5005,4418,19,4437,24
2020-12-09,Tehama,103,63373,2379,2102,129,2231,9
2020-12-09,Trinity,105,12862,348,199,39,238,0
2020-12-09,Tulare,107,460477,26957,24124,2323,26447,334
2020-12-09,Tuolumne,109,53932,1691,1319,10,1329,8
2020-12-09,Ventura,111,848112,27724,23830,906,24736,201
2020-12-09,Yolo,113,214977,6573,5760,27,5787,95
2020-12-09,Yuba,115,75493,2854,2513,21,2534,10
2020-12-08,Alameda,001,1643700,38636,34373,531,34904,469
2020-12-08,Alpine,003,1148,64,53,0,53,0
2020-12-08,Amador,005,37829,1360,1043,8,1051,17
2020-12-08,Butte,007,227075,5398,4651,405,5056,70
2020-12-08,Calaveras,009,45235,722,657,0,657,21
2020-12-08,Colusa,011,21464,1005,875,32,907,6
2020-12-08,Contra Costa,013,1133247,30428,27926,254,28180,270
2020-12-08,Del Norte,015,27424,562,465,0,465,2
2020-12-08,El Dorado,017,186661,4223,3296,91,3387,8
2020-12-08,Fresno,019,978130,51935,41574,2373,43947,529
2020-12-08,Glenn,021,27897,1212,1094,106,1200,8
2020-12-08,Humboldt,023,135768,1280,1059,4,1063,10
2020-12-08,Imperial,025,180216,19395,17568,193,17761,363
2020-12-08,Inyo,027,18085,408,333,6,339,15
2020-12-08,Kern,029,883053,50308,45116,2545,47661,487
2020-12-08,Kings,031,150075,13609,12623,303,12926,90
2020-12-08,Lake,033,64148,1333,1127,0,1127,20
2020-12-08,Lassen,035,31185,3192,2165,15,2180,0
2020-12-08,Los Angeles,037,10098052,514800,459738,9829,469567,8004
2020-12-08,Madera,039,155013,8164,7082,235,7317,59
2020-12-08,Marin,041,260295,8487,8099,51,8150,137
2020-12-08,Mariposa,043,17540,179,150,2,152,2
2020-12-08,Mendocino,045,87422,1894,1666,15,1681,23
2020-12-08,Merced,047,269075,14677,13380,203,13583,181
2020-12-08,Modoc,049,8938,173,138,39,177,0
2020-12-08,Mono,051,14174,694,597,11,608,3
2020-12-08,Monterey,053,433212,20132,17752,391,18143,134
2020-12-08,Napa,055,140530,4366,3778,19,3797,22
2020-12-08,Nevada,057,99092,2098,1809,57,1866,11
2020-12-08,Orange,059,3164182,106638,91406,3387,94793,1629
2020-12-08,Placer,061,380077,10333,8224,280,8504,82
2020-12-08,Plumas,063,18699,339,258,8,266,0
2020-12-08,Riverside,065,2383286,122908,107620,3761,111381,1514
2020-12-08,Sacramento,067,1510023,49569,44635,259,44894,649
2020-12-08,San Benito,069,59416,2445,2180,16,2196,18
2020-12-08,San Bernardino,071,2135413,134191,110676,2981,113657,1301
2020-12-08,San Diego,073,3302833,107548,95447,4484,99931,1088
2020-12-08,San Francisco,075,870044,18666,17384,145,17529,162
2020-12-08,San Joaquin,077,732212,33985,30225,814,31039,530
2020-12-08,San Luis Obispo,079,281455,7975,6903,139,7042,45
2020-12-08,San Mateo,081,765935,18716,16305,23,16328,175
2020-12-08,Santa Barbara,083,443738,13498,12516,280,12796,141
2020-12-08,Santa Clara,085,1922200,49513,41309,147,41456,484
2020-12-08,Santa Cruz,087,273765,6328,5374,104,5478,45
2020-12-08,Shasta,089,179085,6876,5946,385,6331,50
2020-12-08,Sierra,091,2930,22,18,0,18,0
2020-12-08,Siskiyou,093,43540,846,704,58,762,2
2020-12-08,Solano,095,438530,13384,11669,116,11785,89
2020-12-08,Sonoma,097,501317,15088,13601,86,13687,164
2020-12-08,Stanislaus,099,539301,27290,24793,1962,26755,461
2020-12-08,Sutter,101,95872,4909,4342,18,4360,24
2020-12-08,Tehama,103,63373,2305,2057,121,2178,9
2020-12-08,Trinity,105,12862,339,198,38,236,0
2020-12-08,Tulare,107,460477,26352,23607,2260,25867,330
2020-12-08,Tuolumne,109,53932,1667,1264,10,1274,7
2020-12-08,Ventura,111,848112,27063,23665,864,24529,195
2020-12-08,Yolo,113,214977,6441,5560,27,5587,90
2020-12-08,Yuba,115,75493,2776,2477,21,2498,10
2020-12-07,Alameda,001,1643700,37771,33887,497,34384,466
2020-12-07,Alpine,003,1148,63,53,0,53,0
2020-12-07,Amador,005,37829,1285,993,7,1000,17
2020-12-07,Butte,007,227075,5262,4604,384,4988,67
2020-12-07,Calaveras,009,45235,692,606,0,606,21
2020-12-07,Colusa,011,21464,980,825,27,852,6
2020-12-07,Contra Costa,013,1133247,29817,27307,240,27547,270
2020-12-07,Del Norte,015,27424,547,424,0,424,2
2020-12-07,El Dorado,017,186661,4044,3275,84,3359,8
2020-12-07,Fresno,019,978130,50461,41098,2252,43350,526
2020-12-07,Glenn,021,27897,1193,1085,100,1185,8
2020-12-07,Humboldt,023,135768,1245,1023,4,1027,9
2020-12-07,Imperial,025,180216,18978,17234,183,17417,364
2020-12-07,Inyo,027,18085,392,333,6,339,15
2020-12-07,Kern,029,883053,49283,44409,2411,46820,486
2020-12-07,Kings,031,150075,13466,12412,295,12707,90
2020-12-07,Lake,033,64148,1306,1090,0,1090,20
2020-12-07,Lassen,035,31185,3095,2167,15,2182,0
2020-12-07,Los Angeles,037,10098052,501124,451052,9402,460454,7937
2020-12-07,Madera,039,155013,7900,6935,230,7165,59
2020-12-07,Marin,041,260295,8429,8049,50,8099,136
2020-12-07,Mariposa,043,17540,176,146,2,148,2
2020-12-07,Mendocino,045,87422,1858,1638,14,1652,23
2020-12-07,Merced,047,269075,14318,13250,194,13444,179
2020-12-07,Modoc,049,8938,166,128,36,164,0
2020-12-07,Mono,051,14174,681,590,11,601,3
2020-12-07,Monterey,053,433212,19652,17746,380,18126,132
2020-12-07,Napa,055,140530,4275,3684,19,3703,21
2020-12-07,Nevada,057,99092,2049,1777,56,1833,11
2020-12-07,Orange,059,3164182,103371,89793,3268,93061,1628
2020-12-07,Placer,061,380077,10008,7911,266,8177,82
2020-12-07,Plumas,063,18699,327,256,5,261,0
2020-12-07,Riverside,065,2383286,119709,102363,3580,105943,1491
2020-12-07,Sacramento,067,1510023,48474,43419,242,43661,638
2020-12-07,San Benito,069,59416,2394,2165,15,2180,18
2020-12-07,San Bernardino,071,2135413,130240,108161,2866,111027,1295
2020-12-07,San Diego,073,3302833,104759,94171,4303,98474,1062
2020-12-07,San Francisco,075,870044,18370,17220,138,17358,161
2020-12-07,San Joaquin,077,732212,33110,28188,788,28976,530
2020-12-07,San Luis Obispo,079,281455,7793,6782,132,6914,45
2020-12-07,San Mateo,081,765935,18278,16029,22,16051,175
2020-12-07,Santa Barbara,083,443738,13256,12362,270,12632,141
2020-12-07,Santa Clara,085,1922200,48117,40621,138,40759,484
2020-12-07,Santa Cruz,087,273765,6164,5152,96,5248,41
2020-12-07,Shasta,089,179085,6753,5742,370,6112,50
2020-12-07,Sierra,091,2930,20,18,0,18,0
2020-12-07,Siskiyou,093,43540,820,652,58,710,2
2020-12-07,Solano,095,438530,13046,11354,112,11466,89
2020-12-07,Sonoma,097,501317,14804,13376,86,13462,164
2020-12-07,Stanislaus,099,539301,26716,24479,1909,26388,454
2020-12-07,Sutter,101,95872,4768,4106,18,4124,24
2020-12-07,Tehama,103,63373,2254,2030,116,2146,9
2020-12-07,Trinity,105,12862,335,194,38,232,0
2020-12-07,Tulare,107,460477,25804,22760,2201,24961,328
2020-12-07,Tuolumne,109,53932,1582,1256,9,1265,7
2020-12-07,Ventura,111,848112,26475,23354,828,24182,191
2020-12-07,Yolo,113,214977,6281,5537,26,5563,90
2020-12-07,Yuba,115,75493,2709,2428,19,2447,10
2020-12-06,Alameda,001,1643700,36779,33477,477,33954,465
2020-12-06,Alpine,003,1148,59,53,0,53,0
2020-12-06,Amador,005,37829,1222,952,6,958,17
2020-12-06,Butte,007,227075,5109,4527,351,4878,67
2020-12-06,Calaveras,009,45235,672,606,0,606,21
2020-12-06,Colusa,011,21464,963,824,23,847,6
2020-12-06,Contra Costa,013,1133247,29212,26566,233,26799,270
2020-12-06,Del Norte,015,27424,491,414,0,414,2
2020-12-06,El Dorado,017,186661,3907,3086,79,3165,8
2020-12-06,Fresno,019,978130,49507,40869,2136,43005,526
2020-12-06,Glenn,021,27897,1183,1067,96,1163,8
2020-12-06,Humboldt,023,135768,1220,1004,4,1008,9
2020-12-06,Imperial,025,180216,18671,16922,174,17096,364
2020-12-06,Inyo,027,18085,380,333,6,339,15
2020-12-06,Kern,029,883053,48292,43899,2244,46143,486
2020-12-06,Kings,031,150075,13194,12056,278,12334,90
2020-12-06,Lake,033,64148,1270,1075,0,1075,20
2020-12-06,Lassen,035,31185,2991,2168,13,2181,0
2020-12-06,Los Angeles,037,10098052,487521,443230,8970,452200,7910
2020-12-06,Madera,039,155013,7728,6826,221,7047,59
2020-12-06,Marin,041,260295,8349,8013,47,8060,136
2020-12-06,Mariposa,043,17540,175,144,2,146,2
2020-12-06,Mendocino,045,87422,1818,1614,14,1628,23
2020-12-06,Merced,047,269075,13982,12928,185,13113,179
2020-12-06,Modoc,049,8938,153,125,29,154,0
2020-12-06,Mono,051,14174,659,586,10,596,3
2020-12-06,Monterey,053,433212,19034,17426,370,17796,130
2020-12-06,Napa,055,140530,4163,3644,19,3663,21
2020-12-06,Nevada,057,99092,1990,1710,53,1763,10
2020-12-06,Orange,059,3164182,100300,87737,3139,90876,1627
2020-12-06,Placer,061,380077,9726,7837,247,8084,82
2020-12-06,Plumas,063,18699,314,254,4,258,0
2020-12-06,Riverside,065,2383286,116616,100088,3359,103447,1482
2020-12-06,Sacramento,067,1510023,47233,42808,228,43036,638
2020-12-06,San Benito,069,59416,2358,2135,15,2150,18
2020-12-06,San Bernardino,071,2135413,126089,106927,2712,109639,1286
2020-12-06,San Diego,073,3302833,101726,92173,4149,96322,1062
2020-12-06,San Francisco,075,870044,18047,17107,131,17238,161
2020-12-06,San Joaquin,077,732212,32266,28188,760,28948,530
2020-12-06,San Luis Obispo,079,281455,7628,6723,127,6850,45
2020-12-06,San Mateo,081,765935,17774,15855,20,15875,175
2020-12-06,Santa Barbara,083,443738,13024,12252,261,12513,141
2020-12-06,Santa Clara,085,1922200,46721,39112,133,39245,482
2020-12-06,Santa Cruz,087,273765,5987,5069,90,5159,40
2020-12-06,Shasta,089,179085,6612,5743,349,6092,49
2020-12-06,Sierra,091,2930,20,17,0,17,0
2020-12-06,Siskiyou,093,43540,801,652,56,708,2
2020-12-06,Solano,095,438530,12757,11354,102,11456,88
2020-12-06,Sonoma,097,501317,14515,13238,85,13323,164
2020-12-06,Stanislaus,099,539301,26156,24036,1845,25881,454
2020-12-06,Sutter,101,95872,4652,4009,17,4026,21
2020-12-06,Tehama,103,63373,2196,1982,107,2089,9
2020-12-06,Trinity,105,12862,328,181,36,217,0
2020-12-06,Tulare,107,460477,25272,22756,2134,24890,327
2020-12-06,Tuolumne,109,53932,1486,1210,9,1219,7
2020-12-06,Ventura,111,848112,25933,23035,803,23838,191
2020-12-06,Yolo,113,214977,6120,5465,22,5487,90
2020-12-06,Yuba,115,75493,2665,2340,18,2358,10
2020-12-05,Alameda,001,1643700,36421,32781,466,33247,465
2020-12-05,Alpine,003,1148,58,53,0,53,0
2020-12-05,Amador,005,37829,1198,847,6,853,17
2020-12-05,Butte,007,227075,5041,4455,332,4787,66
2020-12-05,Calaveras,009,45235,660,606,0,606,21
2020-12-05,Colusa,011,21464,945,825,20,845,6
2020-12-05,Contra Costa,013,1133247,28914,26217,226,26443,270
2020-12-05,Del Norte,015,27424,486,408,0,408,2
2020-12-05,El Dorado,017,186661,3842,3061,74,3135,8
2020-12-05,Fresno,019,978130,49188,40568,2082,42650,525
2020-12-05,Glenn,021,27897,1170,1056,90,1146,8
2020-12-05,Humboldt,023,135768,1187,979,4,983,9
2020-12-05,Imperial,025,180216,18497,16544,173,16717,362
2020-12-05,Inyo,027,18085,375,332,6,338,15
2020-12-05,Kern,029,883053,47829,43332,2159,45491,484
2020-12-05,Kings,031,150075,13113,11898,275,12173,90
2020-12-05,Lake,033,64148,1241,1069,0,1069,20
2020-12-05,Lassen,035,31185,2800,2168,11,2179,0
2020-12-05,Los Angeles,037,10098052,481721,433120,8655,441775,7888
2020-12-05,Madera,039,155013,7634,6619,214,6833,59
2020-12-05,Marin,041,260295,8322,7961,47,8008,136
2020-12-05,Mariposa,043,17540,170,143,2,145,2
2020-12-05,Mendocino,045,87422,1779,1585,14,1599,23
2020-12-05,Merced,047,269075,13875,12747,174,12921,180
2020-12-05,Modoc,049,8938,153,118,28,146,0
2020-12-05,Mono,051,14174,654,554,10,564,3
2020-12-05,Monterey,053,433212,18888,17077,366,17443,127
2020-12-05,Napa,055,140530,4092,3565,19,3584,21
2020-12-05,Nevada,057,99092,1975,1642,51,1693,10
2020-12-05,Orange,059,3164182,98833,85735,3042,88777,1612
2020-12-05,Placer,061,380077,9606,7811,238,8049,78
2020-12-05,Plumas,063,18699,307,246,1,247,0
2020-12-05,Riverside,065,2383286,115003,98612,3185,101797,1477
2020-12-05,Sacramento,067,1510023,46568,41878,214,42092,625
2020-12-05,San Benito,069,59416,2314,2073,15,2088,18
2020-12-05,San Bernardino,071,2135413,124561,105382,2584,107966,1283
2020-12-05,San Diego,073,3302833,100374,90470,4068,94538,1055
2020-12-05,San Francisco,075,870044,17861,16786,127,16913,161
2020-12-05,San Joaquin,077,732212,31999,28105,727,28832,523
2020-12-05,San Luis Obispo,079,281455,7561,6623,124,6747,44
2020-12-05,San Mateo,081,765935,17517,15512,20,15532,175
2020-12-05,Santa Barbara,083,443738,12924,12107,255,12362,141
2020-12-05,Santa Clara,085,1922200,45961,38339,128,38467,474
2020-12-05,Santa Cruz,087,273765,5914,4997,89,5086,40
2020-12-05,Shasta,089,179085,6551,5653,338,5991,49
2020-12-05,Sierra,091,2930,20,17,0,17,0
2020-12-05,Siskiyou,093,43540,793,649,55,704,2
2020-12-05,Solano,095,438530,12586,11351,100,11451,87
2020-12-05,Sonoma,097,501317,14419,13137,85,13222,164
2020-12-05,Stanislaus,099,539301,25837,23662,1810,25472,454
2020-12-05,Sutter,101,95872,4587,3937,17,3954,20
2020-12-05,Tehama,103,63373,2181,1926,105,2031,9
2020-12-05,Trinity,105,12862,327,177,36,213,0
2020-12-05,Tulare,107,460477,25053,22660,2076,24736,324
2020-12-05,Tuolumne,109,53932,1429,1180,9,1189,7
2020-12-05,Ventura,111,848112,25561,22710,789,23499,191
2020-12-05,Yolo,113,214977,6041,5351,21,5372,90
2020-12-05,Yuba,115,75493,2628,2275,18,2293,10
2020-12-04,Alameda,001,1643700,35871,31871,453,32324,465
2020-12-04,Alpine,003,1148,58,53,0,53,0
2020-12-04,Amador,005,37829,1184,766,3,769,16
2020-12-04,Butte,007,227075,4969,4336,312,4648,65
2020-12-04,Calaveras,009,45235,655,585,0,585,21
2020-12-04,Colusa,011,21464,931,790,18,808,6
2020-12-04,Contra Costa,013,1133247,28568,25705,214,25919,264
2020-12-04,Del Norte,015,27424,477,401,0,401,2
2020-12-04,El Dorado,017,186661,3754,2933,71,3004,7
2020-12-04,Fresno,019,978130,48478,40108,2014,42122,522
2020-12-04,Glenn,021,27897,1164,1017,82,1099,8
2020-12-04,Humboldt,023,135768,1169,960,4,964,9
2020-12-04,Imperial,025,180216,18250,16484,173,16657,362
2020-12-04,Inyo,027,18085,366,324,6,330,15
2020-12-04,Kern,029,883053,47278,42497,2057,44554,485
2020-12-04,Kings,031,150075,13020,11767,269,12036,88
2020-12-04,Lake,033,64148,1211,1018,0,1018,20
2020-12-04,Lassen,035,31185,2793,2167,10,2177,0
2020-12-04,Los Angeles,037,10098052,473097,424164,8364,432528,7845
2020-12-04,Madera,039,155013,7539,6479,211,6690,58
2020-12-04,Marin,041,260295,8267,7896,44,7940,136
2020-12-04,Mariposa,043,17540,170,136,2,138,2
2020-12-04,Mendocino,045,87422,1760,1563,13,1576,23
2020-12-04,Merced,047,269075,13760,12474,166,12640,177
2020-12-04,Modoc,049,8938,153,115,28,143,0
2020-12-04,Mono,051,14174,649,549,10,559,3
2020-12-04,Monterey,053,433212,18676,16737,357,17094,127
2020-12-04,Napa,055,140530,4038,3432,19,3451,19
2020-12-04,Nevada,057,99092,1950,1560,48,1608,10
2020-12-04,Orange,059,3164182,96905,83738,2978,86716,1597
2020-12-04,Placer,061,380077,9482,7461,225,7686,76
2020-12-04,Plumas,063,18699,300,232,0,232,0
2020-12-04,Riverside,065,2383286,112804,95255,3028,98283,1475
2020-12-04,Sacramento,067,1510023,45803,41061,197,41258,618
2020-12-04,San Benito,069,59416,2281,2006,15,2021,17
2020-12-04,San Bernardino,071,2135413,122289,102418,2476,104894,1290
2020-12-04,San Diego,073,3302833,98890,88183,3981,92164,1047
2020-12-04,San Francisco,075,870044,17670,16499,127,16626,161
2020-12-04,San Joaquin,077,732212,31560,27806,690,28496,522
2020-12-04,San Luis Obispo,079,281455,7477,6473,121,6594,42
2020-12-04,San Mateo,081,765935,17229,15112,19,15131,173
2020-12-04,Santa Barbara,083,443738,12817,11947,249,12196,141
2020-12-04,Santa Clara,085,1922200,45026,37465,122,37587,468
2020-12-04,Santa Cruz,087,273765,5825,4985,87,5072,32
2020-12-04,Shasta,089,179085,6463,5439,329,5768,49
2020-12-04,Sierra,091,2930,19,17,0,17,0
2020-12-04,Siskiyou,093,43540,786,639,52,691,2
2020-12-04,Solano,095,438530,12436,11037,97,11134,87
2020-12-04,Sonoma,097,501317,14271,12962,84,13046,164
2020-12-04,Stanislaus,099,539301,25559,23206,1766,24972,448
2020-12-04,Sutter,101,95872,4515,3791,12,3803,20
2020-12-04,Tehama,103,63373,2141,1876,100,1976,9
2020-12-04,Trinity,105,12862,325,172,36,208,0
2020-12-04,Tulare,107,460477,24760,22273,2004,24277,322
2020-12-04,Tuolumne,109,53932,1398,1134,9,1143,7
2020-12-04,Ventura,111,848112,25184,22024,773,22797,189
2020-12-04,Yolo,113,214977,5968,5294,20,5314,87
2020-12-04,Yuba,115,75493,2584,2225,17,2242,10
2020-12-03,Alameda,001,1643700,35106,31184,436,31620,465
2020-12-03,Alpine,003,1148,57,53,0,53,0
2020-12-03,Amador,005,37829,1133,653,3,656,16
2020-12-03,Butte,007,227075,4874,4305,293,4598,65
2020-12-03,Calaveras,009,45235,635,572,0,572,21
2020-12-03,Colusa,011,21464,918,774,17,791,6
2020-12-03,Contra Costa,013,1133247,28062,25464,207,25671,265
2020-12-03,Del Norte,015,27424,471,388,0,388,2
2020-12-03,El Dorado,017,186661,3628,2740,69,2809,6
2020-12-03,Fresno,019,978130,47723,39680,1942,41622,516
2020-12-03,Glenn,021,27897,1146,997,74,1071,8
2020-12-03,Humboldt,023,135768,1139,923,4,927,9
2020-12-03,Imperial,025,180216,18042,16436,161,16597,359
2020-12-03,Inyo,027,18085,364,321,6,327,15
2020-12-03,Kern,029,883053,46432,42062,1956,44018,483
2020-12-03,Kings,031,150075,12921,11658,258,11916,87
2020-12-03,Lake,033,64148,1196,991,0,991,20
2020-12-03,Lassen,035,31185,2753,2128,9,2137,0
2020-12-03,Los Angeles,037,10098052,462992,415805,8005,423810,7787
2020-12-03,Madera,039,155013,7416,6398,205,6603,58
2020-12-03,Marin,041,260295,8203,7861,40,7901,136
2020-12-03,Mariposa,043,17540,166,132,2,134,2
2020-12-03,Mendocino,045,87422,1743,1547,10,1557,23
2020-12-03,Merced,047,269075,13515,12310,159,12469,177
2020-12-03,Modoc,049,8938,151,114,28,142,0
2020-12-03,Mono,051,14174,627,527,10,537,3
2020-12-03,Monterey,053,433212,18215,16218,348,16566,125
2020-12-03,Napa,055,140530,3924,3360,19,3379,19
2020-12-03,Nevada,057,99092,1872,1472,47,1519,10
2020-12-03,Orange,059,3164182,94372,82187,2910,85097,1591
2020-12-03,Placer,061,380077,9280,7270,209,7479,73
2020-12-03,Plumas,063,18699,285,223,0,223,0
2020-12-03,Riverside,065,2383286,110042,92489,2869,95358,1461
2020-12-03,Sacramento,067,1510023,44745,40280,184,40464,614
2020-12-03,San Benito,069,59416,2235,1967,15,1982,16
2020-12-03,San Bernardino,071,2135413,118962,100787,2393,103180,1283
2020-12-03,San Diego,073,3302833,97075,86144,3863,90007,1040
2020-12-03,San Francisco,075,870044,17446,16236,126,16362,161
2020-12-03,San Joaquin,077,732212,30840,27239,648,27887,522
2020-12-03,San Luis Obispo,079,281455,7309,6388,120,6508,42
2020-12-03,San Mateo,081,765935,16876,14909,19,14928,173
2020-12-03,Santa Barbara,083,443738,12688,11829,243,12072,141
2020-12-03,Santa Clara,085,1922200,43815,36621,116,36737,465
2020-12-03,Santa Cruz,087,273765,5681,4850,83,4933,28
2020-12-03,Shasta,089,179085,6354,5330,322,5652,48
2020-12-03,Sierra,091,2930,19,17,0,17,0
2020-12-03,Siskiyou,093,43540,771,629,49,678,2
2020-12-03,Solano,095,438530,12221,10857,93,10950,87
2020-12-03,Sonoma,097,501317,14029,12772,83,12855,164
2020-12-03,Stanislaus,099,539301,25139,22821,1719,24540,447
2020-12-03,Sutter,101,95872,4431,3727,12,3739,20
2020-12-03,Tehama,103,63373,2089,1832,93,1925,9
2020-12-03,Trinity,105,12862,322,166,36,202,0
2020-12-03,Tulare,107,460477,24357,21993,1913,23906,321
2020-12-03,Tuolumne,109,53932,1356,1105,9,1114,7
2020-12-03,Ventura,111,848112,24481,21555,760,22315,187
2020-12-03,Yolo,113,214977,5830,5069,20,5089,87
2020-12-03,Yuba,115,75493,2513,2182,16,2198,10
2020-12-02,Alameda,001,1643700,34478,30697,427,31124,463
2020-12-02,Alpine,003,1148,56,52,0,52,0
2020-12-02,Amador,005,37829,1061,585,3,588,16
2020-12-02,Butte,007,227075,4752,4243,281,4524,65
2020-12-02,Calaveras,009,45235,619,553,0,553,21
2020-12-02,Colusa,011,21464,902,756,15,771,6
2020-12-02,Contra Costa,013,1133247,27598,25147,195,25342,264
2020-12-02,Del Norte,015,27424,455,384,0,384,2
2020-12-02,El Dorado,017,186661,3527,2638,64,2702,5
2020-12-02,Fresno,019,978130,46967,39324,1844,41168,507
2020-12-02,Glenn,021,27897,1129,995,66,1061,7
2020-12-02,Humboldt,023,135768,1113,899,4,903,9
2020-12-02,Imperial,025,180216,17621,16360,154,16514,356
2020-12-02,Inyo,027,18085,357,314,6,320,15
2020-12-02,Kern,029,883053,45535,41660,1861,43521,479
2020-12-02,Kings,031,150075,12568,11531,244,11775,86
2020-12-02,Lake,033,64148,1166,971,0,971,20
2020-12-02,Lassen,035,31185,2694,2115,9,2124,0
2020-12-02,Los Angeles,037,10098052,452938,408289,7677,415966,7739
2020-12-02,Madera,039,155013,7291,6370,199,6569,57
2020-12-02,Marin,041,260295,8154,7819,38,7857,136
2020-12-02,Mariposa,043,17540,163,131,2,133,2
2020-12-02,Mendocino,045,87422,1710,1524,10,1534,23
2020-12-02,Merced,047,269075,13271,12168,151,12319,173
2020-12-02,Modoc,049,8938,148,113,28,141,0
2020-12-02,Mono,051,14174,618,520,10,530,3
2020-12-02,Monterey,053,433212,17735,16064,309,16373,121
2020-12-02,Napa,055,140530,3821,3298,18,3316,19
2020-12-02,Nevada,057,99092,1810,1430,46,1476,9
2020-12-02,Orange,059,3164182,92172,81046,2831,83877,1569
2020-12-02,Placer,061,380077,9045,6941,196,7137,73
2020-12-02,Plumas,063,18699,272,218,0,218,0
2020-12-02,Riverside,065,2383286,107324,90089,2690,92779,1451
2020-12-02,Sacramento,067,1510023,43705,39334,173,39507,597
2020-12-02,San Benito,069,59416,2170,1921,15,1936,16
2020-12-02,San Bernardino,071,2135413,115391,98567,2288,100855,1240
2020-12-02,San Diego,073,3302833,95159,84640,3748,88388,1035
2020-12-02,San Francisco,075,870044,17208,16058,124,16182,157
2020-12-02,San Joaquin,077,732212,30223,26740,625,27365,519
2020-12-02,San Luis Obispo,079,281455,7210,6324,118,6442,42
2020-12-02,San Mateo,081,765935,16513,14757,18,14775,170
2020-12-02,Santa Barbara,083,443738,12537,11705,231,11936,140
2020-12-02,Santa Clara,085,1922200,42692,35878,116,35994,458
2020-12-02,Santa Cruz,087,273765,5549,4766,80,4846,27
2020-12-02,Shasta,089,179085,6231,5188,305,5493,47
2020-12-02,Sierra,091,2930,19,17,0,17,0
2020-12-02,Siskiyou,093,43540,755,624,47,671,1
2020-12-02,Solano,095,438530,11974,10701,89,10790,87
2020-12-02,Sonoma,097,501317,13789,12635,82,12717,163
2020-12-02,Stanislaus,099,539301,24636,22615,1663,24278,448
2020-12-02,Sutter,101,95872,4272,3604,12,3616,18
2020-12-02,Tehama,103,63373,2044,1800,78,1878,9
2020-12-02,Trinity,105,12862,313,165,35,200,0
2020-12-02,Tulare,107,460477,23974,21789,1835,23624,321
2020-12-02,Tuolumne,109,53932,1315,1076,9,1085,7
2020-12-02,Ventura,111,848112,24068,21208,742,21950,186
2020-12-02,Yolo,113,214977,5722,5053,19,5072,87
2020-12-02,Yuba,115,75493,2435,2119,15,2134,10
2020-12-01,Alameda,001,1643700,33787,30252,417,30669,460
2020-12-01,Alpine,003,1148,56,41,0,41,0
2020-12-01,Amador,005,37829,914,575,2,577,16
2020-12-01,Butte,007,227075,4647,4177,266,4443,65
2020-12-01,Calaveras,009,45235,601,544,0,544,21
2020-12-01,Colusa,011,21464,885,747,15,762,6
2020-12-01,Contra Costa,013,1133247,27026,24788,187,24975,264
2020-12-01,Del Norte,015,27424,427,357,0,357,2
2020-12-01,El Dorado,017,186661,3383,2542,59,2601,4
2020-12-01,Fresno,019,978130,46065,39004,1768,40772,505
2020-12-01,Glenn,021,27897,1108,989,62,1051,7
2020-12-01,Humboldt,023,135768,1083,886,4,890,9
2020-12-01,Imperial,025,180216,17307,16278,151,16429,356
2020-12-01,Inyo,027,18085,351,304,6,310,15
2020-12-01,Kern,029,883053,44733,41345,1734,43079,478
2020-12-01,Kings,031,150075,12253,11415,230,11645,86
2020-12-01,Lake,033,64148,1144,969,0,969,19
2020-12-01,Lassen,035,31185,2528,2047,8,2055,0
2020-12-01,Los Angeles,037,10098052,442565,403266,7363,410629,7704
2020-12-01,Madera,039,155013,7171,6270,189,6459,57
2020-12-01,Marin,041,260295,8083,7787,37,7824,136
2020-12-01,Mariposa,043,17540,158,128,2,130,2
2020-12-01,Mendocino,045,87422,1676,1497,10,1507,23
2020-12-01,Merced,047,269075,13031,12032,142,12174,172
2020-12-01,Modoc,049,8938,143,113,24,137,0
2020-12-01,Mono,051,14174,605,520,10,530,3
2020-12-01,Monterey,053,433212,17227,15835,298,16133,121
2020-12-01,Napa,055,140530,3737,3124,17,3141,19
2020-12-01,Nevada,057,99092,1748,1411,45,1456,9
2020-12-01,Orange,059,3164182,90068,79468,2742,82210,1567
2020-12-01,Placer,061,380077,8720,6794,189,6983,72
2020-12-01,Plumas,063,18699,260,201,0,201,0
2020-12-01,Riverside,065,2383286,104514,88530,2530,91060,1448
2020-12-01,Sacramento,067,1510023,42658,38966,170,39136,589
2020-12-01,San Benito,069,59416,2115,1888,15,1903,15
2020-12-01,San Bernardino,071,2135413,111921,95854,2166,98020,1220
2020-12-01,San Diego,073,3302833,92902,83423,3638,87061,1019
2020-12-01,San Francisco,075,870044,16925,15797,121,15918,157
2020-12-01,San Joaquin,077,732212,29422,26432,604,27036,514
2020-12-01,San Luis Obispo,079,281455,7068,6264,113,6377,40
2020-12-01,San Mateo,081,765935,16188,14495,18,14513,170
2020-12-01,Santa Barbara,083,443738,12397,11611,221,11832,140
2020-12-01,Santa Clara,085,1922200,41437,35397,110,35507,452
2020-12-01,Santa Cruz,087,273765,5391,4638,72,4710,27
2020-12-01,Shasta,089,179085,6106,5077,286,5363,47
2020-12-01,Sierra,091,2930,19,17,0,17,0
2020-12-01,Siskiyou,093,43540,741,608,43,651,1
2020-12-01,Solano,095,438530,11713,10604,84,10688,87
2020-12-01,Sonoma,097,501317,13585,12491,79,12570,163
2020-12-01,Stanislaus,099,539301,24175,22351,1605,23956,447
2020-12-01,Sutter,101,95872,4130,3538,12,3550,17
2020-12-01,Tehama,103,63373,1977,1773,68,1841,9
2020-12-01,Trinity,105,12862,299,165,29,194,0
2020-12-01,Tulare,107,460477,23518,21645,1767,23412,319
2020-12-01,Tuolumne,109,53932,1279,1052,7,1059,7
2020-12-01,Ventura,111,848112,23454,20604,720,21324,186
2020-12-01,Yolo,113,214977,5583,4928,19,4947,86
2020-12-01,Yuba,115,75493,2371,2088,14,2102,10
2020-11-30,Alameda,001,1643700,32967,29972,400,30372,457
2020-11-30,Alpine,003,1148,54,41,0,41,0
2020-11-30,Amador,005,37829,873,559,2,561,16
2020-11-30,Butte,007,227075,4529,4148,250,4398,65
2020-11-30,Calaveras,009,45235,580,478,0,478,21
2020-11-30,Colusa,011,21464,858,737,12,749,6
2020-11-30,Contra Costa,013,1133247,26442,24365,183,24548,264
2020-11-30,Del Norte,015,27424,401,339,0,339,2
2020-11-30,El Dorado,017,186661,3209,2488,53,2541,4
2020-11-30,Fresno,019,978130,44951,38712,1658,40370,500
2020-11-30,Glenn,021,27897,1085,954,57,1011,5
2020-11-30,Humboldt,023,135768,1036,870,4,874,9
2020-11-30,Imperial,025,180216,17049,16212,130,16342,356
2020-11-30,Inyo,027,18085,345,304,5,309,15
2020-11-30,Kern,029,883053,43974,40941,1602,42543,473
2020-11-30,Kings,031,150075,12105,11346,215,11561,85
2020-11-30,Lake,033,64148,1110,939,0,939,18
2020-11-30,Lassen,035,31185,2436,1793,8,1801,0
2020-11-30,Los Angeles,037,10098052,431885,396202,7039,403241,7658
2020-11-30,Madera,039,155013,7006,6210,175,6385,57
2020-11-30,Marin,041,260295,8038,7764,36,7800,136
2020-11-30,Mariposa,043,17540,151,123,2,125,2
2020-11-30,Mendocino,045,87422,1648,1482,10,1492,23
2020-11-30,Merced,047,269075,12756,11913,131,12044,172
2020-11-30,Modoc,049,8938,133,113,24,137,0
2020-11-30,Mono,051,14174,583,519,10,529,3
2020-11-30,Monterey,053,433212,16797,15837,290,16127,119
2020-11-30,Napa,055,140530,3637,3091,17,3108,18
2020-11-30,Nevada,057,99092,1662,1347,42,1389,9
2020-11-30,Orange,059,3164182,87955,78711,2646,81357,1568
2020-11-30,Placer,061,380077,8424,6575,176,6751,72
2020-11-30,Plumas,063,18699,249,192,0,192,0
2020-11-30,Riverside,065,2383286,101521,87722,2385,90107,1446
2020-11-30,Sacramento,067,1510023,41576,37834,161,37995,586
2020-11-30,San Benito,069,59416,2068,1875,14,1889,15
2020-11-30,San Bernardino,071,2135413,108188,92704,2054,94758,1220
2020-11-30,San Diego,073,3302833,90539,82045,3511,85556,997
2020-11-30,San Francisco,075,870044,16627,15638,117,15755,157
2020-11-30,San Joaquin,077,732212,28717,25742,578,26320,509
2020-11-30,San Luis Obispo,079,281455,6934,6224,111,6335,36
2020-11-30,San Mateo,081,765935,15829,14276,18,14294,170
2020-11-30,Santa Barbara,083,443738,12219,11572,213,11785,140
2020-11-30,Santa Clara,085,1922200,40223,35019,109,35128,451
2020-11-30,Santa Cruz,087,273765,5252,4558,69,4627,26
2020-11-30,Shasta,089,179085,5961,4933,258,5191,44
2020-11-30,Sierra,091,2930,19,16,0,16,0
2020-11-30,Siskiyou,093,43540,732,605,39,644,1
2020-11-30,Solano,095,438530,11450,10392,79,10471,87
2020-11-30,Sonoma,097,501317,13340,12232,75,12307,163
2020-11-30,Stanislaus,099,539301,23712,22110,1563,23673,446
2020-11-30,Sutter,101,95872,3974,3430,12,3442,16
2020-11-30,Tehama,103,63373,1928,1724,61,1785,9
2020-11-30,Trinity,105,12862,292,162,29,191,0
2020-11-30,Tulare,107,460477,23129,20833,1674,22507,319
2020-11-30,Tuolumne,109,53932,1235,1027,7,1034,7
2020-11-30,Ventura,111,848112,22699,20308,704,21012,180
2020-11-30,Yolo,113,214977,5466,4894,19,4913,81
2020-11-30,Yuba,115,75493,2312,2028,12,2040,10
2020-11-29,Alameda,001,1643700,32180,29918,378,30296,457
2020-11-29,Alpine,003,1148,51,41,0,41,0
2020-11-29,Amador,005,37829,721,548,2,550,16
2020-11-29,Butte,007,227075,4428,4008,234,4242,65
2020-11-29,Calaveras,009,45235,549,478,0,478,21
2020-11-29,Colusa,011,21464,829,723,8,731,6
2020-11-29,Contra Costa,013,1133247,25935,24165,177,24342,264
2020-11-29,Del Norte,015,27424,395,339,0,339,2
2020-11-29,El Dorado,017,186661,3078,2447,51,2498,4
2020-11-29,Fresno,019,978130,44000,38568,1587,40155,500
2020-11-29,Glenn,021,27897,1062,951,55,1006,4
2020-11-29,Humboldt,023,135768,1007,856,4,860,9
2020-11-29,Imperial,025,180216,16815,16138,105,16243,356
2020-11-29,Inyo,027,18085,328,289,5,294,15
2020-11-29,Kern,029,883053,43211,40596,1454,42050,473
2020-11-29,Kings,031,150075,11954,11247,197,11444,85
2020-11-29,Lake,033,64148,1086,927,0,927,18
2020-11-29,Lassen,035,31185,2333,1793,8,1801,0
2020-11-29,Los Angeles,037,10098052,421478,391162,6746,397908,7642
2020-11-29,Madera,039,155013,6863,6184,169,6353,57
2020-11-29,Marin,041,260295,7972,7739,33,7772,135
2020-11-29,Mariposa,043,17540,147,123,2,125,2
2020-11-29,Mendocino,045,87422,1614,1473,10,1483,23
2020-11-29,Merced,047,269075,12517,11773,122,11895,172
2020-11-29,Modoc,049,8938,129,105,22,127,0
2020-11-29,Mono,051,14174,560,515,9,524,3
2020-11-29,Monterey,053,433212,16484,15621,283,15904,119
2020-11-29,Napa,055,140530,3532,3090,16,3106,18
2020-11-29,Nevada,057,99092,1582,1311,40,1351,9
2020-11-29,Orange,059,3164182,85935,78057,2600,80657,1567
2020-11-29,Placer,061,380077,8126,6535,164,6699,72
2020-11-29,Plumas,063,18699,244,191,0,191,0
2020-11-29,Riverside,065,2383286,99128,87383,2233,89616,1442
2020-11-29,Sacramento,067,1510023,40498,37415,152,37567,585
2020-11-29,San Benito,069,59416,2024,1860,14,1874,15
2020-11-29,San Bernardino,071,2135413,104835,92052,1938,93990,1223
2020-11-29,San Diego,073,3302833,88128,81086,3358,84444,997
2020-11-29,San Francisco,075,870044,16345,15571,112,15683,153
2020-11-29,San Joaquin,077,732212,27969,25740,572,26312,509
2020-11-29,San Luis Obispo,079,281455,6811,6145,111,6256,36
2020-11-29,San Mateo,081,765935,15497,14177,18,14195,169
2020-11-29,Santa Barbara,083,443738,12064,11520,209,11729,140
2020-11-29,Santa Clara,085,1922200,39011,34234,103,34337,451
2020-11-29,Santa Cruz,087,273765,5092,4490,67,4557,26
2020-11-29,Shasta,089,179085,5789,4935,230,5165,43
2020-11-29,Sierra,091,2930,19,16,0,16,0
2020-11-29,Siskiyou,093,43540,709,590,37,627,1
2020-11-29,Solano,095,438530,11217,10393,75,10468,87
2020-11-29,Sonoma,097,501317,13088,12052,71,12123,163
2020-11-29,Stanislaus,099,539301,23216,21701,1529,23230,446
2020-11-29,Sutter,101,95872,3859,3297,12,3309,16
2020-11-29,Tehama,103,63373,1877,1710,47,1757,9
2020-11-29,Trinity,105,12862,289,159,27,186,0
2020-11-29,Tulare,107,460477,22760,20793,1599,22392,319
2020-11-29,Tuolumne,109,53932,1198,988,7,995,7
2020-11-29,Ventura,111,848112,22014,19952,692,20644,179
2020-11-29,Yolo,113,214977,5329,4830,18,4848,80
2020-11-29,Yuba,115,75493,2255,1959,12,1971,10
2020-11-28,Alameda,001,1643700,31870,29368,373,29741,456
2020-11-28,Alpine,003,1148,51,41,0,41,0
2020-11-28,Amador,005,37829,644,536,2,538,16
2020-11-28,Butte,007,227075,4370,3894,230,4124,65
2020-11-28,Calaveras,009,45235,543,478,0,478,21
2020-11-28,Colusa,011,21464,820,711,6,717,6
2020-11-28,Contra Costa,013,1133247,25602,23798,173,23971,264
2020-11-28,Del Norte,015,27424,385,328,0,328,2
2020-11-28,El Dorado,017,186661,3010,2415,45,2460,4
2020-11-28,Fresno,019,978130,43653,38288,1549,39837,500
2020-11-28,Glenn,021,27897,1051,925,51,976,4
2020-11-28,Humboldt,023,135768,972,844,4,848,9
2020-11-28,Imperial,025,180216,16746,16019,103,16122,356
2020-11-28,Inyo,027,18085,320,289,5,294,15
2020-11-28,Kern,029,883053,42848,40255,1366,41621,473
2020-11-28,Kings,031,150075,11889,11070,190,11260,85
2020-11-28,Lake,033,64148,1070,920,0,920,18
2020-11-28,Lassen,035,31185,2266,1714,8,1722,0
2020-11-28,Los Angeles,037,10098052,416556,386194,6590,392784,7625
2020-11-28,Madera,039,155013,6760,6119,162,6281,57
2020-11-28,Marin,041,260295,7942,7696,29,7725,135
2020-11-28,Mariposa,043,17540,144,120,2,122,2
2020-11-28,Mendocino,045,87422,1583,1458,10,1468,22
2020-11-28,Merced,047,269075,12417,11688,116,11804,172
2020-11-28,Modoc,049,8938,126,103,22,125,0
2020-11-28,Mono,051,14174,554,505,9,514,3
2020-11-28,Monterey,053,433212,16318,15328,279,15607,118
2020-11-28,Napa,055,140530,3481,3033,16,3049,18
2020-11-28,Nevada,057,99092,1553,1272,38,1310,9
2020-11-28,Orange,059,3164182,84835,76882,2553,79435,1568
2020-11-28,Placer,061,380077,7965,6497,161,6658,70
2020-11-28,Plumas,063,18699,237,188,0,188,0
2020-11-28,Riverside,065,2383286,97720,86854,2132,88986,1440
2020-11-28,Sacramento,067,1510023,39921,36905,148,37053,580
2020-11-28,San Benito,069,59416,1979,1835,14,1849,15
2020-11-28,San Bernardino,071,2135413,103433,91183,1836,93019,1224
2020-11-28,San Diego,073,3302833,86874,80020,3274,83294,997
2020-11-28,San Francisco,075,870044,16170,15450,105,15555,153
2020-11-28,San Joaquin,077,732212,27768,25742,557,26299,509
2020-11-28,San Luis Obispo,079,281455,6741,6106,107,6213,36
2020-11-28,San Mateo,081,765935,15307,14040,18,14058,169
2020-11-28,Santa Barbara,083,443738,11962,11481,204,11685,140
2020-11-28,Santa Clara,085,1922200,38260,33701,101,33802,449
2020-11-28,Santa Cruz,087,273765,5016,4426,67,4493,26
2020-11-28,Shasta,089,179085,5712,4882,223,5105,43
2020-11-28,Sierra,091,2930,19,16,0,16,0
2020-11-28,Siskiyou,093,43540,699,558,34,592,1
2020-11-28,Solano,095,438530,11095,10252,73,10325,87
2020-11-28,Sonoma,097,501317,12984,12008,62,12070,162
2020-11-28,Stanislaus,099,539301,22977,21574,1495,23069,446
2020-11-28,Sutter,101,95872,3775,3244,12,3256,15
2020-11-28,Tehama,103,63373,1859,1678,43,1721,9
2020-11-28,Trinity,105,12862,286,157,25,182,0
2020-11-28,Tulare,107,460477,22562,20701,1557,22258,319
2020-11-28,Tuolumne,109,53932,1176,976,7,983,7
2020-11-28,Ventura,111,848112,21716,19510,682,20192,179
2020-11-28,Yolo,113,214977,5252,4739,16,4755,80
2020-11-28,Yuba,115,75493,2200,1912,12,1924,10
2020-11-27,Alameda,001,1643700,31427,29064,363,29427,450
2020-11-27,Alpine,003,1148,51,41,0,41,0
2020-11-27,Amador,005,37829,597,498,1,499,16
2020-11-27,Butte,007,227075,4329,3894,224,4118,65
2020-11-27,Calaveras,009,45235,534,478,0,478,21
2020-11-27,Colusa,011,21464,803,694,4,698,6
2020-11-27,Contra Costa,013,1133247,25341,23463,167,23630,264
2020-11-27,Del Norte,015,27424,379,307,0,307,2
2020-11-27,El Dorado,017,186661,2939,2238,42,2280,4
2020-11-27,Fresno,019,978130,43248,37994,1493,39487,500
2020-11-27,Glenn,021,27897,1038,891,46,937,4
2020-11-27,Humboldt,023,135768,953,795,3,798,9
2020-11-27,Imperial,025,180216,16678,15960,95,16055,356
2020-11-27,Inyo,027,18085,314,289,5,294,15
2020-11-27,Kern,029,883053,42425,39707,1296,41003,473
2020-11-27,Kings,031,150075,11804,10667,172,10839,85
2020-11-27,Lake,033,64148,1034,909,0,909,18
2020-11-27,Lassen,035,31185,2254,1714,8,1722,0
2020-11-27,Los Angeles,037,10098052,410038,382740,6440,389180,7606
2020-11-27,Madera,039,155013,6688,6050,157,6207,57
2020-11-27,Marin,041,260295,7900,7660,29,7689,135
2020-11-27,Mariposa,043,17540,142,118,2,120,2
2020-11-27,Mendocino,045,87422,1569,1387,9,1396,22
2020-11-27,Merced,047,269075,12311,11550,109,11659,172
2020-11-27,Modoc,049,8938,125,100,22,122,0
2020-11-27,Mono,051,14174,550,498,9,507,3
2020-11-27,Monterey,053,433212,16150,14753,279,15032,113
2020-11-27,Napa,055,140530,3441,2988,16,3004,18
2020-11-27,Nevada,057,99092,1523,1184,36,1220,9
2020-11-27,Orange,059,3164182,83548,75151,2514,77665,1568
2020-11-27,Placer,061,380077,7805,6283,151,6434,68
2020-11-27,Plumas,063,18699,234,188,0,188,0
2020-11-27,Riverside,065,2383286,96109,85769,1980,87749,1440
2020-11-27,Sacramento,067,1510023,39300,36579,144,36723,579
2020-11-27,San Benito,069,59416,1945,1805,13,1818,15
2020-11-27,San Bernardino,071,2135413,101914,90254,1755,92009,1224
2020-11-27,San Diego,073,3302833,85680,78161,3185,81346,996
2020-11-27,San Francisco,075,870044,16014,15377,103,15480,153
2020-11-27,San Joaquin,077,732212,27544,25741,537,26278,509
2020-11-27,San Luis Obispo,079,281455,6658,6039,104,6143,36
2020-11-27,San Mateo,081,765935,15105,13872,17,13889,169
2020-11-27,Santa Barbara,083,443738,11869,11340,201,11541,140
2020-11-27,Santa Clara,085,1922200,37585,32935,94,33029,449
2020-11-27,Santa Cruz,087,273765,4945,4358,65,4423,26
2020-11-27,Shasta,089,179085,5635,4710,210,4920,43
2020-11-27,Sierra,091,2930,18,16,0,16,0
2020-11-27,Siskiyou,093,43540,684,554,31,585,1
2020-11-27,Solano,095,438530,10976,10044,70,10114,87
2020-11-27,Sonoma,097,501317,12851,11924,60,11984,162
2020-11-27,Stanislaus,099,539301,22748,21185,1466,22651,446
2020-11-27,Sutter,101,95872,3707,3101,12,3113,15
2020-11-27,Tehama,103,63373,1833,1649,39,1688,9
2020-11-27,Trinity,105,12862,282,151,25,176,0
2020-11-27,Tulare,107,460477,22372,20634,1500,22134,319
2020-11-27,Tuolumne,109,53932,1144,881,7,888,7
2020-11-27,Ventura,111,848112,21392,19379,660,20039,179
2020-11-27,Yolo,113,214977,5201,4737,16,4753,79
2020-11-27,Yuba,115,75493,2171,1864,11,1875,10
2020-11-26,Alameda,001,1643700,31013,28797,345,29142,447
2020-11-26,Alpine,003,1148,51,41,0,41,0
2020-11-26,Amador,005,37829,589,488,1,489,16
2020-11-26,Butte,007,227075,4266,3894,218,4112,65
2020-11-26,Calaveras,009,45235,507,478,0,478,21
2020-11-26,Colusa,011,21464,789,694,4,698,6
2020-11-26,Contra Costa,013,1133247,25008,23468,161,23629,264
2020-11-26,Del Norte,015,27424,368,307,0,307,2
2020-11-26,El Dorado,017,186661,2858,2217,40,2257,4
2020-11-26,Fresno,019,978130,42843,37724,1448,39172,500
2020-11-26,Glenn,021,27897,1022,892,44,936,4
2020-11-26,Humboldt,023,135768,930,795,2,797,9
2020-11-26,Imperial,025,180216,16564,15722,92,15814,355
2020-11-26,Inyo,027,18085,312,289,5,294,15
2020-11-26,Kern,029,883053,41975,39123,1236,40359,471
2020-11-26,Kings,031,150075,11749,10475,160,10635,85
2020-11-26,Lake,033,64148,1021,890,0,890,18
2020-11-26,Lassen,035,31185,2239,1714,8,1722,0
2020-11-26,Los Angeles,037,10098052,404877,378340,6205,384545,7581
2020-11-26,Madera,039,155013,6609,6003,152,6155,57
2020-11-26,Marin,041,260295,7862,7610,29,7639,135
2020-11-26,Mariposa,043,17540,137,116,2,118,2
2020-11-26,Mendocino,045,87422,1555,1387,7,1394,22
2020-11-26,Merced,047,269075,12163,11440,107,11547,172
2020-11-26,Modoc,049,8938,123,100,22,122,0
2020-11-26,Mono,051,14174,542,485,9,494,2
2020-11-26,Monterey,053,433212,15914,14750,271,15021,113
2020-11-26,Napa,055,140530,3377,2988,16,3004,18
2020-11-26,Nevada,057,99092,1478,1184,36,1220,9
2020-11-26,Orange,059,3164182,82161,74264,2454,76718,1563
2020-11-26,Placer,061,380077,7643,6278,142,6420,68
2020-11-26,Plumas,063,18699,226,188,0,188,0
2020-11-26,Riverside,065,2383286,94509,85774,1856,87630,1440
2020-11-26,Sacramento,067,1510023,38657,35854,136,35990,580
2020-11-26,San Benito,069,59416,1918,1769,13,1782,15
2020-11-26,San Bernardino,071,2135413,100260,89727,1662,91389,1223
2020-11-26,San Diego,073,3302833,84070,76359,3081,79440,996
2020-11-26,San Francisco,075,870044,15878,15156,99,15255,153
2020-11-26,San Joaquin,077,732212,27289,25738,525,26263,509
2020-11-26,San Luis Obispo,079,281455,6565,5964,101,6065,36
2020-11-26,San Mateo,081,765935,14916,13715,16,13731,169
2020-11-26,Santa Barbara,083,443738,11788,11277,200,11477,139
2020-11-26,Santa Clara,085,1922200,36939,32411,87,32498,446
2020-11-26,Santa Cruz,087,273765,4812,4269,59,4328,26
2020-11-26,Shasta,089,179085,5552,4712,198,4910,43
2020-11-26,Sierra,091,2930,18,15,0,15,0
2020-11-26,Siskiyou,093,43540,674,526,31,557,1
2020-11-26,Solano,095,438530,10831,9941,68,10009,87
2020-11-26,Sonoma,097,501317,12703,11922,58,11980,162
2020-11-26,Stanislaus,099,539301,22516,21186,1426,22612,445
2020-11-26,Sutter,101,95872,3613,3101,11,3112,15
2020-11-26,Tehama,103,63373,1793,1612,36,1648,9
2020-11-26,Trinity,105,12862,278,139,25,164,0
2020-11-26,Tulare,107,460477,22132,20649,1439,22088,319
2020-11-26,Tuolumne,109,53932,1116,871,7,878,7
2020-11-26,Ventura,111,848112,20896,19058,646,19704,179
2020-11-26,Yolo,113,214977,5114,4566,16,4582,76
2020-11-26,Yuba,115,75493,2111,1865,9,1874,10
2020-11-25,Alameda,001,1643700,30798,28378,337,28715,447
2020-11-25,Alpine,003,1148,51,41,0,41,0
2020-11-25,Amador,005,37829,579,484,1,485,16
2020-11-25,Butte,007,227075,4235,3848,215,4063,64
2020-11-25,Calaveras,009,45235,504,475,0,475,21
2020-11-25,Colusa,011,21464,772,693,4,697,6
2020-11-25,Contra Costa,013,1133247,24852,23307,160,23467,263
2020-11-25,Del Norte,015,27424,367,304,0,304,2
2020-11-25,El Dorado,017,186661,2822,2154,40,2194,4
2020-11-25,Fresno,019,978130,42610,37349,1426,38775,494
2020-11-25,Glenn,021,27897,1005,891,42,933,4
2020-11-25,Humboldt,023,135768,922,777,2,779,9
2020-11-25,Imperial,025,180216,16492,15640,91,15731,355
2020-11-25,Inyo,027,18085,310,289,5,294,15
2020-11-25,Kern,029,883053,41819,38878,1219,40097,467
2020-11-25,Kings,031,150075,11714,10417,156,10573,85
2020-11-25,Lake,033,64148,1004,878,0,878,18
2020-11-25,Lassen,035,31185,2196,1701,8,1709,0
2020-11-25,Los Angeles,037,10098052,401849,373919,6103,380022,7545
2020-11-25,Madera,039,155013,6586,5989,149,6138,57
2020-11-25,Marin,041,260295,7833,7601,28,7629,135
2020-11-25,Mariposa,043,17540,136,114,2,116,2
2020-11-25,Mendocino,045,87422,1536,1373,7,1380,22
2020-11-25,Merced,047,269075,12105,11346,107,11453,172
2020-11-25,Modoc,049,8938,123,96,22,118,0
2020-11-25,Mono,051,14174,537,487,9,496,2
2020-11-25,Monterey,053,433212,15799,14695,269,14964,113
2020-11-25,Napa,055,140530,3344,2945,16,2961,17
2020-11-25,Nevada,057,99092,1460,1170,34,1204,9
2020-11-25,Orange,059,3164182,81405,73014,2434,75448,1551
2020-11-25,Placer,061,380077,7566,6221,141,6362,68
2020-11-25,Plumas,063,18699,221,183,0,183,0
2020-11-25,Riverside,065,2383286,93965,85077,1838,86915,1438
2020-11-25,Sacramento,067,1510023,38321,35687,133,35820,574
2020-11-25,San Benito,069,59416,1895,1764,13,1777,15
2020-11-25,San Bernardino,071,2135413,99419,88469,1633,90102,1225
2020-11-25,San Diego,073,3302833,83413,75307,3045,78352,988
2020-11-25,San Francisco,075,870044,15771,15053,97,15150,153
2020-11-25,San Joaquin,077,732212,27161,25556,513,26069,515
2020-11-25,San Luis Obispo,079,281455,6522,5913,101,6014,34
2020-11-25,San Mateo,081,765935,14801,13614,16,13630,170
2020-11-25,Santa Barbara,083,443738,11738,11183,200,11383,138
2020-11-25,Santa Clara,085,1922200,36489,32032,86,32118,442
2020-11-25,Santa Cruz,087,273765,4759,4202,58,4260,25
2020-11-25,Shasta,089,179085,5506,4588,191,4779,43
2020-11-25,Sierra,091,2930,18,15,0,15,0
2020-11-25,Siskiyou,093,43540,667,499,31,530,1
2020-11-25,Solano,095,438530,10726,9832,67,9899,87
2020-11-25,Sonoma,097,501317,12640,11775,57,11832,162
2020-11-25,Stanislaus,099,539301,22384,21022,1399,22421,445
2020-11-25,Sutter,101,95872,3569,3064,11,3075,14
2020-11-25,Tehama,103,63373,1780,1587,30,1617,9
2020-11-25,Trinity,105,12862,276,135,25,160,0
2020-11-25,Tulare,107,460477,22042,20528,1409,21937,318
2020-11-25,Tuolumne,109,53932,1099,842,7,849,7
2020-11-25,Ventura,111,848112,20801,18914,640,19554,179
2020-11-25,Yolo,113,214977,5077,4527,16,4543,76
2020-11-25,Yuba,115,75493,2085,1840,9,1849,10
2020-11-24,Alameda,001,1643700,30322,28030,326,28356,444
2020-11-24,Alpine,003,1148,51,41,0,41,0
2020-11-24,Amador,005,37829,554,470,1,471,16
2020-11-24,Butte,007,227075,4149,3798,207,4005,63
2020-11-24,Calaveras,009,45235,498,466,0,466,21
2020-11-24,Colusa,011,21464,754,682,4,686,6
2020-11-24,Contra Costa,013,1133247,24499,23072,154,23226,259
2020-11-24,Del Norte,015,27424,358,298,0,298,2
2020-11-24,El Dorado,017,186661,2717,2005,39,2044,4
2020-11-24,Fresno,019,978130,42207,37021,1351,38372,493
2020-11-24,Glenn,021,27897,987,883,38,921,4
2020-11-24,Humboldt,023,135768,903,774,2,776,9
2020-11-24,Imperial,025,180216,16388,15600,86,15686,355
2020-11-24,Inyo,027,18085,309,282,5,287,15
2020-11-24,Kern,029,883053,41345,38551,1143,39694,465
2020-11-24,Kings,031,150075,11447,10338,143,10481,85
2020-11-24,Lake,033,64148,988,872,0,872,18
2020-11-24,Lassen,035,31185,2173,1657,8,1665,0
2020-11-24,Los Angeles,037,10098052,395539,370008,5871,375879,7501
2020-11-24,Madera,039,155013,6503,5881,142,6023,57
2020-11-24,Marin,041,260295,7785,7591,28,7619,135
2020-11-24,Mariposa,043,17540,126,114,1,115,2
2020-11-24,Mendocino,045,87422,1514,1346,6,1352,22
2020-11-24,Merced,047,269075,11917,11268,101,11369,171
2020-11-24,Modoc,049,8938,119,91,22,113,0
2020-11-24,Mono,051,14174,533,483,9,492,2
2020-11-24,Monterey,053,433212,15537,14354,260,14614,113
2020-11-24,Napa,055,140530,3277,2904,16,2920,17
2020-11-24,Nevada,057,99092,1396,1156,32,1188,9
2020-11-24,Orange,059,3164182,79965,71975,2357,74332,1547
2020-11-24,Placer,061,380077,7385,6147,134,6281,67
2020-11-24,Plumas,063,18699,218,180,0,180,0
2020-11-24,Riverside,065,2383286,92205,83685,1712,85397,1420
2020-11-24,Sacramento,067,1510023,37641,35097,126,35223,568
2020-11-24,San Benito,069,59416,1864,1740,12,1752,15
2020-11-24,San Bernardino,071,2135413,97079,86645,1532,88177,1226
2020-11-24,San Diego,073,3302833,82003,74363,2974,77337,984
2020-11-24,San Francisco,075,870044,15576,14874,93,14967,153
2020-11-24,San Joaquin,077,732212,26848,25318,486,25804,517
2020-11-24,San Luis Obispo,079,281455,6459,5805,100,5905,34
2020-11-24,San Mateo,081,765935,14592,13558,15,13573,170
2020-11-24,Santa Barbara,083,443738,11632,11154,199,11353,138
2020-11-24,Santa Clara,085,1922200,35701,31564,82,31646,438
2020-11-24,Santa Cruz,087,273765,4646,4132,57,4189,25
2020-11-24,Shasta,089,179085,5406,4410,172,4582,43
2020-11-24,Sierra,091,2930,18,15,0,15,0
2020-11-24,Siskiyou,093,43540,649,473,28,501,1
2020-11-24,Solano,095,438530,10554,9716,66,9782,86
2020-11-24,Sonoma,097,501317,12461,11644,54,11698,162
2020-11-24,Stanislaus,099,539301,22142,20830,1356,22186,438
2020-11-24,Sutter,101,95872,3463,2974,11,2985,14
2020-11-24,Tehama,103,63373,1736,1565,25,1590,9
2020-11-24,Trinity,105,12862,269,129,24,153,0
2020-11-24,Tulare,107,460477,21792,20319,1348,21667,315
2020-11-24,Tuolumne,109,53932,1070,832,7,839,7
2020-11-24,Ventura,111,848112,20420,18637,630,19267,179
2020-11-24,Yolo,113,214977,4991,4420,16,4436,76
2020-11-24,Yuba,115,75493,2034,1804,7,1811,10
2020-11-23,Alameda,001,1643700,29905,27718,314,28032,444
2020-11-23,Alpine,003,1148,49,41,0,41,0
2020-11-23,Amador,005,37829,513,457,1,458,16
2020-11-23,Butte,007,227075,4085,3765,201,3966,61
2020-11-23,Calaveras,009,45235,481,434,0,434,21
2020-11-23,Colusa,011,21464,740,662,4,666,6
2020-11-23,Contra Costa,013,1133247,24231,22674,149,22823,260
2020-11-23,Del Norte,015,27424,336,296,0,296,2
2020-11-23,El Dorado,017,186661,2597,2005,38,2043,4
2020-11-23,Fresno,019,978130,41759,36688,1290,37978,488
2020-11-23,Glenn,021,27897,961,853,38,891,4
2020-11-23,Humboldt,023,135768,890,746,2,748,9
2020-11-23,Imperial,025,180216,16225,15104,81,15185,355
2020-11-23,Inyo,027,18085,302,279,5,284,15
2020-11-23,Kern,029,883053,40832,38245,1080,39325,463
2020-11-23,Kings,031,150075,11027,10204,137,10341,85
2020-11-23,Lake,033,64148,965,840,0,840,18
2020-11-23,Lassen,035,31185,2093,1271,7,1278,0
2020-11-23,Los Angeles,037,10098052,389435,366374,5625,371999,7447
2020-11-23,Madera,039,155013,6378,5787,138,5925,56
2020-11-23,Marin,041,260295,7742,7543,28,7571,135
2020-11-23,Mariposa,043,17540,125,97,1,98,2
2020-11-23,Mendocino,045,87422,1484,1330,6,1336,22
2020-11-23,Merced,047,269075,11729,11148,98,11246,169
2020-11-23,Modoc,049,8938,105,91,21,112,0
2020-11-23,Mono,051,14174,520,480,9,489,2
2020-11-23,Monterey,053,433212,15258,14265,254,14519,112
2020-11-23,Napa,055,140530,3210,2811,16,2827,17
2020-11-23,Nevada,057,99092,1307,1087,32,1119,9
2020-11-23,Orange,059,3164182,78562,71074,2313,73387,1546
2020-11-23,Placer,061,380077,7183,5999,133,6132,66
2020-11-23,Plumas,063,18699,214,172,0,172,0
2020-11-23,Riverside,065,2383286,90427,82175,1648,83823,1415
2020-11-23,Sacramento,067,1510023,37071,34141,120,34261,556
2020-11-23,San Benito,069,59416,1837,1729,11,1740,15
2020-11-23,San Bernardino,071,2135413,94970,84387,1468,85855,1224
2020-11-23,San Diego,073,3302833,80540,72817,2886,75703,968
2020-11-23,San Francisco,075,870044,15418,14646,91,14737,153
2020-11-23,San Joaquin,077,732212,26498,24622,482,25104,517
2020-11-23,San Luis Obispo,079,281455,6377,5772,98,5870,34
2020-11-23,San Mateo,081,765935,14402,13364,15,13379,170
2020-11-23,Santa Barbara,083,443738,11525,10944,195,11139,137
2020-11-23,Santa Clara,085,1922200,35047,31064,79,31143,435
2020-11-23,Santa Cruz,087,273765,4536,4003,53,4056,25
2020-11-23,Shasta,089,179085,5288,4100,160,4260,43
2020-11-23,Sierra,091,2930,17,15,0,15,0
2020-11-23,Siskiyou,093,43540,622,460,28,488,0
2020-11-23,Solano,095,438530,10397,9394,63,9457,86
2020-11-23,Sonoma,097,501317,12288,11507,50,11557,160
2020-11-23,Stanislaus,099,539301,21849,20487,1324,21811,436
2020-11-23,Sutter,101,95872,3326,2840,10,2850,14
2020-11-23,Tehama,103,63373,1687,1526,21,1547,9
2020-11-23,Trinity,105,12862,260,120,22,142,0
2020-11-23,Tulare,107,460477,21498,19818,1283,21101,315
2020-11-23,Tuolumne,109,53932,1030,774,7,781,7
2020-11-23,Ventura,111,848112,20045,18480,617,19097,179
2020-11-23,Yolo,113,214977,4909,4265,15,4280,75
2020-11-23,Yuba,115,75493,1967,1702,7,1709,10
2020-11-22,Alameda,001,1643700,29468,27472,303,27775,444
2020-11-22,Alpine,003,1148,46,41,0,41,0
2020-11-22,Amador,005,37829,501,450,1,451,16
2020-11-22,Butte,007,227075,4035,3712,194,3906,61
2020-11-22,Calaveras,009,45235,473,434,0,434,21
2020-11-22,Colusa,011,21464,722,642,3,645,6
2020-11-22,Contra Costa,013,1133247,23926,22407,144,22551,260
2020-11-22,Del Norte,015,27424,312,271,0,271,2
2020-11-22,El Dorado,017,186661,2487,1917,34,1951,4
2020-11-22,Fresno,019,978130,41275,36315,1235,37550,488
2020-11-22,Glenn,021,27897,939,832,34,866,4
2020-11-22,Humboldt,023,135768,874,729,2,731,9
2020-11-22,Imperial,025,180216,16021,15109,36,15145,355
2020-11-22,Inyo,027,18085,295,279,5,284,15
2020-11-22,Kern,029,883053,40253,37904,1047,38951,463
2020-11-22,Kings,031,150075,10928,10035,128,10163,85
2020-11-22,Lake,033,64148,943,834,0,834,18
2020-11-22,Lassen,035,31185,1928,1211,6,1217,0
2020-11-22,Los Angeles,037,10098052,383153,360341,5382,365723,7438
2020-11-22,Madera,039,155013,6296,5745,127,5872,56
2020-11-22,Marin,041,260295,7708,7506,27,7533,135
2020-11-22,Mariposa,043,17540,124,95,1,96,2
2020-11-22,Mendocino,045,87422,1460,1285,5,1290,22
2020-11-22,Merced,047,269075,11580,10939,98,11037,169
2020-11-22,Modoc,049,8938,104,87,19,106,0
2020-11-22,Mono,051,14174,505,481,9,490,2
2020-11-22,Monterey,053,433212,15017,13887,249,14136,111
2020-11-22,Napa,055,140530,3129,2778,16,2794,17
2020-11-22,Nevada,057,99092,1249,1052,32,1084,9
2020-11-22,Orange,059,3164182,77149,69913,2275,72188,1546
2020-11-22,Placer,061,380077,6957,5880,123,6003,66
2020-11-22,Plumas,063,18699,201,172,0,172,0
2020-11-22,Riverside,065,2383286,88828,81565,1589,83154,1409
2020-11-22,Sacramento,067,1510023,36337,33421,107,33528,555
2020-11-22,San Benito,069,59416,1808,1704,11,1715,15
2020-11-22,San Bernardino,071,2135413,92631,83505,1398,84903,1224
2020-11-22,San Diego,073,3302833,78803,71649,2811,74460,968
2020-11-22,San Francisco,075,870044,15247,14515,90,14605,153
2020-11-22,San Joaquin,077,732212,26198,24619,470,25089,517
2020-11-22,San Luis Obispo,079,281455,6270,5664,97,5761,34
2020-11-22,San Mateo,081,765935,14197,13228,15,13243,170
2020-11-22,Santa Barbara,083,443738,11390,10946,190,11136,137
2020-11-22,Santa Clara,085,1922200,34369,30633,77,30710,434
2020-11-22,Santa Cruz,087,273765,4454,3896,46,3942,25
2020-11-22,Shasta,089,179085,5132,4100,142,4242,43
2020-11-22,Sierra,091,2930,17,13,0,13,0
2020-11-22,Siskiyou,093,43540,591,411,28,439,0
2020-11-22,Solano,095,438530,10224,9363,59,9422,86
2020-11-22,Sonoma,097,501317,12130,11415,48,11463,159
2020-11-22,Stanislaus,099,539301,21524,20223,1294,21517,436
2020-11-22,Sutter,101,95872,3209,2677,10,2687,13
2020-11-22,Tehama,103,63373,1650,1457,17,1474,9
2020-11-22,Trinity,105,12862,254,114,22,136,0
2020-11-22,Tulare,107,460477,21245,19818,1217,21035,314
2020-11-22,Tuolumne,109,53932,1004,689,7,696,7
2020-11-22,Ventura,111,848112,19684,18105,604,18709,179
2020-11-22,Yolo,113,214977,4809,4206,15,4221,75
2020-11-22,Yuba,115,75493,1914,1672,7,1679,10
2020-11-21,Alameda,001,1643700,29281,27424,301,27725,444
2020-11-21,Alpine,003,1148,46,41,0,41,0
2020-11-21,Amador,005,37829,487,450,1,451,16
2020-11-21,Butte,007,227075,3987,3664,191,3855,61
2020-11-21,Calaveras,009,45235,465,434,0,434,21
2020-11-21,Colusa,011,21464,713,642,3,645,6
2020-11-21,Contra Costa,013,1133247,23772,22338,142,22480,260
2020-11-21,Del Norte,015,27424,307,271,0,271,2
2020-11-21,El Dorado,017,186661,2438,1900,33,1933,4
2020-11-21,Fresno,019,978130,41020,35973,1200,37173,482
2020-11-21,Glenn,021,27897,934,829,32,861,4
2020-11-21,Humboldt,023,135768,864,728,2,730,9
2020-11-21,Imperial,025,180216,15941,15053,36,15089,355
2020-11-21,Inyo,027,18085,293,283,5,288,15
2020-11-21,Kern,029,883053,39997,37403,1012,38415,463
2020-11-21,Kings,031,150075,10880,10019,124,10143,85
2020-11-21,Lake,033,64148,930,832,0,832,18
2020-11-21,Lassen,035,31185,1861,1211,6,1217,0
2020-11-21,Los Angeles,037,10098052,379968,357754,5242,362996,7428
2020-11-21,Madera,039,155013,6258,5706,127,5833,56
2020-11-21,Marin,041,260295,7685,7488,26,7514,134
2020-11-21,Mariposa,043,17540,124,92,1,93,2
2020-11-21,Mendocino,045,87422,1429,1282,5,1287,22
2020-11-21,Merced,047,269075,11519,10849,97,10946,169
2020-11-21,Modoc,049,8938,100,87,18,105,0
2020-11-21,Mono,051,14174,500,469,9,478,2
2020-11-21,Monterey,053,433212,14919,13886,244,14130,110
2020-11-21,Napa,055,140530,3094,2757,16,2773,17
2020-11-21,Nevada,057,99092,1237,1018,31,1049,9
2020-11-21,Orange,059,3164182,76347,69021,2245,71266,1543
2020-11-21,Placer,061,380077,6843,5778,120,5898,65
2020-11-21,Plumas,063,18699,196,172,0,172,0
2020-11-21,Riverside,065,2383286,88051,80676,1543,82219,1407
2020-11-21,Sacramento,067,1510023,35941,33133,99,33232,548
2020-11-21,San Benito,069,59416,1789,1691,11,1702,15
2020-11-21,San Bernardino,071,2135413,91754,83206,1322,84528,1222
2020-11-21,San Diego,073,3302833,78024,70711,2756,73467,966
2020-11-21,San Francisco,075,870044,15144,14445,89,14534,153
2020-11-21,San Joaquin,077,732212,26065,24620,455,25075,517
2020-11-21,San Luis Obispo,079,281455,6217,5618,94,5712,34
2020-11-21,San Mateo,081,765935,14096,13138,15,13153,170
2020-11-21,Santa Barbara,083,443738,11338,10922,187,11109,137
2020-11-21,Santa Clara,085,1922200,33985,30377,74,30451,433
2020-11-21,Santa Cruz,087,273765,4397,3898,46,3944,25
2020-11-21,Shasta,089,179085,5059,4095,139,4234,42
2020-11-21,Sierra,091,2930,17,13,0,13,0
2020-11-21,Siskiyou,093,43540,575,403,28,431,0
2020-11-21,Solano,095,438530,10134,9290,56,9346,86
2020-11-21,Sonoma,097,501317,12055,11394,47,11441,158
2020-11-21,Stanislaus,099,539301,21381,20111,1270,21381,435
2020-11-21,Sutter,101,95872,3149,2615,9,2624,13
2020-11-21,Tehama,103,63373,1630,1435,16,1451,9
2020-11-21,Trinity,105,12862,251,110,22,132,0
2020-11-21,Tulare,107,460477,21118,19752,1183,20935,313
2020-11-21,Tuolumne,109,53932,985,690,7,697,7
2020-11-21,Ventura,111,848112,19521,18040,594,18634,177
2020-11-21,Yolo,113,214977,4735,4147,14,4161,75
2020-11-21,Yuba,115,75493,1882,1643,7,1650,10
2020-11-20,Alameda,001,1643700,29067,27221,294,27515,444
2020-11-20,Alpine,003,1148,46,20,0,20,0
2020-11-20,Amador,005,37829,483,446,1,447,16
2020-11-20,Butte,007,227075,3955,3618,187,3805,60
2020-11-20,Calaveras,009,45235,455,424,0,424,21
2020-11-20,Colusa,011,21464,705,631,2,633,6
2020-11-20,Contra Costa,013,1133247,23586,22116,138,22254,260
2020-11-20,Del Norte,015,27424,304,264,0,264,2
2020-11-20,El Dorado,017,186661,2342,1868,31,1899,4
2020-11-20,Fresno,019,978130,40726,35635,1171,36806,480
2020-11-20,Glenn,021,27897,922,826,30,856,4
2020-11-20,Humboldt,023,135768,855,714,1,715,9
2020-11-20,Imperial,025,180216,15877,14864,32,14896,353
2020-11-20,Inyo,027,18085,291,262,5,267,15
2020-11-20,Kern,029,883053,39703,37143,987,38130,462
2020-11-20,Kings,031,150075,10832,9903,123,10026,85
2020-11-20,Lake,033,64148,921,820,0,820,18
2020-11-20,Lassen,035,31185,1776,1212,5,1217,0
2020-11-20,Los Angeles,037,10098052,376071,353554,5080,358634,7398
2020-11-20,Madera,039,155013,6164,5635,126,5761,54
2020-11-20,Marin,041,260295,7661,7467,25,7492,134
2020-11-20,Mariposa,043,17540,116,89,1,90,2
2020-11-20,Mendocino,045,87422,1409,1269,5,1274,22
2020-11-20,Merced,047,269075,11433,10729,97,10826,167
2020-11-20,Modoc,049,8938,100,83,18,101,0
2020-11-20,Mono,051,14174,498,469,9,478,2
2020-11-20,Monterey,053,433212,14794,13738,235,13973,110
2020-11-20,Napa,055,140530,3064,2718,16,2734,17
2020-11-20,Nevada,057,99092,1219,990,30,1020,9
2020-11-20,Orange,059,3164182,75512,68212,2208,70420,1532
2020-11-20,Placer,061,380077,6708,5687,105,5792,66
2020-11-20,Plumas,063,18699,194,163,0,163,0
2020-11-20,Riverside,065,2383286,87039,79613,1483,81096,1405
2020-11-20,Sacramento,067,1510023,35565,32832,92,32924,549
2020-11-20,San Benito,069,59416,1777,1668,11,1679,15
2020-11-20,San Bernardino,071,2135413,90384,81203,1240,82443,1220
2020-11-20,San Diego,073,3302833,77026,69233,2674,71907,960
2020-11-20,San Francisco,075,870044,15041,14327,88,14415,153
2020-11-20,San Joaquin,077,732212,25912,24460,442,24902,515
2020-11-20,San Luis Obispo,079,281455,6162,5524,91,5615,34
2020-11-20,San Mateo,081,765935,13963,12980,14,12994,169
2020-11-20,Santa Barbara,083,443738,11282,10825,181,11006,136
2020-11-20,Santa Clara,085,1922200,33564,30002,69,30071,431
2020-11-20,Santa Cruz,087,273765,4332,3815,46,3861,25
2020-11-20,Shasta,089,179085,4986,3861,134,3995,42
2020-11-20,Sierra,091,2930,17,12,0,12,0
2020-11-20,Siskiyou,093,43540,561,387,27,414,0
2020-11-20,Solano,095,438530,10041,9216,54,9270,85
2020-11-20,Sonoma,097,501317,11971,11316,46,11362,158
2020-11-20,Stanislaus,099,539301,21224,19889,1244,21133,433
2020-11-20,Sutter,101,95872,3099,2580,9,2589,13
2020-11-20,Tehama,103,63373,1613,1410,13,1423,9
2020-11-20,Trinity,105,12862,250,102,22,124,0
2020-11-20,Tulare,107,460477,20985,19568,1145,20713,311
2020-11-20,Tuolumne,109,53932,946,662,7,669,7
2020-11-20,Ventura,111,848112,19353,17741,567,18308,175
2020-11-20,Yolo,113,214977,4656,4081,13,4094,74
2020-11-20,Yuba,115,75493,1854,1611,7,1618,10
2020-11-19,Alameda,001,1643700,28721,26971,286,27257,441
2020-11-19,Alpine,003,1148,43,20,0,20,0
2020-11-19,Amador,005,37829,479,436,1,437,16
2020-11-19,Butte,007,227075,3906,3576,180,3756,60
2020-11-19,Calaveras,009,45235,444,417,0,417,21
2020-11-19,Colusa,011,21464,687,621,2,623,6
2020-11-19,Contra Costa,013,1133247,23315,21886,135,22021,259
2020-11-19,Del Norte,015,27424,296,251,0,251,2
2020-11-19,El Dorado,017,186661,2268,1825,27,1852,4
2020-11-19,Fresno,019,978130,40276,35278,1115,36393,478
2020-11-19,Glenn,021,27897,900,806,29,835,4
2020-11-19,Humboldt,023,135768,835,693,1,694,9
2020-11-19,Imperial,025,180216,15667,14507,32,14539,349
2020-11-19,Inyo,027,18085,289,262,5,267,15
2020-11-19,Kern,029,883053,39283,36779,945,37724,459
2020-11-19,Kings,031,150075,10684,9763,116,9879,85
2020-11-19,Lake,033,64148,907,809,0,809,18
2020-11-19,Lassen,035,31185,1659,1201,3,1204,0
2020-11-19,Los Angeles,037,10098052,371044,349493,4916,354409,7365
2020-11-19,Madera,039,155013,6092,5540,118,5658,54
2020-11-19,Marin,041,260295,7630,7451,25,7476,134
2020-11-19,Mariposa,043,17540,109,88,0,88,2
2020-11-19,Mendocino,045,87422,1388,1237,5,1242,23
2020-11-19,Merced,047,269075,11293,10634,91,10725,167
2020-11-19,Modoc,049,8938,97,82,18,100,0
2020-11-19,Mono,051,14174,490,468,9,477,2
2020-11-19,Monterey,053,433212,14580,13369,224,13593,108
2020-11-19,Napa,055,140530,3010,2641,16,2657,17
2020-11-19,Nevada,057,99092,1178,945,29,974,9
2020-11-19,Orange,059,3164182,74247,66998,2166,69164,1530
2020-11-19,Placer,061,380077,6517,5612,104,5716,65
2020-11-19,Plumas,063,18699,189,158,0,158,0
2020-11-19,Riverside,065,2383286,85557,78535,1412,79947,1402
2020-11-19,Sacramento,067,1510023,35051,32367,90,32457,546
2020-11-19,San Benito,069,59416,1754,1643,11,1654,15
2020-11-19,San Bernardino,071,2135413,88485,79244,1162,80406,1215
2020-11-19,San Diego,073,3302833,75776,68142,2570,70712,952
2020-11-19,San Francisco,075,870044,14885,14178,82,14260,153
2020-11-19,San Joaquin,077,732212,25593,24270,432,24702,516
2020-11-19,San Luis Obispo,079,281455,6085,5410,87,5497,34
2020-11-19,San Mateo,081,765935,13825,12714,14,12728,169
2020-11-19,Santa Barbara,083,443738,11202,10741,178,10919,136
2020-11-19,Santa Clara,085,1922200,33010,29630,68,29698,424
2020-11-19,Santa Cruz,087,273765,4240,3679,44,3723,25
2020-11-19,Shasta,089,179085,4848,3685,124,3809,42
2020-11-19,Sierra,091,2930,17,11,0,11,0
2020-11-19,Siskiyou,093,43540,536,360,26,386,0
2020-11-19,Solano,095,438530,9904,9093,50,9143,84
2020-11-19,Sonoma,097,501317,11801,11205,44,11249,156
2020-11-19,Stanislaus,099,539301,20983,19736,1201,20937,433
2020-11-19,Sutter,101,95872,3000,2509,9,2518,13
2020-11-19,Tehama,103,63373,1578,1373,10,1383,9
2020-11-19,Trinity,105,12862,244,97,22,119,0
2020-11-19,Tulare,107,460477,20764,19384,1082,20466,304
2020-11-19,Tuolumne,109,53932,915,602,7,609,7
2020-11-19,Ventura,111,848112,19000,17300,554,17854,174
2020-11-19,Yolo,113,214977,4562,3973,13,3986,72
2020-11-19,Yuba,115,75493,1814,1568,7,1575,10
2020-11-18,Alameda,001,1643700,28457,26610,281,26891,440
2020-11-18,Alpine,003,1148,42,16,0,16,0
2020-11-18,Amador,005,37829,474,430,1,431,16
2020-11-18,Butte,007,227075,3853,3537,167,3704,59
2020-11-18,Calaveras,009,45235,438,409,0,409,21
2020-11-18,Colusa,011,21464,674,611,2,613,6
2020-11-18,Contra Costa,013,1133247,23051,21685,132,21817,258
2020-11-18,Del Norte,015,27424,284,240,0,240,2
2020-11-18,El Dorado,017,186661,2180,1799,26,1825,4
2020-11-18,Fresno,019,978130,39837,34997,1066,36063,474
2020-11-18,Glenn,021,27897,883,803,27,830,4
2020-11-18,Humboldt,023,135768,820,690,1,691,9
2020-11-18,Imperial,025,180216,15441,14428,32,14460,348
2020-11-18,Inyo,027,18085,287,262,5,267,15
2020-11-18,Kern,029,883053,38894,36537,896,37433,456
2020-11-18,Kings,031,150075,10536,9696,113,9809,85
2020-11-18,Lake,033,64148,895,802,0,802,18
2020-11-18,Lassen,035,31185,1559,1124,3,1127,0
2020-11-18,Los Angeles,037,10098052,366167,344675,4738,349413,7338
2020-11-18,Madera,039,155013,6005,5519,106,5625,54
2020-11-18,Marin,041,260295,7606,7435,25,7460,134
2020-11-18,Mariposa,043,17540,106,88,0,88,2
2020-11-18,Mendocino,045,87422,1368,1237,5,1242,23
2020-11-18,Merced,047,269075,11177,10536,90,10626,166
2020-11-18,Modoc,049,8938,94,77,18,95,0
2020-11-18,Mono,051,14174,485,468,9,477,2
2020-11-18,Monterey,053,433212,14385,13340,210,13550,108
2020-11-18,Napa,055,140530,2965,2607,16,2623,17
2020-11-18,Nevada,057,99092,1138,933,27,960,9
2020-11-18,Orange,059,3164182,73152,66381,2141,68522,1521
2020-11-18,Placer,061,380077,6339,5543,99,5642,64
2020-11-18,Plumas,063,18699,184,143,0,143,0
2020-11-18,Riverside,065,2383286,84094,77739,1311,79050,1387
2020-11-18,Sacramento,067,1510023,34426,31816,82,31898,541
2020-11-18,San Benito,069,59416,1729,1632,10,1642,15
2020-11-18,San Bernardino,071,2135413,86726,77400,1083,78483,1206
2020-11-18,San Diego,073,3302833,74482,67243,2510,69753,945
2020-11-18,San Francisco,075,870044,14741,14057,80,14137,153
2020-11-18,San Joaquin,077,732212,25331,24146,418,24564,517
2020-11-18,San Luis Obispo,079,281455,6009,5322,86,5408,34
2020-11-18,San Mateo,081,765935,13672,12631,13,12644,169
2020-11-18,Santa Barbara,083,443738,11123,10684,171,10855,136
2020-11-18,Santa Clara,085,1922200,32544,29285,64,29349,421
2020-11-18,Santa Cruz,087,273765,4151,3618,42,3660,25
2020-11-18,Shasta,089,179085,4714,3547,120,3667,42
2020-11-18,Sierra,091,2930,17,11,0,11,0
2020-11-18,Siskiyou,093,43540,504,351,25,376,0
2020-11-18,Solano,095,438530,9772,8994,48,9042,84
2020-11-18,Sonoma,097,501317,11694,11129,41,11170,155
2020-11-18,Stanislaus,099,539301,20741,19609,1177,20786,431
2020-11-18,Sutter,101,95872,2882,2442,9,2451,13
2020-11-18,Tehama,103,63373,1540,1338,10,1348,8
2020-11-18,Trinity,105,12862,230,95,21,116,0
2020-11-18,Tulare,107,460477,20553,19286,1031,20317,306
2020-11-18,Tuolumne,109,53932,880,590,7,597,7
2020-11-18,Ventura,111,848112,18675,17169,539,17708,173
2020-11-18,Yolo,113,214977,4489,3929,13,3942,71
2020-11-18,Yuba,115,75493,1760,1540,7,1547,10
2020-11-17,Alameda,001,1643700,28131,26425,271,26696,439
2020-11-17,Alpine,003,1148,40,12,0,12,0
2020-11-17,Amador,005,37829,463,423,1,424,16
2020-11-17,Butte,007,227075,3811,3500,157,3657,59
2020-11-17,Calaveras,009,45235,421,405,0,405,21
2020-11-17,Colusa,011,21464,663,606,1,607,6
2020-11-17,Contra Costa,013,1133247,22780,21557,127,21684,256
2020-11-17,Del Norte,015,27424,278,233,0,233,2
2020-11-17,El Dorado,017,186661,2121,1758,26,1784,4
2020-11-17,Fresno,019,978130,39237,34765,1007,35772,472
2020-11-17,Glenn,021,27897,872,795,26,821,4
2020-11-17,Humboldt,023,135768,798,685,1,686,9
2020-11-17,Imperial,025,180216,15204,14204,30,14234,346
2020-11-17,Inyo,027,18085,286,263,5,268,15
2020-11-17,Kern,029,883053,38445,36164,843,37007,455
2020-11-17,Kings,031,150075,10463,9653,106,9759,85
2020-11-17,Lake,033,64148,875,792,0,792,18
2020-11-17,Lassen,035,31185,1480,1124,3,1127,0
2020-11-17,Los Angeles,037,10098052,361215,340933,4580,345513,7302
2020-11-17,Madera,039,155013,5917,5485,99,5584,54
2020-11-17,Marin,041,260295,7574,7404,24,7428,134
2020-11-17,Mariposa,043,17540,103,87,0,87,2
2020-11-17,Mendocino,045,87422,1347,1216,5,1221,23
2020-11-17,Merced,047,269075,11033,10457,84,10541,162
2020-11-17,Modoc,049,8938,88,71,17,88,0
2020-11-17,Mono,051,14174,480,459,9,468,2
2020-11-17,Monterey,053,433212,14156,13220,200,13420,108
2020-11-17,Napa,055,140530,2911,2568,16,2584,17
2020-11-17,Nevada,057,99092,1097,918,26,944,9
2020-11-17,Orange,059,3164182,72000,65757,2115,67872,1519
2020-11-17,Placer,061,380077,6177,5435,93,5528,63
2020-11-17,Plumas,063,18699,176,142,0,142,0
2020-11-17,Riverside,065,2383286,82708,77079,1220,78299,1379
2020-11-17,Sacramento,067,1510023,33828,31341,78,31419,538
2020-11-17,San Benito,069,59416,1713,1611,4,1615,15
2020-11-17,San Bernardino,071,2135413,84917,76134,994,77128,1188
2020-11-17,San Diego,073,3302833,73229,66321,2454,68775,933
2020-11-17,San Francisco,075,870044,14575,13952,79,14031,153
2020-11-17,San Joaquin,077,732212,25055,23997,398,24395,516
2020-11-17,San Luis Obispo,079,281455,5913,5235,86,5321,34
2020-11-17,San Mateo,081,765935,13511,12491,12,12503,169
2020-11-17,Santa Barbara,083,443738,11038,10597,166,10763,136
2020-11-17,Santa Clara,085,1922200,31996,29013,63,29076,419
2020-11-17,Santa Cruz,087,273765,4065,3548,39,3587,25
2020-11-17,Shasta,089,179085,4556,3457,108,3565,40
2020-11-17,Sierra,091,2930,15,11,0,11,0
2020-11-17,Siskiyou,093,43540,456,333,24,357,0
2020-11-17,Solano,095,438530,9627,8905,47,8952,84
2020-11-17,Sonoma,097,501317,11560,11084,40,11124,155
2020-11-17,Stanislaus,099,539301,20518,19466,1150,20616,425
2020-11-17,Sutter,101,95872,2799,2370,8,2378,12
2020-11-17,Tehama,103,63373,1487,1290,10,1300,7
2020-11-17,Trinity,105,12862,213,83,21,104,0
2020-11-17,Tulare,107,460477,20325,19176,970,20146,305
2020-11-17,Tuolumne,109,53932,841,568,7,575,7
2020-11-17,Ventura,111,848112,18403,16797,521,17318,173
2020-11-17,Yolo,113,214977,4313,3887,12,3899,70
2020-11-17,Yuba,115,75493,1712,1519,7,1526,10
2020-11-16,Alameda,001,1643700,27784,26063,266,26329,436
2020-11-16,Alpine,003,1148,37,12,0,12,0
2020-11-16,Amador,005,37829,455,414,1,415,16
2020-11-16,Butte,007,227075,3772,3490,149,3639,58
2020-11-16,Calaveras,009,45235,413,402,0,402,21
2020-11-16,Colusa,011,21464,654,601,1,602,6
2020-11-16,Contra Costa,013,1133247,22514,21386,122,21508,256
2020-11-16,Del Norte,015,27424,271,225,0,225,2
2020-11-16,El Dorado,017,186661,2061,1694,24,1718,4
2020-11-16,Fresno,019,978130,38748,34593,955,35548,471
2020-11-16,Glenn,021,27897,860,786,25,811,4
2020-11-16,Humboldt,023,135768,782,660,1,661,9
2020-11-16,Imperial,025,180216,14956,14111,30,14141,346
2020-11-16,Inyo,027,18085,283,263,5,268,15
2020-11-16,Kern,029,883053,38050,36049,801,36850,455
2020-11-16,Kings,031,150075,10196,9569,102,9671,85
2020-11-16,Lake,033,64148,864,784,0,784,18
2020-11-16,Lassen,035,31185,1299,1124,3,1127,0
2020-11-16,Los Angeles,037,10098052,356460,338778,4411,343189,7277
2020-11-16,Madera,039,155013,5832,5433,93,5526,54
2020-11-16,Marin,041,260295,7543,7359,24,7383,134
2020-11-16,Mariposa,043,17540,100,86,0,86,2
2020-11-16,Mendocino,045,87422,1322,1209,5,1214,23
2020-11-16,Merced,047,269075,10895,10399,81,10480,162
2020-11-16,Modoc,049,8938,86,71,17,88,0
2020-11-16,Mono,051,14174,478,453,9,462,2
2020-11-16,Monterey,053,433212,13910,13089,190,13279,107
2020-11-16,Napa,055,140530,2836,2536,16,2552,17
2020-11-16,Nevada,057,99092,1054,889,24,913,9
2020-11-16,Orange,059,3164182,70904,65396,2101,67497,1519
2020-11-16,Placer,061,380077,6058,5387,85,5472,63
2020-11-16,Plumas,063,18699,169,127,0,127,0
2020-11-16,Riverside,065,2383286,81334,76449,1156,77605,1379
2020-11-16,Sacramento,067,1510023,33189,30954,71,31025,534
2020-11-16,San Benito,069,59416,1695,1603,3,1606,15
2020-11-16,San Bernardino,071,2135413,83088,74401,928,75329,1186
2020-11-16,San Diego,073,3302833,71918,65603,2382,67985,926
2020-11-16,San Francisco,075,870044,14417,13847,76,13923,153
2020-11-16,San Joaquin,077,732212,24766,23515,388,23903,513
2020-11-16,San Luis Obispo,079,281455,5810,5161,82,5243,34
2020-11-16,San Mateo,081,765935,13351,12398,12,12410,169
2020-11-16,Santa Barbara,083,443738,10973,10565,162,10727,135
2020-11-16,Santa Clara,085,1922200,31434,28673,62,28735,419
2020-11-16,Santa Cruz,087,273765,3992,3520,39,3559,25
2020-11-16,Shasta,089,179085,4408,3284,103,3387,37
2020-11-16,Sierra,091,2930,15,11,0,11,0
2020-11-16,Siskiyou,093,43540,429,294,24,318,0
2020-11-16,Solano,095,438530,9428,8827,47,8874,84
2020-11-16,Sonoma,097,501317,11469,10961,39,11000,155
2020-11-16,Stanislaus,099,539301,20281,19333,1123,20456,425
2020-11-16,Sutter,101,95872,2693,2322,8,2330,12
2020-11-16,Tehama,103,63373,1442,1261,7,1268,7
2020-11-16,Trinity,105,12862,201,67,21,88,0
2020-11-16,Tulare,107,460477,20147,18891,917,19808,305
2020-11-16,Tuolumne,109,53932,804,543,7,550,7
2020-11-16,Ventura,111,848112,18065,16691,513,17204,172
2020-11-16,Yolo,113,214977,4218,3858,12,3870,70
2020-11-16,Yuba,115,75493,1676,1500,6,1506,10
2020-11-15,Alameda,001,1643700,27467,25879,261,26140,436
2020-11-15,Alpine,003,1148,35,12,0,12,0
2020-11-15,Amador,005,37829,443,409,1,410,16
2020-11-15,Butte,007,227075,3718,3452,140,3592,58
2020-11-15,Calaveras,009,45235,398,386,0,386,21
2020-11-15,Colusa,011,21464,645,601,1,602,6
2020-11-15,Contra Costa,013,1133247,22216,21179,121,21300,256
2020-11-15,Del Norte,015,27424,257,224,0,224,2
2020-11-15,El Dorado,017,186661,1999,1683,23,1706,4
2020-11-15,Fresno,019,978130,38235,34297,917,35214,471
2020-11-15,Glenn,021,27897,848,783,24,807,4
2020-11-15,Humboldt,023,135768,754,653,1,654,9
2020-11-15,Imperial,025,180216,14721,13940,30,13970,346
2020-11-15,Inyo,027,18085,273,263,5,268,15
2020-11-15,Kern,029,883053,37644,35911,766,36677,455
2020-11-15,Kings,031,150075,10003,9533,99,9632,85
2020-11-15,Lake,033,64148,854,777,0,777,17
2020-11-15,Lassen,035,31185,1252,1124,3,1127,0
2020-11-15,Los Angeles,037,10098052,351413,336035,4243,340278,7271
2020-11-15,Madera,039,155013,5734,5391,87,5478,54
2020-11-15,Marin,041,260295,7516,7347,24,7371,133
2020-11-15,Mariposa,043,17540,97,86,0,86,2
2020-11-15,Mendocino,045,87422,1303,1197,5,1202,22
2020-11-15,Merced,047,269075,10762,10350,81,10431,162
2020-11-15,Modoc,049,8938,85,68,17,85,0
2020-11-15,Mono,051,14174,476,453,9,462,2
2020-11-15,Monterey,053,433212,13714,12999,177,13176,107
2020-11-15,Napa,055,140530,2777,2509,14,2523,17
2020-11-15,Nevada,057,99092,999,859,24,883,9
2020-11-15,Orange,059,3164182,69860,65008,2085,67093,1519
2020-11-15,Placer,061,380077,5903,5330,77,5407,63
2020-11-15,Plumas,063,18699,163,127,0,127,0
2020-11-15,Riverside,065,2383286,80011,75531,1098,76629,1374
2020-11-15,Sacramento,067,1510023,32563,30601,66,30667,534
2020-11-15,San Benito,069,59416,1670,1589,2,1591,15
2020-11-15,San Bernardino,071,2135413,80938,73769,853,74622,1185
2020-11-15,San Diego,073,3302833,70417,64770,2325,67095,926
2020-11-15,San Francisco,075,870044,14241,13757,75,13832,153
2020-11-15,San Joaquin,077,732212,24556,23516,373,23889,513
2020-11-15,San Luis Obispo,079,281455,5689,5120,80,5200,34
2020-11-15,San Mateo,081,765935,13174,12348,12,12360,169
2020-11-15,Santa Barbara,083,443738,10878,10516,160,10676,135
2020-11-15,Santa Clara,085,1922200,30976,28289,61,28350,418
2020-11-15,Santa Cruz,087,273765,3851,3439,38,3477,25
2020-11-15,Shasta,089,179085,4235,3290,94,3384,37
2020-11-15,Sierra,091,2930,15,11,0,11,0
2020-11-15,Siskiyou,093,43540,410,294,24,318,0
2020-11-15,Solano,095,438530,9267,8713,44,8757,84
2020-11-15,Sonoma,097,501317,11351,10833,38,10871,154
2020-11-15,Stanislaus,099,539301,20007,19228,1098,20326,425
2020-11-15,Sutter,101,95872,2603,2230,8,2238,12
2020-11-15,Tehama,103,63373,1391,1222,6,1228,7
2020-11-15,Trinity,105,12862,191,67,19,86,0
2020-11-15,Tulare,107,460477,19929,18891,865,19756,305
2020-11-15,Tuolumne,109,53932,762,486,7,493,7
2020-11-15,Ventura,111,848112,17791,16564,505,17069,172
2020-11-15,Yolo,113,214977,4115,3819,12,3831,67
2020-11-15,Yuba,115,75493,1635,1470,5,1475,10
2020-11-14,Alameda,001,1643700,27200,25714,259,25973,435
2020-11-14,Alpine,003,1148,35,12,0,12,0
2020-11-14,Amador,005,37829,434,404,0,404,16
2020-11-14,Butte,007,227075,3682,3434,126,3560,58
2020-11-14,Calaveras,009,45235,397,386,0,386,21
2020-11-14,Colusa,011,21464,633,601,1,602,6
2020-11-14,Contra Costa,013,1133247,22074,20975,114,21089,256
2020-11-14,Del Norte,015,27424,250,219,0,219,2
2020-11-14,El Dorado,017,186661,1955,1648,23,1671,4
2020-11-14,Fresno,019,978130,37985,33969,881,34850,471
2020-11-14,Glenn,021,27897,839,772,21,793,3
2020-11-14,Humboldt,023,135768,739,643,1,644,9
2020-11-14,Imperial,025,180216,14628,13932,29,13961,346
2020-11-14,Inyo,027,18085,272,263,5,268,15
2020-11-14,Kern,029,883053,37434,35626,747,36373,454
2020-11-14,Kings,031,150075,9968,9490,96,9586,85
2020-11-14,Lake,033,64148,845,773,0,773,17
2020-11-14,Lassen,035,31185,1238,833,3,836,0
2020-11-14,Los Angeles,037,10098052,348707,333021,4134,337155,7269
2020-11-14,Madera,039,155013,5703,5371,85,5456,54
2020-11-14,Marin,041,260295,7499,7325,24,7349,133
2020-11-14,Mariposa,043,17540,96,86,0,86,2
2020-11-14,Mendocino,045,87422,1287,1181,5,1186,22
2020-11-14,Merced,047,269075,10706,10286,79,10365,161
2020-11-14,Modoc,049,8938,84,64,16,80,0
2020-11-14,Mono,051,14174,476,453,9,462,2
2020-11-14,Monterey,053,433212,13618,12854,167,13021,105
2020-11-14,Napa,055,140530,2743,2473,14,2487,17
2020-11-14,Nevada,057,99092,983,835,24,859,9
2020-11-14,Orange,059,3164182,69239,64340,2074,66414,1517
2020-11-14,Placer,061,380077,5827,5215,71,5286,63
2020-11-14,Plumas,063,18699,158,128,0,128,0
2020-11-14,Riverside,065,2383286,79271,74910,1059,75969,1373
2020-11-14,Sacramento,067,1510023,32238,30298,66,30364,532
2020-11-14,San Benito,069,59416,1655,1573,2,1575,15
2020-11-14,San Bernardino,071,2135413,80003,72868,822,73690,1184
2020-11-14,San Diego,073,3302833,69652,63715,2273,65988,926
2020-11-14,San Francisco,075,870044,14154,13661,74,13735,153
2020-11-14,San Joaquin,077,732212,24463,23516,366,23882,511
2020-11-14,San Luis Obispo,079,281455,5626,5073,75,5148,34
2020-11-14,San Mateo,081,765935,13066,12293,12,12305,169
2020-11-14,Santa Barbara,083,443738,10824,10482,158,10640,135
2020-11-14,Santa Clara,085,1922200,30691,27962,59,28021,416
2020-11-14,Santa Cruz,087,273765,3796,3402,38,3440,25
2020-11-14,Shasta,089,179085,4154,3195,92,3287,37
2020-11-14,Sierra,091,2930,15,11,0,11,0
2020-11-14,Siskiyou,093,43540,397,292,24,316,0
2020-11-14,Solano,095,438530,9188,8655,44,8699,84
2020-11-14,Sonoma,097,501317,11298,10769,38,10807,154
2020-11-14,Stanislaus,099,539301,19864,19068,1076,20144,424
2020-11-14,Sutter,101,95872,2558,2182,8,2190,12
2020-11-14,Tehama,103,63373,1369,1206,5,1211,7
2020-11-14,Trinity,105,12862,186,67,19,86,0
2020-11-14,Tulare,107,460477,19836,18853,837,19690,305
2020-11-14,Tuolumne,109,53932,734,448,7,455,7
2020-11-14,Ventura,111,848112,17645,16297,494,16791,172
2020-11-14,Yolo,113,214977,4071,3765,10,3775,65
2020-11-14,Yuba,115,75493,1606,1453,5,1458,10
2020-11-13,Alameda,001,1643700,26984,25515,254,25769,434
2020-11-13,Alpine,003,1148,35,12,0,12,0
2020-11-13,Amador,005,37829,431,397,0,397,16
2020-11-13,Butte,007,227075,3658,3402,117,3519,58
2020-11-13,Calaveras,009,45235,393,378,0,378,21
2020-11-13,Colusa,011,21464,625,598,1,599,6
2020-11-13,Contra Costa,013,1133247,21900,20799,114,20913,256
2020-11-13,Del Norte,015,27424,247,208,0,208,2
2020-11-13,El Dorado,017,186661,1910,1611,22,1633,4
2020-11-13,Fresno,019,978130,37739,33693,867,34560,470
2020-11-13,Glenn,021,27897,825,755,17,772,3
2020-11-13,Humboldt,023,135768,724,638,1,639,9
2020-11-13,Imperial,025,180216,14557,13790,28,13818,341
2020-11-13,Inyo,027,18085,271,262,5,267,15
2020-11-13,Kern,029,883053,37232,35431,730,36161,453
2020-11-13,Kings,031,150075,9909,9428,95,9523,85
2020-11-13,Lake,033,64148,839,770,0,770,17
2020-11-13,Lassen,035,31185,1229,832,3,835,0
2020-11-13,Los Angeles,037,10098052,345579,329364,4030,333394,7248
2020-11-13,Madera,039,155013,5663,5340,84,5424,54
2020-11-13,Marin,041,260295,7486,7307,23,7330,133
2020-11-13,Mariposa,043,17540,94,86,0,86,2
2020-11-13,Mendocino,045,87422,1275,1173,5,1178,22
2020-11-13,Merced,047,269075,10650,10185,76,10261,159
2020-11-13,Modoc,049,8938,84,63,14,77,0
2020-11-13,Mono,051,14174,476,448,8,456,2
2020-11-13,Monterey,053,433212,13423,12681,155,12836,104
2020-11-13,Napa,055,140530,2703,2440,14,2454,17
2020-11-13,Nevada,057,99092,964,798,24,822,9
2020-11-13,Orange,059,3164182,68640,63804,2054,65858,1514
2020-11-13,Placer,061,380077,5722,5122,65,5187,63
2020-11-13,Plumas,063,18699,152,125,0,125,0
2020-11-13,Riverside,065,2383286,78533,74138,1030,75168,1372
2020-11-13,Sacramento,067,1510023,31919,29787,62,29849,524
2020-11-13,San Benito,069,59416,1643,1553,1,1554,15
2020-11-13,San Bernardino,071,2135413,78955,71895,801,72696,1184
2020-11-13,San Diego,073,3302833,68805,62978,2235,65213,921
2020-11-13,San Francisco,075,870044,14060,13516,72,13588,146
2020-11-13,San Joaquin,077,732212,24368,23314,360,23674,510
2020-11-13,San Luis Obispo,079,281455,5559,4960,72,5032,34
2020-11-13,San Mateo,081,765935,12973,12182,12,12194,169
2020-11-13,Santa Barbara,083,443738,10772,10405,156,10561,134
2020-11-13,Santa Clara,085,1922200,30363,27609,57,27666,415
2020-11-13,Santa Cruz,087,273765,3722,3343,38,3381,25
2020-11-13,Shasta,089,179085,4070,2983,88,3071,37
2020-11-13,Sierra,091,2930,15,11,0,11,0
2020-11-13,Siskiyou,093,43540,392,280,23,303,0
2020-11-13,Solano,095,438530,9097,8525,44,8569,84
2020-11-13,Sonoma,097,501317,11237,10685,36,10721,151
2020-11-13,Stanislaus,099,539301,19738,18936,1049,19985,422
2020-11-13,Sutter,101,95872,2512,2121,7,2128,12
2020-11-13,Tehama,103,63373,1342,1167,5,1172,7
2020-11-13,Trinity,105,12862,184,64,19,83,0
2020-11-13,Tulare,107,460477,19712,18714,797,19511,305
2020-11-13,Tuolumne,109,53932,701,427,7,434,7
2020-11-13,Ventura,111,848112,17499,16172,480,16652,171
2020-11-13,Yolo,113,214977,4020,3716,10,3726,65
2020-11-13,Yuba,115,75493,1579,1435,5,1440,10
2020-11-12,Alameda,001,1643700,26717,25345,254,25599,432
2020-11-12,Alpine,003,1148,34,12,0,12,0
2020-11-12,Amador,005,37829,430,392,0,392,16
2020-11-12,Butte,007,227075,3609,3347,114,3461,58
2020-11-12,Calaveras,009,45235,388,373,0,373,21
2020-11-12,Colusa,011,21464,620,591,1,592,6
2020-11-12,Contra Costa,013,1133247,21691,20619,113,20732,255
2020-11-12,Del Norte,015,27424,239,203,0,203,2
2020-11-12,El Dorado,017,186661,1864,1573,18,1591,4
2020-11-12,Fresno,019,978130,37389,33459,826,34285,468
2020-11-12,Glenn,021,27897,806,727,17,744,3
2020-11-12,Humboldt,023,135768,711,625,1,626,9
2020-11-12,Imperial,025,180216,14392,13619,28,13647,341
2020-11-12,Inyo,027,18085,270,255,5,260,15
2020-11-12,Kern,029,883053,36968,35207,716,35923,451
2020-11-12,Kings,031,150075,9842,9335,94,9429,85
2020-11-12,Lake,033,64148,830,764,0,764,17
2020-11-12,Lassen,035,31185,1160,832,2,834,0
2020-11-12,Los Angeles,037,10098052,341835,327001,3932,330933,7223
2020-11-12,Madera,039,155013,5628,5273,80,5353,54
2020-11-12,Marin,041,260295,7457,7268,23,7291,133
2020-11-12,Mariposa,043,17540,92,84,0,84,2
2020-11-12,Mendocino,045,87422,1256,1142,5,1147,22
2020-11-12,Merced,047,269075,10536,10107,73,10180,158
2020-11-12,Modoc,049,8938,84,63,14,77,0
2020-11-12,Mono,051,14174,475,442,8,450,2
2020-11-12,Monterey,053,433212,13302,12489,141,12630,100
2020-11-12,Napa,055,140530,2641,2398,14,2412,16
2020-11-12,Nevada,057,99092,942,780,23,803,9
2020-11-12,Orange,059,3164182,67895,63232,2035,65267,1514
2020-11-12,Placer,061,380077,5613,5044,56,5100,62
2020-11-12,Plumas,063,18699,148,121,0,121,0
2020-11-12,Riverside,065,2383286,77601,73381,987,74368,1362
2020-11-12,Sacramento,067,1510023,31428,29459,54,29513,520
2020-11-12,San Benito,069,59416,1623,1525,1,1526,15
2020-11-12,San Bernardino,071,2135413,77589,70758,762,71520,1183
2020-11-12,San Diego,073,3302833,67825,62336,2184,64520,918
2020-11-12,San Francisco,075,870044,13961,13289,71,13360,146
2020-11-12,San Joaquin,077,732212,24174,23002,339,23341,509
2020-11-12,San Luis Obispo,079,281455,5495,4898,71,4969,33
2020-11-12,San Mateo,081,765935,12848,12086,11,12097,169
2020-11-12,Santa Barbara,083,443738,10710,10325,151,10476,134
2020-11-12,Santa Clara,085,1922200,29986,27261,56,27317,414
2020-11-12,Santa Cruz,087,273765,3639,3317,36,3353,25
2020-11-12,Shasta,089,179085,3933,2825,77,2902,37
2020-11-12,Sierra,091,2930,15,11,0,11,0
2020-11-12,Siskiyou,093,43540,375,275,19,294,0
2020-11-12,Solano,095,438530,8997,8417,43,8460,85
2020-11-12,Sonoma,097,501317,11135,10602,35,10637,151
2020-11-12,Stanislaus,099,539301,19568,18787,1020,19807,422
2020-11-12,Sutter,101,95872,2429,2075,6,2081,12
2020-11-12,Tehama,103,63373,1314,1117,5,1122,7
2020-11-12,Trinity,105,12862,176,62,18,80,0
2020-11-12,Tulare,107,460477,19599,18545,759,19304,305
2020-11-12,Tuolumne,109,53932,662,353,7,360,7
2020-11-12,Ventura,111,848112,17249,16013,474,16487,158
2020-11-12,Yolo,113,214977,3977,3646,10,3656,63
2020-11-12,Yuba,115,75493,1544,1410,5,1415,10
2020-11-11,Alameda,001,1643700,26473,25140,252,25392,429
2020-11-11,Alpine,003,1148,29,12,0,12,0
2020-11-11,Amador,005,37829,423,389,0,389,16
2020-11-11,Butte,007,227075,3583,3348,101,3449,58
2020-11-11,Calaveras,009,45235,378,373,0,373,21
2020-11-11,Colusa,011,21464,614,591,1,592,6
2020-11-11,Contra Costa,013,1133247,21474,20452,111,20563,255
2020-11-11,Del Norte,015,27424,231,203,0,203,2
2020-11-11,El Dorado,017,186661,1818,1564,17,1581,4
2020-11-11,Fresno,019,978130,37070,33287,791,34078,468
2020-11-11,Glenn,021,27897,790,722,16,738,3
2020-11-11,Humboldt,023,135768,697,623,1,624,9
2020-11-11,Imperial,025,180216,14222,13623,26,13649,340
2020-11-11,Inyo,027,18085,268,255,5,260,15
2020-11-11,Kern,029,883053,36693,35014,699,35713,449
2020-11-11,Kings,031,150075,9736,9263,91,9354,85
2020-11-11,Lake,033,64148,819,763,0,763,17
2020-11-11,Lassen,035,31185,1135,831,2,833,0
2020-11-11,Los Angeles,037,10098052,338466,324567,3850,328417,7220
2020-11-11,Madera,039,155013,5594,5248,79,5327,54
2020-11-11,Marin,041,260295,7435,7268,23,7291,133
2020-11-11,Mariposa,043,17540,92,84,0,84,2
2020-11-11,Mendocino,045,87422,1244,1142,5,1147,22
2020-11-11,Merced,047,269075,10465,10074,71,10145,157
2020-11-11,Modoc,049,8938,80,62,13,75,0
2020-11-11,Mono,051,14174,473,443,8,451,2
2020-11-11,Monterey,053,433212,13159,12417,137,12554,100
2020-11-11,Napa,055,140530,2592,2365,12,2377,15
2020-11-11,Nevada,057,99092,900,741,23,764,9
2020-11-11,Orange,059,3164182,67255,62929,2011,64940,1506
2020-11-11,Placer,061,380077,5529,4981,48,5029,60
2020-11-11,Plumas,063,18699,146,111,0,111,0
2020-11-11,Riverside,065,2383286,76699,72953,941,73894,1361
2020-11-11,Sacramento,067,1510023,30971,28968,52,29020,520
2020-11-11,San Benito,069,59416,1609,1512,1,1513,15
2020-11-11,San Bernardino,071,2135413,76303,70374,736,71110,1182
2020-11-11,San Diego,073,3302833,66890,61746,2123,63869,918
2020-11-11,San Francisco,075,870044,13854,13287,70,13357,146
2020-11-11,San Joaquin,077,732212,24014,23001,334,23335,509
2020-11-11,San Luis Obispo,079,281455,5420,4832,68,4900,33
2020-11-11,San Mateo,081,765935,12734,12008,11,12019,169
2020-11-11,Santa Barbara,083,443738,10644,10278,151,10429,134
2020-11-11,Santa Clara,085,1922200,29635,27075,55,27130,413
2020-11-11,Santa Cruz,087,273765,3571,3247,36,3283,25
2020-11-11,Shasta,089,179085,3810,2766,67,2833,36
2020-11-11,Sierra,091,2930,13,11,0,11,0
2020-11-11,Siskiyou,093,43540,344,261,16,277,0
2020-11-11,Solano,095,438530,8879,8353,41,8394,85
2020-11-11,Sonoma,097,501317,11061,10498,35,10533,150
2020-11-11,Stanislaus,099,539301,19431,18671,990,19661,422
2020-11-11,Sutter,101,95872,2381,2049,5,2054,12
2020-11-11,Tehama,103,63373,1270,1105,4,1109,7
2020-11-11,Trinity,105,12862,165,62,18,80,0
2020-11-11,Tulare,107,460477,19468,18500,729,19229,305
2020-11-11,Tuolumne,109,53932,607,354,6,360,7
2020-11-11,Ventura,111,848112,17034,15801,461,16262,158
2020-11-11,Yolo,113,214977,3926,3606,10,3616,63
2020-11-11,Yuba,115,75493,1529,1400,5,1405,10
2020-11-10,Alameda,001,1643700,26243,25008,249,25257,424
2020-11-10,Alpine,003,1148,29,9,0,9,0
2020-11-10,Amador,005,37829,417,384,0,384,16
2020-11-10,Butte,007,227075,3547,3327,97,3424,58
2020-11-10,Calaveras,009,45235,374,367,0,367,21
2020-11-10,Colusa,011,21464,606,590,1,591,6
2020-11-10,Contra Costa,013,1133247,21268,20326,109,20435,255
2020-11-10,Del Norte,015,27424,225,196,0,196,2
2020-11-10,El Dorado,017,186661,1758,1551,17,1568,4
2020-11-10,Fresno,019,978130,36800,33024,755,33779,465
2020-11-10,Glenn,021,27897,782,719,12,731,3
2020-11-10,Humboldt,023,135768,680,610,1,611,9
2020-11-10,Imperial,025,180216,14092,13570,26,13596,338
2020-11-10,Inyo,027,18085,267,252,5,257,14
2020-11-10,Kern,029,883053,36417,34858,680,35538,448
2020-11-10,Kings,031,150075,9689,9236,84,9320,85
2020-11-10,Lake,033,64148,809,762,0,762,16
2020-11-10,Lassen,035,31185,1120,830,2,832,0
2020-11-10,Los Angeles,037,10098052,335217,322569,3736,326305,7205
2020-11-10,Madera,039,155013,5552,5229,73,5302,54
2020-11-10,Marin,041,260295,7416,7259,23,7282,133
2020-11-10,Mariposa,043,17540,90,84,0,84,2
2020-11-10,Mendocino,045,87422,1236,1137,5,1142,22
2020-11-10,Merced,047,269075,10403,9992,65,10057,157
2020-11-10,Modoc,049,8938,78,61,13,74,0
2020-11-10,Mono,051,14174,471,443,8,451,2
2020-11-10,Monterey,053,433212,13024,12335,129,12464,100
2020-11-10,Napa,055,140530,2554,2341,10,2351,15
2020-11-10,Nevada,057,99092,884,734,23,757,9
2020-11-10,Orange,059,3164182,66703,62597,2001,64598,1504
2020-11-10,Placer,061,380077,5449,4902,47,4949,60
2020-11-10,Plumas,063,18699,142,108,0,108,0
2020-11-10,Riverside,065,2383286,76057,72316,916,73232,1359
2020-11-10,Sacramento,067,1510023,30564,28677,49,28726,519
2020-11-10,San Benito,069,59416,1594,1508,1,1509,15
2020-11-10,San Bernardino,071,2135413,75134,69666,703,70369,1182
2020-11-10,San Diego,073,3302833,65999,61085,2086,63171,915
2020-11-10,San Francisco,075,870044,13738,13210,70,13280,146
2020-11-10,San Joaquin,077,732212,23849,22865,327,23192,508
2020-11-10,San Luis Obispo,079,281455,5357,4780,65,4845,33
2020-11-10,San Mateo,081,765935,12634,11939,11,11950,169
2020-11-10,Santa Barbara,083,443738,10577,10252,147,10399,134
2020-11-10,Santa Clara,085,1922200,29287,26917,54,26971,409
2020-11-10,Santa Cruz,087,273765,3509,3221,36,3257,25
2020-11-10,Shasta,089,179085,3667,2686,59,2745,36
2020-11-10,Sierra,091,2930,12,10,0,10,0
2020-11-10,Siskiyou,093,43540,327,263,15,278,0
2020-11-10,Solano,095,438530,8782,8299,41,8340,85
2020-11-10,Sonoma,097,501317,10974,10414,35,10449,150
2020-11-10,Stanislaus,099,539301,19298,18592,966,19558,420
2020-11-10,Sutter,101,95872,2286,2035,4,2039,12
2020-11-10,Tehama,103,63373,1245,1099,3,1102,7
2020-11-10,Trinity,105,12862,156,62,16,78,0
2020-11-10,Tulare,107,460477,19353,18430,705,19135,305
2020-11-10,Tuolumne,109,53932,558,353,6,359,7
2020-11-10,Ventura,111,848112,16851,15625,459,16084,158
2020-11-10,Yolo,113,214977,3865,3573,10,3583,63
2020-11-10,Yuba,115,75493,1506,1392,5,1397,10
2020-11-09,Alameda,001,1643700,25997,24899,245,25144,424
2020-11-09,Alpine,003,1148,27,6,0,6,0
2020-11-09,Amador,005,37829,408,380,0,380,16
2020-11-09,Butte,007,227075,3502,3301,88,3389,57
2020-11-09,Calaveras,009,45235,370,360,0,360,21
2020-11-09,Colusa,011,21464,600,583,1,584,6
2020-11-09,Contra Costa,013,1133247,21094,20193,107,20300,255
2020-11-09,Del Norte,015,27424,219,195,0,195,2
2020-11-09,El Dorado,017,186661,1717,1515,17,1532,4
2020-11-09,Fresno,019,978130,36490,32755,715,33470,465
2020-11-09,Glenn,021,27897,776,714,9,723,3
2020-11-09,Humboldt,023,135768,667,607,1,608,9
2020-11-09,Imperial,025,180216,13973,13508,25,13533,338
2020-11-09,Inyo,027,18085,267,252,5,257,14
2020-11-09,Kern,029,883053,36187,34764,644,35408,448
2020-11-09,Kings,031,150075,9619,9141,82,9223,84
2020-11-09,Lake,033,64148,800,755,0,755,16
2020-11-09,Lassen,035,31185,1024,799,2,801,0
2020-11-09,Los Angeles,037,10098052,332118,320370,3661,324031,7180
2020-11-09,Madera,039,155013,5506,5209,70,5279,54
2020-11-09,Marin,041,260295,7390,7237,22,7259,131
2020-11-09,Mariposa,043,17540,90,84,0,84,2
2020-11-09,Mendocino,045,87422,1224,1132,5,1137,22
2020-11-09,Merced,047,269075,10300,9922,62,9984,157
2020-11-09,Modoc,049,8938,74,54,12,66,0
2020-11-09,Mono,051,14174,468,352,8,360,2
2020-11-09,Monterey,053,433212,12877,12148,121,12269,98
2020-11-09,Napa,055,140530,2511,2309,10,2319,15
2020-11-09,Nevada,057,99092,847,729,22,751,9
2020-11-09,Orange,059,3164182,66062,62335,1988,64323,1501
2020-11-09,Placer,061,380077,5364,4843,36,4879,60
2020-11-09,Plumas,063,18699,135,102,0,102,0
2020-11-09,Riverside,065,2383286,75275,72059,882,72941,1346
2020-11-09,Sacramento,067,1510023,30092,28200,48,28248,516
2020-11-09,San Benito,069,59416,1585,1506,1,1507,15
2020-11-09,San Bernardino,071,2135413,74080,69015,660,69675,1182
2020-11-09,San Diego,073,3302833,65144,60572,2046,62618,908
2020-11-09,San Francisco,075,870044,13618,12984,67,13051,146
2020-11-09,San Joaquin,077,732212,23684,22512,322,22834,505
2020-11-09,San Luis Obispo,079,281455,5270,4746,63,4809,32
2020-11-09,San Mateo,081,765935,12527,11857,11,11868,169
2020-11-09,Santa Barbara,083,443738,10520,10214,142,10356,134
2020-11-09,Santa Clara,085,1922200,28891,26693,54,26747,409
2020-11-09,Santa Cruz,087,273765,3451,3194,36,3230,25
2020-11-09,Shasta,089,179085,3513,2581,50,2631,36
2020-11-09,Sierra,091,2930,10,10,0,10,0
2020-11-09,Siskiyou,093,43540,316,257,13,270,0
2020-11-09,Solano,095,438530,8669,8254,40,8294,85
2020-11-09,Sonoma,097,501317,10866,10310,35,10345,150
2020-11-09,Stanislaus,099,539301,19149,18482,951,19433,418
2020-11-09,Sutter,101,95872,2219,2010,3,2013,12
2020-11-09,Tehama,103,63373,1208,1071,2,1073,7
2020-11-09,Trinity,105,12862,149,46,16,62,0
2020-11-09,Tulare,107,460477,19231,18272,674,18946,304
2020-11-09,Tuolumne,109,53932,503,346,5,351,7
2020-11-09,Ventura,111,848112,16649,15568,456,16024,156
2020-11-09,Yolo,113,214977,3804,3522,10,3532,62
2020-11-09,Yuba,115,75493,1473,1380,5,1385,10
2020-11-08,Alameda,001,1643700,25767,24731,245,24976,424
2020-11-08,Alpine,003,1148,24,6,0,6,0
2020-11-08,Amador,005,37829,401,376,0,376,16
2020-11-08,Butte,007,227075,3464,3285,81,3366,57
2020-11-08,Calaveras,009,45235,368,360,0,360,21
2020-11-08,Colusa,011,21464,597,583,1,584,6
2020-11-08,Contra Costa,013,1133247,20923,20031,105,20136,254
2020-11-08,Del Norte,015,27424,212,195,0,195,2
2020-11-08,El Dorado,017,186661,1680,1502,17,1519,4
2020-11-08,Fresno,019,978130,36155,32619,677,33296,465
2020-11-08,Glenn,021,27897,770,707,8,715,3
2020-11-08,Humboldt,023,135768,651,605,1,606,9
2020-11-08,Imperial,025,180216,13857,13428,25,13453,338
2020-11-08,Inyo,027,18085,264,252,5,257,14
2020-11-08,Kern,029,883053,35968,34644,626,35270,448
2020-11-08,Kings,031,150075,9486,9026,79,9105,84
2020-11-08,Lake,033,64148,792,754,0,754,16
2020-11-08,Lassen,035,31185,876,799,2,801,0
2020-11-08,Los Angeles,037,10098052,328991,318960,3595,322555,7176
2020-11-08,Madera,039,155013,5436,5196,67,5263,54
2020-11-08,Marin,041,260295,7370,7227,22,7249,131
2020-11-08,Mariposa,043,17540,90,83,0,83,2
2020-11-08,Mendocino,045,87422,1215,1129,5,1134,22
2020-11-08,Merced,047,269075,10225,9885,60,9945,157
2020-11-08,Modoc,049,8938,70,54,12,66,0
2020-11-08,Mono,051,14174,462,352,8,360,2
2020-11-08,Monterey,053,433212,12732,12122,111,12233,98
2020-11-08,Napa,055,140530,2472,2274,10,2284,15
2020-11-08,Nevada,057,99092,831,715,22,737,9
2020-11-08,Orange,059,3164182,65474,62034,1974,64008,1501
2020-11-08,Placer,061,380077,5261,4800,31,4831,60
2020-11-08,Plumas,063,18699,130,102,0,102,0
2020-11-08,Riverside,065,2383286,74620,71442,841,72283,1345
2020-11-08,Sacramento,067,1510023,29533,28059,45,28104,515
2020-11-08,San Benito,069,59416,1570,1496,1,1497,15
2020-11-08,San Bernardino,071,2135413,72828,68412,621,69033,1182
2020-11-08,San Diego,073,3302833,64299,60199,2002,62201,908
2020-11-08,San Francisco,075,870044,13488,12985,63,13048,146
2020-11-08,San Joaquin,077,732212,23490,22514,318,22832,505
2020-11-08,San Luis Obispo,079,281455,5204,4698,58,4756,32
2020-11-08,San Mateo,081,765935,12409,11783,11,11794,169
2020-11-08,Santa Barbara,083,443738,10450,10180,140,10320,134
2020-11-08,Santa Clara,085,1922200,28517,26442,53,26495,410
2020-11-08,Santa Cruz,087,273765,3394,3134,36,3170,25
2020-11-08,Shasta,089,179085,3377,2582,44,2626,36
2020-11-08,Sierra,091,2930,10,7,0,7,0
2020-11-08,Siskiyou,093,43540,304,246,12,258,0
2020-11-08,Solano,095,438530,8548,8132,39,8171,85
2020-11-08,Sonoma,097,501317,10759,10229,35,10264,149
2020-11-08,Stanislaus,099,539301,18975,18413,930,19343,418
2020-11-08,Sutter,101,95872,2161,1980,3,1983,12
2020-11-08,Tehama,103,63373,1182,1054,2,1056,7
2020-11-08,Trinity,105,12862,146,46,15,61,0
2020-11-08,Tulare,107,460477,19089,18272,645,18917,304
2020-11-08,Tuolumne,109,53932,476,341,5,346,7
2020-11-08,Ventura,111,848112,16454,15504,448,15952,156
2020-11-08,Yolo,113,214977,3742,3492,10,3502,61
2020-11-08,Yuba,115,75493,1452,1369,5,1374,10
2020-11-07,Alameda,001,1643700,25657,24578,243,24821,424
2020-11-07,Alpine,003,1148,24,6,0,6,0
2020-11-07,Amador,005,37829,398,375,0,375,16
2020-11-07,Butte,007,227075,3451,3277,76,3353,57
2020-11-07,Calaveras,009,45235,366,360,0,360,21
2020-11-07,Colusa,011,21464,597,583,1,584,6
2020-11-07,Contra Costa,013,1133247,20822,19943,104,20047,254
2020-11-07,Del Norte,015,27424,207,194,0,194,2
2020-11-07,El Dorado,017,186661,1655,1495,16,1511,4
2020-11-07,Fresno,019,978130,36001,32497,654,33151,465
2020-11-07,Glenn,021,27897,762,707,8,715,3
2020-11-07,Humboldt,023,135768,640,590,1,591,9
2020-11-07,Imperial,025,180216,13799,13388,24,13412,338
2020-11-07,Inyo,027,18085,262,252,5,257,14
2020-11-07,Kern,029,883053,35812,34513,616,35129,448
2020-11-07,Kings,031,150075,9453,9005,73,9078,84
2020-11-07,Lake,033,64148,788,751,0,751,16
2020-11-07,Lassen,035,31185,860,799,2,801,0
2020-11-07,Los Angeles,037,10098052,327478,316756,3528,320284,7174
2020-11-07,Madera,039,155013,5413,5177,65,5242,54
2020-11-07,Marin,041,260295,7359,7215,22,7237,131
2020-11-07,Mariposa,043,17540,90,81,0,81,2
2020-11-07,Mendocino,045,87422,1204,1118,5,1123,22
2020-11-07,Merced,047,269075,10193,9855,56,9911,157
2020-11-07,Modoc,049,8938,70,51,12,63,0
2020-11-07,Mono,051,14174,459,352,8,360,2
2020-11-07,Monterey,053,433212,12662,12030,107,12137,98
2020-11-07,Napa,055,140530,2442,2260,9,2269,15
2020-11-07,Nevada,057,99092,814,710,22,732,9
2020-11-07,Orange,059,3164182,65187,62038,1968,64006,1505
2020-11-07,Placer,061,380077,5198,4745,31,4776,60
2020-11-07,Plumas,063,18699,127,94,0,94,0
2020-11-07,Riverside,065,2383286,74225,71153,814,71967,1345
2020-11-07,Sacramento,067,1510023,29283,27773,45,27818,515
2020-11-07,San Benito,069,59416,1558,1489,1,1490,15
2020-11-07,San Bernardino,071,2135413,72311,67935,610,68545,1182
2020-11-07,San Diego,073,3302833,63787,59682,1970,61652,909
2020-11-07,San Francisco,075,870044,13427,12980,62,13042,146
2020-11-07,San Joaquin,077,732212,23382,22517,312,22829,505
2020-11-07,San Luis Obispo,079,281455,5155,4668,55,4723,32
2020-11-07,San Mateo,081,765935,12346,11711,11,11722,169
2020-11-07,Santa Barbara,083,443738,10408,10157,138,10295,134
2020-11-07,Santa Clara,085,1922200,28313,26244,52,26296,410
2020-11-07,Santa Cruz,087,273765,3356,3130,36,3166,25
2020-11-07,Shasta,089,179085,3310,2547,42,2589,36
2020-11-07,Sierra,091,2930,10,7,0,7,0
2020-11-07,Siskiyou,093,43540,300,241,12,253,0
2020-11-07,Solano,095,438530,8496,8066,39,8105,85
2020-11-07,Sonoma,097,501317,10713,10200,35,10235,149
2020-11-07,Stanislaus,099,539301,18864,18386,914,19300,418
2020-11-07,Sutter,101,95872,2121,1973,3,1976,12
2020-11-07,Tehama,103,63373,1157,1043,2,1045,7
2020-11-07,Trinity,105,12862,146,42,14,56,0
2020-11-07,Tulare,107,460477,19033,18229,628,18857,304
2020-11-07,Tuolumne,109,53932,464,327,5,332,7
2020-11-07,Ventura,111,848112,16394,15364,443,15807,156
2020-11-07,Yolo,113,214977,3711,3486,10,3496,61
2020-11-07,Yuba,115,75493,1437,1349,5,1354,10
2020-11-06,Alameda,001,1643700,25525,24389,241,24630,420
2020-11-06,Alpine,003,1148,24,6,0,6,0
2020-11-06,Amador,005,37829,396,369,0,369,16
2020-11-06,Butte,007,227075,3426,3254,68,3322,57
2020-11-06,Calaveras,009,45235,365,359,0,359,21
2020-11-06,Colusa,011,21464,595,580,1,581,6
2020-11-06,Contra Costa,013,1133247,20675,19744,104,19848,252
2020-11-06,Del Norte,015,27424,204,194,0,194,2
2020-11-06,El Dorado,017,186661,1629,1475,16,1491,4
2020-11-06,Fresno,019,978130,35813,32278,638,32916,460
2020-11-06,Glenn,021,27897,756,707,7,714,3
2020-11-06,Humboldt,023,135768,637,587,1,588,9
2020-11-06,Imperial,025,180216,13746,13230,24,13254,338
2020-11-06,Inyo,027,18085,260,246,5,251,14
2020-11-06,Kern,029,883053,35648,34360,599,34959,443
2020-11-06,Kings,031,150075,9429,8883,71,8954,83
2020-11-06,Lake,033,64148,787,741,0,741,16
2020-11-06,Lassen,035,31185,852,794,2,796,0
2020-11-06,Los Angeles,037,10098052,325508,314356,3476,317832,7160
2020-11-06,Madera,039,155013,5397,5136,64,5200,54
2020-11-06,Marin,041,260295,7338,7184,22,7206,131
2020-11-06,Mariposa,043,17540,89,79,0,79,2
2020-11-06,Mendocino,045,87422,1199,1113,5,1118,22
2020-11-06,Merced,047,269075,10153,9778,53,9831,157
2020-11-06,Modoc,049,8938,70,48,12,60,0
2020-11-06,Mono,051,14174,453,308,8,316,1
2020-11-06,Monterey,053,433212,12545,11914,106,12020,96
2020-11-06,Napa,055,140530,2417,2189,9,2198,15
2020-11-06,Nevada,057,99092,801,692,21,713,9
2020-11-06,Orange,059,3164182,64884,61049,1958,63007,1494
2020-11-06,Placer,061,380077,5125,4680,31,4711,60
2020-11-06,Plumas,063,18699,122,90,0,90,0
2020-11-06,Riverside,065,2383286,73776,70409,773,71182,1341
2020-11-06,Sacramento,067,1510023,28992,27489,43,27532,514
2020-11-06,San Benito,069,59416,1549,1479,1,1480,15
2020-11-06,San Bernardino,071,2135413,71713,66740,590,67330,1179
2020-11-06,San Diego,073,3302833,63263,59143,1938,61081,907
2020-11-06,San Francisco,075,870044,13357,12825,61,12886,146
2020-11-06,San Joaquin,077,732212,23297,22424,302,22726,502
2020-11-06,San Luis Obispo,079,281455,5090,4531,49,4580,32
2020-11-06,San Mateo,081,765935,12271,11587,11,11598,168
2020-11-06,Santa Barbara,083,443738,10372,10118,134,10252,133
2020-11-06,Santa Clara,085,1922200,28071,25831,52,25883,402
2020-11-06,Santa Cruz,087,273765,3318,3063,36,3099,25
2020-11-06,Shasta,089,179085,3237,2475,41,2516,35
2020-11-06,Sierra,091,2930,9,7,0,7,0
2020-11-06,Siskiyou,093,43540,287,237,11,248,0
2020-11-06,Solano,095,438530,8430,7959,39,7998,85
2020-11-06,Sonoma,097,501317,10663,10142,35,10177,149
2020-11-06,Stanislaus,099,539301,18777,18250,906,19156,417
2020-11-06,Sutter,101,95872,2094,1937,2,1939,12
2020-11-06,Tehama,103,63373,1136,1024,2,1026,6
2020-11-06,Trinity,105,12862,143,41,14,55,0
2020-11-06,Tulare,107,460477,18969,18136,603,18739,300
2020-11-06,Tuolumne,109,53932,443,316,5,321,5
2020-11-06,Ventura,111,848112,16308,15222,440,15662,154
2020-11-06,Yolo,113,214977,3682,3420,10,3430,62
2020-11-06,Yuba,115,75493,1424,1335,5,1340,10
2020-11-05,Alameda,001,1643700,25349,24270,241,24511,420
2020-11-05,Alpine,003,1148,24,6,0,6,0
2020-11-05,Amador,005,37829,393,363,0,363,16
2020-11-05,Butte,007,227075,3403,3239,62,3301,57
2020-11-05,Calaveras,009,45235,357,333,0,333,19
2020-11-05,Colusa,011,21464,591,574,1,575,6
2020-11-05,Contra Costa,013,1133247,20492,19656,101,19757,252
2020-11-05,Del Norte,015,27424,202,192,0,192,2
2020-11-05,El Dorado,017,186661,1605,1466,16,1482,4
2020-11-05,Fresno,019,978130,35571,32056,614,32670,460
2020-11-05,Glenn,021,27897,736,702,7,709,3
2020-11-05,Humboldt,023,135768,627,581,1,582,9
2020-11-05,Imperial,025,180216,13654,13178,23,13201,337
2020-11-05,Inyo,027,18085,259,247,5,252,14
2020-11-05,Kern,029,883053,35447,34232,586,34818,443
2020-11-05,Kings,031,150075,9274,8846,68,8914,83
2020-11-05,Lake,033,64148,783,739,0,739,16
2020-11-05,Lassen,035,31185,821,782,2,784,0
2020-11-05,Los Angeles,037,10098052,323152,312381,3423,315804,7146
2020-11-05,Madera,039,155013,5359,5129,61,5190,54
2020-11-05,Marin,041,260295,7315,7171,22,7193,131
2020-11-05,Mariposa,043,17540,88,79,0,79,2
2020-11-05,Mendocino,045,87422,1187,1112,5,1117,22
2020-11-05,Merced,047,269075,10094,9753,48,9801,155
2020-11-05,Modoc,049,8938,69,47,11,58,0
2020-11-05,Mono,051,14174,451,307,8,315,1
2020-11-05,Monterey,053,433212,12435,11784,102,11886,96
2020-11-05,Napa,055,140530,2390,2158,9,2167,15
2020-11-05,Nevada,057,99092,779,687,20,707,9
2020-11-05,Orange,059,3164182,64437,60740,1948,62688,1484
2020-11-05,Placer,061,380077,5056,4627,26,4653,60
2020-11-05,Plumas,063,18699,114,90,0,90,0
2020-11-05,Riverside,065,2383286,73065,70094,717,70811,1338
2020-11-05,Sacramento,067,1510023,28612,27232,42,27274,512
2020-11-05,San Benito,069,59416,1534,1477,1,1478,15
2020-11-05,San Bernardino,071,2135413,70885,66407,578,66985,1174
2020-11-05,San Diego,073,3302833,62637,58659,1912,60571,904
2020-11-05,San Francisco,075,870044,13245,12726,60,12786,146
2020-11-05,San Joaquin,077,732212,23133,22318,298,22616,502
2020-11-05,San Luis Obispo,079,281455,5023,4459,47,4506,32
2020-11-05,San Mateo,081,765935,12177,11535,11,11546,168
2020-11-05,Santa Barbara,083,443738,10328,10080,131,10211,133
2020-11-05,Santa Clara,085,1922200,27806,25651,52,25703,402
2020-11-05,Santa Cruz,087,273765,3280,3023,36,3059,25
2020-11-05,Shasta,089,179085,3147,2401,40,2441,34
2020-11-05,Sierra,091,2930,9,6,0,6,0
2020-11-05,Siskiyou,093,43540,276,228,11,239,0
2020-11-05,Solano,095,438530,8347,7842,39,7881,85
2020-11-05,Sonoma,097,501317,10551,10064,34,10098,145
2020-11-05,Stanislaus,099,539301,18663,18194,893,19087,417
2020-11-05,Sutter,101,95872,2062,1925,2,1927,12
2020-11-05,Tehama,103,63373,1115,1015,2,1017,6
2020-11-05,Trinity,105,12862,127,41,14,55,0
2020-11-05,Tulare,107,460477,18880,18049,577,18626,301
2020-11-05,Tuolumne,109,53932,414,312,5,317,5
2020-11-05,Ventura,111,848112,16142,15113,429,15542,155
2020-11-05,Yolo,113,214977,3632,3391,10,3401,61
2020-11-05,Yuba,115,75493,1406,1322,5,1327,10
2020-11-04,Alameda,001,1643700,25172,24172,239,24411,418
2020-11-04,Alpine,003,1148,20,5,0,5,0
2020-11-04,Amador,005,37829,390,362,0,362,16
2020-11-04,Butte,007,227075,3378,3218,59,3277,57
2020-11-04,Calaveras,009,45235,354,290,0,290,19
2020-11-04,Colusa,011,21464,589,571,1,572,6
2020-11-04,Contra Costa,013,1133247,20327,19472,98,19570,251
2020-11-04,Del Norte,015,27424,198,188,0,188,2
2020-11-04,El Dorado,017,186661,1590,1448,13,1461,4
2020-11-04,Fresno,019,978130,35339,31952,586,32538,457
2020-11-04,Glenn,021,27897,732,701,6,707,3
2020-11-04,Humboldt,023,135768,618,571,1,572,9
2020-11-04,Imperial,025,180216,13556,13087,23,13110,335
2020-11-04,Inyo,027,18085,258,247,5,252,14
2020-11-04,Kern,029,883053,35292,34027,575,34602,439
2020-11-04,Kings,031,150075,9240,8817,66,8883,83
2020-11-04,Lake,033,64148,776,735,0,735,16
2020-11-04,Lassen,035,31185,816,781,2,783,0
2020-11-04,Los Angeles,037,10098052,320841,310456,3344,313800,7124
2020-11-04,Madera,039,155013,5339,5083,57,5140,54
2020-11-04,Marin,041,260295,7303,7157,22,7179,131
2020-11-04,Mariposa,043,17540,88,79,0,79,2
2020-11-04,Mendocino,045,87422,1169,1089,5,1094,22
2020-11-04,Merced,047,269075,10045,9717,46,9763,153
2020-11-04,Modoc,049,8938,59,47,11,58,0
2020-11-04,Mono,051,14174,448,237,7,244,1
2020-11-04,Monterey,053,433212,12231,11743,96,11839,96
2020-11-04,Napa,055,140530,2336,2133,9,2142,15
2020-11-04,Nevada,057,99092,760,675,20,695,9
2020-11-04,Orange,059,3164182,64002,60463,1927,62390,1483
2020-11-04,Placer,061,380077,4980,4526,23,4549,60
2020-11-04,Plumas,063,18699,112,88,0,88,0
2020-11-04,Riverside,065,2383286,72448,69562,658,70220,1335
2020-11-04,Sacramento,067,1510023,28262,27005,41,27046,510
2020-11-04,San Benito,069,59416,1519,1464,1,1465,15
2020-11-04,San Bernardino,071,2135413,70089,65891,555,66446,1169
2020-11-04,San Diego,073,3302833,61991,58126,1886,60012,904
2020-11-04,San Francisco,075,870044,13162,12649,57,12706,146
2020-11-04,San Joaquin,077,732212,22996,22197,285,22482,500
2020-11-04,San Luis Obispo,079,281455,4956,4389,45,4434,32
2020-11-04,San Mateo,081,765935,12083,11456,11,11467,168
2020-11-04,Santa Barbara,083,443738,10290,10026,130,10156,132
2020-11-04,Santa Clara,085,1922200,27545,25487,52,25539,393
2020-11-04,Santa Cruz,087,273765,3243,2997,36,3033,25
2020-11-04,Shasta,089,179085,3016,2321,35,2356,34
2020-11-04,Sierra,091,2930,9,6,0,6,0
2020-11-04,Siskiyou,093,43540,267,222,11,233,0
2020-11-04,Solano,095,438530,8248,7733,39,7772,85
2020-11-04,Sonoma,097,501317,10457,9965,34,9999,142
2020-11-04,Stanislaus,099,539301,18545,18114,878,18992,416
2020-11-04,Sutter,101,95872,2028,1916,2,1918,12
2020-11-04,Tehama,103,63373,1088,997,2,999,6
2020-11-04,Trinity,105,12862,123,37,14,51,0
2020-11-04,Tulare,107,460477,18770,17952,549,18501,298
2020-11-04,Tuolumne,109,53932,390,310,5,315,5
2020-11-04,Ventura,111,848112,16002,14936,426,15362,155
2020-11-04,Yolo,113,214977,3592,3361,10,3371,62
2020-11-04,Yuba,115,75493,1385,1312,5,1317,10
2020-11-03,Alameda,001,1643700,24988,24055,237,24292,418
2020-11-03,Alpine,003,1148,19,4,0,4,0
2020-11-03,Amador,005,37829,385,361,0,361,16
2020-11-03,Butte,007,227075,3355,3211,53,3264,57
2020-11-03,Calaveras,009,45235,350,287,0,287,19
2020-11-03,Colusa,011,21464,584,572,1,573,6
2020-11-03,Contra Costa,013,1133247,20172,19416,98,19514,250
2020-11-03,Del Norte,015,27424,197,187,0,187,2
2020-11-03,El Dorado,017,186661,1568,1445,12,1457,4
2020-11-03,Fresno,019,978130,35074,31856,563,32419,457
2020-11-03,Glenn,021,27897,726,698,6,704,3
2020-11-03,Humboldt,023,135768,612,570,1,571,8
2020-11-03,Imperial,025,180216,13466,13044,22,13066,335
2020-11-03,Inyo,027,18085,257,244,5,249,14
2020-11-03,Kern,029,883053,35101,33957,564,34521,439
2020-11-03,Kings,031,150075,9077,8783,61,8844,83
2020-11-03,Lake,033,64148,766,732,0,732,16
2020-11-03,Lassen,035,31185,807,782,2,784,0
2020-11-03,Los Angeles,037,10098052,318384,308812,3277,312089,7104
2020-11-03,Madera,039,155013,5303,5058,56,5114,54
2020-11-03,Marin,041,260295,7283,7147,21,7168,131
2020-11-03,Mariposa,043,17540,87,79,0,79,2
2020-11-03,Mendocino,045,87422,1154,1084,5,1089,22
2020-11-03,Merced,047,269075,9992,9713,45,9758,153
2020-11-03,Modoc,049,8938,57,47,9,56,0
2020-11-03,Mono,051,14174,444,210,7,217,1
2020-11-03,Monterey,053,433212,12162,11703,91,11794,94
2020-11-03,Napa,055,140530,2300,2130,9,2139,15
2020-11-03,Nevada,057,99092,740,670,19,689,9
2020-11-03,Orange,059,3164182,63572,60283,1915,62198,1477
2020-11-03,Placer,061,380077,4907,4514,23,4537,60
2020-11-03,Plumas,063,18699,109,86,0,86,0
2020-11-03,Riverside,065,2383286,71829,69300,633,69933,1325
2020-11-03,Sacramento,067,1510023,27881,26841,39,26880,510
2020-11-03,San Benito,069,59416,1509,1463,1,1464,15
2020-11-03,San Bernardino,071,2135413,69278,65320,548,65868,1159
2020-11-03,San Diego,073,3302833,61315,57722,1842,59564,901
2020-11-03,San Francisco,075,870044,13040,12585,57,12642,146
2020-11-03,San Joaquin,077,732212,22861,22109,279,22388,500
2020-11-03,San Luis Obispo,079,281455,4872,4371,43,4414,32
2020-11-03,San Mateo,081,765935,11988,11406,11,11417,162
2020-11-03,Santa Barbara,083,443738,10236,10008,126,10134,132
2020-11-03,Santa Clara,085,1922200,27271,25386,51,25437,393
2020-11-03,Santa Cruz,087,273765,3193,2980,35,3015,25
2020-11-03,Shasta,089,179085,2922,2288,28,2316,33
2020-11-03,Sierra,091,2930,7,6,0,6,0
2020-11-03,Siskiyou,093,43540,263,219,11,230,0
2020-11-03,Solano,095,438530,8164,7691,39,7730,85
2020-11-03,Sonoma,097,501317,10355,9906,34,9940,142
2020-11-03,Stanislaus,099,539301,18424,18080,867,18947,416
2020-11-03,Sutter,101,95872,1995,1914,2,1916,12
2020-11-03,Tehama,103,63373,1067,988,2,990,6
2020-11-03,Trinity,105,12862,116,36,13,49,0
2020-11-03,Tulare,107,460477,18664,17890,524,18414,297
2020-11-03,Tuolumne,109,53932,368,302,5,307,5
2020-11-03,Ventura,111,848112,15875,14816,419,15235,155
2020-11-03,Yolo,113,214977,3540,3343,10,3353,61
2020-11-03,Yuba,115,75493,1372,1295,5,1300,10
2020-11-02,Alameda,001,1643700,24792,23991,235,24226,419
2020-11-02,Alpine,003,1148,16,4,0,4,0
2020-11-02,Amador,005,37829,377,357,0,357,16
2020-11-02,Butte,007,227075,3335,3198,50,3248,57
2020-11-02,Calaveras,009,45235,350,282,0,282,18
2020-11-02,Colusa,011,21464,579,571,1,572,6
2020-11-02,Contra Costa,013,1133247,20015,19339,97,19436,250
2020-11-02,Del Norte,015,27424,194,175,0,175,2
2020-11-02,El Dorado,017,186661,1544,1405,12,1417,4
2020-11-02,Fresno,019,978130,34804,31738,546,32284,451
2020-11-02,Glenn,021,27897,720,692,5,697,3
2020-11-02,Humboldt,023,135768,603,569,1,570,8
2020-11-02,Imperial,025,180216,13386,13004,21,13025,334
2020-11-02,Inyo,027,18085,254,243,5,248,14
2020-11-02,Kern,029,883053,34943,33834,554,34388,437
2020-11-02,Kings,031,150075,9047,8654,58,8712,82
2020-11-02,Lake,033,64148,760,728,0,728,17
2020-11-02,Lassen,035,31185,799,782,2,784,0
2020-11-02,Los Angeles,037,10098052,316036,307620,3203,310823,7079
2020-11-02,Madera,039,155013,5272,5033,55,5088,54
2020-11-02,Marin,041,260295,7265,7132,20,7152,125
2020-11-02,Mariposa,043,17540,87,79,0,79,2
2020-11-02,Mendocino,045,87422,1140,1076,5,1081,21
2020-11-02,Merced,047,269075,9930,9664,39,9703,152
2020-11-02,Modoc,049,8938,54,45,5,50,0
2020-11-02,Mono,051,14174,442,211,7,218,1
2020-11-02,Monterey,053,433212,12055,11602,88,11690,93
2020-11-02,Napa,055,140530,2258,2081,9,2090,15
2020-11-02,Nevada,057,99092,724,656,19,675,9
2020-11-02,Orange,059,3164182,63167,59996,1900,61896,1474
2020-11-02,Placer,061,380077,4837,4461,21,4482,60
2020-11-02,Plumas,063,18699,101,86,0,86,0
2020-11-02,Riverside,065,2383286,71198,68833,592,69425,1321
2020-11-02,Sacramento,067,1510023,27539,26676,37,26713,508
2020-11-02,San Benito,069,59416,1497,1459,1,1460,15
2020-11-02,San Bernardino,071,2135413,68423,64629,537,65166,1157
2020-11-02,San Diego,073,3302833,60592,57429,1797,59226,891
2020-11-02,San Francisco,075,870044,12943,12436,56,12492,145
2020-11-02,San Joaquin,077,732212,22721,21919,271,22190,500
2020-11-02,San Luis Obispo,079,281455,4772,4303,40,4343,31
2020-11-02,San Mateo,081,765935,11879,11328,11,11339,161
2020-11-02,Santa Barbara,083,443738,10195,9985,121,10106,130
2020-11-02,Santa Clara,085,1922200,26984,25222,51,25273,387
2020-11-02,Santa Cruz,087,273765,3151,2943,35,2978,25
2020-11-02,Shasta,089,179085,2819,2174,24,2198,33
2020-11-02,Sierra,091,2930,7,6,0,6,0
2020-11-02,Siskiyou,093,43540,253,216,11,227,0
2020-11-02,Solano,095,438530,8046,7665,39,7704,84
2020-11-02,Sonoma,097,501317,10273,9796,33,9829,140
2020-11-02,Stanislaus,099,539301,18328,18005,858,18863,412
2020-11-02,Sutter,101,95872,1971,1895,2,1897,12
2020-11-02,Tehama,103,63373,1044,971,2,973,6
2020-11-02,Trinity,105,12862,110,30,13,43,0
2020-11-02,Tulare,107,460477,18571,17774,504,18278,299
2020-11-02,Tuolumne,109,53932,351,302,5,307,5
2020-11-02,Ventura,111,848112,15734,14767,405,15172,156
2020-11-02,Yolo,113,214977,3492,3318,10,3328,61
2020-11-02,Yuba,115,75493,1359,1280,5,1285,10
2020-11-01,Alameda,001,1643700,24629,23892,233,24125,419
2020-11-01,Alpine,003,1148,10,4,0,4,0
2020-11-01,Amador,005,37829,374,352,0,352,16
2020-11-01,Butte,007,227075,3312,3185,49,3234,57
2020-11-01,Calaveras,009,45235,349,282,0,282,18
2020-11-01,Colusa,011,21464,577,567,1,568,6
2020-11-01,Contra Costa,013,1133247,19842,19246,96,19342,250
2020-11-01,Del Norte,015,27424,190,175,0,175,2
2020-11-01,El Dorado,017,186661,1528,1394,12,1406,4
2020-11-01,Fresno,019,978130,34545,31613,526,32139,451
2020-11-01,Glenn,021,27897,711,688,3,691,3
2020-11-01,Humboldt,023,135768,595,568,1,569,8
2020-11-01,Imperial,025,180216,13295,12969,19,12988,334
2020-11-01,Inyo,027,18085,252,241,5,246,14
2020-11-01,Kern,029,883053,34762,33760,474,34234,437
2020-11-01,Kings,031,150075,9009,8641,57,8698,82
2020-11-01,Lake,033,64148,754,727,0,727,17
2020-11-01,Lassen,035,31185,799,782,2,784,0
2020-11-01,Los Angeles,037,10098052,313466,306217,3112,309329,7077
2020-11-01,Madera,039,155013,5225,5019,53,5072,54
2020-11-01,Marin,041,260295,7248,7124,20,7144,125
2020-11-01,Mariposa,043,17540,83,79,0,79,2
2020-11-01,Mendocino,045,87422,1126,1074,5,1079,21
2020-11-01,Merced,047,269075,9869,9626,39,9665,152
2020-11-01,Modoc,049,8938,53,45,5,50,0
2020-11-01,Mono,051,14174,413,211,6,217,1
2020-11-01,Monterey,053,433212,11948,11587,85,11672,93
2020-11-01,Napa,055,140530,2224,2067,9,2076,15
2020-11-01,Nevada,057,99092,708,646,18,664,9
2020-11-01,Orange,059,3164182,62765,59733,1874,61607,1475
2020-11-01,Placer,061,380077,4769,4422,20,4442,58
2020-11-01,Plumas,063,18699,96,86,0,86,0
2020-11-01,Riverside,065,2383286,70568,68493,557,69050,1319
2020-11-01,Sacramento,067,1510023,27217,26442,37,26479,508
2020-11-01,San Benito,069,59416,1482,1451,1,1452,15
2020-11-01,San Bernardino,071,2135413,67581,64339,516,64855,1157
2020-11-01,San Diego,073,3302833,59904,57122,1757,58879,891
2020-11-01,San Francisco,075,870044,12820,12436,51,12487,145
2020-11-01,San Joaquin,077,732212,22593,21919,265,22184,500
2020-11-01,San Luis Obispo,079,281455,4692,4303,39,4342,31
2020-11-01,San Mateo,081,765935,11798,11280,11,11291,160
2020-11-01,Santa Barbara,083,443738,10144,9969,105,10074,130
2020-11-01,Santa Clara,085,1922200,26701,25090,51,25141,386
2020-11-01,Santa Cruz,087,273765,3098,2921,35,2956,25
2020-11-01,Shasta,089,179085,2684,2172,23,2195,33
2020-11-01,Sierra,091,2930,7,6,0,6,0
2020-11-01,Siskiyou,093,43540,248,205,11,216,0
2020-11-01,Solano,095,438530,7956,7591,39,7630,84
2020-11-01,Sonoma,097,501317,10181,9688,33,9721,140
2020-11-01,Stanislaus,099,539301,18227,17961,839,18800,412
2020-11-01,Sutter,101,95872,1945,1888,1,1889,12
2020-11-01,Tehama,103,63373,1027,965,2,967,5
2020-11-01,Trinity,105,12862,108,30,12,42,0
2020-11-01,Tulare,107,460477,18459,17774,473,18247,299
2020-11-01,Tuolumne,109,53932,329,295,5,300,5
2020-11-01,Ventura,111,848112,15586,14686,377,15063,156
2020-11-01,Yolo,113,214977,3444,3303,10,3313,60
2020-11-01,Yuba,115,75493,1342,1273,5,1278,10
2020-10-31,Alameda,001,1643700,24513,23780,229,24009,416
2020-10-31,Alpine,003,1148,10,4,0,4,0
2020-10-31,Amador,005,37829,370,347,0,347,16
2020-10-31,Butte,007,227075,3299,3172,47,3219,57
2020-10-31,Calaveras,009,45235,349,280,0,280,18
2020-10-31,Colusa,011,21464,575,555,1,556,6
2020-10-31,Contra Costa,013,1133247,19737,19161,96,19257,249
2020-10-31,Del Norte,015,27424,189,175,0,175,2
2020-10-31,El Dorado,017,186661,1519,1390,12,1402,4
2020-10-31,Fresno,019,978130,34408,31558,523,32081,451
2020-10-31,Glenn,021,27897,709,678,3,681,3
2020-10-31,Humboldt,023,135768,592,561,1,562,8
2020-10-31,Imperial,025,180216,13253,12912,19,12931,334
2020-10-31,Inyo,027,18085,251,241,5,246,14
2020-10-31,Kern,029,883053,34659,33666,465,34131,437
2020-10-31,Kings,031,150075,8988,8612,56,8668,82
2020-10-31,Lake,033,64148,750,724,0,724,16
2020-10-31,Lassen,035,31185,794,782,2,784,0
2020-10-31,Los Angeles,037,10098052,312088,304704,3072,307776,7073
2020-10-31,Madera,039,155013,5206,5013,50,5063,54
2020-10-31,Marin,041,260295,7232,7112,20,7132,125
2020-10-31,Mariposa,043,17540,83,79,0,79,2
2020-10-31,Mendocino,045,87422,1118,1066,5,1071,21
2020-10-31,Merced,047,269075,9836,9597,38,9635,151
2020-10-31,Modoc,049,8938,52,34,4,38,0
2020-10-31,Mono,051,14174,264,194,5,199,1
2020-10-31,Monterey,053,433212,11880,11539,81,11620,93
2020-10-31,Napa,055,140530,2205,2040,9,2049,15
2020-10-31,Nevada,057,99092,690,644,18,662,9
2020-10-31,Orange,059,3164182,62506,59488,1856,61344,1473
2020-10-31,Placer,061,380077,4719,4374,19,4393,58
2020-10-31,Plumas,063,18699,95,85,0,85,0
2020-10-31,Riverside,065,2383286,70211,68178,534,68712,1319
2020-10-31,Sacramento,067,1510023,27018,26316,35,26351,507
2020-10-31,San Benito,069,59416,1475,1448,1,1449,15
2020-10-31,San Bernardino,071,2135413,67155,64016,506,64522,1157
2020-10-31,San Diego,073,3302833,59451,56769,1729,58498,891
2020-10-31,San Francisco,075,870044,12746,12438,50,12488,145
2020-10-31,San Joaquin,077,732212,22518,21918,256,22174,500
2020-10-31,San Luis Obispo,079,281455,4623,4285,36,4321,31
2020-10-31,San Mateo,081,765935,11747,11253,11,11264,160
2020-10-31,Santa Barbara,083,443738,10115,9957,97,10054,130
2020-10-31,Santa Clara,085,1922200,26533,24957,51,25008,379
2020-10-31,Santa Cruz,087,273765,3063,2895,34,2929,25
2020-10-31,Shasta,089,179085,2630,2122,22,2144,33
2020-10-31,Sierra,091,2930,7,6,0,6,0
2020-10-31,Siskiyou,093,43540,246,200,11,211,0
2020-10-31,Solano,095,438530,7891,7545,39,7584,84
2020-10-31,Sonoma,097,501317,10128,9648,33,9681,140
2020-10-31,Stanislaus,099,539301,18164,17920,823,18743,412
2020-10-31,Sutter,101,95872,1936,1876,1,1877,12
2020-10-31,Tehama,103,63373,1017,953,2,955,5
2020-10-31,Trinity,105,12862,105,30,12,42,0
2020-10-31,Tulare,107,460477,18410,17758,466,18224,299
2020-10-31,Tuolumne,109,53932,322,290,5,295,5
2020-10-31,Ventura,111,848112,15502,14635,359,14994,155
2020-10-31,Yolo,113,214977,3409,3290,10,3300,60
2020-10-31,Yuba,115,75493,1326,1260,4,1264,10
2020-10-30,Alameda,001,1643700,24434,23676,227,23903,401
2020-10-30,Alpine,003,1148,10,4,0,4,0
2020-10-30,Amador,005,37829,370,344,0,344,16
2020-10-30,Butte,007,227075,3294,3160,47,3207,57
2020-10-30,Calaveras,009,45235,348,279,0,279,18
2020-10-30,Colusa,011,21464,573,554,1,555,6
2020-10-30,Contra Costa,013,1133247,19664,19074,96,19170,249
2020-10-30,Del Norte,015,27424,188,175,0,175,2
2020-10-30,El Dorado,017,186661,1506,1386,12,1398,4
2020-10-30,Fresno,019,978130,34286,31409,515,31924,446
2020-10-30,Glenn,021,27897,703,674,2,676,3
2020-10-30,Humboldt,023,135768,591,561,1,562,7
2020-10-30,Imperial,025,180216,13212,12853,19,12872,334
2020-10-30,Inyo,027,18085,250,241,5,246,14
2020-10-30,Kern,029,883053,34566,33583,464,34047,437
2020-10-30,Kings,031,150075,8978,8564,54,8618,82
2020-10-30,Lake,033,64148,750,720,0,720,16
2020-10-30,Lassen,035,31185,788,777,2,779,0
2020-10-30,Los Angeles,037,10098052,310652,303425,3037,306462,7060
2020-10-30,Madera,039,155013,5193,4991,48,5039,54
2020-10-30,Marin,041,260295,7212,7097,20,7117,125
2020-10-30,Mariposa,043,17540,83,78,0,78,2
2020-10-30,Mendocino,045,87422,1116,1062,5,1067,21
2020-10-30,Merced,047,269075,9804,9539,38,9577,150
2020-10-30,Modoc,049,8938,51,34,3,37,0
2020-10-30,Mono,051,14174,263,193,5,198,1
2020-10-30,Monterey,053,433212,11817,11491,76,11567,92
2020-10-30,Napa,055,140530,2187,2028,9,2037,15
2020-10-30,Nevada,057,99092,684,634,18,652,9
2020-10-30,Orange,059,3164182,62265,59334,1844,61178,1469
2020-10-30,Placer,061,380077,4672,4335,19,4354,58
2020-10-30,Plumas,063,18699,92,80,0,80,0
2020-10-30,Riverside,065,2383286,69873,67752,514,68266,1317
2020-10-30,Sacramento,067,1510023,26870,26147,35,26182,505
2020-10-30,San Benito,069,59416,1469,1440,1,1441,15
2020-10-30,San Bernardino,071,2135413,66739,63512,503,64015,1156
2020-10-30,San Diego,073,3302833,59046,56387,1707,58094,888
2020-10-30,San Francisco,075,870044,12691,12384,50,12434,145
2020-10-30,San Joaquin,077,732212,22451,21849,250,22099,500
2020-10-30,San Luis Obispo,079,281455,4581,4256,36,4292,31
2020-10-30,San Mateo,081,765935,11688,11207,11,11218,159
2020-10-30,Santa Barbara,083,443738,10092,9937,97,10034,128
2020-10-30,Santa Clara,085,1922200,26385,24811,51,24862,378
2020-10-30,Santa Cruz,087,273765,3045,2874,34,2908,25
2020-10-30,Shasta,089,179085,2586,2048,21,2069,32
2020-10-30,Sierra,091,2930,7,6,0,6,0
2020-10-30,Siskiyou,093,43540,246,192,11,203,0
2020-10-30,Solano,095,438530,7830,7497,39,7536,84
2020-10-30,Sonoma,097,501317,10053,9602,33,9635,140
2020-10-30,Stanislaus,099,539301,18116,17861,808,18669,410
2020-10-30,Sutter,101,95872,1923,1860,1,1861,12
2020-10-30,Tehama,103,63373,1013,932,2,934,5
2020-10-30,Trinity,105,12862,105,29,12,41,0
2020-10-30,Tulare,107,460477,18365,17682,452,18134,299
2020-10-30,Tuolumne,109,53932,314,286,5,291,4
2020-10-30,Ventura,111,848112,15429,14578,348,14926,154
2020-10-30,Yolo,113,214977,3392,3263,10,3273,60
2020-10-30,Yuba,115,75493,1318,1256,4,1260,10
2020-10-29,Alameda,001,1643700,24271,23530,226,23756,401
2020-10-29,Alpine,003,1148,7,4,0,4,0
2020-10-29,Amador,005,37829,366,338,0,338,16
2020-10-29,Butte,007,227075,3276,3143,46,3189,57
2020-10-29,Calaveras,009,45235,346,278,0,278,13
2020-10-29,Colusa,011,21464,569,552,1,553,6
2020-10-29,Contra Costa,013,1133247,19567,18933,95,19028,249
2020-10-29,Del Norte,015,27424,186,174,0,174,2
2020-10-29,El Dorado,017,186661,1484,1370,12,1382,4
2020-10-29,Fresno,019,978130,34129,31321,508,31829,445
2020-10-29,Glenn,021,27897,701,673,2,675,3
2020-10-29,Humboldt,023,135768,586,559,1,560,7
2020-10-29,Imperial,025,180216,13169,12769,19,12788,334
2020-10-29,Inyo,027,18085,248,238,5,243,14
2020-10-29,Kern,029,883053,34465,33460,460,33920,437
2020-10-29,Kings,031,150075,8824,8502,53,8555,82
2020-10-29,Lake,033,64148,747,702,0,702,16
2020-10-29,Lassen,035,31185,787,772,2,774,0
2020-10-29,Los Angeles,037,10098052,309024,302246,2991,305237,7046
2020-10-29,Madera,039,155013,5162,4970,46,5016,53
2020-10-29,Marin,041,260295,7198,7083,20,7103,125
2020-10-29,Mariposa,043,17540,81,78,0,78,2
2020-10-29,Mendocino,045,87422,1110,1058,5,1063,21
2020-10-29,Merced,047,269075,9752,9496,38,9534,150
2020-10-29,Modoc,049,8938,49,31,3,34,0
2020-10-29,Mono,051,14174,256,176,5,181,1
2020-10-29,Monterey,053,433212,11736,11425,74,11499,92
2020-10-29,Napa,055,140530,2163,2009,9,2018,15
2020-10-29,Nevada,057,99092,677,632,18,650,9
2020-10-29,Orange,059,3164182,61997,59046,1824,60870,1464
2020-10-29,Placer,061,380077,4627,4270,18,4288,58
2020-10-29,Plumas,063,18699,90,69,0,69,0
2020-10-29,Riverside,065,2383286,69497,67268,484,67752,1304
2020-10-29,Sacramento,067,1510023,26658,25978,34,26012,507
2020-10-29,San Benito,069,59416,1464,1431,1,1432,15
2020-10-29,San Bernardino,071,2135413,66171,62968,493,63461,1150
2020-10-29,San Diego,073,3302833,58580,55916,1678,57594,885
2020-10-29,San Francisco,075,870044,12613,12312,50,12362,145
2020-10-29,San Joaquin,077,732212,22367,21736,238,21974,498
2020-10-29,San Luis Obispo,079,281455,4550,4223,35,4258,31
2020-10-29,San Mateo,081,765935,11643,11145,11,11156,157
2020-10-29,Santa Barbara,083,443738,10059,9902,95,9997,128
2020-10-29,Santa Clara,085,1922200,26234,24614,51,24665,377
2020-10-29,Santa Cruz,087,273765,3020,2850,34,2884,24
2020-10-29,Shasta,089,179085,2523,2008,21,2029,32
2020-10-29,Sierra,091,2930,6,6,0,6,0
2020-10-29,Siskiyou,093,43540,230,185,11,196,0
2020-10-29,Solano,095,438530,7768,7453,39,7492,78
2020-10-29,Sonoma,097,501317,9988,9533,33,9566,140
2020-10-29,Stanislaus,099,539301,18063,17790,787,18577,410
2020-10-29,Sutter,101,95872,1916,1852,1,1853,12
2020-10-29,Tehama,103,63373,995,925,2,927,5
2020-10-29,Trinity,105,12862,100,28,11,39,0
2020-10-29,Tulare,107,460477,18287,17627,434,18061,299
2020-10-29,Tuolumne,109,53932,309,279,5,284,4
2020-10-29,Ventura,111,848112,15338,14486,344,14830,154
2020-10-29,Yolo,113,214977,3363,3246,10,3256,60
2020-10-29,Yuba,115,75493,1307,1248,4,1252,10
2020-10-28,Alameda,001,1643700,24171,23468,225,23693,400
2020-10-28,Alpine,003,1148,6,4,0,4,0
2020-10-28,Amador,005,37829,363,337,0,337,16
2020-10-28,Butte,007,227075,3260,3134,43,3177,56
2020-10-28,Calaveras,009,45235,345,278,0,278,13
2020-10-28,Colusa,011,21464,566,551,1,552,6
2020-10-28,Contra Costa,013,1133247,19480,18828,94,18922,246
2020-10-28,Del Norte,015,27424,183,173,0,173,2
2020-10-28,El Dorado,017,186661,1472,1363,12,1375,4
2020-10-28,Fresno,019,978130,34008,31195,502,31697,444
2020-10-28,Glenn,021,27897,697,673,2,675,3
2020-10-28,Humboldt,023,135768,582,559,1,560,7
2020-10-28,Imperial,025,180216,13120,12730,19,12749,333
2020-10-28,Inyo,027,18085,248,238,5,243,14
2020-10-28,Kern,029,883053,34363,33424,442,33866,436
2020-10-28,Kings,031,150075,8802,8486,53,8539,82
2020-10-28,Lake,033,64148,744,700,0,700,15
2020-10-28,Lassen,035,31185,783,771,2,773,0
2020-10-28,Los Angeles,037,10098052,307568,300726,2949,303675,7031
2020-10-28,Madera,039,155013,5145,4954,45,4999,53
2020-10-28,Marin,041,260295,7187,7079,20,7099,126
2020-10-28,Mariposa,043,17540,81,78,0,78,2
2020-10-28,Mendocino,045,87422,1109,1037,5,1042,20
2020-10-28,Merced,047,269075,9726,9480,37,9517,150
2020-10-28,Modoc,049,8938,48,31,2,33,0
2020-10-28,Mono,051,14174,238,176,5,181,1
2020-10-28,Monterey,053,433212,11678,11330,72,11402,89
2020-10-28,Napa,055,140530,2137,1998,8,2006,15
2020-10-28,Nevada,057,99092,669,629,18,647,9
2020-10-28,Orange,059,3164182,61733,58801,1808,60609,1459
2020-10-28,Placer,061,380077,4571,4236,18,4254,57
2020-10-28,Plumas,063,18699,89,67,0,67,0
2020-10-28,Riverside,065,2383286,69099,67003,460,67463,1302
2020-10-28,Sacramento,067,1510023,26461,25838,33,25871,506
2020-10-28,San Benito,069,59416,1456,1429,1,1430,15
2020-10-28,San Bernardino,071,2135413,65712,62778,484,63262,1154
2020-10-28,San Diego,073,3302833,58197,55556,1649,57205,881
2020-10-28,San Francisco,075,870044,12555,12261,49,12310,145
2020-10-28,San Joaquin,077,732212,22283,21707,227,21934,498
2020-10-28,San Luis Obispo,079,281455,4506,4197,32,4229,31
2020-10-28,San Mateo,081,765935,11576,11101,11,11112,157
2020-10-28,Santa Barbara,083,443738,10036,9872,93,9965,127
2020-10-28,Santa Clara,085,1922200,26090,24503,51,24554,375
2020-10-28,Santa Cruz,087,273765,2989,2836,34,2870,24
2020-10-28,Shasta,089,179085,2443,1996,20,2016,31
2020-10-28,Sierra,091,2930,6,6,0,6,0
2020-10-28,Siskiyou,093,43540,227,182,10,192,0
2020-10-28,Solano,095,438530,7709,7362,39,7401,77
2020-10-28,Sonoma,097,501317,9898,9457,28,9485,140
2020-10-28,Stanislaus,099,539301,17998,17765,778,18543,409
2020-10-28,Sutter,101,95872,1907,1840,1,1841,12
2020-10-28,Tehama,103,63373,984,921,2,923,5
2020-10-28,Trinity,105,12862,93,28,10,38,0
2020-10-28,Tulare,107,460477,18230,17569,419,17988,297
2020-10-28,Tuolumne,109,53932,305,277,5,282,4
2020-10-28,Ventura,111,848112,15265,14409,335,14744,153
2020-10-28,Yolo,113,214977,3338,3230,10,3240,60
2020-10-28,Yuba,115,75493,1295,1245,4,1249,10
2020-10-27,Alameda,001,1643700,24056,23365,223,23588,400
2020-10-27,Alpine,003,1148,6,3,0,3,0
2020-10-27,Amador,005,37829,360,335,0,335,16
2020-10-27,Butte,007,227075,3244,3107,40,3147,56
2020-10-27,Calaveras,009,45235,343,277,0,277,13
2020-10-27,Colusa,011,21464,561,549,1,550,6
2020-10-27,Contra Costa,013,1133247,19374,18766,94,18860,246
2020-10-27,Del Norte,015,27424,180,173,0,173,2
2020-10-27,El Dorado,017,186661,1459,1351,12,1363,4
2020-10-27,Fresno,019,978130,33889,31096,497,31593,442
2020-10-27,Glenn,021,27897,695,667,1,668,3
2020-10-27,Humboldt,023,135768,579,559,1,560,7
2020-10-27,Imperial,025,180216,13071,12680,19,12699,333
2020-10-27,Inyo,027,18085,248,231,5,236,14
2020-10-27,Kern,029,883053,34246,33328,438,33766,436
2020-10-27,Kings,031,150075,8771,8411,53,8464,83
2020-10-27,Lake,033,64148,741,700,0,700,15
2020-10-27,Lassen,035,31185,781,764,2,766,0
2020-10-27,Los Angeles,037,10098052,306180,299438,2920,302358,7008
2020-10-27,Madera,039,155013,5115,4942,44,4986,53
2020-10-27,Marin,041,260295,7171,7070,20,7090,126
2020-10-27,Mariposa,043,17540,80,78,0,78,2
2020-10-27,Mendocino,045,87422,1103,1033,4,1037,20
2020-10-27,Merced,047,269075,9685,9449,37,9486,150
2020-10-27,Modoc,049,8938,46,31,2,33,0
2020-10-27,Mono,051,14174,224,169,5,174,1
2020-10-27,Monterey,053,433212,11622,11261,70,11331,88
2020-10-27,Napa,055,140530,2121,1979,8,1987,15
2020-10-27,Nevada,057,99092,663,622,18,640,8
2020-10-27,Orange,059,3164182,61463,58550,1792,60342,1448
2020-10-27,Placer,061,380077,4522,4197,16,4213,57
2020-10-27,Plumas,063,18699,86,63,0,63,0
2020-10-27,Riverside,065,2383286,68746,66699,415,67114,1299
2020-10-27,Sacramento,067,1510023,26274,25701,32,25733,501
2020-10-27,San Benito,069,59416,1451,1428,1,1429,15
2020-10-27,San Bernardino,071,2135413,65250,62357,471,62828,1154
2020-10-27,San Diego,073,3302833,57724,55226,1626,56852,877
2020-10-27,San Francisco,075,870044,12480,12218,48,12266,140
2020-10-27,San Joaquin,077,732212,22192,21637,218,21855,496
2020-10-27,San Luis Obispo,079,281455,4479,4148,28,4176,31
2020-10-27,San Mateo,081,765935,11529,11074,11,11085,156
2020-10-27,Santa Barbara,083,443738,10006,9874,92,9966,125
2020-10-27,Santa Clara,085,1922200,25948,24368,51,24419,367
2020-10-27,Santa Cruz,087,273765,2959,2815,33,2848,24
2020-10-27,Shasta,089,179085,2357,1962,20,1982,29
2020-10-27,Sierra,091,2930,6,6,0,6,0
2020-10-27,Siskiyou,093,43540,218,181,10,191,0
2020-10-27,Solano,095,438530,7640,7298,39,7337,77
2020-10-27,Sonoma,097,501317,9831,9389,28,9417,140
2020-10-27,Stanislaus,099,539301,17930,17720,771,18491,408
2020-10-27,Sutter,101,95872,1894,1832,1,1833,12
2020-10-27,Tehama,103,63373,970,913,2,915,5
2020-10-27,Trinity,105,12862,90,28,10,38,0
2020-10-27,Tulare,107,460477,18167,17520,396,17916,296
2020-10-27,Tuolumne,109,53932,301,275,5,280,4
2020-10-27,Ventura,111,848112,15182,14347,328,14675,153
2020-10-27,Yolo,113,214977,3325,3216,10,3226,58
2020-10-27,Yuba,115,75493,1282,1235,4,1239,10
2020-10-26,Alameda,001,1643700,23943,23284,222,23506,398
2020-10-26,Alpine,003,1148,4,3,0,3,0
2020-10-26,Amador,005,37829,356,331,0,331,16
2020-10-26,Butte,007,227075,3233,3095,38,3133,56
2020-10-26,Calaveras,009,45235,340,274,0,274,13
2020-10-26,Colusa,011,21464,559,548,1,549,6
2020-10-26,Contra Costa,013,1133247,19278,18718,93,18811,245
2020-10-26,Del Norte,015,27424,180,171,0,171,2
2020-10-26,El Dorado,017,186661,1445,1336,12,1348,4
2020-10-26,Fresno,019,978130,33775,30969,490,31459,441
2020-10-26,Glenn,021,27897,688,660,1,661,3
2020-10-26,Humboldt,023,135768,571,554,1,555,7
2020-10-26,Imperial,025,180216,13017,12654,16,12670,333
2020-10-26,Inyo,027,18085,248,226,5,231,14
2020-10-26,Kern,029,883053,34162,33233,433,33666,432
2020-10-26,Kings,031,150075,8750,8264,51,8315,82
2020-10-26,Lake,033,64148,739,697,0,697,15
2020-10-26,Lassen,035,31185,778,764,2,766,0
2020-10-26,Los Angeles,037,10098052,304753,297961,2879,300840,6979
2020-10-26,Madera,039,155013,5094,4922,43,4965,53
2020-10-26,Marin,041,260295,7165,7064,19,7083,104
2020-10-26,Mariposa,043,17540,80,77,0,77,2
2020-10-26,Mendocino,045,87422,1095,1026,4,1030,20
2020-10-26,Merced,047,269075,9638,9375,36,9411,150
2020-10-26,Modoc,049,8938,44,28,0,28,0
2020-10-26,Mono,051,14174,218,167,5,172,1
2020-10-26,Monterey,053,433212,11571,11207,66,11273,87
2020-10-26,Napa,055,140530,2089,1966,8,1974,14
2020-10-26,Nevada,057,99092,656,618,18,636,8
2020-10-26,Orange,059,3164182,61259,58377,1774,60151,1442
2020-10-26,Placer,061,380077,4480,4161,15,4176,57
2020-10-26,Plumas,063,18699,84,63,0,63,0
2020-10-26,Riverside,065,2383286,68295,66475,389,66864,1294
2020-10-26,Sacramento,067,1510023,26094,25555,30,25585,496
2020-10-26,San Benito,069,59416,1443,1424,1,1425,15
2020-10-26,San Bernardino,071,2135413,64778,61871,468,62339,1153
2020-10-26,San Diego,073,3302833,57331,54957,1588,56545,870
2020-10-26,San Francisco,075,870044,12420,12072,48,12120,138
2020-10-26,San Joaquin,077,732212,22109,21459,212,21671,495
2020-10-26,San Luis Obispo,079,281455,4453,4133,28,4161,31
2020-10-26,San Mateo,081,765935,11485,11037,11,11048,156
2020-10-26,Santa Barbara,083,443738,9983,9827,92,9919,122
2020-10-26,Santa Clara,085,1922200,25758,24258,50,24308,365
2020-10-26,Santa Cruz,087,273765,2933,2808,33,2841,24
2020-10-26,Shasta,089,179085,2303,1889,20,1909,29
2020-10-26,Sierra,091,2930,6,6,0,6,0
2020-10-26,Siskiyou,093,43540,210,179,10,189,0
2020-10-26,Solano,095,438530,7560,7271,39,7310,62
2020-10-26,Sonoma,097,501317,9754,9315,28,9343,140
2020-10-26,Stanislaus,099,539301,17880,17666,761,18427,400
2020-10-26,Sutter,101,95872,1886,1817,1,1818,12
2020-10-26,Tehama,103,63373,950,892,2,894,5
2020-10-26,Trinity,105,12862,89,26,10,36,0
2020-10-26,Tulare,107,460477,18090,17432,373,17805,296
2020-10-26,Tuolumne,109,53932,292,271,5,276,4
2020-10-26,Ventura,111,848112,15113,14330,325,14655,154
2020-10-26,Yolo,113,214977,3306,3206,10,3216,58
2020-10-26,Yuba,115,75493,1266,1226,4,1230,10
2020-10-25,Alameda,001,1643700,23836,23192,222,23414,398
2020-10-25,Alpine,003,1148,3,3,0,3,0
2020-10-25,Amador,005,37829,345,330,0,330,16
2020-10-25,Butte,007,227075,3213,3087,38,3125,56
2020-10-25,Calaveras,009,45235,339,274,0,274,13
2020-10-25,Colusa,011,21464,555,548,1,549,6
2020-10-25,Contra Costa,013,1133247,19175,18640,93,18733,245
2020-10-25,Del Norte,015,27424,176,171,0,171,2
2020-10-25,El Dorado,017,186661,1430,1328,12,1340,4
2020-10-25,Fresno,019,978130,33641,30858,477,31335,441
2020-10-25,Glenn,021,27897,685,652,1,653,3
2020-10-25,Humboldt,023,135768,568,554,1,555,7
2020-10-25,Imperial,025,180216,12968,12572,16,12588,333
2020-10-25,Inyo,027,18085,245,226,5,231,14
2020-10-25,Kern,029,883053,34055,33185,429,33614,432
2020-10-25,Kings,031,150075,8717,8246,49,8295,82
2020-10-25,Lake,033,64148,722,695,0,695,15
2020-10-25,Lassen,035,31185,776,764,2,766,0
2020-10-25,Los Angeles,037,10098052,303188,297110,2843,299953,6973
2020-10-25,Madera,039,155013,5064,4909,38,4947,53
2020-10-25,Marin,041,260295,7155,7052,19,7071,102
2020-10-25,Mariposa,043,17540,80,77,0,77,2
2020-10-25,Mendocino,045,87422,1088,1024,4,1028,20
2020-10-25,Merced,047,269075,9573,9352,34,9386,150
2020-10-25,Modoc,049,8938,39,28,0,28,0
2020-10-25,Mono,051,14174,210,167,5,172,1
2020-10-25,Monterey,053,433212,11488,11182,61,11243,87
2020-10-25,Napa,055,140530,2059,1962,8,1970,14
2020-10-25,Nevada,057,99092,648,616,18,634,8
2020-10-25,Orange,059,3164182,60971,58185,1765,59950,1443
2020-10-25,Placer,061,380077,4428,4140,15,4155,57
2020-10-25,Plumas,063,18699,84,63,0,63,0
2020-10-25,Riverside,065,2383286,67844,66192,373,66565,1289
2020-10-25,Sacramento,067,1510023,25879,25445,28,25473,496
2020-10-25,San Benito,069,59416,1436,1423,1,1424,15
2020-10-25,San Bernardino,071,2135413,64238,61551,456,62007,1153
2020-10-25,San Diego,073,3302833,56868,54599,1556,56155,870
2020-10-25,San Francisco,075,870044,12347,12072,48,12120,137
2020-10-25,San Joaquin,077,732212,22001,21459,204,21663,495
2020-10-25,San Luis Obispo,079,281455,4411,4126,26,4152,31
2020-10-25,San Mateo,081,765935,11440,10987,11,10998,156
2020-10-25,Santa Barbara,083,443738,9964,9814,92,9906,122
2020-10-25,Santa Clara,085,1922200,25570,24087,50,24137,365
2020-10-25,Santa Cruz,087,273765,2906,2789,33,2822,24
2020-10-25,Shasta,089,179085,2239,1889,20,1909,29
2020-10-25,Sierra,091,2930,6,6,0,6,0
2020-10-25,Siskiyou,093,43540,207,176,10,186,0
2020-10-25,Solano,095,438530,7482,7197,39,7236,60
2020-10-25,Sonoma,097,501317,9661,9235,27,9262,140
2020-10-25,Stanislaus,099,539301,17823,17641,752,18393,400
2020-10-25,Sutter,101,95872,1868,1811,1,1812,12
2020-10-25,Tehama,103,63373,933,880,2,882,5
2020-10-25,Trinity,105,12862,85,26,10,36,0
2020-10-25,Tulare,107,460477,18016,17431,363,17794,296
2020-10-25,Tuolumne,109,53932,287,271,5,276,4
2020-10-25,Ventura,111,848112,15020,14300,319,14619,154
2020-10-25,Yolo,113,214977,3285,3190,10,3200,58
2020-10-25,Yuba,115,75493,1258,1219,4,1223,10
2020-10-24,Alameda,001,1643700,23765,23099,219,23318,398
2020-10-24,Alpine,003,1148,3,3,0,3,0
2020-10-24,Amador,005,37829,344,328,0,328,16
2020-10-24,Butte,007,227075,3204,3078,38,3116,56
2020-10-24,Calaveras,009,45235,337,274,0,274,13
2020-10-24,Colusa,011,21464,550,548,1,549,6
2020-10-24,Contra Costa,013,1133247,19109,18567,93,18660,244
2020-10-24,Del Norte,015,27424,175,171,0,171,2
2020-10-24,El Dorado,017,186661,1414,1317,12,1329,4
2020-10-24,Fresno,019,978130,33580,30752,472,31224,441
2020-10-24,Glenn,021,27897,682,650,1,651,3
2020-10-24,Humboldt,023,135768,566,553,1,554,7
2020-10-24,Imperial,025,180216,12941,12469,16,12485,333
2020-10-24,Inyo,027,18085,245,226,5,231,14
2020-10-24,Kern,029,883053,33997,33105,424,33529,432
2020-10-24,Kings,031,150075,8707,8228,48,8276,82
2020-10-24,Lake,033,64148,717,696,0,696,15
2020-10-24,Lassen,035,31185,775,764,2,766,0
2020-10-24,Los Angeles,037,10098052,302370,296323,2821,299144,6969
2020-10-24,Madera,039,155013,5051,4898,37,4935,53
2020-10-24,Marin,041,260295,7146,7042,19,7061,102
2020-10-24,Mariposa,043,17540,80,77,0,77,2
2020-10-24,Mendocino,045,87422,1076,1022,4,1026,20
2020-10-24,Merced,047,269075,9549,9351,34,9385,150
2020-10-24,Modoc,049,8938,38,28,0,28,0
2020-10-24,Mono,051,14174,196,167,5,172,1
2020-10-24,Monterey,053,433212,11419,11153,60,11213,87
2020-10-24,Napa,055,140530,2042,1957,8,1965,14
2020-10-24,Nevada,057,99092,644,608,18,626,8
2020-10-24,Orange,059,3164182,60816,57928,1755,59683,1441
2020-10-24,Placer,061,380077,4397,4093,15,4108,57
2020-10-24,Plumas,063,18699,78,63,0,63,0
2020-10-24,Riverside,065,2383286,67636,65902,359,66261,1288
2020-10-24,Sacramento,067,1510023,25798,25372,28,25400,496
2020-10-24,San Benito,069,59416,1431,1417,1,1418,15
2020-10-24,San Bernardino,071,2135413,63999,61351,448,61799,1153
2020-10-24,San Diego,073,3302833,56591,54330,1543,55873,868
2020-10-24,San Francisco,075,870044,12289,12073,47,12120,137
2020-10-24,San Joaquin,077,732212,21948,21458,199,21657,495
2020-10-24,San Luis Obispo,079,281455,4388,4119,25,4144,31
2020-10-24,San Mateo,081,765935,11401,10942,11,10953,155
2020-10-24,Santa Barbara,083,443738,9947,9781,92,9873,122
2020-10-24,Santa Clara,085,1922200,25483,23978,50,24028,365
2020-10-24,Santa Cruz,087,273765,2887,2775,33,2808,24
2020-10-24,Shasta,089,179085,2194,1878,20,1898,29
2020-10-24,Sierra,091,2930,6,6,0,6,0
2020-10-24,Siskiyou,093,43540,206,174,10,184,0
2020-10-24,Solano,095,438530,7429,7189,39,7228,60
2020-10-24,Sonoma,097,501317,9627,9179,27,9206,140
2020-10-24,Stanislaus,099,539301,17780,17574,737,18311,400
2020-10-24,Sutter,101,95872,1859,1804,1,1805,12
2020-10-24,Tehama,103,63373,925,872,2,874,5
2020-10-24,Trinity,105,12862,85,25,10,35,0
2020-10-24,Tulare,107,460477,17993,17406,352,17758,295
2020-10-24,Tuolumne,109,53932,284,269,5,274,4
2020-10-24,Ventura,111,848112,14967,14240,318,14558,154
2020-10-24,Yolo,113,214977,3273,3164,10,3174,57
2020-10-24,Yuba,115,75493,1255,1210,4,1214,10
2020-10-23,Alameda,001,1643700,23692,23047,217,23264,393
2020-10-23,Alpine,003,1148,3,3,0,3,0
2020-10-23,Amador,005,37829,343,324,0,324,16
2020-10-23,Butte,007,227075,3195,3059,38,3097,55
2020-10-23,Calaveras,009,45235,336,273,0,273,13
2020-10-23,Colusa,011,21464,550,547,1,548,6
2020-10-23,Contra Costa,013,1133247,19039,18483,92,18575,244
2020-10-23,Del Norte,015,27424,175,171,0,171,2
2020-10-23,El Dorado,017,186661,1405,1310,12,1322,4
2020-10-23,Fresno,019,978130,33513,30590,469,31059,441
2020-10-23,Glenn,021,27897,679,644,1,645,3
2020-10-23,Humboldt,023,135768,564,553,1,554,7
2020-10-23,Imperial,025,180216,12910,12398,15,12413,333
2020-10-23,Inyo,027,18085,244,226,5,231,14
2020-10-23,Kern,029,883053,33929,33077,419,33496,431
2020-10-23,Kings,031,150075,8698,8218,48,8266,82
2020-10-23,Lake,033,64148,715,689,0,689,15
2020-10-23,Lassen,035,31185,774,764,2,766,0
2020-10-23,Los Angeles,037,10098052,301286,294287,2793,297080,6956
2020-10-23,Madera,039,155013,5046,4888,37,4925,53
2020-10-23,Marin,041,260295,7133,7029,19,7048,102
2020-10-23,Mariposa,043,17540,80,77,0,77,2
2020-10-23,Mendocino,045,87422,1073,1019,4,1023,20
2020-10-23,Merced,047,269075,9535,9327,34,9361,149
2020-10-23,Modoc,049,8938,38,28,0,28,0
2020-10-23,Mono,051,14174,194,159,5,164,1
2020-10-23,Monterey,053,433212,11372,11099,56,11155,86
2020-10-23,Napa,055,140530,2034,1942,8,1950,14
2020-10-23,Nevada,057,99092,641,604,18,622,8
2020-10-23,Orange,059,3164182,60646,57595,1740,59335,1430
2020-10-23,Placer,061,380077,4350,4073,15,4088,57
2020-10-23,Plumas,063,18699,75,63,0,63,0
2020-10-23,Riverside,065,2383286,67397,65512,351,65863,1279
2020-10-23,Sacramento,067,1510023,25693,25224,28,25252,496
2020-10-23,San Benito,069,59416,1429,1412,1,1413,15
2020-10-23,San Bernardino,071,2135413,63713,60854,434,61288,1150
2020-10-23,San Diego,073,3302833,56285,53944,1516,55460,867
2020-10-23,San Francisco,075,870044,12258,12015,47,12062,137
2020-10-23,San Joaquin,077,732212,21892,21361,193,21554,495
2020-10-23,San Luis Obispo,079,281455,4363,4102,25,4127,31
2020-10-23,San Mateo,081,765935,11352,10872,11,10883,155
2020-10-23,Santa Barbara,083,443738,9931,9751,92,9843,121
2020-10-23,Santa Clara,085,1922200,25381,23822,50,23872,364
2020-10-23,Santa Cruz,087,273765,2873,2757,33,2790,24
2020-10-23,Shasta,089,179085,2157,1846,19,1865,29
2020-10-23,Sierra,091,2930,6,6,0,6,0
2020-10-23,Siskiyou,093,43540,202,172,10,182,0
2020-10-23,Solano,095,438530,7398,7174,39,7213,59
2020-10-23,Sonoma,097,501317,9570,9112,27,9139,139
2020-10-23,Stanislaus,099,539301,17743,17496,730,18226,395
2020-10-23,Sutter,101,95872,1852,1797,1,1798,12
2020-10-23,Tehama,103,63373,916,862,2,864,5
2020-10-23,Trinity,105,12862,85,26,10,36,0
2020-10-23,Tulare,107,460477,17948,17334,341,17675,295
2020-10-23,Tuolumne,109,53932,281,254,5,259,4
2020-10-23,Ventura,111,848112,14938,14192,318,14510,155
2020-10-23,Yolo,113,214977,3261,3140,10,3150,57
2020-10-23,Yuba,115,75493,1251,1206,4,1210,10
2020-10-22,Alameda,001,1643700,23591,22915,217,23132,393
2020-10-22,Alpine,003,1148,3,3,0,3,0
2020-10-22,Amador,005,37829,339,317,0,317,16
2020-10-22,Butte,007,227075,3185,3046,36,3082,55
2020-10-22,Calaveras,009,45235,333,273,0,273,13
2020-10-22,Colusa,011,21464,550,547,1,548,6
2020-10-22,Contra Costa,013,1133247,18968,18393,92,18485,243
2020-10-22,Del Norte,015,27424,174,168,0,168,2
2020-10-22,El Dorado,017,186661,1395,1308,12,1320,4
2020-10-22,Fresno,019,978130,33403,30471,461,30932,438
2020-10-22,Glenn,021,27897,672,643,1,644,3
2020-10-22,Humboldt,023,135768,562,548,1,549,7
2020-10-22,Imperial,025,180216,12857,12311,15,12326,333
2020-10-22,Inyo,027,18085,241,220,5,225,14
2020-10-22,Kern,029,883053,33848,32991,416,33407,431
2020-10-22,Kings,031,150075,8447,8201,48,8249,82
2020-10-22,Lake,033,64148,711,678,0,678,15
2020-10-22,Lassen,035,31185,771,764,2,766,0
2020-10-22,Los Angeles,037,10098052,299907,291599,2738,294337,6935
2020-10-22,Madera,039,155013,5025,4847,37,4884,52
2020-10-22,Marin,041,260295,7126,7014,19,7033,102
2020-10-22,Mariposa,043,17540,80,77,0,77,2
2020-10-22,Mendocino,045,87422,1068,1016,4,1020,20
2020-10-22,Merced,047,269075,9507,9323,34,9357,149
2020-10-22,Modoc,049,8938,34,26,0,26,0
2020-10-22,Mono,051,14174,189,156,5,161,1
2020-10-22,Monterey,053,433212,11313,11059,53,11112,84
2020-10-22,Napa,055,140530,2019,1928,8,1936,14
2020-10-22,Nevada,057,99092,635,600,18,618,8
2020-10-22,Orange,059,3164182,60431,57418,1723,59141,1422
2020-10-22,Placer,061,380077,4301,4036,15,4051,57
2020-10-22,Plumas,063,18699,72,62,0,62,0
2020-10-22,Riverside,065,2383286,67062,65104,333,65437,1279
2020-10-22,Sacramento,067,1510023,25553,25054,28,25082,492
2020-10-22,San Benito,069,59416,1425,1403,1,1404,15
2020-10-22,San Bernardino,071,2135413,63311,60402,419,60821,1149
2020-10-22,San Diego,073,3302833,55898,53514,1497,55011,866
2020-10-22,San Francisco,075,870044,12200,11991,45,12036,137
2020-10-22,San Joaquin,077,732212,21819,21282,187,21469,495
2020-10-22,San Luis Obispo,079,281455,4347,4081,25,4106,31
2020-10-22,San Mateo,081,765935,11296,10796,11,10807,155
2020-10-22,Santa Barbara,083,443738,9898,9710,90,9800,120
2020-10-22,Santa Clara,085,1922200,25227,23621,50,23671,363
2020-10-22,Santa Cruz,087,273765,2855,2738,32,2770,24
2020-10-22,Shasta,089,179085,2111,1799,19,1818,29
2020-10-22,Sierra,091,2930,6,6,0,6,0
2020-10-22,Siskiyou,093,43540,201,169,10,179,0
2020-10-22,Solano,095,438530,7352,7116,39,7155,59
2020-10-22,Sonoma,097,501317,9504,9052,26,9078,139
2020-10-22,Stanislaus,099,539301,17690,17440,718,18158,395
2020-10-22,Sutter,101,95872,1838,1794,1,1795,12
2020-10-22,Tehama,103,63373,905,852,2,854,5
2020-10-22,Trinity,105,12862,84,26,10,36,0
2020-10-22,Tulare,107,460477,17882,17265,328,17593,293
2020-10-22,Tuolumne,109,53932,278,252,5,257,4
2020-10-22,Ventura,111,848112,14891,14124,316,14440,154
2020-10-22,Yolo,113,214977,3249,3116,10,3126,58
2020-10-22,Yuba,115,75493,1244,1199,3,1202,10
2020-10-21,Alameda,001,1643700,23503,22853,215,23068,392
2020-10-21,Alpine,003,1148,3,3,0,3,0
2020-10-21,Amador,005,37829,334,313,0,313,16
2020-10-21,Butte,007,227075,3173,3041,36,3077,55
2020-10-21,Calaveras,009,45235,332,272,0,272,13
2020-10-21,Colusa,011,21464,550,546,1,547,6
2020-10-21,Contra Costa,013,1133247,18894,18299,92,18391,243
2020-10-21,Del Norte,015,27424,174,169,0,169,2
2020-10-21,El Dorado,017,186661,1383,1305,11,1316,4
2020-10-21,Fresno,019,978130,33308,30328,456,30784,433
2020-10-21,Glenn,021,27897,667,640,1,641,3
2020-10-21,Humboldt,023,135768,561,548,1,549,7
2020-10-21,Imperial,025,180216,12800,12210,15,12225,331
2020-10-21,Inyo,027,18085,237,220,5,225,14
2020-10-21,Kern,029,883053,33773,32956,414,33370,430
2020-10-21,Kings,031,150075,8420,8186,48,8234,80
2020-10-21,Lake,033,64148,710,676,0,676,15
2020-10-21,Lassen,035,31185,770,764,2,766,0
2020-10-21,Los Angeles,037,10098052,298566,288096,2696,290792,6923
2020-10-21,Madera,039,155013,5000,4831,37,4868,52
2020-10-21,Marin,041,260295,7117,7002,19,7021,102
2020-10-21,Mariposa,043,17540,80,77,0,77,2
2020-10-21,Mendocino,045,87422,1066,1011,4,1015,21
2020-10-21,Merced,047,269075,9483,9319,32,9351,149
2020-10-21,Modoc,049,8938,33,26,0,26,0
2020-10-21,Mono,051,14174,187,156,5,161,1
2020-10-21,Monterey,053,433212,11275,11005,52,11057,83
2020-10-21,Napa,055,140530,2004,1918,8,1926,13
2020-10-21,Nevada,057,99092,629,597,18,615,8
2020-10-21,Orange,059,3164182,60219,57189,1714,58903,1409
2020-10-21,Placer,061,380077,4264,4007,15,4022,56
2020-10-21,Plumas,063,18699,69,58,0,58,0
2020-10-21,Riverside,065,2383286,66766,64778,309,65087,1278
2020-10-21,Sacramento,067,1510023,25359,24908,28,24936,490
2020-10-21,San Benito,069,59416,1424,1401,1,1402,14
2020-10-21,San Bernardino,071,2135413,62901,59948,412,60360,1141
2020-10-21,San Diego,073,3302833,55546,53279,1469,54748,863
2020-10-21,San Francisco,075,870044,12151,11976,44,12020,137
2020-10-21,San Joaquin,077,732212,21743,21201,181,21382,495
2020-10-21,San Luis Obispo,079,281455,4320,4055,23,4078,31
2020-10-21,San Mateo,081,765935,11247,10730,11,10741,155
2020-10-21,Santa Barbara,083,443738,9881,9681,89,9770,121
2020-10-21,Santa Clara,085,1922200,25100,23537,50,23587,361
2020-10-21,Santa Cruz,087,273765,2832,2729,32,2761,24
2020-10-21,Shasta,089,179085,2075,1777,19,1796,27
2020-10-21,Sierra,091,2930,6,6,0,6,0
2020-10-21,Siskiyou,093,43540,197,169,10,179,0
2020-10-21,Solano,095,438530,7306,7088,39,7127,59
2020-10-21,Sonoma,097,501317,9424,8987,26,9013,138
2020-10-21,Stanislaus,099,539301,17641,17419,710,18129,392
2020-10-21,Sutter,101,95872,1824,1786,1,1787,12
2020-10-21,Tehama,103,63373,889,824,2,826,5
2020-10-21,Trinity,105,12862,78,25,9,34,0
2020-10-21,Tulare,107,460477,17844,17204,314,17518,292
2020-10-21,Tuolumne,109,53932,277,251,5,256,4
2020-10-21,Ventura,111,848112,14828,14050,313,14363,153
2020-10-21,Yolo,113,214977,3230,3095,10,3105,58
2020-10-21,Yuba,115,75493,1236,1194,3,1197,10
2020-10-20,Alameda,001,1643700,23400,22750,211,22961,391
2020-10-20,Alpine,003,1148,3,3,0,3,0
2020-10-20,Amador,005,37829,333,313,0,313,16
2020-10-20,Butte,007,227075,3161,3027,36,3063,56
2020-10-20,Calaveras,009,45235,330,273,0,273,13
2020-10-20,Colusa,011,21464,547,546,1,547,6
2020-10-20,Contra Costa,013,1133247,18801,18246,92,18338,241
2020-10-20,Del Norte,015,27424,173,169,0,169,2
2020-10-20,El Dorado,017,186661,1377,1295,11,1306,4
2020-10-20,Fresno,019,978130,33205,30220,450,30670,431
2020-10-20,Glenn,021,27897,662,638,1,639,3
2020-10-20,Humboldt,023,135768,557,545,1,546,7
2020-10-20,Imperial,025,180216,12732,12114,15,12129,330
2020-10-20,Inyo,027,18085,237,218,5,223,14
2020-10-20,Kern,029,883053,33698,32889,401,33290,429
2020-10-20,Kings,031,150075,8402,8178,47,8225,80
2020-10-20,Lake,033,64148,708,675,0,675,15
2020-10-20,Lassen,035,31185,769,757,2,759,0
2020-10-20,Los Angeles,037,10098052,297072,287727,2647,290374,6891
2020-10-20,Madera,039,155013,4983,4823,37,4860,52
2020-10-20,Marin,041,260295,7102,6994,19,7013,101
2020-10-20,Mariposa,043,17540,79,77,0,77,2
2020-10-20,Mendocino,045,87422,1064,1004,4,1008,21
2020-10-20,Merced,047,269075,9461,9323,32,9355,149
2020-10-20,Modoc,049,8938,32,26,0,26,0
2020-10-20,Mono,051,14174,187,156,5,161,1
2020-10-20,Monterey,053,433212,11232,10942,49,10991,81
2020-10-20,Napa,055,140530,1985,1912,8,1920,13
2020-10-20,Nevada,057,99092,619,596,18,614,8
2020-10-20,Orange,059,3164182,59955,56914,1704,58618,1397
2020-10-20,Placer,061,380077,4226,3997,15,4012,56
2020-10-20,Plumas,063,18699,66,53,0,53,0
2020-10-20,Riverside,065,2383286,66387,64452,297,64749,1275
2020-10-20,Sacramento,067,1510023,25231,24767,27,24794,485
2020-10-20,San Benito,069,59416,1421,1398,1,1399,14
2020-10-20,San Bernardino,071,2135413,62517,59571,410,59981,1109
2020-10-20,San Diego,073,3302833,55210,53004,1449,54453,857
2020-10-20,San Francisco,075,870044,12104,12013,43,12056,126
2020-10-20,San Joaquin,077,732212,21664,21173,172,21345,490
2020-10-20,San Luis Obispo,079,281455,4302,4043,22,4065,31
2020-10-20,San Mateo,081,765935,11200,10659,11,10670,155
2020-10-20,Santa Barbara,083,443738,9852,9664,87,9751,121
2020-10-20,Santa Clara,085,1922200,24962,23406,50,23456,358
2020-10-20,Santa Cruz,087,273765,2809,2710,32,2742,23
2020-10-20,Shasta,089,179085,2052,1747,19,1766,20
2020-10-20,Sierra,091,2930,6,6,0,6,0
2020-10-20,Siskiyou,093,43540,189,168,10,178,0
2020-10-20,Solano,095,438530,7257,7044,39,7083,57
2020-10-20,Sonoma,097,501317,9361,8904,24,8928,135
2020-10-20,Stanislaus,099,539301,17587,17367,706,18073,393
2020-10-20,Sutter,101,95872,1815,1783,1,1784,12
2020-10-20,Tehama,103,63373,874,813,2,815,5
2020-10-20,Trinity,105,12862,77,25,9,34,0
2020-10-20,Tulare,107,460477,17777,17156,309,17465,289
2020-10-20,Tuolumne,109,53932,275,250,5,255,4
2020-10-20,Ventura,111,848112,14764,13980,311,14291,152
2020-10-20,Yolo,113,214977,3207,3083,10,3093,56
2020-10-20,Yuba,115,75493,1226,1191,3,1194,10
2020-10-19,Alameda,001,1643700,23290,22647,210,22857,392
2020-10-19,Alpine,003,1148,3,3,0,3,0
2020-10-19,Amador,005,37829,327,313,0,313,16
2020-10-19,Butte,007,227075,3150,3026,36,3062,55
2020-10-19,Calaveras,009,45235,329,268,0,268,13
2020-10-19,Colusa,011,21464,547,544,1,545,6
2020-10-19,Contra Costa,013,1133247,18702,18173,92,18265,239
2020-10-19,Del Norte,015,27424,170,167,0,167,2
2020-10-19,El Dorado,017,186661,1356,1287,11,1298,4
2020-10-19,Fresno,019,978130,33095,30152,444,30596,431
2020-10-19,Glenn,021,27897,657,635,0,635,3
2020-10-19,Humboldt,023,135768,557,543,1,544,7
2020-10-19,Imperial,025,180216,12678,12036,14,12050,330
2020-10-19,Inyo,027,18085,236,218,5,223,14
2020-10-19,Kern,029,883053,33622,32840,398,33238,428
2020-10-19,Kings,031,150075,8384,8173,47,8220,80
2020-10-19,Lake,033,64148,705,673,0,673,15
2020-10-19,Lassen,035,31185,768,757,2,759,0
2020-10-19,Los Angeles,037,10098052,295588,287119,2609,289728,6858
2020-10-19,Madera,039,155013,4968,4787,37,4824,52
2020-10-19,Marin,041,260295,7084,6981,19,7000,100
2020-10-19,Mariposa,043,17540,79,77,0,77,2
2020-10-19,Mendocino,045,87422,1059,1001,4,1005,21
2020-10-19,Merced,047,269075,9436,9305,29,9334,148
2020-10-19,Modoc,049,8938,31,26,0,26,0
2020-10-19,Mono,051,14174,182,156,5,161,1
2020-10-19,Monterey,053,433212,11171,10907,49,10956,80
2020-10-19,Napa,055,140530,1973,1892,8,1900,12
2020-10-19,Nevada,057,99092,616,590,18,608,8
2020-10-19,Orange,059,3164182,59672,56652,1689,58341,1396
2020-10-19,Placer,061,380077,4178,3962,15,3977,49
2020-10-19,Plumas,063,18699,64,52,0,52,0
2020-10-19,Riverside,065,2383286,65956,64016,281,64297,1272
2020-10-19,Sacramento,067,1510023,25092,24542,27,24569,483
2020-10-19,San Benito,069,59416,1414,1395,1,1396,14
2020-10-19,San Bernardino,071,2135413,62065,59265,398,59663,1100
2020-10-19,San Diego,073,3302833,54824,52739,1424,54163,853
2020-10-19,San Francisco,075,870044,12060,11879,43,11922,126
2020-10-19,San Joaquin,077,732212,21589,20930,164,21094,489
2020-10-19,San Luis Obispo,079,281455,4286,4016,22,4038,31
2020-10-19,San Mateo,081,765935,11154,10568,11,10579,154
2020-10-19,Santa Barbara,083,443738,9816,9632,87,9719,121
2020-10-19,Santa Clara,085,1922200,24812,23301,50,23351,352
2020-10-19,Santa Cruz,087,273765,2792,2705,32,2737,19
2020-10-19,Shasta,089,179085,2008,1709,18,1727,20
2020-10-19,Sierra,091,2930,6,6,0,6,0
2020-10-19,Siskiyou,093,43540,182,167,10,177,0
2020-10-19,Solano,095,438530,7216,7003,39,7042,57
2020-10-19,Sonoma,097,501317,9274,8830,24,8854,135
2020-10-19,Stanislaus,099,539301,17536,17342,696,18038,390
2020-10-19,Sutter,101,95872,1810,1773,1,1774,12
2020-10-19,Tehama,103,63373,871,793,2,795,5
2020-10-19,Trinity,105,12862,75,23,9,32,0
2020-10-19,Tulare,107,460477,17727,17047,302,17349,291
2020-10-19,Tuolumne,109,53932,273,247,5,252,4
2020-10-19,Ventura,111,848112,14699,13930,308,14238,152
2020-10-19,Yolo,113,214977,3194,3069,10,3079,56
2020-10-19,Yuba,115,75493,1219,1183,3,1186,10
2020-10-18,Alameda,001,1643700,23186,22546,209,22755,392
2020-10-18,Alpine,003,1148,3,3,0,3,0
2020-10-18,Amador,005,37829,316,313,0,313,16
2020-10-18,Butte,007,227075,3137,3019,36,3055,55
2020-10-18,Calaveras,009,45235,328,267,0,267,13
2020-10-18,Colusa,011,21464,545,544,1,545,6
2020-10-18,Contra Costa,013,1133247,18604,18120,92,18212,237
2020-10-18,Del Norte,015,27424,170,167,0,167,2
2020-10-18,El Dorado,017,186661,1347,1283,11,1294,4
2020-10-18,Fresno,019,978130,32964,30051,436,30487,430
2020-10-18,Glenn,021,27897,655,634,0,634,3
2020-10-18,Humboldt,023,135768,554,540,1,541,7
2020-10-18,Imperial,025,180216,12615,11987,13,12000,330
2020-10-18,Inyo,027,18085,233,215,5,220,14
2020-10-18,Kern,029,883053,33549,32799,391,33190,428
2020-10-18,Kings,031,150075,8369,8159,47,8206,80
2020-10-18,Lake,033,64148,698,670,0,670,15
2020-10-18,Lassen,035,31185,768,757,2,759,0
2020-10-18,Los Angeles,037,10098052,293879,286187,2567,288754,6857
2020-10-18,Madera,039,155013,4943,4770,37,4807,52
2020-10-18,Marin,041,260295,7063,6969,19,6988,99
2020-10-18,Mariposa,043,17540,79,77,0,77,2
2020-10-18,Mendocino,045,87422,1057,988,4,992,21
2020-10-18,Merced,047,269075,9401,9292,29,9321,148
2020-10-18,Modoc,049,8938,30,26,0,26,0
2020-10-18,Mono,051,14174,177,155,5,160,1
2020-10-18,Monterey,053,433212,11118,10872,49,10921,80
2020-10-18,Napa,055,140530,1960,1882,8,1890,12
2020-10-18,Nevada,057,99092,610,582,18,600,8
2020-10-18,Orange,059,3164182,59375,56394,1672,58066,1396
2020-10-18,Placer,061,380077,4130,3938,15,3953,49
2020-10-18,Plumas,063,18699,62,52,0,52,0
2020-10-18,Riverside,065,2383286,65643,63765,260,64025,1270
2020-10-18,Sacramento,067,1510023,24937,24425,27,24452,482
2020-10-18,San Benito,069,59416,1407,1395,1,1396,14
2020-10-18,San Bernardino,071,2135413,61566,58893,390,59283,1098
2020-10-18,San Diego,073,3302833,54435,52359,1403,53762,853
2020-10-18,San Francisco,075,870044,12021,11878,43,11921,126
2020-10-18,San Joaquin,077,732212,21506,20931,151,21082,489
2020-10-18,San Luis Obispo,079,281455,4255,4009,20,4029,31
2020-10-18,San Mateo,081,765935,11095,10503,11,10514,154
2020-10-18,Santa Barbara,083,443738,9776,9608,86,9694,121
2020-10-18,Santa Clara,085,1922200,24639,23169,50,23219,352
2020-10-18,Santa Cruz,087,273765,2778,2692,32,2724,19
2020-10-18,Shasta,089,179085,1983,1708,18,1726,20
2020-10-18,Sierra,091,2930,6,6,0,6,0
2020-10-18,Siskiyou,093,43540,182,167,10,177,0
2020-10-18,Solano,095,438530,7169,6962,39,7001,57
2020-10-18,Sonoma,097,501317,9197,8781,23,8804,134
2020-10-18,Stanislaus,099,539301,17479,17290,687,17977,390
2020-10-18,Sutter,101,95872,1801,1764,1,1765,12
2020-10-18,Tehama,103,63373,839,774,2,776,5
2020-10-18,Trinity,105,12862,75,20,9,29,0
2020-10-18,Tulare,107,460477,17633,17048,293,17341,290
2020-10-18,Tuolumne,109,53932,267,245,5,250,4
2020-10-18,Ventura,111,848112,14619,13901,307,14208,151
2020-10-18,Yolo,113,214977,3155,3059,10,3069,55
2020-10-18,Yuba,115,75493,1208,1176,3,1179,10
2020-10-17,Alameda,001,1643700,23141,22394,207,22601,398
2020-10-17,Alpine,003,1148,3,3,0,3,0
2020-10-17,Amador,005,37829,314,309,0,309,16
2020-10-17,Butte,007,227075,3130,3012,34,3046,55
2020-10-17,Calaveras,009,45235,328,267,0,267,13
2020-10-17,Colusa,011,21464,544,544,1,545,6
2020-10-17,Contra Costa,013,1133247,18551,18005,92,18097,237
2020-10-17,Del Norte,015,27424,170,167,0,167,2
2020-10-17,El Dorado,017,186661,1343,1277,11,1288,4
2020-10-17,Fresno,019,978130,32910,29911,434,30345,430
2020-10-17,Glenn,021,27897,652,633,0,633,3
2020-10-17,Humboldt,023,135768,551,535,1,536,7
2020-10-17,Imperial,025,180216,12587,11962,13,11975,330
2020-10-17,Inyo,027,18085,228,212,5,217,14
2020-10-17,Kern,029,883053,33498,32710,388,33098,428
2020-10-17,Kings,031,150075,8363,8151,46,8197,80
2020-10-17,Lake,033,64148,695,663,0,663,15
2020-10-17,Lassen,035,31185,768,757,2,759,0
2020-10-17,Los Angeles,037,10098052,293125,285858,2540,288398,6844
2020-10-17,Madera,039,155013,4937,4759,37,4796,53
2020-10-17,Marin,041,260295,7060,6958,19,6977,99
2020-10-17,Mariposa,043,17540,78,77,0,77,2
2020-10-17,Mendocino,045,87422,1050,977,4,981,21
2020-10-17,Merced,047,269075,9388,9275,29,9304,148
2020-10-17,Modoc,049,8938,30,26,0,26,0
2020-10-17,Mono,051,14174,176,155,5,160,1
2020-10-17,Monterey,053,433212,11079,10807,48,10855,80
2020-10-17,Napa,055,140530,1951,1866,8,1874,12
2020-10-17,Nevada,057,99092,609,580,18,598,8
2020-10-17,Orange,059,3164182,59233,56197,1666,57863,1396
2020-10-17,Placer,061,380077,4103,3898,15,3913,49
2020-10-17,Plumas,063,18699,62,52,0,52,0
2020-10-17,Riverside,065,2383286,65446,63171,251,63422,1270
2020-10-17,Sacramento,067,1510023,24854,24304,27,24331,482
2020-10-17,San Benito,069,59416,1403,1389,1,1390,14
2020-10-17,San Bernardino,071,2135413,61293,58415,383,58798,1097
2020-10-17,San Diego,073,3302833,54210,51986,1392,53378,853
2020-10-17,San Francisco,075,870044,11994,11877,42,11919,126
2020-10-17,San Joaquin,077,732212,21452,20932,145,21077,489
2020-10-17,San Luis Obispo,079,281455,4240,3979,20,3999,31
2020-10-17,San Mateo,081,765935,11067,10423,11,10434,153
2020-10-17,Santa Barbara,083,443738,9757,9588,84,9672,121
2020-10-17,Santa Clara,085,1922200,24549,22997,50,23047,349
2020-10-17,Santa Cruz,087,273765,2764,2680,32,2712,19
2020-10-17,Shasta,089,179085,1957,1679,18,1697,20
2020-10-17,Sierra,091,2930,6,6,0,6,0
2020-10-17,Siskiyou,093,43540,181,167,10,177,0
2020-10-17,Solano,095,438530,7142,6929,39,6968,57
2020-10-17,Sonoma,097,501317,9154,8725,23,8748,134
2020-10-17,Stanislaus,099,539301,17438,17232,678,17910,390
2020-10-17,Sutter,101,95872,1799,1762,1,1763,12
2020-10-17,Tehama,103,63373,823,764,2,766,5
2020-10-17,Trinity,105,12862,75,20,9,29,0
2020-10-17,Tulare,107,460477,17603,16995,284,17279,290
2020-10-17,Tuolumne,109,53932,267,241,5,246,4
2020-10-17,Ventura,111,848112,14574,13845,304,14149,151
2020-10-17,Yolo,113,214977,3140,3045,9,3054,55
2020-10-17,Yuba,115,75493,1203,1164,3,1167,10
2020-10-16,Alameda,001,1643700,23087,22315,207,22522,397
2020-10-16,Alpine,003,1148,3,3,0,3,0
2020-10-16,Amador,005,37829,314,309,0,309,16
2020-10-16,Butte,007,227075,3118,3004,34,3038,54
2020-10-16,Calaveras,009,45235,328,267,0,267,13
2020-10-16,Colusa,011,21464,543,544,1,545,6
2020-10-16,Contra Costa,013,1133247,18499,17956,92,18048,237
2020-10-16,Del Norte,015,27424,169,166,0,166,2
2020-10-16,El Dorado,017,186661,1337,1273,11,1284,4
2020-10-16,Fresno,019,978130,32835,29796,433,30229,427
2020-10-16,Glenn,021,27897,647,632,0,632,3
2020-10-16,Humboldt,023,135768,551,533,1,534,7
2020-10-16,Imperial,025,180216,12547,11885,13,11898,330
2020-10-16,Inyo,027,18085,224,212,5,217,14
2020-10-16,Kern,029,883053,33455,32660,386,33046,428
2020-10-16,Kings,031,150075,8354,8146,45,8191,80
2020-10-16,Lake,033,64148,693,644,0,644,14
2020-10-16,Lassen,035,31185,768,757,2,759,0
2020-10-16,Los Angeles,037,10098052,292061,284988,2519,287507,6835
2020-10-16,Madera,039,155013,4925,4736,36,4772,53
2020-10-16,Marin,041,260295,7050,6933,19,6952,99
2020-10-16,Mariposa,043,17540,78,76,0,76,2
2020-10-16,Mendocino,045,87422,1043,974,4,978,21
2020-10-16,Merced,047,269075,9371,9246,29,9275,148
2020-10-16,Modoc,049,8938,30,26,0,26,0
2020-10-16,Mono,051,14174,174,155,5,160,1
2020-10-16,Monterey,053,433212,11044,10727,48,10775,79
2020-10-16,Napa,055,140530,1942,1855,8,1863,12
2020-10-16,Nevada,057,99092,607,579,18,597,8
2020-10-16,Orange,059,3164182,59055,56091,1660,57751,1388
2020-10-16,Placer,061,380077,4082,3864,15,3879,49
2020-10-16,Plumas,063,18699,61,52,0,52,0
2020-10-16,Riverside,065,2383286,65220,62986,250,63236,1267
2020-10-16,Sacramento,067,1510023,24759,24144,27,24171,479
2020-10-16,San Benito,069,59416,1400,1388,1,1389,14
2020-10-16,San Bernardino,071,2135413,61023,58233,383,58616,1069
2020-10-16,San Diego,073,3302833,53968,51785,1378,53163,850
2020-10-16,San Francisco,075,870044,11972,11840,41,11881,126
2020-10-16,San Joaquin,077,732212,21407,20910,144,21054,489
2020-10-16,San Luis Obispo,079,281455,4224,3952,20,3972,32
2020-10-16,San Mateo,081,765935,11041,10405,11,10416,153
2020-10-16,Santa Barbara,083,443738,9738,9549,84,9633,119
2020-10-16,Santa Clara,085,1922200,24461,22920,50,22970,345
2020-10-16,Santa Cruz,087,273765,2751,2666,32,2698,20
2020-10-16,Shasta,089,179085,1935,1660,18,1678,20
2020-10-16,Sierra,091,2930,6,6,0,6,0
2020-10-16,Siskiyou,093,43540,179,167,10,177,0
2020-10-16,Solano,095,438530,7119,6879,39,6918,55
2020-10-16,Sonoma,097,501317,9098,8652,23,8675,133
2020-10-16,Stanislaus,099,539301,17404,17201,670,17871,366
2020-10-16,Sutter,101,95872,1791,1756,1,1757,12
2020-10-16,Tehama,103,63373,822,737,2,739,3
2020-10-16,Trinity,105,12862,75,20,9,29,0
2020-10-16,Tulare,107,460477,17571,16965,276,17241,290
2020-10-16,Tuolumne,109,53932,265,237,5,242,4
2020-10-16,Ventura,111,848112,14531,13805,299,14104,152
2020-10-16,Yolo,113,214977,3131,3030,9,3039,55
2020-10-16,Yuba,115,75493,1203,1155,3,1158,10
2020-10-15,Alameda,001,1643700,23019,22267,206,22473,390
2020-10-15,Alpine,003,1148,3,3,0,3,0
2020-10-15,Amador,005,37829,314,309,0,309,16
2020-10-15,Butte,007,227075,3106,3000,33,3033,54
2020-10-15,Calaveras,009,45235,327,267,0,267,13
2020-10-15,Colusa,011,21464,542,543,1,544,6
2020-10-15,Contra Costa,013,1133247,18431,17893,91,17984,237
2020-10-15,Del Norte,015,27424,169,164,0,164,2
2020-10-15,El Dorado,017,186661,1332,1265,11,1276,4
2020-10-15,Fresno,019,978130,32737,29727,430,30157,425
2020-10-15,Glenn,021,27897,642,632,0,632,3
2020-10-15,Humboldt,023,135768,547,531,1,532,7
2020-10-15,Imperial,025,180216,12506,11820,12,11832,330
2020-10-15,Inyo,027,18085,224,210,5,215,14
2020-10-15,Kern,029,883053,33374,32593,383,32976,427
2020-10-15,Kings,031,150075,8339,8134,45,8179,80
2020-10-15,Lake,033,64148,691,642,0,642,14
2020-10-15,Lassen,035,31185,767,752,2,754,0
2020-10-15,Los Angeles,037,10098052,290776,284019,2486,286505,6807
2020-10-15,Madera,039,155013,4912,4723,35,4758,50
2020-10-15,Marin,041,260295,7042,6912,19,6931,99
2020-10-15,Mariposa,043,17540,78,76,0,76,2
2020-10-15,Mendocino,045,87422,1037,963,4,967,21
2020-10-15,Merced,047,269075,9344,9213,29,9242,147
2020-10-15,Modoc,049,8938,30,26,0,26,0
2020-10-15,Mono,051,14174,174,155,5,160,1
2020-10-15,Monterey,053,433212,10977,10677,47,10724,79
2020-10-15,Napa,055,140530,1929,1842,8,1850,12
2020-10-15,Nevada,057,99092,603,575,18,593,8
2020-10-15,Orange,059,3164182,58839,55952,1648,57600,1379
2020-10-15,Placer,061,380077,4053,3848,15,3863,48
2020-10-15,Plumas,063,18699,58,52,0,52,0
2020-10-15,Riverside,065,2383286,64887,62819,247,63066,1266
2020-10-15,Sacramento,067,1510023,24643,24068,27,24095,474
2020-10-15,San Benito,069,59416,1397,1384,1,1385,14
2020-10-15,San Bernardino,071,2135413,60684,58068,380,58448,1067
2020-10-15,San Diego,073,3302833,53684,51472,1362,52834,847
2020-10-15,San Francisco,075,870044,11944,11808,38,11846,126
2020-10-15,San Joaquin,077,732212,21336,20880,138,21018,487
2020-10-15,San Luis Obispo,079,281455,4208,3934,20,3954,32
2020-10-15,San Mateo,081,765935,11001,10340,11,10351,152
2020-10-15,Santa Barbara,083,443738,9714,9526,83,9609,117
2020-10-15,Santa Clara,085,1922200,24345,22808,50,22858,343
2020-10-15,Santa Cruz,087,273765,2737,2656,32,2688,13
2020-10-15,Shasta,089,179085,1924,1635,18,1653,20
2020-10-15,Sierra,091,2930,6,6,0,6,0
2020-10-15,Siskiyou,093,43540,175,166,10,176,0
2020-10-15,Solano,095,438530,7080,6830,39,6869,55
2020-10-15,Sonoma,097,501317,9006,8571,23,8594,133
2020-10-15,Stanislaus,099,539301,17366,17151,656,17807,366
2020-10-15,Sutter,101,95872,1788,1752,1,1753,12
2020-10-15,Tehama,103,63373,795,726,2,728,3
2020-10-15,Trinity,105,12862,75,20,9,29,0
2020-10-15,Tulare,107,460477,17511,16918,261,17179,289
2020-10-15,Tuolumne,109,53932,263,236,5,241,4
2020-10-15,Ventura,111,848112,14475,13750,294,14044,152
2020-10-15,Yolo,113,214977,3111,3014,9,3023,55
2020-10-15,Yuba,115,75493,1196,1151,3,1154,10
2020-10-14,Alameda,001,1643700,22920,22227,205,22432,398
2020-10-14,Alpine,003,1148,3,3,0,3,0
2020-10-14,Amador,005,37829,312,308,0,308,16
2020-10-14,Butte,007,227075,3098,2995,33,3028,54
2020-10-14,Calaveras,009,45235,327,266,0,266,12
2020-10-14,Colusa,011,21464,542,543,1,544,6
2020-10-14,Contra Costa,013,1133247,18373,17820,89,17909,236
2020-10-14,Del Norte,015,27424,168,163,0,163,2
2020-10-14,El Dorado,017,186661,1326,1264,10,1274,4
2020-10-14,Fresno,019,978130,32622,29650,424,30074,424
2020-10-14,Glenn,021,27897,641,629,0,629,3
2020-10-14,Humboldt,023,135768,544,531,1,532,7
2020-10-14,Imperial,025,180216,12469,11765,10,11775,330
2020-10-14,Inyo,027,18085,223,209,4,213,14
2020-10-14,Kern,029,883053,33299,32528,381,32909,425
2020-10-14,Kings,031,150075,8321,8118,45,8163,80
2020-10-14,Lake,033,64148,690,642,0,642,14
2020-10-14,Lassen,035,31185,765,752,2,754,0
2020-10-14,Los Angeles,037,10098052,289461,282918,2443,285361,6786
2020-10-14,Madera,039,155013,4897,4713,33,4746,50
2020-10-14,Marin,041,260295,7036,6907,19,6926,99
2020-10-14,Mariposa,043,17540,77,76,0,76,2
2020-10-14,Mendocino,045,87422,1031,955,4,959,21
2020-10-14,Merced,047,269075,9319,9201,27,9228,147
2020-10-14,Modoc,049,8938,30,27,0,27,0
2020-10-14,Mono,051,14174,174,155,5,160,1
2020-10-14,Monterey,053,433212,10927,10616,47,10663,78
2020-10-14,Napa,055,140530,1912,1837,8,1845,12
2020-10-14,Nevada,057,99092,601,573,18,591,7
2020-10-14,Orange,059,3164182,58626,55756,1639,57395,1348
2020-10-14,Placer,061,380077,4030,3829,15,3844,48
2020-10-14,Plumas,063,18699,54,52,0,52,0
2020-10-14,Riverside,065,2383286,64604,62607,246,62853,1261
2020-10-14,Sacramento,067,1510023,24499,24013,27,24040,472
2020-10-14,San Benito,069,59416,1395,1381,0,1381,14
2020-10-14,San Bernardino,071,2135413,60358,57774,376,58150,1063
2020-10-14,San Diego,073,3302833,53365,51329,1338,52667,844
2020-10-14,San Francisco,075,870044,11912,11783,37,11820,123
2020-10-14,San Joaquin,077,732212,21257,20845,124,20969,487
2020-10-14,San Luis Obispo,079,281455,4185,3901,19,3920,32
2020-10-14,San Mateo,081,765935,10950,10309,11,10320,132
2020-10-14,Santa Barbara,083,443738,9680,9509,83,9592,117
2020-10-14,Santa Clara,085,1922200,24196,22735,50,22785,343
2020-10-14,Santa Cruz,087,273765,2727,2618,32,2650,13
2020-10-14,Shasta,089,179085,1886,1553,18,1571,20
2020-10-14,Sierra,091,2930,6,6,0,6,0
2020-10-14,Siskiyou,093,43540,175,166,10,176,0
2020-10-14,Solano,095,438530,7024,6786,39,6825,55
2020-10-14,Sonoma,097,501317,8953,8514,23,8537,133
2020-10-14,Stanislaus,099,539301,17321,17105,653,17758,365
2020-10-14,Sutter,101,95872,1779,1747,1,1748,12
2020-10-14,Tehama,103,63373,784,721,2,723,3
2020-10-14,Trinity,105,12862,74,20,9,29,0
2020-10-14,Tulare,107,460477,17449,16863,248,17111,287
2020-10-14,Tuolumne,109,53932,262,236,5,241,4
2020-10-14,Ventura,111,848112,14421,13697,290,13987,152
2020-10-14,Yolo,113,214977,3093,3007,8,3015,55
2020-10-14,Yuba,115,75493,1188,1147,3,1150,10
2020-10-13,Alameda,001,1643700,22815,22185,203,22388,389
2020-10-13,Alpine,003,1148,3,3,0,3,0
2020-10-13,Amador,005,37829,310,306,0,306,16
2020-10-13,Butte,007,227075,3090,2992,33,3025,54
2020-10-13,Calaveras,009,45235,323,262,0,262,12
2020-10-13,Colusa,011,21464,542,541,1,542,6
2020-10-13,Contra Costa,013,1133247,18316,17783,89,17872,234
2020-10-13,Del Norte,015,27424,168,163,0,163,2
2020-10-13,El Dorado,017,186661,1317,1262,10,1272,4
2020-10-13,Fresno,019,978130,32499,29579,420,29999,424
2020-10-13,Glenn,021,27897,640,629,0,629,3
2020-10-13,Humboldt,023,135768,542,523,1,524,7
2020-10-13,Imperial,025,180216,12433,11727,10,11737,327
2020-10-13,Inyo,027,18085,220,207,4,211,14
2020-10-13,Kern,029,883053,33225,32497,379,32876,419
2020-10-13,Kings,031,150075,8312,8111,45,8156,80
2020-10-13,Lake,033,64148,687,639,0,639,12
2020-10-13,Lassen,035,31185,763,752,2,754,0
2020-10-13,Los Angeles,037,10098052,288180,281716,2403,284119,6767
2020-10-13,Madera,039,155013,4878,4700,33,4733,50
2020-10-13,Marin,041,260295,7014,6900,18,6918,97
2020-10-13,Mariposa,043,17540,77,76,0,76,2
2020-10-13,Mendocino,045,87422,1022,950,4,954,21
2020-10-13,Merced,047,269075,9302,9181,27,9208,146
2020-10-13,Modoc,049,8938,29,28,0,28,0
2020-10-13,Mono,051,14174,174,155,4,159,1
2020-10-13,Monterey,053,433212,10866,10574,46,10620,78
2020-10-13,Napa,055,140530,1903,1825,8,1833,12
2020-10-13,Nevada,057,99092,594,572,18,590,7
2020-10-13,Orange,059,3164182,58413,55515,1626,57141,1326
2020-10-13,Placer,061,380077,3992,3825,15,3840,48
2020-10-13,Plumas,063,18699,52,51,0,51,0
2020-10-13,Riverside,065,2383286,64285,62279,244,62523,1254
2020-10-13,Sacramento,067,1510023,24422,23930,27,23957,466
2020-10-13,San Benito,069,59416,1387,1380,0,1380,14
2020-10-13,San Bernardino,071,2135413,60020,57411,374,57785,1061
2020-10-13,San Diego,073,3302833,53072,51026,1321,52347,840
2020-10-13,San Francisco,075,870044,11877,11659,37,11696,122
2020-10-13,San Joaquin,077,732212,21195,20822,120,20942,481
2020-10-13,San Luis Obispo,079,281455,4168,3892,18,3910,32
2020-10-13,San Mateo,081,765935,10907,10286,11,10297,130
2020-10-13,Santa Barbara,083,443738,9648,9489,83,9572,117
2020-10-13,Santa Clara,085,1922200,24068,22678,50,22728,343
2020-10-13,Santa Cruz,087,273765,2709,2603,32,2635,13
2020-10-13,Shasta,089,179085,1862,1606,18,1624,20
2020-10-13,Sierra,091,2930,6,6,0,6,0
2020-10-13,Siskiyou,093,43540,174,163,10,173,0
2020-10-13,Solano,095,438530,6989,6761,39,6800,55
2020-10-13,Sonoma,097,501317,8870,8456,23,8479,133
2020-10-13,Stanislaus,099,539301,17276,17082,648,17730,362
2020-10-13,Sutter,101,95872,1770,1748,1,1749,12
2020-10-13,Tehama,103,63373,777,717,2,719,3
2020-10-13,Trinity,105,12862,70,19,8,27,0
2020-10-13,Tulare,107,460477,17391,16822,240,17062,286
2020-10-13,Tuolumne,109,53932,260,235,5,240,4
2020-10-13,Ventura,111,848112,14367,13645,286,13931,151
2020-10-13,Yolo,113,214977,3085,2983,7,2990,55
2020-10-13,Yuba,115,75493,1183,1143,3,1146,10
2020-10-12,Alameda,001,1643700,22735,22126,202,22328,389
2020-10-12,Alpine,003,1148,3,3,0,3,0
2020-10-12,Amador,005,37829,309,305,0,305,16
2020-10-12,Butte,007,227075,3083,2975,33,3008,54
2020-10-12,Calaveras,009,45235,323,262,0,262,12
2020-10-12,Colusa,011,21464,542,541,1,542,6
2020-10-12,Contra Costa,013,1133247,18242,17728,89,17817,233
2020-10-12,Del Norte,015,27424,168,161,0,161,2
2020-10-12,El Dorado,017,186661,1314,1254,10,1264,4
2020-10-12,Fresno,019,978130,32366,29523,416,29939,421
2020-10-12,Glenn,021,27897,639,626,0,626,3
2020-10-12,Humboldt,023,135768,539,522,1,523,7
2020-10-12,Imperial,025,180216,12395,11689,10,11699,328
2020-10-12,Inyo,027,18085,217,201,4,205,14
2020-10-12,Kern,029,883053,33132,32425,375,32800,419
2020-10-12,Kings,031,150075,8306,8106,45,8151,80
2020-10-12,Lake,033,64148,681,633,0,633,12
2020-10-12,Lassen,035,31185,763,752,2,754,0
2020-10-12,Los Angeles,037,10098052,286960,280961,2376,283337,6747
2020-10-12,Madera,039,155013,4858,4689,33,4722,50
2020-10-12,Marin,041,260295,6997,6886,18,6904,97
2020-10-12,Mariposa,043,17540,77,76,0,76,2
2020-10-12,Mendocino,045,87422,1016,947,4,951,21
2020-10-12,Merced,047,269075,9281,9141,27,9168,146
2020-10-12,Modoc,049,8938,29,27,0,27,0
2020-10-12,Mono,051,14174,174,154,4,158,1
2020-10-12,Monterey,053,433212,10800,10473,46,10519,77
2020-10-12,Napa,055,140530,1895,1819,8,1827,11
2020-10-12,Nevada,057,99092,590,570,18,588,7
2020-10-12,Orange,059,3164182,58184,55373,1616,56989,1326
2020-10-12,Placer,061,380077,3960,3808,14,3822,48
2020-10-12,Plumas,063,18699,52,51,0,51,0
2020-10-12,Riverside,065,2383286,63974,62279,240,62519,1254
2020-10-12,Sacramento,067,1510023,24317,23807,27,23834,466
2020-10-12,San Benito,069,59416,1384,1376,0,1376,13
2020-10-12,San Bernardino,071,2135413,59644,57235,373,57608,1061
2020-10-12,San Diego,073,3302833,52782,50748,1294,52042,826
2020-10-12,San Francisco,075,870044,11845,11659,37,11696,122
2020-10-12,San Joaquin,077,732212,21132,20701,114,20815,480
2020-10-12,San Luis Obispo,079,281455,4140,3874,18,3892,32
2020-10-12,San Mateo,081,765935,10859,10262,11,10273,130
2020-10-12,Santa Barbara,083,443738,9609,9462,83,9545,117
2020-10-12,Santa Clara,085,1922200,23952,22578,50,22628,343
2020-10-12,Santa Cruz,087,273765,2692,2590,32,2622,13
2020-10-12,Shasta,089,179085,1837,1515,18,1533,20
2020-10-12,Sierra,091,2930,6,6,0,6,0
2020-10-12,Siskiyou,093,43540,173,162,10,172,0
2020-10-12,Solano,095,438530,6950,6742,39,6781,55
2020-10-12,Sonoma,097,501317,8798,8377,23,8400,133
2020-10-12,Stanislaus,099,539301,17227,17051,639,17690,361
2020-10-12,Sutter,101,95872,1762,1741,1,1742,12
2020-10-12,Tehama,103,63373,761,708,2,710,3
2020-10-12,Trinity,105,12862,69,19,8,27,0
2020-10-12,Tulare,107,460477,17340,16742,233,16975,286
2020-10-12,Tuolumne,109,53932,255,234,5,239,4
2020-10-12,Ventura,111,848112,14305,13617,282,13899,151
2020-10-12,Yolo,113,214977,3070,2964,7,2971,55
2020-10-12,Yuba,115,75493,1173,1141,3,1144,10
2020-10-11,Alameda,001,1643700,22645,22057,198,22255,392
2020-10-11,Alpine,003,1148,3,3,0,3,0
2020-10-11,Amador,005,37829,307,305,0,305,16
2020-10-11,Butte,007,227075,3075,2967,32,2999,54
2020-10-11,Calaveras,009,45235,321,262,0,262,12
2020-10-11,Colusa,011,21464,540,541,1,542,6
2020-10-11,Contra Costa,013,1133247,18158,17678,89,17767,233
2020-10-11,Del Norte,015,27424,166,161,0,161,2
2020-10-11,El Dorado,017,186661,1305,1242,10,1252,4
2020-10-11,Fresno,019,978130,32229,29419,408,29827,421
2020-10-11,Glenn,021,27897,637,625,0,625,3
2020-10-11,Humboldt,023,135768,538,521,1,522,7
2020-10-11,Imperial,025,180216,12336,11614,10,11624,328
2020-10-11,Inyo,027,18085,213,201,4,205,14
2020-10-11,Kern,029,883053,33045,32399,367,32766,418
2020-10-11,Kings,031,150075,8289,8094,44,8138,80
2020-10-11,Lake,033,64148,668,631,0,631,12
2020-10-11,Lassen,035,31185,762,752,2,754,0
2020-10-11,Los Angeles,037,10098052,285523,280190,2335,282525,6745
2020-10-11,Madera,039,155013,4830,4680,32,4712,50
2020-10-11,Marin,041,260295,6988,6870,18,6888,97
2020-10-11,Mariposa,043,17540,77,76,0,76,2
2020-10-11,Mendocino,045,87422,1009,944,4,948,21
2020-10-11,Merced,047,269075,9263,9124,27,9151,146
2020-10-11,Modoc,049,8938,29,27,0,27,0
2020-10-11,Mono,051,14174,174,154,4,158,1
2020-10-11,Monterey,053,433212,10749,10445,44,10489,77
2020-10-11,Napa,055,140530,1879,1811,8,1819,11
2020-10-11,Nevada,057,99092,588,569,18,587,7
2020-10-11,Orange,059,3164182,57954,55202,1610,56812,1326
2020-10-11,Placer,061,380077,3939,3787,14,3801,48
2020-10-11,Plumas,063,18699,52,51,0,51,0
2020-10-11,Riverside,065,2383286,63686,62112,236,62348,1254
2020-10-11,Sacramento,067,1510023,24174,23778,27,23805,466
2020-10-11,San Benito,069,59416,1383,1374,0,1374,13
2020-10-11,San Bernardino,071,2135413,59192,56997,371,57368,1061
2020-10-11,San Diego,073,3302833,52432,50553,1272,51825,826
2020-10-11,San Francisco,075,870044,11802,11659,37,11696,122
2020-10-11,San Joaquin,077,732212,21057,20700,104,20804,480
2020-10-11,San Luis Obispo,079,281455,4123,3874,17,3891,32
2020-10-11,San Mateo,081,765935,10827,10240,11,10251,130
2020-10-11,Santa Barbara,083,443738,9578,9440,82,9522,117
2020-10-11,Santa Clara,085,1922200,23812,22487,49,22536,336
2020-10-11,Santa Cruz,087,273765,2678,2578,32,2610,13
2020-10-11,Shasta,089,179085,1807,1515,17,1532,20
2020-10-11,Sierra,091,2930,6,6,0,6,0
2020-10-11,Siskiyou,093,43540,172,162,10,172,0
2020-10-11,Solano,095,438530,6896,6685,39,6724,53
2020-10-11,Sonoma,097,501317,8741,8319,23,8342,133
2020-10-11,Stanislaus,099,539301,17163,17007,623,17630,360
2020-10-11,Sutter,101,95872,1759,1742,1,1743,12
2020-10-11,Tehama,103,63373,737,702,2,704,3
2020-10-11,Trinity,105,12862,69,19,8,27,0
2020-10-11,Tulare,107,460477,17276,16741,225,16966,286
2020-10-11,Tuolumne,109,53932,250,234,5,239,4
2020-10-11,Ventura,111,848112,14244,13604,277,13881,151
2020-10-11,Yolo,113,214977,3040,2952,7,2959,55
2020-10-11,Yuba,115,75493,1162,1137,3,1140,10
2020-10-10,Alameda,001,1643700,22595,21979,197,22176,398
2020-10-10,Alpine,003,1148,3,3,0,3,0
2020-10-10,Amador,005,37829,306,304,0,304,16
2020-10-10,Butte,007,227075,3070,2962,31,2993,54
2020-10-10,Calaveras,009,45235,320,262,0,262,12
2020-10-10,Colusa,011,21464,540,541,1,542,6
2020-10-10,Contra Costa,013,1133247,18122,17566,88,17654,233
2020-10-10,Del Norte,015,27424,166,161,0,161,2
2020-10-10,El Dorado,017,186661,1303,1240,10,1250,4
2020-10-10,Fresno,019,978130,32165,29286,406,29692,421
2020-10-10,Glenn,021,27897,637,623,0,623,3
2020-10-10,Humboldt,023,135768,535,518,1,519,7
2020-10-10,Imperial,025,180216,12321,11591,10,11601,327
2020-10-10,Inyo,027,18085,210,201,4,205,14
2020-10-10,Kern,029,883053,33008,32338,367,32705,418
2020-10-10,Kings,031,150075,8285,8078,44,8122,80
2020-10-10,Lake,033,64148,667,630,0,630,11
2020-10-10,Lassen,035,31185,762,752,2,754,0
2020-10-10,Los Angeles,037,10098052,284805,279213,2301,281514,6743
2020-10-10,Madera,039,155013,4818,4662,32,4694,50
2020-10-10,Marin,041,260295,6979,6852,18,6870,97
2020-10-10,Mariposa,043,17540,77,76,0,76,2
2020-10-10,Mendocino,045,87422,1002,935,4,939,21
2020-10-10,Merced,047,269075,9257,9105,26,9131,146
2020-10-10,Modoc,049,8938,29,27,0,27,0
2020-10-10,Mono,051,14174,174,154,4,158,1
2020-10-10,Monterey,053,433212,10716,10410,44,10454,75
2020-10-10,Napa,055,140530,1872,1804,8,1812,11
2020-10-10,Nevada,057,99092,585,564,18,582,6
2020-10-10,Orange,059,3164182,57833,54965,1605,56570,1324
2020-10-10,Placer,061,380077,3922,3757,14,3771,48
2020-10-10,Plumas,063,18699,52,51,0,51,0
2020-10-10,Riverside,065,2383286,63483,61845,234,62079,1254
2020-10-10,Sacramento,067,1510023,24107,23689,27,23716,466
2020-10-10,San Benito,069,59416,1381,1370,0,1370,13
2020-10-10,San Bernardino,071,2135413,59030,56683,369,57052,1061
2020-10-10,San Diego,073,3302833,52202,50145,1254,51399,825
2020-10-10,San Francisco,075,870044,11781,11663,37,11700,122
2020-10-10,San Joaquin,077,732212,21029,20700,100,20800,481
2020-10-10,San Luis Obispo,079,281455,4103,3832,17,3849,32
2020-10-10,San Mateo,081,765935,10790,10218,11,10229,130
2020-10-10,Santa Barbara,083,443738,9567,9417,82,9499,116
2020-10-10,Santa Clara,085,1922200,23721,22354,49,22403,330
2020-10-10,Santa Cruz,087,273765,2664,2572,32,2604,13
2020-10-10,Shasta,089,179085,1790,1473,17,1490,20
2020-10-10,Sierra,091,2930,6,6,0,6,0
2020-10-10,Siskiyou,093,43540,172,161,10,171,0
2020-10-10,Solano,095,438530,6870,6655,39,6694,53
2020-10-10,Sonoma,097,501317,8721,8235,23,8258,133
2020-10-10,Stanislaus,099,539301,17128,16960,615,17575,360
2020-10-10,Sutter,101,95872,1756,1735,1,1736,12
2020-10-10,Tehama,103,63373,730,693,2,695,3
2020-10-10,Trinity,105,12862,69,19,8,27,0
2020-10-10,Tulare,107,460477,17240,16709,220,16929,286
2020-10-10,Tuolumne,109,53932,250,233,5,238,4
2020-10-10,Ventura,111,848112,14219,13520,277,13797,151
2020-10-10,Yolo,113,214977,3031,2939,7,2946,55
2020-10-10,Yuba,115,75493,1160,1134,3,1137,10
2020-10-09,Alameda,001,1643700,22547,21924,197,22121,399
2020-10-09,Alpine,003,1148,3,3,0,3,0
2020-10-09,Amador,005,37829,306,303,0,303,16
2020-10-09,Butte,007,227075,3067,2956,31,2987,51
2020-10-09,Calaveras,009,45235,318,262,0,262,11
2020-10-09,Colusa,011,21464,540,541,1,542,6
2020-10-09,Contra Costa,013,1133247,18071,17487,88,17575,229
2020-10-09,Del Norte,015,27424,165,161,0,161,2
2020-10-09,El Dorado,017,186661,1299,1234,10,1244,4
2020-10-09,Fresno,019,978130,32092,29208,404,29612,417
2020-10-09,Glenn,021,27897,632,617,0,617,3
2020-10-09,Humboldt,023,135768,533,516,1,517,7
2020-10-09,Imperial,025,180216,12295,11516,10,11526,330
2020-10-09,Inyo,027,18085,207,200,4,204,14
2020-10-09,Kern,029,883053,32964,32237,365,32602,417
2020-10-09,Kings,031,150075,8278,7993,42,8035,80
2020-10-09,Lake,033,64148,657,610,0,610,11
2020-10-09,Lassen,035,31185,762,751,2,753,0
2020-10-09,Los Angeles,037,10098052,283670,278039,2277,280316,6715
2020-10-09,Madera,039,155013,4808,4646,32,4678,50
2020-10-09,Marin,041,260295,6965,6838,18,6856,96
2020-10-09,Mariposa,043,17540,77,76,0,76,2
2020-10-09,Mendocino,045,87422,992,933,4,937,20
2020-10-09,Merced,047,269075,9243,9095,26,9121,145
2020-10-09,Modoc,049,8938,29,27,0,27,0
2020-10-09,Mono,051,14174,174,154,4,158,1
2020-10-09,Monterey,053,433212,10682,10369,44,10413,75
2020-10-09,Napa,055,140530,1862,1795,8,1803,11
2020-10-09,Nevada,057,99092,580,561,18,579,6
2020-10-09,Orange,059,3164182,57662,54746,1600,56346,1305
2020-10-09,Placer,061,380077,3908,3737,13,3750,48
2020-10-09,Plumas,063,18699,52,50,0,50,0
2020-10-09,Riverside,065,2383286,63247,61529,233,61762,1252
2020-10-09,Sacramento,067,1510023,24038,23606,27,23633,457
2020-10-09,San Benito,069,59416,1376,1367,0,1367,13
2020-10-09,San Bernardino,071,2135413,58790,56434,367,56801,1057
2020-10-09,San Diego,073,3302833,51926,49825,1243,51068,821
2020-10-09,San Francisco,075,870044,11751,11620,37,11657,120
2020-10-09,San Joaquin,077,732212,20999,20648,92,20740,481
2020-10-09,San Luis Obispo,079,281455,4084,3810,17,3827,32
2020-10-09,San Mateo,081,765935,10762,10140,11,10151,130
2020-10-09,Santa Barbara,083,443738,9539,9396,82,9478,116
2020-10-09,Santa Clara,085,1922200,23619,22251,48,22299,328
2020-10-09,Santa Cruz,087,273765,2655,2555,32,2587,13
2020-10-09,Shasta,089,179085,1764,1353,16,1369,20
2020-10-09,Sierra,091,2930,6,6,0,6,0
2020-10-09,Siskiyou,093,43540,170,156,10,166,0
2020-10-09,Solano,095,438530,6831,6614,39,6653,53
2020-10-09,Sonoma,097,501317,8667,8133,23,8156,133
2020-10-09,Stanislaus,099,539301,17103,16904,608,17512,362
2020-10-09,Sutter,101,95872,1752,1732,1,1733,12
2020-10-09,Tehama,103,63373,724,682,2,684,3
2020-10-09,Trinity,105,12862,69,25,8,33,0
2020-10-09,Tulare,107,460477,17200,16644,211,16855,286
2020-10-09,Tuolumne,109,53932,247,230,5,235,4
2020-10-09,Ventura,111,848112,14183,13469,274,13743,151
2020-10-09,Yolo,113,214977,3024,2928,7,2935,55
2020-10-09,Yuba,115,75493,1159,1129,3,1132,10
2020-10-08,Alameda,001,1643700,22466,21826,196,22022,395
2020-10-08,Alpine,003,1148,3,3,0,3,0
2020-10-08,Amador,005,37829,305,302,0,302,16
2020-10-08,Butte,007,227075,3057,2935,31,2966,51
2020-10-08,Calaveras,009,45235,317,262,0,262,11
2020-10-08,Colusa,011,21464,540,539,1,540,6
2020-10-08,Contra Costa,013,1133247,18011,17418,87,17505,228
2020-10-08,Del Norte,015,27424,165,151,0,151,2
2020-10-08,El Dorado,017,186661,1298,1230,10,1240,4
2020-10-08,Fresno,019,978130,31987,29111,404,29515,416
2020-10-08,Glenn,021,27897,629,616,0,616,3
2020-10-08,Humboldt,023,135768,529,515,1,516,7
2020-10-08,Imperial,025,180216,12255,11405,10,11415,330
2020-10-08,Inyo,027,18085,204,199,4,203,14
2020-10-08,Kern,029,883053,32906,32169,360,32529,411
2020-10-08,Kings,031,150075,8272,7968,42,8010,80
2020-10-08,Lake,033,64148,652,604,0,604,11
2020-10-08,Lassen,035,31185,757,751,2,753,0
2020-10-08,Los Angeles,037,10098052,282468,276763,2237,279000,6699
2020-10-08,Madera,039,155013,4790,4637,32,4669,50
2020-10-08,Marin,041,260295,6951,6810,18,6828,96
2020-10-08,Mariposa,043,17540,77,76,0,76,2
2020-10-08,Mendocino,045,87422,987,930,4,934,20
2020-10-08,Merced,047,269075,9223,9069,26,9095,144
2020-10-08,Modoc,049,8938,29,27,0,27,0
2020-10-08,Mono,051,14174,174,153,4,157,1
2020-10-08,Monterey,053,433212,10615,10343,44,10387,75
2020-10-08,Napa,055,140530,1847,1779,8,1787,11
2020-10-08,Nevada,057,99092,577,556,18,574,6
2020-10-08,Orange,059,3164182,57469,54523,1589,56112,1293
2020-10-08,Placer,061,380077,3890,3715,13,3728,48
2020-10-08,Plumas,063,18699,52,50,0,50,0
2020-10-08,Riverside,065,2383286,62979,61105,232,61337,1244
2020-10-08,Sacramento,067,1510023,23931,23482,27,23509,454
2020-10-08,San Benito,069,59416,1371,1367,0,1367,13
2020-10-08,San Bernardino,071,2135413,58425,56152,366,56518,1048
2020-10-08,San Diego,073,3302833,51646,49468,1211,50679,819
2020-10-08,San Francisco,075,870044,11713,11608,37,11645,115
2020-10-08,San Joaquin,077,732212,20947,20576,87,20663,478
2020-10-08,San Luis Obispo,079,281455,4068,3785,17,3802,32
2020-10-08,San Mateo,081,765935,10730,10044,11,10055,130
2020-10-08,Santa Barbara,083,443738,9511,9374,82,9456,116
2020-10-08,Santa Clara,085,1922200,23517,22095,48,22143,323
2020-10-08,Santa Cruz,087,273765,2643,2535,32,2567,13
2020-10-08,Shasta,089,179085,1730,1305,16,1321,20
2020-10-08,Sierra,091,2930,6,6,0,6,0
2020-10-08,Siskiyou,093,43540,170,156,10,166,0
2020-10-08,Solano,095,438530,6807,6556,39,6595,53
2020-10-08,Sonoma,097,501317,8601,8063,23,8086,132
2020-10-08,Stanislaus,099,539301,17057,16821,600,17421,360
2020-10-08,Sutter,101,95872,1752,1725,1,1726,12
2020-10-08,Tehama,103,63373,715,676,2,678,3
2020-10-08,Trinity,105,12862,68,25,8,33,0
2020-10-08,Tulare,107,460477,17139,16573,203,16776,283
2020-10-08,Tuolumne,109,53932,246,230,5,235,4
2020-10-08,Ventura,111,848112,14135,13399,272,13671,151
2020-10-08,Yolo,113,214977,3007,2914,7,2921,55
2020-10-08,Yuba,115,75493,1154,1126,3,1129,10
2020-10-07,Alameda,001,1643700,22389,21736,196,21932,395
2020-10-07,Alpine,003,1148,3,3,0,3,0
2020-10-07,Amador,005,37829,305,302,0,302,16
2020-10-07,Butte,007,227075,3045,2927,31,2958,47
2020-10-07,Calaveras,009,45235,315,262,0,262,11
2020-10-07,Colusa,011,21464,539,539,0,539,6
2020-10-07,Contra Costa,013,1133247,17941,17346,86,17432,225
2020-10-07,Del Norte,015,27424,164,149,0,149,2
2020-10-07,El Dorado,017,186661,1290,1219,10,1229,4
2020-10-07,Fresno,019,978130,31866,29069,399,29468,413
2020-10-07,Glenn,021,27897,629,615,0,615,3
2020-10-07,Humboldt,023,135768,526,512,1,513,7
2020-10-07,Imperial,025,180216,12218,11289,9,11298,330
2020-10-07,Inyo,027,18085,204,199,4,203,14
2020-10-07,Kern,029,883053,32833,32068,359,32427,410
2020-10-07,Kings,031,150075,8257,7948,42,7990,80
2020-10-07,Lake,033,64148,651,599,0,599,11
2020-10-07,Lassen,035,31185,757,751,2,753,0
2020-10-07,Los Angeles,037,10098052,281287,275559,2204,277763,6681
2020-10-07,Madera,039,155013,4770,4618,32,4650,50
2020-10-07,Marin,041,260295,6924,6790,18,6808,95
2020-10-07,Mariposa,043,17540,77,75,0,75,2
2020-10-07,Mendocino,045,87422,981,927,4,931,19
2020-10-07,Merced,047,269075,9186,9045,25,9070,144
2020-10-07,Modoc,049,8938,29,27,0,27,0
2020-10-07,Mono,051,14174,173,153,3,156,1
2020-10-07,Monterey,053,433212,10556,10272,44,10316,75
2020-10-07,Napa,055,140530,1834,1774,8,1782,11
2020-10-07,Nevada,057,99092,573,552,18,570,6
2020-10-07,Orange,059,3164182,57252,54332,1578,55910,1277
2020-10-07,Placer,061,380077,3874,3693,13,3706,48
2020-10-07,Plumas,063,18699,52,50,0,50,0
2020-10-07,Riverside,065,2383286,62632,60857,228,61085,1241
2020-10-07,Sacramento,067,1510023,23834,23380,27,23407,452
2020-10-07,San Benito,069,59416,1368,1363,0,1363,13
2020-10-07,San Bernardino,071,2135413,58076,55738,365,56103,1043
2020-10-07,San Diego,073,3302833,51330,49177,1187,50364,813
2020-10-07,San Francisco,075,870044,11678,11551,37,11588,115
2020-10-07,San Joaquin,077,732212,20895,20527,80,20607,478
2020-10-07,San Luis Obispo,079,281455,4038,3749,17,3766,32
2020-10-07,San Mateo,081,765935,10687,9980,11,9991,130
2020-10-07,Santa Barbara,083,443738,9485,9350,81,9431,116
2020-10-07,Santa Clara,085,1922200,23389,21993,48,22041,320
2020-10-07,Santa Cruz,087,273765,2631,2518,32,2550,14
2020-10-07,Shasta,089,179085,1687,1268,16,1284,20
2020-10-07,Sierra,091,2930,6,6,0,6,0
2020-10-07,Siskiyou,093,43540,168,154,10,164,0
2020-10-07,Solano,095,438530,6772,6526,39,6565,53
2020-10-07,Sonoma,097,501317,8526,7993,22,8015,130
2020-10-07,Stanislaus,099,539301,17022,16786,594,17380,357
2020-10-07,Sutter,101,95872,1749,1723,1,1724,12
2020-10-07,Tehama,103,63373,706,666,2,668,3
2020-10-07,Trinity,105,12862,64,25,8,33,0
2020-10-07,Tulare,107,460477,17096,16483,195,16678,282
2020-10-07,Tuolumne,109,53932,246,227,5,232,3
2020-10-07,Ventura,111,848112,14085,13333,266,13599,150
2020-10-07,Yolo,113,214977,2981,2904,7,2911,55
2020-10-07,Yuba,115,75493,1148,1120,3,1123,10
2020-10-06,Alameda,001,1643700,22298,21698,194,21892,385
2020-10-06,Alpine,003,1148,3,3,0,3,0
2020-10-06,Amador,005,37829,303,301,0,301,16
2020-10-06,Butte,007,227075,3038,2925,31,2956,47
2020-10-06,Calaveras,009,45235,315,261,0,261,11
2020-10-06,Colusa,011,21464,538,538,0,538,6
2020-10-06,Contra Costa,013,1133247,17862,17295,86,17381,219
2020-10-06,Del Norte,015,27424,164,144,0,144,2
2020-10-06,El Dorado,017,186661,1286,1211,10,1221,4
2020-10-06,Fresno,019,978130,31723,29022,396,29418,412
2020-10-06,Glenn,021,27897,626,604,0,604,3
2020-10-06,Humboldt,023,135768,523,508,1,509,7
2020-10-06,Imperial,025,180216,12180,11196,9,11205,327
2020-10-06,Inyo,027,18085,202,198,4,202,14
2020-10-06,Kern,029,883053,32757,32006,357,32363,407
2020-10-06,Kings,031,150075,8241,7943,42,7985,81
2020-10-06,Lake,033,64148,645,596,0,596,11
2020-10-06,Lassen,035,31185,757,743,2,745,0
2020-10-06,Los Angeles,037,10098052,280049,274115,2155,276270,6657
2020-10-06,Madera,039,155013,4758,4608,32,4640,50
2020-10-06,Marin,041,260295,6909,6766,18,6784,91
2020-10-06,Mariposa,043,17540,77,75,0,75,2
2020-10-06,Mendocino,045,87422,974,920,4,924,19
2020-10-06,Merced,047,269075,9150,9034,24,9058,143
2020-10-06,Modoc,049,8938,29,26,0,26,0
2020-10-06,Mono,051,14174,173,153,3,156,1
2020-10-06,Monterey,053,433212,10501,10235,42,10277,72
2020-10-06,Napa,055,140530,1828,1770,8,1778,11
2020-10-06,Nevada,057,99092,570,551,18,569,6
2020-10-06,Orange,059,3164182,57036,54203,1569,55772,1273
2020-10-06,Placer,061,380077,3852,3680,13,3693,48
2020-10-06,Plumas,063,18699,52,49,0,49,0
2020-10-06,Riverside,065,2383286,62367,60593,226,60819,1238
2020-10-06,Sacramento,067,1510023,23748,23322,27,23349,442
2020-10-06,San Benito,069,59416,1367,1358,0,1358,12
2020-10-06,San Bernardino,071,2135413,57762,55416,360,55776,1040
2020-10-06,San Diego,073,3302833,50993,48823,1170,49993,806
2020-10-06,San Francisco,075,870044,11652,11513,36,11549,115
2020-10-06,San Joaquin,077,732212,20855,20481,77,20558,477
2020-10-06,San Luis Obispo,079,281455,4004,3723,17,3740,32
2020-10-06,San Mateo,081,765935,10655,9934,11,9945,129
2020-10-06,Santa Barbara,083,443738,9456,9331,80,9411,116
2020-10-06,Santa Clara,085,1922200,23294,21914,48,21962,320
2020-10-06,Santa Cruz,087,273765,2609,2510,32,2542,12
2020-10-06,Shasta,089,179085,1647,1242,16,1258,18
2020-10-06,Sierra,091,2930,6,6,0,6,0
2020-10-06,Siskiyou,093,43540,168,154,10,164,0
2020-10-06,Solano,095,438530,6726,6506,39,6545,52
2020-10-06,Sonoma,097,501317,8433,7895,22,7917,130
2020-10-06,Stanislaus,099,539301,16977,16759,588,17347,354
2020-10-06,Sutter,101,95872,1747,1722,1,1723,12
2020-10-06,Tehama,103,63373,696,660,2,662,3
2020-10-06,Trinity,105,12862,64,25,8,33,0
2020-10-06,Tulare,107,460477,17054,16456,187,16643,280
2020-10-06,Tuolumne,109,53932,245,227,5,232,2
2020-10-06,Ventura,111,848112,14018,13242,261,13503,150
2020-10-06,Yolo,113,214977,2967,2899,7,2906,56
2020-10-06,Yuba,115,75493,1147,1114,3,1117,10
2020-10-05,Alameda,001,1643700,22210,21637,191,21828,383
2020-10-05,Alpine,003,1148,3,2,0,2,0
2020-10-05,Amador,005,37829,303,299,0,299,16
2020-10-05,Butte,007,227075,3028,2910,31,2941,46
2020-10-05,Calaveras,009,45235,315,259,0,259,11
2020-10-05,Colusa,011,21464,538,537,0,537,6
2020-10-05,Contra Costa,013,1133247,17785,17250,86,17336,216
2020-10-05,Del Norte,015,27424,161,142,0,142,2
2020-10-05,El Dorado,017,186661,1282,1202,9,1211,4
2020-10-05,Fresno,019,978130,31606,29136,396,29532,408
2020-10-05,Glenn,021,27897,624,603,0,603,3
2020-10-05,Humboldt,023,135768,522,506,1,507,6
2020-10-05,Imperial,025,180216,12139,11169,9,11178,327
2020-10-05,Inyo,027,18085,202,197,4,201,14
2020-10-05,Kern,029,883053,32678,31933,353,32286,404
2020-10-05,Kings,031,150075,8144,7932,42,7974,80
2020-10-05,Lake,033,64148,641,592,0,592,10
2020-10-05,Lassen,035,31185,756,743,2,745,0
2020-10-05,Los Angeles,037,10098052,278955,273200,2116,275316,6632
2020-10-05,Madera,039,155013,4750,4598,30,4628,50
2020-10-05,Marin,041,260295,6892,6751,18,6769,91
2020-10-05,Mariposa,043,17540,77,75,0,75,2
2020-10-05,Mendocino,045,87422,966,913,4,917,19
2020-10-05,Merced,047,269075,9131,9021,23,9044,143
2020-10-05,Modoc,049,8938,29,26,0,26,0
2020-10-05,Mono,051,14174,173,152,3,155,1
2020-10-05,Monterey,053,433212,10454,10187,42,10229,72
2020-10-05,Napa,055,140530,1817,1760,8,1768,11
2020-10-05,Nevada,057,99092,567,550,17,567,6
2020-10-05,Orange,059,3164182,56820,54103,1556,55659,1271
2020-10-05,Placer,061,380077,3826,3670,13,3683,46
2020-10-05,Plumas,063,18699,51,49,0,49,0
2020-10-05,Riverside,065,2383286,62047,60454,222,60676,1232
2020-10-05,Sacramento,067,1510023,23644,23207,27,23234,438
2020-10-05,San Benito,069,59416,1364,1356,0,1356,12
2020-10-05,San Bernardino,071,2135413,57455,55100,359,55459,1031
2020-10-05,San Diego,073,3302833,50657,48662,1146,49808,803
2020-10-05,San Francisco,075,870044,11613,11476,34,11510,110
2020-10-05,San Joaquin,077,732212,20785,20319,74,20393,476
2020-10-05,San Luis Obispo,079,281455,3977,3710,17,3727,32
2020-10-05,San Mateo,081,765935,10628,9896,11,9907,128
2020-10-05,Santa Barbara,083,443738,9434,9309,80,9389,116
2020-10-05,Santa Clara,085,1922200,23177,21861,48,21909,319
2020-10-05,Santa Cruz,087,273765,2597,2492,32,2524,9
2020-10-05,Shasta,089,179085,1615,1158,16,1174,18
2020-10-05,Sierra,091,2930,6,6,0,6,0
2020-10-05,Siskiyou,093,43540,168,153,10,163,0
2020-10-05,Solano,095,438530,6688,6475,39,6514,52
2020-10-05,Sonoma,097,501317,8341,7817,22,7839,130
2020-10-05,Stanislaus,099,539301,16941,16730,581,17311,351
2020-10-05,Sutter,101,95872,1739,1719,1,1720,12
2020-10-05,Tehama,103,63373,688,642,2,644,3
2020-10-05,Trinity,105,12862,62,22,8,30,0
2020-10-05,Tulare,107,460477,16995,16343,182,16525,278
2020-10-05,Tuolumne,109,53932,242,226,5,231,2
2020-10-05,Ventura,111,848112,13949,13224,242,13466,149
2020-10-05,Yolo,113,214977,2948,2889,7,2896,56
2020-10-05,Yuba,115,75493,1134,1108,3,1111,9
2020-10-04,Alameda,001,1643700,22114,21597,191,21788,383
2020-10-04,Alpine,003,1148,3,2,0,2,0
2020-10-04,Amador,005,37829,302,297,0,297,16
2020-10-04,Butte,007,227075,3014,2903,31,2934,46
2020-10-04,Calaveras,009,45235,315,259,0,259,11
2020-10-04,Colusa,011,21464,537,537,0,537,6
2020-10-04,Contra Costa,013,1133247,17721,17192,86,17278,214
2020-10-04,Del Norte,015,27424,157,142,0,142,2
2020-10-04,El Dorado,017,186661,1278,1196,9,1205,4
2020-10-04,Fresno,019,978130,31483,29065,396,29461,408
2020-10-04,Glenn,021,27897,622,601,0,601,3
2020-10-04,Humboldt,023,135768,521,506,1,507,6
2020-10-04,Imperial,025,180216,12100,11127,9,11136,327
2020-10-04,Inyo,027,18085,199,195,4,199,14
2020-10-04,Kern,029,883053,32603,31906,350,32256,404
2020-10-04,Kings,031,150075,8129,7919,42,7961,80
2020-10-04,Lake,033,64148,627,589,0,589,10
2020-10-04,Lassen,035,31185,756,743,2,745,0
2020-10-04,Los Angeles,037,10098052,277569,272822,2068,274890,6625
2020-10-04,Madera,039,155013,4734,4587,30,4617,50
2020-10-04,Marin,041,260295,6872,6741,18,6759,91
2020-10-04,Mariposa,043,17540,77,75,0,75,2
2020-10-04,Mendocino,045,87422,953,905,4,909,18
2020-10-04,Merced,047,269075,9106,9006,23,9029,140
2020-10-04,Modoc,049,8938,29,26,0,26,0
2020-10-04,Mono,051,14174,172,152,2,154,1
2020-10-04,Monterey,053,433212,10413,10141,41,10182,72
2020-10-04,Napa,055,140530,1805,1759,8,1767,11
2020-10-04,Nevada,057,99092,563,547,16,563,6
2020-10-04,Orange,059,3164182,56584,53966,1547,55513,1270
2020-10-04,Placer,061,380077,3805,3664,13,3677,46
2020-10-04,Plumas,063,18699,51,49,0,49,0
2020-10-04,Riverside,065,2383286,61761,60251,218,60469,1226
2020-10-04,Sacramento,067,1510023,23528,23162,27,23189,438
2020-10-04,San Benito,069,59416,1364,1355,0,1355,12
2020-10-04,San Bernardino,071,2135413,57006,55100,357,55457,1031
2020-10-04,San Diego,073,3302833,50290,48438,1121,49559,803
2020-10-04,San Francisco,075,870044,11581,11474,32,11506,110
2020-10-04,San Joaquin,077,732212,20708,20320,68,20388,476
2020-10-04,San Luis Obispo,079,281455,3952,3688,17,3705,31
2020-10-04,San Mateo,081,765935,10568,9858,11,9869,128
2020-10-04,Santa Barbara,083,443738,9408,9276,78,9354,116
2020-10-04,Santa Clara,085,1922200,23040,21780,48,21828,316
2020-10-04,Santa Cruz,087,273765,2581,2483,32,2515,9
2020-10-04,Shasta,089,179085,1517,1158,15,1173,18
2020-10-04,Sierra,091,2930,6,6,0,6,0
2020-10-04,Siskiyou,093,43540,168,153,10,163,0
2020-10-04,Solano,095,438530,6637,6445,39,6484,52
2020-10-04,Sonoma,097,501317,8253,7794,22,7816,129
2020-10-04,Stanislaus,099,539301,16891,16711,572,17283,351
2020-10-04,Sutter,101,95872,1736,1711,1,1712,11
2020-10-04,Tehama,103,63373,673,637,2,639,3
2020-10-04,Trinity,105,12862,61,21,8,29,0
2020-10-04,Tulare,107,460477,16918,16343,171,16514,278
2020-10-04,Tuolumne,109,53932,240,226,5,231,2
2020-10-04,Ventura,111,848112,13867,13197,225,13422,149
2020-10-04,Yolo,113,214977,2937,2875,7,2882,56
2020-10-04,Yuba,115,75493,1130,1103,3,1106,9
2020-10-03,Alameda,001,1643700,22068,21510,190,21700,386
2020-10-03,Alpine,003,1148,3,2,0,2,0
2020-10-03,Amador,005,37829,301,296,0,296,16
2020-10-03,Butte,007,227075,3008,2894,31,2925,46
2020-10-03,Calaveras,009,45235,315,259,0,259,11
2020-10-03,Colusa,011,21464,536,537,0,537,6
2020-10-03,Contra Costa,013,1133247,17671,17087,84,17171,213
2020-10-03,Del Norte,015,27424,153,142,0,142,2
2020-10-03,El Dorado,017,186661,1271,1188,9,1197,4
2020-10-03,Fresno,019,978130,31423,28975,395,29370,408
2020-10-03,Glenn,021,27897,620,601,0,601,3
2020-10-03,Humboldt,023,135768,520,504,1,505,6
2020-10-03,Imperial,025,180216,12077,11090,9,11099,327
2020-10-03,Inyo,027,18085,199,194,4,198,14
2020-10-03,Kern,029,883053,32553,31864,346,32210,403
2020-10-03,Kings,031,150075,8125,7887,42,7929,80
2020-10-03,Lake,033,64148,617,588,0,588,10
2020-10-03,Lassen,035,31185,756,743,2,745,0
2020-10-03,Los Angeles,037,10098052,276862,271869,2039,273908,6620
2020-10-03,Madera,039,155013,4717,4565,30,4595,50
2020-10-03,Marin,041,260295,6866,6728,18,6746,91
2020-10-03,Mariposa,043,17540,77,75,0,75,2
2020-10-03,Mendocino,045,87422,951,898,4,902,18
2020-10-03,Merced,047,269075,9093,8986,23,9009,139
2020-10-03,Modoc,049,8938,29,26,0,26,0
2020-10-03,Mono,051,14174,171,152,2,154,1
2020-10-03,Monterey,053,433212,10379,10092,38,10130,72
2020-10-03,Napa,055,140530,1801,1752,8,1760,11
2020-10-03,Nevada,057,99092,562,544,16,560,6
2020-10-03,Orange,059,3164182,56467,53573,1542,55115,1268
2020-10-03,Placer,061,380077,3794,3648,13,3661,47
2020-10-03,Plumas,063,18699,51,48,0,48,0
2020-10-03,Riverside,065,2383286,61609,59991,216,60207,1226
2020-10-03,Sacramento,067,1510023,23477,23076,27,23103,437
2020-10-03,San Benito,069,59416,1364,1351,0,1351,12
2020-10-03,San Bernardino,071,2135413,56833,55004,354,55358,1031
2020-10-03,San Diego,073,3302833,50059,48202,1104,49306,798
2020-10-03,San Francisco,075,870044,11556,11475,30,11505,110
2020-10-03,San Joaquin,077,732212,20682,20322,68,20390,476
2020-10-03,San Luis Obispo,079,281455,3928,3670,17,3687,31
2020-10-03,San Mateo,081,765935,10541,9822,10,9832,128
2020-10-03,Santa Barbara,083,443738,9395,9256,78,9334,116
2020-10-03,Santa Clara,085,1922200,22960,21672,48,21720,309
2020-10-03,Santa Cruz,087,273765,2573,2476,32,2508,9
2020-10-03,Shasta,089,179085,1489,1117,14,1131,18
2020-10-03,Sierra,091,2930,6,6,0,6,0
2020-10-03,Siskiyou,093,43540,168,152,10,162,0
2020-10-03,Solano,095,438530,6611,6419,39,6458,52
2020-10-03,Sonoma,097,501317,8211,7747,22,7769,129
2020-10-03,Stanislaus,099,539301,16858,16645,568,17213,351
2020-10-03,Sutter,101,95872,1732,1705,1,1706,11
2020-10-03,Tehama,103,63373,667,630,2,632,3
2020-10-03,Trinity,105,12862,61,15,8,23,0
2020-10-03,Tulare,107,460477,16874,16322,167,16489,278
2020-10-03,Tuolumne,109,53932,239,224,5,229,2
2020-10-03,Ventura,111,848112,13829,13150,221,13371,148
2020-10-03,Yolo,113,214977,2930,2863,7,2870,56
2020-10-03,Yuba,115,75493,1122,1097,3,1100,8
2020-10-02,Alameda,001,1643700,22013,21404,189,21593,382
2020-10-02,Alpine,003,1148,3,2,0,2,0
2020-10-02,Amador,005,37829,300,296,0,296,16
2020-10-02,Butte,007,227075,2998,2879,31,2910,46
2020-10-02,Calaveras,009,45235,314,259,0,259,11
2020-10-02,Colusa,011,21464,535,537,0,537,6
2020-10-02,Contra Costa,013,1133247,17628,17002,83,17085,213
2020-10-02,Del Norte,015,27424,152,141,0,141,2
2020-10-02,El Dorado,017,186661,1264,1168,9,1177,4
2020-10-02,Fresno,019,978130,31340,28855,395,29250,403
2020-10-02,Glenn,021,27897,615,594,0,594,3
2020-10-02,Humboldt,023,135768,519,503,1,504,6
2020-10-02,Imperial,025,180216,12055,11024,9,11033,327
2020-10-02,Inyo,027,18085,197,191,4,195,14
2020-10-02,Kern,029,883053,32501,31790,339,32129,399
2020-10-02,Kings,031,150075,8116,7716,42,7758,79
2020-10-02,Lake,033,64148,611,579,0,579,10
2020-10-02,Lassen,035,31185,756,742,2,744,0
2020-10-02,Los Angeles,037,10098052,275961,270935,2013,272948,6602
2020-10-02,Madera,039,155013,4709,4537,30,4567,49
2020-10-02,Marin,041,260295,6849,6717,18,6735,91
2020-10-02,Mariposa,043,17540,77,75,0,75,2
2020-10-02,Mendocino,045,87422,946,883,4,887,18
2020-10-02,Merced,047,269075,9083,8961,23,8984,139
2020-10-02,Modoc,049,8938,29,26,0,26,0
2020-10-02,Mono,051,14174,171,150,2,152,1
2020-10-02,Monterey,053,433212,10345,9997,38,10035,71
2020-10-02,Napa,055,140530,1795,1737,8,1745,11
2020-10-02,Nevada,057,99092,559,543,16,559,6
2020-10-02,Orange,059,3164182,56336,53299,1535,54834,1262
2020-10-02,Placer,061,380077,3774,3612,13,3625,46
2020-10-02,Plumas,063,18699,51,48,0,48,0
2020-10-02,Riverside,065,2383286,61388,59673,213,59886,1223
2020-10-02,Sacramento,067,1510023,23412,22818,27,22845,436
2020-10-02,San Benito,069,59416,1360,1347,0,1347,12
2020-10-02,San Bernardino,071,2135413,56646,54613,354,54967,1028
2020-10-02,San Diego,073,3302833,49807,47793,1088,48881,794
2020-10-02,San Francisco,075,870044,11533,11398,30,11428,110
2020-10-02,San Joaquin,077,732212,20648,20235,67,20302,474
2020-10-02,San Luis Obispo,079,281455,3905,3654,17,3671,31
2020-10-02,San Mateo,081,765935,10500,9745,10,9755,128
2020-10-02,Santa Barbara,083,443738,9372,9234,78,9312,116
2020-10-02,Santa Clara,085,1922200,22874,21545,47,21592,305
2020-10-02,Santa Cruz,087,273765,2556,2463,32,2495,9
2020-10-02,Shasta,089,179085,1454,1046,14,1060,18
2020-10-02,Sierra,091,2930,6,6,0,6,0
2020-10-02,Siskiyou,093,43540,168,151,10,161,0
2020-10-02,Solano,095,438530,6581,6385,39,6424,52
2020-10-02,Sonoma,097,501317,8154,7662,22,7684,125
2020-10-02,Stanislaus,099,539301,16817,16609,559,17168,349
2020-10-02,Sutter,101,95872,1731,1693,1,1694,11
2020-10-02,Tehama,103,63373,662,619,2,621,3
2020-10-02,Trinity,105,12862,61,15,8,23,0
2020-10-02,Tulare,107,460477,16833,16245,160,16405,278
2020-10-02,Tuolumne,109,53932,237,225,5,230,2
2020-10-02,Ventura,111,848112,13790,13120,216,13336,146
2020-10-02,Yolo,113,214977,2925,2845,7,2852,55
2020-10-02,Yuba,115,75493,1120,1090,3,1093,8
2020-10-01,Alameda,001,1643700,21952,21349,185,21534,383
2020-10-01,Alpine,003,1148,3,2,0,2,0
2020-10-01,Amador,005,37829,300,294,0,294,16
2020-10-01,Butte,007,227075,2990,2865,31,2896,45
2020-10-01,Calaveras,009,45235,314,257,0,257,11
2020-10-01,Colusa,011,21464,535,536,0,536,6
2020-10-01,Contra Costa,013,1133247,17565,16898,83,16981,211
2020-10-01,Del Norte,015,27424,147,140,0,140,2
2020-10-01,El Dorado,017,186661,1260,1162,8,1170,4
2020-10-01,Fresno,019,978130,31260,28796,393,29189,397
2020-10-01,Glenn,021,27897,611,593,0,593,3
2020-10-01,Humboldt,023,135768,519,499,1,500,6
2020-10-01,Imperial,025,180216,12013,10928,9,10937,325
2020-10-01,Inyo,027,18085,197,191,4,195,14
2020-10-01,Kern,029,883053,32438,31678,334,32012,399
2020-10-01,Kings,031,150075,8105,7688,39,7727,79
2020-10-01,Lake,033,64148,605,572,0,572,11
2020-10-01,Lassen,035,31185,753,742,2,744,0
2020-10-01,Los Angeles,037,10098052,274915,271513,1980,273493,6621
2020-10-01,Madera,039,155013,4686,4508,30,4538,48
2020-10-01,Marin,041,260295,6835,6710,18,6728,92
2020-10-01,Mariposa,043,17540,77,76,0,76,2
2020-10-01,Mendocino,045,87422,941,874,4,878,19
2020-10-01,Merced,047,269075,9055,8942,23,8965,138
2020-10-01,Modoc,049,8938,29,26,0,26,0
2020-10-01,Mono,051,14174,169,150,2,152,1
2020-10-01,Monterey,053,433212,10269,9958,38,9996,71
2020-10-01,Napa,055,140530,1787,1729,8,1737,11
2020-10-01,Nevada,057,99092,558,543,16,559,6
2020-10-01,Orange,059,3164182,56171,53088,1522,54610,1257
2020-10-01,Placer,061,380077,3747,3599,13,3612,45
2020-10-01,Plumas,063,18699,51,48,0,48,0
2020-10-01,Riverside,065,2383286,61136,59293,207,59500,1223
2020-10-01,Sacramento,067,1510023,23300,22714,26,22740,433
2020-10-01,San Benito,069,59416,1358,1346,0,1346,12
2020-10-01,San Bernardino,071,2135413,56352,54350,351,54701,1021
2020-10-01,San Diego,073,3302833,49525,47487,1068,48555,792
2020-10-01,San Francisco,075,870044,11502,11284,28,11312,110
2020-10-01,San Joaquin,077,732212,20602,20204,64,20268,471
2020-10-01,San Luis Obispo,079,281455,3878,3625,17,3642,31
2020-10-01,San Mateo,081,765935,10455,9681,10,9691,128
2020-10-01,Santa Barbara,083,443738,9332,9215,78,9293,118
2020-10-01,Santa Clara,085,1922200,22773,21398,47,21445,305
2020-10-01,Santa Cruz,087,273765,2541,2418,32,2450,10
2020-10-01,Shasta,089,179085,1403,991,14,1005,18
2020-10-01,Sierra,091,2930,6,6,0,6,0
2020-10-01,Siskiyou,093,43540,165,150,10,160,0
2020-10-01,Solano,095,438530,6543,6352,39,6391,52
2020-10-01,Sonoma,097,501317,8087,7569,22,7591,125
2020-10-01,Stanislaus,099,539301,16784,16555,553,17108,346
2020-10-01,Sutter,101,95872,1726,1684,1,1685,11
2020-10-01,Tehama,103,63373,652,606,2,608,3
2020-10-01,Trinity,105,12862,61,15,8,23,0
2020-10-01,Tulare,107,460477,16758,16182,157,16339,275
2020-10-01,Tuolumne,109,53932,237,223,5,228,2
2020-10-01,Ventura,111,848112,13738,13057,203,13260,146
2020-10-01,Yolo,113,214977,2907,2833,7,2840,55
2020-10-01,Yuba,115,75493,1116,1082,3,1085,8
2020-09-30,Alameda,001,1643700,21874,21271,182,21453,380
2020-09-30,Alpine,003,1148,3,2,0,2,0
2020-09-30,Amador,005,37829,300,294,0,294,16
2020-09-30,Butte,007,227075,2982,2858,31,2889,44
2020-09-30,Calaveras,009,45235,313,258,0,258,11
2020-09-30,Colusa,011,21464,534,534,0,534,6
2020-09-30,Contra Costa,013,1133247,17497,16819,83,16902,211
2020-09-30,Del Norte,015,27424,146,140,0,140,2
2020-09-30,El Dorado,017,186661,1248,1157,8,1165,4
2020-09-30,Fresno,019,978130,31169,28706,390,29096,395
2020-09-30,Glenn,021,27897,606,592,0,592,3
2020-09-30,Humboldt,023,135768,517,497,1,498,6
2020-09-30,Imperial,025,180216,11988,10868,9,10877,287
2020-09-30,Inyo,027,18085,196,189,4,193,14
2020-09-30,Kern,029,883053,32362,31601,333,31934,398
2020-09-30,Kings,031,150075,8077,7685,39,7724,79
2020-09-30,Lake,033,64148,599,567,0,567,10
2020-09-30,Lassen,035,31185,750,742,2,744,0
2020-09-30,Los Angeles,037,10098052,273692,270260,1947,272207,6568
2020-09-30,Madera,039,155013,4677,4477,30,4507,47
2020-09-30,Marin,041,260295,6811,6700,17,6717,91
2020-09-30,Mariposa,043,17540,77,76,0,76,2
2020-09-30,Mendocino,045,87422,935,867,4,871,17
2020-09-30,Merced,047,269075,9035,8926,23,8949,136
2020-09-30,Modoc,049,8938,29,26,0,26,0
2020-09-30,Mono,051,14174,169,150,2,152,1
2020-09-30,Monterey,053,433212,10219,9898,37,9935,70
2020-09-30,Napa,055,140530,1773,1728,8,1736,11
2020-09-30,Nevada,057,99092,556,540,16,556,6
2020-09-30,Orange,059,3164182,55980,52916,1507,54423,1251
2020-09-30,Placer,061,380077,3726,3585,13,3598,43
2020-09-30,Plumas,063,18699,51,48,0,48,0
2020-09-30,Riverside,065,2383286,60781,59074,203,59277,1220
2020-09-30,Sacramento,067,1510023,23196,22613,26,22639,429
2020-09-30,San Benito,069,59416,1355,1342,0,1342,12
2020-09-30,San Bernardino,071,2135413,56075,53988,350,54338,1018
2020-09-30,San Diego,073,3302833,49221,47182,1047,48229,783
2020-09-30,San Francisco,075,870044,11472,11247,28,11275,106
2020-09-30,San Joaquin,077,732212,20520,20150,62,20212,461
2020-09-30,San Luis Obispo,079,281455,3853,3597,17,3614,31
2020-09-30,San Mateo,081,765935,10413,9634,10,9644,128
2020-09-30,Santa Barbara,083,443738,9306,9186,78,9264,115
2020-09-30,Santa Clara,085,1922200,22668,21318,47,21365,302
2020-09-30,Santa Cruz,087,273765,2528,2405,32,2437,10
2020-09-30,Shasta,089,179085,1347,976,13,989,17
2020-09-30,Sierra,091,2930,6,6,0,6,0
2020-09-30,Siskiyou,093,43540,163,150,10,160,0
2020-09-30,Solano,095,438530,6501,6315,39,6354,51
2020-09-30,Sonoma,097,501317,7998,7494,22,7516,125
2020-09-30,Stanislaus,099,539301,16737,16531,547,17078,343
2020-09-30,Sutter,101,95872,1710,1680,1,1681,10
2020-09-30,Tehama,103,63373,646,594,2,596,3
2020-09-30,Trinity,105,12862,58,15,8,23,0
2020-09-30,Tulare,107,460477,16691,16117,150,16267,274
2020-09-30,Tuolumne,109,53932,235,224,5,229,2
2020-09-30,Ventura,111,848112,13703,12968,187,13155,145
2020-09-30,Yolo,113,214977,2894,2822,7,2829,55
2020-09-30,Yuba,115,75493,1113,1075,3,1078,8
2020-09-29,Alameda,001,1643700,21799,21241,179,21420,374
2020-09-29,Alpine,003,1148,3,2,0,2,0
2020-09-29,Amador,005,37829,298,294,0,294,16
2020-09-29,Butte,007,227075,2968,2848,31,2879,44
2020-09-29,Calaveras,009,45235,311,261,0,261,11
2020-09-29,Colusa,011,21464,534,534,0,534,6
2020-09-29,Contra Costa,013,1133247,17441,16716,81,16797,209
2020-09-29,Del Norte,015,27424,142,142,0,142,2
2020-09-29,El Dorado,017,186661,1239,1151,8,1159,4
2020-09-29,Fresno,019,978130,31073,28621,389,29010,394
2020-09-29,Glenn,021,27897,602,589,0,589,3
2020-09-29,Humboldt,023,135768,515,497,1,498,6
2020-09-29,Imperial,025,180216,11953,10811,9,10820,283
2020-09-29,Inyo,027,18085,195,188,4,192,14
2020-09-29,Kern,029,883053,32306,31534,332,31866,397
2020-09-29,Kings,031,150075,8021,7681,39,7720,78
2020-09-29,Lake,033,64148,597,566,0,566,11
2020-09-29,Lassen,035,31185,750,741,2,743,0
2020-09-29,Los Angeles,037,10098052,272477,269246,1919,271165,6545
2020-09-29,Madera,039,155013,4654,4453,30,4483,47
2020-09-29,Marin,041,260295,6790,6692,17,6709,91
2020-09-29,Mariposa,043,17540,77,74,0,74,2
2020-09-29,Mendocino,045,87422,925,854,4,858,17
2020-09-29,Merced,047,269075,9022,8892,21,8913,136
2020-09-29,Modoc,049,8938,29,26,0,26,0
2020-09-29,Mono,051,14174,169,149,2,151,1
2020-09-29,Monterey,053,433212,10164,9826,35,9861,70
2020-09-29,Napa,055,140530,1770,1727,8,1735,11
2020-09-29,Nevada,057,99092,551,539,16,555,6
2020-09-29,Orange,059,3164182,55793,52755,1496,54251,1231
2020-09-29,Placer,061,380077,3704,3570,13,3583,42
2020-09-29,Plumas,063,18699,51,48,0,48,0
2020-09-29,Riverside,065,2383286,60451,58863,196,59059,1208
2020-09-29,Sacramento,067,1510023,23075,22547,26,22573,425
2020-09-29,San Benito,069,59416,1350,1341,0,1341,12
2020-09-29,San Bernardino,071,2135413,55765,53753,349,54102,1012
2020-09-29,San Diego,073,3302833,48944,46987,1024,48011,781
2020-09-29,San Francisco,075,870044,11436,11142,28,11170,104
2020-09-29,San Joaquin,077,732212,20453,20094,60,20154,454
2020-09-29,San Luis Obispo,079,281455,3831,3581,17,3598,31
2020-09-29,San Mateo,081,765935,10366,9619,10,9629,127
2020-09-29,Santa Barbara,083,443738,9286,9149,77,9226,114
2020-09-29,Santa Clara,085,1922200,22532,21233,46,21279,302
2020-09-29,Santa Cruz,087,273765,2513,2383,31,2414,10
2020-09-29,Shasta,089,179085,1286,943,13,956,17
2020-09-29,Sierra,091,2930,6,6,0,6,0
2020-09-29,Siskiyou,093,43540,157,150,10,160,0
2020-09-29,Solano,095,438530,6467,6303,39,6342,51
2020-09-29,Sonoma,097,501317,7926,7426,22,7448,125
2020-09-29,Stanislaus,099,539301,16707,16505,541,17046,341
2020-09-29,Sutter,101,95872,1704,1677,1,1678,10
2020-09-29,Tehama,103,63373,628,585,2,587,2
2020-09-29,Trinity,105,12862,56,16,8,24,0
2020-09-29,Tulare,107,460477,16626,16055,143,16198,270
2020-09-29,Tuolumne,109,53932,235,224,5,229,2
2020-09-29,Ventura,111,848112,13646,12875,184,13059,145
2020-09-29,Yolo,113,214977,2881,2818,7,2825,55
2020-09-29,Yuba,115,75493,1111,1071,3,1074,8
2020-09-28,Alameda,001,1643700,21712,21133,179,21312,370
2020-09-28,Alpine,003,1148,3,2,0,2,0
2020-09-28,Amador,005,37829,296,294,0,294,16
2020-09-28,Butte,007,227075,2953,2837,31,2868,44
2020-09-28,Calaveras,009,45235,311,257,0,257,11
2020-09-28,Colusa,011,21464,533,531,0,531,6
2020-09-28,Contra Costa,013,1133247,17378,16653,81,16734,195
2020-09-28,Del Norte,015,27424,142,138,0,138,2
2020-09-28,El Dorado,017,186661,1232,1144,8,1152,4
2020-09-28,Fresno,019,978130,30992,28517,383,28900,389
2020-09-28,Glenn,021,27897,600,585,0,585,3
2020-09-28,Humboldt,023,135768,509,495,1,496,6
2020-09-28,Imperial,025,180216,11918,10777,9,10786,283
2020-09-28,Inyo,027,18085,194,188,4,192,14
2020-09-28,Kern,029,883053,32241,31481,328,31809,395
2020-09-28,Kings,031,150075,7880,7661,37,7698,78
2020-09-28,Lake,033,64148,593,559,0,559,10
2020-09-28,Lassen,035,31185,749,737,2,739,0
2020-09-28,Los Angeles,037,10098052,271370,268404,1889,270293,6508
2020-09-28,Madera,039,155013,4633,4438,30,4468,47
2020-09-28,Marin,041,260295,6774,6676,17,6693,91
2020-09-28,Mariposa,043,17540,77,74,0,74,2
2020-09-28,Mendocino,045,87422,910,850,4,854,17
2020-09-28,Merced,047,269075,8994,8869,21,8890,136
2020-09-28,Modoc,049,8938,29,26,0,26,0
2020-09-28,Mono,051,14174,169,148,2,150,1
2020-09-28,Monterey,053,433212,10099,9780,33,9813,69
2020-09-28,Napa,055,140530,1758,1705,8,1713,11
2020-09-28,Nevada,057,99092,543,538,16,554,6
2020-09-28,Orange,059,3164182,55587,52633,1487,54120,1196
2020-09-28,Placer,061,380077,3683,3572,13,3585,42
2020-09-28,Plumas,063,18699,50,48,0,48,0
2020-09-28,Riverside,065,2383286,60153,58570,187,58757,1198
2020-09-28,Sacramento,067,1510023,22928,22392,26,22418,423
2020-09-28,San Benito,069,59416,1347,1336,0,1336,11
2020-09-28,San Bernardino,071,2135413,55417,53501,349,53850,988
2020-09-28,San Diego,073,3302833,48626,46736,1004,47740,776
2020-09-28,San Francisco,075,870044,11402,11114,28,11142,100
2020-09-28,San Joaquin,077,732212,20405,19982,59,20041,448
2020-09-28,San Luis Obispo,079,281455,3810,3567,17,3584,31
2020-09-28,San Mateo,081,765935,10316,9582,10,9592,127
2020-09-28,Santa Barbara,083,443738,9268,9121,77,9198,114
2020-09-28,Santa Clara,085,1922200,22415,21180,46,21226,271
2020-09-28,Santa Cruz,087,273765,2503,2359,31,2390,9
2020-09-28,Shasta,089,179085,1232,883,10,893,17
2020-09-28,Sierra,091,2930,6,6,0,6,0
2020-09-28,Siskiyou,093,43540,157,149,10,159,0
2020-09-28,Solano,095,438530,6430,6254,39,6293,51
2020-09-28,Sonoma,097,501317,7850,7369,22,7391,125
2020-09-28,Stanislaus,099,539301,16668,16467,534,17001,336
2020-09-28,Sutter,101,95872,1697,1676,1,1677,10
2020-09-28,Tehama,103,63373,620,579,2,581,2
2020-09-28,Trinity,105,12862,56,16,8,24,0
2020-09-28,Tulare,107,460477,16573,15918,138,16056,270
2020-09-28,Tuolumne,109,53932,235,225,5,230,2
2020-09-28,Ventura,111,848112,13568,12812,178,12990,139
2020-09-28,Yolo,113,214977,2864,2809,7,2816,55
2020-09-28,Yuba,115,75493,1108,1062,3,1065,7
2020-09-27,Alameda,001,1643700,21630,21077,175,21252,370
2020-09-27,Alpine,003,1148,3,2,0,2,0
2020-09-27,Amador,005,37829,296,291,0,291,16
2020-09-27,Butte,007,227075,2942,2833,31,2864,44
2020-09-27,Calaveras,009,45235,310,257,0,257,11
2020-09-27,Colusa,011,21464,532,531,0,531,6
2020-09-27,Contra Costa,013,1133247,17277,16596,80,16676,195
2020-09-27,Del Norte,015,27424,142,138,0,138,2
2020-09-27,El Dorado,017,186661,1217,1130,8,1138,4
2020-09-27,Fresno,019,978130,30887,28441,383,28824,389
2020-09-27,Glenn,021,27897,596,576,0,576,3
2020-09-27,Humboldt,023,135768,507,492,1,493,6
2020-09-27,Imperial,025,180216,11884,10743,9,10752,283
2020-09-27,Inyo,027,18085,192,188,4,192,14
2020-09-27,Kern,029,883053,32122,31462,325,31787,395
2020-09-27,Kings,031,150075,7860,7641,37,7678,78
2020-09-27,Lake,033,64148,589,555,0,555,10
2020-09-27,Lassen,035,31185,749,737,2,739,0
2020-09-27,Los Angeles,037,10098052,270190,267754,1869,269623,6507
2020-09-27,Madera,039,155013,4604,4416,30,4446,47
2020-09-27,Marin,041,260295,6764,6663,17,6680,91
2020-09-27,Mariposa,043,17540,77,74,0,74,2
2020-09-27,Mendocino,045,87422,904,846,4,850,17
2020-09-27,Merced,047,269075,8959,8853,21,8874,136
2020-09-27,Modoc,049,8938,29,26,0,26,0
2020-09-27,Mono,051,14174,169,148,2,150,1
2020-09-27,Monterey,053,433212,10039,9724,32,9756,69
2020-09-27,Napa,055,140530,1753,1690,8,1698,11
2020-09-27,Nevada,057,99092,542,537,16,553,6
2020-09-27,Orange,059,3164182,55312,52458,1478,53936,1195
2020-09-27,Placer,061,380077,3670,3562,13,3575,42
2020-09-27,Plumas,063,18699,50,48,0,48,0
2020-09-27,Riverside,065,2383286,59857,58509,179,58688,1191
2020-09-27,Sacramento,067,1510023,22830,22356,26,22382,422
2020-09-27,San Benito,069,59416,1347,1331,0,1331,11
2020-09-27,San Bernardino,071,2135413,54981,53127,349,53476,988
2020-09-27,San Diego,073,3302833,48282,46612,987,47599,776
2020-09-27,San Francisco,075,870044,11350,11114,28,11142,100
2020-09-27,San Joaquin,077,732212,20346,19981,59,20040,448
2020-09-27,San Luis Obispo,079,281455,3790,3562,17,3579,31
2020-09-27,San Mateo,081,765935,10248,9566,10,9576,127
2020-09-27,Santa Barbara,083,443738,9247,9090,76,9166,114
2020-09-27,Santa Clara,085,1922200,22306,21091,46,21137,271
2020-09-27,Santa Cruz,087,273765,2481,2359,31,2390,9
2020-09-27,Shasta,089,179085,1189,883,9,892,17
2020-09-27,Sierra,091,2930,6,6,0,6,0
2020-09-27,Siskiyou,093,43540,156,149,10,159,0
2020-09-27,Solano,095,438530,6395,6211,39,6250,51
2020-09-27,Sonoma,097,501317,7769,7336,22,7358,124
2020-09-27,Stanislaus,099,539301,16617,16448,528,16976,336
2020-09-27,Sutter,101,95872,1690,1672,1,1673,10
2020-09-27,Tehama,103,63373,603,573,2,575,2
2020-09-27,Trinity,105,12862,56,16,8,24,0
2020-09-27,Tulare,107,460477,16495,15918,129,16047,270
2020-09-27,Tuolumne,109,53932,234,224,5,229,2
2020-09-27,Ventura,111,848112,13479,12775,169,12944,139
2020-09-27,Yolo,113,214977,2850,2796,7,2803,55
2020-09-27,Yuba,115,75493,1098,1059,3,1062,7
2020-09-26,Alameda,001,1643700,21572,21019,174,21193,370
2020-09-26,Alpine,003,1148,3,2,0,2,0
2020-09-26,Amador,005,37829,295,291,0,291,16
2020-09-26,Butte,007,227075,2934,2827,31,2858,44
2020-09-26,Calaveras,009,45235,310,257,0,257,11
2020-09-26,Colusa,011,21464,532,529,0,529,6
2020-09-26,Contra Costa,013,1133247,17233,16508,80,16588,194
2020-09-26,Del Norte,015,27424,142,138,0,138,2
2020-09-26,El Dorado,017,186661,1212,1127,8,1135,4
2020-09-26,Fresno,019,978130,30820,28336,383,28719,389
2020-09-26,Glenn,021,27897,596,576,0,576,3
2020-09-26,Humboldt,023,135768,507,491,1,492,6
2020-09-26,Imperial,025,180216,11867,10721,9,10730,283
2020-09-26,Inyo,027,18085,191,187,4,191,14
2020-09-26,Kern,029,883053,32071,31410,325,31735,394
2020-09-26,Kings,031,150075,7848,7537,37,7574,78
2020-09-26,Lake,033,64148,586,549,0,549,10
2020-09-26,Lassen,035,31185,749,737,2,739,0
2020-09-26,Los Angeles,037,10098052,269558,266931,1855,268786,6497
2020-09-26,Madera,039,155013,4588,4410,30,4440,47
2020-09-26,Marin,041,260295,6751,6641,17,6658,91
2020-09-26,Mariposa,043,17540,76,74,0,74,2
2020-09-26,Mendocino,045,87422,899,836,4,840,17
2020-09-26,Merced,047,269075,8947,8841,20,8861,136
2020-09-26,Modoc,049,8938,29,26,0,26,0
2020-09-26,Mono,051,14174,169,148,2,150,1
2020-09-26,Monterey,053,433212,10012,9651,32,9683,68
2020-09-26,Napa,055,140530,1751,1681,8,1689,11
2020-09-26,Nevada,057,99092,542,534,16,550,6
2020-09-26,Orange,059,3164182,55173,52203,1472,53675,1194
2020-09-26,Placer,061,380077,3657,3551,13,3564,42
2020-09-26,Plumas,063,18699,49,48,0,48,0
2020-09-26,Riverside,065,2383286,59722,58076,177,58253,1190
2020-09-26,Sacramento,067,1510023,22772,22269,26,22295,421
2020-09-26,San Benito,069,59416,1345,1325,0,1325,11
2020-09-26,San Bernardino,071,2135413,54848,53122,349,53471,988
2020-09-26,San Diego,073,3302833,48077,46333,973,47306,775
2020-09-26,San Francisco,075,870044,11321,11113,28,11141,100
2020-09-26,San Joaquin,077,732212,20310,19982,57,20039,449
2020-09-26,San Luis Obispo,079,281455,3774,3546,17,3563,31
2020-09-26,San Mateo,081,765935,10214,9509,10,9519,127
2020-09-26,Santa Barbara,083,443738,9236,9061,76,9137,114
2020-09-26,Santa Clara,085,1922200,22235,20967,45,21012,270
2020-09-26,Santa Cruz,087,273765,2473,2336,31,2367,9
2020-09-26,Shasta,089,179085,1139,856,8,864,17
2020-09-26,Sierra,091,2930,6,6,0,6,0
2020-09-26,Siskiyou,093,43540,155,149,10,159,0
2020-09-26,Solano,095,438530,6376,6209,39,6248,51
2020-09-26,Sonoma,097,501317,7744,7285,21,7306,124
2020-09-26,Stanislaus,099,539301,16592,16421,520,16941,336
2020-09-26,Sutter,101,95872,1685,1662,1,1663,10
2020-09-26,Tehama,103,63373,591,560,2,562,2
2020-09-26,Trinity,105,12862,54,16,8,24,0
2020-09-26,Tulare,107,460477,16470,15881,127,16008,270
2020-09-26,Tuolumne,109,53932,234,223,5,228,2
2020-09-26,Ventura,111,848112,13444,12729,168,12897,137
2020-09-26,Yolo,113,214977,2848,2789,7,2796,55
2020-09-26,Yuba,115,75493,1094,1056,3,1059,7
2020-09-25,Alameda,001,1643700,21518,20911,174,21085,367
2020-09-25,Alpine,003,1148,3,2,0,2,0
2020-09-25,Amador,005,37829,295,289,0,289,16
2020-09-25,Butte,007,227075,2929,2819,31,2850,43
2020-09-25,Calaveras,009,45235,310,257,0,257,11
2020-09-25,Colusa,011,21464,532,528,0,528,6
2020-09-25,Contra Costa,013,1133247,17175,16401,80,16481,194
2020-09-25,Del Norte,015,27424,142,138,0,138,2
2020-09-25,El Dorado,017,186661,1208,1104,8,1112,4
2020-09-25,Fresno,019,978130,30760,28199,382,28581,385
2020-09-25,Glenn,021,27897,594,570,0,570,3
2020-09-25,Humboldt,023,135768,506,489,1,490,5
2020-09-25,Imperial,025,180216,11849,10681,9,10690,283
2020-09-25,Inyo,027,18085,189,187,4,191,14
2020-09-25,Kern,029,883053,32018,31333,323,31656,393
2020-09-25,Kings,031,150075,7843,7450,37,7487,77
2020-09-25,Lake,033,64148,585,539,0,539,9
2020-09-25,Lassen,035,31185,749,737,2,739,0
2020-09-25,Los Angeles,037,10098052,268764,265713,1843,267556,6483
2020-09-25,Madera,039,155013,4569,4369,30,4399,48
2020-09-25,Marin,041,260295,6748,6622,17,6639,90
2020-09-25,Mariposa,043,17540,76,74,0,74,2
2020-09-25,Mendocino,045,87422,884,819,3,822,17
2020-09-25,Merced,047,269075,8931,8830,20,8850,135
2020-09-25,Modoc,049,8938,29,26,0,26,0
2020-09-25,Mono,051,14174,169,149,2,151,1
2020-09-25,Monterey,053,433212,9960,9581,32,9613,68
2020-09-25,Napa,055,140530,1749,1669,8,1677,11
2020-09-25,Nevada,057,99092,540,529,16,545,6
2020-09-25,Orange,059,3164182,55046,52031,1464,53495,1184
2020-09-25,Placer,061,380077,3646,3527,13,3540,41
2020-09-25,Plumas,063,18699,49,48,0,48,0
2020-09-25,Riverside,065,2383286,59546,57783,172,57955,1183
2020-09-25,Sacramento,067,1510023,22695,22132,26,22158,418
2020-09-25,San Benito,069,59416,1344,1318,0,1318,11
2020-09-25,San Bernardino,071,2135413,54694,52814,349,53163,987
2020-09-25,San Diego,073,3302833,47875,46003,957,46960,775
2020-09-25,San Francisco,075,870044,11287,11066,27,11093,100
2020-09-25,San Joaquin,077,732212,20258,19909,57,19966,449
2020-09-25,San Luis Obispo,079,281455,3762,3512,17,3529,31
2020-09-25,San Mateo,081,765935,10178,9447,10,9457,127
2020-09-25,Santa Barbara,083,443738,9212,9026,76,9102,114
2020-09-25,Santa Clara,085,1922200,22170,20812,44,20856,265
2020-09-25,Santa Cruz,087,273765,2461,2309,30,2339,9
2020-09-25,Shasta,089,179085,1105,806,8,814,16
2020-09-25,Sierra,091,2930,6,6,0,6,0
2020-09-25,Siskiyou,093,43540,155,149,10,159,0
2020-09-25,Solano,095,438530,6360,6179,39,6218,50
2020-09-25,Sonoma,097,501317,7704,7202,21,7223,124
2020-09-25,Stanislaus,099,539301,16574,16381,518,16899,326
2020-09-25,Sutter,101,95872,1682,1655,1,1656,10
2020-09-25,Tehama,103,63373,583,546,2,548,2
2020-09-25,Trinity,105,12862,54,15,8,23,0
2020-09-25,Tulare,107,460477,16430,15815,126,15941,267
2020-09-25,Tuolumne,109,53932,234,223,5,228,2
2020-09-25,Ventura,111,848112,13401,12664,165,12829,137
2020-09-25,Yolo,113,214977,2840,2784,7,2791,55
2020-09-25,Yuba,115,75493,1089,1049,3,1052,5
2020-09-24,Alameda,001,1643700,21443,20838,171,21009,364
2020-09-24,Alpine,003,1148,3,2,0,2,0
2020-09-24,Amador,005,37829,295,288,0,288,16
2020-09-24,Butte,007,227075,2918,2803,31,2834,43
2020-09-24,Calaveras,009,45235,310,258,0,258,11
2020-09-24,Colusa,011,21464,532,523,0,523,6
2020-09-24,Contra Costa,013,1133247,17092,16252,80,16332,192
2020-09-24,Del Norte,015,27424,138,137,0,137,2
2020-09-24,El Dorado,017,186661,1199,1093,8,1101,4
2020-09-24,Fresno,019,978130,30654,28106,378,28484,375
2020-09-24,Glenn,021,27897,590,567,0,567,3
2020-09-24,Humboldt,023,135768,503,482,1,483,5
2020-09-24,Imperial,025,180216,11825,10622,9,10631,283
2020-09-24,Inyo,027,18085,189,187,4,191,13
2020-09-24,Kern,029,883053,31955,31273,321,31594,388
2020-09-24,Kings,031,150075,7827,7428,37,7465,76
2020-09-24,Lake,033,64148,576,531,0,531,9
2020-09-24,Lassen,035,31185,748,737,2,739,0
2020-09-24,Los Angeles,037,10098052,267722,264374,1826,266200,6452
2020-09-24,Madera,039,155013,4550,4344,30,4374,48
2020-09-24,Marin,041,260295,6720,6588,17,6605,85
2020-09-24,Mariposa,043,17540,76,74,0,74,2
2020-09-24,Mendocino,045,87422,880,810,3,813,17
2020-09-24,Merced,047,269075,8902,8813,19,8832,135
2020-09-24,Modoc,049,8938,29,24,0,24,0
2020-09-24,Mono,051,14174,169,149,2,151,1
2020-09-24,Monterey,053,433212,9894,9544,30,9574,67
2020-09-24,Napa,055,140530,1737,1661,8,1669,11
2020-09-24,Nevada,057,99092,539,527,16,543,6
2020-09-24,Orange,059,3164182,54840,51749,1446,53195,1164
2020-09-24,Placer,061,380077,3632,3514,13,3527,41
2020-09-24,Plumas,063,18699,49,48,0,48,0
2020-09-24,Riverside,065,2383286,59281,57491,166,57657,1172
2020-09-24,Sacramento,067,1510023,22567,21985,25,22010,417
2020-09-24,San Benito,069,59416,1342,1308,0,1308,11
2020-09-24,San Bernardino,071,2135413,54357,52455,348,52803,988
2020-09-24,San Diego,073,3302833,47606,45598,942,46540,773
2020-09-24,San Francisco,075,870044,11240,10992,27,11019,99
2020-09-24,San Joaquin,077,732212,20220,19851,55,19906,444
2020-09-24,San Luis Obispo,079,281455,3746,3480,17,3497,31
2020-09-24,San Mateo,081,765935,10130,9376,10,9386,127
2020-09-24,Santa Barbara,083,443738,9159,8988,75,9063,114
2020-09-24,Santa Clara,085,1922200,22082,20689,44,20733,262
2020-09-24,Santa Cruz,087,273765,2441,2300,28,2328,9
2020-09-24,Shasta,089,179085,1068,773,5,778,14
2020-09-24,Sierra,091,2930,6,6,0,6,0
2020-09-24,Siskiyou,093,43540,155,149,10,159,0
2020-09-24,Solano,095,438530,6327,6137,39,6176,49
2020-09-24,Sonoma,097,501317,7623,7163,21,7184,122
2020-09-24,Stanislaus,099,539301,16537,16326,513,16839,326
2020-09-24,Sutter,101,95872,1679,1646,1,1647,10
2020-09-24,Tehama,103,63373,580,540,2,542,2
2020-09-24,Trinity,105,12862,54,15,8,23,0
2020-09-24,Tulare,107,460477,16365,15754,125,15879,267
2020-09-24,Tuolumne,109,53932,234,224,5,229,2
2020-09-24,Ventura,111,848112,13319,12617,164,12781,138
2020-09-24,Yolo,113,214977,2833,2776,7,2783,55
2020-09-24,Yuba,115,75493,1084,1042,3,1045,5
2020-09-23,Alameda,001,1643700,21375,20718,169,20887,361
2020-09-23,Alpine,003,1148,3,2,0,2,0
2020-09-23,Amador,005,37829,294,288,0,288,16
2020-09-23,Butte,007,227075,2910,2790,31,2821,43
2020-09-23,Calaveras,009,45235,309,258,0,258,11
2020-09-23,Colusa,011,21464,531,521,0,521,6
2020-09-23,Contra Costa,013,1133247,17032,16167,80,16247,192
2020-09-23,Del Norte,015,27424,136,137,0,137,2
2020-09-23,El Dorado,017,186661,1185,1088,8,1096,4
2020-09-23,Fresno,019,978130,30559,28019,376,28395,371
2020-09-23,Glenn,021,27897,583,561,0,561,3
2020-09-23,Humboldt,023,135768,499,477,1,478,5
2020-09-23,Imperial,025,180216,11800,10587,9,10596,284
2020-09-23,Inyo,027,18085,188,177,4,181,13
2020-09-23,Kern,029,883053,31911,31172,319,31491,387
2020-09-23,Kings,031,150075,7805,7406,37,7443,76
2020-09-23,Lake,033,64148,571,519,0,519,9
2020-09-23,Lassen,035,31185,748,736,2,738,0
2020-09-23,Los Angeles,037,10098052,266705,263318,1798,265116,6421
2020-09-23,Madera,039,155013,4535,4311,30,4341,48
2020-09-23,Marin,041,260295,6701,6567,17,6584,85
2020-09-23,Mariposa,043,17540,76,74,0,74,2
2020-09-23,Mendocino,045,87422,879,801,2,803,17
2020-09-23,Merced,047,269075,8881,8785,17,8802,134
2020-09-23,Modoc,049,8938,29,24,0,24,0
2020-09-23,Mono,051,14174,169,149,2,151,1
2020-09-23,Monterey,053,433212,9825,9452,29,9481,67
2020-09-23,Napa,055,140530,1728,1653,8,1661,11
2020-09-23,Nevada,057,99092,538,523,16,539,6
2020-09-23,Orange,059,3164182,54613,51658,1438,53096,1155
2020-09-23,Placer,061,380077,3620,3506,13,3519,41
2020-09-23,Plumas,063,18699,49,48,0,48,0
2020-09-23,Riverside,065,2383286,58975,57257,163,57420,1165
2020-09-23,Sacramento,067,1510023,22491,21821,25,21846,415
2020-09-23,San Benito,069,59416,1336,1305,0,1305,10
2020-09-23,San Bernardino,071,2135413,54065,52132,346,52478,973
2020-09-23,San Diego,073,3302833,47330,45427,923,46350,767
2020-09-23,San Francisco,075,870044,11191,10926,27,10953,95
2020-09-23,San Joaquin,077,732212,20166,19785,55,19840,439
2020-09-23,San Luis Obispo,079,281455,3728,3447,17,3464,31
2020-09-23,San Mateo,081,765935,10090,9351,10,9361,127
2020-09-23,Santa Barbara,083,443738,9130,8952,75,9027,112
2020-09-23,Santa Clara,085,1922200,21971,20575,41,20616,260
2020-09-23,Santa Cruz,087,273765,2422,2283,28,2311,9
2020-09-23,Shasta,089,179085,1029,756,4,760,14
2020-09-23,Sierra,091,2930,6,6,0,6,0
2020-09-23,Siskiyou,093,43540,155,149,10,159,0
2020-09-23,Solano,095,438530,6301,6123,39,6162,50
2020-09-23,Sonoma,097,501317,7547,7091,21,7112,122
2020-09-23,Stanislaus,099,539301,16507,16271,510,16781,317
2020-09-23,Sutter,101,95872,1675,1646,1,1647,10
2020-09-23,Tehama,103,63373,574,533,2,535,2
2020-09-23,Trinity,105,12862,53,15,8,23,0
2020-09-23,Tulare,107,460477,16300,15664,124,15788,266
2020-09-23,Tuolumne,109,53932,234,223,5,228,2
2020-09-23,Ventura,111,848112,13263,12591,162,12753,137
2020-09-23,Yolo,113,214977,2815,2766,7,2773,55
2020-09-23,Yuba,115,75493,1082,1038,3,1041,5
2020-09-22,Alameda,001,1643700,21296,20607,167,20774,355
2020-09-22,Alpine,003,1148,2,2,0,2,0
2020-09-22,Amador,005,37829,293,287,0,287,16
2020-09-22,Butte,007,227075,2905,2776,31,2807,43
2020-09-22,Calaveras,009,45235,309,258,0,258,11
2020-09-22,Colusa,011,21464,529,518,0,518,6
2020-09-22,Contra Costa,013,1133247,16942,16090,80,16170,190
2020-09-22,Del Norte,015,27424,136,137,0,137,2
2020-09-22,El Dorado,017,186661,1166,1076,8,1084,4
2020-09-22,Fresno,019,978130,30464,27944,373,28317,369
2020-09-22,Glenn,021,27897,580,560,0,560,3
2020-09-22,Humboldt,023,135768,498,476,1,477,5
2020-09-22,Imperial,025,180216,11771,10529,9,10538,284
2020-09-22,Inyo,027,18085,188,177,4,181,13
2020-09-22,Kern,029,883053,31844,31110,312,31422,383
2020-09-22,Kings,031,150075,7748,7395,36,7431,76
2020-09-22,Lake,033,64148,565,516,0,516,9
2020-09-22,Lassen,035,31185,747,736,2,738,0
2020-09-22,Los Angeles,037,10098052,265639,262117,1773,263890,6394
2020-09-22,Madera,039,155013,4519,4303,30,4333,47
2020-09-22,Marin,041,260295,6688,6561,17,6578,84
2020-09-22,Mariposa,043,17540,76,74,0,74,2
2020-09-22,Mendocino,045,87422,859,794,1,795,18
2020-09-22,Merced,047,269075,8851,8769,17,8786,132
2020-09-22,Modoc,049,8938,29,24,0,24,0
2020-09-22,Mono,051,14174,168,149,2,151,1
2020-09-22,Monterey,053,433212,9767,9393,28,9421,67
2020-09-22,Napa,055,140530,1711,1652,8,1660,11
2020-09-22,Nevada,057,99092,538,523,16,539,6
2020-09-22,Orange,059,3164182,54363,51528,1429,52957,1132
2020-09-22,Placer,061,380077,3608,3492,13,3505,40
2020-09-22,Plumas,063,18699,49,48,0,48,0
2020-09-22,Riverside,065,2383286,58491,57066,159,57225,1162
2020-09-22,Sacramento,067,1510023,22372,21745,25,21770,410
2020-09-22,San Benito,069,59416,1331,1305,0,1305,10
2020-09-22,San Bernardino,071,2135413,53791,51899,346,52245,971
2020-09-22,San Diego,073,3302833,47023,45149,904,46053,765
2020-09-22,San Francisco,075,870044,11147,10893,26,10919,95
2020-09-22,San Joaquin,077,732212,20119,19755,54,19809,426
2020-09-22,San Luis Obispo,079,281455,3706,3420,17,3437,31
2020-09-22,San Mateo,081,765935,10052,9291,10,9301,127
2020-09-22,Santa Barbara,083,443738,9100,8927,74,9001,111
2020-09-22,Santa Clara,085,1922200,21852,20514,41,20555,253
2020-09-22,Santa Cruz,087,273765,2398,2264,28,2292,8
2020-09-22,Shasta,089,179085,994,723,4,727,14
2020-09-22,Sierra,091,2930,6,6,0,6,0
2020-09-22,Siskiyou,093,43540,155,149,10,159,0
2020-09-22,Solano,095,438530,6270,6107,39,6146,48
2020-09-22,Sonoma,097,501317,7468,7068,20,7088,117
2020-09-22,Stanislaus,099,539301,16484,16231,503,16734,316
2020-09-22,Sutter,101,95872,1669,1638,1,1639,10
2020-09-22,Tehama,103,63373,566,529,2,531,2
2020-09-22,Trinity,105,12862,53,15,8,23,0
2020-09-22,Tulare,107,460477,16233,15616,121,15737,263
2020-09-22,Tuolumne,109,53932,233,224,5,229,1
2020-09-22,Ventura,111,848112,13211,12507,158,12665,136
2020-09-22,Yolo,113,214977,2808,2763,7,2770,54
2020-09-22,Yuba,115,75493,1073,1035,3,1038,5
2020-09-21,Alameda,001,1643700,21217,20501,166,20667,343
2020-09-21,Alpine,003,1148,2,2,0,2,0
2020-09-21,Amador,005,37829,291,286,0,286,16
2020-09-21,Butte,007,227075,2891,2769,31,2800,41
2020-09-21,Calaveras,009,45235,307,256,0,256,10
2020-09-21,Colusa,011,21464,528,517,0,517,6
2020-09-21,Contra Costa,013,1133247,16861,16008,80,16088,189
2020-09-21,Del Norte,015,27424,136,132,0,132,2
2020-09-21,El Dorado,017,186661,1157,1074,8,1082,4
2020-09-21,Fresno,019,978130,30362,27843,366,28209,362
2020-09-21,Glenn,021,27897,576,556,0,556,3
2020-09-21,Humboldt,023,135768,494,473,1,474,5
2020-09-21,Imperial,025,180216,11740,10521,9,10530,284
2020-09-21,Inyo,027,18085,187,177,4,181,12
2020-09-21,Kern,029,883053,31773,31031,310,31341,379
2020-09-21,Kings,031,150075,7635,7297,35,7332,76
2020-09-21,Lake,033,64148,560,508,0,508,8
2020-09-21,Lassen,035,31185,745,735,2,737,0
2020-09-21,Los Angeles,037,10098052,264553,261418,1728,263146,6360
2020-09-21,Madera,039,155013,4508,4275,29,4304,47
2020-09-21,Marin,041,260295,6677,6538,16,6554,84
2020-09-21,Mariposa,043,17540,75,74,0,74,2
2020-09-21,Mendocino,045,87422,844,778,0,778,18
2020-09-21,Merced,047,269075,8832,8749,15,8764,128
2020-09-21,Modoc,049,8938,29,22,0,22,0
2020-09-21,Mono,051,14174,168,147,2,149,1
2020-09-21,Monterey,053,433212,9703,9331,25,9356,66
2020-09-21,Napa,055,140530,1700,1641,8,1649,11
2020-09-21,Nevada,057,99092,536,515,16,531,6
2020-09-21,Orange,059,3164182,54141,51363,1422,52785,1110
2020-09-21,Placer,061,380077,3598,3473,13,3486,40
2020-09-21,Plumas,063,18699,49,47,0,47,0
2020-09-21,Riverside,065,2383286,58219,57001,152,57153,1153
2020-09-21,Sacramento,067,1510023,22190,21568,25,21593,404
2020-09-21,San Benito,069,59416,1329,1298,0,1298,10
2020-09-21,San Bernardino,071,2135413,53504,51654,346,52000,970
2020-09-21,San Diego,073,3302833,46739,44927,883,45810,760
2020-09-21,San Francisco,075,870044,11099,10743,26,10769,95
2020-09-21,San Joaquin,077,732212,20062,19579,54,19633,423
2020-09-21,San Luis Obispo,079,281455,3680,3406,17,3423,27
2020-09-21,San Mateo,081,765935,10000,9239,10,9249,127
2020-09-21,Santa Barbara,083,443738,9072,8911,74,8985,110
2020-09-21,Santa Clara,085,1922200,21752,20432,41,20473,252
2020-09-21,Santa Cruz,087,273765,2382,2257,26,2283,8
2020-09-21,Shasta,089,179085,944,696,4,700,14
2020-09-21,Sierra,091,2930,6,6,0,6,0
2020-09-21,Siskiyou,093,43540,155,146,10,156,0
2020-09-21,Solano,095,438530,6246,6019,39,6058,46
2020-09-21,Sonoma,097,501317,7392,7017,20,7037,117
2020-09-21,Stanislaus,099,539301,16454,16186,503,16689,310
2020-09-21,Sutter,101,95872,1662,1634,1,1635,10
2020-09-21,Tehama,103,63373,547,513,2,515,2
2020-09-21,Trinity,105,12862,53,15,8,23,0
2020-09-21,Tulare,107,460477,16159,15528,112,15640,260
2020-09-21,Tuolumne,109,53932,233,221,5,226,1
2020-09-21,Ventura,111,848112,13127,12477,152,12629,133
2020-09-21,Yolo,113,214977,2802,2752,7,2759,54
2020-09-21,Yuba,115,75493,1069,1033,3,1036,1
2020-09-20,Alameda,001,1643700,21116,20425,163,20588,343
2020-09-20,Alpine,003,1148,2,2,0,2,0
2020-09-20,Amador,005,37829,290,286,0,286,16
2020-09-20,Butte,007,227075,2879,2764,31,2795,39
2020-09-20,Calaveras,009,45235,303,256,0,256,10
2020-09-20,Colusa,011,21464,526,510,0,510,6
2020-09-20,Contra Costa,013,1133247,16744,15917,79,15996,189
2020-09-20,Del Norte,015,27424,134,132,0,132,2
2020-09-20,El Dorado,017,186661,1142,1073,8,1081,4
2020-09-20,Fresno,019,978130,30248,27769,361,28130,362
2020-09-20,Glenn,021,27897,572,550,0,550,3
2020-09-20,Humboldt,023,135768,494,472,1,473,5
2020-09-20,Imperial,025,180216,11713,10496,8,10504,284
2020-09-20,Inyo,027,18085,187,177,4,181,12
2020-09-20,Kern,029,883053,31689,30992,306,31298,379
2020-09-20,Kings,031,150075,7588,7159,34,7193,76
2020-09-20,Lake,033,64148,548,492,0,492,8
2020-09-20,Lassen,035,31185,745,735,2,737,0
2020-09-20,Los Angeles,037,10098052,263326,260770,1703,262473,6347
2020-09-20,Madera,039,155013,4488,4257,29,4286,47
2020-09-20,Marin,041,260295,6652,6533,16,6549,83
2020-09-20,Mariposa,043,17540,75,74,0,74,2
2020-09-20,Mendocino,045,87422,832,765,0,765,18
2020-09-20,Merced,047,269075,8805,8745,15,8760,128
2020-09-20,Modoc,049,8938,27,22,0,22,0
2020-09-20,Mono,051,14174,167,147,2,149,1
2020-09-20,Monterey,053,433212,9624,9312,25,9337,65
2020-09-20,Napa,055,140530,1691,1626,8,1634,11
2020-09-20,Nevada,057,99092,533,511,16,527,6
2020-09-20,Orange,059,3164182,53899,51233,1412,52645,1110
2020-09-20,Placer,061,380077,3583,3452,13,3465,40
2020-09-20,Plumas,063,18699,49,47,0,47,0
2020-09-20,Riverside,065,2383286,58018,56783,146,56929,1147
2020-09-20,Sacramento,067,1510023,22003,21394,24,21418,401
2020-09-20,San Benito,069,59416,1318,1291,0,1291,9
2020-09-20,San Bernardino,071,2135413,53187,51559,344,51903,970
2020-09-20,San Diego,073,3302833,46366,44579,854,45433,760
2020-09-20,San Francisco,075,870044,11045,10743,26,10769,95
2020-09-20,San Joaquin,077,732212,19997,19578,47,19625,423
2020-09-20,San Luis Obispo,079,281455,3653,3393,17,3410,27
2020-09-20,San Mateo,081,765935,9934,9198,10,9208,127
2020-09-20,Santa Barbara,083,443738,9036,8880,73,8953,110
2020-09-20,Santa Clara,085,1922200,21633,20330,40,20370,252
2020-09-20,Santa Cruz,087,273765,2362,2199,26,2225,8
2020-09-20,Shasta,089,179085,903,696,3,699,14
2020-09-20,Sierra,091,2930,6,6,0,6,0
2020-09-20,Siskiyou,093,43540,155,146,10,156,0
2020-09-20,Solano,095,438530,6202,6020,39,6059,46
2020-09-20,Sonoma,097,501317,7288,6954,20,6974,117
2020-09-20,Stanislaus,099,539301,16423,16159,496,16655,310
2020-09-20,Sutter,101,95872,1656,1624,1,1625,10
2020-09-20,Tehama,103,63373,534,509,2,511,2
2020-09-20,Trinity,105,12862,53,15,8,23,0
2020-09-20,Tulare,107,460477,16073,15528,105,15633,260
2020-09-20,Tuolumne,109,53932,233,221,5,226,1
2020-09-20,Ventura,111,848112,13061,12406,148,12554,133
2020-09-20,Yolo,113,214977,2794,2745,7,2752,54
2020-09-20,Yuba,115,75493,1062,1029,3,1032,1
2020-09-19,Alameda,001,1643700,21066,20349,160,20509,343
2020-09-19,Alpine,003,1148,2,2,0,2,0
2020-09-19,Amador,005,37829,290,285,0,285,16
2020-09-19,Butte,007,227075,2873,2748,31,2779,38
2020-09-19,Calaveras,009,45235,303,256,0,256,10
2020-09-19,Colusa,011,21464,526,507,0,507,6
2020-09-19,Contra Costa,013,1133247,16682,15783,79,15862,186
2020-09-19,Del Norte,015,27424,133,132,0,132,2
2020-09-19,El Dorado,017,186661,1136,1068,7,1075,4
2020-09-19,Fresno,019,978130,30175,27668,361,28029,362
2020-09-19,Glenn,021,27897,569,547,0,547,3
2020-09-19,Humboldt,023,135768,493,471,1,472,5
2020-09-19,Imperial,025,180216,11698,10496,8,10504,284
2020-09-19,Inyo,027,18085,187,177,4,181,12
2020-09-19,Kern,029,883053,31637,30886,303,31189,379
2020-09-19,Kings,031,150075,7582,7130,34,7164,76
2020-09-19,Lake,033,64148,548,465,0,465,8
2020-09-19,Lassen,035,31185,745,731,2,733,0
2020-09-19,Los Angeles,037,10098052,262702,259801,1689,261490,6325
2020-09-19,Madera,039,155013,4465,4237,29,4266,47
2020-09-19,Marin,041,260295,6645,6513,15,6528,81
2020-09-19,Mariposa,043,17540,75,74,0,74,2
2020-09-19,Mendocino,045,87422,829,750,0,750,18
2020-09-19,Merced,047,269075,8794,8717,14,8731,128
2020-09-19,Modoc,049,8938,27,22,0,22,0
2020-09-19,Mono,051,14174,167,147,2,149,1
2020-09-19,Monterey,053,433212,9582,9237,25,9262,65
2020-09-19,Napa,055,140530,1683,1614,8,1622,11
2020-09-19,Nevada,057,99092,531,505,16,521,6
2020-09-19,Orange,059,3164182,53771,50999,1405,52404,1105
2020-09-19,Placer,061,380077,3574,3412,13,3425,40
2020-09-19,Plumas,063,18699,49,47,0,47,0
2020-09-19,Riverside,065,2383286,57891,56562,145,56707,1147
2020-09-19,Sacramento,067,1510023,21949,21297,24,21321,396
2020-09-19,San Benito,069,59416,1314,1276,0,1276,9
2020-09-19,San Bernardino,071,2135413,53029,51353,341,51694,971
2020-09-19,San Diego,073,3302833,46138,44295,831,45126,773
2020-09-19,San Francisco,075,870044,11012,10741,26,10767,95
2020-09-19,San Joaquin,077,732212,19961,19580,47,19627,424
2020-09-19,San Luis Obispo,079,281455,3632,3369,17,3386,27
2020-09-19,San Mateo,081,765935,9903,9158,10,9168,127
2020-09-19,Santa Barbara,083,443738,9016,8862,73,8935,106
2020-09-19,Santa Clara,085,1922200,21544,20170,40,20210,251
2020-09-19,Santa Cruz,087,273765,2348,2198,25,2223,8
2020-09-19,Shasta,089,179085,876,687,3,690,14
2020-09-19,Sierra,091,2930,6,6,0,6,0
2020-09-19,Siskiyou,093,43540,155,146,10,156,0
2020-09-19,Solano,095,438530,6186,5998,39,6037,46
2020-09-19,Sonoma,097,501317,7255,6905,20,6925,117
2020-09-19,Stanislaus,099,539301,16382,16109,489,16598,313
2020-09-19,Sutter,101,95872,1655,1602,1,1603,10
2020-09-19,Tehama,103,63373,529,498,2,500,2
2020-09-19,Trinity,105,12862,53,15,8,23,0
2020-09-19,Tulare,107,460477,16025,15485,102,15587,260
2020-09-19,Tuolumne,109,53932,233,217,5,222,1
2020-09-19,Ventura,111,848112,13029,12328,148,12476,133
2020-09-19,Yolo,113,214977,2786,2739,7,2746,54
2020-09-19,Yuba,115,75493,1055,1023,3,1026,1
2020-09-18,Alameda,001,1643700,21000,20222,154,20376,341
2020-09-18,Alpine,003,1148,2,2,0,2,0
2020-09-18,Amador,005,37829,290,285,0,285,16
2020-09-18,Butte,007,227075,2871,2738,31,2769,37
2020-09-18,Calaveras,009,45235,303,255,0,255,9
2020-09-18,Colusa,011,21464,526,504,0,504,6
2020-09-18,Contra Costa,013,1133247,16593,15667,79,15746,185
2020-09-18,Del Norte,015,27424,133,131,0,131,2
2020-09-18,El Dorado,017,186661,1123,1063,7,1070,4
2020-09-18,Fresno,019,978130,30110,27560,361,27921,359
2020-09-18,Glenn,021,27897,566,541,0,541,3
2020-09-18,Humboldt,023,135768,490,470,1,471,5
2020-09-18,Imperial,025,180216,11683,10460,8,10468,283
2020-09-18,Inyo,027,18085,187,177,4,181,12
2020-09-18,Kern,029,883053,31577,30742,300,31042,373
2020-09-18,Kings,031,150075,7572,7062,34,7096,74
2020-09-18,Lake,033,64148,542,458,0,458,8
2020-09-18,Lassen,035,31185,744,731,2,733,0
2020-09-18,Los Angeles,037,10098052,261940,258488,1671,260159,6324
2020-09-18,Madera,039,155013,4454,4211,29,4240,45
2020-09-18,Marin,041,260295,6629,6475,15,6490,81
2020-09-18,Mariposa,043,17540,75,74,0,74,2
2020-09-18,Mendocino,045,87422,821,739,0,739,18
2020-09-18,Merced,047,269075,8782,8691,13,8704,127
2020-09-18,Modoc,049,8938,27,22,0,22,0
2020-09-18,Mono,051,14174,165,147,2,149,1
2020-09-18,Monterey,053,433212,9541,9183,25,9208,64
2020-09-18,Napa,055,140530,1677,1604,8,1612,11
2020-09-18,Nevada,057,99092,528,504,16,520,6
2020-09-18,Orange,059,3164182,53625,50733,1393,52126,1107
2020-09-18,Placer,061,380077,3563,3389,13,3402,40
2020-09-18,Plumas,063,18699,49,45,0,45,0
2020-09-18,Riverside,065,2383286,57769,56248,140,56388,1143
2020-09-18,Sacramento,067,1510023,21865,21105,24,21129,391
2020-09-18,San Benito,069,59416,1306,1257,0,1257,8
2020-09-18,San Bernardino,071,2135413,52884,51106,338,51444,970
2020-09-18,San Diego,073,3302833,45888,44009,826,44835,757
2020-09-18,San Francisco,075,870044,10974,10644,25,10669,95
2020-09-18,San Joaquin,077,732212,19918,19531,46,19577,423
2020-09-18,San Luis Obispo,079,281455,3608,3328,17,3345,27
2020-09-18,San Mateo,081,765935,9863,9062,10,9072,127
2020-09-18,Santa Barbara,083,443738,8995,8824,73,8897,107
2020-09-18,Santa Clara,085,1922200,21447,20058,40,20098,252
2020-09-18,Santa Cruz,087,273765,2328,2180,24,2204,8
2020-09-18,Shasta,089,179085,841,668,3,671,14
2020-09-18,Sierra,091,2930,6,6,0,6,0
2020-09-18,Siskiyou,093,43540,154,146,10,156,0
2020-09-18,Solano,095,438530,6170,5961,39,6000,46
2020-09-18,Sonoma,097,501317,7207,6856,20,6876,114
2020-09-18,Stanislaus,099,539301,16352,16042,483,16525,277
2020-09-18,Sutter,101,95872,1648,1586,1,1587,10
2020-09-18,Tehama,103,63373,529,490,2,492,2
2020-09-18,Trinity,105,12862,53,15,7,22,0
2020-09-18,Tulare,107,460477,15992,15435,98,15533,259
2020-09-18,Tuolumne,109,53932,232,216,5,221,1
2020-09-18,Ventura,111,848112,12968,12236,144,12380,133
2020-09-18,Yolo,113,214977,2780,2732,7,2739,54
2020-09-18,Yuba,115,75493,1051,1020,3,1023,1
2020-09-17,Alameda,001,1643700,20901,20146,154,20300,339
2020-09-17,Alpine,003,1148,2,2,0,2,0
2020-09-17,Amador,005,37829,288,284,0,284,16
2020-09-17,Butte,007,227075,2854,2720,31,2751,38
2020-09-17,Calaveras,009,45235,303,254,0,254,9
2020-09-17,Colusa,011,21464,524,499,0,499,6
2020-09-17,Contra Costa,013,1133247,16507,15576,79,15655,184
2020-09-17,Del Norte,015,27424,133,131,0,131,2
2020-09-17,El Dorado,017,186661,1114,1057,7,1064,4
2020-09-17,Fresno,019,978130,30000,27487,356,27843,355
2020-09-17,Glenn,021,27897,565,541,0,541,3
2020-09-17,Humboldt,023,135768,484,466,1,467,5
2020-09-17,Imperial,025,180216,11666,10436,8,10444,281
2020-09-17,Inyo,027,18085,187,176,4,180,12
2020-09-17,Kern,029,883053,31517,30627,293,30920,372
2020-09-17,Kings,031,150075,7501,7015,34,7049,72
2020-09-17,Lake,033,64148,532,433,0,433,8
2020-09-17,Lassen,035,31185,742,731,2,733,0
2020-09-17,Los Angeles,037,10098052,260997,257246,1657,258903,6318
2020-09-17,Madera,039,155013,4420,4152,29,4181,45
2020-09-17,Marin,041,260295,6608,6457,15,6472,81
2020-09-17,Mariposa,043,17540,75,74,0,74,2
2020-09-17,Mendocino,045,87422,810,737,0,737,18
2020-09-17,Merced,047,269075,8763,8671,13,8684,119
2020-09-17,Modoc,049,8938,27,22,0,22,0
2020-09-17,Mono,051,14174,165,147,2,149,1
2020-09-17,Monterey,053,433212,9479,9113,25,9138,62
2020-09-17,Napa,055,140530,1666,1592,8,1600,11
2020-09-17,Nevada,057,99092,526,494,16,510,6
2020-09-17,Orange,059,3164182,53445,50537,1381,51918,1098
2020-09-17,Placer,061,380077,3544,3368,13,3381,40
2020-09-17,Plumas,063,18699,49,45,0,45,0
2020-09-17,Riverside,065,2383286,57544,56007,139,56146,1134
2020-09-17,Sacramento,067,1510023,21630,20895,24,20919,385
2020-09-17,San Benito,069,59416,1304,1252,0,1252,8
2020-09-17,San Bernardino,071,2135413,52680,50770,338,51108,904
2020-09-17,San Diego,073,3302833,45608,43621,814,44435,754
2020-09-17,San Francisco,075,870044,10880,10564,25,10589,95
2020-09-17,San Joaquin,077,732212,19859,19439,46,19485,416
2020-09-17,San Luis Obispo,079,281455,3578,3299,17,3316,27
2020-09-17,San Mateo,081,765935,9821,8984,10,8994,127
2020-09-17,Santa Barbara,083,443738,8971,8779,73,8852,107
2020-09-17,Santa Clara,085,1922200,21330,19825,40,19865,254
2020-09-17,Santa Cruz,087,273765,2312,2155,24,2179,7
2020-09-17,Shasta,089,179085,802,660,3,663,12
2020-09-17,Sierra,091,2930,6,6,0,6,0
2020-09-17,Siskiyou,093,43540,154,146,10,156,0
2020-09-17,Solano,095,438530,6147,5915,39,5954,44
2020-09-17,Sonoma,097,501317,7143,6754,20,6774,114
2020-09-17,Stanislaus,099,539301,16319,15984,479,16463,277
2020-09-17,Sutter,101,95872,1643,1572,1,1573,10
2020-09-17,Tehama,103,63373,516,487,2,489,2
2020-09-17,Trinity,105,12862,53,15,7,22,0
2020-09-17,Tulare,107,460477,15940,15344,96,15440,258
2020-09-17,Tuolumne,109,53932,231,214,5,219,1
2020-09-17,Ventura,111,848112,12881,12167,141,12308,130
2020-09-17,Yolo,113,214977,2771,2724,7,2731,53
2020-09-17,Yuba,115,75493,1047,1015,3,1018,1
2020-09-16,Alameda,001,1643700,20803,20009,152,20161,333
2020-09-16,Alpine,003,1148,2,2,0,2,0
2020-09-16,Amador,005,37829,288,284,0,284,16
2020-09-16,Butte,007,227075,2844,2704,30,2734,38
2020-09-16,Calaveras,009,45235,303,254,0,254,9
2020-09-16,Colusa,011,21464,522,497,0,497,6
2020-09-16,Contra Costa,013,1133247,16420,15473,79,15552,183
2020-09-16,Del Norte,015,27424,133,131,0,131,2
2020-09-16,El Dorado,017,186661,1106,1049,7,1056,4
2020-09-16,Fresno,019,978130,29893,27381,354,27735,343
2020-09-16,Glenn,021,27897,563,539,0,539,3
2020-09-16,Humboldt,023,135768,483,455,1,456,4
2020-09-16,Imperial,025,180216,11643,10401,8,10409,277
2020-09-16,Inyo,027,18085,186,176,4,180,12
2020-09-16,Kern,029,883053,31458,30570,292,30862,371
2020-09-16,Kings,031,150075,7476,7002,32,7034,71
2020-09-16,Lake,033,64148,521,417,0,417,6
2020-09-16,Lassen,035,31185,741,730,2,732,0
2020-09-16,Los Angeles,037,10098052,260015,256101,1640,257741,6299
2020-09-16,Madera,039,155013,4397,4138,29,4167,45
2020-09-16,Marin,041,260295,6580,6430,15,6445,77
2020-09-16,Mariposa,043,17540,75,74,0,74,2
2020-09-16,Mendocino,045,87422,801,727,0,727,18
2020-09-16,Merced,047,269075,8742,8646,13,8659,118
2020-09-16,Modoc,049,8938,27,22,0,22,0
2020-09-16,Mono,051,14174,165,147,2,149,1
2020-09-16,Monterey,053,433212,9425,8997,25,9022,62
2020-09-16,Napa,055,140530,1652,1587,8,1595,11
2020-09-16,Nevada,057,99092,521,495,15,510,6
2020-09-16,Orange,059,3164182,53244,50414,1372,51786,1096
2020-09-16,Placer,061,380077,3526,3351,13,3364,39
2020-09-16,Plumas,063,18699,49,45,0,45,0
2020-09-16,Riverside,065,2383286,57350,55811,131,55942,1127
2020-09-16,Sacramento,067,1510023,21537,20610,24,20634,377
2020-09-16,San Benito,069,59416,1296,1244,0,1244,8
2020-09-16,San Bernardino,071,2135413,52455,50509,337,50846,907
2020-09-16,San Diego,073,3302833,45316,43447,793,44240,748
2020-09-16,San Francisco,075,870044,10833,10502,25,10527,90
2020-09-16,San Joaquin,077,732212,19804,19377,45,19422,409
2020-09-16,San Luis Obispo,079,281455,3547,3285,17,3302,28
2020-09-16,San Mateo,081,765935,9756,8944,10,8954,127
2020-09-16,Santa Barbara,083,443738,8938,8764,73,8837,107
2020-09-16,Santa Clara,085,1922200,21211,19684,40,19724,253
2020-09-16,Santa Cruz,087,273765,2271,2089,23,2112,7
2020-09-16,Shasta,089,179085,776,635,3,638,11
2020-09-16,Sierra,091,2930,6,6,0,6,0
2020-09-16,Siskiyou,093,43540,153,145,10,155,0
2020-09-16,Solano,095,438530,6118,5899,39,5938,44
2020-09-16,Sonoma,097,501317,7081,6731,20,6751,104
2020-09-16,Stanislaus,099,539301,16271,15897,471,16368,263
2020-09-16,Sutter,101,95872,1630,1567,1,1568,10
2020-09-16,Tehama,103,63373,508,485,2,487,2
2020-09-16,Trinity,105,12862,53,15,7,22,0
2020-09-16,Tulare,107,460477,15896,15314,89,15403,258
2020-09-16,Tuolumne,109,53932,230,210,5,215,1
2020-09-16,Ventura,111,848112,12810,12073,139,12212,130
2020-09-16,Yolo,113,214977,2764,2709,7,2716,53
2020-09-16,Yuba,115,75493,1045,1000,3,1003,1
2020-09-15,Alameda,001,1643700,20697,19931,149,20080,327
2020-09-15,Alpine,003,1148,2,2,0,2,0
2020-09-15,Amador,005,37829,287,282,0,282,16
2020-09-15,Butte,007,227075,2831,2695,28,2723,38
2020-09-15,Calaveras,009,45235,303,248,0,248,5
2020-09-15,Colusa,011,21464,516,497,0,497,6
2020-09-15,Contra Costa,013,1133247,16314,15423,77,15500,180
2020-09-15,Del Norte,015,27424,133,129,0,129,2
2020-09-15,El Dorado,017,186661,1101,1046,7,1053,4
2020-09-15,Fresno,019,978130,29786,27312,349,27661,343
2020-09-15,Glenn,021,27897,562,531,0,531,3
2020-09-15,Humboldt,023,135768,481,456,1,457,4
2020-09-15,Imperial,025,180216,11618,10376,8,10384,277
2020-09-15,Inyo,027,18085,186,176,4,180,12
2020-09-15,Kern,029,883053,31345,30429,289,30718,368
2020-09-15,Kings,031,150075,7318,6977,32,7009,70
2020-09-15,Lake,033,64148,508,416,0,416,4
2020-09-15,Lassen,035,31185,737,719,2,721,0
2020-09-15,Los Angeles,037,10098052,258905,255048,1618,256666,6269
2020-09-15,Madera,039,155013,4378,4122,29,4151,45
2020-09-15,Marin,041,260295,6549,6423,15,6438,77
2020-09-15,Mariposa,043,17540,75,74,0,74,2
2020-09-15,Mendocino,045,87422,783,724,0,724,18
2020-09-15,Merced,047,269075,8712,8633,13,8646,114
2020-09-15,Modoc,049,8938,26,21,0,21,0
2020-09-15,Mono,051,14174,165,147,2,149,1
2020-09-15,Monterey,053,433212,9376,8943,25,8968,62
2020-09-15,Napa,055,140530,1638,1580,8,1588,11
2020-09-15,Nevada,057,99092,516,494,15,509,6
2020-09-15,Orange,059,3164182,53062,50294,1358,51652,1088
2020-09-15,Placer,061,380077,3501,3331,13,3344,38
2020-09-15,Plumas,063,18699,49,44,0,44,0
2020-09-15,Riverside,065,2383286,57056,55569,121,55690,1118
2020-09-15,Sacramento,067,1510023,21392,20487,24,20511,372
2020-09-15,San Benito,069,59416,1289,1237,0,1237,7
2020-09-15,San Bernardino,071,2135413,52240,50333,336,50669,904
2020-09-15,San Diego,073,3302833,44997,43183,773,43956,742
2020-09-15,San Francisco,075,870044,10775,10414,25,10439,90
2020-09-15,San Joaquin,077,732212,19752,19313,45,19358,401
2020-09-15,San Luis Obispo,079,281455,3527,3262,17,3279,28
2020-09-15,San Mateo,081,765935,9687,8895,10,8905,127
2020-09-15,Santa Barbara,083,443738,8913,8724,72,8796,104
2020-09-15,Santa Clara,085,1922200,21078,19610,40,19650,252
2020-09-15,Santa Cruz,087,273765,2245,2079,22,2101,7
2020-09-15,Shasta,089,179085,764,627,3,630,11
2020-09-15,Sierra,091,2930,6,6,0,6,0
2020-09-15,Siskiyou,093,43540,153,143,10,153,0
2020-09-15,Solano,095,438530,6084,5878,39,5917,45
2020-09-15,Sonoma,097,501317,7042,6701,20,6721,104
2020-09-15,Stanislaus,099,539301,16223,15880,469,16349,260
2020-09-15,Sutter,101,95872,1619,1556,1,1557,10
2020-09-15,Tehama,103,63373,496,484,2,486,2
2020-09-15,Trinity,105,12862,53,15,7,22,0
2020-09-15,Tulare,107,460477,15819,15203,87,15290,254
2020-09-15,Tuolumne,109,53932,230,209,5,214,1
2020-09-15,Ventura,111,848112,12757,11932,138,12070,128
2020-09-15,Yolo,113,214977,2760,2708,7,2715,53
2020-09-15,Yuba,115,75493,1039,991,3,994,1
2020-09-14,Alameda,001,1643700,20570,19851,148,19999,306
2020-09-14,Alpine,003,1148,2,2,0,2,0
2020-09-14,Amador,005,37829,285,281,0,281,16
2020-09-14,Butte,007,227075,2813,2642,28,2670,37
2020-09-14,Calaveras,009,45235,303,244,0,244,3
2020-09-14,Colusa,011,21464,515,486,0,486,6
2020-09-14,Contra Costa,013,1133247,16190,15354,76,15430,174
2020-09-14,Del Norte,015,27424,130,116,0,116,2
2020-09-14,El Dorado,017,186661,1097,1039,7,1046,3
2020-09-14,Fresno,019,978130,29702,27232,346,27578,344
2020-09-14,Glenn,021,27897,554,521,0,521,3
2020-09-14,Humboldt,023,135768,478,437,1,438,4
2020-09-14,Imperial,025,180216,11598,10340,8,10348,273
2020-09-14,Inyo,027,18085,186,176,4,180,12
2020-09-14,Kern,029,883053,31257,30344,288,30632,368
2020-09-14,Kings,031,150075,7237,6950,32,6982,70
2020-09-14,Lake,033,64148,487,407,0,407,4
2020-09-14,Lassen,035,31185,737,719,2,721,0
2020-09-14,Los Angeles,037,10098052,257874,254622,1593,256215,6226
2020-09-14,Madera,039,155013,4363,4104,29,4133,45
2020-09-14,Marin,041,260295,6529,6409,15,6424,70
2020-09-14,Mariposa,043,17540,75,74,0,74,2
2020-09-14,Mendocino,045,87422,766,710,0,710,17
2020-09-14,Merced,047,269075,8693,8593,13,8606,112
2020-09-14,Modoc,049,8938,26,21,0,21,0
2020-09-14,Mono,051,14174,165,147,2,149,1
2020-09-14,Monterey,053,433212,9305,8845,24,8869,61
2020-09-14,Napa,055,140530,1621,1576,8,1584,11
2020-09-14,Nevada,057,99092,511,489,15,504,6
2020-09-14,Orange,059,3164182,52901,50149,1342,51491,1079
2020-09-14,Placer,061,380077,3480,3302,13,3315,38
2020-09-14,Plumas,063,18699,48,42,0,42,0
2020-09-14,Riverside,065,2383286,56837,55488,117,55605,1113
2020-09-14,Sacramento,067,1510023,21197,20377,23,20400,367
2020-09-14,San Benito,069,59416,1274,1233,0,1233,7
2020-09-14,San Bernardino,071,2135413,52016,50163,335,50498,895
2020-09-14,San Diego,073,3302833,44686,42889,753,43642,734
2020-09-14,San Francisco,075,870044,10708,10255,23,10278,90
2020-09-14,San Joaquin,077,732212,19678,19111,44,19155,397
2020-09-14,San Luis Obispo,079,281455,3502,3248,17,3265,25
2020-09-14,San Mateo,081,765935,9626,8847,10,8857,127
2020-09-14,Santa Barbara,083,443738,8887,8692,72,8764,104
2020-09-14,Santa Clara,085,1922200,20890,19545,40,19585,247
2020-09-14,Santa Cruz,087,273765,2223,2016,21,2037,7
2020-09-14,Shasta,089,179085,741,584,3,587,10
2020-09-14,Sierra,091,2930,6,6,0,6,0
2020-09-14,Siskiyou,093,43540,152,143,10,153,0
2020-09-14,Solano,095,438530,6049,5834,39,5873,44
2020-09-14,Sonoma,097,501317,6980,6630,20,6650,102
2020-09-14,Stanislaus,099,539301,16178,15812,466,16278,253
2020-09-14,Sutter,101,95872,1608,1549,1,1550,10
2020-09-14,Tehama,103,63373,494,475,2,477,1
2020-09-14,Trinity,105,12862,52,14,7,21,0
2020-09-14,Tulare,107,460477,15750,15096,82,15178,254
2020-09-14,Tuolumne,109,53932,229,208,5,213,1
2020-09-14,Ventura,111,848112,12655,11903,135,12038,125
2020-09-14,Yolo,113,214977,2749,2687,7,2694,53
2020-09-14,Yuba,115,75493,1031,977,3,980,1
2020-09-13,Alameda,001,1643700,20464,19815,145,19960,306
2020-09-13,Alpine,003,1148,2,2,0,2,0
2020-09-13,Amador,005,37829,282,279,0,279,16
2020-09-13,Butte,007,227075,2791,2640,27,2667,37
2020-09-13,Calaveras,009,45235,302,246,0,246,3
2020-09-13,Colusa,011,21464,511,486,0,486,6
2020-09-13,Contra Costa,013,1133247,16083,15284,76,15360,172
2020-09-13,Del Norte,015,27424,127,116,0,116,1
2020-09-13,El Dorado,017,186661,1092,1035,7,1042,2
2020-09-13,Fresno,019,978130,29593,27196,337,27533,345
2020-09-13,Glenn,021,27897,550,517,0,517,3
2020-09-13,Humboldt,023,135768,478,434,1,435,4
2020-09-13,Imperial,025,180216,11561,10304,7,10311,273
2020-09-13,Inyo,027,18085,186,176,4,180,12
2020-09-13,Kern,029,883053,31161,30277,282,30559,368
2020-09-13,Kings,031,150075,7218,6937,32,6969,70
2020-09-13,Lake,033,64148,469,397,0,397,4
2020-09-13,Lassen,035,31185,734,719,2,721,0
2020-09-13,Los Angeles,037,10098052,256721,253950,1578,255528,6203
2020-09-13,Madera,039,155013,4306,4090,29,4119,45
2020-09-13,Marin,041,260295,6510,6395,15,6410,70
2020-09-13,Mariposa,043,17540,75,74,0,74,2
2020-09-13,Mendocino,045,87422,759,707,0,707,17
2020-09-13,Merced,047,269075,8659,8575,13,8588,112
2020-09-13,Modoc,049,8938,26,21,0,21,0
2020-09-13,Mono,051,14174,165,147,2,149,1
2020-09-13,Monterey,053,433212,9223,8826,23,8849,61
2020-09-13,Napa,055,140530,1614,1563,8,1571,11
2020-09-13,Nevada,057,99092,503,486,15,501,6
2020-09-13,Orange,059,3164182,52685,50061,1335,51396,1075
2020-09-13,Placer,061,380077,3451,3291,13,3304,38
2020-09-13,Plumas,063,18699,48,42,0,42,0
2020-09-13,Riverside,065,2383286,56630,55235,106,55341,1108
2020-09-13,Sacramento,067,1510023,20852,20279,23,20302,367
2020-09-13,San Benito,069,59416,1266,1217,0,1217,7
2020-09-13,San Bernardino,071,2135413,51729,49968,333,50301,895
2020-09-13,San Diego,073,3302833,44360,42681,719,43400,734
2020-09-13,San Francisco,075,870044,10630,10254,23,10277,90
2020-09-13,San Joaquin,077,732212,19607,19110,43,19153,396
2020-09-13,San Luis Obispo,079,281455,3465,3240,17,3257,24
2020-09-13,San Mateo,081,765935,9565,8811,10,8821,127
2020-09-13,Santa Barbara,083,443738,8850,8690,72,8762,104
2020-09-13,Santa Clara,085,1922200,20752,19456,39,19495,245
2020-09-13,Santa Cruz,087,273765,2189,2016,19,2035,7
2020-09-13,Shasta,089,179085,729,583,3,586,10
2020-09-13,Sierra,091,2930,6,6,0,6,0
2020-09-13,Siskiyou,093,43540,152,143,9,152,0
2020-09-13,Solano,095,438530,6003,5810,39,5849,43
2020-09-13,Sonoma,097,501317,6915,6592,20,6612,95
2020-09-13,Stanislaus,099,539301,16115,15759,454,16213,253
2020-09-13,Sutter,101,95872,1596,1539,1,1540,10
2020-09-13,Tehama,103,63373,490,476,2,478,1
2020-09-13,Trinity,105,12862,52,14,7,21,0
2020-09-13,Tulare,107,460477,15679,15098,81,15179,254
2020-09-13,Tuolumne,109,53932,225,208,5,213,1
2020-09-13,Ventura,111,848112,12547,11855,134,11989,123
2020-09-13,Yolo,113,214977,2737,2675,7,2682,53
2020-09-13,Yuba,115,75493,1026,967,3,970,1
2020-09-12,Alameda,001,1643700,20405,19758,145,19903,307
2020-09-12,Alpine,003,1148,2,2,0,2,0
2020-09-12,Amador,005,37829,281,278,0,278,16
2020-09-12,Butte,007,227075,2784,2629,26,2655,37
2020-09-12,Calaveras,009,45235,300,246,0,246,3
2020-09-12,Colusa,011,21464,507,486,0,486,6
2020-09-12,Contra Costa,013,1133247,16006,15135,75,15210,174
2020-09-12,Del Norte,015,27424,126,116,0,116,1
2020-09-12,El Dorado,017,186661,1085,1034,7,1041,2
2020-09-12,Fresno,019,978130,29523,27076,337,27413,345
2020-09-12,Glenn,021,27897,549,517,0,517,3
2020-09-12,Humboldt,023,135768,477,430,1,431,4
2020-09-12,Imperial,025,180216,11549,10305,7,10312,273
2020-09-12,Inyo,027,18085,186,177,4,181,12
2020-09-12,Kern,029,883053,31095,30202,282,30484,368
2020-09-12,Kings,031,150075,7208,6895,32,6927,70
2020-09-12,Lake,033,64148,461,393,0,393,4
2020-09-12,Lassen,035,31185,734,719,2,721,0
2020-09-12,Los Angeles,037,10098052,256164,253156,1557,254713,6193
2020-09-12,Madera,039,155013,4295,4058,29,4087,43
2020-09-12,Marin,041,260295,6501,6393,15,6408,69
2020-09-12,Mariposa,043,17540,75,72,0,72,2
2020-09-12,Mendocino,045,87422,756,700,0,700,17
2020-09-12,Merced,047,269075,8650,8533,13,8546,112
2020-09-12,Modoc,049,8938,25,21,0,21,0
2020-09-12,Mono,051,14174,165,147,2,149,1
2020-09-12,Monterey,053,433212,9187,8743,23,8766,61
2020-09-12,Napa,055,140530,1611,1556,8,1564,11
2020-09-12,Nevada,057,99092,502,482,15,497,6
2020-09-12,Orange,059,3164182,52570,49895,1332,51227,1078
2020-09-12,Placer,061,380077,3434,3280,13,3293,38
2020-09-12,Plumas,063,18699,48,42,0,42,0
2020-09-12,Riverside,065,2383286,56502,55058,102,55160,1108
2020-09-12,Sacramento,067,1510023,20784,20184,23,20207,367
2020-09-12,San Benito,069,59416,1263,1208,0,1208,7
2020-09-12,San Bernardino,071,2135413,51638,49945,331,50276,896
2020-09-12,San Diego,073,3302833,44165,42416,710,43126,747
2020-09-12,San Francisco,075,870044,10586,10257,23,10280,90
2020-09-12,San Joaquin,077,732212,19579,19108,43,19151,396
2020-09-12,San Luis Obispo,079,281455,3438,3220,17,3237,24
2020-09-12,San Mateo,081,765935,9520,8759,10,8769,127
2020-09-12,Santa Barbara,083,443738,8836,8642,72,8714,104
2020-09-12,Santa Clara,085,1922200,20665,19330,39,19369,237
2020-09-12,Santa Cruz,087,273765,2177,2016,19,2035,7
2020-09-12,Shasta,089,179085,717,569,3,572,10
2020-09-12,Sierra,091,2930,6,6,0,6,0
2020-09-12,Siskiyou,093,43540,152,141,9,150,0
2020-09-12,Solano,095,438530,5979,5772,39,5811,43
2020-09-12,Sonoma,097,501317,6890,6531,20,6551,95
2020-09-12,Stanislaus,099,539301,16083,15675,451,16126,253
2020-09-12,Sutter,101,95872,1590,1529,1,1530,10
2020-09-12,Tehama,103,63373,487,471,2,473,1
2020-09-12,Trinity,105,12862,52,15,7,22,0
2020-09-12,Tulare,107,460477,15634,15018,80,15098,254
2020-09-12,Tuolumne,109,53932,225,208,5,213,1
2020-09-12,Ventura,111,848112,12496,11759,132,11891,123
2020-09-12,Yolo,113,214977,2730,2646,7,2653,53
2020-09-12,Yuba,115,75493,1022,963,3,966,1
2020-09-11,Alameda,001,1643700,20350,19625,144,19769,298
2020-09-11,Alpine,003,1148,2,2,0,2,0
2020-09-11,Amador,005,37829,281,277,0,277,16
2020-09-11,Butte,007,227075,2772,2605,26,2631,37
2020-09-11,Calaveras,009,45235,299,242,0,242,1
2020-09-11,Colusa,011,21464,506,484,0,484,6
2020-09-11,Contra Costa,013,1133247,15948,15001,72,15073,173
2020-09-11,Del Norte,015,27424,126,115,0,115,1
2020-09-11,El Dorado,017,186661,1082,1024,7,1031,2
2020-09-11,Fresno,019,978130,29445,26917,336,27253,344
2020-09-11,Glenn,021,27897,544,515,0,515,3
2020-09-11,Humboldt,023,135768,475,426,1,427,4
2020-09-11,Imperial,025,180216,11531,10286,7,10293,273
2020-09-11,Inyo,027,18085,186,176,4,180,12
2020-09-11,Kern,029,883053,31027,30059,281,30340,365
2020-09-11,Kings,031,150075,7191,6770,32,6802,70
2020-09-11,Lake,033,64148,453,382,0,382,4
2020-09-11,Lassen,035,31185,734,719,2,721,0
2020-09-11,Los Angeles,037,10098052,255484,252057,1546,253603,6172
2020-09-11,Madera,039,155013,4276,4018,29,4047,43
2020-09-11,Marin,041,260295,6496,6364,15,6379,69
2020-09-11,Mariposa,043,17540,75,72,0,72,2
2020-09-11,Mendocino,045,87422,745,700,0,700,17
2020-09-11,Merced,047,269075,8629,8489,13,8502,109
2020-09-11,Modoc,049,8938,25,21,0,21,0
2020-09-11,Mono,051,14174,165,145,2,147,1
2020-09-11,Monterey,053,433212,9139,8595,23,8618,61
2020-09-11,Napa,055,140530,1600,1543,8,1551,11
2020-09-11,Nevada,057,99092,495,483,15,498,6
2020-09-11,Orange,059,3164182,52440,49755,1320,51075,1068
2020-09-11,Placer,061,380077,3419,3254,13,3267,37
2020-09-11,Plumas,063,18699,48,42,0,42,0
2020-09-11,Riverside,065,2383286,56367,54717,99,54816,1099
2020-09-11,Sacramento,067,1510023,20700,20012,23,20035,358
2020-09-11,San Benito,069,59416,1253,1202,0,1202,7
2020-09-11,San Bernardino,071,2135413,51539,49682,331,50013,871
2020-09-11,San Diego,073,3302833,43945,41971,704,42675,730
2020-09-11,San Francisco,075,870044,10538,10133,22,10155,89
2020-09-11,San Joaquin,077,732212,19531,19019,43,19062,391
2020-09-11,San Luis Obispo,079,281455,3420,3190,17,3207,24
2020-09-11,San Mateo,081,765935,9478,8611,10,8621,127
2020-09-11,Santa Barbara,083,443738,8803,8592,71,8663,103
2020-09-11,Santa Clara,085,1922200,20577,19065,39,19104,234
2020-09-11,Santa Cruz,087,273765,2160,1997,19,2016,7
2020-09-11,Shasta,089,179085,707,568,3,571,10
2020-09-11,Sierra,091,2930,6,6,0,6,0
2020-09-11,Siskiyou,093,43540,151,139,9,148,0
2020-09-11,Solano,095,438530,5962,5742,39,5781,42
2020-09-11,Sonoma,097,501317,6846,6469,20,6489,91
2020-09-11,Stanislaus,099,539301,16045,15613,448,16061,253
2020-09-11,Sutter,101,95872,1580,1505,1,1506,11
2020-09-11,Tehama,103,63373,484,466,2,468,1
2020-09-11,Trinity,105,12862,52,16,7,23,0
2020-09-11,Tulare,107,460477,15601,14932,77,15009,251
2020-09-11,Tuolumne,109,53932,225,208,5,213,1
2020-09-11,Ventura,111,848112,12442,11700,130,11830,123
2020-09-11,Yolo,113,214977,2719,2632,7,2639,53
2020-09-11,Yuba,115,75493,1014,946,3,949,1
2020-09-10,Alameda,001,1643700,20276,19509,144,19653,292
2020-09-10,Alpine,003,1148,2,2,0,2,0
2020-09-10,Amador,005,37829,280,277,0,277,16
2020-09-10,Butte,007,227075,2755,2590,26,2616,37
2020-09-10,Calaveras,009,45235,299,244,0,244,1
2020-09-10,Colusa,011,21464,504,482,0,482,6
2020-09-10,Contra Costa,013,1133247,15875,14909,72,14981,172
2020-09-10,Del Norte,015,27424,125,112,0,112,1
2020-09-10,El Dorado,017,186661,1079,1020,7,1027,2
2020-09-10,Fresno,019,978130,29323,26783,336,27119,338
2020-09-10,Glenn,021,27897,534,511,0,511,3
2020-09-10,Humboldt,023,135768,464,422,1,423,4
2020-09-10,Imperial,025,180216,11515,10251,7,10258,270
2020-09-10,Inyo,027,18085,185,176,4,180,11
2020-09-10,Kern,029,883053,30945,29988,277,30265,363
2020-09-10,Kings,031,150075,7161,6739,32,6771,70
2020-09-10,Lake,033,64148,447,377,0,377,4
2020-09-10,Lassen,035,31185,733,716,2,718,0
2020-09-10,Los Angeles,037,10098052,254505,251003,1525,252528,6132
2020-09-10,Madera,039,155013,4258,3979,29,4008,43
2020-09-10,Marin,041,260295,6484,6344,15,6359,68
2020-09-10,Mariposa,043,17540,75,72,0,72,2
2020-09-10,Mendocino,045,87422,735,697,0,697,16
2020-09-10,Merced,047,269075,8583,8461,13,8474,109
2020-09-10,Modoc,049,8938,25,21,0,21,0
2020-09-10,Mono,051,14174,165,145,2,147,1
2020-09-10,Monterey,053,433212,9069,8570,23,8593,59
2020-09-10,Napa,055,140530,1594,1536,8,1544,11
2020-09-10,Nevada,057,99092,491,478,15,493,6
2020-09-10,Orange,059,3164182,52277,49617,1313,50930,1057
2020-09-10,Placer,061,380077,3399,3233,13,3246,37
2020-09-10,Plumas,063,18699,48,42,0,42,0
2020-09-10,Riverside,065,2383286,56048,54417,96,54513,1091
2020-09-10,Sacramento,067,1510023,20580,19618,22,19640,354
2020-09-10,San Benito,069,59416,1247,1201,0,1201,5
2020-09-10,San Bernardino,071,2135413,51350,49467,329,49796,867
2020-09-10,San Diego,073,3302833,43679,41610,677,42287,725
2020-09-10,San Francisco,075,870044,10461,10082,22,10104,89
2020-09-10,San Joaquin,077,732212,19478,18854,43,18897,389
2020-09-10,San Luis Obispo,079,281455,3406,3161,16,3177,24
2020-09-10,San Mateo,081,765935,9432,8529,10,8539,125
2020-09-10,Santa Barbara,083,443738,8758,8552,71,8623,100
2020-09-10,Santa Clara,085,1922200,20462,18870,39,18909,231
2020-09-10,Santa Cruz,087,273765,2145,1986,17,2003,7
2020-09-10,Shasta,089,179085,696,566,3,569,10
2020-09-10,Sierra,091,2930,6,6,0,6,0
2020-09-10,Siskiyou,093,43540,151,137,9,146,0
2020-09-10,Solano,095,438530,5922,5696,39,5735,42
2020-09-10,Sonoma,097,501317,6797,6424,20,6444,91
2020-09-10,Stanislaus,099,539301,15992,15509,443,15952,243
2020-09-10,Sutter,101,95872,1570,1494,1,1495,11
2020-09-10,Tehama,103,63373,477,466,2,468,1
2020-09-10,Trinity,105,12862,52,15,7,22,0
2020-09-10,Tulare,107,460477,15548,14860,74,14934,250
2020-09-10,Tuolumne,109,53932,224,205,5,210,1
2020-09-10,Ventura,111,848112,12348,11600,123,11723,122
2020-09-10,Yolo,113,214977,2714,2612,7,2619,53
2020-09-10,Yuba,115,75493,1008,941,3,944,1
2020-09-09,Alameda,001,1643700,20197,19399,143,19542,289
2020-09-09,Alpine,003,1148,2,2,0,2,0
2020-09-09,Amador,005,37829,279,276,0,276,16
2020-09-09,Butte,007,227075,2738,2561,26,2587,37
2020-09-09,Calaveras,009,45235,299,242,0,242,1
2020-09-09,Colusa,011,21464,499,479,0,479,6
2020-09-09,Contra Costa,013,1133247,15788,14816,72,14888,171
2020-09-09,Del Norte,015,27424,121,109,0,109,1
2020-09-09,El Dorado,017,186661,1076,1020,7,1027,2
2020-09-09,Fresno,019,978130,29220,26724,331,27055,329
2020-09-09,Glenn,021,27897,531,508,0,508,3
2020-09-09,Humboldt,023,135768,462,420,1,421,4
2020-09-09,Imperial,025,180216,11495,10233,7,10240,268
2020-09-09,Inyo,027,18085,184,173,4,177,2
2020-09-09,Kern,029,883053,30847,29925,274,30199,355
2020-09-09,Kings,031,150075,7143,6721,32,6753,72
2020-09-09,Lake,033,64148,439,371,0,371,4
2020-09-09,Lassen,035,31185,732,714,2,716,0
2020-09-09,Los Angeles,037,10098052,253632,249876,1507,251383,6091
2020-09-09,Madera,039,155013,4232,3926,29,3955,43
2020-09-09,Marin,041,260295,6465,6321,15,6336,68
2020-09-09,Mariposa,043,17540,74,72,0,72,2
2020-09-09,Mendocino,045,87422,727,695,0,695,16
2020-09-09,Merced,047,269075,8557,8441,13,8454,107
2020-09-09,Modoc,049,8938,24,20,0,20,0
2020-09-09,Mono,051,14174,165,145,2,147,1
2020-09-09,Monterey,053,433212,8997,8527,23,8550,59
2020-09-09,Napa,055,140530,1584,1531,8,1539,11
2020-09-09,Nevada,057,99092,487,476,15,491,6
2020-09-09,Orange,059,3164182,52098,49394,1306,50700,1054
2020-09-09,Placer,061,380077,3379,3222,13,3235,36
2020-09-09,Plumas,063,18699,46,42,0,42,0
2020-09-09,Riverside,065,2383286,55818,54320,93,54413,1081
2020-09-09,Sacramento,067,1510023,20475,19474,21,19495,347
2020-09-09,San Benito,069,59416,1243,1199,0,1199,5
2020-09-09,San Bernardino,071,2135413,51151,49264,328,49592,866
2020-09-09,San Diego,073,3302833,43390,41326,665,41991,721
2020-09-09,San Francisco,075,870044,10411,9996,21,10017,86
2020-09-09,San Joaquin,077,732212,19415,18799,42,18841,388
2020-09-09,San Luis Obispo,079,281455,3388,3131,16,3147,24
2020-09-09,San Mateo,081,765935,9372,8478,10,8488,125
2020-09-09,Santa Barbara,083,443738,8715,8528,71,8599,97
2020-09-09,Santa Clara,085,1922200,20331,18759,39,18798,228
2020-09-09,Santa Cruz,087,273765,2122,1967,17,1984,7
2020-09-09,Shasta,089,179085,684,562,3,565,10
2020-09-09,Sierra,091,2930,6,6,0,6,0
2020-09-09,Siskiyou,093,43540,149,137,9,146,0
2020-09-09,Solano,095,438530,5890,5680,39,5719,36
2020-09-09,Sonoma,097,501317,6731,6397,20,6417,92
2020-09-09,Stanislaus,099,539301,15952,15469,432,15901,243
2020-09-09,Sutter,101,95872,1562,1487,1,1488,11
2020-09-09,Tehama,103,63373,474,462,2,464,1
2020-09-09,Trinity,105,12862,52,14,7,21,0
2020-09-09,Tulare,107,460477,15498,14787,69,14856,249
2020-09-09,Tuolumne,109,53932,223,204,4,208,1
2020-09-09,Ventura,111,848112,12257,11497,120,11617,121
2020-09-09,Yolo,113,214977,2703,2604,7,2611,53
2020-09-09,Yuba,115,75493,1003,936,3,939,1
2020-09-08,Alameda,001,1643700,20088,19293,143,19436,288
2020-09-08,Alpine,003,1148,2,2,0,2,0
2020-09-08,Amador,005,37829,279,276,0,276,16
2020-09-08,Butte,007,227075,2720,2453,26,2479,36
2020-09-08,Calaveras,009,45235,297,233,0,233,1
2020-09-08,Colusa,011,21464,497,475,0,475,6
2020-09-08,Contra Costa,013,1133247,15659,14740,69,14809,171
2020-09-08,Del Norte,015,27424,121,109,0,109,2
2020-09-08,El Dorado,017,186661,1073,1011,7,1018,2
2020-09-08,Fresno,019,978130,29101,26640,327,26967,329
2020-09-08,Glenn,021,27897,527,492,0,492,3
2020-09-08,Humboldt,023,135768,460,420,1,421,4
2020-09-08,Imperial,025,180216,11479,10198,7,10205,267
2020-09-08,Inyo,027,18085,184,169,4,173,2
2020-09-08,Kern,029,883053,30762,29850,271,30121,351
2020-09-08,Kings,031,150075,7105,6658,32,6690,72
2020-09-08,Lake,033,64148,428,370,0,370,4
2020-09-08,Lassen,035,31185,732,710,2,712,0
2020-09-08,Los Angeles,037,10098052,252700,249217,1478,250695,6034
2020-09-08,Madera,039,155013,4208,3904,29,3933,43
2020-09-08,Marin,041,260295,6434,6313,15,6328,68
2020-09-08,Mariposa,043,17540,74,72,0,72,2
2020-09-08,Mendocino,045,87422,720,690,0,690,16
2020-09-08,Merced,047,269075,8534,8381,13,8394,104
2020-09-08,Modoc,049,8938,24,20,0,20,0
2020-09-08,Mono,051,14174,165,145,2,147,1
2020-09-08,Monterey,053,433212,8912,8491,23,8514,59
2020-09-08,Napa,055,140530,1580,1518,8,1526,11
2020-09-08,Nevada,057,99092,487,470,15,485,6
2020-09-08,Orange,059,3164182,51956,49214,1302,50516,1044
2020-09-08,Placer,061,380077,3365,3205,13,3218,36
2020-09-08,Plumas,063,18699,46,42,0,42,0
2020-09-08,Riverside,065,2383286,55604,54168,90,54258,1069
2020-09-08,Sacramento,067,1510023,20240,19411,20,19431,347
2020-09-08,San Benito,069,59416,1236,1188,0,1188,5
2020-09-08,San Bernardino,071,2135413,50963,49034,326,49360,856
2020-09-08,San Diego,073,3302833,43074,41079,653,41732,709
2020-09-08,San Francisco,075,870044,10337,9821,21,9842,86
2020-09-08,San Joaquin,077,732212,19337,18550,42,18592,388
2020-09-08,San Luis Obispo,079,281455,3373,3120,16,3136,23
2020-09-08,San Mateo,081,765935,9296,8460,10,8470,125
2020-09-08,Santa Barbara,083,443738,8681,8488,70,8558,96
2020-09-08,Santa Clara,085,1922200,20154,18645,39,18684,228
2020-09-08,Santa Cruz,087,273765,2094,1903,17,1920,7
2020-09-08,Shasta,089,179085,676,556,3,559,10
2020-09-08,Sierra,091,2930,6,6,0,6,0
2020-09-08,Siskiyou,093,43540,147,136,9,145,0
2020-09-08,Solano,095,438530,5853,5654,39,5693,36
2020-09-08,Sonoma,097,501317,6662,6356,20,6376,92
2020-09-08,Stanislaus,099,539301,15888,15415,420,15835,238
2020-09-08,Sutter,101,95872,1546,1473,1,1474,11
2020-09-08,Tehama,103,63373,470,458,2,460,1
2020-09-08,Trinity,105,12862,51,13,7,20,0
2020-09-08,Tulare,107,460477,15418,14635,68,14703,249
2020-09-08,Tuolumne,109,53932,222,197,4,201,1
2020-09-08,Ventura,111,848112,12188,11475,117,11592,118
2020-09-08,Yolo,113,214977,2693,2580,7,2587,53
2020-09-08,Yuba,115,75493,991,923,3,926,1
2020-09-07,Alameda,001,1643700,19967,19188,137,19325,281
2020-09-07,Alpine,003,1148,2,2,0,2,0
2020-09-07,Amador,005,37829,279,276,0,276,16
2020-09-07,Butte,007,227075,2687,2450,25,2475,30
2020-09-07,Calaveras,009,45235,287,234,0,234,1
2020-09-07,Colusa,011,21464,496,475,0,475,6
2020-09-07,Contra Costa,013,1133247,15544,14637,66,14703,172
2020-09-07,Del Norte,015,27424,121,109,0,109,2
2020-09-07,El Dorado,017,186661,1062,1011,7,1018,2
2020-09-07,Fresno,019,978130,29007,26565,324,26889,329
2020-09-07,Glenn,021,27897,522,488,0,488,3
2020-09-07,Humboldt,023,135768,451,416,1,417,4
2020-09-07,Imperial,025,180216,11448,10199,7,10206,267
2020-09-07,Inyo,027,18085,184,169,4,173,2
2020-09-07,Kern,029,883053,30641,29790,266,30056,348
2020-09-07,Kings,031,150075,6981,6630,32,6662,72
2020-09-07,Lake,033,64148,405,367,0,367,2
2020-09-07,Lassen,035,31185,732,709,2,711,0
2020-09-07,Los Angeles,037,10098052,251653,248804,1457,250261,6030
2020-09-07,Madera,039,155013,4177,3889,28,3917,43
2020-09-07,Marin,041,260295,6404,6296,15,6311,67
2020-09-07,Mariposa,043,17540,74,72,0,72,2
2020-09-07,Mendocino,045,87422,712,687,0,687,16
2020-09-07,Merced,047,269075,8487,8381,13,8394,104
2020-09-07,Modoc,049,8938,23,20,0,20,0
2020-09-07,Mono,051,14174,165,145,2,147,1
2020-09-07,Monterey,053,433212,8833,8463,23,8486,57
2020-09-07,Napa,055,140530,1568,1514,8,1522,11
2020-09-07,Nevada,057,99092,485,469,15,484,6
2020-09-07,Orange,059,3164182,51782,49132,1298,50430,1042
2020-09-07,Placer,061,380077,3335,3188,12,3200,36
2020-09-07,Plumas,063,18699,45,42,0,42,0
2020-09-07,Riverside,065,2383286,55329,54178,84,54262,1069
2020-09-07,Sacramento,067,1510023,19998,19292,19,19311,345
2020-09-07,San Benito,069,59416,1230,1180,0,1180,4
2020-09-07,San Bernardino,071,2135413,50735,49043,324,49367,821
2020-09-07,San Diego,073,3302833,42674,40868,626,41494,708
2020-09-07,San Francisco,075,870044,10286,9813,20,9833,85
2020-09-07,San Joaquin,077,732212,19255,18552,40,18592,386
2020-09-07,San Luis Obispo,079,281455,3336,3116,16,3132,23
2020-09-07,San Mateo,081,765935,9214,8409,10,8419,125
2020-09-07,Santa Barbara,083,443738,8637,8479,70,8549,95
2020-09-07,Santa Clara,085,1922200,19998,18596,38,18634,226
2020-09-07,Santa Cruz,087,273765,2066,1902,17,1919,7
2020-09-07,Shasta,089,179085,666,556,3,559,10
2020-09-07,Sierra,091,2930,6,6,0,6,0
2020-09-07,Siskiyou,093,43540,146,133,9,142,0
2020-09-07,Solano,095,438530,5788,5640,39,5679,36
2020-09-07,Sonoma,097,501317,6596,6268,20,6288,85
2020-09-07,Stanislaus,099,539301,15823,15343,408,15751,236
2020-09-07,Sutter,101,95872,1529,1468,1,1469,11
2020-09-07,Tehama,103,63373,466,453,2,455,1
2020-09-07,Trinity,105,12862,51,13,7,20,0
2020-09-07,Tulare,107,460477,15311,14637,66,14703,249
2020-09-07,Tuolumne,109,53932,221,196,4,200,1
2020-09-07,Ventura,111,848112,12093,11463,114,11577,118
2020-09-07,Yolo,113,214977,2676,2565,6,2571,53
2020-09-07,Yuba,115,75493,975,923,3,926,1
2020-09-06,Alameda,001,1643700,19909,19029,135,19164,281
2020-09-06,Alpine,003,1148,2,2,0,2,0
2020-09-06,Amador,005,37829,277,275,0,275,16
2020-09-06,Butte,007,227075,2678,2446,25,2471,30
2020-09-06,Calaveras,009,45235,287,235,0,235,1
2020-09-06,Colusa,011,21464,492,475,0,475,6
2020-09-06,Contra Costa,013,1133247,15463,14565,65,14630,171
2020-09-06,Del Norte,015,27424,121,109,0,109,2
2020-09-06,El Dorado,017,186661,1060,1008,7,1015,2
2020-09-06,Fresno,019,978130,28943,26471,322,26793,329
2020-09-06,Glenn,021,27897,516,474,0,474,3
2020-09-06,Humboldt,023,135768,448,404,1,405,4
2020-09-06,Imperial,025,180216,11431,10152,7,10159,267
2020-09-06,Inyo,027,18085,184,169,4,173,2
2020-09-06,Kern,029,883053,30586,29699,262,29961,348
2020-09-06,Kings,031,150075,6961,6561,31,6592,72
2020-09-06,Lake,033,64148,402,362,0,362,2
2020-09-06,Lassen,035,31185,732,709,2,711,0
2020-09-06,Los Angeles,037,10098052,251020,248316,1443,249759,6004
2020-09-06,Madera,039,155013,4133,3867,28,3895,42
2020-09-06,Marin,041,260295,6392,6276,15,6291,67
2020-09-06,Mariposa,043,17540,74,72,0,72,2
2020-09-06,Mendocino,045,87422,711,672,0,672,16
2020-09-06,Merced,047,269075,8467,8327,13,8340,104
2020-09-06,Modoc,049,8938,23,20,0,20,0
2020-09-06,Mono,051,14174,164,145,2,147,1
2020-09-06,Monterey,053,433212,8793,8403,22,8425,56
2020-09-06,Napa,055,140530,1564,1501,6,1507,11
2020-09-06,Nevada,057,99092,485,467,14,481,6
2020-09-06,Orange,059,3164182,51669,48931,1294,50225,1042
2020-09-06,Placer,061,380077,3318,3169,12,3181,36
2020-09-06,Plumas,063,18699,44,42,0,42,0
2020-09-06,Riverside,065,2383286,55213,53970,82,54052,1069
2020-09-06,Sacramento,067,1510023,19903,19128,19,19147,340
2020-09-06,San Benito,069,59416,1228,1178,0,1178,4
2020-09-06,San Bernardino,071,2135413,50628,48923,324,49247,823
2020-09-06,San Diego,073,3302833,42426,40652,620,41272,707
2020-09-06,San Francisco,075,870044,10212,9813,20,9833,85
2020-09-06,San Joaquin,077,732212,19206,18558,40,18598,386
2020-09-06,San Luis Obispo,079,281455,3325,3101,16,3117,23
2020-09-06,San Mateo,081,765935,9161,8387,10,8397,125
2020-09-06,Santa Barbara,083,443738,8608,8434,70,8504,95
2020-09-06,Santa Clara,085,1922200,19896,18495,38,18533,207
2020-09-06,Santa Cruz,087,273765,2059,1902,17,1919,7
2020-09-06,Shasta,089,179085,660,550,3,553,10
2020-09-06,Sierra,091,2930,6,6,0,6,0
2020-09-06,Siskiyou,093,43540,146,132,9,141,0
2020-09-06,Solano,095,438530,5762,5619,39,5658,37
2020-09-06,Sonoma,097,501317,6567,6212,20,6232,85
2020-09-06,Stanislaus,099,539301,15779,15288,404,15692,236
2020-09-06,Sutter,101,95872,1516,1451,1,1452,11
2020-09-06,Tehama,103,63373,465,455,2,457,1
2020-09-06,Trinity,105,12862,50,13,7,20,0
2020-09-06,Tulare,107,460477,15268,14636,65,14701,249
2020-09-06,Tuolumne,109,53932,218,194,4,198,1
2020-09-06,Ventura,111,848112,12048,11315,114,11429,118
2020-09-06,Yolo,113,214977,2662,2556,6,2562,53
2020-09-06,Yuba,115,75493,966,913,3,916,1
2020-09-05,Alameda,001,1643700,19863,18973,133,19106,279
2020-09-05,Alpine,003,1148,2,2,0,2,0
2020-09-05,Amador,005,37829,277,274,0,274,16
2020-09-05,Butte,007,227075,2662,2406,24,2430,30
2020-09-05,Calaveras,009,45235,287,237,0,237,1
2020-09-05,Colusa,011,21464,488,472,0,472,6
2020-09-05,Contra Costa,013,1133247,15386,14456,63,14519,173
2020-09-05,Del Norte,015,27424,121,109,0,109,2
2020-09-05,El Dorado,017,186661,1060,1007,7,1014,2
2020-09-05,Fresno,019,978130,28876,26325,322,26647,331
2020-09-05,Glenn,021,27897,515,474,0,474,3
2020-09-05,Humboldt,023,135768,446,402,1,403,4
2020-09-05,Imperial,025,180216,11414,10151,7,10158,268
2020-09-05,Inyo,027,18085,184,169,4,173,2
2020-09-05,Kern,029,883053,30526,29645,258,29903,347
2020-09-05,Kings,031,150075,6952,6518,31,6549,66
2020-09-05,Lake,033,64148,399,359,0,359,2
2020-09-05,Lassen,035,31185,732,709,2,711,0
2020-09-05,Los Angeles,037,10098052,250485,247572,1431,249003,6001
2020-09-05,Madera,039,155013,4093,3851,28,3879,42
2020-09-05,Marin,041,260295,6384,6259,15,6274,66
2020-09-05,Mariposa,043,17540,74,72,0,72,2
2020-09-05,Mendocino,045,87422,710,658,0,658,16
2020-09-05,Merced,047,269075,8435,8297,11,8308,104
2020-09-05,Modoc,049,8938,23,19,0,19,0
2020-09-05,Mono,051,14174,164,145,2,147,1
2020-09-05,Monterey,053,433212,8763,8301,22,8323,56
2020-09-05,Napa,055,140530,1558,1484,6,1490,11
2020-09-05,Nevada,057,99092,482,461,14,475,6
2020-09-05,Orange,059,3164182,51568,48726,1289,50015,1039
2020-09-05,Placer,061,380077,3308,3141,12,3153,35
2020-09-05,Plumas,063,18699,44,42,0,42,0
2020-09-05,Riverside,065,2383286,55107,53780,82,53862,1066
2020-09-05,Sacramento,067,1510023,19813,18955,19,18974,339
2020-09-05,San Benito,069,59416,1226,1153,0,1153,4
2020-09-05,San Bernardino,071,2135413,50552,48800,323,49123,825
2020-09-05,San Diego,073,3302833,42233,40344,608,40952,717
2020-09-05,San Francisco,075,870044,10179,9812,19,9831,85
2020-09-05,San Joaquin,077,732212,19177,18557,40,18597,386
2020-09-05,San Luis Obispo,079,281455,3314,3083,16,3099,23
2020-09-05,San Mateo,081,765935,9116,8352,10,8362,124
2020-09-05,Santa Barbara,083,443738,8592,8404,70,8474,96
2020-09-05,Santa Clara,085,1922200,19815,18311,38,18349,207
2020-09-05,Santa Cruz,087,273765,2051,1904,17,1921,7
2020-09-05,Shasta,089,179085,659,544,3,547,10
2020-09-05,Sierra,091,2930,6,6,0,6,0
2020-09-05,Siskiyou,093,43540,145,131,9,140,0
2020-09-05,Solano,095,438530,5750,5579,39,5618,37
2020-09-05,Sonoma,097,501317,6534,6149,20,6169,85
2020-09-05,Stanislaus,099,539301,15731,15198,400,15598,236
2020-09-05,Sutter,101,95872,1509,1445,1,1446,11
2020-09-05,Tehama,103,63373,464,447,2,449,1
2020-09-05,Trinity,105,12862,50,13,7,20,0
2020-09-05,Tulare,107,460477,15210,14576,63,14639,249
2020-09-05,Tuolumne,109,53932,218,194,4,198,1
2020-09-05,Ventura,111,848112,12005,11254,114,11368,118
2020-09-05,Yolo,113,214977,2652,2534,6,2540,53
2020-09-05,Yuba,115,75493,960,902,3,905,1
2020-09-04,Alameda,001,1643700,19794,18843,132,18975,276
2020-09-04,Alpine,003,1148,2,2,0,2,0
2020-09-04,Amador,005,37829,276,274,0,274,16
2020-09-04,Butte,007,227075,2639,2325,24,2349,28
2020-09-04,Calaveras,009,45235,285,237,0,237,1
2020-09-04,Colusa,011,21464,486,467,0,467,6
2020-09-04,Contra Costa,013,1133247,15302,14355,62,14417,164
2020-09-04,Del Norte,015,27424,121,109,0,109,2
2020-09-04,El Dorado,017,186661,1056,992,7,999,2
2020-09-04,Fresno,019,978130,28772,26147,321,26468,321
2020-09-04,Glenn,021,27897,507,463,0,463,3
2020-09-04,Humboldt,023,135768,441,390,1,391,4
2020-09-04,Imperial,025,180216,11405,10136,7,10143,267
2020-09-04,Inyo,027,18085,184,169,4,173,2
2020-09-04,Kern,029,883053,30458,29526,255,29781,345
2020-09-04,Kings,031,150075,6939,6259,31,6290,66
2020-09-04,Lake,033,64148,399,347,0,347,2
2020-09-04,Lassen,035,31185,732,708,2,710,0
2020-09-04,Los Angeles,037,10098052,249917,246396,1411,247807,5977
2020-09-04,Madera,039,155013,4080,3838,28,3866,42
2020-09-04,Marin,041,260295,6372,6251,15,6266,66
2020-09-04,Mariposa,043,17540,74,72,0,72,2
2020-09-04,Mendocino,045,87422,708,646,0,646,16
2020-09-04,Merced,047,269075,8415,8214,11,8225,104
2020-09-04,Modoc,049,8938,23,15,0,15,0
2020-09-04,Mono,051,14174,164,145,2,147,1
2020-09-04,Monterey,053,433212,8718,8208,22,8230,56
2020-09-04,Napa,055,140530,1549,1475,6,1481,11
2020-09-04,Nevada,057,99092,479,455,14,469,6
2020-09-04,Orange,059,3164182,51444,48488,1282,49770,1031
2020-09-04,Placer,061,380077,3296,3101,12,3113,35
2020-09-04,Plumas,063,18699,44,42,0,42,0
2020-09-04,Riverside,065,2383286,54994,53606,77,53683,1066
2020-09-04,Sacramento,067,1510023,19725,18765,19,18784,337
2020-09-04,San Benito,069,59416,1217,1137,0,1137,4
2020-09-04,San Bernardino,071,2135413,50459,48497,321,48818,800
2020-09-04,San Diego,073,3302833,42003,39901,599,40500,701
2020-09-04,San Francisco,075,870044,10139,9694,18,9712,85
2020-09-04,San Joaquin,077,732212,19123,18438,40,18478,376
2020-09-04,San Luis Obispo,079,281455,3299,3049,15,3064,21
2020-09-04,San Mateo,081,765935,9072,8275,10,8285,122
2020-09-04,Santa Barbara,083,443738,8562,8340,70,8410,96
2020-09-04,Santa Clara,085,1922200,19705,18074,38,18112,209
2020-09-04,Santa Cruz,087,273765,2034,1896,16,1912,7
2020-09-04,Shasta,089,179085,656,536,3,539,10
2020-09-04,Sierra,091,2930,6,6,0,6,0
2020-09-04,Siskiyou,093,43540,145,129,9,138,0
2020-09-04,Solano,095,438530,5737,5552,39,5591,37
2020-09-04,Sonoma,097,501317,6469,6050,20,6070,85
2020-09-04,Stanislaus,099,539301,15698,15074,391,15465,233
2020-09-04,Sutter,101,95872,1493,1425,1,1426,11
2020-09-04,Tehama,103,63373,460,442,2,444,1
2020-09-04,Trinity,105,12862,50,13,7,20,0
2020-09-04,Tulare,107,460477,15182,14501,60,14561,247
2020-09-04,Tuolumne,109,53932,218,193,4,197,1
2020-09-04,Ventura,111,848112,11963,11171,114,11285,114
2020-09-04,Yolo,113,214977,2638,2495,6,2501,53
2020-09-04,Yuba,115,75493,955,884,3,887,1
2020-09-03,Alameda,001,1643700,19691,18687,132,18819,275
2020-09-03,Alpine,003,1148,2,2,0,2,0
2020-09-03,Amador,005,37829,276,274,0,274,16
2020-09-03,Butte,007,227075,2595,2274,24,2298,27
2020-09-03,Calaveras,009,45235,284,238,0,238,1
2020-09-03,Colusa,011,21464,484,464,0,464,6
2020-09-03,Contra Costa,013,1133247,15194,14206,59,14265,159
2020-09-03,Del Norte,015,27424,118,109,0,109,2
2020-09-03,El Dorado,017,186661,1052,983,7,990,2
2020-09-03,Fresno,019,978130,28653,25978,316,26294,313
2020-09-03,Glenn,021,27897,503,460,0,460,3
2020-09-03,Humboldt,023,135768,436,390,1,391,4
2020-09-03,Imperial,025,180216,11384,10083,7,10090,255
2020-09-03,Inyo,027,18085,182,171,4,175,3
2020-09-03,Kern,029,883053,30366,29426,241,29667,340
2020-09-03,Kings,031,150075,6859,6200,31,6231,64
2020-09-03,Lake,033,64148,390,347,0,347,2
2020-09-03,Lassen,035,31185,732,707,2,709,0
2020-09-03,Los Angeles,037,10098052,249054,245026,1391,246417,5931
2020-09-03,Madera,039,155013,4061,3780,28,3808,43
2020-09-03,Marin,041,260295,6353,6175,15,6190,66
2020-09-03,Mariposa,043,17540,74,71,0,71,2
2020-09-03,Mendocino,045,87422,699,638,0,638,16
2020-09-03,Merced,047,269075,8373,8136,11,8147,105
2020-09-03,Modoc,049,8938,23,14,0,14,0
2020-09-03,Mono,051,14174,163,144,2,146,1
2020-09-03,Monterey,053,433212,8664,8128,22,8150,56
2020-09-03,Napa,055,140530,1542,1466,6,1472,10
2020-09-03,Nevada,057,99092,476,453,14,467,6
2020-09-03,Orange,059,3164182,51258,48226,1268,49494,1009
2020-09-03,Placer,061,380077,3278,3069,12,3081,34
2020-09-03,Plumas,063,18699,44,39,0,39,0
2020-09-03,Riverside,065,2383286,54814,53341,73,53414,1052
2020-09-03,Sacramento,067,1510023,19597,18553,18,18571,328
2020-09-03,San Benito,069,59416,1206,1121,0,1121,4
2020-09-03,San Bernardino,071,2135413,50293,48165,320,48485,800
2020-09-03,San Diego,073,3302833,41689,39448,583,40031,700
2020-09-03,San Francisco,075,870044,10074,9636,16,9652,84
2020-09-03,San Joaquin,077,732212,19045,18331,40,18371,371
2020-09-03,San Luis Obispo,079,281455,3282,3023,15,3038,21
2020-09-03,San Mateo,081,765935,8998,8211,10,8221,122
2020-09-03,Santa Barbara,083,443738,8515,8277,70,8347,96
2020-09-03,Santa Clara,085,1922200,19524,17879,38,17917,208
2020-09-03,Santa Cruz,087,273765,2019,1870,16,1886,7
2020-09-03,Shasta,089,179085,651,535,3,538,10
2020-09-03,Sierra,091,2930,6,6,0,6,0
2020-09-03,Siskiyou,093,43540,145,128,9,137,0
2020-09-03,Solano,095,438530,5717,5499,38,5537,36
2020-09-03,Sonoma,097,501317,6407,5997,20,6017,62
2020-09-03,Stanislaus,099,539301,15646,14985,387,15372,217
2020-09-03,Sutter,101,95872,1483,1412,1,1413,11
2020-09-03,Tehama,103,63373,456,436,2,438,1
2020-09-03,Trinity,105,12862,48,13,7,20,0
2020-09-03,Tulare,107,460477,15116,14408,59,14467,244
2020-09-03,Tuolumne,109,53932,218,193,4,197,1
2020-09-03,Ventura,111,848112,11845,11109,111,11220,112
2020-09-03,Yolo,113,214977,2622,2475,6,2481,53
2020-09-03,Yuba,115,75493,948,867,3,870,1
2020-09-02,Alameda,001,1643700,19573,18522,129,18651,260
2020-09-02,Alpine,003,1148,2,2,0,2,0
2020-09-02,Amador,005,37829,276,245,0,245,14
2020-09-02,Butte,007,227075,2549,2241,24,2265,27
2020-09-02,Calaveras,009,45235,283,235,0,235,1
2020-09-02,Colusa,011,21464,480,460,0,460,6
2020-09-02,Contra Costa,013,1133247,15105,14097,57,14154,159
2020-09-02,Del Norte,015,27424,117,109,0,109,2
2020-09-02,El Dorado,017,186661,1048,975,6,981,2
2020-09-02,Fresno,019,978130,28505,25785,313,26098,292
2020-09-02,Glenn,021,27897,498,457,0,457,3
2020-09-02,Humboldt,023,135768,433,381,1,382,4
2020-09-02,Imperial,025,180216,11368,9832,7,9839,255
2020-09-02,Inyo,027,18085,182,171,4,175,3
2020-09-02,Kern,029,883053,30274,29288,235,29523,335
2020-09-02,Kings,031,150075,6774,6142,31,6173,64
2020-09-02,Lake,033,64148,386,342,0,342,2
2020-09-02,Lassen,035,31185,730,706,2,708,0
2020-09-02,Los Angeles,037,10098052,248123,243999,1363,245362,5887
2020-09-02,Madera,039,155013,4041,3735,28,3763,41
2020-09-02,Marin,041,260295,6338,6131,15,6146,66
2020-09-02,Mariposa,043,17540,74,71,0,71,2
2020-09-02,Mendocino,045,87422,689,636,0,636,15
2020-09-02,Merced,047,269075,8342,8097,10,8107,103
2020-09-02,Modoc,049,8938,22,11,0,11,0
2020-09-02,Mono,051,14174,163,145,2,147,1
2020-09-02,Monterey,053,433212,8600,8070,22,8092,56
2020-09-02,Napa,055,140530,1530,1454,6,1460,10
2020-09-02,Nevada,057,99092,470,452,13,465,6
2020-09-02,Orange,059,3164182,51077,47871,1258,49129,994
2020-09-02,Placer,061,380077,3253,3047,11,3058,33
2020-09-02,Plumas,063,18699,44,39,0,39,0
2020-09-02,Riverside,065,2383286,54612,52923,70,52993,1032
2020-09-02,Sacramento,067,1510023,19362,18355,17,18372,316
2020-09-02,San Benito,069,59416,1193,1107,0,1107,4
2020-09-02,San Bernardino,071,2135413,50130,47766,317,48083,794
2020-09-02,San Diego,073,3302833,41369,39123,569,39692,695
2020-09-02,San Francisco,075,870044,10005,9587,16,9603,84
2020-09-02,San Joaquin,077,732212,18964,18194,39,18233,352
2020-09-02,San Luis Obispo,079,281455,3256,3002,14,3016,21
2020-09-02,San Mateo,081,765935,8941,8148,10,8158,122
2020-09-02,Santa Barbara,083,443738,8460,8206,69,8275,94
2020-09-02,Santa Clara,085,1922200,19368,17673,38,17711,206
2020-09-02,Santa Cruz,087,273765,1996,1850,16,1866,7
2020-09-02,Shasta,089,179085,650,531,3,534,10
2020-09-02,Sierra,091,2930,6,6,0,6,0
2020-09-02,Siskiyou,093,43540,144,127,9,136,0
2020-09-02,Solano,095,438530,5689,5463,38,5501,36
2020-09-02,Sonoma,097,501317,6345,5846,20,5866,62
2020-09-02,Stanislaus,099,539301,15576,14854,380,15234,220
2020-09-02,Sutter,101,95872,1468,1401,1,1402,10
2020-09-02,Tehama,103,63373,453,429,2,431,1
2020-09-02,Trinity,105,12862,48,13,7,20,0
2020-09-02,Tulare,107,460477,15050,14298,59,14357,244
2020-09-02,Tuolumne,109,53932,218,190,4,194,1
2020-09-02,Ventura,111,848112,11758,11031,110,11141,111
2020-09-02,Yolo,113,214977,2600,2449,6,2455,54
2020-09-02,Yuba,115,75493,941,856,3,859,1
2020-09-01,Alameda,001,1643700,19434,18382,126,18508,248
2020-09-01,Alpine,003,1148,2,2,0,2,0
2020-09-01,Amador,005,37829,275,244,0,244,13
2020-09-01,Butte,007,227075,2492,2146,24,2170,26
2020-09-01,Calaveras,009,45235,275,228,0,228,1
2020-09-01,Colusa,011,21464,476,454,0,454,6
2020-09-01,Contra Costa,013,1133247,15012,13998,55,14053,158
2020-09-01,Del Norte,015,27424,116,108,0,108,2
2020-09-01,El Dorado,017,186661,1040,972,6,978,2
2020-09-01,Fresno,019,978130,28358,25542,311,25853,290
2020-09-01,Glenn,021,27897,491,449,0,449,3
2020-09-01,Humboldt,023,135768,427,378,1,379,4
2020-09-01,Imperial,025,180216,11342,9782,7,9789,250
2020-09-01,Inyo,027,18085,182,171,4,175,3
2020-09-01,Kern,029,883053,30183,29162,230,29392,332
2020-09-01,Kings,031,150075,6743,6088,31,6119,62
2020-09-01,Lake,033,64148,383,341,0,341,2
2020-09-01,Lassen,035,31185,727,706,2,708,0
2020-09-01,Los Angeles,037,10098052,247032,242633,1340,243973,5832
2020-09-01,Madera,039,155013,4012,3703,27,3730,41
2020-09-01,Marin,041,260295,6323,6102,15,6117,67
2020-09-01,Mariposa,043,17540,73,72,0,72,2
2020-09-01,Mendocino,045,87422,674,626,0,626,15
2020-09-01,Merced,047,269075,8289,8046,9,8055,103
2020-09-01,Modoc,049,8938,20,10,0,10,0
2020-09-01,Mono,051,14174,163,145,2,147,1
2020-09-01,Monterey,053,433212,8494,7926,22,7948,56
2020-09-01,Napa,055,140530,1515,1446,6,1452,10
2020-09-01,Nevada,057,99092,464,450,13,463,6
2020-09-01,Orange,059,3164182,50913,47671,1239,48910,976
2020-09-01,Placer,061,380077,3231,3013,11,3024,33
2020-09-01,Plumas,063,18699,44,39,0,39,0
2020-09-01,Riverside,065,2383286,54395,52785,69,52854,1027
2020-09-01,Sacramento,067,1510023,19179,18217,16,18233,305
2020-09-01,San Benito,069,59416,1181,1089,0,1089,4
2020-09-01,San Bernardino,071,2135413,49923,47371,316,47687,786
2020-09-01,San Diego,073,3302833,41011,38873,531,39404,688
2020-09-01,San Francisco,075,870044,9936,9492,16,9508,83
2020-09-01,San Joaquin,077,732212,18883,17915,38,17953,341
2020-09-01,San Luis Obispo,079,281455,3230,2970,14,2984,21
2020-09-01,San Mateo,081,765935,8861,8132,10,8142,122
2020-09-01,Santa Barbara,083,443738,8410,8142,68,8210,93
2020-09-01,Santa Clara,085,1922200,19189,17319,38,17357,204
2020-09-01,Santa Cruz,087,273765,1972,1752,16,1768,7
2020-09-01,Shasta,089,179085,642,527,3,530,9
2020-09-01,Sierra,091,2930,6,6,0,6,0
2020-09-01,Siskiyou,093,43540,141,128,8,136,0
2020-09-01,Solano,095,438530,5663,5438,38,5476,34
2020-09-01,Sonoma,097,501317,6255,5733,20,5753,60
2020-09-01,Stanislaus,099,539301,15500,14784,370,15154,212
2020-09-01,Sutter,101,95872,1457,1389,1,1390,10
2020-09-01,Tehama,103,63373,449,422,2,424,1
2020-09-01,Trinity,105,12862,47,13,6,19,0
2020-09-01,Tulare,107,460477,14966,14156,59,14215,241
2020-09-01,Tuolumne,109,53932,212,183,4,187,1
2020-09-01,Ventura,111,848112,11680,10899,105,11004,108
2020-09-01,Yolo,113,214977,2583,2440,6,2446,51
2020-09-01,Yuba,115,75493,932,841,3,844,1
2020-08-31,Alameda,001,1643700,19288,18148,126,18274,248
2020-08-31,Alpine,003,1148,2,2,0,2,0
2020-08-31,Amador,005,37829,275,243,0,243,13
2020-08-31,Butte,007,227075,2428,2069,24,2093,26
2020-08-31,Calaveras,009,45235,270,212,0,212,1
2020-08-31,Colusa,011,21464,475,443,0,443,6
2020-08-31,Contra Costa,013,1133247,14886,13902,52,13954,153
2020-08-31,Del Norte,015,27424,116,108,0,108,2
2020-08-31,El Dorado,017,186661,1033,965,6,971,2
2020-08-31,Fresno,019,978130,28136,25185,305,25490,290
2020-08-31,Glenn,021,27897,479,437,0,437,3
2020-08-31,Humboldt,023,135768,425,374,1,375,4
2020-08-31,Imperial,025,180216,11311,9759,7,9766,250
2020-08-31,Inyo,027,18085,181,160,4,164,3
2020-08-31,Kern,029,883053,30085,29067,229,29296,318
2020-08-31,Kings,031,150075,6476,6037,31,6068,62
2020-08-31,Lake,033,64148,367,341,0,341,2
2020-08-31,Lassen,035,31185,724,706,2,708,0
2020-08-31,Los Angeles,037,10098052,245925,241793,1313,243106,5787
2020-08-31,Madera,039,155013,3989,3662,26,3688,35
2020-08-31,Marin,041,260295,6287,6074,15,6089,67
2020-08-31,Mariposa,043,17540,73,69,0,69,2
2020-08-31,Mendocino,045,87422,662,618,0,618,15
2020-08-31,Merced,047,269075,8227,7991,9,8000,79
2020-08-31,Modoc,049,8938,18,10,0,10,0
2020-08-31,Mono,051,14174,163,145,2,147,1
2020-08-31,Monterey,053,433212,8387,7839,22,7861,56
2020-08-31,Napa,055,140530,1507,1434,6,1440,10
2020-08-31,Nevada,057,99092,462,447,13,460,6
2020-08-31,Orange,059,3164182,50714,47392,1211,48603,965
2020-08-31,Placer,061,380077,3182,2989,11,3000,33
2020-08-31,Plumas,063,18699,43,39,0,39,0
2020-08-31,Riverside,065,2383286,54173,52508,67,52575,1020
2020-08-31,Sacramento,067,1510023,18938,17999,16,18015,303
2020-08-31,San Benito,069,59416,1165,1080,0,1080,4
2020-08-31,San Bernardino,071,2135413,49711,47370,315,47685,755
2020-08-31,San Diego,073,3302833,40644,38606,498,39104,682
2020-08-31,San Francisco,075,870044,9857,9293,13,9306,83
2020-08-31,San Joaquin,077,732212,18796,17807,37,17844,338
2020-08-31,San Luis Obispo,079,281455,3207,2951,13,2964,21
2020-08-31,San Mateo,081,765935,8791,8065,10,8075,122
2020-08-31,Santa Barbara,083,443738,8365,8124,68,8192,94
2020-08-31,Santa Clara,085,1922200,19001,17211,38,17249,202
2020-08-31,Santa Cruz,087,273765,1947,1742,16,1758,7
2020-08-31,Shasta,089,179085,637,528,3,531,9
2020-08-31,Sierra,091,2930,6,6,0,6,0
2020-08-31,Siskiyou,093,43540,140,127,8,135,0
2020-08-31,Solano,095,438530,5631,5302,37,5339,34
2020-08-31,Sonoma,097,501317,6180,5650,20,5670,60
2020-08-31,Stanislaus,099,539301,15426,14685,361,15046,213
2020-08-31,Sutter,101,95872,1442,1365,1,1366,10
2020-08-31,Tehama,103,63373,446,421,2,423,1
2020-08-31,Trinity,105,12862,47,13,6,19,0
2020-08-31,Tulare,107,460477,14879,13985,57,14042,237
2020-08-31,Tuolumne,109,53932,212,178,4,182,1
2020-08-31,Ventura,111,848112,11592,10866,104,10970,108
2020-08-31,Yolo,113,214977,2565,2423,5,2428,51
2020-08-31,Yuba,115,75493,918,830,3,833,1
2020-08-30,Alameda,001,1643700,19163,18099,124,18223,248
2020-08-30,Alpine,003,1148,2,2,0,2,0
2020-08-30,Amador,005,37829,274,240,0,240,13
2020-08-30,Butte,007,227075,2348,1988,24,2012,26
2020-08-30,Calaveras,009,45235,261,211,0,211,1
2020-08-30,Colusa,011,21464,474,440,0,440,6
2020-08-30,Contra Costa,013,1133247,14748,13780,52,13832,150
2020-08-30,Del Norte,015,27424,115,108,0,108,2
2020-08-30,El Dorado,017,186661,1023,962,6,968,2
2020-08-30,Fresno,019,978130,28010,24963,304,25267,291
2020-08-30,Glenn,021,27897,472,437,0,437,3
2020-08-30,Humboldt,023,135768,414,362,1,363,4
2020-08-30,Imperial,025,180216,11292,9703,7,9710,250
2020-08-30,Inyo,027,18085,181,160,4,164,3
2020-08-30,Kern,029,883053,29992,28987,229,29216,317
2020-08-30,Kings,031,150075,6430,6000,31,6031,62
2020-08-30,Lake,033,64148,362,334,0,334,2
2020-08-30,Lassen,035,31185,722,706,2,708,0
2020-08-30,Los Angeles,037,10098052,244788,240775,1281,242056,5772
2020-08-30,Madera,039,155013,3961,3626,26,3652,33
2020-08-30,Marin,041,260295,6257,6060,15,6075,66
2020-08-30,Mariposa,043,17540,73,69,0,69,2
2020-08-30,Mendocino,045,87422,656,611,0,611,13
2020-08-30,Merced,047,269075,8152,7960,9,7969,79
2020-08-30,Modoc,049,8938,13,10,0,10,0
2020-08-30,Mono,051,14174,163,145,2,147,1
2020-08-30,Monterey,053,433212,8303,7816,22,7838,54
2020-08-30,Napa,055,140530,1495,1423,6,1429,10
2020-08-30,Nevada,057,99092,459,445,13,458,6
2020-08-30,Orange,059,3164182,50518,47283,1197,48480,965
2020-08-30,Placer,061,380077,3149,2961,11,2972,32
2020-08-30,Plumas,063,18699,42,39,0,39,0
2020-08-30,Riverside,065,2383286,53994,52227,66,52293,1017
2020-08-30,Sacramento,067,1510023,18762,17751,16,17767,300
2020-08-30,San Benito,069,59416,1155,1071,0,1071,4
2020-08-30,San Bernardino,071,2135413,49454,47201,315,47516,755
2020-08-30,San Diego,073,3302833,40246,38302,477,38779,682
2020-08-30,San Francisco,075,870044,9760,9294,10,9304,83
2020-08-30,San Joaquin,077,732212,18679,17637,36,17673,338
2020-08-30,San Luis Obispo,079,281455,3182,2934,13,2947,21
2020-08-30,San Mateo,081,765935,8714,8013,10,8023,122
2020-08-30,Santa Barbara,083,443738,8306,8088,68,8156,93
2020-08-30,Santa Clara,085,1922200,18827,17045,38,17083,202
2020-08-30,Santa Cruz,087,273765,1921,1743,16,1759,7
2020-08-30,Shasta,089,179085,634,525,3,528,9
2020-08-30,Sierra,091,2930,6,6,0,6,0
2020-08-30,Siskiyou,093,43540,138,125,8,133,0
2020-08-30,Solano,095,438530,5588,5303,37,5340,34
2020-08-30,Sonoma,097,501317,6120,5590,20,5610,60
2020-08-30,Stanislaus,099,539301,15354,14580,352,14932,209
2020-08-30,Sutter,101,95872,1421,1351,1,1352,10
2020-08-30,Tehama,103,63373,437,419,2,421,1
2020-08-30,Trinity,105,12862,47,13,6,19,0
2020-08-30,Tulare,107,460477,14784,13985,56,14041,236
2020-08-30,Tuolumne,109,53932,208,178,4,182,1
2020-08-30,Ventura,111,848112,11479,10775,99,10874,108
2020-08-30,Yolo,113,214977,2537,2391,4,2395,51
2020-08-30,Yuba,115,75493,904,832,3,835,1
2020-08-29,Alameda,001,1643700,19096,17888,124,18012,250
2020-08-29,Alpine,003,1148,2,2,0,2,0
2020-08-29,Amador,005,37829,274,239,0,239,13
2020-08-29,Butte,007,227075,2317,1948,24,1972,26
2020-08-29,Calaveras,009,45235,257,211,0,211,1
2020-08-29,Colusa,011,21464,471,440,0,440,6
2020-08-29,Contra Costa,013,1133247,14675,13663,51,13714,159
2020-08-29,Del Norte,015,27424,115,108,0,108,1
2020-08-29,El Dorado,017,186661,1020,958,6,964,2
2020-08-29,Fresno,019,978130,27955,24821,304,25125,291
2020-08-29,Glenn,021,27897,466,437,0,437,3
2020-08-29,Humboldt,023,135768,411,363,1,364,4
2020-08-29,Imperial,025,180216,11277,9698,7,9705,250
2020-08-29,Inyo,027,18085,181,160,4,164,3
2020-08-29,Kern,029,883053,29952,28947,228,29175,317
2020-08-29,Kings,031,150075,6415,5906,31,5937,62
2020-08-29,Lake,033,64148,361,329,0,329,2
2020-08-29,Lassen,035,31185,722,706,2,708,0
2020-08-29,Los Angeles,037,10098052,244160,239815,1268,241083,5762
2020-08-29,Madera,039,155013,3952,3605,25,3630,33
2020-08-29,Marin,041,260295,6245,6007,15,6022,64
2020-08-29,Mariposa,043,17540,73,69,0,69,2
2020-08-29,Mendocino,045,87422,652,596,0,596,13
2020-08-29,Merced,047,269075,8122,7867,9,7876,79
2020-08-29,Modoc,049,8938,13,9,0,9,0
2020-08-29,Mono,051,14174,163,145,2,147,1
2020-08-29,Monterey,053,433212,8258,7680,22,7702,53
2020-08-29,Napa,055,140530,1492,1413,6,1419,10
2020-08-29,Nevada,057,99092,459,442,13,455,5
2020-08-29,Orange,059,3164182,50407,47007,1187,48194,960
2020-08-29,Placer,061,380077,3132,2935,11,2946,32
2020-08-29,Plumas,063,18699,41,39,0,39,0
2020-08-29,Riverside,065,2383286,53882,51918,64,51982,1016
2020-08-29,Sacramento,067,1510023,18691,17588,16,17604,291
2020-08-29,San Benito,069,59416,1146,1045,0,1045,4
2020-08-29,San Bernardino,071,2135413,49339,46849,315,47164,755
2020-08-29,San Diego,073,3302833,39980,38049,459,38508,694
2020-08-29,San Francisco,075,870044,9732,9291,9,9300,83
2020-08-29,San Joaquin,077,732212,18635,17493,36,17529,335
2020-08-29,San Luis Obispo,079,281455,3157,2917,13,2930,21
2020-08-29,San Mateo,081,765935,8672,7928,10,7938,122
2020-08-29,Santa Barbara,083,443738,8279,8052,67,8119,93
2020-08-29,Santa Clara,085,1922200,18727,16898,37,16935,202
2020-08-29,Santa Cruz,087,273765,1909,1746,16,1762,7
2020-08-29,Shasta,089,179085,626,522,3,525,9
2020-08-29,Sierra,091,2930,6,6,0,6,0
2020-08-29,Siskiyou,093,43540,138,121,8,129,0
2020-08-29,Solano,095,438530,5567,5303,37,5340,34
2020-08-29,Sonoma,097,501317,6085,5537,20,5557,60
2020-08-29,Stanislaus,099,539301,15305,14479,342,14821,208
2020-08-29,Sutter,101,95872,1416,1333,1,1334,9
2020-08-29,Tehama,103,63373,436,417,2,419,1
2020-08-29,Trinity,105,12862,46,11,6,17,0
2020-08-29,Tulare,107,460477,14746,13890,55,13945,236
2020-08-29,Tuolumne,109,53932,208,178,4,182,1
2020-08-29,Ventura,111,848112,11437,10705,99,10804,108
2020-08-29,Yolo,113,214977,2519,2357,4,2361,51
2020-08-29,Yuba,115,75493,895,822,3,825,1
2020-08-28,Alameda,001,1643700,19013,17729,123,17852,237
2020-08-28,Alpine,003,1148,2,2,0,2,0
2020-08-28,Amador,005,37829,274,234,0,234,13
2020-08-28,Butte,007,227075,2287,1886,24,1910,25
2020-08-28,Calaveras,009,45235,255,207,0,207,1
2020-08-28,Colusa,011,21464,470,441,0,441,6
2020-08-28,Contra Costa,013,1133247,14604,13522,50,13572,158
2020-08-28,Del Norte,015,27424,115,107,0,107,1
2020-08-28,El Dorado,017,186661,1014,949,6,955,2
2020-08-28,Fresno,019,978130,27821,24612,304,24916,282
2020-08-28,Glenn,021,27897,459,429,0,429,3
2020-08-28,Humboldt,023,135768,407,362,1,363,4
2020-08-28,Imperial,025,180216,11263,9656,7,9663,241
2020-08-28,Inyo,027,18085,180,160,4,164,2
2020-08-28,Kern,029,883053,29904,28744,228,28972,306
2020-08-28,Kings,031,150075,6408,5829,30,5859,62
2020-08-28,Lake,033,64148,356,320,0,320,2
2020-08-28,Lassen,035,31185,722,704,2,706,0
2020-08-28,Los Angeles,037,10098052,243348,238544,1243,239787,5740
2020-08-28,Madera,039,155013,3933,3552,25,3577,33
2020-08-28,Marin,041,260295,6223,5991,15,6006,63
2020-08-28,Mariposa,043,17540,73,67,0,67,2
2020-08-28,Mendocino,045,87422,647,588,0,588,11
2020-08-28,Merced,047,269075,8092,7803,9,7812,77
2020-08-28,Modoc,049,8938,13,6,0,6,0
2020-08-28,Mono,051,14174,163,145,2,147,1
2020-08-28,Monterey,053,433212,8201,7591,22,7613,53
2020-08-28,Napa,055,140530,1484,1403,5,1408,10
2020-08-28,Nevada,057,99092,458,438,13,451,5
2020-08-28,Orange,059,3164182,50307,46696,1172,47868,942
2020-08-28,Placer,061,380077,3122,2891,11,2902,32
2020-08-28,Plumas,063,18699,41,39,0,39,0
2020-08-28,Riverside,065,2383286,53751,51510,60,51570,1008
2020-08-28,Sacramento,067,1510023,18593,17119,16,17135,283
2020-08-28,San Benito,069,59416,1130,1016,0,1016,3
2020-08-28,San Bernardino,071,2135413,49220,46553,311,46864,754
2020-08-28,San Diego,073,3302833,39750,37786,444,38230,676
2020-08-28,San Francisco,075,870044,9680,9135,9,9144,83
2020-08-28,San Joaquin,077,732212,18582,17114,35,17149,314
2020-08-28,San Luis Obispo,079,281455,3140,2849,13,2862,20
2020-08-28,San Mateo,081,765935,8626,7783,9,7792,121
2020-08-28,Santa Barbara,083,443738,8247,8001,67,8068,92
2020-08-28,Santa Clara,085,1922200,18600,16696,37,16733,201
2020-08-28,Santa Cruz,087,273765,1897,1747,16,1763,7
2020-08-28,Shasta,089,179085,622,516,3,519,9
2020-08-28,Sierra,091,2930,6,6,0,6,0
2020-08-28,Siskiyou,093,43540,136,119,8,127,0
2020-08-28,Solano,095,438530,5548,5219,37,5256,34
2020-08-28,Sonoma,097,501317,6050,5425,19,5444,58
2020-08-28,Stanislaus,099,539301,15262,14176,338,14514,190
2020-08-28,Sutter,101,95872,1406,1308,1,1309,9
2020-08-28,Tehama,103,63373,431,410,2,412,1
2020-08-28,Trinity,105,12862,46,11,6,17,0
2020-08-28,Tulare,107,460477,14701,13776,55,13831,236
2020-08-28,Tuolumne,109,53932,208,176,4,180,1
2020-08-28,Ventura,111,848112,11401,10606,97,10703,103
2020-08-28,Yolo,113,214977,2510,2323,4,2327,51
2020-08-28,Yuba,115,75493,886,810,3,813,1
2020-08-27,Alameda,001,1643700,18868,17584,120,17704,234
2020-08-27,Alpine,003,1148,2,2,0,2,0
2020-08-27,Amador,005,37829,273,233,0,233,13
2020-08-27,Butte,007,227075,2221,1803,23,1826,25
2020-08-27,Calaveras,009,45235,249,204,0,204,1
2020-08-27,Colusa,011,21464,468,438,0,438,6
2020-08-27,Contra Costa,013,1133247,14504,13379,49,13428,158
2020-08-27,Del Norte,015,27424,115,107,0,107,1
2020-08-27,El Dorado,017,186661,1010,942,6,948,2
2020-08-27,Fresno,019,978130,27639,24367,299,24666,272
2020-08-27,Glenn,021,27897,451,429,0,429,3
2020-08-27,Humboldt,023,135768,399,358,1,359,4
2020-08-27,Imperial,025,180216,11236,9608,7,9615,235
2020-08-27,Inyo,027,18085,180,157,3,160,2
2020-08-27,Kern,029,883053,29833,28635,219,28854,294
2020-08-27,Kings,031,150075,6386,5759,30,5789,62
2020-08-27,Lake,033,64148,354,314,0,314,2
2020-08-27,Lassen,035,31185,722,703,2,705,0
2020-08-27,Los Angeles,037,10098052,242345,237103,1228,238331,5704
2020-08-27,Madera,039,155013,3907,3465,25,3490,33
2020-08-27,Marin,041,260295,6199,5929,15,5944,62
2020-08-27,Mariposa,043,17540,73,67,0,67,2
2020-08-27,Mendocino,045,87422,638,581,0,581,10
2020-08-27,Merced,047,269075,8048,7765,9,7774,75
2020-08-27,Modoc,049,8938,11,5,0,5,0
2020-08-27,Mono,051,14174,163,145,2,147,1
2020-08-27,Monterey,053,433212,8107,7501,22,7523,52
2020-08-27,Napa,055,140530,1478,1397,5,1402,10
2020-08-27,Nevada,057,99092,455,435,13,448,5
2020-08-27,Orange,059,3164182,50150,46449,1161,47610,935
2020-08-27,Placer,061,380077,3091,2869,11,2880,32
2020-08-27,Plumas,063,18699,40,39,0,39,0
2020-08-27,Riverside,065,2383286,53542,51306,57,51363,999
2020-08-27,Sacramento,067,1510023,18395,16875,16,16891,281
2020-08-27,San Benito,069,59416,1114,987,0,987,3
2020-08-27,San Bernardino,071,2135413,48995,46345,305,46650,751
2020-08-27,San Diego,073,3302833,39479,37501,424,37925,673
2020-08-27,San Francisco,075,870044,9614,9014,9,9023,83
2020-08-27,San Joaquin,077,732212,18502,16989,35,17024,314
2020-08-27,San Luis Obispo,079,281455,3115,2808,13,2821,20
2020-08-27,San Mateo,081,765935,8517,7728,9,7737,121
2020-08-27,Santa Barbara,083,443738,8209,7934,67,8001,92
2020-08-27,Santa Clara,085,1922200,18414,16495,37,16532,199
2020-08-27,Santa Cruz,087,273765,1880,1734,16,1750,7
2020-08-27,Shasta,089,179085,616,512,3,515,9
2020-08-27,Sierra,091,2930,6,6,0,6,0
2020-08-27,Siskiyou,093,43540,136,118,8,126,0
2020-08-27,Solano,095,438530,5510,5167,37,5204,34
2020-08-27,Sonoma,097,501317,5942,5357,19,5376,58
2020-08-27,Stanislaus,099,539301,15181,14080,335,14415,186
2020-08-27,Sutter,101,95872,1386,1296,1,1297,9
2020-08-27,Tehama,103,63373,427,398,2,400,1
2020-08-27,Trinity,105,12862,46,11,6,17,0
2020-08-27,Tulare,107,460477,14610,13666,55,13721,231
2020-08-27,Tuolumne,109,53932,203,174,4,178,1
2020-08-27,Ventura,111,848112,11338,10483,93,10576,102
2020-08-27,Yolo,113,214977,2486,2293,4,2297,51
2020-08-27,Yuba,115,75493,875,807,3,810,1
2020-08-26,Alameda,001,1643700,18705,17373,120,17493,233
2020-08-26,Alpine,003,1148,2,2,0,2,0
2020-08-26,Amador,005,37829,273,229,0,229,13
2020-08-26,Butte,007,227075,2153,1765,21,1786,25
2020-08-26,Calaveras,009,45235,242,201,0,201,1
2020-08-26,Colusa,011,21464,462,433,0,433,5
2020-08-26,Contra Costa,013,1133247,14367,13248,49,13297,157
2020-08-26,Del Norte,015,27424,114,86,0,86,1
2020-08-26,El Dorado,017,186661,1008,938,6,944,2
2020-08-26,Fresno,019,978130,27491,24071,297,24368,255
2020-08-26,Glenn,021,27897,449,429,0,429,3
2020-08-26,Humboldt,023,135768,387,357,1,358,4
2020-08-26,Imperial,025,180216,11214,9453,7,9460,227
2020-08-26,Inyo,027,18085,177,157,3,160,2
2020-08-26,Kern,029,883053,29694,28507,216,28723,286
2020-08-26,Kings,031,150075,6365,5720,30,5750,62
2020-08-26,Lake,033,64148,349,308,0,308,2
2020-08-26,Lassen,035,31185,722,702,2,704,0
2020-08-26,Los Angeles,037,10098052,241333,235499,1198,236697,5665
2020-08-26,Madera,039,155013,3878,3458,25,3483,32
2020-08-26,Marin,041,260295,6182,5887,15,5902,56
2020-08-26,Mariposa,043,17540,73,68,0,68,2
2020-08-26,Mendocino,045,87422,627,581,0,581,10
2020-08-26,Merced,047,269075,8015,7720,9,7729,74
2020-08-26,Modoc,049,8938,8,5,0,5,0
2020-08-26,Mono,051,14174,163,141,2,143,1
2020-08-26,Monterey,053,433212,8014,7439,22,7461,51
2020-08-26,Napa,055,140530,1465,1382,5,1387,10
2020-08-26,Nevada,057,99092,452,432,13,445,2
2020-08-26,Orange,059,3164182,49966,46157,1145,47302,905
2020-08-26,Placer,061,380077,3068,2846,9,2855,32
2020-08-26,Plumas,063,18699,39,39,0,39,0
2020-08-26,Riverside,065,2383286,53301,51138,57,51195,987
2020-08-26,Sacramento,067,1510023,18232,16708,16,16724,271
2020-08-26,San Benito,069,59416,1099,978,0,978,3
2020-08-26,San Bernardino,071,2135413,48788,45840,301,46141,743
2020-08-26,San Diego,073,3302833,39141,37224,397,37621,668
2020-08-26,San Francisco,075,870044,9540,8938,9,8947,81
2020-08-26,San Joaquin,077,732212,18413,16845,34,16879,309
2020-08-26,San Luis Obispo,079,281455,3087,2761,13,2774,20
2020-08-26,San Mateo,081,765935,8450,7655,9,7664,121
2020-08-26,Santa Barbara,083,443738,8175,7904,67,7971,90
2020-08-26,Santa Clara,085,1922200,18237,16283,37,16320,198
2020-08-26,Santa Cruz,087,273765,1869,1726,16,1742,7
2020-08-26,Shasta,089,179085,611,511,3,514,9
2020-08-26,Sierra,091,2930,6,6,0,6,0
2020-08-26,Siskiyou,093,43540,133,109,8,117,0
2020-08-26,Solano,095,438530,5486,5131,36,5167,34
2020-08-26,Sonoma,097,501317,5869,5283,19,5302,58
2020-08-26,Stanislaus,099,539301,15104,13964,329,14293,186
2020-08-26,Sutter,101,95872,1368,1275,1,1276,9
2020-08-26,Tehama,103,63373,424,396,2,398,1
2020-08-26,Trinity,105,12862,45,10,6,16,0
2020-08-26,Tulare,107,460477,14543,13568,55,13623,232
2020-08-26,Tuolumne,109,53932,202,172,4,176,1
2020-08-26,Ventura,111,848112,11266,10412,86,10498,100
2020-08-26,Yolo,113,214977,2465,2279,4,2283,49
2020-08-26,Yuba,115,75493,860,779,3,782,1
2020-08-25,Alameda,001,1643700,18547,17278,120,17398,232
2020-08-25,Alpine,003,1148,2,2,0,2,0
2020-08-25,Amador,005,37829,273,227,0,227,13
2020-08-25,Butte,007,227075,2086,1718,21,1739,24
2020-08-25,Calaveras,009,45235,240,196,0,196,1
2020-08-25,Colusa,011,21464,455,430,0,430,5
2020-08-25,Contra Costa,013,1133247,14229,13181,48,13229,156
2020-08-25,Del Norte,015,27424,113,83,0,83,1
2020-08-25,El Dorado,017,186661,1005,928,6,934,2
2020-08-25,Fresno,019,978130,27304,23932,296,24228,250
2020-08-25,Glenn,021,27897,446,429,0,429,3
2020-08-25,Humboldt,023,135768,382,342,1,343,4
2020-08-25,Imperial,025,180216,11186,9381,7,9388,217
2020-08-25,Inyo,027,18085,175,144,3,147,1
2020-08-25,Kern,029,883053,29557,28416,216,28632,285
2020-08-25,Kings,031,150075,6208,5702,30,5732,59
2020-08-25,Lake,033,64148,344,304,0,304,2
2020-08-25,Lassen,035,31185,721,692,2,694,0
2020-08-25,Los Angeles,037,10098052,240034,233961,1149,235110,5612
2020-08-25,Madera,039,155013,3863,3446,24,3470,32
2020-08-25,Marin,041,260295,6144,5860,15,5875,56
2020-08-25,Mariposa,043,17540,73,67,0,67,2
2020-08-25,Mendocino,045,87422,619,571,0,571,10
2020-08-25,Merced,047,269075,7948,7693,8,7701,69
2020-08-25,Modoc,049,8938,8,5,0,5,0
2020-08-25,Mono,051,14174,163,129,2,131,1
2020-08-25,Monterey,053,433212,7934,7333,22,7355,51
2020-08-25,Napa,055,140530,1458,1374,5,1379,10
2020-08-25,Nevada,057,99092,448,430,13,443,2
2020-08-25,Orange,059,3164182,49772,45737,1129,46866,902
2020-08-25,Placer,061,380077,3049,2829,6,2835,31
2020-08-25,Plumas,063,18699,39,39,0,39,0
2020-08-25,Riverside,065,2383286,53069,50889,57,50946,981
2020-08-25,Sacramento,067,1510023,18078,16601,16,16617,265
2020-08-25,San Benito,069,59416,1083,973,0,973,3
2020-08-25,San Bernardino,071,2135413,48553,45544,298,45842,727
2020-08-25,San Diego,073,3302833,38862,36996,375,37371,665
2020-08-25,San Francisco,075,870044,9463,8848,9,8857,81
2020-08-25,San Joaquin,077,732212,18286,16795,34,16829,306
2020-08-25,San Luis Obispo,079,281455,3028,2731,12,2743,20
2020-08-25,San Mateo,081,765935,8390,7636,8,7644,120
2020-08-25,Santa Barbara,083,443738,8123,7854,67,7921,90
2020-08-25,Santa Clara,085,1922200,18068,16199,37,16236,194
2020-08-25,Santa Cruz,087,273765,1850,1708,16,1724,7
2020-08-25,Shasta,089,179085,607,511,3,514,9
2020-08-25,Sierra,091,2930,6,6,0,6,0
2020-08-25,Siskiyou,093,43540,132,109,8,117,0
2020-08-25,Solano,095,438530,5425,5114,36,5150,34
2020-08-25,Sonoma,097,501317,5783,5148,19,5167,56
2020-08-25,Stanislaus,099,539301,14996,13886,318,14204,182
2020-08-25,Sutter,101,95872,1351,1259,1,1260,9
2020-08-25,Tehama,103,63373,421,394,2,396,1
2020-08-25,Trinity,105,12862,44,10,6,16,0
2020-08-25,Tulare,107,460477,14439,13514,54,13568,224
2020-08-25,Tuolumne,109,53932,200,172,4,176,1
2020-08-25,Ventura,111,848112,11181,10313,81,10394,99
2020-08-25,Yolo,113,214977,2452,2254,4,2258,50
2020-08-25,Yuba,115,75493,850,775,3,778,1
2020-08-24,Alameda,001,1643700,18352,16913,119,17032,231
2020-08-24,Alpine,003,1148,2,2,0,2,0
2020-08-24,Amador,005,37829,271,227,0,227,13
2020-08-24,Butte,007,227075,2003,1649,21,1670,23
2020-08-24,Calaveras,009,45235,231,187,0,187,1
2020-08-24,Colusa,011,21464,451,425,0,425,5
2020-08-24,Contra Costa,013,1133247,14112,12906,46,12952,153
2020-08-24,Del Norte,015,27424,113,80,0,80,1
2020-08-24,El Dorado,017,186661,997,908,6,914,2
2020-08-24,Fresno,019,978130,27116,23618,289,23907,235
2020-08-24,Glenn,021,27897,444,421,0,421,2
2020-08-24,Humboldt,023,135768,378,340,1,341,4
2020-08-24,Imperial,025,180216,11153,9323,7,9330,210
2020-08-24,Inyo,027,18085,171,144,3,147,2
2020-08-24,Kern,029,883053,29459,28157,210,28367,277
2020-08-24,Kings,031,150075,6120,5652,30,5682,60
2020-08-24,Lake,033,64148,329,302,0,302,2
2020-08-24,Lassen,035,31185,721,693,2,695,0
2020-08-24,Los Angeles,037,10098052,238672,233036,1131,234167,5562
2020-08-24,Madera,039,155013,3835,3418,24,3442,32
2020-08-24,Marin,041,260295,6080,5834,15,5849,56
2020-08-24,Mariposa,043,17540,71,66,0,66,2
2020-08-24,Mendocino,045,87422,604,550,0,550,10
2020-08-24,Merced,047,269075,7870,7605,8,7613,69
2020-08-24,Modoc,049,8938,8,5,0,5,0
2020-08-24,Mono,051,14174,163,129,2,131,1
2020-08-24,Monterey,053,433212,7825,7212,21,7233,50
2020-08-24,Napa,055,140530,1445,1358,5,1363,10
2020-08-24,Nevada,057,99092,443,423,13,436,2
2020-08-24,Orange,059,3164182,49579,45536,1120,46656,887
2020-08-24,Placer,061,380077,3002,2793,6,2799,31
2020-08-24,Plumas,063,18699,39,37,0,37,0
2020-08-24,Riverside,065,2383286,52791,50496,57,50553,975
2020-08-24,Sacramento,067,1510023,17882,16318,15,16333,249
2020-08-24,San Benito,069,59416,1062,961,0,961,3
2020-08-24,San Bernardino,071,2135413,48290,45199,296,45495,720
2020-08-24,San Diego,073,3302833,38574,36729,347,37076,660
2020-08-24,San Francisco,075,870044,9380,8621,9,8630,81
2020-08-24,San Joaquin,077,732212,18145,16565,33,16598,305
2020-08-24,San Luis Obispo,079,281455,3000,2705,12,2717,20
2020-08-24,San Mateo,081,765935,8323,7502,8,7510,120
2020-08-24,Santa Barbara,083,443738,8082,7784,67,7851,90
2020-08-24,Santa Clara,085,1922200,17864,16049,37,16086,192
2020-08-24,Santa Cruz,087,273765,1830,1627,15,1642,6
2020-08-24,Shasta,089,179085,605,505,3,508,9
2020-08-24,Sierra,091,2930,6,6,0,6,0
2020-08-24,Siskiyou,093,43540,128,107,8,115,0
2020-08-24,Solano,095,438530,5376,4979,34,5013,32
2020-08-24,Sonoma,097,501317,5680,5071,19,5090,56
2020-08-24,Stanislaus,099,539301,14898,13521,304,13825,171
2020-08-24,Sutter,101,95872,1332,1219,1,1220,9
2020-08-24,Tehama,103,63373,416,388,2,390,1
2020-08-24,Trinity,105,12862,44,10,6,16,0
2020-08-24,Tulare,107,460477,14331,13360,53,13413,223
2020-08-24,Tuolumne,109,53932,199,170,4,174,1
2020-08-24,Ventura,111,848112,11101,10261,77,10338,99
2020-08-24,Yolo,113,214977,2418,2239,4,2243,47
2020-08-24,Yuba,115,75493,833,750,3,753,1
2020-08-23,Alameda,001,1643700,18130,16786,118,16904,231
2020-08-23,Alpine,003,1148,2,2,0,2,0
2020-08-23,Amador,005,37829,268,227,0,227,13
2020-08-23,Butte,007,227075,1888,1637,21,1658,23
2020-08-23,Calaveras,009,45235,222,187,0,187,1
2020-08-23,Colusa,011,21464,444,424,0,424,5
2020-08-23,Contra Costa,013,1133247,13950,12642,46,12688,153
2020-08-23,Del Norte,015,27424,113,80,0,80,1
2020-08-23,El Dorado,017,186661,984,901,6,907,2
2020-08-23,Fresno,019,978130,26912,23414,286,23700,235
2020-08-23,Glenn,021,27897,437,421,0,421,2
2020-08-23,Humboldt,023,135768,376,341,1,342,4
2020-08-23,Imperial,025,180216,11124,9243,7,9250,210
2020-08-23,Inyo,027,18085,168,144,3,147,2
2020-08-23,Kern,029,883053,29310,28028,205,28233,277
2020-08-23,Kings,031,150075,6077,5628,30,5658,60
2020-08-23,Lake,033,64148,325,299,0,299,2
2020-08-23,Lassen,035,31185,720,693,2,695,0
2020-08-23,Los Angeles,037,10098052,237073,231833,1063,232896,5549
2020-08-23,Madera,039,155013,3804,3401,23,3424,32
2020-08-23,Marin,041,260295,6042,5807,14,5821,50
2020-08-23,Mariposa,043,17540,71,66,0,66,2
2020-08-23,Mendocino,045,87422,600,550,0,550,10
2020-08-23,Merced,047,269075,7801,7574,7,7581,69
2020-08-23,Modoc,049,8938,7,5,0,5,0
2020-08-23,Mono,051,14174,163,129,2,131,1
2020-08-23,Monterey,053,433212,7735,7173,21,7194,50
2020-08-23,Napa,055,140530,1433,1348,5,1353,10
2020-08-23,Nevada,057,99092,438,421,13,434,2
2020-08-23,Orange,059,3164182,49341,45267,1108,46375,887
2020-08-23,Placer,061,380077,2963,2772,6,2778,31
2020-08-23,Plumas,063,18699,39,37,0,37,0
2020-08-23,Riverside,065,2383286,52521,50293,55,50348,955
2020-08-23,Sacramento,067,1510023,17659,16084,14,16098,243
2020-08-23,San Benito,069,59416,1049,938,0,938,3
2020-08-23,San Bernardino,071,2135413,48022,45010,286,45296,719
2020-08-23,San Diego,073,3302833,38253,36542,320,36862,660
2020-08-23,San Francisco,075,870044,9285,8564,8,8572,80
2020-08-23,San Joaquin,077,732212,18012,16069,32,16101,305
2020-08-23,San Luis Obispo,079,281455,2958,2679,12,2691,20
2020-08-23,San Mateo,081,765935,8228,7450,8,7458,120
2020-08-23,Santa Barbara,083,443738,8014,7725,67,7792,90
2020-08-23,Santa Clara,085,1922200,17668,15912,35,15947,191
2020-08-23,Santa Cruz,087,273765,1804,1627,15,1642,6
2020-08-23,Shasta,089,179085,600,501,3,504,9
2020-08-23,Sierra,091,2930,6,6,0,6,0
2020-08-23,Siskiyou,093,43540,123,107,8,115,0
2020-08-23,Solano,095,438530,5318,4977,32,5009,32
2020-08-23,Sonoma,097,501317,5592,5018,19,5037,56
2020-08-23,Stanislaus,099,539301,14763,13483,281,13764,171
2020-08-23,Sutter,101,95872,1310,1203,1,1204,9
2020-08-23,Tehama,103,63373,406,381,2,383,1
2020-08-23,Trinity,105,12862,44,10,6,16,0
2020-08-23,Tulare,107,460477,14199,13303,50,13353,223
2020-08-23,Tuolumne,109,53932,196,164,4,168,1
2020-08-23,Ventura,111,848112,11000,10126,73,10199,99
2020-08-23,Yolo,113,214977,2390,2210,4,2214,47
2020-08-23,Yuba,115,75493,812,750,3,753,1
2020-08-22,Alameda,001,1643700,18036,16648,117,16765,231
2020-08-22,Alpine,003,1148,2,2,0,2,0
2020-08-22,Amador,005,37829,267,224,0,224,13
2020-08-22,Butte,007,227075,1837,1618,21,1639,22
2020-08-22,Calaveras,009,45235,218,187,0,187,1
2020-08-22,Colusa,011,21464,440,419,0,419,5
2020-08-22,Contra Costa,013,1133247,13863,12522,46,12568,153
2020-08-22,Del Norte,015,27424,112,80,0,80,1
2020-08-22,El Dorado,017,186661,982,900,6,906,2
2020-08-22,Fresno,019,978130,26815,23197,285,23482,235
2020-08-22,Glenn,021,27897,436,421,0,421,2
2020-08-22,Humboldt,023,135768,366,334,1,335,4
2020-08-22,Imperial,025,180216,11116,9244,7,9251,210
2020-08-22,Inyo,027,18085,168,144,3,147,1
2020-08-22,Kern,029,883053,29256,27807,205,28012,277
2020-08-22,Kings,031,150075,6068,5447,30,5477,60
2020-08-22,Lake,033,64148,323,291,0,291,2
2020-08-22,Lassen,035,31185,720,693,2,695,0
2020-08-22,Los Angeles,037,10098052,236414,230858,1046,231904,5540
2020-08-22,Madera,039,155013,3785,3330,23,3353,32
2020-08-22,Marin,041,260295,6030,5789,14,5803,49
2020-08-22,Mariposa,043,17540,71,66,0,66,2
2020-08-22,Mendocino,045,87422,597,529,0,529,10
2020-08-22,Merced,047,269075,7773,7493,7,7500,69
2020-08-22,Modoc,049,8938,7,5,0,5,0
2020-08-22,Mono,051,14174,163,129,2,131,1
2020-08-22,Monterey,053,433212,7687,7081,21,7102,50
2020-08-22,Napa,055,140530,1428,1328,5,1333,11
2020-08-22,Nevada,057,99092,438,411,13,424,2
2020-08-22,Orange,059,3164182,49200,45131,1102,46233,885
2020-08-22,Placer,061,380077,2949,2734,6,2740,30
2020-08-22,Plumas,063,18699,39,37,0,37,0
2020-08-22,Riverside,065,2383286,52373,49944,54,49998,953
2020-08-22,Sacramento,067,1510023,17547,15516,14,15530,239
2020-08-22,San Benito,069,59416,1033,912,0,912,3
2020-08-22,San Bernardino,071,2135413,47893,44803,282,45085,719
2020-08-22,San Diego,073,3302833,38070,36205,309,36514,673
2020-08-22,San Francisco,075,870044,9225,8568,8,8576,80
2020-08-22,San Joaquin,077,732212,17956,16068,32,16100,305
2020-08-22,San Luis Obispo,079,281455,2932,2660,12,2672,20
2020-08-22,San Mateo,081,765935,8181,7361,8,7369,120
2020-08-22,Santa Barbara,083,443738,7988,7685,67,7752,90
2020-08-22,Santa Clara,085,1922200,17560,15590,35,15625,190
2020-08-22,Santa Cruz,087,273765,1788,1628,14,1642,6
2020-08-22,Shasta,089,179085,598,493,3,496,9
2020-08-22,Sierra,091,2930,6,6,0,6,0
2020-08-22,Siskiyou,093,43540,123,106,8,114,0
2020-08-22,Solano,095,438530,5288,4944,31,4975,32
2020-08-22,Sonoma,097,501317,5546,4891,19,4910,57
2020-08-22,Stanislaus,099,539301,14713,13380,264,13644,170
2020-08-22,Sutter,101,95872,1303,1189,1,1190,8
2020-08-22,Tehama,103,63373,405,368,2,370,1
2020-08-22,Trinity,105,12862,44,8,6,14,0
2020-08-22,Tulare,107,460477,14132,13196,50,13246,222
2020-08-22,Tuolumne,109,53932,194,162,4,166,1
2020-08-22,Ventura,111,848112,10945,9959,71,10030,99
2020-08-22,Yolo,113,214977,2374,2188,4,2192,47
2020-08-22,Yuba,115,75493,800,738,3,741,1
2020-08-21,Alameda,001,1643700,17944,16413,117,16530,232
2020-08-21,Alpine,003,1148,2,2,0,2,0
2020-08-21,Amador,005,37829,266,223,0,223,11
2020-08-21,Butte,007,227075,1798,1582,21,1603,19
2020-08-21,Calaveras,009,45235,218,182,0,182,1
2020-08-21,Colusa,011,21464,438,418,0,418,5
2020-08-21,Contra Costa,013,1133247,13773,12333,45,12378,149
2020-08-21,Del Norte,015,27424,112,78,0,78,1
2020-08-21,El Dorado,017,186661,978,885,6,891,2
2020-08-21,Fresno,019,978130,26645,22840,284,23124,232
2020-08-21,Glenn,021,27897,432,418,0,418,2
2020-08-21,Humboldt,023,135768,363,331,1,332,4
2020-08-21,Imperial,025,180216,11100,9166,7,9173,204
2020-08-21,Inyo,027,18085,168,144,3,147,1
2020-08-21,Kern,029,883053,29197,27567,203,27770,269
2020-08-21,Kings,031,150075,6046,5391,30,5421,60
2020-08-21,Lake,033,64148,321,281,0,281,2
2020-08-21,Lassen,035,31185,720,693,2,695,0
2020-08-21,Los Angeles,037,10098052,235540,229235,1025,230260,5494
2020-08-21,Madera,039,155013,3755,3271,23,3294,31
2020-08-21,Marin,041,260295,6010,5762,14,5776,49
2020-08-21,Mariposa,043,17540,71,66,0,66,2
2020-08-21,Mendocino,045,87422,587,505,0,505,10
2020-08-21,Merced,047,269075,7744,7357,7,7364,69
2020-08-21,Modoc,049,8938,7,5,0,5,0
2020-08-21,Mono,051,14174,163,128,2,130,1
2020-08-21,Monterey,053,433212,7615,6974,21,6995,49
2020-08-21,Napa,055,140530,1419,1317,5,1322,10
2020-08-21,Nevada,057,99092,437,406,13,419,2
2020-08-21,Orange,059,3164182,49059,44625,1093,45718,875
2020-08-21,Placer,061,380077,2933,2698,6,2704,30
2020-08-21,Plumas,063,18699,39,36,0,36,0
2020-08-21,Riverside,065,2383286,52178,49409,54,49463,932
2020-08-21,Sacramento,067,1510023,17424,15247,14,15261,237
2020-08-21,San Benito,069,59416,1023,891,0,891,3
2020-08-21,San Bernardino,071,2135413,47773,44249,278,44527,668
2020-08-21,San Diego,073,3302833,37866,35914,292,36206,652
2020-08-21,San Francisco,075,870044,9175,8375,8,8383,80
2020-08-21,San Joaquin,077,732212,17873,15888,30,15918,301
2020-08-21,San Luis Obispo,079,281455,2909,2640,12,2652,19
2020-08-21,San Mateo,081,765935,8124,7253,8,7261,120
2020-08-21,Santa Barbara,083,443738,7947,7645,67,7712,86
2020-08-21,Santa Clara,085,1922200,17409,15399,35,15434,190
2020-08-21,Santa Cruz,087,273765,1776,1617,14,1631,6
2020-08-21,Shasta,089,179085,598,486,3,489,9
2020-08-21,Sierra,091,2930,6,6,0,6,0
2020-08-21,Siskiyou,093,43540,123,103,6,109,0
2020-08-21,Solano,095,438530,5265,4891,30,4921,32
2020-08-21,Sonoma,097,501317,5476,4816,19,4835,57
2020-08-21,Stanislaus,099,539301,14644,13282,250,13532,161
2020-08-21,Sutter,101,95872,1290,1173,1,1174,8
2020-08-21,Tehama,103,63373,403,357,2,359,1
2020-08-21,Trinity,105,12862,44,8,6,14,0
2020-08-21,Tulare,107,460477,14061,13002,48,13050,217
2020-08-21,Tuolumne,109,53932,186,161,4,165,1
2020-08-21,Ventura,111,848112,10880,9865,69,9934,98
2020-08-21,Yolo,113,214977,2359,2164,4,2168,46
2020-08-21,Yuba,115,75493,796,717,3,720,1
2020-08-20,Alameda,001,1643700,17784,16174,117,16291,229
2020-08-20,Alpine,003,1148,2,2,0,2,0
2020-08-20,Amador,005,37829,264,222,0,222,11
2020-08-20,Butte,007,227075,1748,1549,21,1570,18
2020-08-20,Calaveras,009,45235,215,179,0,179,1
2020-08-20,Colusa,011,21464,436,415,0,415,5
2020-08-20,Contra Costa,013,1133247,13646,12108,44,12152,144
2020-08-20,Del Norte,015,27424,112,78,0,78,1
2020-08-20,El Dorado,017,186661,974,881,6,887,2
2020-08-20,Fresno,019,978130,26463,22535,279,22814,228
2020-08-20,Glenn,021,27897,427,414,0,414,2
2020-08-20,Humboldt,023,135768,358,318,1,319,4
2020-08-20,Imperial,025,180216,11081,9086,7,9093,196
2020-08-20,Inyo,027,18085,167,144,3,147,1
2020-08-20,Kern,029,883053,29029,27337,192,27529,267
2020-08-20,Kings,031,150075,6006,5347,29,5376,59
2020-08-20,Lake,033,64148,316,280,0,280,2
2020-08-20,Lassen,035,31185,719,693,2,695,0
2020-08-20,Los Angeles,037,10098052,234305,227492,1006,228498,5445
2020-08-20,Madera,039,155013,3729,3197,23,3220,31
2020-08-20,Marin,041,260295,5992,5745,14,5759,47
2020-08-20,Mariposa,043,17540,71,67,0,67,2
2020-08-20,Mendocino,045,87422,577,497,0,497,10
2020-08-20,Merced,047,269075,7669,7173,7,7180,68
2020-08-20,Modoc,049,8938,7,5,0,5,0
2020-08-20,Mono,051,14174,163,128,2,130,1
2020-08-20,Monterey,053,433212,7544,6892,21,6913,47
2020-08-20,Napa,055,140530,1412,1306,5,1311,10
2020-08-20,Nevada,057,99092,436,401,13,414,2
2020-08-20,Orange,059,3164182,48832,44299,1083,45382,849
2020-08-20,Placer,061,380077,2917,2681,6,2687,30
2020-08-20,Plumas,063,18699,39,36,0,36,0
2020-08-20,Riverside,065,2383286,51959,48953,53,49006,927
2020-08-20,Sacramento,067,1510023,17181,14992,14,15006,231
2020-08-20,San Benito,069,59416,1010,866,0,866,3
2020-08-20,San Bernardino,071,2135413,47517,43627,274,43901,665
2020-08-20,San Diego,073,3302833,37646,35610,274,35884,644
2020-08-20,San Francisco,075,870044,9089,8262,8,8270,72
2020-08-20,San Joaquin,077,732212,17782,15778,30,15808,297
2020-08-20,San Luis Obispo,079,281455,2889,2590,12,2602,19
2020-08-20,San Mateo,081,765935,8059,7188,8,7196,120
2020-08-20,Santa Barbara,083,443738,7909,7571,67,7638,81
2020-08-20,Santa Clara,085,1922200,17237,15162,35,15197,190
2020-08-20,Santa Cruz,087,273765,1763,1581,14,1595,6
2020-08-20,Shasta,089,179085,597,478,3,481,9
2020-08-20,Sierra,091,2930,6,6,0,6,0
2020-08-20,Siskiyou,093,43540,122,102,1,103,0
2020-08-20,Solano,095,438530,5220,4843,30,4873,31
2020-08-20,Sonoma,097,501317,5404,4737,19,4756,54
2020-08-20,Stanislaus,099,539301,14548,13120,241,13361,161
2020-08-20,Sutter,101,95872,1266,1158,1,1159,8
2020-08-20,Tehama,103,63373,398,350,2,352,1
2020-08-20,Trinity,105,12862,44,8,6,14,0
2020-08-20,Tulare,107,460477,13953,12907,47,12954,217
2020-08-20,Tuolumne,109,53932,182,159,4,163,1
2020-08-20,Ventura,111,848112,10767,9744,68,9812,93
2020-08-20,Yolo,113,214977,2337,2150,4,2154,47
2020-08-20,Yuba,115,75493,779,709,3,712,1
2020-08-19,Alameda,001,1643700,17626,15874,116,15990,226
2020-08-19,Alpine,003,1148,2,2,0,2,0
2020-08-19,Amador,005,37829,263,219,0,219,9
2020-08-19,Butte,007,227075,1705,1517,21,1538,16
2020-08-19,Calaveras,009,45235,213,177,0,177,1
2020-08-19,Colusa,011,21464,435,415,0,415,5
2020-08-19,Contra Costa,013,1133247,13534,11895,43,11938,142
2020-08-19,Del Norte,015,27424,112,78,0,78,1
2020-08-19,El Dorado,017,186661,968,870,6,876,2
2020-08-19,Fresno,019,978130,26274,22167,270,22437,221
2020-08-19,Glenn,021,27897,425,414,0,414,2
2020-08-19,Humboldt,023,135768,355,316,1,317,4
2020-08-19,Imperial,025,180216,11053,9041,7,9048,192
2020-08-19,Inyo,027,18085,165,140,3,143,1
2020-08-19,Kern,029,883053,28912,27142,188,27330,263
2020-08-19,Kings,031,150075,5833,5301,27,5328,59
2020-08-19,Lake,033,64148,313,277,0,277,2
2020-08-19,Lassen,035,31185,711,693,2,695,0
2020-08-19,Los Angeles,037,10098052,233027,226006,966,226972,5399
2020-08-19,Madera,039,155013,3695,3158,21,3179,30
2020-08-19,Marin,041,260295,5968,5723,13,5736,46
2020-08-19,Mariposa,043,17540,71,64,0,64,2
2020-08-19,Mendocino,045,87422,560,495,0,495,8
2020-08-19,Merced,047,269075,7542,7082,4,7086,66
2020-08-19,Modoc,049,8938,7,5,0,5,0
2020-08-19,Mono,051,14174,163,128,2,130,1
2020-08-19,Monterey,053,433212,7444,6693,21,6714,45
2020-08-19,Napa,055,140530,1407,1293,5,1298,10
2020-08-19,Nevada,057,99092,429,398,13,411,2
2020-08-19,Orange,059,3164182,48627,43938,1080,45018,829
2020-08-19,Placer,061,380077,2895,2659,6,2665,28
2020-08-19,Plumas,063,18699,39,36,0,36,0
2020-08-19,Riverside,065,2383286,51710,48741,53,48794,922
2020-08-19,Sacramento,067,1510023,17001,14764,14,14778,229
2020-08-19,San Benito,069,59416,993,853,0,853,3
2020-08-19,San Bernardino,071,2135413,47220,43224,268,43492,661
2020-08-19,San Diego,073,3302833,37396,35378,259,35637,638
2020-08-19,San Francisco,075,870044,9025,8236,8,8244,72
2020-08-19,San Joaquin,077,732212,17660,15677,29,15706,296
2020-08-19,San Luis Obispo,079,281455,2849,2553,12,2565,19
2020-08-19,San Mateo,081,765935,7990,7146,8,7154,119
2020-08-19,Santa Barbara,083,443738,7860,7499,67,7566,80
2020-08-19,Santa Clara,085,1922200,17092,14994,35,15029,189
2020-08-19,Santa Cruz,087,273765,1737,1554,14,1568,6
2020-08-19,Shasta,089,179085,593,475,3,478,9
2020-08-19,Sierra,091,2930,6,6,0,6,0
2020-08-19,Siskiyou,093,43540,121,103,1,104,0
2020-08-19,Solano,095,438530,5179,4807,30,4837,31
2020-08-19,Sonoma,097,501317,5324,4614,19,4633,54
2020-08-19,Stanislaus,099,539301,14445,13084,219,13303,160
2020-08-19,Sutter,101,95872,1232,1146,1,1147,8
2020-08-19,Tehama,103,63373,392,342,2,344,1
2020-08-19,Trinity,105,12862,43,8,6,14,0
2020-08-19,Tulare,107,460477,13855,12756,47,12803,217
2020-08-19,Tuolumne,109,53932,179,159,4,163,1
2020-08-19,Ventura,111,848112,10675,9587,66,9653,91
2020-08-19,Yolo,113,214977,2315,2126,4,2130,47
2020-08-19,Yuba,115,75493,767,701,3,704,1
2020-08-18,Alameda,001,1643700,17448,15627,114,15741,223
2020-08-18,Alpine,003,1148,2,2,0,2,0
2020-08-18,Amador,005,37829,262,215,0,215,9
2020-08-18,Butte,007,227075,1672,1491,21,1512,16
2020-08-18,Calaveras,009,45235,210,174,0,174,1
2020-08-18,Colusa,011,21464,434,415,0,415,5
2020-08-18,Contra Costa,013,1133247,13413,11689,41,11730,141
2020-08-18,Del Norte,015,27424,111,78,0,78,0
2020-08-18,El Dorado,017,186661,963,866,6,872,2
2020-08-18,Fresno,019,978130,26053,21798,264,22062,212
2020-08-18,Glenn,021,27897,425,407,0,407,2
2020-08-18,Humboldt,023,135768,353,315,1,316,4
2020-08-18,Imperial,025,180216,11019,8968,7,8975,189
2020-08-18,Inyo,027,18085,164,140,3,143,1
2020-08-18,Kern,029,883053,28759,26978,184,27162,263
2020-08-18,Kings,031,150075,5798,5269,26,5295,58
2020-08-18,Lake,033,64148,310,274,0,274,2
2020-08-18,Lassen,035,31185,711,693,2,695,0
2020-08-18,Los Angeles,037,10098052,231760,224218,930,225148,5339
2020-08-18,Madera,039,155013,3667,3125,21,3146,28
2020-08-18,Marin,041,260295,5938,5708,13,5721,47
2020-08-18,Mariposa,043,17540,71,61,0,61,2
2020-08-18,Mendocino,045,87422,551,468,0,468,8
2020-08-18,Merced,047,269075,7494,6940,4,6944,66
2020-08-18,Modoc,049,8938,7,5,0,5,0
2020-08-18,Mono,051,14174,162,129,2,131,1
2020-08-18,Monterey,053,433212,7352,6691,20,6711,44
2020-08-18,Napa,055,140530,1403,1274,5,1279,10
2020-08-18,Nevada,057,99092,422,389,13,402,2
2020-08-18,Orange,059,3164182,48402,43659,1066,44725,809
2020-08-18,Placer,061,380077,2869,2644,5,2649,28
2020-08-18,Plumas,063,18699,39,34,0,34,0
2020-08-18,Riverside,065,2383286,51378,48447,53,48500,917
2020-08-18,Sacramento,067,1510023,16771,14610,13,14623,222
2020-08-18,San Benito,069,59416,973,836,0,836,3
2020-08-18,San Bernardino,071,2135413,46939,42827,262,43089,648
2020-08-18,San Diego,073,3302833,37103,35164,227,35391,633
2020-08-18,San Francisco,075,870044,8940,8016,8,8024,72
2020-08-18,San Joaquin,077,732212,17546,15509,28,15537,290
2020-08-18,San Luis Obispo,079,281455,2824,2535,11,2546,18
2020-08-18,San Mateo,081,765935,7929,7074,8,7082,119
2020-08-18,Santa Barbara,083,443738,7818,7472,67,7539,81
2020-08-18,Santa Clara,085,1922200,16923,14786,34,14820,184
2020-08-18,Santa Cruz,087,273765,1724,1509,14,1523,6
2020-08-18,Shasta,089,179085,589,468,3,471,9
2020-08-18,Sierra,091,2930,6,6,0,6,0
2020-08-18,Siskiyou,093,43540,120,103,1,104,0
2020-08-18,Solano,095,438530,5152,4700,30,4730,31
2020-08-18,Sonoma,097,501317,5255,4506,19,4525,48
2020-08-18,Stanislaus,099,539301,14347,12935,203,13138,149
2020-08-18,Sutter,101,95872,1213,1126,1,1127,8
2020-08-18,Tehama,103,63373,382,333,2,335,1
2020-08-18,Trinity,105,12862,41,8,6,14,0
2020-08-18,Tulare,107,460477,13725,12637,44,12681,212
2020-08-18,Tuolumne,109,53932,176,159,4,163,1
2020-08-18,Ventura,111,848112,10585,9536,61,9597,89
2020-08-18,Yolo,113,214977,2293,2102,4,2106,47
2020-08-18,Yuba,115,75493,759,679,3,682,1
2020-08-17,Alameda,001,1643700,17255,15454,113,15567,221
2020-08-17,Alpine,003,1148,2,2,0,2,0
2020-08-17,Amador,005,37829,262,215,0,215,9
2020-08-17,Butte,007,227075,1627,1463,21,1484,15
2020-08-17,Calaveras,009,45235,206,167,0,167,1
2020-08-17,Colusa,011,21464,431,408,0,408,5
2020-08-17,Contra Costa,013,1133247,13276,11442,41,11483,141
2020-08-17,Del Norte,015,27424,107,77,0,77,0
2020-08-17,El Dorado,017,186661,960,846,6,852,2
2020-08-17,Fresno,019,978130,25846,21316,257,21573,211
2020-08-17,Glenn,021,27897,424,402,0,402,2
2020-08-17,Humboldt,023,135768,349,302,1,303,4
2020-08-17,Imperial,025,180216,10978,8897,7,8904,188
2020-08-17,Inyo,027,18085,156,124,3,127,1
2020-08-17,Kern,029,883053,28612,26773,174,26947,249
2020-08-17,Kings,031,150075,5760,5249,26,5275,58
2020-08-17,Lake,033,64148,305,270,0,270,2
2020-08-17,Lassen,035,31185,711,666,2,668,0
2020-08-17,Los Angeles,037,10098052,230241,223418,886,224304,5282
2020-08-17,Madera,039,155013,3624,3050,20,3070,26
2020-08-17,Marin,041,260295,5915,5683,12,5695,46
2020-08-17,Mariposa,043,17540,71,61,0,61,2
2020-08-17,Mendocino,045,87422,533,454,0,454,8
2020-08-17,Merced,047,269075,7399,6814,4,6818,66
2020-08-17,Modoc,049,8938,7,5,0,5,0
2020-08-17,Mono,051,14174,162,126,2,128,1
2020-08-17,Monterey,053,433212,7252,6553,20,6573,44
2020-08-17,Napa,055,140530,1382,1255,5,1260,10
2020-08-17,Nevada,057,99092,417,383,13,396,2
2020-08-17,Orange,059,3164182,48192,43621,1053,44674,804
2020-08-17,Placer,061,380077,2844,2609,5,2614,28
2020-08-17,Plumas,063,18699,39,33,0,33,0
2020-08-17,Riverside,065,2383286,51045,48062,51,48113,916
2020-08-17,Sacramento,067,1510023,16551,14333,13,14346,219
2020-08-17,San Benito,069,59416,958,822,0,822,2
2020-08-17,San Bernardino,071,2135413,46595,42005,254,42259,604
2020-08-17,San Diego,073,3302833,36837,34962,213,35175,626
2020-08-17,San Francisco,075,870044,8869,7600,8,7608,72
2020-08-17,San Joaquin,077,732212,17384,15323,27,15350,280
2020-08-17,San Luis Obispo,079,281455,2791,2527,11,2538,18
2020-08-17,San Mateo,081,765935,7872,6987,7,6994,118
2020-08-17,Santa Barbara,083,443738,7776,7438,67,7505,80
2020-08-17,Santa Clara,085,1922200,16698,14546,34,14580,183
2020-08-17,Santa Cruz,087,273765,1708,1453,13,1466,6
2020-08-17,Shasta,089,179085,583,467,3,470,9
2020-08-17,Sierra,091,2930,6,6,0,6,0
2020-08-17,Siskiyou,093,43540,119,103,0,103,0
2020-08-17,Solano,095,438530,5095,4479,30,4509,31
2020-08-17,Sonoma,097,501317,5167,4402,17,4419,48
2020-08-17,Stanislaus,099,539301,14222,12745,196,12941,148
2020-08-17,Sutter,101,95872,1197,1071,1,1072,8
2020-08-17,Tehama,103,63373,372,324,2,326,1
2020-08-17,Trinity,105,12862,41,8,6,14,0
2020-08-17,Tulare,107,460477,13613,12487,43,12530,210
2020-08-17,Tuolumne,109,53932,173,157,4,161,1
2020-08-17,Ventura,111,848112,10462,9490,56,9546,89
2020-08-17,Yolo,113,214977,2266,2083,4,2087,47
2020-08-17,Yuba,115,75493,744,647,3,650,1
2020-08-16,Alameda,001,1643700,16964,15338,113,15451,221
2020-08-16,Alpine,003,1148,2,2,0,2,0
2020-08-16,Amador,005,37829,259,215,0,215,9
2020-08-16,Butte,007,227075,1589,1432,21,1453,15
2020-08-16,Calaveras,009,45235,199,167,0,167,1
2020-08-16,Colusa,011,21464,429,407,0,407,5
2020-08-16,Contra Costa,013,1133247,13090,11255,41,11296,140
2020-08-16,Del Norte,015,27424,103,77,0,77,0
2020-08-16,El Dorado,017,186661,948,843,6,849,2
2020-08-16,Fresno,019,978130,25624,21010,252,21262,211
2020-08-16,Glenn,021,27897,422,400,0,400,2
2020-08-16,Humboldt,023,135768,347,301,1,302,4
2020-08-16,Imperial,025,180216,10934,8883,7,8890,188
2020-08-16,Inyo,027,18085,149,125,2,127,1
2020-08-16,Kern,029,883053,28413,26520,166,26686,249
2020-08-16,Kings,031,150075,5729,5146,26,5172,58
2020-08-16,Lake,033,64148,301,269,0,269,2
2020-08-16,Lassen,035,31185,711,666,2,668,0
2020-08-16,Los Angeles,037,10098052,228669,222236,856,223092,5263
2020-08-16,Madera,039,155013,3579,3013,20,3033,26
2020-08-16,Marin,041,260295,5889,5664,12,5676,46
2020-08-16,Mariposa,043,17540,71,61,0,61,2
2020-08-16,Mendocino,045,87422,525,451,0,451,8
2020-08-16,Merced,047,269075,7317,6744,4,6748,66
2020-08-16,Modoc,049,8938,7,5,0,5,0
2020-08-16,Mono,051,14174,162,126,2,128,1
2020-08-16,Monterey,053,433212,7154,6516,19,6535,44
2020-08-16,Napa,055,140530,1364,1241,3,1244,10
2020-08-16,Nevada,057,99092,408,379,13,392,2
2020-08-16,Orange,059,3164182,47943,43303,1042,44345,803
2020-08-16,Placer,061,380077,2815,2583,4,2587,28
2020-08-16,Plumas,063,18699,39,33,0,33,0
2020-08-16,Riverside,065,2383286,50714,47669,50,47719,910
2020-08-16,Sacramento,067,1510023,16311,14210,13,14223,219
2020-08-16,San Benito,069,59416,929,815,0,815,2
2020-08-16,San Bernardino,071,2135413,46171,41724,246,41970,603
2020-08-16,San Diego,073,3302833,36573,34680,198,34878,626
2020-08-16,San Francisco,075,870044,8782,7602,8,7610,72
2020-08-16,San Joaquin,077,732212,17183,15288,27,15315,280
2020-08-16,San Luis Obispo,079,281455,2762,2494,11,2505,17
2020-08-16,San Mateo,081,765935,7798,6942,7,6949,118
2020-08-16,Santa Barbara,083,443738,7727,7368,67,7435,79
2020-08-16,Santa Clara,085,1922200,16498,14329,34,14363,183
2020-08-16,Santa Cruz,087,273765,1681,1449,12,1461,6
2020-08-16,Shasta,089,179085,576,465,3,468,9
2020-08-16,Sierra,091,2930,6,6,0,6,0
2020-08-16,Siskiyou,093,43540,118,102,0,102,0
2020-08-16,Solano,095,438530,5035,4479,30,4509,31
2020-08-16,Sonoma,097,501317,5063,4329,17,4346,46
2020-08-16,Stanislaus,099,539301,14064,12668,186,12854,148
2020-08-16,Sutter,101,95872,1179,1071,1,1072,8
2020-08-16,Tehama,103,63373,363,318,2,320,1
2020-08-16,Trinity,105,12862,38,8,6,14,0
2020-08-16,Tulare,107,460477,13481,12334,40,12374,211
2020-08-16,Tuolumne,109,53932,173,156,4,160,1
2020-08-16,Ventura,111,848112,10353,9408,51,9459,89
2020-08-16,Yolo,113,214977,2247,2057,4,2061,47
2020-08-16,Yuba,115,75493,735,647,2,649,1
2020-08-15,Alameda,001,1643700,16887,15165,113,15278,221
2020-08-15,Alpine,003,1148,2,2,0,2,0
2020-08-15,Amador,005,37829,259,210,0,210,9
2020-08-15,Butte,007,227075,1567,1409,21,1430,15
2020-08-15,Calaveras,009,45235,197,167,0,167,1
2020-08-15,Colusa,011,21464,428,401,0,401,5
2020-08-15,Contra Costa,013,1133247,12994,11106,41,11147,138
2020-08-15,Del Norte,015,27424,103,77,0,77,0
2020-08-15,El Dorado,017,186661,943,838,6,844,2
2020-08-15,Fresno,019,978130,25508,20603,250,20853,211
2020-08-15,Glenn,021,27897,422,398,0,398,2
2020-08-15,Humboldt,023,135768,346,301,1,302,4
2020-08-15,Imperial,025,180216,10914,8794,7,8801,188
2020-08-15,Inyo,027,18085,149,123,2,125,1
2020-08-15,Kern,029,883053,28325,26338,166,26504,249
2020-08-15,Kings,031,150075,5711,5039,26,5065,56
2020-08-15,Lake,033,64148,299,268,0,268,2
2020-08-15,Lassen,035,31185,711,666,2,668,0
2020-08-15,Los Angeles,037,10098052,227917,221043,846,221889,5252
2020-08-15,Madera,039,155013,3529,2950,20,2970,26
2020-08-15,Marin,041,260295,5882,5628,12,5640,46
2020-08-15,Mariposa,043,17540,71,61,0,61,2
2020-08-15,Mendocino,045,87422,521,444,0,444,8
2020-08-15,Merced,047,269075,7283,6656,4,6660,66
2020-08-15,Modoc,049,8938,7,5,0,5,0
2020-08-15,Mono,051,14174,162,126,2,128,1
2020-08-15,Monterey,053,433212,7109,6162,19,6181,44
2020-08-15,Napa,055,140530,1354,1232,3,1235,10
2020-08-15,Nevada,057,99092,408,376,13,389,2
2020-08-15,Orange,059,3164182,47830,42811,1031,43842,801
2020-08-15,Placer,061,380077,2794,2551,4,2555,27
2020-08-15,Plumas,063,18699,39,33,0,33,0
2020-08-15,Riverside,065,2383286,50563,46720,50,46770,910
2020-08-15,Sacramento,067,1510023,16201,14018,13,14031,219
2020-08-15,San Benito,069,59416,916,805,0,805,2
2020-08-15,San Bernardino,071,2135413,46019,41231,244,41475,602
2020-08-15,San Diego,073,3302833,36407,34346,184,34530,639
2020-08-15,San Francisco,075,870044,8720,7601,8,7609,69
2020-08-15,San Joaquin,077,732212,17109,15113,27,15140,280
2020-08-15,San Luis Obispo,079,281455,2745,2461,11,2472,17
2020-08-15,San Mateo,081,765935,7761,6860,7,6867,118
2020-08-15,Santa Barbara,083,443738,7699,7338,67,7405,79
2020-08-15,Santa Clara,085,1922200,16402,14105,34,14139,183
2020-08-15,Santa Cruz,087,273765,1660,1449,12,1461,6
2020-08-15,Shasta,089,179085,573,458,3,461,9
2020-08-15,Sierra,091,2930,6,6,0,6,0
2020-08-15,Siskiyou,093,43540,117,100,0,100,0
2020-08-15,Solano,095,438530,5013,4477,30,4507,31
2020-08-15,Sonoma,097,501317,5008,4134,17,4151,45
2020-08-15,Stanislaus,099,539301,14000,12541,185,12726,149
2020-08-15,Sutter,101,95872,1168,1046,1,1047,8
2020-08-15,Tehama,103,63373,362,312,2,314,1
2020-08-15,Trinity,105,12862,36,6,6,12,0
2020-08-15,Tulare,107,460477,13442,12262,40,12302,211
2020-08-15,Tuolumne,109,53932,173,155,4,159,1
2020-08-15,Ventura,111,848112,10294,9379,49,9428,89
2020-08-15,Yolo,113,214977,2235,2031,4,2035,46
2020-08-15,Yuba,115,75493,731,623,2,625,1
2020-08-14,Alameda,001,1643700,16747,14909,113,15022,221
2020-08-14,Alpine,003,1148,2,2,0,2,0
2020-08-14,Amador,005,37829,259,209,0,209,9
2020-08-14,Butte,007,227075,1559,1384,21,1405,15
2020-08-14,Calaveras,009,45235,193,165,0,165,1
2020-08-14,Colusa,011,21464,426,399,0,399,5
2020-08-14,Contra Costa,013,1133247,12882,10893,41,10934,137
2020-08-14,Del Norte,015,27424,103,76,0,76,0
2020-08-14,El Dorado,017,186661,935,827,6,833,2
2020-08-14,Fresno,019,978130,25375,19900,250,20150,208
2020-08-14,Glenn,021,27897,420,395,0,395,2
2020-08-14,Humboldt,023,135768,340,294,1,295,4
2020-08-14,Imperial,025,180216,10890,8756,7,8763,185
2020-08-14,Inyo,027,18085,148,115,2,117,1
2020-08-14,Kern,029,883053,28221,25893,165,26058,249
2020-08-14,Kings,031,150075,5697,4953,26,4979,56
2020-08-14,Lake,033,64148,290,267,0,267,2
2020-08-14,Lassen,035,31185,711,665,2,667,0
2020-08-14,Los Angeles,037,10098052,226744,219083,830,219913,5222
2020-08-14,Madera,039,155013,3499,2876,20,2896,26
2020-08-14,Marin,041,260295,5871,5601,12,5613,46
2020-08-14,Mariposa,043,17540,70,61,0,61,2
2020-08-14,Mendocino,045,87422,512,432,0,432,8
2020-08-14,Merced,047,269075,7253,6466,4,6470,67
2020-08-14,Modoc,049,8938,7,5,0,5,0
2020-08-14,Mono,051,14174,162,126,2,128,1
2020-08-14,Monterey,053,433212,7058,6121,19,6140,41
2020-08-14,Napa,055,140530,1344,1230,3,1233,10
2020-08-14,Nevada,057,99092,404,377,13,390,2
2020-08-14,Orange,059,3164182,47680,42399,1019,43418,798
2020-08-14,Placer,061,380077,2775,2546,4,2550,26
2020-08-14,Plumas,063,18699,38,33,0,33,0
2020-08-14,Riverside,065,2383286,50333,46456,50,46506,891
2020-08-14,Sacramento,067,1510023,16052,13645,13,13658,212
2020-08-14,San Benito,069,59416,899,783,0,783,2
2020-08-14,San Bernardino,071,2135413,45832,40442,241,40683,594
2020-08-14,San Diego,073,3302833,36213,34067,177,34244,622
2020-08-14,San Francisco,075,870044,8662,7467,8,7475,69
2020-08-14,San Joaquin,077,732212,17010,14925,27,14952,276
2020-08-14,San Luis Obispo,079,281455,2730,2422,11,2433,17
2020-08-14,San Mateo,081,765935,7702,6655,7,6662,118
2020-08-14,Santa Barbara,083,443738,7649,7302,67,7369,77
2020-08-14,Santa Clara,085,1922200,16232,13785,33,13818,183
2020-08-14,Santa Cruz,087,273765,1638,1418,11,1429,6
2020-08-14,Shasta,089,179085,568,446,3,449,9
2020-08-14,Sierra,091,2930,6,5,0,5,0
2020-08-14,Siskiyou,093,43540,117,98,0,98,0
2020-08-14,Solano,095,438530,4992,4421,30,4451,31
2020-08-14,Sonoma,097,501317,4949,4087,14,4101,45
2020-08-14,Stanislaus,099,539301,13922,12379,181,12560,140
2020-08-14,Sutter,101,95872,1160,1039,1,1040,8
2020-08-14,Tehama,103,63373,357,305,2,307,1
2020-08-14,Trinity,105,12862,36,6,6,12,0
2020-08-14,Tulare,107,460477,13365,12009,40,12049,211
2020-08-14,Tuolumne,109,53932,172,155,4,159,1
2020-08-14,Ventura,111,848112,10219,9313,49,9362,89
2020-08-14,Yolo,113,214977,2221,1991,4,1995,45
2020-08-14,Yuba,115,75493,715,606,2,608,1
2020-08-13,Alameda,001,1643700,16466,14385,113,14498,218
2020-08-13,Alpine,003,1148,2,2,0,2,0
2020-08-13,Amador,005,37829,259,198,0,198,8
2020-08-13,Butte,007,227075,1534,1345,21,1366,15
2020-08-13,Calaveras,009,45235,191,162,0,162,1
2020-08-13,Colusa,011,21464,426,395,0,395,5
2020-08-13,Contra Costa,013,1133247,12728,10545,40,10585,136
2020-08-13,Del Norte,015,27424,102,74,0,74,0
2020-08-13,El Dorado,017,186661,930,803,6,809,2
2020-08-13,Fresno,019,978130,25148,19157,244,19401,201
2020-08-13,Glenn,021,27897,416,392,0,392,1
2020-08-13,Humboldt,023,135768,332,281,1,282,4
2020-08-13,Imperial,025,180216,10859,8640,7,8647,170
2020-08-13,Inyo,027,18085,144,97,2,99,1
2020-08-13,Kern,029,883053,28054,25472,162,25634,242
2020-08-13,Kings,031,150075,5662,4824,26,4850,52
2020-08-13,Lake,033,64148,285,263,0,263,2
2020-08-13,Lassen,035,31185,711,652,2,654,0
2020-08-13,Los Angeles,037,10098052,225364,216497,808,217305,5179
2020-08-13,Madera,039,155013,3455,2675,19,2694,25
2020-08-13,Marin,041,260295,5855,5503,12,5515,44
2020-08-13,Mariposa,043,17540,69,61,0,61,2
2020-08-13,Mendocino,045,87422,507,401,0,401,8
2020-08-13,Merced,047,269075,7136,5945,4,5949,63
2020-08-13,Modoc,049,8938,7,5,0,5,0
2020-08-13,Mono,051,14174,162,124,2,126,1
2020-08-13,Monterey,053,433212,6975,5925,19,5944,38
2020-08-13,Napa,055,140530,1335,1179,3,1182,10
2020-08-13,Nevada,057,99092,400,362,13,375,1
2020-08-13,Orange,059,3164182,47441,42019,1008,43027,773
2020-08-13,Placer,061,380077,2752,2460,4,2464,26
2020-08-13,Plumas,063,18699,38,32,0,32,0
2020-08-13,Riverside,065,2383286,50037,45327,50,45377,885
2020-08-13,Sacramento,067,1510023,15848,13237,13,13250,197
2020-08-13,San Benito,069,59416,870,757,0,757,2
2020-08-13,San Bernardino,071,2135413,45437,39395,234,39629,591
2020-08-13,San Diego,073,3302833,35977,33661,159,33820,627
2020-08-13,San Francisco,075,870044,8568,7277,8,7285,69
2020-08-13,San Joaquin,077,732212,16854,14537,26,14563,261
2020-08-13,San Luis Obispo,079,281455,2708,2283,11,2294,16
2020-08-13,San Mateo,081,765935,7640,6503,7,6510,117
2020-08-13,Santa Barbara,083,443738,7604,7129,66,7195,74
2020-08-13,Santa Clara,085,1922200,16010,13257,33,13290,182
2020-08-13,Santa Cruz,087,273765,1613,1383,11,1394,6
2020-08-13,Shasta,089,179085,563,428,3,431,9
2020-08-13,Sierra,091,2930,6,5,0,5,0
2020-08-13,Siskiyou,093,43540,117,95,0,95,0
2020-08-13,Solano,095,438530,4955,4305,30,4335,31
2020-08-13,Sonoma,097,501317,4875,3902,14,3916,45
2020-08-13,Stanislaus,099,539301,13793,11953,165,12118,136
2020-08-13,Sutter,101,95872,1138,992,1,993,8
2020-08-13,Tehama,103,63373,348,302,2,304,1
2020-08-13,Trinity,105,12862,35,6,6,12,0
2020-08-13,Tulare,107,460477,13221,11692,37,11729,210
2020-08-13,Tuolumne,109,53932,171,152,4,156,1
2020-08-13,Ventura,111,848112,10130,9114,49,9163,90
2020-08-13,Yolo,113,214977,2194,1938,4,1942,44
2020-08-13,Yuba,115,75493,699,568,2,570,1
2020-08-12,Alameda,001,1643700,16254,14214,113,14327,215
2020-08-12,Alpine,003,1148,2,2,0,2,0
2020-08-12,Amador,005,37829,256,197,0,197,8
2020-08-12,Butte,007,227075,1506,1317,21,1338,15
2020-08-12,Calaveras,009,45235,188,157,0,157,1
2020-08-12,Colusa,011,21464,421,394,0,394,5
2020-08-12,Contra Costa,013,1133247,12583,10304,39,10343,134
2020-08-12,Del Norte,015,27424,101,74,0,74,0
2020-08-12,El Dorado,017,186661,912,794,6,800,2
2020-08-12,Fresno,019,978130,24917,18690,238,18928,194
2020-08-12,Glenn,021,27897,413,388,0,388,1
2020-08-12,Humboldt,023,135768,325,281,1,282,4
2020-08-12,Imperial,025,180216,10836,8566,7,8573,167
2020-08-12,Inyo,027,18085,127,97,2,99,1
2020-08-12,Kern,029,883053,27862,25191,160,25351,232
2020-08-12,Kings,031,150075,5623,4736,26,4762,50
2020-08-12,Lake,033,64148,283,253,0,253,2
2020-08-12,Lassen,035,31185,710,651,2,653,0
2020-08-12,Los Angeles,037,10098052,223966,214542,793,215335,5119
2020-08-12,Madera,039,155013,3421,2681,17,2698,23
2020-08-12,Marin,041,260295,5833,5423,12,5435,44
2020-08-12,Mariposa,043,17540,69,61,0,61,2
2020-08-12,Mendocino,045,87422,488,386,0,386,9
2020-08-12,Merced,047,269075,7074,5777,4,5781,66
2020-08-12,Modoc,049,8938,7,5,0,5,0
2020-08-12,Mono,051,14174,161,124,2,126,1
2020-08-12,Monterey,053,433212,6871,5919,19,5938,38
2020-08-12,Napa,055,140530,1325,1161,3,1164,10
2020-08-12,Nevada,057,99092,395,357,13,370,1
2020-08-12,Orange,059,3164182,47190,41576,984,42560,754
2020-08-12,Placer,061,380077,2720,2417,4,2421,25
2020-08-12,Plumas,063,18699,38,31,0,31,0
2020-08-12,Riverside,065,2383286,49689,44747,50,44797,867
2020-08-12,Sacramento,067,1510023,15636,12528,13,12541,189
2020-08-12,San Benito,069,59416,857,751,0,751,2
2020-08-12,San Bernardino,071,2135413,45093,38811,225,39036,589
2020-08-12,San Diego,073,3302833,35768,33395,139,33534,608
2020-08-12,San Francisco,075,870044,8485,7194,8,7202,66
2020-08-12,San Joaquin,077,732212,16706,14154,26,14180,253
2020-08-12,San Luis Obispo,079,281455,2683,2263,11,2274,15
2020-08-12,San Mateo,081,765935,7561,6427,7,6434,117
2020-08-12,Santa Barbara,083,443738,7544,7049,64,7113,74
2020-08-12,Santa Clara,085,1922200,15835,13002,33,13035,182
2020-08-12,Santa Cruz,087,273765,1584,1382,10,1392,6
2020-08-12,Shasta,089,179085,559,417,3,420,9
2020-08-12,Sierra,091,2930,5,4,0,4,0
2020-08-12,Siskiyou,093,43540,116,90,0,90,0
2020-08-12,Solano,095,438530,4910,4258,30,4288,31
2020-08-12,Sonoma,097,501317,4801,3847,14,3861,47
2020-08-12,Stanislaus,099,539301,13653,11682,158,11840,136
2020-08-12,Sutter,101,95872,1114,987,1,988,7
2020-08-12,Tehama,103,63373,338,289,2,291,1
2020-08-12,Trinity,105,12862,34,6,6,12,0
2020-08-12,Tulare,107,460477,13093,11460,37,11497,211
2020-08-12,Tuolumne,109,53932,170,150,4,154,1
2020-08-12,Ventura,111,848112,10043,9005,49,9054,87
2020-08-12,Yolo,113,214977,2170,1921,4,1925,44
2020-08-12,Yuba,115,75493,677,549,1,550,1
2020-08-11,Alameda,001,1643700,15993,13960,110,14070,204
2020-08-11,Alpine,003,1148,2,2,0,2,0
2020-08-11,Amador,005,37829,250,187,0,187,3
2020-08-11,Butte,007,227075,1478,1296,21,1317,15
2020-08-11,Calaveras,009,45235,186,161,0,161,1
2020-08-11,Colusa,011,21464,416,390,0,390,5
2020-08-11,Contra Costa,013,1133247,12395,10012,37,10049,131
2020-08-11,Del Norte,015,27424,100,73,0,73,0
2020-08-11,El Dorado,017,186661,905,786,5,791,2
2020-08-11,Fresno,019,978130,24593,18344,235,18579,187
2020-08-11,Glenn,021,27897,411,380,0,380,1
2020-08-11,Humboldt,023,135768,320,283,1,284,4
2020-08-11,Imperial,025,180216,10781,8518,7,8525,165
2020-08-11,Inyo,027,18085,122,97,2,99,1
2020-08-11,Kern,029,883053,27527,25042,158,25200,230
2020-08-11,Kings,031,150075,5432,4696,26,4722,50
2020-08-11,Lake,033,64148,280,243,0,243,2
2020-08-11,Lassen,035,31185,704,605,2,607,0
2020-08-11,Los Angeles,037,10098052,222465,212421,769,213190,5065
2020-08-11,Madera,039,155013,3367,2673,17,2690,22
2020-08-11,Marin,041,260295,5806,5287,11,5298,44
2020-08-11,Mariposa,043,17540,68,60,0,60,2
2020-08-11,Mendocino,045,87422,478,385,0,385,9
2020-08-11,Merced,047,269075,6979,5322,3,5325,65
2020-08-11,Modoc,049,8938,7,5,0,5,0
2020-08-11,Mono,051,14174,161,124,2,126,1
2020-08-11,Monterey,053,433212,6762,5624,19,5643,36
2020-08-11,Napa,055,140530,1314,1143,2,1145,11
2020-08-11,Nevada,057,99092,392,358,13,371,1
2020-08-11,Orange,059,3164182,46968,41205,963,42168,742
2020-08-11,Placer,061,380077,2688,2393,4,2397,24
2020-08-11,Plumas,063,18699,38,31,0,31,0
2020-08-11,Riverside,065,2383286,49332,44237,50,44287,836
2020-08-11,Sacramento,067,1510023,15345,12298,13,12311,182
2020-08-11,San Benito,069,59416,845,750,0,750,2
2020-08-11,San Bernardino,071,2135413,44753,38467,218,38685,584
2020-08-11,San Diego,073,3302833,35501,33159,120,33279,602
2020-08-11,San Francisco,075,870044,8389,6988,8,6996,66
2020-08-11,San Joaquin,077,732212,16528,13997,21,14018,251
2020-08-11,San Luis Obispo,079,281455,2626,2234,11,2245,15
2020-08-11,San Mateo,081,765935,7487,6339,7,6346,117
2020-08-11,Santa Barbara,083,443738,7495,6942,64,7006,70
2020-08-11,Santa Clara,085,1922200,15614,12920,33,12953,183
2020-08-11,Santa Cruz,087,273765,1561,1352,10,1362,4
2020-08-11,Shasta,089,179085,555,416,3,419,9
2020-08-11,Sierra,091,2930,5,4,0,4,0
2020-08-11,Siskiyou,093,43540,116,90,0,90,0
2020-08-11,Solano,095,438530,4862,4206,29,4235,31
2020-08-11,Sonoma,097,501317,4706,3752,14,3766,45
2020-08-11,Stanislaus,099,539301,13549,11592,146,11738,128
2020-08-11,Sutter,101,95872,1092,964,1,965,7
2020-08-11,Tehama,103,63373,334,289,2,291,1
2020-08-11,Trinity,105,12862,34,5,6,11,0
2020-08-11,Tulare,107,460477,12968,11392,36,11428,201
2020-08-11,Tuolumne,109,53932,166,146,4,150,1
2020-08-11,Ventura,111,848112,9975,8953,48,9001,88
2020-08-11,Yolo,113,214977,2148,1912,4,1916,44
2020-08-11,Yuba,115,75493,666,540,1,541,1
2020-08-10,Alameda,001,1643700,15753,13420,109,13529,203
2020-08-10,Alpine,003,1148,2,2,0,2,0
2020-08-10,Amador,005,37829,249,172,0,172,2
2020-08-10,Butte,007,227075,1454,1174,19,1193,15
2020-08-10,Calaveras,009,45235,175,121,0,121,1
2020-08-10,Colusa,011,21464,414,387,0,387,4
2020-08-10,Contra Costa,013,1133247,12242,9454,35,9489,130
2020-08-10,Del Norte,015,27424,98,69,0,69,0
2020-08-10,El Dorado,017,186661,893,771,5,776,2
2020-08-10,Fresno,019,978130,24312,17978,235,18213,183
2020-08-10,Glenn,021,27897,408,381,0,381,1
2020-08-10,Humboldt,023,135768,314,277,1,278,4
2020-08-10,Imperial,025,180216,10737,8465,7,8472,165
2020-08-10,Inyo,027,18085,122,97,2,99,1
2020-08-10,Kern,029,883053,27301,24499,157,24656,215
2020-08-10,Kings,031,150075,5326,4588,26,4614,50
2020-08-10,Lake,033,64148,273,239,0,239,2
2020-08-10,Lassen,035,31185,704,588,2,590,0
2020-08-10,Los Angeles,037,10098052,220888,211035,751,211786,5003
2020-08-10,Madera,039,155013,3334,2365,17,2382,22
2020-08-10,Marin,041,260295,5761,5242,10,5252,44
2020-08-10,Mariposa,043,17540,68,57,0,57,2
2020-08-10,Mendocino,045,87422,454,364,0,364,1
2020-08-10,Merced,047,269075,6898,4913,3,4916,51
2020-08-10,Modoc,049,8938,7,5,0,5,0
2020-08-10,Mono,051,14174,161,123,2,125,1
2020-08-10,Monterey,053,433212,6652,5358,19,5377,34
2020-08-10,Napa,055,140530,1296,1084,2,1086,8
2020-08-10,Nevada,057,99092,384,356,13,369,1
2020-08-10,Orange,059,3164182,46698,40445,945,41390,721
2020-08-10,Placer,061,380077,2649,2298,4,2302,21
2020-08-10,Plumas,063,18699,38,27,0,27,0
2020-08-10,Riverside,065,2383286,48947,43296,49,43345,830
2020-08-10,Sacramento,067,1510023,15034,12059,13,12072,168
2020-08-10,San Benito,069,59416,832,743,0,743,2
2020-08-10,San Bernardino,071,2135413,44377,37367,209,37576,579
2020-08-10,San Diego,073,3302833,35235,32977,104,33081,594
2020-08-10,San Francisco,075,870044,8299,6816,7,6823,66
2020-08-10,San Joaquin,077,732212,16344,13308,21,13329,240
2020-08-10,San Luis Obispo,079,281455,2527,2208,11,2219,15
2020-08-10,San Mateo,081,765935,7410,6222,7,6229,117
2020-08-10,Santa Barbara,083,443738,7440,6869,64,6933,66
2020-08-10,Santa Clara,085,1922200,15354,12615,32,12647,182
2020-08-10,Santa Cruz,087,273765,1541,1239,9,1248,4
2020-08-10,Shasta,089,179085,551,384,3,387,9
2020-08-10,Sierra,091,2930,5,3,0,3,0
2020-08-10,Siskiyou,093,43540,113,88,0,88,0
2020-08-10,Solano,095,438530,4802,4101,29,4130,31
2020-08-10,Sonoma,097,501317,4537,3640,10,3650,42
2020-08-10,Stanislaus,099,539301,13366,10855,130,10985,106
2020-08-10,Sutter,101,95872,1067,865,1,866,7
2020-08-10,Tehama,103,63373,327,282,2,284,1
2020-08-10,Trinity,105,12862,31,5,6,11,0
2020-08-10,Tulare,107,460477,12795,10750,34,10784,194
2020-08-10,Tuolumne,109,53932,166,143,3,146,1
2020-08-10,Ventura,111,848112,9891,8851,47,8898,85
2020-08-10,Yolo,113,214977,2125,1840,4,1844,45
2020-08-10,Yuba,115,75493,649,527,1,528,1
2020-08-09,Alameda,001,1643700,15471,13241,107,13348,203
2020-08-09,Alpine,003,1148,2,2,0,2,0
2020-08-09,Amador,005,37829,244,153,0,153,2
2020-08-09,Butte,007,227075,1411,1155,19,1174,15
2020-08-09,Calaveras,009,45235,170,122,0,122,1
2020-08-09,Colusa,011,21464,410,371,0,371,4
2020-08-09,Contra Costa,013,1133247,12015,9214,34,9248,130
2020-08-09,Del Norte,015,27424,98,69,0,69,0
2020-08-09,El Dorado,017,186661,885,748,5,753,2
2020-08-09,Fresno,019,978130,24002,17846,231,18077,183
2020-08-09,Glenn,021,27897,406,354,0,354,1
2020-08-09,Humboldt,023,135768,308,279,1,280,4
2020-08-09,Imperial,025,180216,10694,8310,6,8316,165
2020-08-09,Inyo,027,18085,117,86,1,87,1
2020-08-09,Kern,029,883053,27045,23680,157,23837,215
2020-08-09,Kings,031,150075,5283,4446,25,4471,50
2020-08-09,Lake,033,64148,266,225,0,225,2
2020-08-09,Lassen,035,31185,698,589,2,591,0
2020-08-09,Los Angeles,037,10098052,218825,208810,729,209539,4984
2020-08-09,Madera,039,155013,3276,2322,13,2335,22
2020-08-09,Marin,041,260295,5718,5204,10,5214,44
2020-08-09,Mariposa,043,17540,66,56,0,56,2
2020-08-09,Mendocino,045,87422,444,283,0,283,1
2020-08-09,Merced,047,269075,6801,4735,2,4737,51
2020-08-09,Modoc,049,8938,7,4,0,4,0
2020-08-09,Mono,051,14174,160,113,2,115,1
2020-08-09,Monterey,053,433212,6528,5199,19,5218,34
2020-08-09,Napa,055,140530,1277,1062,2,1064,8
2020-08-09,Nevada,057,99092,376,332,13,345,1
2020-08-09,Orange,059,3164182,46399,39244,930,40174,722
2020-08-09,Placer,061,380077,2620,2211,4,2215,20
2020-08-09,Plumas,063,18699,38,27,0,27,0
2020-08-09,Riverside,065,2383286,48602,41894,49,41943,828
2020-08-09,Sacramento,067,1510023,14755,11301,13,11314,167
2020-08-09,San Benito,069,59416,813,687,0,687,2
2020-08-09,San Bernardino,071,2135413,43897,36092,209,36301,579
2020-08-09,San Diego,073,3302833,34944,32749,93,32842,594
2020-08-09,San Francisco,075,870044,8184,6820,7,6827,66
2020-08-09,San Joaquin,077,732212,16139,12933,20,12953,240
2020-08-09,San Luis Obispo,079,281455,2491,2124,11,2135,15
2020-08-09,San Mateo,081,765935,7315,6094,7,6101,117
2020-08-09,Santa Barbara,083,443738,7352,6669,64,6733,66
2020-08-09,Santa Clara,085,1922200,15084,11878,32,11910,181
2020-08-09,Santa Cruz,087,273765,1517,1246,9,1255,4
2020-08-09,Shasta,089,179085,547,361,3,364,9
2020-08-09,Sierra,091,2930,5,3,0,3,0
2020-08-09,Siskiyou,093,43540,112,74,0,74,0
2020-08-09,Solano,095,438530,4749,3954,28,3982,31
2020-08-09,Sonoma,097,501317,4401,3531,8,3539,41
2020-08-09,Stanislaus,099,539301,13158,10264,117,10381,106
2020-08-09,Sutter,101,95872,1033,857,1,858,7
2020-08-09,Tehama,103,63373,319,265,2,267,1
2020-08-09,Trinity,105,12862,31,5,6,11,0
2020-08-09,Tulare,107,460477,12605,10630,31,10661,194
2020-08-09,Tuolumne,109,53932,162,143,3,146,1
2020-08-09,Ventura,111,848112,9743,8633,46,8679,85
2020-08-09,Yolo,113,214977,2094,1765,4,1769,44
2020-08-09,Yuba,115,75493,629,442,1,443,1
2020-08-08,Alameda,001,1643700,15361,13087,107,13194,204
2020-08-08,Alpine,003,1148,2,2,0,2,0
2020-08-08,Amador,005,37829,244,139,0,139,2
2020-08-08,Butte,007,227075,1393,1140,19,1159,15
2020-08-08,Calaveras,009,45235,169,122,0,122,1
2020-08-08,Colusa,011,21464,409,368,0,368,4
2020-08-08,Contra Costa,013,1133247,11906,9104,34,9138,129
2020-08-08,Del Norte,015,27424,97,69,0,69,0
2020-08-08,El Dorado,017,186661,878,734,5,739,2
2020-08-08,Fresno,019,978130,23865,17538,229,17767,183
2020-08-08,Glenn,021,27897,406,344,0,344,1
2020-08-08,Humboldt,023,135768,305,277,1,278,4
2020-08-08,Imperial,025,180216,10679,8213,6,8219,165
2020-08-08,Inyo,027,18085,113,86,1,87,1
2020-08-08,Kern,029,883053,26931,22803,157,22960,215
2020-08-08,Kings,031,150075,5269,4367,25,4392,49
2020-08-08,Lake,033,64148,264,221,0,221,2
2020-08-08,Lassen,035,31185,698,589,2,591,0
2020-08-08,Los Angeles,037,10098052,217941,206971,718,207689,4974
2020-08-08,Madera,039,155013,3245,2275,13,2288,22
2020-08-08,Marin,041,260295,5698,5118,10,5128,44
2020-08-08,Mariposa,043,17540,65,55,0,55,2
2020-08-08,Mendocino,045,87422,442,264,0,264,1
2020-08-08,Merced,047,269075,6761,4570,2,4572,51
2020-08-08,Modoc,049,8938,7,4,0,4,0
2020-08-08,Mono,051,14174,160,113,2,115,1
2020-08-08,Monterey,053,433212,6470,5101,19,5120,33
2020-08-08,Napa,055,140530,1269,1062,2,1064,8
2020-08-08,Nevada,057,99092,374,325,13,338,1
2020-08-08,Orange,059,3164182,46269,38688,921,39609,718
2020-08-08,Placer,061,380077,2604,2153,4,2157,20
2020-08-08,Plumas,063,18699,38,27,0,27,0
2020-08-08,Riverside,065,2383286,48398,41412,49,41461,823
2020-08-08,Sacramento,067,1510023,14625,11144,13,11157,166
2020-08-08,San Benito,069,59416,805,684,0,684,2
2020-08-08,San Bernardino,071,2135413,43702,35691,208,35899,531
2020-08-08,San Diego,073,3302833,34755,32332,84,32416,593
2020-08-08,San Francisco,075,870044,8118,6820,7,6827,66
2020-08-08,San Joaquin,077,732212,16058,12559,19,12578,240
2020-08-08,San Luis Obispo,079,281455,2468,2081,11,2092,15
2020-08-08,San Mateo,081,765935,7257,6021,7,6028,117
2020-08-08,Santa Barbara,083,443738,7314,6598,64,6662,66
2020-08-08,Santa Clara,085,1922200,14932,11615,32,11647,181
2020-08-08,Santa Cruz,087,273765,1503,1247,9,1256,4
2020-08-08,Shasta,089,179085,545,343,3,346,9
2020-08-08,Sierra,091,2930,5,3,0,3,0
2020-08-08,Siskiyou,093,43540,112,73,0,73,0
2020-08-08,Solano,095,438530,4728,3889,27,3916,31
2020-08-08,Sonoma,097,501317,4370,3399,8,3407,41
2020-08-08,Stanislaus,099,539301,13083,9963,112,10075,105
2020-08-08,Sutter,101,95872,1023,830,1,831,7
2020-08-08,Tehama,103,63373,318,251,2,253,1
2020-08-08,Trinity,105,12862,31,5,6,11,0
2020-08-08,Tulare,107,460477,12530,10505,31,10536,192
2020-08-08,Tuolumne,109,53932,162,143,3,146,1
2020-08-08,Ventura,111,848112,9688,8462,45,8507,85
2020-08-08,Yolo,113,214977,2081,1725,4,1729,44
2020-08-08,Yuba,115,75493,620,430,1,431,1
2020-08-07,Alameda,001,1643700,15251,12805,107,12912,204
2020-08-07,Alpine,003,1148,2,2,0,2,0
2020-08-07,Amador,005,37829,242,125,0,125,2
2020-08-07,Butte,007,227075,1375,1092,19,1111,13
2020-08-07,Calaveras,009,45235,169,119,0,119,1
2020-08-07,Colusa,011,21464,408,358,0,358,4
2020-08-07,Contra Costa,013,1133247,11758,8810,34,8844,126
2020-08-07,Del Norte,015,27424,97,69,0,69,0
2020-08-07,El Dorado,017,186661,873,724,5,729,2
2020-08-07,Fresno,019,978130,23705,17290,229,17519,171
2020-08-07,Glenn,021,27897,405,339,0,339,1
2020-08-07,Humboldt,023,135768,301,274,1,275,4
2020-08-07,Imperial,025,180216,10654,8085,6,8091,164
2020-08-07,Inyo,027,18085,112,81,1,82,1
2020-08-07,Kern,029,883053,26805,22143,155,22298,206
2020-08-07,Kings,031,150075,5252,4315,25,4340,48
2020-08-07,Lake,033,64148,262,215,0,215,1
2020-08-07,Lassen,035,31185,697,588,2,590,0
2020-08-07,Los Angeles,037,10098052,216474,204406,707,205113,4924
2020-08-07,Madera,039,155013,3213,2245,13,2258,20
2020-08-07,Marin,041,260295,5669,5094,10,5104,43
2020-08-07,Mariposa,043,17540,65,53,0,53,2
2020-08-07,Mendocino,045,87422,428,262,0,262,1
2020-08-07,Merced,047,269075,6718,4358,2,4360,30
2020-08-07,Modoc,049,8938,7,4,0,4,0
2020-08-07,Mono,051,14174,160,112,2,114,1
2020-08-07,Monterey,053,433212,6395,5041,19,5060,33
2020-08-07,Napa,055,140530,1264,1055,2,1057,8
2020-08-07,Nevada,057,99092,371,324,13,337,1
2020-08-07,Orange,059,3164182,46058,38459,904,39363,701
2020-08-07,Placer,061,380077,2586,2078,4,2082,20
2020-08-07,Plumas,063,18699,38,25,0,25,0
2020-08-07,Riverside,065,2383286,48134,40902,48,40950,810
2020-08-07,Sacramento,067,1510023,14480,10798,13,10811,160
2020-08-07,San Benito,069,59416,799,647,0,647,2
2020-08-07,San Bernardino,071,2135413,43455,35200,207,35407,524
2020-08-07,San Diego,073,3302833,34570,31781,81,31862,586
2020-08-07,San Francisco,075,870044,8040,6765,7,6772,66
2020-08-07,San Joaquin,077,732212,15971,12392,19,12411,223
2020-08-07,San Luis Obispo,079,281455,2437,2050,11,2061,14
2020-08-07,San Mateo,081,765935,7197,5948,7,5955,117
2020-08-07,Santa Barbara,083,443738,7263,6509,64,6573,66
2020-08-07,Santa Clara,085,1922200,14733,11409,32,11441,180
2020-08-07,Santa Cruz,087,273765,1485,1234,9,1243,5
2020-08-07,Shasta,089,179085,540,342,3,345,9
2020-08-07,Sierra,091,2930,5,3,0,3,0
2020-08-07,Siskiyou,093,43540,109,73,0,73,0
2020-08-07,Solano,095,438530,4696,3844,26,3870,31
2020-08-07,Sonoma,097,501317,4304,3329,8,3337,34
2020-08-07,Stanislaus,099,539301,12961,9665,102,9767,98
2020-08-07,Sutter,101,95872,1019,807,1,808,6
2020-08-07,Tehama,103,63373,314,246,2,248,1
2020-08-07,Trinity,105,12862,30,5,6,11,0
2020-08-07,Tulare,107,460477,12453,10292,31,10323,195
2020-08-07,Tuolumne,109,53932,161,136,3,139,1
2020-08-07,Ventura,111,848112,9628,8356,43,8399,84
2020-08-07,Yolo,113,214977,2054,1689,4,1693,37
2020-08-07,Yuba,115,75493,615,413,1,414,1
2020-08-06,Alameda,001,1643700,15029,12474,106,12580,200
2020-08-06,Alpine,003,1148,2,2,0,2,0
2020-08-06,Amador,005,37829,228,125,0,125,0
2020-08-06,Butte,007,227075,1356,1060,19,1079,13
2020-08-06,Calaveras,009,45235,166,117,0,117,1
2020-08-06,Colusa,011,21464,405,358,0,358,3
2020-08-06,Contra Costa,013,1133247,11564,8583,33,8616,124
2020-08-06,Del Norte,015,27424,97,69,0,69,0
2020-08-06,El Dorado,017,186661,862,703,5,708,1
2020-08-06,Fresno,019,978130,23407,17031,222,17253,161
2020-08-06,Glenn,021,27897,400,332,0,332,1
2020-08-06,Humboldt,023,135768,296,266,1,267,4
2020-08-06,Imperial,025,180216,10611,8064,6,8070,163
2020-08-06,Inyo,027,18085,104,83,1,84,1
2020-08-06,Kern,029,883053,26569,21843,154,21997,197
2020-08-06,Kings,031,150075,5190,4264,24,4288,47
2020-08-06,Lake,033,64148,259,209,0,209,1
2020-08-06,Lassen,035,31185,695,588,2,590,0
2020-08-06,Los Angeles,037,10098052,214401,201372,691,202063,4874
2020-08-06,Madera,039,155013,3165,2240,12,2252,19
2020-08-06,Marin,041,260295,5637,5058,10,5068,43
2020-08-06,Mariposa,043,17540,64,52,0,52,2
2020-08-06,Mendocino,045,87422,414,260,0,260,1
2020-08-06,Merced,047,269075,6616,4235,2,4237,30
2020-08-06,Modoc,049,8938,7,4,0,4,0
2020-08-06,Mono,051,14174,159,111,2,113,1
2020-08-06,Monterey,053,433212,6286,5001,18,5019,33
2020-08-06,Napa,055,140530,1250,1032,2,1034,8
2020-08-06,Nevada,057,99092,366,321,13,334,1
2020-08-06,Orange,059,3164182,45766,38399,899,39298,694
2020-08-06,Placer,061,380077,2560,2045,4,2049,20
2020-08-06,Plumas,063,18699,37,25,0,25,0
2020-08-06,Riverside,065,2383286,47740,40269,48,40317,781
2020-08-06,Sacramento,067,1510023,14252,10548,13,10561,153
2020-08-06,San Benito,069,59416,791,626,0,626,2
2020-08-06,San Bernardino,071,2135413,43049,34819,205,35024,516
2020-08-06,San Diego,073,3302833,34303,31129,74,31203,583
2020-08-06,San Francisco,075,870044,7947,6737,6,6743,60
2020-08-06,San Joaquin,077,732212,15812,12269,19,12288,203
2020-08-06,San Luis Obispo,079,281455,2413,2000,10,2010,13
2020-08-06,San Mateo,081,765935,7097,5885,7,5892,117
2020-08-06,Santa Barbara,083,443738,7203,6620,64,6684,65
2020-08-06,Santa Clara,085,1922200,14504,11280,32,11312,178
2020-08-06,Santa Cruz,087,273765,1464,1215,9,1224,4
2020-08-06,Shasta,089,179085,531,343,3,346,9
2020-08-06,Sierra,091,2930,5,3,0,3,0
2020-08-06,Siskiyou,093,43540,109,73,0,73,0
2020-08-06,Solano,095,438530,4652,3784,26,3810,29
2020-08-06,Sonoma,097,501317,4240,3259,8,3267,33
2020-08-06,Stanislaus,099,539301,12811,9566,86,9652,98
2020-08-06,Sutter,101,95872,988,797,1,798,6
2020-08-06,Tehama,103,63373,311,242,2,244,1
2020-08-06,Trinity,105,12862,27,5,6,11,0
2020-08-06,Tulare,107,460477,12293,10169,31,10200,195
2020-08-06,Tuolumne,109,53932,160,136,3,139,1
2020-08-06,Ventura,111,848112,9513,8245,40,8285,80
2020-08-06,Yolo,113,214977,2030,1662,4,1666,36
2020-08-06,Yuba,115,75493,606,407,0,407,1
2020-08-05,Alameda,001,1643700,14813,12140,106,12246,193
2020-08-05,Alpine,003,1148,2,2,0,2,0
2020-08-05,Amador,005,37829,218,123,0,123,0
2020-08-05,Butte,007,227075,1322,1038,18,1056,13
2020-08-05,Calaveras,009,45235,163,116,0,116,1
2020-08-05,Colusa,011,21464,401,354,0,354,3
2020-08-05,Contra Costa,013,1133247,11395,8362,33,8395,122
2020-08-05,Del Norte,015,27424,96,69,0,69,0
2020-08-05,El Dorado,017,186661,854,692,5,697,1
2020-08-05,Fresno,019,978130,23163,16625,217,16842,159
2020-08-05,Glenn,021,27897,397,330,0,330,1
2020-08-05,Humboldt,023,135768,294,249,1,250,4
2020-08-05,Imperial,025,180216,10576,8036,6,8042,163
2020-08-05,Inyo,027,18085,102,62,1,63,1
2020-08-05,Kern,029,883053,26381,21540,149,21689,194
2020-08-05,Kings,031,150075,5145,4192,23,4215,47
2020-08-05,Lake,033,64148,252,209,0,209,1
2020-08-05,Lassen,035,31185,648,557,2,559,0
2020-08-05,Los Angeles,037,10098052,212480,198355,671,199026,4832
2020-08-05,Madera,039,155013,3123,2172,12,2184,19
2020-08-05,Marin,041,260295,5605,5036,10,5046,43
2020-08-05,Mariposa,043,17540,64,52,0,52,2
2020-08-05,Mendocino,045,87422,402,248,0,248,1
2020-08-05,Merced,047,269075,6481,4119,2,4121,30
2020-08-05,Modoc,049,8938,7,3,0,3,0
2020-08-05,Mono,051,14174,159,104,2,106,1
2020-08-05,Monterey,053,433212,6171,4936,18,4954,32
2020-08-05,Napa,055,140530,1238,1020,2,1022,8
2020-08-05,Nevada,057,99092,357,327,13,340,2
2020-08-05,Orange,059,3164182,45457,37907,891,38798,663
2020-08-05,Placer,061,380077,2519,1989,4,1993,18
2020-08-05,Plumas,063,18699,36,25,0,25,0
2020-08-05,Riverside,065,2383286,47348,39454,46,39500,761
2020-08-05,Sacramento,067,1510023,14034,10261,12,10273,151
2020-08-05,San Benito,069,59416,782,613,0,613,2
2020-08-05,San Bernardino,071,2135413,42587,34442,200,34642,504
2020-08-05,San Diego,073,3302833,34079,30866,58,30924,578
2020-08-05,San Francisco,075,870044,7854,6701,6,6707,60
2020-08-05,San Joaquin,077,732212,15651,12148,19,12167,199
2020-08-05,San Luis Obispo,079,281455,2389,1928,10,1938,13
2020-08-05,San Mateo,081,765935,7002,5695,7,5702,116
2020-08-05,Santa Barbara,083,443738,7143,6597,64,6661,63
2020-08-05,Santa Clara,085,1922200,14270,11074,32,11106,176
2020-08-05,Santa Cruz,087,273765,1444,1192,7,1199,4
2020-08-05,Shasta,089,179085,525,338,3,341,9
2020-08-05,Sierra,091,2930,5,3,0,3,0
2020-08-05,Siskiyou,093,43540,105,72,0,72,0
2020-08-05,Solano,095,438530,4601,3750,25,3775,29
2020-08-05,Sonoma,097,501317,4157,3173,8,3181,33
2020-08-05,Stanislaus,099,539301,12652,9408,81,9489,97
2020-08-05,Sutter,101,95872,977,780,1,781,6
2020-08-05,Tehama,103,63373,308,231,2,233,1
2020-08-05,Trinity,105,12862,27,5,6,11,0
2020-08-05,Tulare,107,460477,12151,9924,31,9955,192
2020-08-05,Tuolumne,109,53932,160,137,3,140,0
2020-08-05,Ventura,111,848112,9397,8162,36,8198,75
2020-08-05,Yolo,113,214977,2002,1634,4,1638,36
2020-08-05,Yuba,115,75493,589,400,0,400,1
2020-08-04,Alameda,001,1643700,14596,11983,105,12088,192
2020-08-04,Alpine,003,1148,2,2,0,2,0
2020-08-04,Amador,005,37829,203,123,0,123,0
2020-08-04,Butte,007,227075,1298,1011,18,1029,10
2020-08-04,Calaveras,009,45235,159,116,0,116,1
2020-08-04,Colusa,011,21464,396,354,0,354,3
2020-08-04,Contra Costa,013,1133247,11228,8210,33,8243,122
2020-08-04,Del Norte,015,27424,94,69,0,69,0
2020-08-04,El Dorado,017,186661,844,668,5,673,1
2020-08-04,Fresno,019,978130,22878,16272,210,16482,154
2020-08-04,Glenn,021,27897,396,325,0,325,1
2020-08-04,Humboldt,023,135768,284,241,1,242,4
2020-08-04,Imperial,025,180216,10539,7974,6,7980,163
2020-08-04,Inyo,027,18085,88,59,1,60,1
2020-08-04,Kern,029,883053,26098,21403,149,21552,190
2020-08-04,Kings,031,150075,5080,4163,23,4186,47
2020-08-04,Lake,033,64148,252,206,0,206,1
2020-08-04,Lassen,035,31185,645,556,2,558,0
2020-08-04,Los Angeles,037,10098052,210539,196014,644,196658,4764
2020-08-04,Madera,039,155013,3080,2161,8,2169,19
2020-08-04,Marin,041,260295,5574,5020,9,5029,43
2020-08-04,Mariposa,043,17540,64,51,0,51,2
2020-08-04,Mendocino,045,87422,377,248,0,248,1
2020-08-04,Merced,047,269075,6367,4085,2,4087,30
2020-08-04,Modoc,049,8938,7,3,0,3,0
2020-08-04,Mono,051,14174,158,104,1,105,1
2020-08-04,Monterey,053,433212,6057,4892,18,4910,32
2020-08-04,Napa,055,140530,1225,994,0,994,8
2020-08-04,Nevada,057,99092,356,322,13,335,2
2020-08-04,Orange,059,3164182,45081,37844,885,38729,659
2020-08-04,Placer,061,380077,2482,1964,4,1968,17
2020-08-04,Plumas,063,18699,36,25,0,25,0
2020-08-04,Riverside,065,2383286,46963,38991,45,39036,743
2020-08-04,Sacramento,067,1510023,13816,10205,12,10217,146
2020-08-04,San Benito,069,59416,766,608,0,608,2
2020-08-04,San Bernardino,071,2135413,42037,34215,195,34410,495
2020-08-04,San Diego,073,3302833,33786,30518,46,30564,568
2020-08-04,San Francisco,075,870044,7766,6568,6,6574,60
2020-08-04,San Joaquin,077,732212,15523,12087,16,12103,189
2020-08-04,San Luis Obispo,079,281455,2359,1886,10,1896,13
2020-08-04,San Mateo,081,765935,6896,5690,7,5697,116
2020-08-04,Santa Barbara,083,443738,7083,6591,64,6655,61
2020-08-04,Santa Clara,085,1922200,13968,10986,31,11017,175
2020-08-04,Santa Cruz,087,273765,1425,1202,7,1209,4
2020-08-04,Shasta,089,179085,519,335,3,338,9
2020-08-04,Sierra,091,2930,5,1,0,1,0
2020-08-04,Siskiyou,093,43540,103,71,0,71,0
2020-08-04,Solano,095,438530,4530,3690,25,3715,29
2020-08-04,Sonoma,097,501317,4090,3108,8,3116,33
2020-08-04,Stanislaus,099,539301,12483,9359,74,9433,97
2020-08-04,Sutter,101,95872,963,761,1,762,6
2020-08-04,Tehama,103,63373,301,226,2,228,1
2020-08-04,Trinity,105,12862,27,5,6,11,0
2020-08-04,Tulare,107,460477,11971,9866,31,9897,192
2020-08-04,Tuolumne,109,53932,159,127,3,130,0
2020-08-04,Ventura,111,848112,9283,8134,34,8168,75
2020-08-04,Yolo,113,214977,1976,1626,4,1630,37
2020-08-04,Yuba,115,75493,574,398,0,398,1
2020-08-03,Alameda,001,1643700,14414,11817,102,11919,189
2020-08-03,Alpine,003,1148,2,2,0,2,0
2020-08-03,Amador,005,37829,199,119,0,119,0
2020-08-03,Butte,007,227075,1252,989,17,1006,9
2020-08-03,Calaveras,009,45235,156,117,0,117,1
2020-08-03,Colusa,011,21464,392,336,0,336,2
2020-08-03,Contra Costa,013,1133247,11031,8069,30,8099,120
2020-08-03,Del Norte,015,27424,90,68,0,68,0
2020-08-03,El Dorado,017,186661,833,645,5,650,1
2020-08-03,Fresno,019,978130,22584,15945,204,16149,151
2020-08-03,Glenn,021,27897,389,316,0,316,1
2020-08-03,Humboldt,023,135768,277,234,1,235,4
2020-08-03,Imperial,025,180216,10484,7953,6,7959,161
2020-08-03,Inyo,027,18085,85,57,1,58,1
2020-08-03,Kern,029,883053,25731,21285,142,21427,176
2020-08-03,Kings,031,150075,4968,4107,22,4129,47
2020-08-03,Lake,033,64148,245,201,0,201,1
2020-08-03,Lassen,035,31185,645,555,2,557,0
2020-08-03,Los Angeles,037,10098052,208501,194103,616,194719,4706
2020-08-03,Madera,039,155013,3031,2143,7,2150,18
2020-08-03,Marin,041,260295,5527,5001,9,5010,43
2020-08-03,Mariposa,043,17540,63,52,0,52,2
2020-08-03,Mendocino,045,87422,354,248,0,248,1
2020-08-03,Merced,047,269075,6245,4028,2,4030,29
2020-08-03,Modoc,049,8938,7,2,0,2,0
2020-08-03,Mono,051,14174,158,104,1,105,1
2020-08-03,Monterey,053,433212,5906,4806,15,4821,28
2020-08-03,Napa,055,140530,1211,973,0,973,8
2020-08-03,Nevada,057,99092,352,315,13,328,2
2020-08-03,Orange,059,3164182,44687,37705,875,38580,651
2020-08-03,Placer,061,380077,2426,1947,3,1950,16
2020-08-03,Plumas,063,18699,36,25,0,25,0
2020-08-03,Riverside,065,2383286,46495,38642,45,38687,740
2020-08-03,Sacramento,067,1510023,13621,10143,12,10155,142
2020-08-03,San Benito,069,59416,754,603,0,603,2
2020-08-03,San Bernardino,071,2135413,41512,33979,189,34168,444
2020-08-03,San Diego,073,3302833,33472,30228,36,30264,565
2020-08-03,San Francisco,075,870044,7672,6319,6,6325,60
2020-08-03,San Joaquin,077,732212,15326,12007,15,12022,189
2020-08-03,San Luis Obispo,079,281455,2317,1863,8,1871,14
2020-08-03,San Mateo,081,765935,6815,5661,7,5668,115
2020-08-03,Santa Barbara,083,443738,7039,6580,64,6644,59
2020-08-03,Santa Clara,085,1922200,13691,10747,31,10778,172
2020-08-03,Santa Cruz,087,273765,1405,1154,7,1161,4
2020-08-03,Shasta,089,179085,512,322,3,325,9
2020-08-03,Sierra,091,2930,5,1,0,1,0
2020-08-03,Siskiyou,093,43540,99,67,0,67,0
2020-08-03,Solano,095,438530,4461,3610,24,3634,29
2020-08-03,Sonoma,097,501317,3989,3079,7,3086,33
2020-08-03,Stanislaus,099,539301,12274,9308,66,9374,96
2020-08-03,Sutter,101,95872,939,713,1,714,6
2020-08-03,Tehama,103,63373,293,225,2,227,1
2020-08-03,Trinity,105,12862,27,5,6,11,0
2020-08-03,Tulare,107,460477,11787,9703,31,9734,188
2020-08-03,Tuolumne,109,53932,159,123,3,126,0
2020-08-03,Ventura,111,848112,9192,8084,31,8115,74
2020-08-03,Yolo,113,214977,1941,1598,3,1601,37
2020-08-03,Yuba,115,75493,550,393,0,393,1
2020-08-02,Alameda,001,1643700,14166,11696,90,11786,188
2020-08-02,Alpine,003,1148,2,2,0,2,0
2020-08-02,Amador,005,37829,194,117,0,117,0
2020-08-02,Butte,007,227075,1217,987,17,1004,9
2020-08-02,Calaveras,009,45235,153,116,0,116,1
2020-08-02,Colusa,011,21464,387,335,0,335,2
2020-08-02,Contra Costa,013,1133247,10792,7995,30,8025,118
2020-08-02,Del Norte,015,27424,89,68,0,68,0
2020-08-02,El Dorado,017,186661,823,643,5,648,1
2020-08-02,Fresno,019,978130,22309,15759,198,15957,151
2020-08-02,Glenn,021,27897,388,315,0,315,1
2020-08-02,Humboldt,023,135768,272,232,1,233,4
2020-08-02,Imperial,025,180216,10421,7919,6,7925,157
2020-08-02,Inyo,027,18085,84,45,1,46,1
2020-08-02,Kern,029,883053,25433,21162,140,21302,176
2020-08-02,Kings,031,150075,4906,3964,21,3985,47
2020-08-02,Lake,033,64148,240,201,0,201,1
2020-08-02,Lassen,035,31185,645,555,2,557,0
2020-08-02,Los Angeles,037,10098052,206407,192480,598,193078,4698
2020-08-02,Madera,039,155013,2965,2123,5,2128,18
2020-08-02,Marin,041,260295,5492,4985,9,4994,43
2020-08-02,Mariposa,043,17540,61,52,0,52,2
2020-08-02,Mendocino,045,87422,344,247,0,247,1
2020-08-02,Merced,047,269075,6104,4011,2,4013,29
2020-08-02,Modoc,049,8938,7,2,0,2,0
2020-08-02,Mono,051,14174,151,104,1,105,1
2020-08-02,Monterey,053,433212,5780,4698,15,4713,28
2020-08-02,Napa,055,140530,1196,956,0,956,8
2020-08-02,Nevada,057,99092,349,314,13,327,2
2020-08-02,Orange,059,3164182,44306,37266,864,38130,651
2020-08-02,Placer,061,380077,2387,1920,3,1923,15
2020-08-02,Plumas,063,18699,36,25,0,25,0
2020-08-02,Riverside,065,2383286,46062,38507,44,38551,735
2020-08-02,Sacramento,067,1510023,13342,10099,12,10111,142
2020-08-02,San Benito,069,59416,740,599,0,599,2
2020-08-02,San Bernardino,071,2135413,40910,33643,185,33828,443
2020-08-02,San Diego,073,3302833,33132,29885,27,29912,565
2020-08-02,San Francisco,075,870044,7554,6297,6,6303,60
2020-08-02,San Joaquin,077,732212,15045,11937,13,11950,189
2020-08-02,San Luis Obispo,079,281455,2254,1821,8,1829,14
2020-08-02,San Mateo,081,765935,6700,5618,7,5625,115
2020-08-02,Santa Barbara,083,443738,6949,6532,64,6596,59
2020-08-02,Santa Clara,085,1922200,13471,10577,31,10608,172
2020-08-02,Santa Cruz,087,273765,1385,1162,7,1169,4
2020-08-02,Shasta,089,179085,508,318,3,321,9
2020-08-02,Sierra,091,2930,4,1,0,1,0
2020-08-02,Siskiyou,093,43540,99,65,0,65,0
2020-08-02,Solano,095,438530,4403,3609,24,3633,29
2020-08-02,Sonoma,097,501317,3904,3005,7,3012,33
2020-08-02,Stanislaus,099,539301,12059,9277,61,9338,96
2020-08-02,Sutter,101,95872,904,714,1,715,6
2020-08-02,Tehama,103,63373,287,222,2,224,1
2020-08-02,Trinity,105,12862,27,5,6,11,0
2020-08-02,Tulare,107,460477,11578,9593,31,9624,188
2020-08-02,Tuolumne,109,53932,156,123,3,126,0
2020-08-02,Ventura,111,848112,9045,8014,31,8045,73
2020-08-02,Yolo,113,214977,1916,1588,3,1591,37
2020-08-02,Yuba,115,75493,530,393,0,393,1
2020-08-01,Alameda,001,1643700,14054,11590,90,11680,188
2020-08-01,Alpine,003,1148,2,2,0,2,0
2020-08-01,Amador,005,37829,190,109,0,109,0
2020-08-01,Butte,007,227075,1203,976,17,993,9
2020-08-01,Calaveras,009,45235,149,116,0,116,1
2020-08-01,Colusa,011,21464,386,327,0,327,2
2020-08-01,Contra Costa,013,1133247,10659,7867,29,7896,116
2020-08-01,Del Norte,015,27424,89,68,0,68,0
2020-08-01,El Dorado,017,186661,820,637,5,642,1
2020-08-01,Fresno,019,978130,22172,15448,198,15646,149
2020-08-01,Glenn,021,27897,387,311,0,311,1
2020-08-01,Humboldt,023,135768,271,232,1,233,4
2020-08-01,Imperial,025,180216,10385,7919,6,7925,156
2020-08-01,Inyo,027,18085,82,45,1,46,1
2020-08-01,Kern,029,883053,25275,20796,136,20932,176
2020-08-01,Kings,031,150075,4880,3948,21,3969,47
2020-08-01,Lake,033,64148,238,194,0,194,1
2020-08-01,Lassen,035,31185,644,555,2,557,0
2020-08-01,Los Angeles,037,10098052,205515,191023,571,191594,4674
2020-08-01,Madera,039,155013,2926,2103,5,2108,18
2020-08-01,Marin,041,260295,5477,4945,9,4954,43
2020-08-01,Mariposa,043,17540,61,50,0,50,2
2020-08-01,Mendocino,045,87422,337,243,0,243,1
2020-08-01,Merced,047,269075,6056,3972,2,3974,29
2020-08-01,Modoc,049,8938,7,2,0,2,0
2020-08-01,Mono,051,14174,150,104,1,105,1
2020-08-01,Monterey,053,433212,5713,4611,14,4625,28
2020-08-01,Napa,055,140530,1187,923,0,923,8
2020-08-01,Nevada,057,99092,345,305,13,318,2
2020-08-01,Orange,059,3164182,44079,36703,858,37561,648
2020-08-01,Placer,061,380077,2353,1891,3,1894,14
2020-08-01,Plumas,063,18699,35,25,0,25,0
2020-08-01,Riverside,065,2383286,45850,38216,42,38258,704
2020-08-01,Sacramento,067,1510023,13191,10044,12,10056,141
2020-08-01,San Benito,069,59416,729,579,0,579,2
2020-08-01,San Bernardino,071,2135413,40674,32947,184,33131,440
2020-08-01,San Diego,073,3302833,32915,29579,19,29598,565
2020-08-01,San Francisco,075,870044,7493,6296,6,6302,60
2020-08-01,San Joaquin,077,732212,14970,11807,12,11819,189
2020-08-01,San Luis Obispo,079,281455,2225,1798,8,1806,13
2020-08-01,San Mateo,081,765935,6646,5520,7,5527,115
2020-08-01,Santa Barbara,083,443738,6909,6465,64,6529,59
2020-08-01,Santa Clara,085,1922200,13320,10281,30,10311,171
2020-08-01,Santa Cruz,087,273765,1369,1164,7,1171,4
2020-08-01,Shasta,089,179085,503,312,3,315,9
2020-08-01,Sierra,091,2930,3,1,0,1,0
2020-08-01,Siskiyou,093,43540,99,64,0,64,0
2020-08-01,Solano,095,438530,4369,3591,23,3614,29
2020-08-01,Sonoma,097,501317,3858,2890,7,2897,29
2020-08-01,Stanislaus,099,539301,11941,9221,54,9275,96
2020-08-01,Sutter,101,95872,900,714,1,715,6
2020-08-01,Tehama,103,63373,284,220,2,222,1
2020-08-01,Trinity,105,12862,27,5,6,11,0
2020-08-01,Tulare,107,460477,11510,9520,31,9551,188
2020-08-01,Tuolumne,109,53932,156,123,3,126,0
2020-08-01,Ventura,111,848112,8999,7819,31,7850,73
2020-08-01,Yolo,113,214977,1906,1557,3,1560,37
2020-08-01,Yuba,115,75493,525,387,0,387,1
2020-07-31,Alameda,001,1643700,13925,11441,90,11531,187
2020-07-31,Alpine,003,1148,2,2,0,2,0
2020-07-31,Amador,005,37829,189,98,0,98,0
2020-07-31,Butte,007,227075,1180,925,17,942,7
2020-07-31,Calaveras,009,45235,149,112,0,112,1
2020-07-31,Colusa,011,21464,376,319,0,319,2
2020-07-31,Contra Costa,013,1133247,10512,7697,28,7725,113
2020-07-31,Del Norte,015,27424,88,68,0,68,0
2020-07-31,El Dorado,017,186661,809,616,5,621,1
2020-07-31,Fresno,019,978130,21952,15083,198,15281,133
2020-07-31,Glenn,021,27897,380,304,0,304,1
2020-07-31,Humboldt,023,135768,264,229,1,230,4
2020-07-31,Imperial,025,180216,10353,7886,5,7891,155
2020-07-31,Inyo,027,18085,72,45,1,46,1
2020-07-31,Kern,029,883053,25034,20061,132,20193,173
2020-07-31,Kings,031,150075,4852,3807,21,3828,45
2020-07-31,Lake,033,64148,237,191,0,191,1
2020-07-31,Lassen,035,31185,639,544,2,546,0
2020-07-31,Los Angeles,037,10098052,203917,188688,558,189246,4628
2020-07-31,Madera,039,155013,2879,2036,5,2041,19
2020-07-31,Marin,041,260295,5433,4885,6,4891,43
2020-07-31,Mariposa,043,17540,61,49,0,49,2
2020-07-31,Mendocino,045,87422,322,232,0,232,1
2020-07-31,Merced,047,269075,5973,3789,2,3791,30
2020-07-31,Modoc,049,8938,6,0,0,0,0
2020-07-31,Mono,051,14174,149,104,1,105,1
2020-07-31,Monterey,053,433212,5621,4493,14,4507,24
2020-07-31,Napa,055,140530,1175,897,0,897,7
2020-07-31,Nevada,057,99092,343,302,13,315,2
2020-07-31,Orange,059,3164182,43780,36196,841,37037,620
2020-07-31,Placer,061,380077,2328,1853,3,1856,14
2020-07-31,Plumas,063,18699,34,25,0,25,0
2020-07-31,Riverside,065,2383286,45460,37612,41,37653,694
2020-07-31,Sacramento,067,1510023,13013,9872,12,9884,132
2020-07-31,San Benito,069,59416,721,567,0,567,2
2020-07-31,San Bernardino,071,2135413,40344,32332,182,32514,434
2020-07-31,San Diego,073,3302833,32681,29050,11,29061,561
2020-07-31,San Francisco,075,870044,7393,6126,6,6132,60
2020-07-31,San Joaquin,077,732212,14830,11561,12,11573,177
2020-07-31,San Luis Obispo,079,281455,2156,1746,8,1754,12
2020-07-31,San Mateo,081,765935,6574,5416,7,5423,115
2020-07-31,Santa Barbara,083,443738,6842,6375,64,6439,58
2020-07-31,Santa Clara,085,1922200,13099,9863,30,9893,171
2020-07-31,Santa Cruz,087,273765,1346,1118,7,1125,4
2020-07-31,Shasta,089,179085,493,305,3,308,9
2020-07-31,Sierra,091,2930,3,1,0,1,0
2020-07-31,Siskiyou,093,43540,97,61,0,61,0
2020-07-31,Solano,095,438530,4322,3510,22,3532,29
2020-07-31,Sonoma,097,501317,3800,2745,7,2752,27
2020-07-31,Stanislaus,099,539301,11835,9061,49,9110,94
2020-07-31,Sutter,101,95872,895,714,1,715,6
2020-07-31,Tehama,103,63373,281,213,2,215,1
2020-07-31,Trinity,105,12862,27,5,6,11,0
2020-07-31,Tulare,107,460477,11389,9365,31,9396,184
2020-07-31,Tuolumne,109,53932,156,120,3,123,0
2020-07-31,Ventura,111,848112,8924,7521,31,7552,71
2020-07-31,Yolo,113,214977,1880,1522,3,1525,38
2020-07-31,Yuba,115,75493,516,369,0,369,1
2020-07-30,Alameda,001,1643700,13719,11303,52,11355,185
2020-07-30,Alpine,003,1148,2,2,0,2,0
2020-07-30,Amador,005,37829,171,97,0,97,0
2020-07-30,Butte,007,227075,1164,915,17,932,7
2020-07-30,Calaveras,009,45235,145,111,0,111,1
2020-07-30,Colusa,011,21464,373,315,0,315,2
2020-07-30,Contra Costa,013,1133247,10328,7615,27,7642,112
2020-07-30,Del Norte,015,27424,88,68,0,68,0
2020-07-30,El Dorado,017,186661,802,608,5,613,1
2020-07-30,Fresno,019,978130,21616,14793,192,14985,133
2020-07-30,Glenn,021,27897,373,297,0,297,1
2020-07-30,Humboldt,023,135768,262,228,1,229,4
2020-07-30,Imperial,025,180216,10294,7849,5,7854,151
2020-07-30,Inyo,027,18085,68,44,1,45,1
2020-07-30,Kern,029,883053,24741,19552,128,19680,171
2020-07-30,Kings,031,150075,4748,3785,21,3806,43
2020-07-30,Lake,033,64148,231,181,0,181,1
2020-07-30,Lassen,035,31185,636,544,2,546,0
2020-07-30,Los Angeles,037,10098052,201888,186177,528,186705,4564
2020-07-30,Madera,039,155013,2809,2007,5,2012,18
2020-07-30,Marin,041,260295,5391,4835,5,4840,39
2020-07-30,Mariposa,043,17540,61,49,0,49,1
2020-07-30,Mendocino,045,87422,315,232,0,232,1
2020-07-30,Merced,047,269075,5809,3695,2,3697,30
2020-07-30,Modoc,049,8938,6,0,0,0,0
2020-07-30,Mono,051,14174,148,104,1,105,1
2020-07-30,Monterey,053,433212,5509,4352,14,4366,24
2020-07-30,Napa,055,140530,1158,874,0,874,7
2020-07-30,Nevada,057,99092,338,292,13,305,2
2020-07-30,Orange,059,3164182,43365,36105,817,36922,607
2020-07-30,Placer,061,380077,2277,1821,3,1824,14
2020-07-30,Plumas,063,18699,33,25,0,25,0
2020-07-30,Riverside,065,2383286,44919,37308,41,37349,685
2020-07-30,Sacramento,067,1510023,12794,9704,12,9716,126
2020-07-30,San Benito,069,59416,708,558,0,558,2
2020-07-30,San Bernardino,071,2135413,39820,32010,182,32192,427
2020-07-30,San Diego,073,3302833,32334,28670,9,28679,558
2020-07-30,San Francisco,075,870044,7292,6107,6,6113,59
2020-07-30,San Joaquin,077,732212,14634,11435,12,11447,161
2020-07-30,San Luis Obispo,079,281455,2120,1703,8,1711,12
2020-07-30,San Mateo,081,765935,6479,5369,7,5376,115
2020-07-30,Santa Barbara,083,443738,6762,6273,64,6337,52
2020-07-30,Santa Clara,085,1922200,12866,9708,29,9737,170
2020-07-30,Santa Cruz,087,273765,1318,1087,7,1094,4
2020-07-30,Shasta,089,179085,489,306,3,309,8
2020-07-30,Sierra,091,2930,3,1,0,1,0
2020-07-30,Siskiyou,093,43540,96,60,0,60,0
2020-07-30,Solano,095,438530,4271,3463,22,3485,29
2020-07-30,Sonoma,097,501317,3729,2684,7,2691,25
2020-07-30,Stanislaus,099,539301,11622,8890,41,8931,94
2020-07-30,Sutter,101,95872,876,698,1,699,6
2020-07-30,Tehama,103,63373,278,208,2,210,1
2020-07-30,Trinity,105,12862,26,4,6,10,0
2020-07-30,Tulare,107,460477,11260,9167,31,9198,177
2020-07-30,Tuolumne,109,53932,155,119,3,122,0
2020-07-30,Ventura,111,848112,8812,7304,29,7333,69
2020-07-30,Yolo,113,214977,1860,1511,3,1514,37
2020-07-30,Yuba,115,75493,503,362,0,362,1
2020-07-29,Alameda,001,1643700,13498,11177,47,11224,180
2020-07-29,Alpine,003,1148,2,2,0,2,0
2020-07-29,Amador,005,37829,163,80,0,80,0
2020-07-29,Butte,007,227075,1138,889,15,904,7
2020-07-29,Calaveras,009,45235,139,107,0,107,1
2020-07-29,Colusa,011,21464,369,302,0,302,2
2020-07-29,Contra Costa,013,1133247,10124,7520,27,7547,108
2020-07-29,Del Norte,015,27424,88,68,0,68,0
2020-07-29,El Dorado,017,186661,792,588,5,593,1
2020-07-29,Fresno,019,978130,21325,14312,192,14504,125
2020-07-29,Glenn,021,27897,366,294,0,294,1
2020-07-29,Humboldt,023,135768,259,221,1,222,4
2020-07-29,Imperial,025,180216,10246,7825,5,7830,147
2020-07-29,Inyo,027,18085,63,44,1,45,1
2020-07-29,Kern,029,883053,24402,19073,125,19198,162
2020-07-29,Kings,031,150075,4700,3755,21,3776,43
2020-07-29,Lake,033,64148,229,179,0,179,1
2020-07-29,Lassen,035,31185,621,513,2,515,0
2020-07-29,Los Angeles,037,10098052,199863,183600,511,184111,4523
2020-07-29,Madera,039,155013,2755,1941,5,1946,18
2020-07-29,Marin,041,260295,5353,4747,5,4752,34
2020-07-29,Mariposa,043,17540,60,47,0,47,1
2020-07-29,Mendocino,045,87422,307,228,0,228,0
2020-07-29,Merced,047,269075,5669,3605,2,3607,25
2020-07-29,Modoc,049,8938,5,0,0,0,0
2020-07-29,Mono,051,14174,145,102,1,103,1
2020-07-29,Monterey,053,433212,5409,4252,14,4266,24
2020-07-29,Napa,055,140530,1130,866,0,866,7
2020-07-29,Nevada,057,99092,334,288,13,301,1
2020-07-29,Orange,059,3164182,42931,35339,806,36145,589
2020-07-29,Placer,061,380077,2245,1798,3,1801,14
2020-07-29,Plumas,063,18699,33,25,0,25,0
2020-07-29,Riverside,065,2383286,44327,36968,41,37009,678
2020-07-29,Sacramento,067,1510023,12548,9538,12,9550,122
2020-07-29,San Benito,069,59416,693,537,0,537,2
2020-07-29,San Bernardino,071,2135413,39331,31168,171,31339,417
2020-07-29,San Diego,073,3302833,32009,28289,8,28297,552
2020-07-29,San Francisco,075,870044,7198,6041,6,6047,56
2020-07-29,San Joaquin,077,732212,14385,11249,9,11258,154
2020-07-29,San Luis Obispo,079,281455,2099,1673,8,1681,11
2020-07-29,San Mateo,081,765935,6391,5305,7,5312,114
2020-07-29,Santa Barbara,083,443738,6695,6215,64,6279,31
2020-07-29,Santa Clara,085,1922200,12660,9567,29,9596,165
2020-07-29,Santa Cruz,087,273765,1294,1051,7,1058,4
2020-07-29,Shasta,089,179085,477,297,3,300,8
2020-07-29,Sierra,091,2930,2,1,0,1,0
2020-07-29,Siskiyou,093,43540,94,58,0,58,0
2020-07-29,Solano,095,438530,4217,3380,22,3402,29
2020-07-29,Sonoma,097,501317,3651,2598,7,2605,26
2020-07-29,Stanislaus,099,539301,11401,8745,35,8780,94
2020-07-29,Sutter,101,95872,848,678,1,679,6
2020-07-29,Tehama,103,63373,274,206,2,208,1
2020-07-29,Trinity,105,12862,26,4,6,10,0
2020-07-29,Tulare,107,460477,11089,9028,31,9059,156
2020-07-29,Tuolumne,109,53932,155,118,3,121,0
2020-07-29,Ventura,111,848112,8707,7161,29,7190,68
2020-07-29,Yolo,113,214977,1834,1488,3,1491,36
2020-07-29,Yuba,115,75493,487,350,0,350,1
2020-07-28,Alameda,001,1643700,13268,10875,46,10921,180
2020-07-28,Alpine,003,1148,2,2,0,2,0
2020-07-28,Amador,005,37829,153,77,0,77,0
2020-07-28,Butte,007,227075,1103,857,15,872,7
2020-07-28,Calaveras,009,45235,138,105,0,105,1
2020-07-28,Colusa,011,21464,363,290,0,290,2
2020-07-28,Contra Costa,013,1133247,9902,7426,27,7453,107
2020-07-28,Del Norte,015,27424,87,68,0,68,0
2020-07-28,El Dorado,017,186661,777,558,5,563,1
2020-07-28,Fresno,019,978130,20989,13933,186,14119,125
2020-07-28,Glenn,021,27897,364,289,0,289,1
2020-07-28,Humboldt,023,135768,258,218,1,219,4
2020-07-28,Imperial,025,180216,10210,7804,5,7809,145
2020-07-28,Inyo,027,18085,61,43,1,44,1
2020-07-28,Kern,029,883053,24039,18834,119,18953,155
2020-07-28,Kings,031,150075,4654,3721,21,3742,41
2020-07-28,Lake,033,64148,225,179,0,179,1
2020-07-28,Lassen,035,31185,615,508,2,510,0
2020-07-28,Los Angeles,037,10098052,197632,179107,489,179596,4435
2020-07-28,Madera,039,155013,2689,1889,5,1894,18
2020-07-28,Marin,041,260295,5284,4698,5,4703,23
2020-07-28,Mariposa,043,17540,58,45,0,45,1
2020-07-28,Mendocino,045,87422,296,222,0,222,0
2020-07-28,Merced,047,269075,5524,3446,2,3448,23
2020-07-28,Modoc,049,8938,4,0,0,0,0
2020-07-28,Mono,051,14174,144,102,1,103,1
2020-07-28,Monterey,053,433212,5289,4047,14,4061,22
2020-07-28,Napa,055,140530,1108,824,0,824,6
2020-07-28,Nevada,057,99092,329,278,13,291,1
2020-07-28,Orange,059,3164182,42473,34832,792,35624,582
2020-07-28,Placer,061,380077,2209,1759,3,1762,14
2020-07-28,Plumas,063,18699,33,22,0,22,0
2020-07-28,Riverside,065,2383286,43726,36458,41,36499,668
2020-07-28,Sacramento,067,1510023,12289,9429,11,9440,117
2020-07-28,San Benito,069,59416,683,503,0,503,2
2020-07-28,San Bernardino,071,2135413,38808,30493,167,30660,412
2020-07-28,San Diego,073,3302833,31659,28007,6,28013,547
2020-07-28,San Francisco,075,870044,7085,5888,6,5894,56
2020-07-28,San Joaquin,077,732212,14103,10958,6,10964,141
2020-07-28,San Luis Obispo,079,281455,2066,1636,8,1644,9
2020-07-28,San Mateo,081,765935,6318,5171,7,5178,114
2020-07-28,Santa Barbara,083,443738,6631,6110,62,6172,31
2020-07-28,Santa Clara,085,1922200,12426,9307,29,9336,165
2020-07-28,Santa Cruz,087,273765,1267,1018,7,1025,4
2020-07-28,Shasta,089,179085,465,275,3,278,8
2020-07-28,Sierra,091,2930,2,1,0,1,0
2020-07-28,Siskiyou,093,43540,90,57,0,57,0
2020-07-28,Solano,095,438530,4170,3292,21,3313,29
2020-07-28,Sonoma,097,501317,3577,2553,7,2560,20
2020-07-28,Stanislaus,099,539301,11179,8492,27,8519,92
2020-07-28,Sutter,101,95872,811,653,0,653,2
2020-07-28,Tehama,103,63373,269,199,2,201,1
2020-07-28,Trinity,105,12862,26,3,6,9,0
2020-07-28,Tulare,107,460477,10902,8787,31,8818,96
2020-07-28,Tuolumne,109,53932,154,116,3,119,0
2020-07-28,Ventura,111,848112,8581,7045,28,7073,68
2020-07-28,Yolo,113,214977,1806,1459,3,1462,36
2020-07-28,Yuba,115,75493,470,333,0,333,1
2020-07-27,Alameda,001,1643700,13040,10645,43,10688,176
2020-07-27,Alpine,003,1148,2,2,0,2,0
2020-07-27,Amador,005,37829,148,72,0,72,0
2020-07-27,Butte,007,227075,1076,843,15,858,7
2020-07-27,Calaveras,009,45235,134,103,0,103,1
2020-07-27,Colusa,011,21464,356,271,0,271,2
2020-07-27,Contra Costa,013,1133247,9679,7256,27,7283,104
2020-07-27,Del Norte,015,27424,86,67,0,67,0
2020-07-27,El Dorado,017,186661,765,548,5,553,1
2020-07-27,Fresno,019,978130,20641,13485,180,13665,117
2020-07-27,Glenn,021,27897,362,277,0,277,1
2020-07-27,Humboldt,023,135768,253,218,1,219,4
2020-07-27,Imperial,025,180216,10160,7789,5,7794,144
2020-07-27,Inyo,027,18085,61,43,1,44,1
2020-07-27,Kern,029,883053,23537,17994,113,18107,148
2020-07-27,Kings,031,150075,4405,3685,21,3706,39
2020-07-27,Lake,033,64148,221,176,0,176,1
2020-07-27,Lassen,035,31185,615,503,2,505,0
2020-07-27,Los Angeles,037,10098052,195206,176351,471,176822,4379
2020-07-27,Madera,039,155013,2624,1793,5,1798,17
2020-07-27,Marin,041,260295,5196,4669,5,4674,22
2020-07-27,Mariposa,043,17540,58,43,0,43,1
2020-07-27,Mendocino,045,87422,282,209,0,209,0
2020-07-27,Merced,047,269075,5384,3292,2,3294,23
2020-07-27,Modoc,049,8938,3,0,0,0,0
2020-07-27,Mono,051,14174,140,99,1,100,1
2020-07-27,Monterey,053,433212,5100,3960,14,3974,21
2020-07-27,Napa,055,140530,1093,769,0,769,6
2020-07-27,Nevada,057,99092,325,268,13,281,1
2020-07-27,Orange,059,3164182,42033,34649,776,35425,566
2020-07-27,Placer,061,380077,2159,1679,3,1682,12
2020-07-27,Plumas,063,18699,33,22,0,22,0
2020-07-27,Riverside,065,2383286,43047,35822,41,35863,667
2020-07-27,Sacramento,067,1510023,11996,9091,11,9102,114
2020-07-27,San Benito,069,59416,668,498,0,498,2
2020-07-27,San Bernardino,071,2135413,38215,29928,157,30085,401
2020-07-27,San Diego,073,3302833,31285,27509,5,27514,533
2020-07-27,San Francisco,075,870044,6998,5825,6,5831,55
2020-07-27,San Joaquin,077,732212,13815,10728,6,10734,129
2020-07-27,San Luis Obispo,079,281455,2020,1612,8,1620,9
2020-07-27,San Mateo,081,765935,6209,5108,7,5115,113
2020-07-27,Santa Barbara,083,443738,6552,6026,60,6086,30
2020-07-27,Santa Clara,085,1922200,12157,9157,28,9185,166
2020-07-27,Santa Cruz,087,273765,1243,984,7,991,4
2020-07-27,Shasta,089,179085,458,275,3,278,8
2020-07-27,Sierra,091,2930,2,1,0,1,0
2020-07-27,Siskiyou,093,43540,88,54,0,54,0
2020-07-27,Solano,095,438530,4103,3198,20,3218,29
2020-07-27,Sonoma,097,501317,3486,2504,7,2511,20
2020-07-27,Stanislaus,099,539301,10954,8288,19,8307,84
2020-07-27,Sutter,101,95872,785,620,0,620,2
2020-07-27,Tehama,103,63373,261,192,2,194,1
2020-07-27,Trinity,105,12862,26,3,6,9,0
2020-07-27,Tulare,107,460477,10684,8462,31,8493,172
2020-07-27,Tuolumne,109,53932,151,115,3,118,0
2020-07-27,Ventura,111,848112,8453,6998,27,7025,68
2020-07-27,Yolo,113,214977,1761,1439,3,1442,33
2020-07-27,Yuba,115,75493,450,328,0,328,1
2020-07-26,Alameda,001,1643700,12801,10489,42,10531,176
2020-07-26,Alpine,003,1148,2,2,0,2,0
2020-07-26,Amador,005,37829,142,67,0,67,0
2020-07-26,Butte,007,227075,1039,822,15,837,5
2020-07-26,Calaveras,009,45235,131,103,0,103,1
2020-07-26,Colusa,011,21464,347,270,0,270,2
2020-07-26,Contra Costa,013,1133247,9441,7095,27,7122,104
2020-07-26,Del Norte,015,27424,84,67,0,67,0
2020-07-26,El Dorado,017,186661,747,539,5,544,1
2020-07-26,Fresno,019,978130,20250,13209,172,13381,117
2020-07-26,Glenn,021,27897,354,265,0,265,1
2020-07-26,Humboldt,023,135768,247,214,1,215,4
2020-07-26,Imperial,025,180216,10088,7781,5,7786,144
2020-07-26,Inyo,027,18085,56,43,1,44,1
2020-07-26,Kern,029,883053,23012,17394,110,17504,148
2020-07-26,Kings,031,150075,4346,3591,21,3612,39
2020-07-26,Lake,033,64148,213,174,0,174,1
2020-07-26,Lassen,035,31185,574,503,2,505,0
2020-07-26,Los Angeles,037,10098052,192637,174322,453,174775,4364
2020-07-26,Madera,039,155013,2537,1744,5,1749,17
2020-07-26,Marin,041,260295,5150,4595,5,4600,22
2020-07-26,Mariposa,043,17540,56,43,0,43,1
2020-07-26,Mendocino,045,87422,273,206,0,206,0
2020-07-26,Merced,047,269075,5204,3251,2,3253,23
2020-07-26,Modoc,049,8938,3,0,0,0,0
2020-07-26,Mono,051,14174,136,82,1,83,1
2020-07-26,Monterey,053,433212,4934,3901,14,3915,21
2020-07-26,Napa,055,140530,1074,769,0,769,6
2020-07-26,Nevada,057,99092,322,261,13,274,1
2020-07-26,Orange,059,3164182,41508,34352,745,35097,564
2020-07-26,Placer,061,380077,2095,1628,3,1631,12
2020-07-26,Plumas,063,18699,33,22,0,22,0
2020-07-26,Riverside,065,2383286,42487,35636,41,35677,665
2020-07-26,Sacramento,067,1510023,11690,8972,11,8983,114
2020-07-26,San Benito,069,59416,656,495,0,495,2
2020-07-26,San Bernardino,071,2135413,37574,29545,149,29694,400
2020-07-26,San Diego,073,3302833,30889,26986,4,26990,533
2020-07-26,San Francisco,075,870044,6892,5823,6,5829,55
2020-07-26,San Joaquin,077,732212,13523,10637,6,10643,129
2020-07-26,San Luis Obispo,079,281455,1978,1565,8,1573,8
2020-07-26,San Mateo,081,765935,6104,5078,7,5085,113
2020-07-26,Santa Barbara,083,443738,6451,5939,60,5999,30
2020-07-26,Santa Clara,085,1922200,11928,8986,28,9014,166
2020-07-26,Santa Cruz,087,273765,1216,970,7,977,4
2020-07-26,Shasta,089,179085,451,265,3,268,8
2020-07-26,Sierra,091,2930,2,1,0,1,0
2020-07-26,Siskiyou,093,43540,86,54,0,54,0
2020-07-26,Solano,095,438530,4024,3197,18,3215,29
2020-07-26,Sonoma,097,501317,3397,2503,6,2509,20
2020-07-26,Stanislaus,099,539301,10691,8228,18,8246,84
2020-07-26,Sutter,101,95872,771,612,0,612,2
2020-07-26,Tehama,103,63373,254,175,2,177,1
2020-07-26,Trinity,105,12862,26,3,6,9,0
2020-07-26,Tulare,107,460477,10478,8392,31,8423,172
2020-07-26,Tuolumne,109,53932,146,113,3,116,0
2020-07-26,Ventura,111,848112,8246,6844,27,6871,67
2020-07-26,Yolo,113,214977,1730,1408,3,1411,33
2020-07-26,Yuba,115,75493,431,313,0,313,1
2020-07-25,Alameda,001,1643700,12704,10361,40,10401,176
2020-07-25,Alpine,003,1148,2,2,0,2,0
2020-07-25,Amador,005,37829,139,67,0,67,0
2020-07-25,Butte,007,227075,1030,810,15,825,5
2020-07-25,Calaveras,009,45235,128,103,0,103,1
2020-07-25,Colusa,011,21464,340,265,0,265,2
2020-07-25,Contra Costa,013,1133247,9298,6920,27,6947,104
2020-07-25,Del Norte,015,27424,84,67,0,67,0
2020-07-25,El Dorado,017,186661,736,528,5,533,1
2020-07-25,Fresno,019,978130,20063,12866,172,13038,117
2020-07-25,Glenn,021,27897,352,260,0,260,1
2020-07-25,Humboldt,023,135768,244,212,1,213,4
2020-07-25,Imperial,025,180216,10062,7727,5,7732,144
2020-07-25,Inyo,027,18085,55,43,1,44,1
2020-07-25,Kern,029,883053,22794,16910,109,17019,148
2020-07-25,Kings,031,150075,4329,3516,21,3537,39
2020-07-25,Lake,033,64148,211,173,0,173,1
2020-07-25,Lassen,035,31185,574,503,2,505,0
2020-07-25,Los Angeles,037,10098052,191502,172611,447,173058,4357
2020-07-25,Madera,039,155013,2505,1724,5,1729,17
2020-07-25,Marin,041,260295,5134,4562,5,4567,22
2020-07-25,Mariposa,043,17540,55,43,0,43,1
2020-07-25,Mendocino,045,87422,267,190,0,190,0
2020-07-25,Merced,047,269075,5125,3176,2,3178,23
2020-07-25,Modoc,049,8938,3,0,0,0,0
2020-07-25,Mono,051,14174,136,82,1,83,1
2020-07-25,Monterey,053,433212,4857,3805,14,3819,21
2020-07-25,Napa,055,140530,1061,746,0,746,6
2020-07-25,Nevada,057,99092,320,257,13,270,1
2020-07-25,Orange,059,3164182,41289,33978,724,34702,561
2020-07-25,Placer,061,380077,2079,1596,3,1599,12
2020-07-25,Plumas,063,18699,33,22,0,22,0
2020-07-25,Riverside,065,2383286,42218,34921,41,34962,655
2020-07-25,Sacramento,067,1510023,11544,8674,11,8685,113
2020-07-25,San Benito,069,59416,640,492,0,492,2
2020-07-25,San Bernardino,071,2135413,37296,29265,146,29411,394
2020-07-25,San Diego,073,3302833,30628,26703,3,26706,533
2020-07-25,San Francisco,075,870044,6834,5644,6,5650,55
2020-07-25,San Joaquin,077,732212,13397,10347,5,10352,129
2020-07-25,San Luis Obispo,079,281455,1958,1530,7,1537,8
2020-07-25,San Mateo,081,765935,6041,5023,7,5030,113
2020-07-25,Santa Barbara,083,443738,6416,5880,60,5940,30
2020-07-25,Santa Clara,085,1922200,11794,8767,28,8795,166
2020-07-25,Santa Cruz,087,273765,1199,939,7,946,4
2020-07-25,Shasta,089,179085,446,263,1,264,8
2020-07-25,Sierra,091,2930,2,1,0,1,0
2020-07-25,Siskiyou,093,43540,84,54,0,54,0
2020-07-25,Solano,095,438530,3984,3107,16,3123,29
2020-07-25,Sonoma,097,501317,3358,2412,6,2418,20
2020-07-25,Stanislaus,099,539301,10588,7994,14,8008,84
2020-07-25,Sutter,101,95872,752,603,0,603,2
2020-07-25,Tehama,103,63373,253,169,2,171,1
2020-07-25,Trinity,105,12862,26,3,6,9,0
2020-07-25,Tulare,107,460477,10378,8310,31,8341,172
2020-07-25,Tuolumne,109,53932,145,99,3,102,0
2020-07-25,Ventura,111,848112,8173,6662,27,6689,62
2020-07-25,Yolo,113,214977,1714,1357,3,1360,35
2020-07-25,Yuba,115,75493,425,312,0,312,1
2020-07-24,Alameda,001,1643700,12563,10216,37,10253,176
2020-07-24,Alpine,003,1148,2,2,0,2,0
2020-07-24,Amador,005,37829,137,66,0,66,0
2020-07-24,Butte,007,227075,1018,751,15,766,5
2020-07-24,Calaveras,009,45235,124,102,0,102,0
2020-07-24,Colusa,011,21464,337,255,0,255,2
2020-07-24,Contra Costa,013,1133247,9153,6814,27,6841,100
2020-07-24,Del Norte,015,27424,84,66,0,66,0
2020-07-24,El Dorado,017,186661,714,516,5,521,1
2020-07-24,Fresno,019,978130,19838,12564,172,12736,115
2020-07-24,Glenn,021,27897,349,251,0,251,1
2020-07-24,Humboldt,023,135768,241,210,1,211,4
2020-07-24,Imperial,025,180216,10040,7686,5,7691,141
2020-07-24,Inyo,027,18085,55,41,1,42,1
2020-07-24,Kern,029,883053,22553,16124,109,16233,143
2020-07-24,Kings,031,150075,4299,3471,21,3492,39
2020-07-24,Lake,033,64148,209,167,0,167,1
2020-07-24,Lassen,035,31185,574,503,2,505,0
2020-07-24,Los Angeles,037,10098052,189476,169078,436,169514,4302
2020-07-24,Madera,039,155013,2472,1679,5,1684,16
2020-07-24,Marin,041,260295,5107,4517,5,4522,22
2020-07-24,Mariposa,043,17540,55,41,0,41,1
2020-07-24,Mendocino,045,87422,260,188,0,188,0
2020-07-24,Merced,047,269075,5040,3100,2,3102,23
2020-07-24,Modoc,049,8938,3,0,0,0,0
2020-07-24,Mono,051,14174,135,82,1,83,1
2020-07-24,Monterey,053,433212,4785,3748,14,3762,21
2020-07-24,Napa,055,140530,1048,741,0,741,6
2020-07-24,Nevada,057,99092,317,255,13,268,1
2020-07-24,Orange,059,3164182,41002,33530,708,34238,557
2020-07-24,Placer,061,380077,2048,1551,3,1554,12
2020-07-24,Plumas,063,18699,33,22,0,22,0
2020-07-24,Riverside,065,2383286,41794,34513,40,34553,631
2020-07-24,Sacramento,067,1510023,11356,8570,11,8581,110
2020-07-24,San Benito,069,59416,633,485,0,485,2
2020-07-24,San Bernardino,071,2135413,36925,28990,141,29131,386
2020-07-24,San Diego,073,3302833,30328,26100,3,26103,524
2020-07-24,San Francisco,075,870044,6740,5611,6,5617,55
2020-07-24,San Joaquin,077,732212,13248,10190,5,10195,118
2020-07-24,San Luis Obispo,079,281455,1934,1476,7,1483,8
2020-07-24,San Mateo,081,765935,5978,4954,7,4961,112
2020-07-24,Santa Barbara,083,443738,6363,5776,58,5834,30
2020-07-24,Santa Clara,085,1922200,11629,8658,28,8686,165
2020-07-24,Santa Cruz,087,273765,1179,930,7,937,4
2020-07-24,Shasta,089,179085,438,262,1,263,8
2020-07-24,Sierra,091,2930,2,1,0,1,0
2020-07-24,Siskiyou,093,43540,84,53,0,53,0
2020-07-24,Solano,095,438530,3948,3062,13,3075,29
2020-07-24,Sonoma,097,501317,3306,2345,6,2351,20
2020-07-24,Stanislaus,099,539301,10416,7861,12,7873,82
2020-07-24,Sutter,101,95872,741,593,0,593,2
2020-07-24,Tehama,103,63373,245,170,2,172,1
2020-07-24,Trinity,105,12862,25,3,6,9,0
2020-07-24,Tulare,107,460477,10284,8167,29,8196,167
2020-07-24,Tuolumne,109,53932,141,99,3,102,0
2020-07-24,Ventura,111,848112,8088,6553,27,6580,60
2020-07-24,Yolo,113,214977,1700,1329,3,1332,35
2020-07-24,Yuba,115,75493,410,307,0,307,1
2020-07-23,Alameda,001,1643700,12320,9924,37,9961,171
2020-07-23,Alpine,003,1148,2,2,0,2,0
2020-07-23,Amador,005,37829,120,61,0,61,0
2020-07-23,Butte,007,227075,1003,726,14,740,5
2020-07-23,Calaveras,009,45235,117,102,0,102,0
2020-07-23,Colusa,011,21464,329,242,0,242,2
2020-07-23,Contra Costa,013,1133247,8954,6619,25,6644,98
2020-07-23,Del Norte,015,27424,84,66,0,66,0
2020-07-23,El Dorado,017,186661,703,491,5,496,1
2020-07-23,Fresno,019,978130,19482,12164,169,12333,112
2020-07-23,Glenn,021,27897,344,246,0,246,1
2020-07-23,Humboldt,023,135768,240,208,1,209,4
2020-07-23,Imperial,025,180216,9990,7604,5,7609,138
2020-07-23,Inyo,027,18085,53,38,1,39,1
2020-07-23,Kern,029,883053,22146,14491,105,14596,128
2020-07-23,Kings,031,150075,4187,3371,21,3392,39
2020-07-23,Lake,033,64148,200,160,0,160,1
2020-07-23,Lassen,035,31185,571,503,2,505,0
2020-07-23,Los Angeles,037,10098052,186926,167198,410,167608,4265
2020-07-23,Madera,039,155013,2406,1659,4,1663,13
2020-07-23,Marin,041,260295,5055,4423,5,4428,22
2020-07-23,Mariposa,043,17540,55,40,0,40,1
2020-07-23,Mendocino,045,87422,250,178,0,178,0
2020-07-23,Merced,047,269075,4883,2972,2,2974,22
2020-07-23,Modoc,049,8938,3,0,0,0,0
2020-07-23,Mono,051,14174,131,82,1,83,1
2020-07-23,Monterey,053,433212,4668,3655,14,3669,21
2020-07-23,Napa,055,140530,1024,713,0,713,5
2020-07-23,Nevada,057,99092,314,247,13,260,1
2020-07-23,Orange,059,3164182,40505,32863,678,33541,544
2020-07-23,Placer,061,380077,2004,1519,3,1522,12
2020-07-23,Plumas,063,18699,32,21,0,21,0
2020-07-23,Riverside,065,2383286,41189,33833,40,33873,630
2020-07-23,Sacramento,067,1510023,11123,8222,11,8233,108
2020-07-23,San Benito,069,59416,618,478,0,478,2
2020-07-23,San Bernardino,071,2135413,36406,28121,135,28256,369
2020-07-23,San Diego,073,3302833,29954,25109,3,25112,505
2020-07-23,San Francisco,075,870044,6639,5543,6,5549,55
2020-07-23,San Joaquin,077,732212,13029,9861,5,9866,111
2020-07-23,San Luis Obispo,079,281455,1905,1438,7,1445,7
2020-07-23,San Mateo,081,765935,5873,4895,7,4902,113
2020-07-23,Santa Barbara,083,443738,6290,5628,58,5686,30
2020-07-23,Santa Clara,085,1922200,11410,8458,28,8486,165
2020-07-23,Santa Cruz,087,273765,1143,887,7,894,3
2020-07-23,Shasta,089,179085,427,254,1,255,9
2020-07-23,Sierra,091,2930,2,1,0,1,0
2020-07-23,Siskiyou,093,43540,82,53,0,53,0
2020-07-23,Solano,095,438530,3884,2962,11,2973,29
2020-07-23,Sonoma,097,501317,3230,2289,6,2295,18
2020-07-23,Stanislaus,099,539301,10174,7603,12,7615,71
2020-07-23,Sutter,101,95872,708,570,0,570,2
2020-07-23,Tehama,103,63373,239,158,2,160,1
2020-07-23,Trinity,105,12862,24,3,6,9,0
2020-07-23,Tulare,107,460477,10095,7898,29,7927,168
2020-07-23,Tuolumne,109,53932,141,93,3,96,0
2020-07-23,Ventura,111,848112,7964,6303,27,6330,56
2020-07-23,Yolo,113,214977,1681,1279,3,1282,35
2020-07-23,Yuba,115,75493,390,297,0,297,1
2020-07-22,Alameda,001,1643700,12102,9678,36,9714,169
2020-07-22,Alpine,003,1148,2,2,0,2,0
2020-07-22,Amador,005,37829,118,58,0,58,0
2020-07-22,Butte,007,227075,967,694,14,708,5
2020-07-22,Calaveras,009,45235,117,98,0,98,0
2020-07-22,Colusa,011,21464,322,236,0,236,0
2020-07-22,Contra Costa,013,1133247,8728,6401,25,6426,98
2020-07-22,Del Norte,015,27424,84,66,0,66,0
2020-07-22,El Dorado,017,186661,690,466,5,471,1
2020-07-22,Fresno,019,978130,19119,11756,163,11919,110
2020-07-22,Glenn,021,27897,338,236,0,236,1
2020-07-22,Humboldt,023,135768,238,201,1,202,4
2020-07-22,Imperial,025,180216,9930,7533,5,7538,134
2020-07-22,Inyo,027,18085,49,38,1,39,1
2020-07-22,Kern,029,883053,21714,13513,97,13610,127
2020-07-22,Kings,031,150075,4131,3271,21,3292,38
2020-07-22,Lake,033,64148,197,160,0,160,1
2020-07-22,Lassen,035,31185,568,500,2,502,0
2020-07-22,Los Angeles,037,10098052,184276,165242,389,165631,4218
2020-07-22,Madera,039,155013,2331,1578,4,1582,10
2020-07-22,Marin,041,260295,4999,4373,5,4378,23
2020-07-22,Mariposa,043,17540,55,38,0,38,1
2020-07-22,Mendocino,045,87422,243,166,0,166,0
2020-07-22,Merced,047,269075,4757,2828,2,2830,15
2020-07-22,Modoc,049,8938,3,0,0,0,0
2020-07-22,Mono,051,14174,128,82,1,83,1
2020-07-22,Monterey,053,433212,4567,3533,14,3547,20
2020-07-22,Napa,055,140530,1002,687,0,687,5
2020-07-22,Nevada,057,99092,308,239,12,251,1
2020-07-22,Orange,059,3164182,40006,32047,669,32716,522
2020-07-22,Placer,061,380077,1948,1469,3,1472,12
2020-07-22,Plumas,063,18699,31,20,0,20,0
2020-07-22,Riverside,065,2383286,40553,33093,40,33133,612
2020-07-22,Sacramento,067,1510023,10861,8028,11,8039,106
2020-07-22,San Benito,069,59416,604,465,0,465,2
2020-07-22,San Bernardino,071,2135413,35884,26820,124,26944,348
2020-07-22,San Diego,073,3302833,29566,25109,2,25111,505
2020-07-22,San Francisco,075,870044,6535,5473,5,5478,53
2020-07-22,San Joaquin,077,732212,12751,9628,5,9633,102
2020-07-22,San Luis Obispo,079,281455,1859,1373,7,1380,7
2020-07-22,San Mateo,081,765935,5784,4796,7,4803,112
2020-07-22,Santa Barbara,083,443738,6206,5508,56,5564,29
2020-07-22,Santa Clara,085,1922200,11166,8266,28,8294,166
2020-07-22,Santa Cruz,087,273765,1119,866,7,873,3
2020-07-22,Shasta,089,179085,417,246,1,247,9
2020-07-22,Sierra,091,2930,1,1,0,1,0
2020-07-22,Siskiyou,093,43540,81,52,0,52,0
2020-07-22,Solano,095,438530,3823,2839,10,2849,29
2020-07-22,Sonoma,097,501317,3153,2255,6,2261,17
2020-07-22,Stanislaus,099,539301,10003,7401,12,7413,71
2020-07-22,Sutter,101,95872,684,551,0,551,2
2020-07-22,Tehama,103,63373,231,155,2,157,1
2020-07-22,Trinity,105,12862,23,3,6,9,0
2020-07-22,Tulare,107,460477,9862,7640,29,7669,167
2020-07-22,Tuolumne,109,53932,137,91,3,94,0
2020-07-22,Ventura,111,848112,7836,6223,25,6248,56
2020-07-22,Yolo,113,214977,1639,1233,3,1236,34
2020-07-22,Yuba,115,75493,375,288,0,288,1
2020-07-21,Alameda,001,1643700,11889,9390,36,9426,166
2020-07-21,Alpine,003,1148,2,2,0,2,0
2020-07-21,Amador,005,37829,113,55,0,55,0
2020-07-21,Butte,007,227075,922,659,13,672,5
2020-07-21,Calaveras,009,45235,111,96,0,96,0
2020-07-21,Colusa,011,21464,298,227,0,227,0
2020-07-21,Contra Costa,013,1133247,8486,6210,25,6235,98
2020-07-21,Del Norte,015,27424,84,66,0,66,0
2020-07-21,El Dorado,017,186661,682,440,5,445,1
2020-07-21,Fresno,019,978130,18719,11412,157,11569,107
2020-07-21,Glenn,021,27897,331,229,0,229,1
2020-07-21,Humboldt,023,135768,236,198,1,199,4
2020-07-21,Imperial,025,180216,9881,7458,5,7463,128
2020-07-21,Inyo,027,18085,48,38,1,39,1
2020-07-21,Kern,029,883053,21292,11998,91,12089,119
2020-07-21,Kings,031,150075,4066,3187,20,3207,38
2020-07-21,Lake,033,64148,197,157,0,157,1
2020-07-21,Lassen,035,31185,566,474,2,476,0
2020-07-21,Los Angeles,037,10098052,181287,162205,367,162572,4159
2020-07-21,Madera,039,155013,2266,1508,3,1511,10
2020-07-21,Marin,041,260295,4927,4318,5,4323,21
2020-07-21,Mariposa,043,17540,54,37,0,37,1
2020-07-21,Mendocino,045,87422,232,160,0,160,0
2020-07-21,Merced,047,269075,4578,2725,2,2727,15
2020-07-21,Modoc,049,8938,3,0,0,0,0
2020-07-21,Mono,051,14174,124,79,1,80,1
2020-07-21,Monterey,053,433212,4435,3404,13,3417,20
2020-07-21,Napa,055,140530,975,660,0,660,5
2020-07-21,Nevada,057,99092,306,228,10,238,1
2020-07-21,Orange,059,3164182,39510,31356,637,31993,515
2020-07-21,Placer,061,380077,1907,1413,3,1416,11
2020-07-21,Plumas,063,18699,31,19,0,19,0
2020-07-21,Riverside,065,2383286,39851,32231,40,32271,583
2020-07-21,Sacramento,067,1510023,10589,7789,10,7799,102
2020-07-21,San Benito,069,59416,593,444,0,444,2
2020-07-21,San Bernardino,071,2135413,35237,25323,117,25440,343
2020-07-21,San Diego,073,3302833,29117,24522,2,24524,487
2020-07-21,San Francisco,075,870044,6426,5377,5,5382,53
2020-07-21,San Joaquin,077,732212,12422,9150,5,9155,99
2020-07-21,San Luis Obispo,079,281455,1810,1338,7,1345,7
2020-07-21,San Mateo,081,765935,5692,4733,7,4740,111
2020-07-21,Santa Barbara,083,443738,6126,5422,55,5477,29
2020-07-21,Santa Clara,085,1922200,10903,7989,28,8017,164
2020-07-21,Santa Cruz,087,273765,1086,835,7,842,3
2020-07-21,Shasta,089,179085,409,241,1,242,9
2020-07-21,Sierra,091,2930,1,1,0,1,0
2020-07-21,Siskiyou,093,43540,81,48,0,48,0
2020-07-21,Solano,095,438530,3750,2727,10,2737,27
2020-07-21,Sonoma,097,501317,3096,2200,6,2206,17
2020-07-21,Stanislaus,099,539301,9741,6984,12,6996,69
2020-07-21,Sutter,101,95872,668,533,0,533,2
2020-07-21,Tehama,103,63373,221,150,2,152,1
2020-07-21,Trinity,105,12862,23,2,6,8,0
2020-07-21,Tulare,107,460477,9660,7447,29,7476,167
2020-07-21,Tuolumne,109,53932,135,75,3,78,0
2020-07-21,Ventura,111,848112,7704,6131,25,6156,55
2020-07-21,Yolo,113,214977,1585,1204,3,1207,34
2020-07-21,Yuba,115,75493,369,269,0,269,1
2020-07-20,Alameda,001,1643700,11634,9244,35,9279,162
2020-07-20,Alpine,003,1148,2,2,0,2,0
2020-07-20,Amador,005,37829,110,53,0,53,0
2020-07-20,Butte,007,227075,885,586,13,599,4
2020-07-20,Calaveras,009,45235,108,90,0,90,0
2020-07-20,Colusa,011,21464,287,217,0,217,0
2020-07-20,Contra Costa,013,1133247,8278,5823,25,5848,97
2020-07-20,Del Norte,015,27424,84,61,0,61,0
2020-07-20,El Dorado,017,186661,659,407,5,412,0
2020-07-20,Fresno,019,978130,18276,10891,156,11047,106
2020-07-20,Glenn,021,27897,323,225,0,225,1
2020-07-20,Humboldt,023,135768,229,194,1,195,4
2020-07-20,Imperial,025,180216,9841,7337,5,7342,124
2020-07-20,Inyo,027,18085,46,38,1,39,1
2020-07-20,Kern,029,883053,20782,10908,87,10995,118
2020-07-20,Kings,031,150075,4016,3093,20,3113,37
2020-07-20,Lake,033,64148,194,147,0,147,1
2020-07-20,Lassen,035,31185,564,474,2,476,0
2020-07-20,Los Angeles,037,10098052,178323,159202,341,159543,4108
2020-07-20,Madera,039,155013,2191,1433,3,1436,10
2020-07-20,Marin,041,260295,4845,4255,5,4260,21
2020-07-20,Mariposa,043,17540,53,36,0,36,1
2020-07-20,Mendocino,045,87422,219,153,0,153,0
2020-07-20,Merced,047,269075,4408,2584,2,2586,15
2020-07-20,Modoc,049,8938,3,0,0,0,0
2020-07-20,Mono,051,14174,118,78,1,79,1
2020-07-20,Monterey,053,433212,4329,3205,13,3218,19
2020-07-20,Napa,055,140530,940,632,0,632,5
2020-07-20,Nevada,057,99092,298,218,10,228,1
2020-07-20,Orange,059,3164182,38900,30337,607,30944,507
2020-07-20,Placer,061,380077,1856,1364,3,1367,11
2020-07-20,Plumas,063,18699,30,17,0,17,0
2020-07-20,Riverside,065,2383286,39020,31163,40,31203,581
2020-07-20,Sacramento,067,1510023,10261,7369,10,7379,99
2020-07-20,San Benito,069,59416,575,433,0,433,2
2020-07-20,San Bernardino,071,2135413,34428,24226,113,24339,338
2020-07-20,San Diego,073,3302833,28675,24137,2,24139,478
2020-07-20,San Francisco,075,870044,6305,5090,5,5095,53
2020-07-20,San Joaquin,077,732212,12066,8583,5,8588,97
2020-07-20,San Luis Obispo,079,281455,1768,1282,7,1289,6
2020-07-20,San Mateo,081,765935,5592,4609,7,4616,111
2020-07-20,Santa Barbara,083,443738,6016,5266,53,5319,29
2020-07-20,Santa Clara,085,1922200,10675,7711,27,7738,164
2020-07-20,Santa Cruz,087,273765,1054,758,7,765,3
2020-07-20,Shasta,089,179085,394,233,1,234,9
2020-07-20,Sierra,091,2930,1,1,0,1,0
2020-07-20,Siskiyou,093,43540,77,42,0,42,0
2020-07-20,Solano,095,438530,3667,2537,10,2547,26
2020-07-20,Sonoma,097,501317,2989,2148,6,2154,17
2020-07-20,Stanislaus,099,539301,9457,6835,12,6847,58
2020-07-20,Sutter,101,95872,635,507,0,507,2
2020-07-20,Tehama,103,63373,211,146,2,148,1
2020-07-20,Trinity,105,12862,23,2,6,8,0
2020-07-20,Tulare,107,460477,9426,6974,29,7003,166
2020-07-20,Tuolumne,109,53932,134,75,3,78,0
2020-07-20,Ventura,111,848112,7570,5912,25,5937,52
2020-07-20,Yolo,113,214977,1544,1155,3,1158,30
2020-07-20,Yuba,115,75493,349,258,0,258,1
2020-07-19,Alameda,001,1643700,11393,9227,29,9256,162
2020-07-19,Alpine,003,1148,2,2,0,2,0
2020-07-19,Amador,005,37829,103,51,0,51,0
2020-07-19,Butte,007,227075,860,555,13,568,4
2020-07-19,Calaveras,009,45235,106,89,0,89,0
2020-07-19,Colusa,011,21464,279,187,0,187,0
2020-07-19,Contra Costa,013,1133247,7987,5691,23,5714,95
2020-07-19,Del Norte,015,27424,83,61,0,61,0
2020-07-19,El Dorado,017,186661,641,385,5,390,0
2020-07-19,Fresno,019,978130,17752,10639,144,10783,106
2020-07-19,Glenn,021,27897,309,215,0,215,0
2020-07-19,Humboldt,023,135768,221,195,1,196,4
2020-07-19,Imperial,025,180216,9750,7280,5,7285,124
2020-07-19,Inyo,027,18085,42,38,1,39,1
2020-07-19,Kern,029,883053,20165,10094,80,10174,115
2020-07-19,Kings,031,150075,3930,3035,20,3055,37
2020-07-19,Lake,033,64148,189,144,0,144,1
2020-07-19,Lassen,035,31185,545,474,2,476,0
2020-07-19,Los Angeles,037,10098052,174877,156039,318,156357,4100
2020-07-19,Madera,039,155013,2114,1301,3,1304,10
2020-07-19,Marin,041,260295,4790,4172,5,4177,21
2020-07-19,Mariposa,043,17540,49,35,0,35,1
2020-07-19,Mendocino,045,87422,214,137,0,137,0
2020-07-19,Merced,047,269075,4201,2460,2,2462,15
2020-07-19,Modoc,049,8938,3,0,0,0,0
2020-07-19,Mono,051,14174,107,63,1,64,1
2020-07-19,Monterey,053,433212,4210,3079,13,3092,18
2020-07-19,Napa,055,140530,911,612,0,612,5
2020-07-19,Nevada,057,99092,292,210,10,220,1
2020-07-19,Orange,059,3164182,38336,29941,594,30535,505
2020-07-19,Placer,061,380077,1809,1246,3,1249,11
2020-07-19,Plumas,063,18699,30,17,0,17,0
2020-07-19,Riverside,065,2383286,38315,30340,40,30380,581
2020-07-19,Sacramento,067,1510023,9868,6985,10,6995,97
2020-07-19,San Benito,069,59416,559,412,0,412,2
2020-07-19,San Bernardino,071,2135413,33655,23928,101,24029,337
2020-07-19,San Diego,073,3302833,28174,23684,2,23686,478
2020-07-19,San Francisco,075,870044,6159,5094,5,5099,52
2020-07-19,San Joaquin,077,732212,11659,8308,5,8313,93
2020-07-19,San Luis Obispo,079,281455,1724,1262,7,1269,6
2020-07-19,San Mateo,081,765935,5488,4522,7,4529,110
2020-07-19,Santa Barbara,083,443738,5914,5145,50,5195,29
2020-07-19,Santa Clara,085,1922200,10431,7403,27,7430,164
2020-07-19,Santa Cruz,087,273765,1010,753,7,760,3
2020-07-19,Shasta,089,179085,381,218,1,219,9
2020-07-19,Sierra,091,2930,1,1,0,1,0
2020-07-19,Siskiyou,093,43540,75,42,0,42,0
2020-07-19,Solano,095,438530,3562,2551,10,2561,26
2020-07-19,Sonoma,097,501317,2889,2074,6,2080,17
2020-07-19,Stanislaus,099,539301,9161,6508,12,6520,58
2020-07-19,Sutter,101,95872,604,480,0,480,2
2020-07-19,Tehama,103,63373,207,138,2,140,1
2020-07-19,Trinity,105,12862,23,2,6,8,0
2020-07-19,Tulare,107,460477,9178,6856,29,6885,166
2020-07-19,Tuolumne,109,53932,129,75,3,78,0
2020-07-19,Ventura,111,848112,7380,5706,25,5731,52
2020-07-19,Yolo,113,214977,1504,1127,3,1130,30
2020-07-19,Yuba,115,75493,329,240,0,240,1
2020-07-18,Alameda,001,1643700,11256,9089,28,9117,162
2020-07-18,Alpine,003,1148,2,2,0,2,0
2020-07-18,Amador,005,37829,99,49,0,49,0
2020-07-18,Butte,007,227075,851,551,13,564,4
2020-07-18,Calaveras,009,45235,102,89,0,89,0
2020-07-18,Colusa,011,21464,274,182,0,182,0
2020-07-18,Contra Costa,013,1133247,7853,5617,23,5640,95
2020-07-18,Del Norte,015,27424,83,61,0,61,0
2020-07-18,El Dorado,017,186661,638,385,5,390,0
2020-07-18,Fresno,019,978130,17503,10381,142,10523,106
2020-07-18,Glenn,021,27897,303,212,0,212,0
2020-07-18,Humboldt,023,135768,218,189,1,190,4
2020-07-18,Imperial,025,180216,9719,7268,5,7273,124
2020-07-18,Inyo,027,18085,42,38,1,39,1
2020-07-18,Kern,029,883053,19862,9250,77,9327,114
2020-07-18,Kings,031,150075,3890,2996,19,3015,37
2020-07-18,Lake,033,64148,186,142,0,142,1
2020-07-18,Lassen,035,31185,544,474,2,476,0
2020-07-18,Los Angeles,037,10098052,173431,153265,308,153573,4088
2020-07-18,Madera,039,155013,2068,1260,3,1263,9
2020-07-18,Marin,041,260295,4761,4089,5,4094,21
2020-07-18,Mariposa,043,17540,49,35,0,35,1
2020-07-18,Mendocino,045,87422,208,137,0,137,0
2020-07-18,Merced,047,269075,4082,2424,2,2426,15
2020-07-18,Modoc,049,8938,3,0,0,0,0
2020-07-18,Mono,051,14174,105,54,1,55,1
2020-07-18,Monterey,053,433212,4142,3020,13,3033,17
2020-07-18,Napa,055,140530,900,609,0,609,5
2020-07-18,Nevada,057,99092,288,204,9,213,1
2020-07-18,Orange,059,3164182,38017,29603,574,30177,493
2020-07-18,Placer,061,380077,1786,1233,3,1236,11
2020-07-18,Plumas,063,18699,30,17,0,17,0
2020-07-18,Riverside,065,2383286,37961,30245,39,30284,581
2020-07-18,Sacramento,067,1510023,9623,6739,10,6749,95
2020-07-18,San Benito,069,59416,544,407,0,407,2
2020-07-18,San Bernardino,071,2135413,33195,23680,94,23774,336
2020-07-18,San Diego,073,3302833,27871,23116,2,23118,478
2020-07-18,San Francisco,075,870044,6057,5051,5,5056,52
2020-07-18,San Joaquin,077,732212,11446,8118,5,8123,93
2020-07-18,San Luis Obispo,079,281455,1689,1234,7,1241,6
2020-07-18,San Mateo,081,765935,5428,4488,7,4495,110
2020-07-18,Santa Barbara,083,443738,5854,5110,48,5158,29
2020-07-18,Santa Clara,085,1922200,10282,7255,26,7281,164
2020-07-18,Santa Cruz,087,273765,993,751,7,758,3
2020-07-18,Shasta,089,179085,372,216,1,217,9
2020-07-18,Sierra,091,2930,1,1,0,1,0
2020-07-18,Siskiyou,093,43540,71,42,0,42,0
2020-07-18,Solano,095,438530,3521,2503,10,2513,26
2020-07-18,Sonoma,097,501317,2838,2019,6,2025,15
2020-07-18,Stanislaus,099,539301,9026,6344,12,6356,58
2020-07-18,Sutter,101,95872,598,473,0,473,2
2020-07-18,Tehama,103,63373,202,136,2,138,1
2020-07-18,Trinity,105,12862,23,2,6,8,0
2020-07-18,Tulare,107,460477,9087,6810,28,6838,167
2020-07-18,Tuolumne,109,53932,126,75,3,78,0
2020-07-18,Ventura,111,848112,7298,5630,25,5655,52
2020-07-18,Yolo,113,214977,1476,1077,3,1080,30
2020-07-18,Yuba,115,75493,318,237,0,237,1
2020-07-17,Alameda,001,1643700,11115,8893,27,8920,160
2020-07-17,Alpine,003,1148,2,1,0,1,0
2020-07-17,Amador,005,37829,97,48,0,48,0
2020-07-17,Butte,007,227075,837,497,13,510,4
2020-07-17,Calaveras,009,45235,99,86,0,86,0
2020-07-17,Colusa,011,21464,272,146,0,146,0
2020-07-17,Contra Costa,013,1133247,7705,5483,23,5506,93
2020-07-17,Del Norte,015,27424,82,60,0,60,0
2020-07-17,El Dorado,017,186661,622,368,5,373,0
2020-07-17,Fresno,019,978130,17205,9954,142,10096,104
2020-07-17,Glenn,021,27897,296,203,0,203,0
2020-07-17,Humboldt,023,135768,217,185,1,186,4
2020-07-17,Imperial,025,180216,9697,7193,5,7198,120
2020-07-17,Inyo,027,18085,42,38,1,39,1
2020-07-17,Kern,029,883053,19542,8291,76,8367,113
2020-07-17,Kings,031,150075,3851,2978,19,2997,37
2020-07-17,Lake,033,64148,184,139,0,139,1
2020-07-17,Lassen,035,31185,525,391,2,393,0
2020-07-17,Los Angeles,037,10098052,171059,150481,296,150777,4052
2020-07-17,Madera,039,155013,2024,1214,3,1217,9
2020-07-17,Marin,041,260295,4724,3839,5,3844,21
2020-07-17,Mariposa,043,17540,47,35,0,35,1
2020-07-17,Mendocino,045,87422,200,126,0,126,0
2020-07-17,Merced,047,269075,4006,2328,2,2330,12
2020-07-17,Modoc,049,8938,2,0,0,0,0
2020-07-17,Mono,051,14174,100,54,1,55,1
2020-07-17,Monterey,053,433212,4013,2922,13,2935,18
2020-07-17,Napa,055,140530,886,598,0,598,5
2020-07-17,Nevada,057,99092,281,200,9,209,1
2020-07-17,Orange,059,3164182,37554,28962,541,29503,485
2020-07-17,Placer,061,380077,1757,1207,3,1210,11
2020-07-17,Plumas,063,18699,27,16,0,16,0
2020-07-17,Riverside,065,2383286,37362,29639,39,29678,580
2020-07-17,Sacramento,067,1510023,9379,6563,10,6573,95
2020-07-17,San Benito,069,59416,529,399,0,399,2
2020-07-17,San Bernardino,071,2135413,32675,23057,91,23148,322
2020-07-17,San Diego,073,3302833,27483,22491,2,22493,472
2020-07-17,San Francisco,075,870044,5963,4967,5,4972,52
2020-07-17,San Joaquin,077,732212,11202,7925,5,7930,86
2020-07-17,San Luis Obispo,079,281455,1652,1190,7,1197,6
2020-07-17,San Mateo,081,765935,5331,4407,7,4414,110
2020-07-17,Santa Barbara,083,443738,5782,5001,47,5048,29
2020-07-17,Santa Clara,085,1922200,10064,7080,26,7106,164
2020-07-17,Santa Cruz,087,273765,971,716,7,723,3
2020-07-17,Shasta,089,179085,360,213,1,214,8
2020-07-17,Sierra,091,2930,1,1,0,1,0
2020-07-17,Siskiyou,093,43540,70,40,0,40,0
2020-07-17,Solano,095,438530,3472,2452,10,2462,26
2020-07-17,Sonoma,097,501317,2789,1982,6,1988,15
2020-07-17,Stanislaus,099,539301,8852,6220,12,6232,56
2020-07-17,Sutter,101,95872,585,458,0,458,2
2020-07-17,Tehama,103,63373,198,128,2,130,1
2020-07-17,Trinity,105,12862,23,2,6,8,0
2020-07-17,Tulare,107,460477,8951,6671,28,6699,166
2020-07-17,Tuolumne,109,53932,125,73,3,76,0
2020-07-17,Ventura,111,848112,7215,5451,25,5476,51
2020-07-17,Yolo,113,214977,1452,1055,3,1058,30
2020-07-17,Yuba,115,75493,308,231,0,231,1
2020-07-16,Alameda,001,1643700,10881,8719,22,8741,153
2020-07-16,Alpine,003,1148,2,1,0,1,0
2020-07-16,Amador,005,37829,94,46,0,46,0
2020-07-16,Butte,007,227075,800,465,12,477,4
2020-07-16,Calaveras,009,45235,97,82,0,82,0
2020-07-16,Colusa,011,21464,263,140,0,140,0
2020-07-16,Contra Costa,013,1133247,7493,5338,17,5355,91
2020-07-16,Del Norte,015,27424,82,60,0,60,0
2020-07-16,El Dorado,017,186661,605,357,5,362,0
2020-07-16,Fresno,019,978130,16694,9481,133,9614,101
2020-07-16,Glenn,021,27897,287,190,0,190,0
2020-07-16,Humboldt,023,135768,215,184,1,185,4
2020-07-16,Imperial,025,180216,9603,7148,5,7153,113
2020-07-16,Inyo,027,18085,42,38,1,39,1
2020-07-16,Kern,029,883053,19020,7435,74,7509,112
2020-07-16,Kings,031,150075,3685,2937,19,2956,37
2020-07-16,Lake,033,64148,179,128,0,128,1
2020-07-16,Lassen,035,31185,524,355,2,357,0
2020-07-16,Los Angeles,037,10098052,167837,147759,271,148030,3994
2020-07-16,Madera,039,155013,1960,1192,3,1195,8
2020-07-16,Marin,041,260295,4651,3546,5,3551,21
2020-07-16,Mariposa,043,17540,45,34,0,34,1
2020-07-16,Mendocino,045,87422,195,121,0,121,0
2020-07-16,Merced,047,269075,3844,2228,2,2230,12
2020-07-16,Modoc,049,8938,1,0,0,0,0
2020-07-16,Mono,051,14174,97,53,1,54,1
2020-07-16,Monterey,053,433212,3908,2857,12,2869,18
2020-07-16,Napa,055,140530,857,581,0,581,5
2020-07-16,Nevada,057,99092,278,191,9,200,1
2020-07-16,Orange,059,3164182,36851,28525,505,29030,471
2020-07-16,Placer,061,380077,1709,1168,3,1171,11
2020-07-16,Plumas,063,18699,25,16,0,16,0
2020-07-16,Riverside,065,2383286,36616,28904,37,28941,577
2020-07-16,Sacramento,067,1510023,9066,6440,9,6449,91
2020-07-16,San Benito,069,59416,512,389,0,389,2
2020-07-16,San Bernardino,071,2135413,31814,22355,73,22428,321
2020-07-16,San Diego,073,3302833,26996,21857,2,21859,465
2020-07-16,San Francisco,075,870044,5822,4838,5,4843,52
2020-07-16,San Joaquin,077,732212,10839,7713,5,7718,82
2020-07-16,San Luis Obispo,079,281455,1608,1146,7,1153,6
2020-07-16,San Mateo,081,765935,5227,4336,7,4343,110
2020-07-16,Santa Barbara,083,443738,5687,4872,46,4918,28
2020-07-16,Santa Clara,085,1922200,9784,6990,24,7014,164
2020-07-16,Santa Cruz,087,273765,930,698,7,705,3
2020-07-16,Shasta,089,179085,345,208,1,209,7
2020-07-16,Sierra,091,2930,1,1,0,1,0
2020-07-16,Siskiyou,093,43540,67,39,0,39,0
2020-07-16,Solano,095,438530,3378,2372,10,2382,25
2020-07-16,Sonoma,097,501317,2699,1954,6,1960,14
2020-07-16,Stanislaus,099,539301,8569,6077,11,6088,56
2020-07-16,Sutter,101,95872,569,444,0,444,2
2020-07-16,Tehama,103,63373,188,126,2,128,1
2020-07-16,Trinity,105,12862,23,2,5,7,0
2020-07-16,Tulare,107,460477,8737,6467,27,6494,163
2020-07-16,Tuolumne,109,53932,118,71,3,74,0
2020-07-16,Ventura,111,848112,7053,5231,25,5256,50
2020-07-16,Yolo,113,214977,1410,1034,3,1037,29
2020-07-16,Yuba,115,75493,290,221,0,221,1
2020-07-15,Alameda,001,1643700,10676,8615,17,8632,153
2020-07-15,Alpine,003,1148,2,1,0,1,0
2020-07-15,Amador,005,37829,73,44,0,44,0
2020-07-15,Butte,007,227075,758,420,12,432,4
2020-07-15,Calaveras,009,45235,97,75,0,75,0
2020-07-15,Colusa,011,21464,258,135,0,135,0
2020-07-15,Contra Costa,013,1133247,7262,5246,17,5263,90
2020-07-15,Del Norte,015,27424,81,60,0,60,0
2020-07-15,El Dorado,017,186661,581,339,5,344,0
2020-07-15,Fresno,019,978130,16220,9124,127,9251,101
2020-07-15,Glenn,021,27897,278,184,0,184,0
2020-07-15,Humboldt,023,135768,213,181,1,182,4
2020-07-15,Imperial,025,180216,9536,7110,5,7115,110
2020-07-15,Inyo,027,18085,42,36,1,37,1
2020-07-15,Kern,029,883053,18400,7155,70,7225,108
2020-07-15,Kings,031,150075,3624,2906,19,2925,37
2020-07-15,Lake,033,64148,177,122,0,122,1
2020-07-15,Lassen,035,31185,520,319,2,321,0
2020-07-15,Los Angeles,037,10098052,164371,143343,256,143599,3946
2020-07-15,Madera,039,155013,1891,1147,3,1150,4
2020-07-15,Marin,041,260295,4596,3458,5,3463,21
2020-07-15,Mariposa,043,17540,45,34,0,34,1
2020-07-15,Mendocino,045,87422,192,119,0,119,0
2020-07-15,Merced,047,269075,3694,2156,2,2158,12
2020-07-15,Modoc,049,8938,1,0,0,0,0
2020-07-15,Mono,051,14174,95,52,1,53,1
2020-07-15,Monterey,053,433212,3796,2780,12,2792,18
2020-07-15,Napa,055,140530,831,573,0,573,5
2020-07-15,Nevada,057,99092,274,185,7,192,1
2020-07-15,Orange,059,3164182,36051,27718,471,28189,454
2020-07-15,Placer,061,380077,1651,1145,3,1148,11
2020-07-15,Plumas,063,18699,25,16,0,16,0
2020-07-15,Riverside,065,2383286,35834,28492,35,28527,568
2020-07-15,Sacramento,067,1510023,8686,6217,9,6226,91
2020-07-15,San Benito,069,59416,503,388,0,388,2
2020-07-15,San Bernardino,071,2135413,31025,21508,57,21565,317
2020-07-15,San Diego,073,3302833,26529,21448,2,21450,448
2020-07-15,San Francisco,075,870044,5709,4757,5,4762,50
2020-07-15,San Joaquin,077,732212,10408,7381,4,7385,75
2020-07-15,San Luis Obispo,079,281455,1565,1097,7,1104,6
2020-07-15,San Mateo,081,765935,5114,4258,7,4265,109
2020-07-15,Santa Barbara,083,443738,5573,4733,46,4779,28
2020-07-15,Santa Clara,085,1922200,9480,6900,24,6924,164
2020-07-15,Santa Cruz,087,273765,894,660,6,666,3
2020-07-15,Shasta,089,179085,336,193,1,194,7
2020-07-15,Sierra,091,2930,1,1,0,1,0
2020-07-15,Siskiyou,093,43540,66,38,0,38,0
2020-07-15,Solano,095,438530,3283,2343,10,2353,25
2020-07-15,Sonoma,097,501317,2601,1920,6,1926,14
2020-07-15,Stanislaus,099,539301,8272,5777,11,5788,56
2020-07-15,Sutter,101,95872,543,433,0,433,2
2020-07-15,Tehama,103,63373,180,126,2,128,1
2020-07-15,Trinity,105,12862,22,2,5,7,0
2020-07-15,Tulare,107,460477,8526,6320,26,6346,156
2020-07-15,Tuolumne,109,53932,111,68,3,71,0
2020-07-15,Ventura,111,848112,6876,5087,25,5112,50
2020-07-15,Yolo,113,214977,1377,1002,3,1005,27
2020-07-15,Yuba,115,75493,278,221,0,221,1
2020-07-14,Alameda,001,1643700,10335,8388,11,8399,151
2020-07-14,Alpine,003,1148,2,1,0,1,0
2020-07-14,Amador,005,37829,69,44,0,44,0
2020-07-14,Butte,007,227075,712,382,12,394,4
2020-07-14,Calaveras,009,45235,95,74,0,74,0
2020-07-14,Colusa,011,21464,248,128,0,128,0
2020-07-14,Contra Costa,013,1133247,7025,5110,15,5125,90
2020-07-14,Del Norte,015,27424,80,60,0,60,0
2020-07-14,El Dorado,017,186661,566,324,5,329,0
2020-07-14,Fresno,019,978130,15798,8941,122,9063,98
2020-07-14,Glenn,021,27897,268,177,0,177,0
2020-07-14,Humboldt,023,135768,210,175,1,176,4
2020-07-14,Imperial,025,180216,9409,7095,5,7100,109
2020-07-14,Inyo,027,18085,42,35,1,36,1
2020-07-14,Kern,029,883053,17641,6979,57,7036,107
2020-07-14,Kings,031,150075,3557,2867,18,2885,37
2020-07-14,Lake,033,64148,171,120,0,120,1
2020-07-14,Lassen,035,31185,503,263,2,265,0
2020-07-14,Los Angeles,037,10098052,161239,140632,227,140859,3900
2020-07-14,Madera,039,155013,1817,1118,3,1121,4
2020-07-14,Marin,041,260295,4482,3451,5,3456,21
2020-07-14,Mariposa,043,17540,41,32,0,32,1
2020-07-14,Mendocino,045,87422,184,110,0,110,0
2020-07-14,Merced,047,269075,3515,2084,2,2086,12
2020-07-14,Modoc,049,8938,1,0,0,0,0
2020-07-14,Mono,051,14174,85,48,1,49,1
2020-07-14,Monterey,053,433212,3683,2724,12,2736,18
2020-07-14,Napa,055,140530,775,557,0,557,4
2020-07-14,Nevada,057,99092,257,180,6,186,1
2020-07-14,Orange,059,3164182,35171,26915,423,27338,432
2020-07-14,Placer,061,380077,1593,1122,3,1125,11
2020-07-14,Plumas,063,18699,24,14,0,14,0
2020-07-14,Riverside,065,2383286,35077,27850,34,27884,547
2020-07-14,Sacramento,067,1510023,8332,5978,9,5987,87
2020-07-14,San Benito,069,59416,484,360,0,360,2
2020-07-14,San Bernardino,071,2135413,30173,20489,47,20536,316
2020-07-14,San Diego,073,3302833,25909,20887,2,20889,436
2020-07-14,San Francisco,075,870044,5558,4659,4,4663,50
2020-07-14,San Joaquin,077,732212,9981,7143,4,7147,75
2020-07-14,San Luis Obispo,079,281455,1527,1060,7,1067,5
2020-07-14,San Mateo,081,765935,5021,4173,7,4180,108
2020-07-14,Santa Barbara,083,443738,5449,4641,44,4685,28
2020-07-14,Santa Clara,085,1922200,9152,6686,21,6707,164
2020-07-14,Santa Cruz,087,273765,855,639,6,645,3
2020-07-14,Shasta,089,179085,327,190,1,191,7
2020-07-14,Sierra,091,2930,1,1,0,1,0
2020-07-14,Siskiyou,093,43540,65,38,0,38,0
2020-07-14,Solano,095,438530,3184,2266,9,2275,25
2020-07-14,Sonoma,097,501317,2508,1866,6,1872,14
2020-07-14,Stanislaus,099,539301,7897,5631,10,5641,53
2020-07-14,Sutter,101,95872,524,405,0,405,2
2020-07-14,Tehama,103,63373,168,123,2,125,1
2020-07-14,Trinity,105,12862,21,2,5,7,0
2020-07-14,Tulare,107,460477,8280,6199,26,6225,156
2020-07-14,Tuolumne,109,53932,106,68,3,71,0
2020-07-14,Ventura,111,848112,6715,4950,25,4975,50
2020-07-14,Yolo,113,214977,1330,966,3,969,27
2020-07-14,Yuba,115,75493,261,210,0,210,1
2020-07-13,Alameda,001,1643700,10026,8115,11,8126,148
2020-07-13,Alpine,003,1148,2,1,0,1,0
2020-07-13,Amador,005,37829,65,42,0,42,0
2020-07-13,Butte,007,227075,676,354,12,366,4
2020-07-13,Calaveras,009,45235,87,63,0,63,0
2020-07-13,Colusa,011,21464,242,116,0,116,0
2020-07-13,Contra Costa,013,1133247,6755,4882,13,4895,88
2020-07-13,Del Norte,015,27424,74,59,0,59,0
2020-07-13,El Dorado,017,186661,535,298,5,303,0
2020-07-13,Fresno,019,978130,15369,8666,117,8783,95
2020-07-13,Glenn,021,27897,261,168,0,168,0
2020-07-13,Humboldt,023,135768,205,174,1,175,4
2020-07-13,Imperial,025,180216,9322,7052,5,7057,109
2020-07-13,Inyo,027,18085,41,35,1,36,1
2020-07-13,Kern,029,883053,16956,6808,51,6859,107
2020-07-13,Kings,031,150075,3506,2824,18,2842,37
2020-07-13,Lake,033,64148,166,118,0,118,1
2020-07-13,Lassen,035,31185,498,237,2,239,0
2020-07-13,Los Angeles,037,10098052,158005,136368,213,136581,3829
2020-07-13,Madera,039,155013,1748,1059,3,1062,4
2020-07-13,Marin,041,260295,4378,3402,5,3407,21
2020-07-13,Mariposa,043,17540,40,31,0,31,1
2020-07-13,Mendocino,045,87422,180,87,0,87,0
2020-07-13,Merced,047,269075,3366,2007,2,2009,12
2020-07-13,Modoc,049,8938,1,0,0,0,0
2020-07-13,Mono,051,14174,81,47,0,47,1
2020-07-13,Monterey,053,433212,3560,2613,9,2622,18
2020-07-13,Napa,055,140530,739,534,0,534,4
2020-07-13,Nevada,057,99092,243,172,6,178,1
2020-07-13,Orange,059,3164182,34307,25978,391,26369,423
2020-07-13,Placer,061,380077,1548,1096,3,1099,11
2020-07-13,Plumas,063,18699,22,14,0,14,0
2020-07-13,Riverside,065,2383286,34152,27136,32,27168,545
2020-07-13,Sacramento,067,1510023,8035,5747,9,5756,85
2020-07-13,San Benito,069,59416,471,343,0,343,2
2020-07-13,San Bernardino,071,2135413,29296,19610,40,19650,313
2020-07-13,San Diego,073,3302833,25342,20348,2,20350,422
2020-07-13,San Francisco,075,870044,5431,4534,3,4537,50
2020-07-13,San Joaquin,077,732212,9566,6927,4,6931,71
2020-07-13,San Luis Obispo,079,281455,1496,989,7,996,5
2020-07-13,San Mateo,081,765935,4890,4057,7,4064,108
2020-07-13,Santa Barbara,083,443738,5335,4441,43,4484,28
2020-07-13,Santa Clara,085,1922200,8829,6488,20,6508,164
2020-07-13,Santa Cruz,087,273765,817,574,6,580,3
2020-07-13,Shasta,089,179085,316,185,1,186,6
2020-07-13,Sierra,091,2930,1,1,0,1,0
2020-07-13,Siskiyou,093,43540,61,37,0,37,0
2020-07-13,Solano,095,438530,3072,2046,9,2055,23
2020-07-13,Sonoma,097,501317,2397,1818,6,1824,14
2020-07-13,Stanislaus,099,539301,7594,5324,9,5333,53
2020-07-13,Sutter,101,95872,486,379,0,379,2
2020-07-13,Tehama,103,63373,155,112,2,114,1
2020-07-13,Trinity,105,12862,21,2,5,7,0
2020-07-13,Tulare,107,460477,8019,5930,24,5954,147
2020-07-13,Tuolumne,109,53932,98,56,3,59,0
2020-07-13,Ventura,111,848112,6525,4800,22,4822,50
2020-07-13,Yolo,113,214977,1284,941,3,944,27
2020-07-13,Yuba,115,75493,246,194,0,194,1
2020-07-12,Alameda,001,1643700,9756,8056,11,8067,148
2020-07-12,Alpine,003,1148,2,1,0,1,0
2020-07-12,Amador,005,37829,55,40,0,40,0
2020-07-12,Butte,007,227075,626,341,11,352,4
2020-07-12,Calaveras,009,45235,87,62,0,62,0
2020-07-12,Colusa,011,21464,208,116,0,116,0
2020-07-12,Contra Costa,013,1133247,6488,4708,11,4719,88
2020-07-12,Del Norte,015,27424,63,59,0,59,0
2020-07-12,El Dorado,017,186661,513,290,5,295,0
2020-07-12,Fresno,019,978130,14944,8407,112,8519,95
2020-07-12,Glenn,021,27897,248,166,0,166,0
2020-07-12,Humboldt,023,135768,201,174,1,175,4
2020-07-12,Imperial,025,180216,9208,6999,5,7004,109
2020-07-12,Inyo,027,18085,39,35,1,36,1
2020-07-12,Kern,029,883053,16213,6662,48,6710,105
2020-07-12,Kings,031,150075,3444,2779,18,2797,34
2020-07-12,Lake,033,64148,157,114,0,114,1
2020-07-12,Lassen,035,31185,491,237,2,239,0
2020-07-12,Los Angeles,037,10098052,154581,133830,184,134014,3816
2020-07-12,Madera,039,155013,1693,1025,3,1028,4
2020-07-12,Marin,041,260295,4302,3358,5,3363,21
2020-07-12,Mariposa,043,17540,39,31,0,31,1
2020-07-12,Mendocino,045,87422,161,88,0,88,0
2020-07-12,Merced,047,269075,3236,1908,2,1910,12
2020-07-12,Modoc,049,8938,1,0,0,0,0
2020-07-12,Mono,051,14174,71,45,0,45,1
2020-07-12,Monterey,053,433212,3445,2521,9,2530,18
2020-07-12,Napa,055,140530,707,519,0,519,4
2020-07-12,Nevada,057,99092,233,166,6,172,1
2020-07-12,Orange,059,3164182,33432,25399,382,25781,422
2020-07-12,Placer,061,380077,1491,1058,3,1061,11
2020-07-12,Plumas,063,18699,21,14,0,14,0
2020-07-12,Riverside,065,2383286,33394,26404,31,26435,542
2020-07-12,Sacramento,067,1510023,7723,5515,7,5522,85
2020-07-12,San Benito,069,59416,456,324,0,324,2
2020-07-12,San Bernardino,071,2135413,28385,19042,36,19078,312
2020-07-12,San Diego,073,3302833,24712,19929,2,19931,422
2020-07-12,San Francisco,075,870044,5281,4535,3,4538,50
2020-07-12,San Joaquin,077,732212,9203,6703,4,6707,71
2020-07-12,San Luis Obispo,079,281455,1449,972,7,979,5
2020-07-12,San Mateo,081,765935,4772,3988,7,3995,108
2020-07-12,Santa Barbara,083,443738,5205,4353,42,4395,28
2020-07-12,Santa Clara,085,1922200,8591,6252,19,6271,164
2020-07-12,Santa Cruz,087,273765,775,573,5,578,3
2020-07-12,Shasta,089,179085,310,173,1,174,6
2020-07-12,Sierra,091,2930,1,1,0,1,0
2020-07-12,Siskiyou,093,43540,59,36,0,36,0
2020-07-12,Solano,095,438530,2947,2037,9,2046,23
2020-07-12,Sonoma,097,501317,2303,1743,6,1749,13
2020-07-12,Stanislaus,099,539301,7290,5177,9,5186,53
2020-07-12,Sutter,101,95872,468,362,0,362,2
2020-07-12,Tehama,103,63373,148,111,2,113,1
2020-07-12,Trinity,105,12862,21,2,5,7,0
2020-07-12,Tulare,107,460477,7764,5864,23,5887,146
2020-07-12,Tuolumne,109,53932,91,52,3,55,0
2020-07-12,Ventura,111,848112,6309,4724,21,4745,50
2020-07-12,Yolo,113,214977,1243,889,3,892,27
2020-07-12,Yuba,115,75493,235,188,0,188,1
2020-07-11,Alameda,001,1643700,9654,7845,11,7856,148
2020-07-11,Alpine,003,1148,2,1,0,1,0
2020-07-11,Amador,005,37829,51,37,0,37,0
2020-07-11,Butte,007,227075,610,325,11,336,4
2020-07-11,Calaveras,009,45235,84,62,0,62,0
2020-07-11,Colusa,011,21464,203,110,0,110,0
2020-07-11,Contra Costa,013,1133247,6373,4650,11,4661,87
2020-07-11,Del Norte,015,27424,63,59,0,59,0
2020-07-11,El Dorado,017,186661,502,283,5,288,0
2020-07-11,Fresno,019,978130,14683,8086,109,8195,95
2020-07-11,Glenn,021,27897,240,161,0,161,0
2020-07-11,Humboldt,023,135768,200,174,1,175,4
2020-07-11,Imperial,025,180216,9169,6884,5,6889,109
2020-07-11,Inyo,027,18085,39,35,1,36,1
2020-07-11,Kern,029,883053,15856,6509,47,6556,103
2020-07-11,Kings,031,150075,3417,2753,18,2771,33
2020-07-11,Lake,033,64148,156,110,0,110,1
2020-07-11,Lassen,035,31185,490,237,2,239,0
2020-07-11,Los Angeles,037,10098052,152862,130479,174,130653,3802
2020-07-11,Madera,039,155013,1652,988,3,991,4
2020-07-11,Marin,041,260295,4274,3191,5,3196,21
2020-07-11,Mariposa,043,17540,39,31,0,31,1
2020-07-11,Mendocino,045,87422,157,88,0,88,0
2020-07-11,Merced,047,269075,3155,1851,2,1853,12
2020-07-11,Modoc,049,8938,1,0,0,0,0
2020-07-11,Mono,051,14174,68,45,0,45,1
2020-07-11,Monterey,053,433212,3356,2376,8,2384,18
2020-07-11,Napa,055,140530,695,509,0,509,4
2020-07-11,Nevada,057,99092,224,163,5,168,1
2020-07-11,Orange,059,3164182,33055,24430,368,24798,422
2020-07-11,Placer,061,380077,1457,1029,3,1032,11
2020-07-11,Plumas,063,18699,21,12,0,12,0
2020-07-11,Riverside,065,2383286,33003,25994,31,26025,538
2020-07-11,Sacramento,067,1510023,7549,5367,7,5374,84
2020-07-11,San Benito,069,59416,441,314,0,314,2
2020-07-11,San Bernardino,071,2135413,27948,18907,34,18941,310
2020-07-11,San Diego,073,3302833,24320,19371,2,19373,422
2020-07-11,San Francisco,075,870044,5185,4430,2,4432,50
2020-07-11,San Joaquin,077,732212,9025,6518,4,6522,72
2020-07-11,San Luis Obispo,079,281455,1401,930,7,937,4
2020-07-11,San Mateo,081,765935,4704,3956,7,3963,108
2020-07-11,Santa Barbara,083,443738,5136,4283,41,4324,28
2020-07-11,Santa Clara,085,1922200,8431,5959,19,5978,164
2020-07-11,Santa Cruz,087,273765,744,571,5,576,3
2020-07-11,Shasta,089,179085,303,168,1,169,6
2020-07-11,Sierra,091,2930,1,1,0,1,0
2020-07-11,Siskiyou,093,43540,59,36,0,36,0
2020-07-11,Solano,095,438530,2906,2034,9,2043,23
2020-07-11,Sonoma,097,501317,2265,1690,6,1696,13
2020-07-11,Stanislaus,099,539301,7150,4911,9,4920,51
2020-07-11,Sutter,101,95872,452,352,0,352,2
2020-07-11,Tehama,103,63373,146,111,2,113,1
2020-07-11,Trinity,105,12862,21,2,5,7,0
2020-07-11,Tulare,107,460477,7658,5780,23,5803,149
2020-07-11,Tuolumne,109,53932,88,50,3,53,0
2020-07-11,Ventura,111,848112,6213,4545,20,4565,49
2020-07-11,Yolo,113,214977,1214,833,3,836,27
2020-07-11,Yuba,115,75493,225,175,0,175,1
2020-07-10,Alameda,001,1643700,9497,7551,11,7562,147
2020-07-10,Alpine,003,1148,2,1,0,1,0
2020-07-10,Amador,005,37829,47,37,0,37,0
2020-07-10,Butte,007,227075,599,318,11,329,4
2020-07-10,Calaveras,009,45235,84,61,0,61,0
2020-07-10,Colusa,011,21464,197,103,0,103,0
2020-07-10,Contra Costa,013,1133247,6234,4482,11,4493,86
2020-07-10,Del Norte,015,27424,63,57,0,57,0
2020-07-10,El Dorado,017,186661,484,266,5,271,0
2020-07-10,Fresno,019,978130,14351,7760,106,7866,93
2020-07-10,Glenn,021,27897,235,157,0,157,0
2020-07-10,Humboldt,023,135768,199,168,1,169,4
2020-07-10,Imperial,025,180216,9124,6878,4,6882,98
2020-07-10,Inyo,027,18085,39,35,1,36,1
2020-07-10,Kern,029,883053,15424,6344,46,6390,102
2020-07-10,Kings,031,150075,3381,2707,18,2725,33
2020-07-10,Lake,033,64148,149,104,0,104,1
2020-07-10,Lassen,035,31185,489,235,2,237,0
2020-07-10,Los Angeles,037,10098052,150441,127503,168,127671,3750
2020-07-10,Madera,039,155013,1606,914,3,917,4
2020-07-10,Marin,041,260295,4211,3101,5,3106,21
2020-07-10,Mariposa,043,17540,38,31,0,31,1
2020-07-10,Mendocino,045,87422,149,88,0,88,0
2020-07-10,Merced,047,269075,3076,1802,2,1804,12
2020-07-10,Modoc,049,8938,1,0,0,0,0
2020-07-10,Mono,051,14174,67,45,0,45,1
2020-07-10,Monterey,053,433212,3278,2285,8,2293,18
2020-07-10,Napa,055,140530,684,496,0,496,4
2020-07-10,Nevada,057,99092,219,161,5,166,1
2020-07-10,Orange,059,3164182,32468,23692,365,24057,416
2020-07-10,Placer,061,380077,1415,1002,3,1005,11
2020-07-10,Plumas,063,18699,19,12,0,12,0
2020-07-10,Riverside,065,2383286,32485,25481,31,25512,533
2020-07-10,Sacramento,067,1510023,7294,5181,7,5188,81
2020-07-10,San Benito,069,59416,432,302,0,302,2
2020-07-10,San Bernardino,071,2135413,27424,18242,31,18273,308
2020-07-10,San Diego,073,3302833,23936,18862,2,18864,420
2020-07-10,San Francisco,075,870044,5094,4305,2,4307,50
2020-07-10,San Joaquin,077,732212,8792,6225,4,6229,67
2020-07-10,San Luis Obispo,079,281455,1363,891,7,898,4
2020-07-10,San Mateo,081,765935,4639,3844,7,3851,107
2020-07-10,Santa Barbara,083,443738,5039,4177,40,4217,28
2020-07-10,Santa Clara,085,1922200,8207,5819,19,5838,164
2020-07-10,Santa Cruz,087,273765,716,540,5,545,3
2020-07-10,Shasta,089,179085,299,158,1,159,6
2020-07-10,Sierra,091,2930,1,1,0,1,0
2020-07-10,Siskiyou,093,43540,59,31,0,31,0
2020-07-10,Solano,095,438530,2859,1950,9,1959,23
2020-07-10,Sonoma,097,501317,2218,1606,5,1611,13
2020-07-10,Stanislaus,099,539301,6980,4781,9,4790,46
2020-07-10,Sutter,101,95872,445,338,0,338,2
2020-07-10,Tehama,103,63373,145,107,2,109,1
2020-07-10,Trinity,105,12862,21,2,5,7,0
2020-07-10,Tulare,107,460477,7521,5677,23,5700,150
2020-07-10,Tuolumne,109,53932,87,49,3,52,0
2020-07-10,Ventura,111,848112,6099,4416,20,4436,48
2020-07-10,Yolo,113,214977,1190,794,3,797,27
2020-07-10,Yuba,115,75493,211,164,0,164,1
2020-07-09,Alameda,001,1643700,9267,7433,11,7444,146
2020-07-09,Alpine,003,1148,2,1,0,1,0
2020-07-09,Amador,005,37829,44,36,0,36,0
2020-07-09,Butte,007,227075,567,295,11,306,4
2020-07-09,Calaveras,009,45235,83,59,0,59,0
2020-07-09,Colusa,011,21464,189,97,0,97,0
2020-07-09,Contra Costa,013,1133247,5993,4388,11,4399,86
2020-07-09,Del Norte,015,27424,63,57,0,57,0
2020-07-09,El Dorado,017,186661,459,255,4,259,0
2020-07-09,Fresno,019,978130,13896,7385,103,7488,90
2020-07-09,Glenn,021,27897,225,150,0,150,0
2020-07-09,Humboldt,023,135768,196,166,1,167,4
2020-07-09,Imperial,025,180216,9026,6778,4,6782,87
2020-07-09,Inyo,027,18085,37,35,1,36,1
2020-07-09,Kern,029,883053,14778,6100,44,6144,95
2020-07-09,Kings,031,150075,3318,2686,18,2704,33
2020-07-09,Lake,033,64148,146,99,0,99,1
2020-07-09,Lassen,035,31185,433,221,2,223,0
2020-07-09,Los Angeles,037,10098052,147183,125062,145,125207,3698
2020-07-09,Madera,039,155013,1529,850,3,853,4
2020-07-09,Marin,041,260295,4061,2975,4,2979,20
2020-07-09,Mariposa,043,17540,38,32,0,32,1
2020-07-09,Mendocino,045,87422,145,88,0,88,0
2020-07-09,Merced,047,269075,2942,1728,2,1730,11
2020-07-09,Modoc,049,8938,1,0,0,0,0
2020-07-09,Mono,051,14174,63,45,0,45,1
2020-07-09,Monterey,053,433212,3153,2223,8,2231,17
2020-07-09,Napa,055,140530,667,468,0,468,4
2020-07-09,Nevada,057,99092,213,156,5,161,1
2020-07-09,Orange,059,3164182,31498,22960,347,23307,407
2020-07-09,Placer,061,380077,1373,982,3,985,11
2020-07-09,Plumas,063,18699,19,12,0,12,0
2020-07-09,Riverside,065,2383286,31592,24980,30,25010,529
2020-07-09,Sacramento,067,1510023,6967,4950,7,4957,81
2020-07-09,San Benito,069,59416,416,295,0,295,2
2020-07-09,San Bernardino,071,2135413,26554,17339,25,17364,307
2020-07-09,San Diego,073,3302833,23344,18404,2,18406,415
2020-07-09,San Francisco,075,870044,4962,4143,2,4145,50
2020-07-09,San Joaquin,077,732212,8433,6004,4,6008,66
2020-07-09,San Luis Obispo,079,281455,1323,869,7,876,3
2020-07-09,San Mateo,081,765935,4513,3792,7,3799,106
2020-07-09,Santa Barbara,083,443738,4907,4068,40,4108,28
2020-07-09,Santa Clara,085,1922200,7946,5638,19,5657,164
2020-07-09,Santa Cruz,087,273765,689,526,5,531,3
2020-07-09,Shasta,089,179085,293,155,1,156,5
2020-07-09,Sierra,091,2930,1,1,0,1,0
2020-07-09,Siskiyou,093,43540,55,31,0,31,0
2020-07-09,Solano,095,438530,2761,1892,9,1901,23
2020-07-09,Sonoma,097,501317,2132,1584,5,1589,13
2020-07-09,Stanislaus,099,539301,6665,4633,8,4641,46
2020-07-09,Sutter,101,95872,428,321,0,321,2
2020-07-09,Tehama,103,63373,140,102,2,104,1
2020-07-09,Trinity,105,12862,21,2,5,7,0
2020-07-09,Tulare,107,460477,7302,5501,22,5523,146
2020-07-09,Tuolumne,109,53932,85,47,3,50,0
2020-07-09,Ventura,111,848112,5931,4278,20,4298,47
2020-07-09,Yolo,113,214977,1142,764,3,767,27
2020-07-09,Yuba,115,75493,194,152,0,152,1
2020-07-08,Alameda,001,1643700,8977,7335,11,7346,142
2020-07-08,Alpine,003,1148,2,1,0,1,0
2020-07-08,Amador,005,37829,41,35,0,35,0
2020-07-08,Butte,007,227075,530,281,11,292,3
2020-07-08,Calaveras,009,45235,78,58,0,58,0
2020-07-08,Colusa,011,21464,176,90,0,90,0
2020-07-08,Contra Costa,013,1133247,5747,4268,9,4277,84
2020-07-08,Del Norte,015,27424,61,57,0,57,0
2020-07-08,El Dorado,017,186661,437,248,4,252,0
2020-07-08,Fresno,019,978130,13480,7102,95,7197,86
2020-07-08,Glenn,021,27897,214,146,0,146,0
2020-07-08,Humboldt,023,135768,193,162,1,163,4
2020-07-08,Imperial,025,180216,8939,6727,4,6731,76
2020-07-08,Inyo,027,18085,37,35,1,36,1
2020-07-08,Kern,029,883053,14200,5873,42,5915,91
2020-07-08,Kings,031,150075,3259,2629,15,2644,33
2020-07-08,Lake,033,64148,139,97,0,97,1
2020-07-08,Lassen,035,31185,337,221,2,223,0
2020-07-08,Los Angeles,037,10098052,143978,123462,118,123580,3650
2020-07-08,Madera,039,155013,1459,828,3,831,4
2020-07-08,Marin,041,260295,3962,2756,4,2760,17
2020-07-08,Mariposa,043,17540,38,31,0,31,1
2020-07-08,Mendocino,045,87422,132,84,0,84,0
2020-07-08,Merced,047,269075,2821,1578,2,1580,11
2020-07-08,Modoc,049,8938,1,0,0,0,0
2020-07-08,Mono,051,14174,60,45,0,45,1
2020-07-08,Monterey,053,433212,3035,2182,7,2189,17
2020-07-08,Napa,055,140530,645,468,0,468,4
2020-07-08,Nevada,057,99092,204,156,5,161,1
2020-07-08,Orange,059,3164182,30546,22088,342,22430,378
2020-07-08,Placer,061,380077,1326,948,3,951,11
2020-07-08,Plumas,063,18699,19,12,0,12,0
2020-07-08,Riverside,065,2383286,30628,24042,29,24071,508
2020-07-08,Sacramento,067,1510023,6678,4799,7,4806,80
2020-07-08,San Benito,069,59416,399,282,0,282,2
2020-07-08,San Bernardino,071,2135413,25700,16510,21,16531,296
2020-07-08,San Diego,073,3302833,22774,17844,2,17846,406
2020-07-08,San Francisco,075,870044,4873,4093,2,4095,50
2020-07-08,San Joaquin,077,732212,8090,5759,4,5763,61
2020-07-08,San Luis Obispo,079,281455,1271,825,7,832,2
2020-07-08,San Mateo,081,765935,4393,3733,7,3740,106
2020-07-08,Santa Barbara,083,443738,4788,3985,40,4025,28
2020-07-08,Santa Clara,085,1922200,7712,5510,19,5529,164
2020-07-08,Santa Cruz,087,273765,656,509,4,513,3
2020-07-08,Shasta,089,179085,284,148,1,149,6
2020-07-08,Sierra,091,2930,1,1,0,1,0
2020-07-08,Siskiyou,093,43540,55,31,0,31,0
2020-07-08,Solano,095,438530,2645,1821,9,1830,23
2020-07-08,Sonoma,097,501317,2056,1495,5,1500,9
2020-07-08,Stanislaus,099,539301,6365,4344,8,4352,46
2020-07-08,Sutter,101,95872,403,298,0,298,2
2020-07-08,Tehama,103,63373,134,100,2,102,1
2020-07-08,Trinity,105,12862,20,2,5,7,0
2020-07-08,Tulare,107,460477,7110,5307,17,5324,138
2020-07-08,Tuolumne,109,53932,81,42,3,45,0
2020-07-08,Ventura,111,848112,5766,4139,20,4159,47
2020-07-08,Yolo,113,214977,1098,727,3,730,26
2020-07-08,Yuba,115,75493,181,145,0,145,1
2020-07-07,Alameda,001,1643700,8657,7097,10,7107,141
2020-07-07,Alpine,003,1148,2,1,0,1,0
2020-07-07,Amador,005,37829,41,33,0,33,0
2020-07-07,Butte,007,227075,487,269,11,280,3
2020-07-07,Calaveras,009,45235,76,58,0,58,0
2020-07-07,Colusa,011,21464,143,84,0,84,0
2020-07-07,Contra Costa,013,1133247,5509,4131,8,4139,84
2020-07-07,Del Norte,015,27424,61,57,0,57,0
2020-07-07,El Dorado,017,186661,417,244,4,248,0
2020-07-07,Fresno,019,978130,13027,6738,95,6833,84
2020-07-07,Glenn,021,27897,205,145,0,145,0
2020-07-07,Humboldt,023,135768,190,150,1,151,4
2020-07-07,Imperial,025,180216,8841,6678,4,6682,51
2020-07-07,Inyo,027,18085,36,32,1,33,1
2020-07-07,Kern,029,883053,13501,5645,38,5683,88
2020-07-07,Kings,031,150075,3196,2623,14,2637,33
2020-07-07,Lake,033,64148,129,94,0,94,1
2020-07-07,Lassen,035,31185,266,219,2,221,0
2020-07-07,Los Angeles,037,10098052,140399,121026,111,121137,3588
2020-07-07,Madera,039,155013,1415,794,3,797,4
2020-07-07,Marin,041,260295,3870,2627,4,2631,17
2020-07-07,Mariposa,043,17540,38,31,0,31,1
2020-07-07,Mendocino,045,87422,124,82,0,82,0
2020-07-07,Merced,047,269075,2647,1531,2,1533,10
2020-07-07,Modoc,049,8938,1,0,0,0,0
2020-07-07,Mono,051,14174,59,42,0,42,1
2020-07-07,Monterey,053,433212,2892,2166,7,2173,17
2020-07-07,Napa,055,140530,626,459,0,459,4
2020-07-07,Nevada,057,99092,198,150,5,155,1
2020-07-07,Orange,059,3164182,29533,21741,329,22070,373
2020-07-07,Placer,061,380077,1285,930,3,933,11
2020-07-07,Plumas,063,18699,17,12,0,12,0
2020-07-07,Riverside,065,2383286,29612,23279,29,23308,499
2020-07-07,Sacramento,067,1510023,6336,4592,7,4599,76
2020-07-07,San Benito,069,59416,381,274,0,274,2
2020-07-07,San Bernardino,071,2135413,24830,16004,19,16023,277
2020-07-07,San Diego,073,3302833,22055,17580,2,17582,399
2020-07-07,San Francisco,075,870044,4781,4045,1,4046,50
2020-07-07,San Joaquin,077,732212,7748,5547,4,5551,59
2020-07-07,San Luis Obispo,079,281455,1210,795,7,802,2
2020-07-07,San Mateo,081,765935,4278,3691,7,3698,106
2020-07-07,Santa Barbara,083,443738,4660,3866,39,3905,27
2020-07-07,Santa Clara,085,1922200,7443,5438,19,5457,164
2020-07-07,Santa Cruz,087,273765,622,502,3,505,2
2020-07-07,Shasta,089,179085,271,144,1,145,6
2020-07-07,Sierra,091,2930,1,1,0,1,0
2020-07-07,Siskiyou,093,43540,54,30,0,30,0
2020-07-07,Solano,095,438530,2534,1776,8,1784,22
2020-07-07,Sonoma,097,501317,1985,1473,5,1478,8
2020-07-07,Stanislaus,099,539301,6027,4101,8,4109,46
2020-07-07,Sutter,101,95872,377,273,0,273,2
2020-07-07,Tehama,103,63373,125,95,2,97,1
2020-07-07,Trinity,105,12862,20,2,5,7,0
2020-07-07,Tulare,107,460477,6930,5189,16,5205,137
2020-07-07,Tuolumne,109,53932,75,40,3,43,0
2020-07-07,Ventura,111,848112,5597,3992,18,4010,46
2020-07-07,Yolo,113,214977,1030,706,3,709,26
2020-07-07,Yuba,115,75493,161,138,0,138,1
2020-07-06,Alameda,001,1643700,8422,6970,10,6980,141
2020-07-06,Alpine,003,1148,1,1,0,1,0
2020-07-06,Amador,005,37829,39,33,0,33,0
2020-07-06,Butte,007,227075,431,257,11,268,2
2020-07-06,Calaveras,009,45235,73,45,0,45,0
2020-07-06,Colusa,011,21464,134,80,0,80,0
2020-07-06,Contra Costa,013,1133247,5281,3901,7,3908,83
2020-07-06,Del Norte,015,27424,60,57,0,57,0
2020-07-06,El Dorado,017,186661,402,232,3,235,0
2020-07-06,Fresno,019,978130,12559,6364,89,6453,82
2020-07-06,Glenn,021,27897,197,129,0,129,0
2020-07-06,Humboldt,023,135768,188,148,1,149,3
2020-07-06,Imperial,025,180216,8723,6443,4,6447,47
2020-07-06,Inyo,027,18085,36,32,1,33,1
2020-07-06,Kern,029,883053,12695,5491,38,5529,82
2020-07-06,Kings,031,150075,3145,2583,10,2593,33
2020-07-06,Lake,033,64148,122,93,0,93,1
2020-07-06,Lassen,035,31185,264,219,2,221,0
2020-07-06,Los Angeles,037,10098052,136800,116707,98,116805,3541
2020-07-06,Madera,039,155013,1345,734,3,737,4
2020-07-06,Marin,041,260295,3630,2136,4,2140,17
2020-07-06,Mariposa,043,17540,36,31,0,31,1
2020-07-06,Mendocino,045,87422,107,72,0,72,0
2020-07-06,Merced,047,269075,2496,1396,2,1398,10
2020-07-06,Modoc,049,8938,1,0,0,0,0
2020-07-06,Mono,051,14174,58,40,0,40,1
2020-07-06,Monterey,053,433212,2803,2078,7,2085,15
2020-07-06,Napa,055,140530,608,454,0,454,4
2020-07-06,Nevada,057,99092,192,146,5,151,1
2020-07-06,Orange,059,3164182,28469,20167,292,20459,372
2020-07-06,Placer,061,380077,1222,904,3,907,11
2020-07-06,Plumas,063,18699,17,11,0,11,0
2020-07-06,Riverside,065,2383286,28557,22485,28,22513,477
2020-07-06,Sacramento,067,1510023,5985,4420,7,4427,71
2020-07-06,San Benito,069,59416,366,264,0,264,2
2020-07-06,San Bernardino,071,2135413,23977,15346,16,15362,272
2020-07-06,San Diego,073,3302833,21323,17002,2,17004,387
2020-07-06,San Francisco,075,870044,4660,3861,1,3862,50
2020-07-06,San Joaquin,077,732212,7377,5104,4,5108,57
2020-07-06,San Luis Obispo,079,281455,1152,751,7,758,2
2020-07-06,San Mateo,081,765935,4186,3650,6,3656,106
2020-07-06,Santa Barbara,083,443738,4523,3763,38,3801,27
2020-07-06,Santa Clara,085,1922200,7171,5369,19,5388,165
2020-07-06,Santa Cruz,087,273765,600,466,2,468,2
2020-07-06,Shasta,089,179085,261,143,1,144,6
2020-07-06,Sierra,091,2930,1,1,0,1,0
2020-07-06,Siskiyou,093,43540,50,30,0,30,0
2020-07-06,Solano,095,438530,2398,1668,8,1676,22
2020-07-06,Sonoma,097,501317,1921,1369,5,1374,8
2020-07-06,Stanislaus,099,539301,5625,3983,8,3991,46
2020-07-06,Sutter,101,95872,350,250,0,250,2
2020-07-06,Tehama,103,63373,122,95,2,97,1
2020-07-06,Trinity,105,12862,19,2,5,7,0
2020-07-06,Tulare,107,460477,6725,5039,14,5053,136
2020-07-06,Tuolumne,109,53932,72,30,3,33,0
2020-07-06,Ventura,111,848112,5404,3912,18,3930,44
2020-07-06,Yolo,113,214977,974,685,3,688,26
2020-07-06,Yuba,115,75493,147,124,0,124,1
2020-07-05,Alameda,001,1643700,8172,6861,10,6871,141
2020-07-05,Alpine,003,1148,1,1,0,1,0
2020-07-05,Amador,005,37829,37,31,0,31,0
2020-07-05,Butte,007,227075,396,248,11,259,2
2020-07-05,Calaveras,009,45235,69,45,0,45,0
2020-07-05,Colusa,011,21464,124,79,0,79,0
2020-07-05,Contra Costa,013,1133247,5034,3665,6,3671,80
2020-07-05,Del Norte,015,27424,60,57,0,57,0
2020-07-05,El Dorado,017,186661,384,227,3,230,0
2020-07-05,Fresno,019,978130,11992,6186,88,6274,82
2020-07-05,Glenn,021,27897,194,129,0,129,0
2020-07-05,Humboldt,023,135768,184,147,1,148,3
2020-07-05,Imperial,025,180216,8587,6441,4,6445,47
2020-07-05,Inyo,027,18085,35,32,1,33,1
2020-07-05,Kern,029,883053,11987,5351,38,5389,82
2020-07-05,Kings,031,150075,3062,2546,9,2555,31
2020-07-05,Lake,033,64148,122,92,0,92,1
2020-07-05,Lassen,035,31185,258,219,2,221,0
2020-07-05,Los Angeles,037,10098052,133569,115133,92,115225,3495
2020-07-05,Madera,039,155013,1268,564,3,567,4
2020-07-05,Marin,041,260295,3448,2080,4,2084,17
2020-07-05,Mariposa,043,17540,36,31,0,31,1
2020-07-05,Mendocino,045,87422,104,72,0,72,0
2020-07-05,Merced,047,269075,2351,1340,2,1342,10
2020-07-05,Modoc,049,8938,1,0,0,0,0
2020-07-05,Mono,051,14174,54,39,0,39,1
2020-07-05,Monterey,053,433212,2700,1994,7,2001,15
2020-07-05,Napa,055,140530,578,450,0,450,4
2020-07-05,Nevada,057,99092,186,141,5,146,1
2020-07-05,Orange,059,3164182,27528,19430,279,19709,372
2020-07-05,Placer,061,380077,1165,855,3,858,11
2020-07-05,Plumas,063,18699,16,11,0,11,0
2020-07-05,Riverside,065,2383286,27701,21511,28,21539,474
2020-07-05,Sacramento,067,1510023,5670,4265,6,4271,71
2020-07-05,San Benito,069,59416,348,258,0,258,2
2020-07-05,San Bernardino,071,2135413,23099,15026,16,15042,270
2020-07-05,San Diego,073,3302833,20632,16728,2,16730,387
2020-07-05,San Francisco,075,870044,4543,3861,1,3862,50
2020-07-05,San Joaquin,077,732212,7058,5015,4,5019,57
2020-07-05,San Luis Obispo,079,281455,1073,730,7,737,2
2020-07-05,San Mateo,081,765935,4076,3575,6,3581,106
2020-07-05,Santa Barbara,083,443738,4376,3671,35,3706,27
2020-07-05,Santa Clara,085,1922200,6875,5237,19,5256,162
2020-07-05,Santa Cruz,087,273765,582,467,0,467,2
2020-07-05,Shasta,089,179085,255,138,1,139,6
2020-07-05,Sierra,091,2930,1,1,0,1,0
2020-07-05,Siskiyou,093,43540,46,30,0,30,0
2020-07-05,Solano,095,438530,2277,1547,8,1555,22
2020-07-05,Sonoma,097,501317,1840,1369,5,1374,8
2020-07-05,Stanislaus,099,539301,5295,3777,7,3784,45
2020-07-05,Sutter,101,95872,322,241,0,241,2
2020-07-05,Tehama,103,63373,120,95,2,97,1
2020-07-05,Trinity,105,12862,19,2,5,7,0
2020-07-05,Tulare,107,460477,6466,4981,12,4993,135
2020-07-05,Tuolumne,109,53932,67,30,3,33,0
2020-07-05,Ventura,111,848112,5201,3866,18,3884,44
2020-07-05,Yolo,113,214977,934,644,3,647,26
2020-07-05,Yuba,115,75493,137,115,0,115,1
2020-07-04,Alameda,001,1643700,8060,6737,10,6747,141
2020-07-04,Alpine,003,1148,1,1,0,1,0
2020-07-04,Amador,005,37829,36,31,0,31,0
2020-07-04,Butte,007,227075,378,224,11,235,2
2020-07-04,Calaveras,009,45235,69,45,0,45,0
2020-07-04,Colusa,011,21464,123,76,0,76,0
2020-07-04,Contra Costa,013,1133247,4888,3583,6,3589,80
2020-07-04,Del Norte,015,27424,60,50,0,50,0
2020-07-04,El Dorado,017,186661,365,211,3,214,0
2020-07-04,Fresno,019,978130,11675,5999,86,6085,82
2020-07-04,Glenn,021,27897,187,128,0,128,0
2020-07-04,Humboldt,023,135768,177,144,1,145,3
2020-07-04,Imperial,025,180216,8538,6441,4,6445,47
2020-07-04,Inyo,027,18085,35,32,1,33,1
2020-07-04,Kern,029,883053,11683,5231,38,5269,81
2020-07-04,Kings,031,150075,3019,2509,9,2518,31
2020-07-04,Lake,033,64148,115,86,0,86,1
2020-07-04,Lassen,035,31185,258,219,2,221,0
2020-07-04,Los Angeles,037,10098052,131753,107256,81,107337,3462
2020-07-04,Madera,039,155013,1222,568,3,571,4
2020-07-04,Marin,041,260295,3419,1962,4,1966,17
2020-07-04,Mariposa,043,17540,36,28,0,28,1
2020-07-04,Mendocino,045,87422,104,72,0,72,0
2020-07-04,Merced,047,269075,2249,1252,2,1254,10
2020-07-04,Modoc,049,8938,1,0,0,0,0
2020-07-04,Mono,051,14174,54,37,0,37,1
2020-07-04,Monterey,053,433212,2620,1878,7,1885,15
2020-07-04,Napa,055,140530,569,426,0,426,4
2020-07-04,Nevada,057,99092,183,125,5,130,1
2020-07-04,Orange,059,3164182,27093,19247,266,19513,372
2020-07-04,Placer,061,380077,1130,796,3,799,11
2020-07-04,Plumas,063,18699,16,11,0,11,0
2020-07-04,Riverside,065,2383286,27335,21508,28,21536,474
2020-07-04,Sacramento,067,1510023,5499,4039,6,4045,71
2020-07-04,San Benito,069,59416,335,255,0,255,2
2020-07-04,San Bernardino,071,2135413,22673,14636,14,14650,270
2020-07-04,San Diego,073,3302833,20172,16166,2,16168,387
2020-07-04,San Francisco,075,870044,4451,3861,1,3862,50
2020-07-04,San Joaquin,077,732212,6846,4807,4,4811,57
2020-07-04,San Luis Obispo,079,281455,1033,699,7,706,2
2020-07-04,San Mateo,081,765935,4013,3532,6,3538,106
2020-07-04,Santa Barbara,083,443738,4301,3520,33,3553,27
2020-07-04,Santa Clara,085,1922200,6684,5045,18,5063,161
2020-07-04,Santa Cruz,087,273765,572,466,0,466,2
2020-07-04,Shasta,089,179085,252,135,1,136,6
2020-07-04,Sierra,091,2930,1,1,0,1,0
2020-07-04,Siskiyou,093,43540,39,30,0,30,0
2020-07-04,Solano,095,438530,2241,1548,8,1556,22
2020-07-04,Sonoma,097,501317,1814,1370,5,1375,8
2020-07-04,Stanislaus,099,539301,5137,3572,7,3579,44
2020-07-04,Sutter,101,95872,303,225,0,225,2
2020-07-04,Tehama,103,63373,117,92,2,94,1
2020-07-04,Trinity,105,12862,19,2,5,7,0
2020-07-04,Tulare,107,460477,6354,4802,12,4814,135
2020-07-04,Tuolumne,109,53932,63,30,3,33,0
2020-07-04,Ventura,111,848112,5077,3687,18,3705,44
2020-07-04,Yolo,113,214977,909,615,3,618,26
2020-07-04,Yuba,115,75493,130,102,0,102,1
2020-07-03,Alameda,001,1643700,7939,6486,10,6496,141
2020-07-03,Alpine,003,1148,1,1,0,1,0
2020-07-03,Amador,005,37829,36,25,0,25,0
2020-07-03,Butte,007,227075,366,212,11,223,2
2020-07-03,Calaveras,009,45235,69,44,0,44,0
2020-07-03,Colusa,011,21464,117,70,0,70,0
2020-07-03,Contra Costa,013,1133247,4752,3447,6,3453,78
2020-07-03,Del Norte,015,27424,60,50,0,50,0
2020-07-03,El Dorado,017,186661,353,201,3,204,0
2020-07-03,Fresno,019,978130,11370,5783,84,5867,81
2020-07-03,Glenn,021,27897,182,122,0,122,0
2020-07-03,Humboldt,023,135768,173,143,1,144,3
2020-07-03,Imperial,025,180216,8490,6345,4,6349,47
2020-07-03,Inyo,027,18085,35,32,1,33,1
2020-07-03,Kern,029,883053,11421,5213,38,5251,81
2020-07-03,Kings,031,150075,2983,2492,9,2501,31
2020-07-03,Lake,033,64148,108,83,0,83,0
2020-07-03,Lassen,035,31185,258,219,2,221,0
2020-07-03,Los Angeles,037,10098052,130240,107236,77,107313,3461
2020-07-03,Madera,039,155013,1178,565,3,568,4
2020-07-03,Marin,041,260295,3390,1776,4,1780,17
2020-07-03,Mariposa,043,17540,36,28,0,28,1
2020-07-03,Mendocino,045,87422,103,72,0,72,0
2020-07-03,Merced,047,269075,2183,1188,2,1190,10
2020-07-03,Modoc,049,8938,1,0,0,0,0
2020-07-03,Mono,051,14174,54,37,0,37,1
2020-07-03,Monterey,053,433212,2550,1804,7,1811,15
2020-07-03,Napa,055,140530,551,388,0,388,4
2020-07-03,Nevada,057,99092,182,125,5,130,1
2020-07-03,Orange,059,3164182,26702,18819,258,19077,366
2020-07-03,Placer,061,380077,1103,745,3,748,11
2020-07-03,Plumas,063,18699,16,11,0,11,0
2020-07-03,Riverside,065,2383286,27029,21171,28,21199,472
2020-07-03,Sacramento,067,1510023,5365,3711,6,3717,71
2020-07-03,San Benito,069,59416,328,243,0,243,2
2020-07-03,San Bernardino,071,2135413,22285,14040,14,14054,269
2020-07-03,San Diego,073,3302833,19717,15698,2,15700,387
2020-07-03,San Francisco,075,870044,4405,3781,1,3782,50
2020-07-03,San Joaquin,077,732212,6708,4416,3,4419,56
2020-07-03,San Luis Obispo,079,281455,998,676,7,683,2
2020-07-03,San Mateo,081,765935,3956,3439,6,3445,106
2020-07-03,Santa Barbara,083,443738,4214,3406,32,3438,27
2020-07-03,Santa Clara,085,1922200,6572,4820,18,4838,161
2020-07-03,Santa Cruz,087,273765,558,436,0,436,2
2020-07-03,Shasta,089,179085,244,113,1,114,6
2020-07-03,Sierra,091,2930,1,1,0,1,0
2020-07-03,Siskiyou,093,43540,36,30,0,30,0
2020-07-03,Solano,095,438530,2197,1496,7,1503,22
2020-07-03,Sonoma,097,501317,1766,1282,5,1287,8
2020-07-03,Stanislaus,099,539301,5013,3021,7,3028,43
2020-07-03,Sutter,101,95872,293,205,0,205,2
2020-07-03,Tehama,103,63373,115,89,2,91,1
2020-07-03,Trinity,105,12862,19,2,5,7,0
2020-07-03,Tulare,107,460477,6239,4656,12,4668,134
2020-07-03,Tuolumne,109,53932,61,27,3,30,0
2020-07-03,Ventura,111,848112,4981,3536,18,3554,44
2020-07-03,Yolo,113,214977,875,586,3,589,25
2020-07-03,Yuba,115,75493,125,96,0,96,1
2020-07-02,Alameda,001,1643700,7813,6386,10,6396,139
2020-07-02,Alpine,003,1148,1,1,0,1,0
2020-07-02,Amador,005,37829,35,23,0,23,0
2020-07-02,Butte,007,227075,349,199,11,210,2
2020-07-02,Calaveras,009,45235,65,42,0,42,0
2020-07-02,Colusa,011,21464,109,60,0,60,0
2020-07-02,Contra Costa,013,1133247,4570,3347,6,3353,77
2020-07-02,Del Norte,015,27424,59,50,0,50,0
2020-07-02,El Dorado,017,186661,342,193,3,196,0
2020-07-02,Fresno,019,978130,10910,5402,83,5485,78
2020-07-02,Glenn,021,27897,176,114,0,114,0
2020-07-02,Humboldt,023,135768,169,138,1,139,3
2020-07-02,Imperial,025,180216,8389,6236,4,6240,47
2020-07-02,Inyo,027,18085,35,29,1,30,1
2020-07-02,Kern,029,883053,10886,5036,36,5072,78
2020-07-02,Kings,031,150075,2932,2419,9,2428,31
2020-07-02,Lake,033,64148,104,81,0,81,0
2020-07-02,Lassen,035,31185,256,218,2,220,0
2020-07-02,Los Angeles,037,10098052,128223,107144,54,107198,3458
2020-07-02,Madera,039,155013,1110,548,3,551,4
2020-07-02,Marin,041,260295,3304,1706,4,1710,17
2020-07-02,Mariposa,043,17540,35,28,0,28,1
2020-07-02,Mendocino,045,87422,99,71,0,71,0
2020-07-02,Merced,047,269075,2086,1122,2,1124,10
2020-07-02,Modoc,049,8938,1,0,0,0,0
2020-07-02,Mono,051,14174,54,37,0,37,1
2020-07-02,Monterey,053,433212,2490,1796,7,1803,15
2020-07-02,Napa,055,140530,534,352,0,352,4
2020-07-02,Nevada,057,99092,176,118,4,122,1
2020-07-02,Orange,059,3164182,25939,17056,245,17301,360
2020-07-02,Placer,061,380077,1079,740,3,743,11
2020-07-02,Plumas,063,18699,15,8,0,8,0
2020-07-02,Riverside,065,2383286,26456,20253,28,20281,458
2020-07-02,Sacramento,067,1510023,5138,3587,6,3593,70
2020-07-02,San Benito,069,59416,320,236,0,236,2
2020-07-02,San Bernardino,071,2135413,21747,13185,14,13199,260
2020-07-02,San Diego,073,3302833,19252,15208,2,15210,377
2020-07-02,San Francisco,075,870044,4310,3676,1,3677,50
2020-07-02,San Joaquin,077,732212,6361,4243,3,4246,56
2020-07-02,San Luis Obispo,079,281455,953,659,7,666,2
2020-07-02,San Mateo,081,765935,3876,3390,6,3396,107
2020-07-02,Santa Barbara,083,443738,4114,3385,30,3415,27
2020-07-02,Santa Clara,085,1922200,6445,4722,18,4740,160
2020-07-02,Santa Cruz,087,273765,535,414,0,414,2
2020-07-02,Shasta,089,179085,241,110,1,111,5
2020-07-02,Sierra,091,2930,1,1,0,1,0
2020-07-02,Siskiyou,093,43540,36,30,0,30,0
2020-07-02,Solano,095,438530,2114,1429,7,1436,21
2020-07-02,Sonoma,097,501317,1708,1244,5,1249,6
2020-07-02,Stanislaus,099,539301,4841,2850,7,2857,41
2020-07-02,Sutter,101,95872,282,195,0,195,2
2020-07-02,Tehama,103,63373,113,86,2,88,1
2020-07-02,Trinity,105,12862,19,2,5,7,0
2020-07-02,Tulare,107,460477,6072,4559,11,4570,132
2020-07-02,Tuolumne,109,53932,58,23,2,25,0
2020-07-02,Ventura,111,848112,4825,3394,18,3412,42
2020-07-02,Yolo,113,214977,843,554,3,557,24
2020-07-02,Yuba,115,75493,115,93,0,93,1
2020-07-01,Alameda,001,1643700,7595,6125,10,6135,137
2020-07-01,Alpine,003,1148,1,1,0,1,0
2020-07-01,Amador,005,37829,34,22,0,22,0
2020-07-01,Butte,007,227075,324,185,11,196,2
2020-07-01,Calaveras,009,45235,63,37,0,37,0
2020-07-01,Colusa,011,21464,103,53,0,53,0
2020-07-01,Contra Costa,013,1133247,4357,3259,6,3265,76
2020-07-01,Del Norte,015,27424,59,50,0,50,0
2020-07-01,El Dorado,017,186661,315,183,3,186,0
2020-07-01,Fresno,019,978130,10475,5111,80,5191,76
2020-07-01,Glenn,021,27897,170,110,0,110,0
2020-07-01,Humboldt,023,135768,164,134,0,134,3
2020-07-01,Imperial,025,180216,8292,6150,4,6154,46
2020-07-01,Inyo,027,18085,34,30,1,31,1
2020-07-01,Kern,029,883053,10252,4853,35,4888,78
2020-07-01,Kings,031,150075,2864,2360,9,2369,30
2020-07-01,Lake,033,64148,103,75,0,75,0
2020-07-01,Lassen,035,31185,255,217,2,219,0
2020-07-01,Los Angeles,037,10098052,125025,105325,45,105370,3408
2020-07-01,Madera,039,155013,1069,519,3,522,4
2020-07-01,Marin,041,260295,3147,1636,4,1640,17
2020-07-01,Mariposa,043,17540,35,29,0,29,1
2020-07-01,Mendocino,045,87422,95,70,0,70,0
2020-07-01,Merced,047,269075,1987,1052,2,1054,10
2020-07-01,Modoc,049,8938,1,0,0,0,0
2020-07-01,Mono,051,14174,51,37,0,37,1
2020-07-01,Monterey,053,433212,2382,1703,6,1709,15
2020-07-01,Napa,055,140530,511,347,0,347,4
2020-07-01,Nevada,057,99092,166,115,4,119,1
2020-07-01,Orange,059,3164182,25054,15662,224,15886,343
2020-07-01,Placer,061,380077,1032,713,3,716,11
2020-07-01,Plumas,063,18699,13,8,0,8,0
2020-07-01,Riverside,065,2383286,25613,19537,27,19564,457
2020-07-01,Sacramento,067,1510023,4883,3425,6,3431,64
2020-07-01,San Benito,069,59416,311,219,0,219,2
2020-07-01,San Bernardino,071,2135413,20853,12712,11,12723,253
2020-07-01,San Diego,073,3302833,18684,14624,2,14626,372
2020-07-01,San Francisco,075,870044,4217,3626,1,3627,50
2020-07-01,San Joaquin,077,732212,6003,3990,3,3993,54
2020-07-01,San Luis Obispo,079,281455,926,613,7,620,1
2020-07-01,San Mateo,081,765935,3814,3326,6,3332,84
2020-07-01,Santa Barbara,083,443738,3994,3268,29,3297,27
2020-07-01,Santa Clara,085,1922200,6259,4547,17,4564,159
2020-07-01,Santa Cruz,087,273765,511,398,0,398,2
2020-07-01,Shasta,089,179085,236,104,1,105,5
2020-07-01,Sierra,091,2930,1,1,0,1,0
2020-07-01,Siskiyou,093,43540,36,28,0,28,0
2020-07-01,Solano,095,438530,2022,1350,7,1357,21
2020-07-01,Sonoma,097,501317,1613,1178,5,1183,6
2020-07-01,Stanislaus,099,539301,4563,2619,7,2626,41
2020-07-01,Sutter,101,95872,269,188,0,188,2
2020-07-01,Tehama,103,63373,106,80,2,82,1
2020-07-01,Trinity,105,12862,19,2,4,6,0
2020-07-01,Tulare,107,460477,5894,4359,11,4370,128
2020-07-01,Tuolumne,109,53932,55,17,2,19,0
2020-07-01,Ventura,111,848112,4683,3224,16,3240,41
2020-07-01,Yolo,113,214977,792,526,3,529,24
2020-07-01,Yuba,115,75493,110,57,0,57,1
2020-06-30,Alameda,001,1643700,7348,5959,8,5967,137
2020-06-30,Alpine,003,1148,1,1,0,1,0
2020-06-30,Amador,005,37829,34,21,0,21,0
2020-06-30,Butte,007,227075,307,163,11,174,2
2020-06-30,Calaveras,009,45235,58,31,0,31,0
2020-06-30,Colusa,011,21464,94,33,0,33,0
2020-06-30,Contra Costa,013,1133247,4146,3140,6,3146,75
2020-06-30,Del Norte,015,27424,59,48,0,48,0
2020-06-30,El Dorado,017,186661,302,175,3,178,0
2020-06-30,Fresno,019,978130,10029,4826,75,4901,75
2020-06-30,Glenn,021,27897,165,96,0,96,0
2020-06-30,Humboldt,023,135768,160,132,0,132,3
2020-06-30,Imperial,025,180216,8193,5968,4,5972,45
2020-06-30,Inyo,027,18085,34,30,1,31,1
2020-06-30,Kern,029,883053,9605,4721,32,4753,75
2020-06-30,Kings,031,150075,2815,2315,6,2321,30
2020-06-30,Lake,033,64148,95,56,0,56,0
2020-06-30,Lassen,035,31185,248,215,2,217,0
2020-06-30,Los Angeles,037,10098052,121443,103640,42,103682,3378
2020-06-30,Madera,039,155013,1012,475,3,478,4
2020-06-30,Marin,041,260295,3076,1614,4,1618,17
2020-06-30,Mariposa,043,17540,34,27,0,27,1
2020-06-30,Mendocino,045,87422,90,65,0,65,0
2020-06-30,Merced,047,269075,1850,970,2,972,10
2020-06-30,Modoc,049,8938,1,0,0,0,0
2020-06-30,Mono,051,14174,49,36,0,36,1
2020-06-30,Monterey,053,433212,2285,1657,6,1663,15
2020-06-30,Napa,055,140530,486,342,0,342,4
2020-06-30,Nevada,057,99092,158,113,4,117,1
2020-06-30,Orange,059,3164182,24120,14354,214,14568,335
2020-06-30,Placer,061,380077,1005,667,3,670,11
2020-06-30,Plumas,063,18699,12,8,0,8,0
2020-06-30,Riverside,065,2383286,24895,18656,26,18682,449
2020-06-30,Sacramento,067,1510023,4594,3246,6,3252,64
2020-06-30,San Benito,069,59416,300,200,0,200,2
2020-06-30,San Bernardino,071,2135413,19872,12375,10,12385,249
2020-06-30,San Diego,073,3302833,17979,14150,2,14152,365
2020-06-30,San Francisco,075,870044,4112,3555,1,3556,50
2020-06-30,San Joaquin,077,732212,5628,3744,3,3747,52
2020-06-30,San Luis Obispo,079,281455,888,583,7,590,1
2020-06-30,San Mateo,081,765935,3736,3268,6,3274,84
2020-06-30,Santa Barbara,083,443738,3878,3102,29,3131,25
2020-06-30,Santa Clara,085,1922200,6056,4346,17,4363,157
2020-06-30,Santa Cruz,087,273765,485,379,0,379,2
2020-06-30,Shasta,089,179085,220,100,1,101,5
2020-06-30,Sierra,091,2930,1,1,0,1,0
2020-06-30,Siskiyou,093,43540,35,26,0,26,0
2020-06-30,Solano,095,438530,1930,1256,7,1263,21
2020-06-30,Sonoma,097,501317,1550,1122,5,1127,6
2020-06-30,Stanislaus,099,539301,4266,2578,7,2585,41
2020-06-30,Sutter,101,95872,246,168,0,168,2
2020-06-30,Tehama,103,63373,104,75,2,77,1
2020-06-30,Trinity,105,12862,19,2,4,6,0
2020-06-30,Tulare,107,460477,5685,4207,11,4218,117
2020-06-30,Tuolumne,109,53932,51,16,2,18,0
2020-06-30,Ventura,111,848112,4549,3030,16,3046,40
2020-06-30,Yolo,113,214977,754,515,3,518,24
2020-06-30,Yuba,115,75493,106,55,0,55,1
2020-06-29,Alameda,001,1643700,7140,5766,8,5774,135
2020-06-29,Alpine,003,1148,1,1,0,1,0
2020-06-29,Amador,005,37829,31,20,0,20,0
2020-06-29,Butte,007,227075,286,157,11,168,2
2020-06-29,Calaveras,009,45235,56,30,0,30,0
2020-06-29,Colusa,011,21464,89,17,0,17,0
2020-06-29,Contra Costa,013,1133247,3982,2976,5,2981,75
2020-06-29,Del Norte,015,27424,59,47,0,47,0
2020-06-29,El Dorado,017,186661,288,163,1,164,0
2020-06-29,Fresno,019,978130,9682,4531,73,4604,74
2020-06-29,Glenn,021,27897,156,77,0,77,0
2020-06-29,Humboldt,023,135768,159,128,0,128,3
2020-06-29,Imperial,025,180216,8062,5512,4,5516,45
2020-06-29,Inyo,027,18085,33,29,0,29,1
2020-06-29,Kern,029,883053,8942,4613,30,4643,73
2020-06-29,Kings,031,150075,2750,2280,6,2286,20
2020-06-29,Lake,033,64148,88,53,0,53,0
2020-06-29,Lassen,035,31185,240,77,2,79,0
2020-06-29,Los Angeles,037,10098052,118406,100846,36,100882,3337
2020-06-29,Madera,039,155013,955,422,3,425,4
2020-06-29,Marin,041,260295,3000,1517,4,1521,17
2020-06-29,Mariposa,043,17540,32,25,0,25,1
2020-06-29,Mendocino,045,87422,87,63,0,63,0
2020-06-29,Merced,047,269075,1744,848,2,850,10
2020-06-29,Modoc,049,8938,1,0,0,0,0
2020-06-29,Mono,051,14174,47,35,0,35,1
2020-06-29,Monterey,053,433212,2213,1614,6,1620,14
2020-06-29,Napa,055,140530,464,317,0,317,4
2020-06-29,Nevada,057,99092,155,107,3,110,1
2020-06-29,Orange,059,3164182,23129,13682,199,13881,324
2020-06-29,Placer,061,380077,969,628,3,631,11
2020-06-29,Plumas,063,18699,12,6,0,6,0
2020-06-29,Riverside,065,2383286,23861,17683,26,17709,432
2020-06-29,Sacramento,067,1510023,4307,2985,6,2991,62
2020-06-29,San Benito,069,59416,285,193,0,193,2
2020-06-29,San Bernardino,071,2135413,18909,11643,10,11653,245
2020-06-29,San Diego,073,3302833,17401,13834,2,13836,361
2020-06-29,San Francisco,075,870044,4035,3389,1,3390,50
2020-06-29,San Joaquin,077,732212,5270,3202,3,3205,52
2020-06-29,San Luis Obispo,079,281455,854,544,7,551,1
2020-06-29,San Mateo,081,765935,3682,3170,6,3176,84
2020-06-29,Santa Barbara,083,443738,3769,2933,28,2961,25
2020-06-29,Santa Clara,085,1922200,5886,4231,17,4248,157
2020-06-29,Santa Cruz,087,273765,467,348,0,348,2
2020-06-29,Shasta,089,179085,212,94,1,95,5
2020-06-29,Sierra,091,2930,1,1,0,1,0
2020-06-29,Siskiyou,093,43540,35,25,0,25,0
2020-06-29,Solano,095,438530,1827,1077,7,1084,21
2020-06-29,Sonoma,097,501317,1478,1103,5,1108,5
2020-06-29,Stanislaus,099,539301,4060,2400,6,2406,36
2020-06-29,Sutter,101,95872,224,152,0,152,2
2020-06-29,Tehama,103,63373,100,63,2,65,1
2020-06-29,Trinity,105,12862,18,2,4,6,0
2020-06-29,Tulare,107,460477,5531,3906,10,3916,117
2020-06-29,Tuolumne,109,53932,47,16,2,18,0
2020-06-29,Ventura,111,848112,4402,2794,16,2810,40
2020-06-29,Yolo,113,214977,721,483,3,486,24
2020-06-29,Yuba,115,75493,93,55,0,55,1
2020-06-28,Alameda,001,1643700,6879,5698,8,5706,135
2020-06-28,Alpine,003,1148,1,1,0,1,0
2020-06-28,Amador,005,37829,29,20,0,20,0
2020-06-28,Butte,007,227075,267,150,11,161,2
2020-06-28,Calaveras,009,45235,51,30,0,30,0
2020-06-28,Colusa,011,21464,74,17,0,17,0
2020-06-28,Contra Costa,013,1133247,3792,2803,4,2807,73
2020-06-28,Del Norte,015,27424,58,47,0,47,0
2020-06-28,El Dorado,017,186661,276,162,1,163,0
2020-06-28,Fresno,019,978130,9319,4365,73,4438,74
2020-06-28,Glenn,021,27897,148,77,0,77,0
2020-06-28,Humboldt,023,135768,156,127,0,127,3
2020-06-28,Imperial,025,180216,7873,5513,4,5517,45
2020-06-28,Inyo,027,18085,33,29,0,29,1
2020-06-28,Kern,029,883053,8391,4541,27,4568,72
2020-06-28,Kings,031,150075,2690,2234,6,2240,18
2020-06-28,Lake,033,64148,84,53,0,53,0
2020-06-28,Lassen,035,31185,240,77,2,79,0
2020-06-28,Los Angeles,037,10098052,115203,98003,32,98035,3316
2020-06-28,Madera,039,155013,907,424,3,427,4
2020-06-28,Marin,041,260295,2654,1473,4,1477,17
2020-06-28,Mariposa,043,17540,32,24,0,24,1
2020-06-28,Mendocino,045,87422,85,63,0,63,0
2020-06-28,Merced,047,269075,1631,814,2,816,10
2020-06-28,Modoc,049,8938,1,0,0,0,0
2020-06-28,Mono,051,14174,47,35,0,35,1
2020-06-28,Monterey,053,433212,2131,1560,6,1566,13
2020-06-28,Napa,055,140530,430,307,0,307,4
2020-06-28,Nevada,057,99092,144,102,3,105,1
2020-06-28,Orange,059,3164182,22155,13213,181,13394,324
2020-06-28,Placer,061,380077,930,618,3,621,11
2020-06-28,Plumas,063,18699,11,6,0,6,0
2020-06-28,Riverside,065,2383286,23033,16848,25,16873,432
2020-06-28,Sacramento,067,1510023,4079,2803,6,2809,63
2020-06-28,San Benito,069,59416,274,190,0,190,2
2020-06-28,San Bernardino,071,2135413,18156,11344,9,11353,245
2020-06-28,San Diego,073,3302833,16856,13333,2,13335,361
2020-06-28,San Francisco,075,870044,3957,3388,1,3389,50
2020-06-28,San Joaquin,077,732212,4933,3201,3,3204,52
2020-06-28,San Luis Obispo,079,281455,815,531,6,537,1
2020-06-28,San Mateo,081,765935,3605,3124,5,3129,84
2020-06-28,Santa Barbara,083,443738,3624,2872,28,2900,25
2020-06-28,Santa Clara,085,1922200,5724,4131,17,4148,156
2020-06-28,Santa Cruz,087,273765,444,349,0,349,2
2020-06-28,Shasta,089,179085,199,89,0,89,5
2020-06-28,Sierra,091,2930,1,1,0,1,0
2020-06-28,Siskiyou,093,43540,35,25,0,25,0
2020-06-28,Solano,095,438530,1752,1077,7,1084,21
2020-06-28,Sonoma,097,501317,1424,1084,5,1089,5
2020-06-28,Stanislaus,099,539301,3854,2376,6,2382,36
2020-06-28,Sutter,101,95872,198,145,0,145,2
2020-06-28,Tehama,103,63373,93,63,2,65,1
2020-06-28,Trinity,105,12862,17,2,4,6,0
2020-06-28,Tulare,107,460477,5363,3812,10,3822,117
2020-06-28,Tuolumne,109,53932,42,14,2,16,0
2020-06-28,Ventura,111,848112,4244,2650,16,2666,40
2020-06-28,Yolo,113,214977,686,468,3,471,24
2020-06-28,Yuba,115,75493,89,39,0,39,1
2020-06-27,Alameda,001,1643700,6783,5581,8,5589,135
2020-06-27,Alpine,003,1148,1,1,0,1,0
2020-06-27,Amador,005,37829,27,20,0,20,0
2020-06-27,Butte,007,227075,259,137,11,148,2
2020-06-27,Calaveras,009,45235,49,30,0,30,0
2020-06-27,Colusa,011,21464,68,17,0,17,0
2020-06-27,Contra Costa,013,1133247,3698,2717,3,2720,72
2020-06-27,Del Norte,015,27424,58,47,0,47,0
2020-06-27,El Dorado,017,186661,270,159,1,160,0
2020-06-27,Fresno,019,978130,9073,4238,73,4311,74
2020-06-27,Glenn,021,27897,144,77,0,77,0
2020-06-27,Humboldt,023,135768,154,127,0,127,3
2020-06-27,Imperial,025,180216,7812,5513,4,5517,45
2020-06-27,Inyo,027,18085,33,29,0,29,1
2020-06-27,Kern,029,883053,8128,4411,26,4437,70
2020-06-27,Kings,031,150075,2664,2187,6,2193,18
2020-06-27,Lake,033,64148,81,42,0,42,0
2020-06-27,Lassen,035,31185,240,33,2,35,0
2020-06-27,Los Angeles,037,10098052,113462,95341,29,95370,3291
2020-06-27,Madera,039,155013,864,427,2,429,4
2020-06-27,Marin,041,260295,2609,1423,4,1427,17
2020-06-27,Mariposa,043,17540,31,22,0,22,1
2020-06-27,Mendocino,045,87422,85,63,0,63,0
2020-06-27,Merced,047,269075,1573,807,1,808,10
2020-06-27,Modoc,049,8938,1,0,0,0,0
2020-06-27,Mono,051,14174,46,35,0,35,1
2020-06-27,Monterey,053,433212,2067,1455,6,1461,12
2020-06-27,Napa,055,140530,420,282,0,282,3
2020-06-27,Nevada,057,99092,140,102,2,104,1
2020-06-27,Orange,059,3164182,21644,12951,176,13127,320
2020-06-27,Placer,061,380077,909,584,3,587,10
2020-06-27,Plumas,063,18699,11,6,0,6,0
2020-06-27,Riverside,065,2383286,22644,16209,25,16234,432
2020-06-27,Sacramento,067,1510023,3962,2685,6,2691,63
2020-06-27,San Benito,069,59416,267,182,0,182,2
2020-06-27,San Bernardino,071,2135413,17780,11238,9,11247,243
2020-06-27,San Diego,073,3302833,16491,12836,2,12838,360
2020-06-27,San Francisco,075,870044,3902,3332,1,3333,49
2020-06-27,San Joaquin,077,732212,4767,2995,3,2998,52
2020-06-27,San Luis Obispo,079,281455,792,505,6,511,1
2020-06-27,San Mateo,081,765935,3548,3083,5,3088,83
2020-06-27,Santa Barbara,083,443738,3552,2799,28,2827,25
2020-06-27,Santa Clara,085,1922200,5618,4006,17,4023,157
2020-06-27,Santa Cruz,087,273765,437,347,0,347,2
2020-06-27,Shasta,089,179085,193,87,0,87,5
2020-06-27,Sierra,091,2930,1,1,0,1,0
2020-06-27,Siskiyou,093,43540,35,25,0,25,0
2020-06-27,Solano,095,438530,1719,1076,7,1083,21
2020-06-27,Sonoma,097,501317,1391,1004,5,1009,5
2020-06-27,Stanislaus,099,539301,3754,2164,6,2170,36
2020-06-27,Sutter,101,95872,191,141,0,141,2
2020-06-27,Tehama,103,63373,90,63,2,65,1
2020-06-27,Trinity,105,12862,17,2,4,6,0
2020-06-27,Tulare,107,460477,5266,3810,10,3820,117
2020-06-27,Tuolumne,109,53932,41,13,2,15,0
2020-06-27,Ventura,111,848112,4144,2471,16,2487,40
2020-06-27,Yolo,113,214977,662,432,3,435,24
2020-06-27,Yuba,115,75493,81,39,0,39,1
2020-06-26,Alameda,001,1643700,6697,5502,7,5509,132
2020-06-26,Alpine,003,1148,1,1,0,1,0
2020-06-26,Amador,005,37829,26,20,0,20,0
2020-06-26,Butte,007,227075,244,135,11,146,2
2020-06-26,Calaveras,009,45235,47,30,0,30,0
2020-06-26,Colusa,011,21464,63,17,0,17,0
2020-06-26,Contra Costa,013,1133247,3585,2676,3,2679,72
2020-06-26,Del Norte,015,27424,57,47,0,47,0
2020-06-26,El Dorado,017,186661,262,159,1,160,0
2020-06-26,Fresno,019,978130,8847,4166,73,4239,74
2020-06-26,Glenn,021,27897,137,71,0,71,0
2020-06-26,Humboldt,023,135768,152,126,0,126,3
2020-06-26,Imperial,025,180216,7749,5400,4,5404,44
2020-06-26,Inyo,027,18085,32,29,0,29,1
2020-06-26,Kern,029,883053,7798,4366,26,4392,70
2020-06-26,Kings,031,150075,2632,2176,5,2181,18
2020-06-26,Lake,033,64148,80,42,0,42,0
2020-06-26,Lassen,035,31185,239,30,2,32,0
2020-06-26,Los Angeles,037,10098052,111297,93328,29,93357,3275
2020-06-26,Madera,039,155013,832,409,2,411,4
2020-06-26,Marin,041,260295,2572,1406,4,1410,17
2020-06-26,Mariposa,043,17540,30,21,0,21,1
2020-06-26,Mendocino,045,87422,82,63,0,63,0
2020-06-26,Merced,047,269075,1527,797,1,798,10
2020-06-26,Modoc,049,8938,1,0,0,0,0
2020-06-26,Mono,051,14174,45,35,0,35,1
2020-06-26,Monterey,053,433212,2015,1449,6,1455,12
2020-06-26,Napa,055,140530,410,277,0,277,3
2020-06-26,Nevada,057,99092,136,101,1,102,1
2020-06-26,Orange,059,3164182,20968,12659,173,12832,320
2020-06-26,Placer,061,380077,880,584,3,587,10
2020-06-26,Plumas,063,18699,11,6,0,6,0
2020-06-26,Riverside,065,2383286,22181,15858,25,15883,430
2020-06-26,Sacramento,067,1510023,3797,2687,6,2693,63
2020-06-26,San Benito,069,59416,263,176,0,176,2
2020-06-26,San Bernardino,071,2135413,17402,11111,9,11120,243
2020-06-26,San Diego,073,3302833,16126,12402,2,12404,358
2020-06-26,San Francisco,075,870044,3847,3330,1,3331,49
2020-06-26,San Joaquin,077,732212,4553,2943,3,2946,52
2020-06-26,San Luis Obispo,079,281455,777,498,6,504,1
2020-06-26,San Mateo,081,765935,3496,3055,5,3060,83
2020-06-26,Santa Barbara,083,443738,3462,2784,26,2810,25
2020-06-26,Santa Clara,085,1922200,5518,3968,17,3985,156
2020-06-26,Santa Cruz,087,273765,430,344,0,344,2
2020-06-26,Shasta,089,179085,186,86,0,86,5
2020-06-26,Sierra,091,2930,1,1,0,1,0
2020-06-26,Siskiyou,093,43540,34,24,0,24,0
2020-06-26,Solano,095,438530,1677,1068,7,1075,21
2020-06-26,Sonoma,097,501317,1360,977,5,982,5
2020-06-26,Stanislaus,099,539301,3641,2157,6,2163,36
2020-06-26,Sutter,101,95872,184,138,0,138,2
2020-06-26,Tehama,103,63373,87,63,2,65,1
2020-06-26,Trinity,105,12862,17,2,4,6,0
2020-06-26,Tulare,107,460477,5177,3720,10,3730,117
2020-06-26,Tuolumne,109,53932,39,10,2,12,0
2020-06-26,Ventura,111,848112,4058,2444,16,2460,40
2020-06-26,Yolo,113,214977,639,418,3,421,24
2020-06-26,Yuba,115,75493,75,38,0,38,1
2020-06-25,Alameda,001,1643700,6508,5398,7,5405,130
2020-06-25,Alpine,003,1148,1,1,0,1,0
2020-06-25,Amador,005,37829,25,18,0,18,0
2020-06-25,Butte,007,227075,239,127,11,138,1
2020-06-25,Calaveras,009,45235,42,26,0,26,0
2020-06-25,Colusa,011,21464,53,14,0,14,0
2020-06-25,Contra Costa,013,1133247,3400,2591,3,2594,71
2020-06-25,Del Norte,015,27424,55,47,0,47,0
2020-06-25,El Dorado,017,186661,254,150,1,151,0
2020-06-25,Fresno,019,978130,8534,3938,72,4010,71
2020-06-25,Glenn,021,27897,132,59,0,59,0
2020-06-25,Humboldt,023,135768,151,121,0,121,3
2020-06-25,Imperial,025,180216,7620,5192,4,5196,44
2020-06-25,Inyo,027,18085,29,27,0,27,1
2020-06-25,Kern,029,883053,7374,4236,23,4259,69
2020-06-25,Kings,031,150075,2580,2110,5,2115,17
2020-06-25,Lake,033,64148,79,42,0,42,0
2020-06-25,Lassen,035,31185,233,13,2,15,0
2020-06-25,Los Angeles,037,10098052,108529,91524,29,91553,3239
2020-06-25,Madera,039,155013,788,380,2,382,4
2020-06-25,Marin,041,260295,2470,1321,4,1325,17
2020-06-25,Mariposa,043,17540,29,20,0,20,1
2020-06-25,Mendocino,045,87422,79,61,0,61,0
2020-06-25,Merced,047,269075,1440,747,1,748,10
2020-06-25,Modoc,049,8938,1,0,0,0,0
2020-06-25,Mono,051,14174,44,35,0,35,1
2020-06-25,Monterey,053,433212,1927,1426,5,1431,12
2020-06-25,Napa,055,140530,392,260,0,260,3
2020-06-25,Nevada,057,99092,128,92,1,93,1
2020-06-25,Orange,059,3164182,20045,12221,171,12392,311
2020-06-25,Placer,061,380077,826,574,3,577,10
2020-06-25,Plumas,063,18699,10,6,0,6,0
2020-06-25,Riverside,065,2383286,21426,15224,25,15249,427
2020-06-25,Sacramento,067,1510023,3574,2519,6,2525,62
2020-06-25,San Benito,069,59416,255,174,0,174,2
2020-06-25,San Bernardino,071,2135413,16651,10590,9,10599,242
2020-06-25,San Diego,073,3302833,15587,11963,2,11965,352
2020-06-25,San Francisco,075,870044,3781,3252,1,3253,48
2020-06-25,San Joaquin,077,732212,4281,2803,3,2806,50
2020-06-25,San Luis Obispo,079,281455,745,473,6,479,1
2020-06-25,San Mateo,081,765935,3428,2996,4,3000,82
2020-06-25,Santa Barbara,083,443738,3357,2622,25,2647,25
2020-06-25,Santa Clara,085,1922200,5368,3871,17,3888,156
2020-06-25,Santa Cruz,087,273765,418,335,0,335,2
2020-06-25,Shasta,089,179085,176,84,0,84,5
2020-06-25,Sierra,091,2930,1,1,0,1,0
2020-06-25,Siskiyou,093,43540,33,24,0,24,0
2020-06-25,Solano,095,438530,1624,1034,7,1041,21
2020-06-25,Sonoma,097,501317,1311,953,4,957,5
2020-06-25,Stanislaus,099,539301,3429,2130,6,2136,36
2020-06-25,Sutter,101,95872,172,126,0,126,2
2020-06-25,Tehama,103,63373,83,59,2,61,1
2020-06-25,Trinity,105,12862,17,2,4,6,0
2020-06-25,Tulare,107,460477,5046,3656,10,3666,117
2020-06-25,Tuolumne,109,53932,38,10,1,11,0
2020-06-25,Ventura,111,848112,3876,2346,15,2361,40
2020-06-25,Yolo,113,214977,610,397,3,400,24
2020-06-25,Yuba,115,75493,64,38,0,38,1
2020-06-24,Alameda,001,1643700,6346,5242,7,5249,123
2020-06-24,Alpine,003,1148,1,1,0,1,0
2020-06-24,Amador,005,37829,23,16,0,16,0
2020-06-24,Butte,007,227075,223,119,10,129,1
2020-06-24,Calaveras,009,45235,40,26,0,26,0
2020-06-24,Colusa,011,21464,44,11,0,11,0
2020-06-24,Contra Costa,013,1133247,3244,2520,3,2523,66
2020-06-24,Del Norte,015,27424,49,47,0,47,0
2020-06-24,El Dorado,017,186661,238,149,1,150,0
2020-06-24,Fresno,019,978130,8203,3765,72,3837,71
2020-06-24,Glenn,021,27897,124,54,0,54,0
2020-06-24,Humboldt,023,135768,151,117,0,117,3
2020-06-24,Imperial,025,180216,7502,5138,4,5142,38
2020-06-24,Inyo,027,18085,29,28,0,28,1
2020-06-24,Kern,029,883053,6981,4155,21,4176,67
2020-06-24,Kings,031,150075,2516,2063,5,2068,16
2020-06-24,Lake,033,64148,66,40,0,40,0
2020-06-24,Lassen,035,31185,232,9,2,11,0
2020-06-24,Los Angeles,037,10098052,105768,89566,29,89595,3186
2020-06-24,Madera,039,155013,766,373,2,375,4
2020-06-24,Marin,041,260295,2242,1261,4,1265,17
2020-06-24,Mariposa,043,17540,28,19,0,19,1
2020-06-24,Mendocino,045,87422,79,60,0,60,0
2020-06-24,Merced,047,269075,1354,696,1,697,8
2020-06-24,Modoc,049,8938,1,0,0,0,0
2020-06-24,Mono,051,14174,42,35,0,35,1
2020-06-24,Monterey,053,433212,1850,1407,5,1412,12
2020-06-24,Napa,055,140530,375,258,0,258,3
2020-06-24,Nevada,057,99092,122,92,1,93,1
2020-06-24,Orange,059,3164182,19048,11804,153,11957,303
2020-06-24,Placer,061,380077,787,548,3,551,10
2020-06-24,Plumas,063,18699,10,6,0,6,0
2020-06-24,Riverside,065,2383286,20579,14946,25,14971,410
2020-06-24,Sacramento,067,1510023,3370,2446,5,2451,62
2020-06-24,San Benito,069,59416,251,171,0,171,2
2020-06-24,San Bernardino,071,2135413,15836,10211,9,10220,239
2020-06-24,San Diego,073,3302833,15084,11628,2,11630,347
2020-06-24,San Francisco,075,870044,3718,3216,1,3217,48
2020-06-24,San Joaquin,077,732212,4060,2680,3,2683,49
2020-06-24,San Luis Obispo,079,281455,714,461,5,466,1
2020-06-24,San Mateo,081,765935,3371,2964,4,2968,82
2020-06-24,Santa Barbara,083,443738,3238,2569,23,2592,22
2020-06-24,Santa Clara,085,1922200,5237,3812,17,3829,155
2020-06-24,Santa Cruz,087,273765,406,329,0,329,2
2020-06-24,Shasta,089,179085,168,83,0,83,5
2020-06-24,Sierra,091,2930,1,1,0,1,0
2020-06-24,Siskiyou,093,43540,32,24,0,24,0
2020-06-24,Solano,095,438530,1535,979,6,985,21
2020-06-24,Sonoma,097,501317,1262,933,4,937,4
2020-06-24,Stanislaus,099,539301,3250,2039,6,2045,36
2020-06-24,Sutter,101,95872,159,118,0,118,2
2020-06-24,Tehama,103,63373,81,55,2,57,1
2020-06-24,Trinity,105,12862,16,2,3,5,0
2020-06-24,Tulare,107,460477,4891,3541,10,3551,116
2020-06-24,Tuolumne,109,53932,33,9,1,10,0
2020-06-24,Ventura,111,848112,3535,2314,15,2329,42
2020-06-24,Yolo,113,214977,575,376,3,379,24
2020-06-24,Yuba,115,75493,58,37,0,37,1
2020-06-23,Alameda,001,1643700,6166,5159,7,5166,121
2020-06-23,Alpine,003,1148,1,1,0,1,0
2020-06-23,Amador,005,37829,22,13,0,13,0
2020-06-23,Butte,007,227075,205,111,10,121,1
2020-06-23,Calaveras,009,45235,40,26,0,26,0
2020-06-23,Colusa,011,21464,40,7,0,7,0
2020-06-23,Contra Costa,013,1133247,3117,2453,3,2456,60
2020-06-23,Del Norte,015,27424,48,46,0,46,0
2020-06-23,El Dorado,017,186661,229,142,1,143,0
2020-06-23,Fresno,019,978130,7551,3569,70,3639,67
2020-06-23,Glenn,021,27897,120,47,0,47,0
2020-06-23,Humboldt,023,135768,151,110,0,110,3
2020-06-23,Imperial,025,180216,7339,5025,4,5029,38
2020-06-23,Inyo,027,18085,29,26,0,26,1
2020-06-23,Kern,029,883053,6614,4087,18,4105,64
2020-06-23,Kings,031,150075,2451,1727,5,1732,16
2020-06-23,Lake,033,64148,60,40,0,40,0
2020-06-23,Lassen,035,31185,228,9,2,11,0
2020-06-23,Los Angeles,037,10098052,102822,88433,28,88461,3152
2020-06-23,Madera,039,155013,727,369,2,371,4
2020-06-23,Marin,041,260295,1974,1139,4,1143,17
2020-06-23,Mariposa,043,17540,26,18,0,18,1
2020-06-23,Mendocino,045,87422,78,61,0,61,0
2020-06-23,Merced,047,269075,1256,656,1,657,8
2020-06-23,Modoc,049,8938,1,0,0,0,0
2020-06-23,Mono,051,14174,42,35,0,35,1
2020-06-23,Monterey,053,433212,1780,1346,5,1351,12
2020-06-23,Napa,055,140530,360,230,0,230,3
2020-06-23,Nevada,057,99092,116,81,1,82,1
2020-06-23,Orange,059,3164182,18076,11071,150,11221,278
2020-06-23,Placer,061,380077,761,525,3,528,10
2020-06-23,Plumas,063,18699,9,6,0,6,0
2020-06-23,Riverside,065,2383286,19560,14469,25,14494,406
2020-06-23,Sacramento,067,1510023,3191,2374,5,2379,62
2020-06-23,San Benito,069,59416,237,167,0,167,2
2020-06-23,San Bernardino,071,2135413,15054,9771,9,9780,229
2020-06-23,San Diego,073,3302833,14564,11296,2,11298,341
2020-06-23,San Francisco,075,870044,3645,3177,1,3178,48
2020-06-23,San Joaquin,077,732212,3801,2502,3,2505,48
2020-06-23,San Luis Obispo,079,281455,683,445,5,450,1
2020-06-23,San Mateo,081,765935,3306,2907,4,2911,81
2020-06-23,Santa Barbara,083,443738,3143,2498,23,2521,22
2020-06-23,Santa Clara,085,1922200,5092,3700,17,3717,155
2020-06-23,Santa Cruz,087,273765,396,313,0,313,2
2020-06-23,Shasta,089,179085,159,81,0,81,5
2020-06-23,Sierra,091,2930,1,1,0,1,0
2020-06-23,Siskiyou,093,43540,30,24,0,24,0
2020-06-23,Solano,095,438530,1478,941,5,946,21
2020-06-23,Sonoma,097,501317,1209,912,4,916,4
2020-06-23,Stanislaus,099,539301,3073,1850,6,1856,35
2020-06-23,Sutter,101,95872,149,112,0,112,2
2020-06-23,Tehama,103,63373,79,50,2,52,1
2020-06-23,Trinity,105,12862,16,2,3,5,0
2020-06-23,Tulare,107,460477,4769,3456,10,3466,111
2020-06-23,Tuolumne,109,53932,28,9,0,9,0
2020-06-23,Ventura,111,848112,3375,2209,14,2223,40
2020-06-23,Yolo,113,214977,549,350,0,350,24
2020-06-23,Yuba,115,75493,55,35,0,35,1
2020-06-22,Alameda,001,1643700,6016,4944,7,4951,121
2020-06-22,Alpine,003,1148,1,1,0,1,0
2020-06-22,Amador,005,37829,19,12,0,12,0
2020-06-22,Butte,007,227075,186,104,10,114,1
2020-06-22,Calaveras,009,45235,38,20,0,20,0
2020-06-22,Colusa,011,21464,37,7,0,7,0
2020-06-22,Contra Costa,013,1133247,2975,2363,3,2366,60
2020-06-22,Del Norte,015,27424,48,46,0,46,0
2020-06-22,El Dorado,017,186661,220,137,1,138,0
2020-06-22,Fresno,019,978130,7019,3425,70,3495,67
2020-06-22,Glenn,021,27897,111,40,0,40,0
2020-06-22,Humboldt,023,135768,148,110,0,110,3
2020-06-22,Imperial,025,180216,7182,4700,4,4704,38
2020-06-22,Inyo,027,18085,29,26,0,26,1
2020-06-22,Kern,029,883053,6262,3982,16,3998,60
2020-06-22,Kings,031,150075,2402,1513,5,1518,13
2020-06-22,Lake,033,64148,54,37,0,37,0
2020-06-22,Lassen,035,31185,118,7,2,9,0
2020-06-22,Los Angeles,037,10098052,99920,85925,27,85952,3117
2020-06-22,Madera,039,155013,702,333,2,335,4
2020-06-22,Marin,041,260295,1717,1029,4,1033,17
2020-06-22,Mariposa,043,17540,25,18,0,18,1
2020-06-22,Mendocino,045,87422,73,48,0,48,0
2020-06-22,Merced,047,269075,1167,619,1,620,8
2020-06-22,Modoc,049,8938,1,0,0,0,0
2020-06-22,Mono,051,14174,42,34,0,34,1
2020-06-22,Monterey,053,433212,1719,1293,5,1298,12
2020-06-22,Napa,055,140530,336,222,0,222,3
2020-06-22,Nevada,057,99092,111,79,1,80,1
2020-06-22,Orange,059,3164182,17143,10711,147,10858,275
2020-06-22,Placer,061,380077,735,512,3,515,9
2020-06-22,Plumas,063,18699,7,6,0,6,0
2020-06-22,Riverside,065,2383286,18588,13948,25,13973,403
2020-06-22,Sacramento,067,1510023,2974,2243,5,2248,62
2020-06-22,San Benito,069,59416,228,164,0,164,2
2020-06-22,San Bernardino,071,2135413,14281,9133,9,9142,229
2020-06-22,San Diego,073,3302833,14072,11098,2,11100,338
2020-06-22,San Francisco,075,870044,3552,3000,1,3001,47
2020-06-22,San Joaquin,077,732212,3553,2332,3,2335,48
2020-06-22,San Luis Obispo,079,281455,650,422,5,427,1
2020-06-22,San Mateo,081,765935,3233,2813,3,2816,81
2020-06-22,Santa Barbara,083,443738,3051,2447,23,2470,21
2020-06-22,Santa Clara,085,1922200,4929,3580,17,3597,155
2020-06-22,Santa Cruz,087,273765,383,290,0,290,3
2020-06-22,Shasta,089,179085,156,77,0,77,5
2020-06-22,Sierra,091,2930,1,1,0,1,0
2020-06-22,Siskiyou,093,43540,30,23,0,23,0
2020-06-22,Solano,095,438530,1400,784,4,788,21
2020-06-22,Sonoma,097,501317,1165,860,2,862,4
2020-06-22,Stanislaus,099,539301,2888,1784,6,1790,35
2020-06-22,Sutter,101,95872,140,100,0,100,2
2020-06-22,Tehama,103,63373,75,38,2,40,1
2020-06-22,Trinity,105,12862,16,2,3,5,0
2020-06-22,Tulare,107,460477,4632,3185,10,3195,111
2020-06-22,Tuolumne,109,53932,19,8,0,8,0
2020-06-22,Ventura,111,848112,3227,2065,14,2079,39
2020-06-22,Yolo,113,214977,523,333,0,333,24
2020-06-22,Yuba,115,75493,50,36,0,36,1
2020-06-21,Alameda,001,1643700,5821,4835,7,4842,121
2020-06-21,Alpine,003,1148,1,1,0,1,0
2020-06-21,Amador,005,37829,14,12,0,12,0
2020-06-21,Butte,007,227075,172,97,10,107,1
2020-06-21,Calaveras,009,45235,38,20,0,20,0
2020-06-21,Colusa,011,21464,29,7,0,7,0
2020-06-21,Contra Costa,013,1133247,2848,2282,3,2285,60
2020-06-21,Del Norte,015,27424,47,46,0,46,0
2020-06-21,El Dorado,017,186661,211,132,1,133,0
2020-06-21,Fresno,019,978130,6449,3296,68,3364,67
2020-06-21,Glenn,021,27897,102,40,0,40,0
2020-06-21,Humboldt,023,135768,143,108,0,108,3
2020-06-21,Imperial,025,180216,6999,4701,4,4705,38
2020-06-21,Inyo,027,18085,27,26,0,26,1
2020-06-21,Kern,029,883053,5970,3918,14,3932,60
2020-06-21,Kings,031,150075,2338,1334,5,1339,11
2020-06-21,Lake,033,64148,49,36,0,36,0
2020-06-21,Lassen,035,31185,25,7,2,9,0
2020-06-21,Los Angeles,037,10098052,97029,83383,26,83409,3101
2020-06-21,Madera,039,155013,668,319,2,321,4
2020-06-21,Marin,041,260295,1560,907,4,911,17
2020-06-21,Mariposa,043,17540,22,18,0,18,1
2020-06-21,Mendocino,045,87422,70,48,0,48,0
2020-06-21,Merced,047,269075,1072,577,1,578,8
2020-06-21,Modoc,049,8938,1,0,0,0,0
2020-06-21,Mono,051,14174,42,34,0,34,1
2020-06-21,Monterey,053,433212,1646,1227,5,1232,12
2020-06-21,Napa,055,140530,321,218,0,218,3
2020-06-21,Nevada,057,99092,108,79,1,80,1
2020-06-21,Orange,059,3164182,16310,10563,144,10707,275
2020-06-21,Placer,061,380077,695,498,3,501,9
2020-06-21,Plumas,063,18699,7,6,0,6,0
2020-06-21,Riverside,065,2383286,17881,13528,24,13552,402
2020-06-21,Sacramento,067,1510023,2773,2156,4,2160,62
2020-06-21,San Benito,069,59416,214,151,0,151,2
2020-06-21,San Bernardino,071,2135413,13506,8925,8,8933,229
2020-06-21,San Diego,073,3302833,13526,10796,2,10798,338
2020-06-21,San Francisco,075,870044,3446,3000,1,3001,47
2020-06-21,San Joaquin,077,732212,3317,2188,3,2191,48
2020-06-21,San Luis Obispo,079,281455,624,418,5,423,1
2020-06-21,San Mateo,081,765935,3175,2781,3,2784,81
2020-06-21,Santa Barbara,083,443738,2944,2430,22,2452,21
2020-06-21,Santa Clara,085,1922200,4792,3514,17,3531,154
2020-06-21,Santa Cruz,087,273765,373,290,0,290,3
2020-06-21,Shasta,089,179085,146,75,0,75,5
2020-06-21,Sierra,091,2930,1,1,0,1,0
2020-06-21,Siskiyou,093,43540,30,23,0,23,0
2020-06-21,Solano,095,438530,1300,783,4,787,21
2020-06-21,Sonoma,097,501317,1115,836,2,838,4
2020-06-21,Stanislaus,099,539301,2702,1688,6,1694,35
2020-06-21,Sutter,101,95872,132,96,0,96,2
2020-06-21,Tehama,103,63373,64,35,2,37,1
2020-06-21,Trinity,105,12862,15,2,3,5,0
2020-06-21,Tulare,107,460477,4463,3173,10,3183,111
2020-06-21,Tuolumne,109,53932,17,8,0,8,0
2020-06-21,Ventura,111,848112,3049,2021,14,2035,39
2020-06-21,Yolo,113,214977,491,323,0,323,24
2020-06-21,Yuba,115,75493,46,35,0,35,1
2020-06-20,Alameda,001,1643700,5759,4758,7,4765,119
2020-06-20,Alpine,003,1148,1,1,0,1,0
2020-06-20,Amador,005,37829,14,12,0,12,0
2020-06-20,Butte,007,227075,165,94,10,104,1
2020-06-20,Calaveras,009,45235,38,20,0,20,0
2020-06-20,Colusa,011,21464,26,7,0,7,0
2020-06-20,Contra Costa,013,1133247,2789,2231,3,2234,54
2020-06-20,Del Norte,015,27424,47,46,0,46,0
2020-06-20,El Dorado,017,186661,206,130,1,131,0
2020-06-20,Fresno,019,978130,6323,3222,65,3287,67
2020-06-20,Glenn,021,27897,97,40,0,40,0
2020-06-20,Humboldt,023,135768,143,108,0,108,3
2020-06-20,Imperial,025,180216,6918,4616,4,4620,37
2020-06-20,Inyo,027,18085,27,26,0,26,1
2020-06-20,Kern,029,883053,5805,3836,14,3850,59
2020-06-20,Kings,031,150075,2314,1331,5,1336,9
2020-06-20,Lake,033,64148,49,37,0,37,0
2020-06-20,Lassen,035,31185,24,7,2,9,0
2020-06-20,Los Angeles,037,10098052,95455,81604,25,81629,3093
2020-06-20,Madera,039,155013,635,321,2,323,4
2020-06-20,Marin,041,260295,1540,879,4,883,17
2020-06-20,Mariposa,043,17540,22,18,0,18,1
2020-06-20,Mendocino,045,87422,69,48,0,48,0
2020-06-20,Merced,047,269075,1032,566,1,567,8
2020-06-20,Modoc,049,8938,1,0,0,0,0
2020-06-20,Mono,051,14174,42,34,0,34,1
2020-06-20,Monterey,053,433212,1610,1181,5,1186,12
2020-06-20,Napa,055,140530,312,212,0,212,3
2020-06-20,Nevada,057,99092,105,73,1,74,1
2020-06-20,Orange,059,3164182,15960,10284,140,10424,273
2020-06-20,Placer,061,380077,670,483,3,486,9
2020-06-20,Plumas,063,18699,6,6,0,6,0
2020-06-20,Riverside,065,2383286,17581,13021,24,13045,402
2020-06-20,Sacramento,067,1510023,2702,2069,4,2073,63
2020-06-20,San Benito,069,59416,210,139,0,139,2
2020-06-20,San Bernardino,071,2135413,13142,8718,8,8726,229
2020-06-20,San Diego,073,3302833,13203,10486,2,10488,338
2020-06-20,San Francisco,075,870044,3402,2999,1,3000,47
2020-06-20,San Joaquin,077,732212,3235,2046,3,2049,48
2020-06-20,San Luis Obispo,079,281455,610,405,5,410,1
2020-06-20,San Mateo,081,765935,3127,2755,3,2758,81
2020-06-20,Santa Barbara,083,443738,2887,2358,21,2379,21
2020-06-20,Santa Clara,085,1922200,4718,3435,17,3452,154
2020-06-20,Santa Cruz,087,273765,371,287,0,287,3
2020-06-20,Shasta,089,179085,140,66,0,66,5
2020-06-20,Sierra,091,2930,1,1,0,1,0
2020-06-20,Siskiyou,093,43540,29,22,0,22,0
2020-06-20,Solano,095,438530,1276,784,4,788,21
2020-06-20,Sonoma,097,501317,1079,806,2,808,4
2020-06-20,Stanislaus,099,539301,2594,1598,6,1604,35
2020-06-20,Sutter,101,95872,130,89,0,89,2
2020-06-20,Tehama,103,63373,62,35,2,37,1
2020-06-20,Trinity,105,12862,15,2,3,5,0
2020-06-20,Tulare,107,460477,4390,3172,10,3182,111
2020-06-20,Tuolumne,109,53932,14,8,0,8,0
2020-06-20,Ventura,111,848112,2983,1946,14,1960,37
2020-06-20,Yolo,113,214977,475,309,0,309,24
2020-06-20,Yuba,115,75493,44,34,0,34,1
2020-06-19,Alameda,001,1643700,5686,4646,7,4653,119
2020-06-19,Alpine,003,1148,1,1,0,1,0
2020-06-19,Amador,005,37829,14,12,0,12,0
2020-06-19,Butte,007,227075,160,91,10,101,1
2020-06-19,Calaveras,009,45235,37,20,0,20,0
2020-06-19,Colusa,011,21464,24,7,0,7,0
2020-06-19,Contra Costa,013,1133247,2709,2106,3,2109,54
2020-06-19,Del Norte,015,27424,47,46,0,46,0
2020-06-19,El Dorado,017,186661,198,124,1,125,0
2020-06-19,Fresno,019,978130,6161,3109,64,3173,61
2020-06-19,Glenn,021,27897,91,40,0,40,0
2020-06-19,Humboldt,023,135768,141,106,0,106,3
2020-06-19,Imperial,025,180216,6826,4504,4,4508,36
2020-06-19,Inyo,027,18085,27,26,0,26,1
2020-06-19,Kern,029,883053,5582,3742,13,3755,57
2020-06-19,Kings,031,150075,2293,1285,5,1290,9
2020-06-19,Lake,033,64148,46,36,0,36,0
2020-06-19,Lassen,035,31185,23,7,2,9,0
2020-06-19,Los Angeles,037,10098052,93465,79572,24,79596,3047
2020-06-19,Madera,039,155013,616,300,2,302,4
2020-06-19,Marin,041,260295,1511,829,4,833,17
2020-06-19,Mariposa,043,17540,21,18,0,18,1
2020-06-19,Mendocino,045,87422,68,48,0,48,0
2020-06-19,Merced,047,269075,987,529,1,530,8
2020-06-19,Modoc,049,8938,1,0,0,0,0
2020-06-19,Mono,051,14174,42,34,0,34,1
2020-06-19,Monterey,053,433212,1581,1159,5,1164,12
2020-06-19,Napa,055,140530,302,209,0,209,3
2020-06-19,Nevada,057,99092,102,71,1,72,1
2020-06-19,Orange,059,3164182,15427,9972,133,10105,260
2020-06-19,Placer,061,380077,652,464,3,467,9
2020-06-19,Plumas,063,18699,6,5,0,5,0
2020-06-19,Riverside,065,2383286,17175,12710,24,12734,398
2020-06-19,Sacramento,067,1510023,2619,1976,4,1980,64
2020-06-19,San Benito,069,59416,209,136,0,136,2
2020-06-19,San Bernardino,071,2135413,12737,8454,7,8461,226
2020-06-19,San Diego,073,3302833,12840,10352,2,10354,332
2020-06-19,San Francisco,075,870044,3347,2968,1,2969,47
2020-06-19,San Joaquin,077,732212,3112,1969,3,1972,48
2020-06-19,San Luis Obispo,079,281455,594,392,5,397,1
2020-06-19,San Mateo,081,765935,3088,2713,3,2716,81
2020-06-19,Santa Barbara,083,443738,2814,2284,19,2303,21
2020-06-19,Santa Clara,085,1922200,4644,3376,17,3393,154
2020-06-19,Santa Cruz,087,273765,361,283,0,283,3
2020-06-19,Shasta,089,179085,137,58,0,58,5
2020-06-19,Sierra,091,2930,1,1,0,1,0
2020-06-19,Siskiyou,093,43540,29,21,0,21,0
2020-06-19,Solano,095,438530,1238,755,4,759,21
2020-06-19,Sonoma,097,501317,1052,803,2,805,4
2020-06-19,Stanislaus,099,539301,2484,1549,6,1555,35
2020-06-19,Sutter,101,95872,129,89,0,89,2
2020-06-19,Tehama,103,63373,61,35,2,37,1
2020-06-19,Trinity,105,12862,15,2,3,5,0
2020-06-19,Tulare,107,460477,4320,3053,10,3063,107
2020-06-19,Tuolumne,109,53932,13,8,0,8,0
2020-06-19,Ventura,111,848112,2899,1865,14,1879,37
2020-06-19,Yolo,113,214977,456,303,0,303,24
2020-06-19,Yuba,115,75493,43,33,0,33,1
2020-06-18,Alameda,001,1643700,5557,4589,7,4596,118
2020-06-18,Alpine,003,1148,1,1,0,1,0
2020-06-18,Amador,005,37829,13,12,0,12,0
2020-06-18,Butte,007,227075,155,88,10,98,1
2020-06-18,Calaveras,009,45235,37,20,0,20,0
2020-06-18,Colusa,011,21464,20,7,0,7,0
2020-06-18,Contra Costa,013,1133247,2602,2072,3,2075,53
2020-06-18,Del Norte,015,27424,47,46,0,46,0
2020-06-18,El Dorado,017,186661,194,121,1,122,0
2020-06-18,Fresno,019,978130,5895,2947,63,3010,57
2020-06-18,Glenn,021,27897,82,35,0,35,0
2020-06-18,Humboldt,023,135768,140,106,0,106,3
2020-06-18,Imperial,025,180216,6676,4366,4,4370,36
2020-06-18,Inyo,027,18085,26,25,0,25,1
2020-06-18,Kern,029,883053,5364,3634,13,3647,57
2020-06-18,Kings,031,150075,2234,1141,5,1146,8
2020-06-18,Lake,033,64148,45,36,0,36,0
2020-06-18,Lassen,035,31185,22,5,2,7,0
2020-06-18,Los Angeles,037,10098052,91198,78244,24,78268,3009
2020-06-18,Madera,039,155013,581,288,2,290,4
2020-06-18,Marin,041,260295,1448,819,4,823,17
2020-06-18,Mariposa,043,17540,19,18,0,18,1
2020-06-18,Mendocino,045,87422,64,45,0,45,0
2020-06-18,Merced,047,269075,935,486,1,487,7
2020-06-18,Modoc,049,8938,1,0,0,0,0
2020-06-18,Mono,051,14174,42,34,0,34,1
2020-06-18,Monterey,053,433212,1513,1127,5,1132,12
2020-06-18,Napa,055,140530,287,205,0,205,3
2020-06-18,Nevada,057,99092,98,68,1,69,1
2020-06-18,Orange,059,3164182,14772,9597,114,9711,255
2020-06-18,Placer,061,380077,629,457,3,460,9
2020-06-18,Plumas,063,18699,6,5,0,5,0
2020-06-18,Riverside,065,2383286,16559,12410,24,12434,392
2020-06-18,Sacramento,067,1510023,2503,1938,4,1942,63
2020-06-18,San Benito,069,59416,203,134,0,134,2
2020-06-18,San Bernardino,071,2135413,12096,8141,7,8148,226
2020-06-18,San Diego,073,3302833,12418,10094,2,10096,331
2020-06-18,San Francisco,075,870044,3298,2951,1,2952,47
2020-06-18,San Joaquin,077,732212,2960,1908,3,1911,47
2020-06-18,San Luis Obispo,079,281455,574,378,5,383,1
2020-06-18,San Mateo,081,765935,3049,2674,3,2677,78
2020-06-18,Santa Barbara,083,443738,2740,2201,19,2220,19
2020-06-18,Santa Clara,085,1922200,4541,3338,17,3355,152
2020-06-18,Santa Cruz,087,273765,344,275,0,275,3
2020-06-18,Shasta,089,179085,126,51,0,51,4
2020-06-18,Sierra,091,2930,1,1,0,1,0
2020-06-18,Siskiyou,093,43540,29,18,0,18,0
2020-06-18,Solano,095,438530,1200,735,4,739,21
2020-06-18,Sonoma,097,501317,1010,789,2,791,4
2020-06-18,Stanislaus,099,539301,2351,1495,6,1501,35
2020-06-18,Sutter,101,95872,125,85,0,85,2
2020-06-18,Tehama,103,63373,56,31,2,33,1
2020-06-18,Trinity,105,12862,15,2,3,5,0
2020-06-18,Tulare,107,460477,4197,3005,10,3015,107
2020-06-18,Tuolumne,109,53932,12,8,0,8,0
2020-06-18,Ventura,111,848112,2773,1781,14,1795,37
2020-06-18,Yolo,113,214977,423,294,0,294,24
2020-06-18,Yuba,115,75493,42,32,0,32,1
2020-06-17,Alameda,001,1643700,5435,4485,7,4492,117
2020-06-17,Alpine,003,1148,1,1,0,1,0
2020-06-17,Amador,005,37829,12,10,0,10,0
2020-06-17,Butte,007,227075,146,81,10,91,1
2020-06-17,Calaveras,009,45235,37,20,0,20,0
2020-06-17,Colusa,011,21464,19,7,0,7,0
2020-06-17,Contra Costa,013,1133247,2505,2020,3,2023,45
2020-06-17,Del Norte,015,27424,47,45,0,45,0
2020-06-17,El Dorado,017,186661,187,116,1,117,0
2020-06-17,Fresno,019,978130,5669,2801,61,2862,56
2020-06-17,Glenn,021,27897,75,31,0,31,0
2020-06-17,Humboldt,023,135768,138,105,0,105,3
2020-06-17,Imperial,025,180216,6503,4108,4,4112,36
2020-06-17,Inyo,027,18085,25,25,0,25,1
2020-06-17,Kern,029,883053,5163,3547,13,3560,56
2020-06-17,Kings,031,150075,2204,1097,5,1102,7
2020-06-17,Lake,033,64148,44,32,0,32,0
2020-06-17,Lassen,035,31185,18,5,2,7,0
2020-06-17,Los Angeles,037,10098052,88890,77166,23,77189,2973
2020-06-17,Madera,039,155013,559,258,2,260,4
2020-06-17,Marin,041,260295,1256,771,3,774,17
2020-06-17,Mariposa,043,17540,18,18,0,18,1
2020-06-17,Mendocino,045,87422,62,42,0,42,0
2020-06-17,Merced,047,269075,863,460,1,461,7
2020-06-17,Modoc,049,8938,1,0,0,0,0
2020-06-17,Mono,051,14174,42,34,0,34,1
2020-06-17,Monterey,053,433212,1461,1077,5,1082,12
2020-06-17,Napa,055,140530,272,202,0,202,3
2020-06-17,Nevada,057,99092,94,57,1,58,1
2020-06-17,Orange,059,3164182,14165,9278,108,9386,230
2020-06-17,Placer,061,380077,609,427,3,430,9
2020-06-17,Plumas,063,18699,6,5,0,5,0
2020-06-17,Riverside,065,2383286,15923,11859,24,11883,370
2020-06-17,Sacramento,067,1510023,2396,1889,4,1893,63
2020-06-17,San Benito,069,59416,198,116,0,116,2
2020-06-17,San Bernardino,071,2135413,11547,7670,7,7677,225
2020-06-17,San Diego,073,3302833,12039,9856,2,9858,327
2020-06-17,San Francisco,075,870044,3259,2906,1,2907,46
2020-06-17,San Joaquin,077,732212,2787,1825,3,1828,46
2020-06-17,San Luis Obispo,079,281455,555,362,5,367,1
2020-06-17,San Mateo,081,765935,3002,2649,3,2652,78
2020-06-17,Santa Barbara,083,443738,2668,2147,17,2164,19
2020-06-17,Santa Clara,085,1922200,4448,3264,16,3280,148
2020-06-17,Santa Cruz,087,273765,338,265,0,265,2
2020-06-17,Shasta,089,179085,124,51,0,51,4
2020-06-17,Sierra,091,2930,1,1,0,1,0
2020-06-17,Siskiyou,093,43540,28,16,0,16,0
2020-06-17,Solano,095,438530,1150,722,4,726,21
2020-06-17,Sonoma,097,501317,985,748,2,750,4
2020-06-17,Stanislaus,099,539301,2227,1387,6,1393,35
2020-06-17,Sutter,101,95872,119,79,0,79,2
2020-06-17,Tehama,103,63373,41,24,2,26,1
2020-06-17,Trinity,105,12862,14,2,3,5,0
2020-06-17,Tulare,107,460477,4087,2882,10,2892,106
2020-06-17,Tuolumne,109,53932,12,7,0,7,0
2020-06-17,Ventura,111,848112,2673,1729,14,1743,37
2020-06-17,Yolo,113,214977,403,277,0,277,24
2020-06-17,Yuba,115,75493,41,30,0,30,1
2020-06-16,Alameda,001,1643700,5317,4428,7,4435,113
2020-06-16,Alpine,003,1148,1,1,0,1,0
2020-06-16,Amador,005,37829,12,10,0,10,0
2020-06-16,Butte,007,227075,142,79,10,89,1
2020-06-16,Calaveras,009,45235,34,19,0,19,0
2020-06-16,Colusa,011,21464,16,7,0,7,0
2020-06-16,Contra Costa,013,1133247,2413,1971,2,1973,45
2020-06-16,Del Norte,015,27424,47,45,0,45,0
2020-06-16,El Dorado,017,186661,181,115,1,116,0
2020-06-16,Fresno,019,978130,5431,2731,59,2790,50
2020-06-16,Glenn,021,27897,71,30,0,30,0
2020-06-16,Humboldt,023,135768,135,105,0,105,3
2020-06-16,Imperial,025,180216,6344,3939,4,3943,36
2020-06-16,Inyo,027,18085,25,24,0,24,1
2020-06-16,Kern,029,883053,4939,3496,13,3509,55
2020-06-16,Kings,031,150075,2158,1044,5,1049,6
2020-06-16,Lake,033,64148,44,31,0,31,0
2020-06-16,Lassen,035,31185,15,5,2,7,0
2020-06-16,Los Angeles,037,10098052,86568,75051,23,75074,2942
2020-06-16,Madera,039,155013,533,239,2,241,3
2020-06-16,Marin,041,260295,1203,725,3,728,17
2020-06-16,Mariposa,043,17540,18,17,0,17,1
2020-06-16,Mendocino,045,87422,61,35,0,35,0
2020-06-16,Merced,047,269075,815,436,1,437,7
2020-06-16,Modoc,049,8938,1,0,0,0,0
2020-06-16,Mono,051,14174,42,34,0,34,1
2020-06-16,Monterey,053,433212,1413,1019,5,1024,12
2020-06-16,Napa,055,140530,257,196,0,196,3
2020-06-16,Nevada,057,99092,91,53,1,54,1
2020-06-16,Orange,059,3164182,13581,9163,102,9265,223
2020-06-16,Placer,061,380077,577,392,3,395,9
2020-06-16,Plumas,063,18699,6,5,0,5,0
2020-06-16,Riverside,065,2383286,15248,11638,24,11662,364
2020-06-16,Sacramento,067,1510023,2286,1825,4,1829,60
2020-06-16,San Benito,069,59416,190,110,0,110,2
2020-06-16,San Bernardino,071,2135413,11003,7463,7,7470,225
2020-06-16,San Diego,073,3302833,11677,9732,1,9733,323
2020-06-16,San Francisco,075,870044,3208,2893,1,2894,46
2020-06-16,San Joaquin,077,732212,2634,1718,3,1721,47
2020-06-16,San Luis Obispo,079,281455,531,343,5,348,1
2020-06-16,San Mateo,081,765935,2948,2618,3,2621,77
2020-06-16,Santa Barbara,083,443738,2601,2090,17,2107,16
2020-06-16,Santa Clara,085,1922200,4337,3228,15,3243,148
2020-06-16,Santa Cruz,087,273765,322,257,0,257,2
2020-06-16,Shasta,089,179085,115,51,0,51,4
2020-06-16,Sierra,091,2930,1,1,0,1,0
2020-06-16,Siskiyou,093,43540,27,15,0,15,0
2020-06-16,Solano,095,438530,1060,694,4,698,19
2020-06-16,Sonoma,097,501317,953,739,2,741,4
2020-06-16,Stanislaus,099,539301,2073,1278,6,1284,36
2020-06-16,Sutter,101,95872,112,73,0,73,2
2020-06-16,Tehama,103,63373,37,24,2,26,1
2020-06-16,Trinity,105,12862,14,2,3,5,0
2020-06-16,Tulare,107,460477,3969,2802,10,2812,96
2020-06-16,Tuolumne,109,53932,12,7,0,7,0
2020-06-16,Ventura,111,848112,2573,1676,14,1690,37
2020-06-16,Yolo,113,214977,380,262,0,262,24
2020-06-16,Yuba,115,75493,39,29,0,29,1
2020-06-15,Alameda,001,1643700,5190,4323,7,4330,112
2020-06-15,Alpine,003,1148,1,1,0,1,0
2020-06-15,Amador,005,37829,12,10,0,10,0
2020-06-15,Butte,007,227075,134,78,10,88,1
2020-06-15,Calaveras,009,45235,34,18,0,18,0
2020-06-15,Colusa,011,21464,14,7,0,7,0
2020-06-15,Contra Costa,013,1133247,2337,1918,2,1920,43
2020-06-15,Del Norte,015,27424,47,45,0,45,0
2020-06-15,El Dorado,017,186661,171,114,1,115,0
2020-06-15,Fresno,019,978130,5219,2616,58,2674,48
2020-06-15,Glenn,021,27897,66,21,0,21,0
2020-06-15,Humboldt,023,135768,133,105,0,105,3
2020-06-15,Imperial,025,180216,6169,3726,4,3730,36
2020-06-15,Inyo,027,18085,25,23,0,23,1
2020-06-15,Kern,029,883053,4716,3417,13,3430,55
2020-06-15,Kings,031,150075,2082,1022,5,1027,6
2020-06-15,Lake,033,64148,44,31,0,31,0
2020-06-15,Lassen,035,31185,15,5,2,7,0
2020-06-15,Los Angeles,037,10098052,84382,73705,23,73728,2908
2020-06-15,Madera,039,155013,511,203,2,205,3
2020-06-15,Marin,041,260295,1036,708,3,711,17
2020-06-15,Mariposa,043,17540,18,17,0,17,1
2020-06-15,Mendocino,045,87422,52,33,0,33,0
2020-06-15,Merced,047,269075,769,414,1,415,7
2020-06-15,Modoc,049,8938,1,0,0,0,0
2020-06-15,Mono,051,14174,42,34,0,34,1
2020-06-15,Monterey,053,433212,1347,998,5,1003,12
2020-06-15,Napa,055,140530,249,187,0,187,3
2020-06-15,Nevada,057,99092,85,52,1,53,1
2020-06-15,Orange,059,3164182,13012,8944,94,9038,212
2020-06-15,Placer,061,380077,555,386,3,389,9
2020-06-15,Plumas,063,18699,6,4,0,4,0
2020-06-15,Riverside,065,2383286,14630,11376,23,11399,364
2020-06-15,Sacramento,067,1510023,2170,1791,4,1795,60
2020-06-15,San Benito,069,59416,184,108,0,108,2
2020-06-15,San Bernardino,071,2135413,10500,7189,7,7196,224
2020-06-15,San Diego,073,3302833,11337,9612,1,9613,320
2020-06-15,San Francisco,075,870044,3164,2833,1,2834,45
2020-06-15,San Joaquin,077,732212,2498,1667,3,1670,43
2020-06-15,San Luis Obispo,079,281455,516,332,5,337,1
2020-06-15,San Mateo,081,765935,2901,2591,3,2594,75
2020-06-15,Santa Barbara,083,443738,2533,2054,17,2071,16
2020-06-15,Santa Clara,085,1922200,4237,3204,15,3219,148
2020-06-15,Santa Cruz,087,273765,311,254,0,254,2
2020-06-15,Shasta,089,179085,109,50,0,50,4
2020-06-15,Sierra,091,2930,1,1,0,1,0
2020-06-15,Siskiyou,093,43540,26,14,0,14,0
2020-06-15,Solano,095,438530,1000,638,4,642,19
2020-06-15,Sonoma,097,501317,924,726,2,728,4
2020-06-15,Stanislaus,099,539301,1956,1253,6,1259,35
2020-06-15,Sutter,101,95872,102,71,0,71,2
2020-06-15,Tehama,103,63373,37,17,2,19,1
2020-06-15,Trinity,105,12862,13,2,3,5,0
2020-06-15,Tulare,107,460477,3855,2662,10,2672,96
2020-06-15,Tuolumne,109,53932,11,7,0,7,0
2020-06-15,Ventura,111,848112,2492,1656,14,1670,37
2020-06-15,Yolo,113,214977,360,255,0,255,24
2020-06-15,Yuba,115,75493,39,28,0,28,1
2020-06-14,Alameda,001,1643700,5043,4271,7,4278,112
2020-06-14,Alpine,003,1148,1,1,0,1,0
2020-06-14,Amador,005,37829,12,10,0,10,0
2020-06-14,Butte,007,227075,126,78,10,88,1
2020-06-14,Calaveras,009,45235,33,18,0,18,0
2020-06-14,Colusa,011,21464,13,7,0,7,0
2020-06-14,Contra Costa,013,1133247,2269,1893,2,1895,43
2020-06-14,Del Norte,015,27424,47,45,0,45,0
2020-06-14,El Dorado,017,186661,167,110,1,111,0
2020-06-14,Fresno,019,978130,5034,2585,57,2642,48
2020-06-14,Glenn,021,27897,51,21,0,21,0
2020-06-14,Humboldt,023,135768,129,105,0,105,3
2020-06-14,Imperial,025,180216,5938,3730,4,3734,36
2020-06-14,Inyo,027,18085,24,23,0,23,1
2020-06-14,Kern,029,883053,4505,3328,13,3341,55
2020-06-14,Kings,031,150075,2031,1022,4,1026,6
2020-06-14,Lake,033,64148,41,31,0,31,0
2020-06-14,Lassen,035,31185,15,5,2,7,0
2020-06-14,Los Angeles,037,10098052,82063,72932,22,72954,2887
2020-06-14,Madera,039,155013,492,203,2,205,3
2020-06-14,Marin,041,260295,871,689,2,691,17
2020-06-14,Mariposa,043,17540,18,16,0,16,1
2020-06-14,Mendocino,045,87422,49,33,0,33,0
2020-06-14,Merced,047,269075,718,403,1,404,7
2020-06-14,Modoc,049,8938,1,0,0,0,0
2020-06-14,Mono,051,14174,42,34,0,34,1
2020-06-14,Monterey,053,433212,1286,949,5,954,12
2020-06-14,Napa,055,140530,227,181,0,181,3
2020-06-14,Nevada,057,99092,81,52,1,53,1
2020-06-14,Orange,059,3164182,12584,8744,90,8834,211
2020-06-14,Placer,061,380077,529,369,3,372,9
2020-06-14,Plumas,063,18699,5,4,0,4,0
2020-06-14,Riverside,065,2383286,14187,11218,23,11241,364
2020-06-14,Sacramento,067,1510023,2083,1750,4,1754,60
2020-06-14,San Benito,069,59416,173,104,0,104,2
2020-06-14,San Bernardino,071,2135413,9961,7015,7,7022,224
2020-06-14,San Diego,073,3302833,10962,9442,1,9443,319
2020-06-14,San Francisco,075,870044,3124,2834,1,2835,45
2020-06-14,San Joaquin,077,732212,2347,1603,3,1606,43
2020-06-14,San Luis Obispo,079,281455,501,330,5,335,1
2020-06-14,San Mateo,081,765935,2843,2571,3,2574,75
2020-06-14,Santa Barbara,083,443738,2456,2049,17,2066,17
2020-06-14,Santa Clara,085,1922200,4142,3178,15,3193,148
2020-06-14,Santa Cruz,087,273765,297,254,0,254,2
2020-06-14,Shasta,089,179085,103,48,0,48,4
2020-06-14,Sierra,091,2930,1,1,0,1,0
2020-06-14,Siskiyou,093,43540,25,13,0,13,0
2020-06-14,Solano,095,438530,951,638,4,642,19
2020-06-14,Sonoma,097,501317,896,724,2,726,4
2020-06-14,Stanislaus,099,539301,1807,1159,6,1165,35
2020-06-14,Sutter,101,95872,97,63,0,63,2
2020-06-14,Tehama,103,63373,34,17,2,19,1
2020-06-14,Trinity,105,12862,13,2,3,5,0
2020-06-14,Tulare,107,460477,3721,2646,10,2656,96
2020-06-14,Tuolumne,109,53932,11,7,0,7,0
2020-06-14,Ventura,111,848112,2393,1610,13,1623,37
2020-06-14,Yolo,113,214977,344,254,0,254,24
2020-06-14,Yuba,115,75493,38,28,0,28,1
2020-06-13,Alameda,001,1643700,4980,4196,7,4203,112
2020-06-13,Alpine,003,1148,1,1,0,1,0
2020-06-13,Amador,005,37829,11,10,0,10,0
2020-06-13,Butte,007,227075,117,72,10,82,1
2020-06-13,Calaveras,009,45235,31,18,0,18,0
2020-06-13,Colusa,011,21464,12,7,0,7,0
2020-06-13,Contra Costa,013,1133247,2233,1868,2,1870,43
2020-06-13,Del Norte,015,27424,47,45,0,45,0
2020-06-13,El Dorado,017,186661,163,110,1,111,0
2020-06-13,Fresno,019,978130,4936,2499,57,2556,48
2020-06-13,Glenn,021,27897,49,21,0,21,0
2020-06-13,Humboldt,023,135768,128,104,0,104,3
2020-06-13,Imperial,025,180216,5865,3646,4,3650,36
2020-06-13,Inyo,027,18085,24,23,0,23,1
2020-06-13,Kern,029,883053,4396,3239,13,3252,55
2020-06-13,Kings,031,150075,2011,1023,4,1027,6
2020-06-13,Lake,033,64148,40,29,0,29,0
2020-06-13,Lassen,035,31185,15,5,2,7,0
2020-06-13,Los Angeles,037,10098052,81022,71938,22,71960,2874
2020-06-13,Madera,039,155013,488,203,2,205,3
2020-06-13,Marin,041,260295,840,677,2,679,17
2020-06-13,Mariposa,043,17540,18,16,0,16,1
2020-06-13,Mendocino,045,87422,49,33,0,33,0
2020-06-13,Merced,047,269075,700,376,1,377,7
2020-06-13,Modoc,049,8938,1,0,0,0,0
2020-06-13,Mono,051,14174,42,35,0,35,1
2020-06-13,Monterey,053,433212,1248,900,5,905,11
2020-06-13,Napa,055,140530,224,171,0,171,3
2020-06-13,Nevada,057,99092,79,52,1,53,1
2020-06-13,Orange,059,3164182,12340,8581,87,8668,211
2020-06-13,Placer,061,380077,512,346,3,349,9
2020-06-13,Plumas,063,18699,5,4,0,4,0
2020-06-13,Riverside,065,2383286,13908,10931,23,10954,364
2020-06-13,Sacramento,067,1510023,2028,1713,4,1717,60
2020-06-13,San Benito,069,59416,166,99,0,99,2
2020-06-13,San Bernardino,071,2135413,9738,6885,7,6892,224
2020-06-13,San Diego,073,3302833,10790,9316,1,9317,319
2020-06-13,San Francisco,075,870044,3104,2834,1,2835,44
2020-06-13,San Joaquin,077,732212,2266,1461,3,1464,43
2020-06-13,San Luis Obispo,079,281455,490,326,5,331,1
2020-06-13,San Mateo,081,765935,2820,2551,3,2554,75
2020-06-13,Santa Barbara,083,443738,2398,1999,17,2016,15
2020-06-13,Santa Clara,085,1922200,4099,3141,15,3156,148
2020-06-13,Santa Cruz,087,273765,291,254,0,254,2
2020-06-13,Shasta,089,179085,101,48,0,48,4
2020-06-13,Sierra,091,2930,1,1,0,1,0
2020-06-13,Siskiyou,093,43540,25,13,0,13,0
2020-06-13,Solano,095,438530,923,637,4,641,19
2020-06-13,Sonoma,097,501317,881,711,2,713,4
2020-06-13,Stanislaus,099,539301,1750,1122,6,1128,33
2020-06-13,Sutter,101,95872,96,62,0,62,2
2020-06-13,Tehama,103,63373,33,17,2,19,1
2020-06-13,Trinity,105,12862,13,2,3,5,0
2020-06-13,Tulare,107,460477,3689,2626,10,2636,96
2020-06-13,Tuolumne,109,53932,10,7,0,7,0
2020-06-13,Ventura,111,848112,2347,1567,13,1580,37
2020-06-13,Yolo,113,214977,324,251,0,251,24
2020-06-13,Yuba,115,75493,38,28,0,28,1
2020-06-12,Alameda,001,1643700,4907,4167,7,4174,109
2020-06-12,Alpine,003,1148,1,1,0,1,0
2020-06-12,Amador,005,37829,11,10,0,10,0
2020-06-12,Butte,007,227075,113,71,9,80,1
2020-06-12,Calaveras,009,45235,28,18,0,18,0
2020-06-12,Colusa,011,21464,12,7,0,7,0
2020-06-12,Contra Costa,013,1133247,2196,1827,2,1829,43
2020-06-12,Del Norte,015,27424,47,45,0,45,0
2020-06-12,El Dorado,017,186661,163,110,1,111,0
2020-06-12,Fresno,019,978130,4798,2428,57,2485,47
2020-06-12,Glenn,021,27897,46,21,0,21,0
2020-06-12,Humboldt,023,135768,126,105,0,105,3
2020-06-12,Imperial,025,180216,5781,3543,4,3547,36
2020-06-12,Inyo,027,18085,24,23,0,23,1
2020-06-12,Kern,029,883053,4279,3152,13,3165,54
2020-06-12,Kings,031,150075,1998,987,4,991,6
2020-06-12,Lake,033,64148,39,29,0,29,0
2020-06-12,Lassen,035,31185,15,5,2,7,0
2020-06-12,Los Angeles,037,10098052,79616,70385,22,70407,2814
2020-06-12,Madera,039,155013,463,187,2,189,3
2020-06-12,Marin,041,260295,837,649,2,651,17
2020-06-12,Mariposa,043,17540,18,16,0,16,1
2020-06-12,Mendocino,045,87422,49,33,0,33,0
2020-06-12,Merced,047,269075,666,372,1,373,7
2020-06-12,Modoc,049,8938,1,0,0,0,0
2020-06-12,Mono,051,14174,39,35,0,35,1
2020-06-12,Monterey,053,433212,1207,864,4,868,11
2020-06-12,Napa,055,140530,221,162,0,162,3
2020-06-12,Nevada,057,99092,73,52,1,53,1
2020-06-12,Orange,059,3164182,12034,8440,86,8526,203
2020-06-12,Placer,061,380077,495,333,3,336,9
2020-06-12,Plumas,063,18699,5,4,0,4,0
2020-06-12,Riverside,065,2383286,13571,10616,23,10639,364
2020-06-12,Sacramento,067,1510023,1973,1702,4,1706,60
2020-06-12,San Benito,069,59416,159,96,0,96,2
2020-06-12,San Bernardino,071,2135413,9469,6707,7,6714,223
2020-06-12,San Diego,073,3302833,10620,9132,1,9133,313
2020-06-12,San Francisco,075,870044,3070,2823,1,2824,44
2020-06-12,San Joaquin,077,732212,2186,1406,3,1409,43
2020-06-12,San Luis Obispo,079,281455,474,321,5,326,1
2020-06-12,San Mateo,081,765935,2785,2533,3,2536,75
2020-06-12,Santa Barbara,083,443738,2344,1969,17,1986,14
2020-06-12,Santa Clara,085,1922200,4055,3099,15,3114,149
2020-06-12,Santa Cruz,087,273765,283,251,0,251,2
2020-06-12,Shasta,089,179085,94,48,0,48,5
2020-06-12,Sierra,091,2930,1,1,0,1,0
2020-06-12,Siskiyou,093,43540,25,13,0,13,0
2020-06-12,Solano,095,438530,909,620,4,624,19
2020-06-12,Sonoma,097,501317,862,696,2,698,4
2020-06-12,Stanislaus,099,539301,1691,1092,6,1098,33
2020-06-12,Sutter,101,95872,95,56,0,56,2
2020-06-12,Tehama,103,63373,32,13,2,15,1
2020-06-12,Trinity,105,12862,13,2,3,5,0
2020-06-12,Tulare,107,460477,3635,2552,10,2562,95
2020-06-12,Tuolumne,109,53932,10,7,0,7,0
2020-06-12,Ventura,111,848112,2295,1534,13,1547,35
2020-06-12,Yolo,113,214977,312,243,0,243,24
2020-06-12,Yuba,115,75493,36,27,0,27,1
2020-06-11,Alameda,001,1643700,4778,4073,6,4079,108
2020-06-11,Alpine,003,1148,1,1,0,1,0
2020-06-11,Amador,005,37829,10,10,0,10,0
2020-06-11,Butte,007,227075,107,72,9,81,1
2020-06-11,Calaveras,009,45235,27,16,0,16,0
2020-06-11,Colusa,011,21464,12,7,0,7,0
2020-06-11,Contra Costa,013,1133247,2143,1797,2,1799,43
2020-06-11,Del Norte,015,27424,47,45,0,45,0
2020-06-11,El Dorado,017,186661,155,109,1,110,0
2020-06-11,Fresno,019,978130,4645,2338,57,2395,45
2020-06-11,Glenn,021,27897,42,21,0,21,0
2020-06-11,Humboldt,023,135768,122,113,0,113,3
2020-06-11,Imperial,025,180216,5624,3463,4,3467,36
2020-06-11,Inyo,027,18085,22,23,0,23,1
2020-06-11,Kern,029,883053,4127,3047,11,3058,54
2020-06-11,Kings,031,150075,1965,963,4,967,6
2020-06-11,Lake,033,64148,39,28,0,28,0
2020-06-11,Lassen,035,31185,15,5,2,7,0
2020-06-11,Los Angeles,037,10098052,77952,68807,21,68828,2800
2020-06-11,Madera,039,155013,445,178,2,180,3
2020-06-11,Marin,041,260295,789,637,2,639,17
2020-06-11,Mariposa,043,17540,18,16,0,16,1
2020-06-11,Mendocino,045,87422,40,35,0,35,0
2020-06-11,Merced,047,269075,626,370,1,371,7
2020-06-11,Modoc,049,8938,1,0,0,0,0
2020-06-11,Mono,051,14174,39,35,0,35,1
2020-06-11,Monterey,053,433212,1160,813,4,817,11
2020-06-11,Napa,055,140530,212,162,0,162,3
2020-06-11,Nevada,057,99092,67,50,1,51,1
2020-06-11,Orange,059,3164182,11726,8304,85,8389,188
2020-06-11,Placer,061,380077,476,321,3,324,9
2020-06-11,Plumas,063,18699,5,4,0,4,0
2020-06-11,Riverside,065,2383286,13218,10014,23,10037,361
2020-06-11,Sacramento,067,1510023,1925,1669,4,1673,60
2020-06-11,San Benito,069,59416,153,94,0,94,2
2020-06-11,San Bernardino,071,2135413,9172,6509,7,6516,221
2020-06-11,San Diego,073,3302833,10390,9000,0,9000,308
2020-06-11,San Francisco,075,870044,3041,2766,1,2767,44
2020-06-11,San Joaquin,077,732212,2074,1351,3,1354,43
2020-06-11,San Luis Obispo,079,281455,460,307,5,312,1
2020-06-11,San Mateo,081,765935,2747,2499,3,2502,74
2020-06-11,Santa Barbara,083,443738,2283,1895,17,1912,14
2020-06-11,Santa Clara,085,1922200,3988,3049,15,3064,149
2020-06-11,Santa Cruz,087,273765,279,247,0,247,2
2020-06-11,Shasta,089,179085,87,47,0,47,5
2020-06-11,Sierra,091,2930,1,1,0,1,0
2020-06-11,Siskiyou,093,43540,25,14,0,14,0
2020-06-11,Solano,095,438530,883,616,4,620,19
2020-06-11,Sonoma,097,501317,840,682,2,684,4
2020-06-11,Stanislaus,099,539301,1600,1062,6,1068,30
2020-06-11,Sutter,101,95872,92,56,0,56,2
2020-06-11,Tehama,103,63373,27,10,2,12,1
2020-06-11,Trinity,105,12862,11,2,3,5,0
2020-06-11,Tulare,107,460477,3536,2473,10,2483,95
2020-06-11,Tuolumne,109,53932,10,7,0,7,0
2020-06-11,Ventura,111,848112,2218,1491,12,1503,34
2020-06-11,Yolo,113,214977,304,230,0,230,24
2020-06-11,Yuba,115,75493,36,27,0,27,1
2020-06-10,Alameda,001,1643700,4678,4027,6,4033,107
2020-06-10,Alpine,003,1148,1,1,0,1,0
2020-06-10,Amador,005,37829,10,10,0,10,0
2020-06-10,Butte,007,227075,103,71,9,80,1
2020-06-10,Calaveras,009,45235,27,16,0,16,0
2020-06-10,Colusa,011,21464,11,7,0,7,0
2020-06-10,Contra Costa,013,1133247,2099,1778,2,1780,43
2020-06-10,Del Norte,015,27424,47,45,0,45,0
2020-06-10,El Dorado,017,186661,152,109,1,110,0
2020-06-10,Fresno,019,978130,4468,2324,57,2381,45
2020-06-10,Glenn,021,27897,39,21,0,21,0
2020-06-10,Humboldt,023,135768,118,112,0,112,3
2020-06-10,Imperial,025,180216,5476,3454,4,3458,36
2020-06-10,Inyo,027,18085,22,23,0,23,1
2020-06-10,Kern,029,883053,4002,3000,10,3010,54
2020-06-10,Kings,031,150075,1919,952,3,955,6
2020-06-10,Lake,033,64148,39,28,0,28,0
2020-06-10,Lassen,035,31185,15,5,2,7,0
2020-06-10,Los Angeles,037,10098052,76437,67018,21,67039,2752
2020-06-10,Madera,039,155013,431,176,1,177,3
2020-06-10,Marin,041,260295,757,633,2,635,17
2020-06-10,Mariposa,043,17540,17,16,0,16,1
2020-06-10,Mendocino,045,87422,39,35,0,35,0
2020-06-10,Merced,047,269075,593,370,1,371,7
2020-06-10,Modoc,049,8938,1,0,0,0,0
2020-06-10,Mono,051,14174,39,35,0,35,1
2020-06-10,Monterey,053,433212,1106,791,4,795,11
2020-06-10,Napa,055,140530,209,159,0,159,3
2020-06-10,Nevada,057,99092,65,50,1,51,1
2020-06-10,Orange,059,3164182,11450,8222,81,8303,184
2020-06-10,Placer,061,380077,451,309,3,312,9
2020-06-10,Plumas,063,18699,5,4,0,4,0
2020-06-10,Riverside,065,2383286,12895,9857,23,9880,361
2020-06-10,Sacramento,067,1510023,1886,1643,2,1645,59
2020-06-10,San Benito,069,59416,144,94,0,94,2
2020-06-10,San Bernardino,071,2135413,8879,6438,7,6445,219
2020-06-10,San Diego,073,3302833,10226,8839,0,8839,305
2020-06-10,San Francisco,075,870044,3016,2774,1,2775,44
2020-06-10,San Joaquin,077,732212,1945,1282,3,1285,41
2020-06-10,San Luis Obispo,079,281455,440,306,5,311,1
2020-06-10,San Mateo,081,765935,2707,2492,3,2495,74
2020-06-10,Santa Barbara,083,443738,2227,1878,17,1895,13
2020-06-10,Santa Clara,085,1922200,3937,3032,15,3047,149
2020-06-10,Santa Cruz,087,273765,275,242,0,242,2
2020-06-10,Shasta,089,179085,82,45,0,45,5
2020-06-10,Sierra,091,2930,1,1,0,1,0
2020-06-10,Siskiyou,093,43540,25,14,0,14,0
2020-06-10,Solano,095,438530,847,608,4,612,19
2020-06-10,Sonoma,097,501317,822,673,2,675,4
2020-06-10,Stanislaus,099,539301,1510,1030,6,1036,29
2020-06-10,Sutter,101,95872,91,56,0,56,2
2020-06-10,Tehama,103,63373,25,10,2,12,1
2020-06-10,Trinity,105,12862,11,2,3,5,0
2020-06-10,Tulare,107,460477,3443,2455,10,2465,95
2020-06-10,Tuolumne,109,53932,10,7,0,7,0
2020-06-10,Ventura,111,848112,2172,1446,11,1457,34
2020-06-10,Yolo,113,214977,296,226,0,226,24
2020-06-10,Yuba,115,75493,35,27,0,27,1
2020-06-09,Alameda,001,1643700,4567,3963,6,3969,103
2020-06-09,Alpine,003,1148,1,1,0,1,0
2020-06-09,Amador,005,37829,10,10,0,10,0
2020-06-09,Butte,007,227075,102,70,8,78,1
2020-06-09,Calaveras,009,45235,27,16,0,16,0
2020-06-09,Colusa,011,21464,10,7,0,7,0
2020-06-09,Contra Costa,013,1133247,2058,1744,2,1746,42
2020-06-09,Del Norte,015,27424,47,45,0,45,0
2020-06-09,El Dorado,017,186661,142,108,1,109,0
2020-06-09,Fresno,019,978130,4317,2278,57,2335,43
2020-06-09,Glenn,021,27897,38,19,0,19,0
2020-06-09,Humboldt,023,135768,116,113,0,113,2
2020-06-09,Imperial,025,180216,5325,3067,4,3071,36
2020-06-09,Inyo,027,18085,22,22,0,22,1
2020-06-09,Kern,029,883053,3874,2920,10,2930,51
2020-06-09,Kings,031,150075,1887,934,3,937,6
2020-06-09,Lake,033,64148,39,28,0,28,0
2020-06-09,Lassen,035,31185,15,5,2,7,0
2020-06-09,Los Angeles,037,10098052,74778,65827,21,65848,2692
2020-06-09,Madera,039,155013,416,172,1,173,3
2020-06-09,Marin,041,260295,721,616,2,618,17
2020-06-09,Mariposa,043,17540,17,16,0,16,1
2020-06-09,Mendocino,045,87422,35,35,0,35,0
2020-06-09,Merced,047,269075,564,349,1,350,7
2020-06-09,Modoc,049,8938,1,0,0,0,0
2020-06-09,Mono,051,14174,39,35,0,35,1
2020-06-09,Monterey,053,433212,1065,772,4,776,11
2020-06-09,Napa,055,140530,199,156,0,156,3
2020-06-09,Nevada,057,99092,57,50,1,51,1
2020-06-09,Orange,059,3164182,11208,7991,79,8070,174
2020-06-09,Placer,061,380077,438,301,3,304,9
2020-06-09,Plumas,063,18699,5,4,0,4,0
2020-06-09,Riverside,065,2383286,12517,9511,23,9534,354
2020-06-09,Sacramento,067,1510023,1832,1625,2,1627,59
2020-06-09,San Benito,069,59416,138,95,0,95,2
2020-06-09,San Bernardino,071,2135413,8556,6268,6,6274,217
2020-06-09,San Diego,073,3302833,10041,8731,0,8731,301
2020-06-09,San Francisco,075,870044,2991,2749,1,2750,44
2020-06-09,San Joaquin,077,732212,1839,1240,3,1243,41
2020-06-09,San Luis Obispo,079,281455,427,301,4,305,1
2020-06-09,San Mateo,081,765935,2676,2463,3,2466,74
2020-06-09,Santa Barbara,083,443738,2171,1854,17,1871,13
2020-06-09,Santa Clara,085,1922200,3869,3006,14,3020,147
2020-06-09,Santa Cruz,087,273765,269,237,0,237,2
2020-06-09,Shasta,089,179085,78,44,0,44,4
2020-06-09,Sierra,091,2930,1,1,0,1,0
2020-06-09,Siskiyou,093,43540,20,10,0,10,0
2020-06-09,Solano,095,438530,812,596,4,600,18
2020-06-09,Sonoma,097,501317,799,661,2,663,4
2020-06-09,Stanislaus,099,539301,1409,993,6,999,25
2020-06-09,Sutter,101,95872,88,56,0,56,2
2020-06-09,Tehama,103,63373,25,9,2,11,1
2020-06-09,Trinity,105,12862,10,2,3,5,0
2020-06-09,Tulare,107,460477,3377,2393,10,2403,91
2020-06-09,Tuolumne,109,53932,10,8,0,8,0
2020-06-09,Ventura,111,848112,2106,1407,11,1418,34
2020-06-09,Yolo,113,214977,285,226,0,226,24
2020-06-09,Yuba,115,75493,34,27,0,27,1
2020-06-08,Alameda,001,1643700,4486,3937,6,3943,103
2020-06-08,Alpine,003,1148,1,1,0,1,0
2020-06-08,Amador,005,37829,10,10,0,10,0
2020-06-08,Butte,007,227075,98,68,8,76,1
2020-06-08,Calaveras,009,45235,27,16,0,16,0
2020-06-08,Colusa,011,21464,9,7,0,7,0
2020-06-08,Contra Costa,013,1133247,2015,1714,2,1716,41
2020-06-08,Del Norte,015,27424,47,45,0,45,0
2020-06-08,El Dorado,017,186661,138,107,1,108,0
2020-06-08,Fresno,019,978130,4195,2194,56,2250,42
2020-06-08,Glenn,021,27897,36,17,0,17,0
2020-06-08,Humboldt,023,135768,116,112,0,112,2
2020-06-08,Imperial,025,180216,5173,3051,4,3055,21
2020-06-08,Inyo,027,18085,22,22,0,22,1
2020-06-08,Kern,029,883053,3743,2853,9,2862,49
2020-06-08,Kings,031,150075,1811,892,3,895,6
2020-06-08,Lake,033,64148,39,28,0,28,0
2020-06-08,Lassen,035,31185,15,4,2,6,0
2020-06-08,Los Angeles,037,10098052,73318,64634,21,64655,2640
2020-06-08,Madera,039,155013,386,154,1,155,3
2020-06-08,Marin,041,260295,680,596,2,598,17
2020-06-08,Mariposa,043,17540,16,16,0,16,1
2020-06-08,Mendocino,045,87422,33,32,0,32,0
2020-06-08,Merced,047,269075,530,331,1,332,7
2020-06-08,Modoc,049,8938,1,0,0,0,0
2020-06-08,Mono,051,14174,39,35,0,35,1
2020-06-08,Monterey,053,433212,1014,751,3,754,10
2020-06-08,Napa,055,140530,183,151,0,151,3
2020-06-08,Nevada,057,99092,56,50,1,51,1
2020-06-08,Orange,059,3164182,10957,7786,77,7863,160
2020-06-08,Placer,061,380077,421,290,3,293,9
2020-06-08,Plumas,063,18699,5,4,0,4,0
2020-06-08,Riverside,065,2383286,12148,9246,23,9269,347
2020-06-08,Sacramento,067,1510023,1782,1591,2,1593,59
2020-06-08,San Benito,069,59416,131,93,0,93,2
2020-06-08,San Bernardino,071,2135413,8237,6122,6,6128,214
2020-06-08,San Diego,073,3302833,9884,8621,0,8621,296
2020-06-08,San Francisco,075,870044,2964,2715,1,2716,43
2020-06-08,San Joaquin,077,732212,1732,1198,3,1201,40
2020-06-08,San Luis Obispo,079,281455,421,300,4,304,1
2020-06-08,San Mateo,081,765935,2645,2431,2,2433,74
2020-06-08,Santa Barbara,083,443738,2116,1824,15,1839,13
2020-06-08,Santa Clara,085,1922200,3823,2971,14,2985,146
2020-06-08,Santa Cruz,087,273765,268,234,0,234,2
2020-06-08,Shasta,089,179085,74,43,0,43,4
2020-06-08,Sierra,091,2930,1,1,0,1,0
2020-06-08,Siskiyou,093,43540,20,8,0,8,0
2020-06-08,Solano,095,438530,785,560,4,564,19
2020-06-08,Sonoma,097,501317,783,654,2,656,4
2020-06-08,Stanislaus,099,539301,1326,956,6,962,28
2020-06-08,Sutter,101,95872,81,55,0,55,2
2020-06-08,Tehama,103,63373,19,8,2,10,1
2020-06-08,Trinity,105,12862,10,2,3,5,0
2020-06-08,Tulare,107,460477,3294,2301,10,2311,91
2020-06-08,Tuolumne,109,53932,9,8,0,8,0
2020-06-08,Ventura,111,848112,2048,1382,11,1393,30
2020-06-08,Yolo,113,214977,274,228,0,228,24
2020-06-08,Yuba,115,75493,32,27,0,27,1
2020-06-07,Alameda,001,1643700,4373,3866,6,3872,102
2020-06-07,Alpine,003,1148,1,1,0,1,0
2020-06-07,Amador,005,37829,10,10,0,10,0
2020-06-07,Butte,007,227075,96,64,6,70,1
2020-06-07,Calaveras,009,45235,25,16,0,16,0
2020-06-07,Colusa,011,21464,9,7,0,7,0
2020-06-07,Contra Costa,013,1133247,1964,1653,1,1654,38
2020-06-07,Del Norte,015,27424,45,45,0,45,0
2020-06-07,El Dorado,017,186661,138,104,1,105,0
2020-06-07,Fresno,019,978130,4065,2144,56,2200,41
2020-06-07,Glenn,021,27897,29,16,0,16,0
2020-06-07,Humboldt,023,135768,116,112,0,112,2
2020-06-07,Imperial,025,180216,5023,3048,4,3052,19
2020-06-07,Inyo,027,18085,22,21,0,21,1
2020-06-07,Kern,029,883053,3612,2771,9,2780,46
2020-06-07,Kings,031,150075,1762,882,3,885,6
2020-06-07,Lake,033,64148,36,28,0,28,0
2020-06-07,Lassen,035,31185,14,4,2,6,0
2020-06-07,Los Angeles,037,10098052,71609,63750,21,63771,2629
2020-06-07,Madera,039,155013,369,149,1,150,3
2020-06-07,Marin,041,260295,666,584,2,586,17
2020-06-07,Mariposa,043,17540,16,16,0,16,1
2020-06-07,Mendocino,045,87422,33,32,0,32,0
2020-06-07,Merced,047,269075,497,318,1,319,7
2020-06-07,Modoc,049,8938,1,0,0,0,0
2020-06-07,Mono,051,14174,39,35,0,35,1
2020-06-07,Monterey,053,433212,968,732,3,735,10
2020-06-07,Napa,055,140530,175,142,0,142,3
2020-06-07,Nevada,057,99092,55,50,1,51,1
2020-06-07,Orange,059,3164182,10699,7643,75,7718,158
2020-06-07,Placer,061,380077,400,273,2,275,9
2020-06-07,Plumas,063,18699,5,4,0,4,0
2020-06-07,Riverside,065,2383286,11852,9105,23,9128,344
2020-06-07,Sacramento,067,1510023,1734,1568,2,1570,59
2020-06-07,San Benito,069,59416,128,92,0,92,2
2020-06-07,San Bernardino,071,2135413,7951,6033,6,6039,214
2020-06-07,San Diego,073,3302833,9705,8478,0,8478,296
2020-06-07,San Francisco,075,870044,2920,2674,0,2674,43
2020-06-07,San Joaquin,077,732212,1631,1126,3,1129,37
2020-06-07,San Luis Obispo,079,281455,411,296,4,300,1
2020-06-07,San Mateo,081,765935,2618,2399,2,2401,73
2020-06-07,Santa Barbara,083,443738,2061,1818,15,1833,13
2020-06-07,Santa Clara,085,1922200,3771,2947,14,2961,146
2020-06-07,Santa Cruz,087,273765,260,230,0,230,2
2020-06-07,Shasta,089,179085,73,41,0,41,4
2020-06-07,Sierra,091,2930,1,1,0,1,0
2020-06-07,Siskiyou,093,43540,20,8,0,8,0
2020-06-07,Solano,095,438530,762,560,4,564,19
2020-06-07,Sonoma,097,501317,752,639,2,641,4
2020-06-07,Stanislaus,099,539301,1246,905,5,910,28
2020-06-07,Sutter,101,95872,73,55,0,55,2
2020-06-07,Tehama,103,63373,16,8,2,10,1
2020-06-07,Trinity,105,12862,8,2,3,5,0
2020-06-07,Tulare,107,460477,3172,2219,10,2229,90
2020-06-07,Tuolumne,109,53932,9,4,0,4,0
2020-06-07,Ventura,111,848112,1982,1337,11,1348,30
2020-06-07,Yolo,113,214977,264,224,0,224,24
2020-06-07,Yuba,115,75493,32,27,0,27,1
2020-06-06,Alameda,001,1643700,4327,3801,6,3807,102
2020-06-06,Alpine,003,1148,1,1,0,1,0
2020-06-06,Amador,005,37829,10,10,0,10,0
2020-06-06,Butte,007,227075,95,63,6,69,1
2020-06-06,Calaveras,009,45235,23,16,0,16,0
2020-06-06,Colusa,011,21464,9,7,0,7,0
2020-06-06,Contra Costa,013,1133247,1944,1619,1,1620,37
2020-06-06,Del Norte,015,27424,45,45,0,45,0
2020-06-06,El Dorado,017,186661,133,104,1,105,0
2020-06-06,Fresno,019,978130,4010,2117,56,2173,41
2020-06-06,Glenn,021,27897,27,16,0,16,0
2020-06-06,Humboldt,023,135768,116,112,0,112,2
2020-06-06,Imperial,025,180216,4947,3047,4,3051,19
2020-06-06,Inyo,027,18085,22,21,0,21,1
2020-06-06,Kern,029,883053,3541,2695,9,2704,46
2020-06-06,Kings,031,150075,1743,882,3,885,6
2020-06-06,Lake,033,64148,36,28,0,28,0
2020-06-06,Lassen,035,31185,14,4,2,6,0
2020-06-06,Los Angeles,037,10098052,70854,62269,21,62290,2607
2020-06-06,Madera,039,155013,360,149,1,150,3
2020-06-06,Marin,041,260295,661,556,2,558,17
2020-06-06,Mariposa,043,17540,16,16,0,16,1
2020-06-06,Mendocino,045,87422,33,32,0,32,0
2020-06-06,Merced,047,269075,496,315,1,316,7
2020-06-06,Modoc,049,8938,1,0,0,0,0
2020-06-06,Mono,051,14174,39,35,0,35,1
2020-06-06,Monterey,053,433212,944,679,3,682,10
2020-06-06,Napa,055,140530,169,136,0,136,3
2020-06-06,Nevada,057,99092,54,50,1,51,1
2020-06-06,Orange,059,3164182,10540,7576,74,7650,157
2020-06-06,Placer,061,380077,388,270,2,272,9
2020-06-06,Plumas,063,18699,5,4,0,4,0
2020-06-06,Riverside,065,2383286,11674,8935,23,8958,345
2020-06-06,Sacramento,067,1510023,1711,1533,2,1535,59
2020-06-06,San Benito,069,59416,118,92,0,92,2
2020-06-06,San Bernardino,071,2135413,7802,5946,6,5952,214
2020-06-06,San Diego,073,3302833,9584,8347,0,8347,296
2020-06-06,San Francisco,075,870044,2905,2674,0,2674,43
2020-06-06,San Joaquin,077,732212,1591,1076,3,1079,37
2020-06-06,San Luis Obispo,079,281455,405,295,4,299,1
2020-06-06,San Mateo,081,765935,2603,2342,2,2344,72
2020-06-06,Santa Barbara,083,443738,2022,1815,15,1830,13
2020-06-06,Santa Clara,085,1922200,3730,2934,14,2948,144
2020-06-06,Santa Cruz,087,273765,258,226,0,226,2
2020-06-06,Shasta,089,179085,73,40,0,40,4
2020-06-06,Sierra,091,2930,1,1,0,1,0
2020-06-06,Siskiyou,093,43540,18,8,0,8,0
2020-06-06,Solano,095,438530,747,560,4,564,19
2020-06-06,Sonoma,097,501317,740,622,2,624,4
2020-06-06,Stanislaus,099,539301,1212,858,5,863,27
2020-06-06,Sutter,101,95872,73,51,0,51,2
2020-06-06,Tehama,103,63373,15,8,2,10,1
2020-06-06,Trinity,105,12862,8,2,2,4,0
2020-06-06,Tulare,107,460477,3139,2213,10,2223,90
2020-06-06,Tuolumne,109,53932,9,4,0,4,0
2020-06-06,Ventura,111,848112,1958,1303,11,1314,30
2020-06-06,Yolo,113,214977,262,223,0,223,24
2020-06-06,Yuba,115,75493,32,27,0,27,1
2020-06-05,Alameda,001,1643700,4276,3734,6,3740,102
2020-06-05,Alpine,003,1148,1,1,0,1,0
2020-06-05,Amador,005,37829,10,10,0,10,0
2020-06-05,Butte,007,227075,92,61,6,67,1
2020-06-05,Calaveras,009,45235,22,16,0,16,0
2020-06-05,Colusa,011,21464,9,7,0,7,0
2020-06-05,Contra Costa,013,1133247,1929,1575,1,1576,37
2020-06-05,Del Norte,015,27424,45,45,0,45,0
2020-06-05,El Dorado,017,186661,131,101,1,102,0
2020-06-05,Fresno,019,978130,3946,2051,55,2106,38
2020-06-05,Glenn,021,27897,25,16,0,16,0
2020-06-05,Humboldt,023,135768,115,111,0,111,2
2020-06-05,Imperial,025,180216,4840,2778,4,2782,19
2020-06-05,Inyo,027,18085,22,21,0,21,1
2020-06-05,Kern,029,883053,3452,2624,9,2633,46
2020-06-05,Kings,031,150075,1728,865,3,868,6
2020-06-05,Lake,033,64148,35,28,0,28,0
2020-06-05,Lassen,035,31185,13,4,2,6,0
2020-06-05,Los Angeles,037,10098052,69703,60955,21,60976,2553
2020-06-05,Madera,039,155013,338,144,1,145,3
2020-06-05,Marin,041,260295,652,546,2,548,17
2020-06-05,Mariposa,043,17540,16,16,0,16,1
2020-06-05,Mendocino,045,87422,33,32,0,32,0
2020-06-05,Merced,047,269075,494,309,1,310,7
2020-06-05,Modoc,049,8938,1,0,0,0,0
2020-06-05,Mono,051,14174,39,35,0,35,1
2020-06-05,Monterey,053,433212,912,649,3,652,10
2020-06-05,Napa,055,140530,166,123,0,123,3
2020-06-05,Nevada,057,99092,54,50,1,51,1
2020-06-05,Orange,059,3164182,10345,7391,73,7464,153
2020-06-05,Placer,061,380077,378,265,2,267,9
2020-06-05,Plumas,063,18699,5,4,0,4,0
2020-06-05,Riverside,065,2383286,11415,8700,23,8723,345
2020-06-05,Sacramento,067,1510023,1689,1514,2,1516,59
2020-06-05,San Benito,069,59416,116,92,0,92,2
2020-06-05,San Bernardino,071,2135413,7620,5869,5,5874,212
2020-06-05,San Diego,073,3302833,9469,8182,0,8182,294
2020-06-05,San Francisco,075,870044,2887,2675,0,2675,43
2020-06-05,San Joaquin,077,732212,1512,1046,3,1049,36
2020-06-05,San Luis Obispo,079,281455,398,293,4,297,1
2020-06-05,San Mateo,081,765935,2578,2331,2,2333,72
2020-06-05,Santa Barbara,083,443738,1991,1795,15,1810,13
2020-06-05,Santa Clara,085,1922200,3695,2902,14,2916,144
2020-06-05,Santa Cruz,087,273765,255,222,0,222,2
2020-06-05,Shasta,089,179085,72,40,0,40,4
2020-06-05,Sierra,091,2930,1,1,0,1,0
2020-06-05,Siskiyou,093,43540,16,8,0,8,0
2020-06-05,Solano,095,438530,740,558,4,562,19
2020-06-05,Sonoma,097,501317,719,618,2,620,4
2020-06-05,Stanislaus,099,539301,1179,842,5,847,27
2020-06-05,Sutter,101,95872,73,49,0,49,2
2020-06-05,Tehama,103,63373,15,7,2,9,1
2020-06-05,Trinity,105,12862,8,1,2,3,0
2020-06-05,Tulare,107,460477,3090,2180,10,2190,90
2020-06-05,Tuolumne,109,53932,9,4,0,4,0
2020-06-05,Ventura,111,848112,1925,1274,11,1285,30
2020-06-05,Yolo,113,214977,261,216,0,216,24
2020-06-05,Yuba,115,75493,32,27,0,27,1
2020-06-04,Alameda,001,1643700,4177,3643,6,3649,99
2020-06-04,Alpine,003,1148,1,1,0,1,0
2020-06-04,Amador,005,37829,10,10,0,10,0
2020-06-04,Butte,007,227075,88,57,5,62,1
2020-06-04,Calaveras,009,45235,22,15,0,15,0
2020-06-04,Colusa,011,21464,9,7,0,7,0
2020-06-04,Contra Costa,013,1133247,1872,1551,1,1552,37
2020-06-04,Del Norte,015,27424,45,45,0,45,0
2020-06-04,El Dorado,017,186661,129,101,1,102,0
2020-06-04,Fresno,019,978130,3841,2007,54,2061,35
2020-06-04,Glenn,021,27897,22,16,0,16,0
2020-06-04,Humboldt,023,135768,115,109,0,109,2
2020-06-04,Imperial,025,180216,4658,2631,4,2635,19
2020-06-04,Inyo,027,18085,22,20,0,20,1
2020-06-04,Kern,029,883053,3336,2530,9,2539,46
2020-06-04,Kings,031,150075,1658,842,3,845,6
2020-06-04,Lake,033,64148,34,27,0,27,0
2020-06-04,Lassen,035,31185,11,4,2,6,0
2020-06-04,Los Angeles,037,10098052,68237,59596,21,59617,2515
2020-06-04,Madera,039,155013,330,127,1,128,3
2020-06-04,Marin,041,260295,630,533,2,535,14
2020-06-04,Mariposa,043,17540,16,16,0,16,1
2020-06-04,Mendocino,045,87422,33,29,0,29,0
2020-06-04,Merced,047,269075,474,304,1,305,7
2020-06-04,Modoc,049,8938,1,0,0,0,0
2020-06-04,Mono,051,14174,39,35,0,35,1
2020-06-04,Monterey,053,433212,877,621,2,623,10
2020-06-04,Napa,055,140530,162,117,0,117,3
2020-06-04,Nevada,057,99092,53,49,1,50,1
2020-06-04,Orange,059,3164182,10093,7192,72,7264,148
2020-06-04,Placer,061,380077,362,256,2,258,9
2020-06-04,Plumas,063,18699,4,4,0,4,0
2020-06-04,Riverside,065,2383286,11137,8473,23,8496,341
2020-06-04,Sacramento,067,1510023,1661,1492,2,1494,58
2020-06-04,San Benito,069,59416,114,88,0,88,2
2020-06-04,San Bernardino,071,2135413,7351,5726,5,5731,207
2020-06-04,San Diego,073,3302833,9306,7942,0,7942,288
2020-06-04,San Francisco,075,870044,2854,2636,0,2636,43
2020-06-04,San Joaquin,077,732212,1450,1016,3,1019,36
2020-06-04,San Luis Obispo,079,281455,387,288,4,292,1
2020-06-04,San Mateo,081,765935,2551,2284,2,2286,72
2020-06-04,Santa Barbara,083,443738,1960,1750,14,1764,13
2020-06-04,Santa Clara,085,1922200,3660,2871,14,2885,144
2020-06-04,Santa Cruz,087,273765,249,218,0,218,2
2020-06-04,Shasta,089,179085,66,40,0,40,4
2020-06-04,Sierra,091,2930,1,1,0,1,0
2020-06-04,Siskiyou,093,43540,15,8,0,8,0
2020-06-04,Solano,095,438530,723,551,4,555,19
2020-06-04,Sonoma,097,501317,700,591,1,592,4
2020-06-04,Stanislaus,099,539301,1103,806,5,811,28
2020-06-04,Sutter,101,95872,68,46,0,46,2
2020-06-04,Tehama,103,63373,14,6,1,7,1
2020-06-04,Trinity,105,12862,8,1,2,3,0
2020-06-04,Tulare,107,460477,2973,2086,10,2096,90
2020-06-04,Tuolumne,109,53932,8,4,0,4,0
2020-06-04,Ventura,111,848112,1881,1236,10,1246,30
2020-06-04,Yolo,113,214977,256,216,0,216,24
2020-06-04,Yuba,115,75493,31,27,0,27,1
2020-06-03,Alameda,001,1643700,4118,3589,5,3594,99
2020-06-03,Alpine,003,1148,1,1,0,1,0
2020-06-03,Amador,005,37829,10,10,0,10,0
2020-06-03,Butte,007,227075,86,53,5,58,1
2020-06-03,Calaveras,009,45235,21,15,0,15,0
2020-06-03,Colusa,011,21464,9,7,0,7,0
2020-06-03,Contra Costa,013,1133247,1824,1511,1,1512,37
2020-06-03,Del Norte,015,27424,45,39,0,39,0
2020-06-03,El Dorado,017,186661,126,90,1,91,0
2020-06-03,Fresno,019,978130,3742,1943,54,1997,35
2020-06-03,Glenn,021,27897,22,16,0,16,0
2020-06-03,Humboldt,023,135768,115,103,0,103,2
2020-06-03,Imperial,025,180216,4485,2540,4,2544,19
2020-06-03,Inyo,027,18085,22,20,0,20,1
2020-06-03,Kern,029,883053,3240,2452,8,2460,44
2020-06-03,Kings,031,150075,1595,744,3,747,6
2020-06-03,Lake,033,64148,32,26,0,26,0
2020-06-03,Lassen,035,31185,11,4,2,6,0
2020-06-03,Los Angeles,037,10098052,66636,58166,21,58187,2472
2020-06-03,Madera,039,155013,322,117,1,118,3
2020-06-03,Marin,041,260295,612,527,2,529,14
2020-06-03,Mariposa,043,17540,16,16,0,16,1
2020-06-03,Mendocino,045,87422,32,29,0,29,0
2020-06-03,Merced,047,269075,460,299,1,300,7
2020-06-03,Modoc,049,8938,1,0,0,0,0
2020-06-03,Mono,051,14174,39,35,0,35,1
2020-06-03,Monterey,053,433212,849,592,2,594,10
2020-06-03,Napa,055,140530,161,116,0,116,3
2020-06-03,Nevada,057,99092,52,43,1,44,1
2020-06-03,Orange,059,3164182,9867,6939,71,7010,145
2020-06-03,Placer,061,380077,342,243,2,245,9
2020-06-03,Plumas,063,18699,4,4,0,4,0
2020-06-03,Riverside,065,2383286,10863,8208,23,8231,335
2020-06-03,Sacramento,067,1510023,1632,1457,2,1459,58
2020-06-03,San Benito,069,59416,108,88,0,88,2
2020-06-03,San Bernardino,071,2135413,7128,5565,5,5570,203
2020-06-03,San Diego,073,3302833,9158,7800,0,7800,283
2020-06-03,San Francisco,075,870044,2823,2608,0,2608,43
2020-06-03,San Joaquin,077,732212,1386,1004,3,1007,35
2020-06-03,San Luis Obispo,079,281455,382,279,4,283,1
2020-06-03,San Mateo,081,765935,2523,2243,2,2245,71
2020-06-03,Santa Barbara,083,443738,1926,1722,13,1735,12
2020-06-03,Santa Clara,085,1922200,3618,2836,14,2850,144
2020-06-03,Santa Cruz,087,273765,243,217,0,217,2
2020-06-03,Shasta,089,179085,63,40,0,40,4
2020-06-03,Sierra,091,2930,1,1,0,1,0
2020-06-03,Siskiyou,093,43540,14,8,0,8,0
2020-06-03,Solano,095,438530,698,543,2,545,18
2020-06-03,Sonoma,097,501317,688,578,1,579,4
2020-06-03,Stanislaus,099,539301,1063,780,5,785,27
2020-06-03,Sutter,101,95872,60,45,0,45,2
2020-06-03,Tehama,103,63373,14,6,1,7,1
2020-06-03,Trinity,105,12862,8,1,2,3,0
2020-06-03,Tulare,107,460477,2904,2041,10,2051,88
2020-06-03,Tuolumne,109,53932,6,4,0,4,0
2020-06-03,Ventura,111,848112,1814,1202,10,1212,30
2020-06-03,Yolo,113,214977,252,213,0,213,24
2020-06-03,Yuba,115,75493,31,27,0,27,1
2020-06-02,Alameda,001,1643700,4042,3517,5,3522,99
2020-06-02,Alpine,003,1148,1,1,0,1,0
2020-06-02,Amador,005,37829,10,10,0,10,0
2020-06-02,Butte,007,227075,82,51,4,55,1
2020-06-02,Calaveras,009,45235,21,15,0,15,0
2020-06-02,Colusa,011,21464,9,7,0,7,0
2020-06-02,Contra Costa,013,1133247,1792,1505,1,1506,37
2020-06-02,Del Norte,015,27424,45,39,0,39,0
2020-06-02,El Dorado,017,186661,125,88,1,89,0
2020-06-02,Fresno,019,978130,3629,1917,54,1971,34
2020-06-02,Glenn,021,27897,21,16,0,16,0
2020-06-02,Humboldt,023,135768,115,101,0,101,2
2020-06-02,Imperial,025,180216,4292,2459,4,2463,19
2020-06-02,Inyo,027,18085,20,20,0,20,1
2020-06-02,Kern,029,883053,3141,2406,6,2412,41
2020-06-02,Kings,031,150075,1567,720,3,723,5
2020-06-02,Lake,033,64148,32,25,0,25,0
2020-06-02,Lassen,035,31185,10,4,2,6,0
2020-06-02,Los Angeles,037,10098052,65233,57144,21,57165,2430
2020-06-02,Madera,039,155013,301,110,1,111,2
2020-06-02,Marin,041,260295,585,509,2,511,14
2020-06-02,Mariposa,043,17540,16,16,0,16,1
2020-06-02,Mendocino,045,87422,32,29,0,29,0
2020-06-02,Merced,047,269075,444,297,1,298,6
2020-06-02,Modoc,049,8938,1,0,0,0,0
2020-06-02,Mono,051,14174,39,35,0,35,1
2020-06-02,Monterey,053,433212,819,582,2,584,10
2020-06-02,Napa,055,140530,152,116,0,116,3
2020-06-02,Nevada,057,99092,51,41,1,42,1
2020-06-02,Orange,059,3164182,9666,6790,70,6860,142
2020-06-02,Placer,061,380077,328,226,2,228,9
2020-06-02,Plumas,063,18699,4,4,0,4,0
2020-06-02,Riverside,065,2383286,10567,8091,22,8113,330
2020-06-02,Sacramento,067,1510023,1603,1428,2,1430,58
2020-06-02,San Benito,069,59416,107,86,0,86,2
2020-06-02,San Bernardino,071,2135413,6921,5438,5,5443,202
2020-06-02,San Diego,073,3302833,9012,7676,0,7676,276
2020-06-02,San Francisco,075,870044,2788,2554,0,2554,43
2020-06-02,San Joaquin,077,732212,1320,985,3,988,35
2020-06-02,San Luis Obispo,079,281455,377,275,4,279,1
2020-06-02,San Mateo,081,765935,2488,2203,2,2205,71
2020-06-02,Santa Barbara,083,443738,1886,1703,13,1716,12
2020-06-02,Santa Clara,085,1922200,3568,2819,14,2833,144
2020-06-02,Santa Cruz,087,273765,238,215,0,215,2
2020-06-02,Shasta,089,179085,62,38,0,38,4
2020-06-02,Sierra,091,2930,1,1,0,1,0
2020-06-02,Siskiyou,093,43540,13,8,0,8,0
2020-06-02,Solano,095,438530,683,537,1,538,18
2020-06-02,Sonoma,097,501317,677,571,1,572,4
2020-06-02,Stanislaus,099,539301,1004,772,5,777,27
2020-06-02,Sutter,101,95872,57,43,0,43,2
2020-06-02,Tehama,103,63373,14,6,1,7,1
2020-06-02,Trinity,105,12862,8,1,2,3,0
2020-06-02,Tulare,107,460477,2824,2012,10,2022,86
2020-06-02,Tuolumne,109,53932,6,4,0,4,0
2020-06-02,Ventura,111,848112,1761,1178,10,1188,30
2020-06-02,Yolo,113,214977,250,213,0,213,24
2020-06-02,Yuba,115,75493,31,27,0,27,1
2020-06-01,Alameda,001,1643700,3976,3460,5,3465,98
2020-06-01,Alpine,003,1148,1,1,0,1,0
2020-06-01,Amador,005,37829,10,10,0,10,0
2020-06-01,Butte,007,227075,81,50,3,53,1
2020-06-01,Calaveras,009,45235,21,15,0,15,0
2020-06-01,Colusa,011,21464,9,7,0,7,0
2020-06-01,Contra Costa,013,1133247,1756,1486,1,1487,37
2020-06-01,Del Norte,015,27424,45,38,0,38,0
2020-06-01,El Dorado,017,186661,123,88,1,89,0
2020-06-01,Fresno,019,978130,3533,1854,52,1906,33
2020-06-01,Glenn,021,27897,21,16,0,16,0
2020-06-01,Humboldt,023,135768,115,98,0,98,2
2020-06-01,Imperial,025,180216,4070,2366,4,2370,14
2020-06-01,Inyo,027,18085,20,20,0,20,1
2020-06-01,Kern,029,883053,3058,2366,6,2372,38
2020-06-01,Kings,031,150075,1299,703,3,706,4
2020-06-01,Lake,033,64148,32,22,0,22,0
2020-06-01,Lassen,035,31185,10,4,2,6,0
2020-06-01,Los Angeles,037,10098052,63760,55899,21,55920,2367
2020-06-01,Madera,039,155013,289,103,1,104,2
2020-06-01,Marin,041,260295,544,495,2,497,14
2020-06-01,Mariposa,043,17540,16,16,0,16,1
2020-06-01,Mendocino,045,87422,32,28,0,28,0
2020-06-01,Merced,047,269075,425,289,1,290,6
2020-06-01,Modoc,049,8938,1,0,0,0,0
2020-06-01,Mono,051,14174,39,35,0,35,1
2020-06-01,Monterey,053,433212,795,554,2,556,10
2020-06-01,Napa,055,140530,149,114,0,114,3
2020-06-01,Nevada,057,99092,51,41,1,42,1
2020-06-01,Orange,059,3164182,9469,6640,69,6709,135
2020-06-01,Placer,061,380077,316,218,2,220,9
2020-06-01,Plumas,063,18699,4,4,0,4,0
2020-06-01,Riverside,065,2383286,10115,7921,21,7942,322
2020-06-01,Sacramento,067,1510023,1564,1415,2,1417,58
2020-06-01,San Benito,069,59416,104,86,0,86,2
2020-06-01,San Bernardino,071,2135413,6715,5310,5,5315,202
2020-06-01,San Diego,073,3302833,8832,7556,0,7556,269
2020-06-01,San Francisco,075,870044,2751,2546,0,2546,43
2020-06-01,San Joaquin,077,732212,1255,957,3,960,35
2020-06-01,San Luis Obispo,079,281455,373,275,4,279,1
2020-06-01,San Mateo,081,765935,2458,2190,2,2192,71
2020-06-01,Santa Barbara,083,443738,1852,1671,12,1683,10
2020-06-01,Santa Clara,085,1922200,3530,2797,13,2810,142
2020-06-01,Santa Cruz,087,273765,234,215,0,215,2
2020-06-01,Shasta,089,179085,62,38,0,38,4
2020-06-01,Sierra,091,2930,1,1,0,1,0
2020-06-01,Siskiyou,093,43540,13,7,0,7,0
2020-06-01,Solano,095,438530,659,529,1,530,17
2020-06-01,Sonoma,097,501317,661,565,1,566,4
2020-06-01,Stanislaus,099,539301,967,758,5,763,27
2020-06-01,Sutter,101,95872,52,43,0,43,2
2020-06-01,Tehama,103,63373,11,5,1,6,1
2020-06-01,Trinity,105,12862,7,1,2,3,0
2020-06-01,Tulare,107,460477,2709,1976,10,1986,84
2020-06-01,Tuolumne,109,53932,5,4,0,4,0
2020-06-01,Ventura,111,848112,1708,1163,10,1173,29
2020-06-01,Yolo,113,214977,247,212,0,212,24
2020-06-01,Yuba,115,75493,30,26,0,26,1
2020-05-31,Alameda,001,1643700,3871,3362,5,3367,98
2020-05-31,Alpine,003,1148,1,1,0,1,0
2020-05-31,Amador,005,37829,10,10,0,10,0
2020-05-31,Butte,007,227075,79,51,3,54,0
2020-05-31,Calaveras,009,45235,18,15,0,15,0
2020-05-31,Colusa,011,21464,9,5,0,5,0
2020-05-31,Contra Costa,013,1133247,1722,1458,1,1459,37
2020-05-31,Del Norte,015,27424,45,37,0,37,0
2020-05-31,El Dorado,017,186661,119,88,1,89,0
2020-05-31,Fresno,019,978130,3369,1780,47,1827,31
2020-05-31,Glenn,021,27897,20,16,0,16,0
2020-05-31,Humboldt,023,135768,113,98,0,98,2
2020-05-31,Imperial,025,180216,3803,2197,4,2201,14
2020-05-31,Inyo,027,18085,20,20,0,20,1
2020-05-31,Kern,029,883053,2923,2300,6,2306,38
2020-05-31,Kings,031,150075,1263,703,3,706,3
2020-05-31,Lake,033,64148,32,19,0,19,0
2020-05-31,Lassen,035,31185,10,4,2,6,0
2020-05-31,Los Angeles,037,10098052,62466,54925,21,54946,2344
2020-05-31,Madera,039,155013,271,101,1,102,2
2020-05-31,Marin,041,260295,534,486,2,488,14
2020-05-31,Mariposa,043,17540,16,16,0,16,1
2020-05-31,Mendocino,045,87422,32,24,0,24,0
2020-05-31,Merced,047,269075,398,288,0,288,6
2020-05-31,Modoc,049,8938,0,0,0,0,0
2020-05-31,Mono,051,14174,39,34,0,34,1
2020-05-31,Monterey,053,433212,721,545,2,547,10
2020-05-31,Napa,055,140530,147,114,0,114,3
2020-05-31,Nevada,057,99092,50,41,1,42,1
2020-05-31,Orange,059,3164182,9258,6532,68,6600,135
2020-05-31,Placer,061,380077,294,215,2,217,9
2020-05-31,Plumas,063,18699,4,4,0,4,0
2020-05-31,Riverside,065,2383286,9859,7704,21,7725,321
2020-05-31,Sacramento,067,1510023,1533,1398,2,1400,57
2020-05-31,San Benito,069,59416,98,85,0,85,2
2020-05-31,San Bernardino,071,2135413,6447,5185,5,5190,198
2020-05-31,San Diego,073,3302833,8638,7483,0,7483,269
2020-05-31,San Francisco,075,870044,2715,2501,0,2501,43
2020-05-31,San Joaquin,077,732212,1190,888,3,891,34
2020-05-31,San Luis Obispo,079,281455,363,271,4,275,1
2020-05-31,San Mateo,081,765935,2412,2169,2,2171,71
2020-05-31,Santa Barbara,083,443738,1801,1662,11,1673,9
2020-05-31,Santa Clara,085,1922200,3486,2785,13,2798,142
2020-05-31,Santa Cruz,087,273765,231,210,0,210,2
2020-05-31,Shasta,089,179085,60,38,0,38,4
2020-05-31,Sierra,091,2930,1,1,0,1,0
2020-05-31,Siskiyou,093,43540,12,7,0,7,0
2020-05-31,Solano,095,438530,633,512,1,513,6
2020-05-31,Sonoma,097,501317,641,555,1,556,4
2020-05-31,Stanislaus,099,539301,913,738,5,743,27
2020-05-31,Sutter,101,95872,50,42,0,42,2
2020-05-31,Tehama,103,63373,10,4,1,5,1
2020-05-31,Trinity,105,12862,7,1,2,3,0
2020-05-31,Tulare,107,460477,2636,1884,10,1894,82
2020-05-31,Tuolumne,109,53932,5,4,0,4,0
2020-05-31,Ventura,111,848112,1647,1151,10,1161,30
2020-05-31,Yolo,113,214977,241,211,0,211,24
2020-05-31,Yuba,115,75493,30,26,0,26,1
2020-05-30,Alameda,001,1643700,3845,3304,5,3309,96
2020-05-30,Alpine,003,1148,1,1,0,1,0
2020-05-30,Amador,005,37829,10,10,0,10,0
2020-05-30,Butte,007,227075,78,44,3,47,0
2020-05-30,Calaveras,009,45235,17,15,0,15,0
2020-05-30,Colusa,011,21464,8,5,0,5,0
2020-05-30,Contra Costa,013,1133247,1706,1429,1,1430,37
2020-05-30,Del Norte,015,27424,45,37,0,37,0
2020-05-30,El Dorado,017,186661,118,86,1,87,0
2020-05-30,Fresno,019,978130,3308,1744,46,1790,31
2020-05-30,Glenn,021,27897,19,16,0,16,0
2020-05-30,Humboldt,023,135768,112,98,0,98,2
2020-05-30,Imperial,025,180216,3713,2091,4,2095,14
2020-05-30,Inyo,027,18085,20,20,0,20,1
2020-05-30,Kern,029,883053,2854,2217,6,2223,38
2020-05-30,Kings,031,150075,1249,703,3,706,3
2020-05-30,Lake,033,64148,31,18,0,18,0
2020-05-30,Lassen,035,31185,10,4,2,6,0
2020-05-30,Los Angeles,037,10098052,61931,53627,21,53648,2319
2020-05-30,Madera,039,155013,266,101,1,102,2
2020-05-30,Marin,041,260295,534,462,2,464,14
2020-05-30,Mariposa,043,17540,16,16,0,16,1
2020-05-30,Mendocino,045,87422,32,24,0,24,0
2020-05-30,Merced,047,269075,397,285,0,285,6
2020-05-30,Modoc,049,8938,0,0,0,0,0
2020-05-30,Mono,051,14174,39,34,0,34,1
2020-05-30,Monterey,053,433212,705,520,2,522,10
2020-05-30,Napa,055,140530,145,113,0,113,3
2020-05-30,Nevada,057,99092,50,41,1,42,1
2020-05-30,Orange,059,3164182,9101,6354,67,6421,134
2020-05-30,Placer,061,380077,286,199,1,200,9
2020-05-30,Plumas,063,18699,4,4,0,4,0
2020-05-30,Riverside,065,2383286,9715,7492,21,7513,316
2020-05-30,Sacramento,067,1510023,1522,1384,2,1386,57
2020-05-30,San Benito,069,59416,97,85,0,85,2
2020-05-30,San Bernardino,071,2135413,6338,5122,5,5127,198
2020-05-30,San Diego,073,3302833,8545,7387,0,7387,269
2020-05-30,San Francisco,075,870044,2690,2496,0,2496,41
2020-05-30,San Joaquin,077,732212,1152,888,3,891,34
2020-05-30,San Luis Obispo,079,281455,358,270,4,274,1
2020-05-30,San Mateo,081,765935,2388,2129,2,2131,71
2020-05-30,Santa Barbara,083,443738,1782,1660,11,1671,9
2020-05-30,Santa Clara,085,1922200,3470,2741,13,2754,141
2020-05-30,Santa Cruz,087,273765,231,206,0,206,2
2020-05-30,Shasta,089,179085,60,36,0,36,4
2020-05-30,Sierra,091,2930,1,1,0,1,0
2020-05-30,Siskiyou,093,43540,11,7,0,7,0
2020-05-30,Solano,095,438530,626,512,1,513,6
2020-05-30,Sonoma,097,501317,631,551,1,552,4
2020-05-30,Stanislaus,099,539301,896,712,5,717,27
2020-05-30,Sutter,101,95872,49,40,0,40,2
2020-05-30,Tehama,103,63373,10,4,1,5,1
2020-05-30,Trinity,105,12862,7,1,2,3,0
2020-05-30,Tulare,107,460477,2599,1879,10,1889,81
2020-05-30,Tuolumne,109,53932,5,4,0,4,0
2020-05-30,Ventura,111,848112,1630,1116,10,1126,30
2020-05-30,Yolo,113,214977,237,210,0,210,24
2020-05-30,Yuba,115,75493,30,25,0,25,1
2020-05-29,Alameda,001,1643700,3810,3209,5,3214,96
2020-05-29,Alpine,003,1148,1,1,0,1,0
2020-05-29,Amador,005,37829,10,10,0,10,0
2020-05-29,Butte,007,227075,73,41,3,44,0
2020-05-29,Calaveras,009,45235,17,15,0,15,0
2020-05-29,Colusa,011,21464,8,5,0,5,0
2020-05-29,Contra Costa,013,1133247,1690,1411,1,1412,37
2020-05-29,Del Norte,015,27424,45,37,0,37,0
2020-05-29,El Dorado,017,186661,117,85,1,86,0
2020-05-29,Fresno,019,978130,3258,1687,46,1733,31
2020-05-29,Glenn,021,27897,19,14,0,14,0
2020-05-29,Humboldt,023,135768,111,98,0,98,2
2020-05-29,Imperial,025,180216,3595,1607,4,1611,14
2020-05-29,Inyo,027,18085,20,20,0,20,1
2020-05-29,Kern,029,883053,2796,2128,6,2134,36
2020-05-29,Kings,031,150075,1238,693,3,696,3
2020-05-29,Lake,033,64148,30,17,0,17,0
2020-05-29,Lassen,035,31185,10,0,2,2,0
2020-05-29,Los Angeles,037,10098052,60975,51578,21,51599,2273
2020-05-29,Madera,039,155013,251,98,1,99,2
2020-05-29,Marin,041,260295,526,448,2,450,14
2020-05-29,Mariposa,043,17540,16,16,0,16,1
2020-05-29,Mendocino,045,87422,30,25,0,25,0
2020-05-29,Merced,047,269075,392,285,0,285,7
2020-05-29,Modoc,049,8938,0,0,0,0,0
2020-05-29,Mono,051,14174,38,34,0,34,1
2020-05-29,Monterey,053,433212,675,479,2,481,10
2020-05-29,Napa,055,140530,142,113,0,113,3
2020-05-29,Nevada,057,99092,50,41,1,42,1
2020-05-29,Orange,059,3164182,8915,6176,64,6240,133
2020-05-29,Placer,061,380077,264,199,1,200,9
2020-05-29,Plumas,063,18699,4,4,0,4,0
2020-05-29,Riverside,065,2383286,9529,7376,21,7397,313
2020-05-29,Sacramento,067,1510023,1499,1360,2,1362,57
2020-05-29,San Benito,069,59416,97,84,0,84,2
2020-05-29,San Bernardino,071,2135413,6230,4983,5,4988,196
2020-05-29,San Diego,073,3302833,8422,7242,0,7242,266
2020-05-29,San Francisco,075,870044,2666,2453,0,2453,41
2020-05-29,San Joaquin,077,732212,1115,855,3,858,34
2020-05-29,San Luis Obispo,079,281455,354,270,4,274,1
2020-05-29,San Mateo,081,765935,2372,2103,2,2105,71
2020-05-29,Santa Barbara,083,443738,1754,1656,11,1667,9
2020-05-29,Santa Clara,085,1922200,3442,2707,13,2720,141
2020-05-29,Santa Cruz,087,273765,228,203,0,203,2
2020-05-29,Shasta,089,179085,60,36,0,36,4
2020-05-29,Sierra,091,2930,1,1,0,1,0
2020-05-29,Siskiyou,093,43540,11,7,0,7,0
2020-05-29,Solano,095,438530,618,498,1,499,6
2020-05-29,Sonoma,097,501317,620,537,1,538,4
2020-05-29,Stanislaus,099,539301,866,698,5,703,27
2020-05-29,Sutter,101,95872,47,40,0,40,2
2020-05-29,Tehama,103,63373,9,4,1,5,1
2020-05-29,Trinity,105,12862,7,1,2,3,0
2020-05-29,Tulare,107,460477,2561,1852,10,1862,80
2020-05-29,Tuolumne,109,53932,5,4,0,4,0
2020-05-29,Ventura,111,848112,1606,1093,10,1103,29
2020-05-29,Yolo,113,214977,233,211,0,211,24
2020-05-29,Yuba,115,75493,29,25,0,25,1
2020-05-28,Alameda,001,1643700,3711,3083,5,3088,94
2020-05-28,Alpine,003,1148,1,1,0,1,0
2020-05-28,Amador,005,37829,10,10,0,10,0
2020-05-28,Butte,007,227075,72,40,3,43,0
2020-05-28,Calaveras,009,45235,16,15,0,15,0
2020-05-28,Colusa,011,21464,8,5,0,5,0
2020-05-28,Contra Costa,013,1133247,1651,1392,1,1393,37
2020-05-28,Del Norte,015,27424,45,37,0,37,0
2020-05-28,El Dorado,017,186661,114,82,1,83,0
2020-05-28,Fresno,019,978130,3177,1653,45,1698,31
2020-05-28,Glenn,021,27897,18,14,0,14,0
2020-05-28,Humboldt,023,135768,110,97,0,97,2
2020-05-28,Imperial,025,180216,3401,1430,4,1434,14
2020-05-28,Inyo,027,18085,20,20,0,20,1
2020-05-28,Kern,029,883053,2718,2069,6,2075,36
2020-05-28,Kings,031,150075,901,626,3,629,3
2020-05-28,Lake,033,64148,29,17,0,17,0
2020-05-28,Lassen,035,31185,10,0,2,2,0
2020-05-28,Los Angeles,037,10098052,59399,49861,21,49882,2222
2020-05-28,Madera,039,155013,233,93,1,94,2
2020-05-28,Marin,041,260295,501,443,2,445,14
2020-05-28,Mariposa,043,17540,16,16,0,16,1
2020-05-28,Mendocino,045,87422,28,24,0,24,0
2020-05-28,Merced,047,269075,383,283,0,283,7
2020-05-28,Modoc,049,8938,0,0,0,0,0
2020-05-28,Mono,051,14174,38,34,0,34,1
2020-05-28,Monterey,053,433212,643,471,2,473,10
2020-05-28,Napa,055,140530,139,113,0,113,3
2020-05-28,Nevada,057,99092,45,41,1,42,1
2020-05-28,Orange,059,3164182,8720,6045,64,6109,130
2020-05-28,Placer,061,380077,257,196,1,197,9
2020-05-28,Plumas,063,18699,4,4,0,4,0
2020-05-28,Riverside,065,2383286,9125,7240,20,7260,304
2020-05-28,Sacramento,067,1510023,1479,1339,2,1341,57
2020-05-28,San Benito,069,59416,96,82,0,82,2
2020-05-28,San Bernardino,071,2135413,6065,4831,5,4836,191
2020-05-28,San Diego,073,3302833,8265,7102,0,7102,260
2020-05-28,San Francisco,075,870044,2632,2417,0,2417,40
2020-05-28,San Joaquin,077,732212,1080,840,3,843,34
2020-05-28,San Luis Obispo,079,281455,351,267,4,271,1
2020-05-28,San Mateo,081,765935,2345,2070,2,2072,71
2020-05-28,Santa Barbara,083,443738,1726,1642,10,1652,9
2020-05-28,Santa Clara,085,1922200,3402,2698,13,2711,140
2020-05-28,Santa Cruz,087,273765,227,201,0,201,2
2020-05-28,Shasta,089,179085,58,36,0,36,4
2020-05-28,Sierra,091,2930,1,1,0,1,0
2020-05-28,Siskiyou,093,43540,9,6,0,6,0
2020-05-28,Solano,095,438530,601,489,1,490,6
2020-05-28,Sonoma,097,501317,598,529,1,530,4
2020-05-28,Stanislaus,099,539301,825,684,5,689,27
2020-05-28,Sutter,101,95872,47,40,0,40,2
2020-05-28,Tehama,103,63373,9,4,1,5,1
2020-05-28,Trinity,105,12862,6,1,2,3,0
2020-05-28,Tulare,107,460477,2525,1832,10,1842,79
2020-05-28,Tuolumne,109,53932,5,4,0,4,0
2020-05-28,Ventura,111,848112,1573,1083,10,1093,29
2020-05-28,Yolo,113,214977,230,206,0,206,22
2020-05-28,Yuba,115,75493,28,24,0,24,1
2020-05-27,Alameda,001,1643700,3628,3037,5,3042,94
2020-05-27,Alpine,003,1148,1,1,0,1,0
2020-05-27,Amador,005,37829,10,10,0,10,0
2020-05-27,Butte,007,227075,69,40,2,42,0
2020-05-27,Calaveras,009,45235,15,15,0,15,0
2020-05-27,Colusa,011,21464,8,5,0,5,0
2020-05-27,Contra Costa,013,1133247,1611,1373,1,1374,37
2020-05-27,Del Norte,015,27424,45,34,0,34,0
2020-05-27,El Dorado,017,186661,113,82,1,83,0
2020-05-27,Fresno,019,978130,3089,1620,45,1665,27
2020-05-27,Glenn,021,27897,18,14,0,14,0
2020-05-27,Humboldt,023,135768,110,86,0,86,2
2020-05-27,Imperial,025,180216,3221,1369,4,1373,14
2020-05-27,Inyo,027,18085,20,20,0,20,1
2020-05-27,Kern,029,883053,2653,1999,6,2005,37
2020-05-27,Kings,031,150075,874,586,3,589,3
2020-05-27,Lake,033,64148,29,13,0,13,0
2020-05-27,Lassen,035,31185,10,0,2,2,0
2020-05-27,Los Angeles,037,10098052,58025,48711,21,48732,2177
2020-05-27,Madera,039,155013,224,91,1,92,2
2020-05-27,Marin,041,260295,472,439,2,441,14
2020-05-27,Mariposa,043,17540,16,16,0,16,1
2020-05-27,Mendocino,045,87422,27,21,0,21,0
2020-05-27,Merced,047,269075,379,278,0,278,7
2020-05-27,Modoc,049,8938,0,0,0,0,0
2020-05-27,Mono,051,14174,38,34,0,34,1
2020-05-27,Monterey,053,433212,603,443,2,445,8
2020-05-27,Napa,055,140530,134,112,0,112,3
2020-05-27,Nevada,057,99092,44,41,1,42,1
2020-05-27,Orange,059,3164182,8565,5849,64,5913,121
2020-05-27,Placer,061,380077,238,196,0,196,9
2020-05-27,Plumas,063,18699,4,4,0,4,0
2020-05-27,Riverside,065,2383286,8746,7156,20,7176,299
2020-05-27,Sacramento,067,1510023,1451,1318,2,1320,50
2020-05-27,San Benito,069,59416,93,74,0,74,2
2020-05-27,San Bernardino,071,2135413,5881,4708,5,4713,183
2020-05-27,San Diego,073,3302833,8114,6985,0,6985,255
2020-05-27,San Francisco,075,870044,2603,2394,0,2394,40
2020-05-27,San Joaquin,077,732212,1039,825,3,828,34
2020-05-27,San Luis Obispo,079,281455,346,266,4,270,1
2020-05-27,San Mateo,081,765935,2305,2045,2,2047,71
2020-05-27,Santa Barbara,083,443738,1711,1629,10,1639,9
2020-05-27,Santa Clara,085,1922200,3369,2680,13,2693,140
2020-05-27,Santa Cruz,087,273765,223,202,0,202,2
2020-05-27,Shasta,089,179085,55,36,0,36,4
2020-05-27,Sierra,091,2930,1,1,0,1,0
2020-05-27,Siskiyou,093,43540,9,6,0,6,0
2020-05-27,Solano,095,438530,581,477,1,478,5
2020-05-27,Sonoma,097,501317,584,521,1,522,4
2020-05-27,Stanislaus,099,539301,800,675,5,680,27
2020-05-27,Sutter,101,95872,46,40,0,40,2
2020-05-27,Tehama,103,63373,9,3,1,4,1
2020-05-27,Trinity,105,12862,6,1,2,3,0
2020-05-27,Tulare,107,460477,2473,1817,10,1827,77
2020-05-27,Tuolumne,109,53932,5,4,0,4,0
2020-05-27,Ventura,111,848112,1548,1065,10,1075,28
2020-05-27,Yolo,113,214977,229,204,0,204,22
2020-05-27,Yuba,115,75493,28,24,0,24,1
2020-05-26,Alameda,001,1643700,3533,2956,5,2961,92
2020-05-26,Alpine,003,1148,1,1,0,1,0
2020-05-26,Amador,005,37829,10,10,0,10,0
2020-05-26,Butte,007,227075,67,37,1,38,0
2020-05-26,Calaveras,009,45235,15,13,0,13,0
2020-05-26,Colusa,011,21464,8,4,0,4,0
2020-05-26,Contra Costa,013,1133247,1575,1352,1,1353,37
2020-05-26,Del Norte,015,27424,44,30,0,30,0
2020-05-26,El Dorado,017,186661,109,79,1,80,0
2020-05-26,Fresno,019,978130,3002,1496,45,1541,22
2020-05-26,Glenn,021,27897,16,12,0,12,0
2020-05-26,Humboldt,023,135768,108,81,0,81,2
2020-05-26,Imperial,025,180216,3006,1369,4,1373,14
2020-05-26,Inyo,027,18085,20,20,0,20,1
2020-05-26,Kern,029,883053,2575,1890,6,1896,31
2020-05-26,Kings,031,150075,806,449,2,451,2
2020-05-26,Lake,033,64148,27,12,0,12,0
2020-05-26,Lassen,035,31185,9,0,2,2,0
2020-05-26,Los Angeles,037,10098052,56559,47760,21,47781,2121
2020-05-26,Madera,039,155013,209,83,1,84,2
2020-05-26,Marin,041,260295,460,424,2,426,14
2020-05-26,Mariposa,043,17540,16,16,0,16,1
2020-05-26,Mendocino,045,87422,25,20,0,20,0
2020-05-26,Merced,047,269075,363,266,0,266,7
2020-05-26,Modoc,049,8938,0,1,0,1,0
2020-05-26,Mono,051,14174,37,34,0,34,1
2020-05-26,Monterey,053,433212,575,424,1,425,8
2020-05-26,Napa,055,140530,129,109,0,109,3
2020-05-26,Nevada,057,99092,43,41,1,42,1
2020-05-26,Orange,059,3164182,8295,5651,63,5714,115
2020-05-26,Placer,061,380077,233,188,0,188,9
2020-05-26,Plumas,063,18699,4,4,0,4,0
2020-05-26,Riverside,065,2383286,8299,6917,20,6937,284
2020-05-26,Sacramento,067,1510023,1425,1298,2,1300,50
2020-05-26,San Benito,069,59416,88,69,0,69,2
2020-05-26,San Bernardino,071,2135413,5713,4430,5,4435,175
2020-05-26,San Diego,073,3302833,7971,6884,0,6884,249
2020-05-26,San Francisco,075,870044,2570,2363,0,2363,40
2020-05-26,San Joaquin,077,732212,992,760,3,763,33
2020-05-26,San Luis Obispo,079,281455,344,260,4,264,1
2020-05-26,San Mateo,081,765935,2267,1967,2,1969,71
2020-05-26,Santa Barbara,083,443738,1694,1590,9,1599,9
2020-05-26,Santa Clara,085,1922200,3337,2659,13,2672,139
2020-05-26,Santa Cruz,087,273765,221,197,0,197,2
2020-05-26,Shasta,089,179085,55,36,0,36,4
2020-05-26,Sierra,091,2930,1,1,0,1,0
2020-05-26,Siskiyou,093,43540,8,6,0,6,0
2020-05-26,Solano,095,438530,563,470,1,471,5
2020-05-26,Sonoma,097,501317,576,509,0,509,4
2020-05-26,Stanislaus,099,539301,780,663,5,668,27
2020-05-26,Sutter,101,95872,45,39,0,39,2
2020-05-26,Tehama,103,63373,8,2,1,3,1
2020-05-26,Trinity,105,12862,6,1,2,3,0
2020-05-26,Tulare,107,460477,2417,1768,10,1778,76
2020-05-26,Tuolumne,109,53932,5,2,0,2,0
2020-05-26,Ventura,111,848112,1511,1033,8,1041,27
2020-05-26,Yolo,113,214977,223,198,0,198,22
2020-05-26,Yuba,115,75493,27,24,0,24,1
2020-05-25,Alameda,001,1643700,3439,2900,5,2905,92
2020-05-25,Alpine,003,1148,1,1,0,1,0
2020-05-25,Amador,005,37829,10,10,0,10,0
2020-05-25,Butte,007,227075,64,37,1,38,0
2020-05-25,Calaveras,009,45235,15,13,0,13,0
2020-05-25,Colusa,011,21464,7,4,0,4,0
2020-05-25,Contra Costa,013,1133247,1543,1348,1,1349,37
2020-05-25,Del Norte,015,27424,44,20,0,20,0
2020-05-25,El Dorado,017,186661,101,78,1,79,0
2020-05-25,Fresno,019,978130,2899,1496,43,1539,22
2020-05-25,Glenn,021,27897,16,12,0,12,0
2020-05-25,Humboldt,023,135768,107,81,0,81,2
2020-05-25,Imperial,025,180216,2799,1369,4,1373,14
2020-05-25,Inyo,027,18085,19,20,0,20,1
2020-05-25,Kern,029,883053,2504,1890,6,1896,31
2020-05-25,Kings,031,150075,776,447,2,449,2
2020-05-25,Lake,033,64148,25,13,0,13,0
2020-05-25,Lassen,035,31185,9,0,2,2,0
2020-05-25,Los Angeles,037,10098052,54747,45952,20,45972,2094
2020-05-25,Madera,039,155013,196,83,1,84,2
2020-05-25,Marin,041,260295,442,415,2,417,14
2020-05-25,Mariposa,043,17540,16,15,0,15,1
2020-05-25,Mendocino,045,87422,22,19,0,19,0
2020-05-25,Merced,047,269075,356,262,0,262,6
2020-05-25,Modoc,049,8938,0,1,0,1,0
2020-05-25,Mono,051,14174,37,34,0,34,1
2020-05-25,Monterey,053,433212,545,418,1,419,8
2020-05-25,Napa,055,140530,129,107,0,107,3
2020-05-25,Nevada,057,99092,43,41,1,42,1
2020-05-25,Orange,059,3164182,8073,5601,62,5663,115
2020-05-25,Placer,061,380077,229,186,0,186,9
2020-05-25,Plumas,063,18699,4,4,0,4,0
2020-05-25,Riverside,065,2383286,8068,6900,20,6920,284
2020-05-25,Sacramento,067,1510023,1405,1290,1,1291,50
2020-05-25,San Benito,069,59416,87,70,0,70,2
2020-05-25,San Bernardino,071,2135413,5523,4393,4,4397,175
2020-05-25,San Diego,073,3302833,7795,6799,0,6799,249
2020-05-25,San Francisco,075,870044,2533,2358,0,2358,40
2020-05-25,San Joaquin,077,732212,966,760,3,763,33
2020-05-25,San Luis Obispo,079,281455,341,260,4,264,1
2020-05-25,San Mateo,081,765935,2230,1938,2,1940,71
2020-05-25,Santa Barbara,083,443738,1684,1590,9,1599,9
2020-05-25,Santa Clara,085,1922200,3304,2647,13,2660,139
2020-05-25,Santa Cruz,087,273765,219,191,0,191,2
2020-05-25,Shasta,089,179085,54,36,0,36,4
2020-05-25,Sierra,091,2930,1,1,0,1,0
2020-05-25,Siskiyou,093,43540,8,6,0,6,0
2020-05-25,Solano,095,438530,549,437,1,438,5
2020-05-25,Sonoma,097,501317,564,496,0,496,4
2020-05-25,Stanislaus,099,539301,750,651,5,656,27
2020-05-25,Sutter,101,95872,45,38,0,38,2
2020-05-25,Tehama,103,63373,7,2,1,3,1
2020-05-25,Trinity,105,12862,6,1,2,3,0
2020-05-25,Tulare,107,460477,2353,1747,10,1757,76
2020-05-25,Tuolumne,109,53932,5,2,0,2,0
2020-05-25,Ventura,111,848112,1470,1020,8,1028,27
2020-05-25,Yolo,113,214977,221,197,0,197,22
2020-05-25,Yuba,115,75493,26,24,0,24,1
2020-05-24,Alameda,001,1643700,3366,2830,5,2835,92
2020-05-24,Alpine,003,1148,1,1,0,1,0
2020-05-24,Amador,005,37829,10,9,0,9,0
2020-05-24,Butte,007,227075,62,35,1,36,0
2020-05-24,Calaveras,009,45235,15,13,0,13,0
2020-05-24,Colusa,011,21464,7,4,0,4,0
2020-05-24,Contra Costa,013,1133247,1515,1325,1,1326,37
2020-05-24,Del Norte,015,27424,43,16,0,16,0
2020-05-24,El Dorado,017,186661,100,76,1,77,0
2020-05-24,Fresno,019,978130,2832,1455,42,1497,22
2020-05-24,Glenn,021,27897,15,12,0,12,0
2020-05-24,Humboldt,023,135768,107,81,0,81,2
2020-05-24,Imperial,025,180216,2673,1369,4,1373,14
2020-05-24,Inyo,027,18085,19,20,0,20,1
2020-05-24,Kern,029,883053,2431,1861,5,1866,31
2020-05-24,Kings,031,150075,765,446,2,448,2
2020-05-24,Lake,033,64148,24,12,0,12,0
2020-05-24,Lassen,035,31185,8,0,2,2,0
2020-05-24,Los Angeles,037,10098052,53730,44954,20,44974,2085
2020-05-24,Madera,039,155013,190,83,1,84,2
2020-05-24,Marin,041,260295,440,401,2,403,14
2020-05-24,Mariposa,043,17540,16,15,0,15,1
2020-05-24,Mendocino,045,87422,21,19,0,19,0
2020-05-24,Merced,047,269075,355,258,0,258,6
2020-05-24,Modoc,049,8938,0,0,0,0,0
2020-05-24,Mono,051,14174,37,34,0,34,1
2020-05-24,Monterey,053,433212,517,405,1,406,8
2020-05-24,Napa,055,140530,127,104,0,104,3
2020-05-24,Nevada,057,99092,43,41,1,42,1
2020-05-24,Orange,059,3164182,7919,5439,61,5500,113
2020-05-24,Placer,061,380077,221,184,0,184,9
2020-05-24,Plumas,063,18699,4,4,0,4,0
2020-05-24,Riverside,065,2383286,7927,6571,20,6591,284
2020-05-24,Sacramento,067,1510023,1389,1283,1,1284,50
2020-05-24,San Benito,069,59416,86,67,0,67,2
2020-05-24,San Bernardino,071,2135413,5415,4262,4,4266,175
2020-05-24,San Diego,073,3302833,7652,6703,0,6703,249
2020-05-24,San Francisco,075,870044,2510,2318,0,2318,40
2020-05-24,San Joaquin,077,732212,947,760,3,763,33
2020-05-24,San Luis Obispo,079,281455,339,257,4,261,1
2020-05-24,San Mateo,081,765935,2195,1925,2,1927,71
2020-05-24,Santa Barbara,083,443738,1672,1573,9,1582,9
2020-05-24,Santa Clara,085,1922200,3284,2623,13,2636,139
2020-05-24,Santa Cruz,087,273765,216,185,0,185,2
2020-05-24,Shasta,089,179085,53,36,0,36,4
2020-05-24,Sierra,091,2930,1,1,0,1,0
2020-05-24,Siskiyou,093,43540,7,6,0,6,0
2020-05-24,Solano,095,438530,541,436,0,436,5
2020-05-24,Sonoma,097,501317,553,485,0,485,4
2020-05-24,Stanislaus,099,539301,730,634,5,639,27
2020-05-24,Sutter,101,95872,45,38,0,38,2
2020-05-24,Tehama,103,63373,5,2,1,3,1
2020-05-24,Trinity,105,12862,6,1,2,3,0
2020-05-24,Tulare,107,460477,2307,1684,10,1694,74
2020-05-24,Tuolumne,109,53932,5,2,0,2,0
2020-05-24,Ventura,111,848112,1458,982,8,990,27
2020-05-24,Yolo,113,214977,219,192,0,192,22
2020-05-24,Yuba,115,75493,26,24,0,24,1
2020-05-23,Alameda,001,1643700,3325,2783,5,2788,91
2020-05-23,Alpine,003,1148,1,1,0,1,0
2020-05-23,Amador,005,37829,10,9,0,9,0
2020-05-23,Butte,007,227075,61,34,1,35,0
2020-05-23,Calaveras,009,45235,15,13,0,13,0
2020-05-23,Colusa,011,21464,7,4,0,4,0
2020-05-23,Contra Costa,013,1133247,1504,1302,1,1303,36
2020-05-23,Del Norte,015,27424,43,10,0,10,0
2020-05-23,El Dorado,017,186661,100,74,1,75,0
2020-05-23,Fresno,019,978130,2812,1447,42,1489,21
2020-05-23,Glenn,021,27897,15,12,0,12,0
2020-05-23,Humboldt,023,135768,105,80,0,80,2
2020-05-23,Imperial,025,180216,2585,1283,4,1287,14
2020-05-23,Inyo,027,18085,19,20,0,20,1
2020-05-23,Kern,029,883053,2388,1806,5,1811,31
2020-05-23,Kings,031,150075,761,444,2,446,2
2020-05-23,Lake,033,64148,23,10,0,10,0
2020-05-23,Lassen,035,31185,8,0,2,2,0
2020-05-23,Los Angeles,037,10098052,53185,44029,20,44049,2069
2020-05-23,Madera,039,155013,186,83,1,84,2
2020-05-23,Marin,041,260295,440,393,1,394,14
2020-05-23,Mariposa,043,17540,16,15,0,15,1
2020-05-23,Mendocino,045,87422,21,13,0,13,0
2020-05-23,Merced,047,269075,352,247,0,247,6
2020-05-23,Modoc,049,8938,0,0,0,0,0
2020-05-23,Mono,051,14174,36,34,0,34,1
2020-05-23,Monterey,053,433212,503,397,1,398,8
2020-05-23,Napa,055,140530,123,101,0,101,3
2020-05-23,Nevada,057,99092,43,41,1,42,1
2020-05-23,Orange,059,3164182,7760,5313,60,5373,113
2020-05-23,Placer,061,380077,215,184,0,184,9
2020-05-23,Plumas,063,18699,4,4,0,4,0
2020-05-23,Riverside,065,2383286,7836,6460,20,6480,284
2020-05-23,Sacramento,067,1510023,1373,1275,1,1276,50
2020-05-23,San Benito,069,59416,81,67,0,67,2
2020-05-23,San Bernardino,071,2135413,5321,4172,4,4176,175
2020-05-23,San Diego,073,3302833,7561,6561,0,6561,249
2020-05-23,San Francisco,075,870044,2491,2312,0,2312,40
2020-05-23,San Joaquin,077,732212,932,759,3,762,33
2020-05-23,San Luis Obispo,079,281455,335,256,4,260,1
2020-05-23,San Mateo,081,765935,2167,1862,2,1864,71
2020-05-23,Santa Barbara,083,443738,1664,1566,9,1575,9
2020-05-23,Santa Clara,085,1922200,3270,2593,12,2605,139
2020-05-23,Santa Cruz,087,273765,214,177,0,177,2
2020-05-23,Shasta,089,179085,53,35,0,35,4
2020-05-23,Sierra,091,2930,1,1,0,1,0
2020-05-23,Siskiyou,093,43540,7,6,0,6,0
2020-05-23,Solano,095,438530,536,435,0,435,5
2020-05-23,Sonoma,097,501317,539,462,0,462,4
2020-05-23,Stanislaus,099,539301,722,625,5,630,27
2020-05-23,Sutter,101,95872,44,38,0,38,2
2020-05-23,Tehama,103,63373,5,2,1,3,1
2020-05-23,Trinity,105,12862,6,1,2,3,0
2020-05-23,Tulare,107,460477,2286,1682,10,1692,73
2020-05-23,Tuolumne,109,53932,5,2,0,2,0
2020-05-23,Ventura,111,848112,1438,961,8,969,27
2020-05-23,Yolo,113,214977,218,188,0,188,22
2020-05-23,Yuba,115,75493,26,24,0,24,1
2020-05-22,Alameda,001,1643700,3271,2722,5,2727,91
2020-05-22,Alpine,003,1148,1,1,0,1,0
2020-05-22,Amador,005,37829,10,9,0,9,0
2020-05-22,Butte,007,227075,59,34,1,35,0
2020-05-22,Calaveras,009,45235,15,13,0,13,0
2020-05-22,Colusa,011,21464,7,4,0,4,0
2020-05-22,Contra Costa,013,1133247,1492,1272,1,1273,36
2020-05-22,Del Norte,015,27424,41,9,0,9,0
2020-05-22,El Dorado,017,186661,97,74,1,75,0
2020-05-22,Fresno,019,978130,2753,1399,41,1440,20
2020-05-22,Glenn,021,27897,15,12,0,12,0
2020-05-22,Humboldt,023,135768,105,80,0,80,2
2020-05-22,Imperial,025,180216,2484,1214,4,1218,14
2020-05-22,Inyo,027,18085,19,20,0,20,1
2020-05-22,Kern,029,883053,2339,1749,5,1754,28
2020-05-22,Kings,031,150075,758,428,2,430,2
2020-05-22,Lake,033,64148,22,10,0,10,0
2020-05-22,Lassen,035,31185,6,0,2,2,0
2020-05-22,Los Angeles,037,10098052,52388,43025,20,43045,2027
2020-05-22,Madera,039,155013,182,82,1,83,2
2020-05-22,Marin,041,260295,436,372,1,373,14
2020-05-22,Mariposa,043,17540,16,15,0,15,1
2020-05-22,Mendocino,045,87422,20,13,0,13,0
2020-05-22,Merced,047,269075,352,233,0,233,6
2020-05-22,Modoc,049,8938,0,0,0,0,0
2020-05-22,Mono,051,14174,36,34,0,34,1
2020-05-22,Monterey,053,433212,492,372,1,373,8
2020-05-22,Napa,055,140530,121,97,0,97,3
2020-05-22,Nevada,057,99092,42,41,1,42,1
2020-05-22,Orange,059,3164182,7563,5144,58,5202,113
2020-05-22,Placer,061,380077,215,181,0,181,9
2020-05-22,Plumas,063,18699,4,4,0,4,0
2020-05-22,Riverside,065,2383286,7721,6351,20,6371,283
2020-05-22,Sacramento,067,1510023,1357,1262,1,1263,50
2020-05-22,San Benito,069,59416,80,64,0,64,2
2020-05-22,San Bernardino,071,2135413,5246,4107,4,4111,173
2020-05-22,San Diego,073,3302833,7475,6436,0,6436,242
2020-05-22,San Francisco,075,870044,2473,2251,0,2251,40
2020-05-22,San Joaquin,077,732212,919,747,3,750,33
2020-05-22,San Luis Obispo,079,281455,334,254,4,258,1
2020-05-22,San Mateo,081,765935,2148,1847,2,1849,71
2020-05-22,Santa Barbara,083,443738,1654,1554,9,1563,9
2020-05-22,Santa Clara,085,1922200,3250,2537,12,2549,139
2020-05-22,Santa Cruz,087,273765,211,171,0,171,2
2020-05-22,Shasta,089,179085,53,34,0,34,4
2020-05-22,Sierra,091,2930,1,0,0,0,0
2020-05-22,Siskiyou,093,43540,7,6,0,6,0
2020-05-22,Solano,095,438530,533,431,0,431,4
2020-05-22,Sonoma,097,501317,535,444,0,444,4
2020-05-22,Stanislaus,099,539301,712,616,5,621,27
2020-05-22,Sutter,101,95872,44,38,0,38,2
2020-05-22,Tehama,103,63373,5,2,0,2,1
2020-05-22,Trinity,105,12862,6,1,2,3,0
2020-05-22,Tulare,107,460477,2256,1662,10,1672,73
2020-05-22,Tuolumne,109,53932,5,2,0,2,0
2020-05-22,Ventura,111,848112,1420,937,8,945,27
2020-05-22,Yolo,113,214977,216,187,0,187,22
2020-05-22,Yuba,115,75493,26,24,0,24,1
2020-05-21,Alameda,001,1643700,3205,2606,5,2611,89
2020-05-21,Alpine,003,1148,1,1,0,1,0
2020-05-21,Amador,005,37829,10,9,0,9,0
2020-05-21,Butte,007,227075,58,31,1,32,0
2020-05-21,Calaveras,009,45235,15,13,0,13,0
2020-05-21,Colusa,011,21464,7,4,0,4,0
2020-05-21,Contra Costa,013,1133247,1456,1243,1,1244,36
2020-05-21,Del Norte,015,27424,38,9,0,9,0
2020-05-21,El Dorado,017,186661,95,67,1,68,0
2020-05-21,Fresno,019,978130,2662,1362,40,1402,20
2020-05-21,Glenn,021,27897,14,12,0,12,0
2020-05-21,Humboldt,023,135768,104,79,0,79,0
2020-05-21,Imperial,025,180216,2322,1096,4,1100,14
2020-05-21,Inyo,027,18085,19,20,0,20,1
2020-05-21,Kern,029,883053,2263,1684,4,1688,27
2020-05-21,Kings,031,150075,737,417,2,419,2
2020-05-21,Lake,033,64148,17,10,0,10,0
2020-05-21,Lassen,035,31185,6,0,2,2,0
2020-05-21,Los Angeles,037,10098052,51349,42063,20,42083,1996
2020-05-21,Madera,039,155013,179,82,1,83,2
2020-05-21,Marin,041,260295,425,359,1,360,14
2020-05-21,Mariposa,043,17540,16,15,0,15,1
2020-05-21,Mendocino,045,87422,20,12,0,12,0
2020-05-21,Merced,047,269075,341,226,0,226,6
2020-05-21,Modoc,049,8938,0,0,0,0,0
2020-05-21,Mono,051,14174,36,33,0,33,1
2020-05-21,Monterey,053,433212,481,363,1,364,8
2020-05-21,Napa,055,140530,119,96,0,96,3
2020-05-21,Nevada,057,99092,42,41,1,42,1
2020-05-21,Orange,059,3164182,7360,4975,58,5033,106
2020-05-21,Placer,061,380077,208,176,0,176,8
2020-05-21,Plumas,063,18699,4,4,0,4,0
2020-05-21,Riverside,065,2383286,7535,6245,20,6265,279
2020-05-21,Sacramento,067,1510023,1344,1258,1,1259,56
2020-05-21,San Benito,069,59416,77,61,0,61,2
2020-05-21,San Bernardino,071,2135413,5099,3950,4,3954,167
2020-05-21,San Diego,073,3302833,7339,6317,0,6317,241
2020-05-21,San Francisco,075,870044,2449,2248,0,2248,37
2020-05-21,San Joaquin,077,732212,883,730,3,733,33
2020-05-21,San Luis Obispo,079,281455,334,251,3,254,1
2020-05-21,San Mateo,081,765935,2112,1791,2,1793,74
2020-05-21,Santa Barbara,083,443738,1639,1541,9,1550,10
2020-05-21,Santa Clara,085,1922200,3228,2520,12,2532,138
2020-05-21,Santa Cruz,087,273765,203,164,0,164,3
2020-05-21,Shasta,089,179085,51,34,0,34,4
2020-05-21,Sierra,091,2930,1,0,0,0,0
2020-05-21,Siskiyou,093,43540,7,6,0,6,0
2020-05-21,Solano,095,438530,524,424,0,424,4
2020-05-21,Sonoma,097,501317,517,427,0,427,4
2020-05-21,Stanislaus,099,539301,700,602,5,607,27
2020-05-21,Sutter,101,95872,43,38,0,38,2
2020-05-21,Tehama,103,63373,4,2,0,2,1
2020-05-21,Trinity,105,12862,5,1,2,3,0
2020-05-21,Tulare,107,460477,2206,1606,8,1614,73
2020-05-21,Tuolumne,109,53932,3,2,0,2,0
2020-05-21,Ventura,111,848112,1371,907,8,915,30
2020-05-21,Yolo,113,214977,213,185,0,185,22
2020-05-21,Yuba,115,75493,26,24,0,24,1
2020-05-20,Alameda,001,1643700,3132,2554,5,2559,89
2020-05-20,Alpine,003,1148,1,1,0,1,0
2020-05-20,Amador,005,37829,10,9,0,9,0
2020-05-20,Butte,007,227075,55,30,1,31,0
2020-05-20,Calaveras,009,45235,15,13,0,13,0
2020-05-20,Colusa,011,21464,7,3,0,3,0
2020-05-20,Contra Costa,013,1133247,1426,1223,1,1224,33
2020-05-20,Del Norte,015,27424,31,9,0,9,0
2020-05-20,El Dorado,017,186661,94,67,1,68,0
2020-05-20,Fresno,019,978130,2589,1329,39,1368,17
2020-05-20,Glenn,021,27897,13,12,0,12,0
2020-05-20,Humboldt,023,135768,101,73,0,73,0
2020-05-20,Imperial,025,180216,2209,1047,4,1051,14
2020-05-20,Inyo,027,18085,19,20,0,20,1
2020-05-20,Kern,029,883053,2200,1639,3,1642,27
2020-05-20,Kings,031,150075,593,403,2,405,2
2020-05-20,Lake,033,64148,17,9,0,9,0
2020-05-20,Lassen,035,31185,5,0,2,2,0
2020-05-20,Los Angeles,037,10098052,50357,40932,20,40952,1955
2020-05-20,Madera,039,155013,177,82,1,83,2
2020-05-20,Marin,041,260295,398,348,1,349,14
2020-05-20,Mariposa,043,17540,16,15,0,15,1
2020-05-20,Mendocino,045,87422,20,12,0,12,0
2020-05-20,Merced,047,269075,334,225,0,225,6
2020-05-20,Modoc,049,8938,0,0,0,0,0
2020-05-20,Mono,051,14174,36,33,0,33,1
2020-05-20,Monterey,053,433212,467,356,1,357,8
2020-05-20,Napa,055,140530,112,93,0,93,3
2020-05-20,Nevada,057,99092,42,41,1,42,1
2020-05-20,Orange,059,3164182,7152,4866,56,4922,96
2020-05-20,Placer,061,380077,206,176,0,176,8
2020-05-20,Plumas,063,18699,4,4,0,4,0
2020-05-20,Riverside,065,2383286,7392,6090,20,6110,265
2020-05-20,Sacramento,067,1510023,1334,1244,1,1245,56
2020-05-20,San Benito,069,59416,76,61,0,61,2
2020-05-20,San Bernardino,071,2135413,4971,3771,4,3775,161
2020-05-20,San Diego,073,3302833,7222,6142,0,6142,230
2020-05-20,San Francisco,075,870044,2426,2199,0,2199,37
2020-05-20,San Joaquin,077,732212,847,713,3,716,33
2020-05-20,San Luis Obispo,079,281455,327,249,3,252,1
2020-05-20,San Mateo,081,765935,2059,1739,2,1741,74
2020-05-20,Santa Barbara,083,443738,1620,1524,9,1533,10
2020-05-20,Santa Clara,085,1922200,3207,2508,11,2519,138
2020-05-20,Santa Cruz,087,273765,200,163,0,163,3
2020-05-20,Shasta,089,179085,51,34,0,34,4
2020-05-20,Sierra,091,2930,1,0,0,0,0
2020-05-20,Siskiyou,093,43540,7,6,0,6,0
2020-05-20,Solano,095,438530,519,418,0,418,4
2020-05-20,Sonoma,097,501317,508,411,0,411,4
2020-05-20,Stanislaus,099,539301,684,584,4,588,25
2020-05-20,Sutter,101,95872,43,38,0,38,2
2020-05-20,Tehama,103,63373,4,2,0,2,1
2020-05-20,Trinity,105,12862,4,1,1,2,0
2020-05-20,Tulare,107,460477,2165,1585,8,1593,71
2020-05-20,Tuolumne,109,53932,3,2,0,2,0
2020-05-20,Ventura,111,848112,1335,879,8,887,29
2020-05-20,Yolo,113,214977,210,184,0,184,22
2020-05-20,Yuba,115,75493,26,23,0,23,1
2020-05-19,Alameda,001,1643700,3055,2493,3,2496,88
2020-05-19,Alpine,003,1148,1,1,0,1,0
2020-05-19,Amador,005,37829,10,9,0,9,0
2020-05-19,Butte,007,227075,53,25,1,26,0
2020-05-19,Calaveras,009,45235,15,13,0,13,0
2020-05-19,Colusa,011,21464,5,3,0,3,0
2020-05-19,Contra Costa,013,1133247,1402,1205,1,1206,33
2020-05-19,Del Norte,015,27424,28,8,0,8,0
2020-05-19,El Dorado,017,186661,91,67,0,67,0
2020-05-19,Fresno,019,978130,2475,1288,38,1326,15
2020-05-19,Glenn,021,27897,13,12,0,12,0
2020-05-19,Humboldt,023,135768,101,72,0,72,0
2020-05-19,Imperial,025,180216,2048,1012,4,1016,14
2020-05-19,Inyo,027,18085,19,20,0,20,1
2020-05-19,Kern,029,883053,2102,1601,3,1604,26
2020-05-19,Kings,031,150075,582,393,2,395,2
2020-05-19,Lake,033,64148,14,11,0,11,0
2020-05-19,Lassen,035,31185,5,0,2,2,0
2020-05-19,Los Angeles,037,10098052,49152,39670,20,39690,1906
2020-05-19,Madera,039,155013,173,80,1,81,2
2020-05-19,Marin,041,260295,374,340,1,341,14
2020-05-19,Mariposa,043,17540,16,15,0,15,1
2020-05-19,Mendocino,045,87422,20,12,0,12,0
2020-05-19,Merced,047,269075,326,222,0,222,5
2020-05-19,Modoc,049,8938,0,0,0,0,0
2020-05-19,Mono,051,14174,36,33,0,33,1
2020-05-19,Monterey,053,433212,455,350,1,351,8
2020-05-19,Napa,055,140530,111,93,0,93,3
2020-05-19,Nevada,057,99092,42,41,1,42,1
2020-05-19,Orange,059,3164182,6958,4746,54,4800,90
2020-05-19,Placer,061,380077,204,177,0,177,8
2020-05-19,Plumas,063,18699,4,5,0,5,0
2020-05-19,Riverside,065,2383286,7232,5963,19,5982,265
2020-05-19,Sacramento,067,1510023,1320,1239,1,1240,57
2020-05-19,San Benito,069,59416,74,59,0,59,2
2020-05-19,San Bernardino,071,2135413,4821,3656,4,3660,158
2020-05-19,San Diego,073,3302833,7078,6028,0,6028,222
2020-05-19,San Francisco,075,870044,2392,2186,0,2186,37
2020-05-19,San Joaquin,077,732212,825,705,3,708,33
2020-05-19,San Luis Obispo,079,281455,327,245,3,248,1
2020-05-19,San Mateo,081,765935,2018,1704,2,1706,71
2020-05-19,Santa Barbara,083,443738,1606,1521,9,1530,10
2020-05-19,Santa Clara,085,1922200,3157,2480,11,2491,138
2020-05-19,Santa Cruz,087,273765,189,161,0,161,3
2020-05-19,Shasta,089,179085,51,34,0,34,4
2020-05-19,Sierra,091,2930,0,0,0,0,0
2020-05-19,Siskiyou,093,43540,7,6,0,6,0
2020-05-19,Solano,095,438530,505,415,0,415,4
2020-05-19,Sonoma,097,501317,497,389,0,389,4
2020-05-19,Stanislaus,099,539301,670,582,4,586,25
2020-05-19,Sutter,101,95872,43,38,0,38,2
2020-05-19,Tehama,103,63373,4,2,0,2,1
2020-05-19,Trinity,105,12862,3,1,0,1,0
2020-05-19,Tulare,107,460477,2117,1551,8,1559,68
2020-05-19,Tuolumne,109,53932,3,2,0,2,0
2020-05-19,Ventura,111,848112,1294,861,7,868,28
2020-05-19,Yolo,113,214977,208,183,0,183,22
2020-05-19,Yuba,115,75493,26,23,0,23,1
2020-05-18,Alameda,001,1643700,2982,2442,3,2445,84
2020-05-18,Alpine,003,1148,1,1,0,1,0
2020-05-18,Amador,005,37829,10,8,0,8,0
2020-05-18,Butte,007,227075,51,24,1,25,0
2020-05-18,Calaveras,009,45235,15,13,0,13,0
2020-05-18,Colusa,011,21464,5,3,0,3,0
2020-05-18,Contra Costa,013,1133247,1371,1173,1,1174,33
2020-05-18,Del Norte,015,27424,23,8,0,8,0
2020-05-18,El Dorado,017,186661,89,67,0,67,0
2020-05-18,Fresno,019,978130,2399,1244,37,1281,14
2020-05-18,Glenn,021,27897,13,11,0,11,0
2020-05-18,Humboldt,023,135768,101,70,0,70,0
2020-05-18,Imperial,025,180216,1894,767,4,771,14
2020-05-18,Inyo,027,18085,19,20,0,20,1
2020-05-18,Kern,029,883053,2053,1566,3,1569,26
2020-05-18,Kings,031,150075,551,381,2,383,2
2020-05-18,Lake,033,64148,13,9,0,9,0
2020-05-18,Lassen,035,31185,5,0,2,2,0
2020-05-18,Los Angeles,037,10098052,48125,38477,20,38497,1825
2020-05-18,Madera,039,155013,167,74,1,75,2
2020-05-18,Marin,041,260295,361,329,1,330,14
2020-05-18,Mariposa,043,17540,16,15,0,15,1
2020-05-18,Mendocino,045,87422,15,12,0,12,0
2020-05-18,Merced,047,269075,317,217,0,217,5
2020-05-18,Modoc,049,8938,0,0,0,0,0
2020-05-18,Mono,051,14174,36,33,0,33,1
2020-05-18,Monterey,053,433212,444,345,1,346,8
2020-05-18,Napa,055,140530,107,92,0,92,3
2020-05-18,Nevada,057,99092,42,41,1,42,1
2020-05-18,Orange,059,3164182,6769,4558,52,4610,88
2020-05-18,Placer,061,380077,202,176,0,176,8
2020-05-18,Plumas,063,18699,4,5,0,5,0
2020-05-18,Riverside,065,2383286,7032,5873,18,5891,253
2020-05-18,Sacramento,067,1510023,1314,1233,0,1233,57
2020-05-18,San Benito,069,59416,72,59,0,59,2
2020-05-18,San Bernardino,071,2135413,4674,3558,4,3562,156
2020-05-18,San Diego,073,3302833,6945,5948,0,5948,211
2020-05-18,San Francisco,075,870044,2369,2183,0,2183,36
2020-05-18,San Joaquin,077,732212,813,697,3,700,33
2020-05-18,San Luis Obispo,079,281455,323,243,3,246,1
2020-05-18,San Mateo,081,765935,1980,1701,2,1703,68
2020-05-18,Santa Barbara,083,443738,1595,1501,9,1510,10
2020-05-18,Santa Clara,085,1922200,3124,2468,11,2479,137
2020-05-18,Santa Cruz,087,273765,187,160,0,160,3
2020-05-18,Shasta,089,179085,50,34,0,34,4
2020-05-18,Sierra,091,2930,0,0,0,0,0
2020-05-18,Siskiyou,093,43540,7,6,0,6,0
2020-05-18,Solano,095,438530,495,398,0,398,4
2020-05-18,Sonoma,097,501317,479,387,0,387,4
2020-05-18,Stanislaus,099,539301,658,572,4,576,25
2020-05-18,Sutter,101,95872,43,38,0,38,2
2020-05-18,Tehama,103,63373,4,2,0,2,1
2020-05-18,Trinity,105,12862,3,1,0,1,0
2020-05-18,Tulare,107,460477,2073,1491,8,1499,63
2020-05-18,Tuolumne,109,53932,3,2,0,2,0
2020-05-18,Ventura,111,848112,1271,850,6,856,27
2020-05-18,Yolo,113,214977,203,183,0,183,22
2020-05-18,Yuba,115,75493,26,23,0,23,1
2020-05-17,Alameda,001,1643700,2887,2389,3,2392,83
2020-05-17,Alpine,003,1148,1,1,0,1,0
2020-05-17,Amador,005,37829,10,8,0,8,0
2020-05-17,Butte,007,227075,50,23,1,24,0
2020-05-17,Calaveras,009,45235,15,13,0,13,0
2020-05-17,Colusa,011,21464,3,3,0,3,0
2020-05-17,Contra Costa,013,1133247,1332,1155,1,1156,33
2020-05-17,Del Norte,015,27424,23,7,0,7,0
2020-05-17,El Dorado,017,186661,89,65,0,65,0
2020-05-17,Fresno,019,978130,2292,1213,34,1247,14
2020-05-17,Glenn,021,27897,13,9,0,9,0
2020-05-17,Humboldt,023,135768,94,70,0,70,0
2020-05-17,Imperial,025,180216,1746,715,4,719,14
2020-05-17,Inyo,027,18085,19,20,0,20,1
2020-05-17,Kern,029,883053,1975,1546,3,1549,26
2020-05-17,Kings,031,150075,504,356,2,358,2
2020-05-17,Lake,033,64148,13,7,0,7,0
2020-05-17,Lassen,035,31185,5,0,2,2,0
2020-05-17,Los Angeles,037,10098052,46885,37996,20,38016,1807
2020-05-17,Madera,039,155013,165,69,1,70,2
2020-05-17,Marin,041,260295,350,315,1,316,14
2020-05-17,Mariposa,043,17540,15,15,0,15,1
2020-05-17,Mendocino,045,87422,14,10,0,10,0
2020-05-17,Merced,047,269075,306,214,0,214,5
2020-05-17,Modoc,049,8938,0,0,0,0,0
2020-05-17,Mono,051,14174,36,32,0,32,1
2020-05-17,Monterey,053,433212,424,342,1,343,8
2020-05-17,Napa,055,140530,104,89,0,89,3
2020-05-17,Nevada,057,99092,42,41,1,42,1
2020-05-17,Orange,059,3164182,6590,4466,51,4517,88
2020-05-17,Placer,061,380077,197,175,0,175,8
2020-05-17,Plumas,063,18699,4,4,0,4,0
2020-05-17,Riverside,065,2383286,6859,5776,18,5794,245
2020-05-17,Sacramento,067,1510023,1303,1224,0,1224,56
2020-05-17,San Benito,069,59416,71,59,0,59,2
2020-05-17,San Bernardino,071,2135413,4524,3467,4,3471,155
2020-05-17,San Diego,073,3302833,6813,5838,0,5838,209
2020-05-17,San Francisco,075,870044,2342,2132,0,2132,36
2020-05-17,San Joaquin,077,732212,783,688,3,691,32
2020-05-17,San Luis Obispo,079,281455,321,242,3,245,1
2020-05-17,San Mateo,081,765935,1943,1680,2,1682,68
2020-05-17,Santa Barbara,083,443738,1576,1457,9,1466,10
2020-05-17,Santa Clara,085,1922200,3086,2453,11,2464,135
2020-05-17,Santa Cruz,087,273765,176,155,0,155,3
2020-05-17,Shasta,089,179085,49,34,0,34,4
2020-05-17,Sierra,091,2930,0,0,0,0,0
2020-05-17,Siskiyou,093,43540,7,6,0,6,0
2020-05-17,Solano,095,438530,483,392,0,392,4
2020-05-17,Sonoma,097,501317,458,376,0,376,4
2020-05-17,Stanislaus,099,539301,647,566,4,570,25
2020-05-17,Sutter,101,95872,42,38,0,38,2
2020-05-17,Tehama,103,63373,3,2,0,2,1
2020-05-17,Trinity,105,12862,2,1,0,1,0
2020-05-17,Tulare,107,460477,1997,1430,7,1437,63
2020-05-17,Tuolumne,109,53932,3,2,0,2,0
2020-05-17,Ventura,111,848112,1226,838,6,844,27
2020-05-17,Yolo,113,214977,201,182,0,182,22
2020-05-17,Yuba,115,75493,26,21,0,21,1
2020-05-16,Alameda,001,1643700,2837,2327,3,2330,83
2020-05-16,Alpine,003,1148,1,1,0,1,0
2020-05-16,Amador,005,37829,10,8,0,8,0
2020-05-16,Butte,007,227075,45,22,1,23,0
2020-05-16,Calaveras,009,45235,15,13,0,13,0
2020-05-16,Colusa,011,21464,3,3,0,3,0
2020-05-16,Contra Costa,013,1133247,1314,1136,1,1137,33
2020-05-16,Del Norte,015,27424,19,4,0,4,0
2020-05-16,El Dorado,017,186661,89,65,0,65,0
2020-05-16,Fresno,019,978130,2235,1177,34,1211,14
2020-05-16,Glenn,021,27897,13,9,0,9,0
2020-05-16,Humboldt,023,135768,92,69,0,69,0
2020-05-16,Imperial,025,180216,1682,712,4,716,14
2020-05-16,Inyo,027,18085,19,20,0,20,1
2020-05-16,Kern,029,883053,1939,1509,3,1512,26
2020-05-16,Kings,031,150075,494,356,2,358,2
2020-05-16,Lake,033,64148,13,7,0,7,0
2020-05-16,Lassen,035,31185,4,0,2,2,0
2020-05-16,Los Angeles,037,10098052,46311,37352,20,37372,1778
2020-05-16,Madera,039,155013,163,70,1,71,2
2020-05-16,Marin,041,260295,346,297,1,298,14
2020-05-16,Mariposa,043,17540,15,15,0,15,1
2020-05-16,Mendocino,045,87422,14,10,0,10,0
2020-05-16,Merced,047,269075,304,201,0,201,5
2020-05-16,Modoc,049,8938,0,0,0,0,0
2020-05-16,Mono,051,14174,36,32,0,32,1
2020-05-16,Monterey,053,433212,409,329,1,330,8
2020-05-16,Napa,055,140530,104,86,0,86,3
2020-05-16,Nevada,057,99092,42,41,1,42,1
2020-05-16,Orange,059,3164182,6514,4396,50,4446,87
2020-05-16,Placer,061,380077,195,174,0,174,8
2020-05-16,Plumas,063,18699,4,4,0,4,0
2020-05-16,Riverside,065,2383286,6774,5633,18,5651,243
2020-05-16,Sacramento,067,1510023,1296,1209,0,1209,55
2020-05-16,San Benito,069,59416,66,58,0,58,2
2020-05-16,San Bernardino,071,2135413,4452,3362,4,3366,155
2020-05-16,San Diego,073,3302833,6727,5664,0,5664,209
2020-05-16,San Francisco,075,870044,2319,2094,0,2094,36
2020-05-16,San Joaquin,077,732212,775,668,3,671,32
2020-05-16,San Luis Obispo,079,281455,320,240,3,243,1
2020-05-16,San Mateo,081,765935,1928,1652,2,1654,68
2020-05-16,Santa Barbara,083,443738,1565,1422,9,1431,10
2020-05-16,Santa Clara,085,1922200,3068,2420,11,2431,135
2020-05-16,Santa Cruz,087,273765,173,154,0,154,3
2020-05-16,Shasta,089,179085,49,33,0,33,4
2020-05-16,Sierra,091,2930,0,0,0,0,0
2020-05-16,Siskiyou,093,43540,7,6,0,6,0
2020-05-16,Solano,095,438530,478,392,0,392,4
2020-05-16,Sonoma,097,501317,445,356,0,356,4
2020-05-16,Stanislaus,099,539301,638,546,4,550,24
2020-05-16,Sutter,101,95872,42,35,0,35,2
2020-05-16,Tehama,103,63373,3,2,0,2,1
2020-05-16,Trinity,105,12862,2,1,0,1,0
2020-05-16,Tulare,107,460477,1979,1426,7,1433,63
2020-05-16,Tuolumne,109,53932,3,2,0,2,0
2020-05-16,Ventura,111,848112,1200,813,6,819,25
2020-05-16,Yolo,113,214977,200,181,0,181,22
2020-05-16,Yuba,115,75493,26,21,0,21,1
2020-05-15,Alameda,001,1643700,2803,2289,3,2292,83
2020-05-15,Alpine,003,1148,1,1,0,1,0
2020-05-15,Amador,005,37829,10,8,0,8,0
2020-05-15,Butte,007,227075,43,22,1,23,0
2020-05-15,Calaveras,009,45235,14,13,0,13,0
2020-05-15,Colusa,011,21464,3,3,0,3,0
2020-05-15,Contra Costa,013,1133247,1296,1106,1,1107,33
2020-05-15,Del Norte,015,27424,14,4,0,4,0
2020-05-15,El Dorado,017,186661,89,64,0,64,0
2020-05-15,Fresno,019,978130,2168,1126,34,1160,14
2020-05-15,Glenn,021,27897,13,9,0,9,0
2020-05-15,Humboldt,023,135768,91,60,0,60,0
2020-05-15,Imperial,025,180216,1598,680,0,680,14
2020-05-15,Inyo,027,18085,19,20,0,20,1
2020-05-15,Kern,029,883053,1883,1472,3,1475,25
2020-05-15,Kings,031,150075,491,347,2,349,2
2020-05-15,Lake,033,64148,13,7,0,7,0
2020-05-15,Lassen,035,31185,4,0,2,2,0
2020-05-15,Los Angeles,037,10098052,45522,36317,20,36337,1734
2020-05-15,Madera,039,155013,162,71,1,72,2
2020-05-15,Marin,041,260295,338,295,1,296,14
2020-05-15,Mariposa,043,17540,15,15,0,15,1
2020-05-15,Mendocino,045,87422,14,10,0,10,0
2020-05-15,Merced,047,269075,301,191,0,191,5
2020-05-15,Modoc,049,8938,0,0,0,0,0
2020-05-15,Mono,051,14174,36,31,0,31,1
2020-05-15,Monterey,053,433212,403,321,1,322,8
2020-05-15,Napa,055,140530,104,83,0,83,3
2020-05-15,Nevada,057,99092,42,41,1,42,1
2020-05-15,Orange,059,3164182,6341,4281,50,4331,87
2020-05-15,Placer,061,380077,193,174,0,174,8
2020-05-15,Plumas,063,18699,4,4,0,4,0
2020-05-15,Riverside,065,2383286,6660,5496,18,5514,233
2020-05-15,Sacramento,067,1510023,1286,1203,0,1203,55
2020-05-15,San Benito,069,59416,63,57,0,57,2
2020-05-15,San Bernardino,071,2135413,4374,3225,4,3229,153
2020-05-15,San Diego,073,3302833,6620,5525,0,5525,208
2020-05-15,San Francisco,075,870044,2303,2062,0,2062,36
2020-05-15,San Joaquin,077,732212,769,656,3,659,32
2020-05-15,San Luis Obispo,079,281455,318,237,3,240,1
2020-05-15,San Mateo,081,765935,1906,1612,2,1614,68
2020-05-15,Santa Barbara,083,443738,1556,1409,8,1417,10
2020-05-15,Santa Clara,085,1922200,3025,2395,10,2405,135
2020-05-15,Santa Cruz,087,273765,172,146,0,146,3
2020-05-15,Shasta,089,179085,48,33,0,33,4
2020-05-15,Sierra,091,2930,0,0,0,0,0
2020-05-15,Siskiyou,093,43540,6,5,0,5,0
2020-05-15,Solano,095,438530,474,388,0,388,4
2020-05-15,Sonoma,097,501317,437,349,0,349,4
2020-05-15,Stanislaus,099,539301,631,540,4,544,23
2020-05-15,Sutter,101,95872,41,35,0,35,2
2020-05-15,Tehama,103,63373,3,1,0,1,1
2020-05-15,Trinity,105,12862,2,1,0,1,0
2020-05-15,Tulare,107,460477,1951,1356,7,1363,61
2020-05-15,Tuolumne,109,53932,3,2,0,2,0
2020-05-15,Ventura,111,848112,1182,789,5,794,25
2020-05-15,Yolo,113,214977,199,182,0,182,22
2020-05-15,Yuba,115,75493,26,21,0,21,1
2020-05-14,Alameda,001,1643700,2711,2255,3,2258,80
2020-05-14,Alpine,003,1148,1,1,0,1,0
2020-05-14,Amador,005,37829,10,8,0,8,0
2020-05-14,Butte,007,227075,41,22,1,23,0
2020-05-14,Calaveras,009,45235,14,13,0,13,0
2020-05-14,Colusa,011,21464,3,3,0,3,0
2020-05-14,Contra Costa,013,1133247,1269,1090,1,1091,32
2020-05-14,Del Norte,015,27424,14,4,0,4,0
2020-05-14,El Dorado,017,186661,80,59,0,59,0
2020-05-14,Fresno,019,978130,2108,1038,30,1068,12
2020-05-14,Glenn,021,27897,12,8,0,8,0
2020-05-14,Humboldt,023,135768,89,59,0,59,0
2020-05-14,Imperial,025,180216,1481,652,0,652,13
2020-05-14,Inyo,027,18085,19,20,0,20,1
2020-05-14,Kern,029,883053,1841,1430,3,1433,21
2020-05-14,Kings,031,150075,475,342,2,344,1
2020-05-14,Lake,033,64148,13,7,0,7,0
2020-05-14,Lassen,035,31185,4,0,2,2,0
2020-05-14,Los Angeles,037,10098052,44349,35427,20,35447,1693
2020-05-14,Madera,039,155013,153,69,1,70,2
2020-05-14,Marin,041,260295,320,283,1,284,14
2020-05-14,Mariposa,043,17540,15,15,0,15,0
2020-05-14,Mendocino,045,87422,13,10,0,10,0
2020-05-14,Merced,047,269075,290,182,0,182,3
2020-05-14,Modoc,049,8938,0,0,0,0,0
2020-05-14,Mono,051,14174,36,31,0,31,1
2020-05-14,Monterey,053,433212,393,317,1,318,7
2020-05-14,Napa,055,140530,102,83,0,83,3
2020-05-14,Nevada,057,99092,41,41,1,42,1
2020-05-14,Orange,059,3164182,6166,4163,48,4211,83
2020-05-14,Placer,061,380077,193,172,0,172,8
2020-05-14,Plumas,063,18699,4,4,0,4,0
2020-05-14,Riverside,065,2383286,6476,5339,18,5357,224
2020-05-14,Sacramento,067,1510023,1274,1181,0,1181,55
2020-05-14,San Benito,069,59416,61,56,0,56,2
2020-05-14,San Bernardino,071,2135413,4195,3149,4,3153,149
2020-05-14,San Diego,073,3302833,6485,5393,0,5393,200
2020-05-14,San Francisco,075,870044,2270,2029,0,2029,36
2020-05-14,San Joaquin,077,732212,754,643,3,646,31
2020-05-14,San Luis Obispo,079,281455,315,236,3,239,1
2020-05-14,San Mateo,081,765935,1874,1588,2,1590,67
2020-05-14,Santa Barbara,083,443738,1544,1395,8,1403,11
2020-05-14,Santa Clara,085,1922200,3002,2380,10,2390,134
2020-05-14,Santa Cruz,087,273765,170,145,0,145,3
2020-05-14,Shasta,089,179085,48,33,0,33,4
2020-05-14,Sierra,091,2930,0,0,0,0,0
2020-05-14,Siskiyou,093,43540,6,5,0,5,0
2020-05-14,Solano,095,438530,465,372,0,372,4
2020-05-14,Sonoma,097,501317,420,333,0,333,4
2020-05-14,Stanislaus,099,539301,612,533,4,537,23
2020-05-14,Sutter,101,95872,41,34,0,34,2
2020-05-14,Tehama,103,63373,3,1,0,1,1
2020-05-14,Trinity,105,12862,2,1,0,1,0
2020-05-14,Tulare,107,460477,1912,1317,7,1324,55
2020-05-14,Tuolumne,109,53932,3,2,0,2,0
2020-05-14,Ventura,111,848112,1151,760,5,765,25
2020-05-14,Yolo,113,214977,199,180,0,180,22
2020-05-14,Yuba,115,75493,26,21,0,21,1
2020-05-13,Alameda,001,1643700,2653,2181,3,2184,78
2020-05-13,Alpine,003,1148,1,1,0,1,0
2020-05-13,Amador,005,37829,10,8,0,8,0
2020-05-13,Butte,007,227075,41,21,1,22,0
2020-05-13,Calaveras,009,45235,14,13,0,13,0
2020-05-13,Colusa,011,21464,3,3,0,3,0
2020-05-13,Contra Costa,013,1133247,1247,1082,1,1083,32
2020-05-13,Del Norte,015,27424,13,4,0,4,0
2020-05-13,El Dorado,017,186661,79,58,0,58,0
2020-05-13,Fresno,019,978130,2010,993,30,1023,10
2020-05-13,Glenn,021,27897,11,6,0,6,0
2020-05-13,Humboldt,023,135768,83,58,0,58,0
2020-05-13,Imperial,025,180216,1411,610,0,610,11
2020-05-13,Inyo,027,18085,19,20,0,20,1
2020-05-13,Kern,029,883053,1795,1390,3,1393,19
2020-05-13,Kings,031,150075,461,314,2,316,1
2020-05-13,Lake,033,64148,13,7,0,7,0
2020-05-13,Lassen,035,31185,4,0,2,2,0
2020-05-13,Los Angeles,037,10098052,43038,34574,20,34594,1643
2020-05-13,Madera,039,155013,144,69,1,70,2
2020-05-13,Marin,041,260295,307,278,1,279,14
2020-05-13,Mariposa,043,17540,15,15,0,15,0
2020-05-13,Mendocino,045,87422,13,10,0,10,0
2020-05-13,Merced,047,269075,287,176,0,176,3
2020-05-13,Modoc,049,8938,0,0,0,0,0
2020-05-13,Mono,051,14174,35,31,0,31,1
2020-05-13,Monterey,053,433212,383,309,1,310,6
2020-05-13,Napa,055,140530,102,81,0,81,3
2020-05-13,Nevada,057,99092,41,41,1,42,1
2020-05-13,Orange,059,3164182,5920,4025,46,4071,79
2020-05-13,Placer,061,380077,192,170,0,170,8
2020-05-13,Plumas,063,18699,4,4,0,4,0
2020-05-13,Riverside,065,2383286,6353,5204,18,5222,216
2020-05-13,Sacramento,067,1510023,1259,1173,0,1173,53
2020-05-13,San Benito,069,59416,61,55,0,55,2
2020-05-13,San Bernardino,071,2135413,3939,3064,3,3067,140
2020-05-13,San Diego,073,3302833,6349,5280,0,5280,194
2020-05-13,San Francisco,075,870044,2242,2004,0,2004,35
2020-05-13,San Joaquin,077,732212,733,639,3,642,31
2020-05-13,San Luis Obispo,079,281455,313,231,3,234,1
2020-05-13,San Mateo,081,765935,1842,1550,2,1552,66
2020-05-13,Santa Barbara,083,443738,1533,1382,8,1390,10
2020-05-13,Santa Clara,085,1922200,2982,2370,10,2380,132
2020-05-13,Santa Cruz,087,273765,166,142,0,142,2
2020-05-13,Shasta,089,179085,48,32,0,32,4
2020-05-13,Sierra,091,2930,0,0,0,0,0
2020-05-13,Siskiyou,093,43540,6,5,0,5,0
2020-05-13,Solano,095,438530,452,368,0,368,4
2020-05-13,Sonoma,097,501317,410,330,0,330,4
2020-05-13,Stanislaus,099,539301,603,521,4,525,15
2020-05-13,Sutter,101,95872,41,33,0,33,2
2020-05-13,Tehama,103,63373,3,1,0,1,1
2020-05-13,Trinity,105,12862,2,2,0,2,0
2020-05-13,Tulare,107,460477,1879,1283,7,1290,54
2020-05-13,Tuolumne,109,53932,3,2,0,2,0
2020-05-13,Ventura,111,848112,1120,742,5,747,25
2020-05-13,Yolo,113,214977,197,178,0,178,22
2020-05-13,Yuba,115,75493,24,19,0,19,1
2020-05-12,Alameda,001,1643700,2589,2146,3,2149,74
2020-05-12,Alpine,003,1148,1,1,0,1,0
2020-05-12,Amador,005,37829,10,8,0,8,0
2020-05-12,Butte,007,227075,39,20,1,21,0
2020-05-12,Calaveras,009,45235,13,13,0,13,0
2020-05-12,Colusa,011,21464,3,3,0,3,0
2020-05-12,Contra Costa,013,1133247,1216,1067,1,1068,32
2020-05-12,Del Norte,015,27424,10,3,0,3,0
2020-05-12,El Dorado,017,186661,76,56,0,56,0
2020-05-12,Fresno,019,978130,1926,978,28,1006,9
2020-05-12,Glenn,021,27897,10,6,0,6,0
2020-05-12,Humboldt,023,135768,80,58,0,58,0
2020-05-12,Imperial,025,180216,1281,602,0,602,9
2020-05-12,Inyo,027,18085,19,20,0,20,1
2020-05-12,Kern,029,883053,1754,1363,3,1366,18
2020-05-12,Kings,031,150075,440,302,2,304,1
2020-05-12,Lake,033,64148,13,7,0,7,0
2020-05-12,Lassen,035,31185,4,0,2,2,0
2020-05-12,Los Angeles,037,10098052,42042,33281,19,33300,1601
2020-05-12,Madera,039,155013,138,69,1,70,2
2020-05-12,Marin,041,260295,302,274,1,275,14
2020-05-12,Mariposa,043,17540,15,15,0,15,0
2020-05-12,Mendocino,045,87422,13,10,0,10,0
2020-05-12,Merced,047,269075,276,175,0,175,3
2020-05-12,Modoc,049,8938,0,0,0,0,0
2020-05-12,Mono,051,14174,35,31,0,31,1
2020-05-12,Monterey,053,433212,376,298,1,299,6
2020-05-12,Napa,055,140530,100,80,0,80,3
2020-05-12,Nevada,057,99092,41,41,1,42,1
2020-05-12,Orange,059,3164182,5737,3843,44,3887,78
2020-05-12,Placer,061,380077,191,170,0,170,8
2020-05-12,Plumas,063,18699,4,4,0,4,0
2020-05-12,Riverside,065,2383286,6230,5134,18,5152,210
2020-05-12,Sacramento,067,1510023,1239,1166,0,1166,52
2020-05-12,San Benito,069,59416,61,55,0,55,2
2020-05-12,San Bernardino,071,2135413,3787,2997,3,3000,131
2020-05-12,San Diego,073,3302833,6205,3,0,3,0
2020-05-12,San Francisco,075,870044,2207,1981,0,1981,35
2020-05-12,San Joaquin,077,732212,718,625,3,628,30
2020-05-12,San Luis Obispo,079,281455,310,226,3,229,1
2020-05-12,San Mateo,081,765935,1816,1533,2,1535,66
2020-05-12,Santa Barbara,083,443738,1502,1377,8,1385,10
2020-05-12,Santa Clara,085,1922200,2952,2362,10,2372,131
2020-05-12,Santa Cruz,087,273765,164,141,0,141,2
2020-05-12,Shasta,089,179085,47,33,0,33,4
2020-05-12,Sierra,091,2930,0,0,0,0,0
2020-05-12,Siskiyou,093,43540,6,5,0,5,0
2020-05-12,Solano,095,438530,444,361,0,361,4
2020-05-12,Sonoma,097,501317,387,308,0,308,4
2020-05-12,Stanislaus,099,539301,596,515,4,519,15
2020-05-12,Sutter,101,95872,41,33,0,33,2
2020-05-12,Tehama,103,63373,3,1,0,1,1
2020-05-12,Trinity,105,12862,2,1,0,1,0
2020-05-12,Tulare,107,460477,1847,1261,7,1268,52
2020-05-12,Tuolumne,109,53932,3,2,0,2,0
2020-05-12,Ventura,111,848112,1064,718,5,723,20
2020-05-12,Yolo,113,214977,196,176,0,176,22
2020-05-12,Yuba,115,75493,24,19,0,19,1
2020-05-11,Alameda,001,1643700,2539,2103,3,2106,71
2020-05-11,Alpine,003,1148,1,1,0,1,0
2020-05-11,Amador,005,37829,10,8,0,8,0
2020-05-11,Butte,007,227075,38,19,1,20,0
2020-05-11,Calaveras,009,45235,13,13,0,13,0
2020-05-11,Colusa,011,21464,3,3,0,3,0
2020-05-11,Contra Costa,013,1133247,1202,1052,1,1053,32
2020-05-11,Del Norte,015,27424,8,3,0,3,0
2020-05-11,El Dorado,017,186661,76,55,0,55,0
2020-05-11,Fresno,019,978130,1835,937,27,964,8
2020-05-11,Glenn,021,27897,10,6,0,6,0
2020-05-11,Humboldt,023,135768,77,56,0,56,0
2020-05-11,Imperial,025,180216,1174,562,0,562,9
2020-05-11,Inyo,027,18085,19,20,0,20,1
2020-05-11,Kern,029,883053,1702,1331,3,1334,17
2020-05-11,Kings,031,150075,417,289,1,290,1
2020-05-11,Lake,033,64148,12,7,0,7,0
2020-05-11,Lassen,035,31185,4,0,2,2,0
2020-05-11,Los Angeles,037,10098052,40862,32279,19,32298,1553
2020-05-11,Madera,039,155013,129,68,1,69,2
2020-05-11,Marin,041,260295,293,271,1,272,14
2020-05-11,Mariposa,043,17540,15,15,0,15,0
2020-05-11,Mendocino,045,87422,13,10,0,10,0
2020-05-11,Merced,047,269075,261,158,0,158,3
2020-05-11,Modoc,049,8938,0,0,0,0,0
2020-05-11,Mono,051,14174,35,30,0,30,1
2020-05-11,Monterey,053,433212,373,286,1,287,6
2020-05-11,Napa,055,140530,94,79,0,79,2
2020-05-11,Nevada,057,99092,41,41,1,42,1
2020-05-11,Orange,059,3164182,5523,3699,38,3737,77
2020-05-11,Placer,061,380077,191,170,0,170,8
2020-05-11,Plumas,063,18699,4,4,0,4,0
2020-05-11,Riverside,065,2383286,6072,5082,17,5099,203
2020-05-11,Sacramento,067,1510023,1224,1160,0,1160,52
2020-05-11,San Benito,069,59416,59,52,0,52,2
2020-05-11,San Bernardino,071,2135413,3676,2945,3,2948,124
2020-05-11,San Diego,073,3302833,6052,5067,0,5067,175
2020-05-11,San Francisco,075,870044,2161,1974,0,1974,35
2020-05-11,San Joaquin,077,732212,708,620,3,623,30
2020-05-11,San Luis Obispo,079,281455,308,224,3,227,1
2020-05-11,San Mateo,081,765935,1790,1499,2,1501,66
2020-05-11,Santa Barbara,083,443738,1491,1372,7,1379,10
2020-05-11,Santa Clara,085,1922200,2935,2340,10,2350,129
2020-05-11,Santa Cruz,087,273765,161,140,0,140,2
2020-05-11,Shasta,089,179085,47,31,0,31,4
2020-05-11,Sierra,091,2930,0,0,0,0,0
2020-05-11,Siskiyou,093,43540,6,5,0,5,0
2020-05-11,Solano,095,438530,439,354,0,354,4
2020-05-11,Sonoma,097,501317,377,303,0,303,3
2020-05-11,Stanislaus,099,539301,586,507,4,511,14
2020-05-11,Sutter,101,95872,40,32,0,32,2
2020-05-11,Tehama,103,63373,3,1,0,1,1
2020-05-11,Trinity,105,12862,2,1,0,1,0
2020-05-11,Tulare,107,460477,1798,1203,7,1210,49
2020-05-11,Tuolumne,109,53932,3,2,0,2,0
2020-05-11,Ventura,111,848112,1003,698,4,702,19
2020-05-11,Yolo,113,214977,196,174,0,174,20
2020-05-11,Yuba,115,75493,24,18,0,18,1
2020-05-10,Alameda,001,1643700,2462,2047,3,2050,71
2020-05-10,Alpine,003,1148,1,1,0,1,0
2020-05-10,Amador,005,37829,10,8,0,8,0
2020-05-10,Butte,007,227075,33,18,1,19,0
2020-05-10,Calaveras,009,45235,13,13,0,13,0
2020-05-10,Colusa,011,21464,3,3,0,3,0
2020-05-10,Contra Costa,013,1133247,1188,1046,0,1046,31
2020-05-10,Del Norte,015,27424,7,3,0,3,0
2020-05-10,El Dorado,017,186661,76,55,0,55,0
2020-05-10,Fresno,019,978130,1750,894,27,921,8
2020-05-10,Glenn,021,27897,10,6,0,6,0
2020-05-10,Humboldt,023,135768,73,56,0,56,0
2020-05-10,Imperial,025,180216,1079,509,0,509,7
2020-05-10,Inyo,027,18085,19,20,0,20,1
2020-05-10,Kern,029,883053,1651,1300,2,1302,16
2020-05-10,Kings,031,150075,404,266,1,267,1
2020-05-10,Lake,033,64148,12,7,0,7,0
2020-05-10,Lassen,035,31185,4,0,2,2,0
2020-05-10,Los Angeles,037,10098052,39601,31711,19,31730,1514
2020-05-10,Madera,039,155013,127,65,1,66,2
2020-05-10,Marin,041,260295,285,267,1,268,14
2020-05-10,Mariposa,043,17540,15,15,0,15,0
2020-05-10,Mendocino,045,87422,12,10,0,10,0
2020-05-10,Merced,047,269075,246,154,0,154,3
2020-05-10,Modoc,049,8938,0,0,0,0,0
2020-05-10,Mono,051,14174,35,27,0,27,1
2020-05-10,Monterey,053,433212,359,282,1,283,6
2020-05-10,Napa,055,140530,88,79,0,79,2
2020-05-10,Nevada,057,99092,41,41,1,42,1
2020-05-10,Orange,059,3164182,5380,3627,38,3665,76
2020-05-10,Placer,061,380077,190,168,0,168,8
2020-05-10,Plumas,063,18699,4,4,0,4,0
2020-05-10,Riverside,065,2383286,5950,4951,17,4968,193
2020-05-10,Sacramento,067,1510023,1208,1152,0,1152,52
2020-05-10,San Benito,069,59416,59,52,0,52,2
2020-05-10,San Bernardino,071,2135413,3578,2910,3,2913,121
2020-05-10,San Diego,073,3302833,5900,4928,0,4928,175
2020-05-10,San Francisco,075,870044,2143,1953,0,1953,35
2020-05-10,San Joaquin,077,732212,693,611,3,614,29
2020-05-10,San Luis Obispo,079,281455,305,218,3,221,1
2020-05-10,San Mateo,081,765935,1768,1463,2,1465,65
2020-05-10,Santa Barbara,083,443738,1480,1323,7,1330,10
2020-05-10,Santa Clara,085,1922200,2908,2331,10,2341,129
2020-05-10,Santa Cruz,087,273765,160,139,0,139,2
2020-05-10,Shasta,089,179085,47,31,0,31,4
2020-05-10,Sierra,091,2930,0,0,0,0,0
2020-05-10,Siskiyou,093,43540,5,5,0,5,0
2020-05-10,Solano,095,438530,429,322,0,322,4
2020-05-10,Sonoma,097,501317,367,290,0,290,3
2020-05-10,Stanislaus,099,539301,579,498,4,502,14
2020-05-10,Sutter,101,95872,37,31,0,31,2
2020-05-10,Tehama,103,63373,3,1,0,1,1
2020-05-10,Trinity,105,12862,2,1,0,1,0
2020-05-10,Tulare,107,460477,1727,1143,7,1150,47
2020-05-10,Tuolumne,109,53932,3,2,0,2,0
2020-05-10,Ventura,111,848112,945,690,2,692,19
2020-05-10,Yolo,113,214977,196,173,0,173,20
2020-05-10,Yuba,115,75493,23,17,0,17,1
2020-05-09,Alameda,001,1643700,2419,2011,3,2014,71
2020-05-09,Alpine,003,1148,1,1,0,1,0
2020-05-09,Amador,005,37829,9,8,0,8,0
2020-05-09,Butte,007,227075,32,18,1,19,0
2020-05-09,Calaveras,009,45235,13,13,0,13,0
2020-05-09,Colusa,011,21464,3,3,0,3,0
2020-05-09,Contra Costa,013,1133247,1174,1039,0,1039,31
2020-05-09,Del Norte,015,27424,7,3,0,3,0
2020-05-09,El Dorado,017,186661,73,54,0,54,0
2020-05-09,Fresno,019,978130,1712,861,26,887,8
2020-05-09,Glenn,021,27897,9,6,0,6,0
2020-05-09,Humboldt,023,135768,71,55,0,55,0
2020-05-09,Imperial,025,180216,1023,474,0,474,7
2020-05-09,Inyo,027,18085,19,20,0,20,1
2020-05-09,Kern,029,883053,1615,1262,1,1263,15
2020-05-09,Kings,031,150075,399,264,1,265,1
2020-05-09,Lake,033,64148,12,7,0,7,0
2020-05-09,Lassen,035,31185,4,0,2,2,0
2020-05-09,Los Angeles,037,10098052,38979,31268,19,31287,1499
2020-05-09,Madera,039,155013,126,61,1,62,2
2020-05-09,Marin,041,260295,284,261,1,262,14
2020-05-09,Mariposa,043,17540,15,15,0,15,0
2020-05-09,Mendocino,045,87422,12,10,0,10,0
2020-05-09,Merced,047,269075,242,153,0,153,3
2020-05-09,Modoc,049,8938,0,0,0,0,0
2020-05-09,Mono,051,14174,35,27,0,27,1
2020-05-09,Monterey,053,433212,352,273,0,273,6
2020-05-09,Napa,055,140530,87,78,0,78,2
2020-05-09,Nevada,057,99092,41,41,1,42,1
2020-05-09,Orange,059,3164182,5297,3506,38,3544,75
2020-05-09,Placer,061,380077,189,168,0,168,8
2020-05-09,Plumas,063,18699,4,4,0,4,0
2020-05-09,Riverside,065,2383286,5855,4871,17,4888,183
2020-05-09,Sacramento,067,1510023,1204,1150,0,1150,52
2020-05-09,San Benito,069,59416,58,52,0,52,2
2020-05-09,San Bernardino,071,2135413,3522,2825,3,2828,121
2020-05-09,San Diego,073,3302833,5788,4778,0,4778,175
2020-05-09,San Francisco,075,870044,2128,1944,0,1944,34
2020-05-09,San Joaquin,077,732212,684,605,3,608,28
2020-05-09,San Luis Obispo,079,281455,301,213,3,216,1
2020-05-09,San Mateo,081,765935,1749,1453,2,1455,65
2020-05-09,Santa Barbara,083,443738,1472,1245,7,1252,10
2020-05-09,Santa Clara,085,1922200,2894,2317,10,2327,128
2020-05-09,Santa Cruz,087,273765,159,138,0,138,2
2020-05-09,Shasta,089,179085,47,31,0,31,4
2020-05-09,Sierra,091,2930,0,0,0,0,0
2020-05-09,Siskiyou,093,43540,5,5,0,5,0
2020-05-09,Solano,095,438530,423,321,0,321,4
2020-05-09,Sonoma,097,501317,363,288,0,288,3
2020-05-09,Stanislaus,099,539301,571,491,4,495,12
2020-05-09,Sutter,101,95872,37,31,0,31,2
2020-05-09,Tehama,103,63373,2,1,0,1,1
2020-05-09,Trinity,105,12862,2,1,0,1,0
2020-05-09,Tulare,107,460477,1699,1083,7,1090,47
2020-05-09,Tuolumne,109,53932,3,2,0,2,0
2020-05-09,Ventura,111,848112,924,679,2,681,19
2020-05-09,Yolo,113,214977,196,172,0,172,18
2020-05-09,Yuba,115,75493,23,17,0,17,1
2020-05-08,Alameda,001,1643700,2376,1955,3,1958,70
2020-05-08,Alpine,003,1148,1,1,0,1,0
2020-05-08,Amador,005,37829,9,8,0,8,0
2020-05-08,Butte,007,227075,32,18,1,19,0
2020-05-08,Calaveras,009,45235,13,13,0,13,0
2020-05-08,Colusa,011,21464,3,3,0,3,0
2020-05-08,Contra Costa,013,1133247,1162,1024,0,1024,29
2020-05-08,Del Norte,015,27424,7,3,0,3,0
2020-05-08,El Dorado,017,186661,72,54,0,54,0
2020-05-08,Fresno,019,978130,1670,838,24,862,8
2020-05-08,Glenn,021,27897,8,6,0,6,0
2020-05-08,Humboldt,023,135768,68,54,0,54,0
2020-05-08,Imperial,025,180216,978,467,0,467,7
2020-05-08,Inyo,027,18085,19,20,0,20,1
2020-05-08,Kern,029,883053,1584,1214,1,1215,13
2020-05-08,Kings,031,150075,390,236,1,237,1
2020-05-08,Lake,033,64148,12,7,0,7,0
2020-05-08,Lassen,035,31185,4,0,2,2,0
2020-05-08,Los Angeles,037,10098052,38245,30357,19,30376,1447
2020-05-08,Madera,039,155013,123,57,1,58,2
2020-05-08,Marin,041,260295,284,257,1,258,14
2020-05-08,Mariposa,043,17540,15,15,0,15,0
2020-05-08,Mendocino,045,87422,12,10,0,10,0
2020-05-08,Merced,047,269075,241,151,0,151,3
2020-05-08,Modoc,049,8938,0,0,0,0,0
2020-05-08,Mono,051,14174,32,27,0,27,1
2020-05-08,Monterey,053,433212,344,265,0,265,6
2020-05-08,Napa,055,140530,86,78,0,78,2
2020-05-08,Nevada,057,99092,41,41,1,42,1
2020-05-08,Orange,059,3164182,5150,3395,38,3433,72
2020-05-08,Placer,061,380077,187,166,0,166,8
2020-05-08,Plumas,063,18699,4,4,0,4,0
2020-05-08,Riverside,065,2383286,5755,4672,16,4688,181
2020-05-08,Sacramento,067,1510023,1199,1145,0,1145,51
2020-05-08,San Benito,069,59416,58,51,0,51,2
2020-05-08,San Bernardino,071,2135413,3474,2631,3,2634,119
2020-05-08,San Diego,073,3302833,5681,4664,0,4664,169
2020-05-08,San Francisco,075,870044,2110,1890,0,1890,33
2020-05-08,San Joaquin,077,732212,677,595,3,598,28
2020-05-08,San Luis Obispo,079,281455,298,210,3,213,1
2020-05-08,San Mateo,081,765935,1664,1423,2,1425,62
2020-05-08,Santa Barbara,083,443738,1463,1054,5,1059,8
2020-05-08,Santa Clara,085,1922200,2871,2285,10,2295,128
2020-05-08,Santa Cruz,087,273765,155,137,0,137,2
2020-05-08,Shasta,089,179085,47,31,0,31,4
2020-05-08,Sierra,091,2930,0,0,0,0,0
2020-05-08,Siskiyou,093,43540,5,5,0,5,0
2020-05-08,Solano,095,438530,418,314,0,314,4
2020-05-08,Sonoma,097,501317,358,285,0,285,3
2020-05-08,Stanislaus,099,539301,557,487,4,491,12
2020-05-08,Sutter,101,95872,37,30,0,30,2
2020-05-08,Tehama,103,63373,2,1,0,1,1
2020-05-08,Trinity,105,12862,2,0,0,0,0
2020-05-08,Tulare,107,460477,1654,1050,6,1056,43
2020-05-08,Tuolumne,109,53932,3,2,0,2,0
2020-05-08,Ventura,111,848112,906,665,2,667,19
2020-05-08,Yolo,113,214977,195,172,0,172,18
2020-05-08,Yuba,115,75493,22,16,0,16,1
2020-05-07,Alameda,001,1643700,2316,1914,3,1917,68
2020-05-07,Alpine,003,1148,1,1,0,1,0
2020-05-07,Amador,005,37829,9,8,0,8,0
2020-05-07,Butte,007,227075,32,19,1,20,0
2020-05-07,Calaveras,009,45235,13,13,0,13,0
2020-05-07,Colusa,011,21464,3,3,0,3,0
2020-05-07,Contra Costa,013,1133247,1148,1005,0,1005,29
2020-05-07,Del Norte,015,27424,6,3,0,3,0
2020-05-07,El Dorado,017,186661,71,54,0,54,0
2020-05-07,Fresno,019,978130,1584,812,23,835,8
2020-05-07,Glenn,021,27897,8,5,0,5,0
2020-05-07,Humboldt,023,135768,67,54,0,54,0
2020-05-07,Imperial,025,180216,915,442,0,442,6
2020-05-07,Inyo,027,18085,19,20,0,20,1
2020-05-07,Kern,029,883053,1540,1176,1,1177,13
2020-05-07,Kings,031,150075,367,219,1,220,1
2020-05-07,Lake,033,64148,11,7,0,7,0
2020-05-07,Lassen,035,31185,4,0,2,2,0
2020-05-07,Los Angeles,037,10098052,37123,29544,19,29563,1399
2020-05-07,Madera,039,155013,119,54,1,55,2
2020-05-07,Marin,041,260295,277,252,1,253,14
2020-05-07,Mariposa,043,17540,15,15,0,15,0
2020-05-07,Mendocino,045,87422,12,10,0,10,0
2020-05-07,Merced,047,269075,233,146,0,146,3
2020-05-07,Modoc,049,8938,0,0,0,0,0
2020-05-07,Mono,051,14174,32,26,0,26,1
2020-05-07,Monterey,053,433212,336,249,0,249,6
2020-05-07,Napa,055,140530,86,78,0,78,2
2020-05-07,Nevada,057,99092,41,41,1,42,1
2020-05-07,Orange,059,3164182,4964,3283,37,3320,69
2020-05-07,Placer,061,380077,187,165,0,165,8
2020-05-07,Plumas,063,18699,4,4,0,4,0
2020-05-07,Riverside,065,2383286,5639,4608,16,4624,170
2020-05-07,Sacramento,067,1510023,1193,1139,0,1139,50
2020-05-07,San Benito,069,59416,58,50,0,50,2
2020-05-07,San Bernardino,071,2135413,3382,2522,3,2525,115
2020-05-07,San Diego,073,3302833,5524,4431,0,4431,165
2020-05-07,San Francisco,075,870044,2079,1852,0,1852,33
2020-05-07,San Joaquin,077,732212,664,583,3,586,28
2020-05-07,San Luis Obispo,079,281455,287,209,3,212,1
2020-05-07,San Mateo,081,765935,1642,1398,2,1400,58
2020-05-07,Santa Barbara,083,443738,1436,720,4,724,8
2020-05-07,Santa Clara,085,1922200,2833,2281,10,2291,127
2020-05-07,Santa Cruz,087,273765,152,136,0,136,2
2020-05-07,Shasta,089,179085,46,31,0,31,4
2020-05-07,Sierra,091,2930,0,0,0,0,0
2020-05-07,Siskiyou,093,43540,5,5,0,5,0
2020-05-07,Solano,095,438530,412,307,0,307,4
2020-05-07,Sonoma,097,501317,346,282,0,282,3
2020-05-07,Stanislaus,099,539301,548,466,4,470,10
2020-05-07,Sutter,101,95872,37,29,0,29,2
2020-05-07,Tehama,103,63373,2,1,0,1,1
2020-05-07,Trinity,105,12862,2,0,0,0,0
2020-05-07,Tulare,107,460477,1586,1001,6,1007,41
2020-05-07,Tuolumne,109,53932,3,2,0,2,0
2020-05-07,Ventura,111,848112,882,647,1,648,19
2020-05-07,Yolo,113,214977,194,172,0,172,18
2020-05-07,Yuba,115,75493,22,16,0,16,1
2020-05-06,Alameda,001,1643700,2278,1864,3,1867,67
2020-05-06,Alpine,003,1148,1,1,0,1,0
2020-05-06,Amador,005,37829,9,8,0,8,0
2020-05-06,Butte,007,227075,31,19,1,20,0
2020-05-06,Calaveras,009,45235,13,13,0,13,0
2020-05-06,Colusa,011,21464,3,3,0,3,0
2020-05-06,Contra Costa,013,1133247,1127,990,0,990,29
2020-05-06,Del Norte,015,27424,6,3,0,3,0
2020-05-06,El Dorado,017,186661,69,53,0,53,0
2020-05-06,Fresno,019,978130,1521,773,21,794,8
2020-05-06,Glenn,021,27897,8,3,0,3,0
2020-05-06,Humboldt,023,135768,66,54,0,54,0
2020-05-06,Imperial,025,180216,847,399,0,399,6
2020-05-06,Inyo,027,18085,19,20,0,20,1
2020-05-06,Kern,029,883053,1484,1112,1,1113,12
2020-05-06,Kings,031,150075,349,208,1,209,1
2020-05-06,Lake,033,64148,11,7,0,7,0
2020-05-06,Lassen,035,31185,4,0,2,2,0
2020-05-06,Los Angeles,037,10098052,36117,28687,19,28706,1347
2020-05-06,Madera,039,155013,117,55,1,56,2
2020-05-06,Marin,041,260295,270,244,1,245,14
2020-05-06,Mariposa,043,17540,15,14,0,14,0
2020-05-06,Mendocino,045,87422,12,10,0,10,0
2020-05-06,Merced,047,269075,226,140,0,140,3
2020-05-06,Modoc,049,8938,0,0,0,0,0
2020-05-06,Mono,051,14174,32,26,0,26,1
2020-05-06,Monterey,053,433212,328,246,0,246,6
2020-05-06,Napa,055,140530,85,78,0,78,2
2020-05-06,Nevada,057,99092,41,41,1,42,1
2020-05-06,Orange,059,3164182,4780,3156,36,3192,66
2020-05-06,Placer,061,380077,184,164,0,164,8
2020-05-06,Plumas,063,18699,4,4,0,4,0
2020-05-06,Riverside,065,2383286,5495,4535,16,4551,163
2020-05-06,Sacramento,067,1510023,1187,1135,0,1135,49
2020-05-06,San Benito,069,59416,57,50,0,50,2
2020-05-06,San Bernardino,071,2135413,3260,2426,2,2428,110
2020-05-06,San Diego,073,3302833,5391,4321,0,4321,158
2020-05-06,San Francisco,075,870044,2054,1804,0,1804,32
2020-05-06,San Joaquin,077,732212,651,581,3,584,28
2020-05-06,San Luis Obispo,079,281455,284,207,3,210,1
2020-05-06,San Mateo,081,765935,1611,1348,2,1350,57
2020-05-06,Santa Barbara,083,443738,1395,565,3,568,8
2020-05-06,Santa Clara,085,1922200,2816,2270,9,2279,127
2020-05-06,Santa Cruz,087,273765,149,135,0,135,2
2020-05-06,Shasta,089,179085,45,31,0,31,4
2020-05-06,Sierra,091,2930,0,0,0,0,0
2020-05-06,Siskiyou,093,43540,5,5,0,5,0
2020-05-06,Solano,095,438530,402,300,0,300,4
2020-05-06,Sonoma,097,501317,330,269,0,269,3
2020-05-06,Stanislaus,099,539301,532,434,4,438,9
2020-05-06,Sutter,101,95872,37,29,0,29,2
2020-05-06,Tehama,103,63373,2,1,0,1,1
2020-05-06,Trinity,105,12862,2,0,0,0,0
2020-05-06,Tulare,107,460477,1538,963,6,969,40
2020-05-06,Tuolumne,109,53932,3,2,0,2,0
2020-05-06,Ventura,111,848112,855,619,1,620,19
2020-05-06,Yolo,113,214977,193,172,0,172,18
2020-05-06,Yuba,115,75493,22,15,0,15,1
2020-05-05,Alameda,001,1643700,2235,1819,3,1822,67
2020-05-05,Alpine,003,1148,1,1,0,1,0
2020-05-05,Amador,005,37829,9,8,0,8,0
2020-05-05,Butte,007,227075,30,19,1,20,0
2020-05-05,Calaveras,009,45235,13,13,0,13,0
2020-05-05,Colusa,011,21464,3,3,0,3,0
2020-05-05,Contra Costa,013,1133247,1109,976,0,976,29
2020-05-05,Del Norte,015,27424,6,3,0,3,0
2020-05-05,El Dorado,017,186661,67,54,0,54,0
2020-05-05,Fresno,019,978130,1448,726,19,745,8
2020-05-05,Glenn,021,27897,8,3,0,3,0
2020-05-05,Humboldt,023,135768,63,54,0,54,0
2020-05-05,Imperial,025,180216,792,389,0,389,6
2020-05-05,Inyo,027,18085,19,20,0,20,1
2020-05-05,Kern,029,883053,1432,1084,1,1085,11
2020-05-05,Kings,031,150075,331,187,1,188,1
2020-05-05,Lake,033,64148,10,7,0,7,0
2020-05-05,Lassen,035,31185,4,0,2,2,0
2020-05-05,Los Angeles,037,10098052,35050,27867,19,27886,1289
2020-05-05,Madera,039,155013,113,53,1,54,2
2020-05-05,Marin,041,260295,264,244,1,245,14
2020-05-05,Mariposa,043,17540,15,14,0,14,0
2020-05-05,Mendocino,045,87422,12,10,0,10,0
2020-05-05,Merced,047,269075,221,141,0,141,3
2020-05-05,Modoc,049,8938,0,0,0,0,0
2020-05-05,Mono,051,14174,32,25,0,25,1
2020-05-05,Monterey,053,433212,314,240,0,240,6
2020-05-05,Napa,055,140530,85,74,0,74,2
2020-05-05,Nevada,057,99092,41,41,1,42,1
2020-05-05,Orange,059,3164182,4656,3041,36,3077,63
2020-05-05,Placer,061,380077,184,162,0,162,8
2020-05-05,Plumas,063,18699,4,4,0,4,0
2020-05-05,Riverside,065,2383286,5385,4309,16,4325,161
2020-05-05,Sacramento,067,1510023,1180,1125,0,1125,48
2020-05-05,San Benito,069,59416,56,50,0,50,2
2020-05-05,San Bernardino,071,2135413,3167,2345,2,2347,104
2020-05-05,San Diego,073,3302833,5248,4162,0,4162,150
2020-05-05,San Francisco,075,870044,2019,1779,0,1779,31
2020-05-05,San Joaquin,077,732212,642,577,3,580,26
2020-05-05,San Luis Obispo,079,281455,282,203,3,206,1
2020-05-05,San Mateo,081,765935,1579,1335,2,1337,56
2020-05-05,Santa Barbara,083,443738,1174,541,3,544,7
2020-05-05,Santa Clara,085,1922200,2770,2249,8,2257,124
2020-05-05,Santa Cruz,087,273765,146,134,0,134,2
2020-05-05,Shasta,089,179085,44,31,0,31,4
2020-05-05,Sierra,091,2930,0,0,0,0,0
2020-05-05,Siskiyou,093,43540,5,5,0,5,0
2020-05-05,Solano,095,438530,386,299,0,299,4
2020-05-05,Sonoma,097,501317,327,263,0,263,3
2020-05-05,Stanislaus,099,539301,520,430,4,434,9
2020-05-05,Sutter,101,95872,36,29,0,29,2
2020-05-05,Tehama,103,63373,2,1,0,1,1
2020-05-05,Trinity,105,12862,2,0,0,0,0
2020-05-05,Tulare,107,460477,1440,869,6,875,40
2020-05-05,Tuolumne,109,53932,3,2,0,2,0
2020-05-05,Ventura,111,848112,831,607,1,608,19
2020-05-05,Yolo,113,214977,191,171,0,171,18
2020-05-05,Yuba,115,75493,22,15,0,15,1
2020-05-04,Alameda,001,1643700,2177,1762,2,1764,65
2020-05-04,Alpine,003,1148,1,1,0,1,0
2020-05-04,Amador,005,37829,8,8,0,8,0
2020-05-04,Butte,007,227075,29,16,1,17,0
2020-05-04,Calaveras,009,45235,13,13,0,13,0
2020-05-04,Colusa,011,21464,3,3,0,3,0
2020-05-04,Contra Costa,013,1133247,1091,949,0,949,28
2020-05-04,Del Norte,015,27424,5,3,0,3,0
2020-05-04,El Dorado,017,186661,66,51,0,51,0
2020-05-04,Fresno,019,978130,1378,680,18,698,8
2020-05-04,Glenn,021,27897,8,4,0,4,0
2020-05-04,Humboldt,023,135768,61,54,0,54,0
2020-05-04,Imperial,025,180216,740,351,0,351,6
2020-05-04,Inyo,027,18085,19,20,0,20,1
2020-05-04,Kern,029,883053,1390,1047,1,1048,8
2020-05-04,Kings,031,150075,314,153,1,154,1
2020-05-04,Lake,033,64148,9,7,0,7,0
2020-05-04,Lassen,035,31185,3,0,2,2,0
2020-05-04,Los Angeles,037,10098052,33764,26243,17,26260,1235
2020-05-04,Madera,039,155013,110,52,1,53,2
2020-05-04,Marin,041,260295,259,244,1,245,13
2020-05-04,Mariposa,043,17540,15,13,0,13,0
2020-05-04,Mendocino,045,87422,12,10,0,10,0
2020-05-04,Merced,047,269075,221,138,0,138,3
2020-05-04,Modoc,049,8938,0,0,0,0,0
2020-05-04,Mono,051,14174,32,25,0,25,1
2020-05-04,Monterey,053,433212,303,237,0,237,6
2020-05-04,Napa,055,140530,85,72,0,72,2
2020-05-04,Nevada,057,99092,41,41,1,42,1
2020-05-04,Orange,059,3164182,4518,2931,33,2964,57
2020-05-04,Placer,061,380077,182,162,0,162,8
2020-05-04,Plumas,063,18699,4,4,0,4,0
2020-05-04,Riverside,065,2383286,5291,4221,16,4237,147
2020-05-04,Sacramento,067,1510023,1170,1119,0,1119,44
2020-05-04,San Benito,069,59416,54,49,0,49,2
2020-05-04,San Bernardino,071,2135413,3027,2184,2,2186,99
2020-05-04,San Diego,073,3302833,5107,4022,0,4022,144
2020-05-04,San Francisco,075,870044,1981,1760,0,1760,31
2020-05-04,San Joaquin,077,732212,628,574,3,577,26
2020-05-04,San Luis Obispo,079,281455,279,202,3,205,1
2020-05-04,San Mateo,081,765935,1554,1313,2,1315,53
2020-05-04,Santa Barbara,083,443738,927,524,3,527,7
2020-05-04,Santa Clara,085,1922200,2755,2238,8,2246,119
2020-05-04,Santa Cruz,087,273765,145,133,0,133,2
2020-05-04,Shasta,089,179085,42,31,0,31,4
2020-05-04,Sierra,091,2930,0,0,0,0,0
2020-05-04,Siskiyou,093,43540,5,5,0,5,0
2020-05-04,Solano,095,438530,372,293,0,293,4
2020-05-04,Sonoma,097,501317,313,256,0,256,4
2020-05-04,Stanislaus,099,539301,514,422,4,426,8
2020-05-04,Sutter,101,95872,33,28,0,28,2
2020-05-04,Tehama,103,63373,2,1,0,1,1
2020-05-04,Trinity,105,12862,1,0,0,0,0
2020-05-04,Tulare,107,460477,1361,760,6,766,40
2020-05-04,Tuolumne,109,53932,3,3,0,3,0
2020-05-04,Ventura,111,848112,810,590,1,591,19
2020-05-04,Yolo,113,214977,190,171,0,171,18
2020-05-04,Yuba,115,75493,19,16,0,16,1
2020-05-03,Alameda,001,1643700,2119,1731,2,1733,64
2020-05-03,Alpine,003,1148,1,1,0,1,0
2020-05-03,Amador,005,37829,8,8,0,8,0
2020-05-03,Butte,007,227075,29,17,1,18,0
2020-05-03,Calaveras,009,45235,13,13,0,13,0
2020-05-03,Colusa,011,21464,3,3,0,3,0
2020-05-03,Contra Costa,013,1133247,1075,945,0,945,28
2020-05-03,Del Norte,015,27424,5,3,0,3,0
2020-05-03,El Dorado,017,186661,64,49,0,49,0
2020-05-03,Fresno,019,978130,1286,646,15,661,8
2020-05-03,Glenn,021,27897,7,5,0,5,0
2020-05-03,Humboldt,023,135768,60,54,0,54,0
2020-05-03,Imperial,025,180216,684,351,0,351,6
2020-05-03,Inyo,027,18085,19,20,0,20,1
2020-05-03,Kern,029,883053,1335,1025,1,1026,8
2020-05-03,Kings,031,150075,294,137,1,138,1
2020-05-03,Lake,033,64148,9,7,0,7,0
2020-05-03,Lassen,035,31185,3,0,2,2,0
2020-05-03,Los Angeles,037,10098052,32804,25708,16,25724,1210
2020-05-03,Madera,039,155013,103,46,1,47,2
2020-05-03,Marin,041,260295,254,243,1,244,13
2020-05-03,Mariposa,043,17540,15,13,0,13,0
2020-05-03,Mendocino,045,87422,12,10,0,10,0
2020-05-03,Merced,047,269075,213,134,0,134,3
2020-05-03,Modoc,049,8938,0,0,0,0,0
2020-05-03,Mono,051,14174,32,25,0,25,1
2020-05-03,Monterey,053,433212,294,235,0,235,6
2020-05-03,Napa,055,140530,85,72,0,72,2
2020-05-03,Nevada,057,99092,41,41,1,42,1
2020-05-03,Orange,059,3164182,4344,2859,32,2891,55
2020-05-03,Placer,061,380077,182,161,0,161,8
2020-05-03,Plumas,063,18699,4,4,0,4,0
2020-05-03,Riverside,065,2383286,5186,4034,16,4050,139
2020-05-03,Sacramento,067,1510023,1161,1109,0,1109,43
2020-05-03,San Benito,069,59416,54,49,0,49,2
2020-05-03,San Bernardino,071,2135413,2967,2123,2,2125,99
2020-05-03,San Diego,073,3302833,4970,3929,0,3929,142
2020-05-03,San Francisco,075,870044,1952,1692,0,1692,30
2020-05-03,San Joaquin,077,732212,621,570,3,573,26
2020-05-03,San Luis Obispo,079,281455,276,200,3,203,1
2020-05-03,San Mateo,081,765935,1526,1277,2,1279,53
2020-05-03,Santa Barbara,083,443738,568,512,3,515,7
2020-05-03,Santa Clara,085,1922200,2718,2235,8,2243,116
2020-05-03,Santa Cruz,087,273765,145,133,0,133,2
2020-05-03,Shasta,089,179085,40,31,0,31,4
2020-05-03,Sierra,091,2930,0,0,0,0,0
2020-05-03,Siskiyou,093,43540,5,5,0,5,0
2020-05-03,Solano,095,438530,362,266,0,266,4
2020-05-03,Sonoma,097,501317,304,254,0,254,4
2020-05-03,Stanislaus,099,539301,486,411,4,415,8
2020-05-03,Sutter,101,95872,31,28,0,28,2
2020-05-03,Tehama,103,63373,2,1,0,1,1
2020-05-03,Trinity,105,12862,1,0,0,0,0
2020-05-03,Tulare,107,460477,1282,736,6,742,40
2020-05-03,Tuolumne,109,53932,3,3,0,3,0
2020-05-03,Ventura,111,848112,776,583,1,584,19
2020-05-03,Yolo,113,214977,189,171,0,171,18
2020-05-03,Yuba,115,75493,19,16,0,16,1
2020-05-02,Alameda,001,1643700,2082,1678,2,1680,63
2020-05-02,Alpine,003,1148,1,1,0,1,0
2020-05-02,Amador,005,37829,8,8,0,8,0
2020-05-02,Butte,007,227075,29,17,1,18,0
2020-05-02,Calaveras,009,45235,13,13,0,13,0
2020-05-02,Colusa,011,21464,3,3,0,3,0
2020-05-02,Contra Costa,013,1133247,1057,929,0,929,28
2020-05-02,Del Norte,015,27424,5,3,0,3,0
2020-05-02,El Dorado,017,186661,64,47,0,47,0
2020-05-02,Fresno,019,978130,1260,629,14,643,8
2020-05-02,Glenn,021,27897,7,5,0,5,0
2020-05-02,Humboldt,023,135768,60,54,0,54,0
2020-05-02,Imperial,025,180216,657,345,0,345,6
2020-05-02,Inyo,027,18085,19,20,0,20,1
2020-05-02,Kern,029,883053,1309,1007,1,1008,8
2020-05-02,Kings,031,150075,291,120,1,121,1
2020-05-02,Lake,033,64148,9,7,0,7,0
2020-05-02,Lassen,035,31185,3,0,2,2,0
2020-05-02,Los Angeles,037,10098052,32274,24955,16,24971,1192
2020-05-02,Madera,039,155013,103,46,1,47,2
2020-05-02,Marin,041,260295,253,243,1,244,13
2020-05-02,Mariposa,043,17540,15,13,0,13,0
2020-05-02,Mendocino,045,87422,12,10,0,10,0
2020-05-02,Merced,047,269075,210,131,0,131,3
2020-05-02,Modoc,049,8938,0,0,0,0,0
2020-05-02,Mono,051,14174,32,25,0,25,1
2020-05-02,Monterey,053,433212,288,225,0,225,5
2020-05-02,Napa,055,140530,85,71,0,71,2
2020-05-02,Nevada,057,99092,41,41,1,42,1
2020-05-02,Orange,059,3164182,4230,2774,32,2806,52
2020-05-02,Placer,061,380077,180,150,0,150,8
2020-05-02,Plumas,063,18699,4,4,0,4,0
2020-05-02,Riverside,065,2383286,5120,3997,16,4013,137
2020-05-02,Sacramento,067,1510023,1158,1097,0,1097,43
2020-05-02,San Benito,069,59416,54,49,0,49,2
2020-05-02,San Bernardino,071,2135413,2928,2124,2,2126,99
2020-05-02,San Diego,073,3302833,4868,3844,0,3844,138
2020-05-02,San Francisco,075,870044,1929,1632,0,1632,29
2020-05-02,San Joaquin,077,732212,613,559,3,562,25
2020-05-02,San Luis Obispo,079,281455,270,193,3,196,1
2020-05-02,San Mateo,081,765935,1510,1272,2,1274,52
2020-05-02,Santa Barbara,083,443738,560,506,3,509,7
2020-05-02,Santa Clara,085,1922200,2708,2203,8,2211,115
2020-05-02,Santa Cruz,087,273765,144,131,0,131,2
2020-05-02,Shasta,089,179085,40,31,0,31,4
2020-05-02,Sierra,091,2930,0,0,0,0,0
2020-05-02,Siskiyou,093,43540,5,5,0,5,0
2020-05-02,Solano,095,438530,355,267,0,267,4
2020-05-02,Sonoma,097,501317,301,250,0,250,3
2020-05-02,Stanislaus,099,539301,478,388,4,392,8
2020-05-02,Sutter,101,95872,31,28,0,28,2
2020-05-02,Tehama,103,63373,2,1,0,1,1
2020-05-02,Trinity,105,12862,1,0,0,0,0
2020-05-02,Tulare,107,460477,1239,711,6,717,35
2020-05-02,Tuolumne,109,53932,3,3,0,3,0
2020-05-02,Ventura,111,848112,762,564,1,565,19
2020-05-02,Yolo,113,214977,189,169,0,169,17
2020-05-02,Yuba,115,75493,19,16,0,16,1
2020-05-01,Alameda,001,1643700,2044,1630,2,1632,63
2020-05-01,Alpine,003,1148,1,1,0,1,0
2020-05-01,Amador,005,37829,8,8,0,8,0
2020-05-01,Butte,007,227075,29,17,1,18,0
2020-05-01,Calaveras,009,45235,13,13,0,13,0
2020-05-01,Colusa,011,21464,3,3,0,3,0
2020-05-01,Contra Costa,013,1133247,1043,915,0,915,28
2020-05-01,Del Norte,015,27424,5,3,0,3,0
2020-05-01,El Dorado,017,186661,64,47,0,47,0
2020-05-01,Fresno,019,978130,1229,617,14,631,7
2020-05-01,Glenn,021,27897,7,4,0,4,0
2020-05-01,Humboldt,023,135768,60,54,0,54,0
2020-05-01,Imperial,025,180216,620,337,0,337,6
2020-05-01,Inyo,027,18085,19,20,0,20,1
2020-05-01,Kern,029,883053,1282,972,1,973,8
2020-05-01,Kings,031,150075,274,112,1,113,1
2020-05-01,Lake,033,64148,9,6,0,6,0
2020-05-01,Lassen,035,31185,3,0,2,2,0
2020-05-01,Los Angeles,037,10098052,31518,24306,16,24322,1155
2020-05-01,Madera,039,155013,99,46,1,47,2
2020-05-01,Marin,041,260295,253,242,1,243,13
2020-05-01,Mariposa,043,17540,15,10,0,10,0
2020-05-01,Mendocino,045,87422,12,11,0,11,0
2020-05-01,Merced,047,269075,207,131,0,131,3
2020-05-01,Modoc,049,8938,0,0,0,0,0
2020-05-01,Mono,051,14174,32,25,0,25,1
2020-05-01,Monterey,053,433212,284,222,0,222,5
2020-05-01,Napa,055,140530,85,69,0,69,2
2020-05-01,Nevada,057,99092,41,41,1,42,1
2020-05-01,Orange,059,3164182,4153,2660,30,2690,51
2020-05-01,Placer,061,380077,179,149,0,149,8
2020-05-01,Plumas,063,18699,4,4,0,4,0
2020-05-01,Riverside,065,2383286,5056,3893,16,3909,132
2020-05-01,Sacramento,067,1510023,1153,1081,0,1081,43
2020-05-01,San Benito,069,59416,54,49,0,49,2
2020-05-01,San Bernardino,071,2135413,2873,2084,2,2086,98
2020-05-01,San Diego,073,3302833,4777,3713,0,3713,134
2020-05-01,San Francisco,075,870044,1885,1552,0,1552,29
2020-05-01,San Joaquin,077,732212,609,554,3,557,25
2020-05-01,San Luis Obispo,079,281455,267,186,3,189,1
2020-05-01,San Mateo,081,765935,1488,1222,2,1224,52
2020-05-01,Santa Barbara,083,443738,554,499,2,501,7
2020-05-01,Santa Clara,085,1922200,2696,2176,8,2184,112
2020-05-01,Santa Cruz,087,273765,144,127,0,127,2
2020-05-01,Shasta,089,179085,40,31,0,31,4
2020-05-01,Sierra,091,2930,0,0,0,0,0
2020-05-01,Siskiyou,093,43540,5,5,0,5,0
2020-05-01,Solano,095,438530,347,266,0,266,4
2020-05-01,Sonoma,097,501317,298,242,0,242,3
2020-05-01,Stanislaus,099,539301,473,384,4,388,8
2020-05-01,Sutter,101,95872,31,28,0,28,2
2020-05-01,Tehama,103,63373,2,1,0,1,1
2020-05-01,Trinity,105,12862,1,0,0,0,0
2020-05-01,Tulare,107,460477,1195,685,6,691,32
2020-05-01,Tuolumne,109,53932,3,3,0,3,0
2020-05-01,Ventura,111,848112,749,556,1,557,18
2020-05-01,Yolo,113,214977,189,165,0,165,18
2020-05-01,Yuba,115,75493,19,16,0,16,1
2020-04-30,Alameda,001,1643700,1984,1599,2,1601,60
2020-04-30,Alpine,003,1148,1,1,0,1,0
2020-04-30,Amador,005,37829,8,8,0,8,0
2020-04-30,Butte,007,227075,29,16,1,17,0
2020-04-30,Calaveras,009,45235,13,13,0,13,0
2020-04-30,Colusa,011,21464,3,3,0,3,0
2020-04-30,Contra Costa,013,1133247,1021,900,0,900,25
2020-04-30,Del Norte,015,27424,4,3,0,3,0
2020-04-30,El Dorado,017,186661,64,44,0,44,0
2020-04-30,Fresno,019,978130,1164,562,11,573,7
2020-04-30,Glenn,021,27897,7,4,0,4,0
2020-04-30,Humboldt,023,135768,60,54,0,54,0
2020-04-30,Imperial,025,180216,574,322,0,322,6
2020-04-30,Inyo,027,18085,19,20,0,20,1
2020-04-30,Kern,029,883053,1250,941,1,942,8
2020-04-30,Kings,031,150075,262,87,1,88,1
2020-04-30,Lake,033,64148,9,6,0,6,0
2020-04-30,Lassen,035,31185,3,0,2,2,0
2020-04-30,Los Angeles,037,10098052,30509,23284,16,23300,1099
2020-04-30,Madera,039,155013,88,46,1,47,2
2020-04-30,Marin,041,260295,253,240,1,241,13
2020-04-30,Mariposa,043,17540,15,3,0,3,0
2020-04-30,Mendocino,045,87422,12,11,0,11,0
2020-04-30,Merced,047,269075,200,122,0,122,3
2020-04-30,Modoc,049,8938,0,0,0,0,0
2020-04-30,Mono,051,14174,31,25,0,25,1
2020-04-30,Monterey,053,433212,274,213,0,213,5
2020-04-30,Napa,055,140530,83,69,0,69,2
2020-04-30,Nevada,057,99092,41,41,1,42,1
2020-04-30,Orange,059,3164182,3930,2591,27,2618,46
2020-04-30,Placer,061,380077,178,148,0,148,8
2020-04-30,Plumas,063,18699,4,4,0,4,0
2020-04-30,Riverside,065,2383286,4956,3820,15,3835,124
2020-04-30,Sacramento,067,1510023,1147,1071,0,1071,43
2020-04-30,San Benito,069,59416,54,48,0,48,2
2020-04-30,San Bernardino,071,2135413,2671,2020,2,2022,96
2020-04-30,San Diego,073,3302833,4606,3566,0,3566,124
2020-04-30,San Francisco,075,870044,1851,1518,0,1518,26
2020-04-30,San Joaquin,077,732212,601,548,3,551,25
2020-04-30,San Luis Obispo,079,281455,264,182,3,185,1
2020-04-30,San Mateo,081,765935,1458,1194,2,1196,52
2020-04-30,Santa Barbara,083,443738,542,490,2,492,7
2020-04-30,Santa Clara,085,1922200,2656,2172,8,2180,111
2020-04-30,Santa Cruz,087,273765,143,126,0,126,2
2020-04-30,Shasta,089,179085,39,31,0,31,4
2020-04-30,Sierra,091,2930,0,0,0,0,0
2020-04-30,Siskiyou,093,43540,5,5,0,5,0
2020-04-30,Solano,095,438530,337,262,0,262,4
2020-04-30,Sonoma,097,501317,289,233,0,233,3
2020-04-30,Stanislaus,099,539301,466,378,4,382,7
2020-04-30,Sutter,101,95872,31,28,0,28,2
2020-04-30,Tehama,103,63373,1,1,0,1,1
2020-04-30,Trinity,105,12862,1,0,0,0,0
2020-04-30,Tulare,107,460477,1129,637,6,643,31
2020-04-30,Tuolumne,109,53932,3,3,0,3,0
2020-04-30,Ventura,111,848112,721,547,1,548,18
2020-04-30,Yolo,113,214977,188,164,0,164,16
2020-04-30,Yuba,115,75493,19,15,0,15,1
2020-04-29,Alameda,001,1643700,1926,1564,2,1566,60
2020-04-29,Alpine,003,1148,1,1,0,1,0
2020-04-29,Amador,005,37829,8,8,0,8,0
2020-04-29,Butte,007,227075,29,16,1,17,0
2020-04-29,Calaveras,009,45235,13,13,0,13,0
2020-04-29,Colusa,011,21464,3,3,0,3,0
2020-04-29,Contra Costa,013,1133247,1002,885,0,885,25
2020-04-29,Del Norte,015,27424,4,3,0,3,0
2020-04-29,El Dorado,017,186661,62,44,0,44,0
2020-04-29,Fresno,019,978130,1112,544,11,555,7
2020-04-29,Glenn,021,27897,7,4,0,4,0
2020-04-29,Humboldt,023,135768,60,53,0,53,0
2020-04-29,Imperial,025,180216,544,300,0,300,6
2020-04-29,Inyo,027,18085,19,20,0,20,1
2020-04-29,Kern,029,883053,1207,910,1,911,6
2020-04-29,Kings,031,150075,243,80,1,81,1
2020-04-29,Lake,033,64148,9,6,0,6,0
2020-04-29,Lassen,035,31185,3,0,2,2,0
2020-04-29,Los Angeles,037,10098052,29531,22560,15,22575,1043
2020-04-29,Madera,039,155013,86,45,1,46,2
2020-04-29,Marin,041,260295,250,234,1,235,13
2020-04-29,Mariposa,043,17540,15,1,0,1,0
2020-04-29,Mendocino,045,87422,12,11,0,11,0
2020-04-29,Merced,047,269075,193,116,0,116,3
2020-04-29,Modoc,049,8938,0,0,0,0,0
2020-04-29,Mono,051,14174,31,25,0,25,1
2020-04-29,Monterey,053,433212,266,204,0,204,5
2020-04-29,Napa,055,140530,81,68,0,68,2
2020-04-29,Nevada,057,99092,41,41,1,42,1
2020-04-29,Orange,059,3164182,3795,2421,26,2447,43
2020-04-29,Placer,061,380077,176,145,0,145,8
2020-04-29,Plumas,063,18699,4,4,0,4,0
2020-04-29,Riverside,065,2383286,4879,3700,15,3715,116
2020-04-29,Sacramento,067,1510023,1125,1055,0,1055,41
2020-04-29,San Benito,069,59416,54,48,0,48,2
2020-04-29,San Bernardino,071,2135413,2584,1975,1,1976,91
2020-04-29,San Diego,073,3302833,4464,3434,0,3434,120
2020-04-29,San Francisco,075,870044,1823,1489,0,1489,23
2020-04-29,San Joaquin,077,732212,593,540,3,543,25
2020-04-29,San Luis Obispo,079,281455,262,181,3,184,1
2020-04-29,San Mateo,081,765935,1432,1170,2,1172,50
2020-04-29,Santa Barbara,083,443738,529,477,2,479,7
2020-04-29,Santa Clara,085,1922200,2629,2147,8,2155,108
2020-04-29,Santa Cruz,087,273765,142,124,0,124,2
2020-04-29,Shasta,089,179085,38,31,0,31,4
2020-04-29,Sierra,091,2930,0,0,0,0,0
2020-04-29,Siskiyou,093,43540,5,5,0,5,0
2020-04-29,Solano,095,438530,313,252,0,252,3
2020-04-29,Sonoma,097,501317,281,230,0,230,2
2020-04-29,Stanislaus,099,539301,453,374,4,378,5
2020-04-29,Sutter,101,95872,31,28,0,28,2
2020-04-29,Tehama,103,63373,1,1,0,1,1
2020-04-29,Trinity,105,12862,1,0,0,0,0
2020-04-29,Tulare,107,460477,1056,615,5,620,30
2020-04-29,Tuolumne,109,53932,3,4,0,4,0
2020-04-29,Ventura,111,848112,697,530,1,531,18
2020-04-29,Yolo,113,214977,185,161,0,161,11
2020-04-29,Yuba,115,75493,19,15,0,15,1
2020-04-28,Alameda,001,1643700,1869,1525,2,1527,55
2020-04-28,Alpine,003,1148,1,1,0,1,0
2020-04-28,Amador,005,37829,8,8,0,8,0
2020-04-28,Butte,007,227075,29,16,1,17,0
2020-04-28,Calaveras,009,45235,13,13,0,13,0
2020-04-28,Colusa,011,21464,3,3,0,3,0
2020-04-28,Contra Costa,013,1133247,995,866,0,866,25
2020-04-28,Del Norte,015,27424,4,3,0,3,0
2020-04-28,El Dorado,017,186661,61,43,0,43,0
2020-04-28,Fresno,019,978130,1061,525,9,534,7
2020-04-28,Glenn,021,27897,5,4,0,4,0
2020-04-28,Humboldt,023,135768,59,53,0,53,0
2020-04-28,Imperial,025,180216,510,295,0,295,6
2020-04-28,Inyo,027,18085,19,20,0,20,1
2020-04-28,Kern,029,883053,1164,882,1,883,5
2020-04-28,Kings,031,150075,230,57,1,58,1
2020-04-28,Lake,033,64148,9,6,0,6,0
2020-04-28,Lassen,035,31185,3,0,2,2,0
2020-04-28,Los Angeles,037,10098052,28467,21029,15,21044,984
2020-04-28,Madera,039,155013,86,44,1,45,2
2020-04-28,Marin,041,260295,249,228,1,229,12
2020-04-28,Mariposa,043,17540,15,0,0,0,0
2020-04-28,Mendocino,045,87422,12,10,0,10,0
2020-04-28,Merced,047,269075,186,108,0,108,3
2020-04-28,Modoc,049,8938,0,0,0,0,0
2020-04-28,Mono,051,14174,31,25,0,25,1
2020-04-28,Monterey,053,433212,260,191,0,191,5
2020-04-28,Napa,055,140530,80,67,0,67,2
2020-04-28,Nevada,057,99092,41,41,1,42,1
2020-04-28,Orange,059,3164182,3632,2324,25,2349,42
2020-04-28,Placer,061,380077,166,143,0,143,8
2020-04-28,Plumas,063,18699,4,4,0,4,0
2020-04-28,Riverside,065,2383286,4784,3504,15,3519,113
2020-04-28,Sacramento,067,1510023,1110,1044,0,1044,41
2020-04-28,San Benito,069,59416,52,46,0,46,2
2020-04-28,San Bernardino,071,2135413,2507,1891,1,1892,89
2020-04-28,San Diego,073,3302833,4334,3316,0,3316,118
2020-04-28,San Francisco,075,870044,1788,1471,0,1471,23
2020-04-28,San Joaquin,077,732212,587,532,3,535,25
2020-04-28,San Luis Obispo,079,281455,255,172,3,175,1
2020-04-28,San Mateo,081,765935,1419,1129,2,1131,48
2020-04-28,Santa Barbara,083,443738,524,469,2,471,7
2020-04-28,Santa Clara,085,1922200,2595,2130,8,2138,106
2020-04-28,Santa Cruz,087,273765,142,123,0,123,2
2020-04-28,Shasta,089,179085,38,29,0,29,4
2020-04-28,Sierra,091,2930,0,0,0,0,0
2020-04-28,Siskiyou,093,43540,5,5,0,5,0
2020-04-28,Solano,095,438530,294,246,0,246,3
2020-04-28,Sonoma,097,501317,278,226,0,226,1
2020-04-28,Stanislaus,099,539301,437,330,4,334,5
2020-04-28,Sutter,101,95872,31,25,0,25,2
2020-04-28,Tehama,103,63373,1,1,0,1,1
2020-04-28,Trinity,105,12862,1,0,0,0,0
2020-04-28,Tulare,107,460477,960,579,5,584,30
2020-04-28,Tuolumne,109,53932,3,4,0,4,0
2020-04-28,Ventura,111,848112,677,517,1,518,17
2020-04-28,Yolo,113,214977,185,160,0,160,10
2020-04-28,Yuba,115,75493,19,15,0,15,1
2020-04-27,Alameda,001,1643700,1809,1494,2,1496,53
2020-04-27,Alpine,003,1148,1,1,0,1,0
2020-04-27,Amador,005,37829,8,8,0,8,0
2020-04-27,Butte,007,227075,28,16,1,17,0
2020-04-27,Calaveras,009,45235,13,13,0,13,0
2020-04-27,Colusa,011,21464,3,3,0,3,0
2020-04-27,Contra Costa,013,1133247,983,843,0,843,25
2020-04-27,Del Norte,015,27424,4,3,0,3,0
2020-04-27,El Dorado,017,186661,60,43,0,43,0
2020-04-27,Fresno,019,978130,958,504,8,512,7
2020-04-27,Glenn,021,27897,5,4,0,4,0
2020-04-27,Humboldt,023,135768,59,52,0,52,0
2020-04-27,Imperial,025,180216,480,290,0,290,6
2020-04-27,Inyo,027,18085,19,20,0,20,1
2020-04-27,Kern,029,883053,1125,865,1,866,4
2020-04-27,Kings,031,150075,207,48,1,49,1
2020-04-27,Lake,033,64148,8,6,0,6,0
2020-04-27,Lassen,035,31185,3,0,2,2,0
2020-04-27,Los Angeles,037,10098052,27448,20456,15,20471,931
2020-04-27,Madera,039,155013,84,42,1,43,2
2020-04-27,Marin,041,260295,244,227,1,228,12
2020-04-27,Mariposa,043,17540,14,0,0,0,0
2020-04-27,Mendocino,045,87422,12,10,0,10,0
2020-04-27,Merced,047,269075,183,108,0,108,3
2020-04-27,Modoc,049,8938,0,0,0,0,0
2020-04-27,Mono,051,14174,31,23,0,23,1
2020-04-27,Monterey,053,433212,253,185,0,185,4
2020-04-27,Napa,055,140530,77,64,0,64,2
2020-04-27,Nevada,057,99092,41,39,1,40,1
2020-04-27,Orange,059,3164182,3464,2198,25,2223,42
2020-04-27,Placer,061,380077,166,142,0,142,8
2020-04-27,Plumas,063,18699,4,4,0,4,0
2020-04-27,Riverside,065,2383286,4661,3381,15,3396,100
2020-04-27,Sacramento,067,1510023,1095,1035,0,1035,41
2020-04-27,San Benito,069,59416,50,45,0,45,2
2020-04-27,San Bernardino,071,2135413,2393,1742,1,1743,82
2020-04-27,San Diego,073,3302833,4208,3143,0,3143,113
2020-04-27,San Francisco,075,870044,1734,1453,0,1453,23
2020-04-27,San Joaquin,077,732212,581,522,3,525,25
2020-04-27,San Luis Obispo,079,281455,247,166,3,169,1
2020-04-27,San Mateo,081,765935,1397,1092,2,1094,46
2020-04-27,Santa Barbara,083,443738,516,466,2,468,7
2020-04-27,Santa Clara,085,1922200,2570,2104,7,2111,105
2020-04-27,Santa Cruz,087,273765,142,123,0,123,2
2020-04-27,Shasta,089,179085,38,29,0,29,4
2020-04-27,Sierra,091,2930,0,0,0,0,0
2020-04-27,Siskiyou,093,43540,5,5,0,5,0
2020-04-27,Solano,095,438530,294,222,0,222,3
2020-04-27,Sonoma,097,501317,269,220,0,220,1
2020-04-27,Stanislaus,099,539301,421,316,4,320,5
2020-04-27,Sutter,101,95872,29,26,0,26,2
2020-04-27,Tehama,103,63373,1,1,0,1,1
2020-04-27,Trinity,105,12862,1,0,0,0,0
2020-04-27,Tulare,107,460477,889,535,5,540,28
2020-04-27,Tuolumne,109,53932,3,3,0,3,0
2020-04-27,Ventura,111,848112,658,513,1,514,17
2020-04-27,Yolo,113,214977,182,160,0,160,9
2020-04-27,Yuba,115,75493,19,15,0,15,1
2020-04-26,Alameda,001,1643700,1748,1449,2,1451,52
2020-04-26,Alpine,003,1148,1,1,0,1,0
2020-04-26,Amador,005,37829,8,8,0,8,0
2020-04-26,Butte,007,227075,28,16,1,17,0
2020-04-26,Calaveras,009,45235,13,13,0,13,0
2020-04-26,Colusa,011,21464,3,3,0,3,0
2020-04-26,Contra Costa,013,1133247,967,830,0,830,25
2020-04-26,Del Norte,015,27424,3,3,0,3,0
2020-04-26,El Dorado,017,186661,58,41,0,41,0
2020-04-26,Fresno,019,978130,864,476,7,483,7
2020-04-26,Glenn,021,27897,5,4,0,4,0
2020-04-26,Humboldt,023,135768,59,53,0,53,0
2020-04-26,Imperial,025,180216,446,272,0,272,6
2020-04-26,Inyo,027,18085,19,20,0,20,1
2020-04-26,Kern,029,883053,1075,831,1,832,4
2020-04-26,Kings,031,150075,182,33,1,34,1
2020-04-26,Lake,033,64148,8,6,0,6,0
2020-04-26,Lassen,035,31185,3,0,2,2,0
2020-04-26,Los Angeles,037,10098052,26291,19570,15,19585,901
2020-04-26,Madera,039,155013,82,39,1,40,2
2020-04-26,Marin,041,260295,238,225,1,226,12
2020-04-26,Mariposa,043,17540,14,0,0,0,0
2020-04-26,Mendocino,045,87422,12,5,0,5,0
2020-04-26,Merced,047,269075,166,104,0,104,3
2020-04-26,Modoc,049,8938,0,0,0,0,0
2020-04-26,Mono,051,14174,31,23,0,23,1
2020-04-26,Monterey,053,433212,246,182,0,182,4
2020-04-26,Napa,055,140530,76,62,0,62,2
2020-04-26,Nevada,057,99092,41,37,1,38,1
2020-04-26,Orange,059,3164182,3300,2124,25,2149,40
2020-04-26,Placer,061,380077,165,141,0,141,8
2020-04-26,Plumas,063,18699,4,4,0,4,0
2020-04-26,Riverside,065,2383286,4518,3301,15,3316,95
2020-04-26,Sacramento,067,1510023,1086,1027,0,1027,41
2020-04-26,San Benito,069,59416,50,45,0,45,2
2020-04-26,San Bernardino,071,2135413,2297,1681,1,1682,82
2020-04-26,San Diego,073,3302833,4066,3045,0,3045,111
2020-04-26,San Francisco,075,870044,1695,1403,0,1403,23
2020-04-26,San Joaquin,077,732212,573,514,3,517,25
2020-04-26,San Luis Obispo,079,281455,244,165,3,168,1
2020-04-26,San Mateo,081,765935,1371,1070,2,1072,46
2020-04-26,Santa Barbara,083,443738,509,464,2,466,7
2020-04-26,Santa Clara,085,1922200,2547,2097,6,2103,102
2020-04-26,Santa Cruz,087,273765,142,116,0,116,2
2020-04-26,Shasta,089,179085,35,29,0,29,4
2020-04-26,Sierra,091,2930,0,0,0,0,0
2020-04-26,Siskiyou,093,43540,5,5,0,5,0
2020-04-26,Solano,095,438530,285,205,0,205,3
2020-04-26,Sonoma,097,501317,258,216,0,216,1
2020-04-26,Stanislaus,099,539301,406,294,4,298,4
2020-04-26,Sutter,101,95872,29,26,0,26,2
2020-04-26,Tehama,103,63373,1,1,0,1,1
2020-04-26,Trinity,105,12862,1,0,0,0,0
2020-04-26,Tulare,107,460477,830,497,5,502,28
2020-04-26,Tuolumne,109,53932,3,3,0,3,0
2020-04-26,Ventura,111,848112,640,509,1,510,17
2020-04-26,Yolo,113,214977,181,158,0,158,8
2020-04-26,Yuba,115,75493,18,15,0,15,1
2020-04-25,Alameda,001,1643700,1723,1396,2,1398,52
2020-04-25,Alpine,003,1148,1,1,0,1,0
2020-04-25,Amador,005,37829,8,8,0,8,0
2020-04-25,Butte,007,227075,27,16,1,17,0
2020-04-25,Calaveras,009,45235,13,12,0,12,0
2020-04-25,Colusa,011,21464,3,3,0,3,0
2020-04-25,Contra Costa,013,1133247,953,821,0,821,24
2020-04-25,Del Norte,015,27424,2,2,0,2,0
2020-04-25,El Dorado,017,186661,57,41,0,41,0
2020-04-25,Fresno,019,978130,832,459,6,465,7
2020-04-25,Glenn,021,27897,5,4,0,4,0
2020-04-25,Humboldt,023,135768,59,53,0,53,0
2020-04-25,Imperial,025,180216,429,232,0,232,6
2020-04-25,Inyo,027,18085,19,20,0,20,1
2020-04-25,Kern,029,883053,1044,802,1,803,4
2020-04-25,Kings,031,150075,170,33,1,34,1
2020-04-25,Lake,033,64148,6,6,0,6,0
2020-04-25,Lassen,035,31185,3,0,2,2,0
2020-04-25,Los Angeles,037,10098052,25659,19144,15,19159,881
2020-04-25,Madera,039,155013,79,39,1,40,2
2020-04-25,Marin,041,260295,238,215,1,216,12
2020-04-25,Mariposa,043,17540,14,0,0,0,0
2020-04-25,Mendocino,045,87422,11,5,0,5,0
2020-04-25,Merced,047,269075,166,103,0,103,3
2020-04-25,Modoc,049,8938,0,0,0,0,0
2020-04-25,Mono,051,14174,31,23,0,23,1
2020-04-25,Monterey,053,433212,244,173,0,173,4
2020-04-25,Napa,055,140530,76,60,0,60,2
2020-04-25,Nevada,057,99092,41,37,1,38,1
2020-04-25,Orange,059,3164182,3192,2047,25,2072,40
2020-04-25,Placer,061,380077,165,137,0,137,8
2020-04-25,Plumas,063,18699,4,4,0,4,0
2020-04-25,Riverside,065,2383286,4428,3037,15,3052,93
2020-04-25,Sacramento,067,1510023,1084,1015,0,1015,41
2020-04-25,San Benito,069,59416,50,45,0,45,2
2020-04-25,San Bernardino,071,2135413,2251,1675,1,1676,82
2020-04-25,San Diego,073,3302833,3965,2945,0,2945,111
2020-04-25,San Francisco,075,870044,1670,1341,0,1341,22
2020-04-25,San Joaquin,077,732212,566,497,3,500,24
2020-04-25,San Luis Obispo,079,281455,243,159,3,162,1
2020-04-25,San Mateo,081,765935,1353,1054,2,1056,46
2020-04-25,Santa Barbara,083,443738,502,457,2,459,7
2020-04-25,Santa Clara,085,1922200,2525,2045,5,2050,99
2020-04-25,Santa Cruz,087,273765,142,112,0,112,2
2020-04-25,Shasta,089,179085,35,29,0,29,4
2020-04-25,Sierra,091,2930,0,0,0,0,0
2020-04-25,Siskiyou,093,43540,5,5,0,5,0
2020-04-25,Solano,095,438530,281,203,0,203,3
2020-04-25,Sonoma,097,501317,254,199,0,199,1
2020-04-25,Stanislaus,099,539301,398,276,4,280,4
2020-04-25,Sutter,101,95872,29,24,0,24,2
2020-04-25,Tehama,103,63373,1,1,0,1,1
2020-04-25,Trinity,105,12862,0,0,0,0,0
2020-04-25,Tulare,107,460477,797,478,5,483,28
2020-04-25,Tuolumne,109,53932,3,2,0,2,0
2020-04-25,Ventura,111,848112,626,494,1,495,16
2020-04-25,Yolo,113,214977,181,157,0,157,8
2020-04-25,Yuba,115,75493,17,15,0,15,1
2020-04-24,Alameda,001,1643700,1692,1385,2,1387,50
2020-04-24,Alpine,003,1148,1,1,0,1,0
2020-04-24,Amador,005,37829,8,8,0,8,0
2020-04-24,Butte,007,227075,26,15,1,16,0
2020-04-24,Calaveras,009,45235,13,12,0,12,0
2020-04-24,Colusa,011,21464,3,3,0,3,0
2020-04-24,Contra Costa,013,1133247,944,806,0,806,23
2020-04-24,Del Norte,015,27424,2,2,0,2,0
2020-04-24,El Dorado,017,186661,56,41,0,41,0
2020-04-24,Fresno,019,978130,809,449,6,455,7
2020-04-24,Glenn,021,27897,5,4,0,4,0
2020-04-24,Humboldt,023,135768,59,53,0,53,0
2020-04-24,Imperial,025,180216,413,232,0,232,6
2020-04-24,Inyo,027,18085,19,20,0,20,0
2020-04-24,Kern,029,883053,1020,770,1,771,4
2020-04-24,Kings,031,150075,141,30,1,31,1
2020-04-24,Lake,033,64148,6,6,0,6,0
2020-04-24,Lassen,035,31185,3,0,2,2,0
2020-04-24,Los Angeles,037,10098052,24729,18553,15,18568,836
2020-04-24,Madera,039,155013,79,39,1,40,2
2020-04-24,Marin,041,260295,238,211,1,212,11
2020-04-24,Mariposa,043,17540,8,0,0,0,0
2020-04-24,Mendocino,045,87422,11,5,0,5,0
2020-04-24,Merced,047,269075,163,102,0,102,3
2020-04-24,Modoc,049,8938,0,0,0,0,0
2020-04-24,Mono,051,14174,30,23,0,23,1
2020-04-24,Monterey,053,433212,237,167,0,167,4
2020-04-24,Napa,055,140530,75,59,0,59,2
2020-04-24,Nevada,057,99092,41,36,1,37,1
2020-04-24,Orange,059,3164182,3085,1945,25,1970,39
2020-04-24,Placer,061,380077,163,137,0,137,8
2020-04-24,Plumas,063,18699,4,4,0,4,0
2020-04-24,Riverside,065,2383286,4347,3044,15,3059,87
2020-04-24,Sacramento,067,1510023,1078,1009,0,1009,41
2020-04-24,San Benito,069,59416,50,45,0,45,2
2020-04-24,San Bernardino,071,2135413,2216,1667,1,1668,80
2020-04-24,San Diego,073,3302833,3854,2828,0,2828,102
2020-04-24,San Francisco,075,870044,1612,1345,0,1345,22
2020-04-24,San Joaquin,077,732212,559,484,3,487,24
2020-04-24,San Luis Obispo,079,281455,240,151,3,154,1
2020-04-24,San Mateo,081,765935,1330,1004,2,1006,43
2020-04-24,Santa Barbara,083,443738,496,450,2,452,6
2020-04-24,Santa Clara,085,1922200,2483,2026,5,2031,98
2020-04-24,Santa Cruz,087,273765,138,111,0,111,2
2020-04-24,Shasta,089,179085,35,28,0,28,4
2020-04-24,Sierra,091,2930,0,0,0,0,0
2020-04-24,Siskiyou,093,43540,5,5,0,5,0
2020-04-24,Solano,095,438530,279,203,0,203,3
2020-04-24,Sonoma,097,501317,250,199,0,199,1
2020-04-24,Stanislaus,099,539301,395,273,4,277,4
2020-04-24,Sutter,101,95872,28,24,0,24,2
2020-04-24,Tehama,103,63373,1,1,0,1,1
2020-04-24,Trinity,105,12862,0,0,0,0,0
2020-04-24,Tulare,107,460477,769,459,5,464,27
2020-04-24,Tuolumne,109,53932,3,2,0,2,0
2020-04-24,Ventura,111,848112,616,489,1,490,16
2020-04-24,Yolo,113,214977,180,155,0,155,8
2020-04-24,Yuba,115,75493,16,15,0,15,1
2020-04-23,Alameda,001,1643700,1654,1336,2,1338,46
2020-04-23,Alpine,003,1148,1,1,0,1,0
2020-04-23,Amador,005,37829,8,8,0,8,0
2020-04-23,Butte,007,227075,26,15,1,16,0
2020-04-23,Calaveras,009,45235,13,12,0,12,0
2020-04-23,Colusa,011,21464,3,3,0,3,0
2020-04-23,Contra Costa,013,1133247,923,786,0,786,23
2020-04-23,Del Norte,015,27424,2,2,0,2,0
2020-04-23,El Dorado,017,186661,55,39,0,39,0
2020-04-23,Fresno,019,978130,771,426,6,432,7
2020-04-23,Glenn,021,27897,5,3,0,3,0
2020-04-23,Humboldt,023,135768,59,53,0,53,0
2020-04-23,Imperial,025,180216,392,181,0,181,4
2020-04-23,Inyo,027,18085,19,19,0,19,0
2020-04-23,Kern,029,883053,972,732,1,733,4
2020-04-23,Kings,031,150075,126,28,1,29,1
2020-04-23,Lake,033,64148,6,6,0,6,0
2020-04-23,Lassen,035,31185,3,0,2,2,0
2020-04-23,Los Angeles,037,10098052,23667,17548,14,17562,784
2020-04-23,Madera,039,155013,77,37,1,38,2
2020-04-23,Marin,041,260295,225,209,1,210,11
2020-04-23,Mariposa,043,17540,7,0,0,0,0
2020-04-23,Mendocino,045,87422,9,5,0,5,0
2020-04-23,Merced,047,269075,159,98,0,98,3
2020-04-23,Modoc,049,8938,0,0,0,0,0
2020-04-23,Mono,051,14174,30,23,0,23,1
2020-04-23,Monterey,053,433212,233,161,0,161,4
2020-04-23,Napa,055,140530,68,59,0,59,2
2020-04-23,Nevada,057,99092,41,36,1,37,1
2020-04-23,Orange,059,3164182,2906,1841,24,1865,37
2020-04-23,Placer,061,380077,160,136,0,136,8
2020-04-23,Plumas,063,18699,4,4,0,4,0
2020-04-23,Riverside,065,2383286,4233,2935,14,2949,78
2020-04-23,Sacramento,067,1510023,1066,978,0,978,41
2020-04-23,San Benito,069,59416,47,43,0,43,2
2020-04-23,San Bernardino,071,2135413,2151,1604,1,1605,79
2020-04-23,San Diego,073,3302833,3693,2645,0,2645,100
2020-04-23,San Francisco,075,870044,1587,1312,0,1312,21
2020-04-23,San Joaquin,077,732212,549,479,3,482,20
2020-04-23,San Luis Obispo,079,281455,236,146,3,149,1
2020-04-23,San Mateo,081,765935,1291,970,2,972,42
2020-04-23,Santa Barbara,083,443738,490,445,2,447,6
2020-04-23,Santa Clara,085,1922200,2448,1996,5,2001,95
2020-04-23,Santa Cruz,087,273765,137,110,0,110,2
2020-04-23,Shasta,089,179085,35,27,0,27,3
2020-04-23,Sierra,091,2930,0,0,0,0,0
2020-04-23,Siskiyou,093,43540,5,5,0,5,0
2020-04-23,Solano,095,438530,265,196,0,196,3
2020-04-23,Sonoma,097,501317,238,187,0,187,1
2020-04-23,Stanislaus,099,539301,391,254,4,258,4
2020-04-23,Sutter,101,95872,28,24,0,24,2
2020-04-23,Tehama,103,63373,1,1,0,1,1
2020-04-23,Trinity,105,12862,0,0,0,0,0
2020-04-23,Tulare,107,460477,740,440,5,445,25
2020-04-23,Tuolumne,109,53932,3,2,0,2,0
2020-04-23,Ventura,111,848112,602,479,1,480,16
2020-04-23,Yolo,113,214977,177,151,0,151,8
2020-04-23,Yuba,115,75493,16,15,0,15,1
2020-04-22,Alameda,001,1643700,1605,1275,2,1277,46
2020-04-22,Alpine,003,1148,1,1,0,1,0
2020-04-22,Amador,005,37829,8,7,0,7,0
2020-04-22,Butte,007,227075,25,15,1,16,0
2020-04-22,Calaveras,009,45235,13,12,0,12,0
2020-04-22,Colusa,011,21464,3,3,0,3,0
2020-04-22,Contra Costa,013,1133247,908,772,0,772,22
2020-04-22,Del Norte,015,27424,2,2,0,2,0
2020-04-22,El Dorado,017,186661,55,39,0,39,0
2020-04-22,Fresno,019,978130,731,388,6,394,7
2020-04-22,Glenn,021,27897,5,3,0,3,0
2020-04-22,Humboldt,023,135768,59,53,0,53,0
2020-04-22,Imperial,025,180216,381,170,0,170,3
2020-04-22,Inyo,027,18085,19,18,0,18,0
2020-04-22,Kern,029,883053,950,713,1,714,4
2020-04-22,Kings,031,150075,105,28,1,29,1
2020-04-22,Lake,033,64148,6,6,0,6,0
2020-04-22,Lassen,035,31185,3,0,2,2,0
2020-04-22,Los Angeles,037,10098052,22644,16400,14,16414,715
2020-04-22,Madera,039,155013,75,37,1,38,2
2020-04-22,Marin,041,260295,223,202,1,203,11
2020-04-22,Mariposa,043,17540,6,0,0,0,0
2020-04-22,Mendocino,045,87422,6,5,0,5,0
2020-04-22,Merced,047,269075,147,92,0,92,3
2020-04-22,Modoc,049,8938,0,0,0,0,0
2020-04-22,Mono,051,14174,29,23,0,23,1
2020-04-22,Monterey,053,433212,226,154,0,154,4
2020-04-22,Napa,055,140530,67,58,0,58,2
2020-04-22,Nevada,057,99092,41,36,1,37,1
2020-04-22,Orange,059,3164182,2812,1785,23,1808,36
2020-04-22,Placer,061,380077,158,133,0,133,8
2020-04-22,Plumas,063,18699,4,4,0,4,0
2020-04-22,Riverside,065,2383286,4129,2822,14,2836,76
2020-04-22,Sacramento,067,1510023,1061,959,0,959,36
2020-04-22,San Benito,069,59416,46,43,0,43,2
2020-04-22,San Bernardino,071,2135413,2088,1564,1,1565,74
2020-04-22,San Diego,073,3302833,3565,2493,0,2493,96
2020-04-22,San Francisco,075,870044,1550,1255,0,1255,21
2020-04-22,San Joaquin,077,732212,538,462,3,465,20
2020-04-22,San Luis Obispo,079,281455,227,142,3,145,1
2020-04-22,San Mateo,081,765935,1268,945,2,947,40
2020-04-22,Santa Barbara,083,443738,485,437,2,439,6
2020-04-22,Santa Clara,085,1922200,2432,1969,5,1974,95
2020-04-22,Santa Cruz,087,273765,133,106,0,106,2
2020-04-22,Shasta,089,179085,34,26,0,26,3
2020-04-22,Sierra,091,2930,0,0,0,0,0
2020-04-22,Siskiyou,093,43540,5,5,0,5,0
2020-04-22,Solano,095,438530,247,195,0,195,3
2020-04-22,Sonoma,097,501317,235,185,0,185,1
2020-04-22,Stanislaus,099,539301,334,247,4,251,4
2020-04-22,Sutter,101,95872,28,22,0,22,2
2020-04-22,Tehama,103,63373,1,1,0,1,1
2020-04-22,Trinity,105,12862,0,0,0,0,0
2020-04-22,Tulare,107,460477,706,425,5,430,23
2020-04-22,Tuolumne,109,53932,3,2,0,2,0
2020-04-22,Ventura,111,848112,591,465,1,466,15
2020-04-22,Yolo,113,214977,176,147,0,147,8
2020-04-22,Yuba,115,75493,16,15,0,15,1
2020-04-21,Alameda,001,1643700,1575,1234,2,1236,46
2020-04-21,Alpine,003,1148,1,1,0,1,0
2020-04-21,Amador,005,37829,8,7,0,7,0
2020-04-21,Butte,007,227075,24,15,1,16,0
2020-04-21,Calaveras,009,45235,12,12,0,12,0
2020-04-21,Colusa,011,21464,3,3,0,3,0
2020-04-21,Contra Costa,013,1133247,894,766,0,766,22
2020-04-21,Del Norte,015,27424,2,2,0,2,0
2020-04-21,El Dorado,017,186661,54,36,0,36,0
2020-04-21,Fresno,019,978130,697,372,6,378,7
2020-04-21,Glenn,021,27897,5,3,0,3,0
2020-04-21,Humboldt,023,135768,58,53,0,53,0
2020-04-21,Imperial,025,180216,361,165,0,165,2
2020-04-21,Inyo,027,18085,19,18,0,18,0
2020-04-21,Kern,029,883053,908,676,1,677,4
2020-04-21,Kings,031,150075,91,28,1,29,1
2020-04-21,Lake,033,64148,6,6,0,6,0
2020-04-21,Lassen,035,31185,3,0,2,2,0
2020-04-21,Los Angeles,037,10098052,21782,15096,14,15110,650
2020-04-21,Madera,039,155013,75,37,1,38,2
2020-04-21,Marin,041,260295,217,202,1,203,10
2020-04-21,Mariposa,043,17540,5,0,0,0,0
2020-04-21,Mendocino,045,87422,6,5,0,5,0
2020-04-21,Merced,047,269075,143,89,0,89,3
2020-04-21,Modoc,049,8938,0,0,0,0,0
2020-04-21,Mono,051,14174,29,23,0,23,1
2020-04-21,Monterey,053,433212,223,151,0,151,4
2020-04-21,Napa,055,140530,66,58,0,58,2
2020-04-21,Nevada,057,99092,41,36,1,37,1
2020-04-21,Orange,059,3164182,2689,1717,22,1739,36
2020-04-21,Placer,061,380077,156,133,0,133,8
2020-04-21,Plumas,063,18699,4,4,0,4,0
2020-04-21,Riverside,065,2383286,3997,2631,14,2645,68
2020-04-21,Sacramento,067,1510023,1051,941,0,941,33
2020-04-21,San Benito,069,59416,44,43,0,43,2
2020-04-21,San Bernardino,071,2135413,2028,1499,1,1500,71
2020-04-21,San Diego,073,3302833,3409,2436,0,2436,87
2020-04-21,San Francisco,075,870044,1520,1232,0,1232,20
2020-04-21,San Joaquin,077,732212,528,447,3,450,20
2020-04-21,San Luis Obispo,079,281455,219,134,3,137,1
2020-04-21,San Mateo,081,765935,1222,933,2,935,34
2020-04-21,Santa Barbara,083,443738,476,414,2,416,5
2020-04-21,Santa Clara,085,1922200,2382,1943,5,1948,91
2020-04-21,Santa Cruz,087,273765,131,104,0,104,2
2020-04-21,Shasta,089,179085,33,26,0,26,3
2020-04-21,Sierra,091,2930,0,0,0,0,0
2020-04-21,Siskiyou,093,43540,5,5,0,5,0
2020-04-21,Solano,095,438530,239,193,0,193,3
2020-04-21,Sonoma,097,501317,225,182,0,182,1
2020-04-21,Stanislaus,099,539301,315,235,4,239,4
2020-04-21,Sutter,101,95872,28,22,0,22,2
2020-04-21,Tehama,103,63373,1,1,0,1,1
2020-04-21,Trinity,105,12862,0,0,0,0,0
2020-04-21,Tulare,107,460477,669,410,5,415,23
2020-04-21,Tuolumne,109,53932,3,2,0,2,0
2020-04-21,Ventura,111,848112,579,455,1,456,14
2020-04-21,Yolo,113,214977,174,143,0,143,8
2020-04-21,Yuba,115,75493,16,15,0,15,1
2020-04-20,Alameda,001,1643700,1542,1181,2,1183,42
2020-04-20,Alpine,003,1148,1,1,0,1,0
2020-04-20,Amador,005,37829,8,7,0,7,0
2020-04-20,Butte,007,227075,24,15,1,16,0
2020-04-20,Calaveras,009,45235,12,12,0,12,0
2020-04-20,Colusa,011,21464,3,3,0,3,0
2020-04-20,Contra Costa,013,1133247,884,753,0,753,22
2020-04-20,Del Norte,015,27424,2,2,0,2,0
2020-04-20,El Dorado,017,186661,54,36,0,36,0
2020-04-20,Fresno,019,978130,679,356,6,362,7
2020-04-20,Glenn,021,27897,4,3,0,3,0
2020-04-20,Humboldt,023,135768,58,53,0,53,0
2020-04-20,Imperial,025,180216,342,149,0,149,2
2020-04-20,Inyo,027,18085,19,17,0,17,0
2020-04-20,Kern,029,883053,876,651,1,652,3
2020-04-20,Kings,031,150075,80,19,1,20,1
2020-04-20,Lake,033,64148,6,6,0,6,0
2020-04-20,Lassen,035,31185,3,0,2,2,0
2020-04-20,Los Angeles,037,10098052,20869,13787,14,13801,608
2020-04-20,Madera,039,155013,74,35,1,36,2
2020-04-20,Marin,041,260295,213,200,1,201,10
2020-04-20,Mariposa,043,17540,5,0,0,0,0
2020-04-20,Mendocino,045,87422,6,5,0,5,0
2020-04-20,Merced,047,269075,136,88,0,88,3
2020-04-20,Modoc,049,8938,0,0,0,0,0
2020-04-20,Mono,051,14174,29,23,0,23,1
2020-04-20,Monterey,053,433212,214,147,0,147,4
2020-04-20,Napa,055,140530,66,55,0,55,2
2020-04-20,Nevada,057,99092,41,34,1,35,1
2020-04-20,Orange,059,3164182,2605,1679,22,1701,33
2020-04-20,Placer,061,380077,155,132,0,132,8
2020-04-20,Plumas,063,18699,4,4,0,4,0
2020-04-20,Riverside,065,2383286,3872,2477,14,2491,61
2020-04-20,Sacramento,067,1510023,1041,924,0,924,32
2020-04-20,San Benito,069,59416,44,43,0,43,2
2020-04-20,San Bernardino,071,2135413,1941,1344,1,1345,63
2020-04-20,San Diego,073,3302833,3267,2327,0,2327,72
2020-04-20,San Francisco,075,870044,1488,1223,0,1223,19
2020-04-20,San Joaquin,077,732212,524,422,3,425,17
2020-04-20,San Luis Obispo,079,281455,205,132,3,135,1
2020-04-20,San Mateo,081,765935,1199,890,2,892,31
2020-04-20,Santa Barbara,083,443738,469,388,2,390,4
2020-04-20,Santa Clara,085,1922200,2351,1920,5,1925,84
2020-04-20,Santa Cruz,087,273765,129,102,0,102,2
2020-04-20,Shasta,089,179085,33,26,0,26,3
2020-04-20,Sierra,091,2930,0,0,0,0,0
2020-04-20,Siskiyou,093,43540,5,5,0,5,0
2020-04-20,Solano,095,438530,236,185,0,185,2
2020-04-20,Sonoma,097,501317,217,178,0,178,1
2020-04-20,Stanislaus,099,539301,301,228,4,232,3
2020-04-20,Sutter,101,95872,27,22,0,22,2
2020-04-20,Tehama,103,63373,1,1,0,1,1
2020-04-20,Trinity,105,12862,0,0,0,0,0
2020-04-20,Tulare,107,460477,659,401,5,406,20
2020-04-20,Tuolumne,109,53932,3,2,0,2,0
2020-04-20,Ventura,111,848112,565,426,1,427,13
2020-04-20,Yolo,113,214977,173,125,0,125,5
2020-04-20,Yuba,115,75493,16,15,0,15,1
2020-04-19,Alameda,001,1643700,1492,1134,2,1136,41
2020-04-19,Alpine,003,1148,1,1,0,1,0
2020-04-19,Amador,005,37829,7,7,0,7,0
2020-04-19,Butte,007,227075,23,15,1,16,0
2020-04-19,Calaveras,009,45235,12,12,0,12,0
2020-04-19,Colusa,011,21464,3,3,0,3,0
2020-04-19,Contra Costa,013,1133247,868,731,0,731,20
2020-04-19,Del Norte,015,27424,2,2,0,2,0
2020-04-19,El Dorado,017,186661,54,36,0,36,0
2020-04-19,Fresno,019,978130,643,326,6,332,7
2020-04-19,Glenn,021,27897,4,3,0,3,0
2020-04-19,Humboldt,023,135768,58,53,0,53,0
2020-04-19,Imperial,025,180216,316,144,0,144,2
2020-04-19,Inyo,027,18085,19,17,0,17,0
2020-04-19,Kern,029,883053,851,629,1,630,3
2020-04-19,Kings,031,150075,70,17,1,18,1
2020-04-19,Lake,033,64148,6,6,0,6,0
2020-04-19,Lassen,035,31185,3,0,2,2,0
2020-04-19,Los Angeles,037,10098052,19864,12299,14,12313,589
2020-04-19,Madera,039,155013,72,34,1,35,2
2020-04-19,Marin,041,260295,212,194,1,195,10
2020-04-19,Mariposa,043,17540,2,0,0,0,0
2020-04-19,Mendocino,045,87422,6,4,0,4,0
2020-04-19,Merced,047,269075,131,85,0,85,3
2020-04-19,Modoc,049,8938,0,0,0,0,0
2020-04-19,Mono,051,14174,29,23,0,23,1
2020-04-19,Monterey,053,433212,205,140,0,140,4
2020-04-19,Napa,055,140530,64,49,0,49,2
2020-04-19,Nevada,057,99092,40,34,1,35,1
2020-04-19,Orange,059,3164182,2508,1591,21,1612,32
2020-04-19,Placer,061,380077,154,131,0,131,8
2020-04-19,Plumas,063,18699,4,4,0,4,0
2020-04-19,Riverside,065,2383286,3729,2316,14,2330,56
2020-04-19,Sacramento,067,1510023,1014,912,0,912,32
2020-04-19,San Benito,069,59416,42,40,0,40,2
2020-04-19,San Bernardino,071,2135413,1878,1262,1,1263,58
2020-04-19,San Diego,073,3302833,3100,2270,0,2270,71
2020-04-19,San Francisco,075,870044,1455,1153,0,1153,19
2020-04-19,San Joaquin,077,732212,506,404,3,407,17
2020-04-19,San Luis Obispo,079,281455,200,132,3,135,1
2020-04-19,San Mateo,081,765935,1163,845,2,847,31
2020-04-19,Santa Barbara,083,443738,462,377,2,379,3
2020-04-19,Santa Clara,085,1922200,2306,1878,5,1883,81
2020-04-19,Santa Cruz,087,273765,126,98,0,98,2
2020-04-19,Shasta,089,179085,31,26,0,26,3
2020-04-19,Sierra,091,2930,0,0,0,0,0
2020-04-19,Siskiyou,093,43540,5,5,0,5,0
2020-04-19,Solano,095,438530,228,174,0,174,2
2020-04-19,Sonoma,097,501317,211,172,0,172,1
2020-04-19,Stanislaus,099,539301,293,221,4,225,3
2020-04-19,Sutter,101,95872,26,21,0,21,2
2020-04-19,Tehama,103,63373,1,1,0,1,1
2020-04-19,Trinity,105,12862,0,0,0,0,0
2020-04-19,Tulare,107,460477,613,391,5,396,17
2020-04-19,Tuolumne,109,53932,3,2,0,2,0
2020-04-19,Ventura,111,848112,557,418,1,419,13
2020-04-19,Yolo,113,214977,173,120,0,120,5
2020-04-19,Yuba,115,75493,16,15,0,15,1
2020-04-18,Alameda,001,1643700,1467,1085,2,1087,40
2020-04-18,Alpine,003,1148,1,1,0,1,0
2020-04-18,Amador,005,37829,7,7,0,7,0
2020-04-18,Butte,007,227075,22,15,1,16,0
2020-04-18,Calaveras,009,45235,12,12,0,12,0
2020-04-18,Colusa,011,21464,3,3,0,3,0
2020-04-18,Contra Costa,013,1133247,856,721,0,721,17
2020-04-18,Del Norte,015,27424,2,2,0,2,0
2020-04-18,El Dorado,017,186661,54,36,0,36,0
2020-04-18,Fresno,019,978130,622,319,6,325,7
2020-04-18,Glenn,021,27897,4,3,0,3,0
2020-04-18,Humboldt,023,135768,58,52,0,52,0
2020-04-18,Imperial,025,180216,307,137,0,137,2
2020-04-18,Inyo,027,18085,19,17,0,17,0
2020-04-18,Kern,029,883053,829,626,1,627,3
2020-04-18,Kings,031,150075,69,17,1,18,1
2020-04-18,Lake,033,64148,6,6,0,6,0
2020-04-18,Lassen,035,31185,3,0,2,2,0
2020-04-18,Los Angeles,037,10098052,19335,11984,14,11998,566
2020-04-18,Madera,039,155013,71,34,1,35,2
2020-04-18,Marin,041,260295,210,193,1,194,10
2020-04-18,Mariposa,043,17540,2,0,0,0,0
2020-04-18,Mendocino,045,87422,6,4,0,4,0
2020-04-18,Merced,047,269075,129,82,0,82,3
2020-04-18,Modoc,049,8938,0,0,0,0,0
2020-04-18,Mono,051,14174,29,22,0,22,1
2020-04-18,Monterey,053,433212,201,135,0,135,3
2020-04-18,Napa,055,140530,64,49,0,49,2
2020-04-18,Nevada,057,99092,39,34,1,35,1
2020-04-18,Orange,059,3164182,2444,1569,20,1589,32
2020-04-18,Placer,061,380077,152,130,0,130,8
2020-04-18,Plumas,063,18699,4,4,0,4,0
2020-04-18,Riverside,065,2383286,3654,2257,14,2271,56
2020-04-18,Sacramento,067,1510023,1002,901,0,901,32
2020-04-18,San Benito,069,59416,42,40,0,40,2
2020-04-18,San Bernardino,071,2135413,1833,1255,1,1256,58
2020-04-18,San Diego,073,3302833,2998,2215,0,2215,71
2020-04-18,San Francisco,075,870044,1416,1144,0,1144,19
2020-04-18,San Joaquin,077,732212,497,392,3,395,17
2020-04-18,San Luis Obispo,079,281455,196,129,3,132,1
2020-04-18,San Mateo,081,765935,1141,821,2,823,31
2020-04-18,Santa Barbara,083,443738,456,372,2,374,3
2020-04-18,Santa Clara,085,1922200,2273,1862,5,1867,79
2020-04-18,Santa Cruz,087,273765,124,96,0,96,2
2020-04-18,Shasta,089,179085,31,26,0,26,3
2020-04-18,Sierra,091,2930,0,0,0,0,0
2020-04-18,Siskiyou,093,43540,5,5,0,5,0
2020-04-18,Solano,095,438530,225,175,0,175,2
2020-04-18,Sonoma,097,501317,207,168,0,168,1
2020-04-18,Stanislaus,099,539301,285,216,4,220,3
2020-04-18,Sutter,101,95872,26,21,0,21,2
2020-04-18,Tehama,103,63373,1,1,0,1,1
2020-04-18,Trinity,105,12862,0,0,0,0,0
2020-04-18,Tulare,107,460477,602,385,5,390,17
2020-04-18,Tuolumne,109,53932,3,2,0,2,0
2020-04-18,Ventura,111,848112,549,416,1,417,13
2020-04-18,Yolo,113,214977,171,118,0,118,5
2020-04-18,Yuba,115,75493,16,14,0,14,1
2020-04-17,Alameda,001,1643700,1412,1043,1,1044,40
2020-04-17,Alpine,003,1148,1,1,0,1,0
2020-04-17,Amador,005,37829,7,7,0,7,0
2020-04-17,Butte,007,227075,22,15,1,16,0
2020-04-17,Calaveras,009,45235,12,11,0,11,0
2020-04-17,Colusa,011,21464,3,3,0,3,0
2020-04-17,Contra Costa,013,1133247,845,687,0,687,15
2020-04-17,Del Norte,015,27424,2,2,0,2,0
2020-04-17,El Dorado,017,186661,54,35,0,35,0
2020-04-17,Fresno,019,978130,600,315,6,321,7
2020-04-17,Glenn,021,27897,4,3,0,3,0
2020-04-17,Humboldt,023,135768,57,52,0,52,0
2020-04-17,Imperial,025,180216,298,135,0,135,2
2020-04-17,Inyo,027,18085,19,17,0,17,0
2020-04-17,Kern,029,883053,809,612,1,613,3
2020-04-17,Kings,031,150075,67,15,1,16,1
2020-04-17,Lake,033,64148,6,6,0,6,0
2020-04-17,Lassen,035,31185,3,0,2,2,0
2020-04-17,Los Angeles,037,10098052,18696,11354,14,11368,489
2020-04-17,Madera,039,155013,71,34,1,35,2
2020-04-17,Marin,041,260295,207,189,1,190,10
2020-04-17,Mariposa,043,17540,1,0,0,0,0
2020-04-17,Mendocino,045,87422,6,4,0,4,0
2020-04-17,Merced,047,269075,128,80,0,80,3
2020-04-17,Modoc,049,8938,0,0,0,0,0
2020-04-17,Mono,051,14174,29,22,0,22,1
2020-04-17,Monterey,053,433212,196,119,0,119,3
2020-04-17,Napa,055,140530,62,46,0,46,2
2020-04-17,Nevada,057,99092,38,34,1,35,1
2020-04-17,Orange,059,3164182,2393,1496,20,1516,31
2020-04-17,Placer,061,380077,152,130,0,130,8
2020-04-17,Plumas,063,18699,4,4,0,4,0
2020-04-17,Riverside,065,2383286,3527,2080,14,2094,50
2020-04-17,Sacramento,067,1510023,995,882,0,882,32
2020-04-17,San Benito,069,59416,42,38,0,38,2
2020-04-17,San Bernardino,071,2135413,1794,1229,1,1230,57
2020-04-17,San Diego,073,3302833,2908,2160,0,2160,70
2020-04-17,San Francisco,075,870044,1391,1090,0,1090,19
2020-04-17,San Joaquin,077,732212,486,356,3,359,17
2020-04-17,San Luis Obispo,079,281455,189,116,3,119,1
2020-04-17,San Mateo,081,765935,1125,768,2,770,31
2020-04-17,Santa Barbara,083,443738,451,349,2,351,3
2020-04-17,Santa Clara,085,1922200,2237,1834,5,1839,74
2020-04-17,Santa Cruz,087,273765,123,94,0,94,2
2020-04-17,Shasta,089,179085,31,26,0,26,3
2020-04-17,Sierra,091,2930,0,0,0,0,0
2020-04-17,Siskiyou,093,43540,5,5,0,5,0
2020-04-17,Solano,095,438530,224,173,0,173,2
2020-04-17,Sonoma,097,501317,204,167,0,167,1
2020-04-17,Stanislaus,099,539301,283,201,4,205,3
2020-04-17,Sutter,101,95872,26,20,0,20,2
2020-04-17,Tehama,103,63373,1,1,0,1,1
2020-04-17,Trinity,105,12862,0,0,0,0,0
2020-04-17,Tulare,107,460477,595,370,5,375,17
2020-04-17,Tuolumne,109,53932,3,2,0,2,0
2020-04-17,Ventura,111,848112,544,398,1,399,13
2020-04-17,Yolo,113,214977,170,117,0,117,5
2020-04-17,Yuba,115,75493,16,14,0,14,1
2020-04-16,Alameda,001,1643700,1378,981,1,982,39
2020-04-16,Alpine,003,1148,1,1,0,1,0
2020-04-16,Amador,005,37829,7,7,0,7,0
2020-04-16,Butte,007,227075,21,15,1,16,0
2020-04-16,Calaveras,009,45235,12,10,0,10,0
2020-04-16,Colusa,011,21464,3,3,0,3,0
2020-04-16,Contra Costa,013,1133247,831,675,0,675,14
2020-04-16,Del Norte,015,27424,2,2,0,2,0
2020-04-16,El Dorado,017,186661,53,34,0,34,0
2020-04-16,Fresno,019,978130,570,289,6,295,7
2020-04-16,Glenn,021,27897,4,3,0,3,0
2020-04-16,Humboldt,023,135768,57,47,0,47,0
2020-04-16,Imperial,025,180216,283,132,0,132,2
2020-04-16,Inyo,027,18085,17,17,0,17,0
2020-04-16,Kern,029,883053,782,587,1,588,3
2020-04-16,Kings,031,150075,63,12,1,13,1
2020-04-16,Lake,033,64148,6,6,0,6,0
2020-04-16,Lassen,035,31185,3,0,2,2,0
2020-04-16,Los Angeles,037,10098052,17804,10786,14,10800,447
2020-04-16,Madera,039,155013,69,34,1,35,2
2020-04-16,Marin,041,260295,203,170,1,171,10
2020-04-16,Mariposa,043,17540,1,1,0,1,0
2020-04-16,Mendocino,045,87422,6,4,0,4,0
2020-04-16,Merced,047,269075,122,76,0,76,3
2020-04-16,Modoc,049,8938,0,0,0,0,0
2020-04-16,Mono,051,14174,29,22,0,22,1
2020-04-16,Monterey,053,433212,193,116,0,116,3
2020-04-16,Napa,055,140530,59,44,0,44,2
2020-04-16,Nevada,057,99092,38,34,1,35,1
2020-04-16,Orange,059,3164182,2328,1439,19,1458,28
2020-04-16,Placer,061,380077,150,129,0,129,7
2020-04-16,Plumas,063,18699,4,4,0,4,0
2020-04-16,Riverside,065,2383286,3407,1913,14,1927,45
2020-04-16,Sacramento,067,1510023,987,865,0,865,32
2020-04-16,San Benito,069,59416,42,36,0,36,2
2020-04-16,San Bernardino,071,2135413,1713,1143,0,1143,54
2020-04-16,San Diego,073,3302833,2800,2089,0,2089,63
2020-04-16,San Francisco,075,870044,1347,1039,0,1039,16
2020-04-16,San Joaquin,077,732212,471,345,3,348,17
2020-04-16,San Luis Obispo,079,281455,185,113,3,116,1
2020-04-16,San Mateo,081,765935,1096,745,2,747,29
2020-04-16,Santa Barbara,083,443738,440,331,2,333,3
2020-04-16,Santa Clara,085,1922200,2200,1789,5,1794,70
2020-04-16,Santa Cruz,087,273765,121,90,0,90,2
2020-04-16,Shasta,089,179085,31,25,0,25,3
2020-04-16,Sierra,091,2930,0,0,0,0,0
2020-04-16,Siskiyou,093,43540,5,5,0,5,0
2020-04-16,Solano,095,438530,221,162,0,162,2
2020-04-16,Sonoma,097,501317,199,145,0,145,1
2020-04-16,Stanislaus,099,539301,280,185,4,189,3
2020-04-16,Sutter,101,95872,25,21,0,21,2
2020-04-16,Tehama,103,63373,1,1,0,1,1
2020-04-16,Trinity,105,12862,0,0,0,0,0
2020-04-16,Tulare,107,460477,578,305,5,310,16
2020-04-16,Tuolumne,109,53932,3,1,0,1,0
2020-04-16,Ventura,111,848112,532,384,1,385,13
2020-04-16,Yolo,113,214977,168,98,0,98,4
2020-04-16,Yuba,115,75493,15,14,0,14,1
2020-04-15,Alameda,001,1643700,1328,915,1,916,38
2020-04-15,Alpine,003,1148,1,1,0,1,0
2020-04-15,Amador,005,37829,7,7,0,7,0
2020-04-15,Butte,007,227075,21,14,1,15,0
2020-04-15,Calaveras,009,45235,11,9,0,9,0
2020-04-15,Colusa,011,21464,3,3,0,3,0
2020-04-15,Contra Costa,013,1133247,809,645,0,645,14
2020-04-15,Del Norte,015,27424,2,2,0,2,0
2020-04-15,El Dorado,017,186661,51,33,0,33,0
2020-04-15,Fresno,019,978130,544,264,6,270,7
2020-04-15,Glenn,021,27897,4,3,0,3,0
2020-04-15,Humboldt,023,135768,57,47,0,47,0
2020-04-15,Imperial,025,180216,257,115,0,115,2
2020-04-15,Inyo,027,18085,17,12,0,12,0
2020-04-15,Kern,029,883053,760,500,1,501,3
2020-04-15,Kings,031,150075,59,12,1,13,1
2020-04-15,Lake,033,64148,6,4,0,4,0
2020-04-15,Lassen,035,31185,3,0,2,2,0
2020-04-15,Los Angeles,037,10098052,16980,10416,14,10430,394
2020-04-15,Madera,039,155013,69,30,1,31,2
2020-04-15,Marin,041,260295,200,162,1,163,10
2020-04-15,Mariposa,043,17540,0,0,0,0,0
2020-04-15,Mendocino,045,87422,5,4,0,4,0
2020-04-15,Merced,047,269075,120,74,0,74,3
2020-04-15,Modoc,049,8938,0,0,0,0,0
2020-04-15,Mono,051,14174,29,22,0,22,1
2020-04-15,Monterey,053,433212,185,106,0,106,3
2020-04-15,Napa,055,140530,56,34,0,34,2
2020-04-15,Nevada,057,99092,37,34,1,35,1
2020-04-15,Orange,059,3164182,2225,1377,19,1396,24
2020-04-15,Placer,061,380077,149,123,0,123,6
2020-04-15,Plumas,063,18699,4,4,0,4,0
2020-04-15,Riverside,065,2383286,3212,1723,14,1737,42
2020-04-15,Sacramento,067,1510023,978,839,0,839,32
2020-04-15,San Benito,069,59416,42,34,0,34,2
2020-04-15,San Bernardino,071,2135413,1643,1063,0,1063,45
2020-04-15,San Diego,073,3302833,2712,2014,0,2014,60
2020-04-15,San Francisco,075,870044,1311,1006,0,1006,16
2020-04-15,San Joaquin,077,732212,463,329,3,332,17
2020-04-15,San Luis Obispo,079,281455,177,112,3,115,1
2020-04-15,San Mateo,081,765935,1047,707,2,709,28
2020-04-15,Santa Barbara,083,443738,424,317,2,319,2
2020-04-15,Santa Clara,085,1922200,2161,1692,5,1697,69
2020-04-15,Santa Cruz,087,273765,117,92,0,92,2
2020-04-15,Shasta,089,179085,31,25,0,25,3
2020-04-15,Sierra,091,2930,0,0,0,0,0
2020-04-15,Siskiyou,093,43540,5,5,0,5,0
2020-04-15,Solano,095,438530,216,153,0,153,2
2020-04-15,Sonoma,097,501317,197,140,0,140,1
2020-04-15,Stanislaus,099,539301,273,174,4,178,3
2020-04-15,Sutter,101,95872,25,19,0,19,2
2020-04-15,Tehama,103,63373,1,1,0,1,1
2020-04-15,Trinity,105,12862,0,0,0,0,0
2020-04-15,Tulare,107,460477,560,289,5,294,14
2020-04-15,Tuolumne,109,53932,3,1,0,1,0
2020-04-15,Ventura,111,848112,517,365,1,366,13
2020-04-15,Yolo,113,214977,161,93,0,93,3
2020-04-15,Yuba,115,75493,15,15,0,15,1
2020-04-14,Alameda,001,1643700,1283,843,1,844,30
2020-04-14,Alpine,003,1148,1,1,0,1,0
2020-04-14,Amador,005,37829,7,6,0,6,0
2020-04-14,Butte,007,227075,21,13,1,14,0
2020-04-14,Calaveras,009,45235,11,5,0,5,0
2020-04-14,Colusa,011,21464,3,3,0,3,0
2020-04-14,Contra Costa,013,1133247,797,617,0,617,12
2020-04-14,Del Norte,015,27424,2,2,0,2,0
2020-04-14,El Dorado,017,186661,51,30,0,30,0
2020-04-14,Fresno,019,978130,521,244,6,250,6
2020-04-14,Glenn,021,27897,4,3,0,3,0
2020-04-14,Humboldt,023,135768,57,44,0,44,0
2020-04-14,Imperial,025,180216,237,86,0,86,2
2020-04-14,Inyo,027,18085,17,12,0,12,0
2020-04-14,Kern,029,883053,736,453,1,454,3
2020-04-14,Kings,031,150075,58,12,1,13,1
2020-04-14,Lake,033,64148,6,3,0,3,0
2020-04-14,Lassen,035,31185,3,0,2,2,0
2020-04-14,Los Angeles,037,10098052,16086,9948,13,9961,357
2020-04-14,Madera,039,155013,68,29,1,30,2
2020-04-14,Marin,041,260295,196,147,1,148,9
2020-04-14,Mariposa,043,17540,0,0,0,0,0
2020-04-14,Mendocino,045,87422,5,4,0,4,0
2020-04-14,Merced,047,269075,113,61,0,61,3
2020-04-14,Modoc,049,8938,0,0,0,0,0
2020-04-14,Mono,051,14174,29,22,0,22,1
2020-04-14,Monterey,053,433212,180,98,0,98,3
2020-04-14,Napa,055,140530,56,33,0,33,2
2020-04-14,Nevada,057,99092,37,34,1,35,1
2020-04-14,Orange,059,3164182,2125,1362,19,1381,24
2020-04-14,Placer,061,380077,148,117,0,117,5
2020-04-14,Plumas,063,18699,4,3,0,3,0
2020-04-14,Riverside,065,2383286,3077,1467,14,1481,40
2020-04-14,Sacramento,067,1510023,969,737,0,737,29
2020-04-14,San Benito,069,59416,39,34,0,34,2
2020-04-14,San Bernardino,071,2135413,1588,933,0,933,37
2020-04-14,San Diego,073,3302833,2617,1932,0,1932,53
2020-04-14,San Francisco,075,870044,1257,968,0,968,14
2020-04-14,San Joaquin,077,732212,453,280,3,283,17
2020-04-14,San Luis Obispo,079,281455,174,109,3,112,1
2020-04-14,San Mateo,081,765935,1013,681,2,683,28
2020-04-14,Santa Barbara,083,443738,400,292,2,294,2
2020-04-14,Santa Clara,085,1922200,2128,1561,5,1566,63
2020-04-14,Santa Cruz,087,273765,109,84,0,84,2
2020-04-14,Shasta,089,179085,31,24,0,24,3
2020-04-14,Sierra,091,2930,0,0,0,0,0
2020-04-14,Siskiyou,093,43540,5,5,0,5,0
2020-04-14,Solano,095,438530,213,140,0,140,2
2020-04-14,Sonoma,097,501317,193,133,0,133,1
2020-04-14,Stanislaus,099,539301,260,136,4,140,3
2020-04-14,Sutter,101,95872,24,19,0,19,2
2020-04-14,Tehama,103,63373,1,1,0,1,1
2020-04-14,Trinity,105,12862,0,0,0,0,0
2020-04-14,Tulare,107,460477,536,228,5,233,12
2020-04-14,Tuolumne,109,53932,3,0,0,0,0
2020-04-14,Ventura,111,848112,504,328,1,329,11
2020-04-14,Yolo,113,214977,158,81,0,81,3
2020-04-14,Yuba,115,75493,14,14,0,14,1
2020-04-13,Alameda,001,1643700,1245,821,1,822,23
2020-04-13,Alpine,003,1148,1,1,0,1,0
2020-04-13,Amador,005,37829,7,6,0,6,0
2020-04-13,Butte,007,227075,20,13,1,14,0
2020-04-13,Calaveras,009,45235,10,5,0,5,0
2020-04-13,Colusa,011,21464,3,3,0,3,0
2020-04-13,Contra Costa,013,1133247,781,569,0,569,12
2020-04-13,Del Norte,015,27424,2,2,0,2,0
2020-04-13,El Dorado,017,186661,49,29,0,29,0
2020-04-13,Fresno,019,978130,499,205,5,210,4
2020-04-13,Glenn,021,27897,4,3,0,3,0
2020-04-13,Humboldt,023,135768,57,44,0,44,0
2020-04-13,Imperial,025,180216,219,82,0,82,2
2020-04-13,Inyo,027,18085,17,12,0,12,0
2020-04-13,Kern,029,883053,711,346,1,347,3
2020-04-13,Kings,031,150075,54,9,1,10,0
2020-04-13,Lake,033,64148,6,3,0,3,0
2020-04-13,Lassen,035,31185,3,0,2,2,0
2020-04-13,Los Angeles,037,10098052,15368,9367,13,9380,317
2020-04-13,Madera,039,155013,66,29,1,30,2
2020-04-13,Marin,041,260295,192,144,1,145,6
2020-04-13,Mariposa,043,17540,0,0,0,0,0
2020-04-13,Mendocino,045,87422,5,4,0,4,0
2020-04-13,Merced,047,269075,112,60,0,60,3
2020-04-13,Modoc,049,8938,0,0,0,0,0
2020-04-13,Mono,051,14174,29,21,0,21,1
2020-04-13,Monterey,053,433212,173,86,0,86,3
2020-04-13,Napa,055,140530,55,30,0,30,2
2020-04-13,Nevada,057,99092,37,24,1,25,1
2020-04-13,Orange,059,3164182,2052,1313,19,1332,21
2020-04-13,Placer,061,380077,147,116,0,116,5
2020-04-13,Plumas,063,18699,4,3,0,3,0
2020-04-13,Riverside,065,2383286,2936,1460,13,1473,35
2020-04-13,Sacramento,067,1510023,957,723,0,723,25
2020-04-13,San Benito,069,59416,38,33,0,33,2
2020-04-13,San Bernardino,071,2135413,1513,920,0,920,30
2020-04-13,San Diego,073,3302833,2534,1849,0,1849,47
2020-04-13,San Francisco,075,870044,1219,948,0,948,12
2020-04-13,San Joaquin,077,732212,438,255,3,258,16
2020-04-13,San Luis Obispo,079,281455,169,106,3,109,1
2020-04-13,San Mateo,081,765935,973,679,2,681,25
2020-04-13,Santa Barbara,083,443738,381,271,1,272,2
2020-04-13,Santa Clara,085,1922200,2082,1540,5,1545,58
2020-04-13,Santa Cruz,087,273765,103,82,0,82,1
2020-04-13,Shasta,089,179085,30,24,0,24,3
2020-04-13,Sierra,091,2930,0,0,0,0,0
2020-04-13,Siskiyou,093,43540,5,5,0,5,0
2020-04-13,Solano,095,438530,210,136,0,136,2
2020-04-13,Sonoma,097,501317,186,133,0,133,1
2020-04-13,Stanislaus,099,539301,254,130,4,134,1
2020-04-13,Sutter,101,95872,24,18,0,18,2
2020-04-13,Tehama,103,63373,1,1,0,1,0
2020-04-13,Trinity,105,12862,0,0,0,0,0
2020-04-13,Tulare,107,460477,500,185,5,190,11
2020-04-13,Tuolumne,109,53932,3,0,0,0,0
2020-04-13,Ventura,111,848112,483,309,0,309,9
2020-04-13,Yolo,113,214977,152,81,0,81,3
2020-04-13,Yuba,115,75493,14,13,0,13,1
2020-04-12,Alameda,001,1643700,1202,774,1,775,23
2020-04-12,Alpine,003,1148,1,1,0,1,0
2020-04-12,Amador,005,37829,7,6,0,6,0
2020-04-12,Butte,007,227075,20,13,1,14,0
2020-04-12,Calaveras,009,45235,10,5,0,5,0
2020-04-12,Colusa,011,21464,3,3,0,3,0
2020-04-12,Contra Costa,013,1133247,768,553,0,553,12
2020-04-12,Del Norte,015,27424,2,2,0,2,0
2020-04-12,El Dorado,017,186661,49,28,0,28,0
2020-04-12,Fresno,019,978130,470,205,5,210,4
2020-04-12,Glenn,021,27897,4,3,0,3,0
2020-04-12,Humboldt,023,135768,57,43,0,43,0
2020-04-12,Imperial,025,180216,196,78,0,78,2
2020-04-12,Inyo,027,18085,15,12,0,12,0
2020-04-12,Kern,029,883053,679,319,0,319,3
2020-04-12,Kings,031,150075,52,9,1,10,0
2020-04-12,Lake,033,64148,6,3,0,3,0
2020-04-12,Lassen,035,31185,3,0,2,2,0
2020-04-12,Los Angeles,037,10098052,14649,9133,13,9146,294
2020-04-12,Madera,039,155013,65,29,1,30,2
2020-04-12,Marin,041,260295,181,138,1,139,6
2020-04-12,Mariposa,043,17540,0,0,0,0,0
2020-04-12,Mendocino,045,87422,5,4,0,4,0
2020-04-12,Merced,047,269075,106,58,0,58,3
2020-04-12,Modoc,049,8938,0,0,0,0,0
2020-04-12,Mono,051,14174,29,20,0,20,1
2020-04-12,Monterey,053,433212,159,85,0,85,3
2020-04-12,Napa,055,140530,53,29,0,29,2
2020-04-12,Nevada,057,99092,37,24,1,25,1
2020-04-12,Orange,059,3164182,1992,1283,18,1301,21
2020-04-12,Placer,061,380077,146,114,0,114,4
2020-04-12,Plumas,063,18699,4,3,0,3,0
2020-04-12,Riverside,065,2383286,2754,1330,13,1343,34
2020-04-12,Sacramento,067,1510023,920,689,0,689,25
2020-04-12,San Benito,069,59416,36,33,0,33,2
2020-04-12,San Bernardino,071,2135413,1437,827,0,827,30
2020-04-12,San Diego,073,3302833,2444,1806,0,1806,45
2020-04-12,San Francisco,075,870044,1192,886,0,886,11
2020-04-12,San Joaquin,077,732212,420,246,3,249,15
2020-04-12,San Luis Obispo,079,281455,166,102,2,104,1
2020-04-12,San Mateo,081,765935,947,664,2,666,25
2020-04-12,Santa Barbara,083,443738,362,261,1,262,2
2020-04-12,Santa Clara,085,1922200,2054,1461,5,1466,53
2020-04-12,Santa Cruz,087,273765,102,80,0,80,1
2020-04-12,Shasta,089,179085,30,24,0,24,3
2020-04-12,Sierra,091,2930,0,0,0,0,0
2020-04-12,Siskiyou,093,43540,5,5,0,5,0
2020-04-12,Solano,095,438530,204,136,0,136,2
2020-04-12,Sonoma,097,501317,183,131,0,131,1
2020-04-12,Stanislaus,099,539301,246,117,4,121,1
2020-04-12,Sutter,101,95872,23,18,0,18,2
2020-04-12,Tehama,103,63373,1,1,0,1,0
2020-04-12,Trinity,105,12862,0,0,0,0,0
2020-04-12,Tulare,107,460477,488,166,5,171,11
2020-04-12,Tuolumne,109,53932,3,0,0,0,0
2020-04-12,Ventura,111,848112,473,306,0,306,9
2020-04-12,Yolo,113,214977,138,67,0,67,3
2020-04-12,Yuba,115,75493,14,13,0,13,1
2020-04-11,Alameda,001,1643700,1160,751,1,752,23
2020-04-11,Alpine,003,1148,1,1,0,1,0
2020-04-11,Amador,005,37829,7,6,0,6,0
2020-04-11,Butte,007,227075,20,13,1,14,0
2020-04-11,Calaveras,009,45235,10,5,0,5,0
2020-04-11,Colusa,011,21464,3,3,0,3,0
2020-04-11,Contra Costa,013,1133247,759,550,0,550,12
2020-04-11,Del Norte,015,27424,2,2,0,2,0
2020-04-11,El Dorado,017,186661,48,29,0,29,0
2020-04-11,Fresno,019,978130,460,201,5,206,4
2020-04-11,Glenn,021,27897,4,3,0,3,0
2020-04-11,Humboldt,023,135768,57,38,0,38,0
2020-04-11,Imperial,025,180216,186,78,0,78,2
2020-04-11,Inyo,027,18085,15,12,0,12,0
2020-04-11,Kern,029,883053,651,304,0,304,3
2020-04-11,Kings,031,150075,49,9,1,10,0
2020-04-11,Lake,033,64148,6,3,0,3,0
2020-04-11,Lassen,035,31185,3,0,2,2,0
2020-04-11,Los Angeles,037,10098052,14174,8823,13,8836,262
2020-04-11,Madera,039,155013,64,29,1,30,2
2020-04-11,Marin,041,260295,178,136,1,137,6
2020-04-11,Mariposa,043,17540,0,0,0,0,0
2020-04-11,Mendocino,045,87422,5,4,0,4,0
2020-04-11,Merced,047,269075,103,59,0,59,3
2020-04-11,Modoc,049,8938,0,0,0,0,0
2020-04-11,Mono,051,14174,29,20,0,20,1
2020-04-11,Monterey,053,433212,153,78,0,78,3
2020-04-11,Napa,055,140530,53,29,0,29,2
2020-04-11,Nevada,057,99092,37,24,1,25,1
2020-04-11,Orange,059,3164182,1930,1267,18,1285,21
2020-04-11,Placer,061,380077,146,113,0,113,4
2020-04-11,Plumas,063,18699,4,3,0,3,0
2020-04-11,Riverside,065,2383286,2675,1260,13,1273,33
2020-04-11,Sacramento,067,1510023,909,685,0,685,25
2020-04-11,San Benito,069,59416,36,33,0,33,2
2020-04-11,San Bernardino,071,2135413,1401,826,0,826,28
2020-04-11,San Diego,073,3302833,2378,1763,0,1763,45
2020-04-11,San Francisco,075,870044,1170,860,0,860,11
2020-04-11,San Joaquin,077,732212,415,244,3,247,15
2020-04-11,San Luis Obispo,079,281455,166,100,1,101,1
2020-04-11,San Mateo,081,765935,935,662,2,664,25
2020-04-11,Santa Barbara,083,443738,354,258,1,259,2
2020-04-11,Santa Clara,085,1922200,1995,1441,5,1446,51
2020-04-11,Santa Cruz,087,273765,102,79,0,79,1
2020-04-11,Shasta,089,179085,30,24,0,24,3
2020-04-11,Sierra,091,2930,0,0,0,0,0
2020-04-11,Siskiyou,093,43540,5,5,0,5,0
2020-04-11,Solano,095,438530,200,138,0,138,2
2020-04-11,Sonoma,097,501317,181,131,0,131,1
2020-04-11,Stanislaus,099,539301,238,119,3,122,1
2020-04-11,Sutter,101,95872,23,18,0,18,2
2020-04-11,Tehama,103,63373,1,1,0,1,0
2020-04-11,Trinity,105,12862,0,0,0,0,0
2020-04-11,Tulare,107,460477,466,168,5,173,10
2020-04-11,Tuolumne,109,53932,3,0,0,0,0
2020-04-11,Ventura,111,848112,463,304,0,304,9
2020-04-11,Yolo,113,214977,135,67,0,67,3
2020-04-11,Yuba,115,75493,14,13,0,13,1
2020-04-10,Alameda,001,1643700,1119,706,1,707,21
2020-04-10,Alpine,003,1148,1,1,0,1,0
2020-04-10,Amador,005,37829,7,5,0,5,0
2020-04-10,Butte,007,227075,20,13,1,14,0
2020-04-10,Calaveras,009,45235,10,5,0,5,0
2020-04-10,Colusa,011,21464,3,3,0,3,0
2020-04-10,Contra Costa,013,1133247,746,537,0,537,10
2020-04-10,Del Norte,015,27424,2,2,0,2,0
2020-04-10,El Dorado,017,186661,48,26,0,26,0
2020-04-10,Fresno,019,978130,453,186,4,190,3
2020-04-10,Glenn,021,27897,4,3,0,3,0
2020-04-10,Humboldt,023,135768,57,36,0,36,0
2020-04-10,Imperial,025,180216,179,70,0,70,2
2020-04-10,Inyo,027,18085,13,11,0,11,0
2020-04-10,Kern,029,883053,627,272,0,272,3
2020-04-10,Kings,031,150075,46,7,1,8,0
2020-04-10,Lake,033,64148,6,3,0,3,0
2020-04-10,Lassen,035,31185,3,0,2,2,0
2020-04-10,Los Angeles,037,10098052,13658,8384,12,8396,239
2020-04-10,Madera,039,155013,63,29,1,30,2
2020-04-10,Marin,041,260295,173,128,1,129,6
2020-04-10,Mariposa,043,17540,0,0,0,0,0
2020-04-10,Mendocino,045,87422,5,4,0,4,0
2020-04-10,Merced,047,269075,100,56,0,56,3
2020-04-10,Modoc,049,8938,0,0,0,0,0
2020-04-10,Mono,051,14174,29,20,0,20,1
2020-04-10,Monterey,053,433212,142,78,0,78,3
2020-04-10,Napa,055,140530,50,28,0,28,2
2020-04-10,Nevada,057,99092,37,23,1,24,1
2020-04-10,Orange,059,3164182,1883,1167,18,1185,21
2020-04-10,Placer,061,380077,145,112,0,112,4
2020-04-10,Plumas,063,18699,4,3,0,3,0
2020-04-10,Riverside,065,2383286,2609,1162,13,1175,30
2020-04-10,Sacramento,067,1510023,900,642,0,642,24
2020-04-10,San Benito,069,59416,36,32,0,32,2
2020-04-10,San Bernardino,071,2135413,1353,779,0,779,27
2020-04-10,San Diego,073,3302833,2318,1695,0,1695,44
2020-04-10,San Francisco,075,870044,1139,797,0,797,10
2020-04-10,San Joaquin,077,732212,403,234,3,237,14
2020-04-10,San Luis Obispo,079,281455,166,97,1,98,1
2020-04-10,San Mateo,081,765935,919,642,2,644,24
2020-04-10,Santa Barbara,083,443738,346,254,1,255,2
2020-04-10,Santa Clara,085,1922200,1943,1351,5,1356,50
2020-04-10,Santa Cruz,087,273765,101,75,0,75,1
2020-04-10,Shasta,089,179085,30,24,0,24,3
2020-04-10,Sierra,091,2930,0,0,0,0,0
2020-04-10,Siskiyou,093,43540,5,5,0,5,0
2020-04-10,Solano,095,438530,197,129,0,129,2
2020-04-10,Sonoma,097,501317,180,129,0,129,1
2020-04-10,Stanislaus,099,539301,231,101,3,104,0
2020-04-10,Sutter,101,95872,23,18,0,18,2
2020-04-10,Tehama,103,63373,1,1,0,1,0
2020-04-10,Trinity,105,12862,0,0,0,0,0
2020-04-10,Tulare,107,460477,424,163,5,168,10
2020-04-10,Tuolumne,109,53932,3,0,0,0,0
2020-04-10,Ventura,111,848112,454,290,0,290,9
2020-04-10,Yolo,113,214977,133,62,0,62,3
2020-04-10,Yuba,115,75493,14,13,0,13,1
2020-04-09,Alameda,001,1643700,1069,641,1,642,17
2020-04-09,Alpine,003,1148,1,1,0,1,0
2020-04-09,Amador,005,37829,7,2,0,2,0
2020-04-09,Butte,007,227075,20,12,1,13,0
2020-04-09,Calaveras,009,45235,10,5,0,5,0
2020-04-09,Colusa,011,21464,3,3,0,3,0
2020-04-09,Contra Costa,013,1133247,703,505,0,505,7
2020-04-09,Del Norte,015,27424,2,2,0,2,0
2020-04-09,El Dorado,017,186661,47,25,0,25,0
2020-04-09,Fresno,019,978130,428,165,4,169,3
2020-04-09,Glenn,021,27897,4,2,0,2,0
2020-04-09,Humboldt,023,135768,57,36,0,36,0
2020-04-09,Imperial,025,180216,158,67,0,67,2
2020-04-09,Inyo,027,18085,12,11,0,11,0
2020-04-09,Kern,029,883053,591,241,0,241,2
2020-04-09,Kings,031,150075,43,5,1,6,0
2020-04-09,Lake,033,64148,5,1,0,1,0
2020-04-09,Lassen,035,31185,3,0,2,2,0
2020-04-09,Los Angeles,037,10098052,13027,7919,12,7931,220
2020-04-09,Madera,039,155013,63,28,1,29,2
2020-04-09,Marin,041,260295,171,126,1,127,7
2020-04-09,Mariposa,043,17540,0,0,0,0,0
2020-04-09,Mendocino,045,87422,5,4,0,4,0
2020-04-09,Merced,047,269075,97,41,0,41,3
2020-04-09,Modoc,049,8938,0,0,0,0,0
2020-04-09,Mono,051,14174,29,19,0,19,1
2020-04-09,Monterey,053,433212,124,70,0,70,3
2020-04-09,Napa,055,140530,46,27,0,27,2
2020-04-09,Nevada,057,99092,36,23,1,24,1
2020-04-09,Orange,059,3164182,1809,1105,18,1123,19
2020-04-09,Placer,061,380077,144,107,0,107,4
2020-04-09,Plumas,063,18699,4,3,0,3,0
2020-04-09,Riverside,065,2383286,2465,1083,13,1096,29
2020-04-09,Sacramento,067,1510023,877,601,0,601,21
2020-04-09,San Benito,069,59416,36,32,0,32,2
2020-04-09,San Bernardino,071,2135413,1284,717,0,717,27
2020-04-09,San Diego,073,3302833,2222,1630,0,1630,40
2020-04-09,San Francisco,075,870044,1119,748,0,748,8
2020-04-09,San Joaquin,077,732212,382,223,3,226,14
2020-04-09,San Luis Obispo,079,281455,158,93,1,94,1
2020-04-09,San Mateo,081,765935,903,630,2,632,23
2020-04-09,Santa Barbara,083,443738,336,232,1,233,2
2020-04-09,Santa Clara,085,1922200,1873,1301,5,1306,49
2020-04-09,Santa Cruz,087,273765,101,73,0,73,1
2020-04-09,Shasta,089,179085,30,22,0,22,3
2020-04-09,Sierra,091,2930,0,0,0,0,0
2020-04-09,Siskiyou,093,43540,5,4,0,4,0
2020-04-09,Solano,095,438530,188,118,0,118,2
2020-04-09,Sonoma,097,501317,176,113,0,113,1
2020-04-09,Stanislaus,099,539301,219,93,3,96,0
2020-04-09,Sutter,101,95872,23,17,0,17,2
2020-04-09,Tehama,103,63373,1,1,0,1,0
2020-04-09,Trinity,105,12862,0,0,0,0,0
2020-04-09,Tulare,107,460477,395,147,5,152,9
2020-04-09,Tuolumne,109,53932,3,0,0,0,0
2020-04-09,Ventura,111,848112,435,273,0,273,9
2020-04-09,Yolo,113,214977,124,59,0,59,3
2020-04-09,Yuba,115,75493,14,13,0,13,0
2020-04-08,Alameda,001,1643700,1027,594,1,595,15
2020-04-08,Alpine,003,1148,1,1,0,1,0
2020-04-08,Amador,005,37829,7,2,0,2,0
2020-04-08,Butte,007,227075,19,11,1,12,0
2020-04-08,Calaveras,009,45235,10,5,0,5,0
2020-04-08,Colusa,011,21464,3,3,0,3,0
2020-04-08,Contra Costa,013,1133247,690,481,0,481,7
2020-04-08,Del Norte,015,27424,2,2,0,2,0
2020-04-08,El Dorado,017,186661,47,25,0,25,0
2020-04-08,Fresno,019,978130,408,151,4,155,3
2020-04-08,Glenn,021,27897,4,2,0,2,0
2020-04-08,Humboldt,023,135768,57,40,0,40,0
2020-04-08,Imperial,025,180216,147,59,0,59,2
2020-04-08,Inyo,027,18085,12,11,0,11,0
2020-04-08,Kern,029,883053,550,198,0,198,2
2020-04-08,Kings,031,150075,43,5,1,6,0
2020-04-08,Lake,033,64148,5,1,0,1,0
2020-04-08,Lassen,035,31185,3,0,2,2,0
2020-04-08,Los Angeles,037,10098052,12426,7505,12,7517,196
2020-04-08,Madera,039,155013,62,28,1,29,2
2020-04-08,Marin,041,260295,165,125,1,126,7
2020-04-08,Mariposa,043,17540,0,0,0,0,0
2020-04-08,Mendocino,045,87422,5,4,0,4,0
2020-04-08,Merced,047,269075,82,35,0,35,1
2020-04-08,Modoc,049,8938,0,0,0,0,0
2020-04-08,Mono,051,14174,29,19,0,19,1
2020-04-08,Monterey,053,433212,115,68,0,68,3
2020-04-08,Napa,055,140530,44,21,0,21,2
2020-04-08,Nevada,057,99092,36,21,1,22,1
2020-04-08,Orange,059,3164182,1746,1034,18,1052,19
2020-04-08,Placer,061,380077,144,102,0,102,4
2020-04-08,Plumas,063,18699,4,3,0,3,0
2020-04-08,Riverside,065,2383286,2308,974,13,987,28
2020-04-08,Sacramento,067,1510023,843,565,0,565,21
2020-04-08,San Benito,069,59416,36,31,0,31,2
2020-04-08,San Bernardino,071,2135413,1227,635,0,635,22
2020-04-08,San Diego,073,3302833,2148,1532,0,1532,36
2020-04-08,San Francisco,075,870044,1052,687,0,687,7
2020-04-08,San Joaquin,077,732212,365,211,3,214,12
2020-04-08,San Luis Obispo,079,281455,156,90,1,91,1
2020-04-08,San Mateo,081,765935,888,608,2,610,22
2020-04-08,Santa Barbara,083,443738,319,221,1,222,2
2020-04-08,Santa Clara,085,1922200,1828,1257,5,1262,47
2020-04-08,Santa Cruz,087,273765,100,69,0,69,1
2020-04-08,Shasta,089,179085,30,18,0,18,3
2020-04-08,Sierra,091,2930,0,0,0,0,0
2020-04-08,Siskiyou,093,43540,5,4,0,4,0
2020-04-08,Solano,095,438530,175,111,0,111,2
2020-04-08,Sonoma,097,501317,170,107,0,107,1
2020-04-08,Stanislaus,099,539301,203,86,3,89,0
2020-04-08,Sutter,101,95872,22,17,0,17,2
2020-04-08,Tehama,103,63373,1,1,0,1,0
2020-04-08,Trinity,105,12862,0,0,0,0,0
2020-04-08,Tulare,107,460477,364,145,5,150,6
2020-04-08,Tuolumne,109,53932,3,0,0,0,0
2020-04-08,Ventura,111,848112,426,263,0,263,7
2020-04-08,Yolo,113,214977,107,56,0,56,3
2020-04-08,Yuba,115,75493,14,10,0,10,0
2020-04-07,Alameda,001,1643700,992,560,1,561,14
2020-04-07,Alpine,003,1148,1,1,0,1,0
2020-04-07,Amador,005,37829,7,2,0,2,0
2020-04-07,Butte,007,227075,18,11,1,12,0
2020-04-07,Calaveras,009,45235,9,5,0,5,0
2020-04-07,Colusa,011,21464,3,2,0,2,0
2020-04-07,Contra Costa,013,1133247,670,471,0,471,7
2020-04-07,Del Norte,015,27424,2,2,0,2,0
2020-04-07,El Dorado,017,186661,46,22,0,22,0
2020-04-07,Fresno,019,978130,393,138,4,142,3
2020-04-07,Glenn,021,27897,4,2,0,2,0
2020-04-07,Humboldt,023,135768,56,40,0,40,0
2020-04-07,Imperial,025,180216,128,53,0,53,2
2020-04-07,Inyo,027,18085,12,11,0,11,0
2020-04-07,Kern,029,883053,507,134,0,134,2
2020-04-07,Kings,031,150075,40,5,1,6,0
2020-04-07,Lake,033,64148,4,1,0,1,0
2020-04-07,Lassen,035,31185,3,0,2,2,0
2020-04-07,Los Angeles,037,10098052,11776,6885,12,6897,170
2020-04-07,Madera,039,155013,60,28,0,28,2
2020-04-07,Marin,041,260295,163,122,1,123,7
2020-04-07,Mariposa,043,17540,0,0,0,0,0
2020-04-07,Mendocino,045,87422,5,4,0,4,0
2020-04-07,Merced,047,269075,67,27,0,27,1
2020-04-07,Modoc,049,8938,0,0,0,0,0
2020-04-07,Mono,051,14174,28,18,0,18,1
2020-04-07,Monterey,053,433212,106,63,0,63,2
2020-04-07,Napa,055,140530,42,18,0,18,2
2020-04-07,Nevada,057,99092,36,20,1,21,1
2020-04-07,Orange,059,3164182,1699,971,16,987,19
2020-04-07,Placer,061,380077,139,94,0,94,3
2020-04-07,Plumas,063,18699,4,3,0,3,0
2020-04-07,Riverside,065,2383286,2151,905,13,918,25
2020-04-07,Sacramento,067,1510023,813,513,0,513,18
2020-04-07,San Benito,069,59416,36,26,0,26,2
2020-04-07,San Bernardino,071,2135413,1160,554,0,554,19
2020-04-07,San Diego,073,3302833,2071,1456,0,1456,31
2020-04-07,San Francisco,075,870044,992,636,0,636,6
2020-04-07,San Joaquin,077,732212,347,198,3,201,12
2020-04-07,San Luis Obispo,079,281455,149,87,1,88,1
2020-04-07,San Mateo,081,765935,867,573,2,575,22
2020-04-07,Santa Barbara,083,443738,305,209,1,210,2
2020-04-07,Santa Clara,085,1922200,1759,1193,4,1197,46
2020-04-07,Santa Cruz,087,273765,100,67,0,67,1
2020-04-07,Shasta,089,179085,29,16,0,16,3
2020-04-07,Sierra,091,2930,0,0,0,0,0
2020-04-07,Siskiyou,093,43540,5,4,0,4,0
2020-04-07,Solano,095,438530,170,99,0,99,1
2020-04-07,Sonoma,097,501317,167,102,0,102,1
2020-04-07,Stanislaus,099,539301,186,83,3,86,0
2020-04-07,Sutter,101,95872,22,16,0,16,2
2020-04-07,Tehama,103,63373,1,1,0,1,0
2020-04-07,Trinity,105,12862,0,0,0,0,0
2020-04-07,Tulare,107,460477,335,144,5,149,5
2020-04-07,Tuolumne,109,53932,3,1,0,1,0
2020-04-07,Ventura,111,848112,409,247,0,247,6
2020-04-07,Yolo,113,214977,100,51,0,51,2
2020-04-07,Yuba,115,75493,14,10,0,10,0
2020-04-06,Alameda,001,1643700,961,527,1,528,13
2020-04-06,Alpine,003,1148,1,1,0,1,0
2020-04-06,Amador,005,37829,6,2,0,2,0
2020-04-06,Butte,007,227075,17,11,1,12,0
2020-04-06,Calaveras,009,45235,9,4,0,4,0
2020-04-06,Colusa,011,21464,3,1,0,1,0
2020-04-06,Contra Costa,013,1133247,645,447,0,447,7
2020-04-06,Del Norte,015,27424,2,2,0,2,0
2020-04-06,El Dorado,017,186661,44,23,0,23,0
2020-04-06,Fresno,019,978130,371,122,4,126,1
2020-04-06,Glenn,021,27897,4,2,0,2,0
2020-04-06,Humboldt,023,135768,55,37,0,37,0
2020-04-06,Imperial,025,180216,121,47,0,47,1
2020-04-06,Inyo,027,18085,11,11,0,11,0
2020-04-06,Kern,029,883053,470,117,0,117,2
2020-04-06,Kings,031,150075,40,3,1,4,0
2020-04-06,Lake,033,64148,4,1,0,1,0
2020-04-06,Lassen,035,31185,3,0,2,2,0
2020-04-06,Los Angeles,037,10098052,11045,6346,12,6358,145
2020-04-06,Madera,039,155013,58,29,0,29,2
2020-04-06,Marin,041,260295,160,119,1,120,7
2020-04-06,Mariposa,043,17540,0,0,0,0,0
2020-04-06,Mendocino,045,87422,5,4,0,4,0
2020-04-06,Merced,047,269075,60,25,0,25,1
2020-04-06,Modoc,049,8938,0,0,0,0,0
2020-04-06,Mono,051,14174,28,18,0,18,1
2020-04-06,Monterey,053,433212,101,62,0,62,2
2020-04-06,Napa,055,140530,42,18,0,18,2
2020-04-06,Nevada,057,99092,36,19,1,20,1
2020-04-06,Orange,059,3164182,1655,910,15,925,17
2020-04-06,Placer,061,380077,139,90,0,90,3
2020-04-06,Plumas,063,18699,4,2,0,2,0
2020-04-06,Riverside,065,2383286,2025,854,13,867,17
2020-04-06,Sacramento,067,1510023,783,448,0,448,15
2020-04-06,San Benito,069,59416,34,25,0,25,1
2020-04-06,San Bernardino,071,2135413,1101,550,0,550,13
2020-04-06,San Diego,073,3302833,1989,1406,0,1406,19
2020-04-06,San Francisco,075,870044,952,586,0,586,6
2020-04-06,San Joaquin,077,732212,332,191,3,194,10
2020-04-06,San Luis Obispo,079,281455,147,85,1,86,1
2020-04-06,San Mateo,081,765935,849,569,2,571,20
2020-04-06,Santa Barbara,083,443738,296,189,1,190,2
2020-04-06,Santa Clara,085,1922200,1706,1128,4,1132,43
2020-04-06,Santa Cruz,087,273765,98,65,0,65,1
2020-04-06,Shasta,089,179085,29,16,0,16,3
2020-04-06,Sierra,091,2930,0,0,0,0,0
2020-04-06,Siskiyou,093,43540,4,4,0,4,0
2020-04-06,Solano,095,438530,163,95,0,95,1
2020-04-06,Sonoma,097,501317,166,102,0,102,1
2020-04-06,Stanislaus,099,539301,170,72,3,75,0
2020-04-06,Sutter,101,95872,22,14,0,14,2
2020-04-06,Tehama,103,63373,1,1,0,1,0
2020-04-06,Trinity,105,12862,0,0,0,0,0
2020-04-06,Tulare,107,460477,319,126,5,131,5
2020-04-06,Tuolumne,109,53932,3,1,0,1,0
2020-04-06,Ventura,111,848112,391,234,0,234,6
2020-04-06,Yolo,113,214977,96,43,0,43,1
2020-04-06,Yuba,115,75493,14,8,0,8,0
2020-04-05,Alameda,001,1643700,919,475,1,476,12
2020-04-05,Alpine,003,1148,1,1,0,1,0
2020-04-05,Amador,005,37829,6,2,0,2,0
2020-04-05,Butte,007,227075,17,10,1,11,0
2020-04-05,Calaveras,009,45235,9,3,0,3,0
2020-04-05,Colusa,011,21464,3,1,0,1,0
2020-04-05,Contra Costa,013,1133247,628,415,0,415,6
2020-04-05,Del Norte,015,27424,2,1,0,1,0
2020-04-05,El Dorado,017,186661,42,19,0,19,0
2020-04-05,Fresno,019,978130,337,102,4,106,1
2020-04-05,Glenn,021,27897,4,2,0,2,0
2020-04-05,Humboldt,023,135768,55,29,0,29,0
2020-04-05,Imperial,025,180216,113,42,0,42,1
2020-04-05,Inyo,027,18085,11,10,0,10,0
2020-04-05,Kern,029,883053,415,109,0,109,2
2020-04-05,Kings,031,150075,39,4,1,5,0
2020-04-05,Lake,033,64148,4,0,0,0,0
2020-04-05,Lassen,035,31185,3,0,2,2,0
2020-04-05,Los Angeles,037,10098052,10474,5892,12,5904,130
2020-04-05,Madera,039,155013,57,27,0,27,2
2020-04-05,Marin,041,260295,160,113,1,114,6
2020-04-05,Mariposa,043,17540,0,0,0,0,0
2020-04-05,Mendocino,045,87422,5,4,0,4,0
2020-04-05,Merced,047,269075,53,16,0,16,0
2020-04-05,Modoc,049,8938,0,0,0,0,0
2020-04-05,Mono,051,14174,28,18,0,18,1
2020-04-05,Monterey,053,433212,94,61,0,61,2
2020-04-05,Napa,055,140530,40,15,0,15,2
2020-04-05,Nevada,057,99092,36,19,1,20,1
2020-04-05,Orange,059,3164182,1599,820,15,835,15
2020-04-05,Placer,061,380077,136,86,0,86,3
2020-04-05,Plumas,063,18699,3,2,0,2,0
2020-04-05,Riverside,065,2383286,1896,669,13,682,17
2020-04-05,Sacramento,067,1510023,752,393,0,393,11
2020-04-05,San Benito,069,59416,34,22,0,22,1
2020-04-05,San Bernardino,071,2135413,1028,375,0,375,13
2020-04-05,San Diego,073,3302833,1907,1328,0,1328,19
2020-04-05,San Francisco,075,870044,905,559,0,559,6
2020-04-05,San Joaquin,077,732212,317,179,3,182,10
2020-04-05,San Luis Obispo,079,281455,145,83,1,84,1
2020-04-05,San Mateo,081,765935,829,528,2,530,19
2020-04-05,Santa Barbara,083,443738,280,171,1,172,1
2020-04-05,Santa Clara,085,1922200,1659,1052,4,1056,42
2020-04-05,Santa Cruz,087,273765,98,59,0,59,1
2020-04-05,Shasta,089,179085,28,11,0,11,2
2020-04-05,Sierra,091,2930,0,0,0,0,0
2020-04-05,Siskiyou,093,43540,4,3,0,3,0
2020-04-05,Solano,095,438530,159,78,0,78,1
2020-04-05,Sonoma,097,501317,164,88,0,88,1
2020-04-05,Stanislaus,099,539301,156,51,3,54,0
2020-04-05,Sutter,101,95872,22,14,0,14,1
2020-04-05,Tehama,103,63373,1,1,0,1,0
2020-04-05,Trinity,105,12862,0,0,0,0,0
2020-04-05,Tulare,107,460477,282,81,5,86,4
2020-04-05,Tuolumne,109,53932,3,1,0,1,0
2020-04-05,Ventura,111,848112,377,196,0,196,6
2020-04-05,Yolo,113,214977,77,37,0,37,2
2020-04-05,Yuba,115,75493,14,7,0,7,0
2020-04-04,Alameda,001,1643700,896,468,1,469,12
2020-04-04,Alpine,003,1148,1,1,0,1,0
2020-04-04,Amador,005,37829,5,2,0,2,0
2020-04-04,Butte,007,227075,17,10,1,11,0
2020-04-04,Calaveras,009,45235,9,3,0,3,0
2020-04-04,Colusa,011,21464,3,1,0,1,0
2020-04-04,Contra Costa,013,1133247,620,382,0,382,5
2020-04-04,Del Norte,015,27424,2,1,0,1,0
2020-04-04,El Dorado,017,186661,42,19,0,19,0
2020-04-04,Fresno,019,978130,327,102,4,106,1
2020-04-04,Glenn,021,27897,4,2,0,2,0
2020-04-04,Humboldt,023,135768,55,29,0,29,0
2020-04-04,Imperial,025,180216,112,42,0,42,1
2020-04-04,Inyo,027,18085,11,10,0,10,0
2020-04-04,Kern,029,883053,385,103,0,103,2
2020-04-04,Kings,031,150075,39,3,1,4,0
2020-04-04,Lake,033,64148,4,0,0,0,0
2020-04-04,Lassen,035,31185,3,0,2,2,0
2020-04-04,Los Angeles,037,10098052,9860,5275,12,5287,117
2020-04-04,Madera,039,155013,55,27,0,27,2
2020-04-04,Marin,041,260295,158,111,0,111,6
2020-04-04,Mariposa,043,17540,0,0,0,0,0
2020-04-04,Mendocino,045,87422,5,4,0,4,0
2020-04-04,Merced,047,269075,49,11,0,11,0
2020-04-04,Modoc,049,8938,0,0,0,0,0
2020-04-04,Mono,051,14174,28,18,0,18,1
2020-04-04,Monterey,053,433212,91,61,0,61,2
2020-04-04,Napa,055,140530,40,15,0,15,2
2020-04-04,Nevada,057,99092,36,19,1,20,1
2020-04-04,Orange,059,3164182,1557,781,14,795,15
2020-04-04,Placer,061,380077,135,87,0,87,2
2020-04-04,Plumas,063,18699,3,2,0,2,0
2020-04-04,Riverside,065,2383286,1795,652,13,665,15
2020-04-04,Sacramento,067,1510023,734,393,0,393,11
2020-04-04,San Benito,069,59416,34,22,0,22,1
2020-04-04,San Bernardino,071,2135413,980,373,0,373,13
2020-04-04,San Diego,073,3302833,1859,1211,0,1211,18
2020-04-04,San Francisco,075,870044,867,537,0,537,6
2020-04-04,San Joaquin,077,732212,294,171,3,174,10
2020-04-04,San Luis Obispo,079,281455,145,82,1,83,0
2020-04-04,San Mateo,081,765935,817,520,2,522,17
2020-04-04,Santa Barbara,083,443738,271,167,1,168,1
2020-04-04,Santa Clara,085,1922200,1607,1045,4,1049,39
2020-04-04,Santa Cruz,087,273765,98,56,0,56,1
2020-04-04,Shasta,089,179085,27,11,0,11,2
2020-04-04,Sierra,091,2930,0,0,0,0,0
2020-04-04,Siskiyou,093,43540,4,3,0,3,0
2020-04-04,Solano,095,438530,154,79,0,79,1
2020-04-04,Sonoma,097,501317,161,88,0,88,1
2020-04-04,Stanislaus,099,539301,145,51,3,54,0
2020-04-04,Sutter,101,95872,22,14,0,14,1
2020-04-04,Tehama,103,63373,1,1,0,1,0
2020-04-04,Trinity,105,12862,0,0,0,0,0
2020-04-04,Tulare,107,460477,268,79,5,84,4
2020-04-04,Tuolumne,109,53932,3,1,0,1,0
2020-04-04,Ventura,111,848112,364,194,0,194,6
2020-04-04,Yolo,113,214977,75,40,0,40,2
2020-04-04,Yuba,115,75493,13,7,0,7,0
2020-04-03,Alameda,001,1643700,860,395,1,396,11
2020-04-03,Alpine,003,1148,1,1,0,1,0
2020-04-03,Amador,005,37829,5,2,0,2,0
2020-04-03,Butte,007,227075,17,8,1,9,0
2020-04-03,Calaveras,009,45235,9,3,0,3,0
2020-04-03,Colusa,011,21464,3,1,0,1,0
2020-04-03,Contra Costa,013,1133247,597,327,0,327,5
2020-04-03,Del Norte,015,27424,2,1,0,1,0
2020-04-03,El Dorado,017,186661,40,16,0,16,0
2020-04-03,Fresno,019,978130,315,98,4,102,1
2020-04-03,Glenn,021,27897,4,2,0,2,0
2020-04-03,Humboldt,023,135768,55,34,0,34,0
2020-04-03,Imperial,025,180216,103,35,0,35,0
2020-04-03,Inyo,027,18085,11,10,0,10,0
2020-04-03,Kern,029,883053,359,87,0,87,1
2020-04-03,Kings,031,150075,37,3,1,4,0
2020-04-03,Lake,033,64148,3,0,0,0,0
2020-04-03,Lassen,035,31185,3,0,2,2,0
2020-04-03,Los Angeles,037,10098052,9246,4566,12,4578,91
2020-04-03,Madera,039,155013,54,28,0,28,2
2020-04-03,Marin,041,260295,156,106,0,106,6
2020-04-03,Mariposa,043,17540,0,0,0,0,0
2020-04-03,Mendocino,045,87422,5,4,0,4,0
2020-04-03,Merced,047,269075,46,9,0,9,0
2020-04-03,Modoc,049,8938,0,0,0,0,0
2020-04-03,Mono,051,14174,28,18,0,18,1
2020-04-03,Monterey,053,433212,88,58,0,58,2
2020-04-03,Napa,055,140530,39,13,0,13,1
2020-04-03,Nevada,057,99092,36,19,1,20,1
2020-04-03,Orange,059,3164182,1518,713,14,727,13
2020-04-03,Placer,061,380077,131,76,0,76,2
2020-04-03,Plumas,063,18699,3,2,0,2,0
2020-04-03,Riverside,065,2383286,1715,540,13,553,14
2020-04-03,Sacramento,067,1510023,713,363,0,363,11
2020-04-03,San Benito,069,59416,34,22,0,22,1
2020-04-03,San Bernardino,071,2135413,935,356,0,356,11
2020-04-03,San Diego,073,3302833,1798,1114,0,1114,17
2020-04-03,San Francisco,075,870044,843,506,0,506,6
2020-04-03,San Joaquin,077,732212,282,162,3,165,10
2020-04-03,San Luis Obispo,079,281455,144,82,1,83,0
2020-04-03,San Mateo,081,765935,800,474,2,476,13
2020-04-03,Santa Barbara,083,443738,260,154,1,155,1
2020-04-03,Santa Clara,085,1922200,1571,983,4,987,39
2020-04-03,Santa Cruz,087,273765,98,52,0,52,1
2020-04-03,Shasta,089,179085,27,10,0,10,1
2020-04-03,Sierra,091,2930,0,0,0,0,0
2020-04-03,Siskiyou,093,43540,4,3,0,3,0
2020-04-03,Solano,095,438530,146,72,0,72,1
2020-04-03,Sonoma,097,501317,161,84,0,84,1
2020-04-03,Stanislaus,099,539301,139,48,3,51,0
2020-04-03,Sutter,101,95872,22,12,0,12,1
2020-04-03,Tehama,103,63373,1,1,0,1,0
2020-04-03,Trinity,105,12862,0,0,0,0,0
2020-04-03,Tulare,107,460477,254,73,5,78,3
2020-04-03,Tuolumne,109,53932,3,1,0,1,0
2020-04-03,Ventura,111,848112,354,186,0,186,6
2020-04-03,Yolo,113,214977,74,33,0,33,1
2020-04-03,Yuba,115,75493,13,6,0,6,0
2020-04-02,Alameda,001,1643700,809,345,1,346,10
2020-04-02,Alpine,003,1148,1,1,0,1,0
2020-04-02,Amador,005,37829,5,2,0,2,0
2020-04-02,Butte,007,227075,17,7,0,7,0
2020-04-02,Calaveras,009,45235,7,3,0,3,0
2020-04-02,Colusa,011,21464,3,1,0,1,0
2020-04-02,Contra Costa,013,1133247,567,297,0,297,3
2020-04-02,Del Norte,015,27424,2,0,0,0,0
2020-04-02,El Dorado,017,186661,38,16,0,16,0
2020-04-02,Fresno,019,978130,299,92,4,96,0
2020-04-02,Glenn,021,27897,3,2,0,2,0
2020-04-02,Humboldt,023,135768,51,23,0,23,0
2020-04-02,Imperial,025,180216,99,24,0,24,0
2020-04-02,Inyo,027,18085,10,8,0,8,0
2020-04-02,Kern,029,883053,332,74,0,74,0
2020-04-02,Kings,031,150075,37,3,1,4,0
2020-04-02,Lake,033,64148,3,0,0,0,0
2020-04-02,Lassen,035,31185,3,0,2,2,0
2020-04-02,Los Angeles,037,10098052,8415,4040,12,4052,79
2020-04-02,Madera,039,155013,52,25,0,25,1
2020-04-02,Marin,041,260295,150,102,0,102,1
2020-04-02,Mariposa,043,17540,0,0,0,0,0
2020-04-02,Mendocino,045,87422,5,4,0,4,0
2020-04-02,Merced,047,269075,41,9,0,9,0
2020-04-02,Modoc,049,8938,0,0,0,0,0
2020-04-02,Mono,051,14174,28,16,0,16,1
2020-04-02,Monterey,053,433212,86,50,0,50,2
2020-04-02,Napa,055,140530,39,13,0,13,0
2020-04-02,Nevada,057,99092,35,17,1,18,0
2020-04-02,Orange,059,3164182,1466,640,13,653,12
2020-04-02,Placer,061,380077,130,72,0,72,2
2020-04-02,Plumas,063,18699,3,1,0,1,0
2020-04-02,Riverside,065,2383286,1598,438,13,451,13
2020-04-02,Sacramento,067,1510023,695,322,0,322,9
2020-04-02,San Benito,069,59416,32,18,0,18,1
2020-04-02,San Bernardino,071,2135413,880,335,0,335,8
2020-04-02,San Diego,073,3302833,1731,968,0,968,16
2020-04-02,San Francisco,075,870044,817,473,0,473,6
2020-04-02,San Joaquin,077,732212,263,148,3,151,9
2020-04-02,San Luis Obispo,079,281455,139,79,1,80,0
2020-04-02,San Mateo,081,765935,779,423,2,425,13
2020-04-02,Santa Barbara,083,443738,249,125,1,126,1
2020-04-02,Santa Clara,085,1922200,1520,908,4,912,38
2020-04-02,Santa Cruz,087,273765,96,49,0,49,1
2020-04-02,Shasta,089,179085,26,7,0,7,1
2020-04-02,Sierra,091,2930,0,0,0,0,0
2020-04-02,Siskiyou,093,43540,4,3,0,3,0
2020-04-02,Solano,095,438530,136,65,0,65,0
2020-04-02,Sonoma,097,501317,157,76,0,76,1
2020-04-02,Stanislaus,099,539301,128,40,3,43,0
2020-04-02,Sutter,101,95872,21,10,0,10,1
2020-04-02,Tehama,103,63373,1,1,0,1,0
2020-04-02,Trinity,105,12862,0,0,0,0,0
2020-04-02,Tulare,107,460477,220,64,5,69,1
2020-04-02,Tuolumne,109,53932,3,1,0,1,0
2020-04-02,Ventura,111,848112,336,178,0,178,5
2020-04-02,Yolo,113,214977,72,29,0,29,1
2020-04-02,Yuba,115,75493,10,5,0,5,0
2020-04-01,Alameda,001,1643700,782,287,1,288,8
2020-04-01,Alpine,003,1148,1,1,0,1,0
2020-04-01,Amador,005,37829,5,1,0,1,0
2020-04-01,Butte,007,227075,17,6,0,6,0
2020-04-01,Calaveras,009,45235,6,3,0,3,0
2020-04-01,Colusa,011,21464,3,1,0,1,0
2020-04-01,Contra Costa,013,1133247,524,267,0,267,3
2020-04-01,Del Norte,015,27424,2,0,0,0,0
2020-04-01,El Dorado,017,186661,37,14,0,14,0
2020-04-01,Fresno,019,978130,277,75,3,78,0
2020-04-01,Glenn,021,27897,3,2,0,2,0
2020-04-01,Humboldt,023,135768,51,19,0,19,0
2020-04-01,Imperial,025,180216,93,25,0,25,0
2020-04-01,Inyo,027,18085,10,8,0,8,0
2020-04-01,Kern,029,883053,305,53,0,53,0
2020-04-01,Kings,031,150075,35,3,1,4,0
2020-04-01,Lake,033,64148,3,0,0,0,0
2020-04-01,Lassen,035,31185,3,0,2,2,0
2020-04-01,Los Angeles,037,10098052,7765,3502,12,3514,66
2020-04-01,Madera,039,155013,50,17,0,17,1
2020-04-01,Marin,041,260295,146,87,0,87,1
2020-04-01,Mariposa,043,17540,0,0,0,0,0
2020-04-01,Mendocino,045,87422,5,4,0,4,0
2020-04-01,Merced,047,269075,38,7,0,7,0
2020-04-01,Modoc,049,8938,0,0,0,0,0
2020-04-01,Mono,051,14174,28,12,0,12,1
2020-04-01,Monterey,053,433212,85,47,0,47,2
2020-04-01,Napa,055,140530,36,11,0,11,0
2020-04-01,Nevada,057,99092,35,15,1,16,0
2020-04-01,Orange,059,3164182,1414,579,13,592,11
2020-04-01,Placer,061,380077,128,52,0,52,2
2020-04-01,Plumas,063,18699,3,1,0,1,0
2020-04-01,Riverside,065,2383286,1430,306,12,318,11
2020-04-01,Sacramento,067,1510023,662,299,0,299,8
2020-04-01,San Benito,069,59416,29,14,0,14,1
2020-04-01,San Bernardino,071,2135413,831,245,0,245,5
2020-04-01,San Diego,073,3302833,1661,851,0,851,11
2020-04-01,San Francisco,075,870044,789,432,0,432,6
2020-04-01,San Joaquin,077,732212,251,132,3,135,8
2020-04-01,San Luis Obispo,079,281455,133,69,1,70,0
2020-04-01,San Mateo,081,765935,761,354,2,356,13
2020-04-01,Santa Barbara,083,443738,236,103,1,104,0
2020-04-01,Santa Clara,085,1922200,1478,805,4,809,33
2020-04-01,Santa Cruz,087,273765,91,44,0,44,1
2020-04-01,Shasta,089,179085,25,5,0,5,1
2020-04-01,Sierra,091,2930,0,0,0,0,0
2020-04-01,Siskiyou,093,43540,4,3,0,3,0
2020-04-01,Solano,095,438530,131,57,0,57,0
2020-04-01,Sonoma,097,501317,153,60,0,60,1
2020-04-01,Stanislaus,099,539301,117,29,3,32,0
2020-04-01,Sutter,101,95872,21,9,0,9,1
2020-04-01,Tehama,103,63373,1,0,0,0,0
2020-04-01,Trinity,105,12862,0,0,0,0,0
2020-04-01,Tulare,107,460477,182,43,5,48,1
2020-04-01,Tuolumne,109,53932,3,1,0,1,0
2020-04-01,Ventura,111,848112,323,154,0,154,5
2020-04-01,Yolo,113,214977,67,22,0,22,1
2020-04-01,Yuba,115,75493,9,5,0,5,0
2020-03-31,Alameda,001,1643700,716,269,1,270,7
2020-03-31,Alpine,003,1148,1,1,0,1,0
2020-03-31,Amador,005,37829,5,1,0,1,0
2020-03-31,Butte,007,227075,17,6,0,6,0
2020-03-31,Calaveras,009,45235,6,3,0,3,0
2020-03-31,Colusa,011,21464,3,1,0,1,0
2020-03-31,Contra Costa,013,1133247,499,246,0,246,3
2020-03-31,Del Norte,015,27424,1,0,0,0,0
2020-03-31,El Dorado,017,186661,33,14,0,14,0
2020-03-31,Fresno,019,978130,252,59,3,62,0
2020-03-31,Glenn,021,27897,3,2,0,2,0
2020-03-31,Humboldt,023,135768,51,18,0,18,0
2020-03-31,Imperial,025,180216,88,17,0,17,0
2020-03-31,Inyo,027,18085,10,8,0,8,0
2020-03-31,Kern,029,883053,281,47,0,47,0
2020-03-31,Kings,031,150075,33,2,1,3,0
2020-03-31,Lake,033,64148,1,0,0,0,0
2020-03-31,Lassen,035,31185,3,0,2,2,0
2020-03-31,Los Angeles,037,10098052,7102,3001,12,3013,53
2020-03-31,Madera,039,155013,49,17,0,17,1
2020-03-31,Marin,041,260295,137,85,0,85,1
2020-03-31,Mariposa,043,17540,0,0,0,0,0
2020-03-31,Mendocino,045,87422,5,4,0,4,0
2020-03-31,Merced,047,269075,33,6,0,6,0
2020-03-31,Modoc,049,8938,0,0,0,0,0
2020-03-31,Mono,051,14174,26,12,0,12,0
2020-03-31,Monterey,053,433212,83,43,0,43,2
2020-03-31,Napa,055,140530,35,9,0,9,0
2020-03-31,Nevada,057,99092,35,15,1,16,0
2020-03-31,Orange,059,3164182,1344,506,13,519,7
2020-03-31,Placer,061,380077,121,49,0,49,2
2020-03-31,Plumas,063,18699,1,0,0,0,0
2020-03-31,Riverside,065,2383286,1284,284,12,296,8
2020-03-31,Sacramento,067,1510023,610,271,0,271,8
2020-03-31,San Benito,069,59416,29,14,0,14,1
2020-03-31,San Bernardino,071,2135413,746,193,0,193,5
2020-03-31,San Diego,073,3302833,1579,736,0,736,9
2020-03-31,San Francisco,075,870044,754,404,0,404,5
2020-03-31,San Joaquin,077,732212,235,122,3,125,7
2020-03-31,San Luis Obispo,079,281455,129,67,1,68,0
2020-03-31,San Mateo,081,765935,742,297,2,299,12
2020-03-31,Santa Barbara,083,443738,221,89,1,90,0
2020-03-31,Santa Clara,085,1922200,1428,777,4,781,30
2020-03-31,Santa Cruz,087,273765,84,40,0,40,1
2020-03-31,Shasta,089,179085,22,5,0,5,1
2020-03-31,Sierra,091,2930,0,0,0,0,0
2020-03-31,Siskiyou,093,43540,4,3,0,3,0
2020-03-31,Solano,095,438530,117,56,0,56,0
2020-03-31,Sonoma,097,501317,148,58,0,58,1
2020-03-31,Stanislaus,099,539301,102,28,3,31,0
2020-03-31,Sutter,101,95872,21,8,0,8,0
2020-03-31,Tehama,103,63373,1,0,0,0,0
2020-03-31,Trinity,105,12862,0,0,0,0,0
2020-03-31,Tulare,107,460477,159,42,4,46,1
2020-03-31,Tuolumne,109,53932,3,1,0,1,0
2020-03-31,Ventura,111,848112,312,143,0,143,4
2020-03-31,Yolo,113,214977,60,21,0,21,1
2020-03-31,Yuba,115,75493,9,5,0,5,0
2020-03-30,Alameda,001,1643700,677,250,1,251,7
2020-03-30,Alpine,003,1148,1,1,0,1,0
2020-03-30,Amador,005,37829,5,1,0,1,0
2020-03-30,Butte,007,227075,15,5,0,5,0
2020-03-30,Calaveras,009,45235,6,3,0,3,0
2020-03-30,Colusa,011,21464,3,1,0,1,0
2020-03-30,Contra Costa,013,1133247,473,212,0,212,3
2020-03-30,Del Norte,015,27424,0,0,0,0,0
2020-03-30,El Dorado,017,186661,33,11,0,11,0
2020-03-30,Fresno,019,978130,227,46,3,49,0
2020-03-30,Glenn,021,27897,3,2,0,2,0
2020-03-30,Humboldt,023,135768,49,11,0,11,0
2020-03-30,Imperial,025,180216,85,9,0,9,0
2020-03-30,Inyo,027,18085,10,5,0,5,0
2020-03-30,Kern,029,883053,248,30,0,30,0
2020-03-30,Kings,031,150075,33,1,1,2,0
2020-03-30,Lake,033,64148,1,0,0,0,0
2020-03-30,Lassen,035,31185,3,0,1,1,0
2020-03-30,Los Angeles,037,10098052,6441,2467,12,2479,44
2020-03-30,Madera,039,155013,48,14,0,14,1
2020-03-30,Marin,041,260295,130,78,0,78,0
2020-03-30,Mariposa,043,17540,0,0,0,0,0
2020-03-30,Mendocino,045,87422,5,2,0,2,0
2020-03-30,Merced,047,269075,29,6,0,6,0
2020-03-30,Modoc,049,8938,0,0,0,0,0
2020-03-30,Mono,051,14174,26,11,0,11,0
2020-03-30,Monterey,053,433212,78,41,0,41,1
2020-03-30,Napa,055,140530,34,9,0,9,0
2020-03-30,Nevada,057,99092,34,14,1,15,0
2020-03-30,Orange,059,3164182,1279,418,13,431,5
2020-03-30,Placer,061,380077,118,44,0,44,2
2020-03-30,Plumas,063,18699,1,0,0,0,0
2020-03-30,Riverside,065,2383286,1203,204,12,216,7
2020-03-30,Sacramento,067,1510023,586,238,0,238,8
2020-03-30,San Benito,069,59416,29,11,0,11,1
2020-03-30,San Bernardino,071,2135413,702,145,0,145,4
2020-03-30,San Diego,073,3302833,1509,605,0,605,7
2020-03-30,San Francisco,075,870044,714,368,0,368,5
2020-03-30,San Joaquin,077,732212,228,112,3,115,5
2020-03-30,San Luis Obispo,079,281455,126,62,1,63,0
2020-03-30,San Mateo,081,765935,717,257,2,259,11
2020-03-30,Santa Barbara,083,443738,212,79,1,80,0
2020-03-30,Santa Clara,085,1922200,1397,745,3,748,31
2020-03-30,Santa Cruz,087,273765,81,36,0,36,1
2020-03-30,Shasta,089,179085,21,4,0,4,1
2020-03-30,Sierra,091,2930,0,0,0,0,0
2020-03-30,Siskiyou,093,43540,4,2,0,2,0
2020-03-30,Solano,095,438530,111,50,0,50,0
2020-03-30,Sonoma,097,501317,145,57,0,57,1
2020-03-30,Stanislaus,099,539301,95,28,3,31,0
2020-03-30,Sutter,101,95872,20,6,0,6,0
2020-03-30,Tehama,103,63373,1,0,0,0,0
2020-03-30,Trinity,105,12862,0,0,0,0,0
2020-03-30,Tulare,107,460477,147,40,3,43,1
2020-03-30,Tuolumne,109,53932,3,1,0,1,0
2020-03-30,Ventura,111,848112,301,118,0,118,2
2020-03-30,Yolo,113,214977,57,17,0,17,1
2020-03-30,Yuba,115,75493,8,5,0,5,0
2020-03-29,Alameda,001,1643700,643,207,1,208,6
2020-03-29,Alpine,003,1148,1,0,0,0,0
2020-03-29,Amador,005,37829,5,1,0,1,0
2020-03-29,Butte,007,227075,15,4,0,4,0
2020-03-29,Calaveras,009,45235,6,2,0,2,0
2020-03-29,Colusa,011,21464,3,1,0,1,0
2020-03-29,Contra Costa,013,1133247,443,187,0,187,3
2020-03-29,Del Norte,015,27424,0,0,0,0,0
2020-03-29,El Dorado,017,186661,32,9,0,9,0
2020-03-29,Fresno,019,978130,203,31,3,34,0
2020-03-29,Glenn,021,27897,2,1,0,1,0
2020-03-29,Humboldt,023,135768,46,9,0,9,0
2020-03-29,Imperial,025,180216,79,9,0,9,0
2020-03-29,Inyo,027,18085,9,0,0,0,0
2020-03-29,Kern,029,883053,230,20,0,20,0
2020-03-29,Kings,031,150075,30,1,1,2,0
2020-03-29,Lake,033,64148,0,0,0,0,0
2020-03-29,Lassen,035,31185,3,0,1,1,0
2020-03-29,Los Angeles,037,10098052,5794,2119,11,2130,37
2020-03-29,Madera,039,155013,43,11,0,11,1
2020-03-29,Marin,041,260295,125,60,0,60,0
2020-03-29,Mariposa,043,17540,0,0,0,0,0
2020-03-29,Mendocino,045,87422,5,2,0,2,0
2020-03-29,Merced,047,269075,28,4,0,4,0
2020-03-29,Modoc,049,8938,0,0,0,0,0
2020-03-29,Mono,051,14174,26,8,0,8,0
2020-03-29,Monterey,053,433212,73,36,0,36,1
2020-03-29,Napa,055,140530,32,5,0,5,0
2020-03-29,Nevada,057,99092,32,13,1,14,0
2020-03-29,Orange,059,3164182,1206,343,13,356,2
2020-03-29,Placer,061,380077,117,35,0,35,2
2020-03-29,Plumas,063,18699,1,0,0,0,0
2020-03-29,Riverside,065,2383286,1079,122,12,134,7
2020-03-29,Sacramento,067,1510023,546,217,0,217,7
2020-03-29,San Benito,069,59416,28,10,0,10,1
2020-03-29,San Bernardino,071,2135413,650,94,0,94,2
2020-03-29,San Diego,073,3302833,1437,521,0,521,7
2020-03-29,San Francisco,075,870044,670,333,0,333,5
2020-03-29,San Joaquin,077,732212,219,86,3,89,4
2020-03-29,San Luis Obispo,079,281455,119,55,0,55,0
2020-03-29,San Mateo,081,765935,692,234,2,236,12
2020-03-29,Santa Barbara,083,443738,204,52,1,53,0
2020-03-29,Santa Clara,085,1922200,1340,591,3,594,30
2020-03-29,Santa Cruz,087,273765,81,33,0,33,1
2020-03-29,Shasta,089,179085,20,4,0,4,1
2020-03-29,Sierra,091,2930,0,0,0,0,0
2020-03-29,Siskiyou,093,43540,4,2,0,2,0
2020-03-29,Solano,095,438530,103,48,0,48,0
2020-03-29,Sonoma,097,501317,143,35,0,35,1
2020-03-29,Stanislaus,099,539301,90,19,3,22,0
2020-03-29,Sutter,101,95872,17,6,0,6,0
2020-03-29,Tehama,103,63373,1,0,0,0,0
2020-03-29,Trinity,105,12862,0,0,0,0,0
2020-03-29,Tulare,107,460477,122,24,3,27,1
2020-03-29,Tuolumne,109,53932,2,1,0,1,0
2020-03-29,Ventura,111,848112,274,92,0,92,2
2020-03-29,Yolo,113,214977,52,13,0,13,1
2020-03-29,Yuba,115,75493,8,3,0,3,0
2020-03-28,Alameda,001,1643700,616,410,1,411,12
2020-03-28,Alpine,003,1148,1,0,0,0,0
2020-03-28,Amador,005,37829,5,2,0,2,0
2020-03-28,Butte,007,227075,15,8,0,8,0
2020-03-28,Calaveras,009,45235,6,4,0,4,0
2020-03-28,Colusa,011,21464,3,2,0,2,0
2020-03-28,Contra Costa,013,1133247,420,350,0,350,4
2020-03-28,Del Norte,015,27424,0,0,0,0,0
2020-03-28,El Dorado,017,186661,31,18,0,18,0
2020-03-28,Fresno,019,978130,193,62,3,65,0
2020-03-28,Glenn,021,27897,2,2,0,2,0
2020-03-28,Humboldt,023,135768,46,18,0,18,0
2020-03-28,Imperial,025,180216,74,18,0,18,0
2020-03-28,Inyo,027,18085,9,0,0,0,0
2020-03-28,Kern,029,883053,213,40,0,40,0
2020-03-28,Kings,031,150075,29,2,1,3,0
2020-03-28,Lake,033,64148,0,0,0,0,0
2020-03-28,Lassen,035,31185,3,0,1,1,0
2020-03-28,Los Angeles,037,10098052,5409,3600,10,3610,64
2020-03-28,Madera,039,155013,43,22,0,22,2
2020-03-28,Marin,041,260295,120,116,0,116,0
2020-03-28,Mariposa,043,17540,0,0,0,0,0
2020-03-28,Mendocino,045,87422,5,4,0,4,0
2020-03-28,Merced,047,269075,27,8,0,8,0
2020-03-28,Modoc,049,8938,0,0,0,0,0
2020-03-28,Mono,051,14174,24,12,0,12,0
2020-03-28,Monterey,053,433212,72,64,0,64,2
2020-03-28,Napa,055,140530,27,10,0,10,0
2020-03-28,Nevada,057,99092,32,22,1,23,0
2020-03-28,Orange,059,3164182,1170,656,13,669,4
2020-03-28,Placer,061,380077,112,70,0,70,2
2020-03-28,Plumas,063,18699,1,0,0,0,0
2020-03-28,Riverside,065,2383286,1011,242,12,254,14
2020-03-28,Sacramento,067,1510023,528,406,0,406,14
2020-03-28,San Benito,069,59416,28,20,0,20,2
2020-03-28,San Bernardino,071,2135413,603,162,0,162,4
2020-03-28,San Diego,073,3302833,1378,980,0,980,14
2020-03-28,San Francisco,075,870044,646,600,0,600,6
2020-03-28,San Joaquin,077,732212,212,166,3,169,8
2020-03-28,San Luis Obispo,079,281455,117,104,0,104,0
2020-03-28,San Mateo,081,765935,672,462,2,464,17
2020-03-28,Santa Barbara,083,443738,194,98,1,99,0
2020-03-28,Santa Clara,085,1922200,1321,1174,3,1177,54
2020-03-28,Santa Cruz,087,273765,80,62,0,62,0
2020-03-28,Shasta,089,179085,20,8,0,8,2
2020-03-28,Sierra,091,2930,0,0,0,0,0
2020-03-28,Siskiyou,093,43540,4,4,0,4,0
2020-03-28,Solano,095,438530,99,96,0,96,0
2020-03-28,Sonoma,097,501317,141,70,0,70,2
2020-03-28,Stanislaus,099,539301,85,34,3,37,0
2020-03-28,Sutter,101,95872,17,6,0,6,0
2020-03-28,Tehama,103,63373,1,0,0,0,0
2020-03-28,Trinity,105,12862,0,0,0,0,0
2020-03-28,Tulare,107,460477,114,46,3,49,0
2020-03-28,Tuolumne,109,53932,2,2,0,2,0
2020-03-28,Ventura,111,848112,270,178,0,178,4
2020-03-28,Yolo,113,214977,51,26,0,26,2
2020-03-28,Yuba,115,75493,8,6,0,6,0
2020-03-27,Alameda,001,1643700,597,185,1,186,4
2020-03-27,Alpine,003,1148,1,0,0,0,0
2020-03-27,Amador,005,37829,4,1,0,1,0
2020-03-27,Butte,007,227075,13,4,0,4,0
2020-03-27,Calaveras,009,45235,6,2,0,2,0
2020-03-27,Colusa,011,21464,3,0,0,0,0
2020-03-27,Contra Costa,013,1133247,399,161,0,161,2
2020-03-27,Del Norte,015,27424,0,0,0,0,0
2020-03-27,El Dorado,017,186661,29,9,0,9,0
2020-03-27,Fresno,019,978130,181,29,2,31,0
2020-03-27,Glenn,021,27897,2,0,0,0,0
2020-03-27,Humboldt,023,135768,42,9,0,9,0
2020-03-27,Imperial,025,180216,69,9,0,9,0
2020-03-27,Inyo,027,18085,9,0,0,0,0
2020-03-27,Kern,029,883053,200,20,0,20,0
2020-03-27,Kings,031,150075,28,0,1,1,0
2020-03-27,Lake,033,64148,0,0,0,0,0
2020-03-27,Lassen,035,31185,3,0,1,1,0
2020-03-27,Los Angeles,037,10098052,5003,1474,10,1484,26
2020-03-27,Madera,039,155013,41,10,0,10,1
2020-03-27,Marin,041,260295,115,58,0,58,0
2020-03-27,Mariposa,043,17540,0,0,0,0,0
2020-03-27,Mendocino,045,87422,5,2,0,2,0
2020-03-27,Merced,047,269075,26,3,0,3,0
2020-03-27,Modoc,049,8938,0,0,0,0,0
2020-03-27,Mono,051,14174,24,6,0,6,0
2020-03-27,Monterey,053,433212,69,26,0,26,1
2020-03-27,Napa,055,140530,27,5,0,5,0
2020-03-27,Nevada,057,99092,32,6,1,7,0
2020-03-27,Orange,059,3164182,1120,299,13,312,2
2020-03-27,Placer,061,380077,109,33,0,33,1
2020-03-27,Plumas,063,18699,0,0,0,0,0
2020-03-27,Riverside,065,2383286,955,121,12,133,7
2020-03-27,Sacramento,067,1510023,505,163,0,163,6
2020-03-27,San Benito,069,59416,27,9,0,9,1
2020-03-27,San Bernardino,071,2135413,513,77,0,77,2
2020-03-27,San Diego,073,3302833,1321,419,0,419,5
2020-03-27,San Francisco,075,870044,621,285,0,285,2
2020-03-27,San Joaquin,077,732212,201,73,3,76,3
2020-03-27,San Luis Obispo,079,281455,115,46,0,46,0
2020-03-27,San Mateo,081,765935,646,213,2,215,7
2020-03-27,Santa Barbara,083,443738,180,37,1,38,0
2020-03-27,Santa Clara,085,1922200,1283,557,3,560,25
2020-03-27,Santa Cruz,087,273765,79,31,0,31,0
2020-03-27,Shasta,089,179085,17,3,0,3,1
2020-03-27,Sierra,091,2930,0,0,0,0,0
2020-03-27,Siskiyou,093,43540,4,2,0,2,0
2020-03-27,Solano,095,438530,93,48,0,48,0
2020-03-27,Sonoma,097,501317,133,35,0,35,1
2020-03-27,Stanislaus,099,539301,83,16,3,19,0
2020-03-27,Sutter,101,95872,16,2,0,2,0
2020-03-27,Tehama,103,63373,1,0,0,0,0
2020-03-27,Trinity,105,12862,0,0,0,0,0
2020-03-27,Tulare,107,460477,106,15,3,18,0
2020-03-27,Tuolumne,109,53932,2,1,0,1,0
2020-03-27,Ventura,111,848112,261,80,0,80,2
2020-03-27,Yolo,113,214977,50,13,0,13,1
2020-03-27,Yuba,115,75493,7,3,0,3,0
2020-03-26,Alameda,001,1643700,557,172,1,173,4
2020-03-26,Alpine,003,1148,1,0,0,0,0
2020-03-26,Amador,005,37829,4,1,0,1,0
2020-03-26,Butte,007,227075,13,4,0,4,0
2020-03-26,Calaveras,009,45235,6,2,0,2,0
2020-03-26,Colusa,011,21464,3,0,0,0,0
2020-03-26,Contra Costa,013,1133247,388,147,0,147,2
2020-03-26,Del Norte,015,27424,0,0,0,0,0
2020-03-26,El Dorado,017,186661,27,7,0,7,0
2020-03-26,Fresno,019,978130,172,25,2,27,0
2020-03-26,Glenn,021,27897,2,0,0,0,0
2020-03-26,Humboldt,023,135768,38,8,0,8,0
2020-03-26,Imperial,025,180216,65,8,0,8,0
2020-03-26,Inyo,027,18085,8,0,0,0,0
2020-03-26,Kern,029,883053,184,20,0,20,0
2020-03-26,Kings,031,150075,28,0,1,1,0
2020-03-26,Lake,033,64148,0,0,0,0,0
2020-03-26,Lassen,035,31185,3,0,1,1,0
2020-03-26,Los Angeles,037,10098052,4596,1075,10,1085,19
2020-03-26,Madera,039,155013,39,8,0,8,0
2020-03-26,Marin,041,260295,106,56,0,56,0
2020-03-26,Mariposa,043,17540,0,0,0,0,0
2020-03-26,Mendocino,045,87422,4,1,0,1,0
2020-03-26,Merced,047,269075,23,1,0,1,0
2020-03-26,Modoc,049,8938,0,0,0,0,0
2020-03-26,Mono,051,14174,23,5,0,5,0
2020-03-26,Monterey,053,433212,66,25,0,25,1
2020-03-26,Napa,055,140530,26,5,0,5,0
2020-03-26,Nevada,057,99092,32,7,1,8,0
2020-03-26,Orange,059,3164182,1058,279,11,290,1
2020-03-26,Placer,061,380077,106,34,0,34,1
2020-03-26,Plumas,063,18699,0,0,0,0,0
2020-03-26,Riverside,065,2383286,884,118,12,130,7
2020-03-26,Sacramento,067,1510023,472,147,0,147,5
2020-03-26,San Benito,069,59416,27,8,0,8,1
2020-03-26,San Bernardino,071,2135413,447,57,0,57,1
2020-03-26,San Diego,073,3302833,1254,299,0,299,2
2020-03-26,San Francisco,075,870044,594,261,0,261,1
2020-03-26,San Joaquin,077,732212,190,69,3,72,3
2020-03-26,San Luis Obispo,079,281455,110,38,0,38,0
2020-03-26,San Mateo,081,765935,612,122,2,124,5
2020-03-26,Santa Barbara,083,443738,167,33,1,34,0
2020-03-26,Santa Clara,085,1922200,1238,487,2,489,20
2020-03-26,Santa Cruz,087,273765,75,30,0,30,0
2020-03-26,Shasta,089,179085,17,3,0,3,1
2020-03-26,Sierra,091,2930,0,0,0,0,0
2020-03-26,Siskiyou,093,43540,4,2,0,2,0
2020-03-26,Solano,095,438530,85,41,0,41,0
2020-03-26,Sonoma,097,501317,128,33,0,33,1
2020-03-26,Stanislaus,099,539301,81,15,3,18,0
2020-03-26,Sutter,101,95872,12,2,0,2,0
2020-03-26,Tehama,103,63373,1,0,0,0,0
2020-03-26,Trinity,105,12862,0,0,0,0,0
2020-03-26,Tulare,107,460477,97,15,3,18,0
2020-03-26,Tuolumne,109,53932,2,0,0,0,0
2020-03-26,Ventura,111,848112,245,70,0,70,1
2020-03-26,Yolo,113,214977,46,13,0,13,1
2020-03-26,Yuba,115,75493,7,3,0,3,0
2020-03-25,Alameda,001,1643700,536,134,1,135,3
2020-03-25,Alpine,003,1148,1,0,0,0,0
2020-03-25,Amador,005,37829,4,1,0,1,0
2020-03-25,Butte,007,227075,13,4,0,4,0
2020-03-25,Calaveras,009,45235,6,2,0,2,0
2020-03-25,Colusa,011,21464,2,0,0,0,0
2020-03-25,Contra Costa,013,1133247,374,131,0,131,1
2020-03-25,Del Norte,015,27424,0,0,0,0,0
2020-03-25,El Dorado,017,186661,27,5,0,5,0
2020-03-25,Fresno,019,978130,152,21,2,23,0
2020-03-25,Glenn,021,27897,2,0,0,0,0
2020-03-25,Humboldt,023,135768,35,3,0,3,0
2020-03-25,Imperial,025,180216,57,8,0,8,0
2020-03-25,Inyo,027,18085,5,0,0,0,0
2020-03-25,Kern,029,883053,164,13,0,13,0
2020-03-25,Kings,031,150075,26,0,1,1,0
2020-03-25,Lake,033,64148,0,0,0,0,0
2020-03-25,Lassen,035,31185,3,0,1,1,0
2020-03-25,Los Angeles,037,10098052,4197,725,10,735,10
2020-03-25,Madera,039,155013,37,6,0,6,0
2020-03-25,Marin,041,260295,100,47,0,47,0
2020-03-25,Mariposa,043,17540,0,0,0,0,0
2020-03-25,Mendocino,045,87422,3,1,0,1,0
2020-03-25,Merced,047,269075,19,0,0,0,0
2020-03-25,Modoc,049,8938,0,0,0,0,0
2020-03-25,Mono,051,14174,22,4,0,4,0
2020-03-25,Monterey,053,433212,63,23,0,23,1
2020-03-25,Napa,055,140530,26,5,0,5,0
2020-03-25,Nevada,057,99092,31,5,1,6,0
2020-03-25,Orange,059,3164182,1000,214,9,223,1
2020-03-25,Placer,061,380077,100,30,0,30,1
2020-03-25,Plumas,063,18699,0,1,0,1,0
2020-03-25,Riverside,065,2383286,813,87,12,99,5
2020-03-25,Sacramento,067,1510023,446,114,0,114,5
2020-03-25,San Benito,069,59416,26,4,0,4,1
2020-03-25,San Bernardino,071,2135413,408,46,0,46,1
2020-03-25,San Diego,073,3302833,1192,238,0,238,2
2020-03-25,San Francisco,075,870044,553,212,0,212,1
2020-03-25,San Joaquin,077,732212,177,64,3,67,2
2020-03-25,San Luis Obispo,079,281455,105,35,0,35,0
2020-03-25,San Mateo,081,765935,577,111,2,113,5
2020-03-25,Santa Barbara,083,443738,157,25,1,26,0
2020-03-25,Santa Clara,085,1922200,1194,452,2,454,20
2020-03-25,Santa Cruz,087,273765,72,26,0,26,0
2020-03-25,Shasta,089,179085,16,3,0,3,1
2020-03-25,Sierra,091,2930,0,0,0,0,0
2020-03-25,Siskiyou,093,43540,4,2,0,2,0
2020-03-25,Solano,095,438530,80,39,0,39,0
2020-03-25,Sonoma,097,501317,123,31,0,31,1
2020-03-25,Stanislaus,099,539301,74,14,3,17,0
2020-03-25,Sutter,101,95872,9,1,0,1,0
2020-03-25,Tehama,103,63373,1,0,0,0,0
2020-03-25,Trinity,105,12862,0,0,0,0,0
2020-03-25,Tulare,107,460477,87,11,3,14,0
2020-03-25,Tuolumne,109,53932,2,0,0,0,0
2020-03-25,Ventura,111,848112,229,53,0,53,1
2020-03-25,Yolo,113,214977,44,9,0,9,1
2020-03-25,Yuba,115,75493,7,2,0,2,0
2020-03-24,Alameda,001,1643700,504,96,1,97,2
2020-03-24,Alpine,003,1148,1,0,0,0,0
2020-03-24,Amador,005,37829,2,1,0,1,0
2020-03-24,Butte,007,227075,12,3,0,3,0
2020-03-24,Calaveras,009,45235,5,2,0,2,0
2020-03-24,Colusa,011,21464,2,0,0,0,0
2020-03-24,Contra Costa,013,1133247,361,108,0,108,1
2020-03-24,Del Norte,015,27424,0,0,0,0,0
2020-03-24,El Dorado,017,186661,27,3,0,3,0
2020-03-24,Fresno,019,978130,133,18,2,20,0
2020-03-24,Glenn,021,27897,2,0,0,0,0
2020-03-24,Humboldt,023,135768,33,2,0,2,0
2020-03-24,Imperial,025,180216,54,3,0,3,0
2020-03-24,Inyo,027,18085,5,0,0,0,0
2020-03-24,Kern,029,883053,144,5,0,5,0
2020-03-24,Kings,031,150075,25,0,1,1,0
2020-03-24,Lake,033,64148,0,0,0,0,0
2020-03-24,Lassen,035,31185,3,0,1,1,0
2020-03-24,Los Angeles,037,10098052,3754,633,10,643,7
2020-03-24,Madera,039,155013,36,6,0,6,0
2020-03-24,Marin,041,260295,89,44,0,44,0
2020-03-24,Mariposa,043,17540,0,0,0,0,0
2020-03-24,Mendocino,045,87422,3,1,0,1,0
2020-03-24,Merced,047,269075,17,0,0,0,0
2020-03-24,Modoc,049,8938,0,0,0,0,0
2020-03-24,Mono,051,14174,21,1,0,1,0
2020-03-24,Monterey,053,433212,59,23,0,23,1
2020-03-24,Napa,055,140530,23,2,0,2,0
2020-03-24,Nevada,057,99092,30,4,1,5,0
2020-03-24,Orange,059,3164182,938,166,9,175,0
2020-03-24,Placer,061,380077,93,22,0,22,1
2020-03-24,Plumas,063,18699,0,1,0,1,0
2020-03-24,Riverside,065,2383286,746,56,12,68,5
2020-03-24,Sacramento,067,1510023,426,93,0,93,4
2020-03-24,San Benito,069,59416,25,4,0,4,1
2020-03-24,San Bernardino,071,2135413,364,27,0,27,0
2020-03-24,San Diego,073,3302833,1125,231,0,231,2
2020-03-24,San Francisco,075,870044,521,181,0,181,1
2020-03-24,San Joaquin,077,732212,166,52,3,55,2
2020-03-24,San Luis Obispo,079,281455,102,32,0,32,0
2020-03-24,San Mateo,081,765935,536,100,2,102,2
2020-03-24,Santa Barbara,083,443738,151,20,1,21,0
2020-03-24,Santa Clara,085,1922200,1125,389,2,391,17
2020-03-24,Santa Cruz,087,273765,67,22,0,22,0
2020-03-24,Shasta,089,179085,15,3,0,3,0
2020-03-24,Sierra,091,2930,0,0,0,0,0
2020-03-24,Siskiyou,093,43540,4,2,0,2,0
2020-03-24,Solano,095,438530,78,34,0,34,0
2020-03-24,Sonoma,097,501317,116,27,0,27,1
2020-03-24,Stanislaus,099,539301,65,13,3,16,0
2020-03-24,Sutter,101,95872,9,0,0,0,0
2020-03-24,Tehama,103,63373,1,0,0,0,0
2020-03-24,Trinity,105,12862,0,0,0,0,0
2020-03-24,Tulare,107,460477,77,10,3,13,0
2020-03-24,Tuolumne,109,53932,2,0,0,0,0
2020-03-24,Ventura,111,848112,213,44,0,44,1
2020-03-24,Yolo,113,214977,40,8,0,8,0
2020-03-24,Yuba,115,75493,7,2,0,2,0
2020-03-23,Alameda,001,1643700,472,88,1,89,1
2020-03-23,Alpine,003,1148,1,0,0,0,0
2020-03-23,Amador,005,37829,2,1,0,1,0
2020-03-23,Butte,007,227075,12,2,0,2,0
2020-03-23,Calaveras,009,45235,5,2,0,2,0
2020-03-23,Colusa,011,21464,1,0,0,0,0
2020-03-23,Contra Costa,013,1133247,341,91,0,91,2
2020-03-23,Del Norte,015,27424,0,0,0,0,0
2020-03-23,El Dorado,017,186661,26,3,0,3,0
2020-03-23,Fresno,019,978130,123,10,2,12,0
2020-03-23,Glenn,021,27897,2,0,0,0,0
2020-03-23,Humboldt,023,135768,31,2,0,2,0
2020-03-23,Imperial,025,180216,50,2,0,2,0
2020-03-23,Inyo,027,18085,3,0,0,0,0
2020-03-23,Kern,029,883053,130,5,0,5,0
2020-03-23,Kings,031,150075,25,0,1,1,0
2020-03-23,Lake,033,64148,0,0,0,0,0
2020-03-23,Lassen,035,31185,3,0,1,1,0
2020-03-23,Los Angeles,037,10098052,3446,389,10,399,4
2020-03-23,Madera,039,155013,36,4,0,4,0
2020-03-23,Marin,041,260295,84,30,0,30,0
2020-03-23,Mariposa,043,17540,0,0,0,0,0
2020-03-23,Mendocino,045,87422,3,1,0,1,0
2020-03-23,Merced,047,269075,11,0,0,0,0
2020-03-23,Modoc,049,8938,0,0,0,0,0
2020-03-23,Mono,051,14174,19,1,0,1,0
2020-03-23,Monterey,053,433212,54,14,0,14,1
2020-03-23,Napa,055,140530,21,1,0,1,0
2020-03-23,Nevada,057,99092,27,2,1,3,0
2020-03-23,Orange,059,3164182,883,138,7,145,0
2020-03-23,Placer,061,380077,90,19,0,19,1
2020-03-23,Plumas,063,18699,0,0,0,0,0
2020-03-23,Riverside,065,2383286,703,39,12,51,5
2020-03-23,Sacramento,067,1510023,393,87,0,87,4
2020-03-23,San Benito,069,59416,24,4,0,4,1
2020-03-23,San Bernardino,071,2135413,334,17,0,17,0
2020-03-23,San Diego,073,3302833,1066,178,0,178,1
2020-03-23,San Francisco,075,870044,492,152,0,152,0
2020-03-23,San Joaquin,077,732212,154,37,3,40,2
2020-03-23,San Luis Obispo,079,281455,96,23,0,23,0
2020-03-23,San Mateo,081,765935,497,88,2,90,1
2020-03-23,Santa Barbara,083,443738,133,18,1,19,0
2020-03-23,Santa Clara,085,1922200,1076,336,2,338,13
2020-03-23,Santa Cruz,087,273765,65,21,0,21,0
2020-03-23,Shasta,089,179085,13,2,0,2,0
2020-03-23,Sierra,091,2930,0,0,0,0,0
2020-03-23,Siskiyou,093,43540,4,2,0,2,0
2020-03-23,Solano,095,438530,74,33,0,33,0
2020-03-23,Sonoma,097,501317,104,19,0,19,1
2020-03-23,Stanislaus,099,539301,57,10,3,13,0
2020-03-23,Sutter,101,95872,9,0,0,0,0
2020-03-23,Tehama,103,63373,1,0,0,0,0
2020-03-23,Trinity,105,12862,0,0,0,0,0
2020-03-23,Tulare,107,460477,68,9,3,12,0
2020-03-23,Tuolumne,109,53932,2,0,0,0,0
2020-03-23,Ventura,111,848112,196,30,0,30,0
2020-03-23,Yolo,113,214977,39,8,0,8,0
2020-03-23,Yuba,115,75493,7,2,0,2,0
2020-03-22,Alameda,001,1643700,433,72,1,73,1
2020-03-22,Alpine,003,1148,1,0,0,0,0
2020-03-22,Amador,005,37829,2,1,0,1,0
2020-03-22,Butte,007,227075,8,1,0,1,0
2020-03-22,Calaveras,009,45235,4,2,0,2,0
2020-03-22,Colusa,011,21464,1,0,0,0,0
2020-03-22,Contra Costa,013,1133247,314,79,0,79,1
2020-03-22,Del Norte,015,27424,0,0,0,0,0
2020-03-22,El Dorado,017,186661,24,1,0,1,0
2020-03-22,Fresno,019,978130,103,8,2,10,0
2020-03-22,Glenn,021,27897,2,0,0,0,0
2020-03-22,Humboldt,023,135768,28,1,0,1,0
2020-03-22,Imperial,025,180216,48,2,0,2,0
2020-03-22,Inyo,027,18085,1,0,0,0,0
2020-03-22,Kern,029,883053,114,3,0,3,0
2020-03-22,Kings,031,150075,22,0,1,1,0
2020-03-22,Lake,033,64148,0,0,0,0,0
2020-03-22,Lassen,035,31185,3,0,1,1,0
2020-03-22,Los Angeles,037,10098052,3116,384,10,394,3
2020-03-22,Madera,039,155013,33,4,0,4,0
2020-03-22,Marin,041,260295,74,30,0,30,0
2020-03-22,Mariposa,043,17540,0,0,0,0,0
2020-03-22,Mendocino,045,87422,3,1,0,1,0
2020-03-22,Merced,047,269075,7,0,0,0,0
2020-03-22,Modoc,049,8938,0,0,0,0,0
2020-03-22,Mono,051,14174,14,1,0,1,0
2020-03-22,Monterey,053,433212,51,14,0,14,1
2020-03-22,Napa,055,140530,17,1,0,1,0
2020-03-22,Nevada,057,99092,23,2,1,3,0
2020-03-22,Orange,059,3164182,810,102,4,106,0
2020-03-22,Placer,061,380077,88,18,0,18,1
2020-03-22,Plumas,063,18699,0,0,0,0,0
2020-03-22,Riverside,065,2383286,613,26,8,34,5
2020-03-22,Sacramento,067,1510023,361,82,0,82,4
2020-03-22,San Benito,069,59416,19,4,0,4,1
2020-03-22,San Bernardino,071,2135413,290,16,0,16,0
2020-03-22,San Diego,073,3302833,978,161,0,161,0
2020-03-22,San Francisco,075,870044,455,134,0,134,0
2020-03-22,San Joaquin,077,732212,140,30,3,33,2
2020-03-22,San Luis Obispo,079,281455,89,19,0,19,0
2020-03-22,San Mateo,081,765935,464,82,2,84,1
2020-03-22,Santa Barbara,083,443738,119,16,1,17,0
2020-03-22,Santa Clara,085,1922200,1012,284,2,286,13
2020-03-22,Santa Cruz,087,273765,64,19,0,19,0
2020-03-22,Shasta,089,179085,13,1,0,1,0
2020-03-22,Sierra,091,2930,0,0,0,0,0
2020-03-22,Siskiyou,093,43540,4,2,0,2,0
2020-03-22,Solano,095,438530,65,30,0,30,0
2020-03-22,Sonoma,097,501317,99,18,0,18,1
2020-03-22,Stanislaus,099,539301,51,8,3,11,0
2020-03-22,Sutter,101,95872,8,0,0,0,0
2020-03-22,Tehama,103,63373,0,0,0,0,0
2020-03-22,Trinity,105,12862,0,0,0,0,0
2020-03-22,Tulare,107,460477,62,5,3,8,0
2020-03-22,Tuolumne,109,53932,2,0,0,0,0
2020-03-22,Ventura,111,848112,174,26,0,26,0
2020-03-22,Yolo,113,214977,33,6,0,6,0
2020-03-22,Yuba,115,75493,7,2,0,2,0
2020-03-21,Alameda,001,1643700,409,62,1,63,0
2020-03-21,Alpine,003,1148,1,0,0,0,0
2020-03-21,Amador,005,37829,2,1,0,1,0
2020-03-21,Butte,007,227075,7,1,0,1,0
2020-03-21,Calaveras,009,45235,4,2,0,2,0
2020-03-21,Colusa,011,21464,1,0,0,0,0
2020-03-21,Contra Costa,013,1133247,303,62,0,62,1
2020-03-21,Del Norte,015,27424,0,0,0,0,0
2020-03-21,El Dorado,017,186661,21,1,0,1,0
2020-03-21,Fresno,019,978130,99,8,2,10,0
2020-03-21,Glenn,021,27897,2,0,0,0,0
2020-03-21,Humboldt,023,135768,25,1,0,1,0
2020-03-21,Imperial,025,180216,44,2,0,2,0
2020-03-21,Inyo,027,18085,1,0,0,0,0
2020-03-21,Kern,029,883053,108,3,0,3,0
2020-03-21,Kings,031,150075,22,0,1,1,0
2020-03-21,Lake,033,64148,0,0,0,0,0
2020-03-21,Lassen,035,31185,3,0,1,1,0
2020-03-21,Los Angeles,037,10098052,2839,322,10,332,2
2020-03-21,Madera,039,155013,33,4,0,4,0
2020-03-21,Marin,041,260295,69,30,0,30,0
2020-03-21,Mariposa,043,17540,0,0,0,0,0
2020-03-21,Mendocino,045,87422,3,1,0,1,0
2020-03-21,Merced,047,269075,6,0,0,0,0
2020-03-21,Modoc,049,8938,0,0,0,0,0
2020-03-21,Mono,051,14174,14,1,0,1,0
2020-03-21,Monterey,053,433212,48,8,0,8,1
2020-03-21,Napa,055,140530,17,0,0,0,0
2020-03-21,Nevada,057,99092,23,2,1,3,0
2020-03-21,Orange,059,3164182,761,85,4,89,0
2020-03-21,Placer,061,380077,78,11,0,11,1
2020-03-21,Plumas,063,18699,0,0,0,0,0
2020-03-21,Riverside,065,2383286,566,20,8,28,3
2020-03-21,Sacramento,067,1510023,334,66,0,66,3
2020-03-21,San Benito,069,59416,17,4,0,4,1
2020-03-21,San Bernardino,071,2135413,270,13,0,13,0
2020-03-21,San Diego,073,3302833,901,121,0,121,0
2020-03-21,San Francisco,075,870044,419,106,0,106,0
2020-03-21,San Joaquin,077,732212,131,26,3,29,2
2020-03-21,San Luis Obispo,079,281455,84,16,0,16,0
2020-03-21,San Mateo,081,765935,426,78,2,80,1
2020-03-21,Santa Barbara,083,443738,109,8,1,9,0
2020-03-21,Santa Clara,085,1922200,950,269,2,271,10
2020-03-21,Santa Cruz,087,273765,62,17,0,17,0
2020-03-21,Shasta,089,179085,12,1,0,1,0
2020-03-21,Sierra,091,2930,0,0,0,0,0
2020-03-21,Siskiyou,093,43540,4,0,0,0,0
2020-03-21,Solano,095,438530,63,30,0,30,0
2020-03-21,Sonoma,097,501317,98,15,0,15,1
2020-03-21,Stanislaus,099,539301,45,7,3,10,0
2020-03-21,Sutter,101,95872,7,0,0,0,0
2020-03-21,Tehama,103,63373,0,0,0,0,0
2020-03-21,Trinity,105,12862,0,0,0,0,0
2020-03-21,Tulare,107,460477,54,5,3,8,0
2020-03-21,Tuolumne,109,53932,2,0,0,0,0
2020-03-21,Ventura,111,848112,166,22,0,22,0
2020-03-21,Yolo,113,214977,33,6,0,6,0
2020-03-21,Yuba,115,75493,7,1,0,1,0
2020-03-20,Alameda,001,1643700,388,42,1,43,0
2020-03-20,Alpine,003,1148,1,0,0,0,0
2020-03-20,Amador,005,37829,1,0,0,0,0
2020-03-20,Butte,007,227075,7,0,0,0,0
2020-03-20,Calaveras,009,45235,4,2,0,2,0
2020-03-20,Colusa,011,21464,1,0,0,0,0
2020-03-20,Contra Costa,013,1133247,273,52,0,52,1
2020-03-20,Del Norte,015,27424,0,0,0,0,0
2020-03-20,El Dorado,017,186661,20,1,0,1,0
2020-03-20,Fresno,019,978130,96,7,2,9,0
2020-03-20,Glenn,021,27897,1,0,0,0,0
2020-03-20,Humboldt,023,135768,25,1,0,1,0
2020-03-20,Imperial,025,180216,43,2,0,2,0
2020-03-20,Inyo,027,18085,0,0,0,0,0
2020-03-20,Kern,029,883053,93,3,0,3,0
2020-03-20,Kings,031,150075,21,0,1,1,0
2020-03-20,Lake,033,64148,0,0,0,0,0
2020-03-20,Lassen,035,31185,3,0,1,1,0
2020-03-20,Los Angeles,037,10098052,2610,267,9,276,1
2020-03-20,Madera,039,155013,32,4,0,4,0
2020-03-20,Marin,041,260295,66,30,0,30,0
2020-03-20,Mariposa,043,17540,0,0,0,0,0
2020-03-20,Mendocino,045,87422,3,1,0,1,0
2020-03-20,Merced,047,269075,6,0,0,0,0
2020-03-20,Modoc,049,8938,0,0,0,0,0
2020-03-20,Mono,051,14174,14,0,0,0,0
2020-03-20,Monterey,053,433212,47,4,0,4,0
2020-03-20,Napa,055,140530,16,0,0,0,0
2020-03-20,Nevada,057,99092,20,2,1,3,0
2020-03-20,Orange,059,3164182,714,71,4,75,2
2020-03-20,Placer,061,380077,72,9,0,9,1
2020-03-20,Plumas,063,18699,0,0,0,0,0
2020-03-20,Riverside,065,2383286,507,19,8,27,3
2020-03-20,Sacramento,067,1510023,313,56,0,56,4
2020-03-20,San Benito,069,59416,17,4,0,4,1
2020-03-20,San Bernardino,071,2135413,243,9,0,9,0
2020-03-20,San Diego,073,3302833,849,98,0,98,0
2020-03-20,San Francisco,075,870044,387,87,0,87,0
2020-03-20,San Joaquin,077,732212,116,18,3,21,2
2020-03-20,San Luis Obispo,079,281455,80,11,0,11,0
2020-03-20,San Mateo,081,765935,396,71,2,73,1
2020-03-20,Santa Barbara,083,443738,97,7,1,8,0
2020-03-20,Santa Clara,085,1922200,914,246,2,248,8
2020-03-20,Santa Cruz,087,273765,60,13,0,13,0
2020-03-20,Shasta,089,179085,11,1,0,1,0
2020-03-20,Sierra,091,2930,0,0,0,0,0
2020-03-20,Siskiyou,093,43540,4,0,0,0,0
2020-03-20,Solano,095,438530,59,29,0,29,0
2020-03-20,Sonoma,097,501317,90,7,0,7,0
2020-03-20,Stanislaus,099,539301,39,7,3,10,0
2020-03-20,Sutter,101,95872,7,0,0,0,0
2020-03-20,Tehama,103,63373,0,0,0,0,0
2020-03-20,Trinity,105,12862,0,0,0,0,0
2020-03-20,Tulare,107,460477,50,4,3,7,0
2020-03-20,Tuolumne,109,53932,2,0,0,0,0
2020-03-20,Ventura,111,848112,156,18,0,18,0
2020-03-20,Yolo,113,214977,31,5,0,5,0
2020-03-20,Yuba,115,75493,6,0,0,0,0
2020-03-19,Alameda,001,1643700,352,36,1,37,0
2020-03-19,Alpine,003,1148,1,0,0,0,0
2020-03-19,Amador,005,37829,1,0,0,0,0
2020-03-19,Butte,007,227075,5,0,0,0,0
2020-03-19,Calaveras,009,45235,4,2,0,2,0
2020-03-19,Colusa,011,21464,0,0,0,0,0
2020-03-19,Contra Costa,013,1133247,257,46,0,46,0
2020-03-19,Del Norte,015,27424,0,0,0,0,0
2020-03-19,El Dorado,017,186661,18,0,0,0,0
2020-03-19,Fresno,019,978130,87,6,2,8,0
2020-03-19,Glenn,021,27897,1,0,0,0,0
2020-03-19,Humboldt,023,135768,23,1,0,1,0
2020-03-19,Imperial,025,180216,36,2,0,2,0
2020-03-19,Inyo,027,18085,0,0,0,0,0
2020-03-19,Kern,029,883053,81,3,0,3,0
2020-03-19,Kings,031,150075,17,0,1,1,0
2020-03-19,Lake,033,64148,0,0,0,0,0
2020-03-19,Lassen,035,31185,2,0,1,1,0
2020-03-19,Los Angeles,037,10098052,2319,233,9,242,0
2020-03-19,Madera,039,155013,31,3,0,3,0
2020-03-19,Marin,041,260295,63,19,0,19,0
2020-03-19,Mariposa,043,17540,0,0,0,0,0
2020-03-19,Mendocino,045,87422,2,1,0,1,0
2020-03-19,Merced,047,269075,5,0,0,0,0
2020-03-19,Modoc,049,8938,0,0,0,0,0
2020-03-19,Mono,051,14174,12,0,0,0,0
2020-03-19,Monterey,053,433212,39,3,0,3,0
2020-03-19,Napa,055,140530,14,0,0,0,0
2020-03-19,Nevada,057,99092,18,2,1,3,0
2020-03-19,Orange,059,3164182,633,59,4,63,0
2020-03-19,Placer,061,380077,64,8,0,8,1
2020-03-19,Plumas,063,18699,0,0,0,0,0
2020-03-19,Riverside,065,2383286,396,14,6,20,3
2020-03-19,Sacramento,067,1510023,280,52,0,52,3
2020-03-19,San Benito,069,59416,14,3,0,3,0
2020-03-19,San Bernardino,071,2135413,213,7,0,7,0
2020-03-19,San Diego,073,3302833,766,68,0,68,0
2020-03-19,San Francisco,075,870044,351,80,0,80,0
2020-03-19,San Joaquin,077,732212,102,15,3,18,2
2020-03-19,San Luis Obispo,079,281455,77,6,0,6,0
2020-03-19,San Mateo,081,765935,361,58,2,60,1
2020-03-19,Santa Barbara,083,443738,85,5,0,5,0
2020-03-19,Santa Clara,085,1922200,847,183,2,185,8
2020-03-19,Santa Cruz,087,273765,57,13,0,13,0
2020-03-19,Shasta,089,179085,10,1,0,1,0
2020-03-19,Sierra,091,2930,0,0,0,0,0
2020-03-19,Siskiyou,093,43540,3,0,0,0,0
2020-03-19,Solano,095,438530,55,26,0,26,0
2020-03-19,Sonoma,097,501317,87,8,0,8,0
2020-03-19,Stanislaus,099,539301,38,7,3,10,0
2020-03-19,Sutter,101,95872,7,0,0,0,0
2020-03-19,Tehama,103,63373,0,0,0,0,0
2020-03-19,Trinity,105,12862,0,0,0,0,0
2020-03-19,Tulare,107,460477,44,3,3,6,0
2020-03-19,Tuolumne,109,53932,2,0,0,0,0
2020-03-19,Ventura,111,848112,134,15,0,15,0
2020-03-19,Yolo,113,214977,27,5,0,5,0
2020-03-19,Yuba,115,75493,5,0,0,0,0
2020-03-18,Alameda,001,1643700,323,29,1,30,0
2020-03-18,Alpine,003,1148,1,0,0,0,0
2020-03-18,Amador,005,37829,1,0,0,0,0
2020-03-18,Butte,007,227075,4,0,0,0,0
2020-03-18,Calaveras,009,45235,4,2,0,2,0
2020-03-18,Colusa,011,21464,0,0,0,0,0
2020-03-18,Contra Costa,013,1133247,235,44,0,44,0
2020-03-18,Del Norte,015,27424,0,0,0,0,0
2020-03-18,El Dorado,017,186661,17,0,0,0,0
2020-03-18,Fresno,019,978130,78,3,1,4,0
2020-03-18,Glenn,021,27897,1,0,0,0,0
2020-03-18,Humboldt,023,135768,19,1,0,1,0
2020-03-18,Imperial,025,180216,30,2,0,2,0
2020-03-18,Inyo,027,18085,0,0,0,0,0
2020-03-18,Kern,029,883053,66,1,0,1,0
2020-03-18,Kings,031,150075,15,0,1,1,0
2020-03-18,Lake,033,64148,0,0,0,0,0
2020-03-18,Lassen,035,31185,1,0,1,1,0
2020-03-18,Los Angeles,037,10098052,2074,47,9,56,0
2020-03-18,Madera,039,155013,30,2,0,2,0
2020-03-18,Marin,041,260295,58,10,0,10,0
2020-03-18,Mariposa,043,17540,0,0,0,0,0
2020-03-18,Mendocino,045,87422,2,0,0,0,0
2020-03-18,Merced,047,269075,5,0,0,0,0
2020-03-18,Modoc,049,8938,0,0,0,0,0
2020-03-18,Mono,051,14174,11,0,0,0,0
2020-03-18,Monterey,053,433212,31,1,0,1,0
2020-03-18,Napa,055,140530,11,0,0,0,0
2020-03-18,Nevada,057,99092,16,2,1,3,0
2020-03-18,Orange,059,3164182,575,38,4,42,0
2020-03-18,Placer,061,380077,57,8,0,8,1
2020-03-18,Plumas,063,18699,0,0,0,0,0
2020-03-18,Riverside,065,2383286,333,11,5,16,2
2020-03-18,Sacramento,067,1510023,257,46,0,46,3
2020-03-18,San Benito,069,59416,13,3,0,3,0
2020-03-18,San Bernardino,071,2135413,191,3,0,3,0
2020-03-18,San Diego,073,3302833,681,40,0,40,0
2020-03-18,San Francisco,075,870044,332,65,0,65,0
2020-03-18,San Joaquin,077,732212,90,14,3,17,2
2020-03-18,San Luis Obispo,079,281455,70,5,0,5,0
2020-03-18,San Mateo,081,765935,340,57,2,59,1
2020-03-18,Santa Barbara,083,443738,77,2,0,2,0
2020-03-18,Santa Clara,085,1922200,796,151,2,153,6
2020-03-18,Santa Cruz,087,273765,55,11,0,11,0
2020-03-18,Shasta,089,179085,9,1,0,1,0
2020-03-18,Sierra,091,2930,0,0,0,0,0
2020-03-18,Siskiyou,093,43540,3,0,0,0,0
2020-03-18,Solano,095,438530,51,26,0,26,0
2020-03-18,Sonoma,097,501317,78,6,0,6,0
2020-03-18,Stanislaus,099,539301,34,5,2,7,0
2020-03-18,Sutter,101,95872,5,0,0,0,0
2020-03-18,Tehama,103,63373,0,0,0,0,0
2020-03-18,Trinity,105,12862,0,0,0,0,0
2020-03-18,Tulare,107,460477,34,3,3,6,0
2020-03-18,Tuolumne,109,53932,2,0,0,0,0
2020-03-18,Ventura,111,848112,115,11,0,11,0
2020-03-18,Yolo,113,214977,24,4,0,4,0
2020-03-18,Yuba,115,75493,4,0,0,0,0
2020-03-17,Alameda,001,1643700,291,19,0,19,0
2020-03-17,Alpine,003,1148,0,0,0,0,0
2020-03-17,Amador,005,37829,1,0,0,0,0
2020-03-17,Butte,007,227075,4,0,0,0,0
2020-03-17,Calaveras,009,45235,4,2,0,2,0
2020-03-17,Colusa,011,21464,0,0,0,0,0
2020-03-17,Contra Costa,013,1133247,213,37,0,37,0
2020-03-17,Del Norte,015,27424,0,0,0,0,0
2020-03-17,El Dorado,017,186661,16,0,0,0,0
2020-03-17,Fresno,019,978130,68,2,1,3,0
2020-03-17,Glenn,021,27897,1,0,0,0,0
2020-03-17,Humboldt,023,135768,17,1,0,1,0
2020-03-17,Imperial,025,180216,24,2,0,2,0
2020-03-17,Inyo,027,18085,0,0,0,0,0
2020-03-17,Kern,029,883053,52,0,0,0,0
2020-03-17,Kings,031,150075,12,0,1,1,0
2020-03-17,Lake,033,64148,0,0,0,0,0
2020-03-17,Lassen,035,31185,1,0,1,1,0
2020-03-17,Los Angeles,037,10098052,1865,41,9,50,0
2020-03-17,Madera,039,155013,22,2,0,2,0
2020-03-17,Marin,041,260295,51,4,0,4,0
2020-03-17,Mariposa,043,17540,0,0,0,0,0
2020-03-17,Mendocino,045,87422,2,0,0,0,0
2020-03-17,Merced,047,269075,5,0,0,0,0
2020-03-17,Modoc,049,8938,0,0,0,0,0
2020-03-17,Mono,051,14174,9,0,0,0,0
2020-03-17,Monterey,053,433212,29,0,0,0,0
2020-03-17,Napa,055,140530,8,0,0,0,0
2020-03-17,Nevada,057,99092,15,1,1,2,0
2020-03-17,Orange,059,3164182,497,24,3,27,0
2020-03-17,Placer,061,380077,47,7,0,7,1
2020-03-17,Plumas,063,18699,0,0,0,0,0
2020-03-17,Riverside,065,2383286,271,11,5,16,0
2020-03-17,Sacramento,067,1510023,237,36,0,36,1
2020-03-17,San Benito,069,59416,12,2,0,2,0
2020-03-17,San Bernardino,071,2135413,163,2,0,2,0
2020-03-17,San Diego,073,3302833,614,17,0,17,0
2020-03-17,San Francisco,075,870044,305,46,0,46,0
2020-03-17,San Joaquin,077,732212,84,11,3,14,0
2020-03-17,San Luis Obispo,079,281455,62,1,0,1,0
2020-03-17,San Mateo,081,765935,308,46,2,48,1
2020-03-17,Santa Barbara,083,443738,65,0,0,0,0
2020-03-17,Santa Clara,085,1922200,738,121,2,123,4
2020-03-17,Santa Cruz,087,273765,52,10,0,10,0
2020-03-17,Shasta,089,179085,5,1,0,1,0
2020-03-17,Sierra,091,2930,0,0,0,0,0
2020-03-17,Siskiyou,093,43540,3,0,0,0,0
2020-03-17,Solano,095,438530,48,27,0,27,0
2020-03-17,Sonoma,097,501317,70,4,0,4,0
2020-03-17,Stanislaus,099,539301,31,4,2,6,0
2020-03-17,Sutter,101,95872,5,0,0,0,0
2020-03-17,Tehama,103,63373,0,0,0,0,0
2020-03-17,Trinity,105,12862,0,0,0,0,0
2020-03-17,Tulare,107,460477,29,2,3,5,0
2020-03-17,Tuolumne,109,53932,2,0,0,0,0
2020-03-17,Ventura,111,848112,98,7,0,7,0
2020-03-17,Yolo,113,214977,20,2,0,2,0
2020-03-17,Yuba,115,75493,4,0,0,0,0
2020-03-16,Alameda,001,1643700,262,17,0,17,0
2020-03-16,Alpine,003,1148,0,0,0,0,0
2020-03-16,Amador,005,37829,1,0,0,0,0
2020-03-16,Butte,007,227075,3,0,0,0,0
2020-03-16,Calaveras,009,45235,4,2,0,2,0
2020-03-16,Colusa,011,21464,0,0,0,0,0
2020-03-16,Contra Costa,013,1133247,189,36,0,36,0
2020-03-16,Del Norte,015,27424,0,0,0,0,0
2020-03-16,El Dorado,017,186661,15,0,0,0,0
2020-03-16,Fresno,019,978130,53,2,1,3,0
2020-03-16,Glenn,021,27897,0,0,0,0,0
2020-03-16,Humboldt,023,135768,13,1,0,1,0
2020-03-16,Imperial,025,180216,19,2,0,2,0
2020-03-16,Inyo,027,18085,0,0,0,0,0
2020-03-16,Kern,029,883053,43,0,0,0,0
2020-03-16,Kings,031,150075,11,0,1,1,0
2020-03-16,Lake,033,64148,0,0,0,0,0
2020-03-16,Lassen,035,31185,1,0,0,0,0
2020-03-16,Los Angeles,037,10098052,1627,43,9,52,0
2020-03-16,Madera,039,155013,21,2,0,2,0
2020-03-16,Marin,041,260295,48,4,0,4,0
2020-03-16,Mariposa,043,17540,0,0,0,0,0
2020-03-16,Mendocino,045,87422,2,0,0,0,0
2020-03-16,Merced,047,269075,5,0,0,0,0
2020-03-16,Modoc,049,8938,0,0,0,0,0
2020-03-16,Mono,051,14174,7,0,0,0,0
2020-03-16,Monterey,053,433212,28,0,0,0,0
2020-03-16,Napa,055,140530,7,0,0,0,0
2020-03-16,Nevada,057,99092,11,1,1,2,0
2020-03-16,Orange,059,3164182,414,18,3,21,0
2020-03-16,Placer,061,380077,39,7,0,7,1
2020-03-16,Plumas,063,18699,0,0,0,0,0
2020-03-16,Riverside,065,2383286,235,10,5,15,0
2020-03-16,Sacramento,067,1510023,210,34,0,34,1
2020-03-16,San Benito,069,59416,8,2,0,2,0
2020-03-16,San Bernardino,071,2135413,143,1,0,1,0
2020-03-16,San Diego,073,3302833,523,17,0,17,0
2020-03-16,San Francisco,075,870044,267,40,0,40,0
2020-03-16,San Joaquin,077,732212,74,9,3,12,0
2020-03-16,San Luis Obispo,079,281455,55,1,0,1,0
2020-03-16,San Mateo,081,765935,269,42,2,44,1
2020-03-16,Santa Barbara,083,443738,55,0,0,0,0
2020-03-16,Santa Clara,085,1922200,658,115,1,116,2
2020-03-16,Santa Cruz,087,273765,45,9,0,9,0
2020-03-16,Shasta,089,179085,5,1,0,1,0
2020-03-16,Sierra,091,2930,0,0,0,0,0
2020-03-16,Siskiyou,093,43540,2,0,0,0,0
2020-03-16,Solano,095,438530,43,27,0,27,0
2020-03-16,Sonoma,097,501317,62,4,0,4,0
2020-03-16,Stanislaus,099,539301,27,2,2,4,0
2020-03-16,Sutter,101,95872,3,0,0,0,0
2020-03-16,Tehama,103,63373,0,0,0,0,0
2020-03-16,Trinity,105,12862,0,0,0,0,0
2020-03-16,Tulare,107,460477,25,2,3,5,0
2020-03-16,Tuolumne,109,53932,2,0,0,0,0
2020-03-16,Ventura,111,848112,88,7,0,7,0
2020-03-16,Yolo,113,214977,18,2,0,2,0
2020-03-16,Yuba,115,75493,3,0,0,0,0
2020-03-15,Alameda,001,1643700,215,17,0,17,0
2020-03-15,Alpine,003,1148,0,0,0,0,0
2020-03-15,Amador,005,37829,1,0,0,0,0
2020-03-15,Butte,007,227075,3,0,0,0,0
2020-03-15,Calaveras,009,45235,2,2,0,2,0
2020-03-15,Colusa,011,21464,0,0,0,0,0
2020-03-15,Contra Costa,013,1133247,164,34,0,34,0
2020-03-15,Del Norte,015,27424,0,0,0,0,0
2020-03-15,El Dorado,017,186661,14,0,0,0,0
2020-03-15,Fresno,019,978130,33,1,1,2,0
2020-03-15,Glenn,021,27897,0,0,0,0,0
2020-03-15,Humboldt,023,135768,11,1,0,1,0
2020-03-15,Imperial,025,180216,14,2,0,2,0
2020-03-15,Inyo,027,18085,0,0,0,0,0
2020-03-15,Kern,029,883053,37,0,0,0,0
2020-03-15,Kings,031,150075,11,0,1,1,0
2020-03-15,Lake,033,64148,0,0,0,0,0
2020-03-15,Lassen,035,31185,1,0,0,0,0
2020-03-15,Los Angeles,037,10098052,1379,41,9,50,0
2020-03-15,Madera,039,155013,20,2,0,2,0
2020-03-15,Marin,041,260295,41,3,0,3,0
2020-03-15,Mariposa,043,17540,0,0,0,0,0
2020-03-15,Mendocino,045,87422,2,0,0,0,0
2020-03-15,Merced,047,269075,3,0,0,0,0
2020-03-15,Modoc,049,8938,0,0,0,0,0
2020-03-15,Mono,051,14174,6,0,0,0,0
2020-03-15,Monterey,053,433212,21,0,0,0,0
2020-03-15,Napa,055,140530,7,0,0,0,0
2020-03-15,Nevada,057,99092,11,0,1,1,0
2020-03-15,Orange,059,3164182,346,16,1,17,0
2020-03-15,Placer,061,380077,33,7,0,7,1
2020-03-15,Plumas,063,18699,0,0,0,0,0
2020-03-15,Riverside,065,2383286,183,10,5,15,0
2020-03-15,Sacramento,067,1510023,174,30,0,30,1
2020-03-15,San Benito,069,59416,8,2,0,2,0
2020-03-15,San Bernardino,071,2135413,121,0,0,0,0
2020-03-15,San Diego,073,3302833,436,16,0,16,0
2020-03-15,San Francisco,075,870044,209,31,0,31,0
2020-03-15,San Joaquin,077,732212,63,6,3,9,0
2020-03-15,San Luis Obispo,079,281455,45,1,0,1,0
2020-03-15,San Mateo,081,765935,235,29,1,30,1
2020-03-15,Santa Barbara,083,443738,46,0,0,0,0
2020-03-15,Santa Clara,085,1922200,586,79,1,80,2
2020-03-15,Santa Cruz,087,273765,38,8,0,8,0
2020-03-15,Shasta,089,179085,5,1,0,1,0
2020-03-15,Sierra,091,2930,0,0,0,0,0
2020-03-15,Siskiyou,093,43540,2,0,0,0,0
2020-03-15,Solano,095,438530,42,26,0,26,0
2020-03-15,Sonoma,097,501317,53,4,0,4,0
2020-03-15,Stanislaus,099,539301,26,2,2,4,0
2020-03-15,Sutter,101,95872,2,0,0,0,0
2020-03-15,Tehama,103,63373,0,0,0,0,0
2020-03-15,Trinity,105,12862,0,0,0,0,0
2020-03-15,Tulare,107,460477,19,2,3,5,0
2020-03-15,Tuolumne,109,53932,1,0,0,0,0
2020-03-15,Ventura,111,848112,77,5,0,5,0
2020-03-15,Yolo,113,214977,15,2,0,2,0
2020-03-15,Yuba,115,75493,2,0,0,0,0
2020-03-14,Alameda,001,1643700,196,11,0,11,0
2020-03-14,Alpine,003,1148,0,0,0,0,0
2020-03-14,Amador,005,37829,1,0,0,0,0
2020-03-14,Butte,007,227075,2,0,0,0,0
2020-03-14,Calaveras,009,45235,2,2,0,2,0
2020-03-14,Colusa,011,21464,0,0,0,0,0
2020-03-14,Contra Costa,013,1133247,142,30,0,30,0
2020-03-14,Del Norte,015,27424,0,0,0,0,0
2020-03-14,El Dorado,017,186661,12,0,0,0,0
2020-03-14,Fresno,019,978130,25,1,1,2,0
2020-03-14,Glenn,021,27897,0,0,0,0,0
2020-03-14,Humboldt,023,135768,7,1,0,1,0
2020-03-14,Imperial,025,180216,10,2,0,2,0
2020-03-14,Inyo,027,18085,0,0,0,0,0
2020-03-14,Kern,029,883053,32,0,0,0,0
2020-03-14,Kings,031,150075,11,0,1,1,0
2020-03-14,Lake,033,64148,0,0,0,0,0
2020-03-14,Lassen,035,31185,1,0,0,0,0
2020-03-14,Los Angeles,037,10098052,1197,35,9,44,0
2020-03-14,Madera,039,155013,19,2,0,2,0
2020-03-14,Marin,041,260295,37,3,0,3,0
2020-03-14,Mariposa,043,17540,0,0,0,0,0
2020-03-14,Mendocino,045,87422,2,0,0,0,0
2020-03-14,Merced,047,269075,3,0,0,0,0
2020-03-14,Modoc,049,8938,0,0,0,0,0
2020-03-14,Mono,051,14174,5,0,0,0,0
2020-03-14,Monterey,053,433212,15,0,0,0,0
2020-03-14,Napa,055,140530,5,0,0,0,0
2020-03-14,Nevada,057,99092,8,0,1,1,0
2020-03-14,Orange,059,3164182,307,14,0,14,0
2020-03-14,Placer,061,380077,29,6,0,6,1
2020-03-14,Plumas,063,18699,0,0,0,0,0
2020-03-14,Riverside,065,2383286,163,10,5,15,0
2020-03-14,Sacramento,067,1510023,152,31,0,31,1
2020-03-14,San Benito,069,59416,8,2,0,2,0
2020-03-14,San Bernardino,071,2135413,102,0,0,0,0
2020-03-14,San Diego,073,3302833,361,10,0,10,0
2020-03-14,San Francisco,075,870044,188,29,0,29,0
2020-03-14,San Joaquin,077,732212,54,6,3,9,0
2020-03-14,San Luis Obispo,079,281455,40,0,0,0,0
2020-03-14,San Mateo,081,765935,212,27,1,28,0
2020-03-14,Santa Barbara,083,443738,37,0,0,0,0
2020-03-14,Santa Clara,085,1922200,531,62,1,63,2
2020-03-14,Santa Cruz,087,273765,33,8,0,8,0
2020-03-14,Shasta,089,179085,5,1,0,1,0
2020-03-14,Sierra,091,2930,0,0,0,0,0
2020-03-14,Siskiyou,093,43540,1,0,0,0,0
2020-03-14,Solano,095,438530,40,26,0,26,0
2020-03-14,Sonoma,097,501317,40,2,0,2,0
2020-03-14,Stanislaus,099,539301,22,2,2,4,0
2020-03-14,Sutter,101,95872,2,0,0,0,0
2020-03-14,Tehama,103,63373,0,0,0,0,0
2020-03-14,Trinity,105,12862,0,0,0,0,0
2020-03-14,Tulare,107,460477,17,2,2,4,0
2020-03-14,Tuolumne,109,53932,1,0,0,0,0
2020-03-14,Ventura,111,848112,68,5,0,5,0
2020-03-14,Yolo,113,214977,15,2,0,2,0
2020-03-14,Yuba,115,75493,1,0,0,0,0
2020-03-13,Alameda,001,1643700,177,12,0,12,0
2020-03-13,Alpine,003,1148,0,0,0,0,0
2020-03-13,Amador,005,37829,1,0,0,0,0
2020-03-13,Butte,007,227075,0,0,0,0,0
2020-03-13,Calaveras,009,45235,2,2,0,2,0
2020-03-13,Colusa,011,21464,0,0,0,0,0
2020-03-13,Contra Costa,013,1133247,128,22,0,22,0
2020-03-13,Del Norte,015,27424,0,0,0,0,0
2020-03-13,El Dorado,017,186661,11,0,0,0,0
2020-03-13,Fresno,019,978130,20,1,1,2,0
2020-03-13,Glenn,021,27897,0,0,0,0,0
2020-03-13,Humboldt,023,135768,7,1,0,1,0
2020-03-13,Imperial,025,180216,9,2,0,2,0
2020-03-13,Inyo,027,18085,0,0,0,0,0
2020-03-13,Kern,029,883053,27,0,0,0,0
2020-03-13,Kings,031,150075,10,0,1,1,0
2020-03-13,Lake,033,64148,0,0,0,0,0
2020-03-13,Lassen,035,31185,1,0,0,0,0
2020-03-13,Los Angeles,037,10098052,1040,30,7,37,0
2020-03-13,Madera,039,155013,18,1,0,1,0
2020-03-13,Marin,041,260295,34,3,0,3,0
2020-03-13,Mariposa,043,17540,0,0,0,0,0
2020-03-13,Mendocino,045,87422,2,0,0,0,0
2020-03-13,Merced,047,269075,2,0,0,0,0
2020-03-13,Modoc,049,8938,0,0,0,0,0
2020-03-13,Mono,051,14174,3,0,0,0,0
2020-03-13,Monterey,053,433212,10,0,0,0,0
2020-03-13,Napa,055,140530,3,0,0,0,0
2020-03-13,Nevada,057,99092,7,0,1,1,0
2020-03-13,Orange,059,3164182,267,10,0,10,0
2020-03-13,Placer,061,380077,27,6,0,6,1
2020-03-13,Plumas,063,18699,0,0,0,0,0
2020-03-13,Riverside,065,2383286,133,5,4,9,0
2020-03-13,Sacramento,067,1510023,130,18,0,18,1
2020-03-13,San Benito,069,59416,6,2,0,2,0
2020-03-13,San Bernardino,071,2135413,96,0,0,0,0
2020-03-13,San Diego,073,3302833,311,8,0,8,0
2020-03-13,San Francisco,075,870044,174,28,0,28,0
2020-03-13,San Joaquin,077,732212,50,6,3,9,0
2020-03-13,San Luis Obispo,079,281455,33,0,0,0,0
2020-03-13,San Mateo,081,765935,191,24,1,25,0
2020-03-13,Santa Barbara,083,443738,33,0,0,0,0
2020-03-13,Santa Clara,085,1922200,469,59,1,60,1
2020-03-13,Santa Cruz,087,273765,32,7,0,7,0
2020-03-13,Shasta,089,179085,3,1,0,1,0
2020-03-13,Sierra,091,2930,0,0,0,0,0
2020-03-13,Siskiyou,093,43540,0,0,0,0,0
2020-03-13,Solano,095,438530,39,26,0,26,0
2020-03-13,Sonoma,097,501317,39,2,0,2,0
2020-03-13,Stanislaus,099,539301,17,2,2,4,0
2020-03-13,Sutter,101,95872,2,0,0,0,0
2020-03-13,Tehama,103,63373,0,0,0,0,0
2020-03-13,Trinity,105,12862,0,0,0,0,0
2020-03-13,Tulare,107,460477,14,2,2,4,0
2020-03-13,Tuolumne,109,53932,1,0,0,0,0
2020-03-13,Ventura,111,848112,54,5,0,5,0
2020-03-13,Yolo,113,214977,14,1,0,1,0
2020-03-13,Yuba,115,75493,1,0,0,0,0
2020-03-12,Alameda,001,1643700,152,9,0,9,0
2020-03-12,Alpine,003,1148,0,0,0,0,0
2020-03-12,Amador,005,37829,1,0,0,0,0
2020-03-12,Butte,007,227075,0,0,0,0,0
2020-03-12,Calaveras,009,45235,2,2,0,2,0
2020-03-12,Colusa,011,21464,0,0,0,0,0
2020-03-12,Contra Costa,013,1133247,110,18,0,18,0
2020-03-12,Del Norte,015,27424,0,0,0,0,0
2020-03-12,El Dorado,017,186661,9,0,0,0,0
2020-03-12,Fresno,019,978130,12,1,1,2,0
2020-03-12,Glenn,021,27897,0,0,0,0,0
2020-03-12,Humboldt,023,135768,6,1,0,1,0
2020-03-12,Imperial,025,180216,8,2,0,2,0
2020-03-12,Inyo,027,18085,0,0,0,0,0
2020-03-12,Kern,029,883053,18,0,0,0,0
2020-03-12,Kings,031,150075,7,0,1,1,0
2020-03-12,Lake,033,64148,0,0,0,0,0
2020-03-12,Lassen,035,31185,1,0,0,0,0
2020-03-12,Los Angeles,037,10098052,876,30,7,37,0
2020-03-12,Madera,039,155013,15,1,0,1,0
2020-03-12,Marin,041,260295,24,1,0,1,0
2020-03-12,Mariposa,043,17540,0,0,0,0,0
2020-03-12,Mendocino,045,87422,2,0,0,0,0
2020-03-12,Merced,047,269075,2,0,0,0,0
2020-03-12,Modoc,049,8938,0,0,0,0,0
2020-03-12,Mono,051,14174,3,0,0,0,0
2020-03-12,Monterey,053,433212,8,0,0,0,0
2020-03-12,Napa,055,140530,3,0,0,0,0
2020-03-12,Nevada,057,99092,4,0,1,1,0
2020-03-12,Orange,059,3164182,230,7,0,7,0
2020-03-12,Placer,061,380077,23,6,0,6,1
2020-03-12,Plumas,063,18699,0,0,0,0,0
2020-03-12,Riverside,065,2383286,107,5,2,7,0
2020-03-12,Sacramento,067,1510023,106,17,0,17,1
2020-03-12,San Benito,069,59416,5,2,0,2,0
2020-03-12,San Bernardino,071,2135413,80,0,0,0,0
2020-03-12,San Diego,073,3302833,256,9,0,9,0
2020-03-12,San Francisco,075,870044,149,20,0,20,0
2020-03-12,San Joaquin,077,732212,44,3,3,6,1
2020-03-12,San Luis Obispo,079,281455,26,0,0,0,0
2020-03-12,San Mateo,081,765935,157,21,1,22,0
2020-03-12,Santa Barbara,083,443738,22,0,0,0,0
2020-03-12,Santa Clara,085,1922200,411,51,1,52,1
2020-03-12,Santa Cruz,087,273765,29,5,0,5,0
2020-03-12,Shasta,089,179085,2,1,0,1,0
2020-03-12,Sierra,091,2930,0,0,0,0,0
2020-03-12,Siskiyou,093,43540,0,0,0,0,0
2020-03-12,Solano,095,438530,34,26,0,26,0
2020-03-12,Sonoma,097,501317,34,2,0,2,0
2020-03-12,Stanislaus,099,539301,15,2,2,4,0
2020-03-12,Sutter,101,95872,0,0,0,0,0
2020-03-12,Tehama,103,63373,0,0,0,0,0
2020-03-12,Trinity,105,12862,0,0,0,0,0
2020-03-12,Tulare,107,460477,12,1,1,2,0
2020-03-12,Tuolumne,109,53932,1,0,0,0,0
2020-03-12,Ventura,111,848112,45,3,0,3,0
2020-03-12,Yolo,113,214977,13,1,0,1,0
2020-03-12,Yuba,115,75493,1,0,0,0,0
2020-03-11,Alameda,001,1643700,122,5,0,5,0
2020-03-11,Alpine,003,1148,0,0,0,0,0
2020-03-11,Amador,005,37829,1,0,0,0,0
2020-03-11,Butte,007,227075,0,0,0,0,0
2020-03-11,Calaveras,009,45235,2,2,0,2,0
2020-03-11,Colusa,011,21464,0,0,0,0,0
2020-03-11,Contra Costa,013,1133247,94,16,0,16,0
2020-03-11,Del Norte,015,27424,0,0,0,0,0
2020-03-11,El Dorado,017,186661,8,0,0,0,0
2020-03-11,Fresno,019,978130,9,1,1,2,0
2020-03-11,Glenn,021,27897,0,0,0,0,0
2020-03-11,Humboldt,023,135768,6,1,0,1,0
2020-03-11,Imperial,025,180216,6,0,0,0,0
2020-03-11,Inyo,027,18085,0,0,0,0,0
2020-03-11,Kern,029,883053,16,0,0,0,0
2020-03-11,Kings,031,150075,5,0,1,1,0
2020-03-11,Lake,033,64148,0,0,0,0,0
2020-03-11,Lassen,035,31185,1,0,0,0,0
2020-03-11,Los Angeles,037,10098052,704,21,7,28,0
2020-03-11,Madera,039,155013,12,1,0,1,0
2020-03-11,Marin,041,260295,17,1,0,1,0
2020-03-11,Mariposa,043,17540,0,0,0,0,0
2020-03-11,Mendocino,045,87422,1,0,0,0,0
2020-03-11,Merced,047,269075,2,0,0,0,0
2020-03-11,Modoc,049,8938,0,0,0,0,0
2020-03-11,Mono,051,14174,3,0,0,0,0
2020-03-11,Monterey,053,433212,7,0,0,0,0
2020-03-11,Napa,055,140530,2,0,0,0,0
2020-03-11,Nevada,057,99092,4,0,1,1,0
2020-03-11,Orange,059,3164182,201,6,0,6,0
2020-03-11,Placer,061,380077,18,6,0,6,1
2020-03-11,Plumas,063,18699,0,0,0,0,0
2020-03-11,Riverside,065,2383286,81,4,1,5,0
2020-03-11,Sacramento,067,1510023,88,9,0,9,1
2020-03-11,San Benito,069,59416,5,2,0,2,0
2020-03-11,San Bernardino,071,2135413,73,0,0,0,0
2020-03-11,San Diego,073,3302833,206,4,0,4,0
2020-03-11,San Francisco,075,870044,124,17,0,17,0
2020-03-11,San Joaquin,077,732212,33,1,3,4,0
2020-03-11,San Luis Obispo,079,281455,23,0,0,0,0
2020-03-11,San Mateo,081,765935,139,16,0,16,0
2020-03-11,Santa Barbara,083,443738,13,0,0,0,0
2020-03-11,Santa Clara,085,1922200,370,48,1,49,1
2020-03-11,Santa Cruz,087,273765,26,2,0,2,0
2020-03-11,Shasta,089,179085,2,1,0,1,0
2020-03-11,Sierra,091,2930,0,0,0,0,0
2020-03-11,Siskiyou,093,43540,0,0,0,0,0
2020-03-11,Solano,095,438530,29,26,0,26,0
2020-03-11,Sonoma,097,501317,30,2,0,2,0
2020-03-11,Stanislaus,099,539301,15,2,2,4,0
2020-03-11,Sutter,101,95872,0,0,0,0,0
2020-03-11,Tehama,103,63373,0,0,0,0,0
2020-03-11,Trinity,105,12862,0,0,0,0,0
2020-03-11,Tulare,107,460477,10,0,1,1,0
2020-03-11,Tuolumne,109,53932,1,0,0,0,0
2020-03-11,Ventura,111,848112,37,3,0,3,0
2020-03-11,Yolo,113,214977,9,1,0,1,0
2020-03-11,Yuba,115,75493,1,0,0,0,0
2020-03-10,Alameda,001,1643700,101,4,0,4,0
2020-03-10,Alpine,003,1148,0,0,0,0,0
2020-03-10,Amador,005,37829,1,0,0,0,0
2020-03-10,Butte,007,227075,0,0,0,0,0
2020-03-10,Calaveras,009,45235,2,2,0,2,0
2020-03-10,Colusa,011,21464,0,0,0,0,0
2020-03-10,Contra Costa,013,1133247,84,11,0,11,0
2020-03-10,Del Norte,015,27424,0,0,0,0,0
2020-03-10,El Dorado,017,186661,7,0,0,0,0
2020-03-10,Fresno,019,978130,7,1,1,2,0
2020-03-10,Glenn,021,27897,0,0,0,0,0
2020-03-10,Humboldt,023,135768,6,1,0,1,0
2020-03-10,Imperial,025,180216,5,0,0,0,0
2020-03-10,Inyo,027,18085,0,0,0,0,0
2020-03-10,Kern,029,883053,11,0,0,0,0
2020-03-10,Kings,031,150075,5,0,1,1,0
2020-03-10,Lake,033,64148,0,0,0,0,0
2020-03-10,Lassen,035,31185,1,0,0,0,0
2020-03-10,Los Angeles,037,10098052,568,20,7,27,0
2020-03-10,Madera,039,155013,7,1,0,1,0
2020-03-10,Marin,041,260295,16,1,0,1,0
2020-03-10,Mariposa,043,17540,0,0,0,0,0
2020-03-10,Mendocino,045,87422,0,0,0,0,0
2020-03-10,Merced,047,269075,2,0,0,0,0
2020-03-10,Modoc,049,8938,0,0,0,0,0
2020-03-10,Mono,051,14174,3,0,0,0,0
2020-03-10,Monterey,053,433212,5,0,0,0,0
2020-03-10,Napa,055,140530,2,0,0,0,0
2020-03-10,Nevada,057,99092,3,0,1,1,0
2020-03-10,Orange,059,3164182,181,5,0,5,1
2020-03-10,Placer,061,380077,14,7,0,7,1
2020-03-10,Plumas,063,18699,0,0,0,0,0
2020-03-10,Riverside,065,2383286,59,4,1,5,0
2020-03-10,Sacramento,067,1510023,79,8,0,8,0
2020-03-10,San Benito,069,59416,5,2,0,2,0
2020-03-10,San Bernardino,071,2135413,65,0,0,0,0
2020-03-10,San Diego,073,3302833,163,3,0,3,0
2020-03-10,San Francisco,075,870044,92,16,0,16,0
2020-03-10,San Joaquin,077,732212,30,1,3,4,0
2020-03-10,San Luis Obispo,079,281455,15,0,0,0,0
2020-03-10,San Mateo,081,765935,123,11,0,11,0
2020-03-10,Santa Barbara,083,443738,10,0,0,0,0
2020-03-10,Santa Clara,085,1922200,322,45,1,46,1
2020-03-10,Santa Cruz,087,273765,22,2,0,2,0
2020-03-10,Shasta,089,179085,2,1,0,1,0
2020-03-10,Sierra,091,2930,0,0,0,0,0
2020-03-10,Siskiyou,093,43540,0,0,0,0,0
2020-03-10,Solano,095,438530,27,26,0,26,0
2020-03-10,Sonoma,097,501317,27,2,0,2,0
2020-03-10,Stanislaus,099,539301,11,0,2,2,0
2020-03-10,Sutter,101,95872,0,0,0,0,0
2020-03-10,Tehama,103,63373,0,0,0,0,0
2020-03-10,Trinity,105,12862,0,0,0,0,0
2020-03-10,Tulare,107,460477,9,0,1,1,0
2020-03-10,Tuolumne,109,53932,1,0,0,0,0
2020-03-10,Ventura,111,848112,29,1,0,1,0
2020-03-10,Yolo,113,214977,6,2,0,2,0
2020-03-10,Yuba,115,75493,1,0,0,0,0
2020-03-09,Alameda,001,1643700,73,4,0,4,0
2020-03-09,Alpine,003,1148,0,0,0,0,0
2020-03-09,Amador,005,37829,0,0,0,0,0
2020-03-09,Butte,007,227075,0,0,0,0,0
2020-03-09,Calaveras,009,45235,2,0,0,0,0
2020-03-09,Colusa,011,21464,0,0,0,0,0
2020-03-09,Contra Costa,013,1133247,72,9,0,9,0
2020-03-09,Del Norte,015,27424,0,0,0,0,0
2020-03-09,El Dorado,017,186661,5,0,0,0,0
2020-03-09,Fresno,019,978130,7,1,1,2,0
2020-03-09,Glenn,021,27897,0,0,0,0,0
2020-03-09,Humboldt,023,135768,5,1,0,1,0
2020-03-09,Imperial,025,180216,5,0,0,0,0
2020-03-09,Inyo,027,18085,0,0,0,0,0
2020-03-09,Kern,029,883053,8,0,0,0,0
2020-03-09,Kings,031,150075,4,0,1,1,0
2020-03-09,Lake,033,64148,0,0,0,0,0
2020-03-09,Lassen,035,31185,1,0,0,0,0
2020-03-09,Los Angeles,037,10098052,463,17,6,23,0
2020-03-09,Madera,039,155013,7,1,0,1,0
2020-03-09,Marin,041,260295,15,1,0,1,0
2020-03-09,Mariposa,043,17540,0,0,0,0,0
2020-03-09,Mendocino,045,87422,0,0,0,0,0
2020-03-09,Merced,047,269075,2,0,0,0,0
2020-03-09,Modoc,049,8938,0,0,0,0,0
2020-03-09,Mono,051,14174,3,0,0,0,0
2020-03-09,Monterey,053,433212,3,0,0,0,0
2020-03-09,Napa,055,140530,2,0,0,0,0
2020-03-09,Nevada,057,99092,2,0,1,1,0
2020-03-09,Orange,059,3164182,153,4,0,4,0
2020-03-09,Placer,061,380077,12,7,0,7,1
2020-03-09,Plumas,063,18699,0,0,0,0,0
2020-03-09,Riverside,065,2383286,49,4,1,5,0
2020-03-09,Sacramento,067,1510023,75,8,0,8,0
2020-03-09,San Benito,069,59416,3,2,0,2,0
2020-03-09,San Bernardino,071,2135413,54,0,0,0,0
2020-03-09,San Diego,073,3302833,124,2,0,2,0
2020-03-09,San Francisco,075,870044,72,14,0,14,0
2020-03-09,San Joaquin,077,732212,21,0,3,3,0
2020-03-09,San Luis Obispo,079,281455,15,0,0,0,0
2020-03-09,San Mateo,081,765935,109,6,0,6,0
2020-03-09,Santa Barbara,083,443738,8,0,0,0,0
2020-03-09,Santa Clara,085,1922200,278,42,1,43,1
2020-03-09,Santa Cruz,087,273765,19,2,0,2,0
2020-03-09,Shasta,089,179085,2,1,0,1,0
2020-03-09,Sierra,091,2930,0,0,0,0,0
2020-03-09,Siskiyou,093,43540,0,0,0,0,0
2020-03-09,Solano,095,438530,25,26,0,26,0
2020-03-09,Sonoma,097,501317,22,2,0,2,0
2020-03-09,Stanislaus,099,539301,11,0,2,2,0
2020-03-09,Sutter,101,95872,0,0,0,0,0
2020-03-09,Tehama,103,63373,0,0,0,0,0
2020-03-09,Trinity,105,12862,0,0,0,0,0
2020-03-09,Tulare,107,460477,9,0,1,1,0
2020-03-09,Tuolumne,109,53932,1,0,0,0,0
2020-03-09,Ventura,111,848112,25,1,0,1,0
2020-03-09,Yolo,113,214977,5,2,0,2,0
2020-03-09,Yuba,115,75493,0,0,0,0,0
2020-03-08,Alameda,001,1643700,48,4,0,4,0
2020-03-08,Alpine,003,1148,0,0,0,0,0
2020-03-08,Amador,005,37829,0,0,0,0,0
2020-03-08,Butte,007,227075,0,0,0,0,0
2020-03-08,Calaveras,009,45235,2,0,0,0,0
2020-03-08,Colusa,011,21464,0,0,0,0,0
2020-03-08,Contra Costa,013,1133247,58,9,0,9,0
2020-03-08,Del Norte,015,27424,0,0,0,0,0
2020-03-08,El Dorado,017,186661,5,0,0,0,0
2020-03-08,Fresno,019,978130,5,1,1,2,0
2020-03-08,Glenn,021,27897,0,0,0,0,0
2020-03-08,Humboldt,023,135768,5,1,0,1,0
2020-03-08,Imperial,025,180216,5,0,0,0,0
2020-03-08,Inyo,027,18085,0,0,0,0,0
2020-03-08,Kern,029,883053,8,0,0,0,0
2020-03-08,Kings,031,150075,3,0,1,1,0
2020-03-08,Lake,033,64148,0,0,0,0,0
2020-03-08,Lassen,035,31185,0,0,0,0,0
2020-03-08,Los Angeles,037,10098052,368,14,6,20,0
2020-03-08,Madera,039,155013,7,1,0,1,0
2020-03-08,Marin,041,260295,13,1,0,1,0
2020-03-08,Mariposa,043,17540,0,0,0,0,0
2020-03-08,Mendocino,045,87422,0,0,0,0,0
2020-03-08,Merced,047,269075,2,0,0,0,0
2020-03-08,Modoc,049,8938,0,0,0,0,0
2020-03-08,Mono,051,14174,3,0,0,0,0
2020-03-08,Monterey,053,433212,3,0,0,0,0
2020-03-08,Napa,055,140530,2,0,0,0,0
2020-03-08,Nevada,057,99092,1,0,1,1,0
2020-03-08,Orange,059,3164182,128,4,0,4,0
2020-03-08,Placer,061,380077,11,7,0,7,1
2020-03-08,Plumas,063,18699,0,0,0,0,0
2020-03-08,Riverside,065,2383286,41,1,1,2,0
2020-03-08,Sacramento,067,1510023,65,5,0,5,0
2020-03-08,San Benito,069,59416,3,2,0,2,0
2020-03-08,San Bernardino,071,2135413,43,0,0,0,0
2020-03-08,San Diego,073,3302833,90,2,0,2,0
2020-03-08,San Francisco,075,870044,53,9,0,9,0
2020-03-08,San Joaquin,077,732212,18,0,3,3,0
2020-03-08,San Luis Obispo,079,281455,9,0,0,0,0
2020-03-08,San Mateo,081,765935,96,4,0,4,0
2020-03-08,Santa Barbara,083,443738,5,0,0,0,0
2020-03-08,Santa Clara,085,1922200,236,36,1,37,0
2020-03-08,Santa Cruz,087,273765,17,1,0,1,0
2020-03-08,Shasta,089,179085,2,0,0,0,0
2020-03-08,Sierra,091,2930,0,0,0,0,0
2020-03-08,Siskiyou,093,43540,0,0,0,0,0
2020-03-08,Solano,095,438530,24,26,0,26,0
2020-03-08,Sonoma,097,501317,17,2,0,2,0
2020-03-08,Stanislaus,099,539301,10,0,2,2,0
2020-03-08,Sutter,101,95872,0,0,0,0,0
2020-03-08,Tehama,103,63373,0,0,0,0,0
2020-03-08,Trinity,105,12862,0,0,0,0,0
2020-03-08,Tulare,107,460477,9,0,0,0,0
2020-03-08,Tuolumne,109,53932,1,0,0,0,0
2020-03-08,Ventura,111,848112,21,1,0,1,0
2020-03-08,Yolo,113,214977,2,2,0,2,0
2020-03-08,Yuba,115,75493,0,0,0,0,0
2020-03-07,Alameda,001,1643700,43,3,0,3,0
2020-03-07,Alpine,003,1148,0,0,0,0,0
2020-03-07,Amador,005,37829,0,0,0,0,0
2020-03-07,Butte,007,227075,0,0,0,0,0
2020-03-07,Calaveras,009,45235,2,0,0,0,0
2020-03-07,Colusa,011,21464,0,0,0,0,0
2020-03-07,Contra Costa,013,1133247,55,4,0,4,0
2020-03-07,Del Norte,015,27424,0,0,0,0,0
2020-03-07,El Dorado,017,186661,4,0,0,0,0
2020-03-07,Fresno,019,978130,4,1,1,2,0
2020-03-07,Glenn,021,27897,0,0,0,0,0
2020-03-07,Humboldt,023,135768,5,1,0,1,0
2020-03-07,Imperial,025,180216,4,0,0,0,0
2020-03-07,Inyo,027,18085,0,0,0,0,0
2020-03-07,Kern,029,883053,7,0,0,0,0
2020-03-07,Kings,031,150075,3,0,1,1,0
2020-03-07,Lake,033,64148,0,0,0,0,0
2020-03-07,Lassen,035,31185,0,0,0,0,0
2020-03-07,Los Angeles,037,10098052,317,14,6,20,0
2020-03-07,Madera,039,155013,6,1,0,1,0
2020-03-07,Marin,041,260295,11,0,0,0,0
2020-03-07,Mariposa,043,17540,0,0,0,0,0
2020-03-07,Mendocino,045,87422,0,0,0,0,0
2020-03-07,Merced,047,269075,2,0,0,0,0
2020-03-07,Modoc,049,8938,0,0,0,0,0
2020-03-07,Mono,051,14174,3,0,0,0,0
2020-03-07,Monterey,053,433212,3,0,0,0,0
2020-03-07,Napa,055,140530,1,0,0,0,0
2020-03-07,Nevada,057,99092,1,0,1,1,0
2020-03-07,Orange,059,3164182,120,4,0,4,0
2020-03-07,Placer,061,380077,11,6,0,6,1
2020-03-07,Plumas,063,18699,0,0,0,0,0
2020-03-07,Riverside,065,2383286,31,0,1,1,0
2020-03-07,Sacramento,067,1510023,52,4,0,4,0
2020-03-07,San Benito,069,59416,3,2,0,2,0
2020-03-07,San Bernardino,071,2135413,41,0,0,0,0
2020-03-07,San Diego,073,3302833,72,2,0,2,0
2020-03-07,San Francisco,075,870044,47,9,0,9,0
2020-03-07,San Joaquin,077,732212,16,0,3,3,0
2020-03-07,San Luis Obispo,079,281455,6,0,0,0,0
2020-03-07,San Mateo,081,765935,86,1,0,1,0
2020-03-07,Santa Barbara,083,443738,5,0,0,0,0
2020-03-07,Santa Clara,085,1922200,206,31,1,32,0
2020-03-07,Santa Cruz,087,273765,17,1,0,1,0
2020-03-07,Shasta,089,179085,2,0,0,0,0
2020-03-07,Sierra,091,2930,0,0,0,0,0
2020-03-07,Siskiyou,093,43540,0,0,0,0,0
2020-03-07,Solano,095,438530,23,25,0,25,0
2020-03-07,Sonoma,097,501317,13,2,0,2,0
2020-03-07,Stanislaus,099,539301,9,0,2,2,0
2020-03-07,Sutter,101,95872,0,0,0,0,0
2020-03-07,Tehama,103,63373,0,0,0,0,0
2020-03-07,Trinity,105,12862,0,0,0,0,0
2020-03-07,Tulare,107,460477,6,0,0,0,0
2020-03-07,Tuolumne,109,53932,1,0,0,0,0
2020-03-07,Ventura,111,848112,18,1,0,1,0
2020-03-07,Yolo,113,214977,2,2,0,2,0
2020-03-07,Yuba,115,75493,0,0,0,0,0
2020-03-06,Alameda,001,1643700,41,3,0,3,0
2020-03-06,Alpine,003,1148,0,0,0,0,0
2020-03-06,Amador,005,37829,0,0,0,0,0
2020-03-06,Butte,007,227075,0,0,0,0,0
2020-03-06,Calaveras,009,45235,2,0,0,0,0
2020-03-06,Colusa,011,21464,0,0,0,0,0
2020-03-06,Contra Costa,013,1133247,46,4,0,4,0
2020-03-06,Del Norte,015,27424,0,0,0,0,0
2020-03-06,El Dorado,017,186661,3,0,0,0,0
2020-03-06,Fresno,019,978130,3,0,1,1,0
2020-03-06,Glenn,021,27897,0,0,0,0,0
2020-03-06,Humboldt,023,135768,4,1,0,1,0
2020-03-06,Imperial,025,180216,3,0,0,0,0
2020-03-06,Inyo,027,18085,0,0,0,0,0
2020-03-06,Kern,029,883053,6,0,0,0,0
2020-03-06,Kings,031,150075,3,0,1,1,0
2020-03-06,Lake,033,64148,0,0,0,0,0
2020-03-06,Lassen,035,31185,0,0,0,0,0
2020-03-06,Los Angeles,037,10098052,274,13,6,19,0
2020-03-06,Madera,039,155013,5,0,0,0,0
2020-03-06,Marin,041,260295,10,0,0,0,0
2020-03-06,Mariposa,043,17540,0,0,0,0,0
2020-03-06,Mendocino,045,87422,0,0,0,0,0
2020-03-06,Merced,047,269075,2,0,0,0,0
2020-03-06,Modoc,049,8938,0,0,0,0,0
2020-03-06,Mono,051,14174,1,0,0,0,0
2020-03-06,Monterey,053,433212,3,0,0,0,0
2020-03-06,Napa,055,140530,1,0,0,0,0
2020-03-06,Nevada,057,99092,1,0,1,1,0
2020-03-06,Orange,059,3164182,94,4,0,4,0
2020-03-06,Placer,061,380077,10,5,0,5,1
2020-03-06,Plumas,063,18699,0,0,0,0,0
2020-03-06,Riverside,065,2383286,30,0,1,1,0
2020-03-06,Sacramento,067,1510023,43,2,0,2,0
2020-03-06,San Benito,069,59416,3,2,0,2,0
2020-03-06,San Bernardino,071,2135413,39,0,0,0,0
2020-03-06,San Diego,073,3302833,59,2,0,2,0
2020-03-06,San Francisco,075,870044,41,2,0,2,0
2020-03-06,San Joaquin,077,732212,13,0,3,3,0
2020-03-06,San Luis Obispo,079,281455,4,0,0,0,0
2020-03-06,San Mateo,081,765935,78,1,0,1,0
2020-03-06,Santa Barbara,083,443738,3,0,0,0,0
2020-03-06,Santa Clara,085,1922200,188,20,1,21,0
2020-03-06,Santa Cruz,087,273765,15,0,0,0,0
2020-03-06,Shasta,089,179085,2,0,0,0,0
2020-03-06,Sierra,091,2930,0,0,0,0,0
2020-03-06,Siskiyou,093,43540,0,0,0,0,0
2020-03-06,Solano,095,438530,22,25,0,25,0
2020-03-06,Sonoma,097,501317,13,2,0,2,0
2020-03-06,Stanislaus,099,539301,5,0,2,2,0
2020-03-06,Sutter,101,95872,0,0,0,0,0
2020-03-06,Tehama,103,63373,0,0,0,0,0
2020-03-06,Trinity,105,12862,0,0,0,0,0
2020-03-06,Tulare,107,460477,6,0,0,0,0
2020-03-06,Tuolumne,109,53932,1,0,0,0,0
2020-03-06,Ventura,111,848112,15,1,0,1,0
2020-03-06,Yolo,113,214977,2,1,0,1,0
2020-03-06,Yuba,115,75493,0,0,0,0,0
2020-03-05,Alameda,001,1643700,35,2,0,2,0
2020-03-05,Alpine,003,1148,0,0,0,0,0
2020-03-05,Amador,005,37829,0,0,0,0,0
2020-03-05,Butte,007,227075,0,0,0,0,0
2020-03-05,Calaveras,009,45235,2,0,0,0,0
2020-03-05,Colusa,011,21464,0,0,0,0,0
2020-03-05,Contra Costa,013,1133247,39,1,0,1,0
2020-03-05,Del Norte,015,27424,0,0,0,0,0
2020-03-05,El Dorado,017,186661,1,0,0,0,0
2020-03-05,Fresno,019,978130,3,0,1,1,0
2020-03-05,Glenn,021,27897,0,0,0,0,0
2020-03-05,Humboldt,023,135768,4,1,0,1,0
2020-03-05,Imperial,025,180216,2,0,0,0,0
2020-03-05,Inyo,027,18085,0,0,0,0,0
2020-03-05,Kern,029,883053,6,0,0,0,0
2020-03-05,Kings,031,150075,3,0,1,1,0
2020-03-05,Lake,033,64148,0,0,0,0,0
2020-03-05,Lassen,035,31185,0,0,0,0,0
2020-03-05,Los Angeles,037,10098052,227,11,6,17,0
2020-03-05,Madera,039,155013,5,0,0,0,0
2020-03-05,Marin,041,260295,10,0,0,0,0
2020-03-05,Mariposa,043,17540,0,0,0,0,0
2020-03-05,Mendocino,045,87422,0,0,0,0,0
2020-03-05,Merced,047,269075,2,0,0,0,0
2020-03-05,Modoc,049,8938,0,0,0,0,0
2020-03-05,Mono,051,14174,1,0,0,0,0
2020-03-05,Monterey,053,433212,3,0,0,0,0
2020-03-05,Napa,055,140530,1,0,0,0,0
2020-03-05,Nevada,057,99092,0,0,1,1,0
2020-03-05,Orange,059,3164182,79,3,0,3,0
2020-03-05,Placer,061,380077,10,2,0,2,1
2020-03-05,Plumas,063,18699,0,0,0,0,0
2020-03-05,Riverside,065,2383286,27,0,1,1,0
2020-03-05,Sacramento,067,1510023,37,2,0,2,0
2020-03-05,San Benito,069,59416,1,2,0,2,0
2020-03-05,San Bernardino,071,2135413,34,0,0,0,0
2020-03-05,San Diego,073,3302833,52,2,0,2,0
2020-03-05,San Francisco,075,870044,31,2,0,2,0
2020-03-05,San Joaquin,077,732212,10,0,3,3,0
2020-03-05,San Luis Obispo,079,281455,4,0,0,0,0
2020-03-05,San Mateo,081,765935,65,1,0,1,0
2020-03-05,Santa Barbara,083,443738,2,0,0,0,0
2020-03-05,Santa Clara,085,1922200,164,14,1,15,0
2020-03-05,Santa Cruz,087,273765,13,0,0,0,0
2020-03-05,Shasta,089,179085,2,0,0,0,0
2020-03-05,Sierra,091,2930,0,0,0,0,0
2020-03-05,Siskiyou,093,43540,0,0,0,0,0
2020-03-05,Solano,095,438530,22,24,0,24,0
2020-03-05,Sonoma,097,501317,12,2,0,2,0
2020-03-05,Stanislaus,099,539301,4,0,2,2,0
2020-03-05,Sutter,101,95872,0,0,0,0,0
2020-03-05,Tehama,103,63373,0,0,0,0,0
2020-03-05,Trinity,105,12862,0,0,0,0,0
2020-03-05,Tulare,107,460477,6,0,0,0,0
2020-03-05,Tuolumne,109,53932,1,0,0,0,0
2020-03-05,Ventura,111,848112,13,0,0,0,0
2020-03-05,Yolo,113,214977,2,0,0,0,0
2020-03-05,Yuba,115,75493,0,0,0,0,0
2020-03-04,Alameda,001,1643700,31,2,0,2,0
2020-03-04,Alpine,003,1148,0,0,0,0,0
2020-03-04,Amador,005,37829,0,0,0,0,0
2020-03-04,Butte,007,227075,0,0,0,0,0
2020-03-04,Calaveras,009,45235,0,0,0,0,0
2020-03-04,Colusa,011,21464,0,0,0,0,0
2020-03-04,Contra Costa,013,1133247,34,1,0,1,0
2020-03-04,Del Norte,015,27424,0,0,0,0,0
2020-03-04,El Dorado,017,186661,1,0,0,0,0
2020-03-04,Fresno,019,978130,3,0,1,1,0
2020-03-04,Glenn,021,27897,0,0,0,0,0
2020-03-04,Humboldt,023,135768,1,1,0,1,0
2020-03-04,Imperial,025,180216,2,0,0,0,0
2020-03-04,Inyo,027,18085,0,0,0,0,0
2020-03-04,Kern,029,883053,6,0,0,0,0
2020-03-04,Kings,031,150075,3,0,1,1,0
2020-03-04,Lake,033,64148,0,0,0,0,0
2020-03-04,Lassen,035,31185,0,0,0,0,0
2020-03-04,Los Angeles,037,10098052,191,7,6,13,0
2020-03-04,Madera,039,155013,5,0,0,0,0
2020-03-04,Marin,041,260295,10,0,0,0,0
2020-03-04,Mariposa,043,17540,0,0,0,0,0
2020-03-04,Mendocino,045,87422,0,0,0,0,0
2020-03-04,Merced,047,269075,2,0,0,0,0
2020-03-04,Modoc,049,8938,0,0,0,0,0
2020-03-04,Mono,051,14174,1,0,0,0,0
2020-03-04,Monterey,053,433212,3,0,0,0,0
2020-03-04,Napa,055,140530,1,0,0,0,0
2020-03-04,Nevada,057,99092,0,0,1,1,0
2020-03-04,Orange,059,3164182,76,3,0,3,0
2020-03-04,Placer,061,380077,9,2,0,2,1
2020-03-04,Plumas,063,18699,0,0,0,0,0
2020-03-04,Riverside,065,2383286,23,0,1,1,0
2020-03-04,Sacramento,067,1510023,32,1,0,1,0
2020-03-04,San Benito,069,59416,1,2,0,2,0
2020-03-04,San Bernardino,071,2135413,31,0,0,0,0
2020-03-04,San Diego,073,3302833,39,2,0,2,0
2020-03-04,San Francisco,075,870044,26,0,0,0,0
2020-03-04,San Joaquin,077,732212,9,0,3,3,0
2020-03-04,San Luis Obispo,079,281455,4,0,0,0,0
2020-03-04,San Mateo,081,765935,60,1,0,1,0
2020-03-04,Santa Barbara,083,443738,2,0,0,0,0
2020-03-04,Santa Clara,085,1922200,147,12,1,13,0
2020-03-04,Santa Cruz,087,273765,13,0,0,0,0
2020-03-04,Shasta,089,179085,2,0,0,0,0
2020-03-04,Sierra,091,2930,0,0,0,0,0
2020-03-04,Siskiyou,093,43540,0,0,0,0,0
2020-03-04,Solano,095,438530,21,24,0,24,0
2020-03-04,Sonoma,097,501317,11,2,0,2,0
2020-03-04,Stanislaus,099,539301,4,0,2,2,0
2020-03-04,Sutter,101,95872,0,0,0,0,0
2020-03-04,Tehama,103,63373,0,0,0,0,0
2020-03-04,Trinity,105,12862,0,0,0,0,0
2020-03-04,Tulare,107,460477,6,0,0,0,0
2020-03-04,Tuolumne,109,53932,0,0,0,0,0
2020-03-04,Ventura,111,848112,12,0,0,0,0
2020-03-04,Yolo,113,214977,2,0,0,0,0
2020-03-04,Yuba,115,75493,0,0,0,0,0
2020-03-03,Alameda,001,1643700,25,2,0,2,0
2020-03-03,Alpine,003,1148,0,0,0,0,0
2020-03-03,Amador,005,37829,0,0,0,0,0
2020-03-03,Butte,007,227075,0,0,0,0,0
2020-03-03,Calaveras,009,45235,0,0,0,0,0
2020-03-03,Colusa,011,21464,0,0,0,0,0
2020-03-03,Contra Costa,013,1133247,30,0,0,0,0
2020-03-03,Del Norte,015,27424,0,0,0,0,0
2020-03-03,El Dorado,017,186661,1,0,0,0,0
2020-03-03,Fresno,019,978130,2,0,1,1,0
2020-03-03,Glenn,021,27897,0,0,0,0,0
2020-03-03,Humboldt,023,135768,1,1,0,1,0
2020-03-03,Imperial,025,180216,2,0,0,0,0
2020-03-03,Inyo,027,18085,0,0,0,0,0
2020-03-03,Kern,029,883053,4,0,0,0,0
2020-03-03,Kings,031,150075,3,0,1,1,0
2020-03-03,Lake,033,64148,0,0,0,0,0
2020-03-03,Lassen,035,31185,0,0,0,0,0
2020-03-03,Los Angeles,037,10098052,172,5,6,11,0
2020-03-03,Madera,039,155013,4,0,0,0,0
2020-03-03,Marin,041,260295,6,0,0,0,0
2020-03-03,Mariposa,043,17540,0,0,0,0,0
2020-03-03,Mendocino,045,87422,0,0,0,0,0
2020-03-03,Merced,047,269075,2,0,0,0,0
2020-03-03,Modoc,049,8938,0,0,0,0,0
2020-03-03,Mono,051,14174,1,0,0,0,0
2020-03-03,Monterey,053,433212,2,0,0,0,0
2020-03-03,Napa,055,140530,1,0,0,0,0
2020-03-03,Nevada,057,99092,0,0,1,1,0
2020-03-03,Orange,059,3164182,68,1,0,1,0
2020-03-03,Placer,061,380077,8,2,0,2,0
2020-03-03,Plumas,063,18699,0,0,0,0,0
2020-03-03,Riverside,065,2383286,20,0,1,1,0
2020-03-03,Sacramento,067,1510023,31,1,0,1,0
2020-03-03,San Benito,069,59416,1,2,0,2,0
2020-03-03,San Bernardino,071,2135413,28,0,0,0,0
2020-03-03,San Diego,073,3302833,32,2,0,2,0
2020-03-03,San Francisco,075,870044,24,0,0,0,0
2020-03-03,San Joaquin,077,732212,8,0,3,3,0
2020-03-03,San Luis Obispo,079,281455,2,0,0,0,0
2020-03-03,San Mateo,081,765935,53,1,0,1,0
2020-03-03,Santa Barbara,083,443738,1,0,0,0,0
2020-03-03,Santa Clara,085,1922200,132,11,1,12,0
2020-03-03,Santa Cruz,087,273765,10,0,0,0,0
2020-03-03,Shasta,089,179085,2,0,0,0,0
2020-03-03,Sierra,091,2930,0,0,0,0,0
2020-03-03,Siskiyou,093,43540,0,0,0,0,0
2020-03-03,Solano,095,438530,20,24,0,24,0
2020-03-03,Sonoma,097,501317,11,1,0,1,0
2020-03-03,Stanislaus,099,539301,4,0,2,2,0
2020-03-03,Sutter,101,95872,0,0,0,0,0
2020-03-03,Tehama,103,63373,0,0,0,0,0
2020-03-03,Trinity,105,12862,0,0,0,0,0
2020-03-03,Tulare,107,460477,6,0,0,0,0
2020-03-03,Tuolumne,109,53932,0,0,0,0,0
2020-03-03,Ventura,111,848112,11,0,0,0,0
2020-03-03,Yolo,113,214977,1,0,0,0,0
2020-03-03,Yuba,115,75493,0,0,0,0,0
2020-03-02,Alameda,001,1643700,22,1,0,1,0
2020-03-02,Alpine,003,1148,0,0,0,0,0
2020-03-02,Amador,005,37829,0,0,0,0,0
2020-03-02,Butte,007,227075,0,0,0,0,0
2020-03-02,Calaveras,009,45235,0,0,0,0,0
2020-03-02,Colusa,011,21464,0,0,0,0,0
2020-03-02,Contra Costa,013,1133247,27,0,0,0,0
2020-03-02,Del Norte,015,27424,0,0,0,0,0
2020-03-02,El Dorado,017,186661,1,0,0,0,0
2020-03-02,Fresno,019,978130,2,0,1,1,0
2020-03-02,Glenn,021,27897,0,0,0,0,0
2020-03-02,Humboldt,023,135768,1,1,0,1,0
2020-03-02,Imperial,025,180216,2,0,0,0,0
2020-03-02,Inyo,027,18085,0,0,0,0,0
2020-03-02,Kern,029,883053,4,0,0,0,0
2020-03-02,Kings,031,150075,3,0,1,1,0
2020-03-02,Lake,033,64148,0,0,0,0,0
2020-03-02,Lassen,035,31185,0,0,0,0,0
2020-03-02,Los Angeles,037,10098052,157,1,6,7,0
2020-03-02,Madera,039,155013,4,0,0,0,0
2020-03-02,Marin,041,260295,6,0,0,0,0
2020-03-02,Mariposa,043,17540,0,0,0,0,0
2020-03-02,Mendocino,045,87422,0,0,0,0,0
2020-03-02,Merced,047,269075,1,0,0,0,0
2020-03-02,Modoc,049,8938,0,0,0,0,0
2020-03-02,Mono,051,14174,1,0,0,0,0
2020-03-02,Monterey,053,433212,2,0,0,0,0
2020-03-02,Napa,055,140530,1,0,0,0,0
2020-03-02,Nevada,057,99092,0,0,1,1,0
2020-03-02,Orange,059,3164182,63,1,0,1,0
2020-03-02,Placer,061,380077,8,1,0,1,0
2020-03-02,Plumas,063,18699,0,0,0,0,0
2020-03-02,Riverside,065,2383286,19,0,1,1,0
2020-03-02,Sacramento,067,1510023,25,1,0,1,0
2020-03-02,San Benito,069,59416,1,2,0,2,0
2020-03-02,San Bernardino,071,2135413,28,0,0,0,0
2020-03-02,San Diego,073,3302833,26,2,0,2,0
2020-03-02,San Francisco,075,870044,17,0,0,0,0
2020-03-02,San Joaquin,077,732212,7,0,3,3,0
2020-03-02,San Luis Obispo,079,281455,2,0,0,0,0
2020-03-02,San Mateo,081,765935,44,1,0,1,0
2020-03-02,Santa Barbara,083,443738,1,0,0,0,0
2020-03-02,Santa Clara,085,1922200,110,7,1,8,0
2020-03-02,Santa Cruz,087,273765,9,0,0,0,0
2020-03-02,Shasta,089,179085,2,0,0,0,0
2020-03-02,Sierra,091,2930,0,0,0,0,0
2020-03-02,Siskiyou,093,43540,0,0,0,0,0
2020-03-02,Solano,095,438530,19,24,0,24,0
2020-03-02,Sonoma,097,501317,10,1,0,1,0
2020-03-02,Stanislaus,099,539301,2,0,2,2,0
2020-03-02,Sutter,101,95872,0,0,0,0,0
2020-03-02,Tehama,103,63373,0,0,0,0,0
2020-03-02,Trinity,105,12862,0,0,0,0,0
2020-03-02,Tulare,107,460477,6,0,0,0,0
2020-03-02,Tuolumne,109,53932,0,0,0,0,0
2020-03-02,Ventura,111,848112,10,0,0,0,0
2020-03-02,Yolo,113,214977,1,0,0,0,0
2020-03-02,Yuba,115,75493,0,0,0,0,0
2020-03-01,Alameda,001,1643700,21,1,0,1,0
2020-03-01,Alpine,003,1148,0,0,0,0,0
2020-03-01,Amador,005,37829,0,0,0,0,0
2020-03-01,Butte,007,227075,0,0,0,0,0
2020-03-01,Calaveras,009,45235,0,0,0,0,0
2020-03-01,Colusa,011,21464,0,0,0,0,0
2020-03-01,Contra Costa,013,1133247,24,0,0,0,0
2020-03-01,Del Norte,015,27424,0,0,0,0,0
2020-03-01,El Dorado,017,186661,1,0,0,0,0
2020-03-01,Fresno,019,978130,1,0,1,1,0
2020-03-01,Glenn,021,27897,0,0,0,0,0
2020-03-01,Humboldt,023,135768,1,1,0,1,0
2020-03-01,Imperial,025,180216,2,0,0,0,0
2020-03-01,Inyo,027,18085,0,0,0,0,0
2020-03-01,Kern,029,883053,2,0,0,0,0
2020-03-01,Kings,031,150075,3,0,1,1,0
2020-03-01,Lake,033,64148,0,0,0,0,0
2020-03-01,Lassen,035,31185,0,0,0,0,0
2020-03-01,Los Angeles,037,10098052,138,1,6,7,0
2020-03-01,Madera,039,155013,2,0,0,0,0
2020-03-01,Marin,041,260295,5,0,0,0,0
2020-03-01,Mariposa,043,17540,0,0,0,0,0
2020-03-01,Mendocino,045,87422,0,0,0,0,0
2020-03-01,Merced,047,269075,1,0,0,0,0
2020-03-01,Modoc,049,8938,0,0,0,0,0
2020-03-01,Mono,051,14174,1,0,0,0,0
2020-03-01,Monterey,053,433212,1,0,0,0,0
2020-03-01,Napa,055,140530,1,0,0,0,0
2020-03-01,Nevada,057,99092,0,0,1,1,0
2020-03-01,Orange,059,3164182,60,1,0,1,0
2020-03-01,Placer,061,380077,8,0,0,0,0
2020-03-01,Plumas,063,18699,0,0,0,0,0
2020-03-01,Riverside,065,2383286,18,0,1,1,0
2020-03-01,Sacramento,067,1510023,21,1,0,1,0
2020-03-01,San Benito,069,59416,0,2,0,2,0
2020-03-01,San Bernardino,071,2135413,27,0,0,0,0
2020-03-01,San Diego,073,3302833,19,2,0,2,0
2020-03-01,San Francisco,075,870044,13,0,0,0,0
2020-03-01,San Joaquin,077,732212,7,0,3,3,0
2020-03-01,San Luis Obispo,079,281455,2,0,0,0,0
2020-03-01,San Mateo,081,765935,36,0,0,0,0
2020-03-01,Santa Barbara,083,443738,1,0,0,0,0
2020-03-01,Santa Clara,085,1922200,97,6,1,7,0
2020-03-01,Santa Cruz,087,273765,8,0,0,0,0
2020-03-01,Shasta,089,179085,2,0,0,0,0
2020-03-01,Sierra,091,2930,0,0,0,0,0
2020-03-01,Siskiyou,093,43540,0,0,0,0,0
2020-03-01,Solano,095,438530,19,24,0,24,0
2020-03-01,Sonoma,097,501317,9,0,0,0,0
2020-03-01,Stanislaus,099,539301,2,0,2,2,0
2020-03-01,Sutter,101,95872,0,0,0,0,0
2020-03-01,Tehama,103,63373,0,0,0,0,0
2020-03-01,Trinity,105,12862,0,0,0,0,0
2020-03-01,Tulare,107,460477,6,0,0,0,0
2020-03-01,Tuolumne,109,53932,0,0,0,0,0
2020-03-01,Ventura,111,848112,8,0,0,0,0
2020-03-01,Yolo,113,214977,1,0,0,0,0
2020-03-01,Yuba,115,75493,0,0,0,0,0
2020-02-29,Alameda,001,1643700,17,0,0,0,0
2020-02-29,Alpine,003,1148,0,0,0,0,0
2020-02-29,Amador,005,37829,0,0,0,0,0
2020-02-29,Butte,007,227075,0,0,0,0,0
2020-02-29,Calaveras,009,45235,0,0,0,0,0
2020-02-29,Colusa,011,21464,0,0,0,0,0
2020-02-29,Contra Costa,013,1133247,20,0,0,0,0
2020-02-29,Del Norte,015,27424,0,0,0,0,0
2020-02-29,El Dorado,017,186661,1,0,0,0,0
2020-02-29,Fresno,019,978130,1,0,0,0,0
2020-02-29,Glenn,021,27897,0,0,0,0,0
2020-02-29,Humboldt,023,135768,1,1,0,1,0
2020-02-29,Imperial,025,180216,1,0,0,0,0
2020-02-29,Inyo,027,18085,0,0,0,0,0
2020-02-29,Kern,029,883053,2,0,0,0,0
2020-02-29,Kings,031,150075,3,0,1,1,0
2020-02-29,Lake,033,64148,0,0,0,0,0
2020-02-29,Lassen,035,31185,0,0,0,0,0
2020-02-29,Los Angeles,037,10098052,110,1,6,7,0
2020-02-29,Madera,039,155013,2,0,0,0,0
2020-02-29,Marin,041,260295,4,0,0,0,0
2020-02-29,Mariposa,043,17540,0,0,0,0,0
2020-02-29,Mendocino,045,87422,0,0,0,0,0
2020-02-29,Merced,047,269075,1,0,0,0,0
2020-02-29,Modoc,049,8938,0,0,0,0,0
2020-02-29,Mono,051,14174,1,0,0,0,0
2020-02-29,Monterey,053,433212,1,0,0,0,0
2020-02-29,Napa,055,140530,1,0,0,0,0
2020-02-29,Nevada,057,99092,0,0,1,1,0
2020-02-29,Orange,059,3164182,55,1,0,1,0
2020-02-29,Placer,061,380077,7,0,0,0,0
2020-02-29,Plumas,063,18699,0,0,0,0,0
2020-02-29,Riverside,065,2383286,15,0,1,1,0
2020-02-29,Sacramento,067,1510023,16,1,0,1,0
2020-02-29,San Benito,069,59416,0,2,0,2,0
2020-02-29,San Bernardino,071,2135413,25,0,0,0,0
2020-02-29,San Diego,073,3302833,14,2,0,2,0
2020-02-29,San Francisco,075,870044,12,0,0,0,0
2020-02-29,San Joaquin,077,732212,6,0,3,3,0
2020-02-29,San Luis Obispo,079,281455,2,0,0,0,0
2020-02-29,San Mateo,081,765935,29,0,0,0,0
2020-02-29,Santa Barbara,083,443738,0,0,0,0,0
2020-02-29,Santa Clara,085,1922200,75,3,1,4,0
2020-02-29,Santa Cruz,087,273765,8,0,0,0,0
2020-02-29,Shasta,089,179085,2,0,0,0,0
2020-02-29,Sierra,091,2930,0,0,0,0,0
2020-02-29,Siskiyou,093,43540,0,0,0,0,0
2020-02-29,Solano,095,438530,18,23,0,23,0
2020-02-29,Sonoma,097,501317,6,0,0,0,0
2020-02-29,Stanislaus,099,539301,2,0,2,2,0
2020-02-29,Sutter,101,95872,0,0,0,0,0
2020-02-29,Tehama,103,63373,0,0,0,0,0
2020-02-29,Trinity,105,12862,0,0,0,0,0
2020-02-29,Tulare,107,460477,4,0,0,0,0
2020-02-29,Tuolumne,109,53932,0,0,0,0,0
2020-02-29,Ventura,111,848112,6,0,0,0,0
2020-02-29,Yolo,113,214977,1,0,0,0,0
2020-02-29,Yuba,115,75493,0,0,0,0,0
2020-02-28,Alameda,001,1643700,15,0,0,0,0
2020-02-28,Alpine,003,1148,0,0,0,0,0
2020-02-28,Amador,005,37829,0,0,0,0,0
2020-02-28,Butte,007,227075,0,0,0,0,0
2020-02-28,Calaveras,009,45235,0,0,0,0,0
2020-02-28,Colusa,011,21464,0,0,0,0,0
2020-02-28,Contra Costa,013,1133247,20,0,0,0,0
2020-02-28,Del Norte,015,27424,0,0,0,0,0
2020-02-28,El Dorado,017,186661,0,0,0,0,0
2020-02-28,Fresno,019,978130,1,0,0,0,0
2020-02-28,Glenn,021,27897,0,0,0,0,0
2020-02-28,Humboldt,023,135768,1,1,0,1,0
2020-02-28,Imperial,025,180216,1,0,0,0,0
2020-02-28,Inyo,027,18085,0,0,0,0,0
2020-02-28,Kern,029,883053,2,0,0,0,0
2020-02-28,Kings,031,150075,3,0,1,1,0
2020-02-28,Lake,033,64148,0,0,0,0,0
2020-02-28,Lassen,035,31185,0,0,0,0,0
2020-02-28,Los Angeles,037,10098052,102,1,6,7,0
2020-02-28,Madera,039,155013,2,0,0,0,0
2020-02-28,Marin,041,260295,2,0,0,0,0
2020-02-28,Mariposa,043,17540,0,0,0,0,0
2020-02-28,Mendocino,045,87422,0,0,0,0,0
2020-02-28,Merced,047,269075,1,0,0,0,0
2020-02-28,Modoc,049,8938,0,0,0,0,0
2020-02-28,Mono,051,14174,0,0,0,0,0
2020-02-28,Monterey,053,433212,1,0,0,0,0
2020-02-28,Napa,055,140530,1,0,0,0,0
2020-02-28,Nevada,057,99092,0,0,1,1,0
2020-02-28,Orange,059,3164182,53,1,0,1,0
2020-02-28,Placer,061,380077,7,0,0,0,0
2020-02-28,Plumas,063,18699,0,0,0,0,0
2020-02-28,Riverside,065,2383286,13,0,1,1,0
2020-02-28,Sacramento,067,1510023,10,1,0,1,0
2020-02-28,San Benito,069,59416,0,2,0,2,0
2020-02-28,San Bernardino,071,2135413,25,0,0,0,0
2020-02-28,San Diego,073,3302833,11,2,0,2,0
2020-02-28,San Francisco,075,870044,10,0,0,0,0
2020-02-28,San Joaquin,077,732212,6,0,3,3,0
2020-02-28,San Luis Obispo,079,281455,2,0,0,0,0
2020-02-28,San Mateo,081,765935,24,0,0,0,0
2020-02-28,Santa Barbara,083,443738,0,0,0,0,0
2020-02-28,Santa Clara,085,1922200,70,3,1,4,0
2020-02-28,Santa Cruz,087,273765,8,0,0,0,0
2020-02-28,Shasta,089,179085,2,0,0,0,0
2020-02-28,Sierra,091,2930,0,0,0,0,0
2020-02-28,Siskiyou,093,43540,0,0,0,0,0
2020-02-28,Solano,095,438530,17,23,0,23,0
2020-02-28,Sonoma,097,501317,6,0,0,0,0
2020-02-28,Stanislaus,099,539301,2,0,2,2,0
2020-02-28,Sutter,101,95872,0,0,0,0,0
2020-02-28,Tehama,103,63373,0,0,0,0,0
2020-02-28,Trinity,105,12862,0,0,0,0,0
2020-02-28,Tulare,107,460477,3,0,0,0,0
2020-02-28,Tuolumne,109,53932,0,0,0,0,0
2020-02-28,Ventura,111,848112,6,0,0,0,0
2020-02-28,Yolo,113,214977,1,0,0,0,0
2020-02-28,Yuba,115,75493,0,0,0,0,0
2020-02-27,Alameda,001,1643700,14,0,0,0,0
2020-02-27,Alpine,003,1148,0,0,0,0,0
2020-02-27,Amador,005,37829,0,0,0,0,0
2020-02-27,Butte,007,227075,0,0,0,0,0
2020-02-27,Calaveras,009,45235,0,0,0,0,0
2020-02-27,Colusa,011,21464,0,0,0,0,0
2020-02-27,Contra Costa,013,1133247,14,0,0,0,0
2020-02-27,Del Norte,015,27424,0,0,0,0,0
2020-02-27,El Dorado,017,186661,0,0,0,0,0
2020-02-27,Fresno,019,978130,1,0,0,0,0
2020-02-27,Glenn,021,27897,0,0,0,0,0
2020-02-27,Humboldt,023,135768,1,1,0,1,0
2020-02-27,Imperial,025,180216,1,0,0,0,0
2020-02-27,Inyo,027,18085,0,0,0,0,0
2020-02-27,Kern,029,883053,2,0,0,0,0
2020-02-27,Kings,031,150075,3,0,1,1,0
2020-02-27,Lake,033,64148,0,0,0,0,0
2020-02-27,Lassen,035,31185,0,0,0,0,0
2020-02-27,Los Angeles,037,10098052,94,1,6,7,0
2020-02-27,Madera,039,155013,2,0,0,0,0
2020-02-27,Marin,041,260295,1,0,0,0,0
2020-02-27,Mariposa,043,17540,0,0,0,0,0
2020-02-27,Mendocino,045,87422,0,0,0,0,0
2020-02-27,Merced,047,269075,1,0,0,0,0
2020-02-27,Modoc,049,8938,0,0,0,0,0
2020-02-27,Mono,051,14174,0,0,0,0,0
2020-02-27,Monterey,053,433212,1,0,0,0,0
2020-02-27,Napa,055,140530,1,0,0,0,0
2020-02-27,Nevada,057,99092,0,0,1,1,0
2020-02-27,Orange,059,3164182,47,1,0,1,0
2020-02-27,Placer,061,380077,6,0,0,0,0
2020-02-27,Plumas,063,18699,0,0,0,0,0
2020-02-27,Riverside,065,2383286,12,0,1,1,0
2020-02-27,Sacramento,067,1510023,10,1,0,1,0
2020-02-27,San Benito,069,59416,0,2,0,2,0
2020-02-27,San Bernardino,071,2135413,25,0,0,0,0
2020-02-27,San Diego,073,3302833,10,2,0,2,0
2020-02-27,San Francisco,075,870044,9,0,0,0,0
2020-02-27,San Joaquin,077,732212,5,0,3,3,0
2020-02-27,San Luis Obispo,079,281455,2,0,0,0,0
2020-02-27,San Mateo,081,765935,20,0,0,0,0
2020-02-27,Santa Barbara,083,443738,0,0,0,0,0
2020-02-27,Santa Clara,085,1922200,59,2,1,3,0
2020-02-27,Santa Cruz,087,273765,6,0,0,0,0
2020-02-27,Shasta,089,179085,0,0,0,0,0
2020-02-27,Sierra,091,2930,0,0,0,0,0
2020-02-27,Siskiyou,093,43540,0,0,0,0,0
2020-02-27,Solano,095,438530,17,23,0,23,0
2020-02-27,Sonoma,097,501317,5,0,0,0,0
2020-02-27,Stanislaus,099,539301,2,0,2,2,0
2020-02-27,Sutter,101,95872,0,0,0,0,0
2020-02-27,Tehama,103,63373,0,0,0,0,0
2020-02-27,Trinity,105,12862,0,0,0,0,0
2020-02-27,Tulare,107,460477,3,0,0,0,0
2020-02-27,Tuolumne,109,53932,0,0,0,0,0
2020-02-27,Ventura,111,848112,4,0,0,0,0
2020-02-27,Yolo,113,214977,1,0,0,0,0
2020-02-27,Yuba,115,75493,0,0,0,0,0
2020-02-26,Alameda,001,1643700,14,0,0,0,0
2020-02-26,Alpine,003,1148,0,0,0,0,0
2020-02-26,Amador,005,37829,0,0,0,0,0
2020-02-26,Butte,007,227075,0,0,0,0,0
2020-02-26,Calaveras,009,45235,0,0,0,0,0
2020-02-26,Colusa,011,21464,0,0,0,0,0
2020-02-26,Contra Costa,013,1133247,13,0,0,0,0
2020-02-26,Del Norte,015,27424,0,0,0,0,0
2020-02-26,El Dorado,017,186661,0,0,0,0,0
2020-02-26,Fresno,019,978130,1,0,0,0,0
2020-02-26,Glenn,021,27897,0,0,0,0,0
2020-02-26,Humboldt,023,135768,1,1,0,1,0
2020-02-26,Imperial,025,180216,1,0,0,0,0
2020-02-26,Inyo,027,18085,0,0,0,0,0
2020-02-26,Kern,029,883053,2,0,0,0,0
2020-02-26,Kings,031,150075,3,0,1,1,0
2020-02-26,Lake,033,64148,0,0,0,0,0
2020-02-26,Lassen,035,31185,0,0,0,0,0
2020-02-26,Los Angeles,037,10098052,88,1,6,7,0
2020-02-26,Madera,039,155013,2,0,0,0,0
2020-02-26,Marin,041,260295,1,0,0,0,0
2020-02-26,Mariposa,043,17540,0,0,0,0,0
2020-02-26,Mendocino,045,87422,0,0,0,0,0
2020-02-26,Merced,047,269075,1,0,0,0,0
2020-02-26,Modoc,049,8938,0,0,0,0,0
2020-02-26,Mono,051,14174,0,0,0,0,0
2020-02-26,Monterey,053,433212,1,0,0,0,0
2020-02-26,Napa,055,140530,0,0,0,0,0
2020-02-26,Nevada,057,99092,0,0,1,1,0
2020-02-26,Orange,059,3164182,46,1,0,1,0
2020-02-26,Placer,061,380077,5,0,0,0,0
2020-02-26,Plumas,063,18699,0,0,0,0,0
2020-02-26,Riverside,065,2383286,10,0,1,1,0
2020-02-26,Sacramento,067,1510023,10,1,0,1,0
2020-02-26,San Benito,069,59416,0,2,0,2,0
2020-02-26,San Bernardino,071,2135413,23,0,0,0,0
2020-02-26,San Diego,073,3302833,9,2,0,2,0
2020-02-26,San Francisco,075,870044,9,0,0,0,0
2020-02-26,San Joaquin,077,732212,5,0,3,3,0
2020-02-26,San Luis Obispo,079,281455,2,0,0,0,0
2020-02-26,San Mateo,081,765935,18,0,0,0,0
2020-02-26,Santa Barbara,083,443738,0,0,0,0,0
2020-02-26,Santa Clara,085,1922200,50,2,1,3,0
2020-02-26,Santa Cruz,087,273765,6,0,0,0,0
2020-02-26,Shasta,089,179085,0,0,0,0,0
2020-02-26,Sierra,091,2930,0,0,0,0,0
2020-02-26,Siskiyou,093,43540,0,0,0,0,0
2020-02-26,Solano,095,438530,17,23,0,23,0
2020-02-26,Sonoma,097,501317,5,0,0,0,0
2020-02-26,Stanislaus,099,539301,2,0,2,2,0
2020-02-26,Sutter,101,95872,0,0,0,0,0
2020-02-26,Tehama,103,63373,0,0,0,0,0
2020-02-26,Trinity,105,12862,0,0,0,0,0
2020-02-26,Tulare,107,460477,3,0,0,0,0
2020-02-26,Tuolumne,109,53932,0,0,0,0,0
2020-02-26,Ventura,111,848112,4,0,0,0,0
2020-02-26,Yolo,113,214977,1,0,0,0,0
2020-02-26,Yuba,115,75493,0,0,0,0,0
2020-02-25,Alameda,001,1643700,14,0,0,0,0
2020-02-25,Alpine,003,1148,0,0,0,0,0
2020-02-25,Amador,005,37829,0,0,0,0,0
2020-02-25,Butte,007,227075,0,0,0,0,0
2020-02-25,Calaveras,009,45235,0,0,0,0,0
2020-02-25,Colusa,011,21464,0,0,0,0,0
2020-02-25,Contra Costa,013,1133247,11,0,0,0,0
2020-02-25,Del Norte,015,27424,0,0,0,0,0
2020-02-25,El Dorado,017,186661,0,0,0,0,0
2020-02-25,Fresno,019,978130,1,0,0,0,0
2020-02-25,Glenn,021,27897,0,0,0,0,0
2020-02-25,Humboldt,023,135768,1,1,0,1,0
2020-02-25,Imperial,025,180216,1,0,0,0,0
2020-02-25,Inyo,027,18085,0,0,0,0,0
2020-02-25,Kern,029,883053,2,0,0,0,0
2020-02-25,Kings,031,150075,3,0,1,1,0
2020-02-25,Lake,033,64148,0,0,0,0,0
2020-02-25,Lassen,035,31185,0,0,0,0,0
2020-02-25,Los Angeles,037,10098052,76,1,6,7,0
2020-02-25,Madera,039,155013,2,0,0,0,0
2020-02-25,Marin,041,260295,1,0,0,0,0
2020-02-25,Mariposa,043,17540,0,0,0,0,0
2020-02-25,Mendocino,045,87422,0,0,0,0,0
2020-02-25,Merced,047,269075,0,0,0,0,0
2020-02-25,Modoc,049,8938,0,0,0,0,0
2020-02-25,Mono,051,14174,0,0,0,0,0
2020-02-25,Monterey,053,433212,1,0,0,0,0
2020-02-25,Napa,055,140530,0,0,0,0,0
2020-02-25,Nevada,057,99092,0,0,1,1,0
2020-02-25,Orange,059,3164182,45,1,0,1,0
2020-02-25,Placer,061,380077,5,0,0,0,0
2020-02-25,Plumas,063,18699,0,0,0,0,0
2020-02-25,Riverside,065,2383286,10,0,1,1,0
2020-02-25,Sacramento,067,1510023,8,1,0,1,0
2020-02-25,San Benito,069,59416,0,2,0,2,0
2020-02-25,San Bernardino,071,2135413,21,0,0,0,0
2020-02-25,San Diego,073,3302833,5,2,0,2,0
2020-02-25,San Francisco,075,870044,7,0,0,0,0
2020-02-25,San Joaquin,077,732212,5,0,2,2,0
2020-02-25,San Luis Obispo,079,281455,2,0,0,0,0
2020-02-25,San Mateo,081,765935,17,0,0,0,0
2020-02-25,Santa Barbara,083,443738,0,0,0,0,0
2020-02-25,Santa Clara,085,1922200,40,2,1,3,0
2020-02-25,Santa Cruz,087,273765,5,0,0,0,0
2020-02-25,Shasta,089,179085,0,0,0,0,0
2020-02-25,Sierra,091,2930,0,0,0,0,0
2020-02-25,Siskiyou,093,43540,0,0,0,0,0
2020-02-25,Solano,095,438530,16,21,0,21,0
2020-02-25,Sonoma,097,501317,5,0,0,0,0
2020-02-25,Stanislaus,099,539301,2,0,2,2,0
2020-02-25,Sutter,101,95872,0,0,0,0,0
2020-02-25,Tehama,103,63373,0,0,0,0,0
2020-02-25,Trinity,105,12862,0,0,0,0,0
2020-02-25,Tulare,107,460477,3,0,0,0,0
2020-02-25,Tuolumne,109,53932,0,0,0,0,0
2020-02-25,Ventura,111,848112,4,0,0,0,0
2020-02-25,Yolo,113,214977,1,0,0,0,0
2020-02-25,Yuba,115,75493,0,0,0,0,0
2020-02-24,Alameda,001,1643700,14,0,0,0,0
2020-02-24,Alpine,003,1148,0,0,0,0,0
2020-02-24,Amador,005,37829,0,0,0,0,0
2020-02-24,Butte,007,227075,0,0,0,0,0
2020-02-24,Calaveras,009,45235,0,0,0,0,0
2020-02-24,Colusa,011,21464,0,0,0,0,0
2020-02-24,Contra Costa,013,1133247,9,0,0,0,0
2020-02-24,Del Norte,015,27424,0,0,0,0,0
2020-02-24,El Dorado,017,186661,0,0,0,0,0
2020-02-24,Fresno,019,978130,1,0,0,0,0
2020-02-24,Glenn,021,27897,0,0,0,0,0
2020-02-24,Humboldt,023,135768,1,1,0,1,0
2020-02-24,Imperial,025,180216,1,0,0,0,0
2020-02-24,Inyo,027,18085,0,0,0,0,0
2020-02-24,Kern,029,883053,2,0,0,0,0
2020-02-24,Kings,031,150075,3,0,1,1,0
2020-02-24,Lake,033,64148,0,0,0,0,0
2020-02-24,Lassen,035,31185,0,0,0,0,0
2020-02-24,Los Angeles,037,10098052,70,1,6,7,0
2020-02-24,Madera,039,155013,1,0,0,0,0
2020-02-24,Marin,041,260295,1,0,0,0,0
2020-02-24,Mariposa,043,17540,0,0,0,0,0
2020-02-24,Mendocino,045,87422,0,0,0,0,0
2020-02-24,Merced,047,269075,0,0,0,0,0
2020-02-24,Modoc,049,8938,0,0,0,0,0
2020-02-24,Mono,051,14174,0,0,0,0,0
2020-02-24,Monterey,053,433212,1,0,0,0,0
2020-02-24,Napa,055,140530,0,0,0,0,0
2020-02-24,Nevada,057,99092,0,0,1,1,0
2020-02-24,Orange,059,3164182,43,1,0,1,0
2020-02-24,Placer,061,380077,3,0,0,0,0
2020-02-24,Plumas,063,18699,0,0,0,0,0
2020-02-24,Riverside,065,2383286,9,0,1,1,0
2020-02-24,Sacramento,067,1510023,7,1,0,1,0
2020-02-24,San Benito,069,59416,0,2,0,2,0
2020-02-24,San Bernardino,071,2135413,21,0,0,0,0
2020-02-24,San Diego,073,3302833,5,2,0,2,0
2020-02-24,San Francisco,075,870044,6,0,0,0,0
2020-02-24,San Joaquin,077,732212,5,0,1,1,0
2020-02-24,San Luis Obispo,079,281455,2,0,0,0,0
2020-02-24,San Mateo,081,765935,13,0,0,0,0
2020-02-24,Santa Barbara,083,443738,0,0,0,0,0
2020-02-24,Santa Clara,085,1922200,38,2,1,3,0
2020-02-24,Santa Cruz,087,273765,5,0,0,0,0
2020-02-24,Shasta,089,179085,0,0,0,0,0
2020-02-24,Sierra,091,2930,0,0,0,0,0
2020-02-24,Siskiyou,093,43540,0,0,0,0,0
2020-02-24,Solano,095,438530,13,15,0,15,0
2020-02-24,Sonoma,097,501317,5,0,0,0,0
2020-02-24,Stanislaus,099,539301,2,0,2,2,0
2020-02-24,Sutter,101,95872,0,0,0,0,0
2020-02-24,Tehama,103,63373,0,0,0,0,0
2020-02-24,Trinity,105,12862,0,0,0,0,0
2020-02-24,Tulare,107,460477,3,0,0,0,0
2020-02-24,Tuolumne,109,53932,0,0,0,0,0
2020-02-24,Ventura,111,848112,4,0,0,0,0
2020-02-24,Yolo,113,214977,1,0,0,0,0
2020-02-24,Yuba,115,75493,0,0,0,0,0
2020-02-23,Alameda,001,1643700,12,0,0,0,0
2020-02-23,Alpine,003,1148,0,0,0,0,0
2020-02-23,Amador,005,37829,0,0,0,0,0
2020-02-23,Butte,007,227075,0,0,0,0,0
2020-02-23,Calaveras,009,45235,0,0,0,0,0
2020-02-23,Colusa,011,21464,0,0,0,0,0
2020-02-23,Contra Costa,013,1133247,6,0,0,0,0
2020-02-23,Del Norte,015,27424,0,0,0,0,0
2020-02-23,El Dorado,017,186661,0,0,0,0,0
2020-02-23,Fresno,019,978130,1,0,0,0,0
2020-02-23,Glenn,021,27897,0,0,0,0,0
2020-02-23,Humboldt,023,135768,1,1,0,1,0
2020-02-23,Imperial,025,180216,1,0,0,0,0
2020-02-23,Inyo,027,18085,0,0,0,0,0
2020-02-23,Kern,029,883053,2,0,0,0,0
2020-02-23,Kings,031,150075,3,0,1,1,0
2020-02-23,Lake,033,64148,0,0,0,0,0
2020-02-23,Lassen,035,31185,0,0,0,0,0
2020-02-23,Los Angeles,037,10098052,62,1,6,7,0
2020-02-23,Madera,039,155013,1,0,0,0,0
2020-02-23,Marin,041,260295,1,0,0,0,0
2020-02-23,Mariposa,043,17540,0,0,0,0,0
2020-02-23,Mendocino,045,87422,0,0,0,0,0
2020-02-23,Merced,047,269075,0,0,0,0,0
2020-02-23,Modoc,049,8938,0,0,0,0,0
2020-02-23,Mono,051,14174,0,0,0,0,0
2020-02-23,Monterey,053,433212,1,0,0,0,0
2020-02-23,Napa,055,140530,0,0,0,0,0
2020-02-23,Nevada,057,99092,0,0,1,1,0
2020-02-23,Orange,059,3164182,43,1,0,1,0
2020-02-23,Placer,061,380077,3,0,0,0,0
2020-02-23,Plumas,063,18699,0,0,0,0,0
2020-02-23,Riverside,065,2383286,9,0,0,0,0
2020-02-23,Sacramento,067,1510023,6,1,0,1,0
2020-02-23,San Benito,069,59416,0,2,0,2,0
2020-02-23,San Bernardino,071,2135413,20,0,0,0,0
2020-02-23,San Diego,073,3302833,4,2,0,2,0
2020-02-23,San Francisco,075,870044,5,0,0,0,0
2020-02-23,San Joaquin,077,732212,4,0,1,1,0
2020-02-23,San Luis Obispo,079,281455,2,0,0,0,0
2020-02-23,San Mateo,081,765935,10,0,0,0,0
2020-02-23,Santa Barbara,083,443738,0,0,0,0,0
2020-02-23,Santa Clara,085,1922200,26,2,1,3,0
2020-02-23,Santa Cruz,087,273765,2,0,0,0,0
2020-02-23,Shasta,089,179085,0,0,0,0,0
2020-02-23,Sierra,091,2930,0,0,0,0,0
2020-02-23,Siskiyou,093,43540,0,0,0,0,0
2020-02-23,Solano,095,438530,11,15,0,15,0
2020-02-23,Sonoma,097,501317,5,0,0,0,0
2020-02-23,Stanislaus,099,539301,2,0,2,2,0
2020-02-23,Sutter,101,95872,0,0,0,0,0
2020-02-23,Tehama,103,63373,0,0,0,0,0
2020-02-23,Trinity,105,12862,0,0,0,0,0
2020-02-23,Tulare,107,460477,2,0,0,0,0
2020-02-23,Tuolumne,109,53932,0,0,0,0,0
2020-02-23,Ventura,111,848112,4,0,0,0,0
2020-02-23,Yolo,113,214977,1,0,0,0,0
2020-02-23,Yuba,115,75493,0,0,0,0,0
2020-02-22,Alameda,001,1643700,11,0,0,0,0
2020-02-22,Alpine,003,1148,0,0,0,0,0
2020-02-22,Amador,005,37829,0,0,0,0,0
2020-02-22,Butte,007,227075,0,0,0,0,0
2020-02-22,Calaveras,009,45235,0,0,0,0,0
2020-02-22,Colusa,011,21464,0,0,0,0,0
2020-02-22,Contra Costa,013,1133247,5,0,0,0,0
2020-02-22,Del Norte,015,27424,0,0,0,0,0
2020-02-22,El Dorado,017,186661,0,0,0,0,0
2020-02-22,Fresno,019,978130,1,0,0,0,0
2020-02-22,Glenn,021,27897,0,0,0,0,0
2020-02-22,Humboldt,023,135768,1,1,0,1,0
2020-02-22,Imperial,025,180216,0,0,0,0,0
2020-02-22,Inyo,027,18085,0,0,0,0,0
2020-02-22,Kern,029,883053,2,0,0,0,0
2020-02-22,Kings,031,150075,3,0,1,1,0
2020-02-22,Lake,033,64148,0,0,0,0,0
2020-02-22,Lassen,035,31185,0,0,0,0,0
2020-02-22,Los Angeles,037,10098052,60,1,6,7,0
2020-02-22,Madera,039,155013,0,0,0,0,0
2020-02-22,Marin,041,260295,1,0,0,0,0
2020-02-22,Mariposa,043,17540,0,0,0,0,0
2020-02-22,Mendocino,045,87422,0,0,0,0,0
2020-02-22,Merced,047,269075,0,0,0,0,0
2020-02-22,Modoc,049,8938,0,0,0,0,0
2020-02-22,Mono,051,14174,0,0,0,0,0
2020-02-22,Monterey,053,433212,1,0,0,0,0
2020-02-22,Napa,055,140530,0,0,0,0,0
2020-02-22,Nevada,057,99092,0,0,1,1,0
2020-02-22,Orange,059,3164182,42,1,0,1,0
2020-02-22,Placer,061,380077,3,0,0,0,0
2020-02-22,Plumas,063,18699,0,0,0,0,0
2020-02-22,Riverside,065,2383286,9,0,0,0,0
2020-02-22,Sacramento,067,1510023,6,1,0,1,0
2020-02-22,San Benito,069,59416,0,2,0,2,0
2020-02-22,San Bernardino,071,2135413,18,0,0,0,0
2020-02-22,San Diego,073,3302833,3,2,0,2,0
2020-02-22,San Francisco,075,870044,3,0,0,0,0
2020-02-22,San Joaquin,077,732212,4,0,1,1,0
2020-02-22,San Luis Obispo,079,281455,2,0,0,0,0
2020-02-22,San Mateo,081,765935,8,0,0,0,0
2020-02-22,Santa Barbara,083,443738,0,0,0,0,0
2020-02-22,Santa Clara,085,1922200,23,2,1,3,0
2020-02-22,Santa Cruz,087,273765,2,0,0,0,0
2020-02-22,Shasta,089,179085,0,0,0,0,0
2020-02-22,Sierra,091,2930,0,0,0,0,0
2020-02-22,Siskiyou,093,43540,0,0,0,0,0
2020-02-22,Solano,095,438530,11,11,0,11,0
2020-02-22,Sonoma,097,501317,4,0,0,0,0
2020-02-22,Stanislaus,099,539301,2,0,2,2,0
2020-02-22,Sutter,101,95872,0,0,0,0,0
2020-02-22,Tehama,103,63373,0,0,0,0,0
2020-02-22,Trinity,105,12862,0,0,0,0,0
2020-02-22,Tulare,107,460477,2,0,0,0,0
2020-02-22,Tuolumne,109,53932,0,0,0,0,0
2020-02-22,Ventura,111,848112,4,0,0,0,0
2020-02-22,Yolo,113,214977,0,0,0,0,0
2020-02-22,Yuba,115,75493,0,0,0,0,0
2020-02-21,Alameda,001,1643700,10,0,0,0,0
2020-02-21,Alpine,003,1148,0,0,0,0,0
2020-02-21,Amador,005,37829,0,0,0,0,0
2020-02-21,Butte,007,227075,0,0,0,0,0
2020-02-21,Calaveras,009,45235,0,0,0,0,0
2020-02-21,Colusa,011,21464,0,0,0,0,0
2020-02-21,Contra Costa,013,1133247,4,0,0,0,0
2020-02-21,Del Norte,015,27424,0,0,0,0,0
2020-02-21,El Dorado,017,186661,0,0,0,0,0
2020-02-21,Fresno,019,978130,1,0,0,0,0
2020-02-21,Glenn,021,27897,0,0,0,0,0
2020-02-21,Humboldt,023,135768,1,1,0,1,0
2020-02-21,Imperial,025,180216,0,0,0,0,0
2020-02-21,Inyo,027,18085,0,0,0,0,0
2020-02-21,Kern,029,883053,2,0,0,0,0
2020-02-21,Kings,031,150075,3,0,1,1,0
2020-02-21,Lake,033,64148,0,0,0,0,0
2020-02-21,Lassen,035,31185,0,0,0,0,0
2020-02-21,Los Angeles,037,10098052,56,1,6,7,0
2020-02-21,Madera,039,155013,0,0,0,0,0
2020-02-21,Marin,041,260295,1,0,0,0,0
2020-02-21,Mariposa,043,17540,0,0,0,0,0
2020-02-21,Mendocino,045,87422,0,0,0,0,0
2020-02-21,Merced,047,269075,0,0,0,0,0
2020-02-21,Modoc,049,8938,0,0,0,0,0
2020-02-21,Mono,051,14174,0,0,0,0,0
2020-02-21,Monterey,053,433212,1,0,0,0,0
2020-02-21,Napa,055,140530,0,0,0,0,0
2020-02-21,Nevada,057,99092,0,0,1,1,0
2020-02-21,Orange,059,3164182,40,1,0,1,0
2020-02-21,Placer,061,380077,2,0,0,0,0
2020-02-21,Plumas,063,18699,0,0,0,0,0
2020-02-21,Riverside,065,2383286,9,0,0,0,0
2020-02-21,Sacramento,067,1510023,5,1,0,1,0
2020-02-21,San Benito,069,59416,0,2,0,2,0
2020-02-21,San Bernardino,071,2135413,17,0,0,0,0
2020-02-21,San Diego,073,3302833,3,2,0,2,0
2020-02-21,San Francisco,075,870044,3,0,0,0,0
2020-02-21,San Joaquin,077,732212,2,0,1,1,0
2020-02-21,San Luis Obispo,079,281455,2,0,0,0,0
2020-02-21,San Mateo,081,765935,8,0,0,0,0
2020-02-21,Santa Barbara,083,443738,0,0,0,0,0
2020-02-21,Santa Clara,085,1922200,21,2,1,3,0
2020-02-21,Santa Cruz,087,273765,2,0,0,0,0
2020-02-21,Shasta,089,179085,0,0,0,0,0
2020-02-21,Sierra,091,2930,0,0,0,0,0
2020-02-21,Siskiyou,093,43540,0,0,0,0,0
2020-02-21,Solano,095,438530,10,11,0,11,0
2020-02-21,Sonoma,097,501317,3,0,0,0,0
2020-02-21,Stanislaus,099,539301,2,0,2,2,0
2020-02-21,Sutter,101,95872,0,0,0,0,0
2020-02-21,Tehama,103,63373,0,0,0,0,0
2020-02-21,Trinity,105,12862,0,0,0,0,0
2020-02-21,Tulare,107,460477,2,0,0,0,0
2020-02-21,Tuolumne,109,53932,0,0,0,0,0
2020-02-21,Ventura,111,848112,4,0,0,0,0
2020-02-21,Yolo,113,214977,0,0,0,0,0
2020-02-21,Yuba,115,75493,0,0,0,0,0
2020-02-20,Alameda,001,1643700,8,0,0,0,0
2020-02-20,Alpine,003,1148,0,0,0,0,0
2020-02-20,Amador,005,37829,0,0,0,0,0
2020-02-20,Butte,007,227075,0,0,0,0,0
2020-02-20,Calaveras,009,45235,0,0,0,0,0
2020-02-20,Colusa,011,21464,0,0,0,0,0
2020-02-20,Contra Costa,013,1133247,3,0,0,0,0
2020-02-20,Del Norte,015,27424,0,0,0,0,0
2020-02-20,El Dorado,017,186661,0,0,0,0,0
2020-02-20,Fresno,019,978130,1,0,0,0,0
2020-02-20,Glenn,021,27897,0,0,0,0,0
2020-02-20,Humboldt,023,135768,1,1,0,1,0
2020-02-20,Imperial,025,180216,0,0,0,0,0
2020-02-20,Inyo,027,18085,0,0,0,0,0
2020-02-20,Kern,029,883053,2,0,0,0,0
2020-02-20,Kings,031,150075,3,0,1,1,0
2020-02-20,Lake,033,64148,0,0,0,0,0
2020-02-20,Lassen,035,31185,0,0,0,0,0
2020-02-20,Los Angeles,037,10098052,55,1,5,6,0
2020-02-20,Madera,039,155013,0,0,0,0,0
2020-02-20,Marin,041,260295,0,0,0,0,0
2020-02-20,Mariposa,043,17540,0,0,0,0,0
2020-02-20,Mendocino,045,87422,0,0,0,0,0
2020-02-20,Merced,047,269075,0,0,0,0,0
2020-02-20,Modoc,049,8938,0,0,0,0,0
2020-02-20,Mono,051,14174,0,0,0,0,0
2020-02-20,Monterey,053,433212,1,0,0,0,0
2020-02-20,Napa,055,140530,0,0,0,0,0
2020-02-20,Nevada,057,99092,0,0,1,1,0
2020-02-20,Orange,059,3164182,40,1,0,1,0
2020-02-20,Placer,061,380077,2,0,0,0,0
2020-02-20,Plumas,063,18699,0,0,0,0,0
2020-02-20,Riverside,065,2383286,7,0,0,0,0
2020-02-20,Sacramento,067,1510023,2,1,0,1,0
2020-02-20,San Benito,069,59416,0,2,0,2,0
2020-02-20,San Bernardino,071,2135413,15,0,0,0,0
2020-02-20,San Diego,073,3302833,3,2,0,2,0
2020-02-20,San Francisco,075,870044,3,0,0,0,0
2020-02-20,San Joaquin,077,732212,2,0,1,1,0
2020-02-20,San Luis Obispo,079,281455,2,0,0,0,0
2020-02-20,San Mateo,081,765935,7,0,0,0,0
2020-02-20,Santa Barbara,083,443738,0,0,0,0,0
2020-02-20,Santa Clara,085,1922200,17,2,1,3,0
2020-02-20,Santa Cruz,087,273765,2,0,0,0,0
2020-02-20,Shasta,089,179085,0,0,0,0,0
2020-02-20,Sierra,091,2930,0,0,0,0,0
2020-02-20,Siskiyou,093,43540,0,0,0,0,0
2020-02-20,Solano,095,438530,8,7,0,7,0
2020-02-20,Sonoma,097,501317,2,0,0,0,0
2020-02-20,Stanislaus,099,539301,2,0,2,2,0
2020-02-20,Sutter,101,95872,0,0,0,0,0
2020-02-20,Tehama,103,63373,0,0,0,0,0
2020-02-20,Trinity,105,12862,0,0,0,0,0
2020-02-20,Tulare,107,460477,2,0,0,0,0
2020-02-20,Tuolumne,109,53932,0,0,0,0,0
2020-02-20,Ventura,111,848112,4,0,0,0,0
2020-02-20,Yolo,113,214977,0,0,0,0,0
2020-02-20,Yuba,115,75493,0,0,0,0,0
2020-02-19,Alameda,001,1643700,7,0,0,0,0
2020-02-19,Alpine,003,1148,0,0,0,0,0
2020-02-19,Amador,005,37829,0,0,0,0,0
2020-02-19,Butte,007,227075,0,0,0,0,0
2020-02-19,Calaveras,009,45235,0,0,0,0,0
2020-02-19,Colusa,011,21464,0,0,0,0,0
2020-02-19,Contra Costa,013,1133247,3,0,0,0,0
2020-02-19,Del Norte,015,27424,0,0,0,0,0
2020-02-19,El Dorado,017,186661,0,0,0,0,0
2020-02-19,Fresno,019,978130,1,0,0,0,0
2020-02-19,Glenn,021,27897,0,0,0,0,0
2020-02-19,Humboldt,023,135768,1,0,0,0,0
2020-02-19,Imperial,025,180216,0,0,0,0,0
2020-02-19,Inyo,027,18085,0,0,0,0,0
2020-02-19,Kern,029,883053,2,0,0,0,0
2020-02-19,Kings,031,150075,3,0,1,1,0
2020-02-19,Lake,033,64148,0,0,0,0,0
2020-02-19,Lassen,035,31185,0,0,0,0,0
2020-02-19,Los Angeles,037,10098052,53,1,5,6,0
2020-02-19,Madera,039,155013,0,0,0,0,0
2020-02-19,Marin,041,260295,0,0,0,0,0
2020-02-19,Mariposa,043,17540,0,0,0,0,0
2020-02-19,Mendocino,045,87422,0,0,0,0,0
2020-02-19,Merced,047,269075,0,0,0,0,0
2020-02-19,Modoc,049,8938,0,0,0,0,0
2020-02-19,Mono,051,14174,0,0,0,0,0
2020-02-19,Monterey,053,433212,1,0,0,0,0
2020-02-19,Napa,055,140530,0,0,0,0,0
2020-02-19,Nevada,057,99092,0,0,1,1,0
2020-02-19,Orange,059,3164182,39,1,0,1,0
2020-02-19,Placer,061,380077,2,0,0,0,0
2020-02-19,Plumas,063,18699,0,0,0,0,0
2020-02-19,Riverside,065,2383286,5,0,0,0,0
2020-02-19,Sacramento,067,1510023,2,0,0,0,0
2020-02-19,San Benito,069,59416,0,2,0,2,0
2020-02-19,San Bernardino,071,2135413,14,0,0,0,0
2020-02-19,San Diego,073,3302833,2,2,0,2,0
2020-02-19,San Francisco,075,870044,2,0,0,0,0
2020-02-19,San Joaquin,077,732212,2,0,1,1,0
2020-02-19,San Luis Obispo,079,281455,2,0,0,0,0
2020-02-19,San Mateo,081,765935,6,0,0,0,0
2020-02-19,Santa Barbara,083,443738,0,0,0,0,0
2020-02-19,Santa Clara,085,1922200,15,2,1,3,0
2020-02-19,Santa Cruz,087,273765,0,0,0,0,0
2020-02-19,Shasta,089,179085,0,0,0,0,0
2020-02-19,Sierra,091,2930,0,0,0,0,0
2020-02-19,Siskiyou,093,43540,0,0,0,0,0
2020-02-19,Solano,095,438530,5,7,0,7,0
2020-02-19,Sonoma,097,501317,2,0,0,0,0
2020-02-19,Stanislaus,099,539301,1,0,2,2,0
2020-02-19,Sutter,101,95872,0,0,0,0,0
2020-02-19,Tehama,103,63373,0,0,0,0,0
2020-02-19,Trinity,105,12862,0,0,0,0,0
2020-02-19,Tulare,107,460477,2,0,0,0,0
2020-02-19,Tuolumne,109,53932,0,0,0,0,0
2020-02-19,Ventura,111,848112,2,0,0,0,0
2020-02-19,Yolo,113,214977,0,0,0,0,0
2020-02-19,Yuba,115,75493,0,0,0,0,0
2020-02-18,Alameda,001,1643700,7,0,0,0,0
2020-02-18,Alpine,003,1148,0,0,0,0,0
2020-02-18,Amador,005,37829,0,0,0,0,0
2020-02-18,Butte,007,227075,0,0,0,0,0
2020-02-18,Calaveras,009,45235,0,0,0,0,0
2020-02-18,Colusa,011,21464,0,0,0,0,0
2020-02-18,Contra Costa,013,1133247,3,0,0,0,0
2020-02-18,Del Norte,015,27424,0,0,0,0,0
2020-02-18,El Dorado,017,186661,0,0,0,0,0
2020-02-18,Fresno,019,978130,0,0,0,0,0
2020-02-18,Glenn,021,27897,0,0,0,0,0
2020-02-18,Humboldt,023,135768,1,0,0,0,0
2020-02-18,Imperial,025,180216,0,0,0,0,0
2020-02-18,Inyo,027,18085,0,0,0,0,0
2020-02-18,Kern,029,883053,2,0,0,0,0
2020-02-18,Kings,031,150075,3,0,1,1,0
2020-02-18,Lake,033,64148,0,0,0,0,0
2020-02-18,Lassen,035,31185,0,0,0,0,0
2020-02-18,Los Angeles,037,10098052,50,1,4,5,0
2020-02-18,Madera,039,155013,0,0,0,0,0
2020-02-18,Marin,041,260295,0,0,0,0,0
2020-02-18,Mariposa,043,17540,0,0,0,0,0
2020-02-18,Mendocino,045,87422,0,0,0,0,0
2020-02-18,Merced,047,269075,0,0,0,0,0
2020-02-18,Modoc,049,8938,0,0,0,0,0
2020-02-18,Mono,051,14174,0,0,0,0,0
2020-02-18,Monterey,053,433212,1,0,0,0,0
2020-02-18,Napa,055,140530,0,0,0,0,0
2020-02-18,Nevada,057,99092,0,0,1,1,0
2020-02-18,Orange,059,3164182,38,1,0,1,0
2020-02-18,Placer,061,380077,0,0,0,0,0
2020-02-18,Plumas,063,18699,0,0,0,0,0
2020-02-18,Riverside,065,2383286,5,0,0,0,0
2020-02-18,Sacramento,067,1510023,2,0,0,0,0
2020-02-18,San Benito,069,59416,0,2,0,2,0
2020-02-18,San Bernardino,071,2135413,13,0,0,0,0
2020-02-18,San Diego,073,3302833,2,2,0,2,0
2020-02-18,San Francisco,075,870044,2,0,0,0,0
2020-02-18,San Joaquin,077,732212,1,0,1,1,0
2020-02-18,San Luis Obispo,079,281455,2,0,0,0,0
2020-02-18,San Mateo,081,765935,5,0,0,0,0
2020-02-18,Santa Barbara,083,443738,0,0,0,0,0
2020-02-18,Santa Clara,085,1922200,14,2,1,3,0
2020-02-18,Santa Cruz,087,273765,0,0,0,0,0
2020-02-18,Shasta,089,179085,0,0,0,0,0
2020-02-18,Sierra,091,2930,0,0,0,0,0
2020-02-18,Siskiyou,093,43540,0,0,0,0,0
2020-02-18,Solano,095,438530,5,7,0,7,0
2020-02-18,Sonoma,097,501317,1,0,0,0,0
2020-02-18,Stanislaus,099,539301,1,0,2,2,0
2020-02-18,Sutter,101,95872,0,0,0,0,0
2020-02-18,Tehama,103,63373,0,0,0,0,0
2020-02-18,Trinity,105,12862,0,0,0,0,0
2020-02-18,Tulare,107,460477,2,0,0,0,0
2020-02-18,Tuolumne,109,53932,0,0,0,0,0
2020-02-18,Ventura,111,848112,2,0,0,0,0
2020-02-18,Yolo,113,214977,0,0,0,0,0
2020-02-18,Yuba,115,75493,0,0,0,0,0
2020-02-17,Alameda,001,1643700,7,0,0,0,0
2020-02-17,Alpine,003,1148,0,0,0,0,0
2020-02-17,Amador,005,37829,0,0,0,0,0
2020-02-17,Butte,007,227075,0,0,0,0,0
2020-02-17,Calaveras,009,45235,0,0,0,0,0
2020-02-17,Colusa,011,21464,0,0,0,0,0
2020-02-17,Contra Costa,013,1133247,3,0,0,0,0
2020-02-17,Del Norte,015,27424,0,0,0,0,0
2020-02-17,El Dorado,017,186661,0,0,0,0,0
2020-02-17,Fresno,019,978130,0,0,0,0,0
2020-02-17,Glenn,021,27897,0,0,0,0,0
2020-02-17,Humboldt,023,135768,1,0,0,0,0
2020-02-17,Imperial,025,180216,0,0,0,0,0
2020-02-17,Inyo,027,18085,0,0,0,0,0
2020-02-17,Kern,029,883053,2,0,0,0,0
2020-02-17,Kings,031,150075,3,0,0,0,0
2020-02-17,Lake,033,64148,0,0,0,0,0
2020-02-17,Lassen,035,31185,0,0,0,0,0
2020-02-17,Los Angeles,037,10098052,47,1,4,5,0
2020-02-17,Madera,039,155013,0,0,0,0,0
2020-02-17,Marin,041,260295,0,0,0,0,0
2020-02-17,Mariposa,043,17540,0,0,0,0,0
2020-02-17,Mendocino,045,87422,0,0,0,0,0
2020-02-17,Merced,047,269075,0,0,0,0,0
2020-02-17,Modoc,049,8938,0,0,0,0,0
2020-02-17,Mono,051,14174,0,0,0,0,0
2020-02-17,Monterey,053,433212,1,0,0,0,0
2020-02-17,Napa,055,140530,0,0,0,0,0
2020-02-17,Nevada,057,99092,0,0,1,1,0
2020-02-17,Orange,059,3164182,38,1,0,1,0
2020-02-17,Placer,061,380077,0,0,0,0,0
2020-02-17,Plumas,063,18699,0,0,0,0,0
2020-02-17,Riverside,065,2383286,5,0,0,0,0
2020-02-17,Sacramento,067,1510023,2,0,0,0,0
2020-02-17,San Benito,069,59416,0,2,0,2,0
2020-02-17,San Bernardino,071,2135413,11,0,0,0,0
2020-02-17,San Diego,073,3302833,2,2,0,2,0
2020-02-17,San Francisco,075,870044,2,0,0,0,0
2020-02-17,San Joaquin,077,732212,1,0,1,1,0
2020-02-17,San Luis Obispo,079,281455,1,0,0,0,0
2020-02-17,San Mateo,081,765935,5,0,0,0,0
2020-02-17,Santa Barbara,083,443738,0,0,0,0,0
2020-02-17,Santa Clara,085,1922200,12,2,1,3,0
2020-02-17,Santa Cruz,087,273765,0,0,0,0,0
2020-02-17,Shasta,089,179085,0,0,0,0,0
2020-02-17,Sierra,091,2930,0,0,0,0,0
2020-02-17,Siskiyou,093,43540,0,0,0,0,0
2020-02-17,Solano,095,438530,3,5,0,5,0
2020-02-17,Sonoma,097,501317,1,0,0,0,0
2020-02-17,Stanislaus,099,539301,1,0,2,2,0
2020-02-17,Sutter,101,95872,0,0,0,0,0
2020-02-17,Tehama,103,63373,0,0,0,0,0
2020-02-17,Trinity,105,12862,0,0,0,0,0
2020-02-17,Tulare,107,460477,2,0,0,0,0
2020-02-17,Tuolumne,109,53932,0,0,0,0,0
2020-02-17,Ventura,111,848112,2,0,0,0,0
2020-02-17,Yolo,113,214977,0,0,0,0,0
2020-02-17,Yuba,115,75493,0,0,0,0,0
2020-02-16,Alameda,001,1643700,6,0,0,0,0
2020-02-16,Alpine,003,1148,0,0,0,0,0
2020-02-16,Amador,005,37829,0,0,0,0,0
2020-02-16,Butte,007,227075,0,0,0,0,0
2020-02-16,Calaveras,009,45235,0,0,0,0,0
2020-02-16,Colusa,011,21464,0,0,0,0,0
2020-02-16,Contra Costa,013,1133247,3,0,0,0,0
2020-02-16,Del Norte,015,27424,0,0,0,0,0
2020-02-16,El Dorado,017,186661,0,0,0,0,0
2020-02-16,Fresno,019,978130,0,0,0,0,0
2020-02-16,Glenn,021,27897,0,0,0,0,0
2020-02-16,Humboldt,023,135768,1,0,0,0,0
2020-02-16,Imperial,025,180216,0,0,0,0,0
2020-02-16,Inyo,027,18085,0,0,0,0,0
2020-02-16,Kern,029,883053,2,0,0,0,0
2020-02-16,Kings,031,150075,3,0,0,0,0
2020-02-16,Lake,033,64148,0,0,0,0,0
2020-02-16,Lassen,035,31185,0,0,0,0,0
2020-02-16,Los Angeles,037,10098052,42,1,4,5,0
2020-02-16,Madera,039,155013,0,0,0,0,0
2020-02-16,Marin,041,260295,0,0,0,0,0
2020-02-16,Mariposa,043,17540,0,0,0,0,0
2020-02-16,Mendocino,045,87422,0,0,0,0,0
2020-02-16,Merced,047,269075,0,0,0,0,0
2020-02-16,Modoc,049,8938,0,0,0,0,0
2020-02-16,Mono,051,14174,0,0,0,0,0
2020-02-16,Monterey,053,433212,1,0,0,0,0
2020-02-16,Napa,055,140530,0,0,0,0,0
2020-02-16,Nevada,057,99092,0,0,0,0,0
2020-02-16,Orange,059,3164182,37,1,0,1,0
2020-02-16,Placer,061,380077,0,0,0,0,0
2020-02-16,Plumas,063,18699,0,0,0,0,0
2020-02-16,Riverside,065,2383286,5,0,0,0,0
2020-02-16,Sacramento,067,1510023,2,0,0,0,0
2020-02-16,San Benito,069,59416,0,2,0,2,0
2020-02-16,San Bernardino,071,2135413,10,0,0,0,0
2020-02-16,San Diego,073,3302833,2,2,0,2,0
2020-02-16,San Francisco,075,870044,2,0,0,0,0
2020-02-16,San Joaquin,077,732212,1,0,1,1,0
2020-02-16,San Luis Obispo,079,281455,1,0,0,0,0
2020-02-16,San Mateo,081,765935,4,0,0,0,0
2020-02-16,Santa Barbara,083,443738,0,0,0,0,0
2020-02-16,Santa Clara,085,1922200,10,2,1,3,0
2020-02-16,Santa Cruz,087,273765,0,0,0,0,0
2020-02-16,Shasta,089,179085,0,0,0,0,0
2020-02-16,Sierra,091,2930,0,0,0,0,0
2020-02-16,Siskiyou,093,43540,0,0,0,0,0
2020-02-16,Solano,095,438530,1,0,0,0,0
2020-02-16,Sonoma,097,501317,1,0,0,0,0
2020-02-16,Stanislaus,099,539301,1,0,2,2,0
2020-02-16,Sutter,101,95872,0,0,0,0,0
2020-02-16,Tehama,103,63373,0,0,0,0,0
2020-02-16,Trinity,105,12862,0,0,0,0,0
2020-02-16,Tulare,107,460477,2,0,0,0,0
2020-02-16,Tuolumne,109,53932,0,0,0,0,0
2020-02-16,Ventura,111,848112,2,0,0,0,0
2020-02-16,Yolo,113,214977,0,0,0,0,0
2020-02-16,Yuba,115,75493,0,0,0,0,0
2020-02-15,Alameda,001,1643700,6,0,0,0,0
2020-02-15,Alpine,003,1148,0,0,0,0,0
2020-02-15,Amador,005,37829,0,0,0,0,0
2020-02-15,Butte,007,227075,0,0,0,0,0
2020-02-15,Calaveras,009,45235,0,0,0,0,0
2020-02-15,Colusa,011,21464,0,0,0,0,0
2020-02-15,Contra Costa,013,1133247,3,0,0,0,0
2020-02-15,Del Norte,015,27424,0,0,0,0,0
2020-02-15,El Dorado,017,186661,0,0,0,0,0
2020-02-15,Fresno,019,978130,0,0,0,0,0
2020-02-15,Glenn,021,27897,0,0,0,0,0
2020-02-15,Humboldt,023,135768,1,0,0,0,0
2020-02-15,Imperial,025,180216,0,0,0,0,0
2020-02-15,Inyo,027,18085,0,0,0,0,0
2020-02-15,Kern,029,883053,2,0,0,0,0
2020-02-15,Kings,031,150075,3,0,0,0,0
2020-02-15,Lake,033,64148,0,0,0,0,0
2020-02-15,Lassen,035,31185,0,0,0,0,0
2020-02-15,Los Angeles,037,10098052,39,1,4,5,0
2020-02-15,Madera,039,155013,0,0,0,0,0
2020-02-15,Marin,041,260295,0,0,0,0,0
2020-02-15,Mariposa,043,17540,0,0,0,0,0
2020-02-15,Mendocino,045,87422,0,0,0,0,0
2020-02-15,Merced,047,269075,0,0,0,0,0
2020-02-15,Modoc,049,8938,0,0,0,0,0
2020-02-15,Mono,051,14174,0,0,0,0,0
2020-02-15,Monterey,053,433212,1,0,0,0,0
2020-02-15,Napa,055,140530,0,0,0,0,0
2020-02-15,Nevada,057,99092,0,0,0,0,0
2020-02-15,Orange,059,3164182,36,1,0,1,0
2020-02-15,Placer,061,380077,0,0,0,0,0
2020-02-15,Plumas,063,18699,0,0,0,0,0
2020-02-15,Riverside,065,2383286,4,0,0,0,0
2020-02-15,Sacramento,067,1510023,2,0,0,0,0
2020-02-15,San Benito,069,59416,0,2,0,2,0
2020-02-15,San Bernardino,071,2135413,9,0,0,0,0
2020-02-15,San Diego,073,3302833,2,2,0,2,0
2020-02-15,San Francisco,075,870044,2,0,0,0,0
2020-02-15,San Joaquin,077,732212,1,0,1,1,0
2020-02-15,San Luis Obispo,079,281455,1,0,0,0,0
2020-02-15,San Mateo,081,765935,4,0,0,0,0
2020-02-15,Santa Barbara,083,443738,0,0,0,0,0
2020-02-15,Santa Clara,085,1922200,10,2,1,3,0
2020-02-15,Santa Cruz,087,273765,0,0,0,0,0
2020-02-15,Shasta,089,179085,0,0,0,0,0
2020-02-15,Sierra,091,2930,0,0,0,0,0
2020-02-15,Siskiyou,093,43540,0,0,0,0,0
2020-02-15,Solano,095,438530,1,0,0,0,0
2020-02-15,Sonoma,097,501317,0,0,0,0,0
2020-02-15,Stanislaus,099,539301,1,0,2,2,0
2020-02-15,Sutter,101,95872,0,0,0,0,0
2020-02-15,Tehama,103,63373,0,0,0,0,0
2020-02-15,Trinity,105,12862,0,0,0,0,0
2020-02-15,Tulare,107,460477,2,0,0,0,0
2020-02-15,Tuolumne,109,53932,0,0,0,0,0
2020-02-15,Ventura,111,848112,2,0,0,0,0
2020-02-15,Yolo,113,214977,0,0,0,0,0
2020-02-15,Yuba,115,75493,0,0,0,0,0
2020-02-14,Alameda,001,1643700,5,0,0,0,0
2020-02-14,Alpine,003,1148,0,0,0,0,0
2020-02-14,Amador,005,37829,0,0,0,0,0
2020-02-14,Butte,007,227075,0,0,0,0,0
2020-02-14,Calaveras,009,45235,0,0,0,0,0
2020-02-14,Colusa,011,21464,0,0,0,0,0
2020-02-14,Contra Costa,013,1133247,3,0,0,0,0
2020-02-14,Del Norte,015,27424,0,0,0,0,0
2020-02-14,El Dorado,017,186661,0,0,0,0,0
2020-02-14,Fresno,019,978130,0,0,0,0,0
2020-02-14,Glenn,021,27897,0,0,0,0,0
2020-02-14,Humboldt,023,135768,1,0,0,0,0
2020-02-14,Imperial,025,180216,0,0,0,0,0
2020-02-14,Inyo,027,18085,0,0,0,0,0
2020-02-14,Kern,029,883053,2,0,0,0,0
2020-02-14,Kings,031,150075,1,0,0,0,0
2020-02-14,Lake,033,64148,0,0,0,0,0
2020-02-14,Lassen,035,31185,0,0,0,0,0
2020-02-14,Los Angeles,037,10098052,34,1,4,5,0
2020-02-14,Madera,039,155013,0,0,0,0,0
2020-02-14,Marin,041,260295,0,0,0,0,0
2020-02-14,Mariposa,043,17540,0,0,0,0,0
2020-02-14,Mendocino,045,87422,0,0,0,0,0
2020-02-14,Merced,047,269075,0,0,0,0,0
2020-02-14,Modoc,049,8938,0,0,0,0,0
2020-02-14,Mono,051,14174,0,0,0,0,0
2020-02-14,Monterey,053,433212,1,0,0,0,0
2020-02-14,Napa,055,140530,0,0,0,0,0
2020-02-14,Nevada,057,99092,0,0,0,0,0
2020-02-14,Orange,059,3164182,36,1,0,1,0
2020-02-14,Placer,061,380077,0,0,0,0,0
2020-02-14,Plumas,063,18699,0,0,0,0,0
2020-02-14,Riverside,065,2383286,4,0,0,0,0
2020-02-14,Sacramento,067,1510023,1,0,0,0,0
2020-02-14,San Benito,069,59416,0,2,0,2,0
2020-02-14,San Bernardino,071,2135413,9,0,0,0,0
2020-02-14,San Diego,073,3302833,1,2,0,2,0
2020-02-14,San Francisco,075,870044,2,0,0,0,0
2020-02-14,San Joaquin,077,732212,1,0,1,1,0
2020-02-14,San Luis Obispo,079,281455,0,0,0,0,0
2020-02-14,San Mateo,081,765935,3,0,0,0,0
2020-02-14,Santa Barbara,083,443738,0,0,0,0,0
2020-02-14,Santa Clara,085,1922200,8,2,1,3,0
2020-02-14,Santa Cruz,087,273765,0,0,0,0,0
2020-02-14,Shasta,089,179085,0,0,0,0,0
2020-02-14,Sierra,091,2930,0,0,0,0,0
2020-02-14,Siskiyou,093,43540,0,0,0,0,0
2020-02-14,Solano,095,438530,1,0,0,0,0
2020-02-14,Sonoma,097,501317,0,0,0,0,0
2020-02-14,Stanislaus,099,539301,1,0,2,2,0
2020-02-14,Sutter,101,95872,0,0,0,0,0
2020-02-14,Tehama,103,63373,0,0,0,0,0
2020-02-14,Trinity,105,12862,0,0,0,0,0
2020-02-14,Tulare,107,460477,2,0,0,0,0
2020-02-14,Tuolumne,109,53932,0,0,0,0,0
2020-02-14,Ventura,111,848112,2,0,0,0,0
2020-02-14,Yolo,113,214977,0,0,0,0,0
2020-02-14,Yuba,115,75493,0,0,0,0,0
2020-02-13,Alameda,001,1643700,5,0,0,0,0
2020-02-13,Alpine,003,1148,0,0,0,0,0
2020-02-13,Amador,005,37829,0,0,0,0,0
2020-02-13,Butte,007,227075,0,0,0,0,0
2020-02-13,Calaveras,009,45235,0,0,0,0,0
2020-02-13,Colusa,011,21464,0,0,0,0,0
2020-02-13,Contra Costa,013,1133247,3,0,0,0,0
2020-02-13,Del Norte,015,27424,0,0,0,0,0
2020-02-13,El Dorado,017,186661,0,0,0,0,0
2020-02-13,Fresno,019,978130,0,0,0,0,0
2020-02-13,Glenn,021,27897,0,0,0,0,0
2020-02-13,Humboldt,023,135768,1,0,0,0,0
2020-02-13,Imperial,025,180216,0,0,0,0,0
2020-02-13,Inyo,027,18085,0,0,0,0,0
2020-02-13,Kern,029,883053,2,0,0,0,0
2020-02-13,Kings,031,150075,1,0,0,0,0
2020-02-13,Lake,033,64148,0,0,0,0,0
2020-02-13,Lassen,035,31185,0,0,0,0,0
2020-02-13,Los Angeles,037,10098052,31,1,3,4,0
2020-02-13,Madera,039,155013,0,0,0,0,0
2020-02-13,Marin,041,260295,0,0,0,0,0
2020-02-13,Mariposa,043,17540,0,0,0,0,0
2020-02-13,Mendocino,045,87422,0,0,0,0,0
2020-02-13,Merced,047,269075,0,0,0,0,0
2020-02-13,Modoc,049,8938,0,0,0,0,0
2020-02-13,Mono,051,14174,0,0,0,0,0
2020-02-13,Monterey,053,433212,1,0,0,0,0
2020-02-13,Napa,055,140530,0,0,0,0,0
2020-02-13,Nevada,057,99092,0,0,0,0,0
2020-02-13,Orange,059,3164182,35,1,0,1,0
2020-02-13,Placer,061,380077,0,0,0,0,0
2020-02-13,Plumas,063,18699,0,0,0,0,0
2020-02-13,Riverside,065,2383286,4,0,0,0,0
2020-02-13,Sacramento,067,1510023,1,0,0,0,0
2020-02-13,San Benito,069,59416,0,2,0,2,0
2020-02-13,San Bernardino,071,2135413,8,0,0,0,0
2020-02-13,San Diego,073,3302833,0,2,0,2,0
2020-02-13,San Francisco,075,870044,2,0,0,0,0
2020-02-13,San Joaquin,077,732212,1,0,1,1,0
2020-02-13,San Luis Obispo,079,281455,0,0,0,0,0
2020-02-13,San Mateo,081,765935,2,0,0,0,0
2020-02-13,Santa Barbara,083,443738,0,0,0,0,0
2020-02-13,Santa Clara,085,1922200,7,2,0,2,0
2020-02-13,Santa Cruz,087,273765,0,0,0,0,0
2020-02-13,Shasta,089,179085,0,0,0,0,0
2020-02-13,Sierra,091,2930,0,0,0,0,0
2020-02-13,Siskiyou,093,43540,0,0,0,0,0
2020-02-13,Solano,095,438530,0,0,0,0,0
2020-02-13,Sonoma,097,501317,0,0,0,0,0
2020-02-13,Stanislaus,099,539301,1,0,1,1,0
2020-02-13,Sutter,101,95872,0,0,0,0,0
2020-02-13,Tehama,103,63373,0,0,0,0,0
2020-02-13,Trinity,105,12862,0,0,0,0,0
2020-02-13,Tulare,107,460477,2,0,0,0,0
2020-02-13,Tuolumne,109,53932,0,0,0,0,0
2020-02-13,Ventura,111,848112,2,0,0,0,0
2020-02-13,Yolo,113,214977,0,0,0,0,0
2020-02-13,Yuba,115,75493,0,0,0,0,0
2020-02-12,Alameda,001,1643700,5,0,0,0,0
2020-02-12,Alpine,003,1148,0,0,0,0,0
2020-02-12,Amador,005,37829,0,0,0,0,0
2020-02-12,Butte,007,227075,0,0,0,0,0
2020-02-12,Calaveras,009,45235,0,0,0,0,0
2020-02-12,Colusa,011,21464,0,0,0,0,0
2020-02-12,Contra Costa,013,1133247,3,0,0,0,0
2020-02-12,Del Norte,015,27424,0,0,0,0,0
2020-02-12,El Dorado,017,186661,0,0,0,0,0
2020-02-12,Fresno,019,978130,0,0,0,0,0
2020-02-12,Glenn,021,27897,0,0,0,0,0
2020-02-12,Humboldt,023,135768,1,0,0,0,0
2020-02-12,Imperial,025,180216,0,0,0,0,0
2020-02-12,Inyo,027,18085,0,0,0,0,0
2020-02-12,Kern,029,883053,2,0,0,0,0
2020-02-12,Kings,031,150075,1,0,0,0,0
2020-02-12,Lake,033,64148,0,0,0,0,0
2020-02-12,Lassen,035,31185,0,0,0,0,0
2020-02-12,Los Angeles,037,10098052,30,1,3,4,0
2020-02-12,Madera,039,155013,0,0,0,0,0
2020-02-12,Marin,041,260295,0,0,0,0,0
2020-02-12,Mariposa,043,17540,0,0,0,0,0
2020-02-12,Mendocino,045,87422,0,0,0,0,0
2020-02-12,Merced,047,269075,0,0,0,0,0
2020-02-12,Modoc,049,8938,0,0,0,0,0
2020-02-12,Mono,051,14174,0,0,0,0,0
2020-02-12,Monterey,053,433212,1,0,0,0,0
2020-02-12,Napa,055,140530,0,0,0,0,0
2020-02-12,Nevada,057,99092,0,0,0,0,0
2020-02-12,Orange,059,3164182,35,1,0,1,0
2020-02-12,Placer,061,380077,0,0,0,0,0
2020-02-12,Plumas,063,18699,0,0,0,0,0
2020-02-12,Riverside,065,2383286,4,0,0,0,0
2020-02-12,Sacramento,067,1510023,1,0,0,0,0
2020-02-12,San Benito,069,59416,0,2,0,2,0
2020-02-12,San Bernardino,071,2135413,8,0,0,0,0
2020-02-12,San Diego,073,3302833,0,2,0,2,0
2020-02-12,San Francisco,075,870044,2,0,0,0,0
2020-02-12,San Joaquin,077,732212,1,0,1,1,0
2020-02-12,San Luis Obispo,079,281455,0,0,0,0,0
2020-02-12,San Mateo,081,765935,2,0,0,0,0
2020-02-12,Santa Barbara,083,443738,0,0,0,0,0
2020-02-12,Santa Clara,085,1922200,6,2,0,2,0
2020-02-12,Santa Cruz,087,273765,0,0,0,0,0
2020-02-12,Shasta,089,179085,0,0,0,0,0
2020-02-12,Sierra,091,2930,0,0,0,0,0
2020-02-12,Siskiyou,093,43540,0,0,0,0,0
2020-02-12,Solano,095,438530,0,0,0,0,0
2020-02-12,Sonoma,097,501317,0,0,0,0,0
2020-02-12,Stanislaus,099,539301,1,0,1,1,0
2020-02-12,Sutter,101,95872,0,0,0,0,0
2020-02-12,Tehama,103,63373,0,0,0,0,0
2020-02-12,Trinity,105,12862,0,0,0,0,0
2020-02-12,Tulare,107,460477,2,0,0,0,0
2020-02-12,Tuolumne,109,53932,0,0,0,0,0
2020-02-12,Ventura,111,848112,2,0,0,0,0
2020-02-12,Yolo,113,214977,0,0,0,0,0
2020-02-12,Yuba,115,75493,0,0,0,0,0
2020-02-11,Alameda,001,1643700,5,0,0,0,0
2020-02-11,Alpine,003,1148,0,0,0,0,0
2020-02-11,Amador,005,37829,0,0,0,0,0
2020-02-11,Butte,007,227075,0,0,0,0,0
2020-02-11,Calaveras,009,45235,0,0,0,0,0
2020-02-11,Colusa,011,21464,0,0,0,0,0
2020-02-11,Contra Costa,013,1133247,3,0,0,0,0
2020-02-11,Del Norte,015,27424,0,0,0,0,0
2020-02-11,El Dorado,017,186661,0,0,0,0,0
2020-02-11,Fresno,019,978130,0,0,0,0,0
2020-02-11,Glenn,021,27897,0,0,0,0,0
2020-02-11,Humboldt,023,135768,1,0,0,0,0
2020-02-11,Imperial,025,180216,0,0,0,0,0
2020-02-11,Inyo,027,18085,0,0,0,0,0
2020-02-11,Kern,029,883053,2,0,0,0,0
2020-02-11,Kings,031,150075,1,0,0,0,0
2020-02-11,Lake,033,64148,0,0,0,0,0
2020-02-11,Lassen,035,31185,0,0,0,0,0
2020-02-11,Los Angeles,037,10098052,30,1,3,4,0
2020-02-11,Madera,039,155013,0,0,0,0,0
2020-02-11,Marin,041,260295,0,0,0,0,0
2020-02-11,Mariposa,043,17540,0,0,0,0,0
2020-02-11,Mendocino,045,87422,0,0,0,0,0
2020-02-11,Merced,047,269075,0,0,0,0,0
2020-02-11,Modoc,049,8938,0,0,0,0,0
2020-02-11,Mono,051,14174,0,0,0,0,0
2020-02-11,Monterey,053,433212,1,0,0,0,0
2020-02-11,Napa,055,140530,0,0,0,0,0
2020-02-11,Nevada,057,99092,0,0,0,0,0
2020-02-11,Orange,059,3164182,34,1,0,1,0
2020-02-11,Placer,061,380077,0,0,0,0,0
2020-02-11,Plumas,063,18699,0,0,0,0,0
2020-02-11,Riverside,065,2383286,4,0,0,0,0
2020-02-11,Sacramento,067,1510023,1,0,0,0,0
2020-02-11,San Benito,069,59416,0,2,0,2,0
2020-02-11,San Bernardino,071,2135413,8,0,0,0,0
2020-02-11,San Diego,073,3302833,0,1,0,1,0
2020-02-11,San Francisco,075,870044,2,0,0,0,0
2020-02-11,San Joaquin,077,732212,0,0,1,1,0
2020-02-11,San Luis Obispo,079,281455,0,0,0,0,0
2020-02-11,San Mateo,081,765935,2,0,0,0,0
2020-02-11,Santa Barbara,083,443738,0,0,0,0,0
2020-02-11,Santa Clara,085,1922200,5,2,0,2,0
2020-02-11,Santa Cruz,087,273765,0,0,0,0,0
2020-02-11,Shasta,089,179085,0,0,0,0,0
2020-02-11,Sierra,091,2930,0,0,0,0,0
2020-02-11,Siskiyou,093,43540,0,0,0,0,0
2020-02-11,Solano,095,438530,0,0,0,0,0
2020-02-11,Sonoma,097,501317,0,0,0,0,0
2020-02-11,Stanislaus,099,539301,1,0,1,1,0
2020-02-11,Sutter,101,95872,0,0,0,0,0
2020-02-11,Tehama,103,63373,0,0,0,0,0
2020-02-11,Trinity,105,12862,0,0,0,0,0
2020-02-11,Tulare,107,460477,2,0,0,0,0
2020-02-11,Tuolumne,109,53932,0,0,0,0,0
2020-02-11,Ventura,111,848112,2,0,0,0,0
2020-02-11,Yolo,113,214977,0,0,0,0,0
2020-02-11,Yuba,115,75493,0,0,0,0,0
2020-02-10,Alameda,001,1643700,5,0,0,0,0
2020-02-10,Alpine,003,1148,0,0,0,0,0
2020-02-10,Amador,005,37829,0,0,0,0,0
2020-02-10,Butte,007,227075,0,0,0,0,0
2020-02-10,Calaveras,009,45235,0,0,0,0,0
2020-02-10,Colusa,011,21464,0,0,0,0,0
2020-02-10,Contra Costa,013,1133247,3,0,0,0,0
2020-02-10,Del Norte,015,27424,0,0,0,0,0
2020-02-10,El Dorado,017,186661,0,0,0,0,0
2020-02-10,Fresno,019,978130,0,0,0,0,0
2020-02-10,Glenn,021,27897,0,0,0,0,0
2020-02-10,Humboldt,023,135768,0,0,0,0,0
2020-02-10,Imperial,025,180216,0,0,0,0,0
2020-02-10,Inyo,027,18085,0,0,0,0,0
2020-02-10,Kern,029,883053,2,0,0,0,0
2020-02-10,Kings,031,150075,1,0,0,0,0
2020-02-10,Lake,033,64148,0,0,0,0,0
2020-02-10,Lassen,035,31185,0,0,0,0,0
2020-02-10,Los Angeles,037,10098052,28,1,3,4,0
2020-02-10,Madera,039,155013,0,0,0,0,0
2020-02-10,Marin,041,260295,0,0,0,0,0
2020-02-10,Mariposa,043,17540,0,0,0,0,0
2020-02-10,Mendocino,045,87422,0,0,0,0,0
2020-02-10,Merced,047,269075,0,0,0,0,0
2020-02-10,Modoc,049,8938,0,0,0,0,0
2020-02-10,Mono,051,14174,0,0,0,0,0
2020-02-10,Monterey,053,433212,1,0,0,0,0
2020-02-10,Napa,055,140530,0,0,0,0,0
2020-02-10,Nevada,057,99092,0,0,0,0,0
2020-02-10,Orange,059,3164182,34,1,0,1,0
2020-02-10,Placer,061,380077,0,0,0,0,0
2020-02-10,Plumas,063,18699,0,0,0,0,0
2020-02-10,Riverside,065,2383286,4,0,0,0,0
2020-02-10,Sacramento,067,1510023,1,0,0,0,0
2020-02-10,San Benito,069,59416,0,2,0,2,0
2020-02-10,San Bernardino,071,2135413,7,0,0,0,0
2020-02-10,San Diego,073,3302833,0,0,0,0,0
2020-02-10,San Francisco,075,870044,2,0,0,0,0
2020-02-10,San Joaquin,077,732212,0,0,1,1,0
2020-02-10,San Luis Obispo,079,281455,0,0,0,0,0
2020-02-10,San Mateo,081,765935,2,0,0,0,0
2020-02-10,Santa Barbara,083,443738,0,0,0,0,0
2020-02-10,Santa Clara,085,1922200,5,2,0,2,0
2020-02-10,Santa Cruz,087,273765,0,0,0,0,0
2020-02-10,Shasta,089,179085,0,0,0,0,0
2020-02-10,Sierra,091,2930,0,0,0,0,0
2020-02-10,Siskiyou,093,43540,0,0,0,0,0
2020-02-10,Solano,095,438530,0,0,0,0,0
2020-02-10,Sonoma,097,501317,0,0,0,0,0
2020-02-10,Stanislaus,099,539301,1,0,0,0,0
2020-02-10,Sutter,101,95872,0,0,0,0,0
2020-02-10,Tehama,103,63373,0,0,0,0,0
2020-02-10,Trinity,105,12862,0,0,0,0,0
2020-02-10,Tulare,107,460477,2,0,0,0,0
2020-02-10,Tuolumne,109,53932,0,0,0,0,0
2020-02-10,Ventura,111,848112,2,0,0,0,0
2020-02-10,Yolo,113,214977,0,0,0,0,0
2020-02-10,Yuba,115,75493,0,0,0,0,0
2020-02-09,Alameda,001,1643700,5,0,0,0,0
2020-02-09,Alpine,003,1148,0,0,0,0,0
2020-02-09,Amador,005,37829,0,0,0,0,0
2020-02-09,Butte,007,227075,0,0,0,0,0
2020-02-09,Calaveras,009,45235,0,0,0,0,0
2020-02-09,Colusa,011,21464,0,0,0,0,0
2020-02-09,Contra Costa,013,1133247,3,0,0,0,0
2020-02-09,Del Norte,015,27424,0,0,0,0,0
2020-02-09,El Dorado,017,186661,0,0,0,0,0
2020-02-09,Fresno,019,978130,0,0,0,0,0
2020-02-09,Glenn,021,27897,0,0,0,0,0
2020-02-09,Humboldt,023,135768,0,0,0,0,0
2020-02-09,Imperial,025,180216,0,0,0,0,0
2020-02-09,Inyo,027,18085,0,0,0,0,0
2020-02-09,Kern,029,883053,2,0,0,0,0
2020-02-09,Kings,031,150075,1,0,0,0,0
2020-02-09,Lake,033,64148,0,0,0,0,0
2020-02-09,Lassen,035,31185,0,0,0,0,0
2020-02-09,Los Angeles,037,10098052,27,1,3,4,0
2020-02-09,Madera,039,155013,0,0,0,0,0
2020-02-09,Marin,041,260295,0,0,0,0,0
2020-02-09,Mariposa,043,17540,0,0,0,0,0
2020-02-09,Mendocino,045,87422,0,0,0,0,0
2020-02-09,Merced,047,269075,0,0,0,0,0
2020-02-09,Modoc,049,8938,0,0,0,0,0
2020-02-09,Mono,051,14174,0,0,0,0,0
2020-02-09,Monterey,053,433212,1,0,0,0,0
2020-02-09,Napa,055,140530,0,0,0,0,0
2020-02-09,Nevada,057,99092,0,0,0,0,0
2020-02-09,Orange,059,3164182,34,1,0,1,0
2020-02-09,Placer,061,380077,0,0,0,0,0
2020-02-09,Plumas,063,18699,0,0,0,0,0
2020-02-09,Riverside,065,2383286,4,0,0,0,0
2020-02-09,Sacramento,067,1510023,0,0,0,0,0
2020-02-09,San Benito,069,59416,0,2,0,2,0
2020-02-09,San Bernardino,071,2135413,7,0,0,0,0
2020-02-09,San Diego,073,3302833,0,0,0,0,0
2020-02-09,San Francisco,075,870044,1,0,0,0,0
2020-02-09,San Joaquin,077,732212,0,0,1,1,0
2020-02-09,San Luis Obispo,079,281455,0,0,0,0,0
2020-02-09,San Mateo,081,765935,2,0,0,0,0
2020-02-09,Santa Barbara,083,443738,0,0,0,0,0
2020-02-09,Santa Clara,085,1922200,4,2,0,2,0
2020-02-09,Santa Cruz,087,273765,0,0,0,0,0
2020-02-09,Shasta,089,179085,0,0,0,0,0
2020-02-09,Sierra,091,2930,0,0,0,0,0
2020-02-09,Siskiyou,093,43540,0,0,0,0,0
2020-02-09,Solano,095,438530,0,0,0,0,0
2020-02-09,Sonoma,097,501317,0,0,0,0,0
2020-02-09,Stanislaus,099,539301,0,0,0,0,0
2020-02-09,Sutter,101,95872,0,0,0,0,0
2020-02-09,Tehama,103,63373,0,0,0,0,0
2020-02-09,Trinity,105,12862,0,0,0,0,0
2020-02-09,Tulare,107,460477,2,0,0,0,0
2020-02-09,Tuolumne,109,53932,0,0,0,0,0
2020-02-09,Ventura,111,848112,1,0,0,0,0
2020-02-09,Yolo,113,214977,0,0,0,0,0
2020-02-09,Yuba,115,75493,0,0,0,0,0
2020-02-08,Alameda,001,1643700,4,0,0,0,0
2020-02-08,Alpine,003,1148,0,0,0,0,0
2020-02-08,Amador,005,37829,0,0,0,0,0
2020-02-08,Butte,007,227075,0,0,0,0,0
2020-02-08,Calaveras,009,45235,0,0,0,0,0
2020-02-08,Colusa,011,21464,0,0,0,0,0
2020-02-08,Contra Costa,013,1133247,2,0,0,0,0
2020-02-08,Del Norte,015,27424,0,0,0,0,0
2020-02-08,El Dorado,017,186661,0,0,0,0,0
2020-02-08,Fresno,019,978130,0,0,0,0,0
2020-02-08,Glenn,021,27897,0,0,0,0,0
2020-02-08,Humboldt,023,135768,0,0,0,0,0
2020-02-08,Imperial,025,180216,0,0,0,0,0
2020-02-08,Inyo,027,18085,0,0,0,0,0
2020-02-08,Kern,029,883053,2,0,0,0,0
2020-02-08,Kings,031,150075,1,0,0,0,0
2020-02-08,Lake,033,64148,0,0,0,0,0
2020-02-08,Lassen,035,31185,0,0,0,0,0
2020-02-08,Los Angeles,037,10098052,24,1,1,2,0
2020-02-08,Madera,039,155013,0,0,0,0,0
2020-02-08,Marin,041,260295,0,0,0,0,0
2020-02-08,Mariposa,043,17540,0,0,0,0,0
2020-02-08,Mendocino,045,87422,0,0,0,0,0
2020-02-08,Merced,047,269075,0,0,0,0,0
2020-02-08,Modoc,049,8938,0,0,0,0,0
2020-02-08,Mono,051,14174,0,0,0,0,0
2020-02-08,Monterey,053,433212,1,0,0,0,0
2020-02-08,Napa,055,140530,0,0,0,0,0
2020-02-08,Nevada,057,99092,0,0,0,0,0
2020-02-08,Orange,059,3164182,34,1,0,1,0
2020-02-08,Placer,061,380077,0,0,0,0,0
2020-02-08,Plumas,063,18699,0,0,0,0,0
2020-02-08,Riverside,065,2383286,4,0,0,0,0
2020-02-08,Sacramento,067,1510023,0,0,0,0,0
2020-02-08,San Benito,069,59416,0,2,0,2,0
2020-02-08,San Bernardino,071,2135413,7,0,0,0,0
2020-02-08,San Diego,073,3302833,0,0,0,0,0
2020-02-08,San Francisco,075,870044,1,0,0,0,0
2020-02-08,San Joaquin,077,732212,0,0,1,1,0
2020-02-08,San Luis Obispo,079,281455,0,0,0,0,0
2020-02-08,San Mateo,081,765935,2,0,0,0,0
2020-02-08,Santa Barbara,083,443738,0,0,0,0,0
2020-02-08,Santa Clara,085,1922200,4,2,0,2,0
2020-02-08,Santa Cruz,087,273765,0,0,0,0,0
2020-02-08,Shasta,089,179085,0,0,0,0,0
2020-02-08,Sierra,091,2930,0,0,0,0,0
2020-02-08,Siskiyou,093,43540,0,0,0,0,0
2020-02-08,Solano,095,438530,0,0,0,0,0
2020-02-08,Sonoma,097,501317,0,0,0,0,0
2020-02-08,Stanislaus,099,539301,0,0,0,0,0
2020-02-08,Sutter,101,95872,0,0,0,0,0
2020-02-08,Tehama,103,63373,0,0,0,0,0
2020-02-08,Trinity,105,12862,0,0,0,0,0
2020-02-08,Tulare,107,460477,2,0,0,0,0
2020-02-08,Tuolumne,109,53932,0,0,0,0,0
2020-02-08,Ventura,111,848112,1,0,0,0,0
2020-02-08,Yolo,113,214977,0,0,0,0,0
2020-02-08,Yuba,115,75493,0,0,0,0,0
2020-02-07,Alameda,001,1643700,4,0,0,0,0
2020-02-07,Alpine,003,1148,0,0,0,0,0
2020-02-07,Amador,005,37829,0,0,0,0,0
2020-02-07,Butte,007,227075,0,0,0,0,0
2020-02-07,Calaveras,009,45235,0,0,0,0,0
2020-02-07,Colusa,011,21464,0,0,0,0,0
2020-02-07,Contra Costa,013,1133247,2,0,0,0,0
2020-02-07,Del Norte,015,27424,0,0,0,0,0
2020-02-07,El Dorado,017,186661,0,0,0,0,0
2020-02-07,Fresno,019,978130,0,0,0,0,0
2020-02-07,Glenn,021,27897,0,0,0,0,0
2020-02-07,Humboldt,023,135768,0,0,0,0,0
2020-02-07,Imperial,025,180216,0,0,0,0,0
2020-02-07,Inyo,027,18085,0,0,0,0,0
2020-02-07,Kern,029,883053,2,0,0,0,0
2020-02-07,Kings,031,150075,1,0,0,0,0
2020-02-07,Lake,033,64148,0,0,0,0,0
2020-02-07,Lassen,035,31185,0,0,0,0,0
2020-02-07,Los Angeles,037,10098052,23,1,0,1,0
2020-02-07,Madera,039,155013,0,0,0,0,0
2020-02-07,Marin,041,260295,0,0,0,0,0
2020-02-07,Mariposa,043,17540,0,0,0,0,0
2020-02-07,Mendocino,045,87422,0,0,0,0,0
2020-02-07,Merced,047,269075,0,0,0,0,0
2020-02-07,Modoc,049,8938,0,0,0,0,0
2020-02-07,Mono,051,14174,0,0,0,0,0
2020-02-07,Monterey,053,433212,1,0,0,0,0
2020-02-07,Napa,055,140530,0,0,0,0,0
2020-02-07,Nevada,057,99092,0,0,0,0,0
2020-02-07,Orange,059,3164182,32,1,0,1,0
2020-02-07,Placer,061,380077,0,0,0,0,0
2020-02-07,Plumas,063,18699,0,0,0,0,0
2020-02-07,Riverside,065,2383286,4,0,0,0,0
2020-02-07,Sacramento,067,1510023,0,0,0,0,0
2020-02-07,San Benito,069,59416,0,2,0,2,0
2020-02-07,San Bernardino,071,2135413,4,0,0,0,0
2020-02-07,San Diego,073,3302833,0,0,0,0,0
2020-02-07,San Francisco,075,870044,1,0,0,0,0
2020-02-07,San Joaquin,077,732212,0,0,1,1,0
2020-02-07,San Luis Obispo,079,281455,0,0,0,0,0
2020-02-07,San Mateo,081,765935,1,0,0,0,0
2020-02-07,Santa Barbara,083,443738,0,0,0,0,0
2020-02-07,Santa Clara,085,1922200,4,2,0,2,0
2020-02-07,Santa Cruz,087,273765,0,0,0,0,0
2020-02-07,Shasta,089,179085,0,0,0,0,0
2020-02-07,Sierra,091,2930,0,0,0,0,0
2020-02-07,Siskiyou,093,43540,0,0,0,0,0
2020-02-07,Solano,095,438530,0,0,0,0,0
2020-02-07,Sonoma,097,501317,0,0,0,0,0
2020-02-07,Stanislaus,099,539301,0,0,0,0,0
2020-02-07,Sutter,101,95872,0,0,0,0,0
2020-02-07,Tehama,103,63373,0,0,0,0,0
2020-02-07,Trinity,105,12862,0,0,0,0,0
2020-02-07,Tulare,107,460477,2,0,0,0,0
2020-02-07,Tuolumne,109,53932,0,0,0,0,0
2020-02-07,Ventura,111,848112,1,0,0,0,0
2020-02-07,Yolo,113,214977,0,0,0,0,0
2020-02-07,Yuba,115,75493,0,0,0,0,0
2020-02-06,Alameda,001,1643700,4,0,0,0,0
2020-02-06,Alpine,003,1148,0,0,0,0,0
2020-02-06,Amador,005,37829,0,0,0,0,0
2020-02-06,Butte,007,227075,0,0,0,0,0
2020-02-06,Calaveras,009,45235,0,0,0,0,0
2020-02-06,Colusa,011,21464,0,0,0,0,0
2020-02-06,Contra Costa,013,1133247,2,0,0,0,0
2020-02-06,Del Norte,015,27424,0,0,0,0,0
2020-02-06,El Dorado,017,186661,0,0,0,0,0
2020-02-06,Fresno,019,978130,0,0,0,0,0
2020-02-06,Glenn,021,27897,0,0,0,0,0
2020-02-06,Humboldt,023,135768,0,0,0,0,0
2020-02-06,Imperial,025,180216,0,0,0,0,0
2020-02-06,Inyo,027,18085,0,0,0,0,0
2020-02-06,Kern,029,883053,2,0,0,0,0
2020-02-06,Kings,031,150075,0,0,0,0,0
2020-02-06,Lake,033,64148,0,0,0,0,0
2020-02-06,Lassen,035,31185,0,0,0,0,0
2020-02-06,Los Angeles,037,10098052,22,1,0,1,0
2020-02-06,Madera,039,155013,0,0,0,0,0
2020-02-06,Marin,041,260295,0,0,0,0,0
2020-02-06,Mariposa,043,17540,0,0,0,0,0
2020-02-06,Mendocino,045,87422,0,0,0,0,0
2020-02-06,Merced,047,269075,0,0,0,0,0
2020-02-06,Modoc,049,8938,0,0,0,0,0
2020-02-06,Mono,051,14174,0,0,0,0,0
2020-02-06,Monterey,053,433212,1,0,0,0,0
2020-02-06,Napa,055,140530,0,0,0,0,0
2020-02-06,Nevada,057,99092,0,0,0,0,0
2020-02-06,Orange,059,3164182,2,1,0,1,0
2020-02-06,Placer,061,380077,0,0,0,0,0
2020-02-06,Plumas,063,18699,0,0,0,0,0
2020-02-06,Riverside,065,2383286,4,0,0,0,0
2020-02-06,Sacramento,067,1510023,0,0,0,0,0
2020-02-06,San Benito,069,59416,0,2,0,2,0
2020-02-06,San Bernardino,071,2135413,4,0,0,0,0
2020-02-06,San Diego,073,3302833,0,0,0,0,0
2020-02-06,San Francisco,075,870044,1,0,0,0,0
2020-02-06,San Joaquin,077,732212,0,0,1,1,0
2020-02-06,San Luis Obispo,079,281455,0,0,0,0,0
2020-02-06,San Mateo,081,765935,1,0,0,0,0
2020-02-06,Santa Barbara,083,443738,0,0,0,0,0
2020-02-06,Santa Clara,085,1922200,4,2,0,2,0
2020-02-06,Santa Cruz,087,273765,0,0,0,0,0
2020-02-06,Shasta,089,179085,0,0,0,0,0
2020-02-06,Sierra,091,2930,0,0,0,0,0
2020-02-06,Siskiyou,093,43540,0,0,0,0,0
2020-02-06,Solano,095,438530,0,0,0,0,0
2020-02-06,Sonoma,097,501317,0,0,0,0,0
2020-02-06,Stanislaus,099,539301,0,0,0,0,0
2020-02-06,Sutter,101,95872,0,0,0,0,0
2020-02-06,Tehama,103,63373,0,0,0,0,0
2020-02-06,Trinity,105,12862,0,0,0,0,0
2020-02-06,Tulare,107,460477,2,0,0,0,0
2020-02-06,Tuolumne,109,53932,0,0,0,0,0
2020-02-06,Ventura,111,848112,1,0,0,0,0
2020-02-06,Yolo,113,214977,0,0,0,0,0
2020-02-06,Yuba,115,75493,0,0,0,0,0
2020-02-05,Alameda,001,1643700,3,0,0,0,0
2020-02-05,Alpine,003,1148,0,0,0,0,0
2020-02-05,Amador,005,37829,0,0,0,0,0
2020-02-05,Butte,007,227075,0,0,0,0,0
2020-02-05,Calaveras,009,45235,0,0,0,0,0
2020-02-05,Colusa,011,21464,0,0,0,0,0
2020-02-05,Contra Costa,013,1133247,2,0,0,0,0
2020-02-05,Del Norte,015,27424,0,0,0,0,0
2020-02-05,El Dorado,017,186661,0,0,0,0,0
2020-02-05,Fresno,019,978130,0,0,0,0,0
2020-02-05,Glenn,021,27897,0,0,0,0,0
2020-02-05,Humboldt,023,135768,0,0,0,0,0
2020-02-05,Imperial,025,180216,0,0,0,0,0
2020-02-05,Inyo,027,18085,0,0,0,0,0
2020-02-05,Kern,029,883053,1,0,0,0,0
2020-02-05,Kings,031,150075,0,0,0,0,0
2020-02-05,Lake,033,64148,0,0,0,0,0
2020-02-05,Lassen,035,31185,0,0,0,0,0
2020-02-05,Los Angeles,037,10098052,22,1,0,1,0
2020-02-05,Madera,039,155013,0,0,0,0,0
2020-02-05,Marin,041,260295,0,0,0,0,0
2020-02-05,Mariposa,043,17540,0,0,0,0,0
2020-02-05,Mendocino,045,87422,0,0,0,0,0
2020-02-05,Merced,047,269075,0,0,0,0,0
2020-02-05,Modoc,049,8938,0,0,0,0,0
2020-02-05,Mono,051,14174,0,0,0,0,0
2020-02-05,Monterey,053,433212,1,0,0,0,0
2020-02-05,Napa,055,140530,0,0,0,0,0
2020-02-05,Nevada,057,99092,0,0,0,0,0
2020-02-05,Orange,059,3164182,1,1,0,1,0
2020-02-05,Placer,061,380077,0,0,0,0,0
2020-02-05,Plumas,063,18699,0,0,0,0,0
2020-02-05,Riverside,065,2383286,4,0,0,0,0
2020-02-05,Sacramento,067,1510023,0,0,0,0,0
2020-02-05,San Benito,069,59416,0,2,0,2,0
2020-02-05,San Bernardino,071,2135413,4,0,0,0,0
2020-02-05,San Diego,073,3302833,0,0,0,0,0
2020-02-05,San Francisco,075,870044,1,0,0,0,0
2020-02-05,San Joaquin,077,732212,0,0,1,1,0
2020-02-05,San Luis Obispo,079,281455,0,0,0,0,0
2020-02-05,San Mateo,081,765935,1,0,0,0,0
2020-02-05,Santa Barbara,083,443738,0,0,0,0,0
2020-02-05,Santa Clara,085,1922200,2,2,0,2,0
2020-02-05,Santa Cruz,087,273765,0,0,0,0,0
2020-02-05,Shasta,089,179085,0,0,0,0,0
2020-02-05,Sierra,091,2930,0,0,0,0,0
2020-02-05,Siskiyou,093,43540,0,0,0,0,0
2020-02-05,Solano,095,438530,0,0,0,0,0
2020-02-05,Sonoma,097,501317,0,0,0,0,0
2020-02-05,Stanislaus,099,539301,0,0,0,0,0
2020-02-05,Sutter,101,95872,0,0,0,0,0
2020-02-05,Tehama,103,63373,0,0,0,0,0
2020-02-05,Trinity,105,12862,0,0,0,0,0
2020-02-05,Tulare,107,460477,2,0,0,0,0
2020-02-05,Tuolumne,109,53932,0,0,0,0,0
2020-02-05,Ventura,111,848112,0,0,0,0,0
2020-02-05,Yolo,113,214977,0,0,0,0,0
2020-02-05,Yuba,115,75493,0,0,0,0,0
2020-02-04,Alameda,001,1643700,3,0,0,0,0
2020-02-04,Alpine,003,1148,0,0,0,0,0
2020-02-04,Amador,005,37829,0,0,0,0,0
2020-02-04,Butte,007,227075,0,0,0,0,0
2020-02-04,Calaveras,009,45235,0,0,0,0,0
2020-02-04,Colusa,011,21464,0,0,0,0,0
2020-02-04,Contra Costa,013,1133247,2,0,0,0,0
2020-02-04,Del Norte,015,27424,0,0,0,0,0
2020-02-04,El Dorado,017,186661,0,0,0,0,0
2020-02-04,Fresno,019,978130,0,0,0,0,0
2020-02-04,Glenn,021,27897,0,0,0,0,0
2020-02-04,Humboldt,023,135768,0,0,0,0,0
2020-02-04,Imperial,025,180216,0,0,0,0,0
2020-02-04,Inyo,027,18085,0,0,0,0,0
2020-02-04,Kern,029,883053,0,0,0,0,0
2020-02-04,Kings,031,150075,0,0,0,0,0
2020-02-04,Lake,033,64148,0,0,0,0,0
2020-02-04,Lassen,035,31185,0,0,0,0,0
2020-02-04,Los Angeles,037,10098052,22,1,0,1,0
2020-02-04,Madera,039,155013,0,0,0,0,0
2020-02-04,Marin,041,260295,0,0,0,0,0
2020-02-04,Mariposa,043,17540,0,0,0,0,0
2020-02-04,Mendocino,045,87422,0,0,0,0,0
2020-02-04,Merced,047,269075,0,0,0,0,0
2020-02-04,Modoc,049,8938,0,0,0,0,0
2020-02-04,Mono,051,14174,0,0,0,0,0
2020-02-04,Monterey,053,433212,1,0,0,0,0
2020-02-04,Napa,055,140530,0,0,0,0,0
2020-02-04,Nevada,057,99092,0,0,0,0,0
2020-02-04,Orange,059,3164182,1,1,0,1,0
2020-02-04,Placer,061,380077,0,0,0,0,0
2020-02-04,Plumas,063,18699,0,0,0,0,0
2020-02-04,Riverside,065,2383286,4,0,0,0,0
2020-02-04,Sacramento,067,1510023,0,0,0,0,0
2020-02-04,San Benito,069,59416,0,2,0,2,0
2020-02-04,San Bernardino,071,2135413,3,0,0,0,0
2020-02-04,San Diego,073,3302833,0,0,0,0,0
2020-02-04,San Francisco,075,870044,1,0,0,0,0
2020-02-04,San Joaquin,077,732212,0,0,1,1,0
2020-02-04,San Luis Obispo,079,281455,0,0,0,0,0
2020-02-04,San Mateo,081,765935,0,0,0,0,0
2020-02-04,Santa Barbara,083,443738,0,0,0,0,0
2020-02-04,Santa Clara,085,1922200,2,2,0,2,0
2020-02-04,Santa Cruz,087,273765,0,0,0,0,0
2020-02-04,Shasta,089,179085,0,0,0,0,0
2020-02-04,Sierra,091,2930,0,0,0,0,0
2020-02-04,Siskiyou,093,43540,0,0,0,0,0
2020-02-04,Solano,095,438530,0,0,0,0,0
2020-02-04,Sonoma,097,501317,0,0,0,0,0
2020-02-04,Stanislaus,099,539301,0,0,0,0,0
2020-02-04,Sutter,101,95872,0,0,0,0,0
2020-02-04,Tehama,103,63373,0,0,0,0,0
2020-02-04,Trinity,105,12862,0,0,0,0,0
2020-02-04,Tulare,107,460477,2,0,0,0,0
2020-02-04,Tuolumne,109,53932,0,0,0,0,0
2020-02-04,Ventura,111,848112,0,0,0,0,0
2020-02-04,Yolo,113,214977,0,0,0,0,0
2020-02-04,Yuba,115,75493,0,0,0,0,0
2020-02-03,Alameda,001,1643700,3,0,0,0,0
2020-02-03,Alpine,003,1148,0,0,0,0,0
2020-02-03,Amador,005,37829,0,0,0,0,0
2020-02-03,Butte,007,227075,0,0,0,0,0
2020-02-03,Calaveras,009,45235,0,0,0,0,0
2020-02-03,Colusa,011,21464,0,0,0,0,0
2020-02-03,Contra Costa,013,1133247,2,0,0,0,0
2020-02-03,Del Norte,015,27424,0,0,0,0,0
2020-02-03,El Dorado,017,186661,0,0,0,0,0
2020-02-03,Fresno,019,978130,0,0,0,0,0
2020-02-03,Glenn,021,27897,0,0,0,0,0
2020-02-03,Humboldt,023,135768,0,0,0,0,0
2020-02-03,Imperial,025,180216,0,0,0,0,0
2020-02-03,Inyo,027,18085,0,0,0,0,0
2020-02-03,Kern,029,883053,0,0,0,0,0
2020-02-03,Kings,031,150075,0,0,0,0,0
2020-02-03,Lake,033,64148,0,0,0,0,0
2020-02-03,Lassen,035,31185,0,0,0,0,0
2020-02-03,Los Angeles,037,10098052,21,1,0,1,0
2020-02-03,Madera,039,155013,0,0,0,0,0
2020-02-03,Marin,041,260295,0,0,0,0,0
2020-02-03,Mariposa,043,17540,0,0,0,0,0
2020-02-03,Mendocino,045,87422,0,0,0,0,0
2020-02-03,Merced,047,269075,0,0,0,0,0
2020-02-03,Modoc,049,8938,0,0,0,0,0
2020-02-03,Mono,051,14174,0,0,0,0,0
2020-02-03,Monterey,053,433212,1,0,0,0,0
2020-02-03,Napa,055,140530,0,0,0,0,0
2020-02-03,Nevada,057,99092,0,0,0,0,0
2020-02-03,Orange,059,3164182,1,1,0,1,0
2020-02-03,Placer,061,380077,0,0,0,0,0
2020-02-03,Plumas,063,18699,0,0,0,0,0
2020-02-03,Riverside,065,2383286,4,0,0,0,0
2020-02-03,Sacramento,067,1510023,0,0,0,0,0
2020-02-03,San Benito,069,59416,0,2,0,2,0
2020-02-03,San Bernardino,071,2135413,3,0,0,0,0
2020-02-03,San Diego,073,3302833,0,0,0,0,0
2020-02-03,San Francisco,075,870044,1,0,0,0,0
2020-02-03,San Joaquin,077,732212,0,0,1,1,0
2020-02-03,San Luis Obispo,079,281455,0,0,0,0,0
2020-02-03,San Mateo,081,765935,0,0,0,0,0
2020-02-03,Santa Barbara,083,443738,0,0,0,0,0
2020-02-03,Santa Clara,085,1922200,2,2,0,2,0
2020-02-03,Santa Cruz,087,273765,0,0,0,0,0
2020-02-03,Shasta,089,179085,0,0,0,0,0
2020-02-03,Sierra,091,2930,0,0,0,0,0
2020-02-03,Siskiyou,093,43540,0,0,0,0,0
2020-02-03,Solano,095,438530,0,0,0,0,0
2020-02-03,Sonoma,097,501317,0,0,0,0,0
2020-02-03,Stanislaus,099,539301,0,0,0,0,0
2020-02-03,Sutter,101,95872,0,0,0,0,0
2020-02-03,Tehama,103,63373,0,0,0,0,0
2020-02-03,Trinity,105,12862,0,0,0,0,0
2020-02-03,Tulare,107,460477,2,0,0,0,0
2020-02-03,Tuolumne,109,53932,0,0,0,0,0
2020-02-03,Ventura,111,848112,0,0,0,0,0
2020-02-03,Yolo,113,214977,0,0,0,0,0
2020-02-03,Yuba,115,75493,0,0,0,0,0
2020-02-02,Alameda,001,1643700,3,0,0,0,0
2020-02-02,Alpine,003,1148,0,0,0,0,0
2020-02-02,Amador,005,37829,0,0,0,0,0
2020-02-02,Butte,007,227075,0,0,0,0,0
2020-02-02,Calaveras,009,45235,0,0,0,0,0
2020-02-02,Colusa,011,21464,0,0,0,0,0
2020-02-02,Contra Costa,013,1133247,1,0,0,0,0
2020-02-02,Del Norte,015,27424,0,0,0,0,0
2020-02-02,El Dorado,017,186661,0,0,0,0,0
2020-02-02,Fresno,019,978130,0,0,0,0,0
2020-02-02,Glenn,021,27897,0,0,0,0,0
2020-02-02,Humboldt,023,135768,0,0,0,0,0
2020-02-02,Imperial,025,180216,0,0,0,0,0
2020-02-02,Inyo,027,18085,0,0,0,0,0
2020-02-02,Kern,029,883053,0,0,0,0,0
2020-02-02,Kings,031,150075,0,0,0,0,0
2020-02-02,Lake,033,64148,0,0,0,0,0
2020-02-02,Lassen,035,31185,0,0,0,0,0
2020-02-02,Los Angeles,037,10098052,17,1,0,1,0
2020-02-02,Madera,039,155013,0,0,0,0,0
2020-02-02,Marin,041,260295,0,0,0,0,0
2020-02-02,Mariposa,043,17540,0,0,0,0,0
2020-02-02,Mendocino,045,87422,0,0,0,0,0
2020-02-02,Merced,047,269075,0,0,0,0,0
2020-02-02,Modoc,049,8938,0,0,0,0,0
2020-02-02,Mono,051,14174,0,0,0,0,0
2020-02-02,Monterey,053,433212,1,0,0,0,0
2020-02-02,Napa,055,140530,0,0,0,0,0
2020-02-02,Nevada,057,99092,0,0,0,0,0
2020-02-02,Orange,059,3164182,1,1,0,1,0
2020-02-02,Placer,061,380077,0,0,0,0,0
2020-02-02,Plumas,063,18699,0,0,0,0,0
2020-02-02,Riverside,065,2383286,3,0,0,0,0
2020-02-02,Sacramento,067,1510023,0,0,0,0,0
2020-02-02,San Benito,069,59416,0,2,0,2,0
2020-02-02,San Bernardino,071,2135413,2,0,0,0,0
2020-02-02,San Diego,073,3302833,0,0,0,0,0
2020-02-02,San Francisco,075,870044,1,0,0,0,0
2020-02-02,San Joaquin,077,732212,0,0,1,1,0
2020-02-02,San Luis Obispo,079,281455,0,0,0,0,0
2020-02-02,San Mateo,081,765935,0,0,0,0,0
2020-02-02,Santa Barbara,083,443738,0,0,0,0,0
2020-02-02,Santa Clara,085,1922200,2,2,0,2,0
2020-02-02,Santa Cruz,087,273765,0,0,0,0,0
2020-02-02,Shasta,089,179085,0,0,0,0,0
2020-02-02,Sierra,091,2930,0,0,0,0,0
2020-02-02,Siskiyou,093,43540,0,0,0,0,0
2020-02-02,Solano,095,438530,0,0,0,0,0
2020-02-02,Sonoma,097,501317,0,0,0,0,0
2020-02-02,Stanislaus,099,539301,0,0,0,0,0
2020-02-02,Sutter,101,95872,0,0,0,0,0
2020-02-02,Tehama,103,63373,0,0,0,0,0
2020-02-02,Trinity,105,12862,0,0,0,0,0
2020-02-02,Tulare,107,460477,2,0,0,0,0
2020-02-02,Tuolumne,109,53932,0,0,0,0,0
2020-02-02,Ventura,111,848112,0,0,0,0,0
2020-02-02,Yolo,113,214977,0,0,0,0,0
2020-02-02,Yuba,115,75493,0,0,0,0,0
2020-02-01,Alameda,001,1643700,3,0,0,0,0
2020-02-01,Alpine,003,1148,0,0,0,0,0
2020-02-01,Amador,005,37829,0,0,0,0,0
2020-02-01,Butte,007,227075,0,0,0,0,0
2020-02-01,Calaveras,009,45235,0,0,0,0,0
2020-02-01,Colusa,011,21464,0,0,0,0,0
2020-02-01,Contra Costa,013,1133247,0,0,0,0,0
2020-02-01,Del Norte,015,27424,0,0,0,0,0
2020-02-01,El Dorado,017,186661,0,0,0,0,0
2020-02-01,Fresno,019,978130,0,0,0,0,0
2020-02-01,Glenn,021,27897,0,0,0,0,0
2020-02-01,Humboldt,023,135768,0,0,0,0,0
2020-02-01,Imperial,025,180216,0,0,0,0,0
2020-02-01,Inyo,027,18085,0,0,0,0,0
2020-02-01,Kern,029,883053,0,0,0,0,0
2020-02-01,Kings,031,150075,0,0,0,0,0
2020-02-01,Lake,033,64148,0,0,0,0,0
2020-02-01,Lassen,035,31185,0,0,0,0,0
2020-02-01,Los Angeles,037,10098052,13,1,0,1,0
2020-02-01,Madera,039,155013,0,0,0,0,0
2020-02-01,Marin,041,260295,0,0,0,0,0
2020-02-01,Mariposa,043,17540,0,0,0,0,0
2020-02-01,Mendocino,045,87422,0,0,0,0,0
2020-02-01,Merced,047,269075,0,0,0,0,0
2020-02-01,Modoc,049,8938,0,0,0,0,0
2020-02-01,Mono,051,14174,0,0,0,0,0
2020-02-01,Monterey,053,433212,0,0,0,0,0
2020-02-01,Napa,055,140530,0,0,0,0,0
2020-02-01,Nevada,057,99092,0,0,0,0,0
2020-02-01,Orange,059,3164182,1,1,0,1,0
2020-02-01,Placer,061,380077,0,0,0,0,0
2020-02-01,Plumas,063,18699,0,0,0,0,0
2020-02-01,Riverside,065,2383286,2,0,0,0,0
2020-02-01,Sacramento,067,1510023,0,0,0,0,0
2020-02-01,San Benito,069,59416,0,0,0,0,0
2020-02-01,San Bernardino,071,2135413,1,0,0,0,0
2020-02-01,San Diego,073,3302833,0,0,0,0,0
2020-02-01,San Francisco,075,870044,1,0,0,0,0
2020-02-01,San Joaquin,077,732212,0,0,1,1,0
2020-02-01,San Luis Obispo,079,281455,0,0,0,0,0
2020-02-01,San Mateo,081,765935,0,0,0,0,0
2020-02-01,Santa Barbara,083,443738,0,0,0,0,0
2020-02-01,Santa Clara,085,1922200,2,1,0,1,0
2020-02-01,Santa Cruz,087,273765,0,0,0,0,0
2020-02-01,Shasta,089,179085,0,0,0,0,0
2020-02-01,Sierra,091,2930,0,0,0,0,0
2020-02-01,Siskiyou,093,43540,0,0,0,0,0
2020-02-01,Solano,095,438530,0,0,0,0,0
2020-02-01,Sonoma,097,501317,0,0,0,0,0
2020-02-01,Stanislaus,099,539301,0,0,0,0,0
2020-02-01,Sutter,101,95872,0,0,0,0,0
2020-02-01,Tehama,103,63373,0,0,0,0,0
2020-02-01,Trinity,105,12862,0,0,0,0,0
2020-02-01,Tulare,107,460477,1,0,0,0,0
2020-02-01,Tuolumne,109,53932,0,0,0,0,0
2020-02-01,Ventura,111,848112,0,0,0,0,0
2020-02-01,Yolo,113,214977,0,0,0,0,0
2020-02-01,Yuba,115,75493,0,0,0,0,0
