date,county,fips,population,confirmed_cases,reported_cases,probable_cases,reported_and_probable_cases,reported_deaths
2022-06-09,Alameda,001,1643700,292122,292112,16413,308525,1877
2022-06-09,Alpine,003,1148,129,129,1,130,0
2022-06-09,Amador,005,37829,8926,8869,692,9561,87
2022-06-09,Butte,007,227075,34602,34596,7190,41786,427
2022-06-09,Calaveras,009,45235,7606,7604,404,8008,122
2022-06-09,Colusa,011,21464,3504,3505,1110,4615,21
2022-06-09,Contra Costa,013,1133247,211289,211229,15366,226595,1315
2022-06-09,Del Norte,015,27424,6255,6253,277,6530,52
2022-06-09,El Dorado,017,186661,28639,28641,3465,32106,215
2022-06-09,Fresno,019,978130,240334,240345,25126,265471,2766
2022-06-09,Glenn,021,27897,5105,5104,1655,6759,48
2022-06-09,Humboldt,023,135768,18697,18696,3525,22221,148
2022-06-09,Imperial,025,180216,57139,57129,11300,68429,941
2022-06-09,Inyo,027,18085,4196,4194,610,4804,56
2022-06-09,Kern,029,883053,197432,197353,48569,245922,2338
2022-06-09,Kings,031,150075,52990,52978,3727,56705,447
2022-06-09,Lake,033,64148,11207,11202,949,12151,139
2022-06-09,Lassen,035,31185,9173,9172,921,10093,64
2022-06-09,Los Angeles,037,10098052,2878717,2878981,137920,3016901,31947
2022-06-09,Madera,039,155013,38603,38567,6443,45010,372
2022-06-09,Marin,041,260295,38589,38593,4303,42896,294
2022-06-09,Mariposa,043,17540,2626,2625,230,2855,30
2022-06-09,Mendocino,045,87422,13949,13945,3492,17437,127
2022-06-09,Merced,047,269075,64304,64286,9316,73602,825
2022-06-09,Modoc,049,8938,767,767,258,1025,8
2022-06-09,Mono,051,14174,3052,3052,173,3225,6
2022-06-09,Monterey,053,433212,83488,83391,16063,99454,739
2022-06-09,Napa,055,140530,28201,28202,1185,29387,143
2022-06-09,Nevada,057,99092,16983,16989,1334,18323,127
2022-06-09,Orange,059,3164182,581726,581624,47024,628648,7057
2022-06-09,Placer,061,380077,67344,67306,8010,75316,628
2022-06-09,Plumas,063,18699,3171,3172,387,3559,13
2022-06-09,Riverside,065,2383286,615619,615556,29998,645554,6481
2022-06-09,Sacramento,067,1510023,302752,302721,30197,332918,3058
2022-06-09,San Benito,069,59416,13833,13832,585,14417,99
2022-06-09,San Bernardino,071,2135413,587439,587385,26159,613544,7708
2022-06-09,San Diego,073,3302833,805361,805360,57500,862860,5315
2022-06-09,San Francisco,075,870044,149269,149278,9902,159180,890
2022-06-09,San Joaquin,077,732212,174857,174822,11442,186264,2244
2022-06-09,San Luis Obispo,079,281455,56151,56160,4871,61031,485
2022-06-09,San Mateo,081,765935,141711,141719,8789,150508,715
2022-06-09,Santa Barbara,083,443738,92198,92177,5219,97396,694
2022-06-09,Santa Clara,085,1922200,359947,359925,15392,375317,2322
2022-06-09,Santa Cruz,087,273765,53185,53171,2516,55687,264
2022-06-09,Shasta,089,179085,31491,31483,6327,37810,566
2022-06-09,Sierra,091,2930,278,278,56,334,4
2022-06-09,Siskiyou,093,43540,4634,4633,2901,7534,81
2022-06-09,Solano,095,438530,89528,89424,6251,95675,453
2022-06-09,Sonoma,097,501317,93231,93218,3807,97025,492
2022-06-09,Stanislaus,099,539301,122264,122267,18410,140677,1665
2022-06-09,Sutter,101,95872,21327,21333,2278,23611,227
2022-06-09,Tehama,103,63373,12338,12343,2722,15065,205
2022-06-09,Trinity,105,12862,1213,1213,298,1511,20
2022-06-09,Tulare,107,460477,109516,109467,30378,139845,1495
2022-06-09,Tuolumne,109,53932,13385,13382,612,13994,189
2022-06-09,Ventura,111,848112,183717,183680,10555,194235,1508
2022-06-09,Yolo,113,214977,40205,40202,3569,43771,323
2022-06-09,Yuba,115,75493,16657,16653,1396,18049,123
2022-06-08,Alameda,001,1643700,292122,289661,16413,306074,1873
2022-06-08,Alpine,003,1148,129,128,1,129,0
2022-06-08,Amador,005,37829,8926,8818,692,9510,87
2022-06-08,Butte,007,227075,34602,34380,7190,41570,427
2022-06-08,Calaveras,009,45235,7606,7564,404,7968,122
2022-06-08,Colusa,011,21464,3504,3495,1110,4605,21
2022-06-08,Contra Costa,013,1133247,211289,209384,15366,224750,1310
2022-06-08,Del Norte,015,27424,6255,6229,277,6506,52
2022-06-08,El Dorado,017,186661,28639,28478,3465,31943,215
2022-06-08,Fresno,019,978130,240334,239376,25126,264502,2766
2022-06-08,Glenn,021,27897,5105,5095,1655,6750,48
2022-06-08,Humboldt,023,135768,18697,18598,3525,22123,147
2022-06-08,Imperial,025,180216,57139,56912,11300,68212,941
2022-06-08,Inyo,027,18085,4196,4189,610,4799,56
2022-06-08,Kern,029,883053,197432,196763,48569,245332,2338
2022-06-08,Kings,031,150075,52990,52821,3727,56548,447
2022-06-08,Lake,033,64148,11207,11158,949,12107,137
2022-06-08,Lassen,035,31185,9173,9148,921,10069,64
2022-06-08,Los Angeles,037,10098052,2878717,2865901,137920,3003821,31920
2022-06-08,Madera,039,155013,38603,38408,6443,44851,372
2022-06-08,Marin,041,260295,38589,38338,4303,42641,294
2022-06-08,Mariposa,043,17540,2626,2614,230,2844,30
2022-06-08,Mendocino,045,87422,13949,13859,3492,17351,127
2022-06-08,Merced,047,269075,64304,64080,9316,73396,825
2022-06-08,Modoc,049,8938,767,761,258,1019,8
2022-06-08,Mono,051,14174,3052,3044,173,3217,6
2022-06-08,Monterey,053,433212,83488,83063,16063,99126,740
2022-06-08,Napa,055,140530,28201,27996,1185,29181,143
2022-06-08,Nevada,057,99092,16983,16907,1334,18241,127
2022-06-08,Orange,059,3164182,581726,578530,47024,625554,7044
2022-06-08,Placer,061,380077,67344,66951,8010,74961,627
2022-06-08,Plumas,063,18699,3171,3150,387,3537,13
2022-06-08,Riverside,065,2383286,615619,613469,29998,643467,6480
2022-06-08,Sacramento,067,1510023,302752,300875,30197,331072,3054
2022-06-08,San Benito,069,59416,13833,13734,585,14319,99
2022-06-08,San Bernardino,071,2135413,587439,585029,26159,611188,7685
2022-06-08,San Diego,073,3302833,805361,800840,57500,858340,5308
2022-06-08,San Francisco,075,870044,149269,147960,9902,157862,885
2022-06-08,San Joaquin,077,732212,174857,173887,11442,185329,2241
2022-06-08,San Luis Obispo,079,281455,56151,55822,4871,60693,484
2022-06-08,San Mateo,081,765935,141711,140569,8789,149358,710
2022-06-08,Santa Barbara,083,443738,92198,91747,5219,96966,693
2022-06-08,Santa Clara,085,1922200,359947,356452,15392,371844,2321
2022-06-08,Santa Cruz,087,273765,53185,52753,2516,55269,264
2022-06-08,Shasta,089,179085,31491,31394,6327,37721,565
2022-06-08,Sierra,091,2930,278,278,56,334,4
2022-06-08,Siskiyou,093,43540,4634,4609,2901,7510,81
2022-06-08,Solano,095,438530,89528,88522,6251,94773,453
2022-06-08,Sonoma,097,501317,93231,92644,3807,96451,491
2022-06-08,Stanislaus,099,539301,122264,121787,18410,140197,1662
2022-06-08,Sutter,101,95872,21327,21256,2278,23534,227
2022-06-08,Tehama,103,63373,12338,12306,2722,15028,205
2022-06-08,Trinity,105,12862,1213,1211,298,1509,20
2022-06-08,Tulare,107,460477,109516,109091,30378,139469,1494
2022-06-08,Tuolumne,109,53932,13385,13335,612,13947,189
2022-06-08,Ventura,111,848112,183717,182847,10555,193402,1506
2022-06-08,Yolo,113,214977,40205,39962,3569,43531,321
2022-06-08,Yuba,115,75493,16657,16558,1396,17954,122
2022-06-07,Alameda,001,1643700,292017,289661,16413,306074,1873
2022-06-07,Alpine,003,1148,129,128,1,129,0
2022-06-07,Amador,005,37829,8922,8818,692,9510,87
2022-06-07,Butte,007,227075,34592,34380,7189,41569,427
2022-06-07,Calaveras,009,45235,7597,7564,404,7968,122
2022-06-07,Colusa,011,21464,3504,3495,1109,4604,21
2022-06-07,Contra Costa,013,1133247,211238,209384,15366,224750,1310
2022-06-07,Del Norte,015,27424,6254,6229,277,6506,52
2022-06-07,El Dorado,017,186661,28614,28478,3463,31941,215
2022-06-07,Fresno,019,978130,240280,239376,25126,264502,2766
2022-06-07,Glenn,021,27897,5104,5095,1655,6750,48
2022-06-07,Humboldt,023,135768,18694,18598,3525,22123,147
2022-06-07,Imperial,025,180216,57124,56912,11300,68212,941
2022-06-07,Inyo,027,18085,4195,4189,606,4795,56
2022-06-07,Kern,029,883053,197389,196763,48569,245332,2338
2022-06-07,Kings,031,150075,52973,52821,3725,56546,447
2022-06-07,Lake,033,64148,11196,11158,949,12107,137
2022-06-07,Lassen,035,31185,9171,9148,921,10069,64
2022-06-07,Los Angeles,037,10098052,2878670,2865901,137916,3003817,31920
2022-06-07,Madera,039,155013,38579,38408,6443,44851,372
2022-06-07,Marin,041,260295,38567,38338,4294,42632,294
2022-06-07,Mariposa,043,17540,2625,2614,230,2844,30
2022-06-07,Mendocino,045,87422,13943,13859,3492,17351,127
2022-06-07,Merced,047,269075,64297,64080,9316,73396,825
2022-06-07,Modoc,049,8938,767,761,258,1019,8
2022-06-07,Mono,051,14174,3051,3044,170,3214,6
2022-06-07,Monterey,053,433212,83460,83063,16063,99126,740
2022-06-07,Napa,055,140530,28194,27996,1185,29181,143
2022-06-07,Nevada,057,99092,16981,16907,1334,18241,127
2022-06-07,Orange,059,3164182,581554,578530,47024,625554,7044
2022-06-07,Placer,061,380077,67331,66951,8010,74961,627
2022-06-07,Plumas,063,18699,3167,3150,387,3537,13
2022-06-07,Riverside,065,2383286,615517,613469,29998,643467,6480
2022-06-07,Sacramento,067,1510023,302668,300875,30197,331072,3054
2022-06-07,San Benito,069,59416,13822,13734,585,14319,99
2022-06-07,San Bernardino,071,2135413,587301,585029,26159,611188,7685
2022-06-07,San Diego,073,3302833,805140,800840,57442,858282,5308
2022-06-07,San Francisco,075,870044,149190,147960,9902,157862,885
2022-06-07,San Joaquin,077,732212,174798,173887,11434,185321,2241
2022-06-07,San Luis Obispo,079,281455,56130,55822,4868,60690,484
2022-06-07,San Mateo,081,765935,141662,140569,8787,149356,710
2022-06-07,Santa Barbara,083,443738,92165,91747,5219,96966,693
2022-06-07,Santa Clara,085,1922200,359823,356452,15392,371844,2321
2022-06-07,Santa Cruz,087,273765,53180,52753,2516,55269,264
2022-06-07,Shasta,089,179085,31491,31394,6327,37721,565
2022-06-07,Sierra,091,2930,278,278,56,334,4
2022-06-07,Siskiyou,093,43540,4629,4609,2895,7504,81
2022-06-07,Solano,095,438530,89502,88522,6251,94773,453
2022-06-07,Sonoma,097,501317,93205,92644,3802,96446,491
2022-06-07,Stanislaus,099,539301,122234,121787,18406,140193,1662
2022-06-07,Sutter,101,95872,21317,21256,2278,23534,227
2022-06-07,Tehama,103,63373,12335,12306,2722,15028,205
2022-06-07,Trinity,105,12862,1213,1211,298,1509,20
2022-06-07,Tulare,107,460477,109486,109091,30372,139463,1494
2022-06-07,Tuolumne,109,53932,13373,13335,612,13947,189
2022-06-07,Ventura,111,848112,183676,182847,10554,193401,1506
2022-06-07,Yolo,113,214977,40196,39962,3569,43531,321
2022-06-07,Yuba,115,75493,16650,16558,1396,17954,122
2022-06-06,Alameda,001,1643700,291381,289661,16413,306074,1873
2022-06-06,Alpine,003,1148,129,128,1,129,0
2022-06-06,Amador,005,37829,8920,8818,692,9510,87
2022-06-06,Butte,007,227075,34557,34380,7189,41569,427
2022-06-06,Calaveras,009,45235,7590,7564,404,7968,122
2022-06-06,Colusa,011,21464,3503,3495,1108,4603,21
2022-06-06,Contra Costa,013,1133247,210854,209384,15366,224750,1310
2022-06-06,Del Norte,015,27424,6247,6229,277,6506,52
2022-06-06,El Dorado,017,186661,28588,28478,3462,31940,215
2022-06-06,Fresno,019,978130,240067,239376,25126,264502,2766
2022-06-06,Glenn,021,27897,5103,5095,1655,6750,48
2022-06-06,Humboldt,023,135768,18677,18598,3525,22123,147
2022-06-06,Imperial,025,180216,57084,56912,11298,68210,941
2022-06-06,Inyo,027,18085,4195,4189,603,4792,56
2022-06-06,Kern,029,883053,197327,196763,48561,245324,2338
2022-06-06,Kings,031,150075,52945,52821,3723,56544,447
2022-06-06,Lake,033,64148,11191,11158,949,12107,137
2022-06-06,Lassen,035,31185,9163,9148,921,10069,64
2022-06-06,Los Angeles,037,10098052,2877367,2865901,137701,3003602,31920
2022-06-06,Madera,039,155013,38552,38408,6443,44851,372
2022-06-06,Marin,041,260295,38497,38338,4270,42608,294
2022-06-06,Mariposa,043,17540,2622,2614,230,2844,30
2022-06-06,Mendocino,045,87422,13924,13859,3492,17351,127
2022-06-06,Merced,047,269075,64248,64080,9316,73396,825
2022-06-06,Modoc,049,8938,765,761,258,1019,8
2022-06-06,Mono,051,14174,3049,3044,169,3213,6
2022-06-06,Monterey,053,433212,83403,83063,16056,99119,740
2022-06-06,Napa,055,140530,28147,27996,1185,29181,143
2022-06-06,Nevada,057,99092,16976,16907,1334,18241,127
2022-06-06,Orange,059,3164182,580989,578530,47024,625554,7044
2022-06-06,Placer,061,380077,67277,66951,8010,74961,627
2022-06-06,Plumas,063,18699,3161,3150,387,3537,13
2022-06-06,Riverside,065,2383286,615164,613469,29996,643465,6480
2022-06-06,Sacramento,067,1510023,302277,300875,30195,331070,3054
2022-06-06,San Benito,069,59416,13805,13734,585,14319,99
2022-06-06,San Bernardino,071,2135413,586830,585029,26158,611187,7685
2022-06-06,San Diego,073,3302833,804247,800840,57301,858141,5308
2022-06-06,San Francisco,075,870044,148806,147960,9902,157862,885
2022-06-06,San Joaquin,077,732212,174592,173887,11426,185313,2241
2022-06-06,San Luis Obispo,079,281455,56091,55822,4855,60677,484
2022-06-06,San Mateo,081,765935,141356,140569,8785,149354,710
2022-06-06,Santa Barbara,083,443738,92070,91747,5219,96966,693
2022-06-06,Santa Clara,085,1922200,358875,356452,15392,371844,2321
2022-06-06,Santa Cruz,087,273765,53138,52753,2515,55268,264
2022-06-06,Shasta,089,179085,31479,31394,6327,37721,565
2022-06-06,Sierra,091,2930,278,278,56,334,4
2022-06-06,Siskiyou,093,43540,4624,4609,2894,7503,81
2022-06-06,Solano,095,438530,89320,88522,6251,94773,453
2022-06-06,Sonoma,097,501317,93095,92644,3795,96439,491
2022-06-06,Stanislaus,099,539301,122147,121787,18395,140182,1662
2022-06-06,Sutter,101,95872,21291,21256,2278,23534,227
2022-06-06,Tehama,103,63373,12333,12306,2722,15028,205
2022-06-06,Trinity,105,12862,1212,1211,298,1509,20
2022-06-06,Tulare,107,460477,109413,109091,30356,139447,1494
2022-06-06,Tuolumne,109,53932,13364,13335,612,13947,189
2022-06-06,Ventura,111,848112,183518,182847,10551,193398,1506
2022-06-06,Yolo,113,214977,40158,39962,3569,43531,321
2022-06-06,Yuba,115,75493,16622,16558,1392,17950,122
2022-06-05,Alameda,001,1643700,290404,285785,16413,302198,1873
2022-06-05,Alpine,003,1148,128,128,1,129,0
2022-06-05,Amador,005,37829,8890,8775,692,9467,87
2022-06-05,Butte,007,227075,34482,34129,7189,41318,427
2022-06-05,Calaveras,009,45235,7576,7525,404,7929,121
2022-06-05,Colusa,011,21464,3498,3484,1108,4592,21
2022-06-05,Contra Costa,013,1133247,210232,206711,15366,222077,1310
2022-06-05,Del Norte,015,27424,6242,6206,277,6483,52
2022-06-05,El Dorado,017,186661,28527,28241,3462,31703,214
2022-06-05,Fresno,019,978130,239644,237945,25125,263070,2766
2022-06-05,Glenn,021,27897,5095,5063,1655,6718,48
2022-06-05,Humboldt,023,135768,18626,18433,3524,21957,147
2022-06-05,Imperial,025,180216,57005,56690,11286,67976,941
2022-06-05,Inyo,027,18085,4191,4176,600,4776,56
2022-06-05,Kern,029,883053,197084,195863,48550,244413,2338
2022-06-05,Kings,031,150075,52870,52597,3718,56315,447
2022-06-05,Lake,033,64148,11175,11064,949,12013,137
2022-06-05,Lassen,035,31185,9155,9106,920,10026,64
2022-06-05,Los Angeles,037,10098052,2872958,2846989,137355,2984344,31899
2022-06-05,Madera,039,155013,38494,38188,6443,44631,372
2022-06-05,Marin,041,260295,38407,37879,4240,42119,294
2022-06-05,Mariposa,043,17540,2620,2557,230,2787,30
2022-06-05,Mendocino,045,87422,13901,13738,3492,17230,125
2022-06-05,Merced,047,269075,64169,63756,9316,73072,825
2022-06-05,Modoc,049,8938,764,759,258,1017,8
2022-06-05,Mono,051,14174,3048,3037,169,3206,6
2022-06-05,Monterey,053,433212,83282,82451,16026,98477,738
2022-06-05,Napa,055,140530,28044,27686,1184,28870,143
2022-06-05,Nevada,057,99092,16923,16728,1333,18061,127
2022-06-05,Orange,059,3164182,579861,574146,47024,621170,7038
2022-06-05,Placer,061,380077,67156,66428,8009,74437,627
2022-06-05,Plumas,063,18699,3157,3138,387,3525,13
2022-06-05,Riverside,065,2383286,614414,610369,29993,640362,6481
2022-06-05,Sacramento,067,1510023,301433,297787,30195,327982,3052
2022-06-05,San Benito,069,59416,13760,13572,585,14157,99
2022-06-05,San Bernardino,071,2135413,586024,582305,26155,608460,7664
2022-06-05,San Diego,073,3302833,802570,794822,57137,851959,5303
2022-06-05,San Francisco,075,870044,148326,145876,9902,155778,881
2022-06-05,San Joaquin,077,732212,174186,172621,11416,184037,2242
2022-06-05,San Luis Obispo,079,281455,55951,55333,4815,60148,484
2022-06-05,San Mateo,081,765935,140915,138536,8783,147319,710
2022-06-05,Santa Barbara,083,443738,91897,90911,5219,96130,693
2022-06-05,Santa Clara,085,1922200,357669,351492,15391,366883,2317
2022-06-05,Santa Cruz,087,273765,52949,52333,2514,54847,263
2022-06-05,Shasta,089,179085,31445,31272,6327,37599,565
2022-06-05,Sierra,091,2930,278,278,56,334,4
2022-06-05,Siskiyou,093,43540,4619,4591,2892,7483,81
2022-06-05,Solano,095,438530,89023,87571,6251,93822,452
2022-06-05,Sonoma,097,501317,92851,91518,3788,95306,491
2022-06-05,Stanislaus,099,539301,121969,121001,18367,139368,1661
2022-06-05,Sutter,101,95872,21260,21125,2277,23402,227
2022-06-05,Tehama,103,63373,12316,12262,2721,14983,204
2022-06-05,Trinity,105,12862,1212,1204,298,1502,20
2022-06-05,Tulare,107,460477,109252,108598,30338,138936,1490
2022-06-05,Tuolumne,109,53932,13345,13251,612,13863,189
2022-06-05,Ventura,111,848112,183207,181709,10549,192258,1505
2022-06-05,Yolo,113,214977,40096,39561,3566,43127,321
2022-06-05,Yuba,115,75493,16586,16467,1387,17854,122
2022-06-04,Alameda,001,1643700,290044,285785,16405,302190,1873
2022-06-04,Alpine,003,1148,128,128,1,129,0
2022-06-04,Amador,005,37829,8885,8775,692,9467,87
2022-06-04,Butte,007,227075,34448,34129,7186,41315,427
2022-06-04,Calaveras,009,45235,7571,7525,403,7928,121
2022-06-04,Colusa,011,21464,3497,3484,1107,4591,21
2022-06-04,Contra Costa,013,1133247,209948,206711,15360,222071,1310
2022-06-04,Del Norte,015,27424,6240,6206,277,6483,52
2022-06-04,El Dorado,017,186661,28496,28241,3457,31698,214
2022-06-04,Fresno,019,978130,239526,237945,25122,263067,2766
2022-06-04,Glenn,021,27897,5094,5063,1653,6716,48
2022-06-04,Humboldt,023,135768,18615,18433,3524,21957,147
2022-06-04,Imperial,025,180216,56965,56690,11283,67973,941
2022-06-04,Inyo,027,18085,4191,4176,599,4775,56
2022-06-04,Kern,029,883053,197001,195863,48549,244412,2338
2022-06-04,Kings,031,150075,52834,52597,3718,56315,447
2022-06-04,Lake,033,64148,11168,11064,948,12012,137
2022-06-04,Lassen,035,31185,9150,9106,919,10025,64
2022-06-04,Los Angeles,037,10098052,2871009,2846989,137162,2984151,31899
2022-06-04,Madera,039,155013,38465,38188,6443,44631,372
2022-06-04,Marin,041,260295,38347,37879,4207,42086,294
2022-06-04,Mariposa,043,17540,2618,2557,230,2787,30
2022-06-04,Mendocino,045,87422,13896,13738,3492,17230,125
2022-06-04,Merced,047,269075,64147,63756,9316,73072,825
2022-06-04,Modoc,049,8938,763,759,258,1017,8
2022-06-04,Mono,051,14174,3048,3037,169,3206,6
2022-06-04,Monterey,053,433212,83234,82451,16013,98464,738
2022-06-04,Napa,055,140530,28023,27686,1184,28870,143
2022-06-04,Nevada,057,99092,16916,16728,1332,18060,127
2022-06-04,Orange,059,3164182,579247,574146,46928,621074,7038
2022-06-04,Placer,061,380077,67088,66428,8009,74437,627
2022-06-04,Plumas,063,18699,3156,3138,387,3525,13
2022-06-04,Riverside,065,2383286,614030,610369,29983,640352,6481
2022-06-04,Sacramento,067,1510023,301158,297787,30192,327979,3052
2022-06-04,San Benito,069,59416,13736,13572,583,14155,99
2022-06-04,San Bernardino,071,2135413,585725,582305,26153,608458,7664
2022-06-04,San Diego,073,3302833,801905,794822,57095,851917,5303
2022-06-04,San Francisco,075,870044,148107,145876,9898,155774,881
2022-06-04,San Joaquin,077,732212,174096,172621,11403,184024,2242
2022-06-04,San Luis Obispo,079,281455,55917,55333,4811,60144,484
2022-06-04,San Mateo,081,765935,140704,138536,8774,147310,710
2022-06-04,Santa Barbara,083,443738,91821,90911,5218,96129,693
2022-06-04,Santa Clara,085,1922200,357002,351492,15384,366876,2317
2022-06-04,Santa Cruz,087,273765,52909,52333,2513,54846,263
2022-06-04,Shasta,089,179085,31430,31272,6327,37599,565
2022-06-04,Sierra,091,2930,278,278,56,334,4
2022-06-04,Siskiyou,093,43540,4618,4591,2890,7481,81
2022-06-04,Solano,095,438530,88942,87571,6248,93819,452
2022-06-04,Sonoma,097,501317,92765,91518,3782,95300,491
2022-06-04,Stanislaus,099,539301,121873,121001,18359,139360,1661
2022-06-04,Sutter,101,95872,21238,21125,2272,23397,227
2022-06-04,Tehama,103,63373,12311,12262,2721,14983,204
2022-06-04,Trinity,105,12862,1212,1204,298,1502,20
2022-06-04,Tulare,107,460477,109213,108598,30314,138912,1490
2022-06-04,Tuolumne,109,53932,13341,13251,611,13862,189
2022-06-04,Ventura,111,848112,183088,181709,10547,192256,1505
2022-06-04,Yolo,113,214977,40055,39561,3565,43126,321
2022-06-04,Yuba,115,75493,16573,16467,1384,17851,122
2022-06-03,Alameda,001,1643700,289600,285785,16388,302173,1873
2022-06-03,Alpine,003,1148,128,128,1,129,0
2022-06-03,Amador,005,37829,8884,8775,692,9467,87
2022-06-03,Butte,007,227075,34408,34129,7180,41309,427
2022-06-03,Calaveras,009,45235,7569,7525,403,7928,121
2022-06-03,Colusa,011,21464,3497,3484,1107,4591,21
2022-06-03,Contra Costa,013,1133247,209708,206711,15354,222065,1310
2022-06-03,Del Norte,015,27424,6236,6206,277,6483,52
2022-06-03,El Dorado,017,186661,28474,28241,3456,31697,214
2022-06-03,Fresno,019,978130,239342,237945,25119,263064,2766
2022-06-03,Glenn,021,27897,5086,5063,1652,6715,48
2022-06-03,Humboldt,023,135768,18603,18433,3523,21956,147
2022-06-03,Imperial,025,180216,56936,56690,11282,67972,941
2022-06-03,Inyo,027,18085,4191,4176,599,4775,56
2022-06-03,Kern,029,883053,196889,195863,48546,244409,2338
2022-06-03,Kings,031,150075,52817,52597,3718,56315,447
2022-06-03,Lake,033,64148,11158,11064,948,12012,137
2022-06-03,Lassen,035,31185,9146,9106,919,10025,64
2022-06-03,Los Angeles,037,10098052,2868405,2846989,136944,2983933,31899
2022-06-03,Madera,039,155013,38430,38188,6442,44630,372
2022-06-03,Marin,041,260295,38297,37879,4175,42054,294
2022-06-03,Mariposa,043,17540,2615,2557,230,2787,30
2022-06-03,Mendocino,045,87422,13882,13738,3492,17230,125
2022-06-03,Merced,047,269075,64114,63756,9316,73072,825
2022-06-03,Modoc,049,8938,763,759,258,1017,8
2022-06-03,Mono,051,14174,3045,3037,169,3206,6
2022-06-03,Monterey,053,433212,83157,82451,15990,98441,738
2022-06-03,Napa,055,140530,27992,27686,1180,28866,143
2022-06-03,Nevada,057,99092,16907,16728,1332,18060,127
2022-06-03,Orange,059,3164182,578579,574146,46811,620957,7038
2022-06-03,Placer,061,380077,67027,66428,8004,74432,627
2022-06-03,Plumas,063,18699,3156,3138,387,3525,13
2022-06-03,Riverside,065,2383286,613632,610369,29955,640324,6481
2022-06-03,Sacramento,067,1510023,300746,297787,30172,327959,3052
2022-06-03,San Benito,069,59416,13722,13572,580,14152,99
2022-06-03,San Bernardino,071,2135413,585388,582305,26136,608441,7664
2022-06-03,San Diego,073,3302833,801014,794822,57014,851836,5303
2022-06-03,San Francisco,075,870044,147817,145876,9869,155745,881
2022-06-03,San Joaquin,077,732212,173970,172621,11398,184019,2242
2022-06-03,San Luis Obispo,079,281455,55877,55333,4803,60136,484
2022-06-03,San Mateo,081,765935,140473,138536,8762,147298,710
2022-06-03,Santa Barbara,083,443738,91726,90911,5216,96127,693
2022-06-03,Santa Clara,085,1922200,356264,351492,15359,366851,2317
2022-06-03,Santa Cruz,087,273765,52802,52333,2511,54844,263
2022-06-03,Shasta,089,179085,31424,31272,6327,37599,565
2022-06-03,Sierra,091,2930,278,278,56,334,4
2022-06-03,Siskiyou,093,43540,4615,4591,2890,7481,81
2022-06-03,Solano,095,438530,88830,87571,6241,93812,452
2022-06-03,Sonoma,097,501317,92660,91518,3772,95290,491
2022-06-03,Stanislaus,099,539301,121786,121001,18348,139349,1661
2022-06-03,Sutter,101,95872,21217,21125,2271,23396,227
2022-06-03,Tehama,103,63373,12310,12262,2721,14983,204
2022-06-03,Trinity,105,12862,1210,1204,298,1502,20
2022-06-03,Tulare,107,460477,109166,108598,30282,138880,1490
2022-06-03,Tuolumne,109,53932,13334,13251,611,13862,189
2022-06-03,Ventura,111,848112,182937,181709,10538,192247,1505
2022-06-03,Yolo,113,214977,40012,39561,3564,43125,321
2022-06-03,Yuba,115,75493,16553,16467,1382,17849,122
2022-06-02,Alameda,001,1643700,288753,285785,16332,302117,1873
2022-06-02,Alpine,003,1148,128,128,1,129,0
2022-06-02,Amador,005,37829,8866,8775,691,9466,87
2022-06-02,Butte,007,227075,34344,34129,7164,41293,427
2022-06-02,Calaveras,009,45235,7562,7525,402,7927,121
2022-06-02,Colusa,011,21464,3496,3484,1107,4591,21
2022-06-02,Contra Costa,013,1133247,209170,206711,15286,221997,1310
2022-06-02,Del Norte,015,27424,6226,6206,274,6480,52
2022-06-02,El Dorado,017,186661,28415,28241,3450,31691,214
2022-06-02,Fresno,019,978130,239052,237945,25093,263038,2766
2022-06-02,Glenn,021,27897,5078,5063,1648,6711,48
2022-06-02,Humboldt,023,135768,18566,18433,3512,21945,147
2022-06-02,Imperial,025,180216,56889,56690,11274,67964,941
2022-06-02,Inyo,027,18085,4191,4176,596,4772,56
2022-06-02,Kern,029,883053,196638,195863,48502,244365,2338
2022-06-02,Kings,031,150075,52763,52597,3714,56311,447
2022-06-02,Lake,033,64148,11140,11064,948,12012,137
2022-06-02,Lassen,035,31185,9137,9106,919,10025,64
2022-06-02,Los Angeles,037,10098052,2863621,2846989,136595,2983584,31899
2022-06-02,Madera,039,155013,38382,38188,6437,44625,372
2022-06-02,Marin,041,260295,38211,37879,4144,42023,294
2022-06-02,Mariposa,043,17540,2611,2557,230,2787,30
2022-06-02,Mendocino,045,87422,13862,13738,3486,17224,125
2022-06-02,Merced,047,269075,64054,63756,9311,73067,825
2022-06-02,Modoc,049,8938,762,759,258,1017,8
2022-06-02,Mono,051,14174,3045,3037,168,3205,6
2022-06-02,Monterey,053,433212,83024,82451,15929,98380,738
2022-06-02,Napa,055,140530,27934,27686,1179,28865,143
2022-06-02,Nevada,057,99092,16875,16728,1330,18058,127
2022-06-02,Orange,059,3164182,577561,574146,46659,620805,7038
2022-06-02,Placer,061,380077,66924,66428,7999,74427,627
2022-06-02,Plumas,063,18699,3151,3138,387,3525,13
2022-06-02,Riverside,065,2383286,613054,610369,29912,640281,6481
2022-06-02,Sacramento,067,1510023,300171,297787,30070,327857,3052
2022-06-02,San Benito,069,59416,13690,13572,579,14151,99
2022-06-02,San Bernardino,071,2135413,584786,582305,26112,608417,7664
2022-06-02,San Diego,073,3302833,799686,794822,56902,851724,5303
2022-06-02,San Francisco,075,870044,147430,145876,9817,155693,881
2022-06-02,San Joaquin,077,732212,173691,172621,11384,184005,2242
2022-06-02,San Luis Obispo,079,281455,55750,55333,4783,60116,484
2022-06-02,San Mateo,081,765935,140147,138536,8714,147250,710
2022-06-02,Santa Barbara,083,443738,91567,90911,5212,96123,693
2022-06-02,Santa Clara,085,1922200,355281,351492,15245,366737,2317
2022-06-02,Santa Cruz,087,273765,52704,52333,2504,54837,263
2022-06-02,Shasta,089,179085,31399,31272,6323,37595,565
2022-06-02,Sierra,091,2930,278,278,56,334,4
2022-06-02,Siskiyou,093,43540,4609,4591,2880,7471,81
2022-06-02,Solano,095,438530,88601,87571,6232,93803,452
2022-06-02,Sonoma,097,501317,92461,91518,3760,95278,491
2022-06-02,Stanislaus,099,539301,121639,121001,18329,139330,1661
2022-06-02,Sutter,101,95872,21191,21125,2266,23391,227
2022-06-02,Tehama,103,63373,12299,12262,2718,14980,204
2022-06-02,Trinity,105,12862,1208,1204,298,1502,20
2022-06-02,Tulare,107,460477,109066,108598,30226,138824,1490
2022-06-02,Tuolumne,109,53932,13316,13251,611,13862,189
2022-06-02,Ventura,111,848112,182690,181709,10524,192233,1505
2022-06-02,Yolo,113,214977,39940,39561,3560,43121,321
2022-06-02,Yuba,115,75493,16534,16467,1375,17842,122
2022-06-01,Alameda,001,1643700,287783,284051,16281,300332,1868
2022-06-01,Alpine,003,1148,128,128,1,129,0
2022-06-01,Amador,005,37829,8862,8741,690,9431,87
2022-06-01,Butte,007,227075,34280,34059,7149,41208,427
2022-06-01,Calaveras,009,45235,7556,7502,400,7902,120
2022-06-01,Colusa,011,21464,3493,3476,1107,4583,21
2022-06-01,Contra Costa,013,1133247,208568,205699,15218,220917,1310
2022-06-01,Del Norte,015,27424,6217,6188,272,6460,51
2022-06-01,El Dorado,017,186661,28358,28133,3437,31570,214
2022-06-01,Fresno,019,978130,238722,237367,25058,262425,2765
2022-06-01,Glenn,021,27897,5073,5059,1647,6706,48
2022-06-01,Humboldt,023,135768,18524,18371,3492,21863,147
2022-06-01,Imperial,025,180216,56836,56445,11254,67699,938
2022-06-01,Inyo,027,18085,4188,4171,590,4761,56
2022-06-01,Kern,029,883053,196442,195438,48471,243909,2336
2022-06-01,Kings,031,150075,52711,52491,3707,56198,447
2022-06-01,Lake,033,64148,11120,11024,947,11971,137
2022-06-01,Lassen,035,31185,9123,9083,916,9999,64
2022-06-01,Los Angeles,037,10098052,2858281,2836856,136236,2973092,31882
2022-06-01,Madera,039,155013,38347,38115,6428,44543,372
2022-06-01,Marin,041,260295,38109,37654,4110,41764,293
2022-06-01,Mariposa,043,17540,2596,2549,229,2778,30
2022-06-01,Mendocino,045,87422,13837,13692,3477,17169,125
2022-06-01,Merced,047,269075,63994,63637,9302,72939,824
2022-06-01,Modoc,049,8938,761,755,258,1013,8
2022-06-01,Mono,051,14174,3043,3035,167,3202,6
2022-06-01,Monterey,053,433212,82880,82215,15883,98098,737
2022-06-01,Napa,055,140530,27868,27580,1171,28751,143
2022-06-01,Nevada,057,99092,16839,16693,1325,18018,127
2022-06-01,Orange,059,3164182,576305,571973,46495,618468,7032
2022-06-01,Placer,061,380077,66798,66199,7987,74186,627
2022-06-01,Plumas,063,18699,3146,3117,386,3503,13
2022-06-01,Riverside,065,2383286,612371,608913,29875,638788,6480
2022-06-01,Sacramento,067,1510023,299460,296457,29964,326421,3045
2022-06-01,San Benito,069,59416,13652,13510,578,14088,98
2022-06-01,San Bernardino,071,2135413,584144,580767,26080,606847,7641
2022-06-01,San Diego,073,3302833,798025,791557,56749,848306,5292
2022-06-01,San Francisco,075,870044,146947,144476,9778,154254,879
2022-06-01,San Joaquin,077,732212,173417,172170,11358,183528,2241
2022-06-01,San Luis Obispo,079,281455,55589,55099,4750,59849,482
2022-06-01,San Mateo,081,765935,139713,137566,8659,146225,710
2022-06-01,Santa Barbara,083,443738,91392,90531,5204,95735,693
2022-06-01,Santa Clara,085,1922200,354209,348742,15177,363919,2317
2022-06-01,Santa Cruz,087,273765,52607,52141,2495,54636,263
2022-06-01,Shasta,089,179085,31372,31247,6321,37568,564
2022-06-01,Sierra,091,2930,278,280,56,336,4
2022-06-01,Siskiyou,093,43540,4603,4574,2875,7449,81
2022-06-01,Solano,095,438530,88374,87206,6204,93410,452
2022-06-01,Sonoma,097,501317,92232,91174,3743,94917,491
2022-06-01,Stanislaus,099,539301,121463,120778,18313,139091,1656
2022-06-01,Sutter,101,95872,21160,21065,2261,23326,227
2022-06-01,Tehama,103,63373,12291,12245,2714,14959,204
2022-06-01,Trinity,105,12862,1207,1200,297,1497,20
2022-06-01,Tulare,107,460477,108964,108401,30176,138577,1490
2022-06-01,Tuolumne,109,53932,13304,13221,610,13831,189
2022-06-01,Ventura,111,848112,182427,181163,10510,191673,1503
2022-06-01,Yolo,113,214977,39887,39371,3550,42921,320
2022-06-01,Yuba,115,75493,16512,16406,1369,17775,122
2022-05-31,Alameda,001,1643700,286737,284051,16229,300280,1868
2022-05-31,Alpine,003,1148,128,128,1,129,0
2022-05-31,Amador,005,37829,8846,8741,690,9431,87
2022-05-31,Butte,007,227075,34217,34059,7124,41183,427
2022-05-31,Calaveras,009,45235,7545,7502,400,7902,120
2022-05-31,Colusa,011,21464,3489,3476,1106,4582,21
2022-05-31,Contra Costa,013,1133247,207873,205699,15153,220852,1310
2022-05-31,Del Norte,015,27424,6208,6188,269,6457,51
2022-05-31,El Dorado,017,186661,28302,28133,3434,31567,214
2022-05-31,Fresno,019,978130,238353,237367,25009,262376,2765
2022-05-31,Glenn,021,27897,5069,5059,1646,6705,48
2022-05-31,Humboldt,023,135768,18498,18371,3473,21844,147
2022-05-31,Imperial,025,180216,56776,56445,11233,67678,938
2022-05-31,Inyo,027,18085,4184,4171,588,4759,56
2022-05-31,Kern,029,883053,196218,195438,48397,243835,2336
2022-05-31,Kings,031,150075,52662,52491,3700,56191,447
2022-05-31,Lake,033,64148,11103,11024,943,11967,137
2022-05-31,Lassen,035,31185,9111,9083,915,9998,64
2022-05-31,Los Angeles,037,10098052,2852737,2836856,135851,2972707,31882
2022-05-31,Madera,039,155013,38282,38115,6415,44530,372
2022-05-31,Marin,041,260295,37981,37654,4076,41730,293
2022-05-31,Mariposa,043,17540,2591,2549,228,2777,30
2022-05-31,Mendocino,045,87422,13807,13692,3464,17156,125
2022-05-31,Merced,047,269075,63918,63637,9286,72923,824
2022-05-31,Modoc,049,8938,759,755,258,1013,8
2022-05-31,Mono,051,14174,3039,3035,166,3201,6
2022-05-31,Monterey,053,433212,82738,82215,15825,98040,737
2022-05-31,Napa,055,140530,27787,27580,1166,28746,143
2022-05-31,Nevada,057,99092,16795,16693,1324,18017,127
2022-05-31,Orange,059,3164182,575085,571973,46296,618269,7032
2022-05-31,Placer,061,380077,66654,66199,7972,74171,627
2022-05-31,Plumas,063,18699,3143,3117,385,3502,13
2022-05-31,Riverside,065,2383286,611540,608913,29815,638728,6480
2022-05-31,Sacramento,067,1510023,298636,296457,29814,326271,3045
2022-05-31,San Benito,069,59416,13595,13510,576,14086,98
2022-05-31,San Bernardino,071,2135413,583324,580767,26053,606820,7641
2022-05-31,San Diego,073,3302833,796201,791557,56614,848171,5292
2022-05-31,San Francisco,075,870044,146345,144476,9738,154214,879
2022-05-31,San Joaquin,077,732212,173076,172170,11322,183492,2241
2022-05-31,San Luis Obispo,079,281455,55456,55099,4680,59779,482
2022-05-31,San Mateo,081,765935,139197,137566,8629,146195,710
2022-05-31,Santa Barbara,083,443738,91175,90531,5193,95724,693
2022-05-31,Santa Clara,085,1922200,352798,348742,15100,363842,2317
2022-05-31,Santa Cruz,087,273765,52505,52141,2479,54620,263
2022-05-31,Shasta,089,179085,31339,31247,6313,37560,564
2022-05-31,Sierra,091,2930,278,280,55,335,4
2022-05-31,Siskiyou,093,43540,4600,4574,2868,7442,81
2022-05-31,Solano,095,438530,88062,87206,6182,93388,452
2022-05-31,Sonoma,097,501317,91961,91174,3717,94891,491
2022-05-31,Stanislaus,099,539301,121279,120778,18290,139068,1656
2022-05-31,Sutter,101,95872,21132,21065,2256,23321,227
2022-05-31,Tehama,103,63373,12283,12245,2710,14955,204
2022-05-31,Trinity,105,12862,1206,1200,297,1497,20
2022-05-31,Tulare,107,460477,108835,108401,30117,138518,1490
2022-05-31,Tuolumne,109,53932,13294,13221,608,13829,189
2022-05-31,Ventura,111,848112,182128,181163,10483,191646,1503
2022-05-31,Yolo,113,214977,39769,39371,3538,42909,320
2022-05-31,Yuba,115,75493,16481,16406,1364,17770,122
2022-05-30,Alameda,001,1643700,285384,284051,16152,300203,1868
2022-05-30,Alpine,003,1148,128,128,1,129,0
2022-05-30,Amador,005,37829,8834,8741,689,9430,87
2022-05-30,Butte,007,227075,34143,34059,7102,41161,427
2022-05-30,Calaveras,009,45235,7535,7502,400,7902,120
2022-05-30,Colusa,011,21464,3485,3476,1105,4581,21
2022-05-30,Contra Costa,013,1133247,207032,205699,15041,220740,1310
2022-05-30,Del Norte,015,27424,6195,6188,268,6456,51
2022-05-30,El Dorado,017,186661,28228,28133,3424,31557,214
2022-05-30,Fresno,019,978130,237889,237367,24958,262325,2765
2022-05-30,Glenn,021,27897,5063,5059,1644,6703,48
2022-05-30,Humboldt,023,135768,18446,18371,3445,21816,147
2022-05-30,Imperial,025,180216,56693,56445,11201,67646,938
2022-05-30,Inyo,027,18085,4180,4171,586,4757,56
2022-05-30,Kern,029,883053,195946,195438,48286,243724,2336
2022-05-30,Kings,031,150075,52565,52491,3700,56191,447
2022-05-30,Lake,033,64148,11073,11024,939,11963,137
2022-05-30,Lassen,035,31185,9096,9083,911,9994,64
2022-05-30,Los Angeles,037,10098052,2845908,2836856,135395,2972251,31882
2022-05-30,Madera,039,155013,38227,38115,6389,44504,372
2022-05-30,Marin,041,260295,37858,37654,4034,41688,293
2022-05-30,Mariposa,043,17540,2569,2549,227,2776,30
2022-05-30,Mendocino,045,87422,13763,13692,3451,17143,125
2022-05-30,Merced,047,269075,63831,63637,9263,72900,824
2022-05-30,Modoc,049,8938,756,755,256,1011,8
2022-05-30,Mono,051,14174,3036,3035,166,3201,6
2022-05-30,Monterey,053,433212,82571,82215,15756,97971,737
2022-05-30,Napa,055,140530,27713,27580,1161,28741,143
2022-05-30,Nevada,057,99092,16747,16693,1322,18015,127
2022-05-30,Orange,059,3164182,573620,571973,46078,618051,7032
2022-05-30,Placer,061,380077,66517,66199,7954,74153,627
2022-05-30,Plumas,063,18699,3138,3117,382,3499,13
2022-05-30,Riverside,065,2383286,610523,608913,29741,638654,6480
2022-05-30,Sacramento,067,1510023,297675,296457,29655,326112,3045
2022-05-30,San Benito,069,59416,13533,13510,570,14080,98
2022-05-30,San Bernardino,071,2135413,582326,580767,26021,606788,7641
2022-05-30,San Diego,073,3302833,793955,791557,56384,847941,5292
2022-05-30,San Francisco,075,870044,145707,144476,9680,154156,879
2022-05-30,San Joaquin,077,732212,172685,172170,11284,183454,2241
2022-05-30,San Luis Obispo,079,281455,55261,55099,4612,59711,482
2022-05-30,San Mateo,081,765935,138522,137566,8596,146162,710
2022-05-30,Santa Barbara,083,443738,90913,90531,5171,95702,693
2022-05-30,Santa Clara,085,1922200,351257,348742,15011,363753,2317
2022-05-30,Santa Cruz,087,273765,52375,52141,2471,54612,263
2022-05-30,Shasta,089,179085,31303,31247,6304,37551,564
2022-05-30,Sierra,091,2930,278,280,55,335,4
2022-05-30,Siskiyou,093,43540,4591,4574,2856,7430,81
2022-05-30,Solano,095,438530,87754,87206,6134,93340,452
2022-05-30,Sonoma,097,501317,91686,91174,3682,94856,491
2022-05-30,Stanislaus,099,539301,121089,120778,18265,139043,1656
2022-05-30,Sutter,101,95872,21094,21065,2250,23315,227
2022-05-30,Tehama,103,63373,12271,12245,2706,14951,204
2022-05-30,Trinity,105,12862,1205,1200,297,1497,20
2022-05-30,Tulare,107,460477,108675,108401,30030,138431,1490
2022-05-30,Tuolumne,109,53932,13271,13221,608,13829,189
2022-05-30,Ventura,111,848112,181762,181163,10463,191626,1503
2022-05-30,Yolo,113,214977,39641,39371,3527,42898,320
2022-05-30,Yuba,115,75493,16455,16406,1360,17766,122
2022-05-29,Alameda,001,1643700,284935,280775,16126,296901,1863
2022-05-29,Alpine,003,1148,128,126,1,127,0
2022-05-29,Amador,005,37829,8829,8696,688,9384,86
2022-05-29,Butte,007,227075,34131,33876,7095,40971,426
2022-05-29,Calaveras,009,45235,7529,7469,400,7869,120
2022-05-29,Colusa,011,21464,3484,3474,1103,4577,21
2022-05-29,Contra Costa,013,1133247,206711,203528,15019,218547,1306
2022-05-29,Del Norte,015,27424,6193,6166,266,6432,51
2022-05-29,El Dorado,017,186661,28202,27898,3417,31315,214
2022-05-29,Fresno,019,978130,237773,236250,24941,261191,2764
2022-05-29,Glenn,021,27897,5062,5048,1644,6692,48
2022-05-29,Humboldt,023,135768,18427,18257,3436,21693,147
2022-05-29,Imperial,025,180216,56658,56323,11186,67509,939
2022-05-29,Inyo,027,18085,4179,4161,586,4747,56
2022-05-29,Kern,029,883053,195851,194687,48215,242902,2334
2022-05-29,Kings,031,150075,52539,52292,3698,55990,447
2022-05-29,Lake,033,64148,11065,10958,937,11895,137
2022-05-29,Lassen,035,31185,9092,9049,911,9960,64
2022-05-29,Los Angeles,037,10098052,2844111,2819145,135149,2954294,31862
2022-05-29,Madera,039,155013,38206,37955,6383,44338,371
2022-05-29,Marin,041,260295,37796,37215,4002,41217,293
2022-05-29,Mariposa,043,17540,2564,2526,227,2753,31
2022-05-29,Mendocino,045,87422,13744,13612,3450,17062,124
2022-05-29,Merced,047,269075,63814,63389,9261,72650,824
2022-05-29,Modoc,049,8938,756,751,256,1007,8
2022-05-29,Mono,051,14174,3036,3030,166,3196,6
2022-05-29,Monterey,053,433212,82519,81875,15721,97596,737
2022-05-29,Napa,055,140530,27687,27376,1159,28535,144
2022-05-29,Nevada,057,99092,16734,16568,1320,17888,127
2022-05-29,Orange,059,3164182,573062,568369,45896,614265,7028
2022-05-29,Placer,061,380077,66447,65672,7949,73621,626
2022-05-29,Plumas,063,18699,3131,3096,382,3478,13
2022-05-29,Riverside,065,2383286,610219,606444,29705,636149,6480
2022-05-29,Sacramento,067,1510023,297247,294000,29633,323633,3032
2022-05-29,San Benito,069,59416,13527,13402,568,13970,98
2022-05-29,San Bernardino,071,2135413,582072,578656,26004,604660,7610
2022-05-29,San Diego,073,3302833,793250,786243,56309,842552,5288
2022-05-29,San Francisco,075,870044,145292,142456,9669,152125,879
2022-05-29,San Joaquin,077,732212,172534,171282,11270,182552,2241
2022-05-29,San Luis Obispo,079,281455,55209,54701,4599,59300,481
2022-05-29,San Mateo,081,765935,138291,135746,8583,144329,710
2022-05-29,Santa Barbara,083,443738,90791,89940,5169,95109,693
2022-05-29,Santa Clara,085,1922200,350493,344223,14973,359196,2304
2022-05-29,Santa Cruz,087,273765,52307,51819,2464,54283,263
2022-05-29,Shasta,089,179085,31292,31165,6302,37467,564
2022-05-29,Sierra,091,2930,278,278,55,333,4
2022-05-29,Siskiyou,093,43540,4586,4537,2854,7391,81
2022-05-29,Solano,095,438530,87704,86565,6123,92688,452
2022-05-29,Sonoma,097,501317,91602,90364,3668,94032,490
2022-05-29,Stanislaus,099,539301,120993,120241,18244,138485,1657
2022-05-29,Sutter,101,95872,21074,20976,2250,23226,227
2022-05-29,Tehama,103,63373,12262,12210,2704,14914,204
2022-05-29,Trinity,105,12862,1204,1196,297,1493,20
2022-05-29,Tulare,107,460477,108599,108029,29979,138008,1484
2022-05-29,Tuolumne,109,53932,13260,13141,608,13749,189
2022-05-29,Ventura,111,848112,181625,179953,10453,190406,1503
2022-05-29,Yolo,113,214977,39593,39016,3524,42540,319
2022-05-29,Yuba,115,75493,16439,16314,1356,17670,122
2022-05-28,Alameda,001,1643700,284595,280775,16103,296878,1863
2022-05-28,Alpine,003,1148,128,126,1,127,0
2022-05-28,Amador,005,37829,8821,8696,688,9384,86
2022-05-28,Butte,007,227075,34112,33876,7081,40957,426
2022-05-28,Calaveras,009,45235,7525,7469,400,7869,120
2022-05-28,Colusa,011,21464,3481,3474,1102,4576,21
2022-05-28,Contra Costa,013,1133247,206454,203528,15008,218536,1306
2022-05-28,Del Norte,015,27424,6190,6166,266,6432,51
2022-05-28,El Dorado,017,186661,28172,27898,3416,31314,214
2022-05-28,Fresno,019,978130,237624,236250,24920,261170,2764
2022-05-28,Glenn,021,27897,5060,5048,1644,6692,48
2022-05-28,Humboldt,023,135768,18404,18257,3434,21691,147
2022-05-28,Imperial,025,180216,56632,56323,11176,67499,939
2022-05-28,Inyo,027,18085,4179,4161,583,4744,56
2022-05-28,Kern,029,883053,195752,194687,48168,242855,2334
2022-05-28,Kings,031,150075,52515,52292,3697,55989,447
2022-05-28,Lake,033,64148,11058,10958,936,11894,137
2022-05-28,Lassen,035,31185,9087,9049,911,9960,64
2022-05-28,Los Angeles,037,10098052,2842394,2819145,134906,2954051,31862
2022-05-28,Madera,039,155013,38190,37955,6383,44338,371
2022-05-28,Marin,041,260295,37736,37215,3971,41186,293
2022-05-28,Mariposa,043,17540,2560,2526,227,2753,31
2022-05-28,Mendocino,045,87422,13733,13612,3450,17062,124
2022-05-28,Merced,047,269075,63788,63389,9256,72645,824
2022-05-28,Modoc,049,8938,756,751,256,1007,8
2022-05-28,Mono,051,14174,3036,3030,165,3195,6
2022-05-28,Monterey,053,433212,82456,81875,15694,97569,737
2022-05-28,Napa,055,140530,27645,27376,1158,28534,144
2022-05-28,Nevada,057,99092,16724,16568,1318,17886,127
2022-05-28,Orange,059,3164182,572566,568369,45775,614144,7028
2022-05-28,Placer,061,380077,66375,65672,7936,73608,626
2022-05-28,Plumas,063,18699,3125,3096,381,3477,13
2022-05-28,Riverside,065,2383286,609863,606444,29680,636124,6480
2022-05-28,Sacramento,067,1510023,296983,294000,29616,323616,3032
2022-05-28,San Benito,069,59416,13512,13402,567,13969,98
2022-05-28,San Bernardino,071,2135413,581732,578656,25975,604631,7610
2022-05-28,San Diego,073,3302833,792609,786243,56268,842511,5288
2022-05-28,San Francisco,075,870044,144992,142456,9647,152103,879
2022-05-28,San Joaquin,077,732212,172438,171282,11260,182542,2241
2022-05-28,San Luis Obispo,079,281455,55174,54701,4595,59296,481
2022-05-28,San Mateo,081,765935,138025,135746,8566,144312,710
2022-05-28,Santa Barbara,083,443738,90694,89940,5166,95106,693
2022-05-28,Santa Clara,085,1922200,349734,344223,14947,359170,2304
2022-05-28,Santa Cruz,087,273765,52268,51819,2456,54275,263
2022-05-28,Shasta,089,179085,31282,31165,6296,37461,564
2022-05-28,Sierra,091,2930,278,278,54,332,4
2022-05-28,Siskiyou,093,43540,4578,4537,2850,7387,81
2022-05-28,Solano,095,438530,87636,86565,6114,92679,452
2022-05-28,Sonoma,097,501317,91463,90364,3660,94024,490
2022-05-28,Stanislaus,099,539301,120900,120241,18237,138478,1657
2022-05-28,Sutter,101,95872,21059,20976,2245,23221,227
2022-05-28,Tehama,103,63373,12251,12210,2700,14910,204
2022-05-28,Trinity,105,12862,1203,1196,297,1493,20
2022-05-28,Tulare,107,460477,108543,108029,29945,137974,1484
2022-05-28,Tuolumne,109,53932,13245,13141,607,13748,189
2022-05-28,Ventura,111,848112,181471,179953,10440,190393,1503
2022-05-28,Yolo,113,214977,39545,39016,3520,42536,319
2022-05-28,Yuba,115,75493,16425,16314,1354,17668,122
2022-05-27,Alameda,001,1643700,284144,280775,16083,296858,1863
2022-05-27,Alpine,003,1148,127,126,1,127,0
2022-05-27,Amador,005,37829,8816,8696,688,9384,86
2022-05-27,Butte,007,227075,34090,33876,7067,40943,426
2022-05-27,Calaveras,009,45235,7519,7469,400,7869,120
2022-05-27,Colusa,011,21464,3480,3474,1102,4576,21
2022-05-27,Contra Costa,013,1133247,206178,203528,14992,218520,1306
2022-05-27,Del Norte,015,27424,6183,6166,266,6432,51
2022-05-27,El Dorado,017,186661,28152,27898,3407,31305,214
2022-05-27,Fresno,019,978130,237454,236250,24904,261154,2764
2022-05-27,Glenn,021,27897,5058,5048,1644,6692,48
2022-05-27,Humboldt,023,135768,18394,18257,3432,21689,147
2022-05-27,Imperial,025,180216,56550,56323,11170,67493,939
2022-05-27,Inyo,027,18085,4177,4161,582,4743,56
2022-05-27,Kern,029,883053,195644,194687,48103,242790,2334
2022-05-27,Kings,031,150075,52487,52292,3694,55986,447
2022-05-27,Lake,033,64148,11053,10958,935,11893,137
2022-05-27,Lassen,035,31185,9083,9049,911,9960,64
2022-05-27,Los Angeles,037,10098052,2840240,2819145,134677,2953822,31862
2022-05-27,Madera,039,155013,38158,37955,6377,44332,371
2022-05-27,Marin,041,260295,37674,37215,3936,41151,293
2022-05-27,Mariposa,043,17540,2554,2526,227,2753,31
2022-05-27,Mendocino,045,87422,13719,13612,3450,17062,124
2022-05-27,Merced,047,269075,63745,63389,9252,72641,824
2022-05-27,Modoc,049,8938,756,751,256,1007,8
2022-05-27,Mono,051,14174,3035,3030,165,3195,6
2022-05-27,Monterey,053,433212,82401,81875,15658,97533,737
2022-05-27,Napa,055,140530,27616,27376,1154,28530,144
2022-05-27,Nevada,057,99092,16713,16568,1316,17884,127
2022-05-27,Orange,059,3164182,572025,568369,45658,614027,7028
2022-05-27,Placer,061,380077,66308,65672,7928,73600,626
2022-05-27,Plumas,063,18699,3122,3096,381,3477,13
2022-05-27,Riverside,065,2383286,609456,606444,29656,636100,6480
2022-05-27,Sacramento,067,1510023,296610,294000,29575,323575,3032
2022-05-27,San Benito,069,59416,13501,13402,567,13969,98
2022-05-27,San Bernardino,071,2135413,581418,578656,25961,604617,7610
2022-05-27,San Diego,073,3302833,791746,786243,56215,842458,5288
2022-05-27,San Francisco,075,870044,144668,142456,9608,152064,879
2022-05-27,San Joaquin,077,732212,172316,171282,11245,182527,2241
2022-05-27,San Luis Obispo,079,281455,55113,54701,4581,59282,481
2022-05-27,San Mateo,081,765935,137786,135746,8543,144289,710
2022-05-27,Santa Barbara,083,443738,90606,89940,5164,95104,693
2022-05-27,Santa Clara,085,1922200,348991,344223,14925,359148,2304
2022-05-27,Santa Cruz,087,273765,52217,51819,2447,54266,263
2022-05-27,Shasta,089,179085,31273,31165,6291,37456,564
2022-05-27,Sierra,091,2930,278,278,54,332,4
2022-05-27,Siskiyou,093,43540,4574,4537,2848,7385,81
2022-05-27,Solano,095,438530,87514,86565,6106,92671,452
2022-05-27,Sonoma,097,501317,91318,90364,3650,94014,490
2022-05-27,Stanislaus,099,539301,120815,120241,18222,138463,1657
2022-05-27,Sutter,101,95872,21043,20976,2244,23220,227
2022-05-27,Tehama,103,63373,12249,12210,2699,14909,204
2022-05-27,Trinity,105,12862,1203,1196,297,1493,20
2022-05-27,Tulare,107,460477,108481,108029,29902,137931,1484
2022-05-27,Tuolumne,109,53932,13234,13141,607,13748,189
2022-05-27,Ventura,111,848112,181297,179953,10430,190383,1503
2022-05-27,Yolo,113,214977,39485,39016,3515,42531,319
2022-05-27,Yuba,115,75493,16411,16314,1352,17666,122
2022-05-26,Alameda,001,1643700,283302,280775,16009,296784,1863
2022-05-26,Alpine,003,1148,127,126,1,127,0
2022-05-26,Amador,005,37829,8804,8696,687,9383,86
2022-05-26,Butte,007,227075,34035,33876,7043,40919,426
2022-05-26,Calaveras,009,45235,7508,7469,400,7869,120
2022-05-26,Colusa,011,21464,3479,3474,1098,4572,21
2022-05-26,Contra Costa,013,1133247,205705,203528,14956,218484,1306
2022-05-26,Del Norte,015,27424,6175,6166,262,6428,51
2022-05-26,El Dorado,017,186661,28104,27898,3397,31295,214
2022-05-26,Fresno,019,978130,237196,236250,24866,261116,2764
2022-05-26,Glenn,021,27897,5054,5048,1644,6692,48
2022-05-26,Humboldt,023,135768,18356,18257,3421,21678,147
2022-05-26,Imperial,025,180216,56518,56323,11157,67480,939
2022-05-26,Inyo,027,18085,4176,4161,579,4740,56
2022-05-26,Kern,029,883053,195473,194687,48027,242714,2334
2022-05-26,Kings,031,150075,52439,52292,3690,55982,447
2022-05-26,Lake,033,64148,11038,10958,935,11893,137
2022-05-26,Lassen,035,31185,9074,9049,911,9960,64
2022-05-26,Los Angeles,037,10098052,2836210,2819145,134363,2953508,31862
2022-05-26,Madera,039,155013,38116,37955,6374,44329,371
2022-05-26,Marin,041,260295,37581,37215,3897,41112,293
2022-05-26,Mariposa,043,17540,2549,2526,227,2753,31
2022-05-26,Mendocino,045,87422,13691,13612,3441,17053,124
2022-05-26,Merced,047,269075,63677,63389,9243,72632,824
2022-05-26,Modoc,049,8938,755,751,256,1007,8
2022-05-26,Mono,051,14174,3034,3030,164,3194,6
2022-05-26,Monterey,053,433212,82325,81875,15609,97484,737
2022-05-26,Napa,055,140530,27566,27376,1154,28530,144
2022-05-26,Nevada,057,99092,16687,16568,1312,17880,127
2022-05-26,Orange,059,3164182,571118,568369,45533,613902,7028
2022-05-26,Placer,061,380077,66172,65672,7920,73592,626
2022-05-26,Plumas,063,18699,3118,3096,381,3477,13
2022-05-26,Riverside,065,2383286,608839,606444,29606,636050,6480
2022-05-26,Sacramento,067,1510023,295964,294000,29477,323477,3032
2022-05-26,San Benito,069,59416,13486,13402,565,13967,98
2022-05-26,San Bernardino,071,2135413,580886,578656,25945,604601,7610
2022-05-26,San Diego,073,3302833,790465,786243,56097,842340,5288
2022-05-26,San Francisco,075,870044,144217,142456,9564,152020,879
2022-05-26,San Joaquin,077,732212,172101,171282,11224,182506,2241
2022-05-26,San Luis Obispo,079,281455,55019,54701,4547,59248,481
2022-05-26,San Mateo,081,765935,137388,135746,8504,144250,710
2022-05-26,Santa Barbara,083,443738,90462,89940,5149,95089,693
2022-05-26,Santa Clara,085,1922200,348025,344223,14834,359057,2304
2022-05-26,Santa Cruz,087,273765,52128,51819,2440,54259,263
2022-05-26,Shasta,089,179085,31250,31165,6287,37452,564
2022-05-26,Sierra,091,2930,278,278,54,332,4
2022-05-26,Siskiyou,093,43540,4570,4537,2845,7382,81
2022-05-26,Solano,095,438530,87308,86565,6099,92664,452
2022-05-26,Sonoma,097,501317,91129,90364,3624,93988,490
2022-05-26,Stanislaus,099,539301,120710,120241,18209,138450,1657
2022-05-26,Sutter,101,95872,21023,20976,2241,23217,227
2022-05-26,Tehama,103,63373,12238,12210,2698,14908,204
2022-05-26,Trinity,105,12862,1201,1196,297,1493,20
2022-05-26,Tulare,107,460477,108410,108029,29841,137870,1484
2022-05-26,Tuolumne,109,53932,13215,13141,605,13746,189
2022-05-26,Ventura,111,848112,181034,179953,10412,190365,1503
2022-05-26,Yolo,113,214977,39398,39016,3508,42524,319
2022-05-26,Yuba,115,75493,16395,16314,1350,17664,122
2022-05-25,Alameda,001,1643700,282405,278228,15953,294181,1860
2022-05-25,Alpine,003,1148,126,126,1,127,0
2022-05-25,Amador,005,37829,8790,8654,685,9339,86
2022-05-25,Butte,007,227075,33977,33755,7017,40772,426
2022-05-25,Calaveras,009,45235,7500,7450,398,7848,120
2022-05-25,Colusa,011,21464,3478,3471,1096,4567,21
2022-05-25,Contra Costa,013,1133247,205151,201866,14904,216770,1306
2022-05-25,Del Norte,015,27424,6169,6145,256,6401,50
2022-05-25,El Dorado,017,186661,28056,27715,3393,31108,213
2022-05-25,Fresno,019,978130,236907,235569,24820,260389,2763
2022-05-25,Glenn,021,27897,5051,5030,1643,6673,48
2022-05-25,Humboldt,023,135768,18329,18133,3410,21543,147
2022-05-25,Imperial,025,180216,56460,56203,11151,67354,923
2022-05-25,Inyo,027,18085,4173,4152,579,4731,56
2022-05-25,Kern,029,883053,195283,194251,47936,242187,2336
2022-05-25,Kings,031,150075,52386,52178,3686,55864,447
2022-05-25,Lake,033,64148,11026,10908,934,11842,137
2022-05-25,Lassen,035,31185,9067,9028,911,9939,64
2022-05-25,Los Angeles,037,10098052,2831682,2806770,134017,2940787,31845
2022-05-25,Madera,039,155013,38072,37867,6366,44233,370
2022-05-25,Marin,041,260295,37484,36890,3870,40760,293
2022-05-25,Mariposa,043,17540,2539,2514,226,2740,30
2022-05-25,Mendocino,045,87422,13673,13545,3434,16979,124
2022-05-25,Merced,047,269075,63610,63220,9212,72432,823
2022-05-25,Modoc,049,8938,754,750,255,1005,8
2022-05-25,Mono,051,14174,3034,3024,163,3187,6
2022-05-25,Monterey,053,433212,82257,81592,15567,97159,737
2022-05-25,Napa,055,140530,27520,27240,1147,28387,143
2022-05-25,Nevada,057,99092,16653,16517,1306,17823,127
2022-05-25,Orange,059,3164182,570108,565564,45378,610942,7026
2022-05-25,Placer,061,380077,66023,65309,7910,73219,626
2022-05-25,Plumas,063,18699,3112,3065,380,3445,13
2022-05-25,Riverside,065,2383286,608175,604465,29551,634016,6480
2022-05-25,Sacramento,067,1510023,295310,292211,29361,321572,3028
2022-05-25,San Benito,069,59416,13451,13338,562,13900,98
2022-05-25,San Bernardino,071,2135413,580344,576982,25918,602900,7568
2022-05-25,San Diego,073,3302833,789028,782420,55963,838383,5284
2022-05-25,San Francisco,075,870044,143724,141015,9539,150554,872
2022-05-25,San Joaquin,077,732212,171870,170626,11202,181828,2238
2022-05-25,San Luis Obispo,079,281455,54912,54342,4497,58839,481
2022-05-25,San Mateo,081,765935,136916,134441,8445,142886,710
2022-05-25,Santa Barbara,083,443738,90301,89426,5138,94564,693
2022-05-25,Santa Clara,085,1922200,346974,340868,14717,355585,2304
2022-05-25,Santa Cruz,087,273765,52050,51644,2428,54072,263
2022-05-25,Shasta,089,179085,31224,31072,6279,37351,564
2022-05-25,Sierra,091,2930,278,277,54,331,4
2022-05-25,Siskiyou,093,43540,4560,4516,2842,7358,81
2022-05-25,Solano,095,438530,87109,86024,6081,92105,451
2022-05-25,Sonoma,097,501317,90935,89810,3592,93402,490
2022-05-25,Stanislaus,099,539301,120571,119894,18189,138083,1654
2022-05-25,Sutter,101,95872,20997,20904,2238,23142,226
2022-05-25,Tehama,103,63373,12230,12189,2694,14883,201
2022-05-25,Trinity,105,12862,1201,1194,297,1491,20
2022-05-25,Tulare,107,460477,108331,107790,29793,137583,1482
2022-05-25,Tuolumne,109,53932,13194,13086,602,13688,182
2022-05-25,Ventura,111,848112,180747,179116,10397,189513,1499
2022-05-25,Yolo,113,214977,39327,38782,3501,42283,319
2022-05-25,Yuba,115,75493,16369,16260,1343,17603,122
2022-05-24,Alameda,001,1643700,281529,278228,15896,294124,1860
2022-05-24,Alpine,003,1148,126,126,1,127,0
2022-05-24,Amador,005,37829,8782,8654,684,9338,86
2022-05-24,Butte,007,227075,33932,33755,6996,40751,426
2022-05-24,Calaveras,009,45235,7493,7450,396,7846,120
2022-05-24,Colusa,011,21464,3476,3471,1094,4565,21
2022-05-24,Contra Costa,013,1133247,204497,201866,14821,216687,1306
2022-05-24,Del Norte,015,27424,6165,6145,254,6399,50
2022-05-24,El Dorado,017,186661,27988,27715,3389,31104,213
2022-05-24,Fresno,019,978130,236587,235569,24788,260357,2763
2022-05-24,Glenn,021,27897,5049,5030,1643,6673,48
2022-05-24,Humboldt,023,135768,18297,18133,3393,21526,147
2022-05-24,Imperial,025,180216,56405,56203,11136,67339,923
2022-05-24,Inyo,027,18085,4165,4152,577,4729,56
2022-05-24,Kern,029,883053,195089,194251,47833,242084,2336
2022-05-24,Kings,031,150075,52320,52178,3679,55857,447
2022-05-24,Lake,033,64148,11008,10908,932,11840,137
2022-05-24,Lassen,035,31185,9054,9028,907,9935,64
2022-05-24,Los Angeles,037,10098052,2826525,2806770,133651,2940421,31845
2022-05-24,Madera,039,155013,38022,37867,6355,44222,370
2022-05-24,Marin,041,260295,37377,36890,3817,40707,293
2022-05-24,Mariposa,043,17540,2532,2514,225,2739,30
2022-05-24,Mendocino,045,87422,13649,13545,3426,16971,124
2022-05-24,Merced,047,269075,63549,63220,9179,72399,823
2022-05-24,Modoc,049,8938,753,750,254,1004,8
2022-05-24,Mono,051,14174,3031,3024,163,3187,6
2022-05-24,Monterey,053,433212,82169,81592,15507,97099,737
2022-05-24,Napa,055,140530,27476,27240,1134,28374,143
2022-05-24,Nevada,057,99092,16616,16517,1304,17821,127
2022-05-24,Orange,059,3164182,569064,565564,45201,610765,7026
2022-05-24,Placer,061,380077,65920,65309,7895,73204,626
2022-05-24,Plumas,063,18699,3106,3065,380,3445,13
2022-05-24,Riverside,065,2383286,607498,604465,29501,633966,6480
2022-05-24,Sacramento,067,1510023,294628,292211,29238,321449,3028
2022-05-24,San Benito,069,59416,13417,13338,561,13899,98
2022-05-24,San Bernardino,071,2135413,579734,576982,25886,602868,7568
2022-05-24,San Diego,073,3302833,787405,782420,55790,838210,5284
2022-05-24,San Francisco,075,870044,143182,141015,9519,150534,872
2022-05-24,San Joaquin,077,732212,171613,170626,11164,181790,2238
2022-05-24,San Luis Obispo,079,281455,54791,54342,4442,58784,481
2022-05-24,San Mateo,081,765935,136360,134441,8393,142834,710
2022-05-24,Santa Barbara,083,443738,90138,89426,5116,94542,693
2022-05-24,Santa Clara,085,1922200,345700,340868,14619,355487,2304
2022-05-24,Santa Cruz,087,273765,51975,51644,2419,54063,263
2022-05-24,Shasta,089,179085,31199,31072,6267,37339,564
2022-05-24,Sierra,091,2930,278,277,54,331,4
2022-05-24,Siskiyou,093,43540,4552,4516,2835,7351,81
2022-05-24,Solano,095,438530,86883,86024,6055,92079,451
2022-05-24,Sonoma,097,501317,90727,89810,3558,93368,490
2022-05-24,Stanislaus,099,539301,120437,119894,18155,138049,1654
2022-05-24,Sutter,101,95872,20976,20904,2233,23137,226
2022-05-24,Tehama,103,63373,12223,12189,2691,14880,201
2022-05-24,Trinity,105,12862,1198,1194,297,1491,20
2022-05-24,Tulare,107,460477,108214,107790,29729,137519,1482
2022-05-24,Tuolumne,109,53932,13181,13086,602,13688,182
2022-05-24,Ventura,111,848112,180429,179116,10371,189487,1499
2022-05-24,Yolo,113,214977,39249,38782,3491,42273,319
2022-05-24,Yuba,115,75493,16341,16260,1336,17596,122
2022-05-23,Alameda,001,1643700,280592,278228,15823,294051,1860
2022-05-23,Alpine,003,1148,126,126,1,127,0
2022-05-23,Amador,005,37829,8751,8654,681,9335,86
2022-05-23,Butte,007,227075,33879,33755,6972,40727,426
2022-05-23,Calaveras,009,45235,7487,7450,394,7844,120
2022-05-23,Colusa,011,21464,3475,3471,1091,4562,21
2022-05-23,Contra Costa,013,1133247,203761,201866,14758,216624,1306
2022-05-23,Del Norte,015,27424,6161,6145,248,6393,50
2022-05-23,El Dorado,017,186661,27906,27715,3385,31100,213
2022-05-23,Fresno,019,978130,236253,235569,24730,260299,2763
2022-05-23,Glenn,021,27897,5045,5030,1639,6669,48
2022-05-23,Humboldt,023,135768,18269,18133,3377,21510,147
2022-05-23,Imperial,025,180216,56360,56203,11113,67316,923
2022-05-23,Inyo,027,18085,4162,4152,575,4727,56
2022-05-23,Kern,029,883053,194867,194251,47743,241994,2336
2022-05-23,Kings,031,150075,52274,52178,3673,55851,447
2022-05-23,Lake,033,64148,10989,10908,932,11840,137
2022-05-23,Lassen,035,31185,9046,9028,904,9932,64
2022-05-23,Los Angeles,037,10098052,2821243,2806770,133294,2940064,31845
2022-05-23,Madera,039,155013,37991,37867,6338,44205,370
2022-05-23,Marin,041,260295,37239,36890,3774,40664,293
2022-05-23,Mariposa,043,17540,2530,2514,223,2737,30
2022-05-23,Mendocino,045,87422,13626,13545,3418,16963,124
2022-05-23,Merced,047,269075,63471,63220,9153,72373,823
2022-05-23,Modoc,049,8938,753,750,254,1004,8
2022-05-23,Mono,051,14174,3031,3024,163,3187,6
2022-05-23,Monterey,053,433212,82070,81592,15444,97036,737
2022-05-23,Napa,055,140530,27416,27240,1128,28368,143
2022-05-23,Nevada,057,99092,16580,16517,1304,17821,127
2022-05-23,Orange,059,3164182,568053,565564,45053,610617,7026
2022-05-23,Placer,061,380077,65773,65309,7872,73181,626
2022-05-23,Plumas,063,18699,3103,3065,379,3444,13
2022-05-23,Riverside,065,2383286,606763,604465,29453,633918,6480
2022-05-23,Sacramento,067,1510023,293877,292211,29108,321319,3028
2022-05-23,San Benito,069,59416,13383,13338,559,13897,98
2022-05-23,San Bernardino,071,2135413,579096,576982,25855,602837,7568
2022-05-23,San Diego,073,3302833,785691,782420,55603,838023,5284
2022-05-23,San Francisco,075,870044,142606,141015,9492,150507,872
2022-05-23,San Joaquin,077,732212,171341,170626,11132,181758,2238
2022-05-23,San Luis Obispo,079,281455,54644,54342,4398,58740,481
2022-05-23,San Mateo,081,765935,135787,134441,8359,142800,710
2022-05-23,Santa Barbara,083,443738,89898,89426,5093,94519,693
2022-05-23,Santa Clara,085,1922200,344323,340868,14542,355410,2304
2022-05-23,Santa Cruz,087,273765,51876,51644,2409,54053,263
2022-05-23,Shasta,089,179085,31178,31072,6262,37334,564
2022-05-23,Sierra,091,2930,278,277,54,331,4
2022-05-23,Siskiyou,093,43540,4539,4516,2831,7347,81
2022-05-23,Solano,095,438530,86611,86024,6037,92061,451
2022-05-23,Sonoma,097,501317,90497,89810,3516,93326,490
2022-05-23,Stanislaus,099,539301,120293,119894,18118,138012,1654
2022-05-23,Sutter,101,95872,20937,20904,2229,23133,226
2022-05-23,Tehama,103,63373,12213,12189,2688,14877,201
2022-05-23,Trinity,105,12862,1197,1194,297,1491,20
2022-05-23,Tulare,107,460477,108087,107790,29655,137445,1482
2022-05-23,Tuolumne,109,53932,13156,13086,600,13686,182
2022-05-23,Ventura,111,848112,180085,179116,10352,189468,1499
2022-05-23,Yolo,113,214977,39146,38782,3474,42256,319
2022-05-23,Yuba,115,75493,16313,16260,1331,17591,122
2022-05-22,Alameda,001,1643700,279501,274996,15716,290712,1858
2022-05-22,Alpine,003,1148,126,126,1,127,0
2022-05-22,Amador,005,37829,8732,8628,679,9307,86
2022-05-22,Butte,007,227075,33822,33606,6947,40553,426
2022-05-22,Calaveras,009,45235,7477,7424,389,7813,120
2022-05-22,Colusa,011,21464,3472,3468,1088,4556,21
2022-05-22,Contra Costa,013,1133247,203014,199703,14651,214354,1305
2022-05-22,Del Norte,015,27424,6146,6045,237,6282,50
2022-05-22,El Dorado,017,186661,27831,27517,3379,30896,213
2022-05-22,Fresno,019,978130,235905,234657,24684,259341,2760
2022-05-22,Glenn,021,27897,5034,5020,1639,6659,48
2022-05-22,Humboldt,023,135768,18215,17984,3350,21334,146
2022-05-22,Imperial,025,180216,56288,56014,11097,67111,923
2022-05-22,Inyo,027,18085,4155,4135,573,4708,56
2022-05-22,Kern,029,883053,194625,193705,47642,241347,2334
2022-05-22,Kings,031,150075,52211,52038,3670,55708,447
2022-05-22,Lake,033,64148,10958,10867,931,11798,137
2022-05-22,Lassen,035,31185,9029,9011,901,9912,64
2022-05-22,Los Angeles,037,10098052,2815531,2791671,132863,2924534,31815
2022-05-22,Madera,039,155013,37943,37744,6306,44050,370
2022-05-22,Marin,041,260295,37092,36394,3729,40123,293
2022-05-22,Mariposa,043,17540,2526,2490,221,2711,30
2022-05-22,Mendocino,045,87422,13599,13461,3393,16854,124
2022-05-22,Merced,047,269075,63391,62969,9121,72090,823
2022-05-22,Modoc,049,8938,752,750,254,1004,8
2022-05-22,Mono,051,14174,3029,3012,163,3175,6
2022-05-22,Monterey,053,433212,81921,81224,15345,96569,735
2022-05-22,Napa,055,140530,27349,27034,1121,28155,143
2022-05-22,Nevada,057,99092,16547,16410,1299,17709,127
2022-05-22,Orange,059,3164182,566960,562531,44847,607378,7025
2022-05-22,Placer,061,380077,65612,64802,7843,72645,626
2022-05-22,Plumas,063,18699,3096,3052,377,3429,13
2022-05-22,Riverside,065,2383286,605926,601808,29384,631192,6476
2022-05-22,Sacramento,067,1510023,293079,289972,28938,318910,3027
2022-05-22,San Benito,069,59416,13350,13234,553,13787,98
2022-05-22,San Bernardino,071,2135413,578377,575194,25814,601008,7523
2022-05-22,San Diego,073,3302833,784088,777404,55425,832829,5282
2022-05-22,San Francisco,075,870044,141915,138922,9472,148394,871
2022-05-22,San Joaquin,077,732212,171035,169745,11096,180841,2237
2022-05-22,San Luis Obispo,079,281455,54490,54012,4339,58351,481
2022-05-22,San Mateo,081,765935,135216,132636,8311,140947,711
2022-05-22,Santa Barbara,083,443738,89671,88783,5063,93846,692
2022-05-22,Santa Clara,085,1922200,342882,336488,14461,350949,2301
2022-05-22,Santa Cruz,087,273765,51786,51333,2399,53732,263
2022-05-22,Shasta,089,179085,31127,30966,6248,37214,564
2022-05-22,Sierra,091,2930,278,276,54,330,4
2022-05-22,Siskiyou,093,43540,4530,4501,2829,7330,81
2022-05-22,Solano,095,438530,86344,85038,6012,91050,451
2022-05-22,Sonoma,097,501317,90211,88889,3461,92350,489
2022-05-22,Stanislaus,099,539301,120115,119396,18091,137487,1653
2022-05-22,Sutter,101,95872,20907,20809,2219,23028,226
2022-05-22,Tehama,103,63373,12205,12162,2683,14845,201
2022-05-22,Trinity,105,12862,1197,1191,297,1488,20
2022-05-22,Tulare,107,460477,107972,107485,29572,137057,1477
2022-05-22,Tuolumne,109,53932,13137,12977,600,13577,182
2022-05-22,Ventura,111,848112,179727,178024,10324,188348,1499
2022-05-22,Yolo,113,214977,39050,38377,3451,41828,319
2022-05-22,Yuba,115,75493,16286,16180,1322,17502,122
2022-05-21,Alameda,001,1643700,279051,274996,15694,290690,1858
2022-05-21,Alpine,003,1148,126,126,1,127,0
2022-05-21,Amador,005,37829,8722,8628,677,9305,86
2022-05-21,Butte,007,227075,33802,33606,6937,40543,426
2022-05-21,Calaveras,009,45235,7471,7424,389,7813,120
2022-05-21,Colusa,011,21464,3472,3468,1087,4555,21
2022-05-21,Contra Costa,013,1133247,202680,199703,14635,214338,1305
2022-05-21,Del Norte,015,27424,6141,6045,235,6280,50
2022-05-21,El Dorado,017,186661,27795,27517,3377,30894,213
2022-05-21,Fresno,019,978130,235775,234657,24671,259328,2760
2022-05-21,Glenn,021,27897,5031,5020,1638,6658,48
2022-05-21,Humboldt,023,135768,18190,17984,3348,21332,146
2022-05-21,Imperial,025,180216,56253,56014,11094,67108,923
2022-05-21,Inyo,027,18085,4153,4135,571,4706,56
2022-05-21,Kern,029,883053,194531,193705,47577,241282,2334
2022-05-21,Kings,031,150075,52188,52038,3669,55707,447
2022-05-21,Lake,033,64148,10950,10867,931,11798,137
2022-05-21,Lassen,035,31185,9026,9011,901,9912,64
2022-05-21,Los Angeles,037,10098052,2813329,2791671,132628,2924299,31815
2022-05-21,Madera,039,155013,37925,37744,6301,44045,370
2022-05-21,Marin,041,260295,36997,36394,3685,40079,293
2022-05-21,Mariposa,043,17540,2524,2490,221,2711,30
2022-05-21,Mendocino,045,87422,13586,13461,3388,16849,124
2022-05-21,Merced,047,269075,63356,62969,9115,72084,823
2022-05-21,Modoc,049,8938,751,750,254,1004,8
2022-05-21,Mono,051,14174,3028,3012,163,3175,6
2022-05-21,Monterey,053,433212,81855,81224,15293,96517,735
2022-05-21,Napa,055,140530,27316,27034,1118,28152,143
2022-05-21,Nevada,057,99092,16542,16410,1299,17709,127
2022-05-21,Orange,059,3164182,566454,562531,44742,607273,7025
2022-05-21,Placer,061,380077,65511,64802,7829,72631,626
2022-05-21,Plumas,063,18699,3089,3052,377,3429,13
2022-05-21,Riverside,065,2383286,605465,601808,29357,631165,6476
2022-05-21,Sacramento,067,1510023,292751,289972,28910,318882,3027
2022-05-21,San Benito,069,59416,13338,13234,552,13786,98
2022-05-21,San Bernardino,071,2135413,578047,575194,25790,600984,7523
2022-05-21,San Diego,073,3302833,783412,777404,55372,832776,5282
2022-05-21,San Francisco,075,870044,141615,138922,9459,148381,871
2022-05-21,San Joaquin,077,732212,170920,169745,11080,180825,2237
2022-05-21,San Luis Obispo,079,281455,54411,54012,4326,58338,481
2022-05-21,San Mateo,081,765935,134927,132636,8291,140927,711
2022-05-21,Santa Barbara,083,443738,89579,88783,5060,93843,692
2022-05-21,Santa Clara,085,1922200,342036,336488,14420,350908,2301
2022-05-21,Santa Cruz,087,273765,51742,51333,2395,53728,263
2022-05-21,Shasta,089,179085,31115,30966,6245,37211,564
2022-05-21,Sierra,091,2930,277,276,54,330,4
2022-05-21,Siskiyou,093,43540,4526,4501,2827,7328,81
2022-05-21,Solano,095,438530,86260,85038,6009,91047,451
2022-05-21,Sonoma,097,501317,90086,88889,3455,92344,489
2022-05-21,Stanislaus,099,539301,120037,119396,18070,137466,1653
2022-05-21,Sutter,101,95872,20897,20809,2214,23023,226
2022-05-21,Tehama,103,63373,12203,12162,2682,14844,201
2022-05-21,Trinity,105,12862,1197,1191,297,1488,20
2022-05-21,Tulare,107,460477,107907,107485,29533,137018,1477
2022-05-21,Tuolumne,109,53932,13131,12977,600,13577,182
2022-05-21,Ventura,111,848112,179564,178024,10307,188331,1499
2022-05-21,Yolo,113,214977,38993,38377,3444,41821,319
2022-05-21,Yuba,115,75493,16273,16180,1320,17500,122
2022-05-20,Alameda,001,1643700,278514,274996,15672,290668,1858
2022-05-20,Alpine,003,1148,126,126,1,127,0
2022-05-20,Amador,005,37829,8715,8628,677,9305,86
2022-05-20,Butte,007,227075,33786,33606,6928,40534,426
2022-05-20,Calaveras,009,45235,7463,7424,389,7813,120
2022-05-20,Colusa,011,21464,3472,3468,1087,4555,21
2022-05-20,Contra Costa,013,1133247,202329,199703,14626,214329,1305
2022-05-20,Del Norte,015,27424,6137,6045,234,6279,50
2022-05-20,El Dorado,017,186661,27765,27517,3374,30891,213
2022-05-20,Fresno,019,978130,235624,234657,24654,259311,2760
2022-05-20,Glenn,021,27897,5028,5020,1638,6658,48
2022-05-20,Humboldt,023,135768,18168,17984,3346,21330,146
2022-05-20,Imperial,025,180216,56226,56014,11091,67105,923
2022-05-20,Inyo,027,18085,4150,4135,567,4702,56
2022-05-20,Kern,029,883053,194431,193705,47526,241231,2334
2022-05-20,Kings,031,150075,52172,52038,3668,55706,447
2022-05-20,Lake,033,64148,10935,10867,931,11798,137
2022-05-20,Lassen,035,31185,9024,9011,901,9912,64
2022-05-20,Los Angeles,037,10098052,2811054,2791671,132416,2924087,31815
2022-05-20,Madera,039,155013,37905,37744,6299,44043,370
2022-05-20,Marin,041,260295,36923,36394,3646,40040,293
2022-05-20,Mariposa,043,17540,2519,2490,221,2711,30
2022-05-20,Mendocino,045,87422,13572,13461,3387,16848,124
2022-05-20,Merced,047,269075,63323,62969,9113,72082,823
2022-05-20,Modoc,049,8938,751,750,254,1004,8
2022-05-20,Mono,051,14174,3024,3012,163,3175,6
2022-05-20,Monterey,053,433212,81797,81224,15258,96482,735
2022-05-20,Napa,055,140530,27285,27034,1115,28149,143
2022-05-20,Nevada,057,99092,16534,16410,1297,17707,127
2022-05-20,Orange,059,3164182,565889,562531,44641,607172,7025
2022-05-20,Placer,061,380077,65438,64802,7814,72616,626
2022-05-20,Plumas,063,18699,3087,3052,377,3429,13
2022-05-20,Riverside,065,2383286,605024,601808,29332,631140,6476
2022-05-20,Sacramento,067,1510023,292378,289972,28888,318860,3027
2022-05-20,San Benito,069,59416,13322,13234,552,13786,98
2022-05-20,San Bernardino,071,2135413,577737,575194,25773,600967,7523
2022-05-20,San Diego,073,3302833,782623,777404,55312,832716,5282
2022-05-20,San Francisco,075,870044,141283,138922,9428,148350,871
2022-05-20,San Joaquin,077,732212,170804,169745,11073,180818,2237
2022-05-20,San Luis Obispo,079,281455,54375,54012,4322,58334,481
2022-05-20,San Mateo,081,765935,134618,132636,8269,140905,711
2022-05-20,Santa Barbara,083,443738,89496,88783,5055,93838,692
2022-05-20,Santa Clara,085,1922200,341251,336488,14365,350853,2301
2022-05-20,Santa Cruz,087,273765,51698,51333,2381,53714,263
2022-05-20,Shasta,089,179085,31102,30966,6241,37207,564
2022-05-20,Sierra,091,2930,277,276,54,330,4
2022-05-20,Siskiyou,093,43540,4523,4501,2825,7326,81
2022-05-20,Solano,095,438530,86115,85038,6002,91040,451
2022-05-20,Sonoma,097,501317,89961,88889,3442,92331,489
2022-05-20,Stanislaus,099,539301,119958,119396,18061,137457,1653
2022-05-20,Sutter,101,95872,20886,20809,2214,23023,226
2022-05-20,Tehama,103,63373,12199,12162,2681,14843,201
2022-05-20,Trinity,105,12862,1197,1191,297,1488,20
2022-05-20,Tulare,107,460477,107847,107485,29492,136977,1477
2022-05-20,Tuolumne,109,53932,13112,12977,599,13576,182
2022-05-20,Ventura,111,848112,179373,178024,10295,188319,1499
2022-05-20,Yolo,113,214977,38934,38377,3438,41815,319
2022-05-20,Yuba,115,75493,16257,16180,1317,17497,122
2022-05-19,Alameda,001,1643700,277673,274996,15611,290607,1858
2022-05-19,Alpine,003,1148,126,126,1,127,0
2022-05-19,Amador,005,37829,8707,8628,677,9305,86
2022-05-19,Butte,007,227075,33756,33606,6921,40527,426
2022-05-19,Calaveras,009,45235,7457,7424,386,7810,120
2022-05-19,Colusa,011,21464,3471,3468,1086,4554,21
2022-05-19,Contra Costa,013,1133247,201793,199703,14562,214265,1305
2022-05-19,Del Norte,015,27424,6132,6045,227,6272,50
2022-05-19,El Dorado,017,186661,27713,27517,3371,30888,213
2022-05-19,Fresno,019,978130,235403,234657,24614,259271,2760
2022-05-19,Glenn,021,27897,5027,5020,1635,6655,48
2022-05-19,Humboldt,023,135768,18134,17984,3335,21319,146
2022-05-19,Imperial,025,180216,56183,56014,11089,67103,923
2022-05-19,Inyo,027,18085,4146,4135,566,4701,56
2022-05-19,Kern,029,883053,194293,193705,47444,241149,2334
2022-05-19,Kings,031,150075,52146,52038,3666,55704,447
2022-05-19,Lake,033,64148,10928,10867,930,11797,137
2022-05-19,Lassen,035,31185,9020,9011,899,9910,64
2022-05-19,Los Angeles,037,10098052,2807159,2791671,132094,2923765,31815
2022-05-19,Madera,039,155013,37868,37744,6290,44034,370
2022-05-19,Marin,041,260295,36827,36394,3612,40006,293
2022-05-19,Mariposa,043,17540,2510,2490,221,2711,30
2022-05-19,Mendocino,045,87422,13550,13461,3379,16840,124
2022-05-19,Merced,047,269075,63260,62969,9099,72068,823
2022-05-19,Modoc,049,8938,751,750,254,1004,8
2022-05-19,Mono,051,14174,3023,3012,159,3171,6
2022-05-19,Monterey,053,433212,81713,81224,15191,96415,735
2022-05-19,Napa,055,140530,27229,27034,1112,28146,143
2022-05-19,Nevada,057,99092,16497,16410,1292,17702,127
2022-05-19,Orange,059,3164182,565051,562531,44505,607036,7025
2022-05-19,Placer,061,380077,65320,64802,7801,72603,626
2022-05-19,Plumas,063,18699,3081,3052,376,3428,13
2022-05-19,Riverside,065,2383286,604381,601808,29289,631097,6476
2022-05-19,Sacramento,067,1510023,291814,289972,28799,318771,3027
2022-05-19,San Benito,069,59416,13295,13234,551,13785,98
2022-05-19,San Bernardino,071,2135413,577230,575194,25753,600947,7523
2022-05-19,San Diego,073,3302833,781401,777404,55190,832594,5282
2022-05-19,San Francisco,075,870044,140809,138922,9387,148309,871
2022-05-19,San Joaquin,077,732212,170570,169745,11054,180799,2237
2022-05-19,San Luis Obispo,079,281455,54272,54012,4295,58307,481
2022-05-19,San Mateo,081,765935,134155,132636,8213,140849,711
2022-05-19,Santa Barbara,083,443738,89341,88783,5037,93820,692
2022-05-19,Santa Clara,085,1922200,340155,336488,14267,350755,2301
2022-05-19,Santa Cruz,087,273765,51622,51333,2369,53702,263
2022-05-19,Shasta,089,179085,31073,30966,6233,37199,564
2022-05-19,Sierra,091,2930,277,276,54,330,4
2022-05-19,Siskiyou,093,43540,4520,4501,2823,7324,81
2022-05-19,Solano,095,438530,85946,85038,5981,91019,451
2022-05-19,Sonoma,097,501317,89755,88889,3408,92297,489
2022-05-19,Stanislaus,099,539301,119828,119396,18040,137436,1653
2022-05-19,Sutter,101,95872,20851,20809,2210,23019,226
2022-05-19,Tehama,103,63373,12188,12162,2677,14839,201
2022-05-19,Trinity,105,12862,1196,1191,297,1488,20
2022-05-19,Tulare,107,460477,107759,107485,29445,136930,1477
2022-05-19,Tuolumne,109,53932,13088,12977,598,13575,182
2022-05-19,Ventura,111,848112,179100,178024,10279,188303,1499
2022-05-19,Yolo,113,214977,38851,38377,3431,41808,319
2022-05-19,Yuba,115,75493,16236,16180,1307,17487,122
2022-05-18,Alameda,001,1643700,276822,272530,15548,288078,1859
2022-05-18,Alpine,003,1148,126,126,1,127,0
2022-05-18,Amador,005,37829,8691,8592,677,9269,86
2022-05-18,Butte,007,227075,33716,33486,6907,40393,426
2022-05-18,Calaveras,009,45235,7449,7400,386,7786,120
2022-05-18,Colusa,011,21464,3471,3467,1085,4552,21
2022-05-18,Contra Costa,013,1133247,201234,198207,14500,212707,1303
2022-05-18,Del Norte,015,27424,6125,6001,223,6224,50
2022-05-18,El Dorado,017,186661,27663,27388,3364,30752,212
2022-05-18,Fresno,019,978130,235147,234055,24576,258631,2759
2022-05-18,Glenn,021,27897,5026,5012,1635,6647,48
2022-05-18,Humboldt,023,135768,18109,17868,3322,21190,146
2022-05-18,Imperial,025,180216,56121,55915,11083,66998,918
2022-05-18,Inyo,027,18085,4142,4120,560,4680,56
2022-05-18,Kern,029,883053,194168,193338,47383,240721,2327
2022-05-18,Kings,031,150075,52118,51903,3662,55565,447
2022-05-18,Lake,033,64148,10919,10831,929,11760,137
2022-05-18,Lassen,035,31185,9014,8994,899,9893,65
2022-05-18,Los Angeles,037,10098052,2802903,2780354,131815,2912169,31789
2022-05-18,Madera,039,155013,37833,37644,6283,43927,365
2022-05-18,Marin,041,260295,36740,36024,3570,39594,293
2022-05-18,Mariposa,043,17540,2503,2481,221,2702,30
2022-05-18,Mendocino,045,87422,13529,13403,3363,16766,124
2022-05-18,Merced,047,269075,63196,62802,9070,71872,818
2022-05-18,Modoc,049,8938,751,748,254,1002,8
2022-05-18,Mono,051,14174,3022,3010,157,3167,6
2022-05-18,Monterey,053,433212,81603,80955,15135,96090,735
2022-05-18,Napa,055,140530,27189,26912,1106,28018,143
2022-05-18,Nevada,057,99092,16477,16361,1289,17650,127
2022-05-18,Orange,059,3164182,564281,560094,44390,604484,7021
2022-05-18,Placer,061,380077,65182,64432,7791,72223,626
2022-05-18,Plumas,063,18699,3073,3022,374,3396,13
2022-05-18,Riverside,065,2383286,603741,599947,29235,629182,6471
2022-05-18,Sacramento,067,1510023,291291,288335,28708,317043,3022
2022-05-18,San Benito,069,59416,13272,13186,549,13735,98
2022-05-18,San Bernardino,071,2135413,576770,573790,25728,599518,7455
2022-05-18,San Diego,073,3302833,779966,773934,55062,828996,5277
2022-05-18,San Francisco,075,870044,140285,137341,9365,146706,869
2022-05-18,San Joaquin,077,732212,170341,169045,10967,180012,2236
2022-05-18,San Luis Obispo,079,281455,54175,53756,4263,58019,478
2022-05-18,San Mateo,081,765935,133734,131330,8145,139475,709
2022-05-18,Santa Barbara,083,443738,89179,88317,5019,93336,693
2022-05-18,Santa Clara,085,1922200,339009,333230,14170,347400,2300
2022-05-18,Santa Cruz,087,273765,51530,51020,2357,53377,263
2022-05-18,Shasta,089,179085,31050,30899,6227,37126,558
2022-05-18,Sierra,091,2930,277,275,54,329,4
2022-05-18,Siskiyou,093,43540,4515,4495,2821,7316,81
2022-05-18,Solano,095,438530,85693,84476,5965,90441,451
2022-05-18,Sonoma,097,501317,89560,88195,3374,91569,489
2022-05-18,Stanislaus,099,539301,119719,119025,18012,137037,1645
2022-05-18,Sutter,101,95872,20829,20763,2202,22965,226
2022-05-18,Tehama,103,63373,12182,12133,2674,14807,201
2022-05-18,Trinity,105,12862,1196,1189,297,1486,20
2022-05-18,Tulare,107,460477,107687,107292,29388,136680,1477
2022-05-18,Tuolumne,109,53932,13069,12917,596,13513,182
2022-05-18,Ventura,111,848112,178836,177233,10245,187478,1497
2022-05-18,Yolo,113,214977,38766,38139,3423,41562,316
2022-05-18,Yuba,115,75493,16212,16109,1301,17410,122
2022-05-17,Alameda,001,1643700,276007,272530,15490,288020,1859
2022-05-17,Alpine,003,1148,126,126,1,127,0
2022-05-17,Amador,005,37829,8683,8592,676,9268,86
2022-05-17,Butte,007,227075,33664,33486,6894,40380,426
2022-05-17,Calaveras,009,45235,7441,7400,386,7786,120
2022-05-17,Colusa,011,21464,3470,3467,1084,4551,21
2022-05-17,Contra Costa,013,1133247,200590,198207,14431,212638,1303
2022-05-17,Del Norte,015,27424,6112,6001,222,6223,50
2022-05-17,El Dorado,017,186661,27608,27388,3361,30749,212
2022-05-17,Fresno,019,978130,234894,234055,24550,258605,2759
2022-05-17,Glenn,021,27897,5023,5012,1634,6646,48
2022-05-17,Humboldt,023,135768,18068,17868,3307,21175,146
2022-05-17,Imperial,025,180216,56077,55915,11071,66986,918
2022-05-17,Inyo,027,18085,4140,4120,551,4671,56
2022-05-17,Kern,029,883053,194013,193338,47324,240662,2327
2022-05-17,Kings,031,150075,52075,51903,3658,55561,447
2022-05-17,Lake,033,64148,10905,10831,927,11758,137
2022-05-17,Lassen,035,31185,9009,8994,898,9892,65
2022-05-17,Los Angeles,037,10098052,2798387,2780354,131515,2911869,31789
2022-05-17,Madera,039,155013,37806,37644,6268,43912,365
2022-05-17,Marin,041,260295,36606,36024,3507,39531,293
2022-05-17,Mariposa,043,17540,2499,2481,220,2701,30
2022-05-17,Mendocino,045,87422,13504,13403,3354,16757,124
2022-05-17,Merced,047,269075,63133,62802,9051,71853,818
2022-05-17,Modoc,049,8938,751,748,254,1002,8
2022-05-17,Mono,051,14174,3016,3010,154,3164,6
2022-05-17,Monterey,053,433212,81489,80955,15065,96020,735
2022-05-17,Napa,055,140530,27142,26912,1098,28010,143
2022-05-17,Nevada,057,99092,16452,16361,1284,17645,127
2022-05-17,Orange,059,3164182,563379,560094,44247,604341,7021
2022-05-17,Placer,061,380077,65025,64432,7760,72192,626
2022-05-17,Plumas,063,18699,3067,3022,373,3395,13
2022-05-17,Riverside,065,2383286,603061,599947,29189,629136,6471
2022-05-17,Sacramento,067,1510023,290667,288335,28590,316925,3022
2022-05-17,San Benito,069,59416,13235,13186,549,13735,98
2022-05-17,San Bernardino,071,2135413,576289,573790,25714,599504,7455
2022-05-17,San Diego,073,3302833,778460,773934,54920,828854,5277
2022-05-17,San Francisco,075,870044,139705,137341,9335,146676,869
2022-05-17,San Joaquin,077,732212,170100,169045,10934,179979,2236
2022-05-17,San Luis Obispo,079,281455,54082,53756,4217,57973,478
2022-05-17,San Mateo,081,765935,133236,131330,8105,139435,709
2022-05-17,Santa Barbara,083,443738,88982,88317,5005,93322,693
2022-05-17,Santa Clara,085,1922200,337831,333230,14088,347318,2300
2022-05-17,Santa Cruz,087,273765,51454,51020,2349,53369,263
2022-05-17,Shasta,089,179085,31013,30899,6222,37121,558
2022-05-17,Sierra,091,2930,277,275,54,329,4
2022-05-17,Siskiyou,093,43540,4513,4495,2819,7314,81
2022-05-17,Solano,095,438530,85420,84476,5938,90414,451
2022-05-17,Sonoma,097,501317,89316,88195,3329,91524,489
2022-05-17,Stanislaus,099,539301,119577,119025,17987,137012,1645
2022-05-17,Sutter,101,95872,20809,20763,2199,22962,226
2022-05-17,Tehama,103,63373,12168,12133,2670,14803,201
2022-05-17,Trinity,105,12862,1195,1189,297,1486,20
2022-05-17,Tulare,107,460477,107595,107292,29345,136637,1477
2022-05-17,Tuolumne,109,53932,13053,12917,596,13513,182
2022-05-17,Ventura,111,848112,178511,177233,10195,187428,1497
2022-05-17,Yolo,113,214977,38668,38139,3415,41554,316
2022-05-17,Yuba,115,75493,16188,16109,1299,17408,122
2022-05-16,Alameda,001,1643700,275007,272530,15418,287948,1859
2022-05-16,Alpine,003,1148,126,126,1,127,0
2022-05-16,Amador,005,37829,8673,8592,675,9267,86
2022-05-16,Butte,007,227075,33610,33486,6883,40369,426
2022-05-16,Calaveras,009,45235,7434,7400,384,7784,120
2022-05-16,Colusa,011,21464,3469,3467,1084,4551,21
2022-05-16,Contra Costa,013,1133247,199948,198207,14372,212579,1303
2022-05-16,Del Norte,015,27424,6099,6001,219,6220,50
2022-05-16,El Dorado,017,186661,27550,27388,3354,30742,212
2022-05-16,Fresno,019,978130,234637,234055,24521,258576,2759
2022-05-16,Glenn,021,27897,5019,5012,1631,6643,48
2022-05-16,Humboldt,023,135768,18024,17868,3297,21165,146
2022-05-16,Imperial,025,180216,56012,55915,11059,66974,918
2022-05-16,Inyo,027,18085,4136,4120,548,4668,56
2022-05-16,Kern,029,883053,193861,193338,47254,240592,2327
2022-05-16,Kings,031,150075,52025,51903,3657,55560,447
2022-05-16,Lake,033,64148,10899,10831,926,11757,137
2022-05-16,Lassen,035,31185,9004,8994,895,9889,65
2022-05-16,Los Angeles,037,10098052,2794007,2780354,131238,2911592,31789
2022-05-16,Madera,039,155013,37773,37644,6257,43901,365
2022-05-16,Marin,041,260295,36442,36024,3457,39481,293
2022-05-16,Mariposa,043,17540,2498,2481,219,2700,30
2022-05-16,Mendocino,045,87422,13478,13403,3342,16745,124
2022-05-16,Merced,047,269075,63061,62802,9020,71822,818
2022-05-16,Modoc,049,8938,751,748,254,1002,8
2022-05-16,Mono,051,14174,3014,3010,152,3162,6
2022-05-16,Monterey,053,433212,81381,80955,14982,95937,735
2022-05-16,Napa,055,140530,27092,26912,1095,28007,143
2022-05-16,Nevada,057,99092,16433,16361,1278,17639,127
2022-05-16,Orange,059,3164182,562519,560094,44115,604209,7021
2022-05-16,Placer,061,380077,64914,64432,7733,72165,626
2022-05-16,Plumas,063,18699,3057,3022,373,3395,13
2022-05-16,Riverside,065,2383286,602349,599947,29136,629083,6471
2022-05-16,Sacramento,067,1510023,290009,288335,28492,316827,3022
2022-05-16,San Benito,069,59416,13217,13186,544,13730,98
2022-05-16,San Bernardino,071,2135413,575825,573790,25685,599475,7455
2022-05-16,San Diego,073,3302833,776927,773934,54769,828703,5277
2022-05-16,San Francisco,075,870044,138997,137341,9303,146644,869
2022-05-16,San Joaquin,077,732212,169823,169045,10729,179774,2236
2022-05-16,San Luis Obispo,079,281455,53979,53756,4188,57944,478
2022-05-16,San Mateo,081,765935,132689,131330,8057,139387,709
2022-05-16,Santa Barbara,083,443738,88839,88317,4996,93313,693
2022-05-16,Santa Clara,085,1922200,336500,333230,14010,347240,2300
2022-05-16,Santa Cruz,087,273765,51378,51020,2336,53356,263
2022-05-16,Shasta,089,179085,30980,30899,6213,37112,558
2022-05-16,Sierra,091,2930,277,275,53,328,4
2022-05-16,Siskiyou,093,43540,4510,4495,2811,7306,81
2022-05-16,Solano,095,438530,85176,84476,5914,90390,451
2022-05-16,Sonoma,097,501317,89015,88195,3296,91491,489
2022-05-16,Stanislaus,099,539301,119430,119025,17952,136977,1645
2022-05-16,Sutter,101,95872,20795,20763,2194,22957,226
2022-05-16,Tehama,103,63373,12161,12133,2667,14800,201
2022-05-16,Trinity,105,12862,1194,1189,297,1486,20
2022-05-16,Tulare,107,460477,107518,107292,29288,136580,1477
2022-05-16,Tuolumne,109,53932,13020,12917,594,13511,182
2022-05-16,Ventura,111,848112,178180,177233,10143,187376,1497
2022-05-16,Yolo,113,214977,38564,38139,3406,41545,316
2022-05-16,Yuba,115,75493,16161,16109,1296,17405,122
2022-05-15,Alameda,001,1643700,273950,268944,15354,284298,1857
2022-05-15,Alpine,003,1148,126,125,1,126,0
2022-05-15,Amador,005,37829,8658,8574,674,9248,86
2022-05-15,Butte,007,227075,33555,33377,6861,40238,424
2022-05-15,Calaveras,009,45235,7415,7378,382,7760,120
2022-05-15,Colusa,011,21464,3466,3463,1082,4545,21
2022-05-15,Contra Costa,013,1133247,199190,195925,14300,210225,1301
2022-05-15,Del Norte,015,27424,6027,5919,217,6136,50
2022-05-15,El Dorado,017,186661,27489,27216,3342,30558,212
2022-05-15,Fresno,019,978130,234366,233305,24490,257795,2757
2022-05-15,Glenn,021,27897,5015,5004,1630,6634,48
2022-05-15,Humboldt,023,135768,17974,17633,3262,20895,146
2022-05-15,Imperial,025,180216,55975,55756,11036,66792,917
2022-05-15,Inyo,027,18085,4132,4114,543,4657,56
2022-05-15,Kern,029,883053,193684,192939,47173,240112,2314
2022-05-15,Kings,031,150075,51965,51779,3652,55431,447
2022-05-15,Lake,033,64148,10880,10790,923,11713,137
2022-05-15,Lassen,035,31185,8996,8987,894,9881,65
2022-05-15,Los Angeles,037,10098052,2789438,2768726,130863,2899589,31768
2022-05-15,Madera,039,155013,37732,37520,6242,43762,365
2022-05-15,Marin,041,260295,36271,35486,3417,38903,293
2022-05-15,Mariposa,043,17540,2493,2463,218,2681,30
2022-05-15,Mendocino,045,87422,13459,13349,3315,16664,124
2022-05-15,Merced,047,269075,62972,62627,8974,71601,818
2022-05-15,Modoc,049,8938,750,747,254,1001,8
2022-05-15,Mono,051,14174,3012,3002,151,3153,6
2022-05-15,Monterey,053,433212,81269,80620,14898,95518,735
2022-05-15,Napa,055,140530,27040,26698,1091,27789,143
2022-05-15,Nevada,057,99092,16403,16240,1276,17516,127
2022-05-15,Orange,059,3164182,561573,557134,43971,601105,7017
2022-05-15,Placer,061,380077,64730,63963,7708,71671,626
2022-05-15,Plumas,063,18699,3050,3006,373,3379,13
2022-05-15,Riverside,065,2383286,601630,597914,29066,626980,6471
2022-05-15,Sacramento,067,1510023,289289,286403,28351,314754,3022
2022-05-15,San Benito,069,59416,13192,13106,542,13648,98
2022-05-15,San Bernardino,071,2135413,575269,572057,25656,597713,7423
2022-05-15,San Diego,073,3302833,775435,770323,54601,824924,5271
2022-05-15,San Francisco,075,870044,138287,134916,9266,144182,866
2022-05-15,San Joaquin,077,732212,169582,168174,10655,178829,2236
2022-05-15,San Luis Obispo,079,281455,53852,53502,4145,57647,478
2022-05-15,San Mateo,081,765935,132151,129480,7990,137470,709
2022-05-15,Santa Barbara,083,443738,88609,87773,4964,92737,693
2022-05-15,Santa Clara,085,1922200,335079,328609,13925,342534,2297
2022-05-15,Santa Cruz,087,273765,51274,50268,2321,52589,263
2022-05-15,Shasta,089,179085,30939,30799,6207,37006,557
2022-05-15,Sierra,091,2930,277,275,53,328,4
2022-05-15,Siskiyou,093,43540,4508,4482,2808,7290,81
2022-05-15,Solano,095,438530,84878,83669,5884,89553,451
2022-05-15,Sonoma,097,501317,88684,87070,3271,90341,488
2022-05-15,Stanislaus,099,539301,119259,118586,17920,136506,1645
2022-05-15,Sutter,101,95872,20769,20690,2188,22878,226
2022-05-15,Tehama,103,63373,12142,12115,2661,14776,201
2022-05-15,Trinity,105,12862,1193,1188,297,1485,20
2022-05-15,Tulare,107,460477,107415,107077,29231,136308,1469
2022-05-15,Tuolumne,109,53932,12968,12851,593,13444,182
2022-05-15,Ventura,111,848112,177833,176317,10097,186414,1497
2022-05-15,Yolo,113,214977,38476,37737,3392,41129,316
2022-05-15,Yuba,115,75493,16127,16028,1286,17314,122
2022-05-14,Alameda,001,1643700,273537,268944,15337,284281,1857
2022-05-14,Alpine,003,1148,125,125,1,126,0
2022-05-14,Amador,005,37829,8652,8574,674,9248,86
2022-05-14,Butte,007,227075,33537,33377,6855,40232,424
2022-05-14,Calaveras,009,45235,7413,7378,382,7760,120
2022-05-14,Colusa,011,21464,3466,3463,1082,4545,21
2022-05-14,Contra Costa,013,1133247,198829,195925,14288,210213,1301
2022-05-14,Del Norte,015,27424,6021,5919,215,6134,50
2022-05-14,El Dorado,017,186661,27459,27216,3336,30552,212
2022-05-14,Fresno,019,978130,234249,233305,24482,257787,2757
2022-05-14,Glenn,021,27897,5014,5004,1627,6631,48
2022-05-14,Humboldt,023,135768,17948,17633,3256,20889,146
2022-05-14,Imperial,025,180216,55945,55756,11031,66787,917
2022-05-14,Inyo,027,18085,4127,4114,543,4657,56
2022-05-14,Kern,029,883053,193613,192939,47127,240066,2314
2022-05-14,Kings,031,150075,51939,51779,3652,55431,447
2022-05-14,Lake,033,64148,10871,10790,918,11708,137
2022-05-14,Lassen,035,31185,8994,8987,894,9881,65
2022-05-14,Los Angeles,037,10098052,2787552,2768726,130645,2899371,31768
2022-05-14,Madera,039,155013,37718,37520,6242,43762,365
2022-05-14,Marin,041,260295,36166,35486,3366,38852,293
2022-05-14,Mariposa,043,17540,2492,2463,218,2681,30
2022-05-14,Mendocino,045,87422,13449,13349,3313,16662,124
2022-05-14,Merced,047,269075,62942,62627,8970,71597,818
2022-05-14,Modoc,049,8938,749,747,254,1001,8
2022-05-14,Mono,051,14174,3012,3002,150,3152,6
2022-05-14,Monterey,053,433212,81205,80620,14845,95465,735
2022-05-14,Napa,055,140530,27017,26698,1084,27782,143
2022-05-14,Nevada,057,99092,16388,16240,1275,17515,127
2022-05-14,Orange,059,3164182,561130,557134,43878,601012,7017
2022-05-14,Placer,061,380077,64631,63963,7687,71650,626
2022-05-14,Plumas,063,18699,3046,3006,373,3379,13
2022-05-14,Riverside,065,2383286,601230,597914,29039,626953,6471
2022-05-14,Sacramento,067,1510023,289017,286403,28331,314734,3022
2022-05-14,San Benito,069,59416,13181,13106,540,13646,98
2022-05-14,San Bernardino,071,2135413,574995,572057,25644,597701,7423
2022-05-14,San Diego,073,3302833,774850,770323,54556,824879,5271
2022-05-14,San Francisco,075,870044,137929,134916,9243,144159,866
2022-05-14,San Joaquin,077,732212,169445,168174,10640,178814,2236
2022-05-14,San Luis Obispo,079,281455,53825,53502,4142,57644,478
2022-05-14,San Mateo,081,765935,131833,129480,7971,137451,709
2022-05-14,Santa Barbara,083,443738,88502,87773,4964,92737,693
2022-05-14,Santa Clara,085,1922200,334255,328609,13881,342490,2297
2022-05-14,Santa Cruz,087,273765,51227,50268,2311,52579,263
2022-05-14,Shasta,089,179085,30935,30799,6206,37005,557
2022-05-14,Sierra,091,2930,277,275,53,328,4
2022-05-14,Siskiyou,093,43540,4505,4482,2806,7288,81
2022-05-14,Solano,095,438530,84815,83669,5872,89541,451
2022-05-14,Sonoma,097,501317,88539,87070,3262,90332,488
2022-05-14,Stanislaus,099,539301,119177,118586,17909,136495,1645
2022-05-14,Sutter,101,95872,20761,20690,2187,22877,226
2022-05-14,Tehama,103,63373,12137,12115,2660,14775,201
2022-05-14,Trinity,105,12862,1193,1188,297,1485,20
2022-05-14,Tulare,107,460477,107369,107077,29198,136275,1469
2022-05-14,Tuolumne,109,53932,12957,12851,593,13444,182
2022-05-14,Ventura,111,848112,177673,176317,10075,186392,1497
2022-05-14,Yolo,113,214977,38424,37737,3384,41121,316
2022-05-14,Yuba,115,75493,16119,16028,1285,17313,122
2022-05-13,Alameda,001,1643700,273069,268944,15316,284260,1857
2022-05-13,Alpine,003,1148,125,125,1,126,0
2022-05-13,Amador,005,37829,8647,8574,674,9248,86
2022-05-13,Butte,007,227075,33521,33377,6852,40229,424
2022-05-13,Calaveras,009,45235,7409,7378,382,7760,120
2022-05-13,Colusa,011,21464,3465,3463,1082,4545,21
2022-05-13,Contra Costa,013,1133247,198493,195925,14266,210191,1301
2022-05-13,Del Norte,015,27424,6018,5919,215,6134,50
2022-05-13,El Dorado,017,186661,27431,27216,3336,30552,212
2022-05-13,Fresno,019,978130,234145,233305,24474,257779,2757
2022-05-13,Glenn,021,27897,5013,5004,1626,6630,48
2022-05-13,Humboldt,023,135768,17924,17633,3253,20886,146
2022-05-13,Imperial,025,180216,55928,55756,11030,66786,917
2022-05-13,Inyo,027,18085,4127,4114,542,4656,56
2022-05-13,Kern,029,883053,193540,192939,47096,240035,2314
2022-05-13,Kings,031,150075,51915,51779,3652,55431,447
2022-05-13,Lake,033,64148,10868,10790,918,11708,137
2022-05-13,Lassen,035,31185,8993,8987,894,9881,65
2022-05-13,Los Angeles,037,10098052,2785655,2768726,130461,2899187,31768
2022-05-13,Madera,039,155013,37698,37520,6240,43760,365
2022-05-13,Marin,041,260295,36063,35486,3322,38808,293
2022-05-13,Mariposa,043,17540,2490,2463,218,2681,30
2022-05-13,Mendocino,045,87422,13435,13349,3308,16657,124
2022-05-13,Merced,047,269075,62907,62627,8962,71589,818
2022-05-13,Modoc,049,8938,749,747,254,1001,8
2022-05-13,Mono,051,14174,3011,3002,149,3151,6
2022-05-13,Monterey,053,433212,81151,80620,14808,95428,735
2022-05-13,Napa,055,140530,26981,26698,1082,27780,143
2022-05-13,Nevada,057,99092,16374,16240,1274,17514,127
2022-05-13,Orange,059,3164182,560674,557134,43806,600940,7017
2022-05-13,Placer,061,380077,64552,63963,7677,71640,626
2022-05-13,Plumas,063,18699,3039,3006,373,3379,13
2022-05-13,Riverside,065,2383286,600855,597914,29008,626922,6471
2022-05-13,Sacramento,067,1510023,288682,286403,28311,314714,3022
2022-05-13,San Benito,069,59416,13177,13106,540,13646,98
2022-05-13,San Bernardino,071,2135413,574766,572057,25634,597691,7423
2022-05-13,San Diego,073,3302833,774220,770323,54503,824826,5271
2022-05-13,San Francisco,075,870044,137578,134916,9223,144139,866
2022-05-13,San Joaquin,077,732212,169326,168174,10628,178802,2236
2022-05-13,San Luis Obispo,079,281455,53789,53502,4138,57640,478
2022-05-13,San Mateo,081,765935,131548,129480,7950,137430,709
2022-05-13,Santa Barbara,083,443738,88410,87773,4961,92734,693
2022-05-13,Santa Clara,085,1922200,333457,328609,13849,342458,2297
2022-05-13,Santa Cruz,087,273765,51139,50268,2303,52571,263
2022-05-13,Shasta,089,179085,30932,30799,6206,37005,557
2022-05-13,Sierra,091,2930,276,275,50,325,4
2022-05-13,Siskiyou,093,43540,4504,4482,2805,7287,81
2022-05-13,Solano,095,438530,84693,83669,5866,89535,451
2022-05-13,Sonoma,097,501317,88367,87070,3252,90322,488
2022-05-13,Stanislaus,099,539301,119084,118586,17900,136486,1645
2022-05-13,Sutter,101,95872,20749,20690,2186,22876,226
2022-05-13,Tehama,103,63373,12135,12115,2658,14773,201
2022-05-13,Trinity,105,12862,1192,1188,297,1485,20
2022-05-13,Tulare,107,460477,107326,107077,29159,136236,1469
2022-05-13,Tuolumne,109,53932,12942,12851,593,13444,182
2022-05-13,Ventura,111,848112,177501,176317,10063,186380,1497
2022-05-13,Yolo,113,214977,38370,37737,3380,41117,316
2022-05-13,Yuba,115,75493,16106,16028,1282,17310,122
2022-05-12,Alameda,001,1643700,272326,268944,15266,284210,1857
2022-05-12,Alpine,003,1148,125,125,1,126,0
2022-05-12,Amador,005,37829,8638,8574,674,9248,86
2022-05-12,Butte,007,227075,33496,33377,6842,40219,424
2022-05-12,Calaveras,009,45235,7406,7378,382,7760,120
2022-05-12,Colusa,011,21464,3465,3463,1081,4544,21
2022-05-12,Contra Costa,013,1133247,197976,195925,14210,210135,1301
2022-05-12,Del Norte,015,27424,6001,5919,213,6132,50
2022-05-12,El Dorado,017,186661,27389,27216,3327,30543,212
2022-05-12,Fresno,019,978130,233996,233305,24460,257765,2757
2022-05-12,Glenn,021,27897,5009,5004,1626,6630,48
2022-05-12,Humboldt,023,135768,17878,17633,3239,20872,146
2022-05-12,Imperial,025,180216,55901,55756,11015,66771,917
2022-05-12,Inyo,027,18085,4123,4114,537,4651,56
2022-05-12,Kern,029,883053,193478,192939,47046,239985,2314
2022-05-12,Kings,031,150075,51893,51779,3649,55428,447
2022-05-12,Lake,033,64148,10850,10790,913,11703,137
2022-05-12,Lassen,035,31185,8992,8987,893,9880,65
2022-05-12,Los Angeles,037,10098052,2782482,2768726,130203,2898929,31768
2022-05-12,Madera,039,155013,37672,37520,6232,43752,365
2022-05-12,Marin,041,260295,35964,35486,3300,38786,293
2022-05-12,Mariposa,043,17540,2485,2463,218,2681,30
2022-05-12,Mendocino,045,87422,13417,13349,3295,16644,124
2022-05-12,Merced,047,269075,62873,62627,8947,71574,818
2022-05-12,Modoc,049,8938,748,747,254,1001,8
2022-05-12,Mono,051,14174,3011,3002,149,3151,6
2022-05-12,Monterey,053,433212,81091,80620,14762,95382,735
2022-05-12,Napa,055,140530,26935,26698,1080,27778,143
2022-05-12,Nevada,057,99092,16352,16240,1273,17513,127
2022-05-12,Orange,059,3164182,560032,557134,43695,600829,7017
2022-05-12,Placer,061,380077,64456,63963,7660,71623,626
2022-05-12,Plumas,063,18699,3034,3006,373,3379,13
2022-05-12,Riverside,065,2383286,600395,597914,28973,626887,6471
2022-05-12,Sacramento,067,1510023,288237,286403,28241,314644,3022
2022-05-12,San Benito,069,59416,13162,13106,538,13644,98
2022-05-12,San Bernardino,071,2135413,574426,572057,25615,597672,7423
2022-05-12,San Diego,073,3302833,773275,770323,54434,824757,5271
2022-05-12,San Francisco,075,870044,137198,134916,9180,144096,866
2022-05-12,San Joaquin,077,732212,169139,168174,10592,178766,2236
2022-05-12,San Luis Obispo,079,281455,53731,53502,4108,57610,478
2022-05-12,San Mateo,081,765935,131135,129480,7900,137380,709
2022-05-12,Santa Barbara,083,443738,88304,87773,4954,92727,693
2022-05-12,Santa Clara,085,1922200,332481,328609,13757,342366,2297
2022-05-12,Santa Cruz,087,273765,50993,50268,2299,52567,263
2022-05-12,Shasta,089,179085,30919,30799,6203,37002,557
2022-05-12,Sierra,091,2930,275,275,50,325,4
2022-05-12,Siskiyou,093,43540,4499,4482,2803,7285,81
2022-05-12,Solano,095,438530,84493,83669,5853,89522,451
2022-05-12,Sonoma,097,501317,88151,87070,3228,90298,488
2022-05-12,Stanislaus,099,539301,118983,118586,17873,136459,1645
2022-05-12,Sutter,101,95872,20734,20690,2185,22875,226
2022-05-12,Tehama,103,63373,12128,12115,2656,14771,201
2022-05-12,Trinity,105,12862,1191,1188,296,1484,20
2022-05-12,Tulare,107,460477,107279,107077,29101,136178,1469
2022-05-12,Tuolumne,109,53932,12922,12851,593,13444,182
2022-05-12,Ventura,111,848112,177273,176317,10029,186346,1497
2022-05-12,Yolo,113,214977,38289,37737,3369,41106,316
2022-05-12,Yuba,115,75493,16091,16028,1278,17306,122
2022-05-11,Alameda,001,1643700,271615,267982,15215,283197,1853
2022-05-11,Alpine,003,1148,125,125,1,126,0
2022-05-11,Amador,005,37829,8630,8564,674,9238,86
2022-05-11,Butte,007,227075,33462,33339,6837,40176,423
2022-05-11,Calaveras,009,45235,7400,7368,378,7746,120
2022-05-11,Colusa,011,21464,3464,3462,1081,4543,21
2022-05-11,Contra Costa,013,1133247,197462,195153,14165,209318,1302
2022-05-11,Del Norte,015,27424,5990,5911,213,6124,50
2022-05-11,El Dorado,017,186661,27353,27172,3324,30496,212
2022-05-11,Fresno,019,978130,233831,233021,24437,257458,2754
2022-05-11,Glenn,021,27897,5009,5001,1625,6626,48
2022-05-11,Humboldt,023,135768,17837,17585,3226,20811,146
2022-05-11,Imperial,025,180216,55874,55751,11004,66755,917
2022-05-11,Inyo,027,18085,4122,4093,536,4629,56
2022-05-11,Kern,029,883053,193384,192795,46998,239793,2292
2022-05-11,Kings,031,150075,51865,51752,3647,55399,447
2022-05-11,Lake,033,64148,10837,10786,912,11698,137
2022-05-11,Lassen,035,31185,8991,8984,892,9876,65
2022-05-11,Los Angeles,037,10098052,2779360,2761410,129976,2891386,31747
2022-05-11,Madera,039,155013,37637,37496,6222,43718,365
2022-05-11,Marin,041,260295,35864,35336,3259,38595,292
2022-05-11,Mariposa,043,17540,2480,2461,218,2679,30
2022-05-11,Mendocino,045,87422,13402,13320,3279,16599,124
2022-05-11,Merced,047,269075,62833,62567,8929,71496,818
2022-05-11,Modoc,049,8938,747,747,254,1001,8
2022-05-11,Mono,051,14174,3011,2999,148,3147,6
2022-05-11,Monterey,053,433212,81028,80534,14714,95248,733
2022-05-11,Napa,055,140530,26883,26660,1078,27738,143
2022-05-11,Nevada,057,99092,16336,16230,1270,17500,127
2022-05-11,Orange,059,3164182,559357,556265,43612,599877,7009
2022-05-11,Placer,061,380077,64357,63823,7646,71469,625
2022-05-11,Plumas,063,18699,3026,2998,373,3371,13
2022-05-11,Riverside,065,2383286,599948,597302,28940,626242,6468
2022-05-11,Sacramento,067,1510023,287828,285799,28188,313987,3020
2022-05-11,San Benito,069,59416,13141,13088,538,13626,98
2022-05-11,San Bernardino,071,2135413,574067,571372,25606,596978,7354
2022-05-11,San Diego,073,3302833,772295,768135,54336,822471,5257
2022-05-11,San Francisco,075,870044,136705,134027,9147,143174,864
2022-05-11,San Joaquin,077,732212,168965,167949,10566,178515,2233
2022-05-11,San Luis Obispo,079,281455,53684,53420,4090,57510,478
2022-05-11,San Mateo,081,765935,130740,128821,7865,136686,711
2022-05-11,Santa Barbara,083,443738,88173,87593,4943,92536,693
2022-05-11,Santa Clara,085,1922200,331486,327177,13707,340884,2294
2022-05-11,Santa Cruz,087,273765,50837,50031,2287,52318,263
2022-05-11,Shasta,089,179085,30887,30768,6200,36968,564
2022-05-11,Sierra,091,2930,275,275,50,325,4
2022-05-11,Siskiyou,093,43540,4497,4478,2803,7281,81
2022-05-11,Solano,095,438530,84308,83464,5841,89305,450
2022-05-11,Sonoma,097,501317,87948,86798,3216,90014,488
2022-05-11,Stanislaus,099,539301,118886,118445,17855,136300,1644
2022-05-11,Sutter,101,95872,20720,20668,2184,22852,225
2022-05-11,Tehama,103,63373,12128,12106,2655,14761,201
2022-05-11,Trinity,105,12862,1189,1188,296,1484,20
2022-05-11,Tulare,107,460477,107224,107068,29067,136135,1468
2022-05-11,Tuolumne,109,53932,12904,12829,593,13422,181
2022-05-11,Ventura,111,848112,177076,175955,9996,185951,1491
2022-05-11,Yolo,113,214977,38216,37654,3366,41020,316
2022-05-11,Yuba,115,75493,16073,15997,1269,17266,122
2022-05-10,Alameda,001,1643700,270842,267982,15166,283148,1853
2022-05-10,Alpine,003,1148,125,125,1,126,0
2022-05-10,Amador,005,37829,8628,8564,673,9237,86
2022-05-10,Butte,007,227075,33439,33339,6834,40173,423
2022-05-10,Calaveras,009,45235,7396,7368,376,7744,120
2022-05-10,Colusa,011,21464,3464,3462,1080,4542,21
2022-05-10,Contra Costa,013,1133247,196982,195153,14132,209285,1302
2022-05-10,Del Norte,015,27424,5937,5911,213,6124,50
2022-05-10,El Dorado,017,186661,27317,27172,3320,30492,212
2022-05-10,Fresno,019,978130,233675,233021,24414,257435,2754
2022-05-10,Glenn,021,27897,5007,5001,1625,6626,48
2022-05-10,Humboldt,023,135768,17799,17585,3216,20801,146
2022-05-10,Imperial,025,180216,55839,55751,10985,66736,917
2022-05-10,Inyo,027,18085,4120,4093,529,4622,56
2022-05-10,Kern,029,883053,193281,192795,46958,239753,2292
2022-05-10,Kings,031,150075,51833,51752,3647,55399,447
2022-05-10,Lake,033,64148,10832,10786,912,11698,137
2022-05-10,Lassen,035,31185,8986,8984,892,9876,65
2022-05-10,Los Angeles,037,10098052,2776098,2761410,129748,2891158,31747
2022-05-10,Madera,039,155013,37606,37496,6216,43712,365
2022-05-10,Marin,041,260295,35752,35336,3219,38555,292
2022-05-10,Mariposa,043,17540,2480,2461,218,2679,30
2022-05-10,Mendocino,045,87422,13390,13320,3266,16586,124
2022-05-10,Merced,047,269075,62787,62567,8910,71477,818
2022-05-10,Modoc,049,8938,747,747,254,1001,8
2022-05-10,Mono,051,14174,3007,2999,145,3144,6
2022-05-10,Monterey,053,433212,80961,80534,14672,95206,733
2022-05-10,Napa,055,140530,26846,26660,1076,27736,143
2022-05-10,Nevada,057,99092,16316,16230,1268,17498,127
2022-05-10,Orange,059,3164182,558648,556265,43518,599783,7009
2022-05-10,Placer,061,380077,64245,63823,7634,71457,625
2022-05-10,Plumas,063,18699,3018,2998,372,3370,13
2022-05-10,Riverside,065,2383286,599522,597302,28907,626209,6468
2022-05-10,Sacramento,067,1510023,287332,285799,28112,313911,3020
2022-05-10,San Benito,069,59416,13124,13088,533,13621,98
2022-05-10,San Bernardino,071,2135413,573721,571372,25581,596953,7354
2022-05-10,San Diego,073,3302833,771276,768135,54229,822364,5257
2022-05-10,San Francisco,075,870044,136152,134027,9115,143142,864
2022-05-10,San Joaquin,077,732212,168808,167949,10502,178451,2233
2022-05-10,San Luis Obispo,079,281455,53608,53420,4063,57483,478
2022-05-10,San Mateo,081,765935,130367,128821,7827,136648,711
2022-05-10,Santa Barbara,083,443738,88058,87593,4929,92522,693
2022-05-10,Santa Clara,085,1922200,330465,327177,13624,340801,2294
2022-05-10,Santa Cruz,087,273765,50713,50031,2278,52309,263
2022-05-10,Shasta,089,179085,30868,30768,6199,36967,564
2022-05-10,Sierra,091,2930,275,275,49,324,4
2022-05-10,Siskiyou,093,43540,4493,4478,2803,7281,81
2022-05-10,Solano,095,438530,84126,83464,5822,89286,450
2022-05-10,Sonoma,097,501317,87708,86798,3178,89976,488
2022-05-10,Stanislaus,099,539301,118792,118445,17838,136283,1644
2022-05-10,Sutter,101,95872,20702,20668,2181,22849,225
2022-05-10,Tehama,103,63373,12125,12106,2648,14754,201
2022-05-10,Trinity,105,12862,1189,1188,296,1484,20
2022-05-10,Tulare,107,460477,107184,107068,29035,136103,1468
2022-05-10,Tuolumne,109,53932,12892,12829,593,13422,181
2022-05-10,Ventura,111,848112,176865,175955,9966,185921,1491
2022-05-10,Yolo,113,214977,38139,37654,3355,41009,316
2022-05-10,Yuba,115,75493,16054,15997,1266,17263,122
2022-05-09,Alameda,001,1643700,270080,267982,15124,283106,1853
2022-05-09,Alpine,003,1148,125,125,1,126,0
2022-05-09,Amador,005,37829,8621,8564,673,9237,86
2022-05-09,Butte,007,227075,33412,33339,6827,40166,423
2022-05-09,Calaveras,009,45235,7390,7368,376,7744,120
2022-05-09,Colusa,011,21464,3462,3462,1078,4540,21
2022-05-09,Contra Costa,013,1133247,196517,195153,14078,209231,1302
2022-05-09,Del Norte,015,27424,5929,5911,212,6123,50
2022-05-09,El Dorado,017,186661,27281,27172,3313,30485,212
2022-05-09,Fresno,019,978130,233523,233021,24392,257413,2754
2022-05-09,Glenn,021,27897,5005,5001,1623,6624,48
2022-05-09,Humboldt,023,135768,17748,17585,3198,20783,146
2022-05-09,Imperial,025,180216,55804,55751,10971,66722,917
2022-05-09,Inyo,027,18085,4117,4093,526,4619,56
2022-05-09,Kern,029,883053,193182,192795,46901,239696,2292
2022-05-09,Kings,031,150075,51803,51752,3646,55398,447
2022-05-09,Lake,033,64148,10825,10786,911,11697,137
2022-05-09,Lassen,035,31185,8984,8984,892,9876,65
2022-05-09,Los Angeles,037,10098052,2772752,2761410,129513,2890923,31747
2022-05-09,Madera,039,155013,37577,37496,6206,43702,365
2022-05-09,Marin,041,260295,35636,35336,3182,38518,292
2022-05-09,Mariposa,043,17540,2475,2461,218,2679,30
2022-05-09,Mendocino,045,87422,13379,13320,3257,16577,124
2022-05-09,Merced,047,269075,62746,62567,8894,71461,818
2022-05-09,Modoc,049,8938,747,747,254,1001,8
2022-05-09,Mono,051,14174,3006,2999,141,3140,6
2022-05-09,Monterey,053,433212,80868,80534,14627,95161,733
2022-05-09,Napa,055,140530,26797,26660,1075,27735,143
2022-05-09,Nevada,057,99092,16288,16230,1263,17493,127
2022-05-09,Orange,059,3164182,557987,556265,43432,599697,7009
2022-05-09,Placer,061,380077,64188,63823,7620,71443,625
2022-05-09,Plumas,063,18699,3009,2998,372,3370,13
2022-05-09,Riverside,065,2383286,599039,597302,28869,626171,6468
2022-05-09,Sacramento,067,1510023,286921,285799,28027,313826,3020
2022-05-09,San Benito,069,59416,13106,13088,533,13621,98
2022-05-09,San Bernardino,071,2135413,573393,571372,25565,596937,7354
2022-05-09,San Diego,073,3302833,770303,768135,54108,822243,5257
2022-05-09,San Francisco,075,870044,135603,134027,9090,143117,864
2022-05-09,San Joaquin,077,732212,168630,167949,10474,178423,2233
2022-05-09,San Luis Obispo,079,281455,53556,53420,4043,57463,478
2022-05-09,San Mateo,081,765935,129946,128821,7798,136619,711
2022-05-09,Santa Barbara,083,443738,87930,87593,4920,92513,693
2022-05-09,Santa Clara,085,1922200,329314,327177,13558,340735,2294
2022-05-09,Santa Cruz,087,273765,50575,50031,2273,52304,263
2022-05-09,Shasta,089,179085,30855,30768,6197,36965,564
2022-05-09,Sierra,091,2930,275,275,49,324,4
2022-05-09,Siskiyou,093,43540,4491,4478,2802,7280,81
2022-05-09,Solano,095,438530,83971,83464,5809,89273,450
2022-05-09,Sonoma,097,501317,87450,86798,3152,89950,488
2022-05-09,Stanislaus,099,539301,118695,118445,17823,136268,1644
2022-05-09,Sutter,101,95872,20689,20668,2180,22848,225
2022-05-09,Tehama,103,63373,12123,12106,2646,14752,201
2022-05-09,Trinity,105,12862,1189,1188,296,1484,20
2022-05-09,Tulare,107,460477,107135,107068,28995,136063,1468
2022-05-09,Tuolumne,109,53932,12884,12829,593,13422,181
2022-05-09,Ventura,111,848112,176648,175955,9929,185884,1491
2022-05-09,Yolo,113,214977,38062,37654,3345,40999,316
2022-05-09,Yuba,115,75493,16046,15997,1265,17262,122
2022-05-08,Alameda,001,1643700,269198,265198,15060,280258,1855
2022-05-08,Alpine,003,1148,125,125,1,126,0
2022-05-08,Amador,005,37829,8609,8556,672,9228,86
2022-05-08,Butte,007,227075,33389,33269,6817,40086,421
2022-05-08,Calaveras,009,45235,7384,7353,375,7728,120
2022-05-08,Colusa,011,21464,3461,3459,1077,4536,21
2022-05-08,Contra Costa,013,1133247,196004,193961,14017,207978,1302
2022-05-08,Del Norte,015,27424,5915,5884,212,6096,50
2022-05-08,El Dorado,017,186661,27244,27081,3308,30389,210
2022-05-08,Fresno,019,978130,233355,232655,24372,257027,2754
2022-05-08,Glenn,021,27897,5003,4996,1623,6619,48
2022-05-08,Humboldt,023,135768,17697,17410,3170,20580,146
2022-05-08,Imperial,025,180216,55772,55683,10958,66641,917
2022-05-08,Inyo,027,18085,4110,4087,525,4612,56
2022-05-08,Kern,029,883053,193084,192590,46855,239445,2287
2022-05-08,Kings,031,150075,51786,51702,3646,55348,447
2022-05-08,Lake,033,64148,10818,10766,911,11677,137
2022-05-08,Lassen,035,31185,8980,8978,892,9870,65
2022-05-08,Los Angeles,037,10098052,2769200,2751478,129223,2880701,31738
2022-05-08,Madera,039,155013,37556,37420,6188,43608,365
2022-05-08,Marin,041,260295,35511,34934,3134,38068,292
2022-05-08,Mariposa,043,17540,2468,2438,217,2655,30
2022-05-08,Mendocino,045,87422,13361,13270,3230,16500,124
2022-05-08,Merced,047,269075,62695,62471,8868,71339,818
2022-05-08,Modoc,049,8938,747,745,254,999,8
2022-05-08,Mono,051,14174,3004,2997,138,3135,6
2022-05-08,Monterey,053,433212,80775,80246,14544,94790,733
2022-05-08,Napa,055,140530,26756,26524,1072,27596,143
2022-05-08,Nevada,057,99092,16264,16171,1261,17432,127
2022-05-08,Orange,059,3164182,557315,554411,43319,597730,7007
2022-05-08,Placer,061,380077,64073,63577,7595,71172,625
2022-05-08,Plumas,063,18699,3005,2996,372,3368,13
2022-05-08,Riverside,065,2383286,598554,596022,28830,624852,6467
2022-05-08,Sacramento,067,1510023,286420,284564,27950,312514,3016
2022-05-08,San Benito,069,59416,13091,13047,531,13578,98
2022-05-08,San Bernardino,071,2135413,572966,570381,25534,595915,7306
2022-05-08,San Diego,073,3302833,769283,765377,54011,819388,5244
2022-05-08,San Francisco,075,870044,134951,132659,9058,141717,861
2022-05-08,San Joaquin,077,732212,168447,167568,10426,177994,2229
2022-05-08,San Luis Obispo,079,281455,53487,53273,4022,57295,477
2022-05-08,San Mateo,081,765935,129485,127615,7752,135367,709
2022-05-08,Santa Barbara,083,443738,87797,87305,4911,92216,692
2022-05-08,Santa Clara,085,1922200,328236,324946,13491,338437,2287
2022-05-08,Santa Cruz,087,273765,50396,49605,2269,51874,262
2022-05-08,Shasta,089,179085,30827,30721,6193,36914,563
2022-05-08,Sierra,091,2930,275,275,49,324,4
2022-05-08,Siskiyou,093,43540,4488,4470,2796,7266,81
2022-05-08,Solano,095,438530,83801,83038,5785,88823,450
2022-05-08,Sonoma,097,501317,87227,86150,3119,89269,488
2022-05-08,Stanislaus,099,539301,118587,118235,17801,136036,1643
2022-05-08,Sutter,101,95872,20668,20694,2176,22870,225
2022-05-08,Tehama,103,63373,12117,12098,2643,14741,201
2022-05-08,Trinity,105,12862,1188,1180,296,1476,20
2022-05-08,Tulare,107,460477,107097,106987,28958,135945,1468
2022-05-08,Tuolumne,109,53932,12871,12793,591,13384,181
2022-05-08,Ventura,111,848112,176415,175454,9879,185333,1491
2022-05-08,Yolo,113,214977,37995,37456,3329,40785,315
2022-05-08,Yuba,115,75493,16024,15964,1261,17225,122
2022-05-07,Alameda,001,1643700,268832,265198,15044,280242,1855
2022-05-07,Alpine,003,1148,125,125,1,126,0
2022-05-07,Amador,005,37829,8607,8556,672,9228,86
2022-05-07,Butte,007,227075,33381,33269,6810,40079,421
2022-05-07,Calaveras,009,45235,7377,7353,375,7728,120
2022-05-07,Colusa,011,21464,3461,3459,1077,4536,21
2022-05-07,Contra Costa,013,1133247,195767,193961,14005,207966,1302
2022-05-07,Del Norte,015,27424,5913,5884,212,6096,50
2022-05-07,El Dorado,017,186661,27227,27081,3307,30388,210
2022-05-07,Fresno,019,978130,233301,232655,24365,257020,2754
2022-05-07,Glenn,021,27897,5002,4996,1623,6619,48
2022-05-07,Humboldt,023,135768,17668,17410,3164,20574,146
2022-05-07,Imperial,025,180216,55748,55683,10949,66632,917
2022-05-07,Inyo,027,18085,4107,4087,525,4612,56
2022-05-07,Kern,029,883053,193049,192590,46833,239423,2287
2022-05-07,Kings,031,150075,51775,51702,3646,55348,447
2022-05-07,Lake,033,64148,10814,10766,911,11677,137
2022-05-07,Lassen,035,31185,8980,8978,892,9870,65
2022-05-07,Los Angeles,037,10098052,2767656,2751478,129057,2880535,31738
2022-05-07,Madera,039,155013,37548,37420,6188,43608,365
2022-05-07,Marin,041,260295,35438,34934,3100,38034,292
2022-05-07,Mariposa,043,17540,2465,2438,217,2655,30
2022-05-07,Mendocino,045,87422,13352,13270,3227,16497,124
2022-05-07,Merced,047,269075,62682,62471,8867,71338,818
2022-05-07,Modoc,049,8938,747,745,254,999,8
2022-05-07,Mono,051,14174,3003,2997,138,3135,6
2022-05-07,Monterey,053,433212,80715,80246,14521,94767,733
2022-05-07,Napa,055,140530,26725,26524,1071,27595,143
2022-05-07,Nevada,057,99092,16254,16171,1256,17427,127
2022-05-07,Orange,059,3164182,556987,554411,43264,597675,7007
2022-05-07,Placer,061,380077,64010,63577,7590,71167,625
2022-05-07,Plumas,063,18699,3005,2996,371,3367,13
2022-05-07,Riverside,065,2383286,598304,596022,28796,624818,6467
2022-05-07,Sacramento,067,1510023,286228,284564,27937,312501,3016
2022-05-07,San Benito,069,59416,13082,13047,531,13578,98
2022-05-07,San Bernardino,071,2135413,572761,570381,25529,595910,7306
2022-05-07,San Diego,073,3302833,768801,765377,53981,819358,5244
2022-05-07,San Francisco,075,870044,134616,132659,9038,141697,861
2022-05-07,San Joaquin,077,732212,168343,167568,10418,177986,2229
2022-05-07,San Luis Obispo,079,281455,53475,53273,4012,57285,477
2022-05-07,San Mateo,081,765935,129202,127615,7739,135354,709
2022-05-07,Santa Barbara,083,443738,87720,87305,4909,92214,692
2022-05-07,Santa Clara,085,1922200,327620,324946,13469,338415,2287
2022-05-07,Santa Cruz,087,273765,50344,49605,2258,51863,262
2022-05-07,Shasta,089,179085,30819,30721,6193,36914,563
2022-05-07,Sierra,091,2930,275,275,49,324,4
2022-05-07,Siskiyou,093,43540,4486,4470,2795,7265,81
2022-05-07,Solano,095,438530,83745,83038,5780,88818,450
2022-05-07,Sonoma,097,501317,87103,86150,3109,89259,488
2022-05-07,Stanislaus,099,539301,118539,118235,17794,136029,1643
2022-05-07,Sutter,101,95872,20659,20694,2176,22870,225
2022-05-07,Tehama,103,63373,12115,12098,2642,14740,201
2022-05-07,Trinity,105,12862,1188,1180,296,1476,20
2022-05-07,Tulare,107,460477,107074,106987,28945,135932,1468
2022-05-07,Tuolumne,109,53932,12864,12793,591,13384,181
2022-05-07,Ventura,111,848112,176306,175454,9852,185306,1491
2022-05-07,Yolo,113,214977,37960,37456,3327,40783,315
2022-05-07,Yuba,115,75493,16015,15964,1260,17224,122
2022-05-06,Alameda,001,1643700,268454,265198,15028,280226,1855
2022-05-06,Alpine,003,1148,125,125,1,126,0
2022-05-06,Amador,005,37829,8607,8556,671,9227,86
2022-05-06,Butte,007,227075,33372,33269,6808,40077,421
2022-05-06,Calaveras,009,45235,7374,7353,375,7728,120
2022-05-06,Colusa,011,21464,3461,3459,1077,4536,21
2022-05-06,Contra Costa,013,1133247,195541,193961,13994,207955,1302
2022-05-06,Del Norte,015,27424,5904,5884,212,6096,50
2022-05-06,El Dorado,017,186661,27203,27081,3305,30386,210
2022-05-06,Fresno,019,978130,233224,232655,24357,257012,2754
2022-05-06,Glenn,021,27897,5002,4996,1623,6619,48
2022-05-06,Humboldt,023,135768,17641,17410,3161,20571,146
2022-05-06,Imperial,025,180216,55739,55683,10944,66627,917
2022-05-06,Inyo,027,18085,4097,4087,522,4609,56
2022-05-06,Kern,029,883053,193000,192590,46807,239397,2287
2022-05-06,Kings,031,150075,51767,51702,3646,55348,447
2022-05-06,Lake,033,64148,10812,10766,911,11677,137
2022-05-06,Lassen,035,31185,8980,8978,892,9870,65
2022-05-06,Los Angeles,037,10098052,2765850,2751478,128922,2880400,31738
2022-05-06,Madera,039,155013,37535,37420,6185,43605,365
2022-05-06,Marin,041,260295,35361,34934,3052,37986,292
2022-05-06,Mariposa,043,17540,2463,2438,212,2650,30
2022-05-06,Mendocino,045,87422,13340,13270,3225,16495,124
2022-05-06,Merced,047,269075,62663,62471,8866,71337,818
2022-05-06,Modoc,049,8938,747,745,254,999,8
2022-05-06,Mono,051,14174,3002,2997,138,3135,6
2022-05-06,Monterey,053,433212,80674,80246,14488,94734,733
2022-05-06,Napa,055,140530,26707,26524,1071,27595,143
2022-05-06,Nevada,057,99092,16242,16171,1253,17424,127
2022-05-06,Orange,059,3164182,556644,554411,43195,597606,7007
2022-05-06,Placer,061,380077,63951,63577,7577,71154,625
2022-05-06,Plumas,063,18699,3003,2996,371,3367,13
2022-05-06,Riverside,065,2383286,598072,596022,28774,624796,6467
2022-05-06,Sacramento,067,1510023,285976,284564,27916,312480,3016
2022-05-06,San Benito,069,59416,13078,13047,531,13578,98
2022-05-06,San Bernardino,071,2135413,572583,570381,25525,595906,7306
2022-05-06,San Diego,073,3302833,768292,765377,53956,819333,5244
2022-05-06,San Francisco,075,870044,134291,132659,9011,141670,861
2022-05-06,San Joaquin,077,732212,168252,167568,10408,177976,2229
2022-05-06,San Luis Obispo,079,281455,53451,53273,4007,57280,477
2022-05-06,San Mateo,081,765935,128974,127615,7731,135346,709
2022-05-06,Santa Barbara,083,443738,87667,87305,4907,92212,692
2022-05-06,Santa Clara,085,1922200,327017,324946,13454,338400,2287
2022-05-06,Santa Cruz,087,273765,50279,49605,2254,51859,262
2022-05-06,Shasta,089,179085,30813,30721,6192,36913,563
2022-05-06,Sierra,091,2930,275,275,49,324,4
2022-05-06,Siskiyou,093,43540,4484,4470,2792,7262,81
2022-05-06,Solano,095,438530,83658,83038,5772,88810,450
2022-05-06,Sonoma,097,501317,86980,86150,3094,89244,488
2022-05-06,Stanislaus,099,539301,118483,118235,17787,136022,1643
2022-05-06,Sutter,101,95872,20653,20694,2176,22870,225
2022-05-06,Tehama,103,63373,12110,12098,2642,14740,201
2022-05-06,Trinity,105,12862,1187,1180,296,1476,20
2022-05-06,Tulare,107,460477,107056,106987,28934,135921,1468
2022-05-06,Tuolumne,109,53932,12856,12793,590,13383,181
2022-05-06,Ventura,111,848112,176189,175454,9825,185279,1491
2022-05-06,Yolo,113,214977,37922,37456,3323,40779,315
2022-05-06,Yuba,115,75493,16004,15964,1259,17223,122
2022-05-05,Alameda,001,1643700,267870,265198,14985,280183,1855
2022-05-05,Alpine,003,1148,125,125,1,126,0
2022-05-05,Amador,005,37829,8605,8556,670,9226,86
2022-05-05,Butte,007,227075,33354,33269,6803,40072,421
2022-05-05,Calaveras,009,45235,7371,7353,372,7725,120
2022-05-05,Colusa,011,21464,3461,3459,1074,4533,21
2022-05-05,Contra Costa,013,1133247,195155,193961,13955,207916,1302
2022-05-05,Del Norte,015,27424,5903,5884,212,6096,50
2022-05-05,El Dorado,017,186661,27179,27081,3300,30381,210
2022-05-05,Fresno,019,978130,233123,232655,24340,256995,2754
2022-05-05,Glenn,021,27897,5002,4996,1623,6619,48
2022-05-05,Humboldt,023,135768,17604,17410,3147,20557,146
2022-05-05,Imperial,025,180216,55732,55683,10933,66616,917
2022-05-05,Inyo,027,18085,4093,4087,521,4608,56
2022-05-05,Kern,029,883053,192944,192590,46769,239359,2287
2022-05-05,Kings,031,150075,51759,51702,3646,55348,447
2022-05-05,Lake,033,64148,10808,10766,911,11677,137
2022-05-05,Lassen,035,31185,8980,8978,892,9870,65
2022-05-05,Los Angeles,037,10098052,2763289,2751478,128701,2880179,31738
2022-05-05,Madera,039,155013,37517,37420,6180,43600,365
2022-05-05,Marin,041,260295,35250,34934,3027,37961,292
2022-05-05,Mariposa,043,17540,2462,2438,212,2650,30
2022-05-05,Mendocino,045,87422,13329,13270,3216,16486,124
2022-05-05,Merced,047,269075,62630,62471,8861,71332,818
2022-05-05,Modoc,049,8938,747,745,252,997,8
2022-05-05,Mono,051,14174,3002,2997,137,3134,6
2022-05-05,Monterey,053,433212,80621,80246,14459,94705,733
2022-05-05,Napa,055,140530,26675,26524,1070,27594,143
2022-05-05,Nevada,057,99092,16232,16171,1250,17421,127
2022-05-05,Orange,059,3164182,556133,554411,43136,597547,7007
2022-05-05,Placer,061,380077,63891,63577,7569,71146,625
2022-05-05,Plumas,063,18699,3002,2996,371,3367,13
2022-05-05,Riverside,065,2383286,597733,596022,28746,624768,6467
2022-05-05,Sacramento,067,1510023,285642,284564,27859,312423,3016
2022-05-05,San Benito,069,59416,13067,13047,531,13578,98
2022-05-05,San Bernardino,071,2135413,572290,570381,25511,595892,7306
2022-05-05,San Diego,073,3302833,767566,765377,53895,819272,5244
2022-05-05,San Francisco,075,870044,133879,132659,8976,141635,861
2022-05-05,San Joaquin,077,732212,168163,167568,10377,177945,2229
2022-05-05,San Luis Obispo,079,281455,53414,53273,3990,57263,477
2022-05-05,San Mateo,081,765935,128635,127615,7702,135317,709
2022-05-05,Santa Barbara,083,443738,87591,87305,4902,92207,692
2022-05-05,Santa Clara,085,1922200,326222,324946,13393,338339,2287
2022-05-05,Santa Cruz,087,273765,50182,49605,2250,51855,262
2022-05-05,Shasta,089,179085,30803,30721,6191,36912,563
2022-05-05,Sierra,091,2930,275,275,49,324,4
2022-05-05,Siskiyou,093,43540,4483,4470,2792,7262,81
2022-05-05,Solano,095,438530,83538,83038,5754,88792,450
2022-05-05,Sonoma,097,501317,86804,86150,3076,89226,488
2022-05-05,Stanislaus,099,539301,118425,118235,17772,136007,1643
2022-05-05,Sutter,101,95872,20651,20694,2174,22868,225
2022-05-05,Tehama,103,63373,12106,12098,2640,14738,201
2022-05-05,Trinity,105,12862,1187,1180,296,1476,20
2022-05-05,Tulare,107,460477,107024,106987,28916,135903,1468
2022-05-05,Tuolumne,109,53932,12838,12793,588,13381,181
2022-05-05,Ventura,111,848112,176006,175454,9783,185237,1491
2022-05-05,Yolo,113,214977,37858,37456,3312,40768,315
2022-05-05,Yuba,115,75493,15994,15964,1256,17220,122
2022-05-04,Alameda,001,1643700,267204,263736,14945,278681,1850
2022-05-04,Alpine,003,1148,125,124,1,125,0
2022-05-04,Amador,005,37829,8602,8546,669,9215,86
2022-05-04,Butte,007,227075,33336,33220,6796,40016,417
2022-05-04,Calaveras,009,45235,7366,7344,372,7716,120
2022-05-04,Colusa,011,21464,3460,3460,1074,4534,21
2022-05-04,Contra Costa,013,1133247,194793,193175,13904,207079,1302
2022-05-04,Del Norte,015,27424,5895,5866,212,6078,50
2022-05-04,El Dorado,017,186661,27153,27021,3295,30316,210
2022-05-04,Fresno,019,978130,233006,232332,24330,256662,2751
2022-05-04,Glenn,021,27897,5000,4995,1623,6618,48
2022-05-04,Humboldt,023,135768,17564,17316,3138,20454,146
2022-05-04,Imperial,025,180216,55710,55548,10922,66470,910
2022-05-04,Inyo,027,18085,4093,4085,518,4603,56
2022-05-04,Kern,029,883053,192883,192432,46733,239165,2281
2022-05-04,Kings,031,150075,51742,51663,3644,55307,447
2022-05-04,Lake,033,64148,10803,10758,911,11669,137
2022-05-04,Lassen,035,31185,8979,8972,890,9862,65
2022-05-04,Los Angeles,037,10098052,2760537,2744894,128517,2873411,31722
2022-05-04,Madera,039,155013,37494,37395,6171,43566,365
2022-05-04,Marin,041,260295,35165,34727,3005,37732,291
2022-05-04,Mariposa,043,17540,2456,2435,208,2643,30
2022-05-04,Mendocino,045,87422,13321,13247,3208,16455,123
2022-05-04,Merced,047,269075,62604,62419,8851,71270,818
2022-05-04,Modoc,049,8938,747,746,252,998,8
2022-05-04,Mono,051,14174,3001,2993,135,3128,6
2022-05-04,Monterey,053,433212,80560,80038,14439,94477,732
2022-05-04,Napa,055,140530,26637,26434,1066,27500,143
2022-05-04,Nevada,057,99092,16216,16136,1247,17383,127
2022-05-04,Orange,059,3164182,555546,553177,43059,596236,7006
2022-05-04,Placer,061,380077,63812,63410,7564,70974,625
2022-05-04,Plumas,063,18699,3000,2947,371,3318,13
2022-05-04,Riverside,065,2383286,597399,594981,28719,623700,6457
2022-05-04,Sacramento,067,1510023,285320,283939,27818,311757,3013
2022-05-04,San Benito,069,59416,13057,13019,530,13549,98
2022-05-04,San Bernardino,071,2135413,572036,569570,25499,595069,7240
2022-05-04,San Diego,073,3302833,766829,763453,53814,817267,5239
2022-05-04,San Francisco,075,870044,133471,131599,8957,140556,860
2022-05-04,San Joaquin,077,732212,168060,167280,10346,177626,2225
2022-05-04,San Luis Obispo,079,281455,53371,53156,3979,57135,477
2022-05-04,San Mateo,081,765935,128312,126800,7670,134470,710
2022-05-04,Santa Barbara,083,443738,87487,87058,4888,91946,688
2022-05-04,Santa Clara,085,1922200,325415,322805,13334,336139,2285
2022-05-04,Santa Cruz,087,273765,50067,49230,2247,51477,262
2022-05-04,Shasta,089,179085,30787,30681,6188,36869,556
2022-05-04,Sierra,091,2930,275,275,49,324,4
2022-05-04,Siskiyou,093,43540,4479,4463,2789,7252,81
2022-05-04,Solano,095,438530,83394,82796,5744,88540,449
2022-05-04,Sonoma,097,501317,86630,85694,3054,88748,488
2022-05-04,Stanislaus,099,539301,118365,118123,17762,135885,1643
2022-05-04,Sutter,101,95872,20640,20672,2172,22844,224
2022-05-04,Tehama,103,63373,12104,12090,2637,14727,201
2022-05-04,Trinity,105,12862,1187,1180,296,1476,20
2022-05-04,Tulare,107,460477,107006,106935,28900,135835,1464
2022-05-04,Tuolumne,109,53932,12831,12757,587,13344,181
2022-05-04,Ventura,111,848112,175842,175066,9746,184812,1486
2022-05-04,Yolo,113,214977,37813,37344,3306,40650,315
2022-05-04,Yuba,115,75493,15985,15940,1254,17194,122
2022-05-03,Alameda,001,1643700,266596,263736,14899,278635,1850
2022-05-03,Alpine,003,1148,125,124,1,125,0
2022-05-03,Amador,005,37829,8599,8546,669,9215,86
2022-05-03,Butte,007,227075,33320,33220,6792,40012,417
2022-05-03,Calaveras,009,45235,7359,7344,370,7714,120
2022-05-03,Colusa,011,21464,3459,3460,1074,4534,21
2022-05-03,Contra Costa,013,1133247,194406,193175,13875,207050,1302
2022-05-03,Del Norte,015,27424,5889,5866,210,6076,50
2022-05-03,El Dorado,017,186661,27131,27021,3291,30312,210
2022-05-03,Fresno,019,978130,232895,232332,24314,256646,2751
2022-05-03,Glenn,021,27897,4999,4995,1623,6618,48
2022-05-03,Humboldt,023,135768,17528,17316,3123,20439,146
2022-05-03,Imperial,025,180216,55687,55548,10915,66463,910
2022-05-03,Inyo,027,18085,4091,4085,518,4603,56
2022-05-03,Kern,029,883053,192803,192432,46701,239133,2281
2022-05-03,Kings,031,150075,51730,51663,3644,55307,447
2022-05-03,Lake,033,64148,10798,10758,911,11669,137
2022-05-03,Lassen,035,31185,8979,8972,890,9862,65
2022-05-03,Los Angeles,037,10098052,2757506,2744894,128294,2873188,31722
2022-05-03,Madera,039,155013,37465,37395,6166,43561,365
2022-05-03,Marin,041,260295,35058,34727,2982,37709,291
2022-05-03,Mariposa,043,17540,2448,2435,208,2643,30
2022-05-03,Mendocino,045,87422,13306,13247,3193,16440,123
2022-05-03,Merced,047,269075,62576,62419,8832,71251,818
2022-05-03,Modoc,049,8938,746,746,252,998,8
2022-05-03,Mono,051,14174,2998,2993,134,3127,6
2022-05-03,Monterey,053,433212,80508,80038,14409,94447,732
2022-05-03,Napa,055,140530,26600,26434,1059,27493,143
2022-05-03,Nevada,057,99092,16206,16136,1247,17383,127
2022-05-03,Orange,059,3164182,555021,553177,42979,596156,7006
2022-05-03,Placer,061,380077,63720,63410,7550,70960,625
2022-05-03,Plumas,063,18699,2996,2947,371,3318,13
2022-05-03,Riverside,065,2383286,597032,594981,28695,623676,6457
2022-05-03,Sacramento,067,1510023,285012,283939,27765,311704,3013
2022-05-03,San Benito,069,59416,13043,13019,529,13548,98
2022-05-03,San Bernardino,071,2135413,571770,569570,25486,595056,7240
2022-05-03,San Diego,073,3302833,766000,763453,53728,817181,5239
2022-05-03,San Francisco,075,870044,132996,131599,8924,140523,860
2022-05-03,San Joaquin,077,732212,167979,167280,10315,177595,2225
2022-05-03,San Luis Obispo,079,281455,53324,53156,3968,57124,477
2022-05-03,San Mateo,081,765935,127965,126800,7631,134431,710
2022-05-03,Santa Barbara,083,443738,87398,87058,4887,91945,688
2022-05-03,Santa Clara,085,1922200,324600,322805,13279,336084,2285
2022-05-03,Santa Cruz,087,273765,49977,49230,2242,51472,262
2022-05-03,Shasta,089,179085,30768,30681,6187,36868,556
2022-05-03,Sierra,091,2930,275,275,49,324,4
2022-05-03,Siskiyou,093,43540,4478,4463,2789,7252,81
2022-05-03,Solano,095,438530,83212,82796,5737,88533,449
2022-05-03,Sonoma,097,501317,86452,85694,3029,88723,488
2022-05-03,Stanislaus,099,539301,118313,118123,17752,135875,1643
2022-05-03,Sutter,101,95872,20635,20672,2170,22842,224
2022-05-03,Tehama,103,63373,12100,12090,2636,14726,201
2022-05-03,Trinity,105,12862,1187,1180,296,1476,20
2022-05-03,Tulare,107,460477,106978,106935,28885,135820,1464
2022-05-03,Tuolumne,109,53932,12816,12757,587,13344,181
2022-05-03,Ventura,111,848112,175674,175066,9708,184774,1486
2022-05-03,Yolo,113,214977,37761,37344,3304,40648,315
2022-05-03,Yuba,115,75493,15974,15940,1246,17186,122
2022-05-02,Alameda,001,1643700,265965,263736,14859,278595,1850
2022-05-02,Alpine,003,1148,125,124,1,125,0
2022-05-02,Amador,005,37829,8596,8546,666,9212,86
2022-05-02,Butte,007,227075,33298,33220,6791,40011,417
2022-05-02,Calaveras,009,45235,7358,7344,369,7713,120
2022-05-02,Colusa,011,21464,3459,3460,1074,4534,21
2022-05-02,Contra Costa,013,1133247,194035,193175,13839,207014,1302
2022-05-02,Del Norte,015,27424,5884,5866,204,6070,50
2022-05-02,El Dorado,017,186661,27107,27021,3286,30307,210
2022-05-02,Fresno,019,978130,232788,232332,24286,256618,2751
2022-05-02,Glenn,021,27897,4997,4995,1623,6618,48
2022-05-02,Humboldt,023,135768,17477,17316,3108,20424,146
2022-05-02,Imperial,025,180216,55674,55548,10908,66456,910
2022-05-02,Inyo,027,18085,4090,4085,516,4601,56
2022-05-02,Kern,029,883053,192721,192432,46673,239105,2281
2022-05-02,Kings,031,150075,51714,51663,3644,55307,447
2022-05-02,Lake,033,64148,10794,10758,911,11669,137
2022-05-02,Lassen,035,31185,8978,8972,890,9862,65
2022-05-02,Los Angeles,037,10098052,2754507,2744894,128086,2872980,31722
2022-05-02,Madera,039,155013,37448,37395,6159,43554,365
2022-05-02,Marin,041,260295,34934,34727,2959,37686,291
2022-05-02,Mariposa,043,17540,2443,2435,208,2643,30
2022-05-02,Mendocino,045,87422,13289,13247,3181,16428,123
2022-05-02,Merced,047,269075,62547,62419,8825,71244,818
2022-05-02,Modoc,049,8938,745,746,252,998,8
2022-05-02,Mono,051,14174,2996,2993,133,3126,6
2022-05-02,Monterey,053,433212,80431,80038,14373,94411,732
2022-05-02,Napa,055,140530,26563,26434,1057,27491,143
2022-05-02,Nevada,057,99092,16188,16136,1245,17381,127
2022-05-02,Orange,059,3164182,554476,553177,42885,596062,7006
2022-05-02,Placer,061,380077,63665,63410,7543,70953,625
2022-05-02,Plumas,063,18699,2996,2947,371,3318,13
2022-05-02,Riverside,065,2383286,596638,594981,28664,623645,6457
2022-05-02,Sacramento,067,1510023,284709,283939,27723,311662,3013
2022-05-02,San Benito,069,59416,13031,13019,529,13548,98
2022-05-02,San Bernardino,071,2135413,571489,569570,25468,595038,7240
2022-05-02,San Diego,073,3302833,765144,763453,53645,817098,5239
2022-05-02,San Francisco,075,870044,132547,131599,8893,140492,860
2022-05-02,San Joaquin,077,732212,167863,167280,10303,177583,2225
2022-05-02,San Luis Obispo,079,281455,53272,53156,3956,57112,477
2022-05-02,San Mateo,081,765935,127639,126800,7618,134418,710
2022-05-02,Santa Barbara,083,443738,87292,87058,4883,91941,688
2022-05-02,Santa Clara,085,1922200,323703,322805,13230,336035,2285
2022-05-02,Santa Cruz,087,273765,49849,49230,2238,51468,262
2022-05-02,Shasta,089,179085,30749,30681,6186,36867,556
2022-05-02,Sierra,091,2930,275,275,49,324,4
2022-05-02,Siskiyou,093,43540,4475,4463,2787,7250,81
2022-05-02,Solano,095,438530,83082,82796,5728,88524,449
2022-05-02,Sonoma,097,501317,86273,85694,3014,88708,488
2022-05-02,Stanislaus,099,539301,118238,118123,17738,135861,1643
2022-05-02,Sutter,101,95872,20628,20672,2169,22841,224
2022-05-02,Tehama,103,63373,12095,12090,2633,14723,201
2022-05-02,Trinity,105,12862,1186,1180,296,1476,20
2022-05-02,Tulare,107,460477,106953,106935,28865,135800,1464
2022-05-02,Tuolumne,109,53932,12810,12757,587,13344,181
2022-05-02,Ventura,111,848112,175508,175066,9680,184746,1486
2022-05-02,Yolo,113,214977,37711,37344,3298,40642,315
2022-05-02,Yuba,115,75493,15969,15940,1243,17183,122
2022-05-01,Alameda,001,1643700,265266,262027,14805,276832,1851
2022-05-01,Alpine,003,1148,125,124,1,125,0
2022-05-01,Amador,005,37829,8596,8533,666,9199,86
2022-05-01,Butte,007,227075,33271,33172,6784,39956,418
2022-05-01,Calaveras,009,45235,7354,7328,364,7692,120
2022-05-01,Colusa,011,21464,3459,3457,1074,4531,21
2022-05-01,Contra Costa,013,1133247,193659,192136,13778,205914,1301
2022-05-01,Del Norte,015,27424,5876,5841,204,6045,50
2022-05-01,El Dorado,017,186661,27076,26946,3282,30228,210
2022-05-01,Fresno,019,978130,232684,232067,24267,256334,2748
2022-05-01,Glenn,021,27897,4997,4995,1623,6618,48
2022-05-01,Humboldt,023,135768,17414,17194,3088,20282,145
2022-05-01,Imperial,025,180216,55650,55503,10903,66406,910
2022-05-01,Inyo,027,18085,4089,4084,515,4599,56
2022-05-01,Kern,029,883053,192660,192250,46626,238876,2265
2022-05-01,Kings,031,150075,51692,51640,3640,55280,447
2022-05-01,Lake,033,64148,10787,10742,909,11651,137
2022-05-01,Lassen,035,31185,8978,8966,890,9856,65
2022-05-01,Los Angeles,037,10098052,2751543,2736900,127855,2864755,31712
2022-05-01,Madera,039,155013,37430,37360,6149,43509,365
2022-05-01,Marin,041,260295,34848,34519,2926,37445,291
2022-05-01,Mariposa,043,17540,2442,2430,208,2638,30
2022-05-01,Mendocino,045,87422,13270,13219,3163,16382,123
2022-05-01,Merced,047,269075,62517,62357,8810,71167,818
2022-05-01,Modoc,049,8938,745,745,252,997,8
2022-05-01,Mono,051,14174,2993,2989,131,3120,6
2022-05-01,Monterey,053,433212,80348,79881,14336,94217,731
2022-05-01,Napa,055,140530,26518,26319,1053,27372,143
2022-05-01,Nevada,057,99092,16168,16100,1243,17343,127
2022-05-01,Orange,059,3164182,553920,551822,42786,594608,6998
2022-05-01,Placer,061,380077,63590,63273,7535,70808,625
2022-05-01,Plumas,063,18699,2995,2946,371,3317,13
2022-05-01,Riverside,065,2383286,596176,593965,28628,622593,6457
2022-05-01,Sacramento,067,1510023,284386,283048,27660,310708,3007
2022-05-01,San Benito,069,59416,13023,12988,527,13515,98
2022-05-01,San Bernardino,071,2135413,571174,568758,25454,594212,7191
2022-05-01,San Diego,073,3302833,764267,761253,53557,814810,5238
2022-05-01,San Francisco,075,870044,132062,130241,8864,139105,860
2022-05-01,San Joaquin,077,732212,167719,167028,10266,177294,2225
2022-05-01,San Luis Obispo,079,281455,53200,53040,3939,56979,477
2022-05-01,San Mateo,081,765935,127265,125807,7584,133391,705
2022-05-01,Santa Barbara,083,443738,87190,86768,4875,91643,688
2022-05-01,Santa Clara,085,1922200,322764,320709,13173,333882,2281
2022-05-01,Santa Cruz,087,273765,49697,48798,2231,51029,262
2022-05-01,Shasta,089,179085,30731,30649,6184,36833,554
2022-05-01,Sierra,091,2930,275,274,49,323,4
2022-05-01,Siskiyou,093,43540,4474,4458,2781,7239,81
2022-05-01,Solano,095,438530,82964,82459,5715,88174,449
2022-05-01,Sonoma,097,501317,86071,85290,2968,88258,488
2022-05-01,Stanislaus,099,539301,118179,117943,17722,135665,1643
2022-05-01,Sutter,101,95872,20620,20644,2162,22806,224
2022-05-01,Tehama,103,63373,12094,12078,2632,14710,202
2022-05-01,Trinity,105,12862,1186,1179,296,1475,20
2022-05-01,Tulare,107,460477,106919,106856,28844,135700,1458
2022-05-01,Tuolumne,109,53932,12792,12713,582,13295,181
2022-05-01,Ventura,111,848112,175334,174679,9630,184309,1486
2022-05-01,Yolo,113,214977,37671,37173,3286,40459,314
2022-05-01,Yuba,115,75493,15959,15917,1239,17156,121
2022-04-30,Alameda,001,1643700,264875,262027,14790,276817,1851
2022-04-30,Alpine,003,1148,125,124,1,125,0
2022-04-30,Amador,005,37829,8595,8533,666,9199,86
2022-04-30,Butte,007,227075,33266,33172,6779,39951,418
2022-04-30,Calaveras,009,45235,7350,7328,364,7692,120
2022-04-30,Colusa,011,21464,3458,3457,1074,4531,21
2022-04-30,Contra Costa,013,1133247,193418,192136,13769,205905,1301
2022-04-30,Del Norte,015,27424,5871,5841,204,6045,50
2022-04-30,El Dorado,017,186661,27058,26946,3278,30224,210
2022-04-30,Fresno,019,978130,232639,232067,24260,256327,2748
2022-04-30,Glenn,021,27897,4996,4995,1623,6618,48
2022-04-30,Humboldt,023,135768,17372,17194,3083,20277,145
2022-04-30,Imperial,025,180216,55637,55503,10901,66404,910
2022-04-30,Inyo,027,18085,4089,4084,515,4599,56
2022-04-30,Kern,029,883053,192624,192250,46606,238856,2265
2022-04-30,Kings,031,150075,51687,51640,3639,55279,447
2022-04-30,Lake,033,64148,10784,10742,909,11651,137
2022-04-30,Lassen,035,31185,8978,8966,890,9856,65
2022-04-30,Los Angeles,037,10098052,2750204,2736900,127684,2864584,31712
2022-04-30,Madera,039,155013,37419,37360,6148,43508,365
2022-04-30,Marin,041,260295,34803,34519,2894,37413,291
2022-04-30,Mariposa,043,17540,2440,2430,207,2637,30
2022-04-30,Mendocino,045,87422,13265,13219,3163,16382,123
2022-04-30,Merced,047,269075,62503,62357,8808,71165,818
2022-04-30,Modoc,049,8938,745,745,252,997,8
2022-04-30,Mono,051,14174,2993,2989,131,3120,6
2022-04-30,Monterey,053,433212,80282,79881,14317,94198,731
2022-04-30,Napa,055,140530,26495,26319,1052,27371,143
2022-04-30,Nevada,057,99092,16155,16100,1242,17342,127
2022-04-30,Orange,059,3164182,553660,551822,42746,594568,6998
2022-04-30,Placer,061,380077,63545,63273,7529,70802,625
2022-04-30,Plumas,063,18699,2992,2946,371,3317,13
2022-04-30,Riverside,065,2383286,595942,593965,28607,622572,6457
2022-04-30,Sacramento,067,1510023,284267,283048,27647,310695,3007
2022-04-30,San Benito,069,59416,13020,12988,527,13515,98
2022-04-30,San Bernardino,071,2135413,571003,568758,25442,594200,7191
2022-04-30,San Diego,073,3302833,763898,761253,53529,814782,5238
2022-04-30,San Francisco,075,870044,131782,130241,8839,139080,860
2022-04-30,San Joaquin,077,732212,167664,167028,10261,177289,2225
2022-04-30,San Luis Obispo,079,281455,53189,53040,3936,56976,477
2022-04-30,San Mateo,081,765935,127054,125807,7565,133372,705
2022-04-30,Santa Barbara,083,443738,87136,86768,4872,91640,688
2022-04-30,Santa Clara,085,1922200,322195,320709,13148,333857,2281
2022-04-30,Santa Cruz,087,273765,49652,48798,2231,51029,262
2022-04-30,Shasta,089,179085,30726,30649,6182,36831,554
2022-04-30,Sierra,091,2930,275,274,49,323,4
2022-04-30,Siskiyou,093,43540,4472,4458,2780,7238,81
2022-04-30,Solano,095,438530,82947,82459,5714,88173,449
2022-04-30,Sonoma,097,501317,85957,85290,2957,88247,488
2022-04-30,Stanislaus,099,539301,118152,117943,17717,135660,1643
2022-04-30,Sutter,101,95872,20615,20644,2162,22806,224
2022-04-30,Tehama,103,63373,12090,12078,2630,14708,202
2022-04-30,Trinity,105,12862,1186,1179,296,1475,20
2022-04-30,Tulare,107,460477,106901,106856,28831,135687,1458
2022-04-30,Tuolumne,109,53932,12784,12713,582,13295,181
2022-04-30,Ventura,111,848112,175251,174679,9598,184277,1486
2022-04-30,Yolo,113,214977,37629,37173,3286,40459,314
2022-04-30,Yuba,115,75493,15952,15917,1238,17155,121
2022-04-29,Alameda,001,1643700,264563,262027,14778,276805,1851
2022-04-29,Alpine,003,1148,124,124,1,125,0
2022-04-29,Amador,005,37829,8588,8533,666,9199,86
2022-04-29,Butte,007,227075,33262,33172,6773,39945,418
2022-04-29,Calaveras,009,45235,7348,7328,364,7692,120
2022-04-29,Colusa,011,21464,3457,3457,1074,4531,21
2022-04-29,Contra Costa,013,1133247,193228,192136,13756,205892,1301
2022-04-29,Del Norte,015,27424,5867,5841,204,6045,50
2022-04-29,El Dorado,017,186661,27046,26946,3276,30222,210
2022-04-29,Fresno,019,978130,232588,232067,24256,256323,2748
2022-04-29,Glenn,021,27897,4996,4995,1623,6618,48
2022-04-29,Humboldt,023,135768,17347,17194,3077,20271,145
2022-04-29,Imperial,025,180216,55621,55503,10900,66403,910
2022-04-29,Inyo,027,18085,4089,4084,513,4597,56
2022-04-29,Kern,029,883053,192597,192250,46594,238844,2265
2022-04-29,Kings,031,150075,51682,51640,3639,55279,447
2022-04-29,Lake,033,64148,10783,10742,909,11651,137
2022-04-29,Lassen,035,31185,8977,8966,890,9856,65
2022-04-29,Los Angeles,037,10098052,2748908,2736900,127541,2864441,31712
2022-04-29,Madera,039,155013,37409,37360,6148,43508,365
2022-04-29,Marin,041,260295,34738,34519,2874,37393,291
2022-04-29,Mariposa,043,17540,2438,2430,207,2637,30
2022-04-29,Mendocino,045,87422,13261,13219,3162,16381,123
2022-04-29,Merced,047,269075,62491,62357,8807,71164,818
2022-04-29,Modoc,049,8938,745,745,252,997,8
2022-04-29,Mono,051,14174,2993,2989,131,3120,6
2022-04-29,Monterey,053,433212,80249,79881,14302,94183,731
2022-04-29,Napa,055,140530,26467,26319,1051,27370,143
2022-04-29,Nevada,057,99092,16148,16100,1241,17341,127
2022-04-29,Orange,059,3164182,553394,551822,42699,594521,6998
2022-04-29,Placer,061,380077,63517,63273,7522,70795,625
2022-04-29,Plumas,063,18699,2991,2946,371,3317,13
2022-04-29,Riverside,065,2383286,595718,593965,28586,622551,6457
2022-04-29,Sacramento,067,1510023,284118,283048,27640,310688,3007
2022-04-29,San Benito,069,59416,13015,12988,527,13515,98
2022-04-29,San Bernardino,071,2135413,570845,568758,25434,594192,7191
2022-04-29,San Diego,073,3302833,763479,761253,53511,814764,5238
2022-04-29,San Francisco,075,870044,131559,130241,8818,139059,860
2022-04-29,San Joaquin,077,732212,167608,167028,10256,177284,2225
2022-04-29,San Luis Obispo,079,281455,53174,53040,3931,56971,477
2022-04-29,San Mateo,081,765935,126855,125807,7550,133357,705
2022-04-29,Santa Barbara,083,443738,87097,86768,4870,91638,688
2022-04-29,Santa Clara,085,1922200,321693,320709,13117,333826,2281
2022-04-29,Santa Cruz,087,273765,49596,48798,2227,51025,262
2022-04-29,Shasta,089,179085,30724,30649,6181,36830,554
2022-04-29,Sierra,091,2930,275,274,49,323,4
2022-04-29,Siskiyou,093,43540,4471,4458,2780,7238,81
2022-04-29,Solano,095,438530,82890,82459,5708,88167,449
2022-04-29,Sonoma,097,501317,85848,85290,2946,88236,488
2022-04-29,Stanislaus,099,539301,118131,117943,17712,135655,1643
2022-04-29,Sutter,101,95872,20609,20644,2161,22805,224
2022-04-29,Tehama,103,63373,12088,12078,2630,14708,202
2022-04-29,Trinity,105,12862,1186,1179,296,1475,20
2022-04-29,Tulare,107,460477,106883,106856,28815,135671,1458
2022-04-29,Tuolumne,109,53932,12777,12713,580,13293,181
2022-04-29,Ventura,111,848112,175176,174679,9574,184253,1486
2022-04-29,Yolo,113,214977,37601,37173,3283,40456,314
2022-04-29,Yuba,115,75493,15947,15917,1238,17155,121
2022-04-28,Alameda,001,1643700,264123,262027,14741,276768,1851
2022-04-28,Alpine,003,1148,124,124,1,125,0
2022-04-28,Amador,005,37829,8585,8533,666,9199,86
2022-04-28,Butte,007,227075,33253,33172,6769,39941,418
2022-04-28,Calaveras,009,45235,7344,7328,364,7692,120
2022-04-28,Colusa,011,21464,3456,3457,1074,4531,21
2022-04-28,Contra Costa,013,1133247,192969,192136,13724,205860,1301
2022-04-28,Del Norte,015,27424,5863,5841,204,6045,50
2022-04-28,El Dorado,017,186661,27024,26946,3273,30219,210
2022-04-28,Fresno,019,978130,232529,232067,24246,256313,2748
2022-04-28,Glenn,021,27897,4993,4995,1623,6618,48
2022-04-28,Humboldt,023,135768,17314,17194,3070,20264,145
2022-04-28,Imperial,025,180216,55610,55503,10895,66398,910
2022-04-28,Inyo,027,18085,4089,4084,513,4597,56
2022-04-28,Kern,029,883053,192556,192250,46577,238827,2265
2022-04-28,Kings,031,150075,51676,51640,3639,55279,447
2022-04-28,Lake,033,64148,10779,10742,909,11651,137
2022-04-28,Lassen,035,31185,8977,8966,890,9856,65
2022-04-28,Los Angeles,037,10098052,2746854,2736900,127365,2864265,31712
2022-04-28,Madera,039,155013,37403,37360,6144,43504,365
2022-04-28,Marin,041,260295,34688,34519,2858,37377,291
2022-04-28,Mariposa,043,17540,2438,2430,207,2637,30
2022-04-28,Mendocino,045,87422,13250,13219,3145,16364,123
2022-04-28,Merced,047,269075,62473,62357,8799,71156,818
2022-04-28,Modoc,049,8938,745,745,252,997,8
2022-04-28,Mono,051,14174,2991,2989,131,3120,6
2022-04-28,Monterey,053,433212,80212,79881,14277,94158,731
2022-04-28,Napa,055,140530,26437,26319,1048,27367,143
2022-04-28,Nevada,057,99092,16140,16100,1238,17338,127
2022-04-28,Orange,059,3164182,553033,551822,42635,594457,6998
2022-04-28,Placer,061,380077,63470,63273,7513,70786,625
2022-04-28,Plumas,063,18699,2990,2946,371,3317,13
2022-04-28,Riverside,065,2383286,595436,593965,28563,622528,6457
2022-04-28,Sacramento,067,1510023,283931,283048,27600,310648,3007
2022-04-28,San Benito,069,59416,13006,12988,525,13513,98
2022-04-28,San Bernardino,071,2135413,570643,568758,25427,594185,7191
2022-04-28,San Diego,073,3302833,762943,761253,53452,814705,5238
2022-04-28,San Francisco,075,870044,131262,130241,8785,139026,860
2022-04-28,San Joaquin,077,732212,167539,167028,10241,177269,2225
2022-04-28,San Luis Obispo,079,281455,53146,53040,3913,56953,477
2022-04-28,San Mateo,081,765935,126615,125807,7521,133328,705
2022-04-28,Santa Barbara,083,443738,87044,86768,4867,91635,688
2022-04-28,Santa Clara,085,1922200,321148,320709,13081,333790,2281
2022-04-28,Santa Cruz,087,273765,49501,48798,2222,51020,262
2022-04-28,Shasta,089,179085,30715,30649,6181,36830,554
2022-04-28,Sierra,091,2930,275,274,49,323,4
2022-04-28,Siskiyou,093,43540,4468,4458,2780,7238,81
2022-04-28,Solano,095,438530,82809,82459,5702,88161,449
2022-04-28,Sonoma,097,501317,85729,85290,2934,88224,488
2022-04-28,Stanislaus,099,539301,118090,117943,17704,135647,1643
2022-04-28,Sutter,101,95872,20599,20644,2158,22802,224
2022-04-28,Tehama,103,63373,12087,12078,2629,14707,202
2022-04-28,Trinity,105,12862,1186,1179,296,1475,20
2022-04-28,Tulare,107,460477,106863,106856,28803,135659,1458
2022-04-28,Tuolumne,109,53932,12766,12713,580,13293,181
2022-04-28,Ventura,111,848112,175087,174679,9539,184218,1486
2022-04-28,Yolo,113,214977,37572,37173,3278,40451,314
2022-04-28,Yuba,115,75493,15938,15917,1235,17152,121
2022-04-27,Alameda,001,1643700,263642,260871,14696,275567,1843
2022-04-27,Alpine,003,1148,124,124,1,125,0
2022-04-27,Amador,005,37829,8584,8518,666,9184,86
2022-04-27,Butte,007,227075,33241,33118,6764,39882,411
2022-04-27,Calaveras,009,45235,7341,7307,364,7671,119
2022-04-27,Colusa,011,21464,3455,3457,1074,4531,21
2022-04-27,Contra Costa,013,1133247,192702,191412,13695,205107,1300
2022-04-27,Del Norte,015,27424,5858,5833,204,6037,50
2022-04-27,El Dorado,017,186661,27014,26898,3269,30167,209
2022-04-27,Fresno,019,978130,232464,231951,24233,256184,2744
2022-04-27,Glenn,021,27897,4993,4993,1623,6616,48
2022-04-27,Humboldt,023,135768,17284,17138,3060,20198,145
2022-04-27,Imperial,025,180216,55592,55480,10891,66371,910
2022-04-27,Inyo,027,18085,4088,4080,512,4592,56
2022-04-27,Kern,029,883053,192516,192157,46556,238713,2271
2022-04-27,Kings,031,150075,51671,51617,3638,55255,444
2022-04-27,Lake,033,64148,10775,10732,909,11641,135
2022-04-27,Lassen,035,31185,8976,8965,890,9855,65
2022-04-27,Los Angeles,037,10098052,2744542,2731988,127186,2859174,31691
2022-04-27,Madera,039,155013,37394,37339,6143,43482,354
2022-04-27,Marin,041,260295,34628,34354,2843,37197,288
2022-04-27,Mariposa,043,17540,2436,2427,207,2634,30
2022-04-27,Mendocino,045,87422,13243,13188,3138,16326,123
2022-04-27,Merced,047,269075,62459,62315,8795,71110,815
2022-04-27,Modoc,049,8938,745,745,252,997,8
2022-04-27,Mono,051,14174,2991,2989,131,3120,6
2022-04-27,Monterey,053,433212,80169,79695,14237,93932,729
2022-04-27,Napa,055,140530,26405,26210,1044,27254,143
2022-04-27,Nevada,057,99092,16123,16080,1235,17315,127
2022-04-27,Orange,059,3164182,552659,550859,42576,593435,6991
2022-04-27,Placer,061,380077,63430,63154,7500,70654,623
2022-04-27,Plumas,063,18699,2989,2934,371,3305,13
2022-04-27,Riverside,065,2383286,595171,593397,28542,621939,6453
2022-04-27,Sacramento,067,1510023,283730,281802,27565,309367,3001
2022-04-27,San Benito,069,59416,12993,12989,523,13512,98
2022-04-27,San Bernardino,071,2135413,570443,568018,25417,593435,7105
2022-04-27,San Diego,073,3302833,762382,759873,53391,813264,5236
2022-04-27,San Francisco,075,870044,130911,129284,8761,138045,857
2022-04-27,San Joaquin,077,732212,167465,166848,10224,177072,2225
2022-04-27,San Luis Obispo,079,281455,53102,52911,3905,56816,476
2022-04-27,San Mateo,081,765935,126381,125018,7464,132482,702
2022-04-27,Santa Barbara,083,443738,86980,86557,4861,91418,685
2022-04-27,Santa Clara,085,1922200,320579,319077,13033,332110,2282
2022-04-27,Santa Cruz,087,273765,49419,48500,2216,50716,262
2022-04-27,Shasta,089,179085,30703,30633,6177,36810,554
2022-04-27,Sierra,091,2930,274,276,49,325,4
2022-04-27,Siskiyou,093,43540,4468,4455,2776,7231,81
2022-04-27,Solano,095,438530,82697,82220,5692,87912,448
2022-04-27,Sonoma,097,501317,85621,84983,2912,87895,487
2022-04-27,Stanislaus,099,539301,118047,117841,17693,135534,1643
2022-04-27,Sutter,101,95872,20595,20627,2154,22781,224
2022-04-27,Tehama,103,63373,12087,12073,2629,14702,201
2022-04-27,Trinity,105,12862,1186,1179,296,1475,20
2022-04-27,Tulare,107,460477,106847,106580,28793,135373,1453
2022-04-27,Tuolumne,109,53932,12749,12684,579,13263,181
2022-04-27,Ventura,111,848112,174986,174425,9524,183949,1480
2022-04-27,Yolo,113,214977,37529,37096,3272,40368,314
2022-04-27,Yuba,115,75493,15935,15902,1230,17132,121
2022-04-26,Alameda,001,1643700,263137,260871,14656,275527,1843
2022-04-26,Alpine,003,1148,124,124,1,125,0
2022-04-26,Amador,005,37829,8581,8518,666,9184,86
2022-04-26,Butte,007,227075,33221,33118,6758,39876,411
2022-04-26,Calaveras,009,45235,7337,7307,363,7670,119
2022-04-26,Colusa,011,21464,3455,3457,1074,4531,21
2022-04-26,Contra Costa,013,1133247,192446,191412,13665,205077,1300
2022-04-26,Del Norte,015,27424,5850,5833,204,6037,50
2022-04-26,El Dorado,017,186661,26993,26898,3266,30164,209
2022-04-26,Fresno,019,978130,232387,231951,24224,256175,2744
2022-04-26,Glenn,021,27897,4993,4993,1622,6615,48
2022-04-26,Humboldt,023,135768,17253,17138,3054,20192,145
2022-04-26,Imperial,025,180216,55571,55480,10884,66364,910
2022-04-26,Inyo,027,18085,4088,4080,512,4592,56
2022-04-26,Kern,029,883053,192468,192157,46533,238690,2271
2022-04-26,Kings,031,150075,51665,51617,3638,55255,444
2022-04-26,Lake,033,64148,10768,10732,909,11641,135
2022-04-26,Lassen,035,31185,8971,8965,890,9855,65
2022-04-26,Los Angeles,037,10098052,2742179,2731988,127007,2858995,31691
2022-04-26,Madera,039,155013,37386,37339,6139,43478,354
2022-04-26,Marin,041,260295,34573,34354,2824,37178,288
2022-04-26,Mariposa,043,17540,2436,2427,207,2634,30
2022-04-26,Mendocino,045,87422,13239,13188,3132,16320,123
2022-04-26,Merced,047,269075,62436,62315,8777,71092,815
2022-04-26,Modoc,049,8938,745,745,252,997,8
2022-04-26,Mono,051,14174,2991,2989,130,3119,6
2022-04-26,Monterey,053,433212,80116,79695,14195,93890,729
2022-04-26,Napa,055,140530,26377,26210,1040,27250,143
2022-04-26,Nevada,057,99092,16114,16080,1235,17315,127
2022-04-26,Orange,059,3164182,552251,550859,42516,593375,6991
2022-04-26,Placer,061,380077,63399,63154,7499,70653,623
2022-04-26,Plumas,063,18699,2989,2934,371,3305,13
2022-04-26,Riverside,065,2383286,594865,593397,28515,621912,6453
2022-04-26,Sacramento,067,1510023,283496,281802,27543,309345,3001
2022-04-26,San Benito,069,59416,12989,12989,522,13511,98
2022-04-26,San Bernardino,071,2135413,570236,568018,25400,593418,7105
2022-04-26,San Diego,073,3302833,761738,759873,53298,813171,5236
2022-04-26,San Francisco,075,870044,130513,129284,8739,138023,857
2022-04-26,San Joaquin,077,732212,167403,166848,10210,177058,2225
2022-04-26,San Luis Obispo,079,281455,53073,52911,3892,56803,476
2022-04-26,San Mateo,081,765935,126113,125018,7429,132447,702
2022-04-26,Santa Barbara,083,443738,86919,86557,4857,91414,685
2022-04-26,Santa Clara,085,1922200,320025,319077,12989,332066,2282
2022-04-26,Santa Cruz,087,273765,49319,48500,2213,50713,262
2022-04-26,Shasta,089,179085,30690,30633,6177,36810,554
2022-04-26,Sierra,091,2930,274,276,49,325,4
2022-04-26,Siskiyou,093,43540,4464,4455,2774,7229,81
2022-04-26,Solano,095,438530,82599,82220,5683,87903,448
2022-04-26,Sonoma,097,501317,85517,84983,2895,87878,487
2022-04-26,Stanislaus,099,539301,118011,117841,17682,135523,1643
2022-04-26,Sutter,101,95872,20585,20627,2154,22781,224
2022-04-26,Tehama,103,63373,12077,12073,2629,14702,201
2022-04-26,Trinity,105,12862,1186,1179,296,1475,20
2022-04-26,Tulare,107,460477,106819,106580,28778,135358,1453
2022-04-26,Tuolumne,109,53932,12730,12684,578,13262,181
2022-04-26,Ventura,111,848112,174876,174425,9501,183926,1480
2022-04-26,Yolo,113,214977,37488,37096,3265,40361,314
2022-04-26,Yuba,115,75493,15933,15902,1230,17132,121
2022-04-25,Alameda,001,1643700,262632,260871,14618,275489,1843
2022-04-25,Alpine,003,1148,124,124,1,125,0
2022-04-25,Amador,005,37829,8578,8518,666,9184,86
2022-04-25,Butte,007,227075,33208,33118,6749,39867,411
2022-04-25,Calaveras,009,45235,7334,7307,363,7670,119
2022-04-25,Colusa,011,21464,3455,3457,1074,4531,21
2022-04-25,Contra Costa,013,1133247,192182,191412,13632,205044,1300
2022-04-25,Del Norte,015,27424,5845,5833,202,6035,50
2022-04-25,El Dorado,017,186661,26972,26898,3265,30163,209
2022-04-25,Fresno,019,978130,232297,231951,24211,256162,2744
2022-04-25,Glenn,021,27897,4992,4993,1622,6615,48
2022-04-25,Humboldt,023,135768,17211,17138,3049,20187,145
2022-04-25,Imperial,025,180216,55551,55480,10879,66359,910
2022-04-25,Inyo,027,18085,4088,4080,512,4592,56
2022-04-25,Kern,029,883053,192423,192157,46513,238670,2271
2022-04-25,Kings,031,150075,51656,51617,3637,55254,444
2022-04-25,Lake,033,64148,10765,10732,908,11640,135
2022-04-25,Lassen,035,31185,8970,8965,890,9855,65
2022-04-25,Los Angeles,037,10098052,2739793,2731988,126846,2858834,31691
2022-04-25,Madera,039,155013,37373,37339,6136,43475,354
2022-04-25,Marin,041,260295,34509,34354,2801,37155,288
2022-04-25,Mariposa,043,17540,2436,2427,207,2634,30
2022-04-25,Mendocino,045,87422,13229,13188,3115,16303,123
2022-04-25,Merced,047,269075,62423,62315,8774,71089,815
2022-04-25,Modoc,049,8938,745,745,252,997,8
2022-04-25,Mono,051,14174,2990,2989,130,3119,6
2022-04-25,Monterey,053,433212,80077,79695,14169,93864,729
2022-04-25,Napa,055,140530,26336,26210,1038,27248,143
2022-04-25,Nevada,057,99092,16108,16080,1234,17314,127
2022-04-25,Orange,059,3164182,551847,550859,42453,593312,6991
2022-04-25,Placer,061,380077,63363,63154,7494,70648,623
2022-04-25,Plumas,063,18699,2987,2934,371,3305,13
2022-04-25,Riverside,065,2383286,594605,593397,28498,621895,6453
2022-04-25,Sacramento,067,1510023,283329,281802,27507,309309,3001
2022-04-25,San Benito,069,59416,12982,12989,521,13510,98
2022-04-25,San Bernardino,071,2135413,570014,568018,25388,593406,7105
2022-04-25,San Diego,073,3302833,761064,759873,53238,813111,5236
2022-04-25,San Francisco,075,870044,130151,129284,8721,138005,857
2022-04-25,San Joaquin,077,732212,167317,166848,10193,177041,2225
2022-04-25,San Luis Obispo,079,281455,53026,52911,3885,56796,476
2022-04-25,San Mateo,081,765935,125840,125018,7408,132426,702
2022-04-25,Santa Barbara,083,443738,86855,86557,4853,91410,685
2022-04-25,Santa Clara,085,1922200,319381,319077,12944,332021,2282
2022-04-25,Santa Cruz,087,273765,49179,48500,2204,50704,262
2022-04-25,Shasta,089,179085,30679,30633,6174,36807,554
2022-04-25,Sierra,091,2930,274,276,49,325,4
2022-04-25,Siskiyou,093,43540,4464,4455,2773,7228,81
2022-04-25,Solano,095,438530,82481,82220,5674,87894,448
2022-04-25,Sonoma,097,501317,85395,84983,2875,87858,487
2022-04-25,Stanislaus,099,539301,117964,117841,17675,135516,1643
2022-04-25,Sutter,101,95872,20582,20627,2154,22781,224
2022-04-25,Tehama,103,63373,12077,12073,2629,14702,201
2022-04-25,Trinity,105,12862,1185,1179,296,1475,20
2022-04-25,Tulare,107,460477,106794,106580,28765,135345,1453
2022-04-25,Tuolumne,109,53932,12719,12684,578,13262,181
2022-04-25,Ventura,111,848112,174766,174425,9480,183905,1480
2022-04-25,Yolo,113,214977,37442,37096,3260,40356,314
2022-04-25,Yuba,115,75493,15923,15902,1229,17131,121
2022-04-24,Alameda,001,1643700,262046,259619,14571,274190,1837
2022-04-24,Alpine,003,1148,124,124,1,125,0
2022-04-24,Amador,005,37829,8569,8509,665,9174,86
2022-04-24,Butte,007,227075,33186,33105,6742,39847,411
2022-04-24,Calaveras,009,45235,7326,7296,361,7657,119
2022-04-24,Colusa,011,21464,3454,3453,1074,4527,21
2022-04-24,Contra Costa,013,1133247,191879,190611,13599,204210,1298
2022-04-24,Del Norte,015,27424,5836,5827,200,6027,50
2022-04-24,El Dorado,017,186661,26954,26837,3263,30100,209
2022-04-24,Fresno,019,978130,232217,231751,24197,255948,2744
2022-04-24,Glenn,021,27897,4992,4989,1620,6609,48
2022-04-24,Humboldt,023,135768,17185,17033,3037,20070,145
2022-04-24,Imperial,025,180216,55536,55434,10870,66304,910
2022-04-24,Inyo,027,18085,4084,4079,511,4590,56
2022-04-24,Kern,029,883053,192372,192012,46497,238509,2267
2022-04-24,Kings,031,150075,51647,51588,3637,55225,444
2022-04-24,Lake,033,64148,10757,10720,905,11625,134
2022-04-24,Lassen,035,31185,8969,8966,890,9856,65
2022-04-24,Los Angeles,037,10098052,2737456,2725630,126699,2852329,31667
2022-04-24,Madera,039,155013,37359,37333,6131,43464,354
2022-04-24,Marin,041,260295,34457,34150,2766,36916,288
2022-04-24,Mariposa,043,17540,2433,2422,207,2629,30
2022-04-24,Mendocino,045,87422,13224,13158,3103,16261,122
2022-04-24,Merced,047,269075,62399,62286,8765,71051,815
2022-04-24,Modoc,049,8938,745,745,252,997,8
2022-04-24,Mono,051,14174,2989,2986,130,3116,6
2022-04-24,Monterey,053,433212,80025,79560,14138,93698,729
2022-04-24,Napa,055,140530,26301,26093,1037,27130,143
2022-04-24,Nevada,057,99092,16092,16052,1232,17284,127
2022-04-24,Orange,059,3164182,551423,549765,42388,592153,6989
2022-04-24,Placer,061,380077,63309,63037,7486,70523,622
2022-04-24,Plumas,063,18699,2985,2934,371,3305,13
2022-04-24,Riverside,065,2383286,594325,592683,28457,621140,6450
2022-04-24,Sacramento,067,1510023,283126,280551,27470,308021,2993
2022-04-24,San Benito,069,59416,12977,12966,521,13487,98
2022-04-24,San Bernardino,071,2135413,569782,566806,25364,592170,7047
2022-04-24,San Diego,073,3302833,760438,758311,53180,811491,5233
2022-04-24,San Francisco,075,870044,129704,128323,8697,137020,857
2022-04-24,San Joaquin,077,732212,167229,166626,10150,176776,2224
2022-04-24,San Luis Obispo,079,281455,52950,52826,3875,56701,476
2022-04-24,San Mateo,081,765935,125532,124106,7378,131484,703
2022-04-24,Santa Barbara,083,443738,86785,86376,4852,91228,685
2022-04-24,Santa Clara,085,1922200,318699,317487,12894,330381,2277
2022-04-24,Santa Cruz,087,273765,49066,48255,2200,50455,261
2022-04-24,Shasta,089,179085,30669,30607,6173,36780,557
2022-04-24,Sierra,091,2930,274,276,49,325,4
2022-04-24,Siskiyou,093,43540,4463,4453,2771,7224,81
2022-04-24,Solano,095,438530,82374,81982,5665,87647,448
2022-04-24,Sonoma,097,501317,85260,84581,2855,87436,486
2022-04-24,Stanislaus,099,539301,117912,117737,17670,135407,1632
2022-04-24,Sutter,101,95872,20573,20605,2151,22756,224
2022-04-24,Tehama,103,63373,12074,12064,2629,14693,201
2022-04-24,Trinity,105,12862,1185,1177,296,1473,20
2022-04-24,Tulare,107,460477,106767,106354,28754,135108,1446
2022-04-24,Tuolumne,109,53932,12707,12664,577,13241,181
2022-04-24,Ventura,111,848112,174653,174091,9463,183554,1479
2022-04-24,Yolo,113,214977,37410,36990,3257,40247,314
2022-04-24,Yuba,115,75493,15918,15888,1228,17116,121
2022-04-23,Alameda,001,1643700,261803,259619,14559,274178,1837
2022-04-23,Alpine,003,1148,124,124,1,125,0
2022-04-23,Amador,005,37829,8563,8509,665,9174,86
2022-04-23,Butte,007,227075,33177,33105,6739,39844,411
2022-04-23,Calaveras,009,45235,7318,7296,361,7657,119
2022-04-23,Colusa,011,21464,3454,3453,1074,4527,21
2022-04-23,Contra Costa,013,1133247,191728,190611,13588,204199,1298
2022-04-23,Del Norte,015,27424,5834,5827,199,6026,50
2022-04-23,El Dorado,017,186661,26944,26837,3262,30099,209
2022-04-23,Fresno,019,978130,232184,231751,24193,255944,2744
2022-04-23,Glenn,021,27897,4992,4989,1620,6609,48
2022-04-23,Humboldt,023,135768,17169,17033,3035,20068,145
2022-04-23,Imperial,025,180216,55527,55434,10868,66302,910
2022-04-23,Inyo,027,18085,4084,4079,510,4589,56
2022-04-23,Kern,029,883053,192347,192012,46482,238494,2267
2022-04-23,Kings,031,150075,51642,51588,3636,55224,444
2022-04-23,Lake,033,64148,10756,10720,905,11625,134
2022-04-23,Lassen,035,31185,8969,8966,890,9856,65
2022-04-23,Los Angeles,037,10098052,2736517,2725630,126604,2852234,31667
2022-04-23,Madera,039,155013,37352,37333,6130,43463,354
2022-04-23,Marin,041,260295,34422,34150,2720,36870,288
2022-04-23,Mariposa,043,17540,2433,2422,207,2629,30
2022-04-23,Mendocino,045,87422,13217,13158,3103,16261,122
2022-04-23,Merced,047,269075,62387,62286,8765,71051,815
2022-04-23,Modoc,049,8938,745,745,252,997,8
2022-04-23,Mono,051,14174,2989,2986,130,3116,6
2022-04-23,Monterey,053,433212,79957,79560,14124,93684,729
2022-04-23,Napa,055,140530,26280,26093,1035,27128,143
2022-04-23,Nevada,057,99092,16086,16052,1230,17282,127
2022-04-23,Orange,059,3164182,551208,549765,42337,592102,6989
2022-04-23,Placer,061,380077,63280,63037,7486,70523,622
2022-04-23,Plumas,063,18699,2985,2934,371,3305,13
2022-04-23,Riverside,065,2383286,594191,592683,28446,621129,6450
2022-04-23,Sacramento,067,1510023,283032,280551,27467,308018,2993
2022-04-23,San Benito,069,59416,12976,12966,521,13487,98
2022-04-23,San Bernardino,071,2135413,569668,566806,25359,592165,7047
2022-04-23,San Diego,073,3302833,760182,758311,53162,811473,5233
2022-04-23,San Francisco,075,870044,129501,128323,8673,136996,857
2022-04-23,San Joaquin,077,732212,167188,166626,10142,176768,2224
2022-04-23,San Luis Obispo,079,281455,52935,52826,3871,56697,476
2022-04-23,San Mateo,081,765935,125374,124106,7367,131473,703
2022-04-23,Santa Barbara,083,443738,86749,86376,4851,91227,685
2022-04-23,Santa Clara,085,1922200,318323,317487,12868,330355,2277
2022-04-23,Santa Cruz,087,273765,49017,48255,2199,50454,261
2022-04-23,Shasta,089,179085,30666,30607,6173,36780,557
2022-04-23,Sierra,091,2930,274,276,49,325,4
2022-04-23,Siskiyou,093,43540,4461,4453,2770,7223,81
2022-04-23,Solano,095,438530,82347,81982,5662,87644,448
2022-04-23,Sonoma,097,501317,85192,84581,2847,87428,486
2022-04-23,Stanislaus,099,539301,117878,117737,17667,135404,1632
2022-04-23,Sutter,101,95872,20567,20605,2151,22756,224
2022-04-23,Tehama,103,63373,12073,12064,2629,14693,201
2022-04-23,Trinity,105,12862,1185,1177,296,1473,20
2022-04-23,Tulare,107,460477,106759,106354,28744,135098,1446
2022-04-23,Tuolumne,109,53932,12703,12664,577,13241,181
2022-04-23,Ventura,111,848112,174593,174091,9456,183547,1479
2022-04-23,Yolo,113,214977,37386,36990,3253,40243,314
2022-04-23,Yuba,115,75493,15916,15888,1228,17116,121
2022-04-22,Alameda,001,1643700,261562,259619,14540,274159,1837
2022-04-22,Alpine,003,1148,124,124,1,125,0
2022-04-22,Amador,005,37829,8562,8509,663,9172,86
2022-04-22,Butte,007,227075,33171,33105,6737,39842,411
2022-04-22,Calaveras,009,45235,7317,7296,361,7657,119
2022-04-22,Colusa,011,21464,3454,3453,1074,4527,21
2022-04-22,Contra Costa,013,1133247,191597,190611,13573,204184,1298
2022-04-22,Del Norte,015,27424,5834,5827,199,6026,50
2022-04-22,El Dorado,017,186661,26930,26837,3257,30094,209
2022-04-22,Fresno,019,978130,232154,231751,24190,255941,2744
2022-04-22,Glenn,021,27897,4991,4989,1620,6609,48
2022-04-22,Humboldt,023,135768,17154,17033,3028,20061,145
2022-04-22,Imperial,025,180216,55522,55434,10868,66302,910
2022-04-22,Inyo,027,18085,4084,4079,509,4588,56
2022-04-22,Kern,029,883053,192326,192012,46479,238491,2267
2022-04-22,Kings,031,150075,51638,51588,3635,55223,444
2022-04-22,Lake,033,64148,10755,10720,905,11625,134
2022-04-22,Lassen,035,31185,8969,8966,890,9856,65
2022-04-22,Los Angeles,037,10098052,2735435,2725630,126542,2852172,31667
2022-04-22,Madera,039,155013,37347,37333,6130,43463,354
2022-04-22,Marin,041,260295,34384,34150,2709,36859,288
2022-04-22,Mariposa,043,17540,2432,2422,207,2629,30
2022-04-22,Mendocino,045,87422,13210,13158,3101,16259,122
2022-04-22,Merced,047,269075,62380,62286,8753,71039,815
2022-04-22,Modoc,049,8938,745,745,252,997,8
2022-04-22,Mono,051,14174,2989,2986,129,3115,6
2022-04-22,Monterey,053,433212,79922,79560,14110,93670,729
2022-04-22,Napa,055,140530,26263,26093,1033,27126,143
2022-04-22,Nevada,057,99092,16086,16052,1230,17282,127
2022-04-22,Orange,059,3164182,551024,549765,42288,592053,6989
2022-04-22,Placer,061,380077,63257,63037,7483,70520,622
2022-04-22,Plumas,063,18699,2985,2934,371,3305,13
2022-04-22,Riverside,065,2383286,594049,592683,28431,621114,6450
2022-04-22,Sacramento,067,1510023,282944,280551,27454,308005,2993
2022-04-22,San Benito,069,59416,12971,12966,521,13487,98
2022-04-22,San Bernardino,071,2135413,569555,566806,25351,592157,7047
2022-04-22,San Diego,073,3302833,759868,758311,53142,811453,5233
2022-04-22,San Francisco,075,870044,129337,128323,8646,136969,857
2022-04-22,San Joaquin,077,732212,167159,166626,10141,176767,2224
2022-04-22,San Luis Obispo,079,281455,52929,52826,3870,56696,476
2022-04-22,San Mateo,081,765935,125213,124106,7353,131459,703
2022-04-22,Santa Barbara,083,443738,86703,86376,4850,91226,685
2022-04-22,Santa Clara,085,1922200,317974,317487,12856,330343,2277
2022-04-22,Santa Cruz,087,273765,48979,48255,2199,50454,261
2022-04-22,Shasta,089,179085,30661,30607,6172,36779,557
2022-04-22,Sierra,091,2930,274,276,48,324,4
2022-04-22,Siskiyou,093,43540,4461,4453,2770,7223,81
2022-04-22,Solano,095,438530,82290,81982,5660,87642,448
2022-04-22,Sonoma,097,501317,85128,84581,2843,87424,486
2022-04-22,Stanislaus,099,539301,117855,117737,17663,135400,1632
2022-04-22,Sutter,101,95872,20561,20605,2151,22756,224
2022-04-22,Tehama,103,63373,12068,12064,2628,14692,201
2022-04-22,Trinity,105,12862,1185,1177,295,1472,20
2022-04-22,Tulare,107,460477,106749,106354,28735,135089,1446
2022-04-22,Tuolumne,109,53932,12696,12664,575,13239,181
2022-04-22,Ventura,111,848112,174518,174091,9445,183536,1479
2022-04-22,Yolo,113,214977,37367,36990,3250,40240,314
2022-04-22,Yuba,115,75493,15914,15888,1227,17115,121
2022-04-21,Alameda,001,1643700,261200,259619,14499,274118,1837
2022-04-21,Alpine,003,1148,124,124,1,125,0
2022-04-21,Amador,005,37829,8559,8509,663,9172,86
2022-04-21,Butte,007,227075,33163,33105,6730,39835,411
2022-04-21,Calaveras,009,45235,7314,7296,361,7657,119
2022-04-21,Colusa,011,21464,3453,3453,1074,4527,21
2022-04-21,Contra Costa,013,1133247,191401,190611,13550,204161,1298
2022-04-21,Del Norte,015,27424,5833,5827,199,6026,50
2022-04-21,El Dorado,017,186661,26915,26837,3256,30093,209
2022-04-21,Fresno,019,978130,232112,231751,24184,255935,2744
2022-04-21,Glenn,021,27897,4991,4989,1619,6608,48
2022-04-21,Humboldt,023,135768,17130,17033,3020,20053,145
2022-04-21,Imperial,025,180216,55513,55434,10868,66302,910
2022-04-21,Inyo,027,18085,4084,4079,509,4588,56
2022-04-21,Kern,029,883053,192292,192012,46463,238475,2267
2022-04-21,Kings,031,150075,51630,51588,3635,55223,444
2022-04-21,Lake,033,64148,10752,10720,904,11624,134
2022-04-21,Lassen,035,31185,8969,8966,890,9856,65
2022-04-21,Los Angeles,037,10098052,2733783,2725630,126434,2852064,31667
2022-04-21,Madera,039,155013,37343,37333,6129,43462,354
2022-04-21,Marin,041,260295,34337,34150,2700,36850,288
2022-04-21,Mariposa,043,17540,2431,2422,207,2629,30
2022-04-21,Mendocino,045,87422,13204,13158,3097,16255,122
2022-04-21,Merced,047,269075,62364,62286,8750,71036,815
2022-04-21,Modoc,049,8938,745,745,252,997,8
2022-04-21,Mono,051,14174,2988,2986,128,3114,6
2022-04-21,Monterey,053,433212,79895,79560,14098,93658,729
2022-04-21,Napa,055,140530,26232,26093,1032,27125,143
2022-04-21,Nevada,057,99092,16082,16052,1230,17282,127
2022-04-21,Orange,059,3164182,550768,549765,42247,592012,6989
2022-04-21,Placer,061,380077,63219,63037,7477,70514,622
2022-04-21,Plumas,063,18699,2985,2934,371,3305,13
2022-04-21,Riverside,065,2383286,593891,592683,28412,621095,6450
2022-04-21,Sacramento,067,1510023,282797,280551,27430,307981,2993
2022-04-21,San Benito,069,59416,12965,12966,521,13487,98
2022-04-21,San Bernardino,071,2135413,569363,566806,25341,592147,7047
2022-04-21,San Diego,073,3302833,759445,758311,53101,811412,5233
2022-04-21,San Francisco,075,870044,129112,128323,8619,136942,857
2022-04-21,San Joaquin,077,732212,167104,166626,10136,176762,2224
2022-04-21,San Luis Obispo,079,281455,52909,52826,3864,56690,476
2022-04-21,San Mateo,081,765935,125010,124106,7332,131438,703
2022-04-21,Santa Barbara,083,443738,86645,86376,4846,91222,685
2022-04-21,Santa Clara,085,1922200,317521,317487,12834,330321,2277
2022-04-21,Santa Cruz,087,273765,48934,48255,2196,50451,261
2022-04-21,Shasta,089,179085,30652,30607,6172,36779,557
2022-04-21,Sierra,091,2930,274,276,48,324,4
2022-04-21,Siskiyou,093,43540,4461,4453,2770,7223,81
2022-04-21,Solano,095,438530,82228,81982,5653,87635,448
2022-04-21,Sonoma,097,501317,85018,84581,2824,87405,486
2022-04-21,Stanislaus,099,539301,117816,117737,17655,135392,1632
2022-04-21,Sutter,101,95872,20552,20605,2150,22755,224
2022-04-21,Tehama,103,63373,12068,12064,2628,14692,201
2022-04-21,Trinity,105,12862,1185,1177,295,1472,20
2022-04-21,Tulare,107,460477,106741,106354,28731,135085,1446
2022-04-21,Tuolumne,109,53932,12691,12664,574,13238,181
2022-04-21,Ventura,111,848112,174433,174091,9440,183531,1479
2022-04-21,Yolo,113,214977,37346,36990,3250,40240,314
2022-04-21,Yuba,115,75493,15912,15888,1227,17115,121
2022-04-20,Alameda,001,1643700,260841,258734,14473,273207,1832
2022-04-20,Alpine,003,1148,124,124,1,125,0
2022-04-20,Amador,005,37829,8557,8494,663,9157,86
2022-04-20,Butte,007,227075,33155,33083,6722,39805,408
2022-04-20,Calaveras,009,45235,7308,7288,360,7648,119
2022-04-20,Colusa,011,21464,3453,3453,1074,4527,21
2022-04-20,Contra Costa,013,1133247,191172,190042,13526,203568,1299
2022-04-20,Del Norte,015,27424,5828,5814,199,6013,50
2022-04-20,El Dorado,017,186661,26900,26821,3251,30072,209
2022-04-20,Fresno,019,978130,232061,231568,24182,255750,2740
2022-04-20,Glenn,021,27897,4990,4988,1616,6604,48
2022-04-20,Humboldt,023,135768,17106,16976,3016,19992,145
2022-04-20,Imperial,025,180216,55506,55405,10865,66270,910
2022-04-20,Inyo,027,18085,4084,4075,508,4583,56
2022-04-20,Kern,029,883053,192254,191915,46446,238361,2262
2022-04-20,Kings,031,150075,51621,51571,3633,55204,445
2022-04-20,Lake,033,64148,10752,10711,904,11615,134
2022-04-20,Lassen,035,31185,8969,8951,890,9841,65
2022-04-20,Los Angeles,037,10098052,2732058,2721699,126321,2848020,31630
2022-04-20,Madera,039,155013,37340,37333,6126,43459,354
2022-04-20,Marin,041,260295,34296,33985,2676,36661,288
2022-04-20,Mariposa,043,17540,2429,2412,207,2619,30
2022-04-20,Mendocino,045,87422,13198,13128,3087,16215,122
2022-04-20,Merced,047,269075,62354,62322,8735,71057,813
2022-04-20,Modoc,049,8938,745,744,252,996,8
2022-04-20,Mono,051,14174,2987,2984,128,3112,6
2022-04-20,Monterey,053,433212,79849,79419,14078,93497,727
2022-04-20,Napa,055,140530,26199,26016,1029,27045,143
2022-04-20,Nevada,057,99092,16072,16034,1228,17262,127
2022-04-20,Orange,059,3164182,550443,549136,42198,591334,6963
2022-04-20,Placer,061,380077,63192,62928,7473,70401,619
2022-04-20,Plumas,063,18699,2985,2932,371,3303,13
2022-04-20,Riverside,065,2383286,593700,592224,28389,620613,6447
2022-04-20,Sacramento,067,1510023,282654,279326,27411,306737,2987
2022-04-20,San Benito,069,59416,12959,12971,521,13492,98
2022-04-20,San Bernardino,071,2135413,569155,565405,25323,590728,6977
2022-04-20,San Diego,073,3302833,759007,757138,53045,810183,5231
2022-04-20,San Francisco,075,870044,128808,127594,8599,136193,854
2022-04-20,San Joaquin,077,732212,167036,166531,10127,176658,2222
2022-04-20,San Luis Obispo,079,281455,52882,52740,3856,56596,476
2022-04-20,San Mateo,081,765935,124793,123279,7300,130579,701
2022-04-20,Santa Barbara,083,443738,86610,86214,4841,91055,685
2022-04-20,Santa Clara,085,1922200,317116,316355,12798,329153,2274
2022-04-20,Santa Cruz,087,273765,48870,47997,2192,50189,261
2022-04-20,Shasta,089,179085,30648,30590,6171,36761,554
2022-04-20,Sierra,091,2930,274,276,48,324,4
2022-04-20,Siskiyou,093,43540,4460,4446,2769,7215,80
2022-04-20,Solano,095,438530,82156,81841,5651,87492,447
2022-04-20,Sonoma,097,501317,84931,84429,2800,87229,485
2022-04-20,Stanislaus,099,539301,117781,117540,17645,135185,1630
2022-04-20,Sutter,101,95872,20545,20632,2150,22782,224
2022-04-20,Tehama,103,63373,12065,12061,2627,14688,199
2022-04-20,Trinity,105,12862,1185,1178,295,1473,20
2022-04-20,Tulare,107,460477,106734,105974,28720,134694,1439
2022-04-20,Tuolumne,109,53932,12686,12648,573,13221,180
2022-04-20,Ventura,111,848112,174348,173904,9431,183335,1475
2022-04-20,Yolo,113,214977,37315,36785,3246,40031,311
2022-04-20,Yuba,115,75493,15908,15868,1225,17093,121
2022-04-19,Alameda,001,1643700,260490,258734,14438,273172,1832
2022-04-19,Alpine,003,1148,124,124,1,125,0
2022-04-19,Amador,005,37829,8553,8494,661,9155,86
2022-04-19,Butte,007,227075,33149,33083,6719,39802,408
2022-04-19,Calaveras,009,45235,7305,7288,360,7648,119
2022-04-19,Colusa,011,21464,3453,3453,1074,4527,21
2022-04-19,Contra Costa,013,1133247,190930,190042,13512,203554,1299
2022-04-19,Del Norte,015,27424,5826,5814,197,6011,50
2022-04-19,El Dorado,017,186661,26885,26821,3248,30069,209
2022-04-19,Fresno,019,978130,232005,231568,24173,255741,2740
2022-04-19,Glenn,021,27897,4989,4988,1616,6604,48
2022-04-19,Humboldt,023,135768,17071,16976,3006,19982,145
2022-04-19,Imperial,025,180216,55499,55405,10861,66266,910
2022-04-19,Inyo,027,18085,4081,4075,508,4583,56
2022-04-19,Kern,029,883053,192219,191915,46434,238349,2262
2022-04-19,Kings,031,150075,51607,51571,3632,55203,445
2022-04-19,Lake,033,64148,10748,10711,904,11615,134
2022-04-19,Lassen,035,31185,8969,8951,890,9841,65
2022-04-19,Los Angeles,037,10098052,2730277,2721699,126195,2847894,31630
2022-04-19,Madera,039,155013,37337,37333,6125,43458,354
2022-04-19,Marin,041,260295,34245,33985,2659,36644,288
2022-04-19,Mariposa,043,17540,2429,2412,206,2618,30
2022-04-19,Mendocino,045,87422,13190,13128,3077,16205,122
2022-04-19,Merced,047,269075,62335,62322,8730,71052,813
2022-04-19,Modoc,049,8938,745,744,252,996,8
2022-04-19,Mono,051,14174,2986,2984,128,3112,6
2022-04-19,Monterey,053,433212,79827,79419,14065,93484,727
2022-04-19,Napa,055,140530,26177,26016,1021,27037,143
2022-04-19,Nevada,057,99092,16067,16034,1226,17260,127
2022-04-19,Orange,059,3164182,550162,549136,42153,591289,6963
2022-04-19,Placer,061,380077,63160,62928,7468,70396,619
2022-04-19,Plumas,063,18699,2985,2932,371,3303,13
2022-04-19,Riverside,065,2383286,593518,592224,28374,620598,6447
2022-04-19,Sacramento,067,1510023,282482,279326,27387,306713,2987
2022-04-19,San Benito,069,59416,12953,12971,521,13492,98
2022-04-19,San Bernardino,071,2135413,568941,565405,25300,590705,6977
2022-04-19,San Diego,073,3302833,758548,757138,52990,810128,5231
2022-04-19,San Francisco,075,870044,128474,127594,8582,136176,854
2022-04-19,San Joaquin,077,732212,166983,166531,10120,176651,2222
2022-04-19,San Luis Obispo,079,281455,52848,52740,3848,56588,476
2022-04-19,San Mateo,081,765935,124561,123279,7278,130557,701
2022-04-19,Santa Barbara,083,443738,86556,86214,4834,91048,685
2022-04-19,Santa Clara,085,1922200,316700,316355,12768,329123,2274
2022-04-19,Santa Cruz,087,273765,48816,47997,2190,50187,261
2022-04-19,Shasta,089,179085,30636,30590,6170,36760,554
2022-04-19,Sierra,091,2930,274,276,48,324,4
2022-04-19,Siskiyou,093,43540,4459,4446,2767,7213,80
2022-04-19,Solano,095,438530,82078,81841,5646,87487,447
2022-04-19,Sonoma,097,501317,84827,84429,2777,87206,485
2022-04-19,Stanislaus,099,539301,117755,117540,17641,135181,1630
2022-04-19,Sutter,101,95872,20545,20632,2150,22782,224
2022-04-19,Tehama,103,63373,12064,12061,2627,14688,199
2022-04-19,Trinity,105,12862,1184,1178,295,1473,20
2022-04-19,Tulare,107,460477,106718,105974,28714,134688,1439
2022-04-19,Tuolumne,109,53932,12684,12648,573,13221,180
2022-04-19,Ventura,111,848112,174255,173904,9421,183325,1475
2022-04-19,Yolo,113,214977,37283,36785,3244,40029,311
2022-04-19,Yuba,115,75493,15901,15868,1225,17093,121
2022-04-18,Alameda,001,1643700,260104,258734,14416,273150,1832
2022-04-18,Alpine,003,1148,124,124,1,125,0
2022-04-18,Amador,005,37829,8552,8494,660,9154,86
2022-04-18,Butte,007,227075,33145,33083,6714,39797,408
2022-04-18,Calaveras,009,45235,7301,7288,359,7647,119
2022-04-18,Colusa,011,21464,3452,3453,1074,4527,21
2022-04-18,Contra Costa,013,1133247,190698,190042,13492,203534,1299
2022-04-18,Del Norte,015,27424,5821,5814,197,6011,50
2022-04-18,El Dorado,017,186661,26868,26821,3245,30066,209
2022-04-18,Fresno,019,978130,231960,231568,24162,255730,2740
2022-04-18,Glenn,021,27897,4988,4988,1615,6603,48
2022-04-18,Humboldt,023,135768,17038,16976,3004,19980,145
2022-04-18,Imperial,025,180216,55487,55405,10859,66264,910
2022-04-18,Inyo,027,18085,4081,4075,508,4583,56
2022-04-18,Kern,029,883053,192175,191915,46422,238337,2262
2022-04-18,Kings,031,150075,51602,51571,3632,55203,445
2022-04-18,Lake,033,64148,10744,10711,904,11615,134
2022-04-18,Lassen,035,31185,8969,8951,890,9841,65
2022-04-18,Los Angeles,037,10098052,2728453,2721699,126081,2847780,31630
2022-04-18,Madera,039,155013,37329,37333,6124,43457,354
2022-04-18,Marin,041,260295,34181,33985,2635,36620,288
2022-04-18,Mariposa,043,17540,2427,2412,206,2618,30
2022-04-18,Mendocino,045,87422,13174,13128,3071,16199,122
2022-04-18,Merced,047,269075,62323,62322,8724,71046,813
2022-04-18,Modoc,049,8938,744,744,252,996,8
2022-04-18,Mono,051,14174,2985,2984,128,3112,6
2022-04-18,Monterey,053,433212,79752,79419,14049,93468,727
2022-04-18,Napa,055,140530,26141,26016,1020,27036,143
2022-04-18,Nevada,057,99092,16057,16034,1224,17258,127
2022-04-18,Orange,059,3164182,549876,549136,42119,591255,6963
2022-04-18,Placer,061,380077,63129,62928,7466,70394,619
2022-04-18,Plumas,063,18699,2985,2932,371,3303,13
2022-04-18,Riverside,065,2383286,593306,592224,28354,620578,6447
2022-04-18,Sacramento,067,1510023,282326,279326,27374,306700,2987
2022-04-18,San Benito,069,59416,12947,12971,521,13492,98
2022-04-18,San Bernardino,071,2135413,568728,565405,25277,590682,6977
2022-04-18,San Diego,073,3302833,758082,757138,52941,810079,5231
2022-04-18,San Francisco,075,870044,128153,127594,8570,136164,854
2022-04-18,San Joaquin,077,732212,166924,166531,10113,176644,2222
2022-04-18,San Luis Obispo,079,281455,52820,52740,3843,56583,476
2022-04-18,San Mateo,081,765935,124328,123279,7256,130535,701
2022-04-18,Santa Barbara,083,443738,86486,86214,4831,91045,685
2022-04-18,Santa Clara,085,1922200,316252,316355,12743,329098,2274
2022-04-18,Santa Cruz,087,273765,48711,47997,2185,50182,261
2022-04-18,Shasta,089,179085,30631,30590,6168,36758,554
2022-04-18,Sierra,091,2930,274,276,48,324,4
2022-04-18,Siskiyou,093,43540,4458,4446,2766,7212,80
2022-04-18,Solano,095,438530,82017,81841,5641,87482,447
2022-04-18,Sonoma,097,501317,84728,84429,2763,87192,485
2022-04-18,Stanislaus,099,539301,117724,117540,17637,135177,1630
2022-04-18,Sutter,101,95872,20543,20632,2147,22779,224
2022-04-18,Tehama,103,63373,12060,12061,2627,14688,199
2022-04-18,Trinity,105,12862,1184,1178,295,1473,20
2022-04-18,Tulare,107,460477,106703,105974,28703,134677,1439
2022-04-18,Tuolumne,109,53932,12676,12648,572,13220,180
2022-04-18,Ventura,111,848112,174160,173904,9414,183318,1475
2022-04-18,Yolo,113,214977,37240,36785,3244,40029,311
2022-04-18,Yuba,115,75493,15892,15868,1222,17090,121
2022-04-17,Alameda,001,1643700,259709,257897,14389,272286,1829
2022-04-17,Alpine,003,1148,124,124,1,125,0
2022-04-17,Amador,005,37829,8546,8491,658,9149,86
2022-04-17,Butte,007,227075,33142,33053,6711,39764,405
2022-04-17,Calaveras,009,45235,7297,7275,357,7632,119
2022-04-17,Colusa,011,21464,3451,3450,1074,4524,21
2022-04-17,Contra Costa,013,1133247,190468,189742,13456,203198,1298
2022-04-17,Del Norte,015,27424,5817,5809,197,6006,50
2022-04-17,El Dorado,017,186661,26856,26796,3244,30040,209
2022-04-17,Fresno,019,978130,231884,231455,24156,255611,2739
2022-04-17,Glenn,021,27897,4988,4991,1615,6606,48
2022-04-17,Humboldt,023,135768,17005,16929,3001,19930,143
2022-04-17,Imperial,025,180216,55479,55371,10857,66228,910
2022-04-17,Inyo,027,18085,4078,4075,508,4583,56
2022-04-17,Kern,029,883053,192140,191866,46407,238273,2258
2022-04-17,Kings,031,150075,51591,51544,3630,55174,445
2022-04-17,Lake,033,64148,10743,10702,904,11606,134
2022-04-17,Lassen,035,31185,8969,8950,890,9840,65
2022-04-17,Los Angeles,037,10098052,2726478,2717479,125963,2843442,31598
2022-04-17,Madera,039,155013,37323,37362,6124,43486,354
2022-04-17,Marin,041,260295,34113,33829,2605,36434,288
2022-04-17,Mariposa,043,17540,2419,2406,206,2612,30
2022-04-17,Mendocino,045,87422,13159,13107,3067,16174,122
2022-04-17,Merced,047,269075,62304,62295,8721,71016,813
2022-04-17,Modoc,049,8938,744,743,252,995,8
2022-04-17,Mono,051,14174,2985,2977,128,3105,6
2022-04-17,Monterey,053,433212,79722,79311,14028,93339,727
2022-04-17,Napa,055,140530,26099,25929,1014,26943,143
2022-04-17,Nevada,057,99092,16041,16014,1221,17235,123
2022-04-17,Orange,059,3164182,549510,548311,42068,590379,6945
2022-04-17,Placer,061,380077,63089,62882,7460,70342,618
2022-04-17,Plumas,063,18699,2985,2929,371,3300,13
2022-04-17,Riverside,065,2383286,593084,591772,28331,620103,6443
2022-04-17,Sacramento,067,1510023,282163,278523,27348,305871,2978
2022-04-17,San Benito,069,59416,12944,12926,520,13446,98
2022-04-17,San Bernardino,071,2135413,568491,564397,25261,589658,6948
2022-04-17,San Diego,073,3302833,757601,756165,52873,809038,5229
2022-04-17,San Francisco,075,870044,127838,126976,8554,135530,854
2022-04-17,San Joaquin,077,732212,166874,166645,10106,176751,2220
2022-04-17,San Luis Obispo,079,281455,52751,52698,3839,56537,476
2022-04-17,San Mateo,081,765935,124090,122652,7242,129894,699
2022-04-17,Santa Barbara,083,443738,86427,86030,4825,90855,684
2022-04-17,Santa Clara,085,1922200,315757,315296,12715,328011,2268
2022-04-17,Santa Cruz,087,273765,48588,47895,2182,50077,261
2022-04-17,Shasta,089,179085,30620,30578,6164,36742,554
2022-04-17,Sierra,091,2930,274,276,48,324,4
2022-04-17,Siskiyou,093,43540,4453,4444,2765,7209,80
2022-04-17,Solano,095,438530,81954,81781,5638,87419,447
2022-04-17,Sonoma,097,501317,84616,84172,2755,86927,485
2022-04-17,Stanislaus,099,539301,117693,117567,17629,135196,1619
2022-04-17,Sutter,101,95872,20537,20621,2146,22767,224
2022-04-17,Tehama,103,63373,12059,12061,2627,14688,199
2022-04-17,Trinity,105,12862,1183,1178,295,1473,20
2022-04-17,Tulare,107,460477,106689,105757,28694,134451,1428
2022-04-17,Tuolumne,109,53932,12670,12640,572,13212,180
2022-04-17,Ventura,111,848112,174065,173665,9402,183067,1474
2022-04-17,Yolo,113,214977,37211,36752,3242,39994,311
2022-04-17,Yuba,115,75493,15884,15857,1222,17079,121
2022-04-16,Alameda,001,1643700,259558,257897,14379,272276,1829
2022-04-16,Alpine,003,1148,124,124,1,125,0
2022-04-16,Amador,005,37829,8545,8491,658,9149,86
2022-04-16,Butte,007,227075,33139,33053,6709,39762,405
2022-04-16,Calaveras,009,45235,7296,7275,357,7632,119
2022-04-16,Colusa,011,21464,3451,3450,1074,4524,21
2022-04-16,Contra Costa,013,1133247,190378,189742,13450,203192,1298
2022-04-16,Del Norte,015,27424,5817,5809,197,6006,50
2022-04-16,El Dorado,017,186661,26845,26796,3244,30040,209
2022-04-16,Fresno,019,978130,231857,231455,24155,255610,2739
2022-04-16,Glenn,021,27897,4988,4991,1615,6606,48
2022-04-16,Humboldt,023,135768,16998,16929,2996,19925,143
2022-04-16,Imperial,025,180216,55473,55371,10856,66227,910
2022-04-16,Inyo,027,18085,4078,4075,508,4583,56
2022-04-16,Kern,029,883053,192130,191866,46394,238260,2258
2022-04-16,Kings,031,150075,51588,51544,3630,55174,445
2022-04-16,Lake,033,64148,10741,10702,904,11606,134
2022-04-16,Lassen,035,31185,8969,8950,890,9840,65
2022-04-16,Los Angeles,037,10098052,2725786,2717479,125913,2843392,31598
2022-04-16,Madera,039,155013,37322,37362,6124,43486,354
2022-04-16,Marin,041,260295,34075,33829,2579,36408,288
2022-04-16,Mariposa,043,17540,2418,2406,206,2612,30
2022-04-16,Mendocino,045,87422,13153,13107,3067,16174,122
2022-04-16,Merced,047,269075,62301,62295,8721,71016,813
2022-04-16,Modoc,049,8938,744,743,252,995,8
2022-04-16,Mono,051,14174,2985,2977,128,3105,6
2022-04-16,Monterey,053,433212,79706,79311,14019,93330,727
2022-04-16,Napa,055,140530,26076,25929,1011,26940,143
2022-04-16,Nevada,057,99092,16038,16014,1220,17234,123
2022-04-16,Orange,059,3164182,549395,548311,42039,590350,6945
2022-04-16,Placer,061,380077,63073,62882,7458,70340,618
2022-04-16,Plumas,063,18699,2983,2929,371,3300,13
2022-04-16,Riverside,065,2383286,593006,591772,28325,620097,6443
2022-04-16,Sacramento,067,1510023,282113,278523,27340,305863,2978
2022-04-16,San Benito,069,59416,12943,12926,520,13446,98
2022-04-16,San Bernardino,071,2135413,568394,564397,25257,589654,6948
2022-04-16,San Diego,073,3302833,757457,756165,52861,809026,5229
2022-04-16,San Francisco,075,870044,127683,126976,8545,135521,854
2022-04-16,San Joaquin,077,732212,166836,166645,10102,176747,2220
2022-04-16,San Luis Obispo,079,281455,52745,52698,3838,56536,476
2022-04-16,San Mateo,081,765935,123994,122652,7236,129888,699
2022-04-16,Santa Barbara,083,443738,86398,86030,4825,90855,684
2022-04-16,Santa Clara,085,1922200,315522,315296,12706,328002,2268
2022-04-16,Santa Cruz,087,273765,48561,47895,2182,50077,261
2022-04-16,Shasta,089,179085,30616,30578,6164,36742,554
2022-04-16,Sierra,091,2930,274,276,48,324,4
2022-04-16,Siskiyou,093,43540,4453,4444,2765,7209,80
2022-04-16,Solano,095,438530,81939,81781,5635,87416,447
2022-04-16,Sonoma,097,501317,84566,84172,2745,86917,485
2022-04-16,Stanislaus,099,539301,117673,117567,17624,135191,1619
2022-04-16,Sutter,101,95872,20534,20621,2146,22767,224
2022-04-16,Tehama,103,63373,12058,12061,2627,14688,199
2022-04-16,Trinity,105,12862,1183,1178,295,1473,20
2022-04-16,Tulare,107,460477,106678,105757,28691,134448,1428
2022-04-16,Tuolumne,109,53932,12669,12640,572,13212,180
2022-04-16,Ventura,111,848112,174038,173665,9399,183064,1474
2022-04-16,Yolo,113,214977,37202,36752,3241,39993,311
2022-04-16,Yuba,115,75493,15882,15857,1222,17079,121
2022-04-15,Alameda,001,1643700,259376,257897,14371,272268,1829
2022-04-15,Alpine,003,1148,124,124,1,125,0
2022-04-15,Amador,005,37829,8544,8491,657,9148,86
2022-04-15,Butte,007,227075,33137,33053,6706,39759,405
2022-04-15,Calaveras,009,45235,7294,7275,357,7632,119
2022-04-15,Colusa,011,21464,3451,3450,1074,4524,21
2022-04-15,Contra Costa,013,1133247,190266,189742,13446,203188,1298
2022-04-15,Del Norte,015,27424,5817,5809,197,6006,50
2022-04-15,El Dorado,017,186661,26831,26796,3243,30039,209
2022-04-15,Fresno,019,978130,231828,231455,24155,255610,2739
2022-04-15,Glenn,021,27897,4988,4991,1615,6606,48
2022-04-15,Humboldt,023,135768,16986,16929,2995,19924,143
2022-04-15,Imperial,025,180216,55471,55371,10856,66227,910
2022-04-15,Inyo,027,18085,4078,4075,507,4582,56
2022-04-15,Kern,029,883053,192116,191866,46386,238252,2258
2022-04-15,Kings,031,150075,51584,51544,3630,55174,445
2022-04-15,Lake,033,64148,10736,10702,904,11606,134
2022-04-15,Lassen,035,31185,8969,8950,890,9840,65
2022-04-15,Los Angeles,037,10098052,2725019,2717479,125847,2843326,31598
2022-04-15,Madera,039,155013,37320,37362,6124,43486,354
2022-04-15,Marin,041,260295,34041,33829,2558,36387,288
2022-04-15,Mariposa,043,17540,2417,2406,206,2612,30
2022-04-15,Mendocino,045,87422,13147,13107,3066,16173,122
2022-04-15,Merced,047,269075,62297,62295,8721,71016,813
2022-04-15,Modoc,049,8938,744,743,252,995,8
2022-04-15,Mono,051,14174,2981,2977,127,3104,6
2022-04-15,Monterey,053,433212,79681,79311,14013,93324,727
2022-04-15,Napa,055,140530,26059,25929,1009,26938,143
2022-04-15,Nevada,057,99092,16036,16014,1219,17233,123
2022-04-15,Orange,059,3164182,549274,548311,42009,590320,6945
2022-04-15,Placer,061,380077,63059,62882,7457,70339,618
2022-04-15,Plumas,063,18699,2983,2929,371,3300,13
2022-04-15,Riverside,065,2383286,592907,591772,28319,620091,6443
2022-04-15,Sacramento,067,1510023,282035,278523,27336,305859,2978
2022-04-15,San Benito,069,59416,12941,12926,519,13445,98
2022-04-15,San Bernardino,071,2135413,568313,564397,25253,589650,6948
2022-04-15,San Diego,073,3302833,757264,756165,52846,809011,5229
2022-04-15,San Francisco,075,870044,127533,126976,8532,135508,854
2022-04-15,San Joaquin,077,732212,166814,166645,10099,176744,2220
2022-04-15,San Luis Obispo,079,281455,52737,52698,3838,56536,476
2022-04-15,San Mateo,081,765935,123860,122652,7225,129877,699
2022-04-15,Santa Barbara,083,443738,86364,86030,4824,90854,684
2022-04-15,Santa Clara,085,1922200,315227,315296,12698,327994,2268
2022-04-15,Santa Cruz,087,273765,48532,47895,2181,50076,261
2022-04-15,Shasta,089,179085,30607,30578,6164,36742,554
2022-04-15,Sierra,091,2930,274,276,48,324,4
2022-04-15,Siskiyou,093,43540,4451,4444,2765,7209,80
2022-04-15,Solano,095,438530,81914,81781,5635,87416,447
2022-04-15,Sonoma,097,501317,84515,84172,2730,86902,485
2022-04-15,Stanislaus,099,539301,117654,117567,17622,135189,1619
2022-04-15,Sutter,101,95872,20531,20621,2146,22767,224
2022-04-15,Tehama,103,63373,12058,12061,2627,14688,199
2022-04-15,Trinity,105,12862,1183,1178,295,1473,20
2022-04-15,Tulare,107,460477,106672,105757,28685,134442,1428
2022-04-15,Tuolumne,109,53932,12667,12640,571,13211,180
2022-04-15,Ventura,111,848112,174009,173665,9392,183057,1474
2022-04-15,Yolo,113,214977,37192,36752,3241,39993,311
2022-04-15,Yuba,115,75493,15879,15857,1222,17079,121
2022-04-14,Alameda,001,1643700,259108,257897,14360,272257,1829
2022-04-14,Alpine,003,1148,124,124,1,125,0
2022-04-14,Amador,005,37829,8544,8491,657,9148,86
2022-04-14,Butte,007,227075,33132,33053,6700,39753,405
2022-04-14,Calaveras,009,45235,7293,7275,357,7632,119
2022-04-14,Colusa,011,21464,3451,3450,1074,4524,21
2022-04-14,Contra Costa,013,1133247,190111,189742,13436,203178,1298
2022-04-14,Del Norte,015,27424,5815,5809,197,6006,50
2022-04-14,El Dorado,017,186661,26828,26796,3241,30037,209
2022-04-14,Fresno,019,978130,231802,231455,24154,255609,2739
2022-04-14,Glenn,021,27897,4987,4991,1613,6604,48
2022-04-14,Humboldt,023,135768,16972,16929,2993,19922,143
2022-04-14,Imperial,025,180216,55461,55371,10856,66227,910
2022-04-14,Inyo,027,18085,4078,4075,506,4581,56
2022-04-14,Kern,029,883053,192096,191866,46378,238244,2258
2022-04-14,Kings,031,150075,51576,51544,3630,55174,445
2022-04-14,Lake,033,64148,10735,10702,904,11606,134
2022-04-14,Lassen,035,31185,8969,8950,889,9839,65
2022-04-14,Los Angeles,037,10098052,2723930,2717479,125756,2843235,31598
2022-04-14,Madera,039,155013,37318,37362,6124,43486,354
2022-04-14,Marin,041,260295,34006,33829,2531,36360,288
2022-04-14,Mariposa,043,17540,2416,2406,206,2612,30
2022-04-14,Mendocino,045,87422,13142,13107,3066,16173,122
2022-04-14,Merced,047,269075,62292,62295,8721,71016,813
2022-04-14,Modoc,049,8938,743,743,252,995,8
2022-04-14,Mono,051,14174,2981,2977,125,3102,6
2022-04-14,Monterey,053,433212,79655,79311,14007,93318,727
2022-04-14,Napa,055,140530,26036,25929,1008,26937,143
2022-04-14,Nevada,057,99092,16029,16014,1218,17232,123
2022-04-14,Orange,059,3164182,549087,548311,41982,590293,6945
2022-04-14,Placer,061,380077,63041,62882,7452,70334,618
2022-04-14,Plumas,063,18699,2983,2929,371,3300,13
2022-04-14,Riverside,065,2383286,592790,591772,28309,620081,6443
2022-04-14,Sacramento,067,1510023,281913,278523,27322,305845,2978
2022-04-14,San Benito,069,59416,12935,12926,519,13445,98
2022-04-14,San Bernardino,071,2135413,568139,564397,25247,589644,6948
2022-04-14,San Diego,073,3302833,756987,756165,52813,808978,5229
2022-04-14,San Francisco,075,870044,127329,126976,8521,135497,854
2022-04-14,San Joaquin,077,732212,166784,166645,10096,176741,2220
2022-04-14,San Luis Obispo,079,281455,52721,52698,3835,56533,476
2022-04-14,San Mateo,081,765935,123698,122652,7206,129858,699
2022-04-14,Santa Barbara,083,443738,86319,86030,4823,90853,684
2022-04-14,Santa Clara,085,1922200,314928,315296,12689,327985,2268
2022-04-14,Santa Cruz,087,273765,48501,47895,2180,50075,261
2022-04-14,Shasta,089,179085,30605,30578,6163,36741,554
2022-04-14,Sierra,091,2930,274,276,48,324,4
2022-04-14,Siskiyou,093,43540,4451,4444,2764,7208,80
2022-04-14,Solano,095,438530,81875,81781,5628,87409,447
2022-04-14,Sonoma,097,501317,84421,84172,2725,86897,485
2022-04-14,Stanislaus,099,539301,117635,117567,17619,135186,1619
2022-04-14,Sutter,101,95872,20529,20621,2137,22758,224
2022-04-14,Tehama,103,63373,12057,12061,2626,14687,199
2022-04-14,Trinity,105,12862,1183,1178,295,1473,20
2022-04-14,Tulare,107,460477,106658,105757,28681,134438,1428
2022-04-14,Tuolumne,109,53932,12663,12640,571,13211,180
2022-04-14,Ventura,111,848112,173958,173665,9385,183050,1474
2022-04-14,Yolo,113,214977,37181,36752,3237,39989,311
2022-04-14,Yuba,115,75493,15876,15857,1222,17079,121
2022-04-13,Alameda,001,1643700,258853,257440,14341,271781,1833
2022-04-13,Alpine,003,1148,124,124,1,125,0
2022-04-13,Amador,005,37829,8542,8490,657,9147,86
2022-04-13,Butte,007,227075,33124,33044,6700,39744,402
2022-04-13,Calaveras,009,45235,7292,7270,357,7627,119
2022-04-13,Colusa,011,21464,3451,3451,1074,4525,21
2022-04-13,Contra Costa,013,1133247,189983,189471,13421,202892,1298
2022-04-13,Del Norte,015,27424,5813,5812,197,6009,50
2022-04-13,El Dorado,017,186661,26824,26794,3241,30035,208
2022-04-13,Fresno,019,978130,231770,231325,24142,255467,2738
2022-04-13,Glenn,021,27897,4986,4989,1613,6602,48
2022-04-13,Humboldt,023,135768,16959,16922,2992,19914,143
2022-04-13,Imperial,025,180216,55449,55353,10851,66204,910
2022-04-13,Inyo,027,18085,4078,4074,503,4577,56
2022-04-13,Kern,029,883053,192073,191859,46372,238231,2249
2022-04-13,Kings,031,150075,51570,51535,3630,55165,443
2022-04-13,Lake,033,64148,10733,10695,904,11599,134
2022-04-13,Lassen,035,31185,8968,8949,889,9838,65
2022-04-13,Los Angeles,037,10098052,2722668,2715722,125682,2841404,31578
2022-04-13,Madera,039,155013,37315,37361,6123,43484,354
2022-04-13,Marin,041,260295,33967,33747,2501,36248,288
2022-04-13,Mariposa,043,17540,2410,2402,206,2608,29
2022-04-13,Mendocino,045,87422,13133,13101,3064,16165,120
2022-04-13,Merced,047,269075,62281,62276,8720,70996,811
2022-04-13,Modoc,049,8938,743,743,252,995,8
2022-04-13,Mono,051,14174,2979,2971,125,3096,6
2022-04-13,Monterey,053,433212,79642,79179,13997,93176,727
2022-04-13,Napa,055,140530,26020,25892,1005,26897,143
2022-04-13,Nevada,057,99092,16023,16002,1218,17220,123
2022-04-13,Orange,059,3164182,548884,547783,41955,589738,6935
2022-04-13,Placer,061,380077,63013,62851,7448,70299,615
2022-04-13,Plumas,063,18699,2982,2923,371,3294,13
2022-04-13,Riverside,065,2383286,592659,591659,28301,619960,6437
2022-04-13,Sacramento,067,1510023,281825,277866,27319,305185,2974
2022-04-13,San Benito,069,59416,12929,12927,519,13446,98
2022-04-13,San Bernardino,071,2135413,567996,563709,25239,588948,6905
2022-04-13,San Diego,073,3302833,756703,755584,52784,808368,5223
2022-04-13,San Francisco,075,870044,127158,126608,8505,135113,850
2022-04-13,San Joaquin,077,732212,166749,166654,10094,176748,2219
2022-04-13,San Luis Obispo,079,281455,52697,52660,3835,56495,476
2022-04-13,San Mateo,081,765935,123548,122167,7183,129350,699
2022-04-13,Santa Barbara,083,443738,86280,85938,4819,90757,684
2022-04-13,Santa Clara,085,1922200,314662,314863,12671,327534,2267
2022-04-13,Santa Cruz,087,273765,48448,47765,2179,49944,260
2022-04-13,Shasta,089,179085,30603,30569,6163,36732,551
2022-04-13,Sierra,091,2930,274,276,48,324,4
2022-04-13,Siskiyou,093,43540,4450,4444,2763,7207,80
2022-04-13,Solano,095,438530,81837,81843,5626,87469,448
2022-04-13,Sonoma,097,501317,84353,84033,2710,86743,485
2022-04-13,Stanislaus,099,539301,117617,117573,17616,135189,1577
2022-04-13,Sutter,101,95872,20525,20610,2137,22747,223
2022-04-13,Tehama,103,63373,12056,12062,2625,14687,200
2022-04-13,Trinity,105,12862,1183,1177,295,1472,20
2022-04-13,Tulare,107,460477,106651,105519,28676,134195,1426
2022-04-13,Tuolumne,109,53932,12657,12639,571,13210,180
2022-04-13,Ventura,111,848112,173900,173558,9381,182939,1474
2022-04-13,Yolo,113,214977,37160,36684,3235,39919,311
2022-04-13,Yuba,115,75493,15872,15851,1222,17073,121
2022-04-12,Alameda,001,1643700,258609,257440,14331,271771,1833
2022-04-12,Alpine,003,1148,124,124,1,125,0
2022-04-12,Amador,005,37829,8541,8490,657,9147,86
2022-04-12,Butte,007,227075,33112,33044,6694,39738,402
2022-04-12,Calaveras,009,45235,7288,7270,356,7626,119
2022-04-12,Colusa,011,21464,3451,3451,1074,4525,21
2022-04-12,Contra Costa,013,1133247,189825,189471,13407,202878,1298
2022-04-12,Del Norte,015,27424,5811,5812,197,6009,50
2022-04-12,El Dorado,017,186661,26812,26794,3241,30035,208
2022-04-12,Fresno,019,978130,231740,231325,24135,255460,2738
2022-04-12,Glenn,021,27897,4986,4989,1613,6602,48
2022-04-12,Humboldt,023,135768,16951,16922,2991,19913,143
2022-04-12,Imperial,025,180216,55444,55353,10842,66195,910
2022-04-12,Inyo,027,18085,4078,4074,502,4576,56
2022-04-12,Kern,029,883053,192054,191859,46363,238222,2249
2022-04-12,Kings,031,150075,51562,51535,3628,55163,443
2022-04-12,Lake,033,64148,10729,10695,903,11598,134
2022-04-12,Lassen,035,31185,8968,8949,889,9838,65
2022-04-12,Los Angeles,037,10098052,2721422,2715722,125582,2841304,31578
2022-04-12,Madera,039,155013,37314,37361,6123,43484,354
2022-04-12,Marin,041,260295,33923,33747,2474,36221,288
2022-04-12,Mariposa,043,17540,2410,2402,206,2608,29
2022-04-12,Mendocino,045,87422,13124,13101,3059,16160,120
2022-04-12,Merced,047,269075,62267,62276,8718,70994,811
2022-04-12,Modoc,049,8938,743,743,252,995,8
2022-04-12,Mono,051,14174,2979,2971,125,3096,6
2022-04-12,Monterey,053,433212,79618,79179,13991,93170,727
2022-04-12,Napa,055,140530,25997,25892,995,26887,143
2022-04-12,Nevada,057,99092,16020,16002,1217,17219,123
2022-04-12,Orange,059,3164182,548631,547783,41921,589704,6935
2022-04-12,Placer,061,380077,62990,62851,7443,70294,615
2022-04-12,Plumas,063,18699,2980,2923,371,3294,13
2022-04-12,Riverside,065,2383286,592514,591659,28279,619938,6437
2022-04-12,Sacramento,067,1510023,281708,277866,27317,305183,2974
2022-04-12,San Benito,069,59416,12925,12927,518,13445,98
2022-04-12,San Bernardino,071,2135413,567823,563709,25233,588942,6905
2022-04-12,San Diego,073,3302833,756373,755584,52745,808329,5223
2022-04-12,San Francisco,075,870044,126949,126608,8489,135097,850
2022-04-12,San Joaquin,077,732212,166718,166654,10092,176746,2219
2022-04-12,San Luis Obispo,079,281455,52664,52660,3830,56490,476
2022-04-12,San Mateo,081,765935,123392,122167,7157,129324,699
2022-04-12,Santa Barbara,083,443738,86233,85938,4816,90754,684
2022-04-12,Santa Clara,085,1922200,314369,314863,12664,327527,2267
2022-04-12,Santa Cruz,087,273765,48370,47765,2177,49942,260
2022-04-12,Shasta,089,179085,30603,30569,6162,36731,551
2022-04-12,Sierra,091,2930,274,276,48,324,4
2022-04-12,Siskiyou,093,43540,4450,4444,2761,7205,80
2022-04-12,Solano,095,438530,81797,81843,5624,87467,448
2022-04-12,Sonoma,097,501317,84295,84033,2704,86737,485
2022-04-12,Stanislaus,099,539301,117597,117573,17610,135183,1577
2022-04-12,Sutter,101,95872,20522,20610,2137,22747,223
2022-04-12,Tehama,103,63373,12054,12062,2625,14687,200
2022-04-12,Trinity,105,12862,1183,1177,295,1472,20
2022-04-12,Tulare,107,460477,106636,105519,28671,134190,1426
2022-04-12,Tuolumne,109,53932,12655,12639,569,13208,180
2022-04-12,Ventura,111,848112,173853,173558,9377,182935,1474
2022-04-12,Yolo,113,214977,37146,36684,3228,39912,311
2022-04-12,Yuba,115,75493,15867,15851,1222,17073,121
2022-04-11,Alameda,001,1643700,258317,256649,14314,270963,1826
2022-04-11,Alpine,003,1148,124,124,1,125,0
2022-04-11,Amador,005,37829,8540,8489,657,9146,86
2022-04-11,Butte,007,227075,33099,33031,6691,39722,399
2022-04-11,Calaveras,009,45235,7285,7260,356,7616,119
2022-04-11,Colusa,011,21464,3449,3449,1074,4523,21
2022-04-11,Contra Costa,013,1133247,189654,189154,13391,202545,1296
2022-04-11,Del Norte,015,27424,5810,5811,197,6008,50
2022-04-11,El Dorado,017,186661,26800,26757,3240,29997,207
2022-04-11,Fresno,019,978130,231720,231090,24134,255224,2731
2022-04-11,Glenn,021,27897,4985,4988,1612,6600,47
2022-04-11,Humboldt,023,135768,16935,16913,2991,19904,141
2022-04-11,Imperial,025,180216,55439,55267,10840,66107,910
2022-04-11,Inyo,027,18085,4078,4071,502,4573,56
2022-04-11,Kern,029,883053,192030,191542,46358,237900,2244
2022-04-11,Kings,031,150075,51558,51519,3628,55147,443
2022-04-11,Lake,033,64148,10728,10690,902,11592,134
2022-04-11,Lassen,035,31185,8968,8948,889,9837,65
2022-04-11,Los Angeles,037,10098052,2720167,2709735,125511,2835246,31509
2022-04-11,Madera,039,155013,37307,37356,6123,43479,354
2022-04-11,Marin,041,260295,33867,33648,2455,36103,288
2022-04-11,Mariposa,043,17540,2409,2394,206,2600,29
2022-04-11,Mendocino,045,87422,13120,13087,3057,16144,120
2022-04-11,Merced,047,269075,62258,62231,8716,70947,811
2022-04-11,Modoc,049,8938,743,743,252,995,8
2022-04-11,Mono,051,14174,2978,2967,124,3091,6
2022-04-11,Monterey,053,433212,79599,79103,13980,93083,727
2022-04-11,Napa,055,140530,25980,25824,993,26817,144
2022-04-11,Nevada,057,99092,16016,15976,1217,17193,123
2022-04-11,Orange,059,3164182,548426,546983,41885,588868,6912
2022-04-11,Placer,061,380077,62967,62831,7441,70272,616
2022-04-11,Plumas,063,18699,2978,2887,371,3258,13
2022-04-11,Riverside,065,2383286,592385,591268,28261,619529,6429
2022-04-11,Sacramento,067,1510023,281606,277125,27314,304439,2972
2022-04-11,San Benito,069,59416,12923,12917,518,13435,98
2022-04-11,San Bernardino,071,2135413,567666,562571,25224,587795,6892
2022-04-11,San Diego,073,3302833,756048,754281,52708,806989,5210
2022-04-11,San Francisco,075,870044,126720,125963,8476,134439,844
2022-04-11,San Joaquin,077,732212,166680,166547,10087,176634,2212
2022-04-11,San Luis Obispo,079,281455,52641,52609,3829,56438,476
2022-04-11,San Mateo,081,765935,123205,121514,7145,128659,698
2022-04-11,Santa Barbara,083,443738,86184,85754,4811,90565,680
2022-04-11,Santa Clara,085,1922200,314022,313965,12649,326614,2266
2022-04-11,Santa Cruz,087,273765,48275,47624,2168,49792,259
2022-04-11,Shasta,089,179085,30598,30586,6161,36747,549
2022-04-11,Sierra,091,2930,274,272,48,320,4
2022-04-11,Siskiyou,093,43540,4450,4444,2759,7203,80
2022-04-11,Solano,095,438530,81769,81886,5623,87509,448
2022-04-11,Sonoma,097,501317,84224,83600,2696,86296,485
2022-04-11,Stanislaus,099,539301,117563,117528,17602,135130,1578
2022-04-11,Sutter,101,95872,20519,20591,2137,22728,223
2022-04-11,Tehama,103,63373,12053,12059,2625,14684,201
2022-04-11,Trinity,105,12862,1183,1177,295,1472,20
2022-04-11,Tulare,107,460477,106625,105278,28663,133941,1415
2022-04-11,Tuolumne,109,53932,12652,12632,569,13201,180
2022-04-11,Ventura,111,848112,173795,173343,9376,182719,1467
2022-04-11,Yolo,113,214977,37127,36587,3225,39812,312
2022-04-11,Yuba,115,75493,15864,15848,1221,17069,121
2022-04-10,Alameda,001,1643700,257980,256649,14301,270950,1826
2022-04-10,Alpine,003,1148,124,124,1,125,0
2022-04-10,Amador,005,37829,8538,8489,657,9146,86
2022-04-10,Butte,007,227075,33095,33031,6688,39719,399
2022-04-10,Calaveras,009,45235,7282,7260,356,7616,119
2022-04-10,Colusa,011,21464,3448,3449,1074,4523,21
2022-04-10,Contra Costa,013,1133247,189491,189154,13374,202528,1296
2022-04-10,Del Norte,015,27424,5807,5811,197,6008,50
2022-04-10,El Dorado,017,186661,26793,26757,3238,29995,207
2022-04-10,Fresno,019,978130,231682,231090,24132,255222,2731
2022-04-10,Glenn,021,27897,4985,4988,1612,6600,47
2022-04-10,Humboldt,023,135768,16926,16913,2990,19903,141
2022-04-10,Imperial,025,180216,55436,55267,10836,66103,910
2022-04-10,Inyo,027,18085,4078,4071,500,4571,56
2022-04-10,Kern,029,883053,192011,191542,46353,237895,2244
2022-04-10,Kings,031,150075,51556,51519,3628,55147,443
2022-04-10,Lake,033,64148,10724,10690,900,11590,134
2022-04-10,Lassen,035,31185,8967,8948,889,9837,65
2022-04-10,Los Angeles,037,10098052,2718860,2709735,125419,2835154,31509
2022-04-10,Madera,039,155013,37302,37356,6122,43478,354
2022-04-10,Marin,041,260295,33827,33648,2427,36075,288
2022-04-10,Mariposa,043,17540,2407,2394,206,2600,29
2022-04-10,Mendocino,045,87422,13112,13087,3056,16143,120
2022-04-10,Merced,047,269075,62246,62231,8713,70944,811
2022-04-10,Modoc,049,8938,743,743,252,995,8
2022-04-10,Mono,051,14174,2973,2967,124,3091,6
2022-04-10,Monterey,053,433212,79584,79103,13970,93073,727
2022-04-10,Napa,055,140530,25958,25824,991,26815,144
2022-04-10,Nevada,057,99092,15999,15976,1217,17193,123
2022-04-10,Orange,059,3164182,548173,546983,41844,588827,6912
2022-04-10,Placer,061,380077,62936,62831,7440,70271,616
2022-04-10,Plumas,063,18699,2976,2887,371,3258,13
2022-04-10,Riverside,065,2383286,592248,591268,28249,619517,6429
2022-04-10,Sacramento,067,1510023,281510,277125,27303,304428,2972
2022-04-10,San Benito,069,59416,12920,12917,518,13435,98
2022-04-10,San Bernardino,071,2135413,567433,562571,25214,587785,6892
2022-04-10,San Diego,073,3302833,755725,754281,52665,806946,5210
2022-04-10,San Francisco,075,870044,126480,125963,8461,134424,844
2022-04-10,San Joaquin,077,732212,166630,166547,10080,176627,2212
2022-04-10,San Luis Obispo,079,281455,52607,52609,3826,56435,476
2022-04-10,San Mateo,081,765935,123038,121514,7133,128647,698
2022-04-10,Santa Barbara,083,443738,86099,85754,4801,90555,680
2022-04-10,Santa Clara,085,1922200,313688,313965,12635,326600,2266
2022-04-10,Santa Cruz,087,273765,48185,47624,2165,49789,259
2022-04-10,Shasta,089,179085,30591,30586,6161,36747,549
2022-04-10,Sierra,091,2930,274,272,48,320,4
2022-04-10,Siskiyou,093,43540,4450,4444,2757,7201,80
2022-04-10,Solano,095,438530,81722,81886,5619,87505,448
2022-04-10,Sonoma,097,501317,84123,83600,2692,86292,485
2022-04-10,Stanislaus,099,539301,117539,117528,17595,135123,1578
2022-04-10,Sutter,101,95872,20515,20591,2133,22724,223
2022-04-10,Tehama,103,63373,12051,12059,2625,14684,201
2022-04-10,Trinity,105,12862,1183,1177,295,1472,20
2022-04-10,Tulare,107,460477,106609,105278,28659,133937,1415
2022-04-10,Tuolumne,109,53932,12645,12632,569,13201,180
2022-04-10,Ventura,111,848112,173717,173343,9373,182716,1467
2022-04-10,Yolo,113,214977,37108,36587,3220,39807,312
2022-04-10,Yuba,115,75493,15863,15848,1221,17069,121
2022-04-09,Alameda,001,1643700,257807,256649,14296,270945,1826
2022-04-09,Alpine,003,1148,124,124,1,125,0
2022-04-09,Amador,005,37829,8538,8489,656,9145,86
2022-04-09,Butte,007,227075,33092,33031,6688,39719,399
2022-04-09,Calaveras,009,45235,7281,7260,356,7616,119
2022-04-09,Colusa,011,21464,3447,3449,1074,4523,21
2022-04-09,Contra Costa,013,1133247,189396,189154,13366,202520,1296
2022-04-09,Del Norte,015,27424,5806,5811,197,6008,50
2022-04-09,El Dorado,017,186661,26786,26757,3238,29995,207
2022-04-09,Fresno,019,978130,231661,231090,24132,255222,2731
2022-04-09,Glenn,021,27897,4985,4988,1612,6600,47
2022-04-09,Humboldt,023,135768,16919,16913,2990,19903,141
2022-04-09,Imperial,025,180216,55432,55267,10835,66102,910
2022-04-09,Inyo,027,18085,4078,4071,500,4571,56
2022-04-09,Kern,029,883053,192001,191542,46348,237890,2244
2022-04-09,Kings,031,150075,51550,51519,3628,55147,443
2022-04-09,Lake,033,64148,10722,10690,900,11590,134
2022-04-09,Lassen,035,31185,8967,8948,889,9837,65
2022-04-09,Los Angeles,037,10098052,2718189,2709735,125350,2835085,31509
2022-04-09,Madera,039,155013,37299,37356,6122,43478,354
2022-04-09,Marin,041,260295,33793,33648,2384,36032,288
2022-04-09,Mariposa,043,17540,2407,2394,206,2600,29
2022-04-09,Mendocino,045,87422,13111,13087,3056,16143,120
2022-04-09,Merced,047,269075,62230,62231,8711,70942,811
2022-04-09,Modoc,049,8938,743,743,252,995,8
2022-04-09,Mono,051,14174,2972,2967,124,3091,6
2022-04-09,Monterey,053,433212,79575,79103,13966,93069,727
2022-04-09,Napa,055,140530,25934,25824,991,26815,144
2022-04-09,Nevada,057,99092,15996,15976,1217,17193,123
2022-04-09,Orange,059,3164182,548049,546983,41823,588806,6912
2022-04-09,Placer,061,380077,62920,62831,7438,70269,616
2022-04-09,Plumas,063,18699,2976,2887,371,3258,13
2022-04-09,Riverside,065,2383286,592158,591268,28239,619507,6429
2022-04-09,Sacramento,067,1510023,281463,277125,27301,304426,2972
2022-04-09,San Benito,069,59416,12919,12917,518,13435,98
2022-04-09,San Bernardino,071,2135413,567369,562571,25209,587780,6892
2022-04-09,San Diego,073,3302833,755577,754281,52651,806932,5210
2022-04-09,San Francisco,075,870044,126359,125963,8455,134418,844
2022-04-09,San Joaquin,077,732212,166616,166547,10077,176624,2212
2022-04-09,San Luis Obispo,079,281455,52607,52609,3823,56432,476
2022-04-09,San Mateo,081,765935,122948,121514,7127,128641,698
2022-04-09,Santa Barbara,083,443738,86067,85754,4801,90555,680
2022-04-09,Santa Clara,085,1922200,313496,313965,12631,326596,2266
2022-04-09,Santa Cruz,087,273765,48152,47624,2163,49787,259
2022-04-09,Shasta,089,179085,30589,30586,6161,36747,549
2022-04-09,Sierra,091,2930,274,272,48,320,4
2022-04-09,Siskiyou,093,43540,4449,4444,2756,7200,80
2022-04-09,Solano,095,438530,81704,81886,5618,87504,448
2022-04-09,Sonoma,097,501317,84085,83600,2688,86288,485
2022-04-09,Stanislaus,099,539301,117526,117528,17593,135121,1578
2022-04-09,Sutter,101,95872,20514,20591,2133,22724,223
2022-04-09,Tehama,103,63373,12051,12059,2625,14684,201
2022-04-09,Trinity,105,12862,1183,1177,295,1472,20
2022-04-09,Tulare,107,460477,106606,105278,28657,133935,1415
2022-04-09,Tuolumne,109,53932,12643,12632,569,13201,180
2022-04-09,Ventura,111,848112,173681,173343,9370,182713,1467
2022-04-09,Yolo,113,214977,37091,36587,3220,39807,312
2022-04-09,Yuba,115,75493,15861,15848,1221,17069,121
2022-04-08,Alameda,001,1643700,257648,256649,14290,270939,1826
2022-04-08,Alpine,003,1148,124,124,1,125,0
2022-04-08,Amador,005,37829,8536,8489,655,9144,86
2022-04-08,Butte,007,227075,33086,33031,6685,39716,399
2022-04-08,Calaveras,009,45235,7279,7260,356,7616,119
2022-04-08,Colusa,011,21464,3447,3449,1074,4523,21
2022-04-08,Contra Costa,013,1133247,189320,189154,13356,202510,1296
2022-04-08,Del Norte,015,27424,5804,5811,197,6008,50
2022-04-08,El Dorado,017,186661,26784,26757,3238,29995,207
2022-04-08,Fresno,019,978130,231640,231090,24131,255221,2731
2022-04-08,Glenn,021,27897,4985,4988,1612,6600,47
2022-04-08,Humboldt,023,135768,16915,16913,2988,19901,141
2022-04-08,Imperial,025,180216,55428,55267,10835,66102,910
2022-04-08,Inyo,027,18085,4077,4071,499,4570,56
2022-04-08,Kern,029,883053,191983,191542,46347,237889,2244
2022-04-08,Kings,031,150075,51545,51519,3628,55147,443
2022-04-08,Lake,033,64148,10722,10690,900,11590,134
2022-04-08,Lassen,035,31185,8967,8948,889,9837,65
2022-04-08,Los Angeles,037,10098052,2717564,2709735,125296,2835031,31509
2022-04-08,Madera,039,155013,37297,37356,6121,43477,354
2022-04-08,Marin,041,260295,33774,33648,2368,36016,288
2022-04-08,Mariposa,043,17540,2407,2394,206,2600,29
2022-04-08,Mendocino,045,87422,13109,13087,3056,16143,120
2022-04-08,Merced,047,269075,62223,62231,8709,70940,811
2022-04-08,Modoc,049,8938,743,743,252,995,8
2022-04-08,Mono,051,14174,2971,2967,124,3091,6
2022-04-08,Monterey,053,433212,79565,79103,13965,93068,727
2022-04-08,Napa,055,140530,25922,25824,984,26808,144
2022-04-08,Nevada,057,99092,15993,15976,1216,17192,123
2022-04-08,Orange,059,3164182,547929,546983,41808,588791,6912
2022-04-08,Placer,061,380077,62902,62831,7436,70267,616
2022-04-08,Plumas,063,18699,2973,2887,371,3258,13
2022-04-08,Riverside,065,2383286,592079,591268,28236,619504,6429
2022-04-08,Sacramento,067,1510023,281416,277125,27299,304424,2972
2022-04-08,San Benito,069,59416,12919,12917,518,13435,98
2022-04-08,San Bernardino,071,2135413,567316,562571,25206,587777,6892
2022-04-08,San Diego,073,3302833,755409,754281,52643,806924,5210
2022-04-08,San Francisco,075,870044,126262,125963,8451,134414,844
2022-04-08,San Joaquin,077,732212,166599,166547,10075,176622,2212
2022-04-08,San Luis Obispo,079,281455,52602,52609,3823,56432,476
2022-04-08,San Mateo,081,765935,122844,121514,7122,128636,698
2022-04-08,Santa Barbara,083,443738,86046,85754,4801,90555,680
2022-04-08,Santa Clara,085,1922200,313316,313965,12624,326589,2266
2022-04-08,Santa Cruz,087,273765,48135,47624,2160,49784,259
2022-04-08,Shasta,089,179085,30586,30586,6161,36747,549
2022-04-08,Sierra,091,2930,274,272,48,320,4
2022-04-08,Siskiyou,093,43540,4449,4444,2756,7200,80
2022-04-08,Solano,095,438530,81684,81886,5617,87503,448
2022-04-08,Sonoma,097,501317,84034,83600,2683,86283,485
2022-04-08,Stanislaus,099,539301,117511,117528,17592,135120,1578
2022-04-08,Sutter,101,95872,20514,20591,2133,22724,223
2022-04-08,Tehama,103,63373,12051,12059,2625,14684,201
2022-04-08,Trinity,105,12862,1183,1177,295,1472,20
2022-04-08,Tulare,107,460477,106602,105278,28653,133931,1415
2022-04-08,Tuolumne,109,53932,12642,12632,569,13201,180
2022-04-08,Ventura,111,848112,173651,173343,9368,182711,1467
2022-04-08,Yolo,113,214977,37083,36587,3219,39806,312
2022-04-08,Yuba,115,75493,15860,15848,1221,17069,121
2022-04-07,Alameda,001,1643700,257455,256649,14282,270931,1826
2022-04-07,Alpine,003,1148,124,124,1,125,0
2022-04-07,Amador,005,37829,8535,8489,653,9142,86
2022-04-07,Butte,007,227075,33083,33031,6684,39715,399
2022-04-07,Calaveras,009,45235,7277,7260,356,7616,119
2022-04-07,Colusa,011,21464,3446,3449,1074,4523,21
2022-04-07,Contra Costa,013,1133247,189200,189154,13345,202499,1296
2022-04-07,Del Norte,015,27424,5803,5811,197,6008,50
2022-04-07,El Dorado,017,186661,26772,26757,3236,29993,207
2022-04-07,Fresno,019,978130,231614,231090,24129,255219,2731
2022-04-07,Glenn,021,27897,4983,4988,1611,6599,47
2022-04-07,Humboldt,023,135768,16908,16913,2986,19899,141
2022-04-07,Imperial,025,180216,55426,55267,10832,66099,910
2022-04-07,Inyo,027,18085,4077,4071,499,4570,56
2022-04-07,Kern,029,883053,191959,191542,46344,237886,2244
2022-04-07,Kings,031,150075,51537,51519,3628,55147,443
2022-04-07,Lake,033,64148,10718,10690,900,11590,134
2022-04-07,Lassen,035,31185,8967,8948,889,9837,65
2022-04-07,Los Angeles,037,10098052,2716653,2709735,125220,2834955,31509
2022-04-07,Madera,039,155013,37292,37356,6121,43477,354
2022-04-07,Marin,041,260295,33756,33648,2348,35996,288
2022-04-07,Mariposa,043,17540,2404,2394,205,2599,29
2022-04-07,Mendocino,045,87422,13105,13087,3055,16142,120
2022-04-07,Merced,047,269075,62214,62231,8705,70936,811
2022-04-07,Modoc,049,8938,743,743,252,995,8
2022-04-07,Mono,051,14174,2971,2967,123,3090,6
2022-04-07,Monterey,053,433212,79545,79103,13961,93064,727
2022-04-07,Napa,055,140530,25905,25824,980,26804,144
2022-04-07,Nevada,057,99092,15986,15976,1215,17191,123
2022-04-07,Orange,059,3164182,547775,546983,41778,588761,6912
2022-04-07,Placer,061,380077,62886,62831,7433,70264,616
2022-04-07,Plumas,063,18699,2973,2887,371,3258,13
2022-04-07,Riverside,065,2383286,591973,591268,28223,619491,6429
2022-04-07,Sacramento,067,1510023,281352,277125,27292,304417,2972
2022-04-07,San Benito,069,59416,12918,12917,518,13435,98
2022-04-07,San Bernardino,071,2135413,567154,562571,25194,587765,6892
2022-04-07,San Diego,073,3302833,755142,754281,52616,806897,5210
2022-04-07,San Francisco,075,870044,126106,125963,8435,134398,844
2022-04-07,San Joaquin,077,732212,166561,166547,10072,176619,2212
2022-04-07,San Luis Obispo,079,281455,52584,52609,3821,56430,476
2022-04-07,San Mateo,081,765935,122723,121514,7106,128620,698
2022-04-07,Santa Barbara,083,443738,86003,85754,4799,90553,680
2022-04-07,Santa Clara,085,1922200,313094,313965,12612,326577,2266
2022-04-07,Santa Cruz,087,273765,48116,47624,2156,49780,259
2022-04-07,Shasta,089,179085,30585,30586,6161,36747,549
2022-04-07,Sierra,091,2930,274,272,48,320,4
2022-04-07,Siskiyou,093,43540,4449,4444,2754,7198,80
2022-04-07,Solano,095,438530,81654,81886,5616,87502,448
2022-04-07,Sonoma,097,501317,83990,83600,2677,86277,485
2022-04-07,Stanislaus,099,539301,117489,117528,17588,135116,1578
2022-04-07,Sutter,101,95872,20511,20591,2132,22723,223
2022-04-07,Tehama,103,63373,12048,12059,2625,14684,201
2022-04-07,Trinity,105,12862,1183,1177,295,1472,20
2022-04-07,Tulare,107,460477,106596,105278,28651,133929,1415
2022-04-07,Tuolumne,109,53932,12640,12632,568,13200,180
2022-04-07,Ventura,111,848112,173622,173343,9366,182709,1467
2022-04-07,Yolo,113,214977,37069,36587,3219,39806,312
2022-04-07,Yuba,115,75493,15858,15848,1221,17069,121
2022-04-06,Alameda,001,1643700,257267,256143,14275,270418,1814
2022-04-06,Alpine,003,1148,124,124,1,125,0
2022-04-06,Amador,005,37829,8534,8488,653,9141,86
2022-04-06,Butte,007,227075,33078,32997,6682,39679,396
2022-04-06,Calaveras,009,45235,7275,7258,356,7614,120
2022-04-06,Colusa,011,21464,3446,3447,1074,4521,21
2022-04-06,Contra Costa,013,1133247,189133,188850,13330,202180,1296
2022-04-06,Del Norte,015,27424,5802,5809,197,6006,50
2022-04-06,El Dorado,017,186661,26769,26744,3236,29980,205
2022-04-06,Fresno,019,978130,231576,230942,24127,255069,2725
2022-04-06,Glenn,021,27897,4983,4986,1610,6596,47
2022-04-06,Humboldt,023,135768,16904,16904,2985,19889,140
2022-04-06,Imperial,025,180216,55419,55294,10832,66126,908
2022-04-06,Inyo,027,18085,4076,4068,497,4565,56
2022-04-06,Kern,029,883053,191937,191449,46341,237790,2234
2022-04-06,Kings,031,150075,51536,51491,3627,55118,443
2022-04-06,Lake,033,64148,10714,10679,900,11579,136
2022-04-06,Lassen,035,31185,8967,8945,889,9834,65
2022-04-06,Los Angeles,037,10098052,2715610,2707306,125156,2832462,31465
2022-04-06,Madera,039,155013,37287,37349,6121,43470,354
2022-04-06,Marin,041,260295,33736,33566,2340,35906,288
2022-04-06,Mariposa,043,17540,2403,2392,205,2597,29
2022-04-06,Mendocino,045,87422,13101,13074,3054,16128,119
2022-04-06,Merced,047,269075,62205,62195,8702,70897,810
2022-04-06,Modoc,049,8938,743,741,252,993,8
2022-04-06,Mono,051,14174,2970,2967,123,3090,6
2022-04-06,Monterey,053,433212,79531,79019,13951,92970,727
2022-04-06,Napa,055,140530,25886,25790,977,26767,143
2022-04-06,Nevada,057,99092,15984,15974,1215,17189,123
2022-04-06,Orange,059,3164182,547603,546491,41751,588242,6887
2022-04-06,Placer,061,380077,62880,62787,7432,70219,615
2022-04-06,Plumas,063,18699,2973,2850,371,3221,13
2022-04-06,Riverside,065,2383286,591877,590826,28218,619044,6424
2022-04-06,Sacramento,067,1510023,281273,276567,27288,303855,2953
2022-04-06,San Benito,069,59416,12917,12908,518,13426,98
2022-04-06,San Bernardino,071,2135413,567020,561648,25192,586840,6883
2022-04-06,San Diego,073,3302833,754845,753402,52580,805982,5192
2022-04-06,San Francisco,075,870044,125948,125536,8428,133964,843
2022-04-06,San Joaquin,077,732212,166530,166415,10069,176484,2207
2022-04-06,San Luis Obispo,079,281455,52562,52557,3819,56376,475
2022-04-06,San Mateo,081,765935,122615,121041,7094,128135,693
2022-04-06,Santa Barbara,083,443738,85964,85630,4795,90425,679
2022-04-06,Santa Clara,085,1922200,312897,313278,12589,325867,2265
2022-04-06,Santa Cruz,087,273765,48061,47446,2150,49596,259
2022-04-06,Shasta,089,179085,30584,30565,6161,36726,529
2022-04-06,Sierra,091,2930,274,272,48,320,4
2022-04-06,Siskiyou,093,43540,4449,4442,2754,7196,80
2022-04-06,Solano,095,438530,81621,81789,5611,87400,447
2022-04-06,Sonoma,097,501317,83930,83361,2670,86031,485
2022-04-06,Stanislaus,099,539301,117473,117534,17582,135116,1578
2022-04-06,Sutter,101,95872,20506,20581,2132,22713,222
2022-04-06,Tehama,103,63373,12048,12049,2625,14674,198
2022-04-06,Trinity,105,12862,1183,1173,295,1468,20
2022-04-06,Tulare,107,460477,106590,104826,28646,133472,1414
2022-04-06,Tuolumne,109,53932,12638,12621,568,13189,180
2022-04-06,Ventura,111,848112,173568,173179,9362,182541,1460
2022-04-06,Yolo,113,214977,37047,36393,3218,39611,314
2022-04-06,Yuba,115,75493,15854,15839,1221,17060,121
2022-04-05,Alameda,001,1643700,257051,256143,14266,270409,1814
2022-04-05,Alpine,003,1148,124,124,1,125,0
2022-04-05,Amador,005,37829,8532,8488,653,9141,86
2022-04-05,Butte,007,227075,33072,32997,6678,39675,396
2022-04-05,Calaveras,009,45235,7271,7258,356,7614,120
2022-04-05,Colusa,011,21464,3444,3447,1073,4520,21
2022-04-05,Contra Costa,013,1133247,189038,188850,13325,202175,1296
2022-04-05,Del Norte,015,27424,5800,5809,197,6006,50
2022-04-05,El Dorado,017,186661,26757,26744,3236,29980,205
2022-04-05,Fresno,019,978130,231544,230942,24120,255062,2725
2022-04-05,Glenn,021,27897,4983,4986,1609,6595,47
2022-04-05,Humboldt,023,135768,16898,16904,2985,19889,140
2022-04-05,Imperial,025,180216,55417,55294,10832,66126,908
2022-04-05,Inyo,027,18085,4075,4068,496,4564,56
2022-04-05,Kern,029,883053,191916,191449,46338,237787,2234
2022-04-05,Kings,031,150075,51533,51491,3627,55118,443
2022-04-05,Lake,033,64148,10711,10679,900,11579,136
2022-04-05,Lassen,035,31185,8967,8945,889,9834,65
2022-04-05,Los Angeles,037,10098052,2714553,2707306,125081,2832387,31465
2022-04-05,Madera,039,155013,37280,37349,6119,43468,354
2022-04-05,Marin,041,260295,33681,33566,2325,35891,288
2022-04-05,Mariposa,043,17540,2403,2392,205,2597,29
2022-04-05,Mendocino,045,87422,13095,13074,3053,16127,119
2022-04-05,Merced,047,269075,62194,62195,8695,70890,810
2022-04-05,Modoc,049,8938,743,741,252,993,8
2022-04-05,Mono,051,14174,2969,2967,123,3090,6
2022-04-05,Monterey,053,433212,79507,79019,13939,92958,727
2022-04-05,Napa,055,140530,25877,25790,972,26762,143
2022-04-05,Nevada,057,99092,15976,15974,1215,17189,123
2022-04-05,Orange,059,3164182,547419,546491,41722,588213,6887
2022-04-05,Placer,061,380077,62854,62787,7432,70219,615
2022-04-05,Plumas,063,18699,2973,2850,371,3221,13
2022-04-05,Riverside,065,2383286,591759,590826,28206,619032,6424
2022-04-05,Sacramento,067,1510023,281195,276567,27283,303850,2953
2022-04-05,San Benito,069,59416,12909,12908,518,13426,98
2022-04-05,San Bernardino,071,2135413,566886,561648,25180,586828,6883
2022-04-05,San Diego,073,3302833,754533,753402,52537,805939,5192
2022-04-05,San Francisco,075,870044,125745,125536,8420,133956,843
2022-04-05,San Joaquin,077,732212,166487,166415,10066,176481,2207
2022-04-05,San Luis Obispo,079,281455,52545,52557,3814,56371,475
2022-04-05,San Mateo,081,765935,122498,121041,7083,128124,693
2022-04-05,Santa Barbara,083,443738,85928,85630,4793,90423,679
2022-04-05,Santa Clara,085,1922200,312636,313278,12576,325854,2265
2022-04-05,Santa Cruz,087,273765,47994,47446,2147,49593,259
2022-04-05,Shasta,089,179085,30584,30565,6159,36724,529
2022-04-05,Sierra,091,2930,274,272,48,320,4
2022-04-05,Siskiyou,093,43540,4449,4442,2754,7196,80
2022-04-05,Solano,095,438530,81571,81789,5608,87397,447
2022-04-05,Sonoma,097,501317,83866,83361,2661,86022,485
2022-04-05,Stanislaus,099,539301,117459,117534,17573,135107,1578
2022-04-05,Sutter,101,95872,20502,20581,2131,22712,222
2022-04-05,Tehama,103,63373,12046,12049,2624,14673,198
2022-04-05,Trinity,105,12862,1183,1173,295,1468,20
2022-04-05,Tulare,107,460477,106579,104826,28643,133469,1414
2022-04-05,Tuolumne,109,53932,12636,12621,568,13189,180
2022-04-05,Ventura,111,848112,173512,173179,9356,182535,1460
2022-04-05,Yolo,113,214977,37034,36393,3215,39608,314
2022-04-05,Yuba,115,75493,15852,15839,1221,17060,121
2022-04-04,Alameda,001,1643700,256816,256143,14252,270395,1814
2022-04-04,Alpine,003,1148,124,124,1,125,0
2022-04-04,Amador,005,37829,8531,8488,652,9140,86
2022-04-04,Butte,007,227075,33067,32997,6675,39672,396
2022-04-04,Calaveras,009,45235,7271,7258,356,7614,120
2022-04-04,Colusa,011,21464,3443,3447,1073,4520,21
2022-04-04,Contra Costa,013,1133247,188938,188850,13321,202171,1296
2022-04-04,Del Norte,015,27424,5800,5809,197,6006,50
2022-04-04,El Dorado,017,186661,26752,26744,3235,29979,205
2022-04-04,Fresno,019,978130,231527,230942,24116,255058,2725
2022-04-04,Glenn,021,27897,4982,4986,1609,6595,47
2022-04-04,Humboldt,023,135768,16890,16904,2980,19884,140
2022-04-04,Imperial,025,180216,55413,55294,10832,66126,908
2022-04-04,Inyo,027,18085,4075,4068,494,4562,56
2022-04-04,Kern,029,883053,191894,191449,46332,237781,2234
2022-04-04,Kings,031,150075,51526,51491,3627,55118,443
2022-04-04,Lake,033,64148,10706,10679,900,11579,136
2022-04-04,Lassen,035,31185,8967,8945,889,9834,65
2022-04-04,Los Angeles,037,10098052,2713446,2707306,125035,2832341,31465
2022-04-04,Madera,039,155013,37276,37349,6119,43468,354
2022-04-04,Marin,041,260295,33664,33566,2316,35882,288
2022-04-04,Mariposa,043,17540,2402,2392,205,2597,29
2022-04-04,Mendocino,045,87422,13089,13074,3053,16127,119
2022-04-04,Merced,047,269075,62184,62195,8690,70885,810
2022-04-04,Modoc,049,8938,743,741,252,993,8
2022-04-04,Mono,051,14174,2969,2967,123,3090,6
2022-04-04,Monterey,053,433212,79491,79019,13933,92952,727
2022-04-04,Napa,055,140530,25860,25790,972,26762,143
2022-04-04,Nevada,057,99092,15972,15974,1215,17189,123
2022-04-04,Orange,059,3164182,547253,546491,41696,588187,6887
2022-04-04,Placer,061,380077,62843,62787,7431,70218,615
2022-04-04,Plumas,063,18699,2972,2850,371,3221,13
2022-04-04,Riverside,065,2383286,591665,590826,28194,619020,6424
2022-04-04,Sacramento,067,1510023,281101,276567,27273,303840,2953
2022-04-04,San Benito,069,59416,12906,12908,518,13426,98
2022-04-04,San Bernardino,071,2135413,566753,561648,25173,586821,6883
2022-04-04,San Diego,073,3302833,754212,753402,52502,805904,5192
2022-04-04,San Francisco,075,870044,125544,125536,8411,133947,843
2022-04-04,San Joaquin,077,732212,166461,166415,10063,176478,2207
2022-04-04,San Luis Obispo,079,281455,52522,52557,3812,56369,475
2022-04-04,San Mateo,081,765935,122361,121041,7069,128110,693
2022-04-04,Santa Barbara,083,443738,85883,85630,4792,90422,679
2022-04-04,Santa Clara,085,1922200,312368,313278,12564,325842,2265
2022-04-04,Santa Cruz,087,273765,47946,47446,2146,49592,259
2022-04-04,Shasta,089,179085,30581,30565,6158,36723,529
2022-04-04,Sierra,091,2930,274,272,48,320,4
2022-04-04,Siskiyou,093,43540,4449,4442,2754,7196,80
2022-04-04,Solano,095,438530,81527,81789,5605,87394,447
2022-04-04,Sonoma,097,501317,83811,83361,2654,86015,485
2022-04-04,Stanislaus,099,539301,117437,117534,17566,135100,1578
2022-04-04,Sutter,101,95872,20499,20581,2131,22712,222
2022-04-04,Tehama,103,63373,12044,12049,2624,14673,198
2022-04-04,Trinity,105,12862,1183,1173,295,1468,20
2022-04-04,Tulare,107,460477,106570,104826,28639,133465,1414
2022-04-04,Tuolumne,109,53932,12630,12621,568,13189,180
2022-04-04,Ventura,111,848112,173469,173179,9354,182533,1460
2022-04-04,Yolo,113,214977,37024,36393,3213,39606,314
2022-04-04,Yuba,115,75493,15850,15839,1221,17060,121
2022-04-03,Alameda,001,1643700,256556,255650,14250,269900,1813
2022-04-03,Alpine,003,1148,124,124,1,125,0
2022-04-03,Amador,005,37829,8531,8485,652,9137,86
2022-04-03,Butte,007,227075,33060,32981,6673,39654,396
2022-04-03,Calaveras,009,45235,7271,7254,356,7610,119
2022-04-03,Colusa,011,21464,3443,3445,1073,4518,21
2022-04-03,Contra Costa,013,1133247,188832,188658,13312,201970,1291
2022-04-03,Del Norte,015,27424,5800,5812,197,6009,50
2022-04-03,El Dorado,017,186661,26738,26732,3234,29966,200
2022-04-03,Fresno,019,978130,231494,230559,24113,254672,2722
2022-04-03,Glenn,021,27897,4982,4982,1609,6591,47
2022-04-03,Humboldt,023,135768,16885,16898,2980,19878,140
2022-04-03,Imperial,025,180216,55411,55266,10829,66095,908
2022-04-03,Inyo,027,18085,4073,4063,494,4557,56
2022-04-03,Kern,029,883053,191869,191384,46327,237711,2224
2022-04-03,Kings,031,150075,51520,51470,3625,55095,443
2022-04-03,Lake,033,64148,10704,10674,900,11574,136
2022-04-03,Lassen,035,31185,8966,8943,889,9832,65
2022-04-03,Los Angeles,037,10098052,2712246,2703576,124951,2828527,31410
2022-04-03,Madera,039,155013,37274,37333,6117,43450,354
2022-04-03,Marin,041,260295,33629,33493,2307,35800,287
2022-04-03,Mariposa,043,17540,2401,2391,205,2596,29
2022-04-03,Mendocino,045,87422,13083,13058,3051,16109,119
2022-04-03,Merced,047,269075,62169,62149,8686,70835,808
2022-04-03,Modoc,049,8938,742,741,252,993,8
2022-04-03,Mono,051,14174,2969,2967,123,3090,6
2022-04-03,Monterey,053,433212,79473,78964,13909,92873,726
2022-04-03,Napa,055,140530,25840,25757,971,26728,143
2022-04-03,Nevada,057,99092,15966,15962,1215,17177,123
2022-04-03,Orange,059,3164182,547052,546047,41670,587717,6880
2022-04-03,Placer,061,380077,62817,62740,7426,70166,614
2022-04-03,Plumas,063,18699,2971,2803,371,3174,14
2022-04-03,Riverside,065,2383286,591508,590563,28177,618740,6418
2022-04-03,Sacramento,067,1510023,281026,276218,27259,303477,2950
2022-04-03,San Benito,069,59416,12902,12901,518,13419,98
2022-04-03,San Bernardino,071,2135413,566604,561362,25168,586530,6865
2022-04-03,San Diego,073,3302833,753880,752281,52465,804746,5178
2022-04-03,San Francisco,075,870044,125315,125075,8405,133480,843
2022-04-03,San Joaquin,077,732212,166404,166336,10058,176394,2202
2022-04-03,San Luis Obispo,079,281455,52503,52512,3812,56324,475
2022-04-03,San Mateo,081,765935,122220,120717,7062,127779,693
2022-04-03,Santa Barbara,083,443738,85839,85611,4790,90401,678
2022-04-03,Santa Clara,085,1922200,312068,312517,12554,325071,2258
2022-04-03,Santa Cruz,087,273765,47891,47371,2144,49515,259
2022-04-03,Shasta,089,179085,30571,30556,6157,36713,530
2022-04-03,Sierra,091,2930,274,273,48,321,4
2022-04-03,Siskiyou,093,43540,4449,4439,2754,7193,80
2022-04-03,Solano,095,438530,81486,81848,5600,87448,446
2022-04-03,Sonoma,097,501317,83733,83235,2647,85882,485
2022-04-03,Stanislaus,099,539301,117407,117536,17561,135097,1581
2022-04-03,Sutter,101,95872,20496,20570,2131,22701,222
2022-04-03,Tehama,103,63373,12041,12046,2624,14670,198
2022-04-03,Trinity,105,12862,1183,1173,295,1468,20
2022-04-03,Tulare,107,460477,106563,104736,28630,133366,1410
2022-04-03,Tuolumne,109,53932,12629,12618,568,13186,180
2022-04-03,Ventura,111,848112,173418,173044,9351,182395,1460
2022-04-03,Yolo,113,214977,37006,36347,3211,39558,313
2022-04-03,Yuba,115,75493,15848,15835,1221,17056,120
2022-04-02,Alameda,001,1643700,256452,255650,14249,269899,1813
2022-04-02,Alpine,003,1148,124,124,1,125,0
2022-04-02,Amador,005,37829,8531,8485,652,9137,86
2022-04-02,Butte,007,227075,33056,32981,6673,39654,396
2022-04-02,Calaveras,009,45235,7271,7254,356,7610,119
2022-04-02,Colusa,011,21464,3443,3445,1073,4518,21
2022-04-02,Contra Costa,013,1133247,188776,188658,13309,201967,1291
2022-04-02,Del Norte,015,27424,5799,5812,197,6009,50
2022-04-02,El Dorado,017,186661,26735,26732,3234,29966,200
2022-04-02,Fresno,019,978130,231465,230559,24113,254672,2722
2022-04-02,Glenn,021,27897,4982,4982,1609,6591,47
2022-04-02,Humboldt,023,135768,16881,16898,2980,19878,140
2022-04-02,Imperial,025,180216,55407,55266,10829,66095,908
2022-04-02,Inyo,027,18085,4073,4063,494,4557,56
2022-04-02,Kern,029,883053,191856,191384,46323,237707,2224
2022-04-02,Kings,031,150075,51517,51470,3625,55095,443
2022-04-02,Lake,033,64148,10703,10674,900,11574,136
2022-04-02,Lassen,035,31185,8966,8943,889,9832,65
2022-04-02,Los Angeles,037,10098052,2711750,2703576,124911,2828487,31410
2022-04-02,Madera,039,155013,37271,37333,6117,43450,354
2022-04-02,Marin,041,260295,33605,33493,2299,35792,287
2022-04-02,Mariposa,043,17540,2400,2391,205,2596,29
2022-04-02,Mendocino,045,87422,13081,13058,3051,16109,119
2022-04-02,Merced,047,269075,62166,62149,8686,70835,808
2022-04-02,Modoc,049,8938,742,741,252,993,8
2022-04-02,Mono,051,14174,2969,2967,122,3089,6
2022-04-02,Monterey,053,433212,79460,78964,13904,92868,726
2022-04-02,Napa,055,140530,25826,25757,970,26727,143
2022-04-02,Nevada,057,99092,15962,15962,1214,17176,123
2022-04-02,Orange,059,3164182,546948,546047,41657,587704,6880
2022-04-02,Placer,061,380077,62807,62740,7424,70164,614
2022-04-02,Plumas,063,18699,2971,2803,371,3174,14
2022-04-02,Riverside,065,2383286,591433,590563,28172,618735,6418
2022-04-02,Sacramento,067,1510023,280989,276218,27258,303476,2950
2022-04-02,San Benito,069,59416,12901,12901,518,13419,98
2022-04-02,San Bernardino,071,2135413,566553,561362,25164,586526,6865
2022-04-02,San Diego,073,3302833,753754,752281,52457,804738,5178
2022-04-02,San Francisco,075,870044,125214,125075,8395,133470,843
2022-04-02,San Joaquin,077,732212,166384,166336,10056,176392,2202
2022-04-02,San Luis Obispo,079,281455,52498,52512,3812,56324,475
2022-04-02,San Mateo,081,765935,122127,120717,7053,127770,693
2022-04-02,Santa Barbara,083,443738,85820,85611,4789,90400,678
2022-04-02,Santa Clara,085,1922200,311904,312517,12550,325067,2258
2022-04-02,Santa Cruz,087,273765,47879,47371,2143,49514,259
2022-04-02,Shasta,089,179085,30570,30556,6157,36713,530
2022-04-02,Sierra,091,2930,274,273,48,321,4
2022-04-02,Siskiyou,093,43540,4448,4439,2753,7192,80
2022-04-02,Solano,095,438530,81471,81848,5600,87448,446
2022-04-02,Sonoma,097,501317,83685,83235,2641,85876,485
2022-04-02,Stanislaus,099,539301,117397,117536,17559,135095,1581
2022-04-02,Sutter,101,95872,20491,20570,2131,22701,222
2022-04-02,Tehama,103,63373,12041,12046,2624,14670,198
2022-04-02,Trinity,105,12862,1183,1173,295,1468,20
2022-04-02,Tulare,107,460477,106560,104736,28630,133366,1410
2022-04-02,Tuolumne,109,53932,12627,12618,568,13186,180
2022-04-02,Ventura,111,848112,173379,173044,9351,182395,1460
2022-04-02,Yolo,113,214977,36997,36347,3208,39555,313
2022-04-02,Yuba,115,75493,15847,15835,1221,17056,120
2022-04-01,Alameda,001,1643700,256338,255650,14245,269895,1813
2022-04-01,Alpine,003,1148,124,124,1,125,0
2022-04-01,Amador,005,37829,8531,8485,652,9137,86
2022-04-01,Butte,007,227075,33052,32981,6669,39650,396
2022-04-01,Calaveras,009,45235,7269,7254,356,7610,119
2022-04-01,Colusa,011,21464,3442,3445,1073,4518,21
2022-04-01,Contra Costa,013,1133247,188724,188658,13308,201966,1291
2022-04-01,Del Norte,015,27424,5797,5812,197,6009,50
2022-04-01,El Dorado,017,186661,26732,26732,3233,29965,200
2022-04-01,Fresno,019,978130,231439,230559,24111,254670,2722
2022-04-01,Glenn,021,27897,4982,4982,1609,6591,47
2022-04-01,Humboldt,023,135768,16879,16898,2980,19878,140
2022-04-01,Imperial,025,180216,55405,55266,10829,66095,908
2022-04-01,Inyo,027,18085,4071,4063,493,4556,56
2022-04-01,Kern,029,883053,191845,191384,46320,237704,2224
2022-04-01,Kings,031,150075,51514,51470,3625,55095,443
2022-04-01,Lake,033,64148,10701,10674,900,11574,136
2022-04-01,Lassen,035,31185,8965,8943,889,9832,65
2022-04-01,Los Angeles,037,10098052,2711250,2703576,124868,2828444,31410
2022-04-01,Madera,039,155013,37270,37333,6117,43450,354
2022-04-01,Marin,041,260295,33587,33493,2292,35785,287
2022-04-01,Mariposa,043,17540,2397,2391,205,2596,29
2022-04-01,Mendocino,045,87422,13078,13058,3051,16109,119
2022-04-01,Merced,047,269075,62158,62149,8684,70833,808
2022-04-01,Modoc,049,8938,742,741,252,993,8
2022-04-01,Mono,051,14174,2969,2967,122,3089,6
2022-04-01,Monterey,053,433212,79443,78964,13901,92865,726
2022-04-01,Napa,055,140530,25818,25757,970,26727,143
2022-04-01,Nevada,057,99092,15962,15962,1213,17175,123
2022-04-01,Orange,059,3164182,546840,546047,41647,587694,6880
2022-04-01,Placer,061,380077,62793,62740,7424,70164,614
2022-04-01,Plumas,063,18699,2971,2803,370,3173,14
2022-04-01,Riverside,065,2383286,591369,590563,28158,618721,6418
2022-04-01,Sacramento,067,1510023,280950,276218,27254,303472,2950
2022-04-01,San Benito,069,59416,12900,12901,518,13419,98
2022-04-01,San Bernardino,071,2135413,566498,561362,25160,586522,6865
2022-04-01,San Diego,073,3302833,753604,752281,52442,804723,5178
2022-04-01,San Francisco,075,870044,125104,125075,8388,133463,843
2022-04-01,San Joaquin,077,732212,166364,166336,10054,176390,2202
2022-04-01,San Luis Obispo,079,281455,52492,52512,3811,56323,475
2022-04-01,San Mateo,081,765935,122065,120717,7047,127764,693
2022-04-01,Santa Barbara,083,443738,85798,85611,4788,90399,678
2022-04-01,Santa Clara,085,1922200,311754,312517,12549,325066,2258
2022-04-01,Santa Cruz,087,273765,47864,47371,2141,49512,259
2022-04-01,Shasta,089,179085,30569,30556,6157,36713,530
2022-04-01,Sierra,091,2930,274,273,48,321,4
2022-04-01,Siskiyou,093,43540,4448,4439,2752,7191,80
2022-04-01,Solano,095,438530,81456,81848,5600,87448,446
2022-04-01,Sonoma,097,501317,83641,83235,2640,85875,485
2022-04-01,Stanislaus,099,539301,117386,117536,17556,135092,1581
2022-04-01,Sutter,101,95872,20491,20570,2131,22701,222
2022-04-01,Tehama,103,63373,12041,12046,2624,14670,198
2022-04-01,Trinity,105,12862,1183,1173,295,1468,20
2022-04-01,Tulare,107,460477,106555,104736,28626,133362,1410
2022-04-01,Tuolumne,109,53932,12626,12618,568,13186,180
2022-04-01,Ventura,111,848112,173348,173044,9347,182391,1460
2022-04-01,Yolo,113,214977,36987,36347,3207,39554,313
2022-04-01,Yuba,115,75493,15846,15835,1221,17056,120
2022-03-31,Alameda,001,1643700,256166,255650,14233,269883,1813
2022-03-31,Alpine,003,1148,124,124,1,125,0
2022-03-31,Amador,005,37829,8531,8485,652,9137,86
2022-03-31,Butte,007,227075,33048,32981,6666,39647,396
2022-03-31,Calaveras,009,45235,7266,7254,356,7610,119
2022-03-31,Colusa,011,21464,3441,3445,1073,4518,21
2022-03-31,Contra Costa,013,1133247,188629,188658,13302,201960,1291
2022-03-31,Del Norte,015,27424,5796,5812,197,6009,50
2022-03-31,El Dorado,017,186661,26724,26732,3233,29965,200
2022-03-31,Fresno,019,978130,231403,230559,24087,254646,2722
2022-03-31,Glenn,021,27897,4980,4982,1609,6591,47
2022-03-31,Humboldt,023,135768,16875,16898,2980,19878,140
2022-03-31,Imperial,025,180216,55402,55266,10828,66094,908
2022-03-31,Inyo,027,18085,4070,4063,490,4553,56
2022-03-31,Kern,029,883053,191829,191384,46311,237695,2224
2022-03-31,Kings,031,150075,51505,51470,3625,55095,443
2022-03-31,Lake,033,64148,10700,10674,899,11573,136
2022-03-31,Lassen,035,31185,8963,8943,889,9832,65
2022-03-31,Los Angeles,037,10098052,2710493,2703576,124816,2828392,31410
2022-03-31,Madera,039,155013,37267,37333,6117,43450,354
2022-03-31,Marin,041,260295,33562,33493,2280,35773,287
2022-03-31,Mariposa,043,17540,2396,2391,204,2595,29
2022-03-31,Mendocino,045,87422,13074,13058,3051,16109,119
2022-03-31,Merced,047,269075,62153,62149,8681,70830,808
2022-03-31,Modoc,049,8938,742,741,252,993,8
2022-03-31,Mono,051,14174,2969,2967,122,3089,6
2022-03-31,Monterey,053,433212,79425,78964,13889,92853,726
2022-03-31,Napa,055,140530,25809,25757,968,26725,143
2022-03-31,Nevada,057,99092,15955,15962,1212,17174,123
2022-03-31,Orange,059,3164182,546691,546047,41632,587679,6880
2022-03-31,Placer,061,380077,62768,62740,7422,70162,614
2022-03-31,Plumas,063,18699,2971,2803,369,3172,14
2022-03-31,Riverside,065,2383286,591261,590563,28154,618717,6418
2022-03-31,Sacramento,067,1510023,280876,276218,27246,303464,2950
2022-03-31,San Benito,069,59416,12899,12901,518,13419,98
2022-03-31,San Bernardino,071,2135413,566398,561362,25148,586510,6865
2022-03-31,San Diego,073,3302833,753359,752281,52416,804697,5178
2022-03-31,San Francisco,075,870044,124944,125075,8375,133450,843
2022-03-31,San Joaquin,077,732212,166330,166336,10040,176376,2202
2022-03-31,San Luis Obispo,079,281455,52478,52512,3810,56322,475
2022-03-31,San Mateo,081,765935,121954,120717,7045,127762,693
2022-03-31,Santa Barbara,083,443738,85770,85611,4787,90398,678
2022-03-31,Santa Clara,085,1922200,311526,312517,12535,325052,2258
2022-03-31,Santa Cruz,087,273765,47845,47371,2139,49510,259
2022-03-31,Shasta,089,179085,30563,30556,6157,36713,530
2022-03-31,Sierra,091,2930,271,273,48,321,4
2022-03-31,Siskiyou,093,43540,4446,4439,2752,7191,80
2022-03-31,Solano,095,438530,81427,81848,5597,87445,446
2022-03-31,Sonoma,097,501317,83597,83235,2634,85869,485
2022-03-31,Stanislaus,099,539301,117367,117536,17551,135087,1581
2022-03-31,Sutter,101,95872,20488,20570,2130,22700,222
2022-03-31,Tehama,103,63373,12041,12046,2623,14669,198
2022-03-31,Trinity,105,12862,1183,1173,295,1468,20
2022-03-31,Tulare,107,460477,106546,104736,28618,133354,1410
2022-03-31,Tuolumne,109,53932,12625,12618,568,13186,180
2022-03-31,Ventura,111,848112,173307,173044,9344,182388,1460
2022-03-31,Yolo,113,214977,36975,36347,3207,39554,313
2022-03-31,Yuba,115,75493,15846,15835,1217,17052,120
2022-03-30,Alameda,001,1643700,256033,255467,14225,269692,1812
2022-03-30,Alpine,003,1148,124,124,1,125,0
2022-03-30,Amador,005,37829,8531,8485,652,9137,86
2022-03-30,Butte,007,227075,33042,32968,6660,39628,396
2022-03-30,Calaveras,009,45235,7264,7253,355,7608,119
2022-03-30,Colusa,011,21464,3441,3445,1073,4518,21
2022-03-30,Contra Costa,013,1133247,188568,188496,13293,201789,1291
2022-03-30,Del Norte,015,27424,5794,5808,197,6005,50
2022-03-30,El Dorado,017,186661,26716,26722,3233,29955,200
2022-03-30,Fresno,019,978130,231392,230448,24081,254529,2720
2022-03-30,Glenn,021,27897,4979,4982,1609,6591,47
2022-03-30,Humboldt,023,135768,16872,16894,2980,19874,140
2022-03-30,Imperial,025,180216,55398,55252,10825,66077,908
2022-03-30,Inyo,027,18085,4069,4062,488,4550,56
2022-03-30,Kern,029,883053,191801,191363,46306,237669,2219
2022-03-30,Kings,031,150075,51499,51446,3623,55069,443
2022-03-30,Lake,033,64148,10698,10674,899,11573,136
2022-03-30,Lassen,035,31185,8963,8943,889,9832,65
2022-03-30,Los Angeles,037,10098052,2709672,2702536,124763,2827299,31384
2022-03-30,Madera,039,155013,37262,37330,6116,43446,354
2022-03-30,Marin,041,260295,33542,33453,2261,35714,287
2022-03-30,Mariposa,043,17540,2396,2390,204,2594,27
2022-03-30,Mendocino,045,87422,13070,13055,3048,16103,118
2022-03-30,Merced,047,269075,62146,62136,8675,70811,808
2022-03-30,Modoc,049,8938,742,739,252,991,8
2022-03-30,Mono,051,14174,2968,2967,122,3089,6
2022-03-30,Monterey,053,433212,79408,78911,13883,92794,726
2022-03-30,Napa,055,140530,25797,25745,967,26712,141
2022-03-30,Nevada,057,99092,15952,15960,1210,17170,123
2022-03-30,Orange,059,3164182,546537,545895,41609,587504,6876
2022-03-30,Placer,061,380077,62753,62705,7418,70123,614
2022-03-30,Plumas,063,18699,2971,2762,367,3129,13
2022-03-30,Riverside,065,2383286,591181,590437,28140,618577,6411
2022-03-30,Sacramento,067,1510023,280808,276081,27239,303320,2949
2022-03-30,San Benito,069,59416,12895,12898,518,13416,98
2022-03-30,San Bernardino,071,2135413,566314,561153,25143,586296,6863
2022-03-30,San Diego,073,3302833,753124,751684,52391,804075,5169
2022-03-30,San Francisco,075,870044,124836,124930,8364,133294,841
2022-03-30,San Joaquin,077,732212,166302,166299,10034,176333,2201
2022-03-30,San Luis Obispo,079,281455,52465,52484,3806,56290,475
2022-03-30,San Mateo,081,765935,121852,120548,7045,127593,693
2022-03-30,Santa Barbara,083,443738,85748,85488,4784,90272,677
2022-03-30,Santa Clara,085,1922200,311345,312253,12515,324768,2258
2022-03-30,Santa Cruz,087,273765,47788,47340,2139,49479,259
2022-03-30,Shasta,089,179085,30560,30555,6157,36712,530
2022-03-30,Sierra,091,2930,271,273,48,321,4
2022-03-30,Siskiyou,093,43540,4446,4439,2752,7191,80
2022-03-30,Solano,095,438530,81408,81816,5594,87410,443
2022-03-30,Sonoma,097,501317,83560,83163,2633,85796,485
2022-03-30,Stanislaus,099,539301,117354,117593,17548,135141,1559
2022-03-30,Sutter,101,95872,20483,20565,2130,22695,222
2022-03-30,Tehama,103,63373,12040,12045,2622,14667,198
2022-03-30,Trinity,105,12862,1182,1173,295,1468,20
2022-03-30,Tulare,107,460477,106540,104667,28612,133279,1410
2022-03-30,Tuolumne,109,53932,12623,12616,568,13184,180
2022-03-30,Ventura,111,848112,173267,172984,9336,182320,1460
2022-03-30,Yolo,113,214977,36968,36325,3204,39529,313
2022-03-30,Yuba,115,75493,15844,15830,1217,17047,120
2022-03-29,Alameda,001,1643700,255911,255261,14215,269476,1810
2022-03-29,Alpine,003,1148,124,124,1,125,0
2022-03-29,Amador,005,37829,8531,8483,652,9135,86
2022-03-29,Butte,007,227075,33040,32954,6659,39613,396
2022-03-29,Calaveras,009,45235,7263,7250,354,7604,119
2022-03-29,Colusa,011,21464,3441,3445,1073,4518,21
2022-03-29,Contra Costa,013,1133247,188480,188359,13286,201645,1290
2022-03-29,Del Norte,015,27424,5793,5806,196,6002,50
2022-03-29,El Dorado,017,186661,26712,26706,3233,29939,200
2022-03-29,Fresno,019,978130,231363,230256,24076,254332,2718
2022-03-29,Glenn,021,27897,4978,4983,1609,6592,47
2022-03-29,Humboldt,023,135768,16869,16892,2977,19869,140
2022-03-29,Imperial,025,180216,55382,55233,10824,66057,908
2022-03-29,Inyo,027,18085,4067,4062,487,4549,56
2022-03-29,Kern,029,883053,191769,191338,46299,237637,2220
2022-03-29,Kings,031,150075,51491,51416,3622,55038,443
2022-03-29,Lake,033,64148,10694,10674,899,11573,136
2022-03-29,Lassen,035,31185,8962,8943,889,9832,65
2022-03-29,Los Angeles,037,10098052,2708840,2702005,124716,2826721,31378
2022-03-29,Madera,039,155013,37253,37325,6114,43439,354
2022-03-29,Marin,041,260295,33522,33431,2256,35687,287
2022-03-29,Mariposa,043,17540,2396,2388,203,2591,23
2022-03-29,Mendocino,045,87422,13066,13053,3047,16100,119
2022-03-29,Merced,047,269075,62134,62123,8674,70797,806
2022-03-29,Modoc,049,8938,740,737,252,989,8
2022-03-29,Mono,051,14174,2968,2966,122,3088,5
2022-03-29,Monterey,053,433212,79396,78774,13875,92649,725
2022-03-29,Napa,055,140530,25790,25732,967,26699,141
2022-03-29,Nevada,057,99092,15944,15956,1210,17166,123
2022-03-29,Orange,059,3164182,546390,545832,41593,587425,6871
2022-03-29,Placer,061,380077,62735,62687,7413,70100,614
2022-03-29,Plumas,063,18699,2969,2761,367,3128,13
2022-03-29,Riverside,065,2383286,591081,590359,28132,618491,6403
2022-03-29,Sacramento,067,1510023,280742,276040,27226,303266,2946
2022-03-29,San Benito,069,59416,12893,12892,518,13410,97
2022-03-29,San Bernardino,071,2135413,566221,561026,25133,586159,6860
2022-03-29,San Diego,073,3302833,752877,751240,52369,803609,5159
2022-03-29,San Francisco,075,870044,124685,124789,8358,133147,840
2022-03-29,San Joaquin,077,732212,166265,166241,10026,176267,2198
2022-03-29,San Luis Obispo,079,281455,52449,52455,3802,56257,472
2022-03-29,San Mateo,081,765935,121759,120435,7042,127477,686
2022-03-29,Santa Barbara,083,443738,85726,85464,4784,90248,676
2022-03-29,Santa Clara,085,1922200,311105,312067,12497,324564,2259
2022-03-29,Santa Cruz,087,273765,47768,47323,2138,49461,259
2022-03-29,Shasta,089,179085,30553,30552,6154,36706,529
2022-03-29,Sierra,091,2930,271,273,48,321,4
2022-03-29,Siskiyou,093,43540,4446,4439,2751,7190,80
2022-03-29,Solano,095,438530,81385,81713,5591,87304,441
2022-03-29,Sonoma,097,501317,83526,83130,2627,85757,485
2022-03-29,Stanislaus,099,539301,117335,117683,17542,135225,1559
2022-03-29,Sutter,101,95872,20481,20556,2129,22685,221
2022-03-29,Tehama,103,63373,12038,12045,2622,14667,198
2022-03-29,Trinity,105,12862,1182,1173,295,1468,20
2022-03-29,Tulare,107,460477,106535,104622,28606,133228,1406
2022-03-29,Tuolumne,109,53932,12620,12615,568,13183,180
2022-03-29,Ventura,111,848112,173211,172946,9335,182281,1460
2022-03-29,Yolo,113,214977,36960,36296,3203,39499,313
2022-03-29,Yuba,115,75493,15840,15824,1216,17040,117
2022-03-28,Alameda,001,1643700,255755,255192,14205,269397,1808
2022-03-28,Alpine,003,1148,124,124,1,125,0
2022-03-28,Amador,005,37829,8530,8480,652,9132,86
2022-03-28,Butte,007,227075,33023,32947,6658,39605,392
2022-03-28,Calaveras,009,45235,7263,7247,354,7601,119
2022-03-28,Colusa,011,21464,3441,3445,1073,4518,21
2022-03-28,Contra Costa,013,1133247,188400,188305,13281,201586,1290
2022-03-28,Del Norte,015,27424,5791,5834,196,6030,50
2022-03-28,El Dorado,017,186661,26705,26703,3231,29934,200
2022-03-28,Fresno,019,978130,231336,230144,24059,254203,2717
2022-03-28,Glenn,021,27897,4978,4983,1609,6592,47
2022-03-28,Humboldt,023,135768,16868,16916,2977,19893,140
2022-03-28,Imperial,025,180216,55370,55245,10824,66069,909
2022-03-28,Inyo,027,18085,4066,4062,487,4549,56
2022-03-28,Kern,029,883053,191745,191333,46289,237622,2212
2022-03-28,Kings,031,150075,51478,51405,3622,55027,443
2022-03-28,Lake,033,64148,10692,10673,899,11572,136
2022-03-28,Lassen,035,31185,8962,8946,889,9835,63
2022-03-28,Los Angeles,037,10098052,2707949,2700997,124677,2825674,31349
2022-03-28,Madera,039,155013,37250,37324,6114,43438,354
2022-03-28,Marin,041,260295,33497,33391,2251,35642,287
2022-03-28,Mariposa,043,17540,2395,2388,203,2591,23
2022-03-28,Mendocino,045,87422,13064,13046,3046,16092,118
2022-03-28,Merced,047,269075,62125,62116,8669,70785,805
2022-03-28,Modoc,049,8938,739,736,252,988,7
2022-03-28,Mono,051,14174,2968,2966,122,3088,5
2022-03-28,Monterey,053,433212,79361,78784,13870,92654,724
2022-03-28,Napa,055,140530,25784,25723,966,26689,140
2022-03-28,Nevada,057,99092,15942,15969,1210,17179,123
2022-03-28,Orange,059,3164182,546258,545700,41565,587265,6860
2022-03-28,Placer,061,380077,62714,62687,7412,70099,613
2022-03-28,Plumas,063,18699,2968,2760,367,3127,13
2022-03-28,Riverside,065,2383286,590984,590298,28122,618420,6397
2022-03-28,Sacramento,067,1510023,280671,275889,27215,303104,2946
2022-03-28,San Benito,069,59416,12893,12889,518,13407,97
2022-03-28,San Bernardino,071,2135413,566138,560836,25120,585956,6858
2022-03-28,San Diego,073,3302833,752632,750659,52335,802994,5155
2022-03-28,San Francisco,075,870044,124543,124678,8347,133025,839
2022-03-28,San Joaquin,077,732212,166233,166247,10022,176269,2196
2022-03-28,San Luis Obispo,079,281455,52424,52434,3798,56232,470
2022-03-28,San Mateo,081,765935,121643,120337,7035,127372,686
2022-03-28,Santa Barbara,083,443738,85698,85442,4782,90224,675
2022-03-28,Santa Clara,085,1922200,310871,311953,12487,324440,2257
2022-03-28,Santa Cruz,087,273765,47735,47324,2138,49462,259
2022-03-28,Shasta,089,179085,30552,30550,6153,36703,527
2022-03-28,Sierra,091,2930,271,273,48,321,4
2022-03-28,Siskiyou,093,43540,4445,4438,2751,7189,80
2022-03-28,Solano,095,438530,81357,81704,5586,87290,441
2022-03-28,Sonoma,097,501317,83483,83105,2622,85727,485
2022-03-28,Stanislaus,099,539301,117323,117783,17537,135320,1562
2022-03-28,Sutter,101,95872,20476,20549,2129,22678,221
2022-03-28,Tehama,103,63373,12037,12041,2621,14662,200
2022-03-28,Trinity,105,12862,1182,1173,295,1468,20
2022-03-28,Tulare,107,460477,106522,104576,28599,133175,1404
2022-03-28,Tuolumne,109,53932,12620,12627,568,13195,180
2022-03-28,Ventura,111,848112,173171,172867,9334,182201,1455
2022-03-28,Yolo,113,214977,36950,36282,3201,39483,312
2022-03-28,Yuba,115,75493,15839,15821,1214,17035,117
2022-03-27,Alameda,001,1643700,255572,255132,14196,269328,1809
2022-03-27,Alpine,003,1148,124,124,1,125,0
2022-03-27,Amador,005,37829,8527,8480,652,9132,86
2022-03-27,Butte,007,227075,33010,32943,6651,39594,392
2022-03-27,Calaveras,009,45235,7261,7245,354,7599,119
2022-03-27,Colusa,011,21464,3441,3445,1072,4517,21
2022-03-27,Contra Costa,013,1133247,188285,188251,13265,201516,1290
2022-03-27,Del Norte,015,27424,5790,5836,196,6032,50
2022-03-27,El Dorado,017,186661,26691,26699,3228,29927,200
2022-03-27,Fresno,019,978130,231289,230049,24042,254091,2717
2022-03-27,Glenn,021,27897,4977,4983,1609,6592,47
2022-03-27,Humboldt,023,135768,16864,16920,2977,19897,140
2022-03-27,Imperial,025,180216,55358,55240,10821,66061,909
2022-03-27,Inyo,027,18085,4065,4062,485,4547,56
2022-03-27,Kern,029,883053,191707,191332,46283,237615,2213
2022-03-27,Kings,031,150075,51469,51400,3622,55022,443
2022-03-27,Lake,033,64148,10691,10672,898,11570,136
2022-03-27,Lassen,035,31185,8962,8946,889,9835,63
2022-03-27,Los Angeles,037,10098052,2707149,2700983,124629,2825612,31348
2022-03-27,Madera,039,155013,37246,37323,6112,43435,354
2022-03-27,Marin,041,260295,33460,33391,2241,35632,287
2022-03-27,Mariposa,043,17540,2395,2390,203,2593,23
2022-03-27,Mendocino,045,87422,13058,13046,3044,16090,118
2022-03-27,Merced,047,269075,62114,62110,8667,70777,805
2022-03-27,Modoc,049,8938,738,736,250,986,7
2022-03-27,Mono,051,14174,2968,2966,122,3088,5
2022-03-27,Monterey,053,433212,79340,78778,13858,92636,724
2022-03-27,Napa,055,140530,25770,25723,966,26689,140
2022-03-27,Nevada,057,99092,15938,15967,1208,17175,123
2022-03-27,Orange,059,3164182,546123,545644,41530,587174,6860
2022-03-27,Placer,061,380077,62695,62680,7412,70092,613
2022-03-27,Plumas,063,18699,2967,2760,365,3125,13
2022-03-27,Riverside,065,2383286,590898,590251,28111,618362,6395
2022-03-27,Sacramento,067,1510023,280590,275854,27208,303062,2941
2022-03-27,San Benito,069,59416,12888,12889,517,13406,97
2022-03-27,San Bernardino,071,2135413,566020,560853,25116,585969,6862
2022-03-27,San Diego,073,3302833,752378,750659,52312,802971,5155
2022-03-27,San Francisco,075,870044,124358,124619,8335,132954,839
2022-03-27,San Joaquin,077,732212,166196,166238,10019,176257,2196
2022-03-27,San Luis Obispo,079,281455,52403,52430,3796,56226,470
2022-03-27,San Mateo,081,765935,121537,120324,7029,127353,686
2022-03-27,Santa Barbara,083,443738,85663,85434,4780,90214,675
2022-03-27,Santa Clara,085,1922200,310660,311822,12480,324302,2257
2022-03-27,Santa Cruz,087,273765,47702,47321,2133,49454,259
2022-03-27,Shasta,089,179085,30547,30550,6151,36701,527
2022-03-27,Sierra,091,2930,271,273,48,321,4
2022-03-27,Siskiyou,093,43540,4445,4436,2750,7186,80
2022-03-27,Solano,095,438530,81316,81691,5583,87274,441
2022-03-27,Sonoma,097,501317,83427,83088,2618,85706,485
2022-03-27,Stanislaus,099,539301,117302,117778,17534,135312,1562
2022-03-27,Sutter,101,95872,20470,20545,2129,22674,221
2022-03-27,Tehama,103,63373,12037,12040,2621,14661,200
2022-03-27,Trinity,105,12862,1182,1173,295,1468,20
2022-03-27,Tulare,107,460477,106513,104582,28589,133171,1404
2022-03-27,Tuolumne,109,53932,12618,12628,568,13196,180
2022-03-27,Ventura,111,848112,173123,172831,9332,182163,1455
2022-03-27,Yolo,113,214977,36938,36232,3198,39430,312
2022-03-27,Yuba,115,75493,15836,15821,1207,17028,117
2022-03-26,Alameda,001,1643700,255494,254691,14194,268885,1803
2022-03-26,Alpine,003,1148,124,124,1,125,0
2022-03-26,Amador,005,37829,8527,8476,652,9128,86
2022-03-26,Butte,007,227075,33006,32929,6649,39578,391
2022-03-26,Calaveras,009,45235,7259,7240,354,7594,120
2022-03-26,Colusa,011,21464,3439,3445,1072,4517,21
2022-03-26,Contra Costa,013,1133247,188229,187990,13262,201252,1285
2022-03-26,Del Norte,015,27424,5788,5831,196,6027,50
2022-03-26,El Dorado,017,186661,26683,26674,3226,29900,200
2022-03-26,Fresno,019,978130,231266,229799,24041,253840,2710
2022-03-26,Glenn,021,27897,4977,4978,1609,6587,47
2022-03-26,Humboldt,023,135768,16860,16911,2977,19888,139
2022-03-26,Imperial,025,180216,55352,55230,10820,66050,913
2022-03-26,Inyo,027,18085,4065,4060,484,4544,56
2022-03-26,Kern,029,883053,191693,191288,46278,237566,2201
2022-03-26,Kings,031,150075,51468,51397,3622,55019,444
2022-03-26,Lake,033,64148,10691,10659,898,11557,136
2022-03-26,Lassen,035,31185,8962,8944,889,9833,63
2022-03-26,Los Angeles,037,10098052,2706703,2698028,124587,2822615,31291
2022-03-26,Madera,039,155013,37243,37321,6110,43431,354
2022-03-26,Marin,041,260295,33450,33317,2237,35554,287
2022-03-26,Mariposa,043,17540,2395,2386,203,2589,23
2022-03-26,Mendocino,045,87422,13055,13038,3044,16082,118
2022-03-26,Merced,047,269075,62108,62083,8665,70748,805
2022-03-26,Modoc,049,8938,738,736,250,986,7
2022-03-26,Mono,051,14174,2968,2966,122,3088,5
2022-03-26,Monterey,053,433212,79333,78688,13856,92544,724
2022-03-26,Napa,055,140530,25767,25701,966,26667,139
2022-03-26,Nevada,057,99092,15934,15960,1208,17168,123
2022-03-26,Orange,059,3164182,546046,545294,41519,586813,6853
2022-03-26,Placer,061,380077,62683,62634,7408,70042,613
2022-03-26,Plumas,063,18699,2967,2758,364,3122,13
2022-03-26,Riverside,065,2383286,590829,590060,28110,618170,6397
2022-03-26,Sacramento,067,1510023,280557,275529,27206,302735,2935
2022-03-26,San Benito,069,59416,12888,12885,517,13402,97
2022-03-26,San Bernardino,071,2135413,565967,560742,25112,585854,6840
2022-03-26,San Diego,073,3302833,752250,750170,52305,802475,5146
2022-03-26,San Francisco,075,870044,124252,124265,8326,132591,839
2022-03-26,San Joaquin,077,732212,166175,166079,10018,176097,2195
2022-03-26,San Luis Obispo,079,281455,52397,52369,3796,56165,469
2022-03-26,San Mateo,081,765935,121479,120165,7021,127186,684
2022-03-26,Santa Barbara,083,443738,85643,85477,4778,90255,674
2022-03-26,Santa Clara,085,1922200,310503,311189,12471,323660,2250
2022-03-26,Santa Cruz,087,273765,47691,47329,2133,49462,259
2022-03-26,Shasta,089,179085,30545,30542,6150,36692,527
2022-03-26,Sierra,091,2930,271,273,48,321,4
2022-03-26,Siskiyou,093,43540,4444,4433,2750,7183,80
2022-03-26,Solano,095,438530,81306,81659,5583,87242,441
2022-03-26,Sonoma,097,501317,83398,83113,2613,85726,485
2022-03-26,Stanislaus,099,539301,117295,117962,17533,135495,1565
2022-03-26,Sutter,101,95872,20468,20536,2129,22665,221
2022-03-26,Tehama,103,63373,12037,12036,2620,14656,195
2022-03-26,Trinity,105,12862,1182,1174,295,1469,20
2022-03-26,Tulare,107,460477,106506,104538,28588,133126,1400
2022-03-26,Tuolumne,109,53932,12616,12628,568,13196,180
2022-03-26,Ventura,111,848112,173083,172690,9328,182018,1455
2022-03-26,Yolo,113,214977,36933,36234,3198,39432,311
2022-03-26,Yuba,115,75493,15835,15807,1207,17014,117
2022-03-25,Alameda,001,1643700,255427,254691,14192,268883,1803
2022-03-25,Alpine,003,1148,124,124,1,125,0
2022-03-25,Amador,005,37829,8526,8476,652,9128,86
2022-03-25,Butte,007,227075,33000,32929,6648,39577,391
2022-03-25,Calaveras,009,45235,7258,7240,354,7594,120
2022-03-25,Colusa,011,21464,3439,3445,1072,4517,21
2022-03-25,Contra Costa,013,1133247,188181,187990,13258,201248,1285
2022-03-25,Del Norte,015,27424,5788,5831,196,6027,50
2022-03-25,El Dorado,017,186661,26679,26674,3226,29900,200
2022-03-25,Fresno,019,978130,231238,229799,24032,253831,2710
2022-03-25,Glenn,021,27897,4977,4978,1609,6587,47
2022-03-25,Humboldt,023,135768,16860,16911,2977,19888,139
2022-03-25,Imperial,025,180216,55347,55230,10819,66049,913
2022-03-25,Inyo,027,18085,4064,4060,484,4544,56
2022-03-25,Kern,029,883053,191683,191288,46277,237565,2201
2022-03-25,Kings,031,150075,51467,51397,3622,55019,444
2022-03-25,Lake,033,64148,10691,10659,898,11557,136
2022-03-25,Lassen,035,31185,8961,8944,889,9833,63
2022-03-25,Los Angeles,037,10098052,2706288,2698028,124556,2822584,31291
2022-03-25,Madera,039,155013,37241,37321,6109,43430,354
2022-03-25,Marin,041,260295,33435,33317,2228,35545,287
2022-03-25,Mariposa,043,17540,2395,2386,203,2589,23
2022-03-25,Mendocino,045,87422,13055,13038,3044,16082,118
2022-03-25,Merced,047,269075,62101,62083,8664,70747,805
2022-03-25,Modoc,049,8938,738,736,250,986,7
2022-03-25,Mono,051,14174,2967,2966,122,3088,5
2022-03-25,Monterey,053,433212,79323,78688,13853,92541,724
2022-03-25,Napa,055,140530,25760,25701,966,26667,139
2022-03-25,Nevada,057,99092,15933,15960,1208,17168,123
2022-03-25,Orange,059,3164182,545972,545294,41502,586796,6853
2022-03-25,Placer,061,380077,62677,62634,7405,70039,613
2022-03-25,Plumas,063,18699,2966,2758,364,3122,13
2022-03-25,Riverside,065,2383286,590767,590060,28099,618159,6397
2022-03-25,Sacramento,067,1510023,280516,275529,27204,302733,2935
2022-03-25,San Benito,069,59416,12888,12885,517,13402,97
2022-03-25,San Bernardino,071,2135413,565928,560742,25109,585851,6840
2022-03-25,San Diego,073,3302833,752125,750170,52295,802465,5146
2022-03-25,San Francisco,075,870044,124170,124265,8312,132577,839
2022-03-25,San Joaquin,077,732212,166161,166079,10015,176094,2195
2022-03-25,San Luis Obispo,079,281455,52394,52369,3795,56164,469
2022-03-25,San Mateo,081,765935,121427,120165,7021,127186,684
2022-03-25,Santa Barbara,083,443738,85628,85477,4776,90253,674
2022-03-25,Santa Clara,085,1922200,310349,311189,12466,323655,2250
2022-03-25,Santa Cruz,087,273765,47683,47329,2133,49462,259
2022-03-25,Shasta,089,179085,30543,30542,6149,36691,527
2022-03-25,Sierra,091,2930,271,273,48,321,4
2022-03-25,Siskiyou,093,43540,4442,4433,2748,7181,80
2022-03-25,Solano,095,438530,81292,81659,5581,87240,441
2022-03-25,Sonoma,097,501317,83362,83113,2613,85726,485
2022-03-25,Stanislaus,099,539301,117280,117962,17532,135494,1565
2022-03-25,Sutter,101,95872,20463,20536,2129,22665,221
2022-03-25,Tehama,103,63373,12035,12036,2620,14656,195
2022-03-25,Trinity,105,12862,1182,1174,295,1469,20
2022-03-25,Tulare,107,460477,106501,104538,28585,133123,1400
2022-03-25,Tuolumne,109,53932,12615,12628,568,13196,180
2022-03-25,Ventura,111,848112,173045,172690,9328,182018,1455
2022-03-25,Yolo,113,214977,36920,36234,3198,39432,311
2022-03-25,Yuba,115,75493,15830,15807,1206,17013,117
2022-03-24,Alameda,001,1643700,255311,254691,14176,268867,1803
2022-03-24,Alpine,003,1148,124,124,1,125,0
2022-03-24,Amador,005,37829,8526,8476,652,9128,86
2022-03-24,Butte,007,227075,32993,32929,6648,39577,391
2022-03-24,Calaveras,009,45235,7255,7240,354,7594,120
2022-03-24,Colusa,011,21464,3439,3445,1072,4517,21
2022-03-24,Contra Costa,013,1133247,188100,187990,13257,201247,1285
2022-03-24,Del Norte,015,27424,5785,5831,196,6027,50
2022-03-24,El Dorado,017,186661,26668,26674,3226,29900,200
2022-03-24,Fresno,019,978130,231195,229799,24020,253819,2710
2022-03-24,Glenn,021,27897,4976,4978,1609,6587,47
2022-03-24,Humboldt,023,135768,16855,16911,2975,19886,139
2022-03-24,Imperial,025,180216,55340,55230,10819,66049,913
2022-03-24,Inyo,027,18085,4063,4060,484,4544,56
2022-03-24,Kern,029,883053,191673,191288,46274,237562,2201
2022-03-24,Kings,031,150075,51458,51397,3620,55017,444
2022-03-24,Lake,033,64148,10690,10659,898,11557,136
2022-03-24,Lassen,035,31185,8960,8944,889,9833,63
2022-03-24,Los Angeles,037,10098052,2705723,2698028,124511,2822539,31291
2022-03-24,Madera,039,155013,37239,37321,6107,43428,354
2022-03-24,Marin,041,260295,33412,33317,2219,35536,287
2022-03-24,Mariposa,043,17540,2395,2386,203,2589,23
2022-03-24,Mendocino,045,87422,13050,13038,3041,16079,118
2022-03-24,Merced,047,269075,62095,62083,8663,70746,805
2022-03-24,Modoc,049,8938,738,736,250,986,7
2022-03-24,Mono,051,14174,2967,2966,122,3088,5
2022-03-24,Monterey,053,433212,79297,78688,13839,92527,724
2022-03-24,Napa,055,140530,25751,25701,966,26667,139
2022-03-24,Nevada,057,99092,15929,15960,1207,17167,123
2022-03-24,Orange,059,3164182,545870,545294,41485,586779,6853
2022-03-24,Placer,061,380077,62657,62634,7404,70038,613
2022-03-24,Plumas,063,18699,2966,2758,364,3122,13
2022-03-24,Riverside,065,2383286,590691,590060,28090,618150,6397
2022-03-24,Sacramento,067,1510023,280446,275529,27199,302728,2935
2022-03-24,San Benito,069,59416,12887,12885,516,13401,97
2022-03-24,San Bernardino,071,2135413,565847,560742,25105,585847,6840
2022-03-24,San Diego,073,3302833,751913,750170,52284,802454,5146
2022-03-24,San Francisco,075,870044,124091,124265,8306,132571,839
2022-03-24,San Joaquin,077,732212,166134,166079,10014,176093,2195
2022-03-24,San Luis Obispo,079,281455,52379,52369,3794,56163,469
2022-03-24,San Mateo,081,765935,121378,120165,7016,127181,684
2022-03-24,Santa Barbara,083,443738,85613,85477,4773,90250,674
2022-03-24,Santa Clara,085,1922200,310205,311189,12448,323637,2250
2022-03-24,Santa Cruz,087,273765,47666,47329,2132,49461,259
2022-03-24,Shasta,089,179085,30535,30542,6149,36691,527
2022-03-24,Sierra,091,2930,271,273,48,321,4
2022-03-24,Siskiyou,093,43540,4439,4433,2748,7181,80
2022-03-24,Solano,095,438530,81273,81659,5580,87239,441
2022-03-24,Sonoma,097,501317,83326,83113,2611,85724,485
2022-03-24,Stanislaus,099,539301,117271,117962,17529,135491,1565
2022-03-24,Sutter,101,95872,20458,20536,2129,22665,221
2022-03-24,Tehama,103,63373,12033,12036,2618,14654,195
2022-03-24,Trinity,105,12862,1182,1174,295,1469,20
2022-03-24,Tulare,107,460477,106491,104538,28579,133117,1400
2022-03-24,Tuolumne,109,53932,12613,12628,568,13196,180
2022-03-24,Ventura,111,848112,173002,172690,9327,182017,1455
2022-03-24,Yolo,113,214977,36913,36234,3194,39428,311
2022-03-24,Yuba,115,75493,15825,15807,1203,17010,117
2022-03-23,Alameda,001,1643700,255176,254559,14165,268724,1802
2022-03-23,Alpine,003,1148,124,124,1,125,0
2022-03-23,Amador,005,37829,8526,8475,652,9127,86
2022-03-23,Butte,007,227075,32980,32920,6647,39567,387
2022-03-23,Calaveras,009,45235,7250,7237,354,7591,120
2022-03-23,Colusa,011,21464,3438,3444,1072,4516,21
2022-03-23,Contra Costa,013,1133247,188002,187898,13245,201143,1279
2022-03-23,Del Norte,015,27424,5783,5830,196,6026,50
2022-03-23,El Dorado,017,186661,26662,26670,3226,29896,200
2022-03-23,Fresno,019,978130,231159,229656,24006,253662,2710
2022-03-23,Glenn,021,27897,4976,4975,1609,6584,47
2022-03-23,Humboldt,023,135768,16854,16908,2973,19881,139
2022-03-23,Imperial,025,180216,55335,55211,10818,66029,909
2022-03-23,Inyo,027,18085,4063,4060,484,4544,56
2022-03-23,Kern,029,883053,191656,191241,46269,237510,2196
2022-03-23,Kings,031,150075,51446,51384,3619,55003,442
2022-03-23,Lake,033,64148,10686,10658,897,11555,135
2022-03-23,Lassen,035,31185,8959,8944,888,9832,63
2022-03-23,Los Angeles,037,10098052,2705045,2697227,124479,2821706,31267
2022-03-23,Madera,039,155013,37234,37317,6103,43420,354
2022-03-23,Marin,041,260295,33387,33274,2214,35488,287
2022-03-23,Mariposa,043,17540,2393,2382,202,2584,11
2022-03-23,Mendocino,045,87422,13046,13033,3040,16073,118
2022-03-23,Merced,047,269075,62085,62056,8659,70715,805
2022-03-23,Modoc,049,8938,738,736,250,986,7
2022-03-23,Mono,051,14174,2967,2966,122,3088,5
2022-03-23,Monterey,053,433212,79279,78655,13814,92469,724
2022-03-23,Napa,055,140530,25738,25691,964,26655,139
2022-03-23,Nevada,057,99092,15927,15958,1207,17165,123
2022-03-23,Orange,059,3164182,545741,545158,41472,586630,6852
2022-03-23,Placer,061,380077,62638,62622,7402,70024,613
2022-03-23,Plumas,063,18699,2966,2747,364,3111,13
2022-03-23,Riverside,065,2383286,590617,589947,28085,618032,6388
2022-03-23,Sacramento,067,1510023,280384,275398,27192,302590,2934
2022-03-23,San Benito,069,59416,12886,12884,516,13400,97
2022-03-23,San Bernardino,071,2135413,565773,560550,25100,585650,6828
2022-03-23,San Diego,073,3302833,751714,749871,52261,802132,5143
2022-03-23,San Francisco,075,870044,123977,124110,8300,132410,838
2022-03-23,San Joaquin,077,732212,166098,166041,10007,176048,2187
2022-03-23,San Luis Obispo,079,281455,52362,52344,3788,56132,469
2022-03-23,San Mateo,081,765935,121295,120080,7006,127086,685
2022-03-23,Santa Barbara,083,443738,85594,85464,4772,90236,673
2022-03-23,Santa Clara,085,1922200,310042,310956,12436,323392,2250
2022-03-23,Santa Cruz,087,273765,47645,47314,2126,49440,259
2022-03-23,Shasta,089,179085,30531,30524,6148,36672,526
2022-03-23,Sierra,091,2930,271,273,48,321,4
2022-03-23,Siskiyou,093,43540,4438,4433,2748,7181,80
2022-03-23,Solano,095,438530,81239,81615,5579,87194,441
2022-03-23,Sonoma,097,501317,83293,83074,2608,85682,482
2022-03-23,Stanislaus,099,539301,117254,118041,17526,135567,1568
2022-03-23,Sutter,101,95872,20455,20532,2129,22661,218
2022-03-23,Tehama,103,63373,12031,12035,2618,14653,195
2022-03-23,Trinity,105,12862,1182,1174,295,1469,20
2022-03-23,Tulare,107,460477,106474,104489,28573,133062,1394
2022-03-23,Tuolumne,109,53932,12612,12629,568,13197,180
2022-03-23,Ventura,111,848112,172952,172647,9325,181972,1455
2022-03-23,Yolo,113,214977,36896,36197,3192,39389,308
2022-03-23,Yuba,115,75493,15819,15801,1202,17003,117
2022-03-22,Alameda,001,1643700,255054,254467,13789,268256,1802
2022-03-22,Alpine,003,1148,124,122,1,123,0
2022-03-22,Amador,005,37829,8525,8462,651,9113,86
2022-03-22,Butte,007,227075,32970,32907,6643,39550,387
2022-03-22,Calaveras,009,45235,7248,7237,354,7591,120
2022-03-22,Colusa,011,21464,3437,3445,1072,4517,21
2022-03-22,Contra Costa,013,1133247,187925,187813,13223,201036,1279
2022-03-22,Del Norte,015,27424,5778,5824,196,6020,50
2022-03-22,El Dorado,017,186661,26655,26661,3226,29887,200
2022-03-22,Fresno,019,978130,231111,229551,23996,253547,2708
2022-03-22,Glenn,021,27897,4973,4971,1609,6580,47
2022-03-22,Humboldt,023,135768,16851,16911,2973,19884,139
2022-03-22,Imperial,025,180216,55324,55170,10815,65985,908
2022-03-22,Inyo,027,18085,4063,4060,484,4544,56
2022-03-22,Kern,029,883053,191632,191213,46260,237473,2195
2022-03-22,Kings,031,150075,51434,51369,3618,54987,442
2022-03-22,Lake,033,64148,10684,10657,896,11553,135
2022-03-22,Lassen,035,31185,8959,8940,887,9827,63
2022-03-22,Los Angeles,037,10098052,2704383,2696746,124430,2821176,31250
2022-03-22,Madera,039,155013,37230,37304,6100,43404,354
2022-03-22,Marin,041,260295,33362,33253,2210,35463,287
2022-03-22,Mariposa,043,17540,2391,2382,202,2584,6
2022-03-22,Mendocino,045,87422,13041,13030,3038,16068,118
2022-03-22,Merced,047,269075,62075,62056,8655,70711,805
2022-03-22,Modoc,049,8938,738,735,250,985,7
2022-03-22,Mono,051,14174,2967,2963,122,3085,5
2022-03-22,Monterey,053,433212,79263,78614,13803,92417,724
2022-03-22,Napa,055,140530,25728,25688,963,26651,139
2022-03-22,Nevada,057,99092,15919,15950,1207,17157,123
2022-03-22,Orange,059,3164182,545596,545075,41452,586527,6843
2022-03-22,Placer,061,380077,62625,62604,7400,70004,610
2022-03-22,Plumas,063,18699,2965,2744,364,3108,13
2022-03-22,Riverside,065,2383286,590543,589816,28082,617898,6383
2022-03-22,Sacramento,067,1510023,280307,275374,27180,302554,2927
2022-03-22,San Benito,069,59416,12885,12884,515,13399,97
2022-03-22,San Bernardino,071,2135413,565691,560371,25080,585451,6811
2022-03-22,San Diego,073,3302833,751505,749647,52241,801888,5141
2022-03-22,San Francisco,075,870044,123869,123998,8294,132292,838
2022-03-22,San Joaquin,077,732212,166070,165992,10003,175995,2187
2022-03-22,San Luis Obispo,079,281455,52354,52257,3788,56045,465
2022-03-22,San Mateo,081,765935,121224,119975,7002,126977,686
2022-03-22,Santa Barbara,083,443738,85578,85457,4771,90228,672
2022-03-22,Santa Clara,085,1922200,309874,310787,12424,323211,2249
2022-03-22,Santa Cruz,087,273765,47626,47287,2125,49412,259
2022-03-22,Shasta,089,179085,30525,30528,6147,36675,525
2022-03-22,Sierra,091,2930,271,273,48,321,4
2022-03-22,Siskiyou,093,43540,4438,4429,2747,7176,80
2022-03-22,Solano,095,438530,81216,81587,5578,87165,440
2022-03-22,Sonoma,097,501317,83265,83042,2604,85646,482
2022-03-22,Stanislaus,099,539301,117237,118025,17523,135548,1568
2022-03-22,Sutter,101,95872,20454,20525,2125,22650,218
2022-03-22,Tehama,103,63373,12029,12034,2618,14652,162
2022-03-22,Trinity,105,12862,1182,1174,295,1469,20
2022-03-22,Tulare,107,460477,106462,104431,28564,132995,1391
2022-03-22,Tuolumne,109,53932,12612,12628,568,13196,180
2022-03-22,Ventura,111,848112,172904,172590,9323,181913,1455
2022-03-22,Yolo,113,214977,36879,36184,3191,39375,308
2022-03-22,Yuba,115,75493,15816,15795,1201,16996,117
2022-03-21,Alameda,001,1643700,254839,254354,13781,268135,1799
2022-03-21,Alpine,003,1148,124,122,1,123,0
2022-03-21,Amador,005,37829,8522,8461,650,9111,85
2022-03-21,Butte,007,227075,32959,32895,6639,39534,385
2022-03-21,Calaveras,009,45235,7247,7237,354,7591,119
2022-03-21,Colusa,011,21464,3437,3445,1072,4517,21
2022-03-21,Contra Costa,013,1133247,187861,187509,13206,200715,1276
2022-03-21,Del Norte,015,27424,5777,5824,196,6020,50
2022-03-21,El Dorado,017,186661,26644,26610,3225,29835,199
2022-03-21,Fresno,019,978130,231062,229374,23987,253361,2707
2022-03-21,Glenn,021,27897,4971,4972,1603,6575,46
2022-03-21,Humboldt,023,135768,16841,16912,2960,19872,139
2022-03-21,Imperial,025,180216,55310,55133,10814,65947,908
2022-03-21,Inyo,027,18085,4062,4060,484,4544,56
2022-03-21,Kern,029,883053,191598,191184,46254,237438,2187
2022-03-21,Kings,031,150075,51420,51366,3616,54982,441
2022-03-21,Lake,033,64148,10682,10655,896,11551,135
2022-03-21,Lassen,035,31185,8958,8939,887,9826,63
2022-03-21,Los Angeles,037,10098052,2703515,2694711,124381,2819092,31218
2022-03-21,Madera,039,155013,37224,37288,6096,43384,354
2022-03-21,Marin,041,260295,33318,33242,2205,35447,287
2022-03-21,Mariposa,043,17540,2390,2383,201,2584,6
2022-03-21,Mendocino,045,87422,13033,13028,3036,16064,118
2022-03-21,Merced,047,269075,62061,62048,8650,70698,803
2022-03-21,Modoc,049,8938,736,734,250,984,7
2022-03-21,Mono,051,14174,2967,2962,122,3084,5
2022-03-21,Monterey,053,433212,79214,78572,13789,92361,724
2022-03-21,Napa,055,140530,25720,25684,961,26645,138
2022-03-21,Nevada,057,99092,15915,15963,1206,17169,123
2022-03-21,Orange,059,3164182,545441,544943,41435,586378,6841
2022-03-21,Placer,061,380077,62606,62550,7399,69949,610
2022-03-21,Plumas,063,18699,2965,2744,364,3108,13
2022-03-21,Riverside,065,2383286,590461,589707,28076,617783,6376
2022-03-21,Sacramento,067,1510023,280216,275334,27166,302500,2925
2022-03-21,San Benito,069,59416,12879,12872,515,13387,97
2022-03-21,San Bernardino,071,2135413,565600,560210,25067,585277,6807
2022-03-21,San Diego,073,3302833,751272,748833,52220,801053,5138
2022-03-21,San Francisco,075,870044,123701,123912,8285,132197,835
2022-03-21,San Joaquin,077,732212,166044,165939,10000,175939,2185
2022-03-21,San Luis Obispo,079,281455,52329,52219,3783,56002,463
2022-03-21,San Mateo,081,765935,121064,119899,7000,126899,684
2022-03-21,Santa Barbara,083,443738,85562,85416,4769,90185,672
2022-03-21,Santa Clara,085,1922200,309608,310509,12421,322930,2245
2022-03-21,Santa Cruz,087,273765,47590,47267,2124,49391,259
2022-03-21,Shasta,089,179085,30519,30523,6145,36668,525
2022-03-21,Sierra,091,2930,271,273,48,321,4
2022-03-21,Siskiyou,093,43540,4438,4426,2747,7173,80
2022-03-21,Solano,095,438530,81188,81399,5578,86977,441
2022-03-21,Sonoma,097,501317,83227,82979,2599,85578,482
2022-03-21,Stanislaus,099,539301,117203,118144,17520,135664,1571
2022-03-21,Sutter,101,95872,20451,20523,2112,22635,218
2022-03-21,Tehama,103,63373,12025,12030,2618,14648,160
2022-03-21,Trinity,105,12862,1182,1174,295,1469,20
2022-03-21,Tulare,107,460477,106442,104350,28559,132909,1389
2022-03-21,Tuolumne,109,53932,12612,12620,568,13188,180
2022-03-21,Ventura,111,848112,172835,172537,9319,181856,1452
2022-03-21,Yolo,113,214977,36864,36141,3189,39330,307
2022-03-21,Yuba,115,75493,15813,15790,1200,16990,117
2022-03-20,Alameda,001,1643700,254699,254293,13770,268063,1801
2022-03-20,Alpine,003,1148,122,122,1,123,0
2022-03-20,Amador,005,37829,8519,8460,650,9110,85
2022-03-20,Butte,007,227075,32945,32892,6635,39527,385
2022-03-20,Calaveras,009,45235,7246,7233,351,7584,119
2022-03-20,Colusa,011,21464,3437,3446,1072,4518,21
2022-03-20,Contra Costa,013,1133247,187757,187467,13195,200662,1276
2022-03-20,Del Norte,015,27424,5774,5821,196,6017,50
2022-03-20,El Dorado,017,186661,26636,26608,3225,29833,199
2022-03-20,Fresno,019,978130,230985,229297,23976,253273,2707
2022-03-20,Glenn,021,27897,4970,4972,1603,6575,46
2022-03-20,Humboldt,023,135768,16839,16913,2958,19871,139
2022-03-20,Imperial,025,180216,55299,55133,10813,65946,908
2022-03-20,Inyo,027,18085,4062,4060,484,4544,56
2022-03-20,Kern,029,883053,191553,191170,46249,237419,2187
2022-03-20,Kings,031,150075,51408,51360,3616,54976,441
2022-03-20,Lake,033,64148,10678,10652,896,11548,135
2022-03-20,Lassen,035,31185,8956,8938,887,9825,63
2022-03-20,Los Angeles,037,10098052,2702721,2694698,124334,2819032,31219
2022-03-20,Madera,039,155013,37219,37284,6092,43376,354
2022-03-20,Marin,041,260295,33302,33232,2204,35436,275
2022-03-20,Mariposa,043,17540,2390,2383,201,2584,6
2022-03-20,Mendocino,045,87422,13026,13027,3031,16058,118
2022-03-20,Merced,047,269075,62050,62041,8644,70685,803
2022-03-20,Modoc,049,8938,736,734,250,984,7
2022-03-20,Mono,051,14174,2965,2962,122,3084,5
2022-03-20,Monterey,053,433212,79181,78566,13778,92344,723
2022-03-20,Napa,055,140530,25708,25682,960,26642,138
2022-03-20,Nevada,057,99092,15911,15964,1206,17170,123
2022-03-20,Orange,059,3164182,545319,544862,41415,586277,6841
2022-03-20,Placer,061,380077,62585,62525,7399,69924,610
2022-03-20,Plumas,063,18699,2965,2744,364,3108,13
2022-03-20,Riverside,065,2383286,590363,589657,28071,617728,6376
2022-03-20,Sacramento,067,1510023,280135,275317,27151,302468,2927
2022-03-20,San Benito,069,59416,12879,12869,514,13383,97
2022-03-20,San Bernardino,071,2135413,565520,560220,25058,585278,6805
2022-03-20,San Diego,073,3302833,751026,748833,52187,801020,5138
2022-03-20,San Francisco,075,870044,123550,123858,8273,132131,835
2022-03-20,San Joaquin,077,732212,166010,165927,9996,175923,2185
2022-03-20,San Luis Obispo,079,281455,52305,52217,3780,55997,463
2022-03-20,San Mateo,081,765935,121005,119901,6994,126895,684
2022-03-20,Santa Barbara,083,443738,85538,85412,4767,90179,672
2022-03-20,Santa Clara,085,1922200,309399,310412,12413,322825,2243
2022-03-20,Santa Cruz,087,273765,47563,47265,2123,49388,259
2022-03-20,Shasta,089,179085,30508,30522,6144,36666,525
2022-03-20,Sierra,091,2930,271,273,48,321,4
2022-03-20,Siskiyou,093,43540,4437,4426,2747,7173,80
2022-03-20,Solano,095,438530,81158,81393,5576,86969,441
2022-03-20,Sonoma,097,501317,83184,82965,2598,85563,481
2022-03-20,Stanislaus,099,539301,117178,118146,17516,135662,1572
2022-03-20,Sutter,101,95872,20444,20519,2102,22621,218
2022-03-20,Tehama,103,63373,12023,12030,2618,14648,160
2022-03-20,Trinity,105,12862,1182,1174,295,1469,20
2022-03-20,Tulare,107,460477,106420,104353,28544,132897,1389
2022-03-20,Tuolumne,109,53932,12607,12617,568,13185,180
2022-03-20,Ventura,111,848112,172782,172514,9314,181828,1451
2022-03-20,Yolo,113,214977,36844,36135,3188,39323,307
2022-03-20,Yuba,115,75493,15805,15787,1198,16985,117
2022-03-19,Alameda,001,1643700,254617,253936,13768,267704,1797
2022-03-19,Alpine,003,1148,122,122,1,123,0
2022-03-19,Amador,005,37829,8516,8456,650,9106,85
2022-03-19,Butte,007,227075,32937,32856,6635,39491,385
2022-03-19,Calaveras,009,45235,7245,7229,351,7580,119
2022-03-19,Colusa,011,21464,3435,3445,1072,4517,21
2022-03-19,Contra Costa,013,1133247,187721,187225,13194,200419,1276
2022-03-19,Del Norte,015,27424,5771,5815,196,6011,48
2022-03-19,El Dorado,017,186661,26632,26618,3225,29843,199
2022-03-19,Fresno,019,978130,230961,228965,23975,252940,2694
2022-03-19,Glenn,021,27897,4970,4971,1603,6574,44
2022-03-19,Humboldt,023,135768,16833,16901,2958,19859,138
2022-03-19,Imperial,025,180216,55298,55038,10812,65850,898
2022-03-19,Inyo,027,18085,4062,4061,484,4545,56
2022-03-19,Kern,029,883053,191540,190943,46241,237184,2184
2022-03-19,Kings,031,150075,51403,51334,3616,54950,441
2022-03-19,Lake,033,64148,10678,10641,896,11537,135
2022-03-19,Lassen,035,31185,8956,8925,887,9812,63
2022-03-19,Los Angeles,037,10098052,2702355,2686759,124300,2811059,31133
2022-03-19,Madera,039,155013,37219,37273,6092,43365,354
2022-03-19,Marin,041,260295,33284,33163,2200,35363,272
2022-03-19,Mariposa,043,17540,2389,2378,201,2579,6
2022-03-19,Mendocino,045,87422,13026,13012,3031,16043,117
2022-03-19,Merced,047,269075,62044,61985,8642,70627,800
2022-03-19,Modoc,049,8938,736,734,250,984,7
2022-03-19,Mono,051,14174,2965,2961,122,3083,5
2022-03-19,Monterey,053,433212,79169,78483,13771,92254,720
2022-03-19,Napa,055,140530,25705,25654,960,26614,138
2022-03-19,Nevada,057,99092,15909,15960,1206,17166,123
2022-03-19,Orange,059,3164182,545248,543907,41399,585306,6817
2022-03-19,Placer,061,380077,62570,62483,7399,69882,605
2022-03-19,Plumas,063,18699,2965,2724,364,3088,13
2022-03-19,Riverside,065,2383286,590311,589017,28063,617080,6359
2022-03-19,Sacramento,067,1510023,280094,274855,27147,302002,2913
2022-03-19,San Benito,069,59416,12878,12859,514,13373,97
2022-03-19,San Bernardino,071,2135413,565474,559935,25056,584991,6778
2022-03-19,San Diego,073,3302833,750923,747344,52175,799519,5133
2022-03-19,San Francisco,075,870044,123482,123587,8270,131857,833
2022-03-19,San Joaquin,077,732212,165984,165765,9993,175758,2181
2022-03-19,San Luis Obispo,079,281455,52299,52174,3780,55954,463
2022-03-19,San Mateo,081,765935,120969,119782,6993,126775,667
2022-03-19,Santa Barbara,083,443738,85523,85336,4766,90102,671
2022-03-19,Santa Clara,085,1922200,309279,309918,12404,322322,2225
2022-03-19,Santa Cruz,087,273765,47555,47203,2119,49322,256
2022-03-19,Shasta,089,179085,30504,30495,6144,36639,525
2022-03-19,Sierra,091,2930,271,273,48,321,4
2022-03-19,Siskiyou,093,43540,4436,4422,2747,7169,76
2022-03-19,Solano,095,438530,81149,81340,5573,86913,441
2022-03-19,Sonoma,097,501317,83166,82838,2595,85433,472
2022-03-19,Stanislaus,099,539301,117168,118138,17514,135652,1568
2022-03-19,Sutter,101,95872,20441,20503,2102,22605,218
2022-03-19,Tehama,103,63373,12023,12007,2618,14625,160
2022-03-19,Trinity,105,12862,1182,1173,295,1468,20
2022-03-19,Tulare,107,460477,106411,104290,28539,132829,1384
2022-03-19,Tuolumne,109,53932,12607,12617,568,13185,180
2022-03-19,Ventura,111,848112,172751,172380,9313,181693,1451
2022-03-19,Yolo,113,214977,36835,36086,3188,39274,306
2022-03-19,Yuba,115,75493,15801,15768,1197,16965,117
2022-03-18,Alameda,001,1643700,254557,253936,13764,267700,1797
2022-03-18,Alpine,003,1148,122,122,1,123,0
2022-03-18,Amador,005,37829,8516,8456,650,9106,85
2022-03-18,Butte,007,227075,32932,32856,6633,39489,385
2022-03-18,Calaveras,009,45235,7245,7229,351,7580,119
2022-03-18,Colusa,011,21464,3435,3445,1072,4517,21
2022-03-18,Contra Costa,013,1133247,187688,187225,13192,200417,1276
2022-03-18,Del Norte,015,27424,5769,5815,195,6010,48
2022-03-18,El Dorado,017,186661,26627,26618,3223,29841,199
2022-03-18,Fresno,019,978130,230928,228965,23975,252940,2694
2022-03-18,Glenn,021,27897,4970,4971,1603,6574,44
2022-03-18,Humboldt,023,135768,16830,16901,2957,19858,138
2022-03-18,Imperial,025,180216,55296,55038,10812,65850,898
2022-03-18,Inyo,027,18085,4062,4061,484,4545,56
2022-03-18,Kern,029,883053,191529,190943,46238,237181,2184
2022-03-18,Kings,031,150075,51397,51334,3616,54950,441
2022-03-18,Lake,033,64148,10676,10641,895,11536,135
2022-03-18,Lassen,035,31185,8955,8925,887,9812,63
2022-03-18,Los Angeles,037,10098052,2702007,2686759,124274,2811033,31133
2022-03-18,Madera,039,155013,37214,37273,6092,43365,354
2022-03-18,Marin,041,260295,33270,33163,2200,35363,272
2022-03-18,Mariposa,043,17540,2388,2378,201,2579,6
2022-03-18,Mendocino,045,87422,13021,13012,3031,16043,117
2022-03-18,Merced,047,269075,62034,61985,8642,70627,800
2022-03-18,Modoc,049,8938,736,734,250,984,7
2022-03-18,Mono,051,14174,2964,2961,122,3083,5
2022-03-18,Monterey,053,433212,79151,78483,13768,92251,720
2022-03-18,Napa,055,140530,25702,25654,960,26614,138
2022-03-18,Nevada,057,99092,15906,15960,1205,17165,123
2022-03-18,Orange,059,3164182,545180,543907,41390,585297,6817
2022-03-18,Placer,061,380077,62562,62483,7399,69882,605
2022-03-18,Plumas,063,18699,2965,2724,364,3088,13
2022-03-18,Riverside,065,2383286,590254,589017,28059,617076,6359
2022-03-18,Sacramento,067,1510023,280059,274855,27142,301997,2913
2022-03-18,San Benito,069,59416,12876,12859,514,13373,97
2022-03-18,San Bernardino,071,2135413,565435,559935,25054,584989,6778
2022-03-18,San Diego,073,3302833,750813,747344,52160,799504,5133
2022-03-18,San Francisco,075,870044,123402,123587,8263,131850,833
2022-03-18,San Joaquin,077,732212,165970,165765,9988,175753,2181
2022-03-18,San Luis Obispo,079,281455,52293,52174,3780,55954,463
2022-03-18,San Mateo,081,765935,120934,119782,6990,126772,667
2022-03-18,Santa Barbara,083,443738,85514,85336,4765,90101,671
2022-03-18,Santa Clara,085,1922200,309176,309918,12401,322319,2225
2022-03-18,Santa Cruz,087,273765,47543,47203,2118,49321,256
2022-03-18,Shasta,089,179085,30503,30495,6144,36639,525
2022-03-18,Sierra,091,2930,271,273,48,321,4
2022-03-18,Siskiyou,093,43540,4436,4422,2747,7169,76
2022-03-18,Solano,095,438530,81138,81340,5567,86907,441
2022-03-18,Sonoma,097,501317,83146,82838,2594,85432,472
2022-03-18,Stanislaus,099,539301,117155,118138,17514,135652,1568
2022-03-18,Sutter,101,95872,20438,20503,2102,22605,218
2022-03-18,Tehama,103,63373,12022,12007,2618,14625,160
2022-03-18,Trinity,105,12862,1182,1173,295,1468,20
2022-03-18,Tulare,107,460477,106405,104290,28533,132823,1384
2022-03-18,Tuolumne,109,53932,12606,12617,568,13185,180
2022-03-18,Ventura,111,848112,172731,172380,9308,181688,1451
2022-03-18,Yolo,113,214977,36824,36086,3188,39274,306
2022-03-18,Yuba,115,75493,15799,15768,1197,16965,117
2022-03-17,Alameda,001,1643700,254459,253936,13757,267693,1797
2022-03-17,Alpine,003,1148,122,122,1,123,0
2022-03-17,Amador,005,37829,8509,8456,650,9106,85
2022-03-17,Butte,007,227075,32918,32856,6631,39487,385
2022-03-17,Calaveras,009,45235,7242,7229,351,7580,119
2022-03-17,Colusa,011,21464,3435,3445,1072,4517,21
2022-03-17,Contra Costa,013,1133247,187624,187225,13182,200407,1276
2022-03-17,Del Norte,015,27424,5767,5815,195,6010,48
2022-03-17,El Dorado,017,186661,26620,26618,3223,29841,199
2022-03-17,Fresno,019,978130,230879,228965,23970,252935,2694
2022-03-17,Glenn,021,27897,4970,4971,1603,6574,44
2022-03-17,Humboldt,023,135768,16826,16901,2955,19856,138
2022-03-17,Imperial,025,180216,55285,55038,10812,65850,898
2022-03-17,Inyo,027,18085,4062,4061,484,4545,56
2022-03-17,Kern,029,883053,191499,190943,46235,237178,2184
2022-03-17,Kings,031,150075,51394,51334,3615,54949,441
2022-03-17,Lake,033,64148,10673,10641,895,11536,135
2022-03-17,Lassen,035,31185,8953,8925,887,9812,63
2022-03-17,Los Angeles,037,10098052,2701350,2686759,124237,2810996,31133
2022-03-17,Madera,039,155013,37210,37273,6091,43364,354
2022-03-17,Marin,041,260295,33258,33163,2199,35362,272
2022-03-17,Mariposa,043,17540,2388,2378,201,2579,6
2022-03-17,Mendocino,045,87422,13018,13012,3028,16040,117
2022-03-17,Merced,047,269075,62028,61985,8640,70625,800
2022-03-17,Modoc,049,8938,736,734,250,984,7
2022-03-17,Mono,051,14174,2964,2961,121,3082,5
2022-03-17,Monterey,053,433212,79129,78483,13762,92245,720
2022-03-17,Napa,055,140530,25697,25654,960,26614,138
2022-03-17,Nevada,057,99092,15903,15960,1205,17165,123
2022-03-17,Orange,059,3164182,545086,543907,41379,585286,6817
2022-03-17,Placer,061,380077,62547,62483,7397,69880,605
2022-03-17,Plumas,063,18699,2964,2724,364,3088,13
2022-03-17,Riverside,065,2383286,590175,589017,28052,617069,6359
2022-03-17,Sacramento,067,1510023,279992,274855,27134,301989,2913
2022-03-17,San Benito,069,59416,12875,12859,514,13373,97
2022-03-17,San Bernardino,071,2135413,565369,559935,25051,584986,6778
2022-03-17,San Diego,073,3302833,750636,747344,52146,799490,5133
2022-03-17,San Francisco,075,870044,123322,123587,8258,131845,833
2022-03-17,San Joaquin,077,732212,165947,165765,9986,175751,2181
2022-03-17,San Luis Obispo,079,281455,52279,52174,3778,55952,463
2022-03-17,San Mateo,081,765935,120888,119782,6986,126768,667
2022-03-17,Santa Barbara,083,443738,85498,85336,4765,90101,671
2022-03-17,Santa Clara,085,1922200,309056,309918,12396,322314,2225
2022-03-17,Santa Cruz,087,273765,47527,47203,2116,49319,256
2022-03-17,Shasta,089,179085,30500,30495,6142,36637,525
2022-03-17,Sierra,091,2930,271,273,48,321,4
2022-03-17,Siskiyou,093,43540,4435,4422,2747,7169,76
2022-03-17,Solano,095,438530,81109,81340,5564,86904,441
2022-03-17,Sonoma,097,501317,83116,82838,2592,85430,472
2022-03-17,Stanislaus,099,539301,117142,118138,17509,135647,1568
2022-03-17,Sutter,101,95872,20428,20503,2088,22591,218
2022-03-17,Tehama,103,63373,12022,12007,2617,14624,160
2022-03-17,Trinity,105,12862,1182,1173,295,1468,20
2022-03-17,Tulare,107,460477,106390,104290,28522,132812,1384
2022-03-17,Tuolumne,109,53932,12603,12617,567,13184,180
2022-03-17,Ventura,111,848112,172684,172380,9306,181686,1451
2022-03-17,Yolo,113,214977,36811,36086,3188,39274,306
2022-03-17,Yuba,115,75493,15797,15768,1196,16964,117
2022-03-16,Alameda,001,1643700,254360,253792,13753,267545,1794
2022-03-16,Alpine,003,1148,122,122,1,123,0
2022-03-16,Amador,005,37829,8501,8449,650,9099,85
2022-03-16,Butte,007,227075,32906,32837,6626,39463,385
2022-03-16,Calaveras,009,45235,7240,7229,351,7580,120
2022-03-16,Colusa,011,21464,3435,3445,1072,4517,22
2022-03-16,Contra Costa,013,1133247,187566,187100,13173,200273,1266
2022-03-16,Del Norte,015,27424,5766,5811,193,6004,48
2022-03-16,El Dorado,017,186661,26608,26602,3222,29824,199
2022-03-16,Fresno,019,978130,230831,228786,23959,252745,2689
2022-03-16,Glenn,021,27897,4970,4969,1602,6571,44
2022-03-16,Humboldt,023,135768,16823,16893,2955,19848,138
2022-03-16,Imperial,025,180216,55273,55002,10811,65813,897
2022-03-16,Inyo,027,18085,4061,4061,484,4545,56
2022-03-16,Kern,029,883053,191456,190835,46228,237063,2170
2022-03-16,Kings,031,150075,51379,51321,3615,54936,437
2022-03-16,Lake,033,64148,10671,10633,894,11527,133
2022-03-16,Lassen,035,31185,8950,8924,887,9811,62
2022-03-16,Los Angeles,037,10098052,2700721,2685789,124196,2809985,31102
2022-03-16,Madera,039,155013,37202,37262,6090,43352,354
2022-03-16,Marin,041,260295,33237,33136,2197,35333,272
2022-03-16,Mariposa,043,17540,2386,2376,201,2577,6
2022-03-16,Mendocino,045,87422,13015,13011,3027,16038,117
2022-03-16,Merced,047,269075,62012,61959,8634,70593,798
2022-03-16,Modoc,049,8938,735,734,250,984,7
2022-03-16,Mono,051,14174,2964,2960,121,3081,5
2022-03-16,Monterey,053,433212,79107,78416,13757,92173,720
2022-03-16,Napa,055,140530,25688,25638,959,26597,138
2022-03-16,Nevada,057,99092,15901,15960,1205,17165,123
2022-03-16,Orange,059,3164182,544964,543326,41355,584681,6791
2022-03-16,Placer,061,380077,62532,62435,7395,69830,605
2022-03-16,Plumas,063,18699,2964,2723,364,3087,13
2022-03-16,Riverside,065,2383286,590075,588761,28049,616810,6351
2022-03-16,Sacramento,067,1510023,279925,274709,27127,301836,2910
2022-03-16,San Benito,069,59416,12870,12854,514,13368,97
2022-03-16,San Bernardino,071,2135413,565288,559746,25044,584790,6775
2022-03-16,San Diego,073,3302833,750425,746970,52122,799092,5126
2022-03-16,San Francisco,075,870044,123222,123446,8250,131696,831
2022-03-16,San Joaquin,077,732212,165900,165703,9983,175686,2169
2022-03-16,San Luis Obispo,079,281455,52261,52132,3774,55906,462
2022-03-16,San Mateo,081,765935,120825,119680,6977,126657,660
2022-03-16,Santa Barbara,083,443738,85465,85322,4760,90082,670
2022-03-16,Santa Clara,085,1922200,308871,309689,12381,322070,2224
2022-03-16,Santa Cruz,087,273765,47498,47161,2116,49277,255
2022-03-16,Shasta,089,179085,30491,30489,6138,36627,527
2022-03-16,Sierra,091,2930,271,273,48,321,4
2022-03-16,Siskiyou,093,43540,4432,4419,2745,7164,76
2022-03-16,Solano,095,438530,81086,81277,5562,86839,440
2022-03-16,Sonoma,097,501317,83071,82791,2583,85374,472
2022-03-16,Stanislaus,099,539301,117116,118072,17507,135579,1567
2022-03-16,Sutter,101,95872,20426,20494,2087,22581,218
2022-03-16,Tehama,103,63373,12020,11999,2617,14616,160
2022-03-16,Trinity,105,12862,1182,1173,295,1468,20
2022-03-16,Tulare,107,460477,106375,104217,28516,132733,1377
2022-03-16,Tuolumne,109,53932,12598,12610,567,13177,180
2022-03-16,Ventura,111,848112,172644,172212,9302,181514,1451
2022-03-16,Yolo,113,214977,36789,36079,3185,39264,307
2022-03-16,Yuba,115,75493,15792,15758,1196,16954,117
2022-03-15,Alameda,001,1643700,254229,253694,13743,267437,1793
2022-03-15,Alpine,003,1148,122,122,1,123,0
2022-03-15,Amador,005,37829,8498,8448,650,9098,85
2022-03-15,Butte,007,227075,32893,32822,6624,39446,385
2022-03-15,Calaveras,009,45235,7238,7236,351,7587,118
2022-03-15,Colusa,011,21464,3435,3445,1072,4517,21
2022-03-15,Contra Costa,013,1133247,187486,187021,13164,200185,1265
2022-03-15,Del Norte,015,27424,5763,5806,190,5996,48
2022-03-15,El Dorado,017,186661,26605,26596,3221,29817,199
2022-03-15,Fresno,019,978130,230788,228631,23949,252580,2689
2022-03-15,Glenn,021,27897,4968,4966,1602,6568,44
2022-03-15,Humboldt,023,135768,16817,16889,2954,19843,138
2022-03-15,Imperial,025,180216,55263,54981,10807,65788,896
2022-03-15,Inyo,027,18085,4061,4062,483,4545,56
2022-03-15,Kern,029,883053,191427,190645,46218,236863,2168
2022-03-15,Kings,031,150075,51360,51317,3611,54928,437
2022-03-15,Lake,033,64148,10667,10631,894,11525,131
2022-03-15,Lassen,035,31185,8948,8926,886,9812,62
2022-03-15,Los Angeles,037,10098052,2700049,2685071,124136,2809207,31077
2022-03-15,Madera,039,155013,37192,37258,6089,43347,354
2022-03-15,Marin,041,260295,33214,33111,2196,35307,272
2022-03-15,Mariposa,043,17540,2384,2377,201,2578,6
2022-03-15,Mendocino,045,87422,13010,13005,3026,16031,117
2022-03-15,Merced,047,269075,61994,61916,8625,70541,798
2022-03-15,Modoc,049,8938,735,733,250,983,7
2022-03-15,Mono,051,14174,2964,2961,121,3082,5
2022-03-15,Monterey,053,433212,79076,78400,13749,92149,718
2022-03-15,Napa,055,140530,25680,25657,957,26614,138
2022-03-15,Nevada,057,99092,15899,15960,1203,17163,123
2022-03-15,Orange,059,3164182,544822,543197,41348,584545,6780
2022-03-15,Placer,061,380077,62514,62398,7391,69789,604
2022-03-15,Plumas,063,18699,2963,2722,364,3086,13
2022-03-15,Riverside,065,2383286,589975,588622,28041,616663,6333
2022-03-15,Sacramento,067,1510023,279842,274633,27120,301753,2907
2022-03-15,San Benito,069,59416,12866,12849,514,13363,95
2022-03-15,San Bernardino,071,2135413,565212,559605,25039,584644,6770
2022-03-15,San Diego,073,3302833,750176,746474,52100,798574,5116
2022-03-15,San Francisco,075,870044,123106,123526,8241,131767,831
2022-03-15,San Joaquin,077,732212,165856,165664,9977,175641,2161
2022-03-15,San Luis Obispo,079,281455,52251,52060,3770,55830,458
2022-03-15,San Mateo,081,765935,120774,119586,6971,126557,649
2022-03-15,Santa Barbara,083,443738,85440,85353,4756,90109,668
2022-03-15,Santa Clara,085,1922200,308711,309535,12369,321904,2224
2022-03-15,Santa Cruz,087,273765,47445,47117,2116,49233,255
2022-03-15,Shasta,089,179085,30482,30476,6135,36611,524
2022-03-15,Sierra,091,2930,271,273,48,321,4
2022-03-15,Siskiyou,093,43540,4432,4420,2745,7165,76
2022-03-15,Solano,095,438530,81051,81260,5561,86821,440
2022-03-15,Sonoma,097,501317,83029,82737,2583,85320,472
2022-03-15,Stanislaus,099,539301,117097,118085,17504,135589,1567
2022-03-15,Sutter,101,95872,20423,20480,2077,22557,217
2022-03-15,Tehama,103,63373,12017,11997,2616,14613,160
2022-03-15,Trinity,105,12862,1182,1173,295,1468,20
2022-03-15,Tulare,107,460477,106356,104153,28504,132657,1375
2022-03-15,Tuolumne,109,53932,12594,12602,567,13169,180
2022-03-15,Ventura,111,848112,172599,172150,9298,181448,1451
2022-03-15,Yolo,113,214977,36776,36079,3179,39258,308
2022-03-15,Yuba,115,75493,15783,15756,1196,16952,116
2022-03-14,Alameda,001,1643700,254113,253629,13739,267368,1791
2022-03-14,Alpine,003,1148,122,122,1,123,0
2022-03-14,Amador,005,37829,8493,8448,650,9098,85
2022-03-14,Butte,007,227075,32875,32812,6623,39435,385
2022-03-14,Calaveras,009,45235,7237,7245,351,7596,118
2022-03-14,Colusa,011,21464,3434,3445,1072,4517,21
2022-03-14,Contra Costa,013,1133247,187393,186969,13155,200124,1265
2022-03-14,Del Norte,015,27424,5757,5807,190,5997,48
2022-03-14,El Dorado,017,186661,26600,26570,3221,29791,199
2022-03-14,Fresno,019,978130,230714,228470,23939,252409,2682
2022-03-14,Glenn,021,27897,4966,4966,1601,6567,44
2022-03-14,Humboldt,023,135768,16810,16890,2952,19842,137
2022-03-14,Imperial,025,180216,55250,54933,10806,65739,897
2022-03-14,Inyo,027,18085,4061,4062,483,4545,56
2022-03-14,Kern,029,883053,191392,190526,46207,236733,2166
2022-03-14,Kings,031,150075,51342,51293,3610,54903,437
2022-03-14,Lake,033,64148,10664,10631,894,11525,131
2022-03-14,Lassen,035,31185,8948,8927,885,9812,62
2022-03-14,Los Angeles,037,10098052,2699424,2683369,124069,2807438,31034
2022-03-14,Madera,039,155013,37186,37255,6088,43343,354
2022-03-14,Marin,041,260295,33185,33099,2196,35295,272
2022-03-14,Mariposa,043,17540,2383,2376,201,2577,6
2022-03-14,Mendocino,045,87422,13004,12992,3019,16011,117
2022-03-14,Merced,047,269075,61976,61905,8623,70528,795
2022-03-14,Modoc,049,8938,734,731,250,981,7
2022-03-14,Mono,051,14174,2963,2961,121,3082,5
2022-03-14,Monterey,053,433212,79062,78376,13712,92088,718
2022-03-14,Napa,055,140530,25665,25649,957,26606,138
2022-03-14,Nevada,057,99092,15897,15954,1203,17157,123
2022-03-14,Orange,059,3164182,544682,543099,41340,584439,6775
2022-03-14,Placer,061,380077,62496,62389,7389,69778,601
2022-03-14,Plumas,063,18699,2963,2711,364,3075,13
2022-03-14,Riverside,065,2383286,589838,588531,28029,616560,6332
2022-03-14,Sacramento,067,1510023,279762,274682,27115,301797,2899
2022-03-14,San Benito,069,59416,12861,12846,513,13359,95
2022-03-14,San Bernardino,071,2135413,565126,559505,25034,584539,6767
2022-03-14,San Diego,073,3302833,749866,745515,52072,797587,5108
2022-03-14,San Francisco,075,870044,123016,123575,8235,131810,824
2022-03-14,San Joaquin,077,732212,165818,165662,9976,175638,2142
2022-03-14,San Luis Obispo,079,281455,52224,52046,3767,55813,458
2022-03-14,San Mateo,081,765935,120701,119564,6968,126532,649
2022-03-14,Santa Barbara,083,443738,85403,85396,4755,90151,667
2022-03-14,Santa Clara,085,1922200,308525,309600,12364,321964,2223
2022-03-14,Santa Cruz,087,273765,47407,47107,2113,49220,255
2022-03-14,Shasta,089,179085,30477,30462,6132,36594,520
2022-03-14,Sierra,091,2930,271,273,48,321,4
2022-03-14,Siskiyou,093,43540,4427,4419,2744,7163,76
2022-03-14,Solano,095,438530,81003,81233,5556,86789,440
2022-03-14,Sonoma,097,501317,82995,82731,2579,85310,473
2022-03-14,Stanislaus,099,539301,117060,118088,17500,135588,1567
2022-03-14,Sutter,101,95872,20416,20478,2077,22555,217
2022-03-14,Tehama,103,63373,12015,11996,2616,14612,160
2022-03-14,Trinity,105,12862,1182,1172,295,1467,20
2022-03-14,Tulare,107,460477,106325,104121,28496,132617,1365
2022-03-14,Tuolumne,109,53932,12593,12567,566,13133,180
2022-03-14,Ventura,111,848112,172546,172107,9296,181403,1442
2022-03-14,Yolo,113,214977,36761,36059,3177,39236,308
2022-03-14,Yuba,115,75493,15772,15748,1196,16944,116
2022-03-13,Alameda,001,1643700,253988,253547,13730,267277,1792
2022-03-13,Alpine,003,1148,122,122,1,123,0
2022-03-13,Amador,005,37829,8491,8444,650,9094,85
2022-03-13,Butte,007,227075,32856,32806,6619,39425,384
2022-03-13,Calaveras,009,45235,7232,7253,351,7604,118
2022-03-13,Colusa,011,21464,3434,3444,1070,4514,21
2022-03-13,Contra Costa,013,1133247,187300,186911,13140,200051,1265
2022-03-13,Del Norte,015,27424,5753,5808,190,5998,48
2022-03-13,El Dorado,017,186661,26595,26563,3220,29783,199
2022-03-13,Fresno,019,978130,230633,228421,23925,252346,2683
2022-03-13,Glenn,021,27897,4962,4966,1600,6566,44
2022-03-13,Humboldt,023,135768,16802,16883,2952,19835,137
2022-03-13,Imperial,025,180216,55240,54934,10804,65738,897
2022-03-13,Inyo,027,18085,4061,4062,482,4544,56
2022-03-13,Kern,029,883053,191338,190495,46193,236688,2166
2022-03-13,Kings,031,150075,51334,51273,3609,54882,437
2022-03-13,Lake,033,64148,10661,10626,894,11520,131
2022-03-13,Lassen,035,31185,8947,8929,884,9813,62
2022-03-13,Los Angeles,037,10098052,2698696,2683351,124025,2807376,31034
2022-03-13,Madera,039,155013,37178,37248,6088,43336,354
2022-03-13,Marin,041,260295,33160,33083,2194,35277,272
2022-03-13,Mariposa,043,17540,2381,2376,201,2577,6
2022-03-13,Mendocino,045,87422,12998,12987,3014,16001,117
2022-03-13,Merced,047,269075,61952,61895,8612,70507,795
2022-03-13,Modoc,049,8938,734,731,250,981,7
2022-03-13,Mono,051,14174,2963,2961,121,3082,5
2022-03-13,Monterey,053,433212,79026,78366,13662,92028,718
2022-03-13,Napa,055,140530,25650,25639,956,26595,138
2022-03-13,Nevada,057,99092,15890,15959,1203,17162,123
2022-03-13,Orange,059,3164182,544561,543036,41316,584352,6774
2022-03-13,Placer,061,380077,62469,62372,7386,69758,601
2022-03-13,Plumas,063,18699,2963,2711,364,3075,13
2022-03-13,Riverside,065,2383286,589704,588487,28023,616510,6332
2022-03-13,Sacramento,067,1510023,279661,274715,27103,301818,2899
2022-03-13,San Benito,069,59416,12855,12844,511,13355,95
2022-03-13,San Bernardino,071,2135413,565031,559450,25023,584473,6767
2022-03-13,San Diego,073,3302833,749516,745515,52038,797553,5108
2022-03-13,San Francisco,075,870044,122893,123622,8229,131851,824
2022-03-13,San Joaquin,077,732212,165770,165641,9974,175615,2142
2022-03-13,San Luis Obispo,079,281455,52194,52040,3764,55804,458
2022-03-13,San Mateo,081,765935,120623,119521,6959,126480,649
2022-03-13,Santa Barbara,083,443738,85362,85453,4753,90206,667
2022-03-13,Santa Clara,085,1922200,308356,309493,12355,321848,2225
2022-03-13,Santa Cruz,087,273765,47356,47087,2112,49199,255
2022-03-13,Shasta,089,179085,30460,30457,6130,36587,520
2022-03-13,Sierra,091,2930,271,273,48,321,4
2022-03-13,Siskiyou,093,43540,4427,4418,2744,7162,76
2022-03-13,Solano,095,438530,80968,81217,5552,86769,440
2022-03-13,Sonoma,097,501317,82958,82711,2576,85287,473
2022-03-13,Stanislaus,099,539301,117028,118075,17497,135572,1567
2022-03-13,Sutter,101,95872,20412,20474,2076,22550,217
2022-03-13,Tehama,103,63373,12014,11997,2615,14612,160
2022-03-13,Trinity,105,12862,1182,1172,295,1467,20
2022-03-13,Tulare,107,460477,106288,104119,28486,132605,1365
2022-03-13,Tuolumne,109,53932,12590,12565,566,13131,180
2022-03-13,Ventura,111,848112,172488,172080,9289,181369,1442
2022-03-13,Yolo,113,214977,36745,36019,3173,39192,308
2022-03-13,Yuba,115,75493,15767,15741,1196,16937,116
2022-03-12,Alameda,001,1643700,253923,253079,13725,266804,1783
2022-03-12,Alpine,003,1148,122,122,1,123,0
2022-03-12,Amador,005,37829,8487,8427,650,9077,84
2022-03-12,Butte,007,227075,32852,32774,6617,39391,380
2022-03-12,Calaveras,009,45235,7231,7253,351,7604,118
2022-03-12,Colusa,011,21464,3434,3440,1070,4510,21
2022-03-12,Contra Costa,013,1133247,187256,186618,13139,199757,1256
2022-03-12,Del Norte,015,27424,5752,5791,190,5981,48
2022-03-12,El Dorado,017,186661,26591,26538,3220,29758,199
2022-03-12,Fresno,019,978130,230611,228041,23925,251966,2653
2022-03-12,Glenn,021,27897,4962,4955,1600,6555,44
2022-03-12,Humboldt,023,135768,16798,16862,2951,19813,137
2022-03-12,Imperial,025,180216,55236,54837,10800,65637,896
2022-03-12,Inyo,027,18085,4061,4056,482,4538,56
2022-03-12,Kern,029,883053,191321,190330,46188,236518,2162
2022-03-12,Kings,031,150075,51328,51145,3609,54754,436
2022-03-12,Lake,033,64148,10658,10594,893,11487,131
2022-03-12,Lassen,035,31185,8946,8915,884,9799,62
2022-03-12,Los Angeles,037,10098052,2698373,2678858,124006,2802864,30901
2022-03-12,Madera,039,155013,37173,37223,6088,43311,354
2022-03-12,Marin,041,260295,33136,33015,2193,35208,272
2022-03-12,Mariposa,043,17540,2381,2372,201,2573,6
2022-03-12,Mendocino,045,87422,12994,12965,3014,15979,117
2022-03-12,Merced,047,269075,61947,61840,8611,70451,795
2022-03-12,Modoc,049,8938,734,730,250,980,7
2022-03-12,Mono,051,14174,2963,2960,120,3080,5
2022-03-12,Monterey,053,433212,79019,78285,13660,91945,716
2022-03-12,Napa,055,140530,25640,25584,955,26539,138
2022-03-12,Nevada,057,99092,15883,15947,1203,17150,123
2022-03-12,Orange,059,3164182,544496,542354,41307,583661,6718
2022-03-12,Placer,061,380077,62460,62282,7386,69668,598
2022-03-12,Plumas,063,18699,2963,2707,364,3071,13
2022-03-12,Riverside,065,2383286,589641,588022,28018,616040,6317
2022-03-12,Sacramento,067,1510023,279622,274519,27099,301618,2886
2022-03-12,San Benito,069,59416,12852,12868,511,13379,95
2022-03-12,San Bernardino,071,2135413,564990,559013,25022,584035,6734
2022-03-12,San Diego,073,3302833,749387,744386,52016,796402,5090
2022-03-12,San Francisco,075,870044,122829,123610,8223,131833,823
2022-03-12,San Joaquin,077,732212,165753,165516,9971,175487,2117
2022-03-12,San Luis Obispo,079,281455,52185,51947,3761,55708,457
2022-03-12,San Mateo,081,765935,120586,119288,6958,126246,641
2022-03-12,Santa Barbara,083,443738,85343,85421,4753,90174,664
2022-03-12,Santa Clara,085,1922200,308258,308989,12349,321338,2208
2022-03-12,Santa Cruz,087,273765,47343,46982,2111,49093,254
2022-03-12,Shasta,089,179085,30448,30419,6128,36547,517
2022-03-12,Sierra,091,2930,271,273,48,321,4
2022-03-12,Siskiyou,093,43540,4427,4405,2744,7149,75
2022-03-12,Solano,095,438530,80954,81058,5552,86610,436
2022-03-12,Sonoma,097,501317,82941,82622,2574,85196,473
2022-03-12,Stanislaus,099,539301,117014,117884,17496,135380,1564
2022-03-12,Sutter,101,95872,20411,20429,2076,22505,217
2022-03-12,Tehama,103,63373,12014,11983,2615,14598,159
2022-03-12,Trinity,105,12862,1181,1172,295,1467,20
2022-03-12,Tulare,107,460477,106282,103994,28481,132475,1358
2022-03-12,Tuolumne,109,53932,12589,12476,566,13042,180
2022-03-12,Ventura,111,848112,172463,171932,9287,181219,1442
2022-03-12,Yolo,113,214977,36738,35982,3171,39153,308
2022-03-12,Yuba,115,75493,15767,15722,1196,16918,116
2022-03-11,Alameda,001,1643700,253856,253079,13725,266804,1783
2022-03-11,Alpine,003,1148,122,122,1,123,0
2022-03-11,Amador,005,37829,8485,8427,650,9077,84
2022-03-11,Butte,007,227075,32848,32774,6616,39390,380
2022-03-11,Calaveras,009,45235,7231,7253,351,7604,118
2022-03-11,Colusa,011,21464,3434,3440,1070,4510,21
2022-03-11,Contra Costa,013,1133247,187208,186618,13137,199755,1256
2022-03-11,Del Norte,015,27424,5748,5791,190,5981,48
2022-03-11,El Dorado,017,186661,26587,26538,3220,29758,199
2022-03-11,Fresno,019,978130,230555,228041,23921,251962,2653
2022-03-11,Glenn,021,27897,4962,4955,1600,6555,44
2022-03-11,Humboldt,023,135768,16793,16862,2949,19811,137
2022-03-11,Imperial,025,180216,55229,54837,10799,65636,896
2022-03-11,Inyo,027,18085,4061,4056,482,4538,56
2022-03-11,Kern,029,883053,191300,190330,46183,236513,2162
2022-03-11,Kings,031,150075,51308,51145,3609,54754,436
2022-03-11,Lake,033,64148,10654,10594,893,11487,131
2022-03-11,Lassen,035,31185,8945,8915,884,9799,62
2022-03-11,Los Angeles,037,10098052,2698049,2678858,123981,2802839,30901
2022-03-11,Madera,039,155013,37168,37223,6088,43311,354
2022-03-11,Marin,041,260295,33120,33015,2192,35207,272
2022-03-11,Mariposa,043,17540,2381,2372,201,2573,6
2022-03-11,Mendocino,045,87422,12988,12965,3014,15979,117
2022-03-11,Merced,047,269075,61937,61840,8609,70449,795
2022-03-11,Modoc,049,8938,734,730,250,980,7
2022-03-11,Mono,051,14174,2962,2960,120,3080,5
2022-03-11,Monterey,053,433212,79006,78285,13654,91939,716
2022-03-11,Napa,055,140530,25629,25584,955,26539,138
2022-03-11,Nevada,057,99092,15880,15947,1203,17150,123
2022-03-11,Orange,059,3164182,544426,542354,41293,583647,6718
2022-03-11,Placer,061,380077,62450,62282,7385,69667,598
2022-03-11,Plumas,063,18699,2961,2707,364,3071,13
2022-03-11,Riverside,065,2383286,589566,588022,28014,616036,6317
2022-03-11,Sacramento,067,1510023,279555,274519,27096,301615,2886
2022-03-11,San Benito,069,59416,12851,12868,511,13379,95
2022-03-11,San Bernardino,071,2135413,564932,559013,25016,584029,6734
2022-03-11,San Diego,073,3302833,749220,744386,52002,796388,5090
2022-03-11,San Francisco,075,870044,122779,123610,8219,131829,823
2022-03-11,San Joaquin,077,732212,165720,165516,9968,175484,2117
2022-03-11,San Luis Obispo,079,281455,52177,51947,3760,55707,457
2022-03-11,San Mateo,081,765935,120537,119288,6955,126243,641
2022-03-11,Santa Barbara,083,443738,85323,85421,4752,90173,664
2022-03-11,Santa Clara,085,1922200,308156,308989,12345,321334,2208
2022-03-11,Santa Cruz,087,273765,47328,46982,2111,49093,254
2022-03-11,Shasta,089,179085,30442,30419,6125,36544,517
2022-03-11,Sierra,091,2930,271,273,48,321,4
2022-03-11,Siskiyou,093,43540,4425,4405,2742,7147,75
2022-03-11,Solano,095,438530,80940,81058,5551,86609,436
2022-03-11,Sonoma,097,501317,82916,82622,2572,85194,473
2022-03-11,Stanislaus,099,539301,117001,117884,17495,135379,1564
2022-03-11,Sutter,101,95872,20409,20429,2076,22505,217
2022-03-11,Tehama,103,63373,12012,11983,2615,14598,159
2022-03-11,Trinity,105,12862,1181,1172,295,1467,20
2022-03-11,Tulare,107,460477,106269,103994,28475,132469,1358
2022-03-11,Tuolumne,109,53932,12587,12476,566,13042,180
2022-03-11,Ventura,111,848112,172427,171932,9282,181214,1442
2022-03-11,Yolo,113,214977,36726,35982,3171,39153,308
2022-03-11,Yuba,115,75493,15764,15722,1196,16918,116
2022-03-10,Alameda,001,1643700,253744,253079,13718,266797,1783
2022-03-10,Alpine,003,1148,122,122,1,123,0
2022-03-10,Amador,005,37829,8484,8427,650,9077,84
2022-03-10,Butte,007,227075,32834,32774,6614,39388,380
2022-03-10,Calaveras,009,45235,7230,7253,350,7603,118
2022-03-10,Colusa,011,21464,3434,3440,1070,4510,21
2022-03-10,Contra Costa,013,1133247,187123,186618,13127,199745,1256
2022-03-10,Del Norte,015,27424,5739,5791,190,5981,48
2022-03-10,El Dorado,017,186661,26575,26538,3219,29757,199
2022-03-10,Fresno,019,978130,230481,228041,23911,251952,2653
2022-03-10,Glenn,021,27897,4960,4955,1600,6555,44
2022-03-10,Humboldt,023,135768,16784,16862,2948,19810,137
2022-03-10,Imperial,025,180216,55219,54837,10798,65635,896
2022-03-10,Inyo,027,18085,4060,4056,482,4538,56
2022-03-10,Kern,029,883053,191267,190330,46168,236498,2162
2022-03-10,Kings,031,150075,51278,51145,3608,54753,436
2022-03-10,Lake,033,64148,10644,10594,892,11486,131
2022-03-10,Lassen,035,31185,8945,8915,884,9799,62
2022-03-10,Los Angeles,037,10098052,2697493,2678858,123942,2802800,30901
2022-03-10,Madera,039,155013,37161,37223,6081,43304,354
2022-03-10,Marin,041,260295,33106,33015,2188,35203,272
2022-03-10,Mariposa,043,17540,2381,2372,201,2573,6
2022-03-10,Mendocino,045,87422,12984,12965,3014,15979,117
2022-03-10,Merced,047,269075,61920,61840,8603,70443,795
2022-03-10,Modoc,049,8938,733,730,250,980,7
2022-03-10,Mono,051,14174,2962,2960,120,3080,5
2022-03-10,Monterey,053,433212,78983,78285,13628,91913,716
2022-03-10,Napa,055,140530,25620,25584,954,26538,138
2022-03-10,Nevada,057,99092,15873,15947,1203,17150,123
2022-03-10,Orange,059,3164182,544303,542354,41276,583630,6718
2022-03-10,Placer,061,380077,62428,62282,7379,69661,598
2022-03-10,Plumas,063,18699,2960,2707,364,3071,13
2022-03-10,Riverside,065,2383286,589451,588022,28007,616029,6317
2022-03-10,Sacramento,067,1510023,279477,274519,27090,301609,2886
2022-03-10,San Benito,069,59416,12850,12868,510,13378,95
2022-03-10,San Bernardino,071,2135413,564857,559013,25009,584022,6734
2022-03-10,San Diego,073,3302833,748957,744386,51971,796357,5090
2022-03-10,San Francisco,075,870044,122712,123610,8212,131822,823
2022-03-10,San Joaquin,077,732212,165690,165516,9966,175482,2117
2022-03-10,San Luis Obispo,079,281455,52154,51947,3757,55704,457
2022-03-10,San Mateo,081,765935,120473,119288,6952,126240,641
2022-03-10,Santa Barbara,083,443738,85291,85421,4751,90172,664
2022-03-10,Santa Clara,085,1922200,308030,308989,12336,321325,2208
2022-03-10,Santa Cruz,087,273765,47296,46982,2111,49093,254
2022-03-10,Shasta,089,179085,30434,30419,6123,36542,517
2022-03-10,Sierra,091,2930,271,273,48,321,4
2022-03-10,Siskiyou,093,43540,4425,4405,2742,7147,75
2022-03-10,Solano,095,438530,80904,81058,5546,86604,436
2022-03-10,Sonoma,097,501317,82889,82622,2572,85194,473
2022-03-10,Stanislaus,099,539301,116963,117884,17493,135377,1564
2022-03-10,Sutter,101,95872,20404,20429,2076,22505,217
2022-03-10,Tehama,103,63373,12011,11983,2615,14598,159
2022-03-10,Trinity,105,12862,1181,1172,295,1467,20
2022-03-10,Tulare,107,460477,106250,103994,28469,132463,1358
2022-03-10,Tuolumne,109,53932,12584,12476,566,13042,180
2022-03-10,Ventura,111,848112,172386,171932,9279,181211,1442
2022-03-10,Yolo,113,214977,36712,35982,3170,39152,308
2022-03-10,Yuba,115,75493,15754,15722,1195,16917,116
2022-03-09,Alameda,001,1643700,253618,252893,13711,266604,1781
2022-03-09,Alpine,003,1148,122,125,1,126,0
2022-03-09,Amador,005,37829,8478,8409,650,9059,84
2022-03-09,Butte,007,227075,32825,32767,6609,39376,380
2022-03-09,Calaveras,009,45235,7228,7249,350,7599,117
2022-03-09,Colusa,011,21464,3433,3439,1070,4509,21
2022-03-09,Contra Costa,013,1133247,187028,186483,13111,199594,1256
2022-03-09,Del Norte,015,27424,5735,5765,190,5955,48
2022-03-09,El Dorado,017,186661,26570,26515,3219,29734,198
2022-03-09,Fresno,019,978130,230382,227885,23903,251788,2653
2022-03-09,Glenn,021,27897,4958,4953,1599,6552,44
2022-03-09,Humboldt,023,135768,16779,16854,2945,19799,137
2022-03-09,Imperial,025,180216,55212,54764,10796,65560,894
2022-03-09,Inyo,027,18085,4060,4056,482,4538,56
2022-03-09,Kern,029,883053,191217,190254,46155,236409,2159
2022-03-09,Kings,031,150075,51258,51122,3608,54730,435
2022-03-09,Lake,033,64148,10637,10586,892,11478,130
2022-03-09,Lassen,035,31185,8945,8901,884,9785,62
2022-03-09,Los Angeles,037,10098052,2696844,2677901,123903,2801804,30842
2022-03-09,Madera,039,155013,37154,37207,6080,43287,354
2022-03-09,Marin,041,260295,33088,32967,2188,35155,272
2022-03-09,Mariposa,043,17540,2378,2372,201,2573,6
2022-03-09,Mendocino,045,87422,12980,12957,3009,15966,117
2022-03-09,Merced,047,269075,61904,61792,8597,70389,792
2022-03-09,Modoc,049,8938,732,730,249,979,7
2022-03-09,Mono,051,14174,2962,2962,120,3082,5
2022-03-09,Monterey,053,433212,78959,78258,13581,91839,716
2022-03-09,Napa,055,140530,25599,25561,953,26514,138
2022-03-09,Nevada,057,99092,15864,15938,1202,17140,123
2022-03-09,Orange,059,3164182,544170,542278,41263,583541,6700
2022-03-09,Placer,061,380077,62405,62242,7375,69617,598
2022-03-09,Plumas,063,18699,2959,2708,364,3072,13
2022-03-09,Riverside,065,2383286,589353,587833,27997,615830,6305
2022-03-09,Sacramento,067,1510023,279393,274373,27073,301446,2877
2022-03-09,San Benito,069,59416,12847,12864,510,13374,95
2022-03-09,San Bernardino,071,2135413,564764,558795,24997,583792,6723
2022-03-09,San Diego,073,3302833,748680,743956,51944,795900,5083
2022-03-09,San Francisco,075,870044,122623,123676,8208,131884,812
2022-03-09,San Joaquin,077,732212,165651,165444,9960,175404,2113
2022-03-09,San Luis Obispo,079,281455,52135,51923,3754,55677,457
2022-03-09,San Mateo,081,765935,120415,119194,6940,126134,639
2022-03-09,Santa Barbara,083,443738,85274,85382,4749,90131,661
2022-03-09,Santa Clara,085,1922200,307894,308765,12325,321090,2206
2022-03-09,Santa Cruz,087,273765,47256,46917,2110,49027,254
2022-03-09,Shasta,089,179085,30412,30407,6122,36529,493
2022-03-09,Sierra,091,2930,271,273,48,321,4
2022-03-09,Siskiyou,093,43540,4423,4403,2741,7144,75
2022-03-09,Solano,095,438530,80868,80984,5544,86528,436
2022-03-09,Sonoma,097,501317,82856,82574,2570,85144,473
2022-03-09,Stanislaus,099,539301,116925,117827,17488,135315,1541
2022-03-09,Sutter,101,95872,20393,20409,2072,22481,217
2022-03-09,Tehama,103,63373,12007,11980,2615,14595,159
2022-03-09,Trinity,105,12862,1181,1174,295,1469,20
2022-03-09,Tulare,107,460477,106222,103932,28455,132387,1350
2022-03-09,Tuolumne,109,53932,12582,12444,566,13010,180
2022-03-09,Ventura,111,848112,172336,171852,9276,181128,1448
2022-03-09,Yolo,113,214977,36693,35973,3155,39128,308
2022-03-09,Yuba,115,75493,15749,15714,1194,16908,115
2022-03-08,Alameda,001,1643700,253463,252744,13699,266443,1769
2022-03-08,Alpine,003,1148,122,125,1,126,0
2022-03-08,Amador,005,37829,8464,8407,650,9057,84
2022-03-08,Butte,007,227075,32811,32759,6604,39363,380
2022-03-08,Calaveras,009,45235,7224,7245,350,7595,117
2022-03-08,Colusa,011,21464,3430,3439,1069,4508,21
2022-03-08,Contra Costa,013,1133247,186942,186396,13097,199493,1256
2022-03-08,Del Norte,015,27424,5730,5763,190,5953,48
2022-03-08,El Dorado,017,186661,26560,26503,3212,29715,197
2022-03-08,Fresno,019,978130,230282,227808,23894,251702,2653
2022-03-08,Glenn,021,27897,4957,4944,1598,6542,43
2022-03-08,Humboldt,023,135768,16767,16837,2932,19769,137
2022-03-08,Imperial,025,180216,55196,54721,10794,65515,890
2022-03-08,Inyo,027,18085,4057,4056,482,4538,56
2022-03-08,Kern,029,883053,191155,190208,46140,236348,2154
2022-03-08,Kings,031,150075,51216,51089,3605,54694,434
2022-03-08,Lake,033,64148,10626,10571,892,11463,130
2022-03-08,Lassen,035,31185,8944,8897,884,9781,62
2022-03-08,Los Angeles,037,10098052,2696151,2677166,123864,2801030,30803
2022-03-08,Madera,039,155013,37142,37185,6079,43264,354
2022-03-08,Marin,041,260295,33049,32943,2187,35130,272
2022-03-08,Mariposa,043,17540,2376,2371,201,2572,6
2022-03-08,Mendocino,045,87422,12976,12950,3008,15958,117
2022-03-08,Merced,047,269075,61884,61767,8586,70353,791
2022-03-08,Modoc,049,8938,731,729,249,978,7
2022-03-08,Mono,051,14174,2961,2961,120,3081,5
2022-03-08,Monterey,053,433212,78939,78247,13542,91789,711
2022-03-08,Napa,055,140530,25574,25528,952,26480,137
2022-03-08,Nevada,057,99092,15854,15939,1201,17140,122
2022-03-08,Orange,059,3164182,544020,542164,41243,583407,6692
2022-03-08,Placer,061,380077,62377,62221,7374,69595,594
2022-03-08,Plumas,063,18699,2959,2703,364,3067,13
2022-03-08,Riverside,065,2383286,589244,587686,27989,615675,6294
2022-03-08,Sacramento,067,1510023,279298,274276,27054,301330,2872
2022-03-08,San Benito,069,59416,12844,12855,510,13365,94
2022-03-08,San Bernardino,071,2135413,564673,558512,24987,583499,6715
2022-03-08,San Diego,073,3302833,748323,743604,51927,795531,5077
2022-03-08,San Francisco,075,870044,122533,123675,8203,131878,807
2022-03-08,San Joaquin,077,732212,165614,165381,9955,175336,2104
2022-03-08,San Luis Obispo,079,281455,52109,51900,3751,55651,451
2022-03-08,San Mateo,081,765935,120333,119103,6930,126033,638
2022-03-08,Santa Barbara,083,443738,85243,85363,4749,90112,659
2022-03-08,Santa Clara,085,1922200,307685,308528,12316,320844,2206
2022-03-08,Santa Cruz,087,273765,47220,46875,2109,48984,254
2022-03-08,Shasta,089,179085,30393,30372,6119,36491,493
2022-03-08,Sierra,091,2930,271,273,48,321,4
2022-03-08,Siskiyou,093,43540,4419,4404,2741,7145,74
2022-03-08,Solano,095,438530,80840,80924,5540,86464,434
2022-03-08,Sonoma,097,501317,82811,82571,2569,85140,473
2022-03-08,Stanislaus,099,539301,116881,117782,17479,135261,1541
2022-03-08,Sutter,101,95872,20384,20403,2072,22475,217
2022-03-08,Tehama,103,63373,12003,11972,2614,14586,158
2022-03-08,Trinity,105,12862,1181,1174,295,1469,20
2022-03-08,Tulare,107,460477,106182,103893,28443,132336,1334
2022-03-08,Tuolumne,109,53932,12577,12427,564,12991,180
2022-03-08,Ventura,111,848112,172273,171806,9269,181075,1447
2022-03-08,Yolo,113,214977,36668,35946,3154,39100,306
2022-03-08,Yuba,115,75493,15742,15705,1193,16898,115
2022-03-07,Alameda,001,1643700,253260,252578,13684,266262,1766
2022-03-07,Alpine,003,1148,122,125,1,126,0
2022-03-07,Amador,005,37829,8461,8368,650,9018,84
2022-03-07,Butte,007,227075,32796,32734,6601,39335,378
2022-03-07,Calaveras,009,45235,7220,7242,350,7592,116
2022-03-07,Colusa,011,21464,3428,3437,1069,4506,21
2022-03-07,Contra Costa,013,1133247,186843,186087,13073,199160,1256
2022-03-07,Del Norte,015,27424,5726,5758,190,5948,48
2022-03-07,El Dorado,017,186661,26554,26487,3211,29698,196
2022-03-07,Fresno,019,978130,230193,227670,23870,251540,2653
2022-03-07,Glenn,021,27897,4951,4939,1598,6537,43
2022-03-07,Humboldt,023,135768,16754,16829,2927,19756,137
2022-03-07,Imperial,025,180216,55173,54712,10789,65501,890
2022-03-07,Inyo,027,18085,4055,4054,482,4536,56
2022-03-07,Kern,029,883053,191094,190163,46115,236278,2152
2022-03-07,Kings,031,150075,51186,51065,3599,54664,433
2022-03-07,Lake,033,64148,10615,10562,891,11453,130
2022-03-07,Lassen,035,31185,8943,8896,884,9780,62
2022-03-07,Los Angeles,037,10098052,2695328,2675497,123824,2799321,30759
2022-03-07,Madera,039,155013,37132,37164,6076,43240,354
2022-03-07,Marin,041,260295,33012,32919,2184,35103,272
2022-03-07,Mariposa,043,17540,2375,2369,201,2570,6
2022-03-07,Mendocino,045,87422,12968,12940,3007,15947,117
2022-03-07,Merced,047,269075,61845,61751,8579,70330,791
2022-03-07,Modoc,049,8938,731,729,249,978,7
2022-03-07,Mono,051,14174,2961,2960,120,3080,5
2022-03-07,Monterey,053,433212,78904,78161,13493,91654,706
2022-03-07,Napa,055,140530,25544,25500,952,26452,136
2022-03-07,Nevada,057,99092,15847,15935,1195,17130,122
2022-03-07,Orange,059,3164182,543844,542028,41217,583245,6687
2022-03-07,Placer,061,380077,62348,62215,7372,69587,591
2022-03-07,Plumas,063,18699,2959,2702,364,3066,13
2022-03-07,Riverside,065,2383286,589112,587537,27981,615518,6279
2022-03-07,Sacramento,067,1510023,279195,274079,27041,301120,2866
2022-03-07,San Benito,069,59416,12838,12843,510,13353,94
2022-03-07,San Bernardino,071,2135413,564564,558265,24975,583240,6703
2022-03-07,San Diego,073,3302833,747978,742287,51884,794171,5068
2022-03-07,San Francisco,075,870044,122431,123655,8197,131852,807
2022-03-07,San Joaquin,077,732212,165561,165343,9947,175290,2091
2022-03-07,San Luis Obispo,079,281455,52068,51874,3746,55620,448
2022-03-07,San Mateo,081,765935,120258,119035,6923,125958,630
2022-03-07,Santa Barbara,083,443738,85205,85345,4748,90093,659
2022-03-07,Santa Clara,085,1922200,307496,308517,12310,320827,2202
2022-03-07,Santa Cruz,087,273765,47169,46823,2108,48931,254
2022-03-07,Shasta,089,179085,30380,30352,6116,36468,493
2022-03-07,Sierra,091,2930,271,273,48,321,4
2022-03-07,Siskiyou,093,43540,4415,4398,2740,7138,74
2022-03-07,Solano,095,438530,80783,80886,5538,86424,435
2022-03-07,Sonoma,097,501317,82768,82530,2568,85098,473
2022-03-07,Stanislaus,099,539301,116843,117713,17471,135184,1537
2022-03-07,Sutter,101,95872,20373,20400,2071,22471,217
2022-03-07,Tehama,103,63373,11997,11966,2611,14577,158
2022-03-07,Trinity,105,12862,1179,1173,295,1468,20
2022-03-07,Tulare,107,460477,106145,103834,28432,132266,1316
2022-03-07,Tuolumne,109,53932,12569,12408,563,12971,179
2022-03-07,Ventura,111,848112,172222,171886,9267,181153,1436
2022-03-07,Yolo,113,214977,36644,35934,3148,39082,306
2022-03-07,Yuba,115,75493,15736,15701,1192,16893,115
2022-03-06,Alameda,001,1643700,253073,252460,13675,266135,1766
2022-03-06,Alpine,003,1148,122,125,1,126,0
2022-03-06,Amador,005,37829,8458,8367,648,9015,84
2022-03-06,Butte,007,227075,32787,32714,6597,39311,376
2022-03-06,Calaveras,009,45235,7217,7236,349,7585,116
2022-03-06,Colusa,011,21464,3428,3435,1068,4503,21
2022-03-06,Contra Costa,013,1133247,186727,185974,13048,199022,1256
2022-03-06,Del Norte,015,27424,5711,5744,188,5932,48
2022-03-06,El Dorado,017,186661,26545,26478,3209,29687,196
2022-03-06,Fresno,019,978130,230049,227514,23859,251373,2653
2022-03-06,Glenn,021,27897,4946,4939,1598,6537,43
2022-03-06,Humboldt,023,135768,16742,16813,2924,19737,137
2022-03-06,Imperial,025,180216,55158,54719,10777,65496,890
2022-03-06,Inyo,027,18085,4052,4053,482,4535,56
2022-03-06,Kern,029,883053,191038,190088,46093,236181,2152
2022-03-06,Kings,031,150075,51117,51050,3596,54646,432
2022-03-06,Lake,033,64148,10601,10539,890,11429,130
2022-03-06,Lassen,035,31185,8930,8887,883,9770,62
2022-03-06,Los Angeles,037,10098052,2694389,2675456,123768,2799224,30759
2022-03-06,Madera,039,155013,37104,37135,6068,43203,354
2022-03-06,Marin,041,260295,32986,32879,2183,35062,272
2022-03-06,Mariposa,043,17540,2374,2365,200,2565,6
2022-03-06,Mendocino,045,87422,12956,12923,3003,15926,116
2022-03-06,Merced,047,269075,61813,61722,8562,70284,791
2022-03-06,Modoc,049,8938,731,729,249,978,7
2022-03-06,Mono,051,14174,2961,2959,120,3079,5
2022-03-06,Monterey,053,433212,78857,78154,13461,91615,706
2022-03-06,Napa,055,140530,25509,25457,950,26407,136
2022-03-06,Nevada,057,99092,15836,15924,1194,17118,122
2022-03-06,Orange,059,3164182,543685,541903,41169,583072,6688
2022-03-06,Placer,061,380077,62316,62185,7368,69553,591
2022-03-06,Plumas,063,18699,2954,2704,364,3068,13
2022-03-06,Riverside,065,2383286,588950,587388,27960,615348,6279
2022-03-06,Sacramento,067,1510023,279058,273935,27017,300952,2869
2022-03-06,San Benito,069,59416,12827,12835,509,13344,94
2022-03-06,San Bernardino,071,2135413,564437,558139,24961,583100,6701
2022-03-06,San Diego,073,3302833,747580,742287,51835,794122,5068
2022-03-06,San Francisco,075,870044,122307,123742,8194,131936,806
2022-03-06,San Joaquin,077,732212,165478,165252,9941,175193,2091
2022-03-06,San Luis Obispo,079,281455,52030,51828,3743,55571,448
2022-03-06,San Mateo,081,765935,120175,118916,6914,125830,630
2022-03-06,Santa Barbara,083,443738,85165,85317,4743,90060,659
2022-03-06,Santa Clara,085,1922200,307239,308250,12308,320558,2201
2022-03-06,Santa Cruz,087,273765,47116,46755,2107,48862,254
2022-03-06,Shasta,089,179085,30355,30332,6099,36431,493
2022-03-06,Sierra,091,2930,271,273,48,321,4
2022-03-06,Siskiyou,093,43540,4411,4398,2738,7136,74
2022-03-06,Solano,095,438530,80727,80833,5532,86365,435
2022-03-06,Sonoma,097,501317,82729,82458,2563,85021,473
2022-03-06,Stanislaus,099,539301,116792,117680,17461,135141,1536
2022-03-06,Sutter,101,95872,20362,20390,2067,22457,217
2022-03-06,Tehama,103,63373,11989,11963,2611,14574,158
2022-03-06,Trinity,105,12862,1179,1172,294,1466,20
2022-03-06,Tulare,107,460477,106084,103794,28417,132211,1316
2022-03-06,Tuolumne,109,53932,12564,12379,561,12940,179
2022-03-06,Ventura,111,848112,172153,171819,9265,181084,1436
2022-03-06,Yolo,113,214977,36620,35882,3144,39026,306
2022-03-06,Yuba,115,75493,15731,15694,1191,16885,115
2022-03-05,Alameda,001,1643700,252958,251988,13670,265658,1760
2022-03-05,Alpine,003,1148,122,125,1,126,0
2022-03-05,Amador,005,37829,8455,8344,648,8992,83
2022-03-05,Butte,007,227075,32780,32663,6592,39255,372
2022-03-05,Calaveras,009,45235,7214,7236,349,7585,116
2022-03-05,Colusa,011,21464,3428,3433,1068,4501,21
2022-03-05,Contra Costa,013,1133247,186664,185734,13042,198776,1235
2022-03-05,Del Norte,015,27424,5708,5725,188,5913,48
2022-03-05,El Dorado,017,186661,26538,26446,3206,29652,193
2022-03-05,Fresno,019,978130,229997,227154,23857,251011,2640
2022-03-05,Glenn,021,27897,4945,4927,1598,6525,43
2022-03-05,Humboldt,023,135768,16735,16781,2922,19703,136
2022-03-05,Imperial,025,180216,55148,54650,10775,65425,880
2022-03-05,Inyo,027,18085,4051,4043,481,4524,56
2022-03-05,Kern,029,883053,191006,189817,46075,235892,2141
2022-03-05,Kings,031,150075,51110,50926,3594,54520,431
2022-03-05,Lake,033,64148,10593,10512,889,11401,130
2022-03-05,Lassen,035,31185,8921,8818,883,9701,62
2022-03-05,Los Angeles,037,10098052,2694035,2671564,123730,2795294,30608
2022-03-05,Madera,039,155013,37090,37100,6068,43168,354
2022-03-05,Marin,041,260295,32974,32829,2183,35012,272
2022-03-05,Mariposa,043,17540,2374,2363,200,2563,6
2022-03-05,Mendocino,045,87422,12953,12845,3002,15847,113
2022-03-05,Merced,047,269075,61803,61653,8562,70215,789
2022-03-05,Modoc,049,8938,731,729,249,978,7
2022-03-05,Mono,051,14174,2961,2961,120,3081,5
2022-03-05,Monterey,053,433212,78838,78028,13454,91482,704
2022-03-05,Napa,055,140530,25491,25405,950,26355,134
2022-03-05,Nevada,057,99092,15832,15907,1194,17101,122
2022-03-05,Orange,059,3164182,543561,541463,41158,582621,6638
2022-03-05,Placer,061,380077,62302,62117,7361,69478,591
2022-03-05,Plumas,063,18699,2953,2701,364,3065,13
2022-03-05,Riverside,065,2383286,588859,586785,27956,614741,6239
2022-03-05,Sacramento,067,1510023,278995,273487,27012,300499,2847
2022-03-05,San Benito,069,59416,12825,12820,509,13329,94
2022-03-05,San Bernardino,071,2135413,564382,557421,24955,582376,6641
2022-03-05,San Diego,073,3302833,747381,740747,51824,792571,5045
2022-03-05,San Francisco,075,870044,122243,123537,8189,131726,798
2022-03-05,San Joaquin,077,732212,165437,165085,9933,175018,2069
2022-03-05,San Luis Obispo,079,281455,52022,51739,3741,55480,446
2022-03-05,San Mateo,081,765935,120119,118646,6911,125557,621
2022-03-05,Santa Barbara,083,443738,85150,85249,4743,89992,655
2022-03-05,Santa Clara,085,1922200,307121,307689,12305,319994,2195
2022-03-05,Santa Cruz,087,273765,47096,46622,2107,48729,253
2022-03-05,Shasta,089,179085,30343,30282,6098,36380,492
2022-03-05,Sierra,091,2930,271,273,47,320,4
2022-03-05,Siskiyou,093,43540,4410,4389,2737,7126,74
2022-03-05,Solano,095,438530,80710,80690,5532,86222,435
2022-03-05,Sonoma,097,501317,82706,82313,2563,84876,473
2022-03-05,Stanislaus,099,539301,116767,117501,17459,134960,1531
2022-03-05,Sutter,101,95872,20355,20346,2067,22413,217
2022-03-05,Tehama,103,63373,11987,11939,2611,14550,158
2022-03-05,Trinity,105,12862,1179,1170,292,1462,20
2022-03-05,Tulare,107,460477,106071,103534,28408,131942,1305
2022-03-05,Tuolumne,109,53932,12560,12325,560,12885,178
2022-03-05,Ventura,111,848112,172111,171666,9263,180929,1436
2022-03-05,Yolo,113,214977,36606,35856,3144,39000,306
2022-03-05,Yuba,115,75493,15723,15666,1191,16857,115
2022-03-04,Alameda,001,1643700,252868,251988,13662,265650,1760
2022-03-04,Alpine,003,1148,122,125,1,126,0
2022-03-04,Amador,005,37829,8454,8344,648,8992,83
2022-03-04,Butte,007,227075,32774,32663,6586,39249,372
2022-03-04,Calaveras,009,45235,7213,7236,349,7585,116
2022-03-04,Colusa,011,21464,3426,3433,1068,4501,21
2022-03-04,Contra Costa,013,1133247,186597,185734,13039,198773,1235
2022-03-04,Del Norte,015,27424,5698,5725,188,5913,48
2022-03-04,El Dorado,017,186661,26534,26446,3206,29652,193
2022-03-04,Fresno,019,978130,229934,227154,23850,251004,2640
2022-03-04,Glenn,021,27897,4944,4927,1598,6525,43
2022-03-04,Humboldt,023,135768,16732,16781,2922,19703,136
2022-03-04,Imperial,025,180216,55141,54650,10771,65421,880
2022-03-04,Inyo,027,18085,4051,4043,481,4524,56
2022-03-04,Kern,029,883053,190964,189817,46063,235880,2141
2022-03-04,Kings,031,150075,51097,50926,3594,54520,431
2022-03-04,Lake,033,64148,10592,10512,889,11401,130
2022-03-04,Lassen,035,31185,8919,8818,883,9701,62
2022-03-04,Los Angeles,037,10098052,2693517,2671564,123700,2795264,30608
2022-03-04,Madera,039,155013,37080,37100,6068,43168,354
2022-03-04,Marin,041,260295,32952,32829,2181,35010,272
2022-03-04,Mariposa,043,17540,2369,2363,200,2563,6
2022-03-04,Mendocino,045,87422,12947,12845,3002,15847,113
2022-03-04,Merced,047,269075,61791,61653,8560,70213,789
2022-03-04,Modoc,049,8938,731,729,249,978,7
2022-03-04,Mono,051,14174,2961,2961,120,3081,5
2022-03-04,Monterey,053,433212,78818,78028,13447,91475,704
2022-03-04,Napa,055,140530,25476,25405,949,26354,134
2022-03-04,Nevada,057,99092,15827,15907,1194,17101,122
2022-03-04,Orange,059,3164182,543441,541463,41139,582602,6638
2022-03-04,Placer,061,380077,62290,62117,7358,69475,591
2022-03-04,Plumas,063,18699,2953,2701,363,3064,13
2022-03-04,Riverside,065,2383286,588771,586785,27955,614740,6239
2022-03-04,Sacramento,067,1510023,278924,273487,27008,300495,2847
2022-03-04,San Benito,069,59416,12821,12820,509,13329,94
2022-03-04,San Bernardino,071,2135413,564301,557421,24954,582375,6641
2022-03-04,San Diego,073,3302833,747142,740747,51807,792554,5045
2022-03-04,San Francisco,075,870044,122184,123537,8182,131719,798
2022-03-04,San Joaquin,077,732212,165406,165085,9932,175017,2069
2022-03-04,San Luis Obispo,079,281455,52014,51739,3740,55479,446
2022-03-04,San Mateo,081,765935,120061,118646,6909,125555,621
2022-03-04,Santa Barbara,083,443738,85128,85249,4743,89992,655
2022-03-04,Santa Clara,085,1922200,306972,307689,12302,319991,2195
2022-03-04,Santa Cruz,087,273765,47074,46622,2107,48729,253
2022-03-04,Shasta,089,179085,30335,30282,6095,36377,492
2022-03-04,Sierra,091,2930,271,273,47,320,4
2022-03-04,Siskiyou,093,43540,4408,4389,2733,7122,74
2022-03-04,Solano,095,438530,80677,80690,5529,86219,435
2022-03-04,Sonoma,097,501317,82677,82313,2562,84875,473
2022-03-04,Stanislaus,099,539301,116748,117501,17457,134958,1531
2022-03-04,Sutter,101,95872,20351,20346,2067,22413,217
2022-03-04,Tehama,103,63373,11984,11939,2611,14550,158
2022-03-04,Trinity,105,12862,1179,1170,292,1462,20
2022-03-04,Tulare,107,460477,106053,103534,28403,131937,1305
2022-03-04,Tuolumne,109,53932,12555,12325,560,12885,178
2022-03-04,Ventura,111,848112,172064,171666,9260,180926,1436
2022-03-04,Yolo,113,214977,36589,35856,3144,39000,306
2022-03-04,Yuba,115,75493,15718,15666,1190,16856,115
2022-03-03,Alameda,001,1643700,252748,251988,13650,265638,1760
2022-03-03,Alpine,003,1148,122,125,1,126,0
2022-03-03,Amador,005,37829,8453,8344,648,8992,83
2022-03-03,Butte,007,227075,32757,32663,6580,39243,372
2022-03-03,Calaveras,009,45235,7201,7236,349,7585,116
2022-03-03,Colusa,011,21464,3426,3433,1068,4501,21
2022-03-03,Contra Costa,013,1133247,186523,185734,13024,198758,1235
2022-03-03,Del Norte,015,27424,5691,5725,188,5913,48
2022-03-03,El Dorado,017,186661,26517,26446,3205,29651,193
2022-03-03,Fresno,019,978130,229804,227154,23842,250996,2640
2022-03-03,Glenn,021,27897,4942,4927,1597,6524,43
2022-03-03,Humboldt,023,135768,16718,16781,2921,19702,136
2022-03-03,Imperial,025,180216,55125,54650,10769,65419,880
2022-03-03,Inyo,027,18085,4050,4043,481,4524,56
2022-03-03,Kern,029,883053,190896,189817,46044,235861,2141
2022-03-03,Kings,031,150075,51074,50926,3591,54517,431
2022-03-03,Lake,033,64148,10586,10512,887,11399,130
2022-03-03,Lassen,035,31185,8911,8818,883,9701,62
2022-03-03,Los Angeles,037,10098052,2692793,2671564,123659,2795223,30608
2022-03-03,Madera,039,155013,37063,37100,6063,43163,354
2022-03-03,Marin,041,260295,32926,32829,2180,35009,272
2022-03-03,Mariposa,043,17540,2368,2363,200,2563,6
2022-03-03,Mendocino,045,87422,12936,12845,2999,15844,113
2022-03-03,Merced,047,269075,61774,61653,8554,70207,789
2022-03-03,Modoc,049,8938,731,729,249,978,7
2022-03-03,Mono,051,14174,2960,2961,120,3081,5
2022-03-03,Monterey,053,433212,78790,78028,13429,91457,704
2022-03-03,Napa,055,140530,25453,25405,948,26353,134
2022-03-03,Nevada,057,99092,15822,15907,1189,17096,122
2022-03-03,Orange,059,3164182,543264,541463,41113,582576,6638
2022-03-03,Placer,061,380077,62268,62117,7354,69471,591
2022-03-03,Plumas,063,18699,2952,2701,363,3064,13
2022-03-03,Riverside,065,2383286,588638,586785,27950,614735,6239
2022-03-03,Sacramento,067,1510023,278812,273487,26990,300477,2847
2022-03-03,San Benito,069,59416,12818,12820,509,13329,94
2022-03-03,San Bernardino,071,2135413,564192,557421,24948,582369,6641
2022-03-03,San Diego,073,3302833,746794,740747,51789,792536,5045
2022-03-03,San Francisco,075,870044,122111,123537,8171,131708,798
2022-03-03,San Joaquin,077,732212,165333,165085,9929,175014,2069
2022-03-03,San Luis Obispo,079,281455,51959,51739,3732,55471,446
2022-03-03,San Mateo,081,765935,119986,118646,6899,125545,621
2022-03-03,Santa Barbara,083,443738,85108,85249,4734,89983,655
2022-03-03,Santa Clara,085,1922200,306791,307689,12287,319976,2195
2022-03-03,Santa Cruz,087,273765,47026,46622,2105,48727,253
2022-03-03,Shasta,089,179085,30318,30282,6091,36373,492
2022-03-03,Sierra,091,2930,271,273,47,320,4
2022-03-03,Siskiyou,093,43540,4405,4389,2733,7122,74
2022-03-03,Solano,095,438530,80628,80690,5527,86217,435
2022-03-03,Sonoma,097,501317,82630,82313,2557,84870,473
2022-03-03,Stanislaus,099,539301,116715,117501,17450,134951,1531
2022-03-03,Sutter,101,95872,20343,20346,2067,22413,217
2022-03-03,Tehama,103,63373,11980,11939,2611,14550,158
2022-03-03,Trinity,105,12862,1178,1170,292,1462,20
2022-03-03,Tulare,107,460477,106009,103534,28393,131927,1305
2022-03-03,Tuolumne,109,53932,12545,12325,560,12885,178
2022-03-03,Ventura,111,848112,172011,171666,9258,180924,1436
2022-03-03,Yolo,113,214977,36566,35856,3137,38993,306
2022-03-03,Yuba,115,75493,15712,15666,1185,16851,115
2022-03-02,Alameda,001,1643700,252567,251886,13633,265519,1759
2022-03-02,Alpine,003,1148,122,125,1,126,0
2022-03-02,Amador,005,37829,8441,8341,648,8989,83
2022-03-02,Butte,007,227075,32745,32636,6575,39211,372
2022-03-02,Calaveras,009,45235,7200,7225,349,7574,116
2022-03-02,Colusa,011,21464,3423,3428,1068,4496,21
2022-03-02,Contra Costa,013,1133247,186431,185589,13005,198594,1236
2022-03-02,Del Norte,015,27424,5684,5708,186,5894,47
2022-03-02,El Dorado,017,186661,26504,26433,3202,29635,192
2022-03-02,Fresno,019,978130,229671,226932,23831,250763,2629
2022-03-02,Glenn,021,27897,4942,4922,1596,6518,43
2022-03-02,Humboldt,023,135768,16708,16747,2914,19661,135
2022-03-02,Imperial,025,180216,55098,54629,10764,65393,878
2022-03-02,Inyo,027,18085,4048,4041,480,4521,56
2022-03-02,Kern,029,883053,190830,189656,46024,235680,2136
2022-03-02,Kings,031,150075,51048,50819,3588,54407,431
2022-03-02,Lake,033,64148,10572,10495,885,11380,130
2022-03-02,Lassen,035,31185,8908,8811,882,9693,62
2022-03-02,Los Angeles,037,10098052,2691909,2670287,123612,2793899,30535
2022-03-02,Madera,039,155013,37046,37077,6061,43138,354
2022-03-02,Marin,041,260295,32909,32794,2179,34973,272
2022-03-02,Mariposa,043,17540,2368,2359,200,2559,6
2022-03-02,Mendocino,045,87422,12923,12832,2994,15826,112
2022-03-02,Merced,047,269075,61747,61606,8544,70150,785
2022-03-02,Modoc,049,8938,731,729,249,978,7
2022-03-02,Mono,051,14174,2960,2961,120,3081,5
2022-03-02,Monterey,053,433212,78754,77963,13406,91369,703
2022-03-02,Napa,055,140530,25402,25382,947,26329,134
2022-03-02,Nevada,057,99092,15811,15920,1188,17108,122
2022-03-02,Orange,059,3164182,543059,541230,41086,582316,6623
2022-03-02,Placer,061,380077,62246,62066,7351,69417,589
2022-03-02,Plumas,063,18699,2952,2700,362,3062,13
2022-03-02,Riverside,065,2383286,588485,586513,27939,614452,6229
2022-03-02,Sacramento,067,1510023,278695,273291,26979,300270,2837
2022-03-02,San Benito,069,59416,12807,12814,509,13323,94
2022-03-02,San Bernardino,071,2135413,564083,557082,24942,582024,6619
2022-03-02,San Diego,073,3302833,746427,739803,51741,791544,5034
2022-03-02,San Francisco,075,870044,122017,123442,8169,131611,792
2022-03-02,San Joaquin,077,732212,165272,164968,9924,174892,2063
2022-03-02,San Luis Obispo,079,281455,51921,51686,3727,55413,446
2022-03-02,San Mateo,081,765935,119900,118518,6883,125401,617
2022-03-02,Santa Barbara,083,443738,85083,85183,4733,89916,655
2022-03-02,Santa Clara,085,1922200,306572,307354,12273,319627,2184
2022-03-02,Santa Cruz,087,273765,46957,46534,2104,48638,253
2022-03-02,Shasta,089,179085,30294,30253,6081,36334,490
2022-03-02,Sierra,091,2930,271,273,47,320,4
2022-03-02,Siskiyou,093,43540,4403,4384,2730,7114,74
2022-03-02,Solano,095,438530,80562,80626,5524,86150,433
2022-03-02,Sonoma,097,501317,82584,82208,2553,84761,473
2022-03-02,Stanislaus,099,539301,116679,117411,17424,134835,1519
2022-03-02,Sutter,101,95872,20321,20317,2049,22366,216
2022-03-02,Tehama,103,63373,11975,11930,2610,14540,158
2022-03-02,Trinity,105,12862,1176,1160,292,1452,20
2022-03-02,Tulare,107,460477,105967,103451,28376,131827,1302
2022-03-02,Tuolumne,109,53932,12540,12297,560,12857,179
2022-03-02,Ventura,111,848112,171958,171770,9254,181024,1427
2022-03-02,Yolo,113,214977,36548,35799,3131,38930,305
2022-03-02,Yuba,115,75493,15699,15653,1180,16833,115
2022-03-01,Alameda,001,1643700,252401,251830,13622,265452,1749
2022-03-01,Alpine,003,1148,122,125,1,126,0
2022-03-01,Amador,005,37829,8393,8334,646,8980,83
2022-03-01,Butte,007,227075,32721,32575,6571,39146,372
2022-03-01,Calaveras,009,45235,7197,7223,348,7571,116
2022-03-01,Colusa,011,21464,3422,3423,1068,4491,21
2022-03-01,Contra Costa,013,1133247,186320,185378,12990,198368,1231
2022-03-01,Del Norte,015,27424,5681,5701,184,5885,45
2022-03-01,El Dorado,017,186661,26486,26413,3200,29613,192
2022-03-01,Fresno,019,978130,229529,226594,23818,250412,2628
2022-03-01,Glenn,021,27897,4941,4919,1594,6513,40
2022-03-01,Humboldt,023,135768,16687,16727,2907,19634,135
2022-03-01,Imperial,025,180216,55080,54570,10758,65328,875
2022-03-01,Inyo,027,18085,4044,4041,479,4520,56
2022-03-01,Kern,029,883053,190755,189365,46000,235365,2120
2022-03-01,Kings,031,150075,51026,50763,3584,54347,427
2022-03-01,Lake,033,64148,10560,10471,883,11354,128
2022-03-01,Lassen,035,31185,8904,8801,882,9683,61
2022-03-01,Los Angeles,037,10098052,2690956,2669489,123554,2793043,30486
2022-03-01,Madera,039,155013,37026,37046,6054,43100,354
2022-03-01,Marin,041,260295,32884,32764,2177,34941,272
2022-03-01,Mariposa,043,17540,2367,2357,199,2556,6
2022-03-01,Mendocino,045,87422,12911,12818,2992,15810,112
2022-03-01,Merced,047,269075,61719,61549,8529,70078,781
2022-03-01,Modoc,049,8938,731,729,249,978,7
2022-03-01,Mono,051,14174,2959,2960,120,3080,6
2022-03-01,Monterey,053,433212,78728,77911,13394,91305,696
2022-03-01,Napa,055,140530,25369,25344,947,26291,134
2022-03-01,Nevada,057,99092,15803,15916,1185,17101,121
2022-03-01,Orange,059,3164182,542836,541054,41050,582104,6612
2022-03-01,Placer,061,380077,62218,62021,7345,69366,583
2022-03-01,Plumas,063,18699,2952,2694,362,3056,13
2022-03-01,Riverside,065,2383286,588318,586184,27938,614122,6198
2022-03-01,Sacramento,067,1510023,278562,273089,26965,300054,2831
2022-03-01,San Benito,069,59416,12803,12806,509,13315,94
2022-03-01,San Bernardino,071,2135413,563949,556743,24939,581682,6588
2022-03-01,San Diego,073,3302833,745986,739136,51700,790836,5029
2022-03-01,San Francisco,075,870044,121914,123481,8163,131644,792
2022-03-01,San Joaquin,077,732212,165205,164894,9919,174813,2062
2022-03-01,San Luis Obispo,079,281455,51885,51592,3723,55315,445
2022-03-01,San Mateo,081,765935,119824,118358,6876,125234,613
2022-03-01,Santa Barbara,083,443738,85044,85134,4729,89863,654
2022-03-01,Santa Clara,085,1922200,306324,306978,12261,319239,2190
2022-03-01,Santa Cruz,087,273765,46907,46471,2101,48572,253
2022-03-01,Shasta,089,179085,30264,30227,6078,36305,489
2022-03-01,Sierra,091,2930,271,274,47,321,5
2022-03-01,Siskiyou,093,43540,4399,4384,2725,7109,74
2022-03-01,Solano,095,438530,80499,80556,5521,86077,434
2022-03-01,Sonoma,097,501317,82514,82103,2547,84650,477
2022-03-01,Stanislaus,099,539301,116626,117308,17399,134707,1521
2022-03-01,Sutter,101,95872,20307,20288,2045,22333,217
2022-03-01,Tehama,103,63373,11968,11923,2607,14530,158
2022-03-01,Trinity,105,12862,1175,1159,292,1451,20
2022-03-01,Tulare,107,460477,105886,103371,28356,131727,1302
2022-03-01,Tuolumne,109,53932,12533,12276,558,12834,175
2022-03-01,Ventura,111,848112,171889,171672,9247,180919,1427
2022-03-01,Yolo,113,214977,36523,35801,3125,38926,299
2022-03-01,Yuba,115,75493,15691,15637,1180,16817,116
2022-02-28,Alameda,001,1643700,252184,251714,13607,265321,1742
2022-02-28,Alpine,003,1148,122,125,1,126,0
2022-02-28,Amador,005,37829,8387,8308,645,8953,83
2022-02-28,Butte,007,227075,32697,32550,6566,39116,368
2022-02-28,Calaveras,009,45235,7194,7220,347,7567,110
2022-02-28,Colusa,011,21464,3419,3422,1066,4488,21
2022-02-28,Contra Costa,013,1133247,186212,185272,12970,198242,1231
2022-02-28,Del Norte,015,27424,5677,5699,183,5882,45
2022-02-28,El Dorado,017,186661,26477,26409,3195,29604,191
2022-02-28,Fresno,019,978130,229332,226519,23796,250315,2622
2022-02-28,Glenn,021,27897,4937,4918,1594,6512,40
2022-02-28,Humboldt,023,135768,16672,16717,2903,19620,135
2022-02-28,Imperial,025,180216,55053,54517,10753,65270,875
2022-02-28,Inyo,027,18085,4044,4041,478,4519,56
2022-02-28,Kern,029,883053,190661,189245,45969,235214,2115
2022-02-28,Kings,031,150075,50987,50741,3583,54324,427
2022-02-28,Lake,033,64148,10549,10468,879,11347,128
2022-02-28,Lassen,035,31185,8847,8794,882,9676,55
2022-02-28,Los Angeles,037,10098052,2689774,2666804,123458,2790262,30410
2022-02-28,Madera,039,155013,36999,37023,6038,43061,354
2022-02-28,Marin,041,260295,32858,32775,2177,34952,272
2022-02-28,Mariposa,043,17540,2364,2354,197,2551,6
2022-02-28,Mendocino,045,87422,12903,12800,2984,15784,112
2022-02-28,Merced,047,269075,61675,61519,8511,70030,781
2022-02-28,Modoc,049,8938,731,727,249,976,7
2022-02-28,Mono,051,14174,2959,2961,120,3081,5
2022-02-28,Monterey,053,433212,78661,77865,13371,91236,693
2022-02-28,Napa,055,140530,25345,25317,947,26264,129
2022-02-28,Nevada,057,99092,15797,15908,1179,17087,121
2022-02-28,Orange,059,3164182,542581,540839,41036,581875,6605
2022-02-28,Placer,061,380077,62186,61976,7339,69315,577
2022-02-28,Plumas,063,18699,2952,2691,361,3052,13
2022-02-28,Riverside,065,2383286,588120,585891,27905,613796,6179
2022-02-28,Sacramento,067,1510023,278426,273038,26939,299977,2825
2022-02-28,San Benito,069,59416,12799,12798,509,13307,94
2022-02-28,San Bernardino,071,2135413,563753,556540,24925,581465,6576
2022-02-28,San Diego,073,3302833,745591,737760,51671,789431,5018
2022-02-28,San Francisco,075,870044,121755,123402,8155,131557,792
2022-02-28,San Joaquin,077,732212,165121,164833,9910,174743,2060
2022-02-28,San Luis Obispo,079,281455,51826,51565,3715,55280,440
2022-02-28,San Mateo,081,765935,119722,118301,6870,125171,611
2022-02-28,Santa Barbara,083,443738,85001,85076,4724,89800,653
2022-02-28,Santa Clara,085,1922200,306047,306930,12239,319169,2180
2022-02-28,Santa Cruz,087,273765,46836,46447,2100,48547,253
2022-02-28,Shasta,089,179085,30238,30213,6074,36287,488
2022-02-28,Sierra,091,2930,271,273,47,320,4
2022-02-28,Siskiyou,093,43540,4396,4382,2719,7101,74
2022-02-28,Solano,095,438530,80434,80544,5510,86054,430
2022-02-28,Sonoma,097,501317,82447,82058,2544,84602,477
2022-02-28,Stanislaus,099,539301,116559,117231,17383,134614,1521
2022-02-28,Sutter,101,95872,20294,20285,2042,22327,214
2022-02-28,Tehama,103,63373,11955,11917,2606,14523,158
2022-02-28,Trinity,105,12862,1175,1160,292,1452,20
2022-02-28,Tulare,107,460477,105836,103304,28338,131642,1300
2022-02-28,Tuolumne,109,53932,12522,12247,557,12804,175
2022-02-28,Ventura,111,848112,171805,171614,9246,180860,1423
2022-02-28,Yolo,113,214977,36486,35754,3118,38872,299
2022-02-28,Yuba,115,75493,15677,15625,1179,16804,115
2022-02-27,Alameda,001,1643700,251905,251624,13598,265222,1744
2022-02-27,Alpine,003,1148,122,125,1,126,0
2022-02-27,Amador,005,37829,8383,8305,642,8947,83
2022-02-27,Butte,007,227075,32660,32551,6554,39105,368
2022-02-27,Calaveras,009,45235,7187,7214,347,7561,110
2022-02-27,Colusa,011,21464,3418,3422,1066,4488,21
2022-02-27,Contra Costa,013,1133247,186083,185185,12950,198135,1230
2022-02-27,Del Norte,015,27424,5659,5691,181,5872,45
2022-02-27,El Dorado,017,186661,26458,26410,3193,29603,191
2022-02-27,Fresno,019,978130,229132,226397,23768,250165,2621
2022-02-27,Glenn,021,27897,4935,4915,1594,6509,40
2022-02-27,Humboldt,023,135768,16650,16713,2896,19609,135
2022-02-27,Imperial,025,180216,55004,54509,10735,65244,875
2022-02-27,Inyo,027,18085,4043,4041,474,4515,56
2022-02-27,Kern,029,883053,190540,189219,45929,235148,2115
2022-02-27,Kings,031,150075,50958,50733,3581,54314,428
2022-02-27,Lake,033,64148,10530,10463,879,11342,128
2022-02-27,Lassen,035,31185,8839,8786,882,9668,55
2022-02-27,Los Angeles,037,10098052,2688470,2666789,123375,2790164,30410
2022-02-27,Madera,039,155013,36973,37009,6030,43039,354
2022-02-27,Marin,041,260295,32820,32756,2175,34931,272
2022-02-27,Mariposa,043,17540,2361,2352,197,2549,6
2022-02-27,Mendocino,045,87422,12884,12798,2971,15769,112
2022-02-27,Merced,047,269075,61624,61491,8494,69985,779
2022-02-27,Modoc,049,8938,730,727,249,976,7
2022-02-27,Mono,051,14174,2958,2960,120,3080,5
2022-02-27,Monterey,053,433212,78601,77851,13346,91197,693
2022-02-27,Napa,055,140530,25306,25316,947,26263,129
2022-02-27,Nevada,057,99092,15789,15900,1175,17075,121
2022-02-27,Orange,059,3164182,542334,540659,41006,581665,6605
2022-02-27,Placer,061,380077,62144,61965,7335,69300,577
2022-02-27,Plumas,063,18699,2949,2691,361,3052,13
2022-02-27,Riverside,065,2383286,587881,585833,27879,613712,6179
2022-02-27,Sacramento,067,1510023,278240,272927,26907,299834,2822
2022-02-27,San Benito,069,59416,12792,12798,509,13307,94
2022-02-27,San Bernardino,071,2135413,563566,556457,24915,581372,6572
2022-02-27,San Diego,073,3302833,745103,737760,51630,789390,5018
2022-02-27,San Francisco,075,870044,121632,123327,8144,131471,791
2022-02-27,San Joaquin,077,732212,165014,164814,9906,174720,2060
2022-02-27,San Luis Obispo,079,281455,51734,51564,3708,55272,439
2022-02-27,San Mateo,081,765935,119607,118244,6865,125109,611
2022-02-27,Santa Barbara,083,443738,84961,85050,4720,89770,653
2022-02-27,Santa Clara,085,1922200,305757,306756,12210,318966,2180
2022-02-27,Santa Cruz,087,273765,46775,46411,2099,48510,253
2022-02-27,Shasta,089,179085,30206,30206,6068,36274,488
2022-02-27,Sierra,091,2930,271,273,47,320,4
2022-02-27,Siskiyou,093,43540,4391,4378,2706,7084,74
2022-02-27,Solano,095,438530,80357,80515,5499,86014,430
2022-02-27,Sonoma,097,501317,82365,82041,2538,84579,476
2022-02-27,Stanislaus,099,539301,116489,117200,17364,134564,1522
2022-02-27,Sutter,101,95872,20277,20280,2036,22316,214
2022-02-27,Tehama,103,63373,11943,11915,2605,14520,158
2022-02-27,Trinity,105,12862,1174,1158,292,1450,20
2022-02-27,Tulare,107,460477,105764,103270,28287,131557,1300
2022-02-27,Tuolumne,109,53932,12508,12243,556,12799,175
2022-02-27,Ventura,111,848112,171729,171660,9243,180903,1423
2022-02-27,Yolo,113,214977,36458,35744,3113,38857,299
2022-02-27,Yuba,115,75493,15666,15619,1177,16796,113
2022-02-26,Alameda,001,1643700,251796,250867,13593,264460,1716
2022-02-26,Alpine,003,1148,122,125,1,126,0
2022-02-26,Amador,005,37829,8380,8282,641,8923,83
2022-02-26,Butte,007,227075,32646,32466,6552,39018,368
2022-02-26,Calaveras,009,45235,7186,7192,347,7539,110
2022-02-26,Colusa,011,21464,3418,3414,1066,4480,21
2022-02-26,Contra Costa,013,1133247,186013,184686,12931,197617,1209
2022-02-26,Del Norte,015,27424,5654,5639,181,5820,45
2022-02-26,El Dorado,017,186661,26447,26355,3189,29544,191
2022-02-26,Fresno,019,978130,229042,225679,23768,249447,2597
2022-02-26,Glenn,021,27897,4933,4909,1593,6502,40
2022-02-26,Humboldt,023,135768,16625,16619,2895,19514,133
2022-02-26,Imperial,025,180216,54976,54367,10733,65100,871
2022-02-26,Inyo,027,18085,4042,4034,469,4503,56
2022-02-26,Kern,029,883053,190491,188584,45910,234494,2106
2022-02-26,Kings,031,150075,50945,50579,3581,54160,423
2022-02-26,Lake,033,64148,10524,10383,879,11262,128
2022-02-26,Lassen,035,31185,8838,8761,882,9643,55
2022-02-26,Los Angeles,037,10098052,2687908,2660973,123335,2784308,30202
2022-02-26,Madera,039,155013,36959,36933,6028,42961,330
2022-02-26,Marin,041,260295,32805,32651,2173,34824,267
2022-02-26,Mariposa,043,17540,2360,2332,197,2529,6
2022-02-26,Mendocino,045,87422,12878,12762,2971,15733,111
2022-02-26,Merced,047,269075,61603,61348,8493,69841,775
2022-02-26,Modoc,049,8938,730,726,249,975,7
2022-02-26,Mono,051,14174,2958,2959,119,3078,5
2022-02-26,Monterey,053,433212,78570,77610,13340,90950,692
2022-02-26,Napa,055,140530,25291,25221,946,26167,130
2022-02-26,Nevada,057,99092,15785,15850,1173,17023,121
2022-02-26,Orange,059,3164182,542224,539992,40989,580981,6540
2022-02-26,Placer,061,380077,62125,61803,7332,69135,573
2022-02-26,Plumas,063,18699,2949,2673,361,3034,13
2022-02-26,Riverside,065,2383286,587763,584835,27870,612705,6143
2022-02-26,Sacramento,067,1510023,278146,272339,26894,299233,2793
2022-02-26,San Benito,069,59416,12788,12770,509,13279,92
2022-02-26,San Bernardino,071,2135413,563478,555668,24910,580578,6505
2022-02-26,San Diego,073,3302833,744869,736049,51608,787657,5002
2022-02-26,San Francisco,075,870044,121563,123079,8136,131215,769
2022-02-26,San Joaquin,077,732212,164979,164418,9905,174323,2048
2022-02-26,San Luis Obispo,079,281455,51720,51358,3705,55063,438
2022-02-26,San Mateo,081,765935,119553,117860,6864,124724,603
2022-02-26,Santa Barbara,083,443738,84930,84830,4720,89550,652
2022-02-26,Santa Clara,085,1922200,305608,305895,12207,318102,2166
2022-02-26,Santa Cruz,087,273765,46753,46186,2099,48285,251
2022-02-26,Shasta,089,179085,30198,30108,6062,36170,485
2022-02-26,Sierra,091,2930,271,270,47,317,1
2022-02-26,Siskiyou,093,43540,4391,4359,2704,7063,72
2022-02-26,Solano,095,438530,80323,80225,5496,85721,428
2022-02-26,Sonoma,097,501317,82329,81702,2536,84238,432
2022-02-26,Stanislaus,099,539301,116451,116896,17359,134255,1503
2022-02-26,Sutter,101,95872,20268,20230,2036,22266,214
2022-02-26,Tehama,103,63373,11937,11878,2603,14481,158
2022-02-26,Trinity,105,12862,1173,1156,292,1448,20
2022-02-26,Tulare,107,460477,105728,102983,28272,131255,1295
2022-02-26,Tuolumne,109,53932,12506,12169,556,12725,175
2022-02-26,Ventura,111,848112,171696,171292,9241,180533,1411
2022-02-26,Yolo,113,214977,36437,35615,3110,38725,296
2022-02-26,Yuba,115,75493,15655,15587,1177,16764,113
2022-02-25,Alameda,001,1643700,251673,250867,13583,264450,1716
2022-02-25,Alpine,003,1148,122,125,1,126,0
2022-02-25,Amador,005,37829,8369,8282,641,8923,83
2022-02-25,Butte,007,227075,32634,32466,6550,39016,368
2022-02-25,Calaveras,009,45235,7184,7192,347,7539,110
2022-02-25,Colusa,011,21464,3418,3414,1066,4480,21
2022-02-25,Contra Costa,013,1133247,185927,184686,12909,197595,1209
2022-02-25,Del Norte,015,27424,5644,5639,181,5820,45
2022-02-25,El Dorado,017,186661,26438,26355,3189,29544,191
2022-02-25,Fresno,019,978130,228945,225679,23761,249440,2597
2022-02-25,Glenn,021,27897,4931,4909,1593,6502,40
2022-02-25,Humboldt,023,135768,16614,16619,2895,19514,133
2022-02-25,Imperial,025,180216,54958,54367,10732,65099,871
2022-02-25,Inyo,027,18085,4041,4034,469,4503,56
2022-02-25,Kern,029,883053,190425,188584,45897,234481,2106
2022-02-25,Kings,031,150075,50931,50579,3580,54159,423
2022-02-25,Lake,033,64148,10509,10383,879,11262,128
2022-02-25,Lassen,035,31185,8835,8761,882,9643,55
2022-02-25,Los Angeles,037,10098052,2687316,2660973,123305,2784278,30202
2022-02-25,Madera,039,155013,36940,36933,6027,42960,330
2022-02-25,Marin,041,260295,32791,32651,2173,34824,267
2022-02-25,Mariposa,043,17540,2357,2332,197,2529,6
2022-02-25,Mendocino,045,87422,12876,12762,2971,15733,111
2022-02-25,Merced,047,269075,61571,61348,8488,69836,775
2022-02-25,Modoc,049,8938,730,726,249,975,7
2022-02-25,Mono,051,14174,2957,2959,119,3078,5
2022-02-25,Monterey,053,433212,78543,77610,13334,90944,692
2022-02-25,Napa,055,140530,25282,25221,946,26167,130
2022-02-25,Nevada,057,99092,15774,15850,1170,17020,121
2022-02-25,Orange,059,3164182,542089,539992,40966,580958,6540
2022-02-25,Placer,061,380077,62109,61803,7326,69129,573
2022-02-25,Plumas,063,18699,2947,2673,360,3033,13
2022-02-25,Riverside,065,2383286,587605,584835,27858,612693,6143
2022-02-25,Sacramento,067,1510023,278047,272339,26889,299228,2793
2022-02-25,San Benito,069,59416,12786,12770,509,13279,92
2022-02-25,San Bernardino,071,2135413,563372,555668,24903,580571,6505
2022-02-25,San Diego,073,3302833,744569,736049,51589,787638,5002
2022-02-25,San Francisco,075,870044,121483,123079,8133,131212,769
2022-02-25,San Joaquin,077,732212,164939,164418,9900,174318,2048
2022-02-25,San Luis Obispo,079,281455,51716,51358,3696,55054,438
2022-02-25,San Mateo,081,765935,119492,117860,6860,124720,603
2022-02-25,Santa Barbara,083,443738,84895,84830,4720,89550,652
2022-02-25,Santa Clara,085,1922200,305424,305895,12204,318099,2166
2022-02-25,Santa Cruz,087,273765,46719,46186,2097,48283,251
2022-02-25,Shasta,089,179085,30188,30108,6060,36168,485
2022-02-25,Sierra,091,2930,271,270,47,317,1
2022-02-25,Siskiyou,093,43540,4391,4359,2703,7062,72
2022-02-25,Solano,095,438530,80294,80225,5495,85720,428
2022-02-25,Sonoma,097,501317,82279,81702,2534,84236,432
2022-02-25,Stanislaus,099,539301,116424,116896,17355,134251,1503
2022-02-25,Sutter,101,95872,20259,20230,2036,22266,214
2022-02-25,Tehama,103,63373,11935,11878,2603,14481,158
2022-02-25,Trinity,105,12862,1173,1156,292,1448,20
2022-02-25,Tulare,107,460477,105693,102983,28250,131233,1295
2022-02-25,Tuolumne,109,53932,12504,12169,556,12725,175
2022-02-25,Ventura,111,848112,171645,171292,9241,180533,1411
2022-02-25,Yolo,113,214977,36422,35615,3110,38725,296
2022-02-25,Yuba,115,75493,15647,15587,1177,16764,113
2022-02-24,Alameda,001,1643700,251465,250867,13574,264441,1716
2022-02-24,Alpine,003,1148,122,125,1,126,0
2022-02-24,Amador,005,37829,8364,8282,640,8922,83
2022-02-24,Butte,007,227075,32613,32466,6545,39011,368
2022-02-24,Calaveras,009,45235,7181,7192,345,7537,110
2022-02-24,Colusa,011,21464,3417,3414,1065,4479,21
2022-02-24,Contra Costa,013,1133247,185799,184686,12901,197587,1209
2022-02-24,Del Norte,015,27424,5629,5639,180,5819,45
2022-02-24,El Dorado,017,186661,26424,26355,3189,29544,191
2022-02-24,Fresno,019,978130,228748,225679,23746,249425,2597
2022-02-24,Glenn,021,27897,4929,4909,1592,6501,40
2022-02-24,Humboldt,023,135768,16596,16619,2894,19513,133
2022-02-24,Imperial,025,180216,54918,54367,10722,65089,871
2022-02-24,Inyo,027,18085,4040,4034,468,4502,56
2022-02-24,Kern,029,883053,190282,188584,45863,234447,2106
2022-02-24,Kings,031,150075,50901,50579,3575,54154,423
2022-02-24,Lake,033,64148,10490,10383,879,11262,128
2022-02-24,Lassen,035,31185,8831,8761,881,9642,55
2022-02-24,Los Angeles,037,10098052,2686159,2660973,123249,2784222,30202
2022-02-24,Madera,039,155013,36913,36933,6025,42958,330
2022-02-24,Marin,041,260295,32771,32651,2172,34823,267
2022-02-24,Mariposa,043,17540,2351,2332,196,2528,6
2022-02-24,Mendocino,045,87422,12869,12762,2967,15729,111
2022-02-24,Merced,047,269075,61541,61348,8479,69827,775
2022-02-24,Modoc,049,8938,729,726,249,975,7
2022-02-24,Mono,051,14174,2956,2959,119,3078,5
2022-02-24,Monterey,053,433212,78490,77610,13325,90935,692
2022-02-24,Napa,055,140530,25241,25221,942,26163,130
2022-02-24,Nevada,057,99092,15760,15850,1170,17020,121
2022-02-24,Orange,059,3164182,541840,539992,40932,580924,6540
2022-02-24,Placer,061,380077,62071,61803,7324,69127,573
2022-02-24,Plumas,063,18699,2942,2673,359,3032,13
2022-02-24,Riverside,065,2383286,587352,584835,27831,612666,6143
2022-02-24,Sacramento,067,1510023,277873,272339,26871,299210,2793
2022-02-24,San Benito,069,59416,12775,12770,508,13278,92
2022-02-24,San Bernardino,071,2135413,563180,555668,24890,580558,6505
2022-02-24,San Diego,073,3302833,744132,736049,51544,787593,5002
2022-02-24,San Francisco,075,870044,121360,123079,8126,131205,769
2022-02-24,San Joaquin,077,732212,164806,164418,9895,174313,2048
2022-02-24,San Luis Obispo,079,281455,51670,51358,3694,55052,438
2022-02-24,San Mateo,081,765935,119400,117860,6853,124713,603
2022-02-24,Santa Barbara,083,443738,84831,84830,4719,89549,652
2022-02-24,Santa Clara,085,1922200,305185,305895,12190,318085,2166
2022-02-24,Santa Cruz,087,273765,46637,46186,2095,48281,251
2022-02-24,Shasta,089,179085,30169,30108,6054,36162,485
2022-02-24,Sierra,091,2930,271,270,47,317,1
2022-02-24,Siskiyou,093,43540,4388,4359,2699,7058,72
2022-02-24,Solano,095,438530,80215,80225,5492,85717,428
2022-02-24,Sonoma,097,501317,82225,81702,2529,84231,432
2022-02-24,Stanislaus,099,539301,116345,116896,17346,134242,1503
2022-02-24,Sutter,101,95872,20245,20230,2020,22250,214
2022-02-24,Tehama,103,63373,11929,11878,2602,14480,158
2022-02-24,Trinity,105,12862,1171,1156,292,1448,20
2022-02-24,Tulare,107,460477,105637,102983,28217,131200,1295
2022-02-24,Tuolumne,109,53932,12493,12169,554,12723,175
2022-02-24,Ventura,111,848112,171566,171292,9238,180530,1411
2022-02-24,Yolo,113,214977,36397,35615,3108,38723,296
2022-02-24,Yuba,115,75493,15634,15587,1177,16764,113
2022-02-23,Alameda,001,1643700,251235,247686,13555,261241,1713
2022-02-23,Alpine,003,1148,122,125,1,126,0
2022-02-23,Amador,005,37829,8347,8274,640,8914,79
2022-02-23,Butte,007,227075,32585,32417,6542,38959,367
2022-02-23,Calaveras,009,45235,7171,7182,344,7526,107
2022-02-23,Colusa,011,21464,3413,3411,1065,4476,21
2022-02-23,Contra Costa,013,1133247,185654,184013,12886,196899,1209
2022-02-23,Del Norte,015,27424,5617,5625,179,5804,45
2022-02-23,El Dorado,017,186661,26408,26317,3185,29502,189
2022-02-23,Fresno,019,978130,228559,225308,23724,249032,2596
2022-02-23,Glenn,021,27897,4925,4909,1590,6499,40
2022-02-23,Humboldt,023,135768,16580,16601,2891,19492,132
2022-02-23,Imperial,025,180216,54880,54292,10708,65000,871
2022-02-23,Inyo,027,18085,4039,4031,465,4496,54
2022-02-23,Kern,029,883053,190175,188432,45813,234245,2106
2022-02-23,Kings,031,150075,50868,50416,3573,53989,423
2022-02-23,Lake,033,64148,10472,10368,878,11246,126
2022-02-23,Lassen,035,31185,8815,8749,881,9630,55
2022-02-23,Los Angeles,037,10098052,2684781,2659569,123203,2782772,30167
2022-02-23,Madera,039,155013,36881,36876,6015,42891,330
2022-02-23,Marin,041,260295,32748,32625,2171,34796,267
2022-02-23,Mariposa,043,17540,2346,2325,195,2520,6
2022-02-23,Mendocino,045,87422,12861,12747,2963,15710,111
2022-02-23,Merced,047,269075,61512,61295,8474,69769,772
2022-02-23,Modoc,049,8938,729,723,248,971,7
2022-02-23,Mono,051,14174,2955,2960,119,3079,5
2022-02-23,Monterey,053,433212,78451,77472,13302,90774,691
2022-02-23,Napa,055,140530,25218,25185,937,26122,128
2022-02-23,Nevada,057,99092,15754,15825,1167,16992,121
2022-02-23,Orange,059,3164182,541531,539631,40909,580540,6520
2022-02-23,Placer,061,380077,62024,61758,7316,69074,573
2022-02-23,Plumas,063,18699,2938,2663,359,3022,13
2022-02-23,Riverside,065,2383286,587059,584381,27794,612175,6119
2022-02-23,Sacramento,067,1510023,277714,272057,26848,298905,2796
2022-02-23,San Benito,069,59416,12768,12756,507,13263,92
2022-02-23,San Bernardino,071,2135413,563015,555238,24872,580110,6479
2022-02-23,San Diego,073,3302833,743610,735406,51503,786909,4988
2022-02-23,San Francisco,075,870044,121233,122127,8124,130251,769
2022-02-23,San Joaquin,077,732212,164714,164257,9890,174147,2042
2022-02-23,San Luis Obispo,079,281455,51622,51264,3692,54956,434
2022-02-23,San Mateo,081,765935,119308,117585,6844,124429,603
2022-02-23,Santa Barbara,083,443738,84771,84760,4715,89475,651
2022-02-23,Santa Clara,085,1922200,304928,305484,12181,317665,2157
2022-02-23,Santa Cruz,087,273765,46568,46059,2094,48153,251
2022-02-23,Shasta,089,179085,30142,30066,6051,36117,481
2022-02-23,Sierra,091,2930,271,270,47,317,1
2022-02-23,Siskiyou,093,43540,4385,4356,2697,7053,71
2022-02-23,Solano,095,438530,80125,80103,5490,85593,427
2022-02-23,Sonoma,097,501317,82172,81594,2527,84121,432
2022-02-23,Stanislaus,099,539301,116269,116789,17337,134126,1482
2022-02-23,Sutter,101,95872,20228,20194,2016,22210,213
2022-02-23,Tehama,103,63373,11919,11863,2602,14465,154
2022-02-23,Trinity,105,12862,1171,1156,292,1448,20
2022-02-23,Tulare,107,460477,105569,102812,28190,131002,1290
2022-02-23,Tuolumne,109,53932,12483,12158,553,12711,175
2022-02-23,Ventura,111,848112,171479,171163,9231,180394,1401
2022-02-23,Yolo,113,214977,36360,35590,3101,38691,296
2022-02-23,Yuba,115,75493,15631,15571,1175,16746,113
2022-02-22,Alameda,001,1643700,250996,247434,13540,260974,1706
2022-02-22,Alpine,003,1148,122,124,1,125,0
2022-02-22,Amador,005,37829,8337,8243,640,8883,79
2022-02-22,Butte,007,227075,32550,32359,6537,38896,366
2022-02-22,Calaveras,009,45235,7162,7178,344,7522,107
2022-02-22,Colusa,011,21464,3413,3402,1063,4465,21
2022-02-22,Contra Costa,013,1133247,185501,183812,12867,196679,1201
2022-02-22,Del Norte,015,27424,5609,5611,178,5789,45
2022-02-22,El Dorado,017,186661,26398,26289,3185,29474,189
2022-02-22,Fresno,019,978130,228329,225104,23693,248797,2592
2022-02-22,Glenn,021,27897,4924,4900,1589,6489,40
2022-02-22,Humboldt,023,135768,16559,16559,2887,19446,132
2022-02-22,Imperial,025,180216,54844,54227,10704,64931,864
2022-02-22,Inyo,027,18085,4038,4026,463,4489,54
2022-02-22,Kern,029,883053,190034,188237,45776,234013,2102
2022-02-22,Kings,031,150075,50805,50359,3570,53929,423
2022-02-22,Lake,033,64148,10461,10353,876,11229,126
2022-02-22,Lassen,035,31185,8811,8730,881,9611,55
2022-02-22,Los Angeles,037,10098052,2683311,2658230,123115,2781345,30129
2022-02-22,Madera,039,155013,36848,36833,6005,42838,330
2022-02-22,Marin,041,260295,32723,32591,2170,34761,267
2022-02-22,Mariposa,043,17540,2338,2322,195,2517,6
2022-02-22,Mendocino,045,87422,12847,12714,2953,15667,110
2022-02-22,Merced,047,269075,61452,61241,8467,69708,770
2022-02-22,Modoc,049,8938,726,720,248,968,6
2022-02-22,Mono,051,14174,2955,2961,119,3080,5
2022-02-22,Monterey,053,433212,78397,77359,13282,90641,690
2022-02-22,Napa,055,140530,25189,25151,936,26087,128
2022-02-22,Nevada,057,99092,15738,15815,1166,16981,121
2022-02-22,Orange,059,3164182,541244,539390,40876,580266,6502
2022-02-22,Placer,061,380077,61986,61709,7311,69020,572
2022-02-22,Plumas,063,18699,2932,2659,357,3016,13
2022-02-22,Riverside,065,2383286,586800,583969,27772,611741,6097
2022-02-22,Sacramento,067,1510023,277523,271789,26824,298613,2775
2022-02-22,San Benito,069,59416,12757,12742,506,13248,92
2022-02-22,San Bernardino,071,2135413,562816,554903,24853,579756,6451
2022-02-22,San Diego,073,3302833,743073,734536,51452,785988,4974
2022-02-22,San Francisco,075,870044,121104,121954,8120,130074,769
2022-02-22,San Joaquin,077,732212,164592,164111,9879,173990,2040
2022-02-22,San Luis Obispo,079,281455,51537,51193,3686,54879,431
2022-02-22,San Mateo,081,765935,119212,117418,6839,124257,603
2022-02-22,Santa Barbara,083,443738,84708,84701,4709,89410,650
2022-02-22,Santa Clara,085,1922200,304649,305045,12175,317220,2155
2022-02-22,Santa Cruz,087,273765,46503,45958,2094,48052,251
2022-02-22,Shasta,089,179085,30118,30024,6046,36070,479
2022-02-22,Sierra,091,2930,271,269,46,315,0
2022-02-22,Siskiyou,093,43540,4382,4350,2692,7042,70
2022-02-22,Solano,095,438530,80049,79968,5488,85456,425
2022-02-22,Sonoma,097,501317,82105,81412,2523,83935,431
2022-02-22,Stanislaus,099,539301,116187,116676,17319,133995,1475
2022-02-22,Sutter,101,95872,20212,20164,2013,22177,210
2022-02-22,Tehama,103,63373,11911,11852,2601,14453,152
2022-02-22,Trinity,105,12862,1171,1147,291,1438,20
2022-02-22,Tulare,107,460477,105459,102717,28156,130873,1287
2022-02-22,Tuolumne,109,53932,12463,12136,552,12688,175
2022-02-22,Ventura,111,848112,171394,171064,9225,180289,1401
2022-02-22,Yolo,113,214977,36323,35527,3095,38622,292
2022-02-22,Yuba,115,75493,15621,15550,1174,16724,110
2022-02-21,Alameda,001,1643700,250707,247434,13524,260958,1704
2022-02-21,Alpine,003,1148,122,124,1,125,0
2022-02-21,Amador,005,37829,8331,8246,640,8886,79
2022-02-21,Butte,007,227075,32510,32356,6514,38870,366
2022-02-21,Calaveras,009,45235,7154,7175,344,7519,107
2022-02-21,Colusa,011,21464,3411,3401,1061,4462,21
2022-02-21,Contra Costa,013,1133247,185274,183701,12853,196554,1201
2022-02-21,Del Norte,015,27424,5591,5601,177,5778,45
2022-02-21,El Dorado,017,186661,26369,26273,3180,29453,189
2022-02-21,Fresno,019,978130,228009,224923,23637,248560,2592
2022-02-21,Glenn,021,27897,4919,4897,1589,6486,40
2022-02-21,Humboldt,023,135768,16515,16548,2879,19427,132
2022-02-21,Imperial,025,180216,54785,54208,10687,64895,864
2022-02-21,Inyo,027,18085,4034,4023,463,4486,54
2022-02-21,Kern,029,883053,189840,188188,45723,233911,2102
2022-02-21,Kings,031,150075,50739,50188,3567,53755,422
2022-02-21,Lake,033,64148,10439,10334,874,11208,126
2022-02-21,Lassen,035,31185,8803,8705,876,9581,55
2022-02-21,Los Angeles,037,10098052,2681510,2656873,123016,2779889,30108
2022-02-21,Madera,039,155013,36808,36796,5984,42780,330
2022-02-21,Marin,041,260295,32699,32570,2170,34740,258
2022-02-21,Mariposa,043,17540,2335,2321,195,2516,6
2022-02-21,Mendocino,045,87422,12821,12706,2941,15647,110
2022-02-21,Merced,047,269075,61395,61209,8450,69659,770
2022-02-21,Modoc,049,8938,725,718,248,966,6
2022-02-21,Mono,051,14174,2954,2960,119,3079,5
2022-02-21,Monterey,053,433212,78303,77354,13240,90594,690
2022-02-21,Napa,055,140530,25148,25126,936,26062,128
2022-02-21,Nevada,057,99092,15726,15810,1163,16973,121
2022-02-21,Orange,059,3164182,540888,539068,40851,579919,6502
2022-02-21,Placer,061,380077,61932,61727,7307,69034,572
2022-02-21,Plumas,063,18699,2928,2657,352,3009,13
2022-02-21,Riverside,065,2383286,586428,583712,27723,611435,6097
2022-02-21,Sacramento,067,1510023,277264,271588,26791,298379,2769
2022-02-21,San Benito,069,59416,12744,12731,506,13237,92
2022-02-21,San Bernardino,071,2135413,562573,554662,24831,579493,6441
2022-02-21,San Diego,073,3302833,742440,732298,51380,783678,4974
2022-02-21,San Francisco,075,870044,120923,121865,8116,129981,769
2022-02-21,San Joaquin,077,732212,164444,164036,9868,173904,2040
2022-02-21,San Luis Obispo,079,281455,51445,51184,3679,54863,429
2022-02-21,San Mateo,081,765935,119119,117259,6831,124090,605
2022-02-21,Santa Barbara,083,443738,84631,84626,4701,89327,650
2022-02-21,Santa Clara,085,1922200,304312,304858,12169,317027,2158
2022-02-21,Santa Cruz,087,273765,46377,45941,2093,48034,251
2022-02-21,Shasta,089,179085,30071,30004,6038,36042,479
2022-02-21,Sierra,091,2930,271,269,46,315,0
2022-02-21,Siskiyou,093,43540,4370,4337,2687,7024,70
2022-02-21,Solano,095,438530,79956,79906,5482,85388,425
2022-02-21,Sonoma,097,501317,81991,81361,2517,83878,431
2022-02-21,Stanislaus,099,539301,116075,116597,17295,133892,1475
2022-02-21,Sutter,101,95872,20185,20152,2011,22163,210
2022-02-21,Tehama,103,63373,11898,11842,2600,14442,152
2022-02-21,Trinity,105,12862,1170,1147,291,1438,20
2022-02-21,Tulare,107,460477,105361,102614,28109,130723,1287
2022-02-21,Tuolumne,109,53932,12454,12126,549,12675,175
2022-02-21,Ventura,111,848112,171254,170939,9216,180155,1401
2022-02-21,Yolo,113,214977,36280,35518,3086,38604,292
2022-02-21,Yuba,115,75493,15601,15546,1165,16711,110
2022-02-20,Alameda,001,1643700,250483,246028,13514,259542,1700
2022-02-20,Alpine,003,1148,122,124,1,125,0
2022-02-20,Amador,005,37829,8320,8203,640,8843,79
2022-02-20,Butte,007,227075,32480,32173,6509,38682,364
2022-02-20,Calaveras,009,45235,7151,7136,343,7479,107
2022-02-20,Colusa,011,21464,3408,3389,1060,4449,21
2022-02-20,Contra Costa,013,1133247,185148,182797,12848,195645,1190
2022-02-20,Del Norte,015,27424,5576,5511,177,5688,45
2022-02-20,El Dorado,017,186661,26348,26101,3179,29280,189
2022-02-20,Fresno,019,978130,227817,223594,23621,247215,2544
2022-02-20,Glenn,021,27897,4916,4881,1589,6470,39
2022-02-20,Humboldt,023,135768,16503,16393,2875,19268,132
2022-02-20,Imperial,025,180216,54724,53967,10674,64641,862
2022-02-20,Inyo,027,18085,4033,4018,462,4480,52
2022-02-20,Kern,029,883053,189709,187158,45679,232837,2095
2022-02-20,Kings,031,150075,50711,49724,3563,53287,421
2022-02-20,Lake,033,64148,10406,10184,873,11057,126
2022-02-20,Lassen,035,31185,8791,8640,876,9516,55
2022-02-20,Los Angeles,037,10098052,2680182,2642878,122930,2765808,29842
2022-02-20,Madera,039,155013,36777,36526,5980,42506,330
2022-02-20,Marin,041,260295,32682,32441,2169,34610,258
2022-02-20,Mariposa,043,17540,2329,2310,193,2503,6
2022-02-20,Mendocino,045,87422,12811,12625,2938,15563,110
2022-02-20,Merced,047,269075,61367,60886,8448,69334,769
2022-02-20,Modoc,049,8938,724,714,248,962,6
2022-02-20,Mono,051,14174,2954,2956,119,3075,5
2022-02-20,Monterey,053,433212,78244,76765,13226,89991,682
2022-02-20,Napa,055,140530,25128,24970,934,25904,127
2022-02-20,Nevada,057,99092,15715,15715,1162,16877,121
2022-02-20,Orange,059,3164182,540569,538019,40815,578834,6416
2022-02-20,Placer,061,380077,61900,61417,7299,68716,560
2022-02-20,Plumas,063,18699,2924,2646,350,2996,13
2022-02-20,Riverside,065,2383286,586154,581788,27695,609483,6087
2022-02-20,Sacramento,067,1510023,277085,270080,26766,296846,2747
2022-02-20,San Benito,069,59416,12741,12665,506,13171,92
2022-02-20,San Bernardino,071,2135413,562366,553151,24813,577964,6400
2022-02-20,San Diego,073,3302833,741837,729549,51326,780875,4947
2022-02-20,San Francisco,075,870044,120783,121197,8106,129303,756
2022-02-20,San Joaquin,077,732212,164321,163083,9857,172940,2033
2022-02-20,San Luis Obispo,079,281455,51414,50823,3675,54498,424
2022-02-20,San Mateo,081,765935,119047,116648,6823,123471,598
2022-02-20,Santa Barbara,083,443738,84587,83988,4699,88687,642
2022-02-20,Santa Clara,085,1922200,304033,303077,12161,315238,2138
2022-02-20,Santa Cruz,087,273765,46311,45532,2090,47622,250
2022-02-20,Shasta,089,179085,30039,29847,6031,35878,479
2022-02-20,Sierra,091,2930,271,269,46,315,0
2022-02-20,Siskiyou,093,43540,4364,4307,2686,6993,70
2022-02-20,Solano,095,438530,79881,78914,5477,84391,424
2022-02-20,Sonoma,097,501317,81915,80843,2514,83357,431
2022-02-20,Stanislaus,099,539301,116007,115976,17278,133254,1454
2022-02-20,Sutter,101,95872,20172,20060,2008,22068,210
2022-02-20,Tehama,103,63373,11886,11760,2597,14357,152
2022-02-20,Trinity,105,12862,1169,1130,291,1421,20
2022-02-20,Tulare,107,460477,105270,101996,28082,130078,1286
2022-02-20,Tuolumne,109,53932,12432,12036,548,12584,175
2022-02-20,Ventura,111,848112,171156,170331,9210,179541,1384
2022-02-20,Yolo,113,214977,36254,35363,3083,38446,293
2022-02-20,Yuba,115,75493,15585,15449,1164,16613,112
2022-02-19,Alameda,001,1643700,250309,246028,13511,259539,1700
2022-02-19,Alpine,003,1148,122,124,1,125,0
2022-02-19,Amador,005,37829,8316,8203,640,8843,79
2022-02-19,Butte,007,227075,32457,32173,6506,38679,364
2022-02-19,Calaveras,009,45235,7151,7136,343,7479,107
2022-02-19,Colusa,011,21464,3407,3389,1058,4447,21
2022-02-19,Contra Costa,013,1133247,185051,182797,12847,195644,1190
2022-02-19,Del Norte,015,27424,5566,5511,176,5687,45
2022-02-19,El Dorado,017,186661,26331,26101,3177,29278,189
2022-02-19,Fresno,019,978130,227699,223594,23612,247206,2544
2022-02-19,Glenn,021,27897,4912,4881,1589,6470,39
2022-02-19,Humboldt,023,135768,16488,16393,2875,19268,132
2022-02-19,Imperial,025,180216,54708,53967,10668,64635,862
2022-02-19,Inyo,027,18085,4032,4018,461,4479,52
2022-02-19,Kern,029,883053,189610,187158,45654,232812,2095
2022-02-19,Kings,031,150075,50688,49724,3561,53285,421
2022-02-19,Lake,033,64148,10398,10184,873,11057,126
2022-02-19,Lassen,035,31185,8779,8640,875,9515,55
2022-02-19,Los Angeles,037,10098052,2679394,2642878,122889,2765767,29842
2022-02-19,Madera,039,155013,36755,36526,5979,42505,330
2022-02-19,Marin,041,260295,32659,32441,2168,34609,258
2022-02-19,Mariposa,043,17540,2326,2310,193,2503,6
2022-02-19,Mendocino,045,87422,12801,12625,2938,15563,110
2022-02-19,Merced,047,269075,61322,60886,8444,69330,769
2022-02-19,Modoc,049,8938,724,714,247,961,6
2022-02-19,Mono,051,14174,2953,2956,119,3075,5
2022-02-19,Monterey,053,433212,78155,76765,13215,89980,682
2022-02-19,Napa,055,140530,25118,24970,934,25904,127
2022-02-19,Nevada,057,99092,15707,15715,1162,16877,121
2022-02-19,Orange,059,3164182,540369,538019,40790,578809,6416
2022-02-19,Placer,061,380077,61853,61417,7298,68715,560
2022-02-19,Plumas,063,18699,2923,2646,350,2996,13
2022-02-19,Riverside,065,2383286,585975,581788,27682,609470,6087
2022-02-19,Sacramento,067,1510023,276946,270080,26755,296835,2747
2022-02-19,San Benito,069,59416,12728,12665,505,13170,92
2022-02-19,San Bernardino,071,2135413,562202,553151,24806,577957,6400
2022-02-19,San Diego,073,3302833,741480,729549,51284,780833,4947
2022-02-19,San Francisco,075,870044,120697,121197,8102,129299,756
2022-02-19,San Joaquin,077,732212,164245,163083,9846,172929,2033
2022-02-19,San Luis Obispo,079,281455,51402,50823,3671,54494,424
2022-02-19,San Mateo,081,765935,119007,116648,6821,123469,598
2022-02-19,Santa Barbara,083,443738,84518,83988,4698,88686,642
2022-02-19,Santa Clara,085,1922200,303839,303077,12159,315236,2138
2022-02-19,Santa Cruz,087,273765,46273,45532,2088,47620,250
2022-02-19,Shasta,089,179085,30025,29847,6028,35875,479
2022-02-19,Sierra,091,2930,271,269,46,315,0
2022-02-19,Siskiyou,093,43540,4362,4307,2686,6993,70
2022-02-19,Solano,095,438530,79839,78914,5476,84390,424
2022-02-19,Sonoma,097,501317,81871,80843,2514,83357,431
2022-02-19,Stanislaus,099,539301,115937,115976,17272,133248,1454
2022-02-19,Sutter,101,95872,20164,20060,2008,22068,210
2022-02-19,Tehama,103,63373,11879,11760,2597,14357,152
2022-02-19,Trinity,105,12862,1167,1130,291,1421,20
2022-02-19,Tulare,107,460477,105222,101996,28056,130052,1286
2022-02-19,Tuolumne,109,53932,12424,12036,548,12584,175
2022-02-19,Ventura,111,848112,171081,170331,9206,179537,1384
2022-02-19,Yolo,113,214977,36223,35363,3079,38442,293
2022-02-19,Yuba,115,75493,15576,15449,1164,16613,112
2022-02-18,Alameda,001,1643700,250144,246028,13503,259531,1700
2022-02-18,Alpine,003,1148,121,124,1,125,0
2022-02-18,Amador,005,37829,8308,8203,638,8841,79
2022-02-18,Butte,007,227075,32437,32173,6500,38673,364
2022-02-18,Calaveras,009,45235,7146,7136,342,7478,107
2022-02-18,Colusa,011,21464,3405,3389,1058,4447,21
2022-02-18,Contra Costa,013,1133247,184944,182797,12841,195638,1190
2022-02-18,Del Norte,015,27424,5555,5511,176,5687,45
2022-02-18,El Dorado,017,186661,26320,26101,3176,29277,189
2022-02-18,Fresno,019,978130,227512,223594,23600,247194,2544
2022-02-18,Glenn,021,27897,4911,4881,1588,6469,39
2022-02-18,Humboldt,023,135768,16471,16393,2870,19263,132
2022-02-18,Imperial,025,180216,54685,53967,10657,64624,862
2022-02-18,Inyo,027,18085,4031,4018,461,4479,52
2022-02-18,Kern,029,883053,189495,187158,45609,232767,2095
2022-02-18,Kings,031,150075,50600,49724,3561,53285,421
2022-02-18,Lake,033,64148,10381,10184,871,11055,126
2022-02-18,Lassen,035,31185,8759,8640,874,9514,55
2022-02-18,Los Angeles,037,10098052,2678419,2642878,122834,2765712,29842
2022-02-18,Madera,039,155013,36732,36526,5977,42503,330
2022-02-18,Marin,041,260295,32641,32441,2166,34607,258
2022-02-18,Mariposa,043,17540,2324,2310,193,2503,6
2022-02-18,Mendocino,045,87422,12790,12625,2938,15563,110
2022-02-18,Merced,047,269075,61278,60886,8434,69320,769
2022-02-18,Modoc,049,8938,724,714,247,961,6
2022-02-18,Mono,051,14174,2953,2956,119,3075,5
2022-02-18,Monterey,053,433212,78083,76765,13207,89972,682
2022-02-18,Napa,055,140530,25100,24970,934,25904,127
2022-02-18,Nevada,057,99092,15699,15715,1162,16877,121
2022-02-18,Orange,059,3164182,540132,538019,40751,578770,6416
2022-02-18,Placer,061,380077,61823,61417,7290,68707,560
2022-02-18,Plumas,063,18699,2920,2646,350,2996,13
2022-02-18,Riverside,065,2383286,585793,581788,27673,609461,6087
2022-02-18,Sacramento,067,1510023,276752,270080,26747,296827,2747
2022-02-18,San Benito,069,59416,12720,12665,505,13170,92
2022-02-18,San Bernardino,071,2135413,562019,553151,24801,577952,6400
2022-02-18,San Diego,073,3302833,741047,729549,51261,780810,4947
2022-02-18,San Francisco,075,870044,120609,121197,8094,129291,756
2022-02-18,San Joaquin,077,732212,164178,163083,9838,172921,2033
2022-02-18,San Luis Obispo,079,281455,51386,50823,3668,54491,424
2022-02-18,San Mateo,081,765935,118942,116648,6818,123466,598
2022-02-18,Santa Barbara,083,443738,84478,83988,4696,88684,642
2022-02-18,Santa Clara,085,1922200,303601,303077,12158,315235,2138
2022-02-18,Santa Cruz,087,273765,46239,45532,2087,47619,250
2022-02-18,Shasta,089,179085,30013,29847,6027,35874,479
2022-02-18,Sierra,091,2930,271,269,46,315,0
2022-02-18,Siskiyou,093,43540,4359,4307,2684,6991,70
2022-02-18,Solano,095,438530,79769,78914,5475,84389,424
2022-02-18,Sonoma,097,501317,81813,80843,2513,83356,431
2022-02-18,Stanislaus,099,539301,115887,115976,17258,133234,1454
2022-02-18,Sutter,101,95872,20153,20060,2008,22068,210
2022-02-18,Tehama,103,63373,11868,11760,2597,14357,152
2022-02-18,Trinity,105,12862,1166,1130,290,1420,20
2022-02-18,Tulare,107,460477,105180,101996,28012,130008,1286
2022-02-18,Tuolumne,109,53932,12418,12036,547,12583,175
2022-02-18,Ventura,111,848112,170989,170331,9202,179533,1384
2022-02-18,Yolo,113,214977,36195,35363,3077,38440,293
2022-02-18,Yuba,115,75493,15563,15449,1164,16613,112
2022-02-17,Alameda,001,1643700,249882,246028,13482,259510,1700
2022-02-17,Alpine,003,1148,121,124,1,125,0
2022-02-17,Amador,005,37829,8304,8203,636,8839,79
2022-02-17,Butte,007,227075,32399,32173,6495,38668,364
2022-02-17,Calaveras,009,45235,7137,7136,339,7475,107
2022-02-17,Colusa,011,21464,3402,3389,1058,4447,21
2022-02-17,Contra Costa,013,1133247,184750,182797,12807,195604,1190
2022-02-17,Del Norte,015,27424,5534,5511,176,5687,45
2022-02-17,El Dorado,017,186661,26295,26101,3166,29267,189
2022-02-17,Fresno,019,978130,227221,223594,23569,247163,2544
2022-02-17,Glenn,021,27897,4909,4881,1585,6466,39
2022-02-17,Humboldt,023,135768,16430,16393,2869,19262,132
2022-02-17,Imperial,025,180216,54611,53967,10640,64607,862
2022-02-17,Inyo,027,18085,4030,4018,460,4478,52
2022-02-17,Kern,029,883053,189342,187158,45559,232717,2095
2022-02-17,Kings,031,150075,50535,49724,3555,53279,421
2022-02-17,Lake,033,64148,10351,10184,867,11051,126
2022-02-17,Lassen,035,31185,8749,8640,872,9512,55
2022-02-17,Los Angeles,037,10098052,2676573,2642878,122753,2765631,29842
2022-02-17,Madera,039,155013,36689,36526,5970,42496,330
2022-02-17,Marin,041,260295,32615,32441,2164,34605,258
2022-02-17,Mariposa,043,17540,2321,2310,192,2502,6
2022-02-17,Mendocino,045,87422,12773,12625,2935,15560,110
2022-02-17,Merced,047,269075,61202,60886,8416,69302,769
2022-02-17,Modoc,049,8938,723,714,247,961,6
2022-02-17,Mono,051,14174,2951,2956,119,3075,5
2022-02-17,Monterey,053,433212,77971,76765,13165,89930,682
2022-02-17,Napa,055,140530,25069,24970,932,25902,127
2022-02-17,Nevada,057,99092,15687,15715,1161,16876,121
2022-02-17,Orange,059,3164182,539796,538019,40723,578742,6416
2022-02-17,Placer,061,380077,61782,61417,7282,68699,560
2022-02-17,Plumas,063,18699,2917,2646,350,2996,13
2022-02-17,Riverside,065,2383286,585406,581788,27646,609434,6087
2022-02-17,Sacramento,067,1510023,276462,270080,26699,296779,2747
2022-02-17,San Benito,069,59416,12709,12665,505,13170,92
2022-02-17,San Bernardino,071,2135413,561718,553151,24787,577938,6400
2022-02-17,San Diego,073,3302833,740429,729549,51215,780764,4947
2022-02-17,San Francisco,075,870044,120474,121197,8083,129280,756
2022-02-17,San Joaquin,077,732212,164016,163083,9824,172907,2033
2022-02-17,San Luis Obispo,079,281455,51281,50823,3660,54483,424
2022-02-17,San Mateo,081,765935,118849,116648,6809,123457,598
2022-02-17,Santa Barbara,083,443738,84376,83988,4688,88676,642
2022-02-17,Santa Clara,085,1922200,303239,303077,12143,315220,2138
2022-02-17,Santa Cruz,087,273765,46158,45532,2085,47617,250
2022-02-17,Shasta,089,179085,29985,29847,6024,35871,479
2022-02-17,Sierra,091,2930,271,269,46,315,0
2022-02-17,Siskiyou,093,43540,4350,4307,2680,6987,70
2022-02-17,Solano,095,438530,79688,78914,5467,84381,424
2022-02-17,Sonoma,097,501317,81745,80843,2506,83349,431
2022-02-17,Stanislaus,099,539301,115783,115976,17241,133217,1454
2022-02-17,Sutter,101,95872,20138,20060,2000,22060,210
2022-02-17,Tehama,103,63373,11859,11760,2596,14356,152
2022-02-17,Trinity,105,12862,1164,1130,288,1418,20
2022-02-17,Tulare,107,460477,105065,101996,27986,129982,1286
2022-02-17,Tuolumne,109,53932,12407,12036,547,12583,175
2022-02-17,Ventura,111,848112,170849,170331,9201,179532,1384
2022-02-17,Yolo,113,214977,36157,35363,3076,38439,293
2022-02-17,Yuba,115,75493,15548,15449,1164,16613,112
2022-02-16,Alameda,001,1643700,249566,245662,13443,259105,1691
2022-02-16,Alpine,003,1148,121,124,1,125,0
2022-02-16,Amador,005,37829,8286,8197,634,8831,77
2022-02-16,Butte,007,227075,32357,32095,6483,38578,363
2022-02-16,Calaveras,009,45235,7131,7129,336,7465,107
2022-02-16,Colusa,011,21464,3397,3384,1058,4442,21
2022-02-16,Contra Costa,013,1133247,184514,182423,12770,195193,1179
2022-02-16,Del Norte,015,27424,5513,5473,172,5645,45
2022-02-16,El Dorado,017,186661,26267,26061,3162,29223,189
2022-02-16,Fresno,019,978130,226860,223056,23518,246574,2542
2022-02-16,Glenn,021,27897,4905,4873,1580,6453,39
2022-02-16,Humboldt,023,135768,16405,16342,2858,19200,132
2022-02-16,Imperial,025,180216,54532,53901,10609,64510,861
2022-02-16,Inyo,027,18085,4026,4013,457,4470,52
2022-02-16,Kern,029,883053,189124,186740,45468,232208,2084
2022-02-16,Kings,031,150075,50482,49575,3546,53121,420
2022-02-16,Lake,033,64148,10324,10145,867,11012,125
2022-02-16,Lassen,035,31185,8716,8618,872,9490,55
2022-02-16,Los Angeles,037,10098052,2674465,2640005,122641,2762646,29749
2022-02-16,Madera,039,155013,36621,36382,5955,42337,330
2022-02-16,Marin,041,260295,32579,32381,2161,34542,257
2022-02-16,Mariposa,043,17540,2319,2305,192,2497,6
2022-02-16,Mendocino,045,87422,12751,12605,2925,15530,108
2022-02-16,Merced,047,269075,61136,60776,8383,69159,767
2022-02-16,Modoc,049,8938,723,711,243,954,6
2022-02-16,Mono,051,14174,2949,2953,119,3072,5
2022-02-16,Monterey,053,433212,77823,76624,13124,89748,682
2022-02-16,Napa,055,140530,25030,24897,929,25826,128
2022-02-16,Nevada,057,99092,15671,15677,1157,16834,121
2022-02-16,Orange,059,3164182,539393,537934,40678,578612,6392
2022-02-16,Placer,061,380077,61739,61278,7269,68547,556
2022-02-16,Plumas,063,18699,2914,2644,348,2992,13
2022-02-16,Riverside,065,2383286,585013,580828,27599,608427,6064
2022-02-16,Sacramento,067,1510023,276138,269416,26643,296059,2736
2022-02-16,San Benito,069,59416,12682,12644,505,13149,92
2022-02-16,San Bernardino,071,2135413,561444,552353,24762,577115,6379
2022-02-16,San Diego,073,3302833,739645,728610,51142,779752,4931
2022-02-16,San Francisco,075,870044,120302,120987,8078,129065,756
2022-02-16,San Joaquin,077,732212,163848,162752,9814,172566,2032
2022-02-16,San Luis Obispo,079,281455,51211,50704,3647,54351,425
2022-02-16,San Mateo,081,765935,118731,116438,6791,123229,595
2022-02-16,Santa Barbara,083,443738,84301,83968,4675,88643,642
2022-02-16,Santa Clara,085,1922200,302859,302439,12108,314547,2130
2022-02-16,Santa Cruz,087,273765,46069,45274,2083,47357,250
2022-02-16,Shasta,089,179085,29946,29767,6012,35779,477
2022-02-16,Sierra,091,2930,270,269,46,315,0
2022-02-16,Siskiyou,093,43540,4343,4302,2674,6976,71
2022-02-16,Solano,095,438530,79573,78742,5460,84202,422
2022-02-16,Sonoma,097,501317,81623,80642,2496,83138,431
2022-02-16,Stanislaus,099,539301,115664,115751,17210,132961,1443
2022-02-16,Sutter,101,95872,20121,20020,1997,22017,210
2022-02-16,Tehama,103,63373,11842,11738,2594,14332,152
2022-02-16,Trinity,105,12862,1164,1130,287,1417,20
2022-02-16,Tulare,107,460477,104941,101817,27933,129750,1281
2022-02-16,Tuolumne,109,53932,12395,11991,546,12537,171
2022-02-16,Ventura,111,848112,170713,170117,9193,179310,1372
2022-02-16,Yolo,113,214977,36106,35284,3073,38357,292
2022-02-16,Yuba,115,75493,15526,15405,1161,16566,110
2022-02-15,Alameda,001,1643700,249217,245265,13414,258679,1683
2022-02-15,Alpine,003,1148,121,124,1,125,0
2022-02-15,Amador,005,37829,8275,8183,633,8816,77
2022-02-15,Butte,007,227075,32308,32011,6469,38480,361
2022-02-15,Calaveras,009,45235,7122,7115,336,7451,106
2022-02-15,Colusa,011,21464,3389,3374,1057,4431,21
2022-02-15,Contra Costa,013,1133247,184257,182041,12738,194779,1179
2022-02-15,Del Norte,015,27424,5486,5439,170,5609,45
2022-02-15,El Dorado,017,186661,26248,25988,3157,29145,189
2022-02-15,Fresno,019,978130,226482,222673,23453,246126,2543
2022-02-15,Glenn,021,27897,4896,4862,1579,6441,39
2022-02-15,Humboldt,023,135768,16362,16297,2843,19140,132
2022-02-15,Imperial,025,180216,54468,53813,10594,64407,860
2022-02-15,Inyo,027,18085,4025,4009,456,4465,52
2022-02-15,Kern,029,883053,188906,186324,45377,231701,2072
2022-02-15,Kings,031,150075,50388,49473,3537,53010,418
2022-02-15,Lake,033,64148,10291,10112,861,10973,123
2022-02-15,Lassen,035,31185,8701,8587,870,9457,55
2022-02-15,Los Angeles,037,10098052,2672209,2638266,122506,2760772,29691
2022-02-15,Madera,039,155013,36556,36260,5934,42194,330
2022-02-15,Marin,041,260295,32537,32355,2159,34514,255
2022-02-15,Mariposa,043,17540,2318,2302,192,2494,6
2022-02-15,Mendocino,045,87422,12734,12580,2906,15486,108
2022-02-15,Merced,047,269075,61053,60674,8352,69026,763
2022-02-15,Modoc,049,8938,721,710,240,950,6
2022-02-15,Mono,051,14174,2948,2952,119,3071,5
2022-02-15,Monterey,053,433212,77697,75530,13064,88594,682
2022-02-15,Napa,055,140530,24980,24832,922,25754,127
2022-02-15,Nevada,057,99092,15644,15643,1156,16799,121
2022-02-15,Orange,059,3164182,538934,537478,40634,578112,6374
2022-02-15,Placer,061,380077,61678,61170,7258,68428,554
2022-02-15,Plumas,063,18699,2910,2638,348,2986,13
2022-02-15,Riverside,065,2383286,584519,579940,27539,607479,6049
2022-02-15,Sacramento,067,1510023,275752,268950,26563,295513,2721
2022-02-15,San Benito,069,59416,12663,12616,505,13121,91
2022-02-15,San Bernardino,071,2135413,561073,551803,24740,576543,6372
2022-02-15,San Diego,073,3302833,738656,727486,51051,778537,4914
2022-02-15,San Francisco,075,870044,120130,120759,8066,128825,756
2022-02-15,San Joaquin,077,732212,163631,162518,9800,172318,2021
2022-02-15,San Luis Obispo,079,281455,51110,50534,3632,54166,419
2022-02-15,San Mateo,081,765935,118595,116253,6769,123022,595
2022-02-15,Santa Barbara,083,443738,84163,83734,4661,88395,640
2022-02-15,Santa Clara,085,1922200,302367,301831,12069,313900,2130
2022-02-15,Santa Cruz,087,273765,45965,45171,2078,47249,250
2022-02-15,Shasta,089,179085,29897,29684,5998,35682,477
2022-02-15,Sierra,091,2930,270,269,46,315,0
2022-02-15,Siskiyou,093,43540,4336,4288,2667,6955,70
2022-02-15,Solano,095,438530,79440,78626,5453,84079,426
2022-02-15,Sonoma,097,501317,81502,80433,2490,82923,431
2022-02-15,Stanislaus,099,539301,115526,115549,17177,132726,1429
2022-02-15,Sutter,101,95872,20093,19980,1992,21972,208
2022-02-15,Tehama,103,63373,11825,11717,2592,14309,151
2022-02-15,Trinity,105,12862,1158,1125,284,1409,20
2022-02-15,Tulare,107,460477,104788,101645,27874,129519,1278
2022-02-15,Tuolumne,109,53932,12375,11945,544,12489,171
2022-02-15,Ventura,111,848112,170541,169942,9185,179127,1372
2022-02-15,Yolo,113,214977,36055,35241,3063,38304,289
2022-02-15,Yuba,115,75493,15497,15372,1156,16528,109
2022-02-14,Alameda,001,1643700,248779,244315,13381,257696,1677
2022-02-14,Alpine,003,1148,121,125,1,126,0
2022-02-14,Amador,005,37829,8260,8164,630,8794,77
2022-02-14,Butte,007,227075,32251,31946,6455,38401,360
2022-02-14,Calaveras,009,45235,7110,7097,334,7431,106
2022-02-14,Colusa,011,21464,3386,3367,1053,4420,21
2022-02-14,Contra Costa,013,1133247,183969,181753,12699,194452,1167
2022-02-14,Del Norte,015,27424,5464,5426,169,5595,45
2022-02-14,El Dorado,017,186661,26214,25915,3149,29064,188
2022-02-14,Fresno,019,978130,225997,222360,23363,245723,2538
2022-02-14,Glenn,021,27897,4890,4854,1579,6433,39
2022-02-14,Humboldt,023,135768,16321,16264,2818,19082,132
2022-02-14,Imperial,025,180216,54396,53765,10565,64330,860
2022-02-14,Inyo,027,18085,4024,4010,455,4465,52
2022-02-14,Kern,029,883053,188560,186037,45268,231305,2063
2022-02-14,Kings,031,150075,50284,49395,3528,52923,419
2022-02-14,Lake,033,64148,10256,10090,858,10948,123
2022-02-14,Lassen,035,31185,8690,8539,868,9407,55
2022-02-14,Los Angeles,037,10098052,2669611,2636064,122377,2758441,29650
2022-02-14,Madera,039,155013,36491,36194,5911,42105,330
2022-02-14,Marin,041,260295,32501,32304,2156,34460,255
2022-02-14,Mariposa,043,17540,2311,2295,192,2487,6
2022-02-14,Mendocino,045,87422,12707,12541,2874,15415,108
2022-02-14,Merced,047,269075,60963,60591,8307,68898,758
2022-02-14,Modoc,049,8938,716,707,240,947,6
2022-02-14,Mono,051,14174,2947,2954,119,3073,5
2022-02-14,Monterey,053,433212,77521,75407,12980,88387,678
2022-02-14,Napa,055,140530,24921,24776,922,25698,127
2022-02-14,Nevada,057,99092,15625,15629,1155,16784,121
2022-02-14,Orange,059,3164182,538427,536924,40568,577492,6355
2022-02-14,Placer,061,380077,61608,61123,7243,68366,554
2022-02-14,Plumas,063,18699,2908,2631,348,2979,13
2022-02-14,Riverside,065,2383286,583964,579174,27469,606643,5994
2022-02-14,Sacramento,067,1510023,275307,268547,26449,294996,2717
2022-02-14,San Benito,069,59416,12639,12598,504,13102,91
2022-02-14,San Bernardino,071,2135413,560641,551338,24720,576058,6372
2022-02-14,San Diego,073,3302833,737666,723902,50958,774860,4894
2022-02-14,San Francisco,075,870044,119940,120581,8056,128637,756
2022-02-14,San Joaquin,077,732212,163391,162363,9777,172140,2018
2022-02-14,San Luis Obispo,079,281455,50998,50465,3622,54087,416
2022-02-14,San Mateo,081,765935,118428,116129,6760,122889,592
2022-02-14,Santa Barbara,083,443738,84017,83697,4651,88348,636
2022-02-14,Santa Clara,085,1922200,301827,301319,12045,313364,2127
2022-02-14,Santa Cruz,087,273765,45801,45042,2074,47116,250
2022-02-14,Shasta,089,179085,29812,29595,5980,35575,474
2022-02-14,Sierra,091,2930,270,269,46,315,0
2022-02-14,Siskiyou,093,43540,4323,4278,2653,6931,69
2022-02-14,Solano,095,438530,79261,78533,5441,83974,427
2022-02-14,Sonoma,097,501317,81356,80336,2480,82816,431
2022-02-14,Stanislaus,099,539301,115349,115426,17131,132557,1406
2022-02-14,Sutter,101,95872,20064,19957,1986,21943,209
2022-02-14,Tehama,103,63373,11802,11686,2591,14277,151
2022-02-14,Trinity,105,12862,1155,1123,284,1407,20
2022-02-14,Tulare,107,460477,104580,101448,27773,129221,1276
2022-02-14,Tuolumne,109,53932,12344,11920,541,12461,170
2022-02-14,Ventura,111,848112,170363,169725,9173,178898,1361
2022-02-14,Yolo,113,214977,35997,35112,3053,38165,286
2022-02-14,Yuba,115,75493,15467,15375,1152,16527,108
2022-02-13,Alameda,001,1643700,248278,243681,13346,257027,1677
2022-02-13,Alpine,003,1148,121,125,1,126,0
2022-02-13,Amador,005,37829,8231,8146,627,8773,77
2022-02-13,Butte,007,227075,32177,31865,6431,38296,360
2022-02-13,Calaveras,009,45235,7102,7083,331,7414,106
2022-02-13,Colusa,011,21464,3382,3366,1051,4417,21
2022-02-13,Contra Costa,013,1133247,183602,181313,12634,193947,1159
2022-02-13,Del Norte,015,27424,5432,5379,169,5548,45
2022-02-13,El Dorado,017,186661,26178,25871,3141,29012,188
2022-02-13,Fresno,019,978130,225453,221686,23296,244982,2537
2022-02-13,Glenn,021,27897,4880,4847,1576,6423,39
2022-02-13,Humboldt,023,135768,16274,16210,2790,19000,132
2022-02-13,Imperial,025,180216,54297,53658,10527,64185,860
2022-02-13,Inyo,027,18085,4021,4006,453,4459,52
2022-02-13,Kern,029,883053,188314,185640,45181,230821,2063
2022-02-13,Kings,031,150075,50157,49243,3514,52757,416
2022-02-13,Lake,033,64148,10193,10042,850,10892,123
2022-02-13,Lassen,035,31185,8659,8503,866,9369,55
2022-02-13,Los Angeles,037,10098052,2666434,2631267,122232,2753499,29595
2022-02-13,Madera,039,155013,36373,36054,5882,41936,330
2022-02-13,Marin,041,260295,32430,32222,2149,34371,255
2022-02-13,Mariposa,043,17540,2305,2292,190,2482,6
2022-02-13,Mendocino,045,87422,12676,12521,2833,15354,108
2022-02-13,Merced,047,269075,60819,60460,8253,68713,758
2022-02-13,Modoc,049,8938,714,704,233,937,6
2022-02-13,Mono,051,14174,2945,2949,119,3068,5
2022-02-13,Monterey,053,433212,77313,75295,12905,88200,678
2022-02-13,Napa,055,140530,24843,24743,919,25662,127
2022-02-13,Nevada,057,99092,15590,15590,1148,16738,121
2022-02-13,Orange,059,3164182,537796,536134,40506,576640,6355
2022-02-13,Placer,061,380077,61531,61020,7219,68239,554
2022-02-13,Plumas,063,18699,2899,2626,345,2971,13
2022-02-13,Riverside,065,2383286,583366,578363,27424,605787,5995
2022-02-13,Sacramento,067,1510023,274798,267947,26316,294263,2699
2022-02-13,San Benito,069,59416,12606,12578,503,13081,91
2022-02-13,San Bernardino,071,2135413,560130,550632,24686,575318,6367
2022-02-13,San Diego,073,3302833,736497,723902,50850,774752,4894
2022-02-13,San Francisco,075,870044,119685,120295,8044,128339,756
2022-02-13,San Joaquin,077,732212,163079,162028,9748,171776,2018
2022-02-13,San Luis Obispo,079,281455,50853,50384,3614,53998,415
2022-02-13,San Mateo,081,765935,118205,115876,6735,122611,592
2022-02-13,Santa Barbara,083,443738,83852,83547,4643,88190,635
2022-02-13,Santa Clara,085,1922200,301179,300412,12008,312420,2114
2022-02-13,Santa Cruz,087,273765,45645,44887,2072,46959,240
2022-02-13,Shasta,089,179085,29730,29531,5955,35486,474
2022-02-13,Sierra,091,2930,270,269,46,315,0
2022-02-13,Siskiyou,093,43540,4316,4264,2637,6901,69
2022-02-13,Solano,095,438530,79105,78424,5416,83840,426
2022-02-13,Sonoma,097,501317,81187,80172,2468,82640,431
2022-02-13,Stanislaus,099,539301,115147,115156,17090,132246,1406
2022-02-13,Sutter,101,95872,20023,19900,1986,21886,209
2022-02-13,Tehama,103,63373,11774,11644,2586,14230,151
2022-02-13,Trinity,105,12862,1152,1120,281,1401,20
2022-02-13,Tulare,107,460477,104356,101135,27679,128814,1276
2022-02-13,Tuolumne,109,53932,12319,11891,536,12427,170
2022-02-13,Ventura,111,848112,170168,169422,9153,178575,1361
2022-02-13,Yolo,113,214977,35930,35057,3041,38098,286
2022-02-13,Yuba,115,75493,15433,15346,1150,16496,107
2022-02-12,Alameda,001,1643700,248058,242137,13332,255469,1668
2022-02-12,Alpine,003,1148,121,124,1,125,0
2022-02-12,Amador,005,37829,8225,8091,627,8718,76
2022-02-12,Butte,007,227075,32150,31601,6426,38027,360
2022-02-12,Calaveras,009,45235,7099,7022,330,7352,106
2022-02-12,Colusa,011,21464,3378,3345,1051,4396,21
2022-02-12,Contra Costa,013,1133247,183412,180270,12627,192897,1141
2022-02-12,Del Norte,015,27424,5412,5262,169,5431,45
2022-02-12,El Dorado,017,186661,26162,25692,3141,28833,188
2022-02-12,Fresno,019,978130,225241,219909,23279,243188,2509
2022-02-12,Glenn,021,27897,4879,4818,1575,6393,39
2022-02-12,Humboldt,023,135768,16251,16058,2786,18844,132
2022-02-12,Imperial,025,180216,54252,53304,10516,63820,860
2022-02-12,Inyo,027,18085,4019,3991,453,4444,52
2022-02-12,Kern,029,883053,188207,184639,45144,229783,2037
2022-02-12,Kings,031,150075,50117,48893,3507,52400,415
2022-02-12,Lake,033,64148,10172,9926,845,10771,123
2022-02-12,Lassen,035,31185,8636,8477,865,9342,55
2022-02-12,Los Angeles,037,10098052,2665291,2616426,122155,2738581,29364
2022-02-12,Madera,039,155013,36339,35710,5875,41585,330
2022-02-12,Marin,041,260295,32397,32048,2146,34194,255
2022-02-12,Mariposa,043,17540,2305,2286,190,2476,6
2022-02-12,Mendocino,045,87422,12660,12439,2833,15272,107
2022-02-12,Merced,047,269075,60767,60187,8248,68435,758
2022-02-12,Modoc,049,8938,714,697,233,930,6
2022-02-12,Mono,051,14174,2945,2939,119,3058,5
2022-02-12,Monterey,053,433212,77253,74842,12880,87722,672
2022-02-12,Napa,055,140530,24815,24530,919,25449,124
2022-02-12,Nevada,057,99092,15578,15499,1146,16645,119
2022-02-12,Orange,059,3164182,537507,534503,40470,574973,6305
2022-02-12,Placer,061,380077,61472,60636,7216,67852,554
2022-02-12,Plumas,063,18699,2898,2617,344,2961,13
2022-02-12,Riverside,065,2383286,583010,575566,27400,602966,5961
2022-02-12,Sacramento,067,1510023,274561,266347,26307,292654,2686
2022-02-12,San Benito,069,59416,12594,12526,503,13029,91
2022-02-12,San Bernardino,071,2135413,559895,548822,24673,573495,6360
2022-02-12,San Diego,073,3302833,735972,720287,50804,771091,4854
2022-02-12,San Francisco,075,870044,119564,119113,8033,127146,740
2022-02-12,San Joaquin,077,732212,162950,161234,9742,170976,2014
2022-02-12,San Luis Obispo,079,281455,50817,50064,3610,53674,416
2022-02-12,San Mateo,081,765935,118114,115235,6727,121962,589
2022-02-12,Santa Barbara,083,443738,83764,83390,4633,88023,631
2022-02-12,Santa Clara,085,1922200,300837,298176,12000,310176,2093
2022-02-12,Santa Cruz,087,273765,45609,44447,2070,46517,239
2022-02-12,Shasta,089,179085,29702,29370,5951,35321,473
2022-02-12,Sierra,091,2930,270,268,46,314,0
2022-02-12,Siskiyou,093,43540,4309,4231,2634,6865,68
2022-02-12,Solano,095,438530,79063,77865,5413,83278,424
2022-02-12,Sonoma,097,501317,81081,79533,2466,81999,431
2022-02-12,Stanislaus,099,539301,115021,114531,17078,131609,1406
2022-02-12,Sutter,101,95872,20008,19800,1986,21786,211
2022-02-12,Tehama,103,63373,11760,11580,2586,14166,151
2022-02-12,Trinity,105,12862,1151,1115,281,1396,20
2022-02-12,Tulare,107,460477,104259,100434,27640,128074,1273
2022-02-12,Tuolumne,109,53932,12301,11754,536,12290,125
2022-02-12,Ventura,111,848112,170060,168736,9148,177884,1340
2022-02-12,Yolo,113,214977,35889,34773,3038,37811,286
2022-02-12,Yuba,115,75493,15417,15242,1149,16391,107
2022-02-11,Alameda,001,1643700,247778,242137,13318,255455,1668
2022-02-11,Alpine,003,1148,121,124,1,125,0
2022-02-11,Amador,005,37829,8212,8091,627,8718,76
2022-02-11,Butte,007,227075,32106,31601,6415,38016,360
2022-02-11,Calaveras,009,45235,7096,7022,330,7352,106
2022-02-11,Colusa,011,21464,3376,3345,1050,4395,21
2022-02-11,Contra Costa,013,1133247,183208,180270,12608,192878,1141
2022-02-11,Del Norte,015,27424,5397,5262,168,5430,45
2022-02-11,El Dorado,017,186661,26142,25692,3140,28832,188
2022-02-11,Fresno,019,978130,224944,219909,23261,243170,2509
2022-02-11,Glenn,021,27897,4875,4818,1575,6393,39
2022-02-11,Humboldt,023,135768,16221,16058,2781,18839,132
2022-02-11,Imperial,025,180216,54222,53304,10505,63809,860
2022-02-11,Inyo,027,18085,4016,3991,448,4439,52
2022-02-11,Kern,029,883053,188044,184639,45090,229729,2037
2022-02-11,Kings,031,150075,50078,48893,3506,52399,415
2022-02-11,Lake,033,64148,10146,9926,843,10769,123
2022-02-11,Lassen,035,31185,8596,8477,865,9342,55
2022-02-11,Los Angeles,037,10098052,2663653,2616426,122066,2738492,29364
2022-02-11,Madera,039,155013,36297,35710,5870,41580,330
2022-02-11,Marin,041,260295,32364,32048,2143,34191,255
2022-02-11,Mariposa,043,17540,2300,2286,190,2476,6
2022-02-11,Mendocino,045,87422,12644,12439,2833,15272,107
2022-02-11,Merced,047,269075,60718,60187,8241,68428,758
2022-02-11,Modoc,049,8938,712,697,233,930,6
2022-02-11,Mono,051,14174,2944,2939,119,3058,5
2022-02-11,Monterey,053,433212,77134,74842,12866,87708,672
2022-02-11,Napa,055,140530,24787,24530,919,25449,124
2022-02-11,Nevada,057,99092,15564,15499,1143,16642,119
2022-02-11,Orange,059,3164182,537157,534503,40406,574909,6305
2022-02-11,Placer,061,380077,61420,60636,7214,67850,554
2022-02-11,Plumas,063,18699,2894,2617,342,2959,13
2022-02-11,Riverside,065,2383286,582588,575566,27384,602950,5961
2022-02-11,Sacramento,067,1510023,274295,266347,26295,292642,2686
2022-02-11,San Benito,069,59416,12589,12526,503,13029,91
2022-02-11,San Bernardino,071,2135413,559575,548822,24658,573480,6360
2022-02-11,San Diego,073,3302833,735255,720287,50747,771034,4854
2022-02-11,San Francisco,075,870044,119444,119113,8017,127130,740
2022-02-11,San Joaquin,077,732212,162781,161234,9730,170964,2014
2022-02-11,San Luis Obispo,079,281455,50780,50064,3606,53670,416
2022-02-11,San Mateo,081,765935,117997,115235,6718,121953,589
2022-02-11,Santa Barbara,083,443738,83680,83390,4632,88022,631
2022-02-11,Santa Clara,085,1922200,300415,298176,11980,310156,2093
2022-02-11,Santa Cruz,087,273765,45517,44447,2070,46517,239
2022-02-11,Shasta,089,179085,29671,29370,5943,35313,473
2022-02-11,Sierra,091,2930,269,268,45,313,0
2022-02-11,Siskiyou,093,43540,4298,4231,2628,6859,68
2022-02-11,Solano,095,438530,78939,77865,5408,83273,424
2022-02-11,Sonoma,097,501317,80992,79533,2461,81994,431
2022-02-11,Stanislaus,099,539301,114920,114531,17064,131595,1406
2022-02-11,Sutter,101,95872,19985,19800,1984,21784,211
2022-02-11,Tehama,103,63373,11747,11580,2585,14165,151
2022-02-11,Trinity,105,12862,1150,1115,280,1395,20
2022-02-11,Tulare,107,460477,104143,100434,27586,128020,1273
2022-02-11,Tuolumne,109,53932,12286,11754,534,12288,125
2022-02-11,Ventura,111,848112,169920,168736,9143,177879,1340
2022-02-11,Yolo,113,214977,35856,34773,3036,37809,286
2022-02-11,Yuba,115,75493,15401,15242,1148,16390,107
2022-02-10,Alameda,001,1643700,247244,242137,13271,255408,1668
2022-02-10,Alpine,003,1148,121,124,1,125,0
2022-02-10,Amador,005,37829,8201,8091,620,8711,76
2022-02-10,Butte,007,227075,32053,31601,6403,38004,360
2022-02-10,Calaveras,009,45235,7084,7022,328,7350,106
2022-02-10,Colusa,011,21464,3370,3345,1048,4393,21
2022-02-10,Contra Costa,013,1133247,182843,180270,12543,192813,1141
2022-02-10,Del Norte,015,27424,5367,5262,166,5428,45
2022-02-10,El Dorado,017,186661,26097,25692,3133,28825,188
2022-02-10,Fresno,019,978130,224355,219909,23172,243081,2509
2022-02-10,Glenn,021,27897,4870,4818,1573,6391,39
2022-02-10,Humboldt,023,135768,16171,16058,2759,18817,132
2022-02-10,Imperial,025,180216,54151,53304,10461,63765,860
2022-02-10,Inyo,027,18085,4012,3991,448,4439,52
2022-02-10,Kern,029,883053,187735,184639,44977,229616,2037
2022-02-10,Kings,031,150075,49966,48893,3495,52388,415
2022-02-10,Lake,033,64148,10115,9926,841,10767,123
2022-02-10,Lassen,035,31185,8582,8477,863,9340,55
2022-02-10,Los Angeles,037,10098052,2660491,2616426,121878,2738304,29364
2022-02-10,Madera,039,155013,36199,35710,5838,41548,330
2022-02-10,Marin,041,260295,32306,32048,2131,34179,255
2022-02-10,Mariposa,043,17540,2296,2286,189,2475,6
2022-02-10,Mendocino,045,87422,12622,12439,2809,15248,107
2022-02-10,Merced,047,269075,60590,60187,8185,68372,758
2022-02-10,Modoc,049,8938,711,697,232,929,6
2022-02-10,Mono,051,14174,2942,2939,118,3057,5
2022-02-10,Monterey,053,433212,76951,74842,12779,87621,672
2022-02-10,Napa,055,140530,24720,24530,917,25447,124
2022-02-10,Nevada,057,99092,15539,15499,1142,16641,119
2022-02-10,Orange,059,3164182,536505,534503,40336,574839,6305
2022-02-10,Placer,061,380077,61340,60636,7205,67841,554
2022-02-10,Plumas,063,18699,2891,2617,335,2952,13
2022-02-10,Riverside,065,2383286,581851,575566,27326,602892,5961
2022-02-10,Sacramento,067,1510023,273814,266347,26203,292550,2686
2022-02-10,San Benito,069,59416,12568,12526,501,13027,91
2022-02-10,San Bernardino,071,2135413,559024,548822,24626,573448,6360
2022-02-10,San Diego,073,3302833,734100,720287,50627,770914,4854
2022-02-10,San Francisco,075,870044,119231,119113,7999,127112,740
2022-02-10,San Joaquin,077,732212,162466,161234,9722,170956,2014
2022-02-10,San Luis Obispo,079,281455,50681,50064,3595,53659,416
2022-02-10,San Mateo,081,765935,117772,115235,6701,121936,589
2022-02-10,Santa Barbara,083,443738,83496,83390,4625,88015,631
2022-02-10,Santa Clara,085,1922200,299740,298176,11922,310098,2093
2022-02-10,Santa Cruz,087,273765,45372,44447,2069,46516,239
2022-02-10,Shasta,089,179085,29609,29370,5923,35293,473
2022-02-10,Sierra,091,2930,269,268,45,313,0
2022-02-10,Siskiyou,093,43540,4293,4231,2615,6846,68
2022-02-10,Solano,095,438530,78747,77865,5390,83255,424
2022-02-10,Sonoma,097,501317,80857,79533,2445,81978,431
2022-02-10,Stanislaus,099,539301,114740,114531,17020,131551,1406
2022-02-10,Sutter,101,95872,19946,19800,1969,21769,211
2022-02-10,Tehama,103,63373,11714,11580,2582,14162,151
2022-02-10,Trinity,105,12862,1147,1115,279,1394,20
2022-02-10,Tulare,107,460477,103941,100434,27505,127939,1273
2022-02-10,Tuolumne,109,53932,12263,11754,529,12283,125
2022-02-10,Ventura,111,848112,169640,168736,9128,177864,1340
2022-02-10,Yolo,113,214977,35778,34773,3030,37803,286
2022-02-10,Yuba,115,75493,15370,15242,1142,16384,107
2022-02-09,Alameda,001,1643700,246713,241141,13212,254353,1668
2022-02-09,Alpine,003,1148,120,124,1,125,0
2022-02-09,Amador,005,37829,8187,8069,615,8684,76
2022-02-09,Butte,007,227075,31960,31433,6387,37820,359
2022-02-09,Calaveras,009,45235,7066,7005,324,7329,106
2022-02-09,Colusa,011,21464,3367,3331,1047,4378,21
2022-02-09,Contra Costa,013,1133247,182490,179695,12496,192191,1132
2022-02-09,Del Norte,015,27424,5320,5204,165,5369,45
2022-02-09,El Dorado,017,186661,26059,25572,3121,28693,186
2022-02-09,Fresno,019,978130,223743,218989,23080,242069,2502
2022-02-09,Glenn,021,27897,4858,4804,1572,6376,39
2022-02-09,Humboldt,023,135768,16124,15929,2734,18663,131
2022-02-09,Imperial,025,180216,54047,53102,10388,63490,858
2022-02-09,Inyo,027,18085,4006,3989,447,4436,52
2022-02-09,Kern,029,883053,187358,184068,44862,228930,2021
2022-02-09,Kings,031,150075,49855,48718,3489,52207,410
2022-02-09,Lake,033,64148,10075,9880,836,10716,124
2022-02-09,Lassen,035,31185,8554,8459,862,9321,55
2022-02-09,Los Angeles,037,10098052,2656810,2611611,121742,2733353,29263
2022-02-09,Madera,039,155013,36101,35559,5805,41364,330
2022-02-09,Marin,041,260295,32255,31965,2124,34089,255
2022-02-09,Mariposa,043,17540,2293,2279,189,2468,6
2022-02-09,Mendocino,045,87422,12588,12378,2780,15158,107
2022-02-09,Merced,047,269075,60460,59952,8133,68085,755
2022-02-09,Modoc,049,8938,707,691,231,922,6
2022-02-09,Mono,051,14174,2940,2937,118,3055,5
2022-02-09,Monterey,053,433212,76751,74500,12688,87188,670
2022-02-09,Napa,055,140530,24675,24429,912,25341,123
2022-02-09,Nevada,057,99092,15519,15446,1140,16586,119
2022-02-09,Orange,059,3164182,535874,534316,40256,574572,6263
2022-02-09,Placer,061,380077,61243,60490,7185,67675,553
2022-02-09,Plumas,063,18699,2886,2609,331,2940,13
2022-02-09,Riverside,065,2383286,581110,573907,27279,601186,5911
2022-02-09,Sacramento,067,1510023,273242,265624,26084,291708,2673
2022-02-09,San Benito,069,59416,12544,12492,501,12993,91
2022-02-09,San Bernardino,071,2135413,558414,547768,24598,572366,6349
2022-02-09,San Diego,073,3302833,732729,717896,50519,768415,4832
2022-02-09,San Francisco,075,870044,118981,118550,7988,126538,731
2022-02-09,San Joaquin,077,732212,162162,160618,9712,170330,2014
2022-02-09,San Luis Obispo,079,281455,50536,49833,3590,53423,414
2022-02-09,San Mateo,081,765935,117583,114890,6660,121550,589
2022-02-09,Santa Barbara,083,443738,83317,82830,4619,87449,629
2022-02-09,Santa Clara,085,1922200,299020,297157,11864,309021,2090
2022-02-09,Santa Cruz,087,273765,45189,44200,2062,46262,239
2022-02-09,Shasta,089,179085,29539,29215,5902,35117,471
2022-02-09,Sierra,091,2930,268,268,44,312,0
2022-02-09,Siskiyou,093,43540,4279,4217,2609,6826,68
2022-02-09,Solano,095,438530,78556,77299,5378,82677,423
2022-02-09,Sonoma,097,501317,80683,79165,2438,81603,431
2022-02-09,Stanislaus,099,539301,114491,114039,16772,130811,1406
2022-02-09,Sutter,101,95872,19904,19758,1956,21714,207
2022-02-09,Tehama,103,63373,11687,11542,2578,14120,149
2022-02-09,Trinity,105,12862,1143,1110,278,1388,20
2022-02-09,Tulare,107,460477,103728,100049,27408,127457,1271
2022-02-09,Tuolumne,109,53932,12225,11702,526,12228,95
2022-02-09,Ventura,111,848112,169403,168253,9116,177369,1325
2022-02-09,Yolo,113,214977,35706,34588,3014,37602,285
2022-02-09,Yuba,115,75493,15339,15187,1130,16317,105
2022-02-08,Alameda,001,1643700,246079,240587,13138,253725,1651
2022-02-08,Alpine,003,1148,120,124,1,125,0
2022-02-08,Amador,005,37829,8179,8050,608,8658,76
2022-02-08,Butte,007,227075,31875,31353,6364,37717,359
2022-02-08,Calaveras,009,45235,7050,6981,322,7303,101
2022-02-08,Colusa,011,21464,3358,3320,1046,4366,21
2022-02-08,Contra Costa,013,1133247,182061,179078,12418,191496,1132
2022-02-08,Del Norte,015,27424,5294,5156,160,5316,44
2022-02-08,El Dorado,017,186661,26013,25446,3110,28556,186
2022-02-08,Fresno,019,978130,223003,218416,22974,241390,2502
2022-02-08,Glenn,021,27897,4841,4784,1568,6352,39
2022-02-08,Humboldt,023,135768,16064,15865,2701,18566,130
2022-02-08,Imperial,025,180216,53918,52977,10343,63320,855
2022-02-08,Inyo,027,18085,4001,3983,447,4430,52
2022-02-08,Kern,029,883053,187027,183519,44729,228248,2010
2022-02-08,Kings,031,150075,49693,48479,3477,51956,411
2022-02-08,Lake,033,64148,10044,9806,830,10636,125
2022-02-08,Lassen,035,31185,8545,8423,858,9281,55
2022-02-08,Los Angeles,037,10098052,2652496,2611204,121553,2732757,29259
2022-02-08,Madera,039,155013,35994,35381,5749,41130,330
2022-02-08,Marin,041,260295,32180,31878,2119,33997,255
2022-02-08,Mariposa,043,17540,2291,2266,181,2447,6
2022-02-08,Mendocino,045,87422,12555,12336,2749,15085,107
2022-02-08,Merced,047,269075,60352,59789,8074,67863,751
2022-02-08,Modoc,049,8938,703,684,231,915,6
2022-02-08,Mono,051,14174,2939,2932,118,3050,5
2022-02-08,Monterey,053,433212,76544,74316,12594,86910,670
2022-02-08,Napa,055,140530,24601,24346,905,25251,121
2022-02-08,Nevada,057,99092,15492,15383,1137,16520,117
2022-02-08,Orange,059,3164182,535189,533507,40168,573675,6205
2022-02-08,Placer,061,380077,61135,60301,7172,67473,553
2022-02-08,Plumas,063,18699,2875,2596,324,2920,13
2022-02-08,Riverside,065,2383286,580283,571892,27203,599095,5908
2022-02-08,Sacramento,067,1510023,272571,264479,25901,290380,2664
2022-02-08,San Benito,069,59416,12520,12434,499,12933,91
2022-02-08,San Bernardino,071,2135413,557726,544658,24553,569211,6335
2022-02-08,San Diego,073,3302833,731131,717896,50390,768286,4832
2022-02-08,San Francisco,075,870044,118669,117942,7979,125921,731
2022-02-08,San Joaquin,077,732212,161784,160147,9693,169840,2005
2022-02-08,San Luis Obispo,079,281455,50368,49556,3558,53114,410
2022-02-08,San Mateo,081,765935,117362,114541,6630,121171,589
2022-02-08,Santa Barbara,083,443738,83148,82461,4593,87054,627
2022-02-08,Santa Clara,085,1922200,298148,295679,11814,307493,2091
2022-02-08,Santa Cruz,087,273765,45037,43884,2057,45941,239
2022-02-08,Shasta,089,179085,29452,29084,5873,34957,470
2022-02-08,Sierra,091,2930,268,267,44,311,0
2022-02-08,Siskiyou,093,43540,4269,4191,2599,6790,68
2022-02-08,Solano,095,438530,78325,77031,5364,82395,421
2022-02-08,Sonoma,097,501317,80467,78798,2416,81214,431
2022-02-08,Stanislaus,099,539301,114237,113733,16696,130429,1406
2022-02-08,Sutter,101,95872,19865,19717,1944,21661,203
2022-02-08,Tehama,103,63373,11663,11491,2570,14061,149
2022-02-08,Trinity,105,12862,1137,1110,278,1388,20
2022-02-08,Tulare,107,460477,103442,99694,27272,126966,1267
2022-02-08,Tuolumne,109,53932,12203,11665,524,12189,92
2022-02-08,Ventura,111,848112,169168,167830,9100,176930,1325
2022-02-08,Yolo,113,214977,35624,34462,3000,37462,281
2022-02-08,Yuba,115,75493,15294,15126,1108,16234,107
2022-02-07,Alameda,001,1643700,245373,238678,13070,251748,1643
2022-02-07,Alpine,003,1148,120,124,1,125,0
2022-02-07,Amador,005,37829,8151,7980,600,8580,75
2022-02-07,Butte,007,227075,31788,31184,6338,37522,355
2022-02-07,Calaveras,009,45235,7028,6910,321,7231,100
2022-02-07,Colusa,011,21464,3348,3283,1040,4323,21
2022-02-07,Contra Costa,013,1133247,181604,177767,12346,190113,1130
2022-02-07,Del Norte,015,27424,5255,5093,155,5248,44
2022-02-07,El Dorado,017,186661,25951,25257,3098,28355,185
2022-02-07,Fresno,019,978130,222155,216495,22828,239323,2493
2022-02-07,Glenn,021,27897,4834,4762,1564,6326,39
2022-02-07,Humboldt,023,135768,15989,15764,2676,18440,129
2022-02-07,Imperial,025,180216,53806,52689,10274,62963,853
2022-02-07,Inyo,027,18085,3996,3976,441,4417,51
2022-02-07,Kern,029,883053,186556,182047,44558,226605,1998
2022-02-07,Kings,031,150075,49509,48147,3460,51607,403
2022-02-07,Lake,033,64148,9998,9519,822,10341,125
2022-02-07,Lassen,035,31185,8526,8362,852,9214,55
2022-02-07,Los Angeles,037,10098052,2648064,2607438,121341,2728779,29210
2022-02-07,Madera,039,155013,35869,35083,5699,40782,330
2022-02-07,Marin,041,260295,32114,31670,2108,33778,255
2022-02-07,Mariposa,043,17540,2286,2253,177,2430,6
2022-02-07,Mendocino,045,87422,12497,12237,2711,14948,107
2022-02-07,Merced,047,269075,60225,59472,7982,67454,748
2022-02-07,Modoc,049,8938,699,679,231,910,6
2022-02-07,Mono,051,14174,2937,2917,118,3035,5
2022-02-07,Monterey,053,433212,76292,69433,12485,81918,670
2022-02-07,Napa,055,140530,24515,23237,895,24132,120
2022-02-07,Nevada,057,99092,15458,15268,1131,16399,113
2022-02-07,Orange,059,3164182,534426,531442,40085,571527,6179
2022-02-07,Placer,061,380077,61011,59894,7157,67051,546
2022-02-07,Plumas,063,18699,2864,2573,315,2888,13
2022-02-07,Riverside,065,2383286,579343,568874,27116,595990,5868
2022-02-07,Sacramento,067,1510023,271894,262834,25709,288543,2631
2022-02-07,San Benito,069,59416,12482,12285,497,12782,90
2022-02-07,San Bernardino,071,2135413,556938,542846,24514,567360,6335
2022-02-07,San Diego,073,3302833,729389,716244,50207,766451,4811
2022-02-07,San Francisco,075,870044,118331,113945,7954,121899,727
2022-02-07,San Joaquin,077,732212,161403,159358,9673,169031,1998
2022-02-07,San Luis Obispo,079,281455,50200,48994,3537,52531,406
2022-02-07,San Mateo,081,765935,117078,107060,6601,113661,589
2022-02-07,Santa Barbara,083,443738,82961,81608,4578,86186,624
2022-02-07,Santa Clara,085,1922200,297198,293360,11766,305126,2085
2022-02-07,Santa Cruz,087,273765,44822,43244,2053,45297,239
2022-02-07,Shasta,089,179085,29363,28900,5846,34746,468
2022-02-07,Sierra,091,2930,268,265,44,309,0
2022-02-07,Siskiyou,093,43540,4258,4157,2583,6740,68
2022-02-07,Solano,095,438530,78068,73934,5338,79272,420
2022-02-07,Sonoma,097,501317,80209,78296,2405,80701,431
2022-02-07,Stanislaus,099,539301,113979,113029,16540,129569,1406
2022-02-07,Sutter,101,95872,19833,19599,1916,21515,203
2022-02-07,Tehama,103,63373,11622,11418,2562,13980,146
2022-02-07,Trinity,105,12862,1133,1109,275,1384,20
2022-02-07,Tulare,107,460477,103084,98774,27128,125902,1263
2022-02-07,Tuolumne,109,53932,12155,11578,520,12098,92
2022-02-07,Ventura,111,848112,168851,166904,9087,175991,1324
2022-02-07,Yolo,113,214977,35514,34007,2985,36992,281
2022-02-07,Yuba,115,75493,15248,14998,1101,16099,105
2022-02-06,Alameda,001,1643700,244467,237188,12986,250174,1643
2022-02-06,Alpine,003,1148,120,123,1,124,0
2022-02-06,Amador,005,37829,8122,7922,588,8510,73
2022-02-06,Butte,007,227075,31661,31021,6292,37313,355
2022-02-06,Calaveras,009,45235,7001,6870,316,7186,99
2022-02-06,Colusa,011,21464,3339,3282,1039,4321,21
2022-02-06,Contra Costa,013,1133247,180981,176863,12187,189050,1128
2022-02-06,Del Norte,015,27424,5199,5038,153,5191,44
2022-02-06,El Dorado,017,186661,25888,25165,3086,28251,185
2022-02-06,Fresno,019,978130,221313,214726,22567,237293,2489
2022-02-06,Glenn,021,27897,4821,4738,1554,6292,39
2022-02-06,Humboldt,023,135768,15902,15658,2636,18294,128
2022-02-06,Imperial,025,180216,53616,52396,10226,62622,853
2022-02-06,Inyo,027,18085,3994,3970,438,4408,51
2022-02-06,Kern,029,883053,186003,181188,44317,225505,1996
2022-02-06,Kings,031,150075,49287,47669,3434,51103,401
2022-02-06,Lake,033,64148,9930,9468,804,10272,125
2022-02-06,Lassen,035,31185,8507,8326,847,9173,55
2022-02-06,Los Angeles,037,10098052,2642540,2602620,121075,2723695,29180
2022-02-06,Madera,039,155013,35684,34901,5605,40506,330
2022-02-06,Marin,041,260295,32017,31488,2095,33583,255
2022-02-06,Mariposa,043,17540,2278,2244,166,2410,6
2022-02-06,Mendocino,045,87422,12454,12169,2641,14810,107
2022-02-06,Merced,047,269075,60006,59112,7820,66932,748
2022-02-06,Modoc,049,8938,694,675,230,905,6
2022-02-06,Mono,051,14174,2932,2901,116,3017,5
2022-02-06,Monterey,053,433212,75927,67912,12320,80232,670
2022-02-06,Napa,055,140530,24396,23230,887,24117,120
2022-02-06,Nevada,057,99092,15393,15192,1118,16310,113
2022-02-06,Orange,059,3164182,533475,527906,39983,567889,6171
2022-02-06,Placer,061,380077,60835,59507,7131,66638,544
2022-02-06,Plumas,063,18699,2850,2559,306,2865,13
2022-02-06,Riverside,065,2383286,578201,568276,27037,595313,5865
2022-02-06,Sacramento,067,1510023,271020,261353,25437,286790,2631
2022-02-06,San Benito,069,59416,12427,12186,489,12675,90
2022-02-06,San Bernardino,071,2135413,555972,541103,24444,565547,6334
2022-02-06,San Diego,073,3302833,727303,709938,49968,759906,4786
2022-02-06,San Francisco,075,870044,117949,113115,7927,121042,728
2022-02-06,San Joaquin,077,732212,160840,158510,9633,168143,1997
2022-02-06,San Luis Obispo,079,281455,49976,48843,3480,52323,405
2022-02-06,San Mateo,081,765935,116739,105556,6561,112117,587
2022-02-06,Santa Barbara,083,443738,82644,81118,4539,85657,623
2022-02-06,Santa Clara,085,1922200,296090,291732,11645,303377,2075
2022-02-06,Santa Cruz,087,273765,44508,42952,2038,44990,239
2022-02-06,Shasta,089,179085,29235,28762,5796,34558,468
2022-02-06,Sierra,091,2930,268,265,44,309,0
2022-02-06,Siskiyou,093,43540,4237,4118,2557,6675,68
2022-02-06,Solano,095,438530,77770,73475,5296,78771,419
2022-02-06,Sonoma,097,501317,79872,77887,2390,80277,431
2022-02-06,Stanislaus,099,539301,113580,112521,16393,128914,1406
2022-02-06,Sutter,101,95872,19789,19523,1873,21396,203
2022-02-06,Tehama,103,63373,11582,11366,2542,13908,146
2022-02-06,Trinity,105,12862,1132,1102,274,1376,20
2022-02-06,Tulare,107,460477,102645,98260,26923,125183,1262
2022-02-06,Tuolumne,109,53932,12104,11507,503,12010,92
2022-02-06,Ventura,111,848112,168475,166235,9076,175311,1323
2022-02-06,Yolo,113,214977,35374,33784,2969,36753,281
2022-02-06,Yuba,115,75493,15201,14917,1092,16009,104
2022-02-05,Alameda,001,1643700,244057,235698,12977,248675,1638
2022-02-05,Alpine,003,1148,120,124,1,125,0
2022-02-05,Amador,005,37829,8113,7855,585,8440,71
2022-02-05,Butte,007,227075,31608,30733,6278,37011,355
2022-02-05,Calaveras,009,45235,6985,6789,316,7105,99
2022-02-05,Colusa,011,21464,3332,3234,1037,4271,21
2022-02-05,Contra Costa,013,1133247,180712,175871,12171,188042,1115
2022-02-05,Del Norte,015,27424,5159,4978,151,5129,44
2022-02-05,El Dorado,017,186661,25858,24813,3084,27897,185
2022-02-05,Fresno,019,978130,220970,213539,22545,236084,2477
2022-02-05,Glenn,021,27897,4819,4691,1547,6238,39
2022-02-05,Humboldt,023,135768,15855,15514,2632,18146,127
2022-02-05,Imperial,025,180216,53555,52153,10213,62366,853
2022-02-05,Inyo,027,18085,3991,3948,438,4386,51
2022-02-05,Kern,029,883053,185796,180296,44212,224508,1987
2022-02-05,Kings,031,150075,49203,47538,3427,50965,402
2022-02-05,Lake,033,64148,9911,9289,797,10086,124
2022-02-05,Lassen,035,31185,8496,8288,845,9133,55
2022-02-05,Los Angeles,037,10098052,2640358,2572702,120948,2693650,28947
2022-02-05,Madera,039,155013,35631,34471,5593,40064,329
2022-02-05,Marin,041,260295,31970,31299,2091,33390,255
2022-02-05,Mariposa,043,17540,2277,2222,165,2387,6
2022-02-05,Mendocino,045,87422,12426,12066,2639,14705,107
2022-02-05,Merced,047,269075,59913,58908,7812,66720,744
2022-02-05,Modoc,049,8938,693,664,230,894,6
2022-02-05,Mono,051,14174,2931,2904,116,3020,5
2022-02-05,Monterey,053,433212,75811,67342,12276,79618,666
2022-02-05,Napa,055,140530,24341,22973,886,23859,118
2022-02-05,Nevada,057,99092,15372,15002,1113,16115,113
2022-02-05,Orange,059,3164182,533034,527516,39892,567408,6134
2022-02-05,Placer,061,380077,60710,59043,7117,66160,533
2022-02-05,Plumas,063,18699,2849,2550,305,2855,13
2022-02-05,Riverside,065,2383286,577602,563991,26966,590957,5827
2022-02-05,Sacramento,067,1510023,270623,259437,25399,284836,2610
2022-02-05,San Benito,069,59416,12382,12142,489,12631,90
2022-02-05,San Bernardino,071,2135413,555468,539312,24422,563734,6322
2022-02-05,San Diego,073,3302833,726434,703957,49895,753852,4735
2022-02-05,San Francisco,075,870044,117740,112481,7898,120379,720
2022-02-05,San Joaquin,077,732212,160654,157420,9622,167042,1989
2022-02-05,San Luis Obispo,079,281455,49939,48361,3478,51839,404
2022-02-05,San Mateo,081,765935,116552,104810,6553,111363,587
2022-02-05,Santa Barbara,083,443738,82482,80478,4527,85005,617
2022-02-05,Santa Clara,085,1922200,295438,289262,11629,300891,2067
2022-02-05,Santa Cruz,087,273765,44435,42553,2035,44588,239
2022-02-05,Shasta,089,179085,29193,28604,5786,34390,466
2022-02-05,Sierra,091,2930,268,262,44,306,0
2022-02-05,Siskiyou,093,43540,4230,4106,2544,6650,67
2022-02-05,Solano,095,438530,77695,73112,5288,78400,415
2022-02-05,Sonoma,097,501317,79708,77213,2386,79599,431
2022-02-05,Stanislaus,099,539301,113379,111783,16373,128156,1406
2022-02-05,Sutter,101,95872,19760,19406,1867,21273,203
2022-02-05,Tehama,103,63373,11563,11259,2535,13794,146
2022-02-05,Trinity,105,12862,1130,1085,274,1359,20
2022-02-05,Tulare,107,460477,102480,97414,26840,124254,1254
2022-02-05,Tuolumne,109,53932,12079,11409,500,11909,91
2022-02-05,Ventura,111,848112,168251,165532,9060,174592,1308
2022-02-05,Yolo,113,214977,35289,33614,2956,36570,281
2022-02-05,Yuba,115,75493,15171,14801,1084,15885,105
2022-02-04,Alameda,001,1643700,243572,235698,12967,248665,1638
2022-02-04,Alpine,003,1148,120,124,1,125,0
2022-02-04,Amador,005,37829,8097,7855,581,8436,71
2022-02-04,Butte,007,227075,31548,30733,6267,37000,355
2022-02-04,Calaveras,009,45235,6975,6789,314,7103,99
2022-02-04,Colusa,011,21464,3327,3234,1035,4269,21
2022-02-04,Contra Costa,013,1133247,180388,175871,12142,188013,1115
2022-02-04,Del Norte,015,27424,5139,4978,151,5129,44
2022-02-04,El Dorado,017,186661,25822,24813,3079,27892,185
2022-02-04,Fresno,019,978130,220490,213539,22512,236051,2477
2022-02-04,Glenn,021,27897,4810,4691,1544,6235,39
2022-02-04,Humboldt,023,135768,15830,15514,2629,18143,127
2022-02-04,Imperial,025,180216,53481,52153,10196,62349,853
2022-02-04,Inyo,027,18085,3988,3948,437,4385,51
2022-02-04,Kern,029,883053,185571,180296,44084,224380,1987
2022-02-04,Kings,031,150075,49127,47538,3420,50958,402
2022-02-04,Lake,033,64148,9889,9289,794,10083,124
2022-02-04,Lassen,035,31185,8473,8288,845,9133,55
2022-02-04,Los Angeles,037,10098052,2637725,2572702,120819,2693521,28947
2022-02-04,Madera,039,155013,35547,34471,5585,40056,329
2022-02-04,Marin,041,260295,31905,31299,2082,33381,255
2022-02-04,Mariposa,043,17540,2275,2222,163,2385,6
2022-02-04,Mendocino,045,87422,12395,12066,2637,14703,107
2022-02-04,Merced,047,269075,59834,58908,7802,66710,744
2022-02-04,Modoc,049,8938,693,664,230,894,6
2022-02-04,Mono,051,14174,2929,2904,116,3020,5
2022-02-04,Monterey,053,433212,75620,67342,12233,79575,666
2022-02-04,Napa,055,140530,24294,22973,882,23855,118
2022-02-04,Nevada,057,99092,15338,15002,1109,16111,113
2022-02-04,Orange,059,3164182,532484,527516,39835,567351,6134
2022-02-04,Placer,061,380077,60608,59043,7106,66149,533
2022-02-04,Plumas,063,18699,2843,2550,304,2854,13
2022-02-04,Riverside,065,2383286,576895,563991,26953,590944,5827
2022-02-04,Sacramento,067,1510023,270124,259437,25376,284813,2610
2022-02-04,San Benito,069,59416,12363,12142,487,12629,90
2022-02-04,San Bernardino,071,2135413,554894,539312,24400,563712,6322
2022-02-04,San Diego,073,3302833,725299,703957,49821,753778,4735
2022-02-04,San Francisco,075,870044,117497,112481,7873,120354,720
2022-02-04,San Joaquin,077,732212,160425,157420,9610,167030,1989
2022-02-04,San Luis Obispo,079,281455,49878,48361,3471,51832,404
2022-02-04,San Mateo,081,765935,116324,104810,6539,111349,587
2022-02-04,Santa Barbara,083,443738,82332,80478,4526,85004,617
2022-02-04,Santa Clara,085,1922200,294769,289262,11608,300870,2067
2022-02-04,Santa Cruz,087,273765,44230,42553,2031,44584,239
2022-02-04,Shasta,089,179085,29144,28604,5775,34379,466
2022-02-04,Sierra,091,2930,268,262,44,306,0
2022-02-04,Siskiyou,093,43540,4222,4106,2537,6643,67
2022-02-04,Solano,095,438530,77503,73112,5252,78364,415
2022-02-04,Sonoma,097,501317,79552,77213,2305,79518,431
2022-02-04,Stanislaus,099,539301,113196,111783,16346,128129,1406
2022-02-04,Sutter,101,95872,19736,19406,1860,21266,203
2022-02-04,Tehama,103,63373,11548,11259,2534,13793,146
2022-02-04,Trinity,105,12862,1129,1085,273,1358,20
2022-02-04,Tulare,107,460477,102295,97414,26757,124171,1254
2022-02-04,Tuolumne,109,53932,12066,11409,499,11908,91
2022-02-04,Ventura,111,848112,167982,165532,9052,174584,1308
2022-02-04,Yolo,113,214977,35195,33614,2949,36563,281
2022-02-04,Yuba,115,75493,15153,14801,1084,15885,105
2022-02-03,Alameda,001,1643700,242804,235698,12904,248602,1638
2022-02-03,Alpine,003,1148,120,124,1,125,0
2022-02-03,Amador,005,37829,8077,7855,576,8431,71
2022-02-03,Butte,007,227075,31439,30733,6239,36972,355
2022-02-03,Calaveras,009,45235,6944,6789,310,7099,99
2022-02-03,Colusa,011,21464,3314,3234,1033,4267,21
2022-02-03,Contra Costa,013,1133247,179792,175871,12041,187912,1115
2022-02-03,Del Norte,015,27424,5098,4978,148,5126,44
2022-02-03,El Dorado,017,186661,25749,24813,3073,27886,185
2022-02-03,Fresno,019,978130,219558,213539,22341,235880,2477
2022-02-03,Glenn,021,27897,4793,4691,1526,6217,39
2022-02-03,Humboldt,023,135768,15753,15514,2593,18107,127
2022-02-03,Imperial,025,180216,53339,52153,10145,62298,853
2022-02-03,Inyo,027,18085,3985,3948,433,4381,51
2022-02-03,Kern,029,883053,185107,180296,43868,224164,1987
2022-02-03,Kings,031,150075,48967,47538,3412,50950,402
2022-02-03,Lake,033,64148,9835,9289,788,10077,124
2022-02-03,Lassen,035,31185,8446,8288,844,9132,55
2022-02-03,Los Angeles,037,10098052,2632292,2572702,120551,2693253,28947
2022-02-03,Madera,039,155013,35408,34471,5539,40010,329
2022-02-03,Marin,041,260295,31809,31299,2077,33376,255
2022-02-03,Mariposa,043,17540,2263,2222,160,2382,6
2022-02-03,Mendocino,045,87422,12351,12066,2613,14679,107
2022-02-03,Merced,047,269075,59686,58908,7706,66614,744
2022-02-03,Modoc,049,8938,690,664,230,894,6
2022-02-03,Mono,051,14174,2924,2904,115,3019,5
2022-02-03,Monterey,053,433212,75333,67342,12034,79376,666
2022-02-03,Napa,055,140530,24161,22973,882,23855,118
2022-02-03,Nevada,057,99092,15297,15002,1098,16100,113
2022-02-03,Orange,059,3164182,531560,527516,39742,567258,6134
2022-02-03,Placer,061,380077,60406,59043,7083,66126,533
2022-02-03,Plumas,063,18699,2829,2550,300,2850,13
2022-02-03,Riverside,065,2383286,575697,563991,26881,590872,5827
2022-02-03,Sacramento,067,1510023,269171,259437,25182,284619,2610
2022-02-03,San Benito,069,59416,12336,12142,484,12626,90
2022-02-03,San Bernardino,071,2135413,553880,539312,24360,563672,6322
2022-02-03,San Diego,073,3302833,723288,703957,49659,753616,4735
2022-02-03,San Francisco,075,870044,117162,112481,7842,120323,720
2022-02-03,San Joaquin,077,732212,159943,157420,9581,167001,1989
2022-02-03,San Luis Obispo,079,281455,49679,48361,3454,51815,404
2022-02-03,San Mateo,081,765935,115972,104810,6505,111315,587
2022-02-03,Santa Barbara,083,443738,81974,80478,4497,84975,617
2022-02-03,Santa Clara,085,1922200,293605,289262,11497,300759,2067
2022-02-03,Santa Cruz,087,273765,43889,42553,2024,44577,239
2022-02-03,Shasta,089,179085,29037,28604,5747,34351,466
2022-02-03,Sierra,091,2930,268,262,44,306,0
2022-02-03,Siskiyou,093,43540,4207,4106,2520,6626,67
2022-02-03,Solano,095,438530,77174,73112,5234,78346,415
2022-02-03,Sonoma,097,501317,79255,77213,2298,79511,431
2022-02-03,Stanislaus,099,539301,112825,111783,16259,128042,1406
2022-02-03,Sutter,101,95872,19684,19406,1841,21247,203
2022-02-03,Tehama,103,63373,11517,11259,2526,13785,146
2022-02-03,Trinity,105,12862,1127,1085,272,1357,20
2022-02-03,Tulare,107,460477,101884,97414,26610,124024,1254
2022-02-03,Tuolumne,109,53932,12025,11409,487,11896,91
2022-02-03,Ventura,111,848112,167597,165532,9042,174574,1308
2022-02-03,Yolo,113,214977,35085,33614,2936,36550,281
2022-02-03,Yuba,115,75493,15102,14801,1068,15869,105
2022-02-02,Alameda,001,1643700,241859,234300,12800,247100,1632
2022-02-02,Alpine,003,1148,120,123,1,124,0
2022-02-02,Amador,005,37829,8047,7781,566,8347,71
2022-02-02,Butte,007,227075,31330,30550,6208,36758,355
2022-02-02,Calaveras,009,45235,6915,6753,306,7059,99
2022-02-02,Colusa,011,21464,3299,3211,1032,4243,21
2022-02-02,Contra Costa,013,1133247,179202,174876,11944,186820,1113
2022-02-02,Del Norte,015,27424,5058,4924,143,5067,44
2022-02-02,El Dorado,017,186661,25682,24690,3054,27744,185
2022-02-02,Fresno,019,978130,218543,211976,22208,234184,2463
2022-02-02,Glenn,021,27897,4769,4667,1516,6183,39
2022-02-02,Humboldt,023,135768,15692,15392,2554,17946,127
2022-02-02,Imperial,025,180216,53142,51875,10017,61892,853
2022-02-02,Inyo,027,18085,3979,3944,432,4376,51
2022-02-02,Kern,029,883053,184510,179386,43649,223035,1974
2022-02-02,Kings,031,150075,48778,47061,3386,50447,401
2022-02-02,Lake,033,64148,9776,9235,781,10016,120
2022-02-02,Lassen,035,31185,8428,8258,835,9093,55
2022-02-02,Los Angeles,037,10098052,2626073,2561902,120161,2682063,28850
2022-02-02,Madera,039,155013,35237,34265,5465,39730,329
2022-02-02,Marin,041,260295,31709,31149,2067,33216,255
2022-02-02,Mariposa,043,17540,2252,2215,156,2371,6
2022-02-02,Mendocino,045,87422,12298,11996,2573,14569,105
2022-02-02,Merced,047,269075,59512,58532,7620,66152,744
2022-02-02,Modoc,049,8938,684,662,230,892,6
2022-02-02,Mono,051,14174,2913,2887,115,3002,5
2022-02-02,Monterey,053,433212,74941,66852,11846,78698,666
2022-02-02,Napa,055,140530,24040,22859,868,23727,117
2022-02-02,Nevada,057,99092,15239,14895,1074,15969,112
2022-02-02,Orange,059,3164182,530504,524418,39648,564066,6127
2022-02-02,Placer,061,380077,60212,58654,7052,65706,533
2022-02-02,Plumas,063,18699,2813,2540,296,2836,12
2022-02-02,Riverside,065,2383286,574410,561220,26833,588053,5827
2022-02-02,Sacramento,067,1510023,268159,258078,24968,283046,2602
2022-02-02,San Benito,069,59416,12297,12058,480,12538,90
2022-02-02,San Bernardino,071,2135413,552870,537485,24294,561779,6317
2022-02-02,San Diego,073,3302833,721048,703957,49479,753436,4735
2022-02-02,San Francisco,075,870044,116793,112008,7826,119834,714
2022-02-02,San Joaquin,077,732212,159368,156537,9557,166094,1986
2022-02-02,San Luis Obispo,079,281455,49481,48119,3441,51560,403
2022-02-02,San Mateo,081,765935,115600,104201,6437,110638,587
2022-02-02,Santa Barbara,083,443738,81631,79979,4466,84445,612
2022-02-02,Santa Clara,085,1922200,292459,287443,11382,298825,2051
2022-02-02,Santa Cruz,087,273765,43599,42127,2013,44140,239
2022-02-02,Shasta,089,179085,28937,28429,5702,34131,465
2022-02-02,Sierra,091,2930,268,262,44,306,0
2022-02-02,Siskiyou,093,43540,4197,4078,2493,6571,67
2022-02-02,Solano,095,438530,76820,72711,5210,77921,414
2022-02-02,Sonoma,097,501317,78945,76681,2285,78966,431
2022-02-02,Stanislaus,099,539301,112428,111167,16126,127293,1403
2022-02-02,Sutter,101,95872,19621,19290,1812,21102,203
2022-02-02,Tehama,103,63373,11461,11193,2507,13700,146
2022-02-02,Trinity,105,12862,1124,1074,270,1344,20
2022-02-02,Tulare,107,460477,101492,96820,26436,123256,1249
2022-02-02,Tuolumne,109,53932,11949,11342,484,11826,91
2022-02-02,Ventura,111,848112,167198,164905,9023,173928,1292
2022-02-02,Yolo,113,214977,34964,33332,2914,36246,281
2022-02-02,Yuba,115,75493,15037,14720,1060,15780,104
2022-02-01,Alameda,001,1643700,240782,233782,12694,246476,1620
2022-02-01,Alpine,003,1148,120,123,1,124,0
2022-02-01,Amador,005,37829,8001,7783,560,8343,73
2022-02-01,Butte,007,227075,31191,30496,6169,36665,355
2022-02-01,Calaveras,009,45235,6878,6749,302,7051,98
2022-02-01,Colusa,011,21464,3281,3202,1010,4212,21
2022-02-01,Contra Costa,013,1133247,178473,174379,11802,186181,1115
2022-02-01,Del Norte,015,27424,5011,4907,140,5047,44
2022-02-01,El Dorado,017,186661,25623,24664,3037,27701,184
2022-02-01,Fresno,019,978130,217377,211352,22044,233396,2464
2022-02-01,Glenn,021,27897,4755,4649,1506,6155,39
2022-02-01,Humboldt,023,135768,15611,15354,2524,17878,127
2022-02-01,Imperial,025,180216,52927,51675,9950,61625,846
2022-02-01,Inyo,027,18085,3969,3928,429,4357,51
2022-02-01,Kern,029,883053,183866,178987,43402,222389,1967
2022-02-01,Kings,031,150075,48520,46959,3362,50321,400
2022-02-01,Lake,033,64148,9719,9211,774,9985,119
2022-02-01,Lassen,035,31185,8409,8231,830,9061,55
2022-02-01,Los Angeles,037,10098052,2618894,2548794,119782,2668576,28752
2022-02-01,Madera,039,155013,35014,34124,5385,39509,329
2022-02-01,Marin,041,260295,31587,31099,2051,33150,255
2022-02-01,Mariposa,043,17540,2245,2210,155,2365,6
2022-02-01,Mendocino,045,87422,12236,11978,2536,14514,105
2022-02-01,Merced,047,269075,59327,58362,7495,65857,743
2022-02-01,Modoc,049,8938,677,664,230,894,6
2022-02-01,Mono,051,14174,2907,2888,115,3003,5
2022-02-01,Monterey,053,433212,74520,66553,11644,78197,665
2022-02-01,Napa,055,140530,23942,22795,851,23646,116
2022-02-01,Nevada,057,99092,15176,14863,1061,15924,112
2022-02-01,Orange,059,3164182,529353,523741,39504,563245,6108
2022-02-01,Placer,061,380077,59968,58486,7012,65498,532
2022-02-01,Plumas,063,18699,2798,2526,293,2819,12
2022-02-01,Riverside,065,2383286,573022,560010,26784,586794,5825
2022-02-01,Sacramento,067,1510023,267108,257504,24690,282194,2593
2022-02-01,San Benito,069,59416,12231,12053,477,12530,90
2022-02-01,San Bernardino,071,2135413,551618,536591,24228,560819,6311
2022-02-01,San Diego,073,3302833,718528,701009,49261,750270,4710
2022-02-01,San Francisco,075,870044,116326,111606,7807,119413,713
2022-02-01,San Joaquin,077,732212,158837,156300,9534,165834,1987
2022-02-01,San Luis Obispo,079,281455,49251,47842,3379,51221,403
2022-02-01,San Mateo,081,765935,115131,103868,6395,110263,589
2022-02-01,Santa Barbara,083,443738,81186,79659,4430,84089,608
2022-02-01,Santa Clara,085,1922200,290937,286109,11276,297385,2070
2022-02-01,Santa Cruz,087,273765,43301,41782,1997,43779,239
2022-02-01,Shasta,089,179085,28812,28382,5649,34031,465
2022-02-01,Sierra,091,2930,266,262,44,306,0
2022-02-01,Siskiyou,093,43540,4183,4072,2466,6538,66
2022-02-01,Solano,095,438530,76547,72494,5194,77688,415
2022-02-01,Sonoma,097,501317,78585,76379,2261,78640,431
2022-02-01,Stanislaus,099,539301,112012,110925,16022,126947,1403
2022-02-01,Sutter,101,95872,19553,19256,1779,21035,202
2022-02-01,Tehama,103,63373,11404,11165,2493,13658,146
2022-02-01,Trinity,105,12862,1120,1073,270,1343,19
2022-02-01,Tulare,107,460477,100999,96467,26214,122681,1247
2022-02-01,Tuolumne,109,53932,11898,11318,474,11792,91
2022-02-01,Ventura,111,848112,166693,164721,9000,173721,1293
2022-02-01,Yolo,113,214977,34815,33257,2885,36142,275
2022-02-01,Yuba,115,75493,14976,14693,1053,15746,103
2022-01-31,Alameda,001,1643700,239439,232743,12575,245318,1607
2022-01-31,Alpine,003,1148,119,123,1,124,0
2022-01-31,Amador,005,37829,7947,7682,543,8225,73
2022-01-31,Butte,007,227075,31028,30371,6130,36501,354
2022-01-31,Calaveras,009,45235,6846,6700,291,6991,96
2022-01-31,Colusa,011,21464,3270,3187,1001,4188,21
2022-01-31,Contra Costa,013,1133247,177674,173466,11674,185140,1115
2022-01-31,Del Norte,015,27424,4978,4879,136,5015,43
2022-01-31,El Dorado,017,186661,25520,24545,3007,27552,184
2022-01-31,Fresno,019,978130,215891,210589,21838,232427,2464
2022-01-31,Glenn,021,27897,4719,4641,1494,6135,39
2022-01-31,Humboldt,023,135768,15523,15308,2491,17799,126
2022-01-31,Imperial,025,180216,52713,51472,9834,61306,846
2022-01-31,Inyo,027,18085,3958,3922,423,4345,50
2022-01-31,Kern,029,883053,183086,178375,43075,221450,1967
2022-01-31,Kings,031,150075,48164,46845,3328,50173,398
2022-01-31,Lake,033,64148,9646,9141,762,9903,119
2022-01-31,Lassen,035,31185,8380,8162,824,8986,55
2022-01-31,Los Angeles,037,10098052,2610643,2541189,119374,2660563,28718
2022-01-31,Madera,039,155013,34803,33886,5289,39175,329
2022-01-31,Marin,041,260295,31464,31023,2034,33057,253
2022-01-31,Mariposa,043,17540,2235,2203,146,2349,6
2022-01-31,Mendocino,045,87422,12170,11896,2493,14389,104
2022-01-31,Merced,047,269075,59049,58198,7303,65501,740
2022-01-31,Modoc,049,8938,674,661,230,891,6
2022-01-31,Mono,051,14174,2893,2889,115,3004,5
2022-01-31,Monterey,053,433212,74070,66117,11422,77539,661
2022-01-31,Napa,055,140530,23775,22707,834,23541,113
2022-01-31,Nevada,057,99092,15099,14813,1048,15861,112
2022-01-31,Orange,059,3164182,528028,522358,39368,561726,6098
2022-01-31,Placer,061,380077,59722,58252,6979,65231,523
2022-01-31,Plumas,063,18699,2785,2513,291,2804,12
2022-01-31,Riverside,065,2383286,571208,558166,26717,584883,5785
2022-01-31,Sacramento,067,1510023,265812,256594,24428,281022,2571
2022-01-31,San Benito,069,59416,12172,11976,476,12452,90
2022-01-31,San Bernardino,071,2135413,549992,535276,24140,559416,6302
2022-01-31,San Diego,073,3302833,715601,698571,49002,747573,4686
2022-01-31,San Francisco,075,870044,115916,111119,7773,118892,712
2022-01-31,San Joaquin,077,732212,158078,155736,9501,165237,1985
2022-01-31,San Luis Obispo,079,281455,48997,47656,3320,50976,395
2022-01-31,San Mateo,081,765935,114618,103313,6335,109648,589
2022-01-31,Santa Barbara,083,443738,80679,79267,4388,83655,606
2022-01-31,Santa Clara,085,1922200,289266,284562,11168,295730,2041
2022-01-31,Santa Cruz,087,273765,42922,41630,1990,43620,239
2022-01-31,Shasta,089,179085,28683,28190,5608,33798,462
2022-01-31,Sierra,091,2930,266,261,44,305,0
2022-01-31,Siskiyou,093,43540,4167,4054,2450,6504,66
2022-01-31,Solano,095,438530,75841,72258,5148,77406,414
2022-01-31,Sonoma,097,501317,78130,76199,2231,78430,431
2022-01-31,Stanislaus,099,539301,111482,110493,15851,126344,1403
2022-01-31,Sutter,101,95872,19473,19189,1726,20915,202
2022-01-31,Tehama,103,63373,11342,11112,2463,13575,145
2022-01-31,Trinity,105,12862,1115,1071,267,1338,19
2022-01-31,Tulare,107,460477,100356,96053,25957,122010,1245
2022-01-31,Tuolumne,109,53932,11806,11278,467,11745,91
2022-01-31,Ventura,111,848112,166156,164060,8976,173036,1286
2022-01-31,Yolo,113,214977,34655,33175,2860,36035,274
2022-01-31,Yuba,115,75493,14914,14652,1033,15685,103
2022-01-30,Alameda,001,1643700,237902,231838,12423,244261,1607
2022-01-30,Alpine,003,1148,119,123,1,124,0
2022-01-30,Amador,005,37829,7896,7644,519,8163,73
2022-01-30,Butte,007,227075,30827,30255,6065,36320,354
2022-01-30,Calaveras,009,45235,6792,6676,277,6953,96
2022-01-30,Colusa,011,21464,3249,3168,989,4157,21
2022-01-30,Contra Costa,013,1133247,176722,172902,11469,184371,1102
2022-01-30,Del Norte,015,27424,4937,4833,133,4966,43
2022-01-30,El Dorado,017,186661,25399,24491,2980,27471,184
2022-01-30,Fresno,019,978130,214327,209645,21576,231221,2463
2022-01-30,Glenn,021,27897,4688,4619,1484,6103,39
2022-01-30,Humboldt,023,135768,15410,15247,2434,17681,126
2022-01-30,Imperial,025,180216,52389,51415,9659,61074,846
2022-01-30,Inyo,027,18085,3941,3921,420,4341,50
2022-01-30,Kern,029,883053,182220,177924,42750,220674,1967
2022-01-30,Kings,031,150075,47812,46654,3269,49923,398
2022-01-30,Lake,033,64148,9557,9080,741,9821,119
2022-01-30,Lassen,035,31185,8358,8158,816,8974,55
2022-01-30,Los Angeles,037,10098052,2600500,2530739,118891,2649630,28678
2022-01-30,Madera,039,155013,34506,33752,5101,38853,329
2022-01-30,Marin,041,260295,31317,30875,2020,32895,253
2022-01-30,Mariposa,043,17540,2223,2177,140,2317,6
2022-01-30,Mendocino,045,87422,12097,11860,2387,14247,104
2022-01-30,Merced,047,269075,58683,58006,7008,65014,740
2022-01-30,Modoc,049,8938,671,661,230,891,6
2022-01-30,Mono,051,14174,2887,2888,115,3003,5
2022-01-30,Monterey,053,433212,73484,65996,11137,77133,661
2022-01-30,Napa,055,140530,23607,22588,817,23405,114
2022-01-30,Nevada,057,99092,15010,14741,1032,15773,112
2022-01-30,Orange,059,3164182,526394,521334,39220,560554,6098
2022-01-30,Placer,061,380077,59386,58030,6938,64968,523
2022-01-30,Plumas,063,18699,2760,2510,277,2787,12
2022-01-30,Riverside,065,2383286,569147,557088,26615,583703,5767
2022-01-30,Sacramento,067,1510023,264352,255715,23922,279637,2572
2022-01-30,San Benito,069,59416,12106,11945,471,12416,90
2022-01-30,San Bernardino,071,2135413,548261,534050,24030,558080,6302
2022-01-30,San Diego,073,3302833,712015,687145,48579,735724,4665
2022-01-30,San Francisco,075,870044,115368,110772,7738,118510,712
2022-01-30,San Joaquin,077,732212,157090,155165,9466,164631,1985
2022-01-30,San Luis Obispo,079,281455,48599,47599,3282,50881,394
2022-01-30,San Mateo,081,765935,114045,102979,6288,109267,589
2022-01-30,Santa Barbara,083,443738,80001,79072,4327,83399,606
2022-01-30,Santa Clara,085,1922200,287301,282846,11037,293883,2035
2022-01-30,Santa Cruz,087,273765,42462,41330,1980,43310,239
2022-01-30,Shasta,089,179085,28519,28105,5522,33627,462
2022-01-30,Sierra,091,2930,266,261,44,305,0
2022-01-30,Siskiyou,093,43540,4137,4039,2403,6442,66
2022-01-30,Solano,095,438530,75317,71857,5101,76958,414
2022-01-30,Sonoma,097,501317,77612,75890,2203,78093,431
2022-01-30,Stanislaus,099,539301,110825,110111,15649,125760,1403
2022-01-30,Sutter,101,95872,19380,19108,1629,20737,202
2022-01-30,Tehama,103,63373,11269,11071,2433,13504,145
2022-01-30,Trinity,105,12862,1109,1068,267,1335,19
2022-01-30,Tulare,107,460477,99607,95676,25663,121339,1245
2022-01-30,Tuolumne,109,53932,11699,11242,430,11672,91
2022-01-30,Ventura,111,848112,165574,163521,8946,172467,1286
2022-01-30,Yolo,113,214977,34436,33043,2827,35870,274
2022-01-30,Yuba,115,75493,14824,14584,1013,15597,103
2022-01-29,Alameda,001,1643700,237229,225602,12406,238008,1605
2022-01-29,Alpine,003,1148,119,123,1,124,0
2022-01-29,Amador,005,37829,7874,7505,516,8021,73
2022-01-29,Butte,007,227075,30743,29557,6041,35598,353
2022-01-29,Calaveras,009,45235,6773,6484,277,6761,96
2022-01-29,Colusa,011,21464,3243,3107,985,4092,21
2022-01-29,Contra Costa,013,1133247,176201,168003,11439,179442,1101
2022-01-29,Del Norte,015,27424,4919,4589,130,4719,43
2022-01-29,El Dorado,017,186661,25357,24008,2973,26981,184
2022-01-29,Fresno,019,978130,213869,202691,21534,224225,2457
2022-01-29,Glenn,021,27897,4681,4516,1477,5993,39
2022-01-29,Humboldt,023,135768,15363,14812,2427,17239,126
2022-01-29,Imperial,025,180216,52274,50153,9603,59756,845
2022-01-29,Inyo,027,18085,3939,3895,412,4307,50
2022-01-29,Kern,029,883053,181879,174456,42583,217039,1962
2022-01-29,Kings,031,150075,47694,45047,3262,48309,397
2022-01-29,Lake,033,64148,9524,8747,737,9484,119
2022-01-29,Lassen,035,31185,8340,7961,813,8774,55
2022-01-29,Los Angeles,037,10098052,2596582,2473332,118620,2591952,28467
2022-01-29,Madera,039,155013,34397,32753,5071,37824,329
2022-01-29,Marin,041,260295,31251,30137,2018,32155,253
2022-01-29,Mariposa,043,17540,2221,2117,138,2255,6
2022-01-29,Mendocino,045,87422,12073,11591,2371,13962,104
2022-01-29,Merced,047,269075,58577,56472,7003,63475,735
2022-01-29,Modoc,049,8938,671,654,230,884,6
2022-01-29,Mono,051,14174,2885,2860,115,2975,5
2022-01-29,Monterey,053,433212,73329,64090,11072,75162,658
2022-01-29,Napa,055,140530,23550,22121,815,22936,113
2022-01-29,Nevada,057,99092,14976,14337,1029,15366,112
2022-01-29,Orange,059,3164182,525688,511255,39113,550368,6038
2022-01-29,Placer,061,380077,59192,56562,6922,63484,523
2022-01-29,Plumas,063,18699,2750,2463,273,2736,12
2022-01-29,Riverside,065,2383286,568124,548121,26573,574694,5726
2022-01-29,Sacramento,067,1510023,263708,249130,23875,273005,2558
2022-01-29,San Benito,069,59416,12049,11670,470,12140,90
2022-01-29,San Bernardino,071,2135413,547514,525249,23985,549234,6297
2022-01-29,San Diego,073,3302833,710685,683027,48481,731508,4643
2022-01-29,San Francisco,075,870044,115093,108265,7690,115955,712
2022-01-29,San Joaquin,077,732212,156845,150849,9444,160293,1971
2022-01-29,San Luis Obispo,079,281455,48510,46374,3278,49652,391
2022-01-29,San Mateo,081,765935,113708,100306,6265,106571,586
2022-01-29,Santa Barbara,083,443738,79779,76546,4320,80866,604
2022-01-29,Santa Clara,085,1922200,286366,273879,11009,284888,2019
2022-01-29,Santa Cruz,087,273765,42330,39228,1978,41206,240
2022-01-29,Shasta,089,179085,28462,27504,5508,33012,452
2022-01-29,Sierra,091,2930,266,260,43,303,0
2022-01-29,Siskiyou,093,43540,4127,3987,2396,6383,66
2022-01-29,Solano,095,438530,75174,69862,5089,74951,407
2022-01-29,Sonoma,097,501317,77398,73439,2198,75637,427
2022-01-29,Stanislaus,099,539301,110576,107668,15602,123270,1403
2022-01-29,Sutter,101,95872,19331,18797,1612,20409,202
2022-01-29,Tehama,103,63373,11235,10880,2424,13304,145
2022-01-29,Trinity,105,12862,1106,1033,266,1299,19
2022-01-29,Tulare,107,460477,99354,93154,25585,118739,1237
2022-01-29,Tuolumne,109,53932,11674,10806,422,11228,91
2022-01-29,Ventura,111,848112,165243,160466,8928,169394,1271
2022-01-29,Yolo,113,214977,34322,32123,2811,34934,275
2022-01-29,Yuba,115,75493,14783,14295,1011,15306,103
2022-01-28,Alameda,001,1643700,236285,225602,12388,237990,1605
2022-01-28,Alpine,003,1148,119,123,1,124,0
2022-01-28,Amador,005,37829,7848,7505,515,8020,73
2022-01-28,Butte,007,227075,30667,29557,6022,35579,353
2022-01-28,Calaveras,009,45235,6755,6484,276,6760,96
2022-01-28,Colusa,011,21464,3238,3107,983,4090,21
2022-01-28,Contra Costa,013,1133247,175677,168003,11402,179405,1101
2022-01-28,Del Norte,015,27424,4895,4589,129,4718,43
2022-01-28,El Dorado,017,186661,25311,24008,2967,26975,184
2022-01-28,Fresno,019,978130,213000,202691,21475,224166,2457
2022-01-28,Glenn,021,27897,4668,4516,1475,5991,39
2022-01-28,Humboldt,023,135768,15327,14812,2417,17229,126
2022-01-28,Imperial,025,180216,52145,50153,9571,59724,845
2022-01-28,Inyo,027,18085,3935,3895,409,4304,50
2022-01-28,Kern,029,883053,181469,174456,42424,216880,1962
2022-01-28,Kings,031,150075,47563,45047,3252,48299,397
2022-01-28,Lake,033,64148,9492,8747,735,9482,119
2022-01-28,Lassen,035,31185,8271,7961,811,8772,55
2022-01-28,Los Angeles,037,10098052,2590842,2473332,118406,2591738,28467
2022-01-28,Madera,039,155013,34269,32753,5054,37807,329
2022-01-28,Marin,041,260295,31159,30137,1996,32133,253
2022-01-28,Mariposa,043,17540,2211,2117,136,2253,6
2022-01-28,Mendocino,045,87422,12029,11591,2369,13960,104
2022-01-28,Merced,047,269075,58479,56472,6988,63460,735
2022-01-28,Modoc,049,8938,670,654,230,884,6
2022-01-28,Mono,051,14174,2880,2860,114,2974,5
2022-01-28,Monterey,053,433212,73127,64090,11023,75113,658
2022-01-28,Napa,055,140530,23472,22121,813,22934,113
2022-01-28,Nevada,057,99092,14939,14337,1027,15364,112
2022-01-28,Orange,059,3164182,524619,511255,39023,550278,6038
2022-01-28,Placer,061,380077,58987,56562,6899,63461,523
2022-01-28,Plumas,063,18699,2742,2463,271,2734,12
2022-01-28,Riverside,065,2383286,566794,548121,26532,574653,5726
2022-01-28,Sacramento,067,1510023,262927,249130,23821,272951,2558
2022-01-28,San Benito,069,59416,12027,11670,465,12135,90
2022-01-28,San Bernardino,071,2135413,546472,525249,23947,549196,6297
2022-01-28,San Diego,073,3302833,708853,683027,48405,731432,4643
2022-01-28,San Francisco,075,870044,114738,108265,7641,115906,712
2022-01-28,San Joaquin,077,732212,156557,150849,9430,160279,1971
2022-01-28,San Luis Obispo,079,281455,48426,46374,3270,49644,391
2022-01-28,San Mateo,081,765935,113356,100306,6243,106549,586
2022-01-28,Santa Barbara,083,443738,79531,76546,4318,80864,604
2022-01-28,Santa Clara,085,1922200,285179,273879,10960,284839,2019
2022-01-28,Santa Cruz,087,273765,42138,39228,1965,41193,240
2022-01-28,Shasta,089,179085,28405,27504,5494,32998,452
2022-01-28,Sierra,091,2930,266,260,43,303,0
2022-01-28,Siskiyou,093,43540,4117,3987,2392,6379,66
2022-01-28,Solano,095,438530,74622,69862,5022,74884,407
2022-01-28,Sonoma,097,501317,77193,73439,2189,75628,427
2022-01-28,Stanislaus,099,539301,110303,107668,15560,123228,1403
2022-01-28,Sutter,101,95872,19287,18797,1610,20407,202
2022-01-28,Tehama,103,63373,11203,10880,2417,13297,145
2022-01-28,Trinity,105,12862,1097,1033,266,1299,19
2022-01-28,Tulare,107,460477,99078,93154,25475,118629,1237
2022-01-28,Tuolumne,109,53932,11641,10806,418,11224,91
2022-01-28,Ventura,111,848112,164789,160466,8907,169373,1271
2022-01-28,Yolo,113,214977,34216,32123,2803,34926,275
2022-01-28,Yuba,115,75493,14743,14295,1006,15301,103
2022-01-27,Alameda,001,1643700,234708,225602,12252,237854,1605
2022-01-27,Alpine,003,1148,119,123,1,124,0
2022-01-27,Amador,005,37829,7801,7505,503,8008,73
2022-01-27,Butte,007,227075,30515,29557,5970,35527,353
2022-01-27,Calaveras,009,45235,6730,6484,260,6744,96
2022-01-27,Colusa,011,21464,3223,3107,979,4086,21
2022-01-27,Contra Costa,013,1133247,174671,168003,11227,179230,1101
2022-01-27,Del Norte,015,27424,4851,4589,125,4714,43
2022-01-27,El Dorado,017,186661,25200,24008,2947,26955,184
2022-01-27,Fresno,019,978130,211374,202691,21257,223948,2457
2022-01-27,Glenn,021,27897,4637,4516,1467,5983,39
2022-01-27,Humboldt,023,135768,15238,14812,2380,17192,126
2022-01-27,Imperial,025,180216,51874,50153,9457,59610,845
2022-01-27,Inyo,027,18085,3928,3895,399,4294,50
2022-01-27,Kern,029,883053,180690,174456,42059,216515,1962
2022-01-27,Kings,031,150075,47219,45047,3213,48260,397
2022-01-27,Lake,033,64148,9439,8747,718,9465,119
2022-01-27,Lassen,035,31185,8228,7961,805,8766,55
2022-01-27,Los Angeles,037,10098052,2579694,2473332,117889,2591221,28467
2022-01-27,Madera,039,155013,34060,32753,4947,37700,329
2022-01-27,Marin,041,260295,30997,30137,1981,32118,253
2022-01-27,Mariposa,043,17540,2188,2117,133,2250,6
2022-01-27,Mendocino,045,87422,11978,11591,2320,13911,104
2022-01-27,Merced,047,269075,58218,56472,6822,63294,735
2022-01-27,Modoc,049,8938,668,654,229,883,6
2022-01-27,Mono,051,14174,2875,2860,114,2974,5
2022-01-27,Monterey,053,433212,72505,64090,10768,74858,658
2022-01-27,Napa,055,140530,23313,22121,785,22906,113
2022-01-27,Nevada,057,99092,14866,14337,999,15336,112
2022-01-27,Orange,059,3164182,522892,511255,38887,550142,6038
2022-01-27,Placer,061,380077,58669,56562,6845,63407,523
2022-01-27,Plumas,063,18699,2731,2463,259,2722,12
2022-01-27,Riverside,065,2383286,564617,548121,26462,574583,5726
2022-01-27,Sacramento,067,1510023,261652,249130,23489,272619,2558
2022-01-27,San Benito,069,59416,11972,11670,460,12130,90
2022-01-27,San Bernardino,071,2135413,544580,525249,23846,549095,6297
2022-01-27,San Diego,073,3302833,705481,683027,48053,731080,4643
2022-01-27,San Francisco,075,870044,114233,108265,7580,115845,712
2022-01-27,San Joaquin,077,732212,155700,150849,9361,160210,1971
2022-01-27,San Luis Obispo,079,281455,48154,46374,3232,49606,391
2022-01-27,San Mateo,081,765935,112773,100306,6174,106480,586
2022-01-27,Santa Barbara,083,443738,79051,76546,4262,80808,604
2022-01-27,Santa Clara,085,1922200,283112,273879,10811,284690,2019
2022-01-27,Santa Cruz,087,273765,41470,39228,1946,41174,240
2022-01-27,Shasta,089,179085,28272,27504,5445,32949,452
2022-01-27,Sierra,091,2930,265,260,42,302,0
2022-01-27,Siskiyou,093,43540,4096,3987,2355,6342,66
2022-01-27,Solano,095,438530,73984,69862,4971,74833,407
2022-01-27,Sonoma,097,501317,76729,73439,2176,75615,427
2022-01-27,Stanislaus,099,539301,109775,107668,15413,123081,1403
2022-01-27,Sutter,101,95872,19182,18797,1585,20382,202
2022-01-27,Tehama,103,63373,11151,10880,2401,13281,145
2022-01-27,Trinity,105,12862,1093,1033,265,1298,19
2022-01-27,Tulare,107,460477,98408,93154,25191,118345,1237
2022-01-27,Tuolumne,109,53932,11589,10806,409,11215,91
2022-01-27,Ventura,111,848112,164138,160466,8875,169341,1271
2022-01-27,Yolo,113,214977,34072,32123,2785,34908,275
2022-01-27,Yuba,115,75493,14664,14295,990,15285,103
2022-01-26,Alameda,001,1643700,232816,222680,12080,234760,1596
2022-01-26,Alpine,003,1148,119,123,1,124,0
2022-01-26,Amador,005,37829,7725,7427,488,7915,73
2022-01-26,Butte,007,227075,30316,29229,5914,35143,353
2022-01-26,Calaveras,009,45235,6692,6387,253,6640,96
2022-01-26,Colusa,011,21464,3207,3094,972,4066,21
2022-01-26,Contra Costa,013,1133247,173545,165972,11062,177034,1095
2022-01-26,Del Norte,015,27424,4794,4542,124,4666,43
2022-01-26,El Dorado,017,186661,25079,23819,2924,26743,181
2022-01-26,Fresno,019,978130,209524,199689,21039,220728,2452
2022-01-26,Glenn,021,27897,4604,4472,1462,5934,39
2022-01-26,Humboldt,023,135768,15139,14715,2335,17050,126
2022-01-26,Imperial,025,180216,51517,49477,9309,58786,839
2022-01-26,Inyo,027,18085,3925,3889,367,4256,50
2022-01-26,Kern,029,883053,179766,173052,41714,214766,1953
2022-01-26,Kings,031,150075,46815,44367,3183,47550,396
2022-01-26,Lake,033,64148,9357,8645,708,9353,119
2022-01-26,Lassen,035,31185,8192,7888,805,8693,55
2022-01-26,Los Angeles,037,10098052,2567464,2450620,117438,2568058,28382
2022-01-26,Madera,039,155013,33820,32323,4810,37133,329
2022-01-26,Marin,041,260295,30815,29813,1964,31777,253
2022-01-26,Mariposa,043,17540,2171,2108,126,2234,6
2022-01-26,Mendocino,045,87422,11931,11453,2269,13722,103
2022-01-26,Merced,047,269075,57851,56060,6644,62704,733
2022-01-26,Modoc,049,8938,667,652,228,880,6
2022-01-26,Mono,051,14174,2872,2852,114,2966,4
2022-01-26,Monterey,053,433212,71948,63264,10472,73736,659
2022-01-26,Napa,055,140530,23157,21864,774,22638,112
2022-01-26,Nevada,057,99092,14773,14128,988,15116,112
2022-01-26,Orange,059,3164182,520904,506419,38723,545142,6007
2022-01-26,Placer,061,380077,58334,55892,6781,62673,524
2022-01-26,Plumas,063,18699,2704,2425,257,2682,12
2022-01-26,Riverside,065,2383286,562091,543788,26343,570131,5701
2022-01-26,Sacramento,067,1510023,259957,246416,23148,269564,2559
2022-01-26,San Benito,069,59416,11901,11563,448,12011,90
2022-01-26,San Bernardino,071,2135413,542353,521699,23736,545435,6291
2022-01-26,San Diego,073,3302833,701268,676392,47694,724086,4622
2022-01-26,San Francisco,075,870044,113597,107174,7546,114720,704
2022-01-26,San Joaquin,077,732212,154712,148770,9307,158077,1971
2022-01-26,San Luis Obispo,079,281455,47851,45716,3205,48921,391
2022-01-26,San Mateo,081,765935,112106,99016,6045,105061,586
2022-01-26,Santa Barbara,083,443738,78523,75548,4201,79749,600
2022-01-26,Santa Clara,085,1922200,281016,270470,10635,281105,2015
2022-01-26,Santa Cruz,087,273765,40952,38298,1932,40230,239
2022-01-26,Shasta,089,179085,28124,27255,5398,32653,452
2022-01-26,Sierra,091,2930,264,260,41,301,0
2022-01-26,Siskiyou,093,43540,4080,3971,2330,6301,66
2022-01-26,Solano,095,438530,73289,69150,4904,74054,401
2022-01-26,Sonoma,097,501317,76169,72509,2141,74650,423
2022-01-26,Stanislaus,099,539301,109217,106582,15192,121774,1396
2022-01-26,Sutter,101,95872,19071,18670,1539,20209,202
2022-01-26,Tehama,103,63373,11097,10749,2384,13133,145
2022-01-26,Trinity,105,12862,1088,1008,265,1273,19
2022-01-26,Tulare,107,460477,97591,91904,24945,116849,1234
2022-01-26,Tuolumne,109,53932,11406,10699,398,11097,91
2022-01-26,Ventura,111,848112,163424,159077,8835,167912,1263
2022-01-26,Yolo,113,214977,33856,31913,2746,34659,275
2022-01-26,Yuba,115,75493,14579,14171,968,15139,103
2022-01-25,Alameda,001,1643700,230927,219753,11898,231651,1589
2022-01-25,Alpine,003,1148,119,122,1,123,0
2022-01-25,Amador,005,37829,7648,7352,477,7829,73
2022-01-25,Butte,007,227075,30107,28887,5841,34728,351
2022-01-25,Calaveras,009,45235,6634,6266,239,6505,95
2022-01-25,Colusa,011,21464,3187,3074,970,4044,21
2022-01-25,Contra Costa,013,1133247,172226,163792,10844,174636,1092
2022-01-25,Del Norte,015,27424,4724,4514,118,4632,43
2022-01-25,El Dorado,017,186661,24943,23339,2898,26237,179
2022-01-25,Fresno,019,978130,207382,198262,20751,219013,2434
2022-01-25,Glenn,021,27897,4572,4418,1446,5864,39
2022-01-25,Humboldt,023,135768,15047,14574,2309,16883,126
2022-01-25,Imperial,025,180216,51061,48913,9083,57996,832
2022-01-25,Inyo,027,18085,3910,3857,322,4179,50
2022-01-25,Kern,029,883053,178755,171695,41254,212949,1947
2022-01-25,Kings,031,150075,46342,43853,3137,46990,396
2022-01-25,Lake,033,64148,9278,8543,696,9239,118
2022-01-25,Lassen,035,31185,8161,7834,794,8628,55
2022-01-25,Los Angeles,037,10098052,2552526,2433516,116796,2550312,28293
2022-01-25,Madera,039,155013,33497,31794,4674,36468,329
2022-01-25,Marin,041,260295,30636,29589,1951,31540,253
2022-01-25,Mariposa,043,17540,2159,2069,120,2189,6
2022-01-25,Mendocino,045,87422,11811,11280,2166,13446,103
2022-01-25,Merced,047,269075,57474,55555,6500,62055,733
2022-01-25,Modoc,049,8938,665,652,228,880,6
2022-01-25,Mono,051,14174,2862,2826,113,2939,4
2022-01-25,Monterey,053,433212,71375,62498,10064,72562,654
2022-01-25,Napa,055,140530,22962,21668,738,22406,111
2022-01-25,Nevada,057,99092,14659,13944,964,14908,112
2022-01-25,Orange,059,3164182,518624,504274,38530,542804,5980
2022-01-25,Placer,061,380077,57934,55465,6708,62173,518
2022-01-25,Plumas,063,18699,2677,2397,253,2650,12
2022-01-25,Riverside,065,2383286,559001,540723,26175,566898,5686
2022-01-25,Sacramento,067,1510023,258008,244468,22603,267071,2545
2022-01-25,San Benito,069,59416,11801,11446,444,11890,88
2022-01-25,San Bernardino,071,2135413,539807,519150,23620,542770,6288
2022-01-25,San Diego,073,3302833,696261,670110,47243,717353,4604
2022-01-25,San Francisco,075,870044,112834,106254,7502,113756,703
2022-01-25,San Joaquin,077,732212,153724,147271,9242,156513,1972
2022-01-25,San Luis Obispo,079,281455,47489,45130,3157,48287,391
2022-01-25,San Mateo,081,765935,111274,98010,5934,103944,586
2022-01-25,Santa Barbara,083,443738,77854,74686,4119,78805,594
2022-01-25,Santa Clara,085,1922200,278405,268031,10430,278461,2006
2022-01-25,Santa Cruz,087,273765,40280,37850,1916,39766,237
2022-01-25,Shasta,089,179085,27961,27090,5331,32421,452
2022-01-25,Sierra,091,2930,264,260,37,297,0
2022-01-25,Siskiyou,093,43540,4056,3958,2295,6253,65
2022-01-25,Solano,095,438530,72721,68657,4847,73504,399
2022-01-25,Sonoma,097,501317,75474,71633,2101,73734,423
2022-01-25,Stanislaus,099,539301,108548,105965,14967,120932,1396
2022-01-25,Sutter,101,95872,18969,18508,1497,20005,200
2022-01-25,Tehama,103,63373,11034,10669,2358,13027,145
2022-01-25,Trinity,105,12862,1081,999,263,1262,19
2022-01-25,Tulare,107,460477,96718,91237,24597,115834,1229
2022-01-25,Tuolumne,109,53932,11224,10516,374,10890,91
2022-01-25,Ventura,111,848112,162568,157971,8789,166760,1263
2022-01-25,Yolo,113,214977,33596,31677,2699,34376,274
2022-01-25,Yuba,115,75493,14495,14038,940,14978,103
2022-01-24,Alameda,001,1643700,228482,216252,11628,227880,1581
2022-01-24,Alpine,003,1148,119,120,1,121,0
2022-01-24,Amador,005,37829,7597,7166,439,7605,73
2022-01-24,Butte,007,227075,29877,28607,5778,34385,350
2022-01-24,Calaveras,009,45235,6586,6172,225,6397,95
2022-01-24,Colusa,011,21464,3168,3052,954,4006,21
2022-01-24,Contra Costa,013,1133247,170741,162161,10627,172788,1092
2022-01-24,Del Norte,015,27424,4664,4460,118,4578,43
2022-01-24,El Dorado,017,186661,24777,23128,2869,25997,179
2022-01-24,Fresno,019,978130,205072,196092,20445,216537,2430
2022-01-24,Glenn,021,27897,4530,4367,1436,5803,39
2022-01-24,Humboldt,023,135768,14935,14416,2263,16679,126
2022-01-24,Imperial,025,180216,50521,48228,8795,57023,824
2022-01-24,Inyo,027,18085,3904,3805,297,4102,50
2022-01-24,Kern,029,883053,177443,169892,40776,210668,1946
2022-01-24,Kings,031,150075,45764,43260,3064,46324,396
2022-01-24,Lake,033,64148,9168,8423,681,9104,118
2022-01-24,Lassen,035,31185,8077,7732,775,8507,55
2022-01-24,Los Angeles,037,10098052,2535985,2391045,116017,2507062,28230
2022-01-24,Madera,039,155013,33058,31339,4487,35826,329
2022-01-24,Marin,041,260295,30407,29301,1914,31215,253
2022-01-24,Mariposa,043,17540,2134,2033,116,2149,6
2022-01-24,Mendocino,045,87422,11707,11002,2085,13087,103
2022-01-24,Merced,047,269075,56982,54970,6215,61185,730
2022-01-24,Modoc,049,8938,662,648,227,875,6
2022-01-24,Mono,051,14174,2852,2802,112,2914,4
2022-01-24,Monterey,053,433212,70513,61975,9701,71676,654
2022-01-24,Napa,055,140530,22782,21494,725,22219,111
2022-01-24,Nevada,057,99092,14531,13774,941,14715,112
2022-01-24,Orange,059,3164182,516047,501634,38268,539902,5969
2022-01-24,Placer,061,380077,57453,54933,6657,61590,518
2022-01-24,Plumas,063,18699,2646,2370,239,2609,12
2022-01-24,Riverside,065,2383286,555278,535962,25965,561927,5661
2022-01-24,Sacramento,067,1510023,255640,241522,22022,263544,2526
2022-01-24,San Benito,069,59416,11704,11331,431,11762,88
2022-01-24,San Bernardino,071,2135413,536884,515604,23456,539060,6285
2022-01-24,San Diego,073,3302833,690587,663580,46692,710272,4586
2022-01-24,San Francisco,075,870044,111872,105418,7406,112824,703
2022-01-24,San Joaquin,077,732212,152412,145984,9166,155150,1959
2022-01-24,San Luis Obispo,079,281455,47016,44616,3102,47718,387
2022-01-24,San Mateo,081,765935,110310,96968,5817,102785,586
2022-01-24,Santa Barbara,083,443738,77042,73866,4023,77889,591
2022-01-24,Santa Clara,085,1922200,275536,265341,10218,275559,2006
2022-01-24,Santa Cruz,087,273765,39483,37188,1894,39082,237
2022-01-24,Shasta,089,179085,27772,26871,5243,32114,452
2022-01-24,Sierra,091,2930,264,258,37,295,0
2022-01-24,Siskiyou,093,43540,4046,3934,2256,6190,64
2022-01-24,Solano,095,438530,72038,68094,4768,72862,400
2022-01-24,Sonoma,097,501317,74557,70733,2069,72802,423
2022-01-24,Stanislaus,099,539301,107796,104933,14691,119624,1395
2022-01-24,Sutter,101,95872,18854,18336,1408,19744,200
2022-01-24,Tehama,103,63373,10963,10567,2338,12905,145
2022-01-24,Trinity,105,12862,1072,978,261,1239,19
2022-01-24,Tulare,107,460477,95645,90089,24196,114285,1219
2022-01-24,Tuolumne,109,53932,11104,10374,365,10739,91
2022-01-24,Ventura,111,848112,161544,156551,8744,165295,1261
2022-01-24,Yolo,113,214977,33303,31480,2664,34144,273
2022-01-24,Yuba,115,75493,14388,13862,899,14761,103
2022-01-23,Alameda,001,1643700,225792,214003,11293,225296,1583
2022-01-23,Alpine,003,1148,119,120,1,121,0
2022-01-23,Amador,005,37829,7542,7090,399,7489,73
2022-01-23,Butte,007,227075,29583,28340,5672,34012,350
2022-01-23,Calaveras,009,45235,6521,6095,202,6297,95
2022-01-23,Colusa,011,21464,3142,3040,947,3987,21
2022-01-23,Contra Costa,013,1133247,168892,160798,10264,171062,1092
2022-01-23,Del Norte,015,27424,4598,4419,112,4531,43
2022-01-23,El Dorado,017,186661,24586,22925,2820,25745,179
2022-01-23,Fresno,019,978130,202602,193642,19965,213607,2430
2022-01-23,Glenn,021,27897,4479,4340,1412,5752,39
2022-01-23,Humboldt,023,135768,14816,14296,2181,16477,126
2022-01-23,Imperial,025,180216,49923,47935,8507,56442,824
2022-01-23,Inyo,027,18085,3877,3781,283,4064,50
2022-01-23,Kern,029,883053,176080,168585,40246,208831,1946
2022-01-23,Kings,031,150075,45128,42622,2960,45582,397
2022-01-23,Lake,033,64148,8997,8363,654,9017,118
2022-01-23,Lassen,035,31185,8026,7710,751,8461,55
2022-01-23,Los Angeles,037,10098052,2515672,2390590,114857,2505447,28231
2022-01-23,Madera,039,155013,32697,30962,4245,35207,329
2022-01-23,Marin,041,260295,30154,29025,1876,30901,253
2022-01-23,Mariposa,043,17540,2119,2011,113,2124,6
2022-01-23,Mendocino,045,87422,11581,10889,1952,12841,103
2022-01-23,Merced,047,269075,56429,54644,5767,60411,730
2022-01-23,Modoc,049,8938,660,645,224,869,6
2022-01-23,Mono,051,14174,2844,2788,110,2898,4
2022-01-23,Monterey,053,433212,69674,61522,9257,70779,654
2022-01-23,Napa,055,140530,22519,21281,712,21993,111
2022-01-23,Nevada,057,99092,14368,13629,913,14542,112
2022-01-23,Orange,059,3164182,512946,498968,37974,536942,5970
2022-01-23,Placer,061,380077,56881,54568,6567,61135,518
2022-01-23,Plumas,063,18699,2613,2368,210,2578,12
2022-01-23,Riverside,065,2383286,550835,532273,25658,557931,5661
2022-01-23,Sacramento,067,1510023,252999,239589,21052,260641,2530
2022-01-23,San Benito,069,59416,11582,11225,420,11645,88
2022-01-23,San Bernardino,071,2135413,533460,512657,23176,535833,6281
2022-01-23,San Diego,073,3302833,683939,640215,45891,686106,4566
2022-01-23,San Francisco,075,870044,110804,104485,7298,111783,704
2022-01-23,San Joaquin,077,732212,150792,144621,9083,153704,1959
2022-01-23,San Luis Obispo,079,281455,46323,44183,3023,47206,386
2022-01-23,San Mateo,081,765935,109191,95940,5669,101609,586
2022-01-23,Santa Barbara,083,443738,75916,73041,3897,76938,590
2022-01-23,Santa Clara,085,1922200,272231,261991,9890,271881,2005
2022-01-23,Santa Cruz,087,273765,38952,36547,1862,38409,237
2022-01-23,Shasta,089,179085,27474,26732,5121,31853,452
2022-01-23,Sierra,091,2930,263,252,37,289,0
2022-01-23,Siskiyou,093,43540,4020,3916,2198,6114,64
2022-01-23,Solano,095,438530,71242,67457,4672,72129,400
2022-01-23,Sonoma,097,501317,73599,69791,2013,71804,423
2022-01-23,Stanislaus,099,539301,106935,104067,14410,118477,1395
2022-01-23,Sutter,101,95872,18697,18175,1293,19468,200
2022-01-23,Tehama,103,63373,10864,10481,2306,12787,145
2022-01-23,Trinity,105,12862,1069,961,259,1220,19
2022-01-23,Tulare,107,460477,94382,89120,23757,112877,1219
2022-01-23,Tuolumne,109,53932,10913,10243,347,10590,91
2022-01-23,Ventura,111,848112,160362,155052,8670,163722,1261
2022-01-23,Yolo,113,214977,32922,30908,2622,33530,273
2022-01-23,Yuba,115,75493,14262,13762,844,14606,103
2022-01-22,Alameda,001,1643700,224701,203927,11259,215186,1575
2022-01-22,Alpine,003,1148,118,119,1,120,0
2022-01-22,Amador,005,37829,7510,6845,394,7239,73
2022-01-22,Butte,007,227075,29464,27232,5648,32880,350
2022-01-22,Calaveras,009,45235,6491,5835,201,6036,95
2022-01-22,Colusa,011,21464,3125,2954,944,3898,21
2022-01-22,Contra Costa,013,1133247,167962,154111,10234,164345,1091
2022-01-22,Del Norte,015,27424,4562,4269,108,4377,43
2022-01-22,El Dorado,017,186661,24517,22273,2810,25083,179
2022-01-22,Fresno,019,978130,201786,185292,19896,205188,2429
2022-01-22,Glenn,021,27897,4473,4174,1409,5583,39
2022-01-22,Humboldt,023,135768,14749,13628,2168,15796,125
2022-01-22,Imperial,025,180216,49733,45741,8446,54187,820
2022-01-22,Inyo,027,18085,3873,3706,259,3965,50
2022-01-22,Kern,029,883053,175456,162902,39941,202843,1946
2022-01-22,Kings,031,150075,44921,40580,2947,43527,396
2022-01-22,Lake,033,64148,8963,8056,646,8702,118
2022-01-22,Lassen,035,31185,7993,7545,744,8289,55
2022-01-22,Los Angeles,037,10098052,2508267,2286280,114348,2400628,28038
2022-01-22,Madera,039,155013,32579,29595,4230,33825,329
2022-01-22,Marin,041,260295,30028,27893,1871,29764,253
2022-01-22,Mariposa,043,17540,2115,1920,113,2033,6
2022-01-22,Mendocino,045,87422,11531,10395,1930,12325,103
2022-01-22,Merced,047,269075,56279,53025,5758,58783,727
2022-01-22,Modoc,049,8938,659,639,224,863,6
2022-01-22,Mono,051,14174,2843,2723,106,2829,4
2022-01-22,Monterey,053,433212,69467,59038,9214,68252,651
2022-01-22,Napa,055,140530,22424,20402,702,21104,111
2022-01-22,Nevada,057,99092,14300,12957,905,13862,112
2022-01-22,Orange,059,3164182,511343,480329,37725,518054,5946
2022-01-22,Placer,061,380077,56613,52557,6528,59085,512
2022-01-22,Plumas,063,18699,2596,2289,206,2495,12
2022-01-22,Riverside,065,2383286,548919,513567,25585,539152,5623
2022-01-22,Sacramento,067,1510023,251949,230206,20946,251152,2510
2022-01-22,San Benito,069,59416,11523,10743,415,11158,88
2022-01-22,San Bernardino,071,2135413,531968,495209,23080,518289,6267
2022-01-22,San Diego,073,3302833,681445,628904,45676,674580,4559
2022-01-22,San Francisco,075,870044,110148,100238,7149,107387,702
2022-01-22,San Joaquin,077,732212,150354,138264,9040,147304,1960
2022-01-22,San Luis Obispo,079,281455,46205,42154,3016,45170,385
2022-01-22,San Mateo,081,765935,108607,91440,5606,97046,585
2022-01-22,Santa Barbara,083,443738,75495,69555,3891,73446,589
2022-01-22,Santa Clara,085,1922200,270554,249205,9823,259028,1993
2022-01-22,Santa Cruz,087,273765,38771,33741,1855,35596,237
2022-01-22,Shasta,089,179085,27381,25919,5099,31018,450
2022-01-22,Sierra,091,2930,263,248,36,284,0
2022-01-22,Siskiyou,093,43540,4002,3845,2177,6022,62
2022-01-22,Solano,095,438530,71019,63882,4633,68515,391
2022-01-22,Sonoma,097,501317,73174,66013,2003,68016,422
2022-01-22,Stanislaus,099,539301,106480,100092,14319,114411,1393
2022-01-22,Sutter,101,95872,18629,17616,1280,18896,199
2022-01-22,Tehama,103,63373,10829,10171,2296,12467,142
2022-01-22,Trinity,105,12862,1067,925,259,1184,19
2022-01-22,Tulare,107,460477,93996,85223,23628,108851,1211
2022-01-22,Tuolumne,109,53932,10845,9731,341,10072,91
2022-01-22,Ventura,111,848112,159669,148742,8638,157380,1250
2022-01-22,Yolo,113,214977,32744,30061,2605,32666,273
2022-01-22,Yuba,115,75493,14172,13288,839,14127,103
2022-01-21,Alameda,001,1643700,223128,203927,11227,215154,1575
2022-01-21,Alpine,003,1148,118,119,1,120,0
2022-01-21,Amador,005,37829,7453,6845,391,7236,73
2022-01-21,Butte,007,227075,29336,27232,5606,32838,350
2022-01-21,Calaveras,009,45235,6446,5835,201,6036,95
2022-01-21,Colusa,011,21464,3118,2954,939,3893,21
2022-01-21,Contra Costa,013,1133247,166912,154111,10155,164266,1091
2022-01-21,Del Norte,015,27424,4521,4269,108,4377,43
2022-01-21,El Dorado,017,186661,24434,22273,2793,25066,179
2022-01-21,Fresno,019,978130,200544,185292,19795,205087,2429
2022-01-21,Glenn,021,27897,4455,4174,1404,5578,39
2022-01-21,Humboldt,023,135768,14680,13628,2149,15777,125
2022-01-21,Imperial,025,180216,49543,45741,8368,54109,820
2022-01-21,Inyo,027,18085,3860,3706,254,3960,50
2022-01-21,Kern,029,883053,174736,162902,39566,202468,1946
2022-01-21,Kings,031,150075,44724,40580,2939,43519,396
2022-01-21,Lake,033,64148,8906,8056,633,8689,118
2022-01-21,Lassen,035,31185,7941,7545,740,8285,55
2022-01-21,Los Angeles,037,10098052,2496968,2286280,113887,2400167,28038
2022-01-21,Madera,039,155013,32288,29595,4202,33797,329
2022-01-21,Marin,041,260295,29851,27893,1851,29744,253
2022-01-21,Mariposa,043,17540,2103,1920,112,2032,6
2022-01-21,Mendocino,045,87422,11450,10395,1927,12322,103
2022-01-21,Merced,047,269075,56118,53025,5754,58779,727
2022-01-21,Modoc,049,8938,658,639,224,863,6
2022-01-21,Mono,051,14174,2829,2723,103,2826,4
2022-01-21,Monterey,053,433212,68996,59038,9082,68120,651
2022-01-21,Napa,055,140530,22304,20402,694,21096,111
2022-01-21,Nevada,057,99092,14203,12957,901,13858,112
2022-01-21,Orange,059,3164182,509102,480329,37480,517809,5946
2022-01-21,Placer,061,380077,56220,52557,6465,59022,512
2022-01-21,Plumas,063,18699,2584,2289,201,2490,12
2022-01-21,Riverside,065,2383286,546262,513567,25506,539073,5623
2022-01-21,Sacramento,067,1510023,250504,230206,20843,251049,2510
2022-01-21,San Benito,069,59416,11488,10743,412,11155,88
2022-01-21,San Bernardino,071,2135413,529951,495209,23004,518213,6267
2022-01-21,San Diego,073,3302833,677245,628904,45500,674404,4559
2022-01-21,San Francisco,075,870044,109388,100238,7061,107299,702
2022-01-21,San Joaquin,077,732212,149760,138264,8979,147243,1960
2022-01-21,San Luis Obispo,079,281455,46079,42154,3013,45167,385
2022-01-21,San Mateo,081,765935,107934,91440,5565,97005,585
2022-01-21,Santa Barbara,083,443738,74993,69555,3881,73436,589
2022-01-21,Santa Clara,085,1922200,268729,249205,9715,258920,1993
2022-01-21,Santa Cruz,087,273765,38053,33741,1842,35583,237
2022-01-21,Shasta,089,179085,27293,25919,5052,30971,450
2022-01-21,Sierra,091,2930,261,248,35,283,0
2022-01-21,Siskiyou,093,43540,3994,3845,2159,6004,62
2022-01-21,Solano,095,438530,70608,63882,4551,68433,391
2022-01-21,Sonoma,097,501317,72649,66013,1993,68006,422
2022-01-21,Stanislaus,099,539301,105976,100092,14258,114350,1393
2022-01-21,Sutter,101,95872,18542,17616,1266,18882,199
2022-01-21,Tehama,103,63373,10793,10171,2294,12465,142
2022-01-21,Trinity,105,12862,1061,925,258,1183,19
2022-01-21,Tulare,107,460477,93520,85223,23464,108687,1211
2022-01-21,Tuolumne,109,53932,10762,9731,334,10065,91
2022-01-21,Ventura,111,848112,158860,148742,8609,157351,1250
2022-01-21,Yolo,113,214977,32579,30061,2582,32643,273
2022-01-21,Yuba,115,75493,14100,13288,832,14120,103
2022-01-20,Alameda,001,1643700,220066,203927,10984,214911,1575
2022-01-20,Alpine,003,1148,118,119,1,120,0
2022-01-20,Amador,005,37829,7388,6845,373,7218,73
2022-01-20,Butte,007,227075,29080,27232,5528,32760,350
2022-01-20,Calaveras,009,45235,6341,5835,192,6027,95
2022-01-20,Colusa,011,21464,3087,2954,927,3881,21
2022-01-20,Contra Costa,013,1133247,164949,154111,9889,164000,1091
2022-01-20,Del Norte,015,27424,4481,4269,105,4374,43
2022-01-20,El Dorado,017,186661,24231,22273,2750,25023,179
2022-01-20,Fresno,019,978130,197939,185292,19423,204715,2429
2022-01-20,Glenn,021,27897,4420,4174,1395,5569,39
2022-01-20,Humboldt,023,135768,14551,13628,2097,15725,125
2022-01-20,Imperial,025,180216,49020,45741,8189,53930,820
2022-01-20,Inyo,027,18085,3848,3706,243,3949,50
2022-01-20,Kern,029,883053,173208,162902,39019,201921,1946
2022-01-20,Kings,031,150075,44169,40580,2896,43476,396
2022-01-20,Lake,033,64148,8811,8056,605,8661,118
2022-01-20,Lassen,035,31185,7890,7545,725,8270,55
2022-01-20,Los Angeles,037,10098052,2472231,2286280,112901,2399181,28038
2022-01-20,Madera,039,155013,31899,29595,4075,33670,329
2022-01-20,Marin,041,260295,29556,27893,1814,29707,253
2022-01-20,Mariposa,043,17540,2076,1920,109,2029,6
2022-01-20,Mendocino,045,87422,11353,10395,1849,12244,103
2022-01-20,Merced,047,269075,55689,53025,5525,58550,727
2022-01-20,Modoc,049,8938,656,639,224,863,6
2022-01-20,Mono,051,14174,2821,2723,102,2825,4
2022-01-20,Monterey,053,433212,68230,59038,8663,67701,651
2022-01-20,Napa,055,140530,22038,20402,655,21057,111
2022-01-20,Nevada,057,99092,14056,12957,878,13835,112
2022-01-20,Orange,059,3164182,505156,480329,37108,517437,5946
2022-01-20,Placer,061,380077,55730,52557,6404,58961,512
2022-01-20,Plumas,063,18699,2557,2289,197,2486,12
2022-01-20,Riverside,065,2383286,541683,513567,25268,538835,5623
2022-01-20,Sacramento,067,1510023,248209,230206,20192,250398,2510
2022-01-20,San Benito,069,59416,11377,10743,399,11142,88
2022-01-20,San Bernardino,071,2135413,525812,495209,22721,517930,6267
2022-01-20,San Diego,073,3302833,670151,628904,44801,673705,4559
2022-01-20,San Francisco,075,870044,108234,100238,6919,107157,702
2022-01-20,San Joaquin,077,732212,148119,138264,8851,147115,1960
2022-01-20,San Luis Obispo,079,281455,45569,42154,2979,45133,385
2022-01-20,San Mateo,081,765935,106706,91440,5359,96799,585
2022-01-20,Santa Barbara,083,443738,74096,69555,3768,73323,589
2022-01-20,Santa Clara,085,1922200,265416,249205,9386,258591,1993
2022-01-20,Santa Cruz,087,273765,37167,33741,1819,35560,237
2022-01-20,Shasta,089,179085,27103,25919,4985,30904,450
2022-01-20,Sierra,091,2930,261,248,33,281,0
2022-01-20,Siskiyou,093,43540,3982,3845,2126,5971,62
2022-01-20,Solano,095,438530,69662,63882,4462,68344,391
2022-01-20,Sonoma,097,501317,71617,66013,1943,67956,422
2022-01-20,Stanislaus,099,539301,105021,100092,14051,114143,1393
2022-01-20,Sutter,101,95872,18377,17616,1237,18853,199
2022-01-20,Tehama,103,63373,10718,10171,2276,12447,142
2022-01-20,Trinity,105,12862,1047,925,257,1182,19
2022-01-20,Tulare,107,460477,92461,85223,23154,108377,1211
2022-01-20,Tuolumne,109,53932,10620,9731,322,10053,91
2022-01-20,Ventura,111,848112,157473,148742,8535,157277,1250
2022-01-20,Yolo,113,214977,32294,30061,2549,32610,273
2022-01-20,Yuba,115,75493,13993,13288,799,14087,103
2022-01-19,Alameda,001,1643700,216678,199739,10643,210382,1571
2022-01-19,Alpine,003,1148,117,119,1,120,0
2022-01-19,Amador,005,37829,7307,6789,331,7120,73
2022-01-19,Butte,007,227075,28777,26839,5453,32292,351
2022-01-19,Calaveras,009,45235,6250,5765,183,5948,95
2022-01-19,Colusa,011,21464,3062,2938,920,3858,21
2022-01-19,Contra Costa,013,1133247,162640,151543,9648,161191,1091
2022-01-19,Del Norte,015,27424,4442,4240,104,4344,43
2022-01-19,El Dorado,017,186661,23978,21953,2708,24661,177
2022-01-19,Fresno,019,978130,195036,181526,19092,200618,2430
2022-01-19,Glenn,021,27897,4369,4127,1385,5512,39
2022-01-19,Humboldt,023,135768,14392,13391,2044,15435,125
2022-01-19,Imperial,025,180216,48290,45156,7984,53140,820
2022-01-19,Inyo,027,18085,3825,3680,204,3884,49
2022-01-19,Kern,029,883053,171445,160747,38334,199081,1946
2022-01-19,Kings,031,150075,43471,40027,2817,42844,395
2022-01-19,Lake,033,64148,8684,7972,592,8564,118
2022-01-19,Lassen,035,31185,7832,7507,703,8210,55
2022-01-19,Los Angeles,037,10098052,2443825,2251718,111463,2363181,27934
2022-01-19,Madera,039,155013,31518,29021,3902,32923,329
2022-01-19,Marin,041,260295,29260,27375,1771,29146,251
2022-01-19,Mariposa,043,17540,2051,1896,103,1999,6
2022-01-19,Mendocino,045,87422,11181,10252,1755,12007,103
2022-01-19,Merced,047,269075,55143,52355,5169,57524,724
2022-01-19,Modoc,049,8938,654,635,223,858,6
2022-01-19,Mono,051,14174,2799,2677,100,2777,4
2022-01-19,Monterey,053,433212,67321,58426,8200,66626,651
2022-01-19,Napa,055,140530,21785,20090,628,20718,110
2022-01-19,Nevada,057,99092,13901,12703,849,13552,112
2022-01-19,Orange,059,3164182,500669,468460,36736,505196,5943
2022-01-19,Placer,061,380077,55162,51545,6333,57878,511
2022-01-19,Plumas,063,18699,2517,2239,190,2429,12
2022-01-19,Riverside,065,2383286,536153,503575,25028,528603,5604
2022-01-19,Sacramento,067,1510023,245315,226035,19451,245486,2512
2022-01-19,San Benito,069,59416,11236,10639,387,11026,88
2022-01-19,San Bernardino,071,2135413,521199,487846,22339,510185,6265
2022-01-19,San Diego,073,3302833,661373,614709,44075,658784,4553
2022-01-19,San Francisco,075,870044,106861,98652,6840,105492,694
2022-01-19,San Joaquin,077,732212,146226,135953,8719,144672,1959
2022-01-19,San Luis Obispo,079,281455,44971,41374,2913,44287,382
2022-01-19,San Mateo,081,765935,105285,89715,5092,94807,585
2022-01-19,Santa Barbara,083,443738,73096,68531,3667,72198,586
2022-01-19,Santa Clara,085,1922200,261684,244922,9021,253943,1991
2022-01-19,Santa Cruz,087,273765,35862,33026,1794,34820,237
2022-01-19,Shasta,089,179085,26837,25355,4913,30268,450
2022-01-19,Sierra,091,2930,261,245,32,277,0
2022-01-19,Siskiyou,093,43540,3958,3821,2070,5891,62
2022-01-19,Solano,095,438530,68820,63003,4334,67337,392
2022-01-19,Sonoma,097,501317,70507,64689,1898,66587,420
2022-01-19,Stanislaus,099,539301,103973,98952,13759,112711,1381
2022-01-19,Sutter,101,95872,18209,17436,1145,18581,199
2022-01-19,Tehama,103,63373,10605,10064,2227,12291,142
2022-01-19,Trinity,105,12862,1035,916,256,1172,19
2022-01-19,Tulare,107,460477,91161,83743,22667,106410,1200
2022-01-19,Tuolumne,109,53932,10463,9613,298,9911,91
2022-01-19,Ventura,111,848112,155959,144738,8463,153201,1234
2022-01-19,Yolo,113,214977,31927,29392,2513,31905,273
2022-01-19,Yuba,115,75493,13830,13114,786,13900,104
2022-01-18,Alameda,001,1643700,213318,195728,10327,206055,1566
2022-01-18,Alpine,003,1148,117,118,1,119,0
2022-01-18,Amador,005,37829,7169,6691,294,6985,73
2022-01-18,Butte,007,227075,28384,26514,5376,31890,347
2022-01-18,Calaveras,009,45235,6162,5684,168,5852,94
2022-01-18,Colusa,011,21464,3018,2903,915,3818,21
2022-01-18,Contra Costa,013,1133247,160633,149446,9280,158726,1085
2022-01-18,Del Norte,015,27424,4372,4229,99,4328,43
2022-01-18,El Dorado,017,186661,23596,21707,2662,24369,175
2022-01-18,Fresno,019,978130,191539,178922,18650,197572,2425
2022-01-18,Glenn,021,27897,4336,4070,1373,5443,39
2022-01-18,Humboldt,023,135768,14224,13218,1972,15190,125
2022-01-18,Imperial,025,180216,47593,44742,7798,52540,819
2022-01-18,Inyo,027,18085,3784,3654,193,3847,49
2022-01-18,Kern,029,883053,169420,158864,37569,196433,1943
2022-01-18,Kings,031,150075,42592,39440,2735,42175,392
2022-01-18,Lake,033,64148,8571,7919,572,8491,117
2022-01-18,Lassen,035,31185,7748,7461,664,8125,55
2022-01-18,Los Angeles,037,10098052,2410374,2227360,110024,2337384,27871
2022-01-18,Madera,039,155013,30996,28717,3708,32425,329
2022-01-18,Marin,041,260295,28958,27036,1728,28764,251
2022-01-18,Mariposa,043,17540,2026,1872,99,1971,6
2022-01-18,Mendocino,045,87422,11011,10114,1667,11781,103
2022-01-18,Merced,047,269075,54529,51746,4887,56633,718
2022-01-18,Modoc,049,8938,652,633,218,851,6
2022-01-18,Mono,051,14174,2778,2643,99,2742,4
2022-01-18,Monterey,053,433212,66545,57846,7716,65562,650
2022-01-18,Napa,055,140530,21452,19911,611,20522,109
2022-01-18,Nevada,057,99092,13718,12584,806,13390,111
2022-01-18,Orange,059,3164182,495322,461324,36225,497549,5938
2022-01-18,Placer,061,380077,54520,50983,6257,57240,508
2022-01-18,Plumas,063,18699,2480,2218,184,2402,12
2022-01-18,Riverside,065,2383286,530173,497278,24719,521997,5599
2022-01-18,Sacramento,067,1510023,242222,223745,18442,242187,2496
2022-01-18,San Benito,069,59416,11095,10520,373,10893,88
2022-01-18,San Bernardino,071,2135413,515866,483753,21905,505658,6258
2022-01-18,San Diego,073,3302833,651152,605137,43040,648177,4547
2022-01-18,San Francisco,075,870044,105397,96505,6724,103229,694
2022-01-18,San Joaquin,077,732212,144287,134365,8502,142867,1957
2022-01-18,San Luis Obispo,079,281455,44286,40848,2826,43674,381
2022-01-18,San Mateo,081,765935,103768,88225,4894,93119,585
2022-01-18,Santa Barbara,083,443738,71875,67216,3494,70710,581
2022-01-18,Santa Clara,085,1922200,257564,240281,8620,248901,1986
2022-01-18,Santa Cruz,087,273765,35212,32203,1759,33962,237
2022-01-18,Shasta,089,179085,26554,25162,4819,29981,448
2022-01-18,Sierra,091,2930,257,244,32,276,0
2022-01-18,Siskiyou,093,43540,3924,3799,2016,5815,62
2022-01-18,Solano,095,438530,67971,62204,4225,66429,391
2022-01-18,Sonoma,097,501317,69121,63714,1842,65556,419
2022-01-18,Stanislaus,099,539301,102758,98000,13397,111397,1379
2022-01-18,Sutter,101,95872,18018,17295,1073,18368,198
2022-01-18,Tehama,103,63373,10506,9975,2174,12149,142
2022-01-18,Trinity,105,12862,1022,907,255,1162,19
2022-01-18,Tulare,107,460477,89692,82667,22235,104902,1196
2022-01-18,Tuolumne,109,53932,10295,9528,286,9814,91
2022-01-18,Ventura,111,848112,154244,143384,8389,151773,1233
2022-01-18,Yolo,113,214977,31529,28786,2462,31248,270
2022-01-18,Yuba,115,75493,13669,12971,760,13731,101
2022-01-17,Alameda,001,1643700,208625,193276,9732,203008,1565
2022-01-17,Alpine,003,1148,116,118,0,118,0
2022-01-17,Amador,005,37829,7055,6640,236,6876,73
2022-01-17,Butte,007,227075,28007,26303,5271,31574,348
2022-01-17,Calaveras,009,45235,6030,5584,140,5724,94
2022-01-17,Colusa,011,21464,2995,2905,908,3813,21
2022-01-17,Contra Costa,013,1133247,157874,147993,8795,156788,1086
2022-01-17,Del Norte,015,27424,4321,4209,92,4301,43
2022-01-17,El Dorado,017,186661,23344,21540,2580,24120,175
2022-01-17,Fresno,019,978130,187828,176959,18140,195099,2426
2022-01-17,Glenn,021,27897,4283,4055,1359,5414,39
2022-01-17,Humboldt,023,135768,14018,13120,1805,14925,125
2022-01-17,Imperial,025,180216,46909,44412,7626,52038,821
2022-01-17,Inyo,027,18085,3762,3650,167,3817,49
2022-01-17,Kern,029,883053,166875,157645,36684,194329,1944
2022-01-17,Kings,031,150075,41461,39143,2613,41756,392
2022-01-17,Lake,033,64148,8422,7864,532,8396,117
2022-01-17,Lassen,035,31185,7646,7417,626,8043,55
2022-01-17,Los Angeles,037,10098052,2371171,2205740,108057,2313797,27832
2022-01-17,Madera,039,155013,30340,28568,3522,32090,329
2022-01-17,Marin,041,260295,28551,26633,1672,28305,251
2022-01-17,Mariposa,043,17540,2000,1862,93,1955,6
2022-01-17,Mendocino,045,87422,10787,10030,1525,11555,103
2022-01-17,Merced,047,269075,53850,51227,4324,55551,718
2022-01-17,Modoc,049,8938,648,630,218,848,6
2022-01-17,Mono,051,14174,2755,2642,98,2740,4
2022-01-17,Monterey,053,433212,65425,57318,7291,64609,647
2022-01-17,Napa,055,140530,21108,19647,588,20235,109
2022-01-17,Nevada,057,99092,13530,12414,768,13182,111
2022-01-17,Orange,059,3164182,489365,457418,35749,493167,5933
2022-01-17,Placer,061,380077,53785,50511,6111,56622,508
2022-01-17,Plumas,063,18699,2434,2205,152,2357,12
2022-01-17,Riverside,065,2383286,523359,491322,24261,515583,5600
2022-01-17,Sacramento,067,1510023,238139,221143,17061,238204,2497
2022-01-17,San Benito,069,59416,10928,10432,345,10777,88
2022-01-17,San Bernardino,071,2135413,509560,480243,21345,501588,6259
2022-01-17,San Diego,073,3302833,638947,569241,41840,611081,4545
2022-01-17,San Francisco,075,870044,103771,95292,6530,101822,694
2022-01-17,San Joaquin,077,732212,141447,133414,8312,141726,1958
2022-01-17,San Luis Obispo,079,281455,43456,40425,2724,43149,379
2022-01-17,San Mateo,081,765935,101800,87013,4636,91649,585
2022-01-17,Santa Barbara,083,443738,70552,66704,3293,69997,581
2022-01-17,Santa Clara,085,1922200,253072,237934,8177,246111,1985
2022-01-17,Santa Cruz,087,273765,34442,31714,1721,33435,237
2022-01-17,Shasta,089,179085,26264,25025,4697,29722,448
2022-01-17,Sierra,091,2930,256,242,32,274,0
2022-01-17,Siskiyou,093,43540,3885,3764,1936,5700,62
2022-01-17,Solano,095,438530,66933,61497,3963,65460,391
2022-01-17,Sonoma,097,501317,67612,62763,1778,64541,419
2022-01-17,Stanislaus,099,539301,101443,96951,12909,109860,1379
2022-01-17,Sutter,101,95872,17811,17159,934,18093,198
2022-01-17,Tehama,103,63373,10384,9912,2115,12027,142
2022-01-17,Trinity,105,12862,1009,906,251,1157,19
2022-01-17,Tulare,107,460477,87930,81741,21666,103407,1199
2022-01-17,Tuolumne,109,53932,10161,9416,252,9668,91
2022-01-17,Ventura,111,848112,152127,142070,8277,150347,1234
2022-01-17,Yolo,113,214977,30999,28638,2396,31034,270
2022-01-17,Yuba,115,75493,13471,12871,704,13575,101
2022-01-16,Alameda,001,1643700,205551,190691,9465,200156,1564
2022-01-16,Alpine,003,1148,116,118,0,118,0
2022-01-16,Amador,005,37829,6981,6618,228,6846,73
2022-01-16,Butte,007,227075,27666,26139,5222,31361,348
2022-01-16,Calaveras,009,45235,5929,5537,136,5673,94
2022-01-16,Colusa,011,21464,2978,2886,896,3782,21
2022-01-16,Contra Costa,013,1133247,155964,146307,8594,154901,1086
2022-01-16,Del Norte,015,27424,4278,4177,90,4267,43
2022-01-16,El Dorado,017,186661,23069,21303,2541,23844,175
2022-01-16,Fresno,019,978130,185115,174818,17782,192600,2425
2022-01-16,Glenn,021,27897,4228,4049,1337,5386,39
2022-01-16,Humboldt,023,135768,13871,13075,1786,14861,125
2022-01-16,Imperial,025,180216,46335,44035,7457,51492,821
2022-01-16,Inyo,027,18085,3725,3602,145,3747,49
2022-01-16,Kern,029,883053,165603,156655,35893,192548,1944
2022-01-16,Kings,031,150075,41089,38861,2584,41445,392
2022-01-16,Lake,033,64148,8318,7823,497,8320,117
2022-01-16,Lassen,035,31185,7603,7391,612,8003,55
2022-01-16,Los Angeles,037,10098052,2347961,2174403,106519,2280922,27805
2022-01-16,Madera,039,155013,29968,28313,3471,31784,329
2022-01-16,Marin,041,260295,28257,26292,1658,27950,251
2022-01-16,Mariposa,043,17540,1973,1851,88,1939,6
2022-01-16,Mendocino,045,87422,10641,9992,1408,11400,102
2022-01-16,Merced,047,269075,53260,50882,4299,55181,718
2022-01-16,Modoc,049,8938,645,629,218,847,6
2022-01-16,Mono,051,14174,2751,2614,96,2710,4
2022-01-16,Monterey,053,433212,64657,57012,7142,64154,647
2022-01-16,Napa,055,140530,20841,19521,577,20098,109
2022-01-16,Nevada,057,99092,13313,12307,749,13056,111
2022-01-16,Orange,059,3164182,483966,451962,35195,487157,5932
2022-01-16,Placer,061,380077,53070,50076,5998,56074,508
2022-01-16,Plumas,063,18699,2399,2204,142,2346,12
2022-01-16,Riverside,065,2383286,517856,485191,24034,509225,5600
2022-01-16,Sacramento,067,1510023,235180,218819,16320,235139,2491
2022-01-16,San Benito,069,59416,10770,10377,343,10720,88
2022-01-16,San Bernardino,071,2135413,505705,474425,21087,495512,6259
2022-01-16,San Diego,073,3302833,631352,569241,41402,610643,4545
2022-01-16,San Francisco,075,870044,102253,94139,6391,100530,694
2022-01-16,San Joaquin,077,732212,139665,132214,8168,140382,1958
2022-01-16,San Luis Obispo,079,281455,42799,40113,2684,42797,379
2022-01-16,San Mateo,081,765935,100274,85966,4541,90507,585
2022-01-16,Santa Barbara,083,443738,69525,66111,3253,69364,582
2022-01-16,Santa Clara,085,1922200,249409,234293,8023,242316,1984
2022-01-16,Santa Cruz,087,273765,33812,31469,1698,33167,237
2022-01-16,Shasta,089,179085,26018,24980,4629,29609,449
2022-01-16,Sierra,091,2930,252,238,31,269,0
2022-01-16,Siskiyou,093,43540,3858,3748,1896,5644,62
2022-01-16,Solano,095,438530,66259,60885,3831,64716,391
2022-01-16,Sonoma,097,501317,66537,61842,1759,63601,419
2022-01-16,Stanislaus,099,539301,100378,96370,12756,109126,1379
2022-01-16,Sutter,101,95872,17610,16996,911,17907,198
2022-01-16,Tehama,103,63373,10300,9868,2093,11961,142
2022-01-16,Trinity,105,12862,1004,889,249,1138,19
2022-01-16,Tulare,107,460477,86602,80867,21394,102261,1199
2022-01-16,Tuolumne,109,53932,10056,9369,243,9612,91
2022-01-16,Ventura,111,848112,150552,140715,8204,148919,1234
2022-01-16,Yolo,113,214977,30607,28481,2342,30823,270
2022-01-16,Yuba,115,75493,13295,12760,698,13458,101
2022-01-15,Alameda,001,1643700,204192,177768,9412,187180,1561
2022-01-15,Alpine,003,1148,116,117,0,117,0
2022-01-15,Amador,005,37829,6949,6434,214,6648,72
2022-01-15,Butte,007,227075,27512,25032,5173,30205,348
2022-01-15,Calaveras,009,45235,5897,5258,136,5394,93
2022-01-15,Colusa,011,21464,2965,2796,888,3684,21
2022-01-15,Contra Costa,013,1133247,154754,137643,8548,146191,1082
2022-01-15,Del Norte,015,27424,4264,4065,88,4153,43
2022-01-15,El Dorado,017,186661,22971,20434,2524,22958,175
2022-01-15,Fresno,019,978130,184185,167361,17695,185056,2415
2022-01-15,Glenn,021,27897,4221,3906,1330,5236,39
2022-01-15,Humboldt,023,135768,13768,12419,1770,14189,123
2022-01-15,Imperial,025,180216,46195,42508,7344,49852,817
2022-01-15,Inyo,027,18085,3715,3395,145,3540,49
2022-01-15,Kern,029,883053,164762,150085,35501,185586,1938
2022-01-15,Kings,031,150075,40840,37221,2572,39793,391
2022-01-15,Lake,033,64148,8279,7641,484,8125,117
2022-01-15,Lassen,035,31185,7562,7274,606,7880,55
2022-01-15,Los Angeles,037,10098052,2336416,2047927,105561,2153488,27641
2022-01-15,Madera,039,155013,29821,27294,3448,30742,329
2022-01-15,Marin,041,260295,28070,25248,1651,26899,251
2022-01-15,Mariposa,043,17540,1966,1762,88,1850,6
2022-01-15,Mendocino,045,87422,10568,9534,1402,10936,102
2022-01-15,Merced,047,269075,53094,48904,4288,53192,715
2022-01-15,Modoc,049,8938,643,628,218,846,6
2022-01-15,Mono,051,14174,2746,2508,95,2603,4
2022-01-15,Monterey,053,433212,64143,55315,7073,62388,647
2022-01-15,Napa,055,140530,20720,17648,572,18220,109
2022-01-15,Nevada,057,99092,13255,11773,735,12508,111
2022-01-15,Orange,059,3164182,481371,433141,34919,468060,5914
2022-01-15,Placer,061,380077,52784,47780,5964,53744,501
2022-01-15,Plumas,063,18699,2378,2158,136,2294,12
2022-01-15,Riverside,065,2383286,515172,466381,23899,490280,5578
2022-01-15,Sacramento,067,1510023,234023,208156,16216,224372,2491
2022-01-15,San Benito,069,59416,10671,9868,337,10205,87
2022-01-15,San Bernardino,071,2135413,503422,454395,20933,475328,6233
2022-01-15,San Diego,073,3302833,627557,559385,41146,600531,4540
2022-01-15,San Francisco,075,870044,101259,88004,6256,94260,692
2022-01-15,San Joaquin,077,732212,139103,125136,8068,133204,1954
2022-01-15,San Luis Obispo,079,281455,42610,38231,2671,40902,374
2022-01-15,San Mateo,081,765935,99318,80494,4500,84994,582
2022-01-15,Santa Barbara,083,443738,68926,62312,3242,65554,579
2022-01-15,Santa Clara,085,1922200,247206,218986,7899,226885,1974
2022-01-15,Santa Cruz,087,273765,33456,29414,1690,31104,235
2022-01-15,Shasta,089,179085,25929,24482,4597,29079,445
2022-01-15,Sierra,091,2930,251,232,30,262,0
2022-01-15,Siskiyou,093,43540,3846,3661,1885,5546,62
2022-01-15,Solano,095,438530,65980,58061,3780,61841,389
2022-01-15,Sonoma,097,501317,65953,58181,1753,59934,418
2022-01-15,Stanislaus,099,539301,99794,92986,12657,105643,1379
2022-01-15,Sutter,101,95872,17520,16345,901,17246,197
2022-01-15,Tehama,103,63373,10251,9572,2074,11646,141
2022-01-15,Trinity,105,12862,1001,872,249,1121,19
2022-01-15,Tulare,107,460477,86155,77769,21270,99039,1192
2022-01-15,Tuolumne,109,53932,9957,9042,238,9280,91
2022-01-15,Ventura,111,848112,149779,134736,8168,142904,1227
2022-01-15,Yolo,113,214977,30427,27311,2322,29633,270
2022-01-15,Yuba,115,75493,13233,12200,694,12894,101
2022-01-14,Alameda,001,1643700,202153,177768,9360,187128,1561
2022-01-14,Alpine,003,1148,116,117,0,117,0
2022-01-14,Amador,005,37829,6873,6434,205,6639,72
2022-01-14,Butte,007,227075,27331,25032,5144,30176,348
2022-01-14,Calaveras,009,45235,5860,5258,135,5393,93
2022-01-14,Colusa,011,21464,2956,2796,878,3674,21
2022-01-14,Contra Costa,013,1133247,153311,137643,8446,146089,1082
2022-01-14,Del Norte,015,27424,4239,4065,87,4152,43
2022-01-14,El Dorado,017,186661,22816,20434,2506,22940,175
2022-01-14,Fresno,019,978130,182532,167361,17619,184980,2415
2022-01-14,Glenn,021,27897,4199,3906,1321,5227,39
2022-01-14,Humboldt,023,135768,13663,12419,1737,14156,123
2022-01-14,Imperial,025,180216,46025,42508,7324,49832,817
2022-01-14,Inyo,027,18085,3690,3395,141,3536,49
2022-01-14,Kern,029,883053,163766,150085,35064,185149,1938
2022-01-14,Kings,031,150075,40590,37221,2563,39784,391
2022-01-14,Lake,033,64148,8222,7641,471,8112,117
2022-01-14,Lassen,035,31185,7532,7274,594,7868,55
2022-01-14,Los Angeles,037,10098052,2317085,2047927,104518,2152445,27641
2022-01-14,Madera,039,155013,29584,27294,3423,30717,329
2022-01-14,Marin,041,260295,27810,25248,1616,26864,251
2022-01-14,Mariposa,043,17540,1951,1762,88,1850,6
2022-01-14,Mendocino,045,87422,10457,9534,1389,10923,102
2022-01-14,Merced,047,269075,52910,48904,4272,53176,715
2022-01-14,Modoc,049,8938,642,628,218,846,6
2022-01-14,Mono,051,14174,2725,2508,93,2601,4
2022-01-14,Monterey,053,433212,63447,55315,6981,62296,647
2022-01-14,Napa,055,140530,20550,17648,566,18214,109
2022-01-14,Nevada,057,99092,13132,11773,722,12495,111
2022-01-14,Orange,059,3164182,477639,433141,34598,467739,5914
2022-01-14,Placer,061,380077,52349,47780,5878,53658,501
2022-01-14,Plumas,063,18699,2370,2158,129,2287,12
2022-01-14,Riverside,065,2383286,511646,466381,23755,490136,5578
2022-01-14,Sacramento,067,1510023,232079,208156,16059,224215,2491
2022-01-14,San Benito,069,59416,10619,9868,336,10204,87
2022-01-14,San Bernardino,071,2135413,500307,454395,20744,475139,6233
2022-01-14,San Diego,073,3302833,621907,559385,40841,600226,4540
2022-01-14,San Francisco,075,870044,100087,88004,6079,94083,692
2022-01-14,San Joaquin,077,732212,138259,125136,7986,133122,1954
2022-01-14,San Luis Obispo,079,281455,42444,38231,2648,40879,374
2022-01-14,San Mateo,081,765935,98092,80494,4471,84965,582
2022-01-14,Santa Barbara,083,443738,68409,62312,3232,65544,579
2022-01-14,Santa Clara,085,1922200,244631,218986,7792,226778,1974
2022-01-14,Santa Cruz,087,273765,33079,29414,1680,31094,235
2022-01-14,Shasta,089,179085,25814,24482,4563,29045,445
2022-01-14,Sierra,091,2930,249,232,28,260,0
2022-01-14,Siskiyou,093,43540,3835,3661,1872,5533,62
2022-01-14,Solano,095,438530,65137,58061,3690,61751,389
2022-01-14,Sonoma,097,501317,65419,58181,1726,59907,418
2022-01-14,Stanislaus,099,539301,99189,92986,12556,105542,1379
2022-01-14,Sutter,101,95872,17394,16345,892,17237,197
2022-01-14,Tehama,103,63373,10198,9572,2061,11633,141
2022-01-14,Trinity,105,12862,996,872,247,1119,19
2022-01-14,Tulare,107,460477,85624,77769,21095,98864,1192
2022-01-14,Tuolumne,109,53932,9833,9042,233,9275,91
2022-01-14,Ventura,111,848112,148674,134736,8110,142846,1227
2022-01-14,Yolo,113,214977,30184,27311,2293,29604,270
2022-01-14,Yuba,115,75493,13130,12200,689,12889,101
2022-01-13,Alameda,001,1643700,197847,177768,9006,186774,1561
2022-01-13,Alpine,003,1148,115,117,0,117,0
2022-01-13,Amador,005,37829,6813,6434,184,6618,72
2022-01-13,Butte,007,227075,27031,25032,5032,30064,348
2022-01-13,Calaveras,009,45235,5769,5258,131,5389,93
2022-01-13,Colusa,011,21464,2925,2796,868,3664,21
2022-01-13,Contra Costa,013,1133247,150785,137643,7989,145632,1082
2022-01-13,Del Norte,015,27424,4203,4065,86,4151,43
2022-01-13,El Dorado,017,186661,22569,20434,2460,22894,175
2022-01-13,Fresno,019,978130,179730,167361,17254,184615,2415
2022-01-13,Glenn,021,27897,4152,3906,1295,5201,39
2022-01-13,Humboldt,023,135768,13510,12419,1675,14094,123
2022-01-13,Imperial,025,180216,45480,42508,7101,49609,817
2022-01-13,Inyo,027,18085,3634,3395,124,3519,49
2022-01-13,Kern,029,883053,162175,150085,34467,184552,1938
2022-01-13,Kings,031,150075,40109,37221,2518,39739,391
2022-01-13,Lake,033,64148,8121,7641,450,8091,117
2022-01-13,Lassen,035,31185,7503,7274,578,7852,55
2022-01-13,Los Angeles,037,10098052,2280612,2047927,102728,2150655,27641
2022-01-13,Madera,039,155013,29123,27294,3329,30623,329
2022-01-13,Marin,041,260295,27464,25248,1572,26820,251
2022-01-13,Mariposa,043,17540,1928,1762,85,1847,6
2022-01-13,Mendocino,045,87422,10366,9534,1321,10855,102
2022-01-13,Merced,047,269075,52252,48904,4010,52914,715
2022-01-13,Modoc,049,8938,639,628,218,846,6
2022-01-13,Mono,051,14174,2702,2508,90,2598,4
2022-01-13,Monterey,053,433212,62509,55315,6693,62008,647
2022-01-13,Napa,055,140530,20253,17648,556,18204,109
2022-01-13,Nevada,057,99092,12944,11773,692,12465,111
2022-01-13,Orange,059,3164182,471191,433141,34142,467283,5914
2022-01-13,Placer,061,380077,51714,47780,5763,53543,501
2022-01-13,Plumas,063,18699,2350,2158,119,2277,12
2022-01-13,Riverside,065,2383286,505352,466381,23425,489806,5578
2022-01-13,Sacramento,067,1510023,228980,208156,15253,223409,2491
2022-01-13,San Benito,069,59416,10515,9868,328,10196,87
2022-01-13,San Bernardino,071,2135413,494622,454395,20267,474662,6233
2022-01-13,San Diego,073,3302833,613375,559385,39967,599352,4540
2022-01-13,San Francisco,075,870044,98350,88004,5881,93885,692
2022-01-13,San Joaquin,077,732212,136189,125136,7837,132973,1954
2022-01-13,San Luis Obispo,079,281455,41841,38231,2543,40774,374
2022-01-13,San Mateo,081,765935,96309,80494,4230,84724,582
2022-01-13,Santa Barbara,083,443738,67412,62312,3046,65358,579
2022-01-13,Santa Clara,085,1922200,240372,218986,7455,226441,1974
2022-01-13,Santa Cruz,087,273765,32265,29414,1658,31072,235
2022-01-13,Shasta,089,179085,25607,24482,4490,28972,445
2022-01-13,Sierra,091,2930,248,232,28,260,0
2022-01-13,Siskiyou,093,43540,3813,3661,1831,5492,62
2022-01-13,Solano,095,438530,64006,58061,3578,61639,389
2022-01-13,Sonoma,097,501317,64353,58181,1668,59849,418
2022-01-13,Stanislaus,099,539301,98073,92986,12274,105260,1379
2022-01-13,Sutter,101,95872,17198,16345,827,17172,197
2022-01-13,Tehama,103,63373,10100,9572,2012,11584,141
2022-01-13,Trinity,105,12862,988,872,247,1119,19
2022-01-13,Tulare,107,460477,84342,77769,20779,98548,1192
2022-01-13,Tuolumne,109,53932,9694,9042,215,9257,91
2022-01-13,Ventura,111,848112,146888,134736,8022,142758,1227
2022-01-13,Yolo,113,214977,29772,27311,2247,29558,270
2022-01-13,Yuba,115,75493,12994,12200,660,12860,101
2022-01-12,Alameda,001,1643700,193220,173001,8545,181546,1563
2022-01-12,Alpine,003,1148,115,117,0,117,0
2022-01-12,Amador,005,37829,6765,6354,170,6524,71
2022-01-12,Butte,007,227075,26705,24631,4944,29575,348
2022-01-12,Calaveras,009,45235,5690,5151,125,5276,93
2022-01-12,Colusa,011,21464,2885,2772,855,3627,21
2022-01-12,Contra Costa,013,1133247,148244,134579,7626,142205,1077
2022-01-12,Del Norte,015,27424,4176,4019,84,4103,43
2022-01-12,El Dorado,017,186661,22246,20092,2419,22511,175
2022-01-12,Fresno,019,978130,176995,165316,16833,182149,2413
2022-01-12,Glenn,021,27897,4099,3859,1273,5132,39
2022-01-12,Humboldt,023,135768,13338,12081,1593,13674,122
2022-01-12,Imperial,025,180216,44822,41985,6787,48772,814
2022-01-12,Inyo,027,18085,3588,3334,108,3442,49
2022-01-12,Kern,029,883053,160036,148435,33729,182164,1933
2022-01-12,Kings,031,150075,39474,36780,2476,39256,391
2022-01-12,Lake,033,64148,8005,7535,406,7941,117
2022-01-12,Lassen,035,31185,7460,7223,551,7774,55
2022-01-12,Los Angeles,037,10098052,2240907,2005065,100472,2105537,27601
2022-01-12,Madera,039,155013,28808,26952,3231,30183,329
2022-01-12,Marin,041,260295,26974,24704,1521,26225,251
2022-01-12,Mariposa,043,17540,1899,1725,83,1808,6
2022-01-12,Mendocino,045,87422,10201,9379,1221,10600,103
2022-01-12,Merced,047,269075,51550,48441,3734,52175,710
2022-01-12,Modoc,049,8938,637,627,218,845,6
2022-01-12,Mono,051,14174,2666,2466,86,2552,4
2022-01-12,Monterey,053,433212,61524,54524,6329,60853,647
2022-01-12,Napa,055,140530,19995,17347,533,17880,109
2022-01-12,Nevada,057,99092,12728,11552,644,12196,111
2022-01-12,Orange,059,3164182,464401,425737,33550,459287,5912
2022-01-12,Placer,061,380077,51058,47004,5650,52654,501
2022-01-12,Plumas,063,18699,2311,2135,108,2243,12
2022-01-12,Riverside,065,2383286,498142,458881,23079,481960,5565
2022-01-12,Sacramento,067,1510023,225389,204696,14354,219050,2479
2022-01-12,San Benito,069,59416,10384,9737,316,10053,87
2022-01-12,San Bernardino,071,2135413,488332,447869,19641,467510,6222
2022-01-12,San Diego,073,3302833,602868,551669,39109,590778,4529
2022-01-12,San Francisco,075,870044,96510,85700,5768,91468,691
2022-01-12,San Joaquin,077,732212,133906,122850,7709,130559,1948
2022-01-12,San Luis Obispo,079,281455,41110,37727,2460,40187,373
2022-01-12,San Mateo,081,765935,94275,78476,3852,82328,582
2022-01-12,Santa Barbara,083,443738,66268,60815,2941,63756,578
2022-01-12,Santa Clara,085,1922200,235880,213177,7072,220249,1971
2022-01-12,Santa Cruz,087,273765,31610,28463,1609,30072,235
2022-01-12,Shasta,089,179085,25390,24324,4424,28748,446
2022-01-12,Sierra,091,2930,247,228,28,256,0
2022-01-12,Siskiyou,093,43540,3786,3639,1784,5423,62
2022-01-12,Solano,095,438530,62959,57052,3456,60508,386
2022-01-12,Sonoma,097,501317,63065,56394,1584,57978,417
2022-01-12,Stanislaus,099,539301,96838,91738,11933,103671,1373
2022-01-12,Sutter,101,95872,17002,16135,794,16929,197
2022-01-12,Tehama,103,63373,10011,9475,1951,11426,141
2022-01-12,Trinity,105,12862,984,868,246,1114,19
2022-01-12,Tulare,107,460477,83206,76943,20368,97311,1192
2022-01-12,Tuolumne,109,53932,9563,8870,197,9067,91
2022-01-12,Ventura,111,848112,144977,132180,7943,140123,1220
2022-01-12,Yolo,113,214977,29361,26888,2171,29059,270
2022-01-12,Yuba,115,75493,12835,12015,633,12648,101
2022-01-11,Alameda,001,1643700,188702,169181,8143,177324,1561
2022-01-11,Alpine,003,1148,115,116,0,116,0
2022-01-11,Amador,005,37829,6681,6317,155,6472,71
2022-01-11,Butte,007,227075,26312,24479,4854,29333,347
2022-01-11,Calaveras,009,45235,5560,5083,111,5194,93
2022-01-11,Colusa,011,21464,2863,2766,841,3607,21
2022-01-11,Contra Costa,013,1133247,145273,132410,7141,139551,1077
2022-01-11,Del Norte,015,27424,4142,4006,82,4088,43
2022-01-11,El Dorado,017,186661,21898,19842,2346,22188,174
2022-01-11,Fresno,019,978130,173953,163509,16485,179994,2404
2022-01-11,Glenn,021,27897,4037,3844,1228,5072,39
2022-01-11,Humboldt,023,135768,13117,11960,1500,13460,122
2022-01-11,Imperial,025,180216,44217,41444,6580,48024,813
2022-01-11,Inyo,027,18085,3490,3278,101,3379,49
2022-01-11,Kern,029,883053,157750,146942,32896,179838,1929
2022-01-11,Kings,031,150075,38887,36524,2445,38969,389
2022-01-11,Lake,033,64148,7926,7494,390,7884,117
2022-01-11,Lassen,035,31185,7411,7210,537,7747,55
2022-01-11,Los Angeles,037,10098052,2198469,1966319,98241,2064560,27563
2022-01-11,Madera,039,155013,28394,26688,3151,29839,329
2022-01-11,Marin,041,260295,26618,24387,1476,25863,251
2022-01-11,Mariposa,043,17540,1877,1718,79,1797,6
2022-01-11,Mendocino,045,87422,10040,9301,1123,10424,102
2022-01-11,Merced,047,269075,50786,48068,3551,51619,708
2022-01-11,Modoc,049,8938,636,626,217,843,6
2022-01-11,Mono,051,14174,2623,2425,85,2510,4
2022-01-11,Monterey,053,433212,60480,53911,5977,59888,646
2022-01-11,Napa,055,140530,19554,17020,485,17505,109
2022-01-11,Nevada,057,99092,12502,11467,609,12076,110
2022-01-11,Orange,059,3164182,456726,417703,32914,450617,5909
2022-01-11,Placer,061,380077,50307,46459,5506,51965,500
2022-01-11,Plumas,063,18699,2276,2099,100,2199,12
2022-01-11,Riverside,065,2383286,490416,453766,22762,476528,5551
2022-01-11,Sacramento,067,1510023,221202,201058,13304,214362,2489
2022-01-11,San Benito,069,59416,10247,9624,303,9927,83
2022-01-11,San Bernardino,071,2135413,480653,442960,19032,461992,6198
2022-01-11,San Diego,073,3302833,590849,536954,38002,574956,4520
2022-01-11,San Francisco,075,870044,94306,83678,5608,89286,691
2022-01-11,San Joaquin,077,732212,131531,121139,7538,128677,1944
2022-01-11,San Luis Obispo,079,281455,40332,37183,2341,39524,372
2022-01-11,San Mateo,081,765935,91978,76756,3630,80386,582
2022-01-11,Santa Barbara,083,443738,64966,59758,2802,62560,578
2022-01-11,Santa Clara,085,1922200,230499,208425,6615,215040,1971
2022-01-11,Santa Cruz,087,273765,31102,27709,1558,29267,232
2022-01-11,Shasta,089,179085,25135,24132,4329,28461,446
2022-01-11,Sierra,091,2930,245,228,28,256,0
2022-01-11,Siskiyou,093,43540,3760,3621,1734,5355,62
2022-01-11,Solano,095,438530,61563,56349,3300,59649,388
2022-01-11,Sonoma,097,501317,61546,55411,1503,56914,416
2022-01-11,Stanislaus,099,539301,95474,90998,11568,102566,1372
2022-01-11,Sutter,101,95872,16801,15993,738,16731,197
2022-01-11,Tehama,103,63373,9880,9406,1903,11309,140
2022-01-11,Trinity,105,12862,972,858,244,1102,19
2022-01-11,Tulare,107,460477,81899,76267,19956,96223,1188
2022-01-11,Tuolumne,109,53932,9405,8811,190,9001,91
2022-01-11,Ventura,111,848112,142745,129548,7807,137355,1220
2022-01-11,Yolo,113,214977,28787,26482,2109,28591,270
2022-01-11,Yuba,115,75493,12661,11912,612,12524,101
2022-01-10,Alameda,001,1643700,183598,165657,7615,173272,1559
2022-01-10,Alpine,003,1148,115,116,0,116,0
2022-01-10,Amador,005,37829,6578,6279,139,6418,71
2022-01-10,Butte,007,227075,25970,24217,4764,28981,347
2022-01-10,Calaveras,009,45235,5461,5025,105,5130,93
2022-01-10,Colusa,011,21464,2835,2758,832,3590,21
2022-01-10,Contra Costa,013,1133247,142546,129951,6629,136580,1077
2022-01-10,Del Norte,015,27424,4119,3970,82,4052,43
2022-01-10,El Dorado,017,186661,21334,19606,2289,21895,172
2022-01-10,Fresno,019,978130,170908,161593,16086,177679,2404
2022-01-10,Glenn,021,27897,3978,3807,1214,5021,39
2022-01-10,Humboldt,023,135768,12873,11778,1367,13145,121
2022-01-10,Imperial,025,180216,43492,41080,6358,47438,811
2022-01-10,Inyo,027,18085,3435,3227,89,3316,49
2022-01-10,Kern,029,883053,155176,145744,32142,177886,1929
2022-01-10,Kings,031,150075,38264,36286,2408,38694,389
2022-01-10,Lake,033,64148,7837,7416,366,7782,117
2022-01-10,Lassen,035,31185,7374,7192,514,7706,55
2022-01-10,Los Angeles,037,10098052,2152950,1932475,95751,2028226,27546
2022-01-10,Madera,039,155013,27942,26501,3049,29550,328
2022-01-10,Marin,041,260295,26131,24023,1402,25425,251
2022-01-10,Mariposa,043,17540,1837,1684,73,1757,6
2022-01-10,Mendocino,045,87422,9867,9163,1035,10198,101
2022-01-10,Merced,047,269075,49976,47632,3270,50902,707
2022-01-10,Modoc,049,8938,635,622,215,837,6
2022-01-10,Mono,051,14174,2557,2415,80,2495,4
2022-01-10,Monterey,053,433212,59524,53485,5660,59145,645
2022-01-10,Napa,055,140530,19176,16775,470,17245,109
2022-01-10,Nevada,057,99092,12279,11300,571,11871,110
2022-01-10,Orange,059,3164182,448036,406170,32060,438230,5906
2022-01-10,Placer,061,380077,49456,45642,5344,50986,498
2022-01-10,Plumas,063,18699,2241,2086,98,2184,12
2022-01-10,Riverside,065,2383286,482162,445536,22308,467844,5546
2022-01-10,Sacramento,067,1510023,216690,198023,12232,210255,2474
2022-01-10,San Benito,069,59416,10075,9467,293,9760,83
2022-01-10,San Bernardino,071,2135413,472492,437207,18303,455510,6184
2022-01-10,San Diego,073,3302833,578139,530506,36864,567370,4500
2022-01-10,San Francisco,075,870044,92509,82209,5347,87556,690
2022-01-10,San Joaquin,077,732212,128861,119587,7252,126839,1927
2022-01-10,San Luis Obispo,079,281455,39517,36618,2243,38861,371
2022-01-10,San Mateo,081,765935,89333,75210,3372,78582,582
2022-01-10,Santa Barbara,083,443738,63706,58957,2612,61569,578
2022-01-10,Santa Clara,085,1922200,224720,203540,6129,209669,1971
2022-01-10,Santa Cruz,087,273765,30262,26906,1519,28425,232
2022-01-10,Shasta,089,179085,24936,23983,4251,28234,446
2022-01-10,Sierra,091,2930,242,223,28,251,0
2022-01-10,Siskiyou,093,43540,3727,3592,1690,5282,62
2022-01-10,Solano,095,438530,60525,55663,3091,58754,385
2022-01-10,Sonoma,097,501317,59997,54478,1456,55934,412
2022-01-10,Stanislaus,099,539301,94145,89997,11238,101235,1372
2022-01-10,Sutter,101,95872,16557,15823,691,16514,196
2022-01-10,Tehama,103,63373,9768,9360,1847,11207,140
2022-01-10,Trinity,105,12862,968,849,242,1091,19
2022-01-10,Tulare,107,460477,80397,75498,19541,95039,1186
2022-01-10,Tuolumne,109,53932,9279,8685,178,8863,91
2022-01-10,Ventura,111,848112,140140,126240,7663,133903,1217
2022-01-10,Yolo,113,214977,28190,26065,2055,28120,270
2022-01-10,Yuba,115,75493,12412,11776,577,12353,101
2022-01-09,Alameda,001,1643700,179107,162701,6937,169638,1561
2022-01-09,Alpine,003,1148,115,116,0,116,0
2022-01-09,Amador,005,37829,6491,6215,127,6342,71
2022-01-09,Butte,007,227075,25580,24018,4649,28667,347
2022-01-09,Calaveras,009,45235,5331,4976,96,5072,93
2022-01-09,Colusa,011,21464,2808,2750,809,3559,21
2022-01-09,Contra Costa,013,1133247,139689,128050,5976,134026,1077
2022-01-09,Del Norte,015,27424,4080,3950,78,4028,43
2022-01-09,El Dorado,017,186661,20973,19430,2223,21653,172
2022-01-09,Fresno,019,978130,168324,159989,15704,175693,2405
2022-01-09,Glenn,021,27897,3923,3797,1193,4990,39
2022-01-09,Humboldt,023,135768,12629,11582,1244,12826,121
2022-01-09,Imperial,025,180216,42652,40608,6089,46697,811
2022-01-09,Inyo,027,18085,3332,3149,80,3229,49
2022-01-09,Kern,029,883053,152717,144819,31393,176212,1927
2022-01-09,Kings,031,150075,37587,36041,2370,38411,389
2022-01-09,Lake,033,64148,7726,7393,321,7714,117
2022-01-09,Lassen,035,31185,7309,7172,485,7657,55
2022-01-09,Los Angeles,037,10098052,2104929,1887830,92744,1980574,27532
2022-01-09,Madera,039,155013,27561,26325,2948,29273,328
2022-01-09,Marin,041,260295,25681,23708,1311,25019,251
2022-01-09,Mariposa,043,17540,1787,1660,72,1732,6
2022-01-09,Mendocino,045,87422,9658,9097,923,10020,101
2022-01-09,Merced,047,269075,49107,47294,2998,50292,706
2022-01-09,Modoc,049,8938,633,619,215,834,6
2022-01-09,Mono,051,14174,2522,2390,73,2463,4
2022-01-09,Monterey,053,433212,58464,53251,5389,58640,645
2022-01-09,Napa,055,140530,18681,16614,454,17068,109
2022-01-09,Nevada,057,99092,12021,11152,510,11662,110
2022-01-09,Orange,059,3164182,438047,400563,31103,431666,5905
2022-01-09,Placer,061,380077,48475,45081,5193,50274,498
2022-01-09,Plumas,063,18699,2202,2081,78,2159,12
2022-01-09,Riverside,065,2383286,473188,440413,21760,462173,5546
2022-01-09,Sacramento,067,1510023,211888,195444,11082,206526,2475
2022-01-09,San Benito,069,59416,9889,9363,265,9628,83
2022-01-09,San Bernardino,071,2135413,464422,430257,17480,447737,6180
2022-01-09,San Diego,073,3302833,564982,478206,35009,513215,4500
2022-01-09,San Francisco,075,870044,90641,80463,5099,85562,690
2022-01-09,San Joaquin,077,732212,125782,118422,7085,125507,1927
2022-01-09,San Luis Obispo,079,281455,38709,36291,2135,38426,371
2022-01-09,San Mateo,081,765935,86822,73867,3041,76908,582
2022-01-09,Santa Barbara,083,443738,62019,58280,2349,60629,578
2022-01-09,Santa Clara,085,1922200,218668,199889,5583,205472,1976
2022-01-09,Santa Cruz,087,273765,29511,26513,1487,28000,232
2022-01-09,Shasta,089,179085,24702,23926,4163,28089,446
2022-01-09,Sierra,091,2930,239,223,26,249,0
2022-01-09,Siskiyou,093,43540,3698,3580,1629,5209,62
2022-01-09,Solano,095,438530,59369,54985,2804,57789,384
2022-01-09,Sonoma,097,501317,58321,53543,1418,54961,412
2022-01-09,Stanislaus,099,539301,92781,89248,10976,100224,1372
2022-01-09,Sutter,101,95872,16269,15695,610,16305,196
2022-01-09,Tehama,103,63373,9648,9306,1795,11101,140
2022-01-09,Trinity,105,12862,964,848,240,1088,19
2022-01-09,Tulare,107,460477,78976,75085,19147,94232,1186
2022-01-09,Tuolumne,109,53932,9123,8595,159,8754,91
2022-01-09,Ventura,111,848112,137083,124269,7430,131699,1217
2022-01-09,Yolo,113,214977,27581,25632,2009,27641,270
2022-01-09,Yuba,115,75493,12215,11666,546,12212,101
2022-01-08,Alameda,001,1643700,177219,148560,6791,155351,1558
2022-01-08,Alpine,003,1148,115,114,0,114,0
2022-01-08,Amador,005,37829,6458,6091,122,6213,71
2022-01-08,Butte,007,227075,25399,23429,4610,28039,347
2022-01-08,Calaveras,009,45235,5285,4823,92,4915,93
2022-01-08,Colusa,011,21464,2800,2713,806,3519,21
2022-01-08,Contra Costa,013,1133247,138184,119907,5896,125803,1077
2022-01-08,Del Norte,015,27424,4063,3902,78,3980,43
2022-01-08,El Dorado,017,186661,20792,18599,2189,20788,172
2022-01-08,Fresno,019,978130,167441,155394,15568,170962,2393
2022-01-08,Glenn,021,27897,3915,3732,1188,4920,39
2022-01-08,Humboldt,023,135768,12509,11149,1218,12367,121
2022-01-08,Imperial,025,180216,42466,39429,5944,45373,800
2022-01-08,Inyo,027,18085,3318,3020,77,3097,49
2022-01-08,Kern,029,883053,151581,140410,30959,171369,1921
2022-01-08,Kings,031,150075,37345,35275,2352,37627,390
2022-01-08,Lake,033,64148,7685,7209,313,7522,117
2022-01-08,Lassen,035,31185,7283,7127,469,7596,55
2022-01-08,Los Angeles,037,10098052,2086547,1765787,90994,1856781,27476
2022-01-08,Madera,039,155013,27393,25767,2911,28678,328
2022-01-08,Marin,041,260295,25396,22377,1300,23677,251
2022-01-08,Mariposa,043,17540,1777,1588,72,1660,6
2022-01-08,Mendocino,045,87422,9584,8792,921,9713,101
2022-01-08,Merced,047,269075,48935,46094,2978,49072,703
2022-01-08,Modoc,049,8938,633,610,215,825,6
2022-01-08,Mono,051,14174,2511,2240,68,2308,4
2022-01-08,Monterey,053,433212,58076,51721,5297,57018,644
2022-01-08,Napa,055,140530,18527,15819,428,16247,109
2022-01-08,Nevada,057,99092,11939,10765,497,11262,110
2022-01-08,Orange,059,3164182,434250,375124,30248,405372,5903
2022-01-08,Placer,061,380077,48034,43172,5151,48323,495
2022-01-08,Plumas,063,18699,2192,2053,73,2126,12
2022-01-08,Riverside,065,2383286,469671,422591,21486,444077,5535
2022-01-08,Sacramento,067,1510023,210457,185118,10917,196035,2470
2022-01-08,San Benito,069,59416,9726,9016,262,9278,83
2022-01-08,San Bernardino,071,2135413,461107,411724,17080,428804,6122
2022-01-08,San Diego,073,3302833,560084,472273,34465,506738,4495
2022-01-08,San Francisco,075,870044,89442,73660,4818,78478,690
2022-01-08,San Joaquin,077,732212,124817,112514,6984,119498,1916
2022-01-08,San Luis Obispo,079,281455,38508,34489,2092,36581,369
2022-01-08,San Mateo,081,765935,85440,67918,2954,70872,582
2022-01-08,Santa Barbara,083,443738,61324,54617,2315,56932,575
2022-01-08,Santa Clara,085,1922200,215635,183842,5375,189217,1966
2022-01-08,Santa Cruz,087,273765,29086,24678,1466,26144,230
2022-01-08,Shasta,089,179085,24614,23585,4131,27716,445
2022-01-08,Sierra,091,2930,235,215,25,240,0
2022-01-08,Siskiyou,093,43540,3686,3545,1615,5160,62
2022-01-08,Solano,095,438530,58961,52452,2735,55187,383
2022-01-08,Sonoma,097,501317,57799,50130,1384,51514,411
2022-01-08,Stanislaus,099,539301,92142,87049,10867,97916,1372
2022-01-08,Sutter,101,95872,16151,15261,597,15858,195
2022-01-08,Tehama,103,63373,9617,9109,1787,10896,140
2022-01-08,Trinity,105,12862,958,836,240,1076,19
2022-01-08,Tulare,107,460477,78583,73600,19010,92610,1185
2022-01-08,Tuolumne,109,53932,9016,8360,156,8516,91
2022-01-08,Ventura,111,848112,135915,117229,7298,124527,1216
2022-01-08,Yolo,113,214977,27287,24006,1980,25986,270
2022-01-08,Yuba,115,75493,12128,11277,543,11820,101
2022-01-07,Alameda,001,1643700,174535,148560,6680,155240,1558
2022-01-07,Alpine,003,1148,115,114,0,114,0
2022-01-07,Amador,005,37829,6409,6091,119,6210,71
2022-01-07,Butte,007,227075,25195,23429,4577,28006,347
2022-01-07,Calaveras,009,45235,5247,4823,92,4915,93
2022-01-07,Colusa,011,21464,2791,2713,795,3508,21
2022-01-07,Contra Costa,013,1133247,136318,119907,5774,125681,1077
2022-01-07,Del Norte,015,27424,4047,3902,77,3979,43
2022-01-07,El Dorado,017,186661,20630,18599,2175,20774,172
2022-01-07,Fresno,019,978130,166080,155394,15470,170864,2393
2022-01-07,Glenn,021,27897,3895,3732,1185,4917,39
2022-01-07,Humboldt,023,135768,12367,11149,1190,12339,121
2022-01-07,Imperial,025,180216,42307,39429,5859,45288,800
2022-01-07,Inyo,027,18085,3299,3020,75,3095,49
2022-01-07,Kern,029,883053,150611,140410,30514,170924,1921
2022-01-07,Kings,031,150075,37168,35275,2338,37613,390
2022-01-07,Lake,033,64148,7638,7209,287,7496,117
2022-01-07,Lassen,035,31185,7270,7127,466,7593,55
2022-01-07,Los Angeles,037,10098052,2055355,1765787,89524,1855311,27476
2022-01-07,Madera,039,155013,27212,25767,2876,28643,328
2022-01-07,Marin,041,260295,25016,22377,1282,23659,251
2022-01-07,Mariposa,043,17540,1761,1588,72,1660,6
2022-01-07,Mendocino,045,87422,9491,8792,920,9712,101
2022-01-07,Merced,047,269075,48770,46094,2954,49048,703
2022-01-07,Modoc,049,8938,632,610,215,825,6
2022-01-07,Mono,051,14174,2473,2240,62,2302,4
2022-01-07,Monterey,053,433212,57657,51721,5205,56926,644
2022-01-07,Napa,055,140530,18300,15819,407,16226,109
2022-01-07,Nevada,057,99092,11812,10765,476,11241,110
2022-01-07,Orange,059,3164182,429440,375124,29627,404751,5903
2022-01-07,Placer,061,380077,47530,43172,5102,48274,495
2022-01-07,Plumas,063,18699,2183,2053,72,2125,12
2022-01-07,Riverside,065,2383286,465844,422591,21256,443847,5535
2022-01-07,Sacramento,067,1510023,208177,185118,10757,195875,2470
2022-01-07,San Benito,069,59416,9681,9016,261,9277,83
2022-01-07,San Bernardino,071,2135413,457221,411724,16846,428570,6122
2022-01-07,San Diego,073,3302833,552955,472273,33918,506191,4495
2022-01-07,San Francisco,075,870044,88001,73660,4558,78218,690
2022-01-07,San Joaquin,077,732212,123869,112514,6922,119436,1916
2022-01-07,San Luis Obispo,079,281455,38293,34489,2037,36526,369
2022-01-07,San Mateo,081,765935,83974,67918,2895,70813,582
2022-01-07,Santa Barbara,083,443738,60625,54617,2293,56910,575
2022-01-07,Santa Clara,085,1922200,212390,183842,5265,189107,1966
2022-01-07,Santa Cruz,087,273765,28606,24678,1450,26128,230
2022-01-07,Shasta,089,179085,24520,23585,4097,27682,445
2022-01-07,Sierra,091,2930,232,215,25,240,0
2022-01-07,Siskiyou,093,43540,3676,3545,1603,5148,62
2022-01-07,Solano,095,438530,58280,52452,2690,55142,383
2022-01-07,Sonoma,097,501317,57197,50130,1296,51426,411
2022-01-07,Stanislaus,099,539301,91617,87049,10780,97829,1372
2022-01-07,Sutter,101,95872,16000,15261,584,15845,195
2022-01-07,Tehama,103,63373,9581,9109,1774,10883,140
2022-01-07,Trinity,105,12862,951,836,239,1075,19
2022-01-07,Tulare,107,460477,78149,73600,18863,92463,1185
2022-01-07,Tuolumne,109,53932,8928,8360,152,8512,91
2022-01-07,Ventura,111,848112,134290,117229,7169,124398,1216
2022-01-07,Yolo,113,214977,26913,24006,1961,25967,270
2022-01-07,Yuba,115,75493,12024,11277,538,11815,101
2022-01-06,Alameda,001,1643700,169175,148560,6270,154830,1558
2022-01-06,Alpine,003,1148,114,114,0,114,0
2022-01-06,Amador,005,37829,6357,6091,113,6204,71
2022-01-06,Butte,007,227075,24902,23429,4492,27921,347
2022-01-06,Calaveras,009,45235,5126,4823,90,4913,93
2022-01-06,Colusa,011,21464,2771,2713,786,3499,21
2022-01-06,Contra Costa,013,1133247,133451,119907,5359,125266,1077
2022-01-06,Del Norte,015,27424,4013,3902,75,3977,43
2022-01-06,El Dorado,017,186661,20297,18599,2135,20734,172
2022-01-06,Fresno,019,978130,163950,155394,15204,170598,2393
2022-01-06,Glenn,021,27897,3868,3732,1159,4891,39
2022-01-06,Humboldt,023,135768,12141,11149,1149,12298,121
2022-01-06,Imperial,025,180216,41722,39429,5655,45084,800
2022-01-06,Inyo,027,18085,3261,3020,75,3095,49
2022-01-06,Kern,029,883053,148941,140410,29837,170247,1921
2022-01-06,Kings,031,150075,36843,35275,2312,37587,390
2022-01-06,Lake,033,64148,7564,7209,275,7484,117
2022-01-06,Lassen,035,31185,7248,7127,460,7587,55
2022-01-06,Los Angeles,037,10098052,2001217,1765787,87150,1852937,27476
2022-01-06,Madera,039,155013,26906,25767,2819,28586,328
2022-01-06,Marin,041,260295,24616,22377,1249,23626,251
2022-01-06,Mariposa,043,17540,1742,1588,70,1658,6
2022-01-06,Mendocino,045,87422,9394,8792,879,9671,101
2022-01-06,Merced,047,269075,48220,46094,2814,48908,703
2022-01-06,Modoc,049,8938,631,610,215,825,6
2022-01-06,Mono,051,14174,2450,2240,59,2299,4
2022-01-06,Monterey,053,433212,56935,51721,4952,56673,644
2022-01-06,Napa,055,140530,17901,15819,398,16217,109
2022-01-06,Nevada,057,99092,11616,10765,464,11229,110
2022-01-06,Orange,059,3164182,419987,375124,28879,404003,5903
2022-01-06,Placer,061,380077,46784,43172,5014,48186,495
2022-01-06,Plumas,063,18699,2165,2053,64,2117,12
2022-01-06,Riverside,065,2383286,458370,422591,20961,443552,5535
2022-01-06,Sacramento,067,1510023,204116,185118,9994,195112,2470
2022-01-06,San Benito,069,59416,9581,9016,254,9270,83
2022-01-06,San Bernardino,071,2135413,449883,411724,16354,428078,6122
2022-01-06,San Diego,073,3302833,541309,472273,32914,505187,4495
2022-01-06,San Francisco,075,870044,85688,73660,4304,77964,690
2022-01-06,San Joaquin,077,732212,121708,112514,6837,119351,1916
2022-01-06,San Luis Obispo,079,281455,37593,34489,1966,36455,369
2022-01-06,San Mateo,081,765935,81557,67918,2714,70632,582
2022-01-06,Santa Barbara,083,443738,59456,54617,2231,56848,575
2022-01-06,Santa Clara,085,1922200,207493,183842,4874,188716,1966
2022-01-06,Santa Cruz,087,273765,28046,24678,1426,26104,230
2022-01-06,Shasta,089,179085,24375,23585,4047,27632,445
2022-01-06,Sierra,091,2930,229,215,25,240,0
2022-01-06,Siskiyou,093,43540,3660,3545,1557,5102,62
2022-01-06,Solano,095,438530,57267,52452,2505,54957,383
2022-01-06,Sonoma,097,501317,55807,50130,1263,51393,411
2022-01-06,Stanislaus,099,539301,90467,87049,10616,97665,1372
2022-01-06,Sutter,101,95872,15823,15261,555,15816,195
2022-01-06,Tehama,103,63373,9503,9109,1747,10856,140
2022-01-06,Trinity,105,12862,944,836,238,1074,19
2022-01-06,Tulare,107,460477,77442,73600,18690,92290,1185
2022-01-06,Tuolumne,109,53932,8819,8360,146,8506,91
2022-01-06,Ventura,111,848112,131596,117229,7012,124241,1216
2022-01-06,Yolo,113,214977,26357,24006,1917,25923,270
2022-01-06,Yuba,115,75493,11889,11277,521,11798,101
2022-01-05,Alameda,001,1643700,164012,144824,5845,150669,1548
2022-01-05,Alpine,003,1148,114,112,0,112,0
2022-01-05,Amador,005,37829,6313,6012,110,6122,70
2022-01-05,Butte,007,227075,24598,23134,4435,27569,343
2022-01-05,Calaveras,009,45235,5070,4758,88,4846,90
2022-01-05,Colusa,011,21464,2759,2704,775,3479,21
2022-01-05,Contra Costa,013,1133247,130444,117188,4910,122098,1071
2022-01-05,Del Norte,015,27424,3992,3862,73,3935,43
2022-01-05,El Dorado,017,186661,19912,18367,2105,20472,171
2022-01-05,Fresno,019,978130,161938,153033,14940,167973,2377
2022-01-05,Glenn,021,27897,3820,3700,1149,4849,39
2022-01-05,Humboldt,023,135768,11937,10938,1101,12039,120
2022-01-05,Imperial,025,180216,41093,38789,5499,44288,800
2022-01-05,Inyo,027,18085,3178,2939,71,3010,49
2022-01-05,Kern,029,883053,147162,138186,29260,167446,1913
2022-01-05,Kings,031,150075,36501,34893,2293,37186,387
2022-01-05,Lake,033,64148,7482,7129,259,7388,117
2022-01-05,Lassen,035,31185,7228,7077,452,7529,55
2022-01-05,Los Angeles,037,10098052,1944951,1729640,84752,1814392,27443
2022-01-05,Madera,039,155013,26667,25392,2727,28119,327
2022-01-05,Marin,041,260295,24271,21829,1196,23025,251
2022-01-05,Mariposa,043,17540,1716,1564,69,1633,6
2022-01-05,Mendocino,045,87422,9263,8625,844,9469,101
2022-01-05,Merced,047,269075,47642,45721,2682,48403,700
2022-01-05,Modoc,049,8938,628,603,215,818,6
2022-01-05,Mono,051,14174,2430,2201,55,2256,4
2022-01-05,Monterey,053,433212,56109,51241,4751,55992,639
2022-01-05,Napa,055,140530,17538,15494,366,15860,108
2022-01-05,Nevada,057,99092,11419,10624,447,11071,110
2022-01-05,Orange,059,3164182,409947,366139,27827,393966,5869
2022-01-05,Placer,061,380077,45900,42456,4918,47374,492
2022-01-05,Plumas,063,18699,2145,2020,62,2082,12
2022-01-05,Riverside,065,2383286,450911,415253,20605,435858,5502
2022-01-05,Sacramento,067,1510023,199336,181488,9007,190495,2455
2022-01-05,San Benito,069,59416,9388,8829,242,9071,83
2022-01-05,San Bernardino,071,2135413,441610,405323,15794,421117,6085
2022-01-05,San Diego,073,3302833,527714,466602,31934,498536,4495
2022-01-05,San Francisco,075,870044,83130,71405,4166,75571,686
2022-01-05,San Joaquin,077,732212,119178,110497,6757,117254,1903
2022-01-05,San Luis Obispo,079,281455,36796,34066,1889,35955,369
2022-01-05,San Mateo,081,765935,79394,66018,2515,68533,578
2022-01-05,Santa Barbara,083,443738,58151,53082,2151,55233,570
2022-01-05,Santa Clara,085,1922200,201735,178629,4456,183085,1961
2022-01-05,Santa Cruz,087,273765,27293,24394,1403,25797,229
2022-01-05,Shasta,089,179085,24218,23361,4018,27379,441
2022-01-05,Sierra,091,2930,226,210,23,233,0
2022-01-05,Siskiyou,093,43540,3650,3513,1528,5041,60
2022-01-05,Solano,095,438530,56221,51505,2369,53874,380
2022-01-05,Sonoma,097,501317,54543,49120,1101,50221,412
2022-01-05,Stanislaus,099,539301,89482,86248,10460,96708,1360
2022-01-05,Sutter,101,95872,15621,15117,515,15632,193
2022-01-05,Tehama,103,63373,9406,9011,1716,10727,140
2022-01-05,Trinity,105,12862,940,822,236,1058,19
2022-01-05,Tulare,107,460477,76664,72718,18514,91232,1173
2022-01-05,Tuolumne,109,53932,8726,8223,139,8362,90
2022-01-05,Ventura,111,848112,128842,114752,6805,121557,1211
2022-01-05,Yolo,113,214977,25746,23401,1874,25275,269
2022-01-05,Yuba,115,75493,11706,11138,495,11633,100
2022-01-04,Alameda,001,1643700,158445,143360,5437,148797,1532
2022-01-04,Alpine,003,1148,114,113,0,113,0
2022-01-04,Amador,005,37829,6246,6025,105,6130,71
2022-01-04,Butte,007,227075,24302,23094,4367,27461,346
2022-01-04,Calaveras,009,45235,4995,4767,85,4852,93
2022-01-04,Colusa,011,21464,2742,2689,768,3457,21
2022-01-04,Contra Costa,013,1133247,127387,116005,4550,120555,1075
2022-01-04,Del Norte,015,27424,3960,3882,70,3952,43
2022-01-04,El Dorado,017,186661,19552,18339,2083,20422,172
2022-01-04,Fresno,019,978130,159780,153244,14686,167930,2380
2022-01-04,Glenn,021,27897,3790,3705,1135,4840,39
2022-01-04,Humboldt,023,135768,11685,10865,1050,11915,120
2022-01-04,Imperial,025,180216,40491,38596,5236,43832,800
2022-01-04,Inyo,027,18085,3094,2870,70,2940,49
2022-01-04,Kern,029,883053,145232,138245,28673,166918,1916
2022-01-04,Kings,031,150075,36178,34931,2277,37208,388
2022-01-04,Lake,033,64148,7441,7152,249,7401,117
2022-01-04,Lassen,035,31185,7205,7111,448,7559,55
2022-01-04,Los Angeles,037,10098052,1884990,1705253,82400,1787653,27419
2022-01-04,Madera,039,155013,26324,25425,2659,28084,328
2022-01-04,Marin,041,260295,23788,21675,1136,22811,251
2022-01-04,Mariposa,043,17540,1680,1564,68,1632,6
2022-01-04,Mendocino,045,87422,9140,8636,820,9456,101
2022-01-04,Merced,047,269075,47031,45583,2553,48136,700
2022-01-04,Modoc,049,8938,625,611,215,826,6
2022-01-04,Mono,051,14174,2381,2190,45,2235,4
2022-01-04,Monterey,053,433212,55374,51176,4555,55731,643
2022-01-04,Napa,055,140530,17036,15370,336,15706,107
2022-01-04,Nevada,057,99092,11263,10608,435,11043,110
2022-01-04,Orange,059,3164182,399185,362051,26685,388736,5897
2022-01-04,Placer,061,380077,45066,42285,4800,47085,494
2022-01-04,Plumas,063,18699,2119,2014,60,2074,12
2022-01-04,Riverside,065,2383286,442383,413366,20253,433619,5504
2022-01-04,Sacramento,067,1510023,194366,181271,8250,189521,2453
2022-01-04,San Benito,069,59416,9200,8763,234,8997,79
2022-01-04,San Bernardino,071,2135413,432930,404409,15256,419665,6060
2022-01-04,San Diego,073,3302833,511316,458499,30973,489472,4487
2022-01-04,San Francisco,075,870044,80285,70666,4020,74686,688
2022-01-04,San Joaquin,077,732212,116766,110374,6603,116977,1911
2022-01-04,San Luis Obispo,079,281455,35987,33788,1801,35589,371
2022-01-04,San Mateo,081,765935,77080,65157,2325,67482,582
2022-01-04,Santa Barbara,083,443738,56627,52449,2073,54522,574
2022-01-04,Santa Clara,085,1922200,195770,176854,3988,180842,1964
2022-01-04,Santa Cruz,087,273765,26532,23904,1367,25271,228
2022-01-04,Shasta,089,179085,24074,23366,3964,27330,442
2022-01-04,Sierra,091,2930,225,214,22,236,0
2022-01-04,Siskiyou,093,43540,3634,3509,1509,5018,61
2022-01-04,Solano,095,438530,54919,51300,2172,53472,383
2022-01-04,Sonoma,097,501317,52834,48653,978,49631,410
2022-01-04,Stanislaus,099,539301,88423,86107,10302,96409,1361
2022-01-04,Sutter,101,95872,15468,15032,491,15523,193
2022-01-04,Tehama,103,63373,9329,9020,1693,10713,140
2022-01-04,Trinity,105,12862,935,833,232,1065,18
2022-01-04,Tulare,107,460477,75871,72893,18309,91202,1172
2022-01-04,Tuolumne,109,53932,8617,8235,134,8369,91
2022-01-04,Ventura,111,848112,125771,114079,6574,120653,1213
2022-01-04,Yolo,113,214977,25096,22938,1831,24769,270
2022-01-04,Yuba,115,75493,11526,11104,480,11584,101
2022-01-03,Alameda,001,1643700,152409,142090,5002,147092,1529
2022-01-03,Alpine,003,1148,113,113,0,113,0
2022-01-03,Amador,005,37829,6185,6004,100,6104,71
2022-01-03,Butte,007,227075,24010,22924,4315,27239,345
2022-01-03,Calaveras,009,45235,4936,4742,80,4822,93
2022-01-03,Colusa,011,21464,2733,2683,761,3444,21
2022-01-03,Contra Costa,013,1133247,124185,114966,3962,118928,1073
2022-01-03,Del Norte,015,27424,3940,3873,66,3939,43
2022-01-03,El Dorado,017,186661,19159,18183,2057,20240,172
2022-01-03,Fresno,019,978130,157798,152674,14485,167159,2379
2022-01-03,Glenn,021,27897,3761,3703,1100,4803,39
2022-01-03,Humboldt,023,135768,11475,10784,1002,11786,119
2022-01-03,Imperial,025,180216,39859,38411,5056,43467,800
2022-01-03,Inyo,027,18085,3025,2845,66,2911,49
2022-01-03,Kern,029,883053,143237,137773,28075,165848,1916
2022-01-03,Kings,031,150075,35857,34817,2248,37065,387
2022-01-03,Lake,033,64148,7339,7134,231,7365,117
2022-01-03,Lassen,035,31185,7187,7103,445,7548,55
2022-01-03,Los Angeles,037,10098052,1824211,1686203,79627,1765830,27394
2022-01-03,Madera,039,155013,26031,25323,2615,27938,320
2022-01-03,Marin,041,260295,23197,21532,1097,22629,251
2022-01-03,Mariposa,043,17540,1638,1559,68,1627,6
2022-01-03,Mendocino,045,87422,8992,8573,770,9343,101
2022-01-03,Merced,047,269075,46437,45459,2446,47905,696
2022-01-03,Modoc,049,8938,622,602,215,817,6
2022-01-03,Mono,051,14174,2302,2172,40,2212,4
2022-01-03,Monterey,053,433212,54546,51047,4350,55397,644
2022-01-03,Napa,055,140530,16528,15260,303,15563,107
2022-01-03,Nevada,057,99092,11096,10572,426,10998,110
2022-01-03,Orange,059,3164182,388013,358052,25489,383541,5894
2022-01-03,Placer,061,380077,44243,42054,4736,46790,489
2022-01-03,Plumas,063,18699,2099,2005,60,2065,12
2022-01-03,Riverside,065,2383286,433901,410155,19756,429911,5504
2022-01-03,Sacramento,067,1510023,189201,179992,7681,187673,2452
2022-01-03,San Benito,069,59416,9036,8688,227,8915,79
2022-01-03,San Bernardino,071,2135413,424477,401938,14794,416732,6056
2022-01-03,San Diego,073,3302833,495171,451154,30010,481164,4476
2022-01-03,San Francisco,075,870044,77488,69315,3771,73086,686
2022-01-03,San Joaquin,077,732212,114459,109757,6471,116228,1903
2022-01-03,San Luis Obispo,079,281455,35173,33667,1708,35375,367
2022-01-03,San Mateo,081,765935,74372,64470,2168,66638,582
2022-01-03,Santa Barbara,083,443738,55166,51912,1978,53890,571
2022-01-03,Santa Clara,085,1922200,189825,174215,3511,177726,1963
2022-01-03,Santa Cruz,087,273765,25721,23765,1334,25099,228
2022-01-03,Shasta,089,179085,23892,23301,3937,27238,440
2022-01-03,Sierra,091,2930,218,213,21,234,0
2022-01-03,Siskiyou,093,43540,3608,3500,1487,4987,61
2022-01-03,Solano,095,438530,53621,51030,1980,53010,380
2022-01-03,Sonoma,097,501317,51134,48391,880,49271,410
2022-01-03,Stanislaus,099,539301,87430,85793,10130,95923,1332
2022-01-03,Sutter,101,95872,15312,14973,470,15443,193
2022-01-03,Tehama,103,63373,9254,9005,1667,10672,140
2022-01-03,Trinity,105,12862,930,833,231,1064,18
2022-01-03,Tulare,107,460477,75171,72664,18086,90750,1167
2022-01-03,Tuolumne,109,53932,8479,8179,130,8309,91
2022-01-03,Ventura,111,848112,122597,112762,6342,119104,1211
2022-01-03,Yolo,113,214977,24414,22563,1768,24331,270
2022-01-03,Yuba,115,75493,11390,11037,461,11498,99
2022-01-02,Alameda,001,1643700,147996,133486,4519,138005,1528
2022-01-02,Alpine,003,1148,111,113,0,113,0
2022-01-02,Amador,005,37829,6119,5913,95,6008,70
2022-01-02,Butte,007,227075,23670,22469,4256,26725,341
2022-01-02,Calaveras,009,45235,4867,4668,72,4740,93
2022-01-02,Colusa,011,21464,2727,2659,750,3409,21
2022-01-02,Contra Costa,013,1133247,120619,109593,3522,113115,1073
2022-01-02,Del Norte,015,27424,3908,3841,64,3905,43
2022-01-02,El Dorado,017,186661,18823,17621,2005,19626,172
2022-01-02,Fresno,019,978130,156078,149927,14254,164181,2379
2022-01-02,Glenn,021,27897,3741,3663,1091,4754,39
2022-01-02,Humboldt,023,135768,11233,10381,924,11305,119
2022-01-02,Imperial,025,180216,39201,37672,4845,42517,800
2022-01-02,Inyo,027,18085,2955,2726,55,2781,49
2022-01-02,Kern,029,883053,141310,136123,27476,163599,1917
2022-01-02,Kings,031,150075,35534,34318,2213,36531,386
2022-01-02,Lake,033,64148,7268,7060,217,7277,117
2022-01-02,Lassen,035,31185,7171,7089,443,7532,55
2022-01-02,Los Angeles,037,10098052,1773079,1596123,76728,1672851,27371
2022-01-02,Madera,039,155013,25776,25002,2556,27558,320
2022-01-02,Marin,041,260295,22634,20475,1026,21501,249
2022-01-02,Mariposa,043,17540,1607,1509,66,1575,6
2022-01-02,Mendocino,045,87422,8868,8422,752,9174,101
2022-01-02,Merced,047,269075,45902,44769,2350,47119,694
2022-01-02,Modoc,049,8938,620,601,214,815,6
2022-01-02,Mono,051,14174,2274,2101,35,2136,4
2022-01-02,Monterey,053,433212,53922,50251,4139,54390,643
2022-01-02,Napa,055,140530,15986,14439,292,14731,107
2022-01-02,Nevada,057,99092,10910,10299,409,10708,110
2022-01-02,Orange,059,3164182,377004,339526,24338,363864,5890
2022-01-02,Placer,061,380077,43515,40857,4649,45506,489
2022-01-02,Plumas,063,18699,2084,1994,56,2050,12
2022-01-02,Riverside,065,2383286,425565,397124,19235,416359,5501
2022-01-02,Sacramento,067,1510023,185117,173562,6820,180382,2448
2022-01-02,San Benito,069,59416,8853,8320,212,8532,79
2022-01-02,San Bernardino,071,2135413,416780,386278,14238,400516,6051
2022-01-02,San Diego,073,3302833,480099,427087,28827,455914,4469
2022-01-02,San Francisco,075,870044,74552,64498,3531,68029,682
2022-01-02,San Joaquin,077,732212,112588,106640,6324,112964,1902
2022-01-02,San Luis Obispo,079,281455,34440,32342,1625,33967,365
2022-01-02,San Mateo,081,765935,71801,60504,1926,62430,581
2022-01-02,Santa Barbara,083,443738,53730,49555,1915,51470,568
2022-01-02,Santa Clara,085,1922200,183685,164547,3110,167657,1969
2022-01-02,Santa Cruz,087,273765,25049,22980,1301,24281,228
2022-01-02,Shasta,089,179085,23704,23161,3888,27049,435
2022-01-02,Sierra,091,2930,217,206,21,227,0
2022-01-02,Siskiyou,093,43540,3583,3474,1464,4938,61
2022-01-02,Solano,095,438530,52680,48957,1815,50772,379
2022-01-02,Sonoma,097,501317,49813,46040,843,46883,410
2022-01-02,Stanislaus,099,539301,86580,84367,10012,94379,1332
2022-01-02,Sutter,101,95872,15139,14741,451,15192,193
2022-01-02,Tehama,103,63373,9189,8944,1644,10588,139
2022-01-02,Trinity,105,12862,928,832,230,1062,17
2022-01-02,Tulare,107,460477,74511,71941,17891,89832,1160
2022-01-02,Tuolumne,109,53932,8373,8044,125,8169,91
2022-01-02,Ventura,111,848112,119674,107992,6123,114115,1211
2022-01-02,Yolo,113,214977,23739,21747,1698,23445,270
2022-01-02,Yuba,115,75493,11268,10844,444,11288,99
2022-01-01,Alameda,001,1643700,146202,133486,4267,137753,1528
2022-01-01,Alpine,003,1148,111,113,0,113,0
2022-01-01,Amador,005,37829,6084,5913,90,6003,70
2022-01-01,Butte,007,227075,23473,22469,4225,26694,341
2022-01-01,Calaveras,009,45235,4831,4668,70,4738,93
2022-01-01,Colusa,011,21464,2723,2659,739,3398,21
2022-01-01,Contra Costa,013,1133247,119254,109593,3394,112987,1073
2022-01-01,Del Norte,015,27424,3902,3841,64,3905,43
2022-01-01,El Dorado,017,186661,18676,17621,1990,19611,172
2022-01-01,Fresno,019,978130,155413,149927,14175,164102,2379
2022-01-01,Glenn,021,27897,3734,3663,1091,4754,39
2022-01-01,Humboldt,023,135768,11096,10381,903,11284,119
2022-01-01,Imperial,025,180216,39054,37672,4797,42469,800
2022-01-01,Inyo,027,18085,2926,2726,53,2779,49
2022-01-01,Kern,029,883053,140618,136123,27166,163289,1917
2022-01-01,Kings,031,150075,35394,34318,2186,36504,386
2022-01-01,Lake,033,64148,7229,7060,212,7272,117
2022-01-01,Lassen,035,31185,7165,7089,438,7527,55
2022-01-01,Los Angeles,037,10098052,1752980,1596123,74759,1670882,27371
2022-01-01,Madera,039,155013,25692,25002,2542,27544,320
2022-01-01,Marin,041,260295,22321,20475,985,21460,249
2022-01-01,Mariposa,043,17540,1596,1509,66,1575,6
2022-01-01,Mendocino,045,87422,8776,8422,746,9168,101
2022-01-01,Merced,047,269075,45769,44769,2340,47109,694
2022-01-01,Modoc,049,8938,617,601,214,815,6
2022-01-01,Mono,051,14174,2250,2101,30,2131,4
2022-01-01,Monterey,053,433212,53613,50251,4054,54305,643
2022-01-01,Napa,055,140530,15835,14439,277,14716,107
2022-01-01,Nevada,057,99092,10836,10299,402,10701,110
2022-01-01,Orange,059,3164182,372786,339526,23626,363152,5890
2022-01-01,Placer,061,380077,43217,40857,4584,45441,489
2022-01-01,Plumas,063,18699,2072,1994,56,2050,12
2022-01-01,Riverside,065,2383286,422075,397124,19031,416155,5501
2022-01-01,Sacramento,067,1510023,183842,173562,6552,180114,2448
2022-01-01,San Benito,069,59416,8763,8320,212,8532,79
2022-01-01,San Bernardino,071,2135413,413654,386278,13948,400226,6051
2022-01-01,San Diego,073,3302833,474165,427087,28310,455397,4469
2022-01-01,San Francisco,075,870044,73156,64498,3319,67817,682
2022-01-01,San Joaquin,077,732212,111890,106640,6251,112891,1902
2022-01-01,San Luis Obispo,079,281455,34239,32342,1615,33957,365
2022-01-01,San Mateo,081,765935,70336,60504,1775,62279,581
2022-01-01,Santa Barbara,083,443738,52993,49555,1879,51434,568
2022-01-01,Santa Clara,085,1922200,180654,164547,2912,167459,1969
2022-01-01,Santa Cruz,087,273765,24729,22980,1283,24263,228
2022-01-01,Shasta,089,179085,23623,23161,3870,27031,435
2022-01-01,Sierra,091,2930,216,206,21,227,0
2022-01-01,Siskiyou,093,43540,3580,3474,1454,4928,61
2022-01-01,Solano,095,438530,52414,48957,1757,50714,379
2022-01-01,Sonoma,097,501317,49420,46040,811,46851,410
2022-01-01,Stanislaus,099,539301,86175,84367,9946,94313,1332
2022-01-01,Sutter,101,95872,15063,14741,449,15190,193
2022-01-01,Tehama,103,63373,9157,8944,1632,10576,139
2022-01-01,Trinity,105,12862,925,832,230,1062,17
2022-01-01,Tulare,107,460477,74267,71941,17785,89726,1160
2022-01-01,Tuolumne,109,53932,8314,8044,122,8166,91
2022-01-01,Ventura,111,848112,118288,107992,5993,113985,1211
2022-01-01,Yolo,113,214977,23320,21747,1660,23407,270
2022-01-01,Yuba,115,75493,11203,10844,438,11282,99
2021-12-31,Alameda,001,1643700,145472,133486,4172,137658,1528
2021-12-31,Alpine,003,1148,111,113,0,113,0
2021-12-31,Amador,005,37829,6061,5913,89,6002,70
2021-12-31,Butte,007,227075,23368,22469,4194,26663,341
2021-12-31,Calaveras,009,45235,4800,4668,70,4738,93
2021-12-31,Colusa,011,21464,2714,2659,733,3392,21
2021-12-31,Contra Costa,013,1133247,118373,109593,3315,112908,1073
2021-12-31,Del Norte,015,27424,3893,3841,62,3903,43
2021-12-31,El Dorado,017,186661,18597,17621,1972,19593,172
2021-12-31,Fresno,019,978130,155109,149927,14153,164080,2379
2021-12-31,Glenn,021,27897,3733,3663,1089,4752,39
2021-12-31,Humboldt,023,135768,11010,10381,884,11265,119
2021-12-31,Imperial,025,180216,38925,37672,4781,42453,800
2021-12-31,Inyo,027,18085,2900,2726,53,2779,49
2021-12-31,Kern,029,883053,140113,136123,27028,163151,1917
2021-12-31,Kings,031,150075,35284,34318,2176,36494,386
2021-12-31,Lake,033,64148,7206,7060,207,7267,117
2021-12-31,Lassen,035,31185,7152,7089,438,7527,55
2021-12-31,Los Angeles,037,10098052,1742214,1596123,74001,1670124,27371
2021-12-31,Madera,039,155013,25625,25002,2525,27527,320
2021-12-31,Marin,041,260295,22166,20475,954,21429,249
2021-12-31,Mariposa,043,17540,1589,1509,65,1574,6
2021-12-31,Mendocino,045,87422,8743,8422,743,9165,101
2021-12-31,Merced,047,269075,45685,44769,2323,47092,694
2021-12-31,Modoc,049,8938,613,601,212,813,6
2021-12-31,Mono,051,14174,2237,2101,29,2130,4
2021-12-31,Monterey,053,433212,53487,50251,3988,54239,643
2021-12-31,Napa,055,140530,15723,14439,267,14706,107
2021-12-31,Nevada,057,99092,10769,10299,396,10695,110
2021-12-31,Orange,059,3164182,370277,339526,23202,362728,5890
2021-12-31,Placer,061,380077,42980,40857,4518,45375,489
2021-12-31,Plumas,063,18699,2067,1994,56,2050,12
2021-12-31,Riverside,065,2383286,420392,397124,18873,415997,5501
2021-12-31,Sacramento,067,1510023,182979,173562,6446,180008,2448
2021-12-31,San Benito,069,59416,8749,8320,211,8531,79
2021-12-31,San Bernardino,071,2135413,411461,386278,13756,400034,6051
2021-12-31,San Diego,073,3302833,470959,427087,27994,455081,4469
2021-12-31,San Francisco,075,870044,72235,64498,3263,67761,682
2021-12-31,San Joaquin,077,732212,111270,106640,6185,112825,1902
2021-12-31,San Luis Obispo,079,281455,34131,32342,1602,33944,365
2021-12-31,San Mateo,081,765935,69462,60504,1721,62225,581
2021-12-31,Santa Barbara,083,443738,52598,49555,1865,51420,568
2021-12-31,Santa Clara,085,1922200,178711,164547,2770,167317,1969
2021-12-31,Santa Cruz,087,273765,24494,22980,1261,24241,228
2021-12-31,Shasta,089,179085,23559,23161,3849,27010,435
2021-12-31,Sierra,091,2930,216,206,21,227,0
2021-12-31,Siskiyou,093,43540,3573,3474,1443,4917,61
2021-12-31,Solano,095,438530,52255,48957,1731,50688,379
2021-12-31,Sonoma,097,501317,49171,46040,798,46838,410
2021-12-31,Stanislaus,099,539301,85849,84367,9902,94269,1332
2021-12-31,Sutter,101,95872,15002,14741,443,15184,193
2021-12-31,Tehama,103,63373,9125,8944,1623,10567,139
2021-12-31,Trinity,105,12862,924,832,230,1062,17
2021-12-31,Tulare,107,460477,74066,71941,17697,89638,1160
2021-12-31,Tuolumne,109,53932,8270,8044,121,8165,91
2021-12-31,Ventura,111,848112,117315,107992,5911,113903,1211
2021-12-31,Yolo,113,214977,23099,21747,1637,23384,270
2021-12-31,Yuba,115,75493,11146,10844,432,11276,99
2021-12-30,Alameda,001,1643700,144223,133486,4042,137528,1528
2021-12-30,Alpine,003,1148,110,113,0,113,0
2021-12-30,Amador,005,37829,6042,5913,88,6001,70
2021-12-30,Butte,007,227075,23243,22469,4172,26641,341
2021-12-30,Calaveras,009,45235,4781,4668,70,4738,93
2021-12-30,Colusa,011,21464,2713,2659,731,3390,21
2021-12-30,Contra Costa,013,1133247,117281,109593,3204,112797,1073
2021-12-30,Del Norte,015,27424,3882,3841,61,3902,43
2021-12-30,El Dorado,017,186661,18492,17621,1951,19572,172
2021-12-30,Fresno,019,978130,154580,149927,14079,164006,2379
2021-12-30,Glenn,021,27897,3728,3663,1086,4749,39
2021-12-30,Humboldt,023,135768,10941,10381,872,11253,119
2021-12-30,Imperial,025,180216,38757,37672,4667,42339,800
2021-12-30,Inyo,027,18085,2882,2726,51,2777,49
2021-12-30,Kern,029,883053,139581,136123,26726,162849,1917
2021-12-30,Kings,031,150075,35165,34318,2161,36479,386
2021-12-30,Lake,033,64148,7192,7060,202,7262,117
2021-12-30,Lassen,035,31185,7146,7089,438,7527,55
2021-12-30,Los Angeles,037,10098052,1718918,1596123,72738,1668861,27371
2021-12-30,Madera,039,155013,25543,25002,2505,27507,320
2021-12-30,Marin,041,260295,21988,20475,930,21405,249
2021-12-30,Mariposa,043,17540,1583,1509,65,1574,6
2021-12-30,Mendocino,045,87422,8726,8422,732,9154,101
2021-12-30,Merced,047,269075,45583,44769,2309,47078,694
2021-12-30,Modoc,049,8938,612,601,212,813,6
2021-12-30,Mono,051,14174,2233,2101,28,2129,4
2021-12-30,Monterey,053,433212,53176,50251,3927,54178,643
2021-12-30,Napa,055,140530,15579,14439,258,14697,107
2021-12-30,Nevada,057,99092,10705,10299,387,10686,110
2021-12-30,Orange,059,3164182,365192,339526,22644,362170,5890
2021-12-30,Placer,061,380077,42703,40857,4470,45327,489
2021-12-30,Plumas,063,18699,2063,1994,55,2049,12
2021-12-30,Riverside,065,2383286,417121,397124,18717,415841,5501
2021-12-30,Sacramento,067,1510023,181717,173562,6298,179860,2448
2021-12-30,San Benito,069,59416,8704,8320,207,8527,79
2021-12-30,San Bernardino,071,2135413,408952,386278,13606,399884,6051
2021-12-30,San Diego,073,3302833,465801,427087,27487,454574,4469
2021-12-30,San Francisco,075,870044,71147,64498,3190,67688,682
2021-12-30,San Joaquin,077,732212,110677,106640,6142,112782,1902
2021-12-30,San Luis Obispo,079,281455,34011,32342,1588,33930,365
2021-12-30,San Mateo,081,765935,68416,60504,1589,62093,581
2021-12-30,Santa Barbara,083,443738,52118,49555,1845,51400,568
2021-12-30,Santa Clara,085,1922200,176434,164547,2646,167193,1969
2021-12-30,Santa Cruz,087,273765,24255,22980,1226,24206,228
2021-12-30,Shasta,089,179085,23508,23161,3843,27004,435
2021-12-30,Sierra,091,2930,216,206,21,227,0
2021-12-30,Siskiyou,093,43540,3564,3474,1441,4915,61
2021-12-30,Solano,095,438530,51906,48957,1684,50641,379
2021-12-30,Sonoma,097,501317,48836,46040,788,46828,410
2021-12-30,Stanislaus,099,539301,85534,84367,9853,94220,1332
2021-12-30,Sutter,101,95872,14940,14741,442,15183,193
2021-12-30,Tehama,103,63373,9097,8944,1617,10561,139
2021-12-30,Trinity,105,12862,921,832,230,1062,17
2021-12-30,Tulare,107,460477,73887,71941,17615,89556,1160
2021-12-30,Tuolumne,109,53932,8231,8044,120,8164,91
2021-12-30,Ventura,111,848112,116058,107992,5809,113801,1211
2021-12-30,Yolo,113,214977,22961,21747,1612,23359,270
2021-12-30,Yuba,115,75493,11099,10844,430,11274,99
2021-12-29,Alameda,001,1643700,141076,131586,3887,135473,1529
2021-12-29,Alpine,003,1148,110,113,0,113,0
2021-12-29,Amador,005,37829,6019,5905,85,5990,70
2021-12-29,Butte,007,227075,23099,22353,4135,26488,338
2021-12-29,Calaveras,009,45235,4753,4646,68,4714,93
2021-12-29,Colusa,011,21464,2703,2657,726,3383,21
2021-12-29,Contra Costa,013,1133247,115187,108165,3078,111243,1072
2021-12-29,Del Norte,015,27424,3868,3826,59,3885,43
2021-12-29,El Dorado,017,186661,18267,17489,1933,19422,172
2021-12-29,Fresno,019,978130,153449,149318,13964,163282,2364
2021-12-29,Glenn,021,27897,3718,3653,1084,4737,39
2021-12-29,Humboldt,023,135768,10833,10249,850,11099,119
2021-12-29,Imperial,025,180216,38522,37460,4598,42058,800
2021-12-29,Inyo,027,18085,2850,2703,51,2754,49
2021-12-29,Kern,029,883053,138779,135648,26337,161985,1913
2021-12-29,Kings,031,150075,35050,34216,2155,36371,386
2021-12-29,Lake,033,64148,7161,7048,200,7248,117
2021-12-29,Lassen,035,31185,7142,7085,437,7522,55
2021-12-29,Los Angeles,037,10098052,1688954,1576414,71011,1647425,27349
2021-12-29,Madera,039,155013,25439,24923,2494,27417,320
2021-12-29,Marin,041,260295,21632,20025,909,20934,249
2021-12-29,Mariposa,043,17540,1561,1507,65,1572,6
2021-12-29,Mendocino,045,87422,8667,8386,728,9114,99
2021-12-29,Merced,047,269075,45367,44548,2295,46843,693
2021-12-29,Modoc,049,8938,609,600,212,812,6
2021-12-29,Mono,051,14174,2209,2056,27,2083,4
2021-12-29,Monterey,053,433212,52764,50097,3822,53919,641
2021-12-29,Napa,055,140530,15254,14247,239,14486,107
2021-12-29,Nevada,057,99092,10614,10274,386,10660,110
2021-12-29,Orange,059,3164182,357668,334557,21966,356523,5887
2021-12-29,Placer,061,380077,42217,40545,4395,44940,489
2021-12-29,Plumas,063,18699,2051,1990,55,2045,12
2021-12-29,Riverside,065,2383286,411700,392989,18506,411495,5486
2021-12-29,Sacramento,067,1510023,179374,172145,6132,178277,2437
2021-12-29,San Benito,069,59416,8560,8239,206,8445,79
2021-12-29,San Bernardino,071,2135413,403639,382872,13393,396265,6049
2021-12-29,San Diego,073,3302833,454918,421045,26772,447817,4461
2021-12-29,San Francisco,075,870044,69449,63117,3118,66235,684
2021-12-29,San Joaquin,077,732212,109497,106063,6070,112133,1891
2021-12-29,San Luis Obispo,079,281455,33617,31936,1539,33475,365
2021-12-29,San Mateo,081,765935,66802,59478,1479,60957,581
2021-12-29,Santa Barbara,083,443738,51278,49003,1820,50823,568
2021-12-29,Santa Clara,085,1922200,173290,162008,2513,164521,1962
2021-12-29,Santa Cruz,087,273765,23977,22669,1194,23863,228
2021-12-29,Shasta,089,179085,23432,23083,3831,26914,435
2021-12-29,Sierra,091,2930,215,206,21,227,0
2021-12-29,Siskiyou,093,43540,3552,3472,1430,4902,61
2021-12-29,Solano,095,438530,51201,48562,1628,50190,379
2021-12-29,Sonoma,097,501317,48037,45479,764,46243,410
2021-12-29,Stanislaus,099,539301,85052,84083,9799,93882,1332
2021-12-29,Sutter,101,95872,14872,14688,440,15128,193
2021-12-29,Tehama,103,63373,9073,8914,1604,10518,138
2021-12-29,Trinity,105,12862,919,832,230,1062,17
2021-12-29,Tulare,107,460477,73595,71752,17498,89250,1160
2021-12-29,Tuolumne,109,53932,8178,8012,119,8131,91
2021-12-29,Ventura,111,848112,114117,106974,5629,112603,1207
2021-12-29,Yolo,113,214977,22722,21564,1581,23145,270
2021-12-29,Yuba,115,75493,11038,10808,426,11234,99
2021-12-28,Alameda,001,1643700,137998,130427,3727,134154,1522
2021-12-28,Alpine,003,1148,110,113,0,113,0
2021-12-28,Amador,005,37829,5999,5900,84,5984,70
2021-12-28,Butte,007,227075,22957,22285,4118,26403,338
2021-12-28,Calaveras,009,45235,4736,4641,67,4708,91
2021-12-28,Colusa,011,21464,2697,2653,724,3377,21
2021-12-28,Contra Costa,013,1133247,112885,107160,2960,110120,1072
2021-12-28,Del Norte,015,27424,3862,3815,59,3874,43
2021-12-28,El Dorado,017,186661,18042,17419,1922,19341,172
2021-12-28,Fresno,019,978130,152366,148987,13880,162867,2365
2021-12-28,Glenn,021,27897,3692,3639,1080,4719,39
2021-12-28,Humboldt,023,135768,10712,10198,826,11024,119
2021-12-28,Imperial,025,180216,38225,37223,4494,41717,800
2021-12-28,Inyo,027,18085,2792,2676,50,2726,48
2021-12-28,Kern,029,883053,138060,135346,25982,161328,1909
2021-12-28,Kings,031,150075,34913,34165,2140,36305,386
2021-12-28,Lake,033,64148,7142,7044,194,7238,116
2021-12-28,Lassen,035,31185,7134,7083,437,7520,55
2021-12-28,Los Angeles,037,10098052,1656727,1561791,69345,1631136,27323
2021-12-28,Madera,039,155013,25314,24865,2474,27339,320
2021-12-28,Marin,041,260295,21219,19739,879,20618,249
2021-12-28,Mariposa,043,17540,1550,1499,64,1563,6
2021-12-28,Mendocino,045,87422,8607,8366,720,9086,98
2021-12-28,Merced,047,269075,45128,44434,2285,46719,691
2021-12-28,Modoc,049,8938,609,599,211,810,6
2021-12-28,Mono,051,14174,2186,2045,25,2070,4
2021-12-28,Monterey,053,433212,52388,49973,3749,53722,639
2021-12-28,Napa,055,140530,14937,14131,212,14343,107
2021-12-28,Nevada,057,99092,10523,10250,383,10633,110
2021-12-28,Orange,059,3164182,350006,331279,21223,352502,5882
2021-12-28,Placer,061,380077,41745,40410,4325,44735,489
2021-12-28,Plumas,063,18699,2048,1989,55,2044,12
2021-12-28,Riverside,065,2383286,406455,390343,18259,408602,5470
2021-12-28,Sacramento,067,1510023,177091,171290,5999,177289,2426
2021-12-28,San Benito,069,59416,8417,8170,204,8374,79
2021-12-28,San Bernardino,071,2135413,398073,381316,13179,394495,6047
2021-12-28,San Diego,073,3302833,444171,417383,26226,443609,4450
2021-12-28,San Francisco,075,870044,67831,61745,3059,64804,682
2021-12-28,San Joaquin,077,732212,108444,105572,6025,111597,1884
2021-12-28,San Luis Obispo,079,281455,33158,31759,1523,33282,365
2021-12-28,San Mateo,081,765935,65291,58712,1390,60102,582
2021-12-28,Santa Barbara,083,443738,50632,48493,1800,50293,568
2021-12-28,Santa Clara,085,1922200,170154,160811,2417,163228,1962
2021-12-28,Santa Cruz,087,273765,23605,22513,1155,23668,228
2021-12-28,Shasta,089,179085,23360,23035,3826,26861,434
2021-12-28,Sierra,091,2930,212,206,21,227,0
2021-12-28,Siskiyou,093,43540,3543,3468,1425,4893,60
2021-12-28,Solano,095,438530,50286,48318,1574,49892,378
2021-12-28,Sonoma,097,501317,47176,45086,738,45824,410
2021-12-28,Stanislaus,099,539301,84572,83946,9747,93693,1331
2021-12-28,Sutter,101,95872,14822,14662,437,15099,193
2021-12-28,Tehama,103,63373,9056,8893,1602,10495,138
2021-12-28,Trinity,105,12862,917,831,229,1060,17
2021-12-28,Tulare,107,460477,73312,71630,17373,89003,1156
2021-12-28,Tuolumne,109,53932,8135,8006,119,8125,91
2021-12-28,Ventura,111,848112,112005,105883,5498,111381,1207
2021-12-28,Yolo,113,214977,22386,21320,1530,22850,270
2021-12-28,Yuba,115,75493,10983,10778,423,11201,99
2021-12-27,Alameda,001,1643700,135434,129910,3587,133497,1530
2021-12-27,Alpine,003,1148,110,113,0,113,0
2021-12-27,Amador,005,37829,5971,5891,84,5975,70
2021-12-27,Butte,007,227075,22823,22234,4095,26329,335
2021-12-27,Calaveras,009,45235,4712,4630,66,4696,91
2021-12-27,Colusa,011,21464,2686,2652,718,3370,21
2021-12-27,Contra Costa,013,1133247,110719,106692,2879,109571,1071
2021-12-27,Del Norte,015,27424,3853,3802,58,3860,43
2021-12-27,El Dorado,017,186661,17883,17361,1909,19270,172
2021-12-27,Fresno,019,978130,151404,148826,13799,162625,2364
2021-12-27,Glenn,021,27897,3684,3634,1074,4708,39
2021-12-27,Humboldt,023,135768,10597,10164,804,10968,119
2021-12-27,Imperial,025,180216,37983,37180,4395,41575,800
2021-12-27,Inyo,027,18085,2763,2662,48,2710,48
2021-12-27,Kern,029,883053,137411,135119,25679,160798,1907
2021-12-27,Kings,031,150075,34764,34126,2127,36253,382
2021-12-27,Lake,033,64148,7119,7037,184,7221,116
2021-12-27,Lassen,035,31185,7128,7080,437,7517,55
2021-12-27,Los Angeles,037,10098052,1620403,1554074,67582,1621656,27300
2021-12-27,Madera,039,155013,25198,24840,2455,27295,320
2021-12-27,Marin,041,260295,20831,19601,852,20453,249
2021-12-27,Mariposa,043,17540,1535,1495,64,1559,6
2021-12-27,Mendocino,045,87422,8540,8351,715,9066,98
2021-12-27,Merced,047,269075,44897,44383,2268,46651,690
2021-12-27,Modoc,049,8938,607,599,211,810,6
2021-12-27,Mono,051,14174,2123,2026,25,2051,4
2021-12-27,Monterey,053,433212,52085,49918,3698,53616,639
2021-12-27,Napa,055,140530,14668,14083,203,14286,107
2021-12-27,Nevada,057,99092,10454,10239,375,10614,110
2021-12-27,Orange,059,3164182,342539,329222,20416,349638,5875
2021-12-27,Placer,061,380077,41362,40263,4276,44539,489
2021-12-27,Plumas,063,18699,2046,1988,53,2041,12
2021-12-27,Riverside,065,2383286,401864,389096,18000,407096,5470
2021-12-27,Sacramento,067,1510023,175071,170858,5827,176685,2422
2021-12-27,San Benito,069,59416,8300,8133,200,8333,79
2021-12-27,San Bernardino,071,2135413,392356,380526,12978,393504,6047
2021-12-27,San Diego,073,3302833,433962,414968,25737,440705,4445
2021-12-27,San Francisco,075,870044,66090,60920,2994,63914,682
2021-12-27,San Joaquin,077,732212,107526,105413,5962,111375,1876
2021-12-27,San Luis Obispo,079,281455,32715,31671,1501,33172,365
2021-12-27,San Mateo,081,765935,63772,58397,1290,59687,581
2021-12-27,Santa Barbara,083,443738,49848,48209,1779,49988,568
2021-12-27,Santa Clara,085,1922200,167185,159904,2291,162195,1961
2021-12-27,Santa Cruz,087,273765,23316,22456,1137,23593,228
2021-12-27,Shasta,089,179085,23297,23015,3815,26830,432
2021-12-27,Sierra,091,2930,212,206,21,227,0
2021-12-27,Siskiyou,093,43540,3534,3466,1420,4886,60
2021-12-27,Solano,095,438530,49553,48172,1526,49698,378
2021-12-27,Sonoma,097,501317,46598,44990,719,45709,410
2021-12-27,Stanislaus,099,539301,84124,83833,9709,93542,1331
2021-12-27,Sutter,101,95872,14766,14642,432,15074,191
2021-12-27,Tehama,103,63373,9041,8887,1595,10482,136
2021-12-27,Trinity,105,12862,917,827,229,1056,17
2021-12-27,Tulare,107,460477,73047,71562,17276,88838,1146
2021-12-27,Tuolumne,109,53932,8098,7978,118,8096,91
2021-12-27,Ventura,111,848112,109916,105212,5362,110574,1206
2021-12-27,Yolo,113,214977,22091,21300,1495,22795,270
2021-12-27,Yuba,115,75493,10922,10759,422,11181,98
2021-12-26,Alameda,001,1643700,133395,127221,3513,130734,1525
2021-12-26,Alpine,003,1148,110,113,0,113,0
2021-12-26,Amador,005,37829,5955,5861,82,5943,70
2021-12-26,Butte,007,227075,22668,22087,4072,26159,330
2021-12-26,Calaveras,009,45235,4690,4591,66,4657,91
2021-12-26,Colusa,011,21464,2675,2647,712,3359,21
2021-12-26,Contra Costa,013,1133247,108958,105022,2780,107802,1071
2021-12-26,Del Norte,015,27424,3848,3795,58,3853,43
2021-12-26,El Dorado,017,186661,17727,17188,1900,19088,172
2021-12-26,Fresno,019,978130,150697,148027,13718,161745,2358
2021-12-26,Glenn,021,27897,3676,3611,1063,4674,39
2021-12-26,Humboldt,023,135768,10453,10052,781,10833,119
2021-12-26,Imperial,025,180216,37678,36878,4303,41181,800
2021-12-26,Inyo,027,18085,2739,2636,45,2681,47
2021-12-26,Kern,029,883053,136692,134591,25422,160013,1908
2021-12-26,Kings,031,150075,34612,34009,2121,36130,379
2021-12-26,Lake,033,64148,7097,7019,181,7200,116
2021-12-26,Lassen,035,31185,7122,7072,436,7508,55
2021-12-26,Los Angeles,037,10098052,1590543,1515469,65774,1581243,27257
2021-12-26,Madera,039,155013,25080,24741,2439,27180,320
2021-12-26,Marin,041,260295,20450,19085,792,19877,249
2021-12-26,Mariposa,043,17540,1529,1480,64,1544,6
2021-12-26,Mendocino,045,87422,8489,8314,713,9027,98
2021-12-26,Merced,047,269075,44646,44208,2257,46465,690
2021-12-26,Modoc,049,8938,606,597,209,806,6
2021-12-26,Mono,051,14174,2097,2000,25,2025,4
2021-12-26,Monterey,053,433212,51806,49709,3649,53358,638
2021-12-26,Napa,055,140530,14432,13809,198,14007,107
2021-12-26,Nevada,057,99092,10394,10153,368,10521,110
2021-12-26,Orange,059,3164182,336206,322991,19613,342604,5863
2021-12-26,Placer,061,380077,41016,39852,4205,44057,489
2021-12-26,Plumas,063,18699,2038,1987,52,2039,12
2021-12-26,Riverside,065,2383286,397681,384567,17830,402397,5470
2021-12-26,Sacramento,067,1510023,173349,169144,5677,174821,2418
2021-12-26,San Benito,069,59416,8211,7991,196,8187,79
2021-12-26,San Bernardino,071,2135413,387736,376052,12798,388850,6043
2021-12-26,San Diego,073,3302833,424996,406616,25241,431857,4442
2021-12-26,San Francisco,075,870044,64520,58229,2932,61161,682
2021-12-26,San Joaquin,077,732212,106710,104590,5909,110499,1872
2021-12-26,San Luis Obispo,079,281455,32276,31290,1483,32773,365
2021-12-26,San Mateo,081,765935,62371,56973,1242,58215,581
2021-12-26,Santa Barbara,083,443738,49173,47553,1749,49302,567
2021-12-26,Santa Clara,085,1922200,164490,156872,2158,159030,1967
2021-12-26,Santa Cruz,087,273765,23031,22176,1123,23299,228
2021-12-26,Shasta,089,179085,23214,22959,3803,26762,432
2021-12-26,Sierra,091,2930,212,202,21,223,0
2021-12-26,Siskiyou,093,43540,3526,3460,1411,4871,60
2021-12-26,Solano,095,438530,49050,47646,1488,49134,377
2021-12-26,Sonoma,097,501317,46101,44358,687,45045,408
2021-12-26,Stanislaus,099,539301,83752,83368,9672,93040,1331
2021-12-26,Sutter,101,95872,14702,14533,429,14962,191
2021-12-26,Tehama,103,63373,9008,8861,1592,10453,136
2021-12-26,Trinity,105,12862,917,826,228,1054,17
2021-12-26,Tulare,107,460477,72799,71292,17165,88457,1137
2021-12-26,Tuolumne,109,53932,8061,7919,118,8037,91
2021-12-26,Ventura,111,848112,108082,103498,5212,108710,1206
2021-12-26,Yolo,113,214977,21805,21084,1455,22539,270
2021-12-26,Yuba,115,75493,10871,10694,420,11114,98
2021-12-25,Alameda,001,1643700,132338,127221,3448,130669,1525
2021-12-25,Alpine,003,1148,110,113,0,113,0
2021-12-25,Amador,005,37829,5936,5861,82,5943,70
2021-12-25,Butte,007,227075,22572,22087,4056,26143,330
2021-12-25,Calaveras,009,45235,4661,4591,65,4656,91
2021-12-25,Colusa,011,21464,2670,2647,706,3353,21
2021-12-25,Contra Costa,013,1133247,108136,105022,2727,107749,1071
2021-12-25,Del Norte,015,27424,3841,3795,57,3852,43
2021-12-25,El Dorado,017,186661,17674,17188,1889,19077,172
2021-12-25,Fresno,019,978130,150386,148027,13670,161697,2358
2021-12-25,Glenn,021,27897,3666,3611,1059,4670,39
2021-12-25,Humboldt,023,135768,10375,10052,774,10826,119
2021-12-25,Imperial,025,180216,37557,36878,4280,41158,800
2021-12-25,Inyo,027,18085,2719,2636,45,2681,47
2021-12-25,Kern,029,883053,136345,134591,25297,159888,1908
2021-12-25,Kings,031,150075,34522,34009,2114,36123,379
2021-12-25,Lake,033,64148,7085,7019,179,7198,116
2021-12-25,Lassen,035,31185,7120,7072,436,7508,55
2021-12-25,Los Angeles,037,10098052,1577735,1515469,64440,1579909,27257
2021-12-25,Madera,039,155013,25032,24741,2433,27174,320
2021-12-25,Marin,041,260295,20110,19085,743,19828,249
2021-12-25,Mariposa,043,17540,1523,1480,64,1544,6
2021-12-25,Mendocino,045,87422,8451,8314,713,9027,98
2021-12-25,Merced,047,269075,44546,44208,2255,46463,690
2021-12-25,Modoc,049,8938,606,597,209,806,6
2021-12-25,Mono,051,14174,2080,2000,25,2025,4
2021-12-25,Monterey,053,433212,51637,49709,3614,53323,638
2021-12-25,Napa,055,140530,14317,13809,190,13999,107
2021-12-25,Nevada,057,99092,10365,10153,368,10521,110
2021-12-25,Orange,059,3164182,333337,322991,19038,342029,5863
2021-12-25,Placer,061,380077,40836,39852,4169,44021,489
2021-12-25,Plumas,063,18699,2036,1987,52,2039,12
2021-12-25,Riverside,065,2383286,395399,384567,17710,402277,5470
2021-12-25,Sacramento,067,1510023,172536,169144,5569,174713,2418
2021-12-25,San Benito,069,59416,8146,7991,196,8187,79
2021-12-25,San Bernardino,071,2135413,385573,376052,12656,388708,6043
2021-12-25,San Diego,073,3302833,420943,406616,24971,431587,4442
2021-12-25,San Francisco,075,870044,63497,58229,2896,61125,682
2021-12-25,San Joaquin,077,732212,106375,104590,5877,110467,1872
2021-12-25,San Luis Obispo,079,281455,32121,31290,1474,32764,365
2021-12-25,San Mateo,081,765935,61341,56973,1199,58172,581
2021-12-25,Santa Barbara,083,443738,48810,47553,1737,49290,567
2021-12-25,Santa Clara,085,1922200,163010,156872,2091,158963,1967
2021-12-25,Santa Cruz,087,273765,22872,22176,1117,23293,228
2021-12-25,Shasta,089,179085,23184,22959,3797,26756,432
2021-12-25,Sierra,091,2930,212,202,21,223,0
2021-12-25,Siskiyou,093,43540,3523,3460,1405,4865,60
2021-12-25,Solano,095,438530,48926,47646,1470,49116,377
2021-12-25,Sonoma,097,501317,45716,44358,661,45019,408
2021-12-25,Stanislaus,099,539301,83539,83368,9651,93019,1331
2021-12-25,Sutter,101,95872,14661,14533,427,14960,191
2021-12-25,Tehama,103,63373,8988,8861,1588,10449,136
2021-12-25,Trinity,105,12862,916,826,228,1054,17
2021-12-25,Tulare,107,460477,72663,71292,17085,88377,1137
2021-12-25,Tuolumne,109,53932,8030,7919,118,8037,91
2021-12-25,Ventura,111,848112,106912,103498,5103,108601,1206
2021-12-25,Yolo,113,214977,21693,21084,1433,22517,270
2021-12-25,Yuba,115,75493,10845,10694,419,11113,98
2021-12-24,Alameda,001,1643700,131733,127221,3430,130651,1525
2021-12-24,Alpine,003,1148,110,113,0,113,0
2021-12-24,Amador,005,37829,5928,5861,81,5942,70
2021-12-24,Butte,007,227075,22517,22087,4043,26130,330
2021-12-24,Calaveras,009,45235,4655,4591,65,4656,91
2021-12-24,Colusa,011,21464,2668,2647,705,3352,21
2021-12-24,Contra Costa,013,1133247,107818,105022,2695,107717,1071
2021-12-24,Del Norte,015,27424,3834,3795,57,3852,43
2021-12-24,El Dorado,017,186661,17622,17188,1884,19072,172
2021-12-24,Fresno,019,978130,150221,148027,13657,161684,2358
2021-12-24,Glenn,021,27897,3665,3611,1059,4670,39
2021-12-24,Humboldt,023,135768,10319,10052,768,10820,119
2021-12-24,Imperial,025,180216,37474,36878,4276,41154,800
2021-12-24,Inyo,027,18085,2699,2636,45,2681,47
2021-12-24,Kern,029,883053,136222,134591,25255,159846,1908
2021-12-24,Kings,031,150075,34455,34009,2113,36122,379
2021-12-24,Lake,033,64148,7081,7019,179,7198,116
2021-12-24,Lassen,035,31185,7117,7072,436,7508,55
2021-12-24,Los Angeles,037,10098052,1572878,1515469,63910,1579379,27257
2021-12-24,Madera,039,155013,24999,24741,2428,27169,320
2021-12-24,Marin,041,260295,19966,19085,712,19797,249
2021-12-24,Mariposa,043,17540,1521,1480,64,1544,6
2021-12-24,Mendocino,045,87422,8434,8314,713,9027,98
2021-12-24,Merced,047,269075,44496,44208,2253,46461,690
2021-12-24,Modoc,049,8938,606,597,209,806,6
2021-12-24,Mono,051,14174,2067,2000,25,2025,4
2021-12-24,Monterey,053,433212,51539,49709,3588,53297,638
2021-12-24,Napa,055,140530,14251,13809,186,13995,107
2021-12-24,Nevada,057,99092,10338,10153,366,10519,110
2021-12-24,Orange,059,3164182,332285,322991,18878,341869,5863
2021-12-24,Placer,061,380077,40718,39852,4153,44005,489
2021-12-24,Plumas,063,18699,2035,1987,52,2039,12
2021-12-24,Riverside,065,2383286,394409,384567,17619,402186,5470
2021-12-24,Sacramento,067,1510023,172222,169144,5533,174677,2418
2021-12-24,San Benito,069,59416,8137,7991,195,8186,79
2021-12-24,San Bernardino,071,2135413,384472,376052,12584,388636,6043
2021-12-24,San Diego,073,3302833,419840,406616,24843,431459,4442
2021-12-24,San Francisco,075,870044,62987,58229,2878,61107,682
2021-12-24,San Joaquin,077,732212,106182,104590,5870,110460,1872
2021-12-24,San Luis Obispo,079,281455,32059,31290,1464,32754,365
2021-12-24,San Mateo,081,765935,60909,56973,1176,58149,581
2021-12-24,Santa Barbara,083,443738,48605,47553,1730,49283,567
2021-12-24,Santa Clara,085,1922200,162190,156872,2057,158929,1967
2021-12-24,Santa Cruz,087,273765,22789,22176,1114,23290,228
2021-12-24,Shasta,089,179085,23152,22959,3793,26752,432
2021-12-24,Sierra,091,2930,211,202,21,223,0
2021-12-24,Siskiyou,093,43540,3518,3460,1401,4861,60
2021-12-24,Solano,095,438530,48874,47646,1468,49114,377
2021-12-24,Sonoma,097,501317,45552,44358,653,45011,408
2021-12-24,Stanislaus,099,539301,83427,83368,9638,93006,1331
2021-12-24,Sutter,101,95872,14641,14533,424,14957,191
2021-12-24,Tehama,103,63373,8979,8861,1585,10446,136
2021-12-24,Trinity,105,12862,914,826,228,1054,17
2021-12-24,Tulare,107,460477,72597,71292,17042,88334,1137
2021-12-24,Tuolumne,109,53932,8005,7919,118,8037,91
2021-12-24,Ventura,111,848112,106464,103498,5047,108545,1206
2021-12-24,Yolo,113,214977,21620,21084,1415,22499,270
2021-12-24,Yuba,115,75493,10822,10694,418,11112,98
2021-12-23,Alameda,001,1643700,131040,127221,3396,130617,1525
2021-12-23,Alpine,003,1148,110,113,0,113,0
2021-12-23,Amador,005,37829,5916,5861,79,5940,70
2021-12-23,Butte,007,227075,22467,22087,4031,26118,330
2021-12-23,Calaveras,009,45235,4644,4591,65,4656,91
2021-12-23,Colusa,011,21464,2662,2647,701,3348,21
2021-12-23,Contra Costa,013,1133247,107390,105022,2650,107672,1071
2021-12-23,Del Norte,015,27424,3831,3795,57,3852,43
2021-12-23,El Dorado,017,186661,17559,17188,1878,19066,172
2021-12-23,Fresno,019,978130,150016,148027,13635,161662,2358
2021-12-23,Glenn,021,27897,3661,3611,1059,4670,39
2021-12-23,Humboldt,023,135768,10266,10052,765,10817,119
2021-12-23,Imperial,025,180216,37401,36878,4247,41125,800
2021-12-23,Inyo,027,18085,2686,2636,45,2681,47
2021-12-23,Kern,029,883053,136070,134591,25157,159748,1908
2021-12-23,Kings,031,150075,34414,34009,2112,36121,379
2021-12-23,Lake,033,64148,7069,7019,177,7196,116
2021-12-23,Lassen,035,31185,7116,7072,436,7508,55
2021-12-23,Los Angeles,037,10098052,1563341,1515469,62805,1578274,27257
2021-12-23,Madera,039,155013,24967,24741,2423,27164,320
2021-12-23,Marin,041,260295,19832,19085,695,19780,249
2021-12-23,Mariposa,043,17540,1516,1480,64,1544,6
2021-12-23,Mendocino,045,87422,8425,8314,713,9027,98
2021-12-23,Merced,047,269075,44447,44208,2251,46459,690
2021-12-23,Modoc,049,8938,606,597,209,806,6
2021-12-23,Mono,051,14174,2046,2000,24,2024,4
2021-12-23,Monterey,053,433212,51420,49709,3567,53276,638
2021-12-23,Napa,055,140530,14170,13809,181,13990,107
2021-12-23,Nevada,057,99092,10315,10153,365,10518,110
2021-12-23,Orange,059,3164182,330594,322991,18544,341535,5863
2021-12-23,Placer,061,380077,40595,39852,4137,43989,489
2021-12-23,Plumas,063,18699,2035,1987,52,2039,12
2021-12-23,Riverside,065,2383286,393192,384567,17550,402117,5470
2021-12-23,Sacramento,067,1510023,171768,169144,5485,174629,2418
2021-12-23,San Benito,069,59416,8118,7991,193,8184,79
2021-12-23,San Bernardino,071,2135413,383320,376052,12477,388529,6043
2021-12-23,San Diego,073,3302833,418001,406616,24643,431259,4442
2021-12-23,San Francisco,075,870044,62260,58229,2850,61079,682
2021-12-23,San Joaquin,077,732212,105964,104590,5857,110447,1872
2021-12-23,San Luis Obispo,079,281455,31987,31290,1460,32750,365
2021-12-23,San Mateo,081,765935,60346,56973,1155,58128,581
2021-12-23,Santa Barbara,083,443738,48406,47553,1728,49281,567
2021-12-23,Santa Clara,085,1922200,161283,156872,1998,158870,1967
2021-12-23,Santa Cruz,087,273765,22673,22176,1102,23278,228
2021-12-23,Shasta,089,179085,23123,22959,3790,26749,432
2021-12-23,Sierra,091,2930,208,202,21,223,0
2021-12-23,Siskiyou,093,43540,3518,3460,1399,4859,60
2021-12-23,Solano,095,438530,48768,47646,1452,49098,377
2021-12-23,Sonoma,097,501317,45375,44358,650,45008,408
2021-12-23,Stanislaus,099,539301,83299,83368,9624,92992,1331
2021-12-23,Sutter,101,95872,14623,14533,423,14956,191
2021-12-23,Tehama,103,63373,8967,8861,1581,10442,136
2021-12-23,Trinity,105,12862,914,826,228,1054,17
2021-12-23,Tulare,107,460477,72521,71292,16997,88289,1137
2021-12-23,Tuolumne,109,53932,7987,7919,117,8036,91
2021-12-23,Ventura,111,848112,105929,103498,4980,108478,1206
2021-12-23,Yolo,113,214977,21548,21084,1397,22481,270
2021-12-23,Yuba,115,75493,10809,10694,418,11112,98
2021-12-22,Alameda,001,1643700,130127,126533,3311,129844,1522
2021-12-22,Alpine,003,1148,110,112,0,112,0
2021-12-22,Amador,005,37829,5903,5850,78,5928,70
2021-12-22,Butte,007,227075,22417,22070,4020,26090,330
2021-12-22,Calaveras,009,45235,4635,4580,65,4645,91
2021-12-22,Colusa,011,21464,2662,2645,698,3343,21
2021-12-22,Contra Costa,013,1133247,106751,104559,2607,107166,1070
2021-12-22,Del Norte,015,27424,3831,3794,57,3851,43
2021-12-22,El Dorado,017,186661,17498,17140,1869,19009,172
2021-12-22,Fresno,019,978130,149734,147838,13601,161439,2349
2021-12-22,Glenn,021,27897,3656,3604,1059,4663,39
2021-12-22,Humboldt,023,135768,10206,10022,760,10782,119
2021-12-22,Imperial,025,180216,37315,36755,4210,40965,798
2021-12-22,Inyo,027,18085,2668,2632,45,2677,47
2021-12-22,Kern,029,883053,135835,134433,25072,159505,1900
2021-12-22,Kings,031,150075,34364,33953,2105,36058,376
2021-12-22,Lake,033,64148,7062,7008,175,7183,116
2021-12-22,Lassen,035,31185,7111,7069,435,7504,55
2021-12-22,Los Angeles,037,10098052,1549805,1507110,61628,1568738,27234
2021-12-22,Madera,039,155013,24928,24702,2419,27121,320
2021-12-22,Marin,041,260295,19611,18927,672,19599,249
2021-12-22,Mariposa,043,17540,1509,1480,64,1544,6
2021-12-22,Mendocino,045,87422,8416,8299,713,9012,99
2021-12-22,Merced,047,269075,44376,44137,2249,46386,689
2021-12-22,Modoc,049,8938,606,595,209,804,6
2021-12-22,Mono,051,14174,2042,1979,24,2003,4
2021-12-22,Monterey,053,433212,51263,49650,3550,53200,639
2021-12-22,Napa,055,140530,14042,13746,171,13917,107
2021-12-22,Nevada,057,99092,10287,10101,360,10461,110
2021-12-22,Orange,059,3164182,328300,321765,18111,339876,5858
2021-12-22,Placer,061,380077,40412,39758,4100,43858,489
2021-12-22,Plumas,063,18699,2031,1986,52,2038,12
2021-12-22,Riverside,065,2383286,391360,383319,17435,400754,5472
2021-12-22,Sacramento,067,1510023,171110,168695,5416,174111,2422
2021-12-22,San Benito,069,59416,8066,7971,191,8162,79
2021-12-22,San Bernardino,071,2135413,381677,375044,12392,387436,6039
2021-12-22,San Diego,073,3302833,413886,404269,24314,428583,4434
2021-12-22,San Francisco,075,870044,61271,57520,2805,60325,682
2021-12-22,San Joaquin,077,732212,105693,104385,5843,110228,1870
2021-12-22,San Luis Obispo,079,281455,31846,31175,1440,32615,365
2021-12-22,San Mateo,081,765935,59663,56604,1126,57730,581
2021-12-22,Santa Barbara,083,443738,48150,47372,1712,49084,566
2021-12-22,Santa Clara,085,1922200,160166,156258,1957,158215,1954
2021-12-22,Santa Cruz,087,273765,22567,22075,1096,23171,228
2021-12-22,Shasta,089,179085,23095,22937,3785,26722,432
2021-12-22,Sierra,091,2930,208,202,21,223,0
2021-12-22,Siskiyou,093,43540,3515,3458,1396,4854,59
2021-12-22,Solano,095,438530,48539,47531,1438,48969,375
2021-12-22,Sonoma,097,501317,45100,44201,639,44840,408
2021-12-22,Stanislaus,099,539301,83158,83245,9609,92854,1331
2021-12-22,Sutter,101,95872,14588,14513,420,14933,191
2021-12-22,Tehama,103,63373,8954,8853,1578,10431,136
2021-12-22,Trinity,105,12862,914,826,228,1054,17
2021-12-22,Tulare,107,460477,72420,71226,16944,88170,1137
2021-12-22,Tuolumne,109,53932,7966,7903,117,8020,91
2021-12-22,Ventura,111,848112,105323,103089,4873,107962,1206
2021-12-22,Yolo,113,214977,21472,21012,1382,22394,270
2021-12-22,Yuba,115,75493,10792,10681,418,11099,98
2021-12-21,Alameda,001,1643700,129143,126007,3255,129262,1518
2021-12-21,Alpine,003,1148,110,112,0,112,0
2021-12-21,Amador,005,37829,5893,5845,78,5923,70
2021-12-21,Butte,007,227075,22354,22041,4007,26048,330
2021-12-21,Calaveras,009,45235,4622,4575,65,4640,91
2021-12-21,Colusa,011,21464,2660,2643,697,3340,21
2021-12-21,Contra Costa,013,1133247,106119,104255,2541,106796,1068
2021-12-21,Del Norte,015,27424,3830,3793,57,3850,43
2021-12-21,El Dorado,017,186661,17434,17098,1857,18955,172
2021-12-21,Fresno,019,978130,149448,147707,13566,161273,2341
2021-12-21,Glenn,021,27897,3642,3602,1059,4661,39
2021-12-21,Humboldt,023,135768,10141,9989,755,10744,118
2021-12-21,Imperial,025,180216,37217,36580,4168,40748,792
2021-12-21,Inyo,027,18085,2656,2627,45,2672,47
2021-12-21,Kern,029,883053,135626,134321,24966,159287,1892
2021-12-21,Kings,031,150075,34304,33914,2104,36018,376
2021-12-21,Lake,033,64148,7057,7004,173,7177,116
2021-12-21,Lassen,035,31185,7109,7069,435,7504,55
2021-12-21,Los Angeles,037,10098052,1535878,1501169,60589,1561758,27220
2021-12-21,Madera,039,155013,24892,24688,2412,27100,320
2021-12-21,Marin,041,260295,19440,18828,637,19465,249
2021-12-21,Mariposa,043,17540,1508,1480,63,1543,6
2021-12-21,Mendocino,045,87422,8400,8282,711,8993,97
2021-12-21,Merced,047,269075,44304,44096,2246,46342,688
2021-12-21,Modoc,049,8938,604,595,207,802,6
2021-12-21,Mono,051,14174,2022,1979,24,2003,4
2021-12-21,Monterey,053,433212,51172,49586,3533,53119,638
2021-12-21,Napa,055,140530,13941,13703,160,13863,107
2021-12-21,Nevada,057,99092,10258,10095,360,10455,110
2021-12-21,Orange,059,3164182,326175,320705,17657,338362,5855
2021-12-21,Placer,061,380077,40272,39649,4071,43720,487
2021-12-21,Plumas,063,18699,2031,1975,52,2027,12
2021-12-21,Riverside,065,2383286,389633,382415,17314,399729,5465
2021-12-21,Sacramento,067,1510023,170457,168422,5360,173782,2419
2021-12-21,San Benito,069,59416,8027,7950,189,8139,79
2021-12-21,San Bernardino,071,2135413,380070,374219,12282,386501,6026
2021-12-21,San Diego,073,3302833,410164,402386,23977,426363,4424
2021-12-21,San Francisco,075,870044,60321,56950,2771,59721,681
2021-12-21,San Joaquin,077,732212,105406,104238,5824,110062,1870
2021-12-21,San Luis Obispo,079,281455,31682,31103,1428,32531,365
2021-12-21,San Mateo,081,765935,59047,56381,1102,57483,581
2021-12-21,Santa Barbara,083,443738,47921,47194,1697,48891,564
2021-12-21,Santa Clara,085,1922200,159144,155769,1915,157684,1951
2021-12-21,Santa Cruz,087,273765,22450,22028,1085,23113,228
2021-12-21,Shasta,089,179085,23064,22920,3781,26701,429
2021-12-21,Sierra,091,2930,206,201,21,222,0
2021-12-21,Siskiyou,093,43540,3514,3455,1396,4851,59
2021-12-21,Solano,095,438530,48384,47474,1431,48905,372
2021-12-21,Sonoma,097,501317,44877,44051,629,44680,408
2021-12-21,Stanislaus,099,539301,83003,83167,9582,92749,1331
2021-12-21,Sutter,101,95872,14565,14492,419,14911,190
2021-12-21,Tehama,103,63373,8946,8849,1573,10422,136
2021-12-21,Trinity,105,12862,913,826,228,1054,17
2021-12-21,Tulare,107,460477,72328,71166,16902,88068,1137
2021-12-21,Tuolumne,109,53932,7942,7893,117,8010,91
2021-12-21,Ventura,111,848112,104705,102631,4760,107391,1205
2021-12-21,Yolo,113,214977,21363,20944,1378,22322,267
2021-12-21,Yuba,115,75493,10775,10668,418,11086,98
2021-12-20,Alameda,001,1643700,128217,125762,3187,128949,1515
2021-12-20,Alpine,003,1148,110,112,0,112,0
2021-12-20,Amador,005,37829,5879,5838,78,5916,70
2021-12-20,Butte,007,227075,22293,22030,3998,26028,329
2021-12-20,Calaveras,009,45235,4612,4569,65,4634,91
2021-12-20,Colusa,011,21464,2658,2644,697,3341,21
2021-12-20,Contra Costa,013,1133247,105583,104051,2494,106545,1068
2021-12-20,Del Norte,015,27424,3828,3792,57,3849,43
2021-12-20,El Dorado,017,186661,17373,17083,1848,18931,172
2021-12-20,Fresno,019,978130,149205,147605,13537,161142,2341
2021-12-20,Glenn,021,27897,3636,3597,1059,4656,39
2021-12-20,Humboldt,023,135768,10098,9973,751,10724,118
2021-12-20,Imperial,025,180216,37100,36532,4138,40670,792
2021-12-20,Inyo,027,18085,2653,2615,45,2660,47
2021-12-20,Kern,029,883053,135428,134203,24906,159109,1883
2021-12-20,Kings,031,150075,34262,33898,2103,36001,376
2021-12-20,Lake,033,64148,7052,6999,173,7172,116
2021-12-20,Lassen,035,31185,7107,7065,434,7499,55
2021-12-20,Los Angeles,037,10098052,1524374,1495251,59856,1555107,27188
2021-12-20,Madera,039,155013,24863,24668,2408,27076,313
2021-12-20,Marin,041,260295,19226,18747,619,19366,249
2021-12-20,Mariposa,043,17540,1499,1479,63,1542,6
2021-12-20,Mendocino,045,87422,8388,8264,709,8973,96
2021-12-20,Merced,047,269075,44247,44071,2241,46312,687
2021-12-20,Modoc,049,8938,604,595,204,799,6
2021-12-20,Mono,051,14174,2000,1973,24,1997,4
2021-12-20,Monterey,053,433212,51075,49556,3513,53069,636
2021-12-20,Napa,055,140530,13857,13672,150,13822,107
2021-12-20,Nevada,057,99092,10218,10079,359,10438,109
2021-12-20,Orange,059,3164182,324570,320235,17336,337571,5852
2021-12-20,Placer,061,380077,40144,39579,4041,43620,485
2021-12-20,Plumas,063,18699,2028,1971,50,2021,12
2021-12-20,Riverside,065,2383286,388184,381841,17224,399065,5452
2021-12-20,Sacramento,067,1510023,169886,168153,5317,173470,2414
2021-12-20,San Benito,069,59416,7983,7934,187,8121,79
2021-12-20,San Bernardino,071,2135413,378598,373881,12198,386079,6023
2021-12-20,San Diego,073,3302833,406926,401483,23736,425219,4412
2021-12-20,San Francisco,075,870044,59262,56661,2710,59371,681
2021-12-20,San Joaquin,077,732212,105164,104188,5815,110003,1865
2021-12-20,San Luis Obispo,079,281455,31569,31075,1420,32495,365
2021-12-20,San Mateo,081,765935,58500,56247,1083,57330,581
2021-12-20,Santa Barbara,083,443738,47712,47131,1692,48823,562
2021-12-20,Santa Clara,085,1922200,158186,155427,1866,157293,1950
2021-12-20,Santa Cruz,087,273765,22369,21989,1080,23069,227
2021-12-20,Shasta,089,179085,23044,22888,3776,26664,429
2021-12-20,Sierra,091,2930,205,201,21,222,0
2021-12-20,Siskiyou,093,43540,3513,3453,1394,4847,59
2021-12-20,Solano,095,438530,48256,47394,1423,48817,370
2021-12-20,Sonoma,097,501317,44684,43982,621,44603,408
2021-12-20,Stanislaus,099,539301,82879,83110,9555,92665,1331
2021-12-20,Sutter,101,95872,14542,14480,419,14899,190
2021-12-20,Tehama,103,63373,8938,8840,1570,10410,136
2021-12-20,Trinity,105,12862,913,826,228,1054,17
2021-12-20,Tulare,107,460477,72234,71124,16842,87966,1129
2021-12-20,Tuolumne,109,53932,7928,7867,113,7980,91
2021-12-20,Ventura,111,848112,104198,102452,4682,107134,1203
2021-12-20,Yolo,113,214977,21270,20903,1366,22269,267
2021-12-20,Yuba,115,75493,10759,10656,415,11071,97
2021-12-19,Alameda,001,1643700,127337,125464,3144,128608,1519
2021-12-19,Alpine,003,1148,110,112,0,112,0
2021-12-19,Amador,005,37829,5867,5832,77,5909,70
2021-12-19,Butte,007,227075,22240,22022,3992,26014,329
2021-12-19,Calaveras,009,45235,4596,4563,64,4627,91
2021-12-19,Colusa,011,21464,2658,2643,694,3337,21
2021-12-19,Contra Costa,013,1133247,105092,103906,2459,106365,1068
2021-12-19,Del Norte,015,27424,3824,3797,57,3854,43
2021-12-19,El Dorado,017,186661,17317,17067,1846,18913,172
2021-12-19,Fresno,019,978130,148965,147505,13511,161016,2341
2021-12-19,Glenn,021,27897,3632,3596,1058,4654,39
2021-12-19,Humboldt,023,135768,10057,9957,746,10703,118
2021-12-19,Imperial,025,180216,36971,36501,4094,40595,792
2021-12-19,Inyo,027,18085,2644,2613,45,2658,47
2021-12-19,Kern,029,883053,135230,134136,24835,158971,1883
2021-12-19,Kings,031,150075,34202,33874,2099,35973,378
2021-12-19,Lake,033,64148,7043,6999,170,7169,116
2021-12-19,Lassen,035,31185,7103,7065,434,7499,55
2021-12-19,Los Angeles,037,10098052,1515373,1495082,59243,1554325,27189
2021-12-19,Madera,039,155013,24838,24642,2402,27044,313
2021-12-19,Marin,041,260295,19050,18707,596,19303,249
2021-12-19,Mariposa,043,17540,1493,1475,63,1538,6
2021-12-19,Mendocino,045,87422,8371,8257,706,8963,96
2021-12-19,Merced,047,269075,44152,44045,2234,46279,687
2021-12-19,Modoc,049,8938,603,595,204,799,6
2021-12-19,Mono,051,14174,1989,1968,23,1991,4
2021-12-19,Monterey,053,433212,50973,49516,3491,53007,636
2021-12-19,Napa,055,140530,13784,13659,141,13800,107
2021-12-19,Nevada,057,99092,10182,10057,356,10413,109
2021-12-19,Orange,059,3164182,323166,319615,17107,336722,5852
2021-12-19,Placer,061,380077,40025,39525,4024,43549,485
2021-12-19,Plumas,063,18699,2025,1971,50,2021,12
2021-12-19,Riverside,065,2383286,386744,381305,17148,398453,5452
2021-12-19,Sacramento,067,1510023,169390,167933,5288,173221,2415
2021-12-19,San Benito,069,59416,7957,7929,186,8115,79
2021-12-19,San Bernardino,071,2135413,377310,373480,12157,385637,6023
2021-12-19,San Diego,073,3302833,404417,398197,23540,421737,4406
2021-12-19,San Francisco,075,870044,58390,56358,2654,59012,681
2021-12-19,San Joaquin,077,732212,104906,104125,5801,109926,1865
2021-12-19,San Luis Obispo,079,281455,31446,31035,1408,32443,366
2021-12-19,San Mateo,081,765935,58034,56132,1068,57200,581
2021-12-19,Santa Barbara,083,443738,47489,47070,1685,48755,562
2021-12-19,Santa Clara,085,1922200,157298,155049,1838,156887,1950
2021-12-19,Santa Cruz,087,273765,22270,21960,1075,23035,227
2021-12-19,Shasta,089,179085,23007,22875,3772,26647,429
2021-12-19,Sierra,091,2930,204,201,21,222,0
2021-12-19,Siskiyou,093,43540,3510,3452,1394,4846,59
2021-12-19,Solano,095,438530,48135,47341,1417,48758,370
2021-12-19,Sonoma,097,501317,44499,43944,619,44563,408
2021-12-19,Stanislaus,099,539301,82741,83040,9524,92564,1331
2021-12-19,Sutter,101,95872,14502,14475,418,14893,190
2021-12-19,Tehama,103,63373,8930,8840,1570,10410,136
2021-12-19,Trinity,105,12862,913,826,228,1054,17
2021-12-19,Tulare,107,460477,72140,71085,16800,87885,1129
2021-12-19,Tuolumne,109,53932,7911,7865,112,7977,91
2021-12-19,Ventura,111,848112,103618,102170,4617,106787,1203
2021-12-19,Yolo,113,214977,21189,20887,1346,22233,267
2021-12-19,Yuba,115,75493,10742,10646,413,11059,97
2021-12-18,Alameda,001,1643700,126932,124583,3119,127702,1512
2021-12-18,Alpine,003,1148,110,110,0,110,0
2021-12-18,Amador,005,37829,5861,5821,77,5898,69
2021-12-18,Butte,007,227075,22223,21956,3987,25943,328
2021-12-18,Calaveras,009,45235,4589,4534,64,4598,91
2021-12-18,Colusa,011,21464,2655,2635,692,3327,21
2021-12-18,Contra Costa,013,1133247,104879,103380,2445,105825,1065
2021-12-18,Del Norte,015,27424,3821,3791,57,3848,43
2021-12-18,El Dorado,017,186661,17289,16968,1843,18811,171
2021-12-18,Fresno,019,978130,148862,147038,13497,160535,2335
2021-12-18,Glenn,021,27897,3629,3590,1058,4648,39
2021-12-18,Humboldt,023,135768,10041,9889,746,10635,118
2021-12-18,Imperial,025,180216,36898,36280,4082,40362,790
2021-12-18,Inyo,027,18085,2638,2607,45,2652,47
2021-12-18,Kern,029,883053,135140,133754,24788,158542,1873
2021-12-18,Kings,031,150075,34170,33783,2095,35878,374
2021-12-18,Lake,033,64148,7042,6976,170,7146,115
2021-12-18,Lassen,035,31185,7101,7061,433,7494,55
2021-12-18,Los Angeles,037,10098052,1511280,1484840,58928,1543768,27135
2021-12-18,Madera,039,155013,24823,24575,2400,26975,313
2021-12-18,Marin,041,260295,18950,18537,584,19121,249
2021-12-18,Mariposa,043,17540,1492,1468,63,1531,6
2021-12-18,Mendocino,045,87422,8365,8219,706,8925,95
2021-12-18,Merced,047,269075,44118,43929,2233,46162,686
2021-12-18,Modoc,049,8938,601,595,204,799,6
2021-12-18,Mono,051,14174,1987,1956,23,1979,4
2021-12-18,Monterey,053,433212,50914,49343,3486,52829,635
2021-12-18,Napa,055,140530,13758,13581,139,13720,107
2021-12-18,Nevada,057,99092,10160,9991,354,10345,108
2021-12-18,Orange,059,3164182,322501,318149,16968,335117,5844
2021-12-18,Placer,061,380077,39924,39336,4010,43346,485
2021-12-18,Plumas,063,18699,2025,1964,50,2014,13
2021-12-18,Riverside,065,2383286,386049,379354,17106,396460,5439
2021-12-18,Sacramento,067,1510023,169152,167046,5268,172314,2404
2021-12-18,San Benito,069,59416,7942,7894,186,8080,79
2021-12-18,San Bernardino,071,2135413,376659,371658,12129,383787,6017
2021-12-18,San Diego,073,3302833,403462,397130,23488,420618,4399
2021-12-18,San Francisco,075,870044,57898,55562,2624,58186,679
2021-12-18,San Joaquin,077,732212,104819,103698,5791,109489,1858
2021-12-18,San Luis Obispo,079,281455,31403,30873,1402,32275,365
2021-12-18,San Mateo,081,765935,57793,55730,1063,56793,580
2021-12-18,Santa Barbara,083,443738,47393,46776,1683,48459,562
2021-12-18,Santa Clara,085,1922200,156846,154243,1825,156068,1946
2021-12-18,Santa Cruz,087,273765,22218,21805,1073,22878,225
2021-12-18,Shasta,089,179085,22986,22811,3772,26583,429
2021-12-18,Sierra,091,2930,204,199,21,220,0
2021-12-18,Siskiyou,093,43540,3508,3441,1393,4834,58
2021-12-18,Solano,095,438530,48089,47174,1415,48589,369
2021-12-18,Sonoma,097,501317,44388,43658,615,44273,407
2021-12-18,Stanislaus,099,539301,82659,82736,9513,92249,1330
2021-12-18,Sutter,101,95872,14484,14435,418,14853,190
2021-12-18,Tehama,103,63373,8924,8814,1569,10383,136
2021-12-18,Trinity,105,12862,913,823,228,1051,17
2021-12-18,Tulare,107,460477,72102,70922,16775,87697,1120
2021-12-18,Tuolumne,109,53932,7897,7834,112,7946,91
2021-12-18,Ventura,111,848112,103332,101612,4593,106205,1201
2021-12-18,Yolo,113,214977,21149,20793,1340,22133,267
2021-12-18,Yuba,115,75493,10729,10599,413,11012,96
2021-12-17,Alameda,001,1643700,126600,124583,3100,127683,1512
2021-12-17,Alpine,003,1148,110,110,0,110,0
2021-12-17,Amador,005,37829,5854,5821,77,5898,69
2021-12-17,Butte,007,227075,22203,21956,3981,25937,328
2021-12-17,Calaveras,009,45235,4585,4534,64,4598,91
2021-12-17,Colusa,011,21464,2654,2635,691,3326,21
2021-12-17,Contra Costa,013,1133247,104677,103380,2441,105821,1065
2021-12-17,Del Norte,015,27424,3820,3791,57,3848,43
2021-12-17,El Dorado,017,186661,17260,16968,1840,18808,171
2021-12-17,Fresno,019,978130,148758,147038,13497,160535,2335
2021-12-17,Glenn,021,27897,3622,3590,1058,4648,39
2021-12-17,Humboldt,023,135768,10021,9889,744,10633,118
2021-12-17,Imperial,025,180216,36836,36280,4064,40344,790
2021-12-17,Inyo,027,18085,2633,2607,45,2652,47
2021-12-17,Kern,029,883053,135049,133754,24746,158500,1873
2021-12-17,Kings,031,150075,34151,33783,2095,35878,374
2021-12-17,Lake,033,64148,7038,6976,170,7146,115
2021-12-17,Lassen,035,31185,7101,7061,432,7493,55
2021-12-17,Los Angeles,037,10098052,1507308,1484840,58685,1543525,27135
2021-12-17,Madera,039,155013,24807,24575,2395,26970,313
2021-12-17,Marin,041,260295,18873,18537,580,19117,249
2021-12-17,Mariposa,043,17540,1488,1468,63,1531,6
2021-12-17,Mendocino,045,87422,8354,8219,706,8925,95
2021-12-17,Merced,047,269075,44091,43929,2232,46161,686
2021-12-17,Modoc,049,8938,601,595,204,799,6
2021-12-17,Mono,051,14174,1984,1956,23,1979,4
2021-12-17,Monterey,053,433212,50856,49343,3481,52824,635
2021-12-17,Napa,055,140530,13731,13581,138,13719,107
2021-12-17,Nevada,057,99092,10149,9991,354,10345,108
2021-12-17,Orange,059,3164182,321937,318149,16900,335049,5844
2021-12-17,Placer,061,380077,39870,39336,4004,43340,485
2021-12-17,Plumas,063,18699,2024,1964,50,2014,13
2021-12-17,Riverside,065,2383286,385397,379354,17095,396449,5439
2021-12-17,Sacramento,067,1510023,168921,167046,5255,172301,2404
2021-12-17,San Benito,069,59416,7940,7894,186,8080,79
2021-12-17,San Bernardino,071,2135413,376115,371658,12112,383770,6017
2021-12-17,San Diego,073,3302833,402521,397130,23440,420570,4399
2021-12-17,San Francisco,075,870044,57572,55562,2594,58156,679
2021-12-17,San Joaquin,077,732212,104745,103698,5773,109471,1858
2021-12-17,San Luis Obispo,079,281455,31375,30873,1398,32271,365
2021-12-17,San Mateo,081,765935,57604,55730,1056,56786,580
2021-12-17,Santa Barbara,083,443738,47316,46776,1677,48453,562
2021-12-17,Santa Clara,085,1922200,156473,154243,1810,156053,1946
2021-12-17,Santa Cruz,087,273765,22172,21805,1070,22875,225
2021-12-17,Shasta,089,179085,22973,22811,3770,26581,429
2021-12-17,Sierra,091,2930,203,199,21,220,0
2021-12-17,Siskiyou,093,43540,3504,3441,1391,4832,58
2021-12-17,Solano,095,438530,48021,47174,1411,48585,369
2021-12-17,Sonoma,097,501317,44291,43658,612,44270,407
2021-12-17,Stanislaus,099,539301,82608,82736,9507,92243,1330
2021-12-17,Sutter,101,95872,14472,14435,416,14851,190
2021-12-17,Tehama,103,63373,8917,8814,1568,10382,136
2021-12-17,Trinity,105,12862,913,823,228,1051,17
2021-12-17,Tulare,107,460477,72060,70922,16745,87667,1120
2021-12-17,Tuolumne,109,53932,7885,7834,112,7946,91
2021-12-17,Ventura,111,848112,103082,101612,4581,106193,1201
2021-12-17,Yolo,113,214977,21116,20793,1334,22127,267
2021-12-17,Yuba,115,75493,10718,10599,410,11009,96
2021-12-16,Alameda,001,1643700,126226,124583,3085,127668,1512
2021-12-16,Alpine,003,1148,108,110,0,110,0
2021-12-16,Amador,005,37829,5846,5821,77,5898,69
2021-12-16,Butte,007,227075,22184,21956,3978,25934,328
2021-12-16,Calaveras,009,45235,4577,4534,64,4598,91
2021-12-16,Colusa,011,21464,2654,2635,691,3326,21
2021-12-16,Contra Costa,013,1133247,104453,103380,2428,105808,1065
2021-12-16,Del Norte,015,27424,3817,3791,57,3848,43
2021-12-16,El Dorado,017,186661,17225,16968,1835,18803,171
2021-12-16,Fresno,019,978130,148598,147038,13490,160528,2335
2021-12-16,Glenn,021,27897,3621,3590,1055,4645,39
2021-12-16,Humboldt,023,135768,9997,9889,734,10623,118
2021-12-16,Imperial,025,180216,36752,36280,4034,40314,790
2021-12-16,Inyo,027,18085,2629,2607,44,2651,47
2021-12-16,Kern,029,883053,134905,133754,24695,158449,1873
2021-12-16,Kings,031,150075,34127,33783,2094,35877,374
2021-12-16,Lake,033,64148,7034,6976,170,7146,115
2021-12-16,Lassen,035,31185,7098,7061,431,7492,55
2021-12-16,Los Angeles,037,10098052,1503073,1484840,58414,1543254,27135
2021-12-16,Madera,039,155013,24779,24575,2391,26966,313
2021-12-16,Marin,041,260295,18826,18537,573,19110,249
2021-12-16,Mariposa,043,17540,1486,1468,63,1531,6
2021-12-16,Mendocino,045,87422,8343,8219,701,8920,95
2021-12-16,Merced,047,269075,44052,43929,2231,46160,686
2021-12-16,Modoc,049,8938,601,595,204,799,6
2021-12-16,Mono,051,14174,1981,1956,23,1979,4
2021-12-16,Monterey,053,433212,50785,49343,3464,52807,635
2021-12-16,Napa,055,140530,13699,13581,138,13719,107
2021-12-16,Nevada,057,99092,10123,9991,354,10345,108
2021-12-16,Orange,059,3164182,321329,318149,16821,334970,5844
2021-12-16,Placer,061,380077,39793,39336,3999,43335,485
2021-12-16,Plumas,063,18699,2024,1964,50,2014,13
2021-12-16,Riverside,065,2383286,384590,379354,17081,396435,5439
2021-12-16,Sacramento,067,1510023,168635,167046,5230,172276,2404
2021-12-16,San Benito,069,59416,7933,7894,186,8080,79
2021-12-16,San Bernardino,071,2135413,375466,371658,12093,383751,6017
2021-12-16,San Diego,073,3302833,401337,397130,23374,420504,4399
2021-12-16,San Francisco,075,870044,57197,55562,2572,58134,679
2021-12-16,San Joaquin,077,732212,104622,103698,5766,109464,1858
2021-12-16,San Luis Obispo,079,281455,31305,30873,1392,32265,365
2021-12-16,San Mateo,081,765935,57404,55730,1053,56783,580
2021-12-16,Santa Barbara,083,443738,47194,46776,1673,48449,562
2021-12-16,Santa Clara,085,1922200,156144,154243,1800,156043,1946
2021-12-16,Santa Cruz,087,273765,22126,21805,1069,22874,225
2021-12-16,Shasta,089,179085,22943,22811,3768,26579,429
2021-12-16,Sierra,091,2930,203,199,21,220,0
2021-12-16,Siskiyou,093,43540,3503,3441,1387,4828,58
2021-12-16,Solano,095,438530,47953,47174,1404,48578,369
2021-12-16,Sonoma,097,501317,44193,43658,610,44268,407
2021-12-16,Stanislaus,099,539301,82521,82736,9493,92229,1330
2021-12-16,Sutter,101,95872,14458,14435,415,14850,190
2021-12-16,Tehama,103,63373,8910,8814,1567,10381,136
2021-12-16,Trinity,105,12862,913,823,228,1051,17
2021-12-16,Tulare,107,460477,72011,70922,16719,87641,1120
2021-12-16,Tuolumne,109,53932,7866,7834,112,7946,91
2021-12-16,Ventura,111,848112,102814,101612,4574,106186,1201
2021-12-16,Yolo,113,214977,21065,20793,1329,22122,267
2021-12-16,Yuba,115,75493,10703,10599,409,11008,96
2021-12-15,Alameda,001,1643700,125900,124342,3073,127415,1509
2021-12-15,Alpine,003,1148,108,109,0,109,0
2021-12-15,Amador,005,37829,5840,5810,77,5887,69
2021-12-15,Butte,007,227075,22162,21922,3977,25899,327
2021-12-15,Calaveras,009,45235,4571,4523,64,4587,89
2021-12-15,Colusa,011,21464,2653,2632,690,3322,21
2021-12-15,Contra Costa,013,1133247,104234,103236,2425,105661,1064
2021-12-15,Del Norte,015,27424,3816,3789,56,3845,43
2021-12-15,El Dorado,017,186661,17193,16936,1829,18765,171
2021-12-15,Fresno,019,978130,148470,146859,13475,160334,2319
2021-12-15,Glenn,021,27897,3621,3589,1055,4644,39
2021-12-15,Humboldt,023,135768,9977,9854,733,10587,118
2021-12-15,Imperial,025,180216,36673,36187,3990,40177,789
2021-12-15,Inyo,027,18085,2624,2606,44,2650,47
2021-12-15,Kern,029,883053,134766,133590,24648,158238,1866
2021-12-15,Kings,031,150075,34098,33716,2090,35806,374
2021-12-15,Lake,033,64148,7025,6968,169,7137,115
2021-12-15,Lassen,035,31185,7098,7062,431,7493,55
2021-12-15,Los Angeles,037,10098052,1499157,1482735,58217,1540952,27116
2021-12-15,Madera,039,155013,24761,24549,2385,26934,313
2021-12-15,Marin,041,260295,18768,18514,568,19082,249
2021-12-15,Mariposa,043,17540,1483,1463,63,1526,6
2021-12-15,Mendocino,045,87422,8338,8209,698,8907,95
2021-12-15,Merced,047,269075,44010,43890,2219,46109,685
2021-12-15,Modoc,049,8938,601,595,204,799,6
2021-12-15,Mono,051,14174,1977,1955,23,1978,4
2021-12-15,Monterey,053,433212,50730,49279,3446,52725,635
2021-12-15,Napa,055,140530,13670,13557,136,13693,107
2021-12-15,Nevada,057,99092,10102,9958,354,10312,107
2021-12-15,Orange,059,3164182,320749,317808,16779,334587,5838
2021-12-15,Placer,061,380077,39738,39264,3989,43253,485
2021-12-15,Plumas,063,18699,2020,1957,50,2007,12
2021-12-15,Riverside,065,2383286,383868,378769,17069,395838,5438
2021-12-15,Sacramento,067,1510023,168328,166793,5208,172001,2401
2021-12-15,San Benito,069,59416,7918,7877,186,8063,79
2021-12-15,San Bernardino,071,2135413,374925,371122,12061,383183,6013
2021-12-15,San Diego,073,3302833,400147,396546,23305,419851,4395
2021-12-15,San Francisco,075,870044,56879,55414,2554,57968,679
2021-12-15,San Joaquin,077,732212,104465,103579,5756,109335,1853
2021-12-15,San Luis Obispo,079,281455,31256,30784,1385,32169,365
2021-12-15,San Mateo,081,765935,57263,55657,1043,56700,580
2021-12-15,Santa Barbara,083,443738,47113,46681,1671,48352,562
2021-12-15,Santa Clara,085,1922200,155831,153928,1779,155707,1944
2021-12-15,Santa Cruz,087,273765,22086,21753,1062,22815,225
2021-12-15,Shasta,089,179085,22928,22778,3764,26542,427
2021-12-15,Sierra,091,2930,203,199,21,220,0
2021-12-15,Siskiyou,093,43540,3502,3434,1386,4820,58
2021-12-15,Solano,095,438530,47882,47098,1397,48495,367
2021-12-15,Sonoma,097,501317,44110,43580,605,44185,407
2021-12-15,Stanislaus,099,539301,82415,82628,9485,92113,1298
2021-12-15,Sutter,101,95872,14438,14428,414,14842,189
2021-12-15,Tehama,103,63373,8903,8806,1566,10372,136
2021-12-15,Trinity,105,12862,912,822,228,1050,17
2021-12-15,Tulare,107,460477,71959,70846,16690,87536,1120
2021-12-15,Tuolumne,109,53932,7857,7818,111,7929,91
2021-12-15,Ventura,111,848112,102599,101447,4568,106015,1199
2021-12-15,Yolo,113,214977,21037,20749,1324,22073,267
2021-12-15,Yuba,115,75493,10692,10587,408,10995,96
2021-12-14,Alameda,001,1643700,125572,124272,3061,127333,1506
2021-12-14,Alpine,003,1148,107,109,0,109,0
2021-12-14,Amador,005,37829,5834,5808,76,5884,69
2021-12-14,Butte,007,227075,22129,21901,3975,25876,326
2021-12-14,Calaveras,009,45235,4559,4517,64,4581,89
2021-12-14,Colusa,011,21464,2651,2628,690,3318,21
2021-12-14,Contra Costa,013,1133247,104050,103135,2421,105556,1064
2021-12-14,Del Norte,015,27424,3813,3788,56,3844,43
2021-12-14,El Dorado,017,186661,17159,16915,1827,18742,170
2021-12-14,Fresno,019,978130,148300,146756,13467,160223,2316
2021-12-14,Glenn,021,27897,3620,3589,1055,4644,39
2021-12-14,Humboldt,023,135768,9965,9836,725,10561,118
2021-12-14,Imperial,025,180216,36600,36049,3947,39996,789
2021-12-14,Inyo,027,18085,2624,2601,44,2645,46
2021-12-14,Kern,029,883053,134628,133498,24599,158097,1863
2021-12-14,Kings,031,150075,34061,33693,2087,35780,373
2021-12-14,Lake,033,64148,7016,6961,169,7130,115
2021-12-14,Lassen,035,31185,7097,7061,431,7492,55
2021-12-14,Los Angeles,037,10098052,1495492,1481131,58035,1539166,27099
2021-12-14,Madera,039,155013,24735,24535,2377,26912,313
2021-12-14,Marin,041,260295,18720,18491,566,19057,249
2021-12-14,Mariposa,043,17540,1480,1463,62,1525,6
2021-12-14,Mendocino,045,87422,8310,8206,696,8902,95
2021-12-14,Merced,047,269075,43964,43870,2217,46087,684
2021-12-14,Modoc,049,8938,600,595,204,799,6
2021-12-14,Mono,051,14174,1970,1955,23,1978,4
2021-12-14,Monterey,053,433212,50647,49237,3435,52672,635
2021-12-14,Napa,055,140530,13641,13528,136,13664,107
2021-12-14,Nevada,057,99092,10076,9956,353,10309,106
2021-12-14,Orange,059,3164182,320195,317465,16725,334190,5827
2021-12-14,Placer,061,380077,39661,39221,3984,43205,482
2021-12-14,Plumas,063,18699,2016,1950,48,1998,12
2021-12-14,Riverside,065,2383286,383175,378227,17052,395279,5427
2021-12-14,Sacramento,067,1510023,168017,166605,5185,171790,2394
2021-12-14,San Benito,069,59416,7899,7871,186,8057,79
2021-12-14,San Bernardino,071,2135413,374305,370604,12031,382635,6013
2021-12-14,San Diego,073,3302833,399008,395876,23254,419130,4393
2021-12-14,San Francisco,075,870044,56566,55278,2542,57820,679
2021-12-14,San Joaquin,077,732212,104320,103488,5738,109226,1848
2021-12-14,San Luis Obispo,079,281455,31196,30753,1381,32134,363
2021-12-14,San Mateo,081,765935,57099,55601,1036,56637,580
2021-12-14,Santa Barbara,083,443738,47011,46648,1666,48314,560
2021-12-14,Santa Clara,085,1922200,155510,153814,1766,155580,1945
2021-12-14,Santa Cruz,087,273765,22021,21737,1057,22794,225
2021-12-14,Shasta,089,179085,22901,22756,3763,26519,427
2021-12-14,Sierra,091,2930,201,199,21,220,0
2021-12-14,Siskiyou,093,43540,3497,3430,1385,4815,58
2021-12-14,Solano,095,438530,47835,47065,1391,48456,367
2021-12-14,Sonoma,097,501317,44028,43538,603,44141,407
2021-12-14,Stanislaus,099,539301,82330,82581,9471,92052,1293
2021-12-14,Sutter,101,95872,14426,14421,413,14834,189
2021-12-14,Tehama,103,63373,8899,8805,1566,10371,134
2021-12-14,Trinity,105,12862,912,821,228,1049,17
2021-12-14,Tulare,107,460477,71888,70803,16659,87462,1120
2021-12-14,Tuolumne,109,53932,7844,7815,111,7926,91
2021-12-14,Ventura,111,848112,102374,101343,4561,105904,1199
2021-12-14,Yolo,113,214977,21003,20734,1310,22044,267
2021-12-14,Yuba,115,75493,10675,10574,408,10982,92
2021-12-13,Alameda,001,1643700,125286,124174,3044,127218,1501
2021-12-13,Alpine,003,1148,107,109,0,109,0
2021-12-13,Amador,005,37829,5830,5797,76,5873,69
2021-12-13,Butte,007,227075,22105,21889,3971,25860,326
2021-12-13,Calaveras,009,45235,4552,4507,63,4570,89
2021-12-13,Colusa,011,21464,2649,2627,690,3317,21
2021-12-13,Contra Costa,013,1133247,103900,103041,2410,105451,1064
2021-12-13,Del Norte,015,27424,3809,3787,56,3843,42
2021-12-13,El Dorado,017,186661,17136,16896,1825,18721,170
2021-12-13,Fresno,019,978130,148148,146641,13457,160098,2312
2021-12-13,Glenn,021,27897,3615,3589,1053,4642,37
2021-12-13,Humboldt,023,135768,9936,9821,721,10542,118
2021-12-13,Imperial,025,180216,36516,35974,3926,39900,787
2021-12-13,Inyo,027,18085,2623,2592,44,2636,46
2021-12-13,Kern,029,883053,134501,133381,24546,157927,1863
2021-12-13,Kings,031,150075,34018,33680,2082,35762,372
2021-12-13,Lake,033,64148,7014,6958,167,7125,115
2021-12-13,Lassen,035,31185,7096,7057,431,7488,55
2021-12-13,Los Angeles,037,10098052,1492689,1480195,57869,1538064,27085
2021-12-13,Madera,039,155013,24707,24527,2372,26899,311
2021-12-13,Marin,041,260295,18660,18471,563,19034,249
2021-12-13,Mariposa,043,17540,1478,1462,62,1524,6
2021-12-13,Mendocino,045,87422,8297,8196,694,8890,95
2021-12-13,Merced,047,269075,43925,43848,2213,46061,682
2021-12-13,Modoc,049,8938,599,595,204,799,6
2021-12-13,Mono,051,14174,1963,1952,23,1975,4
2021-12-13,Monterey,053,433212,50595,49222,3415,52637,631
2021-12-13,Napa,055,140530,13628,13518,136,13654,107
2021-12-13,Nevada,057,99092,10057,9946,352,10298,106
2021-12-13,Orange,059,3164182,319725,317112,16671,333783,5824
2021-12-13,Placer,061,380077,39600,39168,3973,43141,481
2021-12-13,Plumas,063,18699,2012,1943,48,1991,12
2021-12-13,Riverside,065,2383286,382594,377728,17037,394765,5414
2021-12-13,Sacramento,067,1510023,167738,166439,5153,171592,2392
2021-12-13,San Benito,069,59416,7890,7856,186,8042,79
2021-12-13,San Bernardino,071,2135413,373735,370274,12022,382296,6011
2021-12-13,San Diego,073,3302833,398198,395266,23201,418467,4389
2021-12-13,San Francisco,075,870044,56295,55245,2529,57774,678
2021-12-13,San Joaquin,077,732212,104204,103449,5729,109178,1846
2021-12-13,San Luis Obispo,079,281455,31147,30746,1377,32123,363
2021-12-13,San Mateo,081,765935,56939,55569,1027,56596,580
2021-12-13,Santa Barbara,083,443738,46924,46608,1661,48269,560
2021-12-13,Santa Clara,085,1922200,155245,153672,1755,155427,1944
2021-12-13,Santa Cruz,087,273765,21966,21698,1054,22752,225
2021-12-13,Shasta,089,179085,22880,22731,3761,26492,426
2021-12-13,Sierra,091,2930,201,199,21,220,0
2021-12-13,Siskiyou,093,43540,3493,3426,1382,4808,57
2021-12-13,Solano,095,438530,47761,47045,1386,48431,365
2021-12-13,Sonoma,097,501317,43933,43492,601,44093,407
2021-12-13,Stanislaus,099,539301,82215,82507,9449,91956,1282
2021-12-13,Sutter,101,95872,14419,14408,413,14821,188
2021-12-13,Tehama,103,63373,8886,8800,1566,10366,134
2021-12-13,Trinity,105,12862,912,820,228,1048,17
2021-12-13,Tulare,107,460477,71831,70758,16635,87393,1114
2021-12-13,Tuolumne,109,53932,7833,7804,111,7915,91
2021-12-13,Ventura,111,848112,102149,101180,4550,105730,1197
2021-12-13,Yolo,113,214977,20954,20706,1305,22011,267
2021-12-13,Yuba,115,75493,10658,10570,408,10978,92
2021-12-12,Alameda,001,1643700,125001,124075,3031,127106,1503
2021-12-12,Alpine,003,1148,107,109,0,109,0
2021-12-12,Amador,005,37829,5822,5797,75,5872,69
2021-12-12,Butte,007,227075,22081,21874,3968,25842,326
2021-12-12,Calaveras,009,45235,4542,4501,63,4564,89
2021-12-12,Colusa,011,21464,2644,2627,687,3314,21
2021-12-12,Contra Costa,013,1133247,103712,102976,2408,105384,1065
2021-12-12,Del Norte,015,27424,3806,3793,56,3849,42
2021-12-12,El Dorado,017,186661,17100,16890,1817,18707,170
2021-12-12,Fresno,019,978130,147985,146518,13441,159959,2310
2021-12-12,Glenn,021,27897,3612,3589,1053,4642,37
2021-12-12,Humboldt,023,135768,9912,9804,714,10518,118
2021-12-12,Imperial,025,180216,36381,35926,3894,39820,787
2021-12-12,Inyo,027,18085,2618,2592,44,2636,46
2021-12-12,Kern,029,883053,134335,133314,24505,157819,1861
2021-12-12,Kings,031,150075,33967,33661,2080,35741,372
2021-12-12,Lake,033,64148,7007,6955,165,7120,115
2021-12-12,Lassen,035,31185,7095,7057,431,7488,55
2021-12-12,Los Angeles,037,10098052,1489758,1479054,57684,1536738,27074
2021-12-12,Madera,039,155013,24677,24493,2364,26857,311
2021-12-12,Marin,041,260295,18607,18451,559,19010,249
2021-12-12,Mariposa,043,17540,1477,1461,62,1523,6
2021-12-12,Mendocino,045,87422,8284,8190,693,8883,95
2021-12-12,Merced,047,269075,43891,43821,2206,46027,682
2021-12-12,Modoc,049,8938,599,595,203,798,6
2021-12-12,Mono,051,14174,1959,1947,23,1970,4
2021-12-12,Monterey,053,433212,50542,49192,3389,52581,631
2021-12-12,Napa,055,140530,13585,13508,134,13642,107
2021-12-12,Nevada,057,99092,10030,9938,351,10289,106
2021-12-12,Orange,059,3164182,319220,316918,16606,333524,5825
2021-12-12,Placer,061,380077,39535,39139,3967,43106,481
2021-12-12,Plumas,063,18699,2008,1942,46,1988,12
2021-12-12,Riverside,065,2383286,381919,377467,17011,394478,5414
2021-12-12,Sacramento,067,1510023,167472,166291,5132,171423,2392
2021-12-12,San Benito,069,59416,7870,7853,186,8039,79
2021-12-12,San Bernardino,071,2135413,373099,369977,11998,381975,6011
2021-12-12,San Diego,073,3302833,397298,393307,23163,416470,4378
2021-12-12,San Francisco,075,870044,56041,55180,2517,57697,678
2021-12-12,San Joaquin,077,732212,104065,103405,5719,109124,1846
2021-12-12,San Luis Obispo,079,281455,31094,30719,1375,32094,363
2021-12-12,San Mateo,081,765935,56824,55505,1023,56528,580
2021-12-12,Santa Barbara,083,443738,46849,46586,1659,48245,560
2021-12-12,Santa Clara,085,1922200,154966,153452,1741,155193,1945
2021-12-12,Santa Cruz,087,273765,21917,21671,1052,22723,225
2021-12-12,Shasta,089,179085,22852,22732,3760,26492,426
2021-12-12,Sierra,091,2930,201,199,21,220,0
2021-12-12,Siskiyou,093,43540,3493,3424,1382,4806,57
2021-12-12,Solano,095,438530,47695,47021,1381,48402,365
2021-12-12,Sonoma,097,501317,43840,43424,598,44022,407
2021-12-12,Stanislaus,099,539301,82117,82460,9437,91897,1282
2021-12-12,Sutter,101,95872,14408,14396,413,14809,189
2021-12-12,Tehama,103,63373,8875,8796,1564,10360,134
2021-12-12,Trinity,105,12862,910,820,228,1048,17
2021-12-12,Tulare,107,460477,71753,70733,16593,87326,1115
2021-12-12,Tuolumne,109,53932,7816,7794,111,7905,91
2021-12-12,Ventura,111,848112,101955,101105,4536,105641,1197
2021-12-12,Yolo,113,214977,20904,20685,1294,21979,267
2021-12-12,Yuba,115,75493,10644,10565,405,10970,92
2021-12-11,Alameda,001,1643700,124864,123572,3029,126601,1496
2021-12-11,Alpine,003,1148,107,109,0,109,0
2021-12-11,Amador,005,37829,5817,5787,75,5862,69
2021-12-11,Butte,007,227075,22067,21819,3967,25786,326
2021-12-11,Calaveras,009,45235,4534,4469,62,4531,89
2021-12-11,Colusa,011,21464,2640,2619,686,3305,21
2021-12-11,Contra Costa,013,1133247,103626,102618,2406,105024,1061
2021-12-11,Del Norte,015,27424,3806,3778,56,3834,42
2021-12-11,El Dorado,017,186661,17079,16796,1816,18612,170
2021-12-11,Fresno,019,978130,147898,145988,13432,159420,2294
2021-12-11,Glenn,021,27897,3611,3585,1053,4638,37
2021-12-11,Humboldt,023,135768,9895,9721,711,10432,118
2021-12-11,Imperial,025,180216,36322,35635,3884,39519,782
2021-12-11,Inyo,027,18085,2613,2576,44,2620,46
2021-12-11,Kern,029,883053,134266,132852,24470,157322,1854
2021-12-11,Kings,031,150075,33954,33530,2078,35608,371
2021-12-11,Lake,033,64148,7006,6932,163,7095,114
2021-12-11,Lassen,035,31185,7094,7049,431,7480,55
2021-12-11,Los Angeles,037,10098052,1488532,1474030,57592,1531622,27031
2021-12-11,Madera,039,155013,24671,24417,2363,26780,311
2021-12-11,Marin,041,260295,18573,18339,556,18895,249
2021-12-11,Mariposa,043,17540,1476,1450,62,1512,6
2021-12-11,Mendocino,045,87422,8277,8130,693,8823,95
2021-12-11,Merced,047,269075,43872,43690,2205,45895,681
2021-12-11,Modoc,049,8938,599,594,203,797,6
2021-12-11,Mono,051,14174,1955,1926,23,1949,4
2021-12-11,Monterey,053,433212,50514,49008,3386,52394,631
2021-12-11,Napa,055,140530,13568,13459,134,13593,107
2021-12-11,Nevada,057,99092,10016,9880,351,10231,106
2021-12-11,Orange,059,3164182,318967,315759,16578,332337,5805
2021-12-11,Placer,061,380077,39477,38959,3960,42919,481
2021-12-11,Plumas,063,18699,2002,1934,46,1980,12
2021-12-11,Riverside,065,2383286,381500,375649,16996,392645,5408
2021-12-11,Sacramento,067,1510023,167342,165530,5122,170652,2386
2021-12-11,San Benito,069,59416,7856,7808,186,7994,79
2021-12-11,San Bernardino,071,2135413,372739,368145,11988,380133,6007
2021-12-11,San Diego,073,3302833,396874,392274,23125,415399,4374
2021-12-11,San Francisco,075,870044,55888,54869,2512,57381,678
2021-12-11,San Joaquin,077,732212,104004,103013,5715,108728,1842
2021-12-11,San Luis Obispo,079,281455,31072,30567,1371,31938,362
2021-12-11,San Mateo,081,765935,56746,55284,1021,56305,580
2021-12-11,Santa Barbara,083,443738,46814,46309,1659,47968,559
2021-12-11,Santa Clara,085,1922200,154768,152846,1729,154575,1941
2021-12-11,Santa Cruz,087,273765,21893,21557,1052,22609,225
2021-12-11,Shasta,089,179085,22837,22660,3756,26416,419
2021-12-11,Sierra,091,2930,201,199,21,220,0
2021-12-11,Siskiyou,093,43540,3487,3418,1379,4797,57
2021-12-11,Solano,095,438530,47666,46891,1376,48267,365
2021-12-11,Sonoma,097,501317,43792,43227,598,43825,407
2021-12-11,Stanislaus,099,539301,82067,82133,9428,91561,1264
2021-12-11,Sutter,101,95872,14399,14354,413,14767,187
2021-12-11,Tehama,103,63373,8872,8776,1562,10338,134
2021-12-11,Trinity,105,12862,910,819,228,1047,17
2021-12-11,Tulare,107,460477,71710,70523,16583,87106,1103
2021-12-11,Tuolumne,109,53932,7807,7760,111,7871,91
2021-12-11,Ventura,111,848112,101880,100711,4529,105240,1195
2021-12-11,Yolo,113,214977,20885,20608,1290,21898,267
2021-12-11,Yuba,115,75493,10632,10519,404,10923,92
2021-12-10,Alameda,001,1643700,124738,123572,3022,126594,1496
2021-12-10,Alpine,003,1148,106,109,0,109,0
2021-12-10,Amador,005,37829,5810,5787,75,5862,69
2021-12-10,Butte,007,227075,22054,21819,3965,25784,326
2021-12-10,Calaveras,009,45235,4531,4469,62,4531,89
2021-12-10,Colusa,011,21464,2639,2619,686,3305,21
2021-12-10,Contra Costa,013,1133247,103530,102618,2405,105023,1061
2021-12-10,Del Norte,015,27424,3806,3778,56,3834,42
2021-12-10,El Dorado,017,186661,17066,16796,1816,18612,170
2021-12-10,Fresno,019,978130,147810,145988,13421,159409,2294
2021-12-10,Glenn,021,27897,3611,3585,1053,4638,37
2021-12-10,Humboldt,023,135768,9878,9721,709,10430,118
2021-12-10,Imperial,025,180216,36267,35635,3869,39504,782
2021-12-10,Inyo,027,18085,2610,2576,44,2620,46
2021-12-10,Kern,029,883053,134177,132852,24446,157298,1854
2021-12-10,Kings,031,150075,33939,33530,2076,35606,371
2021-12-10,Lake,033,64148,6999,6932,163,7095,114
2021-12-10,Lassen,035,31185,7093,7049,431,7480,55
2021-12-10,Los Angeles,037,10098052,1487430,1474030,57504,1531534,27031
2021-12-10,Madera,039,155013,24653,24417,2361,26778,311
2021-12-10,Marin,041,260295,18551,18339,556,18895,249
2021-12-10,Mariposa,043,17540,1473,1450,62,1512,6
2021-12-10,Mendocino,045,87422,8270,8130,692,8822,95
2021-12-10,Merced,047,269075,43854,43690,2203,45893,681
2021-12-10,Modoc,049,8938,599,594,203,797,6
2021-12-10,Mono,051,14174,1952,1926,23,1949,4
2021-12-10,Monterey,053,433212,50477,49008,3380,52388,631
2021-12-10,Napa,055,140530,13556,13459,133,13592,107
2021-12-10,Nevada,057,99092,10007,9880,351,10231,106
2021-12-10,Orange,059,3164182,318695,315759,16546,332305,5805
2021-12-10,Placer,061,380077,39434,38959,3957,42916,481
2021-12-10,Plumas,063,18699,2000,1934,46,1980,12
2021-12-10,Riverside,065,2383286,381094,375649,16985,392634,5408
2021-12-10,Sacramento,067,1510023,167188,165530,5120,170650,2386
2021-12-10,San Benito,069,59416,7852,7808,186,7994,79
2021-12-10,San Bernardino,071,2135413,372368,368145,11965,380110,6007
2021-12-10,San Diego,073,3302833,396393,392274,23111,415385,4374
2021-12-10,San Francisco,075,870044,55803,54869,2506,57375,678
2021-12-10,San Joaquin,077,732212,103949,103013,5711,108724,1842
2021-12-10,San Luis Obispo,079,281455,31062,30567,1368,31935,362
2021-12-10,San Mateo,081,765935,56689,55284,1018,56302,580
2021-12-10,Santa Barbara,083,443738,46778,46309,1658,47967,559
2021-12-10,Santa Clara,085,1922200,154597,152846,1716,154562,1941
2021-12-10,Santa Cruz,087,273765,21873,21557,1051,22608,225
2021-12-10,Shasta,089,179085,22826,22660,3753,26413,419
2021-12-10,Sierra,091,2930,201,199,21,220,0
2021-12-10,Siskiyou,093,43540,3480,3418,1379,4797,57
2021-12-10,Solano,095,438530,47624,46891,1372,48263,365
2021-12-10,Sonoma,097,501317,43758,43227,597,43824,407
2021-12-10,Stanislaus,099,539301,82001,82133,9422,91555,1264
2021-12-10,Sutter,101,95872,14391,14354,413,14767,187
2021-12-10,Tehama,103,63373,8870,8776,1560,10336,134
2021-12-10,Trinity,105,12862,910,819,228,1047,17
2021-12-10,Tulare,107,460477,71681,70523,16558,87081,1103
2021-12-10,Tuolumne,109,53932,7801,7760,111,7871,91
2021-12-10,Ventura,111,848112,101776,100711,4526,105237,1195
2021-12-10,Yolo,113,214977,20871,20608,1288,21896,267
2021-12-10,Yuba,115,75493,10620,10519,403,10922,92
2021-12-09,Alameda,001,1643700,124594,123572,3017,126589,1496
2021-12-09,Alpine,003,1148,106,109,0,109,0
2021-12-09,Amador,005,37829,5807,5787,74,5861,69
2021-12-09,Butte,007,227075,22033,21819,3962,25781,326
2021-12-09,Calaveras,009,45235,4522,4469,62,4531,89
2021-12-09,Colusa,011,21464,2637,2619,686,3305,21
2021-12-09,Contra Costa,013,1133247,103411,102618,2399,105017,1061
2021-12-09,Del Norte,015,27424,3805,3778,56,3834,42
2021-12-09,El Dorado,017,186661,17038,16796,1811,18607,170
2021-12-09,Fresno,019,978130,147662,145988,13410,159398,2294
2021-12-09,Glenn,021,27897,3611,3585,1053,4638,37
2021-12-09,Humboldt,023,135768,9855,9721,708,10429,118
2021-12-09,Imperial,025,180216,36197,35635,3839,39474,782
2021-12-09,Inyo,027,18085,2608,2576,44,2620,46
2021-12-09,Kern,029,883053,134051,132852,24413,157265,1854
2021-12-09,Kings,031,150075,33913,33530,2073,35603,371
2021-12-09,Lake,033,64148,6991,6932,163,7095,114
2021-12-09,Lassen,035,31185,7091,7049,431,7480,55
2021-12-09,Los Angeles,037,10098052,1485871,1474030,57418,1531448,27031
2021-12-09,Madera,039,155013,24628,24417,2358,26775,311
2021-12-09,Marin,041,260295,18538,18339,554,18893,249
2021-12-09,Mariposa,043,17540,1472,1450,62,1512,6
2021-12-09,Mendocino,045,87422,8257,8130,689,8819,95
2021-12-09,Merced,047,269075,43816,43690,2191,45881,681
2021-12-09,Modoc,049,8938,599,594,203,797,6
2021-12-09,Mono,051,14174,1948,1926,23,1949,4
2021-12-09,Monterey,053,433212,50430,49008,3369,52377,631
2021-12-09,Napa,055,140530,13536,13459,129,13588,107
2021-12-09,Nevada,057,99092,9988,9880,351,10231,106
2021-12-09,Orange,059,3164182,318362,315759,16507,332266,5805
2021-12-09,Placer,061,380077,39391,38959,3944,42903,481
2021-12-09,Plumas,063,18699,1992,1934,46,1980,12
2021-12-09,Riverside,065,2383286,380543,375649,16969,392618,5408
2021-12-09,Sacramento,067,1510023,166970,165530,5105,170635,2386
2021-12-09,San Benito,069,59416,7840,7808,185,7993,79
2021-12-09,San Bernardino,071,2135413,371862,368145,11942,380087,6007
2021-12-09,San Diego,073,3302833,395745,392274,23081,415355,4374
2021-12-09,San Francisco,075,870044,55718,54869,2499,57368,678
2021-12-09,San Joaquin,077,732212,103857,103013,5705,108718,1842
2021-12-09,San Luis Obispo,079,281455,31034,30567,1366,31933,362
2021-12-09,San Mateo,081,765935,56601,55284,1016,56300,580
2021-12-09,Santa Barbara,083,443738,46698,46309,1651,47960,559
2021-12-09,Santa Clara,085,1922200,154383,152846,1705,154551,1941
2021-12-09,Santa Cruz,087,273765,21845,21557,1051,22608,225
2021-12-09,Shasta,089,179085,22810,22660,3752,26412,419
2021-12-09,Sierra,091,2930,201,199,21,220,0
2021-12-09,Siskiyou,093,43540,3476,3418,1378,4796,57
2021-12-09,Solano,095,438530,47587,46891,1370,48261,365
2021-12-09,Sonoma,097,501317,43701,43227,596,43823,407
2021-12-09,Stanislaus,099,539301,81931,82133,9407,91540,1264
2021-12-09,Sutter,101,95872,14376,14354,413,14767,187
2021-12-09,Tehama,103,63373,8863,8776,1558,10334,134
2021-12-09,Trinity,105,12862,910,819,228,1047,17
2021-12-09,Tulare,107,460477,71624,70523,16529,87052,1103
2021-12-09,Tuolumne,109,53932,7790,7760,111,7871,91
2021-12-09,Ventura,111,848112,101631,100711,4514,105225,1195
2021-12-09,Yolo,113,214977,20848,20608,1280,21888,267
2021-12-09,Yuba,115,75493,10612,10519,400,10919,92
2021-12-08,Alameda,001,1643700,124446,123438,3007,126445,1496
2021-12-08,Alpine,003,1148,106,108,0,108,0
2021-12-08,Amador,005,37829,5802,5781,74,5855,69
2021-12-08,Butte,007,227075,22017,21780,3959,25739,326
2021-12-08,Calaveras,009,45235,4513,4455,62,4517,89
2021-12-08,Colusa,011,21464,2634,2619,685,3304,21
2021-12-08,Contra Costa,013,1133247,103281,102506,2398,104904,1058
2021-12-08,Del Norte,015,27424,3804,3767,56,3823,42
2021-12-08,El Dorado,017,186661,17006,16757,1811,18568,170
2021-12-08,Fresno,019,978130,147503,145830,13395,159225,2293
2021-12-08,Glenn,021,27897,3611,3584,1049,4633,37
2021-12-08,Humboldt,023,135768,9833,9704,706,10410,117
2021-12-08,Imperial,025,180216,36117,35537,3808,39345,782
2021-12-08,Inyo,027,18085,2605,2570,44,2614,46
2021-12-08,Kern,029,883053,133928,132709,24365,157074,1846
2021-12-08,Kings,031,150075,33878,33468,2072,35540,371
2021-12-08,Lake,033,64148,6985,6927,162,7089,114
2021-12-08,Lassen,035,31185,7089,7041,429,7470,55
2021-12-08,Los Angeles,037,10098052,1484301,1472410,57306,1529716,27018
2021-12-08,Madera,039,155013,24607,24396,2351,26747,311
2021-12-08,Marin,041,260295,18517,18305,551,18856,249
2021-12-08,Mariposa,043,17540,1469,1447,62,1509,6
2021-12-08,Mendocino,045,87422,8244,8118,688,8806,95
2021-12-08,Merced,047,269075,43784,43631,2184,45815,680
2021-12-08,Modoc,049,8938,599,594,203,797,6
2021-12-08,Mono,051,14174,1942,1924,23,1947,4
2021-12-08,Monterey,053,433212,50365,48957,3354,52311,631
2021-12-08,Napa,055,140530,13522,13421,129,13550,107
2021-12-08,Nevada,057,99092,9972,9862,351,10213,106
2021-12-08,Orange,059,3164182,318012,315421,16469,331890,5795
2021-12-08,Placer,061,380077,39339,38934,3939,42873,478
2021-12-08,Plumas,063,18699,1990,1924,46,1970,12
2021-12-08,Riverside,065,2383286,380028,375099,16946,392045,5404
2021-12-08,Sacramento,067,1510023,166715,165278,5077,170355,2373
2021-12-08,San Benito,069,59416,7831,7793,185,7978,79
2021-12-08,San Bernardino,071,2135413,371383,367516,11914,379430,6006
2021-12-08,San Diego,073,3302833,395090,391676,23049,414725,4369
2021-12-08,San Francisco,075,870044,55631,54792,2491,57283,677
2021-12-08,San Joaquin,077,732212,103755,102877,5696,108573,1841
2021-12-08,San Luis Obispo,079,281455,30986,30519,1361,31880,361
2021-12-08,San Mateo,081,765935,56534,55220,1010,56230,580
2021-12-08,Santa Barbara,083,443738,46643,46250,1648,47898,558
2021-12-08,Santa Clara,085,1922200,154221,152674,1694,154368,1937
2021-12-08,Santa Cruz,087,273765,21799,21505,1049,22554,224
2021-12-08,Shasta,089,179085,22790,22616,3746,26362,419
2021-12-08,Sierra,091,2930,201,199,21,220,0
2021-12-08,Siskiyou,093,43540,3475,3415,1376,4791,57
2021-12-08,Solano,095,438530,47557,46837,1369,48206,365
2021-12-08,Sonoma,097,501317,43638,43179,595,43774,405
2021-12-08,Stanislaus,099,539301,81849,82038,9394,91432,1264
2021-12-08,Sutter,101,95872,14360,14336,411,14747,187
2021-12-08,Tehama,103,63373,8854,8768,1558,10326,133
2021-12-08,Trinity,105,12862,910,818,228,1046,17
2021-12-08,Tulare,107,460477,71561,70472,16504,86976,1102
2021-12-08,Tuolumne,109,53932,7777,7749,111,7860,91
2021-12-08,Ventura,111,848112,101503,100647,4511,105158,1194
2021-12-08,Yolo,113,214977,20822,20575,1274,21849,267
2021-12-08,Yuba,115,75493,10598,10499,397,10896,92
2021-12-07,Alameda,001,1643700,124272,123325,2998,126323,1497
2021-12-07,Alpine,003,1148,106,108,0,108,0
2021-12-07,Amador,005,37829,5799,5778,73,5851,69
2021-12-07,Butte,007,227075,21993,21761,3954,25715,324
2021-12-07,Calaveras,009,45235,4497,4445,62,4507,88
2021-12-07,Colusa,011,21464,2632,2619,685,3304,21
2021-12-07,Contra Costa,013,1133247,103159,102421,2389,104810,1058
2021-12-07,Del Norte,015,27424,3803,3766,56,3822,42
2021-12-07,El Dorado,017,186661,16981,16742,1808,18550,170
2021-12-07,Fresno,019,978130,147356,145715,13379,159094,2289
2021-12-07,Glenn,021,27897,3610,3579,1049,4628,36
2021-12-07,Humboldt,023,135768,9808,9693,701,10394,117
2021-12-07,Imperial,025,180216,36039,35502,3786,39288,778
2021-12-07,Inyo,027,18085,2602,2567,44,2611,46
2021-12-07,Kern,029,883053,133768,132564,24312,156876,1838
2021-12-07,Kings,031,150075,33846,33441,2069,35510,372
2021-12-07,Lake,033,64148,6980,6925,162,7087,113
2021-12-07,Lassen,035,31185,7088,7040,428,7468,55
2021-12-07,Los Angeles,037,10098052,1482496,1470904,57203,1528107,27007
2021-12-07,Madera,039,155013,24584,24367,2344,26711,311
2021-12-07,Marin,041,260295,18483,18284,545,18829,249
2021-12-07,Mariposa,043,17540,1467,1446,62,1508,6
2021-12-07,Mendocino,045,87422,8225,8107,688,8795,95
2021-12-07,Merced,047,269075,43743,43600,2177,45777,675
2021-12-07,Modoc,049,8938,599,594,202,796,6
2021-12-07,Mono,051,14174,1940,1921,23,1944,4
2021-12-07,Monterey,053,433212,50282,48880,3337,52217,631
2021-12-07,Napa,055,140530,13504,13409,129,13538,107
2021-12-07,Nevada,057,99092,9958,9858,350,10208,105
2021-12-07,Orange,059,3164182,317678,315138,16420,331558,5784
2021-12-07,Placer,061,380077,39262,38860,3935,42795,474
2021-12-07,Plumas,063,18699,1986,1915,46,1961,12
2021-12-07,Riverside,065,2383286,379494,374552,16930,391482,5397
2021-12-07,Sacramento,067,1510023,166469,165148,5063,170211,2375
2021-12-07,San Benito,069,59416,7814,7776,185,7961,78
2021-12-07,San Bernardino,071,2135413,370802,366981,11894,378875,6007
2021-12-07,San Diego,073,3302833,394242,391110,23011,414121,4357
2021-12-07,San Francisco,075,870044,55521,54729,2486,57215,676
2021-12-07,San Joaquin,077,732212,103637,102797,5684,108481,1839
2021-12-07,San Luis Obispo,079,281455,30946,30495,1359,31854,361
2021-12-07,San Mateo,081,765935,56442,55163,1004,56167,580
2021-12-07,Santa Barbara,083,443738,46571,46205,1646,47851,556
2021-12-07,Santa Clara,085,1922200,154035,152465,1685,154150,1941
2021-12-07,Santa Cruz,087,273765,21752,21493,1049,22542,224
2021-12-07,Shasta,089,179085,22768,22594,3743,26337,418
2021-12-07,Sierra,091,2930,201,199,21,220,0
2021-12-07,Siskiyou,093,43540,3473,3412,1376,4788,57
2021-12-07,Solano,095,438530,47517,46812,1367,48179,365
2021-12-07,Sonoma,097,501317,43564,43154,594,43748,405
2021-12-07,Stanislaus,099,539301,81772,81980,9383,91363,1258
2021-12-07,Sutter,101,95872,14352,14322,410,14732,186
2021-12-07,Tehama,103,63373,8846,8765,1557,10322,133
2021-12-07,Trinity,105,12862,910,818,228,1046,17
2021-12-07,Tulare,107,460477,71505,70411,16475,86886,1103
2021-12-07,Tuolumne,109,53932,7769,7743,111,7854,91
2021-12-07,Ventura,111,848112,101406,100569,4501,105070,1194
2021-12-07,Yolo,113,214977,20796,20560,1271,21831,263
2021-12-07,Yuba,115,75493,10580,10491,396,10887,91
2021-12-06,Alameda,001,1643700,124106,123227,2995,126222,1496
2021-12-06,Alpine,003,1148,106,108,0,108,0
2021-12-06,Amador,005,37829,5792,5769,72,5841,67
2021-12-06,Butte,007,227075,21975,21732,3951,25683,321
2021-12-06,Calaveras,009,45235,4490,4443,62,4505,88
2021-12-06,Colusa,011,21464,2631,2615,681,3296,21
2021-12-06,Contra Costa,013,1133247,103039,102327,2385,104712,1058
2021-12-06,Del Norte,015,27424,3801,3744,56,3800,42
2021-12-06,El Dorado,017,186661,16956,16726,1806,18532,168
2021-12-06,Fresno,019,978130,147156,145539,13369,158908,2285
2021-12-06,Glenn,021,27897,3607,3577,1048,4625,36
2021-12-06,Humboldt,023,135768,9788,9671,694,10365,117
2021-12-06,Imperial,025,180216,35958,35453,3768,39221,778
2021-12-06,Inyo,027,18085,2596,2562,43,2605,46
2021-12-06,Kern,029,883053,133581,132366,24254,156620,1835
2021-12-06,Kings,031,150075,33813,33399,2064,35463,368
2021-12-06,Lake,033,64148,6976,6922,162,7084,113
2021-12-06,Lassen,035,31185,7083,7032,426,7458,51
2021-12-06,Los Angeles,037,10098052,1480817,1470059,57111,1527170,26993
2021-12-06,Madera,039,155013,24557,24334,2341,26675,307
2021-12-06,Marin,041,260295,18455,18252,543,18795,249
2021-12-06,Mariposa,043,17540,1464,1443,62,1505,6
2021-12-06,Mendocino,045,87422,8212,8079,684,8763,95
2021-12-06,Merced,047,269075,43703,43549,2167,45716,672
2021-12-06,Modoc,049,8938,599,593,202,795,6
2021-12-06,Mono,051,14174,1935,1913,23,1936,4
2021-12-06,Monterey,053,433212,50205,48831,3318,52149,626
2021-12-06,Napa,055,140530,13481,13387,127,13514,107
2021-12-06,Nevada,057,99092,9930,9847,349,10196,105
2021-12-06,Orange,059,3164182,317296,314859,16377,331236,5771
2021-12-06,Placer,061,380077,39204,38785,3930,42715,473
2021-12-06,Plumas,063,18699,1978,1913,46,1959,10
2021-12-06,Riverside,065,2383286,378972,374116,16916,391032,5388
2021-12-06,Sacramento,067,1510023,166192,164926,5042,169968,2367
2021-12-06,San Benito,069,59416,7798,7755,185,7940,78
2021-12-06,San Bernardino,071,2135413,370249,366606,11867,378473,5998
2021-12-06,San Diego,073,3302833,393391,390389,22966,413355,4352
2021-12-06,San Francisco,075,870044,55414,54659,2481,57140,674
2021-12-06,San Joaquin,077,732212,103509,102728,5677,108405,1837
2021-12-06,San Luis Obispo,079,281455,30908,30464,1357,31821,361
2021-12-06,San Mateo,081,765935,56368,55112,1001,56113,580
2021-12-06,Santa Barbara,083,443738,46479,46146,1645,47791,556
2021-12-06,Santa Clara,085,1922200,153826,152310,1668,153978,1937
2021-12-06,Santa Cruz,087,273765,21717,21450,1046,22496,224
2021-12-06,Shasta,089,179085,22745,22556,3735,26291,416
2021-12-06,Sierra,091,2930,200,198,21,219,0
2021-12-06,Siskiyou,093,43540,3471,3409,1371,4780,57
2021-12-06,Solano,095,438530,47472,46748,1366,48114,360
2021-12-06,Sonoma,097,501317,43495,43114,586,43700,405
2021-12-06,Stanislaus,099,539301,81678,81889,9349,91238,1241
2021-12-06,Sutter,101,95872,14340,14319,410,14729,186
2021-12-06,Tehama,103,63373,8838,8760,1557,10317,133
2021-12-06,Trinity,105,12862,910,815,227,1042,17
2021-12-06,Tulare,107,460477,71428,70285,16436,86721,1101
2021-12-06,Tuolumne,109,53932,7755,7726,111,7837,91
2021-12-06,Ventura,111,848112,101304,100426,4493,104919,1194
2021-12-06,Yolo,113,214977,20772,20548,1270,21818,263
2021-12-06,Yuba,115,75493,10565,10480,391,10871,91
2021-12-05,Alameda,001,1643700,123923,123104,2987,126091,1496
2021-12-05,Alpine,003,1148,105,108,0,108,0
2021-12-05,Amador,005,37829,5789,5761,72,5833,67
2021-12-05,Butte,007,227075,21942,21720,3945,25665,320
2021-12-05,Calaveras,009,45235,4473,4434,62,4496,88
2021-12-05,Colusa,011,21464,2630,2615,680,3295,21
2021-12-05,Contra Costa,013,1133247,102908,102251,2375,104626,1058
2021-12-05,Del Norte,015,27424,3799,3751,56,3807,42
2021-12-05,El Dorado,017,186661,16919,16717,1800,18517,168
2021-12-05,Fresno,019,978130,146982,145452,13348,158800,2284
2021-12-05,Glenn,021,27897,3605,3577,1047,4624,36
2021-12-05,Humboldt,023,135768,9758,9662,691,10353,117
2021-12-05,Imperial,025,180216,35864,35422,3739,39161,778
2021-12-05,Inyo,027,18085,2589,2559,43,2602,46
2021-12-05,Kern,029,883053,133416,132286,24202,156488,1833
2021-12-05,Kings,031,150075,33750,33360,2064,35424,369
2021-12-05,Lake,033,64148,6971,6919,161,7080,113
2021-12-05,Lassen,035,31185,7081,7031,426,7457,51
2021-12-05,Los Angeles,037,10098052,1478955,1468937,56970,1525907,26991
2021-12-05,Madera,039,155013,24516,24311,2338,26649,307
2021-12-05,Marin,041,260295,18408,18216,535,18751,249
2021-12-05,Mariposa,043,17540,1461,1440,61,1501,6
2021-12-05,Mendocino,045,87422,8193,8069,678,8747,95
2021-12-05,Merced,047,269075,43658,43534,2158,45692,672
2021-12-05,Modoc,049,8938,599,593,202,795,6
2021-12-05,Mono,051,14174,1928,1907,23,1930,4
2021-12-05,Monterey,053,433212,50133,48813,3286,52099,626
2021-12-05,Napa,055,140530,13455,13382,124,13506,107
2021-12-05,Nevada,057,99092,9909,9827,349,10176,105
2021-12-05,Orange,059,3164182,316861,314560,16334,330894,5771
2021-12-05,Placer,061,380077,39146,38738,3921,42659,473
2021-12-05,Plumas,063,18699,1974,1913,45,1958,9
2021-12-05,Riverside,065,2383286,378315,373827,16886,390713,5388
2021-12-05,Sacramento,067,1510023,165885,164721,5024,169745,2367
2021-12-05,San Benito,069,59416,7781,7748,184,7932,78
2021-12-05,San Bernardino,071,2135413,369547,366282,11820,378102,5998
2021-12-05,San Diego,073,3302833,392590,387979,22917,410896,4351
2021-12-05,San Francisco,075,870044,55313,54603,2479,57082,674
2021-12-05,San Joaquin,077,732212,103368,102698,5672,108370,1837
2021-12-05,San Luis Obispo,079,281455,30838,30454,1354,31808,360
2021-12-05,San Mateo,081,765935,56279,55050,991,56041,580
2021-12-05,Santa Barbara,083,443738,46396,46097,1637,47734,555
2021-12-05,Santa Clara,085,1922200,153571,152114,1648,153762,1933
2021-12-05,Santa Cruz,087,273765,21667,21424,1046,22470,224
2021-12-05,Shasta,089,179085,22688,22550,3734,26284,416
2021-12-05,Sierra,091,2930,200,198,21,219,0
2021-12-05,Siskiyou,093,43540,3469,3409,1369,4778,57
2021-12-05,Solano,095,438530,47409,46715,1364,48079,360
2021-12-05,Sonoma,097,501317,43418,43038,581,43619,405
2021-12-05,Stanislaus,099,539301,81544,81847,9339,91186,1241
2021-12-05,Sutter,101,95872,14316,14303,405,14708,186
2021-12-05,Tehama,103,63373,8830,8755,1556,10311,133
2021-12-05,Trinity,105,12862,909,815,227,1042,17
2021-12-05,Tulare,107,460477,71347,70254,16389,86643,1102
2021-12-05,Tuolumne,109,53932,7742,7718,111,7829,91
2021-12-05,Ventura,111,848112,101168,100367,4480,104847,1194
2021-12-05,Yolo,113,214977,20730,20512,1268,21780,263
2021-12-05,Yuba,115,75493,10552,10467,384,10851,91
2021-12-04,Alameda,001,1643700,123809,122508,2983,125491,1494
2021-12-04,Alpine,003,1148,105,108,0,108,0
2021-12-04,Amador,005,37829,5786,5729,72,5801,67
2021-12-04,Butte,007,227075,21923,21638,3941,25579,318
2021-12-04,Calaveras,009,45235,4465,4392,61,4453,88
2021-12-04,Colusa,011,21464,2630,2600,678,3278,21
2021-12-04,Contra Costa,013,1133247,102836,101824,2369,104193,1056
2021-12-04,Del Norte,015,27424,3796,3726,56,3782,42
2021-12-04,El Dorado,017,186661,16910,16621,1799,18420,168
2021-12-04,Fresno,019,978130,146894,144734,13339,158073,2270
2021-12-04,Glenn,021,27897,3605,3559,1047,4606,36
2021-12-04,Humboldt,023,135768,9743,9596,687,10283,117
2021-12-04,Imperial,025,180216,35809,35206,3726,38932,776
2021-12-04,Inyo,027,18085,2584,2538,43,2581,46
2021-12-04,Kern,029,883053,133336,131771,24179,155950,1817
2021-12-04,Kings,031,150075,33726,33183,2063,35246,367
2021-12-04,Lake,033,64148,6962,6903,161,7064,113
2021-12-04,Lassen,035,31185,7080,7014,424,7438,51
2021-12-04,Los Angeles,037,10098052,1478077,1463270,56892,1520162,26952
2021-12-04,Madera,039,155013,24502,24188,2334,26522,307
2021-12-04,Marin,041,260295,18386,18075,534,18609,249
2021-12-04,Mariposa,043,17540,1457,1421,61,1482,6
2021-12-04,Mendocino,045,87422,8188,7981,678,8659,91
2021-12-04,Merced,047,269075,43631,43337,2156,45493,671
2021-12-04,Modoc,049,8938,599,591,202,793,6
2021-12-04,Mono,051,14174,1928,1883,23,1906,4
2021-12-04,Monterey,053,433212,50100,48682,3279,51961,626
2021-12-04,Napa,055,140530,13445,13327,123,13450,106
2021-12-04,Nevada,057,99092,9901,9752,349,10101,105
2021-12-04,Orange,059,3164182,316631,313112,16308,329420,5748
2021-12-04,Placer,061,380077,39106,38460,3915,42375,473
2021-12-04,Plumas,063,18699,1971,1903,45,1948,7
2021-12-04,Riverside,065,2383286,377956,371768,16880,388648,5381
2021-12-04,Sacramento,067,1510023,165743,163900,5016,168916,2365
2021-12-04,San Benito,069,59416,7755,7688,184,7872,78
2021-12-04,San Bernardino,071,2135413,369158,364154,11806,375960,5983
2021-12-04,San Diego,073,3302833,392109,386710,22887,409597,4350
2021-12-04,San Francisco,075,870044,55245,54286,2476,56762,674
2021-12-04,San Joaquin,077,732212,103314,102286,5670,107956,1835
2021-12-04,San Luis Obispo,079,281455,30817,30318,1350,31668,360
2021-12-04,San Mateo,081,765935,56229,54774,988,55762,579
2021-12-04,Santa Barbara,083,443738,46351,45774,1637,47411,555
2021-12-04,Santa Clara,085,1922200,153417,151275,1634,152909,1928
2021-12-04,Santa Cruz,087,273765,21641,21286,1045,22331,224
2021-12-04,Shasta,089,179085,22671,22418,3732,26150,414
2021-12-04,Sierra,091,2930,200,196,21,217,0
2021-12-04,Siskiyou,093,43540,3467,3398,1369,4767,57
2021-12-04,Solano,095,438530,47389,46529,1363,47892,360
2021-12-04,Sonoma,097,501317,43373,42778,578,43356,405
2021-12-04,Stanislaus,099,539301,81473,81462,9332,90794,1231
2021-12-04,Sutter,101,95872,14308,14258,404,14662,186
2021-12-04,Tehama,103,63373,8828,8742,1556,10298,131
2021-12-04,Trinity,105,12862,908,801,227,1028,17
2021-12-04,Tulare,107,460477,71310,70014,16361,86375,1100
2021-12-04,Tuolumne,109,53932,7737,7676,111,7787,91
2021-12-04,Ventura,111,848112,101077,99751,4476,104227,1192
2021-12-04,Yolo,113,214977,20707,20442,1265,21707,261
2021-12-04,Yuba,115,75493,10541,10418,383,10801,91
2021-12-03,Alameda,001,1643700,123717,122508,2973,125481,1494
2021-12-03,Alpine,003,1148,105,108,0,108,0
2021-12-03,Amador,005,37829,5781,5729,71,5800,67
2021-12-03,Butte,007,227075,21910,21638,3936,25574,318
2021-12-03,Calaveras,009,45235,4456,4392,61,4453,88
2021-12-03,Colusa,011,21464,2628,2600,678,3278,21
2021-12-03,Contra Costa,013,1133247,102763,101824,2364,104188,1056
2021-12-03,Del Norte,015,27424,3794,3726,56,3782,42
2021-12-03,El Dorado,017,186661,16881,16621,1797,18418,168
2021-12-03,Fresno,019,978130,146780,144734,13336,158070,2270
2021-12-03,Glenn,021,27897,3604,3559,1046,4605,36
2021-12-03,Humboldt,023,135768,9726,9596,685,10281,117
2021-12-03,Imperial,025,180216,35765,35206,3696,38902,776
2021-12-03,Inyo,027,18085,2577,2538,43,2581,46
2021-12-03,Kern,029,883053,133265,131771,24144,155915,1817
2021-12-03,Kings,031,150075,33698,33183,2063,35246,367
2021-12-03,Lake,033,64148,6962,6903,161,7064,113
2021-12-03,Lassen,035,31185,7078,7014,423,7437,51
2021-12-03,Los Angeles,037,10098052,1477129,1463270,56811,1520081,26952
2021-12-03,Madera,039,155013,24476,24188,2330,26518,307
2021-12-03,Marin,041,260295,18353,18075,530,18605,249
2021-12-03,Mariposa,043,17540,1455,1421,61,1482,6
2021-12-03,Mendocino,045,87422,8181,7981,678,8659,91
2021-12-03,Merced,047,269075,43608,43337,2153,45490,671
2021-12-03,Modoc,049,8938,599,591,202,793,6
2021-12-03,Mono,051,14174,1922,1883,23,1906,4
2021-12-03,Monterey,053,433212,50061,48682,3268,51950,626
2021-12-03,Napa,055,140530,13433,13327,123,13450,106
2021-12-03,Nevada,057,99092,9890,9752,349,10101,105
2021-12-03,Orange,059,3164182,316359,313112,16276,329388,5748
2021-12-03,Placer,061,380077,39069,38460,3908,42368,473
2021-12-03,Plumas,063,18699,1968,1903,45,1948,7
2021-12-03,Riverside,065,2383286,377564,371768,16874,388642,5381
2021-12-03,Sacramento,067,1510023,165563,163900,5002,168902,2365
2021-12-03,San Benito,069,59416,7748,7688,184,7872,78
2021-12-03,San Bernardino,071,2135413,368713,364154,11796,375950,5983
2021-12-03,San Diego,073,3302833,391634,386710,22863,409573,4350
2021-12-03,San Francisco,075,870044,55176,54286,2472,56758,674
2021-12-03,San Joaquin,077,732212,103257,102286,5669,107955,1835
2021-12-03,San Luis Obispo,079,281455,30791,30318,1347,31665,360
2021-12-03,San Mateo,081,765935,56165,54774,985,55759,579
2021-12-03,Santa Barbara,083,443738,46315,45774,1637,47411,555
2021-12-03,Santa Clara,085,1922200,153235,151275,1619,152894,1928
2021-12-03,Santa Cruz,087,273765,21614,21286,1045,22331,224
2021-12-03,Shasta,089,179085,22656,22418,3732,26150,414
2021-12-03,Sierra,091,2930,200,196,21,217,0
2021-12-03,Siskiyou,093,43540,3464,3398,1367,4765,57
2021-12-03,Solano,095,438530,47347,46529,1362,47891,360
2021-12-03,Sonoma,097,501317,43337,42778,576,43354,405
2021-12-03,Stanislaus,099,539301,81416,81462,9323,90785,1231
2021-12-03,Sutter,101,95872,14295,14258,402,14660,186
2021-12-03,Tehama,103,63373,8827,8742,1555,10297,131
2021-12-03,Trinity,105,12862,908,801,227,1028,17
2021-12-03,Tulare,107,460477,71271,70014,16329,86343,1100
2021-12-03,Tuolumne,109,53932,7728,7676,111,7787,91
2021-12-03,Ventura,111,848112,100990,99751,4469,104220,1192
2021-12-03,Yolo,113,214977,20690,20442,1264,21706,261
2021-12-03,Yuba,115,75493,10533,10418,383,10801,91
2021-12-02,Alameda,001,1643700,123562,122508,2965,125473,1494
2021-12-02,Alpine,003,1148,105,108,0,108,0
2021-12-02,Amador,005,37829,5776,5729,70,5799,67
2021-12-02,Butte,007,227075,21885,21638,3933,25571,318
2021-12-02,Calaveras,009,45235,4446,4392,60,4452,88
2021-12-02,Colusa,011,21464,2627,2600,678,3278,21
2021-12-02,Contra Costa,013,1133247,102648,101824,2360,104184,1056
2021-12-02,Del Norte,015,27424,3786,3726,56,3782,42
2021-12-02,El Dorado,017,186661,16860,16621,1795,18416,168
2021-12-02,Fresno,019,978130,146613,144734,13324,158058,2270
2021-12-02,Glenn,021,27897,3604,3559,1043,4602,36
2021-12-02,Humboldt,023,135768,9707,9596,683,10279,117
2021-12-02,Imperial,025,180216,35698,35206,3673,38879,776
2021-12-02,Inyo,027,18085,2572,2538,43,2581,46
2021-12-02,Kern,029,883053,133094,131771,24091,155862,1817
2021-12-02,Kings,031,150075,33643,33183,2061,35244,367
2021-12-02,Lake,033,64148,6958,6903,161,7064,113
2021-12-02,Lassen,035,31185,7074,7014,423,7437,51
2021-12-02,Los Angeles,037,10098052,1475600,1463270,56724,1519994,26952
2021-12-02,Madera,039,155013,24439,24188,2321,26509,307
2021-12-02,Marin,041,260295,18323,18075,526,18601,249
2021-12-02,Mariposa,043,17540,1453,1421,61,1482,6
2021-12-02,Mendocino,045,87422,8165,7981,677,8658,91
2021-12-02,Merced,047,269075,43562,43337,2148,45485,671
2021-12-02,Modoc,049,8938,598,591,202,793,6
2021-12-02,Mono,051,14174,1916,1883,23,1906,4
2021-12-02,Monterey,053,433212,49984,48682,3246,51928,626
2021-12-02,Napa,055,140530,13420,13327,123,13450,106
2021-12-02,Nevada,057,99092,9872,9752,348,10100,105
2021-12-02,Orange,059,3164182,316015,313112,16239,329351,5748
2021-12-02,Placer,061,380077,39004,38460,3903,42363,473
2021-12-02,Plumas,063,18699,1965,1903,45,1948,7
2021-12-02,Riverside,065,2383286,377036,371768,16864,388632,5381
2021-12-02,Sacramento,067,1510023,165335,163900,4992,168892,2365
2021-12-02,San Benito,069,59416,7728,7688,184,7872,78
2021-12-02,San Bernardino,071,2135413,368168,364154,11777,375931,5983
2021-12-02,San Diego,073,3302833,390988,386710,22808,409518,4350
2021-12-02,San Francisco,075,870044,55081,54286,2467,56753,674
2021-12-02,San Joaquin,077,732212,103143,102286,5664,107950,1835
2021-12-02,San Luis Obispo,079,281455,30757,30318,1340,31658,360
2021-12-02,San Mateo,081,765935,56084,54774,977,55751,579
2021-12-02,Santa Barbara,083,443738,46234,45774,1634,47408,555
2021-12-02,Santa Clara,085,1922200,152989,151275,1602,152877,1928
2021-12-02,Santa Cruz,087,273765,21563,21286,1044,22330,224
2021-12-02,Shasta,089,179085,22623,22418,3731,26149,414
2021-12-02,Sierra,091,2930,200,196,21,217,0
2021-12-02,Siskiyou,093,43540,3463,3398,1360,4758,57
2021-12-02,Solano,095,438530,47296,46529,1360,47889,360
2021-12-02,Sonoma,097,501317,43264,42778,576,43354,405
2021-12-02,Stanislaus,099,539301,81324,81462,9315,90777,1231
2021-12-02,Sutter,101,95872,14282,14258,399,14657,186
2021-12-02,Tehama,103,63373,8820,8742,1553,10295,131
2021-12-02,Trinity,105,12862,908,801,227,1028,17
2021-12-02,Tulare,107,460477,71184,70014,16278,86292,1100
2021-12-02,Tuolumne,109,53932,7713,7676,110,7786,91
2021-12-02,Ventura,111,848112,100864,99751,4467,104218,1192
2021-12-02,Yolo,113,214977,20666,20442,1260,21702,261
2021-12-02,Yuba,115,75493,10517,10418,380,10798,91
2021-12-01,Alameda,001,1643700,123410,122298,2955,125253,1492
2021-12-01,Alpine,003,1148,105,108,0,108,0
2021-12-01,Amador,005,37829,5769,5723,70,5793,67
2021-12-01,Butte,007,227075,21866,21600,3928,25528,318
2021-12-01,Calaveras,009,45235,4441,4371,60,4431,88
2021-12-01,Colusa,011,21464,2620,2595,675,3270,20
2021-12-01,Contra Costa,013,1133247,102540,101651,2349,104000,1048
2021-12-01,Del Norte,015,27424,3784,3722,56,3778,42
2021-12-01,El Dorado,017,186661,16839,16575,1793,18368,166
2021-12-01,Fresno,019,978130,146404,144507,13316,157823,2264
2021-12-01,Glenn,021,27897,3597,3556,1042,4598,36
2021-12-01,Humboldt,023,135768,9683,9573,678,10251,117
2021-12-01,Imperial,025,180216,35618,35085,3646,38731,776
2021-12-01,Inyo,027,18085,2568,2533,43,2576,46
2021-12-01,Kern,029,883053,132947,131580,24036,155616,1804
2021-12-01,Kings,031,150075,33594,33112,2060,35172,364
2021-12-01,Lake,033,64148,6950,6896,160,7056,112
2021-12-01,Lassen,035,31185,7068,7008,421,7429,51
2021-12-01,Los Angeles,037,10098052,1473996,1461394,56629,1518023,26928
2021-12-01,Madera,039,155013,24408,24134,2312,26446,307
2021-12-01,Marin,041,260295,18286,18038,520,18558,249
2021-12-01,Mariposa,043,17540,1449,1415,61,1476,6
2021-12-01,Mendocino,045,87422,8151,7966,672,8638,90
2021-12-01,Merced,047,269075,43506,43259,2127,45386,670
2021-12-01,Modoc,049,8938,598,576,202,778,5
2021-12-01,Mono,051,14174,1911,1876,23,1899,4
2021-12-01,Monterey,053,433212,49935,48611,3237,51848,626
2021-12-01,Napa,055,140530,13403,13319,120,13439,107
2021-12-01,Nevada,057,99092,9859,9706,348,10054,105
2021-12-01,Orange,059,3164182,315650,312772,16201,328973,5735
2021-12-01,Placer,061,380077,38948,38373,3897,42270,472
2021-12-01,Plumas,063,18699,1961,1893,45,1938,7
2021-12-01,Riverside,065,2383286,376511,371189,16847,388036,5369
2021-12-01,Sacramento,067,1510023,165122,163616,4973,168589,2360
2021-12-01,San Benito,069,59416,7714,7669,184,7853,78
2021-12-01,San Bernardino,071,2135413,367583,363368,11750,375118,5973
2021-12-01,San Diego,073,3302833,390189,386056,22753,408809,4346
2021-12-01,San Francisco,075,870044,54999,54199,2460,56659,672
2021-12-01,San Joaquin,077,732212,103035,102109,5663,107772,1834
2021-12-01,San Luis Obispo,079,281455,30715,30238,1336,31574,360
2021-12-01,San Mateo,081,765935,56003,54711,974,55685,579
2021-12-01,Santa Barbara,083,443738,46164,45681,1632,47313,554
2021-12-01,Santa Clara,085,1922200,152769,150961,1585,152546,1925
2021-12-01,Santa Cruz,087,273765,21533,21191,1043,22234,224
2021-12-01,Shasta,089,179085,22591,22375,3725,26100,410
2021-12-01,Sierra,091,2930,200,195,21,216,0
2021-12-01,Siskiyou,093,43540,3460,3391,1360,4751,55
2021-12-01,Solano,095,438530,47252,46485,1360,47845,360
2021-12-01,Sonoma,097,501317,43189,42713,575,43288,405
2021-12-01,Stanislaus,099,539301,81231,81330,9302,90632,1231
2021-12-01,Sutter,101,95872,14267,14229,398,14627,186
2021-12-01,Tehama,103,63373,8810,8728,1553,10281,130
2021-12-01,Trinity,105,12862,903,801,227,1028,17
2021-12-01,Tulare,107,460477,71108,69953,16238,86191,1098
2021-12-01,Tuolumne,109,53932,7705,7655,110,7765,91
2021-12-01,Ventura,111,848112,100758,99680,4456,104136,1191
2021-12-01,Yolo,113,214977,20638,20393,1260,21653,260
2021-12-01,Yuba,115,75493,10506,10401,380,10781,89
2021-11-30,Alameda,001,1643700,123239,122196,2946,125142,1489
2021-11-30,Alpine,003,1148,105,108,0,108,0
2021-11-30,Amador,005,37829,5761,5716,70,5786,66
2021-11-30,Butte,007,227075,21837,21565,3919,25484,318
2021-11-30,Calaveras,009,45235,4423,4360,60,4420,88
2021-11-30,Colusa,011,21464,2619,2592,675,3267,21
2021-11-30,Contra Costa,013,1133247,102402,101538,2342,103880,1046
2021-11-30,Del Norte,015,27424,3778,3718,56,3774,42
2021-11-30,El Dorado,017,186661,16811,16558,1787,18345,166
2021-11-30,Fresno,019,978130,146204,144384,13308,157692,2259
2021-11-30,Glenn,021,27897,3592,3555,1041,4596,36
2021-11-30,Humboldt,023,135768,9652,9539,672,10211,116
2021-11-30,Imperial,025,180216,35510,34999,3618,38617,773
2021-11-30,Inyo,027,18085,2559,2530,43,2573,46
2021-11-30,Kern,029,883053,132773,131451,23979,155430,1799
2021-11-30,Kings,031,150075,33542,33074,2056,35130,362
2021-11-30,Lake,033,64148,6945,6892,158,7050,110
2021-11-30,Lassen,035,31185,7064,7003,420,7423,51
2021-11-30,Los Angeles,037,10098052,1472190,1460177,56525,1516702,26913
2021-11-30,Madera,039,155013,24374,24108,2307,26415,307
2021-11-30,Marin,041,260295,18242,18010,518,18528,249
2021-11-30,Mariposa,043,17540,1443,1412,61,1473,6
2021-11-30,Mendocino,045,87422,8122,7960,666,8626,89
2021-11-30,Merced,047,269075,43436,43200,2119,45319,668
2021-11-30,Modoc,049,8938,597,576,202,778,5
2021-11-30,Mono,051,14174,1908,1873,23,1896,4
2021-11-30,Monterey,053,433212,49871,48581,3227,51808,626
2021-11-30,Napa,055,140530,13383,13308,120,13428,105
2021-11-30,Nevada,057,99092,9843,9699,347,10046,105
2021-11-30,Orange,059,3164182,315229,312451,16159,328610,5724
2021-11-30,Placer,061,380077,38845,38324,3889,42213,470
2021-11-30,Plumas,063,18699,1956,1887,44,1931,7
2021-11-30,Riverside,065,2383286,375825,370739,16822,387561,5358
2021-11-30,Sacramento,067,1510023,164841,163420,4951,168371,2353
2021-11-30,San Benito,069,59416,7692,7645,183,7828,78
2021-11-30,San Bernardino,071,2135413,366907,363006,11728,374734,5967
2021-11-30,San Diego,073,3302833,389261,385405,22706,408111,4340
2021-11-30,San Francisco,075,870044,54892,54147,2451,56598,672
2021-11-30,San Joaquin,077,732212,102909,101972,5655,107627,1834
2021-11-30,San Luis Obispo,079,281455,30690,30200,1333,31533,360
2021-11-30,San Mateo,081,765935,55898,54656,964,55620,579
2021-11-30,Santa Barbara,083,443738,46068,45628,1626,47254,553
2021-11-30,Santa Clara,085,1922200,152508,150799,1567,152366,1929
2021-11-30,Santa Cruz,087,273765,21475,21169,1039,22208,224
2021-11-30,Shasta,089,179085,22561,22347,3722,26069,401
2021-11-30,Sierra,091,2930,197,195,21,216,0
2021-11-30,Siskiyou,093,43540,3456,3385,1357,4742,55
2021-11-30,Solano,095,438530,47189,46434,1354,47788,358
2021-11-30,Sonoma,097,501317,43110,42663,573,43236,405
2021-11-30,Stanislaus,099,539301,81131,81276,9275,90551,1227
2021-11-30,Sutter,101,95872,14256,14210,395,14605,186
2021-11-30,Tehama,103,63373,8803,8727,1552,10279,130
2021-11-30,Trinity,105,12862,902,799,227,1026,17
2021-11-30,Tulare,107,460477,71022,69900,16188,86088,1099
2021-11-30,Tuolumne,109,53932,7690,7643,110,7753,91
2021-11-30,Ventura,111,848112,100605,99601,4444,104045,1191
2021-11-30,Yolo,113,214977,20596,20376,1254,21630,260
2021-11-30,Yuba,115,75493,10487,10398,375,10773,89
2021-11-29,Alameda,001,1643700,123082,122136,2937,125073,1489
2021-11-29,Alpine,003,1148,105,108,0,108,0
2021-11-29,Amador,005,37829,5754,5706,70,5776,66
2021-11-29,Butte,007,227075,21810,21544,3913,25457,314
2021-11-29,Calaveras,009,45235,4407,4353,60,4413,88
2021-11-29,Colusa,011,21464,2617,2585,672,3257,20
2021-11-29,Contra Costa,013,1133247,102254,101441,2334,103775,1046
2021-11-29,Del Norte,015,27424,3775,3704,56,3760,42
2021-11-29,El Dorado,017,186661,16793,16534,1782,18316,166
2021-11-29,Fresno,019,978130,145998,144282,13285,157567,2254
2021-11-29,Glenn,021,27897,3589,3555,1040,4595,36
2021-11-29,Humboldt,023,135768,9635,9514,665,10179,115
2021-11-29,Imperial,025,180216,35446,34960,3597,38557,773
2021-11-29,Inyo,027,18085,2554,2529,43,2572,46
2021-11-29,Kern,029,883053,132589,131362,23937,155299,1789
2021-11-29,Kings,031,150075,33490,33059,2052,35111,363
2021-11-29,Lake,033,64148,6933,6889,158,7047,110
2021-11-29,Lassen,035,31185,7061,7003,418,7421,51
2021-11-29,Los Angeles,037,10098052,1470327,1459446,56438,1515884,26889
2021-11-29,Madera,039,155013,24338,24069,2299,26368,307
2021-11-29,Marin,041,260295,18195,17980,513,18493,249
2021-11-29,Mariposa,043,17540,1435,1409,61,1470,6
2021-11-29,Mendocino,045,87422,8105,7954,662,8616,89
2021-11-29,Merced,047,269075,43362,43167,2111,45278,667
2021-11-29,Modoc,049,8938,596,569,202,771,5
2021-11-29,Mono,051,14174,1891,1859,23,1882,4
2021-11-29,Monterey,053,433212,49810,48548,3211,51759,626
2021-11-29,Napa,055,140530,13373,13304,120,13424,104
2021-11-29,Nevada,057,99092,9829,9689,347,10036,105
2021-11-29,Orange,059,3164182,314826,312203,16113,328316,5709
2021-11-29,Placer,061,380077,38780,38261,3884,42145,470
2021-11-29,Plumas,063,18699,1953,1884,44,1928,7
2021-11-29,Riverside,065,2383286,375289,370334,16811,387145,5358
2021-11-29,Sacramento,067,1510023,164593,163282,4918,168200,2342
2021-11-29,San Benito,069,59416,7673,7631,182,7813,77
2021-11-29,San Bernardino,071,2135413,366302,362694,11696,374390,5962
2021-11-29,San Diego,073,3302833,388370,384853,22672,407525,4335
2021-11-29,San Francisco,075,870044,54794,54125,2447,56572,669
2021-11-29,San Joaquin,077,732212,102770,101927,5648,107575,1834
2021-11-29,San Luis Obispo,079,281455,30656,30165,1329,31494,359
2021-11-29,San Mateo,081,765935,55795,54622,960,55582,579
2021-11-29,Santa Barbara,083,443738,45971,45576,1622,47198,549
2021-11-29,Santa Clara,085,1922200,152236,150620,1561,152181,1925
2021-11-29,Santa Cruz,087,273765,21438,21149,1038,22187,224
2021-11-29,Shasta,089,179085,22526,22315,3718,26033,399
2021-11-29,Sierra,091,2930,197,195,21,216,0
2021-11-29,Siskiyou,093,43540,3453,3374,1350,4724,55
2021-11-29,Solano,095,438530,47137,46412,1352,47764,357
2021-11-29,Sonoma,097,501317,43034,42624,570,43194,405
2021-11-29,Stanislaus,099,539301,81051,81227,9257,90484,1223
2021-11-29,Sutter,101,95872,14240,14204,392,14596,186
2021-11-29,Tehama,103,63373,8798,8720,1547,10267,130
2021-11-29,Trinity,105,12862,897,798,227,1025,17
2021-11-29,Tulare,107,460477,70943,69850,16154,86004,1096
2021-11-29,Tuolumne,109,53932,7677,7627,110,7737,90
2021-11-29,Ventura,111,848112,100485,99520,4434,103954,1190
2021-11-29,Yolo,113,214977,20551,20344,1252,21596,257
2021-11-29,Yuba,115,75493,10470,10395,374,10769,89
2021-11-28,Alameda,001,1643700,122863,122082,2931,125013,1491
2021-11-28,Alpine,003,1148,105,108,0,108,0
2021-11-28,Amador,005,37829,5744,5703,70,5773,66
2021-11-28,Butte,007,227075,21771,21530,3911,25441,313
2021-11-28,Calaveras,009,45235,4385,4350,60,4410,88
2021-11-28,Colusa,011,21464,2613,2586,671,3257,19
2021-11-28,Contra Costa,013,1133247,102080,101355,2324,103679,1046
2021-11-28,Del Norte,015,27424,3770,3703,56,3759,42
2021-11-28,El Dorado,017,186661,16752,16527,1780,18307,166
2021-11-28,Fresno,019,978130,145753,144164,13260,157424,2252
2021-11-28,Glenn,021,27897,3586,3547,1038,4585,36
2021-11-28,Humboldt,023,135768,9603,9499,661,10160,115
2021-11-28,Imperial,025,180216,35338,34929,3573,38502,773
2021-11-28,Inyo,027,18085,2547,2531,43,2574,46
2021-11-28,Kern,029,883053,132382,131279,23880,155159,1789
2021-11-28,Kings,031,150075,33416,33057,2045,35102,364
2021-11-28,Lake,033,64148,6923,6885,157,7042,110
2021-11-28,Lassen,035,31185,7053,7002,414,7416,51
2021-11-28,Los Angeles,037,10098052,1468143,1458646,56350,1514996,26878
2021-11-28,Madera,039,155013,24290,24055,2292,26347,307
2021-11-28,Marin,041,260295,18146,17962,509,18471,249
2021-11-28,Mariposa,043,17540,1431,1406,61,1467,6
2021-11-28,Mendocino,045,87422,8075,7943,657,8600,89
2021-11-28,Merced,047,269075,43296,43166,2096,45262,667
2021-11-28,Modoc,049,8938,595,569,202,771,5
2021-11-28,Mono,051,14174,1885,1841,23,1864,4
2021-11-28,Monterey,053,433212,49745,48537,3192,51729,626
2021-11-28,Napa,055,140530,13360,13303,120,13423,104
2021-11-28,Nevada,057,99092,9802,9684,346,10030,105
2021-11-28,Orange,059,3164182,314441,312028,16070,328098,5693
2021-11-28,Placer,061,380077,38699,38240,3865,42105,470
2021-11-28,Plumas,063,18699,1947,1884,43,1927,7
2021-11-28,Riverside,065,2383286,374628,370051,16789,386840,5358
2021-11-28,Sacramento,067,1510023,164237,163170,4895,168065,2335
2021-11-28,San Benito,069,59416,7654,7623,181,7804,77
2021-11-28,San Bernardino,071,2135413,365575,362407,11668,374075,5958
2021-11-28,San Diego,073,3302833,387478,383025,22608,405633,4325
2021-11-28,San Francisco,075,870044,54718,54082,2442,56524,669
2021-11-28,San Joaquin,077,732212,102589,101895,5631,107526,1834
2021-11-28,San Luis Obispo,079,281455,30592,30152,1325,31477,358
2021-11-28,San Mateo,081,765935,55701,54567,956,55523,579
2021-11-28,Santa Barbara,083,443738,45892,45551,1611,47162,549
2021-11-28,Santa Clara,085,1922200,151936,150436,1546,151982,1920
2021-11-28,Santa Cruz,087,273765,21367,21110,1037,22147,224
2021-11-28,Shasta,089,179085,22486,22316,3716,26032,400
2021-11-28,Sierra,091,2930,197,195,21,216,0
2021-11-28,Siskiyou,093,43540,3447,3372,1346,4718,55
2021-11-28,Solano,095,438530,47075,46385,1351,47736,356
2021-11-28,Sonoma,097,501317,42948,42583,567,43150,405
2021-11-28,Stanislaus,099,539301,80933,81181,9235,90416,1223
2021-11-28,Sutter,101,95872,14218,14192,386,14578,186
2021-11-28,Tehama,103,63373,8790,8720,1543,10263,130
2021-11-28,Trinity,105,12862,896,797,227,1024,17
2021-11-28,Tulare,107,460477,70845,69833,16101,85934,1095
2021-11-28,Tuolumne,109,53932,7656,7620,110,7730,90
2021-11-28,Ventura,111,848112,100329,99486,4423,103909,1190
2021-11-28,Yolo,113,214977,20508,20333,1251,21584,257
2021-11-28,Yuba,115,75493,10452,10391,372,10763,89
2021-11-27,Alameda,001,1643700,122766,121618,2928,124546,1477
2021-11-27,Alpine,003,1148,105,106,0,106,0
2021-11-27,Amador,005,37829,5743,5670,70,5740,66
2021-11-27,Butte,007,227075,21748,21384,3906,25290,309
2021-11-27,Calaveras,009,45235,4379,4294,60,4354,85
2021-11-27,Colusa,011,21464,2612,2568,669,3237,19
2021-11-27,Contra Costa,013,1133247,101995,100961,2323,103284,1045
2021-11-27,Del Norte,015,27424,3763,3661,56,3717,42
2021-11-27,El Dorado,017,186661,16717,16399,1779,18178,161
2021-11-27,Fresno,019,978130,145641,143386,13254,156640,2246
2021-11-27,Glenn,021,27897,3582,3532,1037,4569,36
2021-11-27,Humboldt,023,135768,9575,9399,659,10058,115
2021-11-27,Imperial,025,180216,35255,34611,3557,38168,769
2021-11-27,Inyo,027,18085,2544,2506,43,2549,45
2021-11-27,Kern,029,883053,132298,130245,23851,154096,1773
2021-11-27,Kings,031,150075,33393,32891,2042,34933,358
2021-11-27,Lake,033,64148,6920,6836,156,6992,110
2021-11-27,Lassen,035,31185,7051,6959,413,7372,47
2021-11-27,Los Angeles,037,10098052,1467134,1454495,56280,1510775,26817
2021-11-27,Madera,039,155013,24270,23880,2287,26167,296
2021-11-27,Marin,041,260295,18108,17857,504,18361,248
2021-11-27,Mariposa,043,17540,1429,1374,61,1435,6
2021-11-27,Mendocino,045,87422,8056,7871,657,8528,89
2021-11-27,Merced,047,269075,43261,42921,2093,45014,664
2021-11-27,Modoc,049,8938,593,551,202,753,5
2021-11-27,Mono,051,14174,1883,1810,23,1833,4
2021-11-27,Monterey,053,433212,49712,48400,3178,51578,625
2021-11-27,Napa,055,140530,13346,13256,120,13376,104
2021-11-27,Nevada,057,99092,9780,9584,345,9929,103
2021-11-27,Orange,059,3164182,314189,310809,16033,326842,5665
2021-11-27,Placer,061,380077,38638,38001,3859,41860,468
2021-11-27,Plumas,063,18699,1943,1860,43,1903,7
2021-11-27,Riverside,065,2383286,374270,367601,16782,384383,5306
2021-11-27,Sacramento,067,1510023,164079,162328,4892,167220,2335
2021-11-27,San Benito,069,59416,7638,7575,181,7756,77
2021-11-27,San Bernardino,071,2135413,365143,360033,11659,371692,5932
2021-11-27,San Diego,073,3302833,386976,382634,22582,405216,4319
2021-11-27,San Francisco,075,870044,54668,53830,2439,56269,669
2021-11-27,San Joaquin,077,732212,102522,101368,5628,106996,1833
2021-11-27,San Luis Obispo,079,281455,30557,29983,1321,31304,358
2021-11-27,San Mateo,081,765935,55644,54360,953,55313,577
2021-11-27,Santa Barbara,083,443738,45838,45318,1609,46927,548
2021-11-27,Santa Clara,085,1922200,151729,149700,1539,151239,1922
2021-11-27,Santa Cruz,087,273765,21327,20929,1034,21963,222
2021-11-27,Shasta,089,179085,22463,22151,3715,25866,396
2021-11-27,Sierra,091,2930,196,194,21,215,0
2021-11-27,Siskiyou,093,43540,3444,3336,1344,4680,54
2021-11-27,Solano,095,438530,47039,46163,1348,47511,356
2021-11-27,Sonoma,097,501317,42885,42368,567,42935,405
2021-11-27,Stanislaus,099,539301,80865,80782,9217,89999,1220
2021-11-27,Sutter,101,95872,14210,14127,385,14512,181
2021-11-27,Tehama,103,63373,8788,8675,1542,10217,129
2021-11-27,Trinity,105,12862,896,789,227,1016,17
2021-11-27,Tulare,107,460477,70793,69377,16085,85462,1082
2021-11-27,Tuolumne,109,53932,7643,7574,110,7684,90
2021-11-27,Ventura,111,848112,100256,99163,4416,103579,1188
2021-11-27,Yolo,113,214977,20487,20237,1242,21479,257
2021-11-27,Yuba,115,75493,10441,10335,372,10707,88
2021-11-26,Alameda,001,1643700,122655,121618,2926,124544,1477
2021-11-26,Alpine,003,1148,105,106,0,106,0
2021-11-26,Amador,005,37829,5739,5670,70,5740,66
2021-11-26,Butte,007,227075,21724,21384,3901,25285,309
2021-11-26,Calaveras,009,45235,4370,4294,60,4354,85
2021-11-26,Colusa,011,21464,2610,2568,668,3236,19
2021-11-26,Contra Costa,013,1133247,101908,100961,2319,103280,1045
2021-11-26,Del Norte,015,27424,3760,3661,56,3717,42
2021-11-26,El Dorado,017,186661,16700,16399,1776,18175,161
2021-11-26,Fresno,019,978130,145508,143386,13244,156630,2246
2021-11-26,Glenn,021,27897,3580,3532,1037,4569,36
2021-11-26,Humboldt,023,135768,9556,9399,655,10054,115
2021-11-26,Imperial,025,180216,35198,34611,3544,38155,769
2021-11-26,Inyo,027,18085,2544,2506,43,2549,45
2021-11-26,Kern,029,883053,132215,130245,23807,154052,1773
2021-11-26,Kings,031,150075,33369,32891,2040,34931,358
2021-11-26,Lake,033,64148,6918,6836,156,6992,110
2021-11-26,Lassen,035,31185,7045,6959,413,7372,47
2021-11-26,Los Angeles,037,10098052,1466284,1454495,56217,1510712,26817
2021-11-26,Madera,039,155013,24243,23880,2285,26165,296
2021-11-26,Marin,041,260295,18079,17857,504,18361,248
2021-11-26,Mariposa,043,17540,1423,1374,60,1434,6
2021-11-26,Mendocino,045,87422,8046,7871,657,8528,89
2021-11-26,Merced,047,269075,43231,42921,2088,45009,664
2021-11-26,Modoc,049,8938,591,551,202,753,5
2021-11-26,Mono,051,14174,1872,1810,23,1833,4
2021-11-26,Monterey,053,433212,49668,48400,3171,51571,625
2021-11-26,Napa,055,140530,13330,13256,120,13376,104
2021-11-26,Nevada,057,99092,9769,9584,345,9929,103
2021-11-26,Orange,059,3164182,313920,310809,16001,326810,5665
2021-11-26,Placer,061,380077,38593,38001,3851,41852,468
2021-11-26,Plumas,063,18699,1938,1860,43,1903,7
2021-11-26,Riverside,065,2383286,373869,367601,16775,384376,5306
2021-11-26,Sacramento,067,1510023,163967,162328,4887,167215,2335
2021-11-26,San Benito,069,59416,7630,7575,181,7756,77
2021-11-26,San Bernardino,071,2135413,364715,360033,11652,371685,5932
2021-11-26,San Diego,073,3302833,386419,382634,22570,405204,4319
2021-11-26,San Francisco,075,870044,54621,53830,2437,56267,669
2021-11-26,San Joaquin,077,732212,102465,101368,5627,106995,1833
2021-11-26,San Luis Obispo,079,281455,30515,29983,1318,31301,358
2021-11-26,San Mateo,081,765935,55581,54360,952,55312,577
2021-11-26,Santa Barbara,083,443738,45791,45318,1608,46926,548
2021-11-26,Santa Clara,085,1922200,151561,149700,1531,151231,1922
2021-11-26,Santa Cruz,087,273765,21287,20929,1034,21963,222
2021-11-26,Shasta,089,179085,22444,22151,3713,25864,396
2021-11-26,Sierra,091,2930,196,194,21,215,0
2021-11-26,Siskiyou,093,43540,3441,3336,1343,4679,54
2021-11-26,Solano,095,438530,46998,46163,1347,47510,356
2021-11-26,Sonoma,097,501317,42834,42368,565,42933,405
2021-11-26,Stanislaus,099,539301,80792,80782,9206,89988,1220
2021-11-26,Sutter,101,95872,14197,14127,384,14511,181
2021-11-26,Tehama,103,63373,8786,8675,1541,10216,129
2021-11-26,Trinity,105,12862,895,789,227,1016,17
2021-11-26,Tulare,107,460477,70747,69377,16053,85430,1082
2021-11-26,Tuolumne,109,53932,7633,7574,110,7684,90
2021-11-26,Ventura,111,848112,100176,99163,4411,103574,1188
2021-11-26,Yolo,113,214977,20468,20237,1234,21471,257
2021-11-26,Yuba,115,75493,10435,10335,372,10707,88
2021-11-25,Alameda,001,1643700,122547,121618,2921,124539,1477
2021-11-25,Alpine,003,1148,105,106,0,106,0
2021-11-25,Amador,005,37829,5731,5670,70,5740,66
2021-11-25,Butte,007,227075,21706,21384,3899,25283,309
2021-11-25,Calaveras,009,45235,4365,4294,60,4354,85
2021-11-25,Colusa,011,21464,2607,2568,666,3234,19
2021-11-25,Contra Costa,013,1133247,101804,100961,2315,103276,1045
2021-11-25,Del Norte,015,27424,3755,3661,56,3717,42
2021-11-25,El Dorado,017,186661,16681,16399,1775,18174,161
2021-11-25,Fresno,019,978130,145374,143386,13235,156621,2246
2021-11-25,Glenn,021,27897,3579,3532,1036,4568,36
2021-11-25,Humboldt,023,135768,9537,9399,652,10051,115
2021-11-25,Imperial,025,180216,35153,34611,3532,38143,769
2021-11-25,Inyo,027,18085,2542,2506,43,2549,45
2021-11-25,Kern,029,883053,132117,130245,23761,154006,1773
2021-11-25,Kings,031,150075,33341,32891,2039,34930,358
2021-11-25,Lake,033,64148,6911,6836,156,6992,110
2021-11-25,Lassen,035,31185,7043,6959,412,7371,47
2021-11-25,Los Angeles,037,10098052,1465300,1454495,56160,1510655,26817
2021-11-25,Madera,039,155013,24208,23880,2284,26164,296
2021-11-25,Marin,041,260295,18052,17857,499,18356,248
2021-11-25,Mariposa,043,17540,1420,1374,60,1434,6
2021-11-25,Mendocino,045,87422,8028,7871,657,8528,89
2021-11-25,Merced,047,269075,43192,42921,2082,45003,664
2021-11-25,Modoc,049,8938,590,551,202,753,5
2021-11-25,Mono,051,14174,1861,1810,23,1833,4
2021-11-25,Monterey,053,433212,49624,48400,3162,51562,625
2021-11-25,Napa,055,140530,13322,13256,120,13376,104
2021-11-25,Nevada,057,99092,9750,9584,342,9926,103
2021-11-25,Orange,059,3164182,313658,310809,15969,326778,5665
2021-11-25,Placer,061,380077,38547,38001,3845,41846,468
2021-11-25,Plumas,063,18699,1936,1860,43,1903,7
2021-11-25,Riverside,065,2383286,373455,367601,16768,384369,5306
2021-11-25,Sacramento,067,1510023,163788,162328,4881,167209,2335
2021-11-25,San Benito,069,59416,7623,7575,181,7756,77
2021-11-25,San Bernardino,071,2135413,364322,360033,11635,371668,5932
2021-11-25,San Diego,073,3302833,385972,382634,22551,405185,4319
2021-11-25,San Francisco,075,870044,54571,53830,2434,56264,669
2021-11-25,San Joaquin,077,732212,102381,101368,5623,106991,1833
2021-11-25,San Luis Obispo,079,281455,30485,29983,1316,31299,358
2021-11-25,San Mateo,081,765935,55532,54360,950,55310,577
2021-11-25,Santa Barbara,083,443738,45752,45318,1606,46924,548
2021-11-25,Santa Clara,085,1922200,151404,149700,1526,151226,1922
2021-11-25,Santa Cruz,087,273765,21254,20929,1034,21963,222
2021-11-25,Shasta,089,179085,22418,22151,3713,25864,396
2021-11-25,Sierra,091,2930,196,194,21,215,0
2021-11-25,Siskiyou,093,43540,3438,3336,1343,4679,54
2021-11-25,Solano,095,438530,46961,46163,1346,47509,356
2021-11-25,Sonoma,097,501317,42777,42368,561,42929,405
2021-11-25,Stanislaus,099,539301,80728,80782,9192,89974,1220
2021-11-25,Sutter,101,95872,14181,14127,383,14510,181
2021-11-25,Tehama,103,63373,8778,8675,1541,10216,129
2021-11-25,Trinity,105,12862,895,789,227,1016,17
2021-11-25,Tulare,107,460477,70680,69377,16026,85403,1082
2021-11-25,Tuolumne,109,53932,7621,7574,110,7684,90
2021-11-25,Ventura,111,848112,100109,99163,4408,103571,1188
2021-11-25,Yolo,113,214977,20438,20237,1229,21466,257
2021-11-25,Yuba,115,75493,10426,10335,371,10706,88
2021-11-24,Alameda,001,1643700,122483,121618,2917,124535,1477
2021-11-24,Alpine,003,1148,105,106,0,106,0
2021-11-24,Amador,005,37829,5721,5670,70,5740,66
2021-11-24,Butte,007,227075,21690,21384,3898,25282,309
2021-11-24,Calaveras,009,45235,4358,4294,60,4354,85
2021-11-24,Colusa,011,21464,2607,2568,665,3233,19
2021-11-24,Contra Costa,013,1133247,101767,100961,2312,103273,1045
2021-11-24,Del Norte,015,27424,3752,3661,56,3717,42
2021-11-24,El Dorado,017,186661,16669,16399,1774,18173,161
2021-11-24,Fresno,019,978130,145320,143386,13234,156620,2246
2021-11-24,Glenn,021,27897,3574,3532,1035,4567,36
2021-11-24,Humboldt,023,135768,9522,9399,652,10051,115
2021-11-24,Imperial,025,180216,35125,34611,3526,38137,769
2021-11-24,Inyo,027,18085,2539,2506,43,2549,45
2021-11-24,Kern,029,883053,132055,130245,23749,153994,1773
2021-11-24,Kings,031,150075,33327,32891,2038,34929,358
2021-11-24,Lake,033,64148,6907,6836,156,6992,110
2021-11-24,Lassen,035,31185,7043,6959,412,7371,47
2021-11-24,Los Angeles,037,10098052,1464809,1454495,56116,1510611,26817
2021-11-24,Madera,039,155013,24185,23880,2278,26158,296
2021-11-24,Marin,041,260295,18040,17857,497,18354,248
2021-11-24,Mariposa,043,17540,1420,1374,60,1434,6
2021-11-24,Mendocino,045,87422,8016,7871,657,8528,89
2021-11-24,Merced,047,269075,43160,42921,2079,45000,664
2021-11-24,Modoc,049,8938,590,551,202,753,5
2021-11-24,Mono,051,14174,1858,1810,23,1833,4
2021-11-24,Monterey,053,433212,49611,48400,3160,51560,625
2021-11-24,Napa,055,140530,13318,13256,120,13376,104
2021-11-24,Nevada,057,99092,9735,9584,342,9926,103
2021-11-24,Orange,059,3164182,313503,310809,15954,326763,5665
2021-11-24,Placer,061,380077,38514,38001,3843,41844,468
2021-11-24,Plumas,063,18699,1934,1860,43,1903,7
2021-11-24,Riverside,065,2383286,373275,367601,16762,384363,5306
2021-11-24,Sacramento,067,1510023,163715,162328,4881,167209,2335
2021-11-24,San Benito,069,59416,7621,7575,181,7756,77
2021-11-24,San Bernardino,071,2135413,364112,360033,11624,371657,5932
2021-11-24,San Diego,073,3302833,385715,382634,22538,405172,4319
2021-11-24,San Francisco,075,870044,54540,53830,2432,56262,669
2021-11-24,San Joaquin,077,732212,102340,101368,5620,106988,1833
2021-11-24,San Luis Obispo,079,281455,30466,29983,1316,31299,358
2021-11-24,San Mateo,081,765935,55502,54360,949,55309,577
2021-11-24,Santa Barbara,083,443738,45725,45318,1606,46924,548
2021-11-24,Santa Clara,085,1922200,151308,149700,1525,151225,1922
2021-11-24,Santa Cruz,087,273765,21231,20929,1033,21962,222
2021-11-24,Shasta,089,179085,22407,22151,3710,25861,396
2021-11-24,Sierra,091,2930,196,194,21,215,0
2021-11-24,Siskiyou,093,43540,3435,3336,1343,4679,54
2021-11-24,Solano,095,438530,46933,46163,1344,47507,356
2021-11-24,Sonoma,097,501317,42745,42368,559,42927,405
2021-11-24,Stanislaus,099,539301,80691,80782,9187,89969,1220
2021-11-24,Sutter,101,95872,14168,14127,381,14508,181
2021-11-24,Tehama,103,63373,8775,8675,1540,10215,129
2021-11-24,Trinity,105,12862,895,789,227,1016,17
2021-11-24,Tulare,107,460477,70656,69377,16007,85384,1082
2021-11-24,Tuolumne,109,53932,7617,7574,110,7684,90
2021-11-24,Ventura,111,848112,100074,99163,4404,103567,1188
2021-11-24,Yolo,113,214977,20430,20237,1228,21465,257
2021-11-24,Yuba,115,75493,10422,10335,370,10705,88
2021-11-23,Alameda,001,1643700,122364,121618,2910,124528,1477
2021-11-23,Alpine,003,1148,105,106,0,106,0
2021-11-23,Amador,005,37829,5714,5670,70,5740,66
2021-11-23,Butte,007,227075,21661,21384,3894,25278,309
2021-11-23,Calaveras,009,45235,4352,4294,59,4353,85
2021-11-23,Colusa,011,21464,2603,2568,663,3231,19
2021-11-23,Contra Costa,013,1133247,101660,100961,2310,103271,1045
2021-11-23,Del Norte,015,27424,3749,3661,56,3717,42
2021-11-23,El Dorado,017,186661,16637,16399,1771,18170,161
2021-11-23,Fresno,019,978130,145183,143386,13225,156611,2246
2021-11-23,Glenn,021,27897,3569,3532,1035,4567,36
2021-11-23,Humboldt,023,135768,9500,9399,649,10048,115
2021-11-23,Imperial,025,180216,35056,34611,3507,38118,769
2021-11-23,Inyo,027,18085,2535,2506,43,2549,45
2021-11-23,Kern,029,883053,131947,130245,23700,153945,1773
2021-11-23,Kings,031,150075,33286,32891,2037,34928,358
2021-11-23,Lake,033,64148,6902,6836,156,6992,110
2021-11-23,Lassen,035,31185,7039,6959,409,7368,47
2021-11-23,Los Angeles,037,10098052,1463786,1454495,56048,1510543,26817
2021-11-23,Madera,039,155013,24159,23880,2276,26156,296
2021-11-23,Marin,041,260295,18009,17857,493,18350,248
2021-11-23,Mariposa,043,17540,1417,1374,60,1434,6
2021-11-23,Mendocino,045,87422,7995,7871,654,8525,89
2021-11-23,Merced,047,269075,43122,42921,2078,44999,664
2021-11-23,Modoc,049,8938,588,551,202,753,5
2021-11-23,Mono,051,14174,1844,1810,23,1833,4
2021-11-23,Monterey,053,433212,49575,48400,3154,51554,625
2021-11-23,Napa,055,140530,13309,13256,120,13376,104
2021-11-23,Nevada,057,99092,9706,9584,341,9925,103
2021-11-23,Orange,059,3164182,313253,310809,15918,326727,5665
2021-11-23,Placer,061,380077,38455,38001,3826,41827,468
2021-11-23,Plumas,063,18699,1930,1860,43,1903,7
2021-11-23,Riverside,065,2383286,372892,367601,16749,384350,5306
2021-11-23,Sacramento,067,1510023,163529,162328,4870,167198,2335
2021-11-23,San Benito,069,59416,7612,7575,179,7754,77
2021-11-23,San Bernardino,071,2135413,363698,360033,11609,371642,5932
2021-11-23,San Diego,073,3302833,385224,382634,22515,405149,4319
2021-11-23,San Francisco,075,870044,54481,53830,2429,56259,669
2021-11-23,San Joaquin,077,732212,102231,101368,5609,106977,1833
2021-11-23,San Luis Obispo,079,281455,30431,29983,1313,31296,358
2021-11-23,San Mateo,081,765935,55453,54360,948,55308,577
2021-11-23,Santa Barbara,083,443738,45672,45318,1606,46924,548
2021-11-23,Santa Clara,085,1922200,151097,149700,1513,151213,1922
2021-11-23,Santa Cruz,087,273765,21193,20929,1033,21962,222
2021-11-23,Shasta,089,179085,22371,22151,3708,25859,396
2021-11-23,Sierra,091,2930,196,194,21,215,0
2021-11-23,Siskiyou,093,43540,3430,3336,1342,4678,54
2021-11-23,Solano,095,438530,46879,46163,1340,47503,356
2021-11-23,Sonoma,097,501317,42694,42368,556,42924,405
2021-11-23,Stanislaus,099,539301,80622,80782,9174,89956,1220
2021-11-23,Sutter,101,95872,14152,14127,380,14507,181
2021-11-23,Tehama,103,63373,8762,8675,1539,10214,129
2021-11-23,Trinity,105,12862,894,789,227,1016,17
2021-11-23,Tulare,107,460477,70609,69377,15977,85354,1082
2021-11-23,Tuolumne,109,53932,7605,7574,110,7684,90
2021-11-23,Ventura,111,848112,99991,99163,4398,103561,1188
2021-11-23,Yolo,113,214977,20409,20237,1220,21457,257
2021-11-23,Yuba,115,75493,10410,10335,370,10705,88
2021-11-22,Alameda,001,1643700,122252,121566,2907,124473,1475
2021-11-22,Alpine,003,1148,105,106,0,106,0
2021-11-22,Amador,005,37829,5701,5670,70,5740,66
2021-11-22,Butte,007,227075,21622,21363,3888,25251,305
2021-11-22,Calaveras,009,45235,4340,4294,59,4353,84
2021-11-22,Colusa,011,21464,2600,2565,663,3228,19
2021-11-22,Contra Costa,013,1133247,101572,100877,2305,103182,1045
2021-11-22,Del Norte,015,27424,3746,3659,56,3715,42
2021-11-22,El Dorado,017,186661,16614,16378,1768,18146,161
2021-11-22,Fresno,019,978130,145049,143290,13217,156507,2243
2021-11-22,Glenn,021,27897,3564,3530,1034,4564,36
2021-11-22,Humboldt,023,135768,9474,9389,644,10033,115
2021-11-22,Imperial,025,180216,34995,34562,3493,38055,766
2021-11-22,Inyo,027,18085,2529,2501,43,2544,44
2021-11-22,Kern,029,883053,131786,130091,23649,153740,1762
2021-11-22,Kings,031,150075,33250,32867,2032,34899,358
2021-11-22,Lake,033,64148,6897,6837,156,6993,110
2021-11-22,Lassen,035,31185,7037,6954,408,7362,47
2021-11-22,Los Angeles,037,10098052,1462716,1453945,55966,1509911,26800
2021-11-22,Madera,039,155013,24125,23872,2268,26140,296
2021-11-22,Marin,041,260295,17978,17842,491,18333,248
2021-11-22,Mariposa,043,17540,1413,1372,60,1432,6
2021-11-22,Mendocino,045,87422,7979,7859,653,8512,89
2021-11-22,Merced,047,269075,43071,42898,2067,44965,660
2021-11-22,Modoc,049,8938,587,551,202,753,5
2021-11-22,Mono,051,14174,1837,1809,23,1832,4
2021-11-22,Monterey,053,433212,49548,48374,3150,51524,611
2021-11-22,Napa,055,140530,13301,13255,119,13374,104
2021-11-22,Nevada,057,99092,9689,9575,339,9914,96
2021-11-22,Orange,059,3164182,313013,310654,15892,326546,5663
2021-11-22,Placer,061,380077,38410,37956,3818,41774,465
2021-11-22,Plumas,063,18699,1927,1858,43,1901,7
2021-11-22,Riverside,065,2383286,372455,367301,16740,384041,5283
2021-11-22,Sacramento,067,1510023,163337,162222,4861,167083,2328
2021-11-22,San Benito,069,59416,7592,7567,179,7746,77
2021-11-22,San Bernardino,071,2135413,363286,359851,11599,371450,5916
2021-11-22,San Diego,073,3302833,384728,382132,22491,404623,4317
2021-11-22,San Francisco,075,870044,54389,53778,2423,56201,669
2021-11-22,San Joaquin,077,732212,102106,101299,5604,106903,1833
2021-11-22,San Luis Obispo,079,281455,30405,29963,1310,31273,358
2021-11-22,San Mateo,081,765935,55396,54330,946,55276,577
2021-11-22,Santa Barbara,083,443738,45596,45279,1606,46885,546
2021-11-22,Santa Clara,085,1922200,150912,149541,1503,151044,1919
2021-11-22,Santa Cruz,087,273765,21152,20891,1033,21924,222
2021-11-22,Shasta,089,179085,22357,22116,3703,25819,393
2021-11-22,Sierra,091,2930,196,193,21,214,0
2021-11-22,Siskiyou,093,43540,3425,3336,1340,4676,54
2021-11-22,Solano,095,438530,46830,46153,1338,47491,356
2021-11-22,Sonoma,097,501317,42633,42344,555,42899,404
2021-11-22,Stanislaus,099,539301,80534,80718,9164,89882,1209
2021-11-22,Sutter,101,95872,14136,14125,378,14503,181
2021-11-22,Tehama,103,63373,8755,8669,1534,10203,127
2021-11-22,Trinity,105,12862,893,785,227,1012,17
2021-11-22,Tulare,107,460477,70547,69314,15940,85254,1075
2021-11-22,Tuolumne,109,53932,7590,7567,110,7677,90
2021-11-22,Ventura,111,848112,99925,99114,4395,103509,1186
2021-11-22,Yolo,113,214977,20386,20227,1218,21445,257
2021-11-22,Yuba,115,75493,10401,10332,369,10701,88
2021-11-21,Alameda,001,1643700,122121,121443,2903,124346,1475
2021-11-21,Alpine,003,1148,103,106,0,106,0
2021-11-21,Amador,005,37829,5696,5662,69,5731,66
2021-11-21,Butte,007,227075,21580,21342,3883,25225,306
2021-11-21,Calaveras,009,45235,4331,4287,59,4346,84
2021-11-21,Colusa,011,21464,2596,2562,662,3224,19
2021-11-21,Contra Costa,013,1133247,101470,100807,2299,103106,1045
2021-11-21,Del Norte,015,27424,3742,3659,56,3715,42
2021-11-21,El Dorado,017,186661,16587,16370,1762,18132,161
2021-11-21,Fresno,019,978130,144877,143203,13197,156400,2242
2021-11-21,Glenn,021,27897,3560,3529,1034,4563,36
2021-11-21,Humboldt,023,135768,9451,9378,643,10021,115
2021-11-21,Imperial,025,180216,34906,34527,3483,38010,766
2021-11-21,Inyo,027,18085,2522,2501,43,2544,44
2021-11-21,Kern,029,883053,131622,130020,23603,153623,1762
2021-11-21,Kings,031,150075,33212,32843,2028,34871,356
2021-11-21,Lake,033,64148,6890,6834,156,6990,110
2021-11-21,Lassen,035,31185,7028,6953,408,7361,47
2021-11-21,Los Angeles,037,10098052,1461647,1453181,55909,1509090,26793
2021-11-21,Madera,039,155013,24099,23856,2263,26119,296
2021-11-21,Marin,041,260295,17949,17829,488,18317,248
2021-11-21,Mariposa,043,17540,1412,1371,59,1430,6
2021-11-21,Mendocino,045,87422,7973,7846,650,8496,89
2021-11-21,Merced,047,269075,43016,42881,2063,44944,660
2021-11-21,Modoc,049,8938,583,551,202,753,5
2021-11-21,Mono,051,14174,1827,1799,22,1821,4
2021-11-21,Monterey,053,433212,49502,48358,3141,51499,611
2021-11-21,Napa,055,140530,13288,13250,119,13369,104
2021-11-21,Nevada,057,99092,9663,9556,338,9894,96
2021-11-21,Orange,059,3164182,312757,310477,15860,326337,5663
2021-11-21,Placer,061,380077,38328,37929,3817,41746,465
2021-11-21,Plumas,063,18699,1922,1858,43,1901,7
2021-11-21,Riverside,065,2383286,371963,367093,16732,383825,5283
2021-11-21,Sacramento,067,1510023,163121,162087,4851,166938,2327
2021-11-21,San Benito,069,59416,7578,7563,178,7741,77
2021-11-21,San Bernardino,071,2135413,362799,359621,11562,371183,5912
2021-11-21,San Diego,073,3302833,384190,380747,22466,403213,4317
2021-11-21,San Francisco,075,870044,54320,53741,2418,56159,669
2021-11-21,San Joaquin,077,732212,102001,101264,5591,106855,1833
2021-11-21,San Luis Obispo,079,281455,30367,29948,1310,31258,358
2021-11-21,San Mateo,081,765935,55344,54290,944,55234,577
2021-11-21,Santa Barbara,083,443738,45535,45237,1603,46840,546
2021-11-21,Santa Clara,085,1922200,150707,149387,1483,150870,1918
2021-11-21,Santa Cruz,087,273765,21108,20866,1031,21897,222
2021-11-21,Shasta,089,179085,22326,22112,3701,25813,393
2021-11-21,Sierra,091,2930,196,193,21,214,0
2021-11-21,Siskiyou,093,43540,3420,3333,1339,4672,54
2021-11-21,Solano,095,438530,46774,46122,1331,47453,356
2021-11-21,Sonoma,097,501317,42573,42298,554,42852,404
2021-11-21,Stanislaus,099,539301,80439,80687,9149,89836,1209
2021-11-21,Sutter,101,95872,14122,14111,378,14489,181
2021-11-21,Tehama,103,63373,8749,8669,1533,10202,127
2021-11-21,Trinity,105,12862,891,784,225,1009,17
2021-11-21,Tulare,107,460477,70463,69285,15901,85186,1075
2021-11-21,Tuolumne,109,53932,7582,7560,109,7669,90
2021-11-21,Ventura,111,848112,99834,99081,4391,103472,1186
2021-11-21,Yolo,113,214977,20358,20209,1215,21424,257
2021-11-21,Yuba,115,75493,10392,10326,369,10695,88
2021-11-20,Alameda,001,1643700,122028,121059,2896,123955,1473
2021-11-20,Alpine,003,1148,103,105,0,105,0
2021-11-20,Amador,005,37829,5690,5652,68,5720,66
2021-11-20,Butte,007,227075,21565,21265,3879,25144,300
2021-11-20,Calaveras,009,45235,4322,4268,59,4327,84
2021-11-20,Colusa,011,21464,2595,2549,661,3210,19
2021-11-20,Contra Costa,013,1133247,101393,100491,2295,102786,1043
2021-11-20,Del Norte,015,27424,3739,3637,56,3693,42
2021-11-20,El Dorado,017,186661,16565,16308,1760,18068,161
2021-11-20,Fresno,019,978130,144807,142579,13188,155767,2233
2021-11-20,Glenn,021,27897,3559,3526,1033,4559,35
2021-11-20,Humboldt,023,135768,9438,9302,641,9943,115
2021-11-20,Imperial,025,180216,34854,34312,3477,37789,766
2021-11-20,Inyo,027,18085,2521,2467,43,2510,44
2021-11-20,Kern,029,883053,131522,129488,23566,153054,1750
2021-11-20,Kings,031,150075,33202,32720,2028,34748,354
2021-11-20,Lake,033,64148,6887,6808,156,6964,110
2021-11-20,Lassen,035,31185,7027,6931,408,7339,47
2021-11-20,Los Angeles,037,10098052,1461029,1448963,55861,1504824,26741
2021-11-20,Madera,039,155013,24087,23720,2259,25979,296
2021-11-20,Marin,041,260295,17934,17774,488,18262,248
2021-11-20,Mariposa,043,17540,1411,1354,59,1413,6
2021-11-20,Mendocino,045,87422,7965,7773,650,8423,89
2021-11-20,Merced,047,269075,42990,42692,2063,44755,656
2021-11-20,Modoc,049,8938,582,550,202,752,5
2021-11-20,Mono,051,14174,1821,1767,22,1789,4
2021-11-20,Monterey,053,433212,49489,48260,3133,51393,609
2021-11-20,Napa,055,140530,13285,13184,119,13303,103
2021-11-20,Nevada,057,99092,9647,9480,338,9818,92
2021-11-20,Orange,059,3164182,312558,309672,15843,325515,5658
2021-11-20,Placer,061,380077,38288,37800,3812,41612,462
2021-11-20,Plumas,063,18699,1918,1841,43,1884,7
2021-11-20,Riverside,065,2383286,371690,365809,16720,382529,5265
2021-11-20,Sacramento,067,1510023,163017,161533,4847,166380,2316
2021-11-20,San Benito,069,59416,7574,7533,178,7711,77
2021-11-20,San Bernardino,071,2135413,362526,358322,11551,369873,5897
2021-11-20,San Diego,073,3302833,383857,380147,22440,402587,4311
2021-11-20,San Francisco,075,870044,54281,53525,2417,55942,669
2021-11-20,San Joaquin,077,732212,101951,100922,5586,106508,1832
2021-11-20,San Luis Obispo,079,281455,30353,29815,1309,31124,355
2021-11-20,San Mateo,081,765935,55310,54132,943,55075,577
2021-11-20,Santa Barbara,083,443738,45503,45074,1603,46677,544
2021-11-20,Santa Clara,085,1922200,150600,148829,1482,150311,1917
2021-11-20,Santa Cruz,087,273765,21090,20756,1031,21787,222
2021-11-20,Shasta,089,179085,22302,21968,3700,25668,383
2021-11-20,Sierra,091,2930,196,191,21,212,0
2021-11-20,Siskiyou,093,43540,3417,3313,1339,4652,54
2021-11-20,Solano,095,438530,46753,46006,1331,47337,356
2021-11-20,Sonoma,097,501317,42542,42151,554,42705,403
2021-11-20,Stanislaus,099,539301,80393,80412,9145,89557,1205
2021-11-20,Sutter,101,95872,14114,14074,378,14452,181
2021-11-20,Tehama,103,63373,8744,8648,1533,10181,125
2021-11-20,Trinity,105,12862,887,771,225,996,17
2021-11-20,Tulare,107,460477,70424,69074,15880,84954,1054
2021-11-20,Tuolumne,109,53932,7573,7511,109,7620,90
2021-11-20,Ventura,111,848112,99785,98893,4384,103277,1186
2021-11-20,Yolo,113,214977,20350,20139,1211,21350,257
2021-11-20,Yuba,115,75493,10386,10290,368,10658,88
2021-11-19,Alameda,001,1643700,121952,121059,2893,123952,1473
2021-11-19,Alpine,003,1148,103,105,0,105,0
2021-11-19,Amador,005,37829,5680,5652,68,5720,66
2021-11-19,Butte,007,227075,21542,21265,3872,25137,300
2021-11-19,Calaveras,009,45235,4315,4268,59,4327,84
2021-11-19,Colusa,011,21464,2593,2549,660,3209,19
2021-11-19,Contra Costa,013,1133247,101335,100491,2290,102781,1043
2021-11-19,Del Norte,015,27424,3734,3637,56,3693,42
2021-11-19,El Dorado,017,186661,16544,16308,1758,18066,161
2021-11-19,Fresno,019,978130,144689,142579,13179,155758,2233
2021-11-19,Glenn,021,27897,3558,3526,1032,4558,35
2021-11-19,Humboldt,023,135768,9425,9302,638,9940,115
2021-11-19,Imperial,025,180216,34817,34312,3470,37782,766
2021-11-19,Inyo,027,18085,2517,2467,43,2510,44
2021-11-19,Kern,029,883053,131418,129488,23523,153011,1750
2021-11-19,Kings,031,150075,33176,32720,2026,34746,354
2021-11-19,Lake,033,64148,6884,6808,156,6964,110
2021-11-19,Lassen,035,31185,7023,6931,407,7338,47
2021-11-19,Los Angeles,037,10098052,1460346,1448963,55806,1504769,26741
2021-11-19,Madera,039,155013,24066,23720,2254,25974,296
2021-11-19,Marin,041,260295,17915,17774,486,18260,248
2021-11-19,Mariposa,043,17540,1409,1354,59,1413,6
2021-11-19,Mendocino,045,87422,7945,7773,650,8423,89
2021-11-19,Merced,047,269075,42964,42692,2062,44754,656
2021-11-19,Modoc,049,8938,581,550,202,752,5
2021-11-19,Mono,051,14174,1810,1767,22,1789,4
2021-11-19,Monterey,053,433212,49467,48260,3133,51393,609
2021-11-19,Napa,055,140530,13275,13184,118,13302,103
2021-11-19,Nevada,057,99092,9634,9480,338,9818,92
2021-11-19,Orange,059,3164182,312405,309672,15818,325490,5658
2021-11-19,Placer,061,380077,38251,37800,3808,41608,462
2021-11-19,Plumas,063,18699,1914,1841,43,1884,7
2021-11-19,Riverside,065,2383286,371416,365809,16716,382525,5265
2021-11-19,Sacramento,067,1510023,162892,161533,4843,166376,2316
2021-11-19,San Benito,069,59416,7568,7533,176,7709,77
2021-11-19,San Bernardino,071,2135413,362205,358322,11542,369864,5897
2021-11-19,San Diego,073,3302833,383456,380147,22414,402561,4311
2021-11-19,San Francisco,075,870044,54243,53525,2417,55942,669
2021-11-19,San Joaquin,077,732212,101894,100922,5582,106504,1832
2021-11-19,San Luis Obispo,079,281455,30335,29815,1307,31122,355
2021-11-19,San Mateo,081,765935,55262,54132,939,55071,577
2021-11-19,Santa Barbara,083,443738,45466,45074,1603,46677,544
2021-11-19,Santa Clara,085,1922200,150451,148829,1479,150308,1917
2021-11-19,Santa Cruz,087,273765,21063,20756,1028,21784,222
2021-11-19,Shasta,089,179085,22290,21968,3699,25667,383
2021-11-19,Sierra,091,2930,196,191,21,212,0
2021-11-19,Siskiyou,093,43540,3414,3313,1339,4652,54
2021-11-19,Solano,095,438530,46723,46006,1327,47333,356
2021-11-19,Sonoma,097,501317,42509,42151,551,42702,403
2021-11-19,Stanislaus,099,539301,80336,80412,9135,89547,1205
2021-11-19,Sutter,101,95872,14112,14074,378,14452,181
2021-11-19,Tehama,103,63373,8741,8648,1533,10181,125
2021-11-19,Trinity,105,12862,885,771,225,996,17
2021-11-19,Tulare,107,460477,70383,69074,15852,84926,1054
2021-11-19,Tuolumne,109,53932,7562,7511,109,7620,90
2021-11-19,Ventura,111,848112,99720,98893,4380,103273,1186
2021-11-19,Yolo,113,214977,20339,20139,1209,21348,257
2021-11-19,Yuba,115,75493,10383,10290,368,10658,88
2021-11-18,Alameda,001,1643700,121828,121059,2886,123945,1473
2021-11-18,Alpine,003,1148,103,105,0,105,0
2021-11-18,Amador,005,37829,5678,5652,68,5720,66
2021-11-18,Butte,007,227075,21525,21265,3865,25130,300
2021-11-18,Calaveras,009,45235,4308,4268,58,4326,84
2021-11-18,Colusa,011,21464,2585,2549,660,3209,19
2021-11-18,Contra Costa,013,1133247,101233,100491,2282,102773,1043
2021-11-18,Del Norte,015,27424,3731,3637,56,3693,42
2021-11-18,El Dorado,017,186661,16525,16308,1755,18063,161
2021-11-18,Fresno,019,978130,144549,142579,13169,155748,2233
2021-11-18,Glenn,021,27897,3557,3526,1031,4557,35
2021-11-18,Humboldt,023,135768,9409,9302,633,9935,115
2021-11-18,Imperial,025,180216,34763,34312,3454,37766,766
2021-11-18,Inyo,027,18085,2509,2467,43,2510,44
2021-11-18,Kern,029,883053,131274,129488,23475,152963,1750
2021-11-18,Kings,031,150075,33139,32720,2023,34743,354
2021-11-18,Lake,033,64148,6879,6808,156,6964,110
2021-11-18,Lassen,035,31185,7020,6931,402,7333,47
2021-11-18,Los Angeles,037,10098052,1459355,1448963,55743,1504706,26741
2021-11-18,Madera,039,155013,24041,23720,2250,25970,296
2021-11-18,Marin,041,260295,17899,17774,482,18256,248
2021-11-18,Mariposa,043,17540,1406,1354,59,1413,6
2021-11-18,Mendocino,045,87422,7923,7773,641,8414,89
2021-11-18,Merced,047,269075,42908,42692,2060,44752,656
2021-11-18,Modoc,049,8938,569,550,202,752,5
2021-11-18,Mono,051,14174,1802,1767,22,1789,4
2021-11-18,Monterey,053,433212,49442,48260,3128,51388,609
2021-11-18,Napa,055,140530,13263,13184,117,13301,103
2021-11-18,Nevada,057,99092,9610,9480,338,9818,92
2021-11-18,Orange,059,3164182,312169,309672,15798,325470,5658
2021-11-18,Placer,061,380077,38208,37800,3797,41597,462
2021-11-18,Plumas,063,18699,1913,1841,43,1884,7
2021-11-18,Riverside,065,2383286,371044,365809,16703,382512,5265
2021-11-18,Sacramento,067,1510023,162664,161533,4828,166361,2316
2021-11-18,San Benito,069,59416,7558,7533,176,7709,77
2021-11-18,San Bernardino,071,2135413,361770,358322,11523,369845,5897
2021-11-18,San Diego,073,3302833,382950,380147,22398,402545,4311
2021-11-18,San Francisco,075,870044,54191,53525,2413,55938,669
2021-11-18,San Joaquin,077,732212,101801,100922,5573,106495,1832
2021-11-18,San Luis Obispo,079,281455,30305,29815,1306,31121,355
2021-11-18,San Mateo,081,765935,55203,54132,936,55068,577
2021-11-18,Santa Barbara,083,443738,45420,45074,1596,46670,544
2021-11-18,Santa Clara,085,1922200,150264,148829,1471,150300,1917
2021-11-18,Santa Cruz,087,273765,21012,20756,1027,21783,222
2021-11-18,Shasta,089,179085,22254,21968,3694,25662,383
2021-11-18,Sierra,091,2930,195,191,21,212,0
2021-11-18,Siskiyou,093,43540,3414,3313,1335,4648,54
2021-11-18,Solano,095,438530,46681,46006,1324,47330,356
2021-11-18,Sonoma,097,501317,42460,42151,549,42700,403
2021-11-18,Stanislaus,099,539301,80269,80412,9127,89539,1205
2021-11-18,Sutter,101,95872,14101,14074,377,14451,181
2021-11-18,Tehama,103,63373,8736,8648,1533,10181,125
2021-11-18,Trinity,105,12862,884,771,225,996,17
2021-11-18,Tulare,107,460477,70310,69074,15804,84878,1054
2021-11-18,Tuolumne,109,53932,7552,7511,109,7620,90
2021-11-18,Ventura,111,848112,99643,98893,4376,103269,1186
2021-11-18,Yolo,113,214977,20322,20139,1205,21344,257
2021-11-18,Yuba,115,75493,10377,10290,368,10658,88
2021-11-17,Alameda,001,1643700,121706,120913,2885,123798,1472
2021-11-17,Alpine,003,1148,103,105,0,105,0
2021-11-17,Amador,005,37829,5671,5646,68,5714,66
2021-11-17,Butte,007,227075,21499,21230,3862,25092,300
2021-11-17,Calaveras,009,45235,4301,4259,58,4317,84
2021-11-17,Colusa,011,21464,2582,2546,659,3205,19
2021-11-17,Contra Costa,013,1133247,101141,100387,2278,102665,1039
2021-11-17,Del Norte,015,27424,3728,3630,56,3686,42
2021-11-17,El Dorado,017,186661,16506,16269,1754,18023,161
2021-11-17,Fresno,019,978130,144366,142366,13156,155522,2230
2021-11-17,Glenn,021,27897,3555,3527,1030,4557,34
2021-11-17,Humboldt,023,135768,9398,9270,630,9900,115
2021-11-17,Imperial,025,180216,34707,34256,3432,37688,766
2021-11-17,Inyo,027,18085,2503,2457,43,2500,44
2021-11-17,Kern,029,883053,131101,129307,23433,152740,1743
2021-11-17,Kings,031,150075,33111,32669,2019,34688,352
2021-11-17,Lake,033,64148,6875,6795,155,6950,110
2021-11-17,Lassen,035,31185,7018,6918,402,7320,47
2021-11-17,Los Angeles,037,10098052,1458251,1447947,55677,1503624,26721
2021-11-17,Madera,039,155013,24007,23673,2248,25921,287
2021-11-17,Marin,041,260295,17879,17757,480,18237,248
2021-11-17,Mariposa,043,17540,1402,1353,59,1412,6
2021-11-17,Mendocino,045,87422,7915,7735,640,8375,89
2021-11-17,Merced,047,269075,42849,42612,2055,44667,654
2021-11-17,Modoc,049,8938,565,540,202,742,5
2021-11-17,Mono,051,14174,1798,1765,22,1787,5
2021-11-17,Monterey,053,433212,49394,48221,3117,51338,609
2021-11-17,Napa,055,140530,13239,13167,117,13284,103
2021-11-17,Nevada,057,99092,9597,9447,338,9785,92
2021-11-17,Orange,059,3164182,311921,309396,15764,325160,5651
2021-11-17,Placer,061,380077,38160,37725,3788,41513,460
2021-11-17,Plumas,063,18699,1908,1833,43,1876,7
2021-11-17,Riverside,065,2383286,370633,365406,16690,382096,5229
2021-11-17,Sacramento,067,1510023,162494,161269,4821,166090,2302
2021-11-17,San Benito,069,59416,7551,7524,176,7700,77
2021-11-17,San Bernardino,071,2135413,361407,357947,11507,369454,5893
2021-11-17,San Diego,073,3302833,382452,379769,22372,402141,4301
2021-11-17,San Francisco,075,870044,54136,53469,2410,55879,667
2021-11-17,San Joaquin,077,732212,101699,100764,5568,106332,1828
2021-11-17,San Luis Obispo,079,281455,30279,29731,1303,31034,354
2021-11-17,San Mateo,081,765935,55135,54092,933,55025,577
2021-11-17,Santa Barbara,083,443738,45382,45000,1596,46596,542
2021-11-17,Santa Clara,085,1922200,150100,148626,1463,150089,1915
2021-11-17,Santa Cruz,087,273765,20977,20700,1027,21727,222
2021-11-17,Shasta,089,179085,22221,21883,3692,25575,382
2021-11-17,Sierra,091,2930,194,189,21,210,0
2021-11-17,Siskiyou,093,43540,3410,3307,1332,4639,54
2021-11-17,Solano,095,438530,46648,45948,1323,47271,353
2021-11-17,Sonoma,097,501317,42414,42093,546,42639,403
2021-11-17,Stanislaus,099,539301,80181,80276,9117,89393,1199
2021-11-17,Sutter,101,95872,14087,14064,375,14439,181
2021-11-17,Tehama,103,63373,8726,8633,1530,10163,125
2021-11-17,Trinity,105,12862,883,765,225,990,17
2021-11-17,Tulare,107,460477,70237,68977,15777,84754,1047
2021-11-17,Tuolumne,109,53932,7535,7485,109,7594,90
2021-11-17,Ventura,111,848112,99581,98812,4370,103182,1183
2021-11-17,Yolo,113,214977,20303,20100,1201,21301,257
2021-11-17,Yuba,115,75493,10365,10275,364,10639,88
2021-11-16,Alameda,001,1643700,121595,120809,2881,123690,1467
2021-11-16,Alpine,003,1148,103,105,0,105,0
2021-11-16,Amador,005,37829,5665,5644,68,5712,66
2021-11-16,Butte,007,227075,21474,21208,3857,25065,297
2021-11-16,Calaveras,009,45235,4292,4249,58,4307,83
2021-11-16,Colusa,011,21464,2576,2538,659,3197,19
2021-11-16,Contra Costa,013,1133247,101019,100320,2275,102595,1038
2021-11-16,Del Norte,015,27424,3722,3630,56,3686,42
2021-11-16,El Dorado,017,186661,16481,16248,1752,18000,159
2021-11-16,Fresno,019,978130,144179,142200,13135,155335,2218
2021-11-16,Glenn,021,27897,3554,3527,1027,4554,34
2021-11-16,Humboldt,023,135768,9377,9252,626,9878,115
2021-11-16,Imperial,025,180216,34623,34177,3418,37595,766
2021-11-16,Inyo,027,18085,2496,2449,43,2492,42
2021-11-16,Kern,029,883053,130941,129136,23372,152508,1735
2021-11-16,Kings,031,150075,33060,32614,2012,34626,350
2021-11-16,Lake,033,64148,6870,6789,155,6944,110
2021-11-16,Lassen,035,31185,7008,6915,402,7317,47
2021-11-16,Los Angeles,037,10098052,1457078,1446815,55605,1502420,26703
2021-11-16,Madera,039,155013,23969,23642,2242,25884,287
2021-11-16,Marin,041,260295,17860,17736,479,18215,248
2021-11-16,Mariposa,043,17540,1394,1349,58,1407,6
2021-11-16,Mendocino,045,87422,7873,7723,636,8359,89
2021-11-16,Merced,047,269075,42812,42578,2048,44626,653
2021-11-16,Modoc,049,8938,564,539,201,740,5
2021-11-16,Mono,051,14174,1789,1767,22,1789,4
2021-11-16,Monterey,053,433212,49364,48195,3103,51298,609
2021-11-16,Napa,055,140530,13228,13151,117,13268,103
2021-11-16,Nevada,057,99092,9580,9435,337,9772,92
2021-11-16,Orange,059,3164182,311654,309170,15729,324899,5651
2021-11-16,Placer,061,380077,38118,37676,3782,41458,459
2021-11-16,Plumas,063,18699,1899,1832,43,1875,7
2021-11-16,Riverside,065,2383286,370211,365078,16668,381746,5208
2021-11-16,Sacramento,067,1510023,162314,161102,4808,165910,2299
2021-11-16,San Benito,069,59416,7537,7513,176,7689,77
2021-11-16,San Bernardino,071,2135413,360993,357528,11455,368983,5901
2021-11-16,San Diego,073,3302833,381895,379435,22345,401780,4287
2021-11-16,San Francisco,075,870044,54063,53415,2402,55817,667
2021-11-16,San Joaquin,077,732212,101559,100637,5552,106189,1807
2021-11-16,San Luis Obispo,079,281455,30247,29703,1300,31003,356
2021-11-16,San Mateo,081,765935,55073,54034,931,54965,577
2021-11-16,Santa Barbara,083,443738,45314,44932,1593,46525,539
2021-11-16,Santa Clara,085,1922200,149920,148452,1451,149903,1916
2021-11-16,Santa Cruz,087,273765,20932,20684,1025,21709,222
2021-11-16,Shasta,089,179085,22182,21853,3688,25541,379
2021-11-16,Sierra,091,2930,194,189,21,210,0
2021-11-16,Siskiyou,093,43540,3407,3304,1330,4634,54
2021-11-16,Solano,095,438530,46608,45908,1322,47230,351
2021-11-16,Sonoma,097,501317,42365,42056,545,42601,401
2021-11-16,Stanislaus,099,539301,80086,80214,9093,89307,1196
2021-11-16,Sutter,101,95872,14075,14058,374,14432,181
2021-11-16,Tehama,103,63373,8719,8621,1523,10144,125
2021-11-16,Trinity,105,12862,883,762,224,986,17
2021-11-16,Tulare,107,460477,70157,68881,15740,84621,1039
2021-11-16,Tuolumne,109,53932,7525,7478,109,7587,90
2021-11-16,Ventura,111,848112,99506,98731,4367,103098,1183
2021-11-16,Yolo,113,214977,20264,20077,1198,21275,257
2021-11-16,Yuba,115,75493,10357,10262,362,10624,85
2021-11-15,Alameda,001,1643700,121440,120731,2876,123607,1464
2021-11-15,Alpine,003,1148,103,105,0,105,0
2021-11-15,Amador,005,37829,5661,5637,68,5705,66
2021-11-15,Butte,007,227075,21449,21182,3853,25035,296
2021-11-15,Calaveras,009,45235,4278,4237,58,4295,83
2021-11-15,Colusa,011,21464,2569,2535,656,3191,19
2021-11-15,Contra Costa,013,1133247,100912,100251,2272,102523,1038
2021-11-15,Del Norte,015,27424,3717,3630,55,3685,42
2021-11-15,El Dorado,017,186661,16457,16236,1748,17984,159
2021-11-15,Fresno,019,978130,143955,142015,13114,155129,2210
2021-11-15,Glenn,021,27897,3552,3526,1027,4553,34
2021-11-15,Humboldt,023,135768,9354,9230,618,9848,115
2021-11-15,Imperial,025,180216,34550,34130,3402,37532,766
2021-11-15,Inyo,027,18085,2491,2442,43,2485,42
2021-11-15,Kern,029,883053,130732,128928,23301,152229,1730
2021-11-15,Kings,031,150075,33026,32584,2007,34591,348
2021-11-15,Lake,033,64148,6866,6784,155,6939,109
2021-11-15,Lassen,035,31185,6997,6915,400,7315,47
2021-11-15,Los Angeles,037,10098052,1455882,1446114,55540,1501654,26677
2021-11-15,Madera,039,155013,23930,23605,2231,25836,287
2021-11-15,Marin,041,260295,17843,17723,478,18201,248
2021-11-15,Mariposa,043,17540,1393,1347,56,1403,6
2021-11-15,Mendocino,045,87422,7853,7694,630,8324,89
2021-11-15,Merced,047,269075,42754,42552,2037,44589,648
2021-11-15,Modoc,049,8938,563,538,200,738,5
2021-11-15,Mono,051,14174,1784,1763,22,1785,4
2021-11-15,Monterey,053,433212,49332,48154,3097,51251,609
2021-11-15,Napa,055,140530,13220,13143,117,13260,103
2021-11-15,Nevada,057,99092,9551,9420,336,9756,92
2021-11-15,Orange,059,3164182,311377,308859,15704,324563,5646
2021-11-15,Placer,061,380077,38054,37610,3778,41388,452
2021-11-15,Plumas,063,18699,1892,1829,43,1872,7
2021-11-15,Riverside,065,2383286,369765,364750,16649,381399,5199
2021-11-15,Sacramento,067,1510023,162094,160937,4795,165732,2293
2021-11-15,San Benito,069,59416,7532,7511,175,7686,77
2021-11-15,San Bernardino,071,2135413,360577,357306,11435,368741,5898
2021-11-15,San Diego,073,3302833,381345,378845,22320,401165,4284
2021-11-15,San Francisco,075,870044,53995,53374,2399,55773,667
2021-11-15,San Joaquin,077,732212,101405,100587,5541,106128,1799
2021-11-15,San Luis Obispo,079,281455,30204,29669,1288,30957,351
2021-11-15,San Mateo,081,765935,55020,54010,928,54938,576
2021-11-15,Santa Barbara,083,443738,45258,44879,1587,46466,539
2021-11-15,Santa Clara,085,1922200,149702,148313,1444,149757,1914
2021-11-15,Santa Cruz,087,273765,20890,20630,1024,21654,223
2021-11-15,Shasta,089,179085,22136,21779,3683,25462,374
2021-11-15,Sierra,091,2930,194,189,21,210,0
2021-11-15,Siskiyou,093,43540,3400,3302,1328,4630,54
2021-11-15,Solano,095,438530,46569,45885,1317,47202,351
2021-11-15,Sonoma,097,501317,42314,42021,544,42565,401
2021-11-15,Stanislaus,099,539301,80001,80129,9079,89208,1174
2021-11-15,Sutter,101,95872,14062,14043,373,14416,181
2021-11-15,Tehama,103,63373,8713,8615,1522,10137,125
2021-11-15,Trinity,105,12862,881,757,222,979,17
2021-11-15,Tulare,107,460477,70070,68826,15694,84520,1039
2021-11-15,Tuolumne,109,53932,7514,7461,109,7570,90
2021-11-15,Ventura,111,848112,99422,98605,4362,102967,1183
2021-11-15,Yolo,113,214977,20234,20065,1193,21258,255
2021-11-15,Yuba,115,75493,10338,10254,358,10612,85
2021-11-14,Alameda,001,1643700,121265,120629,2872,123501,1461
2021-11-14,Alpine,003,1148,102,105,0,105,0
2021-11-14,Amador,005,37829,5654,5632,67,5699,66
2021-11-14,Butte,007,227075,21418,21146,3844,24990,296
2021-11-14,Calaveras,009,45235,4267,4222,58,4280,83
2021-11-14,Colusa,011,21464,2567,2532,653,3185,19
2021-11-14,Contra Costa,013,1133247,100804,100188,2270,102458,1038
2021-11-14,Del Norte,015,27424,3714,3629,55,3684,42
2021-11-14,El Dorado,017,186661,16416,16212,1743,17955,159
2021-11-14,Fresno,019,978130,143672,141869,13081,154950,2209
2021-11-14,Glenn,021,27897,3550,3521,1027,4548,34
2021-11-14,Humboldt,023,135768,9324,9215,608,9823,115
2021-11-14,Imperial,025,180216,34447,34078,3387,37465,766
2021-11-14,Inyo,027,18085,2479,2441,43,2484,42
2021-11-14,Kern,029,883053,130492,128842,23231,152073,1730
2021-11-14,Kings,031,150075,32969,32545,2000,34545,349
2021-11-14,Lake,033,64148,6858,6777,155,6932,109
2021-11-14,Lassen,035,31185,6987,6911,399,7310,47
2021-11-14,Los Angeles,037,10098052,1454519,1445284,55464,1500748,26667
2021-11-14,Madera,039,155013,23880,23566,2222,25788,287
2021-11-14,Marin,041,260295,17828,17712,478,18190,247
2021-11-14,Mariposa,043,17540,1383,1337,52,1389,6
2021-11-14,Mendocino,045,87422,7820,7684,625,8309,89
2021-11-14,Merced,047,269075,42664,42513,2031,44544,648
2021-11-14,Modoc,049,8938,561,538,200,738,5
2021-11-14,Mono,051,14174,1772,1760,22,1782,4
2021-11-14,Monterey,053,433212,49277,48135,3079,51214,609
2021-11-14,Napa,055,140530,13202,13132,117,13249,103
2021-11-14,Nevada,057,99092,9523,9408,336,9744,92
2021-11-14,Orange,059,3164182,311058,308699,15683,324382,5646
2021-11-14,Placer,061,380077,37973,37569,3768,41337,452
2021-11-14,Plumas,063,18699,1889,1829,42,1871,7
2021-11-14,Riverside,065,2383286,369267,364490,16632,381122,5199
2021-11-14,Sacramento,067,1510023,161857,160761,4778,165539,2295
2021-11-14,San Benito,069,59416,7521,7507,174,7681,77
2021-11-14,San Bernardino,071,2135413,359998,357014,11418,368432,5897
2021-11-14,San Diego,073,3302833,380739,377633,22289,399922,4280
2021-11-14,San Francisco,075,870044,53920,53338,2394,55732,667
2021-11-14,San Joaquin,077,732212,101277,100518,5536,106054,1799
2021-11-14,San Luis Obispo,079,281455,30122,29645,1284,30929,352
2021-11-14,San Mateo,081,765935,54967,53978,926,54904,576
2021-11-14,Santa Barbara,083,443738,45179,44842,1584,46426,539
2021-11-14,Santa Clara,085,1922200,149503,148152,1436,149588,1913
2021-11-14,Santa Cruz,087,273765,20836,20609,1022,21631,223
2021-11-14,Shasta,089,179085,22084,21771,3670,25441,373
2021-11-14,Sierra,091,2930,194,189,21,210,0
2021-11-14,Siskiyou,093,43540,3391,3302,1327,4629,54
2021-11-14,Solano,095,438530,46513,45860,1310,47170,351
2021-11-14,Sonoma,097,501317,42248,41974,542,42516,401
2021-11-14,Stanislaus,099,539301,79866,80076,9061,89137,1174
2021-11-14,Sutter,101,95872,14045,14031,368,14399,181
2021-11-14,Tehama,103,63373,8703,8607,1520,10127,125
2021-11-14,Trinity,105,12862,878,754,220,974,17
2021-11-14,Tulare,107,460477,69952,68772,15636,84408,1037
2021-11-14,Tuolumne,109,53932,7496,7439,108,7547,90
2021-11-14,Ventura,111,848112,99307,98550,4361,102911,1183
2021-11-14,Yolo,113,214977,20207,20040,1187,21227,255
2021-11-14,Yuba,115,75493,10331,10238,357,10595,85
2021-11-13,Alameda,001,1643700,121191,120407,2870,123277,1454
2021-11-13,Alpine,003,1148,102,105,0,105,0
2021-11-13,Amador,005,37829,5653,5614,67,5681,66
2021-11-13,Butte,007,227075,21398,21104,3841,24945,296
2021-11-13,Calaveras,009,45235,4256,4203,58,4261,83
2021-11-13,Colusa,011,21464,2565,2522,653,3175,19
2021-11-13,Contra Costa,013,1133247,100732,100004,2264,102268,1028
2021-11-13,Del Norte,015,27424,3714,3629,55,3684,42
2021-11-13,El Dorado,017,186661,16404,16163,1740,17903,159
2021-11-13,Fresno,019,978130,143565,141452,13067,154519,2205
2021-11-13,Glenn,021,27897,3550,3514,1026,4540,34
2021-11-13,Humboldt,023,135768,9308,9177,603,9780,115
2021-11-13,Imperial,025,180216,34396,33990,3370,37360,766
2021-11-13,Inyo,027,18085,2473,2436,43,2479,42
2021-11-13,Kern,029,883053,130391,128472,23187,151659,1719
2021-11-13,Kings,031,150075,32952,32452,1999,34451,347
2021-11-13,Lake,033,64148,6853,6769,155,6924,109
2021-11-13,Lassen,035,31185,6982,6897,399,7296,47
2021-11-13,Los Angeles,037,10098052,1453857,1443088,55422,1498510,26649
2021-11-13,Madera,039,155013,23850,23462,2217,25679,287
2021-11-13,Marin,041,260295,17815,17684,476,18160,247
2021-11-13,Mariposa,043,17540,1380,1323,52,1375,6
2021-11-13,Mendocino,045,87422,7801,7652,624,8276,89
2021-11-13,Merced,047,269075,42626,42411,2028,44439,644
2021-11-13,Modoc,049,8938,560,536,200,736,5
2021-11-13,Mono,051,14174,1768,1750,22,1772,4
2021-11-13,Monterey,053,433212,49251,48087,3077,51164,609
2021-11-13,Napa,055,140530,13194,13110,117,13227,103
2021-11-13,Nevada,057,99092,9503,9369,334,9703,92
2021-11-13,Orange,059,3164182,310892,308211,15655,323866,5641
2021-11-13,Placer,061,380077,37923,37453,3765,41218,445
2021-11-13,Plumas,063,18699,1886,1828,42,1870,8
2021-11-13,Riverside,065,2383286,368961,363801,16625,380426,5187
2021-11-13,Sacramento,067,1510023,161720,160397,4765,165162,2291
2021-11-13,San Benito,069,59416,7508,7491,173,7664,77
2021-11-13,San Bernardino,071,2135413,359746,356325,11411,367736,5873
2021-11-13,San Diego,073,3302833,380402,377633,22261,399894,4280
2021-11-13,San Francisco,075,870044,53888,53195,2393,55588,667
2021-11-13,San Joaquin,077,732212,101221,100263,5527,105790,1799
2021-11-13,San Luis Obispo,079,281455,30092,29589,1282,30871,351
2021-11-13,San Mateo,081,765935,54929,53853,925,54778,574
2021-11-13,Santa Barbara,083,443738,45146,44734,1584,46318,537
2021-11-13,Santa Clara,085,1922200,149385,147821,1431,149252,1905
2021-11-13,Santa Cruz,087,273765,20821,20565,1021,21586,223
2021-11-13,Shasta,089,179085,22053,21713,3666,25379,366
2021-11-13,Sierra,091,2930,193,188,21,209,0
2021-11-13,Siskiyou,093,43540,3382,3299,1326,4625,54
2021-11-13,Solano,095,438530,46484,45774,1306,47080,350
2021-11-13,Sonoma,097,501317,42214,41882,541,42423,399
2021-11-13,Stanislaus,099,539301,79791,79872,9047,88919,1174
2021-11-13,Sutter,101,95872,14035,14017,367,14384,181
2021-11-13,Tehama,103,63373,8697,8592,1516,10108,125
2021-11-13,Trinity,105,12862,877,749,220,969,17
2021-11-13,Tulare,107,460477,69886,68619,15613,84232,1033
2021-11-13,Tuolumne,109,53932,7479,7392,108,7500,90
2021-11-13,Ventura,111,848112,99249,98452,4358,102810,1183
2021-11-13,Yolo,113,214977,20193,20009,1182,21191,255
2021-11-13,Yuba,115,75493,10321,10218,355,10573,85
2021-11-12,Alameda,001,1643700,121108,120407,2867,123274,1454
2021-11-12,Alpine,003,1148,102,105,0,105,0
2021-11-12,Amador,005,37829,5647,5614,66,5680,66
2021-11-12,Butte,007,227075,21381,21104,3837,24941,296
2021-11-12,Calaveras,009,45235,4245,4203,58,4261,83
2021-11-12,Colusa,011,21464,2561,2522,652,3174,19
2021-11-12,Contra Costa,013,1133247,100677,100004,2263,102267,1028
2021-11-12,Del Norte,015,27424,3714,3629,55,3684,42
2021-11-12,El Dorado,017,186661,16385,16163,1739,17902,159
2021-11-12,Fresno,019,978130,143422,141452,13053,154505,2205
2021-11-12,Glenn,021,27897,3547,3514,1025,4539,34
2021-11-12,Humboldt,023,135768,9301,9177,601,9778,115
2021-11-12,Imperial,025,180216,34370,33990,3360,37350,766
2021-11-12,Inyo,027,18085,2469,2436,43,2479,42
2021-11-12,Kern,029,883053,130254,128472,23155,151627,1719
2021-11-12,Kings,031,150075,32926,32452,1997,34449,347
2021-11-12,Lake,033,64148,6849,6769,155,6924,109
2021-11-12,Lassen,035,31185,6978,6897,398,7295,47
2021-11-12,Los Angeles,037,10098052,1453128,1443088,55377,1498465,26649
2021-11-12,Madera,039,155013,23821,23462,2212,25674,287
2021-11-12,Marin,041,260295,17799,17684,475,18159,247
2021-11-12,Mariposa,043,17540,1373,1323,52,1375,6
2021-11-12,Mendocino,045,87422,7789,7652,621,8273,89
2021-11-12,Merced,047,269075,42597,42411,2026,44437,644
2021-11-12,Modoc,049,8938,559,536,200,736,5
2021-11-12,Mono,051,14174,1766,1750,22,1772,4
2021-11-12,Monterey,053,433212,49219,48087,3071,51158,609
2021-11-12,Napa,055,140530,13185,13110,117,13227,103
2021-11-12,Nevada,057,99092,9489,9369,333,9702,92
2021-11-12,Orange,059,3164182,310704,308211,15637,323848,5641
2021-11-12,Placer,061,380077,37883,37453,3762,41215,445
2021-11-12,Plumas,063,18699,1880,1828,42,1870,8
2021-11-12,Riverside,065,2383286,368694,363801,16621,380422,5187
2021-11-12,Sacramento,067,1510023,161561,160397,4760,165157,2291
2021-11-12,San Benito,069,59416,7508,7491,173,7664,77
2021-11-12,San Bernardino,071,2135413,359437,356325,11400,367725,5873
2021-11-12,San Diego,073,3302833,380027,377633,22239,399872,4280
2021-11-12,San Francisco,075,870044,53853,53195,2389,55584,667
2021-11-12,San Joaquin,077,732212,101176,100263,5521,105784,1799
2021-11-12,San Luis Obispo,079,281455,30063,29589,1281,30870,351
2021-11-12,San Mateo,081,765935,54879,53853,922,54775,574
2021-11-12,Santa Barbara,083,443738,45091,44734,1583,46317,537
2021-11-12,Santa Clara,085,1922200,149243,147821,1426,149247,1905
2021-11-12,Santa Cruz,087,273765,20794,20565,1019,21584,223
2021-11-12,Shasta,089,179085,22021,21713,3663,25376,366
2021-11-12,Sierra,091,2930,192,188,21,209,0
2021-11-12,Siskiyou,093,43540,3381,3299,1324,4623,54
2021-11-12,Solano,095,438530,46457,45774,1302,47076,350
2021-11-12,Sonoma,097,501317,42174,41882,541,42423,399
2021-11-12,Stanislaus,099,539301,79739,79872,9039,88911,1174
2021-11-12,Sutter,101,95872,14028,14017,367,14384,181
2021-11-12,Tehama,103,63373,8693,8592,1515,10107,125
2021-11-12,Trinity,105,12862,870,749,220,969,17
2021-11-12,Tulare,107,460477,69844,68619,15578,84197,1033
2021-11-12,Tuolumne,109,53932,7466,7392,107,7499,90
2021-11-12,Ventura,111,848112,99184,98452,4357,102809,1183
2021-11-12,Yolo,113,214977,20179,20009,1176,21185,255
2021-11-12,Yuba,115,75493,10312,10218,354,10572,85
2021-11-11,Alameda,001,1643700,120992,120147,2859,123006,1453
2021-11-11,Alpine,003,1148,102,105,0,105,0
2021-11-11,Amador,005,37829,5644,5603,65,5668,66
2021-11-11,Butte,007,227075,21338,21047,3832,24879,293
2021-11-11,Calaveras,009,45235,4227,4179,58,4237,83
2021-11-11,Colusa,011,21464,2553,2518,650,3168,19
2021-11-11,Contra Costa,013,1133247,100572,99808,2258,102066,1028
2021-11-11,Del Norte,015,27424,3712,3622,55,3677,42
2021-11-11,El Dorado,017,186661,16351,16085,1736,17821,159
2021-11-11,Fresno,019,978130,143217,140833,13019,153852,2202
2021-11-11,Glenn,021,27897,3545,3503,1025,4528,34
2021-11-11,Humboldt,023,135768,9278,9125,598,9723,115
2021-11-11,Imperial,025,180216,34301,33844,3338,37182,766
2021-11-11,Inyo,027,18085,2464,2428,43,2471,42
2021-11-11,Kern,029,883053,130070,128023,23091,151114,1709
2021-11-11,Kings,031,150075,32875,32318,1995,34313,345
2021-11-11,Lake,033,64148,6842,6745,155,6900,107
2021-11-11,Lassen,035,31185,6972,6875,398,7273,47
2021-11-11,Los Angeles,037,10098052,1452030,1440436,55318,1495754,26614
2021-11-11,Madera,039,155013,23774,23316,2204,25520,287
2021-11-11,Marin,041,260295,17789,17639,475,18114,247
2021-11-11,Mariposa,043,17540,1363,1317,52,1369,6
2021-11-11,Mendocino,045,87422,7774,7612,612,8224,89
2021-11-11,Merced,047,269075,42541,42292,2023,44315,643
2021-11-11,Modoc,049,8938,557,536,200,736,5
2021-11-11,Mono,051,14174,1762,1743,22,1765,4
2021-11-11,Monterey,053,433212,49184,48008,3059,51067,609
2021-11-11,Napa,055,140530,13177,13075,117,13192,103
2021-11-11,Nevada,057,99092,9467,9308,333,9641,92
2021-11-11,Orange,059,3164182,310430,307674,15599,323273,5633
2021-11-11,Placer,061,380077,37832,37333,3754,41087,440
2021-11-11,Plumas,063,18699,1876,1814,42,1856,7
2021-11-11,Riverside,065,2383286,368261,362930,16603,379533,5175
2021-11-11,Sacramento,067,1510023,161348,159962,4741,164703,2289
2021-11-11,San Benito,069,59416,7500,7473,173,7646,76
2021-11-11,San Bernardino,071,2135413,359009,355413,11387,366800,5849
2021-11-11,San Diego,073,3302833,379512,376428,22216,398644,4272
2021-11-11,San Francisco,075,870044,53794,53063,2387,55450,666
2021-11-11,San Joaquin,077,732212,101081,99937,5506,105443,1799
2021-11-11,San Luis Obispo,079,281455,30012,29532,1279,30811,351
2021-11-11,San Mateo,081,765935,54830,53722,917,54639,574
2021-11-11,Santa Barbara,083,443738,45033,44603,1580,46183,534
2021-11-11,Santa Clara,085,1922200,149061,147458,1420,148878,1901
2021-11-11,Santa Cruz,087,273765,20749,20479,1019,21498,222
2021-11-11,Shasta,089,179085,21974,21600,3661,25261,364
2021-11-11,Sierra,091,2930,191,186,21,207,0
2021-11-11,Siskiyou,093,43540,3375,3297,1323,4620,53
2021-11-11,Solano,095,438530,46420,45679,1301,46980,350
2021-11-11,Sonoma,097,501317,42137,41774,541,42315,395
2021-11-11,Stanislaus,099,539301,79656,79570,9023,88593,1166
2021-11-11,Sutter,101,95872,14014,13993,366,14359,181
2021-11-11,Tehama,103,63373,8681,8565,1513,10078,125
2021-11-11,Trinity,105,12862,869,748,220,968,17
2021-11-11,Tulare,107,460477,69751,68367,15542,83909,1028
2021-11-11,Tuolumne,109,53932,7453,7354,107,7461,90
2021-11-11,Ventura,111,848112,99106,98297,4350,102647,1182
2021-11-11,Yolo,113,214977,20152,19946,1174,21120,255
2021-11-11,Yuba,115,75493,10296,10191,354,10545,85
2021-11-10,Alameda,001,1643700,120883,120147,2849,122996,1453
2021-11-10,Alpine,003,1148,102,105,0,105,0
2021-11-10,Amador,005,37829,5638,5603,65,5668,66
2021-11-10,Butte,007,227075,21312,21047,3828,24875,293
2021-11-10,Calaveras,009,45235,4216,4179,58,4237,83
2021-11-10,Colusa,011,21464,2547,2518,650,3168,19
2021-11-10,Contra Costa,013,1133247,100489,99808,2254,102062,1028
2021-11-10,Del Norte,015,27424,3711,3622,55,3677,42
2021-11-10,El Dorado,017,186661,16335,16085,1735,17820,159
2021-11-10,Fresno,019,978130,143038,140833,13005,153838,2202
2021-11-10,Glenn,021,27897,3545,3503,1024,4527,34
2021-11-10,Humboldt,023,135768,9260,9125,598,9723,115
2021-11-10,Imperial,025,180216,34252,33844,3319,37163,766
2021-11-10,Inyo,027,18085,2457,2428,43,2471,42
2021-11-10,Kern,029,883053,129921,128023,23035,151058,1709
2021-11-10,Kings,031,150075,32842,32318,1993,34311,345
2021-11-10,Lake,033,64148,6832,6745,155,6900,107
2021-11-10,Lassen,035,31185,6967,6875,398,7273,47
2021-11-10,Los Angeles,037,10098052,1451075,1440436,55259,1495695,26614
2021-11-10,Madera,039,155013,23725,23316,2198,25514,287
2021-11-10,Marin,041,260295,17776,17639,473,18112,247
2021-11-10,Mariposa,043,17540,1357,1317,52,1369,6
2021-11-10,Mendocino,045,87422,7762,7612,611,8223,89
2021-11-10,Merced,047,269075,42506,42292,2021,44313,643
2021-11-10,Modoc,049,8938,556,536,199,735,5
2021-11-10,Mono,051,14174,1760,1743,22,1765,4
2021-11-10,Monterey,053,433212,49150,48008,3047,51055,609
2021-11-10,Napa,055,140530,13163,13075,116,13191,103
2021-11-10,Nevada,057,99092,9460,9308,331,9639,92
2021-11-10,Orange,059,3164182,310167,307674,15567,323241,5633
2021-11-10,Placer,061,380077,37786,37333,3747,41080,440
2021-11-10,Plumas,063,18699,1870,1814,41,1855,7
2021-11-10,Riverside,065,2383286,367880,362930,16597,379527,5175
2021-11-10,Sacramento,067,1510023,161193,159962,4731,164693,2289
2021-11-10,San Benito,069,59416,7492,7473,173,7646,76
2021-11-10,San Bernardino,071,2135413,358672,355413,11380,366793,5849
2021-11-10,San Diego,073,3302833,379096,376428,22194,398622,4272
2021-11-10,San Francisco,075,870044,53733,53063,2384,55447,666
2021-11-10,San Joaquin,077,732212,100975,99937,5500,105437,1799
2021-11-10,San Luis Obispo,079,281455,29981,29532,1278,30810,351
2021-11-10,San Mateo,081,765935,54776,53722,916,54638,574
2021-11-10,Santa Barbara,083,443738,44995,44603,1579,46182,534
2021-11-10,Santa Clara,085,1922200,148914,147458,1414,148872,1901
2021-11-10,Santa Cruz,087,273765,20722,20479,1018,21497,222
2021-11-10,Shasta,089,179085,21938,21600,3659,25259,364
2021-11-10,Sierra,091,2930,190,186,21,207,0
2021-11-10,Siskiyou,093,43540,3373,3297,1323,4620,53
2021-11-10,Solano,095,438530,46390,45679,1299,46978,350
2021-11-10,Sonoma,097,501317,42086,41774,541,42315,395
2021-11-10,Stanislaus,099,539301,79555,79570,9007,88577,1166
2021-11-10,Sutter,101,95872,14006,13993,366,14359,181
2021-11-10,Tehama,103,63373,8669,8565,1507,10072,125
2021-11-10,Trinity,105,12862,865,748,219,967,17
2021-11-10,Tulare,107,460477,69691,68367,15501,83868,1028
2021-11-10,Tuolumne,109,53932,7429,7354,107,7461,90
2021-11-10,Ventura,111,848112,99035,98297,4350,102647,1182
2021-11-10,Yolo,113,214977,20133,19946,1173,21119,255
2021-11-10,Yuba,115,75493,10287,10191,354,10545,85
2021-11-09,Alameda,001,1643700,120745,120051,2839,122890,1450
2021-11-09,Alpine,003,1148,102,105,0,105,0
2021-11-09,Amador,005,37829,5634,5596,65,5661,66
2021-11-09,Butte,007,227075,21291,21022,3825,24847,291
2021-11-09,Calaveras,009,45235,4212,4174,58,4232,84
2021-11-09,Colusa,011,21464,2542,2517,649,3166,19
2021-11-09,Contra Costa,013,1133247,100394,99732,2246,101978,1028
2021-11-09,Del Norte,015,27424,3710,3620,55,3675,42
2021-11-09,El Dorado,017,186661,16297,16073,1730,17803,160
2021-11-09,Fresno,019,978130,142795,140666,12990,153656,2188
2021-11-09,Glenn,021,27897,3540,3499,1024,4523,34
2021-11-09,Humboldt,023,135768,9239,9112,593,9705,115
2021-11-09,Imperial,025,180216,34200,33751,3305,37056,766
2021-11-09,Inyo,027,18085,2453,2404,43,2447,42
2021-11-09,Kern,029,883053,129676,127901,22973,150874,1694
2021-11-09,Kings,031,150075,32775,32279,1989,34268,344
2021-11-09,Lake,033,64148,6823,6743,155,6898,106
2021-11-09,Lassen,035,31185,6955,6846,398,7244,47
2021-11-09,Los Angeles,037,10098052,1449828,1439125,55196,1494321,26581
2021-11-09,Madera,039,155013,23675,23285,2189,25474,287
2021-11-09,Marin,041,260295,17757,17630,471,18101,247
2021-11-09,Mariposa,043,17540,1349,1317,51,1368,5
2021-11-09,Mendocino,045,87422,7739,7598,605,8203,85
2021-11-09,Merced,047,269075,42465,42251,2015,44266,613
2021-11-09,Modoc,049,8938,555,536,197,733,5
2021-11-09,Mono,051,14174,1755,1738,22,1760,4
2021-11-09,Monterey,053,433212,49114,47975,3023,50998,609
2021-11-09,Napa,055,140530,13145,13051,116,13167,103
2021-11-09,Nevada,057,99092,9441,9288,331,9619,92
2021-11-09,Orange,059,3164182,309882,307412,15539,322951,5621
2021-11-09,Placer,061,380077,37732,37291,3730,41021,440
2021-11-09,Plumas,063,18699,1868,1802,41,1843,7
2021-11-09,Riverside,065,2383286,367415,362557,16582,379139,5160
2021-11-09,Sacramento,067,1510023,160952,159856,4721,164577,2286
2021-11-09,San Benito,069,59416,7482,7471,172,7643,76
2021-11-09,San Bernardino,071,2135413,358225,354972,11363,366335,5839
2021-11-09,San Diego,073,3302833,378589,375997,22168,398165,4272
2021-11-09,San Francisco,075,870044,53660,52996,2378,55374,666
2021-11-09,San Joaquin,077,732212,100800,99848,5487,105335,1794
2021-11-09,San Luis Obispo,079,281455,29938,29488,1277,30765,350
2021-11-09,San Mateo,081,765935,54729,53697,906,54603,574
2021-11-09,Santa Barbara,083,443738,44928,44579,1572,46151,533
2021-11-09,Santa Clara,085,1922200,148708,147281,1407,148688,1901
2021-11-09,Santa Cruz,087,273765,20688,20463,1017,21480,222
2021-11-09,Shasta,089,179085,21883,21558,3654,25212,364
2021-11-09,Sierra,091,2930,190,186,21,207,0
2021-11-09,Siskiyou,093,43540,3371,3295,1321,4616,52
2021-11-09,Solano,095,438530,46335,45639,1298,46937,350
2021-11-09,Sonoma,097,501317,42029,41727,539,42266,395
2021-11-09,Stanislaus,099,539301,79449,79505,8990,88495,1165
2021-11-09,Sutter,101,95872,13991,13988,364,14352,180
2021-11-09,Tehama,103,63373,8651,8555,1505,10060,125
2021-11-09,Trinity,105,12862,864,746,219,965,17
2021-11-09,Tulare,107,460477,69585,68298,15461,83759,1024
2021-11-09,Tuolumne,109,53932,7409,7347,107,7454,90
2021-11-09,Ventura,111,848112,98956,98202,4345,102547,1182
2021-11-09,Yolo,113,214977,20109,19931,1169,21100,255
2021-11-09,Yuba,115,75493,10270,10175,348,10523,85
2021-11-08,Alameda,001,1643700,120603,119983,2833,122816,1447
2021-11-08,Alpine,003,1148,102,105,0,105,0
2021-11-08,Amador,005,37829,5628,5590,65,5655,66
2021-11-08,Butte,007,227075,21263,21000,3817,24817,288
2021-11-08,Calaveras,009,45235,4204,4166,58,4224,82
2021-11-08,Colusa,011,21464,2541,2514,648,3162,19
2021-11-08,Contra Costa,013,1133247,100291,99669,2242,101911,1028
2021-11-08,Del Norte,015,27424,3706,3619,55,3674,42
2021-11-08,El Dorado,017,186661,16278,16055,1725,17780,156
2021-11-08,Fresno,019,978130,142494,140466,12968,153434,2179
2021-11-08,Glenn,021,27897,3537,3496,1020,4516,34
2021-11-08,Humboldt,023,135768,9212,9095,583,9678,109
2021-11-08,Imperial,025,180216,34120,33690,3287,36977,766
2021-11-08,Inyo,027,18085,2446,2398,43,2441,41
2021-11-08,Kern,029,883053,129440,127722,22890,150612,1692
2021-11-08,Kings,031,150075,32729,32248,1988,34236,344
2021-11-08,Lake,033,64148,6817,6737,155,6892,106
2021-11-08,Lassen,035,31185,6948,6830,396,7226,46
2021-11-08,Los Angeles,037,10098052,1448487,1438322,55136,1493458,26575
2021-11-08,Madera,039,155013,23626,23253,2178,25431,287
2021-11-08,Marin,041,260295,17740,17617,468,18085,247
2021-11-08,Mariposa,043,17540,1341,1316,50,1366,5
2021-11-08,Mendocino,045,87422,7726,7581,599,8180,85
2021-11-08,Merced,047,269075,42396,42224,2005,44229,607
2021-11-08,Modoc,049,8938,554,529,197,726,5
2021-11-08,Mono,051,14174,1751,1739,22,1761,4
2021-11-08,Monterey,053,433212,49073,47942,3002,50944,602
2021-11-08,Napa,055,140530,13131,13045,116,13161,103
2021-11-08,Nevada,057,99092,9422,9278,329,9607,92
2021-11-08,Orange,059,3164182,309609,307156,15508,322664,5616
2021-11-08,Placer,061,380077,37679,37250,3727,40977,439
2021-11-08,Plumas,063,18699,1867,1788,40,1828,7
2021-11-08,Riverside,065,2383286,366960,362201,16568,378769,5152
2021-11-08,Sacramento,067,1510023,160736,159735,4701,164436,2275
2021-11-08,San Benito,069,59416,7480,7461,172,7633,75
2021-11-08,San Bernardino,071,2135413,357716,354741,11345,366086,5836
2021-11-08,San Diego,073,3302833,378000,375557,22121,397678,4259
2021-11-08,San Francisco,075,870044,53607,52942,2372,55314,666
2021-11-08,San Joaquin,077,732212,100686,99736,5485,105221,1794
2021-11-08,San Luis Obispo,079,281455,29886,29464,1272,30736,350
2021-11-08,San Mateo,081,765935,54656,53658,901,54559,574
2021-11-08,Santa Barbara,083,443738,44874,44548,1571,46119,532
2021-11-08,Santa Clara,085,1922200,148480,147183,1401,148584,1899
2021-11-08,Santa Cruz,087,273765,20659,20435,1017,21452,222
2021-11-08,Shasta,089,179085,21836,21504,3648,25152,354
2021-11-08,Sierra,091,2930,190,183,21,204,0
2021-11-08,Siskiyou,093,43540,3367,3290,1310,4600,50
2021-11-08,Solano,095,438530,46294,45613,1294,46907,350
2021-11-08,Sonoma,097,501317,41961,41669,537,42206,395
2021-11-08,Stanislaus,099,539301,79297,79417,8976,88393,1150
2021-11-08,Sutter,101,95872,13983,13976,360,14336,180
2021-11-08,Tehama,103,63373,8642,8534,1505,10039,123
2021-11-08,Trinity,105,12862,864,743,218,961,13
2021-11-08,Tulare,107,460477,69468,68199,15423,83622,1020
2021-11-08,Tuolumne,109,53932,7390,7328,106,7434,90
2021-11-08,Ventura,111,848112,98863,98144,4343,102487,1182
2021-11-08,Yolo,113,214977,20071,19916,1164,21080,255
2021-11-08,Yuba,115,75493,10259,10172,345,10517,83
2021-11-07,Alameda,001,1643700,120446,119902,2827,122729,1444
2021-11-07,Alpine,003,1148,102,105,0,105,0
2021-11-07,Amador,005,37829,5620,5580,63,5643,66
2021-11-07,Butte,007,227075,21222,20969,3808,24777,288
2021-11-07,Calaveras,009,45235,4177,4158,57,4215,82
2021-11-07,Colusa,011,21464,2535,2511,646,3157,19
2021-11-07,Contra Costa,013,1133247,100179,99596,2233,101829,1028
2021-11-07,Del Norte,015,27424,3704,3617,55,3672,42
2021-11-07,El Dorado,017,186661,16241,16040,1722,17762,156
2021-11-07,Fresno,019,978130,142151,140263,12940,153203,2179
2021-11-07,Glenn,021,27897,3530,3493,1019,4512,34
2021-11-07,Humboldt,023,135768,9187,9074,579,9653,109
2021-11-07,Imperial,025,180216,34047,33674,3267,36941,766
2021-11-07,Inyo,027,18085,2433,2394,43,2437,41
2021-11-07,Kern,029,883053,129167,127583,22798,150381,1692
2021-11-07,Kings,031,150075,32639,32221,1985,34206,343
2021-11-07,Lake,033,64148,6801,6734,154,6888,106
2021-11-07,Lassen,035,31185,6939,6819,392,7211,46
2021-11-07,Los Angeles,037,10098052,1446995,1437314,55059,1492373,26573
2021-11-07,Madera,039,155013,23581,23225,2170,25395,287
2021-11-07,Marin,041,260295,17720,17594,467,18061,247
2021-11-07,Mariposa,043,17540,1339,1306,50,1356,5
2021-11-07,Mendocino,045,87422,7698,7567,595,8162,85
2021-11-07,Merced,047,269075,42317,42186,1974,44160,607
2021-11-07,Modoc,049,8938,551,528,196,724,5
2021-11-07,Mono,051,14174,1745,1739,22,1761,4
2021-11-07,Monterey,053,433212,49021,47924,2997,50921,602
2021-11-07,Napa,055,140530,13110,13041,116,13157,103
2021-11-07,Nevada,057,99092,9374,9254,329,9583,92
2021-11-07,Orange,059,3164182,309284,306954,15470,322424,5616
2021-11-07,Placer,061,380077,37603,37202,3712,40914,439
2021-11-07,Plumas,063,18699,1860,1787,39,1826,7
2021-11-07,Riverside,065,2383286,366425,361960,16548,378508,5152
2021-11-07,Sacramento,067,1510023,160504,159549,4684,164233,2277
2021-11-07,San Benito,069,59416,7467,7460,172,7632,75
2021-11-07,San Bernardino,071,2135413,357210,354488,11322,365810,5832
2021-11-07,San Diego,073,3302833,377412,375165,22088,397253,4250
2021-11-07,San Francisco,075,870044,53523,52868,2366,55234,666
2021-11-07,San Joaquin,077,732212,100501,99696,5479,105175,1794
2021-11-07,San Luis Obispo,079,281455,29835,29454,1268,30722,350
2021-11-07,San Mateo,081,765935,54597,53600,899,54499,574
2021-11-07,Santa Barbara,083,443738,44811,44501,1570,46071,532
2021-11-07,Santa Clara,085,1922200,148277,147054,1388,148442,1898
2021-11-07,Santa Cruz,087,273765,20601,20397,1016,21413,222
2021-11-07,Shasta,089,179085,21788,21479,3642,25121,354
2021-11-07,Sierra,091,2930,188,183,21,204,0
2021-11-07,Siskiyou,093,43540,3361,3289,1308,4597,51
2021-11-07,Solano,095,438530,46239,45582,1287,46869,350
2021-11-07,Sonoma,097,501317,41911,41630,536,42166,395
2021-11-07,Stanislaus,099,539301,79142,79351,8954,88305,1150
2021-11-07,Sutter,101,95872,13970,13964,357,14321,180
2021-11-07,Tehama,103,63373,8618,8528,1503,10031,121
2021-11-07,Trinity,105,12862,863,742,217,959,13
2021-11-07,Tulare,107,460477,69315,68145,15380,83525,1020
2021-11-07,Tuolumne,109,53932,7372,7300,104,7404,90
2021-11-07,Ventura,111,848112,98771,98085,4341,102426,1182
2021-11-07,Yolo,113,214977,20050,19899,1159,21058,255
2021-11-07,Yuba,115,75493,10242,10162,340,10502,83
2021-11-06,Alameda,001,1643700,120383,119499,2824,122323,1436
2021-11-06,Alpine,003,1148,102,105,0,105,0
2021-11-06,Amador,005,37829,5614,5557,63,5620,66
2021-11-06,Butte,007,227075,21202,20796,3804,24600,288
2021-11-06,Calaveras,009,45235,4169,4105,57,4162,82
2021-11-06,Colusa,011,21464,2534,2501,645,3146,19
2021-11-06,Contra Costa,013,1133247,100124,99282,2231,101513,1025
2021-11-06,Del Norte,015,27424,3701,3607,55,3662,42
2021-11-06,El Dorado,017,186661,16224,15958,1722,17680,156
2021-11-06,Fresno,019,978130,142032,139249,12935,152184,2170
2021-11-06,Glenn,021,27897,3527,3479,1019,4498,33
2021-11-06,Humboldt,023,135768,9175,8972,575,9547,109
2021-11-06,Imperial,025,180216,34001,33471,3261,36732,766
2021-11-06,Inyo,027,18085,2427,2353,43,2396,41
2021-11-06,Kern,029,883053,129034,126848,22745,149593,1684
2021-11-06,Kings,031,150075,32606,32018,1980,33998,342
2021-11-06,Lake,033,64148,6799,6695,154,6849,106
2021-11-06,Lassen,035,31185,6934,6796,391,7187,46
2021-11-06,Los Angeles,037,10098052,1446221,1433081,55016,1488097,26533
2021-11-06,Madera,039,155013,23545,22994,2160,25154,287
2021-11-06,Marin,041,260295,17701,17520,464,17984,247
2021-11-06,Mariposa,043,17540,1337,1282,50,1332,5
2021-11-06,Mendocino,045,87422,7676,7486,595,8081,85
2021-11-06,Merced,047,269075,42293,41958,1966,43924,604
2021-11-06,Modoc,049,8938,550,523,196,719,5
2021-11-06,Mono,051,14174,1743,1725,22,1747,4
2021-11-06,Monterey,053,433212,48989,47830,2987,50817,602
2021-11-06,Napa,055,140530,13100,12950,116,13066,103
2021-11-06,Nevada,057,99092,9352,9169,328,9497,91
2021-11-06,Orange,059,3164182,309077,306049,15444,321493,5611
2021-11-06,Placer,061,380077,37562,36967,3709,40676,438
2021-11-06,Plumas,063,18699,1856,1755,38,1793,7
2021-11-06,Riverside,065,2383286,366107,360584,16539,377123,5138
2021-11-06,Sacramento,067,1510023,160411,158766,4679,163445,2263
2021-11-06,San Benito,069,59416,7460,7429,172,7601,75
2021-11-06,San Bernardino,071,2135413,356939,353142,11318,364460,5813
2021-11-06,San Diego,073,3302833,377064,373423,22070,395493,4246
2021-11-06,San Francisco,075,870044,53470,52556,2363,54919,666
2021-11-06,San Joaquin,077,732212,100443,99372,5478,104850,1782
2021-11-06,San Luis Obispo,079,281455,29807,29335,1264,30599,350
2021-11-06,San Mateo,081,765935,54563,53442,898,54340,574
2021-11-06,Santa Barbara,083,443738,44775,44301,1569,45870,532
2021-11-06,Santa Clara,085,1922200,148132,146519,1383,147902,1894
2021-11-06,Santa Cruz,087,273765,20582,20311,1014,21325,222
2021-11-06,Shasta,089,179085,21769,21281,3637,24918,349
2021-11-06,Sierra,091,2930,188,181,21,202,0
2021-11-06,Siskiyou,093,43540,3361,3279,1306,4585,48
2021-11-06,Solano,095,438530,46209,45465,1286,46751,350
2021-11-06,Sonoma,097,501317,41861,41398,535,41933,395
2021-11-06,Stanislaus,099,539301,79074,78902,8946,87848,1193
2021-11-06,Sutter,101,95872,13966,13908,356,14264,180
2021-11-06,Tehama,103,63373,8607,8474,1501,9975,120
2021-11-06,Trinity,105,12862,860,732,217,949,11
2021-11-06,Tulare,107,460477,69265,67767,15351,83118,1010
2021-11-06,Tuolumne,109,53932,7359,7245,104,7349,90
2021-11-06,Ventura,111,848112,98705,97770,4336,102106,1180
2021-11-06,Yolo,113,214977,20033,19827,1155,20982,255
2021-11-06,Yuba,115,75493,10228,10107,340,10447,83
2021-11-05,Alameda,001,1643700,120300,119499,2822,122321,1436
2021-11-05,Alpine,003,1148,102,105,0,105,0
2021-11-05,Amador,005,37829,5609,5557,63,5620,66
2021-11-05,Butte,007,227075,21189,20796,3803,24599,288
2021-11-05,Calaveras,009,45235,4164,4105,57,4162,82
2021-11-05,Colusa,011,21464,2534,2501,644,3145,19
2021-11-05,Contra Costa,013,1133247,100059,99282,2229,101511,1025
2021-11-05,Del Norte,015,27424,3699,3607,55,3662,42
2021-11-05,El Dorado,017,186661,16206,15958,1716,17674,156
2021-11-05,Fresno,019,978130,141854,139249,12925,152174,2170
2021-11-05,Glenn,021,27897,3527,3479,1018,4497,33
2021-11-05,Humboldt,023,135768,9161,8972,575,9547,109
2021-11-05,Imperial,025,180216,33966,33471,3258,36729,766
2021-11-05,Inyo,027,18085,2419,2353,43,2396,41
2021-11-05,Kern,029,883053,128907,126848,22689,149537,1684
2021-11-05,Kings,031,150075,32582,32018,1979,33997,342
2021-11-05,Lake,033,64148,6793,6695,154,6849,106
2021-11-05,Lassen,035,31185,6930,6796,390,7186,46
2021-11-05,Los Angeles,037,10098052,1445402,1433081,54978,1488059,26533
2021-11-05,Madera,039,155013,23507,22994,2159,25153,287
2021-11-05,Marin,041,260295,17679,17520,463,17983,247
2021-11-05,Mariposa,043,17540,1334,1282,49,1331,5
2021-11-05,Mendocino,045,87422,7665,7486,594,8080,85
2021-11-05,Merced,047,269075,42267,41958,1957,43915,604
2021-11-05,Modoc,049,8938,550,523,196,719,5
2021-11-05,Mono,051,14174,1742,1725,22,1747,4
2021-11-05,Monterey,053,433212,48959,47830,2985,50815,602
2021-11-05,Napa,055,140530,13078,12950,116,13066,103
2021-11-05,Nevada,057,99092,9339,9169,328,9497,91
2021-11-05,Orange,059,3164182,308880,306049,15422,321471,5611
2021-11-05,Placer,061,380077,37535,36967,3699,40666,438
2021-11-05,Plumas,063,18699,1848,1755,38,1793,7
2021-11-05,Riverside,065,2383286,365766,360584,16529,377113,5138
2021-11-05,Sacramento,067,1510023,160289,158766,4673,163439,2263
2021-11-05,San Benito,069,59416,7458,7429,171,7600,75
2021-11-05,San Bernardino,071,2135413,356609,353142,11307,364449,5813
2021-11-05,San Diego,073,3302833,376699,373423,22058,395481,4246
2021-11-05,San Francisco,075,870044,53419,52556,2360,54916,666
2021-11-05,San Joaquin,077,732212,100390,99372,5469,104841,1782
2021-11-05,San Luis Obispo,079,281455,29784,29335,1264,30599,350
2021-11-05,San Mateo,081,765935,54521,53442,896,54338,574
2021-11-05,Santa Barbara,083,443738,44730,44301,1568,45869,532
2021-11-05,Santa Clara,085,1922200,147994,146519,1382,147901,1894
2021-11-05,Santa Cruz,087,273765,20558,20311,1013,21324,222
2021-11-05,Shasta,089,179085,21737,21281,3632,24913,349
2021-11-05,Sierra,091,2930,188,181,21,202,0
2021-11-05,Siskiyou,093,43540,3356,3279,1305,4584,48
2021-11-05,Solano,095,438530,46164,45465,1283,46748,350
2021-11-05,Sonoma,097,501317,41821,41398,535,41933,395
2021-11-05,Stanislaus,099,539301,79016,78902,8934,87836,1193
2021-11-05,Sutter,101,95872,13958,13908,355,14263,180
2021-11-05,Tehama,103,63373,8600,8474,1500,9974,120
2021-11-05,Trinity,105,12862,860,732,217,949,11
2021-11-05,Tulare,107,460477,69192,67767,15315,83082,1010
2021-11-05,Tuolumne,109,53932,7342,7245,103,7348,90
2021-11-05,Ventura,111,848112,98665,97770,4333,102103,1180
2021-11-05,Yolo,113,214977,20022,19827,1154,20981,255
2021-11-05,Yuba,115,75493,10215,10107,338,10445,83
2021-11-04,Alameda,001,1643700,120183,119499,2816,122315,1436
2021-11-04,Alpine,003,1148,102,105,0,105,0
2021-11-04,Amador,005,37829,5601,5557,63,5620,66
2021-11-04,Butte,007,227075,21147,20796,3793,24589,288
2021-11-04,Calaveras,009,45235,4150,4105,55,4160,82
2021-11-04,Colusa,011,21464,2528,2501,643,3144,19
2021-11-04,Contra Costa,013,1133247,99967,99282,2224,101506,1025
2021-11-04,Del Norte,015,27424,3696,3607,55,3662,42
2021-11-04,El Dorado,017,186661,16180,15958,1712,17670,156
2021-11-04,Fresno,019,978130,141572,139249,12916,152165,2170
2021-11-04,Glenn,021,27897,3522,3479,1017,4496,33
2021-11-04,Humboldt,023,135768,9136,8972,572,9544,109
2021-11-04,Imperial,025,180216,33908,33471,3249,36720,766
2021-11-04,Inyo,027,18085,2411,2353,43,2396,41
2021-11-04,Kern,029,883053,128675,126848,22621,149469,1684
2021-11-04,Kings,031,150075,32503,32018,1969,33987,342
2021-11-04,Lake,033,64148,6783,6695,152,6847,106
2021-11-04,Lassen,035,31185,6920,6796,385,7181,46
2021-11-04,Los Angeles,037,10098052,1444103,1433081,54895,1487976,26533
2021-11-04,Madera,039,155013,23452,22994,2148,25142,287
2021-11-04,Marin,041,260295,17667,17520,461,17981,247
2021-11-04,Mariposa,043,17540,1327,1282,49,1331,5
2021-11-04,Mendocino,045,87422,7652,7486,588,8074,85
2021-11-04,Merced,047,269075,42212,41958,1953,43911,604
2021-11-04,Modoc,049,8938,549,523,196,719,5
2021-11-04,Mono,051,14174,1737,1725,22,1747,4
2021-11-04,Monterey,053,433212,48914,47830,2969,50799,602
2021-11-04,Napa,055,140530,13057,12950,116,13066,103
2021-11-04,Nevada,057,99092,9308,9169,327,9496,91
2021-11-04,Orange,059,3164182,308632,306049,15403,321452,5611
2021-11-04,Placer,061,380077,37463,36967,3690,40657,438
2021-11-04,Plumas,063,18699,1840,1755,34,1789,7
2021-11-04,Riverside,065,2383286,365370,360584,16520,377104,5138
2021-11-04,Sacramento,067,1510023,160055,158766,4653,163419,2263
2021-11-04,San Benito,069,59416,7452,7429,171,7600,75
2021-11-04,San Bernardino,071,2135413,356174,353142,11299,364441,5813
2021-11-04,San Diego,073,3302833,376218,373423,22037,395460,4246
2021-11-04,San Francisco,075,870044,53338,52556,2356,54912,666
2021-11-04,San Joaquin,077,732212,100282,99372,5457,104829,1782
2021-11-04,San Luis Obispo,079,281455,29760,29335,1258,30593,350
2021-11-04,San Mateo,081,765935,54462,53442,890,54332,574
2021-11-04,Santa Barbara,083,443738,44674,44301,1568,45869,532
2021-11-04,Santa Clara,085,1922200,147840,146519,1378,147897,1894
2021-11-04,Santa Cruz,087,273765,20523,20311,1013,21324,222
2021-11-04,Shasta,089,179085,21679,21281,3626,24907,349
2021-11-04,Sierra,091,2930,186,181,21,202,0
2021-11-04,Siskiyou,093,43540,3353,3279,1298,4577,48
2021-11-04,Solano,095,438530,46122,45465,1282,46747,350
2021-11-04,Sonoma,097,501317,41761,41398,535,41933,395
2021-11-04,Stanislaus,099,539301,78878,78902,8926,87828,1193
2021-11-04,Sutter,101,95872,13947,13908,353,14261,180
2021-11-04,Tehama,103,63373,8591,8474,1496,9970,120
2021-11-04,Trinity,105,12862,859,732,217,949,11
2021-11-04,Tulare,107,460477,69076,67767,15269,83036,1010
2021-11-04,Tuolumne,109,53932,7320,7245,101,7346,90
2021-11-04,Ventura,111,848112,98577,97770,4330,102100,1180
2021-11-04,Yolo,113,214977,19997,19827,1148,20975,255
2021-11-04,Yuba,115,75493,10201,10107,336,10443,83
2021-11-03,Alameda,001,1643700,120042,119356,2812,122168,1428
2021-11-03,Alpine,003,1148,102,105,0,105,0
2021-11-03,Amador,005,37829,5595,5545,62,5607,66
2021-11-03,Butte,007,227075,21102,20769,3784,24553,284
2021-11-03,Calaveras,009,45235,4132,4087,54,4141,82
2021-11-03,Colusa,011,21464,2522,2499,643,3142,20
2021-11-03,Contra Costa,013,1133247,99867,99168,2219,101387,1025
2021-11-03,Del Norte,015,27424,3694,3600,54,3654,42
2021-11-03,El Dorado,017,186661,16154,15915,1708,17623,156
2021-11-03,Fresno,019,978130,141208,138873,12892,151765,2166
2021-11-03,Glenn,021,27897,3518,3470,1017,4487,33
2021-11-03,Humboldt,023,135768,9119,8949,567,9516,109
2021-11-03,Imperial,025,180216,33837,33402,3239,36641,766
2021-11-03,Inyo,027,18085,2390,2344,43,2387,41
2021-11-03,Kern,029,883053,128415,126523,22519,149042,1681
2021-11-03,Kings,031,150075,32448,31923,1962,33885,341
2021-11-03,Lake,033,64148,6767,6685,152,6837,106
2021-11-03,Lassen,035,31185,6904,6782,380,7162,46
2021-11-03,Los Angeles,037,10098052,1442753,1431209,54811,1486020,26517
2021-11-03,Madera,039,155013,23385,22893,2139,25032,287
2021-11-03,Marin,041,260295,17646,17491,457,17948,247
2021-11-03,Mariposa,043,17540,1317,1276,49,1325,5
2021-11-03,Mendocino,045,87422,7636,7457,580,8037,84
2021-11-03,Merced,047,269075,42151,41849,1943,43792,597
2021-11-03,Modoc,049,8938,549,521,194,715,5
2021-11-03,Mono,051,14174,1733,1719,22,1741,4
2021-11-03,Monterey,053,433212,48865,47794,2956,50750,601
2021-11-03,Napa,055,140530,13045,12937,115,13052,103
2021-11-03,Nevada,057,99092,9281,9131,326,9457,91
2021-11-03,Orange,059,3164182,308321,305661,15370,321031,5607
2021-11-03,Placer,061,380077,37393,36868,3685,40553,438
2021-11-03,Plumas,063,18699,1829,1739,33,1772,7
2021-11-03,Riverside,065,2383286,364912,360060,16516,376576,5131
2021-11-03,Sacramento,067,1510023,159831,158311,4642,162953,2259
2021-11-03,San Benito,069,59416,7444,7419,171,7590,75
2021-11-03,San Bernardino,071,2135413,355699,352225,11279,363504,5813
2021-11-03,San Diego,073,3302833,375707,372951,22014,394965,4241
2021-11-03,San Francisco,075,870044,53245,52493,2351,54844,663
2021-11-03,San Joaquin,077,732212,100170,99188,5446,104634,1776
2021-11-03,San Luis Obispo,079,281455,29718,29276,1252,30528,348
2021-11-03,San Mateo,081,765935,54398,53396,884,54280,571
2021-11-03,Santa Barbara,083,443738,44617,44220,1565,45785,531
2021-11-03,Santa Clara,085,1922200,147670,146259,1371,147630,1897
2021-11-03,Santa Cruz,087,273765,20488,20275,1013,21288,222
2021-11-03,Shasta,089,179085,21621,21215,3619,24834,346
2021-11-03,Sierra,091,2930,184,180,21,201,0
2021-11-03,Siskiyou,093,43540,3349,3276,1296,4572,46
2021-11-03,Solano,095,438530,46095,45411,1280,46691,351
2021-11-03,Sonoma,097,501317,41684,41326,533,41859,395
2021-11-03,Stanislaus,099,539301,78747,78736,8910,87646,1193
2021-11-03,Sutter,101,95872,13934,13876,351,14227,179
2021-11-03,Tehama,103,63373,8579,8438,1496,9934,118
2021-11-03,Trinity,105,12862,858,730,217,947,11
2021-11-03,Tulare,107,460477,68948,67588,15226,82814,1007
2021-11-03,Tuolumne,109,53932,7303,7218,99,7317,90
2021-11-03,Ventura,111,848112,98468,97682,4326,102008,1178
2021-11-03,Yolo,113,214977,19979,19758,1140,20898,250
2021-11-03,Yuba,115,75493,10189,10092,336,10428,83
2021-11-02,Alameda,001,1643700,119897,119241,2806,122047,1425
2021-11-02,Alpine,003,1148,101,105,0,105,0
2021-11-02,Amador,005,37829,5590,5535,62,5597,66
2021-11-02,Butte,007,227075,21058,20744,3773,24517,282
2021-11-02,Calaveras,009,45235,4109,4075,54,4129,82
2021-11-02,Colusa,011,21464,2517,2497,642,3139,19
2021-11-02,Contra Costa,013,1133247,99764,99080,2207,101287,1025
2021-11-02,Del Norte,015,27424,3692,3596,54,3650,42
2021-11-02,El Dorado,017,186661,16125,15883,1708,17591,154
2021-11-02,Fresno,019,978130,140887,138644,12861,151505,2158
2021-11-02,Glenn,021,27897,3510,3469,1014,4483,33
2021-11-02,Humboldt,023,135768,9077,8937,566,9503,109
2021-11-02,Imperial,025,180216,33764,33371,3227,36598,766
2021-11-02,Inyo,027,18085,2383,2324,43,2367,41
2021-11-02,Kern,029,883053,128160,126311,22397,148708,1665
2021-11-02,Kings,031,150075,32389,31896,1957,33853,339
2021-11-02,Lake,033,64148,6762,6681,151,6832,106
2021-11-02,Lassen,035,31185,6892,6777,377,7154,45
2021-11-02,Los Angeles,037,10098052,1441299,1429601,54735,1484336,26496
2021-11-02,Madera,039,155013,23304,22837,2128,24965,287
2021-11-02,Marin,041,260295,17618,17482,457,17939,247
2021-11-02,Mariposa,043,17540,1306,1270,48,1318,5
2021-11-02,Mendocino,045,87422,7612,7447,568,8015,84
2021-11-02,Merced,047,269075,42084,41785,1935,43720,596
2021-11-02,Modoc,049,8938,546,520,193,713,5
2021-11-02,Mono,051,14174,1729,1718,22,1740,4
2021-11-02,Monterey,053,433212,48814,47775,2938,50713,599
2021-11-02,Napa,055,140530,13027,12930,115,13045,104
2021-11-02,Nevada,057,99092,9251,9122,325,9447,91
2021-11-02,Orange,059,3164182,308005,305369,15323,320692,5600
2021-11-02,Placer,061,380077,37321,36817,3670,40487,438
2021-11-02,Plumas,063,18699,1818,1721,33,1754,7
2021-11-02,Riverside,065,2383286,364460,359586,16496,376082,5116
2021-11-02,Sacramento,067,1510023,159575,158112,4619,162731,2250
2021-11-02,San Benito,069,59416,7428,7407,171,7578,75
2021-11-02,San Bernardino,071,2135413,355224,351832,11225,363057,5813
2021-11-02,San Diego,073,3302833,375112,372440,21984,394424,4232
2021-11-02,San Francisco,075,870044,53126,52450,2347,54797,663
2021-11-02,San Joaquin,077,732212,100036,99076,5435,104511,1772
2021-11-02,San Luis Obispo,079,281455,29685,29224,1248,30472,348
2021-11-02,San Mateo,081,765935,54326,53351,881,54232,571
2021-11-02,Santa Barbara,083,443738,44561,44177,1562,45739,531
2021-11-02,Santa Clara,085,1922200,147476,146115,1364,147479,1896
2021-11-02,Santa Cruz,087,273765,20455,20266,1012,21278,222
2021-11-02,Shasta,089,179085,21547,21127,3609,24736,344
2021-11-02,Sierra,091,2930,184,180,20,200,0
2021-11-02,Siskiyou,093,43540,3347,3272,1293,4565,46
2021-11-02,Solano,095,438530,46055,45378,1274,46652,350
2021-11-02,Sonoma,097,501317,41603,41288,532,41820,395
2021-11-02,Stanislaus,099,539301,78592,78629,8890,87519,1193
2021-11-02,Sutter,101,95872,13913,13868,351,14219,179
2021-11-02,Tehama,103,63373,8563,8422,1493,9915,116
2021-11-02,Trinity,105,12862,858,729,217,946,11
2021-11-02,Tulare,107,460477,68823,67502,15177,82679,1002
2021-11-02,Tuolumne,109,53932,7282,7204,97,7301,90
2021-11-02,Ventura,111,848112,98363,97574,4322,101896,1178
2021-11-02,Yolo,113,214977,19948,19736,1138,20874,250
2021-11-02,Yuba,115,75493,10166,10080,334,10414,83
2021-11-01,Alameda,001,1643700,119757,119159,2803,121962,1421
2021-11-01,Alpine,003,1148,101,105,0,105,0
2021-11-01,Amador,005,37829,5588,5532,62,5594,64
2021-11-01,Butte,007,227075,21008,20710,3768,24478,281
2021-11-01,Calaveras,009,45235,4099,4059,53,4112,82
2021-11-01,Colusa,011,21464,2515,2494,639,3133,19
2021-11-01,Contra Costa,013,1133247,99639,99011,2199,101210,1025
2021-11-01,Del Norte,015,27424,3690,3594,54,3648,42
2021-11-01,El Dorado,017,186661,16101,15858,1702,17560,154
2021-11-01,Fresno,019,978130,140511,138421,12824,151245,2149
2021-11-01,Glenn,021,27897,3503,3461,1012,4473,33
2021-11-01,Humboldt,023,135768,9049,8929,562,9491,108
2021-11-01,Imperial,025,180216,33713,33342,3218,36560,766
2021-11-01,Inyo,027,18085,2371,2307,43,2350,41
2021-11-01,Kern,029,883053,127860,126092,22282,148374,1660
2021-11-01,Kings,031,150075,32336,31866,1953,33819,337
2021-11-01,Lake,033,64148,6751,6676,150,6826,106
2021-11-01,Lassen,035,31185,6877,6775,374,7149,42
2021-11-01,Los Angeles,037,10098052,1439909,1428891,54643,1483534,26483
2021-11-01,Madera,039,155013,23225,22801,2123,24924,283
2021-11-01,Marin,041,260295,17598,17460,455,17915,247
2021-11-01,Mariposa,043,17540,1298,1266,47,1313,5
2021-11-01,Mendocino,045,87422,7579,7422,550,7972,84
2021-11-01,Merced,047,269075,41994,41740,1933,43673,594
2021-11-01,Modoc,049,8938,541,520,191,711,5
2021-11-01,Mono,051,14174,1725,1714,22,1736,3
2021-11-01,Monterey,053,433212,48771,47756,2926,50682,597
2021-11-01,Napa,055,140530,13000,12916,114,13030,101
2021-11-01,Nevada,057,99092,9228,9108,324,9432,91
2021-11-01,Orange,059,3164182,307663,305192,15280,320472,5596
2021-11-01,Placer,061,380077,37238,36747,3658,40405,435
2021-11-01,Plumas,063,18699,1799,1719,33,1752,7
2021-11-01,Riverside,065,2383286,363958,359263,16474,375737,5115
2021-11-01,Sacramento,067,1510023,159303,157893,4595,162488,2239
2021-11-01,San Benito,069,59416,7418,7406,170,7576,73
2021-11-01,San Bernardino,071,2135413,354736,351620,11204,362824,5815
2021-11-01,San Diego,073,3302833,374527,372043,21966,394009,4232
2021-11-01,San Francisco,075,870044,53041,52418,2340,54758,661
2021-11-01,San Joaquin,077,732212,99873,98969,5428,104397,1772
2021-11-01,San Luis Obispo,079,281455,29641,29199,1243,30442,343
2021-11-01,San Mateo,081,765935,54259,53314,877,54191,571
2021-11-01,Santa Barbara,083,443738,44494,44146,1558,45704,529
2021-11-01,Santa Clara,085,1922200,147279,145978,1359,147337,1907
2021-11-01,Santa Cruz,087,273765,20420,20238,1012,21250,221
2021-11-01,Shasta,089,179085,21494,21104,3602,24706,338
2021-11-01,Sierra,091,2930,184,180,20,200,0
2021-11-01,Siskiyou,093,43540,3340,3272,1288,4560,46
2021-11-01,Solano,095,438530,46001,45358,1274,46632,350
2021-11-01,Sonoma,097,501317,41530,41234,531,41765,395
2021-11-01,Stanislaus,099,539301,78463,78534,8875,87409,1193
2021-11-01,Sutter,101,95872,13889,13852,349,14201,179
2021-11-01,Tehama,103,63373,8535,8412,1490,9902,116
2021-11-01,Trinity,105,12862,856,727,217,944,11
2021-11-01,Tulare,107,460477,68679,67388,15125,82513,1002
2021-11-01,Tuolumne,109,53932,7266,7175,96,7271,90
2021-11-01,Ventura,111,848112,98273,97507,4320,101827,1178
2021-11-01,Yolo,113,214977,19928,19708,1131,20839,250
2021-11-01,Yuba,115,75493,10148,10066,332,10398,83
2021-10-31,Alameda,001,1643700,119611,119071,2800,121871,1419
2021-10-31,Alpine,003,1148,101,105,0,105,0
2021-10-31,Amador,005,37829,5577,5518,62,5580,64
2021-10-31,Butte,007,227075,20947,20689,3759,24448,281
2021-10-31,Calaveras,009,45235,4081,4052,52,4104,82
2021-10-31,Colusa,011,21464,2513,2493,636,3129,18
2021-10-31,Contra Costa,013,1133247,99511,98936,2196,101132,1025
2021-10-31,Del Norte,015,27424,3684,3591,54,3645,42
2021-10-31,El Dorado,017,186661,16055,15841,1699,17540,154
2021-10-31,Fresno,019,978130,140104,138165,12787,150952,2147
2021-10-31,Glenn,021,27897,3498,3459,1012,4471,33
2021-10-31,Humboldt,023,135768,9001,8919,556,9475,108
2021-10-31,Imperial,025,180216,33638,33334,3206,36540,766
2021-10-31,Inyo,027,18085,2352,2309,43,2352,41
2021-10-31,Kern,029,883053,127491,125917,22158,148075,1666
2021-10-31,Kings,031,150075,32250,31814,1941,33755,338
2021-10-31,Lake,033,64148,6740,6665,148,6813,106
2021-10-31,Lassen,035,31185,6862,6768,369,7137,42
2021-10-31,Los Angeles,037,10098052,1438362,1427933,54558,1482491,26474
2021-10-31,Madera,039,155013,23130,22744,2110,24854,283
2021-10-31,Marin,041,260295,17570,17443,454,17897,247
2021-10-31,Mariposa,043,17540,1292,1257,46,1303,5
2021-10-31,Mendocino,045,87422,7538,7403,533,7936,84
2021-10-31,Merced,047,269075,41900,41699,1913,43612,589
2021-10-31,Modoc,049,8938,535,517,188,705,5
2021-10-31,Mono,051,14174,1721,1711,22,1733,3
2021-10-31,Monterey,053,433212,48730,47744,2908,50652,596
2021-10-31,Napa,055,140530,12983,12906,112,13018,101
2021-10-31,Nevada,057,99092,9191,9084,319,9403,91
2021-10-31,Orange,059,3164182,307314,305032,15197,320229,5596
2021-10-31,Placer,061,380077,37141,36698,3644,40342,435
2021-10-31,Plumas,063,18699,1781,1716,33,1749,7
2021-10-31,Riverside,065,2383286,363379,359005,16460,375465,5104
2021-10-31,Sacramento,067,1510023,158951,157667,4580,162247,2243
2021-10-31,San Benito,069,59416,7409,7397,168,7565,73
2021-10-31,San Bernardino,071,2135413,354205,351411,11190,362601,5810
2021-10-31,San Diego,073,3302833,373953,371603,21935,393538,4218
2021-10-31,San Francisco,075,870044,52933,52370,2334,54704,661
2021-10-31,San Joaquin,077,732212,99708,98893,5414,104307,1772
2021-10-31,San Luis Obispo,079,281455,29587,29176,1242,30418,343
2021-10-31,San Mateo,081,765935,54200,53284,875,54159,571
2021-10-31,Santa Barbara,083,443738,44424,44113,1553,45666,529
2021-10-31,Santa Clara,085,1922200,147065,145829,1345,147174,1908
2021-10-31,Santa Cruz,087,273765,20385,20218,1011,21229,221
2021-10-31,Shasta,089,179085,21411,21086,3590,24676,338
2021-10-31,Sierra,091,2930,184,180,20,200,0
2021-10-31,Siskiyou,093,43540,3334,3271,1287,4558,46
2021-10-31,Solano,095,438530,45953,45310,1267,46577,350
2021-10-31,Sonoma,097,501317,41460,41183,528,41711,395
2021-10-31,Stanislaus,099,539301,78274,78426,8858,87284,1193
2021-10-31,Sutter,101,95872,13870,13838,346,14184,179
2021-10-31,Tehama,103,63373,8504,8391,1486,9877,116
2021-10-31,Trinity,105,12862,856,724,217,941,11
2021-10-31,Tulare,107,460477,68485,67310,15034,82344,1002
2021-10-31,Tuolumne,109,53932,7237,7141,95,7236,90
2021-10-31,Ventura,111,848112,98152,97460,4315,101775,1178
2021-10-31,Yolo,113,214977,19884,19662,1125,20787,250
2021-10-31,Yuba,115,75493,10130,10051,322,10373,83
2021-10-30,Alameda,001,1643700,119551,118632,2797,121429,1419
2021-10-30,Alpine,003,1148,101,105,0,105,0
2021-10-30,Amador,005,37829,5568,5480,61,5541,64
2021-10-30,Butte,007,227075,20932,20516,3753,24269,277
2021-10-30,Calaveras,009,45235,4074,3992,52,4044,82
2021-10-30,Colusa,011,21464,2513,2484,635,3119,19
2021-10-30,Contra Costa,013,1133247,99448,98562,2195,100757,1024
2021-10-30,Del Norte,015,27424,3681,3574,54,3628,42
2021-10-30,El Dorado,017,186661,16039,15752,1694,17446,154
2021-10-30,Fresno,019,978130,139959,136901,12775,149676,2131
2021-10-30,Glenn,021,27897,3494,3442,1012,4454,33
2021-10-30,Humboldt,023,135768,8986,8871,554,9425,105
2021-10-30,Imperial,025,180216,33593,33156,3202,36358,766
2021-10-30,Inyo,027,18085,2349,2249,43,2292,41
2021-10-30,Kern,029,883053,127338,124892,22087,146979,1653
2021-10-30,Kings,031,150075,32216,31578,1937,33515,337
2021-10-30,Lake,033,64148,6735,6610,148,6758,106
2021-10-30,Lassen,035,31185,6856,6719,367,7086,42
2021-10-30,Los Angeles,037,10098052,1437637,1424257,54505,1478762,26625
2021-10-30,Madera,039,155013,23086,22524,2105,24629,283
2021-10-30,Marin,041,260295,17555,17380,452,17832,247
2021-10-30,Mariposa,043,17540,1289,1228,46,1274,5
2021-10-30,Mendocino,045,87422,7515,7338,531,7869,84
2021-10-30,Merced,047,269075,41860,41428,1911,43339,586
2021-10-30,Modoc,049,8938,533,513,187,700,5
2021-10-30,Mono,051,14174,1721,1684,22,1706,3
2021-10-30,Monterey,053,433212,48713,47649,2902,50551,588
2021-10-30,Napa,055,140530,12969,12863,111,12974,101
2021-10-30,Nevada,057,99092,9172,9015,319,9334,91
2021-10-30,Orange,059,3164182,307135,304120,15175,319295,5588
2021-10-30,Placer,061,380077,37095,36400,3638,40038,434
2021-10-30,Plumas,063,18699,1776,1695,33,1728,7
2021-10-30,Riverside,065,2383286,363078,357645,16451,374096,5088
2021-10-30,Sacramento,067,1510023,158792,157125,4571,161696,2233
2021-10-30,San Benito,069,59416,7402,7362,168,7530,71
2021-10-30,San Bernardino,071,2135413,353928,350076,11175,361251,5777
2021-10-30,San Diego,073,3302833,373579,370006,21913,391919,4213
2021-10-30,San Francisco,075,870044,52904,52161,2332,54493,661
2021-10-30,San Joaquin,077,732212,99652,98314,5413,103727,1768
2021-10-30,San Luis Obispo,079,281455,29555,29053,1239,30292,341
2021-10-30,San Mateo,081,765935,54161,53083,875,53958,571
2021-10-30,Santa Barbara,083,443738,44389,43972,1552,45524,528
2021-10-30,Santa Clara,085,1922200,146960,145262,1341,146603,1903
2021-10-30,Santa Cruz,087,273765,20367,20134,1009,21143,221
2021-10-30,Shasta,089,179085,21367,20878,3584,24462,332
2021-10-30,Sierra,091,2930,184,175,20,195,0
2021-10-30,Siskiyou,093,43540,3333,3257,1284,4541,46
2021-10-30,Solano,095,438530,45932,45146,1265,46411,346
2021-10-30,Sonoma,097,501317,41421,40924,528,41452,393
2021-10-30,Stanislaus,099,539301,78204,77871,8851,86722,1191
2021-10-30,Sutter,101,95872,13857,13773,346,14119,178
2021-10-30,Tehama,103,63373,8493,8307,1481,9788,114
2021-10-30,Trinity,105,12862,854,708,216,924,11
2021-10-30,Tulare,107,460477,68414,66745,14987,81732,995
2021-10-30,Tuolumne,109,53932,7213,7050,94,7144,90
2021-10-30,Ventura,111,848112,98103,97182,4312,101494,1174
2021-10-30,Yolo,113,214977,19865,19568,1123,20691,250
2021-10-30,Yuba,115,75493,10119,9969,322,10291,82
2021-10-29,Alameda,001,1643700,119471,118632,2792,121424,1419
2021-10-29,Alpine,003,1148,101,105,0,105,0
2021-10-29,Amador,005,37829,5557,5480,61,5541,64
2021-10-29,Butte,007,227075,20908,20516,3743,24259,277
2021-10-29,Calaveras,009,45235,4067,3992,52,4044,82
2021-10-29,Colusa,011,21464,2513,2484,633,3117,19
2021-10-29,Contra Costa,013,1133247,99381,98562,2193,100755,1024
2021-10-29,Del Norte,015,27424,3674,3574,54,3628,42
2021-10-29,El Dorado,017,186661,16025,15752,1694,17446,154
2021-10-29,Fresno,019,978130,139744,136901,12760,149661,2131
2021-10-29,Glenn,021,27897,3493,3442,1011,4453,33
2021-10-29,Humboldt,023,135768,8981,8871,553,9424,105
2021-10-29,Imperial,025,180216,33566,33156,3199,36355,766
2021-10-29,Inyo,027,18085,2346,2249,43,2292,41
2021-10-29,Kern,029,883053,127161,124892,21997,146889,1653
2021-10-29,Kings,031,150075,32182,31578,1935,33513,337
2021-10-29,Lake,033,64148,6726,6610,145,6755,106
2021-10-29,Lassen,035,31185,6847,6719,364,7083,42
2021-10-29,Los Angeles,037,10098052,1436790,1424257,54461,1478718,26625
2021-10-29,Madera,039,155013,23034,22524,2100,24624,283
2021-10-29,Marin,041,260295,17539,17380,451,17831,247
2021-10-29,Mariposa,043,17540,1285,1228,46,1274,5
2021-10-29,Mendocino,045,87422,7507,7338,531,7869,84
2021-10-29,Merced,047,269075,41810,41428,1905,43333,586
2021-10-29,Modoc,049,8938,531,513,186,699,5
2021-10-29,Mono,051,14174,1719,1684,22,1706,3
2021-10-29,Monterey,053,433212,48690,47649,2902,50551,588
2021-10-29,Napa,055,140530,12948,12863,111,12974,101
2021-10-29,Nevada,057,99092,9160,9015,319,9334,91
2021-10-29,Orange,059,3164182,306910,304120,15155,319275,5588
2021-10-29,Placer,061,380077,37059,36400,3627,40027,434
2021-10-29,Plumas,063,18699,1770,1695,33,1728,7
2021-10-29,Riverside,065,2383286,362744,357645,16446,374091,5088
2021-10-29,Sacramento,067,1510023,158603,157125,4562,161687,2233
2021-10-29,San Benito,069,59416,7399,7362,168,7530,71
2021-10-29,San Bernardino,071,2135413,353630,350076,11163,361239,5777
2021-10-29,San Diego,073,3302833,373203,370006,21885,391891,4213
2021-10-29,San Francisco,075,870044,52844,52161,2326,54487,661
2021-10-29,San Joaquin,077,732212,99595,98314,5408,103722,1768
2021-10-29,San Luis Obispo,079,281455,29529,29053,1237,30290,341
2021-10-29,San Mateo,081,765935,54118,53083,873,53956,571
2021-10-29,Santa Barbara,083,443738,44349,43972,1549,45521,528
2021-10-29,Santa Clara,085,1922200,146845,145262,1334,146596,1903
2021-10-29,Santa Cruz,087,273765,20360,20134,1008,21142,221
2021-10-29,Shasta,089,179085,21328,20878,3578,24456,332
2021-10-29,Sierra,091,2930,182,175,20,195,0
2021-10-29,Siskiyou,093,43540,3333,3257,1283,4540,46
2021-10-29,Solano,095,438530,45895,45146,1264,46410,346
2021-10-29,Sonoma,097,501317,41400,40924,528,41452,393
2021-10-29,Stanislaus,099,539301,78119,77871,8840,86711,1191
2021-10-29,Sutter,101,95872,13838,13773,346,14119,178
2021-10-29,Tehama,103,63373,8480,8307,1480,9787,114
2021-10-29,Trinity,105,12862,853,708,216,924,11
2021-10-29,Tulare,107,460477,68309,66745,14942,81687,995
2021-10-29,Tuolumne,109,53932,7200,7050,94,7144,90
2021-10-29,Ventura,111,848112,98048,97182,4308,101490,1174
2021-10-29,Yolo,113,214977,19847,19568,1118,20686,250
2021-10-29,Yuba,115,75493,10111,9969,318,10287,82
2021-10-28,Alameda,001,1643700,119349,118632,2785,121417,1419
2021-10-28,Alpine,003,1148,101,105,0,105,0
2021-10-28,Amador,005,37829,5544,5480,61,5541,64
2021-10-28,Butte,007,227075,20865,20516,3734,24250,277
2021-10-28,Calaveras,009,45235,4054,3992,52,4044,82
2021-10-28,Colusa,011,21464,2510,2484,632,3116,19
2021-10-28,Contra Costa,013,1133247,99251,98562,2188,100750,1024
2021-10-28,Del Norte,015,27424,3673,3574,54,3628,42
2021-10-28,El Dorado,017,186661,15999,15752,1691,17443,154
2021-10-28,Fresno,019,978130,139411,136901,12727,149628,2131
2021-10-28,Glenn,021,27897,3490,3442,1009,4451,33
2021-10-28,Humboldt,023,135768,8965,8871,548,9419,105
2021-10-28,Imperial,025,180216,33501,33156,3192,36348,766
2021-10-28,Inyo,027,18085,2329,2249,43,2292,41
2021-10-28,Kern,029,883053,126914,124892,21883,146775,1653
2021-10-28,Kings,031,150075,32113,31578,1930,33508,337
2021-10-28,Lake,033,64148,6716,6610,145,6755,106
2021-10-28,Lassen,035,31185,6837,6719,360,7079,42
2021-10-28,Los Angeles,037,10098052,1435649,1424257,54388,1478645,26625
2021-10-28,Madera,039,155013,22980,22524,2089,24613,283
2021-10-28,Marin,041,260295,17521,17380,450,17830,247
2021-10-28,Mariposa,043,17540,1281,1228,46,1274,5
2021-10-28,Mendocino,045,87422,7494,7338,520,7858,84
2021-10-28,Merced,047,269075,41725,41428,1893,43321,586
2021-10-28,Modoc,049,8938,530,513,186,699,5
2021-10-28,Mono,051,14174,1713,1684,22,1706,3
2021-10-28,Monterey,053,433212,48659,47649,2885,50534,588
2021-10-28,Napa,055,140530,12939,12863,110,12973,101
2021-10-28,Nevada,057,99092,9142,9015,319,9334,91
2021-10-28,Orange,059,3164182,306623,304120,15090,319210,5588
2021-10-28,Placer,061,380077,36980,36400,3618,40018,434
2021-10-28,Plumas,063,18699,1762,1695,33,1728,7
2021-10-28,Riverside,065,2383286,362306,357645,16422,374067,5088
2021-10-28,Sacramento,067,1510023,158337,157125,4550,161675,2233
2021-10-28,San Benito,069,59416,7391,7362,168,7530,71
2021-10-28,San Bernardino,071,2135413,353215,350076,11141,361217,5777
2021-10-28,San Diego,073,3302833,372730,370006,21862,391868,4213
2021-10-28,San Francisco,075,870044,52798,52161,2319,54480,661
2021-10-28,San Joaquin,077,732212,99467,98314,5407,103721,1768
2021-10-28,San Luis Obispo,079,281455,29500,29053,1234,30287,341
2021-10-28,San Mateo,081,765935,54073,53083,871,53954,571
2021-10-28,Santa Barbara,083,443738,44310,43972,1547,45519,528
2021-10-28,Santa Clara,085,1922200,146687,145262,1329,146591,1903
2021-10-28,Santa Cruz,087,273765,20336,20134,1008,21142,221
2021-10-28,Shasta,089,179085,21253,20878,3571,24449,332
2021-10-28,Sierra,091,2930,181,175,20,195,0
2021-10-28,Siskiyou,093,43540,3332,3257,1283,4540,46
2021-10-28,Solano,095,438530,45856,45146,1263,46409,346
2021-10-28,Sonoma,097,501317,41332,40924,527,41451,393
2021-10-28,Stanislaus,099,539301,77966,77871,8824,86695,1191
2021-10-28,Sutter,101,95872,13825,13773,342,14115,178
2021-10-28,Tehama,103,63373,8443,8307,1477,9784,114
2021-10-28,Trinity,105,12862,850,708,216,924,11
2021-10-28,Tulare,107,460477,68170,66745,14885,81630,995
2021-10-28,Tuolumne,109,53932,7169,7050,94,7144,90
2021-10-28,Ventura,111,848112,97963,97182,4305,101487,1174
2021-10-28,Yolo,113,214977,19809,19568,1113,20681,250
2021-10-28,Yuba,115,75493,10082,9969,315,10284,82
2021-10-27,Alameda,001,1643700,119226,118487,2783,121270,1414
2021-10-27,Alpine,003,1148,101,105,0,105,0
2021-10-27,Amador,005,37829,5532,5470,60,5530,64
2021-10-27,Butte,007,227075,20821,20446,3720,24166,274
2021-10-27,Calaveras,009,45235,4036,3970,51,4021,82
2021-10-27,Colusa,011,21464,2509,2480,631,3111,18
2021-10-27,Contra Costa,013,1133247,99143,98442,2176,100618,1018
2021-10-27,Del Norte,015,27424,3666,3571,53,3624,42
2021-10-27,El Dorado,017,186661,15968,15723,1686,17409,154
2021-10-27,Fresno,019,978130,139029,136447,12693,149140,2128
2021-10-27,Glenn,021,27897,3488,3435,1008,4443,33
2021-10-27,Humboldt,023,135768,8945,8851,546,9397,105
2021-10-27,Imperial,025,180216,33462,33068,3187,36255,766
2021-10-27,Inyo,027,18085,2309,2236,43,2279,41
2021-10-27,Kern,029,883053,126645,124557,21783,146340,1647
2021-10-27,Kings,031,150075,32047,31437,1924,33361,335
2021-10-27,Lake,033,64148,6690,6589,145,6734,105
2021-10-27,Lassen,035,31185,6823,6706,358,7064,42
2021-10-27,Los Angeles,037,10098052,1434416,1422615,54330,1476945,26604
2021-10-27,Madera,039,155013,22894,22413,2065,24478,283
2021-10-27,Marin,041,260295,17506,17362,450,17812,247
2021-10-27,Mariposa,043,17540,1268,1228,46,1274,5
2021-10-27,Mendocino,045,87422,7480,7321,513,7834,84
2021-10-27,Merced,047,269075,41627,41310,1879,43189,583
2021-10-27,Modoc,049,8938,526,513,186,699,5
2021-10-27,Mono,051,14174,1710,1682,22,1704,3
2021-10-27,Monterey,053,433212,48622,47610,2864,50474,588
2021-10-27,Napa,055,140530,12924,12856,109,12965,101
2021-10-27,Nevada,057,99092,9124,8987,318,9305,90
2021-10-27,Orange,059,3164182,306302,303825,15040,318865,5584
2021-10-27,Placer,061,380077,36914,36296,3611,39907,434
2021-10-27,Plumas,063,18699,1754,1686,33,1719,7
2021-10-27,Riverside,065,2383286,361876,357152,16414,373566,5081
2021-10-27,Sacramento,067,1510023,158069,156830,4529,161359,2230
2021-10-27,San Benito,069,59416,7384,7337,168,7505,71
2021-10-27,San Bernardino,071,2135413,352791,349624,11119,360743,5770
2021-10-27,San Diego,073,3302833,372154,369579,21838,391417,4207
2021-10-27,San Francisco,075,870044,52747,52108,2315,54423,655
2021-10-27,San Joaquin,077,732212,99309,98168,5392,103560,1753
2021-10-27,San Luis Obispo,079,281455,29461,29002,1232,30234,341
2021-10-27,San Mateo,081,765935,54018,53032,863,53895,571
2021-10-27,Santa Barbara,083,443738,44257,43901,1544,45445,527
2021-10-27,Santa Clara,085,1922200,146510,145081,1321,146402,1902
2021-10-27,Santa Cruz,087,273765,20309,20091,1006,21097,221
2021-10-27,Shasta,089,179085,21177,20813,3563,24376,331
2021-10-27,Sierra,091,2930,180,176,20,196,0
2021-10-27,Siskiyou,093,43540,3329,3256,1279,4535,46
2021-10-27,Solano,095,438530,45811,45089,1255,46344,346
2021-10-27,Sonoma,097,501317,41256,40829,525,41354,393
2021-10-27,Stanislaus,099,539301,77806,77687,8809,86496,1191
2021-10-27,Sutter,101,95872,13811,13754,342,14096,177
2021-10-27,Tehama,103,63373,8421,8265,1475,9740,113
2021-10-27,Trinity,105,12862,850,706,215,921,11
2021-10-27,Tulare,107,460477,68016,66568,14827,81395,991
2021-10-27,Tuolumne,109,53932,7142,7009,93,7102,90
2021-10-27,Ventura,111,848112,97871,97108,4300,101408,1172
2021-10-27,Yolo,113,214977,19780,19517,1106,20623,250
2021-10-27,Yuba,115,75493,10061,9945,313,10258,82
2021-10-26,Alameda,001,1643700,119089,118360,2781,121141,1407
2021-10-26,Alpine,003,1148,101,105,0,105,0
2021-10-26,Amador,005,37829,5524,5465,59,5524,64
2021-10-26,Butte,007,227075,20761,20387,3703,24090,274
2021-10-26,Calaveras,009,45235,4025,3966,51,4017,81
2021-10-26,Colusa,011,21464,2507,2478,630,3108,18
2021-10-26,Contra Costa,013,1133247,99021,98352,2165,100517,1017
2021-10-26,Del Norte,015,27424,3661,3563,53,3616,42
2021-10-26,El Dorado,017,186661,15940,15690,1677,17367,153
2021-10-26,Fresno,019,978130,138580,136211,12648,148859,2122
2021-10-26,Glenn,021,27897,3473,3431,1005,4436,33
2021-10-26,Humboldt,023,135768,8927,8830,540,9370,105
2021-10-26,Imperial,025,180216,33397,33012,3182,36194,766
2021-10-26,Inyo,027,18085,2294,2200,43,2243,41
2021-10-26,Kern,029,883053,126302,124351,21663,146014,1645
2021-10-26,Kings,031,150075,31980,31382,1917,33299,336
2021-10-26,Lake,033,64148,6680,6584,143,6727,105
2021-10-26,Lassen,035,31185,6803,6689,356,7045,42
2021-10-26,Los Angeles,037,10098052,1433068,1421795,54260,1476055,26599
2021-10-26,Madera,039,155013,22804,22363,2054,24417,283
2021-10-26,Marin,041,260295,17489,17354,449,17803,244
2021-10-26,Mariposa,043,17540,1263,1225,45,1270,5
2021-10-26,Mendocino,045,87422,7451,7308,496,7804,83
2021-10-26,Merced,047,269075,41549,41267,1871,43138,583
2021-10-26,Modoc,049,8938,526,513,186,699,5
2021-10-26,Mono,051,14174,1705,1680,22,1702,3
2021-10-26,Monterey,053,433212,48583,47572,2854,50426,588
2021-10-26,Napa,055,140530,12912,12849,109,12958,101
2021-10-26,Nevada,057,99092,9093,8971,317,9288,90
2021-10-26,Orange,059,3164182,306032,303533,15001,318534,5580
2021-10-26,Placer,061,380077,36816,36245,3605,39850,434
2021-10-26,Plumas,063,18699,1745,1645,33,1678,7
2021-10-26,Riverside,065,2383286,361386,356775,16404,373179,5068
2021-10-26,Sacramento,067,1510023,157768,156643,4512,161155,2228
2021-10-26,San Benito,069,59416,7361,7325,168,7493,71
2021-10-26,San Bernardino,071,2135413,352369,349346,11104,360450,5764
2021-10-26,San Diego,073,3302833,371635,369043,21808,390851,4198
2021-10-26,San Francisco,075,870044,52672,52063,2312,54375,655
2021-10-26,San Joaquin,077,732212,99130,98036,5377,103413,1748
2021-10-26,San Luis Obispo,079,281455,29422,28928,1226,30154,337
2021-10-26,San Mateo,081,765935,53946,52974,860,53834,571
2021-10-26,Santa Barbara,083,443738,44211,43835,1543,45378,525
2021-10-26,Santa Clara,085,1922200,146311,144932,1315,146247,1903
2021-10-26,Santa Cruz,087,273765,20278,20067,1005,21072,221
2021-10-26,Shasta,089,179085,21117,20725,3545,24270,330
2021-10-26,Sierra,091,2930,180,169,20,189,0
2021-10-26,Siskiyou,093,43540,3323,3254,1277,4531,46
2021-10-26,Solano,095,438530,45755,45044,1254,46298,344
2021-10-26,Sonoma,097,501317,41174,40794,523,41317,393
2021-10-26,Stanislaus,099,539301,77632,77552,8784,86336,1157
2021-10-26,Sutter,101,95872,13782,13739,341,14080,176
2021-10-26,Tehama,103,63373,8393,8247,1469,9716,112
2021-10-26,Trinity,105,12862,846,705,215,920,11
2021-10-26,Tulare,107,460477,67856,66476,14766,81242,991
2021-10-26,Tuolumne,109,53932,7116,6995,91,7086,90
2021-10-26,Ventura,111,848112,97762,97014,4296,101310,1170
2021-10-26,Yolo,113,214977,19752,19490,1103,20593,248
2021-10-26,Yuba,115,75493,10043,9927,308,10235,82
2021-10-25,Alameda,001,1643700,118944,118319,2779,121098,1404
2021-10-25,Alpine,003,1148,101,105,0,105,0
2021-10-25,Amador,005,37829,5510,5455,59,5514,64
2021-10-25,Butte,007,227075,20687,20331,3695,24026,273
2021-10-25,Calaveras,009,45235,3995,3942,50,3992,82
2021-10-25,Colusa,011,21464,2505,2471,628,3099,18
2021-10-25,Contra Costa,013,1133247,98904,98267,2161,100428,1017
2021-10-25,Del Norte,015,27424,3654,3562,53,3615,42
2021-10-25,El Dorado,017,186661,15905,15663,1675,17338,149
2021-10-25,Fresno,019,978130,138145,135974,12609,148583,2112
2021-10-25,Glenn,021,27897,3470,3421,1004,4425,33
2021-10-25,Humboldt,023,135768,8904,8825,535,9360,105
2021-10-25,Imperial,025,180216,33336,32968,3171,36139,766
2021-10-25,Inyo,027,18085,2276,2183,43,2226,41
2021-10-25,Kern,029,883053,125950,124078,21524,145602,1649
2021-10-25,Kings,031,150075,31891,31329,1908,33237,335
2021-10-25,Lake,033,64148,6667,6571,143,6714,105
2021-10-25,Lassen,035,31185,6792,6688,354,7042,42
2021-10-25,Los Angeles,037,10098052,1431697,1421061,54193,1475254,26579
2021-10-25,Madera,039,155013,22750,22325,2047,24372,281
2021-10-25,Marin,041,260295,17467,17334,447,17781,244
2021-10-25,Mariposa,043,17540,1249,1220,45,1265,5
2021-10-25,Mendocino,045,87422,7421,7296,492,7788,82
2021-10-25,Merced,047,269075,41481,41207,1844,43051,583
2021-10-25,Modoc,049,8938,524,512,184,696,5
2021-10-25,Mono,051,14174,1697,1677,22,1699,3
2021-10-25,Monterey,053,433212,48550,47547,2852,50399,587
2021-10-25,Napa,055,140530,12899,12841,109,12950,100
2021-10-25,Nevada,057,99092,9067,8958,317,9275,90
2021-10-25,Orange,059,3164182,305735,303279,14963,318242,5574
2021-10-25,Placer,061,380077,36709,36153,3595,39748,431
2021-10-25,Plumas,063,18699,1733,1641,33,1674,7
2021-10-25,Riverside,065,2383286,360959,356381,16389,372770,5056
2021-10-25,Sacramento,067,1510023,157464,156516,4486,161002,2235
2021-10-25,San Benito,069,59416,7348,7314,167,7481,71
2021-10-25,San Bernardino,071,2135413,351872,349075,11092,360167,5748
2021-10-25,San Diego,073,3302833,371048,368386,21780,390166,4196
2021-10-25,San Francisco,075,870044,52599,52041,2305,54346,649
2021-10-25,San Joaquin,077,732212,98928,97980,5368,103348,1740
2021-10-25,San Luis Obispo,079,281455,29374,28907,1221,30128,336
2021-10-25,San Mateo,081,765935,53885,52927,856,53783,571
2021-10-25,Santa Barbara,083,443738,44152,43775,1543,45318,525
2021-10-25,Santa Clara,085,1922200,146121,144895,1310,146205,1901
2021-10-25,Santa Cruz,087,273765,20249,20053,1004,21057,221
2021-10-25,Shasta,089,179085,21045,20666,3538,24204,326
2021-10-25,Sierra,091,2930,180,168,20,188,0
2021-10-25,Siskiyou,093,43540,3319,3248,1272,4520,46
2021-10-25,Solano,095,438530,45694,45022,1252,46274,344
2021-10-25,Sonoma,097,501317,41101,40746,521,41267,393
2021-10-25,Stanislaus,099,539301,77440,77452,8755,86207,1145
2021-10-25,Sutter,101,95872,13769,13721,338,14059,176
2021-10-25,Tehama,103,63373,8366,8224,1465,9689,111
2021-10-25,Trinity,105,12862,841,699,214,913,11
2021-10-25,Tulare,107,460477,67661,66357,14704,81061,986
2021-10-25,Tuolumne,109,53932,7082,6952,89,7041,90
2021-10-25,Ventura,111,848112,97671,96932,4293,101225,1167
2021-10-25,Yolo,113,214977,19703,19457,1099,20556,248
2021-10-25,Yuba,115,75493,10027,9924,304,10228,82
2021-10-24,Alameda,001,1643700,118813,117816,2774,120590,1397
2021-10-24,Alpine,003,1148,101,105,0,105,0
2021-10-24,Amador,005,37829,5505,5412,59,5471,64
2021-10-24,Butte,007,227075,20616,20101,3683,23784,273
2021-10-24,Calaveras,009,45235,3976,3865,49,3914,81
2021-10-24,Colusa,011,21464,2501,2458,625,3083,18
2021-10-24,Contra Costa,013,1133247,98786,97855,2152,100007,1008
2021-10-24,Del Norte,015,27424,3650,3540,53,3593,42
2021-10-24,El Dorado,017,186661,15869,15540,1671,17211,149
2021-10-24,Fresno,019,978130,137710,134466,12560,147026,2094
2021-10-24,Glenn,021,27897,3463,3399,1002,4401,33
2021-10-24,Humboldt,023,135768,8891,8753,529,9282,105
2021-10-24,Imperial,025,180216,33258,32777,3164,35941,766
2021-10-24,Inyo,027,18085,2244,2108,43,2151,41
2021-10-24,Kern,029,883053,125616,122939,21406,144345,1636
2021-10-24,Kings,031,150075,31762,30942,1892,32834,325
2021-10-24,Lake,033,64148,6644,6501,142,6643,105
2021-10-24,Lassen,035,31185,6775,6632,353,6985,27
2021-10-24,Los Angeles,037,10098052,1430248,1415919,54125,1470044,26527
2021-10-24,Madera,039,155013,22673,22062,2034,24096,281
2021-10-24,Marin,041,260295,17451,17264,446,17710,244
2021-10-24,Mariposa,043,17540,1246,1184,45,1229,5
2021-10-24,Mendocino,045,87422,7397,7220,481,7701,82
2021-10-24,Merced,047,269075,41360,40808,1838,42646,581
2021-10-24,Modoc,049,8938,523,507,184,691,5
2021-10-24,Mono,051,14174,1692,1655,22,1677,3
2021-10-24,Monterey,053,433212,48502,47456,2841,50297,586
2021-10-24,Napa,055,140530,12888,12789,109,12898,100
2021-10-24,Nevada,057,99092,9044,8861,314,9175,90
2021-10-24,Orange,059,3164182,305385,302237,14925,317162,5546
2021-10-24,Placer,061,380077,36605,35822,3581,39403,426
2021-10-24,Plumas,063,18699,1723,1623,32,1655,7
2021-10-24,Riverside,065,2383286,360485,354688,16369,371057,5041
2021-10-24,Sacramento,067,1510023,157120,155125,4463,159588,2232
2021-10-24,San Benito,069,59416,7328,7280,167,7447,71
2021-10-24,San Bernardino,071,2135413,351322,347681,11080,358761,5688
2021-10-24,San Diego,073,3302833,370445,366085,21749,387834,4183
2021-10-24,San Francisco,075,870044,52536,51820,2299,54119,649
2021-10-24,San Joaquin,077,732212,98755,97440,5362,102802,1721
2021-10-24,San Luis Obispo,079,281455,29313,28755,1214,29969,333
2021-10-24,San Mateo,081,765935,53813,52719,856,53575,571
2021-10-24,Santa Barbara,083,443738,44085,43552,1541,45093,523
2021-10-24,Santa Clara,085,1922200,145930,144276,1300,145576,1897
2021-10-24,Santa Cruz,087,273765,20211,19967,1003,20970,221
2021-10-24,Shasta,089,179085,20945,20386,3532,23918,321
2021-10-24,Sierra,091,2930,180,168,20,188,0
2021-10-24,Siskiyou,093,43540,3312,3231,1268,4499,46
2021-10-24,Solano,095,438530,45644,44861,1247,46108,341
2021-10-24,Sonoma,097,501317,41018,40476,521,40997,393
2021-10-24,Stanislaus,099,539301,77249,76812,8743,85555,1145
2021-10-24,Sutter,101,95872,13742,13616,330,13946,175
2021-10-24,Tehama,103,63373,8318,8105,1453,9558,110
2021-10-24,Trinity,105,12862,837,696,211,907,11
2021-10-24,Tulare,107,460477,67489,65585,14631,80216,978
2021-10-24,Tuolumne,109,53932,7042,6840,87,6927,90
2021-10-24,Ventura,111,848112,97564,96664,4292,100956,1167
2021-10-24,Yolo,113,214977,19654,19280,1096,20376,248
2021-10-24,Yuba,115,75493,10002,9838,303,10141,82
2021-10-23,Alameda,001,1643700,118725,117816,2769,120585,1397
2021-10-23,Alpine,003,1148,101,105,0,105,0
2021-10-23,Amador,005,37829,5498,5412,59,5471,64
2021-10-23,Butte,007,227075,20581,20101,3674,23775,273
2021-10-23,Calaveras,009,45235,3969,3865,48,3913,81
2021-10-23,Colusa,011,21464,2499,2458,624,3082,18
2021-10-23,Contra Costa,013,1133247,98734,97855,2148,100003,1008
2021-10-23,Del Norte,015,27424,3648,3540,53,3593,42
2021-10-23,El Dorado,017,186661,15843,15540,1669,17209,149
2021-10-23,Fresno,019,978130,137532,134466,12546,147012,2094
2021-10-23,Glenn,021,27897,3461,3399,1001,4400,33
2021-10-23,Humboldt,023,135768,8877,8753,524,9277,105
2021-10-23,Imperial,025,180216,33211,32777,3160,35937,766
2021-10-23,Inyo,027,18085,2233,2108,43,2151,41
2021-10-23,Kern,029,883053,125456,122939,21318,144257,1636
2021-10-23,Kings,031,150075,31716,30942,1890,32832,325
2021-10-23,Lake,033,64148,6639,6501,142,6643,105
2021-10-23,Lassen,035,31185,6772,6632,351,6983,27
2021-10-23,Los Angeles,037,10098052,1429572,1415919,54070,1469989,26527
2021-10-23,Madera,039,155013,22624,22062,2026,24088,281
2021-10-23,Marin,041,260295,17434,17264,445,17709,244
2021-10-23,Mariposa,043,17540,1243,1184,44,1228,5
2021-10-23,Mendocino,045,87422,7390,7220,480,7700,82
2021-10-23,Merced,047,269075,41319,40808,1833,42641,581
2021-10-23,Modoc,049,8938,521,507,184,691,5
2021-10-23,Mono,051,14174,1686,1655,22,1677,3
2021-10-23,Monterey,053,433212,48485,47456,2837,50293,586
2021-10-23,Napa,055,140530,12883,12789,109,12898,100
2021-10-23,Nevada,057,99092,9033,8861,312,9173,90
2021-10-23,Orange,059,3164182,305198,302237,14909,317146,5546
2021-10-23,Placer,061,380077,36543,35822,3575,39397,426
2021-10-23,Plumas,063,18699,1722,1623,32,1655,7
2021-10-23,Riverside,065,2383286,360164,354688,16362,371050,5041
2021-10-23,Sacramento,067,1510023,156991,155125,4454,159579,2232
2021-10-23,San Benito,069,59416,7318,7280,167,7447,71
2021-10-23,San Bernardino,071,2135413,351054,347681,11073,358754,5688
2021-10-23,San Diego,073,3302833,370087,366085,21718,387803,4183
2021-10-23,San Francisco,075,870044,52501,51820,2298,54118,649
2021-10-23,San Joaquin,077,732212,98687,97440,5353,102793,1721
2021-10-23,San Luis Obispo,079,281455,29276,28755,1212,29967,333
2021-10-23,San Mateo,081,765935,53775,52719,855,53574,571
2021-10-23,Santa Barbara,083,443738,44054,43552,1539,45091,523
2021-10-23,Santa Clara,085,1922200,145822,144276,1296,145572,1897
2021-10-23,Santa Cruz,087,273765,20199,19967,1003,20970,221
2021-10-23,Shasta,089,179085,20909,20386,3520,23906,321
2021-10-23,Sierra,091,2930,179,168,20,188,0
2021-10-23,Siskiyou,093,43540,3310,3231,1268,4499,46
2021-10-23,Solano,095,438530,45619,44861,1244,46105,341
2021-10-23,Sonoma,097,501317,40978,40476,521,40997,393
2021-10-23,Stanislaus,099,539301,77160,76812,8723,85535,1145
2021-10-23,Sutter,101,95872,13736,13616,329,13945,175
2021-10-23,Tehama,103,63373,8306,8105,1452,9557,110
2021-10-23,Trinity,105,12862,836,696,211,907,11
2021-10-23,Tulare,107,460477,67401,65585,14572,80157,978
2021-10-23,Tuolumne,109,53932,7021,6840,87,6927,90
2021-10-23,Ventura,111,848112,97503,96664,4292,100956,1167
2021-10-23,Yolo,113,214977,19637,19280,1093,20373,248
2021-10-23,Yuba,115,75493,9994,9838,303,10141,82
2021-10-22,Alameda,001,1643700,118641,117816,2766,120582,1397
2021-10-22,Alpine,003,1148,101,105,0,105,0
2021-10-22,Amador,005,37829,5487,5412,59,5471,64
2021-10-22,Butte,007,227075,20549,20101,3670,23771,273
2021-10-22,Calaveras,009,45235,3961,3865,48,3913,81
2021-10-22,Colusa,011,21464,2496,2458,624,3082,18
2021-10-22,Contra Costa,013,1133247,98643,97855,2146,100001,1008
2021-10-22,Del Norte,015,27424,3644,3540,53,3593,42
2021-10-22,El Dorado,017,186661,15830,15540,1667,17207,149
2021-10-22,Fresno,019,978130,137317,134466,12524,146990,2094
2021-10-22,Glenn,021,27897,3451,3399,1001,4400,33
2021-10-22,Humboldt,023,135768,8863,8753,523,9276,105
2021-10-22,Imperial,025,180216,33168,32777,3160,35937,766
2021-10-22,Inyo,027,18085,2220,2108,43,2151,41
2021-10-22,Kern,029,883053,125269,122939,21245,144184,1636
2021-10-22,Kings,031,150075,31681,30942,1889,32831,325
2021-10-22,Lake,033,64148,6629,6501,142,6643,105
2021-10-22,Lassen,035,31185,6765,6632,348,6980,27
2021-10-22,Los Angeles,037,10098052,1428818,1415919,54010,1469929,26527
2021-10-22,Madera,039,155013,22575,22062,2013,24075,281
2021-10-22,Marin,041,260295,17422,17264,445,17709,244
2021-10-22,Mariposa,043,17540,1240,1184,44,1228,5
2021-10-22,Mendocino,045,87422,7376,7220,479,7699,82
2021-10-22,Merced,047,269075,41282,40808,1826,42634,581
2021-10-22,Modoc,049,8938,521,507,184,691,5
2021-10-22,Mono,051,14174,1684,1655,22,1677,3
2021-10-22,Monterey,053,433212,48452,47456,2835,50291,586
2021-10-22,Napa,055,140530,12877,12789,109,12898,100
2021-10-22,Nevada,057,99092,9016,8861,311,9172,90
2021-10-22,Orange,059,3164182,304982,302237,14878,317115,5546
2021-10-22,Placer,061,380077,36515,35822,3566,39388,426
2021-10-22,Plumas,063,18699,1716,1623,32,1655,7
2021-10-22,Riverside,065,2383286,359853,354688,16357,371045,5041
2021-10-22,Sacramento,067,1510023,156805,155125,4444,159569,2232
2021-10-22,San Benito,069,59416,7313,7280,167,7447,71
2021-10-22,San Bernardino,071,2135413,350725,347681,11058,358739,5688
2021-10-22,San Diego,073,3302833,369674,366085,21700,387785,4183
2021-10-22,San Francisco,075,870044,52466,51820,2291,54111,649
2021-10-22,San Joaquin,077,732212,98628,97440,5350,102790,1721
2021-10-22,San Luis Obispo,079,281455,29246,28755,1212,29967,333
2021-10-22,San Mateo,081,765935,53725,52719,848,53567,571
2021-10-22,Santa Barbara,083,443738,44013,43552,1539,45091,523
2021-10-22,Santa Clara,085,1922200,145666,144276,1289,145565,1897
2021-10-22,Santa Cruz,087,273765,20177,19967,1003,20970,221
2021-10-22,Shasta,089,179085,20877,20386,3517,23903,321
2021-10-22,Sierra,091,2930,178,168,19,187,0
2021-10-22,Siskiyou,093,43540,3308,3231,1265,4496,46
2021-10-22,Solano,095,438530,45584,44861,1240,46101,341
2021-10-22,Sonoma,097,501317,40921,40476,521,40997,393
2021-10-22,Stanislaus,099,539301,77057,76812,8705,85517,1145
2021-10-22,Sutter,101,95872,13721,13616,329,13945,175
2021-10-22,Tehama,103,63373,8284,8105,1447,9552,110
2021-10-22,Trinity,105,12862,835,696,211,907,11
2021-10-22,Tulare,107,460477,67315,65585,14518,80103,978
2021-10-22,Tuolumne,109,53932,6986,6840,87,6927,90
2021-10-22,Ventura,111,848112,97450,96664,4286,100950,1167
2021-10-22,Yolo,113,214977,19610,19280,1091,20371,248
2021-10-22,Yuba,115,75493,9980,9838,301,10139,82
2021-10-21,Alameda,001,1643700,118525,117816,2761,120577,1397
2021-10-21,Alpine,003,1148,101,105,0,105,0
2021-10-21,Amador,005,37829,5479,5412,59,5471,64
2021-10-21,Butte,007,227075,20465,20101,3657,23758,273
2021-10-21,Calaveras,009,45235,3942,3865,48,3913,81
2021-10-21,Colusa,011,21464,2492,2458,620,3078,18
2021-10-21,Contra Costa,013,1133247,98528,97855,2140,99995,1008
2021-10-21,Del Norte,015,27424,3638,3540,52,3592,42
2021-10-21,El Dorado,017,186661,15802,15540,1660,17200,149
2021-10-21,Fresno,019,978130,136967,134466,12480,146946,2094
2021-10-21,Glenn,021,27897,3447,3399,998,4397,33
2021-10-21,Humboldt,023,135768,8849,8753,519,9272,105
2021-10-21,Imperial,025,180216,33113,32777,3156,35933,766
2021-10-21,Inyo,027,18085,2198,2108,43,2151,41
2021-10-21,Kern,029,883053,125021,122939,21134,144073,1636
2021-10-21,Kings,031,150075,31583,30942,1883,32825,325
2021-10-21,Lake,033,64148,6615,6501,141,6642,105
2021-10-21,Lassen,035,31185,6752,6632,344,6976,27
2021-10-21,Los Angeles,037,10098052,1427702,1415919,53959,1469878,26527
2021-10-21,Madera,039,155013,22517,22062,2003,24065,281
2021-10-21,Marin,041,260295,17404,17264,445,17709,244
2021-10-21,Mariposa,043,17540,1234,1184,43,1227,5
2021-10-21,Mendocino,045,87422,7358,7220,471,7691,82
2021-10-21,Merced,047,269075,41184,40808,1815,42623,581
2021-10-21,Modoc,049,8938,521,507,184,691,5
2021-10-21,Mono,051,14174,1675,1655,22,1677,3
2021-10-21,Monterey,053,433212,48418,47456,2823,50279,586
2021-10-21,Napa,055,140530,12865,12789,109,12898,100
2021-10-21,Nevada,057,99092,8991,8861,311,9172,90
2021-10-21,Orange,059,3164182,304709,302237,14842,317079,5546
2021-10-21,Placer,061,380077,36426,35822,3553,39375,426
2021-10-21,Plumas,063,18699,1702,1623,32,1655,7
2021-10-21,Riverside,065,2383286,359408,354688,16346,371034,5041
2021-10-21,Sacramento,067,1510023,156486,155125,4419,159544,2232
2021-10-21,San Benito,069,59416,7306,7280,165,7445,71
2021-10-21,San Bernardino,071,2135413,350347,347681,11023,358704,5688
2021-10-21,San Diego,073,3302833,369149,366085,21670,387755,4183
2021-10-21,San Francisco,075,870044,52411,51820,2290,54110,649
2021-10-21,San Joaquin,077,732212,98489,97440,5343,102783,1721
2021-10-21,San Luis Obispo,079,281455,29204,28755,1210,29965,333
2021-10-21,San Mateo,081,765935,53678,52719,847,53566,571
2021-10-21,Santa Barbara,083,443738,43947,43552,1537,45089,523
2021-10-21,Santa Clara,085,1922200,145494,144276,1285,145561,1897
2021-10-21,Santa Cruz,087,273765,20153,19967,1001,20968,221
2021-10-21,Shasta,089,179085,20815,20386,3502,23888,321
2021-10-21,Sierra,091,2930,177,168,18,186,0
2021-10-21,Siskiyou,093,43540,3303,3231,1263,4494,46
2021-10-21,Solano,095,438530,45532,44861,1238,46099,341
2021-10-21,Sonoma,097,501317,40852,40476,519,40995,393
2021-10-21,Stanislaus,099,539301,76888,76812,8694,85506,1145
2021-10-21,Sutter,101,95872,13693,13616,325,13941,175
2021-10-21,Tehama,103,63373,8257,8105,1440,9545,110
2021-10-21,Trinity,105,12862,833,696,211,907,11
2021-10-21,Tulare,107,460477,67125,65585,14447,80032,978
2021-10-21,Tuolumne,109,53932,6948,6840,86,6926,90
2021-10-21,Ventura,111,848112,97359,96664,4284,100948,1167
2021-10-21,Yolo,113,214977,19563,19280,1089,20369,248
2021-10-21,Yuba,115,75493,9956,9838,300,10138,82
2021-10-20,Alameda,001,1643700,118404,117654,2761,120415,1390
2021-10-20,Alpine,003,1148,101,103,0,103,0
2021-10-20,Amador,005,37829,5471,5379,59,5438,64
2021-10-20,Butte,007,227075,20411,20021,3642,23663,270
2021-10-20,Calaveras,009,45235,3922,3844,47,3891,81
2021-10-20,Colusa,011,21464,2488,2454,618,3072,18
2021-10-20,Contra Costa,013,1133247,98412,97721,2136,99857,1008
2021-10-20,Del Norte,015,27424,3634,3536,52,3588,42
2021-10-20,El Dorado,017,186661,15772,15502,1657,17159,149
2021-10-20,Fresno,019,978130,136565,134025,12443,146468,2084
2021-10-20,Glenn,021,27897,3439,3382,997,4379,33
2021-10-20,Humboldt,023,135768,8827,8727,517,9244,105
2021-10-20,Imperial,025,180216,33039,32705,3148,35853,766
2021-10-20,Inyo,027,18085,2178,2077,42,2119,40
2021-10-20,Kern,029,883053,124727,122630,21013,143643,1623
2021-10-20,Kings,031,150075,31506,30805,1873,32678,322
2021-10-20,Lake,033,64148,6593,6475,140,6615,104
2021-10-20,Lassen,035,31185,6737,6622,344,6966,27
2021-10-20,Los Angeles,037,10098052,1426583,1414931,53886,1468817,26506
2021-10-20,Madera,039,155013,22447,21983,1994,23977,281
2021-10-20,Marin,041,260295,17383,17250,443,17693,244
2021-10-20,Mariposa,043,17540,1227,1174,43,1217,5
2021-10-20,Mendocino,045,87422,7330,7189,468,7657,82
2021-10-20,Merced,047,269075,41103,40685,1798,42483,581
2021-10-20,Modoc,049,8938,521,504,184,688,5
2021-10-20,Mono,051,14174,1675,1653,22,1675,3
2021-10-20,Monterey,053,433212,48386,47430,2814,50244,587
2021-10-20,Napa,055,140530,12851,12773,108,12881,100
2021-10-20,Nevada,057,99092,8963,8836,311,9147,90
2021-10-20,Orange,059,3164182,304424,301957,14820,316777,5534
2021-10-20,Placer,061,380077,36336,35729,3544,39273,425
2021-10-20,Plumas,063,18699,1695,1604,32,1636,7
2021-10-20,Riverside,065,2383286,358964,354311,16329,370640,5030
2021-10-20,Sacramento,067,1510023,156186,154822,4396,159218,2222
2021-10-20,San Benito,069,59416,7303,7275,163,7438,71
2021-10-20,San Bernardino,071,2135413,349944,347217,10991,358208,5663
2021-10-20,San Diego,073,3302833,368633,365698,21651,387349,4178
2021-10-20,San Francisco,075,870044,52362,51755,2289,54044,646
2021-10-20,San Joaquin,077,732212,98344,97246,5335,102581,1721
2021-10-20,San Luis Obispo,079,281455,29159,28727,1206,29933,332
2021-10-20,San Mateo,081,765935,53607,52663,839,53502,571
2021-10-20,Santa Barbara,083,443738,43884,43489,1536,45025,523
2021-10-20,Santa Clara,085,1922200,145359,144124,1280,145404,1896
2021-10-20,Santa Cruz,087,273765,20140,19951,1001,20952,219
2021-10-20,Shasta,089,179085,20754,20313,3475,23788,320
2021-10-20,Sierra,091,2930,177,168,18,186,0
2021-10-20,Siskiyou,093,43540,3303,3224,1257,4481,46
2021-10-20,Solano,095,438530,45500,44819,1236,46055,341
2021-10-20,Sonoma,097,501317,40805,40404,519,40923,393
2021-10-20,Stanislaus,099,539301,76738,76631,8675,85306,1145
2021-10-20,Sutter,101,95872,13669,13592,319,13911,175
2021-10-20,Tehama,103,63373,8226,8081,1429,9510,110
2021-10-20,Trinity,105,12862,833,693,210,903,11
2021-10-20,Tulare,107,460477,66951,65413,14401,79814,967
2021-10-20,Tuolumne,109,53932,6925,6803,86,6889,89
2021-10-20,Ventura,111,848112,97277,96610,4280,100890,1166
2021-10-20,Yolo,113,214977,19519,19236,1086,20322,248
2021-10-20,Yuba,115,75493,9939,9808,297,10105,82
2021-10-19,Alameda,001,1643700,118282,117542,2755,120297,1383
2021-10-19,Alpine,003,1148,101,103,0,103,0
2021-10-19,Amador,005,37829,5455,5367,59,5426,64
2021-10-19,Butte,007,227075,20358,19974,3634,23608,268
2021-10-19,Calaveras,009,45235,3905,3826,46,3872,80
2021-10-19,Colusa,011,21464,2485,2447,616,3063,18
2021-10-19,Contra Costa,013,1133247,98321,97613,2131,99744,1004
2021-10-19,Del Norte,015,27424,3627,3531,52,3583,42
2021-10-19,El Dorado,017,186661,15747,15478,1652,17130,149
2021-10-19,Fresno,019,978130,136200,133813,12394,146207,2073
2021-10-19,Glenn,021,27897,3436,3380,995,4375,33
2021-10-19,Humboldt,023,135768,8803,8714,511,9225,105
2021-10-19,Imperial,025,180216,32973,32632,3144,35776,764
2021-10-19,Inyo,027,18085,2147,2045,42,2087,40
2021-10-19,Kern,029,883053,124410,122391,20889,143280,1613
2021-10-19,Kings,031,150075,31412,30757,1866,32623,322
2021-10-19,Lake,033,64148,6589,6465,140,6605,104
2021-10-19,Lassen,035,31185,6731,6612,340,6952,27
2021-10-19,Los Angeles,037,10098052,1425338,1413882,53809,1467691,26473
2021-10-19,Madera,039,155013,22384,21950,1986,23936,281
2021-10-19,Marin,041,260295,17369,17241,440,17681,244
2021-10-19,Mariposa,043,17540,1221,1171,41,1212,5
2021-10-19,Mendocino,045,87422,7315,7172,465,7637,82
2021-10-19,Merced,047,269075,40988,40628,1777,42405,580
2021-10-19,Modoc,049,8938,519,502,184,686,5
2021-10-19,Mono,051,14174,1671,1651,22,1673,3
2021-10-19,Monterey,053,433212,48349,47412,2803,50215,583
2021-10-19,Napa,055,140530,12844,12769,108,12877,100
2021-10-19,Nevada,057,99092,8942,8829,310,9139,90
2021-10-19,Orange,059,3164182,304167,301700,14787,316487,5527
2021-10-19,Placer,061,380077,36215,35663,3529,39192,422
2021-10-19,Plumas,063,18699,1677,1586,32,1618,8
2021-10-19,Riverside,065,2383286,358542,353891,16321,370212,5020
2021-10-19,Sacramento,067,1510023,155880,154570,4370,158940,2227
2021-10-19,San Benito,069,59416,7287,7264,163,7427,71
2021-10-19,San Bernardino,071,2135413,349543,346814,10961,357775,5627
2021-10-19,San Diego,073,3302833,368039,365285,21620,386905,4170
2021-10-19,San Francisco,075,870044,52299,51704,2287,53991,645
2021-10-19,San Joaquin,077,732212,98177,97105,5324,102429,1721
2021-10-19,San Luis Obispo,079,281455,29111,28670,1203,29873,332
2021-10-19,San Mateo,081,765935,53549,52617,837,53454,571
2021-10-19,Santa Barbara,083,443738,43817,43413,1534,44947,522
2021-10-19,Santa Clara,085,1922200,145186,143989,1272,145261,1898
2021-10-19,Santa Cruz,087,273765,20116,19895,999,20894,218
2021-10-19,Shasta,089,179085,20678,20209,3467,23676,319
2021-10-19,Sierra,091,2930,174,168,18,186,0
2021-10-19,Siskiyou,093,43540,3299,3216,1252,4468,46
2021-10-19,Solano,095,438530,45458,44782,1230,46012,341
2021-10-19,Sonoma,097,501317,40731,40379,518,40897,392
2021-10-19,Stanislaus,099,539301,76596,76526,8663,85189,1145
2021-10-19,Sutter,101,95872,13645,13569,318,13887,174
2021-10-19,Tehama,103,63373,8196,8057,1413,9470,108
2021-10-19,Trinity,105,12862,826,691,210,901,11
2021-10-19,Tulare,107,460477,66764,65253,14332,79585,958
2021-10-19,Tuolumne,109,53932,6896,6782,85,6867,89
2021-10-19,Ventura,111,848112,97201,96539,4275,100814,1166
2021-10-19,Yolo,113,214977,19474,19206,1081,20287,248
2021-10-19,Yuba,115,75493,9921,9796,296,10092,82
2021-10-18,Alameda,001,1643700,118146,117506,2746,120252,1381
2021-10-18,Alpine,003,1148,101,103,0,103,0
2021-10-18,Amador,005,37829,5444,5345,59,5404,64
2021-10-18,Butte,007,227075,20307,19921,3626,23547,265
2021-10-18,Calaveras,009,45235,3880,3819,45,3864,80
2021-10-18,Colusa,011,21464,2484,2444,614,3058,18
2021-10-18,Contra Costa,013,1133247,98209,97585,2127,99712,995
2021-10-18,Del Norte,015,27424,3620,3529,52,3581,41
2021-10-18,El Dorado,017,186661,15716,15452,1650,17102,149
2021-10-18,Fresno,019,978130,135797,133688,12351,146039,2063
2021-10-18,Glenn,021,27897,3432,3370,991,4361,32
2021-10-18,Humboldt,023,135768,8784,8699,503,9202,104
2021-10-18,Imperial,025,180216,32882,32558,3144,35702,764
2021-10-18,Inyo,027,18085,2129,2020,42,2062,40
2021-10-18,Kern,029,883053,124111,122231,20794,143025,1605
2021-10-18,Kings,031,150075,31297,30698,1853,32551,320
2021-10-18,Lake,033,64148,6570,6455,136,6591,104
2021-10-18,Lassen,035,31185,6711,6607,337,6944,26
2021-10-18,Los Angeles,037,10098052,1424095,1413291,53732,1467023,26446
2021-10-18,Madera,039,155013,22330,21909,1973,23882,277
2021-10-18,Marin,041,260295,17349,17232,437,17669,244
2021-10-18,Mariposa,043,17540,1213,1160,41,1201,5
2021-10-18,Mendocino,045,87422,7296,7156,457,7613,82
2021-10-18,Merced,047,269075,40865,40573,1766,42339,579
2021-10-18,Modoc,049,8938,519,498,184,682,5
2021-10-18,Mono,051,14174,1665,1648,21,1669,3
2021-10-18,Monterey,053,433212,48327,47389,2798,50187,583
2021-10-18,Napa,055,140530,12829,12762,108,12870,100
2021-10-18,Nevada,057,99092,8923,8816,310,9126,90
2021-10-18,Orange,059,3164182,303828,301573,14753,316326,5524
2021-10-18,Placer,061,380077,36138,35598,3525,39123,420
2021-10-18,Plumas,063,18699,1669,1579,32,1611,6
2021-10-18,Riverside,065,2383286,358126,353699,16307,370006,5008
2021-10-18,Sacramento,067,1510023,155575,154428,4338,158766,2203
2021-10-18,San Benito,069,59416,7275,7253,163,7416,71
2021-10-18,San Bernardino,071,2135413,349121,346742,10946,357688,5606
2021-10-18,San Diego,073,3302833,367473,364948,21582,386530,4169
2021-10-18,San Francisco,075,870044,52236,51671,2281,53952,644
2021-10-18,San Joaquin,077,732212,98011,97041,5314,102355,1721
2021-10-18,San Luis Obispo,079,281455,29072,28644,1200,29844,331
2021-10-18,San Mateo,081,765935,53484,52594,836,53430,571
2021-10-18,Santa Barbara,083,443738,43758,43386,1532,44918,522
2021-10-18,Santa Clara,085,1922200,145031,143891,1263,145154,1895
2021-10-18,Santa Cruz,087,273765,20102,19876,997,20873,218
2021-10-18,Shasta,089,179085,20598,20146,3456,23602,313
2021-10-18,Sierra,091,2930,174,166,18,184,0
2021-10-18,Siskiyou,093,43540,3296,3210,1244,4454,42
2021-10-18,Solano,095,438530,45414,44758,1227,45985,339
2021-10-18,Sonoma,097,501317,40667,40349,515,40864,392
2021-10-18,Stanislaus,099,539301,76432,76466,8649,85115,1145
2021-10-18,Sutter,101,95872,13611,13557,316,13873,172
2021-10-18,Tehama,103,63373,8161,8042,1401,9443,107
2021-10-18,Trinity,105,12862,825,688,210,898,11
2021-10-18,Tulare,107,460477,66588,65171,14266,79437,958
2021-10-18,Tuolumne,109,53932,6867,6755,85,6840,89
2021-10-18,Ventura,111,848112,97106,96506,4272,100778,1165
2021-10-18,Yolo,113,214977,19436,19197,1078,20275,248
2021-10-18,Yuba,115,75493,9894,9782,294,10076,82
2021-10-17,Alameda,001,1643700,117993,117423,2741,120164,1376
2021-10-17,Alpine,003,1148,101,103,0,103,0
2021-10-17,Amador,005,37829,5421,5341,58,5399,64
2021-10-17,Butte,007,227075,20222,19897,3617,23514,265
2021-10-17,Calaveras,009,45235,3864,3805,45,3850,80
2021-10-17,Colusa,011,21464,2479,2442,607,3049,18
2021-10-17,Contra Costa,013,1133247,98086,97485,2116,99601,995
2021-10-17,Del Norte,015,27424,3615,3526,52,3578,41
2021-10-17,El Dorado,017,186661,15658,15438,1643,17081,149
2021-10-17,Fresno,019,978130,135330,133429,12310,145739,2063
2021-10-17,Glenn,021,27897,3422,3364,986,4350,32
2021-10-17,Humboldt,023,135768,8764,8690,500,9190,104
2021-10-17,Imperial,025,180216,32799,32520,3137,35657,764
2021-10-17,Inyo,027,18085,2101,2000,42,2042,40
2021-10-17,Kern,029,883053,123761,122085,20694,142779,1603
2021-10-17,Kings,031,150075,31184,30636,1844,32480,315
2021-10-17,Lake,033,64148,6554,6437,136,6573,104
2021-10-17,Lassen,035,31185,6699,6605,333,6938,26
2021-10-17,Los Angeles,037,10098052,1422758,1412371,53656,1466027,26443
2021-10-17,Madera,039,155013,22268,21869,1962,23831,277
2021-10-17,Marin,041,260295,17327,17211,437,17648,243
2021-10-17,Mariposa,043,17540,1206,1150,41,1191,5
2021-10-17,Mendocino,045,87422,7267,7148,451,7599,82
2021-10-17,Merced,047,269075,40739,40531,1750,42281,579
2021-10-17,Modoc,049,8938,516,498,182,680,5
2021-10-17,Mono,051,14174,1663,1640,20,1660,3
2021-10-17,Monterey,053,433212,48286,47369,2788,50157,583
2021-10-17,Napa,055,140530,12814,12753,105,12858,100
2021-10-17,Nevada,057,99092,8906,8794,309,9103,90
2021-10-17,Orange,059,3164182,303513,301414,14720,316134,5524
2021-10-17,Placer,061,380077,36039,35559,3510,39069,420
2021-10-17,Plumas,063,18699,1645,1571,31,1602,6
2021-10-17,Riverside,065,2383286,357642,353500,16293,369793,5008
2021-10-17,Sacramento,067,1510023,155176,154080,4320,158400,2213
2021-10-17,San Benito,069,59416,7266,7250,162,7412,71
2021-10-17,San Bernardino,071,2135413,348691,346524,10926,357450,5597
2021-10-17,San Diego,073,3302833,366865,364675,21554,386229,4163
2021-10-17,San Francisco,075,870044,52164,51625,2271,53896,644
2021-10-17,San Joaquin,077,732212,97838,96950,5305,102255,1721
2021-10-17,San Luis Obispo,079,281455,29020,28604,1192,29796,331
2021-10-17,San Mateo,081,765935,53432,52541,832,53373,571
2021-10-17,Santa Barbara,083,443738,43695,43344,1531,44875,522
2021-10-17,Santa Clara,085,1922200,144855,143768,1254,145022,1895
2021-10-17,Santa Cruz,087,273765,20074,19861,995,20856,218
2021-10-17,Shasta,089,179085,20508,20116,3446,23562,312
2021-10-17,Sierra,091,2930,172,165,18,183,0
2021-10-17,Siskiyou,093,43540,3288,3204,1241,4445,42
2021-10-17,Solano,095,438530,45357,44722,1226,45948,340
2021-10-17,Sonoma,097,501317,40591,40306,514,40820,392
2021-10-17,Stanislaus,099,539301,76235,76354,8634,84988,1145
2021-10-17,Sutter,101,95872,13594,13543,314,13857,172
2021-10-17,Tehama,103,63373,8129,8015,1384,9399,107
2021-10-17,Trinity,105,12862,822,686,209,895,11
2021-10-17,Tulare,107,460477,66403,65057,14192,79249,958
2021-10-17,Tuolumne,109,53932,6832,6735,84,6819,89
2021-10-17,Ventura,111,848112,97006,96458,4269,100727,1165
2021-10-17,Yolo,113,214977,19394,19171,1069,20240,248
2021-10-17,Yuba,115,75493,9868,9771,292,10063,82
2021-10-16,Alameda,001,1643700,117902,117027,2739,119766,1365
2021-10-16,Alpine,003,1148,100,102,0,102,0
2021-10-16,Amador,005,37829,5414,5310,58,5368,64
2021-10-16,Butte,007,227075,20191,19612,3610,23222,260
2021-10-16,Calaveras,009,45235,3857,3771,45,3816,80
2021-10-16,Colusa,011,21464,2475,2431,604,3035,18
2021-10-16,Contra Costa,013,1133247,97995,97107,2109,99216,982
2021-10-16,Del Norte,015,27424,3612,3516,52,3568,41
2021-10-16,El Dorado,017,186661,15637,15315,1641,16956,149
2021-10-16,Fresno,019,978130,135177,132433,12293,144726,2051
2021-10-16,Glenn,021,27897,3416,3331,986,4317,26
2021-10-16,Humboldt,023,135768,8752,8621,495,9116,104
2021-10-16,Imperial,025,180216,32784,32368,3135,35503,764
2021-10-16,Inyo,027,18085,2087,1932,42,1974,39
2021-10-16,Kern,029,883053,123606,121354,20611,141965,1590
2021-10-16,Kings,031,150075,31138,30418,1841,32259,314
2021-10-16,Lake,033,64148,6543,6378,136,6514,104
2021-10-16,Lassen,035,31185,6690,6559,328,6887,26
2021-10-16,Los Angeles,037,10098052,1422108,1409418,53601,1463019,26398
2021-10-16,Madera,039,155013,22224,21707,1958,23665,277
2021-10-16,Marin,041,260295,17317,17148,437,17585,243
2021-10-16,Mariposa,043,17540,1203,1096,41,1137,5
2021-10-16,Mendocino,045,87422,7256,7099,451,7550,82
2021-10-16,Merced,047,269075,40706,40265,1748,42013,577
2021-10-16,Modoc,049,8938,513,492,182,674,5
2021-10-16,Mono,051,14174,1659,1628,20,1648,3
2021-10-16,Monterey,053,433212,48269,47293,2780,50073,582
2021-10-16,Napa,055,140530,12803,12706,105,12811,100
2021-10-16,Nevada,057,99092,8886,8739,309,9048,90
2021-10-16,Orange,059,3164182,303337,300722,14695,315417,5509
2021-10-16,Placer,061,380077,35955,35343,3504,38847,412
2021-10-16,Plumas,063,18699,1640,1542,30,1572,6
2021-10-16,Riverside,065,2383286,357373,352435,16281,368716,4990
2021-10-16,Sacramento,067,1510023,154976,153264,4316,157580,2192
2021-10-16,San Benito,069,59416,7253,7210,161,7371,71
2021-10-16,San Bernardino,071,2135413,348484,345418,10919,356337,5566
2021-10-16,San Diego,073,3302833,366542,363109,21538,384647,4151
2021-10-16,San Francisco,075,870044,52117,51436,2267,53703,645
2021-10-16,San Joaquin,077,732212,97766,96507,5302,101809,1708
2021-10-16,San Luis Obispo,079,281455,28994,28460,1191,29651,329
2021-10-16,San Mateo,081,765935,53383,52399,831,53230,569
2021-10-16,Santa Barbara,083,443738,43659,43175,1530,44705,521
2021-10-16,Santa Clara,085,1922200,144755,143282,1246,144528,1890
2021-10-16,Santa Cruz,087,273765,20059,19794,994,20788,218
2021-10-16,Shasta,089,179085,20458,19932,3435,23367,309
2021-10-16,Sierra,091,2930,170,160,18,178,0
2021-10-16,Siskiyou,093,43540,3286,3173,1234,4407,42
2021-10-16,Solano,095,438530,45331,44585,1222,45807,334
2021-10-16,Sonoma,097,501317,40551,40195,514,40709,390
2021-10-16,Stanislaus,099,539301,76150,75868,8624,84492,1142
2021-10-16,Sutter,101,95872,13575,13471,313,13784,169
2021-10-16,Tehama,103,63373,8116,7907,1379,9286,104
2021-10-16,Trinity,105,12862,822,679,209,888,11
2021-10-16,Tulare,107,460477,66265,64489,14160,78649,951
2021-10-16,Tuolumne,109,53932,6800,6666,84,6750,89
2021-10-16,Ventura,111,848112,96974,96181,4264,100445,1164
2021-10-16,Yolo,113,214977,19367,19078,1063,20141,247
2021-10-16,Yuba,115,75493,9844,9705,289,9994,82
2021-10-15,Alameda,001,1643700,117831,117027,2735,119762,1365
2021-10-15,Alpine,003,1148,100,102,0,102,0
2021-10-15,Amador,005,37829,5390,5310,58,5368,64
2021-10-15,Butte,007,227075,20154,19612,3603,23215,260
2021-10-15,Calaveras,009,45235,3851,3771,45,3816,80
2021-10-15,Colusa,011,21464,2473,2431,601,3032,18
2021-10-15,Contra Costa,013,1133247,97913,97107,2105,99212,982
2021-10-15,Del Norte,015,27424,3610,3516,52,3568,41
2021-10-15,El Dorado,017,186661,15617,15315,1636,16951,149
2021-10-15,Fresno,019,978130,134924,132433,12284,144717,2051
2021-10-15,Glenn,021,27897,3410,3331,985,4316,26
2021-10-15,Humboldt,023,135768,8743,8621,493,9114,104
2021-10-15,Imperial,025,180216,32737,32368,3131,35499,764
2021-10-15,Inyo,027,18085,2069,1932,42,1974,39
2021-10-15,Kern,029,883053,123470,121354,20536,141890,1590
2021-10-15,Kings,031,150075,31083,30418,1837,32255,314
2021-10-15,Lake,033,64148,6534,6378,136,6514,104
2021-10-15,Lassen,035,31185,6678,6559,327,6886,26
2021-10-15,Los Angeles,037,10098052,1421417,1409418,53552,1462970,26398
2021-10-15,Madera,039,155013,22180,21707,1950,23657,277
2021-10-15,Marin,041,260295,17306,17148,437,17585,243
2021-10-15,Mariposa,043,17540,1195,1096,41,1137,5
2021-10-15,Mendocino,045,87422,7241,7099,451,7550,82
2021-10-15,Merced,047,269075,40676,40265,1745,42010,577
2021-10-15,Modoc,049,8938,512,492,182,674,5
2021-10-15,Mono,051,14174,1656,1628,20,1648,3
2021-10-15,Monterey,053,433212,48247,47293,2778,50071,582
2021-10-15,Napa,055,140530,12799,12706,105,12811,100
2021-10-15,Nevada,057,99092,8871,8739,309,9048,90
2021-10-15,Orange,059,3164182,303169,300722,14676,315398,5509
2021-10-15,Placer,061,380077,35901,35343,3498,38841,412
2021-10-15,Plumas,063,18699,1632,1542,30,1572,6
2021-10-15,Riverside,065,2383286,357131,352435,16276,368711,4990
2021-10-15,Sacramento,067,1510023,154789,153264,4306,157570,2192
2021-10-15,San Benito,069,59416,7250,7210,161,7371,71
2021-10-15,San Bernardino,071,2135413,348249,345418,10916,356334,5566
2021-10-15,San Diego,073,3302833,366178,363109,21513,384622,4151
2021-10-15,San Francisco,075,870044,52076,51436,2260,53696,645
2021-10-15,San Joaquin,077,732212,97688,96507,5295,101802,1708
2021-10-15,San Luis Obispo,079,281455,28973,28460,1189,29649,329
2021-10-15,San Mateo,081,765935,53339,52399,830,53229,569
2021-10-15,Santa Barbara,083,443738,43621,43175,1530,44705,521
2021-10-15,Santa Clara,085,1922200,144633,143282,1238,144520,1890
2021-10-15,Santa Cruz,087,273765,20048,19794,994,20788,218
2021-10-15,Shasta,089,179085,20401,19932,3427,23359,309
2021-10-15,Sierra,091,2930,170,160,18,178,0
2021-10-15,Siskiyou,093,43540,3285,3173,1231,4404,42
2021-10-15,Solano,095,438530,45305,44585,1222,45807,334
2021-10-15,Sonoma,097,501317,40517,40195,513,40708,390
2021-10-15,Stanislaus,099,539301,76070,75868,8608,84476,1142
2021-10-15,Sutter,101,95872,13558,13471,311,13782,169
2021-10-15,Tehama,103,63373,8095,7907,1373,9280,104
2021-10-15,Trinity,105,12862,822,679,209,888,11
2021-10-15,Tulare,107,460477,66186,64489,14123,78612,951
2021-10-15,Tuolumne,109,53932,6777,6666,82,6748,89
2021-10-15,Ventura,111,848112,96932,96181,4261,100442,1164
2021-10-15,Yolo,113,214977,19352,19078,1059,20137,247
2021-10-15,Yuba,115,75493,9834,9705,288,9993,82
2021-10-14,Alameda,001,1643700,117721,117027,2730,119757,1365
2021-10-14,Alpine,003,1148,100,102,0,102,0
2021-10-14,Amador,005,37829,5379,5310,58,5368,64
2021-10-14,Butte,007,227075,20102,19612,3598,23210,260
2021-10-14,Calaveras,009,45235,3838,3771,44,3815,80
2021-10-14,Colusa,011,21464,2471,2431,599,3030,18
2021-10-14,Contra Costa,013,1133247,97778,97107,2097,99204,982
2021-10-14,Del Norte,015,27424,3604,3516,52,3568,41
2021-10-14,El Dorado,017,186661,15579,15315,1633,16948,149
2021-10-14,Fresno,019,978130,134629,132433,12253,144686,2051
2021-10-14,Glenn,021,27897,3405,3331,984,4315,26
2021-10-14,Humboldt,023,135768,8726,8621,490,9111,104
2021-10-14,Imperial,025,180216,32674,32368,3124,35492,764
2021-10-14,Inyo,027,18085,2050,1932,42,1974,39
2021-10-14,Kern,029,883053,123200,121354,20436,141790,1590
2021-10-14,Kings,031,150075,31018,30418,1829,32247,314
2021-10-14,Lake,033,64148,6513,6378,135,6513,104
2021-10-14,Lassen,035,31185,6672,6559,326,6885,26
2021-10-14,Los Angeles,037,10098052,1420434,1409418,53500,1462918,26398
2021-10-14,Madera,039,155013,22115,21707,1944,23651,277
2021-10-14,Marin,041,260295,17301,17148,435,17583,243
2021-10-14,Mariposa,043,17540,1182,1096,40,1136,5
2021-10-14,Mendocino,045,87422,7227,7099,449,7548,82
2021-10-14,Merced,047,269075,40588,40265,1731,41996,577
2021-10-14,Modoc,049,8938,512,492,182,674,5
2021-10-14,Mono,051,14174,1649,1628,20,1648,3
2021-10-14,Monterey,053,433212,48221,47293,2773,50066,582
2021-10-14,Napa,055,140530,12784,12706,105,12811,100
2021-10-14,Nevada,057,99092,8844,8739,307,9046,90
2021-10-14,Orange,059,3164182,302960,300722,14659,315381,5509
2021-10-14,Placer,061,380077,35834,35343,3484,38827,412
2021-10-14,Plumas,063,18699,1617,1542,30,1572,6
2021-10-14,Riverside,065,2383286,356734,352435,16265,368700,4990
2021-10-14,Sacramento,067,1510023,154537,153264,4284,157548,2192
2021-10-14,San Benito,069,59416,7239,7210,161,7371,71
2021-10-14,San Bernardino,071,2135413,347891,345418,10910,356328,5566
2021-10-14,San Diego,073,3302833,365730,363109,21486,384595,4151
2021-10-14,San Francisco,075,870044,52020,51436,2256,53692,645
2021-10-14,San Joaquin,077,732212,97559,96507,5286,101793,1708
2021-10-14,San Luis Obispo,079,281455,28929,28460,1185,29645,329
2021-10-14,San Mateo,081,765935,53291,52399,829,53228,569
2021-10-14,Santa Barbara,083,443738,43565,43175,1525,44700,521
2021-10-14,Santa Clara,085,1922200,144492,143282,1232,144514,1890
2021-10-14,Santa Cruz,087,273765,20025,19794,994,20788,218
2021-10-14,Shasta,089,179085,20344,19932,3415,23347,309
2021-10-14,Sierra,091,2930,169,160,18,178,0
2021-10-14,Siskiyou,093,43540,3282,3173,1223,4396,42
2021-10-14,Solano,095,438530,45255,44585,1214,45799,334
2021-10-14,Sonoma,097,501317,40466,40195,510,40705,390
2021-10-14,Stanislaus,099,539301,75924,75868,8595,84463,1142
2021-10-14,Sutter,101,95872,13538,13471,310,13781,169
2021-10-14,Tehama,103,63373,8064,7907,1366,9273,104
2021-10-14,Trinity,105,12862,821,679,208,887,11
2021-10-14,Tulare,107,460477,66002,64489,14075,78564,951
2021-10-14,Tuolumne,109,53932,6746,6666,81,6747,89
2021-10-14,Ventura,111,848112,96864,96181,4255,100436,1164
2021-10-14,Yolo,113,214977,19319,19078,1052,20130,247
2021-10-14,Yuba,115,75493,9820,9705,279,9984,82
2021-10-13,Alameda,001,1643700,117614,116914,2725,119639,1360
2021-10-13,Alpine,003,1148,100,102,0,102,0
2021-10-13,Amador,005,37829,5365,5305,58,5363,63
2021-10-13,Butte,007,227075,20027,19546,3593,23139,257
2021-10-13,Calaveras,009,45235,3817,3756,42,3798,79
2021-10-13,Colusa,011,21464,2464,2430,595,3025,18
2021-10-13,Contra Costa,013,1133247,97662,96975,2096,99071,969
2021-10-13,Del Norte,015,27424,3599,3512,52,3564,39
2021-10-13,El Dorado,017,186661,15555,15302,1628,16930,149
2021-10-13,Fresno,019,978130,134295,132055,12220,144275,2048
2021-10-13,Glenn,021,27897,3400,3327,980,4307,26
2021-10-13,Humboldt,023,135768,8715,8604,486,9090,102
2021-10-13,Imperial,025,180216,32614,32317,3121,35438,762
2021-10-13,Inyo,027,18085,2013,1907,42,1949,39
2021-10-13,Kern,029,883053,122956,120956,20341,141297,1586
2021-10-13,Kings,031,150075,30937,30246,1822,32068,312
2021-10-13,Lake,033,64148,6493,6371,135,6506,103
2021-10-13,Lassen,035,31185,6661,6535,320,6855,25
2021-10-13,Los Angeles,037,10098052,1419378,1408384,53443,1461827,26379
2021-10-13,Madera,039,155013,22062,21609,1930,23539,277
2021-10-13,Marin,041,260295,17277,17137,434,17571,243
2021-10-13,Mariposa,043,17540,1168,1090,40,1130,5
2021-10-13,Mendocino,045,87422,7211,7088,441,7529,82
2021-10-13,Merced,047,269075,40503,40164,1720,41884,577
2021-10-13,Modoc,049,8938,510,490,180,670,5
2021-10-13,Mono,051,14174,1649,1612,20,1632,3
2021-10-13,Monterey,053,433212,48202,47273,2766,50039,582
2021-10-13,Napa,055,140530,12773,12695,103,12798,100
2021-10-13,Nevada,057,99092,8822,8725,307,9032,90
2021-10-13,Orange,059,3164182,302752,300468,14643,315111,5503
2021-10-13,Placer,061,380077,35767,35254,3475,38729,412
2021-10-13,Plumas,063,18699,1603,1514,30,1544,6
2021-10-13,Riverside,065,2383286,356404,352044,16252,368296,4978
2021-10-13,Sacramento,067,1510023,154288,153141,4262,157403,2182
2021-10-13,San Benito,069,59416,7233,7196,160,7356,71
2021-10-13,San Bernardino,071,2135413,347566,344951,10893,355844,5562
2021-10-13,San Diego,073,3302833,365294,362564,21464,384028,4141
2021-10-13,San Francisco,075,870044,51978,51379,2252,53631,644
2021-10-13,San Joaquin,077,732212,97416,96343,5281,101624,1696
2021-10-13,San Luis Obispo,079,281455,28891,28397,1182,29579,330
2021-10-13,San Mateo,081,765935,53240,52352,825,53177,569
2021-10-13,Santa Barbara,083,443738,43513,43109,1525,44634,518
2021-10-13,Santa Clara,085,1922200,144354,143064,1231,144295,1886
2021-10-13,Santa Cruz,087,273765,19999,19763,993,20756,217
2021-10-13,Shasta,089,179085,20274,19802,3394,23196,307
2021-10-13,Sierra,091,2930,169,155,18,173,0
2021-10-13,Siskiyou,093,43540,3274,3173,1222,4395,42
2021-10-13,Solano,095,438530,45216,44558,1211,45769,334
2021-10-13,Sonoma,097,501317,40410,40122,510,40632,390
2021-10-13,Stanislaus,099,539301,75783,75698,8585,84283,1136
2021-10-13,Sutter,101,95872,13508,13458,308,13766,169
2021-10-13,Tehama,103,63373,8028,7849,1360,9209,103
2021-10-13,Trinity,105,12862,818,677,208,885,11
2021-10-13,Tulare,107,460477,65822,64297,14019,78316,945
2021-10-13,Tuolumne,109,53932,6732,6644,80,6724,89
2021-10-13,Ventura,111,848112,96790,96099,4249,100348,1162
2021-10-13,Yolo,113,214977,19290,19023,1050,20073,247
2021-10-13,Yuba,115,75493,9795,9690,265,9955,80
2021-10-12,Alameda,001,1643700,117510,116813,2721,119534,1357
2021-10-12,Alpine,003,1148,100,102,0,102,0
2021-10-12,Amador,005,37829,5354,5301,58,5359,63
2021-10-12,Butte,007,227075,19957,19506,3581,23087,256
2021-10-12,Calaveras,009,45235,3802,3750,42,3792,75
2021-10-12,Colusa,011,21464,2461,2428,593,3021,18
2021-10-12,Contra Costa,013,1133247,97547,96894,2087,98981,960
2021-10-12,Del Norte,015,27424,3593,3511,52,3563,39
2021-10-12,El Dorado,017,186661,15521,15287,1626,16913,148
2021-10-12,Fresno,019,978130,133932,131848,12189,144037,2042
2021-10-12,Glenn,021,27897,3385,3321,979,4300,26
2021-10-12,Humboldt,023,135768,8688,8587,480,9067,102
2021-10-12,Imperial,025,180216,32562,32267,3119,35386,762
2021-10-12,Inyo,027,18085,1981,1889,42,1931,39
2021-10-12,Kern,029,883053,122669,120826,20230,141056,1580
2021-10-12,Kings,031,150075,30863,30200,1811,32011,312
2021-10-12,Lake,033,64148,6478,6372,133,6505,97
2021-10-12,Lassen,035,31185,6651,6526,319,6845,25
2021-10-12,Los Angeles,037,10098052,1418311,1407462,53395,1460857,26362
2021-10-12,Madera,039,155013,21991,21574,1917,23491,277
2021-10-12,Marin,041,260295,17254,17126,434,17560,242
2021-10-12,Mariposa,043,17540,1154,1088,40,1128,5
2021-10-12,Mendocino,045,87422,7182,7077,438,7515,82
2021-10-12,Merced,047,269075,40424,40113,1714,41827,567
2021-10-12,Modoc,049,8938,505,485,179,664,5
2021-10-12,Mono,051,14174,1647,1608,20,1628,3
2021-10-12,Monterey,053,433212,48171,47254,2758,50012,582
2021-10-12,Napa,055,140530,12759,12671,103,12774,97
2021-10-12,Nevada,057,99092,8810,8720,306,9026,89
2021-10-12,Orange,059,3164182,302498,300256,14617,314873,5499
2021-10-12,Placer,061,380077,35704,35214,3467,38681,404
2021-10-12,Plumas,063,18699,1589,1488,29,1517,6
2021-10-12,Riverside,065,2383286,356078,351771,16238,368009,4973
2021-10-12,Sacramento,067,1510023,153983,152935,4237,157172,2170
2021-10-12,San Benito,069,59416,7219,7193,160,7353,71
2021-10-12,San Bernardino,071,2135413,347251,344788,10882,355670,5563
2021-10-12,San Diego,073,3302833,364771,362256,21435,383691,4137
2021-10-12,San Francisco,075,870044,51915,51301,2251,53552,643
2021-10-12,San Joaquin,077,732212,97279,96237,5276,101513,1690
2021-10-12,San Luis Obispo,079,281455,28844,28379,1181,29560,327
2021-10-12,San Mateo,081,765935,53190,52328,824,53152,569
2021-10-12,Santa Barbara,083,443738,43452,43076,1525,44601,515
2021-10-12,Santa Clara,085,1922200,144200,142954,1229,144183,1882
2021-10-12,Santa Cruz,087,273765,19974,19757,993,20750,218
2021-10-12,Shasta,089,179085,20200,19731,3373,23104,304
2021-10-12,Sierra,091,2930,169,153,18,171,0
2021-10-12,Siskiyou,093,43540,3263,3166,1216,4382,42
2021-10-12,Solano,095,438530,45174,44516,1205,45721,329
2021-10-12,Sonoma,097,501317,40369,40105,509,40614,390
2021-10-12,Stanislaus,099,539301,75631,75589,8572,84161,1126
2021-10-12,Sutter,101,95872,13485,13436,304,13740,168
2021-10-12,Tehama,103,63373,7996,7820,1356,9176,103
2021-10-12,Trinity,105,12862,815,676,208,884,11
2021-10-12,Tulare,107,460477,65637,64216,13962,78178,944
2021-10-12,Tuolumne,109,53932,6715,6637,79,6716,89
2021-10-12,Ventura,111,848112,96689,96022,4244,100266,1160
2021-10-12,Yolo,113,214977,19263,18987,1042,20029,247
2021-10-12,Yuba,115,75493,9780,9676,261,9937,70
2021-10-11,Alameda,001,1643700,117369,116759,2720,119479,1358
2021-10-11,Alpine,003,1148,100,102,0,102,0
2021-10-11,Amador,005,37829,5342,5286,58,5344,62
2021-10-11,Butte,007,227075,19898,19452,3576,23028,253
2021-10-11,Calaveras,009,45235,3781,3750,42,3792,75
2021-10-11,Colusa,011,21464,2457,2427,585,3012,18
2021-10-11,Contra Costa,013,1133247,97411,96832,2082,98914,960
2021-10-11,Del Norte,015,27424,3590,3510,48,3558,39
2021-10-11,El Dorado,017,186661,15492,15273,1622,16895,146
2021-10-11,Fresno,019,978130,133602,131703,12154,143857,2036
2021-10-11,Glenn,021,27897,3368,3308,976,4284,26
2021-10-11,Humboldt,023,135768,8663,8571,473,9044,101
2021-10-11,Imperial,025,180216,32512,32207,3113,35320,762
2021-10-11,Inyo,027,18085,1958,1862,41,1903,39
2021-10-11,Kern,029,883053,122433,120684,20134,140818,1575
2021-10-11,Kings,031,150075,30774,30180,1801,31981,309
2021-10-11,Lake,033,64148,6462,6361,129,6490,97
2021-10-11,Lassen,035,31185,6631,6499,316,6815,25
2021-10-11,Los Angeles,037,10098052,1417263,1406826,53344,1460170,26346
2021-10-11,Madera,039,155013,21934,21555,1900,23455,272
2021-10-11,Marin,041,260295,17236,17121,430,17551,242
2021-10-11,Mariposa,043,17540,1124,1083,39,1122,5
2021-10-11,Mendocino,045,87422,7166,7064,434,7498,82
2021-10-11,Merced,047,269075,40308,40064,1689,41753,566
2021-10-11,Modoc,049,8938,502,482,176,658,5
2021-10-11,Mono,051,14174,1637,1604,20,1624,3
2021-10-11,Monterey,053,433212,48142,47241,2751,49992,580
2021-10-11,Napa,055,140530,12736,12654,101,12755,96
2021-10-11,Nevada,057,99092,8790,8716,305,9021,90
2021-10-11,Orange,059,3164182,302270,299941,14587,314528,5499
2021-10-11,Placer,061,380077,35635,35173,3450,38623,404
2021-10-11,Plumas,063,18699,1571,1469,27,1496,6
2021-10-11,Riverside,065,2383286,355734,351444,16233,367677,4973
2021-10-11,Sacramento,067,1510023,153693,152681,4206,156887,2169
2021-10-11,San Benito,069,59416,7198,7184,158,7342,71
2021-10-11,San Bernardino,071,2135413,346865,344594,10874,355468,5549
2021-10-11,San Diego,073,3302833,364250,361712,21403,383115,4124
2021-10-11,San Francisco,075,870044,51844,51275,2247,53522,643
2021-10-11,San Joaquin,077,732212,97125,96152,5265,101417,1681
2021-10-11,San Luis Obispo,079,281455,28797,28355,1176,29531,327
2021-10-11,San Mateo,081,765935,53142,52298,823,53121,569
2021-10-11,Santa Barbara,083,443738,43405,43018,1524,44542,515
2021-10-11,Santa Clara,085,1922200,144038,142836,1225,144061,1882
2021-10-11,Santa Cruz,087,273765,19950,19745,992,20737,217
2021-10-11,Shasta,089,179085,20121,19662,3357,23019,295
2021-10-11,Sierra,091,2930,166,147,17,164,0
2021-10-11,Siskiyou,093,43540,3256,3159,1212,4371,42
2021-10-11,Solano,095,438530,45125,44474,1202,45676,329
2021-10-11,Sonoma,097,501317,40324,40067,509,40576,390
2021-10-11,Stanislaus,099,539301,75459,75478,8551,84029,1118
2021-10-11,Sutter,101,95872,13466,13427,302,13729,165
2021-10-11,Tehama,103,63373,7955,7795,1347,9142,102
2021-10-11,Trinity,105,12862,809,675,207,882,11
2021-10-11,Tulare,107,460477,65457,64094,13895,77989,942
2021-10-11,Tuolumne,109,53932,6677,6602,79,6681,89
2021-10-11,Ventura,111,848112,96592,95876,4237,100113,1160
2021-10-11,Yolo,113,214977,19217,18977,1039,20016,247
2021-10-11,Yuba,115,75493,9763,9657,249,9906,69
2021-10-10,Alameda,001,1643700,117250,116679,2716,119395,1358
2021-10-10,Alpine,003,1148,100,102,0,102,0
2021-10-10,Amador,005,37829,5328,5278,58,5336,62
2021-10-10,Butte,007,227075,19834,19430,3562,22992,253
2021-10-10,Calaveras,009,45235,3769,3747,42,3789,75
2021-10-10,Colusa,011,21464,2456,2425,584,3009,18
2021-10-10,Contra Costa,013,1133247,97312,96760,2076,98836,960
2021-10-10,Del Norte,015,27424,3586,3507,48,3555,39
2021-10-10,El Dorado,017,186661,15461,15250,1616,16866,146
2021-10-10,Fresno,019,978130,133272,131434,12122,143556,2035
2021-10-10,Glenn,021,27897,3364,3297,974,4271,26
2021-10-10,Humboldt,023,135768,8641,8554,469,9023,101
2021-10-10,Imperial,025,180216,32438,32167,3112,35279,762
2021-10-10,Inyo,027,18085,1937,1857,41,1898,39
2021-10-10,Kern,029,883053,122107,120552,20030,140582,1573
2021-10-10,Kings,031,150075,30685,30122,1791,31913,308
2021-10-10,Lake,033,64148,6446,6349,128,6477,97
2021-10-10,Lassen,035,31185,6611,6495,315,6810,26
2021-10-10,Los Angeles,037,10098052,1416074,1406034,53270,1459304,26338
2021-10-10,Madera,039,155013,21888,21486,1891,23377,272
2021-10-10,Marin,041,260295,17219,17112,430,17542,242
2021-10-10,Mariposa,043,17540,1121,1074,39,1113,5
2021-10-10,Mendocino,045,87422,7151,7060,426,7486,81
2021-10-10,Merced,047,269075,40223,40036,1671,41707,566
2021-10-10,Modoc,049,8938,502,482,176,658,5
2021-10-10,Mono,051,14174,1636,1596,20,1616,3
2021-10-10,Monterey,053,433212,48112,47228,2750,49978,580
2021-10-10,Napa,055,140530,12713,12641,101,12742,96
2021-10-10,Nevada,057,99092,8778,8689,305,8994,90
2021-10-10,Orange,059,3164182,302008,299787,14559,314346,5499
2021-10-10,Placer,061,380077,35542,35128,3438,38566,404
2021-10-10,Plumas,063,18699,1555,1468,25,1493,6
2021-10-10,Riverside,065,2383286,355361,351248,16214,367462,4973
2021-10-10,Sacramento,067,1510023,153427,152405,4189,156594,2178
2021-10-10,San Benito,069,59416,7193,7180,157,7337,71
2021-10-10,San Bernardino,071,2135413,346559,344423,10866,355289,5551
2021-10-10,San Diego,073,3302833,363724,361038,21356,382394,4113
2021-10-10,San Francisco,075,870044,51797,51216,2244,53460,643
2021-10-10,San Joaquin,077,732212,96954,96084,5248,101332,1681
2021-10-10,San Luis Obispo,079,281455,28753,28343,1176,29519,326
2021-10-10,San Mateo,081,765935,53100,52273,822,53095,569
2021-10-10,Santa Barbara,083,443738,43358,42987,1523,44510,515
2021-10-10,Santa Clara,085,1922200,143873,142768,1218,143986,1881
2021-10-10,Santa Cruz,087,273765,19930,19727,992,20719,217
2021-10-10,Shasta,089,179085,20033,19635,3348,22983,296
2021-10-10,Sierra,091,2930,164,147,17,164,0
2021-10-10,Siskiyou,093,43540,3242,3155,1205,4360,42
2021-10-10,Solano,095,438530,45069,44431,1202,45633,329
2021-10-10,Sonoma,097,501317,40272,40027,509,40536,390
2021-10-10,Stanislaus,099,539301,75282,75403,8537,83940,1118
2021-10-10,Sutter,101,95872,13442,13412,297,13709,165
2021-10-10,Tehama,103,63373,7917,7764,1338,9102,102
2021-10-10,Trinity,105,12862,808,669,206,875,11
2021-10-10,Tulare,107,460477,65285,63930,13845,77775,940
2021-10-10,Tuolumne,109,53932,6653,6580,78,6658,89
2021-10-10,Ventura,111,848112,96503,95829,4237,100066,1160
2021-10-10,Yolo,113,214977,19185,18952,1034,19986,247
2021-10-10,Yuba,115,75493,9747,9641,244,9885,69
2021-10-09,Alameda,001,1643700,117151,116253,2714,118967,1356
2021-10-09,Alpine,003,1148,99,102,0,102,0
2021-10-09,Amador,005,37829,5326,5237,57,5294,62
2021-10-09,Butte,007,227075,19803,19277,3559,22836,250
2021-10-09,Calaveras,009,45235,3765,3716,42,3758,75
2021-10-09,Colusa,011,21464,2452,2419,583,3002,18
2021-10-09,Contra Costa,013,1133247,97241,96378,2070,98448,958
2021-10-09,Del Norte,015,27424,3585,3495,48,3543,39
2021-10-09,El Dorado,017,186661,15443,15153,1613,16766,144
2021-10-09,Fresno,019,978130,133140,130508,12103,142611,2018
2021-10-09,Glenn,021,27897,3360,3277,972,4249,26
2021-10-09,Humboldt,023,135768,8627,8448,467,8915,97
2021-10-09,Imperial,025,180216,32404,31989,3110,35099,760
2021-10-09,Inyo,027,18085,1928,1808,41,1849,39
2021-10-09,Kern,029,883053,121968,119795,20003,139798,1559
2021-10-09,Kings,031,150075,30636,29894,1789,31683,308
2021-10-09,Lake,033,64148,6427,6283,127,6410,97
2021-10-09,Lassen,035,31185,6606,6442,314,6756,25
2021-10-09,Los Angeles,037,10098052,1415485,1402810,53231,1456041,26280
2021-10-09,Madera,039,155013,21855,21313,1877,23190,271
2021-10-09,Marin,041,260295,17214,17049,428,17477,242
2021-10-09,Mariposa,043,17540,1114,1042,38,1080,5
2021-10-09,Mendocino,045,87422,7144,7011,425,7436,82
2021-10-09,Merced,047,269075,40181,39784,1671,41455,565
2021-10-09,Modoc,049,8938,500,477,175,652,5
2021-10-09,Mono,051,14174,1633,1577,20,1597,3
2021-10-09,Monterey,053,433212,48100,47168,2747,49915,577
2021-10-09,Napa,055,140530,12709,12586,101,12687,96
2021-10-09,Nevada,057,99092,8767,8613,304,8917,90
2021-10-09,Orange,059,3164182,301827,299089,14540,313629,5457
2021-10-09,Placer,061,380077,35504,34877,3431,38308,393
2021-10-09,Plumas,063,18699,1544,1418,25,1443,6
2021-10-09,Riverside,065,2383286,355110,350082,16197,366279,4965
2021-10-09,Sacramento,067,1510023,153217,151566,4176,155742,2160
2021-10-09,San Benito,069,59416,7185,7123,157,7280,71
2021-10-09,San Bernardino,071,2135413,346375,343452,10862,354314,5556
2021-10-09,San Diego,073,3302833,363409,359909,21351,381260,4111
2021-10-09,San Francisco,075,870044,51749,50960,2237,53197,643
2021-10-09,San Joaquin,077,732212,96888,95606,5243,100849,1669
2021-10-09,San Luis Obispo,079,281455,28736,28197,1174,29371,324
2021-10-09,San Mateo,081,765935,53069,52121,821,52942,569
2021-10-09,Santa Barbara,083,443738,43331,42735,1523,44258,514
2021-10-09,Santa Clara,085,1922200,143750,142298,1212,143510,1873
2021-10-09,Santa Cruz,087,273765,19920,19635,991,20626,217
2021-10-09,Shasta,089,179085,19983,19437,3343,22780,290
2021-10-09,Sierra,091,2930,161,141,17,158,0
2021-10-09,Siskiyou,093,43540,3241,3124,1204,4328,42
2021-10-09,Solano,095,438530,45052,44265,1201,45466,329
2021-10-09,Sonoma,097,501317,40228,39848,508,40356,387
2021-10-09,Stanislaus,099,539301,75192,74899,8527,83426,1114
2021-10-09,Sutter,101,95872,13433,13314,295,13609,165
2021-10-09,Tehama,103,63373,7906,7670,1333,9003,99
2021-10-09,Trinity,105,12862,807,660,206,866,11
2021-10-09,Tulare,107,460477,65177,63398,13823,77221,932
2021-10-09,Tuolumne,109,53932,6634,6521,78,6599,89
2021-10-09,Ventura,111,848112,96449,95542,4234,99776,1158
2021-10-09,Yolo,113,214977,19163,18850,1031,19881,247
2021-10-09,Yuba,115,75493,9735,9551,242,9793,69
2021-10-08,Alameda,001,1643700,117070,116253,2711,118964,1356
2021-10-08,Alpine,003,1148,99,102,0,102,0
2021-10-08,Amador,005,37829,5313,5237,57,5294,62
2021-10-08,Butte,007,227075,19774,19277,3555,22832,250
2021-10-08,Calaveras,009,45235,3760,3716,42,3758,75
2021-10-08,Colusa,011,21464,2450,2419,583,3002,18
2021-10-08,Contra Costa,013,1133247,97197,96378,2065,98443,958
2021-10-08,Del Norte,015,27424,3584,3495,48,3543,39
2021-10-08,El Dorado,017,186661,15423,15153,1609,16762,144
2021-10-08,Fresno,019,978130,132943,130508,12082,142590,2018
2021-10-08,Glenn,021,27897,3352,3277,970,4247,26
2021-10-08,Humboldt,023,135768,8616,8448,464,8912,97
2021-10-08,Imperial,025,180216,32374,31989,3106,35095,760
2021-10-08,Inyo,027,18085,1910,1808,41,1849,39
2021-10-08,Kern,029,883053,121831,119795,19961,139756,1559
2021-10-08,Kings,031,150075,30542,29894,1788,31682,308
2021-10-08,Lake,033,64148,6419,6283,127,6410,97
2021-10-08,Lassen,035,31185,6592,6442,311,6753,25
2021-10-08,Los Angeles,037,10098052,1414824,1402810,53194,1456004,26280
2021-10-08,Madera,039,155013,21796,21313,1870,23183,271
2021-10-08,Marin,041,260295,17203,17049,427,17476,242
2021-10-08,Mariposa,043,17540,1107,1042,36,1078,5
2021-10-08,Mendocino,045,87422,7131,7011,425,7436,82
2021-10-08,Merced,047,269075,40149,39784,1668,41452,565
2021-10-08,Modoc,049,8938,498,477,175,652,5
2021-10-08,Mono,051,14174,1630,1577,20,1597,3
2021-10-08,Monterey,053,433212,48073,47168,2745,49913,577
2021-10-08,Napa,055,140530,12693,12586,101,12687,96
2021-10-08,Nevada,057,99092,8754,8613,304,8917,90
2021-10-08,Orange,059,3164182,301680,299089,14520,313609,5457
2021-10-08,Placer,061,380077,35466,34877,3423,38300,393
2021-10-08,Plumas,063,18699,1532,1418,25,1443,6
2021-10-08,Riverside,065,2383286,354841,350082,16186,366268,4965
2021-10-08,Sacramento,067,1510023,153052,151566,4162,155728,2160
2021-10-08,San Benito,069,59416,7181,7123,155,7278,71
2021-10-08,San Bernardino,071,2135413,346167,343452,10854,354306,5556
2021-10-08,San Diego,073,3302833,363074,359909,21332,381241,4111
2021-10-08,San Francisco,075,870044,51702,50960,2228,53188,643
2021-10-08,San Joaquin,077,732212,96820,95606,5237,100843,1669
2021-10-08,San Luis Obispo,079,281455,28709,28197,1173,29370,324
2021-10-08,San Mateo,081,765935,53041,52121,821,52942,569
2021-10-08,Santa Barbara,083,443738,43296,42735,1522,44257,514
2021-10-08,Santa Clara,085,1922200,143637,142298,1207,143505,1873
2021-10-08,Santa Cruz,087,273765,19905,19635,991,20626,217
2021-10-08,Shasta,089,179085,19941,19437,3337,22774,290
2021-10-08,Sierra,091,2930,159,141,15,156,0
2021-10-08,Siskiyou,093,43540,3233,3124,1203,4327,42
2021-10-08,Solano,095,438530,45013,44265,1200,45465,329
2021-10-08,Sonoma,097,501317,40192,39848,508,40356,387
2021-10-08,Stanislaus,099,539301,75123,74899,8518,83417,1114
2021-10-08,Sutter,101,95872,13419,13314,293,13607,165
2021-10-08,Tehama,103,63373,7889,7670,1331,9001,99
2021-10-08,Trinity,105,12862,806,660,206,866,11
2021-10-08,Tulare,107,460477,65059,63398,13791,77189,932
2021-10-08,Tuolumne,109,53932,6611,6521,78,6599,89
2021-10-08,Ventura,111,848112,96398,95542,4228,99770,1158
2021-10-08,Yolo,113,214977,19150,18850,1027,19877,247
2021-10-08,Yuba,115,75493,9715,9551,241,9792,69
2021-10-07,Alameda,001,1643700,116950,116253,2710,118963,1356
2021-10-07,Alpine,003,1148,99,102,0,102,0
2021-10-07,Amador,005,37829,5306,5237,57,5294,62
2021-10-07,Butte,007,227075,19725,19277,3544,22821,250
2021-10-07,Calaveras,009,45235,3748,3716,42,3758,75
2021-10-07,Colusa,011,21464,2447,2419,577,2996,18
2021-10-07,Contra Costa,013,1133247,97073,96378,2061,98439,958
2021-10-07,Del Norte,015,27424,3581,3495,48,3543,39
2021-10-07,El Dorado,017,186661,15387,15153,1605,16758,144
2021-10-07,Fresno,019,978130,132668,130508,12058,142566,2018
2021-10-07,Glenn,021,27897,3345,3277,968,4245,26
2021-10-07,Humboldt,023,135768,8590,8448,461,8909,97
2021-10-07,Imperial,025,180216,32303,31989,3093,35082,760
2021-10-07,Inyo,027,18085,1891,1808,41,1849,39
2021-10-07,Kern,029,883053,121600,119795,19895,139690,1559
2021-10-07,Kings,031,150075,30477,29894,1782,31676,308
2021-10-07,Lake,033,64148,6408,6283,127,6410,97
2021-10-07,Lassen,035,31185,6574,6442,309,6751,25
2021-10-07,Los Angeles,037,10098052,1413866,1402810,53149,1455959,26280
2021-10-07,Madera,039,155013,21723,21313,1856,23169,271
2021-10-07,Marin,041,260295,17185,17049,427,17476,242
2021-10-07,Mariposa,043,17540,1099,1042,36,1078,5
2021-10-07,Mendocino,045,87422,7121,7011,421,7432,82
2021-10-07,Merced,047,269075,40082,39784,1651,41435,565
2021-10-07,Modoc,049,8938,495,477,174,651,5
2021-10-07,Mono,051,14174,1621,1577,20,1597,3
2021-10-07,Monterey,053,433212,48048,47168,2736,49904,577
2021-10-07,Napa,055,140530,12678,12586,101,12687,96
2021-10-07,Nevada,057,99092,8726,8613,304,8917,90
2021-10-07,Orange,059,3164182,301454,299089,14506,313595,5457
2021-10-07,Placer,061,380077,35404,34877,3416,38293,393
2021-10-07,Plumas,063,18699,1515,1418,25,1443,6
2021-10-07,Riverside,065,2383286,354508,350082,16174,366256,4965
2021-10-07,Sacramento,067,1510023,152770,151566,4135,155701,2160
2021-10-07,San Benito,069,59416,7165,7123,153,7276,71
2021-10-07,San Bernardino,071,2135413,345896,343452,10846,354298,5556
2021-10-07,San Diego,073,3302833,362662,359909,21311,381220,4111
2021-10-07,San Francisco,075,870044,51632,50960,2225,53185,643
2021-10-07,San Joaquin,077,732212,96666,95606,5229,100835,1669
2021-10-07,San Luis Obispo,079,281455,28658,28197,1171,29368,324
2021-10-07,San Mateo,081,765935,53001,52121,819,52940,569
2021-10-07,Santa Barbara,083,443738,43228,42735,1516,44251,514
2021-10-07,Santa Clara,085,1922200,143486,142298,1201,143499,1873
2021-10-07,Santa Cruz,087,273765,19885,19635,990,20625,217
2021-10-07,Shasta,089,179085,19852,19437,3322,22759,290
2021-10-07,Sierra,091,2930,158,141,15,156,0
2021-10-07,Siskiyou,093,43540,3229,3124,1198,4322,42
2021-10-07,Solano,095,438530,44968,44265,1196,45461,329
2021-10-07,Sonoma,097,501317,40155,39848,506,40354,387
2021-10-07,Stanislaus,099,539301,74961,74899,8493,83392,1114
2021-10-07,Sutter,101,95872,13397,13314,290,13604,165
2021-10-07,Tehama,103,63373,7856,7670,1325,8995,99
2021-10-07,Trinity,105,12862,804,660,206,866,11
2021-10-07,Tulare,107,460477,64893,63398,13753,77151,932
2021-10-07,Tuolumne,109,53932,6589,6521,78,6599,89
2021-10-07,Ventura,111,848112,96325,95542,4225,99767,1158
2021-10-07,Yolo,113,214977,19117,18850,1022,19872,247
2021-10-07,Yuba,115,75493,9689,9551,234,9785,69
2021-10-06,Alameda,001,1643700,116814,116058,2704,118762,1353
2021-10-06,Alpine,003,1148,99,102,0,102,0
2021-10-06,Amador,005,37829,5303,5205,57,5262,62
2021-10-06,Butte,007,227075,19662,19208,3537,22745,247
2021-10-06,Calaveras,009,45235,3739,3669,42,3711,75
2021-10-06,Colusa,011,21464,2445,2414,570,2984,18
2021-10-06,Contra Costa,013,1133247,96946,96184,2057,98241,953
2021-10-06,Del Norte,015,27424,3578,3490,45,3535,39
2021-10-06,El Dorado,017,186661,15362,15078,1602,16680,140
2021-10-06,Fresno,019,978130,132378,130074,12033,142107,2008
2021-10-06,Glenn,021,27897,3336,3270,966,4236,26
2021-10-06,Humboldt,023,135768,8575,8416,454,8870,94
2021-10-06,Imperial,025,180216,32250,31930,3082,35012,760
2021-10-06,Inyo,027,18085,1876,1806,41,1847,39
2021-10-06,Kern,029,883053,121343,119491,19802,139293,1552
2021-10-06,Kings,031,150075,30411,29785,1774,31559,308
2021-10-06,Lake,033,64148,6394,6271,127,6398,97
2021-10-06,Lassen,035,31185,6558,6429,308,6737,25
2021-10-06,Los Angeles,037,10098052,1412906,1401675,53101,1454776,26252
2021-10-06,Madera,039,155013,21668,21230,1846,23076,269
2021-10-06,Marin,041,260295,17176,17042,424,17466,242
2021-10-06,Mariposa,043,17540,1092,1036,36,1072,5
2021-10-06,Mendocino,045,87422,7112,6986,419,7405,81
2021-10-06,Merced,047,269075,40007,39666,1639,41305,563
2021-10-06,Modoc,049,8938,495,477,172,649,5
2021-10-06,Mono,051,14174,1609,1568,20,1588,3
2021-10-06,Monterey,053,433212,48015,47136,2731,49867,577
2021-10-06,Napa,055,140530,12654,12552,100,12652,96
2021-10-06,Nevada,057,99092,8710,8582,303,8885,90
2021-10-06,Orange,059,3164182,301216,298785,14493,313278,5448
2021-10-06,Placer,061,380077,35353,34764,3410,38174,390
2021-10-06,Plumas,063,18699,1492,1383,25,1408,6
2021-10-06,Riverside,065,2383286,354152,349645,16153,365798,4953
2021-10-06,Sacramento,067,1510023,152517,151164,4104,155268,2141
2021-10-06,San Benito,069,59416,7150,7108,153,7261,69
2021-10-06,San Bernardino,071,2135413,345603,343022,10840,353862,5551
2021-10-06,San Diego,073,3302833,362163,359564,21283,380847,4104
2021-10-06,San Francisco,075,870044,51569,50894,2222,53116,641
2021-10-06,San Joaquin,077,732212,96532,95418,5217,100635,1658
2021-10-06,San Luis Obispo,079,281455,28608,28170,1165,29335,323
2021-10-06,San Mateo,081,765935,52951,52056,814,52870,569
2021-10-06,Santa Barbara,083,443738,43145,42687,1514,44201,513
2021-10-06,Santa Clara,085,1922200,143335,142124,1196,143320,1872
2021-10-06,Santa Cruz,087,273765,19856,19604,988,20592,217
2021-10-06,Shasta,089,179085,19777,19325,3309,22634,287
2021-10-06,Sierra,091,2930,156,138,15,153,0
2021-10-06,Siskiyou,093,43540,3219,3116,1191,4307,42
2021-10-06,Solano,095,438530,44934,44185,1195,45380,328
2021-10-06,Sonoma,097,501317,40105,39787,505,40292,383
2021-10-06,Stanislaus,099,539301,74819,74699,8480,83179,1114
2021-10-06,Sutter,101,95872,13376,13284,288,13572,164
2021-10-06,Tehama,103,63373,7820,7629,1318,8947,99
2021-10-06,Trinity,105,12862,801,656,206,862,11
2021-10-06,Tulare,107,460477,64713,63198,13693,76891,926
2021-10-06,Tuolumne,109,53932,6564,6486,78,6564,89
2021-10-06,Ventura,111,848112,96234,95449,4217,99666,1158
2021-10-06,Yolo,113,214977,19085,18815,1017,19832,247
2021-10-06,Yuba,115,75493,9665,9520,233,9753,69
2021-10-05,Alameda,001,1643700,116670,115968,2699,118667,1350
2021-10-05,Alpine,003,1148,99,102,0,102,0
2021-10-05,Amador,005,37829,5282,5194,56,5250,61
2021-10-05,Butte,007,227075,19613,19137,3527,22664,246
2021-10-05,Calaveras,009,45235,3723,3657,42,3699,73
2021-10-05,Colusa,011,21464,2438,2414,569,2983,18
2021-10-05,Contra Costa,013,1133247,96830,96108,2051,98159,941
2021-10-05,Del Norte,015,27424,3576,3485,44,3529,39
2021-10-05,El Dorado,017,186661,15323,15052,1599,16651,140
2021-10-05,Fresno,019,978130,132038,129957,11996,141953,1987
2021-10-05,Glenn,021,27897,3326,3270,963,4233,26
2021-10-05,Humboldt,023,135768,8544,8398,450,8848,94
2021-10-05,Imperial,025,180216,32202,31909,3077,34986,759
2021-10-05,Inyo,027,18085,1859,1800,41,1841,39
2021-10-05,Kern,029,883053,121078,119260,19700,138960,1540
2021-10-05,Kings,031,150075,30336,29749,1768,31517,301
2021-10-05,Lake,033,64148,6373,6264,126,6390,97
2021-10-05,Lassen,035,31185,6539,6417,306,6723,25
2021-10-05,Los Angeles,037,10098052,1411762,1400300,53048,1453348,26223
2021-10-05,Madera,039,155013,21610,21183,1833,23016,269
2021-10-05,Marin,041,260295,17164,17024,424,17448,242
2021-10-05,Mariposa,043,17540,1073,1033,33,1066,5
2021-10-05,Mendocino,045,87422,7096,6972,412,7384,79
2021-10-05,Merced,047,269075,39941,39608,1631,41239,562
2021-10-05,Modoc,049,8938,491,475,171,646,5
2021-10-05,Mono,051,14174,1601,1565,20,1585,3
2021-10-05,Monterey,053,433212,47998,47087,2721,49808,573
2021-10-05,Napa,055,140530,12630,12533,100,12633,96
2021-10-05,Nevada,057,99092,8680,8576,303,8879,90
2021-10-05,Orange,059,3164182,300939,298589,14461,313050,5441
2021-10-05,Placer,061,380077,35273,34728,3403,38131,382
2021-10-05,Plumas,063,18699,1467,1357,25,1382,6
2021-10-05,Riverside,065,2383286,353792,349365,16138,365503,4942
2021-10-05,Sacramento,067,1510023,152243,151111,4076,155187,2126
2021-10-05,San Benito,069,59416,7132,7103,151,7254,69
2021-10-05,San Bernardino,071,2135413,345274,342711,10833,353544,5557
2021-10-05,San Diego,073,3302833,361579,359194,21256,380450,4092
2021-10-05,San Francisco,075,870044,51472,50826,2219,53045,641
2021-10-05,San Joaquin,077,732212,96379,95276,5190,100466,1651
2021-10-05,San Luis Obispo,079,281455,28564,28113,1163,29276,324
2021-10-05,San Mateo,081,765935,52905,52008,814,52822,569
2021-10-05,Santa Barbara,083,443738,43067,42595,1510,44105,511
2021-10-05,Santa Clara,085,1922200,143177,141971,1189,143160,1873
2021-10-05,Santa Cruz,087,273765,19814,19582,988,20570,216
2021-10-05,Shasta,089,179085,19703,19285,3296,22581,286
2021-10-05,Sierra,091,2930,152,136,15,151,0
2021-10-05,Siskiyou,093,43540,3205,3107,1191,4298,42
2021-10-05,Solano,095,438530,44863,44149,1193,45342,325
2021-10-05,Sonoma,097,501317,40050,39756,500,40256,383
2021-10-05,Stanislaus,099,539301,74657,74599,8463,83062,1114
2021-10-05,Sutter,101,95872,13348,13270,287,13557,164
2021-10-05,Tehama,103,63373,7790,7607,1309,8916,98
2021-10-05,Trinity,105,12862,798,655,206,861,11
2021-10-05,Tulare,107,460477,64506,63093,13639,76732,920
2021-10-05,Tuolumne,109,53932,6549,6473,77,6550,89
2021-10-05,Ventura,111,848112,96128,95351,4216,99567,1155
2021-10-05,Yolo,113,214977,19049,18782,1011,19793,245
2021-10-05,Yuba,115,75493,9633,9504,230,9734,69
2021-10-04,Alameda,001,1643700,116507,115845,2696,118541,1347
2021-10-04,Alpine,003,1148,99,102,0,102,0
2021-10-04,Amador,005,37829,5272,5163,55,5218,61
2021-10-04,Butte,007,227075,19536,19081,3515,22596,245
2021-10-04,Calaveras,009,45235,3714,3641,42,3683,73
2021-10-04,Colusa,011,21464,2437,2414,567,2981,18
2021-10-04,Contra Costa,013,1133247,96689,95958,2046,98004,937
2021-10-04,Del Norte,015,27424,3574,3485,40,3525,39
2021-10-04,El Dorado,017,186661,15276,15031,1592,16623,138
2021-10-04,Fresno,019,978130,131728,129665,11966,141631,1978
2021-10-04,Glenn,021,27897,3319,3270,960,4230,26
2021-10-04,Humboldt,023,135768,8512,8355,442,8797,94
2021-10-04,Imperial,025,180216,32153,31866,3070,34936,757
2021-10-04,Inyo,027,18085,1847,1792,38,1830,39
2021-10-04,Kern,029,883053,120787,118984,19579,138563,1531
2021-10-04,Kings,031,150075,30243,29702,1765,31467,303
2021-10-04,Lake,033,64148,6360,6248,126,6374,97
2021-10-04,Lassen,035,31185,6522,6405,306,6711,25
2021-10-04,Los Angeles,037,10098052,1410647,1399604,52988,1452592,26186
2021-10-04,Madera,039,155013,21546,21126,1821,22947,266
2021-10-04,Marin,041,260295,17148,17008,423,17431,242
2021-10-04,Mariposa,043,17540,1061,1024,33,1057,5
2021-10-04,Mendocino,045,87422,7078,6947,409,7356,79
2021-10-04,Merced,047,269075,39826,39565,1615,41180,558
2021-10-04,Modoc,049,8938,488,473,171,644,5
2021-10-04,Mono,051,14174,1594,1561,20,1581,3
2021-10-04,Monterey,053,433212,47977,47058,2714,49772,571
2021-10-04,Napa,055,140530,12606,12506,100,12606,96
2021-10-04,Nevada,057,99092,8660,8563,303,8866,90
2021-10-04,Orange,059,3164182,300643,298165,14429,312594,5438
2021-10-04,Placer,061,380077,35191,34630,3375,38005,379
2021-10-04,Plumas,063,18699,1445,1329,25,1354,6
2021-10-04,Riverside,065,2383286,353412,348828,16128,364956,4923
2021-10-04,Sacramento,067,1510023,151919,150887,4049,154936,2115
2021-10-04,San Benito,069,59416,7119,7099,151,7250,69
2021-10-04,San Bernardino,071,2135413,344914,342418,10821,353239,5551
2021-10-04,San Diego,073,3302833,361000,358525,21225,379750,4090
2021-10-04,San Francisco,075,870044,51377,50798,2215,53013,638
2021-10-04,San Joaquin,077,732212,96182,95198,5170,100368,1649
2021-10-04,San Luis Obispo,079,281455,28519,28090,1157,29247,323
2021-10-04,San Mateo,081,765935,52845,51958,813,52771,569
2021-10-04,Santa Barbara,083,443738,42982,42585,1509,44094,511
2021-10-04,Santa Clara,085,1922200,143033,141840,1183,143023,1869
2021-10-04,Santa Cruz,087,273765,19785,19559,987,20546,216
2021-10-04,Shasta,089,179085,19596,19170,3282,22452,279
2021-10-04,Sierra,091,2930,145,136,14,150,0
2021-10-04,Siskiyou,093,43540,3196,3103,1176,4279,42
2021-10-04,Solano,095,438530,44804,44092,1189,45281,322
2021-10-04,Sonoma,097,501317,39984,39720,500,40220,381
2021-10-04,Stanislaus,099,539301,74505,74444,8444,82888,1106
2021-10-04,Sutter,101,95872,13319,13261,286,13547,164
2021-10-04,Tehama,103,63373,7749,7585,1303,8888,95
2021-10-04,Trinity,105,12862,797,649,205,854,11
2021-10-04,Tulare,107,460477,64315,62957,13570,76527,920
2021-10-04,Tuolumne,109,53932,6523,6442,77,6519,89
2021-10-04,Ventura,111,848112,96036,95170,4210,99380,1153
2021-10-04,Yolo,113,214977,19005,18761,1007,19768,242
2021-10-04,Yuba,115,75493,9594,9481,228,9709,68
2021-10-03,Alameda,001,1643700,116366,115751,2686,118437,1349
2021-10-03,Alpine,003,1148,99,102,0,102,0
2021-10-03,Amador,005,37829,5254,5160,53,5213,61
2021-10-03,Butte,007,227075,19463,19066,3498,22564,245
2021-10-03,Calaveras,009,45235,3697,3632,42,3674,73
2021-10-03,Colusa,011,21464,2436,2413,564,2977,18
2021-10-03,Contra Costa,013,1133247,96557,95890,2039,97929,937
2021-10-03,Del Norte,015,27424,3568,3483,39,3522,39
2021-10-03,El Dorado,017,186661,15218,15014,1585,16599,139
2021-10-03,Fresno,019,978130,131347,129365,11924,141289,1978
2021-10-03,Glenn,021,27897,3312,3266,952,4218,26
2021-10-03,Humboldt,023,135768,8467,8352,438,8790,94
2021-10-03,Imperial,025,180216,32086,31844,3062,34906,757
2021-10-03,Inyo,027,18085,1826,1788,38,1826,39
2021-10-03,Kern,029,883053,120482,118851,19457,138308,1535
2021-10-03,Kings,031,150075,30142,29623,1758,31381,300
2021-10-03,Lake,033,64148,6334,6239,126,6365,97
2021-10-03,Lassen,035,31185,6500,6400,304,6704,25
2021-10-03,Los Angeles,037,10098052,1409377,1398790,52933,1451723,26179
2021-10-03,Madera,039,155013,21474,21066,1811,22877,266
2021-10-03,Marin,041,260295,17125,16995,418,17413,242
2021-10-03,Mariposa,043,17540,1054,1011,33,1044,5
2021-10-03,Mendocino,045,87422,7058,6939,400,7339,79
2021-10-03,Merced,047,269075,39719,39516,1595,41111,558
2021-10-03,Modoc,049,8938,487,472,170,642,5
2021-10-03,Mono,051,14174,1590,1554,20,1574,3
2021-10-03,Monterey,053,433212,47952,47049,2703,49752,571
2021-10-03,Napa,055,140530,12578,12489,98,12587,96
2021-10-03,Nevada,057,99092,8625,8545,303,8848,90
2021-10-03,Orange,059,3164182,300361,298027,14409,312436,5447
2021-10-03,Placer,061,380077,35052,34596,3358,37954,379
2021-10-03,Plumas,063,18699,1417,1328,25,1353,6
2021-10-03,Riverside,065,2383286,352981,348593,16108,364701,4924
2021-10-03,Sacramento,067,1510023,151630,150664,4020,154684,2120
2021-10-03,San Benito,069,59416,7110,7095,151,7246,69
2021-10-03,San Bernardino,071,2135413,344504,342302,10814,353116,5555
2021-10-03,San Diego,073,3302833,360404,358153,21193,379346,4081
2021-10-03,San Francisco,075,870044,51289,50733,2212,52945,638
2021-10-03,San Joaquin,077,732212,95993,95133,5162,100295,1649
2021-10-03,San Luis Obispo,079,281455,28452,28065,1152,29217,325
2021-10-03,San Mateo,081,765935,52778,51923,812,52735,569
2021-10-03,Santa Barbara,083,443738,42886,42550,1501,44051,511
2021-10-03,Santa Clara,085,1922200,142863,141737,1175,142912,1869
2021-10-03,Santa Cruz,087,273765,19745,19548,985,20533,216
2021-10-03,Shasta,089,179085,19491,19132,3253,22385,279
2021-10-03,Sierra,091,2930,142,136,14,150,0
2021-10-03,Siskiyou,093,43540,3183,3096,1165,4261,42
2021-10-03,Solano,095,438530,44740,44051,1186,45237,322
2021-10-03,Sonoma,097,501317,39918,39679,500,40179,381
2021-10-03,Stanislaus,099,539301,74318,74366,8426,82792,1106
2021-10-03,Sutter,101,95872,13304,13248,282,13530,164
2021-10-03,Tehama,103,63373,7706,7564,1298,8862,94
2021-10-03,Trinity,105,12862,793,647,203,850,11
2021-10-03,Tulare,107,460477,64113,62860,13495,76355,924
2021-10-03,Tuolumne,109,53932,6494,6430,75,6505,89
2021-10-03,Ventura,111,848112,95931,95108,4207,99315,1153
2021-10-03,Yolo,113,214977,18976,18720,999,19719,242
2021-10-03,Yuba,115,75493,9575,9462,227,9689,68
2021-10-02,Alameda,001,1643700,116259,115185,2682,117867,1343
2021-10-02,Alpine,003,1148,99,102,0,102,0
2021-10-02,Amador,005,37829,5245,5105,53,5158,61
2021-10-02,Butte,007,227075,19432,18911,3491,22402,243
2021-10-02,Calaveras,009,45235,3690,3585,42,3627,72
2021-10-02,Colusa,011,21464,2435,2403,562,2965,18
2021-10-02,Contra Costa,013,1133247,96486,95369,2035,97404,933
2021-10-02,Del Norte,015,27424,3563,3468,39,3507,39
2021-10-02,El Dorado,017,186661,15192,14887,1584,16471,136
2021-10-02,Fresno,019,978130,131176,128450,11911,140361,1964
2021-10-02,Glenn,021,27897,3307,3234,952,4186,26
2021-10-02,Humboldt,023,135768,8448,8244,438,8682,94
2021-10-02,Imperial,025,180216,32051,31674,3059,34733,757
2021-10-02,Inyo,027,18085,1817,1746,38,1784,39
2021-10-02,Kern,029,883053,120349,117962,19375,137337,1524
2021-10-02,Kings,031,150075,30093,29339,1754,31093,301
2021-10-02,Lake,033,64148,6325,6191,126,6317,97
2021-10-02,Lassen,035,31185,6495,6360,304,6664,25
2021-10-02,Los Angeles,037,10098052,1408770,1395070,52896,1447966,26126
2021-10-02,Madera,039,155013,21449,20931,1802,22733,266
2021-10-02,Marin,041,260295,17120,16936,415,17351,242
2021-10-02,Mariposa,043,17540,1052,967,33,1000,5
2021-10-02,Mendocino,045,87422,7048,6869,400,7269,78
2021-10-02,Merced,047,269075,39692,39196,1591,40787,552
2021-10-02,Modoc,049,8938,485,468,170,638,5
2021-10-02,Mono,051,14174,1588,1540,20,1560,3
2021-10-02,Monterey,053,433212,47897,46964,2702,49666,571
2021-10-02,Napa,055,140530,12567,12433,98,12531,96
2021-10-02,Nevada,057,99092,8614,8474,302,8776,87
2021-10-02,Orange,059,3164182,300196,297307,14389,311696,5435
2021-10-02,Placer,061,380077,34986,34377,3349,37726,381
2021-10-02,Plumas,063,18699,1406,1298,25,1323,6
2021-10-02,Riverside,065,2383286,352740,347227,16097,363324,4895
2021-10-02,Sacramento,067,1510023,151456,149897,4012,153909,2099
2021-10-02,San Benito,069,59416,7103,7055,151,7206,69
2021-10-02,San Bernardino,071,2135413,344321,341212,10762,351974,5540
2021-10-02,San Diego,073,3302833,360082,356454,21171,377625,4078
2021-10-02,San Francisco,075,870044,51240,50393,2207,52600,634
2021-10-02,San Joaquin,077,732212,95928,94599,5156,99755,1646
2021-10-02,San Luis Obispo,079,281455,28428,27915,1152,29067,323
2021-10-02,San Mateo,081,765935,52737,51767,808,52575,573
2021-10-02,Santa Barbara,083,443738,42846,42423,1501,43924,508
2021-10-02,Santa Clara,085,1922200,142749,141231,1171,142402,1862
2021-10-02,Santa Cruz,087,273765,19728,19461,984,20445,214
2021-10-02,Shasta,089,179085,19445,18912,3247,22159,270
2021-10-02,Sierra,091,2930,141,131,14,145,0
2021-10-02,Siskiyou,093,43540,3182,3053,1162,4215,42
2021-10-02,Solano,095,438530,44695,43800,1185,44985,321
2021-10-02,Sonoma,097,501317,39884,39497,499,39996,382
2021-10-02,Stanislaus,099,539301,74232,73859,8413,82272,1099
2021-10-02,Sutter,101,95872,13295,13160,281,13441,160
2021-10-02,Tehama,103,63373,7691,7453,1298,8751,93
2021-10-02,Trinity,105,12862,790,625,203,828,10
2021-10-02,Tulare,107,460477,64039,62247,13468,75715,908
2021-10-02,Tuolumne,109,53932,6480,6369,75,6444,89
2021-10-02,Ventura,111,848112,95859,94854,4202,99056,1148
2021-10-02,Yolo,113,214977,18951,18640,995,19635,242
2021-10-02,Yuba,115,75493,9556,9370,226,9596,66
2021-10-01,Alameda,001,1643700,116182,115185,2675,117860,1343
2021-10-01,Alpine,003,1148,99,102,0,102,0
2021-10-01,Amador,005,37829,5225,5105,53,5158,61
2021-10-01,Butte,007,227075,19391,18911,3485,22396,243
2021-10-01,Calaveras,009,45235,3680,3585,42,3627,72
2021-10-01,Colusa,011,21464,2433,2403,562,2965,18
2021-10-01,Contra Costa,013,1133247,96389,95369,2031,97400,933
2021-10-01,Del Norte,015,27424,3560,3468,38,3506,39
2021-10-01,El Dorado,017,186661,15175,14887,1580,16467,136
2021-10-01,Fresno,019,978130,130988,128450,11901,140351,1964
2021-10-01,Glenn,021,27897,3305,3234,951,4185,26
2021-10-01,Humboldt,023,135768,8431,8244,438,8682,94
2021-10-01,Imperial,025,180216,32033,31674,3050,34724,757
2021-10-01,Inyo,027,18085,1808,1746,38,1784,39
2021-10-01,Kern,029,883053,120196,117962,19317,137279,1524
2021-10-01,Kings,031,150075,30059,29339,1748,31087,301
2021-10-01,Lake,033,64148,6315,6191,126,6317,97
2021-10-01,Lassen,035,31185,6484,6360,303,6663,25
2021-10-01,Los Angeles,037,10098052,1408009,1395070,52851,1447921,26126
2021-10-01,Madera,039,155013,21399,20931,1793,22724,266
2021-10-01,Marin,041,260295,17105,16936,414,17350,242
2021-10-01,Mariposa,043,17540,1045,967,33,1000,5
2021-10-01,Mendocino,045,87422,7036,6869,400,7269,78
2021-10-01,Merced,047,269075,39648,39196,1582,40778,552
2021-10-01,Modoc,049,8938,484,468,170,638,5
2021-10-01,Mono,051,14174,1585,1540,20,1560,3
2021-10-01,Monterey,053,433212,47876,46964,2699,49663,571
2021-10-01,Napa,055,140530,12557,12433,97,12530,96
2021-10-01,Nevada,057,99092,8600,8474,301,8775,87
2021-10-01,Orange,059,3164182,300012,297307,14369,311676,5435
2021-10-01,Placer,061,380077,34952,34377,3345,37722,381
2021-10-01,Plumas,063,18699,1397,1298,25,1323,6
2021-10-01,Riverside,065,2383286,352447,347227,16089,363316,4895
2021-10-01,Sacramento,067,1510023,151303,149897,4001,153898,2099
2021-10-01,San Benito,069,59416,7101,7055,149,7204,69
2021-10-01,San Bernardino,071,2135413,344121,341212,10759,351971,5540
2021-10-01,San Diego,073,3302833,359715,356454,21150,377604,4078
2021-10-01,San Francisco,075,870044,51199,50393,2205,52598,634
2021-10-01,San Joaquin,077,732212,95858,94599,5152,99751,1646
2021-10-01,San Luis Obispo,079,281455,28404,27915,1149,29064,323
2021-10-01,San Mateo,081,765935,52697,51767,805,52572,573
2021-10-01,Santa Barbara,083,443738,42810,42423,1501,43924,508
2021-10-01,Santa Clara,085,1922200,142656,141231,1166,142397,1862
2021-10-01,Santa Cruz,087,273765,19708,19461,983,20444,214
2021-10-01,Shasta,089,179085,19391,18912,3239,22151,270
2021-10-01,Sierra,091,2930,141,131,14,145,0
2021-10-01,Siskiyou,093,43540,3181,3053,1159,4212,42
2021-10-01,Solano,095,438530,44643,43800,1179,44979,321
2021-10-01,Sonoma,097,501317,39852,39497,498,39995,382
2021-10-01,Stanislaus,099,539301,74148,73859,8402,82261,1099
2021-10-01,Sutter,101,95872,13279,13160,279,13439,160
2021-10-01,Tehama,103,63373,7679,7453,1296,8749,93
2021-10-01,Trinity,105,12862,788,625,203,828,10
2021-10-01,Tulare,107,460477,63936,62247,13433,75680,908
2021-10-01,Tuolumne,109,53932,6463,6369,75,6444,89
2021-10-01,Ventura,111,848112,95792,94854,4197,99051,1148
2021-10-01,Yolo,113,214977,18927,18640,991,19631,242
2021-10-01,Yuba,115,75493,9534,9370,226,9596,66
2021-09-30,Alameda,001,1643700,116036,115185,2672,117857,1343
2021-09-30,Alpine,003,1148,99,102,0,102,0
2021-09-30,Amador,005,37829,5213,5105,53,5158,61
2021-09-30,Butte,007,227075,19342,18911,3476,22387,243
2021-09-30,Calaveras,009,45235,3666,3585,42,3627,72
2021-09-30,Colusa,011,21464,2430,2403,561,2964,18
2021-09-30,Contra Costa,013,1133247,96284,95369,2025,97394,933
2021-09-30,Del Norte,015,27424,3556,3468,35,3503,39
2021-09-30,El Dorado,017,186661,15149,14887,1572,16459,136
2021-09-30,Fresno,019,978130,130712,128450,11867,140317,1964
2021-09-30,Glenn,021,27897,3295,3234,949,4183,26
2021-09-30,Humboldt,023,135768,8399,8244,432,8676,94
2021-09-30,Imperial,025,180216,31981,31674,3048,34722,757
2021-09-30,Inyo,027,18085,1798,1746,38,1784,39
2021-09-30,Kern,029,883053,119952,117962,19235,137197,1524
2021-09-30,Kings,031,150075,29969,29339,1744,31083,301
2021-09-30,Lake,033,64148,6297,6191,126,6317,97
2021-09-30,Lassen,035,31185,6470,6360,303,6663,25
2021-09-30,Los Angeles,037,10098052,1406804,1395070,52791,1447861,26126
2021-09-30,Madera,039,155013,21316,20931,1778,22709,266
2021-09-30,Marin,041,260295,17085,16936,413,17349,242
2021-09-30,Mariposa,043,17540,1023,967,33,1000,5
2021-09-30,Mendocino,045,87422,7027,6869,391,7260,78
2021-09-30,Merced,047,269075,39551,39196,1578,40774,552
2021-09-30,Modoc,049,8938,484,468,169,637,5
2021-09-30,Mono,051,14174,1577,1540,20,1560,3
2021-09-30,Monterey,053,433212,47846,46964,2687,49651,571
2021-09-30,Napa,055,140530,12537,12433,97,12530,96
2021-09-30,Nevada,057,99092,8583,8474,300,8774,87
2021-09-30,Orange,059,3164182,299740,297307,14330,311637,5435
2021-09-30,Placer,061,380077,34898,34377,3325,37702,381
2021-09-30,Plumas,063,18699,1379,1298,25,1323,6
2021-09-30,Riverside,065,2383286,352014,347227,16068,363295,4895
2021-09-30,Sacramento,067,1510023,151042,149897,3975,153872,2099
2021-09-30,San Benito,069,59416,7095,7055,149,7204,69
2021-09-30,San Bernardino,071,2135413,343810,341212,10745,351957,5540
2021-09-30,San Diego,073,3302833,359221,356454,21124,377578,4078
2021-09-30,San Francisco,075,870044,51122,50393,2201,52594,634
2021-09-30,San Joaquin,077,732212,95728,94599,5144,99743,1646
2021-09-30,San Luis Obispo,079,281455,28356,27915,1145,29060,323
2021-09-30,San Mateo,081,765935,52648,51767,802,52569,573
2021-09-30,Santa Barbara,083,443738,42753,42423,1500,43923,508
2021-09-30,Santa Clara,085,1922200,142505,141231,1163,142394,1862
2021-09-30,Santa Cruz,087,273765,19668,19461,982,20443,214
2021-09-30,Shasta,089,179085,19329,18912,3224,22136,270
2021-09-30,Sierra,091,2930,140,131,14,145,0
2021-09-30,Siskiyou,093,43540,3173,3053,1154,4207,42
2021-09-30,Solano,095,438530,44589,43800,1176,44976,321
2021-09-30,Sonoma,097,501317,39803,39497,498,39995,382
2021-09-30,Stanislaus,099,539301,73988,73859,8383,82242,1099
2021-09-30,Sutter,101,95872,13258,13160,279,13439,160
2021-09-30,Tehama,103,63373,7642,7453,1284,8737,93
2021-09-30,Trinity,105,12862,784,625,203,828,10
2021-09-30,Tulare,107,460477,63760,62247,13375,75622,908
2021-09-30,Tuolumne,109,53932,6440,6369,75,6444,89
2021-09-30,Ventura,111,848112,95687,94854,4190,99044,1148
2021-09-30,Yolo,113,214977,18888,18640,988,19628,242
2021-09-30,Yuba,115,75493,9511,9370,225,9595,66
2021-09-29,Alameda,001,1643700,115890,114998,2669,117667,1339
2021-09-29,Alpine,003,1148,99,101,0,101,0
2021-09-29,Amador,005,37829,5191,5058,53,5111,61
2021-09-29,Butte,007,227075,19288,18835,3469,22304,242
2021-09-29,Calaveras,009,45235,3649,3553,41,3594,72
2021-09-29,Colusa,011,21464,2428,2401,561,2962,18
2021-09-29,Contra Costa,013,1133247,96170,95213,2017,97230,929
2021-09-29,Del Norte,015,27424,3550,3467,35,3502,39
2021-09-29,El Dorado,017,186661,15115,14834,1565,16399,136
2021-09-29,Fresno,019,978130,130412,128068,11846,139914,1957
2021-09-29,Glenn,021,27897,3290,3213,947,4160,26
2021-09-29,Humboldt,023,135768,8375,8203,431,8634,94
2021-09-29,Imperial,025,180216,31914,31600,3043,34643,757
2021-09-29,Inyo,027,18085,1788,1740,37,1777,39
2021-09-29,Kern,029,883053,119717,117605,19159,136764,1513
2021-09-29,Kings,031,150075,29887,29195,1729,30924,299
2021-09-29,Lake,033,64148,6277,6164,126,6290,97
2021-09-29,Lassen,035,31185,6456,6347,303,6650,25
2021-09-29,Los Angeles,037,10098052,1405592,1393617,52719,1446336,26098
2021-09-29,Madera,039,155013,21271,20818,1762,22580,266
2021-09-29,Marin,041,260295,17067,16921,411,17332,242
2021-09-29,Mariposa,043,17540,1008,963,33,996,5
2021-09-29,Mendocino,045,87422,7015,6821,383,7204,78
2021-09-29,Merced,047,269075,39457,39026,1567,40593,552
2021-09-29,Modoc,049,8938,482,468,169,637,5
2021-09-29,Mono,051,14174,1575,1527,20,1547,3
2021-09-29,Monterey,053,433212,47808,46917,2673,49590,571
2021-09-29,Napa,055,140530,12517,12416,93,12509,96
2021-09-29,Nevada,057,99092,8570,8434,300,8734,87
2021-09-29,Orange,059,3164182,299471,296936,14294,311230,5429
2021-09-29,Placer,061,380077,34834,34271,3302,37573,379
2021-09-29,Plumas,063,18699,1360,1289,25,1314,6
2021-09-29,Riverside,065,2383286,351580,346558,16055,362613,4886
2021-09-29,Sacramento,067,1510023,150791,149686,3965,153651,2099
2021-09-29,San Benito,069,59416,7084,7039,149,7188,69
2021-09-29,San Bernardino,071,2135413,343487,340672,10731,351403,5539
2021-09-29,San Diego,073,3302833,358719,355899,21094,376993,4066
2021-09-29,San Francisco,075,870044,51037,50286,2197,52483,629
2021-09-29,San Joaquin,077,732212,95570,94356,5122,99478,1645
2021-09-29,San Luis Obispo,079,281455,28310,27800,1139,28939,323
2021-09-29,San Mateo,081,765935,52588,51673,800,52473,573
2021-09-29,Santa Barbara,083,443738,42681,42328,1497,43825,507
2021-09-29,Santa Clara,085,1922200,142370,141036,1157,142193,1861
2021-09-29,Santa Cruz,087,273765,19650,19425,981,20406,214
2021-09-29,Shasta,089,179085,19263,18805,3212,22017,271
2021-09-29,Sierra,091,2930,136,130,14,144,0
2021-09-29,Siskiyou,093,43540,3160,3043,1147,4190,42
2021-09-29,Solano,095,438530,44533,43724,1169,44893,321
2021-09-29,Sonoma,097,501317,39742,39426,496,39922,370
2021-09-29,Stanislaus,099,539301,73857,73634,8372,82006,1096
2021-09-29,Sutter,101,95872,13231,13135,276,13411,155
2021-09-29,Tehama,103,63373,7612,7409,1269,8678,88
2021-09-29,Trinity,105,12862,780,616,203,819,10
2021-09-29,Tulare,107,460477,63588,62046,13316,75362,908
2021-09-29,Tuolumne,109,53932,6423,6336,75,6411,89
2021-09-29,Ventura,111,848112,95597,94753,4186,98939,1144
2021-09-29,Yolo,113,214977,18855,18587,983,19570,239
2021-09-29,Yuba,115,75493,9480,9351,221,9572,66
2021-09-28,Alameda,001,1643700,115732,114869,2663,117532,1333
2021-09-28,Alpine,003,1148,99,101,0,101,0
2021-09-28,Amador,005,37829,5169,5049,53,5102,61
2021-09-28,Butte,007,227075,19238,18764,3456,22220,241
2021-09-28,Calaveras,009,45235,3629,3530,41,3571,72
2021-09-28,Colusa,011,21464,2425,2399,559,2958,18
2021-09-28,Contra Costa,013,1133247,96029,95115,2012,97127,929
2021-09-28,Del Norte,015,27424,3547,3462,35,3497,39
2021-09-28,El Dorado,017,186661,15069,14793,1561,16354,133
2021-09-28,Fresno,019,978130,130067,127877,11812,139689,1948
2021-09-28,Glenn,021,27897,3285,3205,946,4151,26
2021-09-28,Humboldt,023,135768,8334,8159,428,8587,91
2021-09-28,Imperial,025,180216,31869,31543,3039,34582,757
2021-09-28,Inyo,027,18085,1774,1708,36,1744,39
2021-09-28,Kern,029,883053,119448,117420,19064,136484,1506
2021-09-28,Kings,031,150075,29785,29141,1721,30862,295
2021-09-28,Lake,033,64148,6262,6155,126,6281,95
2021-09-28,Lassen,035,31185,6450,6340,299,6639,25
2021-09-28,Los Angeles,037,10098052,1404297,1392445,52650,1445095,26068
2021-09-28,Madera,039,155013,21217,20764,1746,22510,266
2021-09-28,Marin,041,260295,17048,16887,409,17296,242
2021-09-28,Mariposa,043,17540,1003,952,33,985,5
2021-09-28,Mendocino,045,87422,6993,6804,381,7185,78
2021-09-28,Merced,047,269075,39370,38953,1554,40507,551
2021-09-28,Modoc,049,8938,481,467,169,636,5
2021-09-28,Mono,051,14174,1565,1527,20,1547,3
2021-09-28,Monterey,053,433212,47771,46859,2664,49523,571
2021-09-28,Napa,055,140530,12500,12388,92,12480,96
2021-09-28,Nevada,057,99092,8547,8409,299,8708,84
2021-09-28,Orange,059,3164182,299219,296596,14266,310862,5421
2021-09-28,Placer,061,380077,34769,34187,3284,37471,370
2021-09-28,Plumas,063,18699,1351,1276,25,1301,6
2021-09-28,Riverside,065,2383286,351121,346096,16034,362130,4874
2021-09-28,Sacramento,067,1510023,150501,149310,3943,153253,2086
2021-09-28,San Benito,069,59416,7067,7028,148,7176,69
2021-09-28,San Bernardino,071,2135413,343139,340342,10714,351056,5540
2021-09-28,San Diego,073,3302833,358159,355373,21062,376435,4054
2021-09-28,San Francisco,075,870044,50936,50234,2196,52430,627
2021-09-28,San Joaquin,077,732212,95416,94194,5109,99303,1639
2021-09-28,San Luis Obispo,079,281455,28276,27755,1134,28889,321
2021-09-28,San Mateo,081,765935,52543,51620,799,52419,571
2021-09-28,Santa Barbara,083,443738,42608,42226,1496,43722,506
2021-09-28,Santa Clara,085,1922200,142209,140886,1148,142034,1858
2021-09-28,Santa Cruz,087,273765,19609,19324,980,20304,214
2021-09-28,Shasta,089,179085,19202,18701,3198,21899,267
2021-09-28,Sierra,091,2930,135,130,13,143,0
2021-09-28,Siskiyou,093,43540,3148,3032,1144,4176,42
2021-09-28,Solano,095,438530,44460,43652,1166,44818,316
2021-09-28,Sonoma,097,501317,39695,39395,495,39890,370
2021-09-28,Stanislaus,099,539301,73686,73528,8360,81888,1094
2021-09-28,Sutter,101,95872,13212,13102,272,13374,155
2021-09-28,Tehama,103,63373,7594,7382,1254,8636,88
2021-09-28,Trinity,105,12862,777,613,203,816,10
2021-09-28,Tulare,107,460477,63429,61916,13257,75173,905
2021-09-28,Tuolumne,109,53932,6397,6308,75,6383,89
2021-09-28,Ventura,111,848112,95471,94632,4183,98815,1143
2021-09-28,Yolo,113,214977,18829,18564,980,19544,239
2021-09-28,Yuba,115,75493,9461,9323,220,9543,66
2021-09-27,Alameda,001,1643700,115539,114731,2654,117385,1327
2021-09-27,Alpine,003,1148,99,101,0,101,0
2021-09-27,Amador,005,37829,5155,5017,53,5070,59
2021-09-27,Butte,007,227075,19180,18687,3440,22127,239
2021-09-27,Calaveras,009,45235,3609,3514,40,3554,70
2021-09-27,Colusa,011,21464,2424,2393,558,2951,18
2021-09-27,Contra Costa,013,1133247,95898,94979,2003,96982,924
2021-09-27,Del Norte,015,27424,3545,3468,33,3501,37
2021-09-27,El Dorado,017,186661,15030,14764,1554,16318,132
2021-09-27,Fresno,019,978130,129746,127475,11777,139252,1942
2021-09-27,Glenn,021,27897,3272,3189,942,4131,26
2021-09-27,Humboldt,023,135768,8294,8118,428,8546,91
2021-09-27,Imperial,025,180216,31806,31491,3032,34523,756
2021-09-27,Inyo,027,18085,1762,1698,36,1734,39
2021-09-27,Kern,029,883053,119173,117064,18966,136030,1503
2021-09-27,Kings,031,150075,29687,28998,1709,30707,297
2021-09-27,Lake,033,64148,6242,6126,124,6250,95
2021-09-27,Lassen,035,31185,6435,6327,295,6622,25
2021-09-27,Los Angeles,037,10098052,1402960,1391538,52581,1444119,26040
2021-09-27,Madera,039,155013,21152,20691,1738,22429,262
2021-09-27,Marin,041,260295,17027,16861,408,17269,242
2021-09-27,Mariposa,043,17540,993,931,33,964,5
2021-09-27,Mendocino,045,87422,6967,6761,374,7135,74
2021-09-27,Merced,047,269075,39270,38840,1548,40388,548
2021-09-27,Modoc,049,8938,480,465,167,632,5
2021-09-27,Mono,051,14174,1553,1525,20,1545,3
2021-09-27,Monterey,053,433212,47728,46811,2652,49463,571
2021-09-27,Napa,055,140530,12476,12354,91,12445,95
2021-09-27,Nevada,057,99092,8523,8379,296,8675,84
2021-09-27,Orange,059,3164182,298914,296334,14235,310569,5409
2021-09-27,Placer,061,380077,34682,34087,3279,37366,370
2021-09-27,Plumas,063,18699,1341,1269,25,1294,6
2021-09-27,Riverside,065,2383286,350679,345529,16024,361553,4864
2021-09-27,Sacramento,067,1510023,150183,149096,3921,153017,2076
2021-09-27,San Benito,069,59416,7050,7017,148,7165,67
2021-09-27,San Bernardino,071,2135413,342725,339952,10689,350641,5544
2021-09-27,San Diego,073,3302833,357501,354755,21037,375792,4054
2021-09-27,San Francisco,075,870044,50852,50157,2192,52349,622
2021-09-27,San Joaquin,077,732212,95231,94085,5106,99191,1633
2021-09-27,San Luis Obispo,079,281455,28221,27674,1131,28805,320
2021-09-27,San Mateo,081,765935,52467,51552,799,52351,571
2021-09-27,Santa Barbara,083,443738,42541,42012,1492,43504,505
2021-09-27,Santa Clara,085,1922200,142027,140802,1138,141940,1853
2021-09-27,Santa Cruz,087,273765,19585,19292,979,20271,214
2021-09-27,Shasta,089,179085,19121,18599,3171,21770,267
2021-09-27,Sierra,091,2930,135,128,13,141,0
2021-09-27,Siskiyou,093,43540,3136,3015,1139,4154,42
2021-09-27,Solano,095,438530,44385,43582,1160,44742,314
2021-09-27,Sonoma,097,501317,39641,39347,495,39842,370
2021-09-27,Stanislaus,099,539301,73532,73370,8340,81710,1091
2021-09-27,Sutter,101,95872,13181,13082,269,13351,155
2021-09-27,Tehama,103,63373,7553,7345,1245,8590,88
2021-09-27,Trinity,105,12862,766,605,202,807,9
2021-09-27,Tulare,107,460477,63229,61708,13186,74894,904
2021-09-27,Tuolumne,109,53932,6376,6264,75,6339,89
2021-09-27,Ventura,111,848112,95346,94477,4179,98656,1138
2021-09-27,Yolo,113,214977,18796,18524,979,19503,239
2021-09-27,Yuba,115,75493,9424,9292,216,9508,64
2021-09-26,Alameda,001,1643700,115343,114601,2647,117248,1326
2021-09-26,Alpine,003,1148,99,101,0,101,0
2021-09-26,Amador,005,37829,5123,5001,52,5053,59
2021-09-26,Butte,007,227075,19105,18634,3423,22057,238
2021-09-26,Calaveras,009,45235,3587,3505,40,3545,70
2021-09-26,Colusa,011,21464,2419,2392,556,2948,18
2021-09-26,Contra Costa,013,1133247,95723,94877,1990,96867,924
2021-09-26,Del Norte,015,27424,3540,3466,32,3498,37
2021-09-26,El Dorado,017,186661,14988,14738,1546,16284,132
2021-09-26,Fresno,019,978130,129388,127235,11731,138966,1939
2021-09-26,Glenn,021,27897,3264,3182,938,4120,26
2021-09-26,Humboldt,023,135768,8259,8098,427,8525,91
2021-09-26,Imperial,025,180216,31745,31462,3031,34493,756
2021-09-26,Inyo,027,18085,1747,1685,36,1721,39
2021-09-26,Kern,029,883053,118835,116927,18856,135783,1502
2021-09-26,Kings,031,150075,29586,28930,1698,30628,293
2021-09-26,Lake,033,64148,6225,6113,124,6237,95
2021-09-26,Lassen,035,31185,6425,6319,290,6609,25
2021-09-26,Los Angeles,037,10098052,1401472,1390577,52510,1443087,26035
2021-09-26,Madera,039,155013,21078,20629,1719,22348,262
2021-09-26,Marin,041,260295,17004,16860,408,17268,242
2021-09-26,Mariposa,043,17540,987,929,33,962,5
2021-09-26,Mendocino,045,87422,6933,6744,359,7103,74
2021-09-26,Merced,047,269075,39109,38717,1540,40257,548
2021-09-26,Modoc,049,8938,480,465,166,631,5
2021-09-26,Mono,051,14174,1549,1516,20,1536,3
2021-09-26,Monterey,053,433212,47681,46792,2638,49430,571
2021-09-26,Napa,055,140530,12452,12340,90,12430,95
2021-09-26,Nevada,057,99092,8492,8356,291,8647,84
2021-09-26,Orange,059,3164182,298575,296085,14202,310287,5409
2021-09-26,Placer,061,380077,34588,34043,3269,37312,370
2021-09-26,Plumas,063,18699,1323,1268,25,1293,6
2021-09-26,Riverside,065,2383286,350147,345257,16010,361267,4864
2021-09-26,Sacramento,067,1510023,149779,148745,3902,152647,2071
2021-09-26,San Benito,069,59416,7033,7012,147,7159,67
2021-09-26,San Bernardino,071,2135413,342267,339771,10674,350445,5545
2021-09-26,San Diego,073,3302833,356858,354414,20996,375410,4051
2021-09-26,San Francisco,075,870044,50726,50092,2183,52275,622
2021-09-26,San Joaquin,077,732212,95028,93935,5092,99027,1633
2021-09-26,San Luis Obispo,079,281455,28147,27624,1126,28750,319
2021-09-26,San Mateo,081,765935,52398,51496,797,52293,571
2021-09-26,Santa Barbara,083,443738,42454,41946,1489,43435,505
2021-09-26,Santa Clara,085,1922200,141827,140667,1134,141801,1852
2021-09-26,Santa Cruz,087,273765,19560,19279,979,20258,214
2021-09-26,Shasta,089,179085,19012,18566,3148,21714,266
2021-09-26,Sierra,091,2930,135,128,13,141,0
2021-09-26,Siskiyou,093,43540,3122,2998,1129,4127,42
2021-09-26,Solano,095,438530,44318,43537,1159,44696,314
2021-09-26,Sonoma,097,501317,39582,39302,495,39797,370
2021-09-26,Stanislaus,099,539301,73332,73243,8312,81555,1091
2021-09-26,Sutter,101,95872,13144,13045,268,13313,155
2021-09-26,Tehama,103,63373,7495,7323,1234,8557,88
2021-09-26,Trinity,105,12862,763,591,202,793,9
2021-09-26,Tulare,107,460477,63008,61560,13108,74668,904
2021-09-26,Tuolumne,109,53932,6348,6236,73,6309,89
2021-09-26,Ventura,111,848112,95232,94391,4172,98563,1138
2021-09-26,Yolo,113,214977,18759,18496,971,19467,239
2021-09-26,Yuba,115,75493,9397,9275,216,9491,64
2021-09-25,Alameda,001,1643700,115264,114014,2644,116658,1324
2021-09-25,Alpine,003,1148,99,101,0,101,0
2021-09-25,Amador,005,37829,5109,4934,52,4986,59
2021-09-25,Butte,007,227075,19076,18396,3414,21810,236
2021-09-25,Calaveras,009,45235,3584,3461,40,3501,70
2021-09-25,Colusa,011,21464,2416,2387,554,2941,16
2021-09-25,Contra Costa,013,1133247,95652,94337,1986,96323,924
2021-09-25,Del Norte,015,27424,3539,3404,32,3436,35
2021-09-25,El Dorado,017,186661,14965,14641,1542,16183,130
2021-09-25,Fresno,019,978130,129243,126299,11715,138014,1927
2021-09-25,Glenn,021,27897,3259,3144,937,4081,25
2021-09-25,Humboldt,023,135768,8240,8014,425,8439,88
2021-09-25,Imperial,025,180216,31718,31280,3031,34311,755
2021-09-25,Inyo,027,18085,1739,1657,36,1693,39
2021-09-25,Kern,029,883053,118680,116021,18788,134809,1485
2021-09-25,Kings,031,150075,29535,28636,1695,30331,293
2021-09-25,Lake,033,64148,6220,6046,122,6168,92
2021-09-25,Lassen,035,31185,6413,6248,289,6537,25
2021-09-25,Los Angeles,037,10098052,1400757,1386417,52469,1438886,25964
2021-09-25,Madera,039,155013,21053,20432,1713,22145,262
2021-09-25,Marin,041,260295,16995,16802,406,17208,242
2021-09-25,Mariposa,043,17540,982,906,33,939,5
2021-09-25,Mendocino,045,87422,6914,6657,358,7015,74
2021-09-25,Merced,047,269075,39063,38393,1538,39931,546
2021-09-25,Modoc,049,8938,480,460,166,626,5
2021-09-25,Mono,051,14174,1546,1501,20,1521,3
2021-09-25,Monterey,053,433212,47651,46653,2636,49289,567
2021-09-25,Napa,055,140530,12432,12266,90,12356,95
2021-09-25,Nevada,057,99092,8475,8285,291,8576,84
2021-09-25,Orange,059,3164182,298402,294514,14184,308698,5374
2021-09-25,Placer,061,380077,34524,33764,3266,37030,367
2021-09-25,Plumas,063,18699,1319,1238,25,1263,6
2021-09-25,Riverside,065,2383286,349824,343463,16002,359465,4843
2021-09-25,Sacramento,067,1510023,149604,147728,3893,151621,2049
2021-09-25,San Benito,069,59416,7028,6965,147,7112,67
2021-09-25,San Bernardino,071,2135413,342033,338413,10660,349073,5540
2021-09-25,San Diego,073,3302833,356508,352017,20970,372987,4039
2021-09-25,San Francisco,075,870044,50682,49840,2182,52022,615
2021-09-25,San Joaquin,077,732212,94942,93273,5090,98363,1628
2021-09-25,San Luis Obispo,079,281455,28109,27447,1122,28569,318
2021-09-25,San Mateo,081,765935,52334,51266,795,52061,568
2021-09-25,Santa Barbara,083,443738,42396,41728,1489,43217,505
2021-09-25,Santa Clara,085,1922200,141721,140023,1132,141155,1844
2021-09-25,Santa Cruz,087,273765,19544,19200,977,20177,214
2021-09-25,Shasta,089,179085,18961,18256,3139,21395,262
2021-09-25,Sierra,091,2930,134,127,13,140,0
2021-09-25,Siskiyou,093,43540,3115,2956,1119,4075,41
2021-09-25,Solano,095,438530,44277,43331,1156,44487,312
2021-09-25,Sonoma,097,501317,39541,39112,495,39607,369
2021-09-25,Stanislaus,099,539301,73222,72628,8298,80926,1091
2021-09-25,Sutter,101,95872,13126,12976,265,13241,154
2021-09-25,Tehama,103,63373,7480,7200,1232,8432,86
2021-09-25,Trinity,105,12862,763,576,202,778,9
2021-09-25,Tulare,107,460477,62926,60909,13064,73973,898
2021-09-25,Tuolumne,109,53932,6336,6168,73,6241,89
2021-09-25,Ventura,111,848112,95165,94059,4168,98227,1129
2021-09-25,Yolo,113,214977,18737,18393,970,19363,239
2021-09-25,Yuba,115,75493,9377,9191,216,9407,61
2021-09-24,Alameda,001,1643700,115160,114014,2640,116654,1324
2021-09-24,Alpine,003,1148,99,101,0,101,0
2021-09-24,Amador,005,37829,5079,4934,52,4986,59
2021-09-24,Butte,007,227075,19024,18396,3405,21801,236
2021-09-24,Calaveras,009,45235,3577,3461,39,3500,70
2021-09-24,Colusa,011,21464,2413,2387,553,2940,16
2021-09-24,Contra Costa,013,1133247,95542,94337,1982,96319,924
2021-09-24,Del Norte,015,27424,3536,3404,32,3436,35
2021-09-24,El Dorado,017,186661,14947,14641,1538,16179,130
2021-09-24,Fresno,019,978130,129045,126299,11703,138002,1927
2021-09-24,Glenn,021,27897,3251,3144,937,4081,25
2021-09-24,Humboldt,023,135768,8221,8014,422,8436,88
2021-09-24,Imperial,025,180216,31680,31280,3029,34309,755
2021-09-24,Inyo,027,18085,1730,1657,36,1693,39
2021-09-24,Kern,029,883053,118544,116021,18722,134743,1485
2021-09-24,Kings,031,150075,29494,28636,1690,30326,293
2021-09-24,Lake,033,64148,6212,6046,122,6168,92
2021-09-24,Lassen,035,31185,6405,6248,288,6536,25
2021-09-24,Los Angeles,037,10098052,1399874,1386417,52427,1438844,25964
2021-09-24,Madera,039,155013,21022,20432,1704,22136,262
2021-09-24,Marin,041,260295,16981,16802,405,17207,242
2021-09-24,Mariposa,043,17540,970,906,33,939,5
2021-09-24,Mendocino,045,87422,6901,6657,358,7015,74
2021-09-24,Merced,047,269075,39019,38393,1538,39931,546
2021-09-24,Modoc,049,8938,480,460,165,625,5
2021-09-24,Mono,051,14174,1541,1501,20,1521,3
2021-09-24,Monterey,053,433212,47630,46653,2628,49281,567
2021-09-24,Napa,055,140530,12413,12266,90,12356,95
2021-09-24,Nevada,057,99092,8461,8285,288,8573,84
2021-09-24,Orange,059,3164182,298195,294514,14166,308680,5374
2021-09-24,Placer,061,380077,34469,33764,3253,37017,367
2021-09-24,Plumas,063,18699,1315,1238,25,1263,6
2021-09-24,Riverside,065,2383286,349490,343463,15993,359456,4843
2021-09-24,Sacramento,067,1510023,149419,147728,3889,151617,2049
2021-09-24,San Benito,069,59416,7022,6965,147,7112,67
2021-09-24,San Bernardino,071,2135413,341766,338413,10650,349063,5540
2021-09-24,San Diego,073,3302833,356154,352017,20955,372972,4039
2021-09-24,San Francisco,075,870044,50618,49840,2174,52014,615
2021-09-24,San Joaquin,077,732212,94829,93273,5088,98361,1628
2021-09-24,San Luis Obispo,079,281455,28078,27447,1117,28564,318
2021-09-24,San Mateo,081,765935,52274,51266,794,52060,568
2021-09-24,Santa Barbara,083,443738,42356,41728,1488,43216,505
2021-09-24,Santa Clara,085,1922200,141609,140023,1131,141154,1844
2021-09-24,Santa Cruz,087,273765,19521,19200,976,20176,214
2021-09-24,Shasta,089,179085,18907,18256,3125,21381,262
2021-09-24,Sierra,091,2930,133,127,13,140,0
2021-09-24,Siskiyou,093,43540,3106,2956,1113,4069,41
2021-09-24,Solano,095,438530,44240,43331,1154,44485,312
2021-09-24,Sonoma,097,501317,39508,39112,495,39607,369
2021-09-24,Stanislaus,099,539301,73106,72628,8283,80911,1091
2021-09-24,Sutter,101,95872,13107,12976,264,13240,154
2021-09-24,Tehama,103,63373,7468,7200,1227,8427,86
2021-09-24,Trinity,105,12862,760,576,202,778,9
2021-09-24,Tulare,107,460477,62835,60909,13022,73931,898
2021-09-24,Tuolumne,109,53932,6307,6168,73,6241,89
2021-09-24,Ventura,111,848112,95087,94059,4161,98220,1129
2021-09-24,Yolo,113,214977,18705,18393,967,19360,239
2021-09-24,Yuba,115,75493,9358,9191,216,9407,61
2021-09-23,Alameda,001,1643700,115002,114014,2634,116648,1324
2021-09-23,Alpine,003,1148,99,101,0,101,0
2021-09-23,Amador,005,37829,5066,4934,52,4986,59
2021-09-23,Butte,007,227075,18962,18396,3381,21777,236
2021-09-23,Calaveras,009,45235,3556,3461,39,3500,70
2021-09-23,Colusa,011,21464,2411,2387,550,2937,16
2021-09-23,Contra Costa,013,1133247,95401,94337,1975,96312,924
2021-09-23,Del Norte,015,27424,3527,3404,31,3435,35
2021-09-23,El Dorado,017,186661,14921,14641,1532,16173,130
2021-09-23,Fresno,019,978130,128748,126299,11684,137983,1927
2021-09-23,Glenn,021,27897,3237,3144,934,4078,25
2021-09-23,Humboldt,023,135768,8196,8014,420,8434,88
2021-09-23,Imperial,025,180216,31644,31280,3029,34309,755
2021-09-23,Inyo,027,18085,1716,1657,36,1693,39
2021-09-23,Kern,029,883053,118286,116021,18641,134662,1485
2021-09-23,Kings,031,150075,29390,28636,1681,30317,293
2021-09-23,Lake,033,64148,6202,6046,122,6168,92
2021-09-23,Lassen,035,31185,6396,6248,283,6531,25
2021-09-23,Los Angeles,037,10098052,1398677,1386417,52363,1438780,25964
2021-09-23,Madera,039,155013,20940,20432,1700,22132,262
2021-09-23,Marin,041,260295,16966,16802,402,17204,242
2021-09-23,Mariposa,043,17540,957,906,33,939,5
2021-09-23,Mendocino,045,87422,6879,6657,353,7010,74
2021-09-23,Merced,047,269075,38916,38393,1531,39924,546
2021-09-23,Modoc,049,8938,479,460,165,625,5
2021-09-23,Mono,051,14174,1538,1501,20,1521,3
2021-09-23,Monterey,053,433212,47581,46653,2616,49269,567
2021-09-23,Napa,055,140530,12396,12266,90,12356,95
2021-09-23,Nevada,057,99092,8434,8285,288,8573,84
2021-09-23,Orange,059,3164182,297898,294514,14142,308656,5374
2021-09-23,Placer,061,380077,34393,33764,3246,37010,367
2021-09-23,Plumas,063,18699,1298,1238,24,1262,6
2021-09-23,Riverside,065,2383286,349037,343463,15986,359449,4843
2021-09-23,Sacramento,067,1510023,149089,147728,3869,151597,2049
2021-09-23,San Benito,069,59416,7011,6965,147,7112,67
2021-09-23,San Bernardino,071,2135413,341403,338413,10635,349048,5540
2021-09-23,San Diego,073,3302833,355690,352017,20916,372933,4039
2021-09-23,San Francisco,075,870044,50545,49840,2172,52012,615
2021-09-23,San Joaquin,077,732212,94656,93273,5073,98346,1628
2021-09-23,San Luis Obispo,079,281455,28035,27447,1115,28562,318
2021-09-23,San Mateo,081,765935,52199,51266,793,52059,568
2021-09-23,Santa Barbara,083,443738,42278,41728,1485,43213,505
2021-09-23,Santa Clara,085,1922200,141458,140023,1124,141147,1844
2021-09-23,Santa Cruz,087,273765,19490,19200,976,20176,214
2021-09-23,Shasta,089,179085,18827,18256,3108,21364,262
2021-09-23,Sierra,091,2930,133,127,13,140,0
2021-09-23,Siskiyou,093,43540,3102,2956,1102,4058,41
2021-09-23,Solano,095,438530,44172,43331,1151,44482,312
2021-09-23,Sonoma,097,501317,39449,39112,492,39604,369
2021-09-23,Stanislaus,099,539301,72950,72628,8251,80879,1091
2021-09-23,Sutter,101,95872,13078,12976,264,13240,154
2021-09-23,Tehama,103,63373,7427,7200,1222,8422,86
2021-09-23,Trinity,105,12862,746,576,201,777,9
2021-09-23,Tulare,107,460477,62658,60909,12968,73877,898
2021-09-23,Tuolumne,109,53932,6282,6168,72,6240,89
2021-09-23,Ventura,111,848112,94983,94059,4154,98213,1129
2021-09-23,Yolo,113,214977,18674,18393,962,19355,239
2021-09-23,Yuba,115,75493,9330,9191,215,9406,61
2021-09-22,Alameda,001,1643700,114846,113862,2630,116492,1322
2021-09-22,Alpine,003,1148,99,100,0,100,0
2021-09-22,Amador,005,37829,5050,4915,52,4967,59
2021-09-22,Butte,007,227075,18902,18337,3366,21703,235
2021-09-22,Calaveras,009,45235,3540,3448,39,3487,70
2021-09-22,Colusa,011,21464,2406,2384,549,2933,16
2021-09-22,Contra Costa,013,1133247,95216,94209,1966,96175,924
2021-09-22,Del Norte,015,27424,3516,3386,30,3416,35
2021-09-22,El Dorado,017,186661,14885,14605,1525,16130,127
2021-09-22,Fresno,019,978130,128491,126006,11669,137675,1908
2021-09-22,Glenn,021,27897,3230,3138,933,4071,25
2021-09-22,Humboldt,023,135768,8174,7998,412,8410,80
2021-09-22,Imperial,025,180216,31592,31243,3022,34265,755
2021-09-22,Inyo,027,18085,1706,1651,36,1687,39
2021-09-22,Kern,029,883053,118045,115757,18519,134276,1477
2021-09-22,Kings,031,150075,29305,28589,1675,30264,292
2021-09-22,Lake,033,64148,6190,6035,122,6157,93
2021-09-22,Lassen,035,31185,6376,6209,279,6488,25
2021-09-22,Los Angeles,037,10098052,1397353,1384719,52308,1437027,25930
2021-09-22,Madera,039,155013,20883,20382,1690,22072,262
2021-09-22,Marin,041,260295,16955,16782,399,17181,242
2021-09-22,Mariposa,043,17540,951,901,33,934,5
2021-09-22,Mendocino,045,87422,6852,6624,347,6971,70
2021-09-22,Merced,047,269075,38783,38305,1529,39834,541
2021-09-22,Modoc,049,8938,476,458,165,623,5
2021-09-22,Mono,051,14174,1529,1496,19,1515,3
2021-09-22,Monterey,053,433212,47530,46615,2609,49224,566
2021-09-22,Napa,055,140530,12373,12248,89,12337,95
2021-09-22,Nevada,057,99092,8411,8273,285,8558,84
2021-09-22,Orange,059,3164182,297622,294214,14124,308338,5366
2021-09-22,Placer,061,380077,34305,33661,3233,36894,367
2021-09-22,Plumas,063,18699,1285,1230,24,1254,6
2021-09-22,Riverside,065,2383286,348502,342946,15961,358907,4830
2021-09-22,Sacramento,067,1510023,148775,147533,3838,151371,2043
2021-09-22,San Benito,069,59416,7000,6961,145,7106,67
2021-09-22,San Bernardino,071,2135413,341007,337938,10626,348564,5528
2021-09-22,San Diego,073,3302833,355231,351132,20892,372024,4027
2021-09-22,San Francisco,075,870044,50460,49734,2167,51901,610
2021-09-22,San Joaquin,077,732212,94424,93010,5047,98057,1626
2021-09-22,San Luis Obispo,079,281455,27987,27398,1111,28509,315
2021-09-22,San Mateo,081,765935,52126,51197,789,51986,568
2021-09-22,Santa Barbara,083,443738,42215,41678,1484,43162,504
2021-09-22,Santa Clara,085,1922200,141294,139803,1117,140920,1844
2021-09-22,Santa Cruz,087,273765,19452,19177,976,20153,214
2021-09-22,Shasta,089,179085,18737,18153,3096,21249,260
2021-09-22,Sierra,091,2930,133,127,13,140,0
2021-09-22,Siskiyou,093,43540,3085,2947,1092,4039,41
2021-09-22,Solano,095,438530,44107,43269,1150,44419,312
2021-09-22,Sonoma,097,501317,39396,39063,491,39554,369
2021-09-22,Stanislaus,099,539301,72785,72355,8232,80587,1091
2021-09-22,Sutter,101,95872,13058,12960,261,13221,153
2021-09-22,Tehama,103,63373,7400,7173,1219,8392,86
2021-09-22,Trinity,105,12862,745,572,201,773,9
2021-09-22,Tulare,107,460477,62449,60776,12898,73674,896
2021-09-22,Tuolumne,109,53932,6261,6155,71,6226,89
2021-09-22,Ventura,111,848112,94878,93978,4148,98126,1122
2021-09-22,Yolo,113,214977,18635,18342,955,19297,239
2021-09-22,Yuba,115,75493,9301,9169,210,9379,61
2021-09-21,Alameda,001,1643700,114691,113765,2630,116395,1321
2021-09-21,Alpine,003,1148,99,100,0,100,0
2021-09-21,Amador,005,37829,5028,4897,52,4949,59
2021-09-21,Butte,007,227075,18805,18229,3329,21558,232
2021-09-21,Calaveras,009,45235,3523,3437,39,3476,70
2021-09-21,Colusa,011,21464,2403,2378,548,2926,16
2021-09-21,Contra Costa,013,1133247,95022,94101,1952,96053,924
2021-09-21,Del Norte,015,27424,3504,3378,30,3408,34
2021-09-21,El Dorado,017,186661,14855,14578,1518,16096,127
2021-09-21,Fresno,019,978130,128140,125789,11642,137431,1892
2021-09-21,Glenn,021,27897,3223,3134,929,4063,25
2021-09-21,Humboldt,023,135768,8142,7955,407,8362,80
2021-09-21,Imperial,025,180216,31535,31185,3020,34205,755
2021-09-21,Inyo,027,18085,1696,1646,36,1682,39
2021-09-21,Kern,029,883053,117753,115534,18405,133939,1467
2021-09-21,Kings,031,150075,29217,28545,1667,30212,291
2021-09-21,Lake,033,64148,6167,6013,122,6135,90
2021-09-21,Lassen,035,31185,6358,6159,275,6434,25
2021-09-21,Los Angeles,037,10098052,1395896,1383277,52251,1435528,25893
2021-09-21,Madera,039,155013,20823,20317,1680,21997,262
2021-09-21,Marin,041,260295,16940,16748,398,17146,242
2021-09-21,Mariposa,043,17540,946,894,32,926,5
2021-09-21,Mendocino,045,87422,6814,6580,336,6916,68
2021-09-21,Merced,047,269075,38661,38225,1525,39750,539
2021-09-21,Modoc,049,8938,473,458,165,623,5
2021-09-21,Mono,051,14174,1527,1495,18,1513,3
2021-09-21,Monterey,053,433212,47461,46583,2597,49180,565
2021-09-21,Napa,055,140530,12352,12238,89,12327,95
2021-09-21,Nevada,057,99092,8384,8259,276,8535,84
2021-09-21,Orange,059,3164182,297291,293898,14094,307992,5357
2021-09-21,Placer,061,380077,34204,33609,3222,36831,365
2021-09-21,Plumas,063,18699,1278,1225,24,1249,5
2021-09-21,Riverside,065,2383286,347942,342460,15937,358397,4817
2021-09-21,Sacramento,067,1510023,148393,147378,3810,151188,2027
2021-09-21,San Benito,069,59416,6989,6950,144,7094,67
2021-09-21,San Bernardino,071,2135413,340569,337387,10609,347996,5520
2021-09-21,San Diego,073,3302833,354615,350265,20866,371131,4021
2021-09-21,San Francisco,075,870044,50364,49653,2163,51816,609
2021-09-21,San Joaquin,077,732212,94190,92762,5036,97798,1621
2021-09-21,San Luis Obispo,079,281455,27928,27318,1107,28425,314
2021-09-21,San Mateo,081,765935,52057,51136,789,51925,568
2021-09-21,Santa Barbara,083,443738,42146,41644,1480,43124,503
2021-09-21,Santa Clara,085,1922200,141077,139657,1113,140770,1843
2021-09-21,Santa Cruz,087,273765,19422,19140,975,20115,212
2021-09-21,Shasta,089,179085,18609,18027,3072,21099,258
2021-09-21,Sierra,091,2930,133,127,13,140,0
2021-09-21,Siskiyou,093,43540,3071,2927,1078,4005,36
2021-09-21,Solano,095,438530,44031,43220,1150,44370,311
2021-09-21,Sonoma,097,501317,39343,39042,491,39533,369
2021-09-21,Stanislaus,099,539301,72601,72211,8210,80421,1091
2021-09-21,Sutter,101,95872,13035,12930,258,13188,153
2021-09-21,Tehama,103,63373,7354,7151,1215,8366,85
2021-09-21,Trinity,105,12862,734,572,199,771,9
2021-09-21,Tulare,107,460477,62235,60607,12837,73444,896
2021-09-21,Tuolumne,109,53932,6229,6139,71,6210,89
2021-09-21,Ventura,111,848112,94773,93818,4140,97958,1120
2021-09-21,Yolo,113,214977,18599,18313,952,19265,239
2021-09-21,Yuba,115,75493,9273,9135,210,9345,61
2021-09-20,Alameda,001,1643700,114511,113637,2626,116263,1320
2021-09-20,Alpine,003,1148,99,100,0,100,0
2021-09-20,Amador,005,37829,5010,4883,51,4934,59
2021-09-20,Butte,007,227075,18723,18135,3313,21448,231
2021-09-20,Calaveras,009,45235,3501,3395,38,3433,66
2021-09-20,Colusa,011,21464,2401,2376,545,2921,16
2021-09-20,Contra Costa,013,1133247,94871,93919,1946,95865,924
2021-09-20,Del Norte,015,27424,3496,3374,29,3403,34
2021-09-20,El Dorado,017,186661,14822,14545,1506,16051,127
2021-09-20,Fresno,019,978130,127727,125287,11614,136901,1889
2021-09-20,Glenn,021,27897,3212,3112,926,4038,25
2021-09-20,Humboldt,023,135768,8106,7938,402,8340,80
2021-09-20,Imperial,025,180216,31452,31146,3019,34165,755
2021-09-20,Inyo,027,18085,1688,1641,35,1676,39
2021-09-20,Kern,029,883053,117414,115271,18273,133544,1459
2021-09-20,Kings,031,150075,29130,28471,1661,30132,285
2021-09-20,Lake,033,64148,6152,5984,121,6105,87
2021-09-20,Lassen,035,31185,6328,6132,275,6407,25
2021-09-20,Los Angeles,037,10098052,1394375,1382206,52170,1434376,25858
2021-09-20,Madera,039,155013,20770,20203,1673,21876,257
2021-09-20,Marin,041,260295,16915,16732,396,17128,242
2021-09-20,Mariposa,043,17540,935,887,32,919,5
2021-09-20,Mendocino,045,87422,6780,6568,330,6898,67
2021-09-20,Merced,047,269075,38550,38144,1514,39658,536
2021-09-20,Modoc,049,8938,472,457,163,620,5
2021-09-20,Mono,051,14174,1521,1480,18,1498,3
2021-09-20,Monterey,053,433212,47419,46506,2579,49085,565
2021-09-20,Napa,055,140530,12327,12209,88,12297,95
2021-09-20,Nevada,057,99092,8364,8228,274,8502,84
2021-09-20,Orange,059,3164182,296948,293642,14067,307709,5354
2021-09-20,Placer,061,380077,34113,33531,3207,36738,364
2021-09-20,Plumas,063,18699,1273,1211,24,1235,5
2021-09-20,Riverside,065,2383286,347442,341961,15924,357885,4802
2021-09-20,Sacramento,067,1510023,148020,147016,3776,150792,2016
2021-09-20,San Benito,069,59416,6980,6947,143,7090,67
2021-09-20,San Bernardino,071,2135413,340173,337059,10593,347652,5507
2021-09-20,San Diego,073,3302833,353938,349579,20829,370408,4009
2021-09-20,San Francisco,075,870044,50257,49559,2162,51721,605
2021-09-20,San Joaquin,077,732212,93946,92614,5023,97637,1615
2021-09-20,San Luis Obispo,079,281455,27852,27259,1099,28358,313
2021-09-20,San Mateo,081,765935,51970,51100,786,51886,567
2021-09-20,Santa Barbara,083,443738,42047,41589,1476,43065,500
2021-09-20,Santa Clara,085,1922200,140876,139578,1111,140689,1841
2021-09-20,Santa Cruz,087,273765,19390,19121,975,20096,211
2021-09-20,Shasta,089,179085,18510,17893,3041,20934,258
2021-09-20,Sierra,091,2930,131,126,13,139,0
2021-09-20,Siskiyou,093,43540,3049,2902,1065,3967,35
2021-09-20,Solano,095,438530,43963,43152,1142,44294,312
2021-09-20,Sonoma,097,501317,39297,38991,491,39482,369
2021-09-20,Stanislaus,099,539301,72402,72031,8191,80222,1091
2021-09-20,Sutter,101,95872,12999,12896,253,13149,153
2021-09-20,Tehama,103,63373,7322,7121,1203,8324,84
2021-09-20,Trinity,105,12862,728,568,198,766,7
2021-09-20,Tulare,107,460477,62033,60302,12781,73083,896
2021-09-20,Tuolumne,109,53932,6203,6113,71,6184,89
2021-09-20,Ventura,111,848112,94660,93700,4133,97833,1120
2021-09-20,Yolo,113,214977,18553,18287,950,19237,239
2021-09-20,Yuba,115,75493,9237,9107,208,9315,61
2021-09-19,Alameda,001,1643700,114295,113446,2621,116067,1320
2021-09-19,Alpine,003,1148,99,100,0,100,0
2021-09-19,Amador,005,37829,4970,4875,50,4925,59
2021-09-19,Butte,007,227075,18630,18063,3286,21349,230
2021-09-19,Calaveras,009,45235,3477,3390,35,3425,66
2021-09-19,Colusa,011,21464,2399,2375,543,2918,16
2021-09-19,Contra Costa,013,1133247,94686,93788,1936,95724,924
2021-09-19,Del Norte,015,27424,3470,3344,28,3372,34
2021-09-19,El Dorado,017,186661,14769,14512,1500,16012,127
2021-09-19,Fresno,019,978130,127321,124985,11569,136554,1888
2021-09-19,Glenn,021,27897,3203,3102,923,4025,25
2021-09-19,Humboldt,023,135768,8061,7914,400,8314,80
2021-09-19,Imperial,025,180216,31383,31122,3016,34138,755
2021-09-19,Inyo,027,18085,1679,1639,35,1674,39
2021-09-19,Kern,029,883053,117102,115074,18167,133241,1459
2021-09-19,Kings,031,150075,29002,28416,1652,30068,284
2021-09-19,Lake,033,64148,6121,5962,121,6083,87
2021-09-19,Lassen,035,31185,6308,6129,269,6398,25
2021-09-19,Los Angeles,037,10098052,1392398,1381200,52072,1433272,25852
2021-09-19,Madera,039,155013,20691,20161,1662,21823,257
2021-09-19,Marin,041,260295,16886,16711,394,17105,242
2021-09-19,Mariposa,043,17540,927,881,32,913,5
2021-09-19,Mendocino,045,87422,6735,6538,324,6862,67
2021-09-19,Merced,047,269075,38393,38068,1505,39573,535
2021-09-19,Modoc,049,8938,469,457,161,618,5
2021-09-19,Mono,051,14174,1516,1480,18,1498,3
2021-09-19,Monterey,053,433212,47364,46486,2576,49062,565
2021-09-19,Napa,055,140530,12306,12190,86,12276,95
2021-09-19,Nevada,057,99092,8336,8203,272,8475,84
2021-09-19,Orange,059,3164182,296580,293258,14045,307303,5354
2021-09-19,Placer,061,380077,34000,33406,3189,36595,364
2021-09-19,Plumas,063,18699,1265,1211,24,1235,5
2021-09-19,Riverside,065,2383286,346849,341566,15915,357481,4804
2021-09-19,Sacramento,067,1510023,147660,146603,3730,150333,2012
2021-09-19,San Benito,069,59416,6961,6942,143,7085,67
2021-09-19,San Bernardino,071,2135413,339683,336688,10582,347270,5506
2021-09-19,San Diego,073,3302833,353224,349225,20792,370017,4006
2021-09-19,San Francisco,075,870044,50149,49458,2153,51611,605
2021-09-19,San Joaquin,077,732212,93649,92467,5012,97479,1615
2021-09-19,San Luis Obispo,079,281455,27751,27208,1090,28298,313
2021-09-19,San Mateo,081,765935,51872,51028,785,51813,567
2021-09-19,Santa Barbara,083,443738,41941,41512,1476,42988,500
2021-09-19,Santa Clara,085,1922200,140690,139410,1106,140516,1841
2021-09-19,Santa Cruz,087,273765,19351,19096,975,20071,211
2021-09-19,Shasta,089,179085,18396,17813,3005,20818,258
2021-09-19,Sierra,091,2930,130,126,13,139,0
2021-09-19,Siskiyou,093,43540,3023,2882,1056,3938,35
2021-09-19,Solano,095,438530,43874,43056,1137,44193,312
2021-09-19,Sonoma,097,501317,39225,38956,487,39443,369
2021-09-19,Stanislaus,099,539301,72158,71830,8166,79996,1091
2021-09-19,Sutter,101,95872,12972,12868,246,13114,153
2021-09-19,Tehama,103,63373,7268,7081,1194,8275,84
2021-09-19,Trinity,105,12862,717,562,196,758,7
2021-09-19,Tulare,107,460477,61772,60160,12686,72846,896
2021-09-19,Tuolumne,109,53932,6161,6097,71,6168,89
2021-09-19,Ventura,111,848112,94498,93491,4124,97615,1120
2021-09-19,Yolo,113,214977,18504,18238,944,19182,239
2021-09-19,Yuba,115,75493,9211,9087,207,9294,61
2021-09-18,Alameda,001,1643700,114194,113300,2620,115920,1320
2021-09-18,Alpine,003,1148,99,100,0,100,0
2021-09-18,Amador,005,37829,4960,4850,50,4900,59
2021-09-18,Butte,007,227075,18593,17961,3272,21233,230
2021-09-18,Calaveras,009,45235,3472,3361,34,3395,66
2021-09-18,Colusa,011,21464,2399,2373,542,2915,16
2021-09-18,Contra Costa,013,1133247,94597,93656,1932,95588,924
2021-09-18,Del Norte,015,27424,3462,3326,26,3352,34
2021-09-18,El Dorado,017,186661,14746,14472,1497,15969,127
2021-09-18,Fresno,019,978130,127179,124771,11551,136322,1889
2021-09-18,Glenn,021,27897,3194,3086,920,4006,25
2021-09-18,Humboldt,023,135768,8047,7881,399,8280,80
2021-09-18,Imperial,025,180216,31359,31096,3015,34111,755
2021-09-18,Inyo,027,18085,1673,1636,35,1671,39
2021-09-18,Kern,029,883053,116947,114781,18103,132884,1459
2021-09-18,Kings,031,150075,28954,28330,1647,29977,285
2021-09-18,Lake,033,64148,6104,5936,121,6057,87
2021-09-18,Lassen,035,31185,6298,6121,267,6388,25
2021-09-18,Los Angeles,037,10098052,1391639,1379880,52021,1431901,25849
2021-09-18,Madera,039,155013,20647,20126,1652,21778,257
2021-09-18,Marin,041,260295,16869,16685,393,17078,242
2021-09-18,Mariposa,043,17540,924,871,32,903,5
2021-09-18,Mendocino,045,87422,6714,6523,324,6847,67
2021-09-18,Merced,047,269075,38356,37977,1499,39476,535
2021-09-18,Modoc,049,8938,469,457,160,617,5
2021-09-18,Mono,051,14174,1513,1480,18,1498,3
2021-09-18,Monterey,053,433212,47326,46466,2573,49039,565
2021-09-18,Napa,055,140530,12294,12168,86,12254,95
2021-09-18,Nevada,057,99092,8319,8183,272,8455,84
2021-09-18,Orange,059,3164182,296386,293005,14031,307036,5354
2021-09-18,Placer,061,380077,33928,33309,3186,36495,364
2021-09-18,Plumas,063,18699,1264,1204,24,1228,5
2021-09-18,Riverside,065,2383286,346464,341136,15900,357036,4802
2021-09-18,Sacramento,067,1510023,147478,146162,3721,149883,2016
2021-09-18,San Benito,069,59416,6956,6937,143,7080,67
2021-09-18,San Bernardino,071,2135413,339410,336380,10569,346949,5501
2021-09-18,San Diego,073,3302833,352826,348848,20779,369627,4006
2021-09-18,San Francisco,075,870044,50086,49359,2148,51507,605
2021-09-18,San Joaquin,077,732212,93538,92242,5000,97242,1615
2021-09-18,San Luis Obispo,079,281455,27714,27181,1087,28268,313
2021-09-18,San Mateo,081,765935,51821,50961,783,51744,567
2021-09-18,Santa Barbara,083,443738,41876,41465,1476,42941,500
2021-09-18,Santa Clara,085,1922200,140570,139233,1103,140336,1841
2021-09-18,Santa Cruz,087,273765,19331,19079,975,20054,211
2021-09-18,Shasta,089,179085,18333,17777,2989,20766,258
2021-09-18,Sierra,091,2930,129,125,13,138,0
2021-09-18,Siskiyou,093,43540,3020,2875,1050,3925,35
2021-09-18,Solano,095,438530,43834,42966,1134,44100,312
2021-09-18,Sonoma,097,501317,39190,38891,485,39376,369
2021-09-18,Stanislaus,099,539301,72013,71587,8141,79728,1091
2021-09-18,Sutter,101,95872,12958,12829,246,13075,153
2021-09-18,Tehama,103,63373,7254,7055,1187,8242,84
2021-09-18,Trinity,105,12862,715,561,196,757,7
2021-09-18,Tulare,107,460477,61696,60003,12634,72637,896
2021-09-18,Tuolumne,109,53932,6146,6069,71,6140,89
2021-09-18,Ventura,111,848112,94430,93424,4119,97543,1120
2021-09-18,Yolo,113,214977,18477,18213,939,19152,239
2021-09-18,Yuba,115,75493,9197,9061,206,9267,61
2021-09-17,Alameda,001,1643700,114069,113070,2618,115688,1320
2021-09-17,Alpine,003,1148,99,99,0,99,0
2021-09-17,Amador,005,37829,4944,4835,49,4884,58
2021-09-17,Butte,007,227075,18541,17870,3263,21133,230
2021-09-17,Calaveras,009,45235,3460,3338,33,3371,66
2021-09-17,Colusa,011,21464,2398,2369,537,2906,16
2021-09-17,Contra Costa,013,1133247,94494,93485,1929,95414,924
2021-09-17,Del Norte,015,27424,3457,3311,24,3335,34
2021-09-17,El Dorado,017,186661,14727,14421,1495,15916,127
2021-09-17,Fresno,019,978130,126960,124296,11535,135831,1882
2021-09-17,Glenn,021,27897,3177,3072,916,3988,25
2021-09-17,Humboldt,023,135768,8026,7850,399,8249,80
2021-09-17,Imperial,025,180216,31333,31031,3014,34045,755
2021-09-17,Inyo,027,18085,1665,1634,35,1669,39
2021-09-17,Kern,029,883053,116756,114303,18006,132309,1456
2021-09-17,Kings,031,150075,28889,28240,1645,29885,281
2021-09-17,Lake,033,64148,6091,5915,121,6036,87
2021-09-17,Lassen,035,31185,6283,6080,265,6345,25
2021-09-17,Los Angeles,037,10098052,1390662,1377905,51954,1429859,25820
2021-09-17,Madera,039,155013,20596,20040,1640,21680,257
2021-09-17,Marin,041,260295,16856,16658,391,17049,242
2021-09-17,Mariposa,043,17540,922,869,32,901,5
2021-09-17,Mendocino,045,87422,6695,6498,324,6822,67
2021-09-17,Merced,047,269075,38309,37803,1497,39300,533
2021-09-17,Modoc,049,8938,469,456,160,616,5
2021-09-17,Mono,051,14174,1509,1457,18,1475,3
2021-09-17,Monterey,053,433212,47303,46421,2572,48993,564
2021-09-17,Napa,055,140530,12273,12153,86,12239,95
2021-09-17,Nevada,057,99092,8304,8157,272,8429,84
2021-09-17,Orange,059,3164182,296166,292685,14013,306698,5346
2021-09-17,Placer,061,380077,33867,33188,3176,36364,362
2021-09-17,Plumas,063,18699,1255,1192,23,1215,5
2021-09-17,Riverside,065,2383286,346064,340445,15889,356334,4792
2021-09-17,Sacramento,067,1510023,147279,145985,3710,149695,1999
2021-09-17,San Benito,069,59416,6953,6929,143,7072,67
2021-09-17,San Bernardino,071,2135413,339054,335810,10562,346372,5488
2021-09-17,San Diego,073,3302833,352391,348098,20762,368860,4002
2021-09-17,San Francisco,075,870044,50034,49249,2143,51392,605
2021-09-17,San Joaquin,077,732212,93400,91977,4989,96966,1610
2021-09-17,San Luis Obispo,079,281455,27680,27102,1076,28178,311
2021-09-17,San Mateo,081,765935,51768,50854,782,51636,564
2021-09-17,Santa Barbara,083,443738,41813,41354,1475,42829,498
2021-09-17,Santa Clara,085,1922200,140421,138939,1101,140040,1838
2021-09-17,Santa Cruz,087,273765,19307,19039,975,20014,211
2021-09-17,Shasta,089,179085,18262,17617,2976,20593,254
2021-09-17,Sierra,091,2930,129,124,13,137,0
2021-09-17,Siskiyou,093,43540,3005,2852,1050,3902,35
2021-09-17,Solano,095,438530,43771,42898,1130,44028,312
2021-09-17,Sonoma,097,501317,39153,38808,484,39292,369
2021-09-17,Stanislaus,099,539301,71906,71408,8123,79531,1091
2021-09-17,Sutter,101,95872,12942,12799,243,13042,153
2021-09-17,Tehama,103,63373,7230,7020,1175,8195,84
2021-09-17,Trinity,105,12862,710,556,195,751,7
2021-09-17,Tulare,107,460477,61581,59689,12599,72288,895
2021-09-17,Tuolumne,109,53932,6127,6047,71,6118,89
2021-09-17,Ventura,111,848112,94318,93273,4117,97390,1116
2021-09-17,Yolo,113,214977,18446,18177,935,19112,239
2021-09-17,Yuba,115,75493,9170,9019,205,9224,61
2021-09-16,Alameda,001,1643700,113892,112770,2615,115385,1318
2021-09-16,Alpine,003,1148,99,99,0,99,0
2021-09-16,Amador,005,37829,4924,4819,49,4868,58
2021-09-16,Butte,007,227075,18467,17750,3247,20997,230
2021-09-16,Calaveras,009,45235,3428,3313,33,3346,66
2021-09-16,Colusa,011,21464,2396,2363,535,2898,16
2021-09-16,Contra Costa,013,1133247,94322,93213,1921,95134,917
2021-09-16,Del Norte,015,27424,3439,3285,24,3309,34
2021-09-16,El Dorado,017,186661,14686,14372,1487,15859,127
2021-09-16,Fresno,019,978130,126603,123853,11492,135345,1868
2021-09-16,Glenn,021,27897,3167,3068,914,3982,24
2021-09-16,Humboldt,023,135768,7992,7809,389,8198,80
2021-09-16,Imperial,025,180216,31290,30966,3006,33972,753
2021-09-16,Inyo,027,18085,1663,1623,35,1658,39
2021-09-16,Kern,029,883053,116485,113828,17938,131766,1448
2021-09-16,Kings,031,150075,28803,28114,1636,29750,280
2021-09-16,Lake,033,64148,6067,5890,118,6008,87
2021-09-16,Lassen,035,31185,6248,6028,260,6288,25
2021-09-16,Los Angeles,037,10098052,1389271,1376277,51889,1428166,25796
2021-09-16,Madera,039,155013,20518,19974,1634,21608,257
2021-09-16,Marin,041,260295,16829,16625,390,17015,242
2021-09-16,Mariposa,043,17540,916,849,32,881,6
2021-09-16,Mendocino,045,87422,6657,6445,313,6758,67
2021-09-16,Merced,047,269075,38202,37675,1494,39169,532
2021-09-16,Modoc,049,8938,467,455,160,615,5
2021-09-16,Mono,051,14174,1503,1449,18,1467,3
2021-09-16,Monterey,053,433212,47249,46342,2566,48908,562
2021-09-16,Napa,055,140530,12248,12115,82,12197,95
2021-09-16,Nevada,057,99092,8277,8121,271,8392,84
2021-09-16,Orange,059,3164182,295820,292183,13993,306176,5340
2021-09-16,Placer,061,380077,33771,33037,3156,36193,354
2021-09-16,Plumas,063,18699,1246,1178,23,1201,5
2021-09-16,Riverside,065,2383286,345533,339770,15875,355645,4786
2021-09-16,Sacramento,067,1510023,146923,145754,3678,149432,1996
2021-09-16,San Benito,069,59416,6940,6913,142,7055,67
2021-09-16,San Bernardino,071,2135413,338628,335129,10555,345684,5474
2021-09-16,San Diego,073,3302833,351767,347472,20723,368195,3994
2021-09-16,San Francisco,075,870044,49948,49133,2134,51267,605
2021-09-16,San Joaquin,077,732212,93162,91650,4945,96595,1608
2021-09-16,San Luis Obispo,079,281455,27607,27044,1072,28116,310
2021-09-16,San Mateo,081,765935,51691,50773,780,51553,564
2021-09-16,Santa Barbara,083,443738,41747,41272,1472,42744,497
2021-09-16,Santa Clara,085,1922200,140265,138685,1097,139782,1835
2021-09-16,Santa Cruz,087,273765,19280,19011,975,19986,211
2021-09-16,Shasta,089,179085,18137,17438,2942,20380,251
2021-09-16,Sierra,091,2930,129,123,13,136,0
2021-09-16,Siskiyou,093,43540,2985,2819,1043,3862,35
2021-09-16,Solano,095,438530,43699,42792,1121,43913,312
2021-09-16,Sonoma,097,501317,39090,38707,483,39190,369
2021-09-16,Stanislaus,099,539301,71673,71105,8106,79211,1091
2021-09-16,Sutter,101,95872,12898,12729,237,12966,152
2021-09-16,Tehama,103,63373,7191,6953,1164,8117,83
2021-09-16,Trinity,105,12862,707,547,194,741,7
2021-09-16,Tulare,107,460477,61359,59459,12524,71983,894
2021-09-16,Tuolumne,109,53932,6107,5999,70,6069,89
2021-09-16,Ventura,111,848112,94178,93087,4113,97200,1110
2021-09-16,Yolo,113,214977,18414,18135,933,19068,239
2021-09-16,Yuba,115,75493,9136,8981,202,9183,61
2021-09-15,Alameda,001,1643700,113727,112498,2608,115106,1317
2021-09-15,Alpine,003,1148,99,99,0,99,0
2021-09-15,Amador,005,37829,4916,4792,49,4841,58
2021-09-15,Butte,007,227075,18368,17664,3229,20893,228
2021-09-15,Calaveras,009,45235,3399,3293,31,3324,66
2021-09-15,Colusa,011,21464,2394,2352,532,2884,16
2021-09-15,Contra Costa,013,1133247,94141,92989,1909,94898,913
2021-09-15,Del Norte,015,27424,3426,3271,22,3293,34
2021-09-15,El Dorado,017,186661,14660,14309,1479,15788,127
2021-09-15,Fresno,019,978130,126223,123370,11434,134804,1867
2021-09-15,Glenn,021,27897,3155,3051,909,3960,20
2021-09-15,Humboldt,023,135768,7957,7754,384,8138,52
2021-09-15,Imperial,025,180216,31235,30891,3001,33892,753
2021-09-15,Inyo,027,18085,1659,1614,35,1649,39
2021-09-15,Kern,029,883053,116138,113546,17839,131385,1434
2021-09-15,Kings,031,150075,28724,27991,1627,29618,279
2021-09-15,Lake,033,64148,6035,5852,117,5969,85
2021-09-15,Lassen,035,31185,6188,6018,255,6273,25
2021-09-15,Los Angeles,037,10098052,1387771,1374307,51820,1426127,25767
2021-09-15,Madera,039,155013,20443,19880,1626,21506,257
2021-09-15,Marin,041,260295,16794,16592,385,16977,242
2021-09-15,Mariposa,043,17540,904,843,32,875,5
2021-09-15,Mendocino,045,87422,6627,6399,308,6707,66
2021-09-15,Merced,047,269075,38094,37508,1492,39000,529
2021-09-15,Modoc,049,8938,467,454,160,614,5
2021-09-15,Mono,051,14174,1497,1445,18,1463,3
2021-09-15,Monterey,053,433212,47179,46317,2554,48871,562
2021-09-15,Napa,055,140530,12227,12082,82,12164,95
2021-09-15,Nevada,057,99092,8255,8081,268,8349,84
2021-09-15,Orange,059,3164182,295497,291834,13974,305808,5328
2021-09-15,Placer,061,380077,33659,32860,3135,35995,352
2021-09-15,Plumas,063,18699,1241,1164,22,1186,5
2021-09-15,Riverside,065,2383286,344950,339077,15851,354928,4769
2021-09-15,Sacramento,067,1510023,146496,145202,3647,148849,1981
2021-09-15,San Benito,069,59416,6937,6902,142,7044,67
2021-09-15,San Bernardino,071,2135413,338165,334556,10541,345097,5470
2021-09-15,San Diego,073,3302833,351140,346933,20695,367628,3983
2021-09-15,San Francisco,075,870044,49837,48999,2129,51128,605
2021-09-15,San Joaquin,077,732212,92886,91322,4903,96225,1607
2021-09-15,San Luis Obispo,079,281455,27524,26943,1066,28009,306
2021-09-15,San Mateo,081,765935,51609,50691,777,51468,564
2021-09-15,Santa Barbara,083,443738,41644,41077,1467,42544,497
2021-09-15,Santa Clara,085,1922200,140092,138410,1092,139502,1833
2021-09-15,Santa Cruz,087,273765,19242,18984,973,19957,210
2021-09-15,Shasta,089,179085,18026,17317,2921,20238,250
2021-09-15,Sierra,091,2930,129,123,13,136,0
2021-09-15,Siskiyou,093,43540,2965,2804,1013,3817,35
2021-09-15,Solano,095,438530,43627,42682,1116,43798,312
2021-09-15,Sonoma,097,501317,39032,38629,482,39111,369
2021-09-15,Stanislaus,099,539301,71449,70852,8084,78936,1091
2021-09-15,Sutter,101,95872,12865,12699,232,12931,151
2021-09-15,Tehama,103,63373,7150,6894,1155,8049,79
2021-09-15,Trinity,105,12862,705,541,192,733,7
2021-09-15,Tulare,107,460477,61100,59149,12463,71612,890
2021-09-15,Tuolumne,109,53932,6081,5969,70,6039,89
2021-09-15,Ventura,111,848112,94035,92960,4106,97066,1109
2021-09-15,Yolo,113,214977,18380,18064,926,18990,239
2021-09-15,Yuba,115,75493,9102,8953,202,9155,61
2021-09-14,Alameda,001,1643700,113521,112329,2603,114932,1316
2021-09-14,Alpine,003,1148,99,98,0,98,0
2021-09-14,Amador,005,37829,4896,4790,49,4839,57
2021-09-14,Butte,007,227075,18233,17516,3206,20722,226
2021-09-14,Calaveras,009,45235,3379,3280,28,3308,66
2021-09-14,Colusa,011,21464,2390,2344,528,2872,16
2021-09-14,Contra Costa,013,1133247,93943,92822,1901,94723,908
2021-09-14,Del Norte,015,27424,3410,3252,21,3273,32
2021-09-14,El Dorado,017,186661,14607,14247,1471,15718,123
2021-09-14,Fresno,019,978130,125748,123151,11381,134532,1856
2021-09-14,Glenn,021,27897,3138,3045,905,3950,20
2021-09-14,Humboldt,023,135768,7923,7717,379,8096,52
2021-09-14,Imperial,025,180216,31186,30845,2998,33843,752
2021-09-14,Inyo,027,18085,1650,1605,34,1639,39
2021-09-14,Kern,029,883053,115755,113250,17713,130963,1428
2021-09-14,Kings,031,150075,28648,27955,1619,29574,278
2021-09-14,Lake,033,64148,6003,5845,117,5962,83
2021-09-14,Lassen,035,31185,6174,5977,250,6227,25
2021-09-14,Los Angeles,037,10098052,1385933,1372831,51736,1424567,25729
2021-09-14,Madera,039,155013,20361,19800,1615,21415,254
2021-09-14,Marin,041,260295,16766,16584,383,16967,242
2021-09-14,Mariposa,043,17540,893,834,31,865,5
2021-09-14,Mendocino,045,87422,6591,6372,296,6668,65
2021-09-14,Merced,047,269075,37944,37430,1488,38918,526
2021-09-14,Modoc,049,8938,466,453,160,613,5
2021-09-14,Mono,051,14174,1493,1440,18,1458,4
2021-09-14,Monterey,053,433212,47138,46224,2542,48766,558
2021-09-14,Napa,055,140530,12194,12070,81,12151,91
2021-09-14,Nevada,057,99092,8221,8056,268,8324,83
2021-09-14,Orange,059,3164182,295104,291423,13950,305373,5319
2021-09-14,Placer,061,380077,33527,32735,3115,35850,350
2021-09-14,Plumas,063,18699,1226,1148,22,1170,5
2021-09-14,Riverside,065,2383286,344310,338534,15820,354354,4748
2021-09-14,Sacramento,067,1510023,146111,145051,3599,148650,1977
2021-09-14,San Benito,069,59416,6927,6887,142,7029,64
2021-09-14,San Bernardino,071,2135413,337668,333968,10515,344483,5465
2021-09-14,San Diego,073,3302833,350474,346204,20644,366848,3966
2021-09-14,San Francisco,075,870044,49703,48998,2127,51125,603
2021-09-14,San Joaquin,077,732212,92647,91128,4893,96021,1596
2021-09-14,San Luis Obispo,079,281455,27451,26845,1061,27906,304
2021-09-14,San Mateo,081,765935,51511,50602,774,51376,564
2021-09-14,Santa Barbara,083,443738,41548,40783,1458,42241,495
2021-09-14,Santa Clara,085,1922200,139857,138321,1089,139410,1828
2021-09-14,Santa Cruz,087,273765,19202,18965,971,19936,210
2021-09-14,Shasta,089,179085,17895,17152,2900,20052,246
2021-09-14,Sierra,091,2930,129,123,13,136,0
2021-09-14,Siskiyou,093,43540,2941,2756,996,3752,35
2021-09-14,Solano,095,438530,43544,42599,1113,43712,307
2021-09-14,Sonoma,097,501317,38963,38595,478,39073,369
2021-09-14,Stanislaus,099,539301,71190,70697,8056,78753,1091
2021-09-14,Sutter,101,95872,12823,12670,225,12895,149
2021-09-14,Tehama,103,63373,7096,6859,1147,8006,80
2021-09-14,Trinity,105,12862,699,538,191,729,7
2021-09-14,Tulare,107,460477,60847,58961,12391,71352,888
2021-09-14,Tuolumne,109,53932,6060,5951,68,6019,89
2021-09-14,Ventura,111,848112,93850,92841,4089,96930,1107
2021-09-14,Yolo,113,214977,18336,18039,921,18960,239
2021-09-14,Yuba,115,75493,9066,8928,202,9130,61
2021-09-13,Alameda,001,1643700,113306,112159,2598,114757,1309
2021-09-13,Alpine,003,1148,98,98,0,98,0
2021-09-13,Amador,005,37829,4878,4761,49,4810,56
2021-09-13,Butte,007,227075,18108,17393,3179,20572,225
2021-09-13,Calaveras,009,45235,3353,3253,27,3280,65
2021-09-13,Colusa,011,21464,2381,2346,524,2870,16
2021-09-13,Contra Costa,013,1133247,93697,92658,1896,94554,908
2021-09-13,Del Norte,015,27424,3374,3232,21,3253,28
2021-09-13,El Dorado,017,186661,14546,14194,1463,15657,119
2021-09-13,Fresno,019,978130,125281,122650,11315,133965,1853
2021-09-13,Glenn,021,27897,3124,3026,898,3924,20
2021-09-13,Humboldt,023,135768,7891,7659,376,8035,52
2021-09-13,Imperial,025,180216,31133,30802,2995,33797,751
2021-09-13,Inyo,027,18085,1643,1602,34,1636,39
2021-09-13,Kern,029,883053,115372,112930,17590,130520,1424
2021-09-13,Kings,031,150075,28538,27858,1607,29465,275
2021-09-13,Lake,033,64148,5981,5809,117,5926,82
2021-09-13,Lassen,035,31185,6139,5953,249,6202,25
2021-09-13,Los Angeles,037,10098052,1384068,1371423,51668,1423091,25703
2021-09-13,Madera,039,155013,20291,19735,1600,21335,252
2021-09-13,Marin,041,260295,16730,16557,382,16939,242
2021-09-13,Mariposa,043,17540,879,825,31,856,5
2021-09-13,Mendocino,045,87422,6556,6323,287,6610,61
2021-09-13,Merced,047,269075,37793,37291,1483,38774,521
2021-09-13,Modoc,049,8938,465,451,160,611,5
2021-09-13,Mono,051,14174,1487,1435,18,1453,3
2021-09-13,Monterey,053,433212,47047,46188,2529,48717,558
2021-09-13,Napa,055,140530,12176,12039,81,12120,91
2021-09-13,Nevada,057,99092,8195,8021,266,8287,83
2021-09-13,Orange,059,3164182,294672,291128,13929,305057,5312
2021-09-13,Placer,061,380077,33362,32617,3098,35715,343
2021-09-13,Plumas,063,18699,1217,1142,22,1164,5
2021-09-13,Riverside,065,2383286,343664,337876,15802,353678,4731
2021-09-13,Sacramento,067,1510023,145624,144537,3565,148102,1956
2021-09-13,San Benito,069,59416,6912,6867,141,7008,64
2021-09-13,San Bernardino,071,2135413,337177,333613,10490,344103,5441
2021-09-13,San Diego,073,3302833,349685,345647,20592,366239,3961
2021-09-13,San Francisco,075,870044,49574,48914,2121,51035,603
2021-09-13,San Joaquin,077,732212,92362,90966,4875,95841,1581
2021-09-13,San Luis Obispo,079,281455,27354,26805,1058,27863,300
2021-09-13,San Mateo,081,765935,51421,50525,769,51294,564
2021-09-13,Santa Barbara,083,443738,41429,40661,1451,42112,494
2021-09-13,Santa Clara,085,1922200,139609,138152,1084,139236,1820
2021-09-13,Santa Cruz,087,273765,19162,18917,970,19887,210
2021-09-13,Shasta,089,179085,17765,17033,2859,19892,243
2021-09-13,Sierra,091,2930,129,123,13,136,0
2021-09-13,Siskiyou,093,43540,2926,2745,984,3729,35
2021-09-13,Solano,095,438530,43440,42501,1110,43611,306
2021-09-13,Sonoma,097,501317,38896,38513,475,38988,368
2021-09-13,Stanislaus,099,539301,70936,70477,8020,78497,1091
2021-09-13,Sutter,101,95872,12765,12624,221,12845,145
2021-09-13,Tehama,103,63373,7033,6803,1135,7938,79
2021-09-13,Trinity,105,12862,697,533,189,722,7
2021-09-13,Tulare,107,460477,60563,58768,12331,71099,887
2021-09-13,Tuolumne,109,53932,6029,5909,68,5977,89
2021-09-13,Ventura,111,848112,93688,92679,4081,96760,1107
2021-09-13,Yolo,113,214977,18291,17974,915,18889,239
2021-09-13,Yuba,115,75493,9021,8884,201,9085,61
2021-09-12,Alameda,001,1643700,113043,111961,2595,114556,1309
2021-09-12,Alpine,003,1148,98,98,0,98,0
2021-09-12,Amador,005,37829,4857,4752,49,4801,56
2021-09-12,Butte,007,227075,17963,17257,3135,20392,221
2021-09-12,Calaveras,009,45235,3323,3236,23,3259,65
2021-09-12,Colusa,011,21464,2378,2344,523,2867,16
2021-09-12,Contra Costa,013,1133247,93429,92498,1884,94382,908
2021-09-12,Del Norte,015,27424,3339,3200,21,3221,28
2021-09-12,El Dorado,017,186661,14473,14167,1447,15614,119
2021-09-12,Fresno,019,978130,124761,122407,11258,133665,1853
2021-09-12,Glenn,021,27897,3107,3016,893,3909,20
2021-09-12,Humboldt,023,135768,7821,7636,365,8001,52
2021-09-12,Imperial,025,180216,31070,30790,2990,33780,751
2021-09-12,Inyo,027,18085,1633,1596,32,1628,39
2021-09-12,Kern,029,883053,114960,112602,17431,130033,1424
2021-09-12,Kings,031,150075,28427,27764,1590,29354,274
2021-09-12,Lake,033,64148,5941,5781,115,5896,82
2021-09-12,Lassen,035,31185,6102,5943,239,6182,25
2021-09-12,Los Angeles,037,10098052,1382007,1365968,51593,1417561,25630
2021-09-12,Madera,039,155013,20204,19691,1587,21278,252
2021-09-12,Marin,041,260295,16707,16526,382,16908,242
2021-09-12,Mariposa,043,17540,868,811,29,840,5
2021-09-12,Mendocino,045,87422,6516,6283,278,6561,61
2021-09-12,Merced,047,269075,37621,37172,1472,38644,521
2021-09-12,Modoc,049,8938,465,451,159,610,5
2021-09-12,Mono,051,14174,1480,1431,18,1449,3
2021-09-12,Monterey,053,433212,46948,46167,2519,48686,558
2021-09-12,Napa,055,140530,12146,12011,81,12092,91
2021-09-12,Nevada,057,99092,8155,7987,265,8252,83
2021-09-12,Orange,059,3164182,294208,290718,13908,304626,5312
2021-09-12,Placer,061,380077,33213,32520,3074,35594,343
2021-09-12,Plumas,063,18699,1198,1138,22,1160,5
2021-09-12,Riverside,065,2383286,342981,337332,15768,353100,4731
2021-09-12,Sacramento,067,1510023,145117,144030,3525,147555,1959
2021-09-12,San Benito,069,59416,6893,6852,140,6992,64
2021-09-12,San Bernardino,071,2135413,336563,333049,10477,343526,5439
2021-09-12,San Diego,073,3302833,348865,345058,20516,365574,3942
2021-09-12,San Francisco,075,870044,49463,48819,2114,50933,603
2021-09-12,San Joaquin,077,732212,92033,90730,4867,95597,1581
2021-09-12,San Luis Obispo,079,281455,27235,26729,1045,27774,299
2021-09-12,San Mateo,081,765935,51313,50432,765,51197,564
2021-09-12,Santa Barbara,083,443738,41317,40600,1444,42044,494
2021-09-12,Santa Clara,085,1922200,139353,137899,1081,138980,1820
2021-09-12,Santa Cruz,087,273765,19129,18892,969,19861,210
2021-09-12,Shasta,089,179085,17600,16957,2800,19757,243
2021-09-12,Sierra,091,2930,129,123,13,136,0
2021-09-12,Siskiyou,093,43540,2898,2730,969,3699,35
2021-09-12,Solano,095,438530,43334,42409,1105,43514,306
2021-09-12,Sonoma,097,501317,38816,38456,473,38929,368
2021-09-12,Stanislaus,099,539301,70637,70184,7981,78165,1091
2021-09-12,Sutter,101,95872,12723,12589,215,12804,145
2021-09-12,Tehama,103,63373,6969,6732,1123,7855,79
2021-09-12,Trinity,105,12862,693,529,187,716,7
2021-09-12,Tulare,107,460477,60210,58582,12271,70853,887
2021-09-12,Tuolumne,109,53932,5996,5888,68,5956,89
2021-09-12,Ventura,111,848112,93561,92496,4075,96571,1107
2021-09-12,Yolo,113,214977,18225,17943,907,18850,239
2021-09-12,Yuba,115,75493,8986,8842,201,9043,61
2021-09-11,Alameda,001,1643700,112918,111715,2593,114308,1309
2021-09-11,Alpine,003,1148,98,98,0,98,0
2021-09-11,Amador,005,37829,4844,4728,48,4776,56
2021-09-11,Butte,007,227075,17881,17218,3108,20326,221
2021-09-11,Calaveras,009,45235,3315,3208,22,3230,65
2021-09-11,Colusa,011,21464,2377,2338,520,2858,16
2021-09-11,Contra Costa,013,1133247,93310,92269,1879,94148,908
2021-09-11,Del Norte,015,27424,3323,3184,21,3205,28
2021-09-11,El Dorado,017,186661,14454,14117,1441,15558,119
2021-09-11,Fresno,019,978130,124581,122224,11233,133457,1853
2021-09-11,Glenn,021,27897,3097,3007,890,3897,20
2021-09-11,Humboldt,023,135768,7799,7615,362,7977,52
2021-09-11,Imperial,025,180216,31045,30760,2986,33746,751
2021-09-11,Inyo,027,18085,1630,1590,32,1622,39
2021-09-11,Kern,029,883053,114710,112205,17315,129520,1424
2021-09-11,Kings,031,150075,28378,27631,1584,29215,275
2021-09-11,Lake,033,64148,5920,5761,115,5876,82
2021-09-11,Lassen,035,31185,6087,5930,235,6165,25
2021-09-11,Los Angeles,037,10098052,1381041,1365831,51528,1417359,25630
2021-09-11,Madera,039,155013,20151,19648,1582,21230,252
2021-09-11,Marin,041,260295,16679,16496,381,16877,242
2021-09-11,Mariposa,043,17540,863,799,29,828,5
2021-09-11,Mendocino,045,87422,6492,6257,278,6535,61
2021-09-11,Merced,047,269075,37567,37042,1469,38511,521
2021-09-11,Modoc,049,8938,465,449,159,608,5
2021-09-11,Mono,051,14174,1474,1431,18,1449,3
2021-09-11,Monterey,053,433212,46911,46140,2516,48656,558
2021-09-11,Napa,055,140530,12123,11991,81,12072,91
2021-09-11,Nevada,057,99092,8140,7967,265,8232,83
2021-09-11,Orange,059,3164182,293906,290429,13891,304320,5306
2021-09-11,Placer,061,380077,33130,32414,3063,35477,344
2021-09-11,Plumas,063,18699,1191,1112,22,1134,5
2021-09-11,Riverside,065,2383286,342542,336585,15754,352339,4731
2021-09-11,Sacramento,067,1510023,144816,143557,3513,147070,1955
2021-09-11,San Benito,069,59416,6880,6844,140,6984,64
2021-09-11,San Bernardino,071,2135413,336221,332512,10463,342975,5430
2021-09-11,San Diego,073,3302833,348375,344355,20492,364847,3942
2021-09-11,San Francisco,075,870044,49408,48660,2109,50769,603
2021-09-11,San Joaquin,077,732212,91888,90482,4860,95342,1581
2021-09-11,San Luis Obispo,079,281455,27189,26651,1044,27695,299
2021-09-11,San Mateo,081,765935,51241,50341,764,51105,564
2021-09-11,Santa Barbara,083,443738,41244,40451,1444,41895,494
2021-09-11,Santa Clara,085,1922200,139203,137659,1078,138737,1820
2021-09-11,Santa Cruz,087,273765,19100,18865,969,19834,210
2021-09-11,Shasta,089,179085,17507,16877,2780,19657,243
2021-09-11,Sierra,091,2930,129,123,13,136,0
2021-09-11,Siskiyou,093,43540,2881,2717,966,3683,35
2021-09-11,Solano,095,438530,43283,42344,1102,43446,306
2021-09-11,Sonoma,097,501317,38769,38399,471,38870,368
2021-09-11,Stanislaus,099,539301,70512,69974,7967,77941,1091
2021-09-11,Sutter,101,95872,12697,12538,212,12750,145
2021-09-11,Tehama,103,63373,6948,6703,1115,7818,79
2021-09-11,Trinity,105,12862,686,526,187,713,7
2021-09-11,Tulare,107,460477,60099,58321,12224,70545,889
2021-09-11,Tuolumne,109,53932,5977,5879,65,5944,89
2021-09-11,Ventura,111,848112,93479,92328,4070,96398,1107
2021-09-11,Yolo,113,214977,18201,17906,902,18808,239
2021-09-11,Yuba,115,75493,8961,8813,201,9014,61
2021-09-10,Alameda,001,1643700,112727,111386,2592,113978,1306
2021-09-10,Alpine,003,1148,97,97,0,97,0
2021-09-10,Amador,005,37829,4832,4706,48,4754,56
2021-09-10,Butte,007,227075,17806,17051,3092,20143,222
2021-09-10,Calaveras,009,45235,3306,3183,22,3205,65
2021-09-10,Colusa,011,21464,2373,2327,517,2844,16
2021-09-10,Contra Costa,013,1133247,93187,92024,1877,93901,908
2021-09-10,Del Norte,015,27424,3308,3128,20,3148,28
2021-09-10,El Dorado,017,186661,14423,14051,1437,15488,119
2021-09-10,Fresno,019,978130,124258,121659,11203,132862,1846
2021-09-10,Glenn,021,27897,3090,2977,889,3866,20
2021-09-10,Humboldt,023,135768,7767,7543,358,7901,52
2021-09-10,Imperial,025,180216,31022,30716,2984,33700,751
2021-09-10,Inyo,027,18085,1626,1590,32,1622,39
2021-09-10,Kern,029,883053,114456,111832,17199,129031,1419
2021-09-10,Kings,031,150075,28304,27473,1575,29048,274
2021-09-10,Lake,033,64148,5904,5713,113,5826,79
2021-09-10,Lassen,035,31185,6079,5914,232,6146,25
2021-09-10,Los Angeles,037,10098052,1379833,1365709,51461,1417170,25630
2021-09-10,Madera,039,155013,20105,19520,1575,21095,252
2021-09-10,Marin,041,260295,16659,16458,378,16836,242
2021-09-10,Mariposa,043,17540,858,795,29,824,5
2021-09-10,Mendocino,045,87422,6460,6184,277,6461,61
2021-09-10,Merced,047,269075,37515,36884,1468,38352,521
2021-09-10,Modoc,049,8938,465,448,159,607,5
2021-09-10,Mono,051,14174,1469,1422,18,1440,3
2021-09-10,Monterey,053,433212,46867,46084,2514,48598,557
2021-09-10,Napa,055,140530,12098,11948,81,12029,90
2021-09-10,Nevada,057,99092,8122,7932,264,8196,83
2021-09-10,Orange,059,3164182,293598,290022,13882,303904,5302
2021-09-10,Placer,061,380077,33028,32264,3050,35314,343
2021-09-10,Plumas,063,18699,1183,1111,22,1133,5
2021-09-10,Riverside,065,2383286,342069,335988,15747,351735,4720
2021-09-10,Sacramento,067,1510023,144473,143244,3505,146749,1950
2021-09-10,San Benito,069,59416,6876,6824,140,6964,64
2021-09-10,San Bernardino,071,2135413,335802,331894,10453,342347,5422
2021-09-10,San Diego,073,3302833,347810,343173,20455,363628,3941
2021-09-10,San Francisco,075,870044,49329,48518,2102,50620,602
2021-09-10,San Joaquin,077,732212,91709,90208,4854,95062,1573
2021-09-10,San Luis Obispo,079,281455,27156,26526,1042,27568,299
2021-09-10,San Mateo,081,765935,51174,50251,763,51014,564
2021-09-10,Santa Barbara,083,443738,41191,40321,1441,41762,492
2021-09-10,Santa Clara,085,1922200,139019,137337,1077,138414,1817
2021-09-10,Santa Cruz,087,273765,19081,18785,968,19753,210
2021-09-10,Shasta,089,179085,17413,16667,2752,19419,242
2021-09-10,Sierra,091,2930,129,117,13,130,0
2021-09-10,Siskiyou,093,43540,2869,2702,962,3664,35
2021-09-10,Solano,095,438530,43209,42230,1095,43325,305
2021-09-10,Sonoma,097,501317,38711,38271,470,38741,368
2021-09-10,Stanislaus,099,539301,70356,69617,7943,77560,1091
2021-09-10,Sutter,101,95872,12663,12468,212,12680,145
2021-09-10,Tehama,103,63373,6915,6652,1109,7761,77
2021-09-10,Trinity,105,12862,682,524,187,711,7
2021-09-10,Tulare,107,460477,59951,57930,12177,70107,883
2021-09-10,Tuolumne,109,53932,5958,5842,64,5906,89
2021-09-10,Ventura,111,848112,93382,92145,4066,96211,1104
2021-09-10,Yolo,113,214977,18176,17825,897,18722,239
2021-09-10,Yuba,115,75493,8942,8760,200,8960,62
2021-09-09,Alameda,001,1643700,112507,111014,2588,113602,1306
2021-09-09,Alpine,003,1148,97,94,0,94,0
2021-09-09,Amador,005,37829,4811,4698,47,4745,56
2021-09-09,Butte,007,227075,17660,16874,3066,19940,221
2021-09-09,Calaveras,009,45235,3272,3165,22,3187,65
2021-09-09,Colusa,011,21464,2366,2321,516,2837,16
2021-09-09,Contra Costa,013,1133247,92977,91687,1872,93559,904
2021-09-09,Del Norte,015,27424,3285,3102,20,3122,28
2021-09-09,El Dorado,017,186661,14366,13970,1427,15397,119
2021-09-09,Fresno,019,978130,123783,121040,11156,132196,1838
2021-09-09,Glenn,021,27897,3078,2947,885,3832,20
2021-09-09,Humboldt,023,135768,7717,7471,352,7823,52
2021-09-09,Imperial,025,180216,30984,30661,2981,33642,751
2021-09-09,Inyo,027,18085,1619,1586,32,1618,39
2021-09-09,Kern,029,883053,114108,111390,17042,128432,1414
2021-09-09,Kings,031,150075,28203,27282,1564,28846,273
2021-09-09,Lake,033,64148,5880,5638,111,5749,79
2021-09-09,Lassen,035,31185,6029,5860,226,6086,25
2021-09-09,Los Angeles,037,10098052,1377968,1363735,51386,1415121,25583
2021-09-09,Madera,039,155013,20032,19401,1562,20963,252
2021-09-09,Marin,041,260295,16636,16416,375,16791,242
2021-09-09,Mariposa,043,17540,845,779,28,807,5
2021-09-09,Mendocino,045,87422,6426,6089,268,6357,61
2021-09-09,Merced,047,269075,37361,36634,1455,38089,516
2021-09-09,Modoc,049,8938,465,448,159,607,5
2021-09-09,Mono,051,14174,1459,1420,18,1438,3
2021-09-09,Monterey,053,433212,46813,45991,2503,48494,556
2021-09-09,Napa,055,140530,12066,11878,81,11959,90
2021-09-09,Nevada,057,99092,8084,7855,264,8119,82
2021-09-09,Orange,059,3164182,293188,289109,13851,302960,5299
2021-09-09,Placer,061,380077,32910,32048,3035,35083,342
2021-09-09,Plumas,063,18699,1172,1098,22,1120,5
2021-09-09,Riverside,065,2383286,341430,334774,15729,350503,4701
2021-09-09,Sacramento,067,1510023,143993,142728,3459,146187,1929
2021-09-09,San Benito,069,59416,6866,6820,139,6959,64
2021-09-09,San Bernardino,071,2135413,335237,331040,10441,341481,5417
2021-09-09,San Diego,073,3302833,347085,342149,20398,362547,3929
2021-09-09,San Francisco,075,870044,49215,48404,2093,50497,597
2021-09-09,San Joaquin,077,732212,91434,89874,4836,94710,1570
2021-09-09,San Luis Obispo,079,281455,27074,26472,1039,27511,296
2021-09-09,San Mateo,081,765935,51052,50143,760,50903,561
2021-09-09,Santa Barbara,083,443738,41085,40180,1437,41617,490
2021-09-09,Santa Clara,085,1922200,138796,137017,1072,138089,1816
2021-09-09,Santa Cruz,087,273765,19035,18728,968,19696,210
2021-09-09,Shasta,089,179085,17267,16401,2710,19111,238
2021-09-09,Sierra,091,2930,129,115,13,128,0
2021-09-09,Siskiyou,093,43540,2846,2683,948,3631,35
2021-09-09,Solano,095,438530,43093,42081,1091,43172,303
2021-09-09,Sonoma,097,501317,38643,38171,469,38640,360
2021-09-09,Stanislaus,099,539301,70077,69178,7910,77088,1074
2021-09-09,Sutter,101,95872,12608,12396,210,12606,144
2021-09-09,Tehama,103,63373,6861,6554,1104,7658,75
2021-09-09,Trinity,105,12862,676,523,185,708,6
2021-09-09,Tulare,107,460477,59709,57564,12117,69681,879
2021-09-09,Tuolumne,109,53932,5930,5802,63,5865,89
2021-09-09,Ventura,111,848112,93237,91610,4057,95667,1098
2021-09-09,Yolo,113,214977,18119,17724,894,18618,239
2021-09-09,Yuba,115,75493,8897,8707,197,8904,55
2021-09-08,Alameda,001,1643700,112259,110781,2585,113366,1305
2021-09-08,Alpine,003,1148,97,94,0,94,0
2021-09-08,Amador,005,37829,4799,4693,47,4740,56
2021-09-08,Butte,007,227075,17526,16775,3048,19823,220
2021-09-08,Calaveras,009,45235,3254,3157,22,3179,63
2021-09-08,Colusa,011,21464,2364,2308,516,2824,16
2021-09-08,Contra Costa,013,1133247,92698,91471,1867,93338,900
2021-09-08,Del Norte,015,27424,3262,3085,20,3105,25
2021-09-08,El Dorado,017,186661,14286,13928,1406,15334,119
2021-09-08,Fresno,019,978130,123285,120644,11090,131734,1831
2021-09-08,Glenn,021,27897,3063,2942,876,3818,20
2021-09-08,Humboldt,023,135768,7673,7438,344,7782,52
2021-09-08,Imperial,025,180216,30951,30609,2968,33577,751
2021-09-08,Inyo,027,18085,1608,1580,32,1612,39
2021-09-08,Kern,029,883053,113710,110933,16902,127835,1409
2021-09-08,Kings,031,150075,28074,27235,1549,28784,267
2021-09-08,Lake,033,64148,5850,5618,109,5727,79
2021-09-08,Lassen,035,31185,6011,5848,219,6067,25
2021-09-08,Los Angeles,037,10098052,1375899,1362029,51297,1413326,25533
2021-09-08,Madera,039,155013,19972,19352,1548,20900,252
2021-09-08,Marin,041,260295,16608,16386,374,16760,242
2021-09-08,Mariposa,043,17540,833,777,27,804,5
2021-09-08,Mendocino,045,87422,6382,6069,259,6328,61
2021-09-08,Merced,047,269075,37200,36500,1443,37943,516
2021-09-08,Modoc,049,8938,465,448,159,607,5
2021-09-08,Mono,051,14174,1453,1418,18,1436,3
2021-09-08,Monterey,053,433212,46764,45959,2497,48456,554
2021-09-08,Napa,055,140530,12031,11842,79,11921,90
2021-09-08,Nevada,057,99092,8049,7843,263,8106,82
2021-09-08,Orange,059,3164182,292779,288511,13827,302338,5290
2021-09-08,Placer,061,380077,32773,31852,3018,34870,337
2021-09-08,Plumas,063,18699,1165,1072,22,1094,5
2021-09-08,Riverside,065,2383286,340671,334037,15704,349741,4683
2021-09-08,Sacramento,067,1510023,143514,142448,3410,145858,1921
2021-09-08,San Benito,069,59416,6848,6800,139,6939,64
2021-09-08,San Bernardino,071,2135413,334633,330279,10425,340704,5411
2021-09-08,San Diego,073,3302833,346160,341437,20347,361784,3926
2021-09-08,San Francisco,075,870044,49077,48263,2089,50352,589
2021-09-08,San Joaquin,077,732212,91155,89631,4812,94443,1561
2021-09-08,San Luis Obispo,079,281455,26980,26303,1034,27337,294
2021-09-08,San Mateo,081,765935,50948,50051,760,50811,561
2021-09-08,Santa Barbara,083,443738,40973,40000,1433,41433,490
2021-09-08,Santa Clara,085,1922200,138563,136836,1068,137904,1810
2021-09-08,Santa Cruz,087,273765,18998,18699,968,19667,210
2021-09-08,Shasta,089,179085,17112,16227,2663,18890,234
2021-09-08,Sierra,091,2930,129,113,13,126,0
2021-09-08,Siskiyou,093,43540,2813,2643,937,3580,35
2021-09-08,Solano,095,438530,43001,41971,1088,43059,302
2021-09-08,Sonoma,097,501317,38559,38075,468,38543,360
2021-09-08,Stanislaus,099,539301,69846,68945,7871,76816,1074
2021-09-08,Sutter,101,95872,12543,12349,207,12556,144
2021-09-08,Tehama,103,63373,6794,6520,1087,7607,75
2021-09-08,Trinity,105,12862,673,520,181,701,6
2021-09-08,Tulare,107,460477,59385,57425,12061,69486,876
2021-09-08,Tuolumne,109,53932,5898,5783,61,5844,89
2021-09-08,Ventura,111,848112,93085,91345,4039,95384,1096
2021-09-08,Yolo,113,214977,18037,17680,889,18569,239
2021-09-08,Yuba,115,75493,8855,8675,195,8870,55
2021-09-07,Alameda,001,1643700,111958,110550,2578,113128,1301
2021-09-07,Alpine,003,1148,96,94,0,94,0
2021-09-07,Amador,005,37829,4772,4679,47,4726,53
2021-09-07,Butte,007,227075,17370,16723,3011,19734,220
2021-09-07,Calaveras,009,45235,3214,3140,20,3160,63
2021-09-07,Colusa,011,21464,2354,2306,514,2820,16
2021-09-07,Contra Costa,013,1133247,92435,91167,1861,93028,891
2021-09-07,Del Norte,015,27424,3248,3081,20,3101,24
2021-09-07,El Dorado,017,186661,14214,13892,1391,15283,119
2021-09-07,Fresno,019,978130,122726,120268,10993,131261,1828
2021-09-07,Glenn,021,27897,3051,2937,870,3807,20
2021-09-07,Humboldt,023,135768,7613,7397,327,7724,52
2021-09-07,Imperial,025,180216,30911,30584,2960,33544,751
2021-09-07,Inyo,027,18085,1602,1579,31,1610,39
2021-09-07,Kern,029,883053,113278,110674,16741,127415,1408
2021-09-07,Kings,031,150075,27950,27169,1531,28700,267
2021-09-07,Lake,033,64148,5807,5597,101,5698,78
2021-09-07,Lassen,035,31185,5993,5842,213,6055,21
2021-09-07,Los Angeles,037,10098052,1373665,1360407,51205,1411612,25486
2021-09-07,Madera,039,155013,19885,19316,1540,20856,249
2021-09-07,Marin,041,260295,16569,16363,374,16737,242
2021-09-07,Mariposa,043,17540,817,771,27,798,5
2021-09-07,Mendocino,045,87422,6322,6036,249,6285,61
2021-09-07,Merced,047,269075,37026,36400,1437,37837,513
2021-09-07,Modoc,049,8938,463,449,159,608,5
2021-09-07,Mono,051,14174,1444,1416,18,1434,3
2021-09-07,Monterey,053,433212,46681,45911,2485,48396,543
2021-09-07,Napa,055,140530,11990,11814,79,11893,90
2021-09-07,Nevada,057,99092,8022,7829,263,8092,82
2021-09-07,Orange,059,3164182,292350,288225,13796,302021,5274
2021-09-07,Placer,061,380077,32620,31710,2990,34700,337
2021-09-07,Plumas,063,18699,1150,1071,22,1093,5
2021-09-07,Riverside,065,2383286,339884,333390,15685,349075,4666
2021-09-07,Sacramento,067,1510023,142974,142364,3364,145728,1905
2021-09-07,San Benito,069,59416,6830,6786,139,6925,64
2021-09-07,San Bernardino,071,2135413,333886,329962,10401,340363,5407
2021-09-07,San Diego,073,3302833,345157,340709,20281,360990,3922
2021-09-07,San Francisco,075,870044,48937,48175,2084,50259,589
2021-09-07,San Joaquin,077,732212,90820,89468,4798,94266,1548
2021-09-07,San Luis Obispo,079,281455,26862,26253,1025,27278,287
2021-09-07,San Mateo,081,765935,50855,49913,759,50672,561
2021-09-07,Santa Barbara,083,443738,40847,39957,1428,41385,489
2021-09-07,Santa Clara,085,1922200,138276,136631,1063,137694,1807
2021-09-07,Santa Cruz,087,273765,18949,18669,966,19635,210
2021-09-07,Shasta,089,179085,16956,16096,2610,18706,226
2021-09-07,Sierra,091,2930,129,111,13,124,0
2021-09-07,Siskiyou,093,43540,2787,2607,920,3527,34
2021-09-07,Solano,095,438530,42871,41862,1084,42946,300
2021-09-07,Sonoma,097,501317,38475,38013,466,38479,358
2021-09-07,Stanislaus,099,539301,69575,68831,7843,76674,1074
2021-09-07,Sutter,101,95872,12469,12310,201,12511,138
2021-09-07,Tehama,103,63373,6742,6482,1067,7549,74
2021-09-07,Trinity,105,12862,667,517,181,698,6
2021-09-07,Tulare,107,460477,59035,57228,11982,69210,874
2021-09-07,Tuolumne,109,53932,5861,5759,61,5820,88
2021-09-07,Ventura,111,848112,92874,91246,4029,95275,1093
2021-09-07,Yolo,113,214977,17968,17653,884,18537,235
2021-09-07,Yuba,115,75493,8812,8642,190,8832,55
2021-09-06,Alameda,001,1643700,111645,110357,2570,112927,1301
2021-09-06,Alpine,003,1148,94,94,0,94,0
2021-09-06,Amador,005,37829,4756,4648,46,4694,53
2021-09-06,Butte,007,227075,17178,16588,2968,19556,218
2021-09-06,Calaveras,009,45235,3192,3122,20,3142,63
2021-09-06,Colusa,011,21464,2347,2306,510,2816,16
2021-09-06,Contra Costa,013,1133247,92140,90971,1851,92822,891
2021-09-06,Del Norte,015,27424,3207,3037,19,3056,24
2021-09-06,El Dorado,017,186661,14145,13848,1375,15223,119
2021-09-06,Fresno,019,978130,122152,119738,10918,130656,1828
2021-09-06,Glenn,021,27897,3022,2912,862,3774,20
2021-09-06,Humboldt,023,135768,7537,7320,309,7629,52
2021-09-06,Imperial,025,180216,30848,30576,2954,33530,751
2021-09-06,Inyo,027,18085,1593,1578,19,1597,39
2021-09-06,Kern,029,883053,112766,110347,16553,126900,1408
2021-09-06,Kings,031,150075,27807,27094,1516,28610,264
2021-09-06,Lake,033,64148,5743,5548,94,5642,78
2021-09-06,Lassen,035,31185,5967,5822,203,6025,21
2021-09-06,Los Angeles,037,10098052,1371286,1359348,51089,1410437,25477
2021-09-06,Madera,039,155013,19782,19191,1517,20708,249
2021-09-06,Marin,041,260295,16529,16356,374,16730,242
2021-09-06,Mariposa,043,17540,805,764,27,791,5
2021-09-06,Mendocino,045,87422,6252,5984,236,6220,61
2021-09-06,Merced,047,269075,36812,36300,1423,37723,513
2021-09-06,Modoc,049,8938,460,449,159,608,5
2021-09-06,Mono,051,14174,1440,1416,18,1434,3
2021-09-06,Monterey,053,433212,46587,45833,2468,48301,541
2021-09-06,Napa,055,140530,11947,11792,78,11870,90
2021-09-06,Nevada,057,99092,7974,7748,261,8009,82
2021-09-06,Orange,059,3164182,291856,287948,13743,301691,5274
2021-09-06,Placer,061,380077,32443,31595,2952,34547,337
2021-09-06,Plumas,063,18699,1129,1068,19,1087,5
2021-09-06,Riverside,065,2383286,339069,333052,15665,348717,4666
2021-09-06,Sacramento,067,1510023,142333,141730,3296,145026,1905
2021-09-06,San Benito,069,59416,6807,6777,136,6913,64
2021-09-06,San Bernardino,071,2135413,333003,329693,10370,340063,5398
2021-09-06,San Diego,073,3302833,344147,340222,20184,360406,3922
2021-09-06,San Francisco,075,870044,48803,48120,2077,50197,589
2021-09-06,San Joaquin,077,732212,90474,89293,4772,94065,1548
2021-09-06,San Luis Obispo,079,281455,26733,26183,1021,27204,286
2021-09-06,San Mateo,081,765935,50726,49859,757,50616,561
2021-09-06,Santa Barbara,083,443738,40717,39876,1419,41295,489
2021-09-06,Santa Clara,085,1922200,137985,136458,1061,137519,1807
2021-09-06,Santa Cruz,087,273765,18900,18615,963,19578,210
2021-09-06,Shasta,089,179085,16775,15985,2555,18540,226
2021-09-06,Sierra,091,2930,129,109,13,122,0
2021-09-06,Siskiyou,093,43540,2743,2595,886,3481,34
2021-09-06,Solano,095,438530,42723,41774,1077,42851,300
2021-09-06,Sonoma,097,501317,38354,37929,465,38394,358
2021-09-06,Stanislaus,099,539301,69234,68596,7799,76395,1074
2021-09-06,Sutter,101,95872,12407,12238,192,12430,138
2021-09-06,Tehama,103,63373,6680,6413,1040,7453,74
2021-09-06,Trinity,105,12862,664,515,179,694,6
2021-09-06,Tulare,107,460477,58676,57068,11902,68970,874
2021-09-06,Tuolumne,109,53932,5825,5697,61,5758,88
2021-09-06,Ventura,111,848112,92697,91132,4017,95149,1093
2021-09-06,Yolo,113,214977,17883,17576,878,18454,235
2021-09-06,Yuba,115,75493,8762,8584,186,8770,55
2021-09-05,Alameda,001,1643700,111454,110173,2567,112740,1301
2021-09-05,Alpine,003,1148,94,94,0,94,0
2021-09-05,Amador,005,37829,4744,4642,46,4688,53
2021-09-05,Butte,007,227075,17088,16504,2940,19444,218
2021-09-05,Calaveras,009,45235,3186,3106,20,3126,63
2021-09-05,Colusa,011,21464,2339,2305,508,2813,16
2021-09-05,Contra Costa,013,1133247,91955,90862,1846,92708,891
2021-09-05,Del Norte,015,27424,3187,3023,19,3042,24
2021-09-05,El Dorado,017,186661,14116,13827,1361,15188,119
2021-09-05,Fresno,019,978130,121853,119384,10876,130260,1828
2021-09-05,Glenn,021,27897,3008,2899,860,3759,20
2021-09-05,Humboldt,023,135768,7504,7312,306,7618,52
2021-09-05,Imperial,025,180216,30819,30548,2952,33500,751
2021-09-05,Inyo,027,18085,1590,1572,19,1591,39
2021-09-05,Kern,029,883053,112466,110073,16394,126467,1408
2021-09-05,Kings,031,150075,27730,26989,1512,28501,264
2021-09-05,Lake,033,64148,5723,5525,94,5619,78
2021-09-05,Lassen,035,31185,5945,5820,199,6019,21
2021-09-05,Los Angeles,037,10098052,1369994,1357748,51018,1408766,25465
2021-09-05,Madera,039,155013,19741,19155,1506,20661,249
2021-09-05,Marin,041,260295,16510,16342,373,16715,242
2021-09-05,Mariposa,043,17540,801,761,27,788,5
2021-09-05,Mendocino,045,87422,6218,5965,236,6201,61
2021-09-05,Merced,047,269075,36737,36243,1421,37664,513
2021-09-05,Modoc,049,8938,460,447,159,606,5
2021-09-05,Mono,051,14174,1440,1416,18,1434,3
2021-09-05,Monterey,053,433212,46558,45795,2459,48254,540
2021-09-05,Napa,055,140530,11922,11770,78,11848,90
2021-09-05,Nevada,057,99092,7952,7722,260,7982,82
2021-09-05,Orange,059,3164182,291568,287614,13726,301340,5274
2021-09-05,Placer,061,380077,32315,31487,2938,34425,337
2021-09-05,Plumas,063,18699,1122,1067,19,1086,5
2021-09-05,Riverside,065,2383286,338614,332604,15653,348257,4654
2021-09-05,Sacramento,067,1510023,141895,141276,3278,144554,1905
2021-09-05,San Benito,069,59416,6806,6764,136,6900,64
2021-09-05,San Bernardino,071,2135413,332622,329062,10355,339417,5392
2021-09-05,San Diego,073,3302833,343593,339427,20143,359570,3914
2021-09-05,San Francisco,075,870044,48725,48035,2072,50107,589
2021-09-05,San Joaquin,077,732212,90308,89121,4755,93876,1548
2021-09-05,San Luis Obispo,079,281455,26684,26098,1020,27118,285
2021-09-05,San Mateo,081,765935,50658,49809,753,50562,561
2021-09-05,Santa Barbara,083,443738,40650,39762,1417,41179,489
2021-09-05,Santa Clara,085,1922200,137775,136146,1059,137205,1807
2021-09-05,Santa Cruz,087,273765,18880,18588,961,19549,210
2021-09-05,Shasta,089,179085,16692,15960,2529,18489,226
2021-09-05,Sierra,091,2930,128,109,13,122,0
2021-09-05,Siskiyou,093,43540,2726,2585,872,3457,34
2021-09-05,Solano,095,438530,42628,41687,1072,42759,300
2021-09-05,Sonoma,097,501317,38269,37881,464,38345,358
2021-09-05,Stanislaus,099,539301,69095,68434,7774,76208,1074
2021-09-05,Sutter,101,95872,12377,12179,186,12365,138
2021-09-05,Tehama,103,63373,6654,6400,1034,7434,74
2021-09-05,Trinity,105,12862,658,505,178,683,6
2021-09-05,Tulare,107,460477,58506,56915,11858,68773,874
2021-09-05,Tuolumne,109,53932,5813,5688,61,5749,88
2021-09-05,Ventura,111,848112,92561,91004,4013,95017,1093
2021-09-05,Yolo,113,214977,17846,17557,872,18429,235
2021-09-05,Yuba,115,75493,8735,8521,184,8705,55
2021-09-04,Alameda,001,1643700,111330,109944,2560,112504,1301
2021-09-04,Alpine,003,1148,94,94,0,94,0
2021-09-04,Amador,005,37829,4726,4637,45,4682,53
2021-09-04,Butte,007,227075,17030,16403,2925,19328,218
2021-09-04,Calaveras,009,45235,3174,3087,19,3106,63
2021-09-04,Colusa,011,21464,2337,2301,508,2809,16
2021-09-04,Contra Costa,013,1133247,91838,90623,1843,92466,891
2021-09-04,Del Norte,015,27424,3176,2984,19,3003,24
2021-09-04,El Dorado,017,186661,14090,13782,1352,15134,119
2021-09-04,Fresno,019,978130,121657,119033,10855,129888,1828
2021-09-04,Glenn,021,27897,2998,2878,854,3732,20
2021-09-04,Humboldt,023,135768,7473,7298,300,7598,52
2021-09-04,Imperial,025,180216,30796,30526,2950,33476,751
2021-09-04,Inyo,027,18085,1588,1571,19,1590,39
2021-09-04,Kern,029,883053,112222,109751,16263,126014,1408
2021-09-04,Kings,031,150075,27643,26896,1506,28402,263
2021-09-04,Lake,033,64148,5705,5507,94,5601,78
2021-09-04,Lassen,035,31185,5930,5814,191,6005,21
2021-09-04,Los Angeles,037,10098052,1369044,1355634,50960,1406594,25454
2021-09-04,Madera,039,155013,19708,19112,1499,20611,249
2021-09-04,Marin,041,260295,16494,16319,372,16691,242
2021-09-04,Mariposa,043,17540,796,759,27,786,5
2021-09-04,Mendocino,045,87422,6182,5933,236,6169,61
2021-09-04,Merced,047,269075,36693,36083,1416,37499,513
2021-09-04,Modoc,049,8938,460,447,159,606,5
2021-09-04,Mono,051,14174,1437,1417,18,1435,3
2021-09-04,Monterey,053,433212,46527,45756,2455,48211,540
2021-09-04,Napa,055,140530,11897,11760,76,11836,90
2021-09-04,Nevada,057,99092,7937,7691,259,7950,82
2021-09-04,Orange,059,3164182,291305,287244,13705,300949,5274
2021-09-04,Placer,061,380077,32211,31374,2921,34295,337
2021-09-04,Plumas,063,18699,1114,1067,19,1086,5
2021-09-04,Riverside,065,2383286,338144,331958,15641,347599,4654
2021-09-04,Sacramento,067,1510023,141602,140735,3270,144005,1896
2021-09-04,San Benito,069,59416,6797,6758,136,6894,64
2021-09-04,San Bernardino,071,2135413,332290,328425,10341,338766,5393
2021-09-04,San Diego,073,3302833,343159,338748,20121,358869,3914
2021-09-04,San Francisco,075,870044,48650,47937,2063,50000,589
2021-09-04,San Joaquin,077,732212,90192,88846,4747,93593,1548
2021-09-04,San Luis Obispo,079,281455,26652,26020,1020,27040,285
2021-09-04,San Mateo,081,765935,50604,49721,753,50474,560
2021-09-04,Santa Barbara,083,443738,40584,39667,1415,41082,489
2021-09-04,Santa Clara,085,1922200,137589,135845,1056,136901,1806
2021-09-04,Santa Cruz,087,273765,18862,18579,957,19536,210
2021-09-04,Shasta,089,179085,16615,15924,2503,18427,226
2021-09-04,Sierra,091,2930,126,108,13,121,0
2021-09-04,Siskiyou,093,43540,2700,2563,861,3424,34
2021-09-04,Solano,095,438530,42555,41614,1070,42684,300
2021-09-04,Sonoma,097,501317,38236,37809,464,38273,358
2021-09-04,Stanislaus,099,539301,68948,68210,7749,75959,1074
2021-09-04,Sutter,101,95872,12336,12137,185,12322,138
2021-09-04,Tehama,103,63373,6629,6367,1016,7383,74
2021-09-04,Trinity,105,12862,656,497,178,675,6
2021-09-04,Tulare,107,460477,58398,56719,11815,68534,874
2021-09-04,Tuolumne,109,53932,5795,5667,59,5726,88
2021-09-04,Ventura,111,848112,92426,90904,4010,94914,1090
2021-09-04,Yolo,113,214977,17810,17522,868,18390,235
2021-09-04,Yuba,115,75493,8706,8475,183,8658,55
2021-09-03,Alameda,001,1643700,111175,109636,2557,112193,1301
2021-09-03,Alpine,003,1148,94,94,0,94,0
2021-09-03,Amador,005,37829,4704,4614,45,4659,53
2021-09-03,Butte,007,227075,16940,16259,2899,19158,215
2021-09-03,Calaveras,009,45235,3164,3069,19,3088,63
2021-09-03,Colusa,011,21464,2332,2295,507,2802,16
2021-09-03,Contra Costa,013,1133247,91686,90299,1840,92139,886
2021-09-03,Del Norte,015,27424,3148,2943,18,2961,24
2021-09-03,El Dorado,017,186661,14057,13710,1348,15058,119
2021-09-03,Fresno,019,978130,121322,118508,10833,129341,1822
2021-09-03,Glenn,021,27897,2989,2867,847,3714,20
2021-09-03,Humboldt,023,135768,7448,7194,295,7489,52
2021-09-03,Imperial,025,180216,30773,30475,2945,33420,751
2021-09-03,Inyo,027,18085,1583,1567,19,1586,39
2021-09-03,Kern,029,883053,112006,109296,16152,125448,1407
2021-09-03,Kings,031,150075,27559,26753,1503,28256,263
2021-09-03,Lake,033,64148,5685,5479,92,5571,78
2021-09-03,Lassen,035,31185,5913,5789,186,5975,21
2021-09-03,Los Angeles,037,10098052,1367712,1351185,50893,1402078,25384
2021-09-03,Madera,039,155013,19623,19021,1493,20514,247
2021-09-03,Marin,041,260295,16472,16293,371,16664,242
2021-09-03,Mariposa,043,17540,789,753,25,778,5
2021-09-03,Mendocino,045,87422,6147,5891,236,6127,61
2021-09-03,Merced,047,269075,36639,35941,1407,37348,512
2021-09-03,Modoc,049,8938,460,445,159,604,5
2021-09-03,Mono,051,14174,1436,1410,18,1428,3
2021-09-03,Monterey,053,433212,46489,45707,2451,48158,540
2021-09-03,Napa,055,140530,11876,11733,76,11809,89
2021-09-03,Nevada,057,99092,7903,7632,259,7891,82
2021-09-03,Orange,059,3164182,290987,286818,13677,300495,5253
2021-09-03,Placer,061,380077,32104,31238,2897,34135,335
2021-09-03,Plumas,063,18699,1103,1057,19,1076,5
2021-09-03,Riverside,065,2383286,337612,331011,15625,346636,4653
2021-09-03,Sacramento,067,1510023,141233,139982,3251,143233,1886
2021-09-03,San Benito,069,59416,6791,6746,136,6882,64
2021-09-03,San Bernardino,071,2135413,331875,327599,10330,337929,5381
2021-09-03,San Diego,073,3302833,342539,337627,20088,357715,3911
2021-09-03,San Francisco,075,870044,48574,47822,2057,49879,589
2021-09-03,San Joaquin,077,732212,90039,88366,4739,93105,1540
2021-09-03,San Luis Obispo,079,281455,26576,25917,1018,26935,283
2021-09-03,San Mateo,081,765935,50509,49617,751,50368,560
2021-09-03,Santa Barbara,083,443738,40517,39507,1412,40919,489
2021-09-03,Santa Clara,085,1922200,137387,135522,1052,136574,1801
2021-09-03,Santa Cruz,087,273765,18837,18532,957,19489,210
2021-09-03,Shasta,089,179085,16540,15778,2479,18257,226
2021-09-03,Sierra,091,2930,124,105,13,118,0
2021-09-03,Siskiyou,093,43540,2688,2529,848,3377,34
2021-09-03,Solano,095,438530,42459,41457,1067,42524,300
2021-09-03,Sonoma,097,501317,38173,37699,464,38163,358
2021-09-03,Stanislaus,099,539301,68773,67887,7723,75610,1074
2021-09-03,Sutter,101,95872,12297,12073,184,12257,139
2021-09-03,Tehama,103,63373,6590,6334,1009,7343,72
2021-09-03,Trinity,105,12862,654,490,173,663,6
2021-09-03,Tulare,107,460477,58271,56401,11762,68163,872
2021-09-03,Tuolumne,109,53932,5753,5630,59,5689,88
2021-09-03,Ventura,111,848112,92292,90742,4006,94748,1088
2021-09-03,Yolo,113,214977,17787,17446,862,18308,235
2021-09-03,Yuba,115,75493,8675,8412,183,8595,55
2021-09-02,Alameda,001,1643700,110916,109377,2554,111931,1301
2021-09-02,Alpine,003,1148,93,92,0,92,0
2021-09-02,Amador,005,37829,4688,4606,45,4651,53
2021-09-02,Butte,007,227075,16814,16154,2880,19034,215
2021-09-02,Calaveras,009,45235,3151,3042,19,3061,62
2021-09-02,Colusa,011,21464,2328,2290,507,2797,16
2021-09-02,Contra Costa,013,1133247,91503,90038,1829,91867,886
2021-09-02,Del Norte,015,27424,3117,2891,18,2909,24
2021-09-02,El Dorado,017,186661,13998,13641,1323,14964,119
2021-09-02,Fresno,019,978130,120834,117974,10778,128752,1804
2021-09-02,Glenn,021,27897,2973,2855,841,3696,20
2021-09-02,Humboldt,023,135768,7401,7141,284,7425,52
2021-09-02,Imperial,025,180216,30729,30449,2940,33389,751
2021-09-02,Inyo,027,18085,1578,1564,18,1582,39
2021-09-02,Kern,029,883053,111594,108930,16008,124938,1404
2021-09-02,Kings,031,150075,27466,26638,1493,28131,263
2021-09-02,Lake,033,64148,5655,5432,88,5520,78
2021-09-02,Lassen,035,31185,5899,5747,179,5926,21
2021-09-02,Los Angeles,037,10098052,1365850,1351105,50798,1401903,25382
2021-09-02,Madera,039,155013,19532,18937,1474,20411,247
2021-09-02,Marin,041,260295,16459,16244,369,16613,242
2021-09-02,Mariposa,043,17540,782,745,22,767,5
2021-09-02,Mendocino,045,87422,6105,5848,233,6081,61
2021-09-02,Merced,047,269075,36476,35820,1400,37220,508
2021-09-02,Modoc,049,8938,460,437,159,596,5
2021-09-02,Mono,051,14174,1436,1409,18,1427,3
2021-09-02,Monterey,053,433212,46423,45648,2436,48084,539
2021-09-02,Napa,055,140530,11847,11684,76,11760,88
2021-09-02,Nevada,057,99092,7851,7575,258,7833,82
2021-09-02,Orange,059,3164182,290527,286326,13643,299969,5240
2021-09-02,Placer,061,380077,31966,31067,2868,33935,330
2021-09-02,Plumas,063,18699,1092,1045,18,1063,5
2021-09-02,Riverside,065,2383286,336896,330190,15600,345790,4644
2021-09-02,Sacramento,067,1510023,140650,139274,3212,142486,1882
2021-09-02,San Benito,069,59416,6786,6734,135,6869,64
2021-09-02,San Bernardino,071,2135413,331269,326940,10257,337197,5369
2021-09-02,San Diego,073,3302833,341573,336382,20035,356417,3909
2021-09-02,San Francisco,075,870044,48466,47674,2053,49727,587
2021-09-02,San Joaquin,077,732212,89755,88056,4715,92771,1540
2021-09-02,San Luis Obispo,079,281455,26491,25851,1013,26864,283
2021-09-02,San Mateo,081,765935,50410,49490,748,50238,558
2021-09-02,Santa Barbara,083,443738,40427,39386,1399,40785,486
2021-09-02,Santa Clara,085,1922200,137086,135216,1046,136262,1799
2021-09-02,Santa Cruz,087,273765,18803,18473,954,19427,210
2021-09-02,Shasta,089,179085,16402,15670,2450,18120,224
2021-09-02,Sierra,091,2930,124,105,13,118,0
2021-09-02,Siskiyou,093,43540,2667,2513,820,3333,34
2021-09-02,Solano,095,438530,42353,41293,1064,42357,294
2021-09-02,Sonoma,097,501317,38092,37558,464,38022,352
2021-09-02,Stanislaus,099,539301,68532,67576,7701,75277,1074
2021-09-02,Sutter,101,95872,12228,11995,180,12175,138
2021-09-02,Tehama,103,63373,6532,6265,990,7255,72
2021-09-02,Trinity,105,12862,650,484,171,655,6
2021-09-02,Tulare,107,460477,58041,56105,11709,67814,872
2021-09-02,Tuolumne,109,53932,5697,5578,59,5637,88
2021-09-02,Ventura,111,848112,92109,90610,4001,94611,1084
2021-09-02,Yolo,113,214977,17718,17357,851,18208,235
2021-09-02,Yuba,115,75493,8615,8363,183,8546,55
2021-09-01,Alameda,001,1643700,110649,109075,2548,111623,1299
2021-09-01,Alpine,003,1148,93,92,0,92,0
2021-09-01,Amador,005,37829,4672,4599,44,4643,53
2021-09-01,Butte,007,227075,16700,16046,2855,18901,215
2021-09-01,Calaveras,009,45235,3139,3023,19,3042,59
2021-09-01,Colusa,011,21464,2323,2281,506,2787,16
2021-09-01,Contra Costa,013,1133247,91268,89834,1822,91656,877
2021-09-01,Del Norte,015,27424,3084,2860,18,2878,24
2021-09-01,El Dorado,017,186661,13942,13577,1294,14871,119
2021-09-01,Fresno,019,978130,120343,117492,10708,128200,1800
2021-09-01,Glenn,021,27897,2948,2846,833,3679,20
2021-09-01,Humboldt,023,135768,7354,7090,277,7367,52
2021-09-01,Imperial,025,180216,30691,30393,2935,33328,750
2021-09-01,Inyo,027,18085,1574,1561,17,1578,39
2021-09-01,Kern,029,883053,111163,108449,15866,124315,1400
2021-09-01,Kings,031,150075,27353,26443,1482,27925,263
2021-09-01,Lake,033,64148,5614,5396,83,5479,77
2021-09-01,Lassen,035,31185,5877,5731,175,5906,21
2021-09-01,Los Angeles,037,10098052,1363585,1348589,50694,1399283,25341
2021-09-01,Madera,039,155013,19454,18852,1459,20311,247
2021-09-01,Marin,041,260295,16437,16224,364,16588,240
2021-09-01,Mariposa,043,17540,774,735,22,757,5
2021-09-01,Mendocino,045,87422,6062,5821,228,6049,59
2021-09-01,Merced,047,269075,36299,35686,1390,37076,500
2021-09-01,Modoc,049,8938,454,436,157,593,5
2021-09-01,Mono,051,14174,1436,1400,18,1418,3
2021-09-01,Monterey,053,433212,46343,45590,2421,48011,539
2021-09-01,Napa,055,140530,11814,11653,76,11729,88
2021-09-01,Nevada,057,99092,7798,7508,257,7765,82
2021-09-01,Orange,059,3164182,290054,285840,13605,299445,5233
2021-09-01,Placer,061,380077,31811,30902,2854,33756,330
2021-09-01,Plumas,063,18699,1084,1033,18,1051,5
2021-09-01,Riverside,065,2383286,336080,329388,15570,344958,4634
2021-09-01,Sacramento,067,1510023,140041,138499,3166,141665,1875
2021-09-01,San Benito,069,59416,6769,6716,135,6851,64
2021-09-01,San Bernardino,071,2135413,330618,326250,10228,336478,5364
2021-09-01,San Diego,073,3302833,340543,335302,19979,355281,3908
2021-09-01,San Francisco,075,870044,48357,47538,2046,49584,584
2021-09-01,San Joaquin,077,732212,89433,87640,4692,92332,1540
2021-09-01,San Luis Obispo,079,281455,26395,25691,1008,26699,283
2021-09-01,San Mateo,081,765935,50290,49394,742,50136,558
2021-09-01,Santa Barbara,083,443738,40310,39263,1383,40646,483
2021-09-01,Santa Clara,085,1922200,136818,134855,1039,135894,1796
2021-09-01,Santa Cruz,087,273765,18756,18453,952,19405,210
2021-09-01,Shasta,089,179085,16270,15552,2409,17961,221
2021-09-01,Sierra,091,2930,123,98,13,111,0
2021-09-01,Siskiyou,093,43540,2637,2482,800,3282,34
2021-09-01,Solano,095,438530,42202,41194,1058,42252,293
2021-09-01,Sonoma,097,501317,37997,37454,463,37917,352
2021-09-01,Stanislaus,099,539301,68248,67287,7670,74957,1075
2021-09-01,Sutter,101,95872,12164,11945,173,12118,136
2021-09-01,Tehama,103,63373,6498,6228,973,7201,72
2021-09-01,Trinity,105,12862,649,482,168,650,5
2021-09-01,Tulare,107,460477,57758,55768,11672,67440,870
2021-09-01,Tuolumne,109,53932,5658,5553,59,5612,88
2021-09-01,Ventura,111,848112,91894,90471,3985,94456,1089
2021-09-01,Yolo,113,214977,17662,17264,845,18109,235
2021-09-01,Yuba,115,75493,8553,8308,183,8491,55
2021-08-31,Alameda,001,1643700,110355,108837,2541,111378,1297
2021-08-31,Alpine,003,1148,91,92,0,92,0
2021-08-31,Amador,005,37829,4651,4555,44,4599,53
2021-08-31,Butte,007,227075,16557,15896,2814,18710,216
2021-08-31,Calaveras,009,45235,3099,3008,19,3027,59
2021-08-31,Colusa,011,21464,2321,2275,504,2779,16
2021-08-31,Contra Costa,013,1133247,90973,89546,1810,91356,871
2021-08-31,Del Norte,015,27424,3048,2830,18,2848,19
2021-08-31,El Dorado,017,186661,13871,13539,1276,14815,119
2021-08-31,Fresno,019,978130,119767,117155,10629,127784,1801
2021-08-31,Glenn,021,27897,2932,2829,822,3651,20
2021-08-31,Humboldt,023,135768,7279,7030,264,7294,52
2021-08-31,Imperial,025,180216,30654,30348,2927,33275,750
2021-08-31,Inyo,027,18085,1570,1550,17,1567,39
2021-08-31,Kern,029,883053,110661,108151,15687,123838,1393
2021-08-31,Kings,031,150075,27211,26405,1468,27873,260
2021-08-31,Lake,033,64148,5570,5359,80,5439,74
2021-08-31,Lassen,035,31185,5851,5702,172,5874,21
2021-08-31,Los Angeles,037,10098052,1360997,1346686,50614,1397300,25303
2021-08-31,Madera,039,155013,19364,18811,1441,20252,247
2021-08-31,Marin,041,260295,16408,16215,361,16576,240
2021-08-31,Mariposa,043,17540,766,732,22,754,5
2021-08-31,Mendocino,045,87422,6020,5777,226,6003,59
2021-08-31,Merced,047,269075,36129,35512,1385,36897,498
2021-08-31,Modoc,049,8938,453,436,157,593,5
2021-08-31,Mono,051,14174,1424,1398,18,1416,3
2021-08-31,Monterey,053,433212,46259,45550,2408,47958,539
2021-08-31,Napa,055,140530,11767,11618,76,11694,88
2021-08-31,Nevada,057,99092,7731,7460,257,7717,82
2021-08-31,Orange,059,3164182,289455,285310,13571,298881,5229
2021-08-31,Placer,061,380077,31622,30745,2816,33561,325
2021-08-31,Plumas,063,18699,1080,1018,17,1035,5
2021-08-31,Riverside,065,2383286,335106,328556,15537,344093,4627
2021-08-31,Sacramento,067,1510023,139356,137879,3134,141013,1863
2021-08-31,San Benito,069,59416,6757,6694,133,6827,64
2021-08-31,San Bernardino,071,2135413,329872,325446,10208,335654,5350
2021-08-31,San Diego,073,3302833,339284,334377,19921,354298,3888
2021-08-31,San Francisco,075,870044,48207,47440,2035,49475,581
2021-08-31,San Joaquin,077,732212,88988,87365,4677,92042,1540
2021-08-31,San Luis Obispo,079,281455,26272,25518,1004,26522,282
2021-08-31,San Mateo,081,765935,50178,49299,742,50041,556
2021-08-31,Santa Barbara,083,443738,40159,39091,1377,40468,481
2021-08-31,Santa Clara,085,1922200,136468,134637,1032,135669,1793
2021-08-31,Santa Cruz,087,273765,18717,18419,949,19368,210
2021-08-31,Shasta,089,179085,16118,15368,2382,17750,220
2021-08-31,Sierra,091,2930,120,95,13,108,0
2021-08-31,Siskiyou,093,43540,2617,2435,784,3219,33
2021-08-31,Solano,095,438530,42063,41067,1051,42118,289
2021-08-31,Sonoma,097,501317,37901,37379,461,37840,352
2021-08-31,Stanislaus,099,539301,67893,67004,7635,74639,1075
2021-08-31,Sutter,101,95872,12099,11901,169,12070,136
2021-08-31,Tehama,103,63373,6437,6169,942,7111,72
2021-08-31,Trinity,105,12862,643,480,168,648,3
2021-08-31,Tulare,107,460477,57425,55567,11601,67168,870
2021-08-31,Tuolumne,109,53932,5622,5516,59,5575,88
2021-08-31,Ventura,111,848112,91675,90292,3973,94265,1081
2021-08-31,Yolo,113,214977,17581,17205,836,18041,234
2021-08-31,Yuba,115,75493,8499,8253,183,8436,54
2021-08-30,Alameda,001,1643700,110030,107734,2530,110264,1296
2021-08-30,Alpine,003,1148,91,92,0,92,0
2021-08-30,Amador,005,37829,4640,4507,44,4551,53
2021-08-30,Butte,007,227075,16406,15719,2781,18500,214
2021-08-30,Calaveras,009,45235,3084,2975,19,2994,59
2021-08-30,Colusa,011,21464,2312,2271,501,2772,16
2021-08-30,Contra Costa,013,1133247,90714,87679,1800,89479,872
2021-08-30,Del Norte,015,27424,3006,2796,17,2813,11
2021-08-30,El Dorado,017,186661,13802,13217,1259,14476,119
2021-08-30,Fresno,019,978130,119194,115867,10557,126424,1790
2021-08-30,Glenn,021,27897,2921,2804,816,3620,20
2021-08-30,Humboldt,023,135768,7225,6930,258,7188,52
2021-08-30,Imperial,025,180216,30616,30311,2922,33233,750
2021-08-30,Inyo,027,18085,1565,1544,17,1561,39
2021-08-30,Kern,029,883053,110182,107615,15523,123138,1389
2021-08-30,Kings,031,150075,27095,26236,1453,27689,259
2021-08-30,Lake,033,64148,5535,5323,77,5400,74
2021-08-30,Lassen,035,31185,5829,5667,166,5833,21
2021-08-30,Los Angeles,037,10098052,1358537,1344949,50528,1395477,25269
2021-08-30,Madera,039,155013,19282,18622,1421,20043,247
2021-08-30,Marin,041,260295,16377,16160,361,16521,240
2021-08-30,Mariposa,043,17540,760,715,21,736,5
2021-08-30,Mendocino,045,87422,5986,5721,222,5943,55
2021-08-30,Merced,047,269075,36001,35335,1381,36716,497
2021-08-30,Modoc,049,8938,451,436,156,592,5
2021-08-30,Mono,051,14174,1423,1390,18,1408,3
2021-08-30,Monterey,053,433212,46197,45463,2391,47854,539
2021-08-30,Napa,055,140530,11718,11579,74,11653,87
2021-08-30,Nevada,057,99092,7672,7356,254,7610,82
2021-08-30,Orange,059,3164182,288873,284750,13522,298272,5223
2021-08-30,Placer,061,380077,31457,29825,2793,32618,319
2021-08-30,Plumas,063,18699,1063,998,17,1015,5
2021-08-30,Riverside,065,2383286,334209,327593,15506,343099,4623
2021-08-30,Sacramento,067,1510023,138698,134571,3088,137659,1847
2021-08-30,San Benito,069,59416,6748,6663,133,6796,64
2021-08-30,San Bernardino,071,2135413,329195,324870,10178,335048,5348
2021-08-30,San Diego,073,3302833,338013,333011,19841,352852,3885
2021-08-30,San Francisco,075,870044,48068,46966,2021,48987,581
2021-08-30,San Joaquin,077,732212,88657,86203,4656,90859,1528
2021-08-30,San Luis Obispo,079,281455,26147,25422,997,26419,280
2021-08-30,San Mateo,081,765935,50052,48839,736,49575,554
2021-08-30,Santa Barbara,083,443738,40008,38998,1372,40370,481
2021-08-30,Santa Clara,085,1922200,136147,133281,1025,134306,1789
2021-08-30,Santa Cruz,087,273765,18663,18326,945,19271,210
2021-08-30,Shasta,089,179085,15989,15238,2340,17578,217
2021-08-30,Sierra,091,2930,118,91,13,104,0
2021-08-30,Siskiyou,093,43540,2604,2411,773,3184,33
2021-08-30,Solano,095,438530,41902,39986,1047,41033,290
2021-08-30,Sonoma,097,501317,37795,36764,461,37225,352
2021-08-30,Stanislaus,099,539301,67554,66173,7604,73777,1074
2021-08-30,Sutter,101,95872,12029,11791,162,11953,136
2021-08-30,Tehama,103,63373,6358,6085,918,7003,71
2021-08-30,Trinity,105,12862,632,468,165,633,3
2021-08-30,Tulare,107,460477,57113,55140,11525,66665,870
2021-08-30,Tuolumne,109,53932,5576,5492,59,5551,74
2021-08-30,Ventura,111,848112,91459,90149,3961,94110,1082
2021-08-30,Yolo,113,214977,17519,17071,832,17903,231
2021-08-30,Yuba,115,75493,8425,8129,182,8311,54
2021-08-29,Alameda,001,1643700,109687,107494,2518,110012,1296
2021-08-29,Alpine,003,1148,91,92,0,92,0
2021-08-29,Amador,005,37829,4626,4501,44,4545,53
2021-08-29,Butte,007,227075,16235,15602,2744,18346,214
2021-08-29,Calaveras,009,45235,3051,2970,19,2989,59
2021-08-29,Colusa,011,21464,2305,2260,495,2755,16
2021-08-29,Contra Costa,013,1133247,90417,87439,1795,89234,872
2021-08-29,Del Norte,015,27424,2963,2752,17,2769,11
2021-08-29,El Dorado,017,186661,13746,13166,1248,14414,119
2021-08-29,Fresno,019,978130,118597,115502,10487,125989,1790
2021-08-29,Glenn,021,27897,2903,2778,809,3587,20
2021-08-29,Humboldt,023,135768,7181,6922,243,7165,52
2021-08-29,Imperial,025,180216,30555,30293,2911,33204,750
2021-08-29,Inyo,027,18085,1555,1543,16,1559,39
2021-08-29,Kern,029,883053,109731,107324,15353,122677,1389
2021-08-29,Kings,031,150075,26942,26143,1438,27581,259
2021-08-29,Lake,033,64148,5495,5293,67,5360,74
2021-08-29,Lassen,035,31185,5806,5666,162,5828,21
2021-08-29,Los Angeles,037,10098052,1355777,1342541,50416,1392957,25263
2021-08-29,Madera,039,155013,19195,18594,1405,19999,247
2021-08-29,Marin,041,260295,16346,16134,359,16493,240
2021-08-29,Mariposa,043,17540,754,709,19,728,5
2021-08-29,Mendocino,045,87422,5928,5689,209,5898,55
2021-08-29,Merced,047,269075,35762,35250,1369,36619,497
2021-08-29,Modoc,049,8938,448,436,156,592,5
2021-08-29,Mono,051,14174,1416,1387,18,1405,3
2021-08-29,Monterey,053,433212,46091,45424,2367,47791,539
2021-08-29,Napa,055,140530,11687,11552,74,11626,87
2021-08-29,Nevada,057,99092,7615,7294,253,7547,82
2021-08-29,Orange,059,3164182,288246,284432,13479,297911,5223
2021-08-29,Placer,061,380077,31284,29674,2752,32426,319
2021-08-29,Plumas,063,18699,1052,996,17,1013,5
2021-08-29,Riverside,065,2383286,333352,326987,15485,342472,4623
2021-08-29,Sacramento,067,1510023,137945,133981,3039,137020,1843
2021-08-29,San Benito,069,59416,6723,6646,133,6779,64
2021-08-29,San Bernardino,071,2135413,328410,324266,10144,334410,5347
2021-08-29,San Diego,073,3302833,336907,332014,19745,351759,3880
2021-08-29,San Francisco,075,870044,47933,46885,2009,48894,581
2021-08-29,San Joaquin,077,732212,88210,85922,4635,90557,1528
2021-08-29,San Luis Obispo,079,281455,25949,25288,989,26277,280
2021-08-29,San Mateo,081,765935,49939,48737,731,49468,554
2021-08-29,Santa Barbara,083,443738,39842,38900,1368,40268,481
2021-08-29,Santa Clara,085,1922200,135794,132979,1019,133998,1789
2021-08-29,Santa Cruz,087,273765,18615,18285,943,19228,210
2021-08-29,Shasta,089,179085,15835,15198,2313,17511,217
2021-08-29,Sierra,091,2930,116,91,13,104,0
2021-08-29,Siskiyou,093,43540,2557,2407,753,3160,33
2021-08-29,Solano,095,438530,41748,39887,1040,40927,290
2021-08-29,Sonoma,097,501317,37659,36650,457,37107,352
2021-08-29,Stanislaus,099,539301,67209,65956,7568,73524,1074
2021-08-29,Sutter,101,95872,11970,11719,155,11874,136
2021-08-29,Tehama,103,63373,6287,6040,895,6935,71
2021-08-29,Trinity,105,12862,629,468,161,629,3
2021-08-29,Tulare,107,460477,56780,54974,11441,66415,870
2021-08-29,Tuolumne,109,53932,5551,5478,58,5536,74
2021-08-29,Ventura,111,848112,91201,90114,3952,94066,1082
2021-08-29,Yolo,113,214977,17419,17015,820,17835,231
2021-08-29,Yuba,115,75493,8361,8042,182,8224,54
2021-08-28,Alameda,001,1643700,109521,107007,2509,109516,1296
2021-08-28,Alpine,003,1148,91,92,0,92,0
2021-08-28,Amador,005,37829,4607,4484,43,4527,53
2021-08-28,Butte,007,227075,16176,15487,2716,18203,214
2021-08-28,Calaveras,009,45235,3041,2926,19,2945,59
2021-08-28,Colusa,011,21464,2301,2252,493,2745,16
2021-08-28,Contra Costa,013,1133247,90205,86938,1792,88730,872
2021-08-28,Del Norte,015,27424,2936,2734,16,2750,11
2021-08-28,El Dorado,017,186661,13706,13089,1242,14331,119
2021-08-28,Fresno,019,978130,118356,115079,10456,125535,1792
2021-08-28,Glenn,021,27897,2894,2773,802,3575,20
2021-08-28,Humboldt,023,135768,7146,6887,238,7125,52
2021-08-28,Imperial,025,180216,30528,30260,2908,33168,750
2021-08-28,Inyo,027,18085,1553,1539,16,1555,39
2021-08-28,Kern,029,883053,109493,107012,15211,122223,1389
2021-08-28,Kings,031,150075,26875,26059,1435,27494,257
2021-08-28,Lake,033,64148,5472,5267,63,5330,74
2021-08-28,Lassen,035,31185,5791,5665,161,5826,21
2021-08-28,Los Angeles,037,10098052,1354568,1337097,50343,1387440,25234
2021-08-28,Madera,039,155013,19144,18553,1391,19944,247
2021-08-28,Marin,041,260295,16331,16106,359,16465,240
2021-08-28,Mariposa,043,17540,752,704,19,723,5
2021-08-28,Mendocino,045,87422,5903,5658,209,5867,55
2021-08-28,Merced,047,269075,35710,35108,1366,36474,497
2021-08-28,Modoc,049,8938,448,436,155,591,5
2021-08-28,Mono,051,14174,1413,1385,18,1403,3
2021-08-28,Monterey,053,433212,46049,45394,2362,47756,539
2021-08-28,Napa,055,140530,11664,11512,73,11585,88
2021-08-28,Nevada,057,99092,7591,7238,251,7489,82
2021-08-28,Orange,059,3164182,287888,283953,13430,297383,5222
2021-08-28,Placer,061,380077,31175,29428,2739,32167,319
2021-08-28,Plumas,063,18699,1045,991,17,1008,5
2021-08-28,Riverside,065,2383286,332764,326222,15475,341697,4623
2021-08-28,Sacramento,067,1510023,137554,132985,3023,136008,1844
2021-08-28,San Benito,069,59416,6716,6636,133,6769,64
2021-08-28,San Bernardino,071,2135413,327962,323672,10136,333808,5348
2021-08-28,San Diego,073,3302833,336323,331330,19709,351039,3880
2021-08-28,San Francisco,075,870044,47861,46654,2002,48656,581
2021-08-28,San Joaquin,077,732212,88041,85481,4626,90107,1527
2021-08-28,San Luis Obispo,079,281455,25882,25138,984,26122,280
2021-08-28,San Mateo,081,765935,49865,48575,727,49302,554
2021-08-28,Santa Barbara,083,443738,39771,38780,1367,40147,481
2021-08-28,Santa Clara,085,1922200,135587,132488,1017,133505,1789
2021-08-28,Santa Cruz,087,273765,18599,18240,940,19180,210
2021-08-28,Shasta,089,179085,15732,15147,2294,17441,217
2021-08-28,Sierra,091,2930,112,91,13,104,0
2021-08-28,Siskiyou,093,43540,2549,2402,742,3144,33
2021-08-28,Solano,095,438530,41699,39610,1039,40649,290
2021-08-28,Sonoma,097,501317,37586,36466,455,36921,352
2021-08-28,Stanislaus,099,539301,67051,65670,7551,73221,1074
2021-08-28,Sutter,101,95872,11949,11669,154,11823,136
2021-08-28,Tehama,103,63373,6262,6004,882,6886,71
2021-08-28,Trinity,105,12862,625,463,160,623,3
2021-08-28,Tulare,107,460477,56650,54746,11399,66145,870
2021-08-28,Tuolumne,109,53932,5535,5469,58,5527,74
2021-08-28,Ventura,111,848112,91083,89934,3950,93884,1081
2021-08-28,Yolo,113,214977,17383,16907,813,17720,231
2021-08-28,Yuba,115,75493,8330,7985,181,8166,55
2021-08-27,Alameda,001,1643700,109312,106622,2506,109128,1296
2021-08-27,Alpine,003,1148,91,92,0,92,0
2021-08-27,Amador,005,37829,4591,4458,42,4500,53
2021-08-27,Butte,007,227075,16096,15277,2697,17974,214
2021-08-27,Calaveras,009,45235,3027,2903,19,2922,59
2021-08-27,Colusa,011,21464,2295,2240,491,2731,16
2021-08-27,Contra Costa,013,1133247,90007,86386,1789,88175,872
2021-08-27,Del Norte,015,27424,2904,2695,16,2711,11
2021-08-27,El Dorado,017,186661,13667,12968,1238,14206,119
2021-08-27,Fresno,019,978130,117922,114481,10432,124913,1774
2021-08-27,Glenn,021,27897,2876,2754,793,3547,20
2021-08-27,Humboldt,023,135768,7113,6782,235,7017,52
2021-08-27,Imperial,025,180216,30508,30201,2905,33106,750
2021-08-27,Inyo,027,18085,1552,1529,16,1545,39
2021-08-27,Kern,029,883053,109199,106570,15101,121671,1385
2021-08-27,Kings,031,150075,26796,25957,1433,27390,257
2021-08-27,Lake,033,64148,5447,5228,62,5290,74
2021-08-27,Lassen,035,31185,5775,5646,156,5802,21
2021-08-27,Los Angeles,037,10098052,1353042,1337006,50278,1387284,25230
2021-08-27,Madera,039,155013,19088,18476,1378,19854,247
2021-08-27,Marin,041,260295,16315,16055,357,16412,240
2021-08-27,Mariposa,043,17540,746,690,19,709,5
2021-08-27,Mendocino,045,87422,5872,5602,208,5810,55
2021-08-27,Merced,047,269075,35656,34906,1357,36263,495
2021-08-27,Modoc,049,8938,448,434,155,589,5
2021-08-27,Mono,051,14174,1408,1385,18,1403,3
2021-08-27,Monterey,053,433212,46000,45337,2354,47691,539
2021-08-27,Napa,055,140530,11630,11460,73,11533,87
2021-08-27,Nevada,057,99092,7551,7169,249,7418,82
2021-08-27,Orange,059,3164182,287527,283407,13391,296798,5206
2021-08-27,Placer,061,380077,31045,29157,2719,31876,320
2021-08-27,Plumas,063,18699,1039,984,17,1001,5
2021-08-27,Riverside,065,2383286,332246,325379,15460,340839,4622
2021-08-27,Sacramento,067,1510023,137119,131921,3010,134931,1838
2021-08-27,San Benito,069,59416,6710,6622,133,6755,64
2021-08-27,San Bernardino,071,2135413,327438,322893,10118,333011,5342
2021-08-27,San Diego,073,3302833,335542,330162,19655,349817,3877
2021-08-27,San Francisco,075,870044,47785,46456,1984,48440,581
2021-08-27,San Joaquin,077,732212,87858,84949,4607,89556,1524
2021-08-27,San Luis Obispo,079,281455,25834,24952,981,25933,280
2021-08-27,San Mateo,081,765935,49790,48424,723,49147,553
2021-08-27,Santa Barbara,083,443738,39679,38675,1365,40040,480
2021-08-27,Santa Clara,085,1922200,135357,132011,1014,133025,1783
2021-08-27,Santa Cruz,087,273765,18560,18163,936,19099,210
2021-08-27,Shasta,089,179085,15652,14996,2278,17274,217
2021-08-27,Sierra,091,2930,111,91,13,104,0
2021-08-27,Siskiyou,093,43540,2534,2358,728,3086,33
2021-08-27,Solano,095,438530,41585,39347,1035,40382,287
2021-08-27,Sonoma,097,501317,37514,36326,454,36780,342
2021-08-27,Stanislaus,099,539301,66841,65167,7513,72680,1061
2021-08-27,Sutter,101,95872,11903,11590,152,11742,135
2021-08-27,Tehama,103,63373,6229,5964,867,6831,71
2021-08-27,Trinity,105,12862,625,458,159,617,3
2021-08-27,Tulare,107,460477,56515,54443,11354,65797,870
2021-08-27,Tuolumne,109,53932,5503,5438,58,5496,74
2021-08-27,Ventura,111,848112,90954,89774,3946,93720,1076
2021-08-27,Yolo,113,214977,17340,16805,808,17613,231
2021-08-27,Yuba,115,75493,8273,7926,181,8107,54
2021-08-26,Alameda,001,1643700,109037,106146,2497,108643,1296
2021-08-26,Alpine,003,1148,91,92,0,92,0
2021-08-26,Amador,005,37829,4576,4442,41,4483,53
2021-08-26,Butte,007,227075,15963,15159,2662,17821,214
2021-08-26,Calaveras,009,45235,3016,2873,19,2892,59
2021-08-26,Colusa,011,21464,2288,2234,487,2721,16
2021-08-26,Contra Costa,013,1133247,89648,85808,1783,87591,866
2021-08-26,Del Norte,015,27424,2868,2625,16,2641,8
2021-08-26,El Dorado,017,186661,13598,12863,1224,14087,118
2021-08-26,Fresno,019,978130,117418,113854,10378,124232,1770
2021-08-26,Glenn,021,27897,2858,2740,784,3524,20
2021-08-26,Humboldt,023,135768,7055,6695,225,6920,53
2021-08-26,Imperial,025,180216,30459,30121,2897,33018,748
2021-08-26,Inyo,027,18085,1542,1521,15,1536,39
2021-08-26,Kern,029,883053,108771,106051,14958,121009,1380
2021-08-26,Kings,031,150075,26673,25838,1425,27263,260
2021-08-26,Lake,033,64148,5401,5196,59,5255,74
2021-08-26,Lassen,035,31185,5763,5626,154,5780,21
2021-08-26,Los Angeles,037,10098052,1350771,1334372,50183,1384555,25199
2021-08-26,Madera,039,155013,19018,18393,1365,19758,247
2021-08-26,Marin,041,260295,16286,15983,354,16337,240
2021-08-26,Mariposa,043,17540,736,677,19,696,5
2021-08-26,Mendocino,045,87422,5834,5533,203,5736,55
2021-08-26,Merced,047,269075,35489,34755,1336,36091,495
2021-08-26,Modoc,049,8938,448,433,155,588,5
2021-08-26,Mono,051,14174,1404,1385,18,1403,3
2021-08-26,Monterey,053,433212,45927,45265,2343,47608,539
2021-08-26,Napa,055,140530,11608,11394,72,11466,87
2021-08-26,Nevada,057,99092,7492,7086,246,7332,80
2021-08-26,Orange,059,3164182,287035,282814,13368,296182,5200
2021-08-26,Placer,061,380077,30876,28898,2693,31591,319
2021-08-26,Plumas,063,18699,1032,971,16,987,5
2021-08-26,Riverside,065,2383286,331454,324486,15439,339925,4615
2021-08-26,Sacramento,067,1510023,136586,130977,2969,133946,1827
2021-08-26,San Benito,069,59416,6700,6604,133,6737,64
2021-08-26,San Bernardino,071,2135413,326780,322100,10094,332194,5339
2021-08-26,San Diego,073,3302833,334516,328276,19589,347865,3869
2021-08-26,San Francisco,075,870044,47658,46288,1979,48267,581
2021-08-26,San Joaquin,077,732212,87480,84429,4585,89014,1513
2021-08-26,San Luis Obispo,079,281455,25685,24831,974,25805,278
2021-08-26,San Mateo,081,765935,49662,48263,721,48984,553
2021-08-26,Santa Barbara,083,443738,39595,38566,1364,39930,479
2021-08-26,Santa Clara,085,1922200,135031,131443,1010,132453,1782
2021-08-26,Santa Cruz,087,273765,18500,18072,934,19006,210
2021-08-26,Shasta,089,179085,15530,14891,2250,17141,217
2021-08-26,Sierra,091,2930,109,90,13,103,0
2021-08-26,Siskiyou,093,43540,2512,2342,715,3057,33
2021-08-26,Solano,095,438530,41436,39027,1027,40054,286
2021-08-26,Sonoma,097,501317,37425,36102,454,36556,337
2021-08-26,Stanislaus,099,539301,66543,64785,7472,72257,1061
2021-08-26,Sutter,101,95872,11843,11499,149,11648,135
2021-08-26,Tehama,103,63373,6171,5913,854,6767,68
2021-08-26,Trinity,105,12862,620,450,157,607,3
2021-08-26,Tulare,107,460477,56258,54157,11308,65465,870
2021-08-26,Tuolumne,109,53932,5483,5387,58,5445,74
2021-08-26,Ventura,111,848112,90768,89595,3937,93532,1080
2021-08-26,Yolo,113,214977,17275,16727,797,17524,231
2021-08-26,Yuba,115,75493,8200,7834,179,8013,54
2021-08-25,Alameda,001,1643700,108715,105636,2490,108126,1296
2021-08-25,Alpine,003,1148,91,92,0,92,0
2021-08-25,Amador,005,37829,4561,4415,41,4456,53
2021-08-25,Butte,007,227075,15856,15039,2620,17659,214
2021-08-25,Calaveras,009,45235,2997,2851,19,2870,59
2021-08-25,Colusa,011,21464,2281,2227,478,2705,16
2021-08-25,Contra Costa,013,1133247,89264,85322,1777,87099,863
2021-08-25,Del Norte,015,27424,2823,2573,16,2589,8
2021-08-25,El Dorado,017,186661,13539,12787,1208,13995,118
2021-08-25,Fresno,019,978130,116877,113384,10336,123720,1761
2021-08-25,Glenn,021,27897,2840,2728,769,3497,20
2021-08-25,Humboldt,023,135768,6986,6653,215,6868,52
2021-08-25,Imperial,025,180216,30422,30085,2891,32976,748
2021-08-25,Inyo,027,18085,1538,1518,15,1533,39
2021-08-25,Kern,029,883053,108340,105687,14802,120489,1379
2021-08-25,Kings,031,150075,26566,25676,1418,27094,258
2021-08-25,Lake,033,64148,5371,5163,56,5219,74
2021-08-25,Lassen,035,31185,5746,5583,153,5736,21
2021-08-25,Los Angeles,037,10098052,1348168,1331400,50085,1381485,25170
2021-08-25,Madera,039,155013,18954,18311,1342,19653,247
2021-08-25,Marin,041,260295,16264,15938,348,16286,240
2021-08-25,Mariposa,043,17540,730,676,19,695,5
2021-08-25,Mendocino,045,87422,5799,5486,197,5683,53
2021-08-25,Merced,047,269075,35357,34600,1323,35923,492
2021-08-25,Modoc,049,8938,448,433,155,588,5
2021-08-25,Mono,051,14174,1400,1382,18,1400,3
2021-08-25,Monterey,053,433212,45853,45196,2328,47524,539
2021-08-25,Napa,055,140530,11574,11348,71,11419,87
2021-08-25,Nevada,057,99092,7426,7000,245,7245,77
2021-08-25,Orange,059,3164182,286509,282061,13334,295395,5193
2021-08-25,Placer,061,380077,30700,28740,2660,31400,319
2021-08-25,Plumas,063,18699,1017,962,16,978,5
2021-08-25,Riverside,065,2383286,330609,323548,15417,338965,4610
2021-08-25,Sacramento,067,1510023,135906,130046,2930,132976,1827
2021-08-25,San Benito,069,59416,6679,6587,132,6719,64
2021-08-25,San Bernardino,071,2135413,326086,321228,10073,331301,5337
2021-08-25,San Diego,073,3302833,333248,327166,19504,346670,3859
2021-08-25,San Francisco,075,870044,47508,46107,1974,48081,578
2021-08-25,San Joaquin,077,732212,87095,84002,4569,88571,1510
2021-08-25,San Luis Obispo,079,281455,25493,24607,970,25577,276
2021-08-25,San Mateo,081,765935,49539,48153,718,48871,553
2021-08-25,Santa Barbara,083,443738,39466,38450,1364,39814,479
2021-08-25,Santa Clara,085,1922200,134662,130995,1007,132002,1783
2021-08-25,Santa Cruz,087,273765,18440,17987,931,18918,210
2021-08-25,Shasta,089,179085,15401,14752,2218,16970,217
2021-08-25,Sierra,091,2930,106,90,13,103,0
2021-08-25,Siskiyou,093,43540,2467,2322,696,3018,33
2021-08-25,Solano,095,438530,41265,38848,1015,39863,286
2021-08-25,Sonoma,097,501317,37301,35986,451,36437,336
2021-08-25,Stanislaus,099,539301,66262,64441,7440,71881,1061
2021-08-25,Sutter,101,95872,11775,11451,145,11596,134
2021-08-25,Tehama,103,63373,6112,5861,837,6698,68
2021-08-25,Trinity,105,12862,614,450,156,606,3
2021-08-25,Tulare,107,460477,55973,53877,11237,65114,866
2021-08-25,Tuolumne,109,53932,5457,5354,58,5412,74
2021-08-25,Ventura,111,848112,90584,89379,3923,93302,1068
2021-08-25,Yolo,113,214977,17210,16667,787,17454,231
2021-08-25,Yuba,115,75493,8134,7771,178,7949,54
2021-08-24,Alameda,001,1643700,108398,105319,2478,107797,1296
2021-08-24,Alpine,003,1148,91,92,0,92,0
2021-08-24,Amador,005,37829,4542,4380,41,4421,50
2021-08-24,Butte,007,227075,15701,14964,2586,17550,214
2021-08-24,Calaveras,009,45235,2958,2811,19,2830,59
2021-08-24,Colusa,011,21464,2273,2221,473,2694,16
2021-08-24,Contra Costa,013,1133247,88901,84963,1771,86734,857
2021-08-24,Del Norte,015,27424,2796,2543,16,2559,8
2021-08-24,El Dorado,017,186661,13462,12732,1192,13924,118
2021-08-24,Fresno,019,978130,116271,113024,10272,123296,1761
2021-08-24,Glenn,021,27897,2824,2717,762,3479,20
2021-08-24,Humboldt,023,135768,6923,6585,202,6787,52
2021-08-24,Imperial,025,180216,30361,30045,2885,32930,748
2021-08-24,Inyo,027,18085,1533,1512,15,1527,39
2021-08-24,Kern,029,883053,107876,105399,14634,120033,1375
2021-08-24,Kings,031,150075,26445,25629,1402,27031,258
2021-08-24,Lake,033,64148,5336,5135,56,5191,72
2021-08-24,Lassen,035,31185,5730,5576,151,5727,21
2021-08-24,Los Angeles,037,10098052,1345302,1328777,49976,1378753,25135
2021-08-24,Madera,039,155013,18878,18251,1325,19576,247
2021-08-24,Marin,041,260295,16228,15900,344,16244,240
2021-08-24,Mariposa,043,17540,723,670,19,689,5
2021-08-24,Mendocino,045,87422,5756,5416,190,5606,52
2021-08-24,Merced,047,269075,35189,34490,1312,35802,491
2021-08-24,Modoc,049,8938,448,432,155,587,5
2021-08-24,Mono,051,14174,1398,1382,18,1400,3
2021-08-24,Monterey,053,433212,45787,45126,2310,47436,539
2021-08-24,Napa,055,140530,11541,11299,70,11369,85
2021-08-24,Nevada,057,99092,7356,6981,243,7224,77
2021-08-24,Orange,059,3164182,285910,281461,13308,294769,5187
2021-08-24,Placer,061,380077,30497,28618,2621,31239,318
2021-08-24,Plumas,063,18699,1007,953,16,969,5
2021-08-24,Riverside,065,2383286,329736,322620,15386,338006,4605
2021-08-24,Sacramento,067,1510023,135222,129542,2882,132424,1812
2021-08-24,San Benito,069,59416,6666,6576,132,6708,64
2021-08-24,San Bernardino,071,2135413,325332,320300,10043,330343,5328
2021-08-24,San Diego,073,3302833,331805,325823,19395,345218,3851
2021-08-24,San Francisco,075,870044,47333,46010,1963,47973,574
2021-08-24,San Joaquin,077,732212,86655,83684,4531,88215,1508
2021-08-24,San Luis Obispo,079,281455,25315,24443,959,25402,274
2021-08-24,San Mateo,081,765935,49390,48050,716,48766,553
2021-08-24,Santa Barbara,083,443738,39335,38307,1363,39670,478
2021-08-24,Santa Clara,085,1922200,134238,130763,1003,131766,1779
2021-08-24,Santa Cruz,087,273765,18365,17928,925,18853,209
2021-08-24,Shasta,089,179085,15293,14664,2186,16850,217
2021-08-24,Sierra,091,2930,103,90,13,103,0
2021-08-24,Siskiyou,093,43540,2445,2294,681,2975,33
2021-08-24,Solano,095,438530,41056,38724,1003,39727,283
2021-08-24,Sonoma,097,501317,37173,35849,449,36298,336
2021-08-24,Stanislaus,099,539301,65935,64195,7386,71581,1058
2021-08-24,Sutter,101,95872,11708,11384,142,11526,134
2021-08-24,Tehama,103,63373,6066,5826,823,6649,67
2021-08-24,Trinity,105,12862,603,446,148,594,3
2021-08-24,Tulare,107,460477,55621,53702,11147,64849,856
2021-08-24,Tuolumne,109,53932,5426,5287,58,5345,74
2021-08-24,Ventura,111,848112,90400,89167,3912,93079,1068
2021-08-24,Yolo,113,214977,17134,16492,774,17266,231
2021-08-24,Yuba,115,75493,8051,7723,176,7899,54
2021-08-23,Alameda,001,1643700,107983,104922,2465,107387,1294
2021-08-23,Alpine,003,1148,91,91,0,91,0
2021-08-23,Amador,005,37829,4528,4369,41,4410,50
2021-08-23,Butte,007,227075,15556,14847,2551,17398,211
2021-08-23,Calaveras,009,45235,2930,2803,19,2822,59
2021-08-23,Colusa,011,21464,2269,2206,470,2676,16
2021-08-23,Contra Costa,013,1133247,88523,84651,1764,86415,857
2021-08-23,Del Norte,015,27424,2750,2499,16,2515,8
2021-08-23,El Dorado,017,186661,13359,12684,1170,13854,118
2021-08-23,Fresno,019,978130,115710,112445,10222,122667,1759
2021-08-23,Glenn,021,27897,2808,2696,752,3448,20
2021-08-23,Humboldt,023,135768,6850,6498,188,6686,52
2021-08-23,Imperial,025,180216,30310,30011,2882,32893,748
2021-08-23,Inyo,027,18085,1526,1509,15,1524,39
2021-08-23,Kern,029,883053,107421,104995,14479,119474,1375
2021-08-23,Kings,031,150075,26314,25465,1396,26861,257
2021-08-23,Lake,033,64148,5296,5099,54,5153,69
2021-08-23,Lassen,035,31185,5718,5562,151,5713,21
2021-08-23,Los Angeles,037,10098052,1342337,1326412,49844,1376256,25096
2021-08-23,Madera,039,155013,18792,18155,1310,19465,246
2021-08-23,Marin,041,260295,16180,15856,340,16196,240
2021-08-23,Mariposa,043,17540,712,645,19,664,5
2021-08-23,Mendocino,045,87422,5689,5374,183,5557,51
2021-08-23,Merced,047,269075,35007,34322,1307,35629,488
2021-08-23,Modoc,049,8938,445,431,154,585,6
2021-08-23,Mono,051,14174,1394,1384,18,1402,3
2021-08-23,Monterey,053,433212,45687,45047,2299,47346,538
2021-08-23,Napa,055,140530,11503,11257,70,11327,85
2021-08-23,Nevada,057,99092,7275,6930,241,7171,77
2021-08-23,Orange,059,3164182,285276,280891,13273,294164,5181
2021-08-23,Placer,061,380077,30297,28540,2583,31123,314
2021-08-23,Plumas,063,18699,999,934,16,950,5
2021-08-23,Riverside,065,2383286,328823,321650,15360,337010,4598
2021-08-23,Sacramento,067,1510023,134435,128969,2815,131784,1807
2021-08-23,San Benito,069,59416,6648,6562,130,6692,64
2021-08-23,San Bernardino,071,2135413,324527,319577,10004,329581,5324
2021-08-23,San Diego,073,3302833,330371,324536,19272,343808,3848
2021-08-23,San Francisco,075,870044,47178,45945,1954,47899,573
2021-08-23,San Joaquin,077,732212,86222,83466,4498,87964,1499
2021-08-23,San Luis Obispo,079,281455,25133,24317,957,25274,274
2021-08-23,San Mateo,081,765935,49252,47935,713,48648,553
2021-08-23,Santa Barbara,083,443738,39156,38181,1361,39542,478
2021-08-23,Santa Clara,085,1922200,133838,130489,999,131488,1778
2021-08-23,Santa Cruz,087,273765,18308,17871,923,18794,209
2021-08-23,Shasta,089,179085,15167,14537,2147,16684,216
2021-08-23,Sierra,091,2930,103,90,13,103,0
2021-08-23,Siskiyou,093,43540,2424,2274,660,2934,33
2021-08-23,Solano,095,438530,40903,38612,994,39606,283
2021-08-23,Sonoma,097,501317,37053,35769,448,36217,336
2021-08-23,Stanislaus,099,539301,65601,63922,7347,71269,1058
2021-08-23,Sutter,101,95872,11619,11314,134,11448,133
2021-08-23,Tehama,103,63373,6012,5805,805,6610,67
2021-08-23,Trinity,105,12862,600,435,145,580,3
2021-08-23,Tulare,107,460477,55314,53370,11075,64445,856
2021-08-23,Tuolumne,109,53932,5384,5240,58,5298,73
2021-08-23,Ventura,111,848112,90181,88960,3900,92860,1063
2021-08-23,Yolo,113,214977,17046,16445,759,17204,226
2021-08-23,Yuba,115,75493,7980,7653,174,7827,54
2021-08-22,Alameda,001,1643700,107536,104539,2437,106976,1294
2021-08-22,Alpine,003,1148,91,91,0,91,0
2021-08-22,Amador,005,37829,4498,4349,41,4390,50
2021-08-22,Butte,007,227075,15416,14791,2515,17306,211
2021-08-22,Calaveras,009,45235,2893,2771,19,2790,59
2021-08-22,Colusa,011,21464,2262,2201,464,2665,16
2021-08-22,Contra Costa,013,1133247,87982,84371,1751,86122,857
2021-08-22,Del Norte,015,27424,2690,2455,16,2471,8
2021-08-22,El Dorado,017,186661,13255,12629,1149,13778,118
2021-08-22,Fresno,019,978130,115110,112057,10153,122210,1759
2021-08-22,Glenn,021,27897,2780,2678,739,3417,20
2021-08-22,Humboldt,023,135768,6772,6483,170,6653,52
2021-08-22,Imperial,025,180216,30252,29993,2877,32870,748
2021-08-22,Inyo,027,18085,1520,1505,15,1520,39
2021-08-22,Kern,029,883053,106895,104691,14325,119016,1375
2021-08-22,Kings,031,150075,26156,25391,1379,26770,257
2021-08-22,Lake,033,64148,5251,5069,51,5120,69
2021-08-22,Lassen,035,31185,5686,5556,147,5703,21
2021-08-22,Los Angeles,037,10098052,1339029,1324151,49709,1373860,25089
2021-08-22,Madera,039,155013,18673,18120,1295,19415,246
2021-08-22,Marin,041,260295,16128,15822,332,16154,240
2021-08-22,Mariposa,043,17540,702,638,17,655,5
2021-08-22,Mendocino,045,87422,5630,5336,183,5519,51
2021-08-22,Merced,047,269075,34804,34234,1294,35528,488
2021-08-22,Modoc,049,8938,443,431,154,585,6
2021-08-22,Mono,051,14174,1392,1378,18,1396,3
2021-08-22,Monterey,053,433212,45588,45017,2285,47302,538
2021-08-22,Napa,055,140530,11458,11231,70,11301,85
2021-08-22,Nevada,057,99092,7201,6864,239,7103,77
2021-08-22,Orange,059,3164182,284583,280390,13228,293618,5181
2021-08-22,Placer,061,380077,30088,28395,2547,30942,314
2021-08-22,Plumas,063,18699,981,923,15,938,5
2021-08-22,Riverside,065,2383286,327802,320836,15311,336147,4594
2021-08-22,Sacramento,067,1510023,133658,128231,2775,131006,1802
2021-08-22,San Benito,069,59416,6632,6550,130,6680,64
2021-08-22,San Bernardino,071,2135413,323559,318839,9969,328808,5324
2021-08-22,San Diego,073,3302833,329050,323591,19166,342757,3848
2021-08-22,San Francisco,075,870044,47012,45831,1944,47775,573
2021-08-22,San Joaquin,077,732212,85764,83121,4463,87584,1498
2021-08-22,San Luis Obispo,079,281455,24927,24250,950,25200,274
2021-08-22,San Mateo,081,765935,49076,47821,708,48529,553
2021-08-22,Santa Barbara,083,443738,38975,38099,1353,39452,478
2021-08-22,Santa Clara,085,1922200,133421,130189,992,131181,1778
2021-08-22,Santa Cruz,087,273765,18250,17823,918,18741,209
2021-08-22,Shasta,089,179085,15030,14478,2111,16589,216
2021-08-22,Sierra,091,2930,103,87,13,100,0
2021-08-22,Siskiyou,093,43540,2395,2261,642,2903,33
2021-08-22,Solano,095,438530,40704,38489,981,39470,283
2021-08-22,Sonoma,097,501317,36897,35676,445,36121,336
2021-08-22,Stanislaus,099,539301,65249,63683,7257,70940,1058
2021-08-22,Sutter,101,95872,11537,11251,130,11381,133
2021-08-22,Tehama,103,63373,5966,5791,786,6577,67
2021-08-22,Trinity,105,12862,593,433,143,576,3
2021-08-22,Tulare,107,460477,54995,53220,10990,64210,856
2021-08-22,Tuolumne,109,53932,5341,5214,58,5272,73
2021-08-22,Ventura,111,848112,89972,88791,3883,92674,1063
2021-08-22,Yolo,113,214977,16943,16374,750,17124,226
2021-08-22,Yuba,115,75493,7907,7626,173,7799,54
2021-08-21,Alameda,001,1643700,107330,104281,2430,106711,1294
2021-08-21,Alpine,003,1148,91,91,0,91,0
2021-08-21,Amador,005,37829,4488,4338,39,4377,50
2021-08-21,Butte,007,227075,15348,14714,2494,17208,211
2021-08-21,Calaveras,009,45235,2877,2744,19,2763,59
2021-08-21,Colusa,011,21464,2256,2192,460,2652,16
2021-08-21,Contra Costa,013,1133247,87723,84136,1743,85879,857
2021-08-21,Del Norte,015,27424,2667,2409,16,2425,8
2021-08-21,El Dorado,017,186661,13211,12590,1145,13735,118
2021-08-21,Fresno,019,978130,114910,111765,10140,121905,1759
2021-08-21,Glenn,021,27897,2767,2654,731,3385,20
2021-08-21,Humboldt,023,135768,6734,6446,164,6610,52
2021-08-21,Imperial,025,180216,30209,29976,2874,32850,748
2021-08-21,Inyo,027,18085,1517,1500,15,1515,39
2021-08-21,Kern,029,883053,106640,104443,14201,118644,1375
2021-08-21,Kings,031,150075,26085,25313,1374,26687,257
2021-08-21,Lake,033,64148,5231,5055,49,5104,69
2021-08-21,Lassen,035,31185,5672,5553,147,5700,21
2021-08-21,Los Angeles,037,10098052,1337730,1321308,49615,1370923,25080
2021-08-21,Madera,039,155013,18635,18067,1289,19356,246
2021-08-21,Marin,041,260295,16094,15775,330,16105,240
2021-08-21,Mariposa,043,17540,692,634,17,651,5
2021-08-21,Mendocino,045,87422,5584,5307,182,5489,51
2021-08-21,Merced,047,269075,34699,34148,1289,35437,488
2021-08-21,Modoc,049,8938,443,430,154,584,6
2021-08-21,Mono,051,14174,1392,1378,18,1396,3
2021-08-21,Monterey,053,433212,45541,44969,2278,47247,538
2021-08-21,Napa,055,140530,11423,11211,70,11281,85
2021-08-21,Nevada,057,99092,7157,6810,237,7047,77
2021-08-21,Orange,059,3164182,284131,279855,13194,293049,5181
2021-08-21,Placer,061,380077,29950,28289,2522,30811,314
2021-08-21,Plumas,063,18699,977,916,14,930,5
2021-08-21,Riverside,065,2383286,327221,320086,15298,335384,4594
2021-08-21,Sacramento,067,1510023,133163,127751,2763,130514,1809
2021-08-21,San Benito,069,59416,6622,6542,129,6671,64
2021-08-21,San Bernardino,071,2135413,323108,318293,9948,328241,5324
2021-08-21,San Diego,073,3302833,328394,322620,19117,341737,3848
2021-08-21,San Francisco,075,870044,46910,45637,1937,47574,573
2021-08-21,San Joaquin,077,732212,85548,82825,4449,87274,1498
2021-08-21,San Luis Obispo,079,281455,24869,24169,950,25119,273
2021-08-21,San Mateo,081,765935,48981,47685,708,48393,553
2021-08-21,Santa Barbara,083,443738,38893,37951,1349,39300,478
2021-08-21,Santa Clara,085,1922200,133156,129911,988,130899,1778
2021-08-21,Santa Cruz,087,273765,18213,17763,913,18676,209
2021-08-21,Shasta,089,179085,14956,14417,2097,16514,217
2021-08-21,Sierra,091,2930,98,85,13,98,0
2021-08-21,Siskiyou,093,43540,2381,2246,631,2877,33
2021-08-21,Solano,095,438530,40593,38423,971,39394,281
2021-08-21,Sonoma,097,501317,36810,35582,444,36026,336
2021-08-21,Stanislaus,099,539301,65067,63512,7239,70751,1058
2021-08-21,Sutter,101,95872,11492,11204,128,11332,133
2021-08-21,Tehama,103,63373,5941,5757,779,6536,67
2021-08-21,Trinity,105,12862,588,431,141,572,3
2021-08-21,Tulare,107,460477,54852,53045,10946,63991,857
2021-08-21,Tuolumne,109,53932,5310,5193,58,5251,73
2021-08-21,Ventura,111,848112,89827,88558,3868,92426,1063
2021-08-21,Yolo,113,214977,16896,16322,744,17066,226
2021-08-21,Yuba,115,75493,7861,7580,172,7752,54
2021-08-20,Alameda,001,1643700,107091,103812,2422,106234,1294
2021-08-20,Alpine,003,1148,91,91,0,91,0
2021-08-20,Amador,005,37829,4462,4323,39,4362,50
2021-08-20,Butte,007,227075,15275,14617,2473,17090,211
2021-08-20,Calaveras,009,45235,2856,2717,19,2736,59
2021-08-20,Colusa,011,21464,2251,2178,458,2636,16
2021-08-20,Contra Costa,013,1133247,87448,83721,1736,85457,857
2021-08-20,Del Norte,015,27424,2635,2316,16,2332,8
2021-08-20,El Dorado,017,186661,13173,12495,1137,13632,118
2021-08-20,Fresno,019,978130,114554,111315,10106,121421,1759
2021-08-20,Glenn,021,27897,2760,2642,721,3363,20
2021-08-20,Humboldt,023,135768,6682,6349,159,6508,52
2021-08-20,Imperial,025,180216,30186,29934,2874,32808,747
2021-08-20,Inyo,027,18085,1511,1495,15,1510,39
2021-08-20,Kern,029,883053,106356,104048,14073,118121,1373
2021-08-20,Kings,031,150075,26019,25241,1372,26613,256
2021-08-20,Lake,033,64148,5216,5024,46,5070,69
2021-08-20,Lassen,035,31185,5652,5539,147,5686,21
2021-08-20,Los Angeles,037,10098052,1335852,1317541,49514,1367055,25049
2021-08-20,Madera,039,155013,18586,18018,1274,19292,246
2021-08-20,Marin,041,260295,16076,15727,326,16053,240
2021-08-20,Mariposa,043,17540,687,630,17,647,5
2021-08-20,Mendocino,045,87422,5538,5241,181,5422,51
2021-08-20,Merced,047,269075,34635,34035,1279,35314,486
2021-08-20,Modoc,049,8938,443,429,154,583,6
2021-08-20,Mono,051,14174,1391,1368,18,1386,3
2021-08-20,Monterey,053,433212,45503,44890,2271,47161,538
2021-08-20,Napa,055,140530,11391,11152,70,11222,83
2021-08-20,Nevada,057,99092,7115,6753,231,6984,77
2021-08-20,Orange,059,3164182,283686,279193,13173,292366,5179
2021-08-20,Placer,061,380077,29855,28156,2493,30649,313
2021-08-20,Plumas,063,18699,967,908,14,922,5
2021-08-20,Riverside,065,2383286,326525,319072,15267,334339,4594
2021-08-20,Sacramento,067,1510023,132688,127226,2746,129972,1797
2021-08-20,San Benito,069,59416,6608,6508,129,6637,64
2021-08-20,San Bernardino,071,2135413,322495,317372,9919,327291,5322
2021-08-20,San Diego,073,3302833,327485,321102,19047,340149,3846
2021-08-20,San Francisco,075,870044,46813,45432,1922,47354,573
2021-08-20,San Joaquin,077,732212,85318,82419,4431,86850,1496
2021-08-20,San Luis Obispo,079,281455,24791,23986,946,24932,273
2021-08-20,San Mateo,081,765935,48868,47561,705,48266,551
2021-08-20,Santa Barbara,083,443738,38808,37794,1344,39138,477
2021-08-20,Santa Clara,085,1922200,132873,129510,983,130493,1774
2021-08-20,Santa Cruz,087,273765,18173,17701,910,18611,209
2021-08-20,Shasta,089,179085,14877,14277,2078,16355,215
2021-08-20,Sierra,091,2930,97,83,13,96,0
2021-08-20,Siskiyou,093,43540,2365,2226,626,2852,33
2021-08-20,Solano,095,438530,40453,38214,960,39174,277
2021-08-20,Sonoma,097,501317,36742,35416,443,35859,336
2021-08-20,Stanislaus,099,539301,64878,63219,7215,70434,1047
2021-08-20,Sutter,101,95872,11436,11136,127,11263,133
2021-08-20,Tehama,103,63373,5925,5730,767,6497,66
2021-08-20,Trinity,105,12862,588,422,140,562,3
2021-08-20,Tulare,107,460477,54722,52855,10903,63758,856
2021-08-20,Tuolumne,109,53932,5286,5153,57,5210,73
2021-08-20,Ventura,111,848112,89660,88285,3865,92150,1061
2021-08-20,Yolo,113,214977,16842,16236,738,16974,225
2021-08-20,Yuba,115,75493,7820,7523,172,7695,54
2021-08-19,Alameda,001,1643700,106640,103276,2400,105676,1294
2021-08-19,Alpine,003,1148,91,91,0,91,0
2021-08-19,Amador,005,37829,4455,4317,39,4356,50
2021-08-19,Butte,007,227075,15141,14518,2444,16962,211
2021-08-19,Calaveras,009,45235,2836,2673,19,2692,59
2021-08-19,Colusa,011,21464,2242,2167,453,2620,16
2021-08-19,Contra Costa,013,1133247,87010,83296,1722,85018,852
2021-08-19,Del Norte,015,27424,2585,2257,16,2273,8
2021-08-19,El Dorado,017,186661,13088,12410,1118,13528,118
2021-08-19,Fresno,019,978130,114114,110947,10052,120999,1759
2021-08-19,Glenn,021,27897,2742,2629,714,3343,20
2021-08-19,Humboldt,023,135768,6621,6246,153,6399,52
2021-08-19,Imperial,025,180216,30140,29865,2869,32734,747
2021-08-19,Inyo,027,18085,1504,1494,15,1509,39
2021-08-19,Kern,029,883053,105960,103731,13932,117663,1371
2021-08-19,Kings,031,150075,25888,25128,1360,26488,256
2021-08-19,Lake,033,64148,5184,4991,42,5033,69
2021-08-19,Lassen,035,31185,5634,5520,146,5666,21
2021-08-19,Los Angeles,037,10098052,1332871,1314453,49371,1363824,25020
2021-08-19,Madera,039,155013,18524,17947,1259,19206,246
2021-08-19,Marin,041,260295,16043,15672,323,15995,240
2021-08-19,Mariposa,043,17540,672,618,17,635,5
2021-08-19,Mendocino,045,87422,5505,5167,178,5345,51
2021-08-19,Merced,047,269075,34500,33851,1266,35117,486
2021-08-19,Modoc,049,8938,443,427,154,581,6
2021-08-19,Mono,051,14174,1387,1349,18,1367,3
2021-08-19,Monterey,053,433212,45430,44821,2261,47082,538
2021-08-19,Napa,055,140530,11339,11104,70,11174,83
2021-08-19,Nevada,057,99092,7051,6695,229,6924,77
2021-08-19,Orange,059,3164182,283051,278562,13122,291684,5172
2021-08-19,Placer,061,380077,29675,27953,2475,30428,313
2021-08-19,Plumas,063,18699,954,896,14,910,5
2021-08-19,Riverside,065,2383286,325497,318056,15238,333294,4589
2021-08-19,Sacramento,067,1510023,131984,126720,2711,129431,1801
2021-08-19,San Benito,069,59416,6590,6493,128,6621,64
2021-08-19,San Bernardino,071,2135413,321671,316398,9896,326294,5318
2021-08-19,San Diego,073,3302833,326235,319582,18949,338531,3839
2021-08-19,San Francisco,075,870044,46650,45220,1909,47129,571
2021-08-19,San Joaquin,077,732212,84873,82047,4380,86427,1491
2021-08-19,San Luis Obispo,079,281455,24653,23878,939,24817,271
2021-08-19,San Mateo,081,765935,48736,47431,703,48134,551
2021-08-19,Santa Barbara,083,443738,38663,37693,1341,39034,477
2021-08-19,Santa Clara,085,1922200,132483,129133,976,130109,1774
2021-08-19,Santa Cruz,087,273765,18110,17644,903,18547,209
2021-08-19,Shasta,089,179085,14753,14200,2055,16255,214
2021-08-19,Sierra,091,2930,93,83,13,96,0
2021-08-19,Siskiyou,093,43540,2350,2218,614,2832,33
2021-08-19,Solano,095,438530,40295,38025,948,38973,273
2021-08-19,Sonoma,097,501317,36654,35233,442,35675,336
2021-08-19,Stanislaus,099,539301,64536,62928,7171,70099,1047
2021-08-19,Sutter,101,95872,11351,11057,126,11183,133
2021-08-19,Tehama,103,63373,5889,5683,740,6423,66
2021-08-19,Trinity,105,12862,584,414,138,552,3
2021-08-19,Tulare,107,460477,54490,52685,10839,63524,856
2021-08-19,Tuolumne,109,53932,5250,5112,56,5168,64
2021-08-19,Ventura,111,848112,89457,88073,3850,91923,1060
2021-08-19,Yolo,113,214977,16757,16153,730,16883,225
2021-08-19,Yuba,115,75493,7767,7458,171,7629,51
2021-08-18,Alameda,001,1643700,106223,102696,2378,105074,1294
2021-08-18,Alpine,003,1148,90,91,0,91,0
2021-08-18,Amador,005,37829,4438,4279,38,4317,50
2021-08-18,Butte,007,227075,15031,14426,2418,16844,208
2021-08-18,Calaveras,009,45235,2799,2643,18,2661,59
2021-08-18,Colusa,011,21464,2234,2160,449,2609,16
2021-08-18,Contra Costa,013,1133247,86510,82767,1716,84483,851
2021-08-18,Del Norte,015,27424,2528,2219,16,2235,8
2021-08-18,El Dorado,017,186661,12998,12306,1104,13410,118
2021-08-18,Fresno,019,978130,113660,110523,9989,120512,1759
2021-08-18,Glenn,021,27897,2710,2623,706,3329,20
2021-08-18,Humboldt,023,135768,6550,6195,148,6343,52
2021-08-18,Imperial,025,180216,30107,29821,2867,32688,746
2021-08-18,Inyo,027,18085,1501,1494,15,1509,39
2021-08-18,Kern,029,883053,105613,103440,13837,117277,1370
2021-08-18,Kings,031,150075,25779,24984,1352,26336,256
2021-08-18,Lake,033,64148,5143,4957,41,4998,69
2021-08-18,Lassen,035,31185,5615,5506,145,5651,21
2021-08-18,Los Angeles,037,10098052,1329723,1311477,49237,1360714,24984
2021-08-18,Madera,039,155013,18464,17871,1246,19117,246
2021-08-18,Marin,041,260295,16005,15610,320,15930,240
2021-08-18,Mariposa,043,17540,659,615,16,631,5
2021-08-18,Mendocino,045,87422,5454,5129,176,5305,51
2021-08-18,Merced,047,269075,34335,33708,1255,34963,484
2021-08-18,Modoc,049,8938,443,427,153,580,6
2021-08-18,Mono,051,14174,1384,1344,18,1362,3
2021-08-18,Monterey,053,433212,45346,44735,2244,46979,532
2021-08-18,Napa,055,140530,11300,11060,69,11129,83
2021-08-18,Nevada,057,99092,6985,6633,229,6862,76
2021-08-18,Orange,059,3164182,282414,277795,13067,290862,5168
2021-08-18,Placer,061,380077,29448,27741,2447,30188,312
2021-08-18,Plumas,063,18699,945,874,14,888,5
2021-08-18,Riverside,065,2383286,324497,317107,15204,332311,4585
2021-08-18,Sacramento,067,1510023,131224,125599,2679,128278,1781
2021-08-18,San Benito,069,59416,6579,6481,127,6608,64
2021-08-18,San Bernardino,071,2135413,320870,315477,9877,325354,5304
2021-08-18,San Diego,073,3302833,324894,318152,18883,337035,3834
2021-08-18,San Francisco,075,870044,46447,44957,1899,46856,568
2021-08-18,San Joaquin,077,732212,84421,81601,4349,85950,1491
2021-08-18,San Luis Obispo,079,281455,24503,23726,926,24652,270
2021-08-18,San Mateo,081,765935,48572,47255,702,47957,551
2021-08-18,Santa Barbara,083,443738,38532,37599,1335,38934,475
2021-08-18,Santa Clara,085,1922200,132120,128563,973,129536,1773
2021-08-18,Santa Cruz,087,273765,18055,17566,899,18465,209
2021-08-18,Shasta,089,179085,14654,14087,2036,16123,213
2021-08-18,Sierra,091,2930,92,83,13,96,0
2021-08-18,Siskiyou,093,43540,2321,2204,602,2806,33
2021-08-18,Solano,095,438530,40089,37812,933,38745,271
2021-08-18,Sonoma,097,501317,36510,35063,441,35504,333
2021-08-18,Stanislaus,099,539301,64206,62613,7127,69740,1047
2021-08-18,Sutter,101,95872,11279,11004,121,11125,130
2021-08-18,Tehama,103,63373,5854,5653,730,6383,66
2021-08-18,Trinity,105,12862,577,409,135,544,3
2021-08-18,Tulare,107,460477,54250,52486,10770,63256,856
2021-08-18,Tuolumne,109,53932,5214,5081,54,5135,64
2021-08-18,Ventura,111,848112,89225,87835,3840,91675,1055
2021-08-18,Yolo,113,214977,16674,16047,711,16758,225
2021-08-18,Yuba,115,75493,7702,7391,171,7562,51
2021-08-17,Alameda,001,1643700,105823,102379,2363,104742,1290
2021-08-17,Alpine,003,1148,90,91,0,91,0
2021-08-17,Amador,005,37829,4409,4266,38,4304,50
2021-08-17,Butte,007,227075,14924,14357,2384,16741,206
2021-08-17,Calaveras,009,45235,2765,2624,18,2642,59
2021-08-17,Colusa,011,21464,2225,2156,445,2601,16
2021-08-17,Contra Costa,013,1133247,86064,82482,1705,84187,848
2021-08-17,Del Norte,015,27424,2474,2188,16,2204,8
2021-08-17,El Dorado,017,186661,12910,12242,1090,13332,118
2021-08-17,Fresno,019,978130,113176,110263,9924,120187,1755
2021-08-17,Glenn,021,27897,2696,2608,697,3305,20
2021-08-17,Humboldt,023,135768,6470,6155,146,6301,52
2021-08-17,Imperial,025,180216,30056,29768,2863,32631,746
2021-08-17,Inyo,027,18085,1498,1492,15,1507,39
2021-08-17,Kern,029,883053,105219,103048,13713,116761,1367
2021-08-17,Kings,031,150075,25673,24930,1341,26271,254
2021-08-17,Lake,033,64148,5100,4930,35,4965,68
2021-08-17,Lassen,035,31185,5598,5499,143,5642,21
2021-08-17,Los Angeles,037,10098052,1326170,1307999,49106,1357105,24952
2021-08-17,Madera,039,155013,18390,17838,1226,19064,246
2021-08-17,Marin,041,260295,15949,15570,320,15890,240
2021-08-17,Mariposa,043,17540,651,609,15,624,5
2021-08-17,Mendocino,045,87422,5399,5097,176,5273,51
2021-08-17,Merced,047,269075,34185,33508,1245,34753,482
2021-08-17,Modoc,049,8938,440,424,151,575,6
2021-08-17,Mono,051,14174,1379,1341,18,1359,3
2021-08-17,Monterey,053,433212,45262,44672,2234,46906,528
2021-08-17,Napa,055,140530,11259,11007,68,11075,83
2021-08-17,Nevada,057,99092,6910,6605,227,6832,75
2021-08-17,Orange,059,3164182,281767,277121,13031,290152,5164
2021-08-17,Placer,061,380077,29233,27634,2418,30052,312
2021-08-17,Plumas,063,18699,933,860,14,874,5
2021-08-17,Riverside,065,2383286,323485,316051,15161,331212,4582
2021-08-17,Sacramento,067,1510023,130431,125151,2636,127787,1774
2021-08-17,San Benito,069,59416,6560,6470,127,6597,64
2021-08-17,San Bernardino,071,2135413,319933,314402,9837,324239,5302
2021-08-17,San Diego,073,3302833,323283,317058,18785,335843,3824
2021-08-17,San Francisco,075,870044,46247,44820,1893,46713,567
2021-08-17,San Joaquin,077,732212,83952,81300,4316,85616,1489
2021-08-17,San Luis Obispo,079,281455,24347,23556,923,24479,268
2021-08-17,San Mateo,081,765935,48417,47127,697,47824,551
2021-08-17,Santa Barbara,083,443738,38373,37478,1328,38806,475
2021-08-17,Santa Clara,085,1922200,131717,128354,966,129320,1773
2021-08-17,Santa Cruz,087,273765,17970,17528,898,18426,209
2021-08-17,Shasta,089,179085,14523,14012,2017,16029,214
2021-08-17,Sierra,091,2930,91,82,13,95,0
2021-08-17,Siskiyou,093,43540,2305,2183,589,2772,33
2021-08-17,Solano,095,438530,39860,37662,920,38582,269
2021-08-17,Sonoma,097,501317,36362,34943,437,35380,333
2021-08-17,Stanislaus,099,539301,63866,62385,7067,69452,1047
2021-08-17,Sutter,101,95872,11207,10973,121,11094,130
2021-08-17,Tehama,103,63373,5820,5612,708,6320,66
2021-08-17,Trinity,105,12862,572,406,132,538,3
2021-08-17,Tulare,107,460477,53982,52362,10704,63066,856
2021-08-17,Tuolumne,109,53932,5171,5042,53,5095,64
2021-08-17,Ventura,111,848112,88987,87601,3819,91420,1053
2021-08-17,Yolo,113,214977,16585,15975,697,16672,225
2021-08-17,Yuba,115,75493,7631,7355,171,7526,51
2021-08-16,Alameda,001,1643700,105319,102052,2354,104406,1287
2021-08-16,Alpine,003,1148,90,91,0,91,0
2021-08-16,Amador,005,37829,4399,4235,38,4273,50
2021-08-16,Butte,007,227075,14806,14283,2350,16633,206
2021-08-16,Calaveras,009,45235,2705,2609,17,2626,57
2021-08-16,Colusa,011,21464,2214,2147,441,2588,16
2021-08-16,Contra Costa,013,1133247,85521,82070,1695,83765,848
2021-08-16,Del Norte,015,27424,2397,2125,16,2141,8
2021-08-16,El Dorado,017,186661,12809,12139,1077,13216,118
2021-08-16,Fresno,019,978130,112678,109623,9872,119495,1753
2021-08-16,Glenn,021,27897,2677,2593,691,3284,20
2021-08-16,Humboldt,023,135768,6399,6064,125,6189,52
2021-08-16,Imperial,025,180216,30015,29737,2848,32585,746
2021-08-16,Inyo,027,18085,1495,1490,15,1505,39
2021-08-16,Kern,029,883053,104844,102690,13597,116287,1367
2021-08-16,Kings,031,150075,25570,24817,1331,26148,254
2021-08-16,Lake,033,64148,5073,4898,34,4932,68
2021-08-16,Lassen,035,31185,5582,5481,135,5616,21
2021-08-16,Los Angeles,037,10098052,1322787,1305330,48961,1354291,24923
2021-08-16,Madera,039,155013,18315,17756,1205,18961,246
2021-08-16,Marin,041,260295,15890,15497,319,15816,239
2021-08-16,Mariposa,043,17540,634,597,15,612,5
2021-08-16,Mendocino,045,87422,5343,5037,174,5211,49
2021-08-16,Merced,047,269075,33984,33364,1232,34596,481
2021-08-16,Modoc,049,8938,438,421,150,571,5
2021-08-16,Mono,051,14174,1374,1339,18,1357,3
2021-08-16,Monterey,053,433212,45183,44595,2222,46817,527
2021-08-16,Napa,055,140530,11230,10946,68,11014,83
2021-08-16,Nevada,057,99092,6855,6535,226,6761,74
2021-08-16,Orange,059,3164182,280973,275985,12985,288970,5161
2021-08-16,Placer,061,380077,29050,27384,2385,29769,306
2021-08-16,Plumas,063,18699,922,851,14,865,5
2021-08-16,Riverside,065,2383286,322394,314774,15124,329898,4582
2021-08-16,Sacramento,067,1510023,129621,124554,2593,127147,1762
2021-08-16,San Benito,069,59416,6536,6452,127,6579,64
2021-08-16,San Bernardino,071,2135413,318971,313617,9810,323427,5301
2021-08-16,San Diego,073,3302833,321686,315348,18645,333993,3824
2021-08-16,San Francisco,075,870044,46043,44681,1885,46566,567
2021-08-16,San Joaquin,077,732212,83449,81087,4289,85376,1488
2021-08-16,San Luis Obispo,079,281455,24197,23452,915,24367,265
2021-08-16,San Mateo,081,765935,48234,47024,690,47714,548
2021-08-16,Santa Barbara,083,443738,38202,37358,1323,38681,475
2021-08-16,Santa Clara,085,1922200,131253,127978,962,128940,1773
2021-08-16,Santa Cruz,087,273765,17906,17491,892,18383,209
2021-08-16,Shasta,089,179085,14434,13862,2001,15863,211
2021-08-16,Sierra,091,2930,88,82,13,95,0
2021-08-16,Siskiyou,093,43540,2288,2169,569,2738,33
2021-08-16,Solano,095,438530,39579,37436,906,38342,263
2021-08-16,Sonoma,097,501317,36194,34844,435,35279,333
2021-08-16,Stanislaus,099,539301,63527,62033,7015,69048,1039
2021-08-16,Sutter,101,95872,11138,10902,120,11022,130
2021-08-16,Tehama,103,63373,5757,5565,703,6268,66
2021-08-16,Trinity,105,12862,566,400,131,531,3
2021-08-16,Tulare,107,460477,53739,52162,10634,62796,856
2021-08-16,Tuolumne,109,53932,5132,4984,52,5036,64
2021-08-16,Ventura,111,848112,88742,86954,3801,90755,1052
2021-08-16,Yolo,113,214977,16484,15922,689,16611,225
2021-08-16,Yuba,115,75493,7547,7314,170,7484,51
2021-08-15,Alameda,001,1643700,104823,101660,2337,103997,1287
2021-08-15,Alpine,003,1148,90,91,0,91,0
2021-08-15,Amador,005,37829,4371,4231,38,4269,49
2021-08-15,Butte,007,227075,14682,14263,2327,16590,206
2021-08-15,Calaveras,009,45235,2662,2599,17,2616,57
2021-08-15,Colusa,011,21464,2202,2140,431,2571,16
2021-08-15,Contra Costa,013,1133247,85039,81781,1680,83461,848
2021-08-15,Del Norte,015,27424,2330,2060,16,2076,8
2021-08-15,El Dorado,017,186661,12674,12057,1060,13117,118
2021-08-15,Fresno,019,978130,112198,109382,9806,119188,1753
2021-08-15,Glenn,021,27897,2654,2592,679,3271,20
2021-08-15,Humboldt,023,135768,6325,6024,119,6143,52
2021-08-15,Imperial,025,180216,29949,29711,2844,32555,746
2021-08-15,Inyo,027,18085,1494,1489,15,1504,39
2021-08-15,Kern,029,883053,104400,102524,13484,116008,1367
2021-08-15,Kings,031,150075,25425,24736,1321,26057,254
2021-08-15,Lake,033,64148,5014,4886,33,4919,68
2021-08-15,Lassen,035,31185,5565,5482,134,5616,21
2021-08-15,Los Angeles,037,10098052,1319255,1302882,48789,1351671,24918
2021-08-15,Madera,039,155013,18227,17714,1189,18903,246
2021-08-15,Marin,041,260295,15831,15461,317,15778,239
2021-08-15,Mariposa,043,17540,627,591,14,605,5
2021-08-15,Mendocino,045,87422,5287,5022,168,5190,49
2021-08-15,Merced,047,269075,33739,33305,1221,34526,481
2021-08-15,Modoc,049,8938,436,421,150,571,5
2021-08-15,Mono,051,14174,1370,1334,18,1352,3
2021-08-15,Monterey,053,433212,45061,44567,2200,46767,527
2021-08-15,Napa,055,140530,11175,10919,68,10987,83
2021-08-15,Nevada,057,99092,6770,6486,226,6712,74
2021-08-15,Orange,059,3164182,280202,275447,12944,288391,5161
2021-08-15,Placer,061,380077,28828,27220,2337,29557,306
2021-08-15,Plumas,063,18699,910,850,14,864,5
2021-08-15,Riverside,065,2383286,321255,314133,15097,329230,4582
2021-08-15,Sacramento,067,1510023,128804,123924,2561,126485,1761
2021-08-15,San Benito,069,59416,6518,6446,126,6572,64
2021-08-15,San Bernardino,071,2135413,317896,313120,9780,322900,5301
2021-08-15,San Diego,073,3302833,320216,314247,18518,332765,3824
2021-08-15,San Francisco,075,870044,45819,44531,1868,46399,567
2021-08-15,San Joaquin,077,732212,82961,80832,4250,85082,1488
2021-08-15,San Luis Obispo,079,281455,24000,23404,905,24309,265
2021-08-15,San Mateo,081,765935,48046,46897,684,47581,548
2021-08-15,Santa Barbara,083,443738,38030,37276,1316,38592,475
2021-08-15,Santa Clara,085,1922200,130820,127715,956,128671,1773
2021-08-15,Santa Cruz,087,273765,17836,17440,885,18325,209
2021-08-15,Shasta,089,179085,14331,13835,1976,15811,211
2021-08-15,Sierra,091,2930,87,82,12,94,0
2021-08-15,Siskiyou,093,43540,2267,2169,555,2724,33
2021-08-15,Solano,095,438530,39323,37320,895,38215,263
2021-08-15,Sonoma,097,501317,35998,34706,427,35133,333
2021-08-15,Stanislaus,099,539301,63159,61795,6936,68731,1039
2021-08-15,Sutter,101,95872,11047,10863,120,10983,130
2021-08-15,Tehama,103,63373,5708,5550,697,6247,66
2021-08-15,Trinity,105,12862,562,400,130,530,3
2021-08-15,Tulare,107,460477,53482,52046,10574,62620,856
2021-08-15,Tuolumne,109,53932,5094,4934,50,4984,64
2021-08-15,Ventura,111,848112,88437,86797,3787,90584,1052
2021-08-15,Yolo,113,214977,16388,15873,679,16552,225
2021-08-15,Yuba,115,75493,7470,7265,169,7434,51
2021-08-14,Alameda,001,1643700,104606,101305,2333,103638,1287
2021-08-14,Alpine,003,1148,90,91,0,91,0
2021-08-14,Amador,005,37829,4353,4206,38,4244,49
2021-08-14,Butte,007,227075,14646,14192,2311,16503,206
2021-08-14,Calaveras,009,45235,2655,2579,17,2596,57
2021-08-14,Colusa,011,21464,2191,2134,427,2561,16
2021-08-14,Contra Costa,013,1133247,84791,81458,1672,83130,848
2021-08-14,Del Norte,015,27424,2303,2015,16,2031,8
2021-08-14,El Dorado,017,186661,12638,12019,1052,13071,118
2021-08-14,Fresno,019,978130,112037,109056,9776,118832,1753
2021-08-14,Glenn,021,27897,2643,2583,676,3259,20
2021-08-14,Humboldt,023,135768,6272,5998,115,6113,52
2021-08-14,Imperial,025,180216,29922,29671,2844,32515,746
2021-08-14,Inyo,027,18085,1492,1487,15,1502,39
2021-08-14,Kern,029,883053,104205,102306,13388,115694,1367
2021-08-14,Kings,031,150075,25327,24647,1312,25959,254
2021-08-14,Lake,033,64148,4997,4850,32,4882,68
2021-08-14,Lassen,035,31185,5558,5475,133,5608,21
2021-08-14,Los Angeles,037,10098052,1317482,1299346,48649,1347995,24911
2021-08-14,Madera,039,155013,18180,17691,1184,18875,246
2021-08-14,Marin,041,260295,15797,15441,317,15758,239
2021-08-14,Mariposa,043,17540,623,584,14,598,5
2021-08-14,Mendocino,045,87422,5251,4977,165,5142,49
2021-08-14,Merced,047,269075,33675,33234,1215,34449,481
2021-08-14,Modoc,049,8938,436,421,150,571,5
2021-08-14,Mono,051,14174,1365,1332,18,1350,3
2021-08-14,Monterey,053,433212,45016,44514,2197,46711,527
2021-08-14,Napa,055,140530,11145,10878,67,10945,83
2021-08-14,Nevada,057,99092,6735,6419,225,6644,74
2021-08-14,Orange,059,3164182,279768,274732,12916,287648,5161
2021-08-14,Placer,061,380077,28682,27115,2313,29428,306
2021-08-14,Plumas,063,18699,900,849,14,863,5
2021-08-14,Riverside,065,2383286,320539,313264,15076,328340,4582
2021-08-14,Sacramento,067,1510023,128310,123438,2543,125981,1758
2021-08-14,San Benito,069,59416,6505,6428,126,6554,64
2021-08-14,San Bernardino,071,2135413,317346,312142,9759,321901,5301
2021-08-14,San Diego,073,3302833,319545,313589,18450,332039,3824
2021-08-14,San Francisco,075,870044,45690,44353,1849,46202,567
2021-08-14,San Joaquin,077,732212,82745,80585,4235,84820,1488
2021-08-14,San Luis Obispo,079,281455,23939,23328,902,24230,265
2021-08-14,San Mateo,081,765935,47927,46792,680,47472,548
2021-08-14,Santa Barbara,083,443738,37936,37118,1313,38431,475
2021-08-14,Santa Clara,085,1922200,130541,127432,953,128385,1772
2021-08-14,Santa Cruz,087,273765,17797,17384,884,18268,209
2021-08-14,Shasta,089,179085,14256,13813,1955,15768,211
2021-08-14,Sierra,091,2930,86,81,12,93,0
2021-08-14,Siskiyou,093,43540,2257,2160,545,2705,33
2021-08-14,Solano,095,438530,39236,37237,883,38120,263
2021-08-14,Sonoma,097,501317,35875,34606,425,35031,333
2021-08-14,Stanislaus,099,539301,62985,61564,6891,68455,1039
2021-08-14,Sutter,101,95872,11002,10808,119,10927,130
2021-08-14,Tehama,103,63373,5684,5530,693,6223,66
2021-08-14,Trinity,105,12862,556,399,130,529,3
2021-08-14,Tulare,107,460477,53346,51951,10528,62479,856
2021-08-14,Tuolumne,109,53932,5059,4924,50,4974,64
2021-08-14,Ventura,111,848112,88281,86569,3767,90336,1052
2021-08-14,Yolo,113,214977,16343,15815,669,16484,225
2021-08-14,Yuba,115,75493,7421,7223,169,7392,51
2021-08-13,Alameda,001,1643700,104309,100930,2325,103255,1284
2021-08-13,Alpine,003,1148,90,91,0,91,0
2021-08-13,Amador,005,37829,4325,4169,38,4207,49
2021-08-13,Butte,007,227075,14576,14100,2295,16395,206
2021-08-13,Calaveras,009,45235,2648,2564,17,2581,57
2021-08-13,Colusa,011,21464,2184,2123,422,2545,16
2021-08-13,Contra Costa,013,1133247,84479,81046,1664,82710,848
2021-08-13,Del Norte,015,27424,2262,1973,16,1989,8
2021-08-13,El Dorado,017,186661,12598,11951,1040,12991,118
2021-08-13,Fresno,019,978130,111745,108638,9752,118390,1753
2021-08-13,Glenn,021,27897,2632,2574,672,3246,20
2021-08-13,Humboldt,023,135768,6225,5882,112,5994,52
2021-08-13,Imperial,025,180216,29895,29654,2843,32497,745
2021-08-13,Inyo,027,18085,1491,1484,15,1499,39
2021-08-13,Kern,029,883053,103996,102029,13279,115308,1364
2021-08-13,Kings,031,150075,25242,24531,1305,25836,253
2021-08-13,Lake,033,64148,4974,4811,31,4842,68
2021-08-13,Lassen,035,31185,5550,5455,132,5587,21
2021-08-13,Los Angeles,037,10098052,1315163,1295406,48511,1343917,24891
2021-08-13,Madera,039,155013,18131,17614,1175,18789,246
2021-08-13,Marin,041,260295,15766,15380,317,15697,239
2021-08-13,Mariposa,043,17540,617,577,14,591,5
2021-08-13,Mendocino,045,87422,5198,4924,163,5087,49
2021-08-13,Merced,047,269075,33628,33111,1209,34320,480
2021-08-13,Modoc,049,8938,435,421,149,570,5
2021-08-13,Mono,051,14174,1362,1331,18,1349,3
2021-08-13,Monterey,053,433212,44956,44450,2195,46645,527
2021-08-13,Napa,055,140530,11109,10830,67,10897,83
2021-08-13,Nevada,057,99092,6694,6356,224,6580,74
2021-08-13,Orange,059,3164182,279273,274004,12867,286871,5159
2021-08-13,Placer,061,380077,28582,26987,2286,29273,306
2021-08-13,Plumas,063,18699,886,842,14,856,5
2021-08-13,Riverside,065,2383286,319801,312408,15051,327459,4581
2021-08-13,Sacramento,067,1510023,127840,122868,2516,125384,1758
2021-08-13,San Benito,069,59416,6499,6422,124,6546,64
2021-08-13,San Bernardino,071,2135413,316678,311378,9740,321118,5301
2021-08-13,San Diego,073,3302833,318499,312293,18371,330664,3821
2021-08-13,San Francisco,075,870044,45554,44196,1826,46022,567
2021-08-13,San Joaquin,077,732212,82528,80232,4219,84451,1481
2021-08-13,San Luis Obispo,079,281455,23876,23226,899,24125,265
2021-08-13,San Mateo,081,765935,47808,46660,679,47339,548
2021-08-13,Santa Barbara,083,443738,37851,37023,1309,38332,474
2021-08-13,Santa Clara,085,1922200,130254,126958,947,127905,1769
2021-08-13,Santa Cruz,087,273765,17757,17332,877,18209,209
2021-08-13,Shasta,089,179085,14193,13698,1941,15639,211
2021-08-13,Sierra,091,2930,85,81,12,93,0
2021-08-13,Siskiyou,093,43540,2248,2147,541,2688,33
2021-08-13,Solano,095,438530,39102,37104,875,37979,264
2021-08-13,Sonoma,097,501317,35770,34464,425,34889,333
2021-08-13,Stanislaus,099,539301,62814,61294,6848,68142,1039
2021-08-13,Sutter,101,95872,10958,10751,118,10869,130
2021-08-13,Tehama,103,63373,5660,5496,691,6187,66
2021-08-13,Trinity,105,12862,552,392,130,522,3
2021-08-13,Tulare,107,460477,53242,51770,10453,62223,856
2021-08-13,Tuolumne,109,53932,5026,4899,49,4948,64
2021-08-13,Ventura,111,848112,88123,86368,3754,90122,1052
2021-08-13,Yolo,113,214977,16289,15761,659,16420,225
2021-08-13,Yuba,115,75493,7383,7184,169,7353,51
2021-08-12,Alameda,001,1643700,103816,100472,2312,102784,1284
2021-08-12,Alpine,003,1148,90,91,0,91,0
2021-08-12,Amador,005,37829,4295,4161,37,4198,49
2021-08-12,Butte,007,227075,14506,14006,2277,16283,206
2021-08-12,Calaveras,009,45235,2633,2531,17,2548,57
2021-08-12,Colusa,011,21464,2179,2111,421,2532,17
2021-08-12,Contra Costa,013,1133247,83997,80738,1649,82387,846
2021-08-12,Del Norte,015,27424,2190,1923,16,1939,8
2021-08-12,El Dorado,017,186661,12484,11880,1031,12911,118
2021-08-12,Fresno,019,978130,111323,108193,9684,117877,1753
2021-08-12,Glenn,021,27897,2624,2559,660,3219,20
2021-08-12,Humboldt,023,135768,6156,5845,108,5953,52
2021-08-12,Imperial,025,180216,29839,29585,2837,32422,745
2021-08-12,Inyo,027,18085,1489,1483,15,1498,39
2021-08-12,Kern,029,883053,103707,101698,13199,114897,1364
2021-08-12,Kings,031,150075,25142,24423,1296,25719,252
2021-08-12,Lake,033,64148,4948,4774,31,4805,68
2021-08-12,Lassen,035,31185,5528,5428,131,5559,21
2021-08-12,Los Angeles,037,10098052,1311975,1291875,48376,1340251,24874
2021-08-12,Madera,039,155013,18067,17564,1163,18727,246
2021-08-12,Marin,041,260295,15717,15277,314,15591,239
2021-08-12,Mariposa,043,17540,608,568,13,581,5
2021-08-12,Mendocino,045,87422,5168,4873,157,5030,49
2021-08-12,Merced,047,269075,33504,32960,1202,34162,480
2021-08-12,Modoc,049,8938,434,423,149,572,5
2021-08-12,Mono,051,14174,1357,1325,18,1343,3
2021-08-12,Monterey,053,433212,44880,44383,2178,46561,527
2021-08-12,Napa,055,140530,11060,10780,66,10846,83
2021-08-12,Nevada,057,99092,6633,6283,224,6507,74
2021-08-12,Orange,059,3164182,278595,273167,12809,285976,5158
2021-08-12,Placer,061,380077,28384,26856,2263,29119,306
2021-08-12,Plumas,063,18699,878,829,14,843,5
2021-08-12,Riverside,065,2383286,318791,311304,15018,326322,4575
2021-08-12,Sacramento,067,1510023,127069,122222,2486,124708,1758
2021-08-12,San Benito,069,59416,6482,6398,122,6520,64
2021-08-12,San Bernardino,071,2135413,315802,310420,9711,320131,5297
2021-08-12,San Diego,073,3302833,317130,310596,18282,328878,3821
2021-08-12,San Francisco,075,870044,45347,43774,1813,45587,564
2021-08-12,San Joaquin,077,732212,82132,79945,4196,84141,1479
2021-08-12,San Luis Obispo,079,281455,23776,23101,885,23986,264
2021-08-12,San Mateo,081,765935,47664,46435,676,47111,548
2021-08-12,Santa Barbara,083,443738,37714,36881,1301,38182,473
2021-08-12,Santa Clara,085,1922200,129805,126614,941,127555,1769
2021-08-12,Santa Cruz,087,273765,17693,17261,876,18137,209
2021-08-12,Shasta,089,179085,14107,13621,1914,15535,211
2021-08-12,Sierra,091,2930,85,81,12,93,0
2021-08-12,Siskiyou,093,43540,2241,2134,531,2665,33
2021-08-12,Solano,095,438530,38873,36980,866,37846,262
2021-08-12,Sonoma,097,501317,35622,34299,422,34721,333
2021-08-12,Stanislaus,099,539301,62550,61026,6789,67815,1039
2021-08-12,Sutter,101,95872,10897,10695,116,10811,130
2021-08-12,Tehama,103,63373,5630,5462,682,6144,66
2021-08-12,Trinity,105,12862,548,386,129,515,3
2021-08-12,Tulare,107,460477,53096,51632,10404,62036,856
2021-08-12,Tuolumne,109,53932,4979,4845,47,4892,64
2021-08-12,Ventura,111,848112,87885,86106,3730,89836,1052
2021-08-12,Yolo,113,214977,16217,15686,646,16332,224
2021-08-12,Yuba,115,75493,7335,7128,168,7296,51
2021-08-11,Alameda,001,1643700,103298,100040,2308,102348,1281
2021-08-11,Alpine,003,1148,90,91,0,91,0
2021-08-11,Amador,005,37829,4271,4127,37,4164,49
2021-08-11,Butte,007,227075,14406,13905,2252,16157,206
2021-08-11,Calaveras,009,45235,2611,2505,17,2522,57
2021-08-11,Colusa,011,21464,2169,2101,419,2520,16
2021-08-11,Contra Costa,013,1133247,83497,80275,1631,81906,843
2021-08-11,Del Norte,015,27424,2131,1893,16,1909,8
2021-08-11,El Dorado,017,186661,12373,11799,1019,12818,119
2021-08-11,Fresno,019,978130,110869,107773,9637,117410,1751
2021-08-11,Glenn,021,27897,2615,2547,650,3197,20
2021-08-11,Humboldt,023,135768,6109,5765,107,5872,52
2021-08-11,Imperial,025,180216,29796,29565,2833,32398,745
2021-08-11,Inyo,027,18085,1489,1483,15,1498,39
2021-08-11,Kern,029,883053,103393,101448,13089,114537,1363
2021-08-11,Kings,031,150075,25029,24304,1287,25591,250
2021-08-11,Lake,033,64148,4911,4713,30,4743,68
2021-08-11,Lassen,035,31185,5519,5408,129,5537,21
2021-08-11,Los Angeles,037,10098052,1308652,1288238,48188,1336426,24851
2021-08-11,Madera,039,155013,18017,17511,1152,18663,245
2021-08-11,Marin,041,260295,15668,15235,314,15549,239
2021-08-11,Mariposa,043,17540,598,554,12,566,5
2021-08-11,Mendocino,045,87422,5099,4796,148,4944,49
2021-08-11,Merced,047,269075,33371,32802,1198,34000,479
2021-08-11,Modoc,049,8938,434,421,149,570,5
2021-08-11,Mono,051,14174,1352,1320,18,1338,3
2021-08-11,Monterey,053,433212,44781,44314,2160,46474,527
2021-08-11,Napa,055,140530,11019,10732,66,10798,83
2021-08-11,Nevada,057,99092,6579,6172,221,6393,74
2021-08-11,Orange,059,3164182,277738,272212,12762,284974,5155
2021-08-11,Placer,061,380077,28172,26687,2237,28924,305
2021-08-11,Plumas,063,18699,868,824,14,838,5
2021-08-11,Riverside,065,2383286,317798,310265,14983,325248,4570
2021-08-11,Sacramento,067,1510023,126276,121603,2447,124050,1757
2021-08-11,San Benito,069,59416,6469,6381,122,6503,64
2021-08-11,San Bernardino,071,2135413,314909,309498,9689,319187,5296
2021-08-11,San Diego,073,3302833,315660,309406,18178,327584,3818
2021-08-11,San Francisco,075,870044,45122,43555,1805,45360,564
2021-08-11,San Joaquin,077,732212,81725,79641,4168,83809,1478
2021-08-11,San Luis Obispo,079,281455,23672,22920,878,23798,264
2021-08-11,San Mateo,081,765935,47496,46300,673,46973,548
2021-08-11,Santa Barbara,083,443738,37550,36699,1292,37991,472
2021-08-11,Santa Clara,085,1922200,129324,126301,933,127234,1769
2021-08-11,Santa Cruz,087,273765,17628,17191,873,18064,209
2021-08-11,Shasta,089,179085,14033,13546,1898,15444,211
2021-08-11,Sierra,091,2930,84,81,12,93,0
2021-08-11,Siskiyou,093,43540,2227,2124,524,2648,33
2021-08-11,Solano,095,438530,38638,36862,852,37714,262
2021-08-11,Sonoma,097,501317,35443,34188,417,34605,333
2021-08-11,Stanislaus,099,539301,62220,60767,6759,67526,1037
2021-08-11,Sutter,101,95872,10825,10628,116,10744,130
2021-08-11,Tehama,103,63373,5601,5410,665,6075,66
2021-08-11,Trinity,105,12862,546,385,129,514,3
2021-08-11,Tulare,107,460477,52928,51464,10359,61823,854
2021-08-11,Tuolumne,109,53932,4947,4794,47,4841,64
2021-08-11,Ventura,111,848112,87633,85863,3709,89572,1051
2021-08-11,Yolo,113,214977,16142,15593,630,16223,218
2021-08-11,Yuba,115,75493,7276,7063,167,7230,53
2021-08-10,Alameda,001,1643700,102820,99771,2300,102071,1281
2021-08-10,Alpine,003,1148,90,91,0,91,0
2021-08-10,Amador,005,37829,4255,4093,37,4130,49
2021-08-10,Butte,007,227075,14323,13853,2231,16084,205
2021-08-10,Calaveras,009,45235,2586,2491,15,2506,57
2021-08-10,Colusa,011,21464,2156,2088,410,2498,16
2021-08-10,Contra Costa,013,1133247,82953,80018,1621,81639,840
2021-08-10,Del Norte,015,27424,2087,1870,16,1886,8
2021-08-10,El Dorado,017,186661,12272,11734,1008,12742,117
2021-08-10,Fresno,019,978130,110413,107616,9581,117197,1747
2021-08-10,Glenn,021,27897,2602,2538,640,3178,20
2021-08-10,Humboldt,023,135768,6055,5718,104,5822,52
2021-08-10,Imperial,025,180216,29761,29522,2827,32349,745
2021-08-10,Inyo,027,18085,1489,1482,15,1497,39
2021-08-10,Kern,029,883053,103064,101254,12993,114247,1359
2021-08-10,Kings,031,150075,24903,24252,1271,25523,251
2021-08-10,Lake,033,64148,4870,4700,30,4730,67
2021-08-10,Lassen,035,31185,5501,5401,129,5530,21
2021-08-10,Los Angeles,037,10098052,1304901,1285140,48016,1333156,24821
2021-08-10,Madera,039,155013,17944,17481,1142,18623,245
2021-08-10,Marin,041,260295,15621,15194,314,15508,239
2021-08-10,Mariposa,043,17540,585,550,12,562,5
2021-08-10,Mendocino,045,87422,5054,4775,144,4919,49
2021-08-10,Merced,047,269075,33224,32721,1189,33910,477
2021-08-10,Modoc,049,8938,433,421,149,570,5
2021-08-10,Mono,051,14174,1347,1320,18,1338,3
2021-08-10,Monterey,053,433212,44719,44259,2145,46404,527
2021-08-10,Napa,055,140530,10963,10703,65,10768,83
2021-08-10,Nevada,057,99092,6514,6151,220,6371,73
2021-08-10,Orange,059,3164182,276859,271688,12714,284402,5155
2021-08-10,Placer,061,380077,27953,26561,2195,28756,305
2021-08-10,Plumas,063,18699,859,816,14,830,5
2021-08-10,Riverside,065,2383286,316683,309529,14957,324486,4564
2021-08-10,Sacramento,067,1510023,125423,121159,2417,123576,1755
2021-08-10,San Benito,069,59416,6455,6371,122,6493,64
2021-08-10,San Bernardino,071,2135413,313986,308672,9671,318343,5295
2021-08-10,San Diego,073,3302833,314018,308288,18086,326374,3815
2021-08-10,San Francisco,075,870044,44869,43389,1790,45179,564
2021-08-10,San Joaquin,077,732212,81327,79391,4151,83542,1478
2021-08-10,San Luis Obispo,079,281455,23546,22776,876,23652,264
2021-08-10,San Mateo,081,765935,47324,46184,671,46855,548
2021-08-10,Santa Barbara,083,443738,37385,36574,1285,37859,472
2021-08-10,Santa Clara,085,1922200,128861,126019,926,126945,1770
2021-08-10,Santa Cruz,087,273765,17545,17142,871,18013,209
2021-08-10,Shasta,089,179085,13955,13461,1874,15335,211
2021-08-10,Sierra,091,2930,84,76,12,88,0
2021-08-10,Siskiyou,093,43540,2218,2088,517,2605,33
2021-08-10,Solano,095,438530,38392,36767,841,37608,262
2021-08-10,Sonoma,097,501317,35298,34054,414,34468,333
2021-08-10,Stanislaus,099,539301,61874,60605,6722,67327,1037
2021-08-10,Sutter,101,95872,10760,10569,116,10685,130
2021-08-10,Tehama,103,63373,5572,5392,660,6052,66
2021-08-10,Trinity,105,12862,546,384,129,513,3
2021-08-10,Tulare,107,460477,52763,51390,10307,61697,854
2021-08-10,Tuolumne,109,53932,4918,4780,45,4825,64
2021-08-10,Ventura,111,848112,87343,85714,3688,89402,1051
2021-08-10,Yolo,113,214977,16055,15568,620,16188,218
2021-08-10,Yuba,115,75493,7226,7028,167,7195,50
2021-08-09,Alameda,001,1643700,102263,99496,2296,101792,1276
2021-08-09,Alpine,003,1148,90,91,0,91,0
2021-08-09,Amador,005,37829,4229,4078,37,4115,48
2021-08-09,Butte,007,227075,14224,13813,2203,16016,205
2021-08-09,Calaveras,009,45235,2560,2472,15,2487,57
2021-08-09,Colusa,011,21464,2146,2075,402,2477,16
2021-08-09,Contra Costa,013,1133247,82409,79740,1609,81349,840
2021-08-09,Del Norte,015,27424,2019,1848,16,1864,8
2021-08-09,El Dorado,017,186661,12165,11672,994,12666,117
2021-08-09,Fresno,019,978130,109919,107310,9543,116853,1747
2021-08-09,Glenn,021,27897,2591,2532,628,3160,20
2021-08-09,Humboldt,023,135768,5964,5632,102,5734,52
2021-08-09,Imperial,025,180216,29716,29512,2823,32335,745
2021-08-09,Inyo,027,18085,1489,1481,15,1496,39
2021-08-09,Kern,029,883053,102752,101069,12907,113976,1359
2021-08-09,Kings,031,150075,24795,24155,1256,25411,250
2021-08-09,Lake,033,64148,4835,4670,28,4698,66
2021-08-09,Lassen,035,31185,5479,5393,128,5521,21
2021-08-09,Los Angeles,037,10098052,1300889,1282891,47808,1330699,24798
2021-08-09,Madera,039,155013,17885,17429,1122,18551,245
2021-08-09,Marin,041,260295,15568,15154,313,15467,239
2021-08-09,Mariposa,043,17540,572,545,12,557,5
2021-08-09,Mendocino,045,87422,5003,4732,136,4868,49
2021-08-09,Merced,047,269075,33078,32666,1182,33848,477
2021-08-09,Modoc,049,8938,433,419,149,568,5
2021-08-09,Mono,051,14174,1344,1337,18,1355,3
2021-08-09,Monterey,053,433212,44646,44190,2129,46319,527
2021-08-09,Napa,055,140530,10916,10679,65,10744,83
2021-08-09,Nevada,057,99092,6443,6088,219,6307,73
2021-08-09,Orange,059,3164182,275821,271036,12658,283694,5153
2021-08-09,Placer,061,380077,27730,26457,2164,28621,305
2021-08-09,Plumas,063,18699,842,803,14,817,5
2021-08-09,Riverside,065,2383286,315607,308678,14937,323615,4562
2021-08-09,Sacramento,067,1510023,124588,120812,2392,123204,1748
2021-08-09,San Benito,069,59416,6435,6359,120,6479,63
2021-08-09,San Bernardino,071,2135413,313002,308038,9648,317686,5295
2021-08-09,San Diego,073,3302833,312359,306855,17987,324842,3811
2021-08-09,San Francisco,075,870044,44623,43261,1772,45033,564
2021-08-09,San Joaquin,077,732212,80944,79198,4133,83331,1469
2021-08-09,San Luis Obispo,079,281455,23407,22695,867,23562,264
2021-08-09,San Mateo,081,765935,47152,46040,667,46707,548
2021-08-09,Santa Barbara,083,443738,37201,36474,1277,37751,470
2021-08-09,Santa Clara,085,1922200,128358,125791,917,126708,2187
2021-08-09,Santa Cruz,087,273765,17483,17082,871,17953,209
2021-08-09,Shasta,089,179085,13838,13397,1863,15260,210
2021-08-09,Sierra,091,2930,83,75,12,87,0
2021-08-09,Siskiyou,093,43540,2206,2047,501,2548,32
2021-08-09,Solano,095,438530,38116,36653,839,37492,262
2021-08-09,Sonoma,097,501317,35117,33933,412,34345,333
2021-08-09,Stanislaus,099,539301,61597,60410,6671,67081,1037
2021-08-09,Sutter,101,95872,10711,10525,113,10638,129
2021-08-09,Tehama,103,63373,5529,5373,658,6031,66
2021-08-09,Trinity,105,12862,544,378,127,505,3
2021-08-09,Tulare,107,460477,52602,51274,10242,61516,854
2021-08-09,Tuolumne,109,53932,4876,4745,45,4790,64
2021-08-09,Ventura,111,848112,87071,85514,3677,89191,1047
2021-08-09,Yolo,113,214977,15977,15521,599,16120,218
2021-08-09,Yuba,115,75493,7167,6994,167,7161,50
2021-08-08,Alameda,001,1643700,101708,99135,2290,101425,1276
2021-08-08,Alpine,003,1148,90,91,0,91,0
2021-08-08,Amador,005,37829,4195,4057,36,4093,48
2021-08-08,Butte,007,227075,14142,13791,2185,15976,205
2021-08-08,Calaveras,009,45235,2529,2462,15,2477,57
2021-08-08,Colusa,011,21464,2129,2070,395,2465,16
2021-08-08,Contra Costa,013,1133247,81885,79454,1602,81056,840
2021-08-08,Del Norte,015,27424,1973,1810,16,1826,8
2021-08-08,El Dorado,017,186661,12045,11631,983,12614,117
2021-08-08,Fresno,019,978130,109476,107078,9505,116583,1747
2021-08-08,Glenn,021,27897,2583,2527,621,3148,20
2021-08-08,Humboldt,023,135768,5876,5571,102,5673,52
2021-08-08,Imperial,025,180216,29692,29485,2813,32298,745
2021-08-08,Inyo,027,18085,1489,1481,15,1496,39
2021-08-08,Kern,029,883053,102432,100909,12795,113704,1359
2021-08-08,Kings,031,150075,24681,24095,1247,25342,250
2021-08-08,Lake,033,64148,4785,4636,27,4663,66
2021-08-08,Lassen,035,31185,5464,5391,127,5518,21
2021-08-08,Los Angeles,037,10098052,1296635,1279982,47622,1327604,24793
2021-08-08,Madera,039,155013,17806,17398,1105,18503,245
2021-08-08,Marin,041,260295,15515,15124,311,15435,239
2021-08-08,Mariposa,043,17540,568,538,12,550,5
2021-08-08,Mendocino,045,87422,4941,4702,123,4825,49
2021-08-08,Merced,047,269075,32931,32634,1173,33807,477
2021-08-08,Modoc,049,8938,432,419,148,567,5
2021-08-08,Mono,051,14174,1340,1336,18,1354,3
2021-08-08,Monterey,053,433212,44576,44171,2118,46289,527
2021-08-08,Napa,055,140530,10880,10668,65,10733,83
2021-08-08,Nevada,057,99092,6359,6009,217,6226,73
2021-08-08,Orange,059,3164182,274908,270532,12616,283148,5153
2021-08-08,Placer,061,380077,27521,26332,2123,28455,305
2021-08-08,Plumas,063,18699,833,803,14,817,5
2021-08-08,Riverside,065,2383286,314486,308042,14913,322955,4562
2021-08-08,Sacramento,067,1510023,123760,120109,2380,122489,1744
2021-08-08,San Benito,069,59416,6418,6350,119,6469,63
2021-08-08,San Bernardino,071,2135413,311857,307378,9618,316996,5295
2021-08-08,San Diego,073,3302833,311019,305983,17889,323872,3811
2021-08-08,San Francisco,075,870044,44363,43098,1749,44847,564
2021-08-08,San Joaquin,077,732212,80494,79002,4117,83119,1469
2021-08-08,San Luis Obispo,079,281455,23233,22668,859,23527,263
2021-08-08,San Mateo,081,765935,46962,45927,664,46591,548
2021-08-08,Santa Barbara,083,443738,37024,36417,1270,37687,470
2021-08-08,Santa Clara,085,1922200,127907,125553,912,126465,2187
2021-08-08,Santa Cruz,087,273765,17412,17035,866,17901,209
2021-08-08,Shasta,089,179085,13753,13381,1852,15233,210
2021-08-08,Sierra,091,2930,83,74,12,86,0
2021-08-08,Siskiyou,093,43540,2190,2041,496,2537,32
2021-08-08,Solano,095,438530,37864,36551,835,37386,262
2021-08-08,Sonoma,097,501317,34873,33805,411,34216,333
2021-08-08,Stanislaus,099,539301,61274,60269,6626,66895,1037
2021-08-08,Sutter,101,95872,10651,10481,112,10593,129
2021-08-08,Tehama,103,63373,5491,5359,655,6014,66
2021-08-08,Trinity,105,12862,539,378,127,505,3
2021-08-08,Tulare,107,460477,52423,51220,10182,61402,854
2021-08-08,Tuolumne,109,53932,4837,4731,45,4776,64
2021-08-08,Ventura,111,848112,86780,85382,3667,89049,1047
2021-08-08,Yolo,113,214977,15885,15477,592,16069,218
2021-08-08,Yuba,115,75493,7128,6967,167,7134,50
2021-08-07,Alameda,001,1643700,101458,98812,2284,101096,1276
2021-08-07,Alpine,003,1148,90,91,0,91,0
2021-08-07,Amador,005,37829,4178,4041,35,4076,48
2021-08-07,Butte,007,227075,14090,13714,2173,15887,205
2021-08-07,Calaveras,009,45235,2518,2446,15,2461,57
2021-08-07,Colusa,011,21464,2124,2067,386,2453,16
2021-08-07,Contra Costa,013,1133247,81589,79168,1599,80767,840
2021-08-07,Del Norte,015,27424,1941,1791,16,1807,8
2021-08-07,El Dorado,017,186661,11996,11575,976,12551,117
2021-08-07,Fresno,019,978130,109272,106861,9478,116339,1747
2021-08-07,Glenn,021,27897,2575,2515,620,3135,20
2021-08-07,Humboldt,023,135768,5826,5510,99,5609,52
2021-08-07,Imperial,025,180216,29673,29470,2813,32283,745
2021-08-07,Inyo,027,18085,1487,1476,15,1491,39
2021-08-07,Kern,029,883053,102274,100693,12740,113433,1359
2021-08-07,Kings,031,150075,24621,24048,1241,25289,250
2021-08-07,Lake,033,64148,4764,4613,27,4640,66
2021-08-07,Lassen,035,31185,5460,5386,127,5513,21
2021-08-07,Los Angeles,037,10098052,1294609,1276853,47470,1324323,24786
2021-08-07,Madera,039,155013,17771,17366,1100,18466,245
2021-08-07,Marin,041,260295,15481,15085,310,15395,239
2021-08-07,Mariposa,043,17540,565,530,12,542,5
2021-08-07,Mendocino,045,87422,4905,4690,121,4811,49
2021-08-07,Merced,047,269075,32867,32569,1170,33739,477
2021-08-07,Modoc,049,8938,432,419,148,567,5
2021-08-07,Mono,051,14174,1337,1329,18,1347,3
2021-08-07,Monterey,053,433212,44524,44124,2113,46237,527
2021-08-07,Napa,055,140530,10859,10658,64,10722,83
2021-08-07,Nevada,057,99092,6309,5967,215,6182,73
2021-08-07,Orange,059,3164182,274315,269900,12585,282485,5153
2021-08-07,Placer,061,380077,27333,26244,2115,28359,305
2021-08-07,Plumas,063,18699,828,801,14,815,5
2021-08-07,Riverside,065,2383286,313814,307326,14906,322232,4562
2021-08-07,Sacramento,067,1510023,123259,119636,2376,122012,1744
2021-08-07,San Benito,069,59416,6408,6332,119,6451,63
2021-08-07,San Bernardino,071,2135413,311268,306663,9601,316264,5295
2021-08-07,San Diego,073,3302833,310265,304974,17854,322828,3811
2021-08-07,San Francisco,075,870044,44192,42926,1731,44657,564
2021-08-07,San Joaquin,077,732212,80330,78769,4103,82872,1469
2021-08-07,San Luis Obispo,079,281455,23164,22579,858,23437,263
2021-08-07,San Mateo,081,765935,46834,45804,662,46466,548
2021-08-07,Santa Barbara,083,443738,36928,36303,1264,37567,470
2021-08-07,Santa Clara,085,1922200,127636,125196,907,126103,2188
2021-08-07,Santa Cruz,087,273765,17369,16994,864,17858,209
2021-08-07,Shasta,089,179085,13697,13361,1844,15205,210
2021-08-07,Sierra,091,2930,83,74,12,86,0
2021-08-07,Siskiyou,093,43540,2178,2039,494,2533,32
2021-08-07,Solano,095,438530,37748,36458,827,37285,262
2021-08-07,Sonoma,097,501317,34751,33716,411,34127,333
2021-08-07,Stanislaus,099,539301,61105,60093,6596,66689,1037
2021-08-07,Sutter,101,95872,10614,10447,112,10559,129
2021-08-07,Tehama,103,63373,5481,5343,650,5993,66
2021-08-07,Trinity,105,12862,535,377,126,503,3
2021-08-07,Tulare,107,460477,52336,51133,10144,61277,854
2021-08-07,Tuolumne,109,53932,4807,4721,45,4766,64
2021-08-07,Ventura,111,848112,86600,85232,3652,88884,1047
2021-08-07,Yolo,113,214977,15841,15423,585,16008,218
2021-08-07,Yuba,115,75493,7103,6937,165,7102,50
2021-08-06,Alameda,001,1643700,101129,98487,2276,100763,1275
2021-08-06,Alpine,003,1148,90,91,0,91,0
2021-08-06,Amador,005,37829,4157,4002,35,4037,48
2021-08-06,Butte,007,227075,14040,13626,2158,15784,205
2021-08-06,Calaveras,009,45235,2506,2419,15,2434,57
2021-08-06,Colusa,011,21464,2117,2045,380,2425,16
2021-08-06,Contra Costa,013,1133247,81294,78796,1593,80389,840
2021-08-06,Del Norte,015,27424,1914,1755,15,1770,8
2021-08-06,El Dorado,017,186661,11946,11498,964,12462,117
2021-08-06,Fresno,019,978130,109008,106542,9451,115993,1747
2021-08-06,Glenn,021,27897,2560,2504,617,3121,20
2021-08-06,Humboldt,023,135768,5775,5421,96,5517,52
2021-08-06,Imperial,025,180216,29662,29404,2809,32213,745
2021-08-06,Inyo,027,18085,1484,1471,15,1486,39
2021-08-06,Kern,029,883053,102097,100427,12655,113082,1359
2021-08-06,Kings,031,150075,24566,23974,1237,25211,250
2021-08-06,Lake,033,64148,4741,4557,27,4584,66
2021-08-06,Lassen,035,31185,5438,5368,127,5495,21
2021-08-06,Los Angeles,037,10098052,1292124,1273081,47317,1320398,24772
2021-08-06,Madera,039,155013,17732,17324,1091,18415,245
2021-08-06,Marin,041,260295,15448,15051,310,15361,239
2021-08-06,Mariposa,043,17540,556,511,12,523,5
2021-08-06,Mendocino,045,87422,4863,4649,120,4769,49
2021-08-06,Merced,047,269075,32807,32456,1167,33623,477
2021-08-06,Modoc,049,8938,432,419,148,567,5
2021-08-06,Mono,051,14174,1336,1328,18,1346,3
2021-08-06,Monterey,053,433212,44456,44058,2100,46158,527
2021-08-06,Napa,055,140530,10832,10620,64,10684,83
2021-08-06,Nevada,057,99092,6253,5874,215,6089,73
2021-08-06,Orange,059,3164182,273750,269077,12568,281645,5151
2021-08-06,Placer,061,380077,27210,26086,2093,28179,305
2021-08-06,Plumas,063,18699,819,795,14,809,5
2021-08-06,Riverside,065,2383286,313104,306304,14895,321199,4562
2021-08-06,Sacramento,067,1510023,122771,119169,2356,121525,1740
2021-08-06,San Benito,069,59416,6391,6315,119,6434,63
2021-08-06,San Bernardino,071,2135413,310568,305806,9592,315398,5286
2021-08-06,San Diego,073,3302833,309225,303691,17805,321496,3810
2021-08-06,San Francisco,075,870044,44035,42659,1713,44372,565
2021-08-06,San Joaquin,077,732212,80181,78405,4091,82496,1469
2021-08-06,San Luis Obispo,079,281455,23096,22472,853,23325,263
2021-08-06,San Mateo,081,765935,46681,45665,657,46322,548
2021-08-06,Santa Barbara,083,443738,36839,36208,1260,37468,470
2021-08-06,Santa Clara,085,1922200,127346,124767,901,125668,2185
2021-08-06,Santa Cruz,087,273765,17325,16924,860,17784,207
2021-08-06,Shasta,089,179085,13631,13284,1838,15122,210
2021-08-06,Sierra,091,2930,83,73,12,85,0
2021-08-06,Siskiyou,093,43540,2168,2030,490,2520,32
2021-08-06,Solano,095,438530,37638,36351,818,37169,262
2021-08-06,Sonoma,097,501317,34665,33594,410,34004,333
2021-08-06,Stanislaus,099,539301,60967,59854,6575,66429,1037
2021-08-06,Sutter,101,95872,10571,10391,112,10503,128
2021-08-06,Tehama,103,63373,5457,5325,649,5974,66
2021-08-06,Trinity,105,12862,534,371,125,496,3
2021-08-06,Tulare,107,460477,52235,51018,10097,61115,854
2021-08-06,Tuolumne,109,53932,4780,4674,45,4719,64
2021-08-06,Ventura,111,848112,86429,85046,3640,88686,1047
2021-08-06,Yolo,113,214977,15788,15299,580,15879,218
2021-08-06,Yuba,115,75493,7080,6904,165,7069,50
2021-08-05,Alameda,001,1643700,100642,98052,2271,100323,1275
2021-08-05,Alpine,003,1148,90,91,0,91,0
2021-08-05,Amador,005,37829,4137,3992,35,4027,48
2021-08-05,Butte,007,227075,13979,13564,2135,15699,206
2021-08-05,Calaveras,009,45235,2486,2397,15,2412,57
2021-08-05,Colusa,011,21464,2105,2036,376,2412,16
2021-08-05,Contra Costa,013,1133247,80866,78514,1586,80100,840
2021-08-05,Del Norte,015,27424,1887,1731,15,1746,8
2021-08-05,El Dorado,017,186661,11862,11408,954,12362,117
2021-08-05,Fresno,019,978130,108637,106219,9413,115632,1747
2021-08-05,Glenn,021,27897,2554,2494,614,3108,20
2021-08-05,Humboldt,023,135768,5701,5328,95,5423,52
2021-08-05,Imperial,025,180216,29631,29383,2805,32188,745
2021-08-05,Inyo,027,18085,1480,1468,15,1483,38
2021-08-05,Kern,029,883053,101875,100091,12570,112661,1358
2021-08-05,Kings,031,150075,24482,23906,1231,25137,249
2021-08-05,Lake,033,64148,4702,4490,25,4515,66
2021-08-05,Lassen,035,31185,5430,5344,127,5471,21
2021-08-05,Los Angeles,037,10098052,1288904,1269445,47182,1316627,24756
2021-08-05,Madera,039,155013,17691,17301,1083,18384,245
2021-08-05,Marin,041,260295,15404,15005,306,15311,239
2021-08-05,Mariposa,043,17540,545,504,11,515,5
2021-08-05,Mendocino,045,87422,4820,4597,111,4708,49
2021-08-05,Merced,047,269075,32740,32381,1156,33537,477
2021-08-05,Modoc,049,8938,431,418,148,566,5
2021-08-05,Mono,051,14174,1328,1309,18,1327,3
2021-08-05,Monterey,053,433212,44399,43992,2082,46074,527
2021-08-05,Napa,055,140530,10796,10591,62,10653,83
2021-08-05,Nevada,057,99092,6171,5778,212,5990,73
2021-08-05,Orange,059,3164182,272969,268329,12542,280871,5149
2021-08-05,Placer,061,380077,27009,25965,2066,28031,305
2021-08-05,Plumas,063,18699,810,787,14,801,5
2021-08-05,Riverside,065,2383286,312187,305415,14868,320283,4562
2021-08-05,Sacramento,067,1510023,122061,118590,2343,120933,1739
2021-08-05,San Benito,069,59416,6373,6305,119,6424,63
2021-08-05,San Bernardino,071,2135413,309732,304956,9571,314527,5284
2021-08-05,San Diego,073,3302833,307953,302220,17723,319943,3806
2021-08-05,San Francisco,075,870044,43825,42301,1704,44005,564
2021-08-05,San Joaquin,077,732212,79820,78151,4073,82224,1468
2021-08-05,San Luis Obispo,079,281455,22981,22362,847,23209,263
2021-08-05,San Mateo,081,765935,46508,45554,655,46209,548
2021-08-05,Santa Barbara,083,443738,36732,36112,1257,37369,470
2021-08-05,Santa Clara,085,1922200,127013,124490,901,125391,2185
2021-08-05,Santa Cruz,087,273765,17281,16867,857,17724,207
2021-08-05,Shasta,089,179085,13573,13217,1830,15047,210
2021-08-05,Sierra,091,2930,78,73,12,85,0
2021-08-05,Siskiyou,093,43540,2147,2024,480,2504,32
2021-08-05,Solano,095,438530,37457,36250,811,37061,262
2021-08-05,Sonoma,097,501317,34530,33455,409,33864,330
2021-08-05,Stanislaus,099,539301,60750,59692,6536,66228,1037
2021-08-05,Sutter,101,95872,10516,10349,112,10461,127
2021-08-05,Tehama,103,63373,5439,5305,645,5950,66
2021-08-05,Trinity,105,12862,528,367,125,492,3
2021-08-05,Tulare,107,460477,52118,50889,10042,60931,854
2021-08-05,Tuolumne,109,53932,4750,4619,45,4664,64
2021-08-05,Ventura,111,848112,86178,84837,3626,88463,1047
2021-08-05,Yolo,113,214977,15721,15250,570,15820,218
2021-08-05,Yuba,115,75493,7037,6872,163,7035,50
2021-08-04,Alameda,001,1643700,100141,97477,2260,99737,1274
2021-08-04,Alpine,003,1148,90,91,0,91,0
2021-08-04,Amador,005,37829,4107,3962,34,3996,48
2021-08-04,Butte,007,227075,13911,13509,2118,15627,205
2021-08-04,Calaveras,009,45235,2461,2374,15,2389,57
2021-08-04,Colusa,011,21464,2093,2025,370,2395,16
2021-08-04,Contra Costa,013,1133247,80350,77966,1581,79547,840
2021-08-04,Del Norte,015,27424,1864,1701,15,1716,8
2021-08-04,El Dorado,017,186661,11784,11319,943,12262,117
2021-08-04,Fresno,019,978130,108269,105899,9372,115271,1747
2021-08-04,Glenn,021,27897,2546,2487,612,3099,20
2021-08-04,Humboldt,023,135768,5625,5271,94,5365,52
2021-08-04,Imperial,025,180216,29583,29375,2803,32178,745
2021-08-04,Inyo,027,18085,1479,1465,15,1480,38
2021-08-04,Kern,029,883053,101625,99868,12485,112353,1358
2021-08-04,Kings,031,150075,24410,23840,1223,25063,250
2021-08-04,Lake,033,64148,4672,4423,20,4443,65
2021-08-04,Lassen,035,31185,5422,5340,127,5467,21
2021-08-04,Los Angeles,037,10098052,1285418,1265788,47019,1312807,24737
2021-08-04,Madera,039,155013,17656,17251,1076,18327,245
2021-08-04,Marin,041,260295,15357,14950,304,15254,239
2021-08-04,Mariposa,043,17540,530,497,11,508,5
2021-08-04,Mendocino,045,87422,4796,4560,107,4667,49
2021-08-04,Merced,047,269075,32602,32274,1151,33425,476
2021-08-04,Modoc,049,8938,431,416,148,564,5
2021-08-04,Mono,051,14174,1324,1307,18,1325,3
2021-08-04,Monterey,053,433212,44334,43926,2071,45997,526
2021-08-04,Napa,055,140530,10759,10544,62,10606,82
2021-08-04,Nevada,057,99092,6107,5702,211,5913,73
2021-08-04,Orange,059,3164182,272096,267199,12503,279702,5146
2021-08-04,Placer,061,380077,26792,25688,2046,27734,305
2021-08-04,Plumas,063,18699,804,784,14,798,5
2021-08-04,Riverside,065,2383286,311262,304272,14842,319114,4562
2021-08-04,Sacramento,067,1510023,121303,117882,2317,120199,1736
2021-08-04,San Benito,069,59416,6358,6300,119,6419,63
2021-08-04,San Bernardino,071,2135413,308876,304164,9553,313717,5285
2021-08-04,San Diego,073,3302833,306439,301100,17657,318757,3805
2021-08-04,San Francisco,075,870044,43571,41913,1691,43604,562
2021-08-04,San Joaquin,077,732212,79463,77846,4061,81907,1466
2021-08-04,San Luis Obispo,079,281455,22873,22245,841,23086,262
2021-08-04,San Mateo,081,765935,46336,45392,654,46046,548
2021-08-04,Santa Barbara,083,443738,36603,36013,1249,37262,470
2021-08-04,Santa Clara,085,1922200,126622,124127,894,125021,2183
2021-08-04,Santa Cruz,087,273765,17219,16820,850,17670,208
2021-08-04,Shasta,089,179085,13522,13134,1819,14953,211
2021-08-04,Sierra,091,2930,78,73,12,85,0
2021-08-04,Siskiyou,093,43540,2127,2010,475,2485,32
2021-08-04,Solano,095,438530,37257,36025,802,36827,262
2021-08-04,Sonoma,097,501317,34358,33311,407,33718,330
2021-08-04,Stanislaus,099,539301,60527,59396,6498,65894,1037
2021-08-04,Sutter,101,95872,10479,10294,112,10406,127
2021-08-04,Tehama,103,63373,5413,5281,640,5921,66
2021-08-04,Trinity,105,12862,526,362,122,484,3
2021-08-04,Tulare,107,460477,52008,50797,9998,60795,855
2021-08-04,Tuolumne,109,53932,4725,4584,45,4629,64
2021-08-04,Ventura,111,848112,85920,84406,3604,88010,1047
2021-08-04,Yolo,113,214977,15642,15189,557,15746,215
2021-08-04,Yuba,115,75493,6997,6827,161,6988,50
2021-08-03,Alameda,001,1643700,99694,97275,2255,99530,1270
2021-08-03,Alpine,003,1148,90,91,0,91,0
2021-08-03,Amador,005,37829,4071,3953,34,3987,48
2021-08-03,Butte,007,227075,13843,13468,2103,15571,205
2021-08-03,Calaveras,009,45235,2439,2356,15,2371,57
2021-08-03,Colusa,011,21464,2080,2023,364,2387,16
2021-08-03,Contra Costa,013,1133247,79868,77739,1574,79313,836
2021-08-03,Del Norte,015,27424,1832,1691,14,1705,8
2021-08-03,El Dorado,017,186661,11694,11255,933,12188,117
2021-08-03,Fresno,019,978130,107907,105732,9340,115072,1746
2021-08-03,Glenn,021,27897,2539,2481,606,3087,20
2021-08-03,Humboldt,023,135768,5560,5199,89,5288,52
2021-08-03,Imperial,025,180216,29561,29333,2796,32129,745
2021-08-03,Inyo,027,18085,1476,1459,15,1474,38
2021-08-03,Kern,029,883053,101363,99708,12406,112114,1358
2021-08-03,Kings,031,150075,24322,23780,1216,24996,249
2021-08-03,Lake,033,64148,4616,4408,16,4424,66
2021-08-03,Lassen,035,31185,5412,5341,127,5468,21
2021-08-03,Los Angeles,037,10098052,1281679,1262678,46839,1309517,24721
2021-08-03,Madera,039,155013,17615,17220,1061,18281,245
2021-08-03,Marin,041,260295,15308,14906,301,15207,243
2021-08-03,Mariposa,043,17540,519,495,11,506,5
2021-08-03,Mendocino,045,87422,4747,4546,106,4652,49
2021-08-03,Merced,047,269075,32519,32197,1149,33346,476
2021-08-03,Modoc,049,8938,431,416,148,564,5
2021-08-03,Mono,051,14174,1319,1303,18,1321,3
2021-08-03,Monterey,053,433212,44270,43872,2058,45930,525
2021-08-03,Napa,055,140530,10716,10527,61,10588,82
2021-08-03,Nevada,057,99092,6026,5685,210,5895,73
2021-08-03,Orange,059,3164182,271357,266649,12473,279122,5146
2021-08-03,Placer,061,380077,26591,25624,2022,27646,305
2021-08-03,Plumas,063,18699,797,779,14,793,5
2021-08-03,Riverside,065,2383286,310338,303499,14815,318314,4562
2021-08-03,Sacramento,067,1510023,120558,117591,2296,119887,1732
2021-08-03,San Benito,069,59416,6343,6284,118,6402,63
2021-08-03,San Bernardino,071,2135413,307955,303386,9533,312919,5265
2021-08-03,San Diego,073,3302833,305001,300189,17547,317736,3803
2021-08-03,San Francisco,075,870044,43289,41758,1671,43429,562
2021-08-03,San Joaquin,077,732212,79114,77615,4040,81655,1461
2021-08-03,San Luis Obispo,079,281455,22733,22166,834,23000,264
2021-08-03,San Mateo,081,765935,46143,45255,649,45904,548
2021-08-03,Santa Barbara,083,443738,36484,35912,1243,37155,469
2021-08-03,Santa Clara,085,1922200,126201,123914,888,124802,2183
2021-08-03,Santa Cruz,087,273765,17153,16778,847,17625,207
2021-08-03,Shasta,089,179085,13448,13091,1808,14899,211
2021-08-03,Sierra,091,2930,78,72,12,84,0
2021-08-03,Siskiyou,093,43540,2116,1998,470,2468,32
2021-08-03,Solano,095,438530,37037,35953,790,36743,261
2021-08-03,Sonoma,097,501317,34177,33243,406,33649,330
2021-08-03,Stanislaus,099,539301,60306,59282,6479,65761,1037
2021-08-03,Sutter,101,95872,10439,10263,111,10374,127
2021-08-03,Tehama,103,63373,5388,5269,635,5904,66
2021-08-03,Trinity,105,12862,523,361,119,480,3
2021-08-03,Tulare,107,460477,51913,50729,9952,60681,854
2021-08-03,Tuolumne,109,53932,4690,4563,45,4608,64
2021-08-03,Ventura,111,848112,85676,84270,3583,87853,1046
2021-08-03,Yolo,113,214977,15550,15149,543,15692,215
2021-08-03,Yuba,115,75493,6960,6781,159,6940,50
2021-08-02,Alameda,001,1643700,99138,96954,2250,99204,1270
2021-08-02,Alpine,003,1148,90,91,0,91,0
2021-08-02,Amador,005,37829,4051,3927,34,3961,48
2021-08-02,Butte,007,227075,13763,13442,2084,15526,205
2021-08-02,Calaveras,009,45235,2413,2347,15,2362,57
2021-08-02,Colusa,011,21464,2068,2019,361,2380,16
2021-08-02,Contra Costa,013,1133247,79359,77516,1560,79076,836
2021-08-02,Del Norte,015,27424,1802,1653,14,1667,8
2021-08-02,El Dorado,017,186661,11590,11226,919,12145,116
2021-08-02,Fresno,019,978130,107561,105471,9303,114774,1744
2021-08-02,Glenn,021,27897,2531,2477,603,3080,20
2021-08-02,Humboldt,023,135768,5477,5161,87,5248,52
2021-08-02,Imperial,025,180216,29528,29302,2793,32095,743
2021-08-02,Inyo,027,18085,1470,1455,15,1470,38
2021-08-02,Kern,029,883053,101108,99556,12313,111869,1357
2021-08-02,Kings,031,150075,24252,23722,1210,24932,249
2021-08-02,Lake,033,64148,4573,4375,16,4391,66
2021-08-02,Lassen,035,31185,5389,5338,125,5463,21
2021-08-02,Los Angeles,037,10098052,1277958,1260807,46630,1307437,24705
2021-08-02,Madera,039,155013,17571,17158,1048,18206,245
2021-08-02,Marin,041,260295,15265,14859,299,15158,239
2021-08-02,Mariposa,043,17540,510,490,11,501,5
2021-08-02,Mendocino,045,87422,4707,4512,103,4615,49
2021-08-02,Merced,047,269075,32421,32163,1142,33305,474
2021-08-02,Modoc,049,8938,431,415,148,563,5
2021-08-02,Mono,051,14174,1312,1296,18,1314,3
2021-08-02,Monterey,053,433212,44210,43842,2050,45892,525
2021-08-02,Napa,055,140530,10673,10490,58,10548,82
2021-08-02,Nevada,057,99092,5955,5611,209,5820,73
2021-08-02,Orange,059,3164182,270443,266050,12427,278477,5146
2021-08-02,Placer,061,380077,26444,25516,1988,27504,306
2021-08-02,Plumas,063,18699,790,762,14,776,5
2021-08-02,Riverside,065,2383286,309400,302756,14800,317556,4562
2021-08-02,Sacramento,067,1510023,119861,117183,2275,119458,1728
2021-08-02,San Benito,069,59416,6324,6276,117,6393,63
2021-08-02,San Bernardino,071,2135413,307079,303000,9501,312501,5253
2021-08-02,San Diego,073,3302833,303521,299021,17467,316488,3798
2021-08-02,San Francisco,075,870044,43002,41553,1647,43200,562
2021-08-02,San Joaquin,077,732212,78771,77447,4013,81460,1461
2021-08-02,San Luis Obispo,079,281455,22639,22093,827,22920,261
2021-08-02,San Mateo,081,765935,45967,45154,636,45790,548
2021-08-02,Santa Barbara,083,443738,36345,35851,1237,37088,469
2021-08-02,Santa Clara,085,1922200,125731,123655,880,124535,2183
2021-08-02,Santa Cruz,087,273765,17095,16746,843,17589,207
2021-08-02,Shasta,089,179085,13385,13049,1794,14843,212
2021-08-02,Sierra,091,2930,78,71,12,83,0
2021-08-02,Siskiyou,093,43540,2105,1992,456,2448,31
2021-08-02,Solano,095,438530,36789,35852,777,36629,260
2021-08-02,Sonoma,097,501317,33951,33132,401,33533,330
2021-08-02,Stanislaus,099,539301,60087,59160,6451,65611,1037
2021-08-02,Sutter,101,95872,10393,10220,111,10331,127
2021-08-02,Tehama,103,63373,5364,5260,631,5891,66
2021-08-02,Trinity,105,12862,518,359,118,477,3
2021-08-02,Tulare,107,460477,51811,50640,9878,60518,854
2021-08-02,Tuolumne,109,53932,4623,4524,45,4569,64
2021-08-02,Ventura,111,848112,85491,84143,3560,87703,1044
2021-08-02,Yolo,113,214977,15452,15072,525,15597,215
2021-08-02,Yuba,115,75493,6918,6743,156,6899,50
2021-08-01,Alameda,001,1643700,98605,96775,2244,99019,1270
2021-08-01,Alpine,003,1148,90,91,0,91,0
2021-08-01,Amador,005,37829,4013,3923,34,3957,48
2021-08-01,Butte,007,227075,13682,13406,2067,15473,205
2021-08-01,Calaveras,009,45235,2389,2341,15,2356,57
2021-08-01,Colusa,011,21464,2057,2014,359,2373,16
2021-08-01,Contra Costa,013,1133247,78924,77360,1552,78912,836
2021-08-01,Del Norte,015,27424,1770,1642,14,1656,8
2021-08-01,El Dorado,017,186661,11489,11189,908,12097,116
2021-08-01,Fresno,019,978130,107235,105339,9256,114595,1744
2021-08-01,Glenn,021,27897,2525,2476,600,3076,20
2021-08-01,Humboldt,023,135768,5400,5118,83,5201,52
2021-08-01,Imperial,025,180216,29493,29297,2788,32085,743
2021-08-01,Inyo,027,18085,1468,1454,15,1469,38
2021-08-01,Kern,029,883053,100830,99396,12239,111635,1357
2021-08-01,Kings,031,150075,24165,23700,1205,24905,249
2021-08-01,Lake,033,64148,4494,4356,16,4372,66
2021-08-01,Lassen,035,31185,5376,5336,123,5459,21
2021-08-01,Los Angeles,037,10098052,1274271,1258461,46406,1304867,24700
2021-08-01,Madera,039,155013,17514,17146,1043,18189,245
2021-08-01,Marin,041,260295,15188,14844,298,15142,239
2021-08-01,Mariposa,043,17540,503,482,11,493,5
2021-08-01,Mendocino,045,87422,4661,4476,99,4575,49
2021-08-01,Merced,047,269075,32329,32144,1136,33280,474
2021-08-01,Modoc,049,8938,429,413,148,561,5
2021-08-01,Mono,051,14174,1309,1294,18,1312,3
2021-08-01,Monterey,053,433212,44163,43808,2037,45845,525
2021-08-01,Napa,055,140530,10625,10473,56,10529,82
2021-08-01,Nevada,057,99092,5868,5561,208,5769,73
2021-08-01,Orange,059,3164182,269630,265467,12384,277851,5146
2021-08-01,Placer,061,380077,26229,25464,1958,27422,306
2021-08-01,Plumas,063,18699,784,761,14,775,5
2021-08-01,Riverside,065,2383286,308467,302256,14782,317038,4562
2021-08-01,Sacramento,067,1510023,119125,116923,2259,119182,1727
2021-08-01,San Benito,069,59416,6307,6271,117,6388,63
2021-08-01,San Bernardino,071,2135413,306144,302542,9491,312033,5248
2021-08-01,San Diego,073,3302833,302335,298002,17402,315404,3798
2021-08-01,San Francisco,075,870044,42664,41432,1634,43066,562
2021-08-01,San Joaquin,077,732212,78404,77338,3986,81324,1461
2021-08-01,San Luis Obispo,079,281455,22536,22083,822,22905,261
2021-08-01,San Mateo,081,765935,45785,45036,628,45664,548
2021-08-01,Santa Barbara,083,443738,36221,35809,1233,37042,469
2021-08-01,Santa Clara,085,1922200,125319,123511,872,124383,2183
2021-08-01,Santa Cruz,087,273765,17016,16709,836,17545,207
2021-08-01,Shasta,089,179085,13314,13036,1785,14821,212
2021-08-01,Sierra,091,2930,76,71,12,83,0
2021-08-01,Siskiyou,093,43540,2099,1989,450,2439,31
2021-08-01,Solano,095,438530,36554,35800,768,36568,260
2021-08-01,Sonoma,097,501317,33759,33076,398,33474,330
2021-08-01,Stanislaus,099,539301,59850,59078,6419,65497,1037
2021-08-01,Sutter,101,95872,10338,10198,108,10306,127
2021-08-01,Tehama,103,63373,5347,5252,627,5879,66
2021-08-01,Trinity,105,12862,515,359,117,476,3
2021-08-01,Tulare,107,460477,51654,50600,9817,60417,854
2021-08-01,Tuolumne,109,53932,4585,4489,45,4534,64
2021-08-01,Ventura,111,848112,85261,84040,3545,87585,1044
2021-08-01,Yolo,113,214977,15380,15042,516,15558,215
2021-08-01,Yuba,115,75493,6881,6721,155,6876,50
2021-07-31,Alameda,001,1643700,98274,95279,2238,97517,1265
2021-07-31,Alpine,003,1148,90,89,0,89,0
2021-07-31,Amador,005,37829,3993,3877,34,3911,48
2021-07-31,Butte,007,227075,13649,13235,2047,15282,205
2021-07-31,Calaveras,009,45235,2380,2294,15,2309,57
2021-07-31,Colusa,011,21464,2051,2006,357,2363,16
2021-07-31,Contra Costa,013,1133247,78645,75866,1550,77416,832
2021-07-31,Del Norte,015,27424,1744,1576,14,1590,8
2021-07-31,El Dorado,017,186661,11436,11017,902,11919,116
2021-07-31,Fresno,019,978130,107076,104639,9242,113881,1744
2021-07-31,Glenn,021,27897,2520,2465,595,3060,20
2021-07-31,Humboldt,023,135768,5345,4978,82,5060,52
2021-07-31,Imperial,025,180216,29476,29164,2785,31949,743
2021-07-31,Inyo,027,18085,1465,1442,15,1457,38
2021-07-31,Kern,029,883053,100665,98903,12180,111083,1357
2021-07-31,Kings,031,150075,24112,23548,1200,24748,248
2021-07-31,Lake,033,64148,4469,4238,16,4254,66
2021-07-31,Lassen,035,31185,5369,5320,123,5443,21
2021-07-31,Los Angeles,037,10098052,1272075,1248545,46259,1294804,24691
2021-07-31,Madera,039,155013,17481,17058,1037,18095,245
2021-07-31,Marin,041,260295,15144,14701,297,14998,239
2021-07-31,Mariposa,043,17540,494,470,11,481,5
2021-07-31,Mendocino,045,87422,4636,4400,96,4496,49
2021-07-31,Merced,047,269075,32281,31959,1131,33090,474
2021-07-31,Modoc,049,8938,429,413,148,561,5
2021-07-31,Mono,051,14174,1307,1287,18,1305,3
2021-07-31,Monterey,053,433212,44124,43720,2027,45747,525
2021-07-31,Napa,055,140530,10605,10401,55,10456,82
2021-07-31,Nevada,057,99092,5829,5373,207,5580,72
2021-07-31,Orange,059,3164182,269056,263446,12365,275811,5144
2021-07-31,Placer,061,380077,26096,25104,1951,27055,306
2021-07-31,Plumas,063,18699,781,743,14,757,5
2021-07-31,Riverside,065,2383286,307851,300315,14772,315087,4554
2021-07-31,Sacramento,067,1510023,118713,115259,2253,117512,1720
2021-07-31,San Benito,069,59416,6296,6251,117,6368,63
2021-07-31,San Bernardino,071,2135413,305573,300726,9488,310214,5240
2021-07-31,San Diego,073,3302833,301662,295054,17356,312410,3798
2021-07-31,San Francisco,075,870044,42437,40412,1614,42026,562
2021-07-31,San Joaquin,077,732212,78239,76575,3973,80548,1443
2021-07-31,San Luis Obispo,079,281455,22482,21922,820,22742,260
2021-07-31,San Mateo,081,765935,45628,44622,623,45245,548
2021-07-31,Santa Barbara,083,443738,36140,35531,1232,36763,467
2021-07-31,Santa Clara,085,1922200,125064,122614,870,123484,2099
2021-07-31,Santa Cruz,087,273765,16977,16576,835,17411,207
2021-07-31,Shasta,089,179085,13277,12918,1777,14695,212
2021-07-31,Sierra,091,2930,76,68,12,80,0
2021-07-31,Siskiyou,093,43540,2090,1976,444,2420,31
2021-07-31,Solano,095,438530,36453,35340,760,36100,263
2021-07-31,Sonoma,097,501317,33633,32601,398,32999,329
2021-07-31,Stanislaus,099,539301,59691,58586,6396,64982,1035
2021-07-31,Sutter,101,95872,10304,10068,107,10175,127
2021-07-31,Tehama,103,63373,5332,5216,624,5840,66
2021-07-31,Trinity,105,12862,514,354,116,470,3
2021-07-31,Tulare,107,460477,51565,50409,9764,60173,854
2021-07-31,Tuolumne,109,53932,4546,4362,45,4407,64
2021-07-31,Ventura,111,848112,85100,83509,3528,87037,1044
2021-07-31,Yolo,113,214977,15332,14863,505,15368,215
2021-07-31,Yuba,115,75493,6858,6615,151,6766,50
2021-07-30,Alameda,001,1643700,97942,95279,2234,97513,1265
2021-07-30,Alpine,003,1148,90,89,0,89,0
2021-07-30,Amador,005,37829,3970,3877,34,3911,48
2021-07-30,Butte,007,227075,13594,13235,2034,15269,205
2021-07-30,Calaveras,009,45235,2370,2294,15,2309,57
2021-07-30,Colusa,011,21464,2047,2006,355,2361,16
2021-07-30,Contra Costa,013,1133247,78401,75866,1546,77412,832
2021-07-30,Del Norte,015,27424,1726,1576,14,1590,8
2021-07-30,El Dorado,017,186661,11403,11017,896,11913,116
2021-07-30,Fresno,019,978130,106882,104639,9230,113869,1744
2021-07-30,Glenn,021,27897,2515,2465,594,3059,20
2021-07-30,Humboldt,023,135768,5281,4978,79,5057,52
2021-07-30,Imperial,025,180216,29462,29164,2782,31946,743
2021-07-30,Inyo,027,18085,1464,1442,15,1457,38
2021-07-30,Kern,029,883053,100541,98903,12133,111036,1357
2021-07-30,Kings,031,150075,24072,23548,1196,24744,248
2021-07-30,Lake,033,64148,4441,4238,16,4254,66
2021-07-30,Lassen,035,31185,5365,5320,123,5443,21
2021-07-30,Los Angeles,037,10098052,1269754,1248545,46108,1294653,24691
2021-07-30,Madera,039,155013,17439,17058,1034,18092,245
2021-07-30,Marin,041,260295,15110,14701,297,14998,239
2021-07-30,Mariposa,043,17540,490,470,11,481,5
2021-07-30,Mendocino,045,87422,4606,4400,95,4495,49
2021-07-30,Merced,047,269075,32240,31959,1127,33086,474
2021-07-30,Modoc,049,8938,427,413,148,561,5
2021-07-30,Mono,051,14174,1302,1287,18,1305,3
2021-07-30,Monterey,053,433212,44090,43720,2018,45738,525
2021-07-30,Napa,055,140530,10583,10401,54,10455,82
2021-07-30,Nevada,057,99092,5772,5373,207,5580,72
2021-07-30,Orange,059,3164182,268430,263446,12339,275785,5144
2021-07-30,Placer,061,380077,26007,25104,1933,27037,306
2021-07-30,Plumas,063,18699,776,743,14,757,5
2021-07-30,Riverside,065,2383286,307213,300315,14762,315077,4554
2021-07-30,Sacramento,067,1510023,118262,115259,2249,117508,1720
2021-07-30,San Benito,069,59416,6289,6251,117,6368,63
2021-07-30,San Bernardino,071,2135413,305059,300726,9482,310208,5240
2021-07-30,San Diego,073,3302833,300889,295054,17298,312352,3798
2021-07-30,San Francisco,075,870044,42224,40412,1599,42011,562
2021-07-30,San Joaquin,077,732212,78085,76575,3968,80543,1443
2021-07-30,San Luis Obispo,079,281455,22444,21922,816,22738,260
2021-07-30,San Mateo,081,765935,45503,44622,610,45232,548
2021-07-30,Santa Barbara,083,443738,36071,35531,1226,36757,467
2021-07-30,Santa Clara,085,1922200,124840,122614,868,123482,2099
2021-07-30,Santa Cruz,087,273765,16951,16576,833,17409,207
2021-07-30,Shasta,089,179085,13232,12918,1777,14695,212
2021-07-30,Sierra,091,2930,75,68,12,80,0
2021-07-30,Siskiyou,093,43540,2081,1976,443,2419,31
2021-07-30,Solano,095,438530,36362,35340,744,36084,263
2021-07-30,Sonoma,097,501317,33538,32601,398,32999,329
2021-07-30,Stanislaus,099,539301,59545,58586,6376,64962,1035
2021-07-30,Sutter,101,95872,10269,10068,107,10175,127
2021-07-30,Tehama,103,63373,5321,5216,624,5840,66
2021-07-30,Trinity,105,12862,514,354,116,470,3
2021-07-30,Tulare,107,460477,51522,50409,9729,60138,854
2021-07-30,Tuolumne,109,53932,4528,4362,45,4407,64
2021-07-30,Ventura,111,848112,84936,83509,3513,87022,1044
2021-07-30,Yolo,113,214977,15271,14863,501,15364,215
2021-07-30,Yuba,115,75493,6822,6615,150,6765,50
2021-07-29,Alameda,001,1643700,97523,95279,2228,97507,1265
2021-07-29,Alpine,003,1148,90,89,0,89,0
2021-07-29,Amador,005,37829,3951,3877,34,3911,48
2021-07-29,Butte,007,227075,13547,13235,2026,15261,205
2021-07-29,Calaveras,009,45235,2356,2294,15,2309,57
2021-07-29,Colusa,011,21464,2040,2006,355,2361,16
2021-07-29,Contra Costa,013,1133247,77962,75866,1542,77408,832
2021-07-29,Del Norte,015,27424,1702,1576,14,1590,8
2021-07-29,El Dorado,017,186661,11339,11017,884,11901,116
2021-07-29,Fresno,019,978130,106617,104639,9202,113841,1744
2021-07-29,Glenn,021,27897,2505,2465,593,3058,20
2021-07-29,Humboldt,023,135768,5221,4978,77,5055,52
2021-07-29,Imperial,025,180216,29417,29164,2780,31944,743
2021-07-29,Inyo,027,18085,1460,1442,15,1457,38
2021-07-29,Kern,029,883053,100335,98903,12055,110958,1357
2021-07-29,Kings,031,150075,24026,23548,1192,24740,248
2021-07-29,Lake,033,64148,4406,4238,16,4254,66
2021-07-29,Lassen,035,31185,5357,5320,120,5440,21
2021-07-29,Los Angeles,037,10098052,1266661,1248545,45924,1294469,24691
2021-07-29,Madera,039,155013,17392,17058,1030,18088,245
2021-07-29,Marin,041,260295,15067,14701,297,14998,239
2021-07-29,Mariposa,043,17540,486,470,11,481,5
2021-07-29,Mendocino,045,87422,4583,4400,93,4493,49
2021-07-29,Merced,047,269075,32185,31959,1127,33086,474
2021-07-29,Modoc,049,8938,427,413,148,561,5
2021-07-29,Mono,051,14174,1300,1287,18,1305,3
2021-07-29,Monterey,053,433212,44041,43720,2008,45728,525
2021-07-29,Napa,055,140530,10551,10401,52,10453,82
2021-07-29,Nevada,057,99092,5720,5373,206,5579,72
2021-07-29,Orange,059,3164182,267718,263446,12307,275753,5144
2021-07-29,Placer,061,380077,25884,25104,1918,27022,306
2021-07-29,Plumas,063,18699,768,743,14,757,5
2021-07-29,Riverside,065,2383286,306508,300315,14738,315053,4554
2021-07-29,Sacramento,067,1510023,117707,115259,2236,117495,1720
2021-07-29,San Benito,069,59416,6278,6251,117,6368,63
2021-07-29,San Bernardino,071,2135413,304421,300726,9472,310198,5240
2021-07-29,San Diego,073,3302833,299831,295054,17230,312284,3798
2021-07-29,San Francisco,075,870044,41977,40412,1578,41990,562
2021-07-29,San Joaquin,077,732212,77829,76575,3960,80535,1443
2021-07-29,San Luis Obispo,079,281455,22390,21922,814,22736,260
2021-07-29,San Mateo,081,765935,45376,44622,600,45222,548
2021-07-29,Santa Barbara,083,443738,35985,35531,1225,36756,467
2021-07-29,Santa Clara,085,1922200,124543,122614,865,123479,2099
2021-07-29,Santa Cruz,087,273765,16898,16576,831,17407,207
2021-07-29,Shasta,089,179085,13178,12918,1768,14686,212
2021-07-29,Sierra,091,2930,75,68,12,80,0
2021-07-29,Siskiyou,093,43540,2076,1976,441,2417,31
2021-07-29,Solano,095,438530,36202,35340,734,36074,263
2021-07-29,Sonoma,097,501317,33364,32601,396,32997,329
2021-07-29,Stanislaus,099,539301,59373,58586,6361,64947,1035
2021-07-29,Sutter,101,95872,10223,10068,106,10174,127
2021-07-29,Tehama,103,63373,5309,5216,618,5834,66
2021-07-29,Trinity,105,12862,512,354,115,469,3
2021-07-29,Tulare,107,460477,51432,50409,9689,60098,854
2021-07-29,Tuolumne,109,53932,4488,4362,44,4406,64
2021-07-29,Ventura,111,848112,84770,83509,3506,87015,1044
2021-07-29,Yolo,113,214977,15202,14863,487,15350,215
2021-07-29,Yuba,115,75493,6773,6615,147,6762,50
2021-07-28,Alameda,001,1643700,97058,94965,2221,97186,1262
2021-07-28,Alpine,003,1148,90,89,0,89,0
2021-07-28,Amador,005,37829,3937,3870,34,3904,48
2021-07-28,Butte,007,227075,13490,13184,2013,15197,205
2021-07-28,Calaveras,009,45235,2336,2289,15,2304,57
2021-07-28,Colusa,011,21464,2037,2001,354,2355,16
2021-07-28,Contra Costa,013,1133247,77475,75487,1534,77021,832
2021-07-28,Del Norte,015,27424,1669,1545,14,1559,8
2021-07-28,El Dorado,017,186661,11290,10967,874,11841,116
2021-07-28,Fresno,019,978130,106369,104458,9181,113639,1744
2021-07-28,Glenn,021,27897,2502,2464,590,3054,20
2021-07-28,Humboldt,023,135768,5170,4946,76,5022,52
2021-07-28,Imperial,025,180216,29370,29096,2780,31876,743
2021-07-28,Inyo,027,18085,1454,1439,14,1453,38
2021-07-28,Kern,029,883053,100179,98781,12009,110790,1352
2021-07-28,Kings,031,150075,23962,23503,1182,24685,248
2021-07-28,Lake,033,64148,4360,4191,15,4206,65
2021-07-28,Lassen,035,31185,5349,5318,120,5438,21
2021-07-28,Los Angeles,037,10098052,1263496,1245485,45737,1291222,24673
2021-07-28,Madera,039,155013,17351,17024,1024,18048,245
2021-07-28,Marin,041,260295,15012,14652,297,14949,239
2021-07-28,Mariposa,043,17540,479,469,11,480,5
2021-07-28,Mendocino,045,87422,4555,4377,93,4470,49
2021-07-28,Merced,047,269075,32129,31886,1123,33009,474
2021-07-28,Modoc,049,8938,425,413,148,561,5
2021-07-28,Mono,051,14174,1299,1286,18,1304,3
2021-07-28,Monterey,053,433212,43994,43668,1998,45666,524
2021-07-28,Napa,055,140530,10511,10376,50,10426,82
2021-07-28,Nevada,057,99092,5666,5320,206,5526,72
2021-07-28,Orange,059,3164182,266925,262735,12277,275012,5143
2021-07-28,Placer,061,380077,25737,24978,1902,26880,306
2021-07-28,Plumas,063,18699,763,754,14,768,5
2021-07-28,Riverside,065,2383286,305740,299611,14719,314330,4554
2021-07-28,Sacramento,067,1510023,117056,114665,2216,116881,1714
2021-07-28,San Benito,069,59416,6267,6236,117,6353,63
2021-07-28,San Bernardino,071,2135413,303800,300121,9460,309581,5236
2021-07-28,San Diego,073,3302833,298558,294176,17157,311333,3798
2021-07-28,San Francisco,075,870044,41674,40144,1552,41696,561
2021-07-28,San Joaquin,077,732212,77578,76312,3930,80242,1443
2021-07-28,San Luis Obispo,079,281455,22331,21865,813,22678,260
2021-07-28,San Mateo,081,765935,45226,44477,591,45068,547
2021-07-28,Santa Barbara,083,443738,35910,35431,1220,36651,467
2021-07-28,Santa Clara,085,1922200,124282,122345,863,123208,2099
2021-07-28,Santa Cruz,087,273765,16860,16551,830,17381,207
2021-07-28,Shasta,089,179085,13133,12882,1758,14640,212
2021-07-28,Sierra,091,2930,71,67,12,79,0
2021-07-28,Siskiyou,093,43540,2067,1971,438,2409,31
2021-07-28,Solano,095,438530,36028,35204,727,35931,262
2021-07-28,Sonoma,097,501317,33221,32434,393,32827,328
2021-07-28,Stanislaus,099,539301,59176,58427,6345,64772,1035
2021-07-28,Sutter,101,95872,10191,10033,105,10138,126
2021-07-28,Tehama,103,63373,5297,5209,615,5824,66
2021-07-28,Trinity,105,12862,511,352,115,467,3
2021-07-28,Tulare,107,460477,51344,50363,9642,60005,854
2021-07-28,Tuolumne,109,53932,4449,4313,44,4357,64
2021-07-28,Ventura,111,848112,84574,83360,3490,86850,1043
2021-07-28,Yolo,113,214977,15130,14801,478,15279,215
2021-07-28,Yuba,115,75493,6740,6591,146,6737,51
2021-07-27,Alameda,001,1643700,96653,94682,2212,96894,1256
2021-07-27,Alpine,003,1148,90,89,0,89,0
2021-07-27,Amador,005,37829,3921,3861,34,3895,48
2021-07-27,Butte,007,227075,13442,13127,2002,15129,205
2021-07-27,Calaveras,009,45235,2326,2280,15,2295,57
2021-07-27,Colusa,011,21464,2028,1999,353,2352,16
2021-07-27,Contra Costa,013,1133247,76990,75227,1530,76757,830
2021-07-27,Del Norte,015,27424,1649,1538,14,1552,8
2021-07-27,El Dorado,017,186661,11230,10941,864,11805,116
2021-07-27,Fresno,019,978130,106076,104288,9157,113445,1746
2021-07-27,Glenn,021,27897,2494,2460,588,3048,20
2021-07-27,Humboldt,023,135768,5116,4925,75,5000,52
2021-07-27,Imperial,025,180216,29325,29048,2779,31827,743
2021-07-27,Inyo,027,18085,1452,1430,14,1444,38
2021-07-27,Kern,029,883053,100009,98724,11953,110677,1352
2021-07-27,Kings,031,150075,23905,23463,1172,24635,248
2021-07-27,Lake,033,64148,4321,4157,15,4172,65
2021-07-27,Lassen,035,31185,5343,5315,120,5435,21
2021-07-27,Los Angeles,037,10098052,1260039,1243336,45526,1288862,24658
2021-07-27,Madera,039,155013,17298,16998,1018,18016,245
2021-07-27,Marin,041,260295,14964,14631,294,14925,239
2021-07-27,Mariposa,043,17540,476,468,11,479,5
2021-07-27,Mendocino,045,87422,4532,4371,93,4464,49
2021-07-27,Merced,047,269075,32062,31825,1120,32945,473
2021-07-27,Modoc,049,8938,424,413,148,561,5
2021-07-27,Mono,051,14174,1295,1288,18,1306,3
2021-07-27,Monterey,053,433212,43954,43646,1987,45633,523
2021-07-27,Napa,055,140530,10481,10354,50,10404,82
2021-07-27,Nevada,057,99092,5589,5305,204,5509,72
2021-07-27,Orange,059,3164182,266181,262193,12252,274445,5143
2021-07-27,Placer,061,380077,25578,24916,1876,26792,306
2021-07-27,Plumas,063,18699,760,752,14,766,5
2021-07-27,Riverside,065,2383286,305011,299160,14700,313860,4554
2021-07-27,Sacramento,067,1510023,116453,114413,2207,116620,1710
2021-07-27,San Benito,069,59416,6258,6229,117,6346,63
2021-07-27,San Bernardino,071,2135413,303111,299593,9438,309031,5236
2021-07-27,San Diego,073,3302833,297471,293408,17078,310486,3798
2021-07-27,San Francisco,075,870044,41316,39939,1534,41473,561
2021-07-27,San Joaquin,077,732212,77315,76166,3911,80077,1442
2021-07-27,San Luis Obispo,079,281455,22276,21803,804,22607,260
2021-07-27,San Mateo,081,765935,45075,44378,588,44966,547
2021-07-27,Santa Barbara,083,443738,35815,35355,1218,36573,467
2021-07-27,Santa Clara,085,1922200,123988,122154,861,123015,2099
2021-07-27,Santa Cruz,087,273765,16814,16523,829,17352,207
2021-07-27,Shasta,089,179085,13083,12846,1745,14591,212
2021-07-27,Sierra,091,2930,71,65,12,77,0
2021-07-27,Siskiyou,093,43540,2062,1964,435,2399,31
2021-07-27,Solano,095,438530,35896,35093,717,35810,261
2021-07-27,Sonoma,097,501317,33077,32367,391,32758,328
2021-07-27,Stanislaus,099,539301,59007,58333,6317,64650,1033
2021-07-27,Sutter,101,95872,10150,9998,105,10103,115
2021-07-27,Tehama,103,63373,5276,5192,613,5805,66
2021-07-27,Trinity,105,12862,510,351,115,466,3
2021-07-27,Tulare,107,460477,51278,50324,9611,59935,854
2021-07-27,Tuolumne,109,53932,4397,4282,44,4326,64
2021-07-27,Ventura,111,848112,84366,83189,3478,86667,1043
2021-07-27,Yolo,113,214977,15056,14759,473,15232,215
2021-07-27,Yuba,115,75493,6718,6564,144,6708,51
2021-07-26,Alameda,001,1643700,96210,94436,2206,96642,1259
2021-07-26,Alpine,003,1148,90,89,0,89,0
2021-07-26,Amador,005,37829,3911,3854,34,3888,48
2021-07-26,Butte,007,227075,13387,13082,1991,15073,203
2021-07-26,Calaveras,009,45235,2320,2276,15,2291,57
2021-07-26,Colusa,011,21464,2021,1996,351,2347,16
2021-07-26,Contra Costa,013,1133247,76494,74854,1523,76377,830
2021-07-26,Del Norte,015,27424,1628,1530,14,1544,8
2021-07-26,El Dorado,017,186661,11166,10899,861,11760,116
2021-07-26,Fresno,019,978130,105872,104143,9133,113276,1742
2021-07-26,Glenn,021,27897,2492,2461,587,3048,20
2021-07-26,Humboldt,023,135768,5077,4906,73,4979,52
2021-07-26,Imperial,025,180216,29285,29034,2779,31813,743
2021-07-26,Inyo,027,18085,1447,1429,14,1443,38
2021-07-26,Kern,029,883053,99843,98633,11888,110521,1351
2021-07-26,Kings,031,150075,23856,23426,1168,24594,247
2021-07-26,Lake,033,64148,4300,4133,15,4148,65
2021-07-26,Lassen,035,31185,5339,5314,120,5434,21
2021-07-26,Los Angeles,037,10098052,1256702,1241527,45353,1286880,24647
2021-07-26,Madera,039,155013,17270,16971,1011,17982,245
2021-07-26,Marin,041,260295,14907,14579,293,14872,239
2021-07-26,Mariposa,043,17540,475,467,11,478,5
2021-07-26,Mendocino,045,87422,4511,4354,93,4447,49
2021-07-26,Merced,047,269075,31971,31774,1116,32890,473
2021-07-26,Modoc,049,8938,424,413,148,561,5
2021-07-26,Mono,051,14174,1294,1286,18,1304,3
2021-07-26,Monterey,053,433212,43911,43595,1974,45569,521
2021-07-26,Napa,055,140530,10458,10332,50,10382,82
2021-07-26,Nevada,057,99092,5503,5280,204,5484,72
2021-07-26,Orange,059,3164182,265542,261803,12231,274034,5142
2021-07-26,Placer,061,380077,25442,24842,1855,26697,304
2021-07-26,Plumas,063,18699,756,750,14,764,5
2021-07-26,Riverside,065,2383286,304318,298626,14686,313312,4553
2021-07-26,Sacramento,067,1510023,115854,113986,2191,116177,1705
2021-07-26,San Benito,069,59416,6252,6222,117,6339,63
2021-07-26,San Bernardino,071,2135413,302496,299238,9426,308664,5237
2021-07-26,San Diego,073,3302833,296364,292688,16996,309684,3793
2021-07-26,San Francisco,075,870044,40955,39800,1508,41308,561
2021-07-26,San Joaquin,077,732212,77080,76033,3907,79940,1440
2021-07-26,San Luis Obispo,079,281455,22227,21752,801,22553,260
2021-07-26,San Mateo,081,765935,44927,44297,579,44876,547
2021-07-26,Santa Barbara,083,443738,35742,35311,1206,36517,467
2021-07-26,Santa Clara,085,1922200,123679,121978,852,122830,2099
2021-07-26,Santa Cruz,087,273765,16774,16493,826,17319,207
2021-07-26,Shasta,089,179085,13034,12819,1732,14551,211
2021-07-26,Sierra,091,2930,70,65,12,77,0
2021-07-26,Siskiyou,093,43540,2059,1962,433,2395,31
2021-07-26,Solano,095,438530,35741,34990,709,35699,259
2021-07-26,Sonoma,097,501317,32941,32283,389,32672,328
2021-07-26,Stanislaus,099,539301,58862,58219,6297,64516,1033
2021-07-26,Sutter,101,95872,10110,9963,102,10065,115
2021-07-26,Tehama,103,63373,5266,5183,609,5792,66
2021-07-26,Trinity,105,12862,510,351,114,465,3
2021-07-26,Tulare,107,460477,51212,50265,9580,59845,854
2021-07-26,Tuolumne,109,53932,4366,4271,44,4315,64
2021-07-26,Ventura,111,848112,84193,83072,3463,86535,1041
2021-07-26,Yolo,113,214977,14995,14727,461,15188,215
2021-07-26,Yuba,115,75493,6684,6538,142,6680,51
2021-07-25,Alameda,001,1643700,95717,94146,2200,96346,1259
2021-07-25,Alpine,003,1148,88,89,0,89,0
2021-07-25,Amador,005,37829,3896,3848,34,3882,48
2021-07-25,Butte,007,227075,13348,13074,1981,15055,203
2021-07-25,Calaveras,009,45235,2311,2275,15,2290,57
2021-07-25,Colusa,011,21464,2012,1996,347,2343,16
2021-07-25,Contra Costa,013,1133247,76009,74634,1509,76143,830
2021-07-25,Del Norte,015,27424,1607,1526,14,1540,8
2021-07-25,El Dorado,017,186661,11109,10878,858,11736,116
2021-07-25,Fresno,019,978130,105631,104019,9117,113136,1742
2021-07-25,Glenn,021,27897,2483,2461,585,3046,20
2021-07-25,Humboldt,023,135768,5018,4892,72,4964,52
2021-07-25,Imperial,025,180216,29248,29037,2779,31816,743
2021-07-25,Inyo,027,18085,1442,1427,14,1441,38
2021-07-25,Kern,029,883053,99671,98503,11817,110320,1351
2021-07-25,Kings,031,150075,23802,23396,1164,24560,247
2021-07-25,Lake,033,64148,4247,4109,14,4123,65
2021-07-25,Lassen,035,31185,5334,5314,120,5434,21
2021-07-25,Los Angeles,037,10098052,1253288,1239596,45157,1284753,24643
2021-07-25,Madera,039,155013,17233,16947,1004,17951,245
2021-07-25,Marin,041,260295,14857,14558,290,14848,239
2021-07-25,Mariposa,043,17540,472,465,11,476,5
2021-07-25,Mendocino,045,87422,4482,4335,91,4426,49
2021-07-25,Merced,047,269075,31898,31760,1114,32874,473
2021-07-25,Modoc,049,8938,424,413,148,561,5
2021-07-25,Mono,051,14174,1291,1286,18,1304,3
2021-07-25,Monterey,053,433212,43873,43590,1966,45556,521
2021-07-25,Napa,055,140530,10422,10316,49,10365,82
2021-07-25,Nevada,057,99092,5438,5256,201,5457,72
2021-07-25,Orange,059,3164182,264834,261351,12208,273559,5142
2021-07-25,Placer,061,380077,25320,24755,1834,26589,304
2021-07-25,Plumas,063,18699,754,750,14,764,5
2021-07-25,Riverside,065,2383286,303554,298181,14668,312849,4553
2021-07-25,Sacramento,067,1510023,115304,113611,2175,115786,1704
2021-07-25,San Benito,069,59416,6245,6217,117,6334,63
2021-07-25,San Bernardino,071,2135413,301836,298982,9420,308402,5237
2021-07-25,San Diego,073,3302833,295301,290626,16922,307548,3793
2021-07-25,San Francisco,075,870044,40605,39663,1482,41145,561
2021-07-25,San Joaquin,077,732212,76825,75926,3888,79814,1440
2021-07-25,San Luis Obispo,079,281455,22154,21741,798,22539,260
2021-07-25,San Mateo,081,765935,44764,44189,573,44762,547
2021-07-25,Santa Barbara,083,443738,35662,35261,1203,36464,467
2021-07-25,Santa Clara,085,1922200,123349,121800,847,122647,2099
2021-07-25,Santa Cruz,087,273765,16727,16474,825,17299,207
2021-07-25,Shasta,089,179085,12987,12815,1727,14542,211
2021-07-25,Sierra,091,2930,70,65,12,77,0
2021-07-25,Siskiyou,093,43540,2051,1963,430,2393,31
2021-07-25,Solano,095,438530,35549,34863,706,35569,259
2021-07-25,Sonoma,097,501317,32816,32202,386,32588,328
2021-07-25,Stanislaus,099,539301,58696,58154,6292,64446,1033
2021-07-25,Sutter,101,95872,10057,9937,100,10037,115
2021-07-25,Tehama,103,63373,5250,5181,608,5789,66
2021-07-25,Trinity,105,12862,508,351,112,463,3
2021-07-25,Tulare,107,460477,51137,50221,9542,59763,854
2021-07-25,Tuolumne,109,53932,4314,4267,44,4311,64
2021-07-25,Ventura,111,848112,83979,82986,3440,86426,1041
2021-07-25,Yolo,113,214977,14934,14693,447,15140,215
2021-07-25,Yuba,115,75493,6651,6519,142,6661,51
2021-07-24,Alameda,001,1643700,95440,93170,2196,95366,1259
2021-07-24,Alpine,003,1148,88,89,0,89,0
2021-07-24,Amador,005,37829,3887,3816,34,3850,48
2021-07-24,Butte,007,227075,13319,12982,1979,14961,203
2021-07-24,Calaveras,009,45235,2306,2267,15,2282,57
2021-07-24,Colusa,011,21464,2011,1992,345,2337,16
2021-07-24,Contra Costa,013,1133247,75781,73682,1506,75188,830
2021-07-24,Del Norte,015,27424,1596,1497,14,1511,8
2021-07-24,El Dorado,017,186661,11075,10773,855,11628,116
2021-07-24,Fresno,019,978130,105513,103637,9107,112744,1736
2021-07-24,Glenn,021,27897,2481,2457,585,3042,20
2021-07-24,Humboldt,023,135768,4983,4780,71,4851,52
2021-07-24,Imperial,025,180216,29228,28996,2779,31775,742
2021-07-24,Inyo,027,18085,1439,1424,14,1438,38
2021-07-24,Kern,029,883053,99593,98261,11795,110056,1350
2021-07-24,Kings,031,150075,23771,23304,1161,24465,246
2021-07-24,Lake,033,64148,4224,3963,14,3977,64
2021-07-24,Lassen,035,31185,5333,5311,120,5431,21
2021-07-24,Los Angeles,037,10098052,1251512,1232164,45024,1277188,24623
2021-07-24,Madera,039,155013,17209,16885,1002,17887,245
2021-07-24,Marin,041,260295,14818,14454,290,14744,238
2021-07-24,Mariposa,043,17540,472,453,11,464,5
2021-07-24,Mendocino,045,87422,4457,4293,91,4384,49
2021-07-24,Merced,047,269075,31876,31661,1113,32774,473
2021-07-24,Modoc,049,8938,424,413,148,561,5
2021-07-24,Mono,051,14174,1289,1284,18,1302,3
2021-07-24,Monterey,053,433212,43848,43525,1959,45484,521
2021-07-24,Napa,055,140530,10406,10230,49,10279,81
2021-07-24,Nevada,057,99092,5406,5183,201,5384,72
2021-07-24,Orange,059,3164182,264369,259973,12196,272169,5141
2021-07-24,Placer,061,380077,25237,24530,1829,26359,303
2021-07-24,Plumas,063,18699,753,737,14,751,4
2021-07-24,Riverside,065,2383286,303086,296912,14658,311570,4552
2021-07-24,Sacramento,067,1510023,114989,112438,2171,114609,1698
2021-07-24,San Benito,069,59416,6241,6200,116,6316,63
2021-07-24,San Bernardino,071,2135413,301445,297899,9411,307310,5236
2021-07-24,San Diego,073,3302833,294835,289368,16894,306262,3788
2021-07-24,San Francisco,075,870044,40431,38954,1466,40420,561
2021-07-24,San Joaquin,077,732212,76697,75461,3877,79338,1436
2021-07-24,San Luis Obispo,079,281455,22123,21616,796,22412,260
2021-07-24,San Mateo,081,765935,44647,43880,567,44447,542
2021-07-24,Santa Barbara,083,443738,35603,35071,1199,36270,465
2021-07-24,Santa Clara,085,1922200,123137,121092,846,121938,2099
2021-07-24,Santa Cruz,087,273765,16704,16416,825,17241,207
2021-07-24,Shasta,089,179085,12959,12759,1724,14483,211
2021-07-24,Sierra,091,2930,69,64,12,76,0
2021-07-24,Siskiyou,093,43540,2051,1951,430,2381,31
2021-07-24,Solano,095,438530,35457,34499,697,35196,259
2021-07-24,Sonoma,097,501317,32691,31928,384,32312,327
2021-07-24,Stanislaus,099,539301,58604,57879,6282,64161,1030
2021-07-24,Sutter,101,95872,10030,9890,100,9990,115
2021-07-24,Tehama,103,63373,5243,5166,606,5772,65
2021-07-24,Trinity,105,12862,508,345,112,457,3
2021-07-24,Tulare,107,460477,51094,50104,9524,59628,854
2021-07-24,Tuolumne,109,53932,4288,4216,44,4260,64
2021-07-24,Ventura,111,848112,83852,82687,3423,86110,1041
2021-07-24,Yolo,113,214977,14896,14557,444,15001,214
2021-07-24,Yuba,115,75493,6632,6449,142,6591,51
2021-07-23,Alameda,001,1643700,95188,93170,2191,95361,1259
2021-07-23,Alpine,003,1148,88,89,0,89,0
2021-07-23,Amador,005,37829,3880,3816,34,3850,48
2021-07-23,Butte,007,227075,13290,12982,1971,14953,203
2021-07-23,Calaveras,009,45235,2296,2267,15,2282,57
2021-07-23,Colusa,011,21464,2010,1992,345,2337,16
2021-07-23,Contra Costa,013,1133247,75521,73682,1496,75178,830
2021-07-23,Del Norte,015,27424,1588,1497,14,1511,8
2021-07-23,El Dorado,017,186661,11046,10773,851,11624,116
2021-07-23,Fresno,019,978130,105381,103637,9097,112734,1736
2021-07-23,Glenn,021,27897,2479,2457,582,3039,20
2021-07-23,Humboldt,023,135768,4961,4780,68,4848,52
2021-07-23,Imperial,025,180216,29216,28996,2779,31775,742
2021-07-23,Inyo,027,18085,1436,1424,14,1438,38
2021-07-23,Kern,029,883053,99511,98261,11769,110030,1350
2021-07-23,Kings,031,150075,23740,23304,1158,24462,246
2021-07-23,Lake,033,64148,4195,3963,14,3977,64
2021-07-23,Lassen,035,31185,5331,5311,120,5431,21
2021-07-23,Los Angeles,037,10098052,1249578,1232164,44913,1277077,24623
2021-07-23,Madera,039,155013,17179,16885,997,17882,245
2021-07-23,Marin,041,260295,14781,14454,288,14742,238
2021-07-23,Mariposa,043,17540,469,453,11,464,5
2021-07-23,Mendocino,045,87422,4444,4293,91,4384,49
2021-07-23,Merced,047,269075,31851,31661,1113,32774,473
2021-07-23,Modoc,049,8938,424,413,148,561,5
2021-07-23,Mono,051,14174,1288,1284,18,1302,3
2021-07-23,Monterey,053,433212,43822,43525,1959,45484,521
2021-07-23,Napa,055,140530,10385,10230,49,10279,81
2021-07-23,Nevada,057,99092,5362,5183,201,5384,72
2021-07-23,Orange,059,3164182,263919,259973,12173,272146,5141
2021-07-23,Placer,061,380077,25157,24530,1813,26343,303
2021-07-23,Plumas,063,18699,751,737,14,751,4
2021-07-23,Riverside,065,2383286,302620,296912,14646,311558,4552
2021-07-23,Sacramento,067,1510023,114635,112438,2169,114607,1698
2021-07-23,San Benito,069,59416,6235,6200,116,6316,63
2021-07-23,San Bernardino,071,2135413,301065,297899,9402,307301,5236
2021-07-23,San Diego,073,3302833,294229,289368,16846,306214,3788
2021-07-23,San Francisco,075,870044,40244,38954,1453,40407,561
2021-07-23,San Joaquin,077,732212,76593,75461,3862,79323,1436
2021-07-23,San Luis Obispo,079,281455,22084,21616,796,22412,260
2021-07-23,San Mateo,081,765935,44544,43880,562,44442,542
2021-07-23,Santa Barbara,083,443738,35538,35071,1198,36269,465
2021-07-23,Santa Clara,085,1922200,122918,121092,843,121935,2099
2021-07-23,Santa Cruz,087,273765,16679,16416,825,17241,207
2021-07-23,Shasta,089,179085,12932,12759,1721,14480,211
2021-07-23,Sierra,091,2930,69,64,12,76,0
2021-07-23,Siskiyou,093,43540,2049,1951,430,2381,31
2021-07-23,Solano,095,438530,35365,34499,693,35192,259
2021-07-23,Sonoma,097,501317,32596,31928,383,32311,327
2021-07-23,Stanislaus,099,539301,58528,57879,6273,64152,1030
2021-07-23,Sutter,101,95872,10001,9890,100,9990,115
2021-07-23,Tehama,103,63373,5234,5166,606,5772,65
2021-07-23,Trinity,105,12862,507,345,111,456,3
2021-07-23,Tulare,107,460477,51047,50104,9499,59603,854
2021-07-23,Tuolumne,109,53932,4266,4216,44,4260,64
2021-07-23,Ventura,111,848112,83690,82687,3405,86092,1041
2021-07-23,Yolo,113,214977,14859,14557,437,14994,214
2021-07-23,Yuba,115,75493,6606,6449,141,6590,51
2021-07-22,Alameda,001,1643700,94834,93170,2186,95356,1259
2021-07-22,Alpine,003,1148,88,89,0,89,0
2021-07-22,Amador,005,37829,3871,3816,34,3850,48
2021-07-22,Butte,007,227075,13256,12982,1962,14944,203
2021-07-22,Calaveras,009,45235,2286,2267,15,2282,57
2021-07-22,Colusa,011,21464,2008,1992,342,2334,16
2021-07-22,Contra Costa,013,1133247,75181,73682,1491,75173,830
2021-07-22,Del Norte,015,27424,1571,1497,14,1511,8
2021-07-22,El Dorado,017,186661,11011,10773,843,11616,116
2021-07-22,Fresno,019,978130,105252,103637,9087,112724,1736
2021-07-22,Glenn,021,27897,2475,2457,582,3039,20
2021-07-22,Humboldt,023,135768,4930,4780,66,4846,52
2021-07-22,Imperial,025,180216,29186,28996,2779,31775,742
2021-07-22,Inyo,027,18085,1434,1424,14,1438,38
2021-07-22,Kern,029,883053,99396,98261,11728,109989,1350
2021-07-22,Kings,031,150075,23701,23304,1156,24460,246
2021-07-22,Lake,033,64148,4144,3963,14,3977,64
2021-07-22,Lassen,035,31185,5328,5311,120,5431,21
2021-07-22,Los Angeles,037,10098052,1247155,1232164,44727,1276891,24623
2021-07-22,Madera,039,155013,17144,16885,995,17880,245
2021-07-22,Marin,041,260295,14740,14454,287,14741,238
2021-07-22,Mariposa,043,17540,462,453,11,464,5
2021-07-22,Mendocino,045,87422,4431,4293,90,4383,49
2021-07-22,Merced,047,269075,31809,31661,1111,32772,473
2021-07-22,Modoc,049,8938,424,413,148,561,5
2021-07-22,Mono,051,14174,1287,1284,18,1302,3
2021-07-22,Monterey,053,433212,43794,43525,1953,45478,521
2021-07-22,Napa,055,140530,10367,10230,49,10279,81
2021-07-22,Nevada,057,99092,5336,5183,200,5383,72
2021-07-22,Orange,059,3164182,263366,259973,12164,272137,5141
2021-07-22,Placer,061,380077,25063,24530,1802,26332,303
2021-07-22,Plumas,063,18699,750,737,14,751,4
2021-07-22,Riverside,065,2383286,302111,296912,14625,311537,4552
2021-07-22,Sacramento,067,1510023,114197,112438,2160,114598,1698
2021-07-22,San Benito,069,59416,6228,6200,116,6316,63
2021-07-22,San Bernardino,071,2135413,300662,297899,9386,307285,5236
2021-07-22,San Diego,073,3302833,293501,289368,16786,306154,3788
2021-07-22,San Francisco,075,870044,40031,38954,1441,40395,561
2021-07-22,San Joaquin,077,732212,76450,75461,3849,79310,1436
2021-07-22,San Luis Obispo,079,281455,22047,21616,792,22408,260
2021-07-22,San Mateo,081,765935,44432,43880,557,44437,542
2021-07-22,Santa Barbara,083,443738,35472,35071,1196,36267,465
2021-07-22,Santa Clara,085,1922200,122676,121092,840,121932,2099
2021-07-22,Santa Cruz,087,273765,16642,16416,824,17240,207
2021-07-22,Shasta,089,179085,12908,12759,1717,14476,211
2021-07-22,Sierra,091,2930,67,64,12,76,0
2021-07-22,Siskiyou,093,43540,2046,1951,430,2381,31
2021-07-22,Solano,095,438530,35219,34499,686,35185,259
2021-07-22,Sonoma,097,501317,32486,31928,381,32309,327
2021-07-22,Stanislaus,099,539301,58400,57879,6261,64140,1030
2021-07-22,Sutter,101,95872,9980,9890,100,9990,115
2021-07-22,Tehama,103,63373,5228,5166,606,5772,65
2021-07-22,Trinity,105,12862,507,345,111,456,3
2021-07-22,Tulare,107,460477,51004,50104,9471,59575,854
2021-07-22,Tuolumne,109,53932,4254,4216,44,4260,64
2021-07-22,Ventura,111,848112,83556,82687,3392,86079,1041
2021-07-22,Yolo,113,214977,14821,14557,436,14993,214
2021-07-22,Yuba,115,75493,6575,6449,138,6587,51
2021-07-21,Alameda,001,1643700,94515,92840,2182,95022,1256
2021-07-21,Alpine,003,1148,88,89,0,89,0
2021-07-21,Amador,005,37829,3858,3813,34,3847,48
2021-07-21,Butte,007,227075,13215,12939,1957,14896,203
2021-07-21,Calaveras,009,45235,2282,2257,15,2272,57
2021-07-21,Colusa,011,21464,2004,1988,341,2329,16
2021-07-21,Contra Costa,013,1133247,74917,73320,1482,74802,827
2021-07-21,Del Norte,015,27424,1561,1492,14,1506,8
2021-07-21,El Dorado,017,186661,10975,10742,839,11581,116
2021-07-21,Fresno,019,978130,105104,103504,9078,112582,1736
2021-07-21,Glenn,021,27897,2473,2455,581,3036,20
2021-07-21,Humboldt,023,135768,4898,4763,64,4827,52
2021-07-21,Imperial,025,180216,29174,28964,2776,31740,742
2021-07-21,Inyo,027,18085,1434,1423,14,1437,38
2021-07-21,Kern,029,883053,99278,98152,11687,109839,1350
2021-07-21,Kings,031,150075,23673,23270,1152,24422,246
2021-07-21,Lake,033,64148,4078,3896,14,3910,64
2021-07-21,Lassen,035,31185,5325,5310,120,5430,21
2021-07-21,Los Angeles,037,10098052,1244648,1229598,44589,1274187,24609
2021-07-21,Madera,039,155013,17120,16858,992,17850,245
2021-07-21,Marin,041,260295,14691,14427,287,14714,238
2021-07-21,Mariposa,043,17540,458,449,11,460,5
2021-07-21,Mendocino,045,87422,4413,4274,90,4364,49
2021-07-21,Merced,047,269075,31770,31607,1107,32714,473
2021-07-21,Modoc,049,8938,424,413,148,561,5
2021-07-21,Mono,051,14174,1284,1282,18,1300,3
2021-07-21,Monterey,053,433212,43764,43502,1949,45451,515
2021-07-21,Napa,055,140530,10341,10209,49,10258,81
2021-07-21,Nevada,057,99092,5301,5152,200,5352,72
2021-07-21,Orange,059,3164182,262813,259615,12133,271748,5139
2021-07-21,Placer,061,380077,24954,24441,1791,26232,303
2021-07-21,Plumas,063,18699,750,736,14,750,4
2021-07-21,Riverside,065,2383286,301598,296419,14608,311027,4552
2021-07-21,Sacramento,067,1510023,113775,112043,2149,114192,1696
2021-07-21,San Benito,069,59416,6218,6196,116,6312,63
2021-07-21,San Bernardino,071,2135413,300210,297519,9378,306897,5230
2021-07-21,San Diego,073,3302833,292650,288682,16723,305405,3787
2021-07-21,San Francisco,075,870044,39806,38699,1436,40135,559
2021-07-21,San Joaquin,077,732212,76261,75288,3837,79125,1434
2021-07-21,San Luis Obispo,079,281455,22010,21579,789,22368,260
2021-07-21,San Mateo,081,765935,44340,43755,553,44308,542
2021-07-21,Santa Barbara,083,443738,35413,34998,1180,36178,465
2021-07-21,Santa Clara,085,1922200,122466,120838,838,121676,2099
2021-07-21,Santa Cruz,087,273765,16608,16407,824,17231,207
2021-07-21,Shasta,089,179085,12875,12751,1714,14465,211
2021-07-21,Sierra,091,2930,67,64,12,76,0
2021-07-21,Siskiyou,093,43540,2044,1943,428,2371,31
2021-07-21,Solano,095,438530,35061,34374,681,35055,258
2021-07-21,Sonoma,097,501317,32370,31789,381,32170,327
2021-07-21,Stanislaus,099,539301,58298,57774,6251,64025,1028
2021-07-21,Sutter,101,95872,9956,9862,100,9962,113
2021-07-21,Tehama,103,63373,5224,5161,606,5767,65
2021-07-21,Trinity,105,12862,505,345,110,455,3
2021-07-21,Tulare,107,460477,50944,50066,9445,59511,854
2021-07-21,Tuolumne,109,53932,4217,4156,44,4200,64
2021-07-21,Ventura,111,848112,83434,82573,3380,85953,1041
2021-07-21,Yolo,113,214977,14779,14525,435,14960,213
2021-07-21,Yuba,115,75493,6547,6425,138,6563,52
2021-07-20,Alameda,001,1643700,94141,92625,2168,94793,1256
2021-07-20,Alpine,003,1148,88,89,0,89,0
2021-07-20,Amador,005,37829,3847,3807,34,3841,48
2021-07-20,Butte,007,227075,13178,12916,1952,14868,203
2021-07-20,Calaveras,009,45235,2279,2249,15,2264,57
2021-07-20,Colusa,011,21464,2004,1985,341,2326,16
2021-07-20,Contra Costa,013,1133247,74633,73143,1464,74607,825
2021-07-20,Del Norte,015,27424,1551,1490,14,1504,8
2021-07-20,El Dorado,017,186661,10935,10727,835,11562,116
2021-07-20,Fresno,019,978130,104968,103438,9059,112497,1736
2021-07-20,Glenn,021,27897,2473,2453,581,3034,20
2021-07-20,Humboldt,023,135768,4853,4735,62,4797,52
2021-07-20,Imperial,025,180216,29154,28933,2776,31709,742
2021-07-20,Inyo,027,18085,1430,1420,14,1434,36
2021-07-20,Kern,029,883053,99166,98082,11659,109741,1350
2021-07-20,Kings,031,150075,23632,23254,1148,24402,246
2021-07-20,Lake,033,64148,4053,3871,14,3885,64
2021-07-20,Lassen,035,31185,5325,5306,120,5426,21
2021-07-20,Los Angeles,037,10098052,1241856,1227404,44421,1271825,24603
2021-07-20,Madera,039,155013,17099,16856,988,17844,245
2021-07-20,Marin,041,260295,14655,14396,284,14680,234
2021-07-20,Mariposa,043,17540,456,448,11,459,5
2021-07-20,Mendocino,045,87422,4396,4259,90,4349,49
2021-07-20,Merced,047,269075,31731,31578,1100,32678,473
2021-07-20,Modoc,049,8938,424,413,148,561,5
2021-07-20,Mono,051,14174,1280,1281,18,1299,3
2021-07-20,Monterey,053,433212,43733,43481,1946,45427,515
2021-07-20,Napa,055,140530,10318,10191,49,10240,81
2021-07-20,Nevada,057,99092,5282,5148,199,5347,72
2021-07-20,Orange,059,3164182,262256,259303,12101,271404,5139
2021-07-20,Placer,061,380077,24862,24408,1768,26176,303
2021-07-20,Plumas,063,18699,748,736,14,750,4
2021-07-20,Riverside,065,2383286,301063,296118,14594,310712,4543
2021-07-20,Sacramento,067,1510023,113335,111796,2119,113915,1695
2021-07-20,San Benito,069,59416,6211,6196,116,6312,63
2021-07-20,San Bernardino,071,2135413,299799,297222,9353,306575,5231
2021-07-20,San Diego,073,3302833,291724,288209,16627,304836,3786
2021-07-20,San Francisco,075,870044,39547,38536,1425,39961,558
2021-07-20,San Joaquin,077,732212,76089,75198,3824,79022,1433
2021-07-20,San Luis Obispo,079,281455,21964,21556,788,22344,259
2021-07-20,San Mateo,081,765935,44222,43670,552,44222,542
2021-07-20,Santa Barbara,083,443738,35343,34935,1174,36109,462
2021-07-20,Santa Clara,085,1922200,122209,120704,835,121539,2098
2021-07-20,Santa Cruz,087,273765,16579,16399,824,17223,207
2021-07-20,Shasta,089,179085,12849,12734,1710,14444,211
2021-07-20,Sierra,091,2930,67,64,12,76,0
2021-07-20,Siskiyou,093,43540,2040,1931,427,2358,31
2021-07-20,Solano,095,438530,34926,34337,674,35011,258
2021-07-20,Sonoma,097,501317,32251,31763,380,32143,326
2021-07-20,Stanislaus,099,539301,58183,57706,6245,63951,1028
2021-07-20,Sutter,101,95872,9929,9854,97,9951,114
2021-07-20,Tehama,103,63373,5222,5153,606,5759,65
2021-07-20,Trinity,105,12862,503,344,109,453,3
2021-07-20,Tulare,107,460477,50902,50047,9428,59475,854
2021-07-20,Tuolumne,109,53932,4198,4156,44,4200,64
2021-07-20,Ventura,111,848112,83281,82504,3363,85867,1041
2021-07-20,Yolo,113,214977,14714,14495,432,14927,213
2021-07-20,Yuba,115,75493,6522,6393,135,6528,52
2021-07-19,Alameda,001,1643700,93767,92357,2152,94509,1256
2021-07-19,Alpine,003,1148,88,89,0,89,0
2021-07-19,Amador,005,37829,3843,3802,34,3836,48
2021-07-19,Butte,007,227075,13134,12901,1946,14847,202
2021-07-19,Calaveras,009,45235,2275,2245,15,2260,57
2021-07-19,Colusa,011,21464,2002,1981,340,2321,16
2021-07-19,Contra Costa,013,1133247,74320,72935,1444,74379,825
2021-07-19,Del Norte,015,27424,1538,1484,14,1498,8
2021-07-19,El Dorado,017,186661,10905,10703,827,11530,114
2021-07-19,Fresno,019,978130,104838,103350,9046,112396,1731
2021-07-19,Glenn,021,27897,2473,2452,580,3032,20
2021-07-19,Humboldt,023,135768,4823,4719,60,4779,52
2021-07-19,Imperial,025,180216,29127,28888,2775,31663,742
2021-07-19,Inyo,027,18085,1429,1417,14,1431,36
2021-07-19,Kern,029,883053,99052,97999,11625,109624,1349
2021-07-19,Kings,031,150075,23602,23221,1142,24363,246
2021-07-19,Lake,033,64148,4017,3848,14,3862,64
2021-07-19,Lassen,035,31185,5324,5305,120,5425,21
2021-07-19,Los Angeles,037,10098052,1239257,1225946,44226,1270172,24600
2021-07-19,Madera,039,155013,17076,16846,985,17831,244
2021-07-19,Marin,041,260295,14620,14369,281,14650,234
2021-07-19,Mariposa,043,17540,450,447,11,458,5
2021-07-19,Mendocino,045,87422,4378,4251,90,4341,49
2021-07-19,Merced,047,269075,31667,31565,1093,32658,472
2021-07-19,Modoc,049,8938,423,413,148,561,5
2021-07-19,Mono,051,14174,1278,1280,18,1298,3
2021-07-19,Monterey,053,433212,43709,43436,1945,45381,515
2021-07-19,Napa,055,140530,10293,10180,47,10227,81
2021-07-19,Nevada,057,99092,5254,5133,198,5331,72
2021-07-19,Orange,059,3164182,261733,258927,12069,270996,5138
2021-07-19,Placer,061,380077,24763,24359,1746,26105,303
2021-07-19,Plumas,063,18699,748,730,14,744,4
2021-07-19,Riverside,065,2383286,300573,295736,14556,310292,4543
2021-07-19,Sacramento,067,1510023,112971,111470,2095,113565,1696
2021-07-19,San Benito,069,59416,6208,6193,116,6309,63
2021-07-19,San Bernardino,071,2135413,299426,296929,9335,306264,5235
2021-07-19,San Diego,073,3302833,290827,287695,16522,304217,3786
2021-07-19,San Francisco,075,870044,39275,38463,1412,39875,560
2021-07-19,San Joaquin,077,732212,75924,75086,3818,78904,1431
2021-07-19,San Luis Obispo,079,281455,21919,21531,784,22315,259
2021-07-19,San Mateo,081,765935,44080,43563,543,44106,542
2021-07-19,Santa Barbara,083,443738,35271,34904,1172,36076,461
2021-07-19,Santa Clara,085,1922200,121951,120554,834,121388,2098
2021-07-19,Santa Cruz,087,273765,16563,16387,824,17211,207
2021-07-19,Shasta,089,179085,12831,12723,1708,14431,209
2021-07-19,Sierra,091,2930,66,64,12,76,0
2021-07-19,Siskiyou,093,43540,2035,1927,425,2352,31
2021-07-19,Solano,095,438530,34751,34262,663,34925,261
2021-07-19,Sonoma,097,501317,32130,31713,379,32092,325
2021-07-19,Stanislaus,099,539301,58082,57644,6235,63879,1027
2021-07-19,Sutter,101,95872,9913,9834,97,9931,114
2021-07-19,Tehama,103,63373,5216,5152,604,5756,65
2021-07-19,Trinity,105,12862,503,344,108,452,3
2021-07-19,Tulare,107,460477,50855,49994,9411,59405,855
2021-07-19,Tuolumne,109,53932,4188,4151,44,4195,64
2021-07-19,Ventura,111,848112,83185,82409,3341,85750,1041
2021-07-19,Yolo,113,214977,14682,14439,430,14869,213
2021-07-19,Yuba,115,75493,6498,6370,135,6505,52
2021-07-18,Alameda,001,1643700,93411,92162,2139,94301,1256
2021-07-18,Alpine,003,1148,88,89,0,89,0
2021-07-18,Amador,005,37829,3832,3799,34,3833,48
2021-07-18,Butte,007,227075,13091,12888,1941,14829,202
2021-07-18,Calaveras,009,45235,2272,2243,15,2258,57
2021-07-18,Colusa,011,21464,2002,1981,339,2320,16
2021-07-18,Contra Costa,013,1133247,74004,72849,1426,74275,825
2021-07-18,Del Norte,015,27424,1529,1482,14,1496,8
2021-07-18,El Dorado,017,186661,10867,10687,819,11506,114
2021-07-18,Fresno,019,978130,104684,103298,9028,112326,1731
2021-07-18,Glenn,021,27897,2472,2452,579,3031,20
2021-07-18,Humboldt,023,135768,4787,4714,60,4774,52
2021-07-18,Imperial,025,180216,29090,28877,2774,31651,742
2021-07-18,Inyo,027,18085,1425,1417,14,1431,36
2021-07-18,Kern,029,883053,98926,97963,11583,109546,1349
2021-07-18,Kings,031,150075,23581,23203,1138,24341,246
2021-07-18,Lake,033,64148,3981,3825,14,3839,64
2021-07-18,Lassen,035,31185,5324,5305,120,5425,21
2021-07-18,Los Angeles,037,10098052,1236569,1224691,44034,1268725,24598
2021-07-18,Madera,039,155013,17051,16838,981,17819,244
2021-07-18,Marin,041,260295,14584,14358,279,14637,234
2021-07-18,Mariposa,043,17540,449,447,11,458,5
2021-07-18,Mendocino,045,87422,4357,4246,90,4336,49
2021-07-18,Merced,047,269075,31636,31537,1091,32628,471
2021-07-18,Modoc,049,8938,423,413,148,561,5
2021-07-18,Mono,051,14174,1277,1280,18,1298,3
2021-07-18,Monterey,053,433212,43691,43422,1936,45358,515
2021-07-18,Napa,055,140530,10276,10174,44,10218,81
2021-07-18,Nevada,057,99092,5228,5124,198,5322,72
2021-07-18,Orange,059,3164182,261248,258724,12039,270763,5138
2021-07-18,Placer,061,380077,24696,24313,1719,26032,303
2021-07-18,Plumas,063,18699,748,730,14,744,4
2021-07-18,Riverside,065,2383286,300081,295522,14514,310036,4543
2021-07-18,Sacramento,067,1510023,112539,111255,2063,113318,1696
2021-07-18,San Benito,069,59416,6200,6191,116,6307,63
2021-07-18,San Bernardino,071,2135413,298952,296739,9320,306059,5233
2021-07-18,San Diego,073,3302833,290010,286287,16438,302725,3786
2021-07-18,San Francisco,075,870044,39041,38367,1401,39768,560
2021-07-18,San Joaquin,077,732212,75747,74997,3805,78802,1431
2021-07-18,San Luis Obispo,079,281455,21884,21527,781,22308,259
2021-07-18,San Mateo,081,765935,43967,43506,537,44043,542
2021-07-18,Santa Barbara,083,443738,35206,34880,1170,36050,461
2021-07-18,Santa Clara,085,1922200,121737,120438,827,121265,2098
2021-07-18,Santa Cruz,087,273765,16531,16372,823,17195,207
2021-07-18,Shasta,089,179085,12806,12714,1704,14418,209
2021-07-18,Sierra,091,2930,66,64,12,76,0
2021-07-18,Siskiyou,093,43540,2029,1927,420,2347,31
2021-07-18,Solano,095,438530,34623,34215,659,34874,261
2021-07-18,Sonoma,097,501317,32025,31675,378,32053,325
2021-07-18,Stanislaus,099,539301,57971,57600,6210,63810,1028
2021-07-18,Sutter,101,95872,9881,9826,97,9923,114
2021-07-18,Tehama,103,63373,5213,5150,603,5753,65
2021-07-18,Trinity,105,12862,503,344,108,452,3
2021-07-18,Tulare,107,460477,50802,49985,9388,59373,855
2021-07-18,Tuolumne,109,53932,4170,4149,44,4193,64
2021-07-18,Ventura,111,848112,83071,82361,3317,85678,1041
2021-07-18,Yolo,113,214977,14623,14425,424,14849,213
2021-07-18,Yuba,115,75493,6457,6357,135,6492,52
2021-07-17,Alameda,001,1643700,93194,91346,2127,93473,1255
2021-07-17,Alpine,003,1148,88,89,0,89,0
2021-07-17,Amador,005,37829,3823,3785,34,3819,48
2021-07-17,Butte,007,227075,13077,12824,1936,14760,202
2021-07-17,Calaveras,009,45235,2266,2237,15,2252,57
2021-07-17,Colusa,011,21464,1999,1976,339,2315,16
2021-07-17,Contra Costa,013,1133247,73822,72254,1413,73667,824
2021-07-17,Del Norte,015,27424,1521,1475,14,1489,8
2021-07-17,El Dorado,017,186661,10840,10622,815,11437,114
2021-07-17,Fresno,019,978130,104611,103055,9014,112069,1730
2021-07-17,Glenn,021,27897,2471,2451,579,3030,20
2021-07-17,Humboldt,023,135768,4774,4654,59,4713,52
2021-07-17,Imperial,025,180216,29074,28840,2774,31614,742
2021-07-17,Inyo,027,18085,1425,1416,14,1430,36
2021-07-17,Kern,029,883053,98869,97796,11546,109342,1348
2021-07-17,Kings,031,150075,23561,23163,1137,24300,246
2021-07-17,Lake,033,64148,3956,3760,14,3774,64
2021-07-17,Lassen,035,31185,5324,5302,120,5422,21
2021-07-17,Los Angeles,037,10098052,1235045,1219733,43890,1263623,24582
2021-07-17,Madera,039,155013,17043,16804,981,17785,240
2021-07-17,Marin,041,260295,14566,14297,277,14574,234
2021-07-17,Mariposa,043,17540,449,445,11,456,5
2021-07-17,Mendocino,045,87422,4345,4209,90,4299,49
2021-07-17,Merced,047,269075,31615,31451,1087,32538,471
2021-07-17,Modoc,049,8938,423,412,148,560,5
2021-07-17,Mono,051,14174,1275,1277,18,1295,3
2021-07-17,Monterey,053,433212,43668,43367,1931,45298,515
2021-07-17,Napa,055,140530,10260,10129,44,10173,81
2021-07-17,Nevada,057,99092,5213,5066,198,5264,72
2021-07-17,Orange,059,3164182,260941,257805,12000,269805,5136
2021-07-17,Placer,061,380077,24629,24169,1705,25874,303
2021-07-17,Plumas,063,18699,743,721,14,735,4
2021-07-17,Riverside,065,2383286,299774,294751,14482,309233,4542
2021-07-17,Sacramento,067,1510023,112304,110432,2041,112473,1694
2021-07-17,San Benito,069,59416,6194,6181,116,6297,63
2021-07-17,San Bernardino,071,2135413,298716,296048,9301,305349,5218
2021-07-17,San Diego,073,3302833,289603,285698,16370,302068,3786
2021-07-17,San Francisco,075,870044,38919,37978,1397,39375,560
2021-07-17,San Joaquin,077,732212,75660,74695,3799,78494,1430
2021-07-17,San Luis Obispo,079,281455,21857,21462,781,22243,258
2021-07-17,San Mateo,081,765935,43896,43324,536,43860,542
2021-07-17,Santa Barbara,083,443738,35165,34769,1167,35936,461
2021-07-17,Santa Clara,085,1922200,121565,119980,824,120804,2097
2021-07-17,Santa Cruz,087,273765,16524,16337,823,17160,207
2021-07-17,Shasta,089,179085,12791,12683,1699,14382,210
2021-07-17,Sierra,091,2930,66,62,12,74,0
2021-07-17,Siskiyou,093,43540,2024,1922,417,2339,29
2021-07-17,Solano,095,438530,34558,34015,651,34666,263
2021-07-17,Sonoma,097,501317,31957,31536,377,31913,322
2021-07-17,Stanislaus,099,539301,57894,57400,6196,63596,1028
2021-07-17,Sutter,101,95872,9871,9778,97,9875,114
2021-07-17,Tehama,103,63373,5210,5145,603,5748,64
2021-07-17,Trinity,105,12862,502,341,108,449,3
2021-07-17,Tulare,107,460477,50781,49937,9376,59313,854
2021-07-17,Tuolumne,109,53932,4160,4131,44,4175,64
2021-07-17,Ventura,111,848112,83002,82125,3306,85431,1041
2021-07-17,Yolo,113,214977,14591,14356,417,14773,213
2021-07-17,Yuba,115,75493,6446,6309,135,6444,52
2021-07-16,Alameda,001,1643700,92954,91346,2115,93461,1255
2021-07-16,Alpine,003,1148,88,89,0,89,0
2021-07-16,Amador,005,37829,3820,3785,34,3819,48
2021-07-16,Butte,007,227075,13052,12824,1933,14757,202
2021-07-16,Calaveras,009,45235,2265,2237,15,2252,57
2021-07-16,Colusa,011,21464,1997,1976,338,2314,16
2021-07-16,Contra Costa,013,1133247,73634,72254,1409,73663,824
2021-07-16,Del Norte,015,27424,1519,1475,14,1489,8
2021-07-16,El Dorado,017,186661,10821,10622,814,11436,114
2021-07-16,Fresno,019,978130,104559,103055,8994,112049,1730
2021-07-16,Glenn,021,27897,2471,2451,579,3030,20
2021-07-16,Humboldt,023,135768,4752,4654,59,4713,52
2021-07-16,Imperial,025,180216,29062,28840,2774,31614,742
2021-07-16,Inyo,027,18085,1423,1416,14,1430,36
2021-07-16,Kern,029,883053,98807,97796,11506,109302,1348
2021-07-16,Kings,031,150075,23536,23163,1135,24298,246
2021-07-16,Lake,033,64148,3929,3760,14,3774,64
2021-07-16,Lassen,035,31185,5323,5302,120,5422,21
2021-07-16,Los Angeles,037,10098052,1233545,1219733,43744,1263477,24582
2021-07-16,Madera,039,155013,17025,16804,981,17785,240
2021-07-16,Marin,041,260295,14542,14297,274,14571,234
2021-07-16,Mariposa,043,17540,449,445,11,456,5
2021-07-16,Mendocino,045,87422,4336,4209,89,4298,49
2021-07-16,Merced,047,269075,31593,31451,1085,32536,471
2021-07-16,Modoc,049,8938,423,412,148,560,5
2021-07-16,Mono,051,14174,1274,1277,18,1295,3
2021-07-16,Monterey,053,433212,43646,43367,1930,45297,515
2021-07-16,Napa,055,140530,10236,10129,43,10172,81
2021-07-16,Nevada,057,99092,5203,5066,198,5264,72
2021-07-16,Orange,059,3164182,260669,257805,11960,269765,5136
2021-07-16,Placer,061,380077,24576,24169,1700,25869,303
2021-07-16,Plumas,063,18699,742,721,14,735,4
2021-07-16,Riverside,065,2383286,299498,294751,14456,309207,4542
2021-07-16,Sacramento,067,1510023,112087,110432,2028,112460,1694
2021-07-16,San Benito,069,59416,6192,6181,116,6297,63
2021-07-16,San Bernardino,071,2135413,298438,296048,9284,305332,5218
2021-07-16,San Diego,073,3302833,289160,285698,16323,302021,3786
2021-07-16,San Francisco,075,870044,38802,37978,1392,39370,560
2021-07-16,San Joaquin,077,732212,75565,74695,3796,78491,1430
2021-07-16,San Luis Obispo,079,281455,21840,21462,781,22243,258
2021-07-16,San Mateo,081,765935,43843,43324,535,43859,542
2021-07-16,Santa Barbara,083,443738,35127,34769,1167,35936,461
2021-07-16,Santa Clara,085,1922200,121418,119980,816,120796,2097
2021-07-16,Santa Cruz,087,273765,16511,16337,823,17160,207
2021-07-16,Shasta,089,179085,12781,12683,1698,14381,210
2021-07-16,Sierra,091,2930,66,62,12,74,0
2021-07-16,Siskiyou,093,43540,2022,1922,415,2337,29
2021-07-16,Solano,095,438530,34491,34015,643,34658,263
2021-07-16,Sonoma,097,501317,31905,31536,374,31910,322
2021-07-16,Stanislaus,099,539301,57844,57400,6186,63586,1028
2021-07-16,Sutter,101,95872,9859,9778,97,9875,114
2021-07-16,Tehama,103,63373,5208,5145,603,5748,64
2021-07-16,Trinity,105,12862,502,341,107,448,3
2021-07-16,Tulare,107,460477,50757,49937,9366,59303,854
2021-07-16,Tuolumne,109,53932,4154,4131,44,4175,64
2021-07-16,Ventura,111,848112,82937,82125,3299,85424,1041
2021-07-16,Yolo,113,214977,14565,14356,413,14769,213
2021-07-16,Yuba,115,75493,6424,6309,134,6443,52
2021-07-15,Alameda,001,1643700,92658,91346,2105,93451,1255
2021-07-15,Alpine,003,1148,88,89,0,89,0
2021-07-15,Amador,005,37829,3817,3785,34,3819,48
2021-07-15,Butte,007,227075,13026,12824,1931,14755,202
2021-07-15,Calaveras,009,45235,2262,2237,15,2252,57
2021-07-15,Colusa,011,21464,1996,1976,337,2313,16
2021-07-15,Contra Costa,013,1133247,73421,72254,1402,73656,824
2021-07-15,Del Norte,015,27424,1516,1475,14,1489,8
2021-07-15,El Dorado,017,186661,10794,10622,812,11434,114
2021-07-15,Fresno,019,978130,104462,103055,8974,112029,1730
2021-07-15,Glenn,021,27897,2471,2451,579,3030,20
2021-07-15,Humboldt,023,135768,4734,4654,58,4712,52
2021-07-15,Imperial,025,180216,29039,28840,2774,31614,742
2021-07-15,Inyo,027,18085,1423,1416,14,1430,36
2021-07-15,Kern,029,883053,98737,97796,11478,109274,1348
2021-07-15,Kings,031,150075,23498,23163,1132,24295,246
2021-07-15,Lake,033,64148,3890,3760,14,3774,64
2021-07-15,Lassen,035,31185,5322,5302,120,5422,21
2021-07-15,Los Angeles,037,10098052,1231567,1219733,43584,1263317,24582
2021-07-15,Madera,039,155013,17003,16804,977,17781,240
2021-07-15,Marin,041,260295,14517,14297,274,14571,234
2021-07-15,Mariposa,043,17540,449,445,11,456,5
2021-07-15,Mendocino,045,87422,4328,4209,88,4297,49
2021-07-15,Merced,047,269075,31563,31451,1085,32536,471
2021-07-15,Modoc,049,8938,423,412,148,560,5
2021-07-15,Mono,051,14174,1274,1277,18,1295,3
2021-07-15,Monterey,053,433212,43617,43367,1927,45294,515
2021-07-15,Napa,055,140530,10211,10129,42,10171,81
2021-07-15,Nevada,057,99092,5186,5066,197,5263,72
2021-07-15,Orange,059,3164182,260318,257805,11929,269734,5136
2021-07-15,Placer,061,380077,24516,24169,1683,25852,303
2021-07-15,Plumas,063,18699,741,721,14,735,4
2021-07-15,Riverside,065,2383286,299176,294751,14441,309192,4542
2021-07-15,Sacramento,067,1510023,111783,110432,2011,112443,1694
2021-07-15,San Benito,069,59416,6190,6181,116,6297,63
2021-07-15,San Bernardino,071,2135413,298133,296048,9269,305317,5218
2021-07-15,San Diego,073,3302833,288522,285698,16245,301943,3786
2021-07-15,San Francisco,075,870044,38650,37978,1384,39362,560
2021-07-15,San Joaquin,077,732212,75448,74695,3791,78486,1430
2021-07-15,San Luis Obispo,079,281455,21808,21462,781,22243,258
2021-07-15,San Mateo,081,765935,43739,43324,530,43854,542
2021-07-15,Santa Barbara,083,443738,35071,34769,1166,35935,461
2021-07-15,Santa Clara,085,1922200,121296,119980,813,120793,2097
2021-07-15,Santa Cruz,087,273765,16498,16337,823,17160,207
2021-07-15,Shasta,089,179085,12773,12683,1694,14377,210
2021-07-15,Sierra,091,2930,66,62,12,74,0
2021-07-15,Siskiyou,093,43540,2021,1922,415,2337,29
2021-07-15,Solano,095,438530,34416,34015,637,34652,263
2021-07-15,Sonoma,097,501317,31844,31536,374,31910,322
2021-07-15,Stanislaus,099,539301,57775,57400,6173,63573,1028
2021-07-15,Sutter,101,95872,9839,9778,96,9874,114
2021-07-15,Tehama,103,63373,5202,5145,602,5747,64
2021-07-15,Trinity,105,12862,502,341,107,448,3
2021-07-15,Tulare,107,460477,50737,49937,9349,59286,854
2021-07-15,Tuolumne,109,53932,4142,4131,44,4175,64
2021-07-15,Ventura,111,848112,82860,82125,3294,85419,1041
2021-07-15,Yolo,113,214977,14538,14356,412,14768,213
2021-07-15,Yuba,115,75493,6409,6309,133,6442,52
2021-07-14,Alameda,001,1643700,92397,91092,2087,93179,1255
2021-07-14,Alpine,003,1148,88,89,0,89,0
2021-07-14,Amador,005,37829,3809,3784,34,3818,48
2021-07-14,Butte,007,227075,12999,12813,1924,14737,202
2021-07-14,Calaveras,009,45235,2255,2234,15,2249,57
2021-07-14,Colusa,011,21464,1993,1974,337,2311,16
2021-07-14,Contra Costa,013,1133247,73194,72091,1390,73481,823
2021-07-14,Del Norte,015,27424,1515,1472,14,1486,8
2021-07-14,El Dorado,017,186661,10768,10598,809,11407,114
2021-07-14,Fresno,019,978130,104382,102966,8963,111929,1728
2021-07-14,Glenn,021,27897,2471,2449,579,3028,20
2021-07-14,Humboldt,023,135768,4711,4644,56,4700,52
2021-07-14,Imperial,025,180216,29010,28822,2774,31596,742
2021-07-14,Inyo,027,18085,1422,1415,14,1429,36
2021-07-14,Kern,029,883053,98673,97736,11453,109189,1346
2021-07-14,Kings,031,150075,23485,23142,1132,24274,246
2021-07-14,Lake,033,64148,3857,3739,14,3753,63
2021-07-14,Lassen,035,31185,5321,5298,120,5418,21
2021-07-14,Los Angeles,037,10098052,1229556,1218265,43441,1261706,24578
2021-07-14,Madera,039,155013,16991,16786,975,17761,240
2021-07-14,Marin,041,260295,14483,14269,272,14541,233
2021-07-14,Mariposa,043,17540,447,445,11,456,5
2021-07-14,Mendocino,045,87422,4315,4193,88,4281,49
2021-07-14,Merced,047,269075,31526,31412,1081,32493,471
2021-07-14,Modoc,049,8938,423,412,148,560,4
2021-07-14,Mono,051,14174,1274,1278,18,1296,3
2021-07-14,Monterey,053,433212,43593,43347,1925,45272,504
2021-07-14,Napa,055,140530,10189,10121,42,10163,81
2021-07-14,Nevada,057,99092,5166,5058,197,5255,72
2021-07-14,Orange,059,3164182,260001,257558,11899,269457,5137
2021-07-14,Placer,061,380077,24463,24125,1671,25796,303
2021-07-14,Plumas,063,18699,734,719,14,733,4
2021-07-14,Riverside,065,2383286,298851,294511,14425,308936,4542
2021-07-14,Sacramento,067,1510023,111455,110193,1987,112180,1688
2021-07-14,San Benito,069,59416,6187,6177,116,6293,63
2021-07-14,San Bernardino,071,2135413,297833,295820,9254,305074,5193
2021-07-14,San Diego,073,3302833,287950,285269,16165,301434,3786
2021-07-14,San Francisco,075,870044,38511,37836,1378,39214,559
2021-07-14,San Joaquin,077,732212,75356,74599,3782,78381,1416
2021-07-14,San Luis Obispo,079,281455,21786,21444,779,22223,258
2021-07-14,San Mateo,081,765935,43640,43249,526,43775,542
2021-07-14,Santa Barbara,083,443738,35029,34719,1164,35883,461
2021-07-14,Santa Clara,085,1922200,121146,119844,810,120654,2098
2021-07-14,Santa Cruz,087,273765,16486,16326,823,17149,207
2021-07-14,Shasta,089,179085,12753,12669,1691,14360,209
2021-07-14,Sierra,091,2930,66,62,12,74,0
2021-07-14,Siskiyou,093,43540,2014,1922,412,2334,29
2021-07-14,Solano,095,438530,34343,33948,637,34585,268
2021-07-14,Sonoma,097,501317,31792,31470,374,31844,322
2021-07-14,Stanislaus,099,539301,57700,57340,6161,63501,1028
2021-07-14,Sutter,101,95872,9817,9766,96,9862,114
2021-07-14,Tehama,103,63373,5200,5142,602,5744,64
2021-07-14,Trinity,105,12862,502,341,107,448,3
2021-07-14,Tulare,107,460477,50720,49908,9335,59243,853
2021-07-14,Tuolumne,109,53932,4139,4128,43,4171,64
2021-07-14,Ventura,111,848112,82766,82041,3283,85324,1040
2021-07-14,Yolo,113,214977,14505,14332,409,14741,213
2021-07-14,Yuba,115,75493,6391,6294,133,6427,52
2021-07-13,Alameda,001,1643700,92132,90874,2077,92951,1255
2021-07-13,Alpine,003,1148,88,89,0,89,0
2021-07-13,Amador,005,37829,3802,3783,34,3817,48
2021-07-13,Butte,007,227075,12985,12802,1923,14725,202
2021-07-13,Calaveras,009,45235,2251,2230,15,2245,57
2021-07-13,Colusa,011,21464,1991,1972,333,2305,16
2021-07-13,Contra Costa,013,1133247,72968,71963,1381,73344,823
2021-07-13,Del Norte,015,27424,1511,1471,14,1485,8
2021-07-13,El Dorado,017,186661,10750,10581,806,11387,114
2021-07-13,Fresno,019,978130,104306,102909,8953,111862,1727
2021-07-13,Glenn,021,27897,2469,2448,579,3027,20
2021-07-13,Humboldt,023,135768,4696,4634,56,4690,51
2021-07-13,Imperial,025,180216,28999,28792,2774,31566,741
2021-07-13,Inyo,027,18085,1421,1415,14,1429,36
2021-07-13,Kern,029,883053,98584,97698,11414,109112,1346
2021-07-13,Kings,031,150075,23467,23132,1132,24264,246
2021-07-13,Lake,033,64148,3830,3719,13,3732,63
2021-07-13,Lassen,035,31185,5319,5292,120,5412,21
2021-07-13,Los Angeles,037,10098052,1227707,1217184,43272,1260456,24569
2021-07-13,Madera,039,155013,16981,16773,971,17744,240
2021-07-13,Marin,041,260295,14454,14254,271,14525,233
2021-07-13,Mariposa,043,17540,446,443,11,454,5
2021-07-13,Mendocino,045,87422,4308,4185,88,4273,49
2021-07-13,Merced,047,269075,31505,31379,1078,32457,471
2021-07-13,Modoc,049,8938,423,411,148,559,4
2021-07-13,Mono,051,14174,1273,1277,18,1295,3
2021-07-13,Monterey,053,433212,43575,43333,1921,45254,504
2021-07-13,Napa,055,140530,10168,10118,42,10160,81
2021-07-13,Nevada,057,99092,5141,5053,197,5250,72
2021-07-13,Orange,059,3164182,259671,257339,11870,269209,5136
2021-07-13,Placer,061,380077,24417,24091,1658,25749,303
2021-07-13,Plumas,063,18699,733,716,14,730,4
2021-07-13,Riverside,065,2383286,298528,294302,14398,308700,4541
2021-07-13,Sacramento,067,1510023,111145,109990,1964,111954,1687
2021-07-13,San Benito,069,59416,6185,6173,116,6289,63
2021-07-13,San Bernardino,071,2135413,297557,295596,9232,304828,5183
2021-07-13,San Diego,073,3302833,287402,284997,16086,301083,3785
2021-07-13,San Francisco,075,870044,38367,37725,1372,39097,559
2021-07-13,San Joaquin,077,732212,75240,74500,3779,78279,1417
2021-07-13,San Luis Obispo,079,281455,21760,21423,776,22199,258
2021-07-13,San Mateo,081,765935,43571,43180,525,43705,542
2021-07-13,Santa Barbara,083,443738,34980,34679,1161,35840,461
2021-07-13,Santa Clara,085,1922200,120993,119727,806,120533,2098
2021-07-13,Santa Cruz,087,273765,16477,16315,821,17136,207
2021-07-13,Shasta,089,179085,12740,12659,1684,14343,209
2021-07-13,Sierra,091,2930,66,62,12,74,0
2021-07-13,Siskiyou,093,43540,2013,1916,410,2326,29
2021-07-13,Solano,095,438530,34278,33918,631,34549,268
2021-07-13,Sonoma,097,501317,31733,31431,374,31805,322
2021-07-13,Stanislaus,099,539301,57630,57282,6146,63428,1028
2021-07-13,Sutter,101,95872,9799,9752,95,9847,114
2021-07-13,Tehama,103,63373,5193,5144,602,5746,64
2021-07-13,Trinity,105,12862,502,341,106,447,3
2021-07-13,Tulare,107,460477,50695,49891,9319,59210,853
2021-07-13,Tuolumne,109,53932,4131,4122,42,4164,64
2021-07-13,Ventura,111,848112,82681,81982,3258,85240,1040
2021-07-13,Yolo,113,214977,14477,14320,402,14722,213
2021-07-13,Yuba,115,75493,6374,6279,133,6412,52
2021-07-12,Alameda,001,1643700,91872,90720,2070,92790,1254
2021-07-12,Alpine,003,1148,88,89,0,89,0
2021-07-12,Amador,005,37829,3795,3781,34,3815,47
2021-07-12,Butte,007,227075,12965,12796,1921,14717,202
2021-07-12,Calaveras,009,45235,2249,2228,15,2243,57
2021-07-12,Colusa,011,21464,1987,1971,332,2303,16
2021-07-12,Contra Costa,013,1133247,72767,71833,1376,73209,823
2021-07-12,Del Norte,015,27424,1508,1469,14,1483,8
2021-07-12,El Dorado,017,186661,10722,10569,804,11373,114
2021-07-12,Fresno,019,978130,104212,102853,8940,111793,1728
2021-07-12,Glenn,021,27897,2469,2446,579,3025,20
2021-07-12,Humboldt,023,135768,4680,4621,56,4677,51
2021-07-12,Imperial,025,180216,28969,28789,2774,31563,741
2021-07-12,Inyo,027,18085,1421,1415,14,1429,36
2021-07-12,Kern,029,883053,98515,97660,11389,109049,1346
2021-07-12,Kings,031,150075,23447,23124,1130,24254,246
2021-07-12,Lake,033,64148,3809,3706,13,3719,63
2021-07-12,Lassen,035,31185,5318,5292,120,5412,21
2021-07-12,Los Angeles,037,10098052,1225918,1216230,43135,1259365,24559
2021-07-12,Madera,039,155013,16970,16772,971,17743,240
2021-07-12,Marin,041,260295,14429,14238,270,14508,233
2021-07-12,Mariposa,043,17540,446,442,11,453,5
2021-07-12,Mendocino,045,87422,4297,4175,88,4263,49
2021-07-12,Merced,047,269075,31474,31374,1077,32451,471
2021-07-12,Modoc,049,8938,422,411,148,559,4
2021-07-12,Mono,051,14174,1271,1275,18,1293,3
2021-07-12,Monterey,053,433212,43554,43315,1917,45232,504
2021-07-12,Napa,055,140530,10150,10104,41,10145,81
2021-07-12,Nevada,057,99092,5118,5046,197,5243,72
2021-07-12,Orange,059,3164182,259318,257171,11845,269016,5136
2021-07-12,Placer,061,380077,24366,24052,1652,25704,302
2021-07-12,Plumas,063,18699,733,716,14,730,4
2021-07-12,Riverside,065,2383286,298220,294108,14368,308476,4541
2021-07-12,Sacramento,067,1510023,110930,109849,1938,111787,1685
2021-07-12,San Benito,069,59416,6182,6166,116,6282,63
2021-07-12,San Bernardino,071,2135413,297286,295447,9218,304665,5171
2021-07-12,San Diego,073,3302833,286933,284648,16010,300658,3785
2021-07-12,San Francisco,075,870044,38220,37656,1369,39025,559
2021-07-12,San Joaquin,077,732212,75146,74424,3769,78193,1415
2021-07-12,San Luis Obispo,079,281455,21741,21408,775,22183,258
2021-07-12,San Mateo,081,765935,43478,43138,518,43656,542
2021-07-12,Santa Barbara,083,443738,34937,34664,1159,35823,461
2021-07-12,Santa Clara,085,1922200,120828,119634,803,120437,2098
2021-07-12,Santa Cruz,087,273765,16452,16310,820,17130,207
2021-07-12,Shasta,089,179085,12733,12648,1681,14329,208
2021-07-12,Sierra,091,2930,66,62,12,74,0
2021-07-12,Siskiyou,093,43540,2008,1916,405,2321,29
2021-07-12,Solano,095,438530,34188,33859,622,34481,268
2021-07-12,Sonoma,097,501317,31685,31377,373,31750,322
2021-07-12,Stanislaus,099,539301,57561,57243,6139,63382,1028
2021-07-12,Sutter,101,95872,9782,9736,94,9830,114
2021-07-12,Tehama,103,63373,5188,5138,601,5739,63
2021-07-12,Trinity,105,12862,498,340,104,444,3
2021-07-12,Tulare,107,460477,50667,49882,9306,59188,853
2021-07-12,Tuolumne,109,53932,4127,4116,42,4158,64
2021-07-12,Ventura,111,848112,82580,81919,3237,85156,1040
2021-07-12,Yolo,113,214977,14449,14303,398,14701,213
2021-07-12,Yuba,115,75493,6359,6266,133,6399,52
2021-07-11,Alameda,001,1643700,91542,90597,2057,92654,1254
2021-07-11,Alpine,003,1148,88,89,0,89,0
2021-07-11,Amador,005,37829,3793,3779,34,3813,47
2021-07-11,Butte,007,227075,12943,12794,1915,14709,202
2021-07-11,Calaveras,009,45235,2247,2226,14,2240,57
2021-07-11,Colusa,011,21464,1986,1971,331,2302,16
2021-07-11,Contra Costa,013,1133247,72557,71744,1369,73113,823
2021-07-11,Del Norte,015,27424,1504,1467,13,1480,8
2021-07-11,El Dorado,017,186661,10693,10554,802,11356,114
2021-07-11,Fresno,019,978130,104117,102813,8920,111733,1728
2021-07-11,Glenn,021,27897,2468,2446,579,3025,20
2021-07-11,Humboldt,023,135768,4667,4611,55,4666,51
2021-07-11,Imperial,025,180216,28951,28787,2773,31560,741
2021-07-11,Inyo,027,18085,1419,1415,14,1429,36
2021-07-11,Kern,029,883053,98442,97637,11373,109010,1346
2021-07-11,Kings,031,150075,23416,23116,1127,24243,246
2021-07-11,Lake,033,64148,3778,3699,13,3712,63
2021-07-11,Lassen,035,31185,5315,5291,120,5411,21
2021-07-11,Los Angeles,037,10098052,1224168,1215182,42977,1258159,24558
2021-07-11,Madera,039,155013,16951,16766,970,17736,240
2021-07-11,Marin,041,260295,14403,14231,270,14501,233
2021-07-11,Mariposa,043,17540,445,442,11,453,5
2021-07-11,Mendocino,045,87422,4277,4167,88,4255,49
2021-07-11,Merced,047,269075,31450,31366,1072,32438,471
2021-07-11,Modoc,049,8938,421,411,148,559,4
2021-07-11,Mono,051,14174,1271,1275,18,1293,3
2021-07-11,Monterey,053,433212,43535,43307,1913,45220,504
2021-07-11,Napa,055,140530,10146,10100,41,10141,81
2021-07-11,Nevada,057,99092,5107,5035,196,5231,72
2021-07-11,Orange,059,3164182,259005,257009,11816,268825,5136
2021-07-11,Placer,061,380077,24309,24017,1640,25657,302
2021-07-11,Plumas,063,18699,733,716,14,730,4
2021-07-11,Riverside,065,2383286,297956,293969,14350,308319,4541
2021-07-11,Sacramento,067,1510023,110651,109696,1928,111624,1685
2021-07-11,San Benito,069,59416,6177,6163,116,6279,63
2021-07-11,San Bernardino,071,2135413,296980,295342,9193,304535,5167
2021-07-11,San Diego,073,3302833,286519,283819,15924,299743,3784
2021-07-11,San Francisco,075,870044,38091,37596,1363,38959,559
2021-07-11,San Joaquin,077,732212,75029,74376,3752,78128,1415
2021-07-11,San Luis Obispo,079,281455,21708,21403,774,22177,258
2021-07-11,San Mateo,081,765935,43399,43107,511,43618,542
2021-07-11,Santa Barbara,083,443738,34890,34646,1159,35805,461
2021-07-11,Santa Clara,085,1922200,120674,119549,802,120351,2098
2021-07-11,Santa Cruz,087,273765,16436,16303,820,17123,207
2021-07-11,Shasta,089,179085,12716,12647,1679,14326,208
2021-07-11,Sierra,091,2930,66,62,12,74,0
2021-07-11,Siskiyou,093,43540,2004,1915,403,2318,29
2021-07-11,Solano,095,438530,34106,33837,618,34455,268
2021-07-11,Sonoma,097,501317,31603,31352,373,31725,322
2021-07-11,Stanislaus,099,539301,57496,57230,6128,63358,1028
2021-07-11,Sutter,101,95872,9768,9728,94,9822,114
2021-07-11,Tehama,103,63373,5185,5138,601,5739,63
2021-07-11,Trinity,105,12862,497,340,104,444,3
2021-07-11,Tulare,107,460477,50642,49877,9287,59164,853
2021-07-11,Tuolumne,109,53932,4121,4116,42,4158,64
2021-07-11,Ventura,111,848112,82507,81875,3217,85092,1040
2021-07-11,Yolo,113,214977,14423,14285,392,14677,213
2021-07-11,Yuba,115,75493,6348,6260,133,6393,52
2021-07-10,Alameda,001,1643700,91391,90090,2053,92143,1252
2021-07-10,Alpine,003,1148,88,89,0,89,0
2021-07-10,Amador,005,37829,3787,3773,34,3807,47
2021-07-10,Butte,007,227075,12932,12764,1912,14676,202
2021-07-10,Calaveras,009,45235,2246,2214,14,2228,57
2021-07-10,Colusa,011,21464,1984,1969,331,2300,16
2021-07-10,Contra Costa,013,1133247,72457,71376,1368,72744,821
2021-07-10,Del Norte,015,27424,1502,1451,13,1464,8
2021-07-10,El Dorado,017,186661,10677,10508,798,11306,114
2021-07-10,Fresno,019,978130,104084,102675,8913,111588,1730
2021-07-10,Glenn,021,27897,2465,2440,578,3018,20
2021-07-10,Humboldt,023,135768,4658,4574,55,4629,51
2021-07-10,Imperial,025,180216,28938,28729,2773,31502,741
2021-07-10,Inyo,027,18085,1418,1415,14,1429,36
2021-07-10,Kern,029,883053,98402,97538,11356,108894,1346
2021-07-10,Kings,031,150075,23409,23090,1126,24216,246
2021-07-10,Lake,033,64148,3761,3667,13,3680,63
2021-07-10,Lassen,035,31185,5315,5290,120,5410,21
2021-07-10,Los Angeles,037,10098052,1223146,1212043,42874,1254917,24542
2021-07-10,Madera,039,155013,16945,16744,967,17711,241
2021-07-10,Marin,041,260295,14389,14194,270,14464,233
2021-07-10,Mariposa,043,17540,445,442,11,453,5
2021-07-10,Mendocino,045,87422,4270,4153,87,4240,49
2021-07-10,Merced,047,269075,31437,31328,1072,32400,470
2021-07-10,Modoc,049,8938,421,410,148,558,4
2021-07-10,Mono,051,14174,1271,1275,18,1293,3
2021-07-10,Monterey,053,433212,43521,43251,1911,45162,499
2021-07-10,Napa,055,140530,10134,10077,41,10118,81
2021-07-10,Nevada,057,99092,5098,5000,196,5196,72
2021-07-10,Orange,059,3164182,258827,256438,11800,268238,5135
2021-07-10,Placer,061,380077,24280,23916,1630,25546,302
2021-07-10,Plumas,063,18699,732,717,14,731,4
2021-07-10,Riverside,065,2383286,297766,293474,14336,307810,4541
2021-07-10,Sacramento,067,1510023,110502,109091,1923,111014,1682
2021-07-10,San Benito,069,59416,6172,6141,116,6257,63
2021-07-10,San Bernardino,071,2135413,296792,294932,9181,304113,5117
2021-07-10,San Diego,073,3302833,286230,283577,15871,299448,3783
2021-07-10,San Francisco,075,870044,38008,37338,1360,38698,559
2021-07-10,San Joaquin,077,732212,74972,74150,3746,77896,1412
2021-07-10,San Luis Obispo,079,281455,21697,21375,773,22148,258
2021-07-10,San Mateo,081,765935,43347,42948,509,43457,542
2021-07-10,Santa Barbara,083,443738,34863,34595,1159,35754,460
2021-07-10,Santa Clara,085,1922200,120571,119330,799,120129,2094
2021-07-10,Santa Cruz,087,273765,16429,16286,820,17106,207
2021-07-10,Shasta,089,179085,12703,12623,1674,14297,206
2021-07-10,Sierra,091,2930,66,61,12,73,0
2021-07-10,Siskiyou,093,43540,2002,1909,400,2309,29
2021-07-10,Solano,095,438530,34064,33678,612,34290,268
2021-07-10,Sonoma,097,501317,31552,31231,373,31604,317
2021-07-10,Stanislaus,099,539301,57460,57104,6118,63222,1026
2021-07-10,Sutter,101,95872,9756,9692,94,9786,114
2021-07-10,Tehama,103,63373,5182,5131,601,5732,63
2021-07-10,Trinity,105,12862,497,341,104,445,3
2021-07-10,Tulare,107,460477,50632,49850,9281,59131,853
2021-07-10,Tuolumne,109,53932,4119,4114,42,4156,64
2021-07-10,Ventura,111,848112,82462,81713,3199,84912,1039
2021-07-10,Yolo,113,214977,14402,14250,389,14639,213
2021-07-10,Yuba,115,75493,6338,6238,133,6371,52
2021-07-09,Alameda,001,1643700,91231,90090,2048,92138,1252
2021-07-09,Alpine,003,1148,88,89,0,89,0
2021-07-09,Amador,005,37829,3786,3773,34,3807,47
2021-07-09,Butte,007,227075,12921,12764,1910,14674,202
2021-07-09,Calaveras,009,45235,2244,2214,14,2228,57
2021-07-09,Colusa,011,21464,1983,1969,331,2300,16
2021-07-09,Contra Costa,013,1133247,72332,71376,1366,72742,821
2021-07-09,Del Norte,015,27424,1497,1451,13,1464,8
2021-07-09,El Dorado,017,186661,10662,10508,797,11305,114
2021-07-09,Fresno,019,978130,104028,102675,8906,111581,1730
2021-07-09,Glenn,021,27897,2464,2440,576,3016,20
2021-07-09,Humboldt,023,135768,4639,4574,55,4629,51
2021-07-09,Imperial,025,180216,28930,28729,2772,31501,741
2021-07-09,Inyo,027,18085,1417,1415,14,1429,36
2021-07-09,Kern,029,883053,98364,97538,11344,108882,1346
2021-07-09,Kings,031,150075,23398,23090,1125,24215,246
2021-07-09,Lake,033,64148,3747,3667,13,3680,63
2021-07-09,Lassen,035,31185,5313,5290,119,5409,21
2021-07-09,Los Angeles,037,10098052,1222142,1212043,42801,1254844,24542
2021-07-09,Madera,039,155013,16935,16744,966,17710,241
2021-07-09,Marin,041,260295,14368,14194,269,14463,233
2021-07-09,Mariposa,043,17540,445,442,11,453,5
2021-07-09,Mendocino,045,87422,4263,4153,87,4240,49
2021-07-09,Merced,047,269075,31422,31328,1072,32400,470
2021-07-09,Modoc,049,8938,421,410,148,558,4
2021-07-09,Mono,051,14174,1271,1275,18,1293,3
2021-07-09,Monterey,053,433212,43512,43251,1911,45162,499
2021-07-09,Napa,055,140530,10127,10077,41,10118,81
2021-07-09,Nevada,057,99092,5089,5000,196,5196,72
2021-07-09,Orange,059,3164182,258622,256438,11786,268224,5135
2021-07-09,Placer,061,380077,24258,23916,1624,25540,302
2021-07-09,Plumas,063,18699,730,717,14,731,4
2021-07-09,Riverside,065,2383286,297580,293474,14323,307797,4541
2021-07-09,Sacramento,067,1510023,110348,109091,1914,111005,1682
2021-07-09,San Benito,069,59416,6170,6141,116,6257,63
2021-07-09,San Bernardino,071,2135413,296640,294932,9174,304106,5117
2021-07-09,San Diego,073,3302833,285941,283577,15823,299400,3783
2021-07-09,San Francisco,075,870044,37928,37338,1353,38691,559
2021-07-09,San Joaquin,077,732212,74898,74150,3739,77889,1412
2021-07-09,San Luis Obispo,079,281455,21685,21375,773,22148,258
2021-07-09,San Mateo,081,765935,43303,42948,505,43453,542
2021-07-09,Santa Barbara,083,443738,34842,34595,1158,35753,460
2021-07-09,Santa Clara,085,1922200,120461,119330,799,120129,2094
2021-07-09,Santa Cruz,087,273765,16426,16286,820,17106,207
2021-07-09,Shasta,089,179085,12697,12623,1669,14292,206
2021-07-09,Sierra,091,2930,66,61,12,73,0
2021-07-09,Siskiyou,093,43540,2000,1909,399,2308,29
2021-07-09,Solano,095,438530,34028,33678,608,34286,268
2021-07-09,Sonoma,097,501317,31516,31231,373,31604,317
2021-07-09,Stanislaus,099,539301,57431,57104,6116,63220,1026
2021-07-09,Sutter,101,95872,9747,9692,94,9786,114
2021-07-09,Tehama,103,63373,5180,5131,601,5732,63
2021-07-09,Trinity,105,12862,496,341,101,442,3
2021-07-09,Tulare,107,460477,50619,49850,9275,59125,853
2021-07-09,Tuolumne,109,53932,4115,4114,42,4156,64
2021-07-09,Ventura,111,848112,82407,81713,3190,84903,1039
2021-07-09,Yolo,113,214977,14387,14250,385,14635,213
2021-07-09,Yuba,115,75493,6325,6238,133,6371,52
2021-07-08,Alameda,001,1643700,91024,90090,2045,92135,1252
2021-07-08,Alpine,003,1148,88,89,0,89,0
2021-07-08,Amador,005,37829,3784,3773,34,3807,47
2021-07-08,Butte,007,227075,12908,12764,1907,14671,202
2021-07-08,Calaveras,009,45235,2241,2214,13,2227,57
2021-07-08,Colusa,011,21464,1983,1969,331,2300,16
2021-07-08,Contra Costa,013,1133247,72204,71376,1361,72737,821
2021-07-08,Del Norte,015,27424,1495,1451,13,1464,8
2021-07-08,El Dorado,017,186661,10645,10508,792,11300,114
2021-07-08,Fresno,019,978130,103966,102675,8895,111570,1730
2021-07-08,Glenn,021,27897,2464,2440,576,3016,20
2021-07-08,Humboldt,023,135768,4623,4574,54,4628,51
2021-07-08,Imperial,025,180216,28918,28729,2771,31500,741
2021-07-08,Inyo,027,18085,1417,1415,14,1429,36
2021-07-08,Kern,029,883053,98316,97538,11329,108867,1346
2021-07-08,Kings,031,150075,23389,23090,1125,24215,246
2021-07-08,Lake,033,64148,3733,3667,13,3680,63
2021-07-08,Lassen,035,31185,5310,5290,119,5409,21
2021-07-08,Los Angeles,037,10098052,1220927,1212043,42706,1254749,24542
2021-07-08,Madera,039,155013,16919,16744,966,17710,241
2021-07-08,Marin,041,260295,14354,14194,269,14463,233
2021-07-08,Mariposa,043,17540,444,442,11,453,5
2021-07-08,Mendocino,045,87422,4260,4153,87,4240,49
2021-07-08,Merced,047,269075,31408,31328,1070,32398,470
2021-07-08,Modoc,049,8938,421,410,148,558,4
2021-07-08,Mono,051,14174,1271,1275,18,1293,3
2021-07-08,Monterey,053,433212,43492,43251,1905,45156,499
2021-07-08,Napa,055,140530,10123,10077,41,10118,81
2021-07-08,Nevada,057,99092,5083,5000,196,5196,72
2021-07-08,Orange,059,3164182,258427,256438,11764,268202,5135
2021-07-08,Placer,061,380077,24219,23916,1616,25532,302
2021-07-08,Plumas,063,18699,729,717,14,731,4
2021-07-08,Riverside,065,2383286,297379,293474,14307,307781,4541
2021-07-08,Sacramento,067,1510023,110126,109091,1907,110998,1682
2021-07-08,San Benito,069,59416,6167,6141,116,6257,63
2021-07-08,San Bernardino,071,2135413,296465,294932,9165,304097,5117
2021-07-08,San Diego,073,3302833,285614,283577,15775,299352,3783
2021-07-08,San Francisco,075,870044,37848,37338,1349,38687,559
2021-07-08,San Joaquin,077,732212,74810,74150,3726,77876,1412
2021-07-08,San Luis Obispo,079,281455,21673,21375,770,22145,258
2021-07-08,San Mateo,081,765935,43252,42948,504,43452,542
2021-07-08,Santa Barbara,083,443738,34815,34595,1156,35751,460
2021-07-08,Santa Clara,085,1922200,120368,119330,798,120128,2094
2021-07-08,Santa Cruz,087,273765,16420,16286,820,17106,207
2021-07-08,Shasta,089,179085,12691,12623,1665,14288,206
2021-07-08,Sierra,091,2930,66,61,12,73,0
2021-07-08,Siskiyou,093,43540,1995,1909,396,2305,29
2021-07-08,Solano,095,438530,33973,33678,602,34280,268
2021-07-08,Sonoma,097,501317,31485,31231,372,31603,317
2021-07-08,Stanislaus,099,539301,57405,57104,6112,63216,1026
2021-07-08,Sutter,101,95872,9733,9692,92,9784,114
2021-07-08,Tehama,103,63373,5177,5131,600,5731,63
2021-07-08,Trinity,105,12862,496,341,101,442,3
2021-07-08,Tulare,107,460477,50601,49850,9267,59117,853
2021-07-08,Tuolumne,109,53932,4113,4114,42,4156,64
2021-07-08,Ventura,111,848112,82343,81713,3174,84887,1039
2021-07-08,Yolo,113,214977,14368,14250,383,14633,213
2021-07-08,Yuba,115,75493,6317,6238,133,6371,52
2021-07-07,Alameda,001,1643700,90839,89995,2039,92034,1253
2021-07-07,Alpine,003,1148,88,89,0,89,0
2021-07-07,Amador,005,37829,3779,3770,34,3804,47
2021-07-07,Butte,007,227075,12895,12750,1902,14652,202
2021-07-07,Calaveras,009,45235,2234,2212,13,2225,57
2021-07-07,Colusa,011,21464,1979,1969,331,2300,16
2021-07-07,Contra Costa,013,1133247,72057,71308,1359,72667,821
2021-07-07,Del Norte,015,27424,1490,1446,13,1459,8
2021-07-07,El Dorado,017,186661,10625,10494,790,11284,114
2021-07-07,Fresno,019,978130,103916,102639,8888,111527,1729
2021-07-07,Glenn,021,27897,2464,2441,576,3017,20
2021-07-07,Humboldt,023,135768,4609,4566,54,4620,51
2021-07-07,Imperial,025,180216,28911,28701,2771,31472,740
2021-07-07,Inyo,027,18085,1416,1415,14,1429,36
2021-07-07,Kern,029,883053,98272,97507,11314,108821,1348
2021-07-07,Kings,031,150075,23376,23085,1122,24207,245
2021-07-07,Lake,033,64148,3714,3660,13,3673,63
2021-07-07,Lassen,035,31185,5310,5286,119,5405,21
2021-07-07,Los Angeles,037,10098052,1219748,1211316,42601,1253917,24531
2021-07-07,Madera,039,155013,16908,16733,964,17697,241
2021-07-07,Marin,041,260295,14335,14183,268,14451,233
2021-07-07,Mariposa,043,17540,442,442,11,453,5
2021-07-07,Mendocino,045,87422,4251,4145,87,4232,49
2021-07-07,Merced,047,269075,31393,31317,1070,32387,470
2021-07-07,Modoc,049,8938,421,410,148,558,4
2021-07-07,Mono,051,14174,1270,1274,18,1292,3
2021-07-07,Monterey,053,433212,43467,43233,1903,45136,494
2021-07-07,Napa,055,140530,10112,10078,41,10119,81
2021-07-07,Nevada,057,99092,5076,4996,196,5192,72
2021-07-07,Orange,059,3164182,258201,256301,11742,268043,5132
2021-07-07,Placer,061,380077,24183,23901,1606,25507,302
2021-07-07,Plumas,063,18699,729,710,14,724,4
2021-07-07,Riverside,065,2383286,297164,293331,14297,307628,4538
2021-07-07,Sacramento,067,1510023,109935,108954,1899,110853,1682
2021-07-07,San Benito,069,59416,6162,6137,116,6253,63
2021-07-07,San Bernardino,071,2135413,296297,294787,9158,303945,5087
2021-07-07,San Diego,073,3302833,285294,283377,15735,299112,3782
2021-07-07,San Francisco,075,870044,37756,37284,1346,38630,558
2021-07-07,San Joaquin,077,732212,74734,74095,3710,77805,1410
2021-07-07,San Luis Obispo,079,281455,21664,21360,768,22128,258
2021-07-07,San Mateo,081,765935,43198,42908,501,43409,542
2021-07-07,Santa Barbara,083,443738,34789,34582,1156,35738,460
2021-07-07,Santa Clara,085,1922200,120270,119250,797,120047,2094
2021-07-07,Santa Cruz,087,273765,16411,16279,819,17098,207
2021-07-07,Shasta,089,179085,12683,12613,1662,14275,206
2021-07-07,Sierra,091,2930,66,60,12,72,0
2021-07-07,Siskiyou,093,43540,1989,1908,392,2300,29
2021-07-07,Solano,095,438530,33924,33659,595,34254,268
2021-07-07,Sonoma,097,501317,31439,31172,372,31544,316
2021-07-07,Stanislaus,099,539301,57373,57102,6107,63209,1028
2021-07-07,Sutter,101,95872,9723,9683,92,9775,114
2021-07-07,Tehama,103,63373,5176,5129,600,5729,63
2021-07-07,Trinity,105,12862,496,341,101,442,3
2021-07-07,Tulare,107,460477,50597,49835,9258,59093,853
2021-07-07,Tuolumne,109,53932,4109,4115,41,4156,64
2021-07-07,Ventura,111,848112,82299,81608,3160,84768,1036
2021-07-07,Yolo,113,214977,14358,14236,380,14616,213
2021-07-07,Yuba,115,75493,6301,6233,133,6366,51
2021-07-06,Alameda,001,1643700,90641,89918,2031,91949,1253
2021-07-06,Alpine,003,1148,88,89,0,89,0
2021-07-06,Amador,005,37829,3778,3768,33,3801,47
2021-07-06,Butte,007,227075,12882,12744,1899,14643,201
2021-07-06,Calaveras,009,45235,2234,2211,13,2224,55
2021-07-06,Colusa,011,21464,1978,1967,328,2295,16
2021-07-06,Contra Costa,013,1133247,71929,71262,1356,72618,820
2021-07-06,Del Norte,015,27424,1486,1445,13,1458,8
2021-07-06,El Dorado,017,186661,10607,10484,789,11273,113
2021-07-06,Fresno,019,978130,103864,102616,8876,111492,1727
2021-07-06,Glenn,021,27897,2463,2438,576,3014,20
2021-07-06,Humboldt,023,135768,4595,4565,53,4618,49
2021-07-06,Imperial,025,180216,28896,28693,2769,31462,739
2021-07-06,Inyo,027,18085,1416,1412,14,1426,36
2021-07-06,Kern,029,883053,98230,97491,11303,108794,1346
2021-07-06,Kings,031,150075,23368,23077,1121,24198,245
2021-07-06,Lake,033,64148,3704,3659,13,3672,63
2021-07-06,Lassen,035,31185,5309,5288,118,5406,21
2021-07-06,Los Angeles,037,10098052,1218529,1210965,42502,1253467,24525
2021-07-06,Madera,039,155013,16896,16730,964,17694,241
2021-07-06,Marin,041,260295,14321,14181,268,14449,233
2021-07-06,Mariposa,043,17540,442,442,11,453,5
2021-07-06,Mendocino,045,87422,4244,4143,87,4230,49
2021-07-06,Merced,047,269075,31376,31317,1069,32386,470
2021-07-06,Modoc,049,8938,421,411,148,559,4
2021-07-06,Mono,051,14174,1269,1274,18,1292,3
2021-07-06,Monterey,053,433212,43444,43224,1902,45126,494
2021-07-06,Napa,055,140530,10101,10081,41,10122,81
2021-07-06,Nevada,057,99092,5067,4988,196,5184,72
2021-07-06,Orange,059,3164182,257957,256227,11725,267952,5129
2021-07-06,Placer,061,380077,24142,23876,1600,25476,302
2021-07-06,Plumas,063,18699,728,708,14,722,4
2021-07-06,Riverside,065,2383286,296962,293227,14279,307506,4539
2021-07-06,Sacramento,067,1510023,109724,108850,1891,110741,1679
2021-07-06,San Benito,069,59416,6158,6137,116,6253,63
2021-07-06,San Bernardino,071,2135413,296118,294712,9145,303857,5056
2021-07-06,San Diego,073,3302833,284937,283278,15676,298954,3782
2021-07-06,San Francisco,075,870044,37639,37251,1345,38596,558
2021-07-06,San Joaquin,077,732212,74664,74019,3698,77717,1410
2021-07-06,San Luis Obispo,079,281455,21647,21354,767,22121,257
2021-07-06,San Mateo,081,765935,43123,42895,501,43396,541
2021-07-06,Santa Barbara,083,443738,34770,34572,1154,35726,460
2021-07-06,Santa Clara,085,1922200,120152,119194,794,119988,2095
2021-07-06,Santa Cruz,087,273765,16406,16274,818,17092,207
2021-07-06,Shasta,089,179085,12673,12606,1660,14266,205
2021-07-06,Sierra,091,2930,65,60,12,72,0
2021-07-06,Siskiyou,093,43540,1986,1905,388,2293,29
2021-07-06,Solano,095,438530,33873,33619,592,34211,268
2021-07-06,Sonoma,097,501317,31376,31130,371,31501,316
2021-07-06,Stanislaus,099,539301,57326,57120,6096,63216,1029
2021-07-06,Sutter,101,95872,9714,9674,91,9765,114
2021-07-06,Tehama,103,63373,5173,5126,599,5725,63
2021-07-06,Trinity,105,12862,496,341,101,442,3
2021-07-06,Tulare,107,460477,50582,49826,9247,59073,853
2021-07-06,Tuolumne,109,53932,4107,4113,41,4154,64
2021-07-06,Ventura,111,848112,82259,81534,3134,84668,1033
2021-07-06,Yolo,113,214977,14336,14227,377,14604,213
2021-07-06,Yuba,115,75493,6290,6231,133,6364,51
2021-07-05,Alameda,001,1643700,90463,89892,2026,91918,1253
2021-07-05,Alpine,003,1148,88,89,0,89,0
2021-07-05,Amador,005,37829,3776,3768,33,3801,47
2021-07-05,Butte,007,227075,12874,12740,1889,14629,201
2021-07-05,Calaveras,009,45235,2232,2211,13,2224,55
2021-07-05,Colusa,011,21464,1976,1966,327,2293,16
2021-07-05,Contra Costa,013,1133247,71801,71235,1356,72591,820
2021-07-05,Del Norte,015,27424,1482,1446,13,1459,8
2021-07-05,El Dorado,017,186661,10582,10481,789,11270,113
2021-07-05,Fresno,019,978130,103805,102592,8861,111453,1727
2021-07-05,Glenn,021,27897,2460,2438,575,3013,20
2021-07-05,Humboldt,023,135768,4581,4563,53,4616,49
2021-07-05,Imperial,025,180216,28877,28689,2769,31458,739
2021-07-05,Inyo,027,18085,1416,1412,14,1426,36
2021-07-05,Kern,029,883053,98183,97479,11282,108761,1346
2021-07-05,Kings,031,150075,23360,23065,1118,24183,245
2021-07-05,Lake,033,64148,3686,3645,13,3658,63
2021-07-05,Lassen,035,31185,5306,5288,117,5405,21
2021-07-05,Los Angeles,037,10098052,1217338,1210653,42399,1253052,24522
2021-07-05,Madera,039,155013,16885,16722,963,17685,241
2021-07-05,Marin,041,260295,14300,14178,268,14446,233
2021-07-05,Mariposa,043,17540,442,441,11,452,5
2021-07-05,Mendocino,045,87422,4239,4139,86,4225,49
2021-07-05,Merced,047,269075,31356,31312,1069,32381,470
2021-07-05,Modoc,049,8938,421,410,148,558,4
2021-07-05,Mono,051,14174,1269,1273,18,1291,3
2021-07-05,Monterey,053,433212,43424,43218,1897,45115,494
2021-07-05,Napa,055,140530,10095,10074,41,10115,81
2021-07-05,Nevada,057,99092,5049,4980,195,5175,72
2021-07-05,Orange,059,3164182,257756,256173,11707,267880,5129
2021-07-05,Placer,061,380077,24095,23867,1592,25459,302
2021-07-05,Plumas,063,18699,727,708,14,722,4
2021-07-05,Riverside,065,2383286,296770,293193,14267,307460,4539
2021-07-05,Sacramento,067,1510023,109541,108758,1882,110640,1679
2021-07-05,San Benito,069,59416,6151,6137,116,6253,63
2021-07-05,San Bernardino,071,2135413,295955,294647,9138,303785,5037
2021-07-05,San Diego,073,3302833,284574,282834,15632,298466,3782
2021-07-05,San Francisco,075,870044,37553,37237,1340,38577,558
2021-07-05,San Joaquin,077,732212,74594,73999,3693,77692,1410
2021-07-05,San Luis Obispo,079,281455,21634,21351,766,22117,257
2021-07-05,San Mateo,081,765935,43071,42876,498,43374,541
2021-07-05,Santa Barbara,083,443738,34750,34569,1154,35723,460
2021-07-05,Santa Clara,085,1922200,120046,119184,792,119976,2095
2021-07-05,Santa Cruz,087,273765,16397,16273,817,17090,208
2021-07-05,Shasta,089,179085,12664,12603,1658,14261,205
2021-07-05,Sierra,091,2930,65,60,12,72,0
2021-07-05,Siskiyou,093,43540,1984,1904,387,2291,29
2021-07-05,Solano,095,438530,33803,33612,586,34198,268
2021-07-05,Sonoma,097,501317,31323,31116,371,31487,316
2021-07-05,Stanislaus,099,539301,57296,57109,6085,63194,1029
2021-07-05,Sutter,101,95872,9702,9667,91,9758,114
2021-07-05,Tehama,103,63373,5172,5125,599,5724,63
2021-07-05,Trinity,105,12862,495,341,100,441,3
2021-07-05,Tulare,107,460477,50564,49818,9244,59062,853
2021-07-05,Tuolumne,109,53932,4103,4112,41,4153,64
2021-07-05,Ventura,111,848112,82208,81519,3115,84634,1033
2021-07-05,Yolo,113,214977,14316,14225,369,14594,213
2021-07-05,Yuba,115,75493,6282,6223,133,6356,51
2021-07-04,Alameda,001,1643700,90298,89683,2023,91706,1253
2021-07-04,Alpine,003,1148,88,89,0,89,0
2021-07-04,Amador,005,37829,3775,3758,33,3791,46
2021-07-04,Butte,007,227075,12864,12684,1889,14573,201
2021-07-04,Calaveras,009,45235,2228,2200,13,2213,55
2021-07-04,Colusa,011,21464,1976,1969,327,2296,15
2021-07-04,Contra Costa,013,1133247,71695,70941,1351,72292,818
2021-07-04,Del Norte,015,27424,1479,1439,13,1452,8
2021-07-04,El Dorado,017,186661,10573,10433,788,11221,113
2021-07-04,Fresno,019,978130,103759,102512,8844,111356,1727
2021-07-04,Glenn,021,27897,2458,2442,574,3016,20
2021-07-04,Humboldt,023,135768,4573,4530,53,4583,49
2021-07-04,Imperial,025,180216,28871,28661,2769,31430,739
2021-07-04,Inyo,027,18085,1416,1412,14,1426,35
2021-07-04,Kern,029,883053,98164,97421,11273,108694,1347
2021-07-04,Kings,031,150075,23352,23051,1118,24169,245
2021-07-04,Lake,033,64148,3676,3623,13,3636,62
2021-07-04,Lassen,035,31185,5305,5277,117,5394,20
2021-07-04,Los Angeles,037,10098052,1216480,1208705,42312,1251017,24506
2021-07-04,Madera,039,155013,16873,16696,961,17657,240
2021-07-04,Marin,041,260295,14285,14143,268,14411,233
2021-07-04,Mariposa,043,17540,442,441,11,452,5
2021-07-04,Mendocino,045,87422,4229,4122,86,4208,49
2021-07-04,Merced,047,269075,31345,31297,1069,32366,469
2021-07-04,Modoc,049,8938,421,410,148,558,4
2021-07-04,Mono,051,14174,1269,1275,18,1293,3
2021-07-04,Monterey,053,433212,43408,43212,1896,45108,492
2021-07-04,Napa,055,140530,10087,10045,40,10085,81
2021-07-04,Nevada,057,99092,5039,4966,195,5161,72
2021-07-04,Orange,059,3164182,257581,255823,11686,267509,5126
2021-07-04,Placer,061,380077,24058,23764,1585,25349,299
2021-07-04,Plumas,063,18699,727,707,14,721,4
2021-07-04,Riverside,065,2383286,296610,293260,14261,307521,4536
2021-07-04,Sacramento,067,1510023,109371,108257,1876,110133,1676
2021-07-04,San Benito,069,59416,6144,6108,116,6224,63
2021-07-04,San Bernardino,071,2135413,295788,294294,9131,303425,5003
2021-07-04,San Diego,073,3302833,284350,282692,15594,298286,3780
2021-07-04,San Francisco,075,870044,37495,37107,1334,38441,558
2021-07-04,San Joaquin,077,732212,74528,73841,3685,77526,1409
2021-07-04,San Luis Obispo,079,281455,21628,21330,765,22095,256
2021-07-04,San Mateo,081,765935,43037,42691,498,43189,541
2021-07-04,Santa Barbara,083,443738,34727,34526,1153,35679,456
2021-07-04,Santa Clara,085,1922200,119956,118966,791,119757,2090
2021-07-04,Santa Cruz,087,273765,16386,16254,817,17071,208
2021-07-04,Shasta,089,179085,12660,12582,1657,14239,204
2021-07-04,Sierra,091,2930,64,60,12,72,0
2021-07-04,Siskiyou,093,43540,1980,1899,386,2285,29
2021-07-04,Solano,095,438530,33762,33486,584,34070,268
2021-07-04,Sonoma,097,501317,31293,31000,370,31370,316
2021-07-04,Stanislaus,099,539301,57281,57018,6079,63097,1018
2021-07-04,Sutter,101,95872,9691,9644,91,9735,114
2021-07-04,Tehama,103,63373,5168,5124,599,5723,63
2021-07-04,Trinity,105,12862,494,341,100,441,3
2021-07-04,Tulare,107,460477,50554,49789,9241,59030,853
2021-07-04,Tuolumne,109,53932,4095,4113,41,4154,64
2021-07-04,Ventura,111,848112,82150,81425,3104,84529,1033
2021-07-04,Yolo,113,214977,14296,14188,366,14554,213
2021-07-04,Yuba,115,75493,6274,6197,133,6330,51
2021-07-03,Alameda,001,1643700,90210,89683,2015,91698,1253
2021-07-03,Alpine,003,1148,88,89,0,89,0
2021-07-03,Amador,005,37829,3775,3758,33,3791,46
2021-07-03,Butte,007,227075,12860,12684,1888,14572,201
2021-07-03,Calaveras,009,45235,2226,2200,13,2213,55
2021-07-03,Colusa,011,21464,1975,1969,327,2296,15
2021-07-03,Contra Costa,013,1133247,71636,70941,1348,72289,818
2021-07-03,Del Norte,015,27424,1476,1439,13,1452,8
2021-07-03,El Dorado,017,186661,10566,10433,786,11219,113
2021-07-03,Fresno,019,978130,103735,102512,8835,111347,1727
2021-07-03,Glenn,021,27897,2458,2442,574,3016,20
2021-07-03,Humboldt,023,135768,4568,4530,53,4583,49
2021-07-03,Imperial,025,180216,28861,28661,2769,31430,739
2021-07-03,Inyo,027,18085,1416,1412,14,1426,35
2021-07-03,Kern,029,883053,98144,97421,11265,108686,1347
2021-07-03,Kings,031,150075,23352,23051,1117,24168,245
2021-07-03,Lake,033,64148,3666,3623,13,3636,62
2021-07-03,Lassen,035,31185,5304,5277,117,5394,20
2021-07-03,Los Angeles,037,10098052,1216052,1208705,42281,1250986,24506
2021-07-03,Madera,039,155013,16864,16696,958,17654,240
2021-07-03,Marin,041,260295,14281,14143,268,14411,233
2021-07-03,Mariposa,043,17540,442,441,11,452,5
2021-07-03,Mendocino,045,87422,4228,4122,86,4208,49
2021-07-03,Merced,047,269075,31332,31297,1068,32365,469
2021-07-03,Modoc,049,8938,420,410,148,558,4
2021-07-03,Mono,051,14174,1268,1275,18,1293,3
2021-07-03,Monterey,053,433212,43396,43212,1893,45105,492
2021-07-03,Napa,055,140530,10082,10045,40,10085,81
2021-07-03,Nevada,057,99092,5025,4966,195,5161,72
2021-07-03,Orange,059,3164182,257497,255823,11679,267502,5126
2021-07-03,Placer,061,380077,24039,23764,1582,25346,299
2021-07-03,Plumas,063,18699,727,707,14,721,4
2021-07-03,Riverside,065,2383286,296518,293260,14257,307517,4536
2021-07-03,Sacramento,067,1510023,109297,108257,1873,110130,1676
2021-07-03,San Benito,069,59416,6137,6108,116,6224,63
2021-07-03,San Bernardino,071,2135413,295698,294294,9128,303422,5003
2021-07-03,San Diego,073,3302833,284219,282692,15575,298267,3780
2021-07-03,San Francisco,075,870044,37454,37107,1331,38438,558
2021-07-03,San Joaquin,077,732212,74492,73841,3680,77521,1409
2021-07-03,San Luis Obispo,079,281455,21616,21330,765,22095,256
2021-07-03,San Mateo,081,765935,43012,42691,497,43188,541
2021-07-03,Santa Barbara,083,443738,34718,34526,1152,35678,456
2021-07-03,Santa Clara,085,1922200,119909,118966,791,119757,2090
2021-07-03,Santa Cruz,087,273765,16379,16254,817,17071,208
2021-07-03,Shasta,089,179085,12656,12582,1655,14237,204
2021-07-03,Sierra,091,2930,64,60,12,72,0
2021-07-03,Siskiyou,093,43540,1979,1899,385,2284,29
2021-07-03,Solano,095,438530,33718,33486,584,34070,268
2021-07-03,Sonoma,097,501317,31259,31000,370,31370,316
2021-07-03,Stanislaus,099,539301,57270,57018,6071,63089,1018
2021-07-03,Sutter,101,95872,9681,9644,91,9735,114
2021-07-03,Tehama,103,63373,5166,5124,599,5723,63
2021-07-03,Trinity,105,12862,494,341,100,441,3
2021-07-03,Tulare,107,460477,50548,49789,9235,59024,853
2021-07-03,Tuolumne,109,53932,4094,4113,41,4154,64
2021-07-03,Ventura,111,848112,82120,81425,3096,84521,1033
2021-07-03,Yolo,113,214977,14286,14188,363,14551,213
2021-07-03,Yuba,115,75493,6268,6197,133,6330,51
2021-07-02,Alameda,001,1643700,90128,89683,2014,91697,1253
2021-07-02,Alpine,003,1148,88,89,0,89,0
2021-07-02,Amador,005,37829,3773,3758,33,3791,46
2021-07-02,Butte,007,227075,12853,12684,1888,14572,201
2021-07-02,Calaveras,009,45235,2224,2200,13,2213,55
2021-07-02,Colusa,011,21464,1974,1969,326,2295,15
2021-07-02,Contra Costa,013,1133247,71566,70941,1344,72285,818
2021-07-02,Del Norte,015,27424,1476,1439,13,1452,8
2021-07-02,El Dorado,017,186661,10558,10433,786,11219,113
2021-07-02,Fresno,019,978130,103706,102512,8829,111341,1727
2021-07-02,Glenn,021,27897,2457,2442,573,3015,20
2021-07-02,Humboldt,023,135768,4565,4530,52,4582,49
2021-07-02,Imperial,025,180216,28855,28661,2768,31429,739
2021-07-02,Inyo,027,18085,1416,1412,14,1426,35
2021-07-02,Kern,029,883053,98126,97421,11256,108677,1347
2021-07-02,Kings,031,150075,23342,23051,1117,24168,245
2021-07-02,Lake,033,64148,3660,3623,13,3636,62
2021-07-02,Lassen,035,31185,5304,5277,117,5394,20
2021-07-02,Los Angeles,037,10098052,1215578,1208705,42243,1250948,24506
2021-07-02,Madera,039,155013,16855,16696,957,17653,240
2021-07-02,Marin,041,260295,14277,14143,268,14411,233
2021-07-02,Mariposa,043,17540,442,441,11,452,5
2021-07-02,Mendocino,045,87422,4224,4122,85,4207,49
2021-07-02,Merced,047,269075,31323,31297,1068,32365,469
2021-07-02,Modoc,049,8938,420,410,148,558,4
2021-07-02,Mono,051,14174,1267,1275,18,1293,3
2021-07-02,Monterey,053,433212,43388,43212,1892,45104,492
2021-07-02,Napa,055,140530,10077,10045,40,10085,81
2021-07-02,Nevada,057,99092,5016,4966,195,5161,72
2021-07-02,Orange,059,3164182,257386,255823,11672,267495,5126
2021-07-02,Placer,061,380077,24022,23764,1575,25339,299
2021-07-02,Plumas,063,18699,727,707,14,721,4
2021-07-02,Riverside,065,2383286,296421,293260,14252,307512,4536
2021-07-02,Sacramento,067,1510023,109219,108257,1872,110129,1676
2021-07-02,San Benito,069,59416,6134,6108,116,6224,63
2021-07-02,San Bernardino,071,2135413,295611,294294,9126,303420,5003
2021-07-02,San Diego,073,3302833,284074,282692,15549,298241,3780
2021-07-02,San Francisco,075,870044,37405,37107,1329,38436,558
2021-07-02,San Joaquin,077,732212,74459,73841,3674,77515,1409
2021-07-02,San Luis Obispo,079,281455,21610,21330,764,22094,256
2021-07-02,San Mateo,081,765935,42976,42691,497,43188,541
2021-07-02,Santa Barbara,083,443738,34708,34526,1152,35678,456
2021-07-02,Santa Clara,085,1922200,119831,118966,791,119757,2090
2021-07-02,Santa Cruz,087,273765,16375,16254,817,17071,208
2021-07-02,Shasta,089,179085,12652,12582,1655,14237,204
2021-07-02,Sierra,091,2930,63,60,12,72,0
2021-07-02,Siskiyou,093,43540,1976,1899,384,2283,29
2021-07-02,Solano,095,438530,33693,33486,584,34070,268
2021-07-02,Sonoma,097,501317,31236,31000,370,31370,316
2021-07-02,Stanislaus,099,539301,57253,57018,6070,63088,1018
2021-07-02,Sutter,101,95872,9677,9644,91,9735,114
2021-07-02,Tehama,103,63373,5164,5124,597,5721,63
2021-07-02,Trinity,105,12862,494,341,100,441,3
2021-07-02,Tulare,107,460477,50538,49789,9227,59016,853
2021-07-02,Tuolumne,109,53932,4091,4113,41,4154,64
2021-07-02,Ventura,111,848112,82077,81425,3088,84513,1033
2021-07-02,Yolo,113,214977,14270,14188,361,14549,213
2021-07-02,Yuba,115,75493,6260,6197,133,6330,51
2021-07-01,Alameda,001,1643700,90028,89683,2012,91695,1253
2021-07-01,Alpine,003,1148,88,89,0,89,0
2021-07-01,Amador,005,37829,3772,3758,33,3791,46
2021-07-01,Butte,007,227075,12841,12684,1886,14570,201
2021-07-01,Calaveras,009,45235,2222,2200,13,2213,55
2021-07-01,Colusa,011,21464,1974,1969,324,2293,15
2021-07-01,Contra Costa,013,1133247,71494,70941,1344,72285,818
2021-07-01,Del Norte,015,27424,1475,1439,13,1452,8
2021-07-01,El Dorado,017,186661,10546,10433,786,11219,113
2021-07-01,Fresno,019,978130,103667,102512,8824,111336,1727
2021-07-01,Glenn,021,27897,2457,2442,573,3015,20
2021-07-01,Humboldt,023,135768,4563,4530,52,4582,49
2021-07-01,Imperial,025,180216,28838,28661,2768,31429,739
2021-07-01,Inyo,027,18085,1416,1412,14,1426,35
2021-07-01,Kern,029,883053,98100,97421,11246,108667,1347
2021-07-01,Kings,031,150075,23328,23051,1117,24168,245
2021-07-01,Lake,033,64148,3657,3623,13,3636,62
2021-07-01,Lassen,035,31185,5302,5277,117,5394,20
2021-07-01,Los Angeles,037,10098052,1214979,1208705,42188,1250893,24506
2021-07-01,Madera,039,155013,16846,16696,956,17652,240
2021-07-01,Marin,041,260295,14273,14143,268,14411,233
2021-07-01,Mariposa,043,17540,442,441,11,452,5
2021-07-01,Mendocino,045,87422,4220,4122,84,4206,49
2021-07-01,Merced,047,269075,31317,31297,1068,32365,469
2021-07-01,Modoc,049,8938,420,410,148,558,4
2021-07-01,Mono,051,14174,1266,1275,18,1293,3
2021-07-01,Monterey,053,433212,43380,43212,1888,45100,492
2021-07-01,Napa,055,140530,10070,10045,40,10085,81
2021-07-01,Nevada,057,99092,5011,4966,195,5161,72
2021-07-01,Orange,059,3164182,257265,255823,11653,267476,5126
2021-07-01,Placer,061,380077,24003,23764,1572,25336,299
2021-07-01,Plumas,063,18699,724,707,12,719,4
2021-07-01,Riverside,065,2383286,296312,293260,14244,307504,4536
2021-07-01,Sacramento,067,1510023,109093,108257,1865,110122,1676
2021-07-01,San Benito,069,59416,6130,6108,116,6224,63
2021-07-01,San Bernardino,071,2135413,295491,294294,9121,303415,5003
2021-07-01,San Diego,073,3302833,283896,282692,15512,298204,3780
2021-07-01,San Francisco,075,870044,37369,37107,1327,38434,558
2021-07-01,San Joaquin,077,732212,74408,73841,3670,77511,1409
2021-07-01,San Luis Obispo,079,281455,21595,21330,763,22093,256
2021-07-01,San Mateo,081,765935,42948,42691,496,43187,541
2021-07-01,Santa Barbara,083,443738,34695,34526,1152,35678,456
2021-07-01,Santa Clara,085,1922200,119782,118966,791,119757,2090
2021-07-01,Santa Cruz,087,273765,16370,16254,817,17071,208
2021-07-01,Shasta,089,179085,12644,12582,1654,14236,204
2021-07-01,Sierra,091,2930,63,60,12,72,0
2021-07-01,Siskiyou,093,43540,1976,1899,384,2283,29
2021-07-01,Solano,095,438530,33652,33486,583,34069,268
2021-07-01,Sonoma,097,501317,31192,31000,370,31370,316
2021-07-01,Stanislaus,099,539301,57236,57018,6066,63084,1018
2021-07-01,Sutter,101,95872,9668,9644,91,9735,114
2021-07-01,Tehama,103,63373,5164,5124,596,5720,63
2021-07-01,Trinity,105,12862,494,341,100,441,3
2021-07-01,Tulare,107,460477,50529,49789,9220,59009,853
2021-07-01,Tuolumne,109,53932,4084,4113,41,4154,64
2021-07-01,Ventura,111,848112,82046,81425,3077,84502,1033
2021-07-01,Yolo,113,214977,14254,14188,359,14547,213
2021-07-01,Yuba,115,75493,6253,6197,133,6330,51
2021-06-30,Alameda,001,1643700,89949,89597,2007,91604,1256
2021-06-30,Alpine,003,1148,88,89,0,89,0
2021-06-30,Amador,005,37829,3770,3756,33,3789,46
2021-06-30,Butte,007,227075,12834,12676,1877,14553,201
2021-06-30,Calaveras,009,45235,2216,2198,13,2211,55
2021-06-30,Colusa,011,21464,1972,1967,321,2288,15
2021-06-30,Contra Costa,013,1133247,71429,70869,1341,72210,818
2021-06-30,Del Norte,015,27424,1470,1435,13,1448,8
2021-06-30,El Dorado,017,186661,10527,10420,786,11206,113
2021-06-30,Fresno,019,978130,103630,102490,8821,111311,1727
2021-06-30,Glenn,021,27897,2455,2440,573,3013,20
2021-06-30,Humboldt,023,135768,4547,4522,50,4572,49
2021-06-30,Imperial,025,180216,28830,28651,2768,31419,739
2021-06-30,Inyo,027,18085,1416,1409,14,1423,35
2021-06-30,Kern,029,883053,98059,97267,11234,108501,1348
2021-06-30,Kings,031,150075,23323,23038,1116,24154,245
2021-06-30,Lake,033,64148,3644,3601,13,3614,56
2021-06-30,Lassen,035,31185,5297,5269,117,5386,20
2021-06-30,Los Angeles,037,10098052,1214307,1208246,42143,1250389,24499
2021-06-30,Madera,039,155013,16838,16688,954,17642,240
2021-06-30,Marin,041,260295,14264,14133,267,14400,232
2021-06-30,Mariposa,043,17540,441,441,11,452,5
2021-06-30,Mendocino,045,87422,4210,4115,84,4199,49
2021-06-30,Merced,047,269075,31307,31286,1068,32354,469
2021-06-30,Modoc,049,8938,420,410,148,558,4
2021-06-30,Mono,051,14174,1266,1275,18,1293,3
2021-06-30,Monterey,053,433212,43375,43209,1886,45095,492
2021-06-30,Napa,055,140530,10062,10039,40,10079,81
2021-06-30,Nevada,057,99092,5000,4958,195,5153,72
2021-06-30,Orange,059,3164182,257138,255764,11642,267406,5125
2021-06-30,Placer,061,380077,23979,23721,1569,25290,299
2021-06-30,Plumas,063,18699,724,705,12,717,4
2021-06-30,Riverside,065,2383286,296198,293280,14234,307514,4535
2021-06-30,Sacramento,067,1510023,108954,108137,1861,109998,1676
2021-06-30,San Benito,069,59416,6126,6105,116,6221,63
2021-06-30,San Bernardino,071,2135413,295331,294211,9116,303327,4975
2021-06-30,San Diego,073,3302833,283760,282583,15484,298067,3780
2021-06-30,San Francisco,075,870044,37320,37065,1322,38387,558
2021-06-30,San Joaquin,077,732212,74346,73777,3669,77446,1409
2021-06-30,San Luis Obispo,079,281455,21582,21326,762,22088,256
2021-06-30,San Mateo,081,765935,42911,42599,495,43094,537
2021-06-30,Santa Barbara,083,443738,34679,34521,1152,35673,456
2021-06-30,Santa Clara,085,1922200,119735,118930,788,119718,2090
2021-06-30,Santa Cruz,087,273765,16364,16250,817,17067,208
2021-06-30,Shasta,089,179085,12638,12564,1654,14218,204
2021-06-30,Sierra,091,2930,63,60,12,72,0
2021-06-30,Siskiyou,093,43540,1974,1900,381,2281,29
2021-06-30,Solano,095,438530,33613,33453,581,34034,268
2021-06-30,Sonoma,097,501317,31162,30947,370,31317,316
2021-06-30,Stanislaus,099,539301,57219,56997,6065,63062,1018
2021-06-30,Sutter,101,95872,9658,9638,91,9729,114
2021-06-30,Tehama,103,63373,5162,5124,596,5720,63
2021-06-30,Trinity,105,12862,494,341,100,441,3
2021-06-30,Tulare,107,460477,50518,49764,9209,58973,853
2021-06-30,Tuolumne,109,53932,4081,4112,41,4153,64
2021-06-30,Ventura,111,848112,82003,81392,3072,84464,1032
2021-06-30,Yolo,113,214977,14248,14178,356,14534,213
2021-06-30,Yuba,115,75493,6246,6191,133,6324,51
2021-06-29,Alameda,001,1643700,89842,89519,2006,91525,1257
2021-06-29,Alpine,003,1148,88,89,0,89,0
2021-06-29,Amador,005,37829,3766,3754,33,3787,46
2021-06-29,Butte,007,227075,12826,12669,1877,14546,201
2021-06-29,Calaveras,009,45235,2210,2198,13,2211,55
2021-06-29,Colusa,011,21464,1970,1967,321,2288,15
2021-06-29,Contra Costa,013,1133247,71355,70775,1340,72115,817
2021-06-29,Del Norte,015,27424,1469,1435,13,1448,8
2021-06-29,El Dorado,017,186661,10514,10403,782,11185,113
2021-06-29,Fresno,019,978130,103597,102464,8818,111282,1725
2021-06-29,Glenn,021,27897,2454,2439,573,3012,20
2021-06-29,Humboldt,023,135768,4543,4514,49,4563,49
2021-06-29,Imperial,025,180216,28821,28645,2767,31412,737
2021-06-29,Inyo,027,18085,1416,1408,14,1422,35
2021-06-29,Kern,029,883053,98038,97173,11228,108401,1347
2021-06-29,Kings,031,150075,23314,23035,1115,24150,245
2021-06-29,Lake,033,64148,3638,3594,13,3607,56
2021-06-29,Lassen,035,31185,5290,5268,117,5385,20
2021-06-29,Los Angeles,037,10098052,1213698,1207895,42112,1250007,24498
2021-06-29,Madera,039,155013,16834,16680,953,17633,240
2021-06-29,Marin,041,260295,14252,14127,267,14394,232
2021-06-29,Mariposa,043,17540,441,441,11,452,5
2021-06-29,Mendocino,045,87422,4206,4107,83,4190,49
2021-06-29,Merced,047,269075,31295,31277,1068,32345,469
2021-06-29,Modoc,049,8938,419,408,148,556,3
2021-06-29,Mono,051,14174,1266,1275,18,1293,3
2021-06-29,Monterey,053,433212,43365,43196,1884,45080,471
2021-06-29,Napa,055,140530,10056,10033,40,10073,81
2021-06-29,Nevada,057,99092,4993,4952,195,5147,72
2021-06-29,Orange,059,3164182,257038,255686,11627,267313,5124
2021-06-29,Placer,061,380077,23959,23693,1567,25260,299
2021-06-29,Plumas,063,18699,724,704,12,716,4
2021-06-29,Riverside,065,2383286,296099,292962,14227,307189,4524
2021-06-29,Sacramento,067,1510023,108802,108067,1858,109925,1677
2021-06-29,San Benito,069,59416,6115,6099,116,6215,63
2021-06-29,San Bernardino,071,2135413,295219,294118,9114,303232,4940
2021-06-29,San Diego,073,3302833,283604,282499,15457,297956,3780
2021-06-29,San Francisco,075,870044,37282,37041,1319,38360,558
2021-06-29,San Joaquin,077,732212,74298,73724,3666,77390,1409
2021-06-29,San Luis Obispo,079,281455,21572,21324,761,22085,256
2021-06-29,San Mateo,081,765935,42877,42540,495,43035,540
2021-06-29,Santa Barbara,083,443738,34669,34507,1151,35658,455
2021-06-29,Santa Clara,085,1922200,119681,118893,787,119680,2090
2021-06-29,Santa Cruz,087,273765,16358,16249,817,17066,208
2021-06-29,Shasta,089,179085,12626,12564,1653,14217,204
2021-06-29,Sierra,091,2930,63,59,12,71,0
2021-06-29,Siskiyou,093,43540,1971,1897,377,2274,29
2021-06-29,Solano,095,438530,33580,33440,579,34019,268
2021-06-29,Sonoma,097,501317,31120,30950,368,31318,316
2021-06-29,Stanislaus,099,539301,57198,56980,6058,63038,1018
2021-06-29,Sutter,101,95872,9647,9634,91,9725,114
2021-06-29,Tehama,103,63373,5162,5124,596,5720,63
2021-06-29,Trinity,105,12862,494,341,100,441,3
2021-06-29,Tulare,107,460477,50505,49751,9204,58955,852
2021-06-29,Tuolumne,109,53932,4079,4111,41,4152,64
2021-06-29,Ventura,111,848112,81965,81363,3066,84429,1032
2021-06-29,Yolo,113,214977,14236,14171,355,14526,213
2021-06-29,Yuba,115,75493,6236,6188,133,6321,51
2021-06-28,Alameda,001,1643700,89749,89638,2003,91641,1259
2021-06-28,Alpine,003,1148,88,89,0,89,0
2021-06-28,Amador,005,37829,3765,3753,33,3786,46
2021-06-28,Butte,007,227075,12817,12697,1875,14572,198
2021-06-28,Calaveras,009,45235,2207,2203,13,2216,55
2021-06-28,Colusa,011,21464,1968,1974,321,2295,15
2021-06-28,Contra Costa,013,1133247,71281,70807,1338,72145,816
2021-06-28,Del Norte,015,27424,1469,1436,13,1449,8
2021-06-28,El Dorado,017,186661,10504,10422,778,11200,115
2021-06-28,Fresno,019,978130,103566,103121,8816,111937,1727
2021-06-28,Glenn,021,27897,2454,2439,573,3012,20
2021-06-28,Humboldt,023,135768,4536,4520,48,4568,49
2021-06-28,Imperial,025,180216,28813,28981,2766,31747,741
2021-06-28,Inyo,027,18085,1413,1407,14,1421,35
2021-06-28,Kern,029,883053,98019,97252,11223,108475,1348
2021-06-28,Kings,031,150075,23308,23134,1115,24249,246
2021-06-28,Lake,033,64148,3630,3591,13,3604,56
2021-06-28,Lassen,035,31185,5288,5268,117,5385,20
2021-06-28,Los Angeles,037,10098052,1213179,1207714,42077,1249791,24496
2021-06-28,Madera,039,155013,16823,16683,952,17635,240
2021-06-28,Marin,041,260295,14237,14186,267,14453,232
2021-06-28,Mariposa,043,17540,441,440,11,451,5
2021-06-28,Mendocino,045,87422,4197,4102,82,4184,49
2021-06-28,Merced,047,269075,31283,31277,1068,32345,469
2021-06-28,Modoc,049,8938,419,411,147,558,3
2021-06-28,Mono,051,14174,1266,1276,18,1294,3
2021-06-28,Monterey,053,433212,43361,43202,1883,45085,462
2021-06-28,Napa,055,140530,10047,10050,39,10089,81
2021-06-28,Nevada,057,99092,4989,4951,195,5146,72
2021-06-28,Orange,059,3164182,256948,255755,11613,267368,5123
2021-06-28,Placer,061,380077,23939,23756,1563,25319,299
2021-06-28,Plumas,063,18699,722,704,12,716,4
2021-06-28,Riverside,065,2383286,295973,292647,14214,306861,4507
2021-06-28,Sacramento,067,1510023,108670,108342,1853,110195,1675
2021-06-28,San Benito,069,59416,6113,6101,116,6217,63
2021-06-28,San Bernardino,071,2135413,295118,294151,9109,303260,4928
2021-06-28,San Diego,073,3302833,283440,282417,15428,297845,3780
2021-06-28,San Francisco,075,870044,37246,37372,1317,38689,559
2021-06-28,San Joaquin,077,732212,74251,73973,3662,77635,1411
2021-06-28,San Luis Obispo,079,281455,21568,21340,760,22100,256
2021-06-28,San Mateo,081,765935,42843,42927,494,43421,540
2021-06-28,Santa Barbara,083,443738,34662,34534,1149,35683,455
2021-06-28,Santa Clara,085,1922200,119617,120377,786,121163,2103
2021-06-28,Santa Cruz,087,273765,16353,16245,817,17062,208
2021-06-28,Shasta,089,179085,12622,12642,1651,14293,203
2021-06-28,Sierra,091,2930,63,58,12,70,0
2021-06-28,Siskiyou,093,43540,1970,1896,377,2273,29
2021-06-28,Solano,095,438530,33544,33524,577,34101,267
2021-06-28,Sonoma,097,501317,31083,31137,367,31504,315
2021-06-28,Stanislaus,099,539301,57180,57047,6054,63101,1018
2021-06-28,Sutter,101,95872,9643,9682,91,9773,114
2021-06-28,Tehama,103,63373,5160,5122,596,5718,63
2021-06-28,Trinity,105,12862,494,341,100,441,3
2021-06-28,Tulare,107,460477,50495,49751,9200,58951,850
2021-06-28,Tuolumne,109,53932,4072,4121,41,4162,64
2021-06-28,Ventura,111,848112,81908,81393,3061,84454,1032
2021-06-28,Yolo,113,214977,14227,14199,352,14551,213
2021-06-28,Yuba,115,75493,6231,6207,133,6340,51
2021-06-27,Alameda,001,1643700,89662,89611,1999,91610,1259
2021-06-27,Alpine,003,1148,88,89,0,89,0
2021-06-27,Amador,005,37829,3764,3752,33,3785,46
2021-06-27,Butte,007,227075,12808,12696,1874,14570,198
2021-06-27,Calaveras,009,45235,2206,2203,13,2216,55
2021-06-27,Colusa,011,21464,1968,1974,321,2295,15
2021-06-27,Contra Costa,013,1133247,71195,70762,1334,72096,816
2021-06-27,Del Norte,015,27424,1466,1436,13,1449,8
2021-06-27,El Dorado,017,186661,10492,10418,775,11193,115
2021-06-27,Fresno,019,978130,103537,103110,8814,111924,1727
2021-06-27,Glenn,021,27897,2453,2439,572,3011,20
2021-06-27,Humboldt,023,135768,4524,4513,45,4558,49
2021-06-27,Imperial,025,180216,28799,28987,2766,31753,741
2021-06-27,Inyo,027,18085,1413,1407,14,1421,35
2021-06-27,Kern,029,883053,97993,97249,11216,108465,1348
2021-06-27,Kings,031,150075,23298,23132,1115,24247,246
2021-06-27,Lake,033,64148,3623,3581,13,3594,56
2021-06-27,Lassen,035,31185,5287,5265,117,5382,20
2021-06-27,Los Angeles,037,10098052,1212634,1207461,42036,1249497,24493
2021-06-27,Madera,039,155013,16815,16680,952,17632,240
2021-06-27,Marin,041,260295,14228,14182,267,14449,232
2021-06-27,Mariposa,043,17540,441,440,11,451,5
2021-06-27,Mendocino,045,87422,4190,4100,82,4182,49
2021-06-27,Merced,047,269075,31271,31266,1068,32334,469
2021-06-27,Modoc,049,8938,419,411,147,558,3
2021-06-27,Mono,051,14174,1266,1279,18,1297,3
2021-06-27,Monterey,053,433212,43348,43199,1883,45082,462
2021-06-27,Napa,055,140530,10041,10046,39,10085,81
2021-06-27,Nevada,057,99092,4983,4946,195,5141,72
2021-06-27,Orange,059,3164182,256834,255710,11602,267312,5123
2021-06-27,Placer,061,380077,23906,23731,1560,25291,299
2021-06-27,Plumas,063,18699,722,704,12,716,4
2021-06-27,Riverside,065,2383286,295871,292641,14207,306848,4507
2021-06-27,Sacramento,067,1510023,108535,108279,1849,110128,1675
2021-06-27,San Benito,069,59416,6107,6101,116,6217,63
2021-06-27,San Bernardino,071,2135413,295005,294115,9107,303222,4927
2021-06-27,San Diego,073,3302833,283300,282359,15402,297761,3780
2021-06-27,San Francisco,075,870044,37209,37360,1316,38676,559
2021-06-27,San Joaquin,077,732212,74215,73960,3660,77620,1411
2021-06-27,San Luis Obispo,079,281455,21561,21340,759,22099,256
2021-06-27,San Mateo,081,765935,42814,42925,491,43416,539
2021-06-27,Santa Barbara,083,443738,34648,34533,1147,35680,455
2021-06-27,Santa Clara,085,1922200,119566,120352,785,121137,2103
2021-06-27,Santa Cruz,087,273765,16344,16241,817,17058,208
2021-06-27,Shasta,089,179085,12616,12640,1650,14290,203
2021-06-27,Sierra,091,2930,63,58,12,70,0
2021-06-27,Siskiyou,093,43540,1968,1896,376,2272,29
2021-06-27,Solano,095,438530,33516,33516,577,34093,267
2021-06-27,Sonoma,097,501317,31045,31129,367,31496,315
2021-06-27,Stanislaus,099,539301,57140,57021,6051,63072,1018
2021-06-27,Sutter,101,95872,9637,9678,91,9769,114
2021-06-27,Tehama,103,63373,5156,5122,596,5718,63
2021-06-27,Trinity,105,12862,494,341,99,440,3
2021-06-27,Tulare,107,460477,50482,49749,9193,58942,850
2021-06-27,Tuolumne,109,53932,4070,4121,41,4162,64
2021-06-27,Ventura,111,848112,81874,81361,3052,84413,1032
2021-06-27,Yolo,113,214977,14212,14194,348,14542,213
2021-06-27,Yuba,115,75493,6225,6205,133,6338,51
2021-06-26,Alameda,001,1643700,89605,89560,1997,91557,1259
2021-06-26,Alpine,003,1148,88,89,0,89,0
2021-06-26,Amador,005,37829,3764,3748,33,3781,46
2021-06-26,Butte,007,227075,12804,12693,1871,14564,198
2021-06-26,Calaveras,009,45235,2204,2202,13,2215,55
2021-06-26,Colusa,011,21464,1968,1973,321,2294,15
2021-06-26,Contra Costa,013,1133247,71152,70712,1333,72045,816
2021-06-26,Del Norte,015,27424,1465,1432,13,1445,8
2021-06-26,El Dorado,017,186661,10484,10414,774,11188,115
2021-06-26,Fresno,019,978130,103517,103091,8812,111903,1727
2021-06-26,Glenn,021,27897,2451,2441,572,3013,20
2021-06-26,Humboldt,023,135768,4521,4509,45,4554,49
2021-06-26,Imperial,025,180216,28795,28970,2766,31736,741
2021-06-26,Inyo,027,18085,1413,1407,14,1421,35
2021-06-26,Kern,029,883053,97967,97239,11207,108446,1348
2021-06-26,Kings,031,150075,23294,23128,1114,24242,246
2021-06-26,Lake,033,64148,3612,3576,13,3589,56
2021-06-26,Lassen,035,31185,5284,5263,117,5380,20
2021-06-26,Los Angeles,037,10098052,1212328,1207198,42003,1249201,24490
2021-06-26,Madera,039,155013,16808,16679,951,17630,240
2021-06-26,Marin,041,260295,14219,14180,267,14447,232
2021-06-26,Mariposa,043,17540,441,440,11,451,5
2021-06-26,Mendocino,045,87422,4188,4096,82,4178,49
2021-06-26,Merced,047,269075,31265,31259,1067,32326,469
2021-06-26,Modoc,049,8938,419,411,147,558,3
2021-06-26,Mono,051,14174,1266,1279,18,1297,3
2021-06-26,Monterey,053,433212,43345,43192,1883,45075,462
2021-06-26,Napa,055,140530,10035,10043,39,10082,81
2021-06-26,Nevada,057,99092,4978,4939,195,5134,72
2021-06-26,Orange,059,3164182,256755,255640,11595,267235,5123
2021-06-26,Placer,061,380077,23892,23702,1558,25260,299
2021-06-26,Plumas,063,18699,722,704,12,716,4
2021-06-26,Riverside,065,2383286,295813,292480,14201,306681,4505
2021-06-26,Sacramento,067,1510023,108464,108179,1847,110026,1675
2021-06-26,San Benito,069,59416,6103,6100,116,6216,63
2021-06-26,San Bernardino,071,2135413,294910,294034,9102,303136,4928
2021-06-26,San Diego,073,3302833,283215,282263,15384,297647,3780
2021-06-26,San Francisco,075,870044,37177,37348,1315,38663,559
2021-06-26,San Joaquin,077,732212,74186,73928,3659,77587,1411
2021-06-26,San Luis Obispo,079,281455,21560,21330,758,22088,256
2021-06-26,San Mateo,081,765935,42794,42898,491,43389,539
2021-06-26,Santa Barbara,083,443738,34639,34525,1147,35672,455
2021-06-26,Santa Clara,085,1922200,119533,120321,785,121106,2103
2021-06-26,Santa Cruz,087,273765,16341,16239,817,17056,208
2021-06-26,Shasta,089,179085,12612,12635,1646,14281,203
2021-06-26,Sierra,091,2930,63,58,12,70,0
2021-06-26,Siskiyou,093,43540,1967,1896,375,2271,29
2021-06-26,Solano,095,438530,33498,33489,575,34064,267
2021-06-26,Sonoma,097,501317,31019,31088,367,31455,315
2021-06-26,Stanislaus,099,539301,57124,57006,6049,63055,1018
2021-06-26,Sutter,101,95872,9636,9669,91,9760,114
2021-06-26,Tehama,103,63373,5156,5119,596,5715,63
2021-06-26,Trinity,105,12862,494,341,99,440,3
2021-06-26,Tulare,107,460477,50476,49745,9193,58938,850
2021-06-26,Tuolumne,109,53932,4070,4121,41,4162,64
2021-06-26,Ventura,111,848112,81850,81352,3051,84403,1032
2021-06-26,Yolo,113,214977,14204,14184,348,14532,213
2021-06-26,Yuba,115,75493,6222,6200,133,6333,51
2021-06-25,Alameda,001,1643700,89538,89453,1995,91448,1271
2021-06-25,Alpine,003,1148,88,89,0,89,0
2021-06-25,Amador,005,37829,3763,3746,33,3779,46
2021-06-25,Butte,007,227075,12799,12682,1868,14550,198
2021-06-25,Calaveras,009,45235,2203,2201,13,2214,55
2021-06-25,Colusa,011,21464,1968,1972,321,2293,15
2021-06-25,Contra Costa,013,1133247,71116,70659,1333,71992,815
2021-06-25,Del Norte,015,27424,1465,1426,13,1439,8
2021-06-25,El Dorado,017,186661,10476,10406,771,11177,115
2021-06-25,Fresno,019,978130,103499,103073,8808,111881,1727
2021-06-25,Glenn,021,27897,2451,2441,572,3013,20
2021-06-25,Humboldt,023,135768,4515,4503,43,4546,49
2021-06-25,Imperial,025,180216,28792,28968,2766,31734,740
2021-06-25,Inyo,027,18085,1412,1406,14,1420,35
2021-06-25,Kern,029,883053,97948,97182,11203,108385,1347
2021-06-25,Kings,031,150075,23288,23118,1114,24232,246
2021-06-25,Lake,033,64148,3606,3571,13,3584,56
2021-06-25,Lassen,035,31185,5283,5259,117,5376,20
2021-06-25,Los Angeles,037,10098052,1212047,1206909,41986,1248895,24483
2021-06-25,Madera,039,155013,16805,16670,951,17621,240
2021-06-25,Marin,041,260295,14216,14179,267,14446,232
2021-06-25,Mariposa,043,17540,441,440,11,451,5
2021-06-25,Mendocino,045,87422,4185,4089,82,4171,49
2021-06-25,Merced,047,269075,31257,31256,1067,32323,467
2021-06-25,Modoc,049,8938,419,411,147,558,3
2021-06-25,Mono,051,14174,1266,1279,18,1297,3
2021-06-25,Monterey,053,433212,43340,43184,1882,45066,462
2021-06-25,Napa,055,140530,10030,10037,39,10076,81
2021-06-25,Nevada,057,99092,4975,4932,195,5127,72
2021-06-25,Orange,059,3164182,256684,255574,11593,267167,5119
2021-06-25,Placer,061,380077,23873,23672,1557,25229,299
2021-06-25,Plumas,063,18699,722,702,11,713,4
2021-06-25,Riverside,065,2383286,295745,291663,14194,305857,4490
2021-06-25,Sacramento,067,1510023,108392,108034,1844,109878,1673
2021-06-25,San Benito,069,59416,6099,6098,116,6214,63
2021-06-25,San Bernardino,071,2135413,294855,293941,9100,303041,4911
2021-06-25,San Diego,073,3302833,283155,282157,15371,297528,3779
2021-06-25,San Francisco,075,870044,37154,37338,1314,38652,559
2021-06-25,San Joaquin,077,732212,74153,73860,3657,77517,1410
2021-06-25,San Luis Obispo,079,281455,21557,21325,757,22082,256
2021-06-25,San Mateo,081,765935,42776,42849,491,43340,537
2021-06-25,Santa Barbara,083,443738,34630,34518,1146,35664,454
2021-06-25,Santa Clara,085,1922200,119513,120272,785,121057,2103
2021-06-25,Santa Cruz,087,273765,16338,16230,815,17045,208
2021-06-25,Shasta,089,179085,12602,12633,1645,14278,202
2021-06-25,Sierra,091,2930,63,58,12,70,0
2021-06-25,Siskiyou,093,43540,1966,1894,375,2269,29
2021-06-25,Solano,095,438530,33478,33449,575,34024,267
2021-06-25,Sonoma,097,501317,30996,31043,367,31410,314
2021-06-25,Stanislaus,099,539301,57108,56973,6042,63015,1018
2021-06-25,Sutter,101,95872,9629,9664,91,9755,114
2021-06-25,Tehama,103,63373,5155,5119,596,5715,63
2021-06-25,Trinity,105,12862,494,338,99,437,3
2021-06-25,Tulare,107,460477,50469,49731,9190,58921,850
2021-06-25,Tuolumne,109,53932,4069,4121,41,4162,64
2021-06-25,Ventura,111,848112,81821,81342,3045,84387,1032
2021-06-25,Yolo,113,214977,14198,14172,348,14520,213
2021-06-25,Yuba,115,75493,6218,6195,133,6328,51
2021-06-24,Alameda,001,1643700,89467,89358,1992,91350,1268
2021-06-24,Alpine,003,1148,88,89,0,89,0
2021-06-24,Amador,005,37829,3759,3745,33,3778,46
2021-06-24,Butte,007,227075,12793,12673,1866,14539,198
2021-06-24,Calaveras,009,45235,2200,2202,13,2215,55
2021-06-24,Colusa,011,21464,1967,1972,321,2293,15
2021-06-24,Contra Costa,013,1133247,71057,70590,1333,71923,813
2021-06-24,Del Norte,015,27424,1464,1421,13,1434,8
2021-06-24,El Dorado,017,186661,10469,10402,771,11173,115
2021-06-24,Fresno,019,978130,103479,103061,8805,111866,1727
2021-06-24,Glenn,021,27897,2450,2439,572,3011,20
2021-06-24,Humboldt,023,135768,4510,4493,43,4536,49
2021-06-24,Imperial,025,180216,28789,28981,2766,31747,740
2021-06-24,Inyo,027,18085,1411,1406,14,1420,35
2021-06-24,Kern,029,883053,97929,97129,11190,108319,1346
2021-06-24,Kings,031,150075,23284,23114,1112,24226,246
2021-06-24,Lake,033,64148,3600,3571,13,3584,56
2021-06-24,Lassen,035,31185,5282,5258,117,5375,20
2021-06-24,Los Angeles,037,10098052,1211723,1206590,41963,1248553,24480
2021-06-24,Madera,039,155013,16794,16662,950,17612,240
2021-06-24,Marin,041,260295,14212,14180,267,14447,232
2021-06-24,Mariposa,043,17540,441,440,11,451,5
2021-06-24,Mendocino,045,87422,4177,4085,82,4167,49
2021-06-24,Merced,047,269075,31247,31248,1066,32314,466
2021-06-24,Modoc,049,8938,419,411,147,558,3
2021-06-24,Mono,051,14174,1266,1276,18,1294,3
2021-06-24,Monterey,053,433212,43333,43180,1882,45062,451
2021-06-24,Napa,055,140530,10028,10036,39,10075,80
2021-06-24,Nevada,057,99092,4973,4927,195,5122,72
2021-06-24,Orange,059,3164182,256620,255520,11585,267105,5117
2021-06-24,Placer,061,380077,23848,23659,1555,25214,299
2021-06-24,Plumas,063,18699,721,702,11,713,4
2021-06-24,Riverside,065,2383286,295665,291067,14183,305250,4473
2021-06-24,Sacramento,067,1510023,108304,107965,1842,109807,1672
2021-06-24,San Benito,069,59416,6096,6098,116,6214,63
2021-06-24,San Bernardino,071,2135413,294786,293895,9095,302990,4898
2021-06-24,San Diego,073,3302833,283051,282053,15358,297411,3778
2021-06-24,San Francisco,075,870044,37132,37320,1312,38632,559
2021-06-24,San Joaquin,077,732212,74105,73814,3657,77471,1408
2021-06-24,San Luis Obispo,079,281455,21551,21326,757,22083,256
2021-06-24,San Mateo,081,765935,42750,42814,490,43304,542
2021-06-24,Santa Barbara,083,443738,34624,34512,1145,35657,454
2021-06-24,Santa Clara,085,1922200,119482,120274,784,121058,2103
2021-06-24,Santa Cruz,087,273765,16337,16227,815,17042,208
2021-06-24,Shasta,089,179085,12597,12629,1641,14270,202
2021-06-24,Sierra,091,2930,63,58,12,70,0
2021-06-24,Siskiyou,093,43540,1966,1892,375,2267,28
2021-06-24,Solano,095,438530,33455,33432,573,34005,267
2021-06-24,Sonoma,097,501317,30967,31020,367,31387,314
2021-06-24,Stanislaus,099,539301,57082,56946,6042,62988,1018
2021-06-24,Sutter,101,95872,9622,9660,91,9751,113
2021-06-24,Tehama,103,63373,5152,5115,596,5711,63
2021-06-24,Trinity,105,12862,493,338,99,437,3
2021-06-24,Tulare,107,460477,50458,49730,9188,58918,850
2021-06-24,Tuolumne,109,53932,4067,4120,41,4161,64
2021-06-24,Ventura,111,848112,81793,81332,3044,84376,1032
2021-06-24,Yolo,113,214977,14189,14169,345,14514,213
2021-06-24,Yuba,115,75493,6213,6195,133,6328,51
2021-06-23,Alameda,001,1643700,89395,89338,1991,91329,1266
2021-06-23,Alpine,003,1148,88,88,0,88,0
2021-06-23,Amador,005,37829,3757,3743,33,3776,46
2021-06-23,Butte,007,227075,12786,12666,1866,14532,198
2021-06-23,Calaveras,009,45235,2199,2199,13,2212,55
2021-06-23,Colusa,011,21464,1966,1972,321,2293,15
2021-06-23,Contra Costa,013,1133247,70992,70526,1332,71858,813
2021-06-23,Del Norte,015,27424,1460,1418,13,1431,8
2021-06-23,El Dorado,017,186661,10460,10395,768,11163,115
2021-06-23,Fresno,019,978130,103450,103020,8803,111823,1724
2021-06-23,Glenn,021,27897,2450,2437,571,3008,20
2021-06-23,Humboldt,023,135768,4501,4490,43,4533,48
2021-06-23,Imperial,025,180216,28782,28908,2766,31674,740
2021-06-23,Inyo,027,18085,1411,1406,14,1420,35
2021-06-23,Kern,029,883053,97901,97078,11177,108255,1345
2021-06-23,Kings,031,150075,23277,23105,1110,24215,245
2021-06-23,Lake,033,64148,3591,3566,13,3579,53
2021-06-23,Lassen,035,31185,5279,5257,117,5374,20
2021-06-23,Los Angeles,037,10098052,1211386,1206358,41953,1248311,24472
2021-06-23,Madera,039,155013,16787,16660,950,17610,240
2021-06-23,Marin,041,260295,14206,14177,267,14444,230
2021-06-23,Mariposa,043,17540,441,439,11,450,5
2021-06-23,Mendocino,045,87422,4173,4078,82,4160,49
2021-06-23,Merced,047,269075,31238,31260,1066,32326,465
2021-06-23,Modoc,049,8938,417,407,147,554,3
2021-06-23,Mono,051,14174,1266,1279,18,1297,3
2021-06-23,Monterey,053,433212,43324,43166,1882,45048,439
2021-06-23,Napa,055,140530,10019,10032,39,10071,80
2021-06-23,Nevada,057,99092,4970,4924,195,5119,72
2021-06-23,Orange,059,3164182,256554,255479,11577,267056,5116
2021-06-23,Placer,061,380077,23819,23630,1550,25180,299
2021-06-23,Plumas,063,18699,720,701,11,712,4
2021-06-23,Riverside,065,2383286,295582,290343,14181,304524,4462
2021-06-23,Sacramento,067,1510023,108212,107868,1837,109705,1671
2021-06-23,San Benito,069,59416,6092,6097,116,6213,63
2021-06-23,San Bernardino,071,2135413,294707,293816,9090,302906,4886
2021-06-23,San Diego,073,3302833,282951,281937,15337,297274,3777
2021-06-23,San Francisco,075,870044,37108,37304,1310,38614,559
2021-06-23,San Joaquin,077,732212,74066,73764,3655,77419,1405
2021-06-23,San Luis Obispo,079,281455,21547,21323,756,22079,257
2021-06-23,San Mateo,081,765935,42734,42756,490,43246,542
2021-06-23,Santa Barbara,083,443738,34614,34505,1145,35650,454
2021-06-23,Santa Clara,085,1922200,119453,120233,784,121017,2098
2021-06-23,Santa Cruz,087,273765,16333,16215,815,17030,209
2021-06-23,Shasta,089,179085,12590,12604,1639,14243,202
2021-06-23,Sierra,091,2930,63,57,12,69,0
2021-06-23,Siskiyou,093,43540,1964,1892,375,2267,28
2021-06-23,Solano,095,438530,33411,33408,573,33981,267
2021-06-23,Sonoma,097,501317,30927,30959,365,31324,314
2021-06-23,Stanislaus,099,539301,57052,56926,6041,62967,1017
2021-06-23,Sutter,101,95872,9616,9653,91,9744,113
2021-06-23,Tehama,103,63373,5152,5119,595,5714,63
2021-06-23,Trinity,105,12862,493,338,99,437,3
2021-06-23,Tulare,107,460477,50451,49711,9184,58895,850
2021-06-23,Tuolumne,109,53932,4064,4120,41,4161,64
2021-06-23,Ventura,111,848112,81770,81312,3041,84353,1032
2021-06-23,Yolo,113,214977,14179,14161,345,14506,212
2021-06-23,Yuba,115,75493,6210,6190,133,6323,51
2021-06-22,Alameda,001,1643700,89328,89308,1991,91299,1263
2021-06-22,Alpine,003,1148,88,88,0,88,0
2021-06-22,Amador,005,37829,3754,3743,33,3776,46
2021-06-22,Butte,007,227075,12782,12662,1863,14525,198
2021-06-22,Calaveras,009,45235,2198,2198,13,2211,55
2021-06-22,Colusa,011,21464,1965,1971,321,2292,15
2021-06-22,Contra Costa,013,1133247,70936,70480,1331,71811,813
2021-06-22,Del Norte,015,27424,1457,1417,13,1430,8
2021-06-22,El Dorado,017,186661,10455,10380,767,11147,113
2021-06-22,Fresno,019,978130,103431,102996,8799,111795,1724
2021-06-22,Glenn,021,27897,2449,2435,569,3004,19
2021-06-22,Humboldt,023,135768,4491,4483,43,4526,42
2021-06-22,Imperial,025,180216,28777,28880,2766,31646,740
2021-06-22,Inyo,027,18085,1411,1405,14,1419,35
2021-06-22,Kern,029,883053,97888,97013,11173,108186,1342
2021-06-22,Kings,031,150075,23269,23098,1109,24207,245
2021-06-22,Lake,033,64148,3589,3564,13,3577,45
2021-06-22,Lassen,035,31185,5274,5254,117,5371,20
2021-06-22,Los Angeles,037,10098052,1211072,1206146,41941,1248087,24461
2021-06-22,Madera,039,155013,16782,16652,950,17602,240
2021-06-22,Marin,041,260295,14204,14174,267,14441,230
2021-06-22,Mariposa,043,17540,441,439,11,450,5
2021-06-22,Mendocino,045,87422,4167,4072,82,4154,49
2021-06-22,Merced,047,269075,31227,31267,1066,32333,464
2021-06-22,Modoc,049,8938,415,405,146,551,3
2021-06-22,Mono,051,14174,1266,1277,18,1295,3
2021-06-22,Monterey,053,433212,43321,43162,1881,45043,427
2021-06-22,Napa,055,140530,10015,10029,39,10068,80
2021-06-22,Nevada,057,99092,4964,4923,195,5118,72
2021-06-22,Orange,059,3164182,256485,255452,11566,267018,5114
2021-06-22,Placer,061,380077,23797,23603,1550,25153,299
2021-06-22,Plumas,063,18699,720,697,11,708,4
2021-06-22,Riverside,065,2383286,295521,289839,14177,304016,4456
2021-06-22,Sacramento,067,1510023,108111,107801,1832,109633,1670
2021-06-22,San Benito,069,59416,6091,6098,116,6214,63
2021-06-22,San Bernardino,071,2135413,294632,293770,9084,302854,4873
2021-06-22,San Diego,073,3302833,282847,281867,15314,297181,3771
2021-06-22,San Francisco,075,870044,37094,37287,1310,38597,556
2021-06-22,San Joaquin,077,732212,74036,73723,3653,77376,1405
2021-06-22,San Luis Obispo,079,281455,21544,21321,755,22076,257
2021-06-22,San Mateo,081,765935,42720,42725,485,43210,542
2021-06-22,Santa Barbara,083,443738,34603,34500,1144,35644,454
2021-06-22,Santa Clara,085,1922200,119421,120194,784,120978,2095
2021-06-22,Santa Cruz,087,273765,16328,16218,815,17033,209
2021-06-22,Shasta,089,179085,12579,12616,1636,14252,202
2021-06-22,Sierra,091,2930,62,57,12,69,0
2021-06-22,Siskiyou,093,43540,1964,1892,375,2267,28
2021-06-22,Solano,095,438530,33393,33397,572,33969,267
2021-06-22,Sonoma,097,501317,30887,30933,365,31298,314
2021-06-22,Stanislaus,099,539301,57036,56915,6039,62954,1017
2021-06-22,Sutter,101,95872,9609,9649,91,9740,113
2021-06-22,Tehama,103,63373,5150,5118,594,5712,63
2021-06-22,Trinity,105,12862,491,337,99,436,3
2021-06-22,Tulare,107,460477,50441,49706,9179,58885,850
2021-06-22,Tuolumne,109,53932,4062,4119,41,4160,64
2021-06-22,Ventura,111,848112,81756,81300,3040,84340,1032
2021-06-22,Yolo,113,214977,14174,14157,343,14500,212
2021-06-22,Yuba,115,75493,6206,6181,133,6314,51
2021-06-21,Alameda,001,1643700,89271,89281,1990,91271,1262
2021-06-21,Alpine,003,1148,88,88,0,88,0
2021-06-21,Amador,005,37829,3748,3742,33,3775,46
2021-06-21,Butte,007,227075,12776,12668,1861,14529,195
2021-06-21,Calaveras,009,45235,2196,2194,13,2207,55
2021-06-21,Colusa,011,21464,1964,1970,320,2290,15
2021-06-21,Contra Costa,013,1133247,70865,70439,1329,71768,813
2021-06-21,Del Norte,015,27424,1453,1416,13,1429,8
2021-06-21,El Dorado,017,186661,10449,10375,766,11141,113
2021-06-21,Fresno,019,978130,103411,102971,8796,111767,1724
2021-06-21,Glenn,021,27897,2448,2433,569,3002,19
2021-06-21,Humboldt,023,135768,4482,4478,42,4520,42
2021-06-21,Imperial,025,180216,28773,28855,2766,31621,740
2021-06-21,Inyo,027,18085,1410,1405,14,1419,35
2021-06-21,Kern,029,883053,97859,96995,11164,108159,1342
2021-06-21,Kings,031,150075,23262,23091,1106,24197,245
2021-06-21,Lake,033,64148,3583,3563,13,3576,45
2021-06-21,Lassen,035,31185,5272,5233,117,5350,19
2021-06-21,Los Angeles,037,10098052,1210780,1205994,41920,1247914,24459
2021-06-21,Madera,039,155013,16773,16647,950,17597,240
2021-06-21,Marin,041,260295,14200,14173,267,14440,230
2021-06-21,Mariposa,043,17540,441,439,11,450,5
2021-06-21,Mendocino,045,87422,4164,4085,82,4167,49
2021-06-21,Merced,047,269075,31217,31264,1065,32329,465
2021-06-21,Modoc,049,8938,415,405,146,551,3
2021-06-21,Mono,051,14174,1266,1277,18,1295,3
2021-06-21,Monterey,053,433212,43318,43157,1881,45038,427
2021-06-21,Napa,055,140530,10010,10028,39,10067,80
2021-06-21,Nevada,057,99092,4960,4921,195,5116,72
2021-06-21,Orange,059,3164182,256412,255400,11559,266959,5113
2021-06-21,Placer,061,380077,23773,23577,1550,25127,298
2021-06-21,Plumas,063,18699,718,697,11,708,4
2021-06-21,Riverside,065,2383286,295445,289797,14172,303969,4456
2021-06-21,Sacramento,067,1510023,107999,107757,1831,109588,1669
2021-06-21,San Benito,069,59416,6087,6098,116,6214,63
2021-06-21,San Bernardino,071,2135413,294545,293736,9080,302816,4850
2021-06-21,San Diego,073,3302833,282742,281811,15294,297105,3771
2021-06-21,San Francisco,075,870044,37078,37275,1309,38584,556
2021-06-21,San Joaquin,077,732212,73995,73687,3652,77339,1405
2021-06-21,San Luis Obispo,079,281455,21535,21316,755,22071,257
2021-06-21,San Mateo,081,765935,42704,42685,484,43169,542
2021-06-21,Santa Barbara,083,443738,34598,34492,1144,35636,455
2021-06-21,Santa Clara,085,1922200,119388,120192,783,120975,2093
2021-06-21,Santa Cruz,087,273765,16326,16212,815,17027,208
2021-06-21,Shasta,089,179085,12566,12617,1633,14250,201
2021-06-21,Sierra,091,2930,62,57,12,69,0
2021-06-21,Siskiyou,093,43540,1964,1892,375,2267,27
2021-06-21,Solano,095,438530,33370,33383,571,33954,266
2021-06-21,Sonoma,097,501317,30864,30912,365,31277,314
2021-06-21,Stanislaus,099,539301,57006,56891,6034,62925,1017
2021-06-21,Sutter,101,95872,9606,9649,91,9740,113
2021-06-21,Tehama,103,63373,5150,5115,593,5708,63
2021-06-21,Trinity,105,12862,491,337,99,436,3
2021-06-21,Tulare,107,460477,50430,49689,9175,58864,849
2021-06-21,Tuolumne,109,53932,4058,4119,41,4160,63
2021-06-21,Ventura,111,848112,81728,81291,3036,84327,1031
2021-06-21,Yolo,113,214977,14168,14165,343,14508,212
2021-06-21,Yuba,115,75493,6205,6172,133,6305,51
2021-06-20,Alameda,001,1643700,89206,89255,1989,91244,1263
2021-06-20,Alpine,003,1148,88,88,0,88,0
2021-06-20,Amador,005,37829,3745,3740,33,3773,46
2021-06-20,Butte,007,227075,12769,12668,1860,14528,194
2021-06-20,Calaveras,009,45235,2195,2193,13,2206,55
2021-06-20,Colusa,011,21464,1964,1970,320,2290,15
2021-06-20,Contra Costa,013,1133247,70808,70401,1327,71728,813
2021-06-20,Del Norte,015,27424,1449,1416,13,1429,8
2021-06-20,El Dorado,017,186661,10435,10372,763,11135,113
2021-06-20,Fresno,019,978130,103370,102947,8793,111740,1724
2021-06-20,Glenn,021,27897,2448,2434,569,3003,19
2021-06-20,Humboldt,023,135768,4476,4472,42,4514,42
2021-06-20,Imperial,025,180216,28764,28855,2766,31621,740
2021-06-20,Inyo,027,18085,1409,1405,14,1419,35
2021-06-20,Kern,029,883053,97838,96985,11153,108138,1342
2021-06-20,Kings,031,150075,23257,23088,1104,24192,245
2021-06-20,Lake,033,64148,3581,3563,13,3576,45
2021-06-20,Lassen,035,31185,5269,5230,117,5347,19
2021-06-20,Los Angeles,037,10098052,1210481,1205874,41912,1247786,24456
2021-06-20,Madera,039,155013,16765,16638,948,17586,240
2021-06-20,Marin,041,260295,14197,14166,267,14433,230
2021-06-20,Mariposa,043,17540,439,439,11,450,5
2021-06-20,Mendocino,045,87422,4157,4080,82,4162,49
2021-06-20,Merced,047,269075,31204,31265,1065,32330,465
2021-06-20,Modoc,049,8938,415,405,146,551,3
2021-06-20,Mono,051,14174,1266,1275,18,1293,3
2021-06-20,Monterey,053,433212,43309,43156,1880,45036,427
2021-06-20,Napa,055,140530,10003,10026,38,10064,80
2021-06-20,Nevada,057,99092,4953,4919,195,5114,72
2021-06-20,Orange,059,3164182,256348,255377,11548,266925,5113
2021-06-20,Placer,061,380077,23739,23562,1546,25108,298
2021-06-20,Plumas,063,18699,717,697,11,708,4
2021-06-20,Riverside,065,2383286,295366,289770,14161,303931,4456
2021-06-20,Sacramento,067,1510023,107888,107700,1828,109528,1669
2021-06-20,San Benito,069,59416,6087,6098,116,6214,63
2021-06-20,San Bernardino,071,2135413,294445,293713,9076,302789,4845
2021-06-20,San Diego,073,3302833,282636,281750,15272,297022,3771
2021-06-20,San Francisco,075,870044,37055,37269,1309,38578,556
2021-06-20,San Joaquin,077,732212,73950,73676,3643,77319,1405
2021-06-20,San Luis Obispo,079,281455,21533,21313,755,22068,257
2021-06-20,San Mateo,081,765935,42675,42681,484,43165,542
2021-06-20,Santa Barbara,083,443738,34589,34487,1144,35631,455
2021-06-20,Santa Clara,085,1922200,119353,120163,783,120946,2093
2021-06-20,Santa Cruz,087,273765,16320,16210,815,17025,208
2021-06-20,Shasta,089,179085,12561,12617,1631,14248,201
2021-06-20,Sierra,091,2930,62,57,12,69,0
2021-06-20,Siskiyou,093,43540,1963,1891,375,2266,27
2021-06-20,Solano,095,438530,33348,33361,569,33930,266
2021-06-20,Sonoma,097,501317,30817,30884,362,31246,314
2021-06-20,Stanislaus,099,539301,56975,56868,6033,62901,1017
2021-06-20,Sutter,101,95872,9603,9645,91,9736,113
2021-06-20,Tehama,103,63373,5146,5115,593,5708,63
2021-06-20,Trinity,105,12862,491,337,99,436,3
2021-06-20,Tulare,107,460477,50421,49685,9173,58858,849
2021-06-20,Tuolumne,109,53932,4055,4117,41,4158,63
2021-06-20,Ventura,111,848112,81712,81282,3034,84316,1031
2021-06-20,Yolo,113,214977,14161,14160,343,14503,212
2021-06-20,Yuba,115,75493,6198,6167,133,6300,51
2021-06-19,Alameda,001,1643700,89171,89202,1989,91191,1263
2021-06-19,Alpine,003,1148,88,88,0,88,0
2021-06-19,Amador,005,37829,3743,3739,33,3772,46
2021-06-19,Butte,007,227075,12765,12659,1860,14519,194
2021-06-19,Calaveras,009,45235,2195,2192,13,2205,55
2021-06-19,Colusa,011,21464,1964,1969,320,2289,15
2021-06-19,Contra Costa,013,1133247,70777,70334,1326,71660,813
2021-06-19,Del Norte,015,27424,1448,1416,13,1429,8
2021-06-19,El Dorado,017,186661,10434,10363,762,11125,113
2021-06-19,Fresno,019,978130,103357,102922,8790,111712,1724
2021-06-19,Glenn,021,27897,2447,2434,568,3002,19
2021-06-19,Humboldt,023,135768,4465,4463,42,4505,42
2021-06-19,Imperial,025,180216,28763,28813,2766,31579,740
2021-06-19,Inyo,027,18085,1409,1405,14,1419,35
2021-06-19,Kern,029,883053,97822,96966,11149,108115,1342
2021-06-19,Kings,031,150075,23254,23086,1104,24190,245
2021-06-19,Lake,033,64148,3577,3563,13,3576,45
2021-06-19,Lassen,035,31185,5268,5225,117,5342,19
2021-06-19,Los Angeles,037,10098052,1210281,1205602,41897,1247499,24454
2021-06-19,Madera,039,155013,16763,16632,948,17580,240
2021-06-19,Marin,041,260295,14189,14152,267,14419,230
2021-06-19,Mariposa,043,17540,439,439,11,450,5
2021-06-19,Mendocino,045,87422,4151,4077,82,4159,49
2021-06-19,Merced,047,269075,31202,31256,1065,32321,465
2021-06-19,Modoc,049,8938,414,402,146,548,3
2021-06-19,Mono,051,14174,1266,1275,18,1293,3
2021-06-19,Monterey,053,433212,43303,43153,1880,45033,427
2021-06-19,Napa,055,140530,9999,10025,38,10063,80
2021-06-19,Nevada,057,99092,4948,4910,195,5105,72
2021-06-19,Orange,059,3164182,256301,255329,11545,266874,5112
2021-06-19,Placer,061,380077,23723,23537,1543,25080,298
2021-06-19,Plumas,063,18699,716,697,11,708,4
2021-06-19,Riverside,065,2383286,295320,289720,14161,303881,4456
2021-06-19,Sacramento,067,1510023,107842,107631,1825,109456,1669
2021-06-19,San Benito,069,59416,6086,6098,116,6214,63
2021-06-19,San Bernardino,071,2135413,294401,293673,9073,302746,4844
2021-06-19,San Diego,073,3302833,282576,281682,15258,296940,3771
2021-06-19,San Francisco,075,870044,37042,37256,1309,38565,556
2021-06-19,San Joaquin,077,732212,73934,73652,3639,77291,1405
2021-06-19,San Luis Obispo,079,281455,21531,21308,755,22063,257
2021-06-19,San Mateo,081,765935,42657,42646,482,43128,542
2021-06-19,Santa Barbara,083,443738,34587,34472,1144,35616,455
2021-06-19,Santa Clara,085,1922200,119330,120110,782,120892,2093
2021-06-19,Santa Cruz,087,273765,16315,16206,815,17021,208
2021-06-19,Shasta,089,179085,12559,12615,1630,14245,201
2021-06-19,Sierra,091,2930,62,57,12,69,0
2021-06-19,Siskiyou,093,43540,1963,1891,374,2265,27
2021-06-19,Solano,095,438530,33338,33341,568,33909,266
2021-06-19,Sonoma,097,501317,30776,30841,361,31202,314
2021-06-19,Stanislaus,099,539301,56956,56847,6030,62877,1017
2021-06-19,Sutter,101,95872,9600,9645,91,9736,113
2021-06-19,Tehama,103,63373,5145,5115,593,5708,63
2021-06-19,Trinity,105,12862,491,337,99,436,3
2021-06-19,Tulare,107,460477,50414,49681,9168,58849,849
2021-06-19,Tuolumne,109,53932,4055,4117,41,4158,63
2021-06-19,Ventura,111,848112,81699,81270,3033,84303,1031
2021-06-19,Yolo,113,214977,14157,14156,342,14498,212
2021-06-19,Yuba,115,75493,6197,6157,133,6290,51
2021-06-18,Alameda,001,1643700,89134,89123,1989,91112,1263
2021-06-18,Alpine,003,1148,88,88,0,88,0
2021-06-18,Amador,005,37829,3743,3739,33,3772,46
2021-06-18,Butte,007,227075,12762,12653,1857,14510,194
2021-06-18,Calaveras,009,45235,2195,2191,13,2204,55
2021-06-18,Colusa,011,21464,1963,1969,320,2289,15
2021-06-18,Contra Costa,013,1133247,70735,70271,1324,71595,813
2021-06-18,Del Norte,015,27424,1448,1415,13,1428,8
2021-06-18,El Dorado,017,186661,10431,10348,760,11108,113
2021-06-18,Fresno,019,978130,103341,102894,8788,111682,1722
2021-06-18,Glenn,021,27897,2446,2430,568,2998,19
2021-06-18,Humboldt,023,135768,4457,4450,42,4492,42
2021-06-18,Imperial,025,180216,28761,28809,2766,31575,740
2021-06-18,Inyo,027,18085,1409,1405,14,1419,35
2021-06-18,Kern,029,883053,97811,96948,11143,108091,1341
2021-06-18,Kings,031,150075,23249,23082,1104,24186,245
2021-06-18,Lake,033,64148,3573,3563,13,3576,45
2021-06-18,Lassen,035,31185,5267,5224,117,5341,19
2021-06-18,Los Angeles,037,10098052,1210124,1205472,41880,1247352,24451
2021-06-18,Madera,039,155013,16757,16625,948,17573,241
2021-06-18,Marin,041,260295,14186,14147,267,14414,230
2021-06-18,Mariposa,043,17540,439,439,11,450,5
2021-06-18,Mendocino,045,87422,4146,4068,82,4150,49
2021-06-18,Merced,047,269075,31200,31262,1065,32327,464
2021-06-18,Modoc,049,8938,414,402,146,548,3
2021-06-18,Mono,051,14174,1265,1275,17,1292,3
2021-06-18,Monterey,053,433212,43300,43148,1880,45028,427
2021-06-18,Napa,055,140530,9995,10021,38,10059,80
2021-06-18,Nevada,057,99092,4940,4903,195,5098,72
2021-06-18,Orange,059,3164182,256264,255274,11542,266816,5108
2021-06-18,Placer,061,380077,23715,23500,1540,25040,298
2021-06-18,Plumas,063,18699,716,697,11,708,4
2021-06-18,Riverside,065,2383286,295272,289676,14160,303836,4457
2021-06-18,Sacramento,067,1510023,107794,107570,1825,109395,1669
2021-06-18,San Benito,069,59416,6085,6097,116,6213,63
2021-06-18,San Bernardino,071,2135413,294356,293629,9069,302698,4826
2021-06-18,San Diego,073,3302833,282500,281608,15247,296855,3771
2021-06-18,San Francisco,075,870044,37033,37246,1309,38555,556
2021-06-18,San Joaquin,077,732212,73916,73623,3637,77260,1403
2021-06-18,San Luis Obispo,079,281455,21527,21301,754,22055,257
2021-06-18,San Mateo,081,765935,42646,42630,481,43111,542
2021-06-18,Santa Barbara,083,443738,34577,34469,1144,35613,455
2021-06-18,Santa Clara,085,1922200,119309,120081,780,120861,2093
2021-06-18,Santa Cruz,087,273765,16311,16202,815,17017,208
2021-06-18,Shasta,089,179085,12555,12607,1628,14235,201
2021-06-18,Sierra,091,2930,61,57,12,69,0
2021-06-18,Siskiyou,093,43540,1963,1890,374,2264,27
2021-06-18,Solano,095,438530,33324,33323,568,33891,266
2021-06-18,Sonoma,097,501317,30758,30816,360,31176,313
2021-06-18,Stanislaus,099,539301,56941,56803,6028,62831,1012
2021-06-18,Sutter,101,95872,9597,9643,91,9734,113
2021-06-18,Tehama,103,63373,5143,5114,593,5707,63
2021-06-18,Trinity,105,12862,491,337,98,435,3
2021-06-18,Tulare,107,460477,50412,49664,9161,58825,849
2021-06-18,Tuolumne,109,53932,4053,4116,41,4157,63
2021-06-18,Ventura,111,848112,81689,81256,3028,84284,1031
2021-06-18,Yolo,113,214977,14154,14148,340,14488,212
2021-06-18,Yuba,115,75493,6191,6150,133,6283,51
2021-06-17,Alameda,001,1643700,89087,89087,1989,91076,1262
2021-06-17,Alpine,003,1148,88,88,0,88,0
2021-06-17,Amador,005,37829,3741,3731,33,3764,46
2021-06-17,Butte,007,227075,12752,12644,1856,14500,194
2021-06-17,Calaveras,009,45235,2194,2189,13,2202,55
2021-06-17,Colusa,011,21464,1962,1969,320,2289,15
2021-06-17,Contra Costa,013,1133247,70696,70190,1320,71510,810
2021-06-17,Del Norte,015,27424,1446,1413,13,1426,8
2021-06-17,El Dorado,017,186661,10421,10341,760,11101,113
2021-06-17,Fresno,019,978130,103315,102867,8784,111651,1722
2021-06-17,Glenn,021,27897,2446,2430,568,2998,19
2021-06-17,Humboldt,023,135768,4448,4438,42,4480,42
2021-06-17,Imperial,025,180216,28753,28801,2766,31567,741
2021-06-17,Inyo,027,18085,1409,1405,14,1419,35
2021-06-17,Kern,029,883053,97796,96840,11137,107977,1340
2021-06-17,Kings,031,150075,23245,23078,1103,24181,245
2021-06-17,Lake,033,64148,3570,3563,9,3572,45
2021-06-17,Lassen,035,31185,5263,5223,117,5340,19
2021-06-17,Los Angeles,037,10098052,1209912,1205301,41851,1247152,24444
2021-06-17,Madera,039,155013,16752,16618,948,17566,241
2021-06-17,Marin,041,260295,14186,14141,267,14408,229
2021-06-17,Mariposa,043,17540,439,439,11,450,5
2021-06-17,Mendocino,045,87422,4139,4054,82,4136,49
2021-06-17,Merced,047,269075,31195,31262,1065,32327,464
2021-06-17,Modoc,049,8938,413,401,146,547,3
2021-06-17,Mono,051,14174,1264,1275,17,1292,3
2021-06-17,Monterey,053,433212,43292,43140,1880,45020,416
2021-06-17,Napa,055,140530,9995,10014,38,10052,80
2021-06-17,Nevada,057,99092,4936,4898,195,5093,72
2021-06-17,Orange,059,3164182,256218,255240,11531,266771,5109
2021-06-17,Placer,061,380077,23699,23461,1538,24999,298
2021-06-17,Plumas,063,18699,715,697,11,708,4
2021-06-17,Riverside,065,2383286,295218,289627,14158,303785,4458
2021-06-17,Sacramento,067,1510023,107730,107492,1823,109315,1666
2021-06-17,San Benito,069,59416,6085,6097,116,6213,63
2021-06-17,San Bernardino,071,2135413,294315,293560,9069,302629,4811
2021-06-17,San Diego,073,3302833,282424,281531,15233,296764,3771
2021-06-17,San Francisco,075,870044,37022,37243,1308,38551,556
2021-06-17,San Joaquin,077,732212,73893,73560,3632,77192,1403
2021-06-17,San Luis Obispo,079,281455,21525,21297,754,22051,257
2021-06-17,San Mateo,081,765935,42640,42615,481,43096,542
2021-06-17,Santa Barbara,083,443738,34571,34466,1144,35610,453
2021-06-17,Santa Clara,085,1922200,119284,120032,779,120811,2093
2021-06-17,Santa Cruz,087,273765,16307,16197,815,17012,208
2021-06-17,Shasta,089,179085,12547,12597,1628,14225,201
2021-06-17,Sierra,091,2930,61,56,12,68,0
2021-06-17,Siskiyou,093,43540,1962,1889,374,2263,27
2021-06-17,Solano,095,438530,33303,33296,567,33863,266
2021-06-17,Sonoma,097,501317,30727,30793,360,31153,323
2021-06-17,Stanislaus,099,539301,56910,56752,6023,62775,1012
2021-06-17,Sutter,101,95872,9594,9629,91,9720,113
2021-06-17,Tehama,103,63373,5142,5112,591,5703,63
2021-06-17,Trinity,105,12862,490,337,98,435,3
2021-06-17,Tulare,107,460477,50407,49649,9153,58802,849
2021-06-17,Tuolumne,109,53932,4052,4116,41,4157,63
2021-06-17,Ventura,111,848112,81680,81248,3025,84273,1030
2021-06-17,Yolo,113,214977,14146,14141,340,14481,212
2021-06-17,Yuba,115,75493,6182,6140,133,6273,51
2021-06-16,Alameda,001,1643700,89038,89045,1988,91033,1265
2021-06-16,Alpine,003,1148,88,88,0,88,0
2021-06-16,Amador,005,37829,3740,3730,33,3763,46
2021-06-16,Butte,007,227075,12750,12635,1854,14489,194
2021-06-16,Calaveras,009,45235,2192,2188,13,2201,55
2021-06-16,Colusa,011,21464,1962,1967,320,2287,15
2021-06-16,Contra Costa,013,1133247,70644,70136,1319,71455,810
2021-06-16,Del Norte,015,27424,1443,1413,13,1426,8
2021-06-16,El Dorado,017,186661,10415,10334,759,11093,113
2021-06-16,Fresno,019,978130,103285,102842,8780,111622,1722
2021-06-16,Glenn,021,27897,2446,2430,568,2998,19
2021-06-16,Humboldt,023,135768,4439,4427,41,4468,42
2021-06-16,Imperial,025,180216,28750,28796,2766,31562,741
2021-06-16,Inyo,027,18085,1408,1405,14,1419,35
2021-06-16,Kern,029,883053,97774,96789,11130,107919,1339
2021-06-16,Kings,031,150075,23244,23072,1102,24174,245
2021-06-16,Lake,033,64148,3570,3562,9,3571,45
2021-06-16,Lassen,035,31185,5260,5216,117,5333,19
2021-06-16,Los Angeles,037,10098052,1209689,1205102,41840,1246942,24439
2021-06-16,Madera,039,155013,16748,16603,948,17551,240
2021-06-16,Marin,041,260295,14184,14137,267,14404,229
2021-06-16,Mariposa,043,17540,439,437,11,448,5
2021-06-16,Mendocino,045,87422,4131,4041,82,4123,49
2021-06-16,Merced,047,269075,31187,31250,1065,32315,463
2021-06-16,Modoc,049,8938,412,383,145,528,3
2021-06-16,Mono,051,14174,1264,1275,17,1292,3
2021-06-16,Monterey,053,433212,43289,43122,1880,45002,416
2021-06-16,Napa,055,140530,9991,10011,38,10049,80
2021-06-16,Nevada,057,99092,4931,4894,195,5089,72
2021-06-16,Orange,059,3164182,256164,255188,11523,266711,5109
2021-06-16,Placer,061,380077,23689,23425,1534,24959,298
2021-06-16,Plumas,063,18699,715,697,11,708,4
2021-06-16,Riverside,065,2383286,295157,289539,14156,303695,4457
2021-06-16,Sacramento,067,1510023,107660,107422,1819,109241,1665
2021-06-16,San Benito,069,59416,6085,6090,116,6206,63
2021-06-16,San Bernardino,071,2135413,294266,293499,9067,302566,4797
2021-06-16,San Diego,073,3302833,282345,281423,15220,296643,3770
2021-06-16,San Francisco,075,870044,37009,37222,1306,38528,555
2021-06-16,San Joaquin,077,732212,73854,73530,3628,77158,1399
2021-06-16,San Luis Obispo,079,281455,21520,21294,754,22048,257
2021-06-16,San Mateo,081,765935,42624,42601,481,43082,542
2021-06-16,Santa Barbara,083,443738,34565,34459,1144,35603,460
2021-06-16,Santa Clara,085,1922200,119252,119982,779,120761,2087
2021-06-16,Santa Cruz,087,273765,16304,16187,815,17002,208
2021-06-16,Shasta,089,179085,12542,12592,1627,14219,200
2021-06-16,Sierra,091,2930,61,56,12,68,0
2021-06-16,Siskiyou,093,43540,1961,1886,374,2260,26
2021-06-16,Solano,095,438530,33275,33276,567,33843,266
2021-06-16,Sonoma,097,501317,30691,30741,360,31101,323
2021-06-16,Stanislaus,099,539301,56879,56738,6021,62759,984
2021-06-16,Sutter,101,95872,9590,9620,91,9711,113
2021-06-16,Tehama,103,63373,5140,5106,591,5697,63
2021-06-16,Trinity,105,12862,489,332,98,430,3
2021-06-16,Tulare,107,460477,50402,49578,9149,58727,849
2021-06-16,Tuolumne,109,53932,4052,4110,41,4151,63
2021-06-16,Ventura,111,848112,81666,81229,3023,84252,1029
2021-06-16,Yolo,113,214977,14137,14135,339,14474,212
2021-06-16,Yuba,115,75493,6172,6134,133,6267,51
2021-06-15,Alameda,001,1643700,88995,89008,1988,90996,1262
2021-06-15,Alpine,003,1148,88,88,0,88,0
2021-06-15,Amador,005,37829,3737,3723,33,3756,46
2021-06-15,Butte,007,227075,12742,12620,1853,14473,194
2021-06-15,Calaveras,009,45235,2191,2188,13,2201,55
2021-06-15,Colusa,011,21464,1962,1967,318,2285,15
2021-06-15,Contra Costa,013,1133247,70582,70101,1319,71420,810
2021-06-15,Del Norte,015,27424,1442,1411,13,1424,8
2021-06-15,El Dorado,017,186661,10406,10330,759,11089,113
2021-06-15,Fresno,019,978130,103253,102828,8779,111607,1722
2021-06-15,Glenn,021,27897,2445,2426,568,2994,19
2021-06-15,Humboldt,023,135768,4430,4414,40,4454,42
2021-06-15,Imperial,025,180216,28744,28789,2766,31555,741
2021-06-15,Inyo,027,18085,1408,1405,14,1419,35
2021-06-15,Kern,029,883053,97746,96782,11122,107904,1338
2021-06-15,Kings,031,150075,23238,23070,1100,24170,245
2021-06-15,Lake,033,64148,3569,3559,9,3568,45
2021-06-15,Lassen,035,31185,5259,5211,117,5328,19
2021-06-15,Los Angeles,037,10098052,1209457,1204926,41832,1246758,24435
2021-06-15,Madera,039,155013,16741,16600,947,17547,240
2021-06-15,Marin,041,260295,14176,14135,267,14402,229
2021-06-15,Mariposa,043,17540,439,437,11,448,5
2021-06-15,Mendocino,045,87422,4124,4034,82,4116,49
2021-06-15,Merced,047,269075,31181,31244,1065,32309,461
2021-06-15,Modoc,049,8938,411,383,145,528,3
2021-06-15,Mono,051,14174,1264,1275,17,1292,3
2021-06-15,Monterey,053,433212,43283,43118,1880,44998,416
2021-06-15,Napa,055,140530,9989,10010,38,10048,80
2021-06-15,Nevada,057,99092,4928,4888,195,5083,72
2021-06-15,Orange,059,3164182,256123,255127,11514,266641,5105
2021-06-15,Placer,061,380077,23667,23396,1533,24929,298
2021-06-15,Plumas,063,18699,714,697,11,708,4
2021-06-15,Riverside,065,2383286,295097,289508,14152,303660,4455
2021-06-15,Sacramento,067,1510023,107585,107370,1813,109183,1662
2021-06-15,San Benito,069,59416,6084,6089,116,6205,63
2021-06-15,San Bernardino,071,2135413,294216,293463,9061,302524,4790
2021-06-15,San Diego,073,3302833,282261,281375,15205,296580,3770
2021-06-15,San Francisco,075,870044,37000,37210,1305,38515,555
2021-06-15,San Joaquin,077,732212,73814,73494,3623,77117,1399
2021-06-15,San Luis Obispo,079,281455,21515,21293,753,22046,257
2021-06-15,San Mateo,081,765935,42610,42593,481,43074,543
2021-06-15,Santa Barbara,083,443738,34560,34451,1144,35595,460
2021-06-15,Santa Clara,085,1922200,119214,119963,779,120742,2086
2021-06-15,Santa Cruz,087,273765,16298,16180,814,16994,208
2021-06-15,Shasta,089,179085,12536,12583,1627,14210,201
2021-06-15,Sierra,091,2930,60,55,12,67,0
2021-06-15,Siskiyou,093,43540,1960,1887,374,2261,26
2021-06-15,Solano,095,438530,33256,33264,567,33831,266
2021-06-15,Sonoma,097,501317,30652,30707,359,31066,323
2021-06-15,Stanislaus,099,539301,56851,56724,6018,62742,979
2021-06-15,Sutter,101,95872,9581,9616,91,9707,113
2021-06-15,Tehama,103,63373,5138,5102,591,5693,63
2021-06-15,Trinity,105,12862,488,332,97,429,3
2021-06-15,Tulare,107,460477,50395,49561,9146,58707,848
2021-06-15,Tuolumne,109,53932,4052,4111,41,4152,63
2021-06-15,Ventura,111,848112,81655,81215,3020,84235,1029
2021-06-15,Yolo,113,214977,14133,14127,337,14464,212
2021-06-15,Yuba,115,75493,6161,6130,133,6263,51
2021-06-14,Alameda,001,1643700,88946,88966,1988,90954,1264
2021-06-14,Alpine,003,1148,88,88,0,88,0
2021-06-14,Amador,005,37829,3736,3722,33,3755,46
2021-06-14,Butte,007,227075,12731,12613,1849,14462,194
2021-06-14,Calaveras,009,45235,2190,2190,13,2203,55
2021-06-14,Colusa,011,21464,1961,1966,318,2284,15
2021-06-14,Contra Costa,013,1133247,70529,70069,1317,71386,810
2021-06-14,Del Norte,015,27424,1442,1411,13,1424,8
2021-06-14,El Dorado,017,186661,10397,10327,758,11085,113
2021-06-14,Fresno,019,978130,103231,102812,8777,111589,1719
2021-06-14,Glenn,021,27897,2445,2426,568,2994,19
2021-06-14,Humboldt,023,135768,4422,4407,39,4446,42
2021-06-14,Imperial,025,180216,28732,28836,2766,31602,741
2021-06-14,Inyo,027,18085,1407,1405,14,1419,35
2021-06-14,Kern,029,883053,97726,96760,11112,107872,1337
2021-06-14,Kings,031,150075,23235,23071,1099,24170,245
2021-06-14,Lake,033,64148,3568,3557,9,3566,45
2021-06-14,Lassen,035,31185,5256,5209,116,5325,19
2021-06-14,Los Angeles,037,10098052,1209222,1204748,41822,1246570,24434
2021-06-14,Madera,039,155013,16735,16597,946,17543,240
2021-06-14,Marin,041,260295,14174,14133,267,14400,229
2021-06-14,Mariposa,043,17540,438,437,11,448,5
2021-06-14,Mendocino,045,87422,4118,4028,82,4110,49
2021-06-14,Merced,047,269075,31172,31241,1064,32305,461
2021-06-14,Modoc,049,8938,402,382,143,525,3
2021-06-14,Mono,051,14174,1264,1275,17,1292,3
2021-06-14,Monterey,053,433212,43280,43110,1880,44990,415
2021-06-14,Napa,055,140530,9985,10000,38,10038,80
2021-06-14,Nevada,057,99092,4921,4885,195,5080,72
2021-06-14,Orange,059,3164182,256085,255069,11509,266578,5103
2021-06-14,Placer,061,380077,23642,23379,1532,24911,298
2021-06-14,Plumas,063,18699,714,696,11,707,4
2021-06-14,Riverside,065,2383286,295043,289476,14152,303628,4453
2021-06-14,Sacramento,067,1510023,107531,107334,1808,109142,1661
2021-06-14,San Benito,069,59416,6084,6087,116,6203,63
2021-06-14,San Bernardino,071,2135413,294160,293446,9057,302503,4790
2021-06-14,San Diego,073,3302833,282155,281314,15185,296499,3770
2021-06-14,San Francisco,075,870044,36987,37206,1305,38511,555
2021-06-14,San Joaquin,077,732212,73785,73453,3623,77076,1398
2021-06-14,San Luis Obispo,079,281455,21513,21302,753,22055,256
2021-06-14,San Mateo,081,765935,42597,42619,480,43099,543
2021-06-14,Santa Barbara,083,443738,34557,34449,1144,35593,460
2021-06-14,Santa Clara,085,1922200,119183,119957,778,120735,2085
2021-06-14,Santa Cruz,087,273765,16295,16175,814,16989,208
2021-06-14,Shasta,089,179085,12525,12561,1624,14185,201
2021-06-14,Sierra,091,2930,59,55,12,67,0
2021-06-14,Siskiyou,093,43540,1960,1886,374,2260,26
2021-06-14,Solano,095,438530,33239,33243,566,33809,266
2021-06-14,Sonoma,097,501317,30620,30679,358,31037,323
2021-06-14,Stanislaus,099,539301,56815,56689,6015,62704,975
2021-06-14,Sutter,101,95872,9578,9607,91,9698,112
2021-06-14,Tehama,103,63373,5136,5102,591,5693,63
2021-06-14,Trinity,105,12862,488,332,97,429,3
2021-06-14,Tulare,107,460477,50390,49538,9143,58681,848
2021-06-14,Tuolumne,109,53932,4049,4108,41,4149,63
2021-06-14,Ventura,111,848112,81645,81209,3020,84229,1028
2021-06-14,Yolo,113,214977,14125,14123,337,14460,212
2021-06-14,Yuba,115,75493,6154,6127,133,6260,50
2021-06-13,Alameda,001,1643700,88889,88947,1987,90934,1264
2021-06-13,Alpine,003,1148,87,88,0,88,0
2021-06-13,Amador,005,37829,3732,3721,33,3754,46
2021-06-13,Butte,007,227075,12720,12586,1846,14432,194
2021-06-13,Calaveras,009,45235,2190,2189,13,2202,55
2021-06-13,Colusa,011,21464,1961,1965,317,2282,15
2021-06-13,Contra Costa,013,1133247,70475,70040,1315,71355,810
2021-06-13,Del Norte,015,27424,1440,1412,13,1425,8
2021-06-13,El Dorado,017,186661,10388,10324,758,11082,113
2021-06-13,Fresno,019,978130,103200,102795,8772,111567,1719
2021-06-13,Glenn,021,27897,2444,2425,566,2991,19
2021-06-13,Humboldt,023,135768,4409,4401,39,4440,42
2021-06-13,Imperial,025,180216,28723,28800,2766,31566,741
2021-06-13,Inyo,027,18085,1407,1405,14,1419,35
2021-06-13,Kern,029,883053,97702,96743,11100,107843,1337
2021-06-13,Kings,031,150075,23230,23069,1098,24167,245
2021-06-13,Lake,033,64148,3568,3556,9,3565,45
2021-06-13,Lassen,035,31185,5251,5209,116,5325,19
2021-06-13,Los Angeles,037,10098052,1208959,1204614,41809,1246423,24433
2021-06-13,Madera,039,155013,16721,16590,946,17536,240
2021-06-13,Marin,041,260295,14168,14126,267,14393,229
2021-06-13,Mariposa,043,17540,438,434,11,445,5
2021-06-13,Mendocino,045,87422,4111,4026,82,4108,49
2021-06-13,Merced,047,269075,31166,31240,1063,32303,461
2021-06-13,Modoc,049,8938,400,382,141,523,3
2021-06-13,Mono,051,14174,1264,1275,17,1292,3
2021-06-13,Monterey,053,433212,43272,43108,1880,44988,415
2021-06-13,Napa,055,140530,9979,9995,38,10033,80
2021-06-13,Nevada,057,99092,4916,4883,195,5078,72
2021-06-13,Orange,059,3164182,256030,255043,11506,266549,5103
2021-06-13,Placer,061,380077,23616,23365,1530,24895,295
2021-06-13,Plumas,063,18699,713,696,11,707,4
2021-06-13,Riverside,065,2383286,294976,289447,14149,303596,4453
2021-06-13,Sacramento,067,1510023,107455,107289,1805,109094,1658
2021-06-13,San Benito,069,59416,6084,6086,116,6202,63
2021-06-13,San Bernardino,071,2135413,294109,293416,9052,302468,4788
2021-06-13,San Diego,073,3302833,282076,281268,15169,296437,3770
2021-06-13,San Francisco,075,870044,36974,37197,1305,38502,555
2021-06-13,San Joaquin,077,732212,73749,73438,3621,77059,1398
2021-06-13,San Luis Obispo,079,281455,21507,21298,752,22050,256
2021-06-13,San Mateo,081,765935,42584,42611,480,43091,542
2021-06-13,Santa Barbara,083,443738,34546,34449,1143,35592,460
2021-06-13,Santa Clara,085,1922200,119159,119946,778,120724,2085
2021-06-13,Santa Cruz,087,273765,16288,16172,814,16986,208
2021-06-13,Shasta,089,179085,12516,12560,1623,14183,201
2021-06-13,Sierra,091,2930,59,55,12,67,0
2021-06-13,Siskiyou,093,43540,1959,1885,374,2259,26
2021-06-13,Solano,095,438530,33218,33234,566,33800,266
2021-06-13,Sonoma,097,501317,30585,30663,356,31019,323
2021-06-13,Stanislaus,099,539301,56789,56671,6012,62683,975
2021-06-13,Sutter,101,95872,9571,9603,91,9694,112
2021-06-13,Tehama,103,63373,5134,5100,591,5691,63
2021-06-13,Trinity,105,12862,487,332,97,429,3
2021-06-13,Tulare,107,460477,50381,49537,9138,58675,848
2021-06-13,Tuolumne,109,53932,4047,4107,40,4147,63
2021-06-13,Ventura,111,848112,81631,81201,3020,84221,1028
2021-06-13,Yolo,113,214977,14116,14120,335,14455,212
2021-06-13,Yuba,115,75493,6147,6125,133,6258,50
2021-06-12,Alameda,001,1643700,88862,88901,1987,90888,1271
2021-06-12,Alpine,003,1148,87,88,0,88,0
2021-06-12,Amador,005,37829,3731,3721,33,3754,46
2021-06-12,Butte,007,227075,12716,12576,1846,14422,194
2021-06-12,Calaveras,009,45235,2190,2189,13,2202,55
2021-06-12,Colusa,011,21464,1961,1965,317,2282,15
2021-06-12,Contra Costa,013,1133247,70444,69989,1312,71301,810
2021-06-12,Del Norte,015,27424,1440,1412,13,1425,8
2021-06-12,El Dorado,017,186661,10383,10320,757,11077,113
2021-06-12,Fresno,019,978130,103190,102783,8771,111554,1720
2021-06-12,Glenn,021,27897,2442,2425,566,2991,19
2021-06-12,Humboldt,023,135768,4401,4396,39,4435,42
2021-06-12,Imperial,025,180216,28720,28799,2766,31565,741
2021-06-12,Inyo,027,18085,1407,1405,14,1419,35
2021-06-12,Kern,029,883053,97687,96731,11096,107827,1337
2021-06-12,Kings,031,150075,23228,23067,1098,24165,245
2021-06-12,Lake,033,64148,3567,3552,9,3561,45
2021-06-12,Lassen,035,31185,5251,5208,116,5324,19
2021-06-12,Los Angeles,037,10098052,1208822,1204439,41803,1246242,24434
2021-06-12,Madera,039,155013,16717,16586,946,17532,240
2021-06-12,Marin,041,260295,14165,14121,267,14388,229
2021-06-12,Mariposa,043,17540,438,434,11,445,5
2021-06-12,Mendocino,045,87422,4108,4024,82,4106,49
2021-06-12,Merced,047,269075,31163,31236,1063,32299,461
2021-06-12,Modoc,049,8938,399,382,141,523,3
2021-06-12,Mono,051,14174,1264,1275,17,1292,3
2021-06-12,Monterey,053,433212,43267,43103,1880,44983,415
2021-06-12,Napa,055,140530,9975,9986,38,10024,80
2021-06-12,Nevada,057,99092,4910,4878,195,5073,72
2021-06-12,Orange,059,3164182,255997,255004,11504,266508,5103
2021-06-12,Placer,061,380077,23597,23345,1530,24875,295
2021-06-12,Plumas,063,18699,713,696,11,707,4
2021-06-12,Riverside,065,2383286,294934,289413,14146,303559,4453
2021-06-12,Sacramento,067,1510023,107395,107199,1802,109001,1658
2021-06-12,San Benito,069,59416,6082,6083,116,6199,63
2021-06-12,San Bernardino,071,2135413,294074,293375,9050,302425,4788
2021-06-12,San Diego,073,3302833,282019,281203,15160,296363,3770
2021-06-12,San Francisco,075,870044,36964,37189,1305,38494,555
2021-06-12,San Joaquin,077,732212,73730,73413,3620,77033,1398
2021-06-12,San Luis Obispo,079,281455,21504,21293,752,22045,256
2021-06-12,San Mateo,081,765935,42579,42604,480,43084,542
2021-06-12,Santa Barbara,083,443738,34541,34450,1143,35593,460
2021-06-12,Santa Clara,085,1922200,119119,119894,778,120672,2085
2021-06-12,Santa Cruz,087,273765,16280,16170,814,16984,208
2021-06-12,Shasta,089,179085,12513,12556,1622,14178,201
2021-06-12,Sierra,091,2930,59,55,12,67,0
2021-06-12,Siskiyou,093,43540,1958,1884,374,2258,25
2021-06-12,Solano,095,438530,33209,33219,566,33785,266
2021-06-12,Sonoma,097,501317,30556,30647,356,31003,323
2021-06-12,Stanislaus,099,539301,56772,56649,6011,62660,974
2021-06-12,Sutter,101,95872,9567,9603,91,9694,112
2021-06-12,Tehama,103,63373,5134,5099,590,5689,63
2021-06-12,Trinity,105,12862,487,332,97,429,3
2021-06-12,Tulare,107,460477,50376,49533,9131,58664,848
2021-06-12,Tuolumne,109,53932,4046,4105,40,4145,63
2021-06-12,Ventura,111,848112,81619,81197,3020,84217,1028
2021-06-12,Yolo,113,214977,14113,14118,334,14452,212
2021-06-12,Yuba,115,75493,6142,6120,133,6253,50
2021-06-11,Alameda,001,1643700,88834,88844,1987,90831,1278
2021-06-11,Alpine,003,1148,87,88,0,88,0
2021-06-11,Amador,005,37829,3730,3710,33,3743,46
2021-06-11,Butte,007,227075,12712,12576,1844,14420,194
2021-06-11,Calaveras,009,45235,2190,2188,13,2201,55
2021-06-11,Colusa,011,21464,1960,1964,317,2281,15
2021-06-11,Contra Costa,013,1133247,70411,69940,1310,71250,808
2021-06-11,Del Norte,015,27424,1440,1409,13,1422,8
2021-06-11,El Dorado,017,186661,10380,10316,757,11073,113
2021-06-11,Fresno,019,978130,103171,102770,8770,111540,1720
2021-06-11,Glenn,021,27897,2442,2425,566,2991,19
2021-06-11,Humboldt,023,135768,4397,4389,39,4428,42
2021-06-11,Imperial,025,180216,28715,28793,2766,31559,741
2021-06-11,Inyo,027,18085,1407,1405,14,1419,35
2021-06-11,Kern,029,883053,97675,96718,11093,107811,1340
2021-06-11,Kings,031,150075,23224,23069,1097,24166,245
2021-06-11,Lake,033,64148,3566,3550,9,3559,45
2021-06-11,Lassen,035,31185,5250,5204,116,5320,18
2021-06-11,Los Angeles,037,10098052,1208675,1204259,41788,1246047,24434
2021-06-11,Madera,039,155013,16714,16582,946,17528,240
2021-06-11,Marin,041,260295,14162,14116,267,14383,229
2021-06-11,Mariposa,043,17540,438,434,11,445,5
2021-06-11,Mendocino,045,87422,4105,4022,82,4104,49
2021-06-11,Merced,047,269075,31158,31231,1063,32294,461
2021-06-11,Modoc,049,8938,399,382,140,522,3
2021-06-11,Mono,051,14174,1264,1274,17,1291,3
2021-06-11,Monterey,053,433212,43263,43097,1880,44977,415
2021-06-11,Napa,055,140530,9972,9977,38,10015,80
2021-06-11,Nevada,057,99092,4908,4873,195,5068,72
2021-06-11,Orange,059,3164182,255963,254975,11501,266476,5101
2021-06-11,Placer,061,380077,23592,23330,1530,24860,294
2021-06-11,Plumas,063,18699,713,696,11,707,4
2021-06-11,Riverside,065,2383286,294896,289376,14141,303517,4451
2021-06-11,Sacramento,067,1510023,107335,107119,1801,108920,1659
2021-06-11,San Benito,069,59416,6081,6082,116,6198,63
2021-06-11,San Bernardino,071,2135413,294038,293335,9046,302381,4788
2021-06-11,San Diego,073,3302833,281979,281144,15153,296297,3768
2021-06-11,San Francisco,075,870044,36959,37177,1305,38482,555
2021-06-11,San Joaquin,077,732212,73713,73347,3617,76964,1397
2021-06-11,San Luis Obispo,079,281455,21503,21288,752,22040,256
2021-06-11,San Mateo,081,765935,42565,42585,480,43065,542
2021-06-11,Santa Barbara,083,443738,34538,34438,1143,35581,460
2021-06-11,Santa Clara,085,1922200,119099,119860,778,120638,2083
2021-06-11,Santa Cruz,087,273765,16272,16164,814,16978,208
2021-06-11,Shasta,089,179085,12505,12550,1620,14170,201
2021-06-11,Sierra,091,2930,59,55,12,67,0
2021-06-11,Siskiyou,093,43540,1957,1882,374,2256,25
2021-06-11,Solano,095,438530,33189,33179,565,33744,266
2021-06-11,Sonoma,097,501317,30538,30624,356,30980,323
2021-06-11,Stanislaus,099,539301,56746,56617,6007,62624,974
2021-06-11,Sutter,101,95872,9564,9600,90,9690,112
2021-06-11,Tehama,103,63373,5133,5099,590,5689,63
2021-06-11,Trinity,105,12862,487,331,97,428,3
2021-06-11,Tulare,107,460477,50370,49516,9130,58646,848
2021-06-11,Tuolumne,109,53932,4043,4104,40,4144,63
2021-06-11,Ventura,111,848112,81609,81189,3020,84209,1026
2021-06-11,Yolo,113,214977,14106,14111,330,14441,212
2021-06-11,Yuba,115,75493,6138,6113,133,6246,50
2021-06-10,Alameda,001,1643700,88790,88806,1986,90792,1275
2021-06-10,Alpine,003,1148,87,88,0,88,0
2021-06-10,Amador,005,37829,3726,3709,33,3742,46
2021-06-10,Butte,007,227075,12695,12565,1844,14409,194
2021-06-10,Calaveras,009,45235,2189,2188,13,2201,55
2021-06-10,Colusa,011,21464,1958,1964,317,2281,15
2021-06-10,Contra Costa,013,1133247,70357,69876,1310,71186,807
2021-06-10,Del Norte,015,27424,1440,1405,13,1418,8
2021-06-10,El Dorado,017,186661,10373,10314,753,11067,113
2021-06-10,Fresno,019,978130,103145,102724,8769,111493,1717
2021-06-10,Glenn,021,27897,2442,2425,566,2991,19
2021-06-10,Humboldt,023,135768,4389,4384,39,4423,42
2021-06-10,Imperial,025,180216,28709,28779,2766,31545,739
2021-06-10,Inyo,027,18085,1407,1405,14,1419,35
2021-06-10,Kern,029,883053,97661,96706,11088,107794,1336
2021-06-10,Kings,031,150075,23223,23067,1097,24164,245
2021-06-10,Lake,033,64148,3561,3550,9,3559,45
2021-06-10,Lassen,035,31185,5248,5201,116,5317,18
2021-06-10,Los Angeles,037,10098052,1208510,1204110,41771,1245881,24440
2021-06-10,Madera,039,155013,16707,16581,945,17526,240
2021-06-10,Marin,041,260295,14159,14118,267,14385,229
2021-06-10,Mariposa,043,17540,436,434,11,445,5
2021-06-10,Mendocino,045,87422,4100,4016,82,4098,48
2021-06-10,Merced,047,269075,31150,31231,1060,32291,461
2021-06-10,Modoc,049,8938,398,381,140,521,3
2021-06-10,Mono,051,14174,1263,1274,17,1291,3
2021-06-10,Monterey,053,433212,43257,43090,1880,44970,415
2021-06-10,Napa,055,140530,9971,9974,38,10012,80
2021-06-10,Nevada,057,99092,4903,4866,195,5061,72
2021-06-10,Orange,059,3164182,255933,254950,11494,266444,5097
2021-06-10,Placer,061,380077,23579,23296,1530,24826,293
2021-06-10,Plumas,063,18699,713,696,11,707,4
2021-06-10,Riverside,065,2383286,294854,289335,14136,303471,4450
2021-06-10,Sacramento,067,1510023,107273,107049,1801,108850,1658
2021-06-10,San Benito,069,59416,6081,6079,116,6195,63
2021-06-10,San Bernardino,071,2135413,293997,293281,9043,302324,4782
2021-06-10,San Diego,073,3302833,281921,281052,15136,296188,3766
2021-06-10,San Francisco,075,870044,36949,37159,1303,38462,552
2021-06-10,San Joaquin,077,732212,73679,73276,3616,76892,1393
2021-06-10,San Luis Obispo,079,281455,21500,21280,752,22032,256
2021-06-10,San Mateo,081,765935,42558,42562,480,43042,666
2021-06-10,Santa Barbara,083,443738,34534,34434,1143,35577,460
2021-06-10,Santa Clara,085,1922200,119064,119832,777,120609,2075
2021-06-10,Santa Cruz,087,273765,16271,16159,814,16973,208
2021-06-10,Shasta,089,179085,12495,12536,1619,14155,201
2021-06-10,Sierra,091,2930,58,55,12,67,0
2021-06-10,Siskiyou,093,43540,1957,1881,374,2255,25
2021-06-10,Solano,095,438530,33172,33150,564,33714,265
2021-06-10,Sonoma,097,501317,30503,30571,354,30925,323
2021-06-10,Stanislaus,099,539301,56725,56588,6003,62591,974
2021-06-10,Sutter,101,95872,9557,9594,90,9684,112
2021-06-10,Tehama,103,63373,5133,5096,590,5686,63
2021-06-10,Trinity,105,12862,487,331,97,428,3
2021-06-10,Tulare,107,460477,50362,49503,9130,58633,848
2021-06-10,Tuolumne,109,53932,4043,4100,40,4140,63
2021-06-10,Ventura,111,848112,81598,81172,3019,84191,1026
2021-06-10,Yolo,113,214977,14103,14107,330,14437,212
2021-06-10,Yuba,115,75493,6134,6112,133,6245,50
2021-06-09,Alameda,001,1643700,88747,88762,1985,90747,1271
2021-06-09,Alpine,003,1148,87,88,0,88,0
2021-06-09,Amador,005,37829,3722,3706,33,3739,46
2021-06-09,Butte,007,227075,12689,12555,1842,14397,194
2021-06-09,Calaveras,009,45235,2187,2184,13,2197,55
2021-06-09,Colusa,011,21464,1958,1962,316,2278,15
2021-06-09,Contra Costa,013,1133247,70320,69829,1309,71138,803
2021-06-09,Del Norte,015,27424,1436,1403,13,1416,8
2021-06-09,El Dorado,017,186661,10370,10312,752,11064,113
2021-06-09,Fresno,019,978130,103125,102690,8765,111455,1717
2021-06-09,Glenn,021,27897,2441,2424,566,2990,19
2021-06-09,Humboldt,023,135768,4384,4379,38,4417,42
2021-06-09,Imperial,025,180216,28706,28754,2766,31520,739
2021-06-09,Inyo,027,18085,1407,1405,14,1419,35
2021-06-09,Kern,029,883053,97647,96697,11079,107776,1328
2021-06-09,Kings,031,150075,23221,23061,1097,24158,245
2021-06-09,Lake,033,64148,3558,3541,9,3550,45
2021-06-09,Lassen,035,31185,5247,5200,116,5316,18
2021-06-09,Los Angeles,037,10098052,1208325,1203955,41758,1245713,24432
2021-06-09,Madera,039,155013,16702,16580,945,17525,240
2021-06-09,Marin,041,260295,14154,14114,267,14381,229
2021-06-09,Mariposa,043,17540,436,434,11,445,5
2021-06-09,Mendocino,045,87422,4094,4008,82,4090,47
2021-06-09,Merced,047,269075,31146,31225,1060,32285,461
2021-06-09,Modoc,049,8938,396,377,139,516,3
2021-06-09,Mono,051,14174,1263,1274,17,1291,3
2021-06-09,Monterey,053,433212,43250,43082,1880,44962,415
2021-06-09,Napa,055,140530,9965,9971,38,10009,80
2021-06-09,Nevada,057,99092,4893,4863,194,5057,72
2021-06-09,Orange,059,3164182,255889,254893,11490,266383,5080
2021-06-09,Placer,061,380077,23560,23237,1530,24767,293
2021-06-09,Plumas,063,18699,712,697,11,708,4
2021-06-09,Riverside,065,2383286,294808,289299,14134,303433,4450
2021-06-09,Sacramento,067,1510023,107211,106971,1798,108769,1657
2021-06-09,San Benito,069,59416,6078,6078,116,6194,63
2021-06-09,San Bernardino,071,2135413,293955,293222,9043,302265,4782
2021-06-09,San Diego,073,3302833,281857,280941,15124,296065,3765
2021-06-09,San Francisco,075,870044,36936,37143,1302,38445,552
2021-06-09,San Joaquin,077,732212,73653,73232,3615,76847,1392
2021-06-09,San Luis Obispo,079,281455,21499,21259,752,22011,256
2021-06-09,San Mateo,081,765935,42542,42502,478,42980,666
2021-06-09,Santa Barbara,083,443738,34523,34422,1143,35565,460
2021-06-09,Santa Clara,085,1922200,119026,119793,776,120569,2068
2021-06-09,Santa Cruz,087,273765,16268,16155,814,16969,208
2021-06-09,Shasta,089,179085,12485,12521,1617,14138,201
2021-06-09,Sierra,091,2930,57,55,12,67,0
2021-06-09,Siskiyou,093,43540,1956,1871,374,2245,25
2021-06-09,Solano,095,438530,33156,33137,563,33700,264
2021-06-09,Sonoma,097,501317,30481,30540,354,30894,323
2021-06-09,Stanislaus,099,539301,56705,56560,6000,62560,974
2021-06-09,Sutter,101,95872,9548,9586,89,9675,111
2021-06-09,Tehama,103,63373,5132,5093,590,5683,63
2021-06-09,Trinity,105,12862,486,331,97,428,3
2021-06-09,Tulare,107,460477,50358,49496,9128,58624,847
2021-06-09,Tuolumne,109,53932,4040,4100,40,4140,63
2021-06-09,Ventura,111,848112,81588,81154,3018,84172,1026
2021-06-09,Yolo,113,214977,14101,14102,329,14431,212
2021-06-09,Yuba,115,75493,6130,6109,133,6242,50
2021-06-08,Alameda,001,1643700,88699,88731,1985,90716,1267
2021-06-08,Alpine,003,1148,87,88,0,88,0
2021-06-08,Amador,005,37829,3721,3704,33,3737,46
2021-06-08,Butte,007,227075,12683,12540,1840,14380,194
2021-06-08,Calaveras,009,45235,2186,2181,13,2194,55
2021-06-08,Colusa,011,21464,1958,1961,316,2277,15
2021-06-08,Contra Costa,013,1133247,70272,69762,1308,71070,803
2021-06-08,Del Norte,015,27424,1434,1402,13,1415,8
2021-06-08,El Dorado,017,186661,10365,10306,750,11056,113
2021-06-08,Fresno,019,978130,103100,102680,8763,111443,1717
2021-06-08,Glenn,021,27897,2440,2423,566,2989,19
2021-06-08,Humboldt,023,135768,4379,4363,38,4401,42
2021-06-08,Imperial,025,180216,28697,28752,2766,31518,738
2021-06-08,Inyo,027,18085,1407,1405,14,1419,35
2021-06-08,Kern,029,883053,97628,96671,11072,107743,1325
2021-06-08,Kings,031,150075,23220,23036,1097,24133,245
2021-06-08,Lake,033,64148,3557,3540,9,3549,45
2021-06-08,Lassen,035,31185,5247,5200,116,5316,18
2021-06-08,Los Angeles,037,10098052,1208128,1203794,41746,1245540,24426
2021-06-08,Madera,039,155013,16696,16579,944,17523,240
2021-06-08,Marin,041,260295,14152,14111,266,14377,229
2021-06-08,Mariposa,043,17540,436,434,11,445,5
2021-06-08,Mendocino,045,87422,4087,4002,82,4084,47
2021-06-08,Merced,047,269075,31138,31225,1060,32285,461
2021-06-08,Modoc,049,8938,390,377,138,515,3
2021-06-08,Mono,051,14174,1263,1274,17,1291,3
2021-06-08,Monterey,053,433212,43244,43078,1879,44957,415
2021-06-08,Napa,055,140530,9961,9962,38,10000,80
2021-06-08,Nevada,057,99092,4888,4861,194,5055,72
2021-06-08,Orange,059,3164182,255847,254852,11483,266335,5078
2021-06-08,Placer,061,380077,23542,23209,1526,24735,293
2021-06-08,Plumas,063,18699,712,692,11,703,4
2021-06-08,Riverside,065,2383286,294772,289268,14126,303394,4452
2021-06-08,Sacramento,067,1510023,107149,106901,1795,108696,1654
2021-06-08,San Benito,069,59416,6076,6076,116,6192,63
2021-06-08,San Bernardino,071,2135413,293906,293186,9039,302225,4778
2021-06-08,San Diego,073,3302833,281794,280879,15115,295994,3764
2021-06-08,San Francisco,075,870044,36921,37134,1301,38435,552
2021-06-08,San Joaquin,077,732212,73609,73186,3610,76796,1390
2021-06-08,San Luis Obispo,079,281455,21493,21251,751,22002,255
2021-06-08,San Mateo,081,765935,42529,42488,478,42966,663
2021-06-08,Santa Barbara,083,443738,34519,34418,1143,35561,459
2021-06-08,Santa Clara,085,1922200,119005,119770,775,120545,2068
2021-06-08,Santa Cruz,087,273765,16265,16160,814,16974,208
2021-06-08,Shasta,089,179085,12470,12498,1617,14115,201
2021-06-08,Sierra,091,2930,57,55,12,67,0
2021-06-08,Siskiyou,093,43540,1954,1870,372,2242,21
2021-06-08,Solano,095,438530,33135,33130,563,33693,259
2021-06-08,Sonoma,097,501317,30454,30523,352,30875,323
2021-06-08,Stanislaus,099,539301,56678,56548,5998,62546,973
2021-06-08,Sutter,101,95872,9545,9581,89,9670,111
2021-06-08,Tehama,103,63373,5129,5093,590,5683,63
2021-06-08,Trinity,105,12862,486,330,96,426,3
2021-06-08,Tulare,107,460477,50346,49485,9123,58608,847
2021-06-08,Tuolumne,109,53932,4037,4099,40,4139,63
2021-06-08,Ventura,111,848112,81572,81142,3017,84159,1026
2021-06-08,Yolo,113,214977,14096,14099,328,14427,212
2021-06-08,Yuba,115,75493,6128,6103,133,6236,50
2021-06-07,Alameda,001,1643700,88642,88688,1985,90673,1267
2021-06-07,Alpine,003,1148,87,88,0,88,0
2021-06-07,Amador,005,37829,3711,3697,33,3730,46
2021-06-07,Butte,007,227075,12676,12533,1839,14372,194
2021-06-07,Calaveras,009,45235,2185,2181,13,2194,55
2021-06-07,Colusa,011,21464,1957,1960,316,2276,15
2021-06-07,Contra Costa,013,1133247,70215,69718,1307,71025,817
2021-06-07,Del Norte,015,27424,1434,1401,13,1414,8
2021-06-07,El Dorado,017,186661,10360,10305,750,11055,113
2021-06-07,Fresno,019,978130,103069,102659,8755,111414,1717
2021-06-07,Glenn,021,27897,2440,2423,566,2989,19
2021-06-07,Humboldt,023,135768,4371,4354,38,4392,42
2021-06-07,Imperial,025,180216,28695,28754,2766,31520,738
2021-06-07,Inyo,027,18085,1407,1404,14,1418,35
2021-06-07,Kern,029,883053,97612,96645,11065,107710,1324
2021-06-07,Kings,031,150075,23216,23023,1097,24120,244
2021-06-07,Lake,033,64148,3555,3540,9,3549,45
2021-06-07,Lassen,035,31185,5242,5198,116,5314,18
2021-06-07,Los Angeles,037,10098052,1207904,1203664,41731,1245395,24413
2021-06-07,Madera,039,155013,16689,16572,944,17516,240
2021-06-07,Marin,041,260295,14148,14108,265,14373,229
2021-06-07,Mariposa,043,17540,436,434,11,445,5
2021-06-07,Mendocino,045,87422,4081,3998,82,4080,47
2021-06-07,Merced,047,269075,31126,31212,1059,32271,459
2021-06-07,Modoc,049,8938,389,375,135,510,3
2021-06-07,Mono,051,14174,1263,1275,17,1292,3
2021-06-07,Monterey,053,433212,43237,43077,1879,44956,415
2021-06-07,Napa,055,140530,9953,9962,38,10000,80
2021-06-07,Nevada,057,99092,4886,4860,194,5054,72
2021-06-07,Orange,059,3164182,255807,254808,11475,266283,5073
2021-06-07,Placer,061,380077,23523,23176,1524,24700,293
2021-06-07,Plumas,063,18699,712,692,11,703,4
2021-06-07,Riverside,065,2383286,294729,289232,14122,303354,4451
2021-06-07,Sacramento,067,1510023,107073,106841,1792,108633,1655
2021-06-07,San Benito,069,59416,6075,6074,116,6190,63
2021-06-07,San Bernardino,071,2135413,293868,293129,9038,302167,4775
2021-06-07,San Diego,073,3302833,281712,280808,15102,295910,3764
2021-06-07,San Francisco,075,870044,36905,37122,1301,38423,552
2021-06-07,San Joaquin,077,732212,73564,73130,3603,76733,1388
2021-06-07,San Luis Obispo,079,281455,21480,21252,751,22003,255
2021-06-07,San Mateo,081,765935,42513,42479,478,42957,664
2021-06-07,Santa Barbara,083,443738,34513,34407,1143,35550,459
2021-06-07,Santa Clara,085,1922200,118973,119743,775,120518,2066
2021-06-07,Santa Cruz,087,273765,16264,16159,814,16973,208
2021-06-07,Shasta,089,179085,12456,12483,1612,14095,200
2021-06-07,Sierra,091,2930,57,55,12,67,0
2021-06-07,Siskiyou,093,43540,1954,1869,372,2241,21
2021-06-07,Solano,095,438530,33113,33124,562,33686,258
2021-06-07,Sonoma,097,501317,30418,30504,351,30855,323
2021-06-07,Stanislaus,099,539301,56645,56521,5996,62517,972
2021-06-07,Sutter,101,95872,9541,9571,89,9660,111
2021-06-07,Tehama,103,63373,5125,5092,588,5680,63
2021-06-07,Trinity,105,12862,486,329,96,425,3
2021-06-07,Tulare,107,460477,50340,49471,9123,58594,847
2021-06-07,Tuolumne,109,53932,4036,4098,40,4138,63
2021-06-07,Ventura,111,848112,81555,81137,3016,84153,1025
2021-06-07,Yolo,113,214977,14091,14097,327,14424,211
2021-06-07,Yuba,115,75493,6126,6099,130,6229,49
2021-06-06,Alameda,001,1643700,88604,88636,1984,90620,1267
2021-06-06,Alpine,003,1148,87,88,0,88,0
2021-06-06,Amador,005,37829,3708,3696,33,3729,46
2021-06-06,Butte,007,227075,12665,12527,1838,14365,194
2021-06-06,Calaveras,009,45235,2184,2181,13,2194,55
2021-06-06,Colusa,011,21464,1955,1959,316,2275,15
2021-06-06,Contra Costa,013,1133247,70150,69659,1305,70964,817
2021-06-06,Del Norte,015,27424,1429,1401,13,1414,8
2021-06-06,El Dorado,017,186661,10353,10294,750,11044,113
2021-06-06,Fresno,019,978130,103036,102642,8752,111394,1717
2021-06-06,Glenn,021,27897,2439,2423,566,2989,19
2021-06-06,Humboldt,023,135768,4360,4353,38,4391,42
2021-06-06,Imperial,025,180216,28689,28762,2766,31528,738
2021-06-06,Inyo,027,18085,1406,1404,14,1418,35
2021-06-06,Kern,029,883053,97594,96623,11058,107681,1324
2021-06-06,Kings,031,150075,23210,23021,1097,24118,244
2021-06-06,Lake,033,64148,3555,3535,9,3544,45
2021-06-06,Lassen,035,31185,5240,5191,116,5307,18
2021-06-06,Los Angeles,037,10098052,1207704,1203539,41716,1245255,24410
2021-06-06,Madera,039,155013,16682,16567,944,17511,240
2021-06-06,Marin,041,260295,14142,14106,264,14370,229
2021-06-06,Mariposa,043,17540,435,435,11,446,5
2021-06-06,Mendocino,045,87422,4077,3993,82,4075,47
2021-06-06,Merced,047,269075,31120,31215,1058,32273,459
2021-06-06,Modoc,049,8938,389,375,134,509,3
2021-06-06,Mono,051,14174,1263,1275,17,1292,3
2021-06-06,Monterey,053,433212,43232,43078,1879,44957,415
2021-06-06,Napa,055,140530,9947,9963,38,10001,80
2021-06-06,Nevada,057,99092,4879,4854,193,5047,72
2021-06-06,Orange,059,3164182,255771,254782,11470,266252,5073
2021-06-06,Placer,061,380077,23498,23156,1521,24677,293
2021-06-06,Plumas,063,18699,712,692,11,703,4
2021-06-06,Riverside,065,2383286,294690,289201,14116,303317,4451
2021-06-06,Sacramento,067,1510023,106987,106749,1791,108540,1655
2021-06-06,San Benito,069,59416,6069,6074,116,6190,63
2021-06-06,San Bernardino,071,2135413,293812,293117,9029,302146,4773
2021-06-06,San Diego,073,3302833,281632,280743,15085,295828,3764
2021-06-06,San Francisco,075,870044,36892,37118,1299,38417,552
2021-06-06,San Joaquin,077,732212,73532,73105,3599,76704,1388
2021-06-06,San Luis Obispo,079,281455,21477,21246,751,21997,255
2021-06-06,San Mateo,081,765935,42496,42457,478,42935,664
2021-06-06,Santa Barbara,083,443738,34509,34403,1142,35545,459
2021-06-06,Santa Clara,085,1922200,118951,119711,775,120486,2066
2021-06-06,Santa Cruz,087,273765,16263,16158,814,16972,208
2021-06-06,Shasta,089,179085,12441,12478,1609,14087,200
2021-06-06,Sierra,091,2930,57,55,12,67,0
2021-06-06,Siskiyou,093,43540,1951,1869,372,2241,21
2021-06-06,Solano,095,438530,33086,33093,562,33655,258
2021-06-06,Sonoma,097,501317,30387,30478,350,30828,323
2021-06-06,Stanislaus,099,539301,56609,56486,5993,62479,972
2021-06-06,Sutter,101,95872,9534,9567,89,9656,111
2021-06-06,Tehama,103,63373,5115,5092,586,5678,63
2021-06-06,Trinity,105,12862,486,328,96,424,3
2021-06-06,Tulare,107,460477,50332,49466,9118,58584,847
2021-06-06,Tuolumne,109,53932,4034,4097,40,4137,63
2021-06-06,Ventura,111,848112,81544,81130,3013,84143,1025
2021-06-06,Yolo,113,214977,14083,14089,326,14415,210
2021-06-06,Yuba,115,75493,6118,6096,130,6226,49
2021-06-05,Alameda,001,1643700,88571,88612,1984,90596,1268
2021-06-05,Alpine,003,1148,87,88,0,88,0
2021-06-05,Amador,005,37829,3708,3694,33,3727,46
2021-06-05,Butte,007,227075,12659,12514,1837,14351,194
2021-06-05,Calaveras,009,45235,2184,2181,13,2194,55
2021-06-05,Colusa,011,21464,1955,1959,316,2275,15
2021-06-05,Contra Costa,013,1133247,70121,69601,1305,70906,817
2021-06-05,Del Norte,015,27424,1429,1400,13,1413,8
2021-06-05,El Dorado,017,186661,10351,10288,749,11037,113
2021-06-05,Fresno,019,978130,103027,102626,8752,111378,1717
2021-06-05,Glenn,021,27897,2438,2423,566,2989,19
2021-06-05,Humboldt,023,135768,4355,4346,38,4384,42
2021-06-05,Imperial,025,180216,28686,28764,2766,31530,738
2021-06-05,Inyo,027,18085,1406,1405,14,1419,35
2021-06-05,Kern,029,883053,97581,96597,11054,107651,1324
2021-06-05,Kings,031,150075,23207,23017,1097,24114,244
2021-06-05,Lake,033,64148,3552,3534,9,3543,45
2021-06-05,Lassen,035,31185,5239,5191,116,5307,18
2021-06-05,Los Angeles,037,10098052,1207577,1203338,41705,1245043,24411
2021-06-05,Madera,039,155013,16678,16563,944,17507,240
2021-06-05,Marin,041,260295,14140,14101,264,14365,229
2021-06-05,Mariposa,043,17540,435,435,11,446,5
2021-06-05,Mendocino,045,87422,4074,3989,82,4071,47
2021-06-05,Merced,047,269075,31118,31212,1057,32269,459
2021-06-05,Modoc,049,8938,389,375,133,508,3
2021-06-05,Mono,051,14174,1263,1274,17,1291,3
2021-06-05,Monterey,053,433212,43228,43071,1878,44949,415
2021-06-05,Napa,055,140530,9942,9960,38,9998,80
2021-06-05,Nevada,057,99092,4877,4849,193,5042,72
2021-06-05,Orange,059,3164182,255747,254752,11467,266219,5069
2021-06-05,Placer,061,380077,23482,23133,1521,24654,293
2021-06-05,Plumas,063,18699,712,692,11,703,4
2021-06-05,Riverside,065,2383286,294655,289157,14112,303269,4451
2021-06-05,Sacramento,067,1510023,106935,106688,1789,108477,1655
2021-06-05,San Benito,069,59416,6067,6074,116,6190,63
2021-06-05,San Bernardino,071,2135413,293779,293081,9027,302108,4772
2021-06-05,San Diego,073,3302833,281591,280676,15072,295748,3764
2021-06-05,San Francisco,075,870044,36883,37111,1299,38410,552
2021-06-05,San Joaquin,077,732212,73516,73078,3593,76671,1388
2021-06-05,San Luis Obispo,079,281455,21474,21236,751,21987,255
2021-06-05,San Mateo,081,765935,42486,42433,478,42911,664
2021-06-05,Santa Barbara,083,443738,34506,34399,1141,35540,459
2021-06-05,Santa Clara,085,1922200,118929,119676,773,120449,2066
2021-06-05,Santa Cruz,087,273765,16263,16154,814,16968,208
2021-06-05,Shasta,089,179085,12431,12472,1608,14080,200
2021-06-05,Sierra,091,2930,57,55,12,67,0
2021-06-05,Siskiyou,093,43540,1951,1867,372,2239,21
2021-06-05,Solano,095,438530,33071,33074,562,33636,257
2021-06-05,Sonoma,097,501317,30360,30450,348,30798,323
2021-06-05,Stanislaus,099,539301,56601,56463,5991,62454,973
2021-06-05,Sutter,101,95872,9531,9559,89,9648,111
2021-06-05,Tehama,103,63373,5114,5092,585,5677,63
2021-06-05,Trinity,105,12862,486,328,96,424,3
2021-06-05,Tulare,107,460477,50326,49463,9118,58581,847
2021-06-05,Tuolumne,109,53932,4032,4098,40,4138,63
2021-06-05,Ventura,111,848112,81535,81119,3011,84130,1025
2021-06-05,Yolo,113,214977,14081,14088,326,14414,210
2021-06-05,Yuba,115,75493,6117,6087,130,6217,49
2021-06-04,Alameda,001,1643700,88544,88585,1981,90566,1263
2021-06-04,Alpine,003,1148,87,88,0,88,0
2021-06-04,Amador,005,37829,3708,3690,33,3723,46
2021-06-04,Butte,007,227075,12648,12494,1834,14328,193
2021-06-04,Calaveras,009,45235,2184,2179,13,2192,55
2021-06-04,Colusa,011,21464,1955,1959,316,2275,15
2021-06-04,Contra Costa,013,1133247,70086,69540,1302,70842,816
2021-06-04,Del Norte,015,27424,1429,1398,13,1411,8
2021-06-04,El Dorado,017,186661,10347,10284,747,11031,112
2021-06-04,Fresno,019,978130,103011,102601,8752,111353,1712
2021-06-04,Glenn,021,27897,2438,2423,565,2988,19
2021-06-04,Humboldt,023,135768,4350,4327,38,4365,42
2021-06-04,Imperial,025,180216,28682,28753,2766,31519,738
2021-06-04,Inyo,027,18085,1406,1404,14,1418,35
2021-06-04,Kern,029,883053,97563,96573,11052,107625,1327
2021-06-04,Kings,031,150075,23206,23002,1097,24099,244
2021-06-04,Lake,033,64148,3550,3528,9,3537,45
2021-06-04,Lassen,035,31185,5239,5180,116,5296,18
2021-06-04,Los Angeles,037,10098052,1207453,1203106,41696,1244802,24400
2021-06-04,Madera,039,155013,16676,16557,944,17501,240
2021-06-04,Marin,041,260295,14139,14099,263,14362,229
2021-06-04,Mariposa,043,17540,435,435,11,446,5
2021-06-04,Mendocino,045,87422,4065,3983,82,4065,47
2021-06-04,Merced,047,269075,31113,31204,1056,32260,459
2021-06-04,Modoc,049,8938,387,375,133,508,3
2021-06-04,Mono,051,14174,1263,1275,17,1292,3
2021-06-04,Monterey,053,433212,43224,43068,1878,44946,415
2021-06-04,Napa,055,140530,9938,9958,38,9996,80
2021-06-04,Nevada,057,99092,4873,4844,193,5037,72
2021-06-04,Orange,059,3164182,255710,254730,11463,266193,5059
2021-06-04,Placer,061,380077,23466,23110,1520,24630,293
2021-06-04,Plumas,063,18699,712,691,11,702,4
2021-06-04,Riverside,065,2383286,294629,289098,14108,303206,4452
2021-06-04,Sacramento,067,1510023,106881,106616,1788,108404,1654
2021-06-04,San Benito,069,59416,6065,6073,116,6189,63
2021-06-04,San Bernardino,071,2135413,293756,293056,9025,302081,4768
2021-06-04,San Diego,073,3302833,281548,280556,15065,295621,3763
2021-06-04,San Francisco,075,870044,36878,37079,1298,38377,551
2021-06-04,San Joaquin,077,732212,73497,73039,3591,76630,1388
2021-06-04,San Luis Obispo,079,281455,21471,21234,750,21984,255
2021-06-04,San Mateo,081,765935,42474,42413,478,42891,478
2021-06-04,Santa Barbara,083,443738,34500,34402,1140,35542,459
2021-06-04,Santa Clara,085,1922200,118899,119619,773,120392,2065
2021-06-04,Santa Cruz,087,273765,16260,16150,814,16964,207
2021-06-04,Shasta,089,179085,12425,12458,1603,14061,200
2021-06-04,Sierra,091,2930,57,55,12,67,0
2021-06-04,Siskiyou,093,43540,1950,1865,372,2237,21
2021-06-04,Solano,095,438530,33060,33058,562,33620,256
2021-06-04,Sonoma,097,501317,30339,30411,348,30759,323
2021-06-04,Stanislaus,099,539301,56586,56442,5989,62431,973
2021-06-04,Sutter,101,95872,9526,9554,89,9643,111
2021-06-04,Tehama,103,63373,5109,5090,585,5675,63
2021-06-04,Trinity,105,12862,486,328,96,424,3
2021-06-04,Tulare,107,460477,50317,49452,9116,58568,847
2021-06-04,Tuolumne,109,53932,4031,4095,40,4135,63
2021-06-04,Ventura,111,848112,81528,81104,3009,84113,1023
2021-06-04,Yolo,113,214977,14079,14083,326,14409,210
2021-06-04,Yuba,115,75493,6114,6084,130,6214,49
2021-06-03,Alameda,001,1643700,88506,88555,1978,90533,1257
2021-06-03,Alpine,003,1148,87,88,0,88,0
2021-06-03,Amador,005,37829,3700,3688,33,3721,46
2021-06-03,Butte,007,227075,12644,12478,1833,14311,193
2021-06-03,Calaveras,009,45235,2184,2179,13,2192,55
2021-06-03,Colusa,011,21464,1955,1957,316,2273,15
2021-06-03,Contra Costa,013,1133247,70032,69500,1297,70797,816
2021-06-03,Del Norte,015,27424,1427,1397,13,1410,8
2021-06-03,El Dorado,017,186661,10341,10284,744,11028,112
2021-06-03,Fresno,019,978130,102994,102566,8752,111318,1709
2021-06-03,Glenn,021,27897,2438,2421,565,2986,19
2021-06-03,Humboldt,023,135768,4342,4314,38,4352,42
2021-06-03,Imperial,025,180216,28671,28737,2766,31503,738
2021-06-03,Inyo,027,18085,1406,1404,14,1418,35
2021-06-03,Kern,029,883053,97536,96507,11038,107545,1326
2021-06-03,Kings,031,150075,23202,22982,1097,24079,244
2021-06-03,Lake,033,64148,3548,3526,9,3535,45
2021-06-03,Lassen,035,31185,5230,5177,116,5293,12
2021-06-03,Los Angeles,037,10098052,1207278,1202923,41688,1244611,24386
2021-06-03,Madera,039,155013,16669,16554,944,17498,240
2021-06-03,Marin,041,260295,14134,14095,263,14358,230
2021-06-03,Mariposa,043,17540,435,435,11,446,5
2021-06-03,Mendocino,045,87422,4058,3978,82,4060,47
2021-06-03,Merced,047,269075,31110,31199,1056,32255,459
2021-06-03,Modoc,049,8938,386,376,132,508,3
2021-06-03,Mono,051,14174,1263,1275,17,1292,3
2021-06-03,Monterey,053,433212,43221,43063,1878,44941,415
2021-06-03,Napa,055,140530,9931,9957,38,9995,81
2021-06-03,Nevada,057,99092,4869,4837,193,5030,72
2021-06-03,Orange,059,3164182,255682,254676,11453,266129,5056
2021-06-03,Placer,061,380077,23457,23100,1519,24619,293
2021-06-03,Plumas,063,18699,712,691,11,702,4
2021-06-03,Riverside,065,2383286,294574,289035,14104,303139,4447
2021-06-03,Sacramento,067,1510023,106802,106526,1786,108312,1654
2021-06-03,San Benito,069,59416,6065,6073,116,6189,63
2021-06-03,San Bernardino,071,2135413,293724,293021,9025,302046,4762
2021-06-03,San Diego,073,3302833,281484,280430,15055,295485,3761
2021-06-03,San Francisco,075,870044,36872,37072,1298,38370,551
2021-06-03,San Joaquin,077,732212,73469,72989,3587,76576,1388
2021-06-03,San Luis Obispo,079,281455,21466,21224,750,21974,255
2021-06-03,San Mateo,081,765935,42461,42396,478,42874,467
2021-06-03,Santa Barbara,083,443738,34497,34391,1140,35531,459
2021-06-03,Santa Clara,085,1922200,118877,119592,771,120363,2058
2021-06-03,Santa Cruz,087,273765,16258,16144,814,16958,207
2021-06-03,Shasta,089,179085,12410,12441,1600,14041,199
2021-06-03,Sierra,091,2930,57,55,12,67,0
2021-06-03,Siskiyou,093,43540,1950,1862,371,2233,21
2021-06-03,Solano,095,438530,33046,33019,562,33581,256
2021-06-03,Sonoma,097,501317,30317,30383,347,30730,322
2021-06-03,Stanislaus,099,539301,56568,56401,5983,62384,973
2021-06-03,Sutter,101,95872,9517,9539,89,9628,111
2021-06-03,Tehama,103,63373,5109,5087,585,5672,63
2021-06-03,Trinity,105,12862,486,328,96,424,3
2021-06-03,Tulare,107,460477,50314,49442,9112,58554,848
2021-06-03,Tuolumne,109,53932,4029,4095,40,4135,63
2021-06-03,Ventura,111,848112,81516,81078,3007,84085,1023
2021-06-03,Yolo,113,214977,14075,14078,323,14401,210
2021-06-03,Yuba,115,75493,6107,6077,130,6207,49
2021-06-02,Alameda,001,1643700,88461,88525,1976,90501,1254
2021-06-02,Alpine,003,1148,87,88,0,88,0
2021-06-02,Amador,005,37829,3698,3687,33,3720,46
2021-06-02,Butte,007,227075,12624,12432,1830,14262,193
2021-06-02,Calaveras,009,45235,2181,2174,13,2187,55
2021-06-02,Colusa,011,21464,1954,1957,316,2273,15
2021-06-02,Contra Costa,013,1133247,69981,69455,1295,70750,814
2021-06-02,Del Norte,015,27424,1425,1395,13,1408,8
2021-06-02,El Dorado,017,186661,10337,10275,744,11019,110
2021-06-02,Fresno,019,978130,102970,102547,8749,111296,1707
2021-06-02,Glenn,021,27897,2438,2421,565,2986,19
2021-06-02,Humboldt,023,135768,4327,4302,38,4340,42
2021-06-02,Imperial,025,180216,28665,28737,2765,31502,738
2021-06-02,Inyo,027,18085,1405,1403,14,1417,35
2021-06-02,Kern,029,883053,97509,96481,11031,107512,1326
2021-06-02,Kings,031,150075,23200,22981,1096,24077,244
2021-06-02,Lake,033,64148,3543,3522,9,3531,45
2021-06-02,Lassen,035,31185,5229,5177,116,5293,6
2021-06-02,Los Angeles,037,10098052,1207074,1202760,41679,1244439,24375
2021-06-02,Madera,039,155013,16661,16550,944,17494,240
2021-06-02,Marin,041,260295,14132,14091,262,14353,229
2021-06-02,Mariposa,043,17540,435,434,11,445,5
2021-06-02,Mendocino,045,87422,4052,3970,82,4052,47
2021-06-02,Merced,047,269075,31097,31195,1055,32250,458
2021-06-02,Modoc,049,8938,385,375,131,506,3
2021-06-02,Mono,051,14174,1263,1275,17,1292,3
2021-06-02,Monterey,053,433212,43219,43056,1878,44934,380
2021-06-02,Napa,055,140530,9930,9953,38,9991,82
2021-06-02,Nevada,057,99092,4866,4833,193,5026,72
2021-06-02,Orange,059,3164182,255633,254637,11446,266083,5055
2021-06-02,Placer,061,380077,23436,23058,1517,24575,293
2021-06-02,Plumas,063,18699,712,690,11,701,4
2021-06-02,Riverside,065,2383286,294516,289012,14094,303106,4445
2021-06-02,Sacramento,067,1510023,106737,106435,1780,108215,1649
2021-06-02,San Benito,069,59416,6064,6073,116,6189,63
2021-06-02,San Bernardino,071,2135413,293676,293004,9020,302024,4760
2021-06-02,San Diego,073,3302833,281404,280347,15034,295381,3760
2021-06-02,San Francisco,075,870044,36852,37050,1297,38347,550
2021-06-02,San Joaquin,077,732212,73438,72893,3584,76477,1387
2021-06-02,San Luis Obispo,079,281455,21459,21214,749,21963,255
2021-06-02,San Mateo,081,765935,42451,42383,477,42860,464
2021-06-02,Santa Barbara,083,443738,34490,34381,1140,35521,456
2021-06-02,Santa Clara,085,1922200,118849,119553,770,120323,2058
2021-06-02,Santa Cruz,087,273765,16255,16144,814,16958,207
2021-06-02,Shasta,089,179085,12392,12426,1595,14021,199
2021-06-02,Sierra,091,2930,57,55,12,67,0
2021-06-02,Siskiyou,093,43540,1950,1861,369,2230,21
2021-06-02,Solano,095,438530,33034,33007,561,33568,256
2021-06-02,Sonoma,097,501317,30298,30359,342,30701,322
2021-06-02,Stanislaus,099,539301,56550,56377,5978,62355,973
2021-06-02,Sutter,101,95872,9514,9533,89,9622,111
2021-06-02,Tehama,103,63373,5106,5081,585,5666,63
2021-06-02,Trinity,105,12862,484,328,96,424,3
2021-06-02,Tulare,107,460477,50305,49434,9108,58542,846
2021-06-02,Tuolumne,109,53932,4028,4095,40,4135,63
2021-06-02,Ventura,111,848112,81491,81033,3007,84040,1020
2021-06-02,Yolo,113,214977,14072,14074,322,14396,210
2021-06-02,Yuba,115,75493,6101,6072,130,6202,48
2021-06-01,Alameda,001,1643700,88426,88472,1974,90446,1253
2021-06-01,Alpine,003,1148,87,88,0,88,0
2021-06-01,Amador,005,37829,3696,3687,33,3720,46
2021-06-01,Butte,007,227075,12610,12427,1829,14256,193
2021-06-01,Calaveras,009,45235,2179,2173,13,2186,55
2021-06-01,Colusa,011,21464,1953,1955,315,2270,15
2021-06-01,Contra Costa,013,1133247,69923,69404,1295,70699,813
2021-06-01,Del Norte,015,27424,1424,1394,13,1407,8
2021-06-01,El Dorado,017,186661,10331,10271,744,11015,110
2021-06-01,Fresno,019,978130,102946,102534,8746,111280,1706
2021-06-01,Glenn,021,27897,2438,2422,565,2987,18
2021-06-01,Humboldt,023,135768,4317,4299,38,4337,42
2021-06-01,Imperial,025,180216,28661,28722,2763,31485,736
2021-06-01,Inyo,027,18085,1405,1403,14,1417,35
2021-06-01,Kern,029,883053,97482,96477,11023,107500,1319
2021-06-01,Kings,031,150075,23196,22977,1096,24073,244
2021-06-01,Lake,033,64148,3542,3523,9,3532,45
2021-06-01,Lassen,035,31185,5222,5172,116,5288,6
2021-06-01,Los Angeles,037,10098052,1206839,1202673,41665,1244338,24367
2021-06-01,Madera,039,155013,16652,16549,943,17492,240
2021-06-01,Marin,041,260295,14130,14081,262,14343,229
2021-06-01,Mariposa,043,17540,435,431,11,442,5
2021-06-01,Mendocino,045,87422,4045,3966,82,4048,47
2021-06-01,Merced,047,269075,31087,31195,1055,32250,456
2021-06-01,Modoc,049,8938,383,375,131,506,3
2021-06-01,Mono,051,14174,1263,1275,17,1292,3
2021-06-01,Monterey,053,433212,43213,43051,1878,44929,379
2021-06-01,Napa,055,140530,9928,9949,38,9987,82
2021-06-01,Nevada,057,99092,4861,4825,193,5018,72
2021-06-01,Orange,059,3164182,255597,254603,11438,266041,5051
2021-06-01,Placer,061,380077,23406,23021,1515,24536,293
2021-06-01,Plumas,063,18699,711,690,11,701,4
2021-06-01,Riverside,065,2383286,294463,288996,14088,303084,4442
2021-06-01,Sacramento,067,1510023,106665,106330,1778,108108,1644
2021-06-01,San Benito,069,59416,6063,6073,115,6188,63
2021-06-01,San Bernardino,071,2135413,293651,292990,9019,302009,4758
2021-06-01,San Diego,073,3302833,281300,280305,15017,295322,3756
2021-06-01,San Francisco,075,870044,36836,37031,1297,38328,550
2021-06-01,San Joaquin,077,732212,73406,72858,3582,76440,1383
2021-06-01,San Luis Obispo,079,281455,21454,21217,749,21966,256
2021-06-01,San Mateo,081,765935,42435,42383,476,42859,462
2021-06-01,Santa Barbara,083,443738,34486,34374,1140,35514,456
2021-06-01,Santa Clara,085,1922200,118821,119528,770,120298,2057
2021-06-01,Santa Cruz,087,273765,16251,16143,813,16956,207
2021-06-01,Shasta,089,179085,12383,12409,1590,13999,199
2021-06-01,Sierra,091,2930,57,55,12,67,0
2021-06-01,Siskiyou,093,43540,1943,1860,368,2228,21
2021-06-01,Solano,095,438530,33009,32974,560,33534,256
2021-06-01,Sonoma,097,501317,30259,30324,341,30665,322
2021-06-01,Stanislaus,099,539301,56534,56348,5976,62324,973
2021-06-01,Sutter,101,95872,9507,9528,89,9617,111
2021-06-01,Tehama,103,63373,5104,5079,585,5664,63
2021-06-01,Trinity,105,12862,483,328,95,423,3
2021-06-01,Tulare,107,460477,50297,49419,9104,58523,845
2021-06-01,Tuolumne,109,53932,4028,4094,40,4134,63
2021-06-01,Ventura,111,848112,81475,81018,3006,84024,1021
2021-06-01,Yolo,113,214977,14066,14067,322,14389,210
2021-06-01,Yuba,115,75493,6097,6067,130,6197,48
2021-05-31,Alameda,001,1643700,88389,88458,1970,90428,1253
2021-05-31,Alpine,003,1148,87,88,0,88,0
2021-05-31,Amador,005,37829,3690,3687,33,3720,46
2021-05-31,Butte,007,227075,12597,12429,1829,14258,193
2021-05-31,Calaveras,009,45235,2178,2171,13,2184,55
2021-05-31,Colusa,011,21464,1953,1956,314,2270,15
2021-05-31,Contra Costa,013,1133247,69886,69390,1293,70683,813
2021-05-31,Del Norte,015,27424,1421,1394,13,1407,8
2021-05-31,El Dorado,017,186661,10325,10271,742,11013,110
2021-05-31,Fresno,019,978130,102909,102507,8746,111253,1706
2021-05-31,Glenn,021,27897,2437,2422,564,2986,18
2021-05-31,Humboldt,023,135768,4305,4295,38,4333,42
2021-05-31,Imperial,025,180216,28655,28732,2760,31492,736
2021-05-31,Inyo,027,18085,1404,1403,14,1417,35
2021-05-31,Kern,029,883053,97446,96457,11014,107471,1319
2021-05-31,Kings,031,150075,23192,22977,1096,24073,244
2021-05-31,Lake,033,64148,3537,3523,9,3532,45
2021-05-31,Lassen,035,31185,5220,5172,115,5287,6
2021-05-31,Los Angeles,037,10098052,1206596,1202567,41657,1244224,24364
2021-05-31,Madera,039,155013,16651,16543,942,17485,240
2021-05-31,Marin,041,260295,14128,14080,262,14342,229
2021-05-31,Mariposa,043,17540,435,430,11,441,5
2021-05-31,Mendocino,045,87422,4035,3961,82,4043,47
2021-05-31,Merced,047,269075,31082,31194,1055,32249,456
2021-05-31,Modoc,049,8938,382,374,131,505,3
2021-05-31,Mono,051,14174,1263,1275,17,1292,3
2021-05-31,Monterey,053,433212,43209,43051,1878,44929,379
2021-05-31,Napa,055,140530,9921,9948,38,9986,82
2021-05-31,Nevada,057,99092,4851,4823,192,5015,72
2021-05-31,Orange,059,3164182,255569,254572,11430,266002,5051
2021-05-31,Placer,061,380077,23379,23019,1511,24530,293
2021-05-31,Plumas,063,18699,710,690,11,701,4
2021-05-31,Riverside,065,2383286,294406,288970,14076,303046,4442
2021-05-31,Sacramento,067,1510023,106568,106278,1772,108050,1644
2021-05-31,San Benito,069,59416,6063,6072,115,6187,63
2021-05-31,San Bernardino,071,2135413,293603,292973,9018,301991,4758
2021-05-31,San Diego,073,3302833,281196,280254,15005,295259,3756
2021-05-31,San Francisco,075,870044,36821,37022,1296,38318,550
2021-05-31,San Joaquin,077,732212,73357,72856,3576,76432,1383
2021-05-31,San Luis Obispo,079,281455,21446,21215,749,21964,256
2021-05-31,San Mateo,081,765935,42419,42389,476,42865,442
2021-05-31,Santa Barbara,083,443738,34473,34369,1138,35507,456
2021-05-31,Santa Clara,085,1922200,118777,119515,770,120285,2057
2021-05-31,Santa Cruz,087,273765,16248,16139,813,16952,207
2021-05-31,Shasta,089,179085,12367,12408,1587,13995,199
2021-05-31,Sierra,091,2930,57,55,12,67,0
2021-05-31,Siskiyou,093,43540,1942,1856,367,2223,21
2021-05-31,Solano,095,438530,32959,32973,560,33533,256
2021-05-31,Sonoma,097,501317,30216,30314,341,30655,322
2021-05-31,Stanislaus,099,539301,56493,56335,5973,62308,973
2021-05-31,Sutter,101,95872,9488,9523,89,9612,111
2021-05-31,Tehama,103,63373,5101,5076,584,5660,63
2021-05-31,Trinity,105,12862,483,328,95,423,3
2021-05-31,Tulare,107,460477,50286,49404,9099,58503,845
2021-05-31,Tuolumne,109,53932,4026,4095,40,4135,63
2021-05-31,Ventura,111,848112,81460,81017,3003,84020,1021
2021-05-31,Yolo,113,214977,14062,14064,322,14386,210
2021-05-31,Yuba,115,75493,6091,6063,127,6190,48
2021-05-30,Alameda,001,1643700,88366,88429,1970,90399,1253
2021-05-30,Alpine,003,1148,87,88,0,88,0
2021-05-30,Amador,005,37829,3686,3685,33,3718,46
2021-05-30,Butte,007,227075,12587,12427,1827,14254,190
2021-05-30,Calaveras,009,45235,2174,2166,13,2179,55
2021-05-30,Colusa,011,21464,1953,1954,314,2268,15
2021-05-30,Contra Costa,013,1133247,69852,69381,1291,70672,813
2021-05-30,Del Norte,015,27424,1420,1393,13,1406,8
2021-05-30,El Dorado,017,186661,10322,10271,742,11013,110
2021-05-30,Fresno,019,978130,102892,102499,8742,111241,1706
2021-05-30,Glenn,021,27897,2437,2422,563,2985,18
2021-05-30,Humboldt,023,135768,4297,4291,38,4329,42
2021-05-30,Imperial,025,180216,28650,28732,2759,31491,736
2021-05-30,Inyo,027,18085,1404,1403,14,1417,35
2021-05-30,Kern,029,883053,97430,96443,11011,107454,1319
2021-05-30,Kings,031,150075,23191,22974,1095,24069,244
2021-05-30,Lake,033,64148,3537,3517,9,3526,45
2021-05-30,Lassen,035,31185,5218,5171,115,5286,6
2021-05-30,Los Angeles,037,10098052,1206485,1202425,41650,1244075,24360
2021-05-30,Madera,039,155013,16647,16538,942,17480,240
2021-05-30,Marin,041,260295,14124,14083,261,14344,229
2021-05-30,Mariposa,043,17540,435,430,11,441,5
2021-05-30,Mendocino,045,87422,4028,3955,82,4037,47
2021-05-30,Merced,047,269075,31078,31189,1054,32243,456
2021-05-30,Modoc,049,8938,382,374,131,505,3
2021-05-30,Mono,051,14174,1263,1275,17,1292,3
2021-05-30,Monterey,053,433212,43206,43049,1878,44927,379
2021-05-30,Napa,055,140530,9920,9948,38,9986,82
2021-05-30,Nevada,057,99092,4845,4818,192,5010,72
2021-05-30,Orange,059,3164182,255546,254559,11429,265988,5051
2021-05-30,Placer,061,380077,23373,23016,1511,24527,293
2021-05-30,Plumas,063,18699,708,690,11,701,4
2021-05-30,Riverside,065,2383286,294385,288961,14074,303035,4442
2021-05-30,Sacramento,067,1510023,106523,106252,1770,108022,1644
2021-05-30,San Benito,069,59416,6063,6072,115,6187,63
2021-05-30,San Bernardino,071,2135413,293577,292981,9017,301998,4758
2021-05-30,San Diego,073,3302833,281140,280209,15000,295209,3756
2021-05-30,San Francisco,075,870044,36802,37016,1296,38312,550
2021-05-30,San Joaquin,077,732212,73340,72853,3575,76428,1383
2021-05-30,San Luis Obispo,079,281455,21437,21211,748,21959,256
2021-05-30,San Mateo,081,765935,42411,42386,476,42862,439
2021-05-30,Santa Barbara,083,443738,34469,34369,1138,35507,456
2021-05-30,Santa Clara,085,1922200,118755,119510,766,120276,2057
2021-05-30,Santa Cruz,087,273765,16246,16140,813,16953,207
2021-05-30,Shasta,089,179085,12365,12408,1584,13992,199
2021-05-30,Sierra,091,2930,57,55,12,67,0
2021-05-30,Siskiyou,093,43540,1942,1856,367,2223,21
2021-05-30,Solano,095,438530,32948,32952,559,33511,256
2021-05-30,Sonoma,097,501317,30199,30310,340,30650,322
2021-05-30,Stanislaus,099,539301,56482,56323,5972,62295,973
2021-05-30,Sutter,101,95872,9487,9519,88,9607,111
2021-05-30,Tehama,103,63373,5101,5073,584,5657,63
2021-05-30,Trinity,105,12862,483,328,95,423,3
2021-05-30,Tulare,107,460477,50279,49397,9090,58487,845
2021-05-30,Tuolumne,109,53932,4026,4094,40,4134,63
2021-05-30,Ventura,111,848112,81456,81012,3002,84014,1021
2021-05-30,Yolo,113,214977,14057,14059,321,14380,210
2021-05-30,Yuba,115,75493,6084,6063,126,6189,48
2021-05-29,Alameda,001,1643700,88343,88433,1968,90401,1253
2021-05-29,Alpine,003,1148,87,88,0,88,0
2021-05-29,Amador,005,37829,3685,3683,33,3716,46
2021-05-29,Butte,007,227075,12581,12425,1827,14252,190
2021-05-29,Calaveras,009,45235,2173,2166,13,2179,55
2021-05-29,Colusa,011,21464,1950,1954,314,2268,15
2021-05-29,Contra Costa,013,1133247,69819,69351,1291,70642,813
2021-05-29,Del Norte,015,27424,1420,1391,13,1404,8
2021-05-29,El Dorado,017,186661,10321,10269,740,11009,110
2021-05-29,Fresno,019,978130,102880,102470,8739,111209,1706
2021-05-29,Glenn,021,27897,2437,2422,562,2984,18
2021-05-29,Humboldt,023,135768,4291,4283,38,4321,42
2021-05-29,Imperial,025,180216,28647,28729,2758,31487,736
2021-05-29,Inyo,027,18085,1404,1404,14,1418,35
2021-05-29,Kern,029,883053,97419,96424,10998,107422,1319
2021-05-29,Kings,031,150075,23190,22970,1094,24064,244
2021-05-29,Lake,033,64148,3537,3515,9,3524,45
2021-05-29,Lassen,035,31185,5218,5171,115,5286,6
2021-05-29,Los Angeles,037,10098052,1206362,1202264,41646,1243910,24359
2021-05-29,Madera,039,155013,16645,16535,942,17477,240
2021-05-29,Marin,041,260295,14120,14071,260,14331,229
2021-05-29,Mariposa,043,17540,434,428,11,439,5
2021-05-29,Mendocino,045,87422,4022,3952,82,4034,47
2021-05-29,Merced,047,269075,31066,31187,1054,32241,456
2021-05-29,Modoc,049,8938,382,374,131,505,3
2021-05-29,Mono,051,14174,1263,1275,17,1292,3
2021-05-29,Monterey,053,433212,43204,43042,1878,44920,379
2021-05-29,Napa,055,140530,9917,9948,38,9986,82
2021-05-29,Nevada,057,99092,4844,4816,192,5008,72
2021-05-29,Orange,059,3164182,255524,254537,11419,265956,5049
2021-05-29,Placer,061,380077,23358,23009,1510,24519,293
2021-05-29,Plumas,063,18699,708,689,11,700,4
2021-05-29,Riverside,065,2383286,294365,288908,14073,302981,4442
2021-05-29,Sacramento,067,1510023,106493,106218,1769,107987,1643
2021-05-29,San Benito,069,59416,6062,6072,115,6187,63
2021-05-29,San Bernardino,071,2135413,293545,292961,9016,301977,4757
2021-05-29,San Diego,073,3302833,281081,280151,14995,295146,3756
2021-05-29,San Francisco,075,870044,36793,37008,1296,38304,550
2021-05-29,San Joaquin,077,732212,73324,72827,3573,76400,1383
2021-05-29,San Luis Obispo,079,281455,21435,21201,748,21949,256
2021-05-29,San Mateo,081,765935,42403,42375,475,42850,439
2021-05-29,Santa Barbara,083,443738,34465,34367,1138,35505,456
2021-05-29,Santa Clara,085,1922200,118731,119498,765,120263,2056
2021-05-29,Santa Cruz,087,273765,16245,16137,813,16950,207
2021-05-29,Shasta,089,179085,12357,12401,1583,13984,199
2021-05-29,Sierra,091,2930,57,55,12,67,0
2021-05-29,Siskiyou,093,43540,1937,1856,367,2223,21
2021-05-29,Solano,095,438530,32939,32917,559,33476,256
2021-05-29,Sonoma,097,501317,30176,30298,339,30637,322
2021-05-29,Stanislaus,099,539301,56464,56305,5970,62275,974
2021-05-29,Sutter,101,95872,9483,9516,88,9604,111
2021-05-29,Tehama,103,63373,5100,5070,584,5654,63
2021-05-29,Trinity,105,12862,483,328,95,423,3
2021-05-29,Tulare,107,460477,50269,49392,9086,58478,845
2021-05-29,Tuolumne,109,53932,4026,4093,40,4133,63
2021-05-29,Ventura,111,848112,81448,81008,3002,84010,1021
2021-05-29,Yolo,113,214977,14056,14055,321,14376,210
2021-05-29,Yuba,115,75493,6084,6059,126,6185,48
2021-05-28,Alameda,001,1643700,88319,88391,1964,90355,1261
2021-05-28,Alpine,003,1148,87,88,0,88,0
2021-05-28,Amador,005,37829,3685,3680,33,3713,46
2021-05-28,Butte,007,227075,12578,12407,1826,14233,190
2021-05-28,Calaveras,009,45235,2172,2165,13,2178,55
2021-05-28,Colusa,011,21464,1950,1954,312,2266,15
2021-05-28,Contra Costa,013,1133247,69783,69290,1290,70580,813
2021-05-28,Del Norte,015,27424,1419,1390,13,1403,8
2021-05-28,El Dorado,017,186661,10318,10265,740,11005,110
2021-05-28,Fresno,019,978130,102865,102437,8739,111176,1705
2021-05-28,Glenn,021,27897,2437,2419,562,2981,18
2021-05-28,Humboldt,023,135768,4284,4265,38,4303,42
2021-05-28,Imperial,025,180216,28644,28722,2758,31480,736
2021-05-28,Inyo,027,18085,1404,1404,14,1418,35
2021-05-28,Kern,029,883053,97402,96396,10990,107386,1320
2021-05-28,Kings,031,150075,23188,22962,1094,24056,244
2021-05-28,Lake,033,64148,3535,3515,9,3524,45
2021-05-28,Lassen,035,31185,5218,5169,115,5284,6
2021-05-28,Los Angeles,037,10098052,1206252,1202103,41635,1243738,24357
2021-05-28,Madera,039,155013,16643,16530,942,17472,240
2021-05-28,Marin,041,260295,14119,14063,259,14322,229
2021-05-28,Mariposa,043,17540,434,428,11,439,5
2021-05-28,Mendocino,045,87422,4017,3947,82,4029,47
2021-05-28,Merced,047,269075,31063,31176,1054,32230,455
2021-05-28,Modoc,049,8938,382,374,131,505,3
2021-05-28,Mono,051,14174,1263,1274,17,1291,3
2021-05-28,Monterey,053,433212,43203,43036,1878,44914,379
2021-05-28,Napa,055,140530,9917,9941,38,9979,82
2021-05-28,Nevada,057,99092,4842,4813,192,5005,71
2021-05-28,Orange,059,3164182,255504,254494,11417,265911,5047
2021-05-28,Placer,061,380077,23348,22987,1508,24495,293
2021-05-28,Plumas,063,18699,706,688,11,699,4
2021-05-28,Riverside,065,2383286,294343,288872,14071,302943,4442
2021-05-28,Sacramento,067,1510023,106437,106131,1767,107898,1642
2021-05-28,San Benito,069,59416,6062,6074,115,6189,63
2021-05-28,San Bernardino,071,2135413,293522,292905,9016,301921,4757
2021-05-28,San Diego,073,3302833,281018,280043,14984,295027,3756
2021-05-28,San Francisco,075,870044,36787,36987,1296,38283,546
2021-05-28,San Joaquin,077,732212,73294,72793,3571,76364,1383
2021-05-28,San Luis Obispo,079,281455,21430,21190,746,21936,256
2021-05-28,San Mateo,081,765935,42397,42364,475,42839,439
2021-05-28,Santa Barbara,083,443738,34464,34371,1138,35509,455
2021-05-28,Santa Clara,085,1922200,118707,119462,765,120227,2056
2021-05-28,Santa Cruz,087,273765,16244,16129,813,16942,207
2021-05-28,Shasta,089,179085,12348,12383,1581,13964,198
2021-05-28,Sierra,091,2930,57,54,12,66,0
2021-05-28,Siskiyou,093,43540,1935,1850,367,2217,19
2021-05-28,Solano,095,438530,32924,32892,559,33451,256
2021-05-28,Sonoma,097,501317,30157,30270,339,30609,321
2021-05-28,Stanislaus,099,539301,56446,56278,5967,62245,974
2021-05-28,Sutter,101,95872,9479,9511,88,9599,111
2021-05-28,Tehama,103,63373,5094,5064,584,5648,63
2021-05-28,Trinity,105,12862,483,328,95,423,3
2021-05-28,Tulare,107,460477,50264,49375,9077,58452,846
2021-05-28,Tuolumne,109,53932,4026,4090,40,4130,63
2021-05-28,Ventura,111,848112,81437,80985,3001,83986,1021
2021-05-28,Yolo,113,214977,14053,14050,320,14370,210
2021-05-28,Yuba,115,75493,6082,6050,125,6175,48
2021-05-27,Alameda,001,1643700,88284,88342,1963,90305,1274
2021-05-27,Alpine,003,1148,87,88,0,88,0
2021-05-27,Amador,005,37829,3682,3680,33,3713,46
2021-05-27,Butte,007,227075,12573,12401,1825,14226,190
2021-05-27,Calaveras,009,45235,2171,2163,13,2176,55
2021-05-27,Colusa,011,21464,1947,1952,312,2264,15
2021-05-27,Contra Costa,013,1133247,69741,69245,1288,70533,813
2021-05-27,Del Norte,015,27424,1419,1388,13,1401,8
2021-05-27,El Dorado,017,186661,10317,10248,740,10988,112
2021-05-27,Fresno,019,978130,102848,102413,8736,111149,1704
2021-05-27,Glenn,021,27897,2437,2415,562,2977,18
2021-05-27,Humboldt,023,135768,4276,4260,38,4298,42
2021-05-27,Imperial,025,180216,28633,28728,2758,31486,736
2021-05-27,Inyo,027,18085,1404,1404,14,1418,35
2021-05-27,Kern,029,883053,97386,96364,10982,107346,1322
2021-05-27,Kings,031,150075,23185,22953,1094,24047,245
2021-05-27,Lake,033,64148,3530,3509,9,3518,45
2021-05-27,Lassen,035,31185,5217,5170,114,5284,6
2021-05-27,Los Angeles,037,10098052,1206088,1201927,41619,1243546,24348
2021-05-27,Madera,039,155013,16634,16527,942,17469,240
2021-05-27,Marin,041,260295,14115,14061,259,14320,229
2021-05-27,Mariposa,043,17540,432,427,11,438,5
2021-05-27,Mendocino,045,87422,4011,3945,82,4027,47
2021-05-27,Merced,047,269075,31051,31161,1054,32215,455
2021-05-27,Modoc,049,8938,381,374,131,505,3
2021-05-27,Mono,051,14174,1263,1276,17,1293,3
2021-05-27,Monterey,053,433212,43197,43032,1878,44910,379
2021-05-27,Napa,055,140530,9916,9934,38,9972,82
2021-05-27,Nevada,057,99092,4838,4807,190,4997,71
2021-05-27,Orange,059,3164182,255467,254438,11413,265851,5059
2021-05-27,Placer,061,380077,23339,22966,1508,24474,293
2021-05-27,Plumas,063,18699,706,687,11,698,4
2021-05-27,Riverside,065,2383286,294307,288835,14066,302901,4443
2021-05-27,Sacramento,067,1510023,106362,106015,1765,107780,1642
2021-05-27,San Benito,069,59416,6061,6074,115,6189,63
2021-05-27,San Bernardino,071,2135413,293486,292755,9014,301769,4756
2021-05-27,San Diego,073,3302833,280944,279960,14970,294930,3756
2021-05-27,San Francisco,075,870044,36781,36980,1293,38273,546
2021-05-27,San Joaquin,077,732212,73262,72714,3567,76281,1388
2021-05-27,San Luis Obispo,079,281455,21425,21171,746,21917,256
2021-05-27,San Mateo,081,765935,42388,42345,475,42820,436
2021-05-27,Santa Barbara,083,443738,34459,34355,1138,35493,456
2021-05-27,Santa Clara,085,1922200,118686,119452,765,120217,2053
2021-05-27,Santa Cruz,087,273765,16242,16134,813,16947,207
2021-05-27,Shasta,089,179085,12338,12380,1581,13961,202
2021-05-27,Sierra,091,2930,57,54,12,66,0
2021-05-27,Siskiyou,093,43540,1932,1846,367,2213,18
2021-05-27,Solano,095,438530,32883,32855,558,33413,257
2021-05-27,Sonoma,097,501317,30130,30253,335,30588,321
2021-05-27,Stanislaus,099,539301,56421,56207,5966,62173,974
2021-05-27,Sutter,101,95872,9475,9501,88,9589,111
2021-05-27,Tehama,103,63373,5091,5064,583,5647,63
2021-05-27,Trinity,105,12862,483,328,95,423,3
2021-05-27,Tulare,107,460477,50250,49366,9068,58434,840
2021-05-27,Tuolumne,109,53932,4025,4090,40,4130,66
2021-05-27,Ventura,111,848112,81424,80965,2998,83963,1023
2021-05-27,Yolo,113,214977,14050,14036,320,14356,213
2021-05-27,Yuba,115,75493,6077,6040,124,6164,48
2021-05-26,Alameda,001,1643700,88255,88297,1963,90260,1266
2021-05-26,Alpine,003,1148,87,88,0,88,0
2021-05-26,Amador,005,37829,3682,3679,33,3712,46
2021-05-26,Butte,007,227075,12564,12332,1824,14156,190
2021-05-26,Calaveras,009,45235,2170,2154,13,2167,55
2021-05-26,Colusa,011,21464,1946,1952,312,2264,15
2021-05-26,Contra Costa,013,1133247,69704,69210,1288,70498,812
2021-05-26,Del Norte,015,27424,1419,1386,12,1398,8
2021-05-26,El Dorado,017,186661,10313,10242,739,10981,112
2021-05-26,Fresno,019,978130,102816,102374,8731,111105,1702
2021-05-26,Glenn,021,27897,2436,2415,562,2977,18
2021-05-26,Humboldt,023,135768,4271,4246,38,4284,42
2021-05-26,Imperial,025,180216,28628,28712,2756,31468,734
2021-05-26,Inyo,027,18085,1404,1403,14,1417,36
2021-05-26,Kern,029,883053,97361,96343,10975,107318,1320
2021-05-26,Kings,031,150075,23181,22950,1093,24043,245
2021-05-26,Lake,033,64148,3529,3508,9,3517,45
2021-05-26,Lassen,035,31185,5216,5164,114,5278,6
2021-05-26,Los Angeles,037,10098052,1205922,1198100,41602,1239702,24221
2021-05-26,Madera,039,155013,16631,16520,942,17462,240
2021-05-26,Marin,041,260295,14112,14061,258,14319,227
2021-05-26,Mariposa,043,17540,432,427,11,438,5
2021-05-26,Mendocino,045,87422,4005,3938,82,4020,47
2021-05-26,Merced,047,269075,31042,31139,1054,32193,455
2021-05-26,Modoc,049,8938,381,371,130,501,3
2021-05-26,Mono,051,14174,1263,1274,17,1291,3
2021-05-26,Monterey,053,433212,43191,43018,1877,44895,379
2021-05-26,Napa,055,140530,9909,9932,36,9968,82
2021-05-26,Nevada,057,99092,4833,4803,190,4993,70
2021-05-26,Orange,059,3164182,255431,254368,11410,265778,5058
2021-05-26,Placer,061,380077,23315,22940,1508,24448,293
2021-05-26,Plumas,063,18699,705,685,11,696,4
2021-05-26,Riverside,065,2383286,294261,288782,14059,302841,4443
2021-05-26,Sacramento,067,1510023,106276,105919,1761,107680,1637
2021-05-26,San Benito,069,59416,6061,6074,115,6189,63
2021-05-26,San Bernardino,071,2135413,293451,292662,9013,301675,4755
2021-05-26,San Diego,073,3302833,280869,279859,14960,294819,3755
2021-05-26,San Francisco,075,870044,36769,36954,1293,38247,546
2021-05-26,San Joaquin,077,732212,73220,72681,3564,76245,1388
2021-05-26,San Luis Obispo,079,281455,21419,21163,746,21909,256
2021-05-26,San Mateo,081,765935,42380,42331,475,42806,436
2021-05-26,Santa Barbara,083,443738,34450,34348,1138,35486,459
2021-05-26,Santa Clara,085,1922200,118659,119421,764,120185,2031
2021-05-26,Santa Cruz,087,273765,16241,16139,813,16952,207
2021-05-26,Shasta,089,179085,12323,12357,1578,13935,202
2021-05-26,Sierra,091,2930,57,54,12,66,0
2021-05-26,Siskiyou,093,43540,1930,1847,365,2212,18
2021-05-26,Solano,095,438530,32847,32831,558,33389,257
2021-05-26,Sonoma,097,501317,30103,30230,335,30565,321
2021-05-26,Stanislaus,099,539301,56399,56193,5964,62157,974
2021-05-26,Sutter,101,95872,9470,9495,88,9583,112
2021-05-26,Tehama,103,63373,5090,5054,580,5634,63
2021-05-26,Trinity,105,12862,483,328,95,423,3
2021-05-26,Tulare,107,460477,50243,49352,9064,58416,839
2021-05-26,Tuolumne,109,53932,4021,4088,39,4127,66
2021-05-26,Ventura,111,848112,81401,80944,2996,83940,1023
2021-05-26,Yolo,113,214977,14047,14025,320,14345,213
2021-05-26,Yuba,115,75493,6072,6036,124,6160,49
2021-05-25,Alameda,001,1643700,88225,88237,1963,90200,1263
2021-05-25,Alpine,003,1148,87,88,0,88,0
2021-05-25,Amador,005,37829,3677,3676,33,3709,46
2021-05-25,Butte,007,227075,12553,12295,1823,14118,189
2021-05-25,Calaveras,009,45235,2168,2148,13,2161,55
2021-05-25,Colusa,011,21464,1945,1949,312,2261,15
2021-05-25,Contra Costa,013,1133247,69652,69167,1283,70450,809
2021-05-25,Del Norte,015,27424,1419,1385,12,1397,8
2021-05-25,El Dorado,017,186661,10306,10240,738,10978,112
2021-05-25,Fresno,019,978130,102795,102329,8729,111058,1701
2021-05-25,Glenn,021,27897,2435,2414,561,2975,17
2021-05-25,Humboldt,023,135768,4264,4231,36,4267,42
2021-05-25,Imperial,025,180216,28621,28586,2756,31342,735
2021-05-25,Inyo,027,18085,1404,1402,14,1416,36
2021-05-25,Kern,029,883053,97330,96319,10961,107280,1319
2021-05-25,Kings,031,150075,23174,22944,1093,24037,245
2021-05-25,Lake,033,64148,3528,3508,9,3517,44
2021-05-25,Lassen,035,31185,5212,5164,114,5278,6
2021-05-25,Los Angeles,037,10098052,1205741,1197940,41583,1239523,24212
2021-05-25,Madera,039,155013,16626,16519,941,17460,240
2021-05-25,Marin,041,260295,14106,14053,258,14311,227
2021-05-25,Mariposa,043,17540,431,427,11,438,5
2021-05-25,Mendocino,045,87422,4000,3928,82,4010,47
2021-05-25,Merced,047,269075,31021,31132,1054,32186,455
2021-05-25,Modoc,049,8938,380,367,130,497,3
2021-05-25,Mono,051,14174,1263,1274,17,1291,3
2021-05-25,Monterey,053,433212,43187,43012,1876,44888,379
2021-05-25,Napa,055,140530,9907,9926,36,9962,82
2021-05-25,Nevada,057,99092,4827,4795,190,4985,70
2021-05-25,Orange,059,3164182,255402,254321,11409,265730,5057
2021-05-25,Placer,061,380077,23304,22920,1506,24426,292
2021-05-25,Plumas,063,18699,705,684,11,695,4
2021-05-25,Riverside,065,2383286,294222,288725,14056,302781,4443
2021-05-25,Sacramento,067,1510023,106195,105828,1757,107585,1633
2021-05-25,San Benito,069,59416,6061,6073,115,6188,63
2021-05-25,San Bernardino,071,2135413,293391,292485,9011,301496,4755
2021-05-25,San Diego,073,3302833,280787,279786,14955,294741,3753
2021-05-25,San Francisco,075,870044,36746,36939,1293,38232,546
2021-05-25,San Joaquin,077,732212,73178,72628,3561,76189,1387
2021-05-25,San Luis Obispo,079,281455,21416,21153,746,21899,256
2021-05-25,San Mateo,081,765935,42370,42268,475,42743,435
2021-05-25,Santa Barbara,083,443738,34447,34337,1138,35475,459
2021-05-25,Santa Clara,085,1922200,118635,119393,763,120156,2032
2021-05-25,Santa Cruz,087,273765,16236,16141,813,16954,207
2021-05-25,Shasta,089,179085,12314,12328,1576,13904,202
2021-05-25,Sierra,091,2930,56,54,12,66,0
2021-05-25,Siskiyou,093,43540,1929,1845,364,2209,18
2021-05-25,Solano,095,438530,32828,32817,557,33374,256
2021-05-25,Sonoma,097,501317,30074,30207,334,30541,321
2021-05-25,Stanislaus,099,539301,56363,56168,5961,62129,974
2021-05-25,Sutter,101,95872,9466,9495,88,9583,112
2021-05-25,Tehama,103,63373,5088,5048,579,5627,63
2021-05-25,Trinity,105,12862,483,328,94,422,3
2021-05-25,Tulare,107,460477,50233,49326,9056,58382,838
2021-05-25,Tuolumne,109,53932,4021,4084,39,4123,66
2021-05-25,Ventura,111,848112,81383,80905,2996,83901,1022
2021-05-25,Yolo,113,214977,14039,14018,318,14336,213
2021-05-25,Yuba,115,75493,6065,6028,124,6152,49
2021-05-24,Alameda,001,1643700,88185,88182,1962,90144,1263
2021-05-24,Alpine,003,1148,87,88,0,88,0
2021-05-24,Amador,005,37829,3675,3675,33,3708,46
2021-05-24,Butte,007,227075,12540,12279,1820,14099,189
2021-05-24,Calaveras,009,45235,2166,2146,13,2159,54
2021-05-24,Colusa,011,21464,1945,1949,312,2261,15
2021-05-24,Contra Costa,013,1133247,69611,69107,1279,70386,809
2021-05-24,Del Norte,015,27424,1418,1384,12,1396,8
2021-05-24,El Dorado,017,186661,10296,10227,737,10964,112
2021-05-24,Fresno,019,978130,102753,102289,8728,111017,1698
2021-05-24,Glenn,021,27897,2435,2413,561,2974,17
2021-05-24,Humboldt,023,135768,4257,4225,36,4261,42
2021-05-24,Imperial,025,180216,28619,28575,2756,31331,735
2021-05-24,Inyo,027,18085,1404,1402,14,1416,36
2021-05-24,Kern,029,883053,97303,96296,10956,107252,1319
2021-05-24,Kings,031,150075,23170,22940,1093,24033,246
2021-05-24,Lake,033,64148,3526,3506,9,3515,43
2021-05-24,Lassen,035,31185,5208,5163,114,5277,6
2021-05-24,Los Angeles,037,10098052,1205566,1197782,41569,1239351,24201
2021-05-24,Madera,039,155013,16622,16513,940,17453,239
2021-05-24,Marin,041,260295,14104,14051,258,14309,227
2021-05-24,Mariposa,043,17540,430,427,11,438,5
2021-05-24,Mendocino,045,87422,3998,3919,82,4001,47
2021-05-24,Merced,047,269075,31011,31128,1053,32181,455
2021-05-24,Modoc,049,8938,380,366,129,495,3
2021-05-24,Mono,051,14174,1263,1270,17,1287,3
2021-05-24,Monterey,053,433212,43182,43005,1875,44880,379
2021-05-24,Napa,055,140530,9907,9924,36,9960,82
2021-05-24,Nevada,057,99092,4824,4790,190,4980,70
2021-05-24,Orange,059,3164182,255368,254287,11399,265686,5056
2021-05-24,Placer,061,380077,23285,22895,1505,24400,292
2021-05-24,Plumas,063,18699,704,683,11,694,4
2021-05-24,Riverside,065,2383286,294165,288669,14046,302715,4442
2021-05-24,Sacramento,067,1510023,106080,105716,1756,107472,1632
2021-05-24,San Benito,069,59416,6061,6072,115,6187,63
2021-05-24,San Bernardino,071,2135413,293351,292343,9010,301353,4747
2021-05-24,San Diego,073,3302833,280679,279715,14945,294660,3749
2021-05-24,San Francisco,075,870044,36726,36934,1291,38225,547
2021-05-24,San Joaquin,077,732212,73146,72586,3560,76146,1371
2021-05-24,San Luis Obispo,079,281455,21398,21146,745,21891,256
2021-05-24,San Mateo,081,765935,42360,42249,475,42724,433
2021-05-24,Santa Barbara,083,443738,34442,34322,1138,35460,459
2021-05-24,Santa Clara,085,1922200,118603,119358,763,120121,2030
2021-05-24,Santa Cruz,087,273765,16230,16135,813,16948,207
2021-05-24,Shasta,089,179085,12297,12315,1573,13888,201
2021-05-24,Sierra,091,2930,56,54,12,66,0
2021-05-24,Siskiyou,093,43540,1926,1840,364,2204,17
2021-05-24,Solano,095,438530,32803,32792,556,33348,254
2021-05-24,Sonoma,097,501317,30059,30187,334,30521,321
2021-05-24,Stanislaus,099,539301,56329,56128,5957,62085,974
2021-05-24,Sutter,101,95872,9460,9486,88,9574,113
2021-05-24,Tehama,103,63373,5085,5043,577,5620,63
2021-05-24,Trinity,105,12862,483,328,94,422,3
2021-05-24,Tulare,107,460477,50226,49318,9052,58370,838
2021-05-24,Tuolumne,109,53932,4021,4083,39,4122,65
2021-05-24,Ventura,111,848112,81370,80876,2994,83870,1022
2021-05-24,Yolo,113,214977,14022,14012,316,14328,213
2021-05-24,Yuba,115,75493,6056,6022,124,6146,49
2021-05-23,Alameda,001,1643700,88121,88157,1959,90116,1263
2021-05-23,Alpine,003,1148,87,88,0,88,0
2021-05-23,Amador,005,37829,3674,3673,33,3706,46
2021-05-23,Butte,007,227075,12526,12271,1819,14090,189
2021-05-23,Calaveras,009,45235,2158,2144,13,2157,54
2021-05-23,Colusa,011,21464,1945,1949,310,2259,15
2021-05-23,Contra Costa,013,1133247,69567,69075,1277,70352,809
2021-05-23,Del Norte,015,27424,1414,1383,12,1395,8
2021-05-23,El Dorado,017,186661,10290,10222,737,10959,112
2021-05-23,Fresno,019,978130,102708,102270,8723,110993,1698
2021-05-23,Glenn,021,27897,2433,2413,561,2974,17
2021-05-23,Humboldt,023,135768,4240,4216,36,4252,42
2021-05-23,Imperial,025,180216,28613,28569,2755,31324,735
2021-05-23,Inyo,027,18085,1404,1402,14,1416,36
2021-05-23,Kern,029,883053,97279,96282,10948,107230,1319
2021-05-23,Kings,031,150075,23157,22939,1091,24030,246
2021-05-23,Lake,033,64148,3523,3504,9,3513,43
2021-05-23,Lassen,035,31185,5204,5163,113,5276,6
2021-05-23,Los Angeles,037,10098052,1205377,1197633,41558,1239191,24197
2021-05-23,Madera,039,155013,16616,16504,940,17444,239
2021-05-23,Marin,041,260295,14095,14048,257,14305,227
2021-05-23,Mariposa,043,17540,430,427,11,438,5
2021-05-23,Mendocino,045,87422,3992,3913,81,3994,47
2021-05-23,Merced,047,269075,31001,31118,1053,32171,455
2021-05-23,Modoc,049,8938,376,366,129,495,3
2021-05-23,Mono,051,14174,1262,1270,17,1287,3
2021-05-23,Monterey,053,433212,43172,43003,1875,44878,379
2021-05-23,Napa,055,140530,9903,9923,36,9959,82
2021-05-23,Nevada,057,99092,4814,4790,190,4980,70
2021-05-23,Orange,059,3164182,255330,254277,11393,265670,5050
2021-05-23,Placer,061,380077,23265,22888,1505,24393,292
2021-05-23,Plumas,063,18699,703,683,11,694,4
2021-05-23,Riverside,065,2383286,294096,288641,14042,302683,4442
2021-05-23,Sacramento,067,1510023,105964,105663,1753,107416,1632
2021-05-23,San Benito,069,59416,6060,6072,115,6187,63
2021-05-23,San Bernardino,071,2135413,293300,292327,9009,301336,4747
2021-05-23,San Diego,073,3302833,280589,279690,14934,294624,3751
2021-05-23,San Francisco,075,870044,36715,36927,1290,38217,547
2021-05-23,San Joaquin,077,732212,73097,72571,3557,76128,1371
2021-05-23,San Luis Obispo,079,281455,21388,21141,744,21885,256
2021-05-23,San Mateo,081,765935,42343,42248,475,42723,433
2021-05-23,Santa Barbara,083,443738,34435,34319,1138,35457,459
2021-05-23,Santa Clara,085,1922200,118579,119333,763,120096,2030
2021-05-23,Santa Cruz,087,273765,16227,16130,813,16943,207
2021-05-23,Shasta,089,179085,12280,12313,1569,13882,201
2021-05-23,Sierra,091,2930,56,54,12,66,0
2021-05-23,Siskiyou,093,43540,1921,1826,357,2183,17
2021-05-23,Solano,095,438530,32785,32780,555,33335,254
2021-05-23,Sonoma,097,501317,30030,30168,333,30501,321
2021-05-23,Stanislaus,099,539301,56281,56104,5954,62058,974
2021-05-23,Sutter,101,95872,9451,9479,88,9567,113
2021-05-23,Tehama,103,63373,5078,5041,575,5616,63
2021-05-23,Trinity,105,12862,483,328,94,422,3
2021-05-23,Tulare,107,460477,50212,49310,9048,58358,838
2021-05-23,Tuolumne,109,53932,4018,4081,39,4120,65
2021-05-23,Ventura,111,848112,81340,80872,2993,83865,1022
2021-05-23,Yolo,113,214977,14010,14004,313,14317,213
2021-05-23,Yuba,115,75493,6051,6017,124,6141,49
2021-05-22,Alameda,001,1643700,88094,88101,1959,90060,1263
2021-05-22,Alpine,003,1148,87,88,0,88,0
2021-05-22,Amador,005,37829,3673,3672,33,3705,46
2021-05-22,Butte,007,227075,12514,12265,1818,14083,189
2021-05-22,Calaveras,009,45235,2154,2141,13,2154,54
2021-05-22,Colusa,011,21464,1941,1949,309,2258,15
2021-05-22,Contra Costa,013,1133247,69534,69004,1276,70280,809
2021-05-22,Del Norte,015,27424,1413,1381,12,1393,8
2021-05-22,El Dorado,017,186661,10285,10215,737,10952,112
2021-05-22,Fresno,019,978130,102694,102238,8721,110959,1698
2021-05-22,Glenn,021,27897,2433,2412,561,2973,17
2021-05-22,Humboldt,023,135768,4231,4194,35,4229,42
2021-05-22,Imperial,025,180216,28604,28574,2755,31329,735
2021-05-22,Inyo,027,18085,1404,1402,14,1416,36
2021-05-22,Kern,029,883053,97267,96260,10941,107201,1319
2021-05-22,Kings,031,150075,23157,22936,1091,24027,246
2021-05-22,Lake,033,64148,3520,3502,9,3511,43
2021-05-22,Lassen,035,31185,5204,5163,113,5276,6
2021-05-22,Los Angeles,037,10098052,1205267,1197454,41549,1239003,24192
2021-05-22,Madera,039,155013,16613,16503,940,17443,239
2021-05-22,Marin,041,260295,14092,14043,257,14300,227
2021-05-22,Mariposa,043,17540,430,427,11,438,5
2021-05-22,Mendocino,045,87422,3986,3908,81,3989,47
2021-05-22,Merced,047,269075,30991,31099,1053,32152,455
2021-05-22,Modoc,049,8938,376,366,129,495,3
2021-05-22,Mono,051,14174,1260,1270,17,1287,3
2021-05-22,Monterey,053,433212,43166,42998,1875,44873,379
2021-05-22,Napa,055,140530,9901,9918,36,9954,82
2021-05-22,Nevada,057,99092,4807,4787,189,4976,70
2021-05-22,Orange,059,3164182,255309,254238,11387,265625,5048
2021-05-22,Placer,061,380077,23251,22865,1504,24369,292
2021-05-22,Plumas,063,18699,702,683,11,694,4
2021-05-22,Riverside,065,2383286,294064,288580,14041,302621,4442
2021-05-22,Sacramento,067,1510023,105889,105551,1750,107301,1632
2021-05-22,San Benito,069,59416,6060,6071,115,6186,63
2021-05-22,San Bernardino,071,2135413,293275,292292,9009,301301,4747
2021-05-22,San Diego,073,3302833,280530,279614,14926,294540,3751
2021-05-22,San Francisco,075,870044,36705,36906,1288,38194,547
2021-05-22,San Joaquin,077,732212,73075,72528,3554,76082,1371
2021-05-22,San Luis Obispo,079,281455,21380,21134,743,21877,256
2021-05-22,San Mateo,081,765935,42333,42218,475,42693,433
2021-05-22,Santa Barbara,083,443738,34431,34313,1137,35450,459
2021-05-22,Santa Clara,085,1922200,118555,119292,763,120055,2030
2021-05-22,Santa Cruz,087,273765,16227,16125,813,16938,207
2021-05-22,Shasta,089,179085,12273,12307,1566,13873,201
2021-05-22,Sierra,091,2930,56,54,12,66,0
2021-05-22,Siskiyou,093,43540,1920,1824,356,2180,17
2021-05-22,Solano,095,438530,32772,32753,555,33308,254
2021-05-22,Sonoma,097,501317,30018,30154,333,30487,321
2021-05-22,Stanislaus,099,539301,56258,56069,5952,62021,974
2021-05-22,Sutter,101,95872,9446,9476,88,9564,113
2021-05-22,Tehama,103,63373,5077,5036,575,5611,63
2021-05-22,Trinity,105,12862,483,328,94,422,3
2021-05-22,Tulare,107,460477,50206,49299,9043,58342,838
2021-05-22,Tuolumne,109,53932,4018,4078,39,4117,65
2021-05-22,Ventura,111,848112,81336,80859,2993,83852,1022
2021-05-22,Yolo,113,214977,14008,13997,313,14310,213
2021-05-22,Yuba,115,75493,6048,6010,124,6134,49
2021-05-21,Alameda,001,1643700,88068,88041,1958,89999,1263
2021-05-21,Alpine,003,1148,87,88,0,88,0
2021-05-21,Amador,005,37829,3670,3672,33,3705,46
2021-05-21,Butte,007,227075,12508,12236,1816,14052,188
2021-05-21,Calaveras,009,45235,2152,2138,13,2151,54
2021-05-21,Colusa,011,21464,1941,1947,309,2256,15
2021-05-21,Contra Costa,013,1133247,69491,68965,1275,70240,810
2021-05-21,Del Norte,015,27424,1412,1376,12,1388,8
2021-05-21,El Dorado,017,186661,10281,10204,737,10941,112
2021-05-21,Fresno,019,978130,102666,102189,8719,110908,1698
2021-05-21,Glenn,021,27897,2432,2408,561,2969,17
2021-05-21,Humboldt,023,135768,4224,4175,35,4210,42
2021-05-21,Imperial,025,180216,28597,28572,2754,31326,732
2021-05-21,Inyo,027,18085,1404,1402,14,1416,36
2021-05-21,Kern,029,883053,97253,96233,10934,107167,1318
2021-05-21,Kings,031,150075,23157,22927,1091,24018,246
2021-05-21,Lake,033,64148,3518,3500,9,3509,43
2021-05-21,Lassen,035,31185,5203,5161,113,5274,6
2021-05-21,Los Angeles,037,10098052,1205155,1197263,41540,1238803,24180
2021-05-21,Madera,039,155013,16612,16500,939,17439,238
2021-05-21,Marin,041,260295,14087,14042,257,14299,227
2021-05-21,Mariposa,043,17540,429,427,11,438,5
2021-05-21,Mendocino,045,87422,3980,3897,81,3978,47
2021-05-21,Merced,047,269075,30983,31076,1053,32129,455
2021-05-21,Modoc,049,8938,376,365,129,494,3
2021-05-21,Mono,051,14174,1260,1269,17,1286,3
2021-05-21,Monterey,053,433212,43164,42995,1875,44870,379
2021-05-21,Napa,055,140530,9897,9913,36,9949,82
2021-05-21,Nevada,057,99092,4806,4779,189,4968,70
2021-05-21,Orange,059,3164182,255290,254171,11385,265556,5042
2021-05-21,Placer,061,380077,23242,22853,1504,24357,292
2021-05-21,Plumas,063,18699,702,683,10,693,4
2021-05-21,Riverside,065,2383286,294037,288499,14034,302533,4442
2021-05-21,Sacramento,067,1510023,105822,105476,1747,107223,1632
2021-05-21,San Benito,069,59416,6060,6068,115,6183,63
2021-05-21,San Bernardino,071,2135413,293243,292205,9006,301211,4744
2021-05-21,San Diego,073,3302833,280457,279554,14916,294470,3748
2021-05-21,San Francisco,075,870044,36700,36879,1288,38167,546
2021-05-21,San Joaquin,077,732212,73055,72467,3552,76019,1371
2021-05-21,San Luis Obispo,079,281455,21374,21128,740,21868,256
2021-05-21,San Mateo,081,765935,42320,42163,474,42637,432
2021-05-21,Santa Barbara,083,443738,34426,34302,1137,35439,459
2021-05-21,Santa Clara,085,1922200,118528,119247,763,120010,2029
2021-05-21,Santa Cruz,087,273765,16223,16120,813,16933,207
2021-05-21,Shasta,089,179085,12256,12289,1564,13853,201
2021-05-21,Sierra,091,2930,56,54,12,66,0
2021-05-21,Siskiyou,093,43540,1919,1815,356,2171,16
2021-05-21,Solano,095,438530,32757,32742,555,33297,254
2021-05-21,Sonoma,097,501317,30005,30126,333,30459,321
2021-05-21,Stanislaus,099,539301,56229,56036,5950,61986,975
2021-05-21,Sutter,101,95872,9444,9470,88,9558,113
2021-05-21,Tehama,103,63373,5071,5030,575,5605,63
2021-05-21,Trinity,105,12862,483,329,93,422,3
2021-05-21,Tulare,107,460477,50201,49271,9041,58312,838
2021-05-21,Tuolumne,109,53932,4016,4079,39,4118,65
2021-05-21,Ventura,111,848112,81328,80821,2990,83811,1021
2021-05-21,Yolo,113,214977,14002,13983,313,14296,213
2021-05-21,Yuba,115,75493,6042,6006,124,6130,49
2021-05-20,Alameda,001,1643700,88024,87975,1957,89932,1264
2021-05-20,Alpine,003,1148,87,88,0,88,0
2021-05-20,Amador,005,37829,3669,3671,33,3704,46
2021-05-20,Butte,007,227075,12501,12220,1813,14033,188
2021-05-20,Calaveras,009,45235,2148,2138,13,2151,54
2021-05-20,Colusa,011,21464,1940,1946,307,2253,15
2021-05-20,Contra Costa,013,1133247,69446,68913,1273,70186,809
2021-05-20,Del Norte,015,27424,1412,1373,12,1385,8
2021-05-20,El Dorado,017,186661,10271,10188,737,10925,112
2021-05-20,Fresno,019,978130,102644,102135,8717,110852,1696
2021-05-20,Glenn,021,27897,2429,2406,561,2967,17
2021-05-20,Humboldt,023,135768,4207,4162,34,4196,42
2021-05-20,Imperial,025,180216,28592,28551,2754,31305,732
2021-05-20,Inyo,027,18085,1404,1402,14,1416,36
2021-05-20,Kern,029,883053,97232,96204,10927,107131,1317
2021-05-20,Kings,031,150075,23155,22922,1091,24013,246
2021-05-20,Lake,033,64148,3515,3500,9,3509,43
2021-05-20,Lassen,035,31185,5201,5160,112,5272,6
2021-05-20,Los Angeles,037,10098052,1204999,1197073,41531,1238604,24168
2021-05-20,Madera,039,155013,16606,16499,937,17436,238
2021-05-20,Marin,041,260295,14083,14036,256,14292,227
2021-05-20,Mariposa,043,17540,429,426,11,437,5
2021-05-20,Mendocino,045,87422,3973,3897,81,3978,47
2021-05-20,Merced,047,269075,30970,31046,1052,32098,454
2021-05-20,Modoc,049,8938,376,365,129,494,3
2021-05-20,Mono,051,14174,1259,1269,17,1286,3
2021-05-20,Monterey,053,433212,43158,42984,1874,44858,379
2021-05-20,Napa,055,140530,9894,9913,36,9949,82
2021-05-20,Nevada,057,99092,4805,4775,189,4964,70
2021-05-20,Orange,059,3164182,255247,254127,11382,265509,5038
2021-05-20,Placer,061,380077,23229,22823,1503,24326,292
2021-05-20,Plumas,063,18699,700,682,10,692,4
2021-05-20,Riverside,065,2383286,293989,288453,14029,302482,4442
2021-05-20,Sacramento,067,1510023,105726,105414,1744,107158,1629
2021-05-20,San Benito,069,59416,6059,6067,115,6182,63
2021-05-20,San Bernardino,071,2135413,293197,292153,9005,301158,4728
2021-05-20,San Diego,073,3302833,280369,279490,14904,294394,3749
2021-05-20,San Francisco,075,870044,36691,36860,1288,38148,546
2021-05-20,San Joaquin,077,732212,73017,72388,3550,75938,1371
2021-05-20,San Luis Obispo,079,281455,21362,21095,738,21833,256
2021-05-20,San Mateo,081,765935,42306,42152,472,42624,432
2021-05-20,Santa Barbara,083,443738,34422,34293,1137,35430,459
2021-05-20,Santa Clara,085,1922200,118507,119222,763,119985,2029
2021-05-20,Santa Cruz,087,273765,16218,16119,813,16932,207
2021-05-20,Shasta,089,179085,12243,12266,1561,13827,200
2021-05-20,Sierra,091,2930,56,54,12,66,0
2021-05-20,Siskiyou,093,43540,1912,1811,355,2166,16
2021-05-20,Solano,095,438530,32742,32725,555,33280,253
2021-05-20,Sonoma,097,501317,29988,30107,332,30439,321
2021-05-20,Stanislaus,099,539301,56204,55979,5948,61927,970
2021-05-20,Sutter,101,95872,9440,9467,88,9555,113
2021-05-20,Tehama,103,63373,5069,5029,575,5604,63
2021-05-20,Trinity,105,12862,483,329,92,421,3
2021-05-20,Tulare,107,460477,50190,49217,9038,58255,837
2021-05-20,Tuolumne,109,53932,4015,4077,39,4116,65
2021-05-20,Ventura,111,848112,81317,80800,2990,83790,1019
2021-05-20,Yolo,113,214977,13997,13973,313,14286,211
2021-05-20,Yuba,115,75493,6033,6002,124,6126,49
2021-05-19,Alameda,001,1643700,87984,87889,1955,89844,1260
2021-05-19,Alpine,003,1148,87,88,0,88,0
2021-05-19,Amador,005,37829,3669,3669,33,3702,46
2021-05-19,Butte,007,227075,12491,12198,1813,14011,188
2021-05-19,Calaveras,009,45235,2144,2132,13,2145,54
2021-05-19,Colusa,011,21464,1940,1945,305,2250,15
2021-05-19,Contra Costa,013,1133247,69399,68836,1273,70109,808
2021-05-19,Del Norte,015,27424,1410,1371,12,1383,8
2021-05-19,El Dorado,017,186661,10266,10179,736,10915,112
2021-05-19,Fresno,019,978130,102614,102085,8714,110799,1693
2021-05-19,Glenn,021,27897,2429,2404,561,2965,17
2021-05-19,Humboldt,023,135768,4197,4143,34,4177,42
2021-05-19,Imperial,025,180216,28583,28550,2754,31304,732
2021-05-19,Inyo,027,18085,1404,1402,14,1416,36
2021-05-19,Kern,029,883053,97203,96173,10919,107092,1316
2021-05-19,Kings,031,150075,23149,22919,1091,24010,246
2021-05-19,Lake,033,64148,3515,3497,9,3506,43
2021-05-19,Lassen,035,31185,5200,5157,112,5269,6
2021-05-19,Los Angeles,037,10098052,1204804,1196856,41516,1238372,24143
2021-05-19,Madera,039,155013,16603,16496,937,17433,238
2021-05-19,Marin,041,260295,14079,14033,254,14287,227
2021-05-19,Mariposa,043,17540,429,425,11,436,5
2021-05-19,Mendocino,045,87422,3969,3886,81,3967,47
2021-05-19,Merced,047,269075,30954,31044,1052,32096,452
2021-05-19,Modoc,049,8938,376,364,126,490,3
2021-05-19,Mono,051,14174,1259,1266,17,1283,3
2021-05-19,Monterey,053,433212,43153,42973,1873,44846,379
2021-05-19,Napa,055,140530,9891,9906,36,9942,82
2021-05-19,Nevada,057,99092,4803,4769,189,4958,70
2021-05-19,Orange,059,3164182,255210,254087,11372,265459,5035
2021-05-19,Placer,061,380077,23210,22784,1498,24282,291
2021-05-19,Plumas,063,18699,700,682,10,692,4
2021-05-19,Riverside,065,2383286,293942,288398,14027,302425,4442
2021-05-19,Sacramento,067,1510023,105649,105225,1743,106968,1629
2021-05-19,San Benito,069,59416,6058,6064,115,6179,63
2021-05-19,San Bernardino,071,2135413,293153,292078,9002,301080,4725
2021-05-19,San Diego,073,3302833,280284,279345,14883,294228,3746
2021-05-19,San Francisco,075,870044,36678,36835,1287,38122,546
2021-05-19,San Joaquin,077,732212,72974,72338,3545,75883,1369
2021-05-19,San Luis Obispo,079,281455,21354,21085,737,21822,256
2021-05-19,San Mateo,081,765935,42299,42126,472,42598,429
2021-05-19,Santa Barbara,083,443738,34414,34292,1137,35429,459
2021-05-19,Santa Clara,085,1922200,118467,119176,762,119938,2015
2021-05-19,Santa Cruz,087,273765,16214,16121,812,16933,207
2021-05-19,Shasta,089,179085,12225,12233,1558,13791,200
2021-05-19,Sierra,091,2930,56,54,12,66,0
2021-05-19,Siskiyou,093,43540,1909,1803,354,2157,16
2021-05-19,Solano,095,438530,32715,32678,553,33231,253
2021-05-19,Sonoma,097,501317,29973,30080,332,30412,321
2021-05-19,Stanislaus,099,539301,56186,55912,5943,61855,967
2021-05-19,Sutter,101,95872,9433,9459,87,9546,113
2021-05-19,Tehama,103,63373,5060,5026,569,5595,63
2021-05-19,Trinity,105,12862,483,329,92,421,3
2021-05-19,Tulare,107,460477,50177,49163,9033,58196,837
2021-05-19,Tuolumne,109,53932,4015,4074,39,4113,64
2021-05-19,Ventura,111,848112,81302,80747,2989,83736,1019
2021-05-19,Yolo,113,214977,13990,13961,312,14273,211
2021-05-19,Yuba,115,75493,6029,5993,124,6117,49
2021-05-18,Alameda,001,1643700,87910,87816,1955,89771,1254
2021-05-18,Alpine,003,1148,87,88,0,88,0
2021-05-18,Amador,005,37829,3669,3669,33,3702,46
2021-05-18,Butte,007,227075,12478,12164,1810,13974,191
2021-05-18,Calaveras,009,45235,2140,2131,13,2144,54
2021-05-18,Colusa,011,21464,1940,1943,305,2248,14
2021-05-18,Contra Costa,013,1133247,69342,68750,1272,70022,808
2021-05-18,Del Norte,015,27424,1407,1371,12,1383,8
2021-05-18,El Dorado,017,186661,10255,10169,735,10904,112
2021-05-18,Fresno,019,978130,102578,102056,8711,110767,1690
2021-05-18,Glenn,021,27897,2423,2403,560,2963,17
2021-05-18,Humboldt,023,135768,4179,4132,34,4166,42
2021-05-18,Imperial,025,180216,28577,28538,2752,31290,730
2021-05-18,Inyo,027,18085,1404,1401,14,1415,36
2021-05-18,Kern,029,883053,97169,96128,10905,107033,1315
2021-05-18,Kings,031,150075,23143,22916,1091,24007,247
2021-05-18,Lake,033,64148,3513,3495,9,3504,43
2021-05-18,Lassen,035,31185,5199,5157,111,5268,6
2021-05-18,Los Angeles,037,10098052,1204625,1196668,41505,1238173,24133
2021-05-18,Madera,039,155013,16593,16491,936,17427,238
2021-05-18,Marin,041,260295,14076,14026,254,14280,227
2021-05-18,Mariposa,043,17540,429,424,11,435,5
2021-05-18,Mendocino,045,87422,3958,3877,80,3957,47
2021-05-18,Merced,047,269075,30935,31036,1052,32088,452
2021-05-18,Modoc,049,8938,375,364,125,489,3
2021-05-18,Mono,051,14174,1258,1265,17,1282,3
2021-05-18,Monterey,053,433212,43147,43001,1873,44874,379
2021-05-18,Napa,055,140530,9891,9905,36,9941,82
2021-05-18,Nevada,057,99092,4796,4762,189,4951,70
2021-05-18,Orange,059,3164182,255169,254041,11362,265403,5031
2021-05-18,Placer,061,380077,23177,22726,1494,24220,291
2021-05-18,Plumas,063,18699,700,682,10,692,4
2021-05-18,Riverside,065,2383286,293887,288354,14020,302374,4438
2021-05-18,Sacramento,067,1510023,105547,105083,1741,106824,1629
2021-05-18,San Benito,069,59416,6057,6065,115,6180,63
2021-05-18,San Bernardino,071,2135413,293095,292014,8997,301011,4722
2021-05-18,San Diego,073,3302833,280176,279254,14874,294128,3742
2021-05-18,San Francisco,075,870044,36658,36818,1287,38105,546
2021-05-18,San Joaquin,077,732212,72927,72282,3541,75823,1368
2021-05-18,San Luis Obispo,079,281455,21344,21080,735,21815,256
2021-05-18,San Mateo,081,765935,42287,42099,471,42570,428
2021-05-18,Santa Barbara,083,443738,34405,34278,1137,35415,459
2021-05-18,Santa Clara,085,1922200,118440,119171,762,119933,2014
2021-05-18,Santa Cruz,087,273765,16206,16137,812,16949,207
2021-05-18,Shasta,089,179085,12207,12197,1552,13749,200
2021-05-18,Sierra,091,2930,56,54,12,66,0
2021-05-18,Siskiyou,093,43540,1908,1799,354,2153,16
2021-05-18,Solano,095,438530,32690,32644,553,33197,253
2021-05-18,Sonoma,097,501317,29953,30054,331,30385,321
2021-05-18,Stanislaus,099,539301,56151,55860,5943,61803,959
2021-05-18,Sutter,101,95872,9425,9453,87,9540,113
2021-05-18,Tehama,103,63373,5054,5020,566,5586,63
2021-05-18,Trinity,105,12862,483,329,91,420,3
2021-05-18,Tulare,107,460477,50169,49142,9028,58170,836
2021-05-18,Tuolumne,109,53932,4013,4073,39,4112,64
2021-05-18,Ventura,111,848112,81286,80726,2986,83712,1017
2021-05-18,Yolo,113,214977,13983,13951,311,14262,211
2021-05-18,Yuba,115,75493,6025,5989,123,6112,49
2021-05-17,Alameda,001,1643700,87857,87766,1952,89718,1253
2021-05-17,Alpine,003,1148,87,88,0,88,0
2021-05-17,Amador,005,37829,3666,3668,33,3701,46
2021-05-17,Butte,007,227075,12470,12144,1810,13954,192
2021-05-17,Calaveras,009,45235,2140,2131,13,2144,53
2021-05-17,Colusa,011,21464,1940,1943,305,2248,14
2021-05-17,Contra Costa,013,1133247,69287,68720,1271,69991,805
2021-05-17,Del Norte,015,27424,1402,1369,12,1381,8
2021-05-17,El Dorado,017,186661,10238,10163,735,10898,112
2021-05-17,Fresno,019,978130,102534,102013,8703,110716,1690
2021-05-17,Glenn,021,27897,2423,2401,560,2961,17
2021-05-17,Humboldt,023,135768,4168,4112,34,4146,42
2021-05-17,Imperial,025,180216,28571,28533,2750,31283,729
2021-05-17,Inyo,027,18085,1404,1401,14,1415,36
2021-05-17,Kern,029,883053,97140,96095,10888,106983,1315
2021-05-17,Kings,031,150075,23140,22918,1091,24009,246
2021-05-17,Lake,033,64148,3508,3489,9,3498,43
2021-05-17,Lassen,035,31185,5196,5156,110,5266,6
2021-05-17,Los Angeles,037,10098052,1204447,1196556,41499,1238055,24123
2021-05-17,Madera,039,155013,16586,16486,936,17422,238
2021-05-17,Marin,041,260295,14070,14021,254,14275,227
2021-05-17,Mariposa,043,17540,428,423,11,434,5
2021-05-17,Mendocino,045,87422,3949,3868,80,3948,46
2021-05-17,Merced,047,269075,30920,31031,1052,32083,450
2021-05-17,Modoc,049,8938,374,362,125,487,3
2021-05-17,Mono,051,14174,1254,1265,17,1282,3
2021-05-17,Monterey,053,433212,43140,42995,1873,44868,379
2021-05-17,Napa,055,140530,9890,9894,36,9930,82
2021-05-17,Nevada,057,99092,4792,4761,188,4949,70
2021-05-17,Orange,059,3164182,255122,253993,11355,265348,5031
2021-05-17,Placer,061,380077,23151,22706,1487,24193,289
2021-05-17,Plumas,063,18699,700,682,10,692,4
2021-05-17,Riverside,065,2383286,293818,288304,14016,302320,4433
2021-05-17,Sacramento,067,1510023,105439,105035,1739,106774,1629
2021-05-17,San Benito,069,59416,6054,6067,115,6182,63
2021-05-17,San Bernardino,071,2135413,293046,291989,8989,300978,4724
2021-05-17,San Diego,073,3302833,280044,279146,14852,293998,3742
2021-05-17,San Francisco,075,870044,36646,36816,1285,38101,546
2021-05-17,San Joaquin,077,732212,72889,72234,3538,75772,1359
2021-05-17,San Luis Obispo,079,281455,21335,21079,733,21812,256
2021-05-17,San Mateo,081,765935,42259,42083,471,42554,428
2021-05-17,Santa Barbara,083,443738,34398,34275,1137,35412,459
2021-05-17,Santa Clara,085,1922200,118403,119116,760,119876,2015
2021-05-17,Santa Cruz,087,273765,16203,16151,812,16963,206
2021-05-17,Shasta,089,179085,12185,12163,1551,13714,200
2021-05-17,Sierra,091,2930,56,54,12,66,0
2021-05-17,Siskiyou,093,43540,1899,1795,351,2146,15
2021-05-17,Solano,095,438530,32672,32627,552,33179,253
2021-05-17,Sonoma,097,501317,29930,30043,330,30373,321
2021-05-17,Stanislaus,099,539301,56105,55839,5936,61775,951
2021-05-17,Sutter,101,95872,9418,9447,87,9534,113
2021-05-17,Tehama,103,63373,5050,5016,565,5581,63
2021-05-17,Trinity,105,12862,483,328,91,419,3
2021-05-17,Tulare,107,460477,50147,49107,9023,58130,836
2021-05-17,Tuolumne,109,53932,4013,4071,39,4110,64
2021-05-17,Ventura,111,848112,81266,80699,2986,83685,1017
2021-05-17,Yolo,113,214977,13976,13941,311,14252,211
2021-05-17,Yuba,115,75493,6017,5987,123,6110,49
2021-05-16,Alameda,001,1643700,87793,87743,1952,89695,1253
2021-05-16,Alpine,003,1148,87,88,0,88,0
2021-05-16,Amador,005,37829,3665,3667,33,3700,46
2021-05-16,Butte,007,227075,12456,12140,1809,13949,192
2021-05-16,Calaveras,009,45235,2138,2129,13,2142,53
2021-05-16,Colusa,011,21464,1938,1943,305,2248,14
2021-05-16,Contra Costa,013,1133247,69219,68694,1268,69962,805
2021-05-16,Del Norte,015,27424,1399,1365,12,1377,8
2021-05-16,El Dorado,017,186661,10222,10159,734,10893,112
2021-05-16,Fresno,019,978130,102490,101987,8697,110684,1690
2021-05-16,Glenn,021,27897,2423,2401,559,2960,17
2021-05-16,Humboldt,023,135768,4153,4104,34,4138,42
2021-05-16,Imperial,025,180216,28560,28516,2749,31265,729
2021-05-16,Inyo,027,18085,1404,1401,14,1415,36
2021-05-16,Kern,029,883053,97107,96083,10868,106951,1315
2021-05-16,Kings,031,150075,23136,22918,1088,24006,246
2021-05-16,Lake,033,64148,3505,3489,9,3498,43
2021-05-16,Lassen,035,31185,5195,5156,110,5266,6
2021-05-16,Los Angeles,037,10098052,1204224,1196397,41483,1237880,24120
2021-05-16,Madera,039,155013,16581,16483,933,17416,238
2021-05-16,Marin,041,260295,14067,14015,254,14269,227
2021-05-16,Mariposa,043,17540,428,423,11,434,5
2021-05-16,Mendocino,045,87422,3939,3863,80,3943,46
2021-05-16,Merced,047,269075,30899,31023,1050,32073,450
2021-05-16,Modoc,049,8938,374,362,125,487,3
2021-05-16,Mono,051,14174,1254,1265,17,1282,3
2021-05-16,Monterey,053,433212,43135,42991,1873,44864,379
2021-05-16,Napa,055,140530,9887,9891,36,9927,82
2021-05-16,Nevada,057,99092,4788,4755,188,4943,70
2021-05-16,Orange,059,3164182,255090,253962,11352,265314,5031
2021-05-16,Placer,061,380077,23119,22696,1481,24177,289
2021-05-16,Plumas,063,18699,699,682,10,692,4
2021-05-16,Riverside,065,2383286,293742,288259,14008,302267,4433
2021-05-16,Sacramento,067,1510023,105325,105013,1737,106750,1628
2021-05-16,San Benito,069,59416,6053,6067,114,6181,63
2021-05-16,San Bernardino,071,2135413,292974,291940,8987,300927,4724
2021-05-16,San Diego,073,3302833,279926,279099,14839,293938,3742
2021-05-16,San Francisco,075,870044,36623,36808,1284,38092,546
2021-05-16,San Joaquin,077,732212,72840,72218,3533,75751,1359
2021-05-16,San Luis Obispo,079,281455,21327,21072,731,21803,256
2021-05-16,San Mateo,081,765935,42248,42063,470,42533,428
2021-05-16,Santa Barbara,083,443738,34391,34270,1137,35407,459
2021-05-16,Santa Clara,085,1922200,118374,119098,759,119857,2015
2021-05-16,Santa Cruz,087,273765,16201,16143,812,16955,206
2021-05-16,Shasta,089,179085,12169,12156,1547,13703,200
2021-05-16,Sierra,091,2930,56,54,12,66,0
2021-05-16,Siskiyou,093,43540,1895,1790,350,2140,15
2021-05-16,Solano,095,438530,32639,32619,550,33169,253
2021-05-16,Sonoma,097,501317,29911,30033,330,30363,321
2021-05-16,Stanislaus,099,539301,56056,55814,5923,61737,951
2021-05-16,Sutter,101,95872,9411,9445,87,9532,113
2021-05-16,Tehama,103,63373,5046,5013,564,5577,63
2021-05-16,Trinity,105,12862,483,328,91,419,3
2021-05-16,Tulare,107,460477,50130,49091,9020,58111,837
2021-05-16,Tuolumne,109,53932,4009,4070,39,4109,64
2021-05-16,Ventura,111,848112,81235,80689,2986,83675,1017
2021-05-16,Yolo,113,214977,13961,13938,311,14249,211
2021-05-16,Yuba,115,75493,6014,5987,123,6110,49
2021-05-15,Alameda,001,1643700,87767,87677,1951,89628,1252
2021-05-15,Alpine,003,1148,87,88,0,88,0
2021-05-15,Amador,005,37829,3665,3666,33,3699,46
2021-05-15,Butte,007,227075,12449,12095,1808,13903,192
2021-05-15,Calaveras,009,45235,2137,2126,13,2139,53
2021-05-15,Colusa,011,21464,1938,1941,303,2244,14
2021-05-15,Contra Costa,013,1133247,69173,68658,1268,69926,805
2021-05-15,Del Norte,015,27424,1394,1359,12,1371,8
2021-05-15,El Dorado,017,186661,10210,10156,733,10889,112
2021-05-15,Fresno,019,978130,102453,101957,8694,110651,1690
2021-05-15,Glenn,021,27897,2423,2400,559,2959,17
2021-05-15,Humboldt,023,135768,4143,4080,34,4114,42
2021-05-15,Imperial,025,180216,28557,28504,2748,31252,729
2021-05-15,Inyo,027,18085,1404,1402,14,1416,36
2021-05-15,Kern,029,883053,97093,96061,10853,106914,1315
2021-05-15,Kings,031,150075,23135,22913,1088,24001,246
2021-05-15,Lake,033,64148,3504,3485,9,3494,43
2021-05-15,Lassen,035,31185,5192,5156,109,5265,6
2021-05-15,Los Angeles,037,10098052,1204100,1196255,41470,1237725,24115
2021-05-15,Madera,039,155013,16578,16482,933,17415,238
2021-05-15,Marin,041,260295,14063,14012,254,14266,227
2021-05-15,Mariposa,043,17540,428,423,11,434,5
2021-05-15,Mendocino,045,87422,3936,3861,80,3941,46
2021-05-15,Merced,047,269075,30878,31012,1050,32062,450
2021-05-15,Modoc,049,8938,374,362,125,487,3
2021-05-15,Mono,051,14174,1254,1265,17,1282,3
2021-05-15,Monterey,053,433212,43131,42982,1873,44855,379
2021-05-15,Napa,055,140530,9884,9887,36,9923,82
2021-05-15,Nevada,057,99092,4787,4755,188,4943,70
2021-05-15,Orange,059,3164182,255063,253919,11345,265264,5030
2021-05-15,Placer,061,380077,23098,22688,1481,24169,289
2021-05-15,Plumas,063,18699,699,681,10,691,4
2021-05-15,Riverside,065,2383286,293700,288203,14003,302206,4433
2021-05-15,Sacramento,067,1510023,105253,104929,1734,106663,1628
2021-05-15,San Benito,069,59416,6053,6066,114,6180,63
2021-05-15,San Bernardino,071,2135413,292932,291892,8985,300877,4724
2021-05-15,San Diego,073,3302833,279855,278991,14824,293815,3737
2021-05-15,San Francisco,075,870044,36607,36795,1282,38077,546
2021-05-15,San Joaquin,077,732212,72814,72197,3531,75728,1359
2021-05-15,San Luis Obispo,079,281455,21324,21061,730,21791,256
2021-05-15,San Mateo,081,765935,42232,42059,470,42529,428
2021-05-15,Santa Barbara,083,443738,34383,34259,1137,35396,459
2021-05-15,Santa Clara,085,1922200,118353,119060,759,119819,2016
2021-05-15,Santa Cruz,087,273765,16197,16137,812,16949,206
2021-05-15,Shasta,089,179085,12157,12152,1544,13696,200
2021-05-15,Sierra,091,2930,56,54,12,66,0
2021-05-15,Siskiyou,093,43540,1889,1788,348,2136,15
2021-05-15,Solano,095,438530,32630,32604,549,33153,253
2021-05-15,Sonoma,097,501317,29892,30020,330,30350,321
2021-05-15,Stanislaus,099,539301,56027,55795,5916,61711,952
2021-05-15,Sutter,101,95872,9409,9436,87,9523,113
2021-05-15,Tehama,103,63373,5042,5012,563,5575,63
2021-05-15,Trinity,105,12862,483,328,91,419,3
2021-05-15,Tulare,107,460477,50120,49080,9016,58096,837
2021-05-15,Tuolumne,109,53932,4007,4064,39,4103,63
2021-05-15,Ventura,111,848112,81224,80662,2986,83648,1017
2021-05-15,Yolo,113,214977,13954,13932,310,14242,211
2021-05-15,Yuba,115,75493,6011,5979,122,6101,49
2021-05-14,Alameda,001,1643700,87733,87621,1948,89569,1249
2021-05-14,Alpine,003,1148,87,88,0,88,0
2021-05-14,Amador,005,37829,3665,3665,33,3698,46
2021-05-14,Butte,007,227075,12440,12076,1805,13881,192
2021-05-14,Calaveras,009,45235,2133,2121,13,2134,53
2021-05-14,Colusa,011,21464,1937,1940,302,2242,14
2021-05-14,Contra Costa,013,1133247,69131,68589,1266,69855,806
2021-05-14,Del Norte,015,27424,1394,1355,12,1367,8
2021-05-14,El Dorado,017,186661,10203,10143,732,10875,113
2021-05-14,Fresno,019,978130,102424,101917,8688,110605,1688
2021-05-14,Glenn,021,27897,2422,2398,559,2957,17
2021-05-14,Humboldt,023,135768,4136,4050,34,4084,37
2021-05-14,Imperial,025,180216,28550,28485,2747,31232,728
2021-05-14,Inyo,027,18085,1404,1400,14,1414,36
2021-05-14,Kern,029,883053,97063,96033,10844,106877,1311
2021-05-14,Kings,031,150075,23134,22910,1088,23998,246
2021-05-14,Lake,033,64148,3500,3483,9,3492,43
2021-05-14,Lassen,035,31185,5192,5154,109,5263,6
2021-05-14,Los Angeles,037,10098052,1203966,1196038,41465,1237503,24101
2021-05-14,Madera,039,155013,16575,16474,933,17407,238
2021-05-14,Marin,041,260295,14059,14010,254,14264,227
2021-05-14,Mariposa,043,17540,428,422,11,433,5
2021-05-14,Mendocino,045,87422,3934,3855,80,3935,46
2021-05-14,Merced,047,269075,30868,31010,1050,32060,450
2021-05-14,Modoc,049,8938,374,362,125,487,3
2021-05-14,Mono,051,14174,1253,1265,17,1282,3
2021-05-14,Monterey,053,433212,43126,42973,1873,44846,380
2021-05-14,Napa,055,140530,9881,9883,36,9919,82
2021-05-14,Nevada,057,99092,4782,4745,188,4933,70
2021-05-14,Orange,059,3164182,255029,253855,11338,265193,5028
2021-05-14,Placer,061,380077,23079,22660,1475,24135,287
2021-05-14,Plumas,063,18699,698,680,10,690,4
2021-05-14,Riverside,065,2383286,293650,288140,14000,302140,4433
2021-05-14,Sacramento,067,1510023,105164,104828,1733,106561,1627
2021-05-14,San Benito,069,59416,6053,6064,114,6178,63
2021-05-14,San Bernardino,071,2135413,292884,291834,8985,300819,4721
2021-05-14,San Diego,073,3302833,279782,278853,14813,293666,3732
2021-05-14,San Francisco,075,870044,36598,36771,1278,38049,545
2021-05-14,San Joaquin,077,732212,72782,72160,3524,75684,1359
2021-05-14,San Luis Obispo,079,281455,21320,21051,730,21781,256
2021-05-14,San Mateo,081,765935,42222,42041,470,42511,428
2021-05-14,Santa Barbara,083,443738,34373,34243,1137,35380,456
2021-05-14,Santa Clara,085,1922200,118324,119006,759,119765,2014
2021-05-14,Santa Cruz,087,273765,16192,16130,812,16942,207
2021-05-14,Shasta,089,179085,12151,12130,1539,13669,200
2021-05-14,Sierra,091,2930,56,54,12,66,0
2021-05-14,Siskiyou,093,43540,1882,1779,347,2126,14
2021-05-14,Solano,095,438530,32610,32585,548,33133,252
2021-05-14,Sonoma,097,501317,29873,30007,330,30337,321
2021-05-14,Stanislaus,099,539301,55994,55752,5910,61662,950
2021-05-14,Sutter,101,95872,9400,9433,85,9518,113
2021-05-14,Tehama,103,63373,5035,5005,563,5568,63
2021-05-14,Trinity,105,12862,483,328,91,419,3
2021-05-14,Tulare,107,460477,50103,49060,9011,58071,836
2021-05-14,Tuolumne,109,53932,4007,4060,39,4099,63
2021-05-14,Ventura,111,848112,81210,80628,2986,83614,1014
2021-05-14,Yolo,113,214977,13949,13922,306,14228,210
2021-05-14,Yuba,115,75493,6007,5970,122,6092,47
2021-05-13,Alameda,001,1643700,87690,87557,1947,89504,1250
2021-05-13,Alpine,003,1148,87,88,0,88,0
2021-05-13,Amador,005,37829,3665,3662,33,3695,46
2021-05-13,Butte,007,227075,12425,12051,1804,13855,196
2021-05-13,Calaveras,009,45235,2133,2120,13,2133,53
2021-05-13,Colusa,011,21464,1936,1939,298,2237,14
2021-05-13,Contra Costa,013,1133247,69083,68522,1265,69787,806
2021-05-13,Del Norte,015,27424,1392,1354,12,1366,8
2021-05-13,El Dorado,017,186661,10200,10133,732,10865,112
2021-05-13,Fresno,019,978130,102395,101862,8687,110549,1687
2021-05-13,Glenn,021,27897,2421,2395,559,2954,17
2021-05-13,Humboldt,023,135768,4118,4027,34,4061,37
2021-05-13,Imperial,025,180216,28535,28468,2745,31213,729
2021-05-13,Inyo,027,18085,1404,1400,14,1414,36
2021-05-13,Kern,029,883053,97039,95996,10826,106822,1311
2021-05-13,Kings,031,150075,23133,22904,1088,23992,246
2021-05-13,Lake,033,64148,3499,3479,9,3488,43
2021-05-13,Lassen,035,31185,5192,5152,108,5260,6
2021-05-13,Los Angeles,037,10098052,1203778,1195504,41450,1236954,24083
2021-05-13,Madera,039,155013,16567,16467,933,17400,238
2021-05-13,Marin,041,260295,14054,14004,252,14256,227
2021-05-13,Mariposa,043,17540,428,422,11,433,5
2021-05-13,Mendocino,045,87422,3930,3846,80,3926,46
2021-05-13,Merced,047,269075,30861,30989,1049,32038,450
2021-05-13,Modoc,049,8938,374,362,125,487,3
2021-05-13,Mono,051,14174,1253,1265,17,1282,3
2021-05-13,Monterey,053,433212,43111,42966,1873,44839,380
2021-05-13,Napa,055,140530,9874,9877,36,9913,82
2021-05-13,Nevada,057,99092,4778,4743,187,4930,70
2021-05-13,Orange,059,3164182,254984,253778,11336,265114,5026
2021-05-13,Placer,061,380077,23055,22668,1468,24136,288
2021-05-13,Plumas,063,18699,698,680,10,690,4
2021-05-13,Riverside,065,2383286,293584,288067,13995,302062,4433
2021-05-13,Sacramento,067,1510023,105078,104711,1731,106442,1626
2021-05-13,San Benito,069,59416,6051,6062,114,6176,63
2021-05-13,San Bernardino,071,2135413,292818,291765,8985,300750,4722
2021-05-13,San Diego,073,3302833,279668,278592,14796,293388,3729
2021-05-13,San Francisco,075,870044,36574,36741,1276,38017,544
2021-05-13,San Joaquin,077,732212,72740,72096,3520,75616,1357
2021-05-13,San Luis Obispo,079,281455,21305,21043,729,21772,255
2021-05-13,San Mateo,081,765935,42205,42059,470,42529,426
2021-05-13,Santa Barbara,083,443738,34361,34242,1137,35379,456
2021-05-13,Santa Clara,085,1922200,118297,118952,759,119711,2013
2021-05-13,Santa Cruz,087,273765,16186,16129,812,16941,208
2021-05-13,Shasta,089,179085,12131,12111,1535,13646,200
2021-05-13,Sierra,091,2930,56,54,12,66,0
2021-05-13,Siskiyou,093,43540,1875,1769,344,2113,14
2021-05-13,Solano,095,438530,32597,32548,546,33094,252
2021-05-13,Sonoma,097,501317,29848,29991,330,30321,321
2021-05-13,Stanislaus,099,539301,55957,55678,5904,61582,949
2021-05-13,Sutter,101,95872,9395,9431,84,9515,112
2021-05-13,Tehama,103,63373,5030,4997,563,5560,63
2021-05-13,Trinity,105,12862,482,327,90,417,3
2021-05-13,Tulare,107,460477,50077,49032,9003,58035,837
2021-05-13,Tuolumne,109,53932,4006,4059,39,4098,63
2021-05-13,Ventura,111,848112,81180,80615,2985,83600,1012
2021-05-13,Yolo,113,214977,13940,13914,304,14218,210
2021-05-13,Yuba,115,75493,5998,5962,122,6084,47
2021-05-12,Alameda,001,1643700,87657,87482,1945,89427,1261
2021-05-12,Alpine,003,1148,87,88,0,88,0
2021-05-12,Amador,005,37829,3665,3658,33,3691,46
2021-05-12,Butte,007,227075,12415,12026,1804,13830,199
2021-05-12,Calaveras,009,45235,2130,2119,13,2132,53
2021-05-12,Colusa,011,21464,1934,1939,297,2236,14
2021-05-12,Contra Costa,013,1133247,69024,68462,1259,69721,805
2021-05-12,Del Norte,015,27424,1390,1352,12,1364,8
2021-05-12,El Dorado,017,186661,10191,10123,732,10855,112
2021-05-12,Fresno,019,978130,102346,101838,8676,110514,1688
2021-05-12,Glenn,021,27897,2418,2391,559,2950,17
2021-05-12,Humboldt,023,135768,4090,3982,34,4016,37
2021-05-12,Imperial,025,180216,28517,28443,2742,31185,726
2021-05-12,Inyo,027,18085,1404,1400,14,1414,36
2021-05-12,Kern,029,883053,97003,95955,10819,106774,1310
2021-05-12,Kings,031,150075,23131,22896,1088,23984,246
2021-05-12,Lake,033,64148,3497,3476,9,3485,43
2021-05-12,Lassen,035,31185,5190,5151,108,5259,6
2021-05-12,Los Angeles,037,10098052,1203595,1195318,41433,1236751,24067
2021-05-12,Madera,039,155013,16560,16462,932,17394,238
2021-05-12,Marin,041,260295,14049,13997,252,14249,227
2021-05-12,Mariposa,043,17540,428,422,11,433,5
2021-05-12,Mendocino,045,87422,3920,3836,80,3916,46
2021-05-12,Merced,047,269075,30845,30941,1049,31990,450
2021-05-12,Modoc,049,8938,373,362,125,487,3
2021-05-12,Mono,051,14174,1253,1265,17,1282,3
2021-05-12,Monterey,053,433212,43099,42950,1872,44822,380
2021-05-12,Napa,055,140530,9868,9870,36,9906,82
2021-05-12,Nevada,057,99092,4774,4738,187,4925,70
2021-05-12,Orange,059,3164182,254933,253587,11332,264919,5024
2021-05-12,Placer,061,380077,23037,22652,1461,24113,288
2021-05-12,Plumas,063,18699,698,681,10,691,4
2021-05-12,Riverside,065,2383286,293514,287830,13991,301821,4431
2021-05-12,Sacramento,067,1510023,104982,104592,1729,106321,1621
2021-05-12,San Benito,069,59416,6051,6062,114,6176,63
2021-05-12,San Bernardino,071,2135413,292770,291505,8980,300485,4715
2021-05-12,San Diego,073,3302833,279564,278402,14775,293177,3729
2021-05-12,San Francisco,075,870044,36554,36720,1275,37995,544
2021-05-12,San Joaquin,077,732212,72686,72043,3516,75559,1356
2021-05-12,San Luis Obispo,079,281455,21295,21021,729,21750,255
2021-05-12,San Mateo,081,765935,42196,42038,468,42506,426
2021-05-12,Santa Barbara,083,443738,34353,34218,1137,35355,456
2021-05-12,Santa Clara,085,1922200,118253,118897,759,119656,2005
2021-05-12,Santa Cruz,087,273765,16180,16123,812,16935,207
2021-05-12,Shasta,089,179085,12111,12092,1533,13625,200
2021-05-12,Sierra,091,2930,56,54,12,66,0
2021-05-12,Siskiyou,093,43540,1871,1760,343,2103,13
2021-05-12,Solano,095,438530,32573,32519,546,33065,252
2021-05-12,Sonoma,097,501317,29836,29976,330,30306,320
2021-05-12,Stanislaus,099,539301,55917,55632,5897,61529,919
2021-05-12,Sutter,101,95872,9392,9427,84,9511,112
2021-05-12,Tehama,103,63373,5025,4989,563,5552,62
2021-05-12,Trinity,105,12862,482,327,90,417,3
2021-05-12,Tulare,107,460477,50061,49001,8995,57996,838
2021-05-12,Tuolumne,109,53932,4005,4056,39,4095,63
2021-05-12,Ventura,111,848112,81161,80577,2985,83562,1010
2021-05-12,Yolo,113,214977,13932,13910,303,14213,210
2021-05-12,Yuba,115,75493,5995,5956,122,6078,47
2021-05-11,Alameda,001,1643700,87592,87413,1941,89354,1290
2021-05-11,Alpine,003,1148,87,88,0,88,0
2021-05-11,Amador,005,37829,3663,3657,33,3690,46
2021-05-11,Butte,007,227075,12400,12008,1801,13809,199
2021-05-11,Calaveras,009,45235,2130,2118,13,2131,52
2021-05-11,Colusa,011,21464,1933,1939,297,2236,14
2021-05-11,Contra Costa,013,1133247,68964,68406,1258,69664,806
2021-05-11,Del Norte,015,27424,1388,1347,12,1359,8
2021-05-11,El Dorado,017,186661,10185,10108,731,10839,112
2021-05-11,Fresno,019,978130,102300,101792,8671,110463,1686
2021-05-11,Glenn,021,27897,2417,2387,558,2945,17
2021-05-11,Humboldt,023,135768,4069,3964,33,3997,37
2021-05-11,Imperial,025,180216,28509,28413,2738,31151,722
2021-05-11,Inyo,027,18085,1403,1402,14,1416,36
2021-05-11,Kern,029,883053,96975,95938,10806,106744,1310
2021-05-11,Kings,031,150075,23123,22887,1088,23975,246
2021-05-11,Lake,033,64148,3497,3473,9,3482,43
2021-05-11,Lassen,035,31185,5188,5148,108,5256,6
2021-05-11,Los Angeles,037,10098052,1203355,1195100,41416,1236516,24048
2021-05-11,Madera,039,155013,16556,16459,931,17390,238
2021-05-11,Marin,041,260295,14042,13987,252,14239,227
2021-05-11,Mariposa,043,17540,428,421,11,432,5
2021-05-11,Mendocino,045,87422,3912,3821,80,3901,46
2021-05-11,Merced,047,269075,30836,30893,1049,31942,449
2021-05-11,Modoc,049,8938,373,362,124,486,3
2021-05-11,Mono,051,14174,1253,1265,17,1282,3
2021-05-11,Monterey,053,433212,43091,42934,1871,44805,380
2021-05-11,Napa,055,140530,9861,9870,36,9906,81
2021-05-11,Nevada,057,99092,4770,4737,187,4924,70
2021-05-11,Orange,059,3164182,254870,253545,11324,264869,5017
2021-05-11,Placer,061,380077,23015,22615,1457,24072,287
2021-05-11,Plumas,063,18699,696,679,10,689,4
2021-05-11,Riverside,065,2383286,293452,287757,13986,301743,4429
2021-05-11,Sacramento,067,1510023,104883,104496,1726,106222,1616
2021-05-11,San Benito,069,59416,6048,6058,114,6172,63
2021-05-11,San Bernardino,071,2135413,292710,291421,8978,300399,4707
2021-05-11,San Diego,073,3302833,279429,278308,14756,293064,3725
2021-05-11,San Francisco,075,870044,36534,36707,1275,37982,543
2021-05-11,San Joaquin,077,732212,72638,71999,3513,75512,1356
2021-05-11,San Luis Obispo,079,281455,21288,21008,727,21735,255
2021-05-11,San Mateo,081,765935,42177,41985,467,42452,425
2021-05-11,Santa Barbara,083,443738,34343,34207,1137,35344,456
2021-05-11,Santa Clara,085,1922200,118206,118857,758,119615,2005
2021-05-11,Santa Cruz,087,273765,16176,16113,812,16925,206
2021-05-11,Shasta,089,179085,12088,12050,1527,13577,200
2021-05-11,Sierra,091,2930,56,54,12,66,0
2021-05-11,Siskiyou,093,43540,1861,1756,341,2097,13
2021-05-11,Solano,095,438530,32555,32499,544,33043,250
2021-05-11,Sonoma,097,501317,29821,29966,330,30296,318
2021-05-11,Stanislaus,099,539301,55870,55589,5893,61482,909
2021-05-11,Sutter,101,95872,9385,9417,84,9501,112
2021-05-11,Tehama,103,63373,5021,4985,562,5547,62
2021-05-11,Trinity,105,12862,482,327,89,416,3
2021-05-11,Tulare,107,460477,50033,48974,8981,57955,837
2021-05-11,Tuolumne,109,53932,4004,4056,39,4095,63
2021-05-11,Ventura,111,848112,81137,80544,2982,83526,1008
2021-05-11,Yolo,113,214977,13919,13902,300,14202,210
2021-05-11,Yuba,115,75493,5986,5950,122,6072,46
2021-05-10,Alameda,001,1643700,87522,87366,1940,89306,1284
2021-05-10,Alpine,003,1148,87,88,0,88,0
2021-05-10,Amador,005,37829,3662,3657,33,3690,46
2021-05-10,Butte,007,227075,12384,11993,1797,13790,199
2021-05-10,Calaveras,009,45235,2123,2118,13,2131,52
2021-05-10,Colusa,011,21464,1933,1939,297,2236,14
2021-05-10,Contra Costa,013,1133247,68900,68357,1258,69615,806
2021-05-10,Del Norte,015,27424,1385,1339,12,1351,8
2021-05-10,El Dorado,017,186661,10171,10093,731,10824,113
2021-05-10,Fresno,019,978130,102268,101755,8664,110419,1682
2021-05-10,Glenn,021,27897,2416,2384,556,2940,17
2021-05-10,Humboldt,023,135768,4039,3961,33,3994,36
2021-05-10,Imperial,025,180216,28495,28397,2734,31131,722
2021-05-10,Inyo,027,18085,1403,1401,14,1415,36
2021-05-10,Kern,029,883053,96931,95920,10792,106712,1310
2021-05-10,Kings,031,150075,23112,22884,1087,23971,246
2021-05-10,Lake,033,64148,3489,3471,9,3480,43
2021-05-10,Lassen,035,31185,5184,5148,108,5256,5
2021-05-10,Los Angeles,037,10098052,1203092,1194976,41399,1236375,24030
2021-05-10,Madera,039,155013,16546,16450,931,17381,238
2021-05-10,Marin,041,260295,14039,13981,252,14233,228
2021-05-10,Mariposa,043,17540,427,420,11,431,5
2021-05-10,Mendocino,045,87422,3906,3818,80,3898,46
2021-05-10,Merced,047,269075,30825,30880,1049,31929,448
2021-05-10,Modoc,049,8938,373,361,124,485,3
2021-05-10,Mono,051,14174,1253,1265,17,1282,3
2021-05-10,Monterey,053,433212,43085,42927,1866,44793,380
2021-05-10,Napa,055,140530,9859,9860,36,9896,81
2021-05-10,Nevada,057,99092,4763,4735,187,4922,70
2021-05-10,Orange,059,3164182,254817,253484,11318,264802,5008
2021-05-10,Placer,061,380077,22993,22590,1454,24044,286
2021-05-10,Plumas,063,18699,695,679,10,689,4
2021-05-10,Riverside,065,2383286,293383,287689,13980,301669,4427
2021-05-10,Sacramento,067,1510023,104770,104378,1721,106099,1613
2021-05-10,San Benito,069,59416,6047,6058,114,6172,63
2021-05-10,San Bernardino,071,2135413,292658,291360,8977,300337,4707
2021-05-10,San Diego,073,3302833,279265,278183,14729,292912,3725
2021-05-10,San Francisco,075,870044,36515,36683,1275,37958,543
2021-05-10,San Joaquin,077,732212,72601,71954,3498,75452,1356
2021-05-10,San Luis Obispo,079,281455,21270,20993,726,21719,256
2021-05-10,San Mateo,081,765935,42160,41926,467,42393,424
2021-05-10,Santa Barbara,083,443738,34335,34201,1137,35338,456
2021-05-10,Santa Clara,085,1922200,118147,118822,758,119580,2003
2021-05-10,Santa Cruz,087,273765,16171,16114,812,16926,206
2021-05-10,Shasta,089,179085,12074,12036,1523,13559,200
2021-05-10,Sierra,091,2930,56,54,12,66,0
2021-05-10,Siskiyou,093,43540,1851,1752,339,2091,13
2021-05-10,Solano,095,438530,32535,32466,542,33008,250
2021-05-10,Sonoma,097,501317,29806,29955,329,30284,318
2021-05-10,Stanislaus,099,539301,55796,55541,5887,61428,898
2021-05-10,Sutter,101,95872,9379,9412,84,9496,111
2021-05-10,Tehama,103,63373,5017,4980,562,5542,62
2021-05-10,Trinity,105,12862,482,327,87,414,3
2021-05-10,Tulare,107,460477,50010,48956,8975,57931,837
2021-05-10,Tuolumne,109,53932,4000,4054,38,4092,63
2021-05-10,Ventura,111,848112,81121,80501,2980,83481,1008
2021-05-10,Yolo,113,214977,13907,13898,298,14196,209
2021-05-10,Yuba,115,75493,5984,5942,122,6064,46
2021-05-09,Alameda,001,1643700,87451,87292,1937,89229,1284
2021-05-09,Alpine,003,1148,87,88,0,88,0
2021-05-09,Amador,005,37829,3660,3655,33,3688,46
2021-05-09,Butte,007,227075,12366,11985,1793,13778,199
2021-05-09,Calaveras,009,45235,2122,2116,13,2129,52
2021-05-09,Colusa,011,21464,1932,1940,297,2237,14
2021-05-09,Contra Costa,013,1133247,68837,68302,1256,69558,806
2021-05-09,Del Norte,015,27424,1378,1338,12,1350,8
2021-05-09,El Dorado,017,186661,10157,10089,728,10817,113
2021-05-09,Fresno,019,978130,102230,101729,8655,110384,1682
2021-05-09,Glenn,021,27897,2409,2382,553,2935,17
2021-05-09,Humboldt,023,135768,4019,3950,33,3983,36
2021-05-09,Imperial,025,180216,28472,28388,2726,31114,722
2021-05-09,Inyo,027,18085,1403,1401,13,1414,36
2021-05-09,Kern,029,883053,96903,95903,10782,106685,1310
2021-05-09,Kings,031,150075,23103,22878,1087,23965,246
2021-05-09,Lake,033,64148,3485,3471,9,3480,43
2021-05-09,Lassen,035,31185,5182,5147,108,5255,5
2021-05-09,Los Angeles,037,10098052,1202831,1194820,41383,1236203,24026
2021-05-09,Madera,039,155013,16537,16444,925,17369,238
2021-05-09,Marin,041,260295,14028,13979,251,14230,228
2021-05-09,Mariposa,043,17540,424,420,11,431,5
2021-05-09,Mendocino,045,87422,3896,3814,80,3894,46
2021-05-09,Merced,047,269075,30802,30883,1049,31932,448
2021-05-09,Modoc,049,8938,373,360,124,484,3
2021-05-09,Mono,051,14174,1253,1264,17,1281,3
2021-05-09,Monterey,053,433212,43067,42918,1866,44784,380
2021-05-09,Napa,055,140530,9848,9857,36,9893,81
2021-05-09,Nevada,057,99092,4756,4727,187,4914,70
2021-05-09,Orange,059,3164182,254763,253451,11310,264761,5008
2021-05-09,Placer,061,380077,22967,22566,1451,24017,286
2021-05-09,Plumas,063,18699,694,679,10,689,4
2021-05-09,Riverside,065,2383286,293303,287644,13974,301618,4427
2021-05-09,Sacramento,067,1510023,104621,104309,1715,106024,1612
2021-05-09,San Benito,069,59416,6045,6056,114,6170,63
2021-05-09,San Bernardino,071,2135413,292575,291337,8971,300308,4707
2021-05-09,San Diego,073,3302833,279098,277950,14707,292657,3725
2021-05-09,San Francisco,075,870044,36489,36669,1273,37942,543
2021-05-09,San Joaquin,077,732212,72555,71927,3497,75424,1356
2021-05-09,San Luis Obispo,079,281455,21259,20999,726,21725,256
2021-05-09,San Mateo,081,765935,42131,41903,467,42370,424
2021-05-09,Santa Barbara,083,443738,34322,34196,1136,35332,456
2021-05-09,Santa Clara,085,1922200,118093,118798,757,119555,2003
2021-05-09,Santa Cruz,087,273765,16165,16094,812,16906,206
2021-05-09,Shasta,089,179085,12044,12034,1518,13552,200
2021-05-09,Sierra,091,2930,56,54,12,66,0
2021-05-09,Siskiyou,093,43540,1844,1741,336,2077,13
2021-05-09,Solano,095,438530,32496,32434,539,32973,250
2021-05-09,Sonoma,097,501317,29792,29953,328,30281,318
2021-05-09,Stanislaus,099,539301,55730,55511,5883,61394,898
2021-05-09,Sutter,101,95872,9373,9413,84,9497,111
2021-05-09,Tehama,103,63373,5012,4979,562,5541,62
2021-05-09,Trinity,105,12862,482,327,87,414,3
2021-05-09,Tulare,107,460477,49983,48948,8970,57918,837
2021-05-09,Tuolumne,109,53932,3998,4053,38,4091,63
2021-05-09,Ventura,111,848112,81106,80487,2979,83466,1008
2021-05-09,Yolo,113,214977,13897,13897,297,14194,209
2021-05-09,Yuba,115,75493,5978,5934,122,6056,46
2021-05-08,Alameda,001,1643700,87409,87213,1933,89146,1284
2021-05-08,Alpine,003,1148,87,88,0,88,0
2021-05-08,Amador,005,37829,3658,3652,33,3685,46
2021-05-08,Butte,007,227075,12354,11962,1792,13754,199
2021-05-08,Calaveras,009,45235,2121,2114,13,2127,52
2021-05-08,Colusa,011,21464,1932,1939,297,2236,14
2021-05-08,Contra Costa,013,1133247,68804,68223,1254,69477,803
2021-05-08,Del Norte,015,27424,1375,1335,12,1347,8
2021-05-08,El Dorado,017,186661,10143,10079,728,10807,113
2021-05-08,Fresno,019,978130,102194,101676,8650,110326,1682
2021-05-08,Glenn,021,27897,2407,2382,551,2933,17
2021-05-08,Humboldt,023,135768,4003,3939,33,3972,36
2021-05-08,Imperial,025,180216,28464,28373,2726,31099,721
2021-05-08,Inyo,027,18085,1403,1402,13,1415,36
2021-05-08,Kern,029,883053,96878,95880,10769,106649,1310
2021-05-08,Kings,031,150075,23100,22872,1086,23958,246
2021-05-08,Lake,033,64148,3484,3470,9,3479,43
2021-05-08,Lassen,035,31185,5181,5145,108,5253,5
2021-05-08,Los Angeles,037,10098052,1202679,1194584,41367,1235951,24022
2021-05-08,Madera,039,155013,16533,16442,925,17367,238
2021-05-08,Marin,041,260295,14025,13974,250,14224,228
2021-05-08,Mariposa,043,17540,424,420,11,431,5
2021-05-08,Mendocino,045,87422,3891,3810,79,3889,46
2021-05-08,Merced,047,269075,30793,30876,1049,31925,448
2021-05-08,Modoc,049,8938,373,360,123,483,3
2021-05-08,Mono,051,14174,1253,1262,17,1279,3
2021-05-08,Monterey,053,433212,43062,42914,1865,44779,380
2021-05-08,Napa,055,140530,9841,9853,36,9889,81
2021-05-08,Nevada,057,99092,4753,4716,187,4903,70
2021-05-08,Orange,059,3164182,254729,253412,11307,264719,5006
2021-05-08,Placer,061,380077,22949,22547,1449,23996,286
2021-05-08,Plumas,063,18699,693,679,10,689,4
2021-05-08,Riverside,065,2383286,293260,287574,13972,301546,4427
2021-05-08,Sacramento,067,1510023,104536,104208,1712,105920,1610
2021-05-08,San Benito,069,59416,6044,6048,114,6162,63
2021-05-08,San Bernardino,071,2135413,292532,291296,8971,300267,4707
2021-05-08,San Diego,073,3302833,279015,277760,14689,292449,3725
2021-05-08,San Francisco,075,870044,36466,36642,1273,37915,543
2021-05-08,San Joaquin,077,732212,72526,71869,3488,75357,1356
2021-05-08,San Luis Obispo,079,281455,21248,20992,726,21718,256
2021-05-08,San Mateo,081,765935,42120,41871,467,42338,424
2021-05-08,Santa Barbara,083,443738,34309,34185,1136,35321,456
2021-05-08,Santa Clara,085,1922200,118062,118751,757,119508,2003
2021-05-08,Santa Cruz,087,273765,16162,16089,812,16901,206
2021-05-08,Shasta,089,179085,12034,12030,1514,13544,200
2021-05-08,Sierra,091,2930,56,54,12,66,0
2021-05-08,Siskiyou,093,43540,1843,1741,332,2073,13
2021-05-08,Solano,095,438530,32472,32395,537,32932,249
2021-05-08,Sonoma,097,501317,29779,29942,328,30270,318
2021-05-08,Stanislaus,099,539301,55699,55467,5879,61346,898
2021-05-08,Sutter,101,95872,9370,9413,84,9497,111
2021-05-08,Tehama,103,63373,5010,4977,562,5539,62
2021-05-08,Trinity,105,12862,482,327,87,414,3
2021-05-08,Tulare,107,460477,49969,48929,8960,57889,837
2021-05-08,Tuolumne,109,53932,3997,4050,38,4088,63
2021-05-08,Ventura,111,848112,81095,80481,2976,83457,1008
2021-05-08,Yolo,113,214977,13894,13894,296,14190,209
2021-05-08,Yuba,115,75493,5970,5928,122,6050,46
2021-05-07,Alameda,001,1643700,87355,87128,1932,89060,1280
2021-05-07,Alpine,003,1148,87,88,0,88,0
2021-05-07,Amador,005,37829,3655,3651,33,3684,46
2021-05-07,Butte,007,227075,12333,11943,1789,13732,199
2021-05-07,Calaveras,009,45235,2119,2114,13,2127,52
2021-05-07,Colusa,011,21464,1932,1937,297,2234,14
2021-05-07,Contra Costa,013,1133247,68757,68156,1252,69408,804
2021-05-07,Del Norte,015,27424,1370,1329,12,1341,8
2021-05-07,El Dorado,017,186661,10130,10065,726,10791,112
2021-05-07,Fresno,019,978130,102161,101625,8649,110274,1684
2021-05-07,Glenn,021,27897,2404,2381,550,2931,17
2021-05-07,Humboldt,023,135768,3988,3919,33,3952,36
2021-05-07,Imperial,025,180216,28456,28352,2726,31078,721
2021-05-07,Inyo,027,18085,1403,1402,13,1415,36
2021-05-07,Kern,029,883053,96865,95839,10757,106596,1308
2021-05-07,Kings,031,150075,23099,22857,1085,23942,246
2021-05-07,Lake,033,64148,3482,3467,9,3476,43
2021-05-07,Lassen,035,31185,5180,5144,107,5251,5
2021-05-07,Los Angeles,037,10098052,1202501,1194294,41359,1235653,24008
2021-05-07,Madera,039,155013,16528,16439,924,17363,238
2021-05-07,Marin,041,260295,14021,13968,250,14218,228
2021-05-07,Mariposa,043,17540,423,419,11,430,5
2021-05-07,Mendocino,045,87422,3885,3805,79,3884,46
2021-05-07,Merced,047,269075,30790,30862,1049,31911,446
2021-05-07,Modoc,049,8938,373,360,123,483,3
2021-05-07,Mono,051,14174,1252,1261,17,1278,3
2021-05-07,Monterey,053,433212,43056,42909,1863,44772,380
2021-05-07,Napa,055,140530,9840,9849,36,9885,81
2021-05-07,Nevada,057,99092,4749,4704,187,4891,70
2021-05-07,Orange,059,3164182,254689,253338,11298,264636,5000
2021-05-07,Placer,061,380077,22929,22524,1447,23971,286
2021-05-07,Plumas,063,18699,693,678,10,688,4
2021-05-07,Riverside,065,2383286,293202,287479,13971,301450,4426
2021-05-07,Sacramento,067,1510023,104464,104068,1707,105775,1609
2021-05-07,San Benito,069,59416,6043,6048,114,6162,63
2021-05-07,San Bernardino,071,2135413,292490,291185,8966,300151,4697
2021-05-07,San Diego,073,3302833,278929,277534,14673,292207,3718
2021-05-07,San Francisco,075,870044,36453,36616,1272,37888,543
2021-05-07,San Joaquin,077,732212,72486,71804,3486,75290,1351
2021-05-07,San Luis Obispo,079,281455,21241,20979,726,21705,256
2021-05-07,San Mateo,081,765935,42105,41844,467,42311,424
2021-05-07,Santa Barbara,083,443738,34299,34166,1136,35302,453
2021-05-07,Santa Clara,085,1922200,118029,118691,756,119447,2002
2021-05-07,Santa Cruz,087,273765,16159,16074,812,16886,206
2021-05-07,Shasta,089,179085,12012,12005,1512,13517,200
2021-05-07,Sierra,091,2930,56,54,12,66,0
2021-05-07,Siskiyou,093,43540,1840,1723,332,2055,13
2021-05-07,Solano,095,438530,32444,32352,535,32887,249
2021-05-07,Sonoma,097,501317,29761,29925,326,30251,318
2021-05-07,Stanislaus,099,539301,55658,55407,5874,61281,896
2021-05-07,Sutter,101,95872,9370,9407,83,9490,111
2021-05-07,Tehama,103,63373,5003,4974,562,5536,57
2021-05-07,Trinity,105,12862,482,327,87,414,3
2021-05-07,Tulare,107,460477,49952,48913,8955,57868,837
2021-05-07,Tuolumne,109,53932,3995,4048,38,4086,63
2021-05-07,Ventura,111,848112,81071,80444,2976,83420,1008
2021-05-07,Yolo,113,214977,13888,13875,295,14170,209
2021-05-07,Yuba,115,75493,5960,5910,122,6032,46
2021-05-06,Alameda,001,1643700,87278,87028,1929,88957,1278
2021-05-06,Alpine,003,1148,87,88,0,88,0
2021-05-06,Amador,005,37829,3653,3650,33,3683,46
2021-05-06,Butte,007,227075,12313,11929,1784,13713,198
2021-05-06,Calaveras,009,45235,2118,2111,13,2124,52
2021-05-06,Colusa,011,21464,1932,1935,297,2232,14
2021-05-06,Contra Costa,013,1133247,68702,68076,1249,69325,802
2021-05-06,Del Norte,015,27424,1362,1324,12,1336,6
2021-05-06,El Dorado,017,186661,10123,10048,726,10774,112
2021-05-06,Fresno,019,978130,102117,101536,8645,110181,1680
2021-05-06,Glenn,021,27897,2403,2380,549,2929,17
2021-05-06,Humboldt,023,135768,3963,3898,33,3931,36
2021-05-06,Imperial,025,180216,28445,28311,2725,31036,720
2021-05-06,Inyo,027,18085,1403,1401,13,1414,36
2021-05-06,Kern,029,883053,96840,95801,10740,106541,1307
2021-05-06,Kings,031,150075,23092,22848,1084,23932,246
2021-05-06,Lake,033,64148,3481,3465,9,3474,43
2021-05-06,Lassen,035,31185,5179,5143,107,5250,1
2021-05-06,Los Angeles,037,10098052,1202259,1193954,41343,1235297,23991
2021-05-06,Madera,039,155013,16520,16430,924,17354,238
2021-05-06,Marin,041,260295,14017,13956,250,14206,228
2021-05-06,Mariposa,043,17540,422,419,11,430,5
2021-05-06,Mendocino,045,87422,3874,3802,79,3881,46
2021-05-06,Merced,047,269075,30775,30863,1048,31911,444
2021-05-06,Modoc,049,8938,373,360,123,483,3
2021-05-06,Mono,051,14174,1250,1261,17,1278,3
2021-05-06,Monterey,053,433212,43041,42899,1863,44762,379
2021-05-06,Napa,055,140530,9834,9843,36,9879,81
2021-05-06,Nevada,057,99092,4748,4687,187,4874,70
2021-05-06,Orange,059,3164182,254621,253286,11292,264578,4991
2021-05-06,Placer,061,380077,22907,22493,1447,23940,286
2021-05-06,Plumas,063,18699,693,678,10,688,4
2021-05-06,Riverside,065,2383286,293129,287399,13966,301365,4422
2021-05-06,Sacramento,067,1510023,104347,103956,1704,105660,1609
2021-05-06,San Benito,069,59416,6042,6045,114,6159,63
2021-05-06,San Bernardino,071,2135413,292420,291085,8965,300050,4683
2021-05-06,San Diego,073,3302833,278802,277324,14650,291974,3716
2021-05-06,San Francisco,075,870044,36438,36599,1272,37871,543
2021-05-06,San Joaquin,077,732212,72431,71729,3483,75212,1350
2021-05-06,San Luis Obispo,079,281455,21229,20965,724,21689,256
2021-05-06,San Mateo,081,765935,42086,41802,466,42268,424
2021-05-06,Santa Barbara,083,443738,34286,34152,1136,35288,453
2021-05-06,Santa Clara,085,1922200,117988,118591,756,119347,2001
2021-05-06,Santa Cruz,087,273765,16152,16050,812,16862,206
2021-05-06,Shasta,089,179085,11990,11983,1506,13489,199
2021-05-06,Sierra,091,2930,56,54,12,66,0
2021-05-06,Siskiyou,093,43540,1830,1711,331,2042,12
2021-05-06,Solano,095,438530,32418,32320,527,32847,249
2021-05-06,Sonoma,097,501317,29753,29911,326,30237,318
2021-05-06,Stanislaus,099,539301,55602,55323,5869,61192,834
2021-05-06,Sutter,101,95872,9364,9396,83,9479,111
2021-05-06,Tehama,103,63373,4998,4970,562,5532,53
2021-05-06,Trinity,105,12862,482,327,87,414,3
2021-05-06,Tulare,107,460477,49927,48890,8940,57830,836
2021-05-06,Tuolumne,109,53932,3991,4047,38,4085,63
2021-05-06,Ventura,111,848112,81040,80411,2973,83384,1005
2021-05-06,Yolo,113,214977,13881,13871,291,14162,209
2021-05-06,Yuba,115,75493,5948,5901,122,6023,46
2021-05-05,Alameda,001,1643700,87216,86950,1927,88877,1278
2021-05-05,Alpine,003,1148,87,88,0,88,0
2021-05-05,Amador,005,37829,3650,3650,33,3683,46
2021-05-05,Butte,007,227075,12295,11907,1781,13688,198
2021-05-05,Calaveras,009,45235,2114,2103,13,2116,52
2021-05-05,Colusa,011,21464,1931,1933,297,2230,14
2021-05-05,Contra Costa,013,1133247,68637,67997,1245,69242,803
2021-05-05,Del Norte,015,27424,1359,1317,12,1329,6
2021-05-05,El Dorado,017,186661,10112,10020,725,10745,111
2021-05-05,Fresno,019,978130,102068,101491,8636,110127,1680
2021-05-05,Glenn,021,27897,2400,2380,548,2928,17
2021-05-05,Humboldt,023,135768,3944,3886,32,3918,36
2021-05-05,Imperial,025,180216,28404,28295,2718,31013,720
2021-05-05,Inyo,027,18085,1402,1401,13,1414,36
2021-05-05,Kern,029,883053,96796,95753,10736,106489,1304
2021-05-05,Kings,031,150075,23086,22840,1083,23923,246
2021-05-05,Lake,033,64148,3478,3458,9,3467,43
2021-05-05,Lassen,035,31185,5179,5143,106,5249,1
2021-05-05,Los Angeles,037,10098052,1201988,1193608,41329,1234937,23977
2021-05-05,Madera,039,155013,16518,16423,924,17347,235
2021-05-05,Marin,041,260295,14009,13950,249,14199,228
2021-05-05,Mariposa,043,17540,422,418,11,429,5
2021-05-05,Mendocino,045,87422,3870,3799,79,3878,46
2021-05-05,Merced,047,269075,30754,30844,1048,31892,444
2021-05-05,Modoc,049,8938,372,361,122,483,3
2021-05-05,Mono,051,14174,1250,1260,17,1277,3
2021-05-05,Monterey,053,433212,43028,42870,1860,44730,379
2021-05-05,Napa,055,140530,9828,9833,36,9869,81
2021-05-05,Nevada,057,99092,4745,4666,187,4853,70
2021-05-05,Orange,059,3164182,254563,253237,11287,264524,4978
2021-05-05,Placer,061,380077,22875,22362,1443,23805,287
2021-05-05,Plumas,063,18699,693,677,10,687,4
2021-05-05,Riverside,065,2383286,293034,287353,13956,301309,4414
2021-05-05,Sacramento,067,1510023,104259,103476,1699,105175,1607
2021-05-05,San Benito,069,59416,6033,6046,114,6160,63
2021-05-05,San Bernardino,071,2135413,292345,291008,8961,299969,4677
2021-05-05,San Diego,073,3302833,278665,277098,14631,291729,3716
2021-05-05,San Francisco,075,870044,36424,36577,1271,37848,543
2021-05-05,San Joaquin,077,732212,72378,71638,3480,75118,1345
2021-05-05,San Luis Obispo,079,281455,21221,20958,724,21682,256
2021-05-05,San Mateo,081,765935,42057,41755,465,42220,415
2021-05-05,Santa Barbara,083,443738,34271,34139,1135,35274,453
2021-05-05,Santa Clara,085,1922200,117958,118482,752,119234,1992
2021-05-05,Santa Cruz,087,273765,16146,16013,812,16825,207
2021-05-05,Shasta,089,179085,11974,11939,1502,13441,200
2021-05-05,Sierra,091,2930,56,54,12,66,0
2021-05-05,Siskiyou,093,43540,1813,1706,323,2029,11
2021-05-05,Solano,095,438530,32383,32250,525,32775,249
2021-05-05,Sonoma,097,501317,29740,29879,326,30205,318
2021-05-05,Stanislaus,099,539301,55545,55231,5867,61098,807
2021-05-05,Sutter,101,95872,9358,9387,83,9470,111
2021-05-05,Tehama,103,63373,4994,4968,562,5530,53
2021-05-05,Trinity,105,12862,482,326,87,413,3
2021-05-05,Tulare,107,460477,49903,48875,8933,57808,835
2021-05-05,Tuolumne,109,53932,3988,4040,38,4078,63
2021-05-05,Ventura,111,848112,81012,80372,2969,83341,1005
2021-05-05,Yolo,113,214977,13877,13846,289,14135,209
2021-05-05,Yuba,115,75493,5938,5895,121,6016,44
2021-05-04,Alameda,001,1643700,87124,86894,1927,88821,1277
2021-05-04,Alpine,003,1148,87,88,0,88,0
2021-05-04,Amador,005,37829,3650,3650,33,3683,46
2021-05-04,Butte,007,227075,12271,11883,1780,13663,198
2021-05-04,Calaveras,009,45235,2109,2100,13,2113,52
2021-05-04,Colusa,011,21464,1930,1933,297,2230,14
2021-05-04,Contra Costa,013,1133247,68557,67931,1243,69174,799
2021-05-04,Del Norte,015,27424,1359,1314,12,1326,6
2021-05-04,El Dorado,017,186661,10101,10009,721,10730,110
2021-05-04,Fresno,019,978130,102013,101451,8629,110080,1677
2021-05-04,Glenn,021,27897,2397,2379,545,2924,17
2021-05-04,Humboldt,023,135768,3918,3877,32,3909,36
2021-05-04,Imperial,025,180216,28384,28276,2714,30990,720
2021-05-04,Inyo,027,18085,1402,1399,13,1412,36
2021-05-04,Kern,029,883053,96760,95720,10718,106438,1301
2021-05-04,Kings,031,150075,23072,22822,1080,23902,246
2021-05-04,Lake,033,64148,3477,3454,9,3463,43
2021-05-04,Lassen,035,31185,5178,5142,106,5248,1
2021-05-04,Los Angeles,037,10098052,1201700,1193453,41317,1234770,23957
2021-05-04,Madera,039,155013,16517,16418,924,17342,235
2021-05-04,Marin,041,260295,14001,13935,249,14184,228
2021-05-04,Mariposa,043,17540,422,418,11,429,5
2021-05-04,Mendocino,045,87422,3865,3794,79,3873,46
2021-05-04,Merced,047,269075,30737,30829,1048,31877,444
2021-05-04,Modoc,049,8938,371,360,121,481,3
2021-05-04,Mono,051,14174,1250,1260,17,1277,3
2021-05-04,Monterey,053,433212,43016,42845,1859,44704,380
2021-05-04,Napa,055,140530,9819,9824,36,9860,81
2021-05-04,Nevada,057,99092,4738,4656,187,4843,70
2021-05-04,Orange,059,3164182,254495,253177,11277,264454,4977
2021-05-04,Placer,061,380077,22846,22326,1440,23766,287
2021-05-04,Plumas,063,18699,692,675,10,685,4
2021-05-04,Riverside,065,2383286,292950,287285,13949,301234,4411
2021-05-04,Sacramento,067,1510023,104130,103383,1694,105077,1604
2021-05-04,San Benito,069,59416,6032,6039,114,6153,63
2021-05-04,San Bernardino,071,2135413,292268,290934,8954,299888,4668
2021-05-04,San Diego,073,3302833,278498,276879,14614,291493,3713
2021-05-04,San Francisco,075,870044,36406,36550,1271,37821,541
2021-05-04,San Joaquin,077,732212,72317,71582,3475,75057,1342
2021-05-04,San Luis Obispo,079,281455,21215,20923,722,21645,255
2021-05-04,San Mateo,081,765935,42031,41708,465,42173,415
2021-05-04,Santa Barbara,083,443738,34255,34131,1134,35265,453
2021-05-04,Santa Clara,085,1922200,117895,118431,751,119182,1988
2021-05-04,Santa Cruz,087,273765,16140,16005,812,16817,207
2021-05-04,Shasta,089,179085,11954,11923,1496,13419,198
2021-05-04,Sierra,091,2930,56,54,12,66,0
2021-05-04,Siskiyou,093,43540,1806,1694,321,2015,11
2021-05-04,Solano,095,438530,32342,32220,523,32743,249
2021-05-04,Sonoma,097,501317,29720,29867,325,30192,318
2021-05-04,Stanislaus,099,539301,55489,55165,5864,61029,807
2021-05-04,Sutter,101,95872,9353,9375,83,9458,111
2021-05-04,Tehama,103,63373,4991,4959,561,5520,53
2021-05-04,Trinity,105,12862,482,326,87,413,3
2021-05-04,Tulare,107,460477,49876,48857,8924,57781,835
2021-05-04,Tuolumne,109,53932,3986,4041,38,4079,61
2021-05-04,Ventura,111,848112,80983,80351,2967,83318,1005
2021-05-04,Yolo,113,214977,13864,13820,287,14107,208
2021-05-04,Yuba,115,75493,5932,5891,121,6012,44
2021-05-03,Alameda,001,1643700,87048,86845,1921,88766,1272
2021-05-03,Alpine,003,1148,87,88,0,88,0
2021-05-03,Amador,005,37829,3650,3651,33,3684,46
2021-05-03,Butte,007,227075,12261,11864,1777,13641,198
2021-05-03,Calaveras,009,45235,2108,2099,13,2112,50
2021-05-03,Colusa,011,21464,1929,1931,295,2226,14
2021-05-03,Contra Costa,013,1133247,68498,67895,1239,69134,799
2021-05-03,Del Norte,015,27424,1354,1306,11,1317,6
2021-05-03,El Dorado,017,186661,10083,9984,716,10700,110
2021-05-03,Fresno,019,978130,101957,101405,8618,110023,1678
2021-05-03,Glenn,021,27897,2397,2375,544,2919,17
2021-05-03,Humboldt,023,135768,3903,3865,32,3897,36
2021-05-03,Imperial,025,180216,28362,28280,2711,30991,720
2021-05-03,Inyo,027,18085,1401,1398,13,1411,36
2021-05-03,Kern,029,883053,96723,95693,10706,106399,1299
2021-05-03,Kings,031,150075,23063,22821,1080,23901,246
2021-05-03,Lake,033,64148,3475,3446,9,3455,43
2021-05-03,Lassen,035,31185,5177,5142,106,5248,1
2021-05-03,Los Angeles,037,10098052,1201431,1193261,41291,1234552,23942
2021-05-03,Madera,039,155013,16512,16414,923,17337,235
2021-05-03,Marin,041,260295,13995,13927,249,14176,228
2021-05-03,Mariposa,043,17540,422,418,11,429,5
2021-05-03,Mendocino,045,87422,3858,3792,79,3871,46
2021-05-03,Merced,047,269075,30726,30814,1046,31860,444
2021-05-03,Modoc,049,8938,371,360,121,481,3
2021-05-03,Mono,051,14174,1250,1259,17,1276,3
2021-05-03,Monterey,053,433212,43004,42837,1857,44694,380
2021-05-03,Napa,055,140530,9814,9815,36,9851,81
2021-05-03,Nevada,057,99092,4730,4650,187,4837,70
2021-05-03,Orange,059,3164182,254436,253107,11268,264375,4968
2021-05-03,Placer,061,380077,22815,22289,1434,23723,287
2021-05-03,Plumas,063,18699,691,675,10,685,4
2021-05-03,Riverside,065,2383286,292876,287233,13948,301181,4412
2021-05-03,Sacramento,067,1510023,103977,103303,1684,104987,1602
2021-05-03,San Benito,069,59416,6031,6038,114,6152,63
2021-05-03,San Bernardino,071,2135413,292200,290886,8951,299837,4659
2021-05-03,San Diego,073,3302833,278335,276693,14589,291282,3712
2021-05-03,San Francisco,075,870044,36380,36538,1271,37809,541
2021-05-03,San Joaquin,077,732212,72267,71504,3472,74976,1325
2021-05-03,San Luis Obispo,079,281455,21199,20915,719,21634,254
2021-05-03,San Mateo,081,765935,42008,41689,464,42153,413
2021-05-03,Santa Barbara,083,443738,34243,34119,1134,35253,453
2021-05-03,Santa Clara,085,1922200,117841,118373,750,119123,1988
2021-05-03,Santa Cruz,087,273765,16137,16000,812,16812,207
2021-05-03,Shasta,089,179085,11931,11890,1491,13381,197
2021-05-03,Sierra,091,2930,56,54,12,66,0
2021-05-03,Siskiyou,093,43540,1800,1683,315,1998,11
2021-05-03,Solano,095,438530,32301,32201,522,32723,249
2021-05-03,Sonoma,097,501317,29708,29855,322,30177,318
2021-05-03,Stanislaus,099,539301,55423,55116,5855,60971,774
2021-05-03,Sutter,101,95872,9341,9370,83,9453,111
2021-05-03,Tehama,103,63373,4983,4952,561,5513,53
2021-05-03,Trinity,105,12862,482,326,87,413,3
2021-05-03,Tulare,107,460477,49859,48844,8914,57758,835
2021-05-03,Tuolumne,109,53932,3985,4038,38,4076,61
2021-05-03,Ventura,111,848112,80961,80291,2967,83258,1005
2021-05-03,Yolo,113,214977,13851,13809,285,14094,208
2021-05-03,Yuba,115,75493,5927,5880,121,6001,44
2021-05-02,Alameda,001,1643700,86963,86784,1920,88704,1272
2021-05-02,Alpine,003,1148,87,88,0,88,0
2021-05-02,Amador,005,37829,3650,3650,33,3683,46
2021-05-02,Butte,007,227075,12237,11859,1774,13633,198
2021-05-02,Calaveras,009,45235,2104,2098,13,2111,50
2021-05-02,Colusa,011,21464,1928,1931,294,2225,14
2021-05-02,Contra Costa,013,1133247,68413,67843,1237,69080,800
2021-05-02,Del Norte,015,27424,1347,1305,11,1316,6
2021-05-02,El Dorado,017,186661,10068,9962,715,10677,110
2021-05-02,Fresno,019,978130,101885,101372,8607,109979,1678
2021-05-02,Glenn,021,27897,2396,2374,542,2916,17
2021-05-02,Humboldt,023,135768,3891,3858,31,3889,36
2021-05-02,Imperial,025,180216,28328,28275,2702,30977,721
2021-05-02,Inyo,027,18085,1399,1398,13,1411,36
2021-05-02,Kern,029,883053,96665,95668,10699,106367,1299
2021-05-02,Kings,031,150075,23045,22816,1079,23895,246
2021-05-02,Lake,033,64148,3473,3443,9,3452,43
2021-05-02,Lassen,035,31185,5176,5142,105,5247,1
2021-05-02,Los Angeles,037,10098052,1201081,1193056,41268,1234324,23943
2021-05-02,Madera,039,155013,16506,16410,923,17333,235
2021-05-02,Marin,041,260295,13985,13917,249,14166,228
2021-05-02,Mariposa,043,17540,422,419,11,430,5
2021-05-02,Mendocino,045,87422,3853,3787,79,3866,46
2021-05-02,Merced,047,269075,30706,30793,1042,31835,444
2021-05-02,Modoc,049,8938,370,360,121,481,3
2021-05-02,Mono,051,14174,1249,1259,17,1276,3
2021-05-02,Monterey,053,433212,42990,42837,1856,44693,380
2021-05-02,Napa,055,140530,9810,9805,36,9841,81
2021-05-02,Nevada,057,99092,4714,4635,187,4822,70
2021-05-02,Orange,059,3164182,254362,253025,11254,264279,4968
2021-05-02,Placer,061,380077,22786,22264,1431,23695,287
2021-05-02,Plumas,063,18699,691,675,10,685,4
2021-05-02,Riverside,065,2383286,292776,287197,13938,301135,4412
2021-05-02,Sacramento,067,1510023,103837,103153,1677,104830,1602
2021-05-02,San Benito,069,59416,6026,6037,114,6151,63
2021-05-02,San Bernardino,071,2135413,292101,290859,8949,299808,4655
2021-05-02,San Diego,073,3302833,278139,276521,14562,291083,3712
2021-05-02,San Francisco,075,870044,36354,36522,1271,37793,541
2021-05-02,San Joaquin,077,732212,72203,71447,3465,74912,1325
2021-05-02,San Luis Obispo,079,281455,21178,20910,718,21628,254
2021-05-02,San Mateo,081,765935,41992,41656,463,42119,412
2021-05-02,Santa Barbara,083,443738,34229,34106,1134,35240,453
2021-05-02,Santa Clara,085,1922200,117767,118321,750,119071,1988
2021-05-02,Santa Cruz,087,273765,16132,15995,811,16806,207
2021-05-02,Shasta,089,179085,11915,11885,1483,13368,197
2021-05-02,Sierra,091,2930,56,54,12,66,0
2021-05-02,Siskiyou,093,43540,1789,1661,314,1975,11
2021-05-02,Solano,095,438530,32262,32151,518,32669,249
2021-05-02,Sonoma,097,501317,29686,29842,322,30164,318
2021-05-02,Stanislaus,099,539301,55349,55057,5848,60905,774
2021-05-02,Sutter,101,95872,9335,9363,83,9446,111
2021-05-02,Tehama,103,63373,4978,4950,559,5509,53
2021-05-02,Trinity,105,12862,482,326,87,413,3
2021-05-02,Tulare,107,460477,49841,48834,8906,57740,835
2021-05-02,Tuolumne,109,53932,3982,4038,38,4076,61
2021-05-02,Ventura,111,848112,80923,80284,2966,83250,1005
2021-05-02,Yolo,113,214977,13839,13799,284,14083,208
2021-05-02,Yuba,115,75493,5917,5879,121,6000,44
2021-05-01,Alameda,001,1643700,86920,86704,1917,88621,1270
2021-05-01,Alpine,003,1148,87,88,0,88,0
2021-05-01,Amador,005,37829,3650,3650,33,3683,46
2021-05-01,Butte,007,227075,12223,11845,1769,13614,198
2021-05-01,Calaveras,009,45235,2102,2096,13,2109,50
2021-05-01,Colusa,011,21464,1927,1931,294,2225,14
2021-05-01,Contra Costa,013,1133247,68361,67779,1234,69013,800
2021-05-01,Del Norte,015,27424,1346,1292,11,1303,6
2021-05-01,El Dorado,017,186661,10054,9944,713,10657,110
2021-05-01,Fresno,019,978130,101840,101326,8601,109927,1678
2021-05-01,Glenn,021,27897,2393,2369,541,2910,17
2021-05-01,Humboldt,023,135768,3877,3845,31,3876,36
2021-05-01,Imperial,025,180216,28321,28262,2702,30964,721
2021-05-01,Inyo,027,18085,1399,1397,13,1410,36
2021-05-01,Kern,029,883053,96638,95645,10688,106333,1299
2021-05-01,Kings,031,150075,23042,22797,1078,23875,246
2021-05-01,Lake,033,64148,3471,3441,9,3450,43
2021-05-01,Lassen,035,31185,5174,5142,105,5247,1
2021-05-01,Los Angeles,037,10098052,1200912,1192781,41253,1234034,23946
2021-05-01,Madera,039,155013,16502,16408,923,17331,235
2021-05-01,Marin,041,260295,13978,13902,249,14151,228
2021-05-01,Mariposa,043,17540,422,418,11,429,5
2021-05-01,Mendocino,045,87422,3851,3782,79,3861,46
2021-05-01,Merced,047,269075,30689,30771,1041,31812,444
2021-05-01,Modoc,049,8938,370,361,121,482,3
2021-05-01,Mono,051,14174,1249,1258,17,1275,3
2021-05-01,Monterey,053,433212,42984,42828,1856,44684,379
2021-05-01,Napa,055,140530,9807,9800,36,9836,81
2021-05-01,Nevada,057,99092,4709,4625,187,4812,70
2021-05-01,Orange,059,3164182,254319,252969,11243,264212,4964
2021-05-01,Placer,061,380077,22760,22240,1429,23669,287
2021-05-01,Plumas,063,18699,690,675,10,685,4
2021-05-01,Riverside,065,2383286,292737,287129,13936,301065,4412
2021-05-01,Sacramento,067,1510023,103756,103043,1676,104719,1602
2021-05-01,San Benito,069,59416,6023,6030,114,6144,63
2021-05-01,San Bernardino,071,2135413,292058,290802,8947,299749,4652
2021-05-01,San Diego,073,3302833,278015,276367,14541,290908,3706
2021-05-01,San Francisco,075,870044,36339,36496,1271,37767,541
2021-05-01,San Joaquin,077,732212,72154,71389,3463,74852,1325
2021-05-01,San Luis Obispo,079,281455,21173,20896,718,21614,254
2021-05-01,San Mateo,081,765935,41963,41617,462,42079,411
2021-05-01,Santa Barbara,083,443738,34224,34085,1133,35218,453
2021-05-01,Santa Clara,085,1922200,117715,118265,748,119013,1988
2021-05-01,Santa Cruz,087,273765,16129,15984,811,16795,207
2021-05-01,Shasta,089,179085,11895,11878,1475,13353,197
2021-05-01,Sierra,091,2930,56,53,12,65,0
2021-05-01,Siskiyou,093,43540,1781,1653,313,1966,11
2021-05-01,Solano,095,438530,32232,32124,510,32634,249
2021-05-01,Sonoma,097,501317,29683,29835,322,30157,318
2021-05-01,Stanislaus,099,539301,55314,55005,5842,60847,774
2021-05-01,Sutter,101,95872,9332,9358,83,9441,110
2021-05-01,Tehama,103,63373,4977,4950,558,5508,53
2021-05-01,Trinity,105,12862,482,326,86,412,3
2021-05-01,Tulare,107,460477,49834,48818,8900,57718,835
2021-05-01,Tuolumne,109,53932,3976,4035,38,4073,61
2021-05-01,Ventura,111,848112,80905,80268,2966,83234,1005
2021-05-01,Yolo,113,214977,13832,13784,282,14066,208
2021-05-01,Yuba,115,75493,5915,5875,121,5996,44
2021-04-30,Alameda,001,1643700,86859,86602,1914,88516,1268
2021-04-30,Alpine,003,1148,87,88,0,88,0
2021-04-30,Amador,005,37829,3648,3650,33,3683,46
2021-04-30,Butte,007,227075,12204,11812,1765,13577,197
2021-04-30,Calaveras,009,45235,2101,2087,13,2100,50
2021-04-30,Colusa,011,21464,1927,1931,293,2224,14
2021-04-30,Contra Costa,013,1133247,68313,67684,1231,68915,800
2021-04-30,Del Norte,015,27424,1334,1276,11,1287,6
2021-04-30,El Dorado,017,186661,10040,9906,713,10619,110
2021-04-30,Fresno,019,978130,101794,101263,8597,109860,1670
2021-04-30,Glenn,021,27897,2392,2369,541,2910,17
2021-04-30,Humboldt,023,135768,3864,3834,31,3865,36
2021-04-30,Imperial,025,180216,28312,28244,2699,30943,721
2021-04-30,Inyo,027,18085,1399,1397,13,1410,36
2021-04-30,Kern,029,883053,96621,95605,10684,106289,1298
2021-04-30,Kings,031,150075,23039,22793,1077,23870,246
2021-04-30,Lake,033,64148,3467,3440,9,3449,43
2021-04-30,Lassen,035,31185,5173,5140,105,5245,1
2021-04-30,Los Angeles,037,10098052,1200701,1192393,41240,1233633,23919
2021-04-30,Madera,039,155013,16496,16395,923,17318,235
2021-04-30,Marin,041,260295,13970,13895,247,14142,228
2021-04-30,Mariposa,043,17540,422,417,11,428,5
2021-04-30,Mendocino,045,87422,3847,3777,79,3856,46
2021-04-30,Merced,047,269075,30676,30740,1040,31780,444
2021-04-30,Modoc,049,8938,369,360,121,481,3
2021-04-30,Mono,051,14174,1249,1258,17,1275,3
2021-04-30,Monterey,053,433212,42970,42810,1855,44665,379
2021-04-30,Napa,055,140530,9803,9792,36,9828,81
2021-04-30,Nevada,057,99092,4701,4608,187,4795,70
2021-04-30,Orange,059,3164182,254262,252883,11237,264120,4956
2021-04-30,Placer,061,380077,22741,22190,1425,23615,287
2021-04-30,Plumas,063,18699,690,677,10,687,4
2021-04-30,Riverside,065,2383286,292679,287030,13929,300959,4412
2021-04-30,Sacramento,067,1510023,103655,102864,1672,104536,1596
2021-04-30,San Benito,069,59416,6019,6024,113,6137,63
2021-04-30,San Bernardino,071,2135413,291997,290704,8946,299650,4640
2021-04-30,San Diego,073,3302833,277919,276157,14530,290687,3702
2021-04-30,San Francisco,075,870044,36328,36453,1270,37723,538
2021-04-30,San Joaquin,077,732212,72102,71311,3460,74771,1306
2021-04-30,San Luis Obispo,079,281455,21167,20884,718,21602,255
2021-04-30,San Mateo,081,765935,41949,41583,461,42044,380
2021-04-30,Santa Barbara,083,443738,34211,34061,1133,35194,451
2021-04-30,Santa Clara,085,1922200,117657,118170,744,118914,1988
2021-04-30,Santa Cruz,087,273765,16124,15975,811,16786,207
2021-04-30,Shasta,089,179085,11874,11848,1472,13320,197
2021-04-30,Sierra,091,2930,56,53,12,65,0
2021-04-30,Siskiyou,093,43540,1770,1628,310,1938,11
2021-04-30,Solano,095,438530,32200,32050,507,32557,249
2021-04-30,Sonoma,097,501317,29673,29816,320,30136,318
2021-04-30,Stanislaus,099,539301,55263,54938,5839,60777,774
2021-04-30,Sutter,101,95872,9330,9353,83,9436,110
2021-04-30,Tehama,103,63373,4974,4944,558,5502,53
2021-04-30,Trinity,105,12862,482,326,86,412,3
2021-04-30,Tulare,107,460477,49824,48797,8884,57681,836
2021-04-30,Tuolumne,109,53932,3975,4033,38,4071,61
2021-04-30,Ventura,111,848112,80865,80232,2961,83193,1004
2021-04-30,Yolo,113,214977,13820,13756,282,14038,208
2021-04-30,Yuba,115,75493,5907,5870,121,5991,44
2021-04-29,Alameda,001,1643700,86793,86490,1913,88403,1263
2021-04-29,Alpine,003,1148,87,88,0,88,0
2021-04-29,Amador,005,37829,3648,3649,33,3682,46
2021-04-29,Butte,007,227075,12189,11787,1763,13550,196
2021-04-29,Calaveras,009,45235,2098,2082,13,2095,50
2021-04-29,Colusa,011,21464,1927,1929,293,2222,14
2021-04-29,Contra Costa,013,1133247,68258,67606,1228,68834,795
2021-04-29,Del Norte,015,27424,1330,1271,11,1282,6
2021-04-29,El Dorado,017,186661,10020,9884,710,10594,107
2021-04-29,Fresno,019,978130,101740,101189,8586,109775,1667
2021-04-29,Glenn,021,27897,2389,2369,541,2910,17
2021-04-29,Humboldt,023,135768,3850,3815,31,3846,36
2021-04-29,Imperial,025,180216,28300,28235,2698,30933,720
2021-04-29,Inyo,027,18085,1399,1396,13,1409,36
2021-04-29,Kern,029,883053,96588,95547,10680,106227,1295
2021-04-29,Kings,031,150075,23029,22777,1072,23849,245
2021-04-29,Lake,033,64148,3459,3438,9,3447,43
2021-04-29,Lassen,035,31185,5173,5140,105,5245,1
2021-04-29,Los Angeles,037,10098052,1200423,1192068,41220,1233288,23899
2021-04-29,Madera,039,155013,16491,16383,922,17305,235
2021-04-29,Marin,041,260295,13966,13884,239,14123,228
2021-04-29,Mariposa,043,17540,421,416,11,427,5
2021-04-29,Mendocino,045,87422,3841,3774,79,3853,46
2021-04-29,Merced,047,269075,30657,30706,1039,31745,444
2021-04-29,Modoc,049,8938,369,360,121,481,3
2021-04-29,Mono,051,14174,1246,1259,17,1276,3
2021-04-29,Monterey,053,433212,42953,42797,1854,44651,379
2021-04-29,Napa,055,140530,9789,9789,36,9825,81
2021-04-29,Nevada,057,99092,4690,4590,187,4777,70
2021-04-29,Orange,059,3164182,254192,252823,11222,264045,4934
2021-04-29,Placer,061,380077,22716,22161,1423,23584,286
2021-04-29,Plumas,063,18699,689,676,10,686,4
2021-04-29,Riverside,065,2383286,292611,286947,13926,300873,4409
2021-04-29,Sacramento,067,1510023,103522,102686,1662,104348,1593
2021-04-29,San Benito,069,59416,6018,6023,113,6136,63
2021-04-29,San Bernardino,071,2135413,291925,290606,8941,299547,4609
2021-04-29,San Diego,073,3302833,277768,275961,14513,290474,3700
2021-04-29,San Francisco,075,870044,36302,36412,1270,37682,537
2021-04-29,San Joaquin,077,732212,72036,71225,3455,74680,1301
2021-04-29,San Luis Obispo,079,281455,21156,20876,718,21594,255
2021-04-29,San Mateo,081,765935,41921,41538,460,41998,358
2021-04-29,Santa Barbara,083,443738,34195,34039,1131,35170,448
2021-04-29,Santa Clara,085,1922200,117602,118082,741,118823,1984
2021-04-29,Santa Cruz,087,273765,16118,15961,811,16772,205
2021-04-29,Shasta,089,179085,11843,11836,1464,13300,193
2021-04-29,Sierra,091,2930,56,53,12,65,0
2021-04-29,Siskiyou,093,43540,1761,1615,307,1922,11
2021-04-29,Solano,095,438530,32159,32002,503,32505,248
2021-04-29,Sonoma,097,501317,29658,29785,317,30102,318
2021-04-29,Stanislaus,099,539301,55196,54836,5834,60670,774
2021-04-29,Sutter,101,95872,9323,9346,83,9429,110
2021-04-29,Tehama,103,63373,4966,4939,558,5497,53
2021-04-29,Trinity,105,12862,482,326,86,412,3
2021-04-29,Tulare,107,460477,49806,48785,8872,57657,832
2021-04-29,Tuolumne,109,53932,3974,4030,38,4068,58
2021-04-29,Ventura,111,848112,80831,80188,2959,83147,1002
2021-04-29,Yolo,113,214977,13800,13745,281,14026,205
2021-04-29,Yuba,115,75493,5897,5865,121,5986,44
2021-04-28,Alameda,001,1643700,86721,86390,1909,88299,1260
2021-04-28,Alpine,003,1148,87,88,0,88,0
2021-04-28,Amador,005,37829,3648,3646,33,3679,46
2021-04-28,Butte,007,227075,12169,11762,1758,13520,196
2021-04-28,Calaveras,009,45235,2094,2078,12,2090,50
2021-04-28,Colusa,011,21464,1924,1927,292,2219,14
2021-04-28,Contra Costa,013,1133247,68198,67539,1226,68765,795
2021-04-28,Del Norte,015,27424,1322,1267,11,1278,6
2021-04-28,El Dorado,017,186661,9995,9873,710,10583,107
2021-04-28,Fresno,019,978130,101693,101161,8576,109737,1666
2021-04-28,Glenn,021,27897,2386,2368,541,2909,17
2021-04-28,Humboldt,023,135768,3834,3796,31,3827,36
2021-04-28,Imperial,025,180216,28286,28177,2697,30874,720
2021-04-28,Inyo,027,18085,1399,1396,12,1408,36
2021-04-28,Kern,029,883053,96559,95494,10671,106165,1295
2021-04-28,Kings,031,150075,23017,22767,1070,23837,245
2021-04-28,Lake,033,64148,3456,3433,9,3442,43
2021-04-28,Lassen,035,31185,5173,5138,105,5243,1
2021-04-28,Los Angeles,037,10098052,1200124,1191729,41193,1232922,23858
2021-04-28,Madera,039,155013,16487,16372,922,17294,235
2021-04-28,Marin,041,260295,13955,13866,239,14105,227
2021-04-28,Mariposa,043,17540,418,415,11,426,5
2021-04-28,Mendocino,045,87422,3835,3770,77,3847,46
2021-04-28,Merced,047,269075,30639,30649,1039,31688,443
2021-04-28,Modoc,049,8938,369,360,121,481,3
2021-04-28,Mono,051,14174,1246,1258,17,1275,3
2021-04-28,Monterey,053,433212,42948,42776,1854,44630,379
2021-04-28,Napa,055,140530,9778,9777,36,9813,81
2021-04-28,Nevada,057,99092,4670,4570,187,4757,70
2021-04-28,Orange,059,3164182,254112,252747,11209,263956,4931
2021-04-28,Placer,061,380077,22689,22115,1422,23537,285
2021-04-28,Plumas,063,18699,689,676,10,686,4
2021-04-28,Riverside,065,2383286,292555,286868,13920,300788,4407
2021-04-28,Sacramento,067,1510023,103400,102613,1658,104271,1591
2021-04-28,San Benito,069,59416,6016,6021,113,6134,63
2021-04-28,San Bernardino,071,2135413,291846,290548,8931,299479,4582
2021-04-28,San Diego,073,3302833,277614,275821,14499,290320,3698
2021-04-28,San Francisco,075,870044,36272,36382,1269,37651,534
2021-04-28,San Joaquin,077,732212,71956,71171,3447,74618,1301
2021-04-28,San Luis Obispo,079,281455,21148,20851,718,21569,255
2021-04-28,San Mateo,081,765935,41896,41498,458,41956,358
2021-04-28,Santa Barbara,083,443738,34181,34003,1131,35134,448
2021-04-28,Santa Clara,085,1922200,117533,117997,739,118736,1969
2021-04-28,Santa Cruz,087,273765,16114,15943,810,16753,205
2021-04-28,Shasta,089,179085,11827,11815,1457,13272,192
2021-04-28,Sierra,091,2930,56,51,12,63,0
2021-04-28,Siskiyou,093,43540,1748,1603,304,1907,11
2021-04-28,Solano,095,438530,32127,31982,498,32480,248
2021-04-28,Sonoma,097,501317,29644,29773,313,30086,318
2021-04-28,Stanislaus,099,539301,55141,54745,5831,60576,774
2021-04-28,Sutter,101,95872,9318,9343,83,9426,110
2021-04-28,Tehama,103,63373,4961,4930,557,5487,53
2021-04-28,Trinity,105,12862,482,326,86,412,3
2021-04-28,Tulare,107,460477,49788,48754,8857,57611,832
2021-04-28,Tuolumne,109,53932,3971,4029,38,4067,58
2021-04-28,Ventura,111,848112,80796,80172,2957,83129,1000
2021-04-28,Yolo,113,214977,13786,13721,280,14001,205
2021-04-28,Yuba,115,75493,5891,5857,121,5978,44
2021-04-27,Alameda,001,1643700,86630,86301,1903,88204,1260
2021-04-27,Alpine,003,1148,87,88,0,88,0
2021-04-27,Amador,005,37829,3648,3645,33,3678,46
2021-04-27,Butte,007,227075,12144,11738,1752,13490,196
2021-04-27,Calaveras,009,45235,2092,2076,12,2088,50
2021-04-27,Colusa,011,21464,1923,1926,292,2218,14
2021-04-27,Contra Costa,013,1133247,68129,67470,1222,68692,791
2021-04-27,Del Norte,015,27424,1310,1266,11,1277,6
2021-04-27,El Dorado,017,186661,9966,9866,707,10573,106
2021-04-27,Fresno,019,978130,101628,101138,8566,109704,1663
2021-04-27,Glenn,021,27897,2386,2368,541,2909,17
2021-04-27,Humboldt,023,135768,3822,3780,31,3811,35
2021-04-27,Imperial,025,180216,28270,28149,2691,30840,720
2021-04-27,Inyo,027,18085,1399,1396,12,1408,36
2021-04-27,Kern,029,883053,96502,95466,10660,106126,1295
2021-04-27,Kings,031,150075,23002,22759,1068,23827,244
2021-04-27,Lake,033,64148,3455,3431,9,3440,43
2021-04-27,Lassen,035,31185,5173,5137,105,5242,1
2021-04-27,Los Angeles,037,10098052,1199800,1191504,41163,1232667,23825
2021-04-27,Madera,039,155013,16480,16365,922,17287,235
2021-04-27,Marin,041,260295,13933,13855,239,14094,227
2021-04-27,Mariposa,043,17540,417,413,11,424,5
2021-04-27,Mendocino,045,87422,3831,3765,77,3842,46
2021-04-27,Merced,047,269075,30598,30620,1039,31659,443
2021-04-27,Modoc,049,8938,368,360,121,481,3
2021-04-27,Mono,051,14174,1246,1257,17,1274,3
2021-04-27,Monterey,053,433212,42930,42752,1851,44603,379
2021-04-27,Napa,055,140530,9771,9774,34,9808,81
2021-04-27,Nevada,057,99092,4655,4557,187,4744,70
2021-04-27,Orange,059,3164182,254043,252667,11204,263871,4925
2021-04-27,Placer,061,380077,22660,22050,1418,23468,285
2021-04-27,Plumas,063,18699,688,675,10,685,4
2021-04-27,Riverside,065,2383286,292479,286820,13916,300736,4405
2021-04-27,Sacramento,067,1510023,103271,102595,1648,104243,1589
2021-04-27,San Benito,069,59416,6011,6016,113,6129,63
2021-04-27,San Bernardino,071,2135413,291778,290461,8926,299387,4575
2021-04-27,San Diego,073,3302833,277457,275685,14479,290164,3692
2021-04-27,San Francisco,075,870044,36244,36358,1268,37626,533
2021-04-27,San Joaquin,077,732212,71903,71104,3441,74545,1301
2021-04-27,San Luis Obispo,079,281455,21141,20841,718,21559,255
2021-04-27,San Mateo,081,765935,41861,41474,457,41931,358
2021-04-27,Santa Barbara,083,443738,34157,33973,1130,35103,448
2021-04-27,Santa Clara,085,1922200,117483,117945,738,118683,1969
2021-04-27,Santa Cruz,087,273765,16107,15905,809,16714,205
2021-04-27,Shasta,089,179085,11799,11802,1450,13252,192
2021-04-27,Sierra,091,2930,56,51,12,63,0
2021-04-27,Siskiyou,093,43540,1733,1597,303,1900,11
2021-04-27,Solano,095,438530,32079,31964,497,32461,248
2021-04-27,Sonoma,097,501317,29626,29761,312,30073,318
2021-04-27,Stanislaus,099,539301,55071,54695,5823,60518,752
2021-04-27,Sutter,101,95872,9313,9342,83,9425,110
2021-04-27,Tehama,103,63373,4958,4922,553,5475,53
2021-04-27,Trinity,105,12862,482,326,86,412,3
2021-04-27,Tulare,107,460477,49772,48744,8848,57592,832
2021-04-27,Tuolumne,109,53932,3968,4028,38,4066,58
2021-04-27,Ventura,111,848112,80767,80152,2955,83107,1000
2021-04-27,Yolo,113,214977,13773,13697,278,13975,205
2021-04-27,Yuba,115,75493,5891,5853,121,5974,44
2021-04-26,Alameda,001,1643700,86536,86230,1900,88130,1256
2021-04-26,Alpine,003,1148,87,88,0,88,0
2021-04-26,Amador,005,37829,3647,3645,33,3678,46
2021-04-26,Butte,007,227075,12120,11720,1748,13468,196
2021-04-26,Calaveras,009,45235,2086,2074,12,2086,50
2021-04-26,Colusa,011,21464,1923,1925,291,2216,14
2021-04-26,Contra Costa,013,1133247,68062,67392,1218,68610,789
2021-04-26,Del Norte,015,27424,1301,1263,11,1274,6
2021-04-26,El Dorado,017,186661,9945,9849,706,10555,106
2021-04-26,Fresno,019,978130,101573,101099,8552,109651,1662
2021-04-26,Glenn,021,27897,2384,2367,541,2908,17
2021-04-26,Humboldt,023,135768,3812,3764,30,3794,35
2021-04-26,Imperial,025,180216,28257,28148,2688,30836,720
2021-04-26,Inyo,027,18085,1398,1396,12,1408,36
2021-04-26,Kern,029,883053,96475,95429,10654,106083,1295
2021-04-26,Kings,031,150075,22999,22756,1065,23821,244
2021-04-26,Lake,033,64148,3450,3428,9,3437,43
2021-04-26,Lassen,035,31185,5173,5138,105,5243,1
2021-04-26,Los Angeles,037,10098052,1199470,1191253,41144,1232397,23802
2021-04-26,Madera,039,155013,16468,16353,921,17274,231
2021-04-26,Marin,041,260295,13918,13849,239,14088,227
2021-04-26,Mariposa,043,17540,416,410,11,421,5
2021-04-26,Mendocino,045,87422,3829,3757,76,3833,46
2021-04-26,Merced,047,269075,30581,30611,1036,31647,443
2021-04-26,Modoc,049,8938,368,360,121,481,3
2021-04-26,Mono,051,14174,1246,1258,17,1275,3
2021-04-26,Monterey,053,433212,42914,42740,1850,44590,379
2021-04-26,Napa,055,140530,9759,9769,34,9803,79
2021-04-26,Nevada,057,99092,4634,4548,187,4735,70
2021-04-26,Orange,059,3164182,253959,252592,11193,263785,4919
2021-04-26,Placer,061,380077,22632,22032,1413,23445,285
2021-04-26,Plumas,063,18699,688,670,10,680,4
2021-04-26,Riverside,065,2383286,292417,286724,13908,300632,4401
2021-04-26,Sacramento,067,1510023,103099,102459,1635,104094,1587
2021-04-26,San Benito,069,59416,6009,6013,113,6126,63
2021-04-26,San Bernardino,071,2135413,291727,290394,8925,299319,4572
2021-04-26,San Diego,073,3302833,277282,275541,14451,289992,3692
2021-04-26,San Francisco,075,870044,36216,36330,1267,37597,532
2021-04-26,San Joaquin,077,732212,71837,71050,3433,74483,1301
2021-04-26,San Luis Obispo,079,281455,21133,20830,717,21547,255
2021-04-26,San Mateo,081,765935,41831,41457,457,41914,357
2021-04-26,Santa Barbara,083,443738,34126,33948,1130,35078,448
2021-04-26,Santa Clara,085,1922200,117383,117874,735,118609,1968
2021-04-26,Santa Cruz,087,273765,16098,15877,809,16686,205
2021-04-26,Shasta,089,179085,11782,11787,1444,13231,192
2021-04-26,Sierra,091,2930,55,51,12,63,0
2021-04-26,Siskiyou,093,43540,1723,1592,300,1892,11
2021-04-26,Solano,095,438530,32034,31913,495,32408,247
2021-04-26,Sonoma,097,501317,29603,29755,310,30065,318
2021-04-26,Stanislaus,099,539301,54981,54638,5817,60455,744
2021-04-26,Sutter,101,95872,9308,9328,83,9411,110
2021-04-26,Tehama,103,63373,4953,4920,550,5470,53
2021-04-26,Trinity,105,12862,482,326,86,412,3
2021-04-26,Tulare,107,460477,49752,48735,8839,57574,831
2021-04-26,Tuolumne,109,53932,3967,4024,38,4062,58
2021-04-26,Ventura,111,848112,80742,80137,2952,83089,999
2021-04-26,Yolo,113,214977,13753,13684,275,13959,205
2021-04-26,Yuba,115,75493,5889,5851,121,5972,44
2021-04-25,Alameda,001,1643700,86434,86162,1893,88055,1256
2021-04-25,Alpine,003,1148,87,87,0,87,0
2021-04-25,Amador,005,37829,3646,3643,33,3676,46
2021-04-25,Butte,007,227075,12091,11709,1741,13450,196
2021-04-25,Calaveras,009,45235,2081,2072,11,2083,50
2021-04-25,Colusa,011,21464,1922,1924,291,2215,14
2021-04-25,Contra Costa,013,1133247,67970,67316,1217,68533,789
2021-04-25,Del Norte,015,27424,1295,1259,11,1270,6
2021-04-25,El Dorado,017,186661,9929,9837,704,10541,106
2021-04-25,Fresno,019,978130,101514,101061,8540,109601,1662
2021-04-25,Glenn,021,27897,2384,2366,541,2907,17
2021-04-25,Humboldt,023,135768,3799,3751,30,3781,35
2021-04-25,Imperial,025,180216,28231,28136,2685,30821,720
2021-04-25,Inyo,027,18085,1398,1396,12,1408,36
2021-04-25,Kern,029,883053,96409,95398,10641,106039,1295
2021-04-25,Kings,031,150075,22985,22755,1063,23818,244
2021-04-25,Lake,033,64148,3448,3427,9,3436,43
2021-04-25,Lassen,035,31185,5171,5138,105,5243,1
2021-04-25,Los Angeles,037,10098052,1199135,1190970,41123,1232093,23799
2021-04-25,Madera,039,155013,16456,16346,921,17267,231
2021-04-25,Marin,041,260295,13909,13852,239,14091,227
2021-04-25,Mariposa,043,17540,416,410,11,421,5
2021-04-25,Mendocino,045,87422,3822,3757,76,3833,46
2021-04-25,Merced,047,269075,30547,30586,1035,31621,443
2021-04-25,Modoc,049,8938,368,360,121,481,3
2021-04-25,Mono,051,14174,1246,1257,17,1274,3
2021-04-25,Monterey,053,433212,42901,42737,1848,44585,379
2021-04-25,Napa,055,140530,9754,9762,34,9796,79
2021-04-25,Nevada,057,99092,4622,4536,187,4723,70
2021-04-25,Orange,059,3164182,253883,252531,11186,263717,4919
2021-04-25,Placer,061,380077,22586,22011,1405,23416,285
2021-04-25,Plumas,063,18699,687,670,10,680,4
2021-04-25,Riverside,065,2383286,292323,286651,13902,300553,4401
2021-04-25,Sacramento,067,1510023,102932,102319,1625,103944,1587
2021-04-25,San Benito,069,59416,6007,6014,112,6126,63
2021-04-25,San Bernardino,071,2135413,291652,290357,8917,299274,4571
2021-04-25,San Diego,073,3302833,277069,275412,14418,289830,3692
2021-04-25,San Francisco,075,870044,36185,36310,1267,37577,532
2021-04-25,San Joaquin,077,732212,71742,70987,3423,74410,1301
2021-04-25,San Luis Obispo,079,281455,21114,20820,715,21535,255
2021-04-25,San Mateo,081,765935,41796,41465,456,41921,356
2021-04-25,Santa Barbara,083,443738,34100,33931,1130,35061,448
2021-04-25,Santa Clara,085,1922200,117304,117778,733,118511,1968
2021-04-25,Santa Cruz,087,273765,16092,15868,807,16675,205
2021-04-25,Shasta,089,179085,11759,11784,1439,13223,192
2021-04-25,Sierra,091,2930,55,51,12,63,0
2021-04-25,Siskiyou,093,43540,1712,1580,298,1878,11
2021-04-25,Solano,095,438530,31987,31864,487,32351,247
2021-04-25,Sonoma,097,501317,29585,29756,310,30066,318
2021-04-25,Stanislaus,099,539301,54885,54543,5809,60352,744
2021-04-25,Sutter,101,95872,9302,9326,83,9409,110
2021-04-25,Tehama,103,63373,4949,4916,548,5464,53
2021-04-25,Trinity,105,12862,482,326,86,412,3
2021-04-25,Tulare,107,460477,49736,48728,8825,57553,831
2021-04-25,Tuolumne,109,53932,3965,4022,38,4060,58
2021-04-25,Ventura,111,848112,80718,80110,2952,83062,999
2021-04-25,Yolo,113,214977,13728,13667,273,13940,205
2021-04-25,Yuba,115,75493,5886,5849,120,5969,44
2021-04-24,Alameda,001,1643700,86380,86016,1891,87907,1257
2021-04-24,Alpine,003,1148,87,86,0,86,0
2021-04-24,Amador,005,37829,3645,3640,33,3673,46
2021-04-24,Butte,007,227075,12075,11678,1739,13417,196
2021-04-24,Calaveras,009,45235,2077,2067,11,2078,50
2021-04-24,Colusa,011,21464,1921,1921,291,2212,14
2021-04-24,Contra Costa,013,1133247,67900,67222,1215,68437,789
2021-04-24,Del Norte,015,27424,1290,1255,11,1266,6
2021-04-24,El Dorado,017,186661,9918,9814,703,10517,106
2021-04-24,Fresno,019,978130,101483,100991,8534,109525,1662
2021-04-24,Glenn,021,27897,2384,2363,541,2904,17
2021-04-24,Humboldt,023,135768,3785,3722,30,3752,35
2021-04-24,Imperial,025,180216,28224,28124,2684,30808,720
2021-04-24,Inyo,027,18085,1397,1396,12,1408,36
2021-04-24,Kern,029,883053,96390,95365,10631,105996,1295
2021-04-24,Kings,031,150075,22982,22749,1063,23812,244
2021-04-24,Lake,033,64148,3447,3426,9,3435,43
2021-04-24,Lassen,035,31185,5170,5137,105,5242,1
2021-04-24,Los Angeles,037,10098052,1198906,1190603,41107,1231710,23802
2021-04-24,Madera,039,155013,16453,16338,921,17259,231
2021-04-24,Marin,041,260295,13901,13847,239,14086,227
2021-04-24,Mariposa,043,17540,416,409,11,420,5
2021-04-24,Mendocino,045,87422,3820,3754,74,3828,46
2021-04-24,Merced,047,269075,30527,30559,1035,31594,443
2021-04-24,Modoc,049,8938,368,360,121,481,3
2021-04-24,Mono,051,14174,1246,1256,17,1273,3
2021-04-24,Monterey,053,433212,42889,42727,1847,44574,379
2021-04-24,Napa,055,140530,9748,9756,34,9790,79
2021-04-24,Nevada,057,99092,4615,4522,187,4709,70
2021-04-24,Orange,059,3164182,253839,252441,11180,263621,4910
2021-04-24,Placer,061,380077,22573,21983,1404,23387,285
2021-04-24,Plumas,063,18699,686,670,10,680,4
2021-04-24,Riverside,065,2383286,292255,286552,13898,300450,4400
2021-04-24,Sacramento,067,1510023,102849,102179,1618,103797,1587
2021-04-24,San Benito,069,59416,6005,6007,112,6119,63
2021-04-24,San Bernardino,071,2135413,291603,290264,8916,299180,4568
2021-04-24,San Diego,073,3302833,276965,275252,14398,289650,3688
2021-04-24,San Francisco,075,870044,36156,36285,1263,37548,532
2021-04-24,San Joaquin,077,732212,71699,70911,3420,74331,1301
2021-04-24,San Luis Obispo,079,281455,21104,20797,714,21511,255
2021-04-24,San Mateo,081,765935,41783,41424,454,41878,355
2021-04-24,Santa Barbara,083,443738,34085,33911,1129,35040,448
2021-04-24,Santa Clara,085,1922200,117249,117674,731,118405,1968
2021-04-24,Santa Cruz,087,273765,16084,15840,807,16647,205
2021-04-24,Shasta,089,179085,11741,11770,1436,13206,192
2021-04-24,Sierra,091,2930,55,51,12,63,0
2021-04-24,Siskiyou,093,43540,1702,1574,297,1871,11
2021-04-24,Solano,095,438530,31964,31821,484,32305,247
2021-04-24,Sonoma,097,501317,29583,29739,310,30049,318
2021-04-24,Stanislaus,099,539301,54836,54455,5806,60261,744
2021-04-24,Sutter,101,95872,9299,9316,83,9399,110
2021-04-24,Tehama,103,63373,4944,4907,548,5455,53
2021-04-24,Trinity,105,12862,482,326,86,412,3
2021-04-24,Tulare,107,460477,49725,48705,8815,57520,830
2021-04-24,Tuolumne,109,53932,3961,4020,38,4058,58
2021-04-24,Ventura,111,848112,80705,80097,2950,83047,999
2021-04-24,Yolo,113,214977,13717,13653,273,13926,205
2021-04-24,Yuba,115,75493,5884,5837,120,5957,44
2021-04-23,Alameda,001,1643700,86306,85935,1888,87823,1256
2021-04-23,Alpine,003,1148,86,86,0,86,0
2021-04-23,Amador,005,37829,3644,3637,33,3670,46
2021-04-23,Butte,007,227075,12054,11672,1734,13406,196
2021-04-23,Calaveras,009,45235,2074,2064,11,2075,50
2021-04-23,Colusa,011,21464,1920,1921,291,2212,14
2021-04-23,Contra Costa,013,1133247,67846,67164,1213,68377,785
2021-04-23,Del Norte,015,27424,1289,1254,11,1265,6
2021-04-23,El Dorado,017,186661,9901,9788,700,10488,106
2021-04-23,Fresno,019,978130,101442,100928,8528,109456,1662
2021-04-23,Glenn,021,27897,2384,2361,540,2901,17
2021-04-23,Humboldt,023,135768,3775,3698,30,3728,35
2021-04-23,Imperial,025,180216,28209,28108,2683,30791,720
2021-04-23,Inyo,027,18085,1397,1395,12,1407,36
2021-04-23,Kern,029,883053,96365,95330,10625,105955,1295
2021-04-23,Kings,031,150075,22979,22735,1063,23798,244
2021-04-23,Lake,033,64148,3445,3425,9,3434,43
2021-04-23,Lassen,035,31185,5170,5141,105,5246,1
2021-04-23,Los Angeles,037,10098052,1198641,1190264,41082,1231346,23785
2021-04-23,Madera,039,155013,16444,16328,921,17249,231
2021-04-23,Marin,041,260295,13896,13838,239,14077,227
2021-04-23,Mariposa,043,17540,415,405,11,416,5
2021-04-23,Mendocino,045,87422,3818,3745,73,3818,46
2021-04-23,Merced,047,269075,30510,30530,1034,31564,443
2021-04-23,Modoc,049,8938,368,360,121,481,3
2021-04-23,Mono,051,14174,1244,1256,17,1273,3
2021-04-23,Monterey,053,433212,42883,42722,1847,44569,377
2021-04-23,Napa,055,140530,9743,9752,34,9786,79
2021-04-23,Nevada,057,99092,4606,4510,187,4697,70
2021-04-23,Orange,059,3164182,253795,252399,11173,263572,4904
2021-04-23,Placer,061,380077,22550,21959,1403,23362,282
2021-04-23,Plumas,063,18699,685,670,10,680,4
2021-04-23,Riverside,065,2383286,292196,286456,13893,300349,4399
2021-04-23,Sacramento,067,1510023,102762,102041,1615,103656,1586
2021-04-23,San Benito,069,59416,6003,6005,112,6117,63
2021-04-23,San Bernardino,071,2135413,291552,290189,8915,299104,4568
2021-04-23,San Diego,073,3302833,276827,275097,14375,289472,3684
2021-04-23,San Francisco,075,870044,36140,36252,1262,37514,532
2021-04-23,San Joaquin,077,732212,71643,70840,3417,74257,1295
2021-04-23,San Luis Obispo,079,281455,21095,20781,713,21494,255
2021-04-23,San Mateo,081,765935,41757,41386,454,41840,355
2021-04-23,Santa Barbara,083,443738,34075,33895,1127,35022,447
2021-04-23,Santa Clara,085,1922200,117187,117593,730,118323,1965
2021-04-23,Santa Cruz,087,273765,16077,15802,807,16609,205
2021-04-23,Shasta,089,179085,11734,11759,1435,13194,192
2021-04-23,Sierra,091,2930,55,51,12,63,0
2021-04-23,Siskiyou,093,43540,1690,1567,296,1863,11
2021-04-23,Solano,095,438530,31932,31784,480,32264,247
2021-04-23,Sonoma,097,501317,29569,29727,310,30037,318
2021-04-23,Stanislaus,099,539301,54774,54391,5798,60189,744
2021-04-23,Sutter,101,95872,9297,9312,83,9395,110
2021-04-23,Tehama,103,63373,4941,4906,548,5454,53
2021-04-23,Trinity,105,12862,482,326,86,412,3
2021-04-23,Tulare,107,460477,49708,48694,8807,57501,829
2021-04-23,Tuolumne,109,53932,3960,4020,38,4058,58
2021-04-23,Ventura,111,848112,80686,80095,2950,83045,996
2021-04-23,Yolo,113,214977,13706,13647,272,13919,205
2021-04-23,Yuba,115,75493,5881,5828,120,5948,44
2021-04-22,Alameda,001,1643700,86217,85829,1887,87716,1253
2021-04-22,Alpine,003,1148,86,86,0,86,0
2021-04-22,Amador,005,37829,3643,3633,33,3666,46
2021-04-22,Butte,007,227075,12040,11656,1731,13387,196
2021-04-22,Calaveras,009,45235,2072,2059,11,2070,50
2021-04-22,Colusa,011,21464,1918,1920,289,2209,14
2021-04-22,Contra Costa,013,1133247,67774,67029,1208,68237,782
2021-04-22,Del Norte,015,27424,1284,1252,11,1263,6
2021-04-22,El Dorado,017,186661,9890,9773,697,10470,106
2021-04-22,Fresno,019,978130,101397,100864,8517,109381,1657
2021-04-22,Glenn,021,27897,2383,2361,540,2901,17
2021-04-22,Humboldt,023,135768,3766,3680,30,3710,35
2021-04-22,Imperial,025,180216,28188,28096,2680,30776,720
2021-04-22,Inyo,027,18085,1396,1394,12,1406,36
2021-04-22,Kern,029,883053,96322,95292,10609,105901,1299
2021-04-22,Kings,031,150075,22969,22725,1063,23788,243
2021-04-22,Lake,033,64148,3443,3423,9,3432,43
2021-04-22,Lassen,035,31185,5170,5155,105,5260,1
2021-04-22,Los Angeles,037,10098052,1198320,1189878,41061,1230939,23762
2021-04-22,Madera,039,155013,16425,16316,921,17237,231
2021-04-22,Marin,041,260295,13888,13832,239,14071,227
2021-04-22,Mariposa,043,17540,414,403,11,414,5
2021-04-22,Mendocino,045,87422,3812,3729,73,3802,46
2021-04-22,Merced,047,269075,30475,30490,1033,31523,443
2021-04-22,Modoc,049,8938,368,360,121,481,3
2021-04-22,Mono,051,14174,1244,1254,17,1271,3
2021-04-22,Monterey,053,433212,42876,42708,1845,44553,377
2021-04-22,Napa,055,140530,9733,9734,34,9768,79
2021-04-22,Nevada,057,99092,4596,4504,185,4689,70
2021-04-22,Orange,059,3164182,253722,252307,11160,263467,4898
2021-04-22,Placer,061,380077,22518,21916,1399,23315,282
2021-04-22,Plumas,063,18699,684,670,10,680,4
2021-04-22,Riverside,065,2383286,292097,286362,13884,300246,4398
2021-04-22,Sacramento,067,1510023,102613,101870,1606,103476,1585
2021-04-22,San Benito,069,59416,5999,5998,112,6110,63
2021-04-22,San Bernardino,071,2135413,291481,290125,8906,299031,4571
2021-04-22,San Diego,073,3302833,276661,275913,14353,290266,3684
2021-04-22,San Francisco,075,870044,36117,36218,1259,37477,532
2021-04-22,San Joaquin,077,732212,71584,70751,3410,74161,1295
2021-04-22,San Luis Obispo,079,281455,21081,20761,713,21474,255
2021-04-22,San Mateo,081,765935,41731,41345,452,41797,355
2021-04-22,Santa Barbara,083,443738,34052,33870,1126,34996,446
2021-04-22,Santa Clara,085,1922200,117099,117457,726,118183,1954
2021-04-22,Santa Cruz,087,273765,16074,15737,806,16543,205
2021-04-22,Shasta,089,179085,11719,11738,1433,13171,192
2021-04-22,Sierra,091,2930,55,51,12,63,0
2021-04-22,Siskiyou,093,43540,1686,1564,295,1859,11
2021-04-22,Solano,095,438530,31886,31731,477,32208,247
2021-04-22,Sonoma,097,501317,29554,29705,306,30011,318
2021-04-22,Stanislaus,099,539301,54701,54313,5792,60105,744
2021-04-22,Sutter,101,95872,9293,9302,83,9385,110
2021-04-22,Tehama,103,63373,4935,4896,544,5440,53
2021-04-22,Trinity,105,12862,482,326,86,412,3
2021-04-22,Tulare,107,460477,49688,48669,8798,57467,828
2021-04-22,Tuolumne,109,53932,3956,4020,38,4058,58
2021-04-22,Ventura,111,848112,80660,80073,2948,83021,996
2021-04-22,Yolo,113,214977,13685,13616,272,13888,205
2021-04-22,Yuba,115,75493,5871,5825,120,5945,44
2021-04-21,Alameda,001,1643700,86138,85762,1885,87647,1249
2021-04-21,Alpine,003,1148,86,86,0,86,0
2021-04-21,Amador,005,37829,3640,3632,33,3665,46
2021-04-21,Butte,007,227075,12020,11643,1729,13372,196
2021-04-21,Calaveras,009,45235,2062,2057,11,2068,50
2021-04-21,Colusa,011,21464,1916,1920,288,2208,14
2021-04-21,Contra Costa,013,1133247,67708,66981,1207,68188,782
2021-04-21,Del Norte,015,27424,1280,1252,11,1263,6
2021-04-21,El Dorado,017,186661,9873,9760,694,10454,106
2021-04-21,Fresno,019,978130,101341,100838,8511,109349,1654
2021-04-21,Glenn,021,27897,2382,2361,540,2901,17
2021-04-21,Humboldt,023,135768,3747,3642,30,3672,35
2021-04-21,Imperial,025,180216,28176,28052,2679,30731,719
2021-04-21,Inyo,027,18085,1396,1392,12,1404,36
2021-04-21,Kern,029,883053,96276,95257,10599,105856,1297
2021-04-21,Kings,031,150075,22962,22713,1062,23775,243
2021-04-21,Lake,033,64148,3440,3421,9,3430,43
2021-04-21,Lassen,035,31185,5169,5156,105,5261,1
2021-04-21,Los Angeles,037,10098052,1197980,1189530,41041,1230571,23729
2021-04-21,Madera,039,155013,16420,16309,921,17230,231
2021-04-21,Marin,041,260295,13873,13822,239,14061,227
2021-04-21,Mariposa,043,17540,413,402,11,413,5
2021-04-21,Mendocino,045,87422,3810,3729,73,3802,46
2021-04-21,Merced,047,269075,30455,30471,1031,31502,442
2021-04-21,Modoc,049,8938,368,360,121,481,3
2021-04-21,Mono,051,14174,1244,1254,17,1271,3
2021-04-21,Monterey,053,433212,42861,42699,1843,44542,377
2021-04-21,Napa,055,140530,9727,9727,34,9761,79
2021-04-21,Nevada,057,99092,4582,4499,185,4684,70
2021-04-21,Orange,059,3164182,253646,252243,11147,263390,4889
2021-04-21,Placer,061,380077,22487,21896,1394,23290,282
2021-04-21,Plumas,063,18699,684,670,10,680,4
2021-04-21,Riverside,065,2383286,292003,286299,13877,300176,4388
2021-04-21,Sacramento,067,1510023,102484,101803,1600,103403,1579
2021-04-21,San Benito,069,59416,5996,5998,112,6110,63
2021-04-21,San Bernardino,071,2135413,291406,290049,8904,298953,4572
2021-04-21,San Diego,073,3302833,276452,275632,14315,289947,3681
2021-04-21,San Francisco,075,870044,36097,36194,1258,37452,529
2021-04-21,San Joaquin,077,732212,71529,70687,3400,74087,1295
2021-04-21,San Luis Obispo,079,281455,21066,20724,712,21436,255
2021-04-21,San Mateo,081,765935,41700,41318,451,41769,355
2021-04-21,Santa Barbara,083,443738,34033,33830,1125,34955,445
2021-04-21,Santa Clara,085,1922200,117021,117318,720,118038,1946
2021-04-21,Santa Cruz,087,273765,16065,15698,806,16504,204
2021-04-21,Shasta,089,179085,11700,11722,1431,13153,192
2021-04-21,Sierra,091,2930,55,51,12,63,0
2021-04-21,Siskiyou,093,43540,1679,1557,295,1852,11
2021-04-21,Solano,095,438530,31847,31712,476,32188,244
2021-04-21,Sonoma,097,501317,29542,29697,304,30001,318
2021-04-21,Stanislaus,099,539301,54640,54290,5786,60076,742
2021-04-21,Sutter,101,95872,9285,9297,83,9380,110
2021-04-21,Tehama,103,63373,4928,4893,543,5436,53
2021-04-21,Trinity,105,12862,482,326,86,412,3
2021-04-21,Tulare,107,460477,49673,48653,8785,57438,828
2021-04-21,Tuolumne,109,53932,3953,4019,38,4057,58
2021-04-21,Ventura,111,848112,80628,80039,2945,82984,996
2021-04-21,Yolo,113,214977,13665,13606,271,13877,200
2021-04-21,Yuba,115,75493,5864,5822,119,5941,44
2021-04-20,Alameda,001,1643700,86043,85652,1883,87535,1248
2021-04-20,Alpine,003,1148,85,85,0,85,0
2021-04-20,Amador,005,37829,3639,3631,33,3664,46
2021-04-20,Butte,007,227075,12001,11619,1727,13346,196
2021-04-20,Calaveras,009,45235,2061,2053,11,2064,50
2021-04-20,Colusa,011,21464,1916,1915,287,2202,14
2021-04-20,Contra Costa,013,1133247,67624,66889,1204,68093,782
2021-04-20,Del Norte,015,27424,1279,1250,11,1261,6
2021-04-20,El Dorado,017,186661,9845,9743,692,10435,106
2021-04-20,Fresno,019,978130,101283,100768,8501,109269,1650
2021-04-20,Glenn,021,27897,2380,2359,539,2898,17
2021-04-20,Humboldt,023,135768,3729,3612,30,3642,35
2021-04-20,Imperial,025,180216,28157,28024,2675,30699,719
2021-04-20,Inyo,027,18085,1396,1393,12,1405,36
2021-04-20,Kern,029,883053,96240,95223,10582,105805,1295
2021-04-20,Kings,031,150075,22956,22693,1059,23752,243
2021-04-20,Lake,033,64148,3438,3418,9,3427,43
2021-04-20,Lassen,035,31185,5169,5155,105,5260,1
2021-04-20,Los Angeles,037,10098052,1197633,1189256,41011,1230267,23694
2021-04-20,Madera,039,155013,16414,16301,921,17222,231
2021-04-20,Marin,041,260295,13859,13807,239,14046,227
2021-04-20,Mariposa,043,17540,412,402,11,413,5
2021-04-20,Mendocino,045,87422,3809,3726,73,3799,46
2021-04-20,Merced,047,269075,30428,30439,1030,31469,441
2021-04-20,Modoc,049,8938,368,359,121,480,3
2021-04-20,Mono,051,14174,1243,1254,17,1271,3
2021-04-20,Monterey,053,433212,42850,42663,1840,44503,363
2021-04-20,Napa,055,140530,9723,9711,34,9745,79
2021-04-20,Nevada,057,99092,4564,4485,185,4670,70
2021-04-20,Orange,059,3164182,253556,252134,11135,263269,4887
2021-04-20,Placer,061,380077,22453,21846,1390,23236,282
2021-04-20,Plumas,063,18699,683,670,10,680,4
2021-04-20,Riverside,065,2383286,291906,286194,13872,300066,4388
2021-04-20,Sacramento,067,1510023,102346,101629,1592,103221,1574
2021-04-20,San Benito,069,59416,5993,5988,112,6100,63
2021-04-20,San Bernardino,071,2135413,291326,289905,8902,298807,4569
2021-04-20,San Diego,073,3302833,276221,275369,14282,289651,3674
2021-04-20,San Francisco,075,870044,36078,36117,1257,37374,529
2021-04-20,San Joaquin,077,732212,71456,70590,3391,73981,1289
2021-04-20,San Luis Obispo,079,281455,21043,20691,704,21395,254
2021-04-20,San Mateo,081,765935,41669,41251,451,41702,355
2021-04-20,Santa Barbara,083,443738,34014,33803,1125,34928,445
2021-04-20,Santa Clara,085,1922200,116923,117228,716,117944,1944
2021-04-20,Santa Cruz,087,273765,16053,15647,806,16453,204
2021-04-20,Shasta,089,179085,11684,11677,1428,13105,189
2021-04-20,Sierra,091,2930,55,51,12,63,0
2021-04-20,Siskiyou,093,43540,1671,1551,294,1845,10
2021-04-20,Solano,095,438530,31792,31673,472,32145,243
2021-04-20,Sonoma,097,501317,29533,29676,302,29978,311
2021-04-20,Stanislaus,099,539301,54575,54236,5773,60009,735
2021-04-20,Sutter,101,95872,9281,9279,83,9362,109
2021-04-20,Tehama,103,63373,4923,4887,542,5429,52
2021-04-20,Trinity,105,12862,482,326,86,412,3
2021-04-20,Tulare,107,460477,49650,48650,8777,57427,831
2021-04-20,Tuolumne,109,53932,3953,4014,38,4052,58
2021-04-20,Ventura,111,848112,80600,80018,2943,82961,995
2021-04-20,Yolo,113,214977,13645,13581,270,13851,200
2021-04-20,Yuba,115,75493,5854,5814,119,5933,44
2021-04-19,Alameda,001,1643700,85923,85583,1880,87463,1247
2021-04-19,Alpine,003,1148,85,85,0,85,0
2021-04-19,Amador,005,37829,3638,3629,33,3662,46
2021-04-19,Butte,007,227075,11983,11601,1722,13323,196
2021-04-19,Calaveras,009,45235,2059,2050,11,2061,50
2021-04-19,Colusa,011,21464,1916,1913,286,2199,14
2021-04-19,Contra Costa,013,1133247,67546,66833,1202,68035,782
2021-04-19,Del Norte,015,27424,1277,1247,11,1258,6
2021-04-19,El Dorado,017,186661,9829,9726,687,10413,106
2021-04-19,Fresno,019,978130,101215,100702,8489,109191,1646
2021-04-19,Glenn,021,27897,2380,2358,538,2896,17
2021-04-19,Humboldt,023,135768,3709,3602,28,3630,35
2021-04-19,Imperial,025,180216,28136,27995,2675,30670,719
2021-04-19,Inyo,027,18085,1396,1392,12,1404,36
2021-04-19,Kern,029,883053,96210,95162,10567,105729,1290
2021-04-19,Kings,031,150075,22940,22688,1059,23747,243
2021-04-19,Lake,033,64148,3437,3416,9,3425,43
2021-04-19,Lassen,035,31185,5168,5156,105,5261,1
2021-04-19,Los Angeles,037,10098052,1197256,1188945,40986,1229931,23666
2021-04-19,Madera,039,155013,16403,16289,920,17209,231
2021-04-19,Marin,041,260295,13848,13804,238,14042,226
2021-04-19,Mariposa,043,17540,411,401,11,412,5
2021-04-19,Mendocino,045,87422,3807,3722,73,3795,46
2021-04-19,Merced,047,269075,30399,30422,1029,31451,441
2021-04-19,Modoc,049,8938,368,359,121,480,3
2021-04-19,Mono,051,14174,1242,1254,17,1271,3
2021-04-19,Monterey,053,433212,42837,42642,1835,44477,356
2021-04-19,Napa,055,140530,9715,9680,34,9714,79
2021-04-19,Nevada,057,99092,4548,4477,185,4662,70
2021-04-19,Orange,059,3164182,253438,252013,11120,263133,4883
2021-04-19,Placer,061,380077,22430,21814,1386,23200,282
2021-04-19,Plumas,063,18699,683,665,10,675,4
2021-04-19,Riverside,065,2383286,291810,286087,13862,299949,4371
2021-04-19,Sacramento,067,1510023,102211,101482,1582,103064,1572
2021-04-19,San Benito,069,59416,5985,5989,112,6101,63
2021-04-19,San Bernardino,071,2135413,291240,289738,8896,298634,4561
2021-04-19,San Diego,073,3302833,275973,275113,14249,289362,3674
2021-04-19,San Francisco,075,870044,36042,36094,1254,37348,529
2021-04-19,San Joaquin,077,732212,71376,70514,3384,73898,1289
2021-04-19,San Luis Obispo,079,281455,21017,20669,698,21367,254
2021-04-19,San Mateo,081,765935,41636,41226,450,41676,355
2021-04-19,Santa Barbara,083,443738,34000,33786,1125,34911,446
2021-04-19,Santa Clara,085,1922200,116812,117099,712,117811,1944
2021-04-19,Santa Cruz,087,273765,16041,15600,806,16406,204
2021-04-19,Shasta,089,179085,11669,11662,1420,13082,189
2021-04-19,Sierra,091,2930,55,51,12,63,0
2021-04-19,Siskiyou,093,43540,1661,1544,294,1838,10
2021-04-19,Solano,095,438530,31753,31643,467,32110,239
2021-04-19,Sonoma,097,501317,29514,29667,302,29969,311
2021-04-19,Stanislaus,099,539301,54499,54179,5769,59948,728
2021-04-19,Sutter,101,95872,9270,9269,83,9352,109
2021-04-19,Tehama,103,63373,4917,4878,542,5420,52
2021-04-19,Trinity,105,12862,482,326,85,411,3
2021-04-19,Tulare,107,460477,49634,48630,8764,57394,831
2021-04-19,Tuolumne,109,53932,3952,4010,38,4048,58
2021-04-19,Ventura,111,848112,80574,80000,2941,82941,996
2021-04-19,Yolo,113,214977,13633,13572,267,13839,200
2021-04-19,Yuba,115,75493,5847,5804,118,5922,44
2021-04-18,Alameda,001,1643700,85809,85481,1872,87353,1247
2021-04-18,Alpine,003,1148,85,85,0,85,0
2021-04-18,Amador,005,37829,3635,3627,33,3660,46
2021-04-18,Butte,007,227075,11965,11591,1717,13308,196
2021-04-18,Calaveras,009,45235,2053,2047,11,2058,50
2021-04-18,Colusa,011,21464,1912,1912,285,2197,14
2021-04-18,Contra Costa,013,1133247,67443,66750,1198,67948,782
2021-04-18,Del Norte,015,27424,1277,1240,11,1251,6
2021-04-18,El Dorado,017,186661,9806,9710,685,10395,106
2021-04-18,Fresno,019,978130,101157,100621,8483,109104,1646
2021-04-18,Glenn,021,27897,2375,2358,538,2896,17
2021-04-18,Humboldt,023,135768,3681,3590,28,3618,35
2021-04-18,Imperial,025,180216,28121,27991,2670,30661,719
2021-04-18,Inyo,027,18085,1395,1392,12,1404,36
2021-04-18,Kern,029,883053,96174,95129,10551,105680,1290
2021-04-18,Kings,031,150075,22931,22685,1059,23744,243
2021-04-18,Lake,033,64148,3436,3413,9,3422,43
2021-04-18,Lassen,035,31185,5165,5156,105,5261,1
2021-04-18,Los Angeles,037,10098052,1196795,1188620,40963,1229583,23648
2021-04-18,Madera,039,155013,16392,16277,919,17196,231
2021-04-18,Marin,041,260295,13841,13801,237,14038,226
2021-04-18,Mariposa,043,17540,410,400,10,410,5
2021-04-18,Mendocino,045,87422,3804,3722,73,3795,46
2021-04-18,Merced,047,269075,30362,30405,1027,31432,441
2021-04-18,Modoc,049,8938,368,359,121,480,3
2021-04-18,Mono,051,14174,1242,1254,17,1271,3
2021-04-18,Monterey,053,433212,42825,42638,1834,44472,356
2021-04-18,Napa,055,140530,9699,9674,34,9708,79
2021-04-18,Nevada,057,99092,4533,4464,185,4649,70
2021-04-18,Orange,059,3164182,253324,251940,11112,263052,4883
2021-04-18,Placer,061,380077,22387,21783,1380,23163,282
2021-04-18,Plumas,063,18699,682,665,10,675,4
2021-04-18,Riverside,065,2383286,291720,286043,13858,299901,4371
2021-04-18,Sacramento,067,1510023,102036,101354,1576,102930,1572
2021-04-18,San Benito,069,59416,5983,5989,112,6101,63
2021-04-18,San Bernardino,071,2135413,291147,289691,8887,298578,4556
2021-04-18,San Diego,073,3302833,275694,274961,14214,289175,3674
2021-04-18,San Francisco,075,870044,36005,36073,1250,37323,525
2021-04-18,San Joaquin,077,732212,71295,70466,3375,73841,1289
2021-04-18,San Luis Obispo,079,281455,20995,20656,692,21348,254
2021-04-18,San Mateo,081,765935,41607,41201,449,41650,352
2021-04-18,Santa Barbara,083,443738,33965,33769,1124,34893,446
2021-04-18,Santa Clara,085,1922200,116644,116996,706,117702,1944
2021-04-18,Santa Cruz,087,273765,16031,15580,805,16385,204
2021-04-18,Shasta,089,179085,11648,11658,1417,13075,189
2021-04-18,Sierra,091,2930,55,51,12,63,0
2021-04-18,Siskiyou,093,43540,1650,1538,293,1831,10
2021-04-18,Solano,095,438530,31703,31606,466,32072,239
2021-04-18,Sonoma,097,501317,29498,29660,300,29960,311
2021-04-18,Stanislaus,099,539301,54417,54132,5762,59894,728
2021-04-18,Sutter,101,95872,9256,9261,83,9344,109
2021-04-18,Tehama,103,63373,4908,4877,541,5418,52
2021-04-18,Trinity,105,12862,482,326,85,411,3
2021-04-18,Tulare,107,460477,49622,48618,8758,57376,829
2021-04-18,Tuolumne,109,53932,3951,4008,37,4045,58
2021-04-18,Ventura,111,848112,80543,79984,2937,82921,996
2021-04-18,Yolo,113,214977,13621,13562,265,13827,200
2021-04-18,Yuba,115,75493,5840,5804,118,5922,44
2021-04-17,Alameda,001,1643700,85736,85367,1868,87235,1247
2021-04-17,Alpine,003,1148,85,85,0,85,0
2021-04-17,Amador,005,37829,3633,3625,33,3658,46
2021-04-17,Butte,007,227075,11945,11573,1713,13286,196
2021-04-17,Calaveras,009,45235,2051,2045,11,2056,50
2021-04-17,Colusa,011,21464,1912,1912,285,2197,14
2021-04-17,Contra Costa,013,1133247,67395,66657,1190,67847,782
2021-04-17,Del Norte,015,27424,1277,1238,11,1249,6
2021-04-17,El Dorado,017,186661,9791,9692,682,10374,106
2021-04-17,Fresno,019,978130,101124,100562,8478,109040,1646
2021-04-17,Glenn,021,27897,2375,2357,538,2895,17
2021-04-17,Humboldt,023,135768,3657,3579,28,3607,35
2021-04-17,Imperial,025,180216,28110,27987,2669,30656,719
2021-04-17,Inyo,027,18085,1392,1392,12,1404,36
2021-04-17,Kern,029,883053,96156,95102,10547,105649,1290
2021-04-17,Kings,031,150075,22926,22678,1058,23736,243
2021-04-17,Lake,033,64148,3435,3409,9,3418,43
2021-04-17,Lassen,035,31185,5165,5154,105,5259,1
2021-04-17,Los Angeles,037,10098052,1196539,1188262,40930,1229192,23653
2021-04-17,Madera,039,155013,16388,16260,918,17178,231
2021-04-17,Marin,041,260295,13837,13797,237,14034,226
2021-04-17,Mariposa,043,17540,409,398,10,408,5
2021-04-17,Mendocino,045,87422,3801,3721,73,3794,46
2021-04-17,Merced,047,269075,30346,30392,1026,31418,441
2021-04-17,Modoc,049,8938,368,357,121,478,3
2021-04-17,Mono,051,14174,1242,1253,17,1270,3
2021-04-17,Monterey,053,433212,42816,42630,1832,44462,356
2021-04-17,Napa,055,140530,9695,9666,34,9700,79
2021-04-17,Nevada,057,99092,4525,4457,185,4642,70
2021-04-17,Orange,059,3164182,253255,251873,11100,262973,4878
2021-04-17,Placer,061,380077,22364,21736,1375,23111,282
2021-04-17,Plumas,063,18699,681,666,10,676,4
2021-04-17,Riverside,065,2383286,291651,285963,13850,299813,4371
2021-04-17,Sacramento,067,1510023,101926,101172,1565,102737,1572
2021-04-17,San Benito,069,59416,5977,5986,112,6098,63
2021-04-17,San Bernardino,071,2135413,291092,289624,8884,298508,4555
2021-04-17,San Diego,073,3302833,275547,274812,14180,288992,3674
2021-04-17,San Francisco,075,870044,35983,36032,1247,37279,523
2021-04-17,San Joaquin,077,732212,71255,70372,3365,73737,1288
2021-04-17,San Luis Obispo,079,281455,20982,20642,689,21331,254
2021-04-17,San Mateo,081,765935,41584,41157,449,41606,352
2021-04-17,Santa Barbara,083,443738,33934,33738,1122,34860,446
2021-04-17,Santa Clara,085,1922200,116552,116887,704,117591,1944
2021-04-17,Santa Cruz,087,273765,16025,15571,805,16376,204
2021-04-17,Shasta,089,179085,11633,11647,1416,13063,189
2021-04-17,Sierra,091,2930,55,51,12,63,0
2021-04-17,Siskiyou,093,43540,1645,1539,290,1829,10
2021-04-17,Solano,095,438530,31672,31541,463,32004,239
2021-04-17,Sonoma,097,501317,29491,29637,300,29937,311
2021-04-17,Stanislaus,099,539301,54380,54058,5757,59815,728
2021-04-17,Sutter,101,95872,9250,9252,83,9335,109
2021-04-17,Tehama,103,63373,4902,4875,540,5415,52
2021-04-17,Trinity,105,12862,482,326,85,411,3
2021-04-17,Tulare,107,460477,49610,48603,8754,57357,829
2021-04-17,Tuolumne,109,53932,3949,4005,37,4042,58
2021-04-17,Ventura,111,848112,80522,79964,2937,82901,996
2021-04-17,Yolo,113,214977,13611,13580,265,13845,200
2021-04-17,Yuba,115,75493,5835,5802,117,5919,44
2021-04-16,Alameda,001,1643700,85657,85243,1866,87109,1245
2021-04-16,Alpine,003,1148,85,85,0,85,0
2021-04-16,Amador,005,37829,3628,3621,33,3654,46
2021-04-16,Butte,007,227075,11933,11549,1711,13260,196
2021-04-16,Calaveras,009,45235,2049,2042,11,2053,50
2021-04-16,Colusa,011,21464,1910,1911,285,2196,14
2021-04-16,Contra Costa,013,1133247,67341,66569,1187,67756,782
2021-04-16,Del Norte,015,27424,1276,1237,11,1248,6
2021-04-16,El Dorado,017,186661,9771,9665,678,10343,106
2021-04-16,Fresno,019,978130,101074,100500,8472,108972,1643
2021-04-16,Glenn,021,27897,2375,2355,538,2893,17
2021-04-16,Humboldt,023,135768,3636,3570,27,3597,35
2021-04-16,Imperial,025,180216,28100,27962,2669,30631,719
2021-04-16,Inyo,027,18085,1392,1392,12,1404,36
2021-04-16,Kern,029,883053,96127,95066,10544,105610,1288
2021-04-16,Kings,031,150075,22922,22667,1057,23724,243
2021-04-16,Lake,033,64148,3429,3406,9,3415,43
2021-04-16,Lassen,035,31185,5164,5155,105,5260,1
2021-04-16,Los Angeles,037,10098052,1196238,1187818,40894,1228712,23627
2021-04-16,Madera,039,155013,16382,16250,917,17167,231
2021-04-16,Marin,041,260295,13834,13788,237,14025,226
2021-04-16,Mariposa,043,17540,408,396,9,405,5
2021-04-16,Mendocino,045,87422,3799,3719,73,3792,46
2021-04-16,Merced,047,269075,30331,30355,1026,31381,438
2021-04-16,Modoc,049,8938,368,355,121,476,3
2021-04-16,Mono,051,14174,1242,1253,17,1270,3
2021-04-16,Monterey,053,433212,42805,42620,1829,44449,351
2021-04-16,Napa,055,140530,9687,9653,34,9687,79
2021-04-16,Nevada,057,99092,4516,4443,185,4628,70
2021-04-16,Orange,059,3164182,253191,251770,11091,262861,4873
2021-04-16,Placer,061,380077,22337,21680,1370,23050,282
2021-04-16,Plumas,063,18699,680,665,10,675,4
2021-04-16,Riverside,065,2383286,291574,285818,13848,299666,4369
2021-04-16,Sacramento,067,1510023,101829,100993,1560,102553,1572
2021-04-16,San Benito,069,59416,5975,5982,112,6094,63
2021-04-16,San Bernardino,071,2135413,291045,289424,8883,298307,4550
2021-04-16,San Diego,073,3302833,275393,274567,14162,288729,3662
2021-04-16,San Francisco,075,870044,35957,35993,1243,37236,517
2021-04-16,San Joaquin,077,732212,71188,70280,3357,73637,1288
2021-04-16,San Luis Obispo,079,281455,20970,20623,688,21311,253
2021-04-16,San Mateo,081,765935,41555,41107,448,41555,352
2021-04-16,Santa Barbara,083,443738,33916,33703,1122,34825,446
2021-04-16,Santa Clara,085,1922200,116452,116693,701,117394,1941
2021-04-16,Santa Cruz,087,273765,16023,15539,805,16344,204
2021-04-16,Shasta,089,179085,11621,11623,1414,13037,189
2021-04-16,Sierra,091,2930,55,51,12,63,0
2021-04-16,Siskiyou,093,43540,1641,1530,288,1818,10
2021-04-16,Solano,095,438530,31633,31470,460,31930,239
2021-04-16,Sonoma,097,501317,29480,29617,300,29917,311
2021-04-16,Stanislaus,099,539301,54332,53983,5755,59738,728
2021-04-16,Sutter,101,95872,9244,9247,83,9330,109
2021-04-16,Tehama,103,63373,4901,4866,540,5406,52
2021-04-16,Trinity,105,12862,482,326,85,411,3
2021-04-16,Tulare,107,460477,49598,48583,8750,57333,830
2021-04-16,Tuolumne,109,53932,3946,4005,37,4042,58
2021-04-16,Ventura,111,848112,80497,79942,2932,82874,994
2021-04-16,Yolo,113,214977,13598,13559,263,13822,198
2021-04-16,Yuba,115,75493,5832,5795,116,5911,44
2021-04-15,Alameda,001,1643700,85550,85089,1864,86953,1246
2021-04-15,Alpine,003,1148,85,85,0,85,0
2021-04-15,Amador,005,37829,3627,3616,33,3649,46
2021-04-15,Butte,007,227075,11918,11529,1707,13236,196
2021-04-15,Calaveras,009,45235,2049,2039,11,2050,50
2021-04-15,Colusa,011,21464,1908,1909,284,2193,14
2021-04-15,Contra Costa,013,1133247,67267,66480,1183,67663,781
2021-04-15,Del Norte,015,27424,1269,1235,11,1246,6
2021-04-15,El Dorado,017,186661,9758,9639,676,10315,106
2021-04-15,Fresno,019,978130,101012,100431,8466,108897,1642
2021-04-15,Glenn,021,27897,2375,2354,538,2892,17
2021-04-15,Humboldt,023,135768,3615,3561,27,3588,35
2021-04-15,Imperial,025,180216,28072,27920,2666,30586,718
2021-04-15,Inyo,027,18085,1392,1393,12,1405,36
2021-04-15,Kern,029,883053,96094,94989,10530,105519,1289
2021-04-15,Kings,031,150075,22908,22648,1057,23705,242
2021-04-15,Lake,033,64148,3428,3399,9,3408,43
2021-04-15,Lassen,035,31185,5163,5152,105,5257,1
2021-04-15,Los Angeles,037,10098052,1195836,1187274,40858,1228132,23598
2021-04-15,Madera,039,155013,16367,16234,917,17151,231
2021-04-15,Marin,041,260295,13830,13783,236,14019,226
2021-04-15,Mariposa,043,17540,406,395,9,404,5
2021-04-15,Mendocino,045,87422,3798,3714,73,3787,46
2021-04-15,Merced,047,269075,30305,30325,1025,31350,437
2021-04-15,Modoc,049,8938,368,355,121,476,3
2021-04-15,Mono,051,14174,1241,1253,17,1270,3
2021-04-15,Monterey,053,433212,42795,42604,1827,44431,347
2021-04-15,Napa,055,140530,9679,9645,34,9679,79
2021-04-15,Nevada,057,99092,4504,4434,184,4618,70
2021-04-15,Orange,059,3164182,253096,251679,11078,262757,4857
2021-04-15,Placer,061,380077,22306,21614,1363,22977,281
2021-04-15,Plumas,063,18699,678,665,10,675,4
2021-04-15,Riverside,065,2383286,291470,285698,13841,299539,4363
2021-04-15,Sacramento,067,1510023,101699,100782,1546,102328,1570
2021-04-15,San Benito,069,59416,5972,5969,111,6080,63
2021-04-15,San Bernardino,071,2135413,290956,289288,8876,298164,4544
2021-04-15,San Diego,073,3302833,275147,274250,14103,288353,3653
2021-04-15,San Francisco,075,870044,35938,35947,1241,37188,510
2021-04-15,San Joaquin,077,732212,71107,70189,3349,73538,1288
2021-04-15,San Luis Obispo,079,281455,20954,20591,685,21276,253
2021-04-15,San Mateo,081,765935,41516,41050,447,41497,352
2021-04-15,Santa Barbara,083,443738,33898,33672,1118,34790,446
2021-04-15,Santa Clara,085,1922200,116346,116602,697,117299,1927
2021-04-15,Santa Cruz,087,273765,16013,15509,805,16314,203
2021-04-15,Shasta,089,179085,11607,11597,1410,13007,191
2021-04-15,Sierra,091,2930,55,51,12,63,0
2021-04-15,Siskiyou,093,43540,1635,1524,287,1811,10
2021-04-15,Solano,095,438530,31595,31394,459,31853,239
2021-04-15,Sonoma,097,501317,29466,29587,300,29887,311
2021-04-15,Stanislaus,099,539301,54278,53918,5746,59664,728
2021-04-15,Sutter,101,95872,9237,9237,83,9320,109
2021-04-15,Tehama,103,63373,4900,4854,539,5393,52
2021-04-15,Trinity,105,12862,482,326,85,411,3
2021-04-15,Tulare,107,460477,49577,48556,8750,57306,829
2021-04-15,Tuolumne,109,53932,3946,4003,37,4040,57
2021-04-15,Ventura,111,848112,80478,79917,2930,82847,989
2021-04-15,Yolo,113,214977,13579,13547,261,13808,198
2021-04-15,Yuba,115,75493,5829,5788,116,5904,44
2021-04-14,Alameda,001,1643700,85453,85009,1863,86872,1247
2021-04-14,Alpine,003,1148,85,85,0,85,0
2021-04-14,Amador,005,37829,3626,3613,33,3646,46
2021-04-14,Butte,007,227075,11905,11513,1706,13219,196
2021-04-14,Calaveras,009,45235,2048,2037,11,2048,50
2021-04-14,Colusa,011,21464,1908,1905,284,2189,14
2021-04-14,Contra Costa,013,1133247,67181,66400,1177,67577,781
2021-04-14,Del Norte,015,27424,1269,1228,11,1239,6
2021-04-14,El Dorado,017,186661,9743,9625,671,10296,106
2021-04-14,Fresno,019,978130,100955,100376,8453,108829,1640
2021-04-14,Glenn,021,27897,2375,2353,538,2891,17
2021-04-14,Humboldt,023,135768,3593,3551,26,3577,35
2021-04-14,Imperial,025,180216,28050,27907,2664,30571,718
2021-04-14,Inyo,027,18085,1392,1392,12,1404,36
2021-04-14,Kern,029,883053,96069,94947,10523,105470,1287
2021-04-14,Kings,031,150075,22899,22641,1055,23696,243
2021-04-14,Lake,033,64148,3423,3396,9,3405,43
2021-04-14,Lassen,035,31185,5162,5151,105,5256,1
2021-04-14,Los Angeles,037,10098052,1195438,1186821,40813,1227634,23579
2021-04-14,Madera,039,155013,16358,16218,917,17135,231
2021-04-14,Marin,041,260295,13828,13768,235,14003,226
2021-04-14,Mariposa,043,17540,405,394,9,403,5
2021-04-14,Mendocino,045,87422,3793,3711,73,3784,46
2021-04-14,Merced,047,269075,30289,30296,1023,31319,436
2021-04-14,Modoc,049,8938,368,355,121,476,3
2021-04-14,Mono,051,14174,1240,1252,17,1269,3
2021-04-14,Monterey,053,433212,42779,42595,1823,44418,347
2021-04-14,Napa,055,140530,9668,9643,34,9677,79
2021-04-14,Nevada,057,99092,4497,4421,184,4605,70
2021-04-14,Orange,059,3164182,252991,251568,11058,262626,4849
2021-04-14,Placer,061,380077,22273,21575,1362,22937,280
2021-04-14,Plumas,063,18699,678,665,10,675,4
2021-04-14,Riverside,065,2383286,291360,285583,13835,299418,4358
2021-04-14,Sacramento,067,1510023,101524,100645,1532,102177,1570
2021-04-14,San Benito,069,59416,5970,5960,111,6071,62
2021-04-14,San Bernardino,071,2135413,290889,289078,8873,297951,4523
2021-04-14,San Diego,073,3302833,274937,273969,14074,288043,3648
2021-04-14,San Francisco,075,870044,35900,35898,1240,37138,510
2021-04-14,San Joaquin,077,732212,71037,70095,3343,73438,1288
2021-04-14,San Luis Obispo,079,281455,20931,20561,675,21236,253
2021-04-14,San Mateo,081,765935,41476,40982,444,41426,352
2021-04-14,Santa Barbara,083,443738,33869,33650,1118,34768,445
2021-04-14,Santa Clara,085,1922200,116229,116488,694,117182,1922
2021-04-14,Santa Cruz,087,273765,16003,15481,805,16286,203
2021-04-14,Shasta,089,179085,11581,11581,1408,12989,190
2021-04-14,Sierra,091,2930,55,51,12,63,0
2021-04-14,Siskiyou,093,43540,1627,1518,286,1804,10
2021-04-14,Solano,095,438530,31542,31357,452,31809,239
2021-04-14,Sonoma,097,501317,29458,29572,298,29870,311
2021-04-14,Stanislaus,099,539301,54207,53836,5737,59573,727
2021-04-14,Sutter,101,95872,9229,9230,83,9313,106
2021-04-14,Tehama,103,63373,4894,4853,538,5391,52
2021-04-14,Trinity,105,12862,482,326,85,411,3
2021-04-14,Tulare,107,460477,49551,48527,8747,57274,827
2021-04-14,Tuolumne,109,53932,3945,3997,37,4034,57
2021-04-14,Ventura,111,848112,80442,79891,2928,82819,986
2021-04-14,Yolo,113,214977,13563,13530,259,13789,198
2021-04-14,Yuba,115,75493,5827,5778,116,5894,44
2021-04-13,Alameda,001,1643700,85347,84921,1860,86781,1239
2021-04-13,Alpine,003,1148,85,85,0,85,0
2021-04-13,Amador,005,37829,3623,3609,33,3642,46
2021-04-13,Butte,007,227075,11887,11497,1703,13200,196
2021-04-13,Calaveras,009,45235,2045,2035,11,2046,50
2021-04-13,Colusa,011,21464,1906,1905,282,2187,14
2021-04-13,Contra Costa,013,1133247,67092,66304,1177,67481,778
2021-04-13,Del Norte,015,27424,1264,1221,11,1232,6
2021-04-13,El Dorado,017,186661,9717,9609,668,10277,106
2021-04-13,Fresno,019,978130,100873,100357,8447,108804,1636
2021-04-13,Glenn,021,27897,2374,2351,538,2889,17
2021-04-13,Humboldt,023,135768,3576,3540,26,3566,35
2021-04-13,Imperial,025,180216,28031,27887,2656,30543,718
2021-04-13,Inyo,027,18085,1392,1391,12,1403,36
2021-04-13,Kern,029,883053,96025,94908,10511,105419,1285
2021-04-13,Kings,031,150075,22883,22636,1054,23690,243
2021-04-13,Lake,033,64148,3420,3390,9,3399,43
2021-04-13,Lassen,035,31185,5161,5147,105,5252,1
2021-04-13,Los Angeles,037,10098052,1194982,1186482,40771,1227253,23526
2021-04-13,Madera,039,155013,16348,16207,915,17122,231
2021-04-13,Marin,041,260295,13820,13760,234,13994,224
2021-04-13,Mariposa,043,17540,404,394,6,400,5
2021-04-13,Mendocino,045,87422,3787,3702,73,3775,46
2021-04-13,Merced,047,269075,30259,30276,1020,31296,435
2021-04-13,Modoc,049,8938,368,355,121,476,3
2021-04-13,Mono,051,14174,1240,1251,17,1268,3
2021-04-13,Monterey,053,433212,42768,42577,1823,44400,347
2021-04-13,Napa,055,140530,9658,9627,34,9661,79
2021-04-13,Nevada,057,99092,4485,4415,184,4599,69
2021-04-13,Orange,059,3164182,252896,251491,11040,262531,4836
2021-04-13,Placer,061,380077,22236,21534,1359,22893,280
2021-04-13,Plumas,063,18699,677,665,10,675,4
2021-04-13,Riverside,065,2383286,291241,285505,13829,299334,4348
2021-04-13,Sacramento,067,1510023,101349,100551,1527,102078,1569
2021-04-13,San Benito,069,59416,5967,5946,111,6057,62
2021-04-13,San Bernardino,071,2135413,290773,288929,8867,297796,4521
2021-04-13,San Diego,073,3302833,274683,273709,14039,287748,3623
2021-04-13,San Francisco,075,870044,35864,35869,1236,37105,506
2021-04-13,San Joaquin,077,732212,70929,70034,3335,73369,1288
2021-04-13,San Luis Obispo,079,281455,20904,20536,665,21201,253
2021-04-13,San Mateo,081,765935,41431,40955,444,41399,353
2021-04-13,Santa Barbara,083,443738,33846,33613,1115,34728,444
2021-04-13,Santa Clara,085,1922200,116100,116363,693,117056,1923
2021-04-13,Santa Cruz,087,273765,15996,15449,805,16254,203
2021-04-13,Shasta,089,179085,11561,11536,1405,12941,189
2021-04-13,Sierra,091,2930,55,51,12,63,0
2021-04-13,Siskiyou,093,43540,1619,1511,281,1792,10
2021-04-13,Solano,095,438530,31493,31335,448,31783,239
2021-04-13,Sonoma,097,501317,29450,29544,297,29841,311
2021-04-13,Stanislaus,099,539301,54135,53797,5728,59525,722
2021-04-13,Sutter,101,95872,9225,9226,83,9309,106
2021-04-13,Tehama,103,63373,4887,4850,535,5385,52
2021-04-13,Trinity,105,12862,482,326,85,411,3
2021-04-13,Tulare,107,460477,49538,48511,8744,57255,825
2021-04-13,Tuolumne,109,53932,3943,3995,37,4032,57
2021-04-13,Ventura,111,848112,80410,79854,2926,82780,986
2021-04-13,Yolo,113,214977,13551,13516,258,13774,198
2021-04-13,Yuba,115,75493,5818,5776,116,5892,44
2021-04-12,Alameda,001,1643700,85245,84817,1859,86676,1238
2021-04-12,Alpine,003,1148,85,85,0,85,0
2021-04-12,Amador,005,37829,3622,3607,33,3640,46
2021-04-12,Butte,007,227075,11872,11488,1699,13187,193
2021-04-12,Calaveras,009,45235,2042,2033,11,2044,50
2021-04-12,Colusa,011,21464,1904,1904,280,2184,14
2021-04-12,Contra Costa,013,1133247,67011,66176,1177,67353,777
2021-04-12,Del Norte,015,27424,1261,1216,11,1227,6
2021-04-12,El Dorado,017,186661,9700,9588,666,10254,106
2021-04-12,Fresno,019,978130,100812,100277,8423,108700,1633
2021-04-12,Glenn,021,27897,2373,2349,538,2887,17
2021-04-12,Humboldt,023,135768,3562,3533,25,3558,35
2021-04-12,Imperial,025,180216,28001,27851,2651,30502,717
2021-04-12,Inyo,027,18085,1392,1390,12,1402,36
2021-04-12,Kern,029,883053,95988,94861,10500,105361,1283
2021-04-12,Kings,031,150075,22875,22621,1053,23674,241
2021-04-12,Lake,033,64148,3416,3380,9,3389,43
2021-04-12,Lassen,035,31185,5160,5147,105,5252,1
2021-04-12,Los Angeles,037,10098052,1194477,1186145,40733,1226878,23505
2021-04-12,Madera,039,155013,16336,16174,913,17087,231
2021-04-12,Marin,041,260295,13807,13751,232,13983,224
2021-04-12,Mariposa,043,17540,403,394,6,400,5
2021-04-12,Mendocino,045,87422,3786,3699,73,3772,46
2021-04-12,Merced,047,269075,30228,30261,1017,31278,435
2021-04-12,Modoc,049,8938,366,352,121,473,3
2021-04-12,Mono,051,14174,1240,1251,17,1268,3
2021-04-12,Monterey,053,433212,42754,42555,1821,44376,346
2021-04-12,Napa,055,140530,9644,9603,34,9637,80
2021-04-12,Nevada,057,99092,4474,4408,184,4592,69
2021-04-12,Orange,059,3164182,252810,251350,11018,262368,4826
2021-04-12,Placer,061,380077,22185,21475,1356,22831,278
2021-04-12,Plumas,063,18699,675,666,10,676,4
2021-04-12,Riverside,065,2383286,291130,285361,13823,299184,4336
2021-04-12,Sacramento,067,1510023,101175,100394,1522,101916,1566
2021-04-12,San Benito,069,59416,5959,5942,110,6052,62
2021-04-12,San Bernardino,071,2135413,290666,288736,8855,297591,4493
2021-04-12,San Diego,073,3302833,274422,273431,14010,287441,3621
2021-04-12,San Francisco,075,870044,35830,35841,1235,37076,506
2021-04-12,San Joaquin,077,732212,70857,69968,3328,73296,1288
2021-04-12,San Luis Obispo,079,281455,20859,20515,652,21167,253
2021-04-12,San Mateo,081,765935,41389,40920,440,41360,353
2021-04-12,Santa Barbara,083,443738,33815,33606,1115,34721,444
2021-04-12,Santa Clara,085,1922200,115972,116252,691,116943,1923
2021-04-12,Santa Cruz,087,273765,15976,15406,805,16211,203
2021-04-12,Shasta,089,179085,11544,11509,1401,12910,189
2021-04-12,Sierra,091,2930,55,51,12,63,0
2021-04-12,Siskiyou,093,43540,1608,1511,278,1789,7
2021-04-12,Solano,095,438530,31451,31305,445,31750,238
2021-04-12,Sonoma,097,501317,29422,29500,297,29797,310
2021-04-12,Stanislaus,099,539301,54069,53722,5721,59443,707
2021-04-12,Sutter,101,95872,9214,9221,83,9304,106
2021-04-12,Tehama,103,63373,4878,4834,531,5365,52
2021-04-12,Trinity,105,12862,482,324,85,409,3
2021-04-12,Tulare,107,460477,49518,48495,8734,57229,824
2021-04-12,Tuolumne,109,53932,3939,3993,37,4030,57
2021-04-12,Ventura,111,848112,80377,79818,2924,82742,985
2021-04-12,Yolo,113,214977,13537,13510,257,13767,198
2021-04-12,Yuba,115,75493,5812,5773,116,5889,43
2021-04-11,Alameda,001,1643700,85108,84756,1853,86609,1238
2021-04-11,Alpine,003,1148,85,85,0,85,0
2021-04-11,Amador,005,37829,3620,3605,33,3638,46
2021-04-11,Butte,007,227075,11838,11487,1695,13182,193
2021-04-11,Calaveras,009,45235,2038,2036,11,2047,50
2021-04-11,Colusa,011,21464,1903,1904,279,2183,14
2021-04-11,Contra Costa,013,1133247,66902,66107,1175,67282,777
2021-04-11,Del Norte,015,27424,1255,1214,11,1225,6
2021-04-11,El Dorado,017,186661,9686,9575,663,10238,106
2021-04-11,Fresno,019,978130,100744,100230,8413,108643,1633
2021-04-11,Glenn,021,27897,2368,2348,538,2886,17
2021-04-11,Humboldt,023,135768,3552,3523,25,3548,35
2021-04-11,Imperial,025,180216,27977,27841,2649,30490,717
2021-04-11,Inyo,027,18085,1392,1390,12,1402,36
2021-04-11,Kern,029,883053,95927,94830,10492,105322,1283
2021-04-11,Kings,031,150075,22866,22618,1050,23668,241
2021-04-11,Lake,033,64148,3412,3377,9,3386,43
2021-04-11,Lassen,035,31185,5156,5147,105,5252,1
2021-04-11,Los Angeles,037,10098052,1193965,1185757,40691,1226448,23503
2021-04-11,Madera,039,155013,16317,16166,912,17078,231
2021-04-11,Marin,041,260295,13800,13741,231,13972,226
2021-04-11,Mariposa,043,17540,403,394,6,400,5
2021-04-11,Mendocino,045,87422,3784,3696,73,3769,46
2021-04-11,Merced,047,269075,30190,30249,1016,31265,435
2021-04-11,Modoc,049,8938,365,352,119,471,3
2021-04-11,Mono,051,14174,1239,1250,17,1267,3
2021-04-11,Monterey,053,433212,42748,42547,1814,44361,346
2021-04-11,Napa,055,140530,9633,9592,34,9626,80
2021-04-11,Nevada,057,99092,4460,4394,184,4578,69
2021-04-11,Orange,059,3164182,252683,251233,11007,262240,4826
2021-04-11,Placer,061,380077,22128,21458,1351,22809,278
2021-04-11,Plumas,063,18699,675,666,10,676,4
2021-04-11,Riverside,065,2383286,290996,285269,13813,299082,4336
2021-04-11,Sacramento,067,1510023,101005,100296,1510,101806,1566
2021-04-11,San Benito,069,59416,5951,5941,109,6050,62
2021-04-11,San Bernardino,071,2135413,290558,288686,8849,297535,4492
2021-04-11,San Diego,073,3302833,274124,273287,13951,287238,3621
2021-04-11,San Francisco,075,870044,35794,35815,1232,37047,498
2021-04-11,San Joaquin,077,732212,70771,69939,3317,73256,1288
2021-04-11,San Luis Obispo,079,281455,20833,20501,649,21150,253
2021-04-11,San Mateo,081,765935,41331,40901,439,41340,353
2021-04-11,Santa Barbara,083,443738,33780,33591,1114,34705,444
2021-04-11,Santa Clara,085,1922200,115836,116161,688,116849,1923
2021-04-11,Santa Cruz,087,273765,15964,15382,805,16187,203
2021-04-11,Shasta,089,179085,11500,11504,1400,12904,189
2021-04-11,Sierra,091,2930,55,51,12,63,0
2021-04-11,Siskiyou,093,43540,1601,1509,275,1784,7
2021-04-11,Solano,095,438530,31398,31268,441,31709,238
2021-04-11,Sonoma,097,501317,29396,29496,293,29789,310
2021-04-11,Stanislaus,099,539301,53986,53683,5712,59395,707
2021-04-11,Sutter,101,95872,9205,9222,83,9305,106
2021-04-11,Tehama,103,63373,4875,4832,529,5361,52
2021-04-11,Trinity,105,12862,482,324,85,409,3
2021-04-11,Tulare,107,460477,49504,48479,8727,57206,824
2021-04-11,Tuolumne,109,53932,3937,3993,37,4030,57
2021-04-11,Ventura,111,848112,80329,79800,2918,82718,985
2021-04-11,Yolo,113,214977,13517,13496,255,13751,198
2021-04-11,Yuba,115,75493,5802,5768,116,5884,43
2021-04-10,Alameda,001,1643700,85044,84626,1853,86479,1238
2021-04-10,Alpine,003,1148,85,85,0,85,0
2021-04-10,Amador,005,37829,3618,3603,33,3636,46
2021-04-10,Butte,007,227075,11827,11482,1694,13176,193
2021-04-10,Calaveras,009,45235,2036,2032,11,2043,50
2021-04-10,Colusa,011,21464,1903,1902,279,2181,14
2021-04-10,Contra Costa,013,1133247,66841,66001,1172,67173,778
2021-04-10,Del Norte,015,27424,1252,1212,11,1223,6
2021-04-10,El Dorado,017,186661,9674,9549,660,10209,106
2021-04-10,Fresno,019,978130,100711,100135,8406,108541,1633
2021-04-10,Glenn,021,27897,2368,2343,538,2881,17
2021-04-10,Humboldt,023,135768,3542,3508,25,3533,35
2021-04-10,Imperial,025,180216,27963,27816,2649,30465,717
2021-04-10,Inyo,027,18085,1392,1387,12,1399,36
2021-04-10,Kern,029,883053,95913,94802,10486,105288,1284
2021-04-10,Kings,031,150075,22862,22614,1048,23662,241
2021-04-10,Lake,033,64148,3407,3368,9,3377,43
2021-04-10,Lassen,035,31185,5156,5146,104,5250,1
2021-04-10,Los Angeles,037,10098052,1193690,1185246,40674,1225920,23493
2021-04-10,Madera,039,155013,16309,16143,911,17054,231
2021-04-10,Marin,041,260295,13795,13731,231,13962,226
2021-04-10,Mariposa,043,17540,400,393,6,399,5
2021-04-10,Mendocino,045,87422,3782,3696,73,3769,46
2021-04-10,Merced,047,269075,30170,30225,1015,31240,435
2021-04-10,Modoc,049,8938,365,352,119,471,3
2021-04-10,Mono,051,14174,1239,1249,17,1266,3
2021-04-10,Monterey,053,433212,42737,42527,1813,44340,346
2021-04-10,Napa,055,140530,9626,9569,34,9603,79
2021-04-10,Nevada,057,99092,4453,4379,184,4563,69
2021-04-10,Orange,059,3164182,252590,251139,11000,262139,4818
2021-04-10,Placer,061,380077,22097,21402,1345,22747,278
2021-04-10,Plumas,063,18699,675,666,10,676,4
2021-04-10,Riverside,065,2383286,290916,285082,13805,298887,4336
2021-04-10,Sacramento,067,1510023,100902,100048,1508,101556,1566
2021-04-10,San Benito,069,59416,5940,5932,108,6040,62
2021-04-10,San Bernardino,071,2135413,290494,288590,8842,297432,4489
2021-04-10,San Diego,073,3302833,273908,273058,13931,286989,3613
2021-04-10,San Francisco,075,870044,35764,35774,1229,37003,498
2021-04-10,San Joaquin,077,732212,70736,69852,3307,73159,1288
2021-04-10,San Luis Obispo,079,281455,20817,20461,648,21109,253
2021-04-10,San Mateo,081,765935,41298,40878,439,41317,350
2021-04-10,Santa Barbara,083,443738,33752,33541,1112,34653,444
2021-04-10,Santa Clara,085,1922200,115740,116015,687,116702,1923
2021-04-10,Santa Cruz,087,273765,15958,15360,805,16165,203
2021-04-10,Shasta,089,179085,11491,11492,1397,12889,189
2021-04-10,Sierra,091,2930,55,51,12,63,0
2021-04-10,Siskiyou,093,43540,1598,1512,275,1787,7
2021-04-10,Solano,095,438530,31364,31218,437,31655,238
2021-04-10,Sonoma,097,501317,29381,29469,293,29762,310
2021-04-10,Stanislaus,099,539301,53951,53596,5706,59302,707
2021-04-10,Sutter,101,95872,9203,9214,83,9297,106
2021-04-10,Tehama,103,63373,4873,4820,527,5347,52
2021-04-10,Trinity,105,12862,482,324,85,409,3
2021-04-10,Tulare,107,460477,49495,48470,8721,57191,824
2021-04-10,Tuolumne,109,53932,3934,3991,37,4028,57
2021-04-10,Ventura,111,848112,80301,79758,2916,82674,985
2021-04-10,Yolo,113,214977,13509,13494,254,13748,198
2021-04-10,Yuba,115,75493,5799,5757,115,5872,43
2021-04-09,Alameda,001,1643700,84977,84404,1845,86249,1237
2021-04-09,Alpine,003,1148,85,85,0,85,0
2021-04-09,Amador,005,37829,3617,3600,33,3633,46
2021-04-09,Butte,007,227075,11817,11454,1693,13147,193
2021-04-09,Calaveras,009,45235,2035,2028,11,2039,50
2021-04-09,Colusa,011,21464,1903,1898,279,2177,14
2021-04-09,Contra Costa,013,1133247,66748,65857,1166,67023,777
2021-04-09,Del Norte,015,27424,1251,1207,11,1218,6
2021-04-09,El Dorado,017,186661,9651,9528,656,10184,106
2021-04-09,Fresno,019,978130,100677,100027,8401,108428,1630
2021-04-09,Glenn,021,27897,2368,2337,538,2875,17
2021-04-09,Humboldt,023,135768,3533,3496,25,3521,35
2021-04-09,Imperial,025,180216,27948,27764,2647,30411,717
2021-04-09,Inyo,027,18085,1391,1386,12,1398,36
2021-04-09,Kern,029,883053,95875,94675,10484,105159,1282
2021-04-09,Kings,031,150075,22853,22595,1045,23640,242
2021-04-09,Lake,033,64148,3403,3362,9,3371,43
2021-04-09,Lassen,035,31185,5156,5140,104,5244,1
2021-04-09,Los Angeles,037,10098052,1193320,1184501,40645,1225146,23458
2021-04-09,Madera,039,155013,16306,16118,911,17029,231
2021-04-09,Marin,041,260295,13788,13721,231,13952,226
2021-04-09,Mariposa,043,17540,400,393,6,399,5
2021-04-09,Mendocino,045,87422,3780,3693,73,3766,46
2021-04-09,Merced,047,269075,30141,30179,1014,31193,435
2021-04-09,Modoc,049,8938,364,352,119,471,3
2021-04-09,Mono,051,14174,1239,1247,17,1264,3
2021-04-09,Monterey,053,433212,42728,42481,1809,44290,344
2021-04-09,Napa,055,140530,9607,9574,34,9608,80
2021-04-09,Nevada,057,99092,4445,4373,184,4557,69
2021-04-09,Orange,059,3164182,252516,250852,10995,261847,4813
2021-04-09,Placer,061,380077,22066,21327,1337,22664,278
2021-04-09,Plumas,063,18699,674,666,10,676,4
2021-04-09,Riverside,065,2383286,290833,284562,13799,298361,4325
2021-04-09,Sacramento,067,1510023,100747,99722,1502,101224,1564
2021-04-09,San Benito,069,59416,5935,5925,107,6032,62
2021-04-09,San Bernardino,071,2135413,290425,288000,8839,296839,4467
2021-04-09,San Diego,073,3302833,273710,272697,13889,286586,3600
2021-04-09,San Francisco,075,870044,35723,35716,1224,36940,497
2021-04-09,San Joaquin,077,732212,70672,69675,3295,72970,1281
2021-04-09,San Luis Obispo,079,281455,20802,20427,648,21075,252
2021-04-09,San Mateo,081,765935,41262,40800,438,41238,350
2021-04-09,Santa Barbara,083,443738,33729,33424,1109,34533,444
2021-04-09,Santa Clara,085,1922200,115656,115749,685,116434,1923
2021-04-09,Santa Cruz,087,273765,15953,15331,805,16136,203
2021-04-09,Shasta,089,179085,11481,11478,1394,12872,188
2021-04-09,Sierra,091,2930,55,51,12,63,0
2021-04-09,Siskiyou,093,43540,1595,1510,274,1784,7
2021-04-09,Solano,095,438530,31331,31166,432,31598,238
2021-04-09,Sonoma,097,501317,29368,29433,293,29726,310
2021-04-09,Stanislaus,099,539301,53896,53504,5697,59201,705
2021-04-09,Sutter,101,95872,9196,9201,83,9284,106
2021-04-09,Tehama,103,63373,4867,4806,527,5333,52
2021-04-09,Trinity,105,12862,481,324,85,409,3
2021-04-09,Tulare,107,460477,49491,48430,8715,57145,824
2021-04-09,Tuolumne,109,53932,3933,3986,37,4023,57
2021-04-09,Ventura,111,848112,80273,79698,2916,82614,987
2021-04-09,Yolo,113,214977,13497,13478,252,13730,198
2021-04-09,Yuba,115,75493,5792,5754,115,5869,43
2021-04-08,Alameda,001,1643700,84871,84213,1842,86055,1232
2021-04-08,Alpine,003,1148,85,85,0,85,0
2021-04-08,Amador,005,37829,3613,3595,33,3628,46
2021-04-08,Butte,007,227075,11806,11414,1692,13106,193
2021-04-08,Calaveras,009,45235,2033,2027,11,2038,50
2021-04-08,Colusa,011,21464,1902,1897,279,2176,14
2021-04-08,Contra Costa,013,1133247,66638,65706,1163,66869,775
2021-04-08,Del Norte,015,27424,1245,1201,11,1212,6
2021-04-08,El Dorado,017,186661,9635,9513,651,10164,106
2021-04-08,Fresno,019,978130,100614,99935,8394,108329,1627
2021-04-08,Glenn,021,27897,2367,2337,538,2875,17
2021-04-08,Humboldt,023,135768,3523,3486,25,3511,35
2021-04-08,Imperial,025,180216,27920,27744,2643,30387,713
2021-04-08,Inyo,027,18085,1390,1386,12,1398,36
2021-04-08,Kern,029,883053,95829,94493,10471,104964,1281
2021-04-08,Kings,031,150075,22846,22589,1043,23632,243
2021-04-08,Lake,033,64148,3396,3360,9,3369,43
2021-04-08,Lassen,035,31185,5155,5136,104,5240,1
2021-04-08,Los Angeles,037,10098052,1192823,1184443,40607,1225050,23416
2021-04-08,Madera,039,155013,16294,16103,911,17014,231
2021-04-08,Marin,041,260295,13781,13704,231,13935,226
2021-04-08,Mariposa,043,17540,399,393,6,399,5
2021-04-08,Mendocino,045,87422,3778,3690,73,3763,45
2021-04-08,Merced,047,269075,30119,30163,1014,31177,430
2021-04-08,Modoc,049,8938,364,352,119,471,3
2021-04-08,Mono,051,14174,1237,1247,17,1264,3
2021-04-08,Monterey,053,433212,42706,42437,1804,44241,342
2021-04-08,Napa,055,140530,9590,9569,34,9603,80
2021-04-08,Nevada,057,99092,4434,4367,184,4551,69
2021-04-08,Orange,059,3164182,252406,250529,10980,261509,4797
2021-04-08,Placer,061,380077,22024,21258,1328,22586,277
2021-04-08,Plumas,063,18699,674,665,10,675,4
2021-04-08,Riverside,065,2383286,290719,283853,13794,297647,4296
2021-04-08,Sacramento,067,1510023,100607,99319,1491,100810,1561
2021-04-08,San Benito,069,59416,5932,5914,105,6019,62
2021-04-08,San Bernardino,071,2135413,290328,287190,8836,296026,4445
2021-04-08,San Diego,073,3302833,273480,272495,13853,286348,3592
2021-04-08,San Francisco,075,870044,35700,35657,1223,36880,494
2021-04-08,San Joaquin,077,732212,70600,69479,3289,72768,1279
2021-04-08,San Luis Obispo,079,281455,20783,20402,646,21048,252
2021-04-08,San Mateo,081,765935,41222,40749,438,41187,350
2021-04-08,Santa Barbara,083,443738,33705,33309,1108,34417,444
2021-04-08,Santa Clara,085,1922200,115550,115487,684,116171,1905
2021-04-08,Santa Cruz,087,273765,15946,15296,805,16101,203
2021-04-08,Shasta,089,179085,11471,11466,1390,12856,186
2021-04-08,Sierra,091,2930,55,51,12,63,0
2021-04-08,Siskiyou,093,43540,1592,1511,274,1785,7
2021-04-08,Solano,095,438530,31282,31120,432,31552,238
2021-04-08,Sonoma,097,501317,29348,29410,292,29702,310
2021-04-08,Stanislaus,099,539301,53818,53401,5687,59088,706
2021-04-08,Sutter,101,95872,9192,9195,83,9278,106
2021-04-08,Tehama,103,63373,4863,4802,527,5329,52
2021-04-08,Trinity,105,12862,481,324,85,409,3
2021-04-08,Tulare,107,460477,49478,48409,8705,57114,821
2021-04-08,Tuolumne,109,53932,3933,3986,37,4023,57
2021-04-08,Ventura,111,848112,80236,79626,2912,82538,986
2021-04-08,Yolo,113,214977,13488,13468,251,13719,198
2021-04-08,Yuba,115,75493,5788,5743,115,5858,43
2021-04-07,Alameda,001,1643700,84787,84130,1840,85970,1224
2021-04-07,Alpine,003,1148,85,85,0,85,0
2021-04-07,Amador,005,37829,3610,3590,33,3623,46
2021-04-07,Butte,007,227075,11802,11405,1689,13094,193
2021-04-07,Calaveras,009,45235,2032,2022,11,2033,50
2021-04-07,Colusa,011,21464,1898,1894,278,2172,14
2021-04-07,Contra Costa,013,1133247,66552,65619,1162,66781,775
2021-04-07,Del Norte,015,27424,1243,1198,11,1209,6
2021-04-07,El Dorado,017,186661,9614,9500,646,10146,106
2021-04-07,Fresno,019,978130,100549,99865,8383,108248,1627
2021-04-07,Glenn,021,27897,2365,2337,537,2874,17
2021-04-07,Humboldt,023,135768,3510,3484,25,3509,35
2021-04-07,Imperial,025,180216,27895,27704,2637,30341,713
2021-04-07,Inyo,027,18085,1389,1386,12,1398,36
2021-04-07,Kern,029,883053,95793,94456,10456,104912,1275
2021-04-07,Kings,031,150075,22844,22589,1043,23632,243
2021-04-07,Lake,033,64148,3394,3358,9,3367,43
2021-04-07,Lassen,035,31185,5155,5137,104,5241,1
2021-04-07,Los Angeles,037,10098052,1192387,1183862,40585,1224447,23372
2021-04-07,Madera,039,155013,16275,16090,910,17000,231
2021-04-07,Marin,041,260295,13770,13688,229,13917,225
2021-04-07,Mariposa,043,17540,398,391,6,397,5
2021-04-07,Mendocino,045,87422,3777,3691,73,3764,45
2021-04-07,Merced,047,269075,30096,30132,1009,31141,430
2021-04-07,Modoc,049,8938,364,351,119,470,3
2021-04-07,Mono,051,14174,1237,1246,17,1263,3
2021-04-07,Monterey,053,433212,42688,42427,1803,44230,341
2021-04-07,Napa,055,140530,9576,9556,34,9590,80
2021-04-07,Nevada,057,99092,4428,4364,184,4548,69
2021-04-07,Orange,059,3164182,252282,250378,10957,261335,4778
2021-04-07,Placer,061,380077,21979,21227,1320,22547,276
2021-04-07,Plumas,063,18699,674,665,10,675,4
2021-04-07,Riverside,065,2383286,290599,283749,13784,297533,4285
2021-04-07,Sacramento,067,1510023,100439,99202,1485,100687,1544
2021-04-07,San Benito,069,59416,5927,5912,104,6016,62
2021-04-07,San Bernardino,071,2135413,290210,286978,8831,295809,4433
2021-04-07,San Diego,073,3302833,273254,272195,13824,286019,3588
2021-04-07,San Francisco,075,870044,35660,35618,1219,36837,493
2021-04-07,San Joaquin,077,732212,70530,69375,3284,72659,1278
2021-04-07,San Luis Obispo,079,281455,20757,20373,643,21016,252
2021-04-07,San Mateo,081,765935,41178,40693,438,41131,350
2021-04-07,Santa Barbara,083,443738,33679,33289,1105,34394,444
2021-04-07,Santa Clara,085,1922200,115418,115311,682,115993,1900
2021-04-07,Santa Cruz,087,273765,15935,15275,805,16080,203
2021-04-07,Shasta,089,179085,11459,11456,1385,12841,184
2021-04-07,Sierra,091,2930,55,51,12,63,0
2021-04-07,Siskiyou,093,43540,1586,1512,273,1785,7
2021-04-07,Solano,095,438530,31231,31097,431,31528,238
2021-04-07,Sonoma,097,501317,29330,29394,291,29685,310
2021-04-07,Stanislaus,099,539301,53749,53344,5677,59021,686
2021-04-07,Sutter,101,95872,9189,9188,83,9271,106
2021-04-07,Tehama,103,63373,4855,4802,525,5327,52
2021-04-07,Trinity,105,12862,481,322,85,407,3
2021-04-07,Tulare,107,460477,49463,48386,8694,57080,820
2021-04-07,Tuolumne,109,53932,3931,3982,37,4019,57
2021-04-07,Ventura,111,848112,80202,79595,2910,82505,986
2021-04-07,Yolo,113,214977,13473,13450,249,13699,198
2021-04-07,Yuba,115,75493,5784,5737,115,5852,43
2021-04-06,Alameda,001,1643700,84674,84091,1836,85927,1223
2021-04-06,Alpine,003,1148,85,85,0,85,0
2021-04-06,Amador,005,37829,3609,3587,33,3620,45
2021-04-06,Butte,007,227075,11787,11396,1687,13083,193
2021-04-06,Calaveras,009,45235,2028,2021,11,2032,50
2021-04-06,Colusa,011,21464,1896,1894,276,2170,14
2021-04-06,Contra Costa,013,1133247,66474,65575,1161,66736,774
2021-04-06,Del Norte,015,27424,1238,1197,11,1208,6
2021-04-06,El Dorado,017,186661,9584,9489,644,10133,106
2021-04-06,Fresno,019,978130,100485,99814,8377,108191,1626
2021-04-06,Glenn,021,27897,2364,2335,536,2871,17
2021-04-06,Humboldt,023,135768,3501,3477,25,3502,35
2021-04-06,Imperial,025,180216,27861,27661,2627,30288,713
2021-04-06,Inyo,027,18085,1389,1379,12,1391,36
2021-04-06,Kern,029,883053,95749,94422,10450,104872,1259
2021-04-06,Kings,031,150075,22838,22587,1043,23630,240
2021-04-06,Lake,033,64148,3391,3358,9,3367,43
2021-04-06,Lassen,035,31185,5153,5137,104,5241,1
2021-04-06,Los Angeles,037,10098052,1191874,1183499,40546,1224045,23323
2021-04-06,Madera,039,155013,16255,16085,905,16990,230
2021-04-06,Marin,041,260295,13761,13675,225,13900,224
2021-04-06,Mariposa,043,17540,398,390,6,396,5
2021-04-06,Mendocino,045,87422,3775,3686,73,3759,45
2021-04-06,Merced,047,269075,30067,30100,1004,31104,430
2021-04-06,Modoc,049,8938,363,351,119,470,3
2021-04-06,Mono,051,14174,1237,1246,17,1263,3
2021-04-06,Monterey,053,433212,42679,42412,1802,44214,341
2021-04-06,Napa,055,140530,9557,9509,34,9543,78
2021-04-06,Nevada,057,99092,4418,4356,182,4538,69
2021-04-06,Orange,059,3164182,252173,250304,10943,261247,4771
2021-04-06,Placer,061,380077,21931,21184,1318,22502,276
2021-04-06,Plumas,063,18699,674,665,10,675,4
2021-04-06,Riverside,065,2383286,290418,283622,13773,297395,4264
2021-04-06,Sacramento,067,1510023,100230,99110,1479,100589,1537
2021-04-06,San Benito,069,59416,5918,5907,104,6011,62
2021-04-06,San Bernardino,071,2135413,290096,286792,8821,295613,4428
2021-04-06,San Diego,073,3302833,272992,271867,13796,285663,3585
2021-04-06,San Francisco,075,870044,35617,35572,1219,36791,488
2021-04-06,San Joaquin,077,732212,70447,69316,3272,72588,1278
2021-04-06,San Luis Obispo,079,281455,20735,20350,640,20990,252
2021-04-06,San Mateo,081,765935,41130,40649,437,41086,350
2021-04-06,Santa Barbara,083,443738,33661,33257,1104,34361,443
2021-04-06,Santa Clara,085,1922200,115247,115184,681,115865,1900
2021-04-06,Santa Cruz,087,273765,15925,15252,805,16057,203
2021-04-06,Shasta,089,179085,11438,11443,1383,12826,184
2021-04-06,Sierra,091,2930,55,51,12,63,0
2021-04-06,Siskiyou,093,43540,1582,1510,272,1782,7
2021-04-06,Solano,095,438530,31184,31078,430,31508,237
2021-04-06,Sonoma,097,501317,29305,29386,289,29675,311
2021-04-06,Stanislaus,099,539301,53692,53304,5671,58975,686
2021-04-06,Sutter,101,95872,9179,9179,83,9262,106
2021-04-06,Tehama,103,63373,4846,4798,525,5323,52
2021-04-06,Trinity,105,12862,481,321,85,406,3
2021-04-06,Tulare,107,460477,49420,48372,8690,57062,819
2021-04-06,Tuolumne,109,53932,3931,3981,37,4018,57
2021-04-06,Ventura,111,848112,80165,79556,2908,82464,983
2021-04-06,Yolo,113,214977,13460,13443,248,13691,198
2021-04-06,Yuba,115,75493,5780,5733,114,5847,43
2021-04-05,Alameda,001,1643700,84558,84007,1832,85839,1219
2021-04-05,Alpine,003,1148,85,85,0,85,0
2021-04-05,Amador,005,37829,3606,3584,33,3617,45
2021-04-05,Butte,007,227075,11772,11384,1686,13070,193
2021-04-05,Calaveras,009,45235,2026,2019,11,2030,50
2021-04-05,Colusa,011,21464,1896,1894,275,2169,14
2021-04-05,Contra Costa,013,1133247,66408,65457,1159,66616,774
2021-04-05,Del Norte,015,27424,1236,1189,11,1200,6
2021-04-05,El Dorado,017,186661,9569,9463,644,10107,106
2021-04-05,Fresno,019,978130,100397,99755,8369,108124,1622
2021-04-05,Glenn,021,27897,2363,2335,536,2871,17
2021-04-05,Humboldt,023,135768,3492,3475,25,3500,35
2021-04-05,Imperial,025,180216,27829,27604,2622,30226,710
2021-04-05,Inyo,027,18085,1386,1377,12,1389,36
2021-04-05,Kern,029,883053,95694,94401,10425,104826,1249
2021-04-05,Kings,031,150075,22834,22580,1043,23623,239
2021-04-05,Lake,033,64148,3383,3359,9,3368,43
2021-04-05,Lassen,035,31185,5153,5138,103,5241,1
2021-04-05,Los Angeles,037,10098052,1191339,1183200,40496,1223696,23302
2021-04-05,Madera,039,155013,16241,16065,904,16969,230
2021-04-05,Marin,041,260295,13747,13666,221,13887,221
2021-04-05,Mariposa,043,17540,398,390,6,396,5
2021-04-05,Mendocino,045,87422,3773,3687,73,3760,45
2021-04-05,Merced,047,269075,30041,30068,1002,31070,427
2021-04-05,Modoc,049,8938,361,346,119,465,3
2021-04-05,Mono,051,14174,1237,1246,17,1263,3
2021-04-05,Monterey,053,433212,42666,42396,1798,44194,341
2021-04-05,Napa,055,140530,9534,9492,34,9526,78
2021-04-05,Nevada,057,99092,4407,4346,182,4528,69
2021-04-05,Orange,059,3164182,252058,250177,10919,261096,4759
2021-04-05,Placer,061,380077,21885,21133,1311,22444,276
2021-04-05,Plumas,063,18699,674,666,10,676,4
2021-04-05,Riverside,065,2383286,290281,283549,13761,297310,4237
2021-04-05,Sacramento,067,1510023,100068,98908,1471,100379,1533
2021-04-05,San Benito,069,59416,5912,5904,104,6008,61
2021-04-05,San Bernardino,071,2135413,289986,286597,8818,295415,4425
2021-04-05,San Diego,073,3302833,272743,271655,13755,285410,3583
2021-04-05,San Francisco,075,870044,35586,35538,1219,36757,488
2021-04-05,San Joaquin,077,732212,70358,69214,3263,72477,1268
2021-04-05,San Luis Obispo,079,281455,20698,20333,640,20973,252
2021-04-05,San Mateo,081,765935,41086,40609,436,41045,350
2021-04-05,Santa Barbara,083,443738,33626,33235,1104,34339,443
2021-04-05,Santa Clara,085,1922200,115080,115091,678,115769,1893
2021-04-05,Santa Cruz,087,273765,15918,15228,805,16033,201
2021-04-05,Shasta,089,179085,11417,11435,1380,12815,184
2021-04-05,Sierra,091,2930,55,50,12,62,0
2021-04-05,Siskiyou,093,43540,1579,1509,270,1779,7
2021-04-05,Solano,095,438530,31143,31026,428,31454,237
2021-04-05,Sonoma,097,501317,29273,29361,287,29648,311
2021-04-05,Stanislaus,099,539301,53612,53238,5668,58906,686
2021-04-05,Sutter,101,95872,9172,9169,83,9252,106
2021-04-05,Tehama,103,63373,4840,4794,525,5319,52
2021-04-05,Trinity,105,12862,480,321,85,406,3
2021-04-05,Tulare,107,460477,49408,48356,8683,57039,818
2021-04-05,Tuolumne,109,53932,3930,3980,37,4017,57
2021-04-05,Ventura,111,848112,80134,79549,2905,82454,983
2021-04-05,Yolo,113,214977,13446,13427,247,13674,198
2021-04-05,Yuba,115,75493,5775,5728,113,5841,43
2021-04-04,Alameda,001,1643700,84440,83951,1828,85779,1219
2021-04-04,Alpine,003,1148,85,85,0,85,0
2021-04-04,Amador,005,37829,3600,3582,33,3615,45
2021-04-04,Butte,007,227075,11757,11375,1685,13060,193
2021-04-04,Calaveras,009,45235,2022,2020,11,2031,50
2021-04-04,Colusa,011,21464,1895,1893,275,2168,14
2021-04-04,Contra Costa,013,1133247,66302,65408,1154,66562,774
2021-04-04,Del Norte,015,27424,1228,1186,11,1197,6
2021-04-04,El Dorado,017,186661,9550,9455,640,10095,106
2021-04-04,Fresno,019,978130,100323,99702,8356,108058,1622
2021-04-04,Glenn,021,27897,2360,2335,535,2870,17
2021-04-04,Humboldt,023,135768,3481,3472,25,3497,35
2021-04-04,Imperial,025,180216,27773,27588,2620,30208,710
2021-04-04,Inyo,027,18085,1382,1377,12,1389,36
2021-04-04,Kern,029,883053,95650,94388,10404,104792,1247
2021-04-04,Kings,031,150075,22832,22580,1042,23622,239
2021-04-04,Lake,033,64148,3377,3355,8,3363,43
2021-04-04,Lassen,035,31185,5151,5138,103,5241,1
2021-04-04,Los Angeles,037,10098052,1190795,1182872,40451,1223323,23301
2021-04-04,Madera,039,155013,16215,16052,900,16952,230
2021-04-04,Marin,041,260295,13734,13663,220,13883,221
2021-04-04,Mariposa,043,17540,398,390,6,396,5
2021-04-04,Mendocino,045,87422,3770,3684,73,3757,45
2021-04-04,Merced,047,269075,29998,30048,999,31047,427
2021-04-04,Modoc,049,8938,361,346,119,465,3
2021-04-04,Mono,051,14174,1236,1245,17,1262,3
2021-04-04,Monterey,053,433212,42649,42391,1797,44188,341
2021-04-04,Napa,055,140530,9522,9486,34,9520,78
2021-04-04,Nevada,057,99092,4395,4337,182,4519,69
2021-04-04,Orange,059,3164182,251924,250117,10903,261020,4759
2021-04-04,Placer,061,380077,21839,21104,1293,22397,276
2021-04-04,Plumas,063,18699,674,666,10,676,4
2021-04-04,Riverside,065,2383286,290155,283537,13757,297294,4237
2021-04-04,Sacramento,067,1510023,99869,98821,1462,100283,1531
2021-04-04,San Benito,069,59416,5902,5901,100,6001,61
2021-04-04,San Bernardino,071,2135413,289846,286561,8810,295371,4423
2021-04-04,San Diego,073,3302833,272431,271528,13714,285242,3583
2021-04-04,San Francisco,075,870044,35532,35525,1216,36741,488
2021-04-04,San Joaquin,077,732212,70257,69147,3251,72398,1268
2021-04-04,San Luis Obispo,079,281455,20666,20328,632,20960,252
2021-04-04,San Mateo,081,765935,41043,40587,433,41020,350
2021-04-04,Santa Barbara,083,443738,33590,33213,1104,34317,443
2021-04-04,Santa Clara,085,1922200,114914,114976,671,115647,1893
2021-04-04,Santa Cruz,087,273765,15909,15219,805,16024,201
2021-04-04,Shasta,089,179085,11391,11433,1379,12812,184
2021-04-04,Sierra,091,2930,55,50,12,62,0
2021-04-04,Siskiyou,093,43540,1576,1509,266,1775,7
2021-04-04,Solano,095,438530,31096,31002,426,31428,237
2021-04-04,Sonoma,097,501317,29241,29340,285,29625,311
2021-04-04,Stanislaus,099,539301,53519,53181,5660,58841,686
2021-04-04,Sutter,101,95872,9165,9164,83,9247,106
2021-04-04,Tehama,103,63373,4828,4792,524,5316,52
2021-04-04,Trinity,105,12862,478,321,85,406,3
2021-04-04,Tulare,107,460477,49392,48343,8675,57018,818
2021-04-04,Tuolumne,109,53932,3922,3980,37,4017,57
2021-04-04,Ventura,111,848112,80091,79526,2903,82429,983
2021-04-04,Yolo,113,214977,13425,13425,246,13671,198
2021-04-04,Yuba,115,75493,5768,5722,113,5835,43
2021-04-03,Alameda,001,1643700,84373,83861,1826,85687,1218
2021-04-03,Alpine,003,1148,85,85,0,85,0
2021-04-03,Amador,005,37829,3597,3577,33,3610,45
2021-04-03,Butte,007,227075,11753,11359,1681,13040,193
2021-04-03,Calaveras,009,45235,2020,2019,11,2030,50
2021-04-03,Colusa,011,21464,1895,1891,275,2166,14
2021-04-03,Contra Costa,013,1133247,66230,65338,1154,66492,774
2021-04-03,Del Norte,015,27424,1223,1183,11,1194,6
2021-04-03,El Dorado,017,186661,9541,9448,639,10087,106
2021-04-03,Fresno,019,978130,100266,99602,8350,107952,1622
2021-04-03,Glenn,021,27897,2359,2334,534,2868,17
2021-04-03,Humboldt,023,135768,3479,3467,25,3492,35
2021-04-03,Imperial,025,180216,27757,27572,2617,30189,710
2021-04-03,Inyo,027,18085,1381,1376,12,1388,36
2021-04-03,Kern,029,883053,95624,94369,10388,104757,1243
2021-04-03,Kings,031,150075,22830,22580,1042,23622,239
2021-04-03,Lake,033,64148,3376,3350,8,3358,43
2021-04-03,Lassen,035,31185,5150,5136,103,5239,1
2021-04-03,Los Angeles,037,10098052,1190492,1182402,40434,1222836,23301
2021-04-03,Madera,039,155013,16206,16051,898,16949,230
2021-04-03,Marin,041,260295,13726,13658,219,13877,221
2021-04-03,Mariposa,043,17540,398,390,5,395,5
2021-04-03,Mendocino,045,87422,3769,3684,73,3757,45
2021-04-03,Merced,047,269075,29983,30031,999,31030,427
2021-04-03,Modoc,049,8938,361,346,119,465,3
2021-04-03,Mono,051,14174,1236,1245,17,1262,3
2021-04-03,Monterey,053,433212,42636,42376,1795,44171,341
2021-04-03,Napa,055,140530,9513,9473,34,9507,78
2021-04-03,Nevada,057,99092,4391,4323,182,4505,69
2021-04-03,Orange,059,3164182,251844,249982,10885,260867,4755
2021-04-03,Placer,061,380077,21808,21060,1289,22349,276
2021-04-03,Plumas,063,18699,674,666,10,676,4
2021-04-03,Riverside,065,2383286,290077,283423,13754,297177,4237
2021-04-03,Sacramento,067,1510023,99761,98660,1456,100116,1531
2021-04-03,San Benito,069,59416,5899,5893,99,5992,61
2021-04-03,San Bernardino,071,2135413,289781,286473,8804,295277,4422
2021-04-03,San Diego,073,3302833,272262,271335,13697,285032,3571
2021-04-03,San Francisco,075,870044,35513,35488,1214,36702,489
2021-04-03,San Joaquin,077,732212,70216,69100,3235,72335,1268
2021-04-03,San Luis Obispo,079,281455,20647,20301,632,20933,252
2021-04-03,San Mateo,081,765935,41018,40560,433,40993,350
2021-04-03,Santa Barbara,083,443738,33564,33172,1103,34275,443
2021-04-03,Santa Clara,085,1922200,114806,114865,669,115534,1893
2021-04-03,Santa Cruz,087,273765,15902,15205,805,16010,201
2021-04-03,Shasta,089,179085,11383,11418,1379,12797,184
2021-04-03,Sierra,091,2930,55,50,12,62,0
2021-04-03,Siskiyou,093,43540,1575,1509,266,1775,7
2021-04-03,Solano,095,438530,31075,30970,423,31393,237
2021-04-03,Sonoma,097,501317,29225,29315,284,29599,311
2021-04-03,Stanislaus,099,539301,53484,53137,5654,58791,686
2021-04-03,Sutter,101,95872,9159,9158,83,9241,106
2021-04-03,Tehama,103,63373,4820,4788,524,5312,52
2021-04-03,Trinity,105,12862,478,321,85,406,3
2021-04-03,Tulare,107,460477,49382,48327,8671,56998,818
2021-04-03,Tuolumne,109,53932,3922,3980,37,4017,57
2021-04-03,Ventura,111,848112,80070,79489,2901,82390,983
2021-04-03,Yolo,113,214977,13419,13414,246,13660,198
2021-04-03,Yuba,115,75493,5762,5716,113,5829,43
2021-04-02,Alameda,001,1643700,84299,83776,1823,85599,1217
2021-04-02,Alpine,003,1148,85,85,0,85,0
2021-04-02,Amador,005,37829,3593,3573,32,3605,45
2021-04-02,Butte,007,227075,11745,11350,1681,13031,193
2021-04-02,Calaveras,009,45235,2018,2010,11,2021,50
2021-04-02,Colusa,011,21464,1895,1891,275,2166,14
2021-04-02,Contra Costa,013,1133247,66166,65299,1153,66452,774
2021-04-02,Del Norte,015,27424,1220,1174,11,1185,6
2021-04-02,El Dorado,017,186661,9528,9437,636,10073,106
2021-04-02,Fresno,019,978130,100212,99551,8339,107890,1620
2021-04-02,Glenn,021,27897,2359,2331,534,2865,17
2021-04-02,Humboldt,023,135768,3475,3465,25,3490,35
2021-04-02,Imperial,025,180216,27745,27553,2611,30164,710
2021-04-02,Inyo,027,18085,1381,1377,12,1389,36
2021-04-02,Kern,029,883053,95606,94348,10385,104733,1233
2021-04-02,Kings,031,150075,22830,22571,1039,23610,239
2021-04-02,Lake,033,64148,3374,3348,8,3356,43
2021-04-02,Lassen,035,31185,5150,5134,103,5237,1
2021-04-02,Los Angeles,037,10098052,1190183,1181682,40411,1222093,23264
2021-04-02,Madera,039,155013,16197,16036,897,16933,230
2021-04-02,Marin,041,260295,13718,13649,219,13868,221
2021-04-02,Mariposa,043,17540,396,390,5,395,5
2021-04-02,Mendocino,045,87422,3766,3682,73,3755,45
2021-04-02,Merced,047,269075,29958,29998,999,30997,426
2021-04-02,Modoc,049,8938,358,346,119,465,3
2021-04-02,Mono,051,14174,1236,1246,17,1263,3
2021-04-02,Monterey,053,433212,42626,42359,1792,44151,341
2021-04-02,Napa,055,140530,9498,9453,34,9487,78
2021-04-02,Nevada,057,99092,4387,4323,182,4505,69
2021-04-02,Orange,059,3164182,251748,249891,10872,260763,4748
2021-04-02,Placer,061,380077,21772,21035,1283,22318,275
2021-04-02,Plumas,063,18699,674,666,10,676,4
2021-04-02,Riverside,065,2383286,289991,283328,13745,297073,4213
2021-04-02,Sacramento,067,1510023,99654,98648,1449,100097,1527
2021-04-02,San Benito,069,59416,5897,5888,97,5985,61
2021-04-02,San Bernardino,071,2135413,289708,286308,8800,295108,4417
2021-04-02,San Diego,073,3302833,272076,271036,13671,284707,3568
2021-04-02,San Francisco,075,870044,35478,35451,1212,36663,488
2021-04-02,San Joaquin,077,732212,70151,68996,3220,72216,1268
2021-04-02,San Luis Obispo,079,281455,20630,20271,631,20902,252
2021-04-02,San Mateo,081,765935,40976,40514,433,40947,350
2021-04-02,Santa Barbara,083,443738,33536,33145,1103,34248,443
2021-04-02,Santa Clara,085,1922200,114695,114777,667,115444,1882
2021-04-02,Santa Cruz,087,273765,15894,15216,805,16021,202
2021-04-02,Shasta,089,179085,11378,11377,1371,12748,181
2021-04-02,Sierra,091,2930,55,50,12,62,0
2021-04-02,Siskiyou,093,43540,1575,1508,265,1773,7
2021-04-02,Solano,095,438530,31046,30951,420,31371,237
2021-04-02,Sonoma,097,501317,29204,29288,283,29571,311
2021-04-02,Stanislaus,099,539301,53439,53073,5648,58721,687
2021-04-02,Sutter,101,95872,9151,9131,83,9214,106
2021-04-02,Tehama,103,63373,4813,4775,523,5298,52
2021-04-02,Trinity,105,12862,478,320,85,405,3
2021-04-02,Tulare,107,460477,49376,48306,8665,56971,818
2021-04-02,Tuolumne,109,53932,3919,3980,37,4017,57
2021-04-02,Ventura,111,848112,80042,79434,2899,82333,982
2021-04-02,Yolo,113,214977,13409,13381,246,13627,197
2021-04-02,Yuba,115,75493,5758,5709,113,5822,44
2021-04-01,Alameda,001,1643700,84220,83574,1818,85392,1216
2021-04-01,Alpine,003,1148,85,85,0,85,0
2021-04-01,Amador,005,37829,3589,3558,32,3590,45
2021-04-01,Butte,007,227075,11727,11328,1679,13007,193
2021-04-01,Calaveras,009,45235,2014,2006,11,2017,50
2021-04-01,Colusa,011,21464,1892,1890,275,2165,14
2021-04-01,Contra Costa,013,1133247,66106,65176,1151,66327,771
2021-04-01,Del Norte,015,27424,1215,1138,11,1149,6
2021-04-01,El Dorado,017,186661,9519,9393,632,10025,106
2021-04-01,Fresno,019,978130,100159,99317,8331,107648,1616
2021-04-01,Glenn,021,27897,2359,2322,533,2855,17
2021-04-01,Humboldt,023,135768,3471,3464,25,3489,35
2021-04-01,Imperial,025,180216,27715,27520,2605,30125,710
2021-04-01,Inyo,027,18085,1380,1374,12,1386,36
2021-04-01,Kern,029,883053,95570,94244,10373,104617,1233
2021-04-01,Kings,031,150075,22823,22560,1038,23598,239
2021-04-01,Lake,033,64148,3369,3337,8,3345,43
2021-04-01,Lassen,035,31185,5149,5132,103,5235,1
2021-04-01,Los Angeles,037,10098052,1189691,1181101,40382,1221483,23220
2021-04-01,Madera,039,155013,16181,16023,897,16920,230
2021-04-01,Marin,041,260295,13708,13635,219,13854,221
2021-04-01,Mariposa,043,17540,394,389,5,394,5
2021-04-01,Mendocino,045,87422,3766,3680,73,3753,45
2021-04-01,Merced,047,269075,29925,29820,999,30819,425
2021-04-01,Modoc,049,8938,357,346,119,465,3
2021-04-01,Mono,051,14174,1236,1245,17,1262,3
2021-04-01,Monterey,053,433212,42618,42324,1790,44114,339
2021-04-01,Napa,055,140530,9486,9410,34,9444,78
2021-04-01,Nevada,057,99092,4377,4288,181,4469,68
2021-04-01,Orange,059,3164182,251628,249617,10855,260472,4742
2021-04-01,Placer,061,380077,21733,20909,1271,22180,274
2021-04-01,Plumas,063,18699,674,664,10,674,4
2021-04-01,Riverside,065,2383286,289886,283128,13742,296870,4193
2021-04-01,Sacramento,067,1510023,99510,97952,1435,99387,1521
2021-04-01,San Benito,069,59416,5889,5878,96,5974,61
2021-04-01,San Bernardino,071,2135413,289591,286086,8791,294877,4404
2021-04-01,San Diego,073,3302833,271852,270540,13641,284181,3555
2021-04-01,San Francisco,075,870044,35457,35386,1209,36595,488
2021-04-01,San Joaquin,077,732212,70069,68802,3212,72014,1262
2021-04-01,San Luis Obispo,079,281455,20601,20235,630,20865,252
2021-04-01,San Mateo,081,765935,40935,40454,433,40887,350
2021-04-01,Santa Barbara,083,443738,33489,33096,1098,34194,443
2021-04-01,Santa Clara,085,1922200,114582,114606,666,115272,1874
2021-04-01,Santa Cruz,087,273765,15879,15271,805,16076,202
2021-04-01,Shasta,089,179085,11363,11355,1366,12721,181
2021-04-01,Sierra,091,2930,55,50,12,62,0
2021-04-01,Siskiyou,093,43540,1573,1507,264,1771,7
2021-04-01,Solano,095,438530,31013,30850,417,31267,237
2021-04-01,Sonoma,097,501317,29173,29241,276,29517,311
2021-04-01,Stanislaus,099,539301,53376,52825,5642,58467,687
2021-04-01,Sutter,101,95872,9139,9105,83,9188,106
2021-04-01,Tehama,103,63373,4807,4764,520,5284,52
2021-04-01,Trinity,105,12862,478,319,85,404,3
2021-04-01,Tulare,107,460477,49353,48279,8655,56934,817
2021-04-01,Tuolumne,109,53932,3917,3978,37,4015,57
2021-04-01,Ventura,111,848112,80018,79369,2898,82267,977
2021-04-01,Yolo,113,214977,13396,13342,246,13588,197
2021-04-01,Yuba,115,75493,5753,5694,113,5807,44
2021-03-31,Alameda,001,1643700,84139,83475,1813,85288,1215
2021-03-31,Alpine,003,1148,85,85,0,85,0
2021-03-31,Amador,005,37829,3586,3556,32,3588,45
2021-03-31,Butte,007,227075,11717,11321,1676,12997,193
2021-03-31,Calaveras,009,45235,2012,2005,11,2016,50
2021-03-31,Colusa,011,21464,1892,1890,275,2165,14
2021-03-31,Contra Costa,013,1133247,66021,65109,1150,66259,769
2021-03-31,Del Norte,015,27424,1206,1129,11,1140,6
2021-03-31,El Dorado,017,186661,9502,9390,632,10022,106
2021-03-31,Fresno,019,978130,100066,99240,8314,107554,1616
2021-03-31,Glenn,021,27897,2355,2318,531,2849,17
2021-03-31,Humboldt,023,135768,3465,3460,25,3485,35
2021-03-31,Imperial,025,180216,27695,27506,2604,30110,710
2021-03-31,Inyo,027,18085,1377,1373,11,1384,35
2021-03-31,Kern,029,883053,95527,94205,10364,104569,1229
2021-03-31,Kings,031,150075,22820,22540,1038,23578,239
2021-03-31,Lake,033,64148,3365,3332,8,3340,43
2021-03-31,Lassen,035,31185,5145,5132,103,5235,1
2021-03-31,Los Angeles,037,10098052,1189222,1180538,40343,1220881,23171
2021-03-31,Madera,039,155013,16167,16015,896,16911,229
2021-03-31,Marin,041,260295,13697,13624,219,13843,221
2021-03-31,Mariposa,043,17540,394,389,5,394,5
2021-03-31,Mendocino,045,87422,3760,3675,73,3748,45
2021-03-31,Merced,047,269075,29896,29780,999,30779,423
2021-03-31,Modoc,049,8938,357,346,119,465,3
2021-03-31,Mono,051,14174,1236,1245,17,1262,3
2021-03-31,Monterey,053,433212,42601,42309,1788,44097,338
2021-03-31,Napa,055,140530,9468,9401,34,9435,78
2021-03-31,Nevada,057,99092,4371,4283,181,4464,68
2021-03-31,Orange,059,3164182,251517,249518,10840,260358,4731
2021-03-31,Placer,061,380077,21683,20885,1264,22149,271
2021-03-31,Plumas,063,18699,673,663,10,673,4
2021-03-31,Riverside,065,2383286,289784,283006,13732,296738,4171
2021-03-31,Sacramento,067,1510023,99335,97760,1428,99188,1519
2021-03-31,San Benito,069,59416,5879,5875,96,5971,61
2021-03-31,San Bernardino,071,2135413,289497,285916,8788,294704,4356
2021-03-31,San Diego,073,3302833,271621,270288,13606,283894,3555
2021-03-31,San Francisco,075,870044,35412,35347,1208,36555,474
2021-03-31,San Joaquin,077,732212,69980,68685,3196,71881,1259
2021-03-31,San Luis Obispo,079,281455,20579,20215,629,20844,251
2021-03-31,San Mateo,081,765935,40905,40423,433,40856,350
2021-03-31,Santa Barbara,083,443738,33457,33052,1096,34148,443
2021-03-31,Santa Clara,085,1922200,114455,114499,666,115165,1874
2021-03-31,Santa Cruz,087,273765,15866,15295,804,16099,201
2021-03-31,Shasta,089,179085,11351,11327,1358,12685,179
2021-03-31,Sierra,091,2930,55,50,12,62,0
2021-03-31,Siskiyou,093,43540,1572,1505,264,1769,7
2021-03-31,Solano,095,438530,30967,30824,416,31240,235
2021-03-31,Sonoma,097,501317,29146,29216,276,29492,311
2021-03-31,Stanislaus,099,539301,53308,52782,5630,58412,687
2021-03-31,Sutter,101,95872,9128,9111,83,9194,106
2021-03-31,Tehama,103,63373,4802,4762,518,5280,52
2021-03-31,Trinity,105,12862,478,319,85,404,3
2021-03-31,Tulare,107,460477,49333,48261,8639,56900,816
2021-03-31,Tuolumne,109,53932,3916,3976,37,4013,57
2021-03-31,Ventura,111,848112,79986,79326,2894,82220,969
2021-03-31,Yolo,113,214977,13379,13359,245,13604,197
2021-03-31,Yuba,115,75493,5746,5686,113,5799,44
2021-03-30,Alameda,001,1643700,84039,83395,1810,85205,1211
2021-03-30,Alpine,003,1148,85,85,0,85,0
2021-03-30,Amador,005,37829,3583,3551,32,3583,45
2021-03-30,Butte,007,227075,11705,11296,1673,12969,193
2021-03-30,Calaveras,009,45235,2008,1997,11,2008,50
2021-03-30,Colusa,011,21464,1891,1890,274,2164,14
2021-03-30,Contra Costa,013,1133247,65932,65041,1148,66189,767
2021-03-30,Del Norte,015,27424,1198,1118,10,1128,6
2021-03-30,El Dorado,017,186661,9483,9381,629,10010,105
2021-03-30,Fresno,019,978130,100001,99156,8301,107457,1609
2021-03-30,Glenn,021,27897,2355,2310,530,2840,17
2021-03-30,Humboldt,023,135768,3463,3461,25,3486,35
2021-03-30,Imperial,025,180216,27667,27471,2602,30073,706
2021-03-30,Inyo,027,18085,1377,1374,11,1385,35
2021-03-30,Kern,029,883053,95485,94151,10355,104506,1221
2021-03-30,Kings,031,150075,22816,22530,1036,23566,238
2021-03-30,Lake,033,64148,3359,3330,8,3338,43
2021-03-30,Lassen,035,31185,5145,5132,103,5235,1
2021-03-30,Los Angeles,037,10098052,1188725,1180044,40321,1220365,23136
2021-03-30,Madera,039,155013,16157,16003,892,16895,229
2021-03-30,Marin,041,260295,13688,13611,211,13822,221
2021-03-30,Mariposa,043,17540,394,388,5,393,5
2021-03-30,Mendocino,045,87422,3758,3670,73,3743,45
2021-03-30,Merced,047,269075,29859,29731,999,30730,423
2021-03-30,Modoc,049,8938,356,346,119,465,3
2021-03-30,Mono,051,14174,1235,1245,17,1262,3
2021-03-30,Monterey,053,433212,42575,42308,1786,44094,338
2021-03-30,Napa,055,140530,9453,9391,34,9425,78
2021-03-30,Nevada,057,99092,4359,4266,180,4446,68
2021-03-30,Orange,059,3164182,251388,249412,10813,260225,4727
2021-03-30,Placer,061,380077,21643,20866,1258,22124,271
2021-03-30,Plumas,063,18699,673,661,10,671,4
2021-03-30,Riverside,065,2383286,289659,282930,13723,296653,4154
2021-03-30,Sacramento,067,1510023,99198,97718,1424,99142,1516
2021-03-30,San Benito,069,59416,5873,5870,96,5966,61
2021-03-30,San Bernardino,071,2135413,289389,285758,8779,294537,4343
2021-03-30,San Diego,073,3302833,271382,269998,13568,283566,3555
2021-03-30,San Francisco,075,870044,35362,35325,1207,36532,474
2021-03-30,San Joaquin,077,732212,69892,68613,3186,71799,1232
2021-03-30,San Luis Obispo,079,281455,20559,20194,629,20823,251
2021-03-30,San Mateo,081,765935,40861,40377,433,40810,349
2021-03-30,Santa Barbara,083,443738,33432,33016,1096,34112,441
2021-03-30,Santa Clara,085,1922200,114332,114413,665,115078,1873
2021-03-30,Santa Cruz,087,273765,15860,15278,804,16082,201
2021-03-30,Shasta,089,179085,11343,11316,1357,12673,184
2021-03-30,Sierra,091,2930,55,50,12,62,0
2021-03-30,Siskiyou,093,43540,1571,1501,264,1765,7
2021-03-30,Solano,095,438530,30937,30802,415,31217,232
2021-03-30,Sonoma,097,501317,29114,29198,276,29474,311
2021-03-30,Stanislaus,099,539301,53230,52690,5622,58312,677
2021-03-30,Sutter,101,95872,9124,9107,82,9189,106
2021-03-30,Tehama,103,63373,4793,4748,517,5265,52
2021-03-30,Trinity,105,12862,478,316,85,401,3
2021-03-30,Tulare,107,460477,49318,48249,8630,56879,815
2021-03-30,Tuolumne,109,53932,3911,3972,37,4009,57
2021-03-30,Ventura,111,848112,79942,79282,2891,82173,958
2021-03-30,Yolo,113,214977,13366,13353,245,13598,195
2021-03-30,Yuba,115,75493,5735,5679,107,5786,42
2021-03-29,Alameda,001,1643700,83937,83338,1808,85146,1211
2021-03-29,Alpine,003,1148,85,85,0,85,0
2021-03-29,Amador,005,37829,3577,3549,32,3581,45
2021-03-29,Butte,007,227075,11696,11291,1670,12961,191
2021-03-29,Calaveras,009,45235,2006,1998,11,2009,50
2021-03-29,Colusa,011,21464,1891,1889,273,2162,14
2021-03-29,Contra Costa,013,1133247,65863,64971,1147,66118,767
2021-03-29,Del Norte,015,27424,1193,1116,9,1125,6
2021-03-29,El Dorado,017,186661,9463,9374,623,9997,105
2021-03-29,Fresno,019,978130,99918,99085,8286,107371,1606
2021-03-29,Glenn,021,27897,2348,2310,530,2840,17
2021-03-29,Humboldt,023,135768,3458,3459,25,3484,34
2021-03-29,Imperial,025,180216,27646,27442,2600,30042,704
2021-03-29,Inyo,027,18085,1377,1372,11,1383,35
2021-03-29,Kern,029,883053,95438,94098,10335,104433,1220
2021-03-29,Kings,031,150075,22804,22522,1035,23557,238
2021-03-29,Lake,033,64148,3356,3325,8,3333,43
2021-03-29,Lassen,035,31185,5145,5131,103,5234,1
2021-03-29,Los Angeles,037,10098052,1188231,1179736,40280,1220016,23108
2021-03-29,Madera,039,155013,16137,15987,890,16877,210
2021-03-29,Marin,041,260295,13676,13600,207,13807,220
2021-03-29,Mariposa,043,17540,393,388,5,393,5
2021-03-29,Mendocino,045,87422,3755,3667,73,3740,45
2021-03-29,Merced,047,269075,29835,29699,999,30698,422
2021-03-29,Modoc,049,8938,355,344,119,463,3
2021-03-29,Mono,051,14174,1234,1243,17,1260,3
2021-03-29,Monterey,053,433212,42559,42305,1781,44086,337
2021-03-29,Napa,055,140530,9437,9379,34,9413,78
2021-03-29,Nevada,057,99092,4352,4258,180,4438,68
2021-03-29,Orange,059,3164182,251276,249295,10801,260096,4713
2021-03-29,Placer,061,380077,21608,20827,1251,22078,267
2021-03-29,Plumas,063,18699,672,660,10,670,4
2021-03-29,Riverside,065,2383286,289556,282867,13722,296589,4133
2021-03-29,Sacramento,067,1510023,99004,97577,1416,98993,1514
2021-03-29,San Benito,069,59416,5866,5865,96,5961,61
2021-03-29,San Bernardino,071,2135413,289292,285615,8775,294390,4335
2021-03-29,San Diego,073,3302833,271116,269771,13542,283313,3547
2021-03-29,San Francisco,075,870044,35327,35291,1204,36495,474
2021-03-29,San Joaquin,077,732212,69806,68537,3173,71710,1211
2021-03-29,San Luis Obispo,079,281455,20524,20176,628,20804,250
2021-03-29,San Mateo,081,765935,40819,40357,432,40789,348
2021-03-29,Santa Barbara,083,443738,33398,32983,1095,34078,439
2021-03-29,Santa Clara,085,1922200,114224,114335,660,114995,1871
2021-03-29,Santa Cruz,087,273765,15849,15249,803,16052,201
2021-03-29,Shasta,089,179085,11325,11313,1355,12668,183
2021-03-29,Sierra,091,2930,55,50,12,62,0
2021-03-29,Siskiyou,093,43540,1569,1497,263,1760,6
2021-03-29,Solano,095,438530,30898,30762,413,31175,232
2021-03-29,Sonoma,097,501317,29091,29184,273,29457,310
2021-03-29,Stanislaus,099,539301,53147,52614,5614,58228,677
2021-03-29,Sutter,101,95872,9117,9105,82,9187,106
2021-03-29,Tehama,103,63373,4785,4742,516,5258,52
2021-03-29,Trinity,105,12862,478,314,85,399,3
2021-03-29,Tulare,107,460477,49290,48226,8619,56845,815
2021-03-29,Tuolumne,109,53932,3909,3969,37,4006,57
2021-03-29,Ventura,111,848112,79900,79252,2891,82143,956
2021-03-29,Yolo,113,214977,13347,13346,245,13591,195
2021-03-29,Yuba,115,75493,5728,5671,106,5777,42
2021-03-28,Alameda,001,1643700,83816,83239,1806,85045,1212
2021-03-28,Alpine,003,1148,85,85,0,85,0
2021-03-28,Amador,005,37829,3573,3541,32,3573,45
2021-03-28,Butte,007,227075,11683,11285,1668,12953,191
2021-03-28,Calaveras,009,45235,2004,1995,11,2006,50
2021-03-28,Colusa,011,21464,1890,1889,273,2162,14
2021-03-28,Contra Costa,013,1133247,65789,64878,1143,66021,767
2021-03-28,Del Norte,015,27424,1186,1107,7,1114,6
2021-03-28,El Dorado,017,186661,9448,9371,621,9992,105
2021-03-28,Fresno,019,978130,99836,99004,8274,107278,1606
2021-03-28,Glenn,021,27897,2344,2309,528,2837,17
2021-03-28,Humboldt,023,135768,3455,3452,24,3476,34
2021-03-28,Imperial,025,180216,27619,27426,2597,30023,704
2021-03-28,Inyo,027,18085,1376,1372,11,1383,35
2021-03-28,Kern,029,883053,95393,94084,10324,104408,1219
2021-03-28,Kings,031,150075,22799,22514,1032,23546,238
2021-03-28,Lake,033,64148,3351,3320,8,3328,43
2021-03-28,Lassen,035,31185,5145,5131,102,5233,1
2021-03-28,Los Angeles,037,10098052,1187680,1179316,40222,1219538,23101
2021-03-28,Madera,039,155013,16122,15973,889,16862,210
2021-03-28,Marin,041,260295,13663,13594,205,13799,221
2021-03-28,Mariposa,043,17540,393,388,5,393,5
2021-03-28,Mendocino,045,87422,3753,3666,73,3739,45
2021-03-28,Merced,047,269075,29778,29679,999,30678,422
2021-03-28,Modoc,049,8938,355,344,119,463,3
2021-03-28,Mono,051,14174,1233,1242,17,1259,3
2021-03-28,Monterey,053,433212,42536,42294,1777,44071,337
2021-03-28,Napa,055,140530,9423,9368,34,9402,78
2021-03-28,Nevada,057,99092,4338,4239,180,4419,68
2021-03-28,Orange,059,3164182,251121,249238,10791,260029,4713
2021-03-28,Placer,061,380077,21564,20796,1245,22041,267
2021-03-28,Plumas,063,18699,670,657,10,667,4
2021-03-28,Riverside,065,2383286,289442,282811,13713,296524,4132
2021-03-28,Sacramento,067,1510023,98830,97425,1410,98835,1514
2021-03-28,San Benito,069,59416,5861,5862,96,5958,61
2021-03-28,San Bernardino,071,2135413,289173,285570,8766,294336,4332
2021-03-28,San Diego,073,3302833,270839,269476,13513,282989,3547
2021-03-28,San Francisco,075,870044,35281,35286,1200,36486,474
2021-03-28,San Joaquin,077,732212,69681,68459,3154,71613,1211
2021-03-28,San Luis Obispo,079,281455,20489,20172,625,20797,250
2021-03-28,San Mateo,081,765935,40774,40305,432,40737,348
2021-03-28,Santa Barbara,083,443738,33356,32953,1094,34047,439
2021-03-28,Santa Clara,085,1922200,114124,114232,656,114888,1871
2021-03-28,Santa Cruz,087,273765,15834,15238,802,16040,201
2021-03-28,Shasta,089,179085,11299,11308,1344,12652,183
2021-03-28,Sierra,091,2930,55,50,12,62,0
2021-03-28,Siskiyou,093,43540,1569,1497,262,1759,6
2021-03-28,Solano,095,438530,30861,30719,411,31130,232
2021-03-28,Sonoma,097,501317,29055,29161,271,29432,310
2021-03-28,Stanislaus,099,539301,53059,52567,5599,58166,678
2021-03-28,Sutter,101,95872,9108,9094,82,9176,106
2021-03-28,Tehama,103,63373,4775,4740,514,5254,52
2021-03-28,Trinity,105,12862,476,314,84,398,3
2021-03-28,Tulare,107,460477,49261,48218,8613,56831,815
2021-03-28,Tuolumne,109,53932,3906,3969,36,4005,57
2021-03-28,Ventura,111,848112,79849,79222,2886,82108,956
2021-03-28,Yolo,113,214977,13330,13325,244,13569,194
2021-03-28,Yuba,115,75493,5724,5662,106,5768,42
2021-03-27,Alameda,001,1643700,83745,83169,1802,84971,1211
2021-03-27,Alpine,003,1148,85,85,0,85,0
2021-03-27,Amador,005,37829,3568,3538,32,3570,45
2021-03-27,Butte,007,227075,11676,11278,1667,12945,191
2021-03-27,Calaveras,009,45235,2001,1992,11,2003,50
2021-03-27,Colusa,011,21464,1890,1889,273,2162,14
2021-03-27,Contra Costa,013,1133247,65719,64804,1140,65944,767
2021-03-27,Del Norte,015,27424,1176,1104,7,1111,6
2021-03-27,El Dorado,017,186661,9434,9367,621,9988,105
2021-03-27,Fresno,019,978130,99783,98901,8268,107169,1606
2021-03-27,Glenn,021,27897,2343,2308,528,2836,17
2021-03-27,Humboldt,023,135768,3450,3442,24,3466,34
2021-03-27,Imperial,025,180216,27607,27406,2594,30000,704
2021-03-27,Inyo,027,18085,1374,1372,11,1383,35
2021-03-27,Kern,029,883053,95373,94041,10312,104353,1217
2021-03-27,Kings,031,150075,22796,22502,1032,23534,238
2021-03-27,Lake,033,64148,3349,3317,8,3325,43
2021-03-27,Lassen,035,31185,5145,5129,102,5231,1
2021-03-27,Los Angeles,037,10098052,1187366,1178831,40195,1219026,23103
2021-03-27,Madera,039,155013,16115,15968,887,16855,210
2021-03-27,Marin,041,260295,13658,13579,205,13784,222
2021-03-27,Mariposa,043,17540,393,386,5,391,5
2021-03-27,Mendocino,045,87422,3751,3666,73,3739,45
2021-03-27,Merced,047,269075,29745,29647,997,30644,422
2021-03-27,Modoc,049,8938,355,344,119,463,3
2021-03-27,Mono,051,14174,1231,1241,17,1258,3
2021-03-27,Monterey,053,433212,42526,42271,1777,44048,337
2021-03-27,Napa,055,140530,9411,9360,34,9394,78
2021-03-27,Nevada,057,99092,4328,4231,180,4411,68
2021-03-27,Orange,059,3164182,251028,249160,10775,259935,4698
2021-03-27,Placer,061,380077,21544,20717,1238,21955,267
2021-03-27,Plumas,063,18699,669,655,10,665,4
2021-03-27,Riverside,065,2383286,289380,282707,13705,296412,4132
2021-03-27,Sacramento,067,1510023,98740,97247,1408,98655,1513
2021-03-27,San Benito,069,59416,5859,5862,94,5956,61
2021-03-27,San Bernardino,071,2135413,289110,285480,8764,294244,4325
2021-03-27,San Diego,073,3302833,270668,269271,13491,282762,3540
2021-03-27,San Francisco,075,870044,35258,35244,1198,36442,474
2021-03-27,San Joaquin,077,732212,69621,68365,3146,71511,1211
2021-03-27,San Luis Obispo,079,281455,20478,20153,622,20775,250
2021-03-27,San Mateo,081,765935,40751,40264,432,40696,348
2021-03-27,Santa Barbara,083,443738,33333,32921,1094,34015,439
2021-03-27,Santa Clara,085,1922200,114028,114124,654,114778,1871
2021-03-27,Santa Cruz,087,273765,15828,15215,802,16017,201
2021-03-27,Shasta,089,179085,11288,11288,1342,12630,183
2021-03-27,Sierra,091,2930,55,50,12,62,0
2021-03-27,Siskiyou,093,43540,1569,1497,262,1759,6
2021-03-27,Solano,095,438530,30833,30669,410,31079,232
2021-03-27,Sonoma,097,501317,29040,29133,269,29402,310
2021-03-27,Stanislaus,099,539301,52994,52497,5591,58088,678
2021-03-27,Sutter,101,95872,9101,9093,82,9175,106
2021-03-27,Tehama,103,63373,4769,4738,512,5250,52
2021-03-27,Trinity,105,12862,476,313,84,397,3
2021-03-27,Tulare,107,460477,49245,48203,8605,56808,813
2021-03-27,Tuolumne,109,53932,3903,3968,36,4004,57
2021-03-27,Ventura,111,848112,79822,79184,2884,82068,956
2021-03-27,Yolo,113,214977,13325,13317,243,13560,194
2021-03-27,Yuba,115,75493,5722,5657,106,5763,42
2021-03-26,Alameda,001,1643700,83683,83043,1800,84843,1208
2021-03-26,Alpine,003,1148,85,85,0,85,0
2021-03-26,Amador,005,37829,3563,3532,32,3564,45
2021-03-26,Butte,007,227075,11666,11278,1667,12945,191
2021-03-26,Calaveras,009,45235,1999,1989,11,2000,50
2021-03-26,Colusa,011,21464,1890,1889,273,2162,14
2021-03-26,Contra Costa,013,1133247,65659,64699,1137,65836,761
2021-03-26,Del Norte,015,27424,1173,1101,7,1108,6
2021-03-26,El Dorado,017,186661,9429,9353,621,9974,105
2021-03-26,Fresno,019,978130,99721,98731,8258,106989,1601
2021-03-26,Glenn,021,27897,2343,2307,527,2834,17
2021-03-26,Humboldt,023,135768,3448,3431,24,3455,34
2021-03-26,Imperial,025,180216,27583,27374,2594,29968,701
2021-03-26,Inyo,027,18085,1373,1369,11,1380,35
2021-03-26,Kern,029,883053,95347,93949,10306,104255,1211
2021-03-26,Kings,031,150075,22788,22493,1030,23523,239
2021-03-26,Lake,033,64148,3348,3314,8,3322,43
2021-03-26,Lassen,035,31185,5144,5131,102,5233,1
2021-03-26,Los Angeles,037,10098052,1187028,1178213,40182,1218395,23080
2021-03-26,Madera,039,155013,16105,15952,887,16839,210
2021-03-26,Marin,041,260295,13652,13553,200,13753,221
2021-03-26,Mariposa,043,17540,393,386,5,391,5
2021-03-26,Mendocino,045,87422,3750,3664,73,3737,45
2021-03-26,Merced,047,269075,29722,29613,995,30608,419
2021-03-26,Modoc,049,8938,355,344,119,463,3
2021-03-26,Mono,051,14174,1230,1236,17,1253,3
2021-03-26,Monterey,053,433212,42513,42241,1773,44014,338
2021-03-26,Napa,055,140530,9401,9349,34,9383,78
2021-03-26,Nevada,057,99092,4308,4222,180,4402,83
2021-03-26,Orange,059,3164182,250965,248995,10761,259756,4671
2021-03-26,Placer,061,380077,21518,20679,1237,21916,259
2021-03-26,Plumas,063,18699,668,654,10,664,4
2021-03-26,Riverside,065,2383286,289302,282602,13699,296301,4109
2021-03-26,Sacramento,067,1510023,98640,97040,1403,98443,1509
2021-03-26,San Benito,069,59416,5856,5855,94,5949,61
2021-03-26,San Bernardino,071,2135413,289054,285313,8762,294075,4288
2021-03-26,San Diego,073,3302833,270490,269045,13465,282510,3525
2021-03-26,San Francisco,075,870044,35232,35186,1198,36384,472
2021-03-26,San Joaquin,077,732212,69558,68249,3142,71391,1202
2021-03-26,San Luis Obispo,079,281455,20465,20118,622,20740,250
2021-03-26,San Mateo,081,765935,40716,40199,432,40631,348
2021-03-26,Santa Barbara,083,443738,33303,32895,1093,33988,439
2021-03-26,Santa Clara,085,1922200,113930,113959,653,114612,1868
2021-03-26,Santa Cruz,087,273765,15813,15199,801,16000,201
2021-03-26,Shasta,089,179085,11279,11276,1336,12612,182
2021-03-26,Sierra,091,2930,55,50,12,62,0
2021-03-26,Siskiyou,093,43540,1569,1493,261,1754,6
2021-03-26,Solano,095,438530,30808,30640,410,31050,205
2021-03-26,Sonoma,097,501317,29024,29101,266,29367,310
2021-03-26,Stanislaus,099,539301,52926,52420,5587,58007,678
2021-03-26,Sutter,101,95872,9098,9082,82,9164,104
2021-03-26,Tehama,103,63373,4768,4722,511,5233,51
2021-03-26,Trinity,105,12862,476,311,84,395,3
2021-03-26,Tulare,107,460477,49230,48179,8597,56776,813
2021-03-26,Tuolumne,109,53932,3902,3965,36,4001,57
2021-03-26,Ventura,111,848112,79788,79122,2882,82004,953
2021-03-26,Yolo,113,214977,13318,13299,241,13540,194
2021-03-26,Yuba,115,75493,5712,5653,106,5759,42
2021-03-25,Alameda,001,1643700,83588,82945,1798,84743,1206
2021-03-25,Alpine,003,1148,85,84,0,84,0
2021-03-25,Amador,005,37829,3561,3530,32,3562,45
2021-03-25,Butte,007,227075,11656,11270,1667,12937,188
2021-03-25,Calaveras,009,45235,1998,1982,11,1993,50
2021-03-25,Colusa,011,21464,1890,1888,273,2161,14
2021-03-25,Contra Costa,013,1133247,65592,64606,1133,65739,757
2021-03-25,Del Norte,015,27424,1167,1095,7,1102,6
2021-03-25,El Dorado,017,186661,9419,9331,621,9952,105
2021-03-25,Fresno,019,978130,99603,98602,8245,106847,1593
2021-03-25,Glenn,021,27897,2342,2302,526,2828,17
2021-03-25,Humboldt,023,135768,3443,3423,24,3447,34
2021-03-25,Imperial,025,180216,27567,27352,2593,29945,699
2021-03-25,Inyo,027,18085,1373,1369,11,1380,35
2021-03-25,Kern,029,883053,95315,93857,10301,104158,1206
2021-03-25,Kings,031,150075,22778,22472,1030,23502,237
2021-03-25,Lake,033,64148,3343,3312,8,3320,43
2021-03-25,Lassen,035,31185,5144,5129,102,5231,1
2021-03-25,Los Angeles,037,10098052,1186594,1177490,40147,1217637,23051
2021-03-25,Madera,039,155013,16086,15937,885,16822,210
2021-03-25,Marin,041,260295,13642,13538,197,13735,219
2021-03-25,Mariposa,043,17540,393,386,5,391,5
2021-03-25,Mendocino,045,87422,3749,3664,73,3737,45
2021-03-25,Merced,047,269075,29688,29576,987,30563,416
2021-03-25,Modoc,049,8938,355,343,119,462,3
2021-03-25,Mono,051,14174,1230,1235,17,1252,3
2021-03-25,Monterey,053,433212,42492,42220,1768,43988,336
2021-03-25,Napa,055,140530,9382,9321,34,9355,78
2021-03-25,Nevada,057,99092,4290,4202,178,4380,84
2021-03-25,Orange,059,3164182,250849,248871,10741,259612,4655
2021-03-25,Placer,061,380077,21477,20639,1230,21869,252
2021-03-25,Plumas,063,18699,668,654,10,664,4
2021-03-25,Riverside,065,2383286,289205,282492,13688,296180,4078
2021-03-25,Sacramento,067,1510023,98495,96823,1400,98223,1505
2021-03-25,San Benito,069,59416,5853,5850,94,5944,61
2021-03-25,San Bernardino,071,2135413,288973,285134,8757,293891,4222
2021-03-25,San Diego,073,3302833,270262,268623,13434,282057,3520
2021-03-25,San Francisco,075,870044,35193,35154,1196,36350,468
2021-03-25,San Joaquin,077,732212,69461,68089,3103,71192,1196
2021-03-25,San Luis Obispo,079,281455,20447,20076,622,20698,250
2021-03-25,San Mateo,081,765935,40676,40147,432,40579,348
2021-03-25,Santa Barbara,083,443738,33276,32857,1093,33950,439
2021-03-25,Santa Clara,085,1922200,113826,113877,651,114528,1868
2021-03-25,Santa Cruz,087,273765,15792,15170,801,15971,201
2021-03-25,Shasta,089,179085,11262,11262,1333,12595,181
2021-03-25,Sierra,091,2930,55,50,12,62,0
2021-03-25,Siskiyou,093,43540,1567,1491,260,1751,6
2021-03-25,Solano,095,438530,30747,30583,408,30991,193
2021-03-25,Sonoma,097,501317,28989,29060,262,29322,310
2021-03-25,Stanislaus,099,539301,52859,52321,5580,57901,678
2021-03-25,Sutter,101,95872,9089,9069,82,9151,104
2021-03-25,Tehama,103,63373,4766,4719,510,5229,52
2021-03-25,Trinity,105,12862,476,310,84,394,3
2021-03-25,Tulare,107,460477,49203,48148,8584,56732,811
2021-03-25,Tuolumne,109,53932,3901,3962,36,3998,57
2021-03-25,Ventura,111,848112,79747,79045,2878,81923,952
2021-03-25,Yolo,113,214977,13312,13287,241,13528,194
2021-03-25,Yuba,115,75493,5706,5647,100,5747,42
2021-03-24,Alameda,001,1643700,83494,82871,1795,84666,1199
2021-03-24,Alpine,003,1148,85,84,0,84,0
2021-03-24,Amador,005,37829,3555,3529,32,3561,45
2021-03-24,Butte,007,227075,11646,11252,1663,12915,187
2021-03-24,Calaveras,009,45235,1995,1975,11,1986,50
2021-03-24,Colusa,011,21464,1890,1886,273,2159,14
2021-03-24,Contra Costa,013,1133247,65512,64539,1132,65671,755
2021-03-24,Del Norte,015,27424,1162,1087,7,1094,6
2021-03-24,El Dorado,017,186661,9413,9319,620,9939,105
2021-03-24,Fresno,019,978130,99513,98437,8230,106667,1585
2021-03-24,Glenn,021,27897,2341,2297,525,2822,17
2021-03-24,Humboldt,023,135768,3440,3414,24,3438,34
2021-03-24,Imperial,025,180216,27558,27325,2593,29918,699
2021-03-24,Inyo,027,18085,1373,1368,11,1379,35
2021-03-24,Kern,029,883053,95267,93800,10292,104092,1198
2021-03-24,Kings,031,150075,22763,22456,1028,23484,237
2021-03-24,Lake,033,64148,3339,3307,8,3315,43
2021-03-24,Lassen,035,31185,5142,5130,101,5231,1
2021-03-24,Los Angeles,037,10098052,1186115,1177015,40113,1217128,22993
2021-03-24,Madera,039,155013,16077,15918,884,16802,210
2021-03-24,Marin,041,260295,13628,13526,195,13721,219
2021-03-24,Mariposa,043,17540,393,384,5,389,5
2021-03-24,Mendocino,045,87422,3746,3660,73,3733,45
2021-03-24,Merced,047,269075,29647,29525,987,30512,415
2021-03-24,Modoc,049,8938,354,341,119,460,3
2021-03-24,Mono,051,14174,1229,1243,17,1260,3
2021-03-24,Monterey,053,433212,42470,42201,1765,43966,335
2021-03-24,Napa,055,140530,9362,9310,34,9344,78
2021-03-24,Nevada,057,99092,4276,4191,177,4368,85
2021-03-24,Orange,059,3164182,250735,248775,10723,259498,4638
2021-03-24,Placer,061,380077,21447,20606,1222,21828,250
2021-03-24,Plumas,063,18699,666,652,10,662,4
2021-03-24,Riverside,065,2383286,289121,282410,13685,296095,4058
2021-03-24,Sacramento,067,1510023,98320,96628,1388,98016,1500
2021-03-24,San Benito,069,59416,5852,5847,94,5941,61
2021-03-24,San Bernardino,071,2135413,288887,284983,8755,293738,4170
2021-03-24,San Diego,073,3302833,270048,268413,13406,281819,3509
2021-03-24,San Francisco,075,870044,35165,35103,1193,36296,462
2021-03-24,San Joaquin,077,732212,69390,67978,3091,71069,1196
2021-03-24,San Luis Obispo,079,281455,20417,20021,621,20642,250
2021-03-24,San Mateo,081,765935,40626,40083,432,40515,348
2021-03-24,Santa Barbara,083,443738,33248,32810,1093,33903,438
2021-03-24,Santa Clara,085,1922200,113710,113757,648,114405,1851
2021-03-24,Santa Cruz,087,273765,15778,15138,800,15938,202
2021-03-24,Shasta,089,179085,11243,11243,1331,12574,181
2021-03-24,Sierra,091,2930,55,50,12,62,0
2021-03-24,Siskiyou,093,43540,1565,1490,260,1750,6
2021-03-24,Solano,095,438530,30710,30552,407,30959,178
2021-03-24,Sonoma,097,501317,28969,29034,258,29292,310
2021-03-24,Stanislaus,099,539301,52783,52259,5571,57830,677
2021-03-24,Sutter,101,95872,9073,9049,82,9131,104
2021-03-24,Tehama,103,63373,4760,4719,509,5228,49
2021-03-24,Trinity,105,12862,475,310,84,394,3
2021-03-24,Tulare,107,460477,49192,48109,8571,56680,808
2021-03-24,Tuolumne,109,53932,3900,3961,36,3997,57
2021-03-24,Ventura,111,848112,79695,78993,2871,81864,944
2021-03-24,Yolo,113,214977,13300,13269,241,13510,194
2021-03-24,Yuba,115,75493,5700,5634,97,5731,42
2021-03-23,Alameda,001,1643700,83392,82799,1791,84590,1190
2021-03-23,Alpine,003,1148,85,84,0,84,0
2021-03-23,Amador,005,37829,3549,3524,32,3556,45
2021-03-23,Butte,007,227075,11634,11227,1662,12889,187
2021-03-23,Calaveras,009,45235,1993,1971,11,1982,50
2021-03-23,Colusa,011,21464,1888,1885,272,2157,14
2021-03-23,Contra Costa,013,1133247,65413,64491,1131,65622,750
2021-03-23,Del Norte,015,27424,1157,1082,7,1089,6
2021-03-23,El Dorado,017,186661,9403,9318,618,9936,105
2021-03-23,Fresno,019,978130,99400,98362,8204,106566,1575
2021-03-23,Glenn,021,27897,2336,2293,523,2816,17
2021-03-23,Humboldt,023,135768,3431,3405,24,3429,34
2021-03-23,Imperial,025,180216,27550,27320,2593,29913,699
2021-03-23,Inyo,027,18085,1371,1364,11,1375,35
2021-03-23,Kern,029,883053,95160,93728,10285,104013,1191
2021-03-23,Kings,031,150075,22752,22439,1026,23465,237
2021-03-23,Lake,033,64148,3337,3294,8,3302,43
2021-03-23,Lassen,035,31185,5142,5130,101,5231,1
2021-03-23,Los Angeles,037,10098052,1185595,1176572,40075,1216647,22904
2021-03-23,Madera,039,155013,16061,15908,883,16791,210
2021-03-23,Marin,041,260295,13605,13514,193,13707,221
2021-03-23,Mariposa,043,17540,392,384,5,389,5
2021-03-23,Mendocino,045,87422,3744,3652,73,3725,45
2021-03-23,Merced,047,269075,29614,29485,987,30472,415
2021-03-23,Modoc,049,8938,353,342,119,461,3
2021-03-23,Mono,051,14174,1228,1263,17,1280,3
2021-03-23,Monterey,053,433212,42459,42180,1763,43943,335
2021-03-23,Napa,055,140530,9337,9299,34,9333,78
2021-03-23,Nevada,057,99092,4257,4179,176,4355,89
2021-03-23,Orange,059,3164182,250609,248661,10705,259366,4626
2021-03-23,Placer,061,380077,21412,20567,1218,21785,248
2021-03-23,Plumas,063,18699,666,652,10,662,4
2021-03-23,Riverside,065,2383286,289021,282317,13678,295995,4035
2021-03-23,Sacramento,067,1510023,98128,96521,1382,97903,1496
2021-03-23,San Benito,069,59416,5847,5845,93,5938,61
2021-03-23,San Bernardino,071,2135413,288803,284875,8747,293622,4134
2021-03-23,San Diego,073,3302833,269803,268156,13374,281530,3498
2021-03-23,San Francisco,075,870044,35107,35071,1187,36258,462
2021-03-23,San Joaquin,077,732212,69294,67903,3073,70976,1182
2021-03-23,San Luis Obispo,079,281455,20376,20009,620,20629,250
2021-03-23,San Mateo,081,765935,40570,40032,431,40463,348
2021-03-23,Santa Barbara,083,443738,33210,32771,1092,33863,438
2021-03-23,Santa Clara,085,1922200,113594,113645,645,114290,1848
2021-03-23,Santa Cruz,087,273765,15763,15106,800,15906,201
2021-03-23,Shasta,089,179085,11230,11234,1330,12564,175
2021-03-23,Sierra,091,2930,55,50,12,62,0
2021-03-23,Siskiyou,093,43540,1560,1485,258,1743,6
2021-03-23,Solano,095,438530,30669,30524,406,30930,178
2021-03-23,Sonoma,097,501317,28932,29020,257,29277,310
2021-03-23,Stanislaus,099,539301,52684,52148,5563,57711,677
2021-03-23,Sutter,101,95872,9065,9039,82,9121,104
2021-03-23,Tehama,103,63373,4751,4707,508,5215,46
2021-03-23,Trinity,105,12862,475,310,84,394,3
2021-03-23,Tulare,107,460477,49165,48095,8555,56650,808
2021-03-23,Tuolumne,109,53932,3897,3957,36,3993,57
2021-03-23,Ventura,111,848112,79634,78930,2868,81798,932
2021-03-23,Yolo,113,214977,13289,13255,241,13496,194
2021-03-23,Yuba,115,75493,5695,5628,97,5725,42
2021-03-22,Alameda,001,1643700,83299,82748,1785,84533,1189
2021-03-22,Alpine,003,1148,84,83,0,83,0
2021-03-22,Amador,005,37829,3541,3522,32,3554,44
2021-03-22,Butte,007,227075,11625,11211,1660,12871,185
2021-03-22,Calaveras,009,45235,1989,1963,11,1974,49
2021-03-22,Colusa,011,21464,1886,1885,272,2157,13
2021-03-22,Contra Costa,013,1133247,65318,64432,1129,65561,740
2021-03-22,Del Norte,015,27424,1151,1082,7,1089,6
2021-03-22,El Dorado,017,186661,9387,9310,615,9925,105
2021-03-22,Fresno,019,978130,99302,98276,8191,106467,1556
2021-03-22,Glenn,021,27897,2328,2291,523,2814,17
2021-03-22,Humboldt,023,135768,3426,3403,24,3427,34
2021-03-22,Imperial,025,180216,27535,27302,2589,29891,699
2021-03-22,Inyo,027,18085,1368,1363,11,1374,35
2021-03-22,Kern,029,883053,95089,93675,10268,103943,1178
2021-03-22,Kings,031,150075,22739,22433,1021,23454,236
2021-03-22,Lake,033,64148,3336,3290,8,3298,43
2021-03-22,Lassen,035,31185,5140,5129,101,5230,1
2021-03-22,Los Angeles,037,10098052,1185082,1176205,40043,1216248,22843
2021-03-22,Madera,039,155013,16046,15904,883,16787,210
2021-03-22,Marin,041,260295,13596,13501,192,13693,221
2021-03-22,Mariposa,043,17540,391,381,5,386,5
2021-03-22,Mendocino,045,87422,3742,3653,73,3726,45
2021-03-22,Merced,047,269075,29571,29468,984,30452,413
2021-03-22,Modoc,049,8938,351,342,119,461,3
2021-03-22,Mono,051,14174,1223,1263,17,1280,3
2021-03-22,Monterey,053,433212,42443,42161,1761,43922,335
2021-03-22,Napa,055,140530,9326,9288,34,9322,77
2021-03-22,Nevada,057,99092,4246,4174,172,4346,89
2021-03-22,Orange,059,3164182,250458,248517,10671,259188,4599
2021-03-22,Placer,061,380077,21377,20543,1213,21756,242
2021-03-22,Plumas,063,18699,666,652,10,662,4
2021-03-22,Riverside,065,2383286,288921,282242,13667,295909,4009
2021-03-22,Sacramento,067,1510023,97950,96385,1373,97758,1493
2021-03-22,San Benito,069,59416,5844,5844,92,5936,61
2021-03-22,San Bernardino,071,2135413,288715,284771,8735,293506,4107
2021-03-22,San Diego,073,3302833,269591,267913,13354,281267,3494
2021-03-22,San Francisco,075,870044,35065,35040,1183,36223,462
2021-03-22,San Joaquin,077,732212,69202,67815,3055,70870,1182
2021-03-22,San Luis Obispo,079,281455,20352,20000,619,20619,250
2021-03-22,San Mateo,081,765935,40519,40024,430,40454,348
2021-03-22,Santa Barbara,083,443738,33166,32756,1090,33846,437
2021-03-22,Santa Clara,085,1922200,113474,113575,645,114220,1845
2021-03-22,Santa Cruz,087,273765,15751,15077,799,15876,201
2021-03-22,Shasta,089,179085,11216,11218,1329,12547,150
2021-03-22,Sierra,091,2930,55,50,12,62,0
2021-03-22,Siskiyou,093,43540,1559,1487,257,1744,5
2021-03-22,Solano,095,438530,30629,30490,402,30892,171
2021-03-22,Sonoma,097,501317,28903,29010,253,29263,310
2021-03-22,Stanislaus,099,539301,52600,52083,5558,57641,677
2021-03-22,Sutter,101,95872,9052,9024,82,9106,104
2021-03-22,Tehama,103,63373,4743,4704,508,5212,45
2021-03-22,Trinity,105,12862,475,310,84,394,3
2021-03-22,Tulare,107,460477,49150,48074,8535,56609,807
2021-03-22,Tuolumne,109,53932,3894,3954,36,3990,57
2021-03-22,Ventura,111,848112,79588,78890,2865,81755,927
2021-03-22,Yolo,113,214977,13277,13243,240,13483,190
2021-03-22,Yuba,115,75493,5684,5627,95,5722,42
2021-03-21,Alameda,001,1643700,83208,82684,1782,84466,1187
2021-03-21,Alpine,003,1148,84,83,0,83,0
2021-03-21,Amador,005,37829,3537,3519,32,3551,44
2021-03-21,Butte,007,227075,11609,11208,1655,12863,185
2021-03-21,Calaveras,009,45235,1983,1962,11,1973,49
2021-03-21,Colusa,011,21464,1886,1885,272,2157,13
2021-03-21,Contra Costa,013,1133247,65236,64382,1125,65507,740
2021-03-21,Del Norte,015,27424,1136,1076,7,1083,6
2021-03-21,El Dorado,017,186661,9377,9302,610,9912,105
2021-03-21,Fresno,019,978130,99188,98211,8167,106378,1556
2021-03-21,Glenn,021,27897,2325,2288,522,2810,17
2021-03-21,Humboldt,023,135768,3421,3402,24,3426,34
2021-03-21,Imperial,025,180216,27518,27267,2584,29851,699
2021-03-21,Inyo,027,18085,1368,1363,11,1374,35
2021-03-21,Kern,029,883053,95023,93649,10259,103908,1170
2021-03-21,Kings,031,150075,22722,22422,1021,23443,236
2021-03-21,Lake,033,64148,3332,3286,8,3294,43
2021-03-21,Lassen,035,31185,5140,5129,101,5230,1
2021-03-21,Los Angeles,037,10098052,1184548,1175684,39996,1215680,22834
2021-03-21,Madera,039,155013,16026,15895,881,16776,210
2021-03-21,Marin,041,260295,13580,13495,191,13686,220
2021-03-21,Mariposa,043,17540,391,381,5,386,5
2021-03-21,Mendocino,045,87422,3739,3651,73,3724,45
2021-03-21,Merced,047,269075,29511,29446,978,30424,413
2021-03-21,Modoc,049,8938,351,341,119,460,3
2021-03-21,Mono,051,14174,1218,1263,17,1280,3
2021-03-21,Monterey,053,433212,42418,42153,1758,43911,335
2021-03-21,Napa,055,140530,9306,9282,34,9316,77
2021-03-21,Nevada,057,99092,4233,4169,172,4341,89
2021-03-21,Orange,059,3164182,250325,248442,10645,259087,4598
2021-03-21,Placer,061,380077,21341,20520,1205,21725,242
2021-03-21,Plumas,063,18699,666,653,10,663,4
2021-03-21,Riverside,065,2383286,288814,282187,13656,295843,4009
2021-03-21,Sacramento,067,1510023,97756,96269,1366,97635,1489
2021-03-21,San Benito,069,59416,5838,5842,92,5934,61
2021-03-21,San Bernardino,071,2135413,288625,284732,8729,293461,4094
2021-03-21,San Diego,073,3302833,269331,267724,13328,281052,3494
2021-03-21,San Francisco,075,870044,35018,35012,1176,36188,460
2021-03-21,San Joaquin,077,732212,69080,67729,3037,70766,1182
2021-03-21,San Luis Obispo,079,281455,20320,19979,617,20596,250
2021-03-21,San Mateo,081,765935,40474,39988,429,40417,344
2021-03-21,Santa Barbara,083,443738,33127,32743,1089,33832,437
2021-03-21,Santa Clara,085,1922200,113345,113487,642,114129,1840
2021-03-21,Santa Cruz,087,273765,15744,15064,799,15863,199
2021-03-21,Shasta,089,179085,11196,11215,1328,12543,150
2021-03-21,Sierra,091,2930,55,50,12,62,0
2021-03-21,Siskiyou,093,43540,1559,1486,256,1742,5
2021-03-21,Solano,095,438530,30589,30474,399,30873,171
2021-03-21,Sonoma,097,501317,28874,28986,252,29238,310
2021-03-21,Stanislaus,099,539301,52510,52014,5556,57570,677
2021-03-21,Sutter,101,95872,9039,9021,82,9103,104
2021-03-21,Tehama,103,63373,4739,4701,508,5209,45
2021-03-21,Trinity,105,12862,473,310,84,394,3
2021-03-21,Tulare,107,460477,49134,48060,8523,56583,807
2021-03-21,Tuolumne,109,53932,3892,3953,36,3989,57
2021-03-21,Ventura,111,848112,79525,78863,2860,81723,927
2021-03-21,Yolo,113,214977,13255,13235,240,13475,190
2021-03-21,Yuba,115,75493,5674,5624,95,5719,42
2021-03-20,Alameda,001,1643700,83140,82614,1780,84394,1178
2021-03-20,Alpine,003,1148,84,83,0,83,0
2021-03-20,Amador,005,37829,3535,3518,32,3550,44
2021-03-20,Butte,007,227075,11603,11199,1653,12852,185
2021-03-20,Calaveras,009,45235,1979,1961,11,1972,49
2021-03-20,Colusa,011,21464,1886,1883,272,2155,12
2021-03-20,Contra Costa,013,1133247,65176,64313,1125,65438,713
2021-03-20,Del Norte,015,27424,1135,1075,7,1082,6
2021-03-20,El Dorado,017,186661,9371,9290,610,9900,105
2021-03-20,Fresno,019,978130,99128,98112,8160,106272,1532
2021-03-20,Glenn,021,27897,2324,2288,520,2808,17
2021-03-20,Humboldt,023,135768,3414,3399,24,3423,33
2021-03-20,Imperial,025,180216,27512,27239,2582,29821,695
2021-03-20,Inyo,027,18085,1368,1362,11,1373,35
2021-03-20,Kern,029,883053,94994,93606,10255,103861,1155
2021-03-20,Kings,031,150075,22717,22415,1020,23435,236
2021-03-20,Lake,033,64148,3328,3280,8,3288,43
2021-03-20,Lassen,035,31185,5140,5128,101,5229,1
2021-03-20,Los Angeles,037,10098052,1184246,1175290,39972,1215262,22810
2021-03-20,Madera,039,155013,16018,15891,880,16771,210
2021-03-20,Marin,041,260295,13568,13470,187,13657,220
2021-03-20,Mariposa,043,17540,390,381,5,386,5
2021-03-20,Mendocino,045,87422,3738,3639,73,3712,43
2021-03-20,Merced,047,269075,29480,29411,975,30386,412
2021-03-20,Modoc,049,8938,350,341,119,460,3
2021-03-20,Mono,051,14174,1218,1256,17,1273,3
2021-03-20,Monterey,053,433212,42409,42146,1757,43903,334
2021-03-20,Napa,055,140530,9298,9274,34,9308,77
2021-03-20,Nevada,057,99092,4222,4164,171,4335,89
2021-03-20,Orange,059,3164182,250244,248348,10633,258981,4522
2021-03-20,Placer,061,380077,21318,20505,1203,21708,242
2021-03-20,Plumas,063,18699,663,652,10,662,4
2021-03-20,Riverside,065,2383286,288739,282081,13652,295733,4000
2021-03-20,Sacramento,067,1510023,97645,96126,1363,97489,1488
2021-03-20,San Benito,069,59416,5834,5840,92,5932,61
2021-03-20,San Bernardino,071,2135413,288560,284690,8725,293415,3965
2021-03-20,San Diego,073,3302833,269160,267532,13321,280853,3493
2021-03-20,San Francisco,075,870044,34995,34968,1169,36137,453
2021-03-20,San Joaquin,077,732212,69039,67662,3030,70692,1161
2021-03-20,San Luis Obispo,079,281455,20304,19951,611,20562,250
2021-03-20,San Mateo,081,765935,40440,39958,428,40386,344
2021-03-20,Santa Barbara,083,443738,33102,32723,1088,33811,434
2021-03-20,Santa Clara,085,1922200,113253,113384,641,114025,1799
2021-03-20,Santa Cruz,087,273765,15728,15053,799,15852,199
2021-03-20,Shasta,089,179085,11190,11211,1328,12539,147
2021-03-20,Sierra,091,2930,55,50,12,62,0
2021-03-20,Siskiyou,093,43540,1559,1483,256,1739,5
2021-03-20,Solano,095,438530,30559,30439,399,30838,170
2021-03-20,Sonoma,097,501317,28859,28962,252,29214,309
2021-03-20,Stanislaus,099,539301,52454,51925,5549,57474,673
2021-03-20,Sutter,101,95872,9031,9014,82,9096,103
2021-03-20,Tehama,103,63373,4734,4696,506,5202,33
2021-03-20,Trinity,105,12862,472,310,84,394,3
2021-03-20,Tulare,107,460477,49119,48030,8506,56536,804
2021-03-20,Tuolumne,109,53932,3889,3950,36,3986,57
2021-03-20,Ventura,111,848112,79490,78818,2858,81676,922
2021-03-20,Yolo,113,214977,13251,13226,240,13466,190
2021-03-20,Yuba,115,75493,5671,5621,94,5715,42
2021-03-19,Alameda,001,1643700,83068,82499,1779,84278,1187
2021-03-19,Alpine,003,1148,83,82,0,82,0
2021-03-19,Amador,005,37829,3532,3515,32,3547,44
2021-03-19,Butte,007,227075,11595,11191,1650,12841,185
2021-03-19,Calaveras,009,45235,1978,1957,11,1968,49
2021-03-19,Colusa,011,21464,1885,1883,272,2155,12
2021-03-19,Contra Costa,013,1133247,65117,64195,1122,65317,737
2021-03-19,Del Norte,015,27424,1129,1071,5,1076,6
2021-03-19,El Dorado,017,186661,9362,9274,610,9884,105
2021-03-19,Fresno,019,978130,99044,97969,8146,106115,1527
2021-03-19,Glenn,021,27897,2324,2282,520,2802,17
2021-03-19,Humboldt,023,135768,3405,3388,24,3412,33
2021-03-19,Imperial,025,180216,27500,27218,2578,29796,695
2021-03-19,Inyo,027,18085,1366,1356,11,1367,35
2021-03-19,Kern,029,883053,94961,93534,10242,103776,1152
2021-03-19,Kings,031,150075,22708,22369,1017,23386,235
2021-03-19,Lake,033,64148,3322,3262,8,3270,43
2021-03-19,Lassen,035,31185,5140,5126,101,5227,1
2021-03-19,Los Angeles,037,10098052,1183911,1174818,39955,1214773,22752
2021-03-19,Madera,039,155013,16011,15877,879,16756,210
2021-03-19,Marin,041,260295,13556,13441,187,13628,220
2021-03-19,Mariposa,043,17540,389,380,5,385,5
2021-03-19,Mendocino,045,87422,3737,3639,73,3712,45
2021-03-19,Merced,047,269075,29453,29376,972,30348,412
2021-03-19,Modoc,049,8938,350,341,119,460,3
2021-03-19,Mono,051,14174,1216,1244,17,1261,3
2021-03-19,Monterey,053,433212,42400,42125,1755,43880,335
2021-03-19,Napa,055,140530,9286,9256,34,9290,77
2021-03-19,Nevada,057,99092,4211,4156,171,4327,88
2021-03-19,Orange,059,3164182,250144,248146,10623,258769,4501
2021-03-19,Placer,061,380077,21300,20451,1201,21652,242
2021-03-19,Plumas,063,18699,663,650,10,660,4
2021-03-19,Riverside,065,2383286,288656,281937,13647,295584,3989
2021-03-19,Sacramento,067,1510023,97542,95934,1360,97294,1486
2021-03-19,San Benito,069,59416,5834,5845,92,5937,61
2021-03-19,San Bernardino,071,2135413,288487,284501,8723,293224,4017
2021-03-19,San Diego,073,3302833,269025,267173,13311,280484,3491
2021-03-19,San Francisco,075,870044,34950,34936,1166,36102,461
2021-03-19,San Joaquin,077,732212,68969,67515,3016,70531,1180
2021-03-19,San Luis Obispo,079,281455,20284,19913,609,20522,249
2021-03-19,San Mateo,081,765935,40416,39893,428,40321,344
2021-03-19,Santa Barbara,083,443738,33072,32685,1087,33772,435
2021-03-19,Santa Clara,085,1922200,113178,113232,640,113872,1797
2021-03-19,Santa Cruz,087,273765,15721,15026,799,15825,199
2021-03-19,Shasta,089,179085,11183,11104,1326,12430,103
2021-03-19,Sierra,091,2930,54,49,12,61,0
2021-03-19,Siskiyou,093,43540,1559,1480,255,1735,5
2021-03-19,Solano,095,438530,30529,30395,397,30792,172
2021-03-19,Sonoma,097,501317,28838,28932,250,29182,292
2021-03-19,Stanislaus,099,539301,52396,51755,5546,57301,679
2021-03-19,Sutter,101,95872,9029,9005,82,9087,103
2021-03-19,Tehama,103,63373,4727,4685,506,5191,33
2021-03-19,Trinity,105,12862,472,310,84,394,3
2021-03-19,Tulare,107,460477,49096,47989,8483,56472,805
2021-03-19,Tuolumne,109,53932,3886,3946,36,3982,57
2021-03-19,Ventura,111,848112,79457,78753,2854,81607,920
2021-03-19,Yolo,113,214977,13243,13197,240,13437,189
2021-03-19,Yuba,115,75493,5668,5615,93,5708,42
2021-03-18,Alameda,001,1643700,82988,82419,1776,84195,1189
2021-03-18,Alpine,003,1148,83,82,0,82,0
2021-03-18,Amador,005,37829,3528,3513,32,3545,44
2021-03-18,Butte,007,227075,11584,11179,1648,12827,185
2021-03-18,Calaveras,009,45235,1976,1954,11,1965,49
2021-03-18,Colusa,011,21464,1885,1882,272,2154,12
2021-03-18,Contra Costa,013,1133247,65044,64103,1119,65222,739
2021-03-18,Del Norte,015,27424,1120,1059,5,1064,6
2021-03-18,El Dorado,017,186661,9349,9261,609,9870,105
2021-03-18,Fresno,019,978130,98947,97856,8131,105987,1527
2021-03-18,Glenn,021,27897,2320,2275,519,2794,17
2021-03-18,Humboldt,023,135768,3397,3381,24,3405,34
2021-03-18,Imperial,025,180216,27485,27190,2573,29763,695
2021-03-18,Inyo,027,18085,1363,1354,11,1365,35
2021-03-18,Kern,029,883053,94904,93458,10228,103686,1158
2021-03-18,Kings,031,150075,22701,22354,1016,23370,235
2021-03-18,Lake,033,64148,3319,3260,8,3268,43
2021-03-18,Lassen,035,31185,5139,5126,101,5227,1
2021-03-18,Los Angeles,037,10098052,1183478,1174205,39926,1214131,22689
2021-03-18,Madera,039,155013,15999,15860,876,16736,211
2021-03-18,Marin,041,260295,13538,13435,186,13621,219
2021-03-18,Mariposa,043,17540,387,380,5,385,5
2021-03-18,Mendocino,045,87422,3727,3630,73,3703,45
2021-03-18,Merced,047,269075,29418,29317,972,30289,410
2021-03-18,Modoc,049,8938,350,341,119,460,3
2021-03-18,Mono,051,14174,1212,1215,16,1231,3
2021-03-18,Monterey,053,433212,42388,42105,1755,43860,335
2021-03-18,Napa,055,140530,9277,9243,34,9277,77
2021-03-18,Nevada,057,99092,4204,4154,171,4325,74
2021-03-18,Orange,059,3164182,250041,248050,10610,258660,4514
2021-03-18,Placer,061,380077,21268,20421,1198,21619,243
2021-03-18,Plumas,063,18699,661,648,10,658,4
2021-03-18,Riverside,065,2383286,288575,281789,13640,295429,3957
2021-03-18,Sacramento,067,1510023,97394,95819,1356,97175,1481
2021-03-18,San Benito,069,59416,5832,5842,92,5934,61
2021-03-18,San Bernardino,071,2135413,288406,284294,8693,292987,4076
2021-03-18,San Diego,073,3302833,268872,266752,13301,280053,3478
2021-03-18,San Francisco,075,870044,34911,34904,1165,36069,461
2021-03-18,San Joaquin,077,732212,68869,67301,3004,70305,1169
2021-03-18,San Luis Obispo,079,281455,20255,19894,608,20502,249
2021-03-18,San Mateo,081,765935,40375,39874,428,40302,344
2021-03-18,Santa Barbara,083,443738,33031,32640,1087,33727,434
2021-03-18,Santa Clara,085,1922200,113061,113119,636,113755,1808
2021-03-18,Santa Cruz,087,273765,15711,14998,799,15797,198
2021-03-18,Shasta,089,179085,11169,11059,1324,12383,100
2021-03-18,Sierra,091,2930,54,49,12,61,0
2021-03-18,Siskiyou,093,43540,1556,1480,254,1734,5
2021-03-18,Solano,095,438530,30487,30352,394,30746,172
2021-03-18,Sonoma,097,501317,28817,28915,248,29163,292
2021-03-18,Stanislaus,099,539301,52325,51615,5542,57157,682
2021-03-18,Sutter,101,95872,9017,8999,82,9081,103
2021-03-18,Tehama,103,63373,4721,4683,505,5188,35
2021-03-18,Trinity,105,12862,472,310,84,394,3
2021-03-18,Tulare,107,460477,49077,47964,8468,56432,805
2021-03-18,Tuolumne,109,53932,3885,3942,36,3978,57
2021-03-18,Ventura,111,848112,79397,78697,2854,81551,918
2021-03-18,Yolo,113,214977,13230,13183,240,13423,191
2021-03-18,Yuba,115,75493,5664,5612,93,5705,42
2021-03-17,Alameda,001,1643700,82912,82353,1771,84124,1185
2021-03-17,Alpine,003,1148,83,82,0,82,0
2021-03-17,Amador,005,37829,3526,3511,32,3543,44
2021-03-17,Butte,007,227075,11575,11170,1646,12816,185
2021-03-17,Calaveras,009,45235,1973,1946,11,1957,49
2021-03-17,Colusa,011,21464,1884,1882,272,2154,12
2021-03-17,Contra Costa,013,1133247,64975,64026,1118,65144,737
2021-03-17,Del Norte,015,27424,1116,1053,5,1058,6
2021-03-17,El Dorado,017,186661,9339,9252,609,9861,105
2021-03-17,Fresno,019,978130,98836,97727,8113,105840,1507
2021-03-17,Glenn,021,27897,2313,2269,518,2787,17
2021-03-17,Humboldt,023,135768,3389,3365,24,3389,33
2021-03-17,Imperial,025,180216,27468,27168,2570,29738,691
2021-03-17,Inyo,027,18085,1361,1351,11,1362,35
2021-03-17,Kern,029,883053,94848,93392,10215,103607,1149
2021-03-17,Kings,031,150075,22685,22336,1015,23351,233
2021-03-17,Lake,033,64148,3312,3251,8,3259,43
2021-03-17,Lassen,035,31185,5138,5125,101,5226,1
2021-03-17,Los Angeles,037,10098052,1183025,1173416,39893,1213309,22602
2021-03-17,Madera,039,155013,15992,15835,876,16711,214
2021-03-17,Marin,041,260295,13521,13428,185,13613,218
2021-03-17,Mariposa,043,17540,387,379,5,384,5
2021-03-17,Mendocino,045,87422,3723,3625,73,3698,44
2021-03-17,Merced,047,269075,29390,29250,968,30218,408
2021-03-17,Modoc,049,8938,350,341,119,460,3
2021-03-17,Mono,051,14174,1210,1212,16,1228,3
2021-03-17,Monterey,053,433212,42370,42061,1752,43813,334
2021-03-17,Napa,055,140530,9262,9219,34,9253,76
2021-03-17,Nevada,057,99092,4194,4145,171,4316,74
2021-03-17,Orange,059,3164182,249922,247943,10582,258525,4502
2021-03-17,Placer,061,380077,21241,20369,1196,21565,243
2021-03-17,Plumas,063,18699,660,645,10,655,4
2021-03-17,Riverside,065,2383286,288459,281649,13632,295281,3925
2021-03-17,Sacramento,067,1510023,97266,95650,1351,97001,1477
2021-03-17,San Benito,069,59416,5829,5841,92,5933,61
2021-03-17,San Bernardino,071,2135413,288289,284170,8688,292858,4049
2021-03-17,San Diego,073,3302833,268661,266313,13283,279596,3470
2021-03-17,San Francisco,075,870044,34876,34873,1164,36037,457
2021-03-17,San Joaquin,077,732212,68784,67093,2988,70081,1164
2021-03-17,San Luis Obispo,079,281455,20232,19858,604,20462,249
2021-03-17,San Mateo,081,765935,40345,39838,427,40265,344
2021-03-17,Santa Barbara,083,443738,33009,32585,1086,33671,433
2021-03-17,Santa Clara,085,1922200,112968,112983,635,113618,1805
2021-03-17,Santa Cruz,087,273765,15703,14967,799,15766,199
2021-03-17,Shasta,089,179085,11164,11045,1321,12366,100
2021-03-17,Sierra,091,2930,54,49,12,61,0
2021-03-17,Siskiyou,093,43540,1555,1479,252,1731,5
2021-03-17,Solano,095,438530,30461,30320,392,30712,171
2021-03-17,Sonoma,097,501317,28793,28877,247,29124,292
2021-03-17,Stanislaus,099,539301,52250,51524,5535,57059,682
2021-03-17,Sutter,101,95872,9007,8982,82,9064,103
2021-03-17,Tehama,103,63373,4716,4670,505,5175,34
2021-03-17,Trinity,105,12862,472,308,84,392,3
2021-03-17,Tulare,107,460477,49057,47929,8458,56387,805
2021-03-17,Tuolumne,109,53932,3882,3938,36,3974,57
2021-03-17,Ventura,111,848112,79341,78648,2851,81499,916
2021-03-17,Yolo,113,214977,13213,13169,240,13409,190
2021-03-17,Yuba,115,75493,5661,5603,93,5696,42
2021-03-16,Alameda,001,1643700,82800,82259,1769,84028,1177
2021-03-16,Alpine,003,1148,83,82,0,82,0
2021-03-16,Amador,005,37829,3524,3510,32,3542,44
2021-03-16,Butte,007,227075,11563,11154,1645,12799,184
2021-03-16,Calaveras,009,45235,1968,1945,11,1956,49
2021-03-16,Colusa,011,21464,1883,1882,272,2154,12
2021-03-16,Contra Costa,013,1133247,64892,63951,1115,65066,736
2021-03-16,Del Norte,015,27424,1108,1048,5,1053,6
2021-03-16,El Dorado,017,186661,9324,9249,609,9858,105
2021-03-16,Fresno,019,978130,98698,97638,8092,105730,1498
2021-03-16,Glenn,021,27897,2305,2267,514,2781,17
2021-03-16,Humboldt,023,135768,3385,3351,24,3375,33
2021-03-16,Imperial,025,180216,27457,27143,2567,29710,689
2021-03-16,Inyo,027,18085,1360,1346,11,1357,35
2021-03-16,Kern,029,883053,94782,93340,10200,103540,1144
2021-03-16,Kings,031,150075,22649,22320,1014,23334,233
2021-03-16,Lake,033,64148,3304,3246,8,3254,43
2021-03-16,Lassen,035,31185,5137,5126,101,5227,1
2021-03-16,Los Angeles,037,10098052,1182492,1172676,39855,1212531,22527
2021-03-16,Madera,039,155013,15976,15822,874,16696,214
2021-03-16,Marin,041,260295,13503,13419,185,13604,218
2021-03-16,Mariposa,043,17540,384,379,5,384,5
2021-03-16,Mendocino,045,87422,3718,3623,73,3696,44
2021-03-16,Merced,047,269075,29337,29198,967,30165,407
2021-03-16,Modoc,049,8938,350,341,119,460,3
2021-03-16,Mono,051,14174,1209,1207,16,1223,3
2021-03-16,Monterey,053,433212,42351,42023,1752,43775,334
2021-03-16,Napa,055,140530,9252,9209,34,9243,75
2021-03-16,Nevada,057,99092,4185,4132,170,4302,67
2021-03-16,Orange,059,3164182,249783,247843,10563,258406,4479
2021-03-16,Placer,061,380077,21208,20339,1192,21531,240
2021-03-16,Plumas,063,18699,659,643,10,653,4
2021-03-16,Riverside,065,2383286,288345,281540,13619,295159,3893
2021-03-16,Sacramento,067,1510023,97123,95522,1347,96869,1466
2021-03-16,San Benito,069,59416,5824,5831,92,5923,61
2021-03-16,San Bernardino,071,2135413,288159,283980,8681,292661,4032
2021-03-16,San Diego,073,3302833,268429,265903,13270,279173,3462
2021-03-16,San Francisco,075,870044,34847,34833,1159,35992,456
2021-03-16,San Joaquin,077,732212,68682,66856,2975,69831,1163
2021-03-16,San Luis Obispo,079,281455,20202,19832,602,20434,248
2021-03-16,San Mateo,081,765935,40311,39806,425,40231,344
2021-03-16,Santa Barbara,083,443738,32977,32556,1085,33641,433
2021-03-16,Santa Clara,085,1922200,112850,112845,632,113477,1797
2021-03-16,Santa Cruz,087,273765,15697,14926,799,15725,199
2021-03-16,Shasta,089,179085,11148,11035,1318,12353,100
2021-03-16,Sierra,091,2930,53,49,12,61,0
2021-03-16,Siskiyou,093,43540,1552,1477,252,1729,5
2021-03-16,Solano,095,438530,30427,30298,390,30688,171
2021-03-16,Sonoma,097,501317,28760,28850,245,29095,291
2021-03-16,Stanislaus,099,539301,52170,51410,5528,56938,683
2021-03-16,Sutter,101,95872,8999,8970,82,9052,102
2021-03-16,Tehama,103,63373,4713,4660,504,5164,34
2021-03-16,Trinity,105,12862,472,308,83,391,3
2021-03-16,Tulare,107,460477,49009,47895,8450,56345,803
2021-03-16,Tuolumne,109,53932,3879,3938,36,3974,57
2021-03-16,Ventura,111,848112,79275,78671,2844,81515,916
2021-03-16,Yolo,113,214977,13198,13162,240,13402,190
2021-03-16,Yuba,115,75493,5658,5596,92,5688,42
2021-03-15,Alameda,001,1643700,82711,82159,1769,83928,1167
2021-03-15,Alpine,003,1148,83,82,0,82,0
2021-03-15,Amador,005,37829,3523,3506,32,3538,44
2021-03-15,Butte,007,227075,11550,11141,1641,12782,185
2021-03-15,Calaveras,009,45235,1967,1941,11,1952,49
2021-03-15,Colusa,011,21464,1883,1883,272,2155,12
2021-03-15,Contra Costa,013,1133247,64830,63847,1114,64961,732
2021-03-15,Del Norte,015,27424,1105,1048,5,1053,6
2021-03-15,El Dorado,017,186661,9318,9235,608,9843,103
2021-03-15,Fresno,019,978130,98571,97520,8077,105597,1496
2021-03-15,Glenn,021,27897,2300,2261,511,2772,15
2021-03-15,Humboldt,023,135768,3379,3337,24,3361,32
2021-03-15,Imperial,025,180216,27437,27122,2564,29686,684
2021-03-15,Inyo,027,18085,1360,1346,11,1357,35
2021-03-15,Kern,029,883053,94722,93266,10193,103459,1141
2021-03-15,Kings,031,150075,22632,22294,1008,23302,233
2021-03-15,Lake,033,64148,3292,3237,8,3245,43
2021-03-15,Lassen,035,31185,5137,5125,101,5226,1
2021-03-15,Los Angeles,037,10098052,1181923,1172445,39820,1212265,22477
2021-03-15,Madera,039,155013,15965,15806,872,16678,214
2021-03-15,Marin,041,260295,13497,13408,184,13592,218
2021-03-15,Mariposa,043,17540,384,376,5,381,5
2021-03-15,Mendocino,045,87422,3714,3615,73,3688,44
2021-03-15,Merced,047,269075,29299,29169,965,30134,407
2021-03-15,Modoc,049,8938,350,340,119,459,3
2021-03-15,Mono,051,14174,1208,1206,16,1222,3
2021-03-15,Monterey,053,433212,42323,42011,1749,43760,333
2021-03-15,Napa,055,140530,9241,9196,34,9230,75
2021-03-15,Nevada,057,99092,4180,4123,169,4292,66
2021-03-15,Orange,059,3164182,249670,247697,10542,258239,4481
2021-03-15,Placer,061,380077,21185,20308,1192,21500,238
2021-03-15,Plumas,063,18699,659,642,10,652,4
2021-03-15,Riverside,065,2383286,288193,281367,13609,294976,3856
2021-03-15,Sacramento,067,1510023,96970,95414,1341,96755,1463
2021-03-15,San Benito,069,59416,5821,5831,92,5923,61
2021-03-15,San Bernardino,071,2135413,288067,283815,8673,292488,4004
2021-03-15,San Diego,073,3302833,268180,265646,13254,278900,3452
2021-03-15,San Francisco,075,870044,34812,34820,1155,35975,456
2021-03-15,San Joaquin,077,732212,68578,66622,2962,69584,1140
2021-03-15,San Luis Obispo,079,281455,20171,19813,598,20411,247
2021-03-15,San Mateo,081,765935,40257,39765,425,40190,344
2021-03-15,Santa Barbara,083,443738,32954,32529,1082,33611,431
2021-03-15,Santa Clara,085,1922200,112749,112729,630,113359,1798
2021-03-15,Santa Cruz,087,273765,15691,14899,797,15696,200
2021-03-15,Shasta,089,179085,11132,11019,1313,12332,92
2021-03-15,Sierra,091,2930,53,49,12,61,0
2021-03-15,Siskiyou,093,43540,1552,1475,252,1727,5
2021-03-15,Solano,095,438530,30398,30258,389,30647,171
2021-03-15,Sonoma,097,501317,28742,28814,242,29056,285
2021-03-15,Stanislaus,099,539301,52092,51357,5521,56878,683
2021-03-15,Sutter,101,95872,8993,8962,82,9044,102
2021-03-15,Tehama,103,63373,4698,4650,503,5153,34
2021-03-15,Trinity,105,12862,472,308,83,391,3
2021-03-15,Tulare,107,460477,48979,47857,8435,56292,800
2021-03-15,Tuolumne,109,53932,3877,3937,35,3972,57
2021-03-15,Ventura,111,848112,79219,78626,2843,81469,910
2021-03-15,Yolo,113,214977,13179,13131,238,13369,190
2021-03-15,Yuba,115,75493,5653,5585,91,5676,42
2021-03-14,Alameda,001,1643700,82628,82116,1766,83882,1168
2021-03-14,Alpine,003,1148,83,82,0,82,0
2021-03-14,Amador,005,37829,3518,3504,32,3536,44
2021-03-14,Butte,007,227075,11537,11140,1637,12777,185
2021-03-14,Calaveras,009,45235,1963,1939,11,1950,49
2021-03-14,Colusa,011,21464,1883,1883,272,2155,12
2021-03-14,Contra Costa,013,1133247,64725,63808,1113,64921,731
2021-03-14,Del Norte,015,27424,1091,1048,5,1053,6
2021-03-14,El Dorado,017,186661,9308,9231,608,9839,103
2021-03-14,Fresno,019,978130,98463,97461,8059,105520,1496
2021-03-14,Glenn,021,27897,2295,2260,508,2768,15
2021-03-14,Humboldt,023,135768,3365,3335,24,3359,32
2021-03-14,Imperial,025,180216,27422,27122,2559,29681,685
2021-03-14,Inyo,027,18085,1356,1346,11,1357,35
2021-03-14,Kern,029,883053,94639,93252,10175,103427,1141
2021-03-14,Kings,031,150075,22613,22292,1006,23298,232
2021-03-14,Lake,033,64148,3287,3237,8,3245,43
2021-03-14,Lassen,035,31185,5135,5125,101,5226,1
2021-03-14,Los Angeles,037,10098052,1181354,1172100,39784,1211884,22476
2021-03-14,Madera,039,155013,15940,15804,872,16676,214
2021-03-14,Marin,041,260295,13481,13405,182,13587,218
2021-03-14,Mariposa,043,17540,382,376,5,381,5
2021-03-14,Mendocino,045,87422,3709,3613,73,3686,44
2021-03-14,Merced,047,269075,29231,29149,961,30110,407
2021-03-14,Modoc,049,8938,350,340,119,459,3
2021-03-14,Mono,051,14174,1202,1206,16,1222,3
2021-03-14,Monterey,053,433212,42299,42007,1745,43752,333
2021-03-14,Napa,055,140530,9223,9194,34,9228,75
2021-03-14,Nevada,057,99092,4174,4122,167,4289,66
2021-03-14,Orange,059,3164182,249536,247656,10522,258178,4460
2021-03-14,Placer,061,380077,21150,20288,1184,21472,238
2021-03-14,Plumas,063,18699,657,642,10,652,4
2021-03-14,Riverside,065,2383286,288035,281332,13601,294933,3845
2021-03-14,Sacramento,067,1510023,96792,95343,1336,96679,1462
2021-03-14,San Benito,069,59416,5812,5829,92,5921,61
2021-03-14,San Bernardino,071,2135413,287943,283791,8662,292453,3996
2021-03-14,San Diego,073,3302833,267945,265468,13241,278709,3452
2021-03-14,San Francisco,075,870044,34773,34810,1152,35962,455
2021-03-14,San Joaquin,077,732212,68450,66563,2945,69508,1140
2021-03-14,San Luis Obispo,079,281455,20142,19806,596,20402,247
2021-03-14,San Mateo,081,765935,40218,39744,425,40169,342
2021-03-14,Santa Barbara,083,443738,32910,32514,1080,33594,431
2021-03-14,Santa Clara,085,1922200,112621,112648,629,113277,1796
2021-03-14,Santa Cruz,087,273765,15674,14887,795,15682,200
2021-03-14,Shasta,089,179085,11116,11019,1306,12325,92
2021-03-14,Sierra,091,2930,53,49,12,61,0
2021-03-14,Siskiyou,093,43540,1549,1473,252,1725,5
2021-03-14,Solano,095,438530,30366,30230,384,30614,171
2021-03-14,Sonoma,097,501317,28707,28798,238,29036,284
2021-03-14,Stanislaus,099,539301,51972,51306,5513,56819,690
2021-03-14,Sutter,101,95872,8977,8958,82,9040,102
2021-03-14,Tehama,103,63373,4691,4650,502,5152,34
2021-03-14,Trinity,105,12862,471,308,82,390,3
2021-03-14,Tulare,107,460477,48946,47845,8414,56259,800
2021-03-14,Tuolumne,109,53932,3875,3937,35,3972,57
2021-03-14,Ventura,111,848112,79171,78611,2837,81448,910
2021-03-14,Yolo,113,214977,13156,13128,235,13363,189
2021-03-14,Yuba,115,75493,5643,5583,91,5674,42
2021-03-13,Alameda,001,1643700,82568,82010,1766,83776,1168
2021-03-13,Alpine,003,1148,83,82,0,82,0
2021-03-13,Amador,005,37829,3515,3504,32,3536,44
2021-03-13,Butte,007,227075,11528,11131,1636,12767,185
2021-03-13,Calaveras,009,45235,1962,1939,11,1950,49
2021-03-13,Colusa,011,21464,1883,1882,272,2154,12
2021-03-13,Contra Costa,013,1133247,64664,63689,1113,64802,731
2021-03-13,Del Norte,015,27424,1087,1041,5,1046,6
2021-03-13,El Dorado,017,186661,9300,9221,608,9829,103
2021-03-13,Fresno,019,978130,98404,97324,8039,105363,1495
2021-03-13,Glenn,021,27897,2294,2260,507,2767,15
2021-03-13,Humboldt,023,135768,3358,3325,24,3349,32
2021-03-13,Imperial,025,180216,27416,27099,2555,29654,677
2021-03-13,Inyo,027,18085,1355,1344,11,1355,35
2021-03-13,Kern,029,883053,94600,93197,10169,103366,1140
2021-03-13,Kings,031,150075,22597,22265,1005,23270,232
2021-03-13,Lake,033,64148,3280,3234,7,3241,43
2021-03-13,Lassen,035,31185,5135,5125,101,5226,1
2021-03-13,Los Angeles,037,10098052,1181038,1171505,39741,1211246,22451
2021-03-13,Madera,039,155013,15928,15780,872,16652,214
2021-03-13,Marin,041,260295,13475,13391,180,13571,218
2021-03-13,Mariposa,043,17540,381,376,5,381,5
2021-03-13,Mendocino,045,87422,3705,3611,73,3684,44
2021-03-13,Merced,047,269075,29200,29106,961,30067,406
2021-03-13,Modoc,049,8938,350,340,118,458,3
2021-03-13,Mono,051,14174,1202,1207,16,1223,3
2021-03-13,Monterey,053,433212,42289,41989,1743,43732,332
2021-03-13,Napa,055,140530,9217,9190,34,9224,75
2021-03-13,Nevada,057,99092,4167,4111,166,4277,66
2021-03-13,Orange,059,3164182,249455,247514,10506,258020,4423
2021-03-13,Placer,061,380077,21129,20238,1181,21419,239
2021-03-13,Plumas,063,18699,655,642,10,652,4
2021-03-13,Riverside,065,2383286,287943,281191,13593,294784,3848
2021-03-13,Sacramento,067,1510023,96706,95192,1334,96526,1461
2021-03-13,San Benito,069,59416,5809,5823,92,5915,61
2021-03-13,San Bernardino,071,2135413,287889,283727,8656,292383,3972
2021-03-13,San Diego,073,3302833,267790,265270,13227,278497,3444
2021-03-13,San Francisco,075,870044,34756,34784,1143,35927,455
2021-03-13,San Joaquin,077,732212,68394,66480,2923,69403,1141
2021-03-13,San Luis Obispo,079,281455,20124,19789,595,20384,247
2021-03-13,San Mateo,081,765935,40191,39689,424,40113,341
2021-03-13,Santa Barbara,083,443738,32885,32486,1079,33565,431
2021-03-13,Santa Clara,085,1922200,112536,112531,628,113159,1790
2021-03-13,Santa Cruz,087,273765,15667,14875,795,15670,199
2021-03-13,Shasta,089,179085,11108,11021,1303,12324,108
2021-03-13,Sierra,091,2930,52,49,12,61,0
2021-03-13,Siskiyou,093,43540,1547,1470,252,1722,5
2021-03-13,Solano,095,438530,30349,30198,384,30582,171
2021-03-13,Sonoma,097,501317,28687,28762,234,28996,285
2021-03-13,Stanislaus,099,539301,51921,51257,5508,56765,695
2021-03-13,Sutter,101,95872,8970,8948,82,9030,102
2021-03-13,Tehama,103,63373,4689,4647,502,5149,33
2021-03-13,Trinity,105,12862,471,306,82,388,3
2021-03-13,Tulare,107,460477,48920,47818,8406,56224,798
2021-03-13,Tuolumne,109,53932,3872,3937,35,3972,57
2021-03-13,Ventura,111,848112,79119,78693,2837,81530,906
2021-03-13,Yolo,113,214977,13147,13087,235,13322,189
2021-03-13,Yuba,115,75493,5642,5577,91,5668,42
2021-03-12,Alameda,001,1643700,82491,81898,1765,83663,1164
2021-03-12,Alpine,003,1148,83,82,0,82,0
2021-03-12,Amador,005,37829,3512,3503,32,3535,44
2021-03-12,Butte,007,227075,11518,11126,1634,12760,184
2021-03-12,Calaveras,009,45235,1962,1916,11,1927,49
2021-03-12,Colusa,011,21464,1883,1883,272,2155,12
2021-03-12,Contra Costa,013,1133247,64588,63583,1113,64696,728
2021-03-12,Del Norte,015,27424,1081,1033,5,1038,6
2021-03-12,El Dorado,017,186661,9291,9219,608,9827,103
2021-03-12,Fresno,019,978130,98307,97185,8028,105213,1489
2021-03-12,Glenn,021,27897,2293,2258,506,2764,15
2021-03-12,Humboldt,023,135768,3353,3315,24,3339,32
2021-03-12,Imperial,025,180216,27405,27071,2553,29624,677
2021-03-12,Inyo,027,18085,1353,1339,11,1350,35
2021-03-12,Kern,029,883053,94566,93142,10153,103295,1132
2021-03-12,Kings,031,150075,22578,22233,1005,23238,232
2021-03-12,Lake,033,64148,3274,3226,6,3232,43
2021-03-12,Lassen,035,31185,5135,5125,100,5225,1
2021-03-12,Los Angeles,037,10098052,1180639,1170860,39724,1210584,22409
2021-03-12,Madera,039,155013,15916,15761,869,16630,214
2021-03-12,Marin,041,260295,13468,13375,180,13555,218
2021-03-12,Mariposa,043,17540,379,376,5,381,5
2021-03-12,Mendocino,045,87422,3702,3605,73,3678,43
2021-03-12,Merced,047,269075,29169,29064,961,30025,403
2021-03-12,Modoc,049,8938,350,340,118,458,3
2021-03-12,Mono,051,14174,1201,1206,16,1222,3
2021-03-12,Monterey,053,433212,42275,41964,1738,43702,329
2021-03-12,Napa,055,140530,9208,9180,34,9214,75
2021-03-12,Nevada,057,99092,4157,4101,166,4267,66
2021-03-12,Orange,059,3164182,249362,247388,10495,257883,4401
2021-03-12,Placer,061,380077,21096,20210,1176,21386,239
2021-03-12,Plumas,063,18699,654,641,10,651,4
2021-03-12,Riverside,065,2383286,287844,281037,13585,294622,3854
2021-03-12,Sacramento,067,1510023,96582,95061,1327,96388,1460
2021-03-12,San Benito,069,59416,5806,5817,92,5909,61
2021-03-12,San Bernardino,071,2135413,287833,283558,8651,292209,3917
2021-03-12,San Diego,073,3302833,267627,264886,13219,278105,3434
2021-03-12,San Francisco,075,870044,34735,34758,1140,35898,452
2021-03-12,San Joaquin,077,732212,68323,66482,2914,69396,1144
2021-03-12,San Luis Obispo,079,281455,20111,19769,593,20362,247
2021-03-12,San Mateo,081,765935,40155,39638,422,40060,341
2021-03-12,Santa Barbara,083,443738,32862,32457,1076,33533,429
2021-03-12,Santa Clara,085,1922200,112441,112396,627,113023,1766
2021-03-12,Santa Cruz,087,273765,15655,14846,793,15639,195
2021-03-12,Shasta,089,179085,11099,11143,1301,12444,153
2021-03-12,Sierra,091,2930,52,49,12,61,0
2021-03-12,Siskiyou,093,43540,1547,1468,251,1719,5
2021-03-12,Solano,095,438530,30330,30180,383,30563,171
2021-03-12,Sonoma,097,501317,28660,28714,234,28948,285
2021-03-12,Stanislaus,099,539301,51863,51146,5501,56647,701
2021-03-12,Sutter,101,95872,8964,8940,82,9022,101
2021-03-12,Tehama,103,63373,4685,4638,501,5139,33
2021-03-12,Trinity,105,12862,470,306,81,387,3
2021-03-12,Tulare,107,460477,48895,47772,8400,56172,798
2021-03-12,Tuolumne,109,53932,3871,3936,35,3971,57
2021-03-12,Ventura,111,848112,79073,78698,2833,81531,899
2021-03-12,Yolo,113,214977,13137,13061,228,13289,189
2021-03-12,Yuba,115,75493,5635,5563,90,5653,42
2021-03-11,Alameda,001,1643700,82399,81809,1760,83569,1164
2021-03-11,Alpine,003,1148,83,78,0,78,0
2021-03-11,Amador,005,37829,3511,3498,32,3530,42
2021-03-11,Butte,007,227075,11507,11110,1632,12742,185
2021-03-11,Calaveras,009,45235,1959,1915,11,1926,49
2021-03-11,Colusa,011,21464,1883,1883,272,2155,12
2021-03-11,Contra Costa,013,1133247,64515,63469,1111,64580,728
2021-03-11,Del Norte,015,27424,1076,1027,5,1032,6
2021-03-11,El Dorado,017,186661,9277,9211,608,9819,101
2021-03-11,Fresno,019,978130,98191,97026,7999,105025,1481
2021-03-11,Glenn,021,27897,2290,2255,506,2761,15
2021-03-11,Humboldt,023,135768,3336,3302,24,3326,32
2021-03-11,Imperial,025,180216,27398,27045,2549,29594,675
2021-03-11,Inyo,027,18085,1348,1335,11,1346,35
2021-03-11,Kern,029,883053,94510,93052,10114,103166,1121
2021-03-11,Kings,031,150075,22563,22183,1002,23185,230
2021-03-11,Lake,033,64148,3270,3214,6,3220,42
2021-03-11,Lassen,035,31185,5134,5124,100,5224,1
2021-03-11,Los Angeles,037,10098052,1180107,1170111,39692,1209803,22316
2021-03-11,Madera,039,155013,15905,15725,867,16592,214
2021-03-11,Marin,041,260295,13456,13356,179,13535,217
2021-03-11,Mariposa,043,17540,379,376,5,381,5
2021-03-11,Mendocino,045,87422,3695,3604,73,3677,42
2021-03-11,Merced,047,269075,29121,29001,960,29961,401
2021-03-11,Modoc,049,8938,350,340,118,458,3
2021-03-11,Mono,051,14174,1200,1206,16,1222,3
2021-03-11,Monterey,053,433212,42252,41936,1732,43668,329
2021-03-11,Napa,055,140530,9195,9173,34,9207,75
2021-03-11,Nevada,057,99092,4145,4085,164,4249,66
2021-03-11,Orange,059,3164182,249224,247217,10477,257694,4373
2021-03-11,Placer,061,380077,21054,20178,1172,21350,239
2021-03-11,Plumas,063,18699,653,640,10,650,4
2021-03-11,Riverside,065,2383286,287674,280881,13572,294453,3842
2021-03-11,Sacramento,067,1510023,96441,94912,1324,96236,1455
2021-03-11,San Benito,069,59416,5803,5816,92,5908,61
2021-03-11,San Bernardino,071,2135413,287735,283312,8645,291957,3869
2021-03-11,San Diego,073,3302833,267463,264524,13203,277727,3422
2021-03-11,San Francisco,075,870044,34699,34722,1134,35856,452
2021-03-11,San Joaquin,077,732212,68211,66522,2906,69428,1157
2021-03-11,San Luis Obispo,079,281455,20086,19748,592,20340,247
2021-03-11,San Mateo,081,765935,40118,39590,421,40011,341
2021-03-11,Santa Barbara,083,443738,32834,32408,1071,33479,430
2021-03-11,Santa Clara,085,1922200,112312,112246,624,112870,1765
2021-03-11,Santa Cruz,087,273765,15643,14812,792,15604,193
2021-03-11,Shasta,089,179085,11089,11139,1296,12435,158
2021-03-11,Sierra,091,2930,52,48,12,60,0
2021-03-11,Siskiyou,093,43540,1544,1466,250,1716,5
2021-03-11,Solano,095,438530,30302,30138,382,30520,171
2021-03-11,Sonoma,097,501317,28631,28677,234,28911,285
2021-03-11,Stanislaus,099,539301,51778,51038,5493,56531,707
2021-03-11,Sutter,101,95872,8958,8933,82,9015,101
2021-03-11,Tehama,103,63373,4677,4632,501,5133,33
2021-03-11,Trinity,105,12862,469,304,80,384,3
2021-03-11,Tulare,107,460477,48858,47709,8389,56098,797
2021-03-11,Tuolumne,109,53932,3869,3934,35,3969,57
2021-03-11,Ventura,111,848112,79023,78697,2829,81526,889
2021-03-11,Yolo,113,214977,13119,13041,227,13268,190
2021-03-11,Yuba,115,75493,5631,5553,90,5643,42
2021-03-10,Alameda,001,1643700,82292,81701,1755,83456,1160
2021-03-10,Alpine,003,1148,82,78,0,78,0
2021-03-10,Amador,005,37829,3509,3496,32,3528,42
2021-03-10,Butte,007,227075,11497,11096,1632,12728,185
2021-03-10,Calaveras,009,45235,1953,1913,11,1924,48
2021-03-10,Colusa,011,21464,1883,1882,272,2154,12
2021-03-10,Contra Costa,013,1133247,64416,63372,1107,64479,725
2021-03-10,Del Norte,015,27424,1074,1020,5,1025,5
2021-03-10,El Dorado,017,186661,9264,9203,608,9811,100
2021-03-10,Fresno,019,978130,98084,96866,7983,104849,1471
2021-03-10,Glenn,021,27897,2287,2253,504,2757,15
2021-03-10,Humboldt,023,135768,3326,3296,23,3319,32
2021-03-10,Imperial,025,180216,27383,27051,2549,29600,675
2021-03-10,Inyo,027,18085,1348,1328,11,1339,35
2021-03-10,Kern,029,883053,94444,92965,10093,103058,1102
2021-03-10,Kings,031,150075,22544,22166,1000,23166,226
2021-03-10,Lake,033,64148,3260,3207,6,3213,42
2021-03-10,Lassen,035,31185,5134,5120,100,5220,1
2021-03-10,Los Angeles,037,10098052,1179560,1169079,39665,1208744,22199
2021-03-10,Madera,039,155013,15884,15705,864,16569,212
2021-03-10,Marin,041,260295,13446,13348,178,13526,216
2021-03-10,Mariposa,043,17540,379,376,5,381,5
2021-03-10,Mendocino,045,87422,3690,3602,73,3675,42
2021-03-10,Merced,047,269075,29083,28927,957,29884,401
2021-03-10,Modoc,049,8938,349,338,118,456,3
2021-03-10,Mono,051,14174,1196,1204,16,1220,3
2021-03-10,Monterey,053,433212,42230,41920,1728,43648,329
2021-03-10,Napa,055,140530,9186,9165,34,9199,75
2021-03-10,Nevada,057,99092,4141,4074,164,4238,66
2021-03-10,Orange,059,3164182,249076,247075,10462,257537,4342
2021-03-10,Placer,061,380077,21020,20144,1166,21310,239
2021-03-10,Plumas,063,18699,652,639,10,649,4
2021-03-10,Riverside,065,2383286,287533,280708,13558,294266,3822
2021-03-10,Sacramento,067,1510023,96311,94796,1318,96114,1452
2021-03-10,San Benito,069,59416,5794,5811,92,5903,61
2021-03-10,San Bernardino,071,2135413,287643,283140,8639,291779,3841
2021-03-10,San Diego,073,3302833,267241,264094,13191,277285,3413
2021-03-10,San Francisco,075,870044,34664,34688,1126,35814,450
2021-03-10,San Joaquin,077,732212,68109,66483,2889,69372,1156
2021-03-10,San Luis Obispo,079,281455,20062,19710,588,20298,247
2021-03-10,San Mateo,081,765935,40094,39571,421,39992,338
2021-03-10,Santa Barbara,083,443738,32807,32356,1068,33424,429
2021-03-10,Santa Clara,085,1922200,112203,112103,620,112723,1759
2021-03-10,Santa Cruz,087,273765,15628,14790,791,15581,192
2021-03-10,Shasta,089,179085,11079,11125,1293,12418,155
2021-03-10,Sierra,091,2930,52,48,12,60,0
2021-03-10,Siskiyou,093,43540,1542,1458,250,1708,5
2021-03-10,Solano,095,438530,30272,30111,381,30492,170
2021-03-10,Sonoma,097,501317,28596,28638,233,28871,286
2021-03-10,Stanislaus,099,539301,51691,50968,5474,56442,706
2021-03-10,Sutter,101,95872,8947,8918,82,9000,101
2021-03-10,Tehama,103,63373,4666,4623,500,5123,33
2021-03-10,Trinity,105,12862,469,304,80,384,3
2021-03-10,Tulare,107,460477,48810,47659,8371,56030,793
2021-03-10,Tuolumne,109,53932,3868,3931,35,3966,57
2021-03-10,Ventura,111,848112,78946,78609,2827,81436,878
2021-03-10,Yolo,113,214977,13095,13021,227,13248,189
2021-03-10,Yuba,115,75493,5618,5545,89,5634,42
2021-03-09,Alameda,001,1643700,82207,81618,1755,83373,1151
2021-03-09,Alpine,003,1148,82,78,0,78,0
2021-03-09,Amador,005,37829,3507,3494,32,3526,42
2021-03-09,Butte,007,227075,11484,11092,1631,12723,185
2021-03-09,Calaveras,009,45235,1951,1913,11,1924,48
2021-03-09,Colusa,011,21464,1883,1880,272,2152,11
2021-03-09,Contra Costa,013,1133247,64325,63314,1105,64419,723
2021-03-09,Del Norte,015,27424,1066,1017,5,1022,5
2021-03-09,El Dorado,017,186661,9256,9198,608,9806,98
2021-03-09,Fresno,019,978130,97965,96744,7956,104700,1463
2021-03-09,Glenn,021,27897,2283,2251,502,2753,15
2021-03-09,Humboldt,023,135768,3314,3288,22,3310,32
2021-03-09,Imperial,025,180216,27373,27045,2545,29590,675
2021-03-09,Inyo,027,18085,1346,1324,11,1335,35
2021-03-09,Kern,029,883053,94365,92924,10075,102999,1088
2021-03-09,Kings,031,150075,22519,22143,998,23141,226
2021-03-09,Lake,033,64148,3254,3202,6,3208,42
2021-03-09,Lassen,035,31185,5134,5120,100,5220,1
2021-03-09,Los Angeles,037,10098052,1178962,1167967,39631,1207598,22080
2021-03-09,Madera,039,155013,15873,15701,862,16563,211
2021-03-09,Marin,041,260295,13428,13335,176,13511,214
2021-03-09,Mariposa,043,17540,379,376,5,381,5
2021-03-09,Mendocino,045,87422,3686,3595,73,3668,42
2021-03-09,Merced,047,269075,29023,28876,954,29830,399
2021-03-09,Modoc,049,8938,349,338,117,455,3
2021-03-09,Mono,051,14174,1195,1203,16,1219,3
2021-03-09,Monterey,053,433212,42211,41894,1720,43614,329
2021-03-09,Napa,055,140530,9172,9155,34,9189,75
2021-03-09,Nevada,057,99092,4133,4062,164,4226,66
2021-03-09,Orange,059,3164182,248934,246989,10442,257431,4310
2021-03-09,Placer,061,380077,20978,20122,1161,21283,239
2021-03-09,Plumas,063,18699,649,639,10,649,4
2021-03-09,Riverside,065,2383286,287398,280562,13554,294116,3821
2021-03-09,Sacramento,067,1510023,96144,94720,1312,96032,1442
2021-03-09,San Benito,069,59416,5790,5800,92,5892,61
2021-03-09,San Bernardino,071,2135413,287529,282971,8633,291604,3823
2021-03-09,San Diego,073,3302833,267009,263745,13170,276915,3405
2021-03-09,San Francisco,075,870044,34633,34654,1122,35776,450
2021-03-09,San Joaquin,077,732212,67981,66383,2879,69262,1150
2021-03-09,San Luis Obispo,079,281455,20044,19672,581,20253,245
2021-03-09,San Mateo,081,765935,40047,39535,419,39954,336
2021-03-09,Santa Barbara,083,443738,32766,32314,1066,33380,428
2021-03-09,Santa Clara,085,1922200,112092,111963,615,112578,1756
2021-03-09,Santa Cruz,087,273765,15606,14764,790,15554,188
2021-03-09,Shasta,089,179085,11072,11113,1288,12401,155
2021-03-09,Sierra,091,2930,52,48,12,60,0
2021-03-09,Siskiyou,093,43540,1538,1447,248,1695,5
2021-03-09,Solano,095,438530,30236,30090,379,30469,169
2021-03-09,Sonoma,097,501317,28546,28601,230,28831,284
2021-03-09,Stanislaus,099,539301,51594,50884,5465,56349,703
2021-03-09,Sutter,101,95872,8934,8914,82,8996,101
2021-03-09,Tehama,103,63373,4661,4620,500,5120,33
2021-03-09,Trinity,105,12862,469,304,80,384,3
2021-03-09,Tulare,107,460477,48783,47637,8350,55987,792
2021-03-09,Tuolumne,109,53932,3866,3929,35,3964,56
2021-03-09,Ventura,111,848112,78883,78526,2825,81351,863
2021-03-09,Yolo,113,214977,13083,13015,226,13241,189
2021-03-09,Yuba,115,75493,5611,5539,89,5628,42
2021-03-08,Alameda,001,1643700,82096,81543,1754,83297,1142
2021-03-08,Alpine,003,1148,82,78,0,78,0
2021-03-08,Amador,005,37829,3504,3490,32,3522,42
2021-03-08,Butte,007,227075,11471,11082,1630,12712,185
2021-03-08,Calaveras,009,45235,1947,1909,11,1920,48
2021-03-08,Colusa,011,21464,1883,1877,272,2149,11
2021-03-08,Contra Costa,013,1133247,64229,63240,1105,64345,719
2021-03-08,Del Norte,015,27424,1061,1012,5,1017,5
2021-03-08,El Dorado,017,186661,9253,9188,607,9795,97
2021-03-08,Fresno,019,978130,97866,96665,7935,104600,1442
2021-03-08,Glenn,021,27897,2282,2249,502,2751,15
2021-03-08,Humboldt,023,135768,3300,3278,22,3300,31
2021-03-08,Imperial,025,180216,27365,27033,2542,29575,663
2021-03-08,Inyo,027,18085,1344,1320,11,1331,35
2021-03-08,Kern,029,883053,94298,92857,10055,102912,1087
2021-03-08,Kings,031,150075,22498,22130,996,23126,226
2021-03-08,Lake,033,64148,3242,3195,6,3201,42
2021-03-08,Lassen,035,31185,5134,5119,100,5219,1
2021-03-08,Los Angeles,037,10098052,1178344,1163409,39599,1203008,21868
2021-03-08,Madera,039,155013,15863,15691,860,16551,211
2021-03-08,Marin,041,260295,13408,13328,174,13502,214
2021-03-08,Mariposa,043,17540,379,376,5,381,5
2021-03-08,Mendocino,045,87422,3684,3590,72,3662,42
2021-03-08,Merced,047,269075,28963,28841,953,29794,398
2021-03-08,Modoc,049,8938,349,338,117,455,3
2021-03-08,Mono,051,14174,1194,1200,16,1216,3
2021-03-08,Monterey,053,433212,42190,41863,1719,43582,328
2021-03-08,Napa,055,140530,9169,9146,34,9180,75
2021-03-08,Nevada,057,99092,4125,4059,164,4223,66
2021-03-08,Orange,059,3164182,248760,246900,10410,257310,4243
2021-03-08,Placer,061,380077,20943,20102,1150,21252,239
2021-03-08,Plumas,063,18699,648,635,10,645,4
2021-03-08,Riverside,065,2383286,287246,280463,13544,294007,3783
2021-03-08,Sacramento,067,1510023,95974,94654,1307,95961,1438
2021-03-08,San Benito,069,59416,5787,5797,92,5889,61
2021-03-08,San Bernardino,071,2135413,287419,282894,8626,291520,3811
2021-03-08,San Diego,073,3302833,266768,263272,13155,276427,3390
2021-03-08,San Francisco,075,870044,34607,34634,1118,35752,446
2021-03-08,San Joaquin,077,732212,67864,66307,2870,69177,1139
2021-03-08,San Luis Obispo,079,281455,20001,19656,578,20234,245
2021-03-08,San Mateo,081,765935,39998,39492,417,39909,335
2021-03-08,Santa Barbara,083,443738,32734,32293,1066,33359,427
2021-03-08,Santa Clara,085,1922200,111964,111882,613,112495,1756
2021-03-08,Santa Cruz,087,273765,15586,14729,790,15519,188
2021-03-08,Shasta,089,179085,11064,11088,1283,12371,155
2021-03-08,Sierra,091,2930,52,48,12,60,0
2021-03-08,Siskiyou,093,43540,1537,1440,248,1688,5
2021-03-08,Solano,095,438530,30196,30068,377,30445,169
2021-03-08,Sonoma,097,501317,28502,28571,229,28800,284
2021-03-08,Stanislaus,099,539301,51515,50825,5459,56284,690
2021-03-08,Sutter,101,95872,8931,8905,82,8987,100
2021-03-08,Tehama,103,63373,4657,4615,500,5115,33
2021-03-08,Trinity,105,12862,468,302,80,382,3
2021-03-08,Tulare,107,460477,48742,47587,8325,55912,791
2021-03-08,Tuolumne,109,53932,3865,3921,35,3956,56
2021-03-08,Ventura,111,848112,78810,78526,2817,81343,852
2021-03-08,Yolo,113,214977,13060,13000,225,13225,189
2021-03-08,Yuba,115,75493,5601,5530,89,5619,42
2021-03-07,Alameda,001,1643700,81976,81413,1753,83166,1145
2021-03-07,Alpine,003,1148,82,78,0,78,0
2021-03-07,Amador,005,37829,3501,3489,32,3521,42
2021-03-07,Butte,007,227075,11455,11075,1629,12704,185
2021-03-07,Calaveras,009,45235,1943,1906,11,1917,48
2021-03-07,Colusa,011,21464,1883,1876,272,2148,11
2021-03-07,Contra Costa,013,1133247,64130,63148,1103,64251,719
2021-03-07,Del Norte,015,27424,1056,1010,5,1015,5
2021-03-07,El Dorado,017,186661,9250,9184,606,9790,97
2021-03-07,Fresno,019,978130,97688,96549,7913,104462,1442
2021-03-07,Glenn,021,27897,2280,2244,502,2746,15
2021-03-07,Humboldt,023,135768,3290,3274,22,3296,31
2021-03-07,Imperial,025,180216,27356,27019,2540,29559,658
2021-03-07,Inyo,027,18085,1341,1320,11,1331,35
2021-03-07,Kern,029,883053,94211,92746,10025,102771,1086
2021-03-07,Kings,031,150075,22476,22103,996,23099,224
2021-03-07,Lake,033,64148,3236,3192,6,3198,42
2021-03-07,Lassen,035,31185,5133,5119,100,5219,1
2021-03-07,Los Angeles,037,10098052,1177620,1162749,39562,1202311,21857
2021-03-07,Madera,039,155013,15844,15675,860,16535,211
2021-03-07,Marin,041,260295,13400,13313,172,13485,214
2021-03-07,Mariposa,043,17540,378,376,5,381,5
2021-03-07,Mendocino,045,87422,3680,3581,72,3653,42
2021-03-07,Merced,047,269075,28889,28829,949,29778,399
2021-03-07,Modoc,049,8938,349,338,117,455,3
2021-03-07,Mono,051,14174,1192,1199,16,1215,3
2021-03-07,Monterey,053,433212,42169,41858,1716,43574,328
2021-03-07,Napa,055,140530,9159,9137,34,9171,75
2021-03-07,Nevada,057,99092,4111,4052,163,4215,66
2021-03-07,Orange,059,3164182,248569,246771,10382,257153,4218
2021-03-07,Placer,061,380077,20902,20070,1146,21216,239
2021-03-07,Plumas,063,18699,647,635,10,645,4
2021-03-07,Riverside,065,2383286,287097,280379,13535,293914,3779
2021-03-07,Sacramento,067,1510023,95797,94513,1300,95813,1437
2021-03-07,San Benito,069,59416,5780,5795,92,5887,61
2021-03-07,San Bernardino,071,2135413,287268,282860,8621,291481,3810
2021-03-07,San Diego,073,3302833,266487,262965,13131,276096,3390
2021-03-07,San Francisco,075,870044,34573,34594,1113,35707,445
2021-03-07,San Joaquin,077,732212,67728,66252,2856,69108,1139
2021-03-07,San Luis Obispo,079,281455,19964,19614,576,20190,245
2021-03-07,San Mateo,081,765935,39958,39436,414,39850,329
2021-03-07,Santa Barbara,083,443738,32687,32218,1065,33283,425
2021-03-07,Santa Clara,085,1922200,111819,111745,609,112354,1752
2021-03-07,Santa Cruz,087,273765,15564,14715,789,15504,189
2021-03-07,Shasta,089,179085,11051,11083,1275,12358,156
2021-03-07,Sierra,091,2930,51,48,12,60,0
2021-03-07,Siskiyou,093,43540,1536,1435,244,1679,5
2021-03-07,Solano,095,438530,30159,30027,377,30404,169
2021-03-07,Sonoma,097,501317,28453,28533,227,28760,284
2021-03-07,Stanislaus,099,539301,51383,50783,5442,56225,699
2021-03-07,Sutter,101,95872,8921,8900,82,8982,100
2021-03-07,Tehama,103,63373,4649,4614,499,5113,33
2021-03-07,Trinity,105,12862,468,302,80,382,3
2021-03-07,Tulare,107,460477,48683,47569,8294,55863,790
2021-03-07,Tuolumne,109,53932,3864,3922,34,3956,56
2021-03-07,Ventura,111,848112,78718,78487,2815,81302,851
2021-03-07,Yolo,113,214977,13041,12988,225,13213,189
2021-03-07,Yuba,115,75493,5596,5516,89,5605,42
2021-03-06,Alameda,001,1643700,81919,81310,1752,83062,1143
2021-03-06,Alpine,003,1148,82,78,0,78,0
2021-03-06,Amador,005,37829,3497,3487,32,3519,42
2021-03-06,Butte,007,227075,11450,11065,1628,12693,185
2021-03-06,Calaveras,009,45235,1939,1904,11,1915,48
2021-03-06,Colusa,011,21464,1881,1874,272,2146,11
2021-03-06,Contra Costa,013,1133247,64069,63040,1099,64139,719
2021-03-06,Del Norte,015,27424,1051,1000,5,1005,5
2021-03-06,El Dorado,017,186661,9246,9166,606,9772,97
2021-03-06,Fresno,019,978130,97593,96366,7902,104268,1440
2021-03-06,Glenn,021,27897,2280,2241,502,2743,15
2021-03-06,Humboldt,023,135768,3280,3260,22,3282,31
2021-03-06,Imperial,025,180216,27351,27009,2535,29544,658
2021-03-06,Inyo,027,18085,1338,1312,11,1323,35
2021-03-06,Kern,029,883053,94165,92684,10005,102689,1082
2021-03-06,Kings,031,150075,22461,22094,996,23090,224
2021-03-06,Lake,033,64148,3234,3189,6,3195,42
2021-03-06,Lassen,035,31185,5133,5119,100,5219,1
2021-03-06,Los Angeles,037,10098052,1177182,1161745,39532,1201277,21843
2021-03-06,Madera,039,155013,15835,15646,858,16504,211
2021-03-06,Marin,041,260295,13391,13289,172,13461,213
2021-03-06,Mariposa,043,17540,378,376,5,381,5
2021-03-06,Mendocino,045,87422,3678,3579,72,3651,42
2021-03-06,Merced,047,269075,28847,28771,949,29720,399
2021-03-06,Modoc,049,8938,348,338,117,455,3
2021-03-06,Mono,051,14174,1191,1198,16,1214,3
2021-03-06,Monterey,053,433212,42164,41838,1713,43551,327
2021-03-06,Napa,055,140530,9151,9129,34,9163,75
2021-03-06,Nevada,057,99092,4105,4044,163,4207,66
2021-03-06,Orange,059,3164182,248476,246634,10368,257002,4165
2021-03-06,Placer,061,380077,20879,20030,1144,21174,239
2021-03-06,Plumas,063,18699,647,634,10,644,4
2021-03-06,Riverside,065,2383286,287004,280225,13527,293752,3781
2021-03-06,Sacramento,067,1510023,95709,94332,1291,95623,1436
2021-03-06,San Benito,069,59416,5775,5793,92,5885,61
2021-03-06,San Bernardino,071,2135413,287184,282737,8619,291356,3791
2021-03-06,San Diego,073,3302833,266300,262778,13114,275892,3385
2021-03-06,San Francisco,075,870044,34542,34560,1109,35669,435
2021-03-06,San Joaquin,077,732212,67654,66162,2846,69008,1138
2021-03-06,San Luis Obispo,079,281455,19944,19592,574,20166,245
2021-03-06,San Mateo,081,765935,39933,39384,414,39798,329
2021-03-06,Santa Barbara,083,443738,32656,32176,1064,33240,424
2021-03-06,Santa Clara,085,1922200,111724,111570,606,112176,1749
2021-03-06,Santa Cruz,087,273765,15553,14701,789,15490,188
2021-03-06,Shasta,089,179085,11042,11076,1273,12349,158
2021-03-06,Sierra,091,2930,51,48,12,60,0
2021-03-06,Siskiyou,093,43540,1534,1432,244,1676,5
2021-03-06,Solano,095,438530,30130,30000,376,30376,169
2021-03-06,Sonoma,097,501317,28430,28484,225,28709,284
2021-03-06,Stanislaus,099,539301,51313,50691,5436,56127,711
2021-03-06,Sutter,101,95872,8915,8887,82,8969,100
2021-03-06,Tehama,103,63373,4647,4610,496,5106,33
2021-03-06,Trinity,105,12862,468,302,80,382,3
2021-03-06,Tulare,107,460477,48651,47515,8265,55780,789
2021-03-06,Tuolumne,109,53932,3862,3920,34,3954,56
2021-03-06,Ventura,111,848112,78662,78439,2814,81253,848
2021-03-06,Yolo,113,214977,13035,12951,225,13176,189
2021-03-06,Yuba,115,75493,5587,5504,89,5593,42
2021-03-05,Alameda,001,1643700,81833,81215,1750,82965,1141
2021-03-05,Alpine,003,1148,82,78,0,78,0
2021-03-05,Amador,005,37829,3496,3484,32,3516,42
2021-03-05,Butte,007,227075,11439,11050,1627,12677,185
2021-03-05,Calaveras,009,45235,1936,1902,11,1913,48
2021-03-05,Colusa,011,21464,1881,1874,272,2146,11
2021-03-05,Contra Costa,013,1133247,63989,62886,1096,63982,711
2021-03-05,Del Norte,015,27424,1047,995,5,1000,5
2021-03-05,El Dorado,017,186661,9241,9150,605,9755,97
2021-03-05,Fresno,019,978130,97485,96184,7883,104067,1432
2021-03-05,Glenn,021,27897,2277,2241,501,2742,15
2021-03-05,Humboldt,023,135768,3273,3234,22,3256,31
2021-03-05,Imperial,025,180216,27341,26970,2526,29496,651
2021-03-05,Inyo,027,18085,1334,1309,11,1320,35
2021-03-05,Kern,029,883053,94125,92601,9992,102593,1076
2021-03-05,Kings,031,150075,22443,22063,995,23058,224
2021-03-05,Lake,033,64148,3232,3185,6,3191,42
2021-03-05,Lassen,035,31185,5133,5117,98,5215,1
2021-03-05,Los Angeles,037,10098052,1176691,1160688,39502,1200190,21745
2021-03-05,Madera,039,155013,15825,15624,856,16480,211
2021-03-05,Marin,041,260295,13379,13275,171,13446,215
2021-03-05,Mariposa,043,17540,378,375,5,380,4
2021-03-05,Mendocino,045,87422,3675,3577,72,3649,42
2021-03-05,Merced,047,269075,28814,28734,948,29682,399
2021-03-05,Modoc,049,8938,348,337,117,454,3
2021-03-05,Mono,051,14174,1190,1197,16,1213,3
2021-03-05,Monterey,053,433212,42151,41802,1713,43515,325
2021-03-05,Napa,055,140530,9143,9109,34,9143,75
2021-03-05,Nevada,057,99092,4101,4033,163,4196,66
2021-03-05,Orange,059,3164182,248363,246489,10355,256844,4108
2021-03-05,Placer,061,380077,20853,19973,1140,21113,239
2021-03-05,Plumas,063,18699,647,635,10,645,4
2021-03-05,Riverside,065,2383286,286892,280075,13522,293597,3781
2021-03-05,Sacramento,067,1510023,95613,94182,1284,95466,1430
2021-03-05,San Benito,069,59416,5772,5790,92,5882,61
2021-03-05,San Bernardino,071,2135413,287091,282640,8615,291255,3774
2021-03-05,San Diego,073,3302833,266067,262357,13097,275454,3371
2021-03-05,San Francisco,075,870044,34502,34526,1105,35631,430
2021-03-05,San Joaquin,077,732212,67574,66041,2837,68878,1133
2021-03-05,San Luis Obispo,079,281455,19923,19557,572,20129,244
2021-03-05,San Mateo,081,765935,39901,39305,414,39719,326
2021-03-05,Santa Barbara,083,443738,32619,32139,1059,33198,424
2021-03-05,Santa Clara,085,1922200,111629,111384,606,111990,1745
2021-03-05,Santa Cruz,087,273765,15542,14694,789,15483,188
2021-03-05,Shasta,089,179085,11030,11062,1267,12329,148
2021-03-05,Sierra,091,2930,51,48,12,60,0
2021-03-05,Siskiyou,093,43540,1529,1429,243,1672,5
2021-03-05,Solano,095,438530,30113,29951,374,30325,168
2021-03-05,Sonoma,097,501317,28404,28417,225,28642,279
2021-03-05,Stanislaus,099,539301,51262,50606,5426,56032,721
2021-03-05,Sutter,101,95872,8908,8876,82,8958,100
2021-03-05,Tehama,103,63373,4638,4606,496,5102,33
2021-03-05,Trinity,105,12862,468,302,80,382,3
2021-03-05,Tulare,107,460477,48622,47469,8246,55715,789
2021-03-05,Tuolumne,109,53932,3860,3917,34,3951,56
2021-03-05,Ventura,111,848112,78595,78368,2813,81181,839
2021-03-05,Yolo,113,214977,13023,12920,224,13144,188
2021-03-05,Yuba,115,75493,5575,5496,89,5585,42
2021-03-04,Alameda,001,1643700,81722,81115,1750,82865,1136
2021-03-04,Alpine,003,1148,82,78,0,78,0
2021-03-04,Amador,005,37829,3495,3480,32,3512,42
2021-03-04,Butte,007,227075,11432,11033,1626,12659,185
2021-03-04,Calaveras,009,45235,1935,1896,11,1907,48
2021-03-04,Colusa,011,21464,1879,1873,267,2140,11
2021-03-04,Contra Costa,013,1133247,63889,62789,1094,63883,708
2021-03-04,Del Norte,015,27424,1039,989,5,994,5
2021-03-04,El Dorado,017,186661,9226,9133,605,9738,97
2021-03-04,Fresno,019,978130,97321,96023,7863,103886,1422
2021-03-04,Glenn,021,27897,2270,2236,500,2736,15
2021-03-04,Humboldt,023,135768,3259,3212,22,3234,31
2021-03-04,Imperial,025,180216,27328,26946,2523,29469,646
2021-03-04,Inyo,027,18085,1331,1300,11,1311,35
2021-03-04,Kern,029,883053,94036,92525,9973,102498,1070
2021-03-04,Kings,031,150075,22417,22025,992,23017,224
2021-03-04,Lake,033,64148,3224,3181,6,3187,42
2021-03-04,Lassen,035,31185,5133,5116,98,5214,1
2021-03-04,Los Angeles,037,10098052,1176081,1159405,39453,1198858,21610
2021-03-04,Madera,039,155013,15790,15596,853,16449,208
2021-03-04,Marin,041,260295,13363,13240,168,13408,215
2021-03-04,Mariposa,043,17540,378,376,5,381,4
2021-03-04,Mendocino,045,87422,3672,3569,72,3641,42
2021-03-04,Merced,047,269075,28763,28671,946,29617,396
2021-03-04,Modoc,049,8938,347,336,117,453,3
2021-03-04,Mono,051,14174,1190,1197,16,1213,3
2021-03-04,Monterey,053,433212,42131,41771,1711,43482,325
2021-03-04,Napa,055,140530,9135,9094,34,9128,74
2021-03-04,Nevada,057,99092,4091,4020,163,4183,66
2021-03-04,Orange,059,3164182,248206,246354,10338,256692,4096
2021-03-04,Placer,061,380077,20821,19900,1134,21034,239
2021-03-04,Plumas,063,18699,647,634,10,644,4
2021-03-04,Riverside,065,2383286,286762,279871,13509,293380,3766
2021-03-04,Sacramento,067,1510023,95478,93982,1281,95263,1426
2021-03-04,San Benito,069,59416,5772,5781,92,5873,61
2021-03-04,San Bernardino,071,2135413,286961,282407,8611,291018,3757
2021-03-04,San Diego,073,3302833,265807,261858,13053,274911,3359
2021-03-04,San Francisco,075,870044,34467,34480,1102,35582,426
2021-03-04,San Joaquin,077,732212,67480,65931,2827,68758,1129
2021-03-04,San Luis Obispo,079,281455,19886,19520,570,20090,243
2021-03-04,San Mateo,081,765935,39857,39225,413,39638,322
2021-03-04,Santa Barbara,083,443738,32582,32090,1058,33148,423
2021-03-04,Santa Clara,085,1922200,111495,111194,604,111798,1723
2021-03-04,Santa Cruz,087,273765,15523,14669,789,15458,186
2021-03-04,Shasta,089,179085,11027,11050,1258,12308,150
2021-03-04,Sierra,091,2930,51,48,12,60,0
2021-03-04,Siskiyou,093,43540,1522,1427,243,1670,5
2021-03-04,Solano,095,438530,30086,29905,373,30278,168
2021-03-04,Sonoma,097,501317,28349,28379,224,28603,279
2021-03-04,Stanislaus,099,539301,51175,50521,5418,55939,731
2021-03-04,Sutter,101,95872,8896,8849,82,8931,100
2021-03-04,Tehama,103,63373,4631,4604,496,5100,33
2021-03-04,Trinity,105,12862,468,302,80,382,3
2021-03-04,Tulare,107,460477,48577,47398,8221,55619,784
2021-03-04,Tuolumne,109,53932,3854,3916,34,3950,56
2021-03-04,Ventura,111,848112,78505,78184,2810,80994,831
2021-03-04,Yolo,113,214977,13003,12895,224,13119,189
2021-03-04,Yuba,115,75493,5563,5483,89,5572,41
2021-03-03,Alameda,001,1643700,81600,80972,1749,82721,1127
2021-03-03,Alpine,003,1148,82,77,0,77,0
2021-03-03,Amador,005,37829,3493,3478,31,3509,42
2021-03-03,Butte,007,227075,11424,11014,1625,12639,184
2021-03-03,Calaveras,009,45235,1934,1893,11,1904,48
2021-03-03,Colusa,011,21464,1878,1873,267,2140,11
2021-03-03,Contra Costa,013,1133247,63790,62668,1091,63759,708
2021-03-03,Del Norte,015,27424,1036,988,5,993,5
2021-03-03,El Dorado,017,186661,9216,9121,605,9726,97
2021-03-03,Fresno,019,978130,97177,95893,7845,103738,1415
2021-03-03,Glenn,021,27897,2270,2233,500,2733,15
2021-03-03,Humboldt,023,135768,3248,3196,22,3218,30
2021-03-03,Imperial,025,180216,27312,26939,2519,29458,640
2021-03-03,Inyo,027,18085,1323,1294,11,1305,35
2021-03-03,Kern,029,883053,93960,92434,9956,102390,1063
2021-03-03,Kings,031,150075,22401,22009,991,23000,223
2021-03-03,Lake,033,64148,3217,3175,6,3181,40
2021-03-03,Lassen,035,31185,5133,5115,98,5213,1
2021-03-03,Los Angeles,037,10098052,1175440,1157911,39413,1197324,21500
2021-03-03,Madera,039,155013,15771,15553,847,16400,203
2021-03-03,Marin,041,260295,13349,13216,168,13384,214
2021-03-03,Mariposa,043,17540,377,376,5,381,4
2021-03-03,Mendocino,045,87422,3664,3564,72,3636,42
2021-03-03,Merced,047,269075,28711,28625,946,29571,393
2021-03-03,Modoc,049,8938,347,333,116,449,3
2021-03-03,Mono,051,14174,1190,1191,16,1207,3
2021-03-03,Monterey,053,433212,42099,41731,1708,43439,325
2021-03-03,Napa,055,140530,9127,9090,34,9124,72
2021-03-03,Nevada,057,99092,4081,4009,163,4172,66
2021-03-03,Orange,059,3164182,248061,246120,10323,256443,4072
2021-03-03,Placer,061,380077,20795,19851,1131,20982,239
2021-03-03,Plumas,063,18699,646,631,10,641,4
2021-03-03,Riverside,065,2383286,286629,279626,13503,293129,3735
2021-03-03,Sacramento,067,1510023,95317,93819,1273,95092,1419
2021-03-03,San Benito,069,59416,5771,5774,92,5866,61
2021-03-03,San Bernardino,071,2135413,286820,282138,8604,290742,3664
2021-03-03,San Diego,073,3302833,265543,261350,13022,274372,3342
2021-03-03,San Francisco,075,870044,34435,34443,1099,35542,426
2021-03-03,San Joaquin,077,732212,67367,65855,2820,68675,1115
2021-03-03,San Luis Obispo,079,281455,19860,19479,567,20046,241
2021-03-03,San Mateo,081,765935,39811,39189,412,39601,319
2021-03-03,Santa Barbara,083,443738,32544,32027,1058,33085,421
2021-03-03,Santa Clara,085,1922200,111341,110991,602,111593,1720
2021-03-03,Santa Cruz,087,273765,15512,14645,789,15434,185
2021-03-03,Shasta,089,179085,11017,11023,1251,12274,150
2021-03-03,Sierra,091,2930,51,48,12,60,0
2021-03-03,Siskiyou,093,43540,1520,1424,243,1667,5
2021-03-03,Solano,095,438530,30050,29866,372,30238,167
2021-03-03,Sonoma,097,501317,28310,28307,223,28530,279
2021-03-03,Stanislaus,099,539301,51097,50438,5411,55849,730
2021-03-03,Sutter,101,95872,8888,8840,82,8922,99
2021-03-03,Tehama,103,63373,4629,4601,496,5097,32
2021-03-03,Trinity,105,12862,468,302,80,382,3
2021-03-03,Tulare,107,460477,48526,47348,8190,55538,778
2021-03-03,Tuolumne,109,53932,3852,3914,33,3947,56
2021-03-03,Ventura,111,848112,78421,78057,2805,80862,822
2021-03-03,Yolo,113,214977,12990,12890,224,13114,189
2021-03-03,Yuba,115,75493,5550,5479,89,5568,41
2021-03-02,Alameda,001,1643700,81479,80904,1747,82651,1116
2021-03-02,Alpine,003,1148,82,77,0,77,0
2021-03-02,Amador,005,37829,3491,3474,31,3505,42
2021-03-02,Butte,007,227075,11414,11007,1622,12629,182
2021-03-02,Calaveras,009,45235,1926,1890,11,1901,48
2021-03-02,Colusa,011,21464,1878,1872,266,2138,11
2021-03-02,Contra Costa,013,1133247,63679,62557,1087,63644,694
2021-03-02,Del Norte,015,27424,1029,983,5,988,5
2021-03-02,El Dorado,017,186661,9208,9116,605,9721,98
2021-03-02,Fresno,019,978130,97031,95785,7819,103604,1410
2021-03-02,Glenn,021,27897,2264,2232,499,2731,15
2021-03-02,Humboldt,023,135768,3229,3184,22,3206,30
2021-03-02,Imperial,025,180216,27302,26926,2517,29443,637
2021-03-02,Inyo,027,18085,1319,1292,11,1303,35
2021-03-02,Kern,029,883053,93854,92313,9929,102242,1046
2021-03-02,Kings,031,150075,22349,21999,988,22987,217
2021-03-02,Lake,033,64148,3211,3169,6,3175,40
2021-03-02,Lassen,035,31185,5128,5115,97,5212,1
2021-03-02,Los Angeles,037,10098052,1174805,1156826,39367,1196193,21395
2021-03-02,Madera,039,155013,15751,15523,844,16367,194
2021-03-02,Marin,041,260295,13326,13186,167,13353,214
2021-03-02,Mariposa,043,17540,377,376,5,381,4
2021-03-02,Mendocino,045,87422,3661,3562,71,3633,41
2021-03-02,Merced,047,269075,28654,28598,946,29544,389
2021-03-02,Modoc,049,8938,347,332,116,448,3
2021-03-02,Mono,051,14174,1189,1191,16,1207,3
2021-03-02,Monterey,053,433212,42072,41716,1708,43424,325
2021-03-02,Napa,055,140530,9116,9080,34,9114,71
2021-03-02,Nevada,057,99092,4072,3983,162,4145,66
2021-03-02,Orange,059,3164182,247915,246004,10305,256309,4037
2021-03-02,Placer,061,380077,20742,19828,1128,20956,239
2021-03-02,Plumas,063,18699,643,628,10,638,4
2021-03-02,Riverside,065,2383286,286456,279486,13495,292981,3721
2021-03-02,Sacramento,067,1510023,95150,93690,1272,94962,1411
2021-03-02,San Benito,069,59416,5764,5770,92,5862,60
2021-03-02,San Bernardino,071,2135413,286686,281919,8598,290517,3604
2021-03-02,San Diego,073,3302833,265299,260998,13000,273998,3317
2021-03-02,San Francisco,075,870044,34395,34387,1095,35482,424
2021-03-02,San Joaquin,077,732212,67259,65769,2802,68571,1111
2021-03-02,San Luis Obispo,079,281455,19828,19452,567,20019,241
2021-03-02,San Mateo,081,765935,39759,39148,411,39559,317
2021-03-02,Santa Barbara,083,443738,32495,31964,1054,33018,416
2021-03-02,Santa Clara,085,1922200,111162,110832,601,111433,1706
2021-03-02,Santa Cruz,087,273765,15498,14611,787,15398,185
2021-03-02,Shasta,089,179085,11003,11012,1240,12252,149
2021-03-02,Sierra,091,2930,51,48,12,60,0
2021-03-02,Siskiyou,093,43540,1516,1412,241,1653,5
2021-03-02,Solano,095,438530,30017,29827,370,30197,167
2021-03-02,Sonoma,097,501317,28255,28261,223,28484,279
2021-03-02,Stanislaus,099,539301,51010,50359,5399,55758,724
2021-03-02,Sutter,101,95872,8879,8832,82,8914,99
2021-03-02,Tehama,103,63373,4625,4597,495,5092,32
2021-03-02,Trinity,105,12862,468,301,80,381,3
2021-03-02,Tulare,107,460477,48463,47326,8170,55496,783
2021-03-02,Tuolumne,109,53932,3848,3908,33,3941,53
2021-03-02,Ventura,111,848112,78328,77952,2801,80753,780
2021-03-02,Yolo,113,214977,12974,12867,224,13091,189
2021-03-02,Yuba,115,75493,5542,5475,89,5564,41
2021-03-01,Alameda,001,1643700,81352,80805,1745,82550,1105
2021-03-01,Alpine,003,1148,80,77,0,77,0
2021-03-01,Amador,005,37829,3488,3469,31,3500,42
2021-03-01,Butte,007,227075,11399,10981,1617,12598,180
2021-03-01,Calaveras,009,45235,1921,1885,11,1896,46
2021-03-01,Colusa,011,21464,1877,1871,266,2137,11
2021-03-01,Contra Costa,013,1133247,63569,62458,1086,63544,694
2021-03-01,Del Norte,015,27424,1024,982,5,987,5
2021-03-01,El Dorado,017,186661,9184,9085,605,9690,98
2021-03-01,Fresno,019,978130,96893,95677,7796,103473,1405
2021-03-01,Glenn,021,27897,2259,2232,498,2730,15
2021-03-01,Humboldt,023,135768,3210,3179,22,3201,30
2021-03-01,Imperial,025,180216,27292,26913,2509,29422,636
2021-03-01,Inyo,027,18085,1316,1285,11,1296,35
2021-03-01,Kern,029,883053,93765,92219,9903,102122,1041
2021-03-01,Kings,031,150075,22332,21988,982,22970,217
2021-03-01,Lake,033,64148,3206,3164,6,3170,40
2021-03-01,Lassen,035,31185,5126,5111,97,5208,1
2021-03-01,Los Angeles,037,10098052,1174147,1155984,39325,1195309,21293
2021-03-01,Madera,039,155013,15722,15505,833,16338,194
2021-03-01,Marin,041,260295,13298,13161,166,13327,214
2021-03-01,Mariposa,043,17540,377,375,5,380,4
2021-03-01,Mendocino,045,87422,3654,3561,71,3632,41
2021-03-01,Merced,047,269075,28609,28575,942,29517,385
2021-03-01,Modoc,049,8938,344,331,115,446,3
2021-03-01,Mono,051,14174,1188,1192,16,1208,3
2021-03-01,Monterey,053,433212,42047,41697,1706,43403,324
2021-03-01,Napa,055,140530,9107,9056,34,9090,70
2021-03-01,Nevada,057,99092,4053,3979,162,4141,66
2021-03-01,Orange,059,3164182,247720,245852,10290,256142,3976
2021-03-01,Placer,061,380077,20703,19803,1125,20928,239
2021-03-01,Plumas,063,18699,643,628,10,638,4
2021-03-01,Riverside,065,2383286,286239,279323,13488,292811,3680
2021-03-01,Sacramento,067,1510023,95005,93546,1270,94816,1401
2021-03-01,San Benito,069,59416,5759,5772,92,5864,57
2021-03-01,San Bernardino,071,2135413,286543,281685,8594,290279,3603
2021-03-01,San Diego,073,3302833,264981,260622,12967,273589,3303
2021-03-01,San Francisco,075,870044,34351,34318,1087,35405,424
2021-03-01,San Joaquin,077,732212,67150,65699,2791,68490,1097
2021-03-01,San Luis Obispo,079,281455,19806,19429,565,19994,239
2021-03-01,San Mateo,081,765935,39707,39096,410,39506,314
2021-03-01,Santa Barbara,083,443738,32452,31909,1053,32962,413
2021-03-01,Santa Clara,085,1922200,111003,110684,598,111282,1704
2021-03-01,Santa Cruz,087,273765,15479,14575,786,15361,185
2021-03-01,Shasta,089,179085,10991,10990,1237,12227,149
2021-03-01,Sierra,091,2930,51,48,12,60,0
2021-03-01,Siskiyou,093,43540,1512,1408,239,1647,5
2021-03-01,Solano,095,438530,29974,29779,369,30148,166
2021-03-01,Sonoma,097,501317,28207,28222,221,28443,278
2021-03-01,Stanislaus,099,539301,50934,50293,5393,55686,722
2021-03-01,Sutter,101,95872,8868,8825,82,8907,99
2021-03-01,Tehama,103,63373,4619,4595,495,5090,32
2021-03-01,Trinity,105,12862,468,298,79,377,3
2021-03-01,Tulare,107,460477,48425,47275,8137,55412,781
2021-03-01,Tuolumne,109,53932,3845,3907,33,3940,53
2021-03-01,Ventura,111,848112,78247,77849,2799,80648,775
2021-03-01,Yolo,113,214977,12957,12854,222,13076,188
2021-03-01,Yuba,115,75493,5530,5466,89,5555,41
2021-02-28,Alameda,001,1643700,81231,80727,1743,82470,1105
2021-02-28,Alpine,003,1148,80,77,0,77,0
2021-02-28,Amador,005,37829,3483,3466,30,3496,42
2021-02-28,Butte,007,227075,11384,10970,1617,12587,180
2021-02-28,Calaveras,009,45235,1917,1881,11,1892,46
2021-02-28,Colusa,011,21464,1877,1871,265,2136,11
2021-02-28,Contra Costa,013,1133247,63442,62386,1081,63467,694
2021-02-28,Del Norte,015,27424,1022,981,5,986,5
2021-02-28,El Dorado,017,186661,9173,9082,605,9687,98
2021-02-28,Fresno,019,978130,96711,95548,7762,103310,1405
2021-02-28,Glenn,021,27897,2257,2230,496,2726,15
2021-02-28,Humboldt,023,135768,3187,3179,22,3201,30
2021-02-28,Imperial,025,180216,27266,26909,2505,29414,636
2021-02-28,Inyo,027,18085,1311,1282,11,1293,35
2021-02-28,Kern,029,883053,93650,92169,9882,102051,1012
2021-02-28,Kings,031,150075,22311,21967,981,22948,217
2021-02-28,Lake,033,64148,3201,3164,6,3170,40
2021-02-28,Lassen,035,31185,5125,5106,97,5203,1
2021-02-28,Los Angeles,037,10098052,1173360,1155141,39263,1194404,21261
2021-02-28,Madera,039,155013,15680,15496,830,16326,199
2021-02-28,Marin,041,260295,13275,13152,164,13316,214
2021-02-28,Mariposa,043,17540,377,374,5,379,4
2021-02-28,Mendocino,045,87422,3648,3558,71,3629,41
2021-02-28,Merced,047,269075,28546,28546,941,29487,384
2021-02-28,Modoc,049,8938,344,331,115,446,3
2021-02-28,Mono,051,14174,1185,1192,16,1208,3
2021-02-28,Monterey,053,433212,42015,41683,1704,43387,323
2021-02-28,Napa,055,140530,9088,9053,34,9087,70
2021-02-28,Nevada,057,99092,4040,3972,162,4134,66
2021-02-28,Orange,059,3164182,247522,245706,10283,255989,3970
2021-02-28,Placer,061,380077,20657,19775,1123,20898,239
2021-02-28,Plumas,063,18699,643,628,10,638,4
2021-02-28,Riverside,065,2383286,286006,279214,13477,292691,3661
2021-02-28,Sacramento,067,1510023,94821,93463,1265,94728,1398
2021-02-28,San Benito,069,59416,5748,5772,92,5864,57
2021-02-28,San Bernardino,071,2135413,286402,281620,8582,290202,3595
2021-02-28,San Diego,073,3302833,264684,260353,12933,273286,3303
2021-02-28,San Francisco,075,870044,34309,34291,1081,35372,417
2021-02-28,San Joaquin,077,732212,67042,65662,2782,68444,1097
2021-02-28,San Luis Obispo,079,281455,19770,19422,563,19985,237
2021-02-28,San Mateo,081,765935,39654,39059,409,39468,314
2021-02-28,Santa Barbara,083,443738,32399,31877,1053,32930,413
2021-02-28,Santa Clara,085,1922200,110804,110556,595,111151,1704
2021-02-28,Santa Cruz,087,273765,15450,14571,783,15354,185
2021-02-28,Shasta,089,179085,10970,10990,1233,12223,149
2021-02-28,Sierra,091,2930,51,48,12,60,0
2021-02-28,Siskiyou,093,43540,1504,1408,239,1647,5
2021-02-28,Solano,095,438530,29919,29758,363,30121,166
2021-02-28,Sonoma,097,501317,28144,28193,220,28413,279
2021-02-28,Stanislaus,099,539301,50844,50228,5380,55608,728
2021-02-28,Sutter,101,95872,8853,8825,82,8907,99
2021-02-28,Tehama,103,63373,4613,4590,495,5085,32
2021-02-28,Trinity,105,12862,468,298,79,377,3
2021-02-28,Tulare,107,460477,48363,47258,8106,55364,780
2021-02-28,Tuolumne,109,53932,3840,3905,33,3938,53
2021-02-28,Ventura,111,848112,78135,77749,2796,80545,775
2021-02-28,Yolo,113,214977,12934,12851,222,13073,188
2021-02-28,Yuba,115,75493,5520,5461,89,5550,41
2021-02-27,Alameda,001,1643700,81159,80565,1741,82306,1108
2021-02-27,Alpine,003,1148,80,77,0,77,0
2021-02-27,Amador,005,37829,3481,3463,30,3493,42
2021-02-27,Butte,007,227075,11372,10962,1617,12579,180
2021-02-27,Calaveras,009,45235,1912,1875,11,1886,46
2021-02-27,Colusa,011,21464,1876,1869,265,2134,11
2021-02-27,Contra Costa,013,1133247,63372,62248,1078,63326,693
2021-02-27,Del Norte,015,27424,1020,978,5,983,5
2021-02-27,El Dorado,017,186661,9169,9072,605,9677,98
2021-02-27,Fresno,019,978130,96634,95393,7751,103144,1400
2021-02-27,Glenn,021,27897,2256,2225,495,2720,15
2021-02-27,Humboldt,023,135768,3181,3167,22,3189,30
2021-02-27,Imperial,025,180216,27258,26903,2503,29406,633
2021-02-27,Inyo,027,18085,1308,1275,11,1286,35
2021-02-27,Kern,029,883053,93589,92053,9867,101920,996
2021-02-27,Kings,031,150075,22301,21955,978,22933,216
2021-02-27,Lake,033,64148,3198,3156,6,3162,40
2021-02-27,Lassen,035,31185,5125,5106,97,5203,1
2021-02-27,Los Angeles,037,10098052,1172862,1154275,39236,1193511,21158
2021-02-27,Madera,039,155013,15663,15467,829,16296,199
2021-02-27,Marin,041,260295,13251,13134,164,13298,214
2021-02-27,Mariposa,043,17540,377,374,5,379,4
2021-02-27,Mendocino,045,87422,3645,3555,71,3626,41
2021-02-27,Merced,047,269075,28504,28501,933,29434,384
2021-02-27,Modoc,049,8938,344,331,114,445,3
2021-02-27,Mono,051,14174,1183,1191,16,1207,3
2021-02-27,Monterey,053,433212,42006,41665,1703,43368,322
2021-02-27,Napa,055,140530,9077,9038,34,9072,71
2021-02-27,Nevada,057,99092,4034,3960,162,4122,66
2021-02-27,Orange,059,3164182,247395,245542,10272,255814,3960
2021-02-27,Placer,061,380077,20621,19726,1120,20846,239
2021-02-27,Plumas,063,18699,643,628,10,638,4
2021-02-27,Riverside,065,2383286,285896,279048,13467,292515,3663
2021-02-27,Sacramento,067,1510023,94738,93281,1255,94536,1396
2021-02-27,San Benito,069,59416,5747,5767,91,5858,57
2021-02-27,San Bernardino,071,2135413,286323,281471,8575,290046,3527
2021-02-27,San Diego,073,3302833,264494,260091,12895,272986,3284
2021-02-27,San Francisco,075,870044,34275,34260,1078,35338,413
2021-02-27,San Joaquin,077,732212,66996,65578,2780,68358,1100
2021-02-27,San Luis Obispo,079,281455,19749,19411,562,19973,237
2021-02-27,San Mateo,081,765935,39613,38998,408,39406,313
2021-02-27,Santa Barbara,083,443738,32365,31805,1052,32857,411
2021-02-27,Santa Clara,085,1922200,110656,110361,593,110954,1703
2021-02-27,Santa Cruz,087,273765,15441,14552,782,15334,185
2021-02-27,Shasta,089,179085,10964,10985,1229,12214,149
2021-02-27,Sierra,091,2930,51,48,12,60,0
2021-02-27,Siskiyou,093,43540,1502,1407,238,1645,5
2021-02-27,Solano,095,438530,29891,29718,362,30080,165
2021-02-27,Sonoma,097,501317,28100,28141,214,28355,281
2021-02-27,Stanislaus,099,539301,50789,50147,5370,55517,733
2021-02-27,Sutter,101,95872,8848,8820,82,8902,99
2021-02-27,Tehama,103,63373,4609,4584,494,5078,32
2021-02-27,Trinity,105,12862,468,298,79,377,3
2021-02-27,Tulare,107,460477,48326,47209,8080,55289,770
2021-02-27,Tuolumne,109,53932,3837,3899,33,3932,53
2021-02-27,Ventura,111,848112,78062,77623,2793,80416,771
2021-02-27,Yolo,113,214977,12922,12834,222,13056,188
2021-02-27,Yuba,115,75493,5517,5450,89,5539,39
2021-02-26,Alameda,001,1643700,81064,80387,1736,82123,1106
2021-02-26,Alpine,003,1148,80,77,0,77,0
2021-02-26,Amador,005,37829,3475,3457,30,3487,42
2021-02-26,Butte,007,227075,11362,10941,1617,12558,180
2021-02-26,Calaveras,009,45235,1910,1873,11,1884,46
2021-02-26,Colusa,011,21464,1876,1865,265,2130,11
2021-02-26,Contra Costa,013,1133247,63289,62114,1078,63192,685
2021-02-26,Del Norte,015,27424,1016,968,5,973,5
2021-02-26,El Dorado,017,186661,9164,9038,603,9641,98
2021-02-26,Fresno,019,978130,96532,95202,7743,102945,1391
2021-02-26,Glenn,021,27897,2253,2220,495,2715,15
2021-02-26,Humboldt,023,135768,3175,3152,22,3174,30
2021-02-26,Imperial,025,180216,27251,26888,2501,29389,631
2021-02-26,Inyo,027,18085,1306,1271,11,1282,34
2021-02-26,Kern,029,883053,93510,91884,9851,101735,997
2021-02-26,Kings,031,150075,22285,21917,975,22892,216
2021-02-26,Lake,033,64148,3193,3153,6,3159,40
2021-02-26,Lassen,035,31185,5125,5102,97,5199,1
2021-02-26,Los Angeles,037,10098052,1172285,1153131,39174,1192305,21070
2021-02-26,Madera,039,155013,15647,15436,827,16263,199
2021-02-26,Marin,041,260295,13238,13091,164,13255,214
2021-02-26,Mariposa,043,17540,377,375,5,380,4
2021-02-26,Mendocino,045,87422,3640,3549,71,3620,41
2021-02-26,Merced,047,269075,28470,28455,932,29387,382
2021-02-26,Modoc,049,8938,343,330,114,444,3
2021-02-26,Mono,051,14174,1181,1191,16,1207,3
2021-02-26,Monterey,053,433212,41980,41607,1702,43309,322
2021-02-26,Napa,055,140530,9071,9014,34,9048,70
2021-02-26,Nevada,057,99092,4023,3952,162,4114,66
2021-02-26,Orange,059,3164182,247256,245278,10262,255540,3918
2021-02-26,Placer,061,380077,20595,19712,1114,20826,239
2021-02-26,Plumas,063,18699,643,628,10,638,4
2021-02-26,Riverside,065,2383286,285752,278772,13461,292233,3653
2021-02-26,Sacramento,067,1510023,94615,93180,1252,94432,1390
2021-02-26,San Benito,069,59416,5746,5759,91,5850,57
2021-02-26,San Bernardino,071,2135413,286223,281132,8573,289705,3461
2021-02-26,San Diego,073,3302833,264266,259641,12874,272515,3271
2021-02-26,San Francisco,075,870044,34245,34213,1074,35287,413
2021-02-26,San Joaquin,077,732212,66915,65492,2774,68266,1070
2021-02-26,San Luis Obispo,079,281455,19733,19359,560,19919,234
2021-02-26,San Mateo,081,765935,39567,38922,408,39330,313
2021-02-26,Santa Barbara,083,443738,32321,31724,1051,32775,410
2021-02-26,Santa Clara,085,1922200,110524,110168,591,110759,1700
2021-02-26,Santa Cruz,087,273765,15429,14528,781,15309,185
2021-02-26,Shasta,089,179085,10957,10972,1220,12192,149
2021-02-26,Sierra,091,2930,51,47,12,59,0
2021-02-26,Siskiyou,093,43540,1502,1401,237,1638,5
2021-02-26,Solano,095,438530,29857,29651,361,30012,165
2021-02-26,Sonoma,097,501317,28071,28063,213,28276,280
2021-02-26,Stanislaus,099,539301,50733,50054,5362,55416,737
2021-02-26,Sutter,101,95872,8839,8806,82,8888,99
2021-02-26,Tehama,103,63373,4607,4581,494,5075,32
2021-02-26,Trinity,105,12862,467,298,79,377,3
2021-02-26,Tulare,107,460477,48291,47135,8049,55184,770
2021-02-26,Tuolumne,109,53932,3836,3896,33,3929,53
2021-02-26,Ventura,111,848112,77962,77534,2789,80323,765
2021-02-26,Yolo,113,214977,12915,12816,222,13038,188
2021-02-26,Yuba,115,75493,5512,5438,89,5527,39
2021-02-25,Alameda,001,1643700,80942,80181,1735,81916,1093
2021-02-25,Alpine,003,1148,80,77,0,77,0
2021-02-25,Amador,005,37829,3472,3448,30,3478,41
2021-02-25,Butte,007,227075,11341,10922,1612,12534,178
2021-02-25,Calaveras,009,45235,1902,1868,11,1879,46
2021-02-25,Colusa,011,21464,1873,1863,264,2127,11
2021-02-25,Contra Costa,013,1133247,63187,61910,1078,62988,686
2021-02-25,Del Norte,015,27424,1006,966,5,971,5
2021-02-25,El Dorado,017,186661,9148,9012,603,9615,98
2021-02-25,Fresno,019,978130,96388,95015,7720,102735,1377
2021-02-25,Glenn,021,27897,2250,2219,494,2713,15
2021-02-25,Humboldt,023,135768,3168,3129,22,3151,30
2021-02-25,Imperial,025,180216,27244,26855,2497,29352,628
2021-02-25,Inyo,027,18085,1300,1264,11,1275,33
2021-02-25,Kern,029,883053,93394,91735,9826,101561,992
2021-02-25,Kings,031,150075,22276,21900,972,22872,216
2021-02-25,Lake,033,64148,3184,3141,6,3147,40
2021-02-25,Lassen,035,31185,5124,5097,96,5193,1
2021-02-25,Los Angeles,037,10098052,1171541,1151846,39116,1190962,20931
2021-02-25,Madera,039,155013,15612,15414,823,16237,194
2021-02-25,Marin,041,260295,13215,13067,164,13231,214
2021-02-25,Mariposa,043,17540,377,375,5,380,4
2021-02-25,Mendocino,045,87422,3635,3542,71,3613,41
2021-02-25,Merced,047,269075,28421,28383,930,29313,382
2021-02-25,Modoc,049,8938,343,329,114,443,3
2021-02-25,Mono,051,14174,1180,1190,16,1206,3
2021-02-25,Monterey,053,433212,41955,41564,1697,43261,321
2021-02-25,Napa,055,140530,9045,8998,34,9032,70
2021-02-25,Nevada,057,99092,4006,3940,161,4101,66
2021-02-25,Orange,059,3164182,247083,245000,10252,255252,3882
2021-02-25,Placer,061,380077,20556,19661,1112,20773,239
2021-02-25,Plumas,063,18699,643,626,10,636,4
2021-02-25,Riverside,065,2383286,285564,278544,13440,291984,3646
2021-02-25,Sacramento,067,1510023,94457,92961,1240,94201,1386
2021-02-25,San Benito,069,59416,5741,5752,91,5843,58
2021-02-25,San Bernardino,071,2135413,286088,280946,8565,289511,3409
2021-02-25,San Diego,073,3302833,263972,258979,12844,271823,3260
2021-02-25,San Francisco,075,870044,34202,34138,1071,35209,408
2021-02-25,San Joaquin,077,732212,66831,65389,2762,68151,1047
2021-02-25,San Luis Obispo,079,281455,19712,19335,558,19893,234
2021-02-25,San Mateo,081,765935,39520,38872,408,39280,300
2021-02-25,Santa Barbara,083,443738,32244,31631,1050,32681,408
2021-02-25,Santa Clara,085,1922200,110359,109923,590,110513,1677
2021-02-25,Santa Cruz,087,273765,15410,14492,780,15272,185
2021-02-25,Shasta,089,179085,10945,10947,1215,12162,148
2021-02-25,Sierra,091,2930,51,47,12,59,0
2021-02-25,Siskiyou,093,43540,1497,1390,234,1624,4
2021-02-25,Solano,095,438530,29825,29616,361,29977,161
2021-02-25,Sonoma,097,501317,28017,28004,210,28214,278
2021-02-25,Stanislaus,099,539301,50642,49964,5352,55316,738
2021-02-25,Sutter,101,95872,8825,8789,81,8870,99
2021-02-25,Tehama,103,63373,4604,4578,492,5070,32
2021-02-25,Trinity,105,12862,467,297,79,376,3
2021-02-25,Tulare,107,460477,48241,47052,8023,55075,765
2021-02-25,Tuolumne,109,53932,3833,3894,33,3927,53
2021-02-25,Ventura,111,848112,77854,77395,2783,80178,751
2021-02-25,Yolo,113,214977,12898,12787,222,13009,188
2021-02-25,Yuba,115,75493,5505,5429,89,5518,39
2021-02-24,Alameda,001,1643700,80821,80070,1731,81801,1082
2021-02-24,Alpine,003,1148,79,77,0,77,0
2021-02-24,Amador,005,37829,3467,3444,30,3474,41
2021-02-24,Butte,007,227075,11328,10915,1608,12523,178
2021-02-24,Calaveras,009,45235,1898,1864,11,1875,31
2021-02-24,Colusa,011,21464,1871,1863,264,2127,11
2021-02-24,Contra Costa,013,1133247,63079,61776,1078,62854,663
2021-02-24,Del Norte,015,27424,1005,960,4,964,5
2021-02-24,El Dorado,017,186661,9136,8993,603,9596,98
2021-02-24,Fresno,019,978130,96240,94794,7704,102498,1369
2021-02-24,Glenn,021,27897,2249,2210,494,2704,14
2021-02-24,Humboldt,023,135768,3156,3123,22,3145,29
2021-02-24,Imperial,025,180216,27231,26843,2492,29335,596
2021-02-24,Inyo,027,18085,1295,1253,11,1264,32
2021-02-24,Kern,029,883053,93261,91525,9810,101335,992
2021-02-24,Kings,031,150075,22251,21871,970,22841,216
2021-02-24,Lake,033,64148,3177,3134,6,3140,40
2021-02-24,Lassen,035,31185,5120,5095,95,5190,1
2021-02-24,Los Angeles,037,10098052,1170779,1150322,39072,1189394,20817
2021-02-24,Madera,039,155013,15585,15390,823,16213,194
2021-02-24,Marin,041,260295,13192,13044,163,13207,214
2021-02-24,Mariposa,043,17540,377,374,5,379,4
2021-02-24,Mendocino,045,87422,3628,3540,71,3611,41
2021-02-24,Merced,047,269075,28383,28295,925,29220,383
2021-02-24,Modoc,049,8938,342,329,114,443,3
2021-02-24,Mono,051,14174,1178,1189,16,1205,3
2021-02-24,Monterey,053,433212,41930,41495,1695,43190,320
2021-02-24,Napa,055,140530,9028,8976,33,9009,70
2021-02-24,Nevada,057,99092,3996,3927,161,4088,66
2021-02-24,Orange,059,3164182,246866,244743,10239,254982,3835
2021-02-24,Placer,061,380077,20517,19648,1106,20754,239
2021-02-24,Plumas,063,18699,641,626,10,636,4
2021-02-24,Riverside,065,2383286,285336,278293,13431,291724,3603
2021-02-24,Sacramento,067,1510023,94303,92742,1235,93977,1375
2021-02-24,San Benito,069,59416,5740,5743,91,5834,57
2021-02-24,San Bernardino,071,2135413,285936,280583,8561,289144,3360
2021-02-24,San Diego,073,3302833,263677,258460,12828,271288,3230
2021-02-24,San Francisco,075,870044,34156,34061,1068,35129,406
2021-02-24,San Joaquin,077,732212,66721,65274,2760,68034,1019
2021-02-24,San Luis Obispo,079,281455,19689,19309,556,19865,233
2021-02-24,San Mateo,081,765935,39483,38763,408,39171,300
2021-02-24,Santa Barbara,083,443738,32192,31563,1047,32610,405
2021-02-24,Santa Clara,085,1922200,110211,109671,589,110260,1674
2021-02-24,Santa Cruz,087,273765,15389,14458,780,15238,185
2021-02-24,Shasta,089,179085,10931,10922,1212,12134,148
2021-02-24,Sierra,091,2930,51,47,12,59,0
2021-02-24,Siskiyou,093,43540,1490,1385,230,1615,4
2021-02-24,Solano,095,438530,29785,29577,359,29936,158
2021-02-24,Sonoma,097,501317,27953,27954,206,28160,278
2021-02-24,Stanislaus,099,539301,50571,49851,5344,55195,732
2021-02-24,Sutter,101,95872,8815,8778,81,8859,99
2021-02-24,Tehama,103,63373,4602,4566,492,5058,31
2021-02-24,Trinity,105,12862,467,294,78,372,3
2021-02-24,Tulare,107,460477,48185,46976,7995,54971,759
2021-02-24,Tuolumne,109,53932,3830,3887,33,3920,53
2021-02-24,Ventura,111,848112,77746,77238,2782,80020,718
2021-02-24,Yolo,113,214977,12885,12760,218,12978,188
2021-02-24,Yuba,115,75493,5494,5425,87,5512,39
2021-02-23,Alameda,001,1643700,80683,79948,1729,81677,1070
2021-02-23,Alpine,003,1148,78,77,0,77,0
2021-02-23,Amador,005,37829,3465,3440,30,3470,41
2021-02-23,Butte,007,227075,11312,10887,1605,12492,176
2021-02-23,Calaveras,009,45235,1897,1863,11,1874,21
2021-02-23,Colusa,011,21464,1868,1862,264,2126,11
2021-02-23,Contra Costa,013,1133247,62945,61613,1075,62688,661
2021-02-23,Del Norte,015,27424,1003,953,4,957,3
2021-02-23,El Dorado,017,186661,9123,8969,603,9572,96
2021-02-23,Fresno,019,978130,96079,94741,7690,102431,1356
2021-02-23,Glenn,021,27897,2247,2209,494,2703,14
2021-02-23,Humboldt,023,135768,3139,3108,22,3130,29
2021-02-23,Imperial,025,180216,27211,26816,2487,29303,591
2021-02-23,Inyo,027,18085,1291,1250,11,1261,32
2021-02-23,Kern,029,883053,93122,91390,9781,101171,982
2021-02-23,Kings,031,150075,22236,21839,966,22805,216
2021-02-23,Lake,033,64148,3169,3121,6,3127,40
2021-02-23,Lassen,035,31185,5117,5092,95,5187,1
2021-02-23,Los Angeles,037,10098052,1169909,1148965,39018,1187983,19887
2021-02-23,Madera,039,155013,15571,15352,817,16169,193
2021-02-23,Marin,041,260295,13172,13015,162,13177,214
2021-02-23,Mariposa,043,17540,377,374,5,379,4
2021-02-23,Mendocino,045,87422,3626,3540,70,3610,41
2021-02-23,Merced,047,269075,28303,28209,918,29127,381
2021-02-23,Modoc,049,8938,341,328,113,441,3
2021-02-23,Mono,051,14174,1178,1189,16,1205,3
2021-02-23,Monterey,053,433212,41890,41439,1690,43129,317
2021-02-23,Napa,055,140530,9016,8967,33,9000,70
2021-02-23,Nevada,057,99092,3988,3912,161,4073,66
2021-02-23,Orange,059,3164182,246668,244566,10220,254786,3843
2021-02-23,Placer,061,380077,20492,19608,1102,20710,238
2021-02-23,Plumas,063,18699,640,626,10,636,4
2021-02-23,Riverside,065,2383286,285099,278075,13416,291491,3599
2021-02-23,Sacramento,067,1510023,94146,92632,1229,93861,1370
2021-02-23,San Benito,069,59416,5734,5731,90,5821,57
2021-02-23,San Bernardino,071,2135413,285746,280279,8556,288835,3283
2021-02-23,San Diego,073,3302833,263300,257802,12798,270600,3218
2021-02-23,San Francisco,075,870044,34108,33994,1067,35061,405
2021-02-23,San Joaquin,077,732212,66621,65141,2753,67894,1004
2021-02-23,San Luis Obispo,079,281455,19660,19233,555,19788,230
2021-02-23,San Mateo,081,765935,39422,38662,408,39070,299
2021-02-23,Santa Barbara,083,443738,32137,31483,1045,32528,402
2021-02-23,Santa Clara,085,1922200,110014,109449,586,110035,1661
2021-02-23,Santa Cruz,087,273765,15360,14435,778,15213,178
2021-02-23,Shasta,089,179085,10919,10903,1208,12111,146
2021-02-23,Sierra,091,2930,51,47,12,59,0
2021-02-23,Siskiyou,093,43540,1485,1380,228,1608,4
2021-02-23,Solano,095,438530,29745,29545,356,29901,154
2021-02-23,Sonoma,097,501317,27910,27882,203,28085,278
2021-02-23,Stanislaus,099,539301,50493,49749,5328,55077,722
2021-02-23,Sutter,101,95872,8802,8766,81,8847,98
2021-02-23,Tehama,103,63373,4596,4556,491,5047,30
2021-02-23,Trinity,105,12862,467,292,77,369,3
2021-02-23,Tulare,107,460477,48107,46937,7961,54898,757
2021-02-23,Tuolumne,109,53932,3826,3864,33,3897,53
2021-02-23,Ventura,111,848112,77630,77093,2773,79866,689
2021-02-23,Yolo,113,214977,12856,12729,218,12947,188
2021-02-23,Yuba,115,75493,5481,5417,86,5503,38
2021-02-22,Alameda,001,1643700,80532,79796,1725,81521,1062
2021-02-22,Alpine,003,1148,78,77,0,77,0
2021-02-22,Amador,005,37829,3460,3438,30,3468,39
2021-02-22,Butte,007,227075,11299,10855,1600,12455,176
2021-02-22,Calaveras,009,45235,1895,1862,11,1873,21
2021-02-22,Colusa,011,21464,1868,1860,264,2124,11
2021-02-22,Contra Costa,013,1133247,62816,61478,1074,62552,661
2021-02-22,Del Norte,015,27424,1002,948,4,952,3
2021-02-22,El Dorado,017,186661,9106,8940,603,9543,96
2021-02-22,Fresno,019,978130,95917,94584,7673,102257,1351
2021-02-22,Glenn,021,27897,2242,2207,492,2699,14
2021-02-22,Humboldt,023,135768,3127,3095,22,3117,29
2021-02-22,Imperial,025,180216,27189,26778,2480,29258,590
2021-02-22,Inyo,027,18085,1286,1248,11,1259,32
2021-02-22,Kern,029,883053,93005,91201,9759,100960,982
2021-02-22,Kings,031,150075,22213,21801,963,22764,214
2021-02-22,Lake,033,64148,3163,3107,6,3113,40
2021-02-22,Lassen,035,31185,5117,5088,94,5182,1
2021-02-22,Los Angeles,037,10098052,1169037,1147541,38961,1186502,19730
2021-02-22,Madera,039,155013,15546,15325,813,16138,193
2021-02-22,Marin,041,260295,13147,12991,159,13150,213
2021-02-22,Mariposa,043,17540,376,374,5,379,4
2021-02-22,Mendocino,045,87422,3620,3535,70,3605,41
2021-02-22,Merced,047,269075,28240,28166,915,29081,379
2021-02-22,Modoc,049,8938,341,329,113,442,3
2021-02-22,Mono,051,14174,1174,1189,16,1205,3
2021-02-22,Monterey,053,433212,41845,41397,1684,43081,311
2021-02-22,Napa,055,140530,8989,8950,33,8983,69
2021-02-22,Nevada,057,99092,3979,3900,159,4059,66
2021-02-22,Orange,059,3164182,246432,244118,10202,254320,3843
2021-02-22,Placer,061,380077,20455,19587,1094,20681,238
2021-02-22,Plumas,063,18699,640,625,10,635,4
2021-02-22,Riverside,065,2383286,284836,277730,13408,291138,3567
2021-02-22,Sacramento,067,1510023,93979,92476,1218,93694,1359
2021-02-22,San Benito,069,59416,5732,5723,90,5813,57
2021-02-22,San Bernardino,071,2135413,285567,279984,8543,288527,3259
2021-02-22,San Diego,073,3302833,262890,257348,12765,270113,3189
2021-02-22,San Francisco,075,870044,34048,33947,1062,35009,405
2021-02-22,San Joaquin,077,732212,66525,65060,2740,67800,1001
2021-02-22,San Luis Obispo,079,281455,19623,19198,553,19751,229
2021-02-22,San Mateo,081,765935,39365,38542,405,38947,282
2021-02-22,Santa Barbara,083,443738,32071,31421,1042,32463,399
2021-02-22,Santa Clara,085,1922200,109805,109213,575,109788,1655
2021-02-22,Santa Cruz,087,273765,15334,14417,778,15195,176
2021-02-22,Shasta,089,179085,10904,10872,1203,12075,145
2021-02-22,Sierra,091,2930,51,47,12,59,0
2021-02-22,Siskiyou,093,43540,1479,1373,227,1600,4
2021-02-22,Solano,095,438530,29706,29508,355,29863,150
2021-02-22,Sonoma,097,501317,27865,27845,202,28047,278
2021-02-22,Stanislaus,099,539301,50392,49630,5310,54940,722
2021-02-22,Sutter,101,95872,8794,8698,81,8779,98
2021-02-22,Tehama,103,63373,4592,4550,490,5040,30
2021-02-22,Trinity,105,12862,467,287,76,363,3
2021-02-22,Tulare,107,460477,48045,46879,7929,54808,751
2021-02-22,Tuolumne,109,53932,3822,3856,33,3889,53
2021-02-22,Ventura,111,848112,77502,76947,2768,79715,677
2021-02-22,Yolo,113,214977,12829,12689,218,12907,183
2021-02-22,Yuba,115,75493,5478,5404,85,5489,38
2021-02-21,Alameda,001,1643700,80340,79649,1720,81369,1061
2021-02-21,Alpine,003,1148,78,77,0,77,0
2021-02-21,Amador,005,37829,3452,3435,30,3465,39
2021-02-21,Butte,007,227075,11281,10855,1598,12453,176
2021-02-21,Calaveras,009,45235,1894,1860,11,1871,21
2021-02-21,Colusa,011,21464,1867,1860,260,2120,11
2021-02-21,Contra Costa,013,1133247,62660,61364,1071,62435,661
2021-02-21,Del Norte,015,27424,996,942,4,946,3
2021-02-21,El Dorado,017,186661,9088,8927,602,9529,96
2021-02-21,Fresno,019,978130,95775,94374,7656,102030,1349
2021-02-21,Glenn,021,27897,2240,2201,490,2691,14
2021-02-21,Humboldt,023,135768,3115,3096,22,3118,29
2021-02-21,Imperial,025,180216,27175,26779,2478,29257,590
2021-02-21,Inyo,027,18085,1280,1232,11,1243,32
2021-02-21,Kern,029,883053,92880,91141,9721,100862,980
2021-02-21,Kings,031,150075,22177,21784,961,22745,213
2021-02-21,Lake,033,64148,3155,3100,6,3106,40
2021-02-21,Lassen,035,31185,5109,5077,94,5171,1
2021-02-21,Los Angeles,037,10098052,1168001,1146756,38913,1185669,19711
2021-02-21,Madera,039,155013,15513,15298,810,16108,192
2021-02-21,Marin,041,260295,13118,12968,159,13127,212
2021-02-21,Mariposa,043,17540,376,373,5,378,4
2021-02-21,Mendocino,045,87422,3615,3535,70,3605,41
2021-02-21,Merced,047,269075,28166,28106,899,29005,379
2021-02-21,Modoc,049,8938,338,329,113,442,3
2021-02-21,Mono,051,14174,1174,1189,16,1205,3
2021-02-21,Monterey,053,433212,41789,41373,1677,43050,309
2021-02-21,Napa,055,140530,8975,8929,33,8962,69
2021-02-21,Nevada,057,99092,3966,3895,159,4054,66
2021-02-21,Orange,059,3164182,246135,243985,10185,254170,3801
2021-02-21,Placer,061,380077,20419,19553,1090,20643,238
2021-02-21,Plumas,063,18699,640,625,10,635,4
2021-02-21,Riverside,065,2383286,284602,277555,13395,290950,3564
2021-02-21,Sacramento,067,1510023,93769,92288,1205,93493,1354
2021-02-21,San Benito,069,59416,5722,5716,87,5803,57
2021-02-21,San Bernardino,071,2135413,285342,279870,8529,288399,3247
2021-02-21,San Diego,073,3302833,262456,257027,12719,269746,3190
2021-02-21,San Francisco,075,870044,33984,33891,1058,34949,405
2021-02-21,San Joaquin,077,732212,66385,64997,2728,67725,1001
2021-02-21,San Luis Obispo,079,281455,19590,19178,551,19729,229
2021-02-21,San Mateo,081,765935,39303,38448,401,38849,282
2021-02-21,Santa Barbara,083,443738,32009,31374,1039,32413,399
2021-02-21,Santa Clara,085,1922200,109579,108992,566,109558,1654
2021-02-21,Santa Cruz,087,273765,15311,14401,777,15178,176
2021-02-21,Shasta,089,179085,10890,10867,1198,12065,145
2021-02-21,Sierra,091,2930,51,47,12,59,0
2021-02-21,Siskiyou,093,43540,1473,1371,227,1598,4
2021-02-21,Solano,095,438530,29651,29471,354,29825,150
2021-02-21,Sonoma,097,501317,27801,27793,195,27988,278
2021-02-21,Stanislaus,099,539301,50279,49527,5296,54823,726
2021-02-21,Sutter,101,95872,8777,8687,80,8767,97
2021-02-21,Tehama,103,63373,4583,4547,490,5037,30
2021-02-21,Trinity,105,12862,465,286,76,362,3
2021-02-21,Tulare,107,460477,47977,46830,7894,54724,749
2021-02-21,Tuolumne,109,53932,3808,3828,33,3861,53
2021-02-21,Ventura,111,848112,77353,76862,2754,79616,677
2021-02-21,Yolo,113,214977,12798,12670,218,12888,183
2021-02-21,Yuba,115,75493,5470,5396,84,5480,38
2021-02-20,Alameda,001,1643700,80249,79496,1715,81211,1055
2021-02-20,Alpine,003,1148,78,77,0,77,0
2021-02-20,Amador,005,37829,3450,3432,30,3462,39
2021-02-20,Butte,007,227075,11273,10838,1597,12435,176
2021-02-20,Calaveras,009,45235,1893,1858,11,1869,21
2021-02-20,Colusa,011,21464,1866,1858,260,2118,11
2021-02-20,Contra Costa,013,1133247,62576,61205,1069,62274,663
2021-02-20,Del Norte,015,27424,992,937,4,941,3
2021-02-20,El Dorado,017,186661,9078,8911,602,9513,96
2021-02-20,Fresno,019,978130,95691,94234,7636,101870,1341
2021-02-20,Glenn,021,27897,2236,2199,489,2688,14
2021-02-20,Humboldt,023,135768,3107,3073,22,3095,29
2021-02-20,Imperial,025,180216,27165,26771,2478,29249,590
2021-02-20,Inyo,027,18085,1276,1226,11,1237,32
2021-02-20,Kern,029,883053,92809,91025,9689,100714,968
2021-02-20,Kings,031,150075,22159,21773,960,22733,212
2021-02-20,Lake,033,64148,3148,3089,6,3095,40
2021-02-20,Lassen,035,31185,5107,5067,94,5161,1
2021-02-20,Los Angeles,037,10098052,1167434,1145594,38870,1184464,19630
2021-02-20,Madera,039,155013,15493,15274,809,16083,191
2021-02-20,Marin,041,260295,13097,12945,157,13102,211
2021-02-20,Mariposa,043,17540,376,372,5,377,4
2021-02-20,Mendocino,045,87422,3613,3533,70,3603,40
2021-02-20,Merced,047,269075,28123,28066,896,28962,379
2021-02-20,Modoc,049,8938,338,328,113,441,3
2021-02-20,Mono,051,14174,1173,1187,16,1203,3
2021-02-20,Monterey,053,433212,41767,41313,1675,42988,309
2021-02-20,Napa,055,140530,8966,8910,33,8943,69
2021-02-20,Nevada,057,99092,3956,3887,158,4045,66
2021-02-20,Orange,059,3164182,245965,243761,10171,253932,3755
2021-02-20,Placer,061,380077,20378,19509,1086,20595,236
2021-02-20,Plumas,063,18699,640,626,10,636,4
2021-02-20,Riverside,065,2383286,284448,277267,13386,290653,3559
2021-02-20,Sacramento,067,1510023,93646,92057,1203,93260,1352
2021-02-20,San Benito,069,59416,5711,5709,87,5796,57
2021-02-20,San Bernardino,071,2135413,285240,279608,8524,288132,3203
2021-02-20,San Diego,073,3302833,262214,256510,12690,269200,3188
2021-02-20,San Francisco,075,870044,33942,33820,1049,34869,399
2021-02-20,San Joaquin,077,732212,66315,64916,2723,67639,1001
2021-02-20,San Luis Obispo,079,281455,19566,19138,550,19688,229
2021-02-20,San Mateo,081,765935,39259,38371,400,38771,282
2021-02-20,Santa Barbara,083,443738,31975,31289,1038,32327,396
2021-02-20,Santa Clara,085,1922200,109401,108728,563,109291,1649
2021-02-20,Santa Cruz,087,273765,15300,14378,775,15153,176
2021-02-20,Shasta,089,179085,10876,10850,1193,12043,146
2021-02-20,Sierra,091,2930,51,47,12,59,0
2021-02-20,Siskiyou,093,43540,1470,1366,227,1593,4
2021-02-20,Solano,095,438530,29637,29440,352,29792,150
2021-02-20,Sonoma,097,501317,27772,27703,193,27896,278
2021-02-20,Stanislaus,099,539301,50228,49445,5282,54727,733
2021-02-20,Sutter,101,95872,8771,8681,80,8761,97
2021-02-20,Tehama,103,63373,4579,4545,490,5035,30
2021-02-20,Trinity,105,12862,464,285,75,360,3
2021-02-20,Tulare,107,460477,47941,46769,7872,54641,739
2021-02-20,Tuolumne,109,53932,3803,3823,33,3856,53
2021-02-20,Ventura,111,848112,77258,76757,2751,79508,671
2021-02-20,Yolo,113,214977,12784,12639,217,12856,183
2021-02-20,Yuba,115,75493,5467,5386,84,5470,38
2021-02-19,Alameda,001,1643700,80148,79318,1711,81029,1047
2021-02-19,Alpine,003,1148,78,77,0,77,0
2021-02-19,Amador,005,37829,3446,3427,30,3457,39
2021-02-19,Butte,007,227075,11259,10823,1590,12413,176
2021-02-19,Calaveras,009,45235,1892,1856,11,1867,21
2021-02-19,Colusa,011,21464,1866,1858,260,2118,11
2021-02-19,Contra Costa,013,1133247,62464,61017,1066,62083,651
2021-02-19,Del Norte,015,27424,987,932,4,936,2
2021-02-19,El Dorado,017,186661,9069,8882,601,9483,96
2021-02-19,Fresno,019,978130,95560,93973,7620,101593,1330
2021-02-19,Glenn,021,27897,2231,2199,488,2687,14
2021-02-19,Humboldt,023,135768,3095,3037,22,3059,29
2021-02-19,Imperial,025,180216,27159,26751,2475,29226,589
2021-02-19,Inyo,027,18085,1271,1212,11,1223,32
2021-02-19,Kern,029,883053,92740,90807,9648,100455,963
2021-02-19,Kings,031,150075,22145,21724,958,22682,211
2021-02-19,Lake,033,64148,3142,3078,6,3084,40
2021-02-19,Lassen,035,31185,5106,5057,94,5151,1
2021-02-19,Los Angeles,037,10098052,1166685,1143828,38830,1182658,19498
2021-02-19,Madera,039,155013,15476,15222,807,16029,188
2021-02-19,Marin,041,260295,13079,12919,156,13075,210
2021-02-19,Mariposa,043,17540,376,371,5,376,4
2021-02-19,Mendocino,045,87422,3611,3526,70,3596,39
2021-02-19,Merced,047,269075,28093,27985,893,28878,376
2021-02-19,Modoc,049,8938,338,328,113,441,3
2021-02-19,Mono,051,14174,1173,1186,16,1202,3
2021-02-19,Monterey,053,433212,41740,41209,1671,42880,309
2021-02-19,Napa,055,140530,8953,8899,33,8932,69
2021-02-19,Nevada,057,99092,3950,3863,158,4021,66
2021-02-19,Orange,059,3164182,245789,243397,10158,253555,3715
2021-02-19,Placer,061,380077,20356,19457,1086,20543,236
2021-02-19,Plumas,063,18699,638,624,10,634,4
2021-02-19,Riverside,065,2383286,284279,276941,13369,290310,3541
2021-02-19,Sacramento,067,1510023,93525,91815,1199,93014,1351
2021-02-19,San Benito,069,59416,5706,5699,87,5786,57
2021-02-19,San Bernardino,071,2135413,285104,279209,8519,287728,3117
2021-02-19,San Diego,073,3302833,261923,255799,12667,268466,3169
2021-02-19,San Francisco,075,870044,33894,33746,1043,34789,387
2021-02-19,San Joaquin,077,732212,66239,64774,2714,67488,988
2021-02-19,San Luis Obispo,079,281455,19535,19061,548,19609,230
2021-02-19,San Mateo,081,765935,39201,38256,398,38654,282
2021-02-19,Santa Barbara,083,443738,31911,31204,1037,32241,392
2021-02-19,Santa Clara,085,1922200,109189,108400,561,108961,1634
2021-02-19,Santa Cruz,087,273765,15285,14354,775,15129,176
2021-02-19,Shasta,089,179085,10865,10833,1190,12023,140
2021-02-19,Sierra,091,2930,51,47,12,59,0
2021-02-19,Siskiyou,093,43540,1466,1363,225,1588,4
2021-02-19,Solano,095,438530,29612,29383,351,29734,150
2021-02-19,Sonoma,097,501317,27725,27595,191,27786,280
2021-02-19,Stanislaus,099,539301,50167,49282,5266,54548,739
2021-02-19,Sutter,101,95872,8761,8665,80,8745,96
2021-02-19,Tehama,103,63373,4577,4535,490,5025,30
2021-02-19,Trinity,105,12862,462,282,73,355,3
2021-02-19,Tulare,107,460477,47896,46662,7847,54509,736
2021-02-19,Tuolumne,109,53932,3796,3817,33,3850,52
2021-02-19,Ventura,111,848112,77179,76582,2748,79330,667
2021-02-19,Yolo,113,214977,12768,12606,217,12823,183
2021-02-19,Yuba,115,75493,5457,5376,84,5460,38
2021-02-18,Alameda,001,1643700,80014,79111,1703,80814,1012
2021-02-18,Alpine,003,1148,78,77,0,77,0
2021-02-18,Amador,005,37829,3442,3417,29,3446,38
2021-02-18,Butte,007,227075,11241,10791,1588,12379,175
2021-02-18,Calaveras,009,45235,1887,1873,11,1884,21
2021-02-18,Colusa,011,21464,1864,1856,258,2114,11
2021-02-18,Contra Costa,013,1133247,62349,60868,1064,61932,640
2021-02-18,Del Norte,015,27424,982,929,4,933,2
2021-02-18,El Dorado,017,186661,9054,8850,600,9450,94
2021-02-18,Fresno,019,978130,95390,93734,7595,101329,1323
2021-02-18,Glenn,021,27897,2225,2195,488,2683,14
2021-02-18,Humboldt,023,135768,3083,3023,22,3045,29
2021-02-18,Imperial,025,180216,27133,26731,2468,29199,591
2021-02-18,Inyo,027,18085,1267,1213,10,1223,32
2021-02-18,Kern,029,883053,92586,90655,9618,100273,961
2021-02-18,Kings,031,150075,22121,21648,957,22605,211
2021-02-18,Lake,033,64148,3137,3066,6,3072,40
2021-02-18,Lassen,035,31185,5097,5052,94,5146,1
2021-02-18,Los Angeles,037,10098052,1165727,1141930,38765,1180695,19358
2021-02-18,Madera,039,155013,15454,15175,802,15977,188
2021-02-18,Marin,041,260295,13066,12895,155,13050,209
2021-02-18,Mariposa,043,17540,375,369,5,374,4
2021-02-18,Mendocino,045,87422,3608,3519,69,3588,39
2021-02-18,Merced,047,269075,28044,27870,887,28757,372
2021-02-18,Modoc,049,8938,336,327,112,439,3
2021-02-18,Mono,051,14174,1173,1182,16,1198,3
2021-02-18,Monterey,053,433212,41682,41091,1662,42753,307
2021-02-18,Napa,055,140530,8936,8877,33,8910,68
2021-02-18,Nevada,057,99092,3941,3836,157,3993,66
2021-02-18,Orange,059,3164182,245566,243098,10141,253239,3673
2021-02-18,Placer,061,380077,20329,19429,1085,20514,232
2021-02-18,Plumas,063,18699,638,624,10,634,4
2021-02-18,Riverside,065,2383286,283991,276595,13348,289943,3510
2021-02-18,Sacramento,067,1510023,93363,91476,1193,92669,1334
2021-02-18,San Benito,069,59416,5703,5697,86,5783,58
2021-02-18,San Bernardino,071,2135413,284894,278887,8505,287392,3066
2021-02-18,San Diego,073,3302833,261569,254987,12644,267631,3135
2021-02-18,San Francisco,075,870044,33836,33650,1040,34690,386
2021-02-18,San Joaquin,077,732212,66156,64634,2704,67338,982
2021-02-18,San Luis Obispo,079,281455,19493,18987,545,19532,230
2021-02-18,San Mateo,081,765935,39139,38185,394,38579,282
2021-02-18,Santa Barbara,083,443738,31833,31054,1030,32084,387
2021-02-18,Santa Clara,085,1922200,108964,108210,558,108768,1605
2021-02-18,Santa Cruz,087,273765,15259,14314,775,15089,176
2021-02-18,Shasta,089,179085,10847,10811,1187,11998,139
2021-02-18,Sierra,091,2930,50,47,12,59,0
2021-02-18,Siskiyou,093,43540,1461,1359,224,1583,4
2021-02-18,Solano,095,438530,29586,29349,350,29699,150
2021-02-18,Sonoma,097,501317,27657,27512,190,27702,281
2021-02-18,Stanislaus,099,539301,50066,49150,5249,54399,738
2021-02-18,Sutter,101,95872,8753,8654,80,8734,96
2021-02-18,Tehama,103,63373,4574,4528,490,5018,30
2021-02-18,Trinity,105,12862,461,282,73,355,3
2021-02-18,Tulare,107,460477,47833,46591,7807,54398,728
2021-02-18,Tuolumne,109,53932,3759,3811,33,3844,52
2021-02-18,Ventura,111,848112,77047,76442,2740,79182,659
2021-02-18,Yolo,113,214977,12742,12549,214,12763,183
2021-02-18,Yuba,115,75493,5440,5358,84,5442,38
2021-02-17,Alameda,001,1643700,79853,78895,1701,80596,1002
2021-02-17,Alpine,003,1148,78,77,0,77,0
2021-02-17,Amador,005,37829,3438,3415,29,3444,38
2021-02-17,Butte,007,227075,11223,10770,1584,12354,174
2021-02-17,Calaveras,009,45235,1887,1876,11,1887,21
2021-02-17,Colusa,011,21464,1861,1854,258,2112,10
2021-02-17,Contra Costa,013,1133247,62211,60723,1061,61784,635
2021-02-17,Del Norte,015,27424,975,920,4,924,2
2021-02-17,El Dorado,017,186661,9043,8847,600,9447,94
2021-02-17,Fresno,019,978130,95251,93555,7568,101123,1307
2021-02-17,Glenn,021,27897,2224,2189,487,2676,14
2021-02-17,Humboldt,023,135768,3068,3006,22,3028,29
2021-02-17,Imperial,025,180216,27119,26726,2464,29190,580
2021-02-17,Inyo,027,18085,1259,1197,10,1207,32
2021-02-17,Kern,029,883053,92468,90454,9573,100027,962
2021-02-17,Kings,031,150075,22083,21617,953,22570,211
2021-02-17,Lake,033,64148,3127,3057,2,3059,38
2021-02-17,Lassen,035,31185,5092,5052,93,5145,1
2021-02-17,Los Angeles,037,10098052,1164675,1139786,38701,1178487,19213
2021-02-17,Madera,039,155013,15429,15135,793,15928,177
2021-02-17,Marin,041,260295,13041,12881,155,13036,207
2021-02-17,Mariposa,043,17540,375,368,4,372,4
2021-02-17,Mendocino,045,87422,3606,3494,68,3562,39
2021-02-17,Merced,047,269075,27989,27824,878,28702,372
2021-02-17,Modoc,049,8938,336,327,112,439,3
2021-02-17,Mono,051,14174,1173,1180,16,1196,3
2021-02-17,Monterey,053,433212,41627,41014,1650,42664,304
2021-02-17,Napa,055,140530,8922,8865,33,8898,68
2021-02-17,Nevada,057,99092,3922,3822,154,3976,52
2021-02-17,Orange,059,3164182,245304,242716,10108,252824,3626
2021-02-17,Placer,061,380077,20296,19405,1081,20486,230
2021-02-17,Plumas,063,18699,637,623,10,633,4
2021-02-17,Riverside,065,2383286,283703,276289,13327,289616,3491
2021-02-17,Sacramento,067,1510023,93204,91309,1186,92495,1326
2021-02-17,San Benito,069,59416,5697,5661,86,5747,57
2021-02-17,San Bernardino,071,2135413,284690,278461,8486,286947,3020
2021-02-17,San Diego,073,3302833,261191,254177,12623,266800,3099
2021-02-17,San Francisco,075,870044,33760,33558,1035,34593,379
2021-02-17,San Joaquin,077,732212,66050,64556,2698,67254,979
2021-02-17,San Luis Obispo,079,281455,19448,18964,545,19509,230
2021-02-17,San Mateo,081,765935,39074,38124,393,38517,282
2021-02-17,Santa Barbara,083,443738,31765,30927,1029,31956,384
2021-02-17,Santa Clara,085,1922200,108732,107949,556,108505,1592
2021-02-17,Santa Cruz,087,273765,15226,14268,772,15040,174
2021-02-17,Shasta,089,179085,10827,10770,1186,11956,139
2021-02-17,Sierra,091,2930,50,47,12,59,0
2021-02-17,Siskiyou,093,43540,1455,1352,221,1573,4
2021-02-17,Solano,095,438530,29529,29288,350,29638,149
2021-02-17,Sonoma,097,501317,27585,27408,185,27593,281
2021-02-17,Stanislaus,099,539301,49955,49050,5233,54283,730
2021-02-17,Sutter,101,95872,8743,8681,80,8761,95
2021-02-17,Tehama,103,63373,4571,4511,490,5001,30
2021-02-17,Trinity,105,12862,461,277,71,348,3
2021-02-17,Tulare,107,460477,47768,46495,7781,54276,726
2021-02-17,Tuolumne,109,53932,3750,3806,33,3839,49
2021-02-17,Ventura,111,848112,76925,76234,2734,78968,646
2021-02-17,Yolo,113,214977,12723,12506,212,12718,182
2021-02-17,Yuba,115,75493,5431,5345,84,5429,38
2021-02-16,Alameda,001,1643700,79683,78756,1698,80454,997
2021-02-16,Alpine,003,1148,78,76,0,76,0
2021-02-16,Amador,005,37829,3431,3413,29,3442,39
2021-02-16,Butte,007,227075,11197,10748,1581,12329,164
2021-02-16,Calaveras,009,45235,1885,1872,11,1883,21
2021-02-16,Colusa,011,21464,1858,1852,256,2108,10
2021-02-16,Contra Costa,013,1133247,62060,60564,1056,61620,631
2021-02-16,Del Norte,015,27424,967,913,4,917,2
2021-02-16,El Dorado,017,186661,9033,8836,599,9435,94
2021-02-16,Fresno,019,978130,95086,93363,7538,100901,1293
2021-02-16,Glenn,021,27897,2220,2189,483,2672,14
2021-02-16,Humboldt,023,135768,3045,2994,21,3015,29
2021-02-16,Imperial,025,180216,27106,26711,2460,29171,580
2021-02-16,Inyo,027,18085,1251,1191,10,1201,32
2021-02-16,Kern,029,883053,92336,90267,9543,99810,959
2021-02-16,Kings,031,150075,22037,21583,949,22532,206
2021-02-16,Lake,033,64148,3120,3041,2,3043,38
2021-02-16,Lassen,035,31185,5080,5047,93,5140,1
2021-02-16,Los Angeles,037,10098052,1163421,1138262,38640,1176902,19044
2021-02-16,Madera,039,155013,15391,15120,788,15908,172
2021-02-16,Marin,041,260295,13013,12832,155,12987,205
2021-02-16,Mariposa,043,17540,375,367,4,371,4
2021-02-16,Mendocino,045,87422,3602,3489,68,3557,39
2021-02-16,Merced,047,269075,27908,27724,872,28596,368
2021-02-16,Modoc,049,8938,336,326,112,438,3
2021-02-16,Mono,051,14174,1173,1180,16,1196,3
2021-02-16,Monterey,053,433212,41551,40962,1641,42603,303
2021-02-16,Napa,055,140530,8909,8854,33,8887,66
2021-02-16,Nevada,057,99092,3909,3774,153,3927,47
2021-02-16,Orange,059,3164182,244982,242382,10092,252474,3612
2021-02-16,Placer,061,380077,20263,19367,1078,20445,230
2021-02-16,Plumas,063,18699,637,619,10,629,4
2021-02-16,Riverside,065,2383286,283399,275954,13304,289258,3471
2021-02-16,Sacramento,067,1510023,92950,91246,1180,92426,1305
2021-02-16,San Benito,069,59416,5689,5659,85,5744,56
2021-02-16,San Bernardino,071,2135413,284468,277947,8475,286422,2978
2021-02-16,San Diego,073,3302833,260726,253638,12584,266222,3042
2021-02-16,San Francisco,075,870044,33689,33491,1030,34521,373
2021-02-16,San Joaquin,077,732212,65920,64448,2695,67143,979
2021-02-16,San Luis Obispo,079,281455,19403,18925,542,19467,229
2021-02-16,San Mateo,081,765935,39015,38041,391,38432,277
2021-02-16,Santa Barbara,083,443738,31691,30865,1026,31891,378
2021-02-16,Santa Clara,085,1922200,108480,107754,553,108307,1591
2021-02-16,Santa Cruz,087,273765,15206,14256,771,15027,174
2021-02-16,Shasta,089,179085,10812,10736,1184,11920,139
2021-02-16,Sierra,091,2930,50,47,12,59,0
2021-02-16,Siskiyou,093,43540,1451,1351,221,1572,4
2021-02-16,Solano,095,438530,29491,29246,349,29595,148
2021-02-16,Sonoma,097,501317,27526,27380,179,27559,279
2021-02-16,Stanislaus,099,539301,49831,48927,5219,54146,716
2021-02-16,Sutter,101,95872,8720,8671,80,8751,95
2021-02-16,Tehama,103,63373,4562,4501,488,4989,30
2021-02-16,Trinity,105,12862,457,275,71,346,3
2021-02-16,Tulare,107,460477,47704,46444,7737,54181,716
2021-02-16,Tuolumne,109,53932,3748,3796,33,3829,49
2021-02-16,Ventura,111,848112,76783,76043,2730,78773,631
2021-02-16,Yolo,113,214977,12694,12457,212,12669,175
2021-02-16,Yuba,115,75493,5424,5332,83,5415,38
2021-02-15,Alameda,001,1643700,79486,78647,1687,80334,996
2021-02-15,Alpine,003,1148,78,76,0,76,0
2021-02-15,Amador,005,37829,3427,3409,29,3438,39
2021-02-15,Butte,007,227075,11179,10723,1577,12300,155
2021-02-15,Calaveras,009,45235,1881,1871,11,1882,21
2021-02-15,Colusa,011,21464,1858,1849,252,2101,10
2021-02-15,Contra Costa,013,1133247,61888,60444,1050,61494,631
2021-02-15,Del Norte,015,27424,963,913,4,917,2
2021-02-15,El Dorado,017,186661,9016,8816,599,9415,94
2021-02-15,Fresno,019,978130,94887,93231,7499,100730,1288
2021-02-15,Glenn,021,27897,2218,2185,482,2667,14
2021-02-15,Humboldt,023,135768,3038,2997,21,3018,29
2021-02-15,Imperial,025,180216,27086,26700,2457,29157,580
2021-02-15,Inyo,027,18085,1232,1184,10,1194,32
2021-02-15,Kern,029,883053,92192,90181,9511,99692,959
2021-02-15,Kings,031,150075,21992,21574,945,22519,205
2021-02-15,Lake,033,64148,3106,3030,1,3031,38
2021-02-15,Lassen,035,31185,5078,5047,92,5139,1
2021-02-15,Los Angeles,037,10098052,1162032,1137164,38577,1175741,18925
2021-02-15,Madera,039,155013,15360,15108,786,15894,106
2021-02-15,Marin,041,260295,12992,12810,152,12962,203
2021-02-15,Mariposa,043,17540,373,367,4,371,4
2021-02-15,Mendocino,045,87422,3590,3481,68,3549,39
2021-02-15,Merced,047,269075,27834,27656,864,28520,368
2021-02-15,Modoc,049,8938,336,326,112,438,3
2021-02-15,Mono,051,14174,1170,1178,16,1194,3
2021-02-15,Monterey,053,433212,41487,40911,1628,42539,302
2021-02-15,Napa,055,140530,8895,8837,33,8870,57
2021-02-15,Nevada,057,99092,3892,3767,152,3919,47
2021-02-15,Orange,059,3164182,244662,242176,10063,252239,3586
2021-02-15,Placer,061,380077,20237,19361,1077,20438,230
2021-02-15,Plumas,063,18699,637,620,10,630,4
2021-02-15,Riverside,065,2383286,283045,275771,13285,289056,3468
2021-02-15,Sacramento,067,1510023,92623,91091,1175,92266,1304
2021-02-15,San Benito,069,59416,5683,5649,85,5734,56
2021-02-15,San Bernardino,071,2135413,284217,277869,8467,286336,2945
2021-02-15,San Diego,073,3302833,260212,252940,12553,265493,3037
2021-02-15,San Francisco,075,870044,33616,33454,1024,34478,373
2021-02-15,San Joaquin,077,732212,65756,64382,2688,67070,979
2021-02-15,San Luis Obispo,079,281455,19350,18891,540,19431,227
2021-02-15,San Mateo,081,765935,38936,37969,388,38357,277
2021-02-15,Santa Barbara,083,443738,31588,30810,1023,31833,378
2021-02-15,Santa Clara,085,1922200,108250,107630,551,108181,1588
2021-02-15,Santa Cruz,087,273765,15174,14239,768,15007,175
2021-02-15,Shasta,089,179085,10792,10730,1179,11909,139
2021-02-15,Sierra,091,2930,50,47,12,59,0
2021-02-15,Siskiyou,093,43540,1443,1345,220,1565,4
2021-02-15,Solano,095,438530,29436,29225,349,29574,148
2021-02-15,Sonoma,097,501317,27442,27359,175,27534,276
2021-02-15,Stanislaus,099,539301,49704,48808,5206,54014,716
2021-02-15,Sutter,101,95872,8705,8652,80,8732,95
2021-02-15,Tehama,103,63373,4553,4492,487,4979,30
2021-02-15,Trinity,105,12862,456,274,71,345,3
2021-02-15,Tulare,107,460477,47633,46344,7698,54042,715
2021-02-15,Tuolumne,109,53932,3738,3794,33,3827,49
2021-02-15,Ventura,111,848112,76628,75889,2727,78616,629
2021-02-15,Yolo,113,214977,12659,12412,206,12618,175
2021-02-15,Yuba,115,75493,5407,5320,82,5402,38
2021-02-14,Alameda,001,1643700,79335,78442,1686,80128,995
2021-02-14,Alpine,003,1148,78,76,0,76,0
2021-02-14,Amador,005,37829,3422,3398,29,3427,39
2021-02-14,Butte,007,227075,11155,10717,1574,12291,155
2021-02-14,Calaveras,009,45235,1877,1866,11,1877,21
2021-02-14,Colusa,011,21464,1854,1845,249,2094,10
2021-02-14,Contra Costa,013,1133247,61738,60272,1047,61319,631
2021-02-14,Del Norte,015,27424,959,911,4,915,2
2021-02-14,El Dorado,017,186661,8985,8790,598,9388,94
2021-02-14,Fresno,019,978130,94716,93065,7476,100541,1287
2021-02-14,Glenn,021,27897,2215,2184,482,2666,14
2021-02-14,Humboldt,023,135768,3025,2992,21,3013,29
2021-02-14,Imperial,025,180216,27079,26696,2456,29152,580
2021-02-14,Inyo,027,18085,1226,1177,10,1187,32
2021-02-14,Kern,029,883053,92032,90038,9458,99496,959
2021-02-14,Kings,031,150075,21966,21538,943,22481,205
2021-02-14,Lake,033,64148,3095,3030,1,3031,38
2021-02-14,Lassen,035,31185,5074,5037,92,5129,1
2021-02-14,Los Angeles,037,10098052,1160689,1135450,38492,1173942,18898
2021-02-14,Madera,039,155013,15328,15089,782,15871,106
2021-02-14,Marin,041,260295,12968,12784,152,12936,201
2021-02-14,Mariposa,043,17540,373,365,4,369,4
2021-02-14,Mendocino,045,87422,3584,3475,68,3543,39
2021-02-14,Merced,047,269075,27752,27601,859,28460,368
2021-02-14,Modoc,049,8938,336,326,112,438,3
2021-02-14,Mono,051,14174,1169,1180,16,1196,3
2021-02-14,Monterey,053,433212,41436,40842,1623,42465,302
2021-02-14,Napa,055,140530,8875,8826,33,8859,57
2021-02-14,Nevada,057,99092,3876,3761,152,3913,47
2021-02-14,Orange,059,3164182,244348,241859,10044,251903,3564
2021-02-14,Placer,061,380077,20198,19313,1072,20385,230
2021-02-14,Plumas,063,18699,636,620,10,630,4
2021-02-14,Riverside,065,2383286,282713,275518,13266,288784,3471
2021-02-14,Sacramento,067,1510023,92416,90856,1171,92027,1304
2021-02-14,San Benito,069,59416,5674,5641,84,5725,56
2021-02-14,San Bernardino,071,2135413,283911,277664,8447,286111,2929
2021-02-14,San Diego,073,3302833,259720,252247,12506,264753,3037
2021-02-14,San Francisco,075,870044,33542,33374,1016,34390,372
2021-02-14,San Joaquin,077,732212,65658,64243,2674,66917,979
2021-02-14,San Luis Obispo,079,281455,19312,18868,537,19405,225
2021-02-14,San Mateo,081,765935,38851,37859,388,38247,277
2021-02-14,Santa Barbara,083,443738,31496,30744,1019,31763,377
2021-02-14,Santa Clara,085,1922200,108051,107412,547,107959,1582
2021-02-14,Santa Cruz,087,273765,15146,14225,763,14988,175
2021-02-14,Shasta,089,179085,10760,10720,1174,11894,139
2021-02-14,Sierra,091,2930,50,47,12,59,0
2021-02-14,Siskiyou,093,43540,1439,1340,220,1560,4
2021-02-14,Solano,095,438530,29394,29150,346,29496,148
2021-02-14,Sonoma,097,501317,27367,27266,173,27439,276
2021-02-14,Stanislaus,099,539301,49594,48672,5191,53863,716
2021-02-14,Sutter,101,95872,8682,8642,80,8722,95
2021-02-14,Tehama,103,63373,4547,4490,484,4974,30
2021-02-14,Trinity,105,12862,456,272,71,343,3
2021-02-14,Tulare,107,460477,47548,46263,7649,53912,715
2021-02-14,Tuolumne,109,53932,3737,3764,33,3797,49
2021-02-14,Ventura,111,848112,76459,75742,2716,78458,629
2021-02-14,Yolo,113,214977,12630,12399,205,12604,175
2021-02-14,Yuba,115,75493,5397,5314,82,5396,38
2021-02-13,Alameda,001,1643700,79213,78246,1683,79929,995
2021-02-13,Alpine,003,1148,78,76,0,76,0
2021-02-13,Amador,005,37829,3419,3387,29,3416,38
2021-02-13,Butte,007,227075,11139,10699,1572,12271,155
2021-02-13,Calaveras,009,45235,1874,1863,11,1874,21
2021-02-13,Colusa,011,21464,1854,1837,249,2086,10
2021-02-13,Contra Costa,013,1133247,61617,60100,1047,61147,629
2021-02-13,Del Norte,015,27424,957,908,4,912,2
2021-02-13,El Dorado,017,186661,8973,8758,597,9355,93
2021-02-13,Fresno,019,978130,94602,92807,7454,100261,1287
2021-02-13,Glenn,021,27897,2214,2182,480,2662,14
2021-02-13,Humboldt,023,135768,3012,2974,20,2994,29
2021-02-13,Imperial,025,180216,27072,26680,2454,29134,580
2021-02-13,Inyo,027,18085,1222,1168,10,1178,32
2021-02-13,Kern,029,883053,91943,89915,9432,99347,957
2021-02-13,Kings,031,150075,21951,21513,941,22454,205
2021-02-13,Lake,033,64148,3086,3025,1,3026,37
2021-02-13,Lassen,035,31185,5071,5028,92,5120,1
2021-02-13,Los Angeles,037,10098052,1159830,1133752,38444,1172196,18822
2021-02-13,Madera,039,155013,15319,15053,778,15831,106
2021-02-13,Marin,041,260295,12944,12757,152,12909,201
2021-02-13,Mariposa,043,17540,373,365,4,369,4
2021-02-13,Mendocino,045,87422,3574,3466,68,3534,38
2021-02-13,Merced,047,269075,27708,27541,856,28397,368
2021-02-13,Modoc,049,8938,336,325,112,437,3
2021-02-13,Mono,051,14174,1169,1176,16,1192,3
2021-02-13,Monterey,053,433212,41404,40731,1622,42353,301
2021-02-13,Napa,055,140530,8866,8809,33,8842,57
2021-02-13,Nevada,057,99092,3867,3742,151,3893,47
2021-02-13,Orange,059,3164182,244142,241545,10025,251570,3520
2021-02-13,Placer,061,380077,20178,19214,1072,20286,230
2021-02-13,Plumas,063,18699,636,616,10,626,4
2021-02-13,Riverside,065,2383286,282485,275276,13257,288533,3462
2021-02-13,Sacramento,067,1510023,92249,90401,1168,91569,1302
2021-02-13,San Benito,069,59416,5657,5633,84,5717,56
2021-02-13,San Bernardino,071,2135413,283759,277405,8435,285840,2899
2021-02-13,San Diego,073,3302833,259388,251679,12494,264173,3009
2021-02-13,San Francisco,075,870044,33492,33291,1006,34297,364
2021-02-13,San Joaquin,077,732212,65589,64105,2664,66769,977
2021-02-13,San Luis Obispo,079,281455,19284,18803,531,19334,225
2021-02-13,San Mateo,081,765935,38798,37745,388,38133,277
2021-02-13,Santa Barbara,083,443738,31444,30594,1017,31611,374
2021-02-13,Santa Clara,085,1922200,107862,107125,543,107668,1570
2021-02-13,Santa Cruz,087,273765,15119,14198,762,14960,173
2021-02-13,Shasta,089,179085,10747,10713,1169,11882,139
2021-02-13,Sierra,091,2930,50,47,12,59,0
2021-02-13,Siskiyou,093,43540,1436,1336,220,1556,4
2021-02-13,Solano,095,438530,29358,29084,346,29430,148
2021-02-13,Sonoma,097,501317,27319,27157,171,27328,276
2021-02-13,Stanislaus,099,539301,49523,48568,5185,53753,697
2021-02-13,Sutter,101,95872,8670,8626,80,8706,94
2021-02-13,Tehama,103,63373,4536,4484,483,4967,30
2021-02-13,Trinity,105,12862,455,272,70,342,3
2021-02-13,Tulare,107,460477,47497,46162,7618,53780,709
2021-02-13,Tuolumne,109,53932,3736,3752,33,3785,49
2021-02-13,Ventura,111,848112,76319,75481,2710,78191,618
2021-02-13,Yolo,113,214977,12617,12374,204,12578,175
2021-02-13,Yuba,115,75493,5389,5289,82,5371,38
2021-02-12,Alameda,001,1643700,79066,77958,1677,79635,974
2021-02-12,Alpine,003,1148,78,76,0,76,0
2021-02-12,Amador,005,37829,3415,3381,29,3410,38
2021-02-12,Butte,007,227075,11126,10655,1565,12220,155
2021-02-12,Calaveras,009,45235,1871,1860,11,1871,21
2021-02-12,Colusa,011,21464,1854,1836,249,2085,10
2021-02-12,Contra Costa,013,1133247,61465,59878,1043,60921,620
2021-02-12,Del Norte,015,27424,947,901,4,905,2
2021-02-12,El Dorado,017,186661,8957,8725,594,9319,92
2021-02-12,Fresno,019,978130,94448,92520,7434,99954,1273
2021-02-12,Glenn,021,27897,2211,2175,480,2655,14
2021-02-12,Humboldt,023,135768,3004,2961,20,2981,29
2021-02-12,Imperial,025,180216,27064,26646,2451,29097,585
2021-02-12,Inyo,027,18085,1216,1156,10,1166,32
2021-02-12,Kern,029,883053,91829,89532,9398,98930,949
2021-02-12,Kings,031,150075,21919,21462,936,22398,202
2021-02-12,Lake,033,64148,3081,3012,1,3013,36
2021-02-12,Lassen,035,31185,5069,5015,92,5107,1
2021-02-12,Los Angeles,037,10098052,1158624,1131185,38375,1169560,18637
2021-02-12,Madera,039,155013,15292,15022,775,15797,106
2021-02-12,Marin,041,260295,12918,12720,152,12872,200
2021-02-12,Mariposa,043,17540,372,365,4,369,4
2021-02-12,Mendocino,045,87422,3572,3447,68,3515,38
2021-02-12,Merced,047,269075,27657,27453,853,28306,367
2021-02-12,Modoc,049,8938,336,324,112,436,3
2021-02-12,Mono,051,14174,1168,1172,16,1188,3
2021-02-12,Monterey,053,433212,41356,40633,1613,42246,297
2021-02-12,Napa,055,140530,8854,8785,33,8818,55
2021-02-12,Nevada,057,99092,3862,3728,151,3879,47
2021-02-12,Orange,059,3164182,243903,241075,10010,251085,3505
2021-02-12,Placer,061,380077,20136,19174,1067,20241,230
2021-02-12,Plumas,063,18699,635,614,10,624,4
2021-02-12,Riverside,065,2383286,282207,274792,13240,288032,3438
2021-02-12,Sacramento,067,1510023,92047,90252,1167,91419,1295
2021-02-12,San Benito,069,59416,5641,5622,83,5705,56
2021-02-12,San Bernardino,071,2135413,283569,276890,8424,285314,2827
2021-02-12,San Diego,073,3302833,259002,250788,12468,263256,2979
2021-02-12,San Francisco,075,870044,33432,33179,1002,34181,359
2021-02-12,San Joaquin,077,732212,65494,63966,2656,66622,975
2021-02-12,San Luis Obispo,079,281455,19243,18687,530,19217,224
2021-02-12,San Mateo,081,765935,38726,37560,388,37948,254
2021-02-12,Santa Barbara,083,443738,31373,30454,1012,31466,372
2021-02-12,Santa Clara,085,1922200,107690,106759,540,107299,1543
2021-02-12,Santa Cruz,087,273765,15099,14147,762,14909,170
2021-02-12,Shasta,089,179085,10729,10693,1159,11852,142
2021-02-12,Sierra,091,2930,49,45,12,57,0
2021-02-12,Siskiyou,093,43540,1432,1324,217,1541,4
2021-02-12,Solano,095,438530,29326,28996,343,29339,147
2021-02-12,Sonoma,097,501317,27264,27064,167,27231,275
2021-02-12,Stanislaus,099,539301,49435,48418,5163,53581,697
2021-02-12,Sutter,101,95872,8657,8609,80,8689,93
2021-02-12,Tehama,103,63373,4529,4470,482,4952,27
2021-02-12,Trinity,105,12862,455,269,70,339,3
2021-02-12,Tulare,107,460477,47419,46016,7591,53607,710
2021-02-12,Tuolumne,109,53932,3733,3736,32,3768,49
2021-02-12,Ventura,111,848112,76149,75210,2704,77914,605
2021-02-12,Yolo,113,214977,12596,12340,204,12544,175
2021-02-12,Yuba,115,75493,5381,5274,82,5356,38
2021-02-11,Alameda,001,1643700,78839,77564,1672,79236,960
2021-02-11,Alpine,003,1148,77,76,0,76,0
2021-02-11,Amador,005,37829,3411,3368,29,3397,35
2021-02-11,Butte,007,227075,11103,10624,1564,12188,155
2021-02-11,Calaveras,009,45235,1868,1856,11,1867,21
2021-02-11,Colusa,011,21464,1849,1823,247,2070,10
2021-02-11,Contra Costa,013,1133247,61298,59633,1039,60672,605
2021-02-11,Del Norte,015,27424,942,894,4,898,2
2021-02-11,El Dorado,017,186661,8936,8698,594,9292,92
2021-02-11,Fresno,019,978130,94295,92168,7409,99577,1255
2021-02-11,Glenn,021,27897,2206,2166,479,2645,14
2021-02-11,Humboldt,023,135768,2991,2954,19,2973,29
2021-02-11,Imperial,025,180216,27040,26545,2449,28994,578
2021-02-11,Inyo,027,18085,1207,1144,10,1154,32
2021-02-11,Kern,029,883053,91638,89224,9355,98579,941
2021-02-11,Kings,031,150075,21889,21373,933,22306,202
2021-02-11,Lake,033,64148,3071,3002,1,3003,36
2021-02-11,Lassen,035,31185,5058,5004,89,5093,1
2021-02-11,Los Angeles,037,10098052,1156993,1128437,38306,1166743,18500
2021-02-11,Madera,039,155013,15271,14984,773,15757,106
2021-02-11,Marin,041,260295,12881,12682,152,12834,200
2021-02-11,Mariposa,043,17540,372,361,4,365,4
2021-02-11,Mendocino,045,87422,3565,3420,68,3488,38
2021-02-11,Merced,047,269075,27591,27325,849,28174,363
2021-02-11,Modoc,049,8938,335,317,112,429,3
2021-02-11,Mono,051,14174,1164,1173,16,1189,3
2021-02-11,Monterey,053,433212,41250,40469,1607,42076,295
2021-02-11,Napa,055,140530,8833,8777,33,8810,55
2021-02-11,Nevada,057,99092,3846,3720,151,3871,47
2021-02-11,Orange,059,3164182,243537,240590,9986,250576,3476
2021-02-11,Placer,061,380077,20096,19118,1066,20184,224
2021-02-11,Plumas,063,18699,634,592,10,602,4
2021-02-11,Riverside,065,2383286,281841,274313,13225,287538,3394
2021-02-11,Sacramento,067,1510023,91804,89988,1161,91149,1286
2021-02-11,San Benito,069,59416,5632,5609,83,5692,56
2021-02-11,San Bernardino,071,2135413,283270,276349,8410,284759,2774
2021-02-11,San Diego,073,3302833,258449,249971,12434,262405,2955
2021-02-11,San Francisco,075,870044,33348,33076,993,34069,356
2021-02-11,San Joaquin,077,732212,65325,63719,2646,66365,971
2021-02-11,San Luis Obispo,079,281455,19178,18615,526,19141,219
2021-02-11,San Mateo,081,765935,38635,37439,386,37825,253
2021-02-11,Santa Barbara,083,443738,31276,30375,1007,31382,370
2021-02-11,Santa Clara,085,1922200,107430,106392,534,106926,1507
2021-02-11,Santa Cruz,087,273765,15076,14088,757,14845,165
2021-02-11,Shasta,089,179085,10705,10672,1155,11827,140
2021-02-11,Sierra,091,2930,49,45,12,57,0
2021-02-11,Siskiyou,093,43540,1417,1320,217,1537,4
2021-02-11,Solano,095,438530,29273,28885,343,29228,138
2021-02-11,Sonoma,097,501317,27179,26971,164,27135,272
2021-02-11,Stanislaus,099,539301,49290,48205,5151,53356,697
2021-02-11,Sutter,101,95872,8643,8590,79,8669,93
2021-02-11,Tehama,103,63373,4523,4463,482,4945,26
2021-02-11,Trinity,105,12862,455,269,70,339,3
2021-02-11,Tulare,107,460477,47324,45897,7550,53447,706
2021-02-11,Tuolumne,109,53932,3696,3716,32,3748,48
2021-02-11,Ventura,111,848112,75947,74959,2695,77654,590
2021-02-11,Yolo,113,214977,12572,12303,202,12505,173
2021-02-11,Yuba,115,75493,5367,5261,81,5342,38
2021-02-10,Alameda,001,1643700,78636,77344,1671,79015,944
2021-02-10,Alpine,003,1148,77,76,0,76,0
2021-02-10,Amador,005,37829,3399,3348,29,3377,35
2021-02-10,Butte,007,227075,11075,10594,1563,12157,155
2021-02-10,Calaveras,009,45235,1866,1850,11,1861,21
2021-02-10,Colusa,011,21464,1842,1815,245,2060,10
2021-02-10,Contra Costa,013,1133247,61123,59488,1037,60525,590
2021-02-10,Del Norte,015,27424,936,888,4,892,2
2021-02-10,El Dorado,017,186661,8905,8682,590,9272,87
2021-02-10,Fresno,019,978130,94120,91876,7383,99259,1247
2021-02-10,Glenn,021,27897,2202,2160,477,2637,14
2021-02-10,Humboldt,023,135768,2983,2924,19,2943,29
2021-02-10,Imperial,025,180216,27002,26522,2446,28968,578
2021-02-10,Inyo,027,18085,1195,1138,10,1148,30
2021-02-10,Kern,029,883053,91432,88933,9301,98234,926
2021-02-10,Kings,031,150075,21846,21294,931,22225,197
2021-02-10,Lake,033,64148,3058,2975,1,2976,36
2021-02-10,Lassen,035,31185,5054,4993,89,5082,1
2021-02-10,Los Angeles,037,10098052,1155246,1125437,38177,1163614,18338
2021-02-10,Madera,039,155013,15232,14925,771,15696,105
2021-02-10,Marin,041,260295,12844,12651,152,12803,199
2021-02-10,Mariposa,043,17540,370,360,4,364,4
2021-02-10,Mendocino,045,87422,3550,3395,68,3463,38
2021-02-10,Merced,047,269075,27508,27246,838,28084,359
2021-02-10,Modoc,049,8938,334,315,110,425,3
2021-02-10,Mono,051,14174,1159,1170,16,1186,3
2021-02-10,Monterey,053,433212,41173,40366,1592,41958,288
2021-02-10,Napa,055,140530,8814,8769,33,8802,55
2021-02-10,Nevada,057,99092,3831,3693,149,3842,47
2021-02-10,Orange,059,3164182,243120,239974,9955,249929,3439
2021-02-10,Placer,061,380077,20057,19062,1061,20123,220
2021-02-10,Plumas,063,18699,631,589,10,599,2
2021-02-10,Riverside,065,2383286,281414,273721,13215,286936,3374
2021-02-10,Sacramento,067,1510023,91553,89653,1157,90810,1275
2021-02-10,San Benito,069,59416,5618,5591,83,5674,55
2021-02-10,San Bernardino,071,2135413,282913,275616,8394,284010,2696
2021-02-10,San Diego,073,3302833,257867,248858,12396,261254,2904
2021-02-10,San Francisco,075,870044,33265,32955,990,33945,351
2021-02-10,San Joaquin,077,732212,65183,63484,2632,66116,954
2021-02-10,San Luis Obispo,079,281455,19099,18549,524,19073,216
2021-02-10,San Mateo,081,765935,38545,37323,386,37709,245
2021-02-10,Santa Barbara,083,443738,31185,30216,1002,31218,359
2021-02-10,Santa Clara,085,1922200,107190,106048,531,106579,1489
2021-02-10,Santa Cruz,087,273765,15040,14007,755,14762,165
2021-02-10,Shasta,089,179085,10682,10645,1152,11797,142
2021-02-10,Sierra,091,2930,49,45,12,57,0
2021-02-10,Siskiyou,093,43540,1412,1314,216,1530,4
2021-02-10,Solano,095,438530,29198,28835,341,29176,137
2021-02-10,Sonoma,097,501317,27084,26881,162,27043,271
2021-02-10,Stanislaus,099,539301,49173,48016,5135,53151,696
2021-02-10,Sutter,101,95872,8626,8571,79,8650,93
2021-02-10,Tehama,103,63373,4515,4445,482,4927,23
2021-02-10,Trinity,105,12862,452,268,70,338,3
2021-02-10,Tulare,107,460477,47207,45782,7511,53293,696
2021-02-10,Tuolumne,109,53932,3688,3691,32,3723,48
2021-02-10,Ventura,111,848112,75719,74651,2678,77329,580
2021-02-10,Yolo,113,214977,12548,12276,201,12477,174
2021-02-10,Yuba,115,75493,5349,5241,81,5322,38
2021-02-09,Alameda,001,1643700,78372,77018,1667,78685,936
2021-02-09,Alpine,003,1148,77,76,0,76,0
2021-02-09,Amador,005,37829,3391,3347,29,3376,35
2021-02-09,Butte,007,227075,11049,10563,1560,12123,153
2021-02-09,Calaveras,009,45235,1862,1847,11,1858,21
2021-02-09,Colusa,011,21464,1833,1812,240,2052,10
2021-02-09,Contra Costa,013,1133247,60933,59307,1031,60338,583
2021-02-09,Del Norte,015,27424,930,886,4,890,2
2021-02-09,El Dorado,017,186661,8878,8663,589,9252,87
2021-02-09,Fresno,019,978130,93878,91730,7355,99085,1211
2021-02-09,Glenn,021,27897,2198,2156,477,2633,14
2021-02-09,Humboldt,023,135768,2975,2904,19,2923,29
2021-02-09,Imperial,025,180216,26971,26509,2443,28952,568
2021-02-09,Inyo,027,18085,1187,1137,10,1147,30
2021-02-09,Kern,029,883053,91180,88684,9255,97939,920
2021-02-09,Kings,031,150075,21804,21275,929,22204,196
2021-02-09,Lake,033,64148,3047,2955,1,2956,36
2021-02-09,Lassen,035,31185,5047,4983,89,5072,1
2021-02-09,Los Angeles,037,10098052,1153272,1122745,38093,1160838,18198
2021-02-09,Madera,039,155013,15212,14912,768,15680,105
2021-02-09,Marin,041,260295,12811,12623,151,12774,197
2021-02-09,Mariposa,043,17540,368,355,4,359,4
2021-02-09,Mendocino,045,87422,3532,3369,68,3437,38
2021-02-09,Merced,047,269075,27410,27166,833,27999,354
2021-02-09,Modoc,049,8938,333,316,110,426,3
2021-02-09,Mono,051,14174,1158,1167,16,1183,3
2021-02-09,Monterey,053,433212,41065,40279,1579,41858,285
2021-02-09,Napa,055,140530,8801,8749,33,8782,55
2021-02-09,Nevada,057,99092,3815,3687,149,3836,44
2021-02-09,Orange,059,3164182,242708,239169,9924,249093,3406
2021-02-09,Placer,061,380077,19992,19008,1054,20062,220
2021-02-09,Plumas,063,18699,631,584,10,594,2
2021-02-09,Riverside,065,2383286,280920,273465,13198,286663,3334
2021-02-09,Sacramento,067,1510023,91242,89378,1156,90534,1265
2021-02-09,San Benito,069,59416,5606,5566,82,5648,54
2021-02-09,San Bernardino,071,2135413,282540,274998,8381,283379,2613
2021-02-09,San Diego,073,3302833,257209,248048,12353,260401,2853
2021-02-09,San Francisco,075,870044,33186,32782,980,33762,349
2021-02-09,San Joaquin,077,732212,65009,63341,2627,65968,937
2021-02-09,San Luis Obispo,079,281455,19040,18489,523,19012,216
2021-02-09,San Mateo,081,765935,38414,37227,385,37612,235
2021-02-09,Santa Barbara,083,443738,31073,30118,996,31114,351
2021-02-09,Santa Clara,085,1922200,106884,105762,528,106290,1463
2021-02-09,Santa Cruz,087,273765,14990,13958,750,14708,162
2021-02-09,Shasta,089,179085,10654,10595,1150,11745,139
2021-02-09,Sierra,091,2930,49,44,12,56,0
2021-02-09,Siskiyou,093,43540,1404,1306,214,1520,4
2021-02-09,Solano,095,438530,29119,28769,338,29107,131
2021-02-09,Sonoma,097,501317,26994,26826,160,26986,267
2021-02-09,Stanislaus,099,539301,49013,47906,5119,53025,679
2021-02-09,Sutter,101,95872,8610,8541,79,8620,92
2021-02-09,Tehama,103,63373,4508,4416,481,4897,22
2021-02-09,Trinity,105,12862,452,266,70,336,3
2021-02-09,Tulare,107,460477,47073,45704,7457,53161,686
2021-02-09,Tuolumne,109,53932,3669,3673,32,3705,48
2021-02-09,Ventura,111,848112,75467,74333,2670,77003,567
2021-02-09,Yolo,113,214977,12506,12220,201,12421,174
2021-02-09,Yuba,115,75493,5340,5235,81,5316,35
2021-02-08,Alameda,001,1643700,78109,76735,1662,78397,924
2021-02-08,Alpine,003,1148,77,73,0,73,0
2021-02-08,Amador,005,37829,3384,3344,28,3372,33
2021-02-08,Butte,007,227075,11027,10524,1556,12080,152
2021-02-08,Calaveras,009,45235,1861,1840,11,1851,21
2021-02-08,Colusa,011,21464,1825,1802,236,2038,10
2021-02-08,Contra Costa,013,1133247,60722,59039,1029,60068,567
2021-02-08,Del Norte,015,27424,927,885,4,889,2
2021-02-08,El Dorado,017,186661,8847,8627,587,9214,86
2021-02-08,Fresno,019,978130,93665,91430,7329,98759,1207
2021-02-08,Glenn,021,27897,2194,2148,475,2623,14
2021-02-08,Humboldt,023,135768,2967,2902,19,2921,29
2021-02-08,Imperial,025,180216,26949,26526,2441,28967,567
2021-02-08,Inyo,027,18085,1174,1126,10,1136,30
2021-02-08,Kern,029,883053,90963,88380,9195,97575,920
2021-02-08,Kings,031,150075,21742,21232,926,22158,195
2021-02-08,Lake,033,64148,3028,2949,1,2950,36
2021-02-08,Lassen,035,31185,5034,4976,89,5065,1
2021-02-08,Los Angeles,037,10098052,1151176,1120179,37971,1158150,17977
2021-02-08,Madera,039,155013,15176,14887,761,15648,93
2021-02-08,Marin,041,260295,12781,12591,151,12742,194
2021-02-08,Mariposa,043,17540,368,355,4,359,4
2021-02-08,Mendocino,045,87422,3518,3355,68,3423,38
2021-02-08,Merced,047,269075,27326,27082,828,27910,346
2021-02-08,Modoc,049,8938,331,318,110,428,3
2021-02-08,Mono,051,14174,1158,1165,16,1181,3
2021-02-08,Monterey,053,433212,40945,40186,1560,41746,283
2021-02-08,Napa,055,140530,8786,8719,33,8752,55
2021-02-08,Nevada,057,99092,3803,3671,149,3820,44
2021-02-08,Orange,059,3164182,242241,238715,9901,248616,3361
2021-02-08,Placer,061,380077,19950,18944,1048,19992,211
2021-02-08,Plumas,063,18699,630,584,10,594,2
2021-02-08,Riverside,065,2383286,280351,272904,13172,286076,3301
2021-02-08,Sacramento,067,1510023,90956,89267,1153,90420,1247
2021-02-08,San Benito,069,59416,5601,5553,81,5634,52
2021-02-08,San Bernardino,071,2135413,282137,274661,8375,283036,2587
2021-02-08,San Diego,073,3302833,256466,247259,12312,259571,2821
2021-02-08,San Francisco,075,870044,33092,32679,972,33651,348
2021-02-08,San Joaquin,077,732212,64847,63148,2617,65765,929
2021-02-08,San Luis Obispo,079,281455,18983,18421,518,18939,214
2021-02-08,San Mateo,081,765935,38305,37084,385,37469,232
2021-02-08,Santa Barbara,083,443738,30958,29978,989,30967,340
2021-02-08,Santa Clara,085,1922200,106560,105413,520,105933,1456
2021-02-08,Santa Cruz,087,273765,14951,13921,744,14665,161
2021-02-08,Shasta,089,179085,10627,10574,1144,11718,137
2021-02-08,Sierra,091,2930,49,44,12,56,0
2021-02-08,Siskiyou,093,43540,1401,1303,214,1517,4
2021-02-08,Solano,095,438530,29053,28644,336,28980,130
2021-02-08,Sonoma,097,501317,26903,26760,159,26919,259
2021-02-08,Stanislaus,099,539301,48858,47704,5091,52795,679
2021-02-08,Sutter,101,95872,8591,8526,79,8605,92
2021-02-08,Tehama,103,63373,4497,4403,478,4881,22
2021-02-08,Trinity,105,12862,450,266,70,336,3
2021-02-08,Tulare,107,460477,46965,45617,7417,53034,673
2021-02-08,Tuolumne,109,53932,3661,3647,32,3679,48
2021-02-08,Ventura,111,848112,75210,74068,2664,76732,565
2021-02-08,Yolo,113,214977,12474,12169,200,12369,162
2021-02-08,Yuba,115,75493,5324,5215,81,5296,35
2021-02-07,Alameda,001,1643700,77807,76500,1654,78154,924
2021-02-07,Alpine,003,1148,74,72,0,72,0
2021-02-07,Amador,005,37829,3363,3343,28,3371,33
2021-02-07,Butte,007,227075,10994,10513,1548,12061,152
2021-02-07,Calaveras,009,45235,1857,1837,11,1848,21
2021-02-07,Colusa,011,21464,1814,1795,234,2029,10
2021-02-07,Contra Costa,013,1133247,60477,58836,1024,59860,566
2021-02-07,Del Norte,015,27424,923,881,4,885,2
2021-02-07,El Dorado,017,186661,8818,8596,585,9181,86
2021-02-07,Fresno,019,978130,93435,91184,7291,98475,1207
2021-02-07,Glenn,021,27897,2190,2141,470,2611,14
2021-02-07,Humboldt,023,135768,2946,2895,19,2914,28
2021-02-07,Imperial,025,180216,26922,26518,2436,28954,567
2021-02-07,Inyo,027,18085,1163,1124,10,1134,27
2021-02-07,Kern,029,883053,90716,88146,9137,97283,920
2021-02-07,Kings,031,150075,21681,21180,923,22103,192
2021-02-07,Lake,033,64148,3013,2940,1,2941,36
2021-02-07,Lassen,035,31185,5023,4973,89,5062,1
2021-02-07,Los Angeles,037,10098052,1148418,1117551,37842,1155393,17889
2021-02-07,Madera,039,155013,15142,14850,757,15607,93
2021-02-07,Marin,041,260295,12748,12571,149,12720,194
2021-02-07,Mariposa,043,17540,367,355,4,359,4
2021-02-07,Mendocino,045,87422,3501,3348,68,3416,38
2021-02-07,Merced,047,269075,27214,26977,816,27793,346
2021-02-07,Modoc,049,8938,331,317,106,423,3
2021-02-07,Mono,051,14174,1155,1165,16,1181,3
2021-02-07,Monterey,053,433212,40809,40113,1541,41654,283
2021-02-07,Napa,055,140530,8763,8701,33,8734,55
2021-02-07,Nevada,057,99092,3792,3643,149,3792,44
2021-02-07,Orange,059,3164182,241642,238155,9868,248023,3336
2021-02-07,Placer,061,380077,19903,18903,1035,19938,211
2021-02-07,Plumas,063,18699,630,584,10,594,2
2021-02-07,Riverside,065,2383286,279823,272301,13151,285452,3267
2021-02-07,Sacramento,067,1510023,90624,88919,1146,90065,1246
2021-02-07,San Benito,069,59416,5582,5548,80,5628,52
2021-02-07,San Bernardino,071,2135413,281542,274316,8350,282666,2587
2021-02-07,San Diego,073,3302833,255680,246561,12248,258809,2821
2021-02-07,San Francisco,075,870044,32972,32609,960,33569,348
2021-02-07,San Joaquin,077,732212,64573,63051,2602,65653,929
2021-02-07,San Luis Obispo,079,281455,18911,18349,511,18860,214
2021-02-07,San Mateo,081,765935,38171,36984,383,37367,232
2021-02-07,Santa Barbara,083,443738,30818,29815,978,30793,340
2021-02-07,Santa Clara,085,1922200,106221,105118,510,105628,1450
2021-02-07,Santa Cruz,087,273765,14897,13887,739,14626,161
2021-02-07,Shasta,089,179085,10607,10570,1136,11706,137
2021-02-07,Sierra,091,2930,49,43,12,55,0
2021-02-07,Siskiyou,093,43540,1394,1295,212,1507,4
2021-02-07,Solano,095,438530,28942,28567,335,28902,130
2021-02-07,Sonoma,097,501317,26796,26684,155,26839,257
2021-02-07,Stanislaus,099,539301,48668,47551,5059,52610,679
2021-02-07,Sutter,101,95872,8563,8515,79,8594,92
2021-02-07,Tehama,103,63373,4481,4396,477,4873,22
2021-02-07,Trinity,105,12862,447,264,68,332,3
2021-02-07,Tulare,107,460477,46843,45520,7339,52859,671
2021-02-07,Tuolumne,109,53932,3637,3619,31,3650,48
2021-02-07,Ventura,111,848112,74899,73759,2652,76411,561
2021-02-07,Yolo,113,214977,12429,12135,200,12335,162
2021-02-07,Yuba,115,75493,5309,5198,79,5277,35
2021-02-06,Alameda,001,1643700,77653,76170,1643,77813,922
2021-02-06,Alpine,003,1148,74,72,0,72,0
2021-02-06,Amador,005,37829,3357,3306,28,3334,33
2021-02-06,Butte,007,227075,10977,10480,1544,12024,150
2021-02-06,Calaveras,009,45235,1855,1832,11,1843,21
2021-02-06,Colusa,011,21464,1812,1791,233,2024,10
2021-02-06,Contra Costa,013,1133247,60330,58567,1018,59585,566
2021-02-06,Del Norte,015,27424,919,879,4,883,2
2021-02-06,El Dorado,017,186661,8811,8575,581,9156,86
2021-02-06,Fresno,019,978130,93322,90944,7270,98214,1207
2021-02-06,Glenn,021,27897,2188,2136,469,2605,14
2021-02-06,Humboldt,023,135768,2935,2880,19,2899,28
2021-02-06,Imperial,025,180216,26910,26514,2435,28949,567
2021-02-06,Inyo,027,18085,1160,1113,10,1123,27
2021-02-06,Kern,029,883053,90562,87919,9091,97010,912
2021-02-06,Kings,031,150075,21651,21156,923,22079,190
2021-02-06,Lake,033,64148,3008,2920,1,2921,34
2021-02-06,Lassen,035,31185,5019,4964,88,5052,1
2021-02-06,Los Angeles,037,10098052,1147063,1114718,37744,1152462,17793
2021-02-06,Madera,039,155013,15121,14807,755,15562,93
2021-02-06,Marin,041,260295,12728,12531,149,12680,194
2021-02-06,Mariposa,043,17540,366,355,3,358,4
2021-02-06,Mendocino,045,87422,3483,3316,67,3383,38
2021-02-06,Merced,047,269075,27128,26881,808,27689,346
2021-02-06,Modoc,049,8938,331,313,106,419,3
2021-02-06,Mono,051,14174,1154,1159,16,1175,3
2021-02-06,Monterey,053,433212,40751,39995,1533,41528,282
2021-02-06,Napa,055,140530,8750,8639,33,8672,55
2021-02-06,Nevada,057,99092,3780,3624,149,3773,43
2021-02-06,Orange,059,3164182,241278,237391,9834,247225,3293
2021-02-06,Placer,061,380077,19866,18836,1032,19868,211
2021-02-06,Plumas,063,18699,630,584,10,594,2
2021-02-06,Riverside,065,2383286,279454,271741,13132,284873,3243
2021-02-06,Sacramento,067,1510023,90407,88532,1136,89668,1237
2021-02-06,San Benito,069,59416,5564,5516,80,5596,52
2021-02-06,San Bernardino,071,2135413,281233,273718,8327,282045,2564
2021-02-06,San Diego,073,3302833,255184,245331,12213,257544,2812
2021-02-06,San Francisco,075,870044,32898,32437,950,33387,346
2021-02-06,San Joaquin,077,732212,64494,62840,2591,65431,906
2021-02-06,San Luis Obispo,079,281455,18869,18284,507,18791,214
2021-02-06,San Mateo,081,765935,38103,36824,380,37204,232
2021-02-06,Santa Barbara,083,443738,30742,29645,976,30621,337
2021-02-06,Santa Clara,085,1922200,105999,104639,505,105144,1439
2021-02-06,Santa Cruz,087,273765,14866,13845,735,14580,161
2021-02-06,Shasta,089,179085,10596,10561,1134,11695,137
2021-02-06,Sierra,091,2930,49,43,12,55,0
2021-02-06,Siskiyou,093,43540,1391,1289,211,1500,4
2021-02-06,Solano,095,438530,28906,28446,334,28780,129
2021-02-06,Sonoma,097,501317,26759,26564,153,26717,257
2021-02-06,Stanislaus,099,539301,48572,47325,5043,52368,679
2021-02-06,Sutter,101,95872,8555,8485,79,8564,92
2021-02-06,Tehama,103,63373,4472,4380,476,4856,22
2021-02-06,Trinity,105,12862,447,263,68,331,3
2021-02-06,Tulare,107,460477,46775,45349,7292,52641,664
2021-02-06,Tuolumne,109,53932,3630,3612,31,3643,48
2021-02-06,Ventura,111,848112,74719,73431,2646,76077,552
2021-02-06,Yolo,113,214977,12406,12061,200,12261,161
2021-02-06,Yuba,115,75493,5299,5177,78,5255,35
2021-02-05,Alameda,001,1643700,77425,75716,1641,77357,916
2021-02-05,Alpine,003,1148,74,72,0,72,0
2021-02-05,Amador,005,37829,3352,3299,27,3326,33
2021-02-05,Butte,007,227075,10958,10421,1537,11958,150
2021-02-05,Calaveras,009,45235,1851,1818,11,1829,21
2021-02-05,Colusa,011,21464,1808,1785,233,2018,10
2021-02-05,Contra Costa,013,1133247,60169,58195,1016,59211,560
2021-02-05,Del Norte,015,27424,918,874,4,878,2
2021-02-05,El Dorado,017,186661,8791,8527,579,9106,86
2021-02-05,Fresno,019,978130,93120,90513,7249,97762,1194
2021-02-05,Glenn,021,27897,2185,2122,463,2585,14
2021-02-05,Humboldt,023,135768,2925,2857,19,2876,28
2021-02-05,Imperial,025,180216,26891,26474,2434,28908,557
2021-02-05,Inyo,027,18085,1156,1104,10,1114,27
2021-02-05,Kern,029,883053,90393,87470,9024,96494,906
2021-02-05,Kings,031,150075,21613,21021,920,21941,190
2021-02-05,Lake,033,64148,2996,2906,1,2907,33
2021-02-05,Lassen,035,31185,5015,4936,88,5024,1
2021-02-05,Los Angeles,037,10098052,1144961,1110384,37613,1147997,17608
2021-02-05,Madera,039,155013,15087,14752,750,15502,95
2021-02-05,Marin,041,260295,12693,12479,149,12628,193
2021-02-05,Mariposa,043,17540,366,352,3,355,4
2021-02-05,Mendocino,045,87422,3469,3272,67,3339,38
2021-02-05,Merced,047,269075,27068,26760,807,27567,345
2021-02-05,Modoc,049,8938,331,312,106,418,3
2021-02-05,Mono,051,14174,1153,1157,16,1173,3
2021-02-05,Monterey,053,433212,40684,39840,1522,41362,281
2021-02-05,Napa,055,140530,8736,8598,33,8631,55
2021-02-05,Nevada,057,99092,3777,3607,149,3756,43
2021-02-05,Orange,059,3164182,240851,236335,9807,246142,3260
2021-02-05,Placer,061,380077,19830,18756,1030,19786,211
2021-02-05,Plumas,063,18699,628,578,10,588,2
2021-02-05,Riverside,065,2383286,279040,270666,13113,283779,3235
2021-02-05,Sacramento,067,1510023,90227,87992,1129,89121,1231
2021-02-05,San Benito,069,59416,5553,5502,80,5582,51
2021-02-05,San Bernardino,071,2135413,280889,272938,8309,281247,2495
2021-02-05,San Diego,073,3302833,254608,244066,12178,256244,2777
2021-02-05,San Francisco,075,870044,32808,32229,939,33168,337
2021-02-05,San Joaquin,077,732212,64345,62565,2583,65148,902
2021-02-05,San Luis Obispo,079,281455,18808,18152,503,18655,213
2021-02-05,San Mateo,081,765935,38020,36582,379,36961,227
2021-02-05,Santa Barbara,083,443738,30645,29455,963,30418,334
2021-02-05,Santa Clara,085,1922200,105751,104112,503,104615,1421
2021-02-05,Santa Cruz,087,273765,14845,13776,733,14509,161
2021-02-05,Shasta,089,179085,10580,10507,1127,11634,136
2021-02-05,Sierra,091,2930,49,42,12,54,0
2021-02-05,Siskiyou,093,43540,1384,1276,209,1485,4
2021-02-05,Solano,095,438530,28856,28283,334,28617,127
2021-02-05,Sonoma,097,501317,26690,26423,150,26573,252
2021-02-05,Stanislaus,099,539301,48427,47024,5025,52049,678
2021-02-05,Sutter,101,95872,8535,8443,79,8522,92
2021-02-05,Tehama,103,63373,4463,4355,475,4830,22
2021-02-05,Trinity,105,12862,446,260,68,328,3
2021-02-05,Tulare,107,460477,46699,45138,7242,52380,663
2021-02-05,Tuolumne,109,53932,3604,3595,31,3626,45
2021-02-05,Ventura,111,848112,74474,72953,2634,75587,546
2021-02-05,Yolo,113,214977,12387,12025,195,12220,162
2021-02-05,Yuba,115,75493,5282,5145,78,5223,35
2021-02-04,Alameda,001,1643700,77140,75422,1635,77057,899
2021-02-04,Alpine,003,1148,73,72,0,72,0
2021-02-04,Amador,005,37829,3349,3288,27,3315,33
2021-02-04,Butte,007,227075,10925,10386,1529,11915,147
2021-02-04,Calaveras,009,45235,1849,1808,11,1819,21
2021-02-04,Colusa,011,21464,1804,1777,231,2008,10
2021-02-04,Contra Costa,013,1133247,59981,57991,1012,59003,550
2021-02-04,Del Norte,015,27424,912,870,4,874,2
2021-02-04,El Dorado,017,186661,8765,8490,576,9066,86
2021-02-04,Fresno,019,978130,92905,90126,7222,97348,1114
2021-02-04,Glenn,021,27897,2180,2102,462,2564,14
2021-02-04,Humboldt,023,135768,2915,2827,19,2846,28
2021-02-04,Imperial,025,180216,26846,26411,2432,28843,556
2021-02-04,Inyo,027,18085,1144,1084,10,1094,27
2021-02-04,Kern,029,883053,90119,87156,8947,96103,898
2021-02-04,Kings,031,150075,21562,20918,913,21831,187
2021-02-04,Lake,033,64148,2984,2882,1,2883,34
2021-02-04,Lassen,035,31185,5012,4927,88,5015,1
2021-02-04,Los Angeles,037,10098052,1142162,1106323,37486,1143809,17396
2021-02-04,Madera,039,155013,15057,14706,747,15453,95
2021-02-04,Marin,041,260295,12657,12431,149,12580,192
2021-02-04,Mariposa,043,17540,366,348,3,351,4
2021-02-04,Mendocino,045,87422,3451,3240,65,3305,38
2021-02-04,Merced,047,269075,26974,26629,804,27433,345
2021-02-04,Modoc,049,8938,331,309,106,415,3
2021-02-04,Mono,051,14174,1151,1153,16,1169,3
2021-02-04,Monterey,053,433212,40573,39619,1505,41124,279
2021-02-04,Napa,055,140530,8707,8573,33,8606,55
2021-02-04,Nevada,057,99092,3757,3590,148,3738,37
2021-02-04,Orange,059,3164182,240207,235677,9765,245442,3238
2021-02-04,Placer,061,380077,19770,18711,1021,19732,210
2021-02-04,Plumas,063,18699,625,562,10,572,2
2021-02-04,Riverside,065,2383286,278276,269851,13074,282925,3230
2021-02-04,Sacramento,067,1510023,89926,87658,1119,88777,1222
2021-02-04,San Benito,069,59416,5539,5488,79,5567,51
2021-02-04,San Bernardino,071,2135413,280338,272223,8289,280512,2409
2021-02-04,San Diego,073,3302833,253820,242613,12112,254725,2738
2021-02-04,San Francisco,075,870044,32694,32116,930,33046,326
2021-02-04,San Joaquin,077,732212,64120,62374,2575,64949,883
2021-02-04,San Luis Obispo,079,281455,18741,18058,501,18559,211
2021-02-04,San Mateo,081,765935,37899,36437,376,36813,226
2021-02-04,Santa Barbara,083,443738,30510,29344,946,30290,322
2021-02-04,Santa Clara,085,1922200,105408,103781,500,104281,1404
2021-02-04,Santa Cruz,087,273765,14812,13713,725,14438,156
2021-02-04,Shasta,089,179085,10554,10466,1122,11588,131
2021-02-04,Sierra,091,2930,49,42,12,54,0
2021-02-04,Siskiyou,093,43540,1375,1273,209,1482,4
2021-02-04,Solano,095,438530,28753,28192,332,28524,120
2021-02-04,Sonoma,097,501317,26608,26276,146,26422,249
2021-02-04,Stanislaus,099,539301,48265,46822,5006,51828,678
2021-02-04,Sutter,101,95872,8515,8401,79,8480,92
2021-02-04,Tehama,103,63373,4446,4327,474,4801,21
2021-02-04,Trinity,105,12862,445,260,67,327,3
2021-02-04,Tulare,107,460477,46571,44983,7180,52163,656
2021-02-04,Tuolumne,109,53932,3564,3585,31,3616,45
2021-02-04,Ventura,111,848112,74142,72595,2621,75216,537
2021-02-04,Yolo,113,214977,12353,11982,194,12176,161
2021-02-04,Yuba,115,75493,5256,5135,78,5213,34
2021-02-03,Alameda,001,1643700,76815,74968,1631,76599,880
2021-02-03,Alpine,003,1148,73,72,0,72,0
2021-02-03,Amador,005,37829,3345,3281,27,3308,33
2021-02-03,Butte,007,227075,10894,10355,1522,11877,144
2021-02-03,Calaveras,009,45235,1834,1799,11,1810,21
2021-02-03,Colusa,011,21464,1799,1773,230,2003,10
2021-02-03,Contra Costa,013,1133247,59741,57762,1000,58762,537
2021-02-03,Del Norte,015,27424,907,869,4,873,2
2021-02-03,El Dorado,017,186661,8744,8428,575,9003,86
2021-02-03,Fresno,019,978130,92684,89748,7183,96931,1015
2021-02-03,Glenn,021,27897,2170,2098,461,2559,14
2021-02-03,Humboldt,023,135768,2905,2800,19,2819,27
2021-02-03,Imperial,025,180216,26810,26363,2426,28789,547
2021-02-03,Inyo,027,18085,1134,1071,10,1081,27
2021-02-03,Kern,029,883053,89876,86771,8906,95677,877
2021-02-03,Kings,031,150075,21501,20831,911,21742,172
2021-02-03,Lake,033,64148,2966,2869,1,2870,33
2021-02-03,Lassen,035,31185,5000,4910,88,4998,1
2021-02-03,Los Angeles,037,10098052,1139080,1101890,37362,1139252,17163
2021-02-03,Madera,039,155013,15018,14605,745,15350,94
2021-02-03,Marin,041,260295,12622,12406,149,12555,190
2021-02-03,Mariposa,043,17540,365,347,3,350,4
2021-02-03,Mendocino,045,87422,3425,3236,64,3300,38
2021-02-03,Merced,047,269075,26859,26520,799,27319,343
2021-02-03,Modoc,049,8938,330,308,106,414,3
2021-02-03,Mono,051,14174,1144,1146,16,1162,3
2021-02-03,Monterey,053,433212,40446,39500,1488,40988,279
2021-02-03,Napa,055,140530,8672,8534,33,8567,54
2021-02-03,Nevada,057,99092,3743,3572,148,3720,35
2021-02-03,Orange,059,3164182,239463,234738,9733,244471,3189
2021-02-03,Placer,061,380077,19715,18646,1019,19665,210
2021-02-03,Plumas,063,18699,625,559,10,569,2
2021-02-03,Riverside,065,2383286,277535,269019,13043,282062,3195
2021-02-03,Sacramento,067,1510023,89603,87415,1115,88530,1212
2021-02-03,San Benito,069,59416,5521,5463,76,5539,51
2021-02-03,San Bernardino,071,2135413,279851,271477,8266,279743,2308
2021-02-03,San Diego,073,3302833,252918,241015,12066,253081,2683
2021-02-03,San Francisco,075,870044,32564,31983,925,32908,325
2021-02-03,San Joaquin,077,732212,63892,61976,2565,64541,880
2021-02-03,San Luis Obispo,079,281455,18663,17922,498,18420,206
2021-02-03,San Mateo,081,765935,37761,36227,372,36599,225
2021-02-03,Santa Barbara,083,443738,30361,29121,936,30057,315
2021-02-03,Santa Clara,085,1922200,105092,103278,498,103776,1364
2021-02-03,Santa Cruz,087,273765,14757,13611,719,14330,154
2021-02-03,Shasta,089,179085,10511,10422,1117,11539,130
2021-02-03,Sierra,091,2930,49,42,12,54,0
2021-02-03,Siskiyou,093,43540,1364,1268,208,1476,4
2021-02-03,Solano,095,438530,28631,28057,332,28389,119
2021-02-03,Sonoma,097,501317,26524,26155,145,26300,248
2021-02-03,Stanislaus,099,539301,48089,46598,4987,51585,662
2021-02-03,Sutter,101,95872,8490,8379,79,8458,90
2021-02-03,Tehama,103,63373,4428,4309,471,4780,21
2021-02-03,Trinity,105,12862,445,260,66,326,3
2021-02-03,Tulare,107,460477,46399,44838,7124,51962,640
2021-02-03,Tuolumne,109,53932,3553,3568,31,3599,45
2021-02-03,Ventura,111,848112,73805,72124,2611,74735,526
2021-02-03,Yolo,113,214977,12328,11933,193,12126,161
2021-02-03,Yuba,115,75493,5238,5124,78,5202,34
2021-02-02,Alameda,001,1643700,76470,74642,1619,76261,869
2021-02-02,Alpine,003,1148,73,72,0,72,0
2021-02-02,Amador,005,37829,3314,3275,27,3302,33
2021-02-02,Butte,007,227075,10868,10307,1513,11820,141
2021-02-02,Calaveras,009,45235,1825,1786,11,1797,21
2021-02-02,Colusa,011,21464,1791,1769,225,1994,9
2021-02-02,Contra Costa,013,1133247,59461,57551,996,58547,536
2021-02-02,Del Norte,015,27424,901,868,4,872,2
2021-02-02,El Dorado,017,186661,8704,8405,575,8980,84
2021-02-02,Fresno,019,978130,92383,89542,7147,96689,1009
2021-02-02,Glenn,021,27897,2158,2090,458,2548,14
2021-02-02,Humboldt,023,135768,2893,2784,19,2803,25
2021-02-02,Imperial,025,180216,26757,26317,2420,28737,535
2021-02-02,Inyo,027,18085,1131,1074,10,1084,27
2021-02-02,Kern,029,883053,89573,86485,8830,95315,867
2021-02-02,Kings,031,150075,21423,20785,903,21688,172
2021-02-02,Lake,033,64148,2946,2857,1,2858,33
2021-02-02,Lassen,035,31185,4993,4908,88,4996,1
2021-02-02,Los Angeles,037,10098052,1135696,1097573,37199,1134772,16913
2021-02-02,Madera,039,155013,14967,14595,740,15335,94
2021-02-02,Marin,041,260295,12593,12367,149,12516,189
2021-02-02,Mariposa,043,17540,362,345,3,348,4
2021-02-02,Mendocino,045,87422,3392,3210,64,3274,38
2021-02-02,Merced,047,269075,26762,26427,792,27219,340
2021-02-02,Modoc,049,8938,325,306,106,412,3
2021-02-02,Mono,051,14174,1142,1147,16,1163,3
2021-02-02,Monterey,053,433212,40311,39371,1474,40845,278
2021-02-02,Napa,055,140530,8643,8505,33,8538,53
2021-02-02,Nevada,057,99092,3728,3548,148,3696,20
2021-02-02,Orange,059,3164182,238661,233783,9698,243481,3152
2021-02-02,Placer,061,380077,19657,18615,1015,19630,205
2021-02-02,Plumas,063,18699,625,560,10,570,2
2021-02-02,Riverside,065,2383286,276676,267901,13009,280910,3169
2021-02-02,Sacramento,067,1510023,89313,87107,1104,88211,1202
2021-02-02,San Benito,069,59416,5507,5444,75,5519,50
2021-02-02,San Bernardino,071,2135413,279171,270486,8236,278722,2244
2021-02-02,San Diego,073,3302833,251879,240047,11979,252026,2629
2021-02-02,San Francisco,075,870044,32410,31788,915,32703,324
2021-02-02,San Joaquin,077,732212,63671,61708,2551,64259,878
2021-02-02,San Luis Obispo,079,281455,18569,17811,496,18307,201
2021-02-02,San Mateo,081,765935,37597,36004,366,36370,225
2021-02-02,Santa Barbara,083,443738,30190,28951,929,29880,304
2021-02-02,Santa Clara,085,1922200,104626,102872,493,103365,1349
2021-02-02,Santa Cruz,087,273765,14698,13572,715,14287,150
2021-02-02,Shasta,089,179085,10485,10371,1107,11478,128
2021-02-02,Sierra,091,2930,49,42,12,54,0
2021-02-02,Siskiyou,093,43540,1357,1252,205,1457,4
2021-02-02,Solano,095,438530,28535,27963,328,28291,118
2021-02-02,Sonoma,097,501317,26408,26054,145,26199,247
2021-02-02,Stanislaus,099,539301,47869,46306,4955,51261,641
2021-02-02,Sutter,101,95872,8467,8340,79,8419,89
2021-02-02,Tehama,103,63373,4414,4289,470,4759,21
2021-02-02,Trinity,105,12862,445,260,66,326,3
2021-02-02,Tulare,107,460477,46243,44720,7058,51778,625
2021-02-02,Tuolumne,109,53932,3541,3548,31,3579,39
2021-02-02,Ventura,111,848112,73387,71557,2601,74158,514
2021-02-02,Yolo,113,214977,12283,11886,186,12072,158
2021-02-02,Yuba,115,75493,5220,5111,77,5188,34
2021-02-01,Alameda,001,1643700,76114,74374,1614,75988,858
2021-02-01,Alpine,003,1148,73,72,0,72,0
2021-02-01,Amador,005,37829,3303,3234,27,3261,32
2021-02-01,Butte,007,227075,10824,10263,1509,11772,141
2021-02-01,Calaveras,009,45235,1818,1785,11,1796,21
2021-02-01,Colusa,011,21464,1786,1763,216,1979,9
2021-02-01,Contra Costa,013,1133247,59217,57324,995,58319,531
2021-02-01,Del Norte,015,27424,897,865,4,869,2
2021-02-01,El Dorado,017,186661,8665,8337,575,8912,83
2021-02-01,Fresno,019,978130,92051,89272,7112,96384,994
2021-02-01,Glenn,021,27897,2142,2086,450,2536,14
2021-02-01,Humboldt,023,135768,2872,2773,18,2791,25
2021-02-01,Imperial,025,180216,26712,26224,2418,28642,530
2021-02-01,Inyo,027,18085,1121,1072,10,1082,27
2021-02-01,Kern,029,883053,89176,86170,8761,94931,862
2021-02-01,Kings,031,150075,21332,20746,895,21641,172
2021-02-01,Lake,033,64148,2930,2843,1,2844,33
2021-02-01,Lassen,035,31185,4973,4907,88,4995,1
2021-02-01,Los Angeles,037,10098052,1131872,1094341,37031,1131372,16695
2021-02-01,Madera,039,155013,14932,14572,737,15309,94
2021-02-01,Marin,041,260295,12554,12341,148,12489,188
2021-02-01,Mariposa,043,17540,360,344,3,347,4
2021-02-01,Mendocino,045,87422,3359,3192,64,3256,37
2021-02-01,Merced,047,269075,26638,26282,783,27065,337
2021-02-01,Modoc,049,8938,319,303,102,405,1
2021-02-01,Mono,051,14174,1139,1145,16,1161,3
2021-02-01,Monterey,053,433212,40127,39196,1452,40648,278
2021-02-01,Napa,055,140530,8611,8449,33,8482,52
2021-02-01,Nevada,057,99092,3711,3535,147,3682,20
2021-02-01,Orange,059,3164182,237748,233155,9652,242807,3100
2021-02-01,Placer,061,380077,19591,18574,1008,19582,204
2021-02-01,Plumas,063,18699,623,554,10,564,2
2021-02-01,Riverside,065,2383286,275739,267025,12972,279997,3092
2021-02-01,Sacramento,067,1510023,88912,86856,1093,87949,1193
2021-02-01,San Benito,069,59416,5489,5432,75,5507,48
2021-02-01,San Bernardino,071,2135413,278476,270012,8196,278208,2172
2021-02-01,San Diego,073,3302833,250655,239121,11903,251024,2619
2021-02-01,San Francisco,075,870044,32275,31703,903,32606,324
2021-02-01,San Joaquin,077,732212,63465,61542,2540,64082,877
2021-02-01,San Luis Obispo,079,281455,18449,17690,489,18179,199
2021-02-01,San Mateo,081,765935,37448,35843,366,36209,220
2021-02-01,Santa Barbara,083,443738,30021,28837,921,29758,297
2021-02-01,Santa Clara,085,1922200,104209,102462,492,102954,1343
2021-02-01,Santa Cruz,087,273765,14645,13524,713,14237,149
2021-02-01,Shasta,089,179085,10460,10329,1101,11430,112
2021-02-01,Sierra,091,2930,49,42,12,54,0
2021-02-01,Siskiyou,093,43540,1350,1238,202,1440,4
2021-02-01,Solano,095,438530,28430,27844,327,28171,117
2021-02-01,Sonoma,097,501317,26320,26011,144,26155,243
2021-02-01,Stanislaus,099,539301,47612,46112,4927,51039,642
2021-02-01,Sutter,101,95872,8428,8313,79,8392,89
2021-02-01,Tehama,103,63373,4388,4263,470,4733,21
2021-02-01,Trinity,105,12862,443,260,66,326,3
2021-02-01,Tulare,107,460477,46098,44569,6977,51546,618
2021-02-01,Tuolumne,109,53932,3533,3534,31,3565,39
2021-02-01,Ventura,111,848112,72982,71104,2584,73688,502
2021-02-01,Yolo,113,214977,12235,11824,178,12002,151
2021-02-01,Yuba,115,75493,5206,5084,76,5160,33
2021-01-31,Alameda,001,1643700,75686,73979,1606,75585,857
2021-01-31,Alpine,003,1148,73,72,0,72,0
2021-01-31,Amador,005,37829,3293,3212,25,3237,32
2021-01-31,Butte,007,227075,10779,10215,1499,11714,140
2021-01-31,Calaveras,009,45235,1798,1778,11,1789,21
2021-01-31,Colusa,011,21464,1780,1754,211,1965,9
2021-01-31,Contra Costa,013,1133247,58885,57079,995,58074,531
2021-01-31,Del Norte,015,27424,895,865,4,869,2
2021-01-31,El Dorado,017,186661,8629,8317,573,8890,83
2021-01-31,Fresno,019,978130,91739,88852,7058,95910,994
2021-01-31,Glenn,021,27897,2131,2083,449,2532,14
2021-01-31,Humboldt,023,135768,2856,2767,18,2785,25
2021-01-31,Imperial,025,180216,26640,26206,2409,28615,530
2021-01-31,Inyo,027,18085,1108,1072,10,1082,27
2021-01-31,Kern,029,883053,88680,85872,8675,94547,861
2021-01-31,Kings,031,150075,21247,20709,883,21592,172
2021-01-31,Lake,033,64148,2909,2826,1,2827,33
2021-01-31,Lassen,035,31185,4957,4900,88,4988,1
2021-01-31,Los Angeles,037,10098052,1127246,1090304,36827,1127131,16609
2021-01-31,Madera,039,155013,14878,14496,729,15225,94
2021-01-31,Marin,041,260295,12507,12297,144,12441,185
2021-01-31,Mariposa,043,17540,358,344,3,347,4
2021-01-31,Mendocino,045,87422,3336,3181,63,3244,37
2021-01-31,Merced,047,269075,26494,26222,778,27000,337
2021-01-31,Modoc,049,8938,316,304,100,404,1
2021-01-31,Mono,051,14174,1136,1146,16,1162,3
2021-01-31,Monterey,053,433212,39948,39035,1425,40460,278
2021-01-31,Napa,055,140530,8569,8404,33,8437,52
2021-01-31,Nevada,057,99092,3689,3518,145,3663,20
2021-01-31,Orange,059,3164182,236731,232347,9611,241958,3053
2021-01-31,Placer,061,380077,19514,18506,997,19503,204
2021-01-31,Plumas,063,18699,622,554,10,564,2
2021-01-31,Riverside,065,2383286,274722,266145,12925,279070,3074
2021-01-31,Sacramento,067,1510023,88469,86560,1079,87639,1186
2021-01-31,San Benito,069,59416,5467,5425,73,5498,48
2021-01-31,San Bernardino,071,2135413,277449,269533,8165,277698,2156
2021-01-31,San Diego,073,3302833,249342,238039,11789,249828,2619
2021-01-31,San Francisco,075,870044,32084,31563,892,32455,323
2021-01-31,San Joaquin,077,732212,63064,61379,2531,63910,877
2021-01-31,San Luis Obispo,079,281455,18315,17615,484,18099,199
2021-01-31,San Mateo,081,765935,37258,35659,363,36022,219
2021-01-31,Santa Barbara,083,443738,29777,28570,912,29482,297
2021-01-31,Santa Clara,085,1922200,103659,101986,483,102469,1330
2021-01-31,Santa Cruz,087,273765,14550,13469,699,14168,149
2021-01-31,Shasta,089,179085,10415,10313,1092,11405,112
2021-01-31,Sierra,091,2930,48,43,12,55,0
2021-01-31,Siskiyou,093,43540,1340,1238,202,1440,4
2021-01-31,Solano,095,438530,28300,27678,326,28004,118
2021-01-31,Sonoma,097,501317,26217,25925,143,26068,243
2021-01-31,Stanislaus,099,539301,47328,45971,4895,50866,642
2021-01-31,Sutter,101,95872,8383,8289,79,8368,89
2021-01-31,Tehama,103,63373,4366,4256,469,4725,21
2021-01-31,Trinity,105,12862,441,260,66,326,3
2021-01-31,Tulare,107,460477,45930,44440,6896,51336,618
2021-01-31,Tuolumne,109,53932,3495,3519,31,3550,39
2021-01-31,Ventura,111,848112,72387,70635,2571,73206,502
2021-01-31,Yolo,113,214977,12174,11771,172,11943,151
2021-01-31,Yuba,115,75493,5186,5071,76,5147,33
2021-01-30,Alameda,001,1643700,75480,73622,1601,75223,850
2021-01-30,Alpine,003,1148,73,72,0,72,0
2021-01-30,Amador,005,37829,3289,3181,25,3206,32
2021-01-30,Butte,007,227075,10745,10177,1490,11667,139
2021-01-30,Calaveras,009,45235,1785,1763,11,1774,21
2021-01-30,Colusa,011,21464,1778,1748,211,1959,9
2021-01-30,Contra Costa,013,1133247,58702,56763,991,57754,531
2021-01-30,Del Norte,015,27424,894,865,4,869,2
2021-01-30,El Dorado,017,186661,8609,8299,572,8871,83
2021-01-30,Fresno,019,978130,91559,88476,7038,95514,964
2021-01-30,Glenn,021,27897,2128,2074,447,2521,14
2021-01-30,Humboldt,023,135768,2845,2742,18,2760,24
2021-01-30,Imperial,025,180216,26616,26160,2407,28567,530
2021-01-30,Inyo,027,18085,1104,1068,10,1078,27
2021-01-30,Kern,029,883053,88479,85572,8609,94181,848
2021-01-30,Kings,031,150075,21176,20605,878,21483,169
2021-01-30,Lake,033,64148,2903,2809,1,2810,33
2021-01-30,Lassen,035,31185,4953,4890,88,4978,1
2021-01-30,Los Angeles,037,10098052,1124847,1084763,36684,1121447,16484
2021-01-30,Madera,039,155013,14836,14443,724,15167,94
2021-01-30,Marin,041,260295,12479,12225,143,12368,185
2021-01-30,Mariposa,043,17540,356,344,3,347,4
2021-01-30,Mendocino,045,87422,3322,3153,62,3215,36
2021-01-30,Merced,047,269075,26420,26078,776,26854,335
2021-01-30,Modoc,049,8938,316,303,100,403,1
2021-01-30,Mono,051,14174,1136,1143,16,1159,3
2021-01-30,Monterey,053,433212,39888,38847,1422,40269,277
2021-01-30,Napa,055,140530,8553,8342,33,8375,52
2021-01-30,Nevada,057,99092,3670,3499,145,3644,20
2021-01-30,Orange,059,3164182,236186,231358,9574,240932,3013
2021-01-30,Placer,061,380077,19461,18430,991,19421,205
2021-01-30,Plumas,063,18699,620,554,10,564,2
2021-01-30,Riverside,065,2383286,274124,265137,12894,278031,3061
2021-01-30,Sacramento,067,1510023,88277,86388,1074,87462,1184
2021-01-30,San Benito,069,59416,5449,5401,72,5473,48
2021-01-30,San Bernardino,071,2135413,277025,268660,8146,276806,2122
2021-01-30,San Diego,073,3302833,248577,236765,11744,248509,2603
2021-01-30,San Francisco,075,870044,31983,31427,889,32316,316
2021-01-30,San Joaquin,077,732212,62932,61120,2522,63642,864
2021-01-30,San Luis Obispo,079,281455,18235,17522,482,18004,198
2021-01-30,San Mateo,081,765935,37119,35451,362,35813,219
2021-01-30,Santa Barbara,083,443738,29635,28342,910,29252,296
2021-01-30,Santa Clara,085,1922200,103312,101471,480,101951,1307
2021-01-30,Santa Cruz,087,273765,14510,13383,698,14081,149
2021-01-30,Shasta,089,179085,10396,10283,1089,11372,112
2021-01-30,Sierra,091,2930,48,43,12,55,0
2021-01-30,Siskiyou,093,43540,1337,1236,201,1437,4
2021-01-30,Solano,095,438530,28217,27511,324,27835,118
2021-01-30,Sonoma,097,501317,26169,25810,140,25950,243
2021-01-30,Stanislaus,099,539301,47198,45697,4868,50565,642
2021-01-30,Sutter,101,95872,8367,8226,79,8305,87
2021-01-30,Tehama,103,63373,4353,4229,468,4697,21
2021-01-30,Trinity,105,12862,441,259,66,325,3
2021-01-30,Tulare,107,460477,45794,44203,6859,51062,615
2021-01-30,Tuolumne,109,53932,3491,3508,31,3539,36
2021-01-30,Ventura,111,848112,72074,69931,2557,72488,493
2021-01-30,Yolo,113,214977,12160,11698,171,11869,151
2021-01-30,Yuba,115,75493,5176,5042,75,5117,33
2021-01-29,Alameda,001,1643700,75212,73210,1594,74804,841
2021-01-29,Alpine,003,1148,73,72,0,72,0
2021-01-29,Amador,005,37829,3277,3134,24,3158,32
2021-01-29,Butte,007,227075,10713,10122,1480,11602,138
2021-01-29,Calaveras,009,45235,1774,1757,11,1768,21
2021-01-29,Colusa,011,21464,1774,1734,210,1944,8
2021-01-29,Contra Costa,013,1133247,58531,56318,989,57307,529
2021-01-29,Del Norte,015,27424,893,865,4,869,2
2021-01-29,El Dorado,017,186661,8592,8231,571,8802,83
2021-01-29,Fresno,019,978130,91344,87936,7000,94936,962
2021-01-29,Glenn,021,27897,2123,2061,446,2507,14
2021-01-29,Humboldt,023,135768,2832,2707,18,2725,24
2021-01-29,Imperial,025,180216,26601,26045,2404,28449,521
2021-01-29,Inyo,027,18085,1092,1048,10,1058,27
2021-01-29,Kern,029,883053,88252,85044,8557,93601,836
2021-01-29,Kings,031,150075,21137,20466,873,21339,169
2021-01-29,Lake,033,64148,2894,2792,1,2793,32
2021-01-29,Lassen,035,31185,4950,4874,88,4962,1
2021-01-29,Los Angeles,037,10098052,1121358,1078329,36530,1114859,16190
2021-01-29,Madera,039,155013,14785,14377,724,15101,94
2021-01-29,Marin,041,260295,12434,12145,142,12287,185
2021-01-29,Mariposa,043,17540,355,342,3,345,4
2021-01-29,Mendocino,045,87422,3313,3131,61,3192,36
2021-01-29,Merced,047,269075,26346,25865,771,26636,334
2021-01-29,Modoc,049,8938,315,297,100,397,1
2021-01-29,Mono,051,14174,1134,1139,16,1155,3
2021-01-29,Monterey,053,433212,39773,38539,1414,39953,277
2021-01-29,Napa,055,140530,8522,8276,33,8309,52
2021-01-29,Nevada,057,99092,3661,3487,144,3631,20
2021-01-29,Orange,059,3164182,235509,229917,9536,239453,2967
2021-01-29,Placer,061,380077,19408,18367,987,19354,203
2021-01-29,Plumas,063,18699,619,548,10,558,2
2021-01-29,Riverside,065,2383286,273322,263504,12861,276365,3008
2021-01-29,Sacramento,067,1510023,88023,86320,1070,87390,1169
2021-01-29,San Benito,069,59416,5441,5386,72,5458,48
2021-01-29,San Bernardino,071,2135413,276513,267490,8106,275596,2095
2021-01-29,San Diego,073,3302833,247635,234637,11666,246303,2571
2021-01-29,San Francisco,075,870044,31843,31294,881,32175,307
2021-01-29,San Joaquin,077,732212,62787,60899,2508,63407,858
2021-01-29,San Luis Obispo,079,281455,18175,17440,477,17917,193
2021-01-29,San Mateo,081,765935,36985,35223,359,35582,218
2021-01-29,Santa Barbara,083,443738,29501,28105,904,29009,291
2021-01-29,Santa Clara,085,1922200,102949,101010,478,101488,1273
2021-01-29,Santa Cruz,087,273765,14457,13311,695,14006,148
2021-01-29,Shasta,089,179085,10379,10220,1085,11305,112
2021-01-29,Sierra,091,2930,48,43,12,55,0
2021-01-29,Siskiyou,093,43540,1336,1227,201,1428,4
2021-01-29,Solano,095,438530,28134,27352,322,27674,116
2021-01-29,Sonoma,097,501317,26113,25710,139,25849,243
2021-01-29,Stanislaus,099,539301,47055,45466,4846,50312,642
2021-01-29,Sutter,101,95872,8348,8181,79,8260,87
2021-01-29,Tehama,103,63373,4341,4191,466,4657,20
2021-01-29,Trinity,105,12862,441,260,66,326,3
2021-01-29,Tulare,107,460477,45687,43925,6820,50745,606
2021-01-29,Tuolumne,109,53932,3481,3483,31,3514,36
2021-01-29,Ventura,111,848112,71650,69511,2543,72054,484
2021-01-29,Yolo,113,214977,12122,11612,170,11782,151
2021-01-29,Yuba,115,75493,5160,5018,75,5093,32
2021-01-28,Alameda,001,1643700,74787,72758,1586,74344,833
2021-01-28,Alpine,003,1148,73,72,0,72,0
2021-01-28,Amador,005,37829,3240,3124,24,3148,31
2021-01-28,Butte,007,227075,10672,10037,1469,11506,138
2021-01-28,Calaveras,009,45235,1761,1747,10,1757,21
2021-01-28,Colusa,011,21464,1767,1731,206,1937,8
2021-01-28,Contra Costa,013,1133247,58288,55999,979,56978,525
2021-01-28,Del Norte,015,27424,892,862,4,866,2
2021-01-28,El Dorado,017,186661,8578,8198,566,8764,79
2021-01-28,Fresno,019,978130,91056,87401,6950,94351,949
2021-01-28,Glenn,021,27897,2118,2043,439,2482,14
2021-01-28,Humboldt,023,135768,2815,2686,18,2704,24
2021-01-28,Imperial,025,180216,26557,25984,2397,28381,517
2021-01-28,Inyo,027,18085,1087,1039,10,1049,27
2021-01-28,Kern,029,883053,87923,84708,8473,93181,817
2021-01-28,Kings,031,150075,21077,20328,869,21197,167
2021-01-28,Lake,033,64148,2879,2772,1,2773,32
2021-01-28,Lassen,035,31185,4944,4865,88,4953,1
2021-01-28,Los Angeles,037,10098052,1117448,1072412,36342,1108754,15967
2021-01-28,Madera,039,155013,14729,14301,720,15021,94
2021-01-28,Marin,041,260295,12381,12079,141,12220,183
2021-01-28,Mariposa,043,17540,355,334,3,337,4
2021-01-28,Mendocino,045,87422,3296,3110,61,3171,36
2021-01-28,Merced,047,269075,26224,25620,759,26379,328
2021-01-28,Modoc,049,8938,314,297,100,397,0
2021-01-28,Mono,051,14174,1132,1131,16,1147,3
2021-01-28,Monterey,053,433212,39580,38312,1395,39707,274
2021-01-28,Napa,055,140530,8475,8233,33,8266,50
2021-01-28,Nevada,057,99092,3646,3452,143,3595,19
2021-01-28,Orange,059,3164182,234529,228636,9506,238142,2860
2021-01-28,Placer,061,380077,19347,18246,984,19230,198
2021-01-28,Plumas,063,18699,618,547,10,557,2
2021-01-28,Riverside,065,2383286,272542,262342,12813,275155,2981
2021-01-28,Sacramento,067,1510023,87661,85698,1059,86757,1149
2021-01-28,San Benito,069,59416,5423,5344,71,5415,47
2021-01-28,San Bernardino,071,2135413,275810,266456,8085,274541,2057
2021-01-28,San Diego,073,3302833,246483,232967,11577,244544,2534
2021-01-28,San Francisco,075,870044,31706,31193,865,32058,290
2021-01-28,San Joaquin,077,732212,62520,60627,2493,63120,854
2021-01-28,San Luis Obispo,079,281455,18075,17279,475,17754,189
2021-01-28,San Mateo,081,765935,36816,34931,343,35274,218
2021-01-28,Santa Barbara,083,443738,29277,27674,891,28565,284
2021-01-28,Santa Clara,085,1922200,102482,100470,476,100946,1219
2021-01-28,Santa Cruz,087,273765,14368,13188,689,13877,145
2021-01-28,Shasta,089,179085,10345,10176,1077,11253,110
2021-01-28,Sierra,091,2930,48,43,12,55,0
2021-01-28,Siskiyou,093,43540,1329,1218,199,1417,4
2021-01-28,Solano,095,438530,27974,27163,321,27484,114
2021-01-28,Sonoma,097,501317,26022,25564,139,25703,236
2021-01-28,Stanislaus,099,539301,46846,45162,4826,49988,640
2021-01-28,Sutter,101,95872,8301,8136,79,8215,85
2021-01-28,Tehama,103,63373,4318,4163,463,4626,20
2021-01-28,Trinity,105,12862,439,260,66,326,3
2021-01-28,Tulare,107,460477,45531,43742,6742,50484,595
2021-01-28,Tuolumne,109,53932,3467,3472,31,3503,32
2021-01-28,Ventura,111,848112,71137,68896,2526,71422,475
2021-01-28,Yolo,113,214977,12079,11500,165,11665,151
2021-01-28,Yuba,115,75493,5144,4994,74,5068,32
2021-01-27,Alameda,001,1643700,74368,72188,1578,73766,815
2021-01-27,Alpine,003,1148,73,72,0,72,0
2021-01-27,Amador,005,37829,3224,3116,24,3140,31
2021-01-27,Butte,007,227075,10633,9988,1456,11444,138
2021-01-27,Calaveras,009,45235,1752,1737,10,1747,21
2021-01-27,Colusa,011,21464,1761,1724,204,1928,8
2021-01-27,Contra Costa,013,1133247,57989,55578,976,56554,507
2021-01-27,Del Norte,015,27424,891,859,4,863,2
2021-01-27,El Dorado,017,186661,8552,8141,565,8706,76
2021-01-27,Fresno,019,978130,90764,86886,6908,93794,938
2021-01-27,Glenn,021,27897,2114,2042,438,2480,14
2021-01-27,Humboldt,023,135768,2793,2630,18,2648,24
2021-01-27,Imperial,025,180216,26503,25861,2382,28243,504
2021-01-27,Inyo,027,18085,1083,1023,10,1033,27
2021-01-27,Kern,029,883053,87612,84244,8403,92647,809
2021-01-27,Kings,031,150075,20971,20211,861,21072,167
2021-01-27,Lake,033,64148,2859,2750,1,2751,32
2021-01-27,Lassen,035,31185,4938,4851,88,4939,1
2021-01-27,Los Angeles,037,10098052,1112638,1066569,36133,1102702,15757
2021-01-27,Madera,039,155013,14688,14194,715,14909,86
2021-01-27,Marin,041,260295,12344,12028,140,12168,180
2021-01-27,Mariposa,043,17540,355,333,3,336,4
2021-01-27,Mendocino,045,87422,3276,3095,61,3156,36
2021-01-27,Merced,047,269075,26065,25439,748,26187,315
2021-01-27,Modoc,049,8938,314,297,97,394,0
2021-01-27,Mono,051,14174,1130,1131,16,1147,3
2021-01-27,Monterey,053,433212,39372,38139,1376,39515,268
2021-01-27,Napa,055,140530,8402,8187,33,8220,46
2021-01-27,Nevada,057,99092,3624,3431,143,3574,18
2021-01-27,Orange,059,3164182,233412,227110,9452,236562,2832
2021-01-27,Placer,061,380077,19275,18106,973,19079,198
2021-01-27,Plumas,063,18699,618,544,10,554,2
2021-01-27,Riverside,065,2383286,271345,260796,12761,273557,2931
2021-01-27,Sacramento,067,1510023,87301,85428,1048,86476,1142
2021-01-27,San Benito,069,59416,5408,5284,71,5355,47
2021-01-27,San Bernardino,071,2135413,274959,265153,8054,273207,2019
2021-01-27,San Diego,073,3302833,245154,231478,11472,242950,2465
2021-01-27,San Francisco,075,870044,31562,31082,858,31940,287
2021-01-27,San Joaquin,077,732212,62250,60131,2472,62603,853
2021-01-27,San Luis Obispo,079,281455,17967,17119,471,17590,188
2021-01-27,San Mateo,081,765935,36661,34619,340,34959,216
2021-01-27,Santa Barbara,083,443738,29100,27435,885,28320,282
2021-01-27,Santa Clara,085,1922200,102078,99732,472,100204,1184
2021-01-27,Santa Cruz,087,273765,14298,13111,686,13797,143
2021-01-27,Shasta,089,179085,10311,10106,1071,11177,105
2021-01-27,Sierra,091,2930,48,44,12,56,0
2021-01-27,Siskiyou,093,43540,1324,1214,196,1410,4
2021-01-27,Solano,095,438530,27796,26982,314,27296,112
2021-01-27,Sonoma,097,501317,25923,25361,135,25496,237
2021-01-27,Stanislaus,099,539301,46663,44874,4800,49674,624
2021-01-27,Sutter,101,95872,8257,8093,78,8171,83
2021-01-27,Tehama,103,63373,4298,4133,459,4592,20
2021-01-27,Trinity,105,12862,439,260,66,326,3
2021-01-27,Tulare,107,460477,45344,43462,6671,50133,583
2021-01-27,Tuolumne,109,53932,3457,3464,31,3495,32
2021-01-27,Ventura,111,848112,70664,68291,2501,70792,468
2021-01-27,Yolo,113,214977,12031,11427,161,11588,151
2021-01-27,Yuba,115,75493,5128,4968,74,5042,32
2021-01-26,Alameda,001,1643700,73996,71851,1561,73412,789
2021-01-26,Alpine,003,1148,73,72,0,72,0
2021-01-26,Amador,005,37829,3213,3113,24,3137,31
2021-01-26,Butte,007,227075,10591,9943,1450,11393,136
2021-01-26,Calaveras,009,45235,1742,1723,10,1733,21
2021-01-26,Colusa,011,21464,1754,1719,201,1920,8
2021-01-26,Contra Costa,013,1133247,57710,55337,968,56305,491
2021-01-26,Del Norte,015,27424,890,856,4,860,2
2021-01-26,El Dorado,017,186661,8526,8115,562,8677,71
2021-01-26,Fresno,019,978130,90406,86673,6864,93537,923
2021-01-26,Glenn,021,27897,2104,2034,433,2467,13
2021-01-26,Humboldt,023,135768,2772,2612,17,2629,24
2021-01-26,Imperial,025,180216,26430,25812,2369,28181,498
2021-01-26,Inyo,027,18085,1076,1018,10,1028,27
2021-01-26,Kern,029,883053,87189,83868,8326,92194,790
2021-01-26,Kings,031,150075,20912,20156,856,21012,159
2021-01-26,Lake,033,64148,2850,2748,1,2749,32
2021-01-26,Lassen,035,31185,4932,4844,88,4932,1
2021-01-26,Los Angeles,037,10098052,1107355,1060492,35927,1096419,15458
2021-01-26,Madera,039,155013,14631,14130,709,14839,86
2021-01-26,Marin,041,260295,12299,11993,138,12131,179
2021-01-26,Mariposa,043,17540,353,332,3,335,3
2021-01-26,Mendocino,045,87422,3250,3076,60,3136,36
2021-01-26,Merced,047,269075,25925,25359,740,26099,309
2021-01-26,Modoc,049,8938,307,291,96,387,0
2021-01-26,Mono,051,14174,1128,1120,16,1136,3
2021-01-26,Monterey,053,433212,39178,37963,1356,39319,255
2021-01-26,Napa,055,140530,8345,8145,33,8178,43
2021-01-26,Nevada,057,99092,3617,3410,142,3552,18
2021-01-26,Orange,059,3164182,232288,225987,9407,235394,2760
2021-01-26,Placer,061,380077,19199,18016,971,18987,193
2021-01-26,Plumas,063,18699,616,536,10,546,2
2021-01-26,Riverside,065,2383286,269978,259399,12697,272096,2898
2021-01-26,Sacramento,067,1510023,86943,85062,1041,86103,1127
2021-01-26,San Benito,069,59416,5394,5251,70,5321,45
2021-01-26,San Bernardino,071,2135413,273958,263736,8010,271746,1970
2021-01-26,San Diego,073,3302833,243658,230063,11370,241433,2421
2021-01-26,San Francisco,075,870044,31430,30874,839,31713,286
2021-01-26,San Joaquin,077,732212,61996,59889,2456,62345,847
2021-01-26,San Luis Obispo,079,281455,17886,17016,468,17484,186
2021-01-26,San Mateo,081,765935,36467,34441,329,34770,213
2021-01-26,Santa Barbara,083,443738,28926,27321,873,28194,273
2021-01-26,Santa Clara,085,1922200,101599,99215,469,99684,1171
2021-01-26,Santa Cruz,087,273765,14232,13045,680,13725,134
2021-01-26,Shasta,089,179085,10276,10036,1063,11099,103
2021-01-26,Sierra,091,2930,48,43,12,55,0
2021-01-26,Siskiyou,093,43540,1309,1208,194,1402,4
2021-01-26,Solano,095,438530,27640,26858,308,27166,110
2021-01-26,Sonoma,097,501317,25804,25273,133,25406,236
2021-01-26,Stanislaus,099,539301,46481,44703,4758,49461,599
2021-01-26,Sutter,101,95872,8214,8067,78,8145,83
2021-01-26,Tehama,103,63373,4265,4115,459,4574,20
2021-01-26,Trinity,105,12862,439,260,66,326,3
2021-01-26,Tulare,107,460477,45141,43394,6601,49995,579
2021-01-26,Tuolumne,109,53932,3447,3451,31,3482,30
2021-01-26,Ventura,111,848112,70131,67526,2475,70001,448
2021-01-26,Yolo,113,214977,11986,11361,158,11519,148
2021-01-26,Yuba,115,75493,5103,4944,72,5016,31
2021-01-25,Alameda,001,1643700,73567,71255,1551,72806,780
2021-01-25,Alpine,003,1148,73,72,0,72,0
2021-01-25,Amador,005,37829,3173,3074,24,3098,30
2021-01-25,Butte,007,227075,10524,9865,1442,11307,133
2021-01-25,Calaveras,009,45235,1727,1713,10,1723,21
2021-01-25,Colusa,011,21464,1742,1709,197,1906,8
2021-01-25,Contra Costa,013,1133247,57354,54989,961,55950,488
2021-01-25,Del Norte,015,27424,889,855,4,859,2
2021-01-25,El Dorado,017,186661,8501,8060,562,8622,66
2021-01-25,Fresno,019,978130,90035,86336,6832,93168,913
2021-01-25,Glenn,021,27897,2095,2028,433,2461,13
2021-01-25,Humboldt,023,135768,2738,2587,17,2604,24
2021-01-25,Imperial,025,180216,26381,25745,2361,28106,491
2021-01-25,Inyo,027,18085,1070,1015,10,1025,27
2021-01-25,Kern,029,883053,86802,83401,8240,91641,787
2021-01-25,Kings,031,150075,20792,20067,852,20919,159
2021-01-25,Lake,033,64148,2831,2729,1,2730,32
2021-01-25,Lassen,035,31185,4905,4835,88,4923,1
2021-01-25,Los Angeles,037,10098052,1101399,1055181,35697,1090878,15163
2021-01-25,Madera,039,155013,14577,14068,704,14772,86
2021-01-25,Marin,041,260295,12247,11923,134,12057,177
2021-01-25,Mariposa,043,17540,350,331,3,334,3
2021-01-25,Mendocino,045,87422,3239,3054,60,3114,35
2021-01-25,Merced,047,269075,25786,25181,731,25912,305
2021-01-25,Modoc,049,8938,306,288,92,380,0
2021-01-25,Mono,051,14174,1125,1114,15,1129,3
2021-01-25,Monterey,053,433212,38925,37726,1337,39063,255
2021-01-25,Napa,055,140530,8311,8057,32,8089,43
2021-01-25,Nevada,057,99092,3603,3365,142,3507,18
2021-01-25,Orange,059,3164182,231078,225105,9361,234466,2696
2021-01-25,Placer,061,380077,19112,17936,956,18892,193
2021-01-25,Plumas,063,18699,613,533,10,543,2
2021-01-25,Riverside,065,2383286,268239,258082,12641,270723,2789
2021-01-25,Sacramento,067,1510023,86502,84653,1033,85686,1118
2021-01-25,San Benito,069,59416,5358,5238,69,5307,43
2021-01-25,San Bernardino,071,2135413,273011,263174,7974,271148,1947
2021-01-25,San Diego,073,3302833,242045,228630,11298,239928,2375
2021-01-25,San Francisco,075,870044,31280,30734,816,31550,288
2021-01-25,San Joaquin,077,732212,61702,59291,2431,61722,838
2021-01-25,San Luis Obispo,079,281455,17752,16868,463,17331,179
2021-01-25,San Mateo,081,765935,36233,34187,323,34510,213
2021-01-25,Santa Barbara,083,443738,28691,27065,863,27928,269
2021-01-25,Santa Clara,085,1922200,101030,98647,461,99108,1143
2021-01-25,Santa Cruz,087,273765,14145,12973,675,13648,133
2021-01-25,Shasta,089,179085,10235,9991,1052,11043,103
2021-01-25,Sierra,091,2930,48,42,12,54,0
2021-01-25,Siskiyou,093,43540,1301,1205,191,1396,4
2021-01-25,Solano,095,438530,27472,26648,307,26955,109
2021-01-25,Sonoma,097,501317,25697,25160,131,25291,233
2021-01-25,Stanislaus,099,539301,46235,44293,4715,49008,599
2021-01-25,Sutter,101,95872,8171,8023,78,8101,83
2021-01-25,Tehama,103,63373,4238,4082,455,4537,20
2021-01-25,Trinity,105,12862,439,262,66,328,3
2021-01-25,Tulare,107,460477,44925,43124,6496,49620,578
2021-01-25,Tuolumne,109,53932,3438,3422,31,3453,29
2021-01-25,Ventura,111,848112,69497,66910,2458,69368,439
2021-01-25,Yolo,113,214977,11900,11276,157,11433,140
2021-01-25,Yuba,115,75493,5081,4900,70,4970,31
2021-01-24,Alameda,001,1643700,73062,70823,1540,72363,780
2021-01-24,Alpine,003,1148,73,72,0,72,0
2021-01-24,Amador,005,37829,3140,3054,24,3078,30
2021-01-24,Butte,007,227075,10440,9820,1425,11245,133
2021-01-24,Calaveras,009,45235,1714,1704,10,1714,21
2021-01-24,Colusa,011,21464,1731,1689,191,1880,8
2021-01-24,Contra Costa,013,1133247,56966,54694,948,55642,488
2021-01-24,Del Norte,015,27424,885,855,4,859,2
2021-01-24,El Dorado,017,186661,8466,8003,558,8561,66
2021-01-24,Fresno,019,978130,89598,85808,6793,92601,911
2021-01-24,Glenn,021,27897,2087,2026,432,2458,13
2021-01-24,Humboldt,023,135768,2699,2562,17,2579,24
2021-01-24,Imperial,025,180216,26286,25707,2337,28044,488
2021-01-24,Inyo,027,18085,1054,1007,10,1017,27
2021-01-24,Kern,029,883053,86365,83125,8132,91257,785
2021-01-24,Kings,031,150075,20664,19988,836,20824,159
2021-01-24,Lake,033,64148,2813,2724,0,2724,32
2021-01-24,Lassen,035,31185,4894,4828,85,4913,1
2021-01-24,Los Angeles,037,10098052,1094994,1048757,35385,1084142,15119
2021-01-24,Madera,039,155013,14487,14000,698,14698,86
2021-01-24,Marin,041,260295,12180,11872,132,12004,177
2021-01-24,Mariposa,043,17540,346,322,3,325,3
2021-01-24,Mendocino,045,87422,3218,3037,59,3096,33
2021-01-24,Merced,047,269075,25575,25047,721,25768,305
2021-01-24,Modoc,049,8938,306,285,92,377,0
2021-01-24,Mono,051,14174,1118,1113,15,1128,3
2021-01-24,Monterey,053,433212,38654,37527,1303,38830,254
2021-01-24,Napa,055,140530,8269,8005,32,8037,43
2021-01-24,Nevada,057,99092,3561,3349,140,3489,18
2021-01-24,Orange,059,3164182,229648,223853,9291,233144,2632
2021-01-24,Placer,061,380077,18997,17839,936,18775,193
2021-01-24,Plumas,063,18699,610,532,10,542,2
2021-01-24,Riverside,065,2383286,266598,256767,12564,269331,2761
2021-01-24,Sacramento,067,1510023,85948,84110,1025,85135,1112
2021-01-24,San Benito,069,59416,5316,5223,66,5289,43
2021-01-24,San Bernardino,071,2135413,271684,262370,7920,270290,1935
2021-01-24,San Diego,073,3302833,240351,227193,11167,238360,2375
2021-01-24,San Francisco,075,870044,31092,30559,794,31353,275
2021-01-24,San Joaquin,077,732212,61273,59021,2415,61436,838
2021-01-24,San Luis Obispo,079,281455,17628,16758,461,17219,179
2021-01-24,San Mateo,081,765935,35987,33956,318,34274,213
2021-01-24,Santa Barbara,083,443738,28375,26735,853,27588,269
2021-01-24,Santa Clara,085,1922200,100381,98103,456,98559,1109
2021-01-24,Santa Cruz,087,273765,14059,12905,667,13572,133
2021-01-24,Shasta,089,179085,10164,9978,1043,11021,103
2021-01-24,Sierra,091,2930,47,42,12,54,0
2021-01-24,Siskiyou,093,43540,1294,1195,191,1386,4
2021-01-24,Solano,095,438530,27283,26515,303,26818,109
2021-01-24,Sonoma,097,501317,25534,25045,130,25175,233
2021-01-24,Stanislaus,099,539301,45926,44031,4653,48684,599
2021-01-24,Sutter,101,95872,8107,7980,78,8058,83
2021-01-24,Tehama,103,63373,4198,4062,450,4512,20
2021-01-24,Trinity,105,12862,439,262,66,328,3
2021-01-24,Tulare,107,460477,44706,43006,6403,49409,577
2021-01-24,Tuolumne,109,53932,3428,3416,31,3447,29
2021-01-24,Ventura,111,848112,68786,66347,2434,68781,439
2021-01-24,Yolo,113,214977,11816,11210,153,11363,140
2021-01-24,Yuba,115,75493,5041,4875,69,4944,31
2021-01-23,Alameda,001,1643700,72813,70080,1533,71613,780
2021-01-23,Alpine,003,1148,73,72,0,72,0
2021-01-23,Amador,005,37829,3137,3049,24,3073,30
2021-01-23,Butte,007,227075,10411,9757,1422,11179,133
2021-01-23,Calaveras,009,45235,1711,1695,10,1705,21
2021-01-23,Colusa,011,21464,1727,1672,190,1862,8
2021-01-23,Contra Costa,013,1133247,56754,54162,941,55103,487
2021-01-23,Del Norte,015,27424,884,855,4,859,2
2021-01-23,El Dorado,017,186661,8450,7984,556,8540,66
2021-01-23,Fresno,019,978130,89413,85274,6764,92038,910
2021-01-23,Glenn,021,27897,2084,2015,428,2443,13
2021-01-23,Humboldt,023,135768,2680,2493,16,2509,23
2021-01-23,Imperial,025,180216,26252,25581,2327,27908,487
2021-01-23,Inyo,027,18085,1045,987,10,997,27
2021-01-23,Kern,029,883053,86121,82602,8064,90666,783
2021-01-23,Kings,031,150075,20620,19904,834,20738,159
2021-01-23,Lake,033,64148,2805,2673,0,2673,32
2021-01-23,Lassen,035,31185,4893,4816,82,4898,1
2021-01-23,Los Angeles,037,10098052,1091766,1040961,35223,1076184,15034
2021-01-23,Madera,039,155013,14451,13858,695,14553,86
2021-01-23,Marin,041,260295,12124,11796,130,11926,177
2021-01-23,Mariposa,043,17540,346,323,3,326,3
2021-01-23,Mendocino,045,87422,3204,2991,59,3050,32
2021-01-23,Merced,047,269075,25483,24787,706,25493,303
2021-01-23,Modoc,049,8938,306,285,92,377,0
2021-01-23,Mono,051,14174,1116,1111,15,1126,3
2021-01-23,Monterey,053,433212,38571,37165,1298,38463,253
2021-01-23,Napa,055,140530,8244,7893,32,7925,43
2021-01-23,Nevada,057,99092,3550,3332,139,3471,18
2021-01-23,Orange,059,3164182,228880,221722,9251,230973,2618
2021-01-23,Placer,061,380077,18946,17617,931,18548,193
2021-01-23,Plumas,063,18699,609,528,10,538,2
2021-01-23,Riverside,065,2383286,265698,253636,12512,266148,2733
2021-01-23,Sacramento,067,1510023,85719,83408,1022,84430,1108
2021-01-23,San Benito,069,59416,5292,5166,65,5231,43
2021-01-23,San Bernardino,071,2135413,271135,260381,7889,268270,1922
2021-01-23,San Diego,073,3302833,239290,225556,11095,236651,2344
2021-01-23,San Francisco,075,870044,30987,30308,765,31073,268
2021-01-23,San Joaquin,077,732212,61147,58164,2405,60569,836
2021-01-23,San Luis Obispo,079,281455,17564,16652,458,17110,176
2021-01-23,San Mateo,081,765935,35811,33696,307,34003,213
2021-01-23,Santa Barbara,083,443738,28190,26234,844,27078,264
2021-01-23,Santa Clara,085,1922200,100025,97189,455,97644,1086
2021-01-23,Santa Cruz,087,273765,14001,12771,664,13435,127
2021-01-23,Shasta,089,179085,10135,9951,1042,10993,103
2021-01-23,Sierra,091,2930,47,41,12,53,0
2021-01-23,Siskiyou,093,43540,1284,1190,190,1380,4
2021-01-23,Solano,095,438530,27190,26261,301,26562,107
2021-01-23,Sonoma,097,501317,25454,24790,130,24920,232
2021-01-23,Stanislaus,099,539301,45759,43723,4622,48345,599
2021-01-23,Sutter,101,95872,8089,7943,77,8020,80
2021-01-23,Tehama,103,63373,4179,4006,449,4455,20
2021-01-23,Trinity,105,12862,439,262,66,328,3
2021-01-23,Tulare,107,460477,44553,42661,6343,49004,575
2021-01-23,Tuolumne,109,53932,3421,3407,31,3438,29
2021-01-23,Ventura,111,848112,68336,65581,2411,67992,438
2021-01-23,Yolo,113,214977,11774,11087,149,11236,141
2021-01-23,Yuba,115,75493,5029,4831,68,4899,30
2021-01-22,Alameda,001,1643700,72492,69693,1527,71220,751
2021-01-22,Alpine,003,1148,73,71,0,71,0
2021-01-22,Amador,005,37829,3132,3042,24,3066,30
2021-01-22,Butte,007,227075,10366,9711,1409,11120,133
2021-01-22,Calaveras,009,45235,1702,1672,10,1682,21
2021-01-22,Colusa,011,21464,1725,1668,190,1858,7
2021-01-22,Contra Costa,013,1133247,56519,53887,935,54822,485
2021-01-22,Del Norte,015,27424,883,852,4,856,2
2021-01-22,El Dorado,017,186661,8416,7877,553,8430,64
2021-01-22,Fresno,019,978130,89072,84744,6736,91480,892
2021-01-22,Glenn,021,27897,2079,1985,422,2407,13
2021-01-22,Humboldt,023,135768,2656,2452,16,2468,23
2021-01-22,Imperial,025,180216,26217,25562,2312,27874,474
2021-01-22,Inyo,027,18085,1034,961,10,971,26
2021-01-22,Kern,029,883053,85824,82101,7988,90089,771
2021-01-22,Kings,031,150075,20544,19760,830,20590,159
2021-01-22,Lake,033,64148,2793,2681,0,2681,32
2021-01-22,Lassen,035,31185,4884,4765,81,4846,1
2021-01-22,Los Angeles,037,10098052,1087302,1031177,35032,1066209,14777
2021-01-22,Madera,039,155013,14391,13781,694,14475,86
2021-01-22,Marin,041,260295,12087,11769,128,11897,177
2021-01-22,Mariposa,043,17540,346,323,3,326,3
2021-01-22,Mendocino,045,87422,3179,2994,58,3052,32
2021-01-22,Merced,047,269075,25360,24616,698,25314,290
2021-01-22,Modoc,049,8938,306,285,92,377,0
2021-01-22,Mono,051,14174,1116,1108,15,1123,3
2021-01-22,Monterey,053,433212,38419,36909,1293,38202,253
2021-01-22,Napa,055,140530,8198,7828,32,7860,40
2021-01-22,Nevada,057,99092,3525,3296,138,3434,18
2021-01-22,Orange,059,3164182,227928,220384,9204,229588,2542
2021-01-22,Placer,061,380077,18889,17636,916,18552,193
2021-01-22,Plumas,063,18699,607,522,10,532,2
2021-01-22,Riverside,065,2383286,264553,252440,12444,264884,2710
2021-01-22,Sacramento,067,1510023,85389,82861,1014,83875,1094
2021-01-22,San Benito,069,59416,5266,5143,65,5208,43
2021-01-22,San Bernardino,071,2135413,270315,259121,7856,266977,1849
2021-01-22,San Diego,073,3302833,238050,222576,11030,233606,2301
2021-01-22,San Francisco,075,870044,30874,30027,748,30775,266
2021-01-22,San Joaquin,077,732212,60966,58485,2393,60878,812
2021-01-22,San Luis Obispo,079,281455,17475,16336,455,16791,172
2021-01-22,San Mateo,081,765935,35589,33401,304,33705,211
2021-01-22,Santa Barbara,083,443738,27989,25989,833,26822,256
2021-01-22,Santa Clara,085,1922200,99588,96435,452,96887,1062
2021-01-22,Santa Cruz,087,273765,13943,12687,660,13347,123
2021-01-22,Shasta,089,179085,10115,9866,1040,10906,103
2021-01-22,Sierra,091,2930,47,40,12,52,0
2021-01-22,Siskiyou,093,43540,1280,1182,188,1370,4
2021-01-22,Solano,095,438530,27100,26048,299,26347,107
2021-01-22,Sonoma,097,501317,25369,24659,130,24789,232
2021-01-22,Stanislaus,099,539301,45593,43489,4596,48085,599
2021-01-22,Sutter,101,95872,8064,7878,77,7955,80
2021-01-22,Tehama,103,63373,4162,3993,447,4440,19
2021-01-22,Trinity,105,12862,438,263,66,329,3
2021-01-22,Tulare,107,460477,44373,42307,6273,48580,573
2021-01-22,Tuolumne,109,53932,3393,3379,31,3410,29
2021-01-22,Ventura,111,848112,67830,64404,2393,66797,426
2021-01-22,Yolo,113,214977,11740,11014,142,11156,141
2021-01-22,Yuba,115,75493,5005,4789,66,4855,29
2021-01-21,Alameda,001,1643700,72056,69314,1510,70824,739
2021-01-21,Alpine,003,1148,73,71,0,71,0
2021-01-21,Amador,005,37829,3110,3038,24,3062,29
2021-01-21,Butte,007,227075,10301,9643,1403,11046,130
2021-01-21,Calaveras,009,45235,1693,1647,10,1657,21
2021-01-21,Colusa,011,21464,1718,1662,187,1849,7
2021-01-21,Contra Costa,013,1133247,56106,53595,921,54516,478
2021-01-21,Del Norte,015,27424,881,850,3,853,2
2021-01-21,El Dorado,017,186661,8367,7823,550,8373,58
2021-01-21,Fresno,019,978130,88667,84137,6696,90833,889
2021-01-21,Glenn,021,27897,2071,1964,417,2381,13
2021-01-21,Humboldt,023,135768,2633,2423,16,2439,23
2021-01-21,Imperial,025,180216,26127,25509,2298,27807,463
2021-01-21,Inyo,027,18085,1025,946,10,956,26
2021-01-21,Kern,029,883053,85411,81328,7873,89201,769
2021-01-21,Kings,031,150075,20473,19633,812,20445,158
2021-01-21,Lake,033,64148,2776,2669,0,2669,32
2021-01-21,Lassen,035,31185,4877,4763,81,4844,1
2021-01-21,Los Angeles,037,10098052,1080640,1023055,34712,1057767,14537
2021-01-21,Madera,039,155013,14323,13664,686,14350,86
2021-01-21,Marin,041,260295,12031,11732,126,11858,173
2021-01-21,Mariposa,043,17540,342,322,3,325,3
2021-01-21,Mendocino,045,87422,3156,2967,56,3023,32
2021-01-21,Merced,047,269075,25205,24426,691,25117,245
2021-01-21,Modoc,049,8938,303,284,91,375,0
2021-01-21,Mono,051,14174,1111,1104,15,1119,3
2021-01-21,Monterey,053,433212,38138,36149,1283,37432,253
2021-01-21,Napa,055,140530,8134,7774,32,7806,40
2021-01-21,Nevada,057,99092,3496,3274,137,3411,18
2021-01-21,Orange,059,3164182,226549,218867,9149,228016,2540
2021-01-21,Placer,061,380077,18810,17553,912,18465,190
2021-01-21,Plumas,063,18699,603,518,10,528,2
2021-01-21,Riverside,065,2383286,262831,251007,12364,263371,2676
2021-01-21,Sacramento,067,1510023,84910,82303,993,83296,1084
2021-01-21,San Benito,069,59416,5236,5100,60,5160,43
2021-01-21,San Bernardino,071,2135413,268973,257754,7791,265545,1832
2021-01-21,San Diego,073,3302833,236275,219729,10923,230652,2222
2021-01-21,San Francisco,075,870044,30697,29801,714,30515,266
2021-01-21,San Joaquin,077,732212,60657,58270,2373,60643,806
2021-01-21,San Luis Obispo,079,281455,17389,16153,447,16600,169
2021-01-21,San Mateo,081,765935,35343,33156,291,33447,210
2021-01-21,Santa Barbara,083,443738,27701,25654,820,26474,253
2021-01-21,Santa Clara,085,1922200,98964,96028,445,96473,1062
2021-01-21,Santa Cruz,087,273765,13858,12548,650,13198,119
2021-01-21,Shasta,089,179085,10072,9795,1025,10820,98
2021-01-21,Sierra,091,2930,47,40,12,52,0
2021-01-21,Siskiyou,093,43540,1277,1178,185,1363,4
2021-01-21,Solano,095,438530,26920,25885,295,26180,106
2021-01-21,Sonoma,097,501317,25231,24440,128,24568,230
2021-01-21,Stanislaus,099,539301,45295,43223,4552,47775,599
2021-01-21,Sutter,101,95872,8030,7822,77,7899,80
2021-01-21,Tehama,103,63373,4124,3938,447,4385,19
2021-01-21,Trinity,105,12862,438,261,66,327,3
2021-01-21,Tulare,107,460477,44162,42082,6197,48279,569
2021-01-21,Tuolumne,109,53932,3383,3365,30,3395,29
2021-01-21,Ventura,111,848112,67136,63995,2372,66367,420
2021-01-21,Yolo,113,214977,11649,10940,134,11074,141
2021-01-21,Yuba,115,75493,4973,4757,65,4822,29
2021-01-20,Alameda,001,1643700,71579,68785,1496,70281,702
2021-01-20,Alpine,003,1148,73,71,0,71,0
2021-01-20,Amador,005,37829,3079,3036,24,3060,29
2021-01-20,Butte,007,227075,10245,9582,1392,10974,130
2021-01-20,Calaveras,009,45235,1671,1637,9,1646,21
2021-01-20,Colusa,011,21464,1701,1630,182,1812,7
2021-01-20,Contra Costa,013,1133247,55649,53108,914,54022,461
2021-01-20,Del Norte,015,27424,880,848,3,851,2
2021-01-20,El Dorado,017,186661,8317,7785,547,8332,53
2021-01-20,Fresno,019,978130,88247,83591,6643,90234,872
2021-01-20,Glenn,021,27897,2052,1955,415,2370,13
2021-01-20,Humboldt,023,135768,2590,2390,16,2406,22
2021-01-20,Imperial,025,180216,26055,25380,2263,27643,461
2021-01-20,Inyo,027,18085,1015,901,10,911,26
2021-01-20,Kern,029,883053,84962,80701,7765,88466,754
2021-01-20,Kings,031,150075,20383,19522,804,20326,146
2021-01-20,Lake,033,64148,2755,2646,0,2646,31
2021-01-20,Lassen,035,31185,4869,4758,79,4837,1
2021-01-20,Los Angeles,037,10098052,1073144,1015608,34424,1050032,14299
2021-01-20,Madera,039,155013,14259,13585,681,14266,86
2021-01-20,Marin,041,260295,11977,11684,124,11808,171
2021-01-20,Mariposa,043,17540,340,322,3,325,3
2021-01-20,Mendocino,045,87422,3141,2957,56,3013,32
2021-01-20,Merced,047,269075,25032,24220,669,24889,243
2021-01-20,Modoc,049,8938,302,282,91,373,0
2021-01-20,Mono,051,14174,1104,1105,14,1119,3
2021-01-20,Monterey,053,433212,37826,35960,1263,37223,249
2021-01-20,Napa,055,140530,8065,7731,31,7762,40
2021-01-20,Nevada,057,99092,3464,3238,137,3375,18
2021-01-20,Orange,059,3164182,225013,216893,9087,225980,2500
2021-01-20,Placer,061,380077,18717,17455,894,18349,186
2021-01-20,Plumas,063,18699,601,512,10,522,2
2021-01-20,Riverside,065,2383286,260785,248686,12277,260963,2615
2021-01-20,Sacramento,067,1510023,84350,81687,983,82670,1072
2021-01-20,San Benito,069,59416,5205,5036,59,5095,35
2021-01-20,San Bernardino,071,2135413,267619,255921,7743,263664,1801
2021-01-20,San Diego,073,3302833,234420,218553,10819,229372,2174
2021-01-20,San Francisco,075,870044,30509,29665,694,30359,262
2021-01-20,San Joaquin,077,732212,60253,58025,2364,60389,783
2021-01-20,San Luis Obispo,079,281455,17208,15936,438,16374,164
2021-01-20,San Mateo,081,765935,35116,32929,290,33219,210
2021-01-20,Santa Barbara,083,443738,27384,25312,808,26120,248
2021-01-20,Santa Clara,085,1922200,98282,94995,443,95438,1040
2021-01-20,Santa Cruz,087,273765,13751,12460,637,13097,107
2021-01-20,Shasta,089,179085,10020,9697,1015,10712,98
2021-01-20,Sierra,091,2930,47,40,12,52,0
2021-01-20,Siskiyou,093,43540,1270,1163,184,1347,4
2021-01-20,Solano,095,438530,26727,25659,291,25950,106
2021-01-20,Sonoma,097,501317,25094,24262,126,24388,223
2021-01-20,Stanislaus,099,539301,45015,42955,4514,47469,585
2021-01-20,Sutter,101,95872,7979,7772,75,7847,80
2021-01-20,Tehama,103,63373,4098,3892,445,4337,19
2021-01-20,Trinity,105,12862,438,260,66,326,3
2021-01-20,Tulare,107,460477,43904,41799,6104,47903,559
2021-01-20,Tuolumne,109,53932,3369,3355,29,3384,29
2021-01-20,Ventura,111,848112,66176,63413,2343,65756,395
2021-01-20,Yolo,113,214977,11581,10852,131,10983,141
2021-01-20,Yuba,115,75493,4946,4729,65,4794,29
2021-01-19,Alameda,001,1643700,70935,68434,1487,69921,680
2021-01-19,Alpine,003,1148,73,71,0,71,0
2021-01-19,Amador,005,37829,3070,3024,24,3048,28
2021-01-19,Butte,007,227075,10181,9528,1377,10905,129
2021-01-19,Calaveras,009,45235,1656,1621,8,1629,21
2021-01-19,Colusa,011,21464,1679,1617,179,1796,7
2021-01-19,Contra Costa,013,1133247,55153,52730,903,53633,448
2021-01-19,Del Norte,015,27424,878,843,3,846,2
2021-01-19,El Dorado,017,186661,8257,7743,539,8282,47
2021-01-19,Fresno,019,978130,87725,83200,6591,89791,857
2021-01-19,Glenn,021,27897,2040,1948,410,2358,13
2021-01-19,Humboldt,023,135768,2566,2359,13,2372,22
2021-01-19,Imperial,025,180216,25974,25333,2247,27580,452
2021-01-19,Inyo,027,18085,1008,891,10,901,26
2021-01-19,Kern,029,883053,84373,80272,7657,87929,742
2021-01-19,Kings,031,150075,20244,19375,793,20168,143
2021-01-19,Lake,033,64148,2740,2625,0,2625,31
2021-01-19,Lassen,035,31185,4862,4753,79,4832,1
2021-01-19,Los Angeles,037,10098052,1064468,1010375,34153,1044528,14014
2021-01-19,Madera,039,155013,14143,13528,674,14202,86
2021-01-19,Marin,041,260295,11920,11654,120,11774,169
2021-01-19,Mariposa,043,17540,340,322,3,325,3
2021-01-19,Mendocino,045,87422,3124,2930,56,2986,32
2021-01-19,Merced,047,269075,24820,24108,660,24768,242
2021-01-19,Modoc,049,8938,301,281,91,372,0
2021-01-19,Mono,051,14174,1103,1106,14,1120,3
2021-01-19,Monterey,053,433212,37523,35840,1242,37082,248
2021-01-19,Napa,055,140530,8006,7672,31,7703,38
2021-01-19,Nevada,057,99092,3446,3216,135,3351,18
2021-01-19,Orange,059,3164182,223275,215244,9018,224262,2468
2021-01-19,Placer,061,380077,18620,17348,884,18232,182
2021-01-19,Plumas,063,18699,594,509,10,519,2
2021-01-19,Riverside,065,2383286,258699,246248,12198,258446,2585
2021-01-19,Sacramento,067,1510023,83813,81183,963,82146,1053
2021-01-19,San Benito,069,59416,5159,4988,58,5046,35
2021-01-19,San Bernardino,071,2135413,265886,253651,7685,261336,1777
2021-01-19,San Diego,073,3302833,231997,216833,10721,227554,2109
2021-01-19,San Francisco,075,870044,30290,29502,663,30165,261
2021-01-19,San Joaquin,077,732212,59869,57655,2351,60006,782
2021-01-19,San Luis Obispo,079,281455,16944,15855,435,16290,161
2021-01-19,San Mateo,081,765935,34831,32730,279,33009,208
2021-01-19,Santa Barbara,083,443738,27000,24991,792,25783,236
2021-01-19,Santa Clara,085,1922200,97505,94483,441,94924,1010
2021-01-19,Santa Cruz,087,273765,13634,12410,629,13039,106
2021-01-19,Shasta,089,179085,9984,9614,1005,10619,93
2021-01-19,Sierra,091,2930,47,40,10,50,0
2021-01-19,Siskiyou,093,43540,1262,1149,183,1332,4
2021-01-19,Solano,095,438530,26480,25520,290,25810,106
2021-01-19,Sonoma,097,501317,24914,24133,124,24257,223
2021-01-19,Stanislaus,099,539301,44667,42723,4469,47192,561
2021-01-19,Sutter,101,95872,7929,7709,69,7778,80
2021-01-19,Tehama,103,63373,4066,3876,443,4319,19
2021-01-19,Trinity,105,12862,437,260,66,326,3
2021-01-19,Tulare,107,460477,43626,41559,6008,47567,549
2021-01-19,Tuolumne,109,53932,3342,3328,29,3357,29
2021-01-19,Ventura,111,848112,65497,62656,2316,64972,383
2021-01-19,Yolo,113,214977,11494,10789,130,10919,134
2021-01-19,Yuba,115,75493,4913,4695,64,4759,29
2021-01-18,Alameda,001,1643700,70303,67938,1469,69407,680
2021-01-18,Alpine,003,1148,73,71,0,71,0
2021-01-18,Amador,005,37829,3056,3016,24,3040,28
2021-01-18,Butte,007,227075,10096,9474,1366,10840,129
2021-01-18,Calaveras,009,45235,1635,1617,7,1624,21
2021-01-18,Colusa,011,21464,1662,1608,178,1786,7
2021-01-18,Contra Costa,013,1133247,54637,52323,895,53218,448
2021-01-18,Del Norte,015,27424,877,840,3,843,2
2021-01-18,El Dorado,017,186661,8188,7707,537,8244,47
2021-01-18,Fresno,019,978130,87113,82485,6524,89009,857
2021-01-18,Glenn,021,27897,2023,1935,406,2341,13
2021-01-18,Humboldt,023,135768,2528,2343,13,2356,22
2021-01-18,Imperial,025,180216,25905,25317,2222,27539,452
2021-01-18,Inyo,027,18085,996,872,10,882,26
2021-01-18,Kern,029,883053,83735,79930,7566,87496,740
2021-01-18,Kings,031,150075,20074,19267,781,20048,141
2021-01-18,Lake,033,64148,2723,2591,0,2591,30
2021-01-18,Lassen,035,31185,4826,4749,78,4827,1
2021-01-18,Los Angeles,037,10098052,1054970,1002614,33862,1036476,13828
2021-01-18,Madera,039,155013,14030,13443,666,14109,85
2021-01-18,Marin,041,260295,11873,11607,118,11725,165
2021-01-18,Mariposa,043,17540,337,320,2,322,3
2021-01-18,Mendocino,045,87422,3101,2919,56,2975,31
2021-01-18,Merced,047,269075,24575,23927,644,24571,242
2021-01-18,Modoc,049,8938,298,281,88,369,0
2021-01-18,Mono,051,14174,1100,1101,14,1115,3
2021-01-18,Monterey,053,433212,37080,35549,1228,36777,247
2021-01-18,Napa,055,140530,7932,7601,31,7632,38
2021-01-18,Nevada,057,99092,3408,3199,134,3333,17
2021-01-18,Orange,059,3164182,221373,213866,8962,222828,2405
2021-01-18,Placer,061,380077,18504,17263,875,18138,182
2021-01-18,Plumas,063,18699,590,506,10,516,2
2021-01-18,Riverside,065,2383286,256386,244151,12104,256255,2568
2021-01-18,Sacramento,067,1510023,83143,80546,947,81493,1046
2021-01-18,San Benito,069,59416,5109,4963,56,5019,35
2021-01-18,San Bernardino,071,2135413,264127,252808,7626,260434,1775
2021-01-18,San Diego,073,3302833,229349,214335,10592,224927,2103
2021-01-18,San Francisco,075,870044,30084,29321,639,29960,259
2021-01-18,San Joaquin,077,732212,59351,57405,2329,59734,782
2021-01-18,San Luis Obispo,079,281455,16757,15742,425,16167,158
2021-01-18,San Mateo,081,765935,34518,32515,260,32775,208
2021-01-18,Santa Barbara,083,443738,26621,24638,778,25416,235
2021-01-18,Santa Clara,085,1922200,96615,93688,437,94125,992
2021-01-18,Santa Cruz,087,273765,13501,12298,616,12914,106
2021-01-18,Shasta,089,179085,9945,9600,995,10595,92
2021-01-18,Sierra,091,2930,46,40,10,50,0
2021-01-18,Siskiyou,093,43540,1250,1144,182,1326,4
2021-01-18,Solano,095,438530,26203,25344,285,25629,105
2021-01-18,Sonoma,097,501317,24646,24068,123,24191,223
2021-01-18,Stanislaus,099,539301,44311,42413,4413,46826,562
2021-01-18,Sutter,101,95872,7872,7680,67,7747,78
2021-01-18,Tehama,103,63373,4022,3854,436,4290,19
2021-01-18,Trinity,105,12862,437,260,66,326,3
2021-01-18,Tulare,107,460477,43337,41196,5897,47093,549
2021-01-18,Tuolumne,109,53932,3318,3318,28,3346,28
2021-01-18,Ventura,111,848112,65067,61859,2293,64152,379
2021-01-18,Yolo,113,214977,11365,10620,127,10747,134
2021-01-18,Yuba,115,75493,4885,4671,62,4733,29
2021-01-17,Alameda,001,1643700,69739,67375,1451,68826,676
2021-01-17,Alpine,003,1148,73,71,0,71,0
2021-01-17,Amador,005,37829,3049,3001,24,3025,28
2021-01-17,Butte,007,227075,10021,9411,1342,10753,129
2021-01-17,Calaveras,009,45235,1622,1608,7,1615,21
2021-01-17,Colusa,011,21464,1648,1588,174,1762,7
2021-01-17,Contra Costa,013,1133247,54147,51932,885,52817,447
2021-01-17,Del Norte,015,27424,877,838,3,841,2
2021-01-17,El Dorado,017,186661,8132,7659,525,8184,47
2021-01-17,Fresno,019,978130,86560,82039,6448,88487,857
2021-01-17,Glenn,021,27897,2013,1924,400,2324,9
2021-01-17,Humboldt,023,135768,2491,2322,11,2333,22
2021-01-17,Imperial,025,180216,25835,25253,2178,27431,451
2021-01-17,Inyo,027,18085,990,864,10,874,26
2021-01-17,Kern,029,883053,83187,79489,7479,86968,738
2021-01-17,Kings,031,150075,19938,19201,767,19968,131
2021-01-17,Lake,033,64148,2707,2572,0,2572,30
2021-01-17,Lassen,035,31185,4818,4740,77,4817,1
2021-01-17,Los Angeles,037,10098052,1048323,993028,33460,1026488,13741
2021-01-17,Madera,039,155013,13938,13328,661,13989,85
2021-01-17,Marin,041,260295,11820,11552,116,11668,164
2021-01-17,Mariposa,043,17540,337,319,2,321,3
2021-01-17,Mendocino,045,87422,3073,2912,55,2967,31
2021-01-17,Merced,047,269075,24362,23800,626,24426,242
2021-01-17,Modoc,049,8938,297,279,88,367,0
2021-01-17,Mono,051,14174,1093,1091,13,1104,3
2021-01-17,Monterey,053,433212,36837,35340,1202,36542,244
2021-01-17,Napa,055,140530,7876,7521,31,7552,38
2021-01-17,Nevada,057,99092,3383,3176,132,3308,17
2021-01-17,Orange,059,3164182,219371,212389,8887,221276,2359
2021-01-17,Placer,061,380077,18399,17194,860,18054,181
2021-01-17,Plumas,063,18699,589,505,9,514,2
2021-01-17,Riverside,065,2383286,254277,242206,11986,254192,2534
2021-01-17,Sacramento,067,1510023,82541,80154,935,81089,1045
2021-01-17,San Benito,069,59416,5071,4941,56,4997,35
2021-01-17,San Bernardino,071,2135413,262002,251487,7538,259025,1775
2021-01-17,San Diego,073,3302833,227155,211785,10485,222270,2103
2021-01-17,San Francisco,075,870044,29898,29139,601,29740,255
2021-01-17,San Joaquin,077,732212,58993,57094,2314,59408,780
2021-01-17,San Luis Obispo,079,281455,16635,15658,416,16074,157
2021-01-17,San Mateo,081,765935,34266,32186,237,32423,208
2021-01-17,Santa Barbara,083,443738,26161,24401,765,25166,235
2021-01-17,Santa Clara,085,1922200,95868,92752,434,93186,976
2021-01-17,Santa Cruz,087,273765,13389,12196,613,12809,106
2021-01-17,Shasta,089,179085,9887,9588,987,10575,92
2021-01-17,Sierra,091,2930,46,38,9,47,0
2021-01-17,Siskiyou,093,43540,1243,1136,179,1315,4
2021-01-17,Solano,095,438530,25974,25216,283,25499,105
2021-01-17,Sonoma,097,501317,24472,23871,123,23994,223
2021-01-17,Stanislaus,099,539301,43990,42221,4349,46570,562
2021-01-17,Sutter,101,95872,7809,7604,66,7670,77
2021-01-17,Tehama,103,63373,3991,3837,432,4269,18
2021-01-17,Trinity,105,12862,437,261,66,327,3
2021-01-17,Tulare,107,460477,43045,41016,5781,46797,549
2021-01-17,Tuolumne,109,53932,3301,3287,28,3315,27
2021-01-17,Ventura,111,848112,64219,61257,2245,63502,376
2021-01-17,Yolo,113,214977,11266,10519,125,10644,134
2021-01-17,Yuba,115,75493,4835,4640,59,4699,28
2021-01-16,Alameda,001,1643700,69417,66583,1438,68021,673
2021-01-16,Alpine,003,1148,73,71,0,71,0
2021-01-16,Amador,005,37829,3046,2986,24,3010,28
2021-01-16,Butte,007,227075,9988,9359,1322,10681,129
2021-01-16,Calaveras,009,45235,1609,1596,7,1603,21
2021-01-16,Colusa,011,21464,1636,1578,174,1752,7
2021-01-16,Contra Costa,013,1133247,53882,51363,878,52241,443
2021-01-16,Del Norte,015,27424,872,833,3,836,2
2021-01-16,El Dorado,017,186661,8110,7575,524,8099,47
2021-01-16,Fresno,019,978130,86286,81294,6393,87687,846
2021-01-16,Glenn,021,27897,2009,1894,397,2291,9
2021-01-16,Humboldt,023,135768,2471,2294,9,2303,22
2021-01-16,Imperial,025,180216,25800,25140,2171,27311,451
2021-01-16,Inyo,027,18085,986,845,10,855,25
2021-01-16,Kern,029,883053,82820,78865,7425,86290,733
2021-01-16,Kings,031,150075,19882,19072,764,19836,131
2021-01-16,Lake,033,64148,2696,2504,0,2504,30
2021-01-16,Lassen,035,31185,4806,4719,77,4796,1
2021-01-16,Los Angeles,037,10098052,1044242,982684,33219,1015903,13654
2021-01-16,Madera,039,155013,13871,13193,657,13850,85
2021-01-16,Marin,041,260295,11777,11482,116,11598,164
2021-01-16,Mariposa,043,17540,336,317,2,319,3
2021-01-16,Mendocino,045,87422,3059,2890,52,2942,31
2021-01-16,Merced,047,269075,24274,23478,612,24090,242
2021-01-16,Modoc,049,8938,297,278,88,366,0
2021-01-16,Mono,051,14174,1091,1079,13,1092,3
2021-01-16,Monterey,053,433212,36726,34972,1184,36156,243
2021-01-16,Napa,055,140530,7837,7356,31,7387,39
2021-01-16,Nevada,057,99092,3350,3144,132,3276,17
2021-01-16,Orange,059,3164182,218335,210111,8830,218941,2312
2021-01-16,Placer,061,380077,18335,16995,858,17853,177
2021-01-16,Plumas,063,18699,587,502,9,511,2
2021-01-16,Riverside,065,2383286,252920,239412,11871,251283,2506
2021-01-16,Sacramento,067,1510023,82166,79122,918,80040,1033
2021-01-16,San Benito,069,59416,5039,4875,56,4931,35
2021-01-16,San Bernardino,071,2135413,261211,249401,7471,256872,1755
2021-01-16,San Diego,073,3302833,225857,209895,10388,220283,2065
2021-01-16,San Francisco,075,870044,29770,28853,570,29423,244
2021-01-16,San Joaquin,077,732212,58746,56642,2283,58925,776
2021-01-16,San Luis Obispo,079,281455,16534,15466,414,15880,152
2021-01-16,San Mateo,081,765935,34102,31805,231,32036,208
2021-01-16,Santa Barbara,083,443738,25961,24088,761,24849,229
2021-01-16,Santa Clara,085,1922200,95399,91584,427,92011,954
2021-01-16,Santa Cruz,087,273765,13330,12026,611,12637,106
2021-01-16,Shasta,089,179085,9854,9547,983,10530,92
2021-01-16,Sierra,091,2930,45,38,9,47,0
2021-01-16,Siskiyou,093,43540,1238,1124,179,1303,4
2021-01-16,Solano,095,438530,25865,24732,278,25010,103
2021-01-16,Sonoma,097,501317,24381,23607,122,23729,223
2021-01-16,Stanislaus,099,539301,43803,41809,4298,46107,562
2021-01-16,Sutter,101,95872,7777,7560,66,7626,76
2021-01-16,Tehama,103,63373,3977,3783,432,4215,18
2021-01-16,Trinity,105,12862,437,261,66,327,3
2021-01-16,Tulare,107,460477,42865,40655,5708,46363,542
2021-01-16,Tuolumne,109,53932,3293,3269,28,3297,27
2021-01-16,Ventura,111,848112,63667,60368,2215,62583,369
2021-01-16,Yolo,113,214977,11217,10406,124,10530,134
2021-01-16,Yuba,115,75493,4804,4602,59,4661,27
2021-01-15,Alameda,001,1643700,68993,65416,1427,66843,672
2021-01-15,Alpine,003,1148,73,71,0,71,0
2021-01-15,Amador,005,37829,3039,2953,24,2977,28
2021-01-15,Butte,007,227075,9947,9233,1307,10540,129
2021-01-15,Calaveras,009,45235,1602,1538,7,1545,21
2021-01-15,Colusa,011,21464,1625,1541,169,1710,7
2021-01-15,Contra Costa,013,1133247,53552,50408,871,51279,428
2021-01-15,Del Norte,015,27424,868,828,2,830,2
2021-01-15,El Dorado,017,186661,8061,7439,515,7954,47
2021-01-15,Fresno,019,978130,85749,79950,6357,86307,832
2021-01-15,Glenn,021,27897,2005,1824,394,2218,9
2021-01-15,Humboldt,023,135768,2444,2218,8,2226,22
2021-01-15,Imperial,025,180216,25766,24944,2165,27109,446
2021-01-15,Inyo,027,18085,968,814,10,824,25
2021-01-15,Kern,029,883053,82406,77873,7360,85233,719
2021-01-15,Kings,031,150075,19773,18661,758,19419,131
2021-01-15,Lake,033,64148,2670,2434,0,2434,28
2021-01-15,Lassen,035,31185,4795,4693,75,4768,1
2021-01-15,Los Angeles,037,10098052,1037195,968979,32931,1001910,13404
2021-01-15,Madera,039,155013,13786,12883,654,13537,85
2021-01-15,Marin,041,260295,11726,11310,116,11426,160
2021-01-15,Mariposa,043,17540,334,307,2,309,3
2021-01-15,Mendocino,045,87422,3048,2835,52,2887,31
2021-01-15,Merced,047,269075,24161,23060,608,23668,239
2021-01-15,Modoc,049,8938,297,278,86,364,0
2021-01-15,Mono,051,14174,1088,1057,13,1070,3
2021-01-15,Monterey,053,433212,36510,34460,1124,35584,243
2021-01-15,Napa,055,140530,7775,7231,31,7262,38
2021-01-15,Nevada,057,99092,3337,3099,129,3228,17
2021-01-15,Orange,059,3164182,216980,207129,8778,215907,2254
2021-01-15,Placer,061,380077,18231,16712,849,17561,173
2021-01-15,Plumas,063,18699,584,499,9,508,2
2021-01-15,Riverside,065,2383286,251055,235235,11791,247026,2458
2021-01-15,Sacramento,067,1510023,81745,80279,910,81189,1023
2021-01-15,San Benito,069,59416,5000,4766,54,4820,35
2021-01-15,San Bernardino,071,2135413,260045,246182,7413,253595,1726
2021-01-15,San Diego,073,3302833,224108,206868,10323,217191,2037
2021-01-15,San Francisco,075,870044,29595,28574,550,29124,242
2021-01-15,San Joaquin,077,732212,58512,55885,2269,58154,748
2021-01-15,San Luis Obispo,079,281455,16401,15129,409,15538,148
2021-01-15,San Mateo,081,765935,33857,31291,227,31518,208
2021-01-15,Santa Barbara,083,443738,25677,23487,757,24244,226
2021-01-15,Santa Clara,085,1922200,94746,90103,422,90525,942
2021-01-15,Santa Cruz,087,273765,13221,11776,597,12373,105
2021-01-15,Shasta,089,179085,9815,9459,976,10435,91
2021-01-15,Sierra,091,2930,44,36,7,43,0
2021-01-15,Siskiyou,093,43540,1234,1119,178,1297,4
2021-01-15,Solano,095,438530,25715,24222,275,24497,103
2021-01-15,Sonoma,097,501317,24250,23204,121,23325,222
2021-01-15,Stanislaus,099,539301,43553,41178,4256,45434,562
2021-01-15,Sutter,101,95872,7730,7484,65,7549,75
2021-01-15,Tehama,103,63373,3955,3714,431,4145,17
2021-01-15,Trinity,105,12862,437,262,66,328,3
2021-01-15,Tulare,107,460477,42620,39951,5623,45574,535
2021-01-15,Tuolumne,109,53932,3277,3231,28,3259,27
2021-01-15,Ventura,111,848112,62923,59061,2182,61243,353
2021-01-15,Yolo,113,214977,11161,10240,123,10363,134
2021-01-15,Yuba,115,75493,4783,4549,59,4608,27
2021-01-14,Alameda,001,1643700,68363,64364,1411,65775,686
2021-01-14,Alpine,003,1148,73,71,0,71,0
2021-01-14,Amador,005,37829,3033,2940,24,2964,28
2021-01-14,Butte,007,227075,9861,9127,1285,10412,129
2021-01-14,Calaveras,009,45235,1585,1513,7,1520,21
2021-01-14,Colusa,011,21464,1610,1535,162,1697,7
2021-01-14,Contra Costa,013,1133247,52997,49545,857,50402,415
2021-01-14,Del Norte,015,27424,862,821,2,823,2
2021-01-14,El Dorado,017,186661,7987,7321,507,7828,45
2021-01-14,Fresno,019,978130,85116,79033,6277,85310,814
2021-01-14,Glenn,021,27897,1993,1798,389,2187,9
2021-01-14,Humboldt,023,135768,2401,2169,8,2177,22
2021-01-14,Imperial,025,180216,25657,24882,2130,27012,447
2021-01-14,Inyo,027,18085,961,790,10,800,25
2021-01-14,Kern,029,883053,81734,77070,7258,84328,705
2021-01-14,Kings,031,150075,19643,18405,754,19159,108
2021-01-14,Lake,033,64148,2627,2378,0,2378,27
2021-01-14,Lassen,035,31185,4785,4673,73,4746,1
2021-01-14,Los Angeles,037,10098052,1027180,954652,32551,987203,13147
2021-01-14,Madera,039,155013,13672,12742,643,13385,85
2021-01-14,Marin,041,260295,11652,11155,115,11270,159
2021-01-14,Mariposa,043,17540,331,302,2,304,3
2021-01-14,Mendocino,045,87422,3034,2801,50,2851,31
2021-01-14,Merced,047,269075,23934,22780,598,23378,239
2021-01-14,Modoc,049,8938,297,273,86,359,0
2021-01-14,Mono,051,14174,1080,1020,13,1033,3
2021-01-14,Monterey,053,433212,36089,34105,1102,35207,242
2021-01-14,Napa,055,140530,7690,7117,31,7148,38
2021-01-14,Nevada,057,99092,3310,3075,127,3202,17
2021-01-14,Orange,059,3164182,215046,204442,8692,213134,2162
2021-01-14,Placer,061,380077,18069,16488,842,17330,169
2021-01-14,Plumas,063,18699,576,496,9,505,2
2021-01-14,Riverside,065,2383286,248409,231684,11692,243376,2357
2021-01-14,Sacramento,067,1510023,81106,79137,886,80023,1007
2021-01-14,San Benito,069,59416,4964,4678,53,4731,35
2021-01-14,San Bernardino,071,2135413,258078,243379,7343,250722,1750
2021-01-14,San Diego,073,3302833,221714,204173,10203,214376,2005
2021-01-14,San Francisco,075,870044,29350,28200,502,28702,238
2021-01-14,San Joaquin,077,732212,57996,55058,2255,57313,739
2021-01-14,San Luis Obispo,079,281455,16239,14851,400,15251,146
2021-01-14,San Mateo,081,765935,33488,30694,218,30912,208
2021-01-14,Santa Barbara,083,443738,25257,23126,739,23865,219
2021-01-14,Santa Clara,085,1922200,93814,88505,415,88920,910
2021-01-14,Santa Cruz,087,273765,13074,11583,581,12164,109
2021-01-14,Shasta,089,179085,9766,9334,960,10294,90
2021-01-14,Sierra,091,2930,44,35,6,41,0
2021-01-14,Siskiyou,093,43540,1222,1108,175,1283,3
2021-01-14,Solano,095,438530,25456,23782,271,24053,103
2021-01-14,Sonoma,097,501317,24010,22910,121,23031,202
2021-01-14,Stanislaus,099,539301,43227,40597,4215,44812,574
2021-01-14,Sutter,101,95872,7671,7416,62,7478,74
2021-01-14,Tehama,103,63373,3927,3664,427,4091,17
2021-01-14,Trinity,105,12862,437,261,65,326,3
2021-01-14,Tulare,107,460477,42236,39565,5514,45079,533
2021-01-14,Tuolumne,109,53932,3256,3215,28,3243,28
2021-01-14,Ventura,111,848112,62051,57941,2145,60086,347
2021-01-14,Yolo,113,214977,11054,10097,117,10214,135
2021-01-14,Yuba,115,75493,4750,4496,59,4555,27
2021-01-13,Alameda,001,1643700,67602,63568,1395,64963,690
2021-01-13,Alpine,003,1148,73,71,0,71,0
2021-01-13,Amador,005,37829,3019,2914,24,2938,26
2021-01-13,Butte,007,227075,9779,9013,1270,10283,126
2021-01-13,Calaveras,009,45235,1563,1493,7,1500,21
2021-01-13,Colusa,011,21464,1598,1524,154,1678,7
2021-01-13,Contra Costa,013,1133247,52417,48877,845,49722,403
2021-01-13,Del Norte,015,27424,858,820,2,822,2
2021-01-13,El Dorado,017,186661,7894,7247,499,7746,43
2021-01-13,Fresno,019,978130,84397,78278,6235,84513,804
2021-01-13,Glenn,021,27897,1977,1792,380,2172,9
2021-01-13,Humboldt,023,135768,2368,2114,8,2122,22
2021-01-13,Imperial,025,180216,25533,24717,2097,26814,463
2021-01-13,Inyo,027,18085,949,785,10,795,25
2021-01-13,Kern,029,883053,81073,76049,7168,83217,704
2021-01-13,Kings,031,150075,19476,18121,732,18853,108
2021-01-13,Lake,033,64148,2584,2305,0,2305,27
2021-01-13,Lassen,035,31185,4778,4663,72,4735,1
2021-01-13,Los Angeles,037,10098052,1016394,937985,32141,970126,12873
2021-01-13,Madera,039,155013,13546,12570,638,13208,85
2021-01-13,Marin,041,260295,11596,11039,115,11154,161
2021-01-13,Mariposa,043,17540,329,304,2,306,3
2021-01-13,Mendocino,045,87422,3014,2790,50,2840,31
2021-01-13,Merced,047,269075,23695,22497,584,23081,241
2021-01-13,Modoc,049,8938,296,274,83,357,0
2021-01-13,Mono,051,14174,1076,1017,13,1030,3
2021-01-13,Monterey,053,433212,35665,33748,1078,34826,241
2021-01-13,Napa,055,140530,7576,7028,31,7059,36
2021-01-13,Nevada,057,99092,3286,3037,124,3161,17
2021-01-13,Orange,059,3164182,212957,201158,8622,209780,2172
2021-01-13,Placer,061,380077,17942,16272,828,17100,172
2021-01-13,Plumas,063,18699,574,490,9,499,2
2021-01-13,Riverside,065,2383286,245262,228192,11574,239766,2278
2021-01-13,Sacramento,067,1510023,80446,78268,879,79147,996
2021-01-13,San Benito,069,59416,4907,4583,52,4635,35
2021-01-13,San Bernardino,071,2135413,255705,240191,7271,247462,1759
2021-01-13,San Diego,073,3302833,219101,201578,10100,211678,1952
2021-01-13,San Francisco,075,870044,29111,27863,480,28343,238
2021-01-13,San Joaquin,077,732212,57373,54373,2225,56598,738
2021-01-13,San Luis Obispo,079,281455,16084,14625,389,15014,140
2021-01-13,San Mateo,081,765935,33148,30195,216,30411,207
2021-01-13,Santa Barbara,083,443738,24815,22714,723,23437,216
2021-01-13,Santa Clara,085,1922200,92838,87187,412,87599,911
2021-01-13,Santa Cruz,087,273765,12901,11423,567,11990,110
2021-01-13,Shasta,089,179085,9702,9180,946,10126,93
2021-01-13,Sierra,091,2930,44,33,6,39,0
2021-01-13,Siskiyou,093,43540,1216,1102,171,1273,3
2021-01-13,Solano,095,438530,25171,23503,269,23772,105
2021-01-13,Sonoma,097,501317,23760,22610,120,22730,206
2021-01-13,Stanislaus,099,539301,42835,40167,4162,44329,574
2021-01-13,Sutter,101,95872,7625,7350,61,7411,73
2021-01-13,Tehama,103,63373,3877,3589,422,4011,17
2021-01-13,Trinity,105,12862,437,260,65,325,3
2021-01-13,Tulare,107,460477,41830,39129,5410,44539,522
2021-01-13,Tuolumne,109,53932,3242,3196,28,3224,28
2021-01-13,Ventura,111,848112,61039,56453,2105,58558,338
2021-01-13,Yolo,113,214977,10953,9933,113,10046,135
2021-01-13,Yuba,115,75493,4708,4448,56,4504,27
2021-01-12,Alameda,001,1643700,66772,62642,1377,64019,677
2021-01-12,Alpine,003,1148,73,71,0,71,0
2021-01-12,Amador,005,37829,3002,2897,24,2921,26
2021-01-12,Butte,007,227075,9691,8883,1254,10137,124
2021-01-12,Calaveras,009,45235,1527,1475,7,1482,21
2021-01-12,Colusa,011,21464,1586,1510,150,1660,7
2021-01-12,Contra Costa,013,1133247,51776,48242,831,49073,399
2021-01-12,Del Norte,015,27424,853,816,2,818,2
2021-01-12,El Dorado,017,186661,7811,7156,488,7644,41
2021-01-12,Fresno,019,978130,83525,77651,6166,83817,796
2021-01-12,Glenn,021,27897,1952,1781,376,2157,9
2021-01-12,Humboldt,023,135768,2314,2077,7,2084,22
2021-01-12,Imperial,025,180216,25443,24566,2056,26622,457
2021-01-12,Inyo,027,18085,931,773,10,783,25
2021-01-12,Kern,029,883053,80366,75320,7072,82392,689
2021-01-12,Kings,031,150075,19264,18072,722,18794,108
2021-01-12,Lake,033,64148,2537,2260,0,2260,27
2021-01-12,Lassen,035,31185,4756,4659,70,4729,1
2021-01-12,Los Angeles,037,10098052,1004741,926295,31730,958025,12610
2021-01-12,Madera,039,155013,13406,12485,629,13114,85
2021-01-12,Marin,041,260295,11487,10960,115,11075,157
2021-01-12,Mariposa,043,17540,326,302,2,304,3
2021-01-12,Mendocino,045,87422,2994,2762,46,2808,31
2021-01-12,Merced,047,269075,23444,22172,562,22734,239
2021-01-12,Modoc,049,8938,294,274,83,357,0
2021-01-12,Mono,051,14174,1066,1008,13,1021,3
2021-01-12,Monterey,053,433212,35174,33381,1061,34442,240
2021-01-12,Napa,055,140530,7493,6936,31,6967,36
2021-01-12,Nevada,057,99092,3258,3014,122,3136,17
2021-01-12,Orange,059,3164182,210669,198260,8535,206795,2142
2021-01-12,Placer,061,380077,17772,16087,822,16909,163
2021-01-12,Plumas,063,18699,568,483,9,492,2
2021-01-12,Riverside,065,2383286,242131,225580,11434,237014,2266
2021-01-12,Sacramento,067,1510023,79718,77201,871,78072,985
2021-01-12,San Benito,069,59416,4839,4515,52,4567,35
2021-01-12,San Bernardino,071,2135413,253138,237008,7202,244210,1739
2021-01-12,San Diego,073,3302833,216187,198317,9983,208300,1898
2021-01-12,San Francisco,075,870044,28836,27531,447,27978,238
2021-01-12,San Joaquin,077,732212,56733,53630,2198,55828,725
2021-01-12,San Luis Obispo,079,281455,15838,14367,381,14748,132
2021-01-12,San Mateo,081,765935,32757,29747,204,29951,206
2021-01-12,Santa Barbara,083,443738,24392,22182,703,22885,209
2021-01-12,Santa Clara,085,1922200,91764,86075,404,86479,904
2021-01-12,Santa Cruz,087,273765,12686,11267,551,11818,110
2021-01-12,Shasta,089,179085,9629,9086,933,10019,84
2021-01-12,Sierra,091,2930,43,33,6,39,0
2021-01-12,Siskiyou,093,43540,1206,1091,164,1255,3
2021-01-12,Solano,095,438530,24868,23160,264,23424,102
2021-01-12,Sonoma,097,501317,23455,22403,120,22523,205
2021-01-12,Stanislaus,099,539301,42395,39615,4126,43741,571
2021-01-12,Sutter,101,95872,7562,7276,60,7336,73
2021-01-12,Tehama,103,63373,3839,3567,417,3984,17
2021-01-12,Trinity,105,12862,437,258,65,323,3
2021-01-12,Tulare,107,460477,41372,38797,5294,44091,509
2021-01-12,Tuolumne,109,53932,3209,3178,28,3206,28
2021-01-12,Ventura,111,848112,60067,55342,2072,57414,324
2021-01-12,Yolo,113,214977,10817,9857,103,9960,133
2021-01-12,Yuba,115,75493,4666,4389,56,4445,27
2021-01-11,Alameda,001,1643700,65905,61949,1359,63308,652
2021-01-11,Alpine,003,1148,73,70,0,70,0
2021-01-11,Amador,005,37829,2988,2867,24,2891,24
2021-01-11,Butte,007,227075,9578,8757,1236,9993,119
2021-01-11,Calaveras,009,45235,1508,1460,7,1467,21
2021-01-11,Colusa,011,21464,1569,1494,145,1639,7
2021-01-11,Contra Costa,013,1133247,51098,47728,822,48550,398
2021-01-11,Del Norte,015,27424,849,810,2,812,2
2021-01-11,El Dorado,017,186661,7717,6987,480,7467,36
2021-01-11,Fresno,019,978130,82645,76581,6089,82670,775
2021-01-11,Glenn,021,27897,1925,1763,370,2133,9
2021-01-11,Humboldt,023,135768,2275,2069,7,2076,22
2021-01-11,Imperial,025,180216,25328,24418,2020,26438,453
2021-01-11,Inyo,027,18085,913,763,10,773,25
2021-01-11,Kern,029,883053,79506,74489,6973,81462,682
2021-01-11,Kings,031,150075,19001,17909,714,18623,108
2021-01-11,Lake,033,64148,2485,2205,0,2205,26
2021-01-11,Lassen,035,31185,4733,4647,69,4716,1
2021-01-11,Los Angeles,037,10098052,991520,914434,31261,945695,12304
2021-01-11,Madera,039,155013,13272,12366,618,12984,85
2021-01-11,Marin,041,260295,11390,10814,112,10926,156
2021-01-11,Mariposa,043,17540,319,296,2,298,3
2021-01-11,Mendocino,045,87422,2966,2728,46,2774,31
2021-01-11,Merced,047,269075,23121,21884,547,22431,238
2021-01-11,Modoc,049,8938,293,271,82,353,0
2021-01-11,Mono,051,14174,1060,1006,13,1019,3
2021-01-11,Monterey,053,433212,34635,32858,998,33856,239
2021-01-11,Napa,055,140530,7391,6822,31,6853,36
2021-01-11,Nevada,057,99092,3230,2980,122,3102,17
2021-01-11,Orange,059,3164182,208085,196340,8434,204774,2113
2021-01-11,Placer,061,380077,17592,15919,812,16731,163
2021-01-11,Plumas,063,18699,564,477,9,486,2
2021-01-11,Riverside,065,2383286,238618,222907,11287,234194,2222
2021-01-11,Sacramento,067,1510023,78787,76009,855,76864,974
2021-01-11,San Benito,069,59416,4765,4482,45,4527,34
2021-01-11,San Bernardino,071,2135413,250342,235543,7102,242645,1739
2021-01-11,San Diego,073,3302833,212918,194793,9823,204616,1857
2021-01-11,San Francisco,075,870044,28560,27264,426,27690,238
2021-01-11,San Joaquin,077,732212,56121,53002,2168,55170,725
2021-01-11,San Luis Obispo,079,281455,15467,14213,373,14586,126
2021-01-11,San Mateo,081,765935,32313,29355,192,29547,206
2021-01-11,Santa Barbara,083,443738,23942,21740,691,22431,200
2021-01-11,Santa Clara,085,1922200,90558,84851,395,85246,877
2021-01-11,Santa Cruz,087,273765,12506,11093,527,11620,106
2021-01-11,Shasta,089,179085,9531,8977,920,9897,81
2021-01-11,Sierra,091,2930,41,33,6,39,0
2021-01-11,Siskiyou,093,43540,1197,1087,162,1249,3
2021-01-11,Solano,095,438530,24548,22893,259,23152,101
2021-01-11,Sonoma,097,501317,23209,22191,120,22311,205
2021-01-11,Stanislaus,099,539301,41903,39149,4076,43225,571
2021-01-11,Sutter,101,95872,7503,7204,59,7263,71
2021-01-11,Tehama,103,63373,3776,3524,395,3919,17
2021-01-11,Trinity,105,12862,437,256,65,321,2
2021-01-11,Tulare,107,460477,40957,38380,5215,43595,497
2021-01-11,Tuolumne,109,53932,3198,3165,28,3193,27
2021-01-11,Ventura,111,848112,58931,54202,2049,56251,320
2021-01-11,Yolo,113,214977,10609,9699,101,9800,129
2021-01-11,Yuba,115,75493,4627,4349,49,4398,27
2021-01-10,Alameda,001,1643700,64899,61111,1331,62442,650
2021-01-10,Alpine,003,1148,73,70,0,70,0
2021-01-10,Amador,005,37829,2964,2861,24,2885,24
2021-01-10,Butte,007,227075,9457,8665,1210,9875,119
2021-01-10,Calaveras,009,45235,1484,1449,7,1456,21
2021-01-10,Colusa,011,21464,1545,1478,143,1621,7
2021-01-10,Contra Costa,013,1133247,50314,47109,804,47913,398
2021-01-10,Del Norte,015,27424,846,809,2,811,2
2021-01-10,El Dorado,017,186661,7630,6904,462,7366,36
2021-01-10,Fresno,019,978130,81834,75621,5966,81587,775
2021-01-10,Glenn,021,27897,1906,1746,362,2108,9
2021-01-10,Humboldt,023,135768,2214,2049,7,2056,22
2021-01-10,Imperial,025,180216,25168,24233,1969,26202,453
2021-01-10,Inyo,027,18085,885,748,10,758,25
2021-01-10,Kern,029,883053,78674,73712,6840,80552,679
2021-01-10,Kings,031,150075,18782,17812,707,18519,108
2021-01-10,Lake,033,64148,2431,2174,0,2174,26
2021-01-10,Lassen,035,31185,4711,4642,69,4711,1
2021-01-10,Los Angeles,037,10098052,976915,901783,30635,932418,12170
2021-01-10,Madera,039,155013,13083,12179,603,12782,85
2021-01-10,Marin,041,260295,11269,10737,111,10848,155
2021-01-10,Mariposa,043,17540,319,291,2,293,3
2021-01-10,Mendocino,045,87422,2935,2706,42,2748,31
2021-01-10,Merced,047,269075,22847,21691,535,22226,238
2021-01-10,Modoc,049,8938,293,271,80,351,0
2021-01-10,Mono,051,14174,1042,965,13,978,3
2021-01-10,Monterey,053,433212,34195,32571,965,33536,237
2021-01-10,Napa,055,140530,7287,6687,29,6716,36
2021-01-10,Nevada,057,99092,3211,2959,118,3077,17
2021-01-10,Orange,059,3164182,205319,193766,8310,202076,2104
2021-01-10,Placer,061,380077,17405,15779,792,16571,163
2021-01-10,Plumas,063,18699,554,477,9,486,2
2021-01-10,Riverside,065,2383286,235250,219486,11099,230585,2216
2021-01-10,Sacramento,067,1510023,77826,75394,827,76221,965
2021-01-10,San Benito,069,59416,4666,4434,44,4478,34
2021-01-10,San Bernardino,071,2135413,246812,232171,6998,239169,1736
2021-01-10,San Diego,073,3302833,209251,191886,9656,201542,1857
2021-01-10,San Francisco,075,870044,28175,27054,395,27449,238
2021-01-10,San Joaquin,077,732212,55262,52535,2135,54670,725
2021-01-10,San Luis Obispo,079,281455,15138,13968,361,14329,122
2021-01-10,San Mateo,081,765935,31822,28972,178,29150,206
2021-01-10,Santa Barbara,083,443738,23384,21290,676,21966,200
2021-01-10,Santa Clara,085,1922200,89384,83779,386,84165,858
2021-01-10,Santa Cruz,087,273765,12293,10951,506,11457,106
2021-01-10,Shasta,089,179085,9419,8936,905,9841,81
2021-01-10,Sierra,091,2930,40,32,6,38,0
2021-01-10,Siskiyou,093,43540,1191,1075,159,1234,3
2021-01-10,Solano,095,438530,24145,22621,256,22877,101
2021-01-10,Sonoma,097,501317,22933,21925,119,22044,204
2021-01-10,Stanislaus,099,539301,41330,38809,3997,42806,571
2021-01-10,Sutter,101,95872,7442,7133,56,7189,71
2021-01-10,Tehama,103,63373,3703,3504,382,3886,17
2021-01-10,Trinity,105,12862,437,253,63,316,2
2021-01-10,Tulare,107,460477,40541,38012,5093,43105,497
2021-01-10,Tuolumne,109,53932,3164,3143,27,3170,27
2021-01-10,Ventura,111,848112,57661,53095,2005,55100,319
2021-01-10,Yolo,113,214977,10455,9610,100,9710,129
2021-01-10,Yuba,115,75493,4575,4300,46,4346,27
2021-01-09,Alameda,001,1643700,64358,60125,1315,61440,649
2021-01-09,Alpine,003,1148,73,70,0,70,0
2021-01-09,Amador,005,37829,2957,2809,24,2833,24
2021-01-09,Butte,007,227075,9378,8552,1186,9738,118
2021-01-09,Calaveras,009,45235,1474,1425,7,1432,21
2021-01-09,Colusa,011,21464,1539,1468,142,1610,7
2021-01-09,Contra Costa,013,1133247,49962,46406,789,47195,393
2021-01-09,Del Norte,015,27424,844,802,2,804,2
2021-01-09,El Dorado,017,186661,7598,6800,459,7259,36
2021-01-09,Fresno,019,978130,81425,74816,5926,80742,773
2021-01-09,Glenn,021,27897,1891,1707,359,2066,9
2021-01-09,Humboldt,023,135768,2196,2026,7,2033,22
2021-01-09,Imperial,025,180216,25100,24028,1955,25983,448
2021-01-09,Inyo,027,18085,875,734,10,744,25
2021-01-09,Kern,029,883053,78206,73015,6763,79778,677
2021-01-09,Kings,031,150075,18687,17679,703,18382,108
2021-01-09,Lake,033,64148,2396,2144,0,2144,26
2021-01-09,Lassen,035,31185,4699,4613,68,4681,1
2021-01-09,Los Angeles,037,10098052,971344,887949,30196,918145,12011
2021-01-09,Madera,039,155013,12992,12063,598,12661,85
2021-01-09,Marin,041,260295,11208,10634,110,10744,154
2021-01-09,Mariposa,043,17540,316,287,2,289,3
2021-01-09,Mendocino,045,87422,2917,2664,42,2706,31
2021-01-09,Merced,047,269075,22705,21357,526,21883,237
2021-01-09,Modoc,049,8938,293,271,79,350,0
2021-01-09,Mono,051,14174,1037,964,13,977,3
2021-01-09,Monterey,053,433212,34044,31948,955,32903,235
2021-01-09,Napa,055,140530,7217,6594,26,6620,36
2021-01-09,Nevada,057,99092,3189,2932,115,3047,17
2021-01-09,Orange,059,3164182,203811,191004,8217,199221,2034
2021-01-09,Placer,061,380077,17297,15609,790,16399,162
2021-01-09,Plumas,063,18699,552,477,9,486,2
2021-01-09,Riverside,065,2383286,233494,216076,10962,227038,2201
2021-01-09,Sacramento,067,1510023,77293,74482,822,75304,953
2021-01-09,San Benito,069,59416,4615,4335,44,4379,34
2021-01-09,San Bernardino,071,2135413,245624,228857,6929,235786,1714
2021-01-09,San Diego,073,3302833,207558,188598,9536,198134,1824
2021-01-09,San Francisco,075,870044,28001,26708,352,27060,235
2021-01-09,San Joaquin,077,732212,54913,51927,2115,54042,724
2021-01-09,San Luis Obispo,079,281455,15014,13647,350,13997,121
2021-01-09,San Mateo,081,765935,31523,28512,171,28683,205
2021-01-09,Santa Barbara,083,443738,23171,20971,671,21642,197
2021-01-09,Santa Clara,085,1922200,88546,82269,374,82643,808
2021-01-09,Santa Cruz,087,273765,12197,10717,500,11217,107
2021-01-09,Shasta,089,179085,9386,8893,901,9794,81
2021-01-09,Sierra,091,2930,38,32,6,38,0
2021-01-09,Siskiyou,093,43540,1187,1062,155,1217,3
2021-01-09,Solano,095,438530,23987,22226,255,22481,101
2021-01-09,Sonoma,097,501317,22811,21393,119,21512,202
2021-01-09,Stanislaus,099,539301,41038,38403,3962,42365,567
2021-01-09,Sutter,101,95872,7406,7072,55,7127,69
2021-01-09,Tehama,103,63373,3671,3451,371,3822,15
2021-01-09,Trinity,105,12862,437,252,63,315,2
2021-01-09,Tulare,107,460477,40287,37684,5027,42711,496
2021-01-09,Tuolumne,109,53932,3156,3117,26,3143,26
2021-01-09,Ventura,111,848112,56832,51988,1979,53967,306
2021-01-09,Yolo,113,214977,10383,9524,97,9621,129
2021-01-09,Yuba,115,75493,4545,4265,46,4311,27
2021-01-08,Alameda,001,1643700,63789,59172,1306,60478,646
2021-01-08,Alpine,003,1148,73,70,0,70,0
2021-01-08,Amador,005,37829,2950,2792,24,2816,24
2021-01-08,Butte,007,227075,9318,8430,1172,9602,115
2021-01-08,Calaveras,009,45235,1460,1385,7,1392,21
2021-01-08,Colusa,011,21464,1526,1448,141,1589,7
2021-01-08,Contra Costa,013,1133247,49435,45667,785,46452,381
2021-01-08,Del Norte,015,27424,842,795,2,797,2
2021-01-08,El Dorado,017,186661,7528,6690,447,7137,36
2021-01-08,Fresno,019,978130,80610,73689,5865,79554,771
2021-01-08,Glenn,021,27897,1876,1680,354,2034,9
2021-01-08,Humboldt,023,135768,2172,1988,7,1995,22
2021-01-08,Imperial,025,180216,25034,23751,1940,25691,446
2021-01-08,Inyo,027,18085,861,682,10,692,24
2021-01-08,Kern,029,883053,77643,71978,6689,78667,674
2021-01-08,Kings,031,150075,18559,17441,698,18139,108
2021-01-08,Lake,033,64148,2371,2098,0,2098,26
2021-01-08,Lassen,035,31185,4691,4598,66,4664,1
2021-01-08,Los Angeles,037,10098052,960544,871188,29767,900955,11796
2021-01-08,Madera,039,155013,12841,11846,589,12435,85
2021-01-08,Marin,041,260295,11115,10531,109,10640,153
2021-01-08,Mariposa,043,17540,315,273,2,275,3
2021-01-08,Mendocino,045,87422,2898,2634,39,2673,31
2021-01-08,Merced,047,269075,22510,20862,521,21383,236
2021-01-08,Modoc,049,8938,293,266,79,345,0
2021-01-08,Mono,051,14174,1027,951,13,964,3
2021-01-08,Monterey,053,433212,33790,31543,944,32487,224
2021-01-08,Napa,055,140530,7147,6544,26,6570,32
2021-01-08,Nevada,057,99092,3167,2888,115,3003,17
2021-01-08,Orange,059,3164182,201818,186608,8130,194738,1991
2021-01-08,Placer,061,380077,17166,15401,783,16184,161
2021-01-08,Plumas,063,18699,546,465,9,474,2
2021-01-08,Riverside,065,2383286,231091,212122,10831,222953,2184
2021-01-08,Sacramento,067,1510023,76720,73245,816,74061,939
2021-01-08,San Benito,069,59416,4578,4225,43,4268,33
2021-01-08,San Bernardino,071,2135413,243746,224267,6859,231126,1703
2021-01-08,San Diego,073,3302833,205021,185060,9442,194502,1771
2021-01-08,San Francisco,075,870044,27752,26378,329,26707,207
2021-01-08,San Joaquin,077,732212,54579,50990,2087,53077,710
2021-01-08,San Luis Obispo,079,281455,14881,13286,338,13624,119
2021-01-08,San Mateo,081,765935,31173,28072,168,28240,204
2021-01-08,Santa Barbara,083,443738,22885,20461,666,21127,189
2021-01-08,Santa Clara,085,1922200,87541,80561,371,80932,789
2021-01-08,Santa Cruz,087,273765,12056,10486,492,10978,106
2021-01-08,Shasta,089,179085,9336,8772,886,9658,81
2021-01-08,Sierra,091,2930,38,31,6,37,0
2021-01-08,Siskiyou,093,43540,1184,1027,154,1181,3
2021-01-08,Solano,095,438530,23816,21832,252,22084,100
2021-01-08,Sonoma,097,501317,22669,21178,119,21297,201
2021-01-08,Stanislaus,099,539301,40740,37858,3927,41785,566
2021-01-08,Sutter,101,95872,7356,6982,55,7037,68
2021-01-08,Tehama,103,63373,3648,3406,367,3773,15
2021-01-08,Trinity,105,12862,437,247,63,310,2
2021-01-08,Tulare,107,460477,40014,36946,4926,41872,491
2021-01-08,Tuolumne,109,53932,3148,3099,26,3125,19
2021-01-08,Ventura,111,848112,55966,50553,1955,52508,294
2021-01-08,Yolo,113,214977,10295,9391,93,9484,129
2021-01-08,Yuba,115,75493,4503,4195,45,4240,26
2021-01-07,Alameda,001,1643700,62927,57921,1279,59200,632
2021-01-07,Alpine,003,1148,71,70,0,70,0
2021-01-07,Amador,005,37829,2937,2740,23,2763,24
2021-01-07,Butte,007,227075,9221,8278,1151,9429,112
2021-01-07,Calaveras,009,45235,1443,1342,6,1348,21
2021-01-07,Colusa,011,21464,1514,1420,134,1554,7
2021-01-07,Contra Costa,013,1133247,48659,44756,769,45525,376
2021-01-07,Del Norte,015,27424,840,791,2,793,2
2021-01-07,El Dorado,017,186661,7427,6545,435,6980,36
2021-01-07,Fresno,019,978130,79654,72557,5766,78323,765
2021-01-07,Glenn,021,27897,1858,1639,344,1983,9
2021-01-07,Humboldt,023,135768,2145,1954,7,1961,22
2021-01-07,Imperial,025,180216,24844,23608,1887,25495,431
2021-01-07,Inyo,027,18085,848,656,10,666,20
2021-01-07,Kern,029,883053,76781,70953,6538,77491,660
2021-01-07,Kings,031,150075,18431,17238,689,17927,108
2021-01-07,Lake,033,64148,2317,2054,0,2054,26
2021-01-07,Lassen,035,31185,4686,4581,64,4645,1
2021-01-07,Los Angeles,037,10098052,945631,853187,29229,882416,11480
2021-01-07,Madera,039,155013,12684,11644,578,12222,76
2021-01-07,Marin,041,260295,11026,10364,107,10471,153
2021-01-07,Mariposa,043,17540,313,264,2,266,3
2021-01-07,Mendocino,045,87422,2843,2585,34,2619,30
2021-01-07,Merced,047,269075,22189,20510,505,21015,234
2021-01-07,Modoc,049,8938,293,265,79,344,0
2021-01-07,Mono,051,14174,1016,905,13,918,3
2021-01-07,Monterey,053,433212,33285,30903,920,31823,222
2021-01-07,Napa,055,140530,7037,6408,26,6434,32
2021-01-07,Nevada,057,99092,3133,2847,110,2957,17
2021-01-07,Orange,059,3164182,198975,181922,8032,189954,1974
2021-01-07,Placer,061,380077,16987,15155,754,15909,144
2021-01-07,Plumas,063,18699,544,454,9,463,2
2021-01-07,Riverside,065,2383286,227628,208177,10675,218852,2156
2021-01-07,Sacramento,067,1510023,75812,72342,795,73137,919
2021-01-07,San Benito,069,59416,4517,4112,39,4151,33
2021-01-07,San Bernardino,071,2135413,240288,219691,6777,226468,1666
2021-01-07,San Diego,073,3302833,201715,180510,9264,189774,1738
2021-01-07,San Francisco,075,870044,27423,25885,314,26199,202
2021-01-07,San Joaquin,077,732212,53897,50156,2057,52213,689
2021-01-07,San Luis Obispo,079,281455,14642,12810,325,13135,118
2021-01-07,San Mateo,081,765935,30664,27494,164,27658,201
2021-01-07,Santa Barbara,083,443738,22458,19931,655,20586,187
2021-01-07,Santa Clara,085,1922200,86368,78808,368,79176,775
2021-01-07,Santa Cruz,087,273765,11847,10228,485,10713,104
2021-01-07,Shasta,089,179085,9248,8612,878,9490,81
2021-01-07,Sierra,091,2930,38,31,6,37,0
2021-01-07,Siskiyou,093,43540,1179,1010,152,1162,3
2021-01-07,Solano,095,438530,23424,21384,248,21632,100
2021-01-07,Sonoma,097,501317,22408,20857,118,20975,200
2021-01-07,Stanislaus,099,539301,40323,37296,3874,41170,553
2021-01-07,Sutter,101,95872,7297,6890,54,6944,65
2021-01-07,Tehama,103,63373,3624,3330,359,3689,15
2021-01-07,Trinity,105,12862,437,247,63,310,2
2021-01-07,Tulare,107,460477,39614,36397,4793,41190,482
2021-01-07,Tuolumne,109,53932,3128,3068,25,3093,14
2021-01-07,Ventura,111,848112,54805,49083,1927,51010,288
2021-01-07,Yolo,113,214977,10155,9207,91,9298,128
2021-01-07,Yuba,115,75493,4461,4128,45,4173,25
2021-01-06,Alameda,001,1643700,62070,57081,1250,58331,616
2021-01-06,Alpine,003,1148,71,70,0,70,0
2021-01-06,Amador,005,37829,2916,2717,22,2739,24
2021-01-06,Butte,007,227075,9106,8147,1131,9278,110
2021-01-06,Calaveras,009,45235,1420,1321,6,1327,21
2021-01-06,Colusa,011,21464,1493,1385,129,1514,7
2021-01-06,Contra Costa,013,1133247,47866,44054,753,44807,358
2021-01-06,Del Norte,015,27424,834,780,2,782,2
2021-01-06,El Dorado,017,186661,7315,6397,422,6819,35
2021-01-06,Fresno,019,978130,78811,71404,5664,77068,752
2021-01-06,Glenn,021,27897,1832,1622,339,1961,9
2021-01-06,Humboldt,023,135768,2119,1912,7,1919,22
2021-01-06,Imperial,025,180216,24599,23400,1845,25245,431
2021-01-06,Inyo,027,18085,832,630,10,640,20
2021-01-06,Kern,029,883053,75837,69893,6407,76300,646
2021-01-06,Kings,031,150075,18233,17019,669,17688,108
2021-01-06,Lake,033,64148,2280,2033,0,2033,26
2021-01-06,Lassen,035,31185,4674,4560,60,4620,1
2021-01-06,Los Angeles,037,10098052,929689,835052,28530,863582,11285
2021-01-06,Madera,039,155013,12548,11407,572,11979,67
2021-01-06,Marin,041,260295,10898,10282,106,10388,153
2021-01-06,Mariposa,043,17540,310,259,2,261,3
2021-01-06,Mendocino,045,87422,2813,2561,34,2595,30
2021-01-06,Merced,047,269075,21852,20258,489,20747,232
2021-01-06,Modoc,049,8938,293,263,79,342,0
2021-01-06,Mono,051,14174,985,905,13,918,3
2021-01-06,Monterey,053,433212,32685,30387,888,31275,222
2021-01-06,Napa,055,140530,6907,6342,26,6368,32
2021-01-06,Nevada,057,99092,3113,2805,109,2914,15
2021-01-06,Orange,059,3164182,195523,177686,7891,185577,1935
2021-01-06,Placer,061,380077,16799,14940,736,15676,134
2021-01-06,Plumas,063,18699,536,445,9,454,2
2021-01-06,Riverside,065,2383286,223608,203714,10489,214203,2121
2021-01-06,Sacramento,067,1510023,74788,71572,778,72350,909
2021-01-06,San Benito,069,59416,4441,4031,38,4069,32
2021-01-06,San Bernardino,071,2135413,236573,215286,6669,221955,1634
2021-01-06,San Diego,073,3302833,198216,176660,9093,185753,1691
2021-01-06,San Francisco,075,870044,27054,25424,306,25730,199
2021-01-06,San Joaquin,077,732212,53142,49286,2016,51302,673
2021-01-06,San Luis Obispo,079,281455,14249,12305,318,12623,115
2021-01-06,San Mateo,081,765935,30239,27050,161,27211,200
2021-01-06,Santa Barbara,083,443738,21969,19453,646,20099,177
2021-01-06,Santa Clara,085,1922200,84997,77485,361,77846,746
2021-01-06,Santa Cruz,087,273765,11628,9954,467,10421,97
2021-01-06,Shasta,089,179085,9177,8482,871,9353,78
2021-01-06,Sierra,091,2930,37,31,6,37,0
2021-01-06,Siskiyou,093,43540,1167,998,148,1146,3
2021-01-06,Solano,095,438530,23041,21102,245,21347,99
2021-01-06,Sonoma,097,501317,22101,20558,118,20676,196
2021-01-06,Stanislaus,099,539301,39756,36751,3815,40566,553
2021-01-06,Sutter,101,95872,7216,6839,53,6892,59
2021-01-06,Tehama,103,63373,3596,3306,353,3659,15
2021-01-06,Trinity,105,12862,437,246,63,309,2
2021-01-06,Tulare,107,460477,39062,35882,4696,40578,465
2021-01-06,Tuolumne,109,53932,3108,3008,25,3033,14
2021-01-06,Ventura,111,848112,53562,47428,1903,49331,280
2021-01-06,Yolo,113,214977,9990,9083,88,9171,127
2021-01-06,Yuba,115,75493,4412,4097,45,4142,25
2021-01-05,Alameda,001,1643700,60952,56432,1216,57648,602
2021-01-05,Alpine,003,1148,71,70,0,70,0
2021-01-05,Amador,005,37829,2876,2695,22,2717,24
2021-01-05,Butte,007,227075,8965,8008,1103,9111,107
2021-01-05,Calaveras,009,45235,1374,1292,6,1298,21
2021-01-05,Colusa,011,21464,1468,1376,123,1499,7
2021-01-05,Contra Costa,013,1133247,46991,43442,741,44183,353
2021-01-05,Del Norte,015,27424,827,770,2,772,2
2021-01-05,El Dorado,017,186661,7197,6270,401,6671,32
2021-01-05,Fresno,019,978130,77589,70971,5570,76541,741
2021-01-05,Glenn,021,27897,1809,1608,323,1931,9
2021-01-05,Humboldt,023,135768,2083,1884,7,1891,22
2021-01-05,Imperial,025,180216,24426,23165,1802,24967,421
2021-01-05,Inyo,027,18085,818,627,10,637,20
2021-01-05,Kern,029,883053,74760,68257,6268,74525,624
2021-01-05,Kings,031,150075,18034,16860,646,17506,108
2021-01-05,Lake,033,64148,2233,2015,0,2015,25
2021-01-05,Lassen,035,31185,4659,4554,56,4610,1
2021-01-05,Los Angeles,037,10098052,910960,823783,27856,851639,11028
2021-01-05,Madera,039,155013,12372,11359,559,11918,67
2021-01-05,Marin,041,260295,10745,10214,105,10319,151
2021-01-05,Mariposa,043,17540,304,257,2,259,3
2021-01-05,Mendocino,045,87422,2777,2501,34,2535,30
2021-01-05,Merced,047,269075,21501,20051,477,20528,230
2021-01-05,Modoc,049,8938,293,254,79,333,0
2021-01-05,Mono,051,14174,979,896,13,909,3
2021-01-05,Monterey,053,433212,32136,30045,855,30900,213
2021-01-05,Napa,055,140530,6820,6264,26,6290,29
2021-01-05,Nevada,057,99092,3085,2781,107,2888,15
2021-01-05,Orange,059,3164182,191887,174869,7696,182565,1918
2021-01-05,Placer,061,380077,16575,14723,713,15436,133
2021-01-05,Plumas,063,18699,529,428,9,437,2
2021-01-05,Riverside,065,2383286,219482,200439,10314,210753,2069
2021-01-05,Sacramento,067,1510023,73860,70677,752,71429,888
2021-01-05,San Benito,069,59416,4339,3961,36,3997,28
2021-01-05,San Bernardino,071,2135413,232629,212522,6554,219076,1615
2021-01-05,San Diego,073,3302833,194077,172845,8878,181723,1654
2021-01-05,San Francisco,075,870044,26687,24989,288,25277,196
2021-01-05,San Joaquin,077,732212,52269,48969,1969,50938,663
2021-01-05,San Luis Obispo,079,281455,13850,12027,308,12335,106
2021-01-05,San Mateo,081,765935,29757,26486,159,26645,198
2021-01-05,Santa Barbara,083,443738,21523,19063,637,19700,172
2021-01-05,Santa Clara,085,1922200,83467,76355,348,76703,729
2021-01-05,Santa Cruz,087,273765,11355,9753,443,10196,93
2021-01-05,Shasta,089,179085,9070,8345,853,9198,73
2021-01-05,Sierra,091,2930,37,31,6,37,0
2021-01-05,Siskiyou,093,43540,1155,985,146,1131,3
2021-01-05,Solano,095,438530,22634,20860,240,21100,97
2021-01-05,Sonoma,097,501317,21742,20247,117,20364,194
2021-01-05,Stanislaus,099,539301,39211,36363,3764,40127,553
2021-01-05,Sutter,101,95872,7119,6769,52,6821,59
2021-01-05,Tehama,103,63373,3540,3255,348,3603,9
2021-01-05,Trinity,105,12862,437,246,63,309,2
2021-01-05,Tulare,107,460477,38448,35585,4551,40136,455
2021-01-05,Tuolumne,109,53932,3084,2996,20,3016,13
2021-01-05,Ventura,111,848112,52316,46456,1881,48337,264
2021-01-05,Yolo,113,214977,9815,8980,87,9067,127
2021-01-05,Yuba,115,75493,4353,4053,44,4097,21
2021-01-04,Alameda,001,1643700,59726,55899,1182,57081,583
2021-01-04,Alpine,003,1148,71,68,0,68,0
2021-01-04,Amador,005,37829,2836,2596,22,2618,24
2021-01-04,Butte,007,227075,8806,7893,1082,8975,105
2021-01-04,Calaveras,009,45235,1333,1276,5,1281,21
2021-01-04,Colusa,011,21464,1443,1368,109,1477,7
2021-01-04,Contra Costa,013,1133247,46130,43019,715,43734,353
2021-01-04,Del Norte,015,27424,817,770,2,772,2
2021-01-04,El Dorado,017,186661,7063,6152,385,6537,27
2021-01-04,Fresno,019,978130,76320,69871,5472,75343,726
2021-01-04,Glenn,021,27897,1776,1590,318,1908,9
2021-01-04,Humboldt,023,135768,2047,1845,7,1852,22
2021-01-04,Imperial,025,180216,24275,23035,1749,24784,420
2021-01-04,Inyo,027,18085,792,623,10,633,20
2021-01-04,Kern,029,883053,73676,67418,6071,73489,623
2021-01-04,Kings,031,150075,17757,16801,621,17422,108
2021-01-04,Lake,033,64148,2194,1984,0,1984,25
2021-01-04,Lassen,035,31185,4637,4550,55,4605,1
2021-01-04,Los Angeles,037,10098052,890851,813022,26984,840006,10790
2021-01-04,Madera,039,155013,12152,11204,537,11741,67
2021-01-04,Marin,041,260295,10608,10115,102,10217,151
2021-01-04,Mariposa,043,17540,298,253,2,255,3
2021-01-04,Mendocino,045,87422,2737,2460,30,2490,28
2021-01-04,Merced,047,269075,21086,19804,458,20262,230
2021-01-04,Modoc,049,8938,277,250,77,327,0
2021-01-04,Mono,051,14174,968,895,13,908,3
2021-01-04,Monterey,053,433212,31516,29659,833,30492,212
2021-01-04,Napa,055,140530,6679,6187,26,6213,29
2021-01-04,Nevada,057,99092,3047,2765,104,2869,15
2021-01-04,Orange,059,3164182,187998,172458,7569,180027,1918
2021-01-04,Placer,061,380077,16316,14622,700,15322,133
2021-01-04,Plumas,063,18699,519,419,9,428,1
2021-01-04,Riverside,065,2383286,214928,196809,10123,206932,2066
2021-01-04,Sacramento,067,1510023,72806,70164,742,70906,870
2021-01-04,San Benito,069,59416,4226,3914,36,3950,28
2021-01-04,San Bernardino,071,2135413,228376,210868,6403,217271,1615
2021-01-04,San Diego,073,3302833,189503,171031,8682,179713,1598
2021-01-04,San Francisco,075,870044,26299,24753,282,25035,191
2021-01-04,San Joaquin,077,732212,51368,48644,1927,50571,661
2021-01-04,San Luis Obispo,079,281455,13364,11945,300,12245,96
2021-01-04,San Mateo,081,765935,29193,26150,154,26304,198
2021-01-04,Santa Barbara,083,443738,21000,18735,606,19341,165
2021-01-04,Santa Clara,085,1922200,81713,75297,340,75637,727
2021-01-04,Santa Cruz,087,273765,11067,9680,426,10106,85
2021-01-04,Shasta,089,179085,8965,8224,836,9060,72
2021-01-04,Sierra,091,2930,36,30,6,36,0
2021-01-04,Siskiyou,093,43540,1138,980,143,1123,3
2021-01-04,Solano,095,438530,22134,20588,233,20821,97
2021-01-04,Sonoma,097,501317,21404,20210,116,20326,194
2021-01-04,Stanislaus,099,539301,38649,36141,3707,39848,553
2021-01-04,Sutter,101,95872,7023,6712,51,6763,56
2021-01-04,Tehama,103,63373,3467,3190,343,3533,9
2021-01-04,Trinity,105,12862,434,245,63,308,2
2021-01-04,Tulare,107,460477,37890,35060,4448,39508,455
2021-01-04,Tuolumne,109,53932,3059,2987,20,3007,13
2021-01-04,Ventura,111,848112,50814,45014,1861,46875,255
2021-01-04,Yolo,113,214977,9621,8834,81,8915,121
2021-01-04,Yuba,115,75493,4295,4023,44,4067,21
2021-01-03,Alameda,001,1643700,58467,55082,1155,56237,580
2021-01-03,Alpine,003,1148,69,68,0,68,0
2021-01-03,Amador,005,37829,2772,2565,22,2587,24
2021-01-03,Butte,007,227075,8612,7837,1036,8873,105
2021-01-03,Calaveras,009,45235,1296,1249,3,1252,21
2021-01-03,Colusa,011,21464,1414,1337,103,1440,7
2021-01-03,Contra Costa,013,1133247,45240,42432,690,43122,352
2021-01-03,Del Norte,015,27424,805,768,2,770,2
2021-01-03,El Dorado,017,186661,6935,6034,368,6402,27
2021-01-03,Fresno,019,978130,75170,69326,5353,74679,719
2021-01-03,Glenn,021,27897,1750,1581,312,1893,9
2021-01-03,Humboldt,023,135768,2010,1833,7,1840,21
2021-01-03,Imperial,025,180216,24028,22951,1671,24622,419
2021-01-03,Inyo,027,18085,774,615,10,625,20
2021-01-03,Kern,029,883053,72416,66895,5893,72788,609
2021-01-03,Kings,031,150075,17481,16593,591,17184,108
2021-01-03,Lake,033,64148,2141,1976,0,1976,24
2021-01-03,Lassen,035,31185,4604,4531,54,4585,1
2021-01-03,Los Angeles,037,10098052,868819,792168,25914,818082,10633
2021-01-03,Madera,039,155013,11929,11152,514,11666,67
2021-01-03,Marin,041,260295,10457,10034,97,10131,150
2021-01-03,Mariposa,043,17540,291,248,2,250,3
2021-01-03,Mendocino,045,87422,2697,2445,29,2474,24
2021-01-03,Merced,047,269075,20618,19600,431,20031,230
2021-01-03,Modoc,049,8938,273,245,76,321,0
2021-01-03,Mono,051,14174,943,893,13,906,3
2021-01-03,Monterey,053,433212,30923,29357,798,30155,191
2021-01-03,Napa,055,140530,6578,6094,26,6120,29
2021-01-03,Nevada,057,99092,2986,2742,101,2843,15
2021-01-03,Orange,059,3164182,183810,169881,7376,177257,1919
2021-01-03,Placer,061,380077,16067,14319,676,14995,133
2021-01-03,Plumas,063,18699,506,416,9,425,1
2021-01-03,Riverside,065,2383286,210051,195048,9877,204925,2005
2021-01-03,Sacramento,067,1510023,71599,68558,721,69279,859
2021-01-03,San Benito,069,59416,4129,3882,35,3917,28
2021-01-03,San Bernardino,071,2135413,223061,208294,6230,214524,1592
2021-01-03,San Diego,073,3302833,184243,168018,8453,176471,1592
2021-01-03,San Francisco,075,870044,25802,24588,264,24852,193
2021-01-03,San Joaquin,077,732212,50251,47899,1870,49769,661
2021-01-03,San Luis Obispo,079,281455,12894,11636,291,11927,95
2021-01-03,San Mateo,081,765935,28599,25770,147,25917,196
2021-01-03,Santa Barbara,083,443738,20267,18267,589,18856,164
2021-01-03,Santa Clara,085,1922200,80128,74534,334,74868,720
2021-01-03,Santa Cruz,087,273765,10763,9528,411,9939,84
2021-01-03,Shasta,089,179085,8839,8192,796,8988,72
2021-01-03,Sierra,091,2930,36,30,6,36,0
2021-01-03,Siskiyou,093,43540,1105,976,134,1110,3
2021-01-03,Solano,095,438530,21605,20105,227,20332,97
2021-01-03,Sonoma,097,501317,21016,19982,113,20095,193
2021-01-03,Stanislaus,099,539301,37942,35762,3622,39384,553
2021-01-03,Sutter,101,95872,6926,6664,50,6714,53
2021-01-03,Tehama,103,63373,3410,3176,336,3512,9
2021-01-03,Trinity,105,12862,429,243,61,304,2
2021-01-03,Tulare,107,460477,37328,34747,4300,39047,455
2021-01-03,Tuolumne,109,53932,2999,2978,17,2995,13
2021-01-03,Ventura,111,848112,48990,43748,1843,45591,254
2021-01-03,Yolo,113,214977,9465,8674,77,8751,121
2021-01-03,Yuba,115,75493,4241,3966,43,4009,20
2021-01-02,Alameda,001,1643700,57836,54518,1124,55642,581
2021-01-02,Alpine,003,1148,69,68,0,68,0
2021-01-02,Amador,005,37829,2753,2540,22,2562,24
2021-01-02,Butte,007,227075,8506,7750,1014,8764,105
2021-01-02,Calaveras,009,45235,1276,1230,3,1233,21
2021-01-02,Colusa,011,21464,1404,1332,102,1434,7
2021-01-02,Contra Costa,013,1133247,44708,41993,679,42672,352
2021-01-02,Del Norte,015,27424,803,764,2,766,2
2021-01-02,El Dorado,017,186661,6880,5959,364,6323,27
2021-01-02,Fresno,019,978130,74626,68740,5239,73979,717
2021-01-02,Glenn,021,27897,1733,1546,311,1857,9
2021-01-02,Humboldt,023,135768,1983,1815,7,1822,21
2021-01-02,Imperial,025,180216,23942,22867,1635,24502,420
2021-01-02,Inyo,027,18085,761,609,10,619,20
2021-01-02,Kern,029,883053,71696,66457,5781,72238,610
2021-01-02,Kings,031,150075,17387,16515,587,17102,108
2021-01-02,Lake,033,64148,2105,1925,0,1925,24
2021-01-02,Lassen,035,31185,4593,4457,53,4510,1
2021-01-02,Los Angeles,037,10098052,860457,791892,25214,817106,10633
2021-01-02,Madera,039,155013,11818,11039,502,11541,67
2021-01-02,Marin,041,260295,10411,9924,94,10018,151
2021-01-02,Mariposa,043,17540,284,243,2,245,3
2021-01-02,Mendocino,045,87422,2654,2428,28,2456,24
2021-01-02,Merced,047,269075,20476,19395,414,19809,230
2021-01-02,Modoc,049,8938,272,245,76,321,0
2021-01-02,Mono,051,14174,932,884,13,897,3
2021-01-02,Monterey,053,433212,30710,28991,786,29777,191
2021-01-02,Napa,055,140530,6519,5994,26,6020,29
2021-01-02,Nevada,057,99092,2957,2706,97,2803,15
2021-01-02,Orange,059,3164182,181602,168457,7227,175684,1918
2021-01-02,Placer,061,380077,15894,14182,667,14849,133
2021-01-02,Plumas,063,18699,503,413,9,422,1
2021-01-02,Riverside,065,2383286,207410,192069,9651,201720,2008
2021-01-02,Sacramento,067,1510023,70965,67810,704,68514,858
2021-01-02,San Benito,069,59416,4046,3829,35,3864,28
2021-01-02,San Bernardino,071,2135413,221405,206939,6105,213044,1597
2021-01-02,San Diego,073,3302833,181644,164498,8256,172754,1592
2021-01-02,San Francisco,075,870044,25542,24414,257,24671,194
2021-01-02,San Joaquin,077,732212,49870,47310,1841,49151,662
2021-01-02,San Luis Obispo,079,281455,12758,11467,285,11752,95
2021-01-02,San Mateo,081,765935,28263,25483,139,25622,196
2021-01-02,Santa Barbara,083,443738,19978,18135,586,18721,164
2021-01-02,Santa Clara,085,1922200,78942,73662,328,73990,720
2021-01-02,Santa Cruz,087,273765,10608,9340,402,9742,85
2021-01-02,Shasta,089,179085,8773,8154,785,8939,72
2021-01-02,Sierra,091,2930,36,28,6,34,0
2021-01-02,Siskiyou,093,43540,1094,949,132,1081,3
2021-01-02,Solano,095,438530,21405,19805,217,20022,97
2021-01-02,Sonoma,097,501317,20847,19761,113,19874,194
2021-01-02,Stanislaus,099,539301,37609,35431,3557,38988,553
2021-01-02,Sutter,101,95872,6874,6621,50,6671,53
2021-01-02,Tehama,103,63373,3383,3146,332,3478,9
2021-01-02,Trinity,105,12862,426,243,61,304,2
2021-01-02,Tulare,107,460477,37010,34479,4225,38704,455
2021-01-02,Tuolumne,109,53932,2985,2942,15,2957,13
2021-01-02,Ventura,111,848112,47835,43397,1808,45205,254
2021-01-02,Yolo,113,214977,9367,8571,75,8646,122
2021-01-02,Yuba,115,75493,4202,3930,42,3972,21
2021-01-01,Alameda,001,1643700,57169,53518,1110,54628,579
2021-01-01,Alpine,003,1148,69,68,0,68,0
2021-01-01,Amador,005,37829,2727,2513,20,2533,24
2021-01-01,Butte,007,227075,8404,7589,992,8581,105
2021-01-01,Calaveras,009,45235,1261,1186,3,1189,21
2021-01-01,Colusa,011,21464,1395,1314,100,1414,7
2021-01-01,Contra Costa,013,1133247,44227,41412,660,42072,351
2021-01-01,Del Norte,015,27424,796,758,2,760,2
2021-01-01,El Dorado,017,186661,6788,5832,356,6188,27
2021-01-01,Fresno,019,978130,73553,67484,5153,72637,717
2021-01-01,Glenn,021,27897,1716,1520,302,1822,9
2021-01-01,Humboldt,023,135768,1944,1783,7,1790,21
2021-01-01,Imperial,025,180216,23852,22715,1584,24299,418
2021-01-01,Inyo,027,18085,737,606,10,616,20
2021-01-01,Kern,029,883053,70869,65571,5673,71244,609
2021-01-01,Kings,031,150075,17204,16358,580,16938,108
2021-01-01,Lake,033,64148,2072,1888,0,1888,24
2021-01-01,Lassen,035,31185,4587,4377,53,4430,1
2021-01-01,Los Angeles,037,10098052,846256,775578,24523,800101,10515
2021-01-01,Madera,039,155013,11658,10752,493,11245,66
2021-01-01,Marin,041,260295,10304,9821,93,9914,148
2021-01-01,Mariposa,043,17540,276,236,2,238,3
2021-01-01,Mendocino,045,87422,2600,2400,28,2428,24
2021-01-01,Merced,047,269075,20292,19118,398,19516,229
2021-01-01,Modoc,049,8938,272,241,76,317,0
2021-01-01,Mono,051,14174,914,884,12,896,3
2021-01-01,Monterey,053,433212,30470,28465,777,29242,191
2021-01-01,Napa,055,140530,6433,5899,26,5925,28
2021-01-01,Nevada,057,99092,2933,2663,97,2760,15
2021-01-01,Orange,059,3164182,178803,165440,7083,172523,1893
2021-01-01,Placer,061,380077,15704,13987,652,14639,133
2021-01-01,Plumas,063,18699,498,412,9,421,1
2021-01-01,Riverside,065,2383286,204222,188674,9393,198067,1990
2021-01-01,Sacramento,067,1510023,70367,66956,687,67643,848
2021-01-01,San Benito,069,59416,4008,3773,35,3808,28
2021-01-01,San Bernardino,071,2135413,218571,203651,5973,209624,1590
2021-01-01,San Diego,073,3302833,178571,160071,8077,168148,1592
2021-01-01,San Francisco,075,870044,25266,24145,246,24391,187
2021-01-01,San Joaquin,077,732212,49577,46640,1795,48435,657
2021-01-01,San Luis Obispo,079,281455,12530,11160,277,11437,94
2021-01-01,San Mateo,081,765935,27815,25041,135,25176,194
2021-01-01,Santa Barbara,083,443738,19658,17759,576,18335,164
2021-01-01,Santa Clara,085,1922200,77659,71904,322,72226,680
2021-01-01,Santa Cruz,087,273765,10428,9146,392,9538,84
2021-01-01,Shasta,089,179085,8692,8102,768,8870,72
2021-01-01,Sierra,091,2930,36,26,6,32,0
2021-01-01,Siskiyou,093,43540,1080,944,127,1071,3
2021-01-01,Solano,095,438530,21190,19393,215,19608,97
2021-01-01,Sonoma,097,501317,20651,19513,113,19626,189
2021-01-01,Stanislaus,099,539301,37321,34978,3495,38473,553
2021-01-01,Sutter,101,95872,6817,6553,49,6602,52
2021-01-01,Tehama,103,63373,3325,3079,325,3404,9
2021-01-01,Trinity,105,12862,426,243,61,304,2
2021-01-01,Tulare,107,460477,36598,33994,4130,38124,454
2021-01-01,Tuolumne,109,53932,2969,2909,15,2924,13
2021-01-01,Ventura,111,848112,46342,42026,1781,43807,253
2021-01-01,Yolo,113,214977,9256,8461,72,8533,120
2021-01-01,Yuba,115,75493,4148,3845,41,3886,19
2020-12-31,Alameda,001,1643700,56616,52475,1079,53554,579
2020-12-31,Alpine,003,1148,69,66,0,66,0
2020-12-31,Amador,005,37829,2713,2493,20,2513,24
2020-12-31,Butte,007,227075,8329,7405,973,8378,105
2020-12-31,Calaveras,009,45235,1250,1161,3,1164,21
2020-12-31,Colusa,011,21464,1386,1301,97,1398,7
2020-12-31,Contra Costa,013,1133247,43838,40512,645,41157,336
2020-12-31,Del Norte,015,27424,795,748,2,750,2
2020-12-31,El Dorado,017,186661,6736,5662,347,6009,26
2020-12-31,Fresno,019,978130,73119,66442,5090,71532,711
2020-12-31,Glenn,021,27897,1689,1484,294,1778,9
2020-12-31,Humboldt,023,135768,1927,1713,7,1720,21
2020-12-31,Imperial,025,180216,23781,22494,1568,24062,417
2020-12-31,Inyo,027,18085,729,591,10,601,20
2020-12-31,Kern,029,883053,70397,64904,5581,70485,609
2020-12-31,Kings,031,150075,17129,16077,572,16649,108
2020-12-31,Lake,033,64148,2057,1848,0,1848,23
2020-12-31,Lassen,035,31185,4581,4340,52,4392,1
2020-12-31,Los Angeles,037,10098052,840922,755844,24060,779904,10320
2020-12-31,Madera,039,155013,11585,10609,485,11094,64
2020-12-31,Marin,041,260295,10261,9731,92,9823,148
2020-12-31,Mariposa,043,17540,274,217,2,219,3
2020-12-31,Mendocino,045,87422,2585,2367,24,2391,24
2020-12-31,Merced,047,269075,20202,18808,388,19196,226
2020-12-31,Modoc,049,8938,272,238,76,314,0
2020-12-31,Mono,051,14174,906,868,12,880,3
2020-12-31,Monterey,053,433212,30241,27720,765,28485,188
2020-12-31,Napa,055,140530,6370,5801,26,5827,28
2020-12-31,Nevada,057,99092,2910,2619,95,2714,15
2020-12-31,Orange,059,3164182,176915,161586,6950,168536,1866
2020-12-31,Placer,061,380077,15548,13708,649,14357,126
2020-12-31,Plumas,063,18699,493,401,8,409,1
2020-12-31,Riverside,065,2383286,202547,184193,9260,193453,1958
2020-12-31,Sacramento,067,1510023,69838,65817,677,66494,830
2020-12-31,San Benito,069,59416,3984,3673,35,3708,28
2020-12-31,San Bernardino,071,2135413,216934,199115,5904,205019,1586
2020-12-31,San Diego,073,3302833,176808,155593,7978,163571,1534
2020-12-31,San Francisco,075,870044,25034,23740,239,23979,183
2020-12-31,San Joaquin,077,732212,49258,45764,1756,47520,646
2020-12-31,San Luis Obispo,079,281455,12416,10846,277,11123,89
2020-12-31,San Mateo,081,765935,27485,24570,129,24699,192
2020-12-31,Santa Barbara,083,443738,19414,17434,569,18003,161
2020-12-31,Santa Clara,085,1922200,76852,70032,317,70349,665
2020-12-31,Santa Cruz,087,273765,10310,8909,380,9289,84
2020-12-31,Shasta,089,179085,8626,7996,758,8754,69
2020-12-31,Sierra,091,2930,36,26,6,32,0
2020-12-31,Siskiyou,093,43540,1064,940,124,1064,3
2020-12-31,Solano,095,438530,20959,18942,214,19156,97
2020-12-31,Sonoma,097,501317,20530,19129,112,19241,188
2020-12-31,Stanislaus,099,539301,37013,34398,3447,37845,552
2020-12-31,Sutter,101,95872,6786,6432,49,6481,51
2020-12-31,Tehama,103,63373,3290,3036,324,3360,9
2020-12-31,Trinity,105,12862,425,241,61,302,2
2020-12-31,Tulare,107,460477,36423,33412,4067,37479,446
2020-12-31,Tuolumne,109,53932,2960,2902,15,2917,12
2020-12-31,Ventura,111,848112,45831,40854,1764,42618,251
2020-12-31,Yolo,113,214977,9169,8295,71,8366,117
2020-12-31,Yuba,115,75493,4107,3799,40,3839,18
2020-12-30,Alameda,001,1643700,55848,50158,1026,51184,573
2020-12-30,Alpine,003,1148,69,66,0,66,0
2020-12-30,Amador,005,37829,2693,2418,19,2437,24
2020-12-30,Butte,007,227075,8167,7140,953,8093,103
2020-12-30,Calaveras,009,45235,1225,1135,3,1138,21
2020-12-30,Colusa,011,21464,1370,1289,91,1380,7
2020-12-30,Contra Costa,013,1133247,43255,39601,633,40234,337
2020-12-30,Del Norte,015,27424,790,726,2,728,2
2020-12-30,El Dorado,017,186661,6635,5595,337,5932,27
2020-12-30,Fresno,019,978130,72273,65566,4937,70503,711
2020-12-30,Glenn,021,27897,1658,1471,281,1752,9
2020-12-30,Humboldt,023,135768,1893,1654,7,1661,22
2020-12-30,Imperial,025,180216,23612,22098,1491,23589,412
2020-12-30,Inyo,027,18085,722,572,10,582,20
2020-12-30,Kern,029,883053,69669,63292,5437,68729,604
2020-12-30,Kings,031,150075,17010,15862,564,16426,108
2020-12-30,Lake,033,64148,2035,1731,0,1731,23
2020-12-30,Lassen,035,31185,4572,4300,52,4352,1
2020-12-30,Los Angeles,037,10098052,830013,741907,23370,765277,10046
2020-12-30,Madera,039,155013,11475,10249,474,10723,65
2020-12-30,Marin,041,260295,10171,9569,85,9654,148
2020-12-30,Mariposa,043,17540,270,214,2,216,3
2020-12-30,Mendocino,045,87422,2567,2291,21,2312,24
2020-12-30,Merced,047,269075,19911,18519,378,18897,225
2020-12-30,Modoc,049,8938,269,234,76,310,0
2020-12-30,Mono,051,14174,903,868,12,880,3
2020-12-30,Monterey,053,433212,29611,26977,743,27720,186
2020-12-30,Napa,055,140530,6264,5754,26,5780,28
2020-12-30,Nevada,057,99092,2875,2595,93,2688,15
2020-12-30,Orange,059,3164182,174257,153951,6760,160711,1863
2020-12-30,Placer,061,380077,15317,13540,637,14177,127
2020-12-30,Plumas,063,18699,488,397,8,405,1
2020-12-30,Riverside,065,2383286,199599,176402,9075,185477,1919
2020-12-30,Sacramento,067,1510023,68965,64119,660,64779,847
2020-12-30,San Benito,069,59416,3903,3464,31,3495,29
2020-12-30,San Bernardino,071,2135413,214365,192648,5818,198466,1591
2020-12-30,San Diego,073,3302833,173175,152510,7803,160313,1472
2020-12-30,San Francisco,075,870044,24741,23099,234,23333,182
2020-12-30,San Joaquin,077,732212,48565,44465,1714,46179,634
2020-12-30,San Luis Obispo,079,281455,12148,10542,269,10811,89
2020-12-30,San Mateo,081,765935,27057,24150,125,24275,190
2020-12-30,Santa Barbara,083,443738,19012,16895,547,17442,161
2020-12-30,Santa Clara,085,1922200,75600,67218,313,67531,661
2020-12-30,Santa Cruz,087,273765,10114,8787,371,9158,86
2020-12-30,Shasta,089,179085,8512,7818,744,8562,69
2020-12-30,Sierra,091,2930,36,25,6,31,0
2020-12-30,Siskiyou,093,43540,1057,913,115,1028,3
2020-12-30,Solano,095,438530,20567,18300,211,18511,96
2020-12-30,Sonoma,097,501317,20273,18947,112,19059,191
2020-12-30,Stanislaus,099,539301,36549,33730,3372,37102,526
2020-12-30,Sutter,101,95872,6725,6328,47,6375,51
2020-12-30,Tehama,103,63373,3246,2969,320,3289,9
2020-12-30,Trinity,105,12862,424,231,60,291,2
2020-12-30,Tulare,107,460477,35873,32413,4002,36415,430
2020-12-30,Tuolumne,109,53932,2950,2772,13,2785,12
2020-12-30,Ventura,111,848112,44543,39039,1740,40779,251
2020-12-30,Yolo,113,214977,9061,8067,69,8136,117
2020-12-30,Yuba,115,75493,4036,3612,40,3652,18
2020-12-29,Alameda,001,1643700,54786,50946,990,51936,552
2020-12-29,Alpine,003,1148,69,65,0,65,0
2020-12-29,Amador,005,37829,2641,2388,18,2406,23
2020-12-29,Butte,007,227075,7994,7178,929,8107,98
2020-12-29,Calaveras,009,45235,1180,1111,2,1113,21
2020-12-29,Colusa,011,21464,1349,1272,86,1358,7
2020-12-29,Contra Costa,013,1133247,42455,39225,602,39827,325
2020-12-29,Del Norte,015,27424,783,724,2,726,2
2020-12-29,El Dorado,017,186661,6506,5551,324,5875,22
2020-12-29,Fresno,019,978130,70897,65149,4782,69931,688
2020-12-29,Glenn,021,27897,1624,1454,274,1728,9
2020-12-29,Humboldt,023,135768,1846,1616,7,1623,19
2020-12-29,Imperial,025,180216,23399,22105,1406,23511,407
2020-12-29,Inyo,027,18085,705,571,10,581,19
2020-12-29,Kern,029,883053,68503,63096,5265,68361,589
2020-12-29,Kings,031,150075,16841,15777,552,16329,108
2020-12-29,Lake,033,64148,2004,1805,0,1805,22
2020-12-29,Lassen,035,31185,4557,4288,52,4340,1
2020-12-29,Los Angeles,037,10098052,809828,731907,22506,754413,9786
2020-12-29,Madera,039,155013,11161,10251,459,10710,64
2020-12-29,Marin,041,260295,10019,9595,82,9677,146
2020-12-29,Mariposa,043,17540,262,212,2,214,3
2020-12-29,Mendocino,045,87422,2524,2249,20,2269,24
2020-12-29,Merced,047,269075,19561,18464,362,18826,221
2020-12-29,Modoc,049,8938,266,232,76,308,0
2020-12-29,Mono,051,14174,894,868,12,880,3
2020-12-29,Monterey,053,433212,28961,26894,716,27610,185
2020-12-29,Napa,055,140530,6146,5663,26,5689,28
2020-12-29,Nevada,057,99092,2827,2550,92,2642,15
2020-12-29,Orange,059,3164182,170463,154411,6592,161003,1839
2020-12-29,Placer,061,380077,15105,13392,615,14007,126
2020-12-29,Plumas,063,18699,479,395,8,403,1
2020-12-29,Riverside,065,2383286,194999,177624,8821,186445,1904
2020-12-29,Sacramento,067,1510023,67914,65078,646,65724,820
2020-12-29,San Benito,069,59416,3784,3474,30,3504,25
2020-12-29,San Bernardino,071,2135413,209545,190476,5681,196157,1557
2020-12-29,San Diego,073,3302833,168952,150062,7572,157634,1435
2020-12-29,San Francisco,075,870044,24402,22996,226,23222,178
2020-12-29,San Joaquin,077,732212,47645,44699,1659,46358,622
2020-12-29,San Luis Obispo,079,281455,11852,10387,261,10648,80
2020-12-29,San Mateo,081,765935,26514,23773,113,23886,189
2020-12-29,Santa Barbara,083,443738,18543,16797,521,17318,155
2020-12-29,Santa Clara,085,1922200,74052,67581,310,67891,621
2020-12-29,Santa Cruz,087,273765,9845,8492,362,8854,84
2020-12-29,Shasta,089,179085,8408,7782,729,8511,65
2020-12-29,Sierra,091,2930,34,24,5,29,0
2020-12-29,Siskiyou,093,43540,1042,926,113,1039,3
2020-12-29,Solano,095,438530,20185,18412,206,18618,96
2020-12-29,Sonoma,097,501317,19939,18790,110,18900,187
2020-12-29,Stanislaus,099,539301,36074,33775,3302,37077,508
2020-12-29,Sutter,101,95872,6658,6302,47,6349,50
2020-12-29,Tehama,103,63373,3178,2962,308,3270,9
2020-12-29,Trinity,105,12862,423,241,60,301,2
2020-12-29,Tulare,107,460477,35214,32545,3870,36415,419
2020-12-29,Tuolumne,109,53932,2909,2797,13,2810,12
2020-12-29,Ventura,111,848112,43288,38669,1714,40383,235
2020-12-29,Yolo,113,214977,8932,8124,67,8191,111
2020-12-29,Yuba,115,75493,3954,3723,40,3763,18
2020-12-28,Alameda,001,1643700,53755,50405,970,51375,551
2020-12-28,Alpine,003,1148,68,65,0,65,0
2020-12-28,Amador,005,37829,2571,2255,18,2273,23
2020-12-28,Butte,007,227075,7827,7053,898,7951,86
2020-12-28,Calaveras,009,45235,1157,1102,2,1104,21
2020-12-28,Colusa,011,21464,1324,1255,74,1329,7
2020-12-28,Contra Costa,013,1133247,41516,38872,575,39447,324
2020-12-28,Del Norte,015,27424,773,718,2,720,2
2020-12-28,El Dorado,017,186661,6350,5441,312,5753,18
2020-12-28,Fresno,019,978130,69627,64274,4631,68905,679
2020-12-28,Glenn,021,27897,1590,1435,262,1697,9
2020-12-28,Humboldt,023,135768,1811,1579,7,1586,19
2020-12-28,Imperial,025,180216,23140,22003,1333,23336,405
2020-12-28,Inyo,027,18085,698,569,10,579,19
2020-12-28,Kern,029,883053,67435,62392,5061,67453,579
2020-12-28,Kings,031,150075,16624,15733,535,16268,108
2020-12-28,Lake,033,64148,1963,1785,0,1785,22
2020-12-28,Lassen,035,31185,4450,4284,51,4335,1
2020-12-28,Los Angeles,037,10098052,787476,720699,21702,742401,9544
2020-12-28,Madera,039,155013,10987,10123,436,10559,64
2020-12-28,Marin,041,260295,9911,9546,76,9622,145
2020-12-28,Mariposa,043,17540,238,211,2,213,3
2020-12-28,Mendocino,045,87422,2489,2214,20,2234,23
2020-12-28,Merced,047,269075,19240,18245,343,18588,213
2020-12-28,Modoc,049,8938,261,220,75,295,0
2020-12-28,Mono,051,14174,890,848,12,860,3
2020-12-28,Monterey,053,433212,28111,26529,705,27234,182
2020-12-28,Napa,055,140530,6037,5576,26,5602,26
2020-12-28,Nevada,057,99092,2779,2532,88,2620,15
2020-12-28,Orange,059,3164182,166358,152089,6415,158504,1839
2020-12-28,Placer,061,380077,14766,13234,588,13822,126
2020-12-28,Plumas,063,18699,475,391,8,399,0
2020-12-28,Riverside,065,2383286,190099,174029,8531,182560,1855
2020-12-28,Sacramento,067,1510023,66676,64322,622,64944,813
2020-12-28,San Benito,069,59416,3715,3429,29,3458,24
2020-12-28,San Bernardino,071,2135413,204455,188919,5564,194483,1552
2020-12-28,San Diego,073,3302833,164208,147528,7390,154918,1404
2020-12-28,San Francisco,075,870044,24042,22726,221,22947,178
2020-12-28,San Joaquin,077,732212,46712,44172,1627,45799,618
2020-12-28,San Luis Obispo,079,281455,11500,10260,257,10517,76
2020-12-28,San Mateo,081,765935,26039,23467,109,23576,189
2020-12-28,Santa Barbara,083,443738,18075,16579,509,17088,155
2020-12-28,Santa Clara,085,1922200,72565,66418,303,66721,619
2020-12-28,Santa Cruz,087,273765,9577,8310,352,8662,81
2020-12-28,Shasta,089,179085,8291,7688,716,8404,65
2020-12-28,Sierra,091,2930,32,24,4,28,0
2020-12-28,Siskiyou,093,43540,1026,915,108,1023,3
2020-12-28,Solano,095,438530,19613,18171,200,18371,96
2020-12-28,Sonoma,097,501317,19592,18667,108,18775,185
2020-12-28,Stanislaus,099,539301,35526,33473,3238,36711,507
2020-12-28,Sutter,101,95872,6578,6253,47,6300,49
2020-12-28,Tehama,103,63373,3126,2934,301,3235,9
2020-12-28,Trinity,105,12862,421,240,60,300,2
2020-12-28,Tulare,107,460477,34531,32010,3763,35773,404
2020-12-28,Tuolumne,109,53932,2892,2777,13,2790,12
2020-12-28,Ventura,111,848112,41619,37151,1667,38818,230
2020-12-28,Yolo,113,214977,8777,8031,66,8097,111
2020-12-28,Yuba,115,75493,3893,3679,39,3718,18
2020-12-27,Alameda,001,1643700,52517,49764,943,50707,551
2020-12-27,Alpine,003,1148,66,65,0,65,0
2020-12-27,Amador,005,37829,2450,2218,18,2236,23
2020-12-27,Butte,007,227075,7672,7016,859,7875,86
2020-12-27,Calaveras,009,45235,1110,1097,2,1099,21
2020-12-27,Colusa,011,21464,1299,1253,71,1324,7
2020-12-27,Contra Costa,013,1133247,40582,38428,546,38974,324
2020-12-27,Del Norte,015,27424,750,712,2,714,2
2020-12-27,El Dorado,017,186661,6136,5388,289,5677,18
2020-12-27,Fresno,019,978130,68378,63811,4425,68236,679
2020-12-27,Glenn,021,27897,1562,1434,248,1682,9
2020-12-27,Humboldt,023,135768,1767,1575,7,1582,17
2020-12-27,Imperial,025,180216,22841,21934,1221,23155,405
2020-12-27,Inyo,027,18085,676,565,9,574,18
2020-12-27,Kern,029,883053,66154,61914,4889,66803,568
2020-12-27,Kings,031,150075,16388,15593,501,16094,108
2020-12-27,Lake,033,64148,1907,1769,0,1769,22
2020-12-27,Lassen,035,31185,4373,4230,44,4274,1
2020-12-27,Los Angeles,037,10098052,765978,707260,20816,728076,9476
2020-12-27,Madera,039,155013,10729,10005,426,10431,64
2020-12-27,Marin,041,260295,9788,9477,71,9548,144
2020-12-27,Mariposa,043,17540,231,208,2,210,3
2020-12-27,Mendocino,045,87422,2442,2209,20,2229,23
2020-12-27,Merced,047,269075,18872,18075,327,18402,213
2020-12-27,Modoc,049,8938,252,221,71,292,0
2020-12-27,Mono,051,14174,877,849,12,861,3
2020-12-27,Monterey,053,433212,27552,26322,688,27010,181
2020-12-27,Napa,055,140530,5903,5496,26,5522,26
2020-12-27,Nevada,057,99092,2743,2519,88,2607,15
2020-12-27,Orange,059,3164182,161961,149276,6227,155503,1839
2020-12-27,Placer,061,380077,14470,13017,556,13573,126
2020-12-27,Plumas,063,18699,469,390,8,398,0
2020-12-27,Riverside,065,2383286,185183,171995,8225,180220,1836
2020-12-27,Sacramento,067,1510023,65468,63416,600,64016,811
2020-12-27,San Benito,069,59416,3629,3394,29,3423,24
2020-12-27,San Bernardino,071,2135413,199378,186776,5427,192203,1551
2020-12-27,San Diego,073,3302833,159801,145777,7203,152980,1402
2020-12-27,San Francisco,075,870044,23697,22514,212,22726,178
2020-12-27,San Joaquin,077,732212,45675,43529,1577,45106,618
2020-12-27,San Luis Obispo,079,281455,11092,10154,252,10406,76
2020-12-27,San Mateo,081,765935,25474,23136,105,23241,187
2020-12-27,Santa Barbara,083,443738,17547,16364,482,16846,155
2020-12-27,Santa Clara,085,1922200,70940,65288,298,65586,619
2020-12-27,Santa Cruz,087,273765,9312,8234,343,8577,81
2020-12-27,Shasta,089,179085,8164,7671,694,8365,65
2020-12-27,Sierra,091,2930,32,24,3,27,0
2020-12-27,Siskiyou,093,43540,1016,914,103,1017,3
2020-12-27,Solano,095,438530,19118,17840,194,18034,96
2020-12-27,Sonoma,097,501317,19300,18487,107,18594,185
2020-12-27,Stanislaus,099,539301,34906,33076,3142,36218,506
2020-12-27,Sutter,101,95872,6497,6218,45,6263,48
2020-12-27,Tehama,103,63373,3057,2922,285,3207,9
2020-12-27,Trinity,105,12862,414,240,58,298,2
2020-12-27,Tulare,107,460477,33934,31864,3644,35508,400
2020-12-27,Tuolumne,109,53932,2786,2750,11,2761,12
2020-12-27,Ventura,111,848112,40556,36661,1614,38275,230
2020-12-27,Yolo,113,214977,8587,7919,62,7981,111
2020-12-27,Yuba,115,75493,3829,3665,37,3702,18
2020-12-26,Alameda,001,1643700,51907,49084,930,50014,551
2020-12-26,Alpine,003,1148,66,65,0,65,0
2020-12-26,Amador,005,37829,2436,2189,18,2207,23
2020-12-26,Butte,007,227075,7577,6968,834,7802,86
2020-12-26,Calaveras,009,45235,1104,1084,2,1086,21
2020-12-26,Colusa,011,21464,1289,1240,71,1311,7
2020-12-26,Contra Costa,013,1133247,40118,38008,532,38540,324
2020-12-26,Del Norte,015,27424,744,709,2,711,2
2020-12-26,El Dorado,017,186661,6081,5279,285,5564,18
2020-12-26,Fresno,019,978130,67908,63080,4362,67442,679
2020-12-26,Glenn,021,27897,1541,1413,243,1656,9
2020-12-26,Humboldt,023,135768,1729,1545,7,1552,17
2020-12-26,Imperial,025,180216,22749,21734,1169,22903,405
2020-12-26,Inyo,027,18085,663,554,9,563,18
2020-12-26,Kern,029,883053,65484,61174,4740,65914,564
2020-12-26,Kings,031,150075,16270,15517,497,16014,108
2020-12-26,Lake,033,64148,1866,1710,0,1710,22
2020-12-26,Lassen,035,31185,4352,3981,44,4025,1
2020-12-26,Los Angeles,037,10098052,757423,694149,20311,714460,9424
2020-12-26,Madera,039,155013,10652,9908,414,10322,64
2020-12-26,Marin,041,260295,9753,9413,70,9483,143
2020-12-26,Mariposa,043,17540,230,206,2,208,3
2020-12-26,Mendocino,045,87422,2396,2194,20,2214,23
2020-12-26,Merced,047,269075,18713,17890,322,18212,213
2020-12-26,Modoc,049,8938,249,222,71,293,0
2020-12-26,Mono,051,14174,871,850,12,862,3
2020-12-26,Monterey,053,433212,27415,26010,679,26689,182
2020-12-26,Napa,055,140530,5845,5427,26,5453,26
2020-12-26,Nevada,057,99092,2715,2480,88,2568,15
2020-12-26,Orange,059,3164182,159756,147304,6134,153438,1838
2020-12-26,Placer,061,380077,14299,12816,541,13357,122
2020-12-26,Plumas,063,18699,466,381,8,389,0
2020-12-26,Riverside,065,2383286,182698,169360,8064,177424,1834
2020-12-26,Sacramento,067,1510023,64845,62435,590,63025,807
2020-12-26,San Benito,069,59416,3556,3330,29,3359,24
2020-12-26,San Bernardino,071,2135413,197705,185111,5345,190456,1551
2020-12-26,San Diego,073,3302833,157276,142644,7056,149700,1402
2020-12-26,San Francisco,075,870044,23460,22319,212,22531,177
2020-12-26,San Joaquin,077,732212,45290,42887,1528,44415,618
2020-12-26,San Luis Obispo,079,281455,11005,9945,247,10192,76
2020-12-26,San Mateo,081,765935,25135,22908,100,23008,187
2020-12-26,Santa Barbara,083,443738,17308,16159,476,16635,155
2020-12-26,Santa Clara,085,1922200,69868,64185,296,64481,618
2020-12-26,Santa Cruz,087,273765,9186,8113,334,8447,81
2020-12-26,Shasta,089,179085,8105,7641,681,8322,65
2020-12-26,Sierra,091,2930,32,24,3,27,0
2020-12-26,Siskiyou,093,43540,1009,909,99,1008,2
2020-12-26,Solano,095,438530,18873,17528,194,17722,96
2020-12-26,Sonoma,097,501317,19097,18261,105,18366,184
2020-12-26,Stanislaus,099,539301,34608,32678,3090,35768,505
2020-12-26,Sutter,101,95872,6438,6121,45,6166,48
2020-12-26,Tehama,103,63373,3028,2884,279,3163,9
2020-12-26,Trinity,105,12862,412,237,57,294,2
2020-12-26,Tulare,107,460477,33631,31665,3588,35253,398
2020-12-26,Tuolumne,109,53932,2775,2703,11,2714,12
2020-12-26,Ventura,111,848112,39591,36064,1583,37647,230
2020-12-26,Yolo,113,214977,8484,7785,59,7844,111
2020-12-26,Yuba,115,75493,3801,3599,37,3636,18
2020-12-25,Alameda,001,1643700,51338,48365,915,49280,542
2020-12-25,Alpine,003,1148,66,64,0,64,0
2020-12-25,Amador,005,37829,2393,2172,18,2190,23
2020-12-25,Butte,007,227075,7479,6873,815,7688,85
2020-12-25,Calaveras,009,45235,1101,1062,2,1064,21
2020-12-25,Colusa,011,21464,1277,1219,70,1289,7
2020-12-25,Contra Costa,013,1133247,39647,37480,506,37986,324
2020-12-25,Del Norte,015,27424,741,692,2,694,2
2020-12-25,El Dorado,017,186661,6016,5170,272,5442,16
2020-12-25,Fresno,019,978130,67044,62251,4280,66531,679
2020-12-25,Glenn,021,27897,1525,1390,236,1626,9
2020-12-25,Humboldt,023,135768,1689,1532,7,1539,16
2020-12-25,Imperial,025,180216,22654,21646,1158,22804,405
2020-12-25,Inyo,027,18085,653,546,9,555,18
2020-12-25,Kern,029,883053,64755,60417,4593,65010,562
2020-12-25,Kings,031,150075,16159,15460,493,15953,108
2020-12-25,Lake,033,64148,1846,1669,0,1669,20
2020-12-25,Lassen,035,31185,4337,3926,44,3970,1
2020-12-25,Los Angeles,037,10098052,743772,665600,19637,685237,9292
2020-12-25,Madera,039,155013,10484,9770,407,10177,64
2020-12-25,Marin,041,260295,9704,9375,67,9442,143
2020-12-25,Mariposa,043,17540,224,203,2,205,3
2020-12-25,Mendocino,045,87422,2353,2176,20,2196,23
2020-12-25,Merced,047,269075,18552,17726,314,18040,213
2020-12-25,Modoc,049,8938,248,221,71,292,0
2020-12-25,Mono,051,14174,869,843,12,855,3
2020-12-25,Monterey,053,433212,27139,25788,670,26458,182
2020-12-25,Napa,055,140530,5768,5351,26,5377,26
2020-12-25,Nevada,057,99092,2689,2458,86,2544,15
2020-12-25,Orange,059,3164182,157078,144542,5942,150484,1814
2020-12-25,Placer,061,380077,14112,12660,519,13179,122
2020-12-25,Plumas,063,18699,459,381,8,389,0
2020-12-25,Riverside,065,2383286,179413,166690,7748,174438,1825
2020-12-25,Sacramento,067,1510023,64151,61630,564,62194,796
2020-12-25,San Benito,069,59416,3516,3281,27,3308,24
2020-12-25,San Bernardino,071,2135413,195078,181812,5229,187041,1546
2020-12-25,San Diego,073,3302833,154796,139958,6878,146836,1402
2020-12-25,San Francisco,075,870044,23183,22130,207,22337,175
2020-12-25,San Joaquin,077,732212,44981,42089,1473,43562,614
2020-12-25,San Luis Obispo,079,281455,10822,9749,240,9989,76
2020-12-25,San Mateo,081,765935,24813,22568,98,22666,187
2020-12-25,Santa Barbara,083,443738,17084,15936,469,16405,155
2020-12-25,Santa Clara,085,1922200,68753,63173,287,63460,612
2020-12-25,Santa Cruz,087,273765,9042,8018,312,8330,81
2020-12-25,Shasta,089,179085,8031,7612,658,8270,65
2020-12-25,Sierra,091,2930,32,24,3,27,0
2020-12-25,Siskiyou,093,43540,1003,905,96,1001,2
2020-12-25,Solano,095,438530,18701,17280,192,17472,96
2020-12-25,Sonoma,097,501317,18922,18035,103,18138,184
2020-12-25,Stanislaus,099,539301,34306,32290,3039,35329,498
2020-12-25,Sutter,101,95872,6379,6051,44,6095,47
2020-12-25,Tehama,103,63373,2979,2839,266,3105,9
2020-12-25,Trinity,105,12862,408,236,57,293,2
2020-12-25,Tulare,107,460477,33242,31323,3523,34846,398
2020-12-25,Tuolumne,109,53932,2756,2674,11,2685,12
2020-12-25,Ventura,111,848112,38435,35514,1535,37049,230
2020-12-25,Yolo,113,214977,8388,7700,57,7757,111
2020-12-25,Yuba,115,75493,3765,3549,36,3585,17
2020-12-24,Alameda,001,1643700,50989,47527,895,48422,541
2020-12-24,Alpine,003,1148,66,64,0,64,0
2020-12-24,Amador,005,37829,2381,2145,18,2163,23
2020-12-24,Butte,007,227075,7440,6716,800,7516,84
2020-12-24,Calaveras,009,45235,1098,1032,2,1034,21
2020-12-24,Colusa,011,21464,1272,1188,68,1256,7
2020-12-24,Contra Costa,013,1133247,39404,36623,495,37118,311
2020-12-24,Del Norte,015,27424,741,678,2,680,2
2020-12-24,El Dorado,017,186661,5990,5042,264,5306,16
2020-12-24,Fresno,019,978130,66821,61435,4266,65701,663
2020-12-24,Glenn,021,27897,1514,1363,228,1591,9
2020-12-24,Humboldt,023,135768,1666,1516,7,1523,16
2020-12-24,Imperial,025,180216,22604,21545,1149,22694,402
2020-12-24,Inyo,027,18085,651,532,9,541,17
2020-12-24,Kern,029,883053,64468,59601,4580,64181,556
2020-12-24,Kings,031,150075,16119,15211,492,15703,108
2020-12-24,Lake,033,64148,1831,1629,0,1629,20
2020-12-24,Lassen,035,31185,4324,3894,44,3938,1
2020-12-24,Los Angeles,037,10098052,739600,664840,19379,684219,9288
2020-12-24,Madera,039,155013,10444,9547,400,9947,63
2020-12-24,Marin,041,260295,9670,9287,67,9354,143
2020-12-24,Mariposa,043,17540,220,197,2,199,3
2020-12-24,Mendocino,045,87422,2342,2150,20,2170,23
2020-12-24,Merced,047,269075,18481,17485,310,17795,212
2020-12-24,Modoc,049,8938,248,220,70,290,0
2020-12-24,Mono,051,14174,867,817,12,829,3
2020-12-24,Monterey,053,433212,27027,25131,663,25794,180
2020-12-24,Napa,055,140530,5713,5265,26,5291,26
2020-12-24,Nevada,057,99092,2665,2429,86,2515,15
2020-12-24,Orange,059,3164182,155597,141205,5891,147096,1775
2020-12-24,Placer,061,380077,14023,12457,512,12969,121
2020-12-24,Plumas,063,18699,456,376,8,384,0
2020-12-24,Riverside,065,2383286,178478,162435,7708,170143,1816
2020-12-24,Sacramento,067,1510023,63876,60596,562,61158,788
2020-12-24,San Benito,069,59416,3485,3183,27,3210,24
2020-12-24,San Bernardino,071,2135413,194033,176866,5195,182061,1533
2020-12-24,San Diego,073,3302833,153712,136952,6846,143798,1382
2020-12-24,San Francisco,075,870044,23015,21830,204,22034,175
2020-12-24,San Joaquin,077,732212,44817,41324,1455,42779,611
2020-12-24,San Luis Obispo,079,281455,10753,9504,238,9742,77
2020-12-24,San Mateo,081,765935,24617,22093,98,22191,186
2020-12-24,Santa Barbara,083,443738,16979,15644,461,16105,153
2020-12-24,Santa Clara,085,1922200,68145,61742,280,62022,591
2020-12-24,Santa Cruz,087,273765,8971,7856,300,8156,82
2020-12-24,Shasta,089,179085,7990,7540,641,8181,65
2020-12-24,Sierra,091,2930,29,23,1,24,0
2020-12-24,Siskiyou,093,43540,998,900,90,990,2
2020-12-24,Solano,095,438530,18560,16872,187,17059,96
2020-12-24,Sonoma,097,501317,18822,17710,103,17813,183
2020-12-24,Stanislaus,099,539301,34102,31848,3013,34861,498
2020-12-24,Sutter,101,95872,6338,5960,43,6003,47
2020-12-24,Tehama,103,63373,2961,2779,264,3043,9
2020-12-24,Trinity,105,12862,407,235,57,292,2
2020-12-24,Tulare,107,460477,33123,30827,3497,34324,390
2020-12-24,Tuolumne,109,53932,2748,2653,11,2664,12
2020-12-24,Ventura,111,848112,38155,34400,1528,35928,224
2020-12-24,Yolo,113,214977,8346,7566,56,7622,113
2020-12-24,Yuba,115,75493,3740,3483,36,3519,16
2020-12-23,Alameda,001,1643700,50413,46753,868,47621,537
2020-12-23,Alpine,003,1148,66,64,0,64,0
2020-12-23,Amador,005,37829,2312,2108,17,2125,23
2020-12-23,Butte,007,227075,7351,6588,774,7362,84
2020-12-23,Calaveras,009,45235,1090,1002,1,1003,21
2020-12-23,Colusa,011,21464,1261,1167,67,1234,7
2020-12-23,Contra Costa,013,1133247,39004,36190,482,36672,311
2020-12-23,Del Norte,015,27424,734,670,2,672,2
2020-12-23,El Dorado,017,186661,5915,4967,256,5223,14
2020-12-23,Fresno,019,978130,66211,60488,4201,64689,654
2020-12-23,Glenn,021,27897,1500,1349,224,1573,9
2020-12-23,Humboldt,023,135768,1641,1458,7,1465,16
2020-12-23,Imperial,025,180216,22509,21323,1120,22443,399
2020-12-23,Inyo,027,18085,639,517,9,526,17
2020-12-23,Kern,029,883053,63950,58656,4486,63142,549
2020-12-23,Kings,031,150075,16041,14923,489,15412,105
2020-12-23,Lake,033,64148,1817,1595,0,1595,20
2020-12-23,Lassen,035,31185,4314,3865,41,3906,1
2020-12-23,Los Angeles,037,10098052,730541,651958,18849,670807,9146
2020-12-23,Madera,039,155013,10285,9371,386,9757,63
2020-12-23,Marin,041,260295,9612,9199,64,9263,142
2020-12-23,Mariposa,043,17540,218,194,2,196,3
2020-12-23,Mendocino,045,87422,2330,2121,20,2141,23
2020-12-23,Merced,047,269075,18325,17250,302,17552,203
2020-12-23,Modoc,049,8938,244,197,69,266,0
2020-12-23,Mono,051,14174,864,814,12,826,3
2020-12-23,Monterey,053,433212,26727,24856,656,25512,176
2020-12-23,Napa,055,140530,5645,5172,26,5198,25
2020-12-23,Nevada,057,99092,2620,2406,85,2491,15
2020-12-23,Orange,059,3164182,153147,138050,5724,143774,1771
2020-12-23,Placer,061,380077,13813,12213,504,12717,111
2020-12-23,Plumas,063,18699,449,369,8,377,0
2020-12-23,Riverside,065,2383286,176207,158110,7550,165660,1790
2020-12-23,Sacramento,067,1510023,63226,59661,549,60210,779
2020-12-23,San Benito,069,59416,3431,3073,25,3098,24
2020-12-23,San Bernardino,071,2135413,191992,172888,5126,178014,1509
2020-12-23,San Diego,073,3302833,151286,134695,6709,141404,1350
2020-12-23,San Francisco,075,870044,22793,21498,201,21699,174
2020-12-23,San Joaquin,077,732212,44293,35664,1413,37077,602
2020-12-23,San Luis Obispo,079,281455,10611,9267,233,9500,74
2020-12-23,San Mateo,081,765935,24315,21780,96,21876,186
2020-12-23,Santa Barbara,083,443738,16771,15399,435,15834,152
2020-12-23,Santa Clara,085,1922200,67235,60455,275,60730,579
2020-12-23,Santa Cruz,087,273765,8811,7637,282,7919,75
2020-12-23,Shasta,089,179085,7918,7487,635,8122,66
2020-12-23,Sierra,091,2930,27,23,1,24,0
2020-12-23,Siskiyou,093,43540,977,891,89,980,2
2020-12-23,Solano,095,438530,18352,16626,183,16809,95
2020-12-23,Sonoma,097,501317,18618,17397,103,17500,182
2020-12-23,Stanislaus,099,539301,33748,31492,2960,34452,499
2020-12-23,Sutter,101,95872,6272,5871,43,5914,46
2020-12-23,Tehama,103,63373,2943,2737,257,2994,9
2020-12-23,Trinity,105,12862,407,234,56,290,2
2020-12-23,Tulare,107,460477,32830,30315,3458,33773,385
2020-12-23,Tuolumne,109,53932,2709,2540,11,2551,12
2020-12-23,Ventura,111,848112,37758,33377,1499,34876,216
2020-12-23,Yolo,113,214977,8268,7508,56,7564,112
2020-12-23,Yuba,115,75493,3687,3438,36,3474,14
2020-12-22,Alameda,001,1643700,49528,45751,837,46588,534
2020-12-22,Alpine,003,1148,66,64,0,64,0
2020-12-22,Amador,005,37829,2301,1839,17,1856,23
2020-12-22,Butte,007,227075,7223,6467,759,7226,85
2020-12-22,Calaveras,009,45235,1063,988,0,988,21
2020-12-22,Colusa,011,21464,1238,1150,64,1214,7
2020-12-22,Contra Costa,013,1133247,38377,35681,470,36151,301
2020-12-22,Del Norte,015,27424,727,666,2,668,2
2020-12-22,El Dorado,017,186661,5792,4885,244,5129,12
2020-12-22,Fresno,019,978130,65176,59640,4094,63734,640
2020-12-22,Glenn,021,27897,1477,1337,213,1550,9
2020-12-22,Humboldt,023,135768,1608,1440,7,1447,16
2020-12-22,Imperial,025,180216,22322,21128,1076,22204,398
2020-12-22,Inyo,027,18085,619,506,9,515,17
2020-12-22,Kern,029,883053,62997,57816,4349,62165,547
2020-12-22,Kings,031,150075,15899,14855,483,15338,102
2020-12-22,Lake,033,64148,1792,1569,0,1569,20
2020-12-22,Lassen,035,31185,4172,3848,39,3887,1
2020-12-22,Los Angeles,037,10098052,713279,635931,18171,654102,9013
2020-12-22,Madera,039,155013,10167,9187,370,9557,63
2020-12-22,Marin,041,260295,9548,9115,63,9178,142
2020-12-22,Mariposa,043,17540,215,194,2,196,3
2020-12-22,Mendocino,045,87422,2297,2092,20,2112,23
2020-12-22,Merced,047,269075,18079,17012,297,17309,201
2020-12-22,Modoc,049,8938,236,182,68,250,0
2020-12-22,Mono,051,14174,858,786,12,798,3
2020-12-22,Monterey,053,433212,26057,24152,635,24787,176
2020-12-22,Napa,055,140530,5556,5059,26,5085,23
2020-12-22,Nevada,057,99092,2592,2367,84,2451,14
2020-12-22,Orange,059,3164182,149806,134850,5551,140401,1774
2020-12-22,Placer,061,380077,13569,11943,484,12427,105
2020-12-22,Plumas,063,18699,443,360,8,368,0
2020-12-22,Riverside,065,2383286,172395,155059,7280,162339,1777
2020-12-22,Sacramento,067,1510023,62298,57966,530,58496,772
2020-12-22,San Benito,069,59416,3353,2998,25,3023,24
2020-12-22,San Bernardino,071,2135413,187406,169266,4978,174244,1500
2020-12-22,San Diego,073,3302833,147927,132097,6547,138644,1311
2020-12-22,San Francisco,075,870044,22523,21232,197,21429,174
2020-12-22,San Joaquin,077,732212,43533,39423,1364,40787,592
2020-12-22,San Luis Obispo,079,281455,10266,9174,228,9402,69
2020-12-22,San Mateo,081,765935,23989,21382,80,21462,186
2020-12-22,Santa Barbara,083,443738,16506,15189,425,15614,150
2020-12-22,Santa Clara,085,1922200,66067,59192,267,59459,569
2020-12-22,Santa Cruz,087,273765,8632,7471,256,7727,72
2020-12-22,Shasta,089,179085,7839,7371,618,7989,64
2020-12-22,Sierra,091,2930,27,23,0,23,0
2020-12-22,Siskiyou,093,43540,971,880,88,968,2
2020-12-22,Solano,095,438530,17949,16229,180,16409,95
2020-12-22,Sonoma,097,501317,18298,17216,103,17319,180
2020-12-22,Stanislaus,099,539301,33364,30914,2888,33802,499
2020-12-22,Sutter,101,95872,6213,5791,42,5833,46
2020-12-22,Tehama,103,63373,2893,2688,251,2939,9
2020-12-22,Trinity,105,12862,406,231,56,287,2
2020-12-22,Tulare,107,460477,32365,30025,3391,33416,377
2020-12-22,Tuolumne,109,53932,2658,2526,11,2537,12
2020-12-22,Ventura,111,848112,36993,32488,1456,33944,213
2020-12-22,Yolo,113,214977,8155,7388,55,7443,113
2020-12-22,Yuba,115,75493,3636,3379,36,3415,14
2020-12-21,Alameda,001,1643700,48628,44756,811,45567,518
2020-12-21,Alpine,003,1148,65,64,0,64,0
2020-12-21,Amador,005,37829,2224,1815,17,1832,23
2020-12-21,Butte,007,227075,7068,6335,735,7070,81
2020-12-21,Calaveras,009,45235,1033,963,0,963,21
2020-12-21,Colusa,011,21464,1211,1135,59,1194,7
2020-12-21,Contra Costa,013,1133247,37625,35207,433,35640,300
2020-12-21,Del Norte,015,27424,712,660,2,662,2
2020-12-21,El Dorado,017,186661,5645,4805,231,5036,10
2020-12-21,Fresno,019,978130,64024,58568,3951,62519,634
2020-12-21,Glenn,021,27897,1445,1323,205,1528,9
2020-12-21,Humboldt,023,135768,1585,1419,7,1426,16
2020-12-21,Imperial,025,180216,22053,20994,1033,22027,395
2020-12-21,Inyo,027,18085,598,482,9,491,17
2020-12-21,Kern,029,883053,62106,56836,4212,61048,541
2020-12-21,Kings,031,150075,15649,14760,468,15228,100
2020-12-21,Lake,033,64148,1738,1538,0,1538,20
2020-12-21,Lassen,035,31185,4012,3798,37,3835,1
2020-12-21,Los Angeles,037,10098052,694191,624129,17495,641624,8918
2020-12-21,Madera,039,155013,9973,9069,350,9419,63
2020-12-21,Marin,041,260295,9479,9035,63,9098,142
2020-12-21,Mariposa,043,17540,210,186,2,188,3
2020-12-21,Mendocino,045,87422,2266,2066,20,2086,23
2020-12-21,Merced,047,269075,17829,16710,281,16991,198
2020-12-21,Modoc,049,8938,222,181,67,248,0
2020-12-21,Mono,051,14174,846,781,12,793,3
2020-12-21,Monterey,053,433212,25525,23673,621,24294,174
2020-12-21,Napa,055,140530,5469,4952,26,4978,23
2020-12-21,Nevada,057,99092,2559,2337,84,2421,13
2020-12-21,Orange,059,3164182,146394,130444,5398,135842,1772
2020-12-21,Placer,061,380077,13337,11715,465,12180,105
2020-12-21,Plumas,063,18699,439,353,8,361,0
2020-12-21,Riverside,065,2383286,168168,151713,6955,158668,1743
2020-12-21,Sacramento,067,1510023,61278,57064,513,57577,759
2020-12-21,San Benito,069,59416,3285,2921,25,2946,22
2020-12-21,San Bernardino,071,2135413,182614,165086,4813,169899,1476
2020-12-21,San Diego,073,3302833,144476,129716,6383,136099,1284
2020-12-21,San Francisco,075,870044,22237,21086,195,21281,174
2020-12-21,San Joaquin,077,732212,42737,38811,1314,40125,586
2020-12-21,San Luis Obispo,079,281455,10077,9006,223,9229,64
2020-12-21,San Mateo,081,765935,23584,21035,77,21112,185
2020-12-21,Santa Barbara,083,443738,16232,14988,420,15408,149
2020-12-21,Santa Clara,085,1922200,64872,57699,255,57954,570
2020-12-21,Santa Cruz,087,273765,8420,7315,243,7558,69
2020-12-21,Shasta,089,179085,7774,7299,608,7907,64
2020-12-21,Sierra,091,2930,24,23,0,23,0
2020-12-21,Siskiyou,093,43540,964,878,87,965,2
2020-12-21,Solano,095,438530,17479,15878,175,16053,95
2020-12-21,Sonoma,097,501317,18025,17075,99,17174,176
2020-12-21,Stanislaus,099,539301,32907,30437,2813,33250,499
2020-12-21,Sutter,101,95872,6118,5708,42,5750,46
2020-12-21,Tehama,103,63373,2828,2656,242,2898,9
2020-12-21,Trinity,105,12862,404,226,54,280,2
2020-12-21,Tulare,107,460477,31867,29482,3302,32784,373
2020-12-21,Tuolumne,109,53932,2633,2423,9,2432,12
2020-12-21,Ventura,111,848112,35913,31759,1419,33178,212
2020-12-21,Yolo,113,214977,8010,7266,51,7317,109
2020-12-21,Yuba,115,75493,3577,3329,36,3365,14
2020-12-20,Alameda,001,1643700,47748,44004,789,44793,516
2020-12-20,Alpine,003,1148,65,64,0,64,0
2020-12-20,Amador,005,37829,2166,1771,17,1788,23
2020-12-20,Butte,007,227075,6922,6228,699,6927,81
2020-12-20,Calaveras,009,45235,1009,926,0,926,21
2020-12-20,Colusa,011,21464,1183,1121,53,1174,7
2020-12-20,Contra Costa,013,1133247,37038,34798,416,35214,301
2020-12-20,Del Norte,015,27424,690,652,2,654,2
2020-12-20,El Dorado,017,186661,5520,4697,222,4919,10
2020-12-20,Fresno,019,978130,63033,57616,3814,61430,634
2020-12-20,Glenn,021,27897,1436,1295,198,1493,9
2020-12-20,Humboldt,023,135768,1548,1386,6,1392,15
2020-12-20,Imperial,025,180216,21812,20882,929,21811,395
2020-12-20,Inyo,027,18085,583,476,9,485,17
2020-12-20,Kern,029,883053,61008,55983,4057,60040,540
2020-12-20,Kings,031,150075,15429,14629,452,15081,100
2020-12-20,Lake,033,64148,1692,1463,0,1463,20
2020-12-20,Lassen,035,31185,3958,3669,35,3704,1
2020-12-20,Los Angeles,037,10098052,676107,612975,16760,629735,8862
2020-12-20,Madera,039,155013,9763,8871,341,9212,63
2020-12-20,Marin,041,260295,9381,8948,60,9008,142
2020-12-20,Mariposa,043,17540,209,179,2,181,3
2020-12-20,Mendocino,045,87422,2241,2033,20,2053,23
2020-12-20,Merced,047,269075,17513,16435,274,16709,198
2020-12-20,Modoc,049,8938,222,181,65,246,0
2020-12-20,Mono,051,14174,828,774,12,786,3
2020-12-20,Monterey,053,433212,25042,23250,580,23830,173
2020-12-20,Napa,055,140530,5348,4865,24,4889,23
2020-12-20,Nevada,057,99092,2513,2289,78,2367,13
2020-12-20,Orange,059,3164182,142892,128780,5248,134028,1763
2020-12-20,Placer,061,380077,13112,11496,446,11942,105
2020-12-20,Plumas,063,18699,431,347,8,355,0
2020-12-20,Riverside,065,2383286,163962,148714,6663,155377,1742
2020-12-20,Sacramento,067,1510023,60278,56017,493,56510,755
2020-12-20,San Benito,069,59416,3213,2885,24,2909,21
2020-12-20,San Bernardino,071,2135413,177625,162810,4655,167465,1458
2020-12-20,San Diego,073,3302833,140758,126465,6213,132678,1280
2020-12-20,San Francisco,075,870044,21922,20937,192,21129,174
2020-12-20,San Joaquin,077,732212,41893,38268,1253,39521,587
2020-12-20,San Luis Obispo,079,281455,9785,8881,217,9098,63
2020-12-20,San Mateo,081,765935,23150,20764,73,20837,185
2020-12-20,Santa Barbara,083,443738,15910,14817,400,15217,148
2020-12-20,Santa Clara,085,1922200,63462,56860,249,57109,566
2020-12-20,Santa Cruz,087,273765,8212,7178,230,7408,69
2020-12-20,Shasta,089,179085,7660,7256,594,7850,64
2020-12-20,Sierra,091,2930,24,22,0,22,0
2020-12-20,Siskiyou,093,43540,954,870,86,956,2
2020-12-20,Solano,095,438530,17101,15533,164,15697,95
2020-12-20,Sonoma,097,501317,17749,16802,98,16900,175
2020-12-20,Stanislaus,099,539301,32380,29995,2711,32706,498
2020-12-20,Sutter,101,95872,6031,5601,42,5643,43
2020-12-20,Tehama,103,63373,2779,2602,223,2825,9
2020-12-20,Trinity,105,12862,396,221,53,274,2
2020-12-20,Tulare,107,460477,31350,29078,3206,32284,373
2020-12-20,Tuolumne,109,53932,2523,2152,8,2160,12
2020-12-20,Ventura,111,848112,35211,31335,1386,32721,210
2020-12-20,Yolo,113,214977,7858,7121,47,7168,109
2020-12-20,Yuba,115,75493,3530,3254,34,3288,12
2020-12-19,Alameda,001,1643700,47301,43109,782,43891,516
2020-12-19,Alpine,003,1148,65,64,0,64,0
2020-12-19,Amador,005,37829,2142,1754,17,1771,23
2020-12-19,Butte,007,227075,6822,6118,676,6794,81
2020-12-19,Calaveras,009,45235,992,900,0,900,21
2020-12-19,Colusa,011,21464,1175,1096,50,1146,7
2020-12-19,Contra Costa,013,1133247,36724,34321,402,34723,301
2020-12-19,Del Norte,015,27424,688,641,1,642,2
2020-12-19,El Dorado,017,186661,5453,4588,214,4802,10
2020-12-19,Fresno,019,978130,62708,55428,3746,59174,634
2020-12-19,Glenn,021,27897,1401,1286,197,1483,9
2020-12-19,Humboldt,023,135768,1531,1357,6,1363,15
2020-12-19,Imperial,025,180216,21719,20711,883,21594,395
2020-12-19,Inyo,027,18085,576,475,9,484,17
2020-12-19,Kern,029,883053,60523,55118,3950,59068,540
2020-12-19,Kings,031,150075,15350,14474,450,14924,100
2020-12-19,Lake,033,64148,1657,1438,0,1438,20
2020-12-19,Lassen,035,31185,3930,3595,35,3630,1
2020-12-19,Los Angeles,037,10098052,669004,599888,16225,616113,8804
2020-12-19,Madera,039,155013,9671,8717,329,9046,63
2020-12-19,Marin,041,260295,9341,8864,60,8924,142
2020-12-19,Mariposa,043,17540,207,177,2,179,3
2020-12-19,Mendocino,045,87422,2216,2008,20,2028,23
2020-12-19,Merced,047,269075,17374,16230,266,16496,198
2020-12-19,Modoc,049,8938,219,181,65,246,0
2020-12-19,Mono,051,14174,821,766,12,778,3
2020-12-19,Monterey,053,433212,24927,22799,575,23374,172
2020-12-19,Napa,055,140530,5286,4772,24,4796,23
2020-12-19,Nevada,057,99092,2491,2260,78,2338,13
2020-12-19,Orange,059,3164182,140971,125574,5097,130671,1733
2020-12-19,Placer,061,380077,12957,11246,440,11686,105
2020-12-19,Plumas,063,18699,428,343,8,351,0
2020-12-19,Riverside,065,2383286,161975,146703,6427,153130,1737
2020-12-19,Sacramento,067,1510023,59746,55169,479,55648,746
2020-12-19,San Benito,069,59416,3167,2820,23,2843,21
2020-12-19,San Bernardino,071,2135413,176055,159883,4548,164431,1433
2020-12-19,San Diego,073,3302833,138991,122972,6074,129046,1280
2020-12-19,San Francisco,075,870044,21771,20643,192,20835,174
2020-12-19,San Joaquin,077,732212,41491,37340,1203,38543,586
2020-12-19,San Luis Obispo,079,281455,9714,8788,214,9002,63
2020-12-19,San Mateo,081,765935,22940,20393,66,20459,182
2020-12-19,Santa Barbara,083,443738,15754,14667,394,15061,148
2020-12-19,Santa Clara,085,1922200,62650,55540,245,55785,558
2020-12-19,Santa Cruz,087,273765,8108,7054,225,7279,68
2020-12-19,Shasta,089,179085,7608,7221,582,7803,63
2020-12-19,Sierra,091,2930,24,23,0,23,0
2020-12-19,Siskiyou,093,43540,950,853,85,938,2
2020-12-19,Solano,095,438530,16935,15204,160,15364,95
2020-12-19,Sonoma,097,501317,17640,16553,98,16651,175
2020-12-19,Stanislaus,099,539301,32060,29555,2638,32193,498
2020-12-19,Sutter,101,95872,5974,5506,42,5548,41
2020-12-19,Tehama,103,63373,2729,2574,221,2795,9
2020-12-19,Trinity,105,12862,395,219,53,272,2
2020-12-19,Tulare,107,460477,31126,28734,3140,31874,375
2020-12-19,Tuolumne,109,53932,2510,2107,8,2115,12
2020-12-19,Ventura,111,848112,34930,30843,1356,32199,209
2020-12-19,Yolo,113,214977,7789,7025,46,7071,109
2020-12-19,Yuba,115,75493,3498,3168,34,3202,11
2020-12-18,Alameda,001,1643700,46765,42196,765,42961,515
2020-12-18,Alpine,003,1148,65,64,0,64,0
2020-12-18,Amador,005,37829,2125,1727,15,1742,20
2020-12-18,Butte,007,227075,6737,5891,650,6541,81
2020-12-18,Calaveras,009,45235,982,870,0,870,21
2020-12-18,Colusa,011,21464,1166,1068,50,1118,7
2020-12-18,Contra Costa,013,1133247,36440,33610,390,34000,300
2020-12-18,Del Norte,015,27424,683,627,0,627,2
2020-12-18,El Dorado,017,186661,5391,4494,205,4699,10
2020-12-18,Fresno,019,978130,61881,52643,3682,56325,613
2020-12-18,Glenn,021,27897,1384,1264,192,1456,9
2020-12-18,Humboldt,023,135768,1516,1331,6,1337,15
2020-12-18,Imperial,025,180216,21640,20430,836,21266,393
2020-12-18,Inyo,027,18085,556,454,9,463,17
2020-12-18,Kern,029,883053,59862,54220,3865,58085,533
2020-12-18,Kings,031,150075,15224,14284,444,14728,98
2020-12-18,Lake,033,64148,1645,1397,0,1397,20
2020-12-18,Lassen,035,31185,3922,3486,35,3521,1
2020-12-18,Los Angeles,037,10098052,656865,586413,15726,602139,8744
2020-12-18,Madera,039,155013,9569,8609,324,8933,63
2020-12-18,Marin,041,260295,9257,8799,60,8859,142
2020-12-18,Mariposa,043,17540,204,176,2,178,3
2020-12-18,Mendocino,045,87422,2198,1977,20,1997,24
2020-12-18,Merced,047,269075,17293,15956,263,16219,195
2020-12-18,Modoc,049,8938,219,179,65,244,0
2020-12-18,Mono,051,14174,813,731,12,743,3
2020-12-18,Monterey,053,433212,24633,22336,569,22905,165
2020-12-18,Napa,055,140530,5237,4688,24,4712,23
2020-12-18,Nevada,057,99092,2474,2220,77,2297,13
2020-12-18,Orange,059,3164182,138537,121681,4948,126629,1725
2020-12-18,Placer,061,380077,12786,10995,431,11426,104
2020-12-18,Plumas,063,18699,422,336,8,344,0
2020-12-18,Riverside,065,2383286,159135,142375,6158,148533,1733
2020-12-18,Sacramento,067,1510023,59120,53980,463,54443,736
2020-12-18,San Benito,069,59416,3118,2744,23,2767,21
2020-12-18,San Bernardino,071,2135413,173757,154272,4414,158686,1430
2020-12-18,San Diego,073,3302833,136813,120463,5935,126398,1253
2020-12-18,San Francisco,075,870044,21604,20315,186,20501,173
2020-12-18,San Joaquin,077,732212,41132,36484,1172,37656,559
2020-12-18,San Luis Obispo,079,281455,9616,8598,209,8807,62
2020-12-18,San Mateo,081,765935,22627,19971,62,20033,182
2020-12-18,Santa Barbara,083,443738,15613,14361,381,14742,148
2020-12-18,Santa Clara,085,1922200,61776,53992,236,54228,539
2020-12-18,Santa Cruz,087,273765,7992,6838,217,7055,68
2020-12-18,Shasta,089,179085,7570,7114,571,7685,62
2020-12-18,Sierra,091,2930,24,23,0,23,0
2020-12-18,Siskiyou,093,43540,948,840,85,925,2
2020-12-18,Solano,095,438530,16782,14667,156,14823,95
2020-12-18,Sonoma,097,501317,17521,16261,98,16359,173
2020-12-18,Stanislaus,099,539301,31786,28967,2602,31569,490
2020-12-18,Sutter,101,95872,5890,5399,42,5441,39
2020-12-18,Tehama,103,63373,2714,2523,211,2734,9
2020-12-18,Trinity,105,12862,394,215,53,268,2
2020-12-18,Tulare,107,460477,30849,28322,3062,31384,370
2020-12-18,Tuolumne,109,53932,2499,2067,8,2075,12
2020-12-18,Ventura,111,848112,34426,29907,1313,31220,209
2020-12-18,Yolo,113,214977,7721,6901,45,6946,109
2020-12-18,Yuba,115,75493,3440,3097,34,3131,11
2020-12-17,Alameda,001,1643700,45958,41548,732,42280,508
2020-12-17,Alpine,003,1148,65,64,0,64,0
2020-12-17,Amador,005,37829,2077,1703,13,1716,19
2020-12-17,Butte,007,227075,6611,5746,632,6378,78
2020-12-17,Calaveras,009,45235,959,848,0,848,21
2020-12-17,Colusa,011,21464,1155,1053,48,1101,7
2020-12-17,Contra Costa,013,1133247,35916,33006,356,33362,293
2020-12-17,Del Norte,015,27424,678,583,0,583,1
2020-12-17,El Dorado,017,186661,5246,4327,193,4520,9
2020-12-17,Fresno,019,978130,61018,49918,3556,53474,597
2020-12-17,Glenn,021,27897,1360,1244,185,1429,9
2020-12-17,Humboldt,023,135768,1483,1322,6,1328,14
2020-12-17,Imperial,025,180216,21475,20208,768,20976,391
2020-12-17,Inyo,027,18085,538,450,7,457,16
2020-12-17,Kern,029,883053,58905,53683,3730,57413,526
2020-12-17,Kings,031,150075,15121,14057,429,14486,98
2020-12-17,Lake,033,64148,1620,1374,0,1374,20
2020-12-17,Lassen,035,31185,3886,3417,35,3452,1
2020-12-17,Los Angeles,037,10098052,641206,571093,15173,586266,8657
2020-12-17,Madera,039,155013,9452,8465,320,8785,62
2020-12-17,Marin,041,260295,9193,8721,58,8779,142
2020-12-17,Mariposa,043,17540,200,172,2,174,3
2020-12-17,Mendocino,045,87422,2164,1942,20,1962,23
2020-12-17,Merced,047,269075,17029,15648,255,15903,192
2020-12-17,Modoc,049,8938,216,179,65,244,0
2020-12-17,Mono,051,14174,800,718,12,730,3
2020-12-17,Monterey,053,433212,24114,21951,554,22505,163
2020-12-17,Napa,055,140530,5125,4612,24,4636,23
2020-12-17,Nevada,057,99092,2433,2173,74,2247,13
2020-12-17,Orange,059,3164182,135160,118367,4812,123179,1725
2020-12-17,Placer,061,380077,12512,10756,417,11173,99
2020-12-17,Plumas,063,18699,413,324,8,332,0
2020-12-17,Riverside,065,2383286,155250,139325,5943,145268,1696
2020-12-17,Sacramento,067,1510023,58214,53189,441,53630,721
2020-12-17,San Benito,069,59416,3049,2645,22,2667,20
2020-12-17,San Bernardino,071,2135413,169818,149838,4298,154136,1425
2020-12-17,San Diego,073,3302833,134012,116852,5779,122631,1239
2020-12-17,San Francisco,075,870044,21317,19939,181,20120,170
2020-12-17,San Joaquin,077,732212,40406,35894,1136,37030,554
2020-12-17,San Luis Obispo,079,281455,9496,8365,207,8572,59
2020-12-17,San Mateo,081,765935,22257,19647,62,19709,181
2020-12-17,Santa Barbara,083,443738,15380,14207,374,14581,147
2020-12-17,Santa Clara,085,1922200,60609,52559,230,52789,527
2020-12-17,Santa Cruz,087,273765,7837,6687,204,6891,64
2020-12-17,Shasta,089,179085,7493,7000,552,7552,62
2020-12-17,Sierra,091,2930,23,23,0,23,0
2020-12-17,Siskiyou,093,43540,941,827,84,911,2
2020-12-17,Solano,095,438530,16476,14361,154,14515,96
2020-12-17,Sonoma,097,501317,17249,15993,97,16090,171
2020-12-17,Stanislaus,099,539301,31360,28582,2543,31125,489
2020-12-17,Sutter,101,95872,5791,5309,40,5349,39
2020-12-17,Tehama,103,63373,2665,2480,205,2685,9
2020-12-17,Trinity,105,12862,389,213,53,266,2
2020-12-17,Tulare,107,460477,30456,27852,2983,30835,358
2020-12-17,Tuolumne,109,53932,2208,1992,8,2000,11
2020-12-17,Ventura,111,848112,33816,29404,1276,30680,208
2020-12-17,Yolo,113,214977,7596,6800,44,6844,105
2020-12-17,Yuba,115,75493,3381,3035,32,3067,12
2020-12-16,Alameda,001,1643700,45105,40751,707,41458,497
2020-12-16,Alpine,003,1148,65,64,0,64,0
2020-12-16,Amador,005,37829,2030,1693,12,1705,19
2020-12-16,Butte,007,227075,6422,5659,604,6263,76
2020-12-16,Calaveras,009,45235,924,821,0,821,21
2020-12-16,Colusa,011,21464,1142,1038,45,1083,7
2020-12-16,Contra Costa,013,1133247,35358,32429,336,32765,293
2020-12-16,Del Norte,015,27424,676,575,0,575,1
2020-12-16,El Dorado,017,186661,5125,4237,184,4421,9
2020-12-16,Fresno,019,978130,60060,49173,3460,52633,584
2020-12-16,Glenn,021,27897,1342,1236,174,1410,9
2020-12-16,Humboldt,023,135768,1451,1308,5,1313,12
2020-12-16,Imperial,025,180216,21293,19980,702,20682,388
2020-12-16,Inyo,027,18085,525,444,7,451,16
2020-12-16,Kern,029,883053,58028,52896,3597,56493,522
2020-12-16,Kings,031,150075,14941,13734,412,14146,99
2020-12-16,Lake,033,64148,1580,1363,0,1363,20
2020-12-16,Lassen,035,31185,3853,3396,34,3430,1
2020-12-16,Los Angeles,037,10098052,624679,557907,14488,572395,8561
2020-12-16,Madera,039,155013,9327,8278,312,8590,62
2020-12-16,Marin,041,260295,9122,8641,58,8699,142
2020-12-16,Mariposa,043,17540,197,175,2,177,3
2020-12-16,Mendocino,045,87422,2129,1929,20,1949,23
2020-12-16,Merced,047,269075,16743,15443,251,15694,190
2020-12-16,Modoc,049,8938,213,178,65,243,0
2020-12-16,Mono,051,14174,781,702,12,714,3
2020-12-16,Monterey,053,433212,23555,21107,543,21650,163
2020-12-16,Napa,055,140530,5028,4544,24,4568,23
2020-12-16,Nevada,057,99092,2397,2149,72,2221,13
2020-12-16,Orange,059,3164182,131686,115260,4645,119905,1712
2020-12-16,Placer,061,380077,12275,10554,396,10950,96
2020-12-16,Plumas,063,18699,404,319,8,327,0
2020-12-16,Riverside,065,2383286,151126,135751,5694,141445,1664
2020-12-16,Sacramento,067,1510023,57240,52166,416,52582,715
2020-12-16,San Benito,069,59416,2958,2582,22,2604,20
2020-12-16,San Bernardino,071,2135413,165213,143565,4163,147728,1403
2020-12-16,San Diego,073,3302833,130908,114248,5625,119873,1217
2020-12-16,San Francisco,075,870044,21058,19624,181,19805,170
2020-12-16,San Joaquin,077,732212,39580,35010,1096,36106,547
2020-12-16,San Luis Obispo,079,281455,9301,8252,198,8450,58
2020-12-16,San Mateo,081,765935,21931,19292,58,19350,179
2020-12-16,Santa Barbara,083,443738,15129,13966,362,14328,144
2020-12-16,Santa Clara,085,1922200,59366,51502,227,51729,523
2020-12-16,Santa Cruz,087,273765,7653,6536,193,6729,63
2020-12-16,Shasta,089,179085,7420,6914,529,7443,62
2020-12-16,Sierra,091,2930,23,23,0,23,0
2020-12-16,Siskiyou,093,43540,933,818,84,902,2
2020-12-16,Solano,095,438530,16009,14157,150,14307,96
2020-12-16,Sonoma,097,501317,16993,15768,97,15865,170
2020-12-16,Stanislaus,099,539301,30858,28279,2470,30749,489
2020-12-16,Sutter,101,95872,5711,5223,40,5263,39
2020-12-16,Tehama,103,63373,2632,2441,180,2621,9
2020-12-16,Trinity,105,12862,383,212,53,265,2
2020-12-16,Tulare,107,460477,30033,27500,2883,30383,352
2020-12-16,Tuolumne,109,53932,2165,1941,8,1949,11
2020-12-16,Ventura,111,848112,33042,28566,1233,29799,203
2020-12-16,Yolo,113,214977,7468,6649,43,6692,103
2020-12-16,Yuba,115,75493,3295,2980,31,3011,11
2020-12-15,Alameda,001,1643700,44250,40026,685,40711,492
2020-12-15,Alpine,003,1148,65,64,0,64,0
2020-12-15,Amador,005,37829,1917,1669,10,1679,19
2020-12-15,Butte,007,227075,6283,5565,575,6140,75
2020-12-15,Calaveras,009,45235,892,799,0,799,21
2020-12-15,Colusa,011,21464,1129,1026,44,1070,7
2020-12-15,Contra Costa,013,1133247,34700,31423,322,31745,281
2020-12-15,Del Norte,015,27424,665,564,0,564,1
2020-12-15,El Dorado,017,186661,5017,4113,170,4283,9
2020-12-15,Fresno,019,978130,58687,47316,3326,50642,574
2020-12-15,Glenn,021,27897,1329,1207,158,1365,9
2020-12-15,Humboldt,023,135768,1431,1276,5,1281,12
2020-12-15,Imperial,025,180216,21073,19756,623,20379,380
2020-12-15,Inyo,027,18085,512,394,7,401,16
2020-12-15,Kern,029,883053,57017,52002,3492,55494,511
2020-12-15,Kings,031,150075,14777,13652,393,14045,97
2020-12-15,Lake,033,64148,1555,1341,0,1341,21
2020-12-15,Lassen,035,31185,3681,3378,33,3411,1
2020-12-15,Los Angeles,037,10098052,608298,536258,13845,550103,8429
2020-12-15,Madera,039,155013,9173,8118,305,8423,60
2020-12-15,Marin,041,260295,9014,8528,56,8584,141
2020-12-15,Mariposa,043,17540,193,171,2,173,3
2020-12-15,Mendocino,045,87422,2102,1883,20,1903,24
2020-12-15,Merced,047,269075,16445,15120,247,15367,190
2020-12-15,Modoc,049,8938,211,179,65,244,0
2020-12-15,Mono,051,14174,765,702,12,714,3
2020-12-15,Monterey,053,433212,22957,19905,482,20387,161
2020-12-15,Napa,055,140530,4925,4440,24,4464,23
2020-12-15,Nevada,057,99092,2364,2117,70,2187,11
2020-12-15,Orange,059,3164182,128030,112893,4492,117385,1689
2020-12-15,Placer,061,380077,12041,10301,374,10675,95
2020-12-15,Plumas,063,18699,399,313,8,321,0
2020-12-15,Riverside,065,2383286,147068,131822,5415,137237,1624
2020-12-15,Sacramento,067,1510023,56222,51076,403,51479,703
2020-12-15,San Benito,069,59416,2879,2520,21,2541,19
2020-12-15,San Bernardino,071,2135413,160750,137548,4012,141560,1351
2020-12-15,San Diego,073,3302833,127342,111441,5462,116903,1194
2020-12-15,San Francisco,075,870044,20748,19283,178,19461,171
2020-12-15,San Joaquin,077,732212,38656,33849,1060,34909,537
2020-12-15,San Luis Obispo,079,281455,9192,8074,195,8269,55
2020-12-15,San Mateo,081,765935,21521,18907,56,18963,178
2020-12-15,Santa Barbara,083,443738,14902,13782,354,14136,144
2020-12-15,Santa Clara,085,1922200,57931,50311,224,50535,505
2020-12-15,Santa Cruz,087,273765,7468,6361,179,6540,59
2020-12-15,Shasta,089,179085,7361,6794,504,7298,54
2020-12-15,Sierra,091,2930,23,23,0,23,0
2020-12-15,Siskiyou,093,43540,924,812,83,895,2
2020-12-15,Solano,095,438530,15659,13796,150,13946,95
2020-12-15,Sonoma,097,501317,16772,15406,97,15503,167
2020-12-15,Stanislaus,099,539301,30345,27823,2389,30212,485
2020-12-15,Sutter,101,95872,5613,5080,39,5119,36
2020-12-15,Tehama,103,63373,2594,2392,174,2566,9
2020-12-15,Trinity,105,12862,375,213,51,264,1
2020-12-15,Tulare,107,460477,29544,27026,2793,29819,342
2020-12-15,Tuolumne,109,53932,2135,1874,8,1882,8
2020-12-15,Ventura,111,848112,32420,27936,1186,29122,201
2020-12-15,Yolo,113,214977,7345,6531,41,6572,104
2020-12-15,Yuba,115,75493,3201,2891,30,2921,11
2020-12-14,Alameda,001,1643700,43351,39252,666,39918,487
2020-12-14,Alpine,003,1148,65,63,0,63,0
2020-12-14,Amador,005,37829,1845,1609,10,1619,19
2020-12-14,Butte,007,227075,6115,5202,558,5760,75
2020-12-14,Calaveras,009,45235,854,718,0,718,21
2020-12-14,Colusa,011,21464,1105,949,43,992,7
2020-12-14,Contra Costa,013,1133247,34003,30594,308,30902,281
2020-12-14,Del Norte,015,27424,659,560,0,560,1
2020-12-14,El Dorado,017,186661,4861,4018,154,4172,9
2020-12-14,Fresno,019,978130,57663,44726,3147,47873,560
2020-12-14,Glenn,021,27897,1303,1186,150,1336,9
2020-12-14,Humboldt,023,135768,1418,1256,5,1261,9
2020-12-14,Imperial,025,180216,20834,19608,545,20153,379
2020-12-14,Inyo,027,18085,498,382,7,389,16
2020-12-14,Kern,029,883053,55980,50538,3370,53908,510
2020-12-14,Kings,031,150075,14592,13491,366,13857,97
2020-12-14,Lake,033,64148,1506,1301,0,1301,21
2020-12-14,Lassen,035,31185,3583,2905,30,2935,1
2020-12-14,Los Angeles,037,10098052,590670,524668,13203,537871,8340
2020-12-14,Madera,039,155013,8906,8011,296,8307,60
2020-12-14,Marin,041,260295,8931,8475,55,8530,141
2020-12-14,Mariposa,043,17540,192,171,2,173,3
2020-12-14,Mendocino,045,87422,2081,1845,20,1865,24
2020-12-14,Merced,047,269075,16037,14572,233,14805,189
2020-12-14,Modoc,049,8938,205,180,63,243,0
2020-12-14,Mono,051,14174,757,685,12,697,3
2020-12-14,Monterey,053,433212,22435,19154,476,19630,155
2020-12-14,Napa,055,140530,4832,4289,24,4313,22
2020-12-14,Nevada,057,99092,2326,2070,67,2137,11
2020-12-14,Orange,059,3164182,124143,108602,4356,112958,1688
2020-12-14,Placer,061,380077,11760,9551,363,9914,95
2020-12-14,Plumas,063,18699,387,309,8,317,0
2020-12-14,Riverside,065,2383286,142939,123715,5153,128868,1588
2020-12-14,Sacramento,067,1510023,55115,50304,378,50682,691
2020-12-14,San Benito,069,59416,2813,2467,20,2487,19
2020-12-14,San Bernardino,071,2135413,156302,129151,3884,133035,1347
2020-12-14,San Diego,073,3302833,123606,109578,5277,114855,1162
2020-12-14,San Francisco,075,870044,20371,18904,176,19080,171
2020-12-14,San Joaquin,077,732212,37813,32522,1014,33536,534
2020-12-14,San Luis Obispo,079,281455,8946,7791,191,7982,52
2020-12-14,San Mateo,081,765935,21023,18361,53,18414,178
2020-12-14,Santa Barbara,083,443738,14629,13587,346,13933,144
2020-12-14,Santa Clara,085,1922200,56369,49180,212,49392,502
2020-12-14,Santa Cruz,087,273765,7282,6049,164,6213,54
2020-12-14,Shasta,089,179085,7272,6665,485,7150,54
2020-12-14,Sierra,091,2930,23,21,0,21,0
2020-12-14,Siskiyou,093,43540,901,764,77,841,2
2020-12-14,Solano,095,438530,15297,13352,149,13501,93
2020-12-14,Sonoma,097,501317,16465,14807,96,14903,167
2020-12-14,Stanislaus,099,539301,29811,27311,2340,29651,485
2020-12-14,Sutter,101,95872,5509,5001,32,5033,35
2020-12-14,Tehama,103,63373,2551,2344,171,2515,9
2020-12-14,Trinity,105,12862,371,205,49,254,1
2020-12-14,Tulare,107,460477,29071,25735,2702,28437,341
2020-12-14,Tuolumne,109,53932,2082,1647,8,1655,8
2020-12-14,Ventura,111,848112,31497,27436,1127,28563,202
2020-12-14,Yolo,113,214977,7184,6389,40,6429,95
2020-12-14,Yuba,115,75493,3139,2851,30,2881,11
2020-12-13,Alameda,001,1643700,42153,38064,641,38705,486
2020-12-13,Alpine,003,1148,65,63,0,63,0
2020-12-13,Amador,005,37829,1789,1457,9,1466,19
2020-12-13,Butte,007,227075,5967,5103,518,5621,75
2020-12-13,Calaveras,009,45235,818,710,0,710,21
2020-12-13,Colusa,011,21464,1089,945,40,985,7
2020-12-13,Contra Costa,013,1133247,33275,29667,302,29969,281
2020-12-13,Del Norte,015,27424,606,542,0,542,1
2020-12-13,El Dorado,017,186661,4760,3770,143,3913,9
2020-12-13,Fresno,019,978130,56556,44114,2988,47102,559
2020-12-13,Glenn,021,27897,1290,1171,139,1310,9
2020-12-13,Humboldt,023,135768,1395,1238,4,1242,9
2020-12-13,Imperial,025,180216,20544,19472,422,19894,379
2020-12-13,Inyo,027,18085,477,380,7,387,16
2020-12-13,Kern,029,883053,54949,49051,3213,52264,510
2020-12-13,Kings,031,150075,14312,13357,348,13705,97
2020-12-13,Lake,033,64148,1464,1271,0,1271,21
2020-12-13,Lassen,035,31185,3476,2867,25,2892,1
2020-12-13,Los Angeles,037,10098052,573056,517472,12500,529972,8294
2020-12-13,Madera,039,155013,8724,7909,282,8191,60
2020-12-13,Marin,041,260295,8811,8409,55,8464,141
2020-12-13,Mariposa,043,17540,188,167,2,169,3
2020-12-13,Mendocino,045,87422,2047,1793,20,1813,24
2020-12-13,Merced,047,269075,15686,14384,230,14614,189
2020-12-13,Modoc,049,8938,192,179,57,236,0
2020-12-13,Mono,051,14174,741,675,12,687,3
2020-12-13,Monterey,053,433212,22014,18913,462,19375,153
2020-12-13,Napa,055,140530,4726,4194,24,4218,22
2020-12-13,Nevada,057,99092,2278,2030,65,2095,11
2020-12-13,Orange,059,3164182,120209,104768,4182,108950,1688
2020-12-13,Placer,061,380077,11445,9405,345,9750,95
2020-12-13,Plumas,063,18699,381,291,8,299,0
2020-12-13,Riverside,065,2383286,138810,119691,4890,124581,1581
2020-12-13,Sacramento,067,1510023,53846,49480,349,49829,682
2020-12-13,San Benito,069,59416,2744,2408,19,2427,19
2020-12-13,San Bernardino,071,2135413,151404,126718,3722,130440,1333
2020-12-13,San Diego,073,3302833,120006,107372,5108,112480,1162
2020-12-13,San Francisco,075,870044,20026,18686,167,18853,167
2020-12-13,San Joaquin,077,732212,37009,32170,974,33144,534
2020-12-13,San Luis Obispo,079,281455,8756,7625,183,7808,52
2020-12-13,San Mateo,081,765935,20532,18090,47,18137,177
2020-12-13,Santa Barbara,083,443738,14359,13249,331,13580,144
2020-12-13,Santa Clara,085,1922200,54942,47920,203,48123,499
2020-12-13,Santa Cruz,087,273765,7033,5986,153,6139,54
2020-12-13,Shasta,089,179085,7198,6647,459,7106,54
2020-12-13,Sierra,091,2930,23,21,0,21,0
2020-12-13,Siskiyou,093,43540,889,762,72,834,2
2020-12-13,Solano,095,438530,14859,13276,146,13422,93
2020-12-13,Sonoma,097,501317,16151,14495,95,14590,167
2020-12-13,Stanislaus,099,539301,29246,26569,2278,28847,485
2020-12-13,Sutter,101,95872,5382,4798,28,4826,34
2020-12-13,Tehama,103,63373,2506,2325,156,2481,9
2020-12-13,Trinity,105,12862,365,204,49,253,1
2020-12-13,Tulare,107,460477,28581,25496,2615,28111,340
2020-12-13,Tuolumne,109,53932,2020,1611,8,1619,8
2020-12-13,Ventura,111,848112,30494,26588,1064,27652,202
2020-12-13,Yolo,113,214977,7001,6265,34,6299,95
2020-12-13,Yuba,115,75493,3074,2754,27,2781,11
2020-12-12,Alameda,001,1643700,41709,37027,621,37648,486
2020-12-12,Alpine,003,1148,65,63,0,63,0
2020-12-12,Amador,005,37829,1761,1236,8,1244,19
2020-12-12,Butte,007,227075,5894,4972,506,5478,73
2020-12-12,Calaveras,009,45235,808,708,0,708,21
2020-12-12,Colusa,011,21464,1069,945,39,984,7
2020-12-12,Contra Costa,013,1133247,32931,29506,293,29799,281
2020-12-12,Del Norte,015,27424,598,529,0,529,1
2020-12-12,El Dorado,017,186661,4685,3706,125,3831,9
2020-12-12,Fresno,019,978130,56205,43756,2928,46684,559
2020-12-12,Glenn,021,27897,1282,1143,135,1278,8
2020-12-12,Humboldt,023,135768,1376,1208,4,1212,9
2020-12-12,Imperial,025,180216,20458,18947,364,19311,379
2020-12-12,Inyo,027,18085,473,380,7,387,16
2020-12-12,Kern,029,883053,54429,48194,3123,51317,507
2020-12-12,Kings,031,150075,14223,13205,344,13549,96
2020-12-12,Lake,033,64148,1448,1232,0,1232,21
2020-12-12,Lassen,035,31185,3453,2866,22,2888,1
2020-12-12,Los Angeles,037,10098052,566254,504317,11996,516313,8269
2020-12-12,Madera,039,155013,8597,7765,279,8044,59
2020-12-12,Marin,041,260295,8757,8363,54,8417,141
2020-12-12,Mariposa,043,17540,187,164,2,166,3
2020-12-12,Mendocino,045,87422,2011,1771,20,1791,24
2020-12-12,Merced,047,269075,15595,14181,226,14407,188
2020-12-12,Modoc,049,8938,191,169,54,223,0
2020-12-12,Mono,051,14174,734,640,12,652,3
2020-12-12,Monterey,053,433212,21901,18596,433,19029,151
2020-12-12,Napa,055,140530,4681,4113,24,4137,22
2020-12-12,Nevada,057,99092,2260,1981,63,2044,10
2020-12-12,Orange,059,3164182,118324,100468,4034,104502,1674
2020-12-12,Placer,061,380077,11280,9390,340,9730,95
2020-12-12,Plumas,063,18699,375,291,8,299,0
2020-12-12,Riverside,065,2383286,136753,118335,4685,123020,1579
2020-12-12,Sacramento,067,1510023,53262,48319,336,48655,673
2020-12-12,San Benito,069,59416,2688,2355,19,2374,19
2020-12-12,San Bernardino,071,2135413,149770,125741,3619,129360,1321
2020-12-12,San Diego,073,3302833,118385,104958,5011,109969,1151
2020-12-12,San Francisco,075,870044,19836,18413,163,18576,167
2020-12-12,San Joaquin,077,732212,36682,32200,943,33143,534
2020-12-12,San Luis Obispo,079,281455,8657,7462,177,7639,50
2020-12-12,San Mateo,081,765935,20311,17574,46,17620,177
2020-12-12,Santa Barbara,083,443738,14207,13174,323,13497,144
2020-12-12,Santa Clara,085,1922200,53992,45892,200,46092,498
2020-12-12,Santa Cruz,087,273765,6935,5905,144,6049,54
2020-12-12,Shasta,089,179085,7165,6551,441,6992,54
2020-12-12,Sierra,091,2930,23,21,0,21,0
2020-12-12,Siskiyou,093,43540,887,762,69,831,2
2020-12-12,Solano,095,438530,14661,12748,139,12887,93
2020-12-12,Sonoma,097,501317,16030,14466,95,14561,166
2020-12-12,Stanislaus,099,539301,28945,26246,2227,28473,483
2020-12-12,Sutter,101,95872,5320,4717,28,4745,32
2020-12-12,Tehama,103,63373,2488,2252,150,2402,9
2020-12-12,Trinity,105,12862,363,204,47,251,1
2020-12-12,Tulare,107,460477,28322,25333,2557,27890,341
2020-12-12,Tuolumne,109,53932,1977,1536,8,1544,8
2020-12-12,Ventura,111,848112,30050,25955,1031,26986,202
2020-12-12,Yolo,113,214977,6919,6116,32,6148,95
2020-12-12,Yuba,115,75493,3047,2692,26,2718,10
2020-12-11,Alameda,001,1643700,41142,36281,609,36890,482
2020-12-11,Alpine,003,1148,65,63,0,63,0
2020-12-11,Amador,005,37829,1745,1213,8,1221,19
2020-12-11,Butte,007,227075,5821,4941,488,5429,73
2020-12-11,Calaveras,009,45235,792,697,0,697,21
2020-12-11,Colusa,011,21464,1059,923,37,960,7
2020-12-11,Contra Costa,013,1133247,32508,29036,289,29325,282
2020-12-11,Del Norte,015,27424,592,505,0,505,1
2020-12-11,El Dorado,017,186661,4604,3669,110,3779,9
2020-12-11,Fresno,019,978130,55193,43071,2862,45933,550
2020-12-11,Glenn,021,27897,1266,1135,130,1265,8
2020-12-11,Humboldt,023,135768,1358,1190,4,1194,9
2020-12-11,Imperial,025,180216,20369,18599,320,18919,377
2020-12-11,Inyo,027,18085,462,372,7,379,16
2020-12-11,Kern,029,883053,53751,47664,3059,50723,502
2020-12-11,Kings,031,150075,14079,13118,340,13458,94
2020-12-11,Lake,033,64148,1435,1205,0,1205,21
2020-12-11,Lassen,035,31185,3441,2790,21,2811,1
2020-12-11,Los Angeles,037,10098052,554448,493592,11585,505177,8198
2020-12-11,Madera,039,155013,8506,7648,269,7917,59
2020-12-11,Marin,041,260295,8663,8317,53,8370,141
2020-12-11,Mariposa,043,17540,186,164,2,166,3
2020-12-11,Mendocino,045,87422,1987,1769,20,1789,24
2020-12-11,Merced,047,269075,15475,14038,218,14256,186
2020-12-11,Modoc,049,8938,191,168,53,221,0
2020-12-11,Mono,051,14174,724,631,12,643,3
2020-12-11,Monterey,053,433212,21600,18421,428,18849,150
2020-12-11,Napa,055,140530,4626,4054,24,4078,22
2020-12-11,Nevada,057,99092,2243,1959,60,2019,10
2020-12-11,Orange,059,3164182,116011,98357,3932,102289,1656
2020-12-11,Placer,061,380077,11118,8904,324,9228,93
2020-12-11,Plumas,063,18699,367,286,8,294,0
2020-12-11,Riverside,065,2383286,133685,115329,4465,119794,1573
2020-12-11,Sacramento,067,1510023,52600,47468,328,47796,669
2020-12-11,San Benito,069,59416,2637,2319,19,2338,19
2020-12-11,San Bernardino,071,2135413,147080,123092,3503,126595,1313
2020-12-11,San Diego,073,3302833,116425,102468,4928,107396,1137
2020-12-11,San Francisco,075,870044,19606,18246,162,18408,165
2020-12-11,San Joaquin,077,732212,36336,32044,915,32959,534
2020-12-11,San Luis Obispo,079,281455,8496,7415,175,7590,49
2020-12-11,San Mateo,081,765935,20040,17240,35,17275,177
2020-12-11,Santa Barbara,083,443738,14064,12997,315,13312,144
2020-12-11,Santa Clara,085,1922200,52989,45101,191,45292,494
2020-12-11,Santa Cruz,087,273765,6822,5764,135,5899,50
2020-12-11,Shasta,089,179085,7120,6459,434,6893,54
2020-12-11,Sierra,091,2930,23,19,0,19,0
2020-12-11,Siskiyou,093,43540,880,753,66,819,2
2020-12-11,Solano,095,438530,14475,12554,135,12689,92
2020-12-11,Sonoma,097,501317,15863,14298,93,14391,166
2020-12-11,Stanislaus,099,539301,28677,25928,2183,28111,464
2020-12-11,Sutter,101,95872,5257,4600,27,4627,30
2020-12-11,Tehama,103,63373,2458,2232,146,2378,9
2020-12-11,Trinity,105,12862,360,204,47,251,1
2020-12-11,Tulare,107,460477,27962,24953,2510,27463,338
2020-12-11,Tuolumne,109,53932,1963,1510,8,1518,8
2020-12-11,Ventura,111,848112,29444,24999,1009,26008,202
2020-12-11,Yolo,113,214977,6813,6006,31,6037,95
2020-12-11,Yuba,115,75493,2987,2649,25,2674,10
2020-12-10,Alameda,001,1643700,40372,35686,587,36273,477
2020-12-10,Alpine,003,1148,65,63,0,63,0
2020-12-10,Amador,005,37829,1688,1191,8,1199,18
2020-12-10,Butte,007,227075,5705,4863,461,5324,72
2020-12-10,Calaveras,009,45235,774,684,0,684,21
2020-12-10,Colusa,011,21464,1036,909,34,943,7
2020-12-10,Contra Costa,013,1133247,31827,28413,283,28696,276
2020-12-10,Del Norte,015,27424,582,501,0,501,1
2020-12-10,El Dorado,017,186661,4486,3557,105,3662,9
2020-12-10,Fresno,019,978130,54215,42461,2720,45181,540
2020-12-10,Glenn,021,27897,1246,1126,121,1247,8
2020-12-10,Humboldt,023,135768,1338,1140,4,1144,9
2020-12-10,Imperial,025,180216,20154,18333,243,18576,370
2020-12-10,Inyo,027,18085,441,365,7,372,15
2020-12-10,Kern,029,883053,52767,47176,2893,50069,499
2020-12-10,Kings,031,150075,13921,12993,334,13327,92
2020-12-10,Lake,033,64148,1394,1167,0,1167,21
2020-12-10,Lassen,035,31185,3419,2764,17,2781,0
2020-12-10,Los Angeles,037,10098052,540480,480354,11048,491402,8149
2020-12-10,Madera,039,155013,8399,7445,254,7699,59
2020-12-10,Marin,041,260295,8610,8245,52,8297,140
2020-12-10,Mariposa,043,17540,185,160,2,162,3
2020-12-10,Mendocino,045,87422,1961,1748,17,1765,24
2020-12-10,Merced,047,269075,15229,13756,215,13971,186
2020-12-10,Modoc,049,8938,186,165,51,216,0
2020-12-10,Mono,051,14174,719,601,12,613,3
2020-12-10,Monterey,053,433212,21119,18266,418,18684,145
2020-12-10,Napa,055,140530,4540,3974,23,3997,22
2020-12-10,Nevada,057,99092,2207,1919,60,1979,10
2020-12-10,Orange,059,3164182,112916,95297,3770,99067,1651
2020-12-10,Placer,061,380077,10865,8906,305,9211,90
2020-12-10,Plumas,063,18699,356,281,8,289,0
2020-12-10,Riverside,065,2383286,129998,112794,4196,116990,1552
2020-12-10,Sacramento,067,1510023,51701,46471,306,46777,664
2020-12-10,San Benito,069,59416,2577,2268,18,2286,19
2020-12-10,San Bernardino,071,2135413,142845,120186,3329,123515,1306
2020-12-10,San Diego,073,3302833,113900,99601,4779,104380,1114
2020-12-10,San Francisco,075,870044,19294,17945,154,18099,164
2020-12-10,San Joaquin,077,732212,35700,31228,885,32113,534
2020-12-10,San Luis Obispo,079,281455,8333,7245,164,7409,49
2020-12-10,San Mateo,081,765935,19595,16701,25,16726,177
2020-12-10,Santa Barbara,083,443738,13885,12788,306,13094,143
2020-12-10,Santa Clara,085,1922200,51854,43939,176,44115,491
2020-12-10,Santa Cruz,087,273765,6655,5645,122,5767,48
2020-12-10,Shasta,089,179085,7052,6312,409,6721,53
2020-12-10,Sierra,091,2930,23,18,0,18,0
2020-12-10,Siskiyou,093,43540,870,712,65,777,2
2020-12-10,Solano,095,438530,14109,12017,129,12146,90
2020-12-10,Sonoma,097,501317,15608,14282,91,14373,167
2020-12-10,Stanislaus,099,539301,28214,25582,2114,27696,464
2020-12-10,Sutter,101,95872,5127,4528,25,4553,27
2020-12-10,Tehama,103,63373,2414,2190,138,2328,9
2020-12-10,Trinity,105,12862,356,202,45,247,1
2020-12-10,Tulare,107,460477,27506,24506,2444,26950,337
2020-12-10,Tuolumne,109,53932,1721,1451,8,1459,8
2020-12-10,Ventura,111,848112,28593,24075,965,25040,202
2020-12-10,Yolo,113,214977,6693,5896,30,5926,95
2020-12-10,Yuba,115,75493,2923,2604,24,2628,10
2020-12-09,Alameda,001,1643700,39531,35047,564,35611,470
2020-12-09,Alpine,003,1148,65,58,0,58,0
2020-12-09,Amador,005,37829,1645,1121,8,1129,19
2020-12-09,Butte,007,227075,5562,4733,441,5174,70
2020-12-09,Calaveras,009,45235,747,670,0,670,21
2020-12-09,Colusa,011,21464,1021,896,33,929,7
2020-12-09,Contra Costa,013,1133247,31123,28308,272,28580,273
2020-12-09,Del Norte,015,27424,569,481,0,481,2
2020-12-09,El Dorado,017,186661,4351,3449,97,3546,8
2020-12-09,Fresno,019,978130,53213,41954,2567,44521,533
2020-12-09,Glenn,021,27897,1232,1107,115,1222,8
2020-12-09,Humboldt,023,135768,1306,1086,4,1090,10
2020-12-09,Imperial,025,180216,19899,17757,207,17964,368
2020-12-09,Inyo,027,18085,428,356,7,363,15
2020-12-09,Kern,029,883053,51609,46379,2747,49126,494
2020-12-09,Kings,031,150075,13776,12716,326,13042,92
2020-12-09,Lake,033,64148,1366,1158,0,1158,20
2020-12-09,Lassen,035,31185,3350,2331,15,2346,0
2020-12-09,Los Angeles,037,10098052,526998,467971,10498,478469,8075
2020-12-09,Madera,039,155013,8286,7216,251,7467,59
2020-12-09,Marin,041,260295,8548,8182,51,8233,138
2020-12-09,Mariposa,043,17540,183,154,2,156,3
2020-12-09,Mendocino,045,87422,1935,1703,16,1719,24
2020-12-09,Merced,047,269075,14988,13588,208,13796,183
2020-12-09,Modoc,049,8938,181,146,42,188,0
2020-12-09,Mono,051,14174,707,601,12,613,3
2020-12-09,Monterey,053,433212,20718,17891,410,18301,143
2020-12-09,Napa,055,140530,4454,3858,22,3880,21
2020-12-09,Nevada,057,99092,2154,1864,60,1924,10
2020-12-09,Orange,059,3164182,109829,93763,3596,97359,1629
2020-12-09,Placer,061,380077,10603,8588,291,8879,85
2020-12-09,Plumas,063,18699,348,271,8,279,0
2020-12-09,Riverside,065,2383286,126301,110376,3989,114365,1543
2020-12-09,Sacramento,067,1510023,50638,45284,279,45563,659
2020-12-09,San Benito,069,59416,2504,2217,16,2233,19
2020-12-09,San Bernardino,071,2135413,138564,114516,3133,117649,1305
2020-12-09,San Diego,073,3302833,110920,97551,4640,102191,1103
2020-12-09,San Francisco,075,870044,18993,17628,153,17781,163
2020-12-09,San Joaquin,077,732212,34881,30539,860,31399,531
2020-12-09,San Luis Obispo,079,281455,8114,7105,156,7261,47
2020-12-09,San Mateo,081,765935,19145,16422,24,16446,175
2020-12-09,Santa Barbara,083,443738,13685,12630,296,12926,142
2020-12-09,Santa Clara,085,1922200,50702,42912,160,43072,489
2020-12-09,Santa Cruz,087,273765,6496,5527,107,5634,47
2020-12-09,Shasta,089,179085,6987,6105,395,6500,52
2020-12-09,Sierra,091,2930,23,18,0,18,0
2020-12-09,Siskiyou,093,43540,859,713,64,777,2
2020-12-09,Solano,095,438530,13761,11862,121,11983,90
2020-12-09,Sonoma,097,501317,15352,13994,88,14082,164
2020-12-09,Stanislaus,099,539301,27716,25157,2053,27210,463
2020-12-09,Sutter,101,95872,5009,4418,21,4439,24
2020-12-09,Tehama,103,63373,2378,2102,134,2236,9
2020-12-09,Trinity,105,12862,348,199,42,241,0
2020-12-09,Tulare,107,460477,26910,24124,2365,26489,334
2020-12-09,Tuolumne,109,53932,1688,1319,8,1327,8
2020-12-09,Ventura,111,848112,27730,23830,923,24753,201
2020-12-09,Yolo,113,214977,6568,5760,28,5788,95
2020-12-09,Yuba,115,75493,2855,2513,23,2536,10
2020-12-08,Alameda,001,1643700,38631,34373,548,34921,469
2020-12-08,Alpine,003,1148,64,53,0,53,0
2020-12-08,Amador,005,37829,1359,1043,8,1051,17
2020-12-08,Butte,007,227075,5404,4651,400,5051,70
2020-12-08,Calaveras,009,45235,723,657,0,657,21
2020-12-08,Colusa,011,21464,1005,875,32,907,6
2020-12-08,Contra Costa,013,1133247,30421,27926,255,28181,270
2020-12-08,Del Norte,015,27424,553,465,0,465,2
2020-12-08,El Dorado,017,186661,4227,3296,84,3380,8
2020-12-08,Fresno,019,978130,51950,41574,2411,43985,529
2020-12-08,Glenn,021,27897,1212,1094,107,1201,8
2020-12-08,Humboldt,023,135768,1280,1059,4,1063,10
2020-12-08,Imperial,025,180216,19384,17568,199,17767,363
2020-12-08,Inyo,027,18085,405,333,7,340,15
2020-12-08,Kern,029,883053,50315,45116,2590,47706,487
2020-12-08,Kings,031,150075,13622,12623,317,12940,90
2020-12-08,Lake,033,64148,1324,1127,0,1127,20
2020-12-08,Lassen,035,31185,3194,2165,15,2180,0
2020-12-08,Los Angeles,037,10098052,514304,459738,10018,469756,8004
2020-12-08,Madera,039,155013,8155,7082,238,7320,59
2020-12-08,Marin,041,260295,8468,8099,50,8149,137
2020-12-08,Mariposa,043,17540,179,150,2,152,2
2020-12-08,Mendocino,045,87422,1893,1666,16,1682,23
2020-12-08,Merced,047,269075,14676,13380,207,13587,181
2020-12-08,Modoc,049,8938,173,138,39,177,0
2020-12-08,Mono,051,14174,693,597,12,609,3
2020-12-08,Monterey,053,433212,20147,17752,403,18155,134
2020-12-08,Napa,055,140530,4367,3778,21,3799,22
2020-12-08,Nevada,057,99092,2100,1809,57,1866,11
2020-12-08,Orange,059,3164182,106608,91406,3430,94836,1629
2020-12-08,Placer,061,380077,10335,8224,286,8510,82
2020-12-08,Plumas,063,18699,338,258,8,266,0
2020-12-08,Riverside,065,2383286,122938,107620,3809,111429,1514
2020-12-08,Sacramento,067,1510023,49574,44635,264,44899,649
2020-12-08,San Benito,069,59416,2451,2180,16,2196,18
2020-12-08,San Bernardino,071,2135413,134217,110676,3007,113683,1301
2020-12-08,San Diego,073,3302833,107549,95447,4483,99930,1088
2020-12-08,San Francisco,075,870044,18683,17384,151,17535,162
2020-12-08,San Joaquin,077,732212,33986,30225,827,31052,530
2020-12-08,San Luis Obispo,079,281455,7985,6903,145,7048,45
2020-12-08,San Mateo,081,765935,18745,16305,24,16329,175
2020-12-08,Santa Barbara,083,443738,13501,12516,287,12803,141
2020-12-08,Santa Clara,085,1922200,49397,41309,151,41460,484
2020-12-08,Santa Cruz,087,273765,6318,5374,105,5479,45
2020-12-08,Shasta,089,179085,6878,5946,387,6333,50
2020-12-08,Sierra,091,2930,22,18,0,18,0
2020-12-08,Siskiyou,093,43540,845,704,62,766,2
2020-12-08,Solano,095,438530,13359,11669,119,11788,89
2020-12-08,Sonoma,097,501317,15093,13601,87,13688,164
2020-12-08,Stanislaus,099,539301,27226,24793,1988,26781,461
2020-12-08,Sutter,101,95872,4914,4342,20,4362,24
2020-12-08,Tehama,103,63373,2305,2057,126,2183,9
2020-12-08,Trinity,105,12862,339,198,41,239,0
2020-12-08,Tulare,107,460477,26307,23607,2304,25911,330
2020-12-08,Tuolumne,109,53932,1664,1264,8,1272,7
2020-12-08,Ventura,111,848112,27067,23665,880,24545,195
2020-12-08,Yolo,113,214977,6436,5560,28,5588,90
2020-12-08,Yuba,115,75493,2778,2477,23,2500,10
2020-12-07,Alameda,001,1643700,37765,33887,512,34399,466
2020-12-07,Alpine,003,1148,63,53,0,53,0
2020-12-07,Amador,005,37829,1284,993,7,1000,17
2020-12-07,Butte,007,227075,5269,4604,378,4982,67
2020-12-07,Calaveras,009,45235,691,606,0,606,21
2020-12-07,Colusa,011,21464,980,825,27,852,6
2020-12-07,Contra Costa,013,1133247,29805,27307,242,27549,270
2020-12-07,Del Norte,015,27424,541,424,0,424,2
2020-12-07,El Dorado,017,186661,4048,3275,77,3352,8
2020-12-07,Fresno,019,978130,50475,41098,2288,43386,526
2020-12-07,Glenn,021,27897,1193,1085,101,1186,8
2020-12-07,Humboldt,023,135768,1245,1023,4,1027,9
2020-12-07,Imperial,025,180216,18962,17234,189,17423,364
2020-12-07,Inyo,027,18085,390,333,7,340,15
2020-12-07,Kern,029,883053,49290,44409,2454,46863,486
2020-12-07,Kings,031,150075,13479,12412,307,12719,90
2020-12-07,Lake,033,64148,1297,1090,0,1090,20
2020-12-07,Lassen,035,31185,3097,2167,15,2182,0
2020-12-07,Los Angeles,037,10098052,500638,451052,9579,460631,7937
2020-12-07,Madera,039,155013,7890,6935,233,7168,59
2020-12-07,Marin,041,260295,8410,8049,49,8098,136
2020-12-07,Mariposa,043,17540,176,146,2,148,2
2020-12-07,Mendocino,045,87422,1857,1638,14,1652,23
2020-12-07,Merced,047,269075,14317,13250,197,13447,179
2020-12-07,Modoc,049,8938,166,128,36,164,0
2020-12-07,Mono,051,14174,680,590,12,602,3
2020-12-07,Monterey,053,433212,19666,17746,391,18137,132
2020-12-07,Napa,055,140530,4276,3684,21,3705,21
2020-12-07,Nevada,057,99092,2051,1777,56,1833,11
2020-12-07,Orange,059,3164182,103342,89793,3310,93103,1628
2020-12-07,Placer,061,380077,10008,7911,272,8183,82
2020-12-07,Plumas,063,18699,326,256,5,261,0
2020-12-07,Riverside,065,2383286,119739,102363,3626,105989,1491
2020-12-07,Sacramento,067,1510023,48478,43419,247,43666,638
2020-12-07,San Benito,069,59416,2400,2165,15,2180,18
2020-12-07,San Bernardino,071,2135413,130263,108161,2888,111049,1295
2020-12-07,San Diego,073,3302833,104760,94171,4302,98473,1062
2020-12-07,San Francisco,075,870044,18392,17220,144,17364,161
2020-12-07,San Joaquin,077,732212,33111,28188,800,28988,530
2020-12-07,San Luis Obispo,079,281455,7803,6782,138,6920,45
2020-12-07,San Mateo,081,765935,18304,16029,23,16052,175
2020-12-07,Santa Barbara,083,443738,13259,12362,277,12639,141
2020-12-07,Santa Clara,085,1922200,48014,40621,142,40763,484
2020-12-07,Santa Cruz,087,273765,6153,5152,99,5251,41
2020-12-07,Shasta,089,179085,6755,5742,372,6114,50
2020-12-07,Sierra,091,2930,20,18,0,18,0
2020-12-07,Siskiyou,093,43540,818,652,62,714,2
2020-12-07,Solano,095,438530,13020,11354,115,11469,89
2020-12-07,Sonoma,097,501317,14809,13376,87,13463,164
2020-12-07,Stanislaus,099,539301,26668,24479,1935,26414,454
2020-12-07,Sutter,101,95872,4773,4106,20,4126,24
2020-12-07,Tehama,103,63373,2254,2030,121,2151,9
2020-12-07,Trinity,105,12862,335,194,41,235,0
2020-12-07,Tulare,107,460477,25771,22760,2247,25007,328
2020-12-07,Tuolumne,109,53932,1579,1256,7,1263,7
2020-12-07,Ventura,111,848112,26480,23354,844,24198,191
2020-12-07,Yolo,113,214977,6273,5537,27,5564,90
2020-12-07,Yuba,115,75493,2710,2428,21,2449,10
2020-12-06,Alameda,001,1643700,36776,33477,492,33969,465
2020-12-06,Alpine,003,1148,59,53,0,53,0
2020-12-06,Amador,005,37829,1221,952,6,958,17
2020-12-06,Butte,007,227075,5116,4527,345,4872,67
2020-12-06,Calaveras,009,45235,672,606,0,606,21
2020-12-06,Colusa,011,21464,963,824,23,847,6
2020-12-06,Contra Costa,013,1133247,29198,26566,235,26801,270
2020-12-06,Del Norte,015,27424,486,414,0,414,2
2020-12-06,El Dorado,017,186661,3911,3086,72,3158,8
2020-12-06,Fresno,019,978130,49519,40869,2172,43041,526
2020-12-06,Glenn,021,27897,1183,1067,97,1164,8
2020-12-06,Humboldt,023,135768,1220,1004,4,1008,9
2020-12-06,Imperial,025,180216,18647,16922,180,17102,364
2020-12-06,Inyo,027,18085,377,333,7,340,15
2020-12-06,Kern,029,883053,48301,43899,2284,46183,486
2020-12-06,Kings,031,150075,13207,12056,290,12346,90
2020-12-06,Lake,033,64148,1260,1075,0,1075,20
2020-12-06,Lassen,035,31185,2992,2168,13,2181,0
2020-12-06,Los Angeles,037,10098052,487047,443230,9138,452368,7910
2020-12-06,Madera,039,155013,7718,6826,224,7050,59
2020-12-06,Marin,041,260295,8329,8013,47,8060,136
2020-12-06,Mariposa,043,17540,175,144,2,146,2
2020-12-06,Mendocino,045,87422,1817,1614,14,1628,23
2020-12-06,Merced,047,269075,13982,12928,188,13116,179
2020-12-06,Modoc,049,8938,153,125,29,154,0
2020-12-06,Mono,051,14174,658,586,10,596,3
2020-12-06,Monterey,053,433212,19046,17426,381,17807,130
2020-12-06,Napa,055,140530,4164,3644,21,3665,21
2020-12-06,Nevada,057,99092,1992,1710,53,1763,10
2020-12-06,Orange,059,3164182,100278,87737,3180,90917,1627
2020-12-06,Placer,061,380077,9727,7837,252,8089,82
2020-12-06,Plumas,063,18699,313,254,4,258,0
2020-12-06,Riverside,065,2383286,116645,100088,3402,103490,1482
2020-12-06,Sacramento,067,1510023,47239,42808,231,43039,638
2020-12-06,San Benito,069,59416,2363,2135,15,2150,18
2020-12-06,San Bernardino,071,2135413,126114,106927,2731,109658,1286
2020-12-06,San Diego,073,3302833,101727,92173,4148,96321,1062
2020-12-06,San Francisco,075,870044,18070,17107,137,17244,161
2020-12-06,San Joaquin,077,732212,32277,28188,771,28959,530
2020-12-06,San Luis Obispo,079,281455,7637,6723,133,6856,45
2020-12-06,San Mateo,081,765935,17799,15855,20,15875,175
2020-12-06,Santa Barbara,083,443738,13027,12252,268,12520,141
2020-12-06,Santa Clara,085,1922200,46639,39112,136,39248,482
2020-12-06,Santa Cruz,087,273765,5979,5069,93,5162,40
2020-12-06,Shasta,089,179085,6614,5743,351,6094,49
2020-12-06,Sierra,091,2930,20,17,0,17,0
2020-12-06,Siskiyou,093,43540,800,652,60,712,2
2020-12-06,Solano,095,438530,12733,11354,105,11459,88
2020-12-06,Sonoma,097,501317,14520,13238,86,13324,164
2020-12-06,Stanislaus,099,539301,26116,24036,1871,25907,454
2020-12-06,Sutter,101,95872,4657,4009,19,4028,21
2020-12-06,Tehama,103,63373,2195,1982,111,2093,9
2020-12-06,Trinity,105,12862,328,181,39,220,0
2020-12-06,Tulare,107,460477,25246,22756,2178,24934,327
2020-12-06,Tuolumne,109,53932,1483,1210,7,1217,7
2020-12-06,Ventura,111,848112,25938,23035,817,23852,191
2020-12-06,Yolo,113,214977,6112,5465,22,5487,90
2020-12-06,Yuba,115,75493,2666,2340,20,2360,10
2020-12-05,Alameda,001,1643700,36417,32781,481,33262,465
2020-12-05,Alpine,003,1148,58,53,0,53,0
2020-12-05,Amador,005,37829,1197,847,6,853,17
2020-12-05,Butte,007,227075,5048,4455,326,4781,66
2020-12-05,Calaveras,009,45235,660,606,0,606,21
2020-12-05,Colusa,011,21464,945,825,20,845,6
2020-12-05,Contra Costa,013,1133247,28906,26217,228,26445,270
2020-12-05,Del Norte,015,27424,480,408,0,408,2
2020-12-05,El Dorado,017,186661,3846,3061,67,3128,8
2020-12-05,Fresno,019,978130,49200,40568,2117,42685,525
2020-12-05,Glenn,021,27897,1170,1056,91,1147,8
2020-12-05,Humboldt,023,135768,1187,979,4,983,9
2020-12-05,Imperial,025,180216,18479,16544,179,16723,362
2020-12-05,Inyo,027,18085,372,332,7,339,15
2020-12-05,Kern,029,883053,47837,43332,2199,45531,484
2020-12-05,Kings,031,150075,13126,11898,287,12185,90
2020-12-05,Lake,033,64148,1233,1069,0,1069,20
2020-12-05,Lassen,035,31185,2801,2168,11,2179,0
2020-12-05,Los Angeles,037,10098052,481248,433120,8820,441940,7888
2020-12-05,Madera,039,155013,7625,6619,217,6836,59
2020-12-05,Marin,041,260295,8302,7961,47,8008,136
2020-12-05,Mariposa,043,17540,170,143,2,145,2
2020-12-05,Mendocino,045,87422,1778,1585,14,1599,23
2020-12-05,Merced,047,269075,13875,12747,177,12924,180
2020-12-05,Modoc,049,8938,153,118,28,146,0
2020-12-05,Mono,051,14174,653,554,10,564,3
2020-12-05,Monterey,053,433212,18900,17077,377,17454,127
2020-12-05,Napa,055,140530,4093,3565,21,3586,21
2020-12-05,Nevada,057,99092,1977,1642,51,1693,10
2020-12-05,Orange,059,3164182,98815,85735,3084,88819,1612
2020-12-05,Placer,061,380077,9607,7811,243,8054,78
2020-12-05,Plumas,063,18699,306,246,1,247,0
2020-12-05,Riverside,065,2383286,115033,98612,3225,101837,1477
2020-12-05,Sacramento,067,1510023,46574,41878,216,42094,625
2020-12-05,San Benito,069,59416,2319,2073,15,2088,18
2020-12-05,San Bernardino,071,2135413,124590,105382,2603,107985,1283
2020-12-05,San Diego,073,3302833,100375,90470,4067,94537,1055
2020-12-05,San Francisco,075,870044,17886,16786,133,16919,161
2020-12-05,San Joaquin,077,732212,32013,28105,738,28843,523
2020-12-05,San Luis Obispo,079,281455,7570,6623,130,6753,44
2020-12-05,San Mateo,081,765935,17542,15512,20,15532,175
2020-12-05,Santa Barbara,083,443738,12927,12107,262,12369,141
2020-12-05,Santa Clara,085,1922200,45897,38339,131,38470,474
2020-12-05,Santa Cruz,087,273765,5905,4997,91,5088,40
2020-12-05,Shasta,089,179085,6553,5653,340,5993,49
2020-12-05,Sierra,091,2930,20,17,0,17,0
2020-12-05,Siskiyou,093,43540,792,649,59,708,2
2020-12-05,Solano,095,438530,12564,11351,103,11454,87
2020-12-05,Sonoma,097,501317,14424,13137,86,13223,164
2020-12-05,Stanislaus,099,539301,25802,23662,1836,25498,454
2020-12-05,Sutter,101,95872,4592,3937,19,3956,20
2020-12-05,Tehama,103,63373,2179,1926,109,2035,9
2020-12-05,Trinity,105,12862,327,177,39,216,0
2020-12-05,Tulare,107,460477,25030,22660,2120,24780,324
2020-12-05,Tuolumne,109,53932,1426,1180,7,1187,7
2020-12-05,Ventura,111,848112,25567,22710,803,23513,191
2020-12-05,Yolo,113,214977,6036,5351,21,5372,90
2020-12-05,Yuba,115,75493,2629,2275,20,2295,10
2020-12-04,Alameda,001,1643700,35871,31871,468,32339,465
2020-12-04,Alpine,003,1148,58,53,0,53,0
2020-12-04,Amador,005,37829,1183,766,3,769,16
2020-12-04,Butte,007,227075,4976,4336,305,4641,65
2020-12-04,Calaveras,009,45235,655,585,0,585,21
2020-12-04,Colusa,011,21464,931,790,18,808,6
2020-12-04,Contra Costa,013,1133247,28560,25705,216,25921,264
2020-12-04,Del Norte,015,27424,469,401,0,401,2
2020-12-04,El Dorado,017,186661,3758,2933,64,2997,7
2020-12-04,Fresno,019,978130,48491,40108,2049,42157,522
2020-12-04,Glenn,021,27897,1164,1017,83,1100,8
2020-12-04,Humboldt,023,135768,1169,960,4,964,9
2020-12-04,Imperial,025,180216,18237,16484,179,16663,362
2020-12-04,Inyo,027,18085,364,324,7,331,15
2020-12-04,Kern,029,883053,47286,42497,2096,44593,485
2020-12-04,Kings,031,150075,13033,11767,281,12048,88
2020-12-04,Lake,033,64148,1205,1018,0,1018,20
2020-12-04,Lassen,035,31185,2794,2167,10,2177,0
2020-12-04,Los Angeles,037,10098052,472628,424164,8524,432688,7845
2020-12-04,Madera,039,155013,7534,6479,214,6693,58
2020-12-04,Marin,041,260295,8251,7896,44,7940,136
2020-12-04,Mariposa,043,17540,170,136,2,138,2
2020-12-04,Mendocino,045,87422,1759,1563,13,1576,23
2020-12-04,Merced,047,269075,13760,12474,169,12643,177
2020-12-04,Modoc,049,8938,153,115,28,143,0
2020-12-04,Mono,051,14174,648,549,10,559,3
2020-12-04,Monterey,053,433212,18688,16737,368,17105,127
2020-12-04,Napa,055,140530,4039,3432,21,3453,19
2020-12-04,Nevada,057,99092,1952,1560,48,1608,10
2020-12-04,Orange,059,3164182,96893,83738,3019,86757,1597
2020-12-04,Placer,061,380077,9483,7461,229,7690,76
2020-12-04,Plumas,063,18699,299,232,0,232,0
2020-12-04,Riverside,065,2383286,112834,95255,3068,98323,1475
2020-12-04,Sacramento,067,1510023,45810,41061,199,41260,618
2020-12-04,San Benito,069,59416,2286,2006,15,2021,17
2020-12-04,San Bernardino,071,2135413,122317,102418,2495,104913,1290
2020-12-04,San Diego,073,3302833,98891,88183,3980,92163,1047
2020-12-04,San Francisco,075,870044,17695,16499,133,16632,161
2020-12-04,San Joaquin,077,732212,31576,27806,701,28507,522
2020-12-04,San Luis Obispo,079,281455,7485,6473,127,6600,42
2020-12-04,San Mateo,081,765935,17254,15112,19,15131,173
2020-12-04,Santa Barbara,083,443738,12821,11947,255,12202,141
2020-12-04,Santa Clara,085,1922200,44974,37465,125,37590,468
2020-12-04,Santa Cruz,087,273765,5818,4985,89,5074,32
2020-12-04,Shasta,089,179085,6465,5439,330,5769,49
2020-12-04,Sierra,091,2930,19,17,0,17,0
2020-12-04,Siskiyou,093,43540,785,639,56,695,2
2020-12-04,Solano,095,438530,12418,11037,100,11137,87
2020-12-04,Sonoma,097,501317,14276,12962,85,13047,164
2020-12-04,Stanislaus,099,539301,25532,23206,1791,24997,448
2020-12-04,Sutter,101,95872,4520,3791,14,3805,20
2020-12-04,Tehama,103,63373,2139,1876,104,1980,9
2020-12-04,Trinity,105,12862,325,172,39,211,0
2020-12-04,Tulare,107,460477,24747,22273,2048,24321,322
2020-12-04,Tuolumne,109,53932,1395,1134,7,1141,7
2020-12-04,Ventura,111,848112,25190,22024,786,22810,189
2020-12-04,Yolo,113,214977,5962,5294,20,5314,87
2020-12-04,Yuba,115,75493,2586,2225,19,2244,10
2020-12-03,Alameda,001,1643700,35106,31184,449,31633,465
2020-12-03,Alpine,003,1148,57,53,0,53,0
2020-12-03,Amador,005,37829,1132,653,3,656,16
2020-12-03,Butte,007,227075,4880,4305,286,4591,65
2020-12-03,Calaveras,009,45235,636,572,0,572,21
2020-12-03,Colusa,011,21464,918,774,17,791,6
2020-12-03,Contra Costa,013,1133247,28059,25464,209,25673,265
2020-12-03,Del Norte,015,27424,465,388,0,388,2
2020-12-03,El Dorado,017,186661,3632,2740,62,2802,6
2020-12-03,Fresno,019,978130,47738,39680,1977,41657,516
2020-12-03,Glenn,021,27897,1146,997,75,1072,8
2020-12-03,Humboldt,023,135768,1139,923,4,927,9
2020-12-03,Imperial,025,180216,18032,16436,167,16603,359
2020-12-03,Inyo,027,18085,361,321,7,328,15
2020-12-03,Kern,029,883053,46440,42062,1995,44057,483
2020-12-03,Kings,031,150075,12933,11658,269,11927,87
2020-12-03,Lake,033,64148,1190,991,0,991,20
2020-12-03,Lassen,035,31185,2754,2128,9,2137,0
2020-12-03,Los Angeles,037,10098052,462534,415805,8162,423967,7787
2020-12-03,Madera,039,155013,7411,6398,209,6607,58
2020-12-03,Marin,041,260295,8191,7861,40,7901,136
2020-12-03,Mariposa,043,17540,166,132,2,134,2
2020-12-03,Mendocino,045,87422,1742,1547,10,1557,23
2020-12-03,Merced,047,269075,13515,12310,161,12471,177
2020-12-03,Modoc,049,8938,151,114,28,142,0
2020-12-03,Mono,051,14174,626,527,10,537,3
2020-12-03,Monterey,053,433212,18226,16218,357,16575,125
2020-12-03,Napa,055,140530,3925,3360,21,3381,19
2020-12-03,Nevada,057,99092,1874,1472,47,1519,10
2020-12-03,Orange,059,3164182,94359,82187,2949,85136,1591
2020-12-03,Placer,061,380077,9281,7270,213,7483,73
2020-12-03,Plumas,063,18699,284,223,0,223,0
2020-12-03,Riverside,065,2383286,110070,92489,2906,95395,1461
2020-12-03,Sacramento,067,1510023,44751,40280,186,40466,614
2020-12-03,San Benito,069,59416,2240,1967,15,1982,16
2020-12-03,San Bernardino,071,2135413,118991,100787,2411,103198,1283
2020-12-03,San Diego,073,3302833,97076,86144,3862,90006,1040
2020-12-03,San Francisco,075,870044,17473,16236,132,16368,161
2020-12-03,San Joaquin,077,732212,30853,27239,656,27895,522
2020-12-03,San Luis Obispo,079,281455,7317,6388,126,6514,42
2020-12-03,San Mateo,081,765935,16901,14909,19,14928,173
2020-12-03,Santa Barbara,083,443738,12692,11829,249,12078,141
2020-12-03,Santa Clara,085,1922200,43779,36621,119,36740,465
2020-12-03,Santa Cruz,087,273765,5675,4850,85,4935,28
2020-12-03,Shasta,089,179085,6356,5330,323,5653,48
2020-12-03,Sierra,091,2930,19,17,0,17,0
2020-12-03,Siskiyou,093,43540,770,629,53,682,2
2020-12-03,Solano,095,438530,12204,10857,97,10954,87
2020-12-03,Sonoma,097,501317,14033,12772,84,12856,164
2020-12-03,Stanislaus,099,539301,25123,22821,1743,24564,447
2020-12-03,Sutter,101,95872,4436,3727,14,3741,20
2020-12-03,Tehama,103,63373,2085,1832,97,1929,9
2020-12-03,Trinity,105,12862,322,166,39,205,0
2020-12-03,Tulare,107,460477,24348,21993,1955,23948,321
2020-12-03,Tuolumne,109,53932,1353,1105,7,1112,7
2020-12-03,Ventura,111,848112,24487,21555,773,22328,187
2020-12-03,Yolo,113,214977,5824,5069,20,5089,87
2020-12-03,Yuba,115,75493,2516,2182,18,2200,10
2020-12-02,Alameda,001,1643700,34480,30697,440,31137,463
2020-12-02,Alpine,003,1148,56,52,0,52,0
2020-12-02,Amador,005,37829,1060,585,3,588,16
2020-12-02,Butte,007,227075,4757,4243,276,4519,65
2020-12-02,Calaveras,009,45235,620,553,0,553,21
2020-12-02,Colusa,011,21464,902,756,16,772,6
2020-12-02,Contra Costa,013,1133247,27601,25147,197,25344,264
2020-12-02,Del Norte,015,27424,451,384,0,384,2
2020-12-02,El Dorado,017,186661,3530,2638,57,2695,5
2020-12-02,Fresno,019,978130,46982,39324,1877,41201,507
2020-12-02,Glenn,021,27897,1129,995,67,1062,7
2020-12-02,Humboldt,023,135768,1113,899,4,903,9
2020-12-02,Imperial,025,180216,17607,16360,160,16520,356
2020-12-02,Inyo,027,18085,354,314,7,321,15
2020-12-02,Kern,029,883053,45543,41660,1898,43558,479
2020-12-02,Kings,031,150075,12580,11531,255,11786,86
2020-12-02,Lake,033,64148,1159,971,0,971,20
2020-12-02,Lassen,035,31185,2695,2115,9,2124,0
2020-12-02,Los Angeles,037,10098052,452484,408289,7826,416115,7739
2020-12-02,Madera,039,155013,7287,6370,203,6573,57
2020-12-02,Marin,041,260295,8144,7819,38,7857,136
2020-12-02,Mariposa,043,17540,163,131,2,133,2
2020-12-02,Mendocino,045,87422,1709,1524,10,1534,23
2020-12-02,Merced,047,269075,13272,12168,153,12321,173
2020-12-02,Modoc,049,8938,148,113,28,141,0
2020-12-02,Mono,051,14174,617,520,10,530,3
2020-12-02,Monterey,053,433212,17746,16064,318,16382,121
2020-12-02,Napa,055,140530,3822,3298,20,3318,19
2020-12-02,Nevada,057,99092,1812,1430,46,1476,9
2020-12-02,Orange,059,3164182,92161,81046,2869,83915,1569
2020-12-02,Placer,061,380077,9049,6941,199,7140,73
2020-12-02,Plumas,063,18699,271,218,0,218,0
2020-12-02,Riverside,065,2383286,107351,90089,2726,92815,1451
2020-12-02,Sacramento,067,1510023,43711,39334,175,39509,597
2020-12-02,San Benito,069,59416,2175,1921,15,1936,16
2020-12-02,San Bernardino,071,2135413,115420,98567,2303,100870,1240
2020-12-02,San Diego,073,3302833,95160,84640,3747,88387,1035
2020-12-02,San Francisco,075,870044,17237,16058,130,16188,157
2020-12-02,San Joaquin,077,732212,30232,26740,632,27372,519
2020-12-02,San Luis Obispo,079,281455,7218,6324,124,6448,42
2020-12-02,San Mateo,081,765935,16538,14757,18,14775,170
2020-12-02,Santa Barbara,083,443738,12541,11705,237,11942,140
2020-12-02,Santa Clara,085,1922200,42664,35878,119,35997,458
2020-12-02,Santa Cruz,087,273765,5543,4766,82,4848,27
2020-12-02,Shasta,089,179085,6233,5188,306,5494,47
2020-12-02,Sierra,091,2930,19,17,0,17,0
2020-12-02,Siskiyou,093,43540,754,624,51,675,1
2020-12-02,Solano,095,438530,11958,10701,93,10794,87
2020-12-02,Sonoma,097,501317,13794,12635,83,12718,163
2020-12-02,Stanislaus,099,539301,24622,22615,1688,24303,448
2020-12-02,Sutter,101,95872,4277,3604,14,3618,18
2020-12-02,Tehama,103,63373,2041,1800,82,1882,9
2020-12-02,Trinity,105,12862,312,165,38,203,0
2020-12-02,Tulare,107,460477,23968,21789,1876,23665,321
2020-12-02,Tuolumne,109,53932,1312,1076,7,1083,7
2020-12-02,Ventura,111,848112,24076,21208,755,21963,186
2020-12-02,Yolo,113,214977,5713,5053,19,5072,87
2020-12-02,Yuba,115,75493,2439,2119,17,2136,10
2020-12-01,Alameda,001,1643700,33789,30252,428,30680,460
2020-12-01,Alpine,003,1148,56,41,0,41,0
2020-12-01,Amador,005,37829,913,575,2,577,16
2020-12-01,Butte,007,227075,4651,4177,262,4439,65
2020-12-01,Calaveras,009,45235,602,544,0,544,21
2020-12-01,Colusa,011,21464,885,747,16,763,6
2020-12-01,Contra Costa,013,1133247,27030,24788,189,24977,264
2020-12-01,Del Norte,015,27424,423,357,0,357,2
2020-12-01,El Dorado,017,186661,3385,2542,52,2594,4
2020-12-01,Fresno,019,978130,46080,39004,1799,40803,505
2020-12-01,Glenn,021,27897,1108,989,62,1051,7
2020-12-01,Humboldt,023,135768,1083,886,4,890,9
2020-12-01,Imperial,025,180216,17290,16278,157,16435,356
2020-12-01,Inyo,027,18085,347,304,7,311,15
2020-12-01,Kern,029,883053,44740,41345,1767,43112,478
2020-12-01,Kings,031,150075,12265,11415,241,11656,86
2020-12-01,Lake,033,64148,1141,969,0,969,19
2020-12-01,Lassen,035,31185,2529,2047,8,2055,0
2020-12-01,Los Angeles,037,10098052,442113,403266,7507,410773,7704
2020-12-01,Madera,039,155013,7170,6270,193,6463,57
2020-12-01,Marin,041,260295,8074,7787,37,7824,136
2020-12-01,Mariposa,043,17540,158,128,2,130,2
2020-12-01,Mendocino,045,87422,1675,1497,10,1507,23
2020-12-01,Merced,047,269075,13029,12032,144,12176,172
2020-12-01,Modoc,049,8938,143,113,24,137,0
2020-12-01,Mono,051,14174,604,520,10,530,3
2020-12-01,Monterey,053,433212,17239,15835,307,16142,121
2020-12-01,Napa,055,140530,3738,3124,19,3143,19
2020-12-01,Nevada,057,99092,1750,1411,45,1456,9
2020-12-01,Orange,059,3164182,90062,79468,2781,82249,1567
2020-12-01,Placer,061,380077,8725,6794,192,6986,72
2020-12-01,Plumas,063,18699,259,201,0,201,0
2020-12-01,Riverside,065,2383286,104542,88530,2564,91094,1448
2020-12-01,Sacramento,067,1510023,42662,38966,171,39137,589
2020-12-01,San Benito,069,59416,2120,1888,15,1903,15
2020-12-01,San Bernardino,071,2135413,111947,95854,2179,98033,1220
2020-12-01,San Diego,073,3302833,92903,83423,3637,87060,1019
2020-12-01,San Francisco,075,870044,16954,15797,126,15923,157
2020-12-01,San Joaquin,077,732212,29431,26432,610,27042,514
2020-12-01,San Luis Obispo,079,281455,7076,6264,119,6383,40
2020-12-01,San Mateo,081,765935,16213,14495,18,14513,170
2020-12-01,Santa Barbara,083,443738,12402,11611,227,11838,140
2020-12-01,Santa Clara,085,1922200,41409,35397,113,35510,452
2020-12-01,Santa Cruz,087,273765,5385,4638,74,4712,27
2020-12-01,Shasta,089,179085,6108,5077,286,5363,47
2020-12-01,Sierra,091,2930,19,17,0,17,0
2020-12-01,Siskiyou,093,43540,740,608,47,655,1
2020-12-01,Solano,095,438530,11698,10604,88,10692,87
2020-12-01,Sonoma,097,501317,13589,12491,80,12571,163
2020-12-01,Stanislaus,099,539301,24165,22351,1631,23982,447
2020-12-01,Sutter,101,95872,4135,3538,14,3552,17
2020-12-01,Tehama,103,63373,1975,1773,72,1845,9
2020-12-01,Trinity,105,12862,298,165,32,197,0
2020-12-01,Tulare,107,460477,23513,21645,1807,23452,319
2020-12-01,Tuolumne,109,53932,1276,1052,5,1057,7
2020-12-01,Ventura,111,848112,23463,20604,733,21337,186
2020-12-01,Yolo,113,214977,5573,4928,19,4947,86
2020-12-01,Yuba,115,75493,2373,2088,16,2104,10
2020-11-30,Alameda,001,1643700,32971,29972,411,30383,457
2020-11-30,Alpine,003,1148,54,41,0,41,0
2020-11-30,Amador,005,37829,872,559,2,561,16
2020-11-30,Butte,007,227075,4533,4148,246,4394,65
2020-11-30,Calaveras,009,45235,580,478,0,478,21
2020-11-30,Colusa,011,21464,858,737,12,749,6
2020-11-30,Contra Costa,013,1133247,26448,24365,185,24550,264
2020-11-30,Del Norte,015,27424,400,339,0,339,2
2020-11-30,El Dorado,017,186661,3211,2488,46,2534,4
2020-11-30,Fresno,019,978130,44969,38712,1685,40397,500
2020-11-30,Glenn,021,27897,1085,954,57,1011,5
2020-11-30,Humboldt,023,135768,1036,870,4,874,9
2020-11-30,Imperial,025,180216,17035,16212,136,16348,356
2020-11-30,Inyo,027,18085,342,304,6,310,15
2020-11-30,Kern,029,883053,43978,40941,1631,42572,473
2020-11-30,Kings,031,150075,12117,11346,226,11572,85
2020-11-30,Lake,033,64148,1109,939,0,939,18
2020-11-30,Lassen,035,31185,2437,1793,8,1801,0
2020-11-30,Los Angeles,037,10098052,431445,396202,7177,403379,7658
2020-11-30,Madera,039,155013,7004,6210,179,6389,57
2020-11-30,Marin,041,260295,8031,7764,36,7800,136
2020-11-30,Mariposa,043,17540,151,123,2,125,2
2020-11-30,Mendocino,045,87422,1647,1482,10,1492,23
2020-11-30,Merced,047,269075,12754,11913,133,12046,172
2020-11-30,Modoc,049,8938,133,113,24,137,0
2020-11-30,Mono,051,14174,582,519,10,529,3
2020-11-30,Monterey,053,433212,16809,15837,299,16136,119
2020-11-30,Napa,055,140530,3638,3091,19,3110,18
2020-11-30,Nevada,057,99092,1664,1347,42,1389,9
2020-11-30,Orange,059,3164182,87952,78711,2684,81395,1568
2020-11-30,Placer,061,380077,8429,6575,179,6754,72
2020-11-30,Plumas,063,18699,248,192,0,192,0
2020-11-30,Riverside,065,2383286,101548,87722,2417,90139,1446
2020-11-30,Sacramento,067,1510023,41582,37834,162,37996,586
2020-11-30,San Benito,069,59416,2073,1875,14,1889,15
2020-11-30,San Bernardino,071,2135413,108213,92704,2067,94771,1220
2020-11-30,San Diego,073,3302833,90540,82045,3510,85555,997
2020-11-30,San Francisco,075,870044,16654,15638,123,15761,157
2020-11-30,San Joaquin,077,732212,28723,25742,584,26326,509
2020-11-30,San Luis Obispo,079,281455,6942,6224,117,6341,36
2020-11-30,San Mateo,081,765935,15854,14276,18,14294,170
2020-11-30,Santa Barbara,083,443738,12224,11572,219,11791,140
2020-11-30,Santa Clara,085,1922200,40202,35019,112,35131,451
2020-11-30,Santa Cruz,087,273765,5247,4558,70,4628,26
2020-11-30,Shasta,089,179085,5963,4933,257,5190,44
2020-11-30,Sierra,091,2930,19,16,0,16,0
2020-11-30,Siskiyou,093,43540,731,605,43,648,1
2020-11-30,Solano,095,438530,11436,10392,83,10475,87
2020-11-30,Sonoma,097,501317,13344,12232,76,12308,163
2020-11-30,Stanislaus,099,539301,23703,22110,1587,23697,446
2020-11-30,Sutter,101,95872,3978,3430,13,3443,16
2020-11-30,Tehama,103,63373,1926,1724,65,1789,9
2020-11-30,Trinity,105,12862,292,162,32,194,0
2020-11-30,Tulare,107,460477,23127,20833,1713,22546,319
2020-11-30,Tuolumne,109,53932,1232,1027,5,1032,7
2020-11-30,Ventura,111,848112,22707,20308,717,21025,180
2020-11-30,Yolo,113,214977,5462,4894,19,4913,81
2020-11-30,Yuba,115,75493,2312,2028,14,2042,10
2020-11-29,Alameda,001,1643700,32186,29918,387,30305,457
2020-11-29,Alpine,003,1148,51,41,0,41,0
2020-11-29,Amador,005,37829,721,548,2,550,16
2020-11-29,Butte,007,227075,4431,4008,229,4237,65
2020-11-29,Calaveras,009,45235,548,478,0,478,21
2020-11-29,Colusa,011,21464,829,723,8,731,6
2020-11-29,Contra Costa,013,1133247,25946,24165,179,24344,264
2020-11-29,Del Norte,015,27424,394,339,0,339,2
2020-11-29,El Dorado,017,186661,3080,2447,45,2492,4
2020-11-29,Fresno,019,978130,44017,38568,1613,40181,500
2020-11-29,Glenn,021,27897,1062,951,55,1006,4
2020-11-29,Humboldt,023,135768,1007,856,4,860,9
2020-11-29,Imperial,025,180216,16806,16138,109,16247,356
2020-11-29,Inyo,027,18085,327,289,6,295,15
2020-11-29,Kern,029,883053,43214,40596,1483,42079,473
2020-11-29,Kings,031,150075,11966,11247,208,11455,85
2020-11-29,Lake,033,64148,1085,927,0,927,18
2020-11-29,Lassen,035,31185,2334,1793,8,1801,0
2020-11-29,Los Angeles,037,10098052,421041,391162,6879,398041,7642
2020-11-29,Madera,039,155013,6861,6184,173,6357,57
2020-11-29,Marin,041,260295,7965,7739,33,7772,135
2020-11-29,Mariposa,043,17540,147,123,2,125,2
2020-11-29,Mendocino,045,87422,1613,1473,10,1483,23
2020-11-29,Merced,047,269075,12515,11773,124,11897,172
2020-11-29,Modoc,049,8938,129,105,22,127,0
2020-11-29,Mono,051,14174,559,515,9,524,3
2020-11-29,Monterey,053,433212,16496,15621,292,15913,119
2020-11-29,Napa,055,140530,3533,3090,18,3108,18
2020-11-29,Nevada,057,99092,1584,1311,40,1351,9
2020-11-29,Orange,059,3164182,85932,78057,2637,80694,1567
2020-11-29,Placer,061,380077,8131,6535,167,6702,72
2020-11-29,Plumas,063,18699,243,191,0,191,0
2020-11-29,Riverside,065,2383286,99154,87383,2263,89646,1442
2020-11-29,Sacramento,067,1510023,40505,37415,153,37568,585
2020-11-29,San Benito,069,59416,2029,1860,14,1874,15
2020-11-29,San Bernardino,071,2135413,104860,92052,1951,94003,1223
2020-11-29,San Diego,073,3302833,88129,81086,3357,84443,997
2020-11-29,San Francisco,075,870044,16373,15571,116,15687,153
2020-11-29,San Joaquin,077,732212,27980,25740,578,26318,509
2020-11-29,San Luis Obispo,079,281455,6819,6145,117,6262,36
2020-11-29,San Mateo,081,765935,15522,14177,18,14195,169
2020-11-29,Santa Barbara,083,443738,12069,11520,215,11735,140
2020-11-29,Santa Clara,085,1922200,38997,34234,106,34340,451
2020-11-29,Santa Cruz,087,273765,5088,4490,68,4558,26
2020-11-29,Shasta,089,179085,5791,4935,229,5164,43
2020-11-29,Sierra,091,2930,19,16,0,16,0
2020-11-29,Siskiyou,093,43540,708,590,41,631,1
2020-11-29,Solano,095,438530,11204,10393,79,10472,87
2020-11-29,Sonoma,097,501317,13092,12052,72,12124,163
2020-11-29,Stanislaus,099,539301,23207,21701,1553,23254,446
2020-11-29,Sutter,101,95872,3863,3297,13,3310,16
2020-11-29,Tehama,103,63373,1875,1710,51,1761,9
2020-11-29,Trinity,105,12862,289,159,30,189,0
2020-11-29,Tulare,107,460477,22758,20793,1636,22429,319
2020-11-29,Tuolumne,109,53932,1195,988,5,993,7
2020-11-29,Ventura,111,848112,22023,19952,704,20656,179
2020-11-29,Yolo,113,214977,5324,4830,18,4848,80
2020-11-29,Yuba,115,75493,2256,1959,14,1973,10
2020-11-28,Alameda,001,1643700,31877,29368,382,29750,456
2020-11-28,Alpine,003,1148,51,41,0,41,0
2020-11-28,Amador,005,37829,644,536,2,538,16
2020-11-28,Butte,007,227075,4373,3894,225,4119,65
2020-11-28,Calaveras,009,45235,544,478,0,478,21
2020-11-28,Colusa,011,21464,820,711,6,717,6
2020-11-28,Contra Costa,013,1133247,25613,23798,175,23973,264
2020-11-28,Del Norte,015,27424,384,328,0,328,2
2020-11-28,El Dorado,017,186661,3012,2415,39,2454,4
2020-11-28,Fresno,019,978130,43670,38288,1573,39861,500
2020-11-28,Glenn,021,27897,1051,925,51,976,4
2020-11-28,Humboldt,023,135768,972,844,4,848,9
2020-11-28,Imperial,025,180216,16741,16019,107,16126,356
2020-11-28,Inyo,027,18085,319,289,6,295,15
2020-11-28,Kern,029,883053,42851,40255,1394,41649,473
2020-11-28,Kings,031,150075,11901,11070,201,11271,85
2020-11-28,Lake,033,64148,1070,920,0,920,18
2020-11-28,Lassen,035,31185,2267,1714,8,1722,0
2020-11-28,Los Angeles,037,10098052,416126,386194,6721,392915,7625
2020-11-28,Madera,039,155013,6759,6119,166,6285,57
2020-11-28,Marin,041,260295,7935,7696,29,7725,135
2020-11-28,Mariposa,043,17540,144,120,2,122,2
2020-11-28,Mendocino,045,87422,1582,1458,10,1468,22
2020-11-28,Merced,047,269075,12417,11688,118,11806,172
2020-11-28,Modoc,049,8938,126,103,22,125,0
2020-11-28,Mono,051,14174,553,505,9,514,3
2020-11-28,Monterey,053,433212,16330,15328,288,15616,118
2020-11-28,Napa,055,140530,3481,3033,18,3051,18
2020-11-28,Nevada,057,99092,1555,1272,38,1310,9
2020-11-28,Orange,059,3164182,84835,76882,2590,79472,1568
2020-11-28,Placer,061,380077,7970,6497,164,6661,70
2020-11-28,Plumas,063,18699,236,188,0,188,0
2020-11-28,Riverside,065,2383286,97744,86854,2160,89014,1440
2020-11-28,Sacramento,067,1510023,39927,36905,149,37054,580
2020-11-28,San Benito,069,59416,1982,1835,14,1849,15
2020-11-28,San Bernardino,071,2135413,103457,91183,1848,93031,1224
2020-11-28,San Diego,073,3302833,86875,80020,3273,83293,997
2020-11-28,San Francisco,075,870044,16197,15450,108,15558,153
2020-11-28,San Joaquin,077,732212,27780,25742,563,26305,509
2020-11-28,San Luis Obispo,079,281455,6749,6106,113,6219,36
2020-11-28,San Mateo,081,765935,15331,14040,18,14058,169
2020-11-28,Santa Barbara,083,443738,11967,11481,210,11691,140
2020-11-28,Santa Clara,085,1922200,38254,33701,104,33805,449
2020-11-28,Santa Cruz,087,273765,5011,4426,68,4494,26
2020-11-28,Shasta,089,179085,5714,4882,222,5104,43
2020-11-28,Sierra,091,2930,19,16,0,16,0
2020-11-28,Siskiyou,093,43540,698,558,38,596,1
2020-11-28,Solano,095,438530,11085,10252,77,10329,87
2020-11-28,Sonoma,097,501317,12988,12008,63,12071,162
2020-11-28,Stanislaus,099,539301,22968,21574,1518,23092,446
2020-11-28,Sutter,101,95872,3779,3244,13,3257,15
2020-11-28,Tehama,103,63373,1856,1678,46,1724,9
2020-11-28,Trinity,105,12862,286,157,28,185,0
2020-11-28,Tulare,107,460477,22561,20701,1594,22295,319
2020-11-28,Tuolumne,109,53932,1173,976,5,981,7
2020-11-28,Ventura,111,848112,21725,19510,694,20204,179
2020-11-28,Yolo,113,214977,5250,4739,16,4755,80
2020-11-28,Yuba,115,75493,2203,1912,14,1926,10
2020-11-27,Alameda,001,1643700,31438,29064,371,29435,450
2020-11-27,Alpine,003,1148,51,41,0,41,0
2020-11-27,Amador,005,37829,597,498,1,499,16
2020-11-27,Butte,007,227075,4332,3894,219,4113,65
2020-11-27,Calaveras,009,45235,535,478,0,478,21
2020-11-27,Colusa,011,21464,803,694,4,698,6
2020-11-27,Contra Costa,013,1133247,25353,23463,169,23632,264
2020-11-27,Del Norte,015,27424,378,307,0,307,2
2020-11-27,El Dorado,017,186661,2941,2238,36,2274,4
2020-11-27,Fresno,019,978130,43264,37994,1515,39509,500
2020-11-27,Glenn,021,27897,1038,891,46,937,4
2020-11-27,Humboldt,023,135768,953,795,3,798,9
2020-11-27,Imperial,025,180216,16673,15960,98,16058,356
2020-11-27,Inyo,027,18085,313,289,6,295,15
2020-11-27,Kern,029,883053,42427,39707,1324,41031,473
2020-11-27,Kings,031,150075,11815,10667,183,10850,85
2020-11-27,Lake,033,64148,1034,909,0,909,18
2020-11-27,Lassen,035,31185,2255,1714,8,1722,0
2020-11-27,Los Angeles,037,10098052,409619,382740,6566,389306,7606
2020-11-27,Madera,039,155013,6687,6050,160,6210,57
2020-11-27,Marin,041,260295,7892,7660,29,7689,135
2020-11-27,Mariposa,043,17540,142,118,2,120,2
2020-11-27,Mendocino,045,87422,1568,1387,9,1396,22
2020-11-27,Merced,047,269075,12311,11550,111,11661,172
2020-11-27,Modoc,049,8938,125,100,22,122,0
2020-11-27,Mono,051,14174,549,498,9,507,3
2020-11-27,Monterey,053,433212,16162,14753,288,15041,113
2020-11-27,Napa,055,140530,3441,2988,18,3006,18
2020-11-27,Nevada,057,99092,1525,1184,36,1220,9
2020-11-27,Orange,059,3164182,83546,75151,2551,77702,1568
2020-11-27,Placer,061,380077,7809,6283,154,6437,68
2020-11-27,Plumas,063,18699,233,188,0,188,0
2020-11-27,Riverside,065,2383286,96133,85769,2007,87776,1440
2020-11-27,Sacramento,067,1510023,39305,36579,145,36724,579
2020-11-27,San Benito,069,59416,1948,1805,13,1818,15
2020-11-27,San Bernardino,071,2135413,101945,90254,1766,92020,1224
2020-11-27,San Diego,073,3302833,85681,78161,3184,81345,996
2020-11-27,San Francisco,075,870044,16041,15377,106,15483,153
2020-11-27,San Joaquin,077,732212,27559,25741,543,26284,509
2020-11-27,San Luis Obispo,079,281455,6666,6039,110,6149,36
2020-11-27,San Mateo,081,765935,15128,13872,17,13889,169
2020-11-27,Santa Barbara,083,443738,11874,11340,207,11547,140
2020-11-27,Santa Clara,085,1922200,37578,32935,97,33032,449
2020-11-27,Santa Cruz,087,273765,4940,4358,66,4424,26
2020-11-27,Shasta,089,179085,5637,4710,209,4919,43
2020-11-27,Sierra,091,2930,18,16,0,16,0
2020-11-27,Siskiyou,093,43540,683,554,35,589,1
2020-11-27,Solano,095,438530,10966,10044,74,10118,87
2020-11-27,Sonoma,097,501317,12855,11924,61,11985,162
2020-11-27,Stanislaus,099,539301,22740,21185,1488,22673,446
2020-11-27,Sutter,101,95872,3712,3101,13,3114,15
2020-11-27,Tehama,103,63373,1828,1649,42,1691,9
2020-11-27,Trinity,105,12862,282,151,28,179,0
2020-11-27,Tulare,107,460477,22373,20634,1537,22171,319
2020-11-27,Tuolumne,109,53932,1141,881,5,886,7
2020-11-27,Ventura,111,848112,21401,19379,672,20051,179
2020-11-27,Yolo,113,214977,5201,4737,16,4753,79
2020-11-27,Yuba,115,75493,2174,1864,13,1877,10
2020-11-26,Alameda,001,1643700,31027,28797,353,29150,447
2020-11-26,Alpine,003,1148,51,41,0,41,0
2020-11-26,Amador,005,37829,589,488,1,489,16
2020-11-26,Butte,007,227075,4269,3894,213,4107,65
2020-11-26,Calaveras,009,45235,507,478,0,478,21
2020-11-26,Colusa,011,21464,789,694,4,698,6
2020-11-26,Contra Costa,013,1133247,25019,23468,163,23631,264
2020-11-26,Del Norte,015,27424,367,307,0,307,2
2020-11-26,El Dorado,017,186661,2860,2217,34,2251,4
2020-11-26,Fresno,019,978130,42858,37724,1470,39194,500
2020-11-26,Glenn,021,27897,1022,892,44,936,4
2020-11-26,Humboldt,023,135768,930,795,2,797,9
2020-11-26,Imperial,025,180216,16563,15722,94,15816,355
2020-11-26,Inyo,027,18085,312,289,6,295,15
2020-11-26,Kern,029,883053,41977,39123,1262,40385,471
2020-11-26,Kings,031,150075,11760,10475,171,10646,85
2020-11-26,Lake,033,64148,1021,890,0,890,18
2020-11-26,Lassen,035,31185,2240,1714,8,1722,0
2020-11-26,Los Angeles,037,10098052,404464,378340,6330,384670,7581
2020-11-26,Madera,039,155013,6612,6003,154,6157,57
2020-11-26,Marin,041,260295,7855,7610,29,7639,135
2020-11-26,Mariposa,043,17540,137,116,2,118,2
2020-11-26,Mendocino,045,87422,1554,1387,7,1394,22
2020-11-26,Merced,047,269075,12164,11440,109,11549,172
2020-11-26,Modoc,049,8938,123,100,22,122,0
2020-11-26,Mono,051,14174,541,485,9,494,2
2020-11-26,Monterey,053,433212,15926,14750,280,15030,113
2020-11-26,Napa,055,140530,3377,2988,18,3006,18
2020-11-26,Nevada,057,99092,1480,1184,36,1220,9
2020-11-26,Orange,059,3164182,82158,74264,2489,76753,1563
2020-11-26,Placer,061,380077,7647,6278,145,6423,68
2020-11-26,Plumas,063,18699,225,188,0,188,0
2020-11-26,Riverside,065,2383286,94529,85774,1883,87657,1440
2020-11-26,Sacramento,067,1510023,38663,35854,137,35991,580
2020-11-26,San Benito,069,59416,1921,1769,13,1782,15
2020-11-26,San Bernardino,071,2135413,100290,89727,1674,91401,1223
2020-11-26,San Diego,073,3302833,84071,76359,3080,79439,996
2020-11-26,San Francisco,075,870044,15904,15156,103,15259,153
2020-11-26,San Joaquin,077,732212,27303,25738,531,26269,509
2020-11-26,San Luis Obispo,079,281455,6573,5964,107,6071,36
2020-11-26,San Mateo,081,765935,14939,13715,16,13731,169
2020-11-26,Santa Barbara,083,443738,11793,11277,206,11483,139
2020-11-26,Santa Clara,085,1922200,36935,32411,89,32500,446
2020-11-26,Santa Cruz,087,273765,4809,4269,60,4329,26
2020-11-26,Shasta,089,179085,5554,4712,198,4910,43
2020-11-26,Sierra,091,2930,18,15,0,15,0
2020-11-26,Siskiyou,093,43540,673,526,34,560,1
2020-11-26,Solano,095,438530,10823,9941,72,10013,87
2020-11-26,Sonoma,097,501317,12707,11922,59,11981,162
2020-11-26,Stanislaus,099,539301,22507,21186,1447,22633,445
2020-11-26,Sutter,101,95872,3618,3101,12,3113,15
2020-11-26,Tehama,103,63373,1785,1612,39,1651,9
2020-11-26,Trinity,105,12862,278,139,28,167,0
2020-11-26,Tulare,107,460477,22134,20649,1473,22122,319
2020-11-26,Tuolumne,109,53932,1113,871,5,876,7
2020-11-26,Ventura,111,848112,20905,19058,658,19716,179
2020-11-26,Yolo,113,214977,5114,4566,16,4582,76
2020-11-26,Yuba,115,75493,2114,1865,11,1876,10
2020-11-25,Alameda,001,1643700,30812,28378,345,28723,447
2020-11-25,Alpine,003,1148,51,41,0,41,0
2020-11-25,Amador,005,37829,579,484,1,485,16
2020-11-25,Butte,007,227075,4238,3848,210,4058,64
2020-11-25,Calaveras,009,45235,504,475,0,475,21
2020-11-25,Colusa,011,21464,772,693,4,697,6
2020-11-25,Contra Costa,013,1133247,24864,23307,162,23469,263
2020-11-25,Del Norte,015,27424,366,304,0,304,2
2020-11-25,El Dorado,017,186661,2824,2154,34,2188,4
2020-11-25,Fresno,019,978130,42625,37349,1448,38797,494
2020-11-25,Glenn,021,27897,1005,891,42,933,4
2020-11-25,Humboldt,023,135768,922,777,2,779,9
2020-11-25,Imperial,025,180216,16493,15640,92,15732,355
2020-11-25,Inyo,027,18085,310,289,6,295,15
2020-11-25,Kern,029,883053,41821,38878,1243,40121,467
2020-11-25,Kings,031,150075,11725,10417,167,10584,85
2020-11-25,Lake,033,64148,1004,878,0,878,18
2020-11-25,Lassen,035,31185,2197,1701,8,1709,0
2020-11-25,Los Angeles,037,10098052,401434,373919,6227,380146,7545
2020-11-25,Madera,039,155013,6590,5989,151,6140,57
2020-11-25,Marin,041,260295,7828,7601,28,7629,135
2020-11-25,Mariposa,043,17540,136,114,2,116,2
2020-11-25,Mendocino,045,87422,1535,1373,7,1380,22
2020-11-25,Merced,047,269075,12106,11346,109,11455,172
2020-11-25,Modoc,049,8938,123,96,22,118,0
2020-11-25,Mono,051,14174,536,487,9,496,2
2020-11-25,Monterey,053,433212,15809,14695,278,14973,113
2020-11-25,Napa,055,140530,3344,2945,18,2963,17
2020-11-25,Nevada,057,99092,1462,1170,34,1204,9
2020-11-25,Orange,059,3164182,81404,73014,2469,75483,1551
2020-11-25,Placer,061,380077,7570,6221,144,6365,68
2020-11-25,Plumas,063,18699,220,183,0,183,0
2020-11-25,Riverside,065,2383286,93985,85077,1865,86942,1438
2020-11-25,Sacramento,067,1510023,38327,35687,134,35821,574
2020-11-25,San Benito,069,59416,1898,1764,13,1777,15
2020-11-25,San Bernardino,071,2135413,99450,88469,1645,90114,1225
2020-11-25,San Diego,073,3302833,83414,75307,3044,78351,988
2020-11-25,San Francisco,075,870044,15799,15053,101,15154,153
2020-11-25,San Joaquin,077,732212,27176,25556,519,26075,515
2020-11-25,San Luis Obispo,079,281455,6530,5913,106,6019,34
2020-11-25,San Mateo,081,765935,14824,13614,16,13630,170
2020-11-25,Santa Barbara,083,443738,11743,11183,206,11389,138
2020-11-25,Santa Clara,085,1922200,36489,32032,88,32120,442
2020-11-25,Santa Cruz,087,273765,4757,4202,59,4261,25
2020-11-25,Shasta,089,179085,5508,4588,191,4779,43
2020-11-25,Sierra,091,2930,18,15,0,15,0
2020-11-25,Siskiyou,093,43540,666,499,34,533,1
2020-11-25,Solano,095,438530,10718,9832,71,9903,87
2020-11-25,Sonoma,097,501317,12644,11775,58,11833,162
2020-11-25,Stanislaus,099,539301,22376,21022,1420,22442,445
2020-11-25,Sutter,101,95872,3574,3064,12,3076,14
2020-11-25,Tehama,103,63373,1773,1587,33,1620,9
2020-11-25,Trinity,105,12862,276,135,28,163,0
2020-11-25,Tulare,107,460477,22044,20528,1442,21970,318
2020-11-25,Tuolumne,109,53932,1096,842,5,847,7
2020-11-25,Ventura,111,848112,20810,18914,652,19566,179
2020-11-25,Yolo,113,214977,5078,4527,16,4543,76
2020-11-25,Yuba,115,75493,2088,1840,11,1851,10
2020-11-24,Alameda,001,1643700,30333,28030,334,28364,444
2020-11-24,Alpine,003,1148,51,41,0,41,0
2020-11-24,Amador,005,37829,554,470,1,471,16
2020-11-24,Butte,007,227075,4153,3798,202,4000,63
2020-11-24,Calaveras,009,45235,497,466,0,466,21
2020-11-24,Colusa,011,21464,754,682,4,686,6
2020-11-24,Contra Costa,013,1133247,24512,23072,156,23228,259
2020-11-24,Del Norte,015,27424,357,298,0,298,2
2020-11-24,El Dorado,017,186661,2719,2005,33,2038,4
2020-11-24,Fresno,019,978130,42222,37021,1372,38393,493
2020-11-24,Glenn,021,27897,987,883,38,921,4
2020-11-24,Humboldt,023,135768,903,774,2,776,9
2020-11-24,Imperial,025,180216,16390,15600,87,15687,355
2020-11-24,Inyo,027,18085,309,282,6,288,15
2020-11-24,Kern,029,883053,41347,38551,1165,39716,465
2020-11-24,Kings,031,150075,11458,10338,154,10492,85
2020-11-24,Lake,033,64148,988,872,0,872,18
2020-11-24,Lassen,035,31185,2174,1657,8,1665,0
2020-11-24,Los Angeles,037,10098052,395125,370008,5990,375998,7501
2020-11-24,Madera,039,155013,6505,5881,145,6026,57
2020-11-24,Marin,041,260295,7781,7591,28,7619,135
2020-11-24,Mariposa,043,17540,126,114,1,115,2
2020-11-24,Mendocino,045,87422,1513,1346,6,1352,22
2020-11-24,Merced,047,269075,11918,11268,103,11371,171
2020-11-24,Modoc,049,8938,119,91,22,113,0
2020-11-24,Mono,051,14174,532,483,9,492,2
2020-11-24,Monterey,053,433212,15547,14354,266,14620,113
2020-11-24,Napa,055,140530,3278,2904,18,2922,17
2020-11-24,Nevada,057,99092,1398,1156,32,1188,9
2020-11-24,Orange,059,3164182,79961,71975,2388,74363,1547
2020-11-24,Placer,061,380077,7389,6147,137,6284,67
2020-11-24,Plumas,063,18699,217,180,0,180,0
2020-11-24,Riverside,065,2383286,92226,83685,1736,85421,1420
2020-11-24,Sacramento,067,1510023,37646,35097,127,35224,568
2020-11-24,San Benito,069,59416,1867,1740,12,1752,15
2020-11-24,San Bernardino,071,2135413,97108,86645,1543,88188,1226
2020-11-24,San Diego,073,3302833,82004,74363,2973,77336,984
2020-11-24,San Francisco,075,870044,15604,14874,97,14971,153
2020-11-24,San Joaquin,077,732212,26860,25318,491,25809,517
2020-11-24,San Luis Obispo,079,281455,6467,5805,105,5910,34
2020-11-24,San Mateo,081,765935,14615,13558,15,13573,170
2020-11-24,Santa Barbara,083,443738,11637,11154,204,11358,138
2020-11-24,Santa Clara,085,1922200,35698,31564,84,31648,438
2020-11-24,Santa Cruz,087,273765,4644,4132,58,4190,25
2020-11-24,Shasta,089,179085,5408,4410,172,4582,43
2020-11-24,Sierra,091,2930,18,15,0,15,0
2020-11-24,Siskiyou,093,43540,648,473,31,504,1
2020-11-24,Solano,095,438530,10547,9716,70,9786,86
2020-11-24,Sonoma,097,501317,12464,11644,55,11699,162
2020-11-24,Stanislaus,099,539301,22134,20830,1377,22207,438
2020-11-24,Sutter,101,95872,3468,2974,12,2986,14
2020-11-24,Tehama,103,63373,1724,1565,28,1593,9
2020-11-24,Trinity,105,12862,269,129,27,156,0
2020-11-24,Tulare,107,460477,21795,20319,1378,21697,315
2020-11-24,Tuolumne,109,53932,1067,832,5,837,7
2020-11-24,Ventura,111,848112,20428,18637,642,19279,179
2020-11-24,Yolo,113,214977,4994,4420,16,4436,76
2020-11-24,Yuba,115,75493,2037,1804,9,1813,10
2020-11-23,Alameda,001,1643700,29917,27718,322,28040,444
2020-11-23,Alpine,003,1148,49,41,0,41,0
2020-11-23,Amador,005,37829,513,457,1,458,16
2020-11-23,Butte,007,227075,4089,3765,196,3961,61
2020-11-23,Calaveras,009,45235,480,434,0,434,21
2020-11-23,Colusa,011,21464,740,662,4,666,6
2020-11-23,Contra Costa,013,1133247,24240,22674,151,22825,260
2020-11-23,Del Norte,015,27424,335,296,0,296,2
2020-11-23,El Dorado,017,186661,2599,2005,32,2037,4
2020-11-23,Fresno,019,978130,41773,36688,1310,37998,488
2020-11-23,Glenn,021,27897,961,853,38,891,4
2020-11-23,Humboldt,023,135768,890,746,2,748,9
2020-11-23,Imperial,025,180216,16221,15104,82,15186,355
2020-11-23,Inyo,027,18085,301,279,6,285,15
2020-11-23,Kern,029,883053,40834,38245,1102,39347,463
2020-11-23,Kings,031,150075,11038,10204,147,10351,85
2020-11-23,Lake,033,64148,965,840,0,840,18
2020-11-23,Lassen,035,31185,2094,1271,7,1278,0
2020-11-23,Los Angeles,037,10098052,389027,366374,5742,372116,7447
2020-11-23,Madera,039,155013,6379,5787,141,5928,56
2020-11-23,Marin,041,260295,7739,7543,28,7571,135
2020-11-23,Mariposa,043,17540,125,97,1,98,2
2020-11-23,Mendocino,045,87422,1483,1330,6,1336,22
2020-11-23,Merced,047,269075,11730,11148,100,11248,169
2020-11-23,Modoc,049,8938,105,91,21,112,0
2020-11-23,Mono,051,14174,519,480,9,489,2
2020-11-23,Monterey,053,433212,15268,14265,260,14525,112
2020-11-23,Napa,055,140530,3212,2811,17,2828,17
2020-11-23,Nevada,057,99092,1309,1087,32,1119,9
2020-11-23,Orange,059,3164182,78557,71074,2342,73416,1546
2020-11-23,Placer,061,380077,7187,5999,136,6135,66
2020-11-23,Plumas,063,18699,213,172,0,172,0
2020-11-23,Riverside,065,2383286,90447,82175,1671,83846,1415
2020-11-23,Sacramento,067,1510023,37076,34141,120,34261,556
2020-11-23,San Benito,069,59416,1839,1729,11,1740,15
2020-11-23,San Bernardino,071,2135413,95001,84387,1479,85866,1224
2020-11-23,San Diego,073,3302833,80542,72817,2885,75702,968
2020-11-23,San Francisco,075,870044,15446,14646,95,14741,153
2020-11-23,San Joaquin,077,732212,26511,24622,487,25109,517
2020-11-23,San Luis Obispo,079,281455,6385,5772,103,5875,34
2020-11-23,San Mateo,081,765935,14425,13364,15,13379,170
2020-11-23,Santa Barbara,083,443738,11530,10944,200,11144,137
2020-11-23,Santa Clara,085,1922200,35048,31064,81,31145,435
2020-11-23,Santa Cruz,087,273765,4534,4003,54,4057,25
2020-11-23,Shasta,089,179085,5290,4100,160,4260,43
2020-11-23,Sierra,091,2930,17,15,0,15,0
2020-11-23,Siskiyou,093,43540,621,460,30,490,0
2020-11-23,Solano,095,438530,10390,9394,67,9461,86
2020-11-23,Sonoma,097,501317,12291,11507,51,11558,160
2020-11-23,Stanislaus,099,539301,21841,20487,1344,21831,436
2020-11-23,Sutter,101,95872,3331,2840,11,2851,14
2020-11-23,Tehama,103,63373,1674,1526,24,1550,9
2020-11-23,Trinity,105,12862,260,120,25,145,0
2020-11-23,Tulare,107,460477,21501,19818,1312,21130,315
2020-11-23,Tuolumne,109,53932,1027,774,5,779,7
2020-11-23,Ventura,111,848112,20053,18480,629,19109,179
2020-11-23,Yolo,113,214977,4913,4265,15,4280,75
2020-11-23,Yuba,115,75493,1970,1702,9,1711,10
2020-11-22,Alameda,001,1643700,29480,27472,311,27783,444
2020-11-22,Alpine,003,1148,46,41,0,41,0
2020-11-22,Amador,005,37829,501,450,1,451,16
2020-11-22,Butte,007,227075,4038,3712,189,3901,61
2020-11-22,Calaveras,009,45235,468,434,0,434,21
2020-11-22,Colusa,011,21464,722,642,3,645,6
2020-11-22,Contra Costa,013,1133247,23935,22407,146,22553,260
2020-11-22,Del Norte,015,27424,311,271,0,271,2
2020-11-22,El Dorado,017,186661,2489,1917,29,1946,4
2020-11-22,Fresno,019,978130,41290,36315,1255,37570,488
2020-11-22,Glenn,021,27897,939,832,34,866,4
2020-11-22,Humboldt,023,135768,874,729,2,731,9
2020-11-22,Imperial,025,180216,16015,15109,37,15146,355
2020-11-22,Inyo,027,18085,295,279,6,285,15
2020-11-22,Kern,029,883053,40255,37904,1068,38972,463
2020-11-22,Kings,031,150075,10939,10035,138,10173,85
2020-11-22,Lake,033,64148,943,834,0,834,18
2020-11-22,Lassen,035,31185,1929,1211,6,1217,0
2020-11-22,Los Angeles,037,10098052,382749,360341,5493,365834,7438
2020-11-22,Madera,039,155013,6299,5745,130,5875,56
2020-11-22,Marin,041,260295,7704,7506,27,7533,135
2020-11-22,Mariposa,043,17540,124,95,1,96,2
2020-11-22,Mendocino,045,87422,1459,1285,5,1290,22
2020-11-22,Merced,047,269075,11581,10939,100,11039,169
2020-11-22,Modoc,049,8938,104,87,19,106,0
2020-11-22,Mono,051,14174,504,481,9,490,2
2020-11-22,Monterey,053,433212,15026,13887,253,14140,111
2020-11-22,Napa,055,140530,3131,2778,17,2795,17
2020-11-22,Nevada,057,99092,1251,1052,32,1084,9
2020-11-22,Orange,059,3164182,77144,69913,2303,72216,1546
2020-11-22,Placer,061,380077,6960,5880,126,6006,66
2020-11-22,Plumas,063,18699,200,172,0,172,0
2020-11-22,Riverside,065,2383286,88852,81565,1610,83175,1409
2020-11-22,Sacramento,067,1510023,36344,33421,107,33528,555
2020-11-22,San Benito,069,59416,1810,1704,11,1715,15
2020-11-22,San Bernardino,071,2135413,92656,83505,1409,84914,1224
2020-11-22,San Diego,073,3302833,78805,71649,2810,74459,968
2020-11-22,San Francisco,075,870044,15275,14515,94,14609,153
2020-11-22,San Joaquin,077,732212,26212,24619,475,25094,517
2020-11-22,San Luis Obispo,079,281455,6277,5664,102,5766,34
2020-11-22,San Mateo,081,765935,14219,13228,15,13243,170
2020-11-22,Santa Barbara,083,443738,11395,10946,195,11141,137
2020-11-22,Santa Clara,085,1922200,34370,30633,79,30712,434
2020-11-22,Santa Cruz,087,273765,4452,3896,47,3943,25
2020-11-22,Shasta,089,179085,5134,4100,142,4242,43
2020-11-22,Sierra,091,2930,17,13,0,13,0
2020-11-22,Siskiyou,093,43540,589,411,30,441,0
2020-11-22,Solano,095,438530,10219,9363,63,9426,86
2020-11-22,Sonoma,097,501317,12133,11415,49,11464,159
2020-11-22,Stanislaus,099,539301,21514,20223,1314,21537,436
2020-11-22,Sutter,101,95872,3214,2677,11,2688,13
2020-11-22,Tehama,103,63373,1640,1457,19,1476,9
2020-11-22,Trinity,105,12862,254,114,25,139,0
2020-11-22,Tulare,107,460477,21249,19818,1242,21060,314
2020-11-22,Tuolumne,109,53932,1001,689,5,694,7
2020-11-22,Ventura,111,848112,19692,18105,615,18720,179
2020-11-22,Yolo,113,214977,4813,4206,15,4221,75
2020-11-22,Yuba,115,75493,1917,1672,9,1681,10
2020-11-21,Alameda,001,1643700,29293,27424,309,27733,444
2020-11-21,Alpine,003,1148,46,41,0,41,0
2020-11-21,Amador,005,37829,487,450,1,451,16
2020-11-21,Butte,007,227075,3990,3664,186,3850,61
2020-11-21,Calaveras,009,45235,462,434,0,434,21
2020-11-21,Colusa,011,21464,713,642,3,645,6
2020-11-21,Contra Costa,013,1133247,23782,22338,144,22482,260
2020-11-21,Del Norte,015,27424,306,271,0,271,2
2020-11-21,El Dorado,017,186661,2440,1900,28,1928,4
2020-11-21,Fresno,019,978130,41034,35973,1221,37194,482
2020-11-21,Glenn,021,27897,934,829,32,861,4
2020-11-21,Humboldt,023,135768,864,728,2,730,9
2020-11-21,Imperial,025,180216,15938,15053,37,15090,355
2020-11-21,Inyo,027,18085,293,283,6,289,15
2020-11-21,Kern,029,883053,39999,37403,1033,38436,463
2020-11-21,Kings,031,150075,10891,10019,134,10153,85
2020-11-21,Lake,033,64148,930,832,0,832,18
2020-11-21,Lassen,035,31185,1862,1211,6,1217,0
2020-11-21,Los Angeles,037,10098052,379569,357754,5349,363103,7428
2020-11-21,Madera,039,155013,6262,5706,130,5836,56
2020-11-21,Marin,041,260295,7681,7488,26,7514,134
2020-11-21,Mariposa,043,17540,124,92,1,93,2
2020-11-21,Mendocino,045,87422,1428,1282,5,1287,22
2020-11-21,Merced,047,269075,11520,10849,99,10948,169
2020-11-21,Modoc,049,8938,100,87,18,105,0
2020-11-21,Mono,051,14174,499,469,9,478,2
2020-11-21,Monterey,053,433212,14928,13886,248,14134,110
2020-11-21,Napa,055,140530,3097,2757,17,2774,17
2020-11-21,Nevada,057,99092,1239,1018,31,1049,9
2020-11-21,Orange,059,3164182,76343,69021,2272,71293,1543
2020-11-21,Placer,061,380077,6846,5778,123,5901,65
2020-11-21,Plumas,063,18699,195,172,0,172,0
2020-11-21,Riverside,065,2383286,88075,80676,1564,82240,1407
2020-11-21,Sacramento,067,1510023,35948,33133,99,33232,548
2020-11-21,San Benito,069,59416,1791,1691,11,1702,15
2020-11-21,San Bernardino,071,2135413,91780,83206,1333,84539,1222
2020-11-21,San Diego,073,3302833,78026,70711,2755,73466,966
2020-11-21,San Francisco,075,870044,15172,14445,93,14538,153
2020-11-21,San Joaquin,077,732212,26079,24620,460,25080,517
2020-11-21,San Luis Obispo,079,281455,6224,5618,99,5717,34
2020-11-21,San Mateo,081,765935,14118,13138,15,13153,170
2020-11-21,Santa Barbara,083,443738,11343,10922,192,11114,137
2020-11-21,Santa Clara,085,1922200,33986,30377,76,30453,433
2020-11-21,Santa Cruz,087,273765,4395,3898,47,3945,25
2020-11-21,Shasta,089,179085,5060,4095,139,4234,42
2020-11-21,Sierra,091,2930,17,13,0,13,0
2020-11-21,Siskiyou,093,43540,573,403,30,433,0
2020-11-21,Solano,095,438530,10129,9290,60,9350,86
2020-11-21,Sonoma,097,501317,12058,11394,47,11441,158
2020-11-21,Stanislaus,099,539301,21371,20111,1289,21400,435
2020-11-21,Sutter,101,95872,3154,2615,10,2625,13
2020-11-21,Tehama,103,63373,1620,1435,18,1453,9
2020-11-21,Trinity,105,12862,251,110,24,134,0
2020-11-21,Tulare,107,460477,21123,19752,1208,20960,313
2020-11-21,Tuolumne,109,53932,982,690,5,695,7
2020-11-21,Ventura,111,848112,19528,18040,605,18645,177
2020-11-21,Yolo,113,214977,4739,4147,14,4161,75
2020-11-21,Yuba,115,75493,1885,1643,9,1652,10
2020-11-20,Alameda,001,1643700,29077,27221,302,27523,444
2020-11-20,Alpine,003,1148,46,20,0,20,0
2020-11-20,Amador,005,37829,483,446,1,447,16
2020-11-20,Butte,007,227075,3958,3618,182,3800,60
2020-11-20,Calaveras,009,45235,450,424,0,424,21
2020-11-20,Colusa,011,21464,705,631,2,633,6
2020-11-20,Contra Costa,013,1133247,23596,22116,140,22256,260
2020-11-20,Del Norte,015,27424,302,264,0,264,2
2020-11-20,El Dorado,017,186661,2344,1868,26,1894,4
2020-11-20,Fresno,019,978130,40740,35635,1191,36826,480
2020-11-20,Glenn,021,27897,922,826,30,856,4
2020-11-20,Humboldt,023,135768,855,714,1,715,9
2020-11-20,Imperial,025,180216,15876,14864,33,14897,353
2020-11-20,Inyo,027,18085,291,262,6,268,15
2020-11-20,Kern,029,883053,39706,37143,1008,38151,462
2020-11-20,Kings,031,150075,10843,9903,133,10036,85
2020-11-20,Lake,033,64148,921,820,0,820,18
2020-11-20,Lassen,035,31185,1777,1212,5,1217,0
2020-11-20,Los Angeles,037,10098052,375683,353554,5186,358740,7398
2020-11-20,Madera,039,155013,6169,5635,129,5764,54
2020-11-20,Marin,041,260295,7657,7467,25,7492,134
2020-11-20,Mariposa,043,17540,116,89,1,90,2
2020-11-20,Mendocino,045,87422,1408,1269,5,1274,22
2020-11-20,Merced,047,269075,11434,10729,99,10828,167
2020-11-20,Modoc,049,8938,100,83,18,101,0
2020-11-20,Mono,051,14174,497,469,9,478,2
2020-11-20,Monterey,053,433212,14803,13738,239,13977,110
2020-11-20,Napa,055,140530,3067,2718,17,2735,17
2020-11-20,Nevada,057,99092,1221,990,30,1020,9
2020-11-20,Orange,059,3164182,75506,68212,2234,70446,1532
2020-11-20,Placer,061,380077,6711,5687,108,5795,66
2020-11-20,Plumas,063,18699,193,163,0,163,0
2020-11-20,Riverside,065,2383286,87064,79613,1501,81114,1405
2020-11-20,Sacramento,067,1510023,35572,32832,92,32924,549
2020-11-20,San Benito,069,59416,1779,1668,11,1679,15
2020-11-20,San Bernardino,071,2135413,90413,81203,1250,82453,1220
2020-11-20,San Diego,073,3302833,77028,69233,2673,71906,960
2020-11-20,San Francisco,075,870044,15068,14327,92,14419,153
2020-11-20,San Joaquin,077,732212,25926,24460,447,24907,515
2020-11-20,San Luis Obispo,079,281455,6168,5524,96,5620,34
2020-11-20,San Mateo,081,765935,13985,12980,14,12994,169
2020-11-20,Santa Barbara,083,443738,11287,10825,186,11011,136
2020-11-20,Santa Clara,085,1922200,33564,30002,71,30073,431
2020-11-20,Santa Cruz,087,273765,4329,3815,47,3862,25
2020-11-20,Shasta,089,179085,4987,3861,134,3995,42
2020-11-20,Sierra,091,2930,17,12,0,12,0
2020-11-20,Siskiyou,093,43540,560,387,29,416,0
2020-11-20,Solano,095,438530,10037,9216,58,9274,85
2020-11-20,Sonoma,097,501317,11974,11316,46,11362,158
2020-11-20,Stanislaus,099,539301,21216,19889,1263,21152,433
2020-11-20,Sutter,101,95872,3104,2580,10,2590,13
2020-11-20,Tehama,103,63373,1604,1410,15,1425,9
2020-11-20,Trinity,105,12862,250,102,24,126,0
2020-11-20,Tulare,107,460477,20990,19568,1169,20737,311
2020-11-20,Tuolumne,109,53932,943,662,5,667,7
2020-11-20,Ventura,111,848112,19360,17741,577,18318,175
2020-11-20,Yolo,113,214977,4661,4081,13,4094,74
2020-11-20,Yuba,115,75493,1857,1611,9,1620,10
2020-11-19,Alameda,001,1643700,28732,26971,294,27265,441
2020-11-19,Alpine,003,1148,43,20,0,20,0
2020-11-19,Amador,005,37829,479,436,1,437,16
2020-11-19,Butte,007,227075,3909,3576,175,3751,60
2020-11-19,Calaveras,009,45235,440,417,0,417,21
2020-11-19,Colusa,011,21464,687,621,2,623,6
2020-11-19,Contra Costa,013,1133247,23324,21886,137,22023,259
2020-11-19,Del Norte,015,27424,294,251,0,251,2
2020-11-19,El Dorado,017,186661,2270,1825,22,1847,4
2020-11-19,Fresno,019,978130,40291,35278,1134,36412,478
2020-11-19,Glenn,021,27897,900,806,29,835,4
2020-11-19,Humboldt,023,135768,835,693,1,694,9
2020-11-19,Imperial,025,180216,15667,14507,33,14540,349
2020-11-19,Inyo,027,18085,289,262,6,268,15
2020-11-19,Kern,029,883053,39286,36779,966,37745,459
2020-11-19,Kings,031,150075,10695,9763,125,9888,85
2020-11-19,Lake,033,64148,907,809,0,809,18
2020-11-19,Lassen,035,31185,1660,1201,3,1204,0
2020-11-19,Los Angeles,037,10098052,370661,349493,5016,354509,7365
2020-11-19,Madera,039,155013,6098,5540,121,5661,54
2020-11-19,Marin,041,260295,7626,7451,25,7476,134
2020-11-19,Mariposa,043,17540,109,88,0,88,2
2020-11-19,Mendocino,045,87422,1387,1237,5,1242,23
2020-11-19,Merced,047,269075,11293,10634,93,10727,167
2020-11-19,Modoc,049,8938,97,82,18,100,0
2020-11-19,Mono,051,14174,489,468,9,477,2
2020-11-19,Monterey,053,433212,14588,13369,227,13596,108
2020-11-19,Napa,055,140530,3013,2641,17,2658,17
2020-11-19,Nevada,057,99092,1180,945,29,974,9
2020-11-19,Orange,059,3164182,74244,66998,2189,69187,1530
2020-11-19,Placer,061,380077,6520,5612,107,5719,65
2020-11-19,Plumas,063,18699,188,158,0,158,0
2020-11-19,Riverside,065,2383286,85579,78535,1430,79965,1402
2020-11-19,Sacramento,067,1510023,35058,32367,90,32457,546
2020-11-19,San Benito,069,59416,1756,1643,11,1654,15
2020-11-19,San Bernardino,071,2135413,88517,79244,1170,80414,1215
2020-11-19,San Diego,073,3302833,75778,68142,2569,70711,952
2020-11-19,San Francisco,075,870044,14911,14178,86,14264,153
2020-11-19,San Joaquin,077,732212,25606,24270,436,24706,516
2020-11-19,San Luis Obispo,079,281455,6091,5410,92,5502,34
2020-11-19,San Mateo,081,765935,13847,12714,14,12728,169
2020-11-19,Santa Barbara,083,443738,11207,10741,183,10924,136
2020-11-19,Santa Clara,085,1922200,33005,29630,70,29700,424
2020-11-19,Santa Cruz,087,273765,4239,3679,45,3724,25
2020-11-19,Shasta,089,179085,4849,3685,124,3809,42
2020-11-19,Sierra,091,2930,17,11,0,11,0
2020-11-19,Siskiyou,093,43540,535,360,28,388,0
2020-11-19,Solano,095,438530,9900,9093,54,9147,84
2020-11-19,Sonoma,097,501317,11804,11205,44,11249,156
2020-11-19,Stanislaus,099,539301,20976,19736,1221,20957,433
2020-11-19,Sutter,101,95872,3005,2509,10,2519,13
2020-11-19,Tehama,103,63373,1570,1373,12,1385,9
2020-11-19,Trinity,105,12862,244,97,24,121,0
2020-11-19,Tulare,107,460477,20768,19384,1104,20488,304
2020-11-19,Tuolumne,109,53932,911,602,5,607,7
2020-11-19,Ventura,111,848112,19007,17300,564,17864,174
2020-11-19,Yolo,113,214977,4566,3973,13,3986,72
2020-11-19,Yuba,115,75493,1817,1568,9,1577,10
2020-11-18,Alameda,001,1643700,28469,26610,289,26899,440
2020-11-18,Alpine,003,1148,42,16,0,16,0
2020-11-18,Amador,005,37829,474,430,1,431,16
2020-11-18,Butte,007,227075,3856,3537,162,3699,59
2020-11-18,Calaveras,009,45235,436,409,0,409,21
2020-11-18,Colusa,011,21464,674,611,2,613,6
2020-11-18,Contra Costa,013,1133247,23057,21685,133,21818,258
2020-11-18,Del Norte,015,27424,281,240,0,240,2
2020-11-18,El Dorado,017,186661,2182,1799,21,1820,4
2020-11-18,Fresno,019,978130,39851,34997,1083,36080,474
2020-11-18,Glenn,021,27897,883,803,27,830,4
2020-11-18,Humboldt,023,135768,821,690,1,691,9
2020-11-18,Imperial,025,180216,15445,14428,33,14461,348
2020-11-18,Inyo,027,18085,287,262,6,268,15
2020-11-18,Kern,029,883053,38897,36537,916,37453,456
2020-11-18,Kings,031,150075,10547,9696,122,9818,85
2020-11-18,Lake,033,64148,894,802,0,802,18
2020-11-18,Lassen,035,31185,1560,1124,3,1127,0
2020-11-18,Los Angeles,037,10098052,365793,344675,4832,349507,7338
2020-11-18,Madera,039,155013,6011,5519,109,5628,54
2020-11-18,Marin,041,260295,7602,7435,25,7460,134
2020-11-18,Mariposa,043,17540,106,88,0,88,2
2020-11-18,Mendocino,045,87422,1367,1237,5,1242,23
2020-11-18,Merced,047,269075,11177,10536,92,10628,166
2020-11-18,Modoc,049,8938,94,77,18,95,0
2020-11-18,Mono,051,14174,484,468,9,477,2
2020-11-18,Monterey,053,433212,14393,13340,213,13553,108
2020-11-18,Napa,055,140530,2967,2607,17,2624,17
2020-11-18,Nevada,057,99092,1140,933,27,960,9
2020-11-18,Orange,059,3164182,73146,66381,2164,68545,1521
2020-11-18,Placer,061,380077,6342,5543,102,5645,64
2020-11-18,Plumas,063,18699,183,143,0,143,0
2020-11-18,Riverside,065,2383286,84114,77739,1327,79066,1387
2020-11-18,Sacramento,067,1510023,34433,31816,82,31898,541
2020-11-18,San Benito,069,59416,1731,1632,10,1642,15
2020-11-18,San Bernardino,071,2135413,86758,77400,1090,78490,1206
2020-11-18,San Diego,073,3302833,74484,67243,2509,69752,945
2020-11-18,San Francisco,075,870044,14767,14057,84,14141,153
2020-11-18,San Joaquin,077,732212,25340,24146,421,24567,517
2020-11-18,San Luis Obispo,079,281455,6015,5322,91,5413,34
2020-11-18,San Mateo,081,765935,13694,12631,13,12644,169
2020-11-18,Santa Barbara,083,443738,11128,10684,176,10860,136
2020-11-18,Santa Clara,085,1922200,32540,29285,65,29350,421
2020-11-18,Santa Cruz,087,273765,4147,3618,43,3661,25
2020-11-18,Shasta,089,179085,4715,3547,120,3667,42
2020-11-18,Sierra,091,2930,17,11,0,11,0
2020-11-18,Siskiyou,093,43540,503,351,27,378,0
2020-11-18,Solano,095,438530,9768,8994,52,9046,84
2020-11-18,Sonoma,097,501317,11697,11129,41,11170,155
2020-11-18,Stanislaus,099,539301,20733,19609,1196,20805,431
2020-11-18,Sutter,101,95872,2887,2442,10,2452,13
2020-11-18,Tehama,103,63373,1531,1338,12,1350,8
2020-11-18,Trinity,105,12862,230,95,23,118,0
2020-11-18,Tulare,107,460477,20558,19286,1053,20339,306
2020-11-18,Tuolumne,109,53932,876,590,5,595,7
2020-11-18,Ventura,111,848112,18682,17169,549,17718,173
2020-11-18,Yolo,113,214977,4492,3929,13,3942,71
2020-11-18,Yuba,115,75493,1763,1540,9,1549,10
2020-11-17,Alameda,001,1643700,28142,26425,279,26704,439
2020-11-17,Alpine,003,1148,40,12,0,12,0
2020-11-17,Amador,005,37829,463,423,1,424,16
2020-11-17,Butte,007,227075,3814,3500,152,3652,59
2020-11-17,Calaveras,009,45235,421,405,0,405,21
2020-11-17,Colusa,011,21464,663,606,1,607,6
2020-11-17,Contra Costa,013,1133247,22784,21557,128,21685,256
2020-11-17,Del Norte,015,27424,275,233,0,233,2
2020-11-17,El Dorado,017,186661,2123,1758,21,1779,4
2020-11-17,Fresno,019,978130,39253,34765,1024,35789,472
2020-11-17,Glenn,021,27897,872,795,26,821,4
2020-11-17,Humboldt,023,135768,799,685,1,686,9
2020-11-17,Imperial,025,180216,15208,14204,31,14235,346
2020-11-17,Inyo,027,18085,286,263,6,269,15
2020-11-17,Kern,029,883053,38447,36164,863,37027,455
2020-11-17,Kings,031,150075,10474,9653,115,9768,85
2020-11-17,Lake,033,64148,874,792,0,792,18
2020-11-17,Lassen,035,31185,1481,1124,3,1127,0
2020-11-17,Los Angeles,037,10098052,360849,340933,4669,345602,7302
2020-11-17,Madera,039,155013,5922,5485,102,5587,54
2020-11-17,Marin,041,260295,7570,7404,24,7428,134
2020-11-17,Mariposa,043,17540,103,87,0,87,2
2020-11-17,Mendocino,045,87422,1346,1216,5,1221,23
2020-11-17,Merced,047,269075,11033,10457,86,10543,162
2020-11-17,Modoc,049,8938,88,71,17,88,0
2020-11-17,Mono,051,14174,479,459,9,468,2
2020-11-17,Monterey,053,433212,14163,13220,203,13423,108
2020-11-17,Napa,055,140530,2913,2568,17,2585,17
2020-11-17,Nevada,057,99092,1099,918,26,944,9
2020-11-17,Orange,059,3164182,71995,65757,2137,67894,1519
2020-11-17,Placer,061,380077,6180,5435,96,5531,63
2020-11-17,Plumas,063,18699,175,142,0,142,0
2020-11-17,Riverside,065,2383286,82727,77079,1236,78315,1379
2020-11-17,Sacramento,067,1510023,33834,31341,78,31419,538
2020-11-17,San Benito,069,59416,1715,1611,4,1615,15
2020-11-17,San Bernardino,071,2135413,84944,76134,1000,77134,1188
2020-11-17,San Diego,073,3302833,73231,66321,2453,68774,933
2020-11-17,San Francisco,075,870044,14601,13952,83,14035,153
2020-11-17,San Joaquin,077,732212,25068,23997,401,24398,516
2020-11-17,San Luis Obispo,079,281455,5919,5235,91,5326,34
2020-11-17,San Mateo,081,765935,13532,12491,12,12503,169
2020-11-17,Santa Barbara,083,443738,11043,10597,171,10768,136
2020-11-17,Santa Clara,085,1922200,31993,29013,64,29077,419
2020-11-17,Santa Cruz,087,273765,4062,3548,40,3588,25
2020-11-17,Shasta,089,179085,4557,3457,108,3565,40
2020-11-17,Sierra,091,2930,15,11,0,11,0
2020-11-17,Siskiyou,093,43540,455,333,26,359,0
2020-11-17,Solano,095,438530,9623,8905,51,8956,84
2020-11-17,Sonoma,097,501317,11563,11084,40,11124,155
2020-11-17,Stanislaus,099,539301,20509,19466,1168,20634,425
2020-11-17,Sutter,101,95872,2804,2370,9,2379,12
2020-11-17,Tehama,103,63373,1481,1290,12,1302,7
2020-11-17,Trinity,105,12862,213,83,23,106,0
2020-11-17,Tulare,107,460477,20327,19176,991,20167,305
2020-11-17,Tuolumne,109,53932,838,568,5,573,7
2020-11-17,Ventura,111,848112,18410,16797,531,17328,173
2020-11-17,Yolo,113,214977,4315,3887,12,3899,70
2020-11-17,Yuba,115,75493,1715,1519,9,1528,10
2020-11-16,Alameda,001,1643700,27795,26063,274,26337,436
2020-11-16,Alpine,003,1148,37,12,0,12,0
2020-11-16,Amador,005,37829,455,414,1,415,16
2020-11-16,Butte,007,227075,3775,3490,144,3634,58
2020-11-16,Calaveras,009,45235,413,402,0,402,21
2020-11-16,Colusa,011,21464,654,601,1,602,6
2020-11-16,Contra Costa,013,1133247,22517,21386,123,21509,256
2020-11-16,Del Norte,015,27424,268,225,0,225,2
2020-11-16,El Dorado,017,186661,2063,1694,19,1713,4
2020-11-16,Fresno,019,978130,38763,34593,970,35563,471
2020-11-16,Glenn,021,27897,860,786,25,811,4
2020-11-16,Humboldt,023,135768,783,660,1,661,9
2020-11-16,Imperial,025,180216,14960,14111,31,14142,346
2020-11-16,Inyo,027,18085,283,263,6,269,15
2020-11-16,Kern,029,883053,38053,36049,820,36869,455
2020-11-16,Kings,031,150075,10207,9569,111,9680,85
2020-11-16,Lake,033,64148,862,784,0,784,18
2020-11-16,Lassen,035,31185,1300,1124,3,1127,0
2020-11-16,Los Angeles,037,10098052,356100,338778,4497,343275,7277
2020-11-16,Madera,039,155013,5835,5433,96,5529,54
2020-11-16,Marin,041,260295,7541,7359,24,7383,134
2020-11-16,Mariposa,043,17540,100,86,0,86,2
2020-11-16,Mendocino,045,87422,1321,1209,5,1214,23
2020-11-16,Merced,047,269075,10895,10399,83,10482,162
2020-11-16,Modoc,049,8938,86,71,17,88,0
2020-11-16,Mono,051,14174,477,453,9,462,2
2020-11-16,Monterey,053,433212,13917,13089,193,13282,107
2020-11-16,Napa,055,140530,2837,2536,17,2553,17
2020-11-16,Nevada,057,99092,1056,889,24,913,9
2020-11-16,Orange,059,3164182,70897,65396,2123,67519,1519
2020-11-16,Placer,061,380077,6061,5387,87,5474,63
2020-11-16,Plumas,063,18699,168,127,0,127,0
2020-11-16,Riverside,065,2383286,81353,76449,1171,77620,1379
2020-11-16,Sacramento,067,1510023,33196,30954,71,31025,534
2020-11-16,San Benito,069,59416,1697,1603,3,1606,15
2020-11-16,San Bernardino,071,2135413,83116,74401,931,75332,1186
2020-11-16,San Diego,073,3302833,71920,65603,2381,67984,926
2020-11-16,San Francisco,075,870044,14442,13847,80,13927,153
2020-11-16,San Joaquin,077,732212,24780,23515,392,23907,513
2020-11-16,San Luis Obispo,079,281455,5816,5161,86,5247,34
2020-11-16,San Mateo,081,765935,13372,12398,12,12410,169
2020-11-16,Santa Barbara,083,443738,10978,10565,167,10732,135
2020-11-16,Santa Clara,085,1922200,31427,28673,63,28736,419
2020-11-16,Santa Cruz,087,273765,3989,3520,40,3560,25
2020-11-16,Shasta,089,179085,4409,3284,103,3387,37
2020-11-16,Sierra,091,2930,15,11,0,11,0
2020-11-16,Siskiyou,093,43540,428,294,26,320,0
2020-11-16,Solano,095,438530,9424,8827,51,8878,84
2020-11-16,Sonoma,097,501317,11472,10961,39,11000,155
2020-11-16,Stanislaus,099,539301,20273,19333,1141,20474,425
2020-11-16,Sutter,101,95872,2698,2322,9,2331,12
2020-11-16,Tehama,103,63373,1435,1261,8,1269,7
2020-11-16,Trinity,105,12862,201,67,23,90,0
2020-11-16,Tulare,107,460477,20148,18891,937,19828,305
2020-11-16,Tuolumne,109,53932,802,543,5,548,7
2020-11-16,Ventura,111,848112,18072,16691,523,17214,172
2020-11-16,Yolo,113,214977,4219,3858,12,3870,70
2020-11-16,Yuba,115,75493,1679,1500,8,1508,10
2020-11-15,Alameda,001,1643700,27477,25879,268,26147,436
2020-11-15,Alpine,003,1148,35,12,0,12,0
2020-11-15,Amador,005,37829,443,409,1,410,16
2020-11-15,Butte,007,227075,3721,3452,135,3587,58
2020-11-15,Calaveras,009,45235,399,386,0,386,21
2020-11-15,Colusa,011,21464,645,601,1,602,6
2020-11-15,Contra Costa,013,1133247,22218,21179,122,21301,256
2020-11-15,Del Norte,015,27424,253,224,0,224,2
2020-11-15,El Dorado,017,186661,2001,1683,17,1700,4
2020-11-15,Fresno,019,978130,38249,34297,932,35229,471
2020-11-15,Glenn,021,27897,848,783,24,807,4
2020-11-15,Humboldt,023,135768,754,653,1,654,9
2020-11-15,Imperial,025,180216,14723,13940,31,13971,346
2020-11-15,Inyo,027,18085,273,263,6,269,15
2020-11-15,Kern,029,883053,37648,35911,785,36696,455
2020-11-15,Kings,031,150075,10014,9533,107,9640,85
2020-11-15,Lake,033,64148,853,777,0,777,17
2020-11-15,Lassen,035,31185,1253,1124,3,1127,0
2020-11-15,Los Angeles,037,10098052,351057,336035,4325,340360,7271
2020-11-15,Madera,039,155013,5738,5391,90,5481,54
2020-11-15,Marin,041,260295,7515,7347,24,7371,133
2020-11-15,Mariposa,043,17540,97,86,0,86,2
2020-11-15,Mendocino,045,87422,1302,1197,5,1202,22
2020-11-15,Merced,047,269075,10762,10350,83,10433,162
2020-11-15,Modoc,049,8938,85,68,17,85,0
2020-11-15,Mono,051,14174,475,453,9,462,2
2020-11-15,Monterey,053,433212,13721,12999,180,13179,107
2020-11-15,Napa,055,140530,2778,2509,15,2524,17
2020-11-15,Nevada,057,99092,1001,859,24,883,9
2020-11-15,Orange,059,3164182,69856,65008,2107,67115,1519
2020-11-15,Placer,061,380077,5906,5330,79,5409,63
2020-11-15,Plumas,063,18699,162,127,0,127,0
2020-11-15,Riverside,065,2383286,80030,75531,1112,76643,1374
2020-11-15,Sacramento,067,1510023,32570,30601,66,30667,534
2020-11-15,San Benito,069,59416,1672,1589,2,1591,15
2020-11-15,San Bernardino,071,2135413,80965,73769,856,74625,1185
2020-11-15,San Diego,073,3302833,70419,64770,2324,67094,926
2020-11-15,San Francisco,075,870044,14267,13757,79,13836,153
2020-11-15,San Joaquin,077,732212,24570,23516,376,23892,513
2020-11-15,San Luis Obispo,079,281455,5693,5120,84,5204,34
2020-11-15,San Mateo,081,765935,13195,12348,12,12360,169
2020-11-15,Santa Barbara,083,443738,10883,10516,165,10681,135
2020-11-15,Santa Clara,085,1922200,30972,28289,62,28351,418
2020-11-15,Santa Cruz,087,273765,3851,3439,39,3478,25
2020-11-15,Shasta,089,179085,4236,3290,94,3384,37
2020-11-15,Sierra,091,2930,15,11,0,11,0
2020-11-15,Siskiyou,093,43540,409,294,26,320,0
2020-11-15,Solano,095,438530,9263,8713,48,8761,84
2020-11-15,Sonoma,097,501317,11353,10833,38,10871,154
2020-11-15,Stanislaus,099,539301,20001,19228,1116,20344,425
2020-11-15,Sutter,101,95872,2608,2230,9,2239,12
2020-11-15,Tehama,103,63373,1384,1222,7,1229,7
2020-11-15,Trinity,105,12862,191,67,21,88,0
2020-11-15,Tulare,107,460477,19931,18891,884,19775,305
2020-11-15,Tuolumne,109,53932,760,486,5,491,7
2020-11-15,Ventura,111,848112,17798,16564,515,17079,172
2020-11-15,Yolo,113,214977,4116,3819,11,3830,67
2020-11-15,Yuba,115,75493,1638,1470,7,1477,10
2020-11-14,Alameda,001,1643700,27210,25714,266,25980,435
2020-11-14,Alpine,003,1148,35,12,0,12,0
2020-11-14,Amador,005,37829,434,404,0,404,16
2020-11-14,Butte,007,227075,3685,3434,121,3555,58
2020-11-14,Calaveras,009,45235,398,386,0,386,21
2020-11-14,Colusa,011,21464,633,601,1,602,6
2020-11-14,Contra Costa,013,1133247,22079,20975,115,21090,256
2020-11-14,Del Norte,015,27424,247,219,0,219,2
2020-11-14,El Dorado,017,186661,1957,1648,17,1665,4
2020-11-14,Fresno,019,978130,37999,33969,895,34864,471
2020-11-14,Glenn,021,27897,839,772,21,793,3
2020-11-14,Humboldt,023,135768,739,643,1,644,9
2020-11-14,Imperial,025,180216,14630,13932,30,13962,346
2020-11-14,Inyo,027,18085,272,263,6,269,15
2020-11-14,Kern,029,883053,37439,35626,766,36392,454
2020-11-14,Kings,031,150075,9979,9490,104,9594,85
2020-11-14,Lake,033,64148,844,773,0,773,17
2020-11-14,Lassen,035,31185,1239,833,3,836,0
2020-11-14,Los Angeles,037,10098052,348349,333021,4216,337237,7269
2020-11-14,Madera,039,155013,5708,5371,88,5459,54
2020-11-14,Marin,041,260295,7499,7325,24,7349,133
2020-11-14,Mariposa,043,17540,96,86,0,86,2
2020-11-14,Mendocino,045,87422,1286,1181,5,1186,22
2020-11-14,Merced,047,269075,10706,10286,81,10367,161
2020-11-14,Modoc,049,8938,84,64,16,80,0
2020-11-14,Mono,051,14174,475,453,9,462,2
2020-11-14,Monterey,053,433212,13625,12854,170,13024,105
2020-11-14,Napa,055,140530,2744,2473,15,2488,17
2020-11-14,Nevada,057,99092,985,835,24,859,9
2020-11-14,Orange,059,3164182,69235,64340,2096,66436,1517
2020-11-14,Placer,061,380077,5830,5215,73,5288,63
2020-11-14,Plumas,063,18699,157,128,0,128,0
2020-11-14,Riverside,065,2383286,79290,74910,1073,75983,1373
2020-11-14,Sacramento,067,1510023,32244,30298,66,30364,532
2020-11-14,San Benito,069,59416,1657,1573,2,1575,15
2020-11-14,San Bernardino,071,2135413,80031,72868,824,73692,1184
2020-11-14,San Diego,073,3302833,69654,63715,2272,65987,926
2020-11-14,San Francisco,075,870044,14179,13661,78,13739,153
2020-11-14,San Joaquin,077,732212,24479,23516,368,23884,511
2020-11-14,San Luis Obispo,079,281455,5630,5073,79,5152,34
2020-11-14,San Mateo,081,765935,13087,12293,12,12305,169
2020-11-14,Santa Barbara,083,443738,10829,10482,163,10645,135
2020-11-14,Santa Clara,085,1922200,30687,27962,60,28022,416
2020-11-14,Santa Cruz,087,273765,3796,3402,39,3441,25
2020-11-14,Shasta,089,179085,4155,3195,92,3287,37
2020-11-14,Sierra,091,2930,15,11,0,11,0
2020-11-14,Siskiyou,093,43540,396,292,26,318,0
2020-11-14,Solano,095,438530,9183,8655,47,8702,84
2020-11-14,Sonoma,097,501317,11300,10769,38,10807,154
2020-11-14,Stanislaus,099,539301,19858,19068,1094,20162,424
2020-11-14,Sutter,101,95872,2563,2182,9,2191,12
2020-11-14,Tehama,103,63373,1363,1206,6,1212,7
2020-11-14,Trinity,105,12862,186,67,21,88,0
2020-11-14,Tulare,107,460477,19836,18853,856,19709,305
2020-11-14,Tuolumne,109,53932,732,448,5,453,7
2020-11-14,Ventura,111,848112,17652,16297,504,16801,172
2020-11-14,Yolo,113,214977,4073,3765,9,3774,65
2020-11-14,Yuba,115,75493,1609,1453,7,1460,10
2020-11-13,Alameda,001,1643700,26994,25515,261,25776,434
2020-11-13,Alpine,003,1148,35,12,0,12,0
2020-11-13,Amador,005,37829,431,397,0,397,16
2020-11-13,Butte,007,227075,3661,3402,112,3514,58
2020-11-13,Calaveras,009,45235,394,378,0,378,21
2020-11-13,Colusa,011,21464,625,598,1,599,6
2020-11-13,Contra Costa,013,1133247,21906,20799,115,20914,256
2020-11-13,Del Norte,015,27424,244,208,0,208,2
2020-11-13,El Dorado,017,186661,1912,1611,16,1627,4
2020-11-13,Fresno,019,978130,37753,33693,881,34574,470
2020-11-13,Glenn,021,27897,825,755,17,772,3
2020-11-13,Humboldt,023,135768,724,638,1,639,9
2020-11-13,Imperial,025,180216,14560,13790,29,13819,341
2020-11-13,Inyo,027,18085,271,262,6,268,15
2020-11-13,Kern,029,883053,37237,35431,749,36180,453
2020-11-13,Kings,031,150075,9920,9428,103,9531,85
2020-11-13,Lake,033,64148,838,770,0,770,17
2020-11-13,Lassen,035,31185,1230,832,3,835,0
2020-11-13,Los Angeles,037,10098052,345223,329364,4109,333473,7248
2020-11-13,Madera,039,155013,5668,5340,87,5427,54
2020-11-13,Marin,041,260295,7486,7307,23,7330,133
2020-11-13,Mariposa,043,17540,94,86,0,86,2
2020-11-13,Mendocino,045,87422,1274,1173,5,1178,22
2020-11-13,Merced,047,269075,10650,10185,78,10263,159
2020-11-13,Modoc,049,8938,84,63,14,77,0
2020-11-13,Mono,051,14174,475,448,8,456,2
2020-11-13,Monterey,053,433212,13429,12681,158,12839,104
2020-11-13,Napa,055,140530,2705,2440,15,2455,17
2020-11-13,Nevada,057,99092,966,798,24,822,9
2020-11-13,Orange,059,3164182,68636,63804,2076,65880,1514
2020-11-13,Placer,061,380077,5725,5122,67,5189,63
2020-11-13,Plumas,063,18699,151,125,0,125,0
2020-11-13,Riverside,065,2383286,78552,74138,1044,75182,1372
2020-11-13,Sacramento,067,1510023,31926,29787,61,29848,524
2020-11-13,San Benito,069,59416,1645,1553,1,1554,15
2020-11-13,San Bernardino,071,2135413,78981,71895,803,72698,1184
2020-11-13,San Diego,073,3302833,68807,62978,2234,65212,921
2020-11-13,San Francisco,075,870044,14086,13516,76,13592,146
2020-11-13,San Joaquin,077,732212,24384,23314,362,23676,510
2020-11-13,San Luis Obispo,079,281455,5563,4960,76,5036,34
2020-11-13,San Mateo,081,765935,12993,12182,12,12194,169
2020-11-13,Santa Barbara,083,443738,10777,10405,161,10566,134
2020-11-13,Santa Clara,085,1922200,30360,27609,58,27667,415
2020-11-13,Santa Cruz,087,273765,3723,3343,39,3382,25
2020-11-13,Shasta,089,179085,4071,2983,88,3071,37
2020-11-13,Sierra,091,2930,15,11,0,11,0
2020-11-13,Siskiyou,093,43540,391,280,25,305,0
2020-11-13,Solano,095,438530,9092,8525,47,8572,84
2020-11-13,Sonoma,097,501317,11239,10685,36,10721,151
2020-11-13,Stanislaus,099,539301,19733,18936,1066,20002,422
2020-11-13,Sutter,101,95872,2517,2121,8,2129,12
2020-11-13,Tehama,103,63373,1336,1167,6,1173,7
2020-11-13,Trinity,105,12862,184,64,21,85,0
2020-11-13,Tulare,107,460477,19712,18714,815,19529,305
2020-11-13,Tuolumne,109,53932,699,427,5,432,7
2020-11-13,Ventura,111,848112,17506,16172,490,16662,171
2020-11-13,Yolo,113,214977,4022,3716,9,3725,65
2020-11-13,Yuba,115,75493,1582,1435,7,1442,10
2020-11-12,Alameda,001,1643700,26727,25345,261,25606,432
2020-11-12,Alpine,003,1148,34,12,0,12,0
2020-11-12,Amador,005,37829,430,392,0,392,16
2020-11-12,Butte,007,227075,3612,3347,109,3456,58
2020-11-12,Calaveras,009,45235,389,373,0,373,21
2020-11-12,Colusa,011,21464,620,591,1,592,6
2020-11-12,Contra Costa,013,1133247,21699,20619,113,20732,255
2020-11-12,Del Norte,015,27424,237,203,0,203,2
2020-11-12,El Dorado,017,186661,1866,1573,12,1585,4
2020-11-12,Fresno,019,978130,37404,33459,839,34298,468
2020-11-12,Glenn,021,27897,806,727,17,744,3
2020-11-12,Humboldt,023,135768,711,625,1,626,9
2020-11-12,Imperial,025,180216,14395,13619,29,13648,341
2020-11-12,Inyo,027,18085,270,255,6,261,15
2020-11-12,Kern,029,883053,36973,35207,734,35941,451
2020-11-12,Kings,031,150075,9853,9335,102,9437,85
2020-11-12,Lake,033,64148,829,764,0,764,17
2020-11-12,Lassen,035,31185,1161,832,2,834,0
2020-11-12,Los Angeles,037,10098052,341482,327001,4008,331009,7223
2020-11-12,Madera,039,155013,5633,5273,82,5355,54
2020-11-12,Marin,041,260295,7457,7268,23,7291,133
2020-11-12,Mariposa,043,17540,92,84,0,84,2
2020-11-12,Mendocino,045,87422,1255,1142,5,1147,22
2020-11-12,Merced,047,269075,10536,10107,75,10182,158
2020-11-12,Modoc,049,8938,84,63,14,77,0
2020-11-12,Mono,051,14174,474,442,8,450,2
2020-11-12,Monterey,053,433212,13308,12489,144,12633,100
2020-11-12,Napa,055,140530,2643,2398,15,2413,16
2020-11-12,Nevada,057,99092,943,780,23,803,9
2020-11-12,Orange,059,3164182,67891,63232,2057,65289,1514
2020-11-12,Placer,061,380077,5615,5044,58,5102,62
2020-11-12,Plumas,063,18699,147,121,0,121,0
2020-11-12,Riverside,065,2383286,77620,73381,1001,74382,1362
2020-11-12,Sacramento,067,1510023,31435,29459,54,29513,520
2020-11-12,San Benito,069,59416,1625,1525,1,1526,15
2020-11-12,San Bernardino,071,2135413,77614,70758,764,71522,1183
2020-11-12,San Diego,073,3302833,67827,62336,2183,64519,918
2020-11-12,San Francisco,075,870044,13987,13289,75,13364,146
2020-11-12,San Joaquin,077,732212,24191,23002,341,23343,509
2020-11-12,San Luis Obispo,079,281455,5499,4898,75,4973,33
2020-11-12,San Mateo,081,765935,12868,12086,11,12097,169
2020-11-12,Santa Barbara,083,443738,10715,10325,156,10481,134
2020-11-12,Santa Clara,085,1922200,29984,27261,57,27318,414
2020-11-12,Santa Cruz,087,273765,3640,3317,37,3354,25
2020-11-12,Shasta,089,179085,3934,2825,77,2902,37
2020-11-12,Sierra,091,2930,15,11,0,11,0
2020-11-12,Siskiyou,093,43540,374,275,20,295,0
2020-11-12,Solano,095,438530,8992,8417,46,8463,85
2020-11-12,Sonoma,097,501317,11137,10602,35,10637,151
2020-11-12,Stanislaus,099,539301,19564,18787,1037,19824,422
2020-11-12,Sutter,101,95872,2434,2075,7,2082,12
2020-11-12,Tehama,103,63373,1309,1117,6,1123,7
2020-11-12,Trinity,105,12862,176,62,20,82,0
2020-11-12,Tulare,107,460477,19600,18545,777,19322,305
2020-11-12,Tuolumne,109,53932,660,353,5,358,7
2020-11-12,Ventura,111,848112,17256,16013,484,16497,158
2020-11-12,Yolo,113,214977,3978,3646,9,3655,63
2020-11-12,Yuba,115,75493,1547,1410,7,1417,10
2020-11-11,Alameda,001,1643700,26484,25140,259,25399,429
2020-11-11,Alpine,003,1148,29,12,0,12,0
2020-11-11,Amador,005,37829,423,389,0,389,16
2020-11-11,Butte,007,227075,3586,3348,96,3444,58
2020-11-11,Calaveras,009,45235,379,373,0,373,21
2020-11-11,Colusa,011,21464,614,591,1,592,6
2020-11-11,Contra Costa,013,1133247,21481,20452,111,20563,255
2020-11-11,Del Norte,015,27424,230,203,0,203,2
2020-11-11,El Dorado,017,186661,1820,1564,11,1575,4
2020-11-11,Fresno,019,978130,37085,33287,804,34091,468
2020-11-11,Glenn,021,27897,790,722,16,738,3
2020-11-11,Humboldt,023,135768,697,623,1,624,9
2020-11-11,Imperial,025,180216,14225,13623,27,13650,340
2020-11-11,Inyo,027,18085,268,255,6,261,15
2020-11-11,Kern,029,883053,36698,35014,717,35731,449
2020-11-11,Kings,031,150075,9747,9263,99,9362,85
2020-11-11,Lake,033,64148,819,763,0,763,17
2020-11-11,Lassen,035,31185,1136,831,2,833,0
2020-11-11,Los Angeles,037,10098052,338118,324567,3924,328491,7220
2020-11-11,Madera,039,155013,5598,5248,80,5328,54
2020-11-11,Marin,041,260295,7434,7268,23,7291,133
2020-11-11,Mariposa,043,17540,92,84,0,84,2
2020-11-11,Mendocino,045,87422,1243,1142,5,1147,22
2020-11-11,Merced,047,269075,10465,10074,73,10147,157
2020-11-11,Modoc,049,8938,80,62,13,75,0
2020-11-11,Mono,051,14174,472,443,8,451,2
2020-11-11,Monterey,053,433212,13164,12417,140,12557,100
2020-11-11,Napa,055,140530,2594,2365,12,2377,15
2020-11-11,Nevada,057,99092,901,741,23,764,9
2020-11-11,Orange,059,3164182,67252,62929,2034,64963,1506
2020-11-11,Placer,061,380077,5531,4981,50,5031,60
2020-11-11,Plumas,063,18699,145,111,0,111,0
2020-11-11,Riverside,065,2383286,76717,72953,955,73908,1361
2020-11-11,Sacramento,067,1510023,30978,28968,52,29020,520
2020-11-11,San Benito,069,59416,1611,1512,1,1513,15
2020-11-11,San Bernardino,071,2135413,76327,70374,737,71111,1182
2020-11-11,San Diego,073,3302833,66892,61746,2122,63868,918
2020-11-11,San Francisco,075,870044,13879,13287,74,13361,146
2020-11-11,San Joaquin,077,732212,24031,23001,335,23336,509
2020-11-11,San Luis Obispo,079,281455,5423,4832,72,4904,33
2020-11-11,San Mateo,081,765935,12754,12008,11,12019,169
2020-11-11,Santa Barbara,083,443738,10649,10278,156,10434,134
2020-11-11,Santa Clara,085,1922200,29632,27075,56,27131,413
2020-11-11,Santa Cruz,087,273765,3572,3247,37,3284,25
2020-11-11,Shasta,089,179085,3810,2766,67,2833,36
2020-11-11,Sierra,091,2930,13,11,0,11,0
2020-11-11,Siskiyou,093,43540,343,261,17,278,0
2020-11-11,Solano,095,438530,8874,8353,44,8397,85
2020-11-11,Sonoma,097,501317,11063,10498,35,10533,150
2020-11-11,Stanislaus,099,539301,19427,18671,1007,19678,422
2020-11-11,Sutter,101,95872,2386,2049,6,2055,12
2020-11-11,Tehama,103,63373,1267,1105,5,1110,7
2020-11-11,Trinity,105,12862,165,62,20,82,0
2020-11-11,Tulare,107,460477,19469,18500,746,19246,305
2020-11-11,Tuolumne,109,53932,604,354,4,358,7
2020-11-11,Ventura,111,848112,17041,15801,471,16272,158
2020-11-11,Yolo,113,214977,3927,3606,9,3615,63
2020-11-11,Yuba,115,75493,1532,1400,7,1407,10
2020-11-10,Alameda,001,1643700,26254,25008,256,25264,424
2020-11-10,Alpine,003,1148,29,9,0,9,0
2020-11-10,Amador,005,37829,417,384,0,384,16
2020-11-10,Butte,007,227075,3550,3327,92,3419,58
2020-11-10,Calaveras,009,45235,374,367,0,367,21
2020-11-10,Colusa,011,21464,606,590,1,591,6
2020-11-10,Contra Costa,013,1133247,21274,20326,109,20435,255
2020-11-10,Del Norte,015,27424,224,196,0,196,2
2020-11-10,El Dorado,017,186661,1759,1551,11,1562,4
2020-11-10,Fresno,019,978130,36815,33024,766,33790,465
2020-11-10,Glenn,021,27897,782,719,12,731,3
2020-11-10,Humboldt,023,135768,680,610,1,611,9
2020-11-10,Imperial,025,180216,14095,13570,27,13597,338
2020-11-10,Inyo,027,18085,267,252,6,258,14
2020-11-10,Kern,029,883053,36422,34858,698,35556,448
2020-11-10,Kings,031,150075,9700,9236,92,9328,85
2020-11-10,Lake,033,64148,809,762,0,762,16
2020-11-10,Lassen,035,31185,1121,830,2,832,0
2020-11-10,Los Angeles,037,10098052,334866,322569,3810,326379,7205
2020-11-10,Madera,039,155013,5556,5229,74,5303,54
2020-11-10,Marin,041,260295,7415,7259,23,7282,133
2020-11-10,Mariposa,043,17540,90,84,0,84,2
2020-11-10,Mendocino,045,87422,1235,1137,5,1142,22
2020-11-10,Merced,047,269075,10403,9992,67,10059,157
2020-11-10,Modoc,049,8938,78,61,13,74,0
2020-11-10,Mono,051,14174,470,443,8,451,2
2020-11-10,Monterey,053,433212,13029,12335,132,12467,100
2020-11-10,Napa,055,140530,2556,2341,10,2351,15
2020-11-10,Nevada,057,99092,885,734,23,757,9
2020-11-10,Orange,059,3164182,66702,62597,2024,64621,1504
2020-11-10,Placer,061,380077,5451,4902,49,4951,60
2020-11-10,Plumas,063,18699,141,108,0,108,0
2020-11-10,Riverside,065,2383286,76075,72316,928,73244,1359
2020-11-10,Sacramento,067,1510023,30571,28677,49,28726,519
2020-11-10,San Benito,069,59416,1596,1508,1,1509,15
2020-11-10,San Bernardino,071,2135413,75156,69666,704,70370,1182
2020-11-10,San Diego,073,3302833,66001,61085,2085,63170,915
2020-11-10,San Francisco,075,870044,13762,13210,74,13284,146
2020-11-10,San Joaquin,077,732212,23866,22865,328,23193,508
2020-11-10,San Luis Obispo,079,281455,5360,4780,69,4849,33
2020-11-10,San Mateo,081,765935,12653,11939,11,11950,169
2020-11-10,Santa Barbara,083,443738,10582,10252,152,10404,134
2020-11-10,Santa Clara,085,1922200,29287,26917,55,26972,409
2020-11-10,Santa Cruz,087,273765,3508,3221,37,3258,25
2020-11-10,Shasta,089,179085,3667,2686,59,2745,36
2020-11-10,Sierra,091,2930,12,10,0,10,0
2020-11-10,Siskiyou,093,43540,326,263,16,279,0
2020-11-10,Solano,095,438530,8776,8299,44,8343,85
2020-11-10,Sonoma,097,501317,10976,10414,35,10449,150
2020-11-10,Stanislaus,099,539301,19293,18592,983,19575,420
2020-11-10,Sutter,101,95872,2291,2035,5,2040,12
2020-11-10,Tehama,103,63373,1242,1099,4,1103,7
2020-11-10,Trinity,105,12862,156,62,18,80,0
2020-11-10,Tulare,107,460477,19354,18430,722,19152,305
2020-11-10,Tuolumne,109,53932,555,353,4,357,7
2020-11-10,Ventura,111,848112,16858,15625,469,16094,158
2020-11-10,Yolo,113,214977,3866,3573,9,3582,63
2020-11-10,Yuba,115,75493,1509,1392,7,1399,10
2020-11-09,Alameda,001,1643700,26006,24899,252,25151,424
2020-11-09,Alpine,003,1148,27,6,0,6,0
2020-11-09,Amador,005,37829,408,380,0,380,16
2020-11-09,Butte,007,227075,3505,3301,83,3384,57
2020-11-09,Calaveras,009,45235,370,360,0,360,21
2020-11-09,Colusa,011,21464,600,583,1,584,6
2020-11-09,Contra Costa,013,1133247,21101,20193,107,20300,255
2020-11-09,Del Norte,015,27424,218,195,0,195,2
2020-11-09,El Dorado,017,186661,1718,1515,11,1526,4
2020-11-09,Fresno,019,978130,36504,32755,726,33481,465
2020-11-09,Glenn,021,27897,776,714,9,723,3
2020-11-09,Humboldt,023,135768,667,607,1,608,9
2020-11-09,Imperial,025,180216,13978,13508,26,13534,338
2020-11-09,Inyo,027,18085,267,252,6,258,14
2020-11-09,Kern,029,883053,36191,34764,662,35426,448
2020-11-09,Kings,031,150075,9630,9141,90,9231,84
2020-11-09,Lake,033,64148,800,755,0,755,16
2020-11-09,Lassen,035,31185,1025,799,2,801,0
2020-11-09,Los Angeles,037,10098052,331769,320370,3735,324105,7180
2020-11-09,Madera,039,155013,5510,5209,71,5280,54
2020-11-09,Marin,041,260295,7389,7237,22,7259,131
2020-11-09,Mariposa,043,17540,90,84,0,84,2
2020-11-09,Mendocino,045,87422,1223,1132,5,1137,22
2020-11-09,Merced,047,269075,10300,9922,64,9986,157
2020-11-09,Modoc,049,8938,74,54,12,66,0
2020-11-09,Mono,051,14174,467,352,8,360,2
2020-11-09,Monterey,053,433212,12882,12148,124,12272,98
2020-11-09,Napa,055,140530,2513,2309,10,2319,15
2020-11-09,Nevada,057,99092,848,729,22,751,9
2020-11-09,Orange,059,3164182,66061,62335,2011,64346,1501
2020-11-09,Placer,061,380077,5366,4843,37,4880,60
2020-11-09,Plumas,063,18699,134,102,0,102,0
2020-11-09,Riverside,065,2383286,75292,72059,894,72953,1346
2020-11-09,Sacramento,067,1510023,30100,28200,49,28249,516
2020-11-09,San Benito,069,59416,1587,1506,1,1507,15
2020-11-09,San Bernardino,071,2135413,74101,69015,662,69677,1182
2020-11-09,San Diego,073,3302833,65146,60572,2045,62617,908
2020-11-09,San Francisco,075,870044,13642,12984,71,13055,146
2020-11-09,San Joaquin,077,732212,23701,22512,323,22835,505
2020-11-09,San Luis Obispo,079,281455,5273,4746,67,4813,32
2020-11-09,San Mateo,081,765935,12546,11857,11,11868,169
2020-11-09,Santa Barbara,083,443738,10525,10214,146,10360,134
2020-11-09,Santa Clara,085,1922200,28892,26693,55,26748,409
2020-11-09,Santa Cruz,087,273765,3450,3194,37,3231,25
2020-11-09,Shasta,089,179085,3513,2581,50,2631,36
2020-11-09,Sierra,091,2930,10,10,0,10,0
2020-11-09,Siskiyou,093,43540,315,257,14,271,0
2020-11-09,Solano,095,438530,8660,8254,43,8297,85
2020-11-09,Sonoma,097,501317,10868,10310,35,10345,150
2020-11-09,Stanislaus,099,539301,19140,18482,966,19448,418
2020-11-09,Sutter,101,95872,2224,2010,4,2014,12
2020-11-09,Tehama,103,63373,1205,1071,3,1074,7
2020-11-09,Trinity,105,12862,149,46,18,64,0
2020-11-09,Tulare,107,460477,19234,18272,690,18962,304
2020-11-09,Tuolumne,109,53932,500,346,4,350,7
2020-11-09,Ventura,111,848112,16656,15568,466,16034,156
2020-11-09,Yolo,113,214977,3806,3522,9,3531,62
2020-11-09,Yuba,115,75493,1476,1380,7,1387,10
2020-11-08,Alameda,001,1643700,25776,24731,252,24983,424
2020-11-08,Alpine,003,1148,24,6,0,6,0
2020-11-08,Amador,005,37829,401,376,0,376,16
2020-11-08,Butte,007,227075,3467,3285,76,3361,57
2020-11-08,Calaveras,009,45235,368,360,0,360,21
2020-11-08,Colusa,011,21464,597,583,1,584,6
2020-11-08,Contra Costa,013,1133247,20931,20031,105,20136,254
2020-11-08,Del Norte,015,27424,210,195,0,195,2
2020-11-08,El Dorado,017,186661,1680,1502,11,1513,4
2020-11-08,Fresno,019,978130,36168,32619,688,33307,465
2020-11-08,Glenn,021,27897,770,707,8,715,3
2020-11-08,Humboldt,023,135768,651,605,1,606,9
2020-11-08,Imperial,025,180216,13862,13428,26,13454,338
2020-11-08,Inyo,027,18085,263,252,6,258,14
2020-11-08,Kern,029,883053,35972,34644,644,35288,448
2020-11-08,Kings,031,150075,9497,9026,87,9113,84
2020-11-08,Lake,033,64148,792,754,0,754,16
2020-11-08,Lassen,035,31185,877,799,2,801,0
2020-11-08,Los Angeles,037,10098052,328643,318960,3668,322628,7176
2020-11-08,Madera,039,155013,5441,5196,68,5264,54
2020-11-08,Marin,041,260295,7369,7227,22,7249,131
2020-11-08,Mariposa,043,17540,90,83,0,83,2
2020-11-08,Mendocino,045,87422,1214,1129,5,1134,22
2020-11-08,Merced,047,269075,10225,9885,62,9947,157
2020-11-08,Modoc,049,8938,70,54,12,66,0
2020-11-08,Mono,051,14174,461,352,8,360,2
2020-11-08,Monterey,053,433212,12737,12122,113,12235,98
2020-11-08,Napa,055,140530,2474,2274,10,2284,15
2020-11-08,Nevada,057,99092,832,715,22,737,9
2020-11-08,Orange,059,3164182,65472,62034,1997,64031,1501
2020-11-08,Placer,061,380077,5263,4800,32,4832,60
2020-11-08,Plumas,063,18699,129,102,0,102,0
2020-11-08,Riverside,065,2383286,74637,71442,852,72294,1345
2020-11-08,Sacramento,067,1510023,29540,28059,46,28105,515
2020-11-08,San Benito,069,59416,1572,1496,1,1497,15
2020-11-08,San Bernardino,071,2135413,72849,68412,623,69035,1182
2020-11-08,San Diego,073,3302833,64301,60199,2001,62200,908
2020-11-08,San Francisco,075,870044,13511,12985,66,13051,146
2020-11-08,San Joaquin,077,732212,23507,22514,319,22833,505
2020-11-08,San Luis Obispo,079,281455,5207,4698,62,4760,32
2020-11-08,San Mateo,081,765935,12428,11783,11,11794,169
2020-11-08,Santa Barbara,083,443738,10455,10180,144,10324,134
2020-11-08,Santa Clara,085,1922200,28518,26442,54,26496,410
2020-11-08,Santa Cruz,087,273765,3393,3134,37,3171,25
2020-11-08,Shasta,089,179085,3377,2582,44,2626,36
2020-11-08,Sierra,091,2930,10,7,0,7,0
2020-11-08,Siskiyou,093,43540,303,246,13,259,0
2020-11-08,Solano,095,438530,8539,8132,42,8174,85
2020-11-08,Sonoma,097,501317,10761,10229,35,10264,149
2020-11-08,Stanislaus,099,539301,18965,18413,945,19358,418
2020-11-08,Sutter,101,95872,2166,1980,4,1984,12
2020-11-08,Tehama,103,63373,1180,1054,3,1057,7
2020-11-08,Trinity,105,12862,146,46,17,63,0
2020-11-08,Tulare,107,460477,19091,18272,660,18932,304
2020-11-08,Tuolumne,109,53932,473,341,4,345,7
2020-11-08,Ventura,111,848112,16461,15504,458,15962,156
2020-11-08,Yolo,113,214977,3745,3492,9,3501,61
2020-11-08,Yuba,115,75493,1455,1369,7,1376,10
2020-11-07,Alameda,001,1643700,25666,24578,250,24828,424
2020-11-07,Alpine,003,1148,24,6,0,6,0
2020-11-07,Amador,005,37829,398,375,0,375,16
2020-11-07,Butte,007,227075,3455,3277,71,3348,57
2020-11-07,Calaveras,009,45235,366,360,0,360,21
2020-11-07,Colusa,011,21464,597,583,1,584,6
2020-11-07,Contra Costa,013,1133247,20830,19943,104,20047,254
2020-11-07,Del Norte,015,27424,206,194,0,194,2
2020-11-07,El Dorado,017,186661,1655,1495,10,1505,4
2020-11-07,Fresno,019,978130,36014,32497,665,33162,465
2020-11-07,Glenn,021,27897,762,707,8,715,3
2020-11-07,Humboldt,023,135768,640,590,1,591,9
2020-11-07,Imperial,025,180216,13804,13388,25,13413,338
2020-11-07,Inyo,027,18085,261,252,6,258,14
2020-11-07,Kern,029,883053,35817,34513,634,35147,448
2020-11-07,Kings,031,150075,9464,9005,81,9086,84
2020-11-07,Lake,033,64148,788,751,0,751,16
2020-11-07,Lassen,035,31185,861,799,2,801,0
2020-11-07,Los Angeles,037,10098052,327135,316756,3600,320356,7174
2020-11-07,Madera,039,155013,5419,5177,66,5243,54
2020-11-07,Marin,041,260295,7358,7215,22,7237,131
2020-11-07,Mariposa,043,17540,90,81,0,81,2
2020-11-07,Mendocino,045,87422,1203,1118,5,1123,22
2020-11-07,Merced,047,269075,10193,9855,58,9913,157
2020-11-07,Modoc,049,8938,70,51,12,63,0
2020-11-07,Mono,051,14174,458,352,8,360,2
2020-11-07,Monterey,053,433212,12667,12030,109,12139,98
2020-11-07,Napa,055,140530,2444,2260,9,2269,15
2020-11-07,Nevada,057,99092,815,710,22,732,9
2020-11-07,Orange,059,3164182,65185,62038,1991,64029,1505
2020-11-07,Placer,061,380077,5200,4745,32,4777,60
2020-11-07,Plumas,063,18699,127,94,0,94,0
2020-11-07,Riverside,065,2383286,74242,71153,825,71978,1345
2020-11-07,Sacramento,067,1510023,29290,27773,46,27819,515
2020-11-07,San Benito,069,59416,1560,1489,1,1490,15
2020-11-07,San Bernardino,071,2135413,72333,67935,612,68547,1182
2020-11-07,San Diego,073,3302833,63789,59682,1969,61651,909
2020-11-07,San Francisco,075,870044,13450,12980,65,13045,146
2020-11-07,San Joaquin,077,732212,23398,22517,313,22830,505
2020-11-07,San Luis Obispo,079,281455,5158,4668,59,4727,32
2020-11-07,San Mateo,081,765935,12365,11711,11,11722,169
2020-11-07,Santa Barbara,083,443738,10413,10157,142,10299,134
2020-11-07,Santa Clara,085,1922200,28314,26244,53,26297,410
2020-11-07,Santa Cruz,087,273765,3355,3130,37,3167,25
2020-11-07,Shasta,089,179085,3310,2547,42,2589,36
2020-11-07,Sierra,091,2930,10,7,0,7,0
2020-11-07,Siskiyou,093,43540,299,241,13,254,0
2020-11-07,Solano,095,438530,8487,8066,42,8108,85
2020-11-07,Sonoma,097,501317,10715,10200,35,10235,149
2020-11-07,Stanislaus,099,539301,18856,18386,928,19314,418
2020-11-07,Sutter,101,95872,2126,1973,4,1977,12
2020-11-07,Tehama,103,63373,1156,1043,3,1046,7
2020-11-07,Trinity,105,12862,146,42,16,58,0
2020-11-07,Tulare,107,460477,19035,18229,643,18872,304
2020-11-07,Tuolumne,109,53932,462,327,4,331,7
2020-11-07,Ventura,111,848112,16401,15364,453,15817,156
2020-11-07,Yolo,113,214977,3714,3486,9,3495,61
2020-11-07,Yuba,115,75493,1440,1349,7,1356,10
2020-11-06,Alameda,001,1643700,25534,24389,248,24637,420
2020-11-06,Alpine,003,1148,24,6,0,6,0
2020-11-06,Amador,005,37829,396,369,0,369,16
2020-11-06,Butte,007,227075,3430,3254,63,3317,57
2020-11-06,Calaveras,009,45235,365,359,0,359,21
2020-11-06,Colusa,011,21464,595,580,1,581,6
2020-11-06,Contra Costa,013,1133247,20681,19744,104,19848,252
2020-11-06,Del Norte,015,27424,203,194,0,194,2
2020-11-06,El Dorado,017,186661,1629,1475,10,1485,4
2020-11-06,Fresno,019,978130,35826,32278,649,32927,460
2020-11-06,Glenn,021,27897,756,707,7,714,3
2020-11-06,Humboldt,023,135768,637,587,1,588,9
2020-11-06,Imperial,025,180216,13751,13230,25,13255,338
2020-11-06,Inyo,027,18085,259,246,6,252,14
2020-11-06,Kern,029,883053,35653,34360,616,34976,443
2020-11-06,Kings,031,150075,9440,8883,79,8962,83
2020-11-06,Lake,033,64148,787,741,0,741,16
2020-11-06,Lassen,035,31185,853,794,2,796,0
2020-11-06,Los Angeles,037,10098052,325161,314356,3548,317904,7160
2020-11-06,Madera,039,155013,5403,5136,65,5201,54
2020-11-06,Marin,041,260295,7337,7184,22,7206,131
2020-11-06,Mariposa,043,17540,89,79,0,79,2
2020-11-06,Mendocino,045,87422,1198,1113,5,1118,22
2020-11-06,Merced,047,269075,10153,9778,55,9833,157
2020-11-06,Modoc,049,8938,70,48,12,60,0
2020-11-06,Mono,051,14174,452,308,8,316,1
2020-11-06,Monterey,053,433212,12550,11914,108,12022,96
2020-11-06,Napa,055,140530,2419,2189,9,2198,15
2020-11-06,Nevada,057,99092,802,692,21,713,9
2020-11-06,Orange,059,3164182,64882,61049,1981,63030,1494
2020-11-06,Placer,061,380077,5127,4680,32,4712,60
2020-11-06,Plumas,063,18699,122,90,0,90,0
2020-11-06,Riverside,065,2383286,73792,70409,784,71193,1341
2020-11-06,Sacramento,067,1510023,28998,27489,44,27533,514
2020-11-06,San Benito,069,59416,1551,1479,1,1480,15
2020-11-06,San Bernardino,071,2135413,71734,66740,591,67331,1179
2020-11-06,San Diego,073,3302833,63265,59143,1937,61080,907
2020-11-06,San Francisco,075,870044,13380,12825,64,12889,146
2020-11-06,San Joaquin,077,732212,23313,22424,303,22727,502
2020-11-06,San Luis Obispo,079,281455,5093,4531,53,4584,32
2020-11-06,San Mateo,081,765935,12290,11587,11,11598,168
2020-11-06,Santa Barbara,083,443738,10377,10118,137,10255,133
2020-11-06,Santa Clara,085,1922200,28072,25831,53,25884,402
2020-11-06,Santa Cruz,087,273765,3318,3063,37,3100,25
2020-11-06,Shasta,089,179085,3237,2475,41,2516,35
2020-11-06,Sierra,091,2930,9,7,0,7,0
2020-11-06,Siskiyou,093,43540,286,237,12,249,0
2020-11-06,Solano,095,438530,8422,7959,42,8001,85
2020-11-06,Sonoma,097,501317,10665,10142,35,10177,149
2020-11-06,Stanislaus,099,539301,18769,18250,919,19169,417
2020-11-06,Sutter,101,95872,2099,1937,2,1939,12
2020-11-06,Tehama,103,63373,1135,1024,3,1027,6
2020-11-06,Trinity,105,12862,143,41,16,57,0
2020-11-06,Tulare,107,460477,18971,18136,618,18754,300
2020-11-06,Tuolumne,109,53932,441,316,4,320,5
2020-11-06,Ventura,111,848112,16315,15222,450,15672,154
2020-11-06,Yolo,113,214977,3685,3420,9,3429,62
2020-11-06,Yuba,115,75493,1427,1335,7,1342,10
2020-11-05,Alameda,001,1643700,25358,24270,248,24518,420
2020-11-05,Alpine,003,1148,24,6,0,6,0
2020-11-05,Amador,005,37829,393,363,0,363,16
2020-11-05,Butte,007,227075,3407,3239,57,3296,57
2020-11-05,Calaveras,009,45235,358,333,0,333,19
2020-11-05,Colusa,011,21464,591,574,1,575,6
2020-11-05,Contra Costa,013,1133247,20499,19656,102,19758,252
2020-11-05,Del Norte,015,27424,201,192,0,192,2
2020-11-05,El Dorado,017,186661,1605,1466,10,1476,4
2020-11-05,Fresno,019,978130,35583,32056,624,32680,460
2020-11-05,Glenn,021,27897,736,702,7,709,3
2020-11-05,Humboldt,023,135768,627,581,1,582,9
2020-11-05,Imperial,025,180216,13659,13178,24,13202,337
2020-11-05,Inyo,027,18085,259,247,6,253,14
2020-11-05,Kern,029,883053,35452,34232,602,34834,443
2020-11-05,Kings,031,150075,9285,8846,76,8922,83
2020-11-05,Lake,033,64148,783,739,0,739,16
2020-11-05,Lassen,035,31185,822,782,2,784,0
2020-11-05,Los Angeles,037,10098052,322805,312381,3495,315876,7146
2020-11-05,Madera,039,155013,5364,5129,62,5191,54
2020-11-05,Marin,041,260295,7315,7171,22,7193,131
2020-11-05,Mariposa,043,17540,88,79,0,79,2
2020-11-05,Mendocino,045,87422,1186,1112,5,1117,22
2020-11-05,Merced,047,269075,10094,9753,50,9803,155
2020-11-05,Modoc,049,8938,69,47,11,58,0
2020-11-05,Mono,051,14174,450,307,8,315,1
2020-11-05,Monterey,053,433212,12440,11784,104,11888,96
2020-11-05,Napa,055,140530,2392,2158,9,2167,15
2020-11-05,Nevada,057,99092,780,687,20,707,9
2020-11-05,Orange,059,3164182,64435,60740,1971,62711,1484
2020-11-05,Placer,061,380077,5058,4627,27,4654,60
2020-11-05,Plumas,063,18699,114,90,0,90,0
2020-11-05,Riverside,065,2383286,73081,70094,726,70820,1338
2020-11-05,Sacramento,067,1510023,28617,27232,43,27275,512
2020-11-05,San Benito,069,59416,1536,1477,1,1478,15
2020-11-05,San Bernardino,071,2135413,70905,66407,578,66985,1174
2020-11-05,San Diego,073,3302833,62639,58659,1911,60570,904
2020-11-05,San Francisco,075,870044,13268,12726,63,12789,146
2020-11-05,San Joaquin,077,732212,23149,22318,299,22617,502
2020-11-05,San Luis Obispo,079,281455,5026,4459,51,4510,32
2020-11-05,San Mateo,081,765935,12196,11535,11,11546,168
2020-11-05,Santa Barbara,083,443738,10333,10080,134,10214,133
2020-11-05,Santa Clara,085,1922200,27805,25651,53,25704,402
2020-11-05,Santa Cruz,087,273765,3280,3023,37,3060,25
2020-11-05,Shasta,089,179085,3147,2401,40,2441,34
2020-11-05,Sierra,091,2930,9,6,0,6,0
2020-11-05,Siskiyou,093,43540,275,228,12,240,0
2020-11-05,Solano,095,438530,8339,7842,42,7884,85
2020-11-05,Sonoma,097,501317,10553,10064,34,10098,145
2020-11-05,Stanislaus,099,539301,18655,18194,906,19100,417
2020-11-05,Sutter,101,95872,2067,1925,2,1927,12
2020-11-05,Tehama,103,63373,1113,1015,2,1017,6
2020-11-05,Trinity,105,12862,127,41,15,56,0
2020-11-05,Tulare,107,460477,18883,18049,592,18641,301
2020-11-05,Tuolumne,109,53932,413,312,4,316,5
2020-11-05,Ventura,111,848112,16149,15113,439,15552,155
2020-11-05,Yolo,113,214977,3635,3391,9,3400,61
2020-11-05,Yuba,115,75493,1409,1322,7,1329,10
2020-11-04,Alameda,001,1643700,25181,24172,246,24418,418
2020-11-04,Alpine,003,1148,20,5,0,5,0
2020-11-04,Amador,005,37829,390,362,0,362,16
2020-11-04,Butte,007,227075,3381,3218,54,3272,57
2020-11-04,Calaveras,009,45235,355,290,0,290,19
2020-11-04,Colusa,011,21464,589,571,1,572,6
2020-11-04,Contra Costa,013,1133247,20332,19472,99,19571,251
2020-11-04,Del Norte,015,27424,197,188,0,188,2
2020-11-04,El Dorado,017,186661,1590,1448,7,1455,4
2020-11-04,Fresno,019,978130,35351,31952,596,32548,457
2020-11-04,Glenn,021,27897,732,701,6,707,3
2020-11-04,Humboldt,023,135768,618,571,1,572,9
2020-11-04,Imperial,025,180216,13561,13087,24,13111,335
2020-11-04,Inyo,027,18085,258,247,6,253,14
2020-11-04,Kern,029,883053,35297,34027,591,34618,439
2020-11-04,Kings,031,150075,9251,8817,74,8891,83
2020-11-04,Lake,033,64148,776,735,0,735,16
2020-11-04,Lassen,035,31185,817,781,2,783,0
2020-11-04,Los Angeles,037,10098052,320494,310456,3415,313871,7124
2020-11-04,Madera,039,155013,5344,5083,58,5141,54
2020-11-04,Marin,041,260295,7303,7157,22,7179,131
2020-11-04,Mariposa,043,17540,88,79,0,79,2
2020-11-04,Mendocino,045,87422,1168,1089,5,1094,22
2020-11-04,Merced,047,269075,10044,9717,48,9765,153
2020-11-04,Modoc,049,8938,59,47,11,58,0
2020-11-04,Mono,051,14174,447,237,7,244,1
2020-11-04,Monterey,053,433212,12236,11743,98,11841,96
2020-11-04,Napa,055,140530,2338,2133,9,2142,15
2020-11-04,Nevada,057,99092,761,675,20,695,9
2020-11-04,Orange,059,3164182,64001,60463,1948,62411,1483
2020-11-04,Placer,061,380077,4979,4526,24,4550,60
2020-11-04,Plumas,063,18699,112,88,0,88,0
2020-11-04,Riverside,065,2383286,72464,69562,667,70229,1335
2020-11-04,Sacramento,067,1510023,28266,27005,42,27047,510
2020-11-04,San Benito,069,59416,1521,1464,1,1465,15
2020-11-04,San Bernardino,071,2135413,70107,65891,555,66446,1169
2020-11-04,San Diego,073,3302833,61993,58126,1885,60011,904
2020-11-04,San Francisco,075,870044,13184,12649,60,12709,146
2020-11-04,San Joaquin,077,732212,23012,22197,286,22483,500
2020-11-04,San Luis Obispo,079,281455,4959,4389,49,4438,32
2020-11-04,San Mateo,081,765935,12101,11456,11,11467,168
2020-11-04,Santa Barbara,083,443738,10295,10026,133,10159,132
2020-11-04,Santa Clara,085,1922200,27542,25487,53,25540,393
2020-11-04,Santa Cruz,087,273765,3243,2997,37,3034,25
2020-11-04,Shasta,089,179085,3016,2321,35,2356,34
2020-11-04,Sierra,091,2930,9,6,0,6,0
2020-11-04,Siskiyou,093,43540,266,222,12,234,0
2020-11-04,Solano,095,438530,8240,7733,42,7775,85
2020-11-04,Sonoma,097,501317,10459,9965,34,9999,142
2020-11-04,Stanislaus,099,539301,18538,18114,891,19005,416
2020-11-04,Sutter,101,95872,2033,1916,2,1918,12
2020-11-04,Tehama,103,63373,1088,997,2,999,6
2020-11-04,Trinity,105,12862,123,37,15,52,0
2020-11-04,Tulare,107,460477,18774,17952,564,18516,298
2020-11-04,Tuolumne,109,53932,390,310,4,314,5
2020-11-04,Ventura,111,848112,16009,14936,436,15372,155
2020-11-04,Yolo,113,214977,3594,3361,9,3370,62
2020-11-04,Yuba,115,75493,1388,1312,7,1319,10
2020-11-03,Alameda,001,1643700,24997,24055,244,24299,418
2020-11-03,Alpine,003,1148,19,4,0,4,0
2020-11-03,Amador,005,37829,385,361,0,361,16
2020-11-03,Butte,007,227075,3357,3211,49,3260,57
2020-11-03,Calaveras,009,45235,351,287,0,287,19
2020-11-03,Colusa,011,21464,584,572,1,573,6
2020-11-03,Contra Costa,013,1133247,20177,19416,99,19515,250
2020-11-03,Del Norte,015,27424,196,187,0,187,2
2020-11-03,El Dorado,017,186661,1568,1445,6,1451,4
2020-11-03,Fresno,019,978130,35083,31856,573,32429,457
2020-11-03,Glenn,021,27897,726,698,6,704,3
2020-11-03,Humboldt,023,135768,612,570,1,571,8
2020-11-03,Imperial,025,180216,13472,13044,23,13067,335
2020-11-03,Inyo,027,18085,257,244,6,250,14
2020-11-03,Kern,029,883053,35106,33957,580,34537,439
2020-11-03,Kings,031,150075,9088,8783,69,8852,83
2020-11-03,Lake,033,64148,766,732,0,732,16
2020-11-03,Lassen,035,31185,808,782,2,784,0
2020-11-03,Los Angeles,037,10098052,318039,308812,3347,312159,7104
2020-11-03,Madera,039,155013,5307,5058,57,5115,54
2020-11-03,Marin,041,260295,7283,7147,21,7168,131
2020-11-03,Mariposa,043,17540,87,79,0,79,2
2020-11-03,Mendocino,045,87422,1153,1084,5,1089,22
2020-11-03,Merced,047,269075,9991,9713,47,9760,153
2020-11-03,Modoc,049,8938,57,47,9,56,0
2020-11-03,Mono,051,14174,443,210,7,217,1
2020-11-03,Monterey,053,433212,12167,11703,91,11794,94
2020-11-03,Napa,055,140530,2302,2130,9,2139,15
2020-11-03,Nevada,057,99092,741,670,19,689,9
2020-11-03,Orange,059,3164182,63571,60283,1936,62219,1477
2020-11-03,Placer,061,380077,4905,4514,24,4538,60
2020-11-03,Plumas,063,18699,109,86,0,86,0
2020-11-03,Riverside,065,2383286,71845,69300,642,69942,1325
2020-11-03,Sacramento,067,1510023,27886,26841,41,26882,510
2020-11-03,San Benito,069,59416,1511,1463,1,1464,15
2020-11-03,San Bernardino,071,2135413,69296,65320,547,65867,1159
2020-11-03,San Diego,073,3302833,61317,57722,1841,59563,901
2020-11-03,San Francisco,075,870044,13061,12585,60,12645,146
2020-11-03,San Joaquin,077,732212,22877,22109,280,22389,500
2020-11-03,San Luis Obispo,079,281455,4875,4371,47,4418,32
2020-11-03,San Mateo,081,765935,12006,11406,11,11417,162
2020-11-03,Santa Barbara,083,443738,10241,10008,128,10136,132
2020-11-03,Santa Clara,085,1922200,27270,25386,52,25438,393
2020-11-03,Santa Cruz,087,273765,3193,2980,36,3016,25
2020-11-03,Shasta,089,179085,2922,2288,28,2316,33
2020-11-03,Sierra,091,2930,7,6,0,6,0
2020-11-03,Siskiyou,093,43540,262,219,11,230,0
2020-11-03,Solano,095,438530,8157,7691,42,7733,85
2020-11-03,Sonoma,097,501317,10357,9906,34,9940,142
2020-11-03,Stanislaus,099,539301,18417,18080,880,18960,416
2020-11-03,Sutter,101,95872,2000,1914,2,1916,12
2020-11-03,Tehama,103,63373,1067,988,2,990,6
2020-11-03,Trinity,105,12862,116,36,14,50,0
2020-11-03,Tulare,107,460477,18668,17890,539,18429,297
2020-11-03,Tuolumne,109,53932,367,302,4,306,5
2020-11-03,Ventura,111,848112,15882,14816,429,15245,155
2020-11-03,Yolo,113,214977,3543,3343,9,3352,61
2020-11-03,Yuba,115,75493,1375,1295,7,1302,10
2020-11-02,Alameda,001,1643700,24801,23991,241,24232,419
2020-11-02,Alpine,003,1148,16,4,0,4,0
2020-11-02,Amador,005,37829,377,357,0,357,16
2020-11-02,Butte,007,227075,3337,3198,46,3244,57
2020-11-02,Calaveras,009,45235,351,282,0,282,18
2020-11-02,Colusa,011,21464,579,571,1,572,6
2020-11-02,Contra Costa,013,1133247,20023,19339,98,19437,250
2020-11-02,Del Norte,015,27424,193,175,0,175,2
2020-11-02,El Dorado,017,186661,1544,1405,6,1411,4
2020-11-02,Fresno,019,978130,34814,31738,556,32294,451
2020-11-02,Glenn,021,27897,720,692,5,697,3
2020-11-02,Humboldt,023,135768,603,569,1,570,8
2020-11-02,Imperial,025,180216,13392,13004,22,13026,334
2020-11-02,Inyo,027,18085,254,243,6,249,14
2020-11-02,Kern,029,883053,34948,33834,570,34404,437
2020-11-02,Kings,031,150075,9058,8654,66,8720,82
2020-11-02,Lake,033,64148,760,728,0,728,17
2020-11-02,Lassen,035,31185,800,782,2,784,0
2020-11-02,Los Angeles,037,10098052,315695,307620,3270,310890,7079
2020-11-02,Madera,039,155013,5276,5033,56,5089,54
2020-11-02,Marin,041,260295,7265,7132,20,7152,125
2020-11-02,Mariposa,043,17540,87,79,0,79,2
2020-11-02,Mendocino,045,87422,1139,1076,5,1081,21
2020-11-02,Merced,047,269075,9929,9664,41,9705,152
2020-11-02,Modoc,049,8938,54,45,5,50,0
2020-11-02,Mono,051,14174,441,211,7,218,1
2020-11-02,Monterey,053,433212,12060,11602,88,11690,93
2020-11-02,Napa,055,140530,2260,2081,9,2090,15
2020-11-02,Nevada,057,99092,725,656,19,675,9
2020-11-02,Orange,059,3164182,63166,59996,1920,61916,1474
2020-11-02,Placer,061,380077,4837,4461,22,4483,60
2020-11-02,Plumas,063,18699,101,86,0,86,0
2020-11-02,Riverside,065,2383286,71214,68833,601,69434,1321
2020-11-02,Sacramento,067,1510023,27544,26676,39,26715,508
2020-11-02,San Benito,069,59416,1499,1459,1,1460,15
2020-11-02,San Bernardino,071,2135413,68441,64629,536,65165,1157
2020-11-02,San Diego,073,3302833,60594,57429,1796,59225,891
2020-11-02,San Francisco,075,870044,12964,12436,59,12495,145
2020-11-02,San Joaquin,077,732212,22737,21919,272,22191,500
2020-11-02,San Luis Obispo,079,281455,4775,4303,44,4347,31
2020-11-02,San Mateo,081,765935,11897,11328,11,11339,161
2020-11-02,Santa Barbara,083,443738,10200,9985,123,10108,130
2020-11-02,Santa Clara,085,1922200,26980,25222,52,25274,387
2020-11-02,Santa Cruz,087,273765,3151,2943,36,2979,25
2020-11-02,Shasta,089,179085,2819,2174,24,2198,33
2020-11-02,Sierra,091,2930,7,6,0,6,0
2020-11-02,Siskiyou,093,43540,252,216,11,227,0
2020-11-02,Solano,095,438530,8039,7665,42,7707,84
2020-11-02,Sonoma,097,501317,10275,9796,33,9829,140
2020-11-02,Stanislaus,099,539301,18321,18005,871,18876,412
2020-11-02,Sutter,101,95872,1976,1895,2,1897,12
2020-11-02,Tehama,103,63373,1044,971,2,973,6
2020-11-02,Trinity,105,12862,110,30,14,44,0
2020-11-02,Tulare,107,460477,18575,17774,518,18292,299
2020-11-02,Tuolumne,109,53932,346,302,4,306,5
2020-11-02,Ventura,111,848112,15741,14767,415,15182,156
2020-11-02,Yolo,113,214977,3494,3318,9,3327,61
2020-11-02,Yuba,115,75493,1362,1280,7,1287,10
2020-11-01,Alameda,001,1643700,24638,23892,239,24131,419
2020-11-01,Alpine,003,1148,10,4,0,4,0
2020-11-01,Amador,005,37829,374,352,0,352,16
2020-11-01,Butte,007,227075,3313,3185,45,3230,57
2020-11-01,Calaveras,009,45235,350,282,0,282,18
2020-11-01,Colusa,011,21464,577,567,1,568,6
2020-11-01,Contra Costa,013,1133247,19849,19246,97,19343,250
2020-11-01,Del Norte,015,27424,189,175,0,175,2
2020-11-01,El Dorado,017,186661,1528,1394,6,1400,4
2020-11-01,Fresno,019,978130,34557,31613,536,32149,451
2020-11-01,Glenn,021,27897,711,688,3,691,3
2020-11-01,Humboldt,023,135768,595,568,1,569,8
2020-11-01,Imperial,025,180216,13301,12969,20,12989,334
2020-11-01,Inyo,027,18085,252,241,6,247,14
2020-11-01,Kern,029,883053,34767,33760,475,34235,437
2020-11-01,Kings,031,150075,9020,8641,65,8706,82
2020-11-01,Lake,033,64148,754,727,0,727,17
2020-11-01,Lassen,035,31185,800,782,2,784,0
2020-11-01,Los Angeles,037,10098052,313128,306217,3178,309395,7077
2020-11-01,Madera,039,155013,5228,5019,54,5073,54
2020-11-01,Marin,041,260295,7248,7124,20,7144,125
2020-11-01,Mariposa,043,17540,83,79,0,79,2
2020-11-01,Mendocino,045,87422,1126,1074,5,1079,21
2020-11-01,Merced,047,269075,9868,9626,41,9667,152
2020-11-01,Modoc,049,8938,53,45,5,50,0
2020-11-01,Mono,051,14174,412,211,6,217,1
2020-11-01,Monterey,053,433212,11953,11587,85,11672,93
2020-11-01,Napa,055,140530,2226,2067,9,2076,15
2020-11-01,Nevada,057,99092,709,646,18,664,9
2020-11-01,Orange,059,3164182,62764,59733,1893,61626,1475
2020-11-01,Placer,061,380077,4771,4422,21,4443,58
2020-11-01,Plumas,063,18699,96,86,0,86,0
2020-11-01,Riverside,065,2383286,70584,68493,565,69058,1319
2020-11-01,Sacramento,067,1510023,27222,26442,39,26481,508
2020-11-01,San Benito,069,59416,1484,1451,1,1452,15
2020-11-01,San Bernardino,071,2135413,67599,64339,515,64854,1157
2020-11-01,San Diego,073,3302833,59906,57122,1756,58878,891
2020-11-01,San Francisco,075,870044,12841,12436,54,12490,145
2020-11-01,San Joaquin,077,732212,22609,21919,266,22185,500
2020-11-01,San Luis Obispo,079,281455,4695,4303,43,4346,31
2020-11-01,San Mateo,081,765935,11816,11280,11,11291,160
2020-11-01,Santa Barbara,083,443738,10149,9969,107,10076,130
2020-11-01,Santa Clara,085,1922200,26700,25090,52,25142,386
2020-11-01,Santa Cruz,087,273765,3098,2921,36,2957,25
2020-11-01,Shasta,089,179085,2684,2172,23,2195,33
2020-11-01,Sierra,091,2930,7,6,0,6,0
2020-11-01,Siskiyou,093,43540,247,205,11,216,0
2020-11-01,Solano,095,438530,7949,7591,42,7633,84
2020-11-01,Sonoma,097,501317,10183,9688,33,9721,140
2020-11-01,Stanislaus,099,539301,18220,17961,851,18812,412
2020-11-01,Sutter,101,95872,1950,1888,1,1889,12
2020-11-01,Tehama,103,63373,1027,965,2,967,5
2020-11-01,Trinity,105,12862,108,30,13,43,0
2020-11-01,Tulare,107,460477,18463,17774,487,18261,299
2020-11-01,Tuolumne,109,53932,324,295,4,299,5
2020-11-01,Ventura,111,848112,15592,14686,384,15070,156
2020-11-01,Yolo,113,214977,3446,3303,9,3312,60
2020-11-01,Yuba,115,75493,1345,1273,7,1280,10
2020-10-31,Alameda,001,1643700,24522,23780,235,24015,416
2020-10-31,Alpine,003,1148,10,4,0,4,0
2020-10-31,Amador,005,37829,370,347,0,347,16
2020-10-31,Butte,007,227075,3300,3172,43,3215,57
2020-10-31,Calaveras,009,45235,350,280,0,280,18
2020-10-31,Colusa,011,21464,575,555,1,556,6
2020-10-31,Contra Costa,013,1133247,19744,19161,97,19258,249
2020-10-31,Del Norte,015,27424,188,175,0,175,2
2020-10-31,El Dorado,017,186661,1519,1390,6,1396,4
2020-10-31,Fresno,019,978130,34420,31558,533,32091,451
2020-10-31,Glenn,021,27897,709,678,3,681,3
2020-10-31,Humboldt,023,135768,592,561,1,562,8
2020-10-31,Imperial,025,180216,13259,12912,20,12932,334
2020-10-31,Inyo,027,18085,251,241,6,247,14
2020-10-31,Kern,029,883053,34664,33666,465,34131,437
2020-10-31,Kings,031,150075,8999,8612,64,8676,82
2020-10-31,Lake,033,64148,750,724,0,724,16
2020-10-31,Lassen,035,31185,795,782,2,784,0
2020-10-31,Los Angeles,037,10098052,311754,304704,3135,307839,7073
2020-10-31,Madera,039,155013,5210,5013,51,5064,54
2020-10-31,Marin,041,260295,7232,7112,20,7132,125
2020-10-31,Mariposa,043,17540,83,79,0,79,2
2020-10-31,Mendocino,045,87422,1118,1066,5,1071,21
2020-10-31,Merced,047,269075,9835,9597,40,9637,151
2020-10-31,Modoc,049,8938,52,34,4,38,0
2020-10-31,Mono,051,14174,263,194,5,199,1
2020-10-31,Monterey,053,433212,11885,11539,81,11620,93
2020-10-31,Napa,055,140530,2207,2040,9,2049,15
2020-10-31,Nevada,057,99092,691,644,18,662,9
2020-10-31,Orange,059,3164182,62506,59488,1875,61363,1473
2020-10-31,Placer,061,380077,4721,4374,20,4394,58
2020-10-31,Plumas,063,18699,95,85,0,85,0
2020-10-31,Riverside,065,2383286,70227,68178,542,68720,1319
2020-10-31,Sacramento,067,1510023,27023,26316,37,26353,507
2020-10-31,San Benito,069,59416,1477,1448,1,1449,15
2020-10-31,San Bernardino,071,2135413,67174,64016,505,64521,1157
2020-10-31,San Diego,073,3302833,59453,56769,1728,58497,891
2020-10-31,San Francisco,075,870044,12767,12438,53,12491,145
2020-10-31,San Joaquin,077,732212,22534,21918,257,22175,500
2020-10-31,San Luis Obispo,079,281455,4626,4285,40,4325,31
2020-10-31,San Mateo,081,765935,11764,11253,11,11264,160
2020-10-31,Santa Barbara,083,443738,10120,9957,99,10056,130
2020-10-31,Santa Clara,085,1922200,26531,24957,52,25009,379
2020-10-31,Santa Cruz,087,273765,3063,2895,35,2930,25
2020-10-31,Shasta,089,179085,2630,2122,22,2144,33
2020-10-31,Sierra,091,2930,7,6,0,6,0
2020-10-31,Siskiyou,093,43540,245,200,11,211,0
2020-10-31,Solano,095,438530,7885,7545,42,7587,84
2020-10-31,Sonoma,097,501317,10130,9648,33,9681,140
2020-10-31,Stanislaus,099,539301,18157,17920,835,18755,412
2020-10-31,Sutter,101,95872,1941,1876,1,1877,12
2020-10-31,Tehama,103,63373,1017,953,2,955,5
2020-10-31,Trinity,105,12862,105,30,13,43,0
2020-10-31,Tulare,107,460477,18414,17758,479,18237,299
2020-10-31,Tuolumne,109,53932,317,290,4,294,5
2020-10-31,Ventura,111,848112,15508,14635,366,15001,155
2020-10-31,Yolo,113,214977,3411,3290,9,3299,60
2020-10-31,Yuba,115,75493,1329,1260,6,1266,10
2020-10-30,Alameda,001,1643700,24442,23676,233,23909,401
2020-10-30,Alpine,003,1148,10,4,0,4,0
2020-10-30,Amador,005,37829,370,344,0,344,16
2020-10-30,Butte,007,227075,3295,3160,43,3203,57
2020-10-30,Calaveras,009,45235,349,279,0,279,18
2020-10-30,Colusa,011,21464,573,554,1,555,6
2020-10-30,Contra Costa,013,1133247,19672,19074,97,19171,249
2020-10-30,Del Norte,015,27424,187,175,0,175,2
2020-10-30,El Dorado,017,186661,1506,1386,6,1392,4
2020-10-30,Fresno,019,978130,34298,31409,524,31933,446
2020-10-30,Glenn,021,27897,703,674,2,676,3
2020-10-30,Humboldt,023,135768,591,561,1,562,7
2020-10-30,Imperial,025,180216,13218,12853,20,12873,334
2020-10-30,Inyo,027,18085,250,241,6,247,14
2020-10-30,Kern,029,883053,34571,33583,464,34047,437
2020-10-30,Kings,031,150075,8989,8564,62,8626,82
2020-10-30,Lake,033,64148,750,720,0,720,16
2020-10-30,Lassen,035,31185,789,777,2,779,0
2020-10-30,Los Angeles,037,10098052,310317,303425,3101,306526,7060
2020-10-30,Madera,039,155013,5198,4991,49,5040,54
2020-10-30,Marin,041,260295,7212,7097,20,7117,125
2020-10-30,Mariposa,043,17540,83,78,0,78,2
2020-10-30,Mendocino,045,87422,1116,1062,5,1067,21
2020-10-30,Merced,047,269075,9803,9539,40,9579,150
2020-10-30,Modoc,049,8938,51,34,3,37,0
2020-10-30,Mono,051,14174,262,193,5,198,1
2020-10-30,Monterey,053,433212,11822,11491,76,11567,92
2020-10-30,Napa,055,140530,2189,2028,9,2037,15
2020-10-30,Nevada,057,99092,685,634,18,652,9
2020-10-30,Orange,059,3164182,62264,59334,1863,61197,1469
2020-10-30,Placer,061,380077,4674,4335,20,4355,58
2020-10-30,Plumas,063,18699,92,80,0,80,0
2020-10-30,Riverside,065,2383286,69887,67752,522,68274,1317
2020-10-30,Sacramento,067,1510023,26875,26147,37,26184,505
2020-10-30,San Benito,069,59416,1471,1440,1,1441,15
2020-10-30,San Bernardino,071,2135413,66758,63512,502,64014,1156
2020-10-30,San Diego,073,3302833,59048,56387,1706,58093,888
2020-10-30,San Francisco,075,870044,12712,12384,53,12437,145
2020-10-30,San Joaquin,077,732212,22467,21849,251,22100,500
2020-10-30,San Luis Obispo,079,281455,4583,4256,40,4296,31
2020-10-30,San Mateo,081,765935,11705,11207,11,11218,159
2020-10-30,Santa Barbara,083,443738,10097,9937,99,10036,128
2020-10-30,Santa Clara,085,1922200,26382,24811,52,24863,378
2020-10-30,Santa Cruz,087,273765,3045,2874,35,2909,25
2020-10-30,Shasta,089,179085,2586,2048,21,2069,32
2020-10-30,Sierra,091,2930,7,6,0,6,0
2020-10-30,Siskiyou,093,43540,245,192,11,203,0
2020-10-30,Solano,095,438530,7824,7497,42,7539,84
2020-10-30,Sonoma,097,501317,10055,9602,33,9635,140
2020-10-30,Stanislaus,099,539301,18109,17861,819,18680,410
2020-10-30,Sutter,101,95872,1928,1860,1,1861,12
2020-10-30,Tehama,103,63373,1013,932,2,934,5
2020-10-30,Trinity,105,12862,105,29,13,42,0
2020-10-30,Tulare,107,460477,18369,17682,464,18146,299
2020-10-30,Tuolumne,109,53932,310,286,4,290,4
2020-10-30,Ventura,111,848112,15435,14578,354,14932,154
2020-10-30,Yolo,113,214977,3394,3263,9,3272,60
2020-10-30,Yuba,115,75493,1321,1256,6,1262,10
2020-10-29,Alameda,001,1643700,24278,23530,232,23762,401
2020-10-29,Alpine,003,1148,7,4,0,4,0
2020-10-29,Amador,005,37829,366,338,0,338,16
2020-10-29,Butte,007,227075,3277,3143,42,3185,57
2020-10-29,Calaveras,009,45235,347,278,0,278,13
2020-10-29,Colusa,011,21464,569,552,1,553,6
2020-10-29,Contra Costa,013,1133247,19573,18933,96,19029,249
2020-10-29,Del Norte,015,27424,185,174,0,174,2
2020-10-29,El Dorado,017,186661,1484,1370,6,1376,4
2020-10-29,Fresno,019,978130,34141,31321,517,31838,445
2020-10-29,Glenn,021,27897,701,673,2,675,3
2020-10-29,Humboldt,023,135768,586,559,1,560,7
2020-10-29,Imperial,025,180216,13174,12769,20,12789,334
2020-10-29,Inyo,027,18085,248,238,6,244,14
2020-10-29,Kern,029,883053,34470,33460,460,33920,437
2020-10-29,Kings,031,150075,8835,8502,61,8563,82
2020-10-29,Lake,033,64148,747,702,0,702,16
2020-10-29,Lassen,035,31185,788,772,2,774,0
2020-10-29,Los Angeles,037,10098052,308688,302246,3055,305301,7046
2020-10-29,Madera,039,155013,5168,4970,47,5017,53
2020-10-29,Marin,041,260295,7198,7083,20,7103,125
2020-10-29,Mariposa,043,17540,81,78,0,78,2
2020-10-29,Mendocino,045,87422,1110,1058,5,1063,21
2020-10-29,Merced,047,269075,9751,9496,40,9536,150
2020-10-29,Modoc,049,8938,49,31,3,34,0
2020-10-29,Mono,051,14174,255,176,5,181,1
2020-10-29,Monterey,053,433212,11741,11425,74,11499,92
2020-10-29,Napa,055,140530,2165,2009,9,2018,15
2020-10-29,Nevada,057,99092,678,632,18,650,9
2020-10-29,Orange,059,3164182,61996,59046,1843,60889,1464
2020-10-29,Placer,061,380077,4629,4270,18,4288,58
2020-10-29,Plumas,063,18699,90,69,0,69,0
2020-10-29,Riverside,065,2383286,69510,67268,492,67760,1304
2020-10-29,Sacramento,067,1510023,26662,25978,36,26014,507
2020-10-29,San Benito,069,59416,1466,1431,1,1432,15
2020-10-29,San Bernardino,071,2135413,66191,62968,492,63460,1150
2020-10-29,San Diego,073,3302833,58582,55916,1677,57593,885
2020-10-29,San Francisco,075,870044,12633,12312,53,12365,145
2020-10-29,San Joaquin,077,732212,22383,21736,239,21975,498
2020-10-29,San Luis Obispo,079,281455,4552,4223,39,4262,31
2020-10-29,San Mateo,081,765935,11659,11145,11,11156,157
2020-10-29,Santa Barbara,083,443738,10064,9902,97,9999,128
2020-10-29,Santa Clara,085,1922200,26231,24614,52,24666,377
2020-10-29,Santa Cruz,087,273765,3020,2850,35,2885,24
2020-10-29,Shasta,089,179085,2523,2008,21,2029,32
2020-10-29,Sierra,091,2930,6,6,0,6,0
2020-10-29,Siskiyou,093,43540,229,185,11,196,0
2020-10-29,Solano,095,438530,7762,7453,42,7495,78
2020-10-29,Sonoma,097,501317,9990,9533,33,9566,140
2020-10-29,Stanislaus,099,539301,18056,17790,798,18588,410
2020-10-29,Sutter,101,95872,1920,1852,1,1853,12
2020-10-29,Tehama,103,63373,995,925,2,927,5
2020-10-29,Trinity,105,12862,100,28,12,40,0
2020-10-29,Tulare,107,460477,18291,17627,445,18072,299
2020-10-29,Tuolumne,109,53932,305,279,4,283,4
2020-10-29,Ventura,111,848112,15344,14486,350,14836,154
2020-10-29,Yolo,113,214977,3365,3246,9,3255,60
2020-10-29,Yuba,115,75493,1310,1248,6,1254,10
2020-10-28,Alameda,001,1643700,24178,23468,231,23699,400
2020-10-28,Alpine,003,1148,6,4,0,4,0
2020-10-28,Amador,005,37829,363,337,0,337,16
2020-10-28,Butte,007,227075,3261,3134,39,3173,56
2020-10-28,Calaveras,009,45235,346,278,0,278,13
2020-10-28,Colusa,011,21464,566,551,1,552,6
2020-10-28,Contra Costa,013,1133247,19486,18828,95,18923,246
2020-10-28,Del Norte,015,27424,182,173,0,173,2
2020-10-28,El Dorado,017,186661,1472,1363,6,1369,4
2020-10-28,Fresno,019,978130,34019,31195,511,31706,444
2020-10-28,Glenn,021,27897,697,673,2,675,3
2020-10-28,Humboldt,023,135768,582,559,1,560,7
2020-10-28,Imperial,025,180216,13125,12730,20,12750,333
2020-10-28,Inyo,027,18085,248,238,6,244,14
2020-10-28,Kern,029,883053,34368,33424,441,33865,436
2020-10-28,Kings,031,150075,8813,8486,60,8546,82
2020-10-28,Lake,033,64148,744,700,0,700,15
2020-10-28,Lassen,035,31185,784,771,2,773,0
2020-10-28,Los Angeles,037,10098052,307229,300726,3013,303739,7031
2020-10-28,Madera,039,155013,5151,4954,46,5000,53
2020-10-28,Marin,041,260295,7187,7079,20,7099,126
2020-10-28,Mariposa,043,17540,81,78,0,78,2
2020-10-28,Mendocino,045,87422,1109,1037,5,1042,20
2020-10-28,Merced,047,269075,9725,9480,39,9519,150
2020-10-28,Modoc,049,8938,48,31,2,33,0
2020-10-28,Mono,051,14174,237,176,5,181,1
2020-10-28,Monterey,053,433212,11683,11330,72,11402,89
2020-10-28,Napa,055,140530,2139,1998,8,2006,15
2020-10-28,Nevada,057,99092,670,629,18,647,9
2020-10-28,Orange,059,3164182,61732,58801,1827,60628,1459
2020-10-28,Placer,061,380077,4573,4236,18,4254,57
2020-10-28,Plumas,063,18699,89,67,0,67,0
2020-10-28,Riverside,065,2383286,69112,67003,468,67471,1302
2020-10-28,Sacramento,067,1510023,26466,25838,35,25873,506
2020-10-28,San Benito,069,59416,1458,1429,1,1430,15
2020-10-28,San Bernardino,071,2135413,65732,62778,483,63261,1154
2020-10-28,San Diego,073,3302833,58199,55556,1648,57204,881
2020-10-28,San Francisco,075,870044,12575,12261,52,12313,145
2020-10-28,San Joaquin,077,732212,22299,21707,228,21935,498
2020-10-28,San Luis Obispo,079,281455,4508,4197,36,4233,31
2020-10-28,San Mateo,081,765935,11592,11101,11,11112,157
2020-10-28,Santa Barbara,083,443738,10040,9872,95,9967,127
2020-10-28,Santa Clara,085,1922200,26087,24503,52,24555,375
2020-10-28,Santa Cruz,087,273765,2989,2836,35,2871,24
2020-10-28,Shasta,089,179085,2443,1996,20,2016,31
2020-10-28,Sierra,091,2930,6,6,0,6,0
2020-10-28,Siskiyou,093,43540,226,182,10,192,0
2020-10-28,Solano,095,438530,7703,7362,42,7404,77
2020-10-28,Sonoma,097,501317,9900,9457,28,9485,140
2020-10-28,Stanislaus,099,539301,17991,17765,788,18553,409
2020-10-28,Sutter,101,95872,1911,1840,1,1841,12
2020-10-28,Tehama,103,63373,984,921,2,923,5
2020-10-28,Trinity,105,12862,93,28,11,39,0
2020-10-28,Tulare,107,460477,18234,17569,429,17998,297
2020-10-28,Tuolumne,109,53932,302,277,4,281,4
2020-10-28,Ventura,111,848112,15271,14409,341,14750,153
2020-10-28,Yolo,113,214977,3341,3230,9,3239,60
2020-10-28,Yuba,115,75493,1298,1245,6,1251,10
2020-10-27,Alameda,001,1643700,24063,23365,229,23594,400
2020-10-27,Alpine,003,1148,6,3,0,3,0
2020-10-27,Amador,005,37829,360,335,0,335,16
2020-10-27,Butte,007,227075,3246,3107,36,3143,56
2020-10-27,Calaveras,009,45235,344,277,0,277,13
2020-10-27,Colusa,011,21464,561,549,1,550,6
2020-10-27,Contra Costa,013,1133247,19380,18766,95,18861,246
2020-10-27,Del Norte,015,27424,179,173,0,173,2
2020-10-27,El Dorado,017,186661,1459,1351,6,1357,4
2020-10-27,Fresno,019,978130,33900,31096,506,31602,442
2020-10-27,Glenn,021,27897,695,667,1,668,3
2020-10-27,Humboldt,023,135768,579,559,1,560,7
2020-10-27,Imperial,025,180216,13076,12680,19,12699,333
2020-10-27,Inyo,027,18085,248,231,6,237,14
2020-10-27,Kern,029,883053,34251,33328,437,33765,436
2020-10-27,Kings,031,150075,8782,8411,60,8471,83
2020-10-27,Lake,033,64148,741,700,0,700,15
2020-10-27,Lassen,035,31185,782,764,2,766,0
2020-10-27,Los Angeles,037,10098052,305845,299438,2984,302422,7008
2020-10-27,Madera,039,155013,5121,4942,45,4987,53
2020-10-27,Marin,041,260295,7171,7070,20,7090,126
2020-10-27,Mariposa,043,17540,80,78,0,78,2
2020-10-27,Mendocino,045,87422,1103,1033,4,1037,20
2020-10-27,Merced,047,269075,9684,9449,39,9488,150
2020-10-27,Modoc,049,8938,46,31,2,33,0
2020-10-27,Mono,051,14174,223,169,5,174,1
2020-10-27,Monterey,053,433212,11627,11261,70,11331,88
2020-10-27,Napa,055,140530,2123,1979,8,1987,15
2020-10-27,Nevada,057,99092,664,622,18,640,8
2020-10-27,Orange,059,3164182,61460,58550,1811,60361,1448
2020-10-27,Placer,061,380077,4524,4197,16,4213,57
2020-10-27,Plumas,063,18699,86,63,0,63,0
2020-10-27,Riverside,065,2383286,68759,66699,423,67122,1299
2020-10-27,Sacramento,067,1510023,26279,25701,33,25734,501
2020-10-27,San Benito,069,59416,1453,1428,1,1429,15
2020-10-27,San Bernardino,071,2135413,65271,62357,470,62827,1154
2020-10-27,San Diego,073,3302833,57726,55226,1625,56851,877
2020-10-27,San Francisco,075,870044,12500,12218,51,12269,140
2020-10-27,San Joaquin,077,732212,22208,21637,219,21856,496
2020-10-27,San Luis Obispo,079,281455,4481,4148,32,4180,31
2020-10-27,San Mateo,081,765935,11544,11074,11,11085,156
2020-10-27,Santa Barbara,083,443738,10010,9874,94,9968,125
2020-10-27,Santa Clara,085,1922200,25945,24368,52,24420,367
2020-10-27,Santa Cruz,087,273765,2959,2815,34,2849,24
2020-10-27,Shasta,089,179085,2357,1962,20,1982,29
2020-10-27,Sierra,091,2930,6,6,0,6,0
2020-10-27,Siskiyou,093,43540,217,181,10,191,0
2020-10-27,Solano,095,438530,7634,7298,42,7340,77
2020-10-27,Sonoma,097,501317,9833,9389,28,9417,140
2020-10-27,Stanislaus,099,539301,17923,17720,781,18501,408
2020-10-27,Sutter,101,95872,1898,1832,1,1833,12
2020-10-27,Tehama,103,63373,970,913,2,915,5
2020-10-27,Trinity,105,12862,90,28,11,39,0
2020-10-27,Tulare,107,460477,18171,17520,406,17926,296
2020-10-27,Tuolumne,109,53932,298,275,4,279,4
2020-10-27,Ventura,111,848112,15188,14347,334,14681,153
2020-10-27,Yolo,113,214977,3327,3216,9,3225,58
2020-10-27,Yuba,115,75493,1285,1235,6,1241,10
2020-10-26,Alameda,001,1643700,23950,23284,228,23512,398
2020-10-26,Alpine,003,1148,4,3,0,3,0
2020-10-26,Amador,005,37829,356,331,0,331,16
2020-10-26,Butte,007,227075,3235,3095,34,3129,56
2020-10-26,Calaveras,009,45235,340,274,0,274,13
2020-10-26,Colusa,011,21464,559,548,1,549,6
2020-10-26,Contra Costa,013,1133247,19284,18718,94,18812,245
2020-10-26,Del Norte,015,27424,179,171,0,171,2
2020-10-26,El Dorado,017,186661,1445,1336,6,1342,4
2020-10-26,Fresno,019,978130,33787,30969,499,31468,441
2020-10-26,Glenn,021,27897,688,660,1,661,3
2020-10-26,Humboldt,023,135768,571,554,1,555,7
2020-10-26,Imperial,025,180216,13022,12654,16,12670,333
2020-10-26,Inyo,027,18085,248,226,6,232,14
2020-10-26,Kern,029,883053,34167,33233,432,33665,432
2020-10-26,Kings,031,150075,8760,8264,58,8322,82
2020-10-26,Lake,033,64148,739,697,0,697,15
2020-10-26,Lassen,035,31185,779,764,2,766,0
2020-10-26,Los Angeles,037,10098052,304417,297961,2942,300903,6979
2020-10-26,Madera,039,155013,5100,4922,44,4966,53
2020-10-26,Marin,041,260295,7165,7064,19,7083,104
2020-10-26,Mariposa,043,17540,80,77,0,77,2
2020-10-26,Mendocino,045,87422,1095,1026,4,1030,20
2020-10-26,Merced,047,269075,9637,9375,38,9413,150
2020-10-26,Modoc,049,8938,44,28,0,28,0
2020-10-26,Mono,051,14174,217,167,5,172,1
2020-10-26,Monterey,053,433212,11576,11207,66,11273,87
2020-10-26,Napa,055,140530,2091,1966,8,1974,14
2020-10-26,Nevada,057,99092,657,618,18,636,8
2020-10-26,Orange,059,3164182,61257,58377,1792,60169,1442
2020-10-26,Placer,061,380077,4482,4161,15,4176,57
2020-10-26,Plumas,063,18699,84,63,0,63,0
2020-10-26,Riverside,065,2383286,68307,66475,397,66872,1294
2020-10-26,Sacramento,067,1510023,26098,25555,31,25586,496
2020-10-26,San Benito,069,59416,1445,1424,1,1425,15
2020-10-26,San Bernardino,071,2135413,64800,61871,467,62338,1153
2020-10-26,San Diego,073,3302833,57333,54957,1587,56544,870
2020-10-26,San Francisco,075,870044,12440,12072,51,12123,138
2020-10-26,San Joaquin,077,732212,22125,21459,213,21672,495
2020-10-26,San Luis Obispo,079,281455,4455,4133,32,4165,31
2020-10-26,San Mateo,081,765935,11500,11037,11,11048,156
2020-10-26,Santa Barbara,083,443738,9987,9827,94,9921,122
2020-10-26,Santa Clara,085,1922200,25755,24258,51,24309,365
2020-10-26,Santa Cruz,087,273765,2933,2808,34,2842,24
2020-10-26,Shasta,089,179085,2303,1889,20,1909,29
2020-10-26,Sierra,091,2930,6,6,0,6,0
2020-10-26,Siskiyou,093,43540,209,179,10,189,0
2020-10-26,Solano,095,438530,7554,7271,42,7313,62
2020-10-26,Sonoma,097,501317,9754,9315,28,9343,140
2020-10-26,Stanislaus,099,539301,17873,17666,771,18437,400
2020-10-26,Sutter,101,95872,1890,1817,1,1818,12
2020-10-26,Tehama,103,63373,950,892,2,894,5
2020-10-26,Trinity,105,12862,89,26,11,37,0
2020-10-26,Tulare,107,460477,18094,17432,383,17815,296
2020-10-26,Tuolumne,109,53932,289,271,4,275,4
2020-10-26,Ventura,111,848112,15118,14330,331,14661,154
2020-10-26,Yolo,113,214977,3308,3206,9,3215,58
2020-10-26,Yuba,115,75493,1269,1226,6,1232,10
2020-10-25,Alameda,001,1643700,23844,23192,228,23420,398
2020-10-25,Alpine,003,1148,3,3,0,3,0
2020-10-25,Amador,005,37829,345,330,0,330,16
2020-10-25,Butte,007,227075,3216,3087,34,3121,56
2020-10-25,Calaveras,009,45235,339,274,0,274,13
2020-10-25,Colusa,011,21464,555,548,1,549,6
2020-10-25,Contra Costa,013,1133247,19183,18640,94,18734,245
2020-10-25,Del Norte,015,27424,175,171,0,171,2
2020-10-25,El Dorado,017,186661,1430,1328,6,1334,4
2020-10-25,Fresno,019,978130,33653,30858,486,31344,441
2020-10-25,Glenn,021,27897,685,652,1,653,3
2020-10-25,Humboldt,023,135768,568,554,1,555,7
2020-10-25,Imperial,025,180216,12973,12572,16,12588,333
2020-10-25,Inyo,027,18085,245,226,6,232,14
2020-10-25,Kern,029,883053,34060,33185,428,33613,432
2020-10-25,Kings,031,150075,8727,8246,56,8302,82
2020-10-25,Lake,033,64148,722,695,0,695,15
2020-10-25,Lassen,035,31185,776,764,2,766,0
2020-10-25,Los Angeles,037,10098052,302855,297110,2905,300015,6973
2020-10-25,Madera,039,155013,5070,4909,39,4948,53
2020-10-25,Marin,041,260295,7155,7052,19,7071,102
2020-10-25,Mariposa,043,17540,80,77,0,77,2
2020-10-25,Mendocino,045,87422,1088,1024,4,1028,20
2020-10-25,Merced,047,269075,9572,9352,36,9388,150
2020-10-25,Modoc,049,8938,39,28,0,28,0
2020-10-25,Mono,051,14174,209,167,5,172,1
2020-10-25,Monterey,053,433212,11493,11182,61,11243,87
2020-10-25,Napa,055,140530,2061,1962,8,1970,14
2020-10-25,Nevada,057,99092,649,616,18,634,8
2020-10-25,Orange,059,3164182,60969,58185,1783,59968,1443
2020-10-25,Placer,061,380077,4430,4140,15,4155,57
2020-10-25,Plumas,063,18699,84,63,0,63,0
2020-10-25,Riverside,065,2383286,67856,66192,381,66573,1289
2020-10-25,Sacramento,067,1510023,25882,25445,28,25473,496
2020-10-25,San Benito,069,59416,1438,1423,1,1424,15
2020-10-25,San Bernardino,071,2135413,64259,61551,455,62006,1153
2020-10-25,San Diego,073,3302833,56870,54599,1555,56154,870
2020-10-25,San Francisco,075,870044,12367,12072,51,12123,137
2020-10-25,San Joaquin,077,732212,22017,21459,205,21664,495
2020-10-25,San Luis Obispo,079,281455,4413,4126,30,4156,31
2020-10-25,San Mateo,081,765935,11455,10987,11,10998,156
2020-10-25,Santa Barbara,083,443738,9967,9814,94,9908,122
2020-10-25,Santa Clara,085,1922200,25567,24087,51,24138,365
2020-10-25,Santa Cruz,087,273765,2906,2789,34,2823,24
2020-10-25,Shasta,089,179085,2239,1889,20,1909,29
2020-10-25,Sierra,091,2930,6,6,0,6,0
2020-10-25,Siskiyou,093,43540,206,176,10,186,0
2020-10-25,Solano,095,438530,7476,7197,42,7239,60
2020-10-25,Sonoma,097,501317,9661,9235,27,9262,140
2020-10-25,Stanislaus,099,539301,17816,17641,761,18402,400
2020-10-25,Sutter,101,95872,1872,1811,1,1812,12
2020-10-25,Tehama,103,63373,933,880,2,882,5
2020-10-25,Trinity,105,12862,85,26,11,37,0
2020-10-25,Tulare,107,460477,18021,17431,373,17804,296
2020-10-25,Tuolumne,109,53932,284,271,4,275,4
2020-10-25,Ventura,111,848112,15025,14300,325,14625,154
2020-10-25,Yolo,113,214977,3287,3190,9,3199,58
2020-10-25,Yuba,115,75493,1261,1219,6,1225,10
2020-10-24,Alameda,001,1643700,23773,23099,225,23324,398
2020-10-24,Alpine,003,1148,3,3,0,3,0
2020-10-24,Amador,005,37829,344,328,0,328,16
2020-10-24,Butte,007,227075,3207,3078,34,3112,56
2020-10-24,Calaveras,009,45235,337,274,0,274,13
2020-10-24,Colusa,011,21464,550,548,1,549,6
2020-10-24,Contra Costa,013,1133247,19116,18567,94,18661,244
2020-10-24,Del Norte,015,27424,174,171,0,171,2
2020-10-24,El Dorado,017,186661,1414,1317,6,1323,4
2020-10-24,Fresno,019,978130,33592,30752,481,31233,441
2020-10-24,Glenn,021,27897,682,650,1,651,3
2020-10-24,Humboldt,023,135768,566,553,1,554,7
2020-10-24,Imperial,025,180216,12946,12469,16,12485,333
2020-10-24,Inyo,027,18085,245,226,6,232,14
2020-10-24,Kern,029,883053,34002,33105,422,33527,432
2020-10-24,Kings,031,150075,8717,8228,55,8283,82
2020-10-24,Lake,033,64148,717,696,0,696,15
2020-10-24,Lassen,035,31185,775,764,2,766,0
2020-10-24,Los Angeles,037,10098052,302036,296323,2883,299206,6969
2020-10-24,Madera,039,155013,5057,4898,38,4936,53
2020-10-24,Marin,041,260295,7146,7042,19,7061,102
2020-10-24,Mariposa,043,17540,80,77,0,77,2
2020-10-24,Mendocino,045,87422,1076,1022,4,1026,20
2020-10-24,Merced,047,269075,9548,9351,36,9387,150
2020-10-24,Modoc,049,8938,38,28,0,28,0
2020-10-24,Mono,051,14174,195,167,5,172,1
2020-10-24,Monterey,053,433212,11424,11153,60,11213,87
2020-10-24,Napa,055,140530,2044,1957,8,1965,14
2020-10-24,Nevada,057,99092,645,608,18,626,8
2020-10-24,Orange,059,3164182,60814,57928,1773,59701,1441
2020-10-24,Placer,061,380077,4399,4093,15,4108,57
2020-10-24,Plumas,063,18699,78,63,0,63,0
2020-10-24,Riverside,065,2383286,67648,65902,366,66268,1288
2020-10-24,Sacramento,067,1510023,25801,25372,28,25400,496
2020-10-24,San Benito,069,59416,1433,1417,1,1418,15
2020-10-24,San Bernardino,071,2135413,64019,61351,446,61797,1153
2020-10-24,San Diego,073,3302833,56593,54330,1542,55872,868
2020-10-24,San Francisco,075,870044,12309,12073,50,12123,137
2020-10-24,San Joaquin,077,732212,21965,21458,200,21658,495
2020-10-24,San Luis Obispo,079,281455,4390,4119,29,4148,31
2020-10-24,San Mateo,081,765935,11416,10942,11,10953,155
2020-10-24,Santa Barbara,083,443738,9950,9781,94,9875,122
2020-10-24,Santa Clara,085,1922200,25480,23978,51,24029,365
2020-10-24,Santa Cruz,087,273765,2887,2775,34,2809,24
2020-10-24,Shasta,089,179085,2194,1878,20,1898,29
2020-10-24,Sierra,091,2930,6,6,0,6,0
2020-10-24,Siskiyou,093,43540,205,174,10,184,0
2020-10-24,Solano,095,438530,7423,7189,42,7231,60
2020-10-24,Sonoma,097,501317,9627,9179,27,9206,140
2020-10-24,Stanislaus,099,539301,17772,17574,745,18319,400
2020-10-24,Sutter,101,95872,1863,1804,1,1805,12
2020-10-24,Tehama,103,63373,925,872,2,874,5
2020-10-24,Trinity,105,12862,85,25,11,36,0
2020-10-24,Tulare,107,460477,17998,17406,362,17768,295
2020-10-24,Tuolumne,109,53932,281,269,4,273,4
2020-10-24,Ventura,111,848112,14972,14240,324,14564,154
2020-10-24,Yolo,113,214977,3275,3164,9,3173,57
2020-10-24,Yuba,115,75493,1258,1210,6,1216,10
2020-10-23,Alameda,001,1643700,23701,23047,223,23270,393
2020-10-23,Alpine,003,1148,3,3,0,3,0
2020-10-23,Amador,005,37829,343,324,0,324,16
2020-10-23,Butte,007,227075,3198,3059,34,3093,55
2020-10-23,Calaveras,009,45235,336,273,0,273,13
2020-10-23,Colusa,011,21464,550,547,1,548,6
2020-10-23,Contra Costa,013,1133247,19046,18483,93,18576,244
2020-10-23,Del Norte,015,27424,174,171,0,171,2
2020-10-23,El Dorado,017,186661,1405,1310,6,1316,4
2020-10-23,Fresno,019,978130,33525,30590,478,31068,441
2020-10-23,Glenn,021,27897,679,644,1,645,3
2020-10-23,Humboldt,023,135768,564,553,1,554,7
2020-10-23,Imperial,025,180216,12915,12398,15,12413,333
2020-10-23,Inyo,027,18085,244,226,6,232,14
2020-10-23,Kern,029,883053,33934,33077,417,33494,431
2020-10-23,Kings,031,150075,8708,8218,55,8273,82
2020-10-23,Lake,033,64148,715,689,0,689,15
2020-10-23,Lassen,035,31185,774,764,2,766,0
2020-10-23,Los Angeles,037,10098052,300954,294287,2855,297142,6956
2020-10-23,Madera,039,155013,5052,4888,38,4926,53
2020-10-23,Marin,041,260295,7133,7029,19,7048,102
2020-10-23,Mariposa,043,17540,80,77,0,77,2
2020-10-23,Mendocino,045,87422,1073,1019,4,1023,20
2020-10-23,Merced,047,269075,9534,9327,36,9363,149
2020-10-23,Modoc,049,8938,38,28,0,28,0
2020-10-23,Mono,051,14174,194,159,5,164,1
2020-10-23,Monterey,053,433212,11377,11099,56,11155,86
2020-10-23,Napa,055,140530,2036,1942,8,1950,14
2020-10-23,Nevada,057,99092,642,604,18,622,8
2020-10-23,Orange,059,3164182,60644,57595,1758,59353,1430
2020-10-23,Placer,061,380077,4352,4073,15,4088,57
2020-10-23,Plumas,063,18699,75,63,0,63,0
2020-10-23,Riverside,065,2383286,67409,65512,358,65870,1279
2020-10-23,Sacramento,067,1510023,25695,25224,28,25252,496
2020-10-23,San Benito,069,59416,1431,1412,1,1413,15
2020-10-23,San Bernardino,071,2135413,63732,60854,432,61286,1150
2020-10-23,San Diego,073,3302833,56287,53944,1515,55459,867
2020-10-23,San Francisco,075,870044,12278,12015,50,12065,137
2020-10-23,San Joaquin,077,732212,21909,21361,194,21555,495
2020-10-23,San Luis Obispo,079,281455,4365,4102,29,4131,31
2020-10-23,San Mateo,081,765935,11367,10872,11,10883,155
2020-10-23,Santa Barbara,083,443738,9934,9751,94,9845,121
2020-10-23,Santa Clara,085,1922200,25378,23822,51,23873,364
2020-10-23,Santa Cruz,087,273765,2873,2757,34,2791,24
2020-10-23,Shasta,089,179085,2157,1846,19,1865,29
2020-10-23,Sierra,091,2930,6,6,0,6,0
2020-10-23,Siskiyou,093,43540,201,172,10,182,0
2020-10-23,Solano,095,438530,7392,7174,42,7216,59
2020-10-23,Sonoma,097,501317,9570,9112,27,9139,139
2020-10-23,Stanislaus,099,539301,17735,17496,738,18234,395
2020-10-23,Sutter,101,95872,1856,1797,1,1798,12
2020-10-23,Tehama,103,63373,916,862,2,864,5
2020-10-23,Trinity,105,12862,85,26,11,37,0
2020-10-23,Tulare,107,460477,17953,17334,350,17684,295
2020-10-23,Tuolumne,109,53932,279,254,4,258,4
2020-10-23,Ventura,111,848112,14943,14192,324,14516,155
2020-10-23,Yolo,113,214977,3263,3140,9,3149,57
2020-10-23,Yuba,115,75493,1254,1206,6,1212,10
2020-10-22,Alameda,001,1643700,23599,22915,223,23138,393
2020-10-22,Alpine,003,1148,3,3,0,3,0
2020-10-22,Amador,005,37829,339,317,0,317,16
2020-10-22,Butte,007,227075,3188,3046,32,3078,55
2020-10-22,Calaveras,009,45235,333,273,0,273,13
2020-10-22,Colusa,011,21464,550,547,1,548,6
2020-10-22,Contra Costa,013,1133247,18974,18393,93,18486,243
2020-10-22,Del Norte,015,27424,173,168,0,168,2
2020-10-22,El Dorado,017,186661,1395,1308,6,1314,4
2020-10-22,Fresno,019,978130,33415,30471,470,30941,438
2020-10-22,Glenn,021,27897,672,643,1,644,3
2020-10-22,Humboldt,023,135768,562,548,1,549,7
2020-10-22,Imperial,025,180216,12862,12311,15,12326,333
2020-10-22,Inyo,027,18085,241,220,6,226,14
2020-10-22,Kern,029,883053,33853,32991,414,33405,431
2020-10-22,Kings,031,150075,8457,8201,55,8256,82
2020-10-22,Lake,033,64148,711,678,0,678,15
2020-10-22,Lassen,035,31185,771,764,2,766,0
2020-10-22,Los Angeles,037,10098052,299578,291599,2796,294395,6935
2020-10-22,Madera,039,155013,5031,4847,38,4885,52
2020-10-22,Marin,041,260295,7126,7014,19,7033,102
2020-10-22,Mariposa,043,17540,80,77,0,77,2
2020-10-22,Mendocino,045,87422,1068,1016,4,1020,20
2020-10-22,Merced,047,269075,9506,9323,36,9359,149
2020-10-22,Modoc,049,8938,34,26,0,26,0
2020-10-22,Mono,051,14174,189,156,5,161,1
2020-10-22,Monterey,053,433212,11318,11059,53,11112,84
2020-10-22,Napa,055,140530,2021,1928,8,1936,14
2020-10-22,Nevada,057,99092,636,600,18,618,8
2020-10-22,Orange,059,3164182,60429,57418,1741,59159,1422
2020-10-22,Placer,061,380077,4303,4036,15,4051,57
2020-10-22,Plumas,063,18699,72,62,0,62,0
2020-10-22,Riverside,065,2383286,67073,65104,338,65442,1279
2020-10-22,Sacramento,067,1510023,25555,25054,28,25082,492
2020-10-22,San Benito,069,59416,1427,1403,1,1404,15
2020-10-22,San Bernardino,071,2135413,63331,60402,417,60819,1149
2020-10-22,San Diego,073,3302833,55900,53514,1496,55010,866
2020-10-22,San Francisco,075,870044,12220,11991,48,12039,137
2020-10-22,San Joaquin,077,732212,21836,21282,188,21470,495
2020-10-22,San Luis Obispo,079,281455,4349,4081,29,4110,31
2020-10-22,San Mateo,081,765935,11311,10796,11,10807,155
2020-10-22,Santa Barbara,083,443738,9900,9710,92,9802,120
2020-10-22,Santa Clara,085,1922200,25224,23621,51,23672,363
2020-10-22,Santa Cruz,087,273765,2855,2738,33,2771,24
2020-10-22,Shasta,089,179085,2111,1799,19,1818,29
2020-10-22,Sierra,091,2930,6,6,0,6,0
2020-10-22,Siskiyou,093,43540,201,169,10,179,0
2020-10-22,Solano,095,438530,7346,7116,42,7158,59
2020-10-22,Sonoma,097,501317,9504,9052,26,9078,139
2020-10-22,Stanislaus,099,539301,17681,17440,726,18166,395
2020-10-22,Sutter,101,95872,1842,1794,1,1795,12
2020-10-22,Tehama,103,63373,905,852,2,854,5
2020-10-22,Trinity,105,12862,84,26,11,37,0
2020-10-22,Tulare,107,460477,17887,17265,337,17602,293
2020-10-22,Tuolumne,109,53932,277,252,4,256,4
2020-10-22,Ventura,111,848112,14896,14124,322,14446,154
2020-10-22,Yolo,113,214977,3251,3116,9,3125,58
2020-10-22,Yuba,115,75493,1247,1199,5,1204,10
2020-10-21,Alameda,001,1643700,23511,22853,221,23074,392
2020-10-21,Alpine,003,1148,3,3,0,3,0
2020-10-21,Amador,005,37829,334,313,0,313,16
2020-10-21,Butte,007,227075,3176,3041,32,3073,55
2020-10-21,Calaveras,009,45235,332,272,0,272,13
2020-10-21,Colusa,011,21464,550,546,1,547,6
2020-10-21,Contra Costa,013,1133247,18900,18299,93,18392,243
2020-10-21,Del Norte,015,27424,173,169,0,169,2
2020-10-21,El Dorado,017,186661,1383,1305,5,1310,4
2020-10-21,Fresno,019,978130,33319,30328,465,30793,433
2020-10-21,Glenn,021,27897,667,640,1,641,3
2020-10-21,Humboldt,023,135768,561,548,1,549,7
2020-10-21,Imperial,025,180216,12805,12210,15,12225,331
2020-10-21,Inyo,027,18085,237,220,5,225,14
2020-10-21,Kern,029,883053,33778,32956,412,33368,430
2020-10-21,Kings,031,150075,8430,8186,55,8241,80
2020-10-21,Lake,033,64148,710,676,0,676,15
2020-10-21,Lassen,035,31185,770,764,2,766,0
2020-10-21,Los Angeles,037,10098052,298238,288096,2754,290850,6923
2020-10-21,Madera,039,155013,5006,4831,38,4869,52
2020-10-21,Marin,041,260295,7117,7002,19,7021,102
2020-10-21,Mariposa,043,17540,80,77,0,77,2
2020-10-21,Mendocino,045,87422,1066,1011,4,1015,21
2020-10-21,Merced,047,269075,9482,9319,34,9353,149
2020-10-21,Modoc,049,8938,33,26,0,26,0
2020-10-21,Mono,051,14174,187,156,5,161,1
2020-10-21,Monterey,053,433212,11280,11005,52,11057,83
2020-10-21,Napa,055,140530,2006,1918,8,1926,13
2020-10-21,Nevada,057,99092,630,597,18,615,8
2020-10-21,Orange,059,3164182,60216,57189,1732,58921,1409
2020-10-21,Placer,061,380077,4266,4007,15,4022,56
2020-10-21,Plumas,063,18699,69,58,0,58,0
2020-10-21,Riverside,065,2383286,66777,64778,314,65092,1278
2020-10-21,Sacramento,067,1510023,25362,24908,28,24936,490
2020-10-21,San Benito,069,59416,1426,1401,1,1402,14
2020-10-21,San Bernardino,071,2135413,62922,59948,410,60358,1141
2020-10-21,San Diego,073,3302833,55548,53279,1468,54747,863
2020-10-21,San Francisco,075,870044,12171,11976,47,12023,137
2020-10-21,San Joaquin,077,732212,21760,21201,182,21383,495
2020-10-21,San Luis Obispo,079,281455,4322,4055,27,4082,31
2020-10-21,San Mateo,081,765935,11262,10730,11,10741,155
2020-10-21,Santa Barbara,083,443738,9882,9681,91,9772,121
2020-10-21,Santa Clara,085,1922200,25098,23537,51,23588,361
2020-10-21,Santa Cruz,087,273765,2832,2729,33,2762,24
2020-10-21,Shasta,089,179085,2075,1777,19,1796,27
2020-10-21,Sierra,091,2930,6,6,0,6,0
2020-10-21,Siskiyou,093,43540,197,169,10,179,0
2020-10-21,Solano,095,438530,7300,7088,42,7130,59
2020-10-21,Sonoma,097,501317,9424,8987,26,9013,138
2020-10-21,Stanislaus,099,539301,17631,17419,718,18137,392
2020-10-21,Sutter,101,95872,1828,1786,1,1787,12
2020-10-21,Tehama,103,63373,889,824,2,826,5
2020-10-21,Trinity,105,12862,78,25,10,35,0
2020-10-21,Tulare,107,460477,17849,17204,323,17527,292
2020-10-21,Tuolumne,109,53932,276,251,4,255,4
2020-10-21,Ventura,111,848112,14833,14050,319,14369,153
2020-10-21,Yolo,113,214977,3232,3095,9,3104,58
2020-10-21,Yuba,115,75493,1238,1194,5,1199,10
2020-10-20,Alameda,001,1643700,23408,22750,217,22967,391
2020-10-20,Alpine,003,1148,3,3,0,3,0
2020-10-20,Amador,005,37829,333,313,0,313,16
2020-10-20,Butte,007,227075,3164,3027,32,3059,56
2020-10-20,Calaveras,009,45235,331,273,0,273,13
2020-10-20,Colusa,011,21464,547,546,1,547,6
2020-10-20,Contra Costa,013,1133247,18808,18246,93,18339,241
2020-10-20,Del Norte,015,27424,172,169,0,169,2
2020-10-20,El Dorado,017,186661,1377,1295,5,1300,4
2020-10-20,Fresno,019,978130,33216,30220,459,30679,431
2020-10-20,Glenn,021,27897,662,638,1,639,3
2020-10-20,Humboldt,023,135768,557,545,1,546,7
2020-10-20,Imperial,025,180216,12737,12114,15,12129,330
2020-10-20,Inyo,027,18085,237,218,5,223,14
2020-10-20,Kern,029,883053,33703,32889,399,33288,429
2020-10-20,Kings,031,150075,8412,8178,54,8232,80
2020-10-20,Lake,033,64148,708,675,0,675,15
2020-10-20,Lassen,035,31185,769,757,2,759,0
2020-10-20,Los Angeles,037,10098052,296746,287727,2703,290430,6891
2020-10-20,Madera,039,155013,4989,4823,38,4861,52
2020-10-20,Marin,041,260295,7102,6994,19,7013,101
2020-10-20,Mariposa,043,17540,79,77,0,77,2
2020-10-20,Mendocino,045,87422,1064,1004,4,1008,21
2020-10-20,Merced,047,269075,9460,9323,34,9357,149
2020-10-20,Modoc,049,8938,32,26,0,26,0
2020-10-20,Mono,051,14174,187,156,5,161,1
2020-10-20,Monterey,053,433212,11237,10942,49,10991,81
2020-10-20,Napa,055,140530,1987,1912,8,1920,13
2020-10-20,Nevada,057,99092,620,596,18,614,8
2020-10-20,Orange,059,3164182,59952,56914,1722,58636,1397
2020-10-20,Placer,061,380077,4228,3997,15,4012,56
2020-10-20,Plumas,063,18699,66,53,0,53,0
2020-10-20,Riverside,065,2383286,66398,64452,302,64754,1275
2020-10-20,Sacramento,067,1510023,25234,24767,27,24794,485
2020-10-20,San Benito,069,59416,1423,1398,1,1399,14
2020-10-20,San Bernardino,071,2135413,62538,59571,408,59979,1109
2020-10-20,San Diego,073,3302833,55212,53004,1448,54452,857
2020-10-20,San Francisco,075,870044,12124,12013,46,12059,126
2020-10-20,San Joaquin,077,732212,21681,21173,172,21345,490
2020-10-20,San Luis Obispo,079,281455,4304,4043,26,4069,31
2020-10-20,San Mateo,081,765935,11215,10659,11,10670,155
2020-10-20,Santa Barbara,083,443738,9853,9664,89,9753,121
2020-10-20,Santa Clara,085,1922200,24961,23406,51,23457,358
2020-10-20,Santa Cruz,087,273765,2809,2710,33,2743,23
2020-10-20,Shasta,089,179085,2052,1747,19,1766,20
2020-10-20,Sierra,091,2930,6,6,0,6,0
2020-10-20,Siskiyou,093,43540,189,168,10,178,0
2020-10-20,Solano,095,438530,7251,7044,42,7086,57
2020-10-20,Sonoma,097,501317,9361,8904,24,8928,135
2020-10-20,Stanislaus,099,539301,17577,17367,714,18081,393
2020-10-20,Sutter,101,95872,1819,1783,1,1784,12
2020-10-20,Tehama,103,63373,874,813,2,815,5
2020-10-20,Trinity,105,12862,77,25,10,35,0
2020-10-20,Tulare,107,460477,17782,17156,318,17474,289
2020-10-20,Tuolumne,109,53932,274,250,4,254,4
2020-10-20,Ventura,111,848112,14769,13980,317,14297,152
2020-10-20,Yolo,113,214977,3209,3083,9,3092,56
2020-10-20,Yuba,115,75493,1228,1191,5,1196,10
2020-10-19,Alameda,001,1643700,23298,22647,216,22863,392
2020-10-19,Alpine,003,1148,3,3,0,3,0
2020-10-19,Amador,005,37829,327,313,0,313,16
2020-10-19,Butte,007,227075,3153,3026,32,3058,55
2020-10-19,Calaveras,009,45235,330,268,0,268,13
2020-10-19,Colusa,011,21464,547,544,1,545,6
2020-10-19,Contra Costa,013,1133247,18710,18173,93,18266,239
2020-10-19,Del Norte,015,27424,169,167,0,167,2
2020-10-19,El Dorado,017,186661,1356,1287,5,1292,4
2020-10-19,Fresno,019,978130,33107,30152,453,30605,431
2020-10-19,Glenn,021,27897,657,635,0,635,3
2020-10-19,Humboldt,023,135768,557,543,1,544,7
2020-10-19,Imperial,025,180216,12683,12036,14,12050,330
2020-10-19,Inyo,027,18085,236,218,5,223,14
2020-10-19,Kern,029,883053,33627,32840,396,33236,428
2020-10-19,Kings,031,150075,8394,8173,54,8227,80
2020-10-19,Lake,033,64148,705,673,0,673,15
2020-10-19,Lassen,035,31185,768,757,2,759,0
2020-10-19,Los Angeles,037,10098052,295259,287119,2665,289784,6858
2020-10-19,Madera,039,155013,4974,4787,38,4825,52
2020-10-19,Marin,041,260295,7084,6981,19,7000,100
2020-10-19,Mariposa,043,17540,79,77,0,77,2
2020-10-19,Mendocino,045,87422,1059,1001,4,1005,21
2020-10-19,Merced,047,269075,9435,9305,30,9335,148
2020-10-19,Modoc,049,8938,31,26,0,26,0
2020-10-19,Mono,051,14174,182,156,5,161,1
2020-10-19,Monterey,053,433212,11176,10907,49,10956,80
2020-10-19,Napa,055,140530,1975,1892,8,1900,12
2020-10-19,Nevada,057,99092,617,590,18,608,8
2020-10-19,Orange,059,3164182,59668,56652,1707,58359,1396
2020-10-19,Placer,061,380077,4179,3962,15,3977,49
2020-10-19,Plumas,063,18699,64,52,0,52,0
2020-10-19,Riverside,065,2383286,65967,64016,286,64302,1272
2020-10-19,Sacramento,067,1510023,25095,24542,27,24569,483
2020-10-19,San Benito,069,59416,1416,1395,1,1396,14
2020-10-19,San Bernardino,071,2135413,62087,59265,396,59661,1100
2020-10-19,San Diego,073,3302833,54826,52739,1423,54162,853
2020-10-19,San Francisco,075,870044,12080,11879,46,11925,126
2020-10-19,San Joaquin,077,732212,21606,20930,164,21094,489
2020-10-19,San Luis Obispo,079,281455,4288,4016,26,4042,31
2020-10-19,San Mateo,081,765935,11169,10568,11,10579,154
2020-10-19,Santa Barbara,083,443738,9818,9632,89,9721,121
2020-10-19,Santa Clara,085,1922200,24811,23301,51,23352,352
2020-10-19,Santa Cruz,087,273765,2792,2705,33,2738,19
2020-10-19,Shasta,089,179085,2008,1709,18,1727,20
2020-10-19,Sierra,091,2930,6,6,0,6,0
2020-10-19,Siskiyou,093,43540,182,167,10,177,0
2020-10-19,Solano,095,438530,7210,7003,42,7045,57
2020-10-19,Sonoma,097,501317,9274,8830,24,8854,135
2020-10-19,Stanislaus,099,539301,17526,17342,704,18046,390
2020-10-19,Sutter,101,95872,1814,1773,1,1774,12
2020-10-19,Tehama,103,63373,871,793,2,795,5
2020-10-19,Trinity,105,12862,75,23,10,33,0
2020-10-19,Tulare,107,460477,17732,17047,311,17358,291
2020-10-19,Tuolumne,109,53932,272,247,4,251,4
2020-10-19,Ventura,111,848112,14703,13930,314,14244,152
2020-10-19,Yolo,113,214977,3196,3069,9,3078,56
2020-10-19,Yuba,115,75493,1221,1183,5,1188,10
2020-10-18,Alameda,001,1643700,23194,22546,215,22761,392
2020-10-18,Alpine,003,1148,3,3,0,3,0
2020-10-18,Amador,005,37829,316,313,0,313,16
2020-10-18,Butte,007,227075,3140,3019,32,3051,55
2020-10-18,Calaveras,009,45235,329,267,0,267,13
2020-10-18,Colusa,011,21464,545,544,1,545,6
2020-10-18,Contra Costa,013,1133247,18611,18120,93,18213,237
2020-10-18,Del Norte,015,27424,169,167,0,167,2
2020-10-18,El Dorado,017,186661,1347,1283,5,1288,4
2020-10-18,Fresno,019,978130,32978,30051,445,30496,430
2020-10-18,Glenn,021,27897,655,634,0,634,3
2020-10-18,Humboldt,023,135768,554,540,1,541,7
2020-10-18,Imperial,025,180216,12620,11987,13,12000,330
2020-10-18,Inyo,027,18085,233,215,5,220,14
2020-10-18,Kern,029,883053,33554,32799,389,33188,428
2020-10-18,Kings,031,150075,8379,8159,54,8213,80
2020-10-18,Lake,033,64148,698,670,0,670,15
2020-10-18,Lassen,035,31185,768,757,2,759,0
2020-10-18,Los Angeles,037,10098052,293551,286187,2622,288809,6857
2020-10-18,Madera,039,155013,4949,4770,37,4807,52
2020-10-18,Marin,041,260295,7063,6969,19,6988,99
2020-10-18,Mariposa,043,17540,79,77,0,77,2
2020-10-18,Mendocino,045,87422,1057,988,4,992,21
2020-10-18,Merced,047,269075,9400,9292,30,9322,148
2020-10-18,Modoc,049,8938,30,26,0,26,0
2020-10-18,Mono,051,14174,177,155,5,160,1
2020-10-18,Monterey,053,433212,11123,10872,49,10921,80
2020-10-18,Napa,055,140530,1962,1882,8,1890,12
2020-10-18,Nevada,057,99092,611,582,18,600,8
2020-10-18,Orange,059,3164182,59371,56394,1691,58085,1396
2020-10-18,Placer,061,380077,4131,3938,15,3953,49
2020-10-18,Plumas,063,18699,62,52,0,52,0
2020-10-18,Riverside,065,2383286,65654,63765,265,64030,1270
2020-10-18,Sacramento,067,1510023,24939,24425,27,24452,482
2020-10-18,San Benito,069,59416,1409,1395,1,1396,14
2020-10-18,San Bernardino,071,2135413,61587,58893,388,59281,1098
2020-10-18,San Diego,073,3302833,54437,52359,1402,53761,853
2020-10-18,San Francisco,075,870044,12041,11878,46,11924,126
2020-10-18,San Joaquin,077,732212,21523,20931,151,21082,489
2020-10-18,San Luis Obispo,079,281455,4257,4009,24,4033,31
2020-10-18,San Mateo,081,765935,11110,10503,11,10514,154
2020-10-18,Santa Barbara,083,443738,9779,9608,88,9696,121
2020-10-18,Santa Clara,085,1922200,24638,23169,51,23220,352
2020-10-18,Santa Cruz,087,273765,2778,2692,33,2725,19
2020-10-18,Shasta,089,179085,1983,1708,18,1726,20
2020-10-18,Sierra,091,2930,6,6,0,6,0
2020-10-18,Siskiyou,093,43540,182,167,10,177,0
2020-10-18,Solano,095,438530,7163,6962,42,7004,57
2020-10-18,Sonoma,097,501317,9197,8781,23,8804,134
2020-10-18,Stanislaus,099,539301,17470,17290,695,17985,390
2020-10-18,Sutter,101,95872,1805,1764,1,1765,12
2020-10-18,Tehama,103,63373,839,774,2,776,5
2020-10-18,Trinity,105,12862,75,20,10,30,0
2020-10-18,Tulare,107,460477,17638,17048,302,17350,290
2020-10-18,Tuolumne,109,53932,266,245,4,249,4
2020-10-18,Ventura,111,848112,14623,13901,313,14214,151
2020-10-18,Yolo,113,214977,3157,3059,9,3068,55
2020-10-18,Yuba,115,75493,1210,1176,5,1181,10
2020-10-17,Alameda,001,1643700,23148,22394,213,22607,398
2020-10-17,Alpine,003,1148,3,3,0,3,0
2020-10-17,Amador,005,37829,314,309,0,309,16
2020-10-17,Butte,007,227075,3132,3012,30,3042,55
2020-10-17,Calaveras,009,45235,329,267,0,267,13
2020-10-17,Colusa,011,21464,544,544,1,545,6
2020-10-17,Contra Costa,013,1133247,18558,18005,93,18098,237
2020-10-17,Del Norte,015,27424,169,167,0,167,2
2020-10-17,El Dorado,017,186661,1343,1277,5,1282,4
2020-10-17,Fresno,019,978130,32924,29911,443,30354,430
2020-10-17,Glenn,021,27897,652,633,0,633,3
2020-10-17,Humboldt,023,135768,551,535,1,536,7
2020-10-17,Imperial,025,180216,12592,11962,13,11975,330
2020-10-17,Inyo,027,18085,228,212,5,217,14
2020-10-17,Kern,029,883053,33503,32710,386,33096,428
2020-10-17,Kings,031,150075,8373,8151,53,8204,80
2020-10-17,Lake,033,64148,695,663,0,663,15
2020-10-17,Lassen,035,31185,768,757,2,759,0
2020-10-17,Los Angeles,037,10098052,292798,285858,2595,288453,6844
2020-10-17,Madera,039,155013,4943,4759,37,4796,53
2020-10-17,Marin,041,260295,7060,6958,19,6977,99
2020-10-17,Mariposa,043,17540,78,77,0,77,2
2020-10-17,Mendocino,045,87422,1050,977,4,981,21
2020-10-17,Merced,047,269075,9386,9275,30,9305,148
2020-10-17,Modoc,049,8938,30,26,0,26,0
2020-10-17,Mono,051,14174,176,155,5,160,1
2020-10-17,Monterey,053,433212,11083,10807,48,10855,80
2020-10-17,Napa,055,140530,1953,1866,8,1874,12
2020-10-17,Nevada,057,99092,610,580,18,598,8
2020-10-17,Orange,059,3164182,59229,56197,1684,57881,1396
2020-10-17,Placer,061,380077,4104,3898,15,3913,49
2020-10-17,Plumas,063,18699,62,52,0,52,0
2020-10-17,Riverside,065,2383286,65456,63171,255,63426,1270
2020-10-17,Sacramento,067,1510023,24855,24304,27,24331,482
2020-10-17,San Benito,069,59416,1405,1389,1,1390,14
2020-10-17,San Bernardino,071,2135413,61316,58415,381,58796,1097
2020-10-17,San Diego,073,3302833,54212,51986,1391,53377,853
2020-10-17,San Francisco,075,870044,12013,11877,45,11922,126
2020-10-17,San Joaquin,077,732212,21469,20932,145,21077,489
2020-10-17,San Luis Obispo,079,281455,4242,3979,24,4003,31
2020-10-17,San Mateo,081,765935,11082,10423,11,10434,153
2020-10-17,Santa Barbara,083,443738,9760,9588,86,9674,121
2020-10-17,Santa Clara,085,1922200,24549,22997,51,23048,349
2020-10-17,Santa Cruz,087,273765,2764,2680,33,2713,19
2020-10-17,Shasta,089,179085,1957,1679,18,1697,20
2020-10-17,Sierra,091,2930,6,6,0,6,0
2020-10-17,Siskiyou,093,43540,181,167,10,177,0
2020-10-17,Solano,095,438530,7137,6929,42,6971,57
2020-10-17,Sonoma,097,501317,9154,8725,23,8748,134
2020-10-17,Stanislaus,099,539301,17430,17232,686,17918,390
2020-10-17,Sutter,101,95872,1803,1762,1,1763,12
2020-10-17,Tehama,103,63373,823,764,2,766,5
2020-10-17,Trinity,105,12862,75,20,10,30,0
2020-10-17,Tulare,107,460477,17608,16995,293,17288,290
2020-10-17,Tuolumne,109,53932,266,241,4,245,4
2020-10-17,Ventura,111,848112,14578,13845,310,14155,151
2020-10-17,Yolo,113,214977,3142,3045,8,3053,55
2020-10-17,Yuba,115,75493,1205,1164,5,1169,10
2020-10-16,Alameda,001,1643700,23094,22315,213,22528,397
2020-10-16,Alpine,003,1148,3,3,0,3,0
2020-10-16,Amador,005,37829,314,309,0,309,16
2020-10-16,Butte,007,227075,3121,3004,30,3034,54
2020-10-16,Calaveras,009,45235,329,267,0,267,13
2020-10-16,Colusa,011,21464,543,544,1,545,6
2020-10-16,Contra Costa,013,1133247,18505,17956,93,18049,237
2020-10-16,Del Norte,015,27424,169,166,0,166,2
2020-10-16,El Dorado,017,186661,1337,1273,5,1278,4
2020-10-16,Fresno,019,978130,32848,29796,442,30238,427
2020-10-16,Glenn,021,27897,647,632,0,632,3
2020-10-16,Humboldt,023,135768,551,533,1,534,7
2020-10-16,Imperial,025,180216,12552,11885,13,11898,330
2020-10-16,Inyo,027,18085,224,212,5,217,14
2020-10-16,Kern,029,883053,33460,32660,384,33044,428
2020-10-16,Kings,031,150075,8364,8146,52,8198,80
2020-10-16,Lake,033,64148,693,644,0,644,14
2020-10-16,Lassen,035,31185,768,757,2,759,0
2020-10-16,Los Angeles,037,10098052,291736,284988,2574,287562,6835
2020-10-16,Madera,039,155013,4931,4736,36,4772,53
2020-10-16,Marin,041,260295,7050,6933,19,6952,99
2020-10-16,Mariposa,043,17540,78,76,0,76,2
2020-10-16,Mendocino,045,87422,1043,974,4,978,21
2020-10-16,Merced,047,269075,9369,9246,30,9276,148
2020-10-16,Modoc,049,8938,30,26,0,26,0
2020-10-16,Mono,051,14174,174,155,5,160,1
2020-10-16,Monterey,053,433212,11048,10727,48,10775,79
2020-10-16,Napa,055,140530,1944,1855,8,1863,12
2020-10-16,Nevada,057,99092,608,579,18,597,8
2020-10-16,Orange,059,3164182,59051,56091,1677,57768,1388
2020-10-16,Placer,061,380077,4084,3864,15,3879,49
2020-10-16,Plumas,063,18699,61,52,0,52,0
2020-10-16,Riverside,065,2383286,65230,62986,254,63240,1267
2020-10-16,Sacramento,067,1510023,24761,24144,27,24171,479
2020-10-16,San Benito,069,59416,1402,1388,1,1389,14
2020-10-16,San Bernardino,071,2135413,61047,58233,381,58614,1069
2020-10-16,San Diego,073,3302833,53970,51785,1377,53162,850
2020-10-16,San Francisco,075,870044,11991,11840,44,11884,126
2020-10-16,San Joaquin,077,732212,21424,20910,144,21054,489
2020-10-16,San Luis Obispo,079,281455,4226,3952,24,3976,32
2020-10-16,San Mateo,081,765935,11056,10405,11,10416,153
2020-10-16,Santa Barbara,083,443738,9741,9549,86,9635,119
2020-10-16,Santa Clara,085,1922200,24462,22920,51,22971,345
2020-10-16,Santa Cruz,087,273765,2751,2666,33,2699,20
2020-10-16,Shasta,089,179085,1935,1660,18,1678,20
2020-10-16,Sierra,091,2930,6,6,0,6,0
2020-10-16,Siskiyou,093,43540,179,167,10,177,0
2020-10-16,Solano,095,438530,7114,6879,42,6921,55
2020-10-16,Sonoma,097,501317,9098,8652,23,8675,133
2020-10-16,Stanislaus,099,539301,17396,17201,678,17879,366
2020-10-16,Sutter,101,95872,1795,1756,1,1757,12
2020-10-16,Tehama,103,63373,822,737,2,739,3
2020-10-16,Trinity,105,12862,75,20,10,30,0
2020-10-16,Tulare,107,460477,17576,16965,285,17250,290
2020-10-16,Tuolumne,109,53932,264,237,4,241,4
2020-10-16,Ventura,111,848112,14535,13805,305,14110,152
2020-10-16,Yolo,113,214977,3133,3030,8,3038,55
2020-10-16,Yuba,115,75493,1205,1155,5,1160,10
2020-10-15,Alameda,001,1643700,23026,22267,212,22479,390
2020-10-15,Alpine,003,1148,3,3,0,3,0
2020-10-15,Amador,005,37829,314,309,0,309,16
2020-10-15,Butte,007,227075,3109,3000,29,3029,54
2020-10-15,Calaveras,009,45235,328,267,0,267,13
2020-10-15,Colusa,011,21464,542,543,1,544,6
2020-10-15,Contra Costa,013,1133247,18438,17893,92,17985,237
2020-10-15,Del Norte,015,27424,169,164,0,164,2
2020-10-15,El Dorado,017,186661,1332,1265,5,1270,4
2020-10-15,Fresno,019,978130,32751,29727,439,30166,425
2020-10-15,Glenn,021,27897,642,632,0,632,3
2020-10-15,Humboldt,023,135768,547,531,1,532,7
2020-10-15,Imperial,025,180216,12511,11820,12,11832,330
2020-10-15,Inyo,027,18085,224,210,5,215,14
2020-10-15,Kern,029,883053,33379,32593,381,32974,427
2020-10-15,Kings,031,150075,8349,8134,52,8186,80
2020-10-15,Lake,033,64148,691,642,0,642,14
2020-10-15,Lassen,035,31185,767,752,2,754,0
2020-10-15,Los Angeles,037,10098052,290451,284019,2540,286559,6807
2020-10-15,Madera,039,155013,4919,4723,35,4758,50
2020-10-15,Marin,041,260295,7042,6912,19,6931,99
2020-10-15,Mariposa,043,17540,78,76,0,76,2
2020-10-15,Mendocino,045,87422,1037,963,4,967,21
2020-10-15,Merced,047,269075,9342,9213,30,9243,147
2020-10-15,Modoc,049,8938,30,26,0,26,0
2020-10-15,Mono,051,14174,174,155,5,160,1
2020-10-15,Monterey,053,433212,10981,10677,47,10724,79
2020-10-15,Napa,055,140530,1931,1842,8,1850,12
2020-10-15,Nevada,057,99092,604,575,18,593,8
2020-10-15,Orange,059,3164182,58835,55952,1665,57617,1379
2020-10-15,Placer,061,380077,4055,3848,15,3863,48
2020-10-15,Plumas,063,18699,58,52,0,52,0
2020-10-15,Riverside,065,2383286,64897,62819,251,63070,1266
2020-10-15,Sacramento,067,1510023,24645,24068,27,24095,474
2020-10-15,San Benito,069,59416,1399,1384,1,1385,14
2020-10-15,San Bernardino,071,2135413,60708,58068,378,58446,1067
2020-10-15,San Diego,073,3302833,53686,51472,1361,52833,847
2020-10-15,San Francisco,075,870044,11963,11808,41,11849,126
2020-10-15,San Joaquin,077,732212,21351,20880,138,21018,487
2020-10-15,San Luis Obispo,079,281455,4209,3934,24,3958,32
2020-10-15,San Mateo,081,765935,11016,10340,11,10351,152
2020-10-15,Santa Barbara,083,443738,9717,9526,85,9611,117
2020-10-15,Santa Clara,085,1922200,24346,22808,51,22859,343
2020-10-15,Santa Cruz,087,273765,2737,2656,33,2689,13
2020-10-15,Shasta,089,179085,1924,1635,18,1653,20
2020-10-15,Sierra,091,2930,6,6,0,6,0
2020-10-15,Siskiyou,093,43540,175,166,10,176,0
2020-10-15,Solano,095,438530,7075,6830,42,6872,55
2020-10-15,Sonoma,097,501317,9006,8571,23,8594,133
2020-10-15,Stanislaus,099,539301,17358,17151,664,17815,366
2020-10-15,Sutter,101,95872,1792,1752,1,1753,12
2020-10-15,Tehama,103,63373,795,726,2,728,3
2020-10-15,Trinity,105,12862,75,20,10,30,0
2020-10-15,Tulare,107,460477,17516,16918,270,17188,289
2020-10-15,Tuolumne,109,53932,262,236,4,240,4
2020-10-15,Ventura,111,848112,14479,13750,300,14050,152
2020-10-15,Yolo,113,214977,3113,3014,8,3022,55
2020-10-15,Yuba,115,75493,1198,1151,5,1156,10
2020-10-14,Alameda,001,1643700,22927,22227,211,22438,398
2020-10-14,Alpine,003,1148,3,3,0,3,0
2020-10-14,Amador,005,37829,312,308,0,308,16
2020-10-14,Butte,007,227075,3101,2995,29,3024,54
2020-10-14,Calaveras,009,45235,328,266,0,266,12
2020-10-14,Colusa,011,21464,542,543,1,544,6
2020-10-14,Contra Costa,013,1133247,18381,17820,90,17910,236
2020-10-14,Del Norte,015,27424,168,163,0,163,2
2020-10-14,El Dorado,017,186661,1326,1264,5,1269,4
2020-10-14,Fresno,019,978130,32636,29650,433,30083,424
2020-10-14,Glenn,021,27897,641,629,0,629,3
2020-10-14,Humboldt,023,135768,544,531,1,532,7
2020-10-14,Imperial,025,180216,12474,11765,10,11775,330
2020-10-14,Inyo,027,18085,223,209,4,213,14
2020-10-14,Kern,029,883053,33304,32528,379,32907,425
2020-10-14,Kings,031,150075,8331,8118,52,8170,80
2020-10-14,Lake,033,64148,690,642,0,642,14
2020-10-14,Lassen,035,31185,765,752,2,754,0
2020-10-14,Los Angeles,037,10098052,289138,282918,2496,285414,6786
2020-10-14,Madera,039,155013,4904,4713,34,4747,50
2020-10-14,Marin,041,260295,7036,6907,19,6926,99
2020-10-14,Mariposa,043,17540,77,76,0,76,2
2020-10-14,Mendocino,045,87422,1031,955,4,959,21
2020-10-14,Merced,047,269075,9317,9201,28,9229,147
2020-10-14,Modoc,049,8938,30,27,0,27,0
2020-10-14,Mono,051,14174,174,155,5,160,1
2020-10-14,Monterey,053,433212,10930,10616,47,10663,78
2020-10-14,Napa,055,140530,1914,1837,8,1845,12
2020-10-14,Nevada,057,99092,602,573,18,591,7
2020-10-14,Orange,059,3164182,58621,55756,1656,57412,1348
2020-10-14,Placer,061,380077,4032,3829,15,3844,48
2020-10-14,Plumas,063,18699,54,52,0,52,0
2020-10-14,Riverside,065,2383286,64614,62607,250,62857,1261
2020-10-14,Sacramento,067,1510023,24501,24013,27,24040,472
2020-10-14,San Benito,069,59416,1397,1381,0,1381,14
2020-10-14,San Bernardino,071,2135413,60381,57774,374,58148,1063
2020-10-14,San Diego,073,3302833,53367,51329,1337,52666,844
2020-10-14,San Francisco,075,870044,11931,11783,40,11823,123
2020-10-14,San Joaquin,077,732212,21272,20845,124,20969,487
2020-10-14,San Luis Obispo,079,281455,4186,3901,23,3924,32
2020-10-14,San Mateo,081,765935,10965,10309,11,10320,132
2020-10-14,Santa Barbara,083,443738,9683,9509,85,9594,117
2020-10-14,Santa Clara,085,1922200,24197,22735,51,22786,343
2020-10-14,Santa Cruz,087,273765,2727,2618,33,2651,13
2020-10-14,Shasta,089,179085,1886,1553,18,1571,20
2020-10-14,Sierra,091,2930,6,6,0,6,0
2020-10-14,Siskiyou,093,43540,175,166,10,176,0
2020-10-14,Solano,095,438530,7019,6786,42,6828,55
2020-10-14,Sonoma,097,501317,8953,8514,23,8537,133
2020-10-14,Stanislaus,099,539301,17313,17105,661,17766,365
2020-10-14,Sutter,101,95872,1783,1747,1,1748,12
2020-10-14,Tehama,103,63373,784,721,2,723,3
2020-10-14,Trinity,105,12862,74,20,10,30,0
2020-10-14,Tulare,107,460477,17454,16863,257,17120,287
2020-10-14,Tuolumne,109,53932,261,236,4,240,4
2020-10-14,Ventura,111,848112,14426,13697,296,13993,152
2020-10-14,Yolo,113,214977,3095,3007,7,3014,55
2020-10-14,Yuba,115,75493,1190,1147,5,1152,10
2020-10-13,Alameda,001,1643700,22822,22185,209,22394,389
2020-10-13,Alpine,003,1148,3,3,0,3,0
2020-10-13,Amador,005,37829,310,306,0,306,16
2020-10-13,Butte,007,227075,3092,2992,29,3021,54
2020-10-13,Calaveras,009,45235,324,262,0,262,12
2020-10-13,Colusa,011,21464,542,541,1,542,6
2020-10-13,Contra Costa,013,1133247,18323,17783,90,17873,234
2020-10-13,Del Norte,015,27424,168,163,0,163,2
2020-10-13,El Dorado,017,186661,1317,1262,5,1267,4
2020-10-13,Fresno,019,978130,32514,29579,429,30008,424
2020-10-13,Glenn,021,27897,640,629,0,629,3
2020-10-13,Humboldt,023,135768,542,523,1,524,7
2020-10-13,Imperial,025,180216,12439,11727,9,11736,327
2020-10-13,Inyo,027,18085,220,207,4,211,14
2020-10-13,Kern,029,883053,33229,32497,377,32874,419
2020-10-13,Kings,031,150075,8322,8111,52,8163,80
2020-10-13,Lake,033,64148,687,639,0,639,12
2020-10-13,Lassen,035,31185,763,752,2,754,0
2020-10-13,Los Angeles,037,10098052,287859,281716,2454,284170,6767
2020-10-13,Madera,039,155013,4886,4700,34,4734,50
2020-10-13,Marin,041,260295,7014,6900,18,6918,97
2020-10-13,Mariposa,043,17540,77,76,0,76,2
2020-10-13,Mendocino,045,87422,1022,950,4,954,21
2020-10-13,Merced,047,269075,9300,9181,28,9209,146
2020-10-13,Modoc,049,8938,29,28,0,28,0
2020-10-13,Mono,051,14174,174,155,4,159,1
2020-10-13,Monterey,053,433212,10869,10574,46,10620,78
2020-10-13,Napa,055,140530,1905,1825,8,1833,12
2020-10-13,Nevada,057,99092,595,572,18,590,7
2020-10-13,Orange,059,3164182,58408,55515,1643,57158,1326
2020-10-13,Placer,061,380077,3994,3825,15,3840,48
2020-10-13,Plumas,063,18699,52,51,0,51,0
2020-10-13,Riverside,065,2383286,64294,62279,248,62527,1254
2020-10-13,Sacramento,067,1510023,24424,23930,27,23957,466
2020-10-13,San Benito,069,59416,1389,1380,0,1380,14
2020-10-13,San Bernardino,071,2135413,60042,57411,372,57783,1061
2020-10-13,San Diego,073,3302833,53074,51026,1320,52346,840
2020-10-13,San Francisco,075,870044,11896,11659,40,11699,122
2020-10-13,San Joaquin,077,732212,21211,20822,120,20942,481
2020-10-13,San Luis Obispo,079,281455,4168,3892,22,3914,32
2020-10-13,San Mateo,081,765935,10922,10286,11,10297,130
2020-10-13,Santa Barbara,083,443738,9652,9489,85,9574,117
2020-10-13,Santa Clara,085,1922200,24070,22678,51,22729,343
2020-10-13,Santa Cruz,087,273765,2709,2603,33,2636,13
2020-10-13,Shasta,089,179085,1862,1606,18,1624,20
2020-10-13,Sierra,091,2930,6,6,0,6,0
2020-10-13,Siskiyou,093,43540,174,163,10,173,0
2020-10-13,Solano,095,438530,6984,6761,42,6803,55
2020-10-13,Sonoma,097,501317,8870,8456,23,8479,133
2020-10-13,Stanislaus,099,539301,17268,17082,656,17738,362
2020-10-13,Sutter,101,95872,1774,1748,1,1749,12
2020-10-13,Tehama,103,63373,776,717,2,719,3
2020-10-13,Trinity,105,12862,70,19,9,28,0
2020-10-13,Tulare,107,460477,17395,16822,249,17071,286
2020-10-13,Tuolumne,109,53932,259,235,4,239,4
2020-10-13,Ventura,111,848112,14371,13645,292,13937,151
2020-10-13,Yolo,113,214977,3087,2983,6,2989,55
2020-10-13,Yuba,115,75493,1185,1143,5,1148,10
2020-10-12,Alameda,001,1643700,22742,22126,208,22334,389
2020-10-12,Alpine,003,1148,3,3,0,3,0
2020-10-12,Amador,005,37829,309,305,0,305,16
2020-10-12,Butte,007,227075,3086,2975,29,3004,54
2020-10-12,Calaveras,009,45235,324,262,0,262,12
2020-10-12,Colusa,011,21464,542,541,1,542,6
2020-10-12,Contra Costa,013,1133247,18248,17728,90,17818,233
2020-10-12,Del Norte,015,27424,168,161,0,161,2
2020-10-12,El Dorado,017,186661,1314,1254,5,1259,4
2020-10-12,Fresno,019,978130,32381,29523,425,29948,421
2020-10-12,Glenn,021,27897,639,626,0,626,3
2020-10-12,Humboldt,023,135768,539,522,1,523,7
2020-10-12,Imperial,025,180216,12400,11689,9,11698,328
2020-10-12,Inyo,027,18085,217,201,4,205,14
2020-10-12,Kern,029,883053,33136,32425,374,32799,419
2020-10-12,Kings,031,150075,8316,8106,51,8157,80
2020-10-12,Lake,033,64148,681,633,0,633,12
2020-10-12,Lassen,035,31185,763,752,2,754,0
2020-10-12,Los Angeles,037,10098052,286641,280961,2427,283388,6747
2020-10-12,Madera,039,155013,4867,4689,34,4723,50
2020-10-12,Marin,041,260295,6997,6886,18,6904,97
2020-10-12,Mariposa,043,17540,77,76,0,76,2
2020-10-12,Mendocino,045,87422,1016,947,4,951,21
2020-10-12,Merced,047,269075,9279,9141,28,9169,146
2020-10-12,Modoc,049,8938,29,27,0,27,0
2020-10-12,Mono,051,14174,174,154,4,158,1
2020-10-12,Monterey,053,433212,10803,10473,46,10519,77
2020-10-12,Napa,055,140530,1897,1819,8,1827,11
2020-10-12,Nevada,057,99092,591,570,18,588,7
2020-10-12,Orange,059,3164182,58179,55373,1633,57006,1326
2020-10-12,Placer,061,380077,3962,3808,14,3822,48
2020-10-12,Plumas,063,18699,52,51,0,51,0
2020-10-12,Riverside,065,2383286,63983,62279,244,62523,1254
2020-10-12,Sacramento,067,1510023,24318,23807,27,23834,466
2020-10-12,San Benito,069,59416,1386,1376,0,1376,13
2020-10-12,San Bernardino,071,2135413,59666,57235,371,57606,1061
2020-10-12,San Diego,073,3302833,52784,50748,1293,52041,826
2020-10-12,San Francisco,075,870044,11864,11659,40,11699,122
2020-10-12,San Joaquin,077,732212,21148,20701,114,20815,480
2020-10-12,San Luis Obispo,079,281455,4140,3874,22,3896,32
2020-10-12,San Mateo,081,765935,10874,10262,11,10273,130
2020-10-12,Santa Barbara,083,443738,9614,9462,85,9547,117
2020-10-12,Santa Clara,085,1922200,23954,22578,51,22629,343
2020-10-12,Santa Cruz,087,273765,2692,2590,33,2623,13
2020-10-12,Shasta,089,179085,1837,1515,18,1533,20
2020-10-12,Sierra,091,2930,6,6,0,6,0
2020-10-12,Siskiyou,093,43540,173,162,10,172,0
2020-10-12,Solano,095,438530,6945,6742,42,6784,55
2020-10-12,Sonoma,097,501317,8799,8377,23,8400,133
2020-10-12,Stanislaus,099,539301,17219,17051,647,17698,361
2020-10-12,Sutter,101,95872,1766,1741,1,1742,12
2020-10-12,Tehama,103,63373,760,708,2,710,3
2020-10-12,Trinity,105,12862,69,19,9,28,0
2020-10-12,Tulare,107,460477,17343,16742,242,16984,286
2020-10-12,Tuolumne,109,53932,254,234,4,238,4
2020-10-12,Ventura,111,848112,14309,13617,288,13905,151
2020-10-12,Yolo,113,214977,3072,2964,6,2970,55
2020-10-12,Yuba,115,75493,1174,1141,5,1146,10
2020-10-11,Alameda,001,1643700,22652,22057,204,22261,392
2020-10-11,Alpine,003,1148,3,3,0,3,0
2020-10-11,Amador,005,37829,307,305,0,305,16
2020-10-11,Butte,007,227075,3078,2967,28,2995,54
2020-10-11,Calaveras,009,45235,322,262,0,262,12
2020-10-11,Colusa,011,21464,540,541,1,542,6
2020-10-11,Contra Costa,013,1133247,18164,17678,90,17768,233
2020-10-11,Del Norte,015,27424,166,161,0,161,2
2020-10-11,El Dorado,017,186661,1305,1242,5,1247,4
2020-10-11,Fresno,019,978130,32243,29419,417,29836,421
2020-10-11,Glenn,021,27897,637,625,0,625,3
2020-10-11,Humboldt,023,135768,538,521,1,522,7
2020-10-11,Imperial,025,180216,12340,11614,9,11623,328
2020-10-11,Inyo,027,18085,213,201,4,205,14
2020-10-11,Kern,029,883053,33049,32399,365,32764,418
2020-10-11,Kings,031,150075,8299,8094,50,8144,80
2020-10-11,Lake,033,64148,668,631,0,631,12
2020-10-11,Lassen,035,31185,762,752,2,754,0
2020-10-11,Los Angeles,037,10098052,285201,280190,2386,282576,6745
2020-10-11,Madera,039,155013,4839,4680,33,4713,50
2020-10-11,Marin,041,260295,6988,6870,18,6888,97
2020-10-11,Mariposa,043,17540,77,76,0,76,2
2020-10-11,Mendocino,045,87422,1009,944,4,948,21
2020-10-11,Merced,047,269075,9261,9124,28,9152,146
2020-10-11,Modoc,049,8938,29,27,0,27,0
2020-10-11,Mono,051,14174,174,154,4,158,1
2020-10-11,Monterey,053,433212,10752,10445,44,10489,77
2020-10-11,Napa,055,140530,1881,1811,8,1819,11
2020-10-11,Nevada,057,99092,589,569,18,587,7
2020-10-11,Orange,059,3164182,57949,55202,1627,56829,1326
2020-10-11,Placer,061,380077,3941,3787,14,3801,48
2020-10-11,Plumas,063,18699,52,51,0,51,0
2020-10-11,Riverside,065,2383286,63694,62112,240,62352,1254
2020-10-11,Sacramento,067,1510023,24176,23778,27,23805,466
2020-10-11,San Benito,069,59416,1385,1374,0,1374,13
2020-10-11,San Bernardino,071,2135413,59213,56997,369,57366,1061
2020-10-11,San Diego,073,3302833,52434,50553,1271,51824,826
2020-10-11,San Francisco,075,870044,11821,11659,40,11699,122
2020-10-11,San Joaquin,077,732212,21073,20700,104,20804,480
2020-10-11,San Luis Obispo,079,281455,4123,3874,21,3895,32
2020-10-11,San Mateo,081,765935,10842,10240,11,10251,130
2020-10-11,Santa Barbara,083,443738,9583,9440,84,9524,117
2020-10-11,Santa Clara,085,1922200,23811,22487,50,22537,336
2020-10-11,Santa Cruz,087,273765,2678,2578,33,2611,13
2020-10-11,Shasta,089,179085,1807,1515,17,1532,20
2020-10-11,Sierra,091,2930,6,6,0,6,0
2020-10-11,Siskiyou,093,43540,172,162,10,172,0
2020-10-11,Solano,095,438530,6891,6685,42,6727,53
2020-10-11,Sonoma,097,501317,8742,8319,23,8342,133
2020-10-11,Stanislaus,099,539301,17155,17007,631,17638,360
2020-10-11,Sutter,101,95872,1763,1742,1,1743,12
2020-10-11,Tehama,103,63373,736,702,2,704,3
2020-10-11,Trinity,105,12862,69,19,9,28,0
2020-10-11,Tulare,107,460477,17279,16741,234,16975,286
2020-10-11,Tuolumne,109,53932,249,234,4,238,4
2020-10-11,Ventura,111,848112,14248,13604,283,13887,151
2020-10-11,Yolo,113,214977,3042,2952,6,2958,55
2020-10-11,Yuba,115,75493,1162,1137,5,1142,10
2020-10-10,Alameda,001,1643700,22602,21979,203,22182,398
2020-10-10,Alpine,003,1148,3,3,0,3,0
2020-10-10,Amador,005,37829,306,304,0,304,16
2020-10-10,Butte,007,227075,3073,2962,27,2989,54
2020-10-10,Calaveras,009,45235,321,262,0,262,12
2020-10-10,Colusa,011,21464,540,541,1,542,6
2020-10-10,Contra Costa,013,1133247,18128,17566,89,17655,233
2020-10-10,Del Norte,015,27424,166,161,0,161,2
2020-10-10,El Dorado,017,186661,1303,1240,5,1245,4
2020-10-10,Fresno,019,978130,32179,29286,415,29701,421
2020-10-10,Glenn,021,27897,637,623,0,623,3
2020-10-10,Humboldt,023,135768,535,518,1,519,7
2020-10-10,Imperial,025,180216,12325,11591,9,11600,327
2020-10-10,Inyo,027,18085,210,201,4,205,14
2020-10-10,Kern,029,883053,33012,32338,365,32703,418
2020-10-10,Kings,031,150075,8295,8078,50,8128,80
2020-10-10,Lake,033,64148,667,630,0,630,11
2020-10-10,Lassen,035,31185,762,752,2,754,0
2020-10-10,Los Angeles,037,10098052,284481,279213,2352,281565,6743
2020-10-10,Madera,039,155013,4826,4662,33,4695,50
2020-10-10,Marin,041,260295,6979,6852,18,6870,97
2020-10-10,Mariposa,043,17540,77,76,0,76,2
2020-10-10,Mendocino,045,87422,1002,935,4,939,21
2020-10-10,Merced,047,269075,9255,9105,27,9132,146
2020-10-10,Modoc,049,8938,29,27,0,27,0
2020-10-10,Mono,051,14174,174,154,4,158,1
2020-10-10,Monterey,053,433212,10719,10410,44,10454,75
2020-10-10,Napa,055,140530,1874,1804,8,1812,11
2020-10-10,Nevada,057,99092,586,564,18,582,6
2020-10-10,Orange,059,3164182,57828,54965,1622,56587,1324
2020-10-10,Placer,061,380077,3924,3757,14,3771,48
2020-10-10,Plumas,063,18699,52,51,0,51,0
2020-10-10,Riverside,065,2383286,63491,61845,238,62083,1254
2020-10-10,Sacramento,067,1510023,24109,23689,27,23716,466
2020-10-10,San Benito,069,59416,1383,1370,0,1370,13
2020-10-10,San Bernardino,071,2135413,59050,56683,367,57050,1061
2020-10-10,San Diego,073,3302833,52204,50145,1253,51398,825
2020-10-10,San Francisco,075,870044,11800,11663,40,11703,122
2020-10-10,San Joaquin,077,732212,21045,20700,100,20800,481
2020-10-10,San Luis Obispo,079,281455,4103,3832,21,3853,32
2020-10-10,San Mateo,081,765935,10805,10218,11,10229,130
2020-10-10,Santa Barbara,083,443738,9572,9417,84,9501,116
2020-10-10,Santa Clara,085,1922200,23720,22354,50,22404,330
2020-10-10,Santa Cruz,087,273765,2664,2572,33,2605,13
2020-10-10,Shasta,089,179085,1790,1473,17,1490,20
2020-10-10,Sierra,091,2930,6,6,0,6,0
2020-10-10,Siskiyou,093,43540,172,161,10,171,0
2020-10-10,Solano,095,438530,6865,6655,42,6697,53
2020-10-10,Sonoma,097,501317,8722,8235,23,8258,133
2020-10-10,Stanislaus,099,539301,17120,16960,623,17583,360
2020-10-10,Sutter,101,95872,1760,1735,1,1736,12
2020-10-10,Tehama,103,63373,729,693,2,695,3
2020-10-10,Trinity,105,12862,69,19,9,28,0
2020-10-10,Tulare,107,460477,17244,16709,229,16938,286
2020-10-10,Tuolumne,109,53932,249,233,4,237,4
2020-10-10,Ventura,111,848112,14223,13520,283,13803,151
2020-10-10,Yolo,113,214977,3033,2939,6,2945,55
2020-10-10,Yuba,115,75493,1160,1134,5,1139,10
2020-10-09,Alameda,001,1643700,22554,21924,203,22127,399
2020-10-09,Alpine,003,1148,3,3,0,3,0
2020-10-09,Amador,005,37829,306,303,0,303,16
2020-10-09,Butte,007,227075,3070,2956,27,2983,51
2020-10-09,Calaveras,009,45235,319,262,0,262,11
2020-10-09,Colusa,011,21464,540,541,1,542,6
2020-10-09,Contra Costa,013,1133247,18078,17487,89,17576,229
2020-10-09,Del Norte,015,27424,165,161,0,161,2
2020-10-09,El Dorado,017,186661,1299,1234,5,1239,4
2020-10-09,Fresno,019,978130,32106,29208,413,29621,417
2020-10-09,Glenn,021,27897,632,617,0,617,3
2020-10-09,Humboldt,023,135768,533,516,1,517,7
2020-10-09,Imperial,025,180216,12298,11516,9,11525,330
2020-10-09,Inyo,027,18085,207,200,4,204,14
2020-10-09,Kern,029,883053,32969,32237,363,32600,417
2020-10-09,Kings,031,150075,8288,7993,48,8041,80
2020-10-09,Lake,033,64148,657,610,0,610,11
2020-10-09,Lassen,035,31185,762,751,2,753,0
2020-10-09,Los Angeles,037,10098052,283347,278039,2327,280366,6715
2020-10-09,Madera,039,155013,4816,4646,33,4679,50
2020-10-09,Marin,041,260295,6965,6838,18,6856,96
2020-10-09,Mariposa,043,17540,77,76,0,76,2
2020-10-09,Mendocino,045,87422,992,933,4,937,20
2020-10-09,Merced,047,269075,9241,9095,27,9122,145
2020-10-09,Modoc,049,8938,29,27,0,27,0
2020-10-09,Mono,051,14174,174,154,4,158,1
2020-10-09,Monterey,053,433212,10685,10369,44,10413,75
2020-10-09,Napa,055,140530,1864,1795,8,1803,11
2020-10-09,Nevada,057,99092,581,561,18,579,6
2020-10-09,Orange,059,3164182,57656,54746,1617,56363,1305
2020-10-09,Placer,061,380077,3910,3737,14,3751,48
2020-10-09,Plumas,063,18699,52,50,0,50,0
2020-10-09,Riverside,065,2383286,63255,61529,237,61766,1252
2020-10-09,Sacramento,067,1510023,24039,23606,27,23633,457
2020-10-09,San Benito,069,59416,1378,1367,0,1367,13
2020-10-09,San Bernardino,071,2135413,58810,56434,365,56799,1057
2020-10-09,San Diego,073,3302833,51928,49825,1242,51067,821
2020-10-09,San Francisco,075,870044,11770,11620,40,11660,120
2020-10-09,San Joaquin,077,732212,21015,20648,92,20740,481
2020-10-09,San Luis Obispo,079,281455,4084,3810,21,3831,32
2020-10-09,San Mateo,081,765935,10777,10140,11,10151,130
2020-10-09,Santa Barbara,083,443738,9544,9396,84,9480,116
2020-10-09,Santa Clara,085,1922200,23618,22251,49,22300,328
2020-10-09,Santa Cruz,087,273765,2655,2555,33,2588,13
2020-10-09,Shasta,089,179085,1764,1353,16,1369,20
2020-10-09,Sierra,091,2930,6,6,0,6,0
2020-10-09,Siskiyou,093,43540,170,156,10,166,0
2020-10-09,Solano,095,438530,6826,6614,42,6656,53
2020-10-09,Sonoma,097,501317,8668,8133,23,8156,133
2020-10-09,Stanislaus,099,539301,17096,16904,614,17518,362
2020-10-09,Sutter,101,95872,1756,1732,1,1733,12
2020-10-09,Tehama,103,63373,723,682,2,684,3
2020-10-09,Trinity,105,12862,69,25,9,34,0
2020-10-09,Tulare,107,460477,17204,16644,220,16864,286
2020-10-09,Tuolumne,109,53932,246,230,4,234,4
2020-10-09,Ventura,111,848112,14187,13469,280,13749,151
2020-10-09,Yolo,113,214977,3026,2928,6,2934,55
2020-10-09,Yuba,115,75493,1159,1129,5,1134,10
2020-10-08,Alameda,001,1643700,22473,21826,202,22028,395
2020-10-08,Alpine,003,1148,3,3,0,3,0
2020-10-08,Amador,005,37829,305,302,0,302,16
2020-10-08,Butte,007,227075,3060,2935,27,2962,51
2020-10-08,Calaveras,009,45235,318,262,0,262,11
2020-10-08,Colusa,011,21464,540,539,1,540,6
2020-10-08,Contra Costa,013,1133247,18018,17418,88,17506,228
2020-10-08,Del Norte,015,27424,165,151,0,151,2
2020-10-08,El Dorado,017,186661,1298,1230,5,1235,4
2020-10-08,Fresno,019,978130,32001,29111,413,29524,416
2020-10-08,Glenn,021,27897,629,616,0,616,3
2020-10-08,Humboldt,023,135768,529,515,1,516,7
2020-10-08,Imperial,025,180216,12259,11405,9,11414,330
2020-10-08,Inyo,027,18085,204,199,4,203,14
2020-10-08,Kern,029,883053,32911,32169,358,32527,411
2020-10-08,Kings,031,150075,8282,7968,48,8016,80
2020-10-08,Lake,033,64148,652,604,0,604,11
2020-10-08,Lassen,035,31185,757,751,2,753,0
2020-10-08,Los Angeles,037,10098052,282147,276763,2287,279050,6699
2020-10-08,Madera,039,155013,4797,4637,33,4670,50
2020-10-08,Marin,041,260295,6951,6810,18,6828,96
2020-10-08,Mariposa,043,17540,77,76,0,76,2
2020-10-08,Mendocino,045,87422,987,930,4,934,20
2020-10-08,Merced,047,269075,9221,9069,27,9096,144
2020-10-08,Modoc,049,8938,29,27,0,27,0
2020-10-08,Mono,051,14174,174,153,4,157,1
2020-10-08,Monterey,053,433212,10618,10343,44,10387,75
2020-10-08,Napa,055,140530,1849,1779,8,1787,11
2020-10-08,Nevada,057,99092,578,556,18,574,6
2020-10-08,Orange,059,3164182,57463,54523,1606,56129,1293
2020-10-08,Placer,061,380077,3892,3715,14,3729,48
2020-10-08,Plumas,063,18699,52,50,0,50,0
2020-10-08,Riverside,065,2383286,62986,61105,235,61340,1244
2020-10-08,Sacramento,067,1510023,23931,23482,27,23509,454
2020-10-08,San Benito,069,59416,1373,1367,0,1367,13
2020-10-08,San Bernardino,071,2135413,58444,56152,364,56516,1048
2020-10-08,San Diego,073,3302833,51648,49468,1210,50678,819
2020-10-08,San Francisco,075,870044,11732,11608,40,11648,115
2020-10-08,San Joaquin,077,732212,20963,20576,87,20663,478
2020-10-08,San Luis Obispo,079,281455,4068,3785,21,3806,32
2020-10-08,San Mateo,081,765935,10745,10044,11,10055,130
2020-10-08,Santa Barbara,083,443738,9516,9374,84,9458,116
2020-10-08,Santa Clara,085,1922200,23516,22095,49,22144,323
2020-10-08,Santa Cruz,087,273765,2643,2535,33,2568,13
2020-10-08,Shasta,089,179085,1730,1305,16,1321,20
2020-10-08,Sierra,091,2930,6,6,0,6,0
2020-10-08,Siskiyou,093,43540,170,156,10,166,0
2020-10-08,Solano,095,438530,6802,6556,42,6598,53
2020-10-08,Sonoma,097,501317,8602,8063,23,8086,132
2020-10-08,Stanislaus,099,539301,17050,16821,606,17427,360
2020-10-08,Sutter,101,95872,1756,1725,1,1726,12
2020-10-08,Tehama,103,63373,714,676,2,678,3
2020-10-08,Trinity,105,12862,68,25,9,34,0
2020-10-08,Tulare,107,460477,17143,16573,211,16784,283
2020-10-08,Tuolumne,109,53932,245,230,4,234,4
2020-10-08,Ventura,111,848112,14139,13399,278,13677,151
2020-10-08,Yolo,113,214977,3009,2914,6,2920,55
2020-10-08,Yuba,115,75493,1154,1126,5,1131,10
2020-10-07,Alameda,001,1643700,22396,21736,202,21938,395
2020-10-07,Alpine,003,1148,3,3,0,3,0
2020-10-07,Amador,005,37829,305,302,0,302,16
2020-10-07,Butte,007,227075,3048,2927,27,2954,47
2020-10-07,Calaveras,009,45235,316,262,0,262,11
2020-10-07,Colusa,011,21464,539,539,0,539,6
2020-10-07,Contra Costa,013,1133247,17948,17346,87,17433,225
2020-10-07,Del Norte,015,27424,164,149,0,149,2
2020-10-07,El Dorado,017,186661,1290,1219,5,1224,4
2020-10-07,Fresno,019,978130,31880,29069,408,29477,413
2020-10-07,Glenn,021,27897,629,615,0,615,3
2020-10-07,Humboldt,023,135768,526,512,1,513,7
2020-10-07,Imperial,025,180216,12222,11289,8,11297,330
2020-10-07,Inyo,027,18085,204,199,4,203,14
2020-10-07,Kern,029,883053,32838,32068,357,32425,410
2020-10-07,Kings,031,150075,8267,7948,48,7996,80
2020-10-07,Lake,033,64148,651,599,0,599,11
2020-10-07,Lassen,035,31185,757,751,2,753,0
2020-10-07,Los Angeles,037,10098052,280966,275559,2253,277812,6681
2020-10-07,Madera,039,155013,4777,4618,33,4651,50
2020-10-07,Marin,041,260295,6924,6790,18,6808,95
2020-10-07,Mariposa,043,17540,77,75,0,75,2
2020-10-07,Mendocino,045,87422,981,927,4,931,19
2020-10-07,Merced,047,269075,9184,9045,26,9071,144
2020-10-07,Modoc,049,8938,29,27,0,27,0
2020-10-07,Mono,051,14174,173,153,3,156,1
2020-10-07,Monterey,053,433212,10559,10272,44,10316,75
2020-10-07,Napa,055,140530,1836,1774,8,1782,11
2020-10-07,Nevada,057,99092,574,552,18,570,6
2020-10-07,Orange,059,3164182,57245,54332,1595,55927,1277
2020-10-07,Placer,061,380077,3876,3693,14,3707,48
2020-10-07,Plumas,063,18699,52,50,0,50,0
2020-10-07,Riverside,065,2383286,62639,60857,231,61088,1241
2020-10-07,Sacramento,067,1510023,23834,23380,27,23407,452
2020-10-07,San Benito,069,59416,1370,1363,0,1363,13
2020-10-07,San Bernardino,071,2135413,58095,55738,363,56101,1043
2020-10-07,San Diego,073,3302833,51332,49177,1186,50363,813
2020-10-07,San Francisco,075,870044,11697,11551,40,11591,115
2020-10-07,San Joaquin,077,732212,20911,20527,80,20607,478
2020-10-07,San Luis Obispo,079,281455,4038,3749,21,3770,32
2020-10-07,San Mateo,081,765935,10702,9980,11,9991,130
2020-10-07,Santa Barbara,083,443738,9490,9350,83,9433,116
2020-10-07,Santa Clara,085,1922200,23388,21993,49,22042,320
2020-10-07,Santa Cruz,087,273765,2631,2518,33,2551,14
2020-10-07,Shasta,089,179085,1687,1268,16,1284,20
2020-10-07,Sierra,091,2930,6,6,0,6,0
2020-10-07,Siskiyou,093,43540,168,154,10,164,0
2020-10-07,Solano,095,438530,6767,6526,42,6568,53
2020-10-07,Sonoma,097,501317,8527,7993,22,8015,130
2020-10-07,Stanislaus,099,539301,17015,16786,600,17386,357
2020-10-07,Sutter,101,95872,1753,1723,1,1724,12
2020-10-07,Tehama,103,63373,705,666,2,668,3
2020-10-07,Trinity,105,12862,64,25,8,33,0
2020-10-07,Tulare,107,460477,17100,16483,202,16685,282
2020-10-07,Tuolumne,109,53932,245,227,4,231,3
2020-10-07,Ventura,111,848112,14089,13333,272,13605,150
2020-10-07,Yolo,113,214977,2983,2904,6,2910,55
2020-10-07,Yuba,115,75493,1148,1120,5,1125,10
2020-10-06,Alameda,001,1643700,22305,21698,200,21898,385
2020-10-06,Alpine,003,1148,3,3,0,3,0
2020-10-06,Amador,005,37829,303,301,0,301,16
2020-10-06,Butte,007,227075,3041,2925,27,2952,47
2020-10-06,Calaveras,009,45235,316,261,0,261,11
2020-10-06,Colusa,011,21464,538,538,0,538,6
2020-10-06,Contra Costa,013,1133247,17869,17295,87,17382,219
2020-10-06,Del Norte,015,27424,164,144,0,144,2
2020-10-06,El Dorado,017,186661,1286,1211,5,1216,4
2020-10-06,Fresno,019,978130,31736,29022,405,29427,412
2020-10-06,Glenn,021,27897,626,604,0,604,3
2020-10-06,Humboldt,023,135768,523,508,1,509,7
2020-10-06,Imperial,025,180216,12184,11196,8,11204,327
2020-10-06,Inyo,027,18085,202,198,4,202,14
2020-10-06,Kern,029,883053,32761,32006,355,32361,407
2020-10-06,Kings,031,150075,8251,7943,48,7991,81
2020-10-06,Lake,033,64148,645,596,0,596,11
2020-10-06,Lassen,035,31185,757,743,2,745,0
2020-10-06,Los Angeles,037,10098052,279730,274115,2203,276318,6657
2020-10-06,Madera,039,155013,4765,4608,33,4641,50
2020-10-06,Marin,041,260295,6909,6766,18,6784,91
2020-10-06,Mariposa,043,17540,77,75,0,75,2
2020-10-06,Mendocino,045,87422,974,920,4,924,19
2020-10-06,Merced,047,269075,9148,9034,25,9059,143
2020-10-06,Modoc,049,8938,29,26,0,26,0
2020-10-06,Mono,051,14174,173,153,3,156,1
2020-10-06,Monterey,053,433212,10504,10235,42,10277,72
2020-10-06,Napa,055,140530,1830,1770,8,1778,11
2020-10-06,Nevada,057,99092,571,551,18,569,6
2020-10-06,Orange,059,3164182,57030,54203,1586,55789,1273
2020-10-06,Placer,061,380077,3854,3680,14,3694,48
2020-10-06,Plumas,063,18699,52,49,0,49,0
2020-10-06,Riverside,065,2383286,62374,60593,228,60821,1238
2020-10-06,Sacramento,067,1510023,23747,23322,27,23349,442
2020-10-06,San Benito,069,59416,1369,1358,0,1358,12
2020-10-06,San Bernardino,071,2135413,57780,55416,359,55775,1040
2020-10-06,San Diego,073,3302833,50995,48823,1169,49992,806
2020-10-06,San Francisco,075,870044,11671,11513,39,11552,115
2020-10-06,San Joaquin,077,732212,20871,20481,77,20558,477
2020-10-06,San Luis Obispo,079,281455,4004,3723,21,3744,32
2020-10-06,San Mateo,081,765935,10669,9934,11,9945,129
2020-10-06,Santa Barbara,083,443738,9461,9331,82,9413,116
2020-10-06,Santa Clara,085,1922200,23293,21914,49,21963,320
2020-10-06,Santa Cruz,087,273765,2609,2510,33,2543,12
2020-10-06,Shasta,089,179085,1647,1242,16,1258,18
2020-10-06,Sierra,091,2930,6,6,0,6,0
2020-10-06,Siskiyou,093,43540,168,154,10,164,0
2020-10-06,Solano,095,438530,6721,6506,42,6548,52
2020-10-06,Sonoma,097,501317,8434,7895,22,7917,130
2020-10-06,Stanislaus,099,539301,16970,16759,594,17353,354
2020-10-06,Sutter,101,95872,1751,1722,1,1723,12
2020-10-06,Tehama,103,63373,696,660,2,662,3
2020-10-06,Trinity,105,12862,64,25,8,33,0
2020-10-06,Tulare,107,460477,17058,16456,194,16650,280
2020-10-06,Tuolumne,109,53932,244,227,4,231,2
2020-10-06,Ventura,111,848112,14022,13242,267,13509,150
2020-10-06,Yolo,113,214977,2969,2899,6,2905,56
2020-10-06,Yuba,115,75493,1147,1114,5,1119,10
2020-10-05,Alameda,001,1643700,22217,21637,197,21834,383
2020-10-05,Alpine,003,1148,3,2,0,2,0
2020-10-05,Amador,005,37829,303,299,0,299,16
2020-10-05,Butte,007,227075,3031,2910,27,2937,46
2020-10-05,Calaveras,009,45235,316,259,0,259,11
2020-10-05,Colusa,011,21464,538,537,0,537,6
2020-10-05,Contra Costa,013,1133247,17792,17250,87,17337,216
2020-10-05,Del Norte,015,27424,161,142,0,142,2
2020-10-05,El Dorado,017,186661,1282,1202,5,1207,4
2020-10-05,Fresno,019,978130,31619,29136,405,29541,408
2020-10-05,Glenn,021,27897,624,603,0,603,3
2020-10-05,Humboldt,023,135768,522,506,1,507,6
2020-10-05,Imperial,025,180216,12144,11169,8,11177,327
2020-10-05,Inyo,027,18085,202,197,4,201,14
2020-10-05,Kern,029,883053,32682,31933,351,32284,404
2020-10-05,Kings,031,150075,8154,7932,48,7980,80
2020-10-05,Lake,033,64148,641,592,0,592,10
2020-10-05,Lassen,035,31185,756,743,2,745,0
2020-10-05,Los Angeles,037,10098052,278642,273200,2162,275362,6632
2020-10-05,Madera,039,155013,4757,4598,31,4629,50
2020-10-05,Marin,041,260295,6892,6751,18,6769,91
2020-10-05,Mariposa,043,17540,77,75,0,75,2
2020-10-05,Mendocino,045,87422,966,913,4,917,19
2020-10-05,Merced,047,269075,9129,9021,24,9045,143
2020-10-05,Modoc,049,8938,29,26,0,26,0
2020-10-05,Mono,051,14174,173,152,3,155,1
2020-10-05,Monterey,053,433212,10457,10187,42,10229,72
2020-10-05,Napa,055,140530,1819,1760,8,1768,11
2020-10-05,Nevada,057,99092,568,550,17,567,6
2020-10-05,Orange,059,3164182,56814,54103,1573,55676,1271
2020-10-05,Placer,061,380077,3828,3670,14,3684,46
2020-10-05,Plumas,063,18699,51,49,0,49,0
2020-10-05,Riverside,065,2383286,62054,60454,224,60678,1232
2020-10-05,Sacramento,067,1510023,23643,23207,27,23234,438
2020-10-05,San Benito,069,59416,1366,1356,0,1356,12
2020-10-05,San Bernardino,071,2135413,57472,55100,358,55458,1031
2020-10-05,San Diego,073,3302833,50659,48662,1145,49807,803
2020-10-05,San Francisco,075,870044,11632,11476,36,11512,110
2020-10-05,San Joaquin,077,732212,20800,20319,74,20393,476
2020-10-05,San Luis Obispo,079,281455,3977,3710,21,3731,32
2020-10-05,San Mateo,081,765935,10642,9896,11,9907,128
2020-10-05,Santa Barbara,083,443738,9439,9309,82,9391,116
2020-10-05,Santa Clara,085,1922200,23176,21861,49,21910,319
2020-10-05,Santa Cruz,087,273765,2597,2492,33,2525,9
2020-10-05,Shasta,089,179085,1615,1158,16,1174,18
2020-10-05,Sierra,091,2930,6,6,0,6,0
2020-10-05,Siskiyou,093,43540,168,153,10,163,0
2020-10-05,Solano,095,438530,6682,6475,42,6517,52
2020-10-05,Sonoma,097,501317,8342,7817,22,7839,130
2020-10-05,Stanislaus,099,539301,16935,16730,587,17317,351
2020-10-05,Sutter,101,95872,1743,1719,1,1720,12
2020-10-05,Tehama,103,63373,688,642,2,644,3
2020-10-05,Trinity,105,12862,62,22,8,30,0
2020-10-05,Tulare,107,460477,16999,16343,189,16532,278
2020-10-05,Tuolumne,109,53932,241,226,4,230,2
2020-10-05,Ventura,111,848112,13953,13224,247,13471,149
2020-10-05,Yolo,113,214977,2950,2889,6,2895,56
2020-10-05,Yuba,115,75493,1134,1108,5,1113,9
2020-10-04,Alameda,001,1643700,22121,21597,197,21794,383
2020-10-04,Alpine,003,1148,3,2,0,2,0
2020-10-04,Amador,005,37829,302,297,0,297,16
2020-10-04,Butte,007,227075,3017,2903,27,2930,46
2020-10-04,Calaveras,009,45235,316,259,0,259,11
2020-10-04,Colusa,011,21464,537,537,0,537,6
2020-10-04,Contra Costa,013,1133247,17727,17192,87,17279,214
2020-10-04,Del Norte,015,27424,157,142,0,142,2
2020-10-04,El Dorado,017,186661,1278,1196,5,1201,4
2020-10-04,Fresno,019,978130,31496,29065,405,29470,408
2020-10-04,Glenn,021,27897,622,601,0,601,3
2020-10-04,Humboldt,023,135768,521,506,1,507,6
2020-10-04,Imperial,025,180216,12105,11127,8,11135,327
2020-10-04,Inyo,027,18085,199,195,4,199,14
2020-10-04,Kern,029,883053,32608,31906,347,32253,404
2020-10-04,Kings,031,150075,8139,7919,48,7967,80
2020-10-04,Lake,033,64148,627,589,0,589,10
2020-10-04,Lassen,035,31185,756,743,2,745,0
2020-10-04,Los Angeles,037,10098052,277253,272822,2114,274936,6625
2020-10-04,Madera,039,155013,4741,4587,31,4618,50
2020-10-04,Marin,041,260295,6872,6741,18,6759,91
2020-10-04,Mariposa,043,17540,77,75,0,75,2
2020-10-04,Mendocino,045,87422,953,905,4,909,18
2020-10-04,Merced,047,269075,9104,9006,24,9030,140
2020-10-04,Modoc,049,8938,29,26,0,26,0
2020-10-04,Mono,051,14174,172,152,2,154,1
2020-10-04,Monterey,053,433212,10416,10141,41,10182,72
2020-10-04,Napa,055,140530,1807,1759,8,1767,11
2020-10-04,Nevada,057,99092,564,547,16,563,6
2020-10-04,Orange,059,3164182,56578,53966,1564,55530,1270
2020-10-04,Placer,061,380077,3807,3664,14,3678,46
2020-10-04,Plumas,063,18699,51,49,0,49,0
2020-10-04,Riverside,065,2383286,61768,60251,220,60471,1226
2020-10-04,Sacramento,067,1510023,23530,23162,27,23189,438
2020-10-04,San Benito,069,59416,1366,1355,0,1355,12
2020-10-04,San Bernardino,071,2135413,57025,55100,356,55456,1031
2020-10-04,San Diego,073,3302833,50292,48438,1120,49558,803
2020-10-04,San Francisco,075,870044,11600,11474,34,11508,110
2020-10-04,San Joaquin,077,732212,20723,20320,68,20388,476
2020-10-04,San Luis Obispo,079,281455,3952,3688,21,3709,31
2020-10-04,San Mateo,081,765935,10582,9858,11,9869,128
2020-10-04,Santa Barbara,083,443738,9413,9276,80,9356,116
2020-10-04,Santa Clara,085,1922200,23039,21780,49,21829,316
2020-10-04,Santa Cruz,087,273765,2581,2483,33,2516,9
2020-10-04,Shasta,089,179085,1517,1158,15,1173,18
2020-10-04,Sierra,091,2930,6,6,0,6,0
2020-10-04,Siskiyou,093,43540,168,153,10,163,0
2020-10-04,Solano,095,438530,6631,6445,42,6487,52
2020-10-04,Sonoma,097,501317,8254,7794,22,7816,129
2020-10-04,Stanislaus,099,539301,16885,16711,578,17289,351
2020-10-04,Sutter,101,95872,1740,1711,1,1712,11
2020-10-04,Tehama,103,63373,673,637,2,639,3
2020-10-04,Trinity,105,12862,61,21,8,29,0
2020-10-04,Tulare,107,460477,16922,16343,178,16521,278
2020-10-04,Tuolumne,109,53932,239,226,4,230,2
2020-10-04,Ventura,111,848112,13871,13197,230,13427,149
2020-10-04,Yolo,113,214977,2939,2875,6,2881,56
2020-10-04,Yuba,115,75493,1130,1103,5,1108,9
2020-10-03,Alameda,001,1643700,22075,21510,196,21706,386
2020-10-03,Alpine,003,1148,3,2,0,2,0
2020-10-03,Amador,005,37829,301,296,0,296,16
2020-10-03,Butte,007,227075,3011,2894,27,2921,46
2020-10-03,Calaveras,009,45235,316,259,0,259,11
2020-10-03,Colusa,011,21464,536,537,0,537,6
2020-10-03,Contra Costa,013,1133247,17677,17087,85,17172,213
2020-10-03,Del Norte,015,27424,153,142,0,142,2
2020-10-03,El Dorado,017,186661,1271,1188,5,1193,4
2020-10-03,Fresno,019,978130,31436,28975,404,29379,408
2020-10-03,Glenn,021,27897,620,601,0,601,3
2020-10-03,Humboldt,023,135768,520,504,1,505,6
2020-10-03,Imperial,025,180216,12082,11090,8,11098,327
2020-10-03,Inyo,027,18085,199,194,4,198,14
2020-10-03,Kern,029,883053,32558,31864,343,32207,403
2020-10-03,Kings,031,150075,8135,7887,48,7935,80
2020-10-03,Lake,033,64148,617,588,0,588,10
2020-10-03,Lassen,035,31185,756,743,2,745,0
2020-10-03,Los Angeles,037,10098052,276548,271869,2085,273954,6620
2020-10-03,Madera,039,155013,4724,4565,31,4596,50
2020-10-03,Marin,041,260295,6866,6728,18,6746,91
2020-10-03,Mariposa,043,17540,77,75,0,75,2
2020-10-03,Mendocino,045,87422,951,898,4,902,18
2020-10-03,Merced,047,269075,9091,8986,24,9010,139
2020-10-03,Modoc,049,8938,29,26,0,26,0
2020-10-03,Mono,051,14174,171,152,2,154,1
2020-10-03,Monterey,053,433212,10382,10092,38,10130,72
2020-10-03,Napa,055,140530,1803,1752,8,1760,11
2020-10-03,Nevada,057,99092,563,544,16,560,6
2020-10-03,Orange,059,3164182,56461,53573,1559,55132,1268
2020-10-03,Placer,061,380077,3796,3648,14,3662,47
2020-10-03,Plumas,063,18699,51,48,0,48,0
2020-10-03,Riverside,065,2383286,61616,59991,218,60209,1226
2020-10-03,Sacramento,067,1510023,23479,23076,27,23103,437
2020-10-03,San Benito,069,59416,1366,1351,0,1351,12
2020-10-03,San Bernardino,071,2135413,56852,55004,353,55357,1031
2020-10-03,San Diego,073,3302833,50061,48202,1103,49305,798
2020-10-03,San Francisco,075,870044,11575,11475,32,11507,110
2020-10-03,San Joaquin,077,732212,20697,20322,68,20390,476
2020-10-03,San Luis Obispo,079,281455,3928,3670,21,3691,31
2020-10-03,San Mateo,081,765935,10556,9822,10,9832,128
2020-10-03,Santa Barbara,083,443738,9400,9256,80,9336,116
2020-10-03,Santa Clara,085,1922200,22959,21672,49,21721,309
2020-10-03,Santa Cruz,087,273765,2573,2476,33,2509,9
2020-10-03,Shasta,089,179085,1489,1117,14,1131,18
2020-10-03,Sierra,091,2930,6,6,0,6,0
2020-10-03,Siskiyou,093,43540,168,152,10,162,0
2020-10-03,Solano,095,438530,6605,6419,42,6461,52
2020-10-03,Sonoma,097,501317,8211,7747,22,7769,129
2020-10-03,Stanislaus,099,539301,16852,16645,574,17219,351
2020-10-03,Sutter,101,95872,1736,1705,1,1706,11
2020-10-03,Tehama,103,63373,667,630,2,632,3
2020-10-03,Trinity,105,12862,61,15,8,23,0
2020-10-03,Tulare,107,460477,16878,16322,174,16496,278
2020-10-03,Tuolumne,109,53932,238,224,4,228,2
2020-10-03,Ventura,111,848112,13832,13150,226,13376,148
2020-10-03,Yolo,113,214977,2932,2863,6,2869,56
2020-10-03,Yuba,115,75493,1122,1097,5,1102,8
2020-10-02,Alameda,001,1643700,22020,21404,195,21599,382
2020-10-02,Alpine,003,1148,3,2,0,2,0
2020-10-02,Amador,005,37829,300,296,0,296,16
2020-10-02,Butte,007,227075,3001,2879,27,2906,46
2020-10-02,Calaveras,009,45235,315,259,0,259,11
2020-10-02,Colusa,011,21464,535,537,0,537,6
2020-10-02,Contra Costa,013,1133247,17634,17002,84,17086,213
2020-10-02,Del Norte,015,27424,152,141,0,141,2
2020-10-02,El Dorado,017,186661,1264,1168,5,1173,4
2020-10-02,Fresno,019,978130,31353,28855,404,29259,403
2020-10-02,Glenn,021,27897,615,594,0,594,3
2020-10-02,Humboldt,023,135768,519,503,1,504,6
2020-10-02,Imperial,025,180216,12060,11024,8,11032,327
2020-10-02,Inyo,027,18085,197,191,4,195,14
2020-10-02,Kern,029,883053,32506,31790,341,32131,399
2020-10-02,Kings,031,150075,8126,7716,48,7764,79
2020-10-02,Lake,033,64148,611,579,0,579,10
2020-10-02,Lassen,035,31185,756,742,2,744,0
2020-10-02,Los Angeles,037,10098052,275646,270935,2058,272993,6602
2020-10-02,Madera,039,155013,4715,4537,31,4568,49
2020-10-02,Marin,041,260295,6849,6717,18,6735,91
2020-10-02,Mariposa,043,17540,77,75,0,75,2
2020-10-02,Mendocino,045,87422,946,883,4,887,18
2020-10-02,Merced,047,269075,9081,8961,24,8985,139
2020-10-02,Modoc,049,8938,29,26,0,26,0
2020-10-02,Mono,051,14174,171,150,2,152,1
2020-10-02,Monterey,053,433212,10348,9997,38,10035,71
2020-10-02,Napa,055,140530,1797,1737,8,1745,11
2020-10-02,Nevada,057,99092,560,543,16,559,6
2020-10-02,Orange,059,3164182,56330,53299,1552,54851,1262
2020-10-02,Placer,061,380077,3776,3612,14,3626,46
2020-10-02,Plumas,063,18699,51,48,0,48,0
2020-10-02,Riverside,065,2383286,61395,59673,215,59888,1223
2020-10-02,Sacramento,067,1510023,23414,22818,27,22845,436
2020-10-02,San Benito,069,59416,1362,1347,0,1347,12
2020-10-02,San Bernardino,071,2135413,56664,54613,353,54966,1028
2020-10-02,San Diego,073,3302833,49808,47793,1088,48881,794
2020-10-02,San Francisco,075,870044,11552,11398,32,11430,110
2020-10-02,San Joaquin,077,732212,20663,20235,67,20302,474
2020-10-02,San Luis Obispo,079,281455,3905,3654,21,3675,31
2020-10-02,San Mateo,081,765935,10515,9745,10,9755,128
2020-10-02,Santa Barbara,083,443738,9377,9234,80,9314,116
2020-10-02,Santa Clara,085,1922200,22873,21545,48,21593,305
2020-10-02,Santa Cruz,087,273765,2556,2463,33,2496,9
2020-10-02,Shasta,089,179085,1454,1046,14,1060,18
2020-10-02,Sierra,091,2930,6,6,0,6,0
2020-10-02,Siskiyou,093,43540,168,151,10,161,0
2020-10-02,Solano,095,438530,6575,6385,42,6427,52
2020-10-02,Sonoma,097,501317,8154,7662,22,7684,125
2020-10-02,Stanislaus,099,539301,16811,16609,565,17174,349
2020-10-02,Sutter,101,95872,1735,1693,1,1694,11
2020-10-02,Tehama,103,63373,662,619,2,621,3
2020-10-02,Trinity,105,12862,61,15,8,23,0
2020-10-02,Tulare,107,460477,16837,16245,167,16412,278
2020-10-02,Tuolumne,109,53932,236,225,4,229,2
2020-10-02,Ventura,111,848112,13793,13120,221,13341,146
2020-10-02,Yolo,113,214977,2927,2845,6,2851,55
2020-10-02,Yuba,115,75493,1120,1090,5,1095,8
2020-10-01,Alameda,001,1643700,21959,21349,191,21540,383
2020-10-01,Alpine,003,1148,3,2,0,2,0
2020-10-01,Amador,005,37829,300,294,0,294,16
2020-10-01,Butte,007,227075,2993,2865,27,2892,45
2020-10-01,Calaveras,009,45235,315,257,0,257,11
2020-10-01,Colusa,011,21464,535,536,0,536,6
2020-10-01,Contra Costa,013,1133247,17571,16898,84,16982,211
2020-10-01,Del Norte,015,27424,147,140,0,140,2
2020-10-01,El Dorado,017,186661,1260,1162,4,1166,4
2020-10-01,Fresno,019,978130,31272,28796,402,29198,397
2020-10-01,Glenn,021,27897,611,593,0,593,3
2020-10-01,Humboldt,023,135768,519,499,1,500,6
2020-10-01,Imperial,025,180216,12017,10928,8,10936,325
2020-10-01,Inyo,027,18085,197,191,4,195,14
2020-10-01,Kern,029,883053,32443,31678,336,32014,399
2020-10-01,Kings,031,150075,8115,7688,45,7733,79
2020-10-01,Lake,033,64148,605,572,0,572,11
2020-10-01,Lassen,035,31185,753,742,2,744,0
2020-10-01,Los Angeles,037,10098052,274604,271513,2024,273537,6621
2020-10-01,Madera,039,155013,4692,4508,31,4539,48
2020-10-01,Marin,041,260295,6835,6710,18,6728,92
2020-10-01,Mariposa,043,17540,77,76,0,76,2
2020-10-01,Mendocino,045,87422,941,874,4,878,19
2020-10-01,Merced,047,269075,9053,8942,24,8966,138
2020-10-01,Modoc,049,8938,29,26,0,26,0
2020-10-01,Mono,051,14174,169,150,2,152,1
2020-10-01,Monterey,053,433212,10272,9958,38,9996,71
2020-10-01,Napa,055,140530,1789,1729,8,1737,11
2020-10-01,Nevada,057,99092,559,543,16,559,6
2020-10-01,Orange,059,3164182,56165,53088,1539,54627,1257
2020-10-01,Placer,061,380077,3749,3599,14,3613,45
2020-10-01,Plumas,063,18699,51,48,0,48,0
2020-10-01,Riverside,065,2383286,61143,59293,209,59502,1223
2020-10-01,Sacramento,067,1510023,23302,22714,26,22740,433
2020-10-01,San Benito,069,59416,1360,1346,0,1346,12
2020-10-01,San Bernardino,071,2135413,56370,54350,350,54700,1021
2020-10-01,San Diego,073,3302833,49526,47487,1068,48555,792
2020-10-01,San Francisco,075,870044,11521,11284,30,11314,110
2020-10-01,San Joaquin,077,732212,20616,20204,64,20268,471
2020-10-01,San Luis Obispo,079,281455,3878,3625,21,3646,31
2020-10-01,San Mateo,081,765935,10470,9681,10,9691,128
2020-10-01,Santa Barbara,083,443738,9337,9215,80,9295,118
2020-10-01,Santa Clara,085,1922200,22772,21398,48,21446,305
2020-10-01,Santa Cruz,087,273765,2541,2418,33,2451,10
2020-10-01,Shasta,089,179085,1403,991,14,1005,18
2020-10-01,Sierra,091,2930,6,6,0,6,0
2020-10-01,Siskiyou,093,43540,165,150,10,160,0
2020-10-01,Solano,095,438530,6537,6352,42,6394,52
2020-10-01,Sonoma,097,501317,8087,7569,22,7591,125
2020-10-01,Stanislaus,099,539301,16778,16555,559,17114,346
2020-10-01,Sutter,101,95872,1730,1684,1,1685,11
2020-10-01,Tehama,103,63373,652,606,2,608,3
2020-10-01,Trinity,105,12862,61,15,8,23,0
2020-10-01,Tulare,107,460477,16762,16182,164,16346,275
2020-10-01,Tuolumne,109,53932,236,223,4,227,2
2020-10-01,Ventura,111,848112,13741,13057,207,13264,146
2020-10-01,Yolo,113,214977,2909,2833,6,2839,55
2020-10-01,Yuba,115,75493,1116,1082,5,1087,8
2020-09-30,Alameda,001,1643700,21880,21271,188,21459,380
2020-09-30,Alpine,003,1148,3,2,0,2,0
2020-09-30,Amador,005,37829,300,294,0,294,16
2020-09-30,Butte,007,227075,2985,2858,27,2885,44
2020-09-30,Calaveras,009,45235,314,258,0,258,11
2020-09-30,Colusa,011,21464,534,534,0,534,6
2020-09-30,Contra Costa,013,1133247,17503,16819,84,16903,211
2020-09-30,Del Norte,015,27424,146,140,0,140,2
2020-09-30,El Dorado,017,186661,1248,1157,4,1161,4
2020-09-30,Fresno,019,978130,31181,28706,399,29105,395
2020-09-30,Glenn,021,27897,606,592,0,592,3
2020-09-30,Humboldt,023,135768,517,497,1,498,6
2020-09-30,Imperial,025,180216,11992,10868,8,10876,287
2020-09-30,Inyo,027,18085,196,189,4,193,14
2020-09-30,Kern,029,883053,32368,31601,335,31936,398
2020-09-30,Kings,031,150075,8086,7685,45,7730,79
2020-09-30,Lake,033,64148,599,567,0,567,10
2020-09-30,Lassen,035,31185,750,742,2,744,0
2020-09-30,Los Angeles,037,10098052,273379,270260,1991,272251,6568
2020-09-30,Madera,039,155013,4683,4477,31,4508,47
2020-09-30,Marin,041,260295,6811,6700,17,6717,91
2020-09-30,Mariposa,043,17540,77,76,0,76,2
2020-09-30,Mendocino,045,87422,935,867,4,871,17
2020-09-30,Merced,047,269075,9033,8926,24,8950,136
2020-09-30,Modoc,049,8938,29,26,0,26,0
2020-09-30,Mono,051,14174,169,150,2,152,1
2020-09-30,Monterey,053,433212,10222,9898,37,9935,70
2020-09-30,Napa,055,140530,1775,1728,8,1736,11
2020-09-30,Nevada,057,99092,557,540,16,556,6
2020-09-30,Orange,059,3164182,55974,52916,1523,54439,1251
2020-09-30,Placer,061,380077,3728,3585,14,3599,43
2020-09-30,Plumas,063,18699,51,48,0,48,0
2020-09-30,Riverside,065,2383286,60788,59074,205,59279,1220
2020-09-30,Sacramento,067,1510023,23198,22613,26,22639,429
2020-09-30,San Benito,069,59416,1357,1342,0,1342,12
2020-09-30,San Bernardino,071,2135413,56092,53988,348,54336,1018
2020-09-30,San Diego,073,3302833,49222,47182,1047,48229,783
2020-09-30,San Francisco,075,870044,11491,11247,30,11277,106
2020-09-30,San Joaquin,077,732212,20533,20150,62,20212,461
2020-09-30,San Luis Obispo,079,281455,3853,3597,21,3618,31
2020-09-30,San Mateo,081,765935,10428,9634,10,9644,128
2020-09-30,Santa Barbara,083,443738,9311,9186,80,9266,115
2020-09-30,Santa Clara,085,1922200,22667,21318,48,21366,302
2020-09-30,Santa Cruz,087,273765,2528,2405,33,2438,10
2020-09-30,Shasta,089,179085,1347,976,13,989,17
2020-09-30,Sierra,091,2930,6,6,0,6,0
2020-09-30,Siskiyou,093,43540,163,150,10,160,0
2020-09-30,Solano,095,438530,6495,6315,42,6357,51
2020-09-30,Sonoma,097,501317,7998,7494,22,7516,125
2020-09-30,Stanislaus,099,539301,16731,16531,553,17084,343
2020-09-30,Sutter,101,95872,1714,1680,1,1681,10
2020-09-30,Tehama,103,63373,646,594,2,596,3
2020-09-30,Trinity,105,12862,58,15,8,23,0
2020-09-30,Tulare,107,460477,16696,16117,157,16274,274
2020-09-30,Tuolumne,109,53932,234,224,4,228,2
2020-09-30,Ventura,111,848112,13706,12968,191,13159,145
2020-09-30,Yolo,113,214977,2896,2822,6,2828,55
2020-09-30,Yuba,115,75493,1113,1075,5,1080,8
2020-09-29,Alameda,001,1643700,21802,21241,185,21426,374
2020-09-29,Alpine,003,1148,3,2,0,2,0
2020-09-29,Amador,005,37829,298,294,0,294,16
2020-09-29,Butte,007,227075,2971,2848,27,2875,44
2020-09-29,Calaveras,009,45235,312,261,0,261,11
2020-09-29,Colusa,011,21464,534,534,0,534,6
2020-09-29,Contra Costa,013,1133247,17448,16716,82,16798,209
2020-09-29,Del Norte,015,27424,142,142,0,142,2
2020-09-29,El Dorado,017,186661,1239,1151,4,1155,4
2020-09-29,Fresno,019,978130,31086,28621,398,29019,394
2020-09-29,Glenn,021,27897,602,589,0,589,3
2020-09-29,Humboldt,023,135768,515,497,1,498,6
2020-09-29,Imperial,025,180216,11958,10811,8,10819,283
2020-09-29,Inyo,027,18085,195,188,4,192,14
2020-09-29,Kern,029,883053,32313,31534,334,31868,397
2020-09-29,Kings,031,150075,8030,7681,45,7726,78
2020-09-29,Lake,033,64148,597,566,0,566,11
2020-09-29,Lassen,035,31185,750,741,2,743,0
2020-09-29,Los Angeles,037,10098052,272164,269246,1962,271208,6545
2020-09-29,Madera,039,155013,4659,4453,31,4484,47
2020-09-29,Marin,041,260295,6790,6692,17,6709,91
2020-09-29,Mariposa,043,17540,77,74,0,74,2
2020-09-29,Mendocino,045,87422,925,854,4,858,17
2020-09-29,Merced,047,269075,9020,8892,22,8914,136
2020-09-29,Modoc,049,8938,29,26,0,26,0
2020-09-29,Mono,051,14174,169,149,2,151,1
2020-09-29,Monterey,053,433212,10167,9826,35,9861,70
2020-09-29,Napa,055,140530,1772,1727,8,1735,11
2020-09-29,Nevada,057,99092,552,539,16,555,6
2020-09-29,Orange,059,3164182,55788,52755,1512,54267,1231
2020-09-29,Placer,061,380077,3706,3570,14,3584,42
2020-09-29,Plumas,063,18699,51,48,0,48,0
2020-09-29,Riverside,065,2383286,60458,58863,198,59061,1208
2020-09-29,Sacramento,067,1510023,23077,22547,26,22573,425
2020-09-29,San Benito,069,59416,1352,1341,0,1341,12
2020-09-29,San Bernardino,071,2135413,55781,53753,347,54100,1012
2020-09-29,San Diego,073,3302833,48945,46987,1024,48011,781
2020-09-29,San Francisco,075,870044,11455,11142,30,11172,104
2020-09-29,San Joaquin,077,732212,20467,20094,60,20154,454
2020-09-29,San Luis Obispo,079,281455,3831,3581,21,3602,31
2020-09-29,San Mateo,081,765935,10381,9619,10,9629,127
2020-09-29,Santa Barbara,083,443738,9291,9149,79,9228,114
2020-09-29,Santa Clara,085,1922200,22531,21233,47,21280,302
2020-09-29,Santa Cruz,087,273765,2513,2383,32,2415,10
2020-09-29,Shasta,089,179085,1286,943,13,956,17
2020-09-29,Sierra,091,2930,6,6,0,6,0
2020-09-29,Siskiyou,093,43540,157,150,10,160,0
2020-09-29,Solano,095,438530,6461,6303,42,6345,51
2020-09-29,Sonoma,097,501317,7926,7426,22,7448,125
2020-09-29,Stanislaus,099,539301,16701,16505,547,17052,341
2020-09-29,Sutter,101,95872,1708,1677,1,1678,10
2020-09-29,Tehama,103,63373,628,585,2,587,2
2020-09-29,Trinity,105,12862,56,16,8,24,0
2020-09-29,Tulare,107,460477,16632,16055,150,16205,270
2020-09-29,Tuolumne,109,53932,234,224,4,228,2
2020-09-29,Ventura,111,848112,13649,12875,188,13063,145
2020-09-29,Yolo,113,214977,2883,2818,6,2824,55
2020-09-29,Yuba,115,75493,1111,1071,5,1076,8
2020-09-28,Alameda,001,1643700,21715,21133,185,21318,370
2020-09-28,Alpine,003,1148,3,2,0,2,0
2020-09-28,Amador,005,37829,296,294,0,294,16
2020-09-28,Butte,007,227075,2956,2837,27,2864,44
2020-09-28,Calaveras,009,45235,312,257,0,257,11
2020-09-28,Colusa,011,21464,533,531,0,531,6
2020-09-28,Contra Costa,013,1133247,17383,16653,82,16735,195
2020-09-28,Del Norte,015,27424,142,138,0,138,2
2020-09-28,El Dorado,017,186661,1232,1144,4,1148,4
2020-09-28,Fresno,019,978130,31004,28517,390,28907,389
2020-09-28,Glenn,021,27897,600,585,0,585,3
2020-09-28,Humboldt,023,135768,509,495,1,496,6
2020-09-28,Imperial,025,180216,11923,10777,8,10785,283
2020-09-28,Inyo,027,18085,194,188,4,192,14
2020-09-28,Kern,029,883053,32248,31481,329,31810,395
2020-09-28,Kings,031,150075,7889,7661,43,7704,78
2020-09-28,Lake,033,64148,593,559,0,559,10
2020-09-28,Lassen,035,31185,749,737,2,739,0
2020-09-28,Los Angeles,037,10098052,271058,268404,1932,270336,6508
2020-09-28,Madera,039,155013,4638,4438,31,4469,47
2020-09-28,Marin,041,260295,6774,6676,17,6693,91
2020-09-28,Mariposa,043,17540,77,74,0,74,2
2020-09-28,Mendocino,045,87422,910,850,4,854,17
2020-09-28,Merced,047,269075,8992,8869,22,8891,136
2020-09-28,Modoc,049,8938,29,26,0,26,0
2020-09-28,Mono,051,14174,169,148,2,150,1
2020-09-28,Monterey,053,433212,10102,9780,33,9813,69
2020-09-28,Napa,055,140530,1760,1705,8,1713,11
2020-09-28,Nevada,057,99092,544,538,16,554,6
2020-09-28,Orange,059,3164182,55582,52633,1503,54136,1196
2020-09-28,Placer,061,380077,3685,3572,14,3586,42
2020-09-28,Plumas,063,18699,50,48,0,48,0
2020-09-28,Riverside,065,2383286,60160,58570,189,58759,1198
2020-09-28,Sacramento,067,1510023,22930,22392,26,22418,423
2020-09-28,San Benito,069,59416,1349,1336,0,1336,11
2020-09-28,San Bernardino,071,2135413,55432,53501,347,53848,988
2020-09-28,San Diego,073,3302833,48627,46736,1004,47740,776
2020-09-28,San Francisco,075,870044,11421,11114,30,11144,100
2020-09-28,San Joaquin,077,732212,20418,19982,59,20041,448
2020-09-28,San Luis Obispo,079,281455,3810,3567,21,3588,31
2020-09-28,San Mateo,081,765935,10331,9582,10,9592,127
2020-09-28,Santa Barbara,083,443738,9273,9121,79,9200,114
2020-09-28,Santa Clara,085,1922200,22414,21180,47,21227,271
2020-09-28,Santa Cruz,087,273765,2503,2359,32,2391,9
2020-09-28,Shasta,089,179085,1232,883,10,893,17
2020-09-28,Sierra,091,2930,6,6,0,6,0
2020-09-28,Siskiyou,093,43540,157,149,10,159,0
2020-09-28,Solano,095,438530,6425,6254,42,6296,51
2020-09-28,Sonoma,097,501317,7850,7369,22,7391,125
2020-09-28,Stanislaus,099,539301,16661,16467,540,17007,336
2020-09-28,Sutter,101,95872,1701,1676,1,1677,10
2020-09-28,Tehama,103,63373,620,579,2,581,2
2020-09-28,Trinity,105,12862,56,16,8,24,0
2020-09-28,Tulare,107,460477,16579,15918,145,16063,270
2020-09-28,Tuolumne,109,53932,234,225,4,229,2
2020-09-28,Ventura,111,848112,13571,12812,181,12993,139
2020-09-28,Yolo,113,214977,2866,2809,6,2815,55
2020-09-28,Yuba,115,75493,1108,1062,5,1067,7
2020-09-27,Alameda,001,1643700,21634,21077,181,21258,370
2020-09-27,Alpine,003,1148,3,2,0,2,0
2020-09-27,Amador,005,37829,296,291,0,291,16
2020-09-27,Butte,007,227075,2944,2833,27,2860,44
2020-09-27,Calaveras,009,45235,311,257,0,257,11
2020-09-27,Colusa,011,21464,532,531,0,531,6
2020-09-27,Contra Costa,013,1133247,17281,16596,81,16677,195
2020-09-27,Del Norte,015,27424,142,138,0,138,2
2020-09-27,El Dorado,017,186661,1217,1130,4,1134,4
2020-09-27,Fresno,019,978130,30898,28441,390,28831,389
2020-09-27,Glenn,021,27897,596,576,0,576,3
2020-09-27,Humboldt,023,135768,507,492,1,493,6
2020-09-27,Imperial,025,180216,11889,10743,8,10751,283
2020-09-27,Inyo,027,18085,192,188,4,192,14
2020-09-27,Kern,029,883053,32129,31462,326,31788,395
2020-09-27,Kings,031,150075,7869,7641,43,7684,78
2020-09-27,Lake,033,64148,589,555,0,555,10
2020-09-27,Lassen,035,31185,749,737,2,739,0
2020-09-27,Los Angeles,037,10098052,269881,267754,1911,269665,6507
2020-09-27,Madera,039,155013,4609,4416,31,4447,47
2020-09-27,Marin,041,260295,6764,6663,17,6680,91
2020-09-27,Mariposa,043,17540,77,74,0,74,2
2020-09-27,Mendocino,045,87422,904,846,4,850,17
2020-09-27,Merced,047,269075,8958,8853,22,8875,136
2020-09-27,Modoc,049,8938,29,26,0,26,0
2020-09-27,Mono,051,14174,169,148,2,150,1
2020-09-27,Monterey,053,433212,10042,9724,32,9756,69
2020-09-27,Napa,055,140530,1755,1690,8,1698,11
2020-09-27,Nevada,057,99092,543,537,16,553,6
2020-09-27,Orange,059,3164182,55307,52458,1494,53952,1195
2020-09-27,Placer,061,380077,3672,3562,14,3576,42
2020-09-27,Plumas,063,18699,50,48,0,48,0
2020-09-27,Riverside,065,2383286,59864,58509,181,58690,1191
2020-09-27,Sacramento,067,1510023,22832,22356,26,22382,422
2020-09-27,San Benito,069,59416,1349,1331,0,1331,11
2020-09-27,San Bernardino,071,2135413,54996,53127,347,53474,988
2020-09-27,San Diego,073,3302833,48283,46612,987,47599,776
2020-09-27,San Francisco,075,870044,11369,11114,30,11144,100
2020-09-27,San Joaquin,077,732212,20358,19981,59,20040,448
2020-09-27,San Luis Obispo,079,281455,3789,3562,21,3583,31
2020-09-27,San Mateo,081,765935,10263,9566,10,9576,127
2020-09-27,Santa Barbara,083,443738,9252,9090,78,9168,114
2020-09-27,Santa Clara,085,1922200,22305,21091,47,21138,271
2020-09-27,Santa Cruz,087,273765,2481,2359,32,2391,9
2020-09-27,Shasta,089,179085,1189,883,9,892,17
2020-09-27,Sierra,091,2930,6,6,0,6,0
2020-09-27,Siskiyou,093,43540,156,149,10,159,0
2020-09-27,Solano,095,438530,6390,6211,41,6252,51
2020-09-27,Sonoma,097,501317,7769,7336,22,7358,124
2020-09-27,Stanislaus,099,539301,16610,16448,534,16982,336
2020-09-27,Sutter,101,95872,1694,1672,1,1673,10
2020-09-27,Tehama,103,63373,603,573,2,575,2
2020-09-27,Trinity,105,12862,56,16,8,24,0
2020-09-27,Tulare,107,460477,16501,15918,136,16054,270
2020-09-27,Tuolumne,109,53932,233,224,4,228,2
2020-09-27,Ventura,111,848112,13482,12775,172,12947,139
2020-09-27,Yolo,113,214977,2852,2796,6,2802,55
2020-09-27,Yuba,115,75493,1098,1059,5,1064,7
2020-09-26,Alameda,001,1643700,21576,21019,180,21199,370
2020-09-26,Alpine,003,1148,3,2,0,2,0
2020-09-26,Amador,005,37829,295,291,0,291,16
2020-09-26,Butte,007,227075,2936,2827,27,2854,44
2020-09-26,Calaveras,009,45235,311,257,0,257,11
2020-09-26,Colusa,011,21464,532,529,0,529,6
2020-09-26,Contra Costa,013,1133247,17238,16508,81,16589,194
2020-09-26,Del Norte,015,27424,142,138,0,138,2
2020-09-26,El Dorado,017,186661,1212,1127,4,1131,4
2020-09-26,Fresno,019,978130,30831,28336,390,28726,389
2020-09-26,Glenn,021,27897,596,576,0,576,3
2020-09-26,Humboldt,023,135768,507,491,1,492,6
2020-09-26,Imperial,025,180216,11872,10721,8,10729,283
2020-09-26,Inyo,027,18085,191,187,4,191,14
2020-09-26,Kern,029,883053,32078,31410,326,31736,394
2020-09-26,Kings,031,150075,7857,7537,43,7580,78
2020-09-26,Lake,033,64148,586,549,0,549,10
2020-09-26,Lassen,035,31185,749,737,2,739,0
2020-09-26,Los Angeles,037,10098052,269246,266931,1897,268828,6497
2020-09-26,Madera,039,155013,4593,4410,31,4441,47
2020-09-26,Marin,041,260295,6751,6641,17,6658,91
2020-09-26,Mariposa,043,17540,76,74,0,74,2
2020-09-26,Mendocino,045,87422,899,836,4,840,17
2020-09-26,Merced,047,269075,8946,8841,21,8862,136
2020-09-26,Modoc,049,8938,29,26,0,26,0
2020-09-26,Mono,051,14174,169,148,2,150,1
2020-09-26,Monterey,053,433212,10015,9651,32,9683,68
2020-09-26,Napa,055,140530,1753,1681,8,1689,11
2020-09-26,Nevada,057,99092,543,534,16,550,6
2020-09-26,Orange,059,3164182,55167,52203,1488,53691,1194
2020-09-26,Placer,061,380077,3659,3551,14,3565,42
2020-09-26,Plumas,063,18699,49,48,0,48,0
2020-09-26,Riverside,065,2383286,59729,58076,179,58255,1190
2020-09-26,Sacramento,067,1510023,22776,22269,26,22295,421
2020-09-26,San Benito,069,59416,1347,1325,0,1325,11
2020-09-26,San Bernardino,071,2135413,54863,53122,347,53469,988
2020-09-26,San Diego,073,3302833,48078,46333,973,47306,775
2020-09-26,San Francisco,075,870044,11341,11113,30,11143,100
2020-09-26,San Joaquin,077,732212,20323,19982,57,20039,449
2020-09-26,San Luis Obispo,079,281455,3773,3546,21,3567,31
2020-09-26,San Mateo,081,765935,10229,9509,10,9519,127
2020-09-26,Santa Barbara,083,443738,9241,9061,78,9139,114
2020-09-26,Santa Clara,085,1922200,22234,20967,46,21013,270
2020-09-26,Santa Cruz,087,273765,2473,2336,32,2368,9
2020-09-26,Shasta,089,179085,1139,856,8,864,17
2020-09-26,Sierra,091,2930,6,6,0,6,0
2020-09-26,Siskiyou,093,43540,155,149,10,159,0
2020-09-26,Solano,095,438530,6371,6209,41,6250,51
2020-09-26,Sonoma,097,501317,7744,7285,21,7306,124
2020-09-26,Stanislaus,099,539301,16585,16421,525,16946,336
2020-09-26,Sutter,101,95872,1689,1662,1,1663,10
2020-09-26,Tehama,103,63373,591,560,2,562,2
2020-09-26,Trinity,105,12862,54,16,8,24,0
2020-09-26,Tulare,107,460477,16475,15881,134,16015,270
2020-09-26,Tuolumne,109,53932,233,223,4,227,2
2020-09-26,Ventura,111,848112,13447,12729,171,12900,137
2020-09-26,Yolo,113,214977,2850,2789,6,2795,55
2020-09-26,Yuba,115,75493,1094,1056,5,1061,7
2020-09-25,Alameda,001,1643700,21522,20911,180,21091,367
2020-09-25,Alpine,003,1148,3,2,0,2,0
2020-09-25,Amador,005,37829,295,289,0,289,16
2020-09-25,Butte,007,227075,2931,2819,27,2846,43
2020-09-25,Calaveras,009,45235,311,257,0,257,11
2020-09-25,Colusa,011,21464,532,528,0,528,6
2020-09-25,Contra Costa,013,1133247,17179,16401,81,16482,194
2020-09-25,Del Norte,015,27424,142,138,0,138,2
2020-09-25,El Dorado,017,186661,1208,1104,4,1108,4
2020-09-25,Fresno,019,978130,30771,28199,389,28588,385
2020-09-25,Glenn,021,27897,594,570,0,570,3
2020-09-25,Humboldt,023,135768,506,489,1,490,5
2020-09-25,Imperial,025,180216,11854,10681,8,10689,283
2020-09-25,Inyo,027,18085,189,187,4,191,14
2020-09-25,Kern,029,883053,32025,31333,324,31657,393
2020-09-25,Kings,031,150075,7852,7450,43,7493,77
2020-09-25,Lake,033,64148,585,539,0,539,9
2020-09-25,Lassen,035,31185,749,737,2,739,0
2020-09-25,Los Angeles,037,10098052,268457,265713,1883,267596,6483
2020-09-25,Madera,039,155013,4574,4369,31,4400,48
2020-09-25,Marin,041,260295,6748,6622,17,6639,90
2020-09-25,Mariposa,043,17540,76,74,0,74,2
2020-09-25,Mendocino,045,87422,884,819,3,822,17
2020-09-25,Merced,047,269075,8930,8830,21,8851,135
2020-09-25,Modoc,049,8938,29,26,0,26,0
2020-09-25,Mono,051,14174,169,149,2,151,1
2020-09-25,Monterey,053,433212,9963,9581,32,9613,68
2020-09-25,Napa,055,140530,1751,1669,8,1677,11
2020-09-25,Nevada,057,99092,541,529,16,545,6
2020-09-25,Orange,059,3164182,55040,52031,1480,53511,1184
2020-09-25,Placer,061,380077,3648,3527,14,3541,41
2020-09-25,Plumas,063,18699,49,48,0,48,0
2020-09-25,Riverside,065,2383286,59553,57783,174,57957,1183
2020-09-25,Sacramento,067,1510023,22699,22132,26,22158,418
2020-09-25,San Benito,069,59416,1346,1318,0,1318,11
2020-09-25,San Bernardino,071,2135413,54709,52814,347,53161,987
2020-09-25,San Diego,073,3302833,47876,46003,957,46960,775
2020-09-25,San Francisco,075,870044,11307,11066,29,11095,100
2020-09-25,San Joaquin,077,732212,20271,19909,57,19966,449
2020-09-25,San Luis Obispo,079,281455,3761,3512,21,3533,31
2020-09-25,San Mateo,081,765935,10193,9447,10,9457,127
2020-09-25,Santa Barbara,083,443738,9217,9026,78,9104,114
2020-09-25,Santa Clara,085,1922200,22170,20812,45,20857,265
2020-09-25,Santa Cruz,087,273765,2461,2309,31,2340,9
2020-09-25,Shasta,089,179085,1105,806,8,814,16
2020-09-25,Sierra,091,2930,6,6,0,6,0
2020-09-25,Siskiyou,093,43540,155,149,10,159,0
2020-09-25,Solano,095,438530,6355,6179,41,6220,50
2020-09-25,Sonoma,097,501317,7704,7202,21,7223,124
2020-09-25,Stanislaus,099,539301,16567,16381,523,16904,326
2020-09-25,Sutter,101,95872,1686,1655,1,1656,10
2020-09-25,Tehama,103,63373,583,546,2,548,2
2020-09-25,Trinity,105,12862,54,15,8,23,0
2020-09-25,Tulare,107,460477,16435,15815,132,15947,267
2020-09-25,Tuolumne,109,53932,233,223,4,227,2
2020-09-25,Ventura,111,848112,13404,12664,168,12832,137
2020-09-25,Yolo,113,214977,2842,2784,6,2790,55
2020-09-25,Yuba,115,75493,1089,1049,5,1054,5
2020-09-24,Alameda,001,1643700,21447,20838,177,21015,364
2020-09-24,Alpine,003,1148,3,2,0,2,0
2020-09-24,Amador,005,37829,295,288,0,288,16
2020-09-24,Butte,007,227075,2920,2803,27,2830,43
2020-09-24,Calaveras,009,45235,311,258,0,258,11
2020-09-24,Colusa,011,21464,532,523,0,523,6
2020-09-24,Contra Costa,013,1133247,17097,16252,81,16333,192
2020-09-24,Del Norte,015,27424,138,137,0,137,2
2020-09-24,El Dorado,017,186661,1199,1093,4,1097,4
2020-09-24,Fresno,019,978130,30665,28106,385,28491,375
2020-09-24,Glenn,021,27897,590,567,0,567,3
2020-09-24,Humboldt,023,135768,503,482,1,483,5
2020-09-24,Imperial,025,180216,11830,10622,8,10630,283
2020-09-24,Inyo,027,18085,189,187,4,191,13
2020-09-24,Kern,029,883053,31962,31273,322,31595,388
2020-09-24,Kings,031,150075,7836,7428,43,7471,76
2020-09-24,Lake,033,64148,576,531,0,531,9
2020-09-24,Lassen,035,31185,748,737,2,739,0
2020-09-24,Los Angeles,037,10098052,267415,264374,1865,266239,6452
2020-09-24,Madera,039,155013,4555,4344,31,4375,48
2020-09-24,Marin,041,260295,6720,6588,17,6605,85
2020-09-24,Mariposa,043,17540,76,74,0,74,2
2020-09-24,Mendocino,045,87422,880,810,3,813,17
2020-09-24,Merced,047,269075,8901,8813,20,8833,135
2020-09-24,Modoc,049,8938,29,24,0,24,0
2020-09-24,Mono,051,14174,169,149,2,151,1
2020-09-24,Monterey,053,433212,9897,9544,30,9574,67
2020-09-24,Napa,055,140530,1739,1661,8,1669,11
2020-09-24,Nevada,057,99092,540,527,16,543,6
2020-09-24,Orange,059,3164182,54832,51749,1462,53211,1164
2020-09-24,Placer,061,380077,3633,3514,14,3528,41
2020-09-24,Plumas,063,18699,49,48,0,48,0
2020-09-24,Riverside,065,2383286,59287,57491,168,57659,1172
2020-09-24,Sacramento,067,1510023,22573,21985,25,22010,417
2020-09-24,San Benito,069,59416,1344,1308,0,1308,11
2020-09-24,San Bernardino,071,2135413,54373,52455,346,52801,988
2020-09-24,San Diego,073,3302833,47607,45598,942,46540,773
2020-09-24,San Francisco,075,870044,11260,10992,29,11021,99
2020-09-24,San Joaquin,077,732212,20233,19851,55,19906,444
2020-09-24,San Luis Obispo,079,281455,3745,3480,21,3501,31
2020-09-24,San Mateo,081,765935,10145,9376,10,9386,127
2020-09-24,Santa Barbara,083,443738,9164,8988,77,9065,114
2020-09-24,Santa Clara,085,1922200,22082,20689,45,20734,262
2020-09-24,Santa Cruz,087,273765,2441,2300,29,2329,9
2020-09-24,Shasta,089,179085,1068,773,5,778,14
2020-09-24,Sierra,091,2930,6,6,0,6,0
2020-09-24,Siskiyou,093,43540,155,149,10,159,0
2020-09-24,Solano,095,438530,6322,6137,41,6178,49
2020-09-24,Sonoma,097,501317,7623,7163,21,7184,122
2020-09-24,Stanislaus,099,539301,16530,16326,518,16844,326
2020-09-24,Sutter,101,95872,1683,1646,1,1647,10
2020-09-24,Tehama,103,63373,580,540,2,542,2
2020-09-24,Trinity,105,12862,54,15,8,23,0
2020-09-24,Tulare,107,460477,16370,15754,131,15885,267
2020-09-24,Tuolumne,109,53932,233,224,4,228,2
2020-09-24,Ventura,111,848112,13322,12617,167,12784,138
2020-09-24,Yolo,113,214977,2835,2776,6,2782,55
2020-09-24,Yuba,115,75493,1084,1042,5,1047,5
2020-09-23,Alameda,001,1643700,21379,20718,175,20893,361
2020-09-23,Alpine,003,1148,3,2,0,2,0
2020-09-23,Amador,005,37829,294,288,0,288,16
2020-09-23,Butte,007,227075,2912,2790,27,2817,43
2020-09-23,Calaveras,009,45235,310,258,0,258,11
2020-09-23,Colusa,011,21464,531,521,0,521,6
2020-09-23,Contra Costa,013,1133247,17034,16167,80,16247,192
2020-09-23,Del Norte,015,27424,136,137,0,137,2
2020-09-23,El Dorado,017,186661,1185,1088,4,1092,4
2020-09-23,Fresno,019,978130,30570,28019,383,28402,371
2020-09-23,Glenn,021,27897,583,561,0,561,3
2020-09-23,Humboldt,023,135768,499,477,1,478,5
2020-09-23,Imperial,025,180216,11804,10587,8,10595,284
2020-09-23,Inyo,027,18085,188,177,4,181,13
2020-09-23,Kern,029,883053,31918,31172,320,31492,387
2020-09-23,Kings,031,150075,7814,7406,43,7449,76
2020-09-23,Lake,033,64148,571,519,0,519,9
2020-09-23,Lassen,035,31185,748,736,2,738,0
2020-09-23,Los Angeles,037,10098052,266399,263318,1836,265154,6421
2020-09-23,Madera,039,155013,4540,4311,31,4342,48
2020-09-23,Marin,041,260295,6701,6567,17,6584,85
2020-09-23,Mariposa,043,17540,76,74,0,74,2
2020-09-23,Mendocino,045,87422,879,801,2,803,17
2020-09-23,Merced,047,269075,8880,8785,18,8803,134
2020-09-23,Modoc,049,8938,29,24,0,24,0
2020-09-23,Mono,051,14174,169,149,2,151,1
2020-09-23,Monterey,053,433212,9828,9452,29,9481,67
2020-09-23,Napa,055,140530,1730,1653,8,1661,11
2020-09-23,Nevada,057,99092,539,523,16,539,6
2020-09-23,Orange,059,3164182,54605,51658,1454,53112,1155
2020-09-23,Placer,061,380077,3621,3506,14,3520,41
2020-09-23,Plumas,063,18699,49,48,0,48,0
2020-09-23,Riverside,065,2383286,58981,57257,165,57422,1165
2020-09-23,Sacramento,067,1510023,22496,21821,25,21846,415
2020-09-23,San Benito,069,59416,1338,1305,0,1305,10
2020-09-23,San Bernardino,071,2135413,54079,52132,344,52476,973
2020-09-23,San Diego,073,3302833,47331,45427,923,46350,767
2020-09-23,San Francisco,075,870044,11211,10926,29,10955,95
2020-09-23,San Joaquin,077,732212,20180,19785,55,19840,439
2020-09-23,San Luis Obispo,079,281455,3727,3447,21,3468,31
2020-09-23,San Mateo,081,765935,10105,9351,10,9361,127
2020-09-23,Santa Barbara,083,443738,9135,8952,77,9029,112
2020-09-23,Santa Clara,085,1922200,21971,20575,42,20617,260
2020-09-23,Santa Cruz,087,273765,2422,2283,29,2312,9
2020-09-23,Shasta,089,179085,1029,756,4,760,14
2020-09-23,Sierra,091,2930,6,6,0,6,0
2020-09-23,Siskiyou,093,43540,155,149,10,159,0
2020-09-23,Solano,095,438530,6297,6123,41,6164,50
2020-09-23,Sonoma,097,501317,7547,7091,21,7112,122
2020-09-23,Stanislaus,099,539301,16500,16271,515,16786,317
2020-09-23,Sutter,101,95872,1679,1646,1,1647,10
2020-09-23,Tehama,103,63373,574,533,2,535,2
2020-09-23,Trinity,105,12862,53,15,8,23,0
2020-09-23,Tulare,107,460477,16305,15664,130,15794,266
2020-09-23,Tuolumne,109,53932,233,223,4,227,2
2020-09-23,Ventura,111,848112,13266,12591,164,12755,137
2020-09-23,Yolo,113,214977,2817,2766,6,2772,55
2020-09-23,Yuba,115,75493,1082,1038,5,1043,5
2020-09-22,Alameda,001,1643700,21299,20607,173,20780,355
2020-09-22,Alpine,003,1148,2,2,0,2,0
2020-09-22,Amador,005,37829,293,287,0,287,16
2020-09-22,Butte,007,227075,2907,2776,27,2803,43
2020-09-22,Calaveras,009,45235,310,258,0,258,11
2020-09-22,Colusa,011,21464,529,518,0,518,6
2020-09-22,Contra Costa,013,1133247,16944,16090,80,16170,190
2020-09-22,Del Norte,015,27424,136,137,0,137,2
2020-09-22,El Dorado,017,186661,1166,1076,4,1080,4
2020-09-22,Fresno,019,978130,30475,27944,380,28324,369
2020-09-22,Glenn,021,27897,580,560,0,560,3
2020-09-22,Humboldt,023,135768,498,476,1,477,5
2020-09-22,Imperial,025,180216,11775,10529,8,10537,284
2020-09-22,Inyo,027,18085,188,177,4,181,13
2020-09-22,Kern,029,883053,31850,31110,313,31423,383
2020-09-22,Kings,031,150075,7757,7395,42,7437,76
2020-09-22,Lake,033,64148,563,516,0,516,9
2020-09-22,Lassen,035,31185,747,736,2,738,0
2020-09-22,Los Angeles,037,10098052,265333,262117,1811,263928,6394
2020-09-22,Madera,039,155013,4524,4303,31,4334,47
2020-09-22,Marin,041,260295,6687,6561,17,6578,84
2020-09-22,Mariposa,043,17540,76,74,0,74,2
2020-09-22,Mendocino,045,87422,859,794,1,795,18
2020-09-22,Merced,047,269075,8850,8769,18,8787,132
2020-09-22,Modoc,049,8938,29,24,0,24,0
2020-09-22,Mono,051,14174,168,149,2,151,1
2020-09-22,Monterey,053,433212,9770,9393,28,9421,67
2020-09-22,Napa,055,140530,1713,1652,8,1660,11
2020-09-22,Nevada,057,99092,539,523,16,539,6
2020-09-22,Orange,059,3164182,54355,51528,1445,52973,1132
2020-09-22,Placer,061,380077,3609,3492,14,3506,40
2020-09-22,Plumas,063,18699,49,48,0,48,0
2020-09-22,Riverside,065,2383286,58497,57066,161,57227,1162
2020-09-22,Sacramento,067,1510023,22376,21745,25,21770,410
2020-09-22,San Benito,069,59416,1333,1305,0,1305,10
2020-09-22,San Bernardino,071,2135413,53805,51899,344,52243,971
2020-09-22,San Diego,073,3302833,47024,45149,904,46053,765
2020-09-22,San Francisco,075,870044,11167,10893,28,10921,95
2020-09-22,San Joaquin,077,732212,20133,19755,54,19809,426
2020-09-22,San Luis Obispo,079,281455,3705,3420,21,3441,31
2020-09-22,San Mateo,081,765935,10067,9291,10,9301,127
2020-09-22,Santa Barbara,083,443738,9105,8927,76,9003,111
2020-09-22,Santa Clara,085,1922200,21852,20514,42,20556,253
2020-09-22,Santa Cruz,087,273765,2399,2264,29,2293,8
2020-09-22,Shasta,089,179085,994,723,4,727,14
2020-09-22,Sierra,091,2930,6,6,0,6,0
2020-09-22,Siskiyou,093,43540,155,149,10,159,0
2020-09-22,Solano,095,438530,6266,6107,41,6148,48
2020-09-22,Sonoma,097,501317,7468,7068,20,7088,117
2020-09-22,Stanislaus,099,539301,16477,16231,508,16739,316
2020-09-22,Sutter,101,95872,1673,1638,1,1639,10
2020-09-22,Tehama,103,63373,566,529,2,531,2
2020-09-22,Trinity,105,12862,53,15,8,23,0
2020-09-22,Tulare,107,460477,16238,15616,126,15742,263
2020-09-22,Tuolumne,109,53932,232,224,4,228,1
2020-09-22,Ventura,111,848112,13214,12507,160,12667,136
2020-09-22,Yolo,113,214977,2810,2763,6,2769,54
2020-09-22,Yuba,115,75493,1073,1035,5,1040,5
2020-09-21,Alameda,001,1643700,21220,20501,172,20673,343
2020-09-21,Alpine,003,1148,2,2,0,2,0
2020-09-21,Amador,005,37829,291,286,0,286,16
2020-09-21,Butte,007,227075,2893,2769,27,2796,41
2020-09-21,Calaveras,009,45235,308,256,0,256,10
2020-09-21,Colusa,011,21464,528,517,0,517,6
2020-09-21,Contra Costa,013,1133247,16857,16008,80,16088,189
2020-09-21,Del Norte,015,27424,136,132,0,132,2
2020-09-21,El Dorado,017,186661,1157,1074,4,1078,4
2020-09-21,Fresno,019,978130,30373,27843,373,28216,362
2020-09-21,Glenn,021,27897,576,556,0,556,3
2020-09-21,Humboldt,023,135768,494,473,1,474,5
2020-09-21,Imperial,025,180216,11744,10521,8,10529,284
2020-09-21,Inyo,027,18085,187,177,4,181,12
2020-09-21,Kern,029,883053,31778,31031,311,31342,379
2020-09-21,Kings,031,150075,7644,7297,41,7338,76
2020-09-21,Lake,033,64148,558,508,0,508,8
2020-09-21,Lassen,035,31185,745,735,2,737,0
2020-09-21,Los Angeles,037,10098052,264246,261418,1766,263184,6360
2020-09-21,Madera,039,155013,4513,4275,30,4305,47
2020-09-21,Marin,041,260295,6676,6538,16,6554,84
2020-09-21,Mariposa,043,17540,75,74,0,74,2
2020-09-21,Mendocino,045,87422,844,778,0,778,18
2020-09-21,Merced,047,269075,8831,8749,16,8765,128
2020-09-21,Modoc,049,8938,29,22,0,22,0
2020-09-21,Mono,051,14174,168,147,2,149,1
2020-09-21,Monterey,053,433212,9706,9331,25,9356,66
2020-09-21,Napa,055,140530,1702,1641,8,1649,11
2020-09-21,Nevada,057,99092,537,515,16,531,6
2020-09-21,Orange,059,3164182,54133,51363,1438,52801,1110
2020-09-21,Placer,061,380077,3599,3473,14,3487,40
2020-09-21,Plumas,063,18699,49,47,0,47,0
2020-09-21,Riverside,065,2383286,58225,57001,154,57155,1153
2020-09-21,Sacramento,067,1510023,22195,21568,25,21593,404
2020-09-21,San Benito,069,59416,1331,1298,0,1298,10
2020-09-21,San Bernardino,071,2135413,53519,51654,344,51998,970
2020-09-21,San Diego,073,3302833,46740,44927,883,45810,760
2020-09-21,San Francisco,075,870044,11119,10743,28,10771,95
2020-09-21,San Joaquin,077,732212,20075,19579,54,19633,423
2020-09-21,San Luis Obispo,079,281455,3679,3406,21,3427,27
2020-09-21,San Mateo,081,765935,10015,9239,10,9249,127
2020-09-21,Santa Barbara,083,443738,9077,8911,76,8987,110
2020-09-21,Santa Clara,085,1922200,21751,20432,42,20474,252
2020-09-21,Santa Cruz,087,273765,2382,2257,27,2284,8
2020-09-21,Shasta,089,179085,944,696,4,700,14
2020-09-21,Sierra,091,2930,6,6,0,6,0
2020-09-21,Siskiyou,093,43540,155,146,10,156,0
2020-09-21,Solano,095,438530,6242,6019,41,6060,46
2020-09-21,Sonoma,097,501317,7392,7017,20,7037,117
2020-09-21,Stanislaus,099,539301,16447,16186,508,16694,310
2020-09-21,Sutter,101,95872,1666,1634,1,1635,10
2020-09-21,Tehama,103,63373,547,513,2,515,2
2020-09-21,Trinity,105,12862,53,15,8,23,0
2020-09-21,Tulare,107,460477,16164,15528,117,15645,260
2020-09-21,Tuolumne,109,53932,232,221,4,225,1
2020-09-21,Ventura,111,848112,13130,12477,154,12631,133
2020-09-21,Yolo,113,214977,2804,2752,6,2758,54
2020-09-21,Yuba,115,75493,1069,1033,5,1038,1
2020-09-20,Alameda,001,1643700,21120,20425,169,20594,343
2020-09-20,Alpine,003,1148,2,2,0,2,0
2020-09-20,Amador,005,37829,290,286,0,286,16
2020-09-20,Butte,007,227075,2881,2764,27,2791,39
2020-09-20,Calaveras,009,45235,304,256,0,256,10
2020-09-20,Colusa,011,21464,526,510,0,510,6
2020-09-20,Contra Costa,013,1133247,16723,15917,79,15996,189
2020-09-20,Del Norte,015,27424,134,132,0,132,2
2020-09-20,El Dorado,017,186661,1142,1073,4,1077,4
2020-09-20,Fresno,019,978130,30259,27769,368,28137,362
2020-09-20,Glenn,021,27897,572,550,0,550,3
2020-09-20,Humboldt,023,135768,494,472,1,473,5
2020-09-20,Imperial,025,180216,11717,10496,7,10503,284
2020-09-20,Inyo,027,18085,187,177,4,181,12
2020-09-20,Kern,029,883053,31695,30992,307,31299,379
2020-09-20,Kings,031,150075,7597,7159,40,7199,76
2020-09-20,Lake,033,64148,546,492,0,492,8
2020-09-20,Lassen,035,31185,745,735,2,737,0
2020-09-20,Los Angeles,037,10098052,263016,260770,1741,262511,6347
2020-09-20,Madera,039,155013,4493,4257,30,4287,47
2020-09-20,Marin,041,260295,6650,6533,16,6549,83
2020-09-20,Mariposa,043,17540,75,74,0,74,2
2020-09-20,Mendocino,045,87422,832,765,0,765,18
2020-09-20,Merced,047,269075,8804,8745,16,8761,128
2020-09-20,Modoc,049,8938,27,22,0,22,0
2020-09-20,Mono,051,14174,167,147,2,149,1
2020-09-20,Monterey,053,433212,9627,9312,25,9337,65
2020-09-20,Napa,055,140530,1693,1626,8,1634,11
2020-09-20,Nevada,057,99092,534,511,16,527,6
2020-09-20,Orange,059,3164182,53892,51233,1428,52661,1110
2020-09-20,Placer,061,380077,3584,3452,14,3466,40
2020-09-20,Plumas,063,18699,49,47,0,47,0
2020-09-20,Riverside,065,2383286,58024,56783,148,56931,1147
2020-09-20,Sacramento,067,1510023,22008,21394,24,21418,401
2020-09-20,San Benito,069,59416,1320,1291,0,1291,9
2020-09-20,San Bernardino,071,2135413,53199,51559,342,51901,970
2020-09-20,San Diego,073,3302833,46367,44579,854,45433,760
2020-09-20,San Francisco,075,870044,11065,10743,28,10771,95
2020-09-20,San Joaquin,077,732212,20010,19578,47,19625,423
2020-09-20,San Luis Obispo,079,281455,3651,3393,21,3414,27
2020-09-20,San Mateo,081,765935,9949,9198,10,9208,127
2020-09-20,Santa Barbara,083,443738,9041,8880,75,8955,110
2020-09-20,Santa Clara,085,1922200,21630,20330,41,20371,252
2020-09-20,Santa Cruz,087,273765,2362,2199,27,2226,8
2020-09-20,Shasta,089,179085,903,696,3,699,14
2020-09-20,Sierra,091,2930,6,6,0,6,0
2020-09-20,Siskiyou,093,43540,155,146,10,156,0
2020-09-20,Solano,095,438530,6198,6020,41,6061,46
2020-09-20,Sonoma,097,501317,7288,6954,20,6974,117
2020-09-20,Stanislaus,099,539301,16416,16159,501,16660,310
2020-09-20,Sutter,101,95872,1660,1624,1,1625,10
2020-09-20,Tehama,103,63373,534,509,2,511,2
2020-09-20,Trinity,105,12862,53,15,8,23,0
2020-09-20,Tulare,107,460477,16078,15528,111,15639,260
2020-09-20,Tuolumne,109,53932,232,221,4,225,1
2020-09-20,Ventura,111,848112,13064,12406,150,12556,133
2020-09-20,Yolo,113,214977,2796,2745,6,2751,54
2020-09-20,Yuba,115,75493,1062,1029,5,1034,1
2020-09-19,Alameda,001,1643700,21069,20349,166,20515,343
2020-09-19,Alpine,003,1148,2,2,0,2,0
2020-09-19,Amador,005,37829,290,285,0,285,16
2020-09-19,Butte,007,227075,2875,2748,27,2775,38
2020-09-19,Calaveras,009,45235,304,256,0,256,10
2020-09-19,Colusa,011,21464,526,507,0,507,6
2020-09-19,Contra Costa,013,1133247,16660,15783,79,15862,186
2020-09-19,Del Norte,015,27424,133,132,0,132,2
2020-09-19,El Dorado,017,186661,1136,1068,3,1071,4
2020-09-19,Fresno,019,978130,30186,27668,368,28036,362
2020-09-19,Glenn,021,27897,569,547,0,547,3
2020-09-19,Humboldt,023,135768,493,471,1,472,5
2020-09-19,Imperial,025,180216,11702,10496,7,10503,284
2020-09-19,Inyo,027,18085,187,177,4,181,12
2020-09-19,Kern,029,883053,31641,30886,304,31190,379
2020-09-19,Kings,031,150075,7591,7130,40,7170,76
2020-09-19,Lake,033,64148,546,465,0,465,8
2020-09-19,Lassen,035,31185,745,731,2,733,0
2020-09-19,Los Angeles,037,10098052,262390,259801,1727,261528,6325
2020-09-19,Madera,039,155013,4470,4237,30,4267,47
2020-09-19,Marin,041,260295,6643,6513,15,6528,81
2020-09-19,Mariposa,043,17540,75,74,0,74,2
2020-09-19,Mendocino,045,87422,829,750,0,750,18
2020-09-19,Merced,047,269075,8793,8717,15,8732,128
2020-09-19,Modoc,049,8938,27,22,0,22,0
2020-09-19,Mono,051,14174,167,147,2,149,1
2020-09-19,Monterey,053,433212,9585,9237,25,9262,65
2020-09-19,Napa,055,140530,1685,1614,8,1622,11
2020-09-19,Nevada,057,99092,532,505,16,521,6
2020-09-19,Orange,059,3164182,53763,50999,1421,52420,1105
2020-09-19,Placer,061,380077,3575,3412,14,3426,40
2020-09-19,Plumas,063,18699,49,47,0,47,0
2020-09-19,Riverside,065,2383286,57897,56562,147,56709,1147
2020-09-19,Sacramento,067,1510023,21954,21297,24,21321,396
2020-09-19,San Benito,069,59416,1316,1276,0,1276,9
2020-09-19,San Bernardino,071,2135413,53043,51353,339,51692,971
2020-09-19,San Diego,073,3302833,46139,44295,831,45126,773
2020-09-19,San Francisco,075,870044,11032,10741,28,10769,95
2020-09-19,San Joaquin,077,732212,19973,19580,47,19627,424
2020-09-19,San Luis Obispo,079,281455,3630,3369,21,3390,27
2020-09-19,San Mateo,081,765935,9918,9158,10,9168,127
2020-09-19,Santa Barbara,083,443738,9021,8862,75,8937,106
2020-09-19,Santa Clara,085,1922200,21541,20170,41,20211,251
2020-09-19,Santa Cruz,087,273765,2348,2198,26,2224,8
2020-09-19,Shasta,089,179085,876,687,3,690,14
2020-09-19,Sierra,091,2930,6,6,0,6,0
2020-09-19,Siskiyou,093,43540,155,146,10,156,0
2020-09-19,Solano,095,438530,6182,5998,41,6039,46
2020-09-19,Sonoma,097,501317,7255,6905,20,6925,117
2020-09-19,Stanislaus,099,539301,16376,16109,494,16603,313
2020-09-19,Sutter,101,95872,1659,1602,1,1603,10
2020-09-19,Tehama,103,63373,529,498,2,500,2
2020-09-19,Trinity,105,12862,53,15,8,23,0
2020-09-19,Tulare,107,460477,16029,15485,108,15593,260
2020-09-19,Tuolumne,109,53932,232,217,4,221,1
2020-09-19,Ventura,111,848112,13032,12328,150,12478,133
2020-09-19,Yolo,113,214977,2788,2739,6,2745,54
2020-09-19,Yuba,115,75493,1055,1023,5,1028,1
2020-09-18,Alameda,001,1643700,21004,20222,160,20382,341
2020-09-18,Alpine,003,1148,2,2,0,2,0
2020-09-18,Amador,005,37829,290,285,0,285,16
2020-09-18,Butte,007,227075,2873,2738,27,2765,37
2020-09-18,Calaveras,009,45235,304,255,0,255,9
2020-09-18,Colusa,011,21464,526,504,0,504,6
2020-09-18,Contra Costa,013,1133247,16575,15667,79,15746,185
2020-09-18,Del Norte,015,27424,133,131,0,131,2
2020-09-18,El Dorado,017,186661,1123,1063,3,1066,4
2020-09-18,Fresno,019,978130,30121,27560,368,27928,359
2020-09-18,Glenn,021,27897,566,541,0,541,3
2020-09-18,Humboldt,023,135768,490,470,1,471,5
2020-09-18,Imperial,025,180216,11687,10460,7,10467,283
2020-09-18,Inyo,027,18085,187,177,4,181,12
2020-09-18,Kern,029,883053,31583,30742,301,31043,373
2020-09-18,Kings,031,150075,7581,7062,40,7102,74
2020-09-18,Lake,033,64148,540,458,0,458,8
2020-09-18,Lassen,035,31185,744,731,2,733,0
2020-09-18,Los Angeles,037,10098052,261629,258488,1709,260197,6324
2020-09-18,Madera,039,155013,4458,4211,30,4241,45
2020-09-18,Marin,041,260295,6628,6475,15,6490,81
2020-09-18,Mariposa,043,17540,75,74,0,74,2
2020-09-18,Mendocino,045,87422,821,739,0,739,18
2020-09-18,Merced,047,269075,8781,8691,14,8705,127
2020-09-18,Modoc,049,8938,27,22,0,22,0
2020-09-18,Mono,051,14174,165,147,2,149,1
2020-09-18,Monterey,053,433212,9543,9183,25,9208,64
2020-09-18,Napa,055,140530,1679,1604,8,1612,11
2020-09-18,Nevada,057,99092,529,504,16,520,6
2020-09-18,Orange,059,3164182,53616,50733,1409,52142,1107
2020-09-18,Placer,061,380077,3564,3389,14,3403,40
2020-09-18,Plumas,063,18699,49,45,0,45,0
2020-09-18,Riverside,065,2383286,57775,56248,142,56390,1143
2020-09-18,Sacramento,067,1510023,21871,21105,24,21129,391
2020-09-18,San Benito,069,59416,1308,1257,0,1257,8
2020-09-18,San Bernardino,071,2135413,52898,51106,336,51442,970
2020-09-18,San Diego,073,3302833,45889,44009,826,44835,757
2020-09-18,San Francisco,075,870044,10994,10644,27,10671,95
2020-09-18,San Joaquin,077,732212,19929,19531,46,19577,423
2020-09-18,San Luis Obispo,079,281455,3606,3328,21,3349,27
2020-09-18,San Mateo,081,765935,9878,9062,10,9072,127
2020-09-18,Santa Barbara,083,443738,9000,8824,75,8899,107
2020-09-18,Santa Clara,085,1922200,21443,20058,41,20099,252
2020-09-18,Santa Cruz,087,273765,2327,2180,25,2205,8
2020-09-18,Shasta,089,179085,841,668,3,671,14
2020-09-18,Sierra,091,2930,6,6,0,6,0
2020-09-18,Siskiyou,093,43540,154,146,10,156,0
2020-09-18,Solano,095,438530,6166,5961,41,6002,46
2020-09-18,Sonoma,097,501317,7207,6856,20,6876,114
2020-09-18,Stanislaus,099,539301,16348,16042,488,16530,277
2020-09-18,Sutter,101,95872,1652,1586,1,1587,10
2020-09-18,Tehama,103,63373,529,490,2,492,2
2020-09-18,Trinity,105,12862,53,15,7,22,0
2020-09-18,Tulare,107,460477,15996,15435,104,15539,259
2020-09-18,Tuolumne,109,53932,231,216,4,220,1
2020-09-18,Ventura,111,848112,12971,12236,146,12382,133
2020-09-18,Yolo,113,214977,2782,2732,6,2738,54
2020-09-18,Yuba,115,75493,1051,1020,5,1025,1
2020-09-17,Alameda,001,1643700,20905,20146,160,20306,339
2020-09-17,Alpine,003,1148,2,2,0,2,0
2020-09-17,Amador,005,37829,288,284,0,284,16
2020-09-17,Butte,007,227075,2855,2720,27,2747,38
2020-09-17,Calaveras,009,45235,304,254,0,254,9
2020-09-17,Colusa,011,21464,524,499,0,499,6
2020-09-17,Contra Costa,013,1133247,16486,15576,79,15655,184
2020-09-17,Del Norte,015,27424,133,131,0,131,2
2020-09-17,El Dorado,017,186661,1114,1057,3,1060,4
2020-09-17,Fresno,019,978130,30011,27487,363,27850,355
2020-09-17,Glenn,021,27897,565,541,0,541,3
2020-09-17,Humboldt,023,135768,484,466,1,467,5
2020-09-17,Imperial,025,180216,11670,10436,7,10443,281
2020-09-17,Inyo,027,18085,187,176,4,180,12
2020-09-17,Kern,029,883053,31522,30627,294,30921,372
2020-09-17,Kings,031,150075,7510,7015,40,7055,72
2020-09-17,Lake,033,64148,530,433,0,433,8
2020-09-17,Lassen,035,31185,742,731,2,733,0
2020-09-17,Los Angeles,037,10098052,260687,257246,1694,258940,6318
2020-09-17,Madera,039,155013,4424,4152,30,4182,45
2020-09-17,Marin,041,260295,6607,6457,15,6472,81
2020-09-17,Mariposa,043,17540,75,74,0,74,2
2020-09-17,Mendocino,045,87422,810,737,0,737,18
2020-09-17,Merced,047,269075,8762,8671,14,8685,119
2020-09-17,Modoc,049,8938,27,22,0,22,0
2020-09-17,Mono,051,14174,165,147,2,149,1
2020-09-17,Monterey,053,433212,9481,9113,25,9138,62
2020-09-17,Napa,055,140530,1668,1592,8,1600,11
2020-09-17,Nevada,057,99092,527,494,16,510,6
2020-09-17,Orange,059,3164182,53434,50537,1397,51934,1098
2020-09-17,Placer,061,380077,3543,3368,14,3382,40
2020-09-17,Plumas,063,18699,49,45,0,45,0
2020-09-17,Riverside,065,2383286,57549,56007,141,56148,1134
2020-09-17,Sacramento,067,1510023,21636,20895,24,20919,385
2020-09-17,San Benito,069,59416,1305,1252,0,1252,8
2020-09-17,San Bernardino,071,2135413,52696,50770,336,51106,904
2020-09-17,San Diego,073,3302833,45609,43621,814,44435,754
2020-09-17,San Francisco,075,870044,10899,10564,27,10591,95
2020-09-17,San Joaquin,077,732212,19870,19439,46,19485,416
2020-09-17,San Luis Obispo,079,281455,3576,3299,21,3320,27
2020-09-17,San Mateo,081,765935,9836,8984,10,8994,127
2020-09-17,Santa Barbara,083,443738,8976,8779,75,8854,107
2020-09-17,Santa Clara,085,1922200,21326,19825,41,19866,254
2020-09-17,Santa Cruz,087,273765,2311,2155,25,2180,7
2020-09-17,Shasta,089,179085,802,660,3,663,12
2020-09-17,Sierra,091,2930,6,6,0,6,0
2020-09-17,Siskiyou,093,43540,154,146,10,156,0
2020-09-17,Solano,095,438530,6143,5915,41,5956,44
2020-09-17,Sonoma,097,501317,7143,6754,20,6774,114
2020-09-17,Stanislaus,099,539301,16315,15984,484,16468,277
2020-09-17,Sutter,101,95872,1647,1572,1,1573,10
2020-09-17,Tehama,103,63373,515,487,2,489,2
2020-09-17,Trinity,105,12862,53,15,7,22,0
2020-09-17,Tulare,107,460477,15943,15344,102,15446,258
2020-09-17,Tuolumne,109,53932,230,214,4,218,1
2020-09-17,Ventura,111,848112,12884,12167,142,12309,130
2020-09-17,Yolo,113,214977,2773,2724,6,2730,53
2020-09-17,Yuba,115,75493,1047,1015,5,1020,1
2020-09-16,Alameda,001,1643700,20807,20009,158,20167,333
2020-09-16,Alpine,003,1148,2,2,0,2,0
2020-09-16,Amador,005,37829,288,284,0,284,16
2020-09-16,Butte,007,227075,2845,2704,26,2730,38
2020-09-16,Calaveras,009,45235,304,254,0,254,9
2020-09-16,Colusa,011,21464,522,497,0,497,6
2020-09-16,Contra Costa,013,1133247,16400,15473,79,15552,183
2020-09-16,Del Norte,015,27424,133,131,0,131,2
2020-09-16,El Dorado,017,186661,1106,1049,3,1052,4
2020-09-16,Fresno,019,978130,29904,27381,361,27742,343
2020-09-16,Glenn,021,27897,563,539,0,539,3
2020-09-16,Humboldt,023,135768,483,455,1,456,4
2020-09-16,Imperial,025,180216,11647,10401,7,10408,277
2020-09-16,Inyo,027,18085,186,176,4,180,12
2020-09-16,Kern,029,883053,31462,30570,293,30863,371
2020-09-16,Kings,031,150075,7485,7002,37,7039,71
2020-09-16,Lake,033,64148,519,417,0,417,6
2020-09-16,Lassen,035,31185,741,730,2,732,0
2020-09-16,Los Angeles,037,10098052,259707,256101,1677,257778,6299
2020-09-16,Madera,039,155013,4401,4138,30,4168,45
2020-09-16,Marin,041,260295,6579,6430,15,6445,77
2020-09-16,Mariposa,043,17540,75,74,0,74,2
2020-09-16,Mendocino,045,87422,801,727,0,727,18
2020-09-16,Merced,047,269075,8741,8646,14,8660,118
2020-09-16,Modoc,049,8938,27,22,0,22,0
2020-09-16,Mono,051,14174,165,147,2,149,1
2020-09-16,Monterey,053,433212,9427,8997,25,9022,62
2020-09-16,Napa,055,140530,1654,1587,8,1595,11
2020-09-16,Nevada,057,99092,522,495,15,510,6
2020-09-16,Orange,059,3164182,53233,50414,1388,51802,1096
2020-09-16,Placer,061,380077,3525,3351,14,3365,39
2020-09-16,Plumas,063,18699,49,45,0,45,0
2020-09-16,Riverside,065,2383286,57355,55811,133,55944,1127
2020-09-16,Sacramento,067,1510023,21541,20610,24,20634,377
2020-09-16,San Benito,069,59416,1297,1244,0,1244,8
2020-09-16,San Bernardino,071,2135413,52471,50509,335,50844,907
2020-09-16,San Diego,073,3302833,45317,43447,793,44240,748
2020-09-16,San Francisco,075,870044,10852,10502,27,10529,90
2020-09-16,San Joaquin,077,732212,19816,19377,45,19422,409
2020-09-16,San Luis Obispo,079,281455,3545,3285,21,3306,28
2020-09-16,San Mateo,081,765935,9771,8944,10,8954,127
2020-09-16,Santa Barbara,083,443738,8943,8764,75,8839,107
2020-09-16,Santa Clara,085,1922200,21207,19684,41,19725,253
2020-09-16,Santa Cruz,087,273765,2270,2089,24,2113,7
2020-09-16,Shasta,089,179085,776,635,3,638,11
2020-09-16,Sierra,091,2930,6,6,0,6,0
2020-09-16,Siskiyou,093,43540,153,145,10,155,0
2020-09-16,Solano,095,438530,6113,5899,41,5940,44
2020-09-16,Sonoma,097,501317,7082,6731,20,6751,104
2020-09-16,Stanislaus,099,539301,16267,15897,476,16373,263
2020-09-16,Sutter,101,95872,1634,1567,1,1568,10
2020-09-16,Tehama,103,63373,507,485,2,487,2
2020-09-16,Trinity,105,12862,53,15,7,22,0
2020-09-16,Tulare,107,460477,15899,15314,95,15409,258
2020-09-16,Tuolumne,109,53932,229,210,4,214,1
2020-09-16,Ventura,111,848112,12813,12073,140,12213,130
2020-09-16,Yolo,113,214977,2766,2709,6,2715,53
2020-09-16,Yuba,115,75493,1045,1000,5,1005,1
2020-09-15,Alameda,001,1643700,20700,19931,155,20086,327
2020-09-15,Alpine,003,1148,2,2,0,2,0
2020-09-15,Amador,005,37829,287,282,0,282,16
2020-09-15,Butte,007,227075,2832,2695,24,2719,38
2020-09-15,Calaveras,009,45235,304,248,0,248,5
2020-09-15,Colusa,011,21464,516,497,0,497,6
2020-09-15,Contra Costa,013,1133247,16297,15423,78,15501,180
2020-09-15,Del Norte,015,27424,133,129,0,129,2
2020-09-15,El Dorado,017,186661,1101,1046,3,1049,4
2020-09-15,Fresno,019,978130,29797,27312,356,27668,343
2020-09-15,Glenn,021,27897,562,531,0,531,3
2020-09-15,Humboldt,023,135768,481,456,1,457,4
2020-09-15,Imperial,025,180216,11622,10376,7,10383,277
2020-09-15,Inyo,027,18085,186,176,4,180,12
2020-09-15,Kern,029,883053,31349,30429,290,30719,368
2020-09-15,Kings,031,150075,7327,6977,37,7014,70
2020-09-15,Lake,033,64148,505,416,0,416,4
2020-09-15,Lassen,035,31185,737,719,2,721,0
2020-09-15,Los Angeles,037,10098052,258597,255048,1655,256703,6269
2020-09-15,Madera,039,155013,4382,4122,30,4152,45
2020-09-15,Marin,041,260295,6548,6423,15,6438,77
2020-09-15,Mariposa,043,17540,75,74,0,74,2
2020-09-15,Mendocino,045,87422,783,724,0,724,18
2020-09-15,Merced,047,269075,8711,8633,14,8647,114
2020-09-15,Modoc,049,8938,26,21,0,21,0
2020-09-15,Mono,051,14174,165,147,2,149,1
2020-09-15,Monterey,053,433212,9378,8943,25,8968,62
2020-09-15,Napa,055,140530,1640,1580,8,1588,11
2020-09-15,Nevada,057,99092,517,494,15,509,6
2020-09-15,Orange,059,3164182,53051,50294,1373,51667,1088
2020-09-15,Placer,061,380077,3501,3331,14,3345,38
2020-09-15,Plumas,063,18699,49,44,0,44,0
2020-09-15,Riverside,065,2383286,57061,55569,123,55692,1118
2020-09-15,Sacramento,067,1510023,21398,20487,24,20511,372
2020-09-15,San Benito,069,59416,1290,1237,0,1237,7
2020-09-15,San Bernardino,071,2135413,52255,50333,334,50667,904
2020-09-15,San Diego,073,3302833,44998,43183,773,43956,742
2020-09-15,San Francisco,075,870044,10794,10414,27,10441,90
2020-09-15,San Joaquin,077,732212,19764,19313,45,19358,401
2020-09-15,San Luis Obispo,079,281455,3525,3262,21,3283,28
2020-09-15,San Mateo,081,765935,9701,8895,10,8905,127
2020-09-15,Santa Barbara,083,443738,8918,8724,74,8798,104
2020-09-15,Santa Clara,085,1922200,21071,19610,41,19651,252
2020-09-15,Santa Cruz,087,273765,2244,2079,23,2102,7
2020-09-15,Shasta,089,179085,764,627,3,630,11
2020-09-15,Sierra,091,2930,6,6,0,6,0
2020-09-15,Siskiyou,093,43540,153,143,10,153,0
2020-09-15,Solano,095,438530,6079,5878,41,5919,45
2020-09-15,Sonoma,097,501317,7043,6701,20,6721,104
2020-09-15,Stanislaus,099,539301,16219,15880,474,16354,260
2020-09-15,Sutter,101,95872,1623,1556,1,1557,10
2020-09-15,Tehama,103,63373,495,484,2,486,2
2020-09-15,Trinity,105,12862,53,15,7,22,0
2020-09-15,Tulare,107,460477,15822,15203,93,15296,254
2020-09-15,Tuolumne,109,53932,229,209,4,213,1
2020-09-15,Ventura,111,848112,12760,11932,139,12071,128
2020-09-15,Yolo,113,214977,2762,2708,6,2714,53
2020-09-15,Yuba,115,75493,1039,991,4,995,1
2020-09-14,Alameda,001,1643700,20573,19851,154,20005,306
2020-09-14,Alpine,003,1148,2,2,0,2,0
2020-09-14,Amador,005,37829,285,281,0,281,16
2020-09-14,Butte,007,227075,2815,2642,24,2666,37
2020-09-14,Calaveras,009,45235,304,244,0,244,3
2020-09-14,Colusa,011,21464,515,486,0,486,6
2020-09-14,Contra Costa,013,1133247,16173,15354,77,15431,174
2020-09-14,Del Norte,015,27424,130,116,0,116,2
2020-09-14,El Dorado,017,186661,1097,1039,3,1042,3
2020-09-14,Fresno,019,978130,29712,27232,353,27585,344
2020-09-14,Glenn,021,27897,554,521,0,521,3
2020-09-14,Humboldt,023,135768,478,437,1,438,4
2020-09-14,Imperial,025,180216,11602,10340,7,10347,273
2020-09-14,Inyo,027,18085,186,176,4,180,12
2020-09-14,Kern,029,883053,31261,30344,289,30633,368
2020-09-14,Kings,031,150075,7246,6950,37,6987,70
2020-09-14,Lake,033,64148,485,407,0,407,4
2020-09-14,Lassen,035,31185,737,719,2,721,0
2020-09-14,Los Angeles,037,10098052,257570,254622,1630,256252,6226
2020-09-14,Madera,039,155013,4368,4104,30,4134,45
2020-09-14,Marin,041,260295,6527,6409,15,6424,70
2020-09-14,Mariposa,043,17540,75,74,0,74,2
2020-09-14,Mendocino,045,87422,766,710,0,710,17
2020-09-14,Merced,047,269075,8692,8593,14,8607,112
2020-09-14,Modoc,049,8938,26,21,0,21,0
2020-09-14,Mono,051,14174,165,147,2,149,1
2020-09-14,Monterey,053,433212,9307,8845,24,8869,61
2020-09-14,Napa,055,140530,1623,1576,8,1584,11
2020-09-14,Nevada,057,99092,512,489,15,504,6
2020-09-14,Orange,059,3164182,52890,50149,1357,51506,1079
2020-09-14,Placer,061,380077,3480,3302,14,3316,38
2020-09-14,Plumas,063,18699,48,42,0,42,0
2020-09-14,Riverside,065,2383286,56842,55488,118,55606,1113
2020-09-14,Sacramento,067,1510023,21203,20377,23,20400,367
2020-09-14,San Benito,069,59416,1275,1233,0,1233,7
2020-09-14,San Bernardino,071,2135413,52030,50163,333,50496,895
2020-09-14,San Diego,073,3302833,44687,42889,753,43642,734
2020-09-14,San Francisco,075,870044,10727,10255,25,10280,90
2020-09-14,San Joaquin,077,732212,19690,19111,44,19155,397
2020-09-14,San Luis Obispo,079,281455,3500,3248,21,3269,25
2020-09-14,San Mateo,081,765935,9640,8847,10,8857,127
2020-09-14,Santa Barbara,083,443738,8892,8692,74,8766,104
2020-09-14,Santa Clara,085,1922200,20883,19545,41,19586,247
2020-09-14,Santa Cruz,087,273765,2223,2016,22,2038,7
2020-09-14,Shasta,089,179085,741,584,3,587,10
2020-09-14,Sierra,091,2930,6,6,0,6,0
2020-09-14,Siskiyou,093,43540,152,143,10,153,0
2020-09-14,Solano,095,438530,6044,5834,41,5875,44
2020-09-14,Sonoma,097,501317,6980,6630,20,6650,102
2020-09-14,Stanislaus,099,539301,16174,15812,471,16283,253
2020-09-14,Sutter,101,95872,1612,1549,1,1550,10
2020-09-14,Tehama,103,63373,493,475,2,477,1
2020-09-14,Trinity,105,12862,52,14,7,21,0
2020-09-14,Tulare,107,460477,15752,15096,87,15183,254
2020-09-14,Tuolumne,109,53932,228,208,4,212,1
2020-09-14,Ventura,111,848112,12658,11903,136,12039,125
2020-09-14,Yolo,113,214977,2751,2687,6,2693,53
2020-09-14,Yuba,115,75493,1031,977,4,981,1
2020-09-13,Alameda,001,1643700,20467,19815,151,19966,306
2020-09-13,Alpine,003,1148,2,2,0,2,0
2020-09-13,Amador,005,37829,282,279,0,279,16
2020-09-13,Butte,007,227075,2793,2640,24,2664,37
2020-09-13,Calaveras,009,45235,303,246,0,246,3
2020-09-13,Colusa,011,21464,511,486,0,486,6
2020-09-13,Contra Costa,013,1133247,16065,15284,77,15361,172
2020-09-13,Del Norte,015,27424,127,116,0,116,1
2020-09-13,El Dorado,017,186661,1092,1035,3,1038,2
2020-09-13,Fresno,019,978130,29604,27196,344,27540,345
2020-09-13,Glenn,021,27897,550,517,0,517,3
2020-09-13,Humboldt,023,135768,478,434,1,435,4
2020-09-13,Imperial,025,180216,11565,10304,6,10310,273
2020-09-13,Inyo,027,18085,186,176,4,180,12
2020-09-13,Kern,029,883053,31168,30277,282,30559,368
2020-09-13,Kings,031,150075,7227,6937,37,6974,70
2020-09-13,Lake,033,64148,466,397,0,397,4
2020-09-13,Lassen,035,31185,734,719,2,721,0
2020-09-13,Los Angeles,037,10098052,256421,253950,1614,255564,6203
2020-09-13,Madera,039,155013,4311,4090,30,4120,45
2020-09-13,Marin,041,260295,6506,6395,15,6410,70
2020-09-13,Mariposa,043,17540,75,74,0,74,2
2020-09-13,Mendocino,045,87422,759,707,0,707,17
2020-09-13,Merced,047,269075,8658,8575,14,8589,112
2020-09-13,Modoc,049,8938,26,21,0,21,0
2020-09-13,Mono,051,14174,165,147,2,149,1
2020-09-13,Monterey,053,433212,9225,8826,23,8849,61
2020-09-13,Napa,055,140530,1616,1563,8,1571,11
2020-09-13,Nevada,057,99092,504,486,15,501,6
2020-09-13,Orange,059,3164182,52674,50061,1350,51411,1075
2020-09-13,Placer,061,380077,3450,3291,14,3305,38
2020-09-13,Plumas,063,18699,48,42,0,42,0
2020-09-13,Riverside,065,2383286,56635,55235,107,55342,1108
2020-09-13,Sacramento,067,1510023,20857,20279,23,20302,367
2020-09-13,San Benito,069,59416,1267,1217,0,1217,7
2020-09-13,San Bernardino,071,2135413,51744,49968,331,50299,895
2020-09-13,San Diego,073,3302833,44361,42681,719,43400,734
2020-09-13,San Francisco,075,870044,10649,10254,25,10279,90
2020-09-13,San Joaquin,077,732212,19618,19110,43,19153,396
2020-09-13,San Luis Obispo,079,281455,3463,3240,21,3261,24
2020-09-13,San Mateo,081,765935,9579,8811,10,8821,127
2020-09-13,Santa Barbara,083,443738,8855,8690,74,8764,104
2020-09-13,Santa Clara,085,1922200,20746,19456,40,19496,245
2020-09-13,Santa Cruz,087,273765,2190,2016,20,2036,7
2020-09-13,Shasta,089,179085,729,583,3,586,10
2020-09-13,Sierra,091,2930,6,6,0,6,0
2020-09-13,Siskiyou,093,43540,152,143,9,152,0
2020-09-13,Solano,095,438530,5998,5810,41,5851,43
2020-09-13,Sonoma,097,501317,6915,6592,20,6612,95
2020-09-13,Stanislaus,099,539301,16111,15759,459,16218,253
2020-09-13,Sutter,101,95872,1600,1539,1,1540,10
2020-09-13,Tehama,103,63373,489,476,2,478,1
2020-09-13,Trinity,105,12862,52,14,7,21,0
2020-09-13,Tulare,107,460477,15681,15098,86,15184,254
2020-09-13,Tuolumne,109,53932,224,208,4,212,1
2020-09-13,Ventura,111,848112,12550,11855,135,11990,123
2020-09-13,Yolo,113,214977,2739,2675,6,2681,53
2020-09-13,Yuba,115,75493,1026,967,4,971,1
2020-09-12,Alameda,001,1643700,20408,19758,151,19909,307
2020-09-12,Alpine,003,1148,2,2,0,2,0
2020-09-12,Amador,005,37829,281,278,0,278,16
2020-09-12,Butte,007,227075,2786,2629,23,2652,37
2020-09-12,Calaveras,009,45235,301,246,0,246,3
2020-09-12,Colusa,011,21464,507,486,0,486,6
2020-09-12,Contra Costa,013,1133247,15989,15135,76,15211,174
2020-09-12,Del Norte,015,27424,126,116,0,116,1
2020-09-12,El Dorado,017,186661,1085,1034,3,1037,2
2020-09-12,Fresno,019,978130,29533,27076,344,27420,345
2020-09-12,Glenn,021,27897,549,517,0,517,3
2020-09-12,Humboldt,023,135768,477,430,1,431,4
2020-09-12,Imperial,025,180216,11553,10305,6,10311,273
2020-09-12,Inyo,027,18085,186,177,4,181,12
2020-09-12,Kern,029,883053,31102,30202,282,30484,368
2020-09-12,Kings,031,150075,7217,6895,37,6932,70
2020-09-12,Lake,033,64148,460,393,0,393,4
2020-09-12,Lassen,035,31185,734,719,2,721,0
2020-09-12,Los Angeles,037,10098052,255862,253156,1593,254749,6193
2020-09-12,Madera,039,155013,4300,4058,30,4088,43
2020-09-12,Marin,041,260295,6497,6393,15,6408,69
2020-09-12,Mariposa,043,17540,75,72,0,72,2
2020-09-12,Mendocino,045,87422,756,700,0,700,17
2020-09-12,Merced,047,269075,8649,8533,14,8547,112
2020-09-12,Modoc,049,8938,25,21,0,21,0
2020-09-12,Mono,051,14174,165,147,2,149,1
2020-09-12,Monterey,053,433212,9189,8743,23,8766,61
2020-09-12,Napa,055,140530,1613,1556,8,1564,11
2020-09-12,Nevada,057,99092,503,482,15,497,6
2020-09-12,Orange,059,3164182,52559,49895,1347,51242,1078
2020-09-12,Placer,061,380077,3433,3280,14,3294,38
2020-09-12,Plumas,063,18699,48,42,0,42,0
2020-09-12,Riverside,065,2383286,56506,55058,103,55161,1108
2020-09-12,Sacramento,067,1510023,20788,20184,23,20207,367
2020-09-12,San Benito,069,59416,1264,1208,0,1208,7
2020-09-12,San Bernardino,071,2135413,51653,49945,329,50274,896
2020-09-12,San Diego,073,3302833,44166,42416,710,43126,747
2020-09-12,San Francisco,075,870044,10604,10257,25,10282,90
2020-09-12,San Joaquin,077,732212,19590,19108,43,19151,396
2020-09-12,San Luis Obispo,079,281455,3436,3220,21,3241,24
2020-09-12,San Mateo,081,765935,9534,8759,10,8769,127
2020-09-12,Santa Barbara,083,443738,8841,8642,74,8716,104
2020-09-12,Santa Clara,085,1922200,20662,19330,40,19370,237
2020-09-12,Santa Cruz,087,273765,2178,2016,20,2036,7
2020-09-12,Shasta,089,179085,717,569,3,572,10
2020-09-12,Sierra,091,2930,6,6,0,6,0
2020-09-12,Siskiyou,093,43540,152,141,9,150,0
2020-09-12,Solano,095,438530,5974,5772,41,5813,43
2020-09-12,Sonoma,097,501317,6891,6531,20,6551,95
2020-09-12,Stanislaus,099,539301,16079,15675,456,16131,253
2020-09-12,Sutter,101,95872,1594,1529,1,1530,10
2020-09-12,Tehama,103,63373,486,471,2,473,1
2020-09-12,Trinity,105,12862,52,15,7,22,0
2020-09-12,Tulare,107,460477,15635,15018,85,15103,254
2020-09-12,Tuolumne,109,53932,224,208,4,212,1
2020-09-12,Ventura,111,848112,12499,11759,133,11892,123
2020-09-12,Yolo,113,214977,2732,2646,6,2652,53
2020-09-12,Yuba,115,75493,1022,963,4,967,1
2020-09-11,Alameda,001,1643700,20353,19625,150,19775,298
2020-09-11,Alpine,003,1148,2,2,0,2,0
2020-09-11,Amador,005,37829,281,277,0,277,16
2020-09-11,Butte,007,227075,2775,2605,23,2628,37
2020-09-11,Calaveras,009,45235,300,242,0,242,1
2020-09-11,Colusa,011,21464,506,484,0,484,6
2020-09-11,Contra Costa,013,1133247,15937,15001,73,15074,173
2020-09-11,Del Norte,015,27424,126,115,0,115,1
2020-09-11,El Dorado,017,186661,1082,1024,3,1027,2
2020-09-11,Fresno,019,978130,29453,26917,343,27260,344
2020-09-11,Glenn,021,27897,544,515,0,515,3
2020-09-11,Humboldt,023,135768,475,426,1,427,4
2020-09-11,Imperial,025,180216,11535,10286,6,10292,273
2020-09-11,Inyo,027,18085,186,176,4,180,12
2020-09-11,Kern,029,883053,31034,30059,281,30340,365
2020-09-11,Kings,031,150075,7200,6770,37,6807,70
2020-09-11,Lake,033,64148,453,382,0,382,4
2020-09-11,Lassen,035,31185,734,719,2,721,0
2020-09-11,Los Angeles,037,10098052,255181,252057,1582,253639,6172
2020-09-11,Madera,039,155013,4281,4018,30,4048,43
2020-09-11,Marin,041,260295,6494,6364,15,6379,69
2020-09-11,Mariposa,043,17540,75,72,0,72,2
2020-09-11,Mendocino,045,87422,745,700,0,700,17
2020-09-11,Merced,047,269075,8628,8489,14,8503,109
2020-09-11,Modoc,049,8938,25,21,0,21,0
2020-09-11,Mono,051,14174,165,145,2,147,1
2020-09-11,Monterey,053,433212,9141,8595,23,8618,61
2020-09-11,Napa,055,140530,1602,1543,8,1551,11
2020-09-11,Nevada,057,99092,496,483,15,498,6
2020-09-11,Orange,059,3164182,52430,49755,1335,51090,1068
2020-09-11,Placer,061,380077,3418,3254,14,3268,37
2020-09-11,Plumas,063,18699,48,42,0,42,0
2020-09-11,Riverside,065,2383286,56371,54717,100,54817,1099
2020-09-11,Sacramento,067,1510023,20703,20012,23,20035,358
2020-09-11,San Benito,069,59416,1254,1202,0,1202,7
2020-09-11,San Bernardino,071,2135413,51554,49682,329,50011,871
2020-09-11,San Diego,073,3302833,43946,41971,704,42675,730
2020-09-11,San Francisco,075,870044,10556,10133,24,10157,89
2020-09-11,San Joaquin,077,732212,19542,19019,43,19062,391
2020-09-11,San Luis Obispo,079,281455,3418,3190,21,3211,24
2020-09-11,San Mateo,081,765935,9492,8611,10,8621,127
2020-09-11,Santa Barbara,083,443738,8808,8592,73,8665,103
2020-09-11,Santa Clara,085,1922200,20573,19065,40,19105,234
2020-09-11,Santa Cruz,087,273765,2161,1997,20,2017,7
2020-09-11,Shasta,089,179085,707,568,3,571,10
2020-09-11,Sierra,091,2930,6,6,0,6,0
2020-09-11,Siskiyou,093,43540,151,139,9,148,0
2020-09-11,Solano,095,438530,5957,5742,41,5783,42
2020-09-11,Sonoma,097,501317,6846,6469,20,6489,91
2020-09-11,Stanislaus,099,539301,16041,15613,453,16066,253
2020-09-11,Sutter,101,95872,1584,1505,1,1506,11
2020-09-11,Tehama,103,63373,483,466,2,468,1
2020-09-11,Trinity,105,12862,52,16,7,23,0
2020-09-11,Tulare,107,460477,15604,14932,83,15015,251
2020-09-11,Tuolumne,109,53932,224,208,4,212,1
2020-09-11,Ventura,111,848112,12445,11700,131,11831,123
2020-09-11,Yolo,113,214977,2721,2632,6,2638,53
2020-09-11,Yuba,115,75493,1014,946,4,950,1
2020-09-10,Alameda,001,1643700,20279,19509,150,19659,292
2020-09-10,Alpine,003,1148,2,2,0,2,0
2020-09-10,Amador,005,37829,280,277,0,277,16
2020-09-10,Butte,007,227075,2758,2590,23,2613,37
2020-09-10,Calaveras,009,45235,300,244,0,244,1
2020-09-10,Colusa,011,21464,504,482,0,482,6
2020-09-10,Contra Costa,013,1133247,15867,14909,73,14982,172
2020-09-10,Del Norte,015,27424,125,112,0,112,1
2020-09-10,El Dorado,017,186661,1079,1020,3,1023,2
2020-09-10,Fresno,019,978130,29331,26783,343,27126,338
2020-09-10,Glenn,021,27897,534,511,0,511,3
2020-09-10,Humboldt,023,135768,464,422,1,423,4
2020-09-10,Imperial,025,180216,11519,10251,6,10257,270
2020-09-10,Inyo,027,18085,185,176,4,180,11
2020-09-10,Kern,029,883053,30952,29988,277,30265,363
2020-09-10,Kings,031,150075,7170,6739,37,6776,70
2020-09-10,Lake,033,64148,446,377,0,377,4
2020-09-10,Lassen,035,31185,733,716,2,718,0
2020-09-10,Los Angeles,037,10098052,254202,251003,1561,252564,6132
2020-09-10,Madera,039,155013,4263,3979,30,4009,43
2020-09-10,Marin,041,260295,6482,6344,15,6359,68
2020-09-10,Mariposa,043,17540,75,72,0,72,2
2020-09-10,Mendocino,045,87422,735,697,0,697,16
2020-09-10,Merced,047,269075,8582,8461,14,8475,109
2020-09-10,Modoc,049,8938,25,21,0,21,0
2020-09-10,Mono,051,14174,165,145,2,147,1
2020-09-10,Monterey,053,433212,9071,8570,23,8593,59
2020-09-10,Napa,055,140530,1596,1536,8,1544,11
2020-09-10,Nevada,057,99092,492,478,15,493,6
2020-09-10,Orange,059,3164182,52267,49617,1329,50946,1057
2020-09-10,Placer,061,380077,3398,3233,14,3247,37
2020-09-10,Plumas,063,18699,48,42,0,42,0
2020-09-10,Riverside,065,2383286,56052,54417,97,54514,1091
2020-09-10,Sacramento,067,1510023,20581,19618,22,19640,354
2020-09-10,San Benito,069,59416,1248,1201,0,1201,5
2020-09-10,San Bernardino,071,2135413,51365,49467,327,49794,867
2020-09-10,San Diego,073,3302833,43680,41610,677,42287,725
2020-09-10,San Francisco,075,870044,10479,10082,24,10106,89
2020-09-10,San Joaquin,077,732212,19489,18854,43,18897,389
2020-09-10,San Luis Obispo,079,281455,3404,3161,20,3181,24
2020-09-10,San Mateo,081,765935,9446,8529,10,8539,125
2020-09-10,Santa Barbara,083,443738,8763,8552,73,8625,100
2020-09-10,Santa Clara,085,1922200,20459,18870,40,18910,231
2020-09-10,Santa Cruz,087,273765,2146,1986,18,2004,7
2020-09-10,Shasta,089,179085,696,566,3,569,10
2020-09-10,Sierra,091,2930,6,6,0,6,0
2020-09-10,Siskiyou,093,43540,151,137,9,146,0
2020-09-10,Solano,095,438530,5917,5696,41,5737,42
2020-09-10,Sonoma,097,501317,6797,6424,20,6444,91
2020-09-10,Stanislaus,099,539301,15987,15509,448,15957,243
2020-09-10,Sutter,101,95872,1572,1494,1,1495,11
2020-09-10,Tehama,103,63373,476,466,2,468,1
2020-09-10,Trinity,105,12862,52,15,7,22,0
2020-09-10,Tulare,107,460477,15549,14860,80,14940,250
2020-09-10,Tuolumne,109,53932,223,205,4,209,1
2020-09-10,Ventura,111,848112,12351,11600,124,11724,122
2020-09-10,Yolo,113,214977,2716,2612,6,2618,53
2020-09-10,Yuba,115,75493,1008,941,4,945,1
2020-09-09,Alameda,001,1643700,20200,19399,149,19548,289
2020-09-09,Alpine,003,1148,2,2,0,2,0
2020-09-09,Amador,005,37829,279,276,0,276,16
2020-09-09,Butte,007,227075,2741,2561,23,2584,37
2020-09-09,Calaveras,009,45235,300,242,0,242,1
2020-09-09,Colusa,011,21464,499,479,0,479,6
2020-09-09,Contra Costa,013,1133247,15781,14816,73,14889,171
2020-09-09,Del Norte,015,27424,121,109,0,109,1
2020-09-09,El Dorado,017,186661,1076,1020,3,1023,2
2020-09-09,Fresno,019,978130,29228,26724,338,27062,329
2020-09-09,Glenn,021,27897,531,508,0,508,3
2020-09-09,Humboldt,023,135768,462,420,1,421,4
2020-09-09,Imperial,025,180216,11498,10233,6,10239,268
2020-09-09,Inyo,027,18085,184,173,4,177,2
2020-09-09,Kern,029,883053,30854,29925,274,30199,355
2020-09-09,Kings,031,150075,7152,6721,37,6758,72
2020-09-09,Lake,033,64148,438,371,0,371,4
2020-09-09,Lassen,035,31185,732,714,2,716,0
2020-09-09,Los Angeles,037,10098052,253327,249876,1543,251419,6091
2020-09-09,Madera,039,155013,4237,3926,30,3956,43
2020-09-09,Marin,041,260295,6463,6321,15,6336,68
2020-09-09,Mariposa,043,17540,74,72,0,72,2
2020-09-09,Mendocino,045,87422,727,695,0,695,16
2020-09-09,Merced,047,269075,8556,8441,14,8455,107
2020-09-09,Modoc,049,8938,24,20,0,20,0
2020-09-09,Mono,051,14174,165,145,2,147,1
2020-09-09,Monterey,053,433212,8999,8527,23,8550,59
2020-09-09,Napa,055,140530,1586,1531,8,1539,11
2020-09-09,Nevada,057,99092,488,476,15,491,6
2020-09-09,Orange,059,3164182,52087,49394,1321,50715,1054
2020-09-09,Placer,061,380077,3378,3222,14,3236,36
2020-09-09,Plumas,063,18699,46,42,0,42,0
2020-09-09,Riverside,065,2383286,55822,54320,94,54414,1081
2020-09-09,Sacramento,067,1510023,20475,19474,21,19495,347
2020-09-09,San Benito,069,59416,1244,1199,0,1199,5
2020-09-09,San Bernardino,071,2135413,51167,49264,326,49590,866
2020-09-09,San Diego,073,3302833,43391,41326,665,41991,721
2020-09-09,San Francisco,075,870044,10429,9996,23,10019,86
2020-09-09,San Joaquin,077,732212,19425,18799,42,18841,388
2020-09-09,San Luis Obispo,079,281455,3386,3131,20,3151,24
2020-09-09,San Mateo,081,765935,9385,8478,10,8488,125
2020-09-09,Santa Barbara,083,443738,8720,8528,73,8601,97
2020-09-09,Santa Clara,085,1922200,20327,18759,40,18799,228
2020-09-09,Santa Cruz,087,273765,2123,1967,18,1985,7
2020-09-09,Shasta,089,179085,684,562,3,565,10
2020-09-09,Sierra,091,2930,6,6,0,6,0
2020-09-09,Siskiyou,093,43540,149,137,9,146,0
2020-09-09,Solano,095,438530,5885,5680,41,5721,36
2020-09-09,Sonoma,097,501317,6730,6397,20,6417,92
2020-09-09,Stanislaus,099,539301,15948,15469,437,15906,243
2020-09-09,Sutter,101,95872,1564,1487,1,1488,11
2020-09-09,Tehama,103,63373,473,462,2,464,1
2020-09-09,Trinity,105,12862,52,14,7,21,0
2020-09-09,Tulare,107,460477,15500,14787,75,14862,249
2020-09-09,Tuolumne,109,53932,222,204,3,207,1
2020-09-09,Ventura,111,848112,12260,11497,121,11618,121
2020-09-09,Yolo,113,214977,2705,2604,6,2610,53
2020-09-09,Yuba,115,75493,1003,936,4,940,1
2020-09-08,Alameda,001,1643700,20092,19293,149,19442,288
2020-09-08,Alpine,003,1148,2,2,0,2,0
2020-09-08,Amador,005,37829,279,276,0,276,16
2020-09-08,Butte,007,227075,2723,2453,23,2476,36
2020-09-08,Calaveras,009,45235,298,233,0,233,1
2020-09-08,Colusa,011,21464,497,475,0,475,6
2020-09-08,Contra Costa,013,1133247,15653,14740,70,14810,171
2020-09-08,Del Norte,015,27424,121,109,0,109,2
2020-09-08,El Dorado,017,186661,1073,1011,3,1014,2
2020-09-08,Fresno,019,978130,29108,26640,334,26974,329
2020-09-08,Glenn,021,27897,527,492,0,492,3
2020-09-08,Humboldt,023,135768,460,420,1,421,4
2020-09-08,Imperial,025,180216,11482,10198,6,10204,267
2020-09-08,Inyo,027,18085,184,169,4,173,2
2020-09-08,Kern,029,883053,30768,29850,272,30122,351
2020-09-08,Kings,031,150075,7114,6658,37,6695,72
2020-09-08,Lake,033,64148,428,370,0,370,4
2020-09-08,Lassen,035,31185,732,710,2,712,0
2020-09-08,Los Angeles,037,10098052,252398,249217,1515,250732,6034
2020-09-08,Madera,039,155013,4213,3904,30,3934,43
2020-09-08,Marin,041,260295,6432,6313,15,6328,68
2020-09-08,Mariposa,043,17540,74,72,0,72,2
2020-09-08,Mendocino,045,87422,720,690,0,690,16
2020-09-08,Merced,047,269075,8533,8381,14,8395,104
2020-09-08,Modoc,049,8938,24,20,0,20,0
2020-09-08,Mono,051,14174,165,145,2,147,1
2020-09-08,Monterey,053,433212,8914,8491,23,8514,59
2020-09-08,Napa,055,140530,1582,1518,8,1526,11
2020-09-08,Nevada,057,99092,488,470,15,485,6
2020-09-08,Orange,059,3164182,51946,49214,1317,50531,1044
2020-09-08,Placer,061,380077,3364,3205,14,3219,36
2020-09-08,Plumas,063,18699,46,42,0,42,0
2020-09-08,Riverside,065,2383286,55608,54168,91,54259,1069
2020-09-08,Sacramento,067,1510023,20240,19411,20,19431,347
2020-09-08,San Benito,069,59416,1237,1188,0,1188,5
2020-09-08,San Bernardino,071,2135413,50977,49034,325,49359,856
2020-09-08,San Diego,073,3302833,43075,41079,653,41732,709
2020-09-08,San Francisco,075,870044,10356,9821,23,9844,86
2020-09-08,San Joaquin,077,732212,19347,18550,42,18592,388
2020-09-08,San Luis Obispo,079,281455,3371,3120,20,3140,23
2020-09-08,San Mateo,081,765935,9309,8460,10,8470,125
2020-09-08,Santa Barbara,083,443738,8686,8488,72,8560,96
2020-09-08,Santa Clara,085,1922200,20151,18645,40,18685,228
2020-09-08,Santa Cruz,087,273765,2095,1903,18,1921,7
2020-09-08,Shasta,089,179085,676,556,3,559,10
2020-09-08,Sierra,091,2930,6,6,0,6,0
2020-09-08,Siskiyou,093,43540,147,136,9,145,0
2020-09-08,Solano,095,438530,5848,5654,41,5695,36
2020-09-08,Sonoma,097,501317,6661,6356,20,6376,92
2020-09-08,Stanislaus,099,539301,15884,15415,425,15840,238
2020-09-08,Sutter,101,95872,1548,1473,1,1474,11
2020-09-08,Tehama,103,63373,469,458,2,460,1
2020-09-08,Trinity,105,12862,51,13,7,20,0
2020-09-08,Tulare,107,460477,15420,14635,74,14709,249
2020-09-08,Tuolumne,109,53932,221,197,3,200,1
2020-09-08,Ventura,111,848112,12191,11475,118,11593,118
2020-09-08,Yolo,113,214977,2695,2580,6,2586,53
2020-09-08,Yuba,115,75493,991,923,4,927,1
2020-09-07,Alameda,001,1643700,19970,19188,143,19331,281
2020-09-07,Alpine,003,1148,2,2,0,2,0
2020-09-07,Amador,005,37829,279,276,0,276,16
2020-09-07,Butte,007,227075,2690,2450,22,2472,30
2020-09-07,Calaveras,009,45235,288,234,0,234,1
2020-09-07,Colusa,011,21464,496,475,0,475,6
2020-09-07,Contra Costa,013,1133247,15540,14637,67,14704,172
2020-09-07,Del Norte,015,27424,121,109,0,109,2
2020-09-07,El Dorado,017,186661,1062,1011,3,1014,2
2020-09-07,Fresno,019,978130,29014,26565,331,26896,329
2020-09-07,Glenn,021,27897,522,488,0,488,3
2020-09-07,Humboldt,023,135768,451,416,1,417,4
2020-09-07,Imperial,025,180216,11451,10199,6,10205,267
2020-09-07,Inyo,027,18085,184,169,4,173,2
2020-09-07,Kern,029,883053,30647,29790,267,30057,348
2020-09-07,Kings,031,150075,6989,6630,37,6667,72
2020-09-07,Lake,033,64148,405,367,0,367,2
2020-09-07,Lassen,035,31185,732,709,2,711,0
2020-09-07,Los Angeles,037,10098052,251352,248804,1493,250297,6030
2020-09-07,Madera,039,155013,4182,3889,29,3918,43
2020-09-07,Marin,041,260295,6402,6296,15,6311,67
2020-09-07,Mariposa,043,17540,74,72,0,72,2
2020-09-07,Mendocino,045,87422,712,687,0,687,16
2020-09-07,Merced,047,269075,8486,8381,14,8395,104
2020-09-07,Modoc,049,8938,23,20,0,20,0
2020-09-07,Mono,051,14174,165,145,2,147,1
2020-09-07,Monterey,053,433212,8835,8463,23,8486,57
2020-09-07,Napa,055,140530,1570,1514,8,1522,11
2020-09-07,Nevada,057,99092,486,469,15,484,6
2020-09-07,Orange,059,3164182,51772,49132,1313,50445,1042
2020-09-07,Placer,061,380077,3334,3188,13,3201,36
2020-09-07,Plumas,063,18699,45,42,0,42,0
2020-09-07,Riverside,065,2383286,55333,54178,85,54263,1069
2020-09-07,Sacramento,067,1510023,19997,19292,19,19311,345
2020-09-07,San Benito,069,59416,1231,1180,0,1180,4
2020-09-07,San Bernardino,071,2135413,50749,49043,323,49366,821
2020-09-07,San Diego,073,3302833,42675,40868,626,41494,708
2020-09-07,San Francisco,075,870044,10305,9813,22,9835,85
2020-09-07,San Joaquin,077,732212,19266,18552,40,18592,386
2020-09-07,San Luis Obispo,079,281455,3334,3116,20,3136,23
2020-09-07,San Mateo,081,765935,9227,8409,10,8419,125
2020-09-07,Santa Barbara,083,443738,8642,8479,72,8551,95
2020-09-07,Santa Clara,085,1922200,19993,18596,39,18635,226
2020-09-07,Santa Cruz,087,273765,2067,1902,18,1920,7
2020-09-07,Shasta,089,179085,666,556,3,559,10
2020-09-07,Sierra,091,2930,6,6,0,6,0
2020-09-07,Siskiyou,093,43540,146,133,9,142,0
2020-09-07,Solano,095,438530,5783,5640,41,5681,36
2020-09-07,Sonoma,097,501317,6594,6268,20,6288,85
2020-09-07,Stanislaus,099,539301,15819,15343,413,15756,236
2020-09-07,Sutter,101,95872,1531,1468,1,1469,11
2020-09-07,Tehama,103,63373,466,453,2,455,1
2020-09-07,Trinity,105,12862,51,13,7,20,0
2020-09-07,Tulare,107,460477,15315,14637,72,14709,249
2020-09-07,Tuolumne,109,53932,220,196,3,199,1
2020-09-07,Ventura,111,848112,12096,11463,115,11578,118
2020-09-07,Yolo,113,214977,2678,2565,5,2570,53
2020-09-07,Yuba,115,75493,975,923,3,926,1
2020-09-06,Alameda,001,1643700,19912,19029,141,19170,281
2020-09-06,Alpine,003,1148,2,2,0,2,0
2020-09-06,Amador,005,37829,277,275,0,275,16
2020-09-06,Butte,007,227075,2681,2446,22,2468,30
2020-09-06,Calaveras,009,45235,288,235,0,235,1
2020-09-06,Colusa,011,21464,492,475,0,475,6
2020-09-06,Contra Costa,013,1133247,15460,14565,66,14631,171
2020-09-06,Del Norte,015,27424,121,109,0,109,2
2020-09-06,El Dorado,017,186661,1060,1008,3,1011,2
2020-09-06,Fresno,019,978130,28950,26471,329,26800,329
2020-09-06,Glenn,021,27897,516,474,0,474,3
2020-09-06,Humboldt,023,135768,448,404,1,405,4
2020-09-06,Imperial,025,180216,11434,10152,6,10158,267
2020-09-06,Inyo,027,18085,184,169,4,173,2
2020-09-06,Kern,029,883053,30591,29699,263,29962,348
2020-09-06,Kings,031,150075,6969,6561,36,6597,72
2020-09-06,Lake,033,64148,402,362,0,362,2
2020-09-06,Lassen,035,31185,732,709,2,711,0
2020-09-06,Los Angeles,037,10098052,250720,248316,1479,249795,6004
2020-09-06,Madera,039,155013,4138,3867,29,3896,42
2020-09-06,Marin,041,260295,6390,6276,15,6291,67
2020-09-06,Mariposa,043,17540,74,72,0,72,2
2020-09-06,Mendocino,045,87422,711,672,0,672,16
2020-09-06,Merced,047,269075,8466,8327,14,8341,104
2020-09-06,Modoc,049,8938,23,20,0,20,0
2020-09-06,Mono,051,14174,164,145,2,147,1
2020-09-06,Monterey,053,433212,8795,8403,22,8425,56
2020-09-06,Napa,055,140530,1566,1501,6,1507,11
2020-09-06,Nevada,057,99092,486,467,14,481,6
2020-09-06,Orange,059,3164182,51659,48931,1309,50240,1042
2020-09-06,Placer,061,380077,3317,3169,13,3182,36
2020-09-06,Plumas,063,18699,44,42,0,42,0
2020-09-06,Riverside,065,2383286,55217,53970,83,54053,1069
2020-09-06,Sacramento,067,1510023,19902,19128,19,19147,340
2020-09-06,San Benito,069,59416,1229,1178,0,1178,4
2020-09-06,San Bernardino,071,2135413,50641,48923,323,49246,823
2020-09-06,San Diego,073,3302833,42427,40652,620,41272,707
2020-09-06,San Francisco,075,870044,10231,9813,22,9835,85
2020-09-06,San Joaquin,077,732212,19217,18558,40,18598,386
2020-09-06,San Luis Obispo,079,281455,3323,3101,20,3121,23
2020-09-06,San Mateo,081,765935,9174,8387,10,8397,125
2020-09-06,Santa Barbara,083,443738,8613,8434,72,8506,95
2020-09-06,Santa Clara,085,1922200,19892,18495,39,18534,207
2020-09-06,Santa Cruz,087,273765,2060,1902,18,1920,7
2020-09-06,Shasta,089,179085,660,550,3,553,10
2020-09-06,Sierra,091,2930,6,6,0,6,0
2020-09-06,Siskiyou,093,43540,146,132,9,141,0
2020-09-06,Solano,095,438530,5757,5619,41,5660,37
2020-09-06,Sonoma,097,501317,6565,6212,20,6232,85
2020-09-06,Stanislaus,099,539301,15775,15288,409,15697,236
2020-09-06,Sutter,101,95872,1518,1451,1,1452,11
2020-09-06,Tehama,103,63373,465,455,2,457,1
2020-09-06,Trinity,105,12862,50,13,7,20,0
2020-09-06,Tulare,107,460477,15272,14636,71,14707,249
2020-09-06,Tuolumne,109,53932,217,194,3,197,1
2020-09-06,Ventura,111,848112,12051,11315,115,11430,118
2020-09-06,Yolo,113,214977,2664,2556,5,2561,53
2020-09-06,Yuba,115,75493,966,913,3,916,1
2020-09-05,Alameda,001,1643700,19867,18973,139,19112,279
2020-09-05,Alpine,003,1148,2,2,0,2,0
2020-09-05,Amador,005,37829,277,274,0,274,16
2020-09-05,Butte,007,227075,2665,2406,21,2427,30
2020-09-05,Calaveras,009,45235,288,237,0,237,1
2020-09-05,Colusa,011,21464,488,472,0,472,6
2020-09-05,Contra Costa,013,1133247,15383,14456,64,14520,173
2020-09-05,Del Norte,015,27424,121,109,0,109,2
2020-09-05,El Dorado,017,186661,1060,1007,3,1010,2
2020-09-05,Fresno,019,978130,28882,26325,329,26654,331
2020-09-05,Glenn,021,27897,515,474,0,474,3
2020-09-05,Humboldt,023,135768,446,402,1,403,4
2020-09-05,Imperial,025,180216,11417,10151,6,10157,268
2020-09-05,Inyo,027,18085,184,169,4,173,2
2020-09-05,Kern,029,883053,30531,29645,259,29904,347
2020-09-05,Kings,031,150075,6960,6518,36,6554,66
2020-09-05,Lake,033,64148,399,359,0,359,2
2020-09-05,Lassen,035,31185,732,709,2,711,0
2020-09-05,Los Angeles,037,10098052,250185,247572,1467,249039,6001
2020-09-05,Madera,039,155013,4097,3851,29,3880,42
2020-09-05,Marin,041,260295,6383,6259,15,6274,66
2020-09-05,Mariposa,043,17540,74,72,0,72,2
2020-09-05,Mendocino,045,87422,710,658,0,658,16
2020-09-05,Merced,047,269075,8434,8297,12,8309,104
2020-09-05,Modoc,049,8938,23,19,0,19,0
2020-09-05,Mono,051,14174,164,145,2,147,1
2020-09-05,Monterey,053,433212,8765,8301,22,8323,56
2020-09-05,Napa,055,140530,1560,1484,6,1490,11
2020-09-05,Nevada,057,99092,483,461,14,475,6
2020-09-05,Orange,059,3164182,51557,48726,1304,50030,1039
2020-09-05,Placer,061,380077,3306,3141,13,3154,35
2020-09-05,Plumas,063,18699,44,42,0,42,0
2020-09-05,Riverside,065,2383286,55111,53780,83,53863,1066
2020-09-05,Sacramento,067,1510023,19811,18955,19,18974,339
2020-09-05,San Benito,069,59416,1227,1153,0,1153,4
2020-09-05,San Bernardino,071,2135413,50566,48800,322,49122,825
2020-09-05,San Diego,073,3302833,42234,40344,608,40952,717
2020-09-05,San Francisco,075,870044,10198,9812,21,9833,85
2020-09-05,San Joaquin,077,732212,19189,18557,40,18597,386
2020-09-05,San Luis Obispo,079,281455,3313,3083,20,3103,23
2020-09-05,San Mateo,081,765935,9129,8352,10,8362,124
2020-09-05,Santa Barbara,083,443738,8597,8404,72,8476,96
2020-09-05,Santa Clara,085,1922200,19809,18311,39,18350,207
2020-09-05,Santa Cruz,087,273765,2052,1904,18,1922,7
2020-09-05,Shasta,089,179085,659,544,3,547,10
2020-09-05,Sierra,091,2930,6,6,0,6,0
2020-09-05,Siskiyou,093,43540,145,131,9,140,0
2020-09-05,Solano,095,438530,5745,5579,41,5620,37
2020-09-05,Sonoma,097,501317,6532,6149,20,6169,85
2020-09-05,Stanislaus,099,539301,15727,15198,405,15603,236
2020-09-05,Sutter,101,95872,1511,1445,1,1446,11
2020-09-05,Tehama,103,63373,464,447,2,449,1
2020-09-05,Trinity,105,12862,50,13,7,20,0
2020-09-05,Tulare,107,460477,15214,14576,69,14645,249
2020-09-05,Tuolumne,109,53932,217,194,3,197,1
2020-09-05,Ventura,111,848112,12008,11254,115,11369,118
2020-09-05,Yolo,113,214977,2654,2534,5,2539,53
2020-09-05,Yuba,115,75493,960,902,3,905,1
2020-09-04,Alameda,001,1643700,19799,18843,137,18980,276
2020-09-04,Alpine,003,1148,2,2,0,2,0
2020-09-04,Amador,005,37829,276,274,0,274,16
2020-09-04,Butte,007,227075,2642,2325,21,2346,28
2020-09-04,Calaveras,009,45235,286,237,0,237,1
2020-09-04,Colusa,011,21464,486,467,0,467,6
2020-09-04,Contra Costa,013,1133247,15303,14355,63,14418,164
2020-09-04,Del Norte,015,27424,121,109,0,109,2
2020-09-04,El Dorado,017,186661,1056,992,3,995,2
2020-09-04,Fresno,019,978130,28777,26147,328,26475,321
2020-09-04,Glenn,021,27897,507,463,0,463,3
2020-09-04,Humboldt,023,135768,441,390,1,391,4
2020-09-04,Imperial,025,180216,11408,10136,6,10142,267
2020-09-04,Inyo,027,18085,184,169,4,173,2
2020-09-04,Kern,029,883053,30463,29526,256,29782,345
2020-09-04,Kings,031,150075,6947,6259,36,6295,66
2020-09-04,Lake,033,64148,399,347,0,347,2
2020-09-04,Lassen,035,31185,732,708,2,710,0
2020-09-04,Los Angeles,037,10098052,249619,246396,1447,247843,5977
2020-09-04,Madera,039,155013,4084,3838,29,3867,42
2020-09-04,Marin,041,260295,6371,6251,15,6266,66
2020-09-04,Mariposa,043,17540,74,72,0,72,2
2020-09-04,Mendocino,045,87422,708,646,0,646,16
2020-09-04,Merced,047,269075,8414,8214,12,8226,104
2020-09-04,Modoc,049,8938,23,15,0,15,0
2020-09-04,Mono,051,14174,164,145,2,147,1
2020-09-04,Monterey,053,433212,8720,8208,22,8230,56
2020-09-04,Napa,055,140530,1551,1475,6,1481,11
2020-09-04,Nevada,057,99092,480,455,14,469,6
2020-09-04,Orange,059,3164182,51433,48488,1297,49785,1031
2020-09-04,Placer,061,380077,3294,3101,13,3114,35
2020-09-04,Plumas,063,18699,44,42,0,42,0
2020-09-04,Riverside,065,2383286,54998,53606,78,53684,1066
2020-09-04,Sacramento,067,1510023,19723,18765,19,18784,337
2020-09-04,San Benito,069,59416,1218,1137,0,1137,4
2020-09-04,San Bernardino,071,2135413,50473,48497,320,48817,800
2020-09-04,San Diego,073,3302833,42004,39901,599,40500,701
2020-09-04,San Francisco,075,870044,10158,9694,20,9714,85
2020-09-04,San Joaquin,077,732212,19135,18438,40,18478,376
2020-09-04,San Luis Obispo,079,281455,3298,3049,19,3068,21
2020-09-04,San Mateo,081,765935,9085,8275,10,8285,122
2020-09-04,Santa Barbara,083,443738,8567,8340,72,8412,96
2020-09-04,Santa Clara,085,1922200,19701,18074,39,18113,209
2020-09-04,Santa Cruz,087,273765,2035,1896,17,1913,7
2020-09-04,Shasta,089,179085,656,536,3,539,10
2020-09-04,Sierra,091,2930,6,6,0,6,0
2020-09-04,Siskiyou,093,43540,145,129,9,138,0
2020-09-04,Solano,095,438530,5732,5552,41,5593,37
2020-09-04,Sonoma,097,501317,6467,6050,20,6070,85
2020-09-04,Stanislaus,099,539301,15693,15074,396,15470,233
2020-09-04,Sutter,101,95872,1495,1425,1,1426,11
2020-09-04,Tehama,103,63373,460,442,2,444,1
2020-09-04,Trinity,105,12862,50,13,7,20,0
2020-09-04,Tulare,107,460477,15186,14501,65,14566,247
2020-09-04,Tuolumne,109,53932,217,193,3,196,1
2020-09-04,Ventura,111,848112,11966,11171,115,11286,114
2020-09-04,Yolo,113,214977,2640,2495,5,2500,53
2020-09-04,Yuba,115,75493,955,884,3,887,1
2020-09-03,Alameda,001,1643700,19696,18687,137,18824,275
2020-09-03,Alpine,003,1148,2,2,0,2,0
2020-09-03,Amador,005,37829,276,274,0,274,16
2020-09-03,Butte,007,227075,2597,2274,21,2295,27
2020-09-03,Calaveras,009,45235,285,238,0,238,1
2020-09-03,Colusa,011,21464,484,464,0,464,6
2020-09-03,Contra Costa,013,1133247,15196,14206,60,14266,159
2020-09-03,Del Norte,015,27424,118,109,0,109,2
2020-09-03,El Dorado,017,186661,1052,983,3,986,2
2020-09-03,Fresno,019,978130,28658,25978,323,26301,313
2020-09-03,Glenn,021,27897,503,460,0,460,3
2020-09-03,Humboldt,023,135768,436,390,1,391,4
2020-09-03,Imperial,025,180216,11387,10083,6,10089,255
2020-09-03,Inyo,027,18085,182,171,4,175,3
2020-09-03,Kern,029,883053,30371,29426,242,29668,340
2020-09-03,Kings,031,150075,6867,6200,36,6236,64
2020-09-03,Lake,033,64148,390,347,0,347,2
2020-09-03,Lassen,035,31185,732,707,2,709,0
2020-09-03,Los Angeles,037,10098052,248758,245026,1426,246452,5931
2020-09-03,Madera,039,155013,4065,3780,29,3809,43
2020-09-03,Marin,041,260295,6352,6175,15,6190,66
2020-09-03,Mariposa,043,17540,74,71,0,71,2
2020-09-03,Mendocino,045,87422,699,638,0,638,16
2020-09-03,Merced,047,269075,8372,8136,12,8148,105
2020-09-03,Modoc,049,8938,23,14,0,14,0
2020-09-03,Mono,051,14174,163,144,2,146,1
2020-09-03,Monterey,053,433212,8666,8128,22,8150,56
2020-09-03,Napa,055,140530,1544,1466,6,1472,10
2020-09-03,Nevada,057,99092,477,453,14,467,6
2020-09-03,Orange,059,3164182,51246,48226,1282,49508,1009
2020-09-03,Placer,061,380077,3276,3069,13,3082,34
2020-09-03,Plumas,063,18699,44,39,0,39,0
2020-09-03,Riverside,065,2383286,54818,53341,74,53415,1052
2020-09-03,Sacramento,067,1510023,19595,18553,18,18571,328
2020-09-03,San Benito,069,59416,1207,1121,0,1121,4
2020-09-03,San Bernardino,071,2135413,50307,48165,319,48484,800
2020-09-03,San Diego,073,3302833,41690,39448,583,40031,700
2020-09-03,San Francisco,075,870044,10092,9636,18,9654,84
2020-09-03,San Joaquin,077,732212,19058,18331,40,18371,371
2020-09-03,San Luis Obispo,079,281455,3281,3023,19,3042,21
2020-09-03,San Mateo,081,765935,9011,8211,10,8221,122
2020-09-03,Santa Barbara,083,443738,8519,8277,72,8349,96
2020-09-03,Santa Clara,085,1922200,19520,17879,39,17918,208
2020-09-03,Santa Cruz,087,273765,2020,1870,17,1887,7
2020-09-03,Shasta,089,179085,651,535,3,538,10
2020-09-03,Sierra,091,2930,6,6,0,6,0
2020-09-03,Siskiyou,093,43540,145,128,9,137,0
2020-09-03,Solano,095,438530,5712,5499,40,5539,36
2020-09-03,Sonoma,097,501317,6406,5997,20,6017,62
2020-09-03,Stanislaus,099,539301,15641,14985,392,15377,217
2020-09-03,Sutter,101,95872,1485,1412,1,1413,11
2020-09-03,Tehama,103,63373,456,436,2,438,1
2020-09-03,Trinity,105,12862,48,13,7,20,0
2020-09-03,Tulare,107,460477,15120,14408,64,14472,244
2020-09-03,Tuolumne,109,53932,217,193,3,196,1
2020-09-03,Ventura,111,848112,11848,11109,112,11221,112
2020-09-03,Yolo,113,214977,2624,2475,5,2480,53
2020-09-03,Yuba,115,75493,948,867,3,870,1
2020-09-02,Alameda,001,1643700,19576,18522,134,18656,260
2020-09-02,Alpine,003,1148,2,2,0,2,0
2020-09-02,Amador,005,37829,276,245,0,245,14
2020-09-02,Butte,007,227075,2551,2241,21,2262,27
2020-09-02,Calaveras,009,45235,284,235,0,235,1
2020-09-02,Colusa,011,21464,480,460,0,460,6
2020-09-02,Contra Costa,013,1133247,15107,14097,58,14155,159
2020-09-02,Del Norte,015,27424,117,109,0,109,2
2020-09-02,El Dorado,017,186661,1048,975,2,977,2
2020-09-02,Fresno,019,978130,28510,25785,320,26105,292
2020-09-02,Glenn,021,27897,498,457,0,457,3
2020-09-02,Humboldt,023,135768,433,381,1,382,4
2020-09-02,Imperial,025,180216,11371,9832,6,9838,255
2020-09-02,Inyo,027,18085,182,171,4,175,3
2020-09-02,Kern,029,883053,30279,29288,236,29524,335
2020-09-02,Kings,031,150075,6782,6142,36,6178,64
2020-09-02,Lake,033,64148,386,342,0,342,2
2020-09-02,Lassen,035,31185,730,706,2,708,0
2020-09-02,Los Angeles,037,10098052,247827,243999,1398,245397,5887
2020-09-02,Madera,039,155013,4045,3735,29,3764,41
2020-09-02,Marin,041,260295,6337,6131,15,6146,66
2020-09-02,Mariposa,043,17540,74,71,0,71,2
2020-09-02,Mendocino,045,87422,689,636,0,636,15
2020-09-02,Merced,047,269075,8341,8097,11,8108,103
2020-09-02,Modoc,049,8938,22,11,0,11,0
2020-09-02,Mono,051,14174,163,145,2,147,1
2020-09-02,Monterey,053,433212,8602,8070,22,8092,56
2020-09-02,Napa,055,140530,1532,1454,6,1460,10
2020-09-02,Nevada,057,99092,471,452,13,465,6
2020-09-02,Orange,059,3164182,51065,47871,1272,49143,994
2020-09-02,Placer,061,380077,3251,3047,12,3059,33
2020-09-02,Plumas,063,18699,44,39,0,39,0
2020-09-02,Riverside,065,2383286,54616,52923,71,52994,1032
2020-09-02,Sacramento,067,1510023,19362,18355,17,18372,316
2020-09-02,San Benito,069,59416,1194,1107,0,1107,4
2020-09-02,San Bernardino,071,2135413,50144,47766,316,48082,794
2020-09-02,San Diego,073,3302833,41370,39123,569,39692,695
2020-09-02,San Francisco,075,870044,10023,9587,18,9605,84
2020-09-02,San Joaquin,077,732212,18977,18194,39,18233,352
2020-09-02,San Luis Obispo,079,281455,3255,3002,18,3020,21
2020-09-02,San Mateo,081,765935,8954,8148,10,8158,122
2020-09-02,Santa Barbara,083,443738,8464,8206,71,8277,94
2020-09-02,Santa Clara,085,1922200,19366,17673,39,17712,206
2020-09-02,Santa Cruz,087,273765,1997,1850,17,1867,7
2020-09-02,Shasta,089,179085,650,531,3,534,10
2020-09-02,Sierra,091,2930,6,6,0,6,0
2020-09-02,Siskiyou,093,43540,144,127,9,136,0
2020-09-02,Solano,095,438530,5684,5463,40,5503,36
2020-09-02,Sonoma,097,501317,6344,5846,20,5866,62
2020-09-02,Stanislaus,099,539301,15571,14854,385,15239,220
2020-09-02,Sutter,101,95872,1470,1401,1,1402,10
2020-09-02,Tehama,103,63373,453,429,2,431,1
2020-09-02,Trinity,105,12862,48,13,7,20,0
2020-09-02,Tulare,107,460477,15053,14298,63,14361,244
2020-09-02,Tuolumne,109,53932,217,190,3,193,1
2020-09-02,Ventura,111,848112,11761,11031,111,11142,111
2020-09-02,Yolo,113,214977,2603,2449,5,2454,54
2020-09-02,Yuba,115,75493,941,856,3,859,1
2020-09-01,Alameda,001,1643700,19437,18382,131,18513,248
2020-09-01,Alpine,003,1148,2,2,0,2,0
2020-09-01,Amador,005,37829,275,244,0,244,13
2020-09-01,Butte,007,227075,2494,2146,21,2167,26
2020-09-01,Calaveras,009,45235,276,228,0,228,1
2020-09-01,Colusa,011,21464,476,454,0,454,6
2020-09-01,Contra Costa,013,1133247,15013,13998,56,14054,158
2020-09-01,Del Norte,015,27424,116,108,0,108,2
2020-09-01,El Dorado,017,186661,1040,972,2,974,2
2020-09-01,Fresno,019,978130,28363,25542,317,25859,290
2020-09-01,Glenn,021,27897,491,449,0,449,3
2020-09-01,Humboldt,023,135768,427,378,1,379,4
2020-09-01,Imperial,025,180216,11345,9782,6,9788,250
2020-09-01,Inyo,027,18085,182,171,4,175,3
2020-09-01,Kern,029,883053,30188,29162,231,29393,332
2020-09-01,Kings,031,150075,6751,6088,36,6124,62
2020-09-01,Lake,033,64148,383,341,0,341,2
2020-09-01,Lassen,035,31185,727,706,2,708,0
2020-09-01,Los Angeles,037,10098052,246736,242633,1374,244007,5832
2020-09-01,Madera,039,155013,4016,3703,28,3731,41
2020-09-01,Marin,041,260295,6322,6102,15,6117,67
2020-09-01,Mariposa,043,17540,73,72,0,72,2
2020-09-01,Mendocino,045,87422,674,626,0,626,15
2020-09-01,Merced,047,269075,8288,8046,10,8056,103
2020-09-01,Modoc,049,8938,20,10,0,10,0
2020-09-01,Mono,051,14174,163,145,2,147,1
2020-09-01,Monterey,053,433212,8496,7926,22,7948,56
2020-09-01,Napa,055,140530,1517,1446,6,1452,10
2020-09-01,Nevada,057,99092,465,450,13,463,6
2020-09-01,Orange,059,3164182,50901,47671,1253,48924,976
2020-09-01,Placer,061,380077,3229,3013,12,3025,33
2020-09-01,Plumas,063,18699,44,39,0,39,0
2020-09-01,Riverside,065,2383286,54398,52785,70,52855,1027
2020-09-01,Sacramento,067,1510023,19178,18217,16,18233,305
2020-09-01,San Benito,069,59416,1182,1089,0,1089,4
2020-09-01,San Bernardino,071,2135413,49937,47371,315,47686,786
2020-09-01,San Diego,073,3302833,41012,38873,531,39404,688
2020-09-01,San Francisco,075,870044,9954,9492,18,9510,83
2020-09-01,San Joaquin,077,732212,18895,17915,38,17953,341
2020-09-01,San Luis Obispo,079,281455,3229,2970,18,2988,21
2020-09-01,San Mateo,081,765935,8874,8132,10,8142,122
2020-09-01,Santa Barbara,083,443738,8414,8142,70,8212,93
2020-09-01,Santa Clara,085,1922200,19187,17319,39,17358,204
2020-09-01,Santa Cruz,087,273765,1973,1752,17,1769,7
2020-09-01,Shasta,089,179085,642,527,3,530,9
2020-09-01,Sierra,091,2930,6,6,0,6,0
2020-09-01,Siskiyou,093,43540,141,128,8,136,0
2020-09-01,Solano,095,438530,5658,5438,40,5478,34
2020-09-01,Sonoma,097,501317,6254,5733,20,5753,60
2020-09-01,Stanislaus,099,539301,15495,14784,375,15159,212
2020-09-01,Sutter,101,95872,1459,1389,1,1390,10
2020-09-01,Tehama,103,63373,449,422,2,424,1
2020-09-01,Trinity,105,12862,47,13,6,19,0
2020-09-01,Tulare,107,460477,14970,14156,63,14219,241
2020-09-01,Tuolumne,109,53932,211,183,3,186,1
2020-09-01,Ventura,111,848112,11683,10899,106,11005,108
2020-09-01,Yolo,113,214977,2587,2440,5,2445,51
2020-09-01,Yuba,115,75493,932,841,3,844,1
2020-08-31,Alameda,001,1643700,19292,18148,131,18279,248
2020-08-31,Alpine,003,1148,2,2,0,2,0
2020-08-31,Amador,005,37829,275,243,0,243,13
2020-08-31,Butte,007,227075,2430,2069,21,2090,26
2020-08-31,Calaveras,009,45235,271,212,0,212,1
2020-08-31,Colusa,011,21464,475,443,0,443,6
2020-08-31,Contra Costa,013,1133247,14886,13902,53,13955,153
2020-08-31,Del Norte,015,27424,116,108,0,108,2
2020-08-31,El Dorado,017,186661,1033,965,2,967,2
2020-08-31,Fresno,019,978130,28142,25185,311,25496,290
2020-08-31,Glenn,021,27897,479,437,0,437,3
2020-08-31,Humboldt,023,135768,425,374,1,375,4
2020-08-31,Imperial,025,180216,11314,9759,6,9765,250
2020-08-31,Inyo,027,18085,181,160,4,164,3
2020-08-31,Kern,029,883053,30090,29067,230,29297,318
2020-08-31,Kings,031,150075,6483,6037,36,6073,62
2020-08-31,Lake,033,64148,367,341,0,341,2
2020-08-31,Lassen,035,31185,724,706,2,708,0
2020-08-31,Los Angeles,037,10098052,245635,241793,1346,243139,5787
2020-08-31,Madera,039,155013,3993,3662,27,3689,35
2020-08-31,Marin,041,260295,6286,6074,15,6089,67
2020-08-31,Mariposa,043,17540,73,69,0,69,2
2020-08-31,Mendocino,045,87422,662,618,0,618,15
2020-08-31,Merced,047,269075,8226,7991,10,8001,79
2020-08-31,Modoc,049,8938,18,10,0,10,0
2020-08-31,Mono,051,14174,163,145,2,147,1
2020-08-31,Monterey,053,433212,8389,7839,22,7861,56
2020-08-31,Napa,055,140530,1509,1434,6,1440,10
2020-08-31,Nevada,057,99092,463,447,13,460,6
2020-08-31,Orange,059,3164182,50701,47392,1225,48617,965
2020-08-31,Placer,061,380077,3180,2989,12,3001,33
2020-08-31,Plumas,063,18699,43,39,0,39,0
2020-08-31,Riverside,065,2383286,54176,52508,68,52576,1020
2020-08-31,Sacramento,067,1510023,18941,17999,16,18015,303
2020-08-31,San Benito,069,59416,1166,1080,0,1080,4
2020-08-31,San Bernardino,071,2135413,49725,47370,314,47684,755
2020-08-31,San Diego,073,3302833,40645,38606,498,39104,682
2020-08-31,San Francisco,075,870044,9875,9293,15,9308,83
2020-08-31,San Joaquin,077,732212,18808,17807,37,17844,338
2020-08-31,San Luis Obispo,079,281455,3206,2951,17,2968,21
2020-08-31,San Mateo,081,765935,8804,8065,10,8075,122
2020-08-31,Santa Barbara,083,443738,8368,8124,70,8194,94
2020-08-31,Santa Clara,085,1922200,18998,17211,39,17250,202
2020-08-31,Santa Cruz,087,273765,1948,1742,17,1759,7
2020-08-31,Shasta,089,179085,637,528,3,531,9
2020-08-31,Sierra,091,2930,6,6,0,6,0
2020-08-31,Siskiyou,093,43540,140,127,8,135,0
2020-08-31,Solano,095,438530,5626,5302,39,5341,34
2020-08-31,Sonoma,097,501317,6179,5650,20,5670,60
2020-08-31,Stanislaus,099,539301,15420,14685,366,15051,213
2020-08-31,Sutter,101,95872,1444,1365,1,1366,10
2020-08-31,Tehama,103,63373,446,421,2,423,1
2020-08-31,Trinity,105,12862,47,13,6,19,0
2020-08-31,Tulare,107,460477,14883,13985,61,14046,237
2020-08-31,Tuolumne,109,53932,211,178,3,181,1
2020-08-31,Ventura,111,848112,11595,10866,105,10971,108
2020-08-31,Yolo,113,214977,2569,2423,5,2428,51
2020-08-31,Yuba,115,75493,918,830,3,833,1
2020-08-30,Alameda,001,1643700,19168,18099,129,18228,248
2020-08-30,Alpine,003,1148,2,2,0,2,0
2020-08-30,Amador,005,37829,274,240,0,240,13
2020-08-30,Butte,007,227075,2349,1988,21,2009,26
2020-08-30,Calaveras,009,45235,262,211,0,211,1
2020-08-30,Colusa,011,21464,474,440,0,440,6
2020-08-30,Contra Costa,013,1133247,14748,13780,53,13833,150
2020-08-30,Del Norte,015,27424,115,108,0,108,2
2020-08-30,El Dorado,017,186661,1023,962,2,964,2
2020-08-30,Fresno,019,978130,28016,24963,310,25273,291
2020-08-30,Glenn,021,27897,472,437,0,437,3
2020-08-30,Humboldt,023,135768,414,362,1,363,4
2020-08-30,Imperial,025,180216,11296,9703,6,9709,250
2020-08-30,Inyo,027,18085,181,160,4,164,3
2020-08-30,Kern,029,883053,29997,28987,230,29217,317
2020-08-30,Kings,031,150075,6437,6000,36,6036,62
2020-08-30,Lake,033,64148,362,334,0,334,2
2020-08-30,Lassen,035,31185,722,706,2,708,0
2020-08-30,Los Angeles,037,10098052,244498,240775,1314,242089,5772
2020-08-30,Madera,039,155013,3964,3626,27,3653,33
2020-08-30,Marin,041,260295,6256,6060,15,6075,66
2020-08-30,Mariposa,043,17540,73,69,0,69,2
2020-08-30,Mendocino,045,87422,656,611,0,611,13
2020-08-30,Merced,047,269075,8151,7960,10,7970,79
2020-08-30,Modoc,049,8938,13,10,0,10,0
2020-08-30,Mono,051,14174,163,145,2,147,1
2020-08-30,Monterey,053,433212,8305,7816,22,7838,54
2020-08-30,Napa,055,140530,1497,1423,6,1429,10
2020-08-30,Nevada,057,99092,460,445,13,458,6
2020-08-30,Orange,059,3164182,50505,47283,1211,48494,965
2020-08-30,Placer,061,380077,3147,2961,12,2973,32
2020-08-30,Plumas,063,18699,42,39,0,39,0
2020-08-30,Riverside,065,2383286,53997,52227,66,52293,1017
2020-08-30,Sacramento,067,1510023,18763,17751,16,17767,300
2020-08-30,San Benito,069,59416,1156,1071,0,1071,4
2020-08-30,San Bernardino,071,2135413,49468,47201,314,47515,755
2020-08-30,San Diego,073,3302833,40247,38302,477,38779,682
2020-08-30,San Francisco,075,870044,9777,9294,12,9306,83
2020-08-30,San Joaquin,077,732212,18691,17637,36,17673,338
2020-08-30,San Luis Obispo,079,281455,3181,2934,17,2951,21
2020-08-30,San Mateo,081,765935,8727,8013,9,8022,122
2020-08-30,Santa Barbara,083,443738,8308,8088,70,8158,93
2020-08-30,Santa Clara,085,1922200,18822,17045,39,17084,202
2020-08-30,Santa Cruz,087,273765,1922,1743,17,1760,7
2020-08-30,Shasta,089,179085,634,525,3,528,9
2020-08-30,Sierra,091,2930,6,6,0,6,0
2020-08-30,Siskiyou,093,43540,138,125,8,133,0
2020-08-30,Solano,095,438530,5582,5303,39,5342,34
2020-08-30,Sonoma,097,501317,6121,5590,20,5610,60
2020-08-30,Stanislaus,099,539301,15349,14580,357,14937,209
2020-08-30,Sutter,101,95872,1422,1351,1,1352,10
2020-08-30,Tehama,103,63373,437,419,2,421,1
2020-08-30,Trinity,105,12862,47,13,6,19,0
2020-08-30,Tulare,107,460477,14788,13985,60,14045,236
2020-08-30,Tuolumne,109,53932,207,178,3,181,1
2020-08-30,Ventura,111,848112,11482,10775,100,10875,108
2020-08-30,Yolo,113,214977,2541,2391,4,2395,51
2020-08-30,Yuba,115,75493,904,832,3,835,1
2020-08-29,Alameda,001,1643700,19101,17888,129,18017,250
2020-08-29,Alpine,003,1148,2,2,0,2,0
2020-08-29,Amador,005,37829,274,239,0,239,13
2020-08-29,Butte,007,227075,2318,1948,21,1969,26
2020-08-29,Calaveras,009,45235,258,211,0,211,1
2020-08-29,Colusa,011,21464,471,440,0,440,6
2020-08-29,Contra Costa,013,1133247,14675,13663,52,13715,159
2020-08-29,Del Norte,015,27424,115,108,0,108,1
2020-08-29,El Dorado,017,186661,1020,958,2,960,2
2020-08-29,Fresno,019,978130,27961,24821,310,25131,291
2020-08-29,Glenn,021,27897,466,437,0,437,3
2020-08-29,Humboldt,023,135768,411,363,1,364,4
2020-08-29,Imperial,025,180216,11281,9698,6,9704,250
2020-08-29,Inyo,027,18085,181,160,4,164,3
2020-08-29,Kern,029,883053,29956,28947,229,29176,317
2020-08-29,Kings,031,150075,6422,5906,36,5942,62
2020-08-29,Lake,033,64148,361,329,0,329,2
2020-08-29,Lassen,035,31185,722,706,2,708,0
2020-08-29,Los Angeles,037,10098052,243868,239815,1301,241116,5762
2020-08-29,Madera,039,155013,3955,3605,26,3631,33
2020-08-29,Marin,041,260295,6244,6007,15,6022,64
2020-08-29,Mariposa,043,17540,73,69,0,69,2
2020-08-29,Mendocino,045,87422,652,596,0,596,13
2020-08-29,Merced,047,269075,8121,7867,10,7877,79
2020-08-29,Modoc,049,8938,13,9,0,9,0
2020-08-29,Mono,051,14174,163,145,2,147,1
2020-08-29,Monterey,053,433212,8260,7680,22,7702,53
2020-08-29,Napa,055,140530,1494,1413,6,1419,10
2020-08-29,Nevada,057,99092,460,442,13,455,5
2020-08-29,Orange,059,3164182,50395,47007,1201,48208,960
2020-08-29,Placer,061,380077,3130,2935,12,2947,32
2020-08-29,Plumas,063,18699,41,39,0,39,0
2020-08-29,Riverside,065,2383286,53885,51918,64,51982,1016
2020-08-29,Sacramento,067,1510023,18691,17588,16,17604,291
2020-08-29,San Benito,069,59416,1147,1045,0,1045,4
2020-08-29,San Bernardino,071,2135413,49353,46849,314,47163,755
2020-08-29,San Diego,073,3302833,39981,38049,459,38508,694
2020-08-29,San Francisco,075,870044,9749,9291,11,9302,83
2020-08-29,San Joaquin,077,732212,18647,17493,36,17529,335
2020-08-29,San Luis Obispo,079,281455,3156,2917,17,2934,21
2020-08-29,San Mateo,081,765935,8685,7928,9,7937,122
2020-08-29,Santa Barbara,083,443738,8282,8052,69,8121,93
2020-08-29,Santa Clara,085,1922200,18725,16898,38,16936,202
2020-08-29,Santa Cruz,087,273765,1910,1746,17,1763,7
2020-08-29,Shasta,089,179085,626,522,3,525,9
2020-08-29,Sierra,091,2930,6,6,0,6,0
2020-08-29,Siskiyou,093,43540,138,121,8,129,0
2020-08-29,Solano,095,438530,5561,5303,39,5342,34
2020-08-29,Sonoma,097,501317,6086,5537,20,5557,60
2020-08-29,Stanislaus,099,539301,15300,14479,347,14826,208
2020-08-29,Sutter,101,95872,1417,1333,1,1334,9
2020-08-29,Tehama,103,63373,436,417,2,419,1
2020-08-29,Trinity,105,12862,46,11,6,17,0
2020-08-29,Tulare,107,460477,14750,13890,59,13949,236
2020-08-29,Tuolumne,109,53932,207,178,3,181,1
2020-08-29,Ventura,111,848112,11440,10705,100,10805,108
2020-08-29,Yolo,113,214977,2523,2357,4,2361,51
2020-08-29,Yuba,115,75493,895,822,3,825,1
2020-08-28,Alameda,001,1643700,19018,17729,128,17857,237
2020-08-28,Alpine,003,1148,2,2,0,2,0
2020-08-28,Amador,005,37829,274,234,0,234,13
2020-08-28,Butte,007,227075,2288,1886,21,1907,25
2020-08-28,Calaveras,009,45235,256,207,0,207,1
2020-08-28,Colusa,011,21464,470,441,0,441,6
2020-08-28,Contra Costa,013,1133247,14604,13522,51,13573,158
2020-08-28,Del Norte,015,27424,115,107,0,107,1
2020-08-28,El Dorado,017,186661,1014,949,2,951,2
2020-08-28,Fresno,019,978130,27827,24612,310,24922,282
2020-08-28,Glenn,021,27897,459,429,0,429,3
2020-08-28,Humboldt,023,135768,407,362,1,363,4
2020-08-28,Imperial,025,180216,11267,9656,6,9662,241
2020-08-28,Inyo,027,18085,180,160,4,164,2
2020-08-28,Kern,029,883053,29908,28744,229,28973,306
2020-08-28,Kings,031,150075,6415,5829,35,5864,62
2020-08-28,Lake,033,64148,356,320,0,320,2
2020-08-28,Lassen,035,31185,722,704,2,706,0
2020-08-28,Los Angeles,037,10098052,243058,238544,1276,239820,5740
2020-08-28,Madera,039,155013,3936,3552,26,3578,33
2020-08-28,Marin,041,260295,6222,5991,15,6006,63
2020-08-28,Mariposa,043,17540,73,67,0,67,2
2020-08-28,Mendocino,045,87422,647,588,0,588,11
2020-08-28,Merced,047,269075,8091,7803,10,7813,77
2020-08-28,Modoc,049,8938,13,6,0,6,0
2020-08-28,Mono,051,14174,163,145,2,147,1
2020-08-28,Monterey,053,433212,8203,7591,22,7613,53
2020-08-28,Napa,055,140530,1486,1403,5,1408,10
2020-08-28,Nevada,057,99092,459,438,13,451,5
2020-08-28,Orange,059,3164182,50295,46696,1186,47882,942
2020-08-28,Placer,061,380077,3119,2891,12,2903,32
2020-08-28,Plumas,063,18699,41,39,0,39,0
2020-08-28,Riverside,065,2383286,53754,51510,60,51570,1008
2020-08-28,Sacramento,067,1510023,18594,17119,16,17135,283
2020-08-28,San Benito,069,59416,1131,1016,0,1016,3
2020-08-28,San Bernardino,071,2135413,49235,46553,310,46863,754
2020-08-28,San Diego,073,3302833,39751,37786,444,38230,676
2020-08-28,San Francisco,075,870044,9697,9135,11,9146,83
2020-08-28,San Joaquin,077,732212,18594,17114,35,17149,314
2020-08-28,San Luis Obispo,079,281455,3139,2849,17,2866,20
2020-08-28,San Mateo,081,765935,8638,7783,8,7791,121
2020-08-28,Santa Barbara,083,443738,8250,8001,69,8070,92
2020-08-28,Santa Clara,085,1922200,18594,16696,38,16734,201
2020-08-28,Santa Cruz,087,273765,1898,1747,17,1764,7
2020-08-28,Shasta,089,179085,622,516,3,519,9
2020-08-28,Sierra,091,2930,6,6,0,6,0
2020-08-28,Siskiyou,093,43540,136,119,8,127,0
2020-08-28,Solano,095,438530,5542,5219,39,5258,34
2020-08-28,Sonoma,097,501317,6051,5425,19,5444,58
2020-08-28,Stanislaus,099,539301,15258,14176,343,14519,190
2020-08-28,Sutter,101,95872,1407,1308,1,1309,9
2020-08-28,Tehama,103,63373,431,410,2,412,1
2020-08-28,Trinity,105,12862,46,11,6,17,0
2020-08-28,Tulare,107,460477,14704,13776,59,13835,236
2020-08-28,Tuolumne,109,53932,207,176,3,179,1
2020-08-28,Ventura,111,848112,11404,10606,98,10704,103
2020-08-28,Yolo,113,214977,2514,2323,4,2327,51
2020-08-28,Yuba,115,75493,886,810,3,813,1
2020-08-27,Alameda,001,1643700,18873,17584,125,17709,234
2020-08-27,Alpine,003,1148,2,2,0,2,0
2020-08-27,Amador,005,37829,273,233,0,233,13
2020-08-27,Butte,007,227075,2222,1803,20,1823,25
2020-08-27,Calaveras,009,45235,250,204,0,204,1
2020-08-27,Colusa,011,21464,468,438,0,438,6
2020-08-27,Contra Costa,013,1133247,14503,13379,50,13429,158
2020-08-27,Del Norte,015,27424,115,107,0,107,1
2020-08-27,El Dorado,017,186661,1010,942,2,944,2
2020-08-27,Fresno,019,978130,27644,24367,305,24672,272
2020-08-27,Glenn,021,27897,451,429,0,429,3
2020-08-27,Humboldt,023,135768,399,358,1,359,4
2020-08-27,Imperial,025,180216,11240,9608,6,9614,235
2020-08-27,Inyo,027,18085,180,157,3,160,2
2020-08-27,Kern,029,883053,29836,28635,220,28855,294
2020-08-27,Kings,031,150075,6393,5759,35,5794,62
2020-08-27,Lake,033,64148,354,314,0,314,2
2020-08-27,Lassen,035,31185,722,703,2,705,0
2020-08-27,Los Angeles,037,10098052,242055,237103,1260,238363,5704
2020-08-27,Madera,039,155013,3910,3465,26,3491,33
2020-08-27,Marin,041,260295,6198,5929,15,5944,62
2020-08-27,Mariposa,043,17540,73,67,0,67,2
2020-08-27,Mendocino,045,87422,638,581,0,581,10
2020-08-27,Merced,047,269075,8047,7765,10,7775,75
2020-08-27,Modoc,049,8938,11,5,0,5,0
2020-08-27,Mono,051,14174,163,145,2,147,1
2020-08-27,Monterey,053,433212,8109,7501,22,7523,52
2020-08-27,Napa,055,140530,1480,1397,5,1402,10
2020-08-27,Nevada,057,99092,456,435,13,448,5
2020-08-27,Orange,059,3164182,50138,46449,1175,47624,935
2020-08-27,Placer,061,380077,3088,2869,12,2881,32
2020-08-27,Plumas,063,18699,40,39,0,39,0
2020-08-27,Riverside,065,2383286,53545,51306,57,51363,999
2020-08-27,Sacramento,067,1510023,18396,16875,16,16891,281
2020-08-27,San Benito,069,59416,1115,987,0,987,3
2020-08-27,San Bernardino,071,2135413,49009,46345,304,46649,751
2020-08-27,San Diego,073,3302833,39480,37501,424,37925,673
2020-08-27,San Francisco,075,870044,9631,9014,11,9025,83
2020-08-27,San Joaquin,077,732212,18514,16989,35,17024,314
2020-08-27,San Luis Obispo,079,281455,3114,2808,17,2825,20
2020-08-27,San Mateo,081,765935,8529,7728,8,7736,121
2020-08-27,Santa Barbara,083,443738,8212,7934,69,8003,92
2020-08-27,Santa Clara,085,1922200,18411,16495,38,16533,199
2020-08-27,Santa Cruz,087,273765,1881,1734,17,1751,7
2020-08-27,Shasta,089,179085,616,512,3,515,9
2020-08-27,Sierra,091,2930,6,6,0,6,0
2020-08-27,Siskiyou,093,43540,136,118,8,126,0
2020-08-27,Solano,095,438530,5504,5167,39,5206,34
2020-08-27,Sonoma,097,501317,5939,5357,19,5376,58
2020-08-27,Stanislaus,099,539301,15177,14080,340,14420,186
2020-08-27,Sutter,101,95872,1387,1296,1,1297,9
2020-08-27,Tehama,103,63373,427,398,2,400,1
2020-08-27,Trinity,105,12862,46,11,6,17,0
2020-08-27,Tulare,107,460477,14612,13666,58,13724,231
2020-08-27,Tuolumne,109,53932,202,174,3,177,1
2020-08-27,Ventura,111,848112,11341,10483,94,10577,102
2020-08-27,Yolo,113,214977,2490,2293,4,2297,51
2020-08-27,Yuba,115,75493,875,807,3,810,1
2020-08-26,Alameda,001,1643700,18711,17373,125,17498,233
2020-08-26,Alpine,003,1148,2,2,0,2,0
2020-08-26,Amador,005,37829,273,229,0,229,13
2020-08-26,Butte,007,227075,2155,1765,18,1783,25
2020-08-26,Calaveras,009,45235,243,201,0,201,1
2020-08-26,Colusa,011,21464,462,433,0,433,5
2020-08-26,Contra Costa,013,1133247,14366,13248,50,13298,157
2020-08-26,Del Norte,015,27424,114,86,0,86,1
2020-08-26,El Dorado,017,186661,1008,938,2,940,2
2020-08-26,Fresno,019,978130,27496,24071,303,24374,255
2020-08-26,Glenn,021,27897,449,429,0,429,3
2020-08-26,Humboldt,023,135768,387,357,1,358,4
2020-08-26,Imperial,025,180216,11218,9453,6,9459,227
2020-08-26,Inyo,027,18085,177,157,3,160,2
2020-08-26,Kern,029,883053,29697,28507,217,28724,286
2020-08-26,Kings,031,150075,6372,5720,35,5755,62
2020-08-26,Lake,033,64148,349,308,0,308,2
2020-08-26,Lassen,035,31185,722,702,2,704,0
2020-08-26,Los Angeles,037,10098052,241042,235499,1229,236728,5665
2020-08-26,Madera,039,155013,3881,3458,26,3484,32
2020-08-26,Marin,041,260295,6181,5887,15,5902,56
2020-08-26,Mariposa,043,17540,73,68,0,68,2
2020-08-26,Mendocino,045,87422,627,581,0,581,10
2020-08-26,Merced,047,269075,8014,7720,10,7730,74
2020-08-26,Modoc,049,8938,8,5,0,5,0
2020-08-26,Mono,051,14174,163,141,2,143,1
2020-08-26,Monterey,053,433212,8016,7439,22,7461,51
2020-08-26,Napa,055,140530,1467,1382,5,1387,10
2020-08-26,Nevada,057,99092,453,432,13,445,2
2020-08-26,Orange,059,3164182,49954,46157,1159,47316,905
2020-08-26,Placer,061,380077,3066,2846,10,2856,32
2020-08-26,Plumas,063,18699,39,39,0,39,0
2020-08-26,Riverside,065,2383286,53303,51138,57,51195,987
2020-08-26,Sacramento,067,1510023,18233,16708,16,16724,271
2020-08-26,San Benito,069,59416,1100,978,0,978,3
2020-08-26,San Bernardino,071,2135413,48801,45840,300,46140,743
2020-08-26,San Diego,073,3302833,39142,37224,397,37621,668
2020-08-26,San Francisco,075,870044,9556,8938,11,8949,81
2020-08-26,San Joaquin,077,732212,18425,16845,34,16879,309
2020-08-26,San Luis Obispo,079,281455,3086,2761,17,2778,20
2020-08-26,San Mateo,081,765935,8462,7655,8,7663,121
2020-08-26,Santa Barbara,083,443738,8178,7904,69,7973,90
2020-08-26,Santa Clara,085,1922200,18235,16283,38,16321,198
2020-08-26,Santa Cruz,087,273765,1870,1726,17,1743,7
2020-08-26,Shasta,089,179085,611,511,3,514,9
2020-08-26,Sierra,091,2930,6,6,0,6,0
2020-08-26,Siskiyou,093,43540,133,109,8,117,0
2020-08-26,Solano,095,438530,5480,5131,38,5169,34
2020-08-26,Sonoma,097,501317,5866,5283,19,5302,58
2020-08-26,Stanislaus,099,539301,15100,13964,334,14298,186
2020-08-26,Sutter,101,95872,1369,1275,1,1276,9
2020-08-26,Tehama,103,63373,424,396,2,398,1
2020-08-26,Trinity,105,12862,45,10,6,16,0
2020-08-26,Tulare,107,460477,14545,13568,58,13626,232
2020-08-26,Tuolumne,109,53932,201,172,3,175,1
2020-08-26,Ventura,111,848112,11269,10412,87,10499,100
2020-08-26,Yolo,113,214977,2468,2279,4,2283,49
2020-08-26,Yuba,115,75493,860,779,3,782,1
2020-08-25,Alameda,001,1643700,18554,17278,125,17403,232
2020-08-25,Alpine,003,1148,2,2,0,2,0
2020-08-25,Amador,005,37829,273,227,0,227,13
2020-08-25,Butte,007,227075,2088,1718,18,1736,24
2020-08-25,Calaveras,009,45235,241,196,0,196,1
2020-08-25,Colusa,011,21464,455,430,0,430,5
2020-08-25,Contra Costa,013,1133247,14228,13181,49,13230,156
2020-08-25,Del Norte,015,27424,113,83,0,83,1
2020-08-25,El Dorado,017,186661,1005,928,2,930,2
2020-08-25,Fresno,019,978130,27308,23932,302,24234,250
2020-08-25,Glenn,021,27897,446,429,0,429,3
2020-08-25,Humboldt,023,135768,382,342,1,343,4
2020-08-25,Imperial,025,180216,11190,9381,6,9387,217
2020-08-25,Inyo,027,18085,175,144,3,147,1
2020-08-25,Kern,029,883053,29560,28416,217,28633,285
2020-08-25,Kings,031,150075,6215,5702,35,5737,59
2020-08-25,Lake,033,64148,344,304,0,304,2
2020-08-25,Lassen,035,31185,721,692,2,694,0
2020-08-25,Los Angeles,037,10098052,239747,233961,1179,235140,5612
2020-08-25,Madera,039,155013,3866,3446,25,3471,32
2020-08-25,Marin,041,260295,6143,5860,15,5875,56
2020-08-25,Mariposa,043,17540,73,67,0,67,2
2020-08-25,Mendocino,045,87422,619,571,0,571,10
2020-08-25,Merced,047,269075,7947,7693,9,7702,69
2020-08-25,Modoc,049,8938,8,5,0,5,0
2020-08-25,Mono,051,14174,163,129,2,131,1
2020-08-25,Monterey,053,433212,7936,7333,22,7355,51
2020-08-25,Napa,055,140530,1460,1374,5,1379,10
2020-08-25,Nevada,057,99092,449,430,13,443,2
2020-08-25,Orange,059,3164182,49760,45737,1143,46880,902
2020-08-25,Placer,061,380077,3047,2829,7,2836,31
2020-08-25,Plumas,063,18699,39,39,0,39,0
2020-08-25,Riverside,065,2383286,53071,50889,57,50946,981
2020-08-25,Sacramento,067,1510023,18080,16601,16,16617,265
2020-08-25,San Benito,069,59416,1084,973,0,973,3
2020-08-25,San Bernardino,071,2135413,48566,45544,297,45841,727
2020-08-25,San Diego,073,3302833,38863,36996,375,37371,665
2020-08-25,San Francisco,075,870044,9478,8848,11,8859,81
2020-08-25,San Joaquin,077,732212,18298,16795,34,16829,306
2020-08-25,San Luis Obispo,079,281455,3027,2731,16,2747,20
2020-08-25,San Mateo,081,765935,8402,7636,8,7644,120
2020-08-25,Santa Barbara,083,443738,8126,7854,69,7923,90
2020-08-25,Santa Clara,085,1922200,18063,16199,38,16237,194
2020-08-25,Santa Cruz,087,273765,1851,1708,17,1725,7
2020-08-25,Shasta,089,179085,607,511,3,514,9
2020-08-25,Sierra,091,2930,6,6,0,6,0
2020-08-25,Siskiyou,093,43540,132,109,8,117,0
2020-08-25,Solano,095,438530,5419,5114,38,5152,34
2020-08-25,Sonoma,097,501317,5780,5148,19,5167,56
2020-08-25,Stanislaus,099,539301,14992,13886,323,14209,182
2020-08-25,Sutter,101,95872,1352,1259,1,1260,9
2020-08-25,Tehama,103,63373,421,394,2,396,1
2020-08-25,Trinity,105,12862,44,10,6,16,0
2020-08-25,Tulare,107,460477,14442,13514,57,13571,224
2020-08-25,Tuolumne,109,53932,199,172,3,175,1
2020-08-25,Ventura,111,848112,11184,10313,82,10395,99
2020-08-25,Yolo,113,214977,2455,2254,4,2258,50
2020-08-25,Yuba,115,75493,850,775,3,778,1
2020-08-24,Alameda,001,1643700,18359,16913,124,17037,231
2020-08-24,Alpine,003,1148,2,2,0,2,0
2020-08-24,Amador,005,37829,271,227,0,227,13
2020-08-24,Butte,007,227075,2004,1649,18,1667,23
2020-08-24,Calaveras,009,45235,231,187,0,187,1
2020-08-24,Colusa,011,21464,451,425,0,425,5
2020-08-24,Contra Costa,013,1133247,14113,12906,47,12953,153
2020-08-24,Del Norte,015,27424,113,80,0,80,1
2020-08-24,El Dorado,017,186661,997,908,2,910,2
2020-08-24,Fresno,019,978130,27120,23618,295,23913,235
2020-08-24,Glenn,021,27897,444,421,0,421,2
2020-08-24,Humboldt,023,135768,378,340,1,341,4
2020-08-24,Imperial,025,180216,11157,9323,6,9329,210
2020-08-24,Inyo,027,18085,171,144,3,147,2
2020-08-24,Kern,029,883053,29462,28157,211,28368,277
2020-08-24,Kings,031,150075,6127,5652,35,5687,60
2020-08-24,Lake,033,64148,329,302,0,302,2
2020-08-24,Lassen,035,31185,721,693,2,695,0
2020-08-24,Los Angeles,037,10098052,238385,233036,1160,234196,5562
2020-08-24,Madera,039,155013,3839,3418,25,3443,32
2020-08-24,Marin,041,260295,6080,5834,15,5849,56
2020-08-24,Mariposa,043,17540,71,66,0,66,2
2020-08-24,Mendocino,045,87422,604,550,0,550,10
2020-08-24,Merced,047,269075,7869,7605,9,7614,69
2020-08-24,Modoc,049,8938,8,5,0,5,0
2020-08-24,Mono,051,14174,163,129,2,131,1
2020-08-24,Monterey,053,433212,7827,7212,21,7233,50
2020-08-24,Napa,055,140530,1447,1358,5,1363,10
2020-08-24,Nevada,057,99092,444,423,13,436,2
2020-08-24,Orange,059,3164182,49567,45536,1133,46669,887
2020-08-24,Placer,061,380077,3001,2793,7,2800,31
2020-08-24,Plumas,063,18699,39,37,0,37,0
2020-08-24,Riverside,065,2383286,52793,50496,57,50553,975
2020-08-24,Sacramento,067,1510023,17883,16318,16,16334,249
2020-08-24,San Benito,069,59416,1063,961,0,961,3
2020-08-24,San Bernardino,071,2135413,48303,45199,295,45494,720
2020-08-24,San Diego,073,3302833,38575,36729,347,37076,660
2020-08-24,San Francisco,075,870044,9395,8621,10,8631,81
2020-08-24,San Joaquin,077,732212,18157,16565,33,16598,305
2020-08-24,San Luis Obispo,079,281455,2999,2705,16,2721,20
2020-08-24,San Mateo,081,765935,8335,7502,8,7510,120
2020-08-24,Santa Barbara,083,443738,8085,7784,69,7853,90
2020-08-24,Santa Clara,085,1922200,17859,16049,38,16087,192
2020-08-24,Santa Cruz,087,273765,1831,1627,16,1643,6
2020-08-24,Shasta,089,179085,605,505,3,508,9
2020-08-24,Sierra,091,2930,6,6,0,6,0
2020-08-24,Siskiyou,093,43540,128,107,8,115,0
2020-08-24,Solano,095,438530,5370,4979,36,5015,32
2020-08-24,Sonoma,097,501317,5678,5071,19,5090,56
2020-08-24,Stanislaus,099,539301,14894,13521,309,13830,171
2020-08-24,Sutter,101,95872,1333,1219,1,1220,9
2020-08-24,Tehama,103,63373,416,388,2,390,1
2020-08-24,Trinity,105,12862,44,10,6,16,0
2020-08-24,Tulare,107,460477,14335,13360,56,13416,223
2020-08-24,Tuolumne,109,53932,198,170,3,173,1
2020-08-24,Ventura,111,848112,11104,10261,78,10339,99
2020-08-24,Yolo,113,214977,2421,2239,4,2243,47
2020-08-24,Yuba,115,75493,833,750,3,753,1
2020-08-23,Alameda,001,1643700,18136,16786,123,16909,231
2020-08-23,Alpine,003,1148,2,2,0,2,0
2020-08-23,Amador,005,37829,268,227,0,227,13
2020-08-23,Butte,007,227075,1890,1637,18,1655,23
2020-08-23,Calaveras,009,45235,221,187,0,187,1
2020-08-23,Colusa,011,21464,444,424,0,424,5
2020-08-23,Contra Costa,013,1133247,13953,12642,47,12689,153
2020-08-23,Del Norte,015,27424,113,80,0,80,1
2020-08-23,El Dorado,017,186661,984,901,2,903,2
2020-08-23,Fresno,019,978130,26915,23414,291,23705,235
2020-08-23,Glenn,021,27897,437,421,0,421,2
2020-08-23,Humboldt,023,135768,376,341,1,342,4
2020-08-23,Imperial,025,180216,11128,9243,6,9249,210
2020-08-23,Inyo,027,18085,168,144,3,147,2
2020-08-23,Kern,029,883053,29313,28028,206,28234,277
2020-08-23,Kings,031,150075,6084,5628,35,5663,60
2020-08-23,Lake,033,64148,325,299,0,299,2
2020-08-23,Lassen,035,31185,720,693,2,695,0
2020-08-23,Los Angeles,037,10098052,236790,231833,1090,232923,5549
2020-08-23,Madera,039,155013,3807,3401,24,3425,32
2020-08-23,Marin,041,260295,6041,5807,14,5821,50
2020-08-23,Mariposa,043,17540,71,66,0,66,2
2020-08-23,Mendocino,045,87422,600,550,0,550,10
2020-08-23,Merced,047,269075,7800,7574,8,7582,69
2020-08-23,Modoc,049,8938,7,5,0,5,0
2020-08-23,Mono,051,14174,163,129,2,131,1
2020-08-23,Monterey,053,433212,7737,7173,21,7194,50
2020-08-23,Napa,055,140530,1435,1348,5,1353,10
2020-08-23,Nevada,057,99092,439,421,13,434,2
2020-08-23,Orange,059,3164182,49329,45267,1122,46389,887
2020-08-23,Placer,061,380077,2962,2772,7,2779,31
2020-08-23,Plumas,063,18699,39,37,0,37,0
2020-08-23,Riverside,065,2383286,52523,50293,55,50348,955
2020-08-23,Sacramento,067,1510023,17659,16084,15,16099,243
2020-08-23,San Benito,069,59416,1050,938,0,938,3
2020-08-23,San Bernardino,071,2135413,48035,45010,285,45295,719
2020-08-23,San Diego,073,3302833,38254,36542,320,36862,660
2020-08-23,San Francisco,075,870044,9300,8564,9,8573,80
2020-08-23,San Joaquin,077,732212,18024,16069,32,16101,305
2020-08-23,San Luis Obispo,079,281455,2957,2679,16,2695,20
2020-08-23,San Mateo,081,765935,8240,7450,8,7458,120
2020-08-23,Santa Barbara,083,443738,8017,7725,69,7794,90
2020-08-23,Santa Clara,085,1922200,17664,15912,36,15948,191
2020-08-23,Santa Cruz,087,273765,1805,1627,16,1643,6
2020-08-23,Shasta,089,179085,600,501,3,504,9
2020-08-23,Sierra,091,2930,6,6,0,6,0
2020-08-23,Siskiyou,093,43540,123,107,8,115,0
2020-08-23,Solano,095,438530,5312,4977,34,5011,32
2020-08-23,Sonoma,097,501317,5590,5018,19,5037,56
2020-08-23,Stanislaus,099,539301,14759,13483,286,13769,171
2020-08-23,Sutter,101,95872,1311,1203,1,1204,9
2020-08-23,Tehama,103,63373,406,381,2,383,1
2020-08-23,Trinity,105,12862,44,10,6,16,0
2020-08-23,Tulare,107,460477,14203,13303,53,13356,223
2020-08-23,Tuolumne,109,53932,195,164,3,167,1
2020-08-23,Ventura,111,848112,11003,10126,74,10200,99
2020-08-23,Yolo,113,214977,2393,2210,4,2214,47
2020-08-23,Yuba,115,75493,812,750,3,753,1
2020-08-22,Alameda,001,1643700,18042,16648,122,16770,231
2020-08-22,Alpine,003,1148,2,2,0,2,0
2020-08-22,Amador,005,37829,267,224,0,224,13
2020-08-22,Butte,007,227075,1839,1618,18,1636,22
2020-08-22,Calaveras,009,45235,218,187,0,187,1
2020-08-22,Colusa,011,21464,440,419,0,419,5
2020-08-22,Contra Costa,013,1133247,13866,12522,47,12569,153
2020-08-22,Del Norte,015,27424,112,80,0,80,1
2020-08-22,El Dorado,017,186661,982,900,2,902,2
2020-08-22,Fresno,019,978130,26818,23197,290,23487,235
2020-08-22,Glenn,021,27897,436,421,0,421,2
2020-08-22,Humboldt,023,135768,366,334,1,335,4
2020-08-22,Imperial,025,180216,11120,9244,6,9250,210
2020-08-22,Inyo,027,18085,168,144,3,147,1
2020-08-22,Kern,029,883053,29259,27807,206,28013,277
2020-08-22,Kings,031,150075,6075,5447,35,5482,60
2020-08-22,Lake,033,64148,323,291,0,291,2
2020-08-22,Lassen,035,31185,720,693,2,695,0
2020-08-22,Los Angeles,037,10098052,236131,230858,1072,231930,5540
2020-08-22,Madera,039,155013,3788,3330,24,3354,32
2020-08-22,Marin,041,260295,6029,5789,14,5803,49
2020-08-22,Mariposa,043,17540,71,66,0,66,2
2020-08-22,Mendocino,045,87422,597,529,0,529,10
2020-08-22,Merced,047,269075,7772,7493,8,7501,69
2020-08-22,Modoc,049,8938,7,5,0,5,0
2020-08-22,Mono,051,14174,163,129,2,131,1
2020-08-22,Monterey,053,433212,7689,7081,21,7102,50
2020-08-22,Napa,055,140530,1430,1328,5,1333,11
2020-08-22,Nevada,057,99092,439,411,13,424,2
2020-08-22,Orange,059,3164182,49188,45131,1116,46247,885
2020-08-22,Placer,061,380077,2948,2734,7,2741,30
2020-08-22,Plumas,063,18699,39,37,0,37,0
2020-08-22,Riverside,065,2383286,52375,49944,54,49998,953
2020-08-22,Sacramento,067,1510023,17547,15516,15,15531,239
2020-08-22,San Benito,069,59416,1034,912,0,912,3
2020-08-22,San Bernardino,071,2135413,47906,44803,281,45084,719
2020-08-22,San Diego,073,3302833,38072,36205,309,36514,673
2020-08-22,San Francisco,075,870044,9240,8568,9,8577,80
2020-08-22,San Joaquin,077,732212,17968,16068,32,16100,305
2020-08-22,San Luis Obispo,079,281455,2931,2660,16,2676,20
2020-08-22,San Mateo,081,765935,8193,7361,8,7369,120
2020-08-22,Santa Barbara,083,443738,7991,7685,69,7754,90
2020-08-22,Santa Clara,085,1922200,17556,15590,36,15626,190
2020-08-22,Santa Cruz,087,273765,1789,1628,15,1643,6
2020-08-22,Shasta,089,179085,598,493,3,496,9
2020-08-22,Sierra,091,2930,6,6,0,6,0
2020-08-22,Siskiyou,093,43540,123,106,8,114,0
2020-08-22,Solano,095,438530,5282,4944,33,4977,32
2020-08-22,Sonoma,097,501317,5544,4891,19,4910,57
2020-08-22,Stanislaus,099,539301,14709,13380,269,13649,170
2020-08-22,Sutter,101,95872,1304,1189,1,1190,8
2020-08-22,Tehama,103,63373,405,368,2,370,1
2020-08-22,Trinity,105,12862,44,8,6,14,0
2020-08-22,Tulare,107,460477,14136,13196,53,13249,222
2020-08-22,Tuolumne,109,53932,193,162,3,165,1
2020-08-22,Ventura,111,848112,10948,9959,72,10031,99
2020-08-22,Yolo,113,214977,2377,2188,4,2192,47
2020-08-22,Yuba,115,75493,800,738,3,741,1
2020-08-21,Alameda,001,1643700,17950,16413,122,16535,232
2020-08-21,Alpine,003,1148,2,2,0,2,0
2020-08-21,Amador,005,37829,266,223,0,223,11
2020-08-21,Butte,007,227075,1800,1582,18,1600,19
2020-08-21,Calaveras,009,45235,218,182,0,182,1
2020-08-21,Colusa,011,21464,438,418,0,418,5
2020-08-21,Contra Costa,013,1133247,13777,12333,46,12379,149
2020-08-21,Del Norte,015,27424,112,78,0,78,1
2020-08-21,El Dorado,017,186661,978,885,2,887,2
2020-08-21,Fresno,019,978130,26648,22840,289,23129,232
2020-08-21,Glenn,021,27897,432,418,0,418,2
2020-08-21,Humboldt,023,135768,363,331,1,332,4
2020-08-21,Imperial,025,180216,11104,9166,6,9172,204
2020-08-21,Inyo,027,18085,168,144,3,147,1
2020-08-21,Kern,029,883053,29200,27567,204,27771,269
2020-08-21,Kings,031,150075,6053,5391,35,5426,60
2020-08-21,Lake,033,64148,321,281,0,281,2
2020-08-21,Lassen,035,31185,720,693,2,695,0
2020-08-21,Los Angeles,037,10098052,235258,229235,1052,230287,5494
2020-08-21,Madera,039,155013,3758,3271,24,3295,31
2020-08-21,Marin,041,260295,6009,5762,14,5776,49
2020-08-21,Mariposa,043,17540,71,66,0,66,2
2020-08-21,Mendocino,045,87422,587,505,0,505,10
2020-08-21,Merced,047,269075,7743,7357,8,7365,69
2020-08-21,Modoc,049,8938,7,5,0,5,0
2020-08-21,Mono,051,14174,163,128,2,130,1
2020-08-21,Monterey,053,433212,7617,6974,21,6995,49
2020-08-21,Napa,055,140530,1421,1317,5,1322,10
2020-08-21,Nevada,057,99092,438,406,13,419,2
2020-08-21,Orange,059,3164182,49047,44625,1107,45732,875
2020-08-21,Placer,061,380077,2932,2698,6,2704,30
2020-08-21,Plumas,063,18699,39,36,0,36,0
2020-08-21,Riverside,065,2383286,52180,49409,54,49463,932
2020-08-21,Sacramento,067,1510023,17424,15247,15,15262,237
2020-08-21,San Benito,069,59416,1024,891,0,891,3
2020-08-21,San Bernardino,071,2135413,47786,44249,277,44526,668
2020-08-21,San Diego,073,3302833,37868,35914,292,36206,652
2020-08-21,San Francisco,075,870044,9190,8375,9,8384,80
2020-08-21,San Joaquin,077,732212,17885,15888,30,15918,301
2020-08-21,San Luis Obispo,079,281455,2908,2640,16,2656,19
2020-08-21,San Mateo,081,765935,8135,7253,8,7261,120
2020-08-21,Santa Barbara,083,443738,7950,7645,69,7714,86
2020-08-21,Santa Clara,085,1922200,17404,15399,36,15435,190
2020-08-21,Santa Cruz,087,273765,1777,1617,15,1632,6
2020-08-21,Shasta,089,179085,598,486,3,489,9
2020-08-21,Sierra,091,2930,6,6,0,6,0
2020-08-21,Siskiyou,093,43540,123,103,6,109,0
2020-08-21,Solano,095,438530,5259,4891,32,4923,32
2020-08-21,Sonoma,097,501317,5474,4816,19,4835,57
2020-08-21,Stanislaus,099,539301,14640,13282,254,13536,161
2020-08-21,Sutter,101,95872,1291,1173,1,1174,8
2020-08-21,Tehama,103,63373,403,357,2,359,1
2020-08-21,Trinity,105,12862,44,8,6,14,0
2020-08-21,Tulare,107,460477,14064,13002,52,13054,217
2020-08-21,Tuolumne,109,53932,185,161,3,164,1
2020-08-21,Ventura,111,848112,10883,9865,70,9935,98
2020-08-21,Yolo,113,214977,2361,2164,4,2168,46
2020-08-21,Yuba,115,75493,796,717,3,720,1
2020-08-20,Alameda,001,1643700,17791,16174,122,16296,229
2020-08-20,Alpine,003,1148,2,2,0,2,0
2020-08-20,Amador,005,37829,264,222,0,222,11
2020-08-20,Butte,007,227075,1749,1549,18,1567,18
2020-08-20,Calaveras,009,45235,215,179,0,179,1
2020-08-20,Colusa,011,21464,436,415,0,415,5
2020-08-20,Contra Costa,013,1133247,13649,12108,45,12153,144
2020-08-20,Del Norte,015,27424,112,78,0,78,1
2020-08-20,El Dorado,017,186661,974,881,2,883,2
2020-08-20,Fresno,019,978130,26466,22535,284,22819,228
2020-08-20,Glenn,021,27897,427,414,0,414,2
2020-08-20,Humboldt,023,135768,358,318,1,319,4
2020-08-20,Imperial,025,180216,11085,9086,6,9092,196
2020-08-20,Inyo,027,18085,167,144,3,147,1
2020-08-20,Kern,029,883053,29032,27337,193,27530,267
2020-08-20,Kings,031,150075,6013,5347,34,5381,59
2020-08-20,Lake,033,64148,316,280,0,280,2
2020-08-20,Lassen,035,31185,719,693,2,695,0
2020-08-20,Los Angeles,037,10098052,234034,227492,1033,228525,5445
2020-08-20,Madera,039,155013,3732,3197,24,3221,31
2020-08-20,Marin,041,260295,5991,5745,14,5759,47
2020-08-20,Mariposa,043,17540,71,67,0,67,2
2020-08-20,Mendocino,045,87422,576,497,0,497,10
2020-08-20,Merced,047,269075,7668,7173,8,7181,68
2020-08-20,Modoc,049,8938,7,5,0,5,0
2020-08-20,Mono,051,14174,163,128,2,130,1
2020-08-20,Monterey,053,433212,7546,6892,21,6913,47
2020-08-20,Napa,055,140530,1413,1306,5,1311,10
2020-08-20,Nevada,057,99092,437,401,13,414,2
2020-08-20,Orange,059,3164182,48820,44299,1096,45395,849
2020-08-20,Placer,061,380077,2916,2681,6,2687,30
2020-08-20,Plumas,063,18699,39,36,0,36,0
2020-08-20,Riverside,065,2383286,51961,48953,53,49006,927
2020-08-20,Sacramento,067,1510023,17182,14992,15,15007,231
2020-08-20,San Benito,069,59416,1011,866,0,866,3
2020-08-20,San Bernardino,071,2135413,47530,43627,273,43900,665
2020-08-20,San Diego,073,3302833,37648,35610,274,35884,644
2020-08-20,San Francisco,075,870044,9104,8262,9,8271,72
2020-08-20,San Joaquin,077,732212,17792,15778,30,15808,297
2020-08-20,San Luis Obispo,079,281455,2888,2590,16,2606,19
2020-08-20,San Mateo,081,765935,8070,7188,8,7196,120
2020-08-20,Santa Barbara,083,443738,7912,7571,69,7640,81
2020-08-20,Santa Clara,085,1922200,17231,15162,36,15198,190
2020-08-20,Santa Cruz,087,273765,1764,1581,15,1596,6
2020-08-20,Shasta,089,179085,597,478,3,481,9
2020-08-20,Sierra,091,2930,6,6,0,6,0
2020-08-20,Siskiyou,093,43540,122,102,1,103,0
2020-08-20,Solano,095,438530,5215,4843,32,4875,31
2020-08-20,Sonoma,097,501317,5402,4737,19,4756,54
2020-08-20,Stanislaus,099,539301,14544,13120,245,13365,161
2020-08-20,Sutter,101,95872,1267,1158,1,1159,8
2020-08-20,Tehama,103,63373,397,350,2,352,1
2020-08-20,Trinity,105,12862,44,8,6,14,0
2020-08-20,Tulare,107,460477,13956,12907,51,12958,217
2020-08-20,Tuolumne,109,53932,181,159,3,162,1
2020-08-20,Ventura,111,848112,10770,9744,69,9813,93
2020-08-20,Yolo,113,214977,2339,2150,4,2154,47
2020-08-20,Yuba,115,75493,779,709,3,712,1
2020-08-19,Alameda,001,1643700,17633,15874,121,15995,226
2020-08-19,Alpine,003,1148,2,2,0,2,0
2020-08-19,Amador,005,37829,263,219,0,219,9
2020-08-19,Butte,007,227075,1706,1517,18,1535,16
2020-08-19,Calaveras,009,45235,212,177,0,177,1
2020-08-19,Colusa,011,21464,435,415,0,415,5
2020-08-19,Contra Costa,013,1133247,13537,11895,43,11938,142
2020-08-19,Del Norte,015,27424,112,78,0,78,1
2020-08-19,El Dorado,017,186661,968,870,2,872,2
2020-08-19,Fresno,019,978130,26277,22167,275,22442,221
2020-08-19,Glenn,021,27897,425,414,0,414,2
2020-08-19,Humboldt,023,135768,355,316,1,317,4
2020-08-19,Imperial,025,180216,11057,9041,6,9047,192
2020-08-19,Inyo,027,18085,165,140,3,143,1
2020-08-19,Kern,029,883053,28915,27142,189,27331,263
2020-08-19,Kings,031,150075,5840,5301,32,5333,59
2020-08-19,Lake,033,64148,313,277,0,277,2
2020-08-19,Lassen,035,31185,711,693,2,695,0
2020-08-19,Los Angeles,037,10098052,232760,226006,993,226999,5399
2020-08-19,Madera,039,155013,3698,3158,22,3180,30
2020-08-19,Marin,041,260295,5967,5723,13,5736,46
2020-08-19,Mariposa,043,17540,71,64,0,64,2
2020-08-19,Mendocino,045,87422,560,495,0,495,8
2020-08-19,Merced,047,269075,7541,7082,5,7087,66
2020-08-19,Modoc,049,8938,7,5,0,5,0
2020-08-19,Mono,051,14174,163,128,2,130,1
2020-08-19,Monterey,053,433212,7446,6693,21,6714,45
2020-08-19,Napa,055,140530,1408,1293,5,1298,10
2020-08-19,Nevada,057,99092,430,398,13,411,2
2020-08-19,Orange,059,3164182,48615,43938,1093,45031,829
2020-08-19,Placer,061,380077,2894,2659,6,2665,28
2020-08-19,Plumas,063,18699,39,36,0,36,0
2020-08-19,Riverside,065,2383286,51712,48741,53,48794,922
2020-08-19,Sacramento,067,1510023,17001,14764,15,14779,229
2020-08-19,San Benito,069,59416,994,853,0,853,3
2020-08-19,San Bernardino,071,2135413,47232,43224,267,43491,661
2020-08-19,San Diego,073,3302833,37399,35378,259,35637,638
2020-08-19,San Francisco,075,870044,9039,8236,9,8245,72
2020-08-19,San Joaquin,077,732212,17666,15677,29,15706,296
2020-08-19,San Luis Obispo,079,281455,2848,2553,16,2569,19
2020-08-19,San Mateo,081,765935,8001,7146,8,7154,119
2020-08-19,Santa Barbara,083,443738,7863,7499,69,7568,80
2020-08-19,Santa Clara,085,1922200,17085,14994,36,15030,189
2020-08-19,Santa Cruz,087,273765,1738,1554,15,1569,6
2020-08-19,Shasta,089,179085,593,475,3,478,9
2020-08-19,Sierra,091,2930,6,6,0,6,0
2020-08-19,Siskiyou,093,43540,121,103,1,104,0
2020-08-19,Solano,095,438530,5174,4807,32,4839,31
2020-08-19,Sonoma,097,501317,5323,4614,19,4633,54
2020-08-19,Stanislaus,099,539301,14441,13084,223,13307,160
2020-08-19,Sutter,101,95872,1233,1146,1,1147,8
2020-08-19,Tehama,103,63373,391,342,2,344,1
2020-08-19,Trinity,105,12862,43,8,6,14,0
2020-08-19,Tulare,107,460477,13858,12756,51,12807,217
2020-08-19,Tuolumne,109,53932,178,159,3,162,1
2020-08-19,Ventura,111,848112,10678,9587,67,9654,91
2020-08-19,Yolo,113,214977,2317,2126,4,2130,47
2020-08-19,Yuba,115,75493,767,701,3,704,1
2020-08-18,Alameda,001,1643700,17456,15627,119,15746,223
2020-08-18,Alpine,003,1148,2,2,0,2,0
2020-08-18,Amador,005,37829,262,215,0,215,9
2020-08-18,Butte,007,227075,1673,1491,18,1509,16
2020-08-18,Calaveras,009,45235,208,174,0,174,1
2020-08-18,Colusa,011,21464,434,415,0,415,5
2020-08-18,Contra Costa,013,1133247,13417,11689,41,11730,141
2020-08-18,Del Norte,015,27424,111,78,0,78,0
2020-08-18,El Dorado,017,186661,963,866,2,868,2
2020-08-18,Fresno,019,978130,26056,21798,269,22067,212
2020-08-18,Glenn,021,27897,425,407,0,407,2
2020-08-18,Humboldt,023,135768,353,315,1,316,4
2020-08-18,Imperial,025,180216,11023,8968,6,8974,189
2020-08-18,Inyo,027,18085,164,140,3,143,1
2020-08-18,Kern,029,883053,28762,26978,185,27163,263
2020-08-18,Kings,031,150075,5805,5269,31,5300,58
2020-08-18,Lake,033,64148,310,274,0,274,2
2020-08-18,Lassen,035,31185,711,693,2,695,0
2020-08-18,Los Angeles,037,10098052,231501,224218,956,225174,5339
2020-08-18,Madera,039,155013,3670,3125,22,3147,28
2020-08-18,Marin,041,260295,5937,5708,13,5721,47
2020-08-18,Mariposa,043,17540,71,61,0,61,2
2020-08-18,Mendocino,045,87422,551,468,0,468,8
2020-08-18,Merced,047,269075,7493,6940,5,6945,66
2020-08-18,Modoc,049,8938,7,5,0,5,0
2020-08-18,Mono,051,14174,162,129,2,131,1
2020-08-18,Monterey,053,433212,7354,6691,20,6711,44
2020-08-18,Napa,055,140530,1405,1274,5,1279,10
2020-08-18,Nevada,057,99092,423,389,13,402,2
2020-08-18,Orange,059,3164182,48390,43659,1078,44737,809
2020-08-18,Placer,061,380077,2868,2644,5,2649,28
2020-08-18,Plumas,063,18699,39,34,0,34,0
2020-08-18,Riverside,065,2383286,51380,48447,53,48500,917
2020-08-18,Sacramento,067,1510023,16771,14610,14,14624,222
2020-08-18,San Benito,069,59416,974,836,0,836,3
2020-08-18,San Bernardino,071,2135413,46951,42827,261,43088,648
2020-08-18,San Diego,073,3302833,37106,35164,227,35391,633
2020-08-18,San Francisco,075,870044,8953,8016,9,8025,72
2020-08-18,San Joaquin,077,732212,17550,15509,28,15537,290
2020-08-18,San Luis Obispo,079,281455,2823,2535,15,2550,18
2020-08-18,San Mateo,081,765935,7939,7074,8,7082,119
2020-08-18,Santa Barbara,083,443738,7821,7472,69,7541,81
2020-08-18,Santa Clara,085,1922200,16912,14786,35,14821,184
2020-08-18,Santa Cruz,087,273765,1725,1509,15,1524,6
2020-08-18,Shasta,089,179085,589,468,3,471,9
2020-08-18,Sierra,091,2930,6,6,0,6,0
2020-08-18,Siskiyou,093,43540,120,103,1,104,0
2020-08-18,Solano,095,438530,5147,4700,32,4732,31
2020-08-18,Sonoma,097,501317,5254,4506,19,4525,48
2020-08-18,Stanislaus,099,539301,14343,12935,207,13142,149
2020-08-18,Sutter,101,95872,1214,1126,1,1127,8
2020-08-18,Tehama,103,63373,381,333,2,335,1
2020-08-18,Trinity,105,12862,41,8,6,14,0
2020-08-18,Tulare,107,460477,13727,12637,48,12685,212
2020-08-18,Tuolumne,109,53932,175,159,3,162,1
2020-08-18,Ventura,111,848112,10588,9536,62,9598,89
2020-08-18,Yolo,113,214977,2295,2102,4,2106,47
2020-08-18,Yuba,115,75493,759,679,3,682,1
2020-08-17,Alameda,001,1643700,17262,15454,118,15572,221
2020-08-17,Alpine,003,1148,2,2,0,2,0
2020-08-17,Amador,005,37829,262,215,0,215,9
2020-08-17,Butte,007,227075,1628,1463,18,1481,15
2020-08-17,Calaveras,009,45235,204,167,0,167,1
2020-08-17,Colusa,011,21464,431,408,0,408,5
2020-08-17,Contra Costa,013,1133247,13280,11442,41,11483,141
2020-08-17,Del Norte,015,27424,107,77,0,77,0
2020-08-17,El Dorado,017,186661,960,846,2,848,2
2020-08-17,Fresno,019,978130,25848,21316,262,21578,211
2020-08-17,Glenn,021,27897,424,402,0,402,2
2020-08-17,Humboldt,023,135768,349,302,1,303,4
2020-08-17,Imperial,025,180216,10982,8897,6,8903,188
2020-08-17,Inyo,027,18085,156,124,3,127,1
2020-08-17,Kern,029,883053,28615,26773,174,26947,249
2020-08-17,Kings,031,150075,5767,5249,31,5280,58
2020-08-17,Lake,033,64148,305,270,0,270,2
2020-08-17,Lassen,035,31185,711,666,2,668,0
2020-08-17,Los Angeles,037,10098052,229984,223418,909,224327,5282
2020-08-17,Madera,039,155013,3627,3050,21,3071,26
2020-08-17,Marin,041,260295,5914,5683,12,5695,46
2020-08-17,Mariposa,043,17540,71,61,0,61,2
2020-08-17,Mendocino,045,87422,533,454,0,454,8
2020-08-17,Merced,047,269075,7398,6814,5,6819,66
2020-08-17,Modoc,049,8938,7,5,0,5,0
2020-08-17,Mono,051,14174,162,126,2,128,1
2020-08-17,Monterey,053,433212,7254,6553,20,6573,44
2020-08-17,Napa,055,140530,1384,1255,5,1260,10
2020-08-17,Nevada,057,99092,418,383,13,396,2
2020-08-17,Orange,059,3164182,48180,43621,1065,44686,804
2020-08-17,Placer,061,380077,2843,2609,5,2614,28
2020-08-17,Plumas,063,18699,39,33,0,33,0
2020-08-17,Riverside,065,2383286,51048,48062,51,48113,916
2020-08-17,Sacramento,067,1510023,16551,14333,14,14347,219
2020-08-17,San Benito,069,59416,959,822,0,822,2
2020-08-17,San Bernardino,071,2135413,46606,42005,253,42258,604
2020-08-17,San Diego,073,3302833,36840,34962,213,35175,626
2020-08-17,San Francisco,075,870044,8882,7600,9,7609,72
2020-08-17,San Joaquin,077,732212,17387,15323,27,15350,280
2020-08-17,San Luis Obispo,079,281455,2790,2527,15,2542,18
2020-08-17,San Mateo,081,765935,7882,6987,7,6994,118
2020-08-17,Santa Barbara,083,443738,7779,7438,69,7507,80
2020-08-17,Santa Clara,085,1922200,16690,14546,35,14581,183
2020-08-17,Santa Cruz,087,273765,1709,1453,14,1467,6
2020-08-17,Shasta,089,179085,583,467,3,470,9
2020-08-17,Sierra,091,2930,6,6,0,6,0
2020-08-17,Siskiyou,093,43540,119,103,0,103,0
2020-08-17,Solano,095,438530,5090,4479,32,4511,31
2020-08-17,Sonoma,097,501317,5166,4402,17,4419,48
2020-08-17,Stanislaus,099,539301,14218,12745,200,12945,148
2020-08-17,Sutter,101,95872,1198,1071,1,1072,8
2020-08-17,Tehama,103,63373,372,324,2,326,1
2020-08-17,Trinity,105,12862,41,8,6,14,0
2020-08-17,Tulare,107,460477,13614,12487,47,12534,210
2020-08-17,Tuolumne,109,53932,172,157,3,160,1
2020-08-17,Ventura,111,848112,10465,9490,57,9547,89
2020-08-17,Yolo,113,214977,2268,2083,4,2087,47
2020-08-17,Yuba,115,75493,744,647,3,650,1
2020-08-16,Alameda,001,1643700,16971,15338,118,15456,221
2020-08-16,Alpine,003,1148,2,2,0,2,0
2020-08-16,Amador,005,37829,259,215,0,215,9
2020-08-16,Butte,007,227075,1590,1432,18,1450,15
2020-08-16,Calaveras,009,45235,197,167,0,167,1
2020-08-16,Colusa,011,21464,429,407,0,407,5
2020-08-16,Contra Costa,013,1133247,13094,11255,41,11296,140
2020-08-16,Del Norte,015,27424,103,77,0,77,0
2020-08-16,El Dorado,017,186661,948,843,2,845,2
2020-08-16,Fresno,019,978130,25627,21010,257,21267,211
2020-08-16,Glenn,021,27897,422,400,0,400,2
2020-08-16,Humboldt,023,135768,347,301,1,302,4
2020-08-16,Imperial,025,180216,10938,8883,6,8889,188
2020-08-16,Inyo,027,18085,149,125,2,127,1
2020-08-16,Kern,029,883053,28416,26520,166,26686,249
2020-08-16,Kings,031,150075,5736,5146,31,5177,58
2020-08-16,Lake,033,64148,301,269,0,269,2
2020-08-16,Lassen,035,31185,711,666,2,668,0
2020-08-16,Los Angeles,037,10098052,228415,222236,879,223115,5263
2020-08-16,Madera,039,155013,3582,3013,21,3034,26
2020-08-16,Marin,041,260295,5888,5664,12,5676,46
2020-08-16,Mariposa,043,17540,71,61,0,61,2
2020-08-16,Mendocino,045,87422,525,451,0,451,8
2020-08-16,Merced,047,269075,7316,6744,5,6749,66
2020-08-16,Modoc,049,8938,7,5,0,5,0
2020-08-16,Mono,051,14174,162,126,2,128,1
2020-08-16,Monterey,053,433212,7156,6516,19,6535,44
2020-08-16,Napa,055,140530,1366,1241,3,1244,10
2020-08-16,Nevada,057,99092,409,379,13,392,2
2020-08-16,Orange,059,3164182,47931,43303,1054,44357,803
2020-08-16,Placer,061,380077,2814,2583,4,2587,28
2020-08-16,Plumas,063,18699,39,33,0,33,0
2020-08-16,Riverside,065,2383286,50717,47669,50,47719,910
2020-08-16,Sacramento,067,1510023,16311,14210,14,14224,219
2020-08-16,San Benito,069,59416,930,815,0,815,2
2020-08-16,San Bernardino,071,2135413,46182,41724,245,41969,603
2020-08-16,San Diego,073,3302833,36576,34680,198,34878,626
2020-08-16,San Francisco,075,870044,8795,7602,9,7611,72
2020-08-16,San Joaquin,077,732212,17184,15288,27,15315,280
2020-08-16,San Luis Obispo,079,281455,2761,2494,15,2509,17
2020-08-16,San Mateo,081,765935,7807,6942,7,6949,118
2020-08-16,Santa Barbara,083,443738,7730,7368,69,7437,79
2020-08-16,Santa Clara,085,1922200,16492,14329,35,14364,183
2020-08-16,Santa Cruz,087,273765,1682,1449,13,1462,6
2020-08-16,Shasta,089,179085,576,465,3,468,9
2020-08-16,Sierra,091,2930,6,6,0,6,0
2020-08-16,Siskiyou,093,43540,118,102,0,102,0
2020-08-16,Solano,095,438530,5030,4479,32,4511,31
2020-08-16,Sonoma,097,501317,5062,4329,17,4346,46
2020-08-16,Stanislaus,099,539301,14060,12668,190,12858,148
2020-08-16,Sutter,101,95872,1180,1071,1,1072,8
2020-08-16,Tehama,103,63373,362,318,2,320,1
2020-08-16,Trinity,105,12862,38,8,6,14,0
2020-08-16,Tulare,107,460477,13482,12334,44,12378,211
2020-08-16,Tuolumne,109,53932,172,156,3,159,1
2020-08-16,Ventura,111,848112,10356,9408,52,9460,89
2020-08-16,Yolo,113,214977,2249,2057,4,2061,47
2020-08-16,Yuba,115,75493,735,647,2,649,1
2020-08-15,Alameda,001,1643700,16894,15165,118,15283,221
2020-08-15,Alpine,003,1148,2,2,0,2,0
2020-08-15,Amador,005,37829,259,210,0,210,9
2020-08-15,Butte,007,227075,1568,1409,18,1427,15
2020-08-15,Calaveras,009,45235,195,167,0,167,1
2020-08-15,Colusa,011,21464,428,401,0,401,5
2020-08-15,Contra Costa,013,1133247,12998,11106,41,11147,138
2020-08-15,Del Norte,015,27424,103,77,0,77,0
2020-08-15,El Dorado,017,186661,943,838,2,840,2
2020-08-15,Fresno,019,978130,25511,20603,255,20858,211
2020-08-15,Glenn,021,27897,422,398,0,398,2
2020-08-15,Humboldt,023,135768,346,301,1,302,4
2020-08-15,Imperial,025,180216,10918,8794,6,8800,188
2020-08-15,Inyo,027,18085,149,123,2,125,1
2020-08-15,Kern,029,883053,28328,26338,166,26504,249
2020-08-15,Kings,031,150075,5718,5039,31,5070,56
2020-08-15,Lake,033,64148,299,268,0,268,2
2020-08-15,Lassen,035,31185,711,666,2,668,0
2020-08-15,Los Angeles,037,10098052,227665,221043,869,221912,5252
2020-08-15,Madera,039,155013,3532,2950,21,2971,26
2020-08-15,Marin,041,260295,5881,5628,12,5640,46
2020-08-15,Mariposa,043,17540,71,61,0,61,2
2020-08-15,Mendocino,045,87422,521,444,0,444,8
2020-08-15,Merced,047,269075,7282,6656,5,6661,66
2020-08-15,Modoc,049,8938,7,5,0,5,0
2020-08-15,Mono,051,14174,162,126,2,128,1
2020-08-15,Monterey,053,433212,7111,6162,19,6181,44
2020-08-15,Napa,055,140530,1356,1232,3,1235,10
2020-08-15,Nevada,057,99092,409,376,13,389,2
2020-08-15,Orange,059,3164182,47818,42811,1043,43854,801
2020-08-15,Placer,061,380077,2793,2551,4,2555,27
2020-08-15,Plumas,063,18699,39,33,0,33,0
2020-08-15,Riverside,065,2383286,50566,46720,50,46770,910
2020-08-15,Sacramento,067,1510023,16201,14018,14,14032,219
2020-08-15,San Benito,069,59416,917,805,0,805,2
2020-08-15,San Bernardino,071,2135413,46030,41231,243,41474,602
2020-08-15,San Diego,073,3302833,36410,34346,184,34530,639
2020-08-15,San Francisco,075,870044,8731,7601,9,7610,69
2020-08-15,San Joaquin,077,732212,17111,15113,27,15140,280
2020-08-15,San Luis Obispo,079,281455,2744,2461,15,2476,17
2020-08-15,San Mateo,081,765935,7770,6860,7,6867,118
2020-08-15,Santa Barbara,083,443738,7702,7338,69,7407,79
2020-08-15,Santa Clara,085,1922200,16396,14105,35,14140,183
2020-08-15,Santa Cruz,087,273765,1661,1449,13,1462,6
2020-08-15,Shasta,089,179085,573,458,3,461,9
2020-08-15,Sierra,091,2930,6,6,0,6,0
2020-08-15,Siskiyou,093,43540,117,100,0,100,0
2020-08-15,Solano,095,438530,5008,4477,32,4509,31
2020-08-15,Sonoma,097,501317,5007,4134,17,4151,45
2020-08-15,Stanislaus,099,539301,13996,12541,189,12730,149
2020-08-15,Sutter,101,95872,1169,1046,1,1047,8
2020-08-15,Tehama,103,63373,361,312,2,314,1
2020-08-15,Trinity,105,12862,36,6,6,12,0
2020-08-15,Tulare,107,460477,13444,12262,44,12306,211
2020-08-15,Tuolumne,109,53932,172,155,3,158,1
2020-08-15,Ventura,111,848112,10297,9379,50,9429,89
2020-08-15,Yolo,113,214977,2237,2031,4,2035,46
2020-08-15,Yuba,115,75493,731,623,2,625,1
2020-08-14,Alameda,001,1643700,16755,14909,118,15027,221
2020-08-14,Alpine,003,1148,2,2,0,2,0
2020-08-14,Amador,005,37829,259,209,0,209,9
2020-08-14,Butte,007,227075,1559,1384,18,1402,15
2020-08-14,Calaveras,009,45235,191,165,0,165,1
2020-08-14,Colusa,011,21464,426,399,0,399,5
2020-08-14,Contra Costa,013,1133247,12886,10893,41,10934,137
2020-08-14,Del Norte,015,27424,103,76,0,76,0
2020-08-14,El Dorado,017,186661,935,827,2,829,2
2020-08-14,Fresno,019,978130,25377,19900,255,20155,208
2020-08-14,Glenn,021,27897,420,395,0,395,2
2020-08-14,Humboldt,023,135768,340,294,1,295,4
2020-08-14,Imperial,025,180216,10894,8756,6,8762,185
2020-08-14,Inyo,027,18085,148,115,2,117,1
2020-08-14,Kern,029,883053,28224,25893,165,26058,249
2020-08-14,Kings,031,150075,5704,4953,31,4984,56
2020-08-14,Lake,033,64148,290,267,0,267,2
2020-08-14,Lassen,035,31185,711,665,2,667,0
2020-08-14,Los Angeles,037,10098052,226498,219083,852,219935,5222
2020-08-14,Madera,039,155013,3502,2876,21,2897,26
2020-08-14,Marin,041,260295,5870,5601,12,5613,46
2020-08-14,Mariposa,043,17540,70,61,0,61,2
2020-08-14,Mendocino,045,87422,512,432,0,432,8
2020-08-14,Merced,047,269075,7252,6466,5,6471,67
2020-08-14,Modoc,049,8938,7,5,0,5,0
2020-08-14,Mono,051,14174,162,126,2,128,1
2020-08-14,Monterey,053,433212,7060,6121,19,6140,41
2020-08-14,Napa,055,140530,1346,1230,3,1233,10
2020-08-14,Nevada,057,99092,405,377,13,390,2
2020-08-14,Orange,059,3164182,47668,42399,1030,43429,798
2020-08-14,Placer,061,380077,2774,2546,4,2550,26
2020-08-14,Plumas,063,18699,38,33,0,33,0
2020-08-14,Riverside,065,2383286,50337,46456,50,46506,891
2020-08-14,Sacramento,067,1510023,16052,13645,14,13659,212
2020-08-14,San Benito,069,59416,900,783,0,783,2
2020-08-14,San Bernardino,071,2135413,45843,40442,240,40682,594
2020-08-14,San Diego,073,3302833,36216,34067,177,34244,622
2020-08-14,San Francisco,075,870044,8672,7467,9,7476,69
2020-08-14,San Joaquin,077,732212,17011,14925,27,14952,276
2020-08-14,San Luis Obispo,079,281455,2729,2422,15,2437,17
2020-08-14,San Mateo,081,765935,7711,6655,7,6662,118
2020-08-14,Santa Barbara,083,443738,7652,7302,69,7371,77
2020-08-14,Santa Clara,085,1922200,16230,13785,34,13819,183
2020-08-14,Santa Cruz,087,273765,1639,1418,12,1430,6
2020-08-14,Shasta,089,179085,568,446,3,449,9
2020-08-14,Sierra,091,2930,6,5,0,5,0
2020-08-14,Siskiyou,093,43540,117,98,0,98,0
2020-08-14,Solano,095,438530,4987,4421,32,4453,31
2020-08-14,Sonoma,097,501317,4947,4087,14,4101,45
2020-08-14,Stanislaus,099,539301,13918,12379,185,12564,140
2020-08-14,Sutter,101,95872,1161,1039,1,1040,8
2020-08-14,Tehama,103,63373,357,305,2,307,1
2020-08-14,Trinity,105,12862,36,6,6,12,0
2020-08-14,Tulare,107,460477,13367,12009,44,12053,211
2020-08-14,Tuolumne,109,53932,171,155,3,158,1
2020-08-14,Ventura,111,848112,10222,9313,50,9363,89
2020-08-14,Yolo,113,214977,2223,1991,4,1995,45
2020-08-14,Yuba,115,75493,715,606,2,608,1
2020-08-13,Alameda,001,1643700,16477,14385,118,14503,218
2020-08-13,Alpine,003,1148,2,2,0,2,0
2020-08-13,Amador,005,37829,259,198,0,198,8
2020-08-13,Butte,007,227075,1534,1345,18,1363,15
2020-08-13,Calaveras,009,45235,189,162,0,162,1
2020-08-13,Colusa,011,21464,426,395,0,395,5
2020-08-13,Contra Costa,013,1133247,12732,10545,40,10585,136
2020-08-13,Del Norte,015,27424,102,74,0,74,0
2020-08-13,El Dorado,017,186661,930,803,2,805,2
2020-08-13,Fresno,019,978130,25150,19157,249,19406,201
2020-08-13,Glenn,021,27897,416,392,0,392,1
2020-08-13,Humboldt,023,135768,332,281,1,282,4
2020-08-13,Imperial,025,180216,10863,8640,6,8646,170
2020-08-13,Inyo,027,18085,144,97,2,99,1
2020-08-13,Kern,029,883053,28057,25472,162,25634,242
2020-08-13,Kings,031,150075,5669,4824,31,4855,52
2020-08-13,Lake,033,64148,285,263,0,263,2
2020-08-13,Lassen,035,31185,711,652,2,654,0
2020-08-13,Los Angeles,037,10098052,225122,216497,831,217328,5179
2020-08-13,Madera,039,155013,3458,2675,20,2695,25
2020-08-13,Marin,041,260295,5854,5503,12,5515,44
2020-08-13,Mariposa,043,17540,69,61,0,61,2
2020-08-13,Mendocino,045,87422,507,401,0,401,8
2020-08-13,Merced,047,269075,7135,5945,5,5950,63
2020-08-13,Modoc,049,8938,7,5,0,5,0
2020-08-13,Mono,051,14174,162,124,2,126,1
2020-08-13,Monterey,053,433212,6977,5925,19,5944,38
2020-08-13,Napa,055,140530,1337,1179,3,1182,10
2020-08-13,Nevada,057,99092,401,362,13,375,1
2020-08-13,Orange,059,3164182,47429,42019,1018,43037,773
2020-08-13,Placer,061,380077,2751,2460,4,2464,26
2020-08-13,Plumas,063,18699,38,32,0,32,0
2020-08-13,Riverside,065,2383286,50041,45327,50,45377,885
2020-08-13,Sacramento,067,1510023,15849,13237,14,13251,197
2020-08-13,San Benito,069,59416,871,757,0,757,2
2020-08-13,San Bernardino,071,2135413,45448,39395,234,39629,591
2020-08-13,San Diego,073,3302833,35980,33661,159,33820,627
2020-08-13,San Francisco,075,870044,8578,7277,9,7286,69
2020-08-13,San Joaquin,077,732212,16856,14537,26,14563,261
2020-08-13,San Luis Obispo,079,281455,2707,2283,15,2298,16
2020-08-13,San Mateo,081,765935,7649,6503,7,6510,117
2020-08-13,Santa Barbara,083,443738,7607,7129,68,7197,74
2020-08-13,Santa Clara,085,1922200,16007,13257,34,13291,182
2020-08-13,Santa Cruz,087,273765,1614,1383,12,1395,6
2020-08-13,Shasta,089,179085,563,428,3,431,9
2020-08-13,Sierra,091,2930,6,5,0,5,0
2020-08-13,Siskiyou,093,43540,117,95,0,95,0
2020-08-13,Solano,095,438530,4950,4305,32,4337,31
2020-08-13,Sonoma,097,501317,4873,3902,14,3916,45
2020-08-13,Stanislaus,099,539301,13788,11953,169,12122,136
2020-08-13,Sutter,101,95872,1139,992,1,993,8
2020-08-13,Tehama,103,63373,348,302,2,304,1
2020-08-13,Trinity,105,12862,35,6,6,12,0
2020-08-13,Tulare,107,460477,13223,11692,41,11733,210
2020-08-13,Tuolumne,109,53932,170,152,3,155,1
2020-08-13,Ventura,111,848112,10133,9114,50,9164,90
2020-08-13,Yolo,113,214977,2196,1938,4,1942,44
2020-08-13,Yuba,115,75493,699,568,2,570,1
2020-08-12,Alameda,001,1643700,16264,14214,118,14332,215
2020-08-12,Alpine,003,1148,2,2,0,2,0
2020-08-12,Amador,005,37829,256,197,0,197,8
2020-08-12,Butte,007,227075,1506,1317,18,1335,15
2020-08-12,Calaveras,009,45235,186,157,0,157,1
2020-08-12,Colusa,011,21464,421,394,0,394,5
2020-08-12,Contra Costa,013,1133247,12587,10304,39,10343,134
2020-08-12,Del Norte,015,27424,101,74,0,74,0
2020-08-12,El Dorado,017,186661,912,794,2,796,2
2020-08-12,Fresno,019,978130,24920,18690,243,18933,194
2020-08-12,Glenn,021,27897,413,388,0,388,1
2020-08-12,Humboldt,023,135768,325,281,1,282,4
2020-08-12,Imperial,025,180216,10840,8566,6,8572,167
2020-08-12,Inyo,027,18085,127,97,2,99,1
2020-08-12,Kern,029,883053,27865,25191,160,25351,232
2020-08-12,Kings,031,150075,5630,4736,31,4767,50
2020-08-12,Lake,033,64148,283,253,0,253,2
2020-08-12,Lassen,035,31185,710,651,2,653,0
2020-08-12,Los Angeles,037,10098052,223722,214542,815,215357,5119
2020-08-12,Madera,039,155013,3424,2681,18,2699,23
2020-08-12,Marin,041,260295,5832,5423,12,5435,44
2020-08-12,Mariposa,043,17540,69,61,0,61,2
2020-08-12,Mendocino,045,87422,488,386,0,386,9
2020-08-12,Merced,047,269075,7073,5777,5,5782,66
2020-08-12,Modoc,049,8938,7,5,0,5,0
2020-08-12,Mono,051,14174,161,124,2,126,1
2020-08-12,Monterey,053,433212,6873,5919,19,5938,38
2020-08-12,Napa,055,140530,1327,1161,3,1164,10
2020-08-12,Nevada,057,99092,396,357,13,370,1
2020-08-12,Orange,059,3164182,47178,41576,994,42570,754
2020-08-12,Placer,061,380077,2719,2417,4,2421,25
2020-08-12,Plumas,063,18699,38,31,0,31,0
2020-08-12,Riverside,065,2383286,49693,44747,50,44797,867
2020-08-12,Sacramento,067,1510023,15637,12528,14,12542,189
2020-08-12,San Benito,069,59416,858,751,0,751,2
2020-08-12,San Bernardino,071,2135413,45105,38811,225,39036,589
2020-08-12,San Diego,073,3302833,35771,33395,139,33534,608
2020-08-12,San Francisco,075,870044,8495,7194,9,7203,66
2020-08-12,San Joaquin,077,732212,16710,14154,26,14180,253
2020-08-12,San Luis Obispo,079,281455,2682,2263,15,2278,15
2020-08-12,San Mateo,081,765935,7570,6427,7,6434,117
2020-08-12,Santa Barbara,083,443738,7547,7049,66,7115,74
2020-08-12,Santa Clara,085,1922200,15831,13002,34,13036,182
2020-08-12,Santa Cruz,087,273765,1585,1382,11,1393,6
2020-08-12,Shasta,089,179085,559,417,3,420,9
2020-08-12,Sierra,091,2930,5,4,0,4,0
2020-08-12,Siskiyou,093,43540,116,90,0,90,0
2020-08-12,Solano,095,438530,4905,4258,32,4290,31
2020-08-12,Sonoma,097,501317,4799,3847,14,3861,47
2020-08-12,Stanislaus,099,539301,13649,11682,161,11843,136
2020-08-12,Sutter,101,95872,1115,987,1,988,7
2020-08-12,Tehama,103,63373,338,289,2,291,1
2020-08-12,Trinity,105,12862,34,6,6,12,0
2020-08-12,Tulare,107,460477,13095,11460,41,11501,211
2020-08-12,Tuolumne,109,53932,169,150,3,153,1
2020-08-12,Ventura,111,848112,10046,9005,50,9055,87
2020-08-12,Yolo,113,214977,2172,1921,4,1925,44
2020-08-12,Yuba,115,75493,677,549,1,550,1
2020-08-11,Alameda,001,1643700,16003,13960,115,14075,204
2020-08-11,Alpine,003,1148,2,2,0,2,0
2020-08-11,Amador,005,37829,250,187,0,187,3
2020-08-11,Butte,007,227075,1479,1296,18,1314,15
2020-08-11,Calaveras,009,45235,184,161,0,161,1
2020-08-11,Colusa,011,21464,416,390,0,390,5
2020-08-11,Contra Costa,013,1133247,12398,10012,37,10049,131
2020-08-11,Del Norte,015,27424,100,73,0,73,0
2020-08-11,El Dorado,017,186661,905,786,2,788,2
2020-08-11,Fresno,019,978130,24598,18344,240,18584,187
2020-08-11,Glenn,021,27897,411,380,0,380,1
2020-08-11,Humboldt,023,135768,320,283,1,284,4
2020-08-11,Imperial,025,180216,10785,8518,6,8524,165
2020-08-11,Inyo,027,18085,122,97,2,99,1
2020-08-11,Kern,029,883053,27530,25042,158,25200,230
2020-08-11,Kings,031,150075,5439,4696,31,4727,50
2020-08-11,Lake,033,64148,280,243,0,243,2
2020-08-11,Lassen,035,31185,704,605,2,607,0
2020-08-11,Los Angeles,037,10098052,222222,212421,790,213211,5065
2020-08-11,Madera,039,155013,3370,2673,18,2691,22
2020-08-11,Marin,041,260295,5805,5287,11,5298,44
2020-08-11,Mariposa,043,17540,68,60,0,60,2
2020-08-11,Mendocino,045,87422,478,385,0,385,9
2020-08-11,Merced,047,269075,6978,5322,4,5326,65
2020-08-11,Modoc,049,8938,7,5,0,5,0
2020-08-11,Mono,051,14174,161,124,2,126,1
2020-08-11,Monterey,053,433212,6764,5624,19,5643,36
2020-08-11,Napa,055,140530,1316,1143,2,1145,11
2020-08-11,Nevada,057,99092,393,358,13,371,1
2020-08-11,Orange,059,3164182,46958,41205,972,42177,742
2020-08-11,Placer,061,380077,2687,2393,4,2397,24
2020-08-11,Plumas,063,18699,38,31,0,31,0
2020-08-11,Riverside,065,2383286,49336,44237,50,44287,836
2020-08-11,Sacramento,067,1510023,15346,12298,14,12312,182
2020-08-11,San Benito,069,59416,846,750,0,750,2
2020-08-11,San Bernardino,071,2135413,44764,38467,218,38685,584
2020-08-11,San Diego,073,3302833,35504,33159,120,33279,602
2020-08-11,San Francisco,075,870044,8399,6988,9,6997,66
2020-08-11,San Joaquin,077,732212,16532,13997,21,14018,251
2020-08-11,San Luis Obispo,079,281455,2625,2234,15,2249,15
2020-08-11,San Mateo,081,765935,7496,6339,7,6346,117
2020-08-11,Santa Barbara,083,443738,7498,6942,66,7008,70
2020-08-11,Santa Clara,085,1922200,15610,12920,34,12954,183
2020-08-11,Santa Cruz,087,273765,1562,1352,11,1363,4
2020-08-11,Shasta,089,179085,555,416,3,419,9
2020-08-11,Sierra,091,2930,5,4,0,4,0
2020-08-11,Siskiyou,093,43540,116,90,0,90,0
2020-08-11,Solano,095,438530,4857,4206,31,4237,31
2020-08-11,Sonoma,097,501317,4704,3752,14,3766,45
2020-08-11,Stanislaus,099,539301,13545,11592,149,11741,128
2020-08-11,Sutter,101,95872,1093,964,1,965,7
2020-08-11,Tehama,103,63373,334,289,2,291,1
2020-08-11,Trinity,105,12862,34,5,6,11,0
2020-08-11,Tulare,107,460477,12970,11392,40,11432,201
2020-08-11,Tuolumne,109,53932,164,146,3,149,1
2020-08-11,Ventura,111,848112,9978,8953,49,9002,88
2020-08-11,Yolo,113,214977,2150,1912,4,1916,44
2020-08-11,Yuba,115,75493,666,540,1,541,1
2020-08-10,Alameda,001,1643700,15763,13420,114,13534,203
2020-08-10,Alpine,003,1148,2,2,0,2,0
2020-08-10,Amador,005,37829,249,172,0,172,2
2020-08-10,Butte,007,227075,1455,1174,16,1190,15
2020-08-10,Calaveras,009,45235,174,121,0,121,1
2020-08-10,Colusa,011,21464,414,387,0,387,4
2020-08-10,Contra Costa,013,1133247,12245,9454,35,9489,130
2020-08-10,Del Norte,015,27424,98,69,0,69,0
2020-08-10,El Dorado,017,186661,893,771,2,773,2
2020-08-10,Fresno,019,978130,24317,17978,239,18217,183
2020-08-10,Glenn,021,27897,408,381,0,381,1
2020-08-10,Humboldt,023,135768,314,277,1,278,4
2020-08-10,Imperial,025,180216,10741,8465,6,8471,165
2020-08-10,Inyo,027,18085,122,97,2,99,1
2020-08-10,Kern,029,883053,27304,24499,157,24656,215
2020-08-10,Kings,031,150075,5333,4588,31,4619,50
2020-08-10,Lake,033,64148,273,239,0,239,2
2020-08-10,Lassen,035,31185,704,588,2,590,0
2020-08-10,Los Angeles,037,10098052,220646,211035,772,211807,5003
2020-08-10,Madera,039,155013,3337,2365,17,2382,22
2020-08-10,Marin,041,260295,5760,5242,10,5252,44
2020-08-10,Mariposa,043,17540,68,57,0,57,2
2020-08-10,Mendocino,045,87422,454,364,0,364,1
2020-08-10,Merced,047,269075,6897,4913,4,4917,51
2020-08-10,Modoc,049,8938,7,5,0,5,0
2020-08-10,Mono,051,14174,161,123,2,125,1
2020-08-10,Monterey,053,433212,6654,5358,19,5377,34
2020-08-10,Napa,055,140530,1298,1084,2,1086,8
2020-08-10,Nevada,057,99092,385,356,13,369,1
2020-08-10,Orange,059,3164182,46688,40445,954,41399,721
2020-08-10,Placer,061,380077,2648,2298,4,2302,21
2020-08-10,Plumas,063,18699,38,27,0,27,0
2020-08-10,Riverside,065,2383286,48952,43296,49,43345,830
2020-08-10,Sacramento,067,1510023,15035,12059,14,12073,168
2020-08-10,San Benito,069,59416,833,743,0,743,2
2020-08-10,San Bernardino,071,2135413,44387,37367,209,37576,579
2020-08-10,San Diego,073,3302833,35238,32977,104,33081,594
2020-08-10,San Francisco,075,870044,8309,6816,8,6824,66
2020-08-10,San Joaquin,077,732212,16350,13308,21,13329,240
2020-08-10,San Luis Obispo,079,281455,2526,2208,14,2222,15
2020-08-10,San Mateo,081,765935,7419,6222,7,6229,117
2020-08-10,Santa Barbara,083,443738,7443,6869,66,6935,66
2020-08-10,Santa Clara,085,1922200,15350,12615,33,12648,182
2020-08-10,Santa Cruz,087,273765,1542,1239,10,1249,4
2020-08-10,Shasta,089,179085,551,384,3,387,9
2020-08-10,Sierra,091,2930,5,3,0,3,0
2020-08-10,Siskiyou,093,43540,113,88,0,88,0
2020-08-10,Solano,095,438530,4797,4101,31,4132,31
2020-08-10,Sonoma,097,501317,4535,3640,10,3650,42
2020-08-10,Stanislaus,099,539301,13363,10855,132,10987,106
2020-08-10,Sutter,101,95872,1068,865,1,866,7
2020-08-10,Tehama,103,63373,327,282,2,284,1
2020-08-10,Trinity,105,12862,31,5,6,11,0
2020-08-10,Tulare,107,460477,12797,10750,38,10788,194
2020-08-10,Tuolumne,109,53932,164,143,2,145,1
2020-08-10,Ventura,111,848112,9894,8851,48,8899,85
2020-08-10,Yolo,113,214977,2127,1840,4,1844,45
2020-08-10,Yuba,115,75493,649,527,1,528,1
2020-08-09,Alameda,001,1643700,15483,13241,112,13353,203
2020-08-09,Alpine,003,1148,2,2,0,2,0
2020-08-09,Amador,005,37829,244,153,0,153,2
2020-08-09,Butte,007,227075,1411,1155,16,1171,15
2020-08-09,Calaveras,009,45235,169,122,0,122,1
2020-08-09,Colusa,011,21464,410,371,0,371,4
2020-08-09,Contra Costa,013,1133247,12017,9214,34,9248,130
2020-08-09,Del Norte,015,27424,98,69,0,69,0
2020-08-09,El Dorado,017,186661,885,748,2,750,2
2020-08-09,Fresno,019,978130,24008,17846,235,18081,183
2020-08-09,Glenn,021,27897,406,354,0,354,1
2020-08-09,Humboldt,023,135768,308,279,1,280,4
2020-08-09,Imperial,025,180216,10698,8310,5,8315,165
2020-08-09,Inyo,027,18085,117,86,1,87,1
2020-08-09,Kern,029,883053,27048,23680,157,23837,215
2020-08-09,Kings,031,150075,5290,4446,30,4476,50
2020-08-09,Lake,033,64148,266,225,0,225,2
2020-08-09,Lassen,035,31185,698,589,2,591,0
2020-08-09,Los Angeles,037,10098052,218586,208810,750,209560,4984
2020-08-09,Madera,039,155013,3278,2322,13,2335,22
2020-08-09,Marin,041,260295,5717,5204,10,5214,44
2020-08-09,Mariposa,043,17540,66,56,0,56,2
2020-08-09,Mendocino,045,87422,444,283,0,283,1
2020-08-09,Merced,047,269075,6800,4735,3,4738,51
2020-08-09,Modoc,049,8938,7,4,0,4,0
2020-08-09,Mono,051,14174,160,113,2,115,1
2020-08-09,Monterey,053,433212,6530,5199,19,5218,34
2020-08-09,Napa,055,140530,1279,1062,2,1064,8
2020-08-09,Nevada,057,99092,377,332,13,345,1
2020-08-09,Orange,059,3164182,46389,39244,939,40183,722
2020-08-09,Placer,061,380077,2619,2211,4,2215,20
2020-08-09,Plumas,063,18699,38,27,0,27,0
2020-08-09,Riverside,065,2383286,48606,41894,49,41943,828
2020-08-09,Sacramento,067,1510023,14755,11301,14,11315,167
2020-08-09,San Benito,069,59416,814,687,0,687,2
2020-08-09,San Bernardino,071,2135413,43911,36092,209,36301,579
2020-08-09,San Diego,073,3302833,34947,32749,93,32842,594
2020-08-09,San Francisco,075,870044,8194,6820,8,6828,66
2020-08-09,San Joaquin,077,732212,16146,12933,20,12953,240
2020-08-09,San Luis Obispo,079,281455,2490,2124,14,2138,15
2020-08-09,San Mateo,081,765935,7324,6094,7,6101,117
2020-08-09,Santa Barbara,083,443738,7355,6669,66,6735,66
2020-08-09,Santa Clara,085,1922200,15080,11878,33,11911,181
2020-08-09,Santa Cruz,087,273765,1518,1246,10,1256,4
2020-08-09,Shasta,089,179085,547,361,3,364,9
2020-08-09,Sierra,091,2930,5,3,0,3,0
2020-08-09,Siskiyou,093,43540,112,74,0,74,0
2020-08-09,Solano,095,438530,4744,3954,30,3984,31
2020-08-09,Sonoma,097,501317,4399,3531,8,3539,41
2020-08-09,Stanislaus,099,539301,13155,10264,119,10383,106
2020-08-09,Sutter,101,95872,1034,857,1,858,7
2020-08-09,Tehama,103,63373,319,265,2,267,1
2020-08-09,Trinity,105,12862,31,5,6,11,0
2020-08-09,Tulare,107,460477,12605,10630,35,10665,194
2020-08-09,Tuolumne,109,53932,161,143,2,145,1
2020-08-09,Ventura,111,848112,9746,8633,47,8680,85
2020-08-09,Yolo,113,214977,2096,1765,4,1769,44
2020-08-09,Yuba,115,75493,629,442,1,443,1
2020-08-08,Alameda,001,1643700,15373,13087,112,13199,204
2020-08-08,Alpine,003,1148,2,2,0,2,0
2020-08-08,Amador,005,37829,244,139,0,139,2
2020-08-08,Butte,007,227075,1393,1140,16,1156,15
2020-08-08,Calaveras,009,45235,168,122,0,122,1
2020-08-08,Colusa,011,21464,409,368,0,368,4
2020-08-08,Contra Costa,013,1133247,11908,9104,34,9138,129
2020-08-08,Del Norte,015,27424,97,69,0,69,0
2020-08-08,El Dorado,017,186661,878,734,2,736,2
2020-08-08,Fresno,019,978130,23871,17538,233,17771,183
2020-08-08,Glenn,021,27897,406,344,0,344,1
2020-08-08,Humboldt,023,135768,305,277,1,278,4
2020-08-08,Imperial,025,180216,10683,8213,5,8218,165
2020-08-08,Inyo,027,18085,113,86,1,87,1
2020-08-08,Kern,029,883053,26934,22803,157,22960,215
2020-08-08,Kings,031,150075,5276,4367,30,4397,49
2020-08-08,Lake,033,64148,264,221,0,221,2
2020-08-08,Lassen,035,31185,698,589,2,591,0
2020-08-08,Los Angeles,037,10098052,217701,206971,739,207710,4974
2020-08-08,Madera,039,155013,3247,2275,13,2288,22
2020-08-08,Marin,041,260295,5697,5118,10,5128,44
2020-08-08,Mariposa,043,17540,65,55,0,55,2
2020-08-08,Mendocino,045,87422,442,264,0,264,1
2020-08-08,Merced,047,269075,6760,4570,3,4573,51
2020-08-08,Modoc,049,8938,7,4,0,4,0
2020-08-08,Mono,051,14174,160,113,2,115,1
2020-08-08,Monterey,053,433212,6472,5101,19,5120,33
2020-08-08,Napa,055,140530,1271,1062,2,1064,8
2020-08-08,Nevada,057,99092,375,325,13,338,1
2020-08-08,Orange,059,3164182,46259,38688,930,39618,718
2020-08-08,Placer,061,380077,2602,2153,4,2157,20
2020-08-08,Plumas,063,18699,38,27,0,27,0
2020-08-08,Riverside,065,2383286,48402,41412,49,41461,823
2020-08-08,Sacramento,067,1510023,14626,11144,14,11158,166
2020-08-08,San Benito,069,59416,806,684,0,684,2
2020-08-08,San Bernardino,071,2135413,43715,35691,208,35899,531
2020-08-08,San Diego,073,3302833,34758,32332,84,32416,593
2020-08-08,San Francisco,075,870044,8128,6820,8,6828,66
2020-08-08,San Joaquin,077,732212,16065,12559,19,12578,240
2020-08-08,San Luis Obispo,079,281455,2467,2081,14,2095,15
2020-08-08,San Mateo,081,765935,7266,6021,7,6028,117
2020-08-08,Santa Barbara,083,443738,7317,6598,66,6664,66
2020-08-08,Santa Clara,085,1922200,14928,11615,33,11648,181
2020-08-08,Santa Cruz,087,273765,1504,1247,10,1257,4
2020-08-08,Shasta,089,179085,545,343,3,346,9
2020-08-08,Sierra,091,2930,5,3,0,3,0
2020-08-08,Siskiyou,093,43540,112,73,0,73,0
2020-08-08,Solano,095,438530,4723,3889,29,3918,31
2020-08-08,Sonoma,097,501317,4368,3399,8,3407,41
2020-08-08,Stanislaus,099,539301,13080,9963,114,10077,105
2020-08-08,Sutter,101,95872,1024,830,1,831,7
2020-08-08,Tehama,103,63373,318,251,2,253,1
2020-08-08,Trinity,105,12862,31,5,6,11,0
2020-08-08,Tulare,107,460477,12529,10505,35,10540,192
2020-08-08,Tuolumne,109,53932,161,143,2,145,1
2020-08-08,Ventura,111,848112,9691,8462,46,8508,85
2020-08-08,Yolo,113,214977,2083,1725,4,1729,44
2020-08-08,Yuba,115,75493,620,430,1,431,1
2020-08-07,Alameda,001,1643700,15262,12805,112,12917,204
2020-08-07,Alpine,003,1148,2,2,0,2,0
2020-08-07,Amador,005,37829,242,125,0,125,2
2020-08-07,Butte,007,227075,1375,1092,16,1108,13
2020-08-07,Calaveras,009,45235,168,119,0,119,1
2020-08-07,Colusa,011,21464,408,358,0,358,4
2020-08-07,Contra Costa,013,1133247,11760,8810,34,8844,126
2020-08-07,Del Norte,015,27424,97,69,0,69,0
2020-08-07,El Dorado,017,186661,873,724,2,726,2
2020-08-07,Fresno,019,978130,23711,17290,233,17523,171
2020-08-07,Glenn,021,27897,405,339,0,339,1
2020-08-07,Humboldt,023,135768,301,274,1,275,4
2020-08-07,Imperial,025,180216,10658,8085,5,8090,164
2020-08-07,Inyo,027,18085,112,81,1,82,1
2020-08-07,Kern,029,883053,26808,22143,154,22297,206
2020-08-07,Kings,031,150075,5259,4315,30,4345,48
2020-08-07,Lake,033,64148,262,215,0,215,1
2020-08-07,Lassen,035,31185,697,588,2,590,0
2020-08-07,Los Angeles,037,10098052,216235,204406,727,205133,4924
2020-08-07,Madera,039,155013,3215,2245,13,2258,20
2020-08-07,Marin,041,260295,5668,5094,10,5104,43
2020-08-07,Mariposa,043,17540,65,53,0,53,2
2020-08-07,Mendocino,045,87422,428,262,0,262,1
2020-08-07,Merced,047,269075,6717,4358,3,4361,30
2020-08-07,Modoc,049,8938,7,4,0,4,0
2020-08-07,Mono,051,14174,160,112,2,114,1
2020-08-07,Monterey,053,433212,6397,5041,19,5060,33
2020-08-07,Napa,055,140530,1266,1055,2,1057,8
2020-08-07,Nevada,057,99092,372,324,13,337,1
2020-08-07,Orange,059,3164182,46047,38459,913,39372,701
2020-08-07,Placer,061,380077,2584,2078,4,2082,20
2020-08-07,Plumas,063,18699,38,25,0,25,0
2020-08-07,Riverside,065,2383286,48139,40902,48,40950,810
2020-08-07,Sacramento,067,1510023,14481,10798,14,10812,160
2020-08-07,San Benito,069,59416,800,647,0,647,2
2020-08-07,San Bernardino,071,2135413,43468,35200,207,35407,524
2020-08-07,San Diego,073,3302833,34573,31781,81,31862,586
2020-08-07,San Francisco,075,870044,8050,6765,8,6773,66
2020-08-07,San Joaquin,077,732212,15980,12392,19,12411,223
2020-08-07,San Luis Obispo,079,281455,2436,2050,14,2064,14
2020-08-07,San Mateo,081,765935,7206,5948,7,5955,117
2020-08-07,Santa Barbara,083,443738,7266,6509,66,6575,66
2020-08-07,Santa Clara,085,1922200,14729,11409,33,11442,180
2020-08-07,Santa Cruz,087,273765,1486,1234,10,1244,5
2020-08-07,Shasta,089,179085,540,342,3,345,9
2020-08-07,Sierra,091,2930,5,3,0,3,0
2020-08-07,Siskiyou,093,43540,109,73,0,73,0
2020-08-07,Solano,095,438530,4691,3844,28,3872,31
2020-08-07,Sonoma,097,501317,4304,3329,8,3337,34
2020-08-07,Stanislaus,099,539301,12958,9665,104,9769,98
2020-08-07,Sutter,101,95872,1020,807,1,808,6
2020-08-07,Tehama,103,63373,314,246,2,248,1
2020-08-07,Trinity,105,12862,30,5,6,11,0
2020-08-07,Tulare,107,460477,12452,10292,35,10327,195
2020-08-07,Tuolumne,109,53932,160,136,2,138,1
2020-08-07,Ventura,111,848112,9631,8356,44,8400,84
2020-08-07,Yolo,113,214977,2056,1689,4,1693,37
2020-08-07,Yuba,115,75493,615,413,1,414,1
2020-08-06,Alameda,001,1643700,15040,12474,111,12585,200
2020-08-06,Alpine,003,1148,2,2,0,2,0
2020-08-06,Amador,005,37829,228,125,0,125,0
2020-08-06,Butte,007,227075,1356,1060,16,1076,13
2020-08-06,Calaveras,009,45235,166,117,0,117,1
2020-08-06,Colusa,011,21464,405,358,0,358,3
2020-08-06,Contra Costa,013,1133247,11566,8583,33,8616,124
2020-08-06,Del Norte,015,27424,97,69,0,69,0
2020-08-06,El Dorado,017,186661,862,703,2,705,1
2020-08-06,Fresno,019,978130,23413,17031,226,17257,161
2020-08-06,Glenn,021,27897,400,332,0,332,1
2020-08-06,Humboldt,023,135768,296,266,1,267,4
2020-08-06,Imperial,025,180216,10615,8064,5,8069,163
2020-08-06,Inyo,027,18085,104,83,1,84,1
2020-08-06,Kern,029,883053,26572,21843,153,21996,197
2020-08-06,Kings,031,150075,5197,4264,29,4293,47
2020-08-06,Lake,033,64148,259,209,0,209,1
2020-08-06,Lassen,035,31185,695,588,2,590,0
2020-08-06,Los Angeles,037,10098052,214165,201372,711,202083,4874
2020-08-06,Madera,039,155013,3167,2240,12,2252,19
2020-08-06,Marin,041,260295,5636,5058,10,5068,43
2020-08-06,Mariposa,043,17540,64,52,0,52,2
2020-08-06,Mendocino,045,87422,414,260,0,260,1
2020-08-06,Merced,047,269075,6615,4235,3,4238,30
2020-08-06,Modoc,049,8938,7,4,0,4,0
2020-08-06,Mono,051,14174,159,111,2,113,1
2020-08-06,Monterey,053,433212,6288,5001,18,5019,33
2020-08-06,Napa,055,140530,1252,1032,2,1034,8
2020-08-06,Nevada,057,99092,367,321,13,334,1
2020-08-06,Orange,059,3164182,45755,38399,908,39307,694
2020-08-06,Placer,061,380077,2558,2045,4,2049,20
2020-08-06,Plumas,063,18699,37,25,0,25,0
2020-08-06,Riverside,065,2383286,47744,40269,48,40317,781
2020-08-06,Sacramento,067,1510023,14252,10548,14,10562,153
2020-08-06,San Benito,069,59416,792,626,0,626,2
2020-08-06,San Bernardino,071,2135413,43063,34819,205,35024,516
2020-08-06,San Diego,073,3302833,34306,31129,74,31203,583
2020-08-06,San Francisco,075,870044,7957,6737,7,6744,60
2020-08-06,San Joaquin,077,732212,15820,12269,19,12288,203
2020-08-06,San Luis Obispo,079,281455,2412,2000,13,2013,13
2020-08-06,San Mateo,081,765935,7106,5885,7,5892,117
2020-08-06,Santa Barbara,083,443738,7206,6620,66,6686,65
2020-08-06,Santa Clara,085,1922200,14500,11280,33,11313,178
2020-08-06,Santa Cruz,087,273765,1465,1215,10,1225,4
2020-08-06,Shasta,089,179085,531,343,3,346,9
2020-08-06,Sierra,091,2930,5,3,0,3,0
2020-08-06,Siskiyou,093,43540,109,73,0,73,0
2020-08-06,Solano,095,438530,4647,3784,28,3812,29
2020-08-06,Sonoma,097,501317,4240,3259,8,3267,33
2020-08-06,Stanislaus,099,539301,12808,9566,88,9654,98
2020-08-06,Sutter,101,95872,989,797,1,798,6
2020-08-06,Tehama,103,63373,311,242,2,244,1
2020-08-06,Trinity,105,12862,27,5,6,11,0
2020-08-06,Tulare,107,460477,12293,10169,35,10204,195
2020-08-06,Tuolumne,109,53932,159,136,2,138,1
2020-08-06,Ventura,111,848112,9516,8245,41,8286,80
2020-08-06,Yolo,113,214977,2032,1662,4,1666,36
2020-08-06,Yuba,115,75493,606,407,0,407,1
2020-08-05,Alameda,001,1643700,14826,12140,111,12251,193
2020-08-05,Alpine,003,1148,2,2,0,2,0
2020-08-05,Amador,005,37829,218,123,0,123,0
2020-08-05,Butte,007,227075,1322,1038,15,1053,13
2020-08-05,Calaveras,009,45235,163,116,0,116,1
2020-08-05,Colusa,011,21464,401,354,0,354,3
2020-08-05,Contra Costa,013,1133247,11397,8362,33,8395,122
2020-08-05,Del Norte,015,27424,96,69,0,69,0
2020-08-05,El Dorado,017,186661,854,692,2,694,1
2020-08-05,Fresno,019,978130,23169,16625,221,16846,159
2020-08-05,Glenn,021,27897,397,330,0,330,1
2020-08-05,Humboldt,023,135768,294,249,1,250,4
2020-08-05,Imperial,025,180216,10580,8036,5,8041,163
2020-08-05,Inyo,027,18085,102,62,1,63,1
2020-08-05,Kern,029,883053,26384,21540,148,21688,194
2020-08-05,Kings,031,150075,5152,4192,27,4219,47
2020-08-05,Lake,033,64148,252,209,0,209,1
2020-08-05,Lassen,035,31185,648,557,2,559,0
2020-08-05,Los Angeles,037,10098052,212248,198355,691,199046,4832
2020-08-05,Madera,039,155013,3125,2172,12,2184,19
2020-08-05,Marin,041,260295,5604,5036,10,5046,43
2020-08-05,Mariposa,043,17540,64,52,0,52,2
2020-08-05,Mendocino,045,87422,402,248,0,248,1
2020-08-05,Merced,047,269075,6480,4119,3,4122,30
2020-08-05,Modoc,049,8938,7,3,0,3,0
2020-08-05,Mono,051,14174,159,104,2,106,1
2020-08-05,Monterey,053,433212,6173,4936,18,4954,32
2020-08-05,Napa,055,140530,1240,1020,2,1022,8
2020-08-05,Nevada,057,99092,358,327,13,340,2
2020-08-05,Orange,059,3164182,45446,37907,900,38807,663
2020-08-05,Placer,061,380077,2517,1989,4,1993,18
2020-08-05,Plumas,063,18699,36,25,0,25,0
2020-08-05,Riverside,065,2383286,47352,39454,46,39500,761
2020-08-05,Sacramento,067,1510023,14033,10261,13,10274,151
2020-08-05,San Benito,069,59416,783,613,0,613,2
2020-08-05,San Bernardino,071,2135413,42601,34442,200,34642,504
2020-08-05,San Diego,073,3302833,34082,30866,58,30924,578
2020-08-05,San Francisco,075,870044,7864,6701,7,6708,60
2020-08-05,San Joaquin,077,732212,15657,12148,19,12167,199
2020-08-05,San Luis Obispo,079,281455,2388,1928,13,1941,13
2020-08-05,San Mateo,081,765935,7010,5695,7,5702,116
2020-08-05,Santa Barbara,083,443738,7146,6597,66,6663,63
2020-08-05,Santa Clara,085,1922200,14266,11074,33,11107,176
2020-08-05,Santa Cruz,087,273765,1445,1192,8,1200,4
2020-08-05,Shasta,089,179085,525,338,3,341,9
2020-08-05,Sierra,091,2930,5,3,0,3,0
2020-08-05,Siskiyou,093,43540,105,72,0,72,0
2020-08-05,Solano,095,438530,4596,3750,27,3777,29
2020-08-05,Sonoma,097,501317,4157,3173,8,3181,33
2020-08-05,Stanislaus,099,539301,12649,9408,83,9491,97
2020-08-05,Sutter,101,95872,978,780,1,781,6
2020-08-05,Tehama,103,63373,308,231,2,233,1
2020-08-05,Trinity,105,12862,27,5,6,11,0
2020-08-05,Tulare,107,460477,12153,9924,35,9959,192
2020-08-05,Tuolumne,109,53932,159,137,2,139,0
2020-08-05,Ventura,111,848112,9400,8162,37,8199,75
2020-08-05,Yolo,113,214977,2004,1634,4,1638,36
2020-08-05,Yuba,115,75493,589,400,0,400,1
2020-08-04,Alameda,001,1643700,14609,11983,110,12093,192
2020-08-04,Alpine,003,1148,2,2,0,2,0
2020-08-04,Amador,005,37829,203,123,0,123,0
2020-08-04,Butte,007,227075,1298,1011,15,1026,10
2020-08-04,Calaveras,009,45235,159,116,0,116,1
2020-08-04,Colusa,011,21464,396,354,0,354,3
2020-08-04,Contra Costa,013,1133247,11230,8210,33,8243,122
2020-08-04,Del Norte,015,27424,94,69,0,69,0
2020-08-04,El Dorado,017,186661,844,668,2,670,1
2020-08-04,Fresno,019,978130,22884,16272,214,16486,154
2020-08-04,Glenn,021,27897,396,325,0,325,1
2020-08-04,Humboldt,023,135768,284,241,1,242,4
2020-08-04,Imperial,025,180216,10543,7974,5,7979,163
2020-08-04,Inyo,027,18085,88,59,1,60,1
2020-08-04,Kern,029,883053,26101,21403,148,21551,190
2020-08-04,Kings,031,150075,5087,4163,27,4190,47
2020-08-04,Lake,033,64148,252,206,0,206,1
2020-08-04,Lassen,035,31185,645,556,2,558,0
2020-08-04,Los Angeles,037,10098052,210321,196014,660,196674,4764
2020-08-04,Madera,039,155013,3082,2161,8,2169,19
2020-08-04,Marin,041,260295,5573,5020,9,5029,43
2020-08-04,Mariposa,043,17540,64,51,0,51,2
2020-08-04,Mendocino,045,87422,377,248,0,248,1
2020-08-04,Merced,047,269075,6366,4085,3,4088,30
2020-08-04,Modoc,049,8938,7,3,0,3,0
2020-08-04,Mono,051,14174,158,104,1,105,1
2020-08-04,Monterey,053,433212,6059,4892,18,4910,32
2020-08-04,Napa,055,140530,1227,994,0,994,8
2020-08-04,Nevada,057,99092,357,322,13,335,2
2020-08-04,Orange,059,3164182,45070,37844,894,38738,659
2020-08-04,Placer,061,380077,2480,1964,4,1968,17
2020-08-04,Plumas,063,18699,36,25,0,25,0
2020-08-04,Riverside,065,2383286,46967,38991,45,39036,743
2020-08-04,Sacramento,067,1510023,13815,10205,13,10218,146
2020-08-04,San Benito,069,59416,767,608,0,608,2
2020-08-04,San Bernardino,071,2135413,42051,34215,195,34410,495
2020-08-04,San Diego,073,3302833,33789,30518,46,30564,568
2020-08-04,San Francisco,075,870044,7776,6568,7,6575,60
2020-08-04,San Joaquin,077,732212,15528,12087,16,12103,189
2020-08-04,San Luis Obispo,079,281455,2358,1886,13,1899,13
2020-08-04,San Mateo,081,765935,6904,5690,7,5697,116
2020-08-04,Santa Barbara,083,443738,7086,6591,66,6657,61
2020-08-04,Santa Clara,085,1922200,13965,10986,32,11018,175
2020-08-04,Santa Cruz,087,273765,1426,1202,8,1210,4
2020-08-04,Shasta,089,179085,519,335,3,338,9
2020-08-04,Sierra,091,2930,5,1,0,1,0
2020-08-04,Siskiyou,093,43540,103,71,0,71,0
2020-08-04,Solano,095,438530,4525,3690,27,3717,29
2020-08-04,Sonoma,097,501317,4090,3108,8,3116,33
2020-08-04,Stanislaus,099,539301,12481,9359,75,9434,97
2020-08-04,Sutter,101,95872,964,761,1,762,6
2020-08-04,Tehama,103,63373,301,226,2,228,1
2020-08-04,Trinity,105,12862,27,5,6,11,0
2020-08-04,Tulare,107,460477,11973,9866,35,9901,192
2020-08-04,Tuolumne,109,53932,158,127,2,129,0
2020-08-04,Ventura,111,848112,9286,8134,35,8169,75
2020-08-04,Yolo,113,214977,1978,1626,4,1630,37
2020-08-04,Yuba,115,75493,574,398,0,398,1
2020-08-03,Alameda,001,1643700,14425,11817,106,11923,189
2020-08-03,Alpine,003,1148,2,2,0,2,0
2020-08-03,Amador,005,37829,199,119,0,119,0
2020-08-03,Butte,007,227075,1252,989,14,1003,9
2020-08-03,Calaveras,009,45235,156,117,0,117,1
2020-08-03,Colusa,011,21464,392,336,0,336,2
2020-08-03,Contra Costa,013,1133247,11033,8069,30,8099,120
2020-08-03,Del Norte,015,27424,90,68,0,68,0
2020-08-03,El Dorado,017,186661,833,645,2,647,1
2020-08-03,Fresno,019,978130,22590,15945,208,16153,151
2020-08-03,Glenn,021,27897,389,316,0,316,1
2020-08-03,Humboldt,023,135768,277,234,1,235,4
2020-08-03,Imperial,025,180216,10488,7953,5,7958,161
2020-08-03,Inyo,027,18085,85,57,1,58,1
2020-08-03,Kern,029,883053,25734,21285,141,21426,176
2020-08-03,Kings,031,150075,4975,4107,26,4133,47
2020-08-03,Lake,033,64148,245,201,0,201,1
2020-08-03,Lassen,035,31185,645,555,2,557,0
2020-08-03,Los Angeles,037,10098052,208291,194103,629,194732,4706
2020-08-03,Madera,039,155013,3033,2143,7,2150,18
2020-08-03,Marin,041,260295,5526,5001,9,5010,43
2020-08-03,Mariposa,043,17540,63,52,0,52,2
2020-08-03,Mendocino,045,87422,354,248,0,248,1
2020-08-03,Merced,047,269075,6244,4028,3,4031,29
2020-08-03,Modoc,049,8938,7,2,0,2,0
2020-08-03,Mono,051,14174,158,104,1,105,1
2020-08-03,Monterey,053,433212,5908,4806,15,4821,28
2020-08-03,Napa,055,140530,1213,973,0,973,8
2020-08-03,Nevada,057,99092,352,315,13,328,2
2020-08-03,Orange,059,3164182,44676,37705,884,38589,651
2020-08-03,Placer,061,380077,2425,1947,3,1950,16
2020-08-03,Plumas,063,18699,36,25,0,25,0
2020-08-03,Riverside,065,2383286,46499,38642,45,38687,740
2020-08-03,Sacramento,067,1510023,13620,10143,13,10156,142
2020-08-03,San Benito,069,59416,755,603,0,603,2
2020-08-03,San Bernardino,071,2135413,41524,33979,189,34168,444
2020-08-03,San Diego,073,3302833,33475,30228,36,30264,565
2020-08-03,San Francisco,075,870044,7682,6319,7,6326,60
2020-08-03,San Joaquin,077,732212,15332,12007,15,12022,189
2020-08-03,San Luis Obispo,079,281455,2316,1863,10,1873,14
2020-08-03,San Mateo,081,765935,6823,5661,7,5668,115
2020-08-03,Santa Barbara,083,443738,7042,6580,66,6646,59
2020-08-03,Santa Clara,085,1922200,13689,10747,32,10779,172
2020-08-03,Santa Cruz,087,273765,1406,1154,8,1162,4
2020-08-03,Shasta,089,179085,512,322,3,325,9
2020-08-03,Sierra,091,2930,5,1,0,1,0
2020-08-03,Siskiyou,093,43540,99,67,0,67,0
2020-08-03,Solano,095,438530,4456,3610,26,3636,29
2020-08-03,Sonoma,097,501317,3989,3079,7,3086,33
2020-08-03,Stanislaus,099,539301,12272,9308,67,9375,96
2020-08-03,Sutter,101,95872,940,713,1,714,6
2020-08-03,Tehama,103,63373,293,225,2,227,1
2020-08-03,Trinity,105,12862,27,5,6,11,0
2020-08-03,Tulare,107,460477,11789,9703,35,9738,188
2020-08-03,Tuolumne,109,53932,158,123,2,125,0
2020-08-03,Ventura,111,848112,9195,8084,32,8116,74
2020-08-03,Yolo,113,214977,1943,1598,3,1601,37
2020-08-03,Yuba,115,75493,550,393,0,393,1
2020-08-02,Alameda,001,1643700,14179,11696,94,11790,188
2020-08-02,Alpine,003,1148,2,2,0,2,0
2020-08-02,Amador,005,37829,194,117,0,117,0
2020-08-02,Butte,007,227075,1217,987,14,1001,9
2020-08-02,Calaveras,009,45235,153,116,0,116,1
2020-08-02,Colusa,011,21464,387,335,0,335,2
2020-08-02,Contra Costa,013,1133247,10794,7995,30,8025,118
2020-08-02,Del Norte,015,27424,89,68,0,68,0
2020-08-02,El Dorado,017,186661,823,643,2,645,1
2020-08-02,Fresno,019,978130,22315,15759,202,15961,151
2020-08-02,Glenn,021,27897,388,315,0,315,1
2020-08-02,Humboldt,023,135768,272,232,1,233,4
2020-08-02,Imperial,025,180216,10425,7919,5,7924,157
2020-08-02,Inyo,027,18085,84,45,1,46,1
2020-08-02,Kern,029,883053,25436,21162,139,21301,176
2020-08-02,Kings,031,150075,4913,3964,25,3989,47
2020-08-02,Lake,033,64148,240,201,0,201,1
2020-08-02,Lassen,035,31185,645,555,2,557,0
2020-08-02,Los Angeles,037,10098052,206206,192480,611,193091,4698
2020-08-02,Madera,039,155013,2967,2123,5,2128,18
2020-08-02,Marin,041,260295,5491,4985,9,4994,43
2020-08-02,Mariposa,043,17540,61,52,0,52,2
2020-08-02,Mendocino,045,87422,344,247,0,247,1
2020-08-02,Merced,047,269075,6102,4011,3,4014,29
2020-08-02,Modoc,049,8938,7,2,0,2,0
2020-08-02,Mono,051,14174,151,104,1,105,1
2020-08-02,Monterey,053,433212,5782,4698,15,4713,28
2020-08-02,Napa,055,140530,1198,956,0,956,8
2020-08-02,Nevada,057,99092,349,314,13,327,2
2020-08-02,Orange,059,3164182,44295,37266,873,38139,651
2020-08-02,Placer,061,380077,2386,1920,3,1923,15
2020-08-02,Plumas,063,18699,36,25,0,25,0
2020-08-02,Riverside,065,2383286,46066,38507,44,38551,735
2020-08-02,Sacramento,067,1510023,13341,10099,13,10112,142
2020-08-02,San Benito,069,59416,741,599,0,599,2
2020-08-02,San Bernardino,071,2135413,40922,33643,185,33828,443
2020-08-02,San Diego,073,3302833,33135,29885,27,29912,565
2020-08-02,San Francisco,075,870044,7564,6297,7,6304,60
2020-08-02,San Joaquin,077,732212,15046,11937,13,11950,189
2020-08-02,San Luis Obispo,079,281455,2253,1821,10,1831,14
2020-08-02,San Mateo,081,765935,6708,5618,7,5625,115
2020-08-02,Santa Barbara,083,443738,6952,6532,66,6598,59
2020-08-02,Santa Clara,085,1922200,13471,10577,32,10609,172
2020-08-02,Santa Cruz,087,273765,1386,1162,8,1170,4
2020-08-02,Shasta,089,179085,508,318,3,321,9
2020-08-02,Sierra,091,2930,4,1,0,1,0
2020-08-02,Siskiyou,093,43540,99,65,0,65,0
2020-08-02,Solano,095,438530,4398,3609,26,3635,29
2020-08-02,Sonoma,097,501317,3905,3005,7,3012,33
2020-08-02,Stanislaus,099,539301,12057,9277,62,9339,96
2020-08-02,Sutter,101,95872,905,714,1,715,6
2020-08-02,Tehama,103,63373,287,222,2,224,1
2020-08-02,Trinity,105,12862,27,5,6,11,0
2020-08-02,Tulare,107,460477,11580,9593,35,9628,188
2020-08-02,Tuolumne,109,53932,155,123,2,125,0
2020-08-02,Ventura,111,848112,9048,8014,32,8046,73
2020-08-02,Yolo,113,214977,1918,1588,3,1591,37
2020-08-02,Yuba,115,75493,530,393,0,393,1
2020-08-01,Alameda,001,1643700,14067,11590,94,11684,188
2020-08-01,Alpine,003,1148,2,2,0,2,0
2020-08-01,Amador,005,37829,190,109,0,109,0
2020-08-01,Butte,007,227075,1203,976,14,990,9
2020-08-01,Calaveras,009,45235,149,116,0,116,1
2020-08-01,Colusa,011,21464,386,327,0,327,2
2020-08-01,Contra Costa,013,1133247,10661,7867,29,7896,116
2020-08-01,Del Norte,015,27424,89,68,0,68,0
2020-08-01,El Dorado,017,186661,820,637,2,639,1
2020-08-01,Fresno,019,978130,22178,15448,202,15650,149
2020-08-01,Glenn,021,27897,387,311,0,311,1
2020-08-01,Humboldt,023,135768,271,232,1,233,4
2020-08-01,Imperial,025,180216,10389,7919,5,7924,156
2020-08-01,Inyo,027,18085,82,45,1,46,1
2020-08-01,Kern,029,883053,25278,20796,135,20931,176
2020-08-01,Kings,031,150075,4887,3948,25,3973,47
2020-08-01,Lake,033,64148,238,194,0,194,1
2020-08-01,Lassen,035,31185,644,555,2,557,0
2020-08-01,Los Angeles,037,10098052,205313,191023,584,191607,4674
2020-08-01,Madera,039,155013,2928,2103,5,2108,18
2020-08-01,Marin,041,260295,5476,4945,9,4954,43
2020-08-01,Mariposa,043,17540,61,50,0,50,2
2020-08-01,Mendocino,045,87422,337,243,0,243,1
2020-08-01,Merced,047,269075,6054,3972,3,3975,29
2020-08-01,Modoc,049,8938,7,2,0,2,0
2020-08-01,Mono,051,14174,150,104,1,105,1
2020-08-01,Monterey,053,433212,5715,4611,14,4625,28
2020-08-01,Napa,055,140530,1189,923,0,923,8
2020-08-01,Nevada,057,99092,345,305,13,318,2
2020-08-01,Orange,059,3164182,44068,36703,867,37570,648
2020-08-01,Placer,061,380077,2352,1891,3,1894,14
2020-08-01,Plumas,063,18699,35,25,0,25,0
2020-08-01,Riverside,065,2383286,45854,38216,42,38258,704
2020-08-01,Sacramento,067,1510023,13190,10044,13,10057,141
2020-08-01,San Benito,069,59416,730,579,0,579,2
2020-08-01,San Bernardino,071,2135413,40686,32947,184,33131,440
2020-08-01,San Diego,073,3302833,32918,29579,19,29598,565
2020-08-01,San Francisco,075,870044,7502,6296,7,6303,60
2020-08-01,San Joaquin,077,732212,14973,11807,12,11819,189
2020-08-01,San Luis Obispo,079,281455,2224,1798,10,1808,13
2020-08-01,San Mateo,081,765935,6654,5520,7,5527,115
2020-08-01,Santa Barbara,083,443738,6912,6465,66,6531,59
2020-08-01,Santa Clara,085,1922200,13320,10281,31,10312,171
2020-08-01,Santa Cruz,087,273765,1370,1164,8,1172,4
2020-08-01,Shasta,089,179085,503,312,3,315,9
2020-08-01,Sierra,091,2930,3,1,0,1,0
2020-08-01,Siskiyou,093,43540,99,64,0,64,0
2020-08-01,Solano,095,438530,4364,3591,25,3616,29
2020-08-01,Sonoma,097,501317,3859,2890,7,2897,29
2020-08-01,Stanislaus,099,539301,11939,9221,54,9275,96
2020-08-01,Sutter,101,95872,901,714,1,715,6
2020-08-01,Tehama,103,63373,284,220,2,222,1
2020-08-01,Trinity,105,12862,27,5,6,11,0
2020-08-01,Tulare,107,460477,11512,9520,35,9555,188
2020-08-01,Tuolumne,109,53932,155,123,2,125,0
2020-08-01,Ventura,111,848112,9002,7819,32,7851,73
2020-08-01,Yolo,113,214977,1908,1557,3,1560,37
2020-08-01,Yuba,115,75493,525,387,0,387,1
2020-07-31,Alameda,001,1643700,13936,11441,94,11535,187
2020-07-31,Alpine,003,1148,2,2,0,2,0
2020-07-31,Amador,005,37829,189,98,0,98,0
2020-07-31,Butte,007,227075,1180,925,14,939,7
2020-07-31,Calaveras,009,45235,149,112,0,112,1
2020-07-31,Colusa,011,21464,376,319,0,319,2
2020-07-31,Contra Costa,013,1133247,10513,7697,28,7725,113
2020-07-31,Del Norte,015,27424,88,68,0,68,0
2020-07-31,El Dorado,017,186661,809,616,2,618,1
2020-07-31,Fresno,019,978130,21958,15083,202,15285,133
2020-07-31,Glenn,021,27897,380,304,0,304,1
2020-07-31,Humboldt,023,135768,264,229,1,230,4
2020-07-31,Imperial,025,180216,10357,7886,5,7891,155
2020-07-31,Inyo,027,18085,72,45,1,46,1
2020-07-31,Kern,029,883053,25037,20061,131,20192,173
2020-07-31,Kings,031,150075,4859,3807,25,3832,45
2020-07-31,Lake,033,64148,237,191,0,191,1
2020-07-31,Lassen,035,31185,639,544,2,546,0
2020-07-31,Los Angeles,037,10098052,203713,188688,571,189259,4628
2020-07-31,Madera,039,155013,2881,2036,5,2041,19
2020-07-31,Marin,041,260295,5432,4885,6,4891,43
2020-07-31,Mariposa,043,17540,61,49,0,49,2
2020-07-31,Mendocino,045,87422,322,232,0,232,1
2020-07-31,Merced,047,269075,5971,3789,3,3792,30
2020-07-31,Modoc,049,8938,6,0,0,0,0
2020-07-31,Mono,051,14174,149,104,1,105,1
2020-07-31,Monterey,053,433212,5623,4493,14,4507,24
2020-07-31,Napa,055,140530,1177,897,0,897,7
2020-07-31,Nevada,057,99092,343,302,13,315,2
2020-07-31,Orange,059,3164182,43769,36196,851,37047,620
2020-07-31,Placer,061,380077,2327,1853,3,1856,14
2020-07-31,Plumas,063,18699,34,25,0,25,0
2020-07-31,Riverside,065,2383286,45464,37612,41,37653,694
2020-07-31,Sacramento,067,1510023,13012,9872,13,9885,132
2020-07-31,San Benito,069,59416,722,567,0,567,2
2020-07-31,San Bernardino,071,2135413,40356,32332,183,32515,434
2020-07-31,San Diego,073,3302833,32684,29050,11,29061,561
2020-07-31,San Francisco,075,870044,7403,6126,7,6133,60
2020-07-31,San Joaquin,077,732212,14833,11561,12,11573,177
2020-07-31,San Luis Obispo,079,281455,2155,1746,10,1756,12
2020-07-31,San Mateo,081,765935,6582,5416,7,5423,115
2020-07-31,Santa Barbara,083,443738,6845,6375,66,6441,58
2020-07-31,Santa Clara,085,1922200,13099,9863,31,9894,171
2020-07-31,Santa Cruz,087,273765,1347,1118,8,1126,4
2020-07-31,Shasta,089,179085,493,305,3,308,9
2020-07-31,Sierra,091,2930,3,1,0,1,0
2020-07-31,Siskiyou,093,43540,97,61,0,61,0
2020-07-31,Solano,095,438530,4317,3510,24,3534,29
2020-07-31,Sonoma,097,501317,3801,2745,7,2752,27
2020-07-31,Stanislaus,099,539301,11832,9061,49,9110,94
2020-07-31,Sutter,101,95872,896,714,1,715,6
2020-07-31,Tehama,103,63373,281,213,2,215,1
2020-07-31,Trinity,105,12862,27,5,6,11,0
2020-07-31,Tulare,107,460477,11391,9365,35,9400,184
2020-07-31,Tuolumne,109,53932,155,120,2,122,0
2020-07-31,Ventura,111,848112,8927,7521,32,7553,71
2020-07-31,Yolo,113,214977,1882,1522,3,1525,38
2020-07-31,Yuba,115,75493,516,369,0,369,1
2020-07-30,Alameda,001,1643700,13733,11303,54,11357,185
2020-07-30,Alpine,003,1148,2,2,0,2,0
2020-07-30,Amador,005,37829,171,97,0,97,0
2020-07-30,Butte,007,227075,1164,915,14,929,7
2020-07-30,Calaveras,009,45235,145,111,0,111,1
2020-07-30,Colusa,011,21464,373,315,0,315,2
2020-07-30,Contra Costa,013,1133247,10328,7615,27,7642,112
2020-07-30,Del Norte,015,27424,88,68,0,68,0
2020-07-30,El Dorado,017,186661,802,608,2,610,1
2020-07-30,Fresno,019,978130,21622,14793,196,14989,133
2020-07-30,Glenn,021,27897,373,297,0,297,1
2020-07-30,Humboldt,023,135768,262,228,1,229,4
2020-07-30,Imperial,025,180216,10298,7849,5,7854,151
2020-07-30,Inyo,027,18085,68,44,1,45,1
2020-07-30,Kern,029,883053,24744,19552,127,19679,171
2020-07-30,Kings,031,150075,4755,3785,25,3810,43
2020-07-30,Lake,033,64148,231,181,0,181,1
2020-07-30,Lassen,035,31185,636,544,2,546,0
2020-07-30,Los Angeles,037,10098052,201684,186177,539,186716,4564
2020-07-30,Madera,039,155013,2811,2007,5,2012,18
2020-07-30,Marin,041,260295,5390,4835,5,4840,39
2020-07-30,Mariposa,043,17540,61,49,0,49,1
2020-07-30,Mendocino,045,87422,315,232,0,232,1
2020-07-30,Merced,047,269075,5806,3695,3,3698,30
2020-07-30,Modoc,049,8938,6,0,0,0,0
2020-07-30,Mono,051,14174,148,104,1,105,1
2020-07-30,Monterey,053,433212,5511,4352,14,4366,24
2020-07-30,Napa,055,140530,1160,874,0,874,7
2020-07-30,Nevada,057,99092,338,292,13,305,2
2020-07-30,Orange,059,3164182,43354,36105,826,36931,607
2020-07-30,Placer,061,380077,2276,1821,3,1824,14
2020-07-30,Plumas,063,18699,33,25,0,25,0
2020-07-30,Riverside,065,2383286,44923,37308,41,37349,685
2020-07-30,Sacramento,067,1510023,12793,9704,13,9717,126
2020-07-30,San Benito,069,59416,709,558,0,558,2
2020-07-30,San Bernardino,071,2135413,39833,32010,183,32193,427
2020-07-30,San Diego,073,3302833,32337,28670,9,28679,558
2020-07-30,San Francisco,075,870044,7303,6107,7,6114,59
2020-07-30,San Joaquin,077,732212,14639,11435,12,11447,161
2020-07-30,San Luis Obispo,079,281455,2119,1703,10,1713,12
2020-07-30,San Mateo,081,765935,6487,5369,7,5376,115
2020-07-30,Santa Barbara,083,443738,6765,6273,66,6339,52
2020-07-30,Santa Clara,085,1922200,12863,9708,30,9738,170
2020-07-30,Santa Cruz,087,273765,1319,1087,8,1095,4
2020-07-30,Shasta,089,179085,489,306,3,309,8
2020-07-30,Sierra,091,2930,3,1,0,1,0
2020-07-30,Siskiyou,093,43540,96,60,0,60,0
2020-07-30,Solano,095,438530,4266,3463,24,3487,29
2020-07-30,Sonoma,097,501317,3729,2684,7,2691,25
2020-07-30,Stanislaus,099,539301,11619,8890,41,8931,94
2020-07-30,Sutter,101,95872,877,698,1,699,6
2020-07-30,Tehama,103,63373,278,208,2,210,1
2020-07-30,Trinity,105,12862,26,4,6,10,0
2020-07-30,Tulare,107,460477,11262,9167,35,9202,177
2020-07-30,Tuolumne,109,53932,154,119,2,121,0
2020-07-30,Ventura,111,848112,8815,7304,30,7334,69
2020-07-30,Yolo,113,214977,1862,1511,3,1514,37
2020-07-30,Yuba,115,75493,503,362,0,362,1
2020-07-29,Alameda,001,1643700,13514,11177,49,11226,180
2020-07-29,Alpine,003,1148,2,2,0,2,0
2020-07-29,Amador,005,37829,163,80,0,80,0
2020-07-29,Butte,007,227075,1138,889,12,901,7
2020-07-29,Calaveras,009,45235,139,107,0,107,1
2020-07-29,Colusa,011,21464,369,302,0,302,2
2020-07-29,Contra Costa,013,1133247,10124,7520,27,7547,108
2020-07-29,Del Norte,015,27424,88,68,0,68,0
2020-07-29,El Dorado,017,186661,792,588,2,590,1
2020-07-29,Fresno,019,978130,21330,14312,196,14508,125
2020-07-29,Glenn,021,27897,366,294,0,294,1
2020-07-29,Humboldt,023,135768,259,221,1,222,4
2020-07-29,Imperial,025,180216,10250,7825,5,7830,147
2020-07-29,Inyo,027,18085,63,44,1,45,1
2020-07-29,Kern,029,883053,24406,19073,124,19197,162
2020-07-29,Kings,031,150075,4707,3755,25,3780,43
2020-07-29,Lake,033,64148,229,179,0,179,1
2020-07-29,Lassen,035,31185,621,513,2,515,0
2020-07-29,Los Angeles,037,10098052,199659,183600,522,184122,4523
2020-07-29,Madera,039,155013,2757,1941,5,1946,18
2020-07-29,Marin,041,260295,5352,4747,5,4752,34
2020-07-29,Mariposa,043,17540,60,47,0,47,1
2020-07-29,Mendocino,045,87422,307,228,0,228,0
2020-07-29,Merced,047,269075,5666,3605,3,3608,25
2020-07-29,Modoc,049,8938,5,0,0,0,0
2020-07-29,Mono,051,14174,145,102,1,103,1
2020-07-29,Monterey,053,433212,5411,4252,14,4266,24
2020-07-29,Napa,055,140530,1132,866,0,866,7
2020-07-29,Nevada,057,99092,334,288,13,301,1
2020-07-29,Orange,059,3164182,42920,35339,814,36153,589
2020-07-29,Placer,061,380077,2244,1798,3,1801,14
2020-07-29,Plumas,063,18699,33,25,0,25,0
2020-07-29,Riverside,065,2383286,44331,36968,41,37009,678
2020-07-29,Sacramento,067,1510023,12547,9538,13,9551,122
2020-07-29,San Benito,069,59416,694,537,0,537,2
2020-07-29,San Bernardino,071,2135413,39344,31168,172,31340,417
2020-07-29,San Diego,073,3302833,32012,28289,8,28297,552
2020-07-29,San Francisco,075,870044,7209,6041,7,6048,56
2020-07-29,San Joaquin,077,732212,14391,11249,9,11258,154
2020-07-29,San Luis Obispo,079,281455,2098,1673,10,1683,11
2020-07-29,San Mateo,081,765935,6399,5305,7,5312,114
2020-07-29,Santa Barbara,083,443738,6698,6215,66,6281,31
2020-07-29,Santa Clara,085,1922200,12656,9567,30,9597,165
2020-07-29,Santa Cruz,087,273765,1295,1051,8,1059,4
2020-07-29,Shasta,089,179085,477,297,3,300,8
2020-07-29,Sierra,091,2930,2,1,0,1,0
2020-07-29,Siskiyou,093,43540,94,58,0,58,0
2020-07-29,Solano,095,438530,4212,3380,24,3404,29
2020-07-29,Sonoma,097,501317,3652,2598,7,2605,26
2020-07-29,Stanislaus,099,539301,11398,8745,35,8780,94
2020-07-29,Sutter,101,95872,849,678,1,679,6
2020-07-29,Tehama,103,63373,274,206,2,208,1
2020-07-29,Trinity,105,12862,26,4,6,10,0
2020-07-29,Tulare,107,460477,11091,9028,35,9063,156
2020-07-29,Tuolumne,109,53932,154,118,2,120,0
2020-07-29,Ventura,111,848112,8710,7161,30,7191,68
2020-07-29,Yolo,113,214977,1836,1488,3,1491,36
2020-07-29,Yuba,115,75493,487,350,0,350,1
2020-07-28,Alameda,001,1643700,13285,10875,48,10923,180
2020-07-28,Alpine,003,1148,2,2,0,2,0
2020-07-28,Amador,005,37829,153,77,0,77,0
2020-07-28,Butte,007,227075,1103,857,12,869,7
2020-07-28,Calaveras,009,45235,138,105,0,105,1
2020-07-28,Colusa,011,21464,363,290,0,290,2
2020-07-28,Contra Costa,013,1133247,9902,7426,27,7453,107
2020-07-28,Del Norte,015,27424,87,68,0,68,0
2020-07-28,El Dorado,017,186661,777,558,2,560,1
2020-07-28,Fresno,019,978130,20994,13933,190,14123,125
2020-07-28,Glenn,021,27897,364,289,0,289,1
2020-07-28,Humboldt,023,135768,258,218,1,219,4
2020-07-28,Imperial,025,180216,10214,7804,5,7809,145
2020-07-28,Inyo,027,18085,61,43,1,44,1
2020-07-28,Kern,029,883053,24043,18834,118,18952,155
2020-07-28,Kings,031,150075,4661,3721,25,3746,41
2020-07-28,Lake,033,64148,225,179,0,179,1
2020-07-28,Lassen,035,31185,615,508,2,510,0
2020-07-28,Los Angeles,037,10098052,197429,179107,499,179606,4435
2020-07-28,Madera,039,155013,2691,1889,5,1894,18
2020-07-28,Marin,041,260295,5283,4698,5,4703,23
2020-07-28,Mariposa,043,17540,58,45,0,45,1
2020-07-28,Mendocino,045,87422,296,222,0,222,0
2020-07-28,Merced,047,269075,5521,3446,3,3449,23
2020-07-28,Modoc,049,8938,4,0,0,0,0
2020-07-28,Mono,051,14174,144,102,1,103,1
2020-07-28,Monterey,053,433212,5291,4047,14,4061,22
2020-07-28,Napa,055,140530,1110,824,0,824,6
2020-07-28,Nevada,057,99092,329,278,13,291,1
2020-07-28,Orange,059,3164182,42462,34832,801,35633,582
2020-07-28,Placer,061,380077,2209,1759,3,1762,14
2020-07-28,Plumas,063,18699,33,22,0,22,0
2020-07-28,Riverside,065,2383286,43729,36458,41,36499,668
2020-07-28,Sacramento,067,1510023,12288,9429,12,9441,117
2020-07-28,San Benito,069,59416,684,503,0,503,2
2020-07-28,San Bernardino,071,2135413,38820,30493,168,30661,412
2020-07-28,San Diego,073,3302833,31662,28007,6,28013,547
2020-07-28,San Francisco,075,870044,7096,5888,7,5895,56
2020-07-28,San Joaquin,077,732212,14108,10958,7,10965,141
2020-07-28,San Luis Obispo,079,281455,2065,1636,10,1646,9
2020-07-28,San Mateo,081,765935,6325,5171,7,5178,114
2020-07-28,Santa Barbara,083,443738,6635,6110,64,6174,31
2020-07-28,Santa Clara,085,1922200,12422,9307,30,9337,165
2020-07-28,Santa Cruz,087,273765,1268,1018,8,1026,4
2020-07-28,Shasta,089,179085,465,275,3,278,8
2020-07-28,Sierra,091,2930,2,1,0,1,0
2020-07-28,Siskiyou,093,43540,90,57,0,57,0
2020-07-28,Solano,095,438530,4165,3292,23,3315,29
2020-07-28,Sonoma,097,501317,3578,2553,7,2560,20
2020-07-28,Stanislaus,099,539301,11176,8492,27,8519,92
2020-07-28,Sutter,101,95872,812,653,0,653,2
2020-07-28,Tehama,103,63373,269,199,2,201,1
2020-07-28,Trinity,105,12862,26,3,6,9,0
2020-07-28,Tulare,107,460477,10904,8787,35,8822,96
2020-07-28,Tuolumne,109,53932,153,116,2,118,0
2020-07-28,Ventura,111,848112,8584,7045,29,7074,68
2020-07-28,Yolo,113,214977,1808,1459,3,1462,36
2020-07-28,Yuba,115,75493,470,333,0,333,1
2020-07-27,Alameda,001,1643700,13058,10645,45,10690,176
2020-07-27,Alpine,003,1148,2,2,0,2,0
2020-07-27,Amador,005,37829,148,72,0,72,0
2020-07-27,Butte,007,227075,1076,843,12,855,7
2020-07-27,Calaveras,009,45235,134,103,0,103,1
2020-07-27,Colusa,011,21464,356,271,0,271,2
2020-07-27,Contra Costa,013,1133247,9680,7256,27,7283,104
2020-07-27,Del Norte,015,27424,86,67,0,67,0
2020-07-27,El Dorado,017,186661,765,548,2,550,1
2020-07-27,Fresno,019,978130,20646,13485,184,13669,117
2020-07-27,Glenn,021,27897,362,277,0,277,1
2020-07-27,Humboldt,023,135768,253,218,1,219,4
2020-07-27,Imperial,025,180216,10164,7789,5,7794,144
2020-07-27,Inyo,027,18085,61,43,1,44,1
2020-07-27,Kern,029,883053,23541,17994,112,18106,148
2020-07-27,Kings,031,150075,4412,3685,25,3710,39
2020-07-27,Lake,033,64148,221,176,0,176,1
2020-07-27,Lassen,035,31185,615,503,2,505,0
2020-07-27,Los Angeles,037,10098052,195008,176351,481,176832,4379
2020-07-27,Madera,039,155013,2626,1793,5,1798,17
2020-07-27,Marin,041,260295,5195,4669,5,4674,22
2020-07-27,Mariposa,043,17540,58,43,0,43,1
2020-07-27,Mendocino,045,87422,282,209,0,209,0
2020-07-27,Merced,047,269075,5381,3292,3,3295,23
2020-07-27,Modoc,049,8938,3,0,0,0,0
2020-07-27,Mono,051,14174,140,99,1,100,1
2020-07-27,Monterey,053,433212,5102,3960,14,3974,21
2020-07-27,Napa,055,140530,1095,769,0,769,6
2020-07-27,Nevada,057,99092,325,268,13,281,1
2020-07-27,Orange,059,3164182,42022,34649,785,35434,566
2020-07-27,Placer,061,380077,2159,1679,3,1682,12
2020-07-27,Plumas,063,18699,33,22,0,22,0
2020-07-27,Riverside,065,2383286,43049,35822,41,35863,667
2020-07-27,Sacramento,067,1510023,11995,9091,12,9103,114
2020-07-27,San Benito,069,59416,669,498,0,498,2
2020-07-27,San Bernardino,071,2135413,38228,29928,158,30086,401
2020-07-27,San Diego,073,3302833,31288,27509,5,27514,533
2020-07-27,San Francisco,075,870044,7009,5825,7,5832,55
2020-07-27,San Joaquin,077,732212,13819,10728,7,10735,129
2020-07-27,San Luis Obispo,079,281455,2020,1612,10,1622,9
2020-07-27,San Mateo,081,765935,6216,5108,7,5115,113
2020-07-27,Santa Barbara,083,443738,6556,6026,62,6088,30
2020-07-27,Santa Clara,085,1922200,12153,9157,29,9186,166
2020-07-27,Santa Cruz,087,273765,1244,984,8,992,4
2020-07-27,Shasta,089,179085,458,275,3,278,8
2020-07-27,Sierra,091,2930,2,1,0,1,0
2020-07-27,Siskiyou,093,43540,88,54,0,54,0
2020-07-27,Solano,095,438530,4098,3198,22,3220,29
2020-07-27,Sonoma,097,501317,3487,2504,7,2511,20
2020-07-27,Stanislaus,099,539301,10950,8288,19,8307,84
2020-07-27,Sutter,101,95872,786,620,0,620,2
2020-07-27,Tehama,103,63373,261,192,2,194,1
2020-07-27,Trinity,105,12862,26,3,6,9,0
2020-07-27,Tulare,107,460477,10686,8462,35,8497,172
2020-07-27,Tuolumne,109,53932,150,115,2,117,0
2020-07-27,Ventura,111,848112,8456,6998,28,7026,68
2020-07-27,Yolo,113,214977,1763,1439,3,1442,33
2020-07-27,Yuba,115,75493,450,328,0,328,1
2020-07-26,Alameda,001,1643700,12820,10489,44,10533,176
2020-07-26,Alpine,003,1148,2,2,0,2,0
2020-07-26,Amador,005,37829,142,67,0,67,0
2020-07-26,Butte,007,227075,1039,822,12,834,5
2020-07-26,Calaveras,009,45235,131,103,0,103,1
2020-07-26,Colusa,011,21464,347,270,0,270,2
2020-07-26,Contra Costa,013,1133247,9443,7095,27,7122,104
2020-07-26,Del Norte,015,27424,84,67,0,67,0
2020-07-26,El Dorado,017,186661,747,539,2,541,1
2020-07-26,Fresno,019,978130,20255,13209,176,13385,117
2020-07-26,Glenn,021,27897,354,265,0,265,1
2020-07-26,Humboldt,023,135768,247,214,1,215,4
2020-07-26,Imperial,025,180216,10091,7781,5,7786,144
2020-07-26,Inyo,027,18085,56,43,1,44,1
2020-07-26,Kern,029,883053,23016,17394,109,17503,148
2020-07-26,Kings,031,150075,4353,3591,25,3616,39
2020-07-26,Lake,033,64148,213,174,0,174,1
2020-07-26,Lassen,035,31185,574,503,2,505,0
2020-07-26,Los Angeles,037,10098052,192441,174322,463,174785,4364
2020-07-26,Madera,039,155013,2539,1744,5,1749,17
2020-07-26,Marin,041,260295,5149,4595,5,4600,22
2020-07-26,Mariposa,043,17540,56,43,0,43,1
2020-07-26,Mendocino,045,87422,273,206,0,206,0
2020-07-26,Merced,047,269075,5201,3251,2,3253,23
2020-07-26,Modoc,049,8938,3,0,0,0,0
2020-07-26,Mono,051,14174,136,82,1,83,1
2020-07-26,Monterey,053,433212,4936,3901,14,3915,21
2020-07-26,Napa,055,140530,1076,769,0,769,6
2020-07-26,Nevada,057,99092,322,261,13,274,1
2020-07-26,Orange,059,3164182,41497,34352,753,35105,564
2020-07-26,Placer,061,380077,2095,1628,3,1631,12
2020-07-26,Plumas,063,18699,33,22,0,22,0
2020-07-26,Riverside,065,2383286,42488,35636,41,35677,665
2020-07-26,Sacramento,067,1510023,11690,8972,12,8984,114
2020-07-26,San Benito,069,59416,657,495,0,495,2
2020-07-26,San Bernardino,071,2135413,37589,29545,149,29694,400
2020-07-26,San Diego,073,3302833,30892,26986,4,26990,533
2020-07-26,San Francisco,075,870044,6901,5823,7,5830,55
2020-07-26,San Joaquin,077,732212,13526,10637,7,10644,129
2020-07-26,San Luis Obispo,079,281455,1977,1565,10,1575,8
2020-07-26,San Mateo,081,765935,6110,5078,7,5085,113
2020-07-26,Santa Barbara,083,443738,6455,5939,62,6001,30
2020-07-26,Santa Clara,085,1922200,11924,8986,29,9015,166
2020-07-26,Santa Cruz,087,273765,1217,970,8,978,4
2020-07-26,Shasta,089,179085,451,265,3,268,8
2020-07-26,Sierra,091,2930,2,1,0,1,0
2020-07-26,Siskiyou,093,43540,86,54,0,54,0
2020-07-26,Solano,095,438530,4018,3197,20,3217,29
2020-07-26,Sonoma,097,501317,3398,2503,6,2509,20
2020-07-26,Stanislaus,099,539301,10689,8228,18,8246,84
2020-07-26,Sutter,101,95872,772,612,0,612,2
2020-07-26,Tehama,103,63373,254,175,2,177,1
2020-07-26,Trinity,105,12862,26,3,6,9,0
2020-07-26,Tulare,107,460477,10480,8392,35,8427,172
2020-07-26,Tuolumne,109,53932,145,113,2,115,0
2020-07-26,Ventura,111,848112,8249,6844,28,6872,67
2020-07-26,Yolo,113,214977,1732,1408,3,1411,33
2020-07-26,Yuba,115,75493,431,313,0,313,1
2020-07-25,Alameda,001,1643700,12723,10361,42,10403,176
2020-07-25,Alpine,003,1148,2,2,0,2,0
2020-07-25,Amador,005,37829,139,67,0,67,0
2020-07-25,Butte,007,227075,1030,810,12,822,5
2020-07-25,Calaveras,009,45235,127,103,0,103,1
2020-07-25,Colusa,011,21464,340,265,0,265,2
2020-07-25,Contra Costa,013,1133247,9298,6920,27,6947,104
2020-07-25,Del Norte,015,27424,84,67,0,67,0
2020-07-25,El Dorado,017,186661,736,528,2,530,1
2020-07-25,Fresno,019,978130,20069,12866,176,13042,117
2020-07-25,Glenn,021,27897,352,260,0,260,1
2020-07-25,Humboldt,023,135768,244,212,1,213,4
2020-07-25,Imperial,025,180216,10065,7727,5,7732,144
2020-07-25,Inyo,027,18085,55,43,1,44,1
2020-07-25,Kern,029,883053,22798,16910,108,17018,148
2020-07-25,Kings,031,150075,4336,3516,25,3541,39
2020-07-25,Lake,033,64148,211,173,0,173,1
2020-07-25,Lassen,035,31185,574,503,2,505,0
2020-07-25,Los Angeles,037,10098052,191311,172611,456,173067,4357
2020-07-25,Madera,039,155013,2507,1724,5,1729,17
2020-07-25,Marin,041,260295,5133,4562,5,4567,22
2020-07-25,Mariposa,043,17540,55,43,0,43,1
2020-07-25,Mendocino,045,87422,267,190,0,190,0
2020-07-25,Merced,047,269075,5122,3176,2,3178,23
2020-07-25,Modoc,049,8938,3,0,0,0,0
2020-07-25,Mono,051,14174,136,82,1,83,1
2020-07-25,Monterey,053,433212,4859,3805,14,3819,21
2020-07-25,Napa,055,140530,1063,746,0,746,6
2020-07-25,Nevada,057,99092,320,257,13,270,1
2020-07-25,Orange,059,3164182,41278,33978,732,34710,561
2020-07-25,Placer,061,380077,2079,1596,3,1599,12
2020-07-25,Plumas,063,18699,33,22,0,22,0
2020-07-25,Riverside,065,2383286,42219,34921,41,34962,655
2020-07-25,Sacramento,067,1510023,11544,8674,12,8686,113
2020-07-25,San Benito,069,59416,641,492,0,492,2
2020-07-25,San Bernardino,071,2135413,37311,29265,146,29411,394
2020-07-25,San Diego,073,3302833,30631,26703,3,26706,533
2020-07-25,San Francisco,075,870044,6843,5644,7,5651,55
2020-07-25,San Joaquin,077,732212,13400,10347,6,10353,129
2020-07-25,San Luis Obispo,079,281455,1957,1530,9,1539,8
2020-07-25,San Mateo,081,765935,6047,5023,7,5030,113
2020-07-25,Santa Barbara,083,443738,6420,5880,62,5942,30
2020-07-25,Santa Clara,085,1922200,11790,8767,29,8796,166
2020-07-25,Santa Cruz,087,273765,1200,939,8,947,4
2020-07-25,Shasta,089,179085,446,263,1,264,8
2020-07-25,Sierra,091,2930,2,1,0,1,0
2020-07-25,Siskiyou,093,43540,84,54,0,54,0
2020-07-25,Solano,095,438530,3978,3107,18,3125,29
2020-07-25,Sonoma,097,501317,3359,2412,6,2418,20
2020-07-25,Stanislaus,099,539301,10586,7994,15,8009,84
2020-07-25,Sutter,101,95872,753,603,0,603,2
2020-07-25,Tehama,103,63373,253,169,2,171,1
2020-07-25,Trinity,105,12862,26,3,6,9,0
2020-07-25,Tulare,107,460477,10380,8310,35,8345,172
2020-07-25,Tuolumne,109,53932,144,99,2,101,0
2020-07-25,Ventura,111,848112,8176,6662,28,6690,62
2020-07-25,Yolo,113,214977,1717,1357,3,1360,35
2020-07-25,Yuba,115,75493,425,312,0,312,1
2020-07-24,Alameda,001,1643700,12581,10216,39,10255,176
2020-07-24,Alpine,003,1148,2,2,0,2,0
2020-07-24,Amador,005,37829,137,66,0,66,0
2020-07-24,Butte,007,227075,1018,751,12,763,5
2020-07-24,Calaveras,009,45235,123,102,0,102,0
2020-07-24,Colusa,011,21464,337,255,0,255,2
2020-07-24,Contra Costa,013,1133247,9152,6814,27,6841,100
2020-07-24,Del Norte,015,27424,84,66,0,66,0
2020-07-24,El Dorado,017,186661,714,516,2,518,1
2020-07-24,Fresno,019,978130,19843,12564,176,12740,115
2020-07-24,Glenn,021,27897,349,251,0,251,1
2020-07-24,Humboldt,023,135768,241,210,1,211,4
2020-07-24,Imperial,025,180216,10043,7686,5,7691,141
2020-07-24,Inyo,027,18085,55,41,1,42,1
2020-07-24,Kern,029,883053,22557,16124,108,16232,143
2020-07-24,Kings,031,150075,4306,3471,25,3496,39
2020-07-24,Lake,033,64148,209,167,0,167,1
2020-07-24,Lassen,035,31185,574,503,2,505,0
2020-07-24,Los Angeles,037,10098052,189292,169078,445,169523,4302
2020-07-24,Madera,039,155013,2474,1679,5,1684,16
2020-07-24,Marin,041,260295,5106,4517,5,4522,22
2020-07-24,Mariposa,043,17540,55,41,0,41,1
2020-07-24,Mendocino,045,87422,260,188,0,188,0
2020-07-24,Merced,047,269075,5037,3100,2,3102,23
2020-07-24,Modoc,049,8938,3,0,0,0,0
2020-07-24,Mono,051,14174,135,82,1,83,1
2020-07-24,Monterey,053,433212,4787,3748,14,3762,21
2020-07-24,Napa,055,140530,1050,741,0,741,6
2020-07-24,Nevada,057,99092,317,255,13,268,1
2020-07-24,Orange,059,3164182,40991,33530,716,34246,557
2020-07-24,Placer,061,380077,2048,1551,3,1554,12
2020-07-24,Plumas,063,18699,33,22,0,22,0
2020-07-24,Riverside,065,2383286,41796,34513,40,34553,631
2020-07-24,Sacramento,067,1510023,11356,8570,12,8582,110
2020-07-24,San Benito,069,59416,634,485,0,485,2
2020-07-24,San Bernardino,071,2135413,36938,28990,141,29131,386
2020-07-24,San Diego,073,3302833,30331,26100,3,26103,524
2020-07-24,San Francisco,075,870044,6749,5611,7,5618,55
2020-07-24,San Joaquin,077,732212,13251,10190,6,10196,118
2020-07-24,San Luis Obispo,079,281455,1933,1476,9,1485,8
2020-07-24,San Mateo,081,765935,5984,4954,7,4961,112
2020-07-24,Santa Barbara,083,443738,6367,5776,60,5836,30
2020-07-24,Santa Clara,085,1922200,11625,8658,29,8687,165
2020-07-24,Santa Cruz,087,273765,1180,930,8,938,4
2020-07-24,Shasta,089,179085,438,262,1,263,8
2020-07-24,Sierra,091,2930,2,1,0,1,0
2020-07-24,Siskiyou,093,43540,84,53,0,53,0
2020-07-24,Solano,095,438530,3942,3062,15,3077,29
2020-07-24,Sonoma,097,501317,3307,2345,6,2351,20
2020-07-24,Stanislaus,099,539301,10414,7861,12,7873,82
2020-07-24,Sutter,101,95872,742,593,0,593,2
2020-07-24,Tehama,103,63373,245,170,2,172,1
2020-07-24,Trinity,105,12862,25,3,6,9,0
2020-07-24,Tulare,107,460477,10286,8167,33,8200,167
2020-07-24,Tuolumne,109,53932,138,99,2,101,0
2020-07-24,Ventura,111,848112,8091,6553,28,6581,60
2020-07-24,Yolo,113,214977,1703,1329,3,1332,35
2020-07-24,Yuba,115,75493,410,307,0,307,1
2020-07-23,Alameda,001,1643700,12340,9924,39,9963,171
2020-07-23,Alpine,003,1148,2,2,0,2,0
2020-07-23,Amador,005,37829,120,61,0,61,0
2020-07-23,Butte,007,227075,1003,726,11,737,5
2020-07-23,Calaveras,009,45235,116,102,0,102,0
2020-07-23,Colusa,011,21464,329,242,0,242,2
2020-07-23,Contra Costa,013,1133247,8952,6619,25,6644,98
2020-07-23,Del Norte,015,27424,84,66,0,66,0
2020-07-23,El Dorado,017,186661,703,491,2,493,1
2020-07-23,Fresno,019,978130,19487,12164,173,12337,112
2020-07-23,Glenn,021,27897,344,246,0,246,1
2020-07-23,Humboldt,023,135768,240,208,1,209,4
2020-07-23,Imperial,025,180216,9993,7604,5,7609,138
2020-07-23,Inyo,027,18085,53,38,1,39,1
2020-07-23,Kern,029,883053,22150,14491,104,14595,128
2020-07-23,Kings,031,150075,4194,3371,25,3396,39
2020-07-23,Lake,033,64148,200,160,0,160,1
2020-07-23,Lassen,035,31185,571,503,2,505,0
2020-07-23,Los Angeles,037,10098052,186747,167198,418,167616,4265
2020-07-23,Madera,039,155013,2408,1659,4,1663,13
2020-07-23,Marin,041,260295,5054,4423,5,4428,22
2020-07-23,Mariposa,043,17540,55,40,0,40,1
2020-07-23,Mendocino,045,87422,250,178,0,178,0
2020-07-23,Merced,047,269075,4880,2972,2,2974,22
2020-07-23,Modoc,049,8938,3,0,0,0,0
2020-07-23,Mono,051,14174,131,82,1,83,1
2020-07-23,Monterey,053,433212,4669,3655,14,3669,21
2020-07-23,Napa,055,140530,1026,713,0,713,5
2020-07-23,Nevada,057,99092,314,247,13,260,1
2020-07-23,Orange,059,3164182,40494,32863,686,33549,544
2020-07-23,Placer,061,380077,2005,1519,3,1522,12
2020-07-23,Plumas,063,18699,32,21,0,21,0
2020-07-23,Riverside,065,2383286,41191,33833,40,33873,630
2020-07-23,Sacramento,067,1510023,11123,8222,12,8234,108
2020-07-23,San Benito,069,59416,619,478,0,478,2
2020-07-23,San Bernardino,071,2135413,36418,28121,135,28256,369
2020-07-23,San Diego,073,3302833,29957,25109,3,25112,505
2020-07-23,San Francisco,075,870044,6648,5543,7,5550,55
2020-07-23,San Joaquin,077,732212,13032,9861,6,9867,111
2020-07-23,San Luis Obispo,079,281455,1904,1438,9,1447,7
2020-07-23,San Mateo,081,765935,5879,4895,7,4902,113
2020-07-23,Santa Barbara,083,443738,6294,5628,60,5688,30
2020-07-23,Santa Clara,085,1922200,11407,8458,29,8487,165
2020-07-23,Santa Cruz,087,273765,1144,887,8,895,3
2020-07-23,Shasta,089,179085,427,254,1,255,9
2020-07-23,Sierra,091,2930,2,1,0,1,0
2020-07-23,Siskiyou,093,43540,82,53,0,53,0
2020-07-23,Solano,095,438530,3878,2962,13,2975,29
2020-07-23,Sonoma,097,501317,3231,2289,6,2295,18
2020-07-23,Stanislaus,099,539301,10172,7603,12,7615,71
2020-07-23,Sutter,101,95872,709,570,0,570,2
2020-07-23,Tehama,103,63373,239,158,2,160,1
2020-07-23,Trinity,105,12862,24,3,6,9,0
2020-07-23,Tulare,107,460477,10097,7898,33,7931,168
2020-07-23,Tuolumne,109,53932,138,93,2,95,0
2020-07-23,Ventura,111,848112,7967,6303,28,6331,56
2020-07-23,Yolo,113,214977,1684,1279,3,1282,35
2020-07-23,Yuba,115,75493,390,297,0,297,1
2020-07-22,Alameda,001,1643700,12121,9678,38,9716,169
2020-07-22,Alpine,003,1148,2,2,0,2,0
2020-07-22,Amador,005,37829,118,58,0,58,0
2020-07-22,Butte,007,227075,967,694,11,705,5
2020-07-22,Calaveras,009,45235,116,98,0,98,0
2020-07-22,Colusa,011,21464,322,236,0,236,0
2020-07-22,Contra Costa,013,1133247,8726,6401,25,6426,98
2020-07-22,Del Norte,015,27424,84,66,0,66,0
2020-07-22,El Dorado,017,186661,690,466,2,468,1
2020-07-22,Fresno,019,978130,19124,11756,167,11923,110
2020-07-22,Glenn,021,27897,338,236,0,236,1
2020-07-22,Humboldt,023,135768,238,201,1,202,4
2020-07-22,Imperial,025,180216,9933,7533,5,7538,134
2020-07-22,Inyo,027,18085,49,38,1,39,1
2020-07-22,Kern,029,883053,21718,13513,96,13609,127
2020-07-22,Kings,031,150075,4138,3271,25,3296,38
2020-07-22,Lake,033,64148,197,160,0,160,1
2020-07-22,Lassen,035,31185,568,500,2,502,0
2020-07-22,Los Angeles,037,10098052,184099,165242,395,165637,4218
2020-07-22,Madera,039,155013,2333,1578,4,1582,10
2020-07-22,Marin,041,260295,4998,4373,5,4378,23
2020-07-22,Mariposa,043,17540,55,38,0,38,1
2020-07-22,Mendocino,045,87422,243,166,0,166,0
2020-07-22,Merced,047,269075,4753,2828,2,2830,15
2020-07-22,Modoc,049,8938,3,0,0,0,0
2020-07-22,Mono,051,14174,128,82,1,83,1
2020-07-22,Monterey,053,433212,4568,3533,14,3547,20
2020-07-22,Napa,055,140530,1004,687,0,687,5
2020-07-22,Nevada,057,99092,308,239,12,251,1
2020-07-22,Orange,059,3164182,39995,32047,677,32724,522
2020-07-22,Placer,061,380077,1949,1469,3,1472,12
2020-07-22,Plumas,063,18699,31,20,0,20,0
2020-07-22,Riverside,065,2383286,40555,33093,40,33133,612
2020-07-22,Sacramento,067,1510023,10861,8028,11,8039,106
2020-07-22,San Benito,069,59416,605,465,0,465,2
2020-07-22,San Bernardino,071,2135413,35896,26820,124,26944,348
2020-07-22,San Diego,073,3302833,29569,25109,2,25111,505
2020-07-22,San Francisco,075,870044,6544,5473,6,5479,53
2020-07-22,San Joaquin,077,732212,12756,9628,6,9634,102
2020-07-22,San Luis Obispo,079,281455,1858,1373,9,1382,7
2020-07-22,San Mateo,081,765935,5790,4796,7,4803,112
2020-07-22,Santa Barbara,083,443738,6210,5508,58,5566,29
2020-07-22,Santa Clara,085,1922200,11162,8266,29,8295,166
2020-07-22,Santa Cruz,087,273765,1120,866,8,874,3
2020-07-22,Shasta,089,179085,417,246,1,247,9
2020-07-22,Sierra,091,2930,1,1,0,1,0
2020-07-22,Siskiyou,093,43540,81,52,0,52,0
2020-07-22,Solano,095,438530,3817,2839,12,2851,29
2020-07-22,Sonoma,097,501317,3154,2255,6,2261,17
2020-07-22,Stanislaus,099,539301,10001,7401,12,7413,71
2020-07-22,Sutter,101,95872,685,551,0,551,2
2020-07-22,Tehama,103,63373,231,155,2,157,1
2020-07-22,Trinity,105,12862,23,3,6,9,0
2020-07-22,Tulare,107,460477,9864,7640,33,7673,167
2020-07-22,Tuolumne,109,53932,134,91,2,93,0
2020-07-22,Ventura,111,848112,7839,6223,26,6249,56
2020-07-22,Yolo,113,214977,1641,1233,3,1236,34
2020-07-22,Yuba,115,75493,375,288,0,288,1
2020-07-21,Alameda,001,1643700,11907,9390,38,9428,166
2020-07-21,Alpine,003,1148,2,2,0,2,0
2020-07-21,Amador,005,37829,113,55,0,55,0
2020-07-21,Butte,007,227075,922,659,10,669,5
2020-07-21,Calaveras,009,45235,110,96,0,96,0
2020-07-21,Colusa,011,21464,298,227,0,227,0
2020-07-21,Contra Costa,013,1133247,8484,6210,25,6235,98
2020-07-21,Del Norte,015,27424,84,66,0,66,0
2020-07-21,El Dorado,017,186661,682,440,2,442,1
2020-07-21,Fresno,019,978130,18725,11412,161,11573,107
2020-07-21,Glenn,021,27897,331,229,0,229,1
2020-07-21,Humboldt,023,135768,236,198,1,199,4
2020-07-21,Imperial,025,180216,9884,7458,5,7463,128
2020-07-21,Inyo,027,18085,48,38,1,39,1
2020-07-21,Kern,029,883053,21296,11998,90,12088,119
2020-07-21,Kings,031,150075,4073,3187,24,3211,38
2020-07-21,Lake,033,64148,197,157,0,157,1
2020-07-21,Lassen,035,31185,566,474,2,476,0
2020-07-21,Los Angeles,037,10098052,181115,162205,372,162577,4159
2020-07-21,Madera,039,155013,2268,1508,3,1511,10
2020-07-21,Marin,041,260295,4926,4318,5,4323,21
2020-07-21,Mariposa,043,17540,54,37,0,37,1
2020-07-21,Mendocino,045,87422,232,160,0,160,0
2020-07-21,Merced,047,269075,4574,2725,2,2727,15
2020-07-21,Modoc,049,8938,3,0,0,0,0
2020-07-21,Mono,051,14174,124,79,1,80,1
2020-07-21,Monterey,053,433212,4436,3404,13,3417,20
2020-07-21,Napa,055,140530,977,660,0,660,5
2020-07-21,Nevada,057,99092,306,228,10,238,1
2020-07-21,Orange,059,3164182,39498,31356,645,32001,515
2020-07-21,Placer,061,380077,1908,1413,3,1416,11
2020-07-21,Plumas,063,18699,31,19,0,19,0
2020-07-21,Riverside,065,2383286,39853,32231,40,32271,583
2020-07-21,Sacramento,067,1510023,10589,7789,10,7799,102
2020-07-21,San Benito,069,59416,594,444,0,444,2
2020-07-21,San Bernardino,071,2135413,35247,25323,117,25440,343
2020-07-21,San Diego,073,3302833,29120,24522,2,24524,487
2020-07-21,San Francisco,075,870044,6435,5377,6,5383,53
2020-07-21,San Joaquin,077,732212,12427,9150,6,9156,99
2020-07-21,San Luis Obispo,079,281455,1809,1338,9,1347,7
2020-07-21,San Mateo,081,765935,5698,4733,7,4740,111
2020-07-21,Santa Barbara,083,443738,6130,5422,57,5479,29
2020-07-21,Santa Clara,085,1922200,10899,7989,29,8018,164
2020-07-21,Santa Cruz,087,273765,1087,835,8,843,3
2020-07-21,Shasta,089,179085,409,241,1,242,9
2020-07-21,Sierra,091,2930,1,1,0,1,0
2020-07-21,Siskiyou,093,43540,81,48,0,48,0
2020-07-21,Solano,095,438530,3744,2727,12,2739,27
2020-07-21,Sonoma,097,501317,3097,2200,6,2206,17
2020-07-21,Stanislaus,099,539301,9738,6984,12,6996,69
2020-07-21,Sutter,101,95872,669,533,0,533,2
2020-07-21,Tehama,103,63373,221,150,2,152,1
2020-07-21,Trinity,105,12862,23,2,6,8,0
2020-07-21,Tulare,107,460477,9662,7447,33,7480,167
2020-07-21,Tuolumne,109,53932,132,75,2,77,0
2020-07-21,Ventura,111,848112,7707,6131,26,6157,55
2020-07-21,Yolo,113,214977,1587,1204,3,1207,34
2020-07-21,Yuba,115,75493,369,269,0,269,1
2020-07-20,Alameda,001,1643700,11653,9244,37,9281,162
2020-07-20,Alpine,003,1148,2,2,0,2,0
2020-07-20,Amador,005,37829,110,53,0,53,0
2020-07-20,Butte,007,227075,885,586,10,596,4
2020-07-20,Calaveras,009,45235,107,90,0,90,0
2020-07-20,Colusa,011,21464,287,217,0,217,0
2020-07-20,Contra Costa,013,1133247,8276,5823,25,5848,97
2020-07-20,Del Norte,015,27424,84,61,0,61,0
2020-07-20,El Dorado,017,186661,659,407,2,409,0
2020-07-20,Fresno,019,978130,18284,10891,160,11051,106
2020-07-20,Glenn,021,27897,323,225,0,225,1
2020-07-20,Humboldt,023,135768,229,194,1,195,4
2020-07-20,Imperial,025,180216,9844,7337,5,7342,124
2020-07-20,Inyo,027,18085,46,38,1,39,1
2020-07-20,Kern,029,883053,20786,10908,86,10994,118
2020-07-20,Kings,031,150075,4023,3093,24,3117,37
2020-07-20,Lake,033,64148,194,147,0,147,1
2020-07-20,Lassen,035,31185,564,474,2,476,0
2020-07-20,Los Angeles,037,10098052,178156,159202,345,159547,4108
2020-07-20,Madera,039,155013,2193,1433,3,1436,10
2020-07-20,Marin,041,260295,4844,4255,5,4260,21
2020-07-20,Mariposa,043,17540,53,36,0,36,1
2020-07-20,Mendocino,045,87422,219,153,0,153,0
2020-07-20,Merced,047,269075,4404,2584,2,2586,15
2020-07-20,Modoc,049,8938,3,0,0,0,0
2020-07-20,Mono,051,14174,118,78,1,79,1
2020-07-20,Monterey,053,433212,4330,3205,13,3218,19
2020-07-20,Napa,055,140530,942,632,0,632,5
2020-07-20,Nevada,057,99092,298,218,10,228,1
2020-07-20,Orange,059,3164182,38888,30337,615,30952,507
2020-07-20,Placer,061,380077,1856,1364,3,1367,11
2020-07-20,Plumas,063,18699,30,17,0,17,0
2020-07-20,Riverside,065,2383286,39022,31163,40,31203,581
2020-07-20,Sacramento,067,1510023,10261,7369,10,7379,99
2020-07-20,San Benito,069,59416,576,433,0,433,2
2020-07-20,San Bernardino,071,2135413,34436,24226,113,24339,338
2020-07-20,San Diego,073,3302833,28678,24137,2,24139,478
2020-07-20,San Francisco,075,870044,6314,5090,6,5096,53
2020-07-20,San Joaquin,077,732212,12071,8583,6,8589,97
2020-07-20,San Luis Obispo,079,281455,1767,1282,9,1291,6
2020-07-20,San Mateo,081,765935,5597,4609,7,4616,111
2020-07-20,Santa Barbara,083,443738,6020,5266,55,5321,29
2020-07-20,Santa Clara,085,1922200,10670,7711,28,7739,164
2020-07-20,Santa Cruz,087,273765,1055,758,8,766,3
2020-07-20,Shasta,089,179085,394,233,1,234,9
2020-07-20,Sierra,091,2930,1,1,0,1,0
2020-07-20,Siskiyou,093,43540,77,42,0,42,0
2020-07-20,Solano,095,438530,3661,2537,12,2549,26
2020-07-20,Sonoma,097,501317,2990,2148,6,2154,17
2020-07-20,Stanislaus,099,539301,9455,6835,12,6847,58
2020-07-20,Sutter,101,95872,636,507,0,507,2
2020-07-20,Tehama,103,63373,211,146,2,148,1
2020-07-20,Trinity,105,12862,23,2,6,8,0
2020-07-20,Tulare,107,460477,9428,6974,33,7007,166
2020-07-20,Tuolumne,109,53932,131,75,2,77,0
2020-07-20,Ventura,111,848112,7573,5912,26,5938,52
2020-07-20,Yolo,113,214977,1547,1155,3,1158,30
2020-07-20,Yuba,115,75493,349,258,0,258,1
2020-07-19,Alameda,001,1643700,11414,9227,31,9258,162
2020-07-19,Alpine,003,1148,2,2,0,2,0
2020-07-19,Amador,005,37829,103,51,0,51,0
2020-07-19,Butte,007,227075,860,555,10,565,4
2020-07-19,Calaveras,009,45235,105,89,0,89,0
2020-07-19,Colusa,011,21464,279,187,0,187,0
2020-07-19,Contra Costa,013,1133247,7985,5691,23,5714,95
2020-07-19,Del Norte,015,27424,83,61,0,61,0
2020-07-19,El Dorado,017,186661,641,385,2,387,0
2020-07-19,Fresno,019,978130,17760,10639,148,10787,106
2020-07-19,Glenn,021,27897,309,215,0,215,0
2020-07-19,Humboldt,023,135768,221,195,1,196,4
2020-07-19,Imperial,025,180216,9753,7280,5,7285,124
2020-07-19,Inyo,027,18085,42,38,1,39,1
2020-07-19,Kern,029,883053,20169,10094,79,10173,115
2020-07-19,Kings,031,150075,3937,3035,24,3059,37
2020-07-19,Lake,033,64148,189,144,0,144,1
2020-07-19,Lassen,035,31185,545,474,2,476,0
2020-07-19,Los Angeles,037,10098052,174714,156039,322,156361,4100
2020-07-19,Madera,039,155013,2116,1301,3,1304,10
2020-07-19,Marin,041,260295,4789,4172,5,4177,21
2020-07-19,Mariposa,043,17540,49,35,0,35,1
2020-07-19,Mendocino,045,87422,214,137,0,137,0
2020-07-19,Merced,047,269075,4197,2460,2,2462,15
2020-07-19,Modoc,049,8938,3,0,0,0,0
2020-07-19,Mono,051,14174,107,63,1,64,1
2020-07-19,Monterey,053,433212,4210,3079,13,3092,18
2020-07-19,Napa,055,140530,913,612,0,612,5
2020-07-19,Nevada,057,99092,292,210,10,220,1
2020-07-19,Orange,059,3164182,38324,29941,602,30543,505
2020-07-19,Placer,061,380077,1808,1246,3,1249,11
2020-07-19,Plumas,063,18699,30,17,0,17,0
2020-07-19,Riverside,065,2383286,38317,30340,40,30380,581
2020-07-19,Sacramento,067,1510023,9869,6985,10,6995,97
2020-07-19,San Benito,069,59416,560,412,0,412,2
2020-07-19,San Bernardino,071,2135413,33662,23928,101,24029,337
2020-07-19,San Diego,073,3302833,28177,23684,2,23686,478
2020-07-19,San Francisco,075,870044,6168,5094,6,5100,52
2020-07-19,San Joaquin,077,732212,11665,8308,6,8314,93
2020-07-19,San Luis Obispo,079,281455,1723,1262,8,1270,6
2020-07-19,San Mateo,081,765935,5491,4522,7,4529,110
2020-07-19,Santa Barbara,083,443738,5918,5145,52,5197,29
2020-07-19,Santa Clara,085,1922200,10426,7403,28,7431,164
2020-07-19,Santa Cruz,087,273765,1011,753,8,761,3
2020-07-19,Shasta,089,179085,381,218,1,219,9
2020-07-19,Sierra,091,2930,1,1,0,1,0
2020-07-19,Siskiyou,093,43540,75,42,0,42,0
2020-07-19,Solano,095,438530,3556,2551,12,2563,26
2020-07-19,Sonoma,097,501317,2890,2074,6,2080,17
2020-07-19,Stanislaus,099,539301,9159,6508,12,6520,58
2020-07-19,Sutter,101,95872,605,480,0,480,2
2020-07-19,Tehama,103,63373,207,138,2,140,1
2020-07-19,Trinity,105,12862,23,2,6,8,0
2020-07-19,Tulare,107,460477,9180,6856,33,6889,166
2020-07-19,Tuolumne,109,53932,126,75,2,77,0
2020-07-19,Ventura,111,848112,7383,5706,26,5732,52
2020-07-19,Yolo,113,214977,1507,1127,3,1130,30
2020-07-19,Yuba,115,75493,329,240,0,240,1
2020-07-18,Alameda,001,1643700,11277,9089,30,9119,162
2020-07-18,Alpine,003,1148,2,2,0,2,0
2020-07-18,Amador,005,37829,99,49,0,49,0
2020-07-18,Butte,007,227075,851,551,10,561,4
2020-07-18,Calaveras,009,45235,101,89,0,89,0
2020-07-18,Colusa,011,21464,274,182,0,182,0
2020-07-18,Contra Costa,013,1133247,7851,5617,23,5640,95
2020-07-18,Del Norte,015,27424,83,61,0,61,0
2020-07-18,El Dorado,017,186661,638,385,2,387,0
2020-07-18,Fresno,019,978130,17511,10381,146,10527,106
2020-07-18,Glenn,021,27897,303,212,0,212,0
2020-07-18,Humboldt,023,135768,218,189,1,190,4
2020-07-18,Imperial,025,180216,9722,7268,5,7273,124
2020-07-18,Inyo,027,18085,42,38,1,39,1
2020-07-18,Kern,029,883053,19866,9250,76,9326,114
2020-07-18,Kings,031,150075,3897,2996,23,3019,37
2020-07-18,Lake,033,64148,186,142,0,142,1
2020-07-18,Lassen,035,31185,544,474,2,476,0
2020-07-18,Los Angeles,037,10098052,173270,153265,311,153576,4088
2020-07-18,Madera,039,155013,2070,1260,3,1263,9
2020-07-18,Marin,041,260295,4760,4089,5,4094,21
2020-07-18,Mariposa,043,17540,49,35,0,35,1
2020-07-18,Mendocino,045,87422,208,137,0,137,0
2020-07-18,Merced,047,269075,4078,2424,2,2426,15
2020-07-18,Modoc,049,8938,3,0,0,0,0
2020-07-18,Mono,051,14174,105,54,1,55,1
2020-07-18,Monterey,053,433212,4142,3020,13,3033,17
2020-07-18,Napa,055,140530,902,609,0,609,5
2020-07-18,Nevada,057,99092,288,204,9,213,1
2020-07-18,Orange,059,3164182,38005,29603,581,30184,493
2020-07-18,Placer,061,380077,1785,1233,3,1236,11
2020-07-18,Plumas,063,18699,30,17,0,17,0
2020-07-18,Riverside,065,2383286,37963,30245,39,30284,581
2020-07-18,Sacramento,067,1510023,9624,6739,10,6749,95
2020-07-18,San Benito,069,59416,545,407,0,407,2
2020-07-18,San Bernardino,071,2135413,33202,23680,94,23774,336
2020-07-18,San Diego,073,3302833,27874,23116,2,23118,478
2020-07-18,San Francisco,075,870044,6066,5051,6,5057,52
2020-07-18,San Joaquin,077,732212,11452,8118,6,8124,93
2020-07-18,San Luis Obispo,079,281455,1688,1234,8,1242,6
2020-07-18,San Mateo,081,765935,5431,4488,7,4495,110
2020-07-18,Santa Barbara,083,443738,5858,5110,50,5160,29
2020-07-18,Santa Clara,085,1922200,10276,7255,27,7282,164
2020-07-18,Santa Cruz,087,273765,994,751,8,759,3
2020-07-18,Shasta,089,179085,372,216,1,217,9
2020-07-18,Sierra,091,2930,1,1,0,1,0
2020-07-18,Siskiyou,093,43540,71,42,0,42,0
2020-07-18,Solano,095,438530,3515,2503,12,2515,26
2020-07-18,Sonoma,097,501317,2839,2019,6,2025,15
2020-07-18,Stanislaus,099,539301,9024,6344,12,6356,58
2020-07-18,Sutter,101,95872,599,473,0,473,2
2020-07-18,Tehama,103,63373,202,136,2,138,1
2020-07-18,Trinity,105,12862,23,2,6,8,0
2020-07-18,Tulare,107,460477,9089,6810,32,6842,167
2020-07-18,Tuolumne,109,53932,123,75,2,77,0
2020-07-18,Ventura,111,848112,7301,5630,26,5656,52
2020-07-18,Yolo,113,214977,1479,1077,3,1080,30
2020-07-18,Yuba,115,75493,318,237,0,237,1
2020-07-17,Alameda,001,1643700,11137,8893,29,8922,160
2020-07-17,Alpine,003,1148,2,1,0,1,0
2020-07-17,Amador,005,37829,97,48,0,48,0
2020-07-17,Butte,007,227075,837,497,10,507,4
2020-07-17,Calaveras,009,45235,99,86,0,86,0
2020-07-17,Colusa,011,21464,272,146,0,146,0
2020-07-17,Contra Costa,013,1133247,7703,5483,23,5506,93
2020-07-17,Del Norte,015,27424,82,60,0,60,0
2020-07-17,El Dorado,017,186661,622,368,2,370,0
2020-07-17,Fresno,019,978130,17213,9954,146,10100,104
2020-07-17,Glenn,021,27897,296,203,0,203,0
2020-07-17,Humboldt,023,135768,217,185,1,186,4
2020-07-17,Imperial,025,180216,9700,7193,5,7198,120
2020-07-17,Inyo,027,18085,42,38,1,39,1
2020-07-17,Kern,029,883053,19546,8291,75,8366,113
2020-07-17,Kings,031,150075,3858,2978,23,3001,37
2020-07-17,Lake,033,64148,184,139,0,139,1
2020-07-17,Lassen,035,31185,525,391,2,393,0
2020-07-17,Los Angeles,037,10098052,170899,150481,299,150780,4052
2020-07-17,Madera,039,155013,2026,1214,3,1217,9
2020-07-17,Marin,041,260295,4723,3839,5,3844,21
2020-07-17,Mariposa,043,17540,47,35,0,35,1
2020-07-17,Mendocino,045,87422,200,126,0,126,0
2020-07-17,Merced,047,269075,4002,2328,2,2330,12
2020-07-17,Modoc,049,8938,2,0,0,0,0
2020-07-17,Mono,051,14174,100,54,1,55,1
2020-07-17,Monterey,053,433212,4013,2922,13,2935,18
2020-07-17,Napa,055,140530,888,598,0,598,5
2020-07-17,Nevada,057,99092,281,200,9,209,1
2020-07-17,Orange,059,3164182,37542,28962,548,29510,485
2020-07-17,Placer,061,380077,1756,1207,3,1210,11
2020-07-17,Plumas,063,18699,27,16,0,16,0
2020-07-17,Riverside,065,2383286,37364,29639,39,29678,580
2020-07-17,Sacramento,067,1510023,9380,6563,10,6573,95
2020-07-17,San Benito,069,59416,530,399,0,399,2
2020-07-17,San Bernardino,071,2135413,32682,23057,91,23148,322
2020-07-17,San Diego,073,3302833,27486,22491,2,22493,472
2020-07-17,San Francisco,075,870044,5972,4967,6,4973,52
2020-07-17,San Joaquin,077,732212,11208,7925,6,7931,86
2020-07-17,San Luis Obispo,079,281455,1651,1190,8,1198,6
2020-07-17,San Mateo,081,765935,5334,4407,7,4414,110
2020-07-17,Santa Barbara,083,443738,5786,5001,49,5050,29
2020-07-17,Santa Clara,085,1922200,10058,7080,27,7107,164
2020-07-17,Santa Cruz,087,273765,972,716,8,724,3
2020-07-17,Shasta,089,179085,360,213,1,214,8
2020-07-17,Sierra,091,2930,1,1,0,1,0
2020-07-17,Siskiyou,093,43540,70,40,0,40,0
2020-07-17,Solano,095,438530,3466,2452,12,2464,26
2020-07-17,Sonoma,097,501317,2790,1982,6,1988,15
2020-07-17,Stanislaus,099,539301,8850,6220,12,6232,56
2020-07-17,Sutter,101,95872,586,458,0,458,2
2020-07-17,Tehama,103,63373,198,128,2,130,1
2020-07-17,Trinity,105,12862,23,2,6,8,0
2020-07-17,Tulare,107,460477,8953,6671,32,6703,166
2020-07-17,Tuolumne,109,53932,122,73,2,75,0
2020-07-17,Ventura,111,848112,7217,5451,26,5477,51
2020-07-17,Yolo,113,214977,1455,1055,3,1058,30
2020-07-17,Yuba,115,75493,308,231,0,231,1
2020-07-16,Alameda,001,1643700,10903,8719,24,8743,153
2020-07-16,Alpine,003,1148,2,1,0,1,0
2020-07-16,Amador,005,37829,94,46,0,46,0
2020-07-16,Butte,007,227075,800,465,9,474,4
2020-07-16,Calaveras,009,45235,97,82,0,82,0
2020-07-16,Colusa,011,21464,263,140,0,140,0
2020-07-16,Contra Costa,013,1133247,7491,5338,17,5355,91
2020-07-16,Del Norte,015,27424,82,60,0,60,0
2020-07-16,El Dorado,017,186661,605,357,2,359,0
2020-07-16,Fresno,019,978130,16702,9481,137,9618,101
2020-07-16,Glenn,021,27897,287,190,0,190,0
2020-07-16,Humboldt,023,135768,215,184,1,185,4
2020-07-16,Imperial,025,180216,9606,7148,5,7153,113
2020-07-16,Inyo,027,18085,42,38,1,39,1
2020-07-16,Kern,029,883053,19024,7435,73,7508,112
2020-07-16,Kings,031,150075,3691,2937,23,2960,37
2020-07-16,Lake,033,64148,179,128,0,128,1
2020-07-16,Lassen,035,31185,524,355,2,357,0
2020-07-16,Los Angeles,037,10098052,167681,147759,274,148033,3994
2020-07-16,Madera,039,155013,1962,1192,3,1195,8
2020-07-16,Marin,041,260295,4651,3546,5,3551,21
2020-07-16,Mariposa,043,17540,45,34,0,34,1
2020-07-16,Mendocino,045,87422,195,121,0,121,0
2020-07-16,Merced,047,269075,3840,2228,2,2230,12
2020-07-16,Modoc,049,8938,1,0,0,0,0
2020-07-16,Mono,051,14174,97,53,1,54,1
2020-07-16,Monterey,053,433212,3908,2857,12,2869,18
2020-07-16,Napa,055,140530,859,581,0,581,5
2020-07-16,Nevada,057,99092,278,191,9,200,1
2020-07-16,Orange,059,3164182,36841,28525,512,29037,471
2020-07-16,Placer,061,380077,1708,1168,3,1171,11
2020-07-16,Plumas,063,18699,25,16,0,16,0
2020-07-16,Riverside,065,2383286,36619,28904,37,28941,577
2020-07-16,Sacramento,067,1510023,9067,6440,9,6449,91
2020-07-16,San Benito,069,59416,513,389,0,389,2
2020-07-16,San Bernardino,071,2135413,31821,22355,73,22428,321
2020-07-16,San Diego,073,3302833,26999,21857,2,21859,465
2020-07-16,San Francisco,075,870044,5831,4838,6,4844,52
2020-07-16,San Joaquin,077,732212,10845,7713,6,7719,82
2020-07-16,San Luis Obispo,079,281455,1607,1146,8,1154,6
2020-07-16,San Mateo,081,765935,5230,4336,7,4343,110
2020-07-16,Santa Barbara,083,443738,5691,4872,48,4920,28
2020-07-16,Santa Clara,085,1922200,9778,6990,25,7015,164
2020-07-16,Santa Cruz,087,273765,931,698,8,706,3
2020-07-16,Shasta,089,179085,345,208,1,209,7
2020-07-16,Sierra,091,2930,1,1,0,1,0
2020-07-16,Siskiyou,093,43540,67,39,0,39,0
2020-07-16,Solano,095,438530,3372,2372,12,2384,25
2020-07-16,Sonoma,097,501317,2700,1954,6,1960,14
2020-07-16,Stanislaus,099,539301,8567,6077,11,6088,56
2020-07-16,Sutter,101,95872,570,444,0,444,2
2020-07-16,Tehama,103,63373,188,126,2,128,1
2020-07-16,Trinity,105,12862,23,2,5,7,0
2020-07-16,Tulare,107,460477,8737,6467,31,6498,163
2020-07-16,Tuolumne,109,53932,117,71,2,73,0
2020-07-16,Ventura,111,848112,7055,5231,26,5257,50
2020-07-16,Yolo,113,214977,1413,1034,3,1037,29
2020-07-16,Yuba,115,75493,290,221,0,221,1
2020-07-15,Alameda,001,1643700,10698,8615,19,8634,153
2020-07-15,Alpine,003,1148,2,1,0,1,0
2020-07-15,Amador,005,37829,73,44,0,44,0
2020-07-15,Butte,007,227075,758,420,9,429,4
2020-07-15,Calaveras,009,45235,97,75,0,75,0
2020-07-15,Colusa,011,21464,258,135,0,135,0
2020-07-15,Contra Costa,013,1133247,7260,5246,17,5263,90
2020-07-15,Del Norte,015,27424,81,60,0,60,0
2020-07-15,El Dorado,017,186661,581,339,2,341,0
2020-07-15,Fresno,019,978130,16228,9124,130,9254,101
2020-07-15,Glenn,021,27897,278,184,0,184,0
2020-07-15,Humboldt,023,135768,213,181,1,182,4
2020-07-15,Imperial,025,180216,9539,7110,5,7115,110
2020-07-15,Inyo,027,18085,42,36,1,37,1
2020-07-15,Kern,029,883053,18404,7155,70,7225,108
2020-07-15,Kings,031,150075,3630,2906,23,2929,37
2020-07-15,Lake,033,64148,177,122,0,122,1
2020-07-15,Lassen,035,31185,520,319,2,321,0
2020-07-15,Los Angeles,037,10098052,164216,143343,259,143602,3946
2020-07-15,Madera,039,155013,1893,1147,3,1150,4
2020-07-15,Marin,041,260295,4596,3458,5,3463,21
2020-07-15,Mariposa,043,17540,45,34,0,34,1
2020-07-15,Mendocino,045,87422,192,119,0,119,0
2020-07-15,Merced,047,269075,3690,2156,2,2158,12
2020-07-15,Modoc,049,8938,1,0,0,0,0
2020-07-15,Mono,051,14174,95,52,1,53,1
2020-07-15,Monterey,053,433212,3796,2780,12,2792,18
2020-07-15,Napa,055,140530,833,573,0,573,5
2020-07-15,Nevada,057,99092,274,185,7,192,1
2020-07-15,Orange,059,3164182,36041,27718,478,28196,454
2020-07-15,Placer,061,380077,1650,1145,3,1148,11
2020-07-15,Plumas,063,18699,25,16,0,16,0
2020-07-15,Riverside,065,2383286,35836,28492,35,28527,568
2020-07-15,Sacramento,067,1510023,8686,6217,9,6226,91
2020-07-15,San Benito,069,59416,504,388,0,388,2
2020-07-15,San Bernardino,071,2135413,31032,21508,57,21565,317
2020-07-15,San Diego,073,3302833,26532,21448,2,21450,448
2020-07-15,San Francisco,075,870044,5717,4757,6,4763,50
2020-07-15,San Joaquin,077,732212,10413,7381,5,7386,75
2020-07-15,San Luis Obispo,079,281455,1564,1097,8,1105,6
2020-07-15,San Mateo,081,765935,5117,4258,7,4265,109
2020-07-15,Santa Barbara,083,443738,5577,4733,48,4781,28
2020-07-15,Santa Clara,085,1922200,9474,6900,25,6925,164
2020-07-15,Santa Cruz,087,273765,895,660,7,667,3
2020-07-15,Shasta,089,179085,336,193,1,194,7
2020-07-15,Sierra,091,2930,1,1,0,1,0
2020-07-15,Siskiyou,093,43540,66,38,0,38,0
2020-07-15,Solano,095,438530,3277,2343,12,2355,25
2020-07-15,Sonoma,097,501317,2602,1920,6,1926,14
2020-07-15,Stanislaus,099,539301,8270,5777,11,5788,56
2020-07-15,Sutter,101,95872,544,433,0,433,2
2020-07-15,Tehama,103,63373,180,126,2,128,1
2020-07-15,Trinity,105,12862,22,2,5,7,0
2020-07-15,Tulare,107,460477,8526,6320,30,6350,156
2020-07-15,Tuolumne,109,53932,110,68,2,70,0
2020-07-15,Ventura,111,848112,6878,5087,26,5113,50
2020-07-15,Yolo,113,214977,1380,1002,3,1005,27
2020-07-15,Yuba,115,75493,278,221,0,221,1
2020-07-14,Alameda,001,1643700,10356,8388,13,8401,151
2020-07-14,Alpine,003,1148,2,1,0,1,0
2020-07-14,Amador,005,37829,69,44,0,44,0
2020-07-14,Butte,007,227075,712,382,9,391,4
2020-07-14,Calaveras,009,45235,95,74,0,74,0
2020-07-14,Colusa,011,21464,248,128,0,128,0
2020-07-14,Contra Costa,013,1133247,7023,5110,15,5125,90
2020-07-14,Del Norte,015,27424,80,60,0,60,0
2020-07-14,El Dorado,017,186661,566,324,2,326,0
2020-07-14,Fresno,019,978130,15808,8941,125,9066,98
2020-07-14,Glenn,021,27897,268,177,0,177,0
2020-07-14,Humboldt,023,135768,210,175,1,176,4
2020-07-14,Imperial,025,180216,9411,7095,5,7100,109
2020-07-14,Inyo,027,18085,42,35,1,36,1
2020-07-14,Kern,029,883053,17645,6979,57,7036,107
2020-07-14,Kings,031,150075,3563,2867,22,2889,37
2020-07-14,Lake,033,64148,171,120,0,120,1
2020-07-14,Lassen,035,31185,503,263,2,265,0
2020-07-14,Los Angeles,037,10098052,161082,140632,230,140862,3900
2020-07-14,Madera,039,155013,1819,1118,3,1121,4
2020-07-14,Marin,041,260295,4482,3451,5,3456,21
2020-07-14,Mariposa,043,17540,41,32,0,32,1
2020-07-14,Mendocino,045,87422,184,110,0,110,0
2020-07-14,Merced,047,269075,3511,2084,2,2086,12
2020-07-14,Modoc,049,8938,1,0,0,0,0
2020-07-14,Mono,051,14174,85,48,1,49,1
2020-07-14,Monterey,053,433212,3683,2724,12,2736,18
2020-07-14,Napa,055,140530,777,557,0,557,4
2020-07-14,Nevada,057,99092,257,180,6,186,1
2020-07-14,Orange,059,3164182,35161,26915,431,27346,432
2020-07-14,Placer,061,380077,1592,1122,3,1125,11
2020-07-14,Plumas,063,18699,24,14,0,14,0
2020-07-14,Riverside,065,2383286,35079,27850,34,27884,547
2020-07-14,Sacramento,067,1510023,8332,5978,9,5987,87
2020-07-14,San Benito,069,59416,485,360,0,360,2
2020-07-14,San Bernardino,071,2135413,30181,20489,47,20536,316
2020-07-14,San Diego,073,3302833,25912,20887,2,20889,436
2020-07-14,San Francisco,075,870044,5567,4659,5,4664,50
2020-07-14,San Joaquin,077,732212,9985,7143,5,7148,75
2020-07-14,San Luis Obispo,079,281455,1526,1060,8,1068,5
2020-07-14,San Mateo,081,765935,5024,4173,7,4180,108
2020-07-14,Santa Barbara,083,443738,5453,4641,46,4687,28
2020-07-14,Santa Clara,085,1922200,9146,6686,22,6708,164
2020-07-14,Santa Cruz,087,273765,856,639,7,646,3
2020-07-14,Shasta,089,179085,327,190,1,191,7
2020-07-14,Sierra,091,2930,1,1,0,1,0
2020-07-14,Siskiyou,093,43540,65,38,0,38,0
2020-07-14,Solano,095,438530,3177,2266,10,2276,25
2020-07-14,Sonoma,097,501317,2509,1866,6,1872,14
2020-07-14,Stanislaus,099,539301,7896,5631,10,5641,53
2020-07-14,Sutter,101,95872,525,405,0,405,2
2020-07-14,Tehama,103,63373,168,123,2,125,1
2020-07-14,Trinity,105,12862,21,2,5,7,0
2020-07-14,Tulare,107,460477,8280,6199,30,6229,156
2020-07-14,Tuolumne,109,53932,105,68,2,70,0
2020-07-14,Ventura,111,848112,6717,4950,26,4976,50
2020-07-14,Yolo,113,214977,1332,966,3,969,27
2020-07-14,Yuba,115,75493,261,210,0,210,1
2020-07-13,Alameda,001,1643700,10047,8115,13,8128,148
2020-07-13,Alpine,003,1148,2,1,0,1,0
2020-07-13,Amador,005,37829,65,42,0,42,0
2020-07-13,Butte,007,227075,676,354,9,363,4
2020-07-13,Calaveras,009,45235,87,63,0,63,0
2020-07-13,Colusa,011,21464,242,116,0,116,0
2020-07-13,Contra Costa,013,1133247,6751,4882,13,4895,88
2020-07-13,Del Norte,015,27424,74,59,0,59,0
2020-07-13,El Dorado,017,186661,535,298,2,300,0
2020-07-13,Fresno,019,978130,15378,8666,120,8786,95
2020-07-13,Glenn,021,27897,261,168,0,168,0
2020-07-13,Humboldt,023,135768,205,174,1,175,4
2020-07-13,Imperial,025,180216,9326,7052,5,7057,109
2020-07-13,Inyo,027,18085,41,35,1,36,1
2020-07-13,Kern,029,883053,16960,6808,52,6860,107
2020-07-13,Kings,031,150075,3512,2824,22,2846,37
2020-07-13,Lake,033,64148,166,118,0,118,1
2020-07-13,Lassen,035,31185,498,237,2,239,0
2020-07-13,Los Angeles,037,10098052,157850,136368,216,136584,3829
2020-07-13,Madera,039,155013,1750,1059,3,1062,4
2020-07-13,Marin,041,260295,4378,3402,5,3407,21
2020-07-13,Mariposa,043,17540,40,31,0,31,1
2020-07-13,Mendocino,045,87422,180,87,0,87,0
2020-07-13,Merced,047,269075,3362,2007,2,2009,12
2020-07-13,Modoc,049,8938,1,0,0,0,0
2020-07-13,Mono,051,14174,81,47,0,47,1
2020-07-13,Monterey,053,433212,3560,2613,9,2622,18
2020-07-13,Napa,055,140530,741,534,0,534,4
2020-07-13,Nevada,057,99092,243,172,6,178,1
2020-07-13,Orange,059,3164182,34296,25978,399,26377,423
2020-07-13,Placer,061,380077,1547,1096,3,1099,11
2020-07-13,Plumas,063,18699,22,14,0,14,0
2020-07-13,Riverside,065,2383286,34154,27136,32,27168,545
2020-07-13,Sacramento,067,1510023,8035,5747,9,5756,85
2020-07-13,San Benito,069,59416,472,343,0,343,2
2020-07-13,San Bernardino,071,2135413,29303,19610,41,19651,313
2020-07-13,San Diego,073,3302833,25345,20348,2,20350,422
2020-07-13,San Francisco,075,870044,5440,4534,4,4538,50
2020-07-13,San Joaquin,077,732212,9569,6927,5,6932,71
2020-07-13,San Luis Obispo,079,281455,1495,989,8,997,5
2020-07-13,San Mateo,081,765935,4893,4057,7,4064,108
2020-07-13,Santa Barbara,083,443738,5339,4441,45,4486,28
2020-07-13,Santa Clara,085,1922200,8823,6488,21,6509,164
2020-07-13,Santa Cruz,087,273765,818,574,7,581,3
2020-07-13,Shasta,089,179085,316,185,1,186,6
2020-07-13,Sierra,091,2930,1,1,0,1,0
2020-07-13,Siskiyou,093,43540,61,37,0,37,0
2020-07-13,Solano,095,438530,3065,2046,10,2056,23
2020-07-13,Sonoma,097,501317,2398,1818,6,1824,14
2020-07-13,Stanislaus,099,539301,7593,5324,9,5333,53
2020-07-13,Sutter,101,95872,487,379,0,379,2
2020-07-13,Tehama,103,63373,155,112,2,114,1
2020-07-13,Trinity,105,12862,21,2,5,7,0
2020-07-13,Tulare,107,460477,8019,5930,28,5958,147
2020-07-13,Tuolumne,109,53932,97,56,2,58,0
2020-07-13,Ventura,111,848112,6527,4800,23,4823,50
2020-07-13,Yolo,113,214977,1286,941,3,944,27
2020-07-13,Yuba,115,75493,246,194,0,194,1
2020-07-12,Alameda,001,1643700,9776,8056,13,8069,148
2020-07-12,Alpine,003,1148,2,1,0,1,0
2020-07-12,Amador,005,37829,55,40,0,40,0
2020-07-12,Butte,007,227075,626,341,8,349,4
2020-07-12,Calaveras,009,45235,87,62,0,62,0
2020-07-12,Colusa,011,21464,208,116,0,116,0
2020-07-12,Contra Costa,013,1133247,6480,4708,11,4719,88
2020-07-12,Del Norte,015,27424,63,59,0,59,0
2020-07-12,El Dorado,017,186661,513,290,2,292,0
2020-07-12,Fresno,019,978130,14952,8407,115,8522,95
2020-07-12,Glenn,021,27897,248,166,0,166,0
2020-07-12,Humboldt,023,135768,201,174,1,175,4
2020-07-12,Imperial,025,180216,9209,6999,5,7004,109
2020-07-12,Inyo,027,18085,39,35,1,36,1
2020-07-12,Kern,029,883053,16216,6662,49,6711,105
2020-07-12,Kings,031,150075,3450,2779,22,2801,34
2020-07-12,Lake,033,64148,157,114,0,114,1
2020-07-12,Lassen,035,31185,491,237,2,239,0
2020-07-12,Los Angeles,037,10098052,154432,133830,187,134017,3816
2020-07-12,Madera,039,155013,1695,1025,3,1028,4
2020-07-12,Marin,041,260295,4301,3358,5,3363,21
2020-07-12,Mariposa,043,17540,39,31,0,31,1
2020-07-12,Mendocino,045,87422,161,88,0,88,0
2020-07-12,Merced,047,269075,3232,1908,2,1910,12
2020-07-12,Modoc,049,8938,1,0,0,0,0
2020-07-12,Mono,051,14174,71,45,0,45,1
2020-07-12,Monterey,053,433212,3445,2521,9,2530,18
2020-07-12,Napa,055,140530,709,519,0,519,4
2020-07-12,Nevada,057,99092,233,166,6,172,1
2020-07-12,Orange,059,3164182,33420,25399,390,25789,422
2020-07-12,Placer,061,380077,1491,1058,3,1061,11
2020-07-12,Plumas,063,18699,21,14,0,14,0
2020-07-12,Riverside,065,2383286,33395,26404,32,26436,542
2020-07-12,Sacramento,067,1510023,7723,5515,7,5522,85
2020-07-12,San Benito,069,59416,457,324,0,324,2
2020-07-12,San Bernardino,071,2135413,28391,19042,36,19078,312
2020-07-12,San Diego,073,3302833,24715,19929,2,19931,422
2020-07-12,San Francisco,075,870044,5290,4535,4,4539,50
2020-07-12,San Joaquin,077,732212,9207,6703,5,6708,71
2020-07-12,San Luis Obispo,079,281455,1448,972,7,979,5
2020-07-12,San Mateo,081,765935,4775,3988,7,3995,108
2020-07-12,Santa Barbara,083,443738,5209,4353,44,4397,28
2020-07-12,Santa Clara,085,1922200,8585,6252,20,6272,164
2020-07-12,Santa Cruz,087,273765,776,573,5,578,3
2020-07-12,Shasta,089,179085,310,173,1,174,6
2020-07-12,Sierra,091,2930,1,1,0,1,0
2020-07-12,Siskiyou,093,43540,59,36,0,36,0
2020-07-12,Solano,095,438530,2940,2037,10,2047,23
2020-07-12,Sonoma,097,501317,2304,1743,6,1749,13
2020-07-12,Stanislaus,099,539301,7289,5177,9,5186,53
2020-07-12,Sutter,101,95872,469,362,0,362,2
2020-07-12,Tehama,103,63373,148,111,2,113,1
2020-07-12,Trinity,105,12862,21,2,5,7,0
2020-07-12,Tulare,107,460477,7764,5864,27,5891,146
2020-07-12,Tuolumne,109,53932,89,52,2,54,0
2020-07-12,Ventura,111,848112,6311,4724,22,4746,50
2020-07-12,Yolo,113,214977,1245,889,3,892,27
2020-07-12,Yuba,115,75493,235,188,0,188,1
2020-07-11,Alameda,001,1643700,9674,7845,13,7858,148
2020-07-11,Alpine,003,1148,2,1,0,1,0
2020-07-11,Amador,005,37829,51,37,0,37,0
2020-07-11,Butte,007,227075,610,325,8,333,4
2020-07-11,Calaveras,009,45235,84,62,0,62,0
2020-07-11,Colusa,011,21464,203,110,0,110,0
2020-07-11,Contra Costa,013,1133247,6364,4650,11,4661,87
2020-07-11,Del Norte,015,27424,63,59,0,59,0
2020-07-11,El Dorado,017,186661,502,283,2,285,0
2020-07-11,Fresno,019,978130,14692,8086,113,8199,95
2020-07-11,Glenn,021,27897,240,161,0,161,0
2020-07-11,Humboldt,023,135768,200,174,1,175,4
2020-07-11,Imperial,025,180216,9170,6884,5,6889,109
2020-07-11,Inyo,027,18085,39,35,1,36,1
2020-07-11,Kern,029,883053,15859,6509,48,6557,103
2020-07-11,Kings,031,150075,3423,2753,22,2775,33
2020-07-11,Lake,033,64148,156,110,0,110,1
2020-07-11,Lassen,035,31185,490,237,2,239,0
2020-07-11,Los Angeles,037,10098052,152715,130479,177,130656,3802
2020-07-11,Madera,039,155013,1654,988,3,991,4
2020-07-11,Marin,041,260295,4273,3191,5,3196,21
2020-07-11,Mariposa,043,17540,39,31,0,31,1
2020-07-11,Mendocino,045,87422,157,88,0,88,0
2020-07-11,Merced,047,269075,3151,1851,2,1853,12
2020-07-11,Modoc,049,8938,1,0,0,0,0
2020-07-11,Mono,051,14174,68,45,0,45,1
2020-07-11,Monterey,053,433212,3356,2376,8,2384,18
2020-07-11,Napa,055,140530,697,509,0,509,4
2020-07-11,Nevada,057,99092,224,163,5,168,1
2020-07-11,Orange,059,3164182,33043,24430,376,24806,422
2020-07-11,Placer,061,380077,1456,1029,3,1032,11
2020-07-11,Plumas,063,18699,21,12,0,12,0
2020-07-11,Riverside,065,2383286,33004,25994,32,26026,538
2020-07-11,Sacramento,067,1510023,7549,5367,7,5374,84
2020-07-11,San Benito,069,59416,442,314,0,314,2
2020-07-11,San Bernardino,071,2135413,27954,18907,34,18941,310
2020-07-11,San Diego,073,3302833,24323,19371,2,19373,422
2020-07-11,San Francisco,075,870044,5194,4430,3,4433,50
2020-07-11,San Joaquin,077,732212,9029,6518,5,6523,72
2020-07-11,San Luis Obispo,079,281455,1400,930,7,937,4
2020-07-11,San Mateo,081,765935,4707,3956,7,3963,108
2020-07-11,Santa Barbara,083,443738,5140,4283,43,4326,28
2020-07-11,Santa Clara,085,1922200,8426,5959,20,5979,164
2020-07-11,Santa Cruz,087,273765,745,571,5,576,3
2020-07-11,Shasta,089,179085,303,168,1,169,6
2020-07-11,Sierra,091,2930,1,1,0,1,0
2020-07-11,Siskiyou,093,43540,59,36,0,36,0
2020-07-11,Solano,095,438530,2899,2034,10,2044,23
2020-07-11,Sonoma,097,501317,2266,1690,6,1696,13
2020-07-11,Stanislaus,099,539301,7148,4911,9,4920,51
2020-07-11,Sutter,101,95872,453,352,0,352,2
2020-07-11,Tehama,103,63373,146,111,2,113,1
2020-07-11,Trinity,105,12862,21,2,5,7,0
2020-07-11,Tulare,107,460477,7658,5780,27,5807,149
2020-07-11,Tuolumne,109,53932,87,50,2,52,0
2020-07-11,Ventura,111,848112,6215,4545,21,4566,49
2020-07-11,Yolo,113,214977,1216,833,3,836,27
2020-07-11,Yuba,115,75493,225,175,0,175,1
2020-07-10,Alameda,001,1643700,9517,7551,13,7564,147
2020-07-10,Alpine,003,1148,2,1,0,1,0
2020-07-10,Amador,005,37829,47,37,0,37,0
2020-07-10,Butte,007,227075,599,318,8,326,4
2020-07-10,Calaveras,009,45235,84,61,0,61,0
2020-07-10,Colusa,011,21464,197,103,0,103,0
2020-07-10,Contra Costa,013,1133247,6221,4482,11,4493,86
2020-07-10,Del Norte,015,27424,63,57,0,57,0
2020-07-10,El Dorado,017,186661,484,266,2,268,0
2020-07-10,Fresno,019,978130,14360,7760,110,7870,93
2020-07-10,Glenn,021,27897,235,157,0,157,0
2020-07-10,Humboldt,023,135768,199,168,1,169,4
2020-07-10,Imperial,025,180216,9125,6878,4,6882,98
2020-07-10,Inyo,027,18085,39,35,1,36,1
2020-07-10,Kern,029,883053,15426,6344,47,6391,102
2020-07-10,Kings,031,150075,3387,2707,22,2729,33
2020-07-10,Lake,033,64148,149,104,0,104,1
2020-07-10,Lassen,035,31185,489,235,2,237,0
2020-07-10,Los Angeles,037,10098052,150297,127503,171,127674,3750
2020-07-10,Madera,039,155013,1608,914,3,917,4
2020-07-10,Marin,041,260295,4210,3101,5,3106,21
2020-07-10,Mariposa,043,17540,38,31,0,31,1
2020-07-10,Mendocino,045,87422,149,88,0,88,0
2020-07-10,Merced,047,269075,3072,1802,2,1804,12
2020-07-10,Modoc,049,8938,1,0,0,0,0
2020-07-10,Mono,051,14174,67,45,0,45,1
2020-07-10,Monterey,053,433212,3278,2285,8,2293,18
2020-07-10,Napa,055,140530,686,496,0,496,4
2020-07-10,Nevada,057,99092,219,161,5,166,1
2020-07-10,Orange,059,3164182,32456,23692,373,24065,416
2020-07-10,Placer,061,380077,1414,1002,3,1005,11
2020-07-10,Plumas,063,18699,19,12,0,12,0
2020-07-10,Riverside,065,2383286,32486,25481,32,25513,533
2020-07-10,Sacramento,067,1510023,7294,5181,7,5188,81
2020-07-10,San Benito,069,59416,433,302,0,302,2
2020-07-10,San Bernardino,071,2135413,27429,18242,31,18273,308
2020-07-10,San Diego,073,3302833,23939,18862,2,18864,420
2020-07-10,San Francisco,075,870044,5103,4305,3,4308,50
2020-07-10,San Joaquin,077,732212,8796,6225,5,6230,67
2020-07-10,San Luis Obispo,079,281455,1362,891,7,898,4
2020-07-10,San Mateo,081,765935,4642,3844,7,3851,107
2020-07-10,Santa Barbara,083,443738,5043,4177,42,4219,28
2020-07-10,Santa Clara,085,1922200,8202,5819,20,5839,164
2020-07-10,Santa Cruz,087,273765,717,540,5,545,3
2020-07-10,Shasta,089,179085,299,158,1,159,6
2020-07-10,Sierra,091,2930,1,1,0,1,0
2020-07-10,Siskiyou,093,43540,59,31,0,31,0
2020-07-10,Solano,095,438530,2852,1950,10,1960,23
2020-07-10,Sonoma,097,501317,2219,1606,5,1611,13
2020-07-10,Stanislaus,099,539301,6978,4781,9,4790,46
2020-07-10,Sutter,101,95872,446,338,0,338,2
2020-07-10,Tehama,103,63373,145,107,2,109,1
2020-07-10,Trinity,105,12862,21,2,5,7,0
2020-07-10,Tulare,107,460477,7521,5677,27,5704,150
2020-07-10,Tuolumne,109,53932,86,49,2,51,0
2020-07-10,Ventura,111,848112,6101,4416,21,4437,48
2020-07-10,Yolo,113,214977,1192,794,3,797,27
2020-07-10,Yuba,115,75493,211,164,0,164,1
2020-07-09,Alameda,001,1643700,9281,7433,13,7446,146
2020-07-09,Alpine,003,1148,2,1,0,1,0
2020-07-09,Amador,005,37829,44,36,0,36,0
2020-07-09,Butte,007,227075,567,295,8,303,4
2020-07-09,Calaveras,009,45235,83,59,0,59,0
2020-07-09,Colusa,011,21464,189,97,0,97,0
2020-07-09,Contra Costa,013,1133247,5978,4388,11,4399,86
2020-07-09,Del Norte,015,27424,63,57,0,57,0
2020-07-09,El Dorado,017,186661,459,255,2,257,0
2020-07-09,Fresno,019,978130,13906,7385,107,7492,90
2020-07-09,Glenn,021,27897,225,150,0,150,0
2020-07-09,Humboldt,023,135768,196,166,1,167,4
2020-07-09,Imperial,025,180216,9028,6778,4,6782,87
2020-07-09,Inyo,027,18085,37,35,1,36,1
2020-07-09,Kern,029,883053,14781,6100,45,6145,95
2020-07-09,Kings,031,150075,3323,2686,21,2707,33
2020-07-09,Lake,033,64148,146,99,0,99,1
2020-07-09,Lassen,035,31185,433,221,2,223,0
2020-07-09,Los Angeles,037,10098052,147039,125062,147,125209,3698
2020-07-09,Madera,039,155013,1531,850,3,853,4
2020-07-09,Marin,041,260295,4058,2975,4,2979,20
2020-07-09,Mariposa,043,17540,38,32,0,32,1
2020-07-09,Mendocino,045,87422,145,88,0,88,0
2020-07-09,Merced,047,269075,2939,1728,2,1730,11
2020-07-09,Modoc,049,8938,1,0,0,0,0
2020-07-09,Mono,051,14174,63,45,0,45,1
2020-07-09,Monterey,053,433212,3153,2223,8,2231,17
2020-07-09,Napa,055,140530,669,468,0,468,4
2020-07-09,Nevada,057,99092,213,156,5,161,1
2020-07-09,Orange,059,3164182,31485,22960,355,23315,407
2020-07-09,Placer,061,380077,1372,982,3,985,11
2020-07-09,Plumas,063,18699,19,12,0,12,0
2020-07-09,Riverside,065,2383286,31593,24980,31,25011,529
2020-07-09,Sacramento,067,1510023,6967,4950,7,4957,81
2020-07-09,San Benito,069,59416,417,295,0,295,2
2020-07-09,San Bernardino,071,2135413,26556,17339,25,17364,307
2020-07-09,San Diego,073,3302833,23347,18404,2,18406,415
2020-07-09,San Francisco,075,870044,4971,4143,3,4146,50
2020-07-09,San Joaquin,077,732212,8437,6004,5,6009,66
2020-07-09,San Luis Obispo,079,281455,1322,869,7,876,3
2020-07-09,San Mateo,081,765935,4515,3792,7,3799,106
2020-07-09,Santa Barbara,083,443738,4911,4068,42,4110,28
2020-07-09,Santa Clara,085,1922200,7945,5638,19,5657,164
2020-07-09,Santa Cruz,087,273765,690,526,5,531,3
2020-07-09,Shasta,089,179085,293,155,1,156,5
2020-07-09,Sierra,091,2930,1,1,0,1,0
2020-07-09,Siskiyou,093,43540,55,31,0,31,0
2020-07-09,Solano,095,438530,2754,1892,10,1902,23
2020-07-09,Sonoma,097,501317,2133,1584,5,1589,13
2020-07-09,Stanislaus,099,539301,6663,4633,8,4641,46
2020-07-09,Sutter,101,95872,429,321,0,321,2
2020-07-09,Tehama,103,63373,140,102,2,104,1
2020-07-09,Trinity,105,12862,21,2,5,7,0
2020-07-09,Tulare,107,460477,7302,5501,26,5527,146
2020-07-09,Tuolumne,109,53932,85,47,2,49,0
2020-07-09,Ventura,111,848112,5933,4278,21,4299,47
2020-07-09,Yolo,113,214977,1144,764,3,767,27
2020-07-09,Yuba,115,75493,194,152,0,152,1
2020-07-08,Alameda,001,1643700,8989,7335,13,7348,142
2020-07-08,Alpine,003,1148,2,1,0,1,0
2020-07-08,Amador,005,37829,41,35,0,35,0
2020-07-08,Butte,007,227075,530,281,8,289,3
2020-07-08,Calaveras,009,45235,78,58,0,58,0
2020-07-08,Colusa,011,21464,176,90,0,90,0
2020-07-08,Contra Costa,013,1133247,5732,4268,9,4277,84
2020-07-08,Del Norte,015,27424,61,57,0,57,0
2020-07-08,El Dorado,017,186661,438,248,2,250,0
2020-07-08,Fresno,019,978130,13489,7102,99,7201,86
2020-07-08,Glenn,021,27897,214,146,0,146,0
2020-07-08,Humboldt,023,135768,193,162,1,163,4
2020-07-08,Imperial,025,180216,8941,6727,4,6731,76
2020-07-08,Inyo,027,18085,37,35,1,36,1
2020-07-08,Kern,029,883053,14203,5873,43,5916,91
2020-07-08,Kings,031,150075,3263,2629,18,2647,33
2020-07-08,Lake,033,64148,139,97,0,97,1
2020-07-08,Lassen,035,31185,337,221,2,223,0
2020-07-08,Los Angeles,037,10098052,143839,123462,120,123582,3650
2020-07-08,Madera,039,155013,1461,828,3,831,4
2020-07-08,Marin,041,260295,3959,2756,4,2760,17
2020-07-08,Mariposa,043,17540,38,31,0,31,1
2020-07-08,Mendocino,045,87422,132,84,0,84,0
2020-07-08,Merced,047,269075,2819,1578,2,1580,11
2020-07-08,Modoc,049,8938,1,0,0,0,0
2020-07-08,Mono,051,14174,60,45,0,45,1
2020-07-08,Monterey,053,433212,3035,2182,7,2189,17
2020-07-08,Napa,055,140530,647,468,0,468,4
2020-07-08,Nevada,057,99092,204,156,5,161,1
2020-07-08,Orange,059,3164182,30534,22088,350,22438,378
2020-07-08,Placer,061,380077,1325,948,3,951,11
2020-07-08,Plumas,063,18699,19,12,0,12,0
2020-07-08,Riverside,065,2383286,30629,24042,30,24072,508
2020-07-08,Sacramento,067,1510023,6679,4799,7,4806,80
2020-07-08,San Benito,069,59416,401,282,0,282,2
2020-07-08,San Bernardino,071,2135413,25702,16510,21,16531,296
2020-07-08,San Diego,073,3302833,22777,17844,2,17846,406
2020-07-08,San Francisco,075,870044,4882,4093,3,4096,50
2020-07-08,San Joaquin,077,732212,8094,5759,5,5764,61
2020-07-08,San Luis Obispo,079,281455,1270,825,7,832,2
2020-07-08,San Mateo,081,765935,4394,3733,7,3740,106
2020-07-08,Santa Barbara,083,443738,4792,3985,42,4027,28
2020-07-08,Santa Clara,085,1922200,7712,5510,19,5529,164
2020-07-08,Santa Cruz,087,273765,657,509,4,513,3
2020-07-08,Shasta,089,179085,284,148,1,149,6
2020-07-08,Sierra,091,2930,1,1,0,1,0
2020-07-08,Siskiyou,093,43540,55,31,0,31,0
2020-07-08,Solano,095,438530,2638,1821,10,1831,23
2020-07-08,Sonoma,097,501317,2058,1495,5,1500,9
2020-07-08,Stanislaus,099,539301,6363,4344,8,4352,46
2020-07-08,Sutter,101,95872,404,298,0,298,2
2020-07-08,Tehama,103,63373,134,100,2,102,1
2020-07-08,Trinity,105,12862,20,2,5,7,0
2020-07-08,Tulare,107,460477,7110,5307,21,5328,138
2020-07-08,Tuolumne,109,53932,81,42,2,44,0
2020-07-08,Ventura,111,848112,5768,4139,21,4160,47
2020-07-08,Yolo,113,214977,1100,727,3,730,26
2020-07-08,Yuba,115,75493,181,145,0,145,1
2020-07-07,Alameda,001,1643700,8669,7097,12,7109,141
2020-07-07,Alpine,003,1148,2,1,0,1,0
2020-07-07,Amador,005,37829,41,33,0,33,0
2020-07-07,Butte,007,227075,487,269,8,277,3
2020-07-07,Calaveras,009,45235,76,58,0,58,0
2020-07-07,Colusa,011,21464,143,84,0,84,0
2020-07-07,Contra Costa,013,1133247,5496,4131,8,4139,84
2020-07-07,Del Norte,015,27424,61,57,0,57,0
2020-07-07,El Dorado,017,186661,418,244,2,246,0
2020-07-07,Fresno,019,978130,13036,6738,99,6837,84
2020-07-07,Glenn,021,27897,205,145,0,145,0
2020-07-07,Humboldt,023,135768,190,150,1,151,4
2020-07-07,Imperial,025,180216,8842,6678,4,6682,51
2020-07-07,Inyo,027,18085,36,32,1,33,1
2020-07-07,Kern,029,883053,13504,5645,39,5684,88
2020-07-07,Kings,031,150075,3200,2623,16,2639,33
2020-07-07,Lake,033,64148,129,94,0,94,1
2020-07-07,Lassen,035,31185,266,219,2,221,0
2020-07-07,Los Angeles,037,10098052,140273,121026,112,121138,3588
2020-07-07,Madera,039,155013,1417,794,3,797,4
2020-07-07,Marin,041,260295,3870,2627,4,2631,17
2020-07-07,Mariposa,043,17540,38,31,0,31,1
2020-07-07,Mendocino,045,87422,124,82,0,82,0
2020-07-07,Merced,047,269075,2645,1531,2,1533,10
2020-07-07,Modoc,049,8938,1,0,0,0,0
2020-07-07,Mono,051,14174,59,42,0,42,1
2020-07-07,Monterey,053,433212,2892,2166,7,2173,17
2020-07-07,Napa,055,140530,628,459,0,459,4
2020-07-07,Nevada,057,99092,198,150,5,155,1
2020-07-07,Orange,059,3164182,29523,21741,336,22077,373
2020-07-07,Placer,061,380077,1284,930,3,933,11
2020-07-07,Plumas,063,18699,17,12,0,12,0
2020-07-07,Riverside,065,2383286,29613,23279,30,23309,499
2020-07-07,Sacramento,067,1510023,6336,4592,7,4599,76
2020-07-07,San Benito,069,59416,383,274,0,274,2
2020-07-07,San Bernardino,071,2135413,24831,16004,19,16023,277
2020-07-07,San Diego,073,3302833,22058,17580,2,17582,399
2020-07-07,San Francisco,075,870044,4789,4045,2,4047,50
2020-07-07,San Joaquin,077,732212,7752,5547,5,5552,59
2020-07-07,San Luis Obispo,079,281455,1209,795,7,802,2
2020-07-07,San Mateo,081,765935,4279,3691,7,3698,106
2020-07-07,Santa Barbara,083,443738,4664,3866,41,3907,27
2020-07-07,Santa Clara,085,1922200,7443,5438,19,5457,164
2020-07-07,Santa Cruz,087,273765,623,502,3,505,2
2020-07-07,Shasta,089,179085,271,144,1,145,6
2020-07-07,Sierra,091,2930,1,1,0,1,0
2020-07-07,Siskiyou,093,43540,54,30,0,30,0
2020-07-07,Solano,095,438530,2527,1776,9,1785,22
2020-07-07,Sonoma,097,501317,1988,1473,5,1478,8
2020-07-07,Stanislaus,099,539301,6024,4101,8,4109,46
2020-07-07,Sutter,101,95872,378,273,0,273,2
2020-07-07,Tehama,103,63373,125,95,2,97,1
2020-07-07,Trinity,105,12862,20,2,5,7,0
2020-07-07,Tulare,107,460477,6930,5189,19,5208,137
2020-07-07,Tuolumne,109,53932,75,40,2,42,0
2020-07-07,Ventura,111,848112,5599,3992,19,4011,46
2020-07-07,Yolo,113,214977,1032,706,3,709,26
2020-07-07,Yuba,115,75493,161,138,0,138,1
2020-07-06,Alameda,001,1643700,8431,6970,12,6982,141
2020-07-06,Alpine,003,1148,1,1,0,1,0
2020-07-06,Amador,005,37829,39,33,0,33,0
2020-07-06,Butte,007,227075,431,257,8,265,2
2020-07-06,Calaveras,009,45235,73,45,0,45,0
2020-07-06,Colusa,011,21464,134,80,0,80,0
2020-07-06,Contra Costa,013,1133247,5265,3901,7,3908,83
2020-07-06,Del Norte,015,27424,60,57,0,57,0
2020-07-06,El Dorado,017,186661,403,232,1,233,0
2020-07-06,Fresno,019,978130,12568,6364,93,6457,82
2020-07-06,Glenn,021,27897,197,129,0,129,0
2020-07-06,Humboldt,023,135768,188,148,1,149,3
2020-07-06,Imperial,025,180216,8722,6443,4,6447,47
2020-07-06,Inyo,027,18085,36,32,1,33,1
2020-07-06,Kern,029,883053,12698,5491,38,5529,82
2020-07-06,Kings,031,150075,3149,2583,11,2594,33
2020-07-06,Lake,033,64148,122,93,0,93,1
2020-07-06,Lassen,035,31185,264,219,2,221,0
2020-07-06,Los Angeles,037,10098052,136672,116707,98,116805,3541
2020-07-06,Madera,039,155013,1347,734,3,737,4
2020-07-06,Marin,041,260295,3630,2136,4,2140,17
2020-07-06,Mariposa,043,17540,36,31,0,31,1
2020-07-06,Mendocino,045,87422,107,72,0,72,0
2020-07-06,Merced,047,269075,2494,1396,2,1398,10
2020-07-06,Modoc,049,8938,1,0,0,0,0
2020-07-06,Mono,051,14174,58,40,0,40,1
2020-07-06,Monterey,053,433212,2803,2078,7,2085,15
2020-07-06,Napa,055,140530,610,454,0,454,4
2020-07-06,Nevada,057,99092,192,146,5,151,1
2020-07-06,Orange,059,3164182,28461,20167,298,20465,372
2020-07-06,Placer,061,380077,1222,904,3,907,11
2020-07-06,Plumas,063,18699,17,11,0,11,0
2020-07-06,Riverside,065,2383286,28558,22485,29,22514,477
2020-07-06,Sacramento,067,1510023,5985,4420,7,4427,71
2020-07-06,San Benito,069,59416,368,264,0,264,2
2020-07-06,San Bernardino,071,2135413,23977,15346,16,15362,272
2020-07-06,San Diego,073,3302833,21326,17002,2,17004,387
2020-07-06,San Francisco,075,870044,4668,3861,2,3863,50
2020-07-06,San Joaquin,077,732212,7382,5104,5,5109,57
2020-07-06,San Luis Obispo,079,281455,1151,751,7,758,2
2020-07-06,San Mateo,081,765935,4187,3650,6,3656,106
2020-07-06,Santa Barbara,083,443738,4527,3763,40,3803,27
2020-07-06,Santa Clara,085,1922200,7172,5369,19,5388,165
2020-07-06,Santa Cruz,087,273765,601,466,2,468,2
2020-07-06,Shasta,089,179085,261,143,1,144,6
2020-07-06,Sierra,091,2930,1,1,0,1,0
2020-07-06,Siskiyou,093,43540,50,30,0,30,0
2020-07-06,Solano,095,438530,2394,1668,9,1677,22
2020-07-06,Sonoma,097,501317,1923,1369,5,1374,8
2020-07-06,Stanislaus,099,539301,5623,3983,8,3991,46
2020-07-06,Sutter,101,95872,351,250,0,250,2
2020-07-06,Tehama,103,63373,122,95,2,97,1
2020-07-06,Trinity,105,12862,19,2,5,7,0
2020-07-06,Tulare,107,460477,6725,5039,17,5056,136
2020-07-06,Tuolumne,109,53932,72,30,2,32,0
2020-07-06,Ventura,111,848112,5406,3912,19,3931,44
2020-07-06,Yolo,113,214977,976,685,3,688,26
2020-07-06,Yuba,115,75493,147,124,0,124,1
2020-07-05,Alameda,001,1643700,8179,6861,12,6873,141
2020-07-05,Alpine,003,1148,1,1,0,1,0
2020-07-05,Amador,005,37829,37,31,0,31,0
2020-07-05,Butte,007,227075,396,248,8,256,2
2020-07-05,Calaveras,009,45235,69,45,0,45,0
2020-07-05,Colusa,011,21464,124,79,0,79,0
2020-07-05,Contra Costa,013,1133247,5025,3665,6,3671,80
2020-07-05,Del Norte,015,27424,60,57,0,57,0
2020-07-05,El Dorado,017,186661,385,227,1,228,0
2020-07-05,Fresno,019,978130,12002,6186,92,6278,82
2020-07-05,Glenn,021,27897,194,129,0,129,0
2020-07-05,Humboldt,023,135768,184,147,1,148,3
2020-07-05,Imperial,025,180216,8588,6441,4,6445,47
2020-07-05,Inyo,027,18085,35,32,1,33,1
2020-07-05,Kern,029,883053,11989,5351,38,5389,82
2020-07-05,Kings,031,150075,3066,2546,10,2556,31
2020-07-05,Lake,033,64148,122,92,0,92,1
2020-07-05,Lassen,035,31185,258,219,2,221,0
2020-07-05,Los Angeles,037,10098052,133451,115133,92,115225,3495
2020-07-05,Madera,039,155013,1269,564,3,567,4
2020-07-05,Marin,041,260295,3447,2080,4,2084,17
2020-07-05,Mariposa,043,17540,36,31,0,31,1
2020-07-05,Mendocino,045,87422,104,72,0,72,0
2020-07-05,Merced,047,269075,2349,1340,2,1342,10
2020-07-05,Modoc,049,8938,1,0,0,0,0
2020-07-05,Mono,051,14174,54,39,0,39,1
2020-07-05,Monterey,053,433212,2700,1994,7,2001,15
2020-07-05,Napa,055,140530,580,450,0,450,4
2020-07-05,Nevada,057,99092,186,141,5,146,1
2020-07-05,Orange,059,3164182,27520,19430,285,19715,372
2020-07-05,Placer,061,380077,1165,855,3,858,11
2020-07-05,Plumas,063,18699,16,11,0,11,0
2020-07-05,Riverside,065,2383286,27701,21511,29,21540,474
2020-07-05,Sacramento,067,1510023,5670,4265,6,4271,71
2020-07-05,San Benito,069,59416,349,258,0,258,2
2020-07-05,San Bernardino,071,2135413,23100,15026,16,15042,270
2020-07-05,San Diego,073,3302833,20635,16728,2,16730,387
2020-07-05,San Francisco,075,870044,4550,3861,2,3863,50
2020-07-05,San Joaquin,077,732212,7063,5015,5,5020,57
2020-07-05,San Luis Obispo,079,281455,1072,730,7,737,2
2020-07-05,San Mateo,081,765935,4076,3575,6,3581,106
2020-07-05,Santa Barbara,083,443738,4380,3671,37,3708,27
2020-07-05,Santa Clara,085,1922200,6879,5237,19,5256,162
2020-07-05,Santa Cruz,087,273765,583,467,0,467,2
2020-07-05,Shasta,089,179085,255,138,1,139,6
2020-07-05,Sierra,091,2930,1,1,0,1,0
2020-07-05,Siskiyou,093,43540,46,30,0,30,0
2020-07-05,Solano,095,438530,2274,1547,9,1556,22
2020-07-05,Sonoma,097,501317,1842,1369,5,1374,8
2020-07-05,Stanislaus,099,539301,5292,3777,7,3784,45
2020-07-05,Sutter,101,95872,323,241,0,241,2
2020-07-05,Tehama,103,63373,120,95,2,97,1
2020-07-05,Trinity,105,12862,19,2,5,7,0
2020-07-05,Tulare,107,460477,6466,4981,15,4996,135
2020-07-05,Tuolumne,109,53932,67,30,2,32,0
2020-07-05,Ventura,111,848112,5203,3866,19,3885,44
2020-07-05,Yolo,113,214977,936,644,3,647,26
2020-07-05,Yuba,115,75493,137,115,0,115,1
2020-07-04,Alameda,001,1643700,8067,6737,12,6749,141
2020-07-04,Alpine,003,1148,1,1,0,1,0
2020-07-04,Amador,005,37829,36,31,0,31,0
2020-07-04,Butte,007,227075,378,224,8,232,2
2020-07-04,Calaveras,009,45235,69,45,0,45,0
2020-07-04,Colusa,011,21464,123,76,0,76,0
2020-07-04,Contra Costa,013,1133247,4877,3583,6,3589,80
2020-07-04,Del Norte,015,27424,60,50,0,50,0
2020-07-04,El Dorado,017,186661,366,211,1,212,0
2020-07-04,Fresno,019,978130,11685,5999,90,6089,82
2020-07-04,Glenn,021,27897,187,128,0,128,0
2020-07-04,Humboldt,023,135768,177,144,1,145,3
2020-07-04,Imperial,025,180216,8539,6441,4,6445,47
2020-07-04,Inyo,027,18085,35,32,1,33,1
2020-07-04,Kern,029,883053,11685,5231,38,5269,81
2020-07-04,Kings,031,150075,3023,2509,10,2519,31
2020-07-04,Lake,033,64148,115,86,0,86,1
2020-07-04,Lassen,035,31185,258,219,2,221,0
2020-07-04,Los Angeles,037,10098052,131634,107256,81,107337,3462
2020-07-04,Madera,039,155013,1223,568,3,571,4
2020-07-04,Marin,041,260295,3418,1962,4,1966,17
2020-07-04,Mariposa,043,17540,36,28,0,28,1
2020-07-04,Mendocino,045,87422,104,72,0,72,0
2020-07-04,Merced,047,269075,2247,1252,2,1254,10
2020-07-04,Modoc,049,8938,1,0,0,0,0
2020-07-04,Mono,051,14174,54,37,0,37,1
2020-07-04,Monterey,053,433212,2620,1878,7,1885,15
2020-07-04,Napa,055,140530,571,426,0,426,4
2020-07-04,Nevada,057,99092,183,125,5,130,1
2020-07-04,Orange,059,3164182,27087,19247,272,19519,372
2020-07-04,Placer,061,380077,1130,796,3,799,11
2020-07-04,Plumas,063,18699,16,11,0,11,0
2020-07-04,Riverside,065,2383286,27334,21508,29,21537,474
2020-07-04,Sacramento,067,1510023,5499,4039,6,4045,71
2020-07-04,San Benito,069,59416,336,255,0,255,2
2020-07-04,San Bernardino,071,2135413,22674,14636,14,14650,270
2020-07-04,San Diego,073,3302833,20175,16166,2,16168,387
2020-07-04,San Francisco,075,870044,4458,3861,2,3863,50
2020-07-04,San Joaquin,077,732212,6850,4807,5,4812,57
2020-07-04,San Luis Obispo,079,281455,1032,699,7,706,2
2020-07-04,San Mateo,081,765935,4013,3532,6,3538,106
2020-07-04,Santa Barbara,083,443738,4305,3520,35,3555,27
2020-07-04,Santa Clara,085,1922200,6687,5045,18,5063,161
2020-07-04,Santa Cruz,087,273765,573,466,0,466,2
2020-07-04,Shasta,089,179085,252,135,1,136,6
2020-07-04,Sierra,091,2930,1,1,0,1,0
2020-07-04,Siskiyou,093,43540,39,30,0,30,0
2020-07-04,Solano,095,438530,2238,1548,9,1557,22
2020-07-04,Sonoma,097,501317,1816,1370,5,1375,8
2020-07-04,Stanislaus,099,539301,5134,3572,7,3579,44
2020-07-04,Sutter,101,95872,304,225,0,225,2
2020-07-04,Tehama,103,63373,117,92,2,94,1
2020-07-04,Trinity,105,12862,19,2,5,7,0
2020-07-04,Tulare,107,460477,6354,4802,14,4816,135
2020-07-04,Tuolumne,109,53932,63,30,2,32,0
2020-07-04,Ventura,111,848112,5079,3687,19,3706,44
2020-07-04,Yolo,113,214977,911,615,3,618,26
2020-07-04,Yuba,115,75493,130,102,0,102,1
2020-07-03,Alameda,001,1643700,7946,6486,12,6498,141
2020-07-03,Alpine,003,1148,1,1,0,1,0
2020-07-03,Amador,005,37829,36,25,0,25,0
2020-07-03,Butte,007,227075,366,212,8,220,2
2020-07-03,Calaveras,009,45235,69,44,0,44,0
2020-07-03,Colusa,011,21464,117,70,0,70,0
2020-07-03,Contra Costa,013,1133247,4743,3447,6,3453,78
2020-07-03,Del Norte,015,27424,60,50,0,50,0
2020-07-03,El Dorado,017,186661,354,201,1,202,0
2020-07-03,Fresno,019,978130,11380,5783,87,5870,81
2020-07-03,Glenn,021,27897,182,122,0,122,0
2020-07-03,Humboldt,023,135768,173,143,1,144,3
2020-07-03,Imperial,025,180216,8491,6345,4,6349,47
2020-07-03,Inyo,027,18085,35,32,1,33,1
2020-07-03,Kern,029,883053,11424,5213,38,5251,81
2020-07-03,Kings,031,150075,2987,2492,10,2502,31
2020-07-03,Lake,033,64148,108,83,0,83,0
2020-07-03,Lassen,035,31185,258,219,2,221,0
2020-07-03,Los Angeles,037,10098052,130117,107236,77,107313,3461
2020-07-03,Madera,039,155013,1178,565,3,568,4
2020-07-03,Marin,041,260295,3390,1776,4,1780,17
2020-07-03,Mariposa,043,17540,36,28,0,28,1
2020-07-03,Mendocino,045,87422,103,72,0,72,0
2020-07-03,Merced,047,269075,2181,1188,2,1190,10
2020-07-03,Modoc,049,8938,1,0,0,0,0
2020-07-03,Mono,051,14174,54,37,0,37,1
2020-07-03,Monterey,053,433212,2550,1804,7,1811,15
2020-07-03,Napa,055,140530,553,388,0,388,4
2020-07-03,Nevada,057,99092,182,125,5,130,1
2020-07-03,Orange,059,3164182,26696,18819,264,19083,366
2020-07-03,Placer,061,380077,1103,745,3,748,11
2020-07-03,Plumas,063,18699,16,11,0,11,0
2020-07-03,Riverside,065,2383286,27027,21171,29,21200,472
2020-07-03,Sacramento,067,1510023,5365,3711,6,3717,71
2020-07-03,San Benito,069,59416,329,243,0,243,2
2020-07-03,San Bernardino,071,2135413,22285,14040,14,14054,269
2020-07-03,San Diego,073,3302833,19720,15698,2,15700,387
2020-07-03,San Francisco,075,870044,4411,3781,2,3783,50
2020-07-03,San Joaquin,077,732212,6711,4416,4,4420,56
2020-07-03,San Luis Obispo,079,281455,997,676,7,683,2
2020-07-03,San Mateo,081,765935,3956,3439,6,3445,106
2020-07-03,Santa Barbara,083,443738,4218,3406,34,3440,27
2020-07-03,Santa Clara,085,1922200,6575,4820,18,4838,161
2020-07-03,Santa Cruz,087,273765,559,436,0,436,2
2020-07-03,Shasta,089,179085,244,113,1,114,6
2020-07-03,Sierra,091,2930,1,1,0,1,0
2020-07-03,Siskiyou,093,43540,36,30,0,30,0
2020-07-03,Solano,095,438530,2194,1496,8,1504,22
2020-07-03,Sonoma,097,501317,1767,1282,5,1287,8
2020-07-03,Stanislaus,099,539301,5010,3021,7,3028,43
2020-07-03,Sutter,101,95872,294,205,0,205,2
2020-07-03,Tehama,103,63373,115,89,2,91,1
2020-07-03,Trinity,105,12862,19,2,5,7,0
2020-07-03,Tulare,107,460477,6239,4656,14,4670,134
2020-07-03,Tuolumne,109,53932,61,27,2,29,0
2020-07-03,Ventura,111,848112,4983,3536,19,3555,44
2020-07-03,Yolo,113,214977,877,586,3,589,25
2020-07-03,Yuba,115,75493,125,96,0,96,1
2020-07-02,Alameda,001,1643700,7820,6386,12,6398,139
2020-07-02,Alpine,003,1148,1,1,0,1,0
2020-07-02,Amador,005,37829,35,23,0,23,0
2020-07-02,Butte,007,227075,349,199,8,207,2
2020-07-02,Calaveras,009,45235,65,42,0,42,0
2020-07-02,Colusa,011,21464,109,60,0,60,0
2020-07-02,Contra Costa,013,1133247,4559,3347,6,3353,77
2020-07-02,Del Norte,015,27424,59,50,0,50,0
2020-07-02,El Dorado,017,186661,343,193,1,194,0
2020-07-02,Fresno,019,978130,10920,5402,86,5488,78
2020-07-02,Glenn,021,27897,176,114,0,114,0
2020-07-02,Humboldt,023,135768,169,138,1,139,3
2020-07-02,Imperial,025,180216,8390,6236,4,6240,47
2020-07-02,Inyo,027,18085,35,29,1,30,1
2020-07-02,Kern,029,883053,10888,5036,36,5072,78
2020-07-02,Kings,031,150075,2936,2419,10,2429,31
2020-07-02,Lake,033,64148,104,81,0,81,0
2020-07-02,Lassen,035,31185,256,218,2,220,0
2020-07-02,Los Angeles,037,10098052,128099,107144,54,107198,3458
2020-07-02,Madera,039,155013,1110,548,3,551,4
2020-07-02,Marin,041,260295,3304,1706,4,1710,17
2020-07-02,Mariposa,043,17540,35,28,0,28,1
2020-07-02,Mendocino,045,87422,99,71,0,71,0
2020-07-02,Merced,047,269075,2084,1122,2,1124,10
2020-07-02,Modoc,049,8938,1,0,0,0,0
2020-07-02,Mono,051,14174,54,37,0,37,1
2020-07-02,Monterey,053,433212,2490,1796,7,1803,15
2020-07-02,Napa,055,140530,536,352,0,352,4
2020-07-02,Nevada,057,99092,176,118,4,122,1
2020-07-02,Orange,059,3164182,25932,17056,251,17307,360
2020-07-02,Placer,061,380077,1079,740,3,743,11
2020-07-02,Plumas,063,18699,15,8,0,8,0
2020-07-02,Riverside,065,2383286,26454,20253,29,20282,458
2020-07-02,Sacramento,067,1510023,5138,3587,6,3593,70
2020-07-02,San Benito,069,59416,321,236,0,236,2
2020-07-02,San Bernardino,071,2135413,21749,13185,14,13199,260
2020-07-02,San Diego,073,3302833,19255,15208,2,15210,377
2020-07-02,San Francisco,075,870044,4316,3676,2,3678,50
2020-07-02,San Joaquin,077,732212,6364,4243,4,4247,56
2020-07-02,San Luis Obispo,079,281455,952,659,7,666,2
2020-07-02,San Mateo,081,765935,3876,3390,6,3396,107
2020-07-02,Santa Barbara,083,443738,4118,3385,32,3417,27
2020-07-02,Santa Clara,085,1922200,6449,4722,18,4740,160
2020-07-02,Santa Cruz,087,273765,536,414,0,414,2
2020-07-02,Shasta,089,179085,241,110,1,111,5
2020-07-02,Sierra,091,2930,1,1,0,1,0
2020-07-02,Siskiyou,093,43540,36,30,0,30,0
2020-07-02,Solano,095,438530,2111,1429,8,1437,21
2020-07-02,Sonoma,097,501317,1710,1244,5,1249,6
2020-07-02,Stanislaus,099,539301,4838,2850,7,2857,41
2020-07-02,Sutter,101,95872,282,195,0,195,2
2020-07-02,Tehama,103,63373,113,86,2,88,1
2020-07-02,Trinity,105,12862,19,2,5,7,0
2020-07-02,Tulare,107,460477,6072,4559,13,4572,132
2020-07-02,Tuolumne,109,53932,58,23,2,25,0
2020-07-02,Ventura,111,848112,4827,3394,19,3413,42
2020-07-02,Yolo,113,214977,845,554,3,557,24
2020-07-02,Yuba,115,75493,115,93,0,93,1
2020-07-01,Alameda,001,1643700,7598,6125,12,6137,137
2020-07-01,Alpine,003,1148,1,1,0,1,0
2020-07-01,Amador,005,37829,34,22,0,22,0
2020-07-01,Butte,007,227075,324,185,8,193,2
2020-07-01,Calaveras,009,45235,63,37,0,37,0
2020-07-01,Colusa,011,21464,103,53,0,53,0
2020-07-01,Contra Costa,013,1133247,4347,3259,6,3265,76
2020-07-01,Del Norte,015,27424,59,50,0,50,0
2020-07-01,El Dorado,017,186661,316,183,1,184,0
2020-07-01,Fresno,019,978130,10486,5111,83,5194,76
2020-07-01,Glenn,021,27897,170,110,0,110,0
2020-07-01,Humboldt,023,135768,164,134,0,134,3
2020-07-01,Imperial,025,180216,8293,6150,4,6154,46
2020-07-01,Inyo,027,18085,34,30,1,31,1
2020-07-01,Kern,029,883053,10255,4853,34,4887,78
2020-07-01,Kings,031,150075,2868,2360,10,2370,30
2020-07-01,Lake,033,64148,103,75,0,75,0
2020-07-01,Lassen,035,31185,255,217,2,219,0
2020-07-01,Los Angeles,037,10098052,124896,105325,45,105370,3408
2020-07-01,Madera,039,155013,1069,519,3,522,4
2020-07-01,Marin,041,260295,3147,1636,4,1640,17
2020-07-01,Mariposa,043,17540,35,29,0,29,1
2020-07-01,Mendocino,045,87422,95,70,0,70,0
2020-07-01,Merced,047,269075,1986,1052,2,1054,10
2020-07-01,Modoc,049,8938,1,0,0,0,0
2020-07-01,Mono,051,14174,51,37,0,37,1
2020-07-01,Monterey,053,433212,2382,1703,6,1709,15
2020-07-01,Napa,055,140530,513,347,0,347,4
2020-07-01,Nevada,057,99092,166,115,4,119,1
2020-07-01,Orange,059,3164182,25047,15662,230,15892,343
2020-07-01,Placer,061,380077,1032,713,3,716,11
2020-07-01,Plumas,063,18699,13,8,0,8,0
2020-07-01,Riverside,065,2383286,25612,19537,28,19565,457
2020-07-01,Sacramento,067,1510023,4883,3425,6,3431,64
2020-07-01,San Benito,069,59416,312,219,0,219,2
2020-07-01,San Bernardino,071,2135413,20854,12712,11,12723,253
2020-07-01,San Diego,073,3302833,18687,14624,2,14626,372
2020-07-01,San Francisco,075,870044,4223,3626,2,3628,50
2020-07-01,San Joaquin,077,732212,6006,3990,4,3994,54
2020-07-01,San Luis Obispo,079,281455,925,613,7,620,1
2020-07-01,San Mateo,081,765935,3814,3326,6,3332,84
2020-07-01,Santa Barbara,083,443738,3998,3268,31,3299,27
2020-07-01,Santa Clara,085,1922200,6261,4547,17,4564,159
2020-07-01,Santa Cruz,087,273765,512,398,0,398,2
2020-07-01,Shasta,089,179085,236,104,1,105,5
2020-07-01,Sierra,091,2930,1,1,0,1,0
2020-07-01,Siskiyou,093,43540,36,28,0,28,0
2020-07-01,Solano,095,438530,2022,1350,8,1358,21
2020-07-01,Sonoma,097,501317,1615,1178,5,1183,6
2020-07-01,Stanislaus,099,539301,4559,2619,7,2626,41
2020-07-01,Sutter,101,95872,269,188,0,188,2
2020-07-01,Tehama,103,63373,106,80,2,82,1
2020-07-01,Trinity,105,12862,19,2,4,6,0
2020-07-01,Tulare,107,460477,5894,4359,13,4372,128
2020-07-01,Tuolumne,109,53932,55,17,2,19,0
2020-07-01,Ventura,111,848112,4684,3224,17,3241,41
2020-07-01,Yolo,113,214977,794,526,3,529,24
2020-07-01,Yuba,115,75493,110,57,0,57,1
2020-06-30,Alameda,001,1643700,7349,5959,10,5969,137
2020-06-30,Alpine,003,1148,1,1,0,1,0
2020-06-30,Amador,005,37829,34,21,0,21,0
2020-06-30,Butte,007,227075,307,163,8,171,2
2020-06-30,Calaveras,009,45235,58,31,0,31,0
2020-06-30,Colusa,011,21464,94,33,0,33,0
2020-06-30,Contra Costa,013,1133247,4140,3140,6,3146,75
2020-06-30,Del Norte,015,27424,59,48,0,48,0
2020-06-30,El Dorado,017,186661,303,175,1,176,0
2020-06-30,Fresno,019,978130,10038,4826,77,4903,75
2020-06-30,Glenn,021,27897,165,96,0,96,0
2020-06-30,Humboldt,023,135768,160,132,0,132,3
2020-06-30,Imperial,025,180216,8195,5968,4,5972,45
2020-06-30,Inyo,027,18085,34,30,1,31,1
2020-06-30,Kern,029,883053,9608,4721,31,4752,75
2020-06-30,Kings,031,150075,2819,2315,7,2322,30
2020-06-30,Lake,033,64148,95,56,0,56,0
2020-06-30,Lassen,035,31185,248,215,2,217,0
2020-06-30,Los Angeles,037,10098052,121319,103640,42,103682,3378
2020-06-30,Madera,039,155013,1012,475,3,478,4
2020-06-30,Marin,041,260295,3076,1614,4,1618,17
2020-06-30,Mariposa,043,17540,34,27,0,27,1
2020-06-30,Mendocino,045,87422,90,65,0,65,0
2020-06-30,Merced,047,269075,1849,970,2,972,10
2020-06-30,Modoc,049,8938,1,0,0,0,0
2020-06-30,Mono,051,14174,49,36,0,36,1
2020-06-30,Monterey,053,433212,2285,1657,6,1663,15
2020-06-30,Napa,055,140530,488,342,0,342,4
2020-06-30,Nevada,057,99092,158,113,4,117,1
2020-06-30,Orange,059,3164182,24116,14354,220,14574,335
2020-06-30,Placer,061,380077,1005,667,3,670,11
2020-06-30,Plumas,063,18699,12,8,0,8,0
2020-06-30,Riverside,065,2383286,24894,18656,27,18683,449
2020-06-30,Sacramento,067,1510023,4594,3246,6,3252,64
2020-06-30,San Benito,069,59416,301,200,0,200,2
2020-06-30,San Bernardino,071,2135413,19871,12375,10,12385,249
2020-06-30,San Diego,073,3302833,17982,14150,2,14152,365
2020-06-30,San Francisco,075,870044,4118,3555,1,3556,50
2020-06-30,San Joaquin,077,732212,5631,3744,4,3748,52
2020-06-30,San Luis Obispo,079,281455,887,583,7,590,1
2020-06-30,San Mateo,081,765935,3736,3268,6,3274,84
2020-06-30,Santa Barbara,083,443738,3882,3102,31,3133,25
2020-06-30,Santa Clara,085,1922200,6059,4346,17,4363,157
2020-06-30,Santa Cruz,087,273765,486,379,0,379,2
2020-06-30,Shasta,089,179085,220,100,1,101,5
2020-06-30,Sierra,091,2930,1,1,0,1,0
2020-06-30,Siskiyou,093,43540,35,26,0,26,0
2020-06-30,Solano,095,438530,1930,1256,8,1264,21
2020-06-30,Sonoma,097,501317,1550,1122,5,1127,6
2020-06-30,Stanislaus,099,539301,4261,2578,7,2585,41
2020-06-30,Sutter,101,95872,246,168,0,168,2
2020-06-30,Tehama,103,63373,104,75,2,77,1
2020-06-30,Trinity,105,12862,19,2,4,6,0
2020-06-30,Tulare,107,460477,5685,4207,13,4220,117
2020-06-30,Tuolumne,109,53932,51,16,2,18,0
2020-06-30,Ventura,111,848112,4550,3030,17,3047,40
2020-06-30,Yolo,113,214977,756,515,3,518,24
2020-06-30,Yuba,115,75493,106,55,0,55,1
2020-06-29,Alameda,001,1643700,7140,5766,10,5776,135
2020-06-29,Alpine,003,1148,1,1,0,1,0
2020-06-29,Amador,005,37829,31,20,0,20,0
2020-06-29,Butte,007,227075,286,157,8,165,2
2020-06-29,Calaveras,009,45235,56,30,0,30,0
2020-06-29,Colusa,011,21464,89,17,0,17,0
2020-06-29,Contra Costa,013,1133247,3977,2976,5,2981,75
2020-06-29,Del Norte,015,27424,59,47,0,47,0
2020-06-29,El Dorado,017,186661,289,163,0,163,0
2020-06-29,Fresno,019,978130,9690,4531,75,4606,74
2020-06-29,Glenn,021,27897,156,77,0,77,0
2020-06-29,Humboldt,023,135768,159,128,0,128,3
2020-06-29,Imperial,025,180216,8064,5512,4,5516,45
2020-06-29,Inyo,027,18085,33,29,0,29,1
2020-06-29,Kern,029,883053,8945,4613,29,4642,73
2020-06-29,Kings,031,150075,2754,2280,7,2287,20
2020-06-29,Lake,033,64148,88,53,0,53,0
2020-06-29,Lassen,035,31185,240,77,2,79,0
2020-06-29,Los Angeles,037,10098052,118281,100846,36,100882,3337
2020-06-29,Madera,039,155013,955,422,3,425,4
2020-06-29,Marin,041,260295,3000,1517,4,1521,17
2020-06-29,Mariposa,043,17540,32,25,0,25,1
2020-06-29,Mendocino,045,87422,87,63,0,63,0
2020-06-29,Merced,047,269075,1743,848,2,850,10
2020-06-29,Modoc,049,8938,1,0,0,0,0
2020-06-29,Mono,051,14174,47,35,0,35,1
2020-06-29,Monterey,053,433212,2213,1614,6,1620,14
2020-06-29,Napa,055,140530,466,317,0,317,4
2020-06-29,Nevada,057,99092,155,107,3,110,1
2020-06-29,Orange,059,3164182,23126,13682,204,13886,324
2020-06-29,Placer,061,380077,969,628,3,631,11
2020-06-29,Plumas,063,18699,12,6,0,6,0
2020-06-29,Riverside,065,2383286,23860,17683,27,17710,432
2020-06-29,Sacramento,067,1510023,4307,2985,6,2991,62
2020-06-29,San Benito,069,59416,286,193,0,193,2
2020-06-29,San Bernardino,071,2135413,18910,11643,10,11653,245
2020-06-29,San Diego,073,3302833,17404,13834,2,13836,361
2020-06-29,San Francisco,075,870044,4041,3389,1,3390,50
2020-06-29,San Joaquin,077,732212,5273,3202,4,3206,52
2020-06-29,San Luis Obispo,079,281455,853,544,7,551,1
2020-06-29,San Mateo,081,765935,3682,3170,6,3176,84
2020-06-29,Santa Barbara,083,443738,3773,2933,30,2963,25
2020-06-29,Santa Clara,085,1922200,5888,4231,17,4248,157
2020-06-29,Santa Cruz,087,273765,468,348,0,348,2
2020-06-29,Shasta,089,179085,212,94,1,95,5
2020-06-29,Sierra,091,2930,1,1,0,1,0
2020-06-29,Siskiyou,093,43540,35,25,0,25,0
2020-06-29,Solano,095,438530,1828,1077,8,1085,21
2020-06-29,Sonoma,097,501317,1478,1103,5,1108,5
2020-06-29,Stanislaus,099,539301,4055,2400,6,2406,36
2020-06-29,Sutter,101,95872,224,152,0,152,2
2020-06-29,Tehama,103,63373,100,63,2,65,1
2020-06-29,Trinity,105,12862,18,2,4,6,0
2020-06-29,Tulare,107,460477,5530,3906,12,3918,117
2020-06-29,Tuolumne,109,53932,47,16,2,18,0
2020-06-29,Ventura,111,848112,4403,2794,17,2811,40
2020-06-29,Yolo,113,214977,723,483,3,486,24
2020-06-29,Yuba,115,75493,93,55,0,55,1
2020-06-28,Alameda,001,1643700,6881,5698,10,5708,135
2020-06-28,Alpine,003,1148,1,1,0,1,0
2020-06-28,Amador,005,37829,29,20,0,20,0
2020-06-28,Butte,007,227075,266,150,8,158,2
2020-06-28,Calaveras,009,45235,51,30,0,30,0
2020-06-28,Colusa,011,21464,74,17,0,17,0
2020-06-28,Contra Costa,013,1133247,3787,2803,4,2807,73
2020-06-28,Del Norte,015,27424,58,47,0,47,0
2020-06-28,El Dorado,017,186661,277,162,0,162,0
2020-06-28,Fresno,019,978130,9328,4365,75,4440,74
2020-06-28,Glenn,021,27897,148,77,0,77,0
2020-06-28,Humboldt,023,135768,156,127,0,127,3
2020-06-28,Imperial,025,180216,7876,5513,4,5517,45
2020-06-28,Inyo,027,18085,33,29,0,29,1
2020-06-28,Kern,029,883053,8394,4541,27,4568,72
2020-06-28,Kings,031,150075,2694,2234,7,2241,18
2020-06-28,Lake,033,64148,84,53,0,53,0
2020-06-28,Lassen,035,31185,240,77,2,79,0
2020-06-28,Los Angeles,037,10098052,115080,98003,32,98035,3316
2020-06-28,Madera,039,155013,907,424,3,427,4
2020-06-28,Marin,041,260295,2654,1473,4,1477,17
2020-06-28,Mariposa,043,17540,32,24,0,24,1
2020-06-28,Mendocino,045,87422,85,63,0,63,0
2020-06-28,Merced,047,269075,1630,814,2,816,10
2020-06-28,Modoc,049,8938,1,0,0,0,0
2020-06-28,Mono,051,14174,47,35,0,35,1
2020-06-28,Monterey,053,433212,2131,1560,6,1566,13
2020-06-28,Napa,055,140530,432,307,0,307,4
2020-06-28,Nevada,057,99092,144,102,3,105,1
2020-06-28,Orange,059,3164182,22152,13213,186,13399,324
2020-06-28,Placer,061,380077,930,618,3,621,11
2020-06-28,Plumas,063,18699,11,6,0,6,0
2020-06-28,Riverside,065,2383286,23032,16848,26,16874,432
2020-06-28,Sacramento,067,1510023,4079,2803,6,2809,63
2020-06-28,San Benito,069,59416,275,190,0,190,2
2020-06-28,San Bernardino,071,2135413,18157,11344,9,11353,245
2020-06-28,San Diego,073,3302833,16859,13333,2,13335,361
2020-06-28,San Francisco,075,870044,3962,3388,1,3389,50
2020-06-28,San Joaquin,077,732212,4936,3201,4,3205,52
2020-06-28,San Luis Obispo,079,281455,814,531,6,537,1
2020-06-28,San Mateo,081,765935,3604,3124,6,3130,84
2020-06-28,Santa Barbara,083,443738,3628,2872,30,2902,25
2020-06-28,Santa Clara,085,1922200,5726,4131,17,4148,156
2020-06-28,Santa Cruz,087,273765,445,349,0,349,2
2020-06-28,Shasta,089,179085,199,89,0,89,5
2020-06-28,Sierra,091,2930,1,1,0,1,0
2020-06-28,Siskiyou,093,43540,35,25,0,25,0
2020-06-28,Solano,095,438530,1753,1077,8,1085,21
2020-06-28,Sonoma,097,501317,1424,1084,5,1089,5
2020-06-28,Stanislaus,099,539301,3849,2376,6,2382,36
2020-06-28,Sutter,101,95872,198,145,0,145,2
2020-06-28,Tehama,103,63373,93,63,2,65,1
2020-06-28,Trinity,105,12862,17,2,4,6,0
2020-06-28,Tulare,107,460477,5362,3812,12,3824,117
2020-06-28,Tuolumne,109,53932,42,14,2,16,0
2020-06-28,Ventura,111,848112,4245,2650,17,2667,40
2020-06-28,Yolo,113,214977,688,468,3,471,24
2020-06-28,Yuba,115,75493,89,39,0,39,1
2020-06-27,Alameda,001,1643700,6785,5581,10,5591,135
2020-06-27,Alpine,003,1148,1,1,0,1,0
2020-06-27,Amador,005,37829,27,20,0,20,0
2020-06-27,Butte,007,227075,258,137,8,145,2
2020-06-27,Calaveras,009,45235,49,30,0,30,0
2020-06-27,Colusa,011,21464,68,17,0,17,0
2020-06-27,Contra Costa,013,1133247,3692,2717,3,2720,72
2020-06-27,Del Norte,015,27424,58,47,0,47,0
2020-06-27,El Dorado,017,186661,271,159,0,159,0
2020-06-27,Fresno,019,978130,9082,4238,75,4313,74
2020-06-27,Glenn,021,27897,144,77,0,77,0
2020-06-27,Humboldt,023,135768,154,127,0,127,3
2020-06-27,Imperial,025,180216,7815,5513,4,5517,45
2020-06-27,Inyo,027,18085,33,29,0,29,1
2020-06-27,Kern,029,883053,8130,4411,26,4437,70
2020-06-27,Kings,031,150075,2668,2187,7,2194,18
2020-06-27,Lake,033,64148,81,42,0,42,0
2020-06-27,Lassen,035,31185,240,33,2,35,0
2020-06-27,Los Angeles,037,10098052,113338,95341,29,95370,3291
2020-06-27,Madera,039,155013,864,427,2,429,4
2020-06-27,Marin,041,260295,2609,1423,4,1427,17
2020-06-27,Mariposa,043,17540,31,22,0,22,1
2020-06-27,Mendocino,045,87422,85,63,0,63,0
2020-06-27,Merced,047,269075,1572,807,1,808,10
2020-06-27,Modoc,049,8938,1,0,0,0,0
2020-06-27,Mono,051,14174,46,35,0,35,1
2020-06-27,Monterey,053,433212,2067,1455,6,1461,12
2020-06-27,Napa,055,140530,422,282,0,282,3
2020-06-27,Nevada,057,99092,140,102,2,104,1
2020-06-27,Orange,059,3164182,21641,12951,181,13132,320
2020-06-27,Placer,061,380077,909,584,3,587,10
2020-06-27,Plumas,063,18699,11,6,0,6,0
2020-06-27,Riverside,065,2383286,22643,16209,26,16235,432
2020-06-27,Sacramento,067,1510023,3962,2685,6,2691,63
2020-06-27,San Benito,069,59416,268,182,0,182,2
2020-06-27,San Bernardino,071,2135413,17778,11238,9,11247,243
2020-06-27,San Diego,073,3302833,16494,12836,2,12838,360
2020-06-27,San Francisco,075,870044,3907,3332,1,3333,49
2020-06-27,San Joaquin,077,732212,4770,2995,4,2999,52
2020-06-27,San Luis Obispo,079,281455,791,505,6,511,1
2020-06-27,San Mateo,081,765935,3547,3083,6,3089,83
2020-06-27,Santa Barbara,083,443738,3556,2799,30,2829,25
2020-06-27,Santa Clara,085,1922200,5620,4006,17,4023,157
2020-06-27,Santa Cruz,087,273765,438,347,0,347,2
2020-06-27,Shasta,089,179085,193,87,0,87,5
2020-06-27,Sierra,091,2930,1,1,0,1,0
2020-06-27,Siskiyou,093,43540,35,25,0,25,0
2020-06-27,Solano,095,438530,1720,1076,8,1084,21
2020-06-27,Sonoma,097,501317,1393,1004,5,1009,5
2020-06-27,Stanislaus,099,539301,3749,2164,6,2170,36
2020-06-27,Sutter,101,95872,191,141,0,141,2
2020-06-27,Tehama,103,63373,90,63,2,65,1
2020-06-27,Trinity,105,12862,17,2,4,6,0
2020-06-27,Tulare,107,460477,5266,3810,12,3822,117
2020-06-27,Tuolumne,109,53932,41,13,2,15,0
2020-06-27,Ventura,111,848112,4145,2471,17,2488,40
2020-06-27,Yolo,113,214977,664,432,3,435,24
2020-06-27,Yuba,115,75493,81,39,0,39,1
2020-06-26,Alameda,001,1643700,6699,5502,9,5511,132
2020-06-26,Alpine,003,1148,1,1,0,1,0
2020-06-26,Amador,005,37829,26,20,0,20,0
2020-06-26,Butte,007,227075,243,135,8,143,2
2020-06-26,Calaveras,009,45235,47,30,0,30,0
2020-06-26,Colusa,011,21464,63,17,0,17,0
2020-06-26,Contra Costa,013,1133247,3579,2676,3,2679,72
2020-06-26,Del Norte,015,27424,57,47,0,47,0
2020-06-26,El Dorado,017,186661,263,159,0,159,0
2020-06-26,Fresno,019,978130,8856,4166,75,4241,74
2020-06-26,Glenn,021,27897,137,71,0,71,0
2020-06-26,Humboldt,023,135768,152,126,0,126,3
2020-06-26,Imperial,025,180216,7752,5400,4,5404,44
2020-06-26,Inyo,027,18085,32,29,0,29,1
2020-06-26,Kern,029,883053,7800,4366,26,4392,70
2020-06-26,Kings,031,150075,2636,2176,6,2182,18
2020-06-26,Lake,033,64148,80,42,0,42,0
2020-06-26,Lassen,035,31185,239,30,2,32,0
2020-06-26,Los Angeles,037,10098052,111173,93328,29,93357,3275
2020-06-26,Madera,039,155013,832,409,2,411,4
2020-06-26,Marin,041,260295,2572,1406,4,1410,17
2020-06-26,Mariposa,043,17540,30,21,0,21,1
2020-06-26,Mendocino,045,87422,82,63,0,63,0
2020-06-26,Merced,047,269075,1526,797,1,798,10
2020-06-26,Modoc,049,8938,1,0,0,0,0
2020-06-26,Mono,051,14174,45,35,0,35,1
2020-06-26,Monterey,053,433212,2015,1449,6,1455,12
2020-06-26,Napa,055,140530,412,277,0,277,3
2020-06-26,Nevada,057,99092,136,101,1,102,1
2020-06-26,Orange,059,3164182,20965,12659,178,12837,320
2020-06-26,Placer,061,380077,880,584,3,587,10
2020-06-26,Plumas,063,18699,11,6,0,6,0
2020-06-26,Riverside,065,2383286,22180,15858,26,15884,430
2020-06-26,Sacramento,067,1510023,3797,2687,6,2693,63
2020-06-26,San Benito,069,59416,264,176,0,176,2
2020-06-26,San Bernardino,071,2135413,17401,11111,9,11120,243
2020-06-26,San Diego,073,3302833,16129,12402,2,12404,358
2020-06-26,San Francisco,075,870044,3852,3330,1,3331,49
2020-06-26,San Joaquin,077,732212,4556,2943,4,2947,52
2020-06-26,San Luis Obispo,079,281455,776,498,6,504,1
2020-06-26,San Mateo,081,765935,3495,3055,6,3061,83
2020-06-26,Santa Barbara,083,443738,3466,2784,28,2812,25
2020-06-26,Santa Clara,085,1922200,5519,3968,17,3985,156
2020-06-26,Santa Cruz,087,273765,431,344,0,344,2
2020-06-26,Shasta,089,179085,186,86,0,86,5
2020-06-26,Sierra,091,2930,1,1,0,1,0
2020-06-26,Siskiyou,093,43540,34,24,0,24,0
2020-06-26,Solano,095,438530,1678,1068,8,1076,21
2020-06-26,Sonoma,097,501317,1361,977,5,982,5
2020-06-26,Stanislaus,099,539301,3636,2157,6,2163,36
2020-06-26,Sutter,101,95872,184,138,0,138,2
2020-06-26,Tehama,103,63373,87,63,2,65,1
2020-06-26,Trinity,105,12862,17,2,4,6,0
2020-06-26,Tulare,107,460477,5177,3720,12,3732,117
2020-06-26,Tuolumne,109,53932,39,10,2,12,0
2020-06-26,Ventura,111,848112,4059,2444,17,2461,40
2020-06-26,Yolo,113,214977,641,418,3,421,24
2020-06-26,Yuba,115,75493,75,38,0,38,1
2020-06-25,Alameda,001,1643700,6510,5398,9,5407,130
2020-06-25,Alpine,003,1148,1,1,0,1,0
2020-06-25,Amador,005,37829,25,18,0,18,0
2020-06-25,Butte,007,227075,238,127,8,135,1
2020-06-25,Calaveras,009,45235,42,26,0,26,0
2020-06-25,Colusa,011,21464,53,14,0,14,0
2020-06-25,Contra Costa,013,1133247,3394,2591,3,2594,71
2020-06-25,Del Norte,015,27424,55,47,0,47,0
2020-06-25,El Dorado,017,186661,255,150,0,150,0
2020-06-25,Fresno,019,978130,8543,3938,74,4012,71
2020-06-25,Glenn,021,27897,132,59,0,59,0
2020-06-25,Humboldt,023,135768,151,121,0,121,3
2020-06-25,Imperial,025,180216,7623,5192,4,5196,44
2020-06-25,Inyo,027,18085,29,27,0,27,1
2020-06-25,Kern,029,883053,7375,4236,23,4259,69
2020-06-25,Kings,031,150075,2584,2110,6,2116,17
2020-06-25,Lake,033,64148,79,42,0,42,0
2020-06-25,Lassen,035,31185,233,13,2,15,0
2020-06-25,Los Angeles,037,10098052,108407,91524,29,91553,3239
2020-06-25,Madera,039,155013,788,380,2,382,4
2020-06-25,Marin,041,260295,2470,1321,4,1325,17
2020-06-25,Mariposa,043,17540,29,20,0,20,1
2020-06-25,Mendocino,045,87422,79,61,0,61,0
2020-06-25,Merced,047,269075,1439,747,1,748,10
2020-06-25,Modoc,049,8938,1,0,0,0,0
2020-06-25,Mono,051,14174,44,35,0,35,1
2020-06-25,Monterey,053,433212,1927,1426,5,1431,12
2020-06-25,Napa,055,140530,394,260,0,260,3
2020-06-25,Nevada,057,99092,128,92,1,93,1
2020-06-25,Orange,059,3164182,20043,12221,176,12397,311
2020-06-25,Placer,061,380077,826,574,3,577,10
2020-06-25,Plumas,063,18699,10,6,0,6,0
2020-06-25,Riverside,065,2383286,21425,15224,26,15250,427
2020-06-25,Sacramento,067,1510023,3574,2519,6,2525,62
2020-06-25,San Benito,069,59416,256,174,0,174,2
2020-06-25,San Bernardino,071,2135413,16650,10590,9,10599,242
2020-06-25,San Diego,073,3302833,15590,11963,2,11965,352
2020-06-25,San Francisco,075,870044,3786,3252,1,3253,48
2020-06-25,San Joaquin,077,732212,4283,2803,4,2807,50
2020-06-25,San Luis Obispo,079,281455,744,473,6,479,1
2020-06-25,San Mateo,081,765935,3427,2996,6,3002,82
2020-06-25,Santa Barbara,083,443738,3361,2622,27,2649,25
2020-06-25,Santa Clara,085,1922200,5370,3871,17,3888,156
2020-06-25,Santa Cruz,087,273765,419,335,0,335,2
2020-06-25,Shasta,089,179085,176,84,0,84,5
2020-06-25,Sierra,091,2930,1,1,0,1,0
2020-06-25,Siskiyou,093,43540,33,24,0,24,0
2020-06-25,Solano,095,438530,1625,1034,8,1042,21
2020-06-25,Sonoma,097,501317,1313,953,4,957,5
2020-06-25,Stanislaus,099,539301,3424,2130,6,2136,36
2020-06-25,Sutter,101,95872,172,126,0,126,2
2020-06-25,Tehama,103,63373,83,59,2,61,1
2020-06-25,Trinity,105,12862,17,2,4,6,0
2020-06-25,Tulare,107,460477,5046,3656,12,3668,117
2020-06-25,Tuolumne,109,53932,38,10,1,11,0
2020-06-25,Ventura,111,848112,3877,2346,16,2362,40
2020-06-25,Yolo,113,214977,612,397,3,400,24
2020-06-25,Yuba,115,75493,64,38,0,38,1
2020-06-24,Alameda,001,1643700,6348,5242,9,5251,123
2020-06-24,Alpine,003,1148,1,1,0,1,0
2020-06-24,Amador,005,37829,23,16,0,16,0
2020-06-24,Butte,007,227075,222,119,7,126,1
2020-06-24,Calaveras,009,45235,40,26,0,26,0
2020-06-24,Colusa,011,21464,44,11,0,11,0
2020-06-24,Contra Costa,013,1133247,3239,2520,3,2523,66
2020-06-24,Del Norte,015,27424,49,47,0,47,0
2020-06-24,El Dorado,017,186661,239,149,0,149,0
2020-06-24,Fresno,019,978130,8212,3765,74,3839,71
2020-06-24,Glenn,021,27897,124,54,0,54,0
2020-06-24,Humboldt,023,135768,151,117,0,117,3
2020-06-24,Imperial,025,180216,7505,5138,4,5142,38
2020-06-24,Inyo,027,18085,29,28,0,28,1
2020-06-24,Kern,029,883053,6982,4155,21,4176,67
2020-06-24,Kings,031,150075,2520,2063,6,2069,16
2020-06-24,Lake,033,64148,66,40,0,40,0
2020-06-24,Lassen,035,31185,232,9,2,11,0
2020-06-24,Los Angeles,037,10098052,105646,89566,29,89595,3186
2020-06-24,Madera,039,155013,766,373,2,375,4
2020-06-24,Marin,041,260295,2242,1261,4,1265,17
2020-06-24,Mariposa,043,17540,28,19,0,19,1
2020-06-24,Mendocino,045,87422,79,60,0,60,0
2020-06-24,Merced,047,269075,1353,696,1,697,8
2020-06-24,Modoc,049,8938,1,0,0,0,0
2020-06-24,Mono,051,14174,42,35,0,35,1
2020-06-24,Monterey,053,433212,1850,1407,5,1412,12
2020-06-24,Napa,055,140530,377,258,0,258,3
2020-06-24,Nevada,057,99092,122,92,1,93,1
2020-06-24,Orange,059,3164182,19046,11804,158,11962,303
2020-06-24,Placer,061,380077,787,548,3,551,10
2020-06-24,Plumas,063,18699,10,6,0,6,0
2020-06-24,Riverside,065,2383286,20577,14946,26,14972,410
2020-06-24,Sacramento,067,1510023,3370,2446,5,2451,62
2020-06-24,San Benito,069,59416,252,171,0,171,2
2020-06-24,San Bernardino,071,2135413,15836,10211,9,10220,239
2020-06-24,San Diego,073,3302833,15087,11628,2,11630,347
2020-06-24,San Francisco,075,870044,3723,3216,1,3217,48
2020-06-24,San Joaquin,077,732212,4062,2680,4,2684,49
2020-06-24,San Luis Obispo,079,281455,713,461,5,466,1
2020-06-24,San Mateo,081,765935,3370,2964,6,2970,82
2020-06-24,Santa Barbara,083,443738,3242,2569,25,2594,22
2020-06-24,Santa Clara,085,1922200,5239,3812,17,3829,155
2020-06-24,Santa Cruz,087,273765,407,329,0,329,2
2020-06-24,Shasta,089,179085,168,83,0,83,5
2020-06-24,Sierra,091,2930,1,1,0,1,0
2020-06-24,Siskiyou,093,43540,32,24,0,24,0
2020-06-24,Solano,095,438530,1535,979,7,986,21
2020-06-24,Sonoma,097,501317,1264,933,4,937,4
2020-06-24,Stanislaus,099,539301,3245,2039,6,2045,36
2020-06-24,Sutter,101,95872,159,118,0,118,2
2020-06-24,Tehama,103,63373,81,55,2,57,1
2020-06-24,Trinity,105,12862,16,2,3,5,0
2020-06-24,Tulare,107,460477,4891,3541,10,3551,116
2020-06-24,Tuolumne,109,53932,33,9,1,10,0
2020-06-24,Ventura,111,848112,3536,2314,16,2330,42
2020-06-24,Yolo,113,214977,577,376,3,379,24
2020-06-24,Yuba,115,75493,58,37,0,37,1
2020-06-23,Alameda,001,1643700,6167,5159,9,5168,121
2020-06-23,Alpine,003,1148,1,1,0,1,0
2020-06-23,Amador,005,37829,22,13,0,13,0
2020-06-23,Butte,007,227075,204,111,7,118,1
2020-06-23,Calaveras,009,45235,40,26,0,26,0
2020-06-23,Colusa,011,21464,40,7,0,7,0
2020-06-23,Contra Costa,013,1133247,3113,2453,3,2456,60
2020-06-23,Del Norte,015,27424,48,46,0,46,0
2020-06-23,El Dorado,017,186661,230,142,0,142,0
2020-06-23,Fresno,019,978130,7560,3569,72,3641,67
2020-06-23,Glenn,021,27897,120,47,0,47,0
2020-06-23,Humboldt,023,135768,151,110,0,110,3
2020-06-23,Imperial,025,180216,7342,5025,4,5029,38
2020-06-23,Inyo,027,18085,29,26,0,26,1
2020-06-23,Kern,029,883053,6614,4087,18,4105,64
2020-06-23,Kings,031,150075,2455,1727,6,1733,16
2020-06-23,Lake,033,64148,60,40,0,40,0
2020-06-23,Lassen,035,31185,228,9,2,11,0
2020-06-23,Los Angeles,037,10098052,102705,88433,28,88461,3152
2020-06-23,Madera,039,155013,727,369,2,371,4
2020-06-23,Marin,041,260295,1974,1139,4,1143,17
2020-06-23,Mariposa,043,17540,26,18,0,18,1
2020-06-23,Mendocino,045,87422,78,61,0,61,0
2020-06-23,Merced,047,269075,1255,656,1,657,8
2020-06-23,Modoc,049,8938,1,0,0,0,0
2020-06-23,Mono,051,14174,42,35,0,35,1
2020-06-23,Monterey,053,433212,1780,1346,5,1351,12
2020-06-23,Napa,055,140530,362,230,0,230,3
2020-06-23,Nevada,057,99092,116,81,1,82,1
2020-06-23,Orange,059,3164182,18077,11071,155,11226,278
2020-06-23,Placer,061,380077,761,525,3,528,10
2020-06-23,Plumas,063,18699,9,6,0,6,0
2020-06-23,Riverside,065,2383286,19557,14469,26,14495,406
2020-06-23,Sacramento,067,1510023,3191,2374,5,2379,62
2020-06-23,San Benito,069,59416,238,167,0,167,2
2020-06-23,San Bernardino,071,2135413,15056,9771,9,9780,229
2020-06-23,San Diego,073,3302833,14567,11296,2,11298,341
2020-06-23,San Francisco,075,870044,3649,3177,1,3178,48
2020-06-23,San Joaquin,077,732212,3803,2502,4,2506,48
2020-06-23,San Luis Obispo,079,281455,682,445,5,450,1
2020-06-23,San Mateo,081,765935,3305,2907,6,2913,81
2020-06-23,Santa Barbara,083,443738,3147,2498,25,2523,22
2020-06-23,Santa Clara,085,1922200,5093,3700,17,3717,155
2020-06-23,Santa Cruz,087,273765,397,313,0,313,2
2020-06-23,Shasta,089,179085,159,81,0,81,5
2020-06-23,Sierra,091,2930,1,1,0,1,0
2020-06-23,Siskiyou,093,43540,30,24,0,24,0
2020-06-23,Solano,095,438530,1478,941,6,947,21
2020-06-23,Sonoma,097,501317,1211,912,4,916,4
2020-06-23,Stanislaus,099,539301,3069,1850,6,1856,35
2020-06-23,Sutter,101,95872,149,112,0,112,2
2020-06-23,Tehama,103,63373,79,50,2,52,1
2020-06-23,Trinity,105,12862,16,2,3,5,0
2020-06-23,Tulare,107,460477,4769,3456,10,3466,111
2020-06-23,Tuolumne,109,53932,28,9,0,9,0
2020-06-23,Ventura,111,848112,3376,2209,15,2224,40
2020-06-23,Yolo,113,214977,551,350,0,350,24
2020-06-23,Yuba,115,75493,55,35,0,35,1
2020-06-22,Alameda,001,1643700,6016,4944,9,4953,121
2020-06-22,Alpine,003,1148,1,1,0,1,0
2020-06-22,Amador,005,37829,19,12,0,12,0
2020-06-22,Butte,007,227075,185,104,7,111,1
2020-06-22,Calaveras,009,45235,38,20,0,20,0
2020-06-22,Colusa,011,21464,37,7,0,7,0
2020-06-22,Contra Costa,013,1133247,2971,2363,3,2366,60
2020-06-22,Del Norte,015,27424,48,46,0,46,0
2020-06-22,El Dorado,017,186661,221,137,0,137,0
2020-06-22,Fresno,019,978130,7028,3425,72,3497,67
2020-06-22,Glenn,021,27897,111,40,0,40,0
2020-06-22,Humboldt,023,135768,148,110,0,110,3
2020-06-22,Imperial,025,180216,7185,4700,4,4704,38
2020-06-22,Inyo,027,18085,29,26,0,26,1
2020-06-22,Kern,029,883053,6262,3982,16,3998,60
2020-06-22,Kings,031,150075,2406,1513,6,1519,13
2020-06-22,Lake,033,64148,54,37,0,37,0
2020-06-22,Lassen,035,31185,118,7,2,9,0
2020-06-22,Los Angeles,037,10098052,99808,85925,26,85951,3117
2020-06-22,Madera,039,155013,702,333,2,335,4
2020-06-22,Marin,041,260295,1717,1029,4,1033,17
2020-06-22,Mariposa,043,17540,25,18,0,18,1
2020-06-22,Mendocino,045,87422,73,48,0,48,0
2020-06-22,Merced,047,269075,1166,619,1,620,8
2020-06-22,Modoc,049,8938,1,0,0,0,0
2020-06-22,Mono,051,14174,42,34,0,34,1
2020-06-22,Monterey,053,433212,1719,1293,5,1298,12
2020-06-22,Napa,055,140530,338,222,0,222,3
2020-06-22,Nevada,057,99092,111,79,1,80,1
2020-06-22,Orange,059,3164182,17145,10711,151,10862,275
2020-06-22,Placer,061,380077,735,512,3,515,9
2020-06-22,Plumas,063,18699,7,6,0,6,0
2020-06-22,Riverside,065,2383286,18585,13948,26,13974,403
2020-06-22,Sacramento,067,1510023,2974,2243,5,2248,62
2020-06-22,San Benito,069,59416,229,164,0,164,2
2020-06-22,San Bernardino,071,2135413,14282,9133,9,9142,229
2020-06-22,San Diego,073,3302833,14075,11098,2,11100,338
2020-06-22,San Francisco,075,870044,3556,3000,1,3001,47
2020-06-22,San Joaquin,077,732212,3555,2332,4,2336,48
2020-06-22,San Luis Obispo,079,281455,649,422,5,427,1
2020-06-22,San Mateo,081,765935,3232,2813,5,2818,81
2020-06-22,Santa Barbara,083,443738,3055,2447,25,2472,21
2020-06-22,Santa Clara,085,1922200,4930,3580,17,3597,155
2020-06-22,Santa Cruz,087,273765,384,290,0,290,3
2020-06-22,Shasta,089,179085,156,77,0,77,5
2020-06-22,Sierra,091,2930,1,1,0,1,0
2020-06-22,Siskiyou,093,43540,30,23,0,23,0
2020-06-22,Solano,095,438530,1400,784,5,789,21
2020-06-22,Sonoma,097,501317,1166,860,2,862,4
2020-06-22,Stanislaus,099,539301,2884,1784,6,1790,35
2020-06-22,Sutter,101,95872,140,100,0,100,2
2020-06-22,Tehama,103,63373,75,38,2,40,1
2020-06-22,Trinity,105,12862,16,2,3,5,0
2020-06-22,Tulare,107,460477,4632,3185,10,3195,111
2020-06-22,Tuolumne,109,53932,19,8,0,8,0
2020-06-22,Ventura,111,848112,3227,2065,15,2080,39
2020-06-22,Yolo,113,214977,525,333,0,333,24
2020-06-22,Yuba,115,75493,50,36,0,36,1
2020-06-21,Alameda,001,1643700,5821,4835,9,4844,121
2020-06-21,Alpine,003,1148,1,1,0,1,0
2020-06-21,Amador,005,37829,14,12,0,12,0
2020-06-21,Butte,007,227075,171,97,7,104,1
2020-06-21,Calaveras,009,45235,38,20,0,20,0
2020-06-21,Colusa,011,21464,29,7,0,7,0
2020-06-21,Contra Costa,013,1133247,2845,2282,3,2285,60
2020-06-21,Del Norte,015,27424,47,46,0,46,0
2020-06-21,El Dorado,017,186661,212,132,0,132,0
2020-06-21,Fresno,019,978130,6458,3296,70,3366,67
2020-06-21,Glenn,021,27897,102,40,0,40,0
2020-06-21,Humboldt,023,135768,143,108,0,108,3
2020-06-21,Imperial,025,180216,7002,4701,4,4705,38
2020-06-21,Inyo,027,18085,27,26,0,26,1
2020-06-21,Kern,029,883053,5970,3918,14,3932,60
2020-06-21,Kings,031,150075,2342,1334,6,1340,11
2020-06-21,Lake,033,64148,49,36,0,36,0
2020-06-21,Lassen,035,31185,25,7,2,9,0
2020-06-21,Los Angeles,037,10098052,96926,83383,25,83408,3101
2020-06-21,Madera,039,155013,668,319,2,321,4
2020-06-21,Marin,041,260295,1560,907,4,911,17
2020-06-21,Mariposa,043,17540,22,18,0,18,1
2020-06-21,Mendocino,045,87422,70,48,0,48,0
2020-06-21,Merced,047,269075,1071,577,1,578,8
2020-06-21,Modoc,049,8938,1,0,0,0,0
2020-06-21,Mono,051,14174,42,34,0,34,1
2020-06-21,Monterey,053,433212,1646,1227,5,1232,12
2020-06-21,Napa,055,140530,323,218,0,218,3
2020-06-21,Nevada,057,99092,108,79,1,80,1
2020-06-21,Orange,059,3164182,16312,10563,147,10710,275
2020-06-21,Placer,061,380077,695,498,3,501,9
2020-06-21,Plumas,063,18699,7,6,0,6,0
2020-06-21,Riverside,065,2383286,17879,13528,25,13553,402
2020-06-21,Sacramento,067,1510023,2773,2156,4,2160,62
2020-06-21,San Benito,069,59416,215,151,0,151,2
2020-06-21,San Bernardino,071,2135413,13508,8925,8,8933,229
2020-06-21,San Diego,073,3302833,13529,10796,2,10798,338
2020-06-21,San Francisco,075,870044,3450,3000,1,3001,47
2020-06-21,San Joaquin,077,732212,3319,2188,4,2192,48
2020-06-21,San Luis Obispo,079,281455,623,418,5,423,1
2020-06-21,San Mateo,081,765935,3174,2781,5,2786,81
2020-06-21,Santa Barbara,083,443738,2948,2430,24,2454,21
2020-06-21,Santa Clara,085,1922200,4793,3514,17,3531,154
2020-06-21,Santa Cruz,087,273765,374,290,0,290,3
2020-06-21,Shasta,089,179085,146,75,0,75,5
2020-06-21,Sierra,091,2930,1,1,0,1,0
2020-06-21,Siskiyou,093,43540,30,23,0,23,0
2020-06-21,Solano,095,438530,1300,783,4,787,21
2020-06-21,Sonoma,097,501317,1116,836,2,838,4
2020-06-21,Stanislaus,099,539301,2698,1688,6,1694,35
2020-06-21,Sutter,101,95872,132,96,0,96,2
2020-06-21,Tehama,103,63373,64,35,2,37,1
2020-06-21,Trinity,105,12862,15,2,3,5,0
2020-06-21,Tulare,107,460477,4463,3173,10,3183,111
2020-06-21,Tuolumne,109,53932,17,8,0,8,0
2020-06-21,Ventura,111,848112,3049,2021,15,2036,39
2020-06-21,Yolo,113,214977,493,323,0,323,24
2020-06-21,Yuba,115,75493,46,35,0,35,1
2020-06-20,Alameda,001,1643700,5759,4758,9,4767,119
2020-06-20,Alpine,003,1148,1,1,0,1,0
2020-06-20,Amador,005,37829,14,12,0,12,0
2020-06-20,Butte,007,227075,164,94,7,101,1
2020-06-20,Calaveras,009,45235,38,20,0,20,0
2020-06-20,Colusa,011,21464,26,7,0,7,0
2020-06-20,Contra Costa,013,1133247,2786,2231,3,2234,54
2020-06-20,Del Norte,015,27424,47,46,0,46,0
2020-06-20,El Dorado,017,186661,207,130,0,130,0
2020-06-20,Fresno,019,978130,6332,3222,67,3289,67
2020-06-20,Glenn,021,27897,97,40,0,40,0
2020-06-20,Humboldt,023,135768,143,108,0,108,3
2020-06-20,Imperial,025,180216,6921,4616,4,4620,37
2020-06-20,Inyo,027,18085,27,26,0,26,1
2020-06-20,Kern,029,883053,5805,3836,14,3850,59
2020-06-20,Kings,031,150075,2318,1331,6,1337,9
2020-06-20,Lake,033,64148,49,37,0,37,0
2020-06-20,Lassen,035,31185,24,7,2,9,0
2020-06-20,Los Angeles,037,10098052,95355,81604,24,81628,3093
2020-06-20,Madera,039,155013,635,321,2,323,4
2020-06-20,Marin,041,260295,1540,879,4,883,17
2020-06-20,Mariposa,043,17540,22,18,0,18,1
2020-06-20,Mendocino,045,87422,69,48,0,48,0
2020-06-20,Merced,047,269075,1031,566,1,567,8
2020-06-20,Modoc,049,8938,1,0,0,0,0
2020-06-20,Mono,051,14174,42,34,0,34,1
2020-06-20,Monterey,053,433212,1610,1181,5,1186,12
2020-06-20,Napa,055,140530,314,212,0,212,3
2020-06-20,Nevada,057,99092,105,73,1,74,1
2020-06-20,Orange,059,3164182,15962,10284,143,10427,273
2020-06-20,Placer,061,380077,670,483,3,486,9
2020-06-20,Plumas,063,18699,6,6,0,6,0
2020-06-20,Riverside,065,2383286,17580,13021,25,13046,402
2020-06-20,Sacramento,067,1510023,2702,2069,4,2073,63
2020-06-20,San Benito,069,59416,211,139,0,139,2
2020-06-20,San Bernardino,071,2135413,13146,8718,8,8726,229
2020-06-20,San Diego,073,3302833,13206,10486,2,10488,338
2020-06-20,San Francisco,075,870044,3406,2999,1,3000,47
2020-06-20,San Joaquin,077,732212,3237,2046,4,2050,48
2020-06-20,San Luis Obispo,079,281455,610,405,5,410,1
2020-06-20,San Mateo,081,765935,3126,2755,5,2760,81
2020-06-20,Santa Barbara,083,443738,2891,2358,23,2381,21
2020-06-20,Santa Clara,085,1922200,4719,3435,17,3452,154
2020-06-20,Santa Cruz,087,273765,372,287,0,287,3
2020-06-20,Shasta,089,179085,140,66,0,66,5
2020-06-20,Sierra,091,2930,1,1,0,1,0
2020-06-20,Siskiyou,093,43540,29,22,0,22,0
2020-06-20,Solano,095,438530,1276,784,4,788,21
2020-06-20,Sonoma,097,501317,1080,806,2,808,4
2020-06-20,Stanislaus,099,539301,2590,1598,6,1604,35
2020-06-20,Sutter,101,95872,130,89,0,89,2
2020-06-20,Tehama,103,63373,62,35,2,37,1
2020-06-20,Trinity,105,12862,15,2,3,5,0
2020-06-20,Tulare,107,460477,4390,3172,10,3182,111
2020-06-20,Tuolumne,109,53932,14,8,0,8,0
2020-06-20,Ventura,111,848112,2984,1946,15,1961,37
2020-06-20,Yolo,113,214977,477,309,0,309,24
2020-06-20,Yuba,115,75493,44,34,0,34,1
2020-06-19,Alameda,001,1643700,5688,4646,9,4655,119
2020-06-19,Alpine,003,1148,1,1,0,1,0
2020-06-19,Amador,005,37829,14,12,0,12,0
2020-06-19,Butte,007,227075,159,91,7,98,1
2020-06-19,Calaveras,009,45235,37,20,0,20,0
2020-06-19,Colusa,011,21464,24,7,0,7,0
2020-06-19,Contra Costa,013,1133247,2706,2106,3,2109,54
2020-06-19,Del Norte,015,27424,47,46,0,46,0
2020-06-19,El Dorado,017,186661,198,124,0,124,0
2020-06-19,Fresno,019,978130,6170,3109,65,3174,61
2020-06-19,Glenn,021,27897,91,40,0,40,0
2020-06-19,Humboldt,023,135768,141,106,0,106,3
2020-06-19,Imperial,025,180216,6830,4504,4,4508,36
2020-06-19,Inyo,027,18085,27,26,0,26,1
2020-06-19,Kern,029,883053,5582,3742,13,3755,57
2020-06-19,Kings,031,150075,2297,1285,6,1291,9
2020-06-19,Lake,033,64148,46,36,0,36,0
2020-06-19,Lassen,035,31185,23,7,2,9,0
2020-06-19,Los Angeles,037,10098052,93376,79572,23,79595,3047
2020-06-19,Madera,039,155013,616,300,2,302,4
2020-06-19,Marin,041,260295,1511,829,4,833,17
2020-06-19,Mariposa,043,17540,21,18,0,18,1
2020-06-19,Mendocino,045,87422,68,48,0,48,0
2020-06-19,Merced,047,269075,986,529,1,530,8
2020-06-19,Modoc,049,8938,1,0,0,0,0
2020-06-19,Mono,051,14174,42,34,0,34,1
2020-06-19,Monterey,053,433212,1581,1159,5,1164,12
2020-06-19,Napa,055,140530,304,209,0,209,3
2020-06-19,Nevada,057,99092,102,71,1,72,1
2020-06-19,Orange,059,3164182,15429,9972,136,10108,260
2020-06-19,Placer,061,380077,652,464,3,467,9
2020-06-19,Plumas,063,18699,6,5,0,5,0
2020-06-19,Riverside,065,2383286,17175,12710,25,12735,398
2020-06-19,Sacramento,067,1510023,2619,1976,4,1980,64
2020-06-19,San Benito,069,59416,210,136,0,136,2
2020-06-19,San Bernardino,071,2135413,12741,8454,7,8461,226
2020-06-19,San Diego,073,3302833,12843,10352,2,10354,332
2020-06-19,San Francisco,075,870044,3351,2968,1,2969,47
2020-06-19,San Joaquin,077,732212,3114,1969,4,1973,48
2020-06-19,San Luis Obispo,079,281455,594,392,5,397,1
2020-06-19,San Mateo,081,765935,3087,2713,5,2718,81
2020-06-19,Santa Barbara,083,443738,2818,2284,21,2305,21
2020-06-19,Santa Clara,085,1922200,4645,3376,17,3393,154
2020-06-19,Santa Cruz,087,273765,362,283,0,283,3
2020-06-19,Shasta,089,179085,137,58,0,58,5
2020-06-19,Sierra,091,2930,1,1,0,1,0
2020-06-19,Siskiyou,093,43540,29,21,0,21,0
2020-06-19,Solano,095,438530,1238,755,4,759,21
2020-06-19,Sonoma,097,501317,1053,803,2,805,4
2020-06-19,Stanislaus,099,539301,2480,1549,6,1555,35
2020-06-19,Sutter,101,95872,129,89,0,89,2
2020-06-19,Tehama,103,63373,61,35,2,37,1
2020-06-19,Trinity,105,12862,15,2,3,5,0
2020-06-19,Tulare,107,460477,4319,3053,10,3063,107
2020-06-19,Tuolumne,109,53932,13,8,0,8,0
2020-06-19,Ventura,111,848112,2900,1865,15,1880,37
2020-06-19,Yolo,113,214977,458,303,0,303,24
2020-06-19,Yuba,115,75493,43,33,0,33,1
2020-06-18,Alameda,001,1643700,5558,4589,9,4598,118
2020-06-18,Alpine,003,1148,1,1,0,1,0
2020-06-18,Amador,005,37829,13,12,0,12,0
2020-06-18,Butte,007,227075,154,88,7,95,1
2020-06-18,Calaveras,009,45235,37,20,0,20,0
2020-06-18,Colusa,011,21464,20,7,0,7,0
2020-06-18,Contra Costa,013,1133247,2600,2072,3,2075,53
2020-06-18,Del Norte,015,27424,47,46,0,46,0
2020-06-18,El Dorado,017,186661,194,121,0,121,0
2020-06-18,Fresno,019,978130,5903,2947,64,3011,57
2020-06-18,Glenn,021,27897,82,35,0,35,0
2020-06-18,Humboldt,023,135768,140,106,0,106,3
2020-06-18,Imperial,025,180216,6680,4366,4,4370,36
2020-06-18,Inyo,027,18085,26,25,0,25,1
2020-06-18,Kern,029,883053,5364,3634,13,3647,57
2020-06-18,Kings,031,150075,2238,1141,6,1147,8
2020-06-18,Lake,033,64148,45,36,0,36,0
2020-06-18,Lassen,035,31185,22,5,2,7,0
2020-06-18,Los Angeles,037,10098052,91107,78244,23,78267,3009
2020-06-18,Madera,039,155013,581,288,2,290,4
2020-06-18,Marin,041,260295,1448,819,4,823,17
2020-06-18,Mariposa,043,17540,19,18,0,18,1
2020-06-18,Mendocino,045,87422,64,45,0,45,0
2020-06-18,Merced,047,269075,934,486,1,487,7
2020-06-18,Modoc,049,8938,1,0,0,0,0
2020-06-18,Mono,051,14174,42,34,0,34,1
2020-06-18,Monterey,053,433212,1513,1127,5,1132,12
2020-06-18,Napa,055,140530,289,205,0,205,3
2020-06-18,Nevada,057,99092,98,68,1,69,1
2020-06-18,Orange,059,3164182,14774,9597,117,9714,255
2020-06-18,Placer,061,380077,629,457,3,460,9
2020-06-18,Plumas,063,18699,6,5,0,5,0
2020-06-18,Riverside,065,2383286,16559,12410,25,12435,392
2020-06-18,Sacramento,067,1510023,2503,1938,4,1942,63
2020-06-18,San Benito,069,59416,204,134,0,134,2
2020-06-18,San Bernardino,071,2135413,12101,8141,7,8148,226
2020-06-18,San Diego,073,3302833,12421,10094,2,10096,331
2020-06-18,San Francisco,075,870044,3302,2951,1,2952,47
2020-06-18,San Joaquin,077,732212,2962,1908,4,1912,47
2020-06-18,San Luis Obispo,079,281455,574,378,5,383,1
2020-06-18,San Mateo,081,765935,3048,2674,5,2679,78
2020-06-18,Santa Barbara,083,443738,2744,2201,21,2222,19
2020-06-18,Santa Clara,085,1922200,4542,3338,17,3355,152
2020-06-18,Santa Cruz,087,273765,345,275,0,275,3
2020-06-18,Shasta,089,179085,126,51,0,51,4
2020-06-18,Sierra,091,2930,1,1,0,1,0
2020-06-18,Siskiyou,093,43540,29,18,0,18,0
2020-06-18,Solano,095,438530,1200,735,4,739,21
2020-06-18,Sonoma,097,501317,1011,789,2,791,4
2020-06-18,Stanislaus,099,539301,2346,1495,6,1501,35
2020-06-18,Sutter,101,95872,125,85,0,85,2
2020-06-18,Tehama,103,63373,56,31,2,33,1
2020-06-18,Trinity,105,12862,15,2,3,5,0
2020-06-18,Tulare,107,460477,4197,3005,10,3015,107
2020-06-18,Tuolumne,109,53932,12,8,0,8,0
2020-06-18,Ventura,111,848112,2774,1781,15,1796,37
2020-06-18,Yolo,113,214977,425,294,0,294,24
2020-06-18,Yuba,115,75493,42,32,0,32,1
2020-06-17,Alameda,001,1643700,5435,4485,9,4494,117
2020-06-17,Alpine,003,1148,1,1,0,1,0
2020-06-17,Amador,005,37829,12,10,0,10,0
2020-06-17,Butte,007,227075,145,81,7,88,1
2020-06-17,Calaveras,009,45235,37,20,0,20,0
2020-06-17,Colusa,011,21464,19,7,0,7,0
2020-06-17,Contra Costa,013,1133247,2503,2020,3,2023,45
2020-06-17,Del Norte,015,27424,47,45,0,45,0
2020-06-17,El Dorado,017,186661,187,116,0,116,0
2020-06-17,Fresno,019,978130,5677,2801,61,2862,56
2020-06-17,Glenn,021,27897,75,31,0,31,0
2020-06-17,Humboldt,023,135768,138,105,0,105,3
2020-06-17,Imperial,025,180216,6507,4108,4,4112,36
2020-06-17,Inyo,027,18085,25,25,0,25,1
2020-06-17,Kern,029,883053,5163,3547,13,3560,56
2020-06-17,Kings,031,150075,2208,1097,6,1103,7
2020-06-17,Lake,033,64148,44,32,0,32,0
2020-06-17,Lassen,035,31185,18,5,2,7,0
2020-06-17,Los Angeles,037,10098052,88799,77166,22,77188,2973
2020-06-17,Madera,039,155013,559,258,2,260,4
2020-06-17,Marin,041,260295,1256,771,3,774,17
2020-06-17,Mariposa,043,17540,18,18,0,18,1
2020-06-17,Mendocino,045,87422,62,42,0,42,0
2020-06-17,Merced,047,269075,862,460,1,461,7
2020-06-17,Modoc,049,8938,1,0,0,0,0
2020-06-17,Mono,051,14174,42,34,0,34,1
2020-06-17,Monterey,053,433212,1461,1077,5,1082,12
2020-06-17,Napa,055,140530,274,202,0,202,3
2020-06-17,Nevada,057,99092,94,57,1,58,1
2020-06-17,Orange,059,3164182,14168,9278,111,9389,230
2020-06-17,Placer,061,380077,609,427,3,430,9
2020-06-17,Plumas,063,18699,6,5,0,5,0
2020-06-17,Riverside,065,2383286,15923,11859,25,11884,370
2020-06-17,Sacramento,067,1510023,2396,1889,4,1893,63
2020-06-17,San Benito,069,59416,199,116,0,116,2
2020-06-17,San Bernardino,071,2135413,11551,7670,7,7677,225
2020-06-17,San Diego,073,3302833,12042,9856,2,9858,327
2020-06-17,San Francisco,075,870044,3263,2906,1,2907,46
2020-06-17,San Joaquin,077,732212,2789,1825,4,1829,46
2020-06-17,San Luis Obispo,079,281455,555,362,5,367,1
2020-06-17,San Mateo,081,765935,3001,2649,5,2654,78
2020-06-17,Santa Barbara,083,443738,2671,2147,19,2166,19
2020-06-17,Santa Clara,085,1922200,4449,3264,16,3280,148
2020-06-17,Santa Cruz,087,273765,339,265,0,265,2
2020-06-17,Shasta,089,179085,124,51,0,51,4
2020-06-17,Sierra,091,2930,1,1,0,1,0
2020-06-17,Siskiyou,093,43540,28,16,0,16,0
2020-06-17,Solano,095,438530,1150,722,4,726,21
2020-06-17,Sonoma,097,501317,985,748,2,750,4
2020-06-17,Stanislaus,099,539301,2223,1387,6,1393,35
2020-06-17,Sutter,101,95872,119,79,0,79,2
2020-06-17,Tehama,103,63373,41,24,2,26,1
2020-06-17,Trinity,105,12862,14,2,3,5,0
2020-06-17,Tulare,107,460477,4087,2882,10,2892,106
2020-06-17,Tuolumne,109,53932,12,7,0,7,0
2020-06-17,Ventura,111,848112,2674,1729,15,1744,37
2020-06-17,Yolo,113,214977,405,277,0,277,24
2020-06-17,Yuba,115,75493,41,30,0,30,1
2020-06-16,Alameda,001,1643700,5317,4428,9,4437,113
2020-06-16,Alpine,003,1148,1,1,0,1,0
2020-06-16,Amador,005,37829,12,10,0,10,0
2020-06-16,Butte,007,227075,141,79,7,86,1
2020-06-16,Calaveras,009,45235,34,19,0,19,0
2020-06-16,Colusa,011,21464,16,7,0,7,0
2020-06-16,Contra Costa,013,1133247,2412,1971,2,1973,45
2020-06-16,Del Norte,015,27424,47,45,0,45,0
2020-06-16,El Dorado,017,186661,181,115,0,115,0
2020-06-16,Fresno,019,978130,5439,2731,59,2790,50
2020-06-16,Glenn,021,27897,71,30,0,30,0
2020-06-16,Humboldt,023,135768,135,105,0,105,3
2020-06-16,Imperial,025,180216,6348,3939,4,3943,36
2020-06-16,Inyo,027,18085,25,24,0,24,1
2020-06-16,Kern,029,883053,4940,3496,13,3509,55
2020-06-16,Kings,031,150075,2162,1044,6,1050,6
2020-06-16,Lake,033,64148,44,31,0,31,0
2020-06-16,Lassen,035,31185,15,5,2,7,0
2020-06-16,Los Angeles,037,10098052,86476,75051,22,75073,2942
2020-06-16,Madera,039,155013,533,239,2,241,3
2020-06-16,Marin,041,260295,1203,725,3,728,17
2020-06-16,Mariposa,043,17540,18,17,0,17,1
2020-06-16,Mendocino,045,87422,61,35,0,35,0
2020-06-16,Merced,047,269075,814,436,1,437,7
2020-06-16,Modoc,049,8938,1,0,0,0,0
2020-06-16,Mono,051,14174,42,34,0,34,1
2020-06-16,Monterey,053,433212,1413,1019,5,1024,12
2020-06-16,Napa,055,140530,259,196,0,196,3
2020-06-16,Nevada,057,99092,91,53,1,54,1
2020-06-16,Orange,059,3164182,13584,9163,106,9269,223
2020-06-16,Placer,061,380077,577,392,3,395,9
2020-06-16,Plumas,063,18699,6,5,0,5,0
2020-06-16,Riverside,065,2383286,15248,11638,25,11663,364
2020-06-16,Sacramento,067,1510023,2286,1825,4,1829,60
2020-06-16,San Benito,069,59416,191,110,0,110,2
2020-06-16,San Bernardino,071,2135413,11007,7463,7,7470,225
2020-06-16,San Diego,073,3302833,11680,9732,1,9733,323
2020-06-16,San Francisco,075,870044,3212,2893,1,2894,46
2020-06-16,San Joaquin,077,732212,2636,1718,4,1722,47
2020-06-16,San Luis Obispo,079,281455,531,343,5,348,1
2020-06-16,San Mateo,081,765935,2947,2618,5,2623,77
2020-06-16,Santa Barbara,083,443738,2604,2090,19,2109,16
2020-06-16,Santa Clara,085,1922200,4338,3228,15,3243,148
2020-06-16,Santa Cruz,087,273765,323,257,0,257,2
2020-06-16,Shasta,089,179085,115,51,0,51,4
2020-06-16,Sierra,091,2930,1,1,0,1,0
2020-06-16,Siskiyou,093,43540,27,15,0,15,0
2020-06-16,Solano,095,438530,1060,694,4,698,19
2020-06-16,Sonoma,097,501317,953,739,2,741,4
2020-06-16,Stanislaus,099,539301,2070,1278,6,1284,36
2020-06-16,Sutter,101,95872,112,73,0,73,2
2020-06-16,Tehama,103,63373,37,24,2,26,1
2020-06-16,Trinity,105,12862,14,2,3,5,0
2020-06-16,Tulare,107,460477,3968,2802,10,2812,96
2020-06-16,Tuolumne,109,53932,12,7,0,7,0
2020-06-16,Ventura,111,848112,2573,1676,15,1691,37
2020-06-16,Yolo,113,214977,382,262,0,262,24
2020-06-16,Yuba,115,75493,39,29,0,29,1
2020-06-15,Alameda,001,1643700,5191,4323,9,4332,112
2020-06-15,Alpine,003,1148,1,1,0,1,0
2020-06-15,Amador,005,37829,12,10,0,10,0
2020-06-15,Butte,007,227075,133,78,7,85,1
2020-06-15,Calaveras,009,45235,34,18,0,18,0
2020-06-15,Colusa,011,21464,14,7,0,7,0
2020-06-15,Contra Costa,013,1133247,2335,1918,2,1920,43
2020-06-15,Del Norte,015,27424,47,45,0,45,0
2020-06-15,El Dorado,017,186661,171,114,0,114,0
2020-06-15,Fresno,019,978130,5227,2616,58,2674,48
2020-06-15,Glenn,021,27897,66,21,0,21,0
2020-06-15,Humboldt,023,135768,133,105,0,105,3
2020-06-15,Imperial,025,180216,6173,3726,4,3730,36
2020-06-15,Inyo,027,18085,25,23,0,23,1
2020-06-15,Kern,029,883053,4716,3417,13,3430,55
2020-06-15,Kings,031,150075,2085,1022,6,1028,6
2020-06-15,Lake,033,64148,44,31,0,31,0
2020-06-15,Lassen,035,31185,15,5,2,7,0
2020-06-15,Los Angeles,037,10098052,84287,73705,22,73727,2908
2020-06-15,Madera,039,155013,511,203,2,205,3
2020-06-15,Marin,041,260295,1036,708,3,711,17
2020-06-15,Mariposa,043,17540,18,17,0,17,1
2020-06-15,Mendocino,045,87422,52,33,0,33,0
2020-06-15,Merced,047,269075,768,414,1,415,7
2020-06-15,Modoc,049,8938,1,0,0,0,0
2020-06-15,Mono,051,14174,42,34,0,34,1
2020-06-15,Monterey,053,433212,1347,998,5,1003,12
2020-06-15,Napa,055,140530,251,187,0,187,3
2020-06-15,Nevada,057,99092,85,52,1,53,1
2020-06-15,Orange,059,3164182,13016,8944,98,9042,212
2020-06-15,Placer,061,380077,555,386,3,389,9
2020-06-15,Plumas,063,18699,6,4,0,4,0
2020-06-15,Riverside,065,2383286,14630,11376,24,11400,364
2020-06-15,Sacramento,067,1510023,2170,1791,4,1795,60
2020-06-15,San Benito,069,59416,185,108,0,108,2
2020-06-15,San Bernardino,071,2135413,10504,7189,7,7196,224
2020-06-15,San Diego,073,3302833,11340,9612,1,9613,320
2020-06-15,San Francisco,075,870044,3168,2833,1,2834,45
2020-06-15,San Joaquin,077,732212,2500,1667,4,1671,43
2020-06-15,San Luis Obispo,079,281455,516,332,5,337,1
2020-06-15,San Mateo,081,765935,2900,2591,5,2596,75
2020-06-15,Santa Barbara,083,443738,2536,2054,19,2073,16
2020-06-15,Santa Clara,085,1922200,4238,3204,15,3219,148
2020-06-15,Santa Cruz,087,273765,312,254,0,254,2
2020-06-15,Shasta,089,179085,109,50,0,50,4
2020-06-15,Sierra,091,2930,1,1,0,1,0
2020-06-15,Siskiyou,093,43540,26,14,0,14,0
2020-06-15,Solano,095,438530,1000,638,4,642,19
2020-06-15,Sonoma,097,501317,924,726,2,728,4
2020-06-15,Stanislaus,099,539301,1953,1253,6,1259,35
2020-06-15,Sutter,101,95872,102,71,0,71,2
2020-06-15,Tehama,103,63373,37,17,2,19,1
2020-06-15,Trinity,105,12862,13,2,3,5,0
2020-06-15,Tulare,107,460477,3854,2662,10,2672,96
2020-06-15,Tuolumne,109,53932,11,7,0,7,0
2020-06-15,Ventura,111,848112,2492,1656,15,1671,37
2020-06-15,Yolo,113,214977,362,255,0,255,24
2020-06-15,Yuba,115,75493,39,28,0,28,1
2020-06-14,Alameda,001,1643700,5046,4271,9,4280,112
2020-06-14,Alpine,003,1148,1,1,0,1,0
2020-06-14,Amador,005,37829,12,10,0,10,0
2020-06-14,Butte,007,227075,125,78,7,85,1
2020-06-14,Calaveras,009,45235,33,18,0,18,0
2020-06-14,Colusa,011,21464,13,7,0,7,0
2020-06-14,Contra Costa,013,1133247,2266,1893,2,1895,43
2020-06-14,Del Norte,015,27424,47,45,0,45,0
2020-06-14,El Dorado,017,186661,167,110,0,110,0
2020-06-14,Fresno,019,978130,5042,2585,57,2642,48
2020-06-14,Glenn,021,27897,51,21,0,21,0
2020-06-14,Humboldt,023,135768,129,105,0,105,3
2020-06-14,Imperial,025,180216,5942,3730,4,3734,36
2020-06-14,Inyo,027,18085,24,23,0,23,1
2020-06-14,Kern,029,883053,4505,3328,13,3341,55
2020-06-14,Kings,031,150075,2034,1022,5,1027,6
2020-06-14,Lake,033,64148,41,31,0,31,0
2020-06-14,Lassen,035,31185,15,5,2,7,0
2020-06-14,Los Angeles,037,10098052,81960,72932,21,72953,2887
2020-06-14,Madera,039,155013,492,203,2,205,3
2020-06-14,Marin,041,260295,871,689,2,691,17
2020-06-14,Mariposa,043,17540,18,16,0,16,1
2020-06-14,Mendocino,045,87422,49,33,0,33,0
2020-06-14,Merced,047,269075,717,403,1,404,7
2020-06-14,Modoc,049,8938,1,0,0,0,0
2020-06-14,Mono,051,14174,42,34,0,34,1
2020-06-14,Monterey,053,433212,1286,949,5,954,12
2020-06-14,Napa,055,140530,229,181,0,181,3
2020-06-14,Nevada,057,99092,81,52,1,53,1
2020-06-14,Orange,059,3164182,12589,8744,93,8837,211
2020-06-14,Placer,061,380077,529,369,3,372,9
2020-06-14,Plumas,063,18699,5,4,0,4,0
2020-06-14,Riverside,065,2383286,14187,11218,24,11242,364
2020-06-14,Sacramento,067,1510023,2083,1750,4,1754,60
2020-06-14,San Benito,069,59416,174,104,0,104,2
2020-06-14,San Bernardino,071,2135413,9964,7015,7,7022,224
2020-06-14,San Diego,073,3302833,10965,9442,1,9443,319
2020-06-14,San Francisco,075,870044,3128,2834,1,2835,45
2020-06-14,San Joaquin,077,732212,2349,1603,4,1607,43
2020-06-14,San Luis Obispo,079,281455,501,330,5,335,1
2020-06-14,San Mateo,081,765935,2842,2571,5,2576,75
2020-06-14,Santa Barbara,083,443738,2459,2049,19,2068,17
2020-06-14,Santa Clara,085,1922200,4143,3178,15,3193,148
2020-06-14,Santa Cruz,087,273765,298,254,0,254,2
2020-06-14,Shasta,089,179085,103,48,0,48,4
2020-06-14,Sierra,091,2930,1,1,0,1,0
2020-06-14,Siskiyou,093,43540,25,13,0,13,0
2020-06-14,Solano,095,438530,951,638,4,642,19
2020-06-14,Sonoma,097,501317,896,724,2,726,4
2020-06-14,Stanislaus,099,539301,1805,1159,6,1165,35
2020-06-14,Sutter,101,95872,97,63,0,63,2
2020-06-14,Tehama,103,63373,34,17,2,19,1
2020-06-14,Trinity,105,12862,13,2,3,5,0
2020-06-14,Tulare,107,460477,3720,2646,10,2656,96
2020-06-14,Tuolumne,109,53932,11,7,0,7,0
2020-06-14,Ventura,111,848112,2393,1610,14,1624,37
2020-06-14,Yolo,113,214977,346,254,0,254,24
2020-06-14,Yuba,115,75493,38,28,0,28,1
2020-06-13,Alameda,001,1643700,4983,4196,9,4205,112
2020-06-13,Alpine,003,1148,1,1,0,1,0
2020-06-13,Amador,005,37829,11,10,0,10,0
2020-06-13,Butte,007,227075,116,72,7,79,1
2020-06-13,Calaveras,009,45235,31,18,0,18,0
2020-06-13,Colusa,011,21464,12,7,0,7,0
2020-06-13,Contra Costa,013,1133247,2230,1868,2,1870,43
2020-06-13,Del Norte,015,27424,47,45,0,45,0
2020-06-13,El Dorado,017,186661,163,110,0,110,0
2020-06-13,Fresno,019,978130,4944,2499,57,2556,48
2020-06-13,Glenn,021,27897,49,21,0,21,0
2020-06-13,Humboldt,023,135768,128,104,0,104,3
2020-06-13,Imperial,025,180216,5869,3646,4,3650,36
2020-06-13,Inyo,027,18085,24,23,0,23,1
2020-06-13,Kern,029,883053,4396,3239,13,3252,55
2020-06-13,Kings,031,150075,2014,1023,5,1028,6
2020-06-13,Lake,033,64148,40,29,0,29,0
2020-06-13,Lassen,035,31185,15,5,2,7,0
2020-06-13,Los Angeles,037,10098052,80922,71938,21,71959,2874
2020-06-13,Madera,039,155013,488,203,2,205,3
2020-06-13,Marin,041,260295,840,677,2,679,17
2020-06-13,Mariposa,043,17540,18,16,0,16,1
2020-06-13,Mendocino,045,87422,49,33,0,33,0
2020-06-13,Merced,047,269075,699,376,1,377,7
2020-06-13,Modoc,049,8938,1,0,0,0,0
2020-06-13,Mono,051,14174,42,35,0,35,1
2020-06-13,Monterey,053,433212,1248,900,5,905,11
2020-06-13,Napa,055,140530,226,171,0,171,3
2020-06-13,Nevada,057,99092,79,52,1,53,1
2020-06-13,Orange,059,3164182,12345,8581,90,8671,211
2020-06-13,Placer,061,380077,512,346,3,349,9
2020-06-13,Plumas,063,18699,5,4,0,4,0
2020-06-13,Riverside,065,2383286,13908,10931,24,10955,364
2020-06-13,Sacramento,067,1510023,2028,1713,4,1717,60
2020-06-13,San Benito,069,59416,167,99,0,99,2
2020-06-13,San Bernardino,071,2135413,9741,6885,7,6892,224
2020-06-13,San Diego,073,3302833,10793,9316,1,9317,319
2020-06-13,San Francisco,075,870044,3108,2834,1,2835,44
2020-06-13,San Joaquin,077,732212,2268,1461,4,1465,43
2020-06-13,San Luis Obispo,079,281455,490,326,5,331,1
2020-06-13,San Mateo,081,765935,2819,2551,5,2556,75
2020-06-13,Santa Barbara,083,443738,2401,1999,19,2018,15
2020-06-13,Santa Clara,085,1922200,4100,3141,15,3156,148
2020-06-13,Santa Cruz,087,273765,292,254,0,254,2
2020-06-13,Shasta,089,179085,101,48,0,48,4
2020-06-13,Sierra,091,2930,1,1,0,1,0
2020-06-13,Siskiyou,093,43540,25,13,0,13,0
2020-06-13,Solano,095,438530,923,637,4,641,19
2020-06-13,Sonoma,097,501317,881,711,2,713,4
2020-06-13,Stanislaus,099,539301,1748,1122,6,1128,33
2020-06-13,Sutter,101,95872,96,62,0,62,2
2020-06-13,Tehama,103,63373,33,17,2,19,1
2020-06-13,Trinity,105,12862,13,2,3,5,0
2020-06-13,Tulare,107,460477,3688,2626,10,2636,96
2020-06-13,Tuolumne,109,53932,10,7,0,7,0
2020-06-13,Ventura,111,848112,2347,1567,14,1581,37
2020-06-13,Yolo,113,214977,326,251,0,251,24
2020-06-13,Yuba,115,75493,38,28,0,28,1
2020-06-12,Alameda,001,1643700,4910,4167,9,4176,109
2020-06-12,Alpine,003,1148,1,1,0,1,0
2020-06-12,Amador,005,37829,11,10,0,10,0
2020-06-12,Butte,007,227075,112,71,7,78,1
2020-06-12,Calaveras,009,45235,28,18,0,18,0
2020-06-12,Colusa,011,21464,12,7,0,7,0
2020-06-12,Contra Costa,013,1133247,2193,1827,2,1829,43
2020-06-12,Del Norte,015,27424,47,45,0,45,0
2020-06-12,El Dorado,017,186661,163,110,0,110,0
2020-06-12,Fresno,019,978130,4806,2428,57,2485,47
2020-06-12,Glenn,021,27897,46,21,0,21,0
2020-06-12,Humboldt,023,135768,126,105,0,105,3
2020-06-12,Imperial,025,180216,5785,3543,4,3547,36
2020-06-12,Inyo,027,18085,24,23,0,23,1
2020-06-12,Kern,029,883053,4279,3152,13,3165,54
2020-06-12,Kings,031,150075,2001,987,5,992,6
2020-06-12,Lake,033,64148,39,29,0,29,0
2020-06-12,Lassen,035,31185,15,5,2,7,0
2020-06-12,Los Angeles,037,10098052,79517,70385,21,70406,2814
2020-06-12,Madera,039,155013,463,187,2,189,3
2020-06-12,Marin,041,260295,837,649,2,651,17
2020-06-12,Mariposa,043,17540,18,16,0,16,1
2020-06-12,Mendocino,045,87422,49,33,0,33,0
2020-06-12,Merced,047,269075,665,372,1,373,7
2020-06-12,Modoc,049,8938,1,0,0,0,0
2020-06-12,Mono,051,14174,39,35,0,35,1
2020-06-12,Monterey,053,433212,1207,864,4,868,11
2020-06-12,Napa,055,140530,223,162,0,162,3
2020-06-12,Nevada,057,99092,73,52,1,53,1
2020-06-12,Orange,059,3164182,12039,8440,89,8529,203
2020-06-12,Placer,061,380077,495,333,3,336,9
2020-06-12,Plumas,063,18699,5,4,0,4,0
2020-06-12,Riverside,065,2383286,13571,10616,24,10640,364
2020-06-12,Sacramento,067,1510023,1973,1702,4,1706,60
2020-06-12,San Benito,069,59416,160,96,0,96,2
2020-06-12,San Bernardino,071,2135413,9473,6707,7,6714,223
2020-06-12,San Diego,073,3302833,10623,9132,1,9133,313
2020-06-12,San Francisco,075,870044,3074,2823,1,2824,44
2020-06-12,San Joaquin,077,732212,2188,1406,4,1410,43
2020-06-12,San Luis Obispo,079,281455,474,321,5,326,1
2020-06-12,San Mateo,081,765935,2784,2533,5,2538,75
2020-06-12,Santa Barbara,083,443738,2347,1969,19,1988,14
2020-06-12,Santa Clara,085,1922200,4056,3099,15,3114,149
2020-06-12,Santa Cruz,087,273765,284,251,0,251,2
2020-06-12,Shasta,089,179085,94,48,0,48,5
2020-06-12,Sierra,091,2930,1,1,0,1,0
2020-06-12,Siskiyou,093,43540,25,13,0,13,0
2020-06-12,Solano,095,438530,909,620,4,624,19
2020-06-12,Sonoma,097,501317,862,696,2,698,4
2020-06-12,Stanislaus,099,539301,1689,1092,6,1098,33
2020-06-12,Sutter,101,95872,95,56,0,56,2
2020-06-12,Tehama,103,63373,32,13,2,15,1
2020-06-12,Trinity,105,12862,13,2,3,5,0
2020-06-12,Tulare,107,460477,3634,2552,10,2562,95
2020-06-12,Tuolumne,109,53932,10,7,0,7,0
2020-06-12,Ventura,111,848112,2295,1534,14,1548,35
2020-06-12,Yolo,113,214977,314,243,0,243,24
2020-06-12,Yuba,115,75493,36,27,0,27,1
2020-06-11,Alameda,001,1643700,4780,4073,8,4081,108
2020-06-11,Alpine,003,1148,1,1,0,1,0
2020-06-11,Amador,005,37829,10,10,0,10,0
2020-06-11,Butte,007,227075,106,72,7,79,1
2020-06-11,Calaveras,009,45235,27,16,0,16,0
2020-06-11,Colusa,011,21464,12,7,0,7,0
2020-06-11,Contra Costa,013,1133247,2140,1797,2,1799,43
2020-06-11,Del Norte,015,27424,47,45,0,45,0
2020-06-11,El Dorado,017,186661,155,109,0,109,0
2020-06-11,Fresno,019,978130,4652,2338,57,2395,45
2020-06-11,Glenn,021,27897,42,21,0,21,0
2020-06-11,Humboldt,023,135768,122,113,0,113,3
2020-06-11,Imperial,025,180216,5629,3463,4,3467,36
2020-06-11,Inyo,027,18085,22,23,0,23,1
2020-06-11,Kern,029,883053,4127,3047,11,3058,54
2020-06-11,Kings,031,150075,1968,963,5,968,6
2020-06-11,Lake,033,64148,39,28,0,28,0
2020-06-11,Lassen,035,31185,15,5,2,7,0
2020-06-11,Los Angeles,037,10098052,77852,68807,20,68827,2800
2020-06-11,Madera,039,155013,445,178,2,180,3
2020-06-11,Marin,041,260295,789,637,2,639,17
2020-06-11,Mariposa,043,17540,18,16,0,16,1
2020-06-11,Mendocino,045,87422,40,35,0,35,0
2020-06-11,Merced,047,269075,625,370,1,371,7
2020-06-11,Modoc,049,8938,1,0,0,0,0
2020-06-11,Mono,051,14174,39,35,0,35,1
2020-06-11,Monterey,053,433212,1160,813,4,817,11
2020-06-11,Napa,055,140530,214,162,0,162,3
2020-06-11,Nevada,057,99092,67,50,1,51,1
2020-06-11,Orange,059,3164182,11731,8304,88,8392,188
2020-06-11,Placer,061,380077,476,321,3,324,9
2020-06-11,Plumas,063,18699,5,4,0,4,0
2020-06-11,Riverside,065,2383286,13218,10014,24,10038,361
2020-06-11,Sacramento,067,1510023,1925,1669,4,1673,60
2020-06-11,San Benito,069,59416,154,94,0,94,2
2020-06-11,San Bernardino,071,2135413,9176,6509,7,6516,221
2020-06-11,San Diego,073,3302833,10393,9000,0,9000,308
2020-06-11,San Francisco,075,870044,3045,2766,1,2767,44
2020-06-11,San Joaquin,077,732212,2076,1351,4,1355,43
2020-06-11,San Luis Obispo,079,281455,460,307,5,312,1
2020-06-11,San Mateo,081,765935,2746,2499,5,2504,74
2020-06-11,Santa Barbara,083,443738,2286,1895,19,1914,14
2020-06-11,Santa Clara,085,1922200,3989,3049,15,3064,149
2020-06-11,Santa Cruz,087,273765,280,247,0,247,2
2020-06-11,Shasta,089,179085,87,47,0,47,5
2020-06-11,Sierra,091,2930,1,1,0,1,0
2020-06-11,Siskiyou,093,43540,25,14,0,14,0
2020-06-11,Solano,095,438530,883,616,4,620,19
2020-06-11,Sonoma,097,501317,840,682,2,684,4
2020-06-11,Stanislaus,099,539301,1598,1062,6,1068,30
2020-06-11,Sutter,101,95872,92,56,0,56,2
2020-06-11,Tehama,103,63373,27,10,2,12,1
2020-06-11,Trinity,105,12862,11,2,3,5,0
2020-06-11,Tulare,107,460477,3535,2473,10,2483,95
2020-06-11,Tuolumne,109,53932,10,7,0,7,0
2020-06-11,Ventura,111,848112,2218,1491,13,1504,34
2020-06-11,Yolo,113,214977,306,230,0,230,24
2020-06-11,Yuba,115,75493,36,27,0,27,1
2020-06-10,Alameda,001,1643700,4680,4027,7,4034,107
2020-06-10,Alpine,003,1148,1,1,0,1,0
2020-06-10,Amador,005,37829,10,10,0,10,0
2020-06-10,Butte,007,227075,102,71,7,78,1
2020-06-10,Calaveras,009,45235,27,16,0,16,0
2020-06-10,Colusa,011,21464,11,7,0,7,0
2020-06-10,Contra Costa,013,1133247,2096,1778,2,1780,43
2020-06-10,Del Norte,015,27424,47,45,0,45,0
2020-06-10,El Dorado,017,186661,152,109,0,109,0
2020-06-10,Fresno,019,978130,4475,2324,57,2381,45
2020-06-10,Glenn,021,27897,39,21,0,21,0
2020-06-10,Humboldt,023,135768,118,112,0,112,3
2020-06-10,Imperial,025,180216,5481,3454,4,3458,36
2020-06-10,Inyo,027,18085,22,23,0,23,1
2020-06-10,Kern,029,883053,4002,3000,10,3010,54
2020-06-10,Kings,031,150075,1922,952,4,956,6
2020-06-10,Lake,033,64148,39,28,0,28,0
2020-06-10,Lassen,035,31185,15,5,2,7,0
2020-06-10,Los Angeles,037,10098052,76331,67018,20,67038,2752
2020-06-10,Madera,039,155013,431,176,1,177,3
2020-06-10,Marin,041,260295,757,633,2,635,17
2020-06-10,Mariposa,043,17540,17,16,0,16,1
2020-06-10,Mendocino,045,87422,39,35,0,35,0
2020-06-10,Merced,047,269075,592,370,1,371,7
2020-06-10,Modoc,049,8938,1,0,0,0,0
2020-06-10,Mono,051,14174,39,35,0,35,1
2020-06-10,Monterey,053,433212,1106,791,4,795,11
2020-06-10,Napa,055,140530,211,159,0,159,3
2020-06-10,Nevada,057,99092,65,50,1,51,1
2020-06-10,Orange,059,3164182,11455,8222,85,8307,184
2020-06-10,Placer,061,380077,451,309,3,312,9
2020-06-10,Plumas,063,18699,5,4,0,4,0
2020-06-10,Riverside,065,2383286,12895,9857,24,9881,361
2020-06-10,Sacramento,067,1510023,1886,1643,2,1645,59
2020-06-10,San Benito,069,59416,145,94,0,94,2
2020-06-10,San Bernardino,071,2135413,8883,6438,7,6445,219
2020-06-10,San Diego,073,3302833,10229,8839,0,8839,305
2020-06-10,San Francisco,075,870044,3020,2774,1,2775,44
2020-06-10,San Joaquin,077,732212,1947,1282,4,1286,41
2020-06-10,San Luis Obispo,079,281455,440,306,5,311,1
2020-06-10,San Mateo,081,765935,2706,2492,5,2497,74
2020-06-10,Santa Barbara,083,443738,2230,1878,19,1897,13
2020-06-10,Santa Clara,085,1922200,3938,3032,15,3047,149
2020-06-10,Santa Cruz,087,273765,276,242,0,242,2
2020-06-10,Shasta,089,179085,82,45,0,45,5
2020-06-10,Sierra,091,2930,1,1,0,1,0
2020-06-10,Siskiyou,093,43540,25,14,0,14,0
2020-06-10,Solano,095,438530,847,608,4,612,19
2020-06-10,Sonoma,097,501317,822,673,2,675,4
2020-06-10,Stanislaus,099,539301,1508,1030,6,1036,29
2020-06-10,Sutter,101,95872,91,56,0,56,2
2020-06-10,Tehama,103,63373,25,10,2,12,1
2020-06-10,Trinity,105,12862,11,2,3,5,0
2020-06-10,Tulare,107,460477,3442,2455,10,2465,95
2020-06-10,Tuolumne,109,53932,10,7,0,7,0
2020-06-10,Ventura,111,848112,2172,1446,12,1458,34
2020-06-10,Yolo,113,214977,298,226,0,226,24
2020-06-10,Yuba,115,75493,35,27,0,27,1
2020-06-09,Alameda,001,1643700,4570,3963,7,3970,103
2020-06-09,Alpine,003,1148,1,1,0,1,0
2020-06-09,Amador,005,37829,10,10,0,10,0
2020-06-09,Butte,007,227075,101,70,6,76,1
2020-06-09,Calaveras,009,45235,27,16,0,16,0
2020-06-09,Colusa,011,21464,10,7,0,7,0
2020-06-09,Contra Costa,013,1133247,2055,1744,2,1746,42
2020-06-09,Del Norte,015,27424,47,45,0,45,0
2020-06-09,El Dorado,017,186661,142,108,0,108,0
2020-06-09,Fresno,019,978130,4323,2278,57,2335,43
2020-06-09,Glenn,021,27897,38,19,0,19,0
2020-06-09,Humboldt,023,135768,116,113,0,113,2
2020-06-09,Imperial,025,180216,5329,3067,4,3071,36
2020-06-09,Inyo,027,18085,22,22,0,22,1
2020-06-09,Kern,029,883053,3874,2920,10,2930,51
2020-06-09,Kings,031,150075,1890,934,4,938,6
2020-06-09,Lake,033,64148,39,28,0,28,0
2020-06-09,Lassen,035,31185,15,5,2,7,0
2020-06-09,Los Angeles,037,10098052,74673,65827,20,65847,2692
2020-06-09,Madera,039,155013,416,172,1,173,3
2020-06-09,Marin,041,260295,721,616,2,618,17
2020-06-09,Mariposa,043,17540,17,16,0,16,1
2020-06-09,Mendocino,045,87422,35,35,0,35,0
2020-06-09,Merced,047,269075,563,349,1,350,7
2020-06-09,Modoc,049,8938,1,0,0,0,0
2020-06-09,Mono,051,14174,39,35,0,35,1
2020-06-09,Monterey,053,433212,1065,772,4,776,11
2020-06-09,Napa,055,140530,201,156,0,156,3
2020-06-09,Nevada,057,99092,57,50,1,51,1
2020-06-09,Orange,059,3164182,11214,7991,83,8074,174
2020-06-09,Placer,061,380077,438,301,3,304,9
2020-06-09,Plumas,063,18699,5,4,0,4,0
2020-06-09,Riverside,065,2383286,12517,9511,24,9535,354
2020-06-09,Sacramento,067,1510023,1832,1625,2,1627,59
2020-06-09,San Benito,069,59416,139,95,0,95,2
2020-06-09,San Bernardino,071,2135413,8559,6268,6,6274,217
2020-06-09,San Diego,073,3302833,10044,8731,0,8731,301
2020-06-09,San Francisco,075,870044,2995,2749,1,2750,44
2020-06-09,San Joaquin,077,732212,1841,1240,4,1244,41
2020-06-09,San Luis Obispo,079,281455,427,301,4,305,1
2020-06-09,San Mateo,081,765935,2675,2463,5,2468,74
2020-06-09,Santa Barbara,083,443738,2174,1854,19,1873,13
2020-06-09,Santa Clara,085,1922200,3870,3006,14,3020,147
2020-06-09,Santa Cruz,087,273765,270,237,0,237,2
2020-06-09,Shasta,089,179085,78,44,0,44,4
2020-06-09,Sierra,091,2930,1,1,0,1,0
2020-06-09,Siskiyou,093,43540,20,10,0,10,0
2020-06-09,Solano,095,438530,812,596,4,600,18
2020-06-09,Sonoma,097,501317,799,661,2,663,4
2020-06-09,Stanislaus,099,539301,1407,993,6,999,25
2020-06-09,Sutter,101,95872,88,56,0,56,2
2020-06-09,Tehama,103,63373,25,9,2,11,1
2020-06-09,Trinity,105,12862,10,2,3,5,0
2020-06-09,Tulare,107,460477,3376,2393,10,2403,91
2020-06-09,Tuolumne,109,53932,10,8,0,8,0
2020-06-09,Ventura,111,848112,2106,1407,12,1419,34
2020-06-09,Yolo,113,214977,287,226,0,226,24
2020-06-09,Yuba,115,75493,34,27,0,27,1
2020-06-08,Alameda,001,1643700,4489,3937,7,3944,103
2020-06-08,Alpine,003,1148,1,1,0,1,0
2020-06-08,Amador,005,37829,10,10,0,10,0
2020-06-08,Butte,007,227075,97,68,6,74,1
2020-06-08,Calaveras,009,45235,27,16,0,16,0
2020-06-08,Colusa,011,21464,9,7,0,7,0
2020-06-08,Contra Costa,013,1133247,2012,1714,2,1716,41
2020-06-08,Del Norte,015,27424,47,45,0,45,0
2020-06-08,El Dorado,017,186661,138,107,0,107,0
2020-06-08,Fresno,019,978130,4199,2194,56,2250,42
2020-06-08,Glenn,021,27897,36,17,0,17,0
2020-06-08,Humboldt,023,135768,116,112,0,112,2
2020-06-08,Imperial,025,180216,5177,3051,4,3055,21
2020-06-08,Inyo,027,18085,22,22,0,22,1
2020-06-08,Kern,029,883053,3743,2853,9,2862,49
2020-06-08,Kings,031,150075,1814,892,4,896,6
2020-06-08,Lake,033,64148,39,28,0,28,0
2020-06-08,Lassen,035,31185,15,4,2,6,0
2020-06-08,Los Angeles,037,10098052,73213,64634,20,64654,2640
2020-06-08,Madera,039,155013,386,154,1,155,3
2020-06-08,Marin,041,260295,680,596,2,598,17
2020-06-08,Mariposa,043,17540,16,16,0,16,1
2020-06-08,Mendocino,045,87422,33,32,0,32,0
2020-06-08,Merced,047,269075,529,331,1,332,7
2020-06-08,Modoc,049,8938,1,0,0,0,0
2020-06-08,Mono,051,14174,39,35,0,35,1
2020-06-08,Monterey,053,433212,1014,751,3,754,10
2020-06-08,Napa,055,140530,185,151,0,151,3
2020-06-08,Nevada,057,99092,56,50,1,51,1
2020-06-08,Orange,059,3164182,10963,7786,81,7867,160
2020-06-08,Placer,061,380077,421,290,3,293,9
2020-06-08,Plumas,063,18699,5,4,0,4,0
2020-06-08,Riverside,065,2383286,12148,9246,24,9270,347
2020-06-08,Sacramento,067,1510023,1782,1591,2,1593,59
2020-06-08,San Benito,069,59416,132,93,0,93,2
2020-06-08,San Bernardino,071,2135413,8240,6122,6,6128,214
2020-06-08,San Diego,073,3302833,9887,8621,0,8621,296
2020-06-08,San Francisco,075,870044,2968,2715,1,2716,43
2020-06-08,San Joaquin,077,732212,1734,1198,4,1202,40
2020-06-08,San Luis Obispo,079,281455,421,300,4,304,1
2020-06-08,San Mateo,081,765935,2644,2431,4,2435,74
2020-06-08,Santa Barbara,083,443738,2119,1824,17,1841,13
2020-06-08,Santa Clara,085,1922200,3824,2971,14,2985,146
2020-06-08,Santa Cruz,087,273765,269,234,0,234,2
2020-06-08,Shasta,089,179085,74,43,0,43,4
2020-06-08,Sierra,091,2930,1,1,0,1,0
2020-06-08,Siskiyou,093,43540,20,8,0,8,0
2020-06-08,Solano,095,438530,785,560,4,564,19
2020-06-08,Sonoma,097,501317,783,654,2,656,4
2020-06-08,Stanislaus,099,539301,1325,956,6,962,28
2020-06-08,Sutter,101,95872,81,55,0,55,2
2020-06-08,Tehama,103,63373,19,8,2,10,1
2020-06-08,Trinity,105,12862,10,2,3,5,0
2020-06-08,Tulare,107,460477,3293,2301,10,2311,91
2020-06-08,Tuolumne,109,53932,9,8,0,8,0
2020-06-08,Ventura,111,848112,2048,1382,12,1394,30
2020-06-08,Yolo,113,214977,276,228,0,228,24
2020-06-08,Yuba,115,75493,32,27,0,27,1
2020-06-07,Alameda,001,1643700,4376,3866,7,3873,102
2020-06-07,Alpine,003,1148,1,1,0,1,0
2020-06-07,Amador,005,37829,10,10,0,10,0
2020-06-07,Butte,007,227075,95,64,5,69,1
2020-06-07,Calaveras,009,45235,25,16,0,16,0
2020-06-07,Colusa,011,21464,9,7,0,7,0
2020-06-07,Contra Costa,013,1133247,1961,1653,1,1654,38
2020-06-07,Del Norte,015,27424,45,45,0,45,0
2020-06-07,El Dorado,017,186661,138,104,0,104,0
2020-06-07,Fresno,019,978130,4069,2144,56,2200,41
2020-06-07,Glenn,021,27897,29,16,0,16,0
2020-06-07,Humboldt,023,135768,116,112,0,112,2
2020-06-07,Imperial,025,180216,5026,3048,4,3052,19
2020-06-07,Inyo,027,18085,22,21,0,21,1
2020-06-07,Kern,029,883053,3612,2771,9,2780,46
2020-06-07,Kings,031,150075,1765,882,4,886,6
2020-06-07,Lake,033,64148,36,28,0,28,0
2020-06-07,Lassen,035,31185,14,4,2,6,0
2020-06-07,Los Angeles,037,10098052,71510,63750,20,63770,2629
2020-06-07,Madera,039,155013,369,149,1,150,3
2020-06-07,Marin,041,260295,666,584,2,586,17
2020-06-07,Mariposa,043,17540,16,16,0,16,1
2020-06-07,Mendocino,045,87422,33,32,0,32,0
2020-06-07,Merced,047,269075,496,318,1,319,7
2020-06-07,Modoc,049,8938,1,0,0,0,0
2020-06-07,Mono,051,14174,39,35,0,35,1
2020-06-07,Monterey,053,433212,968,732,3,735,10
2020-06-07,Napa,055,140530,177,142,0,142,3
2020-06-07,Nevada,057,99092,55,50,1,51,1
2020-06-07,Orange,059,3164182,10706,7643,79,7722,158
2020-06-07,Placer,061,380077,400,273,2,275,9
2020-06-07,Plumas,063,18699,5,4,0,4,0
2020-06-07,Riverside,065,2383286,11852,9105,24,9129,344
2020-06-07,Sacramento,067,1510023,1734,1568,2,1570,59
2020-06-07,San Benito,069,59416,129,92,0,92,2
2020-06-07,San Bernardino,071,2135413,7954,6033,6,6039,214
2020-06-07,San Diego,073,3302833,9708,8478,0,8478,296
2020-06-07,San Francisco,075,870044,2924,2674,0,2674,43
2020-06-07,San Joaquin,077,732212,1633,1126,4,1130,37
2020-06-07,San Luis Obispo,079,281455,411,296,4,300,1
2020-06-07,San Mateo,081,765935,2617,2399,4,2403,73
2020-06-07,Santa Barbara,083,443738,2064,1818,17,1835,13
2020-06-07,Santa Clara,085,1922200,3772,2947,14,2961,146
2020-06-07,Santa Cruz,087,273765,261,230,0,230,2
2020-06-07,Shasta,089,179085,73,41,0,41,4
2020-06-07,Sierra,091,2930,1,1,0,1,0
2020-06-07,Siskiyou,093,43540,20,8,0,8,0
2020-06-07,Solano,095,438530,762,560,4,564,19
2020-06-07,Sonoma,097,501317,752,639,2,641,4
2020-06-07,Stanislaus,099,539301,1245,905,5,910,28
2020-06-07,Sutter,101,95872,73,55,0,55,2
2020-06-07,Tehama,103,63373,16,8,2,10,1
2020-06-07,Trinity,105,12862,8,2,3,5,0
2020-06-07,Tulare,107,460477,3171,2219,10,2229,90
2020-06-07,Tuolumne,109,53932,9,4,0,4,0
2020-06-07,Ventura,111,848112,1982,1337,12,1349,30
2020-06-07,Yolo,113,214977,266,224,0,224,24
2020-06-07,Yuba,115,75493,32,27,0,27,1
2020-06-06,Alameda,001,1643700,4331,3801,7,3808,102
2020-06-06,Alpine,003,1148,1,1,0,1,0
2020-06-06,Amador,005,37829,10,10,0,10,0
2020-06-06,Butte,007,227075,94,63,5,68,1
2020-06-06,Calaveras,009,45235,23,16,0,16,0
2020-06-06,Colusa,011,21464,9,7,0,7,0
2020-06-06,Contra Costa,013,1133247,1940,1619,1,1620,37
2020-06-06,Del Norte,015,27424,45,45,0,45,0
2020-06-06,El Dorado,017,186661,133,104,0,104,0
2020-06-06,Fresno,019,978130,4014,2117,56,2173,41
2020-06-06,Glenn,021,27897,27,16,0,16,0
2020-06-06,Humboldt,023,135768,116,112,0,112,2
2020-06-06,Imperial,025,180216,4950,3047,4,3051,19
2020-06-06,Inyo,027,18085,22,21,0,21,1
2020-06-06,Kern,029,883053,3541,2695,9,2704,46
2020-06-06,Kings,031,150075,1746,882,4,886,6
2020-06-06,Lake,033,64148,36,28,0,28,0
2020-06-06,Lassen,035,31185,14,4,2,6,0
2020-06-06,Los Angeles,037,10098052,70762,62269,20,62289,2607
2020-06-06,Madera,039,155013,360,149,1,150,3
2020-06-06,Marin,041,260295,661,556,2,558,17
2020-06-06,Mariposa,043,17540,16,16,0,16,1
2020-06-06,Mendocino,045,87422,33,32,0,32,0
2020-06-06,Merced,047,269075,495,315,1,316,7
2020-06-06,Modoc,049,8938,1,0,0,0,0
2020-06-06,Mono,051,14174,39,35,0,35,1
2020-06-06,Monterey,053,433212,944,679,3,682,10
2020-06-06,Napa,055,140530,171,136,0,136,3
2020-06-06,Nevada,057,99092,54,50,1,51,1
2020-06-06,Orange,059,3164182,10547,7576,78,7654,157
2020-06-06,Placer,061,380077,388,270,2,272,9
2020-06-06,Plumas,063,18699,5,4,0,4,0
2020-06-06,Riverside,065,2383286,11674,8935,24,8959,345
2020-06-06,Sacramento,067,1510023,1711,1533,2,1535,59
2020-06-06,San Benito,069,59416,119,92,0,92,2
2020-06-06,San Bernardino,071,2135413,7806,5946,6,5952,214
2020-06-06,San Diego,073,3302833,9587,8347,0,8347,296
2020-06-06,San Francisco,075,870044,2909,2674,0,2674,43
2020-06-06,San Joaquin,077,732212,1593,1076,4,1080,37
2020-06-06,San Luis Obispo,079,281455,405,295,4,299,1
2020-06-06,San Mateo,081,765935,2602,2342,4,2346,72
2020-06-06,Santa Barbara,083,443738,2025,1815,17,1832,13
2020-06-06,Santa Clara,085,1922200,3731,2934,14,2948,144
2020-06-06,Santa Cruz,087,273765,259,226,0,226,2
2020-06-06,Shasta,089,179085,73,40,0,40,4
2020-06-06,Sierra,091,2930,1,1,0,1,0
2020-06-06,Siskiyou,093,43540,18,8,0,8,0
2020-06-06,Solano,095,438530,747,560,4,564,19
2020-06-06,Sonoma,097,501317,740,622,2,624,4
2020-06-06,Stanislaus,099,539301,1211,858,5,863,27
2020-06-06,Sutter,101,95872,73,51,0,51,2
2020-06-06,Tehama,103,63373,15,8,2,10,1
2020-06-06,Trinity,105,12862,8,2,2,4,0
2020-06-06,Tulare,107,460477,3138,2213,10,2223,90
2020-06-06,Tuolumne,109,53932,9,4,0,4,0
2020-06-06,Ventura,111,848112,1958,1303,12,1315,30
2020-06-06,Yolo,113,214977,264,223,0,223,24
2020-06-06,Yuba,115,75493,32,27,0,27,1
2020-06-05,Alameda,001,1643700,4280,3734,7,3741,102
2020-06-05,Alpine,003,1148,1,1,0,1,0
2020-06-05,Amador,005,37829,10,10,0,10,0
2020-06-05,Butte,007,227075,91,61,5,66,1
2020-06-05,Calaveras,009,45235,22,16,0,16,0
2020-06-05,Colusa,011,21464,9,7,0,7,0
2020-06-05,Contra Costa,013,1133247,1925,1575,1,1576,37
2020-06-05,Del Norte,015,27424,45,45,0,45,0
2020-06-05,El Dorado,017,186661,131,101,0,101,0
2020-06-05,Fresno,019,978130,3950,2051,55,2106,38
2020-06-05,Glenn,021,27897,25,16,0,16,0
2020-06-05,Humboldt,023,135768,115,111,0,111,2
2020-06-05,Imperial,025,180216,4844,2778,4,2782,19
2020-06-05,Inyo,027,18085,22,21,0,21,1
2020-06-05,Kern,029,883053,3452,2624,9,2633,46
2020-06-05,Kings,031,150075,1731,865,4,869,6
2020-06-05,Lake,033,64148,35,28,0,28,0
2020-06-05,Lassen,035,31185,13,4,2,6,0
2020-06-05,Los Angeles,037,10098052,69615,60955,20,60975,2553
2020-06-05,Madera,039,155013,338,144,1,145,3
2020-06-05,Marin,041,260295,652,546,2,548,17
2020-06-05,Mariposa,043,17540,16,16,0,16,1
2020-06-05,Mendocino,045,87422,33,32,0,32,0
2020-06-05,Merced,047,269075,493,309,1,310,7
2020-06-05,Modoc,049,8938,1,0,0,0,0
2020-06-05,Mono,051,14174,39,35,0,35,1
2020-06-05,Monterey,053,433212,912,649,3,652,10
2020-06-05,Napa,055,140530,168,123,0,123,3
2020-06-05,Nevada,057,99092,54,50,1,51,1
2020-06-05,Orange,059,3164182,10351,7391,76,7467,153
2020-06-05,Placer,061,380077,378,265,2,267,9
2020-06-05,Plumas,063,18699,5,4,0,4,0
2020-06-05,Riverside,065,2383286,11415,8700,24,8724,345
2020-06-05,Sacramento,067,1510023,1689,1514,2,1516,59
2020-06-05,San Benito,069,59416,117,92,0,92,2
2020-06-05,San Bernardino,071,2135413,7624,5869,5,5874,212
2020-06-05,San Diego,073,3302833,9472,8182,0,8182,294
2020-06-05,San Francisco,075,870044,2891,2675,0,2675,43
2020-06-05,San Joaquin,077,732212,1514,1046,4,1050,36
2020-06-05,San Luis Obispo,079,281455,398,293,4,297,1
2020-06-05,San Mateo,081,765935,2577,2331,4,2335,72
2020-06-05,Santa Barbara,083,443738,1994,1795,17,1812,13
2020-06-05,Santa Clara,085,1922200,3696,2902,14,2916,144
2020-06-05,Santa Cruz,087,273765,256,222,0,222,2
2020-06-05,Shasta,089,179085,72,40,0,40,4
2020-06-05,Sierra,091,2930,1,1,0,1,0
2020-06-05,Siskiyou,093,43540,16,8,0,8,0
2020-06-05,Solano,095,438530,740,558,4,562,19
2020-06-05,Sonoma,097,501317,719,618,2,620,4
2020-06-05,Stanislaus,099,539301,1178,842,5,847,27
2020-06-05,Sutter,101,95872,73,49,0,49,2
2020-06-05,Tehama,103,63373,15,7,2,9,1
2020-06-05,Trinity,105,12862,8,1,2,3,0
2020-06-05,Tulare,107,460477,3089,2180,10,2190,90
2020-06-05,Tuolumne,109,53932,9,4,0,4,0
2020-06-05,Ventura,111,848112,1925,1274,12,1286,30
2020-06-05,Yolo,113,214977,263,216,0,216,24
2020-06-05,Yuba,115,75493,32,27,0,27,1
2020-06-04,Alameda,001,1643700,4181,3643,7,3650,99
2020-06-04,Alpine,003,1148,1,1,0,1,0
2020-06-04,Amador,005,37829,10,10,0,10,0
2020-06-04,Butte,007,227075,87,57,4,61,1
2020-06-04,Calaveras,009,45235,22,15,0,15,0
2020-06-04,Colusa,011,21464,9,7,0,7,0
2020-06-04,Contra Costa,013,1133247,1867,1551,1,1552,37
2020-06-04,Del Norte,015,27424,45,45,0,45,0
2020-06-04,El Dorado,017,186661,129,101,0,101,0
2020-06-04,Fresno,019,978130,3844,2007,54,2061,35
2020-06-04,Glenn,021,27897,22,16,0,16,0
2020-06-04,Humboldt,023,135768,115,109,0,109,2
2020-06-04,Imperial,025,180216,4662,2631,4,2635,19
2020-06-04,Inyo,027,18085,22,20,0,20,1
2020-06-04,Kern,029,883053,3336,2530,9,2539,46
2020-06-04,Kings,031,150075,1661,842,4,846,6
2020-06-04,Lake,033,64148,34,27,0,27,0
2020-06-04,Lassen,035,31185,11,4,2,6,0
2020-06-04,Los Angeles,037,10098052,68149,59596,20,59616,2515
2020-06-04,Madera,039,155013,330,127,1,128,3
2020-06-04,Marin,041,260295,630,533,2,535,14
2020-06-04,Mariposa,043,17540,16,16,0,16,1
2020-06-04,Mendocino,045,87422,33,29,0,29,0
2020-06-04,Merced,047,269075,473,304,1,305,7
2020-06-04,Modoc,049,8938,1,0,0,0,0
2020-06-04,Mono,051,14174,39,35,0,35,1
2020-06-04,Monterey,053,433212,877,621,2,623,10
2020-06-04,Napa,055,140530,164,117,0,117,3
2020-06-04,Nevada,057,99092,53,49,1,50,1
2020-06-04,Orange,059,3164182,10098,7192,75,7267,148
2020-06-04,Placer,061,380077,362,256,2,258,9
2020-06-04,Plumas,063,18699,4,4,0,4,0
2020-06-04,Riverside,065,2383286,11137,8473,24,8497,341
2020-06-04,Sacramento,067,1510023,1662,1492,2,1494,58
2020-06-04,San Benito,069,59416,115,88,0,88,2
2020-06-04,San Bernardino,071,2135413,7356,5726,5,5731,207
2020-06-04,San Diego,073,3302833,9309,7942,0,7942,288
2020-06-04,San Francisco,075,870044,2858,2636,0,2636,43
2020-06-04,San Joaquin,077,732212,1452,1016,4,1020,36
2020-06-04,San Luis Obispo,079,281455,387,288,4,292,1
2020-06-04,San Mateo,081,765935,2550,2284,4,2288,72
2020-06-04,Santa Barbara,083,443738,1963,1750,16,1766,13
2020-06-04,Santa Clara,085,1922200,3662,2871,14,2885,144
2020-06-04,Santa Cruz,087,273765,250,218,0,218,2
2020-06-04,Shasta,089,179085,66,40,0,40,4
2020-06-04,Sierra,091,2930,1,1,0,1,0
2020-06-04,Siskiyou,093,43540,15,8,0,8,0
2020-06-04,Solano,095,438530,723,551,4,555,19
2020-06-04,Sonoma,097,501317,700,591,1,592,4
2020-06-04,Stanislaus,099,539301,1102,806,5,811,28
2020-06-04,Sutter,101,95872,68,46,0,46,2
2020-06-04,Tehama,103,63373,14,6,1,7,1
2020-06-04,Trinity,105,12862,8,1,2,3,0
2020-06-04,Tulare,107,460477,2972,2086,10,2096,90
2020-06-04,Tuolumne,109,53932,8,4,0,4,0
2020-06-04,Ventura,111,848112,1881,1236,11,1247,30
2020-06-04,Yolo,113,214977,258,216,0,216,24
2020-06-04,Yuba,115,75493,31,27,0,27,1
2020-06-03,Alameda,001,1643700,4122,3589,6,3595,99
2020-06-03,Alpine,003,1148,1,1,0,1,0
2020-06-03,Amador,005,37829,10,10,0,10,0
2020-06-03,Butte,007,227075,85,53,4,57,1
2020-06-03,Calaveras,009,45235,21,15,0,15,0
2020-06-03,Colusa,011,21464,9,7,0,7,0
2020-06-03,Contra Costa,013,1133247,1819,1511,1,1512,37
2020-06-03,Del Norte,015,27424,45,39,0,39,0
2020-06-03,El Dorado,017,186661,126,90,0,90,0
2020-06-03,Fresno,019,978130,3745,1943,54,1997,35
2020-06-03,Glenn,021,27897,22,16,0,16,0
2020-06-03,Humboldt,023,135768,115,103,0,103,2
2020-06-03,Imperial,025,180216,4489,2540,4,2544,19
2020-06-03,Inyo,027,18085,22,20,0,20,1
2020-06-03,Kern,029,883053,3240,2452,8,2460,44
2020-06-03,Kings,031,150075,1596,744,4,748,6
2020-06-03,Lake,033,64148,32,26,0,26,0
2020-06-03,Lassen,035,31185,11,4,2,6,0
2020-06-03,Los Angeles,037,10098052,66541,58166,20,58186,2472
2020-06-03,Madera,039,155013,322,117,1,118,3
2020-06-03,Marin,041,260295,612,527,2,529,14
2020-06-03,Mariposa,043,17540,16,16,0,16,1
2020-06-03,Mendocino,045,87422,32,29,0,29,0
2020-06-03,Merced,047,269075,459,299,1,300,7
2020-06-03,Modoc,049,8938,1,0,0,0,0
2020-06-03,Mono,051,14174,39,35,0,35,1
2020-06-03,Monterey,053,433212,849,592,2,594,10
2020-06-03,Napa,055,140530,163,116,0,116,3
2020-06-03,Nevada,057,99092,52,43,1,44,1
2020-06-03,Orange,059,3164182,9872,6939,73,7012,145
2020-06-03,Placer,061,380077,342,243,2,245,9
2020-06-03,Plumas,063,18699,4,4,0,4,0
2020-06-03,Riverside,065,2383286,10862,8208,24,8232,335
2020-06-03,Sacramento,067,1510023,1632,1457,2,1459,58
2020-06-03,San Benito,069,59416,109,88,0,88,2
2020-06-03,San Bernardino,071,2135413,7133,5565,5,5570,203
2020-06-03,San Diego,073,3302833,9161,7800,0,7800,283
2020-06-03,San Francisco,075,870044,2827,2608,0,2608,43
2020-06-03,San Joaquin,077,732212,1388,1004,4,1008,35
2020-06-03,San Luis Obispo,079,281455,382,279,4,283,1
2020-06-03,San Mateo,081,765935,2522,2243,4,2247,71
2020-06-03,Santa Barbara,083,443738,1929,1722,15,1737,12
2020-06-03,Santa Clara,085,1922200,3620,2836,14,2850,144
2020-06-03,Santa Cruz,087,273765,244,217,0,217,2
2020-06-03,Shasta,089,179085,63,40,0,40,4
2020-06-03,Sierra,091,2930,1,1,0,1,0
2020-06-03,Siskiyou,093,43540,14,8,0,8,0
2020-06-03,Solano,095,438530,698,543,2,545,18
2020-06-03,Sonoma,097,501317,688,578,1,579,4
2020-06-03,Stanislaus,099,539301,1062,780,5,785,27
2020-06-03,Sutter,101,95872,60,45,0,45,2
2020-06-03,Tehama,103,63373,14,6,1,7,1
2020-06-03,Trinity,105,12862,8,1,2,3,0
2020-06-03,Tulare,107,460477,2903,2041,10,2051,88
2020-06-03,Tuolumne,109,53932,6,4,0,4,0
2020-06-03,Ventura,111,848112,1814,1202,11,1213,30
2020-06-03,Yolo,113,214977,254,213,0,213,24
2020-06-03,Yuba,115,75493,31,27,0,27,1
2020-06-02,Alameda,001,1643700,4046,3517,6,3523,99
2020-06-02,Alpine,003,1148,1,1,0,1,0
2020-06-02,Amador,005,37829,10,10,0,10,0
2020-06-02,Butte,007,227075,81,51,3,54,1
2020-06-02,Calaveras,009,45235,21,15,0,15,0
2020-06-02,Colusa,011,21464,9,7,0,7,0
2020-06-02,Contra Costa,013,1133247,1787,1505,1,1506,37
2020-06-02,Del Norte,015,27424,45,39,0,39,0
2020-06-02,El Dorado,017,186661,125,88,0,88,0
2020-06-02,Fresno,019,978130,3632,1917,54,1971,34
2020-06-02,Glenn,021,27897,21,16,0,16,0
2020-06-02,Humboldt,023,135768,115,101,0,101,2
2020-06-02,Imperial,025,180216,4296,2459,4,2463,19
2020-06-02,Inyo,027,18085,20,20,0,20,1
2020-06-02,Kern,029,883053,3141,2406,6,2412,41
2020-06-02,Kings,031,150075,1568,720,4,724,5
2020-06-02,Lake,033,64148,32,25,0,25,0
2020-06-02,Lassen,035,31185,10,4,2,6,0
2020-06-02,Los Angeles,037,10098052,65139,57144,20,57164,2430
2020-06-02,Madera,039,155013,301,110,1,111,2
2020-06-02,Marin,041,260295,585,509,2,511,14
2020-06-02,Mariposa,043,17540,16,16,0,16,1
2020-06-02,Mendocino,045,87422,32,29,0,29,0
2020-06-02,Merced,047,269075,443,297,1,298,6
2020-06-02,Modoc,049,8938,1,0,0,0,0
2020-06-02,Mono,051,14174,39,35,0,35,1
2020-06-02,Monterey,053,433212,819,582,2,584,10
2020-06-02,Napa,055,140530,154,116,0,116,3
2020-06-02,Nevada,057,99092,51,41,1,42,1
2020-06-02,Orange,059,3164182,9671,6790,72,6862,142
2020-06-02,Placer,061,380077,328,226,2,228,9
2020-06-02,Plumas,063,18699,4,4,0,4,0
2020-06-02,Riverside,065,2383286,10566,8091,22,8113,330
2020-06-02,Sacramento,067,1510023,1603,1428,2,1430,58
2020-06-02,San Benito,069,59416,108,86,0,86,2
2020-06-02,San Bernardino,071,2135413,6926,5438,5,5443,202
2020-06-02,San Diego,073,3302833,9015,7676,0,7676,276
2020-06-02,San Francisco,075,870044,2792,2554,0,2554,43
2020-06-02,San Joaquin,077,732212,1322,985,4,989,35
2020-06-02,San Luis Obispo,079,281455,377,275,4,279,1
2020-06-02,San Mateo,081,765935,2487,2203,4,2207,71
2020-06-02,Santa Barbara,083,443738,1889,1703,15,1718,12
2020-06-02,Santa Clara,085,1922200,3570,2819,14,2833,144
2020-06-02,Santa Cruz,087,273765,239,215,0,215,2
2020-06-02,Shasta,089,179085,62,38,0,38,4
2020-06-02,Sierra,091,2930,1,1,0,1,0
2020-06-02,Siskiyou,093,43540,13,8,0,8,0
2020-06-02,Solano,095,438530,683,537,1,538,18
2020-06-02,Sonoma,097,501317,677,571,1,572,4
2020-06-02,Stanislaus,099,539301,1003,772,5,777,27
2020-06-02,Sutter,101,95872,57,43,0,43,2
2020-06-02,Tehama,103,63373,14,6,1,7,1
2020-06-02,Trinity,105,12862,8,1,2,3,0
2020-06-02,Tulare,107,460477,2823,2012,10,2022,86
2020-06-02,Tuolumne,109,53932,6,4,0,4,0
2020-06-02,Ventura,111,848112,1761,1178,11,1189,30
2020-06-02,Yolo,113,214977,252,213,0,213,24
2020-06-02,Yuba,115,75493,31,27,0,27,1
2020-06-01,Alameda,001,1643700,3980,3460,6,3466,98
2020-06-01,Alpine,003,1148,1,1,0,1,0
2020-06-01,Amador,005,37829,10,10,0,10,0
2020-06-01,Butte,007,227075,80,50,2,52,1
2020-06-01,Calaveras,009,45235,21,15,0,15,0
2020-06-01,Colusa,011,21464,9,7,0,7,0
2020-06-01,Contra Costa,013,1133247,1751,1486,1,1487,37
2020-06-01,Del Norte,015,27424,45,38,0,38,0
2020-06-01,El Dorado,017,186661,123,88,0,88,0
2020-06-01,Fresno,019,978130,3537,1854,52,1906,33
2020-06-01,Glenn,021,27897,21,16,0,16,0
2020-06-01,Humboldt,023,135768,115,98,0,98,2
2020-06-01,Imperial,025,180216,4074,2366,4,2370,14
2020-06-01,Inyo,027,18085,20,20,0,20,1
2020-06-01,Kern,029,883053,3058,2366,6,2372,38
2020-06-01,Kings,031,150075,1300,703,4,707,4
2020-06-01,Lake,033,64148,32,22,0,22,0
2020-06-01,Lassen,035,31185,10,4,2,6,0
2020-06-01,Los Angeles,037,10098052,63674,55899,20,55919,2367
2020-06-01,Madera,039,155013,289,103,1,104,2
2020-06-01,Marin,041,260295,544,495,2,497,14
2020-06-01,Mariposa,043,17540,16,16,0,16,1
2020-06-01,Mendocino,045,87422,32,28,0,28,0
2020-06-01,Merced,047,269075,424,289,1,290,6
2020-06-01,Modoc,049,8938,1,0,0,0,0
2020-06-01,Mono,051,14174,39,35,0,35,1
2020-06-01,Monterey,053,433212,795,554,2,556,10
2020-06-01,Napa,055,140530,151,114,0,114,3
2020-06-01,Nevada,057,99092,51,41,1,42,1
2020-06-01,Orange,059,3164182,9474,6640,71,6711,135
2020-06-01,Placer,061,380077,316,218,2,220,9
2020-06-01,Plumas,063,18699,4,4,0,4,0
2020-06-01,Riverside,065,2383286,10114,7921,21,7942,322
2020-06-01,Sacramento,067,1510023,1564,1415,2,1417,58
2020-06-01,San Benito,069,59416,105,86,0,86,2
2020-06-01,San Bernardino,071,2135413,6720,5310,5,5315,202
2020-06-01,San Diego,073,3302833,8835,7556,0,7556,269
2020-06-01,San Francisco,075,870044,2755,2546,0,2546,43
2020-06-01,San Joaquin,077,732212,1257,957,4,961,35
2020-06-01,San Luis Obispo,079,281455,373,275,4,279,1
2020-06-01,San Mateo,081,765935,2457,2190,4,2194,71
2020-06-01,Santa Barbara,083,443738,1855,1671,14,1685,10
2020-06-01,Santa Clara,085,1922200,3532,2797,13,2810,142
2020-06-01,Santa Cruz,087,273765,235,215,0,215,2
2020-06-01,Shasta,089,179085,62,38,0,38,4
2020-06-01,Sierra,091,2930,1,1,0,1,0
2020-06-01,Siskiyou,093,43540,13,7,0,7,0
2020-06-01,Solano,095,438530,659,529,1,530,17
2020-06-01,Sonoma,097,501317,661,565,1,566,4
2020-06-01,Stanislaus,099,539301,966,758,5,763,27
2020-06-01,Sutter,101,95872,52,43,0,43,2
2020-06-01,Tehama,103,63373,11,5,1,6,1
2020-06-01,Trinity,105,12862,7,1,2,3,0
2020-06-01,Tulare,107,460477,2708,1976,10,1986,84
2020-06-01,Tuolumne,109,53932,5,4,0,4,0
2020-06-01,Ventura,111,848112,1708,1163,11,1174,29
2020-06-01,Yolo,113,214977,249,212,0,212,24
2020-06-01,Yuba,115,75493,30,26,0,26,1
2020-05-31,Alameda,001,1643700,3875,3362,6,3368,98
2020-05-31,Alpine,003,1148,1,1,0,1,0
2020-05-31,Amador,005,37829,10,10,0,10,0
2020-05-31,Butte,007,227075,78,51,2,53,0
2020-05-31,Calaveras,009,45235,18,15,0,15,0
2020-05-31,Colusa,011,21464,9,5,0,5,0
2020-05-31,Contra Costa,013,1133247,1717,1458,1,1459,37
2020-05-31,Del Norte,015,27424,45,37,0,37,0
2020-05-31,El Dorado,017,186661,119,88,0,88,0
2020-05-31,Fresno,019,978130,3372,1780,46,1826,31
2020-05-31,Glenn,021,27897,20,16,0,16,0
2020-05-31,Humboldt,023,135768,113,98,0,98,2
2020-05-31,Imperial,025,180216,3807,2197,4,2201,14
2020-05-31,Inyo,027,18085,20,20,0,20,1
2020-05-31,Kern,029,883053,2923,2300,6,2306,38
2020-05-31,Kings,031,150075,1263,703,4,707,3
2020-05-31,Lake,033,64148,32,19,0,19,0
2020-05-31,Lassen,035,31185,10,4,2,6,0
2020-05-31,Los Angeles,037,10098052,62383,54925,20,54945,2344
2020-05-31,Madera,039,155013,271,101,1,102,2
2020-05-31,Marin,041,260295,534,486,2,488,14
2020-05-31,Mariposa,043,17540,16,16,0,16,1
2020-05-31,Mendocino,045,87422,32,24,0,24,0
2020-05-31,Merced,047,269075,397,288,0,288,6
2020-05-31,Modoc,049,8938,0,0,0,0,0
2020-05-31,Mono,051,14174,39,34,0,34,1
2020-05-31,Monterey,053,433212,721,545,2,547,10
2020-05-31,Napa,055,140530,149,114,0,114,3
2020-05-31,Nevada,057,99092,50,41,1,42,1
2020-05-31,Orange,059,3164182,9264,6532,70,6602,135
2020-05-31,Placer,061,380077,294,215,2,217,9
2020-05-31,Plumas,063,18699,4,4,0,4,0
2020-05-31,Riverside,065,2383286,9858,7704,21,7725,321
2020-05-31,Sacramento,067,1510023,1533,1398,2,1400,57
2020-05-31,San Benito,069,59416,99,85,0,85,2
2020-05-31,San Bernardino,071,2135413,6452,5185,5,5190,198
2020-05-31,San Diego,073,3302833,8641,7483,0,7483,269
2020-05-31,San Francisco,075,870044,2719,2501,0,2501,43
2020-05-31,San Joaquin,077,732212,1192,888,4,892,34
2020-05-31,San Luis Obispo,079,281455,363,271,4,275,1
2020-05-31,San Mateo,081,765935,2411,2169,4,2173,71
2020-05-31,Santa Barbara,083,443738,1804,1662,13,1675,9
2020-05-31,Santa Clara,085,1922200,3488,2785,13,2798,142
2020-05-31,Santa Cruz,087,273765,232,210,0,210,2
2020-05-31,Shasta,089,179085,60,38,0,38,4
2020-05-31,Sierra,091,2930,1,1,0,1,0
2020-05-31,Siskiyou,093,43540,12,7,0,7,0
2020-05-31,Solano,095,438530,633,512,1,513,6
2020-05-31,Sonoma,097,501317,641,555,1,556,4
2020-05-31,Stanislaus,099,539301,912,738,5,743,27
2020-05-31,Sutter,101,95872,50,42,0,42,2
2020-05-31,Tehama,103,63373,10,4,1,5,1
2020-05-31,Trinity,105,12862,7,1,2,3,0
2020-05-31,Tulare,107,460477,2635,1884,10,1894,82
2020-05-31,Tuolumne,109,53932,5,4,0,4,0
2020-05-31,Ventura,111,848112,1647,1151,11,1162,30
2020-05-31,Yolo,113,214977,243,211,0,211,24
2020-05-31,Yuba,115,75493,30,26,0,26,1
2020-05-30,Alameda,001,1643700,3849,3304,6,3310,96
2020-05-30,Alpine,003,1148,1,1,0,1,0
2020-05-30,Amador,005,37829,10,10,0,10,0
2020-05-30,Butte,007,227075,77,44,2,46,0
2020-05-30,Calaveras,009,45235,17,15,0,15,0
2020-05-30,Colusa,011,21464,8,5,0,5,0
2020-05-30,Contra Costa,013,1133247,1701,1429,1,1430,37
2020-05-30,Del Norte,015,27424,45,37,0,37,0
2020-05-30,El Dorado,017,186661,118,86,0,86,0
2020-05-30,Fresno,019,978130,3311,1744,45,1789,31
2020-05-30,Glenn,021,27897,19,16,0,16,0
2020-05-30,Humboldt,023,135768,112,98,0,98,2
2020-05-30,Imperial,025,180216,3717,2091,4,2095,14
2020-05-30,Inyo,027,18085,20,20,0,20,1
2020-05-30,Kern,029,883053,2854,2217,6,2223,38
2020-05-30,Kings,031,150075,1249,703,4,707,3
2020-05-30,Lake,033,64148,31,18,0,18,0
2020-05-30,Lassen,035,31185,10,4,2,6,0
2020-05-30,Los Angeles,037,10098052,61847,53627,20,53647,2319
2020-05-30,Madera,039,155013,266,101,1,102,2
2020-05-30,Marin,041,260295,534,462,2,464,14
2020-05-30,Mariposa,043,17540,16,16,0,16,1
2020-05-30,Mendocino,045,87422,32,24,0,24,0
2020-05-30,Merced,047,269075,396,285,0,285,6
2020-05-30,Modoc,049,8938,0,0,0,0,0
2020-05-30,Mono,051,14174,39,34,0,34,1
2020-05-30,Monterey,053,433212,705,520,2,522,10
2020-05-30,Napa,055,140530,147,113,0,113,3
2020-05-30,Nevada,057,99092,50,41,1,42,1
2020-05-30,Orange,059,3164182,9107,6354,70,6424,134
2020-05-30,Placer,061,380077,286,199,1,200,9
2020-05-30,Plumas,063,18699,4,4,0,4,0
2020-05-30,Riverside,065,2383286,9714,7492,21,7513,316
2020-05-30,Sacramento,067,1510023,1522,1384,2,1386,57
2020-05-30,San Benito,069,59416,98,85,0,85,2
2020-05-30,San Bernardino,071,2135413,6343,5122,5,5127,198
2020-05-30,San Diego,073,3302833,8548,7387,0,7387,269
2020-05-30,San Francisco,075,870044,2694,2496,0,2496,41
2020-05-30,San Joaquin,077,732212,1154,888,4,892,34
2020-05-30,San Luis Obispo,079,281455,358,270,4,274,1
2020-05-30,San Mateo,081,765935,2387,2129,4,2133,71
2020-05-30,Santa Barbara,083,443738,1785,1660,13,1673,9
2020-05-30,Santa Clara,085,1922200,3472,2741,13,2754,141
2020-05-30,Santa Cruz,087,273765,232,206,0,206,2
2020-05-30,Shasta,089,179085,60,36,0,36,4
2020-05-30,Sierra,091,2930,1,1,0,1,0
2020-05-30,Siskiyou,093,43540,11,7,0,7,0
2020-05-30,Solano,095,438530,626,512,1,513,6
2020-05-30,Sonoma,097,501317,631,551,1,552,4
2020-05-30,Stanislaus,099,539301,895,712,5,717,27
2020-05-30,Sutter,101,95872,49,40,0,40,2
2020-05-30,Tehama,103,63373,10,4,1,5,1
2020-05-30,Trinity,105,12862,7,1,2,3,0
2020-05-30,Tulare,107,460477,2598,1879,10,1889,81
2020-05-30,Tuolumne,109,53932,5,4,0,4,0
2020-05-30,Ventura,111,848112,1630,1116,11,1127,30
2020-05-30,Yolo,113,214977,239,210,0,210,24
2020-05-30,Yuba,115,75493,30,25,0,25,1
2020-05-29,Alameda,001,1643700,3814,3209,6,3215,96
2020-05-29,Alpine,003,1148,1,1,0,1,0
2020-05-29,Amador,005,37829,10,10,0,10,0
2020-05-29,Butte,007,227075,72,41,2,43,0
2020-05-29,Calaveras,009,45235,17,15,0,15,0
2020-05-29,Colusa,011,21464,8,5,0,5,0
2020-05-29,Contra Costa,013,1133247,1685,1411,1,1412,37
2020-05-29,Del Norte,015,27424,45,37,0,37,0
2020-05-29,El Dorado,017,186661,117,85,0,85,0
2020-05-29,Fresno,019,978130,3261,1687,45,1732,31
2020-05-29,Glenn,021,27897,19,14,0,14,0
2020-05-29,Humboldt,023,135768,111,98,0,98,2
2020-05-29,Imperial,025,180216,3599,1607,4,1611,14
2020-05-29,Inyo,027,18085,20,20,0,20,1
2020-05-29,Kern,029,883053,2796,2128,6,2134,36
2020-05-29,Kings,031,150075,1238,693,4,697,3
2020-05-29,Lake,033,64148,30,17,0,17,0
2020-05-29,Lassen,035,31185,10,0,2,2,0
2020-05-29,Los Angeles,037,10098052,60892,51578,20,51598,2273
2020-05-29,Madera,039,155013,251,98,1,99,2
2020-05-29,Marin,041,260295,526,448,2,450,14
2020-05-29,Mariposa,043,17540,16,16,0,16,1
2020-05-29,Mendocino,045,87422,30,25,0,25,0
2020-05-29,Merced,047,269075,391,285,0,285,7
2020-05-29,Modoc,049,8938,0,0,0,0,0
2020-05-29,Mono,051,14174,38,34,0,34,1
2020-05-29,Monterey,053,433212,675,479,2,481,10
2020-05-29,Napa,055,140530,144,113,0,113,3
2020-05-29,Nevada,057,99092,50,41,1,42,1
2020-05-29,Orange,059,3164182,8922,6176,67,6243,133
2020-05-29,Placer,061,380077,264,199,1,200,9
2020-05-29,Plumas,063,18699,4,4,0,4,0
2020-05-29,Riverside,065,2383286,9528,7376,21,7397,313
2020-05-29,Sacramento,067,1510023,1499,1360,2,1362,57
2020-05-29,San Benito,069,59416,98,84,0,84,2
2020-05-29,San Bernardino,071,2135413,6235,4983,5,4988,196
2020-05-29,San Diego,073,3302833,8425,7242,0,7242,266
2020-05-29,San Francisco,075,870044,2670,2453,0,2453,41
2020-05-29,San Joaquin,077,732212,1117,855,4,859,34
2020-05-29,San Luis Obispo,079,281455,354,270,4,274,1
2020-05-29,San Mateo,081,765935,2371,2103,4,2107,71
2020-05-29,Santa Barbara,083,443738,1758,1656,13,1669,9
2020-05-29,Santa Clara,085,1922200,3444,2707,13,2720,141
2020-05-29,Santa Cruz,087,273765,229,203,0,203,2
2020-05-29,Shasta,089,179085,60,36,0,36,4
2020-05-29,Sierra,091,2930,1,1,0,1,0
2020-05-29,Siskiyou,093,43540,11,7,0,7,0
2020-05-29,Solano,095,438530,618,498,1,499,6
2020-05-29,Sonoma,097,501317,620,537,1,538,4
2020-05-29,Stanislaus,099,539301,865,698,5,703,27
2020-05-29,Sutter,101,95872,47,40,0,40,2
2020-05-29,Tehama,103,63373,9,4,1,5,1
2020-05-29,Trinity,105,12862,7,1,2,3,0
2020-05-29,Tulare,107,460477,2560,1852,10,1862,80
2020-05-29,Tuolumne,109,53932,5,4,0,4,0
2020-05-29,Ventura,111,848112,1606,1093,11,1104,29
2020-05-29,Yolo,113,214977,235,211,0,211,24
2020-05-29,Yuba,115,75493,29,25,0,25,1
2020-05-28,Alameda,001,1643700,3714,3083,6,3089,94
2020-05-28,Alpine,003,1148,1,1,0,1,0
2020-05-28,Amador,005,37829,10,10,0,10,0
2020-05-28,Butte,007,227075,71,40,2,42,0
2020-05-28,Calaveras,009,45235,16,15,0,15,0
2020-05-28,Colusa,011,21464,8,5,0,5,0
2020-05-28,Contra Costa,013,1133247,1646,1392,1,1393,37
2020-05-28,Del Norte,015,27424,45,37,0,37,0
2020-05-28,El Dorado,017,186661,114,82,0,82,0
2020-05-28,Fresno,019,978130,3180,1653,44,1697,31
2020-05-28,Glenn,021,27897,18,14,0,14,0
2020-05-28,Humboldt,023,135768,110,97,0,97,2
2020-05-28,Imperial,025,180216,3404,1430,4,1434,14
2020-05-28,Inyo,027,18085,20,20,0,20,1
2020-05-28,Kern,029,883053,2718,2069,6,2075,36
2020-05-28,Kings,031,150075,901,626,4,630,3
2020-05-28,Lake,033,64148,29,17,0,17,0
2020-05-28,Lassen,035,31185,10,0,2,2,0
2020-05-28,Los Angeles,037,10098052,59313,49861,20,49881,2222
2020-05-28,Madera,039,155013,233,93,1,94,2
2020-05-28,Marin,041,260295,501,443,2,445,14
2020-05-28,Mariposa,043,17540,16,16,0,16,1
2020-05-28,Mendocino,045,87422,28,24,0,24,0
2020-05-28,Merced,047,269075,382,283,0,283,7
2020-05-28,Modoc,049,8938,0,0,0,0,0
2020-05-28,Mono,051,14174,38,34,0,34,1
2020-05-28,Monterey,053,433212,643,471,2,473,10
2020-05-28,Napa,055,140530,141,113,0,113,3
2020-05-28,Nevada,057,99092,45,41,1,42,1
2020-05-28,Orange,059,3164182,8726,6045,67,6112,130
2020-05-28,Placer,061,380077,257,196,1,197,9
2020-05-28,Plumas,063,18699,4,4,0,4,0
2020-05-28,Riverside,065,2383286,9124,7240,20,7260,304
2020-05-28,Sacramento,067,1510023,1479,1339,2,1341,57
2020-05-28,San Benito,069,59416,97,82,0,82,2
2020-05-28,San Bernardino,071,2135413,6070,4831,5,4836,191
2020-05-28,San Diego,073,3302833,8268,7102,0,7102,260
2020-05-28,San Francisco,075,870044,2636,2417,0,2417,40
2020-05-28,San Joaquin,077,732212,1082,840,4,844,34
2020-05-28,San Luis Obispo,079,281455,351,267,4,271,1
2020-05-28,San Mateo,081,765935,2344,2070,4,2074,71
2020-05-28,Santa Barbara,083,443738,1729,1642,12,1654,9
2020-05-28,Santa Clara,085,1922200,3404,2698,13,2711,140
2020-05-28,Santa Cruz,087,273765,228,201,0,201,2
2020-05-28,Shasta,089,179085,58,36,0,36,4
2020-05-28,Sierra,091,2930,1,1,0,1,0
2020-05-28,Siskiyou,093,43540,9,6,0,6,0
2020-05-28,Solano,095,438530,601,489,1,490,6
2020-05-28,Sonoma,097,501317,598,529,1,530,4
2020-05-28,Stanislaus,099,539301,824,684,5,689,27
2020-05-28,Sutter,101,95872,47,40,0,40,2
2020-05-28,Tehama,103,63373,9,4,1,5,1
2020-05-28,Trinity,105,12862,6,1,2,3,0
2020-05-28,Tulare,107,460477,2524,1832,10,1842,79
2020-05-28,Tuolumne,109,53932,5,4,0,4,0
2020-05-28,Ventura,111,848112,1573,1083,11,1094,29
2020-05-28,Yolo,113,214977,232,206,0,206,22
2020-05-28,Yuba,115,75493,28,24,0,24,1
2020-05-27,Alameda,001,1643700,3631,3037,6,3043,94
2020-05-27,Alpine,003,1148,1,1,0,1,0
2020-05-27,Amador,005,37829,10,10,0,10,0
2020-05-27,Butte,007,227075,68,40,1,41,0
2020-05-27,Calaveras,009,45235,15,15,0,15,0
2020-05-27,Colusa,011,21464,8,5,0,5,0
2020-05-27,Contra Costa,013,1133247,1606,1373,1,1374,37
2020-05-27,Del Norte,015,27424,45,34,0,34,0
2020-05-27,El Dorado,017,186661,113,82,0,82,0
2020-05-27,Fresno,019,978130,3092,1620,44,1664,27
2020-05-27,Glenn,021,27897,18,14,0,14,0
2020-05-27,Humboldt,023,135768,110,86,0,86,2
2020-05-27,Imperial,025,180216,3224,1369,4,1373,14
2020-05-27,Inyo,027,18085,20,20,0,20,1
2020-05-27,Kern,029,883053,2653,1999,6,2005,37
2020-05-27,Kings,031,150075,874,586,4,590,3
2020-05-27,Lake,033,64148,29,13,0,13,0
2020-05-27,Lassen,035,31185,10,0,2,2,0
2020-05-27,Los Angeles,037,10098052,57938,48711,20,48731,2177
2020-05-27,Madera,039,155013,224,91,1,92,2
2020-05-27,Marin,041,260295,472,439,2,441,14
2020-05-27,Mariposa,043,17540,16,16,0,16,1
2020-05-27,Mendocino,045,87422,27,21,0,21,0
2020-05-27,Merced,047,269075,378,278,0,278,7
2020-05-27,Modoc,049,8938,0,0,0,0,0
2020-05-27,Mono,051,14174,38,34,0,34,1
2020-05-27,Monterey,053,433212,603,443,2,445,8
2020-05-27,Napa,055,140530,136,112,0,112,3
2020-05-27,Nevada,057,99092,44,41,1,42,1
2020-05-27,Orange,059,3164182,8571,5849,67,5916,121
2020-05-27,Placer,061,380077,238,196,0,196,9
2020-05-27,Plumas,063,18699,4,4,0,4,0
2020-05-27,Riverside,065,2383286,8745,7156,20,7176,299
2020-05-27,Sacramento,067,1510023,1451,1318,2,1320,50
2020-05-27,San Benito,069,59416,94,74,0,74,2
2020-05-27,San Bernardino,071,2135413,5886,4708,5,4713,183
2020-05-27,San Diego,073,3302833,8117,6985,0,6985,255
2020-05-27,San Francisco,075,870044,2607,2394,0,2394,40
2020-05-27,San Joaquin,077,732212,1040,825,4,829,34
2020-05-27,San Luis Obispo,079,281455,346,266,4,270,1
2020-05-27,San Mateo,081,765935,2304,2045,4,2049,71
2020-05-27,Santa Barbara,083,443738,1714,1629,12,1641,9
2020-05-27,Santa Clara,085,1922200,3371,2680,13,2693,140
2020-05-27,Santa Cruz,087,273765,224,202,0,202,2
2020-05-27,Shasta,089,179085,55,36,0,36,4
2020-05-27,Sierra,091,2930,1,1,0,1,0
2020-05-27,Siskiyou,093,43540,9,6,0,6,0
2020-05-27,Solano,095,438530,581,477,1,478,5
2020-05-27,Sonoma,097,501317,584,521,1,522,4
2020-05-27,Stanislaus,099,539301,799,675,5,680,27
2020-05-27,Sutter,101,95872,46,40,0,40,2
2020-05-27,Tehama,103,63373,9,3,1,4,1
2020-05-27,Trinity,105,12862,6,1,2,3,0
2020-05-27,Tulare,107,460477,2472,1817,10,1827,77
2020-05-27,Tuolumne,109,53932,5,4,0,4,0
2020-05-27,Ventura,111,848112,1548,1065,11,1076,28
2020-05-27,Yolo,113,214977,231,204,0,204,22
2020-05-27,Yuba,115,75493,28,24,0,24,1
2020-05-26,Alameda,001,1643700,3536,2956,6,2962,92
2020-05-26,Alpine,003,1148,1,1,0,1,0
2020-05-26,Amador,005,37829,10,10,0,10,0
2020-05-26,Butte,007,227075,66,37,1,38,0
2020-05-26,Calaveras,009,45235,15,13,0,13,0
2020-05-26,Colusa,011,21464,8,4,0,4,0
2020-05-26,Contra Costa,013,1133247,1571,1352,1,1353,37
2020-05-26,Del Norte,015,27424,44,30,0,30,0
2020-05-26,El Dorado,017,186661,109,79,0,79,0
2020-05-26,Fresno,019,978130,3005,1496,44,1540,22
2020-05-26,Glenn,021,27897,16,12,0,12,0
2020-05-26,Humboldt,023,135768,108,81,0,81,2
2020-05-26,Imperial,025,180216,3009,1369,4,1373,14
2020-05-26,Inyo,027,18085,20,20,0,20,1
2020-05-26,Kern,029,883053,2575,1890,6,1896,31
2020-05-26,Kings,031,150075,806,449,3,452,2
2020-05-26,Lake,033,64148,27,12,0,12,0
2020-05-26,Lassen,035,31185,9,0,2,2,0
2020-05-26,Los Angeles,037,10098052,56471,47760,20,47780,2121
2020-05-26,Madera,039,155013,209,83,1,84,2
2020-05-26,Marin,041,260295,460,424,2,426,14
2020-05-26,Mariposa,043,17540,16,16,0,16,1
2020-05-26,Mendocino,045,87422,25,20,0,20,0
2020-05-26,Merced,047,269075,363,266,0,266,7
2020-05-26,Modoc,049,8938,0,1,0,1,0
2020-05-26,Mono,051,14174,37,34,0,34,1
2020-05-26,Monterey,053,433212,575,424,1,425,8
2020-05-26,Napa,055,140530,131,109,0,109,3
2020-05-26,Nevada,057,99092,43,41,1,42,1
2020-05-26,Orange,059,3164182,8301,5651,66,5717,115
2020-05-26,Placer,061,380077,233,188,0,188,9
2020-05-26,Plumas,063,18699,4,4,0,4,0
2020-05-26,Riverside,065,2383286,8298,6917,20,6937,284
2020-05-26,Sacramento,067,1510023,1425,1298,2,1300,50
2020-05-26,San Benito,069,59416,89,69,0,69,2
2020-05-26,San Bernardino,071,2135413,5718,4430,5,4435,175
2020-05-26,San Diego,073,3302833,7974,6884,0,6884,249
2020-05-26,San Francisco,075,870044,2574,2363,0,2363,40
2020-05-26,San Joaquin,077,732212,993,760,4,764,33
2020-05-26,San Luis Obispo,079,281455,344,260,4,264,1
2020-05-26,San Mateo,081,765935,2266,1967,3,1970,71
2020-05-26,Santa Barbara,083,443738,1697,1590,11,1601,9
2020-05-26,Santa Clara,085,1922200,3339,2659,13,2672,139
2020-05-26,Santa Cruz,087,273765,222,197,0,197,2
2020-05-26,Shasta,089,179085,55,36,0,36,4
2020-05-26,Sierra,091,2930,1,1,0,1,0
2020-05-26,Siskiyou,093,43540,8,6,0,6,0
2020-05-26,Solano,095,438530,563,470,1,471,5
2020-05-26,Sonoma,097,501317,576,509,0,509,4
2020-05-26,Stanislaus,099,539301,779,663,5,668,27
2020-05-26,Sutter,101,95872,45,39,0,39,2
2020-05-26,Tehama,103,63373,8,2,1,3,1
2020-05-26,Trinity,105,12862,6,1,2,3,0
2020-05-26,Tulare,107,460477,2416,1768,10,1778,76
2020-05-26,Tuolumne,109,53932,5,2,0,2,0
2020-05-26,Ventura,111,848112,1511,1033,8,1041,27
2020-05-26,Yolo,113,214977,225,198,0,198,22
2020-05-26,Yuba,115,75493,27,24,0,24,1
2020-05-25,Alameda,001,1643700,3443,2900,5,2905,92
2020-05-25,Alpine,003,1148,1,1,0,1,0
2020-05-25,Amador,005,37829,10,10,0,10,0
2020-05-25,Butte,007,227075,63,37,1,38,0
2020-05-25,Calaveras,009,45235,15,13,0,13,0
2020-05-25,Colusa,011,21464,7,4,0,4,0
2020-05-25,Contra Costa,013,1133247,1539,1348,1,1349,37
2020-05-25,Del Norte,015,27424,44,20,0,20,0
2020-05-25,El Dorado,017,186661,101,78,0,78,0
2020-05-25,Fresno,019,978130,2901,1496,42,1538,22
2020-05-25,Glenn,021,27897,16,12,0,12,0
2020-05-25,Humboldt,023,135768,107,81,0,81,2
2020-05-25,Imperial,025,180216,2798,1369,4,1373,14
2020-05-25,Inyo,027,18085,19,20,0,20,1
2020-05-25,Kern,029,883053,2504,1890,6,1896,31
2020-05-25,Kings,031,150075,776,447,3,450,2
2020-05-25,Lake,033,64148,25,13,0,13,0
2020-05-25,Lassen,035,31185,9,0,2,2,0
2020-05-25,Los Angeles,037,10098052,54661,45952,19,45971,2094
2020-05-25,Madera,039,155013,196,83,1,84,2
2020-05-25,Marin,041,260295,442,415,2,417,14
2020-05-25,Mariposa,043,17540,16,15,0,15,1
2020-05-25,Mendocino,045,87422,22,19,0,19,0
2020-05-25,Merced,047,269075,356,262,0,262,6
2020-05-25,Modoc,049,8938,0,1,0,1,0
2020-05-25,Mono,051,14174,37,34,0,34,1
2020-05-25,Monterey,053,433212,545,418,1,419,8
2020-05-25,Napa,055,140530,131,107,0,107,3
2020-05-25,Nevada,057,99092,43,41,1,42,1
2020-05-25,Orange,059,3164182,8079,5601,65,5666,115
2020-05-25,Placer,061,380077,229,186,0,186,9
2020-05-25,Plumas,063,18699,4,4,0,4,0
2020-05-25,Riverside,065,2383286,8067,6900,20,6920,284
2020-05-25,Sacramento,067,1510023,1405,1290,1,1291,50
2020-05-25,San Benito,069,59416,88,70,0,70,2
2020-05-25,San Bernardino,071,2135413,5528,4393,4,4397,175
2020-05-25,San Diego,073,3302833,7798,6799,0,6799,249
2020-05-25,San Francisco,075,870044,2537,2358,0,2358,40
2020-05-25,San Joaquin,077,732212,967,760,4,764,33
2020-05-25,San Luis Obispo,079,281455,341,260,4,264,1
2020-05-25,San Mateo,081,765935,2229,1938,3,1941,71
2020-05-25,Santa Barbara,083,443738,1687,1590,11,1601,9
2020-05-25,Santa Clara,085,1922200,3306,2647,13,2660,139
2020-05-25,Santa Cruz,087,273765,220,191,0,191,2
2020-05-25,Shasta,089,179085,54,36,0,36,4
2020-05-25,Sierra,091,2930,1,1,0,1,0
2020-05-25,Siskiyou,093,43540,8,6,0,6,0
2020-05-25,Solano,095,438530,549,437,1,438,5
2020-05-25,Sonoma,097,501317,564,496,0,496,4
2020-05-25,Stanislaus,099,539301,749,651,5,656,27
2020-05-25,Sutter,101,95872,45,38,0,38,2
2020-05-25,Tehama,103,63373,7,2,1,3,1
2020-05-25,Trinity,105,12862,6,1,2,3,0
2020-05-25,Tulare,107,460477,2352,1747,10,1757,76
2020-05-25,Tuolumne,109,53932,5,2,0,2,0
2020-05-25,Ventura,111,848112,1470,1020,8,1028,27
2020-05-25,Yolo,113,214977,223,197,0,197,22
2020-05-25,Yuba,115,75493,26,24,0,24,1
2020-05-24,Alameda,001,1643700,3370,2830,5,2835,92
2020-05-24,Alpine,003,1148,1,1,0,1,0
2020-05-24,Amador,005,37829,10,9,0,9,0
2020-05-24,Butte,007,227075,61,35,1,36,0
2020-05-24,Calaveras,009,45235,15,13,0,13,0
2020-05-24,Colusa,011,21464,7,4,0,4,0
2020-05-24,Contra Costa,013,1133247,1511,1325,1,1326,37
2020-05-24,Del Norte,015,27424,43,16,0,16,0
2020-05-24,El Dorado,017,186661,100,76,0,76,0
2020-05-24,Fresno,019,978130,2834,1455,41,1496,22
2020-05-24,Glenn,021,27897,15,12,0,12,0
2020-05-24,Humboldt,023,135768,107,81,0,81,2
2020-05-24,Imperial,025,180216,2672,1369,4,1373,14
2020-05-24,Inyo,027,18085,19,20,0,20,1
2020-05-24,Kern,029,883053,2431,1861,5,1866,31
2020-05-24,Kings,031,150075,765,446,3,449,2
2020-05-24,Lake,033,64148,24,12,0,12,0
2020-05-24,Lassen,035,31185,8,0,2,2,0
2020-05-24,Los Angeles,037,10098052,53646,44954,19,44973,2085
2020-05-24,Madera,039,155013,190,83,1,84,2
2020-05-24,Marin,041,260295,440,401,2,403,14
2020-05-24,Mariposa,043,17540,16,15,0,15,1
2020-05-24,Mendocino,045,87422,21,19,0,19,0
2020-05-24,Merced,047,269075,355,258,0,258,6
2020-05-24,Modoc,049,8938,0,0,0,0,0
2020-05-24,Mono,051,14174,37,34,0,34,1
2020-05-24,Monterey,053,433212,517,405,1,406,8
2020-05-24,Napa,055,140530,129,104,0,104,3
2020-05-24,Nevada,057,99092,43,41,1,42,1
2020-05-24,Orange,059,3164182,7925,5439,64,5503,113
2020-05-24,Placer,061,380077,221,184,0,184,9
2020-05-24,Plumas,063,18699,4,4,0,4,0
2020-05-24,Riverside,065,2383286,7926,6571,20,6591,284
2020-05-24,Sacramento,067,1510023,1389,1283,1,1284,50
2020-05-24,San Benito,069,59416,87,67,0,67,2
2020-05-24,San Bernardino,071,2135413,5420,4262,4,4266,175
2020-05-24,San Diego,073,3302833,7655,6703,0,6703,249
2020-05-24,San Francisco,075,870044,2513,2318,0,2318,40
2020-05-24,San Joaquin,077,732212,948,760,4,764,33
2020-05-24,San Luis Obispo,079,281455,339,257,4,261,1
2020-05-24,San Mateo,081,765935,2194,1925,3,1928,71
2020-05-24,Santa Barbara,083,443738,1675,1573,11,1584,9
2020-05-24,Santa Clara,085,1922200,3286,2623,13,2636,139
2020-05-24,Santa Cruz,087,273765,217,185,0,185,2
2020-05-24,Shasta,089,179085,53,36,0,36,4
2020-05-24,Sierra,091,2930,1,1,0,1,0
2020-05-24,Siskiyou,093,43540,7,6,0,6,0
2020-05-24,Solano,095,438530,541,436,0,436,5
2020-05-24,Sonoma,097,501317,553,485,0,485,4
2020-05-24,Stanislaus,099,539301,729,634,5,639,27
2020-05-24,Sutter,101,95872,45,38,0,38,2
2020-05-24,Tehama,103,63373,5,2,1,3,1
2020-05-24,Trinity,105,12862,6,1,2,3,0
2020-05-24,Tulare,107,460477,2306,1684,10,1694,74
2020-05-24,Tuolumne,109,53932,5,2,0,2,0
2020-05-24,Ventura,111,848112,1458,982,8,990,27
2020-05-24,Yolo,113,214977,221,192,0,192,22
2020-05-24,Yuba,115,75493,26,24,0,24,1
2020-05-23,Alameda,001,1643700,3329,2783,5,2788,91
2020-05-23,Alpine,003,1148,1,1,0,1,0
2020-05-23,Amador,005,37829,10,9,0,9,0
2020-05-23,Butte,007,227075,60,34,1,35,0
2020-05-23,Calaveras,009,45235,15,13,0,13,0
2020-05-23,Colusa,011,21464,7,4,0,4,0
2020-05-23,Contra Costa,013,1133247,1500,1302,1,1303,36
2020-05-23,Del Norte,015,27424,43,10,0,10,0
2020-05-23,El Dorado,017,186661,100,74,0,74,0
2020-05-23,Fresno,019,978130,2814,1447,41,1488,21
2020-05-23,Glenn,021,27897,15,12,0,12,0
2020-05-23,Humboldt,023,135768,105,80,0,80,2
2020-05-23,Imperial,025,180216,2584,1283,4,1287,14
2020-05-23,Inyo,027,18085,19,20,0,20,1
2020-05-23,Kern,029,883053,2388,1806,5,1811,31
2020-05-23,Kings,031,150075,761,444,3,447,2
2020-05-23,Lake,033,64148,23,10,0,10,0
2020-05-23,Lassen,035,31185,8,0,2,2,0
2020-05-23,Los Angeles,037,10098052,53104,44029,19,44048,2069
2020-05-23,Madera,039,155013,186,83,1,84,2
2020-05-23,Marin,041,260295,440,393,1,394,14
2020-05-23,Mariposa,043,17540,16,15,0,15,1
2020-05-23,Mendocino,045,87422,21,13,0,13,0
2020-05-23,Merced,047,269075,352,247,0,247,6
2020-05-23,Modoc,049,8938,0,0,0,0,0
2020-05-23,Mono,051,14174,36,34,0,34,1
2020-05-23,Monterey,053,433212,503,397,1,398,8
2020-05-23,Napa,055,140530,125,101,0,101,3
2020-05-23,Nevada,057,99092,43,41,1,42,1
2020-05-23,Orange,059,3164182,7766,5313,63,5376,113
2020-05-23,Placer,061,380077,215,184,0,184,9
2020-05-23,Plumas,063,18699,4,4,0,4,0
2020-05-23,Riverside,065,2383286,7835,6460,20,6480,284
2020-05-23,Sacramento,067,1510023,1373,1275,1,1276,50
2020-05-23,San Benito,069,59416,82,67,0,67,2
2020-05-23,San Bernardino,071,2135413,5326,4172,4,4176,175
2020-05-23,San Diego,073,3302833,7564,6561,0,6561,249
2020-05-23,San Francisco,075,870044,2494,2312,0,2312,40
2020-05-23,San Joaquin,077,732212,933,759,4,763,33
2020-05-23,San Luis Obispo,079,281455,335,256,4,260,1
2020-05-23,San Mateo,081,765935,2166,1862,3,1865,71
2020-05-23,Santa Barbara,083,443738,1667,1566,11,1577,9
2020-05-23,Santa Clara,085,1922200,3272,2593,12,2605,139
2020-05-23,Santa Cruz,087,273765,215,177,0,177,2
2020-05-23,Shasta,089,179085,53,35,0,35,4
2020-05-23,Sierra,091,2930,1,1,0,1,0
2020-05-23,Siskiyou,093,43540,7,6,0,6,0
2020-05-23,Solano,095,438530,536,435,0,435,5
2020-05-23,Sonoma,097,501317,539,462,0,462,4
2020-05-23,Stanislaus,099,539301,721,625,5,630,27
2020-05-23,Sutter,101,95872,44,38,0,38,2
2020-05-23,Tehama,103,63373,5,2,1,3,1
2020-05-23,Trinity,105,12862,6,1,2,3,0
2020-05-23,Tulare,107,460477,2285,1682,10,1692,73
2020-05-23,Tuolumne,109,53932,5,2,0,2,0
2020-05-23,Ventura,111,848112,1438,961,8,969,27
2020-05-23,Yolo,113,214977,220,188,0,188,22
2020-05-23,Yuba,115,75493,26,24,0,24,1
2020-05-22,Alameda,001,1643700,3275,2722,5,2727,91
2020-05-22,Alpine,003,1148,1,1,0,1,0
2020-05-22,Amador,005,37829,10,9,0,9,0
2020-05-22,Butte,007,227075,58,34,1,35,0
2020-05-22,Calaveras,009,45235,15,13,0,13,0
2020-05-22,Colusa,011,21464,7,4,0,4,0
2020-05-22,Contra Costa,013,1133247,1488,1272,1,1273,36
2020-05-22,Del Norte,015,27424,41,9,0,9,0
2020-05-22,El Dorado,017,186661,97,74,0,74,0
2020-05-22,Fresno,019,978130,2755,1399,40,1439,20
2020-05-22,Glenn,021,27897,15,12,0,12,0
2020-05-22,Humboldt,023,135768,105,80,0,80,2
2020-05-22,Imperial,025,180216,2483,1214,4,1218,14
2020-05-22,Inyo,027,18085,19,20,0,20,1
2020-05-22,Kern,029,883053,2339,1749,5,1754,28
2020-05-22,Kings,031,150075,758,428,3,431,2
2020-05-22,Lake,033,64148,22,10,0,10,0
2020-05-22,Lassen,035,31185,6,0,2,2,0
2020-05-22,Los Angeles,037,10098052,52312,43025,19,43044,2027
2020-05-22,Madera,039,155013,182,82,1,83,2
2020-05-22,Marin,041,260295,436,372,1,373,14
2020-05-22,Mariposa,043,17540,16,15,0,15,1
2020-05-22,Mendocino,045,87422,20,13,0,13,0
2020-05-22,Merced,047,269075,352,233,0,233,6
2020-05-22,Modoc,049,8938,0,0,0,0,0
2020-05-22,Mono,051,14174,36,34,0,34,1
2020-05-22,Monterey,053,433212,492,372,1,373,8
2020-05-22,Napa,055,140530,123,97,0,97,3
2020-05-22,Nevada,057,99092,42,41,1,42,1
2020-05-22,Orange,059,3164182,7569,5144,61,5205,113
2020-05-22,Placer,061,380077,215,181,0,181,9
2020-05-22,Plumas,063,18699,4,4,0,4,0
2020-05-22,Riverside,065,2383286,7720,6351,20,6371,283
2020-05-22,Sacramento,067,1510023,1357,1262,1,1263,50
2020-05-22,San Benito,069,59416,81,64,0,64,2
2020-05-22,San Bernardino,071,2135413,5251,4107,4,4111,173
2020-05-22,San Diego,073,3302833,7478,6436,0,6436,242
2020-05-22,San Francisco,075,870044,2476,2251,0,2251,40
2020-05-22,San Joaquin,077,732212,920,747,4,751,33
2020-05-22,San Luis Obispo,079,281455,335,254,4,258,1
2020-05-22,San Mateo,081,765935,2147,1847,3,1850,71
2020-05-22,Santa Barbara,083,443738,1657,1554,11,1565,9
2020-05-22,Santa Clara,085,1922200,3252,2537,12,2549,139
2020-05-22,Santa Cruz,087,273765,212,171,0,171,2
2020-05-22,Shasta,089,179085,53,34,0,34,4
2020-05-22,Sierra,091,2930,1,0,0,0,0
2020-05-22,Siskiyou,093,43540,7,6,0,6,0
2020-05-22,Solano,095,438530,533,431,0,431,4
2020-05-22,Sonoma,097,501317,535,444,0,444,4
2020-05-22,Stanislaus,099,539301,711,616,5,621,27
2020-05-22,Sutter,101,95872,44,38,0,38,2
2020-05-22,Tehama,103,63373,5,2,0,2,1
2020-05-22,Trinity,105,12862,6,1,2,3,0
2020-05-22,Tulare,107,460477,2255,1662,10,1672,73
2020-05-22,Tuolumne,109,53932,5,2,0,2,0
2020-05-22,Ventura,111,848112,1420,937,8,945,27
2020-05-22,Yolo,113,214977,218,187,0,187,22
2020-05-22,Yuba,115,75493,26,24,0,24,1
2020-05-21,Alameda,001,1643700,3210,2606,5,2611,89
2020-05-21,Alpine,003,1148,1,1,0,1,0
2020-05-21,Amador,005,37829,10,9,0,9,0
2020-05-21,Butte,007,227075,57,31,1,32,0
2020-05-21,Calaveras,009,45235,14,13,0,13,0
2020-05-21,Colusa,011,21464,7,4,0,4,0
2020-05-21,Contra Costa,013,1133247,1452,1243,1,1244,36
2020-05-21,Del Norte,015,27424,38,9,0,9,0
2020-05-21,El Dorado,017,186661,95,67,0,67,0
2020-05-21,Fresno,019,978130,2663,1362,39,1401,20
2020-05-21,Glenn,021,27897,14,12,0,12,0
2020-05-21,Humboldt,023,135768,104,79,0,79,0
2020-05-21,Imperial,025,180216,2322,1096,4,1100,14
2020-05-21,Inyo,027,18085,19,20,0,20,1
2020-05-21,Kern,029,883053,2263,1684,4,1688,27
2020-05-21,Kings,031,150075,737,417,2,419,2
2020-05-21,Lake,033,64148,17,10,0,10,0
2020-05-21,Lassen,035,31185,6,0,2,2,0
2020-05-21,Los Angeles,037,10098052,51278,42063,19,42082,1996
2020-05-21,Madera,039,155013,179,82,1,83,2
2020-05-21,Marin,041,260295,425,359,1,360,14
2020-05-21,Mariposa,043,17540,16,15,0,15,1
2020-05-21,Mendocino,045,87422,20,12,0,12,0
2020-05-21,Merced,047,269075,341,226,0,226,6
2020-05-21,Modoc,049,8938,0,0,0,0,0
2020-05-21,Mono,051,14174,36,33,0,33,1
2020-05-21,Monterey,053,433212,481,363,1,364,8
2020-05-21,Napa,055,140530,121,96,0,96,3
2020-05-21,Nevada,057,99092,42,41,1,42,1
2020-05-21,Orange,059,3164182,7366,4975,60,5035,106
2020-05-21,Placer,061,380077,208,176,0,176,8
2020-05-21,Plumas,063,18699,4,4,0,4,0
2020-05-21,Riverside,065,2383286,7534,6245,20,6265,279
2020-05-21,Sacramento,067,1510023,1344,1258,1,1259,56
2020-05-21,San Benito,069,59416,78,61,0,61,2
2020-05-21,San Bernardino,071,2135413,5104,3950,4,3954,167
2020-05-21,San Diego,073,3302833,7342,6317,0,6317,241
2020-05-21,San Francisco,075,870044,2452,2248,0,2248,37
2020-05-21,San Joaquin,077,732212,884,730,4,734,33
2020-05-21,San Luis Obispo,079,281455,335,251,3,254,1
2020-05-21,San Mateo,081,765935,2111,1791,3,1794,74
2020-05-21,Santa Barbara,083,443738,1642,1541,11,1552,10
2020-05-21,Santa Clara,085,1922200,3229,2520,12,2532,138
2020-05-21,Santa Cruz,087,273765,204,164,0,164,3
2020-05-21,Shasta,089,179085,51,34,0,34,4
2020-05-21,Sierra,091,2930,1,0,0,0,0
2020-05-21,Siskiyou,093,43540,7,6,0,6,0
2020-05-21,Solano,095,438530,524,424,0,424,4
2020-05-21,Sonoma,097,501317,517,427,0,427,4
2020-05-21,Stanislaus,099,539301,700,602,5,607,27
2020-05-21,Sutter,101,95872,43,38,0,38,2
2020-05-21,Tehama,103,63373,4,2,0,2,1
2020-05-21,Trinity,105,12862,5,1,2,3,0
2020-05-21,Tulare,107,460477,2205,1606,8,1614,73
2020-05-21,Tuolumne,109,53932,3,2,0,2,0
2020-05-21,Ventura,111,848112,1371,907,8,915,30
2020-05-21,Yolo,113,214977,215,185,0,185,22
2020-05-21,Yuba,115,75493,26,24,0,24,1
2020-05-20,Alameda,001,1643700,3137,2554,5,2559,89
2020-05-20,Alpine,003,1148,1,1,0,1,0
2020-05-20,Amador,005,37829,10,9,0,9,0
2020-05-20,Butte,007,227075,54,30,1,31,0
2020-05-20,Calaveras,009,45235,14,13,0,13,0
2020-05-20,Colusa,011,21464,7,3,0,3,0
2020-05-20,Contra Costa,013,1133247,1422,1223,1,1224,33
2020-05-20,Del Norte,015,27424,31,9,0,9,0
2020-05-20,El Dorado,017,186661,94,67,0,67,0
2020-05-20,Fresno,019,978130,2590,1329,38,1367,17
2020-05-20,Glenn,021,27897,13,12,0,12,0
2020-05-20,Humboldt,023,135768,101,73,0,73,0
2020-05-20,Imperial,025,180216,2209,1047,4,1051,14
2020-05-20,Inyo,027,18085,19,20,0,20,1
2020-05-20,Kern,029,883053,2200,1639,3,1642,27
2020-05-20,Kings,031,150075,593,403,2,405,2
2020-05-20,Lake,033,64148,17,9,0,9,0
2020-05-20,Lassen,035,31185,5,0,2,2,0
2020-05-20,Los Angeles,037,10098052,50283,40932,19,40951,1955
2020-05-20,Madera,039,155013,177,82,1,83,2
2020-05-20,Marin,041,260295,398,348,1,349,14
2020-05-20,Mariposa,043,17540,16,15,0,15,1
2020-05-20,Mendocino,045,87422,20,12,0,12,0
2020-05-20,Merced,047,269075,334,225,0,225,6
2020-05-20,Modoc,049,8938,0,0,0,0,0
2020-05-20,Mono,051,14174,36,33,0,33,1
2020-05-20,Monterey,053,433212,467,356,1,357,8
2020-05-20,Napa,055,140530,114,93,0,93,3
2020-05-20,Nevada,057,99092,42,41,1,42,1
2020-05-20,Orange,059,3164182,7158,4866,58,4924,96
2020-05-20,Placer,061,380077,206,176,0,176,8
2020-05-20,Plumas,063,18699,4,4,0,4,0
2020-05-20,Riverside,065,2383286,7391,6090,20,6110,265
2020-05-20,Sacramento,067,1510023,1334,1244,1,1245,56
2020-05-20,San Benito,069,59416,77,61,0,61,2
2020-05-20,San Bernardino,071,2135413,4976,3771,4,3775,161
2020-05-20,San Diego,073,3302833,7225,6142,0,6142,230
2020-05-20,San Francisco,075,870044,2429,2199,0,2199,37
2020-05-20,San Joaquin,077,732212,848,713,4,717,33
2020-05-20,San Luis Obispo,079,281455,328,249,3,252,1
2020-05-20,San Mateo,081,765935,2058,1739,3,1742,74
2020-05-20,Santa Barbara,083,443738,1623,1524,11,1535,10
2020-05-20,Santa Clara,085,1922200,3208,2508,11,2519,138
2020-05-20,Santa Cruz,087,273765,201,163,0,163,3
2020-05-20,Shasta,089,179085,51,34,0,34,4
2020-05-20,Sierra,091,2930,1,0,0,0,0
2020-05-20,Siskiyou,093,43540,7,6,0,6,0
2020-05-20,Solano,095,438530,519,418,0,418,4
2020-05-20,Sonoma,097,501317,508,411,0,411,4
2020-05-20,Stanislaus,099,539301,684,584,4,588,25
2020-05-20,Sutter,101,95872,43,38,0,38,2
2020-05-20,Tehama,103,63373,4,2,0,2,1
2020-05-20,Trinity,105,12862,4,1,1,2,0
2020-05-20,Tulare,107,460477,2164,1585,8,1593,71
2020-05-20,Tuolumne,109,53932,3,2,0,2,0
2020-05-20,Ventura,111,848112,1335,879,8,887,29
2020-05-20,Yolo,113,214977,212,184,0,184,22
2020-05-20,Yuba,115,75493,26,23,0,23,1
2020-05-19,Alameda,001,1643700,3060,2493,3,2496,88
2020-05-19,Alpine,003,1148,1,1,0,1,0
2020-05-19,Amador,005,37829,10,9,0,9,0
2020-05-19,Butte,007,227075,52,25,1,26,0
2020-05-19,Calaveras,009,45235,14,13,0,13,0
2020-05-19,Colusa,011,21464,5,3,0,3,0
2020-05-19,Contra Costa,013,1133247,1398,1205,1,1206,33
2020-05-19,Del Norte,015,27424,28,8,0,8,0
2020-05-19,El Dorado,017,186661,91,67,0,67,0
2020-05-19,Fresno,019,978130,2476,1288,37,1325,15
2020-05-19,Glenn,021,27897,13,12,0,12,0
2020-05-19,Humboldt,023,135768,101,72,0,72,0
2020-05-19,Imperial,025,180216,2047,1012,4,1016,14
2020-05-19,Inyo,027,18085,19,20,0,20,1
2020-05-19,Kern,029,883053,2102,1601,3,1604,26
2020-05-19,Kings,031,150075,582,393,2,395,2
2020-05-19,Lake,033,64148,14,11,0,11,0
2020-05-19,Lassen,035,31185,5,0,2,2,0
2020-05-19,Los Angeles,037,10098052,49078,39670,19,39689,1906
2020-05-19,Madera,039,155013,173,80,1,81,2
2020-05-19,Marin,041,260295,374,340,1,341,14
2020-05-19,Mariposa,043,17540,16,15,0,15,1
2020-05-19,Mendocino,045,87422,20,12,0,12,0
2020-05-19,Merced,047,269075,326,222,0,222,5
2020-05-19,Modoc,049,8938,0,0,0,0,0
2020-05-19,Mono,051,14174,36,33,0,33,1
2020-05-19,Monterey,053,433212,455,350,1,351,8
2020-05-19,Napa,055,140530,113,93,0,93,3
2020-05-19,Nevada,057,99092,42,41,1,42,1
2020-05-19,Orange,059,3164182,6964,4746,56,4802,90
2020-05-19,Placer,061,380077,204,177,0,177,8
2020-05-19,Plumas,063,18699,4,5,0,5,0
2020-05-19,Riverside,065,2383286,7231,5963,19,5982,265
2020-05-19,Sacramento,067,1510023,1320,1239,1,1240,57
2020-05-19,San Benito,069,59416,75,59,0,59,2
2020-05-19,San Bernardino,071,2135413,4826,3656,4,3660,158
2020-05-19,San Diego,073,3302833,7081,6028,0,6028,222
2020-05-19,San Francisco,075,870044,2395,2186,0,2186,37
2020-05-19,San Joaquin,077,732212,826,705,4,709,33
2020-05-19,San Luis Obispo,079,281455,327,245,3,248,1
2020-05-19,San Mateo,081,765935,2017,1704,3,1707,71
2020-05-19,Santa Barbara,083,443738,1609,1521,11,1532,10
2020-05-19,Santa Clara,085,1922200,3158,2480,11,2491,138
2020-05-19,Santa Cruz,087,273765,190,161,0,161,3
2020-05-19,Shasta,089,179085,51,34,0,34,4
2020-05-19,Sierra,091,2930,0,0,0,0,0
2020-05-19,Siskiyou,093,43540,7,6,0,6,0
2020-05-19,Solano,095,438530,505,415,0,415,4
2020-05-19,Sonoma,097,501317,497,389,0,389,4
2020-05-19,Stanislaus,099,539301,670,582,4,586,25
2020-05-19,Sutter,101,95872,43,38,0,38,2
2020-05-19,Tehama,103,63373,4,2,0,2,1
2020-05-19,Trinity,105,12862,3,1,0,1,0
2020-05-19,Tulare,107,460477,2116,1551,8,1559,68
2020-05-19,Tuolumne,109,53932,3,2,0,2,0
2020-05-19,Ventura,111,848112,1294,861,7,868,28
2020-05-19,Yolo,113,214977,210,183,0,183,22
2020-05-19,Yuba,115,75493,26,23,0,23,1
2020-05-18,Alameda,001,1643700,2987,2442,3,2445,84
2020-05-18,Alpine,003,1148,1,1,0,1,0
2020-05-18,Amador,005,37829,10,8,0,8,0
2020-05-18,Butte,007,227075,50,24,1,25,0
2020-05-18,Calaveras,009,45235,14,13,0,13,0
2020-05-18,Colusa,011,21464,5,3,0,3,0
2020-05-18,Contra Costa,013,1133247,1367,1173,1,1174,33
2020-05-18,Del Norte,015,27424,23,8,0,8,0
2020-05-18,El Dorado,017,186661,89,67,0,67,0
2020-05-18,Fresno,019,978130,2398,1244,36,1280,14
2020-05-18,Glenn,021,27897,13,11,0,11,0
2020-05-18,Humboldt,023,135768,101,70,0,70,0
2020-05-18,Imperial,025,180216,1894,767,4,771,14
2020-05-18,Inyo,027,18085,19,20,0,20,1
2020-05-18,Kern,029,883053,2053,1566,3,1569,26
2020-05-18,Kings,031,150075,551,381,2,383,2
2020-05-18,Lake,033,64148,13,9,0,9,0
2020-05-18,Lassen,035,31185,5,0,2,2,0
2020-05-18,Los Angeles,037,10098052,48057,38477,19,38496,1825
2020-05-18,Madera,039,155013,167,74,1,75,2
2020-05-18,Marin,041,260295,361,329,1,330,14
2020-05-18,Mariposa,043,17540,16,15,0,15,1
2020-05-18,Mendocino,045,87422,15,12,0,12,0
2020-05-18,Merced,047,269075,317,217,0,217,5
2020-05-18,Modoc,049,8938,0,0,0,0,0
2020-05-18,Mono,051,14174,36,33,0,33,1
2020-05-18,Monterey,053,433212,444,345,1,346,8
2020-05-18,Napa,055,140530,109,92,0,92,3
2020-05-18,Nevada,057,99092,42,41,1,42,1
2020-05-18,Orange,059,3164182,6775,4558,54,4612,88
2020-05-18,Placer,061,380077,202,176,0,176,8
2020-05-18,Plumas,063,18699,4,5,0,5,0
2020-05-18,Riverside,065,2383286,7031,5873,18,5891,253
2020-05-18,Sacramento,067,1510023,1314,1233,0,1233,57
2020-05-18,San Benito,069,59416,73,59,0,59,2
2020-05-18,San Bernardino,071,2135413,4679,3558,4,3562,156
2020-05-18,San Diego,073,3302833,6948,5948,0,5948,211
2020-05-18,San Francisco,075,870044,2372,2183,0,2183,36
2020-05-18,San Joaquin,077,732212,814,697,4,701,33
2020-05-18,San Luis Obispo,079,281455,323,243,3,246,1
2020-05-18,San Mateo,081,765935,1979,1701,3,1704,68
2020-05-18,Santa Barbara,083,443738,1598,1501,11,1512,10
2020-05-18,Santa Clara,085,1922200,3125,2468,11,2479,137
2020-05-18,Santa Cruz,087,273765,188,160,0,160,3
2020-05-18,Shasta,089,179085,50,34,0,34,4
2020-05-18,Sierra,091,2930,0,0,0,0,0
2020-05-18,Siskiyou,093,43540,7,6,0,6,0
2020-05-18,Solano,095,438530,495,398,0,398,4
2020-05-18,Sonoma,097,501317,479,387,0,387,4
2020-05-18,Stanislaus,099,539301,658,572,4,576,25
2020-05-18,Sutter,101,95872,43,38,0,38,2
2020-05-18,Tehama,103,63373,4,2,0,2,1
2020-05-18,Trinity,105,12862,3,1,0,1,0
2020-05-18,Tulare,107,460477,2072,1491,8,1499,63
2020-05-18,Tuolumne,109,53932,3,2,0,2,0
2020-05-18,Ventura,111,848112,1271,850,6,856,27
2020-05-18,Yolo,113,214977,205,183,0,183,22
2020-05-18,Yuba,115,75493,26,23,0,23,1
2020-05-17,Alameda,001,1643700,2892,2389,3,2392,83
2020-05-17,Alpine,003,1148,1,1,0,1,0
2020-05-17,Amador,005,37829,10,8,0,8,0
2020-05-17,Butte,007,227075,49,23,1,24,0
2020-05-17,Calaveras,009,45235,14,13,0,13,0
2020-05-17,Colusa,011,21464,3,3,0,3,0
2020-05-17,Contra Costa,013,1133247,1328,1155,1,1156,33
2020-05-17,Del Norte,015,27424,23,7,0,7,0
2020-05-17,El Dorado,017,186661,89,65,0,65,0
2020-05-17,Fresno,019,978130,2292,1213,33,1246,14
2020-05-17,Glenn,021,27897,13,9,0,9,0
2020-05-17,Humboldt,023,135768,94,70,0,70,0
2020-05-17,Imperial,025,180216,1746,715,4,719,14
2020-05-17,Inyo,027,18085,19,20,0,20,1
2020-05-17,Kern,029,883053,1975,1546,3,1549,26
2020-05-17,Kings,031,150075,504,356,2,358,2
2020-05-17,Lake,033,64148,13,7,0,7,0
2020-05-17,Lassen,035,31185,5,0,2,2,0
2020-05-17,Los Angeles,037,10098052,46818,37996,19,38015,1807
2020-05-17,Madera,039,155013,165,69,1,70,2
2020-05-17,Marin,041,260295,350,315,1,316,14
2020-05-17,Mariposa,043,17540,15,15,0,15,1
2020-05-17,Mendocino,045,87422,14,10,0,10,0
2020-05-17,Merced,047,269075,306,214,0,214,5
2020-05-17,Modoc,049,8938,0,0,0,0,0
2020-05-17,Mono,051,14174,36,32,0,32,1
2020-05-17,Monterey,053,433212,424,342,1,343,8
2020-05-17,Napa,055,140530,105,89,0,89,3
2020-05-17,Nevada,057,99092,42,41,1,42,1
2020-05-17,Orange,059,3164182,6596,4466,53,4519,88
2020-05-17,Placer,061,380077,197,175,0,175,8
2020-05-17,Plumas,063,18699,4,4,0,4,0
2020-05-17,Riverside,065,2383286,6858,5776,18,5794,245
2020-05-17,Sacramento,067,1510023,1303,1224,0,1224,56
2020-05-17,San Benito,069,59416,72,59,0,59,2
2020-05-17,San Bernardino,071,2135413,4529,3467,4,3471,155
2020-05-17,San Diego,073,3302833,6816,5838,0,5838,209
2020-05-17,San Francisco,075,870044,2345,2132,0,2132,36
2020-05-17,San Joaquin,077,732212,784,688,4,692,32
2020-05-17,San Luis Obispo,079,281455,321,242,3,245,1
2020-05-17,San Mateo,081,765935,1942,1680,3,1683,68
2020-05-17,Santa Barbara,083,443738,1577,1457,11,1468,10
2020-05-17,Santa Clara,085,1922200,3087,2453,11,2464,135
2020-05-17,Santa Cruz,087,273765,177,155,0,155,3
2020-05-17,Shasta,089,179085,49,34,0,34,4
2020-05-17,Sierra,091,2930,0,0,0,0,0
2020-05-17,Siskiyou,093,43540,7,6,0,6,0
2020-05-17,Solano,095,438530,483,392,0,392,4
2020-05-17,Sonoma,097,501317,458,376,0,376,4
2020-05-17,Stanislaus,099,539301,647,566,4,570,25
2020-05-17,Sutter,101,95872,42,38,0,38,2
2020-05-17,Tehama,103,63373,3,2,0,2,1
2020-05-17,Trinity,105,12862,2,1,0,1,0
2020-05-17,Tulare,107,460477,1996,1430,7,1437,63
2020-05-17,Tuolumne,109,53932,3,2,0,2,0
2020-05-17,Ventura,111,848112,1226,838,6,844,27
2020-05-17,Yolo,113,214977,203,182,0,182,22
2020-05-17,Yuba,115,75493,26,21,0,21,1
2020-05-16,Alameda,001,1643700,2842,2327,3,2330,83
2020-05-16,Alpine,003,1148,1,1,0,1,0
2020-05-16,Amador,005,37829,10,8,0,8,0
2020-05-16,Butte,007,227075,44,22,1,23,0
2020-05-16,Calaveras,009,45235,14,13,0,13,0
2020-05-16,Colusa,011,21464,3,3,0,3,0
2020-05-16,Contra Costa,013,1133247,1310,1136,1,1137,33
2020-05-16,Del Norte,015,27424,19,4,0,4,0
2020-05-16,El Dorado,017,186661,89,65,0,65,0
2020-05-16,Fresno,019,978130,2235,1177,33,1210,14
2020-05-16,Glenn,021,27897,13,9,0,9,0
2020-05-16,Humboldt,023,135768,92,69,0,69,0
2020-05-16,Imperial,025,180216,1682,712,4,716,14
2020-05-16,Inyo,027,18085,19,20,0,20,1
2020-05-16,Kern,029,883053,1939,1509,3,1512,26
2020-05-16,Kings,031,150075,494,356,2,358,2
2020-05-16,Lake,033,64148,13,7,0,7,0
2020-05-16,Lassen,035,31185,4,0,2,2,0
2020-05-16,Los Angeles,037,10098052,46241,37352,19,37371,1778
2020-05-16,Madera,039,155013,163,70,1,71,2
2020-05-16,Marin,041,260295,346,297,1,298,14
2020-05-16,Mariposa,043,17540,15,15,0,15,1
2020-05-16,Mendocino,045,87422,14,10,0,10,0
2020-05-16,Merced,047,269075,304,201,0,201,5
2020-05-16,Modoc,049,8938,0,0,0,0,0
2020-05-16,Mono,051,14174,36,32,0,32,1
2020-05-16,Monterey,053,433212,409,329,1,330,8
2020-05-16,Napa,055,140530,105,86,0,86,3
2020-05-16,Nevada,057,99092,42,41,1,42,1
2020-05-16,Orange,059,3164182,6520,4396,52,4448,87
2020-05-16,Placer,061,380077,195,174,0,174,8
2020-05-16,Plumas,063,18699,4,4,0,4,0
2020-05-16,Riverside,065,2383286,6773,5633,18,5651,243
2020-05-16,Sacramento,067,1510023,1296,1209,0,1209,55
2020-05-16,San Benito,069,59416,67,58,0,58,2
2020-05-16,San Bernardino,071,2135413,4457,3362,4,3366,155
2020-05-16,San Diego,073,3302833,6730,5664,0,5664,209
2020-05-16,San Francisco,075,870044,2322,2094,0,2094,36
2020-05-16,San Joaquin,077,732212,776,668,4,672,32
2020-05-16,San Luis Obispo,079,281455,320,240,3,243,1
2020-05-16,San Mateo,081,765935,1927,1652,3,1655,68
2020-05-16,Santa Barbara,083,443738,1566,1422,10,1432,10
2020-05-16,Santa Clara,085,1922200,3069,2420,11,2431,135
2020-05-16,Santa Cruz,087,273765,174,154,0,154,3
2020-05-16,Shasta,089,179085,49,33,0,33,4
2020-05-16,Sierra,091,2930,0,0,0,0,0
2020-05-16,Siskiyou,093,43540,7,6,0,6,0
2020-05-16,Solano,095,438530,478,392,0,392,4
2020-05-16,Sonoma,097,501317,445,356,0,356,4
2020-05-16,Stanislaus,099,539301,638,546,4,550,24
2020-05-16,Sutter,101,95872,42,35,0,35,2
2020-05-16,Tehama,103,63373,3,2,0,2,1
2020-05-16,Trinity,105,12862,2,1,0,1,0
2020-05-16,Tulare,107,460477,1978,1426,7,1433,63
2020-05-16,Tuolumne,109,53932,3,2,0,2,0
2020-05-16,Ventura,111,848112,1200,813,6,819,25
2020-05-16,Yolo,113,214977,202,181,0,181,22
2020-05-16,Yuba,115,75493,26,21,0,21,1
2020-05-15,Alameda,001,1643700,2808,2289,3,2292,83
2020-05-15,Alpine,003,1148,1,1,0,1,0
2020-05-15,Amador,005,37829,10,8,0,8,0
2020-05-15,Butte,007,227075,42,22,1,23,0
2020-05-15,Calaveras,009,45235,14,13,0,13,0
2020-05-15,Colusa,011,21464,3,3,0,3,0
2020-05-15,Contra Costa,013,1133247,1292,1106,1,1107,33
2020-05-15,Del Norte,015,27424,14,4,0,4,0
2020-05-15,El Dorado,017,186661,89,64,0,64,0
2020-05-15,Fresno,019,978130,2168,1126,33,1159,14
2020-05-15,Glenn,021,27897,13,9,0,9,0
2020-05-15,Humboldt,023,135768,91,60,0,60,0
2020-05-15,Imperial,025,180216,1598,680,0,680,14
2020-05-15,Inyo,027,18085,19,20,0,20,1
2020-05-15,Kern,029,883053,1883,1472,3,1475,25
2020-05-15,Kings,031,150075,491,347,2,349,2
2020-05-15,Lake,033,64148,13,7,0,7,0
2020-05-15,Lassen,035,31185,4,0,2,2,0
2020-05-15,Los Angeles,037,10098052,45455,36317,19,36336,1734
2020-05-15,Madera,039,155013,162,71,1,72,2
2020-05-15,Marin,041,260295,338,295,1,296,14
2020-05-15,Mariposa,043,17540,15,15,0,15,1
2020-05-15,Mendocino,045,87422,14,10,0,10,0
2020-05-15,Merced,047,269075,301,191,0,191,5
2020-05-15,Modoc,049,8938,0,0,0,0,0
2020-05-15,Mono,051,14174,36,31,0,31,1
2020-05-15,Monterey,053,433212,403,321,1,322,8
2020-05-15,Napa,055,140530,105,83,0,83,3
2020-05-15,Nevada,057,99092,42,41,1,42,1
2020-05-15,Orange,059,3164182,6347,4281,52,4333,87
2020-05-15,Placer,061,380077,193,174,0,174,8
2020-05-15,Plumas,063,18699,4,4,0,4,0
2020-05-15,Riverside,065,2383286,6659,5496,18,5514,233
2020-05-15,Sacramento,067,1510023,1286,1203,0,1203,55
2020-05-15,San Benito,069,59416,64,57,0,57,2
2020-05-15,San Bernardino,071,2135413,4379,3225,4,3229,153
2020-05-15,San Diego,073,3302833,6623,5525,0,5525,208
2020-05-15,San Francisco,075,870044,2306,2062,0,2062,36
2020-05-15,San Joaquin,077,732212,770,656,4,660,32
2020-05-15,San Luis Obispo,079,281455,318,237,3,240,1
2020-05-15,San Mateo,081,765935,1905,1612,3,1615,68
2020-05-15,Santa Barbara,083,443738,1557,1409,9,1418,10
2020-05-15,Santa Clara,085,1922200,3026,2395,10,2405,135
2020-05-15,Santa Cruz,087,273765,173,146,0,146,3
2020-05-15,Shasta,089,179085,48,33,0,33,4
2020-05-15,Sierra,091,2930,0,0,0,0,0
2020-05-15,Siskiyou,093,43540,6,5,0,5,0
2020-05-15,Solano,095,438530,474,388,0,388,4
2020-05-15,Sonoma,097,501317,437,349,0,349,4
2020-05-15,Stanislaus,099,539301,631,540,4,544,23
2020-05-15,Sutter,101,95872,41,35,0,35,2
2020-05-15,Tehama,103,63373,3,1,0,1,1
2020-05-15,Trinity,105,12862,2,1,0,1,0
2020-05-15,Tulare,107,460477,1950,1356,7,1363,61
2020-05-15,Tuolumne,109,53932,3,2,0,2,0
2020-05-15,Ventura,111,848112,1182,789,5,794,25
2020-05-15,Yolo,113,214977,201,182,0,182,22
2020-05-15,Yuba,115,75493,26,21,0,21,1
2020-05-14,Alameda,001,1643700,2715,2255,3,2258,80
2020-05-14,Alpine,003,1148,1,1,0,1,0
2020-05-14,Amador,005,37829,10,8,0,8,0
2020-05-14,Butte,007,227075,40,22,1,23,0
2020-05-14,Calaveras,009,45235,14,13,0,13,0
2020-05-14,Colusa,011,21464,3,3,0,3,0
2020-05-14,Contra Costa,013,1133247,1266,1090,1,1091,32
2020-05-14,Del Norte,015,27424,14,4,0,4,0
2020-05-14,El Dorado,017,186661,80,59,0,59,0
2020-05-14,Fresno,019,978130,2108,1038,29,1067,12
2020-05-14,Glenn,021,27897,12,8,0,8,0
2020-05-14,Humboldt,023,135768,89,59,0,59,0
2020-05-14,Imperial,025,180216,1481,652,0,652,13
2020-05-14,Inyo,027,18085,19,20,0,20,1
2020-05-14,Kern,029,883053,1841,1430,3,1433,21
2020-05-14,Kings,031,150075,475,342,2,344,1
2020-05-14,Lake,033,64148,13,7,0,7,0
2020-05-14,Lassen,035,31185,4,0,2,2,0
2020-05-14,Los Angeles,037,10098052,44280,35427,19,35446,1693
2020-05-14,Madera,039,155013,153,69,1,70,2
2020-05-14,Marin,041,260295,320,283,1,284,14
2020-05-14,Mariposa,043,17540,15,15,0,15,0
2020-05-14,Mendocino,045,87422,13,10,0,10,0
2020-05-14,Merced,047,269075,290,182,0,182,3
2020-05-14,Modoc,049,8938,0,0,0,0,0
2020-05-14,Mono,051,14174,36,31,0,31,1
2020-05-14,Monterey,053,433212,393,317,1,318,7
2020-05-14,Napa,055,140530,103,83,0,83,3
2020-05-14,Nevada,057,99092,41,41,1,42,1
2020-05-14,Orange,059,3164182,6171,4163,50,4213,83
2020-05-14,Placer,061,380077,193,172,0,172,8
2020-05-14,Plumas,063,18699,4,4,0,4,0
2020-05-14,Riverside,065,2383286,6475,5339,18,5357,224
2020-05-14,Sacramento,067,1510023,1274,1181,0,1181,55
2020-05-14,San Benito,069,59416,62,56,0,56,2
2020-05-14,San Bernardino,071,2135413,4200,3149,4,3153,149
2020-05-14,San Diego,073,3302833,6488,5393,0,5393,200
2020-05-14,San Francisco,075,870044,2273,2029,0,2029,36
2020-05-14,San Joaquin,077,732212,755,643,4,647,31
2020-05-14,San Luis Obispo,079,281455,315,236,3,239,1
2020-05-14,San Mateo,081,765935,1873,1588,3,1591,67
2020-05-14,Santa Barbara,083,443738,1545,1395,9,1404,11
2020-05-14,Santa Clara,085,1922200,3003,2380,10,2390,134
2020-05-14,Santa Cruz,087,273765,171,145,0,145,3
2020-05-14,Shasta,089,179085,48,33,0,33,4
2020-05-14,Sierra,091,2930,0,0,0,0,0
2020-05-14,Siskiyou,093,43540,6,5,0,5,0
2020-05-14,Solano,095,438530,465,372,0,372,4
2020-05-14,Sonoma,097,501317,420,333,0,333,4
2020-05-14,Stanislaus,099,539301,612,533,4,537,23
2020-05-14,Sutter,101,95872,41,34,0,34,2
2020-05-14,Tehama,103,63373,3,1,0,1,1
2020-05-14,Trinity,105,12862,2,1,0,1,0
2020-05-14,Tulare,107,460477,1911,1317,7,1324,55
2020-05-14,Tuolumne,109,53932,3,2,0,2,0
2020-05-14,Ventura,111,848112,1151,760,5,765,25
2020-05-14,Yolo,113,214977,201,180,0,180,22
2020-05-14,Yuba,115,75493,26,21,0,21,1
2020-05-13,Alameda,001,1643700,2657,2181,3,2184,78
2020-05-13,Alpine,003,1148,1,1,0,1,0
2020-05-13,Amador,005,37829,10,8,0,8,0
2020-05-13,Butte,007,227075,40,21,1,22,0
2020-05-13,Calaveras,009,45235,14,13,0,13,0
2020-05-13,Colusa,011,21464,3,3,0,3,0
2020-05-13,Contra Costa,013,1133247,1244,1082,1,1083,32
2020-05-13,Del Norte,015,27424,13,4,0,4,0
2020-05-13,El Dorado,017,186661,79,58,0,58,0
2020-05-13,Fresno,019,978130,2011,993,29,1022,10
2020-05-13,Glenn,021,27897,11,6,0,6,0
2020-05-13,Humboldt,023,135768,83,58,0,58,0
2020-05-13,Imperial,025,180216,1411,610,0,610,11
2020-05-13,Inyo,027,18085,19,20,0,20,1
2020-05-13,Kern,029,883053,1795,1390,3,1393,19
2020-05-13,Kings,031,150075,461,314,2,316,1
2020-05-13,Lake,033,64148,13,7,0,7,0
2020-05-13,Lassen,035,31185,4,0,2,2,0
2020-05-13,Los Angeles,037,10098052,42974,34574,19,34593,1643
2020-05-13,Madera,039,155013,144,69,1,70,2
2020-05-13,Marin,041,260295,307,278,1,279,14
2020-05-13,Mariposa,043,17540,15,15,0,15,0
2020-05-13,Mendocino,045,87422,13,10,0,10,0
2020-05-13,Merced,047,269075,287,176,0,176,3
2020-05-13,Modoc,049,8938,0,0,0,0,0
2020-05-13,Mono,051,14174,35,31,0,31,1
2020-05-13,Monterey,053,433212,383,309,1,310,6
2020-05-13,Napa,055,140530,103,81,0,81,3
2020-05-13,Nevada,057,99092,41,41,1,42,1
2020-05-13,Orange,059,3164182,5925,4025,48,4073,79
2020-05-13,Placer,061,380077,192,170,0,170,8
2020-05-13,Plumas,063,18699,4,4,0,4,0
2020-05-13,Riverside,065,2383286,6352,5204,18,5222,216
2020-05-13,Sacramento,067,1510023,1259,1173,0,1173,53
2020-05-13,San Benito,069,59416,62,55,0,55,2
2020-05-13,San Bernardino,071,2135413,3944,3064,3,3067,140
2020-05-13,San Diego,073,3302833,6352,5280,0,5280,194
2020-05-13,San Francisco,075,870044,2245,2004,0,2004,35
2020-05-13,San Joaquin,077,732212,734,639,3,642,31
2020-05-13,San Luis Obispo,079,281455,313,231,3,234,1
2020-05-13,San Mateo,081,765935,1841,1550,3,1553,66
2020-05-13,Santa Barbara,083,443738,1534,1382,9,1391,10
2020-05-13,Santa Clara,085,1922200,2983,2370,10,2380,132
2020-05-13,Santa Cruz,087,273765,167,142,0,142,2
2020-05-13,Shasta,089,179085,48,32,0,32,4
2020-05-13,Sierra,091,2930,0,0,0,0,0
2020-05-13,Siskiyou,093,43540,6,5,0,5,0
2020-05-13,Solano,095,438530,452,368,0,368,4
2020-05-13,Sonoma,097,501317,410,330,0,330,4
2020-05-13,Stanislaus,099,539301,603,521,4,525,15
2020-05-13,Sutter,101,95872,41,33,0,33,2
2020-05-13,Tehama,103,63373,3,1,0,1,1
2020-05-13,Trinity,105,12862,2,2,0,2,0
2020-05-13,Tulare,107,460477,1878,1283,7,1290,54
2020-05-13,Tuolumne,109,53932,3,2,0,2,0
2020-05-13,Ventura,111,848112,1120,742,5,747,25
2020-05-13,Yolo,113,214977,199,178,0,178,22
2020-05-13,Yuba,115,75493,24,19,0,19,1
2020-05-12,Alameda,001,1643700,2592,2146,3,2149,74
2020-05-12,Alpine,003,1148,1,1,0,1,0
2020-05-12,Amador,005,37829,10,8,0,8,0
2020-05-12,Butte,007,227075,38,20,1,21,0
2020-05-12,Calaveras,009,45235,13,13,0,13,0
2020-05-12,Colusa,011,21464,3,3,0,3,0
2020-05-12,Contra Costa,013,1133247,1213,1067,1,1068,32
2020-05-12,Del Norte,015,27424,10,3,0,3,0
2020-05-12,El Dorado,017,186661,76,56,0,56,0
2020-05-12,Fresno,019,978130,1927,978,27,1005,9
2020-05-12,Glenn,021,27897,10,6,0,6,0
2020-05-12,Humboldt,023,135768,80,58,0,58,0
2020-05-12,Imperial,025,180216,1280,602,0,602,9
2020-05-12,Inyo,027,18085,19,20,0,20,1
2020-05-12,Kern,029,883053,1754,1363,3,1366,18
2020-05-12,Kings,031,150075,440,302,2,304,1
2020-05-12,Lake,033,64148,13,7,0,7,0
2020-05-12,Lassen,035,31185,4,0,2,2,0
2020-05-12,Los Angeles,037,10098052,41979,33281,18,33299,1601
2020-05-12,Madera,039,155013,138,69,1,70,2
2020-05-12,Marin,041,260295,302,274,1,275,14
2020-05-12,Mariposa,043,17540,15,15,0,15,0
2020-05-12,Mendocino,045,87422,13,10,0,10,0
2020-05-12,Merced,047,269075,276,175,0,175,3
2020-05-12,Modoc,049,8938,0,0,0,0,0
2020-05-12,Mono,051,14174,35,31,0,31,1
2020-05-12,Monterey,053,433212,376,298,1,299,6
2020-05-12,Napa,055,140530,101,80,0,80,3
2020-05-12,Nevada,057,99092,41,41,1,42,1
2020-05-12,Orange,059,3164182,5742,3843,46,3889,78
2020-05-12,Placer,061,380077,191,170,0,170,8
2020-05-12,Plumas,063,18699,4,4,0,4,0
2020-05-12,Riverside,065,2383286,6229,5134,18,5152,210
2020-05-12,Sacramento,067,1510023,1239,1166,0,1166,52
2020-05-12,San Benito,069,59416,62,55,0,55,2
2020-05-12,San Bernardino,071,2135413,3792,2997,3,3000,131
2020-05-12,San Diego,073,3302833,6208,3,0,3,0
2020-05-12,San Francisco,075,870044,2210,1981,0,1981,35
2020-05-12,San Joaquin,077,732212,719,625,3,628,30
2020-05-12,San Luis Obispo,079,281455,310,226,3,229,1
2020-05-12,San Mateo,081,765935,1815,1533,3,1536,66
2020-05-12,Santa Barbara,083,443738,1503,1377,9,1386,10
2020-05-12,Santa Clara,085,1922200,2953,2362,10,2372,131
2020-05-12,Santa Cruz,087,273765,165,141,0,141,2
2020-05-12,Shasta,089,179085,47,33,0,33,4
2020-05-12,Sierra,091,2930,0,0,0,0,0
2020-05-12,Siskiyou,093,43540,6,5,0,5,0
2020-05-12,Solano,095,438530,444,361,0,361,4
2020-05-12,Sonoma,097,501317,387,308,0,308,4
2020-05-12,Stanislaus,099,539301,596,515,4,519,15
2020-05-12,Sutter,101,95872,41,33,0,33,2
2020-05-12,Tehama,103,63373,3,1,0,1,1
2020-05-12,Trinity,105,12862,2,1,0,1,0
2020-05-12,Tulare,107,460477,1846,1261,7,1268,52
2020-05-12,Tuolumne,109,53932,3,2,0,2,0
2020-05-12,Ventura,111,848112,1064,718,5,723,20
2020-05-12,Yolo,113,214977,198,176,0,176,22
2020-05-12,Yuba,115,75493,24,19,0,19,1
2020-05-11,Alameda,001,1643700,2542,2103,3,2106,71
2020-05-11,Alpine,003,1148,1,1,0,1,0
2020-05-11,Amador,005,37829,10,8,0,8,0
2020-05-11,Butte,007,227075,37,19,1,20,0
2020-05-11,Calaveras,009,45235,13,13,0,13,0
2020-05-11,Colusa,011,21464,3,3,0,3,0
2020-05-11,Contra Costa,013,1133247,1199,1052,1,1053,32
2020-05-11,Del Norte,015,27424,8,3,0,3,0
2020-05-11,El Dorado,017,186661,76,55,0,55,0
2020-05-11,Fresno,019,978130,1835,937,26,963,8
2020-05-11,Glenn,021,27897,10,6,0,6,0
2020-05-11,Humboldt,023,135768,77,56,0,56,0
2020-05-11,Imperial,025,180216,1174,562,0,562,9
2020-05-11,Inyo,027,18085,19,20,0,20,1
2020-05-11,Kern,029,883053,1702,1331,3,1334,17
2020-05-11,Kings,031,150075,417,289,1,290,1
2020-05-11,Lake,033,64148,12,7,0,7,0
2020-05-11,Lassen,035,31185,4,0,2,2,0
2020-05-11,Los Angeles,037,10098052,40801,32279,18,32297,1553
2020-05-11,Madera,039,155013,129,68,1,69,2
2020-05-11,Marin,041,260295,293,271,1,272,14
2020-05-11,Mariposa,043,17540,15,15,0,15,0
2020-05-11,Mendocino,045,87422,13,10,0,10,0
2020-05-11,Merced,047,269075,261,158,0,158,3
2020-05-11,Modoc,049,8938,0,0,0,0,0
2020-05-11,Mono,051,14174,35,30,0,30,1
2020-05-11,Monterey,053,433212,373,286,1,287,6
2020-05-11,Napa,055,140530,95,79,0,79,2
2020-05-11,Nevada,057,99092,41,41,1,42,1
2020-05-11,Orange,059,3164182,5527,3699,39,3738,77
2020-05-11,Placer,061,380077,191,170,0,170,8
2020-05-11,Plumas,063,18699,4,4,0,4,0
2020-05-11,Riverside,065,2383286,6071,5082,17,5099,203
2020-05-11,Sacramento,067,1510023,1224,1160,0,1160,52
2020-05-11,San Benito,069,59416,60,52,0,52,2
2020-05-11,San Bernardino,071,2135413,3682,2945,3,2948,124
2020-05-11,San Diego,073,3302833,6055,5067,0,5067,175
2020-05-11,San Francisco,075,870044,2163,1974,0,1974,35
2020-05-11,San Joaquin,077,732212,709,620,3,623,30
2020-05-11,San Luis Obispo,079,281455,308,224,3,227,1
2020-05-11,San Mateo,081,765935,1789,1499,2,1501,66
2020-05-11,Santa Barbara,083,443738,1492,1372,8,1380,10
2020-05-11,Santa Clara,085,1922200,2936,2340,10,2350,129
2020-05-11,Santa Cruz,087,273765,162,140,0,140,2
2020-05-11,Shasta,089,179085,47,31,0,31,4
2020-05-11,Sierra,091,2930,0,0,0,0,0
2020-05-11,Siskiyou,093,43540,6,5,0,5,0
2020-05-11,Solano,095,438530,439,354,0,354,4
2020-05-11,Sonoma,097,501317,377,303,0,303,3
2020-05-11,Stanislaus,099,539301,586,507,4,511,14
2020-05-11,Sutter,101,95872,40,32,0,32,2
2020-05-11,Tehama,103,63373,3,1,0,1,1
2020-05-11,Trinity,105,12862,2,1,0,1,0
2020-05-11,Tulare,107,460477,1797,1203,7,1210,49
2020-05-11,Tuolumne,109,53932,3,2,0,2,0
2020-05-11,Ventura,111,848112,1003,698,4,702,19
2020-05-11,Yolo,113,214977,198,174,0,174,20
2020-05-11,Yuba,115,75493,24,18,0,18,1
2020-05-10,Alameda,001,1643700,2465,2047,3,2050,71
2020-05-10,Alpine,003,1148,1,1,0,1,0
2020-05-10,Amador,005,37829,10,8,0,8,0
2020-05-10,Butte,007,227075,32,18,1,19,0
2020-05-10,Calaveras,009,45235,13,13,0,13,0
2020-05-10,Colusa,011,21464,3,3,0,3,0
2020-05-10,Contra Costa,013,1133247,1185,1046,0,1046,31
2020-05-10,Del Norte,015,27424,7,3,0,3,0
2020-05-10,El Dorado,017,186661,76,55,0,55,0
2020-05-10,Fresno,019,978130,1750,894,26,920,8
2020-05-10,Glenn,021,27897,10,6,0,6,0
2020-05-10,Humboldt,023,135768,73,56,0,56,0
2020-05-10,Imperial,025,180216,1079,509,0,509,7
2020-05-10,Inyo,027,18085,19,20,0,20,1
2020-05-10,Kern,029,883053,1651,1300,2,1302,16
2020-05-10,Kings,031,150075,404,266,1,267,1
2020-05-10,Lake,033,64148,12,7,0,7,0
2020-05-10,Lassen,035,31185,4,0,2,2,0
2020-05-10,Los Angeles,037,10098052,39541,31711,18,31729,1514
2020-05-10,Madera,039,155013,127,65,1,66,2
2020-05-10,Marin,041,260295,285,267,1,268,14
2020-05-10,Mariposa,043,17540,15,15,0,15,0
2020-05-10,Mendocino,045,87422,12,10,0,10,0
2020-05-10,Merced,047,269075,246,154,0,154,3
2020-05-10,Modoc,049,8938,0,0,0,0,0
2020-05-10,Mono,051,14174,35,27,0,27,1
2020-05-10,Monterey,053,433212,359,282,1,283,6
2020-05-10,Napa,055,140530,89,79,0,79,2
2020-05-10,Nevada,057,99092,41,41,1,42,1
2020-05-10,Orange,059,3164182,5384,3627,39,3666,76
2020-05-10,Placer,061,380077,190,168,0,168,8
2020-05-10,Plumas,063,18699,4,4,0,4,0
2020-05-10,Riverside,065,2383286,5949,4951,17,4968,193
2020-05-10,Sacramento,067,1510023,1208,1152,0,1152,52
2020-05-10,San Benito,069,59416,60,52,0,52,2
2020-05-10,San Bernardino,071,2135413,3584,2910,3,2913,121
2020-05-10,San Diego,073,3302833,5903,4928,0,4928,175
2020-05-10,San Francisco,075,870044,2145,1953,0,1953,35
2020-05-10,San Joaquin,077,732212,694,611,3,614,29
2020-05-10,San Luis Obispo,079,281455,305,218,3,221,1
2020-05-10,San Mateo,081,765935,1767,1463,2,1465,65
2020-05-10,Santa Barbara,083,443738,1481,1323,8,1331,10
2020-05-10,Santa Clara,085,1922200,2909,2331,10,2341,129
2020-05-10,Santa Cruz,087,273765,161,139,0,139,2
2020-05-10,Shasta,089,179085,47,31,0,31,4
2020-05-10,Sierra,091,2930,0,0,0,0,0
2020-05-10,Siskiyou,093,43540,5,5,0,5,0
2020-05-10,Solano,095,438530,429,322,0,322,4
2020-05-10,Sonoma,097,501317,367,290,0,290,3
2020-05-10,Stanislaus,099,539301,579,498,4,502,14
2020-05-10,Sutter,101,95872,37,31,0,31,2
2020-05-10,Tehama,103,63373,3,1,0,1,1
2020-05-10,Trinity,105,12862,2,1,0,1,0
2020-05-10,Tulare,107,460477,1726,1143,7,1150,47
2020-05-10,Tuolumne,109,53932,3,2,0,2,0
2020-05-10,Ventura,111,848112,945,690,2,692,19
2020-05-10,Yolo,113,214977,198,173,0,173,20
2020-05-10,Yuba,115,75493,23,17,0,17,1
2020-05-09,Alameda,001,1643700,2422,2011,3,2014,71
2020-05-09,Alpine,003,1148,1,1,0,1,0
2020-05-09,Amador,005,37829,9,8,0,8,0
2020-05-09,Butte,007,227075,31,18,1,19,0
2020-05-09,Calaveras,009,45235,13,13,0,13,0
2020-05-09,Colusa,011,21464,3,3,0,3,0
2020-05-09,Contra Costa,013,1133247,1171,1039,0,1039,31
2020-05-09,Del Norte,015,27424,7,3,0,3,0
2020-05-09,El Dorado,017,186661,73,54,0,54,0
2020-05-09,Fresno,019,978130,1712,861,25,886,8
2020-05-09,Glenn,021,27897,9,6,0,6,0
2020-05-09,Humboldt,023,135768,71,55,0,55,0
2020-05-09,Imperial,025,180216,1023,474,0,474,7
2020-05-09,Inyo,027,18085,19,20,0,20,1
2020-05-09,Kern,029,883053,1615,1262,1,1263,15
2020-05-09,Kings,031,150075,399,264,1,265,1
2020-05-09,Lake,033,64148,12,7,0,7,0
2020-05-09,Lassen,035,31185,4,0,2,2,0
2020-05-09,Los Angeles,037,10098052,38919,31268,18,31286,1499
2020-05-09,Madera,039,155013,126,61,1,62,2
2020-05-09,Marin,041,260295,284,261,1,262,14
2020-05-09,Mariposa,043,17540,15,15,0,15,0
2020-05-09,Mendocino,045,87422,12,10,0,10,0
2020-05-09,Merced,047,269075,242,153,0,153,3
2020-05-09,Modoc,049,8938,0,0,0,0,0
2020-05-09,Mono,051,14174,35,27,0,27,1
2020-05-09,Monterey,053,433212,352,273,0,273,6
2020-05-09,Napa,055,140530,88,78,0,78,2
2020-05-09,Nevada,057,99092,41,41,1,42,1
2020-05-09,Orange,059,3164182,5302,3506,38,3544,75
2020-05-09,Placer,061,380077,189,168,0,168,8
2020-05-09,Plumas,063,18699,4,4,0,4,0
2020-05-09,Riverside,065,2383286,5854,4871,17,4888,183
2020-05-09,Sacramento,067,1510023,1204,1150,0,1150,52
2020-05-09,San Benito,069,59416,59,52,0,52,2
2020-05-09,San Bernardino,071,2135413,3528,2825,3,2828,121
2020-05-09,San Diego,073,3302833,5791,4778,0,4778,175
2020-05-09,San Francisco,075,870044,2130,1944,0,1944,34
2020-05-09,San Joaquin,077,732212,685,605,3,608,28
2020-05-09,San Luis Obispo,079,281455,301,213,3,216,1
2020-05-09,San Mateo,081,765935,1748,1453,2,1455,65
2020-05-09,Santa Barbara,083,443738,1473,1245,8,1253,10
2020-05-09,Santa Clara,085,1922200,2895,2317,10,2327,128
2020-05-09,Santa Cruz,087,273765,160,138,0,138,2
2020-05-09,Shasta,089,179085,47,31,0,31,4
2020-05-09,Sierra,091,2930,0,0,0,0,0
2020-05-09,Siskiyou,093,43540,5,5,0,5,0
2020-05-09,Solano,095,438530,423,321,0,321,4
2020-05-09,Sonoma,097,501317,363,288,0,288,3
2020-05-09,Stanislaus,099,539301,571,491,4,495,12
2020-05-09,Sutter,101,95872,37,31,0,31,2
2020-05-09,Tehama,103,63373,2,1,0,1,1
2020-05-09,Trinity,105,12862,2,1,0,1,0
2020-05-09,Tulare,107,460477,1698,1083,7,1090,47
2020-05-09,Tuolumne,109,53932,3,2,0,2,0
2020-05-09,Ventura,111,848112,924,679,2,681,19
2020-05-09,Yolo,113,214977,198,172,0,172,18
2020-05-09,Yuba,115,75493,23,17,0,17,1
2020-05-08,Alameda,001,1643700,2379,1955,3,1958,70
2020-05-08,Alpine,003,1148,1,1,0,1,0
2020-05-08,Amador,005,37829,9,8,0,8,0
2020-05-08,Butte,007,227075,31,18,1,19,0
2020-05-08,Calaveras,009,45235,13,13,0,13,0
2020-05-08,Colusa,011,21464,3,3,0,3,0
2020-05-08,Contra Costa,013,1133247,1159,1024,0,1024,29
2020-05-08,Del Norte,015,27424,7,3,0,3,0
2020-05-08,El Dorado,017,186661,72,54,0,54,0
2020-05-08,Fresno,019,978130,1670,838,23,861,8
2020-05-08,Glenn,021,27897,8,6,0,6,0
2020-05-08,Humboldt,023,135768,68,54,0,54,0
2020-05-08,Imperial,025,180216,978,467,0,467,7
2020-05-08,Inyo,027,18085,19,20,0,20,1
2020-05-08,Kern,029,883053,1584,1214,1,1215,13
2020-05-08,Kings,031,150075,390,236,1,237,1
2020-05-08,Lake,033,64148,12,7,0,7,0
2020-05-08,Lassen,035,31185,4,0,2,2,0
2020-05-08,Los Angeles,037,10098052,38187,30357,18,30375,1447
2020-05-08,Madera,039,155013,123,57,1,58,2
2020-05-08,Marin,041,260295,284,257,1,258,14
2020-05-08,Mariposa,043,17540,15,15,0,15,0
2020-05-08,Mendocino,045,87422,12,10,0,10,0
2020-05-08,Merced,047,269075,241,151,0,151,3
2020-05-08,Modoc,049,8938,0,0,0,0,0
2020-05-08,Mono,051,14174,32,27,0,27,1
2020-05-08,Monterey,053,433212,344,265,0,265,6
2020-05-08,Napa,055,140530,87,78,0,78,2
2020-05-08,Nevada,057,99092,41,41,1,42,1
2020-05-08,Orange,059,3164182,5156,3395,38,3433,72
2020-05-08,Placer,061,380077,187,166,0,166,8
2020-05-08,Plumas,063,18699,4,4,0,4,0
2020-05-08,Riverside,065,2383286,5754,4672,16,4688,181
2020-05-08,Sacramento,067,1510023,1199,1145,0,1145,51
2020-05-08,San Benito,069,59416,59,51,0,51,2
2020-05-08,San Bernardino,071,2135413,3480,2631,3,2634,119
2020-05-08,San Diego,073,3302833,5684,4664,0,4664,169
2020-05-08,San Francisco,075,870044,2112,1890,0,1890,33
2020-05-08,San Joaquin,077,732212,678,595,3,598,28
2020-05-08,San Luis Obispo,079,281455,298,210,3,213,1
2020-05-08,San Mateo,081,765935,1663,1423,2,1425,62
2020-05-08,Santa Barbara,083,443738,1464,1054,6,1060,8
2020-05-08,Santa Clara,085,1922200,2872,2285,10,2295,128
2020-05-08,Santa Cruz,087,273765,156,137,0,137,2
2020-05-08,Shasta,089,179085,47,31,0,31,4
2020-05-08,Sierra,091,2930,0,0,0,0,0
2020-05-08,Siskiyou,093,43540,5,5,0,5,0
2020-05-08,Solano,095,438530,418,314,0,314,4
2020-05-08,Sonoma,097,501317,358,285,0,285,3
2020-05-08,Stanislaus,099,539301,557,487,4,491,12
2020-05-08,Sutter,101,95872,37,30,0,30,2
2020-05-08,Tehama,103,63373,2,1,0,1,1
2020-05-08,Trinity,105,12862,2,0,0,0,0
2020-05-08,Tulare,107,460477,1653,1050,6,1056,43
2020-05-08,Tuolumne,109,53932,3,2,0,2,0
2020-05-08,Ventura,111,848112,906,665,2,667,19
2020-05-08,Yolo,113,214977,197,172,0,172,18
2020-05-08,Yuba,115,75493,22,16,0,16,1
2020-05-07,Alameda,001,1643700,2319,1914,3,1917,68
2020-05-07,Alpine,003,1148,1,1,0,1,0
2020-05-07,Amador,005,37829,9,8,0,8,0
2020-05-07,Butte,007,227075,31,19,1,20,0
2020-05-07,Calaveras,009,45235,13,13,0,13,0
2020-05-07,Colusa,011,21464,3,3,0,3,0
2020-05-07,Contra Costa,013,1133247,1145,1005,0,1005,29
2020-05-07,Del Norte,015,27424,6,3,0,3,0
2020-05-07,El Dorado,017,186661,71,54,0,54,0
2020-05-07,Fresno,019,978130,1584,812,22,834,8
2020-05-07,Glenn,021,27897,8,5,0,5,0
2020-05-07,Humboldt,023,135768,67,54,0,54,0
2020-05-07,Imperial,025,180216,915,442,0,442,6
2020-05-07,Inyo,027,18085,19,20,0,20,1
2020-05-07,Kern,029,883053,1540,1176,1,1177,13
2020-05-07,Kings,031,150075,367,219,1,220,1
2020-05-07,Lake,033,64148,11,7,0,7,0
2020-05-07,Lassen,035,31185,4,0,2,2,0
2020-05-07,Los Angeles,037,10098052,37066,29544,18,29562,1399
2020-05-07,Madera,039,155013,119,54,1,55,2
2020-05-07,Marin,041,260295,277,252,1,253,14
2020-05-07,Mariposa,043,17540,15,15,0,15,0
2020-05-07,Mendocino,045,87422,12,10,0,10,0
2020-05-07,Merced,047,269075,233,146,0,146,3
2020-05-07,Modoc,049,8938,0,0,0,0,0
2020-05-07,Mono,051,14174,32,26,0,26,1
2020-05-07,Monterey,053,433212,336,249,0,249,6
2020-05-07,Napa,055,140530,87,78,0,78,2
2020-05-07,Nevada,057,99092,41,41,1,42,1
2020-05-07,Orange,059,3164182,4971,3283,37,3320,69
2020-05-07,Placer,061,380077,187,165,0,165,8
2020-05-07,Plumas,063,18699,4,4,0,4,0
2020-05-07,Riverside,065,2383286,5638,4608,16,4624,170
2020-05-07,Sacramento,067,1510023,1193,1139,0,1139,50
2020-05-07,San Benito,069,59416,59,50,0,50,2
2020-05-07,San Bernardino,071,2135413,3388,2522,3,2525,115
2020-05-07,San Diego,073,3302833,5527,4431,0,4431,165
2020-05-07,San Francisco,075,870044,2081,1852,0,1852,33
2020-05-07,San Joaquin,077,732212,665,583,3,586,28
2020-05-07,San Luis Obispo,079,281455,287,209,3,212,1
2020-05-07,San Mateo,081,765935,1641,1398,2,1400,58
2020-05-07,Santa Barbara,083,443738,1437,720,5,725,8
2020-05-07,Santa Clara,085,1922200,2834,2281,10,2291,127
2020-05-07,Santa Cruz,087,273765,153,136,0,136,2
2020-05-07,Shasta,089,179085,46,31,0,31,4
2020-05-07,Sierra,091,2930,0,0,0,0,0
2020-05-07,Siskiyou,093,43540,5,5,0,5,0
2020-05-07,Solano,095,438530,412,307,0,307,4
2020-05-07,Sonoma,097,501317,346,282,0,282,3
2020-05-07,Stanislaus,099,539301,548,466,4,470,10
2020-05-07,Sutter,101,95872,37,29,0,29,2
2020-05-07,Tehama,103,63373,2,1,0,1,1
2020-05-07,Trinity,105,12862,2,0,0,0,0
2020-05-07,Tulare,107,460477,1585,1001,6,1007,41
2020-05-07,Tuolumne,109,53932,3,2,0,2,0
2020-05-07,Ventura,111,848112,882,647,1,648,19
2020-05-07,Yolo,113,214977,196,172,0,172,18
2020-05-07,Yuba,115,75493,22,16,0,16,1
2020-05-06,Alameda,001,1643700,2281,1864,3,1867,67
2020-05-06,Alpine,003,1148,1,1,0,1,0
2020-05-06,Amador,005,37829,9,8,0,8,0
2020-05-06,Butte,007,227075,30,19,1,20,0
2020-05-06,Calaveras,009,45235,13,13,0,13,0
2020-05-06,Colusa,011,21464,3,3,0,3,0
2020-05-06,Contra Costa,013,1133247,1124,990,0,990,29
2020-05-06,Del Norte,015,27424,6,3,0,3,0
2020-05-06,El Dorado,017,186661,69,53,0,53,0
2020-05-06,Fresno,019,978130,1521,773,20,793,8
2020-05-06,Glenn,021,27897,8,3,0,3,0
2020-05-06,Humboldt,023,135768,66,54,0,54,0
2020-05-06,Imperial,025,180216,847,399,0,399,6
2020-05-06,Inyo,027,18085,19,20,0,20,1
2020-05-06,Kern,029,883053,1484,1112,1,1113,12
2020-05-06,Kings,031,150075,349,208,1,209,1
2020-05-06,Lake,033,64148,11,7,0,7,0
2020-05-06,Lassen,035,31185,4,0,2,2,0
2020-05-06,Los Angeles,037,10098052,36061,28687,18,28705,1347
2020-05-06,Madera,039,155013,117,55,1,56,2
2020-05-06,Marin,041,260295,270,244,1,245,14
2020-05-06,Mariposa,043,17540,15,14,0,14,0
2020-05-06,Mendocino,045,87422,12,10,0,10,0
2020-05-06,Merced,047,269075,226,140,0,140,3
2020-05-06,Modoc,049,8938,0,0,0,0,0
2020-05-06,Mono,051,14174,32,26,0,26,1
2020-05-06,Monterey,053,433212,328,246,0,246,6
2020-05-06,Napa,055,140530,86,78,0,78,2
2020-05-06,Nevada,057,99092,41,41,1,42,1
2020-05-06,Orange,059,3164182,4787,3156,36,3192,66
2020-05-06,Placer,061,380077,184,164,0,164,8
2020-05-06,Plumas,063,18699,4,4,0,4,0
2020-05-06,Riverside,065,2383286,5494,4535,16,4551,163
2020-05-06,Sacramento,067,1510023,1187,1135,0,1135,49
2020-05-06,San Benito,069,59416,58,50,0,50,2
2020-05-06,San Bernardino,071,2135413,3266,2426,2,2428,110
2020-05-06,San Diego,073,3302833,5394,4321,0,4321,158
2020-05-06,San Francisco,075,870044,2056,1804,0,1804,32
2020-05-06,San Joaquin,077,732212,652,581,3,584,28
2020-05-06,San Luis Obispo,079,281455,284,207,3,210,1
2020-05-06,San Mateo,081,765935,1610,1348,2,1350,57
2020-05-06,Santa Barbara,083,443738,1396,565,4,569,8
2020-05-06,Santa Clara,085,1922200,2817,2270,9,2279,127
2020-05-06,Santa Cruz,087,273765,149,135,0,135,2
2020-05-06,Shasta,089,179085,45,31,0,31,4
2020-05-06,Sierra,091,2930,0,0,0,0,0
2020-05-06,Siskiyou,093,43540,5,5,0,5,0
2020-05-06,Solano,095,438530,402,300,0,300,4
2020-05-06,Sonoma,097,501317,330,269,0,269,3
2020-05-06,Stanislaus,099,539301,532,434,4,438,9
2020-05-06,Sutter,101,95872,37,29,0,29,2
2020-05-06,Tehama,103,63373,2,1,0,1,1
2020-05-06,Trinity,105,12862,2,0,0,0,0
2020-05-06,Tulare,107,460477,1537,963,6,969,40
2020-05-06,Tuolumne,109,53932,3,2,0,2,0
2020-05-06,Ventura,111,848112,855,619,1,620,19
2020-05-06,Yolo,113,214977,195,172,0,172,18
2020-05-06,Yuba,115,75493,22,15,0,15,1
2020-05-05,Alameda,001,1643700,2238,1819,3,1822,67
2020-05-05,Alpine,003,1148,1,1,0,1,0
2020-05-05,Amador,005,37829,9,8,0,8,0
2020-05-05,Butte,007,227075,29,19,1,20,0
2020-05-05,Calaveras,009,45235,13,13,0,13,0
2020-05-05,Colusa,011,21464,3,3,0,3,0
2020-05-05,Contra Costa,013,1133247,1106,976,0,976,29
2020-05-05,Del Norte,015,27424,6,3,0,3,0
2020-05-05,El Dorado,017,186661,67,54,0,54,0
2020-05-05,Fresno,019,978130,1448,726,18,744,8
2020-05-05,Glenn,021,27897,8,3,0,3,0
2020-05-05,Humboldt,023,135768,63,54,0,54,0
2020-05-05,Imperial,025,180216,792,389,0,389,6
2020-05-05,Inyo,027,18085,19,20,0,20,1
2020-05-05,Kern,029,883053,1432,1084,1,1085,11
2020-05-05,Kings,031,150075,331,187,1,188,1
2020-05-05,Lake,033,64148,10,7,0,7,0
2020-05-05,Lassen,035,31185,4,0,2,2,0
2020-05-05,Los Angeles,037,10098052,34989,27867,18,27885,1289
2020-05-05,Madera,039,155013,113,53,1,54,2
2020-05-05,Marin,041,260295,264,244,1,245,14
2020-05-05,Mariposa,043,17540,15,14,0,14,0
2020-05-05,Mendocino,045,87422,12,10,0,10,0
2020-05-05,Merced,047,269075,221,141,0,141,3
2020-05-05,Modoc,049,8938,0,0,0,0,0
2020-05-05,Mono,051,14174,32,25,0,25,1
2020-05-05,Monterey,053,433212,314,240,0,240,6
2020-05-05,Napa,055,140530,86,74,0,74,2
2020-05-05,Nevada,057,99092,41,41,1,42,1
2020-05-05,Orange,059,3164182,4663,3041,36,3077,63
2020-05-05,Placer,061,380077,184,162,0,162,8
2020-05-05,Plumas,063,18699,4,4,0,4,0
2020-05-05,Riverside,065,2383286,5384,4309,16,4325,161
2020-05-05,Sacramento,067,1510023,1180,1125,0,1125,48
2020-05-05,San Benito,069,59416,57,50,0,50,2
2020-05-05,San Bernardino,071,2135413,3173,2345,2,2347,104
2020-05-05,San Diego,073,3302833,5251,4162,0,4162,150
2020-05-05,San Francisco,075,870044,2021,1779,0,1779,31
2020-05-05,San Joaquin,077,732212,643,577,3,580,26
2020-05-05,San Luis Obispo,079,281455,282,203,3,206,1
2020-05-05,San Mateo,081,765935,1578,1335,2,1337,56
2020-05-05,Santa Barbara,083,443738,1175,541,4,545,7
2020-05-05,Santa Clara,085,1922200,2771,2249,8,2257,124
2020-05-05,Santa Cruz,087,273765,146,134,0,134,2
2020-05-05,Shasta,089,179085,44,31,0,31,4
2020-05-05,Sierra,091,2930,0,0,0,0,0
2020-05-05,Siskiyou,093,43540,5,5,0,5,0
2020-05-05,Solano,095,438530,386,299,0,299,4
2020-05-05,Sonoma,097,501317,327,263,0,263,3
2020-05-05,Stanislaus,099,539301,520,430,4,434,9
2020-05-05,Sutter,101,95872,36,29,0,29,2
2020-05-05,Tehama,103,63373,2,1,0,1,1
2020-05-05,Trinity,105,12862,2,0,0,0,0
2020-05-05,Tulare,107,460477,1439,869,6,875,40
2020-05-05,Tuolumne,109,53932,3,2,0,2,0
2020-05-05,Ventura,111,848112,831,607,1,608,19
2020-05-05,Yolo,113,214977,193,171,0,171,18
2020-05-05,Yuba,115,75493,22,15,0,15,1
2020-05-04,Alameda,001,1643700,2179,1762,3,1765,65
2020-05-04,Alpine,003,1148,1,1,0,1,0
2020-05-04,Amador,005,37829,8,8,0,8,0
2020-05-04,Butte,007,227075,28,16,1,17,0
2020-05-04,Calaveras,009,45235,13,13,0,13,0
2020-05-04,Colusa,011,21464,3,3,0,3,0
2020-05-04,Contra Costa,013,1133247,1088,949,0,949,28
2020-05-04,Del Norte,015,27424,5,3,0,3,0
2020-05-04,El Dorado,017,186661,66,51,0,51,0
2020-05-04,Fresno,019,978130,1378,680,17,697,8
2020-05-04,Glenn,021,27897,8,4,0,4,0
2020-05-04,Humboldt,023,135768,61,54,0,54,0
2020-05-04,Imperial,025,180216,740,351,0,351,6
2020-05-04,Inyo,027,18085,19,20,0,20,1
2020-05-04,Kern,029,883053,1390,1047,1,1048,8
2020-05-04,Kings,031,150075,314,153,1,154,1
2020-05-04,Lake,033,64148,9,7,0,7,0
2020-05-04,Lassen,035,31185,3,0,2,2,0
2020-05-04,Los Angeles,037,10098052,33692,26243,16,26259,1235
2020-05-04,Madera,039,155013,110,52,1,53,2
2020-05-04,Marin,041,260295,259,244,1,245,13
2020-05-04,Mariposa,043,17540,15,13,0,13,0
2020-05-04,Mendocino,045,87422,12,10,0,10,0
2020-05-04,Merced,047,269075,221,138,0,138,3
2020-05-04,Modoc,049,8938,0,0,0,0,0
2020-05-04,Mono,051,14174,32,25,0,25,1
2020-05-04,Monterey,053,433212,303,237,0,237,6
2020-05-04,Napa,055,140530,86,72,0,72,2
2020-05-04,Nevada,057,99092,41,41,1,42,1
2020-05-04,Orange,059,3164182,4525,2931,33,2964,57
2020-05-04,Placer,061,380077,182,162,0,162,8
2020-05-04,Plumas,063,18699,4,4,0,4,0
2020-05-04,Riverside,065,2383286,5290,4221,16,4237,147
2020-05-04,Sacramento,067,1510023,1170,1119,0,1119,44
2020-05-04,San Benito,069,59416,55,49,0,49,2
2020-05-04,San Bernardino,071,2135413,3033,2184,2,2186,99
2020-05-04,San Diego,073,3302833,5110,4022,0,4022,144
2020-05-04,San Francisco,075,870044,1983,1760,0,1760,31
2020-05-04,San Joaquin,077,732212,629,574,3,577,26
2020-05-04,San Luis Obispo,079,281455,279,202,3,205,1
2020-05-04,San Mateo,081,765935,1553,1313,2,1315,53
2020-05-04,Santa Barbara,083,443738,927,524,4,528,7
2020-05-04,Santa Clara,085,1922200,2756,2238,8,2246,119
2020-05-04,Santa Cruz,087,273765,145,133,0,133,2
2020-05-04,Shasta,089,179085,42,31,0,31,4
2020-05-04,Sierra,091,2930,0,0,0,0,0
2020-05-04,Siskiyou,093,43540,5,5,0,5,0
2020-05-04,Solano,095,438530,372,293,0,293,4
2020-05-04,Sonoma,097,501317,313,256,0,256,4
2020-05-04,Stanislaus,099,539301,514,422,4,426,8
2020-05-04,Sutter,101,95872,33,28,0,28,2
2020-05-04,Tehama,103,63373,2,1,0,1,1
2020-05-04,Trinity,105,12862,1,0,0,0,0
2020-05-04,Tulare,107,460477,1360,760,6,766,40
2020-05-04,Tuolumne,109,53932,3,3,0,3,0
2020-05-04,Ventura,111,848112,810,590,1,591,19
2020-05-04,Yolo,113,214977,192,171,0,171,18
2020-05-04,Yuba,115,75493,19,16,0,16,1
2020-05-03,Alameda,001,1643700,2122,1731,3,1734,64
2020-05-03,Alpine,003,1148,1,1,0,1,0
2020-05-03,Amador,005,37829,8,8,0,8,0
2020-05-03,Butte,007,227075,28,17,1,18,0
2020-05-03,Calaveras,009,45235,13,13,0,13,0
2020-05-03,Colusa,011,21464,3,3,0,3,0
2020-05-03,Contra Costa,013,1133247,1072,945,0,945,28
2020-05-03,Del Norte,015,27424,5,3,0,3,0
2020-05-03,El Dorado,017,186661,64,49,0,49,0
2020-05-03,Fresno,019,978130,1286,646,15,661,8
2020-05-03,Glenn,021,27897,7,5,0,5,0
2020-05-03,Humboldt,023,135768,60,54,0,54,0
2020-05-03,Imperial,025,180216,684,351,0,351,6
2020-05-03,Inyo,027,18085,19,20,0,20,1
2020-05-03,Kern,029,883053,1335,1025,1,1026,8
2020-05-03,Kings,031,150075,294,137,1,138,1
2020-05-03,Lake,033,64148,9,7,0,7,0
2020-05-03,Lassen,035,31185,3,0,2,2,0
2020-05-03,Los Angeles,037,10098052,32707,25708,16,25724,1210
2020-05-03,Madera,039,155013,103,46,1,47,2
2020-05-03,Marin,041,260295,254,243,1,244,13
2020-05-03,Mariposa,043,17540,15,13,0,13,0
2020-05-03,Mendocino,045,87422,12,10,0,10,0
2020-05-03,Merced,047,269075,213,134,0,134,3
2020-05-03,Modoc,049,8938,0,0,0,0,0
2020-05-03,Mono,051,14174,32,25,0,25,1
2020-05-03,Monterey,053,433212,294,235,0,235,6
2020-05-03,Napa,055,140530,86,72,0,72,2
2020-05-03,Nevada,057,99092,41,41,1,42,1
2020-05-03,Orange,059,3164182,4351,2859,32,2891,55
2020-05-03,Placer,061,380077,182,161,0,161,8
2020-05-03,Plumas,063,18699,4,4,0,4,0
2020-05-03,Riverside,065,2383286,5185,4034,16,4050,139
2020-05-03,Sacramento,067,1510023,1161,1109,0,1109,43
2020-05-03,San Benito,069,59416,55,49,0,49,2
2020-05-03,San Bernardino,071,2135413,2972,2123,2,2125,99
2020-05-03,San Diego,073,3302833,4972,3929,0,3929,142
2020-05-03,San Francisco,075,870044,1954,1692,0,1692,30
2020-05-03,San Joaquin,077,732212,622,570,3,573,26
2020-05-03,San Luis Obispo,079,281455,276,200,3,203,1
2020-05-03,San Mateo,081,765935,1525,1277,2,1279,53
2020-05-03,Santa Barbara,083,443738,568,512,4,516,7
2020-05-03,Santa Clara,085,1922200,2719,2235,8,2243,116
2020-05-03,Santa Cruz,087,273765,145,133,0,133,2
2020-05-03,Shasta,089,179085,40,31,0,31,4
2020-05-03,Sierra,091,2930,0,0,0,0,0
2020-05-03,Siskiyou,093,43540,5,5,0,5,0
2020-05-03,Solano,095,438530,362,266,0,266,4
2020-05-03,Sonoma,097,501317,304,254,0,254,4
2020-05-03,Stanislaus,099,539301,486,411,4,415,8
2020-05-03,Sutter,101,95872,31,28,0,28,2
2020-05-03,Tehama,103,63373,2,1,0,1,1
2020-05-03,Trinity,105,12862,1,0,0,0,0
2020-05-03,Tulare,107,460477,1281,736,6,742,40
2020-05-03,Tuolumne,109,53932,3,3,0,3,0
2020-05-03,Ventura,111,848112,776,583,1,584,19
2020-05-03,Yolo,113,214977,191,171,0,171,18
2020-05-03,Yuba,115,75493,19,16,0,16,1
2020-05-02,Alameda,001,1643700,2085,1678,3,1681,63
2020-05-02,Alpine,003,1148,1,1,0,1,0
2020-05-02,Amador,005,37829,8,8,0,8,0
2020-05-02,Butte,007,227075,28,17,1,18,0
2020-05-02,Calaveras,009,45235,13,13,0,13,0
2020-05-02,Colusa,011,21464,3,3,0,3,0
2020-05-02,Contra Costa,013,1133247,1054,929,0,929,28
2020-05-02,Del Norte,015,27424,5,3,0,3,0
2020-05-02,El Dorado,017,186661,64,47,0,47,0
2020-05-02,Fresno,019,978130,1260,629,14,643,8
2020-05-02,Glenn,021,27897,7,5,0,5,0
2020-05-02,Humboldt,023,135768,60,54,0,54,0
2020-05-02,Imperial,025,180216,657,345,0,345,6
2020-05-02,Inyo,027,18085,19,20,0,20,1
2020-05-02,Kern,029,883053,1309,1007,1,1008,8
2020-05-02,Kings,031,150075,291,120,1,121,1
2020-05-02,Lake,033,64148,9,7,0,7,0
2020-05-02,Lassen,035,31185,3,0,2,2,0
2020-05-02,Los Angeles,037,10098052,32177,24955,16,24971,1192
2020-05-02,Madera,039,155013,103,46,1,47,2
2020-05-02,Marin,041,260295,253,243,1,244,13
2020-05-02,Mariposa,043,17540,15,13,0,13,0
2020-05-02,Mendocino,045,87422,12,10,0,10,0
2020-05-02,Merced,047,269075,210,131,0,131,3
2020-05-02,Modoc,049,8938,0,0,0,0,0
2020-05-02,Mono,051,14174,32,25,0,25,1
2020-05-02,Monterey,053,433212,288,225,0,225,5
2020-05-02,Napa,055,140530,86,71,0,71,2
2020-05-02,Nevada,057,99092,41,41,1,42,1
2020-05-02,Orange,059,3164182,4237,2774,32,2806,52
2020-05-02,Placer,061,380077,180,150,0,150,8
2020-05-02,Plumas,063,18699,4,4,0,4,0
2020-05-02,Riverside,065,2383286,5119,3997,16,4013,137
2020-05-02,Sacramento,067,1510023,1158,1097,0,1097,43
2020-05-02,San Benito,069,59416,55,49,0,49,2
2020-05-02,San Bernardino,071,2135413,2933,2124,2,2126,99
2020-05-02,San Diego,073,3302833,4870,3844,0,3844,138
2020-05-02,San Francisco,075,870044,1931,1632,0,1632,29
2020-05-02,San Joaquin,077,732212,614,559,3,562,25
2020-05-02,San Luis Obispo,079,281455,270,193,3,196,1
2020-05-02,San Mateo,081,765935,1509,1272,2,1274,52
2020-05-02,Santa Barbara,083,443738,560,506,4,510,7
2020-05-02,Santa Clara,085,1922200,2709,2203,8,2211,115
2020-05-02,Santa Cruz,087,273765,144,131,0,131,2
2020-05-02,Shasta,089,179085,40,31,0,31,4
2020-05-02,Sierra,091,2930,0,0,0,0,0
2020-05-02,Siskiyou,093,43540,5,5,0,5,0
2020-05-02,Solano,095,438530,355,267,0,267,4
2020-05-02,Sonoma,097,501317,301,250,0,250,3
2020-05-02,Stanislaus,099,539301,478,388,4,392,8
2020-05-02,Sutter,101,95872,31,28,0,28,2
2020-05-02,Tehama,103,63373,2,1,0,1,1
2020-05-02,Trinity,105,12862,1,0,0,0,0
2020-05-02,Tulare,107,460477,1238,711,6,717,35
2020-05-02,Tuolumne,109,53932,3,3,0,3,0
2020-05-02,Ventura,111,848112,762,564,1,565,19
2020-05-02,Yolo,113,214977,191,169,0,169,17
2020-05-02,Yuba,115,75493,19,16,0,16,1
2020-05-01,Alameda,001,1643700,2048,1630,3,1633,63
2020-05-01,Alpine,003,1148,1,1,0,1,0
2020-05-01,Amador,005,37829,8,8,0,8,0
2020-05-01,Butte,007,227075,28,17,1,18,0
2020-05-01,Calaveras,009,45235,13,13,0,13,0
2020-05-01,Colusa,011,21464,3,3,0,3,0
2020-05-01,Contra Costa,013,1133247,1040,915,0,915,28
2020-05-01,Del Norte,015,27424,5,3,0,3,0
2020-05-01,El Dorado,017,186661,64,47,0,47,0
2020-05-01,Fresno,019,978130,1229,617,14,631,7
2020-05-01,Glenn,021,27897,7,4,0,4,0
2020-05-01,Humboldt,023,135768,60,54,0,54,0
2020-05-01,Imperial,025,180216,620,337,0,337,6
2020-05-01,Inyo,027,18085,19,20,0,20,1
2020-05-01,Kern,029,883053,1282,972,1,973,8
2020-05-01,Kings,031,150075,274,112,1,113,1
2020-05-01,Lake,033,64148,9,6,0,6,0
2020-05-01,Lassen,035,31185,3,0,2,2,0
2020-05-01,Los Angeles,037,10098052,31421,24306,16,24322,1155
2020-05-01,Madera,039,155013,99,46,1,47,2
2020-05-01,Marin,041,260295,253,242,1,243,13
2020-05-01,Mariposa,043,17540,15,10,0,10,0
2020-05-01,Mendocino,045,87422,12,11,0,11,0
2020-05-01,Merced,047,269075,207,131,0,131,3
2020-05-01,Modoc,049,8938,0,0,0,0,0
2020-05-01,Mono,051,14174,32,25,0,25,1
2020-05-01,Monterey,053,433212,284,222,0,222,5
2020-05-01,Napa,055,140530,86,69,0,69,2
2020-05-01,Nevada,057,99092,41,41,1,42,1
2020-05-01,Orange,059,3164182,4160,2660,30,2690,51
2020-05-01,Placer,061,380077,179,149,0,149,8
2020-05-01,Plumas,063,18699,4,4,0,4,0
2020-05-01,Riverside,065,2383286,5055,3893,16,3909,132
2020-05-01,Sacramento,067,1510023,1153,1081,0,1081,43
2020-05-01,San Benito,069,59416,55,49,0,49,2
2020-05-01,San Bernardino,071,2135413,2878,2084,2,2086,98
2020-05-01,San Diego,073,3302833,4779,3713,0,3713,134
2020-05-01,San Francisco,075,870044,1887,1552,0,1552,29
2020-05-01,San Joaquin,077,732212,610,554,3,557,25
2020-05-01,San Luis Obispo,079,281455,267,186,3,189,1
2020-05-01,San Mateo,081,765935,1487,1222,2,1224,52
2020-05-01,Santa Barbara,083,443738,554,499,3,502,7
2020-05-01,Santa Clara,085,1922200,2697,2176,8,2184,112
2020-05-01,Santa Cruz,087,273765,144,127,0,127,2
2020-05-01,Shasta,089,179085,40,31,0,31,4
2020-05-01,Sierra,091,2930,0,0,0,0,0
2020-05-01,Siskiyou,093,43540,5,5,0,5,0
2020-05-01,Solano,095,438530,347,266,0,266,4
2020-05-01,Sonoma,097,501317,298,242,0,242,3
2020-05-01,Stanislaus,099,539301,473,384,4,388,8
2020-05-01,Sutter,101,95872,31,28,0,28,2
2020-05-01,Tehama,103,63373,2,1,0,1,1
2020-05-01,Trinity,105,12862,1,0,0,0,0
2020-05-01,Tulare,107,460477,1194,685,6,691,32
2020-05-01,Tuolumne,109,53932,3,3,0,3,0
2020-05-01,Ventura,111,848112,749,556,1,557,18
2020-05-01,Yolo,113,214977,191,165,0,165,18
2020-05-01,Yuba,115,75493,19,16,0,16,1
2020-04-30,Alameda,001,1643700,1988,1599,3,1602,60
2020-04-30,Alpine,003,1148,1,1,0,1,0
2020-04-30,Amador,005,37829,8,8,0,8,0
2020-04-30,Butte,007,227075,28,16,1,17,0
2020-04-30,Calaveras,009,45235,13,13,0,13,0
2020-04-30,Colusa,011,21464,3,3,0,3,0
2020-04-30,Contra Costa,013,1133247,1018,900,0,900,25
2020-04-30,Del Norte,015,27424,4,3,0,3,0
2020-04-30,El Dorado,017,186661,64,44,0,44,0
2020-04-30,Fresno,019,978130,1163,562,11,573,7
2020-04-30,Glenn,021,27897,7,4,0,4,0
2020-04-30,Humboldt,023,135768,60,54,0,54,0
2020-04-30,Imperial,025,180216,574,322,0,322,6
2020-04-30,Inyo,027,18085,19,20,0,20,1
2020-04-30,Kern,029,883053,1250,941,1,942,8
2020-04-30,Kings,031,150075,262,87,1,88,1
2020-04-30,Lake,033,64148,9,6,0,6,0
2020-04-30,Lassen,035,31185,3,0,2,2,0
2020-04-30,Los Angeles,037,10098052,30413,23284,16,23300,1099
2020-04-30,Madera,039,155013,88,46,1,47,2
2020-04-30,Marin,041,260295,253,240,1,241,13
2020-04-30,Mariposa,043,17540,15,3,0,3,0
2020-04-30,Mendocino,045,87422,12,11,0,11,0
2020-04-30,Merced,047,269075,200,122,0,122,3
2020-04-30,Modoc,049,8938,0,0,0,0,0
2020-04-30,Mono,051,14174,31,25,0,25,1
2020-04-30,Monterey,053,433212,274,213,0,213,5
2020-04-30,Napa,055,140530,84,69,0,69,2
2020-04-30,Nevada,057,99092,41,41,1,42,1
2020-04-30,Orange,059,3164182,3937,2591,27,2618,46
2020-04-30,Placer,061,380077,178,148,0,148,8
2020-04-30,Plumas,063,18699,4,4,0,4,0
2020-04-30,Riverside,065,2383286,4955,3820,15,3835,124
2020-04-30,Sacramento,067,1510023,1147,1071,0,1071,43
2020-04-30,San Benito,069,59416,55,48,0,48,2
2020-04-30,San Bernardino,071,2135413,2676,2020,2,2022,96
2020-04-30,San Diego,073,3302833,4608,3566,0,3566,124
2020-04-30,San Francisco,075,870044,1853,1518,0,1518,26
2020-04-30,San Joaquin,077,732212,602,548,3,551,25
2020-04-30,San Luis Obispo,079,281455,264,182,3,185,1
2020-04-30,San Mateo,081,765935,1457,1194,2,1196,52
2020-04-30,Santa Barbara,083,443738,542,490,3,493,7
2020-04-30,Santa Clara,085,1922200,2657,2172,8,2180,111
2020-04-30,Santa Cruz,087,273765,143,126,0,126,2
2020-04-30,Shasta,089,179085,39,31,0,31,4
2020-04-30,Sierra,091,2930,0,0,0,0,0
2020-04-30,Siskiyou,093,43540,5,5,0,5,0
2020-04-30,Solano,095,438530,337,262,0,262,4
2020-04-30,Sonoma,097,501317,289,233,0,233,3
2020-04-30,Stanislaus,099,539301,466,378,4,382,7
2020-04-30,Sutter,101,95872,31,28,0,28,2
2020-04-30,Tehama,103,63373,1,1,0,1,1
2020-04-30,Trinity,105,12862,1,0,0,0,0
2020-04-30,Tulare,107,460477,1128,637,6,643,31
2020-04-30,Tuolumne,109,53932,3,3,0,3,0
2020-04-30,Ventura,111,848112,721,547,1,548,18
2020-04-30,Yolo,113,214977,190,164,0,164,16
2020-04-30,Yuba,115,75493,19,15,0,15,1
2020-04-29,Alameda,001,1643700,1930,1564,2,1566,60
2020-04-29,Alpine,003,1148,1,1,0,1,0
2020-04-29,Amador,005,37829,8,8,0,8,0
2020-04-29,Butte,007,227075,28,16,1,17,0
2020-04-29,Calaveras,009,45235,13,13,0,13,0
2020-04-29,Colusa,011,21464,3,3,0,3,0
2020-04-29,Contra Costa,013,1133247,999,885,0,885,25
2020-04-29,Del Norte,015,27424,4,3,0,3,0
2020-04-29,El Dorado,017,186661,62,44,0,44,0
2020-04-29,Fresno,019,978130,1111,544,11,555,7
2020-04-29,Glenn,021,27897,7,4,0,4,0
2020-04-29,Humboldt,023,135768,60,53,0,53,0
2020-04-29,Imperial,025,180216,544,300,0,300,6
2020-04-29,Inyo,027,18085,19,20,0,20,1
2020-04-29,Kern,029,883053,1207,910,1,911,6
2020-04-29,Kings,031,150075,243,80,1,81,1
2020-04-29,Lake,033,64148,9,6,0,6,0
2020-04-29,Lassen,035,31185,3,0,2,2,0
2020-04-29,Los Angeles,037,10098052,29435,22560,15,22575,1043
2020-04-29,Madera,039,155013,86,45,1,46,2
2020-04-29,Marin,041,260295,250,234,1,235,13
2020-04-29,Mariposa,043,17540,15,1,0,1,0
2020-04-29,Mendocino,045,87422,12,11,0,11,0
2020-04-29,Merced,047,269075,193,116,0,116,3
2020-04-29,Modoc,049,8938,0,0,0,0,0
2020-04-29,Mono,051,14174,31,25,0,25,1
2020-04-29,Monterey,053,433212,266,204,0,204,5
2020-04-29,Napa,055,140530,82,68,0,68,2
2020-04-29,Nevada,057,99092,41,41,1,42,1
2020-04-29,Orange,059,3164182,3801,2421,26,2447,43
2020-04-29,Placer,061,380077,176,145,0,145,8
2020-04-29,Plumas,063,18699,4,4,0,4,0
2020-04-29,Riverside,065,2383286,4878,3700,15,3715,116
2020-04-29,Sacramento,067,1510023,1125,1055,0,1055,41
2020-04-29,San Benito,069,59416,55,48,0,48,2
2020-04-29,San Bernardino,071,2135413,2589,1975,1,1976,91
2020-04-29,San Diego,073,3302833,4466,3434,0,3434,120
2020-04-29,San Francisco,075,870044,1825,1489,0,1489,23
2020-04-29,San Joaquin,077,732212,594,540,3,543,25
2020-04-29,San Luis Obispo,079,281455,262,181,3,184,1
2020-04-29,San Mateo,081,765935,1431,1170,2,1172,50
2020-04-29,Santa Barbara,083,443738,529,477,3,480,7
2020-04-29,Santa Clara,085,1922200,2630,2147,8,2155,108
2020-04-29,Santa Cruz,087,273765,142,124,0,124,2
2020-04-29,Shasta,089,179085,38,31,0,31,4
2020-04-29,Sierra,091,2930,0,0,0,0,0
2020-04-29,Siskiyou,093,43540,5,5,0,5,0
2020-04-29,Solano,095,438530,313,252,0,252,3
2020-04-29,Sonoma,097,501317,281,230,0,230,2
2020-04-29,Stanislaus,099,539301,453,374,4,378,5
2020-04-29,Sutter,101,95872,31,28,0,28,2
2020-04-29,Tehama,103,63373,1,1,0,1,1
2020-04-29,Trinity,105,12862,1,0,0,0,0
2020-04-29,Tulare,107,460477,1055,615,5,620,30
2020-04-29,Tuolumne,109,53932,3,4,0,4,0
2020-04-29,Ventura,111,848112,697,530,1,531,18
2020-04-29,Yolo,113,214977,187,161,0,161,11
2020-04-29,Yuba,115,75493,19,15,0,15,1
2020-04-28,Alameda,001,1643700,1873,1525,2,1527,55
2020-04-28,Alpine,003,1148,1,1,0,1,0
2020-04-28,Amador,005,37829,8,8,0,8,0
2020-04-28,Butte,007,227075,28,16,1,17,0
2020-04-28,Calaveras,009,45235,13,13,0,13,0
2020-04-28,Colusa,011,21464,3,3,0,3,0
2020-04-28,Contra Costa,013,1133247,992,866,0,866,25
2020-04-28,Del Norte,015,27424,4,3,0,3,0
2020-04-28,El Dorado,017,186661,61,43,0,43,0
2020-04-28,Fresno,019,978130,1060,525,9,534,7
2020-04-28,Glenn,021,27897,5,4,0,4,0
2020-04-28,Humboldt,023,135768,59,53,0,53,0
2020-04-28,Imperial,025,180216,510,295,0,295,6
2020-04-28,Inyo,027,18085,19,20,0,20,1
2020-04-28,Kern,029,883053,1164,882,1,883,5
2020-04-28,Kings,031,150075,230,57,1,58,1
2020-04-28,Lake,033,64148,9,6,0,6,0
2020-04-28,Lassen,035,31185,3,0,2,2,0
2020-04-28,Los Angeles,037,10098052,28370,21029,15,21044,984
2020-04-28,Madera,039,155013,86,44,1,45,2
2020-04-28,Marin,041,260295,249,228,1,229,12
2020-04-28,Mariposa,043,17540,15,0,0,0,0
2020-04-28,Mendocino,045,87422,12,10,0,10,0
2020-04-28,Merced,047,269075,186,108,0,108,3
2020-04-28,Modoc,049,8938,0,0,0,0,0
2020-04-28,Mono,051,14174,31,25,0,25,1
2020-04-28,Monterey,053,433212,260,191,0,191,5
2020-04-28,Napa,055,140530,81,67,0,67,2
2020-04-28,Nevada,057,99092,41,41,1,42,1
2020-04-28,Orange,059,3164182,3637,2324,25,2349,42
2020-04-28,Placer,061,380077,166,143,0,143,8
2020-04-28,Plumas,063,18699,4,4,0,4,0
2020-04-28,Riverside,065,2383286,4783,3504,15,3519,113
2020-04-28,Sacramento,067,1510023,1110,1044,0,1044,41
2020-04-28,San Benito,069,59416,53,46,0,46,2
2020-04-28,San Bernardino,071,2135413,2512,1891,1,1892,89
2020-04-28,San Diego,073,3302833,4336,3316,0,3316,118
2020-04-28,San Francisco,075,870044,1790,1471,0,1471,23
2020-04-28,San Joaquin,077,732212,588,532,3,535,25
2020-04-28,San Luis Obispo,079,281455,255,172,3,175,1
2020-04-28,San Mateo,081,765935,1418,1129,2,1131,48
2020-04-28,Santa Barbara,083,443738,524,469,2,471,7
2020-04-28,Santa Clara,085,1922200,2596,2130,8,2138,106
2020-04-28,Santa Cruz,087,273765,142,123,0,123,2
2020-04-28,Shasta,089,179085,38,29,0,29,4
2020-04-28,Sierra,091,2930,0,0,0,0,0
2020-04-28,Siskiyou,093,43540,5,5,0,5,0
2020-04-28,Solano,095,438530,294,246,0,246,3
2020-04-28,Sonoma,097,501317,278,226,0,226,1
2020-04-28,Stanislaus,099,539301,437,330,4,334,5
2020-04-28,Sutter,101,95872,31,25,0,25,2
2020-04-28,Tehama,103,63373,1,1,0,1,1
2020-04-28,Trinity,105,12862,1,0,0,0,0
2020-04-28,Tulare,107,460477,959,579,5,584,30
2020-04-28,Tuolumne,109,53932,3,4,0,4,0
2020-04-28,Ventura,111,848112,677,517,1,518,17
2020-04-28,Yolo,113,214977,187,160,0,160,10
2020-04-28,Yuba,115,75493,19,15,0,15,1
2020-04-27,Alameda,001,1643700,1813,1494,2,1496,53
2020-04-27,Alpine,003,1148,1,1,0,1,0
2020-04-27,Amador,005,37829,8,8,0,8,0
2020-04-27,Butte,007,227075,27,16,1,17,0
2020-04-27,Calaveras,009,45235,13,13,0,13,0
2020-04-27,Colusa,011,21464,3,3,0,3,0
2020-04-27,Contra Costa,013,1133247,980,843,0,843,25
2020-04-27,Del Norte,015,27424,4,3,0,3,0
2020-04-27,El Dorado,017,186661,60,43,0,43,0
2020-04-27,Fresno,019,978130,957,504,8,512,7
2020-04-27,Glenn,021,27897,5,4,0,4,0
2020-04-27,Humboldt,023,135768,59,52,0,52,0
2020-04-27,Imperial,025,180216,480,290,0,290,6
2020-04-27,Inyo,027,18085,19,20,0,20,1
2020-04-27,Kern,029,883053,1125,865,1,866,4
2020-04-27,Kings,031,150075,207,48,1,49,1
2020-04-27,Lake,033,64148,8,6,0,6,0
2020-04-27,Lassen,035,31185,3,0,2,2,0
2020-04-27,Los Angeles,037,10098052,27354,20456,15,20471,931
2020-04-27,Madera,039,155013,84,42,1,43,2
2020-04-27,Marin,041,260295,244,227,1,228,12
2020-04-27,Mariposa,043,17540,14,0,0,0,0
2020-04-27,Mendocino,045,87422,12,10,0,10,0
2020-04-27,Merced,047,269075,183,108,0,108,3
2020-04-27,Modoc,049,8938,0,0,0,0,0
2020-04-27,Mono,051,14174,31,23,0,23,1
2020-04-27,Monterey,053,433212,253,185,0,185,4
2020-04-27,Napa,055,140530,77,64,0,64,2
2020-04-27,Nevada,057,99092,41,39,1,40,1
2020-04-27,Orange,059,3164182,3468,2198,25,2223,42
2020-04-27,Placer,061,380077,166,142,0,142,8
2020-04-27,Plumas,063,18699,4,4,0,4,0
2020-04-27,Riverside,065,2383286,4660,3381,15,3396,100
2020-04-27,Sacramento,067,1510023,1095,1035,0,1035,41
2020-04-27,San Benito,069,59416,51,45,0,45,2
2020-04-27,San Bernardino,071,2135413,2398,1742,1,1743,82
2020-04-27,San Diego,073,3302833,4210,3143,0,3143,113
2020-04-27,San Francisco,075,870044,1736,1453,0,1453,23
2020-04-27,San Joaquin,077,732212,582,522,3,525,25
2020-04-27,San Luis Obispo,079,281455,247,166,3,169,1
2020-04-27,San Mateo,081,765935,1396,1092,2,1094,46
2020-04-27,Santa Barbara,083,443738,516,466,2,468,7
2020-04-27,Santa Clara,085,1922200,2571,2104,7,2111,105
2020-04-27,Santa Cruz,087,273765,142,123,0,123,2
2020-04-27,Shasta,089,179085,38,29,0,29,4
2020-04-27,Sierra,091,2930,0,0,0,0,0
2020-04-27,Siskiyou,093,43540,5,5,0,5,0
2020-04-27,Solano,095,438530,294,222,0,222,3
2020-04-27,Sonoma,097,501317,269,220,0,220,1
2020-04-27,Stanislaus,099,539301,421,316,4,320,5
2020-04-27,Sutter,101,95872,29,26,0,26,2
2020-04-27,Tehama,103,63373,1,1,0,1,1
2020-04-27,Trinity,105,12862,1,0,0,0,0
2020-04-27,Tulare,107,460477,888,535,5,540,28
2020-04-27,Tuolumne,109,53932,3,3,0,3,0
2020-04-27,Ventura,111,848112,658,513,1,514,17
2020-04-27,Yolo,113,214977,184,160,0,160,9
2020-04-27,Yuba,115,75493,19,15,0,15,1
2020-04-26,Alameda,001,1643700,1752,1449,2,1451,52
2020-04-26,Alpine,003,1148,1,1,0,1,0
2020-04-26,Amador,005,37829,8,8,0,8,0
2020-04-26,Butte,007,227075,27,16,1,17,0
2020-04-26,Calaveras,009,45235,13,13,0,13,0
2020-04-26,Colusa,011,21464,3,3,0,3,0
2020-04-26,Contra Costa,013,1133247,964,830,0,830,25
2020-04-26,Del Norte,015,27424,3,3,0,3,0
2020-04-26,El Dorado,017,186661,58,41,0,41,0
2020-04-26,Fresno,019,978130,863,476,7,483,7
2020-04-26,Glenn,021,27897,5,4,0,4,0
2020-04-26,Humboldt,023,135768,59,53,0,53,0
2020-04-26,Imperial,025,180216,446,272,0,272,6
2020-04-26,Inyo,027,18085,19,20,0,20,1
2020-04-26,Kern,029,883053,1075,831,1,832,4
2020-04-26,Kings,031,150075,182,33,1,34,1
2020-04-26,Lake,033,64148,8,6,0,6,0
2020-04-26,Lassen,035,31185,3,0,2,2,0
2020-04-26,Los Angeles,037,10098052,26199,19570,15,19585,901
2020-04-26,Madera,039,155013,82,39,1,40,2
2020-04-26,Marin,041,260295,238,225,1,226,12
2020-04-26,Mariposa,043,17540,14,0,0,0,0
2020-04-26,Mendocino,045,87422,12,5,0,5,0
2020-04-26,Merced,047,269075,166,104,0,104,3
2020-04-26,Modoc,049,8938,0,0,0,0,0
2020-04-26,Mono,051,14174,31,23,0,23,1
2020-04-26,Monterey,053,433212,246,182,0,182,4
2020-04-26,Napa,055,140530,76,62,0,62,2
2020-04-26,Nevada,057,99092,41,37,1,38,1
2020-04-26,Orange,059,3164182,3303,2124,25,2149,40
2020-04-26,Placer,061,380077,165,141,0,141,8
2020-04-26,Plumas,063,18699,4,4,0,4,0
2020-04-26,Riverside,065,2383286,4517,3301,15,3316,95
2020-04-26,Sacramento,067,1510023,1086,1027,0,1027,41
2020-04-26,San Benito,069,59416,51,45,0,45,2
2020-04-26,San Bernardino,071,2135413,2302,1681,1,1682,82
2020-04-26,San Diego,073,3302833,4068,3045,0,3045,111
2020-04-26,San Francisco,075,870044,1697,1403,0,1403,23
2020-04-26,San Joaquin,077,732212,574,514,3,517,25
2020-04-26,San Luis Obispo,079,281455,244,165,3,168,1
2020-04-26,San Mateo,081,765935,1370,1070,2,1072,46
2020-04-26,Santa Barbara,083,443738,509,464,2,466,7
2020-04-26,Santa Clara,085,1922200,2548,2097,6,2103,102
2020-04-26,Santa Cruz,087,273765,142,116,0,116,2
2020-04-26,Shasta,089,179085,35,29,0,29,4
2020-04-26,Sierra,091,2930,0,0,0,0,0
2020-04-26,Siskiyou,093,43540,5,5,0,5,0
2020-04-26,Solano,095,438530,285,205,0,205,3
2020-04-26,Sonoma,097,501317,258,216,0,216,1
2020-04-26,Stanislaus,099,539301,406,294,4,298,4
2020-04-26,Sutter,101,95872,29,26,0,26,2
2020-04-26,Tehama,103,63373,1,1,0,1,1
2020-04-26,Trinity,105,12862,1,0,0,0,0
2020-04-26,Tulare,107,460477,829,497,5,502,28
2020-04-26,Tuolumne,109,53932,3,3,0,3,0
2020-04-26,Ventura,111,848112,640,509,1,510,17
2020-04-26,Yolo,113,214977,183,158,0,158,8
2020-04-26,Yuba,115,75493,18,15,0,15,1
2020-04-25,Alameda,001,1643700,1727,1396,2,1398,52
2020-04-25,Alpine,003,1148,1,1,0,1,0
2020-04-25,Amador,005,37829,8,8,0,8,0
2020-04-25,Butte,007,227075,26,16,1,17,0
2020-04-25,Calaveras,009,45235,13,12,0,12,0
2020-04-25,Colusa,011,21464,3,3,0,3,0
2020-04-25,Contra Costa,013,1133247,950,821,0,821,24
2020-04-25,Del Norte,015,27424,2,2,0,2,0
2020-04-25,El Dorado,017,186661,57,41,0,41,0
2020-04-25,Fresno,019,978130,831,459,6,465,7
2020-04-25,Glenn,021,27897,5,4,0,4,0
2020-04-25,Humboldt,023,135768,59,53,0,53,0
2020-04-25,Imperial,025,180216,429,232,0,232,6
2020-04-25,Inyo,027,18085,19,20,0,20,1
2020-04-25,Kern,029,883053,1044,802,1,803,4
2020-04-25,Kings,031,150075,170,33,1,34,1
2020-04-25,Lake,033,64148,6,6,0,6,0
2020-04-25,Lassen,035,31185,3,0,2,2,0
2020-04-25,Los Angeles,037,10098052,25565,19144,15,19159,881
2020-04-25,Madera,039,155013,79,39,1,40,2
2020-04-25,Marin,041,260295,238,215,1,216,12
2020-04-25,Mariposa,043,17540,14,0,0,0,0
2020-04-25,Mendocino,045,87422,11,5,0,5,0
2020-04-25,Merced,047,269075,166,103,0,103,3
2020-04-25,Modoc,049,8938,0,0,0,0,0
2020-04-25,Mono,051,14174,31,23,0,23,1
2020-04-25,Monterey,053,433212,244,173,0,173,4
2020-04-25,Napa,055,140530,76,60,0,60,2
2020-04-25,Nevada,057,99092,41,37,1,38,1
2020-04-25,Orange,059,3164182,3195,2047,25,2072,40
2020-04-25,Placer,061,380077,165,137,0,137,8
2020-04-25,Plumas,063,18699,4,4,0,4,0
2020-04-25,Riverside,065,2383286,4427,3037,15,3052,93
2020-04-25,Sacramento,067,1510023,1084,1015,0,1015,41
2020-04-25,San Benito,069,59416,51,45,0,45,2
2020-04-25,San Bernardino,071,2135413,2256,1675,1,1676,82
2020-04-25,San Diego,073,3302833,3967,2945,0,2945,111
2020-04-25,San Francisco,075,870044,1672,1341,0,1341,22
2020-04-25,San Joaquin,077,732212,567,497,3,500,24
2020-04-25,San Luis Obispo,079,281455,243,159,3,162,1
2020-04-25,San Mateo,081,765935,1352,1054,2,1056,46
2020-04-25,Santa Barbara,083,443738,502,457,2,459,7
2020-04-25,Santa Clara,085,1922200,2526,2045,5,2050,99
2020-04-25,Santa Cruz,087,273765,142,112,0,112,2
2020-04-25,Shasta,089,179085,35,29,0,29,4
2020-04-25,Sierra,091,2930,0,0,0,0,0
2020-04-25,Siskiyou,093,43540,5,5,0,5,0
2020-04-25,Solano,095,438530,281,203,0,203,3
2020-04-25,Sonoma,097,501317,254,199,0,199,1
2020-04-25,Stanislaus,099,539301,398,276,4,280,4
2020-04-25,Sutter,101,95872,29,24,0,24,2
2020-04-25,Tehama,103,63373,1,1,0,1,1
2020-04-25,Trinity,105,12862,0,0,0,0,0
2020-04-25,Tulare,107,460477,796,478,5,483,28
2020-04-25,Tuolumne,109,53932,3,2,0,2,0
2020-04-25,Ventura,111,848112,626,494,1,495,16
2020-04-25,Yolo,113,214977,183,157,0,157,8
2020-04-25,Yuba,115,75493,17,15,0,15,1
2020-04-24,Alameda,001,1643700,1696,1385,2,1387,50
2020-04-24,Alpine,003,1148,1,1,0,1,0
2020-04-24,Amador,005,37829,8,8,0,8,0
2020-04-24,Butte,007,227075,25,15,1,16,0
2020-04-24,Calaveras,009,45235,13,12,0,12,0
2020-04-24,Colusa,011,21464,3,3,0,3,0
2020-04-24,Contra Costa,013,1133247,941,806,0,806,23
2020-04-24,Del Norte,015,27424,2,2,0,2,0
2020-04-24,El Dorado,017,186661,56,41,0,41,0
2020-04-24,Fresno,019,978130,808,449,6,455,7
2020-04-24,Glenn,021,27897,5,4,0,4,0
2020-04-24,Humboldt,023,135768,59,53,0,53,0
2020-04-24,Imperial,025,180216,413,232,0,232,6
2020-04-24,Inyo,027,18085,19,20,0,20,0
2020-04-24,Kern,029,883053,1020,770,1,771,4
2020-04-24,Kings,031,150075,141,30,1,31,1
2020-04-24,Lake,033,64148,6,6,0,6,0
2020-04-24,Lassen,035,31185,3,0,2,2,0
2020-04-24,Los Angeles,037,10098052,24636,18553,15,18568,836
2020-04-24,Madera,039,155013,79,39,1,40,2
2020-04-24,Marin,041,260295,238,211,1,212,11
2020-04-24,Mariposa,043,17540,8,0,0,0,0
2020-04-24,Mendocino,045,87422,11,5,0,5,0
2020-04-24,Merced,047,269075,163,102,0,102,3
2020-04-24,Modoc,049,8938,0,0,0,0,0
2020-04-24,Mono,051,14174,30,23,0,23,1
2020-04-24,Monterey,053,433212,237,167,0,167,4
2020-04-24,Napa,055,140530,75,59,0,59,2
2020-04-24,Nevada,057,99092,41,36,1,37,1
2020-04-24,Orange,059,3164182,3088,1945,25,1970,39
2020-04-24,Placer,061,380077,163,137,0,137,8
2020-04-24,Plumas,063,18699,4,4,0,4,0
2020-04-24,Riverside,065,2383286,4346,3044,15,3059,87
2020-04-24,Sacramento,067,1510023,1078,1009,0,1009,41
2020-04-24,San Benito,069,59416,51,45,0,45,2
2020-04-24,San Bernardino,071,2135413,2221,1667,1,1668,80
2020-04-24,San Diego,073,3302833,3856,2828,0,2828,102
2020-04-24,San Francisco,075,870044,1614,1345,0,1345,22
2020-04-24,San Joaquin,077,732212,560,484,3,487,24
2020-04-24,San Luis Obispo,079,281455,240,151,3,154,1
2020-04-24,San Mateo,081,765935,1329,1004,2,1006,43
2020-04-24,Santa Barbara,083,443738,496,450,2,452,6
2020-04-24,Santa Clara,085,1922200,2484,2026,5,2031,98
2020-04-24,Santa Cruz,087,273765,138,111,0,111,2
2020-04-24,Shasta,089,179085,35,28,0,28,4
2020-04-24,Sierra,091,2930,0,0,0,0,0
2020-04-24,Siskiyou,093,43540,5,5,0,5,0
2020-04-24,Solano,095,438530,279,203,0,203,3
2020-04-24,Sonoma,097,501317,250,199,0,199,1
2020-04-24,Stanislaus,099,539301,395,273,4,277,4
2020-04-24,Sutter,101,95872,28,24,0,24,2
2020-04-24,Tehama,103,63373,1,1,0,1,1
2020-04-24,Trinity,105,12862,0,0,0,0,0
2020-04-24,Tulare,107,460477,768,459,5,464,27
2020-04-24,Tuolumne,109,53932,3,2,0,2,0
2020-04-24,Ventura,111,848112,616,489,1,490,16
2020-04-24,Yolo,113,214977,182,155,0,155,8
2020-04-24,Yuba,115,75493,16,15,0,15,1
2020-04-23,Alameda,001,1643700,1658,1336,2,1338,46
2020-04-23,Alpine,003,1148,1,1,0,1,0
2020-04-23,Amador,005,37829,8,8,0,8,0
2020-04-23,Butte,007,227075,25,15,1,16,0
2020-04-23,Calaveras,009,45235,13,12,0,12,0
2020-04-23,Colusa,011,21464,3,3,0,3,0
2020-04-23,Contra Costa,013,1133247,920,786,0,786,23
2020-04-23,Del Norte,015,27424,2,2,0,2,0
2020-04-23,El Dorado,017,186661,55,39,0,39,0
2020-04-23,Fresno,019,978130,770,426,6,432,7
2020-04-23,Glenn,021,27897,5,3,0,3,0
2020-04-23,Humboldt,023,135768,59,53,0,53,0
2020-04-23,Imperial,025,180216,392,181,0,181,4
2020-04-23,Inyo,027,18085,19,19,0,19,0
2020-04-23,Kern,029,883053,972,732,1,733,4
2020-04-23,Kings,031,150075,126,28,1,29,1
2020-04-23,Lake,033,64148,6,6,0,6,0
2020-04-23,Lassen,035,31185,3,0,2,2,0
2020-04-23,Los Angeles,037,10098052,23576,17548,14,17562,784
2020-04-23,Madera,039,155013,77,37,1,38,2
2020-04-23,Marin,041,260295,225,209,1,210,11
2020-04-23,Mariposa,043,17540,7,0,0,0,0
2020-04-23,Mendocino,045,87422,9,5,0,5,0
2020-04-23,Merced,047,269075,159,98,0,98,3
2020-04-23,Modoc,049,8938,0,0,0,0,0
2020-04-23,Mono,051,14174,30,23,0,23,1
2020-04-23,Monterey,053,433212,233,161,0,161,4
2020-04-23,Napa,055,140530,68,59,0,59,2
2020-04-23,Nevada,057,99092,41,36,1,37,1
2020-04-23,Orange,059,3164182,2910,1841,24,1865,37
2020-04-23,Placer,061,380077,160,136,0,136,8
2020-04-23,Plumas,063,18699,4,4,0,4,0
2020-04-23,Riverside,065,2383286,4232,2935,14,2949,78
2020-04-23,Sacramento,067,1510023,1066,978,0,978,41
2020-04-23,San Benito,069,59416,48,43,0,43,2
2020-04-23,San Bernardino,071,2135413,2156,1604,1,1605,79
2020-04-23,San Diego,073,3302833,3695,2645,0,2645,100
2020-04-23,San Francisco,075,870044,1589,1312,0,1312,21
2020-04-23,San Joaquin,077,732212,550,479,3,482,20
2020-04-23,San Luis Obispo,079,281455,236,146,3,149,1
2020-04-23,San Mateo,081,765935,1290,970,2,972,42
2020-04-23,Santa Barbara,083,443738,490,445,2,447,6
2020-04-23,Santa Clara,085,1922200,2449,1996,5,2001,95
2020-04-23,Santa Cruz,087,273765,137,110,0,110,2
2020-04-23,Shasta,089,179085,35,27,0,27,3
2020-04-23,Sierra,091,2930,0,0,0,0,0
2020-04-23,Siskiyou,093,43540,5,5,0,5,0
2020-04-23,Solano,095,438530,265,196,0,196,3
2020-04-23,Sonoma,097,501317,238,187,0,187,1
2020-04-23,Stanislaus,099,539301,391,254,4,258,4
2020-04-23,Sutter,101,95872,28,24,0,24,2
2020-04-23,Tehama,103,63373,1,1,0,1,1
2020-04-23,Trinity,105,12862,0,0,0,0,0
2020-04-23,Tulare,107,460477,739,440,5,445,25
2020-04-23,Tuolumne,109,53932,3,2,0,2,0
2020-04-23,Ventura,111,848112,602,479,1,480,16
2020-04-23,Yolo,113,214977,179,151,0,151,8
2020-04-23,Yuba,115,75493,16,15,0,15,1
2020-04-22,Alameda,001,1643700,1609,1275,2,1277,46
2020-04-22,Alpine,003,1148,1,1,0,1,0
2020-04-22,Amador,005,37829,8,7,0,7,0
2020-04-22,Butte,007,227075,24,15,1,16,0
2020-04-22,Calaveras,009,45235,13,12,0,12,0
2020-04-22,Colusa,011,21464,3,3,0,3,0
2020-04-22,Contra Costa,013,1133247,905,772,0,772,22
2020-04-22,Del Norte,015,27424,2,2,0,2,0
2020-04-22,El Dorado,017,186661,55,39,0,39,0
2020-04-22,Fresno,019,978130,730,388,6,394,7
2020-04-22,Glenn,021,27897,5,3,0,3,0
2020-04-22,Humboldt,023,135768,59,53,0,53,0
2020-04-22,Imperial,025,180216,381,170,0,170,3
2020-04-22,Inyo,027,18085,19,18,0,18,0
2020-04-22,Kern,029,883053,950,713,1,714,4
2020-04-22,Kings,031,150075,105,28,1,29,1
2020-04-22,Lake,033,64148,6,6,0,6,0
2020-04-22,Lassen,035,31185,3,0,2,2,0
2020-04-22,Los Angeles,037,10098052,22549,16400,14,16414,715
2020-04-22,Madera,039,155013,75,37,1,38,2
2020-04-22,Marin,041,260295,223,202,1,203,11
2020-04-22,Mariposa,043,17540,6,0,0,0,0
2020-04-22,Mendocino,045,87422,6,5,0,5,0
2020-04-22,Merced,047,269075,147,92,0,92,3
2020-04-22,Modoc,049,8938,0,0,0,0,0
2020-04-22,Mono,051,14174,29,23,0,23,1
2020-04-22,Monterey,053,433212,226,154,0,154,4
2020-04-22,Napa,055,140530,67,58,0,58,2
2020-04-22,Nevada,057,99092,41,36,1,37,1
2020-04-22,Orange,059,3164182,2816,1785,23,1808,36
2020-04-22,Placer,061,380077,158,133,0,133,8
2020-04-22,Plumas,063,18699,4,4,0,4,0
2020-04-22,Riverside,065,2383286,4128,2822,14,2836,76
2020-04-22,Sacramento,067,1510023,1061,959,0,959,36
2020-04-22,San Benito,069,59416,47,43,0,43,2
2020-04-22,San Bernardino,071,2135413,2093,1564,1,1565,74
2020-04-22,San Diego,073,3302833,3567,2493,0,2493,96
2020-04-22,San Francisco,075,870044,1552,1255,0,1255,21
2020-04-22,San Joaquin,077,732212,539,462,3,465,20
2020-04-22,San Luis Obispo,079,281455,227,142,3,145,1
2020-04-22,San Mateo,081,765935,1267,945,2,947,40
2020-04-22,Santa Barbara,083,443738,485,437,2,439,6
2020-04-22,Santa Clara,085,1922200,2433,1969,5,1974,95
2020-04-22,Santa Cruz,087,273765,133,106,0,106,2
2020-04-22,Shasta,089,179085,34,26,0,26,3
2020-04-22,Sierra,091,2930,0,0,0,0,0
2020-04-22,Siskiyou,093,43540,5,5,0,5,0
2020-04-22,Solano,095,438530,247,195,0,195,3
2020-04-22,Sonoma,097,501317,235,185,0,185,1
2020-04-22,Stanislaus,099,539301,334,247,4,251,4
2020-04-22,Sutter,101,95872,28,22,0,22,2
2020-04-22,Tehama,103,63373,1,1,0,1,1
2020-04-22,Trinity,105,12862,0,0,0,0,0
2020-04-22,Tulare,107,460477,705,425,5,430,23
2020-04-22,Tuolumne,109,53932,3,2,0,2,0
2020-04-22,Ventura,111,848112,591,465,1,466,15
2020-04-22,Yolo,113,214977,178,147,0,147,8
2020-04-22,Yuba,115,75493,16,15,0,15,1
2020-04-21,Alameda,001,1643700,1579,1234,2,1236,46
2020-04-21,Alpine,003,1148,1,1,0,1,0
2020-04-21,Amador,005,37829,8,7,0,7,0
2020-04-21,Butte,007,227075,23,15,1,16,0
2020-04-21,Calaveras,009,45235,12,12,0,12,0
2020-04-21,Colusa,011,21464,3,3,0,3,0
2020-04-21,Contra Costa,013,1133247,891,766,0,766,22
2020-04-21,Del Norte,015,27424,2,2,0,2,0
2020-04-21,El Dorado,017,186661,54,36,0,36,0
2020-04-21,Fresno,019,978130,696,372,6,378,7
2020-04-21,Glenn,021,27897,5,3,0,3,0
2020-04-21,Humboldt,023,135768,58,53,0,53,0
2020-04-21,Imperial,025,180216,361,165,0,165,2
2020-04-21,Inyo,027,18085,19,18,0,18,0
2020-04-21,Kern,029,883053,908,676,1,677,4
2020-04-21,Kings,031,150075,91,28,1,29,1
2020-04-21,Lake,033,64148,6,6,0,6,0
2020-04-21,Lassen,035,31185,3,0,2,2,0
2020-04-21,Los Angeles,037,10098052,21689,15096,14,15110,650
2020-04-21,Madera,039,155013,75,37,1,38,2
2020-04-21,Marin,041,260295,217,202,1,203,10
2020-04-21,Mariposa,043,17540,5,0,0,0,0
2020-04-21,Mendocino,045,87422,6,5,0,5,0
2020-04-21,Merced,047,269075,143,89,0,89,3
2020-04-21,Modoc,049,8938,0,0,0,0,0
2020-04-21,Mono,051,14174,29,23,0,23,1
2020-04-21,Monterey,053,433212,223,151,0,151,4
2020-04-21,Napa,055,140530,66,58,0,58,2
2020-04-21,Nevada,057,99092,41,36,1,37,1
2020-04-21,Orange,059,3164182,2693,1717,22,1739,36
2020-04-21,Placer,061,380077,156,133,0,133,8
2020-04-21,Plumas,063,18699,4,4,0,4,0
2020-04-21,Riverside,065,2383286,3996,2631,14,2645,68
2020-04-21,Sacramento,067,1510023,1051,941,0,941,33
2020-04-21,San Benito,069,59416,45,43,0,43,2
2020-04-21,San Bernardino,071,2135413,2032,1499,1,1500,71
2020-04-21,San Diego,073,3302833,3411,2436,0,2436,87
2020-04-21,San Francisco,075,870044,1522,1232,0,1232,20
2020-04-21,San Joaquin,077,732212,529,447,3,450,20
2020-04-21,San Luis Obispo,079,281455,219,134,3,137,1
2020-04-21,San Mateo,081,765935,1221,933,2,935,34
2020-04-21,Santa Barbara,083,443738,476,414,2,416,5
2020-04-21,Santa Clara,085,1922200,2383,1943,5,1948,91
2020-04-21,Santa Cruz,087,273765,131,104,0,104,2
2020-04-21,Shasta,089,179085,33,26,0,26,3
2020-04-21,Sierra,091,2930,0,0,0,0,0
2020-04-21,Siskiyou,093,43540,5,5,0,5,0
2020-04-21,Solano,095,438530,239,193,0,193,3
2020-04-21,Sonoma,097,501317,225,182,0,182,1
2020-04-21,Stanislaus,099,539301,315,235,4,239,4
2020-04-21,Sutter,101,95872,28,22,0,22,2
2020-04-21,Tehama,103,63373,1,1,0,1,1
2020-04-21,Trinity,105,12862,0,0,0,0,0
2020-04-21,Tulare,107,460477,668,410,5,415,23
2020-04-21,Tuolumne,109,53932,3,2,0,2,0
2020-04-21,Ventura,111,848112,579,455,1,456,14
2020-04-21,Yolo,113,214977,176,143,0,143,8
2020-04-21,Yuba,115,75493,16,15,0,15,1
2020-04-20,Alameda,001,1643700,1546,1181,2,1183,42
2020-04-20,Alpine,003,1148,1,1,0,1,0
2020-04-20,Amador,005,37829,8,7,0,7,0
2020-04-20,Butte,007,227075,23,15,1,16,0
2020-04-20,Calaveras,009,45235,12,12,0,12,0
2020-04-20,Colusa,011,21464,3,3,0,3,0
2020-04-20,Contra Costa,013,1133247,881,753,0,753,22
2020-04-20,Del Norte,015,27424,2,2,0,2,0
2020-04-20,El Dorado,017,186661,54,36,0,36,0
2020-04-20,Fresno,019,978130,678,356,6,362,7
2020-04-20,Glenn,021,27897,4,3,0,3,0
2020-04-20,Humboldt,023,135768,58,53,0,53,0
2020-04-20,Imperial,025,180216,342,149,0,149,2
2020-04-20,Inyo,027,18085,19,17,0,17,0
2020-04-20,Kern,029,883053,876,651,1,652,3
2020-04-20,Kings,031,150075,80,19,1,20,1
2020-04-20,Lake,033,64148,6,6,0,6,0
2020-04-20,Lassen,035,31185,3,0,2,2,0
2020-04-20,Los Angeles,037,10098052,20772,13787,14,13801,608
2020-04-20,Madera,039,155013,74,35,1,36,2
2020-04-20,Marin,041,260295,213,200,1,201,10
2020-04-20,Mariposa,043,17540,5,0,0,0,0
2020-04-20,Mendocino,045,87422,6,5,0,5,0
2020-04-20,Merced,047,269075,136,88,0,88,3
2020-04-20,Modoc,049,8938,0,0,0,0,0
2020-04-20,Mono,051,14174,29,23,0,23,1
2020-04-20,Monterey,053,433212,214,147,0,147,4
2020-04-20,Napa,055,140530,66,55,0,55,2
2020-04-20,Nevada,057,99092,41,34,1,35,1
2020-04-20,Orange,059,3164182,2609,1679,22,1701,33
2020-04-20,Placer,061,380077,155,132,0,132,8
2020-04-20,Plumas,063,18699,4,4,0,4,0
2020-04-20,Riverside,065,2383286,3871,2477,14,2491,61
2020-04-20,Sacramento,067,1510023,1041,924,0,924,32
2020-04-20,San Benito,069,59416,45,43,0,43,2
2020-04-20,San Bernardino,071,2135413,1945,1344,1,1345,63
2020-04-20,San Diego,073,3302833,3269,2327,0,2327,72
2020-04-20,San Francisco,075,870044,1490,1223,0,1223,19
2020-04-20,San Joaquin,077,732212,525,422,3,425,17
2020-04-20,San Luis Obispo,079,281455,205,132,3,135,1
2020-04-20,San Mateo,081,765935,1198,890,2,892,31
2020-04-20,Santa Barbara,083,443738,469,388,2,390,4
2020-04-20,Santa Clara,085,1922200,2352,1920,5,1925,84
2020-04-20,Santa Cruz,087,273765,129,102,0,102,2
2020-04-20,Shasta,089,179085,33,26,0,26,3
2020-04-20,Sierra,091,2930,0,0,0,0,0
2020-04-20,Siskiyou,093,43540,5,5,0,5,0
2020-04-20,Solano,095,438530,236,185,0,185,2
2020-04-20,Sonoma,097,501317,217,178,0,178,1
2020-04-20,Stanislaus,099,539301,301,228,4,232,3
2020-04-20,Sutter,101,95872,27,22,0,22,2
2020-04-20,Tehama,103,63373,1,1,0,1,1
2020-04-20,Trinity,105,12862,0,0,0,0,0
2020-04-20,Tulare,107,460477,658,401,5,406,20
2020-04-20,Tuolumne,109,53932,3,2,0,2,0
2020-04-20,Ventura,111,848112,565,426,1,427,13
2020-04-20,Yolo,113,214977,175,125,0,125,5
2020-04-20,Yuba,115,75493,16,15,0,15,1
2020-04-19,Alameda,001,1643700,1496,1134,2,1136,41
2020-04-19,Alpine,003,1148,1,1,0,1,0
2020-04-19,Amador,005,37829,7,7,0,7,0
2020-04-19,Butte,007,227075,22,15,1,16,0
2020-04-19,Calaveras,009,45235,12,12,0,12,0
2020-04-19,Colusa,011,21464,3,3,0,3,0
2020-04-19,Contra Costa,013,1133247,865,731,0,731,20
2020-04-19,Del Norte,015,27424,2,2,0,2,0
2020-04-19,El Dorado,017,186661,54,36,0,36,0
2020-04-19,Fresno,019,978130,642,326,6,332,7
2020-04-19,Glenn,021,27897,4,3,0,3,0
2020-04-19,Humboldt,023,135768,58,53,0,53,0
2020-04-19,Imperial,025,180216,316,144,0,144,2
2020-04-19,Inyo,027,18085,19,17,0,17,0
2020-04-19,Kern,029,883053,851,629,1,630,3
2020-04-19,Kings,031,150075,70,17,1,18,1
2020-04-19,Lake,033,64148,6,6,0,6,0
2020-04-19,Lassen,035,31185,3,0,2,2,0
2020-04-19,Los Angeles,037,10098052,19776,12299,14,12313,589
2020-04-19,Madera,039,155013,72,34,1,35,2
2020-04-19,Marin,041,260295,212,194,1,195,10
2020-04-19,Mariposa,043,17540,2,0,0,0,0
2020-04-19,Mendocino,045,87422,6,4,0,4,0
2020-04-19,Merced,047,269075,131,85,0,85,3
2020-04-19,Modoc,049,8938,0,0,0,0,0
2020-04-19,Mono,051,14174,29,23,0,23,1
2020-04-19,Monterey,053,433212,205,140,0,140,4
2020-04-19,Napa,055,140530,64,49,0,49,2
2020-04-19,Nevada,057,99092,40,34,1,35,1
2020-04-19,Orange,059,3164182,2512,1591,21,1612,32
2020-04-19,Placer,061,380077,154,131,0,131,8
2020-04-19,Plumas,063,18699,4,4,0,4,0
2020-04-19,Riverside,065,2383286,3728,2316,14,2330,56
2020-04-19,Sacramento,067,1510023,1014,912,0,912,32
2020-04-19,San Benito,069,59416,43,40,0,40,2
2020-04-19,San Bernardino,071,2135413,1882,1262,1,1263,58
2020-04-19,San Diego,073,3302833,3102,2270,0,2270,71
2020-04-19,San Francisco,075,870044,1457,1153,0,1153,19
2020-04-19,San Joaquin,077,732212,507,404,3,407,17
2020-04-19,San Luis Obispo,079,281455,200,132,3,135,1
2020-04-19,San Mateo,081,765935,1162,845,2,847,31
2020-04-19,Santa Barbara,083,443738,462,377,2,379,3
2020-04-19,Santa Clara,085,1922200,2307,1878,5,1883,81
2020-04-19,Santa Cruz,087,273765,126,98,0,98,2
2020-04-19,Shasta,089,179085,31,26,0,26,3
2020-04-19,Sierra,091,2930,0,0,0,0,0
2020-04-19,Siskiyou,093,43540,5,5,0,5,0
2020-04-19,Solano,095,438530,228,174,0,174,2
2020-04-19,Sonoma,097,501317,211,172,0,172,1
2020-04-19,Stanislaus,099,539301,293,221,4,225,3
2020-04-19,Sutter,101,95872,26,21,0,21,2
2020-04-19,Tehama,103,63373,1,1,0,1,1
2020-04-19,Trinity,105,12862,0,0,0,0,0
2020-04-19,Tulare,107,460477,612,391,5,396,17
2020-04-19,Tuolumne,109,53932,3,2,0,2,0
2020-04-19,Ventura,111,848112,557,418,1,419,13
2020-04-19,Yolo,113,214977,175,120,0,120,5
2020-04-19,Yuba,115,75493,16,15,0,15,1
2020-04-18,Alameda,001,1643700,1471,1085,2,1087,40
2020-04-18,Alpine,003,1148,1,1,0,1,0
2020-04-18,Amador,005,37829,7,7,0,7,0
2020-04-18,Butte,007,227075,21,15,1,16,0
2020-04-18,Calaveras,009,45235,12,12,0,12,0
2020-04-18,Colusa,011,21464,3,3,0,3,0
2020-04-18,Contra Costa,013,1133247,853,721,0,721,17
2020-04-18,Del Norte,015,27424,2,2,0,2,0
2020-04-18,El Dorado,017,186661,54,36,0,36,0
2020-04-18,Fresno,019,978130,622,319,6,325,7
2020-04-18,Glenn,021,27897,4,3,0,3,0
2020-04-18,Humboldt,023,135768,58,52,0,52,0
2020-04-18,Imperial,025,180216,307,137,0,137,2
2020-04-18,Inyo,027,18085,19,17,0,17,0
2020-04-18,Kern,029,883053,829,626,1,627,3
2020-04-18,Kings,031,150075,69,17,1,18,1
2020-04-18,Lake,033,64148,6,6,0,6,0
2020-04-18,Lassen,035,31185,3,0,2,2,0
2020-04-18,Los Angeles,037,10098052,19250,11984,14,11998,566
2020-04-18,Madera,039,155013,71,34,1,35,2
2020-04-18,Marin,041,260295,210,193,1,194,10
2020-04-18,Mariposa,043,17540,2,0,0,0,0
2020-04-18,Mendocino,045,87422,6,4,0,4,0
2020-04-18,Merced,047,269075,129,82,0,82,3
2020-04-18,Modoc,049,8938,0,0,0,0,0
2020-04-18,Mono,051,14174,29,22,0,22,1
2020-04-18,Monterey,053,433212,201,135,0,135,3
2020-04-18,Napa,055,140530,64,49,0,49,2
2020-04-18,Nevada,057,99092,39,34,1,35,1
2020-04-18,Orange,059,3164182,2448,1569,20,1589,32
2020-04-18,Placer,061,380077,152,130,0,130,8
2020-04-18,Plumas,063,18699,4,4,0,4,0
2020-04-18,Riverside,065,2383286,3653,2257,14,2271,56
2020-04-18,Sacramento,067,1510023,1002,901,0,901,32
2020-04-18,San Benito,069,59416,43,40,0,40,2
2020-04-18,San Bernardino,071,2135413,1837,1255,1,1256,58
2020-04-18,San Diego,073,3302833,3000,2215,0,2215,71
2020-04-18,San Francisco,075,870044,1418,1144,0,1144,19
2020-04-18,San Joaquin,077,732212,498,392,3,395,17
2020-04-18,San Luis Obispo,079,281455,196,129,3,132,1
2020-04-18,San Mateo,081,765935,1140,821,2,823,31
2020-04-18,Santa Barbara,083,443738,456,372,2,374,3
2020-04-18,Santa Clara,085,1922200,2274,1862,5,1867,79
2020-04-18,Santa Cruz,087,273765,124,96,0,96,2
2020-04-18,Shasta,089,179085,31,26,0,26,3
2020-04-18,Sierra,091,2930,0,0,0,0,0
2020-04-18,Siskiyou,093,43540,5,5,0,5,0
2020-04-18,Solano,095,438530,225,175,0,175,2
2020-04-18,Sonoma,097,501317,207,168,0,168,1
2020-04-18,Stanislaus,099,539301,285,216,4,220,3
2020-04-18,Sutter,101,95872,26,21,0,21,2
2020-04-18,Tehama,103,63373,1,1,0,1,1
2020-04-18,Trinity,105,12862,0,0,0,0,0
2020-04-18,Tulare,107,460477,601,385,5,390,17
2020-04-18,Tuolumne,109,53932,3,2,0,2,0
2020-04-18,Ventura,111,848112,549,416,1,417,13
2020-04-18,Yolo,113,214977,173,118,0,118,5
2020-04-18,Yuba,115,75493,16,14,0,14,1
2020-04-17,Alameda,001,1643700,1415,1043,1,1044,40
2020-04-17,Alpine,003,1148,1,1,0,1,0
2020-04-17,Amador,005,37829,7,7,0,7,0
2020-04-17,Butte,007,227075,21,15,1,16,0
2020-04-17,Calaveras,009,45235,12,11,0,11,0
2020-04-17,Colusa,011,21464,3,3,0,3,0
2020-04-17,Contra Costa,013,1133247,842,687,0,687,15
2020-04-17,Del Norte,015,27424,2,2,0,2,0
2020-04-17,El Dorado,017,186661,54,35,0,35,0
2020-04-17,Fresno,019,978130,600,315,6,321,7
2020-04-17,Glenn,021,27897,4,3,0,3,0
2020-04-17,Humboldt,023,135768,57,52,0,52,0
2020-04-17,Imperial,025,180216,298,135,0,135,2
2020-04-17,Inyo,027,18085,19,17,0,17,0
2020-04-17,Kern,029,883053,809,612,1,613,3
2020-04-17,Kings,031,150075,67,15,1,16,1
2020-04-17,Lake,033,64148,6,6,0,6,0
2020-04-17,Lassen,035,31185,3,0,2,2,0
2020-04-17,Los Angeles,037,10098052,18609,11354,14,11368,489
2020-04-17,Madera,039,155013,71,34,1,35,2
2020-04-17,Marin,041,260295,207,189,1,190,10
2020-04-17,Mariposa,043,17540,1,0,0,0,0
2020-04-17,Mendocino,045,87422,6,4,0,4,0
2020-04-17,Merced,047,269075,128,80,0,80,3
2020-04-17,Modoc,049,8938,0,0,0,0,0
2020-04-17,Mono,051,14174,29,22,0,22,1
2020-04-17,Monterey,053,433212,196,119,0,119,3
2020-04-17,Napa,055,140530,62,46,0,46,2
2020-04-17,Nevada,057,99092,38,34,1,35,1
2020-04-17,Orange,059,3164182,2397,1496,20,1516,31
2020-04-17,Placer,061,380077,152,130,0,130,8
2020-04-17,Plumas,063,18699,4,4,0,4,0
2020-04-17,Riverside,065,2383286,3526,2080,14,2094,50
2020-04-17,Sacramento,067,1510023,995,882,0,882,32
2020-04-17,San Benito,069,59416,43,38,0,38,2
2020-04-17,San Bernardino,071,2135413,1798,1229,1,1230,57
2020-04-17,San Diego,073,3302833,2910,2160,0,2160,70
2020-04-17,San Francisco,075,870044,1392,1090,0,1090,19
2020-04-17,San Joaquin,077,732212,487,356,3,359,17
2020-04-17,San Luis Obispo,079,281455,189,116,3,119,1
2020-04-17,San Mateo,081,765935,1124,768,2,770,31
2020-04-17,Santa Barbara,083,443738,451,349,2,351,3
2020-04-17,Santa Clara,085,1922200,2238,1834,5,1839,74
2020-04-17,Santa Cruz,087,273765,123,94,0,94,2
2020-04-17,Shasta,089,179085,31,26,0,26,3
2020-04-17,Sierra,091,2930,0,0,0,0,0
2020-04-17,Siskiyou,093,43540,5,5,0,5,0
2020-04-17,Solano,095,438530,224,173,0,173,2
2020-04-17,Sonoma,097,501317,204,167,0,167,1
2020-04-17,Stanislaus,099,539301,283,201,4,205,3
2020-04-17,Sutter,101,95872,26,20,0,20,2
2020-04-17,Tehama,103,63373,1,1,0,1,1
2020-04-17,Trinity,105,12862,0,0,0,0,0
2020-04-17,Tulare,107,460477,594,370,5,375,17
2020-04-17,Tuolumne,109,53932,3,2,0,2,0
2020-04-17,Ventura,111,848112,544,398,1,399,13
2020-04-17,Yolo,113,214977,172,117,0,117,5
2020-04-17,Yuba,115,75493,16,14,0,14,1
2020-04-16,Alameda,001,1643700,1380,981,1,982,39
2020-04-16,Alpine,003,1148,1,1,0,1,0
2020-04-16,Amador,005,37829,7,7,0,7,0
2020-04-16,Butte,007,227075,20,15,1,16,0
2020-04-16,Calaveras,009,45235,12,10,0,10,0
2020-04-16,Colusa,011,21464,3,3,0,3,0
2020-04-16,Contra Costa,013,1133247,828,675,0,675,14
2020-04-16,Del Norte,015,27424,2,2,0,2,0
2020-04-16,El Dorado,017,186661,53,34,0,34,0
2020-04-16,Fresno,019,978130,570,289,6,295,7
2020-04-16,Glenn,021,27897,4,3,0,3,0
2020-04-16,Humboldt,023,135768,57,47,0,47,0
2020-04-16,Imperial,025,180216,284,132,0,132,2
2020-04-16,Inyo,027,18085,17,17,0,17,0
2020-04-16,Kern,029,883053,782,587,1,588,3
2020-04-16,Kings,031,150075,63,12,1,13,1
2020-04-16,Lake,033,64148,6,6,0,6,0
2020-04-16,Lassen,035,31185,3,0,2,2,0
2020-04-16,Los Angeles,037,10098052,17723,10786,14,10800,447
2020-04-16,Madera,039,155013,69,34,1,35,2
2020-04-16,Marin,041,260295,203,170,1,171,10
2020-04-16,Mariposa,043,17540,1,1,0,1,0
2020-04-16,Mendocino,045,87422,6,4,0,4,0
2020-04-16,Merced,047,269075,122,76,0,76,3
2020-04-16,Modoc,049,8938,0,0,0,0,0
2020-04-16,Mono,051,14174,29,22,0,22,1
2020-04-16,Monterey,053,433212,193,116,0,116,3
2020-04-16,Napa,055,140530,59,44,0,44,2
2020-04-16,Nevada,057,99092,38,34,1,35,1
2020-04-16,Orange,059,3164182,2332,1439,19,1458,28
2020-04-16,Placer,061,380077,150,129,0,129,7
2020-04-16,Plumas,063,18699,4,4,0,4,0
2020-04-16,Riverside,065,2383286,3406,1913,14,1927,45
2020-04-16,Sacramento,067,1510023,987,865,0,865,32
2020-04-16,San Benito,069,59416,43,36,0,36,2
2020-04-16,San Bernardino,071,2135413,1716,1143,0,1143,54
2020-04-16,San Diego,073,3302833,2802,2089,0,2089,63
2020-04-16,San Francisco,075,870044,1348,1039,0,1039,16
2020-04-16,San Joaquin,077,732212,472,345,3,348,17
2020-04-16,San Luis Obispo,079,281455,185,113,3,116,1
2020-04-16,San Mateo,081,765935,1095,745,2,747,29
2020-04-16,Santa Barbara,083,443738,440,331,2,333,3
2020-04-16,Santa Clara,085,1922200,2201,1789,5,1794,70
2020-04-16,Santa Cruz,087,273765,121,90,0,90,2
2020-04-16,Shasta,089,179085,31,25,0,25,3
2020-04-16,Sierra,091,2930,0,0,0,0,0
2020-04-16,Siskiyou,093,43540,5,5,0,5,0
2020-04-16,Solano,095,438530,221,162,0,162,2
2020-04-16,Sonoma,097,501317,199,145,0,145,1
2020-04-16,Stanislaus,099,539301,280,185,4,189,3
2020-04-16,Sutter,101,95872,25,21,0,21,2
2020-04-16,Tehama,103,63373,1,1,0,1,1
2020-04-16,Trinity,105,12862,0,0,0,0,0
2020-04-16,Tulare,107,460477,577,305,5,310,16
2020-04-16,Tuolumne,109,53932,3,1,0,1,0
2020-04-16,Ventura,111,848112,532,384,1,385,13
2020-04-16,Yolo,113,214977,170,98,0,98,4
2020-04-16,Yuba,115,75493,15,14,0,14,1
2020-04-15,Alameda,001,1643700,1330,915,1,916,38
2020-04-15,Alpine,003,1148,1,1,0,1,0
2020-04-15,Amador,005,37829,7,7,0,7,0
2020-04-15,Butte,007,227075,20,14,1,15,0
2020-04-15,Calaveras,009,45235,11,9,0,9,0
2020-04-15,Colusa,011,21464,3,3,0,3,0
2020-04-15,Contra Costa,013,1133247,806,645,0,645,14
2020-04-15,Del Norte,015,27424,2,2,0,2,0
2020-04-15,El Dorado,017,186661,51,33,0,33,0
2020-04-15,Fresno,019,978130,544,264,6,270,7
2020-04-15,Glenn,021,27897,4,3,0,3,0
2020-04-15,Humboldt,023,135768,57,47,0,47,0
2020-04-15,Imperial,025,180216,257,115,0,115,2
2020-04-15,Inyo,027,18085,17,12,0,12,0
2020-04-15,Kern,029,883053,760,500,1,501,3
2020-04-15,Kings,031,150075,59,12,1,13,1
2020-04-15,Lake,033,64148,6,4,0,4,0
2020-04-15,Lassen,035,31185,3,0,2,2,0
2020-04-15,Los Angeles,037,10098052,16903,10416,13,10429,394
2020-04-15,Madera,039,155013,69,30,1,31,2
2020-04-15,Marin,041,260295,200,162,1,163,10
2020-04-15,Mariposa,043,17540,0,0,0,0,0
2020-04-15,Mendocino,045,87422,5,4,0,4,0
2020-04-15,Merced,047,269075,120,74,0,74,3
2020-04-15,Modoc,049,8938,0,0,0,0,0
2020-04-15,Mono,051,14174,29,22,0,22,1
2020-04-15,Monterey,053,433212,185,106,0,106,3
2020-04-15,Napa,055,140530,56,34,0,34,2
2020-04-15,Nevada,057,99092,37,34,1,35,1
2020-04-15,Orange,059,3164182,2229,1377,19,1396,24
2020-04-15,Placer,061,380077,149,123,0,123,6
2020-04-15,Plumas,063,18699,4,4,0,4,0
2020-04-15,Riverside,065,2383286,3211,1723,14,1737,42
2020-04-15,Sacramento,067,1510023,978,839,0,839,32
2020-04-15,San Benito,069,59416,43,34,0,34,2
2020-04-15,San Bernardino,071,2135413,1646,1063,0,1063,45
2020-04-15,San Diego,073,3302833,2714,2014,0,2014,60
2020-04-15,San Francisco,075,870044,1312,1006,0,1006,16
2020-04-15,San Joaquin,077,732212,464,329,3,332,17
2020-04-15,San Luis Obispo,079,281455,177,112,3,115,1
2020-04-15,San Mateo,081,765935,1046,707,2,709,28
2020-04-15,Santa Barbara,083,443738,424,317,2,319,2
2020-04-15,Santa Clara,085,1922200,2162,1692,5,1697,69
2020-04-15,Santa Cruz,087,273765,117,92,0,92,2
2020-04-15,Shasta,089,179085,31,25,0,25,3
2020-04-15,Sierra,091,2930,0,0,0,0,0
2020-04-15,Siskiyou,093,43540,5,5,0,5,0
2020-04-15,Solano,095,438530,216,153,0,153,2
2020-04-15,Sonoma,097,501317,197,140,0,140,1
2020-04-15,Stanislaus,099,539301,273,174,4,178,3
2020-04-15,Sutter,101,95872,25,19,0,19,2
2020-04-15,Tehama,103,63373,1,1,0,1,1
2020-04-15,Trinity,105,12862,0,0,0,0,0
2020-04-15,Tulare,107,460477,559,289,5,294,14
2020-04-15,Tuolumne,109,53932,3,1,0,1,0
2020-04-15,Ventura,111,848112,517,365,1,366,13
2020-04-15,Yolo,113,214977,163,93,0,93,3
2020-04-15,Yuba,115,75493,15,15,0,15,1
2020-04-14,Alameda,001,1643700,1285,843,1,844,30
2020-04-14,Alpine,003,1148,1,1,0,1,0
2020-04-14,Amador,005,37829,7,6,0,6,0
2020-04-14,Butte,007,227075,20,13,1,14,0
2020-04-14,Calaveras,009,45235,11,5,0,5,0
2020-04-14,Colusa,011,21464,3,3,0,3,0
2020-04-14,Contra Costa,013,1133247,794,617,0,617,12
2020-04-14,Del Norte,015,27424,2,2,0,2,0
2020-04-14,El Dorado,017,186661,51,30,0,30,0
2020-04-14,Fresno,019,978130,521,244,6,250,6
2020-04-14,Glenn,021,27897,4,3,0,3,0
2020-04-14,Humboldt,023,135768,57,44,0,44,0
2020-04-14,Imperial,025,180216,237,86,0,86,2
2020-04-14,Inyo,027,18085,17,12,0,12,0
2020-04-14,Kern,029,883053,736,453,1,454,3
2020-04-14,Kings,031,150075,58,12,1,13,1
2020-04-14,Lake,033,64148,6,3,0,3,0
2020-04-14,Lassen,035,31185,3,0,2,2,0
2020-04-14,Los Angeles,037,10098052,16007,9948,12,9960,357
2020-04-14,Madera,039,155013,68,29,1,30,2
2020-04-14,Marin,041,260295,196,147,1,148,9
2020-04-14,Mariposa,043,17540,0,0,0,0,0
2020-04-14,Mendocino,045,87422,5,4,0,4,0
2020-04-14,Merced,047,269075,113,61,0,61,3
2020-04-14,Modoc,049,8938,0,0,0,0,0
2020-04-14,Mono,051,14174,29,22,0,22,1
2020-04-14,Monterey,053,433212,180,98,0,98,3
2020-04-14,Napa,055,140530,56,33,0,33,2
2020-04-14,Nevada,057,99092,37,34,1,35,1
2020-04-14,Orange,059,3164182,2127,1362,19,1381,24
2020-04-14,Placer,061,380077,148,117,0,117,5
2020-04-14,Plumas,063,18699,4,3,0,3,0
2020-04-14,Riverside,065,2383286,3076,1467,14,1481,40
2020-04-14,Sacramento,067,1510023,969,737,0,737,29
2020-04-14,San Benito,069,59416,40,34,0,34,2
2020-04-14,San Bernardino,071,2135413,1591,933,0,933,37
2020-04-14,San Diego,073,3302833,2619,1932,0,1932,53
2020-04-14,San Francisco,075,870044,1258,968,0,968,14
2020-04-14,San Joaquin,077,732212,454,280,3,283,17
2020-04-14,San Luis Obispo,079,281455,174,109,3,112,1
2020-04-14,San Mateo,081,765935,1012,681,2,683,28
2020-04-14,Santa Barbara,083,443738,400,292,2,294,2
2020-04-14,Santa Clara,085,1922200,2129,1561,5,1566,63
2020-04-14,Santa Cruz,087,273765,109,84,0,84,2
2020-04-14,Shasta,089,179085,31,24,0,24,3
2020-04-14,Sierra,091,2930,0,0,0,0,0
2020-04-14,Siskiyou,093,43540,5,5,0,5,0
2020-04-14,Solano,095,438530,213,140,0,140,2
2020-04-14,Sonoma,097,501317,193,133,0,133,1
2020-04-14,Stanislaus,099,539301,260,136,4,140,3
2020-04-14,Sutter,101,95872,24,19,0,19,2
2020-04-14,Tehama,103,63373,1,1,0,1,1
2020-04-14,Trinity,105,12862,0,0,0,0,0
2020-04-14,Tulare,107,460477,535,228,5,233,12
2020-04-14,Tuolumne,109,53932,3,0,0,0,0
2020-04-14,Ventura,111,848112,504,328,1,329,11
2020-04-14,Yolo,113,214977,160,81,0,81,3
2020-04-14,Yuba,115,75493,14,14,0,14,1
2020-04-13,Alameda,001,1643700,1246,821,1,822,23
2020-04-13,Alpine,003,1148,1,1,0,1,0
2020-04-13,Amador,005,37829,7,6,0,6,0
2020-04-13,Butte,007,227075,20,13,1,14,0
2020-04-13,Calaveras,009,45235,10,5,0,5,0
2020-04-13,Colusa,011,21464,3,3,0,3,0
2020-04-13,Contra Costa,013,1133247,778,569,0,569,12
2020-04-13,Del Norte,015,27424,2,2,0,2,0
2020-04-13,El Dorado,017,186661,49,29,0,29,0
2020-04-13,Fresno,019,978130,499,205,5,210,4
2020-04-13,Glenn,021,27897,4,3,0,3,0
2020-04-13,Humboldt,023,135768,57,44,0,44,0
2020-04-13,Imperial,025,180216,219,82,0,82,2
2020-04-13,Inyo,027,18085,17,12,0,12,0
2020-04-13,Kern,029,883053,711,346,1,347,3
2020-04-13,Kings,031,150075,54,9,1,10,0
2020-04-13,Lake,033,64148,6,3,0,3,0
2020-04-13,Lassen,035,31185,3,0,2,2,0
2020-04-13,Los Angeles,037,10098052,15293,9367,12,9379,317
2020-04-13,Madera,039,155013,66,29,1,30,2
2020-04-13,Marin,041,260295,192,144,1,145,6
2020-04-13,Mariposa,043,17540,0,0,0,0,0
2020-04-13,Mendocino,045,87422,5,4,0,4,0
2020-04-13,Merced,047,269075,112,60,0,60,3
2020-04-13,Modoc,049,8938,0,0,0,0,0
2020-04-13,Mono,051,14174,29,21,0,21,1
2020-04-13,Monterey,053,433212,173,86,0,86,3
2020-04-13,Napa,055,140530,55,30,0,30,2
2020-04-13,Nevada,057,99092,37,24,1,25,1
2020-04-13,Orange,059,3164182,2054,1313,19,1332,21
2020-04-13,Placer,061,380077,147,116,0,116,5
2020-04-13,Plumas,063,18699,4,3,0,3,0
2020-04-13,Riverside,065,2383286,2935,1460,13,1473,35
2020-04-13,Sacramento,067,1510023,957,723,0,723,25
2020-04-13,San Benito,069,59416,39,33,0,33,2
2020-04-13,San Bernardino,071,2135413,1516,920,0,920,30
2020-04-13,San Diego,073,3302833,2536,1849,0,1849,47
2020-04-13,San Francisco,075,870044,1220,948,0,948,12
2020-04-13,San Joaquin,077,732212,439,255,3,258,16
2020-04-13,San Luis Obispo,079,281455,169,106,3,109,1
2020-04-13,San Mateo,081,765935,972,679,2,681,25
2020-04-13,Santa Barbara,083,443738,381,271,1,272,2
2020-04-13,Santa Clara,085,1922200,2083,1540,5,1545,58
2020-04-13,Santa Cruz,087,273765,103,82,0,82,1
2020-04-13,Shasta,089,179085,30,24,0,24,3
2020-04-13,Sierra,091,2930,0,0,0,0,0
2020-04-13,Siskiyou,093,43540,5,5,0,5,0
2020-04-13,Solano,095,438530,210,136,0,136,2
2020-04-13,Sonoma,097,501317,186,133,0,133,1
2020-04-13,Stanislaus,099,539301,254,130,4,134,1
2020-04-13,Sutter,101,95872,24,18,0,18,2
2020-04-13,Tehama,103,63373,1,1,0,1,0
2020-04-13,Trinity,105,12862,0,0,0,0,0
2020-04-13,Tulare,107,460477,499,185,5,190,11
2020-04-13,Tuolumne,109,53932,3,0,0,0,0
2020-04-13,Ventura,111,848112,483,309,0,309,9
2020-04-13,Yolo,113,214977,153,81,0,81,3
2020-04-13,Yuba,115,75493,14,13,0,13,1
2020-04-12,Alameda,001,1643700,1203,774,1,775,23
2020-04-12,Alpine,003,1148,1,1,0,1,0
2020-04-12,Amador,005,37829,7,6,0,6,0
2020-04-12,Butte,007,227075,20,13,1,14,0
2020-04-12,Calaveras,009,45235,10,5,0,5,0
2020-04-12,Colusa,011,21464,3,3,0,3,0
2020-04-12,Contra Costa,013,1133247,765,553,0,553,12
2020-04-12,Del Norte,015,27424,2,2,0,2,0
2020-04-12,El Dorado,017,186661,49,28,0,28,0
2020-04-12,Fresno,019,978130,470,205,5,210,4
2020-04-12,Glenn,021,27897,4,3,0,3,0
2020-04-12,Humboldt,023,135768,57,43,0,43,0
2020-04-12,Imperial,025,180216,196,78,0,78,2
2020-04-12,Inyo,027,18085,15,12,0,12,0
2020-04-12,Kern,029,883053,679,319,0,319,3
2020-04-12,Kings,031,150075,52,9,1,10,0
2020-04-12,Lake,033,64148,6,3,0,3,0
2020-04-12,Lassen,035,31185,3,0,2,2,0
2020-04-12,Los Angeles,037,10098052,14579,9133,12,9145,294
2020-04-12,Madera,039,155013,65,29,1,30,2
2020-04-12,Marin,041,260295,181,138,1,139,6
2020-04-12,Mariposa,043,17540,0,0,0,0,0
2020-04-12,Mendocino,045,87422,5,4,0,4,0
2020-04-12,Merced,047,269075,106,58,0,58,3
2020-04-12,Modoc,049,8938,0,0,0,0,0
2020-04-12,Mono,051,14174,29,20,0,20,1
2020-04-12,Monterey,053,433212,159,85,0,85,3
2020-04-12,Napa,055,140530,53,29,0,29,2
2020-04-12,Nevada,057,99092,37,24,1,25,1
2020-04-12,Orange,059,3164182,1994,1283,18,1301,21
2020-04-12,Placer,061,380077,146,114,0,114,4
2020-04-12,Plumas,063,18699,4,3,0,3,0
2020-04-12,Riverside,065,2383286,2753,1330,13,1343,34
2020-04-12,Sacramento,067,1510023,920,689,0,689,25
2020-04-12,San Benito,069,59416,37,33,0,33,2
2020-04-12,San Bernardino,071,2135413,1440,827,0,827,30
2020-04-12,San Diego,073,3302833,2446,1806,0,1806,45
2020-04-12,San Francisco,075,870044,1193,886,0,886,11
2020-04-12,San Joaquin,077,732212,421,246,3,249,15
2020-04-12,San Luis Obispo,079,281455,166,102,2,104,1
2020-04-12,San Mateo,081,765935,946,664,2,666,25
2020-04-12,Santa Barbara,083,443738,362,261,1,262,2
2020-04-12,Santa Clara,085,1922200,2055,1461,5,1466,53
2020-04-12,Santa Cruz,087,273765,102,80,0,80,1
2020-04-12,Shasta,089,179085,30,24,0,24,3
2020-04-12,Sierra,091,2930,0,0,0,0,0
2020-04-12,Siskiyou,093,43540,5,5,0,5,0
2020-04-12,Solano,095,438530,204,136,0,136,2
2020-04-12,Sonoma,097,501317,183,131,0,131,1
2020-04-12,Stanislaus,099,539301,246,117,4,121,1
2020-04-12,Sutter,101,95872,23,18,0,18,2
2020-04-12,Tehama,103,63373,1,1,0,1,0
2020-04-12,Trinity,105,12862,0,0,0,0,0
2020-04-12,Tulare,107,460477,487,166,5,171,11
2020-04-12,Tuolumne,109,53932,3,0,0,0,0
2020-04-12,Ventura,111,848112,473,306,0,306,9
2020-04-12,Yolo,113,214977,139,67,0,67,3
2020-04-12,Yuba,115,75493,14,13,0,13,1
2020-04-11,Alameda,001,1643700,1162,751,1,752,23
2020-04-11,Alpine,003,1148,1,1,0,1,0
2020-04-11,Amador,005,37829,7,6,0,6,0
2020-04-11,Butte,007,227075,20,13,1,14,0
2020-04-11,Calaveras,009,45235,10,5,0,5,0
2020-04-11,Colusa,011,21464,3,3,0,3,0
2020-04-11,Contra Costa,013,1133247,756,550,0,550,12
2020-04-11,Del Norte,015,27424,2,2,0,2,0
2020-04-11,El Dorado,017,186661,48,29,0,29,0
2020-04-11,Fresno,019,978130,460,201,5,206,4
2020-04-11,Glenn,021,27897,4,3,0,3,0
2020-04-11,Humboldt,023,135768,57,38,0,38,0
2020-04-11,Imperial,025,180216,186,78,0,78,2
2020-04-11,Inyo,027,18085,15,12,0,12,0
2020-04-11,Kern,029,883053,651,304,0,304,3
2020-04-11,Kings,031,150075,49,9,1,10,0
2020-04-11,Lake,033,64148,6,3,0,3,0
2020-04-11,Lassen,035,31185,3,0,2,2,0
2020-04-11,Los Angeles,037,10098052,14108,8823,12,8835,262
2020-04-11,Madera,039,155013,64,29,1,30,2
2020-04-11,Marin,041,260295,178,136,1,137,6
2020-04-11,Mariposa,043,17540,0,0,0,0,0
2020-04-11,Mendocino,045,87422,5,4,0,4,0
2020-04-11,Merced,047,269075,103,59,0,59,3
2020-04-11,Modoc,049,8938,0,0,0,0,0
2020-04-11,Mono,051,14174,29,20,0,20,1
2020-04-11,Monterey,053,433212,153,78,0,78,3
2020-04-11,Napa,055,140530,53,29,0,29,2
2020-04-11,Nevada,057,99092,37,24,1,25,1
2020-04-11,Orange,059,3164182,1932,1267,18,1285,21
2020-04-11,Placer,061,380077,146,113,0,113,4
2020-04-11,Plumas,063,18699,4,3,0,3,0
2020-04-11,Riverside,065,2383286,2674,1260,13,1273,33
2020-04-11,Sacramento,067,1510023,909,685,0,685,25
2020-04-11,San Benito,069,59416,37,33,0,33,2
2020-04-11,San Bernardino,071,2135413,1404,826,0,826,28
2020-04-11,San Diego,073,3302833,2380,1763,0,1763,45
2020-04-11,San Francisco,075,870044,1171,860,0,860,11
2020-04-11,San Joaquin,077,732212,416,244,3,247,15
2020-04-11,San Luis Obispo,079,281455,166,100,1,101,1
2020-04-11,San Mateo,081,765935,934,662,2,664,25
2020-04-11,Santa Barbara,083,443738,354,258,1,259,2
2020-04-11,Santa Clara,085,1922200,1996,1441,5,1446,51
2020-04-11,Santa Cruz,087,273765,102,79,0,79,1
2020-04-11,Shasta,089,179085,30,24,0,24,3
2020-04-11,Sierra,091,2930,0,0,0,0,0
2020-04-11,Siskiyou,093,43540,5,5,0,5,0
2020-04-11,Solano,095,438530,200,138,0,138,2
2020-04-11,Sonoma,097,501317,181,131,0,131,1
2020-04-11,Stanislaus,099,539301,238,119,3,122,1
2020-04-11,Sutter,101,95872,23,18,0,18,2
2020-04-11,Tehama,103,63373,1,1,0,1,0
2020-04-11,Trinity,105,12862,0,0,0,0,0
2020-04-11,Tulare,107,460477,465,168,5,173,10
2020-04-11,Tuolumne,109,53932,3,0,0,0,0
2020-04-11,Ventura,111,848112,463,304,0,304,9
2020-04-11,Yolo,113,214977,136,67,0,67,3
2020-04-11,Yuba,115,75493,14,13,0,13,1
2020-04-10,Alameda,001,1643700,1121,706,1,707,21
2020-04-10,Alpine,003,1148,1,1,0,1,0
2020-04-10,Amador,005,37829,7,5,0,5,0
2020-04-10,Butte,007,227075,20,13,1,14,0
2020-04-10,Calaveras,009,45235,10,5,0,5,0
2020-04-10,Colusa,011,21464,3,3,0,3,0
2020-04-10,Contra Costa,013,1133247,743,537,0,537,10
2020-04-10,Del Norte,015,27424,2,2,0,2,0
2020-04-10,El Dorado,017,186661,48,26,0,26,0
2020-04-10,Fresno,019,978130,453,186,4,190,3
2020-04-10,Glenn,021,27897,4,3,0,3,0
2020-04-10,Humboldt,023,135768,57,36,0,36,0
2020-04-10,Imperial,025,180216,179,70,0,70,2
2020-04-10,Inyo,027,18085,13,11,0,11,0
2020-04-10,Kern,029,883053,627,272,0,272,3
2020-04-10,Kings,031,150075,46,7,1,8,0
2020-04-10,Lake,033,64148,6,3,0,3,0
2020-04-10,Lassen,035,31185,3,0,2,2,0
2020-04-10,Los Angeles,037,10098052,13594,8384,11,8395,239
2020-04-10,Madera,039,155013,63,29,1,30,2
2020-04-10,Marin,041,260295,173,128,1,129,6
2020-04-10,Mariposa,043,17540,0,0,0,0,0
2020-04-10,Mendocino,045,87422,5,4,0,4,0
2020-04-10,Merced,047,269075,100,56,0,56,3
2020-04-10,Modoc,049,8938,0,0,0,0,0
2020-04-10,Mono,051,14174,29,20,0,20,1
2020-04-10,Monterey,053,433212,142,78,0,78,3
2020-04-10,Napa,055,140530,50,28,0,28,2
2020-04-10,Nevada,057,99092,37,23,1,24,1
2020-04-10,Orange,059,3164182,1885,1167,18,1185,21
2020-04-10,Placer,061,380077,145,112,0,112,4
2020-04-10,Plumas,063,18699,4,3,0,3,0
2020-04-10,Riverside,065,2383286,2608,1162,13,1175,30
2020-04-10,Sacramento,067,1510023,900,642,0,642,24
2020-04-10,San Benito,069,59416,37,32,0,32,2
2020-04-10,San Bernardino,071,2135413,1356,779,0,779,27
2020-04-10,San Diego,073,3302833,2320,1695,0,1695,44
2020-04-10,San Francisco,075,870044,1140,797,0,797,10
2020-04-10,San Joaquin,077,732212,404,234,3,237,14
2020-04-10,San Luis Obispo,079,281455,166,97,1,98,1
2020-04-10,San Mateo,081,765935,918,642,2,644,24
2020-04-10,Santa Barbara,083,443738,346,254,1,255,2
2020-04-10,Santa Clara,085,1922200,1944,1351,5,1356,50
2020-04-10,Santa Cruz,087,273765,101,75,0,75,1
2020-04-10,Shasta,089,179085,30,24,0,24,3
2020-04-10,Sierra,091,2930,0,0,0,0,0
2020-04-10,Siskiyou,093,43540,5,5,0,5,0
2020-04-10,Solano,095,438530,197,129,0,129,2
2020-04-10,Sonoma,097,501317,180,129,0,129,1
2020-04-10,Stanislaus,099,539301,231,101,3,104,0
2020-04-10,Sutter,101,95872,23,18,0,18,2
2020-04-10,Tehama,103,63373,1,1,0,1,0
2020-04-10,Trinity,105,12862,0,0,0,0,0
2020-04-10,Tulare,107,460477,423,163,5,168,10
2020-04-10,Tuolumne,109,53932,3,0,0,0,0
2020-04-10,Ventura,111,848112,454,290,0,290,9
2020-04-10,Yolo,113,214977,134,62,0,62,3
2020-04-10,Yuba,115,75493,14,13,0,13,1
2020-04-09,Alameda,001,1643700,1071,641,1,642,17
2020-04-09,Alpine,003,1148,1,1,0,1,0
2020-04-09,Amador,005,37829,7,2,0,2,0
2020-04-09,Butte,007,227075,19,12,1,13,0
2020-04-09,Calaveras,009,45235,10,5,0,5,0
2020-04-09,Colusa,011,21464,3,3,0,3,0
2020-04-09,Contra Costa,013,1133247,700,505,0,505,7
2020-04-09,Del Norte,015,27424,2,2,0,2,0
2020-04-09,El Dorado,017,186661,47,25,0,25,0
2020-04-09,Fresno,019,978130,428,165,4,169,3
2020-04-09,Glenn,021,27897,4,2,0,2,0
2020-04-09,Humboldt,023,135768,57,36,0,36,0
2020-04-09,Imperial,025,180216,158,67,0,67,2
2020-04-09,Inyo,027,18085,12,11,0,11,0
2020-04-09,Kern,029,883053,591,241,0,241,2
2020-04-09,Kings,031,150075,43,5,1,6,0
2020-04-09,Lake,033,64148,5,1,0,1,0
2020-04-09,Lassen,035,31185,3,0,2,2,0
2020-04-09,Los Angeles,037,10098052,12966,7919,11,7930,220
2020-04-09,Madera,039,155013,63,28,1,29,2
2020-04-09,Marin,041,260295,171,126,1,127,7
2020-04-09,Mariposa,043,17540,0,0,0,0,0
2020-04-09,Mendocino,045,87422,5,4,0,4,0
2020-04-09,Merced,047,269075,97,41,0,41,3
2020-04-09,Modoc,049,8938,0,0,0,0,0
2020-04-09,Mono,051,14174,29,19,0,19,1
2020-04-09,Monterey,053,433212,124,70,0,70,3
2020-04-09,Napa,055,140530,46,27,0,27,2
2020-04-09,Nevada,057,99092,36,23,1,24,1
2020-04-09,Orange,059,3164182,1811,1105,18,1123,19
2020-04-09,Placer,061,380077,144,107,0,107,4
2020-04-09,Plumas,063,18699,4,3,0,3,0
2020-04-09,Riverside,065,2383286,2465,1083,13,1096,29
2020-04-09,Sacramento,067,1510023,877,601,0,601,21
2020-04-09,San Benito,069,59416,37,32,0,32,2
2020-04-09,San Bernardino,071,2135413,1287,717,0,717,27
2020-04-09,San Diego,073,3302833,2224,1630,0,1630,40
2020-04-09,San Francisco,075,870044,1120,748,0,748,8
2020-04-09,San Joaquin,077,732212,383,223,3,226,14
2020-04-09,San Luis Obispo,079,281455,158,93,1,94,1
2020-04-09,San Mateo,081,765935,902,630,2,632,23
2020-04-09,Santa Barbara,083,443738,336,232,1,233,2
2020-04-09,Santa Clara,085,1922200,1874,1301,5,1306,49
2020-04-09,Santa Cruz,087,273765,101,73,0,73,1
2020-04-09,Shasta,089,179085,30,22,0,22,3
2020-04-09,Sierra,091,2930,0,0,0,0,0
2020-04-09,Siskiyou,093,43540,5,4,0,4,0
2020-04-09,Solano,095,438530,188,118,0,118,2
2020-04-09,Sonoma,097,501317,176,113,0,113,1
2020-04-09,Stanislaus,099,539301,219,93,3,96,0
2020-04-09,Sutter,101,95872,23,17,0,17,2
2020-04-09,Tehama,103,63373,1,1,0,1,0
2020-04-09,Trinity,105,12862,0,0,0,0,0
2020-04-09,Tulare,107,460477,394,147,5,152,9
2020-04-09,Tuolumne,109,53932,3,0,0,0,0
2020-04-09,Ventura,111,848112,435,273,0,273,9
2020-04-09,Yolo,113,214977,125,59,0,59,3
2020-04-09,Yuba,115,75493,14,13,0,13,0
2020-04-08,Alameda,001,1643700,1029,594,1,595,15
2020-04-08,Alpine,003,1148,1,1,0,1,0
2020-04-08,Amador,005,37829,7,2,0,2,0
2020-04-08,Butte,007,227075,18,11,1,12,0
2020-04-08,Calaveras,009,45235,10,5,0,5,0
2020-04-08,Colusa,011,21464,3,3,0,3,0
2020-04-08,Contra Costa,013,1133247,687,481,0,481,7
2020-04-08,Del Norte,015,27424,2,2,0,2,0
2020-04-08,El Dorado,017,186661,47,25,0,25,0
2020-04-08,Fresno,019,978130,408,151,4,155,3
2020-04-08,Glenn,021,27897,4,2,0,2,0
2020-04-08,Humboldt,023,135768,57,40,0,40,0
2020-04-08,Imperial,025,180216,147,59,0,59,2
2020-04-08,Inyo,027,18085,12,11,0,11,0
2020-04-08,Kern,029,883053,550,198,0,198,2
2020-04-08,Kings,031,150075,43,5,1,6,0
2020-04-08,Lake,033,64148,5,1,0,1,0
2020-04-08,Lassen,035,31185,3,0,2,2,0
2020-04-08,Los Angeles,037,10098052,12364,7505,11,7516,196
2020-04-08,Madera,039,155013,62,28,1,29,2
2020-04-08,Marin,041,260295,165,125,1,126,7
2020-04-08,Mariposa,043,17540,0,0,0,0,0
2020-04-08,Mendocino,045,87422,5,4,0,4,0
2020-04-08,Merced,047,269075,82,35,0,35,1
2020-04-08,Modoc,049,8938,0,0,0,0,0
2020-04-08,Mono,051,14174,29,19,0,19,1
2020-04-08,Monterey,053,433212,115,68,0,68,3
2020-04-08,Napa,055,140530,44,21,0,21,2
2020-04-08,Nevada,057,99092,36,21,1,22,1
2020-04-08,Orange,059,3164182,1748,1034,18,1052,19
2020-04-08,Placer,061,380077,144,102,0,102,4
2020-04-08,Plumas,063,18699,4,3,0,3,0
2020-04-08,Riverside,065,2383286,2308,974,13,987,28
2020-04-08,Sacramento,067,1510023,843,565,0,565,21
2020-04-08,San Benito,069,59416,37,31,0,31,2
2020-04-08,San Bernardino,071,2135413,1230,635,0,635,22
2020-04-08,San Diego,073,3302833,2150,1532,0,1532,36
2020-04-08,San Francisco,075,870044,1053,687,0,687,7
2020-04-08,San Joaquin,077,732212,366,211,3,214,12
2020-04-08,San Luis Obispo,079,281455,156,90,1,91,1
2020-04-08,San Mateo,081,765935,887,608,2,610,22
2020-04-08,Santa Barbara,083,443738,319,221,1,222,2
2020-04-08,Santa Clara,085,1922200,1829,1257,5,1262,47
2020-04-08,Santa Cruz,087,273765,100,69,0,69,1
2020-04-08,Shasta,089,179085,30,18,0,18,3
2020-04-08,Sierra,091,2930,0,0,0,0,0
2020-04-08,Siskiyou,093,43540,5,4,0,4,0
2020-04-08,Solano,095,438530,175,111,0,111,2
2020-04-08,Sonoma,097,501317,170,107,0,107,1
2020-04-08,Stanislaus,099,539301,203,86,3,89,0
2020-04-08,Sutter,101,95872,22,17,0,17,2
2020-04-08,Tehama,103,63373,1,1,0,1,0
2020-04-08,Trinity,105,12862,0,0,0,0,0
2020-04-08,Tulare,107,460477,363,145,5,150,6
2020-04-08,Tuolumne,109,53932,3,0,0,0,0
2020-04-08,Ventura,111,848112,426,263,0,263,7
2020-04-08,Yolo,113,214977,108,56,0,56,3
2020-04-08,Yuba,115,75493,14,10,0,10,0
2020-04-07,Alameda,001,1643700,994,560,1,561,14
2020-04-07,Alpine,003,1148,1,1,0,1,0
2020-04-07,Amador,005,37829,7,2,0,2,0
2020-04-07,Butte,007,227075,17,11,1,12,0
2020-04-07,Calaveras,009,45235,9,5,0,5,0
2020-04-07,Colusa,011,21464,3,2,0,2,0
2020-04-07,Contra Costa,013,1133247,667,471,0,471,7
2020-04-07,Del Norte,015,27424,2,2,0,2,0
2020-04-07,El Dorado,017,186661,46,22,0,22,0
2020-04-07,Fresno,019,978130,393,138,4,142,3
2020-04-07,Glenn,021,27897,4,2,0,2,0
2020-04-07,Humboldt,023,135768,56,40,0,40,0
2020-04-07,Imperial,025,180216,128,53,0,53,2
2020-04-07,Inyo,027,18085,12,11,0,11,0
2020-04-07,Kern,029,883053,507,134,0,134,2
2020-04-07,Kings,031,150075,40,5,1,6,0
2020-04-07,Lake,033,64148,4,1,0,1,0
2020-04-07,Lassen,035,31185,3,0,2,2,0
2020-04-07,Los Angeles,037,10098052,11715,6885,11,6896,170
2020-04-07,Madera,039,155013,60,28,0,28,2
2020-04-07,Marin,041,260295,163,122,1,123,7
2020-04-07,Mariposa,043,17540,0,0,0,0,0
2020-04-07,Mendocino,045,87422,5,4,0,4,0
2020-04-07,Merced,047,269075,67,27,0,27,1
2020-04-07,Modoc,049,8938,0,0,0,0,0
2020-04-07,Mono,051,14174,28,18,0,18,1
2020-04-07,Monterey,053,433212,107,63,0,63,2
2020-04-07,Napa,055,140530,42,18,0,18,2
2020-04-07,Nevada,057,99092,36,20,1,21,1
2020-04-07,Orange,059,3164182,1701,971,16,987,19
2020-04-07,Placer,061,380077,139,94,0,94,3
2020-04-07,Plumas,063,18699,4,3,0,3,0
2020-04-07,Riverside,065,2383286,2151,905,13,918,25
2020-04-07,Sacramento,067,1510023,813,513,0,513,18
2020-04-07,San Benito,069,59416,37,26,0,26,2
2020-04-07,San Bernardino,071,2135413,1163,554,0,554,19
2020-04-07,San Diego,073,3302833,2073,1456,0,1456,31
2020-04-07,San Francisco,075,870044,993,636,0,636,6
2020-04-07,San Joaquin,077,732212,348,198,3,201,12
2020-04-07,San Luis Obispo,079,281455,149,87,1,88,1
2020-04-07,San Mateo,081,765935,866,573,2,575,22
2020-04-07,Santa Barbara,083,443738,305,209,1,210,2
2020-04-07,Santa Clara,085,1922200,1760,1193,4,1197,46
2020-04-07,Santa Cruz,087,273765,100,67,0,67,1
2020-04-07,Shasta,089,179085,29,16,0,16,3
2020-04-07,Sierra,091,2930,0,0,0,0,0
2020-04-07,Siskiyou,093,43540,5,4,0,4,0
2020-04-07,Solano,095,438530,170,99,0,99,1
2020-04-07,Sonoma,097,501317,167,102,0,102,1
2020-04-07,Stanislaus,099,539301,186,83,3,86,0
2020-04-07,Sutter,101,95872,22,16,0,16,2
2020-04-07,Tehama,103,63373,1,1,0,1,0
2020-04-07,Trinity,105,12862,0,0,0,0,0
2020-04-07,Tulare,107,460477,334,144,5,149,5
2020-04-07,Tuolumne,109,53932,3,1,0,1,0
2020-04-07,Ventura,111,848112,409,247,0,247,6
2020-04-07,Yolo,113,214977,101,51,0,51,2
2020-04-07,Yuba,115,75493,14,10,0,10,0
2020-04-06,Alameda,001,1643700,964,527,1,528,13
2020-04-06,Alpine,003,1148,1,1,0,1,0
2020-04-06,Amador,005,37829,6,2,0,2,0
2020-04-06,Butte,007,227075,16,11,1,12,0
2020-04-06,Calaveras,009,45235,9,4,0,4,0
2020-04-06,Colusa,011,21464,3,1,0,1,0
2020-04-06,Contra Costa,013,1133247,642,447,0,447,7
2020-04-06,Del Norte,015,27424,2,2,0,2,0
2020-04-06,El Dorado,017,186661,44,23,0,23,0
2020-04-06,Fresno,019,978130,371,122,4,126,1
2020-04-06,Glenn,021,27897,4,2,0,2,0
2020-04-06,Humboldt,023,135768,55,37,0,37,0
2020-04-06,Imperial,025,180216,121,47,0,47,1
2020-04-06,Inyo,027,18085,11,11,0,11,0
2020-04-06,Kern,029,883053,470,117,0,117,2
2020-04-06,Kings,031,150075,40,3,1,4,0
2020-04-06,Lake,033,64148,4,1,0,1,0
2020-04-06,Lassen,035,31185,3,0,2,2,0
2020-04-06,Los Angeles,037,10098052,10982,6346,11,6357,145
2020-04-06,Madera,039,155013,58,29,0,29,2
2020-04-06,Marin,041,260295,160,119,1,120,7
2020-04-06,Mariposa,043,17540,0,0,0,0,0
2020-04-06,Mendocino,045,87422,5,4,0,4,0
2020-04-06,Merced,047,269075,60,25,0,25,1
2020-04-06,Modoc,049,8938,0,0,0,0,0
2020-04-06,Mono,051,14174,28,18,0,18,1
2020-04-06,Monterey,053,433212,102,62,0,62,2
2020-04-06,Napa,055,140530,42,18,0,18,2
2020-04-06,Nevada,057,99092,36,19,1,20,1
2020-04-06,Orange,059,3164182,1657,910,15,925,17
2020-04-06,Placer,061,380077,139,90,0,90,3
2020-04-06,Plumas,063,18699,4,2,0,2,0
2020-04-06,Riverside,065,2383286,2025,854,13,867,17
2020-04-06,Sacramento,067,1510023,783,448,0,448,15
2020-04-06,San Benito,069,59416,35,25,0,25,1
2020-04-06,San Bernardino,071,2135413,1104,550,0,550,13
2020-04-06,San Diego,073,3302833,1991,1406,0,1406,19
2020-04-06,San Francisco,075,870044,953,586,0,586,6
2020-04-06,San Joaquin,077,732212,333,191,3,194,10
2020-04-06,San Luis Obispo,079,281455,147,85,1,86,1
2020-04-06,San Mateo,081,765935,848,569,2,571,20
2020-04-06,Santa Barbara,083,443738,296,189,1,190,2
2020-04-06,Santa Clara,085,1922200,1707,1128,4,1132,43
2020-04-06,Santa Cruz,087,273765,98,65,0,65,1
2020-04-06,Shasta,089,179085,29,16,0,16,3
2020-04-06,Sierra,091,2930,0,0,0,0,0
2020-04-06,Siskiyou,093,43540,4,4,0,4,0
2020-04-06,Solano,095,438530,163,95,0,95,1
2020-04-06,Sonoma,097,501317,166,102,0,102,1
2020-04-06,Stanislaus,099,539301,170,72,3,75,0
2020-04-06,Sutter,101,95872,22,14,0,14,2
2020-04-06,Tehama,103,63373,1,1,0,1,0
2020-04-06,Trinity,105,12862,0,0,0,0,0
2020-04-06,Tulare,107,460477,318,126,5,131,5
2020-04-06,Tuolumne,109,53932,3,1,0,1,0
2020-04-06,Ventura,111,848112,391,234,0,234,6
2020-04-06,Yolo,113,214977,97,43,0,43,1
2020-04-06,Yuba,115,75493,14,8,0,8,0
2020-04-05,Alameda,001,1643700,922,475,1,476,12
2020-04-05,Alpine,003,1148,1,1,0,1,0
2020-04-05,Amador,005,37829,6,2,0,2,0
2020-04-05,Butte,007,227075,16,10,1,11,0
2020-04-05,Calaveras,009,45235,9,3,0,3,0
2020-04-05,Colusa,011,21464,3,1,0,1,0
2020-04-05,Contra Costa,013,1133247,625,415,0,415,6
2020-04-05,Del Norte,015,27424,2,1,0,1,0
2020-04-05,El Dorado,017,186661,42,19,0,19,0
2020-04-05,Fresno,019,978130,337,102,4,106,1
2020-04-05,Glenn,021,27897,4,2,0,2,0
2020-04-05,Humboldt,023,135768,55,29,0,29,0
2020-04-05,Imperial,025,180216,113,42,0,42,1
2020-04-05,Inyo,027,18085,11,10,0,10,0
2020-04-05,Kern,029,883053,415,109,0,109,2
2020-04-05,Kings,031,150075,39,4,1,5,0
2020-04-05,Lake,033,64148,4,0,0,0,0
2020-04-05,Lassen,035,31185,3,0,2,2,0
2020-04-05,Los Angeles,037,10098052,10412,5892,11,5903,130
2020-04-05,Madera,039,155013,57,27,0,27,2
2020-04-05,Marin,041,260295,160,113,1,114,6
2020-04-05,Mariposa,043,17540,0,0,0,0,0
2020-04-05,Mendocino,045,87422,5,4,0,4,0
2020-04-05,Merced,047,269075,53,16,0,16,0
2020-04-05,Modoc,049,8938,0,0,0,0,0
2020-04-05,Mono,051,14174,28,18,0,18,1
2020-04-05,Monterey,053,433212,95,61,0,61,2
2020-04-05,Napa,055,140530,40,15,0,15,2
2020-04-05,Nevada,057,99092,36,19,1,20,1
2020-04-05,Orange,059,3164182,1600,820,15,835,15
2020-04-05,Placer,061,380077,136,86,0,86,3
2020-04-05,Plumas,063,18699,3,2,0,2,0
2020-04-05,Riverside,065,2383286,1896,669,13,682,17
2020-04-05,Sacramento,067,1510023,752,393,0,393,11
2020-04-05,San Benito,069,59416,35,22,0,22,1
2020-04-05,San Bernardino,071,2135413,1030,375,0,375,13
2020-04-05,San Diego,073,3302833,1909,1328,0,1328,19
2020-04-05,San Francisco,075,870044,906,559,0,559,6
2020-04-05,San Joaquin,077,732212,318,179,3,182,10
2020-04-05,San Luis Obispo,079,281455,145,83,1,84,1
2020-04-05,San Mateo,081,765935,828,528,2,530,19
2020-04-05,Santa Barbara,083,443738,280,171,1,172,1
2020-04-05,Santa Clara,085,1922200,1660,1052,4,1056,42
2020-04-05,Santa Cruz,087,273765,98,59,0,59,1
2020-04-05,Shasta,089,179085,28,11,0,11,2
2020-04-05,Sierra,091,2930,0,0,0,0,0
2020-04-05,Siskiyou,093,43540,4,3,0,3,0
2020-04-05,Solano,095,438530,159,78,0,78,1
2020-04-05,Sonoma,097,501317,164,88,0,88,1
2020-04-05,Stanislaus,099,539301,156,51,3,54,0
2020-04-05,Sutter,101,95872,22,14,0,14,1
2020-04-05,Tehama,103,63373,1,1,0,1,0
2020-04-05,Trinity,105,12862,0,0,0,0,0
2020-04-05,Tulare,107,460477,281,81,5,86,4
2020-04-05,Tuolumne,109,53932,3,1,0,1,0
2020-04-05,Ventura,111,848112,377,196,0,196,6
2020-04-05,Yolo,113,214977,78,37,0,37,2
2020-04-05,Yuba,115,75493,14,7,0,7,0
2020-04-04,Alameda,001,1643700,899,468,1,469,12
2020-04-04,Alpine,003,1148,1,1,0,1,0
2020-04-04,Amador,005,37829,5,2,0,2,0
2020-04-04,Butte,007,227075,16,10,1,11,0
2020-04-04,Calaveras,009,45235,9,3,0,3,0
2020-04-04,Colusa,011,21464,3,1,0,1,0
2020-04-04,Contra Costa,013,1133247,617,382,0,382,5
2020-04-04,Del Norte,015,27424,2,1,0,1,0
2020-04-04,El Dorado,017,186661,42,19,0,19,0
2020-04-04,Fresno,019,978130,327,102,4,106,1
2020-04-04,Glenn,021,27897,4,2,0,2,0
2020-04-04,Humboldt,023,135768,55,29,0,29,0
2020-04-04,Imperial,025,180216,112,42,0,42,1
2020-04-04,Inyo,027,18085,11,10,0,10,0
2020-04-04,Kern,029,883053,385,103,0,103,2
2020-04-04,Kings,031,150075,39,3,1,4,0
2020-04-04,Lake,033,64148,4,0,0,0,0
2020-04-04,Lassen,035,31185,3,0,2,2,0
2020-04-04,Los Angeles,037,10098052,9794,5275,11,5286,117
2020-04-04,Madera,039,155013,55,27,0,27,2
2020-04-04,Marin,041,260295,158,111,0,111,6
2020-04-04,Mariposa,043,17540,0,0,0,0,0
2020-04-04,Mendocino,045,87422,5,4,0,4,0
2020-04-04,Merced,047,269075,49,11,0,11,0
2020-04-04,Modoc,049,8938,0,0,0,0,0
2020-04-04,Mono,051,14174,28,18,0,18,1
2020-04-04,Monterey,053,433212,91,61,0,61,2
2020-04-04,Napa,055,140530,40,15,0,15,2
2020-04-04,Nevada,057,99092,36,19,1,20,1
2020-04-04,Orange,059,3164182,1558,781,14,795,15
2020-04-04,Placer,061,380077,135,87,0,87,2
2020-04-04,Plumas,063,18699,3,2,0,2,0
2020-04-04,Riverside,065,2383286,1795,652,13,665,15
2020-04-04,Sacramento,067,1510023,734,393,0,393,11
2020-04-04,San Benito,069,59416,35,22,0,22,1
2020-04-04,San Bernardino,071,2135413,982,373,0,373,13
2020-04-04,San Diego,073,3302833,1861,1211,0,1211,18
2020-04-04,San Francisco,075,870044,868,537,0,537,6
2020-04-04,San Joaquin,077,732212,295,171,3,174,10
2020-04-04,San Luis Obispo,079,281455,145,82,1,83,0
2020-04-04,San Mateo,081,765935,816,520,2,522,17
2020-04-04,Santa Barbara,083,443738,271,167,1,168,1
2020-04-04,Santa Clara,085,1922200,1608,1045,4,1049,39
2020-04-04,Santa Cruz,087,273765,98,56,0,56,1
2020-04-04,Shasta,089,179085,27,11,0,11,2
2020-04-04,Sierra,091,2930,0,0,0,0,0
2020-04-04,Siskiyou,093,43540,4,3,0,3,0
2020-04-04,Solano,095,438530,154,79,0,79,1
2020-04-04,Sonoma,097,501317,161,88,0,88,1
2020-04-04,Stanislaus,099,539301,145,51,3,54,0
2020-04-04,Sutter,101,95872,22,14,0,14,1
2020-04-04,Tehama,103,63373,1,1,0,1,0
2020-04-04,Trinity,105,12862,0,0,0,0,0
2020-04-04,Tulare,107,460477,267,79,5,84,4
2020-04-04,Tuolumne,109,53932,3,1,0,1,0
2020-04-04,Ventura,111,848112,364,194,0,194,6
2020-04-04,Yolo,113,214977,76,40,0,40,2
2020-04-04,Yuba,115,75493,13,7,0,7,0
2020-04-03,Alameda,001,1643700,863,395,1,396,11
2020-04-03,Alpine,003,1148,1,1,0,1,0
2020-04-03,Amador,005,37829,5,2,0,2,0
2020-04-03,Butte,007,227075,16,8,1,9,0
2020-04-03,Calaveras,009,45235,9,3,0,3,0
2020-04-03,Colusa,011,21464,3,1,0,1,0
2020-04-03,Contra Costa,013,1133247,594,327,0,327,5
2020-04-03,Del Norte,015,27424,2,1,0,1,0
2020-04-03,El Dorado,017,186661,40,16,0,16,0
2020-04-03,Fresno,019,978130,315,98,4,102,1
2020-04-03,Glenn,021,27897,4,2,0,2,0
2020-04-03,Humboldt,023,135768,55,34,0,34,0
2020-04-03,Imperial,025,180216,103,35,0,35,0
2020-04-03,Inyo,027,18085,11,10,0,10,0
2020-04-03,Kern,029,883053,359,87,0,87,1
2020-04-03,Kings,031,150075,37,3,1,4,0
2020-04-03,Lake,033,64148,3,0,0,0,0
2020-04-03,Lassen,035,31185,3,0,2,2,0
2020-04-03,Los Angeles,037,10098052,9178,4566,11,4577,91
2020-04-03,Madera,039,155013,54,28,0,28,2
2020-04-03,Marin,041,260295,156,106,0,106,6
2020-04-03,Mariposa,043,17540,0,0,0,0,0
2020-04-03,Mendocino,045,87422,5,4,0,4,0
2020-04-03,Merced,047,269075,46,9,0,9,0
2020-04-03,Modoc,049,8938,0,0,0,0,0
2020-04-03,Mono,051,14174,28,18,0,18,1
2020-04-03,Monterey,053,433212,88,58,0,58,2
2020-04-03,Napa,055,140530,39,13,0,13,1
2020-04-03,Nevada,057,99092,36,19,1,20,1
2020-04-03,Orange,059,3164182,1519,713,14,727,13
2020-04-03,Placer,061,380077,131,76,0,76,2
2020-04-03,Plumas,063,18699,3,2,0,2,0
2020-04-03,Riverside,065,2383286,1715,540,13,553,14
2020-04-03,Sacramento,067,1510023,713,363,0,363,11
2020-04-03,San Benito,069,59416,35,22,0,22,1
2020-04-03,San Bernardino,071,2135413,937,356,0,356,11
2020-04-03,San Diego,073,3302833,1800,1114,0,1114,17
2020-04-03,San Francisco,075,870044,844,506,0,506,6
2020-04-03,San Joaquin,077,732212,283,162,3,165,10
2020-04-03,San Luis Obispo,079,281455,144,82,1,83,0
2020-04-03,San Mateo,081,765935,799,474,2,476,13
2020-04-03,Santa Barbara,083,443738,260,154,1,155,1
2020-04-03,Santa Clara,085,1922200,1572,983,4,987,39
2020-04-03,Santa Cruz,087,273765,98,52,0,52,1
2020-04-03,Shasta,089,179085,27,10,0,10,1
2020-04-03,Sierra,091,2930,0,0,0,0,0
2020-04-03,Siskiyou,093,43540,4,3,0,3,0
2020-04-03,Solano,095,438530,146,72,0,72,1
2020-04-03,Sonoma,097,501317,161,84,0,84,1
2020-04-03,Stanislaus,099,539301,139,48,3,51,0
2020-04-03,Sutter,101,95872,22,12,0,12,1
2020-04-03,Tehama,103,63373,1,1,0,1,0
2020-04-03,Trinity,105,12862,0,0,0,0,0
2020-04-03,Tulare,107,460477,253,73,5,78,3
2020-04-03,Tuolumne,109,53932,3,1,0,1,0
2020-04-03,Ventura,111,848112,354,186,0,186,6
2020-04-03,Yolo,113,214977,75,33,0,33,1
2020-04-03,Yuba,115,75493,13,6,0,6,0
2020-04-02,Alameda,001,1643700,812,345,1,346,10
2020-04-02,Alpine,003,1148,1,1,0,1,0
2020-04-02,Amador,005,37829,5,2,0,2,0
2020-04-02,Butte,007,227075,16,7,0,7,0
2020-04-02,Calaveras,009,45235,7,3,0,3,0
2020-04-02,Colusa,011,21464,3,1,0,1,0
2020-04-02,Contra Costa,013,1133247,564,297,0,297,3
2020-04-02,Del Norte,015,27424,2,0,0,0,0
2020-04-02,El Dorado,017,186661,38,16,0,16,0
2020-04-02,Fresno,019,978130,299,92,4,96,0
2020-04-02,Glenn,021,27897,3,2,0,2,0
2020-04-02,Humboldt,023,135768,51,23,0,23,0
2020-04-02,Imperial,025,180216,99,24,0,24,0
2020-04-02,Inyo,027,18085,10,8,0,8,0
2020-04-02,Kern,029,883053,332,74,0,74,0
2020-04-02,Kings,031,150075,37,3,1,4,0
2020-04-02,Lake,033,64148,3,0,0,0,0
2020-04-02,Lassen,035,31185,3,0,2,2,0
2020-04-02,Los Angeles,037,10098052,8345,4040,11,4051,79
2020-04-02,Madera,039,155013,52,25,0,25,1
2020-04-02,Marin,041,260295,150,102,0,102,1
2020-04-02,Mariposa,043,17540,0,0,0,0,0
2020-04-02,Mendocino,045,87422,5,4,0,4,0
2020-04-02,Merced,047,269075,41,9,0,9,0
2020-04-02,Modoc,049,8938,0,0,0,0,0
2020-04-02,Mono,051,14174,28,16,0,16,1
2020-04-02,Monterey,053,433212,86,50,0,50,2
2020-04-02,Napa,055,140530,39,13,0,13,0
2020-04-02,Nevada,057,99092,35,17,1,18,0
2020-04-02,Orange,059,3164182,1467,640,13,653,12
2020-04-02,Placer,061,380077,130,72,0,72,2
2020-04-02,Plumas,063,18699,3,1,0,1,0
2020-04-02,Riverside,065,2383286,1598,438,13,451,13
2020-04-02,Sacramento,067,1510023,695,322,0,322,9
2020-04-02,San Benito,069,59416,33,18,0,18,1
2020-04-02,San Bernardino,071,2135413,882,335,0,335,8
2020-04-02,San Diego,073,3302833,1733,968,0,968,16
2020-04-02,San Francisco,075,870044,817,473,0,473,6
2020-04-02,San Joaquin,077,732212,264,148,3,151,9
2020-04-02,San Luis Obispo,079,281455,139,79,1,80,0
2020-04-02,San Mateo,081,765935,778,423,2,425,13
2020-04-02,Santa Barbara,083,443738,249,125,1,126,1
2020-04-02,Santa Clara,085,1922200,1521,908,4,912,38
2020-04-02,Santa Cruz,087,273765,96,49,0,49,1
2020-04-02,Shasta,089,179085,26,7,0,7,1
2020-04-02,Sierra,091,2930,0,0,0,0,0
2020-04-02,Siskiyou,093,43540,4,3,0,3,0
2020-04-02,Solano,095,438530,136,65,0,65,0
2020-04-02,Sonoma,097,501317,157,76,0,76,1
2020-04-02,Stanislaus,099,539301,128,40,3,43,0
2020-04-02,Sutter,101,95872,21,10,0,10,1
2020-04-02,Tehama,103,63373,1,1,0,1,0
2020-04-02,Trinity,105,12862,0,0,0,0,0
2020-04-02,Tulare,107,460477,219,64,5,69,1
2020-04-02,Tuolumne,109,53932,3,1,0,1,0
2020-04-02,Ventura,111,848112,336,178,0,178,5
2020-04-02,Yolo,113,214977,73,29,0,29,1
2020-04-02,Yuba,115,75493,10,5,0,5,0
2020-04-01,Alameda,001,1643700,785,287,1,288,8
2020-04-01,Alpine,003,1148,1,1,0,1,0
2020-04-01,Amador,005,37829,5,1,0,1,0
2020-04-01,Butte,007,227075,16,6,0,6,0
2020-04-01,Calaveras,009,45235,6,3,0,3,0
2020-04-01,Colusa,011,21464,3,1,0,1,0
2020-04-01,Contra Costa,013,1133247,521,267,0,267,3
2020-04-01,Del Norte,015,27424,2,0,0,0,0
2020-04-01,El Dorado,017,186661,37,14,0,14,0
2020-04-01,Fresno,019,978130,277,75,3,78,0
2020-04-01,Glenn,021,27897,3,2,0,2,0
2020-04-01,Humboldt,023,135768,51,19,0,19,0
2020-04-01,Imperial,025,180216,93,25,0,25,0
2020-04-01,Inyo,027,18085,10,8,0,8,0
2020-04-01,Kern,029,883053,305,53,0,53,0
2020-04-01,Kings,031,150075,35,3,1,4,0
2020-04-01,Lake,033,64148,3,0,0,0,0
2020-04-01,Lassen,035,31185,3,0,2,2,0
2020-04-01,Los Angeles,037,10098052,7695,3502,11,3513,66
2020-04-01,Madera,039,155013,50,17,0,17,1
2020-04-01,Marin,041,260295,146,87,0,87,1
2020-04-01,Mariposa,043,17540,0,0,0,0,0
2020-04-01,Mendocino,045,87422,5,4,0,4,0
2020-04-01,Merced,047,269075,38,7,0,7,0
2020-04-01,Modoc,049,8938,0,0,0,0,0
2020-04-01,Mono,051,14174,28,12,0,12,1
2020-04-01,Monterey,053,433212,85,47,0,47,2
2020-04-01,Napa,055,140530,36,11,0,11,0
2020-04-01,Nevada,057,99092,35,15,1,16,0
2020-04-01,Orange,059,3164182,1415,579,13,592,11
2020-04-01,Placer,061,380077,128,52,0,52,2
2020-04-01,Plumas,063,18699,3,1,0,1,0
2020-04-01,Riverside,065,2383286,1430,306,12,318,11
2020-04-01,Sacramento,067,1510023,662,299,0,299,8
2020-04-01,San Benito,069,59416,30,14,0,14,1
2020-04-01,San Bernardino,071,2135413,833,245,0,245,5
2020-04-01,San Diego,073,3302833,1663,851,0,851,11
2020-04-01,San Francisco,075,870044,789,432,0,432,6
2020-04-01,San Joaquin,077,732212,252,132,3,135,8
2020-04-01,San Luis Obispo,079,281455,133,69,1,70,0
2020-04-01,San Mateo,081,765935,760,354,2,356,13
2020-04-01,Santa Barbara,083,443738,236,103,1,104,0
2020-04-01,Santa Clara,085,1922200,1479,805,4,809,33
2020-04-01,Santa Cruz,087,273765,91,44,0,44,1
2020-04-01,Shasta,089,179085,25,5,0,5,1
2020-04-01,Sierra,091,2930,0,0,0,0,0
2020-04-01,Siskiyou,093,43540,4,3,0,3,0
2020-04-01,Solano,095,438530,131,57,0,57,0
2020-04-01,Sonoma,097,501317,153,60,0,60,1
2020-04-01,Stanislaus,099,539301,117,29,3,32,0
2020-04-01,Sutter,101,95872,21,9,0,9,1
2020-04-01,Tehama,103,63373,1,0,0,0,0
2020-04-01,Trinity,105,12862,0,0,0,0,0
2020-04-01,Tulare,107,460477,181,43,5,48,1
2020-04-01,Tuolumne,109,53932,3,1,0,1,0
2020-04-01,Ventura,111,848112,323,154,0,154,5
2020-04-01,Yolo,113,214977,68,22,0,22,1
2020-04-01,Yuba,115,75493,9,5,0,5,0
2020-03-31,Alameda,001,1643700,717,269,1,270,7
2020-03-31,Alpine,003,1148,1,1,0,1,0
2020-03-31,Amador,005,37829,5,1,0,1,0
2020-03-31,Butte,007,227075,16,6,0,6,0
2020-03-31,Calaveras,009,45235,6,3,0,3,0
2020-03-31,Colusa,011,21464,3,1,0,1,0
2020-03-31,Contra Costa,013,1133247,496,246,0,246,3
2020-03-31,Del Norte,015,27424,1,0,0,0,0
2020-03-31,El Dorado,017,186661,33,14,0,14,0
2020-03-31,Fresno,019,978130,252,59,3,62,0
2020-03-31,Glenn,021,27897,3,2,0,2,0
2020-03-31,Humboldt,023,135768,51,18,0,18,0
2020-03-31,Imperial,025,180216,88,17,0,17,0
2020-03-31,Inyo,027,18085,10,8,0,8,0
2020-03-31,Kern,029,883053,281,47,0,47,0
2020-03-31,Kings,031,150075,33,2,1,3,0
2020-03-31,Lake,033,64148,1,0,0,0,0
2020-03-31,Lassen,035,31185,3,0,2,2,0
2020-03-31,Los Angeles,037,10098052,7030,3001,11,3012,53
2020-03-31,Madera,039,155013,49,17,0,17,1
2020-03-31,Marin,041,260295,137,85,0,85,1
2020-03-31,Mariposa,043,17540,0,0,0,0,0
2020-03-31,Mendocino,045,87422,5,4,0,4,0
2020-03-31,Merced,047,269075,33,6,0,6,0
2020-03-31,Modoc,049,8938,0,0,0,0,0
2020-03-31,Mono,051,14174,26,12,0,12,0
2020-03-31,Monterey,053,433212,83,43,0,43,2
2020-03-31,Napa,055,140530,35,9,0,9,0
2020-03-31,Nevada,057,99092,35,15,1,16,0
2020-03-31,Orange,059,3164182,1345,506,13,519,7
2020-03-31,Placer,061,380077,121,49,0,49,2
2020-03-31,Plumas,063,18699,1,0,0,0,0
2020-03-31,Riverside,065,2383286,1284,284,12,296,8
2020-03-31,Sacramento,067,1510023,610,271,0,271,8
2020-03-31,San Benito,069,59416,30,14,0,14,1
2020-03-31,San Bernardino,071,2135413,748,193,0,193,5
2020-03-31,San Diego,073,3302833,1581,736,0,736,9
2020-03-31,San Francisco,075,870044,754,404,0,404,5
2020-03-31,San Joaquin,077,732212,236,122,3,125,7
2020-03-31,San Luis Obispo,079,281455,129,67,1,68,0
2020-03-31,San Mateo,081,765935,741,297,2,299,12
2020-03-31,Santa Barbara,083,443738,221,89,1,90,0
2020-03-31,Santa Clara,085,1922200,1429,777,4,781,30
2020-03-31,Santa Cruz,087,273765,84,40,0,40,1
2020-03-31,Shasta,089,179085,22,5,0,5,1
2020-03-31,Sierra,091,2930,0,0,0,0,0
2020-03-31,Siskiyou,093,43540,4,3,0,3,0
2020-03-31,Solano,095,438530,117,56,0,56,0
2020-03-31,Sonoma,097,501317,148,58,0,58,1
2020-03-31,Stanislaus,099,539301,102,28,3,31,0
2020-03-31,Sutter,101,95872,21,8,0,8,0
2020-03-31,Tehama,103,63373,1,0,0,0,0
2020-03-31,Trinity,105,12862,0,0,0,0,0
2020-03-31,Tulare,107,460477,158,42,4,46,1
2020-03-31,Tuolumne,109,53932,3,1,0,1,0
2020-03-31,Ventura,111,848112,312,143,0,143,4
2020-03-31,Yolo,113,214977,61,21,0,21,1
2020-03-31,Yuba,115,75493,9,5,0,5,0
2020-03-30,Alameda,001,1643700,677,250,1,251,7
2020-03-30,Alpine,003,1148,1,1,0,1,0
2020-03-30,Amador,005,37829,5,1,0,1,0
2020-03-30,Butte,007,227075,14,5,0,5,0
2020-03-30,Calaveras,009,45235,6,3,0,3,0
2020-03-30,Colusa,011,21464,3,1,0,1,0
2020-03-30,Contra Costa,013,1133247,470,212,0,212,3
2020-03-30,Del Norte,015,27424,0,0,0,0,0
2020-03-30,El Dorado,017,186661,33,11,0,11,0
2020-03-30,Fresno,019,978130,227,46,3,49,0
2020-03-30,Glenn,021,27897,3,2,0,2,0
2020-03-30,Humboldt,023,135768,49,11,0,11,0
2020-03-30,Imperial,025,180216,85,9,0,9,0
2020-03-30,Inyo,027,18085,10,5,0,5,0
2020-03-30,Kern,029,883053,248,30,0,30,0
2020-03-30,Kings,031,150075,33,1,1,2,0
2020-03-30,Lake,033,64148,1,0,0,0,0
2020-03-30,Lassen,035,31185,3,0,1,1,0
2020-03-30,Los Angeles,037,10098052,6374,2467,11,2478,44
2020-03-30,Madera,039,155013,48,14,0,14,1
2020-03-30,Marin,041,260295,130,78,0,78,0
2020-03-30,Mariposa,043,17540,0,0,0,0,0
2020-03-30,Mendocino,045,87422,5,2,0,2,0
2020-03-30,Merced,047,269075,29,6,0,6,0
2020-03-30,Modoc,049,8938,0,0,0,0,0
2020-03-30,Mono,051,14174,26,11,0,11,0
2020-03-30,Monterey,053,433212,78,41,0,41,1
2020-03-30,Napa,055,140530,34,9,0,9,0
2020-03-30,Nevada,057,99092,34,14,1,15,0
2020-03-30,Orange,059,3164182,1279,418,13,431,5
2020-03-30,Placer,061,380077,118,44,0,44,2
2020-03-30,Plumas,063,18699,1,0,0,0,0
2020-03-30,Riverside,065,2383286,1203,204,12,216,7
2020-03-30,Sacramento,067,1510023,586,238,0,238,8
2020-03-30,San Benito,069,59416,30,11,0,11,1
2020-03-30,San Bernardino,071,2135413,704,145,0,145,4
2020-03-30,San Diego,073,3302833,1511,605,0,605,7
2020-03-30,San Francisco,075,870044,714,368,0,368,5
2020-03-30,San Joaquin,077,732212,229,112,3,115,5
2020-03-30,San Luis Obispo,079,281455,126,62,1,63,0
2020-03-30,San Mateo,081,765935,717,257,2,259,11
2020-03-30,Santa Barbara,083,443738,212,79,1,80,0
2020-03-30,Santa Clara,085,1922200,1398,745,3,748,31
2020-03-30,Santa Cruz,087,273765,81,36,0,36,1
2020-03-30,Shasta,089,179085,21,4,0,4,1
2020-03-30,Sierra,091,2930,0,0,0,0,0
2020-03-30,Siskiyou,093,43540,4,2,0,2,0
2020-03-30,Solano,095,438530,111,50,0,50,0
2020-03-30,Sonoma,097,501317,145,57,0,57,1
2020-03-30,Stanislaus,099,539301,95,28,3,31,0
2020-03-30,Sutter,101,95872,20,6,0,6,0
2020-03-30,Tehama,103,63373,1,0,0,0,0
2020-03-30,Trinity,105,12862,0,0,0,0,0
2020-03-30,Tulare,107,460477,146,40,3,43,1
2020-03-30,Tuolumne,109,53932,3,1,0,1,0
2020-03-30,Ventura,111,848112,301,118,0,118,2
2020-03-30,Yolo,113,214977,58,17,0,17,1
2020-03-30,Yuba,115,75493,8,5,0,5,0
2020-03-29,Alameda,001,1643700,643,207,1,208,6
2020-03-29,Alpine,003,1148,1,0,0,0,0
2020-03-29,Amador,005,37829,5,1,0,1,0
2020-03-29,Butte,007,227075,14,4,0,4,0
2020-03-29,Calaveras,009,45235,6,2,0,2,0
2020-03-29,Colusa,011,21464,3,1,0,1,0
2020-03-29,Contra Costa,013,1133247,440,187,0,187,3
2020-03-29,Del Norte,015,27424,0,0,0,0,0
2020-03-29,El Dorado,017,186661,32,9,0,9,0
2020-03-29,Fresno,019,978130,203,31,3,34,0
2020-03-29,Glenn,021,27897,2,1,0,1,0
2020-03-29,Humboldt,023,135768,46,9,0,9,0
2020-03-29,Imperial,025,180216,79,9,0,9,0
2020-03-29,Inyo,027,18085,9,0,0,0,0
2020-03-29,Kern,029,883053,230,20,0,20,0
2020-03-29,Kings,031,150075,30,1,1,2,0
2020-03-29,Lake,033,64148,0,0,0,0,0
2020-03-29,Lassen,035,31185,3,0,1,1,0
2020-03-29,Los Angeles,037,10098052,5729,2119,11,2130,37
2020-03-29,Madera,039,155013,43,11,0,11,1
2020-03-29,Marin,041,260295,125,60,0,60,0
2020-03-29,Mariposa,043,17540,0,0,0,0,0
2020-03-29,Mendocino,045,87422,5,2,0,2,0
2020-03-29,Merced,047,269075,28,4,0,4,0
2020-03-29,Modoc,049,8938,0,0,0,0,0
2020-03-29,Mono,051,14174,26,8,0,8,0
2020-03-29,Monterey,053,433212,73,36,0,36,1
2020-03-29,Napa,055,140530,32,5,0,5,0
2020-03-29,Nevada,057,99092,32,13,1,14,0
2020-03-29,Orange,059,3164182,1206,343,13,356,2
2020-03-29,Placer,061,380077,117,35,0,35,2
2020-03-29,Plumas,063,18699,1,0,0,0,0
2020-03-29,Riverside,065,2383286,1079,122,12,134,7
2020-03-29,Sacramento,067,1510023,546,217,0,217,7
2020-03-29,San Benito,069,59416,29,10,0,10,1
2020-03-29,San Bernardino,071,2135413,652,94,0,94,2
2020-03-29,San Diego,073,3302833,1439,521,0,521,7
2020-03-29,San Francisco,075,870044,670,333,0,333,5
2020-03-29,San Joaquin,077,732212,220,86,3,89,4
2020-03-29,San Luis Obispo,079,281455,119,55,0,55,0
2020-03-29,San Mateo,081,765935,692,234,2,236,12
2020-03-29,Santa Barbara,083,443738,204,52,1,53,0
2020-03-29,Santa Clara,085,1922200,1341,591,3,594,30
2020-03-29,Santa Cruz,087,273765,81,33,0,33,1
2020-03-29,Shasta,089,179085,20,4,0,4,1
2020-03-29,Sierra,091,2930,0,0,0,0,0
2020-03-29,Siskiyou,093,43540,4,2,0,2,0
2020-03-29,Solano,095,438530,103,48,0,48,0
2020-03-29,Sonoma,097,501317,143,35,0,35,1
2020-03-29,Stanislaus,099,539301,90,19,3,22,0
2020-03-29,Sutter,101,95872,17,6,0,6,0
2020-03-29,Tehama,103,63373,1,0,0,0,0
2020-03-29,Trinity,105,12862,0,0,0,0,0
2020-03-29,Tulare,107,460477,121,24,3,27,1
2020-03-29,Tuolumne,109,53932,2,1,0,1,0
2020-03-29,Ventura,111,848112,274,92,0,92,2
2020-03-29,Yolo,113,214977,53,13,0,13,1
2020-03-29,Yuba,115,75493,8,3,0,3,0
2020-03-28,Alameda,001,1643700,616,410,1,411,12
2020-03-28,Alpine,003,1148,1,0,0,0,0
2020-03-28,Amador,005,37829,5,2,0,2,0
2020-03-28,Butte,007,227075,14,8,0,8,0
2020-03-28,Calaveras,009,45235,6,4,0,4,0
2020-03-28,Colusa,011,21464,3,2,0,2,0
2020-03-28,Contra Costa,013,1133247,417,350,0,350,4
2020-03-28,Del Norte,015,27424,0,0,0,0,0
2020-03-28,El Dorado,017,186661,31,18,0,18,0
2020-03-28,Fresno,019,978130,193,62,3,65,0
2020-03-28,Glenn,021,27897,2,2,0,2,0
2020-03-28,Humboldt,023,135768,46,18,0,18,0
2020-03-28,Imperial,025,180216,74,18,0,18,0
2020-03-28,Inyo,027,18085,9,0,0,0,0
2020-03-28,Kern,029,883053,213,40,0,40,0
2020-03-28,Kings,031,150075,29,2,1,3,0
2020-03-28,Lake,033,64148,0,0,0,0,0
2020-03-28,Lassen,035,31185,3,0,1,1,0
2020-03-28,Los Angeles,037,10098052,5344,3600,10,3610,64
2020-03-28,Madera,039,155013,43,22,0,22,2
2020-03-28,Marin,041,260295,120,116,0,116,0
2020-03-28,Mariposa,043,17540,0,0,0,0,0
2020-03-28,Mendocino,045,87422,5,4,0,4,0
2020-03-28,Merced,047,269075,27,8,0,8,0
2020-03-28,Modoc,049,8938,0,0,0,0,0
2020-03-28,Mono,051,14174,24,12,0,12,0
2020-03-28,Monterey,053,433212,72,64,0,64,2
2020-03-28,Napa,055,140530,27,10,0,10,0
2020-03-28,Nevada,057,99092,32,22,1,23,0
2020-03-28,Orange,059,3164182,1170,656,13,669,4
2020-03-28,Placer,061,380077,112,70,0,70,2
2020-03-28,Plumas,063,18699,1,0,0,0,0
2020-03-28,Riverside,065,2383286,1011,242,12,254,14
2020-03-28,Sacramento,067,1510023,528,406,0,406,14
2020-03-28,San Benito,069,59416,29,20,0,20,2
2020-03-28,San Bernardino,071,2135413,604,162,0,162,4
2020-03-28,San Diego,073,3302833,1380,980,0,980,14
2020-03-28,San Francisco,075,870044,646,600,0,600,6
2020-03-28,San Joaquin,077,732212,212,166,3,169,8
2020-03-28,San Luis Obispo,079,281455,117,104,0,104,0
2020-03-28,San Mateo,081,765935,672,462,2,464,17
2020-03-28,Santa Barbara,083,443738,194,98,1,99,0
2020-03-28,Santa Clara,085,1922200,1322,1174,3,1177,54
2020-03-28,Santa Cruz,087,273765,80,62,0,62,0
2020-03-28,Shasta,089,179085,20,8,0,8,2
2020-03-28,Sierra,091,2930,0,0,0,0,0
2020-03-28,Siskiyou,093,43540,4,4,0,4,0
2020-03-28,Solano,095,438530,99,96,0,96,0
2020-03-28,Sonoma,097,501317,141,70,0,70,2
2020-03-28,Stanislaus,099,539301,85,34,3,37,0
2020-03-28,Sutter,101,95872,17,6,0,6,0
2020-03-28,Tehama,103,63373,1,0,0,0,0
2020-03-28,Trinity,105,12862,0,0,0,0,0
2020-03-28,Tulare,107,460477,114,46,3,49,0
2020-03-28,Tuolumne,109,53932,2,2,0,2,0
2020-03-28,Ventura,111,848112,270,178,0,178,4
2020-03-28,Yolo,113,214977,52,26,0,26,2
2020-03-28,Yuba,115,75493,8,6,0,6,0
2020-03-27,Alameda,001,1643700,597,185,1,186,4
2020-03-27,Alpine,003,1148,1,0,0,0,0
2020-03-27,Amador,005,37829,4,1,0,1,0
2020-03-27,Butte,007,227075,12,4,0,4,0
2020-03-27,Calaveras,009,45235,6,2,0,2,0
2020-03-27,Colusa,011,21464,3,0,0,0,0
2020-03-27,Contra Costa,013,1133247,396,161,0,161,2
2020-03-27,Del Norte,015,27424,0,0,0,0,0
2020-03-27,El Dorado,017,186661,29,9,0,9,0
2020-03-27,Fresno,019,978130,181,29,2,31,0
2020-03-27,Glenn,021,27897,2,0,0,0,0
2020-03-27,Humboldt,023,135768,42,9,0,9,0
2020-03-27,Imperial,025,180216,69,9,0,9,0
2020-03-27,Inyo,027,18085,9,0,0,0,0
2020-03-27,Kern,029,883053,200,20,0,20,0
2020-03-27,Kings,031,150075,28,0,1,1,0
2020-03-27,Lake,033,64148,0,0,0,0,0
2020-03-27,Lassen,035,31185,3,0,1,1,0
2020-03-27,Los Angeles,037,10098052,4934,1474,10,1484,26
2020-03-27,Madera,039,155013,41,10,0,10,1
2020-03-27,Marin,041,260295,115,58,0,58,0
2020-03-27,Mariposa,043,17540,0,0,0,0,0
2020-03-27,Mendocino,045,87422,5,2,0,2,0
2020-03-27,Merced,047,269075,26,3,0,3,0
2020-03-27,Modoc,049,8938,0,0,0,0,0
2020-03-27,Mono,051,14174,24,6,0,6,0
2020-03-27,Monterey,053,433212,69,26,0,26,1
2020-03-27,Napa,055,140530,27,5,0,5,0
2020-03-27,Nevada,057,99092,32,6,1,7,0
2020-03-27,Orange,059,3164182,1120,299,13,312,2
2020-03-27,Placer,061,380077,109,33,0,33,1
2020-03-27,Plumas,063,18699,0,0,0,0,0
2020-03-27,Riverside,065,2383286,955,121,12,133,7
2020-03-27,Sacramento,067,1510023,505,163,0,163,6
2020-03-27,San Benito,069,59416,28,9,0,9,1
2020-03-27,San Bernardino,071,2135413,514,77,0,77,2
2020-03-27,San Diego,073,3302833,1323,419,0,419,5
2020-03-27,San Francisco,075,870044,621,285,0,285,2
2020-03-27,San Joaquin,077,732212,201,73,3,76,3
2020-03-27,San Luis Obispo,079,281455,115,46,0,46,0
2020-03-27,San Mateo,081,765935,646,213,2,215,7
2020-03-27,Santa Barbara,083,443738,180,37,1,38,0
2020-03-27,Santa Clara,085,1922200,1284,557,3,560,25
2020-03-27,Santa Cruz,087,273765,79,31,0,31,0
2020-03-27,Shasta,089,179085,17,3,0,3,1
2020-03-27,Sierra,091,2930,0,0,0,0,0
2020-03-27,Siskiyou,093,43540,4,2,0,2,0
2020-03-27,Solano,095,438530,93,48,0,48,0
2020-03-27,Sonoma,097,501317,133,35,0,35,1
2020-03-27,Stanislaus,099,539301,83,16,3,19,0
2020-03-27,Sutter,101,95872,16,2,0,2,0
2020-03-27,Tehama,103,63373,1,0,0,0,0
2020-03-27,Trinity,105,12862,0,0,0,0,0
2020-03-27,Tulare,107,460477,106,15,3,18,0
2020-03-27,Tuolumne,109,53932,2,1,0,1,0
2020-03-27,Ventura,111,848112,261,80,0,80,2
2020-03-27,Yolo,113,214977,51,13,0,13,1
2020-03-27,Yuba,115,75493,7,3,0,3,0
2020-03-26,Alameda,001,1643700,557,172,1,173,4
2020-03-26,Alpine,003,1148,1,0,0,0,0
2020-03-26,Amador,005,37829,4,1,0,1,0
2020-03-26,Butte,007,227075,12,4,0,4,0
2020-03-26,Calaveras,009,45235,6,2,0,2,0
2020-03-26,Colusa,011,21464,3,0,0,0,0
2020-03-26,Contra Costa,013,1133247,386,147,0,147,2
2020-03-26,Del Norte,015,27424,0,0,0,0,0
2020-03-26,El Dorado,017,186661,27,7,0,7,0
2020-03-26,Fresno,019,978130,172,25,2,27,0
2020-03-26,Glenn,021,27897,2,0,0,0,0
2020-03-26,Humboldt,023,135768,38,8,0,8,0
2020-03-26,Imperial,025,180216,65,8,0,8,0
2020-03-26,Inyo,027,18085,8,0,0,0,0
2020-03-26,Kern,029,883053,184,20,0,20,0
2020-03-26,Kings,031,150075,28,0,1,1,0
2020-03-26,Lake,033,64148,0,0,0,0,0
2020-03-26,Lassen,035,31185,3,0,1,1,0
2020-03-26,Los Angeles,037,10098052,4530,1075,10,1085,19
2020-03-26,Madera,039,155013,39,8,0,8,0
2020-03-26,Marin,041,260295,106,56,0,56,0
2020-03-26,Mariposa,043,17540,0,0,0,0,0
2020-03-26,Mendocino,045,87422,4,1,0,1,0
2020-03-26,Merced,047,269075,23,1,0,1,0
2020-03-26,Modoc,049,8938,0,0,0,0,0
2020-03-26,Mono,051,14174,23,5,0,5,0
2020-03-26,Monterey,053,433212,66,25,0,25,1
2020-03-26,Napa,055,140530,26,5,0,5,0
2020-03-26,Nevada,057,99092,32,7,1,8,0
2020-03-26,Orange,059,3164182,1058,279,11,290,1
2020-03-26,Placer,061,380077,106,34,0,34,1
2020-03-26,Plumas,063,18699,0,0,0,0,0
2020-03-26,Riverside,065,2383286,884,118,12,130,7
2020-03-26,Sacramento,067,1510023,472,147,0,147,5
2020-03-26,San Benito,069,59416,28,8,0,8,1
2020-03-26,San Bernardino,071,2135413,448,57,0,57,1
2020-03-26,San Diego,073,3302833,1256,299,0,299,2
2020-03-26,San Francisco,075,870044,594,261,0,261,1
2020-03-26,San Joaquin,077,732212,190,69,3,72,3
2020-03-26,San Luis Obispo,079,281455,110,38,0,38,0
2020-03-26,San Mateo,081,765935,612,122,2,124,5
2020-03-26,Santa Barbara,083,443738,167,33,1,34,0
2020-03-26,Santa Clara,085,1922200,1239,487,2,489,20
2020-03-26,Santa Cruz,087,273765,75,30,0,30,0
2020-03-26,Shasta,089,179085,17,3,0,3,1
2020-03-26,Sierra,091,2930,0,0,0,0,0
2020-03-26,Siskiyou,093,43540,4,2,0,2,0
2020-03-26,Solano,095,438530,85,41,0,41,0
2020-03-26,Sonoma,097,501317,128,33,0,33,1
2020-03-26,Stanislaus,099,539301,81,15,3,18,0
2020-03-26,Sutter,101,95872,12,2,0,2,0
2020-03-26,Tehama,103,63373,1,0,0,0,0
2020-03-26,Trinity,105,12862,0,0,0,0,0
2020-03-26,Tulare,107,460477,97,15,3,18,0
2020-03-26,Tuolumne,109,53932,2,0,0,0,0
2020-03-26,Ventura,111,848112,245,70,0,70,1
2020-03-26,Yolo,113,214977,47,13,0,13,1
2020-03-26,Yuba,115,75493,7,3,0,3,0
2020-03-25,Alameda,001,1643700,536,134,1,135,3
2020-03-25,Alpine,003,1148,1,0,0,0,0
2020-03-25,Amador,005,37829,4,1,0,1,0
2020-03-25,Butte,007,227075,12,4,0,4,0
2020-03-25,Calaveras,009,45235,6,2,0,2,0
2020-03-25,Colusa,011,21464,2,0,0,0,0
2020-03-25,Contra Costa,013,1133247,372,131,0,131,1
2020-03-25,Del Norte,015,27424,0,0,0,0,0
2020-03-25,El Dorado,017,186661,27,5,0,5,0
2020-03-25,Fresno,019,978130,152,21,2,23,0
2020-03-25,Glenn,021,27897,2,0,0,0,0
2020-03-25,Humboldt,023,135768,35,3,0,3,0
2020-03-25,Imperial,025,180216,57,8,0,8,0
2020-03-25,Inyo,027,18085,5,0,0,0,0
2020-03-25,Kern,029,883053,164,13,0,13,0
2020-03-25,Kings,031,150075,26,0,1,1,0
2020-03-25,Lake,033,64148,0,0,0,0,0
2020-03-25,Lassen,035,31185,3,0,1,1,0
2020-03-25,Los Angeles,037,10098052,4135,725,10,735,10
2020-03-25,Madera,039,155013,37,6,0,6,0
2020-03-25,Marin,041,260295,100,47,0,47,0
2020-03-25,Mariposa,043,17540,0,0,0,0,0
2020-03-25,Mendocino,045,87422,3,1,0,1,0
2020-03-25,Merced,047,269075,19,0,0,0,0
2020-03-25,Modoc,049,8938,0,0,0,0,0
2020-03-25,Mono,051,14174,22,4,0,4,0
2020-03-25,Monterey,053,433212,63,23,0,23,1
2020-03-25,Napa,055,140530,26,5,0,5,0
2020-03-25,Nevada,057,99092,31,5,1,6,0
2020-03-25,Orange,059,3164182,1000,214,9,223,1
2020-03-25,Placer,061,380077,100,30,0,30,1
2020-03-25,Plumas,063,18699,0,1,0,1,0
2020-03-25,Riverside,065,2383286,813,87,12,99,5
2020-03-25,Sacramento,067,1510023,446,114,0,114,5
2020-03-25,San Benito,069,59416,27,4,0,4,1
2020-03-25,San Bernardino,071,2135413,409,46,0,46,1
2020-03-25,San Diego,073,3302833,1194,238,0,238,2
2020-03-25,San Francisco,075,870044,553,212,0,212,1
2020-03-25,San Joaquin,077,732212,177,64,3,67,2
2020-03-25,San Luis Obispo,079,281455,105,35,0,35,0
2020-03-25,San Mateo,081,765935,577,111,2,113,5
2020-03-25,Santa Barbara,083,443738,157,25,1,26,0
2020-03-25,Santa Clara,085,1922200,1195,452,2,454,20
2020-03-25,Santa Cruz,087,273765,72,26,0,26,0
2020-03-25,Shasta,089,179085,16,3,0,3,1
2020-03-25,Sierra,091,2930,0,0,0,0,0
2020-03-25,Siskiyou,093,43540,4,2,0,2,0
2020-03-25,Solano,095,438530,80,39,0,39,0
2020-03-25,Sonoma,097,501317,123,31,0,31,1
2020-03-25,Stanislaus,099,539301,74,14,3,17,0
2020-03-25,Sutter,101,95872,9,1,0,1,0
2020-03-25,Tehama,103,63373,1,0,0,0,0
2020-03-25,Trinity,105,12862,0,0,0,0,0
2020-03-25,Tulare,107,460477,87,11,3,14,0
2020-03-25,Tuolumne,109,53932,2,0,0,0,0
2020-03-25,Ventura,111,848112,229,53,0,53,1
2020-03-25,Yolo,113,214977,45,9,0,9,1
2020-03-25,Yuba,115,75493,7,2,0,2,0
2020-03-24,Alameda,001,1643700,503,96,1,97,2
2020-03-24,Alpine,003,1148,1,0,0,0,0
2020-03-24,Amador,005,37829,2,1,0,1,0
2020-03-24,Butte,007,227075,11,3,0,3,0
2020-03-24,Calaveras,009,45235,5,2,0,2,0
2020-03-24,Colusa,011,21464,2,0,0,0,0
2020-03-24,Contra Costa,013,1133247,358,108,0,108,1
2020-03-24,Del Norte,015,27424,0,0,0,0,0
2020-03-24,El Dorado,017,186661,27,3,0,3,0
2020-03-24,Fresno,019,978130,133,18,2,20,0
2020-03-24,Glenn,021,27897,2,0,0,0,0
2020-03-24,Humboldt,023,135768,33,2,0,2,0
2020-03-24,Imperial,025,180216,54,3,0,3,0
2020-03-24,Inyo,027,18085,5,0,0,0,0
2020-03-24,Kern,029,883053,144,5,0,5,0
2020-03-24,Kings,031,150075,25,0,1,1,0
2020-03-24,Lake,033,64148,0,0,0,0,0
2020-03-24,Lassen,035,31185,3,0,1,1,0
2020-03-24,Los Angeles,037,10098052,3683,633,10,643,7
2020-03-24,Madera,039,155013,36,6,0,6,0
2020-03-24,Marin,041,260295,89,44,0,44,0
2020-03-24,Mariposa,043,17540,0,0,0,0,0
2020-03-24,Mendocino,045,87422,3,1,0,1,0
2020-03-24,Merced,047,269075,17,0,0,0,0
2020-03-24,Modoc,049,8938,0,0,0,0,0
2020-03-24,Mono,051,14174,21,1,0,1,0
2020-03-24,Monterey,053,433212,59,23,0,23,1
2020-03-24,Napa,055,140530,23,2,0,2,0
2020-03-24,Nevada,057,99092,30,4,1,5,0
2020-03-24,Orange,059,3164182,938,166,9,175,0
2020-03-24,Placer,061,380077,93,22,0,22,1
2020-03-24,Plumas,063,18699,0,1,0,1,0
2020-03-24,Riverside,065,2383286,746,56,12,68,5
2020-03-24,Sacramento,067,1510023,426,93,0,93,4
2020-03-24,San Benito,069,59416,26,4,0,4,1
2020-03-24,San Bernardino,071,2135413,365,27,0,27,0
2020-03-24,San Diego,073,3302833,1127,231,0,231,2
2020-03-24,San Francisco,075,870044,521,181,0,181,1
2020-03-24,San Joaquin,077,732212,166,52,3,55,2
2020-03-24,San Luis Obispo,079,281455,102,32,0,32,0
2020-03-24,San Mateo,081,765935,536,100,2,102,2
2020-03-24,Santa Barbara,083,443738,151,20,1,21,0
2020-03-24,Santa Clara,085,1922200,1126,389,2,391,17
2020-03-24,Santa Cruz,087,273765,67,22,0,22,0
2020-03-24,Shasta,089,179085,15,3,0,3,0
2020-03-24,Sierra,091,2930,0,0,0,0,0
2020-03-24,Siskiyou,093,43540,4,2,0,2,0
2020-03-24,Solano,095,438530,78,34,0,34,0
2020-03-24,Sonoma,097,501317,116,27,0,27,1
2020-03-24,Stanislaus,099,539301,65,13,3,16,0
2020-03-24,Sutter,101,95872,9,0,0,0,0
2020-03-24,Tehama,103,63373,1,0,0,0,0
2020-03-24,Trinity,105,12862,0,0,0,0,0
2020-03-24,Tulare,107,460477,77,10,3,13,0
2020-03-24,Tuolumne,109,53932,2,0,0,0,0
2020-03-24,Ventura,111,848112,213,44,0,44,1
2020-03-24,Yolo,113,214977,41,8,0,8,0
2020-03-24,Yuba,115,75493,7,2,0,2,0
2020-03-23,Alameda,001,1643700,472,88,1,89,1
2020-03-23,Alpine,003,1148,1,0,0,0,0
2020-03-23,Amador,005,37829,2,1,0,1,0
2020-03-23,Butte,007,227075,11,2,0,2,0
2020-03-23,Calaveras,009,45235,5,2,0,2,0
2020-03-23,Colusa,011,21464,1,0,0,0,0
2020-03-23,Contra Costa,013,1133247,338,91,0,91,2
2020-03-23,Del Norte,015,27424,0,0,0,0,0
2020-03-23,El Dorado,017,186661,26,3,0,3,0
2020-03-23,Fresno,019,978130,123,10,2,12,0
2020-03-23,Glenn,021,27897,2,0,0,0,0
2020-03-23,Humboldt,023,135768,31,2,0,2,0
2020-03-23,Imperial,025,180216,50,2,0,2,0
2020-03-23,Inyo,027,18085,3,0,0,0,0
2020-03-23,Kern,029,883053,130,5,0,5,0
2020-03-23,Kings,031,150075,25,0,1,1,0
2020-03-23,Lake,033,64148,0,0,0,0,0
2020-03-23,Lassen,035,31185,3,0,1,1,0
2020-03-23,Los Angeles,037,10098052,3378,389,10,399,4
2020-03-23,Madera,039,155013,36,4,0,4,0
2020-03-23,Marin,041,260295,84,30,0,30,0
2020-03-23,Mariposa,043,17540,0,0,0,0,0
2020-03-23,Mendocino,045,87422,3,1,0,1,0
2020-03-23,Merced,047,269075,11,0,0,0,0
2020-03-23,Modoc,049,8938,0,0,0,0,0
2020-03-23,Mono,051,14174,19,1,0,1,0
2020-03-23,Monterey,053,433212,54,14,0,14,1
2020-03-23,Napa,055,140530,21,1,0,1,0
2020-03-23,Nevada,057,99092,27,2,1,3,0
2020-03-23,Orange,059,3164182,883,138,7,145,0
2020-03-23,Placer,061,380077,90,19,0,19,1
2020-03-23,Plumas,063,18699,0,0,0,0,0
2020-03-23,Riverside,065,2383286,703,39,12,51,5
2020-03-23,Sacramento,067,1510023,393,87,0,87,4
2020-03-23,San Benito,069,59416,25,4,0,4,1
2020-03-23,San Bernardino,071,2135413,335,17,0,17,0
2020-03-23,San Diego,073,3302833,1068,178,0,178,1
2020-03-23,San Francisco,075,870044,492,152,0,152,0
2020-03-23,San Joaquin,077,732212,154,37,3,40,2
2020-03-23,San Luis Obispo,079,281455,96,23,0,23,0
2020-03-23,San Mateo,081,765935,497,88,2,90,1
2020-03-23,Santa Barbara,083,443738,133,18,1,19,0
2020-03-23,Santa Clara,085,1922200,1077,336,2,338,13
2020-03-23,Santa Cruz,087,273765,65,21,0,21,0
2020-03-23,Shasta,089,179085,13,2,0,2,0
2020-03-23,Sierra,091,2930,0,0,0,0,0
2020-03-23,Siskiyou,093,43540,4,2,0,2,0
2020-03-23,Solano,095,438530,74,33,0,33,0
2020-03-23,Sonoma,097,501317,104,19,0,19,1
2020-03-23,Stanislaus,099,539301,57,10,3,13,0
2020-03-23,Sutter,101,95872,9,0,0,0,0
2020-03-23,Tehama,103,63373,1,0,0,0,0
2020-03-23,Trinity,105,12862,0,0,0,0,0
2020-03-23,Tulare,107,460477,68,9,3,12,0
2020-03-23,Tuolumne,109,53932,2,0,0,0,0
2020-03-23,Ventura,111,848112,196,30,0,30,0
2020-03-23,Yolo,113,214977,40,8,0,8,0
2020-03-23,Yuba,115,75493,7,2,0,2,0
2020-03-22,Alameda,001,1643700,433,72,1,73,1
2020-03-22,Alpine,003,1148,1,0,0,0,0
2020-03-22,Amador,005,37829,2,1,0,1,0
2020-03-22,Butte,007,227075,8,1,0,1,0
2020-03-22,Calaveras,009,45235,4,2,0,2,0
2020-03-22,Colusa,011,21464,1,0,0,0,0
2020-03-22,Contra Costa,013,1133247,311,79,0,79,1
2020-03-22,Del Norte,015,27424,0,0,0,0,0
2020-03-22,El Dorado,017,186661,24,1,0,1,0
2020-03-22,Fresno,019,978130,103,8,2,10,0
2020-03-22,Glenn,021,27897,2,0,0,0,0
2020-03-22,Humboldt,023,135768,28,1,0,1,0
2020-03-22,Imperial,025,180216,48,2,0,2,0
2020-03-22,Inyo,027,18085,1,0,0,0,0
2020-03-22,Kern,029,883053,114,3,0,3,0
2020-03-22,Kings,031,150075,22,0,1,1,0
2020-03-22,Lake,033,64148,0,0,0,0,0
2020-03-22,Lassen,035,31185,3,0,1,1,0
2020-03-22,Los Angeles,037,10098052,3056,384,10,394,3
2020-03-22,Madera,039,155013,33,4,0,4,0
2020-03-22,Marin,041,260295,74,30,0,30,0
2020-03-22,Mariposa,043,17540,0,0,0,0,0
2020-03-22,Mendocino,045,87422,3,1,0,1,0
2020-03-22,Merced,047,269075,7,0,0,0,0
2020-03-22,Modoc,049,8938,0,0,0,0,0
2020-03-22,Mono,051,14174,14,1,0,1,0
2020-03-22,Monterey,053,433212,51,14,0,14,1
2020-03-22,Napa,055,140530,17,1,0,1,0
2020-03-22,Nevada,057,99092,23,2,1,3,0
2020-03-22,Orange,059,3164182,811,102,4,106,0
2020-03-22,Placer,061,380077,87,18,0,18,1
2020-03-22,Plumas,063,18699,0,0,0,0,0
2020-03-22,Riverside,065,2383286,613,26,8,34,5
2020-03-22,Sacramento,067,1510023,361,82,0,82,4
2020-03-22,San Benito,069,59416,20,4,0,4,1
2020-03-22,San Bernardino,071,2135413,291,16,0,16,0
2020-03-22,San Diego,073,3302833,980,161,0,161,0
2020-03-22,San Francisco,075,870044,455,134,0,134,0
2020-03-22,San Joaquin,077,732212,140,30,3,33,2
2020-03-22,San Luis Obispo,079,281455,89,19,0,19,0
2020-03-22,San Mateo,081,765935,464,82,2,84,1
2020-03-22,Santa Barbara,083,443738,119,16,1,17,0
2020-03-22,Santa Clara,085,1922200,1013,284,2,286,13
2020-03-22,Santa Cruz,087,273765,64,19,0,19,0
2020-03-22,Shasta,089,179085,13,1,0,1,0
2020-03-22,Sierra,091,2930,0,0,0,0,0
2020-03-22,Siskiyou,093,43540,4,2,0,2,0
2020-03-22,Solano,095,438530,65,30,0,30,0
2020-03-22,Sonoma,097,501317,99,18,0,18,1
2020-03-22,Stanislaus,099,539301,51,8,3,11,0
2020-03-22,Sutter,101,95872,8,0,0,0,0
2020-03-22,Tehama,103,63373,0,0,0,0,0
2020-03-22,Trinity,105,12862,0,0,0,0,0
2020-03-22,Tulare,107,460477,62,5,3,8,0
2020-03-22,Tuolumne,109,53932,2,0,0,0,0
2020-03-22,Ventura,111,848112,174,26,0,26,0
2020-03-22,Yolo,113,214977,34,6,0,6,0
2020-03-22,Yuba,115,75493,7,2,0,2,0
2020-03-21,Alameda,001,1643700,409,62,1,63,0
2020-03-21,Alpine,003,1148,1,0,0,0,0
2020-03-21,Amador,005,37829,2,1,0,1,0
2020-03-21,Butte,007,227075,7,1,0,1,0
2020-03-21,Calaveras,009,45235,4,2,0,2,0
2020-03-21,Colusa,011,21464,1,0,0,0,0
2020-03-21,Contra Costa,013,1133247,300,62,0,62,1
2020-03-21,Del Norte,015,27424,0,0,0,0,0
2020-03-21,El Dorado,017,186661,21,1,0,1,0
2020-03-21,Fresno,019,978130,99,8,2,10,0
2020-03-21,Glenn,021,27897,2,0,0,0,0
2020-03-21,Humboldt,023,135768,25,1,0,1,0
2020-03-21,Imperial,025,180216,44,2,0,2,0
2020-03-21,Inyo,027,18085,1,0,0,0,0
2020-03-21,Kern,029,883053,108,3,0,3,0
2020-03-21,Kings,031,150075,22,0,1,1,0
2020-03-21,Lake,033,64148,0,0,0,0,0
2020-03-21,Lassen,035,31185,3,0,1,1,0
2020-03-21,Los Angeles,037,10098052,2783,322,10,332,2
2020-03-21,Madera,039,155013,33,4,0,4,0
2020-03-21,Marin,041,260295,69,30,0,30,0
2020-03-21,Mariposa,043,17540,0,0,0,0,0
2020-03-21,Mendocino,045,87422,3,1,0,1,0
2020-03-21,Merced,047,269075,6,0,0,0,0
2020-03-21,Modoc,049,8938,0,0,0,0,0
2020-03-21,Mono,051,14174,14,1,0,1,0
2020-03-21,Monterey,053,433212,48,8,0,8,1
2020-03-21,Napa,055,140530,17,0,0,0,0
2020-03-21,Nevada,057,99092,23,2,1,3,0
2020-03-21,Orange,059,3164182,762,85,4,89,0
2020-03-21,Placer,061,380077,78,11,0,11,1
2020-03-21,Plumas,063,18699,0,0,0,0,0
2020-03-21,Riverside,065,2383286,566,20,8,28,3
2020-03-21,Sacramento,067,1510023,334,66,0,66,3
2020-03-21,San Benito,069,59416,18,4,0,4,1
2020-03-21,San Bernardino,071,2135413,271,13,0,13,0
2020-03-21,San Diego,073,3302833,903,121,0,121,0
2020-03-21,San Francisco,075,870044,419,106,0,106,0
2020-03-21,San Joaquin,077,732212,131,26,3,29,2
2020-03-21,San Luis Obispo,079,281455,84,16,0,16,0
2020-03-21,San Mateo,081,765935,426,78,2,80,1
2020-03-21,Santa Barbara,083,443738,109,8,1,9,0
2020-03-21,Santa Clara,085,1922200,951,269,2,271,10
2020-03-21,Santa Cruz,087,273765,62,17,0,17,0
2020-03-21,Shasta,089,179085,12,1,0,1,0
2020-03-21,Sierra,091,2930,0,0,0,0,0
2020-03-21,Siskiyou,093,43540,4,0,0,0,0
2020-03-21,Solano,095,438530,63,30,0,30,0
2020-03-21,Sonoma,097,501317,98,15,0,15,1
2020-03-21,Stanislaus,099,539301,45,7,3,10,0
2020-03-21,Sutter,101,95872,7,0,0,0,0
2020-03-21,Tehama,103,63373,0,0,0,0,0
2020-03-21,Trinity,105,12862,0,0,0,0,0
2020-03-21,Tulare,107,460477,54,5,3,8,0
2020-03-21,Tuolumne,109,53932,2,0,0,0,0
2020-03-21,Ventura,111,848112,166,22,0,22,0
2020-03-21,Yolo,113,214977,34,6,0,6,0
2020-03-21,Yuba,115,75493,7,1,0,1,0
2020-03-20,Alameda,001,1643700,388,42,1,43,0
2020-03-20,Alpine,003,1148,1,0,0,0,0
2020-03-20,Amador,005,37829,1,0,0,0,0
2020-03-20,Butte,007,227075,7,0,0,0,0
2020-03-20,Calaveras,009,45235,4,2,0,2,0
2020-03-20,Colusa,011,21464,1,0,0,0,0
2020-03-20,Contra Costa,013,1133247,270,52,0,52,1
2020-03-20,Del Norte,015,27424,0,0,0,0,0
2020-03-20,El Dorado,017,186661,20,1,0,1,0
2020-03-20,Fresno,019,978130,96,7,2,9,0
2020-03-20,Glenn,021,27897,1,0,0,0,0
2020-03-20,Humboldt,023,135768,25,1,0,1,0
2020-03-20,Imperial,025,180216,43,2,0,2,0
2020-03-20,Inyo,027,18085,0,0,0,0,0
2020-03-20,Kern,029,883053,93,3,0,3,0
2020-03-20,Kings,031,150075,21,0,1,1,0
2020-03-20,Lake,033,64148,0,0,0,0,0
2020-03-20,Lassen,035,31185,3,0,1,1,0
2020-03-20,Los Angeles,037,10098052,2557,267,9,276,1
2020-03-20,Madera,039,155013,32,4,0,4,0
2020-03-20,Marin,041,260295,66,30,0,30,0
2020-03-20,Mariposa,043,17540,0,0,0,0,0
2020-03-20,Mendocino,045,87422,3,1,0,1,0
2020-03-20,Merced,047,269075,6,0,0,0,0
2020-03-20,Modoc,049,8938,0,0,0,0,0
2020-03-20,Mono,051,14174,14,0,0,0,0
2020-03-20,Monterey,053,433212,47,4,0,4,0
2020-03-20,Napa,055,140530,16,0,0,0,0
2020-03-20,Nevada,057,99092,20,2,1,3,0
2020-03-20,Orange,059,3164182,715,71,4,75,2
2020-03-20,Placer,061,380077,72,9,0,9,1
2020-03-20,Plumas,063,18699,0,0,0,0,0
2020-03-20,Riverside,065,2383286,507,19,8,27,3
2020-03-20,Sacramento,067,1510023,313,56,0,56,4
2020-03-20,San Benito,069,59416,18,4,0,4,1
2020-03-20,San Bernardino,071,2135413,244,9,0,9,0
2020-03-20,San Diego,073,3302833,851,98,0,98,0
2020-03-20,San Francisco,075,870044,387,87,0,87,0
2020-03-20,San Joaquin,077,732212,116,18,3,21,2
2020-03-20,San Luis Obispo,079,281455,80,11,0,11,0
2020-03-20,San Mateo,081,765935,396,71,2,73,1
2020-03-20,Santa Barbara,083,443738,97,7,1,8,0
2020-03-20,Santa Clara,085,1922200,914,246,2,248,8
2020-03-20,Santa Cruz,087,273765,60,13,0,13,0
2020-03-20,Shasta,089,179085,11,1,0,1,0
2020-03-20,Sierra,091,2930,0,0,0,0,0
2020-03-20,Siskiyou,093,43540,4,0,0,0,0
2020-03-20,Solano,095,438530,59,29,0,29,0
2020-03-20,Sonoma,097,501317,90,7,0,7,0
2020-03-20,Stanislaus,099,539301,39,7,3,10,0
2020-03-20,Sutter,101,95872,7,0,0,0,0
2020-03-20,Tehama,103,63373,0,0,0,0,0
2020-03-20,Trinity,105,12862,0,0,0,0,0
2020-03-20,Tulare,107,460477,50,4,3,7,0
2020-03-20,Tuolumne,109,53932,2,0,0,0,0
2020-03-20,Ventura,111,848112,156,18,0,18,0
2020-03-20,Yolo,113,214977,32,5,0,5,0
2020-03-20,Yuba,115,75493,6,0,0,0,0
2020-03-19,Alameda,001,1643700,352,36,1,37,0
2020-03-19,Alpine,003,1148,1,0,0,0,0
2020-03-19,Amador,005,37829,1,0,0,0,0
2020-03-19,Butte,007,227075,5,0,0,0,0
2020-03-19,Calaveras,009,45235,4,2,0,2,0
2020-03-19,Colusa,011,21464,0,0,0,0,0
2020-03-19,Contra Costa,013,1133247,254,46,0,46,0
2020-03-19,Del Norte,015,27424,0,0,0,0,0
2020-03-19,El Dorado,017,186661,18,0,0,0,0
2020-03-19,Fresno,019,978130,87,6,2,8,0
2020-03-19,Glenn,021,27897,1,0,0,0,0
2020-03-19,Humboldt,023,135768,23,1,0,1,0
2020-03-19,Imperial,025,180216,36,2,0,2,0
2020-03-19,Inyo,027,18085,0,0,0,0,0
2020-03-19,Kern,029,883053,81,3,0,3,0
2020-03-19,Kings,031,150075,17,0,1,1,0
2020-03-19,Lake,033,64148,0,0,0,0,0
2020-03-19,Lassen,035,31185,2,0,1,1,0
2020-03-19,Los Angeles,037,10098052,2271,233,9,242,0
2020-03-19,Madera,039,155013,31,3,0,3,0
2020-03-19,Marin,041,260295,63,19,0,19,0
2020-03-19,Mariposa,043,17540,0,0,0,0,0
2020-03-19,Mendocino,045,87422,2,1,0,1,0
2020-03-19,Merced,047,269075,5,0,0,0,0
2020-03-19,Modoc,049,8938,0,0,0,0,0
2020-03-19,Mono,051,14174,12,0,0,0,0
2020-03-19,Monterey,053,433212,39,3,0,3,0
2020-03-19,Napa,055,140530,14,0,0,0,0
2020-03-19,Nevada,057,99092,18,2,1,3,0
2020-03-19,Orange,059,3164182,633,59,4,63,0
2020-03-19,Placer,061,380077,64,8,0,8,1
2020-03-19,Plumas,063,18699,0,0,0,0,0
2020-03-19,Riverside,065,2383286,396,14,6,20,3
2020-03-19,Sacramento,067,1510023,280,52,0,52,3
2020-03-19,San Benito,069,59416,15,3,0,3,0
2020-03-19,San Bernardino,071,2135413,214,7,0,7,0
2020-03-19,San Diego,073,3302833,768,68,0,68,0
2020-03-19,San Francisco,075,870044,351,80,0,80,0
2020-03-19,San Joaquin,077,732212,102,15,3,18,2
2020-03-19,San Luis Obispo,079,281455,77,6,0,6,0
2020-03-19,San Mateo,081,765935,361,58,2,60,1
2020-03-19,Santa Barbara,083,443738,85,5,0,5,0
2020-03-19,Santa Clara,085,1922200,847,183,2,185,8
2020-03-19,Santa Cruz,087,273765,57,13,0,13,0
2020-03-19,Shasta,089,179085,10,1,0,1,0
2020-03-19,Sierra,091,2930,0,0,0,0,0
2020-03-19,Siskiyou,093,43540,3,0,0,0,0
2020-03-19,Solano,095,438530,55,26,0,26,0
2020-03-19,Sonoma,097,501317,87,8,0,8,0
2020-03-19,Stanislaus,099,539301,38,7,3,10,0
2020-03-19,Sutter,101,95872,7,0,0,0,0
2020-03-19,Tehama,103,63373,0,0,0,0,0
2020-03-19,Trinity,105,12862,0,0,0,0,0
2020-03-19,Tulare,107,460477,44,3,3,6,0
2020-03-19,Tuolumne,109,53932,2,0,0,0,0
2020-03-19,Ventura,111,848112,134,15,0,15,0
2020-03-19,Yolo,113,214977,28,5,0,5,0
2020-03-19,Yuba,115,75493,5,0,0,0,0
2020-03-18,Alameda,001,1643700,324,29,1,30,0
2020-03-18,Alpine,003,1148,1,0,0,0,0
2020-03-18,Amador,005,37829,1,0,0,0,0
2020-03-18,Butte,007,227075,4,0,0,0,0
2020-03-18,Calaveras,009,45235,4,2,0,2,0
2020-03-18,Colusa,011,21464,0,0,0,0,0
2020-03-18,Contra Costa,013,1133247,232,44,0,44,0
2020-03-18,Del Norte,015,27424,0,0,0,0,0
2020-03-18,El Dorado,017,186661,17,0,0,0,0
2020-03-18,Fresno,019,978130,78,3,1,4,0
2020-03-18,Glenn,021,27897,1,0,0,0,0
2020-03-18,Humboldt,023,135768,19,1,0,1,0
2020-03-18,Imperial,025,180216,30,2,0,2,0
2020-03-18,Inyo,027,18085,0,0,0,0,0
2020-03-18,Kern,029,883053,66,1,0,1,0
2020-03-18,Kings,031,150075,15,0,1,1,0
2020-03-18,Lake,033,64148,0,0,0,0,0
2020-03-18,Lassen,035,31185,1,0,1,1,0
2020-03-18,Los Angeles,037,10098052,2032,47,9,56,0
2020-03-18,Madera,039,155013,30,2,0,2,0
2020-03-18,Marin,041,260295,58,10,0,10,0
2020-03-18,Mariposa,043,17540,0,0,0,0,0
2020-03-18,Mendocino,045,87422,2,0,0,0,0
2020-03-18,Merced,047,269075,5,0,0,0,0
2020-03-18,Modoc,049,8938,0,0,0,0,0
2020-03-18,Mono,051,14174,11,0,0,0,0
2020-03-18,Monterey,053,433212,31,1,0,1,0
2020-03-18,Napa,055,140530,11,0,0,0,0
2020-03-18,Nevada,057,99092,16,2,1,3,0
2020-03-18,Orange,059,3164182,576,38,4,42,0
2020-03-18,Placer,061,380077,57,8,0,8,1
2020-03-18,Plumas,063,18699,0,0,0,0,0
2020-03-18,Riverside,065,2383286,333,11,5,16,2
2020-03-18,Sacramento,067,1510023,257,46,0,46,3
2020-03-18,San Benito,069,59416,14,3,0,3,0
2020-03-18,San Bernardino,071,2135413,192,3,0,3,0
2020-03-18,San Diego,073,3302833,683,40,0,40,0
2020-03-18,San Francisco,075,870044,332,65,0,65,0
2020-03-18,San Joaquin,077,732212,90,14,3,17,2
2020-03-18,San Luis Obispo,079,281455,70,5,0,5,0
2020-03-18,San Mateo,081,765935,340,57,2,59,1
2020-03-18,Santa Barbara,083,443738,77,2,0,2,0
2020-03-18,Santa Clara,085,1922200,796,151,2,153,6
2020-03-18,Santa Cruz,087,273765,55,11,0,11,0
2020-03-18,Shasta,089,179085,9,1,0,1,0
2020-03-18,Sierra,091,2930,0,0,0,0,0
2020-03-18,Siskiyou,093,43540,3,0,0,0,0
2020-03-18,Solano,095,438530,51,26,0,26,0
2020-03-18,Sonoma,097,501317,78,6,0,6,0
2020-03-18,Stanislaus,099,539301,34,5,2,7,0
2020-03-18,Sutter,101,95872,5,0,0,0,0
2020-03-18,Tehama,103,63373,0,0,0,0,0
2020-03-18,Trinity,105,12862,0,0,0,0,0
2020-03-18,Tulare,107,460477,34,3,3,6,0
2020-03-18,Tuolumne,109,53932,2,0,0,0,0
2020-03-18,Ventura,111,848112,115,11,0,11,0
2020-03-18,Yolo,113,214977,25,4,0,4,0
2020-03-18,Yuba,115,75493,4,0,0,0,0
2020-03-17,Alameda,001,1643700,292,19,0,19,0
2020-03-17,Alpine,003,1148,0,0,0,0,0
2020-03-17,Amador,005,37829,1,0,0,0,0
2020-03-17,Butte,007,227075,4,0,0,0,0
2020-03-17,Calaveras,009,45235,4,2,0,2,0
2020-03-17,Colusa,011,21464,0,0,0,0,0
2020-03-17,Contra Costa,013,1133247,210,37,0,37,0
2020-03-17,Del Norte,015,27424,0,0,0,0,0
2020-03-17,El Dorado,017,186661,16,0,0,0,0
2020-03-17,Fresno,019,978130,68,2,1,3,0
2020-03-17,Glenn,021,27897,1,0,0,0,0
2020-03-17,Humboldt,023,135768,17,1,0,1,0
2020-03-17,Imperial,025,180216,24,2,0,2,0
2020-03-17,Inyo,027,18085,0,0,0,0,0
2020-03-17,Kern,029,883053,52,0,0,0,0
2020-03-17,Kings,031,150075,12,0,1,1,0
2020-03-17,Lake,033,64148,0,0,0,0,0
2020-03-17,Lassen,035,31185,1,0,1,1,0
2020-03-17,Los Angeles,037,10098052,1830,41,9,50,0
2020-03-17,Madera,039,155013,22,2,0,2,0
2020-03-17,Marin,041,260295,51,4,0,4,0
2020-03-17,Mariposa,043,17540,0,0,0,0,0
2020-03-17,Mendocino,045,87422,2,0,0,0,0
2020-03-17,Merced,047,269075,5,0,0,0,0
2020-03-17,Modoc,049,8938,0,0,0,0,0
2020-03-17,Mono,051,14174,9,0,0,0,0
2020-03-17,Monterey,053,433212,29,0,0,0,0
2020-03-17,Napa,055,140530,8,0,0,0,0
2020-03-17,Nevada,057,99092,15,1,1,2,0
2020-03-17,Orange,059,3164182,498,24,3,27,0
2020-03-17,Placer,061,380077,47,7,0,7,1
2020-03-17,Plumas,063,18699,0,0,0,0,0
2020-03-17,Riverside,065,2383286,271,11,5,16,0
2020-03-17,Sacramento,067,1510023,237,36,0,36,1
2020-03-17,San Benito,069,59416,12,2,0,2,0
2020-03-17,San Bernardino,071,2135413,164,2,0,2,0
2020-03-17,San Diego,073,3302833,616,17,0,17,0
2020-03-17,San Francisco,075,870044,305,46,0,46,0
2020-03-17,San Joaquin,077,732212,84,11,3,14,0
2020-03-17,San Luis Obispo,079,281455,62,1,0,1,0
2020-03-17,San Mateo,081,765935,308,46,2,48,1
2020-03-17,Santa Barbara,083,443738,65,0,0,0,0
2020-03-17,Santa Clara,085,1922200,738,121,2,123,4
2020-03-17,Santa Cruz,087,273765,52,10,0,10,0
2020-03-17,Shasta,089,179085,5,1,0,1,0
2020-03-17,Sierra,091,2930,0,0,0,0,0
2020-03-17,Siskiyou,093,43540,3,0,0,0,0
2020-03-17,Solano,095,438530,48,27,0,27,0
2020-03-17,Sonoma,097,501317,70,4,0,4,0
2020-03-17,Stanislaus,099,539301,31,4,2,6,0
2020-03-17,Sutter,101,95872,5,0,0,0,0
2020-03-17,Tehama,103,63373,0,0,0,0,0
2020-03-17,Trinity,105,12862,0,0,0,0,0
2020-03-17,Tulare,107,460477,29,2,3,5,0
2020-03-17,Tuolumne,109,53932,2,0,0,0,0
2020-03-17,Ventura,111,848112,98,7,0,7,0
2020-03-17,Yolo,113,214977,21,2,0,2,0
2020-03-17,Yuba,115,75493,4,0,0,0,0
2020-03-16,Alameda,001,1643700,263,17,0,17,0
2020-03-16,Alpine,003,1148,0,0,0,0,0
2020-03-16,Amador,005,37829,1,0,0,0,0
2020-03-16,Butte,007,227075,3,0,0,0,0
2020-03-16,Calaveras,009,45235,4,2,0,2,0
2020-03-16,Colusa,011,21464,0,0,0,0,0
2020-03-16,Contra Costa,013,1133247,186,36,0,36,0
2020-03-16,Del Norte,015,27424,0,0,0,0,0
2020-03-16,El Dorado,017,186661,15,0,0,0,0
2020-03-16,Fresno,019,978130,53,2,1,3,0
2020-03-16,Glenn,021,27897,0,0,0,0,0
2020-03-16,Humboldt,023,135768,13,1,0,1,0
2020-03-16,Imperial,025,180216,19,2,0,2,0
2020-03-16,Inyo,027,18085,0,0,0,0,0
2020-03-16,Kern,029,883053,43,0,0,0,0
2020-03-16,Kings,031,150075,11,0,1,1,0
2020-03-16,Lake,033,64148,0,0,0,0,0
2020-03-16,Lassen,035,31185,1,0,0,0,0
2020-03-16,Los Angeles,037,10098052,1595,43,9,52,0
2020-03-16,Madera,039,155013,21,2,0,2,0
2020-03-16,Marin,041,260295,48,4,0,4,0
2020-03-16,Mariposa,043,17540,0,0,0,0,0
2020-03-16,Mendocino,045,87422,2,0,0,0,0
2020-03-16,Merced,047,269075,5,0,0,0,0
2020-03-16,Modoc,049,8938,0,0,0,0,0
2020-03-16,Mono,051,14174,7,0,0,0,0
2020-03-16,Monterey,053,433212,28,0,0,0,0
2020-03-16,Napa,055,140530,7,0,0,0,0
2020-03-16,Nevada,057,99092,11,1,1,2,0
2020-03-16,Orange,059,3164182,415,18,3,21,0
2020-03-16,Placer,061,380077,39,7,0,7,1
2020-03-16,Plumas,063,18699,0,0,0,0,0
2020-03-16,Riverside,065,2383286,235,10,5,15,0
2020-03-16,Sacramento,067,1510023,210,34,0,34,1
2020-03-16,San Benito,069,59416,8,2,0,2,0
2020-03-16,San Bernardino,071,2135413,144,1,0,1,0
2020-03-16,San Diego,073,3302833,525,17,0,17,0
2020-03-16,San Francisco,075,870044,267,40,0,40,0
2020-03-16,San Joaquin,077,732212,74,9,3,12,0
2020-03-16,San Luis Obispo,079,281455,55,1,0,1,0
2020-03-16,San Mateo,081,765935,269,42,2,44,1
2020-03-16,Santa Barbara,083,443738,55,0,0,0,0
2020-03-16,Santa Clara,085,1922200,658,115,1,116,2
2020-03-16,Santa Cruz,087,273765,45,9,0,9,0
2020-03-16,Shasta,089,179085,5,1,0,1,0
2020-03-16,Sierra,091,2930,0,0,0,0,0
2020-03-16,Siskiyou,093,43540,2,0,0,0,0
2020-03-16,Solano,095,438530,43,27,0,27,0
2020-03-16,Sonoma,097,501317,62,4,0,4,0
2020-03-16,Stanislaus,099,539301,27,2,2,4,0
2020-03-16,Sutter,101,95872,3,0,0,0,0
2020-03-16,Tehama,103,63373,0,0,0,0,0
2020-03-16,Trinity,105,12862,0,0,0,0,0
2020-03-16,Tulare,107,460477,25,2,3,5,0
2020-03-16,Tuolumne,109,53932,2,0,0,0,0
2020-03-16,Ventura,111,848112,88,7,0,7,0
2020-03-16,Yolo,113,214977,19,2,0,2,0
2020-03-16,Yuba,115,75493,3,0,0,0,0
2020-03-15,Alameda,001,1643700,216,17,0,17,0
2020-03-15,Alpine,003,1148,0,0,0,0,0
2020-03-15,Amador,005,37829,1,0,0,0,0
2020-03-15,Butte,007,227075,3,0,0,0,0
2020-03-15,Calaveras,009,45235,2,2,0,2,0
2020-03-15,Colusa,011,21464,0,0,0,0,0
2020-03-15,Contra Costa,013,1133247,161,34,0,34,0
2020-03-15,Del Norte,015,27424,0,0,0,0,0
2020-03-15,El Dorado,017,186661,14,0,0,0,0
2020-03-15,Fresno,019,978130,33,1,1,2,0
2020-03-15,Glenn,021,27897,0,0,0,0,0
2020-03-15,Humboldt,023,135768,11,1,0,1,0
2020-03-15,Imperial,025,180216,14,2,0,2,0
2020-03-15,Inyo,027,18085,0,0,0,0,0
2020-03-15,Kern,029,883053,37,0,0,0,0
2020-03-15,Kings,031,150075,11,0,1,1,0
2020-03-15,Lake,033,64148,0,0,0,0,0
2020-03-15,Lassen,035,31185,1,0,0,0,0
2020-03-15,Los Angeles,037,10098052,1355,41,9,50,0
2020-03-15,Madera,039,155013,20,2,0,2,0
2020-03-15,Marin,041,260295,41,3,0,3,0
2020-03-15,Mariposa,043,17540,0,0,0,0,0
2020-03-15,Mendocino,045,87422,2,0,0,0,0
2020-03-15,Merced,047,269075,3,0,0,0,0
2020-03-15,Modoc,049,8938,0,0,0,0,0
2020-03-15,Mono,051,14174,6,0,0,0,0
2020-03-15,Monterey,053,433212,21,0,0,0,0
2020-03-15,Napa,055,140530,7,0,0,0,0
2020-03-15,Nevada,057,99092,11,0,1,1,0
2020-03-15,Orange,059,3164182,347,16,1,17,0
2020-03-15,Placer,061,380077,33,7,0,7,1
2020-03-15,Plumas,063,18699,0,0,0,0,0
2020-03-15,Riverside,065,2383286,183,10,5,15,0
2020-03-15,Sacramento,067,1510023,174,30,0,30,1
2020-03-15,San Benito,069,59416,8,2,0,2,0
2020-03-15,San Bernardino,071,2135413,122,0,0,0,0
2020-03-15,San Diego,073,3302833,438,16,0,16,0
2020-03-15,San Francisco,075,870044,209,31,0,31,0
2020-03-15,San Joaquin,077,732212,63,6,3,9,0
2020-03-15,San Luis Obispo,079,281455,45,1,0,1,0
2020-03-15,San Mateo,081,765935,235,29,1,30,1
2020-03-15,Santa Barbara,083,443738,46,0,0,0,0
2020-03-15,Santa Clara,085,1922200,586,79,1,80,2
2020-03-15,Santa Cruz,087,273765,38,8,0,8,0
2020-03-15,Shasta,089,179085,5,1,0,1,0
2020-03-15,Sierra,091,2930,0,0,0,0,0
2020-03-15,Siskiyou,093,43540,2,0,0,0,0
2020-03-15,Solano,095,438530,42,26,0,26,0
2020-03-15,Sonoma,097,501317,53,4,0,4,0
2020-03-15,Stanislaus,099,539301,26,2,2,4,0
2020-03-15,Sutter,101,95872,2,0,0,0,0
2020-03-15,Tehama,103,63373,0,0,0,0,0
2020-03-15,Trinity,105,12862,0,0,0,0,0
2020-03-15,Tulare,107,460477,19,2,3,5,0
2020-03-15,Tuolumne,109,53932,1,0,0,0,0
2020-03-15,Ventura,111,848112,77,5,0,5,0
2020-03-15,Yolo,113,214977,15,2,0,2,0
2020-03-15,Yuba,115,75493,2,0,0,0,0
2020-03-14,Alameda,001,1643700,197,11,0,11,0
2020-03-14,Alpine,003,1148,0,0,0,0,0
2020-03-14,Amador,005,37829,1,0,0,0,0
2020-03-14,Butte,007,227075,2,0,0,0,0
2020-03-14,Calaveras,009,45235,2,2,0,2,0
2020-03-14,Colusa,011,21464,0,0,0,0,0
2020-03-14,Contra Costa,013,1133247,139,30,0,30,0
2020-03-14,Del Norte,015,27424,0,0,0,0,0
2020-03-14,El Dorado,017,186661,12,0,0,0,0
2020-03-14,Fresno,019,978130,25,1,1,2,0
2020-03-14,Glenn,021,27897,0,0,0,0,0
2020-03-14,Humboldt,023,135768,7,1,0,1,0
2020-03-14,Imperial,025,180216,10,2,0,2,0
2020-03-14,Inyo,027,18085,0,0,0,0,0
2020-03-14,Kern,029,883053,32,0,0,0,0
2020-03-14,Kings,031,150075,11,0,1,1,0
2020-03-14,Lake,033,64148,0,0,0,0,0
2020-03-14,Lassen,035,31185,1,0,0,0,0
2020-03-14,Los Angeles,037,10098052,1177,35,9,44,0
2020-03-14,Madera,039,155013,19,2,0,2,0
2020-03-14,Marin,041,260295,37,3,0,3,0
2020-03-14,Mariposa,043,17540,0,0,0,0,0
2020-03-14,Mendocino,045,87422,2,0,0,0,0
2020-03-14,Merced,047,269075,3,0,0,0,0
2020-03-14,Modoc,049,8938,0,0,0,0,0
2020-03-14,Mono,051,14174,5,0,0,0,0
2020-03-14,Monterey,053,433212,15,0,0,0,0
2020-03-14,Napa,055,140530,5,0,0,0,0
2020-03-14,Nevada,057,99092,8,0,1,1,0
2020-03-14,Orange,059,3164182,308,14,0,14,0
2020-03-14,Placer,061,380077,29,6,0,6,1
2020-03-14,Plumas,063,18699,0,0,0,0,0
2020-03-14,Riverside,065,2383286,163,10,5,15,0
2020-03-14,Sacramento,067,1510023,152,31,0,31,1
2020-03-14,San Benito,069,59416,8,2,0,2,0
2020-03-14,San Bernardino,071,2135413,103,0,0,0,0
2020-03-14,San Diego,073,3302833,363,10,0,10,0
2020-03-14,San Francisco,075,870044,188,29,0,29,0
2020-03-14,San Joaquin,077,732212,54,6,3,9,0
2020-03-14,San Luis Obispo,079,281455,40,0,0,0,0
2020-03-14,San Mateo,081,765935,212,27,1,28,0
2020-03-14,Santa Barbara,083,443738,37,0,0,0,0
2020-03-14,Santa Clara,085,1922200,530,62,1,63,2
2020-03-14,Santa Cruz,087,273765,33,8,0,8,0
2020-03-14,Shasta,089,179085,5,1,0,1,0
2020-03-14,Sierra,091,2930,0,0,0,0,0
2020-03-14,Siskiyou,093,43540,1,0,0,0,0
2020-03-14,Solano,095,438530,40,26,0,26,0
2020-03-14,Sonoma,097,501317,40,2,0,2,0
2020-03-14,Stanislaus,099,539301,22,2,2,4,0
2020-03-14,Sutter,101,95872,2,0,0,0,0
2020-03-14,Tehama,103,63373,0,0,0,0,0
2020-03-14,Trinity,105,12862,0,0,0,0,0
2020-03-14,Tulare,107,460477,17,2,2,4,0
2020-03-14,Tuolumne,109,53932,1,0,0,0,0
2020-03-14,Ventura,111,848112,68,5,0,5,0
2020-03-14,Yolo,113,214977,15,2,0,2,0
2020-03-14,Yuba,115,75493,1,0,0,0,0
2020-03-13,Alameda,001,1643700,178,12,0,12,0
2020-03-13,Alpine,003,1148,0,0,0,0,0
2020-03-13,Amador,005,37829,1,0,0,0,0
2020-03-13,Butte,007,227075,0,0,0,0,0
2020-03-13,Calaveras,009,45235,2,2,0,2,0
2020-03-13,Colusa,011,21464,0,0,0,0,0
2020-03-13,Contra Costa,013,1133247,125,22,0,22,0
2020-03-13,Del Norte,015,27424,0,0,0,0,0
2020-03-13,El Dorado,017,186661,11,0,0,0,0
2020-03-13,Fresno,019,978130,20,1,1,2,0
2020-03-13,Glenn,021,27897,0,0,0,0,0
2020-03-13,Humboldt,023,135768,7,1,0,1,0
2020-03-13,Imperial,025,180216,9,2,0,2,0
2020-03-13,Inyo,027,18085,0,0,0,0,0
2020-03-13,Kern,029,883053,27,0,0,0,0
2020-03-13,Kings,031,150075,10,0,1,1,0
2020-03-13,Lake,033,64148,0,0,0,0,0
2020-03-13,Lassen,035,31185,1,0,0,0,0
2020-03-13,Los Angeles,037,10098052,1024,30,7,37,0
2020-03-13,Madera,039,155013,18,1,0,1,0
2020-03-13,Marin,041,260295,34,3,0,3,0
2020-03-13,Mariposa,043,17540,0,0,0,0,0
2020-03-13,Mendocino,045,87422,2,0,0,0,0
2020-03-13,Merced,047,269075,2,0,0,0,0
2020-03-13,Modoc,049,8938,0,0,0,0,0
2020-03-13,Mono,051,14174,3,0,0,0,0
2020-03-13,Monterey,053,433212,10,0,0,0,0
2020-03-13,Napa,055,140530,3,0,0,0,0
2020-03-13,Nevada,057,99092,7,0,1,1,0
2020-03-13,Orange,059,3164182,268,10,0,10,0
2020-03-13,Placer,061,380077,27,6,0,6,1
2020-03-13,Plumas,063,18699,0,0,0,0,0
2020-03-13,Riverside,065,2383286,133,5,4,9,0
2020-03-13,Sacramento,067,1510023,130,18,0,18,1
2020-03-13,San Benito,069,59416,6,2,0,2,0
2020-03-13,San Bernardino,071,2135413,96,0,0,0,0
2020-03-13,San Diego,073,3302833,313,8,0,8,0
2020-03-13,San Francisco,075,870044,174,28,0,28,0
2020-03-13,San Joaquin,077,732212,50,6,3,9,0
2020-03-13,San Luis Obispo,079,281455,33,0,0,0,0
2020-03-13,San Mateo,081,765935,191,24,1,25,0
2020-03-13,Santa Barbara,083,443738,33,0,0,0,0
2020-03-13,Santa Clara,085,1922200,468,59,1,60,1
2020-03-13,Santa Cruz,087,273765,32,7,0,7,0
2020-03-13,Shasta,089,179085,3,1,0,1,0
2020-03-13,Sierra,091,2930,0,0,0,0,0
2020-03-13,Siskiyou,093,43540,0,0,0,0,0
2020-03-13,Solano,095,438530,39,26,0,26,0
2020-03-13,Sonoma,097,501317,39,2,0,2,0
2020-03-13,Stanislaus,099,539301,17,2,2,4,0
2020-03-13,Sutter,101,95872,2,0,0,0,0
2020-03-13,Tehama,103,63373,0,0,0,0,0
2020-03-13,Trinity,105,12862,0,0,0,0,0
2020-03-13,Tulare,107,460477,14,2,2,4,0
2020-03-13,Tuolumne,109,53932,1,0,0,0,0
2020-03-13,Ventura,111,848112,54,5,0,5,0
2020-03-13,Yolo,113,214977,14,1,0,1,0
2020-03-13,Yuba,115,75493,1,0,0,0,0
2020-03-12,Alameda,001,1643700,152,9,0,9,0
2020-03-12,Alpine,003,1148,0,0,0,0,0
2020-03-12,Amador,005,37829,1,0,0,0,0
2020-03-12,Butte,007,227075,0,0,0,0,0
2020-03-12,Calaveras,009,45235,2,2,0,2,0
2020-03-12,Colusa,011,21464,0,0,0,0,0
2020-03-12,Contra Costa,013,1133247,108,18,0,18,0
2020-03-12,Del Norte,015,27424,0,0,0,0,0
2020-03-12,El Dorado,017,186661,9,0,0,0,0
2020-03-12,Fresno,019,978130,12,1,1,2,0
2020-03-12,Glenn,021,27897,0,0,0,0,0
2020-03-12,Humboldt,023,135768,6,1,0,1,0
2020-03-12,Imperial,025,180216,8,2,0,2,0
2020-03-12,Inyo,027,18085,0,0,0,0,0
2020-03-12,Kern,029,883053,18,0,0,0,0
2020-03-12,Kings,031,150075,7,0,1,1,0
2020-03-12,Lake,033,64148,0,0,0,0,0
2020-03-12,Lassen,035,31185,1,0,0,0,0
2020-03-12,Los Angeles,037,10098052,865,30,7,37,0
2020-03-12,Madera,039,155013,15,1,0,1,0
2020-03-12,Marin,041,260295,24,1,0,1,0
2020-03-12,Mariposa,043,17540,0,0,0,0,0
2020-03-12,Mendocino,045,87422,2,0,0,0,0
2020-03-12,Merced,047,269075,2,0,0,0,0
2020-03-12,Modoc,049,8938,0,0,0,0,0
2020-03-12,Mono,051,14174,3,0,0,0,0
2020-03-12,Monterey,053,433212,8,0,0,0,0
2020-03-12,Napa,055,140530,3,0,0,0,0
2020-03-12,Nevada,057,99092,4,0,1,1,0
2020-03-12,Orange,059,3164182,231,7,0,7,0
2020-03-12,Placer,061,380077,23,6,0,6,1
2020-03-12,Plumas,063,18699,0,0,0,0,0
2020-03-12,Riverside,065,2383286,107,5,2,7,0
2020-03-12,Sacramento,067,1510023,106,17,0,17,1
2020-03-12,San Benito,069,59416,5,2,0,2,0
2020-03-12,San Bernardino,071,2135413,80,0,0,0,0
2020-03-12,San Diego,073,3302833,258,9,0,9,0
2020-03-12,San Francisco,075,870044,149,20,0,20,0
2020-03-12,San Joaquin,077,732212,44,3,3,6,1
2020-03-12,San Luis Obispo,079,281455,26,0,0,0,0
2020-03-12,San Mateo,081,765935,157,21,1,22,0
2020-03-12,Santa Barbara,083,443738,22,0,0,0,0
2020-03-12,Santa Clara,085,1922200,410,51,1,52,1
2020-03-12,Santa Cruz,087,273765,29,5,0,5,0
2020-03-12,Shasta,089,179085,2,1,0,1,0
2020-03-12,Sierra,091,2930,0,0,0,0,0
2020-03-12,Siskiyou,093,43540,0,0,0,0,0
2020-03-12,Solano,095,438530,34,26,0,26,0
2020-03-12,Sonoma,097,501317,34,2,0,2,0
2020-03-12,Stanislaus,099,539301,15,2,2,4,0
2020-03-12,Sutter,101,95872,0,0,0,0,0
2020-03-12,Tehama,103,63373,0,0,0,0,0
2020-03-12,Trinity,105,12862,0,0,0,0,0
2020-03-12,Tulare,107,460477,12,1,1,2,0
2020-03-12,Tuolumne,109,53932,1,0,0,0,0
2020-03-12,Ventura,111,848112,45,3,0,3,0
2020-03-12,Yolo,113,214977,13,1,0,1,0
2020-03-12,Yuba,115,75493,1,0,0,0,0
2020-03-11,Alameda,001,1643700,120,5,0,5,0
2020-03-11,Alpine,003,1148,0,0,0,0,0
2020-03-11,Amador,005,37829,1,0,0,0,0
2020-03-11,Butte,007,227075,0,0,0,0,0
2020-03-11,Calaveras,009,45235,2,2,0,2,0
2020-03-11,Colusa,011,21464,0,0,0,0,0
2020-03-11,Contra Costa,013,1133247,93,16,0,16,0
2020-03-11,Del Norte,015,27424,0,0,0,0,0
2020-03-11,El Dorado,017,186661,8,0,0,0,0
2020-03-11,Fresno,019,978130,9,1,1,2,0
2020-03-11,Glenn,021,27897,0,0,0,0,0
2020-03-11,Humboldt,023,135768,6,1,0,1,0
2020-03-11,Imperial,025,180216,6,0,0,0,0
2020-03-11,Inyo,027,18085,0,0,0,0,0
2020-03-11,Kern,029,883053,16,0,0,0,0
2020-03-11,Kings,031,150075,5,0,1,1,0
2020-03-11,Lake,033,64148,0,0,0,0,0
2020-03-11,Lassen,035,31185,1,0,0,0,0
2020-03-11,Los Angeles,037,10098052,697,21,7,28,0
2020-03-11,Madera,039,155013,12,1,0,1,0
2020-03-11,Marin,041,260295,17,1,0,1,0
2020-03-11,Mariposa,043,17540,0,0,0,0,0
2020-03-11,Mendocino,045,87422,1,0,0,0,0
2020-03-11,Merced,047,269075,2,0,0,0,0
2020-03-11,Modoc,049,8938,0,0,0,0,0
2020-03-11,Mono,051,14174,3,0,0,0,0
2020-03-11,Monterey,053,433212,7,0,0,0,0
2020-03-11,Napa,055,140530,2,0,0,0,0
2020-03-11,Nevada,057,99092,4,0,1,1,0
2020-03-11,Orange,059,3164182,202,6,0,6,0
2020-03-11,Placer,061,380077,18,6,0,6,1
2020-03-11,Plumas,063,18699,0,0,0,0,0
2020-03-11,Riverside,065,2383286,81,4,1,5,0
2020-03-11,Sacramento,067,1510023,88,9,0,9,1
2020-03-11,San Benito,069,59416,5,2,0,2,0
2020-03-11,San Bernardino,071,2135413,73,0,0,0,0
2020-03-11,San Diego,073,3302833,208,4,0,4,0
2020-03-11,San Francisco,075,870044,124,17,0,17,0
2020-03-11,San Joaquin,077,732212,33,1,3,4,0
2020-03-11,San Luis Obispo,079,281455,23,0,0,0,0
2020-03-11,San Mateo,081,765935,139,16,0,16,0
2020-03-11,Santa Barbara,083,443738,13,0,0,0,0
2020-03-11,Santa Clara,085,1922200,370,48,1,49,1
2020-03-11,Santa Cruz,087,273765,26,2,0,2,0
2020-03-11,Shasta,089,179085,2,1,0,1,0
2020-03-11,Sierra,091,2930,0,0,0,0,0
2020-03-11,Siskiyou,093,43540,0,0,0,0,0
2020-03-11,Solano,095,438530,29,26,0,26,0
2020-03-11,Sonoma,097,501317,30,2,0,2,0
2020-03-11,Stanislaus,099,539301,15,2,2,4,0
2020-03-11,Sutter,101,95872,0,0,0,0,0
2020-03-11,Tehama,103,63373,0,0,0,0,0
2020-03-11,Trinity,105,12862,0,0,0,0,0
2020-03-11,Tulare,107,460477,10,0,1,1,0
2020-03-11,Tuolumne,109,53932,1,0,0,0,0
2020-03-11,Ventura,111,848112,37,3,0,3,0
2020-03-11,Yolo,113,214977,9,1,0,1,0
2020-03-11,Yuba,115,75493,1,0,0,0,0
2020-03-10,Alameda,001,1643700,99,4,0,4,0
2020-03-10,Alpine,003,1148,0,0,0,0,0
2020-03-10,Amador,005,37829,1,0,0,0,0
2020-03-10,Butte,007,227075,0,0,0,0,0
2020-03-10,Calaveras,009,45235,2,2,0,2,0
2020-03-10,Colusa,011,21464,0,0,0,0,0
2020-03-10,Contra Costa,013,1133247,84,11,0,11,0
2020-03-10,Del Norte,015,27424,0,0,0,0,0
2020-03-10,El Dorado,017,186661,7,0,0,0,0
2020-03-10,Fresno,019,978130,7,1,1,2,0
2020-03-10,Glenn,021,27897,0,0,0,0,0
2020-03-10,Humboldt,023,135768,6,1,0,1,0
2020-03-10,Imperial,025,180216,5,0,0,0,0
2020-03-10,Inyo,027,18085,0,0,0,0,0
2020-03-10,Kern,029,883053,11,0,0,0,0
2020-03-10,Kings,031,150075,5,0,1,1,0
2020-03-10,Lake,033,64148,0,0,0,0,0
2020-03-10,Lassen,035,31185,1,0,0,0,0
2020-03-10,Los Angeles,037,10098052,561,20,7,27,0
2020-03-10,Madera,039,155013,7,1,0,1,0
2020-03-10,Marin,041,260295,16,1,0,1,0
2020-03-10,Mariposa,043,17540,0,0,0,0,0
2020-03-10,Mendocino,045,87422,0,0,0,0,0
2020-03-10,Merced,047,269075,2,0,0,0,0
2020-03-10,Modoc,049,8938,0,0,0,0,0
2020-03-10,Mono,051,14174,3,0,0,0,0
2020-03-10,Monterey,053,433212,5,0,0,0,0
2020-03-10,Napa,055,140530,2,0,0,0,0
2020-03-10,Nevada,057,99092,3,0,1,1,0
2020-03-10,Orange,059,3164182,182,5,0,5,1
2020-03-10,Placer,061,380077,14,7,0,7,1
2020-03-10,Plumas,063,18699,0,0,0,0,0
2020-03-10,Riverside,065,2383286,59,4,1,5,0
2020-03-10,Sacramento,067,1510023,79,8,0,8,0
2020-03-10,San Benito,069,59416,5,2,0,2,0
2020-03-10,San Bernardino,071,2135413,65,0,0,0,0
2020-03-10,San Diego,073,3302833,165,3,0,3,0
2020-03-10,San Francisco,075,870044,92,16,0,16,0
2020-03-10,San Joaquin,077,732212,30,1,3,4,0
2020-03-10,San Luis Obispo,079,281455,15,0,0,0,0
2020-03-10,San Mateo,081,765935,123,11,0,11,0
2020-03-10,Santa Barbara,083,443738,10,0,0,0,0
2020-03-10,Santa Clara,085,1922200,322,45,1,46,1
2020-03-10,Santa Cruz,087,273765,22,2,0,2,0
2020-03-10,Shasta,089,179085,2,1,0,1,0
2020-03-10,Sierra,091,2930,0,0,0,0,0
2020-03-10,Siskiyou,093,43540,0,0,0,0,0
2020-03-10,Solano,095,438530,27,26,0,26,0
2020-03-10,Sonoma,097,501317,27,2,0,2,0
2020-03-10,Stanislaus,099,539301,11,0,2,2,0
2020-03-10,Sutter,101,95872,0,0,0,0,0
2020-03-10,Tehama,103,63373,0,0,0,0,0
2020-03-10,Trinity,105,12862,0,0,0,0,0
2020-03-10,Tulare,107,460477,9,0,1,1,0
2020-03-10,Tuolumne,109,53932,1,0,0,0,0
2020-03-10,Ventura,111,848112,29,1,0,1,0
2020-03-10,Yolo,113,214977,6,2,0,2,0
2020-03-10,Yuba,115,75493,1,0,0,0,0
2020-03-09,Alameda,001,1643700,71,4,0,4,0
2020-03-09,Alpine,003,1148,0,0,0,0,0
2020-03-09,Amador,005,37829,0,0,0,0,0
2020-03-09,Butte,007,227075,0,0,0,0,0
2020-03-09,Calaveras,009,45235,2,0,0,0,0
2020-03-09,Colusa,011,21464,0,0,0,0,0
2020-03-09,Contra Costa,013,1133247,72,9,0,9,0
2020-03-09,Del Norte,015,27424,0,0,0,0,0
2020-03-09,El Dorado,017,186661,5,0,0,0,0
2020-03-09,Fresno,019,978130,7,1,1,2,0
2020-03-09,Glenn,021,27897,0,0,0,0,0
2020-03-09,Humboldt,023,135768,5,1,0,1,0
2020-03-09,Imperial,025,180216,5,0,0,0,0
2020-03-09,Inyo,027,18085,0,0,0,0,0
2020-03-09,Kern,029,883053,8,0,0,0,0
2020-03-09,Kings,031,150075,4,0,1,1,0
2020-03-09,Lake,033,64148,0,0,0,0,0
2020-03-09,Lassen,035,31185,1,0,0,0,0
2020-03-09,Los Angeles,037,10098052,459,17,6,23,0
2020-03-09,Madera,039,155013,7,1,0,1,0
2020-03-09,Marin,041,260295,15,1,0,1,0
2020-03-09,Mariposa,043,17540,0,0,0,0,0
2020-03-09,Mendocino,045,87422,0,0,0,0,0
2020-03-09,Merced,047,269075,2,0,0,0,0
2020-03-09,Modoc,049,8938,0,0,0,0,0
2020-03-09,Mono,051,14174,3,0,0,0,0
2020-03-09,Monterey,053,433212,3,0,0,0,0
2020-03-09,Napa,055,140530,2,0,0,0,0
2020-03-09,Nevada,057,99092,2,0,1,1,0
2020-03-09,Orange,059,3164182,154,4,0,4,0
2020-03-09,Placer,061,380077,12,7,0,7,1
2020-03-09,Plumas,063,18699,0,0,0,0,0
2020-03-09,Riverside,065,2383286,49,4,1,5,0
2020-03-09,Sacramento,067,1510023,75,8,0,8,0
2020-03-09,San Benito,069,59416,3,2,0,2,0
2020-03-09,San Bernardino,071,2135413,54,0,0,0,0
2020-03-09,San Diego,073,3302833,126,2,0,2,0
2020-03-09,San Francisco,075,870044,72,14,0,14,0
2020-03-09,San Joaquin,077,732212,21,0,3,3,0
2020-03-09,San Luis Obispo,079,281455,15,0,0,0,0
2020-03-09,San Mateo,081,765935,109,6,0,6,0
2020-03-09,Santa Barbara,083,443738,8,0,0,0,0
2020-03-09,Santa Clara,085,1922200,278,42,1,43,1
2020-03-09,Santa Cruz,087,273765,19,2,0,2,0
2020-03-09,Shasta,089,179085,2,1,0,1,0
2020-03-09,Sierra,091,2930,0,0,0,0,0
2020-03-09,Siskiyou,093,43540,0,0,0,0,0
2020-03-09,Solano,095,438530,25,26,0,26,0
2020-03-09,Sonoma,097,501317,22,2,0,2,0
2020-03-09,Stanislaus,099,539301,11,0,2,2,0
2020-03-09,Sutter,101,95872,0,0,0,0,0
2020-03-09,Tehama,103,63373,0,0,0,0,0
2020-03-09,Trinity,105,12862,0,0,0,0,0
2020-03-09,Tulare,107,460477,9,0,1,1,0
2020-03-09,Tuolumne,109,53932,1,0,0,0,0
2020-03-09,Ventura,111,848112,25,1,0,1,0
2020-03-09,Yolo,113,214977,5,2,0,2,0
2020-03-09,Yuba,115,75493,0,0,0,0,0
2020-03-08,Alameda,001,1643700,46,4,0,4,0
2020-03-08,Alpine,003,1148,0,0,0,0,0
2020-03-08,Amador,005,37829,0,0,0,0,0
2020-03-08,Butte,007,227075,0,0,0,0,0
2020-03-08,Calaveras,009,45235,2,0,0,0,0
2020-03-08,Colusa,011,21464,0,0,0,0,0
2020-03-08,Contra Costa,013,1133247,58,9,0,9,0
2020-03-08,Del Norte,015,27424,0,0,0,0,0
2020-03-08,El Dorado,017,186661,5,0,0,0,0
2020-03-08,Fresno,019,978130,5,1,1,2,0
2020-03-08,Glenn,021,27897,0,0,0,0,0
2020-03-08,Humboldt,023,135768,5,1,0,1,0
2020-03-08,Imperial,025,180216,5,0,0,0,0
2020-03-08,Inyo,027,18085,0,0,0,0,0
2020-03-08,Kern,029,883053,8,0,0,0,0
2020-03-08,Kings,031,150075,3,0,1,1,0
2020-03-08,Lake,033,64148,0,0,0,0,0
2020-03-08,Lassen,035,31185,0,0,0,0,0
2020-03-08,Los Angeles,037,10098052,366,14,6,20,0
2020-03-08,Madera,039,155013,7,1,0,1,0
2020-03-08,Marin,041,260295,13,1,0,1,0
2020-03-08,Mariposa,043,17540,0,0,0,0,0
2020-03-08,Mendocino,045,87422,0,0,0,0,0
2020-03-08,Merced,047,269075,2,0,0,0,0
2020-03-08,Modoc,049,8938,0,0,0,0,0
2020-03-08,Mono,051,14174,3,0,0,0,0
2020-03-08,Monterey,053,433212,3,0,0,0,0
2020-03-08,Napa,055,140530,2,0,0,0,0
2020-03-08,Nevada,057,99092,1,0,1,1,0
2020-03-08,Orange,059,3164182,129,4,0,4,0
2020-03-08,Placer,061,380077,11,7,0,7,1
2020-03-08,Plumas,063,18699,0,0,0,0,0
2020-03-08,Riverside,065,2383286,41,1,1,2,0
2020-03-08,Sacramento,067,1510023,65,5,0,5,0
2020-03-08,San Benito,069,59416,3,2,0,2,0
2020-03-08,San Bernardino,071,2135413,43,0,0,0,0
2020-03-08,San Diego,073,3302833,92,2,0,2,0
2020-03-08,San Francisco,075,870044,53,9,0,9,0
2020-03-08,San Joaquin,077,732212,18,0,3,3,0
2020-03-08,San Luis Obispo,079,281455,9,0,0,0,0
2020-03-08,San Mateo,081,765935,96,4,0,4,0
2020-03-08,Santa Barbara,083,443738,5,0,0,0,0
2020-03-08,Santa Clara,085,1922200,236,36,1,37,0
2020-03-08,Santa Cruz,087,273765,17,1,0,1,0
2020-03-08,Shasta,089,179085,2,0,0,0,0
2020-03-08,Sierra,091,2930,0,0,0,0,0
2020-03-08,Siskiyou,093,43540,0,0,0,0,0
2020-03-08,Solano,095,438530,24,26,0,26,0
2020-03-08,Sonoma,097,501317,17,2,0,2,0
2020-03-08,Stanislaus,099,539301,10,0,2,2,0
2020-03-08,Sutter,101,95872,0,0,0,0,0
2020-03-08,Tehama,103,63373,0,0,0,0,0
2020-03-08,Trinity,105,12862,0,0,0,0,0
2020-03-08,Tulare,107,460477,9,0,0,0,0
2020-03-08,Tuolumne,109,53932,1,0,0,0,0
2020-03-08,Ventura,111,848112,21,1,0,1,0
2020-03-08,Yolo,113,214977,2,2,0,2,0
2020-03-08,Yuba,115,75493,0,0,0,0,0
2020-03-07,Alameda,001,1643700,41,3,0,3,0
2020-03-07,Alpine,003,1148,0,0,0,0,0
2020-03-07,Amador,005,37829,0,0,0,0,0
2020-03-07,Butte,007,227075,0,0,0,0,0
2020-03-07,Calaveras,009,45235,2,0,0,0,0
2020-03-07,Colusa,011,21464,0,0,0,0,0
2020-03-07,Contra Costa,013,1133247,55,4,0,4,0
2020-03-07,Del Norte,015,27424,0,0,0,0,0
2020-03-07,El Dorado,017,186661,4,0,0,0,0
2020-03-07,Fresno,019,978130,4,1,1,2,0
2020-03-07,Glenn,021,27897,0,0,0,0,0
2020-03-07,Humboldt,023,135768,5,1,0,1,0
2020-03-07,Imperial,025,180216,4,0,0,0,0
2020-03-07,Inyo,027,18085,0,0,0,0,0
2020-03-07,Kern,029,883053,7,0,0,0,0
2020-03-07,Kings,031,150075,3,0,1,1,0
2020-03-07,Lake,033,64148,0,0,0,0,0
2020-03-07,Lassen,035,31185,0,0,0,0,0
2020-03-07,Los Angeles,037,10098052,316,14,6,20,0
2020-03-07,Madera,039,155013,6,1,0,1,0
2020-03-07,Marin,041,260295,11,0,0,0,0
2020-03-07,Mariposa,043,17540,0,0,0,0,0
2020-03-07,Mendocino,045,87422,0,0,0,0,0
2020-03-07,Merced,047,269075,2,0,0,0,0
2020-03-07,Modoc,049,8938,0,0,0,0,0
2020-03-07,Mono,051,14174,3,0,0,0,0
2020-03-07,Monterey,053,433212,3,0,0,0,0
2020-03-07,Napa,055,140530,1,0,0,0,0
2020-03-07,Nevada,057,99092,1,0,1,1,0
2020-03-07,Orange,059,3164182,121,4,0,4,0
2020-03-07,Placer,061,380077,11,6,0,6,1
2020-03-07,Plumas,063,18699,0,0,0,0,0
2020-03-07,Riverside,065,2383286,31,0,1,1,0
2020-03-07,Sacramento,067,1510023,52,4,0,4,0
2020-03-07,San Benito,069,59416,3,2,0,2,0
2020-03-07,San Bernardino,071,2135413,41,0,0,0,0
2020-03-07,San Diego,073,3302833,74,2,0,2,0
2020-03-07,San Francisco,075,870044,47,9,0,9,0
2020-03-07,San Joaquin,077,732212,16,0,3,3,0
2020-03-07,San Luis Obispo,079,281455,6,0,0,0,0
2020-03-07,San Mateo,081,765935,86,1,0,1,0
2020-03-07,Santa Barbara,083,443738,5,0,0,0,0
2020-03-07,Santa Clara,085,1922200,206,31,1,32,0
2020-03-07,Santa Cruz,087,273765,17,1,0,1,0
2020-03-07,Shasta,089,179085,2,0,0,0,0
2020-03-07,Sierra,091,2930,0,0,0,0,0
2020-03-07,Siskiyou,093,43540,0,0,0,0,0
2020-03-07,Solano,095,438530,23,25,0,25,0
2020-03-07,Sonoma,097,501317,13,2,0,2,0
2020-03-07,Stanislaus,099,539301,9,0,2,2,0
2020-03-07,Sutter,101,95872,0,0,0,0,0
2020-03-07,Tehama,103,63373,0,0,0,0,0
2020-03-07,Trinity,105,12862,0,0,0,0,0
2020-03-07,Tulare,107,460477,6,0,0,0,0
2020-03-07,Tuolumne,109,53932,1,0,0,0,0
2020-03-07,Ventura,111,848112,18,1,0,1,0
2020-03-07,Yolo,113,214977,2,2,0,2,0
2020-03-07,Yuba,115,75493,0,0,0,0,0
2020-03-06,Alameda,001,1643700,39,3,0,3,0
2020-03-06,Alpine,003,1148,0,0,0,0,0
2020-03-06,Amador,005,37829,0,0,0,0,0
2020-03-06,Butte,007,227075,0,0,0,0,0
2020-03-06,Calaveras,009,45235,2,0,0,0,0
2020-03-06,Colusa,011,21464,0,0,0,0,0
2020-03-06,Contra Costa,013,1133247,46,4,0,4,0
2020-03-06,Del Norte,015,27424,0,0,0,0,0
2020-03-06,El Dorado,017,186661,3,0,0,0,0
2020-03-06,Fresno,019,978130,3,0,1,1,0
2020-03-06,Glenn,021,27897,0,0,0,0,0
2020-03-06,Humboldt,023,135768,4,1,0,1,0
2020-03-06,Imperial,025,180216,3,0,0,0,0
2020-03-06,Inyo,027,18085,0,0,0,0,0
2020-03-06,Kern,029,883053,6,0,0,0,0
2020-03-06,Kings,031,150075,3,0,1,1,0
2020-03-06,Lake,033,64148,0,0,0,0,0
2020-03-06,Lassen,035,31185,0,0,0,0,0
2020-03-06,Los Angeles,037,10098052,273,13,6,19,0
2020-03-06,Madera,039,155013,5,0,0,0,0
2020-03-06,Marin,041,260295,10,0,0,0,0
2020-03-06,Mariposa,043,17540,0,0,0,0,0
2020-03-06,Mendocino,045,87422,0,0,0,0,0
2020-03-06,Merced,047,269075,2,0,0,0,0
2020-03-06,Modoc,049,8938,0,0,0,0,0
2020-03-06,Mono,051,14174,1,0,0,0,0
2020-03-06,Monterey,053,433212,3,0,0,0,0
2020-03-06,Napa,055,140530,1,0,0,0,0
2020-03-06,Nevada,057,99092,1,0,1,1,0
2020-03-06,Orange,059,3164182,95,4,0,4,0
2020-03-06,Placer,061,380077,10,5,0,5,1
2020-03-06,Plumas,063,18699,0,0,0,0,0
2020-03-06,Riverside,065,2383286,30,0,1,1,0
2020-03-06,Sacramento,067,1510023,43,2,0,2,0
2020-03-06,San Benito,069,59416,3,2,0,2,0
2020-03-06,San Bernardino,071,2135413,39,0,0,0,0
2020-03-06,San Diego,073,3302833,61,2,0,2,0
2020-03-06,San Francisco,075,870044,41,2,0,2,0
2020-03-06,San Joaquin,077,732212,13,0,3,3,0
2020-03-06,San Luis Obispo,079,281455,4,0,0,0,0
2020-03-06,San Mateo,081,765935,78,1,0,1,0
2020-03-06,Santa Barbara,083,443738,3,0,0,0,0
2020-03-06,Santa Clara,085,1922200,188,20,1,21,0
2020-03-06,Santa Cruz,087,273765,15,0,0,0,0
2020-03-06,Shasta,089,179085,2,0,0,0,0
2020-03-06,Sierra,091,2930,0,0,0,0,0
2020-03-06,Siskiyou,093,43540,0,0,0,0,0
2020-03-06,Solano,095,438530,22,25,0,25,0
2020-03-06,Sonoma,097,501317,13,2,0,2,0
2020-03-06,Stanislaus,099,539301,5,0,2,2,0
2020-03-06,Sutter,101,95872,0,0,0,0,0
2020-03-06,Tehama,103,63373,0,0,0,0,0
2020-03-06,Trinity,105,12862,0,0,0,0,0
2020-03-06,Tulare,107,460477,6,0,0,0,0
2020-03-06,Tuolumne,109,53932,1,0,0,0,0
2020-03-06,Ventura,111,848112,15,1,0,1,0
2020-03-06,Yolo,113,214977,2,1,0,1,0
2020-03-06,Yuba,115,75493,0,0,0,0,0
2020-03-05,Alameda,001,1643700,34,2,0,2,0
2020-03-05,Alpine,003,1148,0,0,0,0,0
2020-03-05,Amador,005,37829,0,0,0,0,0
2020-03-05,Butte,007,227075,0,0,0,0,0
2020-03-05,Calaveras,009,45235,2,0,0,0,0
2020-03-05,Colusa,011,21464,0,0,0,0,0
2020-03-05,Contra Costa,013,1133247,39,1,0,1,0
2020-03-05,Del Norte,015,27424,0,0,0,0,0
2020-03-05,El Dorado,017,186661,1,0,0,0,0
2020-03-05,Fresno,019,978130,3,0,1,1,0
2020-03-05,Glenn,021,27897,0,0,0,0,0
2020-03-05,Humboldt,023,135768,4,1,0,1,0
2020-03-05,Imperial,025,180216,2,0,0,0,0
2020-03-05,Inyo,027,18085,0,0,0,0,0
2020-03-05,Kern,029,883053,6,0,0,0,0
2020-03-05,Kings,031,150075,3,0,1,1,0
2020-03-05,Lake,033,64148,0,0,0,0,0
2020-03-05,Lassen,035,31185,0,0,0,0,0
2020-03-05,Los Angeles,037,10098052,226,11,6,17,0
2020-03-05,Madera,039,155013,5,0,0,0,0
2020-03-05,Marin,041,260295,10,0,0,0,0
2020-03-05,Mariposa,043,17540,0,0,0,0,0
2020-03-05,Mendocino,045,87422,0,0,0,0,0
2020-03-05,Merced,047,269075,2,0,0,0,0
2020-03-05,Modoc,049,8938,0,0,0,0,0
2020-03-05,Mono,051,14174,1,0,0,0,0
2020-03-05,Monterey,053,433212,3,0,0,0,0
2020-03-05,Napa,055,140530,1,0,0,0,0
2020-03-05,Nevada,057,99092,0,0,1,1,0
2020-03-05,Orange,059,3164182,80,3,0,3,0
2020-03-05,Placer,061,380077,10,2,0,2,1
2020-03-05,Plumas,063,18699,0,0,0,0,0
2020-03-05,Riverside,065,2383286,27,0,1,1,0
2020-03-05,Sacramento,067,1510023,37,2,0,2,0
2020-03-05,San Benito,069,59416,1,2,0,2,0
2020-03-05,San Bernardino,071,2135413,34,0,0,0,0
2020-03-05,San Diego,073,3302833,54,2,0,2,0
2020-03-05,San Francisco,075,870044,31,2,0,2,0
2020-03-05,San Joaquin,077,732212,10,0,3,3,0
2020-03-05,San Luis Obispo,079,281455,4,0,0,0,0
2020-03-05,San Mateo,081,765935,65,1,0,1,0
2020-03-05,Santa Barbara,083,443738,2,0,0,0,0
2020-03-05,Santa Clara,085,1922200,164,14,1,15,0
2020-03-05,Santa Cruz,087,273765,13,0,0,0,0
2020-03-05,Shasta,089,179085,2,0,0,0,0
2020-03-05,Sierra,091,2930,0,0,0,0,0
2020-03-05,Siskiyou,093,43540,0,0,0,0,0
2020-03-05,Solano,095,438530,22,24,0,24,0
2020-03-05,Sonoma,097,501317,12,2,0,2,0
2020-03-05,Stanislaus,099,539301,4,0,2,2,0
2020-03-05,Sutter,101,95872,0,0,0,0,0
2020-03-05,Tehama,103,63373,0,0,0,0,0
2020-03-05,Trinity,105,12862,0,0,0,0,0
2020-03-05,Tulare,107,460477,6,0,0,0,0
2020-03-05,Tuolumne,109,53932,1,0,0,0,0
2020-03-05,Ventura,111,848112,13,0,0,0,0
2020-03-05,Yolo,113,214977,2,0,0,0,0
2020-03-05,Yuba,115,75493,0,0,0,0,0
2020-03-04,Alameda,001,1643700,30,2,0,2,0
2020-03-04,Alpine,003,1148,0,0,0,0,0
2020-03-04,Amador,005,37829,0,0,0,0,0
2020-03-04,Butte,007,227075,0,0,0,0,0
2020-03-04,Calaveras,009,45235,0,0,0,0,0
2020-03-04,Colusa,011,21464,0,0,0,0,0
2020-03-04,Contra Costa,013,1133247,34,1,0,1,0
2020-03-04,Del Norte,015,27424,0,0,0,0,0
2020-03-04,El Dorado,017,186661,1,0,0,0,0
2020-03-04,Fresno,019,978130,3,0,1,1,0
2020-03-04,Glenn,021,27897,0,0,0,0,0
2020-03-04,Humboldt,023,135768,1,1,0,1,0
2020-03-04,Imperial,025,180216,2,0,0,0,0
2020-03-04,Inyo,027,18085,0,0,0,0,0
2020-03-04,Kern,029,883053,6,0,0,0,0
2020-03-04,Kings,031,150075,3,0,1,1,0
2020-03-04,Lake,033,64148,0,0,0,0,0
2020-03-04,Lassen,035,31185,0,0,0,0,0
2020-03-04,Los Angeles,037,10098052,191,7,6,13,0
2020-03-04,Madera,039,155013,5,0,0,0,0
2020-03-04,Marin,041,260295,10,0,0,0,0
2020-03-04,Mariposa,043,17540,0,0,0,0,0
2020-03-04,Mendocino,045,87422,0,0,0,0,0
2020-03-04,Merced,047,269075,2,0,0,0,0
2020-03-04,Modoc,049,8938,0,0,0,0,0
2020-03-04,Mono,051,14174,1,0,0,0,0
2020-03-04,Monterey,053,433212,3,0,0,0,0
2020-03-04,Napa,055,140530,1,0,0,0,0
2020-03-04,Nevada,057,99092,0,0,1,1,0
2020-03-04,Orange,059,3164182,77,3,0,3,0
2020-03-04,Placer,061,380077,9,2,0,2,1
2020-03-04,Plumas,063,18699,0,0,0,0,0
2020-03-04,Riverside,065,2383286,23,0,1,1,0
2020-03-04,Sacramento,067,1510023,32,1,0,1,0
2020-03-04,San Benito,069,59416,1,2,0,2,0
2020-03-04,San Bernardino,071,2135413,31,0,0,0,0
2020-03-04,San Diego,073,3302833,41,2,0,2,0
2020-03-04,San Francisco,075,870044,26,0,0,0,0
2020-03-04,San Joaquin,077,732212,9,0,3,3,0
2020-03-04,San Luis Obispo,079,281455,4,0,0,0,0
2020-03-04,San Mateo,081,765935,60,1,0,1,0
2020-03-04,Santa Barbara,083,443738,2,0,0,0,0
2020-03-04,Santa Clara,085,1922200,147,12,1,13,0
2020-03-04,Santa Cruz,087,273765,13,0,0,0,0
2020-03-04,Shasta,089,179085,2,0,0,0,0
2020-03-04,Sierra,091,2930,0,0,0,0,0
2020-03-04,Siskiyou,093,43540,0,0,0,0,0
2020-03-04,Solano,095,438530,21,24,0,24,0
2020-03-04,Sonoma,097,501317,11,2,0,2,0
2020-03-04,Stanislaus,099,539301,4,0,2,2,0
2020-03-04,Sutter,101,95872,0,0,0,0,0
2020-03-04,Tehama,103,63373,0,0,0,0,0
2020-03-04,Trinity,105,12862,0,0,0,0,0
2020-03-04,Tulare,107,460477,6,0,0,0,0
2020-03-04,Tuolumne,109,53932,0,0,0,0,0
2020-03-04,Ventura,111,848112,12,0,0,0,0
2020-03-04,Yolo,113,214977,2,0,0,0,0
2020-03-04,Yuba,115,75493,0,0,0,0,0
2020-03-03,Alameda,001,1643700,24,2,0,2,0
2020-03-03,Alpine,003,1148,0,0,0,0,0
2020-03-03,Amador,005,37829,0,0,0,0,0
2020-03-03,Butte,007,227075,0,0,0,0,0
2020-03-03,Calaveras,009,45235,0,0,0,0,0
2020-03-03,Colusa,011,21464,0,0,0,0,0
2020-03-03,Contra Costa,013,1133247,30,0,0,0,0
2020-03-03,Del Norte,015,27424,0,0,0,0,0
2020-03-03,El Dorado,017,186661,1,0,0,0,0
2020-03-03,Fresno,019,978130,2,0,1,1,0
2020-03-03,Glenn,021,27897,0,0,0,0,0
2020-03-03,Humboldt,023,135768,1,1,0,1,0
2020-03-03,Imperial,025,180216,2,0,0,0,0
2020-03-03,Inyo,027,18085,0,0,0,0,0
2020-03-03,Kern,029,883053,4,0,0,0,0
2020-03-03,Kings,031,150075,3,0,1,1,0
2020-03-03,Lake,033,64148,0,0,0,0,0
2020-03-03,Lassen,035,31185,0,0,0,0,0
2020-03-03,Los Angeles,037,10098052,172,5,6,11,0
2020-03-03,Madera,039,155013,4,0,0,0,0
2020-03-03,Marin,041,260295,6,0,0,0,0
2020-03-03,Mariposa,043,17540,0,0,0,0,0
2020-03-03,Mendocino,045,87422,0,0,0,0,0
2020-03-03,Merced,047,269075,2,0,0,0,0
2020-03-03,Modoc,049,8938,0,0,0,0,0
2020-03-03,Mono,051,14174,1,0,0,0,0
2020-03-03,Monterey,053,433212,2,0,0,0,0
2020-03-03,Napa,055,140530,1,0,0,0,0
2020-03-03,Nevada,057,99092,0,0,1,1,0
2020-03-03,Orange,059,3164182,69,1,0,1,0
2020-03-03,Placer,061,380077,8,2,0,2,0
2020-03-03,Plumas,063,18699,0,0,0,0,0
2020-03-03,Riverside,065,2383286,20,0,1,1,0
2020-03-03,Sacramento,067,1510023,31,1,0,1,0
2020-03-03,San Benito,069,59416,1,2,0,2,0
2020-03-03,San Bernardino,071,2135413,28,0,0,0,0
2020-03-03,San Diego,073,3302833,34,2,0,2,0
2020-03-03,San Francisco,075,870044,24,0,0,0,0
2020-03-03,San Joaquin,077,732212,8,0,3,3,0
2020-03-03,San Luis Obispo,079,281455,2,0,0,0,0
2020-03-03,San Mateo,081,765935,53,1,0,1,0
2020-03-03,Santa Barbara,083,443738,1,0,0,0,0
2020-03-03,Santa Clara,085,1922200,132,11,1,12,0
2020-03-03,Santa Cruz,087,273765,10,0,0,0,0
2020-03-03,Shasta,089,179085,2,0,0,0,0
2020-03-03,Sierra,091,2930,0,0,0,0,0
2020-03-03,Siskiyou,093,43540,0,0,0,0,0
2020-03-03,Solano,095,438530,20,24,0,24,0
2020-03-03,Sonoma,097,501317,11,1,0,1,0
2020-03-03,Stanislaus,099,539301,4,0,2,2,0
2020-03-03,Sutter,101,95872,0,0,0,0,0
2020-03-03,Tehama,103,63373,0,0,0,0,0
2020-03-03,Trinity,105,12862,0,0,0,0,0
2020-03-03,Tulare,107,460477,6,0,0,0,0
2020-03-03,Tuolumne,109,53932,0,0,0,0,0
2020-03-03,Ventura,111,848112,11,0,0,0,0
2020-03-03,Yolo,113,214977,1,0,0,0,0
2020-03-03,Yuba,115,75493,0,0,0,0,0
2020-03-02,Alameda,001,1643700,21,1,0,1,0
2020-03-02,Alpine,003,1148,0,0,0,0,0
2020-03-02,Amador,005,37829,0,0,0,0,0
2020-03-02,Butte,007,227075,0,0,0,0,0
2020-03-02,Calaveras,009,45235,0,0,0,0,0
2020-03-02,Colusa,011,21464,0,0,0,0,0
2020-03-02,Contra Costa,013,1133247,27,0,0,0,0
2020-03-02,Del Norte,015,27424,0,0,0,0,0
2020-03-02,El Dorado,017,186661,1,0,0,0,0
2020-03-02,Fresno,019,978130,2,0,1,1,0
2020-03-02,Glenn,021,27897,0,0,0,0,0
2020-03-02,Humboldt,023,135768,1,1,0,1,0
2020-03-02,Imperial,025,180216,2,0,0,0,0
2020-03-02,Inyo,027,18085,0,0,0,0,0
2020-03-02,Kern,029,883053,4,0,0,0,0
2020-03-02,Kings,031,150075,3,0,1,1,0
2020-03-02,Lake,033,64148,0,0,0,0,0
2020-03-02,Lassen,035,31185,0,0,0,0,0
2020-03-02,Los Angeles,037,10098052,157,1,6,7,0
2020-03-02,Madera,039,155013,4,0,0,0,0
2020-03-02,Marin,041,260295,6,0,0,0,0
2020-03-02,Mariposa,043,17540,0,0,0,0,0
2020-03-02,Mendocino,045,87422,0,0,0,0,0
2020-03-02,Merced,047,269075,1,0,0,0,0
2020-03-02,Modoc,049,8938,0,0,0,0,0
2020-03-02,Mono,051,14174,1,0,0,0,0
2020-03-02,Monterey,053,433212,2,0,0,0,0
2020-03-02,Napa,055,140530,1,0,0,0,0
2020-03-02,Nevada,057,99092,0,0,1,1,0
2020-03-02,Orange,059,3164182,64,1,0,1,0
2020-03-02,Placer,061,380077,8,1,0,1,0
2020-03-02,Plumas,063,18699,0,0,0,0,0
2020-03-02,Riverside,065,2383286,19,0,1,1,0
2020-03-02,Sacramento,067,1510023,25,1,0,1,0
2020-03-02,San Benito,069,59416,1,2,0,2,0
2020-03-02,San Bernardino,071,2135413,28,0,0,0,0
2020-03-02,San Diego,073,3302833,28,2,0,2,0
2020-03-02,San Francisco,075,870044,17,0,0,0,0
2020-03-02,San Joaquin,077,732212,7,0,3,3,0
2020-03-02,San Luis Obispo,079,281455,2,0,0,0,0
2020-03-02,San Mateo,081,765935,44,1,0,1,0
2020-03-02,Santa Barbara,083,443738,1,0,0,0,0
2020-03-02,Santa Clara,085,1922200,110,7,1,8,0
2020-03-02,Santa Cruz,087,273765,9,0,0,0,0
2020-03-02,Shasta,089,179085,2,0,0,0,0
2020-03-02,Sierra,091,2930,0,0,0,0,0
2020-03-02,Siskiyou,093,43540,0,0,0,0,0
2020-03-02,Solano,095,438530,19,24,0,24,0
2020-03-02,Sonoma,097,501317,10,1,0,1,0
2020-03-02,Stanislaus,099,539301,2,0,2,2,0
2020-03-02,Sutter,101,95872,0,0,0,0,0
2020-03-02,Tehama,103,63373,0,0,0,0,0
2020-03-02,Trinity,105,12862,0,0,0,0,0
2020-03-02,Tulare,107,460477,6,0,0,0,0
2020-03-02,Tuolumne,109,53932,0,0,0,0,0
2020-03-02,Ventura,111,848112,10,0,0,0,0
2020-03-02,Yolo,113,214977,1,0,0,0,0
2020-03-02,Yuba,115,75493,0,0,0,0,0
2020-03-01,Alameda,001,1643700,20,1,0,1,0
2020-03-01,Alpine,003,1148,0,0,0,0,0
2020-03-01,Amador,005,37829,0,0,0,0,0
2020-03-01,Butte,007,227075,0,0,0,0,0
2020-03-01,Calaveras,009,45235,0,0,0,0,0
2020-03-01,Colusa,011,21464,0,0,0,0,0
2020-03-01,Contra Costa,013,1133247,24,0,0,0,0
2020-03-01,Del Norte,015,27424,0,0,0,0,0
2020-03-01,El Dorado,017,186661,1,0,0,0,0
2020-03-01,Fresno,019,978130,1,0,1,1,0
2020-03-01,Glenn,021,27897,0,0,0,0,0
2020-03-01,Humboldt,023,135768,1,1,0,1,0
2020-03-01,Imperial,025,180216,2,0,0,0,0
2020-03-01,Inyo,027,18085,0,0,0,0,0
2020-03-01,Kern,029,883053,2,0,0,0,0
2020-03-01,Kings,031,150075,3,0,1,1,0
2020-03-01,Lake,033,64148,0,0,0,0,0
2020-03-01,Lassen,035,31185,0,0,0,0,0
2020-03-01,Los Angeles,037,10098052,138,1,6,7,0
2020-03-01,Madera,039,155013,2,0,0,0,0
2020-03-01,Marin,041,260295,5,0,0,0,0
2020-03-01,Mariposa,043,17540,0,0,0,0,0
2020-03-01,Mendocino,045,87422,0,0,0,0,0
2020-03-01,Merced,047,269075,1,0,0,0,0
2020-03-01,Modoc,049,8938,0,0,0,0,0
2020-03-01,Mono,051,14174,1,0,0,0,0
2020-03-01,Monterey,053,433212,1,0,0,0,0
2020-03-01,Napa,055,140530,1,0,0,0,0
2020-03-01,Nevada,057,99092,0,0,1,1,0
2020-03-01,Orange,059,3164182,61,1,0,1,0
2020-03-01,Placer,061,380077,8,0,0,0,0
2020-03-01,Plumas,063,18699,0,0,0,0,0
2020-03-01,Riverside,065,2383286,18,0,1,1,0
2020-03-01,Sacramento,067,1510023,21,1,0,1,0
2020-03-01,San Benito,069,59416,0,2,0,2,0
2020-03-01,San Bernardino,071,2135413,27,0,0,0,0
2020-03-01,San Diego,073,3302833,21,2,0,2,0
2020-03-01,San Francisco,075,870044,13,0,0,0,0
2020-03-01,San Joaquin,077,732212,7,0,3,3,0
2020-03-01,San Luis Obispo,079,281455,2,0,0,0,0
2020-03-01,San Mateo,081,765935,36,0,0,0,0
2020-03-01,Santa Barbara,083,443738,1,0,0,0,0
2020-03-01,Santa Clara,085,1922200,97,6,1,7,0
2020-03-01,Santa Cruz,087,273765,8,0,0,0,0
2020-03-01,Shasta,089,179085,2,0,0,0,0
2020-03-01,Sierra,091,2930,0,0,0,0,0
2020-03-01,Siskiyou,093,43540,0,0,0,0,0
2020-03-01,Solano,095,438530,19,24,0,24,0
2020-03-01,Sonoma,097,501317,9,0,0,0,0
2020-03-01,Stanislaus,099,539301,2,0,2,2,0
2020-03-01,Sutter,101,95872,0,0,0,0,0
2020-03-01,Tehama,103,63373,0,0,0,0,0
2020-03-01,Trinity,105,12862,0,0,0,0,0
2020-03-01,Tulare,107,460477,6,0,0,0,0
2020-03-01,Tuolumne,109,53932,0,0,0,0,0
2020-03-01,Ventura,111,848112,8,0,0,0,0
2020-03-01,Yolo,113,214977,1,0,0,0,0
2020-03-01,Yuba,115,75493,0,0,0,0,0
2020-02-29,Alameda,001,1643700,16,0,0,0,0
2020-02-29,Alpine,003,1148,0,0,0,0,0
2020-02-29,Amador,005,37829,0,0,0,0,0
2020-02-29,Butte,007,227075,0,0,0,0,0
2020-02-29,Calaveras,009,45235,0,0,0,0,0
2020-02-29,Colusa,011,21464,0,0,0,0,0
2020-02-29,Contra Costa,013,1133247,20,0,0,0,0
2020-02-29,Del Norte,015,27424,0,0,0,0,0
2020-02-29,El Dorado,017,186661,1,0,0,0,0
2020-02-29,Fresno,019,978130,1,0,0,0,0
2020-02-29,Glenn,021,27897,0,0,0,0,0
2020-02-29,Humboldt,023,135768,1,1,0,1,0
2020-02-29,Imperial,025,180216,1,0,0,0,0
2020-02-29,Inyo,027,18085,0,0,0,0,0
2020-02-29,Kern,029,883053,2,0,0,0,0
2020-02-29,Kings,031,150075,3,0,1,1,0
2020-02-29,Lake,033,64148,0,0,0,0,0
2020-02-29,Lassen,035,31185,0,0,0,0,0
2020-02-29,Los Angeles,037,10098052,110,1,6,7,0
2020-02-29,Madera,039,155013,2,0,0,0,0
2020-02-29,Marin,041,260295,4,0,0,0,0
2020-02-29,Mariposa,043,17540,0,0,0,0,0
2020-02-29,Mendocino,045,87422,0,0,0,0,0
2020-02-29,Merced,047,269075,1,0,0,0,0
2020-02-29,Modoc,049,8938,0,0,0,0,0
2020-02-29,Mono,051,14174,1,0,0,0,0
2020-02-29,Monterey,053,433212,1,0,0,0,0
2020-02-29,Napa,055,140530,1,0,0,0,0
2020-02-29,Nevada,057,99092,0,0,1,1,0
2020-02-29,Orange,059,3164182,56,1,0,1,0
2020-02-29,Placer,061,380077,7,0,0,0,0
2020-02-29,Plumas,063,18699,0,0,0,0,0
2020-02-29,Riverside,065,2383286,15,0,1,1,0
2020-02-29,Sacramento,067,1510023,16,1,0,1,0
2020-02-29,San Benito,069,59416,0,2,0,2,0
2020-02-29,San Bernardino,071,2135413,25,0,0,0,0
2020-02-29,San Diego,073,3302833,16,2,0,2,0
2020-02-29,San Francisco,075,870044,12,0,0,0,0
2020-02-29,San Joaquin,077,732212,6,0,3,3,0
2020-02-29,San Luis Obispo,079,281455,2,0,0,0,0
2020-02-29,San Mateo,081,765935,29,0,0,0,0
2020-02-29,Santa Barbara,083,443738,0,0,0,0,0
2020-02-29,Santa Clara,085,1922200,75,3,1,4,0
2020-02-29,Santa Cruz,087,273765,8,0,0,0,0
2020-02-29,Shasta,089,179085,2,0,0,0,0
2020-02-29,Sierra,091,2930,0,0,0,0,0
2020-02-29,Siskiyou,093,43540,0,0,0,0,0
2020-02-29,Solano,095,438530,18,23,0,23,0
2020-02-29,Sonoma,097,501317,6,0,0,0,0
2020-02-29,Stanislaus,099,539301,2,0,2,2,0
2020-02-29,Sutter,101,95872,0,0,0,0,0
2020-02-29,Tehama,103,63373,0,0,0,0,0
2020-02-29,Trinity,105,12862,0,0,0,0,0
2020-02-29,Tulare,107,460477,4,0,0,0,0
2020-02-29,Tuolumne,109,53932,0,0,0,0,0
2020-02-29,Ventura,111,848112,6,0,0,0,0
2020-02-29,Yolo,113,214977,1,0,0,0,0
2020-02-29,Yuba,115,75493,0,0,0,0,0
2020-02-28,Alameda,001,1643700,14,0,0,0,0
2020-02-28,Alpine,003,1148,0,0,0,0,0
2020-02-28,Amador,005,37829,0,0,0,0,0
2020-02-28,Butte,007,227075,0,0,0,0,0
2020-02-28,Calaveras,009,45235,0,0,0,0,0
2020-02-28,Colusa,011,21464,0,0,0,0,0
2020-02-28,Contra Costa,013,1133247,20,0,0,0,0
2020-02-28,Del Norte,015,27424,0,0,0,0,0
2020-02-28,El Dorado,017,186661,0,0,0,0,0
2020-02-28,Fresno,019,978130,1,0,0,0,0
2020-02-28,Glenn,021,27897,0,0,0,0,0
2020-02-28,Humboldt,023,135768,1,1,0,1,0
2020-02-28,Imperial,025,180216,1,0,0,0,0
2020-02-28,Inyo,027,18085,0,0,0,0,0
2020-02-28,Kern,029,883053,2,0,0,0,0
2020-02-28,Kings,031,150075,3,0,1,1,0
2020-02-28,Lake,033,64148,0,0,0,0,0
2020-02-28,Lassen,035,31185,0,0,0,0,0
2020-02-28,Los Angeles,037,10098052,102,1,6,7,0
2020-02-28,Madera,039,155013,2,0,0,0,0
2020-02-28,Marin,041,260295,2,0,0,0,0
2020-02-28,Mariposa,043,17540,0,0,0,0,0
2020-02-28,Mendocino,045,87422,0,0,0,0,0
2020-02-28,Merced,047,269075,1,0,0,0,0
2020-02-28,Modoc,049,8938,0,0,0,0,0
2020-02-28,Mono,051,14174,0,0,0,0,0
2020-02-28,Monterey,053,433212,1,0,0,0,0
2020-02-28,Napa,055,140530,1,0,0,0,0
2020-02-28,Nevada,057,99092,0,0,1,1,0
2020-02-28,Orange,059,3164182,54,1,0,1,0
2020-02-28,Placer,061,380077,7,0,0,0,0
2020-02-28,Plumas,063,18699,0,0,0,0,0
2020-02-28,Riverside,065,2383286,13,0,1,1,0
2020-02-28,Sacramento,067,1510023,10,1,0,1,0
2020-02-28,San Benito,069,59416,0,2,0,2,0
2020-02-28,San Bernardino,071,2135413,25,0,0,0,0
2020-02-28,San Diego,073,3302833,13,2,0,2,0
2020-02-28,San Francisco,075,870044,10,0,0,0,0
2020-02-28,San Joaquin,077,732212,6,0,3,3,0
2020-02-28,San Luis Obispo,079,281455,2,0,0,0,0
2020-02-28,San Mateo,081,765935,24,0,0,0,0
2020-02-28,Santa Barbara,083,443738,0,0,0,0,0
2020-02-28,Santa Clara,085,1922200,70,3,1,4,0
2020-02-28,Santa Cruz,087,273765,8,0,0,0,0
2020-02-28,Shasta,089,179085,2,0,0,0,0
2020-02-28,Sierra,091,2930,0,0,0,0,0
2020-02-28,Siskiyou,093,43540,0,0,0,0,0
2020-02-28,Solano,095,438530,17,23,0,23,0
2020-02-28,Sonoma,097,501317,6,0,0,0,0
2020-02-28,Stanislaus,099,539301,2,0,2,2,0
2020-02-28,Sutter,101,95872,0,0,0,0,0
2020-02-28,Tehama,103,63373,0,0,0,0,0
2020-02-28,Trinity,105,12862,0,0,0,0,0
2020-02-28,Tulare,107,460477,3,0,0,0,0
2020-02-28,Tuolumne,109,53932,0,0,0,0,0
2020-02-28,Ventura,111,848112,6,0,0,0,0
2020-02-28,Yolo,113,214977,1,0,0,0,0
2020-02-28,Yuba,115,75493,0,0,0,0,0
2020-02-27,Alameda,001,1643700,13,0,0,0,0
2020-02-27,Alpine,003,1148,0,0,0,0,0
2020-02-27,Amador,005,37829,0,0,0,0,0
2020-02-27,Butte,007,227075,0,0,0,0,0
2020-02-27,Calaveras,009,45235,0,0,0,0,0
2020-02-27,Colusa,011,21464,0,0,0,0,0
2020-02-27,Contra Costa,013,1133247,14,0,0,0,0
2020-02-27,Del Norte,015,27424,0,0,0,0,0
2020-02-27,El Dorado,017,186661,0,0,0,0,0
2020-02-27,Fresno,019,978130,1,0,0,0,0
2020-02-27,Glenn,021,27897,0,0,0,0,0
2020-02-27,Humboldt,023,135768,1,1,0,1,0
2020-02-27,Imperial,025,180216,1,0,0,0,0
2020-02-27,Inyo,027,18085,0,0,0,0,0
2020-02-27,Kern,029,883053,2,0,0,0,0
2020-02-27,Kings,031,150075,3,0,1,1,0
2020-02-27,Lake,033,64148,0,0,0,0,0
2020-02-27,Lassen,035,31185,0,0,0,0,0
2020-02-27,Los Angeles,037,10098052,94,1,6,7,0
2020-02-27,Madera,039,155013,2,0,0,0,0
2020-02-27,Marin,041,260295,1,0,0,0,0
2020-02-27,Mariposa,043,17540,0,0,0,0,0
2020-02-27,Mendocino,045,87422,0,0,0,0,0
2020-02-27,Merced,047,269075,1,0,0,0,0
2020-02-27,Modoc,049,8938,0,0,0,0,0
2020-02-27,Mono,051,14174,0,0,0,0,0
2020-02-27,Monterey,053,433212,1,0,0,0,0
2020-02-27,Napa,055,140530,1,0,0,0,0
2020-02-27,Nevada,057,99092,0,0,1,1,0
2020-02-27,Orange,059,3164182,48,1,0,1,0
2020-02-27,Placer,061,380077,6,0,0,0,0
2020-02-27,Plumas,063,18699,0,0,0,0,0
2020-02-27,Riverside,065,2383286,12,0,1,1,0
2020-02-27,Sacramento,067,1510023,10,1,0,1,0
2020-02-27,San Benito,069,59416,0,2,0,2,0
2020-02-27,San Bernardino,071,2135413,25,0,0,0,0
2020-02-27,San Diego,073,3302833,12,2,0,2,0
2020-02-27,San Francisco,075,870044,9,0,0,0,0
2020-02-27,San Joaquin,077,732212,5,0,3,3,0
2020-02-27,San Luis Obispo,079,281455,2,0,0,0,0
2020-02-27,San Mateo,081,765935,20,0,0,0,0
2020-02-27,Santa Barbara,083,443738,0,0,0,0,0
2020-02-27,Santa Clara,085,1922200,59,2,1,3,0
2020-02-27,Santa Cruz,087,273765,6,0,0,0,0
2020-02-27,Shasta,089,179085,0,0,0,0,0
2020-02-27,Sierra,091,2930,0,0,0,0,0
2020-02-27,Siskiyou,093,43540,0,0,0,0,0
2020-02-27,Solano,095,438530,17,23,0,23,0
2020-02-27,Sonoma,097,501317,5,0,0,0,0
2020-02-27,Stanislaus,099,539301,2,0,2,2,0
2020-02-27,Sutter,101,95872,0,0,0,0,0
2020-02-27,Tehama,103,63373,0,0,0,0,0
2020-02-27,Trinity,105,12862,0,0,0,0,0
2020-02-27,Tulare,107,460477,3,0,0,0,0
2020-02-27,Tuolumne,109,53932,0,0,0,0,0
2020-02-27,Ventura,111,848112,4,0,0,0,0
2020-02-27,Yolo,113,214977,1,0,0,0,0
2020-02-27,Yuba,115,75493,0,0,0,0,0
2020-02-26,Alameda,001,1643700,13,0,0,0,0
2020-02-26,Alpine,003,1148,0,0,0,0,0
2020-02-26,Amador,005,37829,0,0,0,0,0
2020-02-26,Butte,007,227075,0,0,0,0,0
2020-02-26,Calaveras,009,45235,0,0,0,0,0
2020-02-26,Colusa,011,21464,0,0,0,0,0
2020-02-26,Contra Costa,013,1133247,13,0,0,0,0
2020-02-26,Del Norte,015,27424,0,0,0,0,0
2020-02-26,El Dorado,017,186661,0,0,0,0,0
2020-02-26,Fresno,019,978130,1,0,0,0,0
2020-02-26,Glenn,021,27897,0,0,0,0,0
2020-02-26,Humboldt,023,135768,1,1,0,1,0
2020-02-26,Imperial,025,180216,1,0,0,0,0
2020-02-26,Inyo,027,18085,0,0,0,0,0
2020-02-26,Kern,029,883053,2,0,0,0,0
2020-02-26,Kings,031,150075,3,0,1,1,0
2020-02-26,Lake,033,64148,0,0,0,0,0
2020-02-26,Lassen,035,31185,0,0,0,0,0
2020-02-26,Los Angeles,037,10098052,88,1,6,7,0
2020-02-26,Madera,039,155013,2,0,0,0,0
2020-02-26,Marin,041,260295,1,0,0,0,0
2020-02-26,Mariposa,043,17540,0,0,0,0,0
2020-02-26,Mendocino,045,87422,0,0,0,0,0
2020-02-26,Merced,047,269075,1,0,0,0,0
2020-02-26,Modoc,049,8938,0,0,0,0,0
2020-02-26,Mono,051,14174,0,0,0,0,0
2020-02-26,Monterey,053,433212,1,0,0,0,0
2020-02-26,Napa,055,140530,0,0,0,0,0
2020-02-26,Nevada,057,99092,0,0,1,1,0
2020-02-26,Orange,059,3164182,47,1,0,1,0
2020-02-26,Placer,061,380077,5,0,0,0,0
2020-02-26,Plumas,063,18699,0,0,0,0,0
2020-02-26,Riverside,065,2383286,10,0,1,1,0
2020-02-26,Sacramento,067,1510023,10,1,0,1,0
2020-02-26,San Benito,069,59416,0,2,0,2,0
2020-02-26,San Bernardino,071,2135413,23,0,0,0,0
2020-02-26,San Diego,073,3302833,11,2,0,2,0
2020-02-26,San Francisco,075,870044,9,0,0,0,0
2020-02-26,San Joaquin,077,732212,5,0,3,3,0
2020-02-26,San Luis Obispo,079,281455,2,0,0,0,0
2020-02-26,San Mateo,081,765935,18,0,0,0,0
2020-02-26,Santa Barbara,083,443738,0,0,0,0,0
2020-02-26,Santa Clara,085,1922200,50,2,1,3,0
2020-02-26,Santa Cruz,087,273765,6,0,0,0,0
2020-02-26,Shasta,089,179085,0,0,0,0,0
2020-02-26,Sierra,091,2930,0,0,0,0,0
2020-02-26,Siskiyou,093,43540,0,0,0,0,0
2020-02-26,Solano,095,438530,17,23,0,23,0
2020-02-26,Sonoma,097,501317,5,0,0,0,0
2020-02-26,Stanislaus,099,539301,2,0,2,2,0
2020-02-26,Sutter,101,95872,0,0,0,0,0
2020-02-26,Tehama,103,63373,0,0,0,0,0
2020-02-26,Trinity,105,12862,0,0,0,0,0
2020-02-26,Tulare,107,460477,3,0,0,0,0
2020-02-26,Tuolumne,109,53932,0,0,0,0,0
2020-02-26,Ventura,111,848112,4,0,0,0,0
2020-02-26,Yolo,113,214977,1,0,0,0,0
2020-02-26,Yuba,115,75493,0,0,0,0,0
2020-02-25,Alameda,001,1643700,13,0,0,0,0
2020-02-25,Alpine,003,1148,0,0,0,0,0
2020-02-25,Amador,005,37829,0,0,0,0,0
2020-02-25,Butte,007,227075,0,0,0,0,0
2020-02-25,Calaveras,009,45235,0,0,0,0,0
2020-02-25,Colusa,011,21464,0,0,0,0,0
2020-02-25,Contra Costa,013,1133247,11,0,0,0,0
2020-02-25,Del Norte,015,27424,0,0,0,0,0
2020-02-25,El Dorado,017,186661,0,0,0,0,0
2020-02-25,Fresno,019,978130,1,0,0,0,0
2020-02-25,Glenn,021,27897,0,0,0,0,0
2020-02-25,Humboldt,023,135768,1,1,0,1,0
2020-02-25,Imperial,025,180216,1,0,0,0,0
2020-02-25,Inyo,027,18085,0,0,0,0,0
2020-02-25,Kern,029,883053,2,0,0,0,0
2020-02-25,Kings,031,150075,3,0,1,1,0
2020-02-25,Lake,033,64148,0,0,0,0,0
2020-02-25,Lassen,035,31185,0,0,0,0,0
2020-02-25,Los Angeles,037,10098052,76,1,6,7,0
2020-02-25,Madera,039,155013,2,0,0,0,0
2020-02-25,Marin,041,260295,1,0,0,0,0
2020-02-25,Mariposa,043,17540,0,0,0,0,0
2020-02-25,Mendocino,045,87422,0,0,0,0,0
2020-02-25,Merced,047,269075,0,0,0,0,0
2020-02-25,Modoc,049,8938,0,0,0,0,0
2020-02-25,Mono,051,14174,0,0,0,0,0
2020-02-25,Monterey,053,433212,1,0,0,0,0
2020-02-25,Napa,055,140530,0,0,0,0,0
2020-02-25,Nevada,057,99092,0,0,1,1,0
2020-02-25,Orange,059,3164182,46,1,0,1,0
2020-02-25,Placer,061,380077,5,0,0,0,0
2020-02-25,Plumas,063,18699,0,0,0,0,0
2020-02-25,Riverside,065,2383286,10,0,1,1,0
2020-02-25,Sacramento,067,1510023,8,1,0,1,0
2020-02-25,San Benito,069,59416,0,2,0,2,0
2020-02-25,San Bernardino,071,2135413,21,0,0,0,0
2020-02-25,San Diego,073,3302833,7,2,0,2,0
2020-02-25,San Francisco,075,870044,7,0,0,0,0
2020-02-25,San Joaquin,077,732212,5,0,2,2,0
2020-02-25,San Luis Obispo,079,281455,2,0,0,0,0
2020-02-25,San Mateo,081,765935,17,0,0,0,0
2020-02-25,Santa Barbara,083,443738,0,0,0,0,0
2020-02-25,Santa Clara,085,1922200,40,2,1,3,0
2020-02-25,Santa Cruz,087,273765,5,0,0,0,0
2020-02-25,Shasta,089,179085,0,0,0,0,0
2020-02-25,Sierra,091,2930,0,0,0,0,0
2020-02-25,Siskiyou,093,43540,0,0,0,0,0
2020-02-25,Solano,095,438530,16,21,0,21,0
2020-02-25,Sonoma,097,501317,5,0,0,0,0
2020-02-25,Stanislaus,099,539301,2,0,2,2,0
2020-02-25,Sutter,101,95872,0,0,0,0,0
2020-02-25,Tehama,103,63373,0,0,0,0,0
2020-02-25,Trinity,105,12862,0,0,0,0,0
2020-02-25,Tulare,107,460477,3,0,0,0,0
2020-02-25,Tuolumne,109,53932,0,0,0,0,0
2020-02-25,Ventura,111,848112,4,0,0,0,0
2020-02-25,Yolo,113,214977,1,0,0,0,0
2020-02-25,Yuba,115,75493,0,0,0,0,0
2020-02-24,Alameda,001,1643700,13,0,0,0,0
2020-02-24,Alpine,003,1148,0,0,0,0,0
2020-02-24,Amador,005,37829,0,0,0,0,0
2020-02-24,Butte,007,227075,0,0,0,0,0
2020-02-24,Calaveras,009,45235,0,0,0,0,0
2020-02-24,Colusa,011,21464,0,0,0,0,0
2020-02-24,Contra Costa,013,1133247,9,0,0,0,0
2020-02-24,Del Norte,015,27424,0,0,0,0,0
2020-02-24,El Dorado,017,186661,0,0,0,0,0
2020-02-24,Fresno,019,978130,1,0,0,0,0
2020-02-24,Glenn,021,27897,0,0,0,0,0
2020-02-24,Humboldt,023,135768,1,1,0,1,0
2020-02-24,Imperial,025,180216,1,0,0,0,0
2020-02-24,Inyo,027,18085,0,0,0,0,0
2020-02-24,Kern,029,883053,2,0,0,0,0
2020-02-24,Kings,031,150075,3,0,1,1,0
2020-02-24,Lake,033,64148,0,0,0,0,0
2020-02-24,Lassen,035,31185,0,0,0,0,0
2020-02-24,Los Angeles,037,10098052,71,1,6,7,0
2020-02-24,Madera,039,155013,1,0,0,0,0
2020-02-24,Marin,041,260295,1,0,0,0,0
2020-02-24,Mariposa,043,17540,0,0,0,0,0
2020-02-24,Mendocino,045,87422,0,0,0,0,0
2020-02-24,Merced,047,269075,0,0,0,0,0
2020-02-24,Modoc,049,8938,0,0,0,0,0
2020-02-24,Mono,051,14174,0,0,0,0,0
2020-02-24,Monterey,053,433212,1,0,0,0,0
2020-02-24,Napa,055,140530,0,0,0,0,0
2020-02-24,Nevada,057,99092,0,0,1,1,0
2020-02-24,Orange,059,3164182,44,1,0,1,0
2020-02-24,Placer,061,380077,3,0,0,0,0
2020-02-24,Plumas,063,18699,0,0,0,0,0
2020-02-24,Riverside,065,2383286,9,0,1,1,0
2020-02-24,Sacramento,067,1510023,7,1,0,1,0
2020-02-24,San Benito,069,59416,0,2,0,2,0
2020-02-24,San Bernardino,071,2135413,21,0,0,0,0
2020-02-24,San Diego,073,3302833,7,2,0,2,0
2020-02-24,San Francisco,075,870044,6,0,0,0,0
2020-02-24,San Joaquin,077,732212,5,0,1,1,0
2020-02-24,San Luis Obispo,079,281455,2,0,0,0,0
2020-02-24,San Mateo,081,765935,13,0,0,0,0
2020-02-24,Santa Barbara,083,443738,0,0,0,0,0
2020-02-24,Santa Clara,085,1922200,38,2,1,3,0
2020-02-24,Santa Cruz,087,273765,5,0,0,0,0
2020-02-24,Shasta,089,179085,0,0,0,0,0
2020-02-24,Sierra,091,2930,0,0,0,0,0
2020-02-24,Siskiyou,093,43540,0,0,0,0,0
2020-02-24,Solano,095,438530,13,15,0,15,0
2020-02-24,Sonoma,097,501317,5,0,0,0,0
2020-02-24,Stanislaus,099,539301,2,0,2,2,0
2020-02-24,Sutter,101,95872,0,0,0,0,0
2020-02-24,Tehama,103,63373,0,0,0,0,0
2020-02-24,Trinity,105,12862,0,0,0,0,0
2020-02-24,Tulare,107,460477,3,0,0,0,0
2020-02-24,Tuolumne,109,53932,0,0,0,0,0
2020-02-24,Ventura,111,848112,4,0,0,0,0
2020-02-24,Yolo,113,214977,1,0,0,0,0
2020-02-24,Yuba,115,75493,0,0,0,0,0
2020-02-23,Alameda,001,1643700,11,0,0,0,0
2020-02-23,Alpine,003,1148,0,0,0,0,0
2020-02-23,Amador,005,37829,0,0,0,0,0
2020-02-23,Butte,007,227075,0,0,0,0,0
2020-02-23,Calaveras,009,45235,0,0,0,0,0
2020-02-23,Colusa,011,21464,0,0,0,0,0
2020-02-23,Contra Costa,013,1133247,6,0,0,0,0
2020-02-23,Del Norte,015,27424,0,0,0,0,0
2020-02-23,El Dorado,017,186661,0,0,0,0,0
2020-02-23,Fresno,019,978130,1,0,0,0,0
2020-02-23,Glenn,021,27897,0,0,0,0,0
2020-02-23,Humboldt,023,135768,1,1,0,1,0
2020-02-23,Imperial,025,180216,1,0,0,0,0
2020-02-23,Inyo,027,18085,0,0,0,0,0
2020-02-23,Kern,029,883053,2,0,0,0,0
2020-02-23,Kings,031,150075,3,0,1,1,0
2020-02-23,Lake,033,64148,0,0,0,0,0
2020-02-23,Lassen,035,31185,0,0,0,0,0
2020-02-23,Los Angeles,037,10098052,63,1,6,7,0
2020-02-23,Madera,039,155013,1,0,0,0,0
2020-02-23,Marin,041,260295,1,0,0,0,0
2020-02-23,Mariposa,043,17540,0,0,0,0,0
2020-02-23,Mendocino,045,87422,0,0,0,0,0
2020-02-23,Merced,047,269075,0,0,0,0,0
2020-02-23,Modoc,049,8938,0,0,0,0,0
2020-02-23,Mono,051,14174,0,0,0,0,0
2020-02-23,Monterey,053,433212,1,0,0,0,0
2020-02-23,Napa,055,140530,0,0,0,0,0
2020-02-23,Nevada,057,99092,0,0,1,1,0
2020-02-23,Orange,059,3164182,44,1,0,1,0
2020-02-23,Placer,061,380077,3,0,0,0,0
2020-02-23,Plumas,063,18699,0,0,0,0,0
2020-02-23,Riverside,065,2383286,9,0,0,0,0
2020-02-23,Sacramento,067,1510023,6,1,0,1,0
2020-02-23,San Benito,069,59416,0,2,0,2,0
2020-02-23,San Bernardino,071,2135413,20,0,0,0,0
2020-02-23,San Diego,073,3302833,6,2,0,2,0
2020-02-23,San Francisco,075,870044,5,0,0,0,0
2020-02-23,San Joaquin,077,732212,4,0,1,1,0
2020-02-23,San Luis Obispo,079,281455,2,0,0,0,0
2020-02-23,San Mateo,081,765935,10,0,0,0,0
2020-02-23,Santa Barbara,083,443738,0,0,0,0,0
2020-02-23,Santa Clara,085,1922200,26,2,1,3,0
2020-02-23,Santa Cruz,087,273765,2,0,0,0,0
2020-02-23,Shasta,089,179085,0,0,0,0,0
2020-02-23,Sierra,091,2930,0,0,0,0,0
2020-02-23,Siskiyou,093,43540,0,0,0,0,0
2020-02-23,Solano,095,438530,11,15,0,15,0
2020-02-23,Sonoma,097,501317,5,0,0,0,0
2020-02-23,Stanislaus,099,539301,2,0,2,2,0
2020-02-23,Sutter,101,95872,0,0,0,0,0
2020-02-23,Tehama,103,63373,0,0,0,0,0
2020-02-23,Trinity,105,12862,0,0,0,0,0
2020-02-23,Tulare,107,460477,2,0,0,0,0
2020-02-23,Tuolumne,109,53932,0,0,0,0,0
2020-02-23,Ventura,111,848112,4,0,0,0,0
2020-02-23,Yolo,113,214977,1,0,0,0,0
2020-02-23,Yuba,115,75493,0,0,0,0,0
2020-02-22,Alameda,001,1643700,10,0,0,0,0
2020-02-22,Alpine,003,1148,0,0,0,0,0
2020-02-22,Amador,005,37829,0,0,0,0,0
2020-02-22,Butte,007,227075,0,0,0,0,0
2020-02-22,Calaveras,009,45235,0,0,0,0,0
2020-02-22,Colusa,011,21464,0,0,0,0,0
2020-02-22,Contra Costa,013,1133247,5,0,0,0,0
2020-02-22,Del Norte,015,27424,0,0,0,0,0
2020-02-22,El Dorado,017,186661,0,0,0,0,0
2020-02-22,Fresno,019,978130,1,0,0,0,0
2020-02-22,Glenn,021,27897,0,0,0,0,0
2020-02-22,Humboldt,023,135768,1,1,0,1,0
2020-02-22,Imperial,025,180216,0,0,0,0,0
2020-02-22,Inyo,027,18085,0,0,0,0,0
2020-02-22,Kern,029,883053,2,0,0,0,0
2020-02-22,Kings,031,150075,3,0,1,1,0
2020-02-22,Lake,033,64148,0,0,0,0,0
2020-02-22,Lassen,035,31185,0,0,0,0,0
2020-02-22,Los Angeles,037,10098052,61,1,6,7,0
2020-02-22,Madera,039,155013,0,0,0,0,0
2020-02-22,Marin,041,260295,1,0,0,0,0
2020-02-22,Mariposa,043,17540,0,0,0,0,0
2020-02-22,Mendocino,045,87422,0,0,0,0,0
2020-02-22,Merced,047,269075,0,0,0,0,0
2020-02-22,Modoc,049,8938,0,0,0,0,0
2020-02-22,Mono,051,14174,0,0,0,0,0
2020-02-22,Monterey,053,433212,1,0,0,0,0
2020-02-22,Napa,055,140530,0,0,0,0,0
2020-02-22,Nevada,057,99092,0,0,1,1,0
2020-02-22,Orange,059,3164182,43,1,0,1,0
2020-02-22,Placer,061,380077,3,0,0,0,0
2020-02-22,Plumas,063,18699,0,0,0,0,0
2020-02-22,Riverside,065,2383286,9,0,0,0,0
2020-02-22,Sacramento,067,1510023,6,1,0,1,0
2020-02-22,San Benito,069,59416,0,2,0,2,0
2020-02-22,San Bernardino,071,2135413,18,0,0,0,0
2020-02-22,San Diego,073,3302833,5,2,0,2,0
2020-02-22,San Francisco,075,870044,3,0,0,0,0
2020-02-22,San Joaquin,077,732212,4,0,1,1,0
2020-02-22,San Luis Obispo,079,281455,2,0,0,0,0
2020-02-22,San Mateo,081,765935,8,0,0,0,0
2020-02-22,Santa Barbara,083,443738,0,0,0,0,0
2020-02-22,Santa Clara,085,1922200,23,2,1,3,0
2020-02-22,Santa Cruz,087,273765,2,0,0,0,0
2020-02-22,Shasta,089,179085,0,0,0,0,0
2020-02-22,Sierra,091,2930,0,0,0,0,0
2020-02-22,Siskiyou,093,43540,0,0,0,0,0
2020-02-22,Solano,095,438530,11,11,0,11,0
2020-02-22,Sonoma,097,501317,4,0,0,0,0
2020-02-22,Stanislaus,099,539301,2,0,2,2,0
2020-02-22,Sutter,101,95872,0,0,0,0,0
2020-02-22,Tehama,103,63373,0,0,0,0,0
2020-02-22,Trinity,105,12862,0,0,0,0,0
2020-02-22,Tulare,107,460477,2,0,0,0,0
2020-02-22,Tuolumne,109,53932,0,0,0,0,0
2020-02-22,Ventura,111,848112,4,0,0,0,0
2020-02-22,Yolo,113,214977,0,0,0,0,0
2020-02-22,Yuba,115,75493,0,0,0,0,0
2020-02-21,Alameda,001,1643700,9,0,0,0,0
2020-02-21,Alpine,003,1148,0,0,0,0,0
2020-02-21,Amador,005,37829,0,0,0,0,0
2020-02-21,Butte,007,227075,0,0,0,0,0
2020-02-21,Calaveras,009,45235,0,0,0,0,0
2020-02-21,Colusa,011,21464,0,0,0,0,0
2020-02-21,Contra Costa,013,1133247,4,0,0,0,0
2020-02-21,Del Norte,015,27424,0,0,0,0,0
2020-02-21,El Dorado,017,186661,0,0,0,0,0
2020-02-21,Fresno,019,978130,1,0,0,0,0
2020-02-21,Glenn,021,27897,0,0,0,0,0
2020-02-21,Humboldt,023,135768,1,1,0,1,0
2020-02-21,Imperial,025,180216,0,0,0,0,0
2020-02-21,Inyo,027,18085,0,0,0,0,0
2020-02-21,Kern,029,883053,2,0,0,0,0
2020-02-21,Kings,031,150075,3,0,1,1,0
2020-02-21,Lake,033,64148,0,0,0,0,0
2020-02-21,Lassen,035,31185,0,0,0,0,0
2020-02-21,Los Angeles,037,10098052,57,1,6,7,0
2020-02-21,Madera,039,155013,0,0,0,0,0
2020-02-21,Marin,041,260295,1,0,0,0,0
2020-02-21,Mariposa,043,17540,0,0,0,0,0
2020-02-21,Mendocino,045,87422,0,0,0,0,0
2020-02-21,Merced,047,269075,0,0,0,0,0
2020-02-21,Modoc,049,8938,0,0,0,0,0
2020-02-21,Mono,051,14174,0,0,0,0,0
2020-02-21,Monterey,053,433212,1,0,0,0,0
2020-02-21,Napa,055,140530,0,0,0,0,0
2020-02-21,Nevada,057,99092,0,0,1,1,0
2020-02-21,Orange,059,3164182,41,1,0,1,0
2020-02-21,Placer,061,380077,2,0,0,0,0
2020-02-21,Plumas,063,18699,0,0,0,0,0
2020-02-21,Riverside,065,2383286,9,0,0,0,0
2020-02-21,Sacramento,067,1510023,5,1,0,1,0
2020-02-21,San Benito,069,59416,0,2,0,2,0
2020-02-21,San Bernardino,071,2135413,17,0,0,0,0
2020-02-21,San Diego,073,3302833,5,2,0,2,0
2020-02-21,San Francisco,075,870044,3,0,0,0,0
2020-02-21,San Joaquin,077,732212,2,0,1,1,0
2020-02-21,San Luis Obispo,079,281455,2,0,0,0,0
2020-02-21,San Mateo,081,765935,8,0,0,0,0
2020-02-21,Santa Barbara,083,443738,0,0,0,0,0
2020-02-21,Santa Clara,085,1922200,21,2,1,3,0
2020-02-21,Santa Cruz,087,273765,2,0,0,0,0
2020-02-21,Shasta,089,179085,0,0,0,0,0
2020-02-21,Sierra,091,2930,0,0,0,0,0
2020-02-21,Siskiyou,093,43540,0,0,0,0,0
2020-02-21,Solano,095,438530,10,11,0,11,0
2020-02-21,Sonoma,097,501317,3,0,0,0,0
2020-02-21,Stanislaus,099,539301,2,0,2,2,0
2020-02-21,Sutter,101,95872,0,0,0,0,0
2020-02-21,Tehama,103,63373,0,0,0,0,0
2020-02-21,Trinity,105,12862,0,0,0,0,0
2020-02-21,Tulare,107,460477,2,0,0,0,0
2020-02-21,Tuolumne,109,53932,0,0,0,0,0
2020-02-21,Ventura,111,848112,4,0,0,0,0
2020-02-21,Yolo,113,214977,0,0,0,0,0
2020-02-21,Yuba,115,75493,0,0,0,0,0
2020-02-20,Alameda,001,1643700,7,0,0,0,0
2020-02-20,Alpine,003,1148,0,0,0,0,0
2020-02-20,Amador,005,37829,0,0,0,0,0
2020-02-20,Butte,007,227075,0,0,0,0,0
2020-02-20,Calaveras,009,45235,0,0,0,0,0
2020-02-20,Colusa,011,21464,0,0,0,0,0
2020-02-20,Contra Costa,013,1133247,3,0,0,0,0
2020-02-20,Del Norte,015,27424,0,0,0,0,0
2020-02-20,El Dorado,017,186661,0,0,0,0,0
2020-02-20,Fresno,019,978130,1,0,0,0,0
2020-02-20,Glenn,021,27897,0,0,0,0,0
2020-02-20,Humboldt,023,135768,1,1,0,1,0
2020-02-20,Imperial,025,180216,0,0,0,0,0
2020-02-20,Inyo,027,18085,0,0,0,0,0
2020-02-20,Kern,029,883053,2,0,0,0,0
2020-02-20,Kings,031,150075,3,0,1,1,0
2020-02-20,Lake,033,64148,0,0,0,0,0
2020-02-20,Lassen,035,31185,0,0,0,0,0
2020-02-20,Los Angeles,037,10098052,56,1,5,6,0
2020-02-20,Madera,039,155013,0,0,0,0,0
2020-02-20,Marin,041,260295,0,0,0,0,0
2020-02-20,Mariposa,043,17540,0,0,0,0,0
2020-02-20,Mendocino,045,87422,0,0,0,0,0
2020-02-20,Merced,047,269075,0,0,0,0,0
2020-02-20,Modoc,049,8938,0,0,0,0,0
2020-02-20,Mono,051,14174,0,0,0,0,0
2020-02-20,Monterey,053,433212,1,0,0,0,0
2020-02-20,Napa,055,140530,0,0,0,0,0
2020-02-20,Nevada,057,99092,0,0,1,1,0
2020-02-20,Orange,059,3164182,41,1,0,1,0
2020-02-20,Placer,061,380077,2,0,0,0,0
2020-02-20,Plumas,063,18699,0,0,0,0,0
2020-02-20,Riverside,065,2383286,7,0,0,0,0
2020-02-20,Sacramento,067,1510023,2,1,0,1,0
2020-02-20,San Benito,069,59416,0,2,0,2,0
2020-02-20,San Bernardino,071,2135413,15,0,0,0,0
2020-02-20,San Diego,073,3302833,5,2,0,2,0
2020-02-20,San Francisco,075,870044,3,0,0,0,0
2020-02-20,San Joaquin,077,732212,2,0,1,1,0
2020-02-20,San Luis Obispo,079,281455,2,0,0,0,0
2020-02-20,San Mateo,081,765935,7,0,0,0,0
2020-02-20,Santa Barbara,083,443738,0,0,0,0,0
2020-02-20,Santa Clara,085,1922200,17,2,1,3,0
2020-02-20,Santa Cruz,087,273765,2,0,0,0,0
2020-02-20,Shasta,089,179085,0,0,0,0,0
2020-02-20,Sierra,091,2930,0,0,0,0,0
2020-02-20,Siskiyou,093,43540,0,0,0,0,0
2020-02-20,Solano,095,438530,8,7,0,7,0
2020-02-20,Sonoma,097,501317,2,0,0,0,0
2020-02-20,Stanislaus,099,539301,2,0,2,2,0
2020-02-20,Sutter,101,95872,0,0,0,0,0
2020-02-20,Tehama,103,63373,0,0,0,0,0
2020-02-20,Trinity,105,12862,0,0,0,0,0
2020-02-20,Tulare,107,460477,2,0,0,0,0
2020-02-20,Tuolumne,109,53932,0,0,0,0,0
2020-02-20,Ventura,111,848112,4,0,0,0,0
2020-02-20,Yolo,113,214977,0,0,0,0,0
2020-02-20,Yuba,115,75493,0,0,0,0,0
2020-02-19,Alameda,001,1643700,6,0,0,0,0
2020-02-19,Alpine,003,1148,0,0,0,0,0
2020-02-19,Amador,005,37829,0,0,0,0,0
2020-02-19,Butte,007,227075,0,0,0,0,0
2020-02-19,Calaveras,009,45235,0,0,0,0,0
2020-02-19,Colusa,011,21464,0,0,0,0,0
2020-02-19,Contra Costa,013,1133247,3,0,0,0,0
2020-02-19,Del Norte,015,27424,0,0,0,0,0
2020-02-19,El Dorado,017,186661,0,0,0,0,0
2020-02-19,Fresno,019,978130,1,0,0,0,0
2020-02-19,Glenn,021,27897,0,0,0,0,0
2020-02-19,Humboldt,023,135768,1,0,0,0,0
2020-02-19,Imperial,025,180216,0,0,0,0,0
2020-02-19,Inyo,027,18085,0,0,0,0,0
2020-02-19,Kern,029,883053,2,0,0,0,0
2020-02-19,Kings,031,150075,3,0,1,1,0
2020-02-19,Lake,033,64148,0,0,0,0,0
2020-02-19,Lassen,035,31185,0,0,0,0,0
2020-02-19,Los Angeles,037,10098052,53,1,5,6,0
2020-02-19,Madera,039,155013,0,0,0,0,0
2020-02-19,Marin,041,260295,0,0,0,0,0
2020-02-19,Mariposa,043,17540,0,0,0,0,0
2020-02-19,Mendocino,045,87422,0,0,0,0,0
2020-02-19,Merced,047,269075,0,0,0,0,0
2020-02-19,Modoc,049,8938,0,0,0,0,0
2020-02-19,Mono,051,14174,0,0,0,0,0
2020-02-19,Monterey,053,433212,1,0,0,0,0
2020-02-19,Napa,055,140530,0,0,0,0,0
2020-02-19,Nevada,057,99092,0,0,1,1,0
2020-02-19,Orange,059,3164182,40,1,0,1,0
2020-02-19,Placer,061,380077,2,0,0,0,0
2020-02-19,Plumas,063,18699,0,0,0,0,0
2020-02-19,Riverside,065,2383286,5,0,0,0,0
2020-02-19,Sacramento,067,1510023,2,0,0,0,0
2020-02-19,San Benito,069,59416,0,2,0,2,0
2020-02-19,San Bernardino,071,2135413,14,0,0,0,0
2020-02-19,San Diego,073,3302833,4,2,0,2,0
2020-02-19,San Francisco,075,870044,2,0,0,0,0
2020-02-19,San Joaquin,077,732212,2,0,1,1,0
2020-02-19,San Luis Obispo,079,281455,2,0,0,0,0
2020-02-19,San Mateo,081,765935,6,0,0,0,0
2020-02-19,Santa Barbara,083,443738,0,0,0,0,0
2020-02-19,Santa Clara,085,1922200,15,2,1,3,0
2020-02-19,Santa Cruz,087,273765,0,0,0,0,0
2020-02-19,Shasta,089,179085,0,0,0,0,0
2020-02-19,Sierra,091,2930,0,0,0,0,0
2020-02-19,Siskiyou,093,43540,0,0,0,0,0
2020-02-19,Solano,095,438530,5,7,0,7,0
2020-02-19,Sonoma,097,501317,2,0,0,0,0
2020-02-19,Stanislaus,099,539301,1,0,2,2,0
2020-02-19,Sutter,101,95872,0,0,0,0,0
2020-02-19,Tehama,103,63373,0,0,0,0,0
2020-02-19,Trinity,105,12862,0,0,0,0,0
2020-02-19,Tulare,107,460477,2,0,0,0,0
2020-02-19,Tuolumne,109,53932,0,0,0,0,0
2020-02-19,Ventura,111,848112,2,0,0,0,0
2020-02-19,Yolo,113,214977,0,0,0,0,0
2020-02-19,Yuba,115,75493,0,0,0,0,0
2020-02-18,Alameda,001,1643700,6,0,0,0,0
2020-02-18,Alpine,003,1148,0,0,0,0,0
2020-02-18,Amador,005,37829,0,0,0,0,0
2020-02-18,Butte,007,227075,0,0,0,0,0
2020-02-18,Calaveras,009,45235,0,0,0,0,0
2020-02-18,Colusa,011,21464,0,0,0,0,0
2020-02-18,Contra Costa,013,1133247,3,0,0,0,0
2020-02-18,Del Norte,015,27424,0,0,0,0,0
2020-02-18,El Dorado,017,186661,0,0,0,0,0
2020-02-18,Fresno,019,978130,0,0,0,0,0
2020-02-18,Glenn,021,27897,0,0,0,0,0
2020-02-18,Humboldt,023,135768,1,0,0,0,0
2020-02-18,Imperial,025,180216,0,0,0,0,0
2020-02-18,Inyo,027,18085,0,0,0,0,0
2020-02-18,Kern,029,883053,2,0,0,0,0
2020-02-18,Kings,031,150075,3,0,1,1,0
2020-02-18,Lake,033,64148,0,0,0,0,0
2020-02-18,Lassen,035,31185,0,0,0,0,0
2020-02-18,Los Angeles,037,10098052,50,1,4,5,0
2020-02-18,Madera,039,155013,0,0,0,0,0
2020-02-18,Marin,041,260295,0,0,0,0,0
2020-02-18,Mariposa,043,17540,0,0,0,0,0
2020-02-18,Mendocino,045,87422,0,0,0,0,0
2020-02-18,Merced,047,269075,0,0,0,0,0
2020-02-18,Modoc,049,8938,0,0,0,0,0
2020-02-18,Mono,051,14174,0,0,0,0,0
2020-02-18,Monterey,053,433212,1,0,0,0,0
2020-02-18,Napa,055,140530,0,0,0,0,0
2020-02-18,Nevada,057,99092,0,0,1,1,0
2020-02-18,Orange,059,3164182,39,1,0,1,0
2020-02-18,Placer,061,380077,0,0,0,0,0
2020-02-18,Plumas,063,18699,0,0,0,0,0
2020-02-18,Riverside,065,2383286,5,0,0,0,0
2020-02-18,Sacramento,067,1510023,2,0,0,0,0
2020-02-18,San Benito,069,59416,0,2,0,2,0
2020-02-18,San Bernardino,071,2135413,13,0,0,0,0
2020-02-18,San Diego,073,3302833,4,2,0,2,0
2020-02-18,San Francisco,075,870044,2,0,0,0,0
2020-02-18,San Joaquin,077,732212,1,0,1,1,0
2020-02-18,San Luis Obispo,079,281455,2,0,0,0,0
2020-02-18,San Mateo,081,765935,5,0,0,0,0
2020-02-18,Santa Barbara,083,443738,0,0,0,0,0
2020-02-18,Santa Clara,085,1922200,14,2,1,3,0
2020-02-18,Santa Cruz,087,273765,0,0,0,0,0
2020-02-18,Shasta,089,179085,0,0,0,0,0
2020-02-18,Sierra,091,2930,0,0,0,0,0
2020-02-18,Siskiyou,093,43540,0,0,0,0,0
2020-02-18,Solano,095,438530,5,7,0,7,0
2020-02-18,Sonoma,097,501317,1,0,0,0,0
2020-02-18,Stanislaus,099,539301,1,0,2,2,0
2020-02-18,Sutter,101,95872,0,0,0,0,0
2020-02-18,Tehama,103,63373,0,0,0,0,0
2020-02-18,Trinity,105,12862,0,0,0,0,0
2020-02-18,Tulare,107,460477,2,0,0,0,0
2020-02-18,Tuolumne,109,53932,0,0,0,0,0
2020-02-18,Ventura,111,848112,2,0,0,0,0
2020-02-18,Yolo,113,214977,0,0,0,0,0
2020-02-18,Yuba,115,75493,0,0,0,0,0
2020-02-17,Alameda,001,1643700,6,0,0,0,0
2020-02-17,Alpine,003,1148,0,0,0,0,0
2020-02-17,Amador,005,37829,0,0,0,0,0
2020-02-17,Butte,007,227075,0,0,0,0,0
2020-02-17,Calaveras,009,45235,0,0,0,0,0
2020-02-17,Colusa,011,21464,0,0,0,0,0
2020-02-17,Contra Costa,013,1133247,3,0,0,0,0
2020-02-17,Del Norte,015,27424,0,0,0,0,0
2020-02-17,El Dorado,017,186661,0,0,0,0,0
2020-02-17,Fresno,019,978130,0,0,0,0,0
2020-02-17,Glenn,021,27897,0,0,0,0,0
2020-02-17,Humboldt,023,135768,1,0,0,0,0
2020-02-17,Imperial,025,180216,0,0,0,0,0
2020-02-17,Inyo,027,18085,0,0,0,0,0
2020-02-17,Kern,029,883053,2,0,0,0,0
2020-02-17,Kings,031,150075,3,0,0,0,0
2020-02-17,Lake,033,64148,0,0,0,0,0
2020-02-17,Lassen,035,31185,0,0,0,0,0
2020-02-17,Los Angeles,037,10098052,47,1,4,5,0
2020-02-17,Madera,039,155013,0,0,0,0,0
2020-02-17,Marin,041,260295,0,0,0,0,0
2020-02-17,Mariposa,043,17540,0,0,0,0,0
2020-02-17,Mendocino,045,87422,0,0,0,0,0
2020-02-17,Merced,047,269075,0,0,0,0,0
2020-02-17,Modoc,049,8938,0,0,0,0,0
2020-02-17,Mono,051,14174,0,0,0,0,0
2020-02-17,Monterey,053,433212,1,0,0,0,0
2020-02-17,Napa,055,140530,0,0,0,0,0
2020-02-17,Nevada,057,99092,0,0,1,1,0
2020-02-17,Orange,059,3164182,39,1,0,1,0
2020-02-17,Placer,061,380077,0,0,0,0,0
2020-02-17,Plumas,063,18699,0,0,0,0,0
2020-02-17,Riverside,065,2383286,5,0,0,0,0
2020-02-17,Sacramento,067,1510023,2,0,0,0,0
2020-02-17,San Benito,069,59416,0,2,0,2,0
2020-02-17,San Bernardino,071,2135413,11,0,0,0,0
2020-02-17,San Diego,073,3302833,4,2,0,2,0
2020-02-17,San Francisco,075,870044,2,0,0,0,0
2020-02-17,San Joaquin,077,732212,1,0,1,1,0
2020-02-17,San Luis Obispo,079,281455,1,0,0,0,0
2020-02-17,San Mateo,081,765935,5,0,0,0,0
2020-02-17,Santa Barbara,083,443738,0,0,0,0,0
2020-02-17,Santa Clara,085,1922200,12,2,1,3,0
2020-02-17,Santa Cruz,087,273765,0,0,0,0,0
2020-02-17,Shasta,089,179085,0,0,0,0,0
2020-02-17,Sierra,091,2930,0,0,0,0,0
2020-02-17,Siskiyou,093,43540,0,0,0,0,0
2020-02-17,Solano,095,438530,3,5,0,5,0
2020-02-17,Sonoma,097,501317,1,0,0,0,0
2020-02-17,Stanislaus,099,539301,1,0,2,2,0
2020-02-17,Sutter,101,95872,0,0,0,0,0
2020-02-17,Tehama,103,63373,0,0,0,0,0
2020-02-17,Trinity,105,12862,0,0,0,0,0
2020-02-17,Tulare,107,460477,2,0,0,0,0
2020-02-17,Tuolumne,109,53932,0,0,0,0,0
2020-02-17,Ventura,111,848112,2,0,0,0,0
2020-02-17,Yolo,113,214977,0,0,0,0,0
2020-02-17,Yuba,115,75493,0,0,0,0,0
2020-02-16,Alameda,001,1643700,5,0,0,0,0
2020-02-16,Alpine,003,1148,0,0,0,0,0
2020-02-16,Amador,005,37829,0,0,0,0,0
2020-02-16,Butte,007,227075,0,0,0,0,0
2020-02-16,Calaveras,009,45235,0,0,0,0,0
2020-02-16,Colusa,011,21464,0,0,0,0,0
2020-02-16,Contra Costa,013,1133247,3,0,0,0,0
2020-02-16,Del Norte,015,27424,0,0,0,0,0
2020-02-16,El Dorado,017,186661,0,0,0,0,0
2020-02-16,Fresno,019,978130,0,0,0,0,0
2020-02-16,Glenn,021,27897,0,0,0,0,0
2020-02-16,Humboldt,023,135768,1,0,0,0,0
2020-02-16,Imperial,025,180216,0,0,0,0,0
2020-02-16,Inyo,027,18085,0,0,0,0,0
2020-02-16,Kern,029,883053,2,0,0,0,0
2020-02-16,Kings,031,150075,3,0,0,0,0
2020-02-16,Lake,033,64148,0,0,0,0,0
2020-02-16,Lassen,035,31185,0,0,0,0,0
2020-02-16,Los Angeles,037,10098052,41,1,4,5,0
2020-02-16,Madera,039,155013,0,0,0,0,0
2020-02-16,Marin,041,260295,0,0,0,0,0
2020-02-16,Mariposa,043,17540,0,0,0,0,0
2020-02-16,Mendocino,045,87422,0,0,0,0,0
2020-02-16,Merced,047,269075,0,0,0,0,0
2020-02-16,Modoc,049,8938,0,0,0,0,0
2020-02-16,Mono,051,14174,0,0,0,0,0
2020-02-16,Monterey,053,433212,1,0,0,0,0
2020-02-16,Napa,055,140530,0,0,0,0,0
2020-02-16,Nevada,057,99092,0,0,0,0,0
2020-02-16,Orange,059,3164182,38,1,0,1,0
2020-02-16,Placer,061,380077,0,0,0,0,0
2020-02-16,Plumas,063,18699,0,0,0,0,0
2020-02-16,Riverside,065,2383286,5,0,0,0,0
2020-02-16,Sacramento,067,1510023,2,0,0,0,0
2020-02-16,San Benito,069,59416,0,2,0,2,0
2020-02-16,San Bernardino,071,2135413,10,0,0,0,0
2020-02-16,San Diego,073,3302833,4,2,0,2,0
2020-02-16,San Francisco,075,870044,2,0,0,0,0
2020-02-16,San Joaquin,077,732212,1,0,1,1,0
2020-02-16,San Luis Obispo,079,281455,1,0,0,0,0
2020-02-16,San Mateo,081,765935,4,0,0,0,0
2020-02-16,Santa Barbara,083,443738,0,0,0,0,0
2020-02-16,Santa Clara,085,1922200,10,2,1,3,0
2020-02-16,Santa Cruz,087,273765,0,0,0,0,0
2020-02-16,Shasta,089,179085,0,0,0,0,0
2020-02-16,Sierra,091,2930,0,0,0,0,0
2020-02-16,Siskiyou,093,43540,0,0,0,0,0
2020-02-16,Solano,095,438530,1,0,0,0,0
2020-02-16,Sonoma,097,501317,1,0,0,0,0
2020-02-16,Stanislaus,099,539301,1,0,2,2,0
2020-02-16,Sutter,101,95872,0,0,0,0,0
2020-02-16,Tehama,103,63373,0,0,0,0,0
2020-02-16,Trinity,105,12862,0,0,0,0,0
2020-02-16,Tulare,107,460477,2,0,0,0,0
2020-02-16,Tuolumne,109,53932,0,0,0,0,0
2020-02-16,Ventura,111,848112,2,0,0,0,0
2020-02-16,Yolo,113,214977,0,0,0,0,0
2020-02-16,Yuba,115,75493,0,0,0,0,0
2020-02-15,Alameda,001,1643700,5,0,0,0,0
2020-02-15,Alpine,003,1148,0,0,0,0,0
2020-02-15,Amador,005,37829,0,0,0,0,0
2020-02-15,Butte,007,227075,0,0,0,0,0
2020-02-15,Calaveras,009,45235,0,0,0,0,0
2020-02-15,Colusa,011,21464,0,0,0,0,0
2020-02-15,Contra Costa,013,1133247,3,0,0,0,0
2020-02-15,Del Norte,015,27424,0,0,0,0,0
2020-02-15,El Dorado,017,186661,0,0,0,0,0
2020-02-15,Fresno,019,978130,0,0,0,0,0
2020-02-15,Glenn,021,27897,0,0,0,0,0
2020-02-15,Humboldt,023,135768,1,0,0,0,0
2020-02-15,Imperial,025,180216,0,0,0,0,0
2020-02-15,Inyo,027,18085,0,0,0,0,0
2020-02-15,Kern,029,883053,2,0,0,0,0
2020-02-15,Kings,031,150075,3,0,0,0,0
2020-02-15,Lake,033,64148,0,0,0,0,0
2020-02-15,Lassen,035,31185,0,0,0,0,0
2020-02-15,Los Angeles,037,10098052,38,1,4,5,0
2020-02-15,Madera,039,155013,0,0,0,0,0
2020-02-15,Marin,041,260295,0,0,0,0,0
2020-02-15,Mariposa,043,17540,0,0,0,0,0
2020-02-15,Mendocino,045,87422,0,0,0,0,0
2020-02-15,Merced,047,269075,0,0,0,0,0
2020-02-15,Modoc,049,8938,0,0,0,0,0
2020-02-15,Mono,051,14174,0,0,0,0,0
2020-02-15,Monterey,053,433212,1,0,0,0,0
2020-02-15,Napa,055,140530,0,0,0,0,0
2020-02-15,Nevada,057,99092,0,0,0,0,0
2020-02-15,Orange,059,3164182,37,1,0,1,0
2020-02-15,Placer,061,380077,0,0,0,0,0
2020-02-15,Plumas,063,18699,0,0,0,0,0
2020-02-15,Riverside,065,2383286,4,0,0,0,0
2020-02-15,Sacramento,067,1510023,2,0,0,0,0
2020-02-15,San Benito,069,59416,0,2,0,2,0
2020-02-15,San Bernardino,071,2135413,9,0,0,0,0
2020-02-15,San Diego,073,3302833,4,2,0,2,0
2020-02-15,San Francisco,075,870044,2,0,0,0,0
2020-02-15,San Joaquin,077,732212,1,0,1,1,0
2020-02-15,San Luis Obispo,079,281455,1,0,0,0,0
2020-02-15,San Mateo,081,765935,4,0,0,0,0
2020-02-15,Santa Barbara,083,443738,0,0,0,0,0
2020-02-15,Santa Clara,085,1922200,10,2,1,3,0
2020-02-15,Santa Cruz,087,273765,0,0,0,0,0
2020-02-15,Shasta,089,179085,0,0,0,0,0
2020-02-15,Sierra,091,2930,0,0,0,0,0
2020-02-15,Siskiyou,093,43540,0,0,0,0,0
2020-02-15,Solano,095,438530,1,0,0,0,0
2020-02-15,Sonoma,097,501317,0,0,0,0,0
2020-02-15,Stanislaus,099,539301,1,0,2,2,0
2020-02-15,Sutter,101,95872,0,0,0,0,0
2020-02-15,Tehama,103,63373,0,0,0,0,0
2020-02-15,Trinity,105,12862,0,0,0,0,0
2020-02-15,Tulare,107,460477,2,0,0,0,0
2020-02-15,Tuolumne,109,53932,0,0,0,0,0
2020-02-15,Ventura,111,848112,2,0,0,0,0
2020-02-15,Yolo,113,214977,0,0,0,0,0
2020-02-15,Yuba,115,75493,0,0,0,0,0
2020-02-14,Alameda,001,1643700,4,0,0,0,0
2020-02-14,Alpine,003,1148,0,0,0,0,0
2020-02-14,Amador,005,37829,0,0,0,0,0
2020-02-14,Butte,007,227075,0,0,0,0,0
2020-02-14,Calaveras,009,45235,0,0,0,0,0
2020-02-14,Colusa,011,21464,0,0,0,0,0
2020-02-14,Contra Costa,013,1133247,3,0,0,0,0
2020-02-14,Del Norte,015,27424,0,0,0,0,0
2020-02-14,El Dorado,017,186661,0,0,0,0,0
2020-02-14,Fresno,019,978130,0,0,0,0,0
2020-02-14,Glenn,021,27897,0,0,0,0,0
2020-02-14,Humboldt,023,135768,1,0,0,0,0
2020-02-14,Imperial,025,180216,0,0,0,0,0
2020-02-14,Inyo,027,18085,0,0,0,0,0
2020-02-14,Kern,029,883053,2,0,0,0,0
2020-02-14,Kings,031,150075,1,0,0,0,0
2020-02-14,Lake,033,64148,0,0,0,0,0
2020-02-14,Lassen,035,31185,0,0,0,0,0
2020-02-14,Los Angeles,037,10098052,33,1,4,5,0
2020-02-14,Madera,039,155013,0,0,0,0,0
2020-02-14,Marin,041,260295,0,0,0,0,0
2020-02-14,Mariposa,043,17540,0,0,0,0,0
2020-02-14,Mendocino,045,87422,0,0,0,0,0
2020-02-14,Merced,047,269075,0,0,0,0,0
2020-02-14,Modoc,049,8938,0,0,0,0,0
2020-02-14,Mono,051,14174,0,0,0,0,0
2020-02-14,Monterey,053,433212,1,0,0,0,0
2020-02-14,Napa,055,140530,0,0,0,0,0
2020-02-14,Nevada,057,99092,0,0,0,0,0
2020-02-14,Orange,059,3164182,37,1,0,1,0
2020-02-14,Placer,061,380077,0,0,0,0,0
2020-02-14,Plumas,063,18699,0,0,0,0,0
2020-02-14,Riverside,065,2383286,4,0,0,0,0
2020-02-14,Sacramento,067,1510023,1,0,0,0,0
2020-02-14,San Benito,069,59416,0,2,0,2,0
2020-02-14,San Bernardino,071,2135413,9,0,0,0,0
2020-02-14,San Diego,073,3302833,3,2,0,2,0
2020-02-14,San Francisco,075,870044,2,0,0,0,0
2020-02-14,San Joaquin,077,732212,1,0,1,1,0
2020-02-14,San Luis Obispo,079,281455,0,0,0,0,0
2020-02-14,San Mateo,081,765935,3,0,0,0,0
2020-02-14,Santa Barbara,083,443738,0,0,0,0,0
2020-02-14,Santa Clara,085,1922200,8,2,1,3,0
2020-02-14,Santa Cruz,087,273765,0,0,0,0,0
2020-02-14,Shasta,089,179085,0,0,0,0,0
2020-02-14,Sierra,091,2930,0,0,0,0,0
2020-02-14,Siskiyou,093,43540,0,0,0,0,0
2020-02-14,Solano,095,438530,1,0,0,0,0
2020-02-14,Sonoma,097,501317,0,0,0,0,0
2020-02-14,Stanislaus,099,539301,1,0,2,2,0
2020-02-14,Sutter,101,95872,0,0,0,0,0
2020-02-14,Tehama,103,63373,0,0,0,0,0
2020-02-14,Trinity,105,12862,0,0,0,0,0
2020-02-14,Tulare,107,460477,2,0,0,0,0
2020-02-14,Tuolumne,109,53932,0,0,0,0,0
2020-02-14,Ventura,111,848112,2,0,0,0,0
2020-02-14,Yolo,113,214977,0,0,0,0,0
2020-02-14,Yuba,115,75493,0,0,0,0,0
2020-02-13,Alameda,001,1643700,4,0,0,0,0
2020-02-13,Alpine,003,1148,0,0,0,0,0
2020-02-13,Amador,005,37829,0,0,0,0,0
2020-02-13,Butte,007,227075,0,0,0,0,0
2020-02-13,Calaveras,009,45235,0,0,0,0,0
2020-02-13,Colusa,011,21464,0,0,0,0,0
2020-02-13,Contra Costa,013,1133247,3,0,0,0,0
2020-02-13,Del Norte,015,27424,0,0,0,0,0
2020-02-13,El Dorado,017,186661,0,0,0,0,0
2020-02-13,Fresno,019,978130,0,0,0,0,0
2020-02-13,Glenn,021,27897,0,0,0,0,0
2020-02-13,Humboldt,023,135768,1,0,0,0,0
2020-02-13,Imperial,025,180216,0,0,0,0,0
2020-02-13,Inyo,027,18085,0,0,0,0,0
2020-02-13,Kern,029,883053,2,0,0,0,0
2020-02-13,Kings,031,150075,1,0,0,0,0
2020-02-13,Lake,033,64148,0,0,0,0,0
2020-02-13,Lassen,035,31185,0,0,0,0,0
2020-02-13,Los Angeles,037,10098052,30,1,3,4,0
2020-02-13,Madera,039,155013,0,0,0,0,0
2020-02-13,Marin,041,260295,0,0,0,0,0
2020-02-13,Mariposa,043,17540,0,0,0,0,0
2020-02-13,Mendocino,045,87422,0,0,0,0,0
2020-02-13,Merced,047,269075,0,0,0,0,0
2020-02-13,Modoc,049,8938,0,0,0,0,0
2020-02-13,Mono,051,14174,0,0,0,0,0
2020-02-13,Monterey,053,433212,1,0,0,0,0
2020-02-13,Napa,055,140530,0,0,0,0,0
2020-02-13,Nevada,057,99092,0,0,0,0,0
2020-02-13,Orange,059,3164182,36,1,0,1,0
2020-02-13,Placer,061,380077,0,0,0,0,0
2020-02-13,Plumas,063,18699,0,0,0,0,0
2020-02-13,Riverside,065,2383286,4,0,0,0,0
2020-02-13,Sacramento,067,1510023,1,0,0,0,0
2020-02-13,San Benito,069,59416,0,2,0,2,0
2020-02-13,San Bernardino,071,2135413,8,0,0,0,0
2020-02-13,San Diego,073,3302833,2,2,0,2,0
2020-02-13,San Francisco,075,870044,2,0,0,0,0
2020-02-13,San Joaquin,077,732212,1,0,1,1,0
2020-02-13,San Luis Obispo,079,281455,0,0,0,0,0
2020-02-13,San Mateo,081,765935,2,0,0,0,0
2020-02-13,Santa Barbara,083,443738,0,0,0,0,0
2020-02-13,Santa Clara,085,1922200,7,2,0,2,0
2020-02-13,Santa Cruz,087,273765,0,0,0,0,0
2020-02-13,Shasta,089,179085,0,0,0,0,0
2020-02-13,Sierra,091,2930,0,0,0,0,0
2020-02-13,Siskiyou,093,43540,0,0,0,0,0
2020-02-13,Solano,095,438530,0,0,0,0,0
2020-02-13,Sonoma,097,501317,0,0,0,0,0
2020-02-13,Stanislaus,099,539301,1,0,1,1,0
2020-02-13,Sutter,101,95872,0,0,0,0,0
2020-02-13,Tehama,103,63373,0,0,0,0,0
2020-02-13,Trinity,105,12862,0,0,0,0,0
2020-02-13,Tulare,107,460477,2,0,0,0,0
2020-02-13,Tuolumne,109,53932,0,0,0,0,0
2020-02-13,Ventura,111,848112,2,0,0,0,0
2020-02-13,Yolo,113,214977,0,0,0,0,0
2020-02-13,Yuba,115,75493,0,0,0,0,0
2020-02-12,Alameda,001,1643700,4,0,0,0,0
2020-02-12,Alpine,003,1148,0,0,0,0,0
2020-02-12,Amador,005,37829,0,0,0,0,0
2020-02-12,Butte,007,227075,0,0,0,0,0
2020-02-12,Calaveras,009,45235,0,0,0,0,0
2020-02-12,Colusa,011,21464,0,0,0,0,0
2020-02-12,Contra Costa,013,1133247,3,0,0,0,0
2020-02-12,Del Norte,015,27424,0,0,0,0,0
2020-02-12,El Dorado,017,186661,0,0,0,0,0
2020-02-12,Fresno,019,978130,0,0,0,0,0
2020-02-12,Glenn,021,27897,0,0,0,0,0
2020-02-12,Humboldt,023,135768,1,0,0,0,0
2020-02-12,Imperial,025,180216,0,0,0,0,0
2020-02-12,Inyo,027,18085,0,0,0,0,0
2020-02-12,Kern,029,883053,2,0,0,0,0
2020-02-12,Kings,031,150075,1,0,0,0,0
2020-02-12,Lake,033,64148,0,0,0,0,0
2020-02-12,Lassen,035,31185,0,0,0,0,0
2020-02-12,Los Angeles,037,10098052,29,1,3,4,0
2020-02-12,Madera,039,155013,0,0,0,0,0
2020-02-12,Marin,041,260295,0,0,0,0,0
2020-02-12,Mariposa,043,17540,0,0,0,0,0
2020-02-12,Mendocino,045,87422,0,0,0,0,0
2020-02-12,Merced,047,269075,0,0,0,0,0
2020-02-12,Modoc,049,8938,0,0,0,0,0
2020-02-12,Mono,051,14174,0,0,0,0,0
2020-02-12,Monterey,053,433212,1,0,0,0,0
2020-02-12,Napa,055,140530,0,0,0,0,0
2020-02-12,Nevada,057,99092,0,0,0,0,0
2020-02-12,Orange,059,3164182,36,1,0,1,0
2020-02-12,Placer,061,380077,0,0,0,0,0
2020-02-12,Plumas,063,18699,0,0,0,0,0
2020-02-12,Riverside,065,2383286,4,0,0,0,0
2020-02-12,Sacramento,067,1510023,1,0,0,0,0
2020-02-12,San Benito,069,59416,0,2,0,2,0
2020-02-12,San Bernardino,071,2135413,8,0,0,0,0
2020-02-12,San Diego,073,3302833,2,2,0,2,0
2020-02-12,San Francisco,075,870044,2,0,0,0,0
2020-02-12,San Joaquin,077,732212,1,0,1,1,0
2020-02-12,San Luis Obispo,079,281455,0,0,0,0,0
2020-02-12,San Mateo,081,765935,2,0,0,0,0
2020-02-12,Santa Barbara,083,443738,0,0,0,0,0
2020-02-12,Santa Clara,085,1922200,6,2,0,2,0
2020-02-12,Santa Cruz,087,273765,0,0,0,0,0
2020-02-12,Shasta,089,179085,0,0,0,0,0
2020-02-12,Sierra,091,2930,0,0,0,0,0
2020-02-12,Siskiyou,093,43540,0,0,0,0,0
2020-02-12,Solano,095,438530,0,0,0,0,0
2020-02-12,Sonoma,097,501317,0,0,0,0,0
2020-02-12,Stanislaus,099,539301,1,0,1,1,0
2020-02-12,Sutter,101,95872,0,0,0,0,0
2020-02-12,Tehama,103,63373,0,0,0,0,0
2020-02-12,Trinity,105,12862,0,0,0,0,0
2020-02-12,Tulare,107,460477,2,0,0,0,0
2020-02-12,Tuolumne,109,53932,0,0,0,0,0
2020-02-12,Ventura,111,848112,2,0,0,0,0
2020-02-12,Yolo,113,214977,0,0,0,0,0
2020-02-12,Yuba,115,75493,0,0,0,0,0
2020-02-11,Alameda,001,1643700,4,0,0,0,0
2020-02-11,Alpine,003,1148,0,0,0,0,0
2020-02-11,Amador,005,37829,0,0,0,0,0
2020-02-11,Butte,007,227075,0,0,0,0,0
2020-02-11,Calaveras,009,45235,0,0,0,0,0
2020-02-11,Colusa,011,21464,0,0,0,0,0
2020-02-11,Contra Costa,013,1133247,3,0,0,0,0
2020-02-11,Del Norte,015,27424,0,0,0,0,0
2020-02-11,El Dorado,017,186661,0,0,0,0,0
2020-02-11,Fresno,019,978130,0,0,0,0,0
2020-02-11,Glenn,021,27897,0,0,0,0,0
2020-02-11,Humboldt,023,135768,1,0,0,0,0
2020-02-11,Imperial,025,180216,0,0,0,0,0
2020-02-11,Inyo,027,18085,0,0,0,0,0
2020-02-11,Kern,029,883053,2,0,0,0,0
2020-02-11,Kings,031,150075,1,0,0,0,0
2020-02-11,Lake,033,64148,0,0,0,0,0
2020-02-11,Lassen,035,31185,0,0,0,0,0
2020-02-11,Los Angeles,037,10098052,29,1,3,4,0
2020-02-11,Madera,039,155013,0,0,0,0,0
2020-02-11,Marin,041,260295,0,0,0,0,0
2020-02-11,Mariposa,043,17540,0,0,0,0,0
2020-02-11,Mendocino,045,87422,0,0,0,0,0
2020-02-11,Merced,047,269075,0,0,0,0,0
2020-02-11,Modoc,049,8938,0,0,0,0,0
2020-02-11,Mono,051,14174,0,0,0,0,0
2020-02-11,Monterey,053,433212,1,0,0,0,0
2020-02-11,Napa,055,140530,0,0,0,0,0
2020-02-11,Nevada,057,99092,0,0,0,0,0
2020-02-11,Orange,059,3164182,35,1,0,1,0
2020-02-11,Placer,061,380077,0,0,0,0,0
2020-02-11,Plumas,063,18699,0,0,0,0,0
2020-02-11,Riverside,065,2383286,4,0,0,0,0
2020-02-11,Sacramento,067,1510023,1,0,0,0,0
2020-02-11,San Benito,069,59416,0,2,0,2,0
2020-02-11,San Bernardino,071,2135413,8,0,0,0,0
2020-02-11,San Diego,073,3302833,2,1,0,1,0
2020-02-11,San Francisco,075,870044,2,0,0,0,0
2020-02-11,San Joaquin,077,732212,0,0,1,1,0
2020-02-11,San Luis Obispo,079,281455,0,0,0,0,0
2020-02-11,San Mateo,081,765935,2,0,0,0,0
2020-02-11,Santa Barbara,083,443738,0,0,0,0,0
2020-02-11,Santa Clara,085,1922200,5,2,0,2,0
2020-02-11,Santa Cruz,087,273765,0,0,0,0,0
2020-02-11,Shasta,089,179085,0,0,0,0,0
2020-02-11,Sierra,091,2930,0,0,0,0,0
2020-02-11,Siskiyou,093,43540,0,0,0,0,0
2020-02-11,Solano,095,438530,0,0,0,0,0
2020-02-11,Sonoma,097,501317,0,0,0,0,0
2020-02-11,Stanislaus,099,539301,1,0,1,1,0
2020-02-11,Sutter,101,95872,0,0,0,0,0
2020-02-11,Tehama,103,63373,0,0,0,0,0
2020-02-11,Trinity,105,12862,0,0,0,0,0
2020-02-11,Tulare,107,460477,2,0,0,0,0
2020-02-11,Tuolumne,109,53932,0,0,0,0,0
2020-02-11,Ventura,111,848112,2,0,0,0,0
2020-02-11,Yolo,113,214977,0,0,0,0,0
2020-02-11,Yuba,115,75493,0,0,0,0,0
2020-02-10,Alameda,001,1643700,4,0,0,0,0
2020-02-10,Alpine,003,1148,0,0,0,0,0
2020-02-10,Amador,005,37829,0,0,0,0,0
2020-02-10,Butte,007,227075,0,0,0,0,0
2020-02-10,Calaveras,009,45235,0,0,0,0,0
2020-02-10,Colusa,011,21464,0,0,0,0,0
2020-02-10,Contra Costa,013,1133247,3,0,0,0,0
2020-02-10,Del Norte,015,27424,0,0,0,0,0
2020-02-10,El Dorado,017,186661,0,0,0,0,0
2020-02-10,Fresno,019,978130,0,0,0,0,0
2020-02-10,Glenn,021,27897,0,0,0,0,0
2020-02-10,Humboldt,023,135768,0,0,0,0,0
2020-02-10,Imperial,025,180216,0,0,0,0,0
2020-02-10,Inyo,027,18085,0,0,0,0,0
2020-02-10,Kern,029,883053,2,0,0,0,0
2020-02-10,Kings,031,150075,1,0,0,0,0
2020-02-10,Lake,033,64148,0,0,0,0,0
2020-02-10,Lassen,035,31185,0,0,0,0,0
2020-02-10,Los Angeles,037,10098052,27,1,3,4,0
2020-02-10,Madera,039,155013,0,0,0,0,0
2020-02-10,Marin,041,260295,0,0,0,0,0
2020-02-10,Mariposa,043,17540,0,0,0,0,0
2020-02-10,Mendocino,045,87422,0,0,0,0,0
2020-02-10,Merced,047,269075,0,0,0,0,0
2020-02-10,Modoc,049,8938,0,0,0,0,0
2020-02-10,Mono,051,14174,0,0,0,0,0
2020-02-10,Monterey,053,433212,1,0,0,0,0
2020-02-10,Napa,055,140530,0,0,0,0,0
2020-02-10,Nevada,057,99092,0,0,0,0,0
2020-02-10,Orange,059,3164182,35,1,0,1,0
2020-02-10,Placer,061,380077,0,0,0,0,0
2020-02-10,Plumas,063,18699,0,0,0,0,0
2020-02-10,Riverside,065,2383286,4,0,0,0,0
2020-02-10,Sacramento,067,1510023,1,0,0,0,0
2020-02-10,San Benito,069,59416,0,2,0,2,0
2020-02-10,San Bernardino,071,2135413,7,0,0,0,0
2020-02-10,San Diego,073,3302833,2,0,0,0,0
2020-02-10,San Francisco,075,870044,2,0,0,0,0
2020-02-10,San Joaquin,077,732212,0,0,1,1,0
2020-02-10,San Luis Obispo,079,281455,0,0,0,0,0
2020-02-10,San Mateo,081,765935,2,0,0,0,0
2020-02-10,Santa Barbara,083,443738,0,0,0,0,0
2020-02-10,Santa Clara,085,1922200,5,2,0,2,0
2020-02-10,Santa Cruz,087,273765,0,0,0,0,0
2020-02-10,Shasta,089,179085,0,0,0,0,0
2020-02-10,Sierra,091,2930,0,0,0,0,0
2020-02-10,Siskiyou,093,43540,0,0,0,0,0
2020-02-10,Solano,095,438530,0,0,0,0,0
2020-02-10,Sonoma,097,501317,0,0,0,0,0
2020-02-10,Stanislaus,099,539301,1,0,0,0,0
2020-02-10,Sutter,101,95872,0,0,0,0,0
2020-02-10,Tehama,103,63373,0,0,0,0,0
2020-02-10,Trinity,105,12862,0,0,0,0,0
2020-02-10,Tulare,107,460477,2,0,0,0,0
2020-02-10,Tuolumne,109,53932,0,0,0,0,0
2020-02-10,Ventura,111,848112,2,0,0,0,0
2020-02-10,Yolo,113,214977,0,0,0,0,0
2020-02-10,Yuba,115,75493,0,0,0,0,0
2020-02-09,Alameda,001,1643700,4,0,0,0,0
2020-02-09,Alpine,003,1148,0,0,0,0,0
2020-02-09,Amador,005,37829,0,0,0,0,0
2020-02-09,Butte,007,227075,0,0,0,0,0
2020-02-09,Calaveras,009,45235,0,0,0,0,0
2020-02-09,Colusa,011,21464,0,0,0,0,0
2020-02-09,Contra Costa,013,1133247,3,0,0,0,0
2020-02-09,Del Norte,015,27424,0,0,0,0,0
2020-02-09,El Dorado,017,186661,0,0,0,0,0
2020-02-09,Fresno,019,978130,0,0,0,0,0
2020-02-09,Glenn,021,27897,0,0,0,0,0
2020-02-09,Humboldt,023,135768,0,0,0,0,0
2020-02-09,Imperial,025,180216,0,0,0,0,0
2020-02-09,Inyo,027,18085,0,0,0,0,0
2020-02-09,Kern,029,883053,2,0,0,0,0
2020-02-09,Kings,031,150075,1,0,0,0,0
2020-02-09,Lake,033,64148,0,0,0,0,0
2020-02-09,Lassen,035,31185,0,0,0,0,0
2020-02-09,Los Angeles,037,10098052,26,1,3,4,0
2020-02-09,Madera,039,155013,0,0,0,0,0
2020-02-09,Marin,041,260295,0,0,0,0,0
2020-02-09,Mariposa,043,17540,0,0,0,0,0
2020-02-09,Mendocino,045,87422,0,0,0,0,0
2020-02-09,Merced,047,269075,0,0,0,0,0
2020-02-09,Modoc,049,8938,0,0,0,0,0
2020-02-09,Mono,051,14174,0,0,0,0,0
2020-02-09,Monterey,053,433212,1,0,0,0,0
2020-02-09,Napa,055,140530,0,0,0,0,0
2020-02-09,Nevada,057,99092,0,0,0,0,0
2020-02-09,Orange,059,3164182,35,1,0,1,0
2020-02-09,Placer,061,380077,0,0,0,0,0
2020-02-09,Plumas,063,18699,0,0,0,0,0
2020-02-09,Riverside,065,2383286,4,0,0,0,0
2020-02-09,Sacramento,067,1510023,0,0,0,0,0
2020-02-09,San Benito,069,59416,0,2,0,2,0
2020-02-09,San Bernardino,071,2135413,7,0,0,0,0
2020-02-09,San Diego,073,3302833,2,0,0,0,0
2020-02-09,San Francisco,075,870044,1,0,0,0,0
2020-02-09,San Joaquin,077,732212,0,0,1,1,0
2020-02-09,San Luis Obispo,079,281455,0,0,0,0,0
2020-02-09,San Mateo,081,765935,2,0,0,0,0
2020-02-09,Santa Barbara,083,443738,0,0,0,0,0
2020-02-09,Santa Clara,085,1922200,4,2,0,2,0
2020-02-09,Santa Cruz,087,273765,0,0,0,0,0
2020-02-09,Shasta,089,179085,0,0,0,0,0
2020-02-09,Sierra,091,2930,0,0,0,0,0
2020-02-09,Siskiyou,093,43540,0,0,0,0,0
2020-02-09,Solano,095,438530,0,0,0,0,0
2020-02-09,Sonoma,097,501317,0,0,0,0,0
2020-02-09,Stanislaus,099,539301,0,0,0,0,0
2020-02-09,Sutter,101,95872,0,0,0,0,0
2020-02-09,Tehama,103,63373,0,0,0,0,0
2020-02-09,Trinity,105,12862,0,0,0,0,0
2020-02-09,Tulare,107,460477,2,0,0,0,0
2020-02-09,Tuolumne,109,53932,0,0,0,0,0
2020-02-09,Ventura,111,848112,1,0,0,0,0
2020-02-09,Yolo,113,214977,0,0,0,0,0
2020-02-09,Yuba,115,75493,0,0,0,0,0
2020-02-08,Alameda,001,1643700,3,0,0,0,0
2020-02-08,Alpine,003,1148,0,0,0,0,0
2020-02-08,Amador,005,37829,0,0,0,0,0
2020-02-08,Butte,007,227075,0,0,0,0,0
2020-02-08,Calaveras,009,45235,0,0,0,0,0
2020-02-08,Colusa,011,21464,0,0,0,0,0
2020-02-08,Contra Costa,013,1133247,2,0,0,0,0
2020-02-08,Del Norte,015,27424,0,0,0,0,0
2020-02-08,El Dorado,017,186661,0,0,0,0,0
2020-02-08,Fresno,019,978130,0,0,0,0,0
2020-02-08,Glenn,021,27897,0,0,0,0,0
2020-02-08,Humboldt,023,135768,0,0,0,0,0
2020-02-08,Imperial,025,180216,0,0,0,0,0
2020-02-08,Inyo,027,18085,0,0,0,0,0
2020-02-08,Kern,029,883053,2,0,0,0,0
2020-02-08,Kings,031,150075,1,0,0,0,0
2020-02-08,Lake,033,64148,0,0,0,0,0
2020-02-08,Lassen,035,31185,0,0,0,0,0
2020-02-08,Los Angeles,037,10098052,23,1,1,2,0
2020-02-08,Madera,039,155013,0,0,0,0,0
2020-02-08,Marin,041,260295,0,0,0,0,0
2020-02-08,Mariposa,043,17540,0,0,0,0,0
2020-02-08,Mendocino,045,87422,0,0,0,0,0
2020-02-08,Merced,047,269075,0,0,0,0,0
2020-02-08,Modoc,049,8938,0,0,0,0,0
2020-02-08,Mono,051,14174,0,0,0,0,0
2020-02-08,Monterey,053,433212,1,0,0,0,0
2020-02-08,Napa,055,140530,0,0,0,0,0
2020-02-08,Nevada,057,99092,0,0,0,0,0
2020-02-08,Orange,059,3164182,35,1,0,1,0
2020-02-08,Placer,061,380077,0,0,0,0,0
2020-02-08,Plumas,063,18699,0,0,0,0,0
2020-02-08,Riverside,065,2383286,4,0,0,0,0
2020-02-08,Sacramento,067,1510023,0,0,0,0,0
2020-02-08,San Benito,069,59416,0,2,0,2,0
2020-02-08,San Bernardino,071,2135413,7,0,0,0,0
2020-02-08,San Diego,073,3302833,1,0,0,0,0
2020-02-08,San Francisco,075,870044,1,0,0,0,0
2020-02-08,San Joaquin,077,732212,0,0,1,1,0
2020-02-08,San Luis Obispo,079,281455,0,0,0,0,0
2020-02-08,San Mateo,081,765935,2,0,0,0,0
2020-02-08,Santa Barbara,083,443738,0,0,0,0,0
2020-02-08,Santa Clara,085,1922200,4,2,0,2,0
2020-02-08,Santa Cruz,087,273765,0,0,0,0,0
2020-02-08,Shasta,089,179085,0,0,0,0,0
2020-02-08,Sierra,091,2930,0,0,0,0,0
2020-02-08,Siskiyou,093,43540,0,0,0,0,0
2020-02-08,Solano,095,438530,0,0,0,0,0
2020-02-08,Sonoma,097,501317,0,0,0,0,0
2020-02-08,Stanislaus,099,539301,0,0,0,0,0
2020-02-08,Sutter,101,95872,0,0,0,0,0
2020-02-08,Tehama,103,63373,0,0,0,0,0
2020-02-08,Trinity,105,12862,0,0,0,0,0
2020-02-08,Tulare,107,460477,2,0,0,0,0
2020-02-08,Tuolumne,109,53932,0,0,0,0,0
2020-02-08,Ventura,111,848112,1,0,0,0,0
2020-02-08,Yolo,113,214977,0,0,0,0,0
2020-02-08,Yuba,115,75493,0,0,0,0,0
2020-02-07,Alameda,001,1643700,3,0,0,0,0
2020-02-07,Alpine,003,1148,0,0,0,0,0
2020-02-07,Amador,005,37829,0,0,0,0,0
2020-02-07,Butte,007,227075,0,0,0,0,0
2020-02-07,Calaveras,009,45235,0,0,0,0,0
2020-02-07,Colusa,011,21464,0,0,0,0,0
2020-02-07,Contra Costa,013,1133247,2,0,0,0,0
2020-02-07,Del Norte,015,27424,0,0,0,0,0
2020-02-07,El Dorado,017,186661,0,0,0,0,0
2020-02-07,Fresno,019,978130,0,0,0,0,0
2020-02-07,Glenn,021,27897,0,0,0,0,0
2020-02-07,Humboldt,023,135768,0,0,0,0,0
2020-02-07,Imperial,025,180216,0,0,0,0,0
2020-02-07,Inyo,027,18085,0,0,0,0,0
2020-02-07,Kern,029,883053,2,0,0,0,0
2020-02-07,Kings,031,150075,1,0,0,0,0
2020-02-07,Lake,033,64148,0,0,0,0,0
2020-02-07,Lassen,035,31185,0,0,0,0,0
2020-02-07,Los Angeles,037,10098052,22,1,0,1,0
2020-02-07,Madera,039,155013,0,0,0,0,0
2020-02-07,Marin,041,260295,0,0,0,0,0
2020-02-07,Mariposa,043,17540,0,0,0,0,0
2020-02-07,Mendocino,045,87422,0,0,0,0,0
2020-02-07,Merced,047,269075,0,0,0,0,0
2020-02-07,Modoc,049,8938,0,0,0,0,0
2020-02-07,Mono,051,14174,0,0,0,0,0
2020-02-07,Monterey,053,433212,1,0,0,0,0
2020-02-07,Napa,055,140530,0,0,0,0,0
2020-02-07,Nevada,057,99092,0,0,0,0,0
2020-02-07,Orange,059,3164182,33,1,0,1,0
2020-02-07,Placer,061,380077,0,0,0,0,0
2020-02-07,Plumas,063,18699,0,0,0,0,0
2020-02-07,Riverside,065,2383286,4,0,0,0,0
2020-02-07,Sacramento,067,1510023,0,0,0,0,0
2020-02-07,San Benito,069,59416,0,2,0,2,0
2020-02-07,San Bernardino,071,2135413,4,0,0,0,0
2020-02-07,San Diego,073,3302833,1,0,0,0,0
2020-02-07,San Francisco,075,870044,1,0,0,0,0
2020-02-07,San Joaquin,077,732212,0,0,1,1,0
2020-02-07,San Luis Obispo,079,281455,0,0,0,0,0
2020-02-07,San Mateo,081,765935,1,0,0,0,0
2020-02-07,Santa Barbara,083,443738,0,0,0,0,0
2020-02-07,Santa Clara,085,1922200,4,2,0,2,0
2020-02-07,Santa Cruz,087,273765,0,0,0,0,0
2020-02-07,Shasta,089,179085,0,0,0,0,0
2020-02-07,Sierra,091,2930,0,0,0,0,0
2020-02-07,Siskiyou,093,43540,0,0,0,0,0
2020-02-07,Solano,095,438530,0,0,0,0,0
2020-02-07,Sonoma,097,501317,0,0,0,0,0
2020-02-07,Stanislaus,099,539301,0,0,0,0,0
2020-02-07,Sutter,101,95872,0,0,0,0,0
2020-02-07,Tehama,103,63373,0,0,0,0,0
2020-02-07,Trinity,105,12862,0,0,0,0,0
2020-02-07,Tulare,107,460477,2,0,0,0,0
2020-02-07,Tuolumne,109,53932,0,0,0,0,0
2020-02-07,Ventura,111,848112,1,0,0,0,0
2020-02-07,Yolo,113,214977,0,0,0,0,0
2020-02-07,Yuba,115,75493,0,0,0,0,0
2020-02-06,Alameda,001,1643700,3,0,0,0,0
2020-02-06,Alpine,003,1148,0,0,0,0,0
2020-02-06,Amador,005,37829,0,0,0,0,0
2020-02-06,Butte,007,227075,0,0,0,0,0
2020-02-06,Calaveras,009,45235,0,0,0,0,0
2020-02-06,Colusa,011,21464,0,0,0,0,0
2020-02-06,Contra Costa,013,1133247,2,0,0,0,0
2020-02-06,Del Norte,015,27424,0,0,0,0,0
2020-02-06,El Dorado,017,186661,0,0,0,0,0
2020-02-06,Fresno,019,978130,0,0,0,0,0
2020-02-06,Glenn,021,27897,0,0,0,0,0
2020-02-06,Humboldt,023,135768,0,0,0,0,0
2020-02-06,Imperial,025,180216,0,0,0,0,0
2020-02-06,Inyo,027,18085,0,0,0,0,0
2020-02-06,Kern,029,883053,2,0,0,0,0
2020-02-06,Kings,031,150075,0,0,0,0,0
2020-02-06,Lake,033,64148,0,0,0,0,0
2020-02-06,Lassen,035,31185,0,0,0,0,0
2020-02-06,Los Angeles,037,10098052,21,1,0,1,0
2020-02-06,Madera,039,155013,0,0,0,0,0
2020-02-06,Marin,041,260295,0,0,0,0,0
2020-02-06,Mariposa,043,17540,0,0,0,0,0
2020-02-06,Mendocino,045,87422,0,0,0,0,0
2020-02-06,Merced,047,269075,0,0,0,0,0
2020-02-06,Modoc,049,8938,0,0,0,0,0
2020-02-06,Mono,051,14174,0,0,0,0,0
2020-02-06,Monterey,053,433212,1,0,0,0,0
2020-02-06,Napa,055,140530,0,0,0,0,0
2020-02-06,Nevada,057,99092,0,0,0,0,0
2020-02-06,Orange,059,3164182,3,1,0,1,0
2020-02-06,Placer,061,380077,0,0,0,0,0
2020-02-06,Plumas,063,18699,0,0,0,0,0
2020-02-06,Riverside,065,2383286,4,0,0,0,0
2020-02-06,Sacramento,067,1510023,0,0,0,0,0
2020-02-06,San Benito,069,59416,0,2,0,2,0
2020-02-06,San Bernardino,071,2135413,4,0,0,0,0
2020-02-06,San Diego,073,3302833,1,0,0,0,0
2020-02-06,San Francisco,075,870044,1,0,0,0,0
2020-02-06,San Joaquin,077,732212,0,0,1,1,0
2020-02-06,San Luis Obispo,079,281455,0,0,0,0,0
2020-02-06,San Mateo,081,765935,1,0,0,0,0
2020-02-06,Santa Barbara,083,443738,0,0,0,0,0
2020-02-06,Santa Clara,085,1922200,4,2,0,2,0
2020-02-06,Santa Cruz,087,273765,0,0,0,0,0
2020-02-06,Shasta,089,179085,0,0,0,0,0
2020-02-06,Sierra,091,2930,0,0,0,0,0
2020-02-06,Siskiyou,093,43540,0,0,0,0,0
2020-02-06,Solano,095,438530,0,0,0,0,0
2020-02-06,Sonoma,097,501317,0,0,0,0,0
2020-02-06,Stanislaus,099,539301,0,0,0,0,0
2020-02-06,Sutter,101,95872,0,0,0,0,0
2020-02-06,Tehama,103,63373,0,0,0,0,0
2020-02-06,Trinity,105,12862,0,0,0,0,0
2020-02-06,Tulare,107,460477,2,0,0,0,0
2020-02-06,Tuolumne,109,53932,0,0,0,0,0
2020-02-06,Ventura,111,848112,1,0,0,0,0
2020-02-06,Yolo,113,214977,0,0,0,0,0
2020-02-06,Yuba,115,75493,0,0,0,0,0
2020-02-05,Alameda,001,1643700,3,0,0,0,0
2020-02-05,Alpine,003,1148,0,0,0,0,0
2020-02-05,Amador,005,37829,0,0,0,0,0
2020-02-05,Butte,007,227075,0,0,0,0,0
2020-02-05,Calaveras,009,45235,0,0,0,0,0
2020-02-05,Colusa,011,21464,0,0,0,0,0
2020-02-05,Contra Costa,013,1133247,2,0,0,0,0
2020-02-05,Del Norte,015,27424,0,0,0,0,0
2020-02-05,El Dorado,017,186661,0,0,0,0,0
2020-02-05,Fresno,019,978130,0,0,0,0,0
2020-02-05,Glenn,021,27897,0,0,0,0,0
2020-02-05,Humboldt,023,135768,0,0,0,0,0
2020-02-05,Imperial,025,180216,0,0,0,0,0
2020-02-05,Inyo,027,18085,0,0,0,0,0
2020-02-05,Kern,029,883053,1,0,0,0,0
2020-02-05,Kings,031,150075,0,0,0,0,0
2020-02-05,Lake,033,64148,0,0,0,0,0
2020-02-05,Lassen,035,31185,0,0,0,0,0
2020-02-05,Los Angeles,037,10098052,21,1,0,1,0
2020-02-05,Madera,039,155013,0,0,0,0,0
2020-02-05,Marin,041,260295,0,0,0,0,0
2020-02-05,Mariposa,043,17540,0,0,0,0,0
2020-02-05,Mendocino,045,87422,0,0,0,0,0
2020-02-05,Merced,047,269075,0,0,0,0,0
2020-02-05,Modoc,049,8938,0,0,0,0,0
2020-02-05,Mono,051,14174,0,0,0,0,0
2020-02-05,Monterey,053,433212,1,0,0,0,0
2020-02-05,Napa,055,140530,0,0,0,0,0
2020-02-05,Nevada,057,99092,0,0,0,0,0
2020-02-05,Orange,059,3164182,1,1,0,1,0
2020-02-05,Placer,061,380077,0,0,0,0,0
2020-02-05,Plumas,063,18699,0,0,0,0,0
2020-02-05,Riverside,065,2383286,4,0,0,0,0
2020-02-05,Sacramento,067,1510023,0,0,0,0,0
2020-02-05,San Benito,069,59416,0,2,0,2,0
2020-02-05,San Bernardino,071,2135413,4,0,0,0,0
2020-02-05,San Diego,073,3302833,0,0,0,0,0
2020-02-05,San Francisco,075,870044,1,0,0,0,0
2020-02-05,San Joaquin,077,732212,0,0,1,1,0
2020-02-05,San Luis Obispo,079,281455,0,0,0,0,0
2020-02-05,San Mateo,081,765935,1,0,0,0,0
2020-02-05,Santa Barbara,083,443738,0,0,0,0,0
2020-02-05,Santa Clara,085,1922200,2,2,0,2,0
2020-02-05,Santa Cruz,087,273765,0,0,0,0,0
2020-02-05,Shasta,089,179085,0,0,0,0,0
2020-02-05,Sierra,091,2930,0,0,0,0,0
2020-02-05,Siskiyou,093,43540,0,0,0,0,0
2020-02-05,Solano,095,438530,0,0,0,0,0
2020-02-05,Sonoma,097,501317,0,0,0,0,0
2020-02-05,Stanislaus,099,539301,0,0,0,0,0
2020-02-05,Sutter,101,95872,0,0,0,0,0
2020-02-05,Tehama,103,63373,0,0,0,0,0
2020-02-05,Trinity,105,12862,0,0,0,0,0
2020-02-05,Tulare,107,460477,2,0,0,0,0
2020-02-05,Tuolumne,109,53932,0,0,0,0,0
2020-02-05,Ventura,111,848112,0,0,0,0,0
2020-02-05,Yolo,113,214977,0,0,0,0,0
2020-02-05,Yuba,115,75493,0,0,0,0,0
2020-02-04,Alameda,001,1643700,3,0,0,0,0
2020-02-04,Alpine,003,1148,0,0,0,0,0
2020-02-04,Amador,005,37829,0,0,0,0,0
2020-02-04,Butte,007,227075,0,0,0,0,0
2020-02-04,Calaveras,009,45235,0,0,0,0,0
2020-02-04,Colusa,011,21464,0,0,0,0,0
2020-02-04,Contra Costa,013,1133247,2,0,0,0,0
2020-02-04,Del Norte,015,27424,0,0,0,0,0
2020-02-04,El Dorado,017,186661,0,0,0,0,0
2020-02-04,Fresno,019,978130,0,0,0,0,0
2020-02-04,Glenn,021,27897,0,0,0,0,0
2020-02-04,Humboldt,023,135768,0,0,0,0,0
2020-02-04,Imperial,025,180216,0,0,0,0,0
2020-02-04,Inyo,027,18085,0,0,0,0,0
2020-02-04,Kern,029,883053,0,0,0,0,0
2020-02-04,Kings,031,150075,0,0,0,0,0
2020-02-04,Lake,033,64148,0,0,0,0,0
2020-02-04,Lassen,035,31185,0,0,0,0,0
2020-02-04,Los Angeles,037,10098052,21,1,0,1,0
2020-02-04,Madera,039,155013,0,0,0,0,0
2020-02-04,Marin,041,260295,0,0,0,0,0
2020-02-04,Mariposa,043,17540,0,0,0,0,0
2020-02-04,Mendocino,045,87422,0,0,0,0,0
2020-02-04,Merced,047,269075,0,0,0,0,0
2020-02-04,Modoc,049,8938,0,0,0,0,0
2020-02-04,Mono,051,14174,0,0,0,0,0
2020-02-04,Monterey,053,433212,1,0,0,0,0
2020-02-04,Napa,055,140530,0,0,0,0,0
2020-02-04,Nevada,057,99092,0,0,0,0,0
2020-02-04,Orange,059,3164182,1,1,0,1,0
2020-02-04,Placer,061,380077,0,0,0,0,0
2020-02-04,Plumas,063,18699,0,0,0,0,0
2020-02-04,Riverside,065,2383286,4,0,0,0,0
2020-02-04,Sacramento,067,1510023,0,0,0,0,0
2020-02-04,San Benito,069,59416,0,2,0,2,0
2020-02-04,San Bernardino,071,2135413,3,0,0,0,0
2020-02-04,San Diego,073,3302833,0,0,0,0,0
2020-02-04,San Francisco,075,870044,1,0,0,0,0
2020-02-04,San Joaquin,077,732212,0,0,1,1,0
2020-02-04,San Luis Obispo,079,281455,0,0,0,0,0
2020-02-04,San Mateo,081,765935,0,0,0,0,0
2020-02-04,Santa Barbara,083,443738,0,0,0,0,0
2020-02-04,Santa Clara,085,1922200,2,2,0,2,0
2020-02-04,Santa Cruz,087,273765,0,0,0,0,0
2020-02-04,Shasta,089,179085,0,0,0,0,0
2020-02-04,Sierra,091,2930,0,0,0,0,0
2020-02-04,Siskiyou,093,43540,0,0,0,0,0
2020-02-04,Solano,095,438530,0,0,0,0,0
2020-02-04,Sonoma,097,501317,0,0,0,0,0
2020-02-04,Stanislaus,099,539301,0,0,0,0,0
2020-02-04,Sutter,101,95872,0,0,0,0,0
2020-02-04,Tehama,103,63373,0,0,0,0,0
2020-02-04,Trinity,105,12862,0,0,0,0,0
2020-02-04,Tulare,107,460477,2,0,0,0,0
2020-02-04,Tuolumne,109,53932,0,0,0,0,0
2020-02-04,Ventura,111,848112,0,0,0,0,0
2020-02-04,Yolo,113,214977,0,0,0,0,0
2020-02-04,Yuba,115,75493,0,0,0,0,0
2020-02-03,Alameda,001,1643700,3,0,0,0,0
2020-02-03,Alpine,003,1148,0,0,0,0,0
2020-02-03,Amador,005,37829,0,0,0,0,0
2020-02-03,Butte,007,227075,0,0,0,0,0
2020-02-03,Calaveras,009,45235,0,0,0,0,0
2020-02-03,Colusa,011,21464,0,0,0,0,0
2020-02-03,Contra Costa,013,1133247,2,0,0,0,0
2020-02-03,Del Norte,015,27424,0,0,0,0,0
2020-02-03,El Dorado,017,186661,0,0,0,0,0
2020-02-03,Fresno,019,978130,0,0,0,0,0
2020-02-03,Glenn,021,27897,0,0,0,0,0
2020-02-03,Humboldt,023,135768,0,0,0,0,0
2020-02-03,Imperial,025,180216,0,0,0,0,0
2020-02-03,Inyo,027,18085,0,0,0,0,0
2020-02-03,Kern,029,883053,0,0,0,0,0
2020-02-03,Kings,031,150075,0,0,0,0,0
2020-02-03,Lake,033,64148,0,0,0,0,0
2020-02-03,Lassen,035,31185,0,0,0,0,0
2020-02-03,Los Angeles,037,10098052,21,1,0,1,0
2020-02-03,Madera,039,155013,0,0,0,0,0
2020-02-03,Marin,041,260295,0,0,0,0,0
2020-02-03,Mariposa,043,17540,0,0,0,0,0
2020-02-03,Mendocino,045,87422,0,0,0,0,0
2020-02-03,Merced,047,269075,0,0,0,0,0
2020-02-03,Modoc,049,8938,0,0,0,0,0
2020-02-03,Mono,051,14174,0,0,0,0,0
2020-02-03,Monterey,053,433212,1,0,0,0,0
2020-02-03,Napa,055,140530,0,0,0,0,0
2020-02-03,Nevada,057,99092,0,0,0,0,0
2020-02-03,Orange,059,3164182,1,1,0,1,0
2020-02-03,Placer,061,380077,0,0,0,0,0
2020-02-03,Plumas,063,18699,0,0,0,0,0
2020-02-03,Riverside,065,2383286,4,0,0,0,0
2020-02-03,Sacramento,067,1510023,0,0,0,0,0
2020-02-03,San Benito,069,59416,0,2,0,2,0
2020-02-03,San Bernardino,071,2135413,3,0,0,0,0
2020-02-03,San Diego,073,3302833,0,0,0,0,0
2020-02-03,San Francisco,075,870044,1,0,0,0,0
2020-02-03,San Joaquin,077,732212,0,0,1,1,0
2020-02-03,San Luis Obispo,079,281455,0,0,0,0,0
2020-02-03,San Mateo,081,765935,0,0,0,0,0
2020-02-03,Santa Barbara,083,443738,0,0,0,0,0
2020-02-03,Santa Clara,085,1922200,2,2,0,2,0
2020-02-03,Santa Cruz,087,273765,0,0,0,0,0
2020-02-03,Shasta,089,179085,0,0,0,0,0
2020-02-03,Sierra,091,2930,0,0,0,0,0
2020-02-03,Siskiyou,093,43540,0,0,0,0,0
2020-02-03,Solano,095,438530,0,0,0,0,0
2020-02-03,Sonoma,097,501317,0,0,0,0,0
2020-02-03,Stanislaus,099,539301,0,0,0,0,0
2020-02-03,Sutter,101,95872,0,0,0,0,0
2020-02-03,Tehama,103,63373,0,0,0,0,0
2020-02-03,Trinity,105,12862,0,0,0,0,0
2020-02-03,Tulare,107,460477,2,0,0,0,0
2020-02-03,Tuolumne,109,53932,0,0,0,0,0
2020-02-03,Ventura,111,848112,0,0,0,0,0
2020-02-03,Yolo,113,214977,0,0,0,0,0
2020-02-03,Yuba,115,75493,0,0,0,0,0
2020-02-02,Alameda,001,1643700,3,0,0,0,0
2020-02-02,Alpine,003,1148,0,0,0,0,0
2020-02-02,Amador,005,37829,0,0,0,0,0
2020-02-02,Butte,007,227075,0,0,0,0,0
2020-02-02,Calaveras,009,45235,0,0,0,0,0
2020-02-02,Colusa,011,21464,0,0,0,0,0
2020-02-02,Contra Costa,013,1133247,1,0,0,0,0
2020-02-02,Del Norte,015,27424,0,0,0,0,0
2020-02-02,El Dorado,017,186661,0,0,0,0,0
2020-02-02,Fresno,019,978130,0,0,0,0,0
2020-02-02,Glenn,021,27897,0,0,0,0,0
2020-02-02,Humboldt,023,135768,0,0,0,0,0
2020-02-02,Imperial,025,180216,0,0,0,0,0
2020-02-02,Inyo,027,18085,0,0,0,0,0
2020-02-02,Kern,029,883053,0,0,0,0,0
2020-02-02,Kings,031,150075,0,0,0,0,0
2020-02-02,Lake,033,64148,0,0,0,0,0
2020-02-02,Lassen,035,31185,0,0,0,0,0
2020-02-02,Los Angeles,037,10098052,17,1,0,1,0
2020-02-02,Madera,039,155013,0,0,0,0,0
2020-02-02,Marin,041,260295,0,0,0,0,0
2020-02-02,Mariposa,043,17540,0,0,0,0,0
2020-02-02,Mendocino,045,87422,0,0,0,0,0
2020-02-02,Merced,047,269075,0,0,0,0,0
2020-02-02,Modoc,049,8938,0,0,0,0,0
2020-02-02,Mono,051,14174,0,0,0,0,0
2020-02-02,Monterey,053,433212,1,0,0,0,0
2020-02-02,Napa,055,140530,0,0,0,0,0
2020-02-02,Nevada,057,99092,0,0,0,0,0
2020-02-02,Orange,059,3164182,1,1,0,1,0
2020-02-02,Placer,061,380077,0,0,0,0,0
2020-02-02,Plumas,063,18699,0,0,0,0,0
2020-02-02,Riverside,065,2383286,3,0,0,0,0
2020-02-02,Sacramento,067,1510023,0,0,0,0,0
2020-02-02,San Benito,069,59416,0,2,0,2,0
2020-02-02,San Bernardino,071,2135413,2,0,0,0,0
2020-02-02,San Diego,073,3302833,0,0,0,0,0
2020-02-02,San Francisco,075,870044,1,0,0,0,0
2020-02-02,San Joaquin,077,732212,0,0,1,1,0
2020-02-02,San Luis Obispo,079,281455,0,0,0,0,0
2020-02-02,San Mateo,081,765935,0,0,0,0,0
2020-02-02,Santa Barbara,083,443738,0,0,0,0,0
2020-02-02,Santa Clara,085,1922200,2,2,0,2,0
2020-02-02,Santa Cruz,087,273765,0,0,0,0,0
2020-02-02,Shasta,089,179085,0,0,0,0,0
2020-02-02,Sierra,091,2930,0,0,0,0,0
2020-02-02,Siskiyou,093,43540,0,0,0,0,0
2020-02-02,Solano,095,438530,0,0,0,0,0
2020-02-02,Sonoma,097,501317,0,0,0,0,0
2020-02-02,Stanislaus,099,539301,0,0,0,0,0
2020-02-02,Sutter,101,95872,0,0,0,0,0
2020-02-02,Tehama,103,63373,0,0,0,0,0
2020-02-02,Trinity,105,12862,0,0,0,0,0
2020-02-02,Tulare,107,460477,2,0,0,0,0
2020-02-02,Tuolumne,109,53932,0,0,0,0,0
2020-02-02,Ventura,111,848112,0,0,0,0,0
2020-02-02,Yolo,113,214977,0,0,0,0,0
2020-02-02,Yuba,115,75493,0,0,0,0,0
2020-02-01,Alameda,001,1643700,3,0,0,0,0
2020-02-01,Alpine,003,1148,0,0,0,0,0
2020-02-01,Amador,005,37829,0,0,0,0,0
2020-02-01,Butte,007,227075,0,0,0,0,0
2020-02-01,Calaveras,009,45235,0,0,0,0,0
2020-02-01,Colusa,011,21464,0,0,0,0,0
2020-02-01,Contra Costa,013,1133247,0,0,0,0,0
2020-02-01,Del Norte,015,27424,0,0,0,0,0
2020-02-01,El Dorado,017,186661,0,0,0,0,0
2020-02-01,Fresno,019,978130,0,0,0,0,0
2020-02-01,Glenn,021,27897,0,0,0,0,0
2020-02-01,Humboldt,023,135768,0,0,0,0,0
2020-02-01,Imperial,025,180216,0,0,0,0,0
2020-02-01,Inyo,027,18085,0,0,0,0,0
2020-02-01,Kern,029,883053,0,0,0,0,0
2020-02-01,Kings,031,150075,0,0,0,0,0
2020-02-01,Lake,033,64148,0,0,0,0,0
2020-02-01,Lassen,035,31185,0,0,0,0,0
2020-02-01,Los Angeles,037,10098052,13,1,0,1,0
2020-02-01,Madera,039,155013,0,0,0,0,0
2020-02-01,Marin,041,260295,0,0,0,0,0
2020-02-01,Mariposa,043,17540,0,0,0,0,0
2020-02-01,Mendocino,045,87422,0,0,0,0,0
2020-02-01,Merced,047,269075,0,0,0,0,0
2020-02-01,Modoc,049,8938,0,0,0,0,0
2020-02-01,Mono,051,14174,0,0,0,0,0
2020-02-01,Monterey,053,433212,0,0,0,0,0
2020-02-01,Napa,055,140530,0,0,0,0,0
2020-02-01,Nevada,057,99092,0,0,0,0,0
2020-02-01,Orange,059,3164182,1,1,0,1,0
2020-02-01,Placer,061,380077,0,0,0,0,0
2020-02-01,Plumas,063,18699,0,0,0,0,0
2020-02-01,Riverside,065,2383286,2,0,0,0,0
2020-02-01,Sacramento,067,1510023,0,0,0,0,0
2020-02-01,San Benito,069,59416,0,0,0,0,0
2020-02-01,San Bernardino,071,2135413,1,0,0,0,0
2020-02-01,San Diego,073,3302833,0,0,0,0,0
2020-02-01,San Francisco,075,870044,1,0,0,0,0
2020-02-01,San Joaquin,077,732212,0,0,1,1,0
2020-02-01,San Luis Obispo,079,281455,0,0,0,0,0
2020-02-01,San Mateo,081,765935,0,0,0,0,0
2020-02-01,Santa Barbara,083,443738,0,0,0,0,0
2020-02-01,Santa Clara,085,1922200,2,1,0,1,0
2020-02-01,Santa Cruz,087,273765,0,0,0,0,0
2020-02-01,Shasta,089,179085,0,0,0,0,0
2020-02-01,Sierra,091,2930,0,0,0,0,0
2020-02-01,Siskiyou,093,43540,0,0,0,0,0
2020-02-01,Solano,095,438530,0,0,0,0,0
2020-02-01,Sonoma,097,501317,0,0,0,0,0
2020-02-01,Stanislaus,099,539301,0,0,0,0,0
2020-02-01,Sutter,101,95872,0,0,0,0,0
2020-02-01,Tehama,103,63373,0,0,0,0,0
2020-02-01,Trinity,105,12862,0,0,0,0,0
2020-02-01,Tulare,107,460477,1,0,0,0,0
2020-02-01,Tuolumne,109,53932,0,0,0,0,0
2020-02-01,Ventura,111,848112,0,0,0,0,0
2020-02-01,Yolo,113,214977,0,0,0,0,0
2020-02-01,Yuba,115,75493,0,0,0,0,0
